Datetime,Ticker,Adj Close,Close,High,Low,Open,Volume
2024-03-01 09:30:00,AADI,1.9800000190734863,1.9800000190734863,1.9800000190734863,1.9800000190734863,1.9800000190734863,1155.0
2024-03-01 09:30:00,ABEO,6.920100212097168,6.920100212097168,6.920100212097168,6.920100212097168,6.920100212097168,6737.0
2024-03-01 09:30:00,ABIO,1.659999966621399,1.659999966621399,1.659999966621399,1.659999966621399,1.659999966621399,516.0
2024-03-01 09:30:00,ABOS,4.349899768829346,4.349899768829346,4.349899768829346,4.349899768829346,4.349899768829346,4522.0
2024-03-01 09:30:00,ABVC,1.2003999948501587,1.2003999948501587,1.2003999948501587,1.2003999948501587,1.2003999948501587,10803.0
2024-03-01 09:30:00,ACHC,83.9800033569336,83.9800033569336,83.9800033569336,83.9800033569336,83.9800033569336,0.0
2024-03-01 09:30:00,ACHV,4.050000190734863,4.050000190734863,4.050000190734863,4.050000190734863,4.050000190734863,2108.0
2024-03-01 09:30:00,ACIU,3.700000047683716,3.700000047683716,3.700000047683716,3.700000047683716,3.700000047683716,463.0
2024-03-01 09:30:00,ACST,3.4000000953674316,3.4000000953674316,3.4000000953674316,3.4000000953674316,3.4000000953674316,926.0
2024-03-01 09:30:00,ACXP,3.0299999713897705,3.0299999713897705,3.0299999713897705,3.0299999713897705,3.0299999713897705,1151.0
2024-03-01 09:30:00,ADPT,4.021399974822998,4.021399974822998,4.021399974822998,4.021399974822998,4.021399974822998,12330.0
2024-03-01 09:30:00,ADUS,92.61000061035156,92.61000061035156,92.61000061035156,92.61000061035156,92.61000061035156,332.0
2024-03-01 09:30:00,ADXN,9.079999923706055,9.079999923706055,9.180000305175781,9.079999923706055,9.180000305175781,2908.0
2024-03-01 09:30:00,AEMD,1.7100000381469727,1.7100000381469727,1.7100000381469727,1.7100000381469727,1.7100000381469727,755.0
2024-03-01 09:30:00,AFIB,0.20090000331401825,0.20090000331401825,0.20090000331401825,0.20090000331401825,0.20090000331401825,2055.0
2024-03-01 09:30:00,AGIO,32.3650016784668,32.3650016784668,32.3650016784668,32.3650016784668,32.3650016784668,8366.0
2024-03-01 09:30:00,AGRX,0.8100000023841858,0.8100000023841858,0.8100000023841858,0.8100000023841858,0.8100000023841858,10675.0
2024-03-01 09:30:00,AIH,0.5,0.5,0.5,0.5,0.5,2799.0
2024-03-01 09:30:00,AKAN,0.289900004863739,0.289900004863739,0.289900004863739,0.289900004863739,0.289900004863739,1043039.0
2024-03-01 09:30:00,AKLI,0.36500099301338196,0.36500099301338196,0.36500099301338196,0.36500000953674316,0.36500000953674316,60064.0
2024-03-01 09:30:00,AKRO,27.06999969482422,27.06999969482422,27.06999969482422,27.06999969482422,27.06999969482422,12208.0
2024-03-01 09:30:00,AKYA,5.795000076293945,5.795000076293945,5.795000076293945,5.795000076293945,5.795000076293945,1831.0
2024-03-01 09:30:00,ALEC,7.085000038146973,7.085000038146973,7.085000038146973,7.085000038146973,7.085000038146973,6324.0
2024-03-01 09:30:00,ALKS,29.735000610351562,29.735000610351562,29.735000610351562,29.735000610351562,29.735000610351562,20816.0
2024-03-01 09:30:00,ALLR,0.4059999883174896,0.4059999883174896,0.4059999883174896,0.4059999883174896,0.4059999883174896,1012.0
2024-03-01 09:30:00,ALNY,150.49000549316406,150.49000549316406,150.49000549316406,150.49000549316406,150.49000549316406,11334.0
2024-03-01 09:30:00,ALRN,4.789999961853027,4.789999961853027,4.789999961853027,4.789999961853027,4.789999961853027,740.0
2024-03-01 09:30:00,ALVR,0.7476000189781189,0.7476000189781189,0.7476000189781189,0.7476000189781189,0.7476000189781189,718.0
2024-03-01 09:30:00,ALXO,14.729999542236328,14.729999542236328,14.729999542236328,14.729999542236328,14.729999542236328,2970.0
2024-03-01 09:30:00,ALZN,0.9399999976158142,0.9399999976158142,0.9399999976158142,0.9399999976158142,0.9399999976158142,642.0
2024-03-01 09:30:00,AMED,92.88999938964844,92.88999938964844,92.88999938964844,92.88999938964844,92.88999938964844,3364.0
2024-03-01 09:30:00,AMPH,46.654998779296875,46.654998779296875,46.654998779296875,46.654998779296875,46.654998779296875,15697.0
2024-03-01 09:30:00,ANAB,25.530000686645508,25.530000686645508,25.530000686645508,25.530000686645508,25.530000686645508,738.0
2024-03-01 09:30:00,ANIK,24.219999313354492,24.219999313354492,24.219999313354492,24.219999313354492,24.219999313354492,1159.0
2024-03-01 09:30:00,ANIP,68.83000183105469,68.83000183105469,68.83000183105469,68.83000183105469,68.83000183105469,4113.0
2024-03-01 09:30:00,ANIX,3.509999990463257,3.509999990463257,3.509999990463257,3.509999990463257,3.509999990463257,0.0
2024-03-01 09:30:00,ANTX,3.0,3.0,3.0,3.0,3.0,0.0
2024-03-01 09:30:00,APDN,0.5806000232696533,0.5806000232696533,0.5806000232696533,0.5806000232696533,0.5806000232696533,0.0
2024-03-01 09:30:00,APLT,7.340000152587891,7.340000152587891,7.340000152587891,7.340000152587891,7.340000152587891,16190.0
2024-03-01 09:30:00,APRE,8.489999771118164,8.489999771118164,8.489999771118164,8.489999771118164,8.489999771118164,0.0
2024-03-01 09:30:00,APTO,1.8200000524520874,1.8200000524520874,1.8200000524520874,1.8200000524520874,1.8200000524520874,1288.0
2024-03-01 09:30:00,APVO,0.16899999976158142,0.16899999976158142,0.16899999976158142,0.16899999976158142,0.16899999976158142,66212.0
2024-03-01 09:30:00,ARAY,2.5799999237060547,2.5799999237060547,2.5799999237060547,2.5799999237060547,2.5799999237060547,16797.0
2024-03-01 09:30:00,ARDS,0.07699999958276749,0.07699999958276749,0.07699999958276749,0.07699999958276749,0.07699999958276749,0.0
2024-03-01 09:30:00,ARDX,9.4399995803833,9.4399995803833,9.4399995803833,9.4399995803833,9.4399995803833,51889.0
2024-03-01 09:30:00,ARVN,46.915000915527344,46.915000915527344,46.915000915527344,46.915000915527344,46.915000915527344,9328.0
2024-03-01 09:30:00,ASND,148.39999389648438,148.39999389648438,148.39999389648438,148.39999389648438,148.39999389648438,4024.0
2024-03-01 09:30:00,ATAI,1.9300999641418457,1.9300999641418457,1.9300999641418457,1.9300999641418457,1.9300999641418457,27426.0
2024-03-01 09:30:00,ATHA,3.9356000423431396,3.9356000423431396,3.9356000423431396,3.9356000423431396,3.9356000423431396,0.0
2024-03-01 09:30:00,ATNF,3.4200000762939453,3.4200000762939453,3.4200000762939453,3.4200000762939453,3.4200000762939453,2816.0
2024-03-01 09:30:00,AUGX,4.425000190734863,4.425000190734863,4.425000190734863,4.425000190734863,4.425000190734863,0.0
2024-03-01 09:30:00,AUPH,5.679900169372559,5.679900169372559,5.679900169372559,5.679900169372559,5.679900169372559,74728.0
2024-03-01 09:30:00,AURA,9.170000076293945,9.170000076293945,9.170000076293945,9.170000076293945,9.170000076293945,467.0
2024-03-01 09:30:00,AVAH,2.369999885559082,2.369999885559082,2.369999885559082,2.369999885559082,2.369999885559082,2349.0
2024-03-01 09:30:00,AVGR,3.7799999713897705,3.7799999713897705,3.7799999713897705,3.7799999713897705,3.7799999713897705,1358.0
2024-03-01 09:30:00,AVIR,4.320000171661377,4.320000171661377,4.320000171661377,4.320000171661377,4.320000171661377,4799.0
2024-03-01 09:30:00,AVTE,23.110000610351562,23.110000610351562,23.110000610351562,23.110000610351562,23.110000610351562,378.0
2024-03-01 09:30:00,AVTX,4.369999885559082,4.369999885559082,4.369999885559082,4.369999885559082,4.369999885559082,1475.0
2024-03-01 09:30:00,AXNX,67.98999786376953,67.98999786376953,67.98999786376953,67.98999786376953,67.98999786376953,29958.0
2024-03-01 09:30:00,AXSM,81.12000274658203,81.12000274658203,81.12000274658203,81.12000274658203,81.12000274658203,8739.0
2024-03-01 09:30:00,AZTA,65.45999908447266,65.45999908447266,65.45999908447266,65.45999908447266,65.45999908447266,2618.0
2024-03-01 09:30:00,BBIO,34.54600143432617,34.54600143432617,34.54600143432617,34.54600143432617,34.54600143432617,16755.0
2024-03-01 09:30:00,BCAB,2.7100000381469727,2.7100000381469727,2.7100000381469727,2.7100000381469727,2.7100000381469727,4622.0
2024-03-01 09:30:00,BCLI,0.35499998927116394,0.35499998927116394,0.35499998927116394,0.35499998927116394,0.35499998927116394,4446.0
2024-03-01 09:30:00,BCTX,3.4000000953674316,3.4000000953674316,3.4000000953674316,3.4000000953674316,3.4000000953674316,1586.0
2024-03-01 09:30:00,BCYC,25.5,25.5,25.5,25.5,25.5,5368.0
2024-03-01 09:30:00,BDTX,5.229000091552734,5.229000091552734,5.229000091552734,5.229000091552734,5.229000091552734,6211.0
2024-03-01 09:30:00,BGNE,162.10000610351562,162.10000610351562,162.10000610351562,162.10000610351562,162.10000610351562,7386.0
2024-03-01 09:30:00,BGXX,0.26899999380111694,0.26899999380111694,0.26899999380111694,0.26899999380111694,0.26899999380111694,57738.0
2024-03-01 09:30:00,BIAF,2.3399999141693115,2.3399999141693115,2.3399999141693115,2.3399999141693115,2.3399999141693115,4453.0
2024-03-01 09:30:00,BIIB,216.44000244140625,216.44000244140625,216.44000244140625,216.44000244140625,216.44000244140625,16744.0
2024-03-01 09:30:00,BIMI,3.799999952316284,3.799999952316284,3.799999952316284,3.799999952316284,3.799999952316284,2353.0
2024-03-01 09:30:00,BIOR,1.3631000518798828,1.3631000518798828,1.3631000518798828,1.3631000518798828,1.3631000518798828,23491.0
2024-03-01 09:30:00,BLCM,0.08009999990463257,0.08009999990463257,0.08009999990463257,0.08009999990463257,0.08009999990463257,0.0
2024-03-01 09:30:00,BLPH,0.051500000059604645,0.051500000059604645,0.051500000059604645,0.051500000059604645,0.051500000059604645,0.0
2024-03-01 09:30:00,BLTE,46.4900016784668,46.4900016784668,46.4900016784668,46.4900016784668,46.4900016784668,402.0
2024-03-01 09:30:00,BMEA,17.485000610351562,17.485000610351562,17.510000228881836,17.485000610351562,17.485000610351562,14002.0
2024-03-01 09:30:00,BMRA,1.2200000286102295,1.2200000286102295,1.2200000286102295,1.2200000286102295,1.2200000286102295,2340.0
2024-03-01 09:30:00,BMRN,86.38999938964844,86.38999938964844,86.38999938964844,86.38999938964844,86.38999938964844,35811.0
2024-03-01 09:30:00,BNTC,4.739999771118164,4.739999771118164,4.739999771118164,4.739999771118164,4.739999771118164,391.0
2024-03-01 09:30:00,BNTX,89.47000122070312,89.47000122070312,89.47000122070312,89.47000122070312,89.47000122070312,24984.0
2024-03-01 09:30:00,BOLT,1.1399999856948853,1.1399999856948853,1.1399999856948853,1.1399999856948853,1.1399999856948853,1011.0
2024-03-01 09:30:00,BPMC,93.7249984741211,93.7249984741211,93.7249984741211,93.7249984741211,93.7249984741211,7469.0
2024-03-01 09:30:00,BRKR,86.59500122070312,86.59500122070312,86.59500122070312,86.59500122070312,86.59500122070312,8135.0
2024-03-01 09:30:00,BSGM,0.6800000071525574,0.6800000071525574,0.6800000071525574,0.6800000071525574,0.6800000071525574,10895.0
2024-03-01 09:30:00,BTMD,5.960000038146973,5.960000038146973,5.960000038146973,5.960000038146973,5.960000038146973,450.0
2024-03-01 09:30:00,BVS,4.690000057220459,4.690000057220459,4.690000057220459,4.690000057220459,4.690000057220459,4015.0
2024-03-01 09:30:00,CABA,23.100000381469727,23.100000381469727,23.100000381469727,23.100000381469727,23.100000381469727,7338.0
2024-03-01 09:30:00,CADL,1.8711999654769897,1.8711999654769897,1.8711999654769897,1.8711999654769897,1.8711999654769897,6181.0
2024-03-01 09:30:00,CASI,5.489999771118164,5.489999771118164,5.489999771118164,5.489999771118164,5.489999771118164,1226.0
2024-03-01 09:30:00,CDMO,7.760000228881836,7.760000228881836,7.760000228881836,7.760000228881836,7.760000228881836,5974.0
2024-03-01 09:30:00,CDXC,1.690000057220459,1.690000057220459,1.690000057220459,1.690000057220459,1.690000057220459,451.0
2024-03-01 09:30:00,CELU,3.700000047683716,3.700000047683716,3.700000047683716,3.700000047683716,3.700000047683716,5814.0
2024-03-01 09:30:00,CERE,41.11000061035156,41.11000061035156,41.11000061035156,41.11000061035156,41.11000061035156,55486.0
2024-03-01 09:30:00,CERS,2.180000066757202,2.180000066757202,2.180000066757202,2.180000066757202,2.180000066757202,5530.0
2024-03-01 09:30:00,CHRS,2.299999952316284,2.299999952316284,2.299999952316284,2.299999952316284,2.299999952316284,27652.0
2024-03-01 09:30:00,CINGW,0.019999999552965164,0.019999999552965164,0.019999999552965164,0.019999999552965164,0.019999999552965164,3002.0
2024-03-01 09:30:00,CJJD,3.0,3.0,3.0,3.0,3.0,2729.0
2024-03-01 09:30:00,CLGN,5.210000038146973,5.210000038146973,5.210000038146973,5.210000038146973,5.210000038146973,0.0
2024-03-01 09:30:00,CLLS,2.630000114440918,2.630000114440918,2.630000114440918,2.630000114440918,2.630000114440918,2073.0
2024-03-01 09:30:00,CLRB,4.0,4.0,4.0,4.0,4.0,2574.0
2024-03-01 09:30:00,CMMB,0.6654999852180481,0.6654999852180481,0.6654999852180481,0.6654999852180481,0.6654999852180481,2259.0
2024-03-01 09:30:00,CMPS,10.260000228881836,10.260000228881836,10.260000228881836,10.260000228881836,10.260000228881836,10680.0
2024-03-01 09:30:00,CMRX,1.1519999504089355,1.1519999504089355,1.1519999504089355,1.1519999504089355,1.1519999504089355,14741.0
2024-03-01 09:30:00,CNTA,10.369999885559082,10.369999885559082,10.369999885559082,10.369999885559082,10.369999885559082,875.0
2024-03-01 09:30:00,CNTG,0.6299999952316284,0.6299999952316284,0.6299999952316284,0.6299999952316284,0.6299999952316284,3951.0
2024-03-01 09:30:00,CORT,23.59000015258789,23.59000015258789,23.59000015258789,23.59000015258789,23.59000015258789,12380.0
2024-03-01 09:30:00,CRBP,30.809999465942383,30.809999465942383,30.809999465942383,30.809999465942383,30.809999465942383,5694.0
2024-03-01 09:30:00,CRDL,2.1500000953674316,2.1500000953674316,2.1500000953674316,2.1500000953674316,2.1500000953674316,47819.0
2024-03-01 09:30:00,CRVS,2.2200000286102295,2.2200000286102295,2.2200000286102295,2.2200000286102295,2.2200000286102295,2065.0
2024-03-01 09:30:00,CTKB,7.829999923706055,7.829999923706055,7.829999923706055,7.829999923706055,7.829999923706055,20300.0
2024-03-01 09:30:00,CTMX,2.430999994277954,2.430999994277954,2.430999994277954,2.430999994277954,2.430999994277954,21136.0
2024-03-01 09:30:00,CUE,2.119999885559082,2.119999885559082,2.119999885559082,2.119999885559082,2.119999885559082,4574.0
2024-03-01 09:30:00,CVAC,3.4000000953674316,3.4000000953674316,3.4000000953674316,3.4000000953674316,3.4000000953674316,22344.0
2024-03-01 09:30:00,CWBR,0.880050003528595,0.880050003528595,0.880050003528595,0.880050003528595,0.880050003528595,0.0
2024-03-01 09:30:00,CYCC,2.509999990463257,2.509999990463257,2.509999990463257,2.509999990463257,2.509999990463257,1077.0
2024-03-01 09:30:00,CYT,3.109999895095825,3.109999895095825,3.109999895095825,3.109999895095825,3.109999895095825,426.0
2024-03-01 09:30:00,CYTH,1.6200000047683716,1.6200000047683716,1.6200000047683716,1.6200000047683716,1.6200000047683716,666.0
2024-03-01 09:30:00,CYTK,73.16000366210938,73.16000366210938,73.16000366210938,73.16000366210938,73.16000366210938,10106.0
2024-03-01 09:30:00,CYTO,1.8799999952316284,1.8799999952316284,1.8799999952316284,1.8799999952316284,1.8799999952316284,0.0
2024-03-01 09:30:00,DARE,0.5799999833106995,0.5799999833106995,0.5799999833106995,0.5799999833106995,0.5799999833106995,25170.0
2024-03-01 09:30:00,DAWN,16.920000076293945,16.920000076293945,16.920000076293945,16.920000076293945,16.920000076293945,3148.0
2024-03-01 09:30:00,DBVT,0.7900000214576721,0.7900000214576721,0.7900000214576721,0.7900000214576721,0.7900000214576721,4931.0
2024-03-01 09:30:00,DCPH,16.739999771118164,16.739999771118164,16.739999771118164,16.739999771118164,16.739999771118164,4415.0
2024-03-01 09:30:00,DCTH,4.159999847412109,4.159999847412109,4.159999847412109,4.159999847412109,4.159999847412109,287.0
2024-03-01 09:30:00,DERM,3.871299982070923,3.871299982070923,3.871299982070923,3.871299982070923,3.871299982070923,5313.0
2024-03-01 09:30:00,DH,9.630000114440918,9.630000114440918,9.630000114440918,9.630000114440918,9.630000114440918,10815.0
2024-03-01 09:30:00,DRIO,2.010499954223633,2.010499954223633,2.010499954223633,2.010499954223633,2.010499954223633,6520.0
2024-03-01 09:30:00,DSGN,2.7899999618530273,2.7899999618530273,2.7899999618530273,2.7899999618530273,2.7899999618530273,729.0
2024-03-01 09:30:00,DVAX,12.729999542236328,12.729999542236328,12.729999542236328,12.729999542236328,12.729999542236328,15851.0
2024-03-01 09:30:00,DYN,27.907699584960938,27.907699584960938,27.907699584960938,27.907699584960938,27.907699584960938,20733.0
2024-03-01 09:30:00,DYNT,0.4880000054836273,0.4880000054836273,0.4880000054836273,0.4880000054836273,0.4880000054836273,939.0
2024-03-01 09:30:00,EDSA,4.539999961853027,4.539999961853027,4.539999961853027,4.539999961853027,4.539999961853027,676.0
2024-03-01 09:30:00,EFTR,14.399999618530273,14.399999618530273,14.399999618530273,14.399999618530273,14.399999618530273,4504.0
2024-03-01 09:30:00,EGRX,5.889999866485596,5.889999866485596,5.889999866485596,5.889999866485596,5.889999866485596,3681.0
2024-03-01 09:30:00,EIGR,5.900000095367432,5.900000095367432,5.900000095367432,5.900000095367432,5.900000095367432,377.0
2024-03-01 09:30:00,EKSO,1.899999976158142,1.899999976158142,1.899999976158142,1.899999976158142,1.899999976158142,11210.0
2024-03-01 09:30:00,EMBC,14.25,14.25,14.25,14.25,14.25,4286.0
2024-03-01 09:30:00,ENSC,0.9215999841690063,0.9215999841690063,0.9215999841690063,0.9215999841690063,0.9215999841690063,1425.0
2024-03-01 09:30:00,ENSG,125.0,125.0,125.0,125.0,125.0,2798.0
2024-03-01 09:30:00,ENTA,14.479999542236328,14.479999542236328,14.479999542236328,14.479999542236328,14.479999542236328,0.0
2024-03-01 09:30:00,EPIX,9.489999771118164,9.489999771118164,9.489999771118164,9.489999771118164,9.489999771118164,1647.0
2024-03-01 09:30:00,EQ,2.621000051498413,2.621000051498413,2.621000051498413,2.621000051498413,2.621000051498413,4992.0
2024-03-01 09:30:00,ERAS,2.390000104904175,2.390000104904175,2.390000104904175,2.390000104904175,2.390000104904175,1257.0
2024-03-01 09:30:00,ESTA,45.970001220703125,45.970001220703125,45.970001220703125,45.970001220703125,45.970001220703125,13116.0
2024-03-01 09:30:00,EVAX,3.680000066757202,3.680000066757202,3.680000066757202,3.680000066757202,3.680000066757202,2037.0
2024-03-01 09:30:00,EVGN,0.9199000000953674,0.9199000000953674,0.9199000000953674,0.9199000000953674,0.9199000000953674,6277.0
2024-03-01 09:30:00,EVLO,0.0689999982714653,0.0689999982714653,0.0689999982714653,0.0689999982714653,0.0689999982714653,0.0
2024-03-01 09:30:00,EVO,7.400000095367432,7.400000095367432,7.400000095367432,7.400000095367432,7.400000095367432,0.0
2024-03-01 09:30:00,EVOK,0.6729999780654907,0.6729999780654907,0.6729999780654907,0.6729999780654907,0.6729999780654907,297.0
2024-03-01 09:30:00,EWTX,16.389999389648438,16.389999389648438,16.389999389648438,16.389999389648438,16.389999389648438,5185.0
2024-03-01 09:30:00,EXAI,6.724999904632568,6.724999904632568,6.724999904632568,6.724999904632568,6.724999904632568,18828.0
2024-03-01 09:30:00,EXAS,57.2400016784668,57.2400016784668,57.2400016784668,57.2400016784668,57.2400016784668,31330.0
2024-03-01 09:30:00,EYEN,2.140000104904175,2.140000104904175,2.140000104904175,2.140000104904175,2.140000104904175,58480.0
2024-03-01 09:30:00,EYPT,27.587900161743164,27.587900161743164,27.587900161743164,27.329999923706055,27.329999923706055,5599.0
2024-03-01 09:30:00,FATE,7.204999923706055,7.204999923706055,7.204999923706055,7.204999923706055,7.204999923706055,10952.0
2024-03-01 09:30:00,FDMT,28.889999389648438,28.889999389648438,28.889999389648438,28.889999389648438,28.889999389648438,19854.0
2024-03-01 09:30:00,FEMY,1.7450000047683716,1.7450000047683716,1.7450000047683716,1.7450000047683716,1.7450000047683716,21351.0
2024-03-01 09:30:00,FENC,9.5,9.5,9.5,9.5,9.5,1179.0
2024-03-01 09:30:00,FHTX,7.760000228881836,7.760000228881836,7.760000228881836,7.760000228881836,7.760000228881836,260.0
2024-03-01 09:30:00,FIXX,0.9300000071525574,0.9300000071525574,0.9300000071525574,0.9300000071525574,0.9300000071525574,1333.0
2024-03-01 09:30:00,FLGC,1.1481000185012817,1.1481000185012817,1.1481000185012817,1.1481000185012817,1.1481000185012817,5513.0
2024-03-01 09:30:00,FRTX,0.9399999976158142,0.9399999976158142,0.9399999976158142,0.9049999713897705,0.9049999713897705,0.0
2024-03-01 09:30:00,FULC,10.460000038146973,10.460000038146973,10.460000038146973,10.460000038146973,10.460000038146973,3171.0
2024-03-01 09:30:00,FWBI,7.909999847412109,7.909999847412109,7.909999847412109,7.909999847412109,7.909999847412109,2284.0
2024-03-01 09:30:00,GANX,4.639999866485596,4.639999866485596,4.639999866485596,4.639999866485596,4.639999866485596,4661.0
2024-03-01 09:30:00,GEG,2.0,2.0,2.0,2.0,2.0,0.0
2024-03-01 09:30:00,GENE,2.2799999713897705,2.2799999713897705,2.2799999713897705,2.2799999713897705,2.2799999713897705,2453.0
2024-03-01 09:30:00,GH,18.950000762939453,18.950000762939453,19.0,18.950000762939453,19.0,14780.0
2024-03-01 09:30:00,GHRS,8.888999938964844,8.888999938964844,8.888999938964844,8.888999938964844,8.888999938964844,1761.0
2024-03-01 09:30:00,GHSI,8.420000076293945,8.420000076293945,8.420000076293945,8.420000076293945,8.420000076293945,300.0
2024-03-01 09:30:00,GLMD,0.42010000348091125,0.42010000348091125,0.42010000348091125,0.42010000348091125,0.42010000348091125,5630.0
2024-03-01 09:30:00,GLUE,6.445000171661377,6.445000171661377,6.445000171661377,6.445000171661377,6.445000171661377,21612.0
2024-03-01 09:30:00,GOSS,1.3899999856948853,1.3899999856948853,1.3899999856948853,1.3899999856948853,1.3899999856948853,18307.0
2024-03-01 09:30:00,GTH,3.9100000858306885,3.9100000858306885,3.9100000858306885,3.9100000858306885,3.9100000858306885,0.0
2024-03-01 09:30:00,HBIO,4.360000133514404,4.360000133514404,4.360000133514404,4.360000133514404,4.360000133514404,1653.0
2024-03-01 09:30:00,HCAT,8.350000381469727,8.350000381469727,8.350000381469727,8.350000381469727,8.350000381469727,2630.0
2024-03-01 09:30:00,HCM,15.630000114440918,15.630000114440918,15.630000114440918,15.630000114440918,15.630000114440918,1093.0
2024-03-01 09:30:00,HCWB,1.5199999809265137,1.5199999809265137,1.5199999809265137,1.5199999809265137,1.5199999809265137,0.0
2024-03-01 09:30:00,HEPA,3.0999999046325684,3.0999999046325684,3.0999999046325684,3.0999999046325684,3.0999999046325684,2691.0
2024-03-01 09:30:00,HITI,1.7599999904632568,1.7599999904632568,1.7599999904632568,1.7599999904632568,1.7599999904632568,17728.0
2024-03-01 09:30:00,HLTH,0.2780500054359436,0.2780500054359436,0.2780500054359436,0.2780500054359436,0.2780500054359436,0.0
2024-03-01 09:30:00,HLVX,18.280000686645508,18.280000686645508,18.280000686645508,18.280000686645508,18.280000686645508,310.0
2024-03-01 09:30:00,HOLX,73.43000030517578,73.43000030517578,73.43000030517578,73.43000030517578,73.43000030517578,8693.0
2024-03-01 09:30:00,HOTH,1.340000033378601,1.340000033378601,1.340000033378601,1.340000033378601,1.340000033378601,1819.0
2024-03-01 09:30:00,HQY,82.58999633789062,82.58999633789062,82.58999633789062,82.58999633789062,82.58999633789062,4455.0
2024-03-01 09:30:00,HRMY,31.780000686645508,31.780000686645508,31.780000686645508,31.780000686645508,31.780000686645508,2730.0
2024-03-01 09:30:00,HROW,10.829999923706055,10.829999923706055,10.829999923706055,10.829999923706055,10.829999923706055,1037.0
2024-03-01 09:30:00,HSCS,0.11800000071525574,0.11800000071525574,0.11800000071525574,0.11800000071525574,0.11800000071525574,0.0
2024-03-01 09:30:00,HSDT,5.03000020980835,5.03000020980835,5.03000020980835,5.03000020980835,5.03000020980835,2673.0
2024-03-01 09:30:00,HSTM,27.5841007232666,27.5841007232666,27.5841007232666,27.5841007232666,27.5841007232666,0.0
2024-03-01 09:30:00,HSTO,0.3149999976158142,0.3149999976158142,0.3149999976158142,0.3149999976158142,0.3149999976158142,0.0
2024-03-01 09:30:00,HUGE,0.8725000023841858,0.8725000023841858,0.8725000023841858,0.8700000047683716,0.8700000047683716,3767.0
2024-03-01 09:30:00,HYPR,1.1799999475479126,1.1799999475479126,1.1799999475479126,1.1799999475479126,1.1799999475479126,1330.0
2024-03-01 09:30:00,IART,36.97999954223633,36.97999954223633,36.97999954223633,36.97999954223633,36.97999954223633,7790.0
2024-03-01 09:30:00,ICAD,1.8200000524520874,1.8200000524520874,1.8200000524520874,1.8200000524520874,1.8200000524520874,3647.0
2024-03-01 09:30:00,ICCC,5.28000020980835,5.28000020980835,5.28000020980835,5.28000020980835,5.28000020980835,0.0
2024-03-01 09:30:00,ICCM,1.3200000524520874,1.3200000524520874,1.3200000524520874,1.3200000524520874,1.3200000524520874,2189.0
2024-03-01 09:30:00,ICLR,319.07501220703125,319.07501220703125,319.07501220703125,319.07501220703125,319.07501220703125,7186.0
2024-03-01 09:30:00,ICUI,107.0,107.0,107.0,107.0,107.0,7811.0
2024-03-01 09:30:00,IDXX,571.8599853515625,571.8599853515625,571.8599853515625,571.8599853515625,571.8599853515625,8545.0
2024-03-01 09:30:00,IDYA,45.31999969482422,45.31999969482422,45.31999969482422,45.31999969482422,45.31999969482422,5121.0
2024-03-01 09:30:00,IFRX,1.7999999523162842,1.7999999523162842,1.7999999523162842,1.7999999523162842,1.7999999523162842,4894.0
2024-03-01 09:30:00,IGMS,12.699999809265137,12.699999809265137,12.699999809265137,12.699999809265137,12.699999809265137,870.0
2024-03-01 09:30:00,IINN,1.6700999736785889,1.6700999736785889,1.6700999736785889,1.6700999736785889,1.6700999736785889,70013.0
2024-03-01 09:30:00,IMAB,1.809999942779541,1.809999942779541,1.809999942779541,1.809999942779541,1.809999942779541,7534.0
2024-03-01 09:30:00,IMMX,3.359999895095825,3.359999895095825,3.359999895095825,3.359999895095825,3.359999895095825,1499.0
2024-03-01 09:30:00,IMNN,1.169800043106079,1.169800043106079,1.169800043106079,1.169800043106079,1.169800043106079,18242.0
2024-03-01 09:30:00,IMRX,6.079999923706055,6.079999923706055,6.079999923706055,6.079999923706055,6.079999923706055,388.0
2024-03-01 09:30:00,IMVT,35.40999984741211,35.40999984741211,35.40999984741211,35.40999984741211,35.40999984741211,20764.0
2024-03-01 09:30:00,INAB,1.1299999952316284,1.1299999952316284,1.1299999952316284,1.1299999952316284,1.1299999952316284,0.0
2024-03-01 09:30:00,INBX,36.630001068115234,36.630001068115234,36.630001068115234,36.630001068115234,36.630001068115234,4399.0
2024-03-01 09:30:00,INDP,2.200000047683716,2.200000047683716,2.200000047683716,2.200000047683716,2.200000047683716,947.0
2024-03-01 09:30:00,INKT,0.9769999980926514,0.9769999980926514,0.9769999980926514,0.9769999980926514,0.9769999980926514,2760.0
2024-03-01 09:30:00,INMD,22.09000015258789,22.09000015258789,22.09000015258789,22.09000015258789,22.09000015258789,15214.0
2024-03-01 09:30:00,INNV,4.909999847412109,4.909999847412109,4.909999847412109,4.909999847412109,4.909999847412109,421.0
2024-03-01 09:30:00,INO,8.84000015258789,8.84000015258789,8.84000015258789,8.84000015258789,8.84000015258789,6198.0
2024-03-01 09:30:00,INVA,16.639999389648438,16.639999389648438,16.639999389648438,16.639999389648438,16.639999389648438,10172.0
2024-03-01 09:30:00,INVO,1.190000057220459,1.190000057220459,1.190000057220459,1.190000057220459,1.190000057220459,4620.0
2024-03-01 09:30:00,INZY,6.46999979019165,6.46999979019165,6.46999979019165,6.46999979019165,6.46999979019165,3257.0
2024-03-01 09:30:00,IONM,0.3312999904155731,0.3312999904155731,0.3312999904155731,0.3312999904155731,0.3312999904155731,856.0
2024-03-01 09:30:00,IRMD,42.040000915527344,42.040000915527344,42.040000915527344,42.040000915527344,42.040000915527344,388.0
2024-03-01 09:30:00,IRTC,118.0999984741211,118.0999984741211,118.0999984741211,118.0999984741211,118.0999984741211,2742.0
2024-03-01 09:30:00,IRWD,9.390000343322754,9.390000343322754,9.390000343322754,9.390000343322754,9.390000343322754,109001.0
2024-03-01 09:30:00,ITCI,70.04000091552734,70.04000091552734,70.04000091552734,70.04000091552734,70.04000091552734,6914.0
2024-03-01 09:30:00,ITOS,10.779999732971191,10.779999732971191,10.779999732971191,10.779999732971191,10.779999732971191,1434.0
2024-03-01 09:30:00,ITRM,1.25,1.25,1.25,1.25,1.25,1142.0
2024-03-01 09:30:00,IXHL,5.019999980926514,5.019999980926514,5.019999980926514,5.019999980926514,5.019999980926514,4361.0
2024-03-01 09:30:00,JAGX,0.061000000685453415,0.061000000685453415,0.061000000685453415,0.061000000685453415,0.061000000685453415,586158.0
2024-03-01 09:30:00,JANX,46.37009811401367,46.37009811401367,46.37009811401367,46.37009811401367,46.37009811401367,44296.0
2024-03-01 09:30:00,JAZZ,119.69000244140625,119.69000244140625,119.69000244140625,119.69000244140625,119.69000244140625,19387.0
2024-03-01 09:30:00,JSPR,21.350000381469727,21.350000381469727,21.440000534057617,21.350000381469727,21.440000534057617,1544.0
2024-03-01 09:30:00,KALA,7.5,7.5,7.5,7.5,7.5,454.0
2024-03-01 09:30:00,KALV,13.680000305175781,13.680000305175781,13.680000305175781,13.680000305175781,13.680000305175781,6579.0
2024-03-01 09:30:00,KMDA,6.340000152587891,6.340000152587891,6.340000152587891,6.340000152587891,6.340000152587891,0.0
2024-03-01 09:30:00,KNSA,21.350000381469727,21.350000381469727,21.350000381469727,21.350000381469727,21.350000381469727,3721.0
2024-03-01 09:30:00,KRMD,2.1500000953674316,2.1500000953674316,2.1500000953674316,2.1500000953674316,2.1500000953674316,407.0
2024-03-01 09:30:00,KROS,69.18000030517578,69.18000030517578,69.18000030517578,69.18000030517578,69.18000030517578,2338.0
2024-03-01 09:30:00,KRTX,315.0,315.0,315.0,315.0,315.0,10635.0
2024-03-01 09:30:00,KRYS,160.7949981689453,160.7949981689453,160.7949981689453,160.7949981689453,160.7949981689453,2894.0
2024-03-01 09:30:00,KZIA,0.2596000134944916,0.2596000134944916,0.2596000134944916,0.2596000134944916,0.2596000134944916,19299.0
2024-03-01 09:30:00,KZR,1.0499999523162842,1.0499999523162842,1.0499999523162842,1.0499999523162842,1.0499999523162842,0.0
2024-03-01 09:30:00,LABP,6.394999980926514,6.394999980926514,6.394999980926514,6.394999980926514,6.394999980926514,0.0
2024-03-01 09:30:00,LBPH,22.978300094604492,22.978300094604492,22.978300094604492,22.978300094604492,22.978300094604492,1826.0
2024-03-01 09:30:00,LEGN,65.75859832763672,65.75859832763672,65.75859832763672,65.75859832763672,65.75859832763672,2958.0
2024-03-01 09:30:00,LFMD,7.989999771118164,7.989999771118164,7.989999771118164,7.989999771118164,7.989999771118164,3869.0
2024-03-01 09:30:00,LFMDP,20.18000030517578,20.18000030517578,20.18000030517578,20.18000030517578,20.18000030517578,0.0
2024-03-01 09:30:00,LGND,80.05000305175781,80.05000305175781,80.05000305175781,80.05000305175781,80.05000305175781,3215.0
2024-03-01 09:30:00,LIFE,1.940000057220459,1.940000057220459,1.940000057220459,1.940000057220459,1.940000057220459,9819.0
2024-03-01 09:30:00,LMAT,69.19000244140625,69.19000244140625,69.19000244140625,69.19000244140625,69.19000244140625,0.0
2024-03-01 09:30:00,LNSR,4.809999942779541,4.809999942779541,4.809999942779541,4.809999942779541,4.809999942779541,234.0
2024-03-01 09:30:00,LNTH,66.29499816894531,66.29499816894531,66.29499816894531,66.29499816894531,66.29499816894531,9936.0
2024-03-01 09:30:00,LPTX,2.8399999141693115,2.8399999141693115,2.8399999141693115,2.8399999141693115,2.8399999141693115,1248.0
2024-03-01 09:30:00,LQDA,14.289999961853027,14.289999961853027,14.289999961853027,14.289999961853027,14.289999961853027,8448.0
2024-03-01 09:30:00,LRMR,11.5,11.5,11.5,11.5,11.5,9755.0
2024-03-01 09:30:00,LSTA,2.940000057220459,2.940000057220459,2.940000057220459,2.940000057220459,2.940000057220459,268.0
2024-03-01 09:30:00,LTRN,4.808800220489502,4.808800220489502,4.808800220489502,4.808800220489502,4.808800220489502,13129.0
2024-03-01 09:30:00,LUCD,1.2300000190734863,1.2300000190734863,1.2300000190734863,1.2300000190734863,1.2300000190734863,3563.0
2024-03-01 09:30:00,LUNG,9.0600004196167,9.0600004196167,9.0600004196167,9.0600004196167,9.0600004196167,69297.0
2024-03-01 09:30:00,LYEL,2.940000057220459,2.940000057220459,2.940000057220459,2.940000057220459,2.940000057220459,5781.0
2024-03-01 09:30:00,LYRA,5.320000171661377,5.320000171661377,5.320000171661377,5.320000171661377,5.320000171661377,1586.0
2024-03-01 09:30:00,MACK,14.680000305175781,14.680000305175781,14.680000305175781,14.680000305175781,14.680000305175781,437.0
2024-03-01 09:30:00,MASI,128.08999633789062,128.08999633789062,128.09500122070312,128.08999633789062,128.09500122070312,4097.0
2024-03-01 09:30:00,MASS,7.360000133514404,7.360000133514404,7.360000133514404,7.360000133514404,7.360000133514404,7136.0
2024-03-01 09:30:00,MBOT,1.2899999618530273,1.2899999618530273,1.2899999618530273,1.2899999618530273,1.2899999618530273,2471.0
2024-03-01 09:30:00,MDGL,237.42999267578125,237.42999267578125,237.42999267578125,237.42999267578125,237.42999267578125,4184.0
2024-03-01 09:30:00,MDRX,5.849999904632568,5.849999904632568,5.849999904632568,5.599999904632568,5.599999904632568,0.0
2024-03-01 09:30:00,MDWD,14.539999961853027,14.539999961853027,14.539999961853027,14.539999961853027,14.539999961853027,1211.0
2024-03-01 09:30:00,MDXG,8.3100004196167,8.3100004196167,8.3100004196167,8.3100004196167,8.3100004196167,30684.0
2024-03-01 09:30:00,MDXH,3.609999895095825,3.609999895095825,3.609999895095825,3.609999895095825,3.609999895095825,1129.0
2024-03-01 09:30:00,MEDP,398.07501220703125,398.07501220703125,398.07501220703125,398.07501220703125,398.07501220703125,3121.0
2024-03-01 09:30:00,MEDS,9.6899995803833,9.6899995803833,9.6899995803833,9.6899995803833,9.6899995803833,1319.0
2024-03-01 09:30:00,MGTX,6.159999847412109,6.159999847412109,6.159999847412109,6.159999847412109,6.159999847412109,3368.0
2024-03-01 09:30:00,MIRM,28.780000686645508,28.780000686645508,28.780000686645508,28.780000686645508,28.780000686645508,5112.0
2024-03-01 09:30:00,MLTX,49.849998474121094,49.849998474121094,49.849998474121094,49.849998474121094,49.849998474121094,7931.0
2024-03-01 09:30:00,MNMD,5.730000019073486,5.730000019073486,5.730000019073486,5.71999979019165,5.71999979019165,39362.0
2024-03-01 09:30:00,MODV,28.940000534057617,28.940000534057617,28.940000534057617,28.940000534057617,28.940000534057617,3613.0
2024-03-01 09:30:00,MOR,17.600000381469727,17.600000381469727,17.600000381469727,17.600000381469727,17.600000381469727,5974.0
2024-03-01 09:30:00,MORF,36.900001525878906,36.900001525878906,36.900001525878906,36.900001525878906,36.900001525878906,5457.0
2024-03-01 09:30:00,MOTS,0.6801000237464905,0.6801000237464905,0.6801000237464905,0.6801000237464905,0.6801000237464905,3839.0
2024-03-01 09:30:00,MOVE,0.5996999740600586,0.5996999740600586,0.5996999740600586,0.5996999740600586,0.5996999740600586,0.0
2024-03-01 09:30:00,MRAI,1.5,1.5,1.5,1.5,1.5,3552.0
2024-03-01 09:30:00,MRVI,7.739999771118164,7.739999771118164,7.739999771118164,7.739999771118164,7.739999771118164,9872.0
2024-03-01 09:30:00,MTEM,3.740000009536743,3.740000009536743,3.740000009536743,3.740000009536743,3.740000009536743,319.0
2024-03-01 09:30:00,MXCT,4.561699867248535,4.561699867248535,4.561699867248535,4.561699867248535,4.561699867248535,9782.0
2024-03-01 09:30:00,MYGN,20.950000762939453,20.950000762939453,20.950000762939453,20.950000762939453,20.950000762939453,7338.0
2024-03-01 09:30:00,NAOV,0.9900000095367432,0.9900000095367432,0.9900000095367432,0.9900000095367432,0.9900000095367432,209.0
2024-03-01 09:30:00,NBIX,131.44500732421875,131.44500732421875,131.44500732421875,131.44500732421875,131.44500732421875,14801.0
2024-03-01 09:30:00,NBSE,0.8880000114440918,0.8880000114440918,0.8880000114440918,0.8880000114440918,0.8880000114440918,1247.0
2024-03-01 09:30:00,NEO,15.460000038146973,15.460000038146973,15.460000038146973,15.460000038146973,15.460000038146973,6243.0
2024-03-01 09:30:00,NEPT,0.44020000100135803,0.44020000100135803,0.44020000100135803,0.44020000100135803,0.44020000100135803,2146.0
2024-03-01 09:30:00,NERV,2.6700000762939453,2.6700000762939453,2.6700000762939453,2.6700000762939453,2.6700000762939453,35415.0
2024-03-01 09:30:00,NEXI,6.570000171661377,6.570000171661377,6.570000171661377,6.570000171661377,6.570000171661377,1030.0
2024-03-01 09:30:00,NGM,1.5399999618530273,1.5399999618530273,1.5399999618530273,1.5399999618530273,1.5399999618530273,12105.0
2024-03-01 09:30:00,NLSP,0.36550000309944153,0.36550000309944153,0.36550000309944153,0.36550000309944153,0.36550000309944153,5042.0
2024-03-01 09:30:00,NMRD,0.07620000094175339,0.07620000094175339,0.07620000094175339,0.07620000094175339,0.07620000094175339,0.0
2024-03-01 09:30:00,NMTC,1.2000000476837158,1.2000000476837158,1.2000000476837158,1.2000000476837158,1.2000000476837158,937.0
2024-03-01 09:30:00,NOTV,7.5,7.5,7.5,7.5,7.5,31262.0
2024-03-01 09:30:00,NPCE,16.190000534057617,16.190000534057617,16.190000534057617,16.190000534057617,16.190000534057617,348.0
2024-03-01 09:30:00,NRC,40.4900016784668,40.4900016784668,40.4900016784668,40.4900016784668,40.4900016784668,303.0
2024-03-01 09:30:00,NRIX,12.359999656677246,12.359999656677246,12.359999656677246,12.359999656677246,12.359999656677246,4935.0
2024-03-01 09:30:00,NRSN,1.7799999713897705,1.7799999713897705,1.7799999713897705,1.7799999713897705,1.7799999713897705,11239.0
2024-03-01 09:30:00,NSPR,2.7200000286102295,2.7200000286102295,2.7200000286102295,2.7200000286102295,2.7200000286102295,863.0
2024-03-01 09:30:00,NTLA,32.415000915527344,32.415000915527344,32.415000915527344,32.415000915527344,32.415000915527344,37160.0
2024-03-01 09:30:00,NTRA,86.61000061035156,86.61000061035156,86.61000061035156,86.61000061035156,86.61000061035156,29135.0
2024-03-01 09:30:00,NUTX,0.11509999632835388,0.11509999632835388,0.11509999632835388,0.11509999632835388,0.11509999632835388,12197.0
2024-03-01 09:30:00,NUVL,85.05500030517578,85.05500030517578,85.05500030517578,85.05500030517578,85.05500030517578,5098.0
2024-03-01 09:30:00,NVOS,0.621399998664856,0.621399998664856,0.621399998664856,0.621399998664856,0.621399998664856,23269.0
2024-03-01 09:30:00,NXL,0.32850000262260437,0.32850000262260437,0.32850000262260437,0.32850000262260437,0.32850000262260437,0.0
2024-03-01 09:30:00,NXTC,1.75,1.75,1.75,1.75,1.75,3773.0
2024-03-01 09:30:00,NYXH,13.619999885559082,13.619999885559082,13.619999885559082,13.619999885559082,13.619999885559082,2352.0
2024-03-01 09:30:00,OFIX,13.109999656677246,13.109999656677246,13.109999656677246,13.109999656677246,13.109999656677246,1124.0
2024-03-01 09:30:00,OKYO,1.4299999475479126,1.4299999475479126,1.4299999475479126,1.4299999475479126,1.4299999475479126,2272.0
2024-03-01 09:30:00,OLK,22.46500015258789,22.46500015258789,22.46500015258789,22.46500015258789,22.46500015258789,0.0
2024-03-01 09:30:00,OLMA,12.6899995803833,12.6899995803833,12.6899995803833,12.6899995803833,12.6899995803833,5250.0
2024-03-01 09:30:00,OM,3.200000047683716,3.200000047683716,3.200000047683716,3.200000047683716,3.200000047683716,20395.0
2024-03-01 09:30:00,OMCL,26.420000076293945,26.420000076293945,26.420000076293945,26.420000076293945,26.420000076293945,12227.0
2024-03-01 09:30:00,OMGA,4.152599811553955,4.152599811553955,4.152599811553955,4.152599811553955,4.152599811553955,4271.0
2024-03-01 09:30:00,ONTX,0.8199999928474426,0.8199999928474426,0.8199999928474426,0.8199999928474426,0.8199999928474426,2651.0
2024-03-01 09:31:00,ABCL,5.039999961853027,5.039999961853027,5.050000190734863,5.039999961853027,5.039999961853027,24083.0
2024-03-01 09:31:00,ABOS,4.355000019073486,4.355000019073486,4.355000019073486,4.349999904632568,4.349999904632568,7739.0
2024-03-01 09:31:00,ABSI,5.150000095367432,5.150000095367432,5.186999797821045,5.119999885559082,5.119999885559082,26467.0
2024-03-01 09:31:00,ABUS,2.7799999713897705,2.7799999713897705,2.7799999713897705,2.7699999809265137,2.7799999713897705,29715.0
2024-03-01 09:31:00,ABVC,1.159999966621399,1.159999966621399,1.2039999961853027,1.149999976158142,1.2000000476837158,22701.0
2024-03-01 09:31:00,ACAD,23.450000762939453,23.450000762939453,23.5049991607666,23.450000762939453,23.5049991607666,35043.0
2024-03-01 09:31:00,ACB,3.152400016784668,3.152400016784668,3.152400016784668,3.1500000953674316,3.1500000953674316,34520.0
2024-03-01 09:31:00,ACCD,10.1899995803833,10.1899995803833,10.1899995803833,10.109999656677246,10.109999656677246,9880.0
2024-03-01 09:31:00,ACET,2.387200117111206,2.387200117111206,2.387200117111206,2.387200117111206,2.387200117111206,8938.0
2024-03-01 09:31:00,ACHL,1.3300000429153442,1.3300000429153442,1.3300000429153442,1.3300000429153442,1.3300000429153442,30433.0
2024-03-01 09:31:00,ACRS,1.2200000286102295,1.2200000286102295,1.2200000286102295,1.2200000286102295,1.2200000286102295,14301.0
2024-03-01 09:31:00,ADAG,3.2500998973846436,3.2500998973846436,3.2500998973846436,3.2500998973846436,3.2500998973846436,0.0
2024-03-01 09:31:00,ADAP,1.5699000358581543,1.5699000358581543,1.5699000358581543,1.559999942779541,1.559999942779541,27793.0
2024-03-01 09:31:00,ADIL,3.0599000453948975,3.0599000453948975,3.4600000381469727,2.940000057220459,3.3399999141693115,7249199.0
2024-03-01 09:31:00,ADMA,5.4070000648498535,5.4070000648498535,5.420000076293945,5.394999980926514,5.400000095367432,69029.0
2024-03-01 09:31:00,ADPT,4.070000171661377,4.070000171661377,4.090000152587891,4.070000171661377,4.079999923706055,1383.0
2024-03-01 09:31:00,ADVM,1.9900000095367432,1.9900000095367432,1.9900000095367432,1.9800000190734863,1.9800000190734863,19618.0
2024-03-01 09:31:00,AEZS,1.940000057220459,1.940000057220459,1.940000057220459,1.940000057220459,1.940000057220459,1096.0
2024-03-01 09:31:00,AFIB,0.20399999618530273,0.20399999618530273,0.20399999618530273,0.20399999618530273,0.20399999618530273,1269.0
2024-03-01 09:31:00,AFMD,0.6215999722480774,0.6215999722480774,0.6215999722480774,0.6215999722480774,0.6215999722480774,8373.0
2024-03-01 09:31:00,AGEN,0.675000011920929,0.675000011920929,0.6777999997138977,0.675000011920929,0.6751000285148621,133727.0
2024-03-01 09:31:00,AGIO,32.755001068115234,32.755001068115234,32.83000183105469,32.439998626708984,32.439998626708984,795.0
2024-03-01 09:31:00,AHCO,10.399999618530273,10.399999618530273,10.399999618530273,10.399999618530273,10.399999618530273,9375.0
2024-03-01 09:31:00,AIMD,1.0198999643325806,1.0198999643325806,1.0300999879837036,1.0198999643325806,1.0300999879837036,25940.0
2024-03-01 09:31:00,AIRS,6.429999828338623,6.429999828338623,6.429999828338623,6.429999828338623,6.429999828338623,2550.0
2024-03-01 09:31:00,AKAN,0.28110000491142273,0.28110000491142273,0.2904999852180481,0.2809999883174896,0.2809999883174896,16247.0
2024-03-01 09:31:00,AKBA,1.600000023841858,1.600000023841858,1.600000023841858,1.5724999904632568,1.5724999904632568,22658.0
2024-03-01 09:31:00,AKRO,28.139999389648438,28.139999389648438,28.270000457763672,27.959999084472656,28.06999969482422,12314.0
2024-03-01 09:31:00,ALDX,3.674999952316284,3.674999952316284,3.6805999279022217,3.6201000213623047,3.676300048828125,13100.0
2024-03-01 09:31:00,ALEC,7.230000019073486,7.230000019073486,7.25,7.170000076293945,7.170000076293945,1833.0
2024-03-01 09:31:00,ALGN,301.7550048828125,301.7550048828125,301.7550048828125,301.7550048828125,301.7550048828125,22249.0
2024-03-01 09:31:00,ALHC,5.980000019073486,5.980000019073486,5.980000019073486,5.9446001052856445,5.9446001052856445,5109.0
2024-03-01 09:31:00,ALKS,29.7450008392334,29.7450008392334,29.809999465942383,29.7450008392334,29.790000915527344,2145.0
2024-03-01 09:31:00,ALLK,1.5299999713897705,1.5299999713897705,1.5299999713897705,1.5199999809265137,1.5199999809265137,6374.0
2024-03-01 09:31:00,ALLO,4.980000019073486,4.980000019073486,5.039999961853027,4.96750020980835,5.000100135803223,23417.0
2024-03-01 09:31:00,ALPN,35.61000061035156,35.61000061035156,35.61000061035156,35.61000061035156,35.61000061035156,7475.0
2024-03-01 09:31:00,ALT,12.399999618530273,12.399999618530273,12.4399995803833,12.3149995803833,12.3149995803833,83355.0
2024-03-01 09:31:00,ALXO,14.800000190734863,14.800000190734863,14.800000190734863,14.800000190734863,14.800000190734863,63.0
2024-03-01 09:31:00,AMGN,275.19000244140625,275.19000244140625,276.6600036621094,275.19000244140625,275.6199951171875,87435.0
2024-03-01 09:31:00,AMLX,19.100000381469727,19.100000381469727,19.114999771118164,19.100000381469727,19.114999771118164,11194.0
2024-03-01 09:31:00,AMRN,1.0499000549316406,1.0499000549316406,1.0499000549316406,1.0399999618530273,1.0399999618530273,234619.0
2024-03-01 09:31:00,ANGO,5.489999771118164,5.489999771118164,5.489999771118164,5.429999828338623,5.429999828338623,6696.0
2024-03-01 09:31:00,ANIK,24.024999618530273,24.024999618530273,24.024999618530273,24.024999618530273,24.024999618530273,100.0
2024-03-01 09:31:00,ANNX,6.308499813079834,6.308499813079834,6.449999809265137,6.29010009765625,6.300000190734863,241182.0
2024-03-01 09:31:00,ANTX,2.990000009536743,2.990000009536743,2.990000009536743,2.990000009536743,2.990000009536743,7274.0
2024-03-01 09:31:00,APLS,62.73500061035156,62.73500061035156,63.0099983215332,62.720001220703125,62.89350128173828,25445.0
2024-03-01 09:31:00,APLT,7.445000171661377,7.445000171661377,7.449999809265137,7.380000114440918,7.389999866485596,13961.0
2024-03-01 09:31:00,APRE,8.699999809265137,8.699999809265137,8.699999809265137,8.5,8.5,1397.0
2024-03-01 09:31:00,AQST,3.7699999809265137,3.7699999809265137,3.7699999809265137,3.690000057220459,3.7100000381469727,101520.0
2024-03-01 09:31:00,ARAY,2.5950000286102295,2.5950000286102295,2.5950000286102295,2.5950000286102295,2.5950000286102295,100.0
2024-03-01 09:31:00,ARCT,39.45640182495117,39.45640182495117,39.56999969482422,39.45640182495117,39.560001373291016,12100.0
2024-03-01 09:31:00,ARDX,9.550000190734863,9.550000190734863,9.550000190734863,9.5,9.5,1217.0
2024-03-01 09:31:00,ARGX,379.760009765625,379.760009765625,381.1300048828125,379.760009765625,380.5,89314.0
2024-03-01 09:31:00,ARQT,10.234999656677246,10.234999656677246,10.270000457763672,10.0600004196167,10.0600004196167,50013.0
2024-03-01 09:31:00,ARVN,47.189998626708984,47.189998626708984,47.189998626708984,47.18000030517578,47.18000030517578,1708.0
2024-03-01 09:31:00,ARWR,32.709999084472656,32.709999084472656,32.709999084472656,32.369998931884766,32.369998931884766,17554.0
2024-03-01 09:31:00,ASLN,0.875,0.875,0.875,0.875,0.875,9292.0
2024-03-01 09:31:00,ASRT,0.8799999952316284,0.8799999952316284,0.8799999952316284,0.8766000270843506,0.8766000270843506,8817.0
2024-03-01 09:31:00,ATAI,1.9500000476837158,1.9500000476837158,1.9600000381469727,1.9500000476837158,1.9600000381469727,4207.0
2024-03-01 09:31:00,ATEC,13.479999542236328,13.479999542236328,13.479999542236328,13.430000305175781,13.479999542236328,27984.0
2024-03-01 09:31:00,ATOS,0.9800000190734863,0.9800000190734863,0.9800000190734863,0.9800000190734863,0.9800000190734863,11513.0
2024-03-01 09:31:00,ATRA,0.7979000210762024,0.7979000210762024,0.800000011920929,0.7631999850273132,0.7720000147819519,88116.0
2024-03-01 09:31:00,ATRC,35.01499938964844,35.01499938964844,35.01499938964844,35.01499938964844,35.01499938964844,5622.0
2024-03-01 09:31:00,ATXS,14.175000190734863,14.175000190734863,14.175000190734863,14.175000190734863,14.175000190734863,28336.0
2024-03-01 09:31:00,AUGX,4.460000038146973,4.460000038146973,4.460000038146973,4.460000038146973,4.460000038146973,110.0
2024-03-01 09:31:00,AUPH,5.699999809265137,5.699999809265137,5.71999979019165,5.690000057220459,5.690000057220459,1388.0
2024-03-01 09:31:00,AVDL,12.850000381469727,12.850000381469727,12.850000381469727,12.8100004196167,12.819999694824219,8303.0
2024-03-01 09:31:00,AVXL,5.130000114440918,5.130000114440918,5.186999797821045,5.130000114440918,5.130000114440918,9541.0
2024-03-01 09:31:00,AXDX,1.0800000429153442,1.0800000429153442,1.0800000429153442,1.0800000429153442,1.0800000429153442,1063.0
2024-03-01 09:31:00,AXGN,10.529999732971191,10.529999732971191,10.529999732971191,10.529999732971191,10.529999732971191,2395.0
2024-03-01 09:31:00,AZN,64.16999816894531,64.16999816894531,64.2699966430664,64.16999816894531,64.26000213623047,107295.0
2024-03-01 09:31:00,BBLG,2.950000047683716,2.950000047683716,3.0,2.940000057220459,2.990000009536743,492047.0
2024-03-01 09:31:00,BCRX,5.710000038146973,5.710000038146973,5.735000133514404,5.699999809265137,5.699999809265137,33586.0
2024-03-01 09:31:00,BDSX,1.7300000190734863,1.7300000190734863,1.7599999904632568,1.6699999570846558,1.7300000190734863,131395.0
2024-03-01 09:31:00,BDTX,5.25,5.25,5.25,5.25,5.25,1222.0
2024-03-01 09:31:00,BEAM,39.85300064086914,39.85300064086914,39.939998626708984,39.630001068115234,39.630001068115234,18463.0
2024-03-01 09:31:00,BIIB,216.0,216.0,216.44000244140625,216.0,216.44000244140625,1694.0
2024-03-01 09:31:00,BIMI,3.8071999549865723,3.8071999549865723,3.8071999549865723,3.700000047683716,3.700000047683716,462.0
2024-03-01 09:31:00,BIOL,0.14000000059604645,0.14000000059604645,0.14000000059604645,0.13899999856948853,0.13899999856948853,83430.0
2024-03-01 09:31:00,BIVI,3.094399929046631,3.094399929046631,3.2599000930786133,3.04010009765625,3.0999999046325684,12579253.0
2024-03-01 09:31:00,BLFS,14.979999542236328,14.979999542236328,14.979999542236328,14.604999542236328,14.604999542236328,23140.0
2024-03-01 09:31:00,BLRX,1.3694000244140625,1.3694000244140625,1.3700000047683716,1.3550000190734863,1.3550000190734863,22297.0
2024-03-01 09:31:00,BLUE,1.4500000476837158,1.4500000476837158,1.4600000381469727,1.4299999475479126,1.4500000476837158,218767.0
2024-03-01 09:31:00,BMEA,17.69499969482422,17.69499969482422,17.719999313354492,17.610000610351562,17.610000610351562,874.0
2024-03-01 09:31:00,BMRN,86.55249786376953,86.55249786376953,86.55249786376953,86.55249786376953,86.55249786376953,0.0
2024-03-01 09:31:00,BNGO,1.2599999904632568,1.2599999904632568,1.2699999809265137,1.2599999904632568,1.2649999856948853,83832.0
2024-03-01 09:31:00,BNR,0.8650000095367432,0.8650000095367432,0.8817999958992004,0.8650000095367432,0.8817999958992004,24707.0
2024-03-01 09:31:00,BNTX,89.5792007446289,89.5792007446289,89.83000183105469,89.5792007446289,89.66000366210938,2246.0
2024-03-01 09:31:00,BPMC,94.65499877929688,94.65499877929688,94.65499877929688,94.63500213623047,94.63500213623047,864.0
2024-03-01 09:31:00,BRKR,86.79000091552734,86.79000091552734,86.79000091552734,86.5199966430664,86.56999969482422,3118.0
2024-03-01 09:31:00,BRTX,1.4300999641418457,1.4300999641418457,1.4300999641418457,1.4300999641418457,1.4300999641418457,3229.0
2024-03-01 09:31:00,BTAI,3.2000999450683594,3.2000999450683594,3.25,3.190000057220459,3.190000057220459,29023.0
2024-03-01 09:31:00,BTCY,0.942799985408783,0.942799985408783,0.942799985408783,0.942799985408783,0.942799985408783,8545.0
2024-03-01 09:31:00,BTTX,0.16200000047683716,0.16200000047683716,0.164000004529953,0.16200000047683716,0.164000004529953,573241.0
2024-03-01 09:31:00,BVS,4.704999923706055,4.704999923706055,4.704999923706055,4.704999923706055,4.704999923706055,358.0
2024-03-01 09:31:00,BWAY,6.550000190734863,6.550000190734863,6.550000190734863,6.550000190734863,6.550000190734863,2535.0
2024-03-01 09:31:00,CABA,23.760000228881836,23.760000228881836,23.760000228881836,23.229999542236328,23.229999542236328,21100.0
2024-03-01 09:31:00,CAPR,4.240099906921387,4.240099906921387,4.25600004196167,4.239999771118164,4.25600004196167,19862.0
2024-03-01 09:31:00,CARA,0.824999988079071,0.824999988079071,0.8251000046730042,0.824999988079071,0.8251000046730042,5292.0
2024-03-01 09:31:00,CBAY,32.22999954223633,32.22999954223633,32.25,32.22999954223633,32.25,90665.0
2024-03-01 09:31:00,CCCC,11.004400253295898,11.004400253295898,11.170000076293945,11.004400253295898,11.170000076293945,45059.0
2024-03-01 09:31:00,CCRN,18.149999618530273,18.149999618530273,18.149999618530273,18.104999542236328,18.104999542236328,7882.0
2024-03-01 09:31:00,CDNA,11.1899995803833,11.1899995803833,11.204999923706055,11.09000015258789,11.09000015258789,24605.0
2024-03-01 09:31:00,CDTX,0.7307999730110168,0.7307999730110168,0.7307999730110168,0.7307999730110168,0.7307999730110168,3033.0
2024-03-01 09:31:00,CDXS,4.579999923706055,4.579999923706055,4.670000076293945,4.579999923706055,4.599999904632568,34053.0
2024-03-01 09:31:00,CELC,15.600000381469727,15.600000381469727,15.600000381469727,15.600000381469727,15.600000381469727,2533.0
2024-03-01 09:31:00,CERE,41.1349983215332,41.1349983215332,41.16999816894531,41.1349983215332,41.15999984741211,2300.0
2024-03-01 09:31:00,CERS,2.1600000858306885,2.1600000858306885,2.1700000762939453,2.1600000858306885,2.1700000762939453,1314.0
2024-03-01 09:31:00,CERT,16.700000762939453,16.700000762939453,17.1299991607666,16.700000762939453,17.020000457763672,16548.0
2024-03-01 09:31:00,CGC,3.299999952316284,3.299999952316284,3.309999942779541,3.299999952316284,3.299999952316284,67603.0
2024-03-01 09:31:00,CGEM,19.024999618530273,19.024999618530273,19.09000015258789,18.93000030517578,18.93000030517578,11818.0
2024-03-01 09:31:00,CGEN,2.6649999618530273,2.6649999618530273,2.6700000762939453,2.6649999618530273,2.6700000762939453,58428.0
2024-03-01 09:31:00,CGTX,2.0,2.0,2.0399999618530273,2.0,2.0,7875.0
2024-03-01 09:31:00,CHRS,2.315000057220459,2.315000057220459,2.319999933242798,2.315000057220459,2.315000057220459,3514.0
2024-03-01 09:31:00,CING,1.3300000429153442,1.3300000429153442,1.3300000429153442,1.3300000429153442,1.3300000429153442,18217.0
2024-03-01 09:31:00,CKPT,2.130000114440918,2.130000114440918,2.130000114440918,2.130000114440918,2.130000114440918,18182.0
2024-03-01 09:31:00,CLDX,48.689998626708984,48.689998626708984,48.79999923706055,48.2400016784668,48.474998474121094,134904.0
2024-03-01 09:31:00,CLOV,0.8795999884605408,0.8795999884605408,0.8797000050544739,0.8669999837875366,0.8797000050544739,111748.0
2024-03-01 09:31:00,CLPT,6.489999771118164,6.489999771118164,6.489999771118164,6.489999771118164,6.489999771118164,9895.0
2024-03-01 09:31:00,CLRB,3.990000009536743,3.990000009536743,3.990000009536743,3.990000009536743,3.990000009536743,1113.0
2024-03-01 09:31:00,CMAX,7.420000076293945,7.420000076293945,7.946000099182129,7.420000076293945,7.946000099182129,2749.0
2024-03-01 09:31:00,CMPS,10.380000114440918,10.380000114440918,10.390000343322754,10.319999694824219,10.319999694824219,1013.0
2024-03-01 09:31:00,CMPX,1.8300000429153442,1.8300000429153442,1.8300000429153442,1.8300000429153442,1.8300000429153442,10223.0
2024-03-01 09:31:00,CMRX,1.1299999952316284,1.1299999952316284,1.149999976158142,1.100000023841858,1.149999976158142,67470.0
2024-03-01 09:31:00,CNSP,0.2800000011920929,0.2800000011920929,0.2849999964237213,0.2800000011920929,0.2849999964237213,25886.0
2024-03-01 09:31:00,COGT,7.195000171661377,7.195000171661377,7.239999771118164,7.110000133514404,7.110000133514404,18928.0
2024-03-01 09:31:00,COLL,37.099998474121094,37.099998474121094,37.099998474121094,37.099998474121094,37.099998474121094,13682.0
2024-03-01 09:31:00,CORT,23.524999618530273,23.524999618530273,23.524999618530273,23.524999618530273,23.524999618530273,100.0
2024-03-01 09:31:00,COSM,0.7602999806404114,0.7602999806404114,0.7602999806404114,0.7602999806404114,0.7602999806404114,2185.0
2024-03-01 09:31:00,CPRX,16.674999237060547,16.674999237060547,16.780000686645508,16.65399932861328,16.68000030517578,71538.0
2024-03-01 09:31:00,CPSI,9.699000358581543,9.699000358581543,9.929900169372559,9.564499855041504,9.774999618530273,19220.0
2024-03-01 09:31:00,CRBP,30.510000228881836,30.510000228881836,30.510000228881836,30.479999542236328,30.479999542236328,0.0
2024-03-01 09:31:00,CRBU,8.088899612426758,8.088899612426758,8.114999771118164,8.088899612426758,8.114999771118164,12397.0
2024-03-01 09:31:00,CRDF,2.0699000358581543,2.0699000358581543,2.130000114440918,2.059999942779541,2.1050000190734863,1353510.0
2024-03-01 09:31:00,CRDL,2.130000114440918,2.130000114440918,2.130000114440918,2.0999999046325684,2.124500036239624,1498.0
2024-03-01 09:31:00,CRNX,42.06999969482422,42.06999969482422,42.06999969482422,42.06999969482422,42.06999969482422,8427.0
2024-03-01 09:31:00,CRON,2.069999933242798,2.069999933242798,2.0799999237060547,2.060800075531006,2.0799999237060547,81443.0
2024-03-01 09:31:00,CRSP,84.39250183105469,84.39250183105469,84.73999786376953,84.21499633789062,84.21499633789062,40383.0
2024-03-01 09:31:00,CRVS,2.220099925994873,2.220099925994873,2.220099925994873,2.220099925994873,2.220099925994873,0.0
2024-03-01 09:31:00,CSTL,19.049999237060547,19.049999237060547,19.049999237060547,18.639999389648438,18.639999389648438,24405.0
2024-03-01 09:31:00,CTKB,7.860000133514404,7.860000133514404,7.860000133514404,7.860000133514404,7.860000133514404,168.0
2024-03-01 09:31:00,CUTR,2.2100000381469727,2.2100000381469727,2.2300000190734863,2.2100000381469727,2.2200000286102295,28226.0
2024-03-01 09:31:00,CVRX,19.6200008392334,19.6200008392334,19.6200008392334,19.6200008392334,19.6200008392334,1799.0
2024-03-01 09:31:00,CYCN,3.1500000953674316,3.1500000953674316,3.1500000953674316,3.1500000953674316,3.1500000953674316,265.0
2024-03-01 09:31:00,CYTK,73.19000244140625,73.19000244140625,73.4800033569336,73.19000244140625,73.26000213623047,2039.0
2024-03-01 09:31:00,DCGO,3.994999885559082,3.994999885559082,4.03000020980835,3.990000009536743,4.03000020980835,40727.0
2024-03-01 09:31:00,DCPH,16.8799991607666,16.8799991607666,16.889999389648438,16.782499313354492,16.782499313354492,852.0
2024-03-01 09:31:00,DH,9.594599723815918,9.594599723815918,9.594599723815918,9.3100004196167,9.3100004196167,665.0
2024-03-01 09:31:00,DMAC,3.019700050354004,3.019700050354004,3.0299999713897705,3.019700050354004,3.0197999477386475,3282.0
2024-03-01 09:31:00,DMTK,1.0199999809265137,1.0199999809265137,1.0400999784469604,1.0197999477386475,1.0399999618530273,227522.0
2024-03-01 09:31:00,DNLI,20.21500015258789,20.21500015258789,20.21500015258789,19.954999923706055,19.954999923706055,17226.0
2024-03-01 09:31:00,DRMA,0.4578000009059906,0.4578000009059906,0.4578000009059906,0.4578000009059906,0.4578000009059906,557.0
2024-03-01 09:31:00,DRRX,0.9901000261306763,0.9901000261306763,0.9950000047683716,0.9901000261306763,0.9950000047683716,5127.0
2024-03-01 09:31:00,DTIL,14.390000343322754,14.390000343322754,14.779899597167969,14.390000343322754,14.470000267028809,46429.0
2024-03-01 09:31:00,DVAX,12.716500282287598,12.716500282287598,12.729999542236328,12.716500282287598,12.729999542236328,715.0
2024-03-01 09:31:00,DXCM,113.93499755859375,113.93499755859375,114.47000122070312,113.91500091552734,114.47000122070312,62352.0
2024-03-01 09:31:00,DYN,28.125,28.125,28.219999313354492,27.989999771118164,28.0,13223.0
2024-03-01 09:31:00,EDIT,10.3100004196167,10.3100004196167,10.3100004196167,10.095999717712402,10.095999717712402,60491.0
2024-03-01 09:31:00,EGRX,6.190000057220459,6.190000057220459,6.190000057220459,6.009900093078613,6.010000228881836,4823.0
2024-03-01 09:31:00,ELEV,4.4527997970581055,4.4527997970581055,4.46999979019165,4.409999847412109,4.409999847412109,70767.0
2024-03-01 09:31:00,ENTX,1.4198999404907227,1.4198999404907227,1.4199999570846558,1.3971999883651733,1.4198999404907227,6703.0
2024-03-01 09:31:00,ENVB,1.7201000452041626,1.7201000452041626,1.7400000095367432,1.649999976158142,1.6749999523162842,1316567.0
2024-03-01 09:31:00,EOLS,14.779999732971191,14.779999732971191,14.822799682617188,14.779999732971191,14.779999732971191,3808.0
2024-03-01 09:31:00,EQ,2.6103999614715576,2.6103999614715576,2.619999885559082,2.6103999614715576,2.619999885559082,909.0
2024-03-01 09:31:00,ESPR,2.490000009536743,2.490000009536743,2.5099000930786133,2.490000009536743,2.5,84395.0
2024-03-01 09:31:00,ETNB,12.020000457763672,12.020000457763672,12.020000457763672,11.805000305175781,11.859999656677246,15169.0
2024-03-01 09:31:00,EWTX,16.389999389648438,16.389999389648438,16.389999389648438,16.389999389648438,16.389999389648438,515.0
2024-03-01 09:31:00,EXAI,6.75,6.75,6.760000228881836,6.75,6.75,0.0
2024-03-01 09:31:00,EXAS,57.505001068115234,57.505001068115234,57.619998931884766,57.5,57.529998779296875,2789.0
2024-03-01 09:31:00,EXEL,22.149999618530273,22.149999618530273,22.229999542236328,22.149999618530273,22.200000762939453,27286.0
2024-03-01 09:31:00,EYEN,2.1494998931884766,2.1494998931884766,2.1494998931884766,2.1494998931884766,2.1494998931884766,13481.0
2024-03-01 09:31:00,FATE,7.3480000495910645,7.3480000495910645,7.349999904632568,7.28000020980835,7.28000020980835,7408.0
2024-03-01 09:31:00,FBIO,2.1050000190734863,2.1050000190734863,2.1050000190734863,2.0799999237060547,2.0799999237060547,10226.0
2024-03-01 09:31:00,FEMY,1.7450000047683716,1.7450000047683716,1.7450000047683716,1.7201000452041626,1.7201000452041626,2502.0
2024-03-01 09:31:00,FGEN,1.730299949645996,1.730299949645996,1.7400000095367432,1.730299949645996,1.7400000095367432,18617.0
2024-03-01 09:31:00,FLGT,22.725000381469727,22.725000381469727,22.725000381469727,22.725000381469727,22.725000381469727,4303.0
2024-03-01 09:31:00,FNCH,2.680000066757202,2.680000066757202,2.680000066757202,2.680000066757202,2.680000066757202,542.0
2024-03-01 09:31:00,FOLD,13.149999618530273,13.149999618530273,13.210000038146973,13.100000381469727,13.100000381469727,33688.0
2024-03-01 09:31:00,FULC,10.414999961853027,10.414999961853027,10.414999961853027,10.414999961853027,10.414999961853027,100.0
2024-03-01 09:31:00,FUSN,12.130000114440918,12.130000114440918,12.130000114440918,12.020000457763672,12.020000457763672,8728.0
2024-03-01 09:31:00,GBIO,2.5,2.5,2.5199999809265137,2.5,2.5199999809265137,19893.0
2024-03-01 09:31:00,GCTK,0.29499998688697815,0.29499998688697815,0.29499998688697815,0.29499998688697815,0.29499998688697815,2165.0
2024-03-01 09:31:00,GDRX,8.267000198364258,8.267000198364258,8.267000198364258,8.100000381469727,8.168000221252441,220790.0
2024-03-01 09:31:00,GENE,2.2523000240325928,2.2523000240325928,2.2523000240325928,2.251300096511841,2.251300096511841,2400.0
2024-03-01 09:31:00,GERN,2.0350000858306885,2.0350000858306885,2.0399999618530273,2.0299999713897705,2.0399999618530273,147017.0
2024-03-01 09:31:00,GH,19.0,19.0,19.0,19.0,19.0,100.0
2024-03-01 09:31:00,GILD,72.26920318603516,72.26920318603516,72.3550033569336,72.19999694824219,72.19999694824219,108926.0
2024-03-01 09:31:00,GLPG,34.900001525878906,34.900001525878906,35.040000915527344,34.900001525878906,35.02000045776367,7781.0
2024-03-01 09:31:00,GMAB,28.579999923706055,28.579999923706055,28.6299991607666,28.579999923706055,28.614999771118164,14265.0
2024-03-01 09:31:00,GMDA,0.3635999858379364,0.3635999858379364,0.3635999858379364,0.3635999858379364,0.3635999858379364,49620.0
2024-03-01 09:31:00,GNPX,4.380000114440918,4.380000114440918,4.380000114440918,4.294000148773193,4.294000148773193,3734.0
2024-03-01 09:31:00,GOSS,1.399999976158142,1.399999976158142,1.399999976158142,1.399999976158142,1.399999976158142,400.0
2024-03-01 09:31:00,GOVX,2.569999933242798,2.569999933242798,2.569999933242798,2.569999933242798,2.569999933242798,2968.0
2024-03-01 09:31:00,GRFS,6.890100002288818,6.890100002288818,6.940000057220459,6.890100002288818,6.934999942779541,471453.0
2024-03-01 09:31:00,GRPH,3.4600000381469727,3.4600000381469727,3.4600000381469727,3.450000047683716,3.4600000381469727,6837.0
2024-03-01 09:31:00,GRTS,2.039799928665161,2.039799928665161,2.0399999618530273,2.0000998973846436,2.005000114440918,341096.0
2024-03-01 09:31:00,GRTX,0.23989999294281006,0.23989999294281006,0.23999999463558197,0.23989999294281006,0.23999999463558197,38868.0
2024-03-01 09:31:00,GTHX,3.359999895095825,3.359999895095825,3.390000104904175,3.3299999237060547,3.3299999237060547,36111.0
2024-03-01 09:31:00,HALO,40.4900016784668,40.4900016784668,40.4900016784668,40.255001068115234,40.29999923706055,17552.0
2024-03-01 09:31:00,HARP,22.950000762939453,22.950000762939453,22.950000762939453,22.940000534057617,22.950000762939453,14319.0
2024-03-01 09:31:00,HCSG,12.630000114440918,12.630000114440918,12.670000076293945,12.630000114440918,12.640000343322754,17309.0
2024-03-01 09:31:00,HCTI,2.458400011062622,2.458400011062622,2.469899892807007,2.2644999027252197,2.4495999813079834,291203.0
2024-03-01 09:31:00,HLTH,0.27649998664855957,0.27649998664855957,0.28299999237060547,0.27649998664855957,0.28299999237060547,64327.0
2024-03-01 09:31:00,HOLX,73.29000091552734,73.29000091552734,73.44000244140625,73.29000091552734,73.44000244140625,71.0
2024-03-01 09:31:00,HOOK,0.7950000166893005,0.7950000166893005,0.7950000166893005,0.7950000166893005,0.7950000166893005,15390.0
2024-03-01 09:31:00,HOWL,6.894999980926514,6.894999980926514,6.894999980926514,6.894999980926514,6.894999980926514,2906.0
2024-03-01 09:31:00,HPCO,0.2599000036716461,0.2599000036716461,0.2599000036716461,0.2599000036716461,0.2599000036716461,2356.0
2024-03-01 09:31:00,HRMY,31.84000015258789,31.84000015258789,31.84000015258789,31.84000015258789,31.84000015258789,892.0
2024-03-01 09:31:00,HRTX,2.610100030899048,2.610100030899048,2.640000104904175,2.610100030899048,2.625200033187866,27322.0
2024-03-01 09:31:00,HSIC,76.41999816894531,76.41999816894531,76.76499938964844,76.41999816894531,76.76499938964844,6724.0
2024-03-01 09:31:00,HUMA,3.0399999618530273,3.0399999618530273,3.0899999141693115,3.0199999809265137,3.049999952316284,846824.0
2024-03-01 09:31:00,IART,37.006500244140625,37.006500244140625,37.006500244140625,37.006500244140625,37.006500244140625,1091.0
2024-03-01 09:31:00,IBRX,4.840000152587891,4.840000152587891,4.949999809265137,4.8109002113342285,4.855299949645996,76017.0
2024-03-01 09:31:00,ICLR,318.3699951171875,318.3699951171875,319.20001220703125,318.3699951171875,319.20001220703125,928.0
2024-03-01 09:31:00,IDXX,570.7949829101562,570.7949829101562,570.7949829101562,570.7949829101562,570.7949829101562,2905.0
2024-03-01 09:31:00,IDYA,45.529998779296875,45.529998779296875,45.59000015258789,45.529998779296875,45.59000015258789,1976.0
2024-03-01 09:31:00,IINN,1.6899000406265259,1.6899000406265259,1.6899000406265259,1.6700999736785889,1.6700999736785889,506.0
2024-03-01 09:31:00,ILMN,136.87319946289062,136.87319946289062,138.50999450683594,136.84860229492188,138.41000366210938,169825.0
2024-03-01 09:31:00,IMCC,0.32580000162124634,0.32580000162124634,0.32580000162124634,0.32580000162124634,0.32580000162124634,1771.0
2024-03-01 09:31:00,IMCR,67.87999725341797,67.87999725341797,67.87999725341797,66.72750091552734,66.72750091552734,4173.0
2024-03-01 09:31:00,IMNM,24.365699768066406,24.365699768066406,24.365699768066406,24.365699768066406,24.365699768066406,5504.0
2024-03-01 09:31:00,IMNN,1.1699999570846558,1.1699999570846558,1.1699999570846558,1.1699999570846558,1.1699999570846558,1198.0
2024-03-01 09:31:00,IMUX,1.4400999546051025,1.4400999546051025,1.4550000429153442,1.423200011253357,1.434999942779541,44971.0
2024-03-01 09:31:00,INBX,36.68000030517578,36.68000030517578,36.68000030517578,36.630001068115234,36.630001068115234,1146.0
2024-03-01 09:31:00,INCR,1.9800000190734863,1.9800000190734863,1.9800000190734863,1.978700041770935,1.9800000190734863,2722.0
2024-03-01 09:31:00,INCY,58.540000915527344,58.540000915527344,58.70500183105469,58.540000915527344,58.70249938964844,19109.0
2024-03-01 09:31:00,INGN,6.639999866485596,6.639999866485596,6.644999980926514,6.639999866485596,6.644999980926514,5918.0
2024-03-01 09:31:00,INKT,0.9609000086784363,0.9609000086784363,0.9609000086784363,0.9609000086784363,0.9609000086784363,171.0
2024-03-01 09:31:00,INM,0.4049000144004822,0.4049000144004822,0.4049000144004822,0.4049000144004822,0.4049000144004822,13685.0
2024-03-01 09:31:00,INMB,11.609999656677246,11.609999656677246,11.609999656677246,11.609999656677246,11.609999656677246,1219.0
2024-03-01 09:31:00,INMD,22.1200008392334,22.1200008392334,22.1299991607666,22.040000915527344,22.059999465942383,3355.0
2024-03-01 09:31:00,INSM,28.30500030517578,28.30500030517578,28.30500030517578,28.049999237060547,28.049999237060547,14375.0
2024-03-01 09:31:00,INVA,16.309999465942383,16.309999465942383,16.510000228881836,16.309999465942383,16.5,1044.0
2024-03-01 09:31:00,IONS,45.189998626708984,45.189998626708984,45.310001373291016,45.16999816894531,45.2599983215332,13675.0
2024-03-01 09:31:00,IOVA,16.53499984741211,16.53499984741211,16.700000762939453,16.40999984741211,16.566699981689453,268094.0
2024-03-01 09:31:00,IPSC,3.5399999618530273,3.5399999618530273,3.5399999618530273,3.5399999618530273,3.5399999618530273,12466.0
2024-03-01 09:31:00,IRWD,9.170000076293945,9.170000076293945,9.369999885559082,9.15999984741211,9.364999771118164,12216.0
2024-03-01 09:31:00,ISPC,0.45899999141693115,0.45899999141693115,0.45899999141693115,0.45899999141693115,0.45899999141693115,287.0
2024-03-01 09:31:00,ISRG,382.9447937011719,382.9447937011719,383.44500732421875,382.3999938964844,383.42999267578125,38320.0
2024-03-01 09:31:00,IXHL,5.050000190734863,5.050000190734863,5.050000190734863,5.03000020980835,5.03000020980835,738.0
2024-03-01 09:31:00,JAGX,0.0608999989926815,0.0608999989926815,0.0608999989926815,0.060499999672174454,0.06069999933242798,2065.0
2024-03-01 09:31:00,JANX,46.79999923706055,46.79999923706055,46.79999923706055,45.81010055541992,45.81010055541992,0.0
2024-03-01 09:31:00,JAZZ,120.3499984741211,120.3499984741211,120.3499984741211,119.62999725341797,119.70999908447266,2800.0
2024-03-01 09:31:00,KNSA,21.204999923706055,21.204999923706055,21.204999923706055,21.204999923706055,21.204999923706055,1177.0
2024-03-01 09:31:00,KNTE,2.619999885559082,2.619999885559082,2.619999885559082,2.619999885559082,2.619999885559082,297706.0
2024-03-01 09:31:00,KOD,6.130000114440918,6.130000114440918,6.130000114440918,6.04010009765625,6.04010009765625,7864.0
2024-03-01 09:31:00,KPRX,0.6769999861717224,0.6769999861717224,0.6769999861717224,0.6769999861717224,0.6769999861717224,4062.0
2024-03-01 09:31:00,KPTI,1.170199990272522,1.170199990272522,1.170199990272522,1.1684000492095947,1.1699999570846558,40945.0
2024-03-01 09:31:00,KROS,68.0,68.0,68.0,68.0,68.0,210.0
2024-03-01 09:31:00,KRTX,314.29998779296875,314.29998779296875,314.29998779296875,314.29998779296875,314.29998779296875,0.0
2024-03-01 09:31:00,KRYS,161.4600067138672,161.4600067138672,162.1699981689453,161.4600067138672,161.4600067138672,460.0
2024-03-01 09:31:00,KTRA,0.10540000349283218,0.10540000349283218,0.10540000349283218,0.10540000349283218,0.10540000349283218,190555.0
2024-03-01 09:31:00,KURA,21.079999923706055,21.079999923706055,21.274999618530273,21.065000534057617,21.065000534057617,6501.0
2024-03-01 09:31:00,KYMR,42.970001220703125,42.970001220703125,42.970001220703125,42.970001220703125,42.970001220703125,8822.0
2024-03-01 09:31:00,KZR,1.0549999475479126,1.0549999475479126,1.0549999475479126,1.0549999475479126,1.0549999475479126,12674.0
2024-03-01 09:31:00,LAB,2.25,2.25,2.265000104904175,2.25,2.265000104904175,17703.0
2024-03-01 09:31:00,LBPH,22.790000915527344,22.790000915527344,22.790000915527344,22.790000915527344,22.790000915527344,633.0
2024-03-01 09:31:00,LEGN,65.26119995117188,65.26119995117188,65.26119995117188,65.26119995117188,65.26119995117188,928.0
2024-03-01 09:31:00,LEXX,2.4897000789642334,2.4897000789642334,2.5399999618530273,2.4200000762939453,2.440000057220459,346216.0
2024-03-01 09:31:00,LFMD,8.109999656677246,8.109999656677246,8.109999656677246,8.045000076293945,8.045000076293945,437.0
2024-03-01 09:31:00,LFST,8.130000114440918,8.130000114440918,8.170000076293945,8.130000114440918,8.149999618530273,44950.0
2024-03-01 09:31:00,LGVN,0.550000011920929,0.550000011920929,0.550000011920929,0.550000011920929,0.550000011920929,7941.0
2024-03-01 09:31:00,LIAN,4.849999904632568,4.849999904632568,4.849999904632568,4.849999904632568,4.849999904632568,20440.0
2024-03-01 09:31:00,LIVN,54.44499969482422,54.44499969482422,54.45500183105469,54.44499969482422,54.45500183105469,3275.0
2024-03-01 09:31:00,LIXT,2.6800999641418457,2.6800999641418457,2.684999942779541,2.6800999641418457,2.684999942779541,3159.0
2024-03-01 09:31:00,LMAT,69.45999908447266,69.45999908447266,69.45999908447266,69.31999969482422,69.43000030517578,2901.0
2024-03-01 09:31:00,LSTA,3.1500000953674316,3.1500000953674316,3.1500000953674316,3.1500000953674316,3.1500000953674316,252.0
2024-03-01 09:31:00,LUCD,1.2350000143051147,1.2350000143051147,1.2350000143051147,1.2350000143051147,1.2350000143051147,6000.0
2024-03-01 09:31:00,LVTX,2.950000047683716,2.950000047683716,3.0299999713897705,2.861999988555908,2.880000114440918,136791.0
2024-03-01 09:31:00,LXRX,2.4700000286102295,2.4700000286102295,2.5,2.4600000381469727,2.4619998931884766,93677.0
2024-03-01 09:31:00,LYEL,2.9600000381469727,2.9600000381469727,3.0,2.944999933242798,2.9700000286102295,19907.0
2024-03-01 09:31:00,MASI,128.0850067138672,128.0850067138672,128.0850067138672,128.0850067138672,128.0850067138672,100.0
2024-03-01 09:31:00,MBOT,1.2799999713897705,1.2799999713897705,1.2799999713897705,1.2799999713897705,1.2799999713897705,200.0
2024-03-01 09:31:00,MDGL,238.52000427246094,238.52000427246094,238.52000427246094,238.52000427246094,238.52000427246094,370.0
2024-03-01 09:31:00,MDRX,5.849999904632568,5.849999904632568,5.849999904632568,5.599999904632568,5.599999904632568,15775.0
2024-03-01 09:31:00,MDXG,8.34000015258789,8.34000015258789,8.364999771118164,8.289999961853027,8.34000015258789,2951.0
2024-03-01 09:31:00,ME,0.5649999976158142,0.5649999976158142,0.5649999976158142,0.5600000023841858,0.5613999962806702,1083460.0
2024-03-01 09:31:00,MESO,2.0,2.0,2.0,2.0,2.0,2854.0
2024-03-01 09:31:00,MGNX,18.18000030517578,18.18000030517578,18.18000030517578,18.170000076293945,18.170000076293945,6685.0
2024-03-01 09:31:00,MIST,1.75,1.75,1.75,1.75,1.75,13179.0
2024-03-01 09:31:00,MLTX,50.40999984741211,50.40999984741211,50.40999984741211,49.939998626708984,49.959999084472656,2029.0
2024-03-01 09:31:00,MMSI,76.66500091552734,76.66500091552734,76.68000030517578,76.66500091552734,76.68000030517578,9156.0
2024-03-01 09:31:00,MNKD,4.308899879455566,4.308899879455566,4.349999904632568,4.269999980926514,4.269999980926514,85810.0
2024-03-01 09:31:00,MNMD,5.724999904632568,5.724999904632568,5.760000228881836,5.724999904632568,5.735000133514404,0.0
2024-03-01 09:31:00,MNOV,1.350000023841858,1.350000023841858,1.3600000143051147,1.350000023841858,1.3600000143051147,5231.0
2024-03-01 09:31:00,MNPR,0.7599999904632568,0.7599999904632568,0.7699999809265137,0.7599999904632568,0.7699999809265137,334990.0
2024-03-01 09:31:00,MODV,28.334999084472656,28.334999084472656,28.334999084472656,28.334999084472656,28.334999084472656,0.0
2024-03-01 09:31:00,MORF,37.45000076293945,37.45000076293945,37.45000076293945,37.22999954223633,37.400001525878906,589.0
2024-03-01 09:31:00,MRAI,1.4914000034332275,1.4914000034332275,1.5,1.4800000190734863,1.4800000190734863,5481.0
2024-03-01 09:31:00,MREO,3.809999942779541,3.809999942779541,3.822200059890747,3.799999952316284,3.799999952316284,15641.0
2024-03-01 09:31:00,MRNA,92.77999877929688,92.77999877929688,93.36499786376953,92.77999877929688,93.0,70141.0
2024-03-01 09:31:00,MRNS,9.760100364685059,9.760100364685059,9.760100364685059,9.760100364685059,9.760100364685059,4963.0
2024-03-01 09:31:00,MRSN,5.704999923706055,5.704999923706055,5.75,5.619999885559082,5.619999885559082,24984.0
2024-03-01 09:31:00,MRUS,49.20249938964844,49.20249938964844,49.20249938964844,48.88999938964844,48.88999938964844,16430.0
2024-03-01 09:31:00,MRVI,7.71999979019165,7.71999979019165,7.820000171661377,7.71999979019165,7.820000171661377,300.0
2024-03-01 09:31:00,MYGN,20.829999923706055,20.829999923706055,21.020000457763672,20.829999923706055,21.020000457763672,1336.0
2024-03-01 09:31:00,MYMD,3.5,3.5,3.5,3.5,3.5,4964.0
2024-03-01 09:31:00,MYNZ,0.8899999856948853,0.8899999856948853,0.8899999856948853,0.8899999856948853,0.8899999856948853,3553.0
2024-03-01 09:31:00,NARI,45.849998474121094,45.849998474121094,46.275001525878906,45.74449920654297,46.275001525878906,30932.0
2024-03-01 09:31:00,NBIX,131.39999389648438,131.39999389648438,131.39999389648438,131.39999389648438,131.39999389648438,334.0
2024-03-01 09:31:00,NCNA,0.3176000118255615,0.3176000118255615,0.3176000118255615,0.3176000118255615,0.3176000118255615,1662.0
2024-03-01 09:31:00,NEOG,17.165000915527344,17.165000915527344,17.200000762939453,17.15999984741211,17.15999984741211,16914.0
2024-03-01 09:31:00,NERV,2.674099922180176,2.674099922180176,2.674099922180176,2.674099922180176,2.674099922180176,2115.0
2024-03-01 09:31:00,NGM,1.5399999618530273,1.5399999618530273,1.5399999618530273,1.5399999618530273,1.5399999618530273,969.0
2024-03-01 09:31:00,NKTX,12.579999923706055,12.579999923706055,12.579999923706055,12.579899787902832,12.579899787902832,56362.0
2024-03-01 09:31:00,NNOX,11.354999542236328,11.354999542236328,11.430000305175781,11.260000228881836,11.350000381469727,69847.0
2024-03-01 09:31:00,NRBO,5.520100116729736,5.520100116729736,5.699999809265137,5.519999980926514,5.699999809265137,14721.0
2024-03-01 09:31:00,NRXP,0.3799999952316284,0.3799999952316284,0.3799999952316284,0.3744499981403351,0.37779998779296875,276363.0
2024-03-01 09:31:00,NTLA,32.727500915527344,32.727500915527344,32.79999923706055,32.43000030517578,32.470001220703125,3320.0
2024-03-01 09:31:00,NTRA,87.56500244140625,87.56500244140625,87.61000061035156,87.06500244140625,87.06500244140625,9056.0
2024-03-01 09:31:00,NVAX,5.045000076293945,5.045000076293945,5.150000095367432,5.03000020980835,5.074999809265137,492130.0
2024-03-01 09:31:00,NVCR,15.359999656677246,15.359999656677246,15.359999656677246,15.199999809265137,15.199999809265137,14276.0
2024-03-01 09:31:00,NVNO,6.335000038146973,6.335000038146973,6.335000038146973,6.335000038146973,6.335000038146973,7660.0
2024-03-01 09:31:00,NVOS,0.612500011920929,0.612500011920929,0.6201000213623047,0.612500011920929,0.6200000047683716,9970.0
2024-03-01 09:31:00,NXGL,2.4014999866485596,2.4014999866485596,2.4014999866485596,2.4014999866485596,2.4014999866485596,588.0
2024-03-01 09:31:00,OCGN,0.9399999976158142,0.9399999976158142,0.9399999976158142,0.9362000226974487,0.9394999742507935,120296.0
2024-03-01 09:31:00,OCUL,10.15250015258789,10.15250015258789,10.164999961853027,10.069999694824219,10.104999542236328,26376.0
2024-03-01 09:31:00,OCUP,2.559999942779541,2.559999942779541,2.559999942779541,2.559999942779541,2.559999942779541,1702.0
2024-03-01 09:31:00,OGI,2.0699000358581543,2.0699000358581543,2.0850000381469727,2.059999942779541,2.069999933242798,16689.0
2024-03-01 09:31:00,OLK,22.4950008392334,22.4950008392334,22.4950008392334,22.4950008392334,22.4950008392334,318.0
2024-03-01 09:31:00,OLMA,12.484999656677246,12.484999656677246,12.484999656677246,12.484999656677246,12.484999656677246,361.0
2024-03-01 09:31:00,OMER,4.550000190734863,4.550000190734863,4.550000190734863,4.550000190734863,4.550000190734863,3126.0
2024-03-01 09:31:00,ONCY,1.1299999952316284,1.1299999952316284,1.1299999952316284,1.1159000396728516,1.1159000396728516,36178.0
2024-03-01 09:31:00,ONVO,1.0299999713897705,1.0299999713897705,1.0299999713897705,1.0299999713897705,1.0299999713897705,1938.0
2024-03-01 09:32:00,ABCL,5.019999980926514,5.019999980926514,5.019999980926514,5.010000228881836,5.010000228881836,12017.0
2024-03-01 09:32:00,ABEO,6.960000038146973,6.960000038146973,6.960000038146973,6.960000038146973,6.960000038146973,112.0
2024-03-01 09:32:00,ABOS,4.440000057220459,4.440000057220459,4.449999809265137,4.379000186920166,4.379000186920166,2657.0
2024-03-01 09:32:00,ABSI,5.130000114440918,5.130000114440918,5.139999866485596,5.091300010681152,5.114999771118164,13498.0
2024-03-01 09:32:00,ABUS,2.7699999809265137,2.7699999809265137,2.7699999809265137,2.7699999809265137,2.7699999809265137,0.0
2024-03-01 09:32:00,ABVC,1.1698999404907227,1.1698999404907227,1.1698999404907227,1.1698999404907227,1.1698999404907227,300.0
2024-03-01 09:32:00,ACAD,23.450000762939453,23.450000762939453,23.450000762939453,23.424999237060547,23.450000762939453,1473.0
2024-03-01 09:32:00,ACB,3.069999933242798,3.069999933242798,3.0999999046325684,3.059999942779541,3.0999999046325684,29029.0
2024-03-01 09:32:00,ACCD,10.130000114440918,10.130000114440918,10.130000114440918,10.130000114440918,10.130000114440918,0.0
2024-03-01 09:32:00,ACET,2.380000114440918,2.380000114440918,2.380000114440918,2.380000114440918,2.380000114440918,388.0
2024-03-01 09:32:00,ACHC,83.87999725341797,83.87999725341797,83.87999725341797,83.87999725341797,83.87999725341797,105.0
2024-03-01 09:32:00,ACLX,67.29000091552734,67.29000091552734,67.29000091552734,66.91000366210938,66.91000366210938,9413.0
2024-03-01 09:32:00,ACON,0.3930000066757202,0.3930000066757202,0.3930000066757202,0.3801000118255615,0.38999998569488525,39388.0
2024-03-01 09:32:00,ACRS,1.2200000286102295,1.2200000286102295,1.2200000286102295,1.2100000381469727,1.215000033378601,500.0
2024-03-01 09:32:00,ADAP,1.590000033378601,1.590000033378601,1.600000023841858,1.5700000524520874,1.5700000524520874,32255.0
2024-03-01 09:32:00,ADIL,3.0299999713897705,3.0299999713897705,3.1500000953674316,2.990000009536743,3.069000005722046,369322.0
2024-03-01 09:32:00,ADMA,5.420000076293945,5.420000076293945,5.429999828338623,5.409999847412109,5.409999847412109,1749.0
2024-03-01 09:32:00,ADPT,4.034999847412109,4.034999847412109,4.034999847412109,4.01140022277832,4.01140022277832,687.0
2024-03-01 09:32:00,ADUS,92.2699966430664,92.2699966430664,92.2699966430664,92.2699966430664,92.2699966430664,347.0
2024-03-01 09:32:00,ADVM,1.9700000286102295,1.9700000286102295,1.9900000095367432,1.9700000286102295,1.9900000095367432,12150.0
2024-03-01 09:32:00,AFMD,0.6308000087738037,0.6308000087738037,0.6308000087738037,0.6200000047683716,0.6215999722480774,10501.0
2024-03-01 09:32:00,AGEN,0.671500027179718,0.671500027179718,0.675000011920929,0.671500027179718,0.675000011920929,3654.0
2024-03-01 09:32:00,AGIO,32.72999954223633,32.72999954223633,32.72999954223633,32.71500015258789,32.71500015258789,102.0
2024-03-01 09:32:00,AHCO,10.359999656677246,10.359999656677246,10.359999656677246,10.350000381469727,10.359999656677246,474.0
2024-03-01 09:32:00,AIMD,0.9900000095367432,0.9900000095367432,0.9940000176429749,0.9800000190734863,0.9940000176429749,612.0
2024-03-01 09:32:00,AIRS,6.409999847412109,6.409999847412109,6.409999847412109,6.409999847412109,6.409999847412109,149.0
2024-03-01 09:32:00,AKAN,0.2818000018596649,0.2818000018596649,0.28220000863075256,0.2809999883174896,0.28110000491142273,8298.0
2024-03-01 09:32:00,AKBA,1.5950000286102295,1.5950000286102295,1.5950000286102295,1.5950000286102295,1.5950000286102295,135.0
2024-03-01 09:32:00,AKLI,0.36000001430511475,0.36000001430511475,0.36000001430511475,0.36000001430511475,0.36000001430511475,0.0
2024-03-01 09:32:00,AKRO,28.459999084472656,28.459999084472656,28.459999084472656,28.270000457763672,28.299999237060547,685.0
2024-03-01 09:32:00,ALDX,3.7300000190734863,3.7300000190734863,3.7899999618530273,3.720099925994873,3.7300000190734863,9319.0
2024-03-01 09:32:00,ALEC,7.25,7.25,7.284999847412109,7.25,7.25,3.0
2024-03-01 09:32:00,ALGN,299.3599853515625,299.3599853515625,301.0450134277344,299.0199890136719,300.8500061035156,1624.0
2024-03-01 09:32:00,ALHC,5.940000057220459,5.940000057220459,5.940000057220459,5.900000095367432,5.909999847412109,5167.0
2024-03-01 09:32:00,ALKS,29.780000686645508,29.780000686645508,29.780000686645508,29.729999542236328,29.729999542236328,1231.0
2024-03-01 09:32:00,ALLK,1.5299999713897705,1.5299999713897705,1.5299999713897705,1.5199999809265137,1.5199999809265137,0.0
2024-03-01 09:32:00,ALLO,4.989799976348877,4.989799976348877,4.989799976348877,4.96999979019165,4.970099925994873,9173.0
2024-03-01 09:32:00,ALPN,35.70000076293945,35.70000076293945,35.80289840698242,35.70000076293945,35.80289840698242,0.0
2024-03-01 09:32:00,ALT,12.59000015258789,12.59000015258789,12.680000305175781,12.369999885559082,12.399999618530273,43240.0
2024-03-01 09:32:00,ALVO,15.420000076293945,15.420000076293945,15.579999923706055,15.420000076293945,15.550000190734863,5420.0
2024-03-01 09:32:00,AMGN,275.8550109863281,275.8550109863281,276.20001220703125,275.57501220703125,275.57501220703125,11858.0
2024-03-01 09:32:00,AMLX,19.06999969482422,19.06999969482422,19.06999969482422,19.06999969482422,19.06999969482422,0.0
2024-03-01 09:32:00,AMPH,46.47999954223633,46.47999954223633,46.54999923706055,46.07440185546875,46.45000076293945,3643.0
2024-03-01 09:32:00,AMRN,1.024999976158142,1.024999976158142,1.0399999618530273,1.0099999904632568,1.0399999618530273,45534.0
2024-03-01 09:32:00,ANGO,5.355000019073486,5.355000019073486,5.409999847412109,5.355000019073486,5.409999847412109,3722.0
2024-03-01 09:32:00,ANIK,24.040000915527344,24.040000915527344,24.040000915527344,24.040000915527344,24.040000915527344,0.0
2024-03-01 09:32:00,ANIP,67.99500274658203,67.99500274658203,67.99500274658203,67.69000244140625,67.69000244140625,315.0
2024-03-01 09:32:00,ANNX,6.204999923706055,6.204999923706055,6.329999923706055,6.099999904632568,6.329999923706055,15289.0
2024-03-01 09:32:00,ANTX,3.0399999618530273,3.0399999618530273,3.0399999618530273,3.0299999713897705,3.0299999713897705,0.0
2024-03-01 09:32:00,APLS,62.34000015258789,62.34000015258789,62.81589889526367,62.34000015258789,62.68000030517578,3566.0
2024-03-01 09:32:00,APLT,7.5,7.5,7.510000228881836,7.389999866485596,7.444900035858154,11626.0
2024-03-01 09:32:00,APRE,8.59000015258789,8.59000015258789,8.600000381469727,8.579999923706055,8.579999923706055,600.0
2024-03-01 09:32:00,AQST,3.76990008354187,3.76990008354187,3.7699999809265137,3.740000009536743,3.740000009536743,3964.0
2024-03-01 09:32:00,ARAY,2.5982000827789307,2.5982000827789307,2.5999999046325684,2.5899999141693115,2.5899999141693115,808.0
2024-03-01 09:32:00,ARCT,39.10279846191406,39.10279846191406,39.28499984741211,39.0099983215332,39.28499984741211,3859.0
2024-03-01 09:32:00,ARDX,9.550000190734863,9.550000190734863,9.550000190734863,9.470000267028809,9.5,33996.0
2024-03-01 09:32:00,ARGX,379.79998779296875,379.79998779296875,379.79998779296875,379.7950134277344,379.7950134277344,1288.0
2024-03-01 09:32:00,ARQT,10.348899841308594,10.348899841308594,10.369999885559082,10.260000228881836,10.260000228881836,11974.0
2024-03-01 09:32:00,ARVN,47.22999954223633,47.22999954223633,47.22999954223633,47.22999954223633,47.22999954223633,0.0
2024-03-01 09:32:00,ARWR,32.814998626708984,32.814998626708984,32.814998626708984,32.71500015258789,32.73500061035156,0.0
2024-03-01 09:32:00,ASMB,13.199999809265137,13.199999809265137,13.199999809265137,13.100000381469727,13.100000381469727,4922.0
2024-03-01 09:32:00,ASRT,0.8799999952316284,0.8799999952316284,0.8799999952316284,0.8799999952316284,0.8799999952316284,0.0
2024-03-01 09:32:00,ATEC,13.25,13.25,13.479999542236328,13.1899995803833,13.479999542236328,6438.0
2024-03-01 09:32:00,ATOS,0.9811000227928162,0.9811000227928162,0.9854000210762024,0.9811000227928162,0.9854000210762024,2719.0
2024-03-01 09:32:00,ATRA,0.7800999879837036,0.7800999879837036,0.7800999879837036,0.7800999879837036,0.7800999879837036,1705.0
2024-03-01 09:32:00,ATRC,34.98500061035156,34.98500061035156,34.98500061035156,34.98500061035156,34.98500061035156,416.0
2024-03-01 09:32:00,ATRI,366.29998779296875,366.29998779296875,366.29998779296875,366.29998779296875,366.29998779296875,3988.0
2024-03-01 09:32:00,AUGX,4.409999847412109,4.409999847412109,4.409999847412109,4.409999847412109,4.409999847412109,91.0
2024-03-01 09:32:00,AUPH,5.679999828338623,5.679999828338623,5.699999809265137,5.675000190734863,5.699999809265137,2161.0
2024-03-01 09:32:00,AVDL,13.069999694824219,13.069999694824219,13.140000343322754,12.815199851989746,12.869999885559082,9613.0
2024-03-01 09:32:00,AVXL,5.139999866485596,5.139999866485596,5.159999847412109,5.130000114440918,5.159999847412109,1160.0
2024-03-01 09:32:00,AXNX,67.875,67.875,67.92500305175781,67.72000122070312,67.92500305175781,2837.0
2024-03-01 09:32:00,AZN,64.22000122070312,64.22000122070312,64.23999786376953,64.16100311279297,64.16100311279297,17514.0
2024-03-01 09:32:00,BBIO,34.35499954223633,34.35499954223633,34.35499954223633,34.35499954223633,34.35499954223633,283.0
2024-03-01 09:32:00,BBLG,2.8053998947143555,2.8053998947143555,2.950000047683716,2.75,2.940000057220459,6732.0
2024-03-01 09:32:00,BCDA,0.5600000023841858,0.5600000023841858,0.5600000023841858,0.5600000023841858,0.5600000023841858,19134.0
2024-03-01 09:32:00,BCRX,5.699999809265137,5.699999809265137,5.71999979019165,5.699999809265137,5.699999809265137,1508.0
2024-03-01 09:32:00,BDSX,1.649999976158142,1.649999976158142,1.7300000190734863,1.649999976158142,1.726099967956543,3630.0
2024-03-01 09:32:00,BDTX,5.206299781799316,5.206299781799316,5.260000228881836,5.206299781799316,5.259900093078613,6961.0
2024-03-01 09:32:00,BEAM,39.88999938964844,39.88999938964844,39.88999938964844,39.70000076293945,39.70000076293945,837.0
2024-03-01 09:32:00,BEAT,1.4500000476837158,1.4500000476837158,1.4500000476837158,1.4299999475479126,1.4500000476837158,0.0
2024-03-01 09:32:00,BGNE,162.50999450683594,162.50999450683594,162.50999450683594,162.50999450683594,162.50999450683594,0.0
2024-03-01 09:32:00,BGXX,0.2678999900817871,0.2678999900817871,0.2678999900817871,0.2678999900817871,0.2678999900817871,468.0
2024-03-01 09:32:00,BIIB,215.60000610351562,215.60000610351562,215.60000610351562,215.60000610351562,215.60000610351562,959.0
2024-03-01 09:32:00,BIOL,0.14000000059604645,0.14000000059604645,0.14000000059604645,0.14000000059604645,0.14000000059604645,202.0
2024-03-01 09:32:00,BIVI,3.0262999534606934,3.0262999534606934,3.1500000953674316,2.759999990463257,3.069999933242798,1087437.0
2024-03-01 09:32:00,BLFS,15.760000228881836,15.760000228881836,16.110000610351562,15.121999740600586,15.200300216674805,16916.0
2024-03-01 09:32:00,BLUE,1.4500999450683594,1.4500999450683594,1.4600000381469727,1.4450000524520874,1.4550000429153442,83301.0
2024-03-01 09:32:00,BMEA,17.700000762939453,17.700000762939453,17.700000762939453,17.700000762939453,17.700000762939453,0.0
2024-03-01 09:32:00,BNGO,1.2588000297546387,1.2588000297546387,1.2599999904632568,1.25,1.2599999904632568,0.0
2024-03-01 09:32:00,BNR,0.8321999907493591,0.8321999907493591,0.8899999856948853,0.8321999907493591,0.8321999907493591,0.0
2024-03-01 09:32:00,BNTX,89.69999694824219,89.69999694824219,89.69999694824219,89.50270080566406,89.50270080566406,845.0
2024-03-01 09:32:00,BRKR,86.83999633789062,86.83999633789062,86.88999938964844,86.48500061035156,86.55000305175781,2759.0
2024-03-01 09:32:00,BSGM,0.718999981880188,0.718999981880188,0.718999981880188,0.6865000128746033,0.6865000128746033,0.0
2024-03-01 09:32:00,BTAI,3.2149999141693115,3.2149999141693115,3.25,3.2149999141693115,3.2249999046325684,9521.0
2024-03-01 09:32:00,BTTX,0.16200000047683716,0.16200000047683716,0.16300000250339508,0.16200000047683716,0.16290000081062317,45572.0
2024-03-01 09:32:00,BWAY,6.550000190734863,6.550000190734863,6.550000190734863,6.550000190734863,6.550000190734863,399.0
2024-03-01 09:32:00,CABA,23.40999984741211,23.40999984741211,23.59000015258789,23.40999984741211,23.59000015258789,0.0
2024-03-01 09:32:00,CADL,1.8600000143051147,1.8600000143051147,1.8600000143051147,1.8600000143051147,1.8600000143051147,152.0
2024-03-01 09:32:00,CAPR,4.33650016784668,4.33650016784668,4.33650016784668,4.269999980926514,4.269999980926514,0.0
2024-03-01 09:32:00,CBAY,32.220001220703125,32.220001220703125,32.22999954223633,32.220001220703125,32.224998474121094,12683.0
2024-03-01 09:32:00,CCCC,11.0600004196167,11.0600004196167,11.079999923706055,10.98390007019043,11.041500091552734,5126.0
2024-03-01 09:32:00,CCRN,18.165000915527344,18.165000915527344,18.165000915527344,18.165000915527344,18.165000915527344,0.0
2024-03-01 09:32:00,CDMO,7.744999885559082,7.744999885559082,7.809999942779541,7.744999885559082,7.802499771118164,620.0
2024-03-01 09:32:00,CDNA,11.239999771118164,11.239999771118164,11.260000228881836,11.180000305175781,11.210000038146973,1446.0
2024-03-01 09:32:00,CDXS,4.550000190734863,4.550000190734863,4.605000019073486,4.539999961853027,4.539999961853027,5585.0
2024-03-01 09:32:00,CELC,15.600000381469727,15.600000381469727,15.600000381469727,15.600000381469727,15.600000381469727,101.0
2024-03-01 09:32:00,CERE,41.1349983215332,41.1349983215332,41.1349983215332,41.1349983215332,41.1349983215332,253.0
2024-03-01 09:32:00,CERS,2.140000104904175,2.140000104904175,2.140000104904175,2.140000104904175,2.140000104904175,1015.0
2024-03-01 09:32:00,CERT,16.510000228881836,16.510000228881836,16.704999923706055,16.420000076293945,16.704999923706055,4052.0
2024-03-01 09:32:00,CGC,3.2599000930786133,3.2599000930786133,3.2599000930786133,3.2599000930786133,3.2599000930786133,0.0
2024-03-01 09:32:00,CGEM,18.809999465942383,18.809999465942383,18.969999313354492,18.80500030517578,18.950000762939453,1651.0
2024-03-01 09:32:00,CGTX,2.062999963760376,2.062999963760376,2.062999963760376,2.062999963760376,2.062999963760376,0.0
2024-03-01 09:32:00,CHRS,2.319999933242798,2.319999933242798,2.319999933242798,2.309999942779541,2.309999942779541,968.0
2024-03-01 09:32:00,CJJD,3.0199999809265137,3.0199999809265137,3.0199999809265137,3.0199999809265137,3.0199999809265137,0.0
2024-03-01 09:32:00,CKPT,2.130000114440918,2.130000114440918,2.149899959564209,2.130000114440918,2.130000114440918,3748.0
2024-03-01 09:32:00,CLDX,48.650001525878906,48.650001525878906,48.79999923706055,48.349998474121094,48.68000030517578,7323.0
2024-03-01 09:32:00,CLNN,0.42489999532699585,0.42489999532699585,0.42489999532699585,0.42489999532699585,0.42489999532699585,13694.0
2024-03-01 09:32:00,CLOV,0.8579999804496765,0.8579999804496765,0.8718000054359436,0.8579999804496765,0.8651000261306763,25259.0
2024-03-01 09:32:00,CLPT,6.485000133514404,6.485000133514404,6.518499851226807,6.485000133514404,6.489999771118164,1314.0
2024-03-01 09:32:00,CLRB,3.984299898147583,3.984299898147583,3.9999001026153564,3.984299898147583,3.9999001026153564,4400.0
2024-03-01 09:32:00,CMMB,0.6604999899864197,0.6604999899864197,0.6604999899864197,0.6510999798774719,0.6510999798774719,1683.0
2024-03-01 09:32:00,CMPS,10.399999618530273,10.399999618530273,10.460000038146973,10.390000343322754,10.390000343322754,4814.0
2024-03-01 09:32:00,CMRX,1.1299999952316284,1.1299999952316284,1.1299999952316284,1.1299999952316284,1.1299999952316284,0.0
2024-03-01 09:32:00,CODX,1.1598999500274658,1.1598999500274658,1.1598999500274658,1.1598999500274658,1.1598999500274658,2150.0
2024-03-01 09:32:00,COGT,7.190000057220459,7.190000057220459,7.195000171661377,7.190000057220459,7.195000171661377,532.0
2024-03-01 09:32:00,CORT,23.389999389648438,23.389999389648438,23.420000076293945,23.389999389648438,23.420000076293945,746.0
2024-03-01 09:32:00,CPRX,16.329999923706055,16.329999923706055,16.65999984741211,16.329999923706055,16.65999984741211,6316.0
2024-03-01 09:32:00,CPSI,9.899999618530273,9.899999618530273,9.989999771118164,9.449999809265137,9.470000267028809,2886.0
2024-03-01 09:32:00,CRBP,30.600000381469727,30.600000381469727,30.860000610351562,30.36479949951172,30.860000610351562,612.0
2024-03-01 09:32:00,CRBU,8.085000038146973,8.085000038146973,8.119999885559082,8.071999549865723,8.079999923706055,1551.0
2024-03-01 09:32:00,CRDF,2.030900001525879,2.030900001525879,2.064500093460083,2.0299999713897705,2.064500093460083,37427.0
2024-03-01 09:32:00,CRDL,2.1500000953674316,2.1500000953674316,2.1500000953674316,2.109999895095825,2.109999895095825,8975.0
2024-03-01 09:32:00,CRNX,42.91999816894531,42.91999816894531,42.91999816894531,42.33000183105469,42.33000183105469,2112.0
2024-03-01 09:32:00,CRON,2.069999933242798,2.069999933242798,2.069999933242798,2.0601000785827637,2.0601000785827637,3126.0
2024-03-01 09:32:00,CRSP,84.19499969482422,84.19499969482422,84.41000366210938,84.01809692382812,84.41000366210938,8396.0
2024-03-01 09:32:00,CSTL,19.125099182128906,19.125099182128906,19.125099182128906,18.790000915527344,18.81399917602539,0.0
2024-03-01 09:32:00,CTKB,7.769999980926514,7.769999980926514,7.815000057220459,7.769999980926514,7.815000057220459,603.0
2024-03-01 09:32:00,CTMX,2.4600000381469727,2.4600000381469727,2.4600000381469727,2.4600000381469727,2.4600000381469727,200.0
2024-03-01 09:32:00,CUTR,2.2149999141693115,2.2149999141693115,2.2149999141693115,2.1900999546051025,2.2100000381469727,8580.0
2024-03-01 09:32:00,CVAC,3.390000104904175,3.390000104904175,3.4100000858306885,3.390000104904175,3.4100000858306885,6582.0
2024-03-01 09:32:00,CVRX,19.80500030517578,19.80500030517578,19.80500030517578,19.75,19.75,102.0
2024-03-01 09:32:00,CYTK,73.69999694824219,73.69999694824219,73.75,73.25,73.25499725341797,2259.0
2024-03-01 09:32:00,CYTO,1.9299999475479126,1.9299999475479126,1.940000057220459,1.9299999475479126,1.9299999475479126,1993.0
2024-03-01 09:32:00,DARE,0.5799999833106995,0.5799999833106995,0.5799999833106995,0.5799999833106995,0.5799999833106995,392.0
2024-03-01 09:32:00,DCGO,3.994999885559082,3.994999885559082,3.994999885559082,3.9779000282287598,3.994999885559082,1446.0
2024-03-01 09:32:00,DCPH,16.979999542236328,16.979999542236328,16.979999542236328,16.979999542236328,16.979999542236328,33.0
2024-03-01 09:32:00,DERM,3.865000009536743,3.865000009536743,3.900099992752075,3.865000009536743,3.900099992752075,0.0
2024-03-01 09:32:00,DH,9.40999984741211,9.40999984741211,9.40999984741211,9.40999984741211,9.40999984741211,123.0
2024-03-01 09:32:00,DMTK,0.9599999785423279,0.9599999785423279,1.0198999643325806,0.9599999785423279,1.01010000705719,62896.0
2024-03-01 09:32:00,DNLI,20.280000686645508,20.280000686645508,20.30500030517578,20.19499969482422,20.200000762939453,707.0
2024-03-01 09:32:00,DTIL,14.0,14.0,14.190799713134766,13.870100021362305,14.010000228881836,8700.0
2024-03-01 09:32:00,DXCM,113.86000061035156,113.86000061035156,114.08000183105469,113.73999786376953,113.94000244140625,9196.0
2024-03-01 09:32:00,DYN,28.091400146484375,28.091400146484375,28.125,28.0,28.06800079345703,5032.0
2024-03-01 09:32:00,EDIT,10.3100004196167,10.3100004196167,10.3100004196167,10.220000267028809,10.28499984741211,7215.0
2024-03-01 09:32:00,ELEV,4.458399772644043,4.458399772644043,4.460000038146973,4.434999942779541,4.434999942779541,7361.0
2024-03-01 09:32:00,ENLV,3.153599977493286,3.153599977493286,3.153599977493286,3.153599977493286,3.153599977493286,0.0
2024-03-01 09:32:00,ENVB,1.8200000524520874,1.8200000524520874,1.840000033378601,1.7000000476837158,1.7100000381469727,274263.0
2024-03-01 09:32:00,EPIX,9.630000114440918,9.630000114440918,9.630000114440918,9.619999885559082,9.619999885559082,262.0
2024-03-01 09:32:00,EQ,2.630000114440918,2.630000114440918,2.630000114440918,2.630000114440918,2.630000114440918,378.0
2024-03-01 09:32:00,ESPR,2.509999990463257,2.509999990463257,2.509999990463257,2.4749999046325684,2.484999895095825,8250.0
2024-03-01 09:32:00,ETNB,12.199999809265137,12.199999809265137,12.265000343322754,11.949999809265137,11.949999809265137,5761.0
2024-03-01 09:32:00,EWTX,16.31999969482422,16.31999969482422,16.3799991607666,16.270000457763672,16.280000686645508,4057.0
2024-03-01 09:32:00,EXAI,6.71999979019165,6.71999979019165,6.71999979019165,6.71999979019165,6.71999979019165,410.0
2024-03-01 09:32:00,EXAS,57.185001373291016,57.185001373291016,57.43000030517578,57.185001373291016,57.29499816894531,0.0
2024-03-01 09:32:00,EXEL,22.209999084472656,22.209999084472656,22.209999084472656,22.149999618530273,22.149999618530273,1494.0
2024-03-01 09:32:00,EYEN,2.1577999591827393,2.1577999591827393,2.1577999591827393,2.1577999591827393,2.1577999591827393,0.0
2024-03-01 09:32:00,EYPT,27.831300735473633,27.831300735473633,27.831300735473633,27.829099655151367,27.829099655151367,0.0
2024-03-01 09:32:00,FATE,7.309999942779541,7.309999942779541,7.349999904632568,7.300099849700928,7.315000057220459,4047.0
2024-03-01 09:32:00,FBIO,2.0801000595092773,2.0801000595092773,2.109999895095825,2.0799999237060547,2.109999895095825,4593.0
2024-03-01 09:32:00,FDMT,28.5,28.5,28.565000534057617,28.280000686645508,28.565000534057617,16.0
2024-03-01 09:32:00,FGEN,1.725000023841858,1.725000023841858,1.725000023841858,1.7100000381469727,1.7100000381469727,3228.0
2024-03-01 09:32:00,FHTX,7.760000228881836,7.760000228881836,7.760000228881836,7.760000228881836,7.760000228881836,178.0
2024-03-01 09:32:00,FLGT,22.645000457763672,22.645000457763672,22.75,22.600000381469727,22.75,3237.0
2024-03-01 09:32:00,FNCH,2.70989990234375,2.70989990234375,2.70989990234375,2.70989990234375,2.70989990234375,339.0
2024-03-01 09:32:00,FOLD,13.154999732971191,13.154999732971191,13.1899995803833,13.142499923706055,13.154999732971191,1074.0
2024-03-01 09:32:00,FULC,10.430000305175781,10.430000305175781,10.430000305175781,10.430000305175781,10.430000305175781,138.0
2024-03-01 09:32:00,FWBI,8.050000190734863,8.050000190734863,8.050000190734863,8.050000190734863,8.050000190734863,297.0
2024-03-01 09:32:00,GALT,1.9049999713897705,1.9049999713897705,1.9049999713897705,1.9049999713897705,1.9049999713897705,742.0
2024-03-01 09:32:00,GBIO,2.450000047683716,2.450000047683716,2.4600000381469727,2.450000047683716,2.4549999237060547,0.0
2024-03-01 09:32:00,GDRX,8.390000343322754,8.390000343322754,8.430000305175781,8.210000038146973,8.235300064086914,30930.0
2024-03-01 09:32:00,GEG,2.0,2.0,2.0,2.0,2.0,191.0
2024-03-01 09:32:00,GERN,2.049999952316284,2.049999952316284,2.049999952316284,2.0299999713897705,2.0299999713897705,0.0
2024-03-01 09:32:00,GH,18.850000381469727,18.850000381469727,18.8799991607666,18.75,18.8799991607666,698.0
2024-03-01 09:32:00,GILD,72.1500015258789,72.1500015258789,72.24310302734375,72.0999984741211,72.24310302734375,7491.0
2024-03-01 09:32:00,GLPG,34.939998626708984,34.939998626708984,34.939998626708984,34.939998626708984,34.939998626708984,101.0
2024-03-01 09:32:00,GLTO,0.7009999752044678,0.7009999752044678,0.7200999855995178,0.7009999752044678,0.7200999855995178,15853.0
2024-03-01 09:32:00,GMAB,28.600000381469727,28.600000381469727,28.600000381469727,28.600000381469727,28.600000381469727,189.0
2024-03-01 09:32:00,GOVX,2.559999942779541,2.559999942779541,2.559999942779541,2.559999942779541,2.559999942779541,6766.0
2024-03-01 09:32:00,GRFS,6.945000171661377,6.945000171661377,6.949999809265137,6.889999866485596,6.889999866485596,19185.0
2024-03-01 09:32:00,GRTS,2.039099931716919,2.039099931716919,2.059999942779541,2.0299999713897705,2.0399999618530273,25569.0
2024-03-01 09:32:00,GTHX,3.359999895095825,3.359999895095825,3.359999895095825,3.319999933242798,3.359999895095825,10869.0
2024-03-01 09:32:00,HALO,40.810001373291016,40.810001373291016,40.810001373291016,40.400001525878906,40.400001525878906,5136.0
2024-03-01 09:32:00,HARP,22.950000762939453,22.950000762939453,22.950000762939453,22.940000534057617,22.940000534057617,11036.0
2024-03-01 09:32:00,HCM,15.319999694824219,15.319999694824219,15.319999694824219,15.319999694824219,15.319999694824219,49.0
2024-03-01 09:32:00,HCSG,12.630000114440918,12.630000114440918,12.630000114440918,12.630000114440918,12.630000114440918,5204.0
2024-03-01 09:32:00,HCTI,2.449899911880493,2.449899911880493,2.4798998832702637,2.3399999141693115,2.384999990463257,5510.0
2024-03-01 09:32:00,HLTH,0.28200000524520874,0.28200000524520874,0.28200000524520874,0.28200000524520874,0.28200000524520874,3142.0
2024-03-01 09:32:00,HOLX,73.37999725341797,73.37999725341797,73.37999725341797,73.20999908447266,73.20999908447266,817.0
2024-03-01 09:32:00,HOOK,0.7900000214576721,0.7900000214576721,0.7900000214576721,0.7900000214576721,0.7900000214576721,15.0
2024-03-01 09:32:00,HRMY,31.549999237060547,31.549999237060547,31.549999237060547,31.549999237060547,31.549999237060547,0.0
2024-03-01 09:32:00,HRTX,2.5950000286102295,2.5950000286102295,2.609999895095825,2.559999942779541,2.609999895095825,29587.0
2024-03-01 09:32:00,HSCS,0.11909999698400497,0.11909999698400497,0.11909999698400497,0.11909999698400497,0.11909999698400497,50683.0
2024-03-01 09:32:00,HSIC,76.34500122070312,76.34500122070312,76.73999786376953,76.34500122070312,76.73999786376953,793.0
2024-03-01 09:32:00,HSTO,0.3149999976158142,0.3149999976158142,0.3149999976158142,0.3149999976158142,0.3149999976158142,2077.0
2024-03-01 09:32:00,HUMA,3.0208001136779785,3.0208001136779785,3.0899999141693115,3.0199999809265137,3.0450000762939453,35473.0
2024-03-01 09:32:00,IART,36.790000915527344,36.790000915527344,36.900001525878906,36.790000915527344,36.900001525878906,129.0
2024-03-01 09:32:00,IBRX,4.84499979019165,4.84499979019165,4.848999977111816,4.809999942779541,4.809999942779541,2665.0
2024-03-01 09:32:00,ICLR,318.7200012207031,318.7200012207031,318.7200012207031,317.82000732421875,318.05999755859375,731.0
2024-03-01 09:32:00,ICUI,106.01499938964844,106.01499938964844,106.01499938964844,106.01499938964844,106.01499938964844,415.0
2024-03-01 09:32:00,IDYA,45.46500015258789,45.46500015258789,45.61000061035156,45.46500015258789,45.474998474121094,0.0
2024-03-01 09:32:00,IINN,1.659999966621399,1.659999966621399,1.6799999475479126,1.659999966621399,1.6799999475479126,2353.0
2024-03-01 09:32:00,ILMN,137.25999450683594,137.25999450683594,137.25999450683594,136.57000732421875,136.57000732421875,2410.0
2024-03-01 09:32:00,IMAB,1.809999942779541,1.809999942779541,1.809999942779541,1.809999942779541,1.809999942779541,453.0
2024-03-01 09:32:00,IMCR,67.5,67.5,67.54000091552734,67.5,67.54000091552734,1513.0
2024-03-01 09:32:00,IMNN,1.160099983215332,1.160099983215332,1.1699999570846558,1.160099983215332,1.1699999570846558,2256.0
2024-03-01 09:32:00,IMUX,1.4500000476837158,1.4500000476837158,1.4500000476837158,1.440000057220459,1.440000057220459,2760.0
2024-03-01 09:32:00,IMVT,36.314998626708984,36.314998626708984,36.314998626708984,35.69499969482422,35.69499969482422,8108.0
2024-03-01 09:32:00,INCY,58.459999084472656,58.459999084472656,58.584999084472656,58.45000076293945,58.54999923706055,2096.0
2024-03-01 09:32:00,INGN,6.639999866485596,6.639999866485596,6.639999866485596,6.639999866485596,6.639999866485596,159.0
2024-03-01 09:32:00,INMD,22.100000381469727,22.100000381469727,22.1200008392334,22.09000015258789,22.100000381469727,1770.0
2024-03-01 09:32:00,INO,8.864999771118164,8.864999771118164,8.864999771118164,8.864999771118164,8.864999771118164,789.0
2024-03-01 09:32:00,INSM,28.309999465942383,28.309999465942383,28.350000381469727,28.270000457763672,28.329999923706055,1429.0
2024-03-01 09:32:00,INVA,15.75,15.75,16.28499984741211,15.75,16.28499984741211,4733.0
2024-03-01 09:32:00,INZY,6.510000228881836,6.510000228881836,6.510000228881836,6.510000228881836,6.510000228881836,468.0
2024-03-01 09:32:00,IONM,0.33799999952316284,0.33799999952316284,0.33799999952316284,0.33799999952316284,0.33799999952316284,200.0
2024-03-01 09:32:00,IONS,45.224998474121094,45.224998474121094,45.224998474121094,45.20000076293945,45.20000076293945,1323.0
2024-03-01 09:32:00,IOVA,16.53179931640625,16.53179931640625,16.56559944152832,16.40999984741211,16.5,22913.0
2024-03-01 09:32:00,IRTC,118.95610046386719,118.95610046386719,118.95610046386719,118.95610046386719,118.95610046386719,278.0
2024-03-01 09:32:00,IRWD,9.079999923706055,9.079999923706055,9.15999984741211,9.0600004196167,9.15999984741211,19803.0
2024-03-01 09:32:00,ISRG,384.20001220703125,384.20001220703125,384.20001220703125,382.9750061035156,382.9750061035156,3150.0
2024-03-01 09:32:00,ITRM,1.25,1.25,1.25,1.25,1.25,500.0
2024-03-01 09:32:00,IXHL,5.010000228881836,5.010000228881836,5.022500038146973,5.010000228881836,5.019999980926514,782.0
2024-03-01 09:32:00,JAGX,0.060499999672174454,0.060499999672174454,0.0608999989926815,0.060499999672174454,0.0608999989926815,2705.0
2024-03-01 09:32:00,JANX,45.86000061035156,45.86000061035156,46.68000030517578,45.79999923706055,46.36989974975586,10939.0
2024-03-01 09:32:00,JAZZ,120.12100219726562,120.12100219726562,120.62999725341797,120.08000183105469,120.62999725341797,0.0
2024-03-01 09:32:00,KOD,6.179999828338623,6.179999828338623,6.179999828338623,6.150000095367432,6.159999847412109,1720.0
2024-03-01 09:32:00,KPTI,1.1649999618530273,1.1649999618530273,1.1699999570846558,1.1649999618530273,1.1675000190734863,1101.0
2024-03-01 09:32:00,KURA,21.114999771118164,21.114999771118164,21.405000686645508,21.100000381469727,21.100000381469727,500.0
2024-03-01 09:32:00,KZR,1.0499999523162842,1.0499999523162842,1.0514999628067017,1.0499999523162842,1.0514999628067017,3934.0
2024-03-01 09:32:00,LAB,2.255000114440918,2.255000114440918,2.259999990463257,2.244999885559082,2.25,0.0
2024-03-01 09:32:00,LEGN,65.22419738769531,65.22419738769531,65.22419738769531,65.22419738769531,65.22419738769531,0.0
2024-03-01 09:32:00,LEXX,2.710400104522705,2.710400104522705,2.7300000190734863,2.4800000190734863,2.490000009536743,24555.0
2024-03-01 09:32:00,LFST,7.994999885559082,7.994999885559082,8.100000381469727,7.980000019073486,8.100000381469727,4110.0
2024-03-01 09:32:00,LIXT,2.684999942779541,2.684999942779541,2.684999942779541,2.684999942779541,2.684999942779541,8.0
2024-03-01 09:32:00,LNTH,66.12000274658203,66.12000274658203,66.12000274658203,66.12000274658203,66.12000274658203,0.0
2024-03-01 09:32:00,LQDA,14.194999694824219,14.194999694824219,14.194999694824219,14.194999694824219,14.194999694824219,234.0
2024-03-01 09:32:00,LTRN,4.839200019836426,4.839200019836426,4.840000152587891,4.829899787902832,4.829999923706055,1802.0
2024-03-01 09:32:00,LUCD,1.259600043296814,1.259600043296814,1.259600043296814,1.2450000047683716,1.2450000047683716,0.0
2024-03-01 09:32:00,LUNG,9.119999885559082,9.119999885559082,9.119999885559082,9.119999885559082,9.119999885559082,0.0
2024-03-01 09:32:00,LVTX,2.869999885559082,2.869999885559082,2.950000047683716,2.8499999046325684,2.950000047683716,23567.0
2024-03-01 09:32:00,LXRX,2.490000009536743,2.490000009536743,2.490000009536743,2.4749999046325684,2.4749999046325684,5499.0
2024-03-01 09:32:00,LYEL,2.9600000381469727,2.9600000381469727,2.9600000381469727,2.9600000381469727,2.9600000381469727,164.0
2024-03-01 09:32:00,MACK,14.739999771118164,14.739999771118164,14.739999771118164,14.739999771118164,14.739999771118164,250.0
2024-03-01 09:32:00,MASI,128.05499267578125,128.05499267578125,128.0749969482422,128.05499267578125,128.0749969482422,0.0
2024-03-01 09:32:00,MCRB,1.149999976158142,1.149999976158142,1.149999976158142,1.1449999809265137,1.1480000019073486,50625.0
2024-03-01 09:32:00,MDRX,5.849999904632568,5.849999904632568,5.849999904632568,5.800000190734863,5.849999904632568,9095.0
2024-03-01 09:32:00,MDXG,8.354999542236328,8.354999542236328,8.369999885559082,8.350000381469727,8.350000381469727,607.0
2024-03-01 09:32:00,ME,0.5565999746322632,0.5565999746322632,0.5601000189781189,0.5561000108718872,0.5601000189781189,52599.0
2024-03-01 09:32:00,MESO,1.9940999746322632,1.9940999746322632,2.0,1.9940999746322632,2.0,6019.0
2024-03-01 09:32:00,MGNX,18.235000610351562,18.235000610351562,18.317899703979492,18.235000610351562,18.23579978942871,1637.0
2024-03-01 09:32:00,MIRM,28.920000076293945,28.920000076293945,28.920000076293945,28.920000076293945,28.920000076293945,185.0
2024-03-01 09:32:00,MLTX,51.0,51.0,51.0,50.349998474121094,50.349998474121094,2189.0
2024-03-01 09:32:00,MMSI,76.40499877929688,76.40499877929688,76.66500091552734,76.2300033569336,76.66500091552734,1445.0
2024-03-01 09:32:00,MNKD,4.340000152587891,4.340000152587891,4.355000019073486,4.289999961853027,4.300000190734863,9464.0
2024-03-01 09:32:00,MNMD,5.738399982452393,5.738399982452393,5.738399982452393,5.738399982452393,5.738399982452393,218.0
2024-03-01 09:32:00,MNOV,1.3490999937057495,1.3490999937057495,1.3490999937057495,1.3490999937057495,1.3490999937057495,2821.0
2024-03-01 09:32:00,MNPR,0.75,0.75,0.7746999859809875,0.75,0.7746999859809875,0.0
2024-03-01 09:32:00,MOR,17.594999313354492,17.594999313354492,17.600000381469727,17.579999923706055,17.600000381469727,2676.0
2024-03-01 09:32:00,MORF,37.654998779296875,37.654998779296875,37.654998779296875,37.55139923095703,37.55139923095703,644.0
2024-03-01 09:32:00,MOVE,0.5699999928474426,0.5699999928474426,0.5699999928474426,0.5699999928474426,0.5699999928474426,502.0
2024-03-01 09:32:00,MRAI,1.5299999713897705,1.5299999713897705,1.5299999713897705,1.5299999713897705,1.5299999713897705,552.0
2024-03-01 09:32:00,MREO,3.799999952316284,3.799999952316284,3.799999952316284,3.799999952316284,3.799999952316284,201.0
2024-03-01 09:32:00,MRNA,92.62999725341797,92.62999725341797,92.93000030517578,92.30560302734375,92.88999938964844,12720.0
2024-03-01 09:32:00,MRNS,9.760000228881836,9.760000228881836,9.770000457763672,9.710000038146973,9.710000038146973,511.0
2024-03-01 09:32:00,MRSN,5.670000076293945,5.670000076293945,5.709099769592285,5.650000095367432,5.709099769592285,9923.0
2024-03-01 09:32:00,MRUS,49.22999954223633,49.22999954223633,49.66999816894531,49.150001525878906,49.150001525878906,0.0
2024-03-01 09:32:00,MRVI,7.5879998207092285,7.5879998207092285,7.710000038146973,7.570000171661377,7.710000038146973,3930.0
2024-03-01 09:32:00,MYGN,20.6299991607666,20.6299991607666,20.829999923706055,20.6299991607666,20.829999923706055,2127.0
2024-03-01 09:32:00,NARI,45.650001525878906,45.650001525878906,45.88999938964844,45.525001525878906,45.802799224853516,12390.0
2024-03-01 09:32:00,NEO,15.484999656677246,15.484999656677246,15.484999656677246,15.484999656677246,15.484999656677246,190.0
2024-03-01 09:32:00,NEOG,17.079999923706055,17.079999923706055,17.079999923706055,17.079999923706055,17.079999923706055,0.0
2024-03-01 09:32:00,NGM,1.5305999517440796,1.5305999517440796,1.5305999517440796,1.5305999517440796,1.5305999517440796,0.0
2024-03-01 09:32:00,NKTX,12.4399995803833,12.4399995803833,12.600000381469727,12.4399995803833,12.600000381469727,0.0
2024-03-01 09:32:00,NNOX,11.215100288391113,11.215100288391113,11.354999542236328,11.202400207519531,11.354999542236328,9648.0
2024-03-01 09:32:00,NOTV,7.400100231170654,7.400100231170654,7.510000228881836,7.400100231170654,7.510000228881836,1963.0
2024-03-01 09:32:00,NRBO,5.582499980926514,5.582499980926514,5.582499980926514,5.519999980926514,5.574999809265137,1322.0
2024-03-01 09:32:00,NRXP,0.3799000084400177,0.3799000084400177,0.3799000084400177,0.3799000084400177,0.3799000084400177,0.0
2024-03-01 09:32:00,NTLA,32.61000061035156,32.61000061035156,32.70989990234375,32.595001220703125,32.70989990234375,1786.0
2024-03-01 09:32:00,NTRA,88.72000122070312,88.72000122070312,88.83999633789062,87.29119873046875,87.56500244140625,14224.0
2024-03-01 09:32:00,NUTX,0.11299999803304672,0.11299999803304672,0.11699999868869781,0.11299999803304672,0.11699999868869781,62760.0
2024-03-01 09:32:00,NUVL,86.41000366210938,86.41000366210938,86.41000366210938,86.41000366210938,86.41000366210938,440.0
2024-03-01 09:32:00,NUWE,0.5740000009536743,0.5740000009536743,0.5740000009536743,0.5740000009536743,0.5740000009536743,81005.0
2024-03-01 09:32:00,NVAX,4.934999942779541,4.934999942779541,5.059999942779541,4.934999942779541,5.0447998046875,73166.0
2024-03-01 09:32:00,NVCR,15.369999885559082,15.369999885559082,15.369999885559082,15.369999885559082,15.369999885559082,105.0
2024-03-01 09:32:00,NVCT,10.270000457763672,10.270000457763672,10.279999732971191,10.145000457763672,10.279999732971191,1177.0
2024-03-01 09:32:00,NVOS,0.6129999756813049,0.6129999756813049,0.6129999756813049,0.6129999756813049,0.6129999756813049,0.0
2024-03-01 09:32:00,OCGN,0.940500020980835,0.940500020980835,0.940500020980835,0.9399999976158142,0.9399999976158142,709.0
2024-03-01 09:32:00,OCUL,10.15999984741211,10.15999984741211,10.15999984741211,10.100000381469727,10.100000381469727,843.0
2024-03-01 09:32:00,OCUP,2.549999952316284,2.549999952316284,2.549999952316284,2.549999952316284,2.549999952316284,400.0
2024-03-01 09:32:00,OGI,2.059999942779541,2.059999942779541,2.059999942779541,2.053999900817871,2.053999900817871,2573.0
2024-03-01 09:32:00,OM,3.109999895095825,3.109999895095825,3.130000114440918,3.109999895095825,3.130000114440918,604.0
2024-03-01 09:32:00,OMCL,26.274999618530273,26.274999618530273,26.3700008392334,26.274999618530273,26.3700008392334,32.0
2024-03-01 09:32:00,OMER,4.494999885559082,4.494999885559082,4.520100116729736,4.480000019073486,4.520100116729736,982.0
2024-03-01 09:32:00,OMGA,4.129300117492676,4.129300117492676,4.179999828338623,4.110000133514404,4.164999961853027,2218.0
2024-03-01 09:32:00,ONCY,1.1203999519348145,1.1203999519348145,1.1203999519348145,1.1203999519348145,1.1203999519348145,3770.0
2024-03-01 09:33:00,AADI,2.0,2.0,2.0,2.0,2.0,277.0
2024-03-01 09:33:00,ABCL,5.050000190734863,5.050000190734863,5.050000190734863,5.016200065612793,5.019999980926514,17421.0
2024-03-01 09:33:00,ABEO,6.989999771118164,6.989999771118164,7.0,6.989999771118164,6.989999771118164,1786.0
2024-03-01 09:33:00,ABOS,4.46999979019165,4.46999979019165,4.46999979019165,4.452300071716309,4.452300071716309,977.0
2024-03-01 09:33:00,ABSI,5.189700126647949,5.189700126647949,5.190000057220459,5.130099773406982,5.130099773406982,5228.0
2024-03-01 09:33:00,ABUS,2.7799999713897705,2.7799999713897705,2.7799999713897705,2.7799999713897705,2.7799999713897705,2935.0
2024-03-01 09:33:00,ACAD,23.510000228881836,23.510000228881836,23.520000457763672,23.450000762939453,23.450000762939453,5474.0
2024-03-01 09:33:00,ACB,3.0850000381469727,3.0850000381469727,3.0850000381469727,3.075000047683716,3.075000047683716,6009.0
2024-03-01 09:33:00,ACCD,10.069999694824219,10.069999694824219,10.069999694824219,10.029999732971191,10.029999732971191,611.0
2024-03-01 09:33:00,ACET,2.380000114440918,2.380000114440918,2.390000104904175,2.369999885559082,2.369999885559082,1545.0
2024-03-01 09:33:00,ACHL,1.3350000381469727,1.3350000381469727,1.3350000381469727,1.3300000429153442,1.3350000381469727,5832.0
2024-03-01 09:33:00,ACIU,3.990000009536743,3.990000009536743,3.990000009536743,3.990000009536743,3.990000009536743,522.0
2024-03-01 09:33:00,ACLX,67.50499725341797,67.50499725341797,67.87999725341797,67.30000305175781,67.30000305175781,581.0
2024-03-01 09:33:00,ACON,0.3930000066757202,0.3930000066757202,0.3930000066757202,0.3930000066757202,0.3930000066757202,969.0
2024-03-01 09:33:00,ACRS,1.225000023841858,1.225000023841858,1.225000023841858,1.2200000286102295,1.2200000286102295,2109.0
2024-03-01 09:33:00,ACXP,3.0299999713897705,3.0299999713897705,3.0299999713897705,3.0299999713897705,3.0299999713897705,200.0
2024-03-01 09:33:00,ADAP,1.6100000143051147,1.6100000143051147,1.6100000143051147,1.5800000429153442,1.590000033378601,11916.0
2024-03-01 09:33:00,ADIL,3.159899950027466,3.159899950027466,3.200000047683716,3.009999990463257,3.039900064468384,242497.0
2024-03-01 09:33:00,ADMA,5.417200088500977,5.417200088500977,5.417200088500977,5.414999961853027,5.414999961853027,569.0
2024-03-01 09:33:00,ADTX,3.450000047683716,3.450000047683716,3.450000047683716,3.450000047683716,3.450000047683716,855.0
2024-03-01 09:33:00,ADVM,1.9838999509811401,1.9838999509811401,1.9838999509811401,1.9838999509811401,1.9838999509811401,561.0
2024-03-01 09:33:00,AFMD,0.6215999722480774,0.6215999722480774,0.6215999722480774,0.6215999722480774,0.6215999722480774,988.0
2024-03-01 09:33:00,AGEN,0.671500027179718,0.671500027179718,0.671999990940094,0.6711000204086304,0.6711000204086304,3705.0
2024-03-01 09:33:00,AGIO,32.68000030517578,32.68000030517578,32.75,32.599998474121094,32.744998931884766,1028.0
2024-03-01 09:33:00,AHCO,10.399999618530273,10.399999618530273,10.399999618530273,10.354000091552734,10.359999656677246,1122.0
2024-03-01 09:33:00,AIMD,1.0499999523162842,1.0499999523162842,1.0499999523162842,1.0499999523162842,1.0499999523162842,1548.0
2024-03-01 09:33:00,AIRS,6.409999847412109,6.409999847412109,6.409999847412109,6.409999847412109,6.409999847412109,507.0
2024-03-01 09:33:00,AKAN,0.2849999964237213,0.2849999964237213,0.2854999899864197,0.2809000015258789,0.28519999980926514,2953.0
2024-03-01 09:33:00,AKBA,1.6050000190734863,1.6050000190734863,1.6050000190734863,1.5950000286102295,1.600000023841858,12391.0
2024-03-01 09:33:00,AKLI,0.3499999940395355,0.3499999940395355,0.3522000014781952,0.3499999940395355,0.3522000014781952,5827.0
2024-03-01 09:33:00,AKRO,28.5049991607666,28.5049991607666,28.68000030517578,28.5049991607666,28.645000457763672,661.0
2024-03-01 09:33:00,ALDX,3.740000009536743,3.740000009536743,3.7799999713897705,3.740000009536743,3.7799999713897705,414.0
2024-03-01 09:33:00,ALEC,7.25,7.25,7.25,7.210000038146973,7.25,3093.0
2024-03-01 09:33:00,ALHC,5.914999961853027,5.914999961853027,5.940000057220459,5.909999847412109,5.909999847412109,6605.0
2024-03-01 09:33:00,ALKS,29.739999771118164,29.739999771118164,29.760000228881836,29.739999771118164,29.760000228881836,1335.0
2024-03-01 09:33:00,ALLK,1.5399999618530273,1.5399999618530273,1.5399999618530273,1.5299999713897705,1.5299999713897705,265.0
2024-03-01 09:33:00,ALLO,5.010000228881836,5.010000228881836,5.019999980926514,4.952199935913086,4.952199935913086,2083.0
2024-03-01 09:33:00,ALNY,150.55999755859375,150.55999755859375,150.77999877929688,150.55999755859375,150.77999877929688,101.0
2024-03-01 09:33:00,ALPN,35.8849983215332,35.8849983215332,35.8849983215332,35.8849983215332,35.8849983215332,136.0
2024-03-01 09:33:00,ALT,12.604999542236328,12.604999542236328,12.640000343322754,12.520000457763672,12.589900016784668,24922.0
2024-03-01 09:33:00,AMED,93.0999984741211,93.0999984741211,93.12999725341797,92.9800033569336,93.0999984741211,3617.0
2024-03-01 09:33:00,AMGN,275.1499938964844,275.1499938964844,275.8500061035156,274.8800048828125,275.8500061035156,11078.0
2024-03-01 09:33:00,AMLX,19.165000915527344,19.165000915527344,19.200000762939453,19.0398006439209,19.200000762939453,1135.0
2024-03-01 09:33:00,AMPH,46.28499984741211,46.28499984741211,46.59000015258789,46.119998931884766,46.5,2254.0
2024-03-01 09:33:00,AMRN,1.0298999547958374,1.0298999547958374,1.0298999547958374,1.0099999904632568,1.0199999809265137,35695.0
2024-03-01 09:33:00,ANGO,5.389999866485596,5.389999866485596,5.389999866485596,5.360000133514404,5.360000133514404,25.0
2024-03-01 09:33:00,ANNX,6.074999809265137,6.074999809265137,6.215000152587891,6.07480001449585,6.215000152587891,14647.0
2024-03-01 09:33:00,APLS,62.377498626708984,62.377498626708984,62.52000045776367,62.189998626708984,62.33000183105469,8195.0
2024-03-01 09:33:00,APLT,7.489999771118164,7.489999771118164,7.510000228881836,7.4506001472473145,7.5,5209.0
2024-03-01 09:33:00,APRE,8.460000038146973,8.460000038146973,8.510000228881836,8.460000038146973,8.510000228881836,3400.0
2024-03-01 09:33:00,APTO,1.75,1.75,1.75,1.75,1.75,1116.0
2024-03-01 09:33:00,APVO,0.1696999967098236,0.1696999967098236,0.17000000178813934,0.1696999967098236,0.17000000178813934,2001.0
2024-03-01 09:33:00,AQST,3.7704999446868896,3.7704999446868896,3.7899999618530273,3.75,3.7699999809265137,4204.0
2024-03-01 09:33:00,ARAY,2.5799999237060547,2.5799999237060547,2.5899999141693115,2.5799999237060547,2.5899999141693115,705.0
2024-03-01 09:33:00,ARCT,39.631500244140625,39.631500244140625,39.631500244140625,39.22999954223633,39.22999954223633,1501.0
2024-03-01 09:33:00,ARDX,9.550000190734863,9.550000190734863,9.560500144958496,9.520000457763672,9.539999961853027,2219.0
2024-03-01 09:33:00,ARQT,10.279999732971191,10.279999732971191,10.34000015258789,10.220000267028809,10.34000015258789,9394.0
2024-03-01 09:33:00,ARVN,47.52000045776367,47.52000045776367,47.52000045776367,47.32500076293945,47.32500076293945,300.0
2024-03-01 09:33:00,ARWR,32.72999954223633,32.72999954223633,32.79999923706055,32.612098693847656,32.612098693847656,3008.0
2024-03-01 09:33:00,ASMB,13.300000190734863,13.300000190734863,13.300000190734863,13.180000305175781,13.180000305175781,1759.0
2024-03-01 09:33:00,ASND,148.97000122070312,148.97000122070312,148.97000122070312,148.97000122070312,148.97000122070312,235.0
2024-03-01 09:33:00,ASRT,0.8799999952316284,0.8799999952316284,0.8799999952316284,0.8799999952316284,0.8799999952316284,427.0
2024-03-01 09:33:00,ATAI,1.9596999883651733,1.9596999883651733,1.9596999883651733,1.9500000476837158,1.9500000476837158,7508.0
2024-03-01 09:33:00,ATEC,13.319999694824219,13.319999694824219,13.319999694824219,13.279999732971191,13.279999732971191,1017.0
2024-03-01 09:33:00,ATHA,3.9200000762939453,3.9200000762939453,3.9200000762939453,3.9200000762939453,3.9200000762939453,2629.0
2024-03-01 09:33:00,ATRA,0.7799999713897705,0.7799999713897705,0.7889999747276306,0.7799999713897705,0.7835999727249146,3865.0
2024-03-01 09:33:00,ATRC,34.8849983215332,34.8849983215332,34.915000915527344,34.79999923706055,34.79999923706055,971.0
2024-03-01 09:33:00,ATXI,0.15129999816417694,0.15129999816417694,0.15129999816417694,0.15129999816417694,0.15129999816417694,24116.0
2024-03-01 09:33:00,ATXS,14.170000076293945,14.170000076293945,14.170000076293945,14.170000076293945,14.170000076293945,0.0
2024-03-01 09:33:00,AUPH,5.650000095367432,5.650000095367432,5.669899940490723,5.650000095367432,5.659999847412109,3041.0
2024-03-01 09:33:00,AURA,9.09000015258789,9.09000015258789,9.09000015258789,9.069999694824219,9.069999694824219,402.0
2024-03-01 09:33:00,AUTL,6.099999904632568,6.099999904632568,6.099999904632568,5.980100154876709,5.980100154876709,13572.0
2024-03-01 09:33:00,AVDL,13.020000457763672,13.020000457763672,13.0600004196167,13.0,13.010000228881836,3038.0
2024-03-01 09:33:00,AVRO,1.3049999475479126,1.3049999475479126,1.3049999475479126,1.3049999475479126,1.3049999475479126,0.0
2024-03-01 09:33:00,AVXL,5.195000171661377,5.195000171661377,5.195000171661377,5.139999866485596,5.139999866485596,875.0
2024-03-01 09:33:00,AXNX,67.95999908447266,67.95999908447266,67.95999908447266,67.95999908447266,67.95999908447266,100.0
2024-03-01 09:33:00,AZN,64.18000030517578,64.18000030517578,64.20999908447266,64.16000366210938,64.20999908447266,3464.0
2024-03-01 09:33:00,AZTA,65.01000213623047,65.01000213623047,65.01000213623047,65.01000213623047,65.01000213623047,247.0
2024-03-01 09:33:00,BBIO,34.724998474121094,34.724998474121094,34.904998779296875,34.47999954223633,34.47999954223633,945.0
2024-03-01 09:33:00,BBLG,2.8499999046325684,2.8499999046325684,2.8499999046325684,2.7899999618530273,2.7899999618530273,1926.0
2024-03-01 09:33:00,BCEL,0.2667999863624573,0.2667999863624573,0.2667999863624573,0.2667999863624573,0.2667999863624573,5614.0
2024-03-01 09:33:00,BCRX,5.739999771118164,5.739999771118164,5.739999771118164,5.71999979019165,5.71999979019165,6303.0
2024-03-01 09:33:00,BDSX,1.6380000114440918,1.6380000114440918,1.6461000442504883,1.6019999980926514,1.6302000284194946,8562.0
2024-03-01 09:33:00,BEAM,40.33000183105469,40.33000183105469,40.337501525878906,40.224998474121094,40.224998474121094,958.0
2024-03-01 09:33:00,BGXX,0.26100000739097595,0.26100000739097595,0.26499998569488525,0.26100000739097595,0.26499998569488525,1843.0
2024-03-01 09:33:00,BIIB,215.35000610351562,215.35000610351562,215.6470947265625,215.35000610351562,215.6470947265625,2526.0
2024-03-01 09:33:00,BIVI,2.7200000286102295,2.7200000286102295,3.309999942779541,2.690000057220459,3.0058000087738037,1666743.0
2024-03-01 09:33:00,BLFS,16.850000381469727,16.850000381469727,16.850000381469727,15.994999885559082,16.139999389648438,6389.0
2024-03-01 09:33:00,BLRX,1.3600000143051147,1.3600000143051147,1.36899995803833,1.3600000143051147,1.36899995803833,812.0
2024-03-01 09:33:00,BLUE,1.4901000261306763,1.4901000261306763,1.5,1.4500999450683594,1.451200008392334,65825.0
2024-03-01 09:33:00,BMEA,17.5,17.5,17.709999084472656,17.5,17.684999465942383,2216.0
2024-03-01 09:33:00,BMRN,86.54499816894531,86.54499816894531,86.54499816894531,86.54499816894531,86.54499816894531,196.0
2024-03-01 09:33:00,BNGO,1.257599949836731,1.257599949836731,1.2599999904632568,1.25,1.2599999904632568,2799.0
2024-03-01 09:33:00,BNR,0.8500000238418579,0.8500000238418579,0.8500000238418579,0.8500000238418579,0.8500000238418579,100.0
2024-03-01 09:33:00,BNTX,89.88999938964844,89.88999938964844,89.88999938964844,89.88999938964844,89.88999938964844,344.0
2024-03-01 09:33:00,BPMC,94.95999908447266,94.95999908447266,95.04000091552734,94.95999908447266,94.97000122070312,994.0
2024-03-01 09:33:00,BPTS,0.4900999963283539,0.4900999963283539,0.4900999963283539,0.4900999963283539,0.4900999963283539,2439.0
2024-03-01 09:33:00,BRKR,86.63999938964844,86.63999938964844,86.81999969482422,86.61000061035156,86.81999969482422,2745.0
2024-03-01 09:33:00,BTAI,3.2149999141693115,3.2149999141693115,3.2149999141693115,3.2149999141693115,3.2149999141693115,176.0
2024-03-01 09:33:00,BTTX,0.16200000047683716,0.16200000047683716,0.16300000250339508,0.16200000047683716,0.16210000216960907,19100.0
2024-03-01 09:33:00,CABA,23.625,23.625,23.75,23.540000915527344,23.540000915527344,1611.0
2024-03-01 09:33:00,CAPR,4.269999980926514,4.269999980926514,4.399499893188477,4.269999980926514,4.399499893188477,2100.0
2024-03-01 09:33:00,CARA,0.8202000260353088,0.8202000260353088,0.8202000260353088,0.8202000260353088,0.8202000260353088,5000.0
2024-03-01 09:33:00,CBAY,32.20000076293945,32.20000076293945,32.220001220703125,32.19499969482422,32.21500015258789,13276.0
2024-03-01 09:33:00,CCCC,11.114999771118164,11.114999771118164,11.114999771118164,11.069999694824219,11.085000038146973,7538.0
2024-03-01 09:33:00,CCRN,18.170000076293945,18.170000076293945,18.170000076293945,18.100000381469727,18.170000076293945,831.0
2024-03-01 09:33:00,CDMO,7.699999809265137,7.699999809265137,7.784999847412109,7.699999809265137,7.784999847412109,806.0
2024-03-01 09:33:00,CDNA,11.520000457763672,11.520000457763672,11.520000457763672,11.289999961853027,11.289999961853027,2689.0
2024-03-01 09:33:00,CDXS,4.614999771118164,4.614999771118164,4.614999771118164,4.550099849700928,4.559999942779541,1704.0
2024-03-01 09:33:00,CERE,41.08000183105469,41.08000183105469,41.1349983215332,41.06999969482422,41.11000061035156,6054.0
2024-03-01 09:33:00,CERS,2.140000104904175,2.140000104904175,2.140000104904175,2.140000104904175,2.140000104904175,295.0
2024-03-01 09:33:00,CERT,16.354400634765625,16.354400634765625,16.6299991607666,16.200000762939453,16.475000381469727,7864.0
2024-03-01 09:33:00,CGC,3.2799999713897705,3.2799999713897705,3.2799999713897705,3.2697999477386475,3.2697999477386475,1877.0
2024-03-01 09:33:00,CGEN,2.6500000953674316,2.6500000953674316,2.6500000953674316,2.6500000953674316,2.6500000953674316,0.0
2024-03-01 09:33:00,CGTX,2.0350000858306885,2.0350000858306885,2.0350000858306885,2.0350000858306885,2.0350000858306885,8.0
2024-03-01 09:33:00,CKPT,2.194999933242798,2.194999933242798,2.3299999237060547,2.130000114440918,2.130000114440918,32297.0
2024-03-01 09:33:00,CLDX,48.70000076293945,48.70000076293945,48.70000076293945,48.29999923706055,48.64500045776367,7337.0
2024-03-01 09:33:00,CLNN,0.4196999967098236,0.4196999967098236,0.421999990940094,0.4099999964237213,0.4099999964237213,28800.0
2024-03-01 09:33:00,CLOV,0.855400025844574,0.855400025844574,0.8633999824523926,0.8550000190734863,0.8633999824523926,6111.0
2024-03-01 09:33:00,CLPT,6.485000133514404,6.485000133514404,6.485000133514404,6.485000133514404,6.485000133514404,108.0
2024-03-01 09:33:00,CMPS,10.430000305175781,10.430000305175781,10.430000305175781,10.404999732971191,10.404999732971191,3776.0
2024-03-01 09:33:00,COGT,7.260000228881836,7.260000228881836,7.28000020980835,7.170000076293945,7.170000076293945,3678.0
2024-03-01 09:33:00,COLL,37.0,37.0,37.099998474121094,37.0,37.099998474121094,1680.0
2024-03-01 09:33:00,CPRX,16.329999923706055,16.329999923706055,16.43000030517578,16.329999923706055,16.375,2975.0
2024-03-01 09:33:00,CPSI,9.75,9.75,9.875,9.75,9.875,1191.0
2024-03-01 09:33:00,CRBP,31.709999084472656,31.709999084472656,31.709999084472656,30.600000381469727,30.809999465942383,40152.0
2024-03-01 09:33:00,CRBU,8.130000114440918,8.130000114440918,8.130000114440918,8.130000114440918,8.130000114440918,259.0
2024-03-01 09:33:00,CRDF,2.1198999881744385,2.1198999881744385,2.119999885559082,2.039900064468384,2.0399999618530273,50821.0
2024-03-01 09:33:00,CRDL,2.140000104904175,2.140000104904175,2.140000104904175,2.140000104904175,2.140000104904175,1240.0
2024-03-01 09:33:00,CRMD,3.569999933242798,3.569999933242798,3.569999933242798,3.569999933242798,3.569999933242798,8128.0
2024-03-01 09:33:00,CRNX,43.05500030517578,43.05500030517578,43.05500030517578,42.599998474121094,42.599998474121094,685.0
2024-03-01 09:33:00,CRON,2.0799999237060547,2.0799999237060547,2.0799999237060547,2.059999942779541,2.069999933242798,6439.0
2024-03-01 09:33:00,CRSP,85.16000366210938,85.16000366210938,85.38999938964844,84.68000030517578,84.68000030517578,7329.0
2024-03-01 09:33:00,CRVS,2.2300000190734863,2.2300000190734863,2.2300000190734863,2.2300000190734863,2.2300000190734863,200.0
2024-03-01 09:33:00,CSTL,18.959999084472656,18.959999084472656,19.10689926147461,18.954999923706055,18.954999923706055,1120.0
2024-03-01 09:33:00,CTKB,7.7743000984191895,7.7743000984191895,7.7743000984191895,7.7743000984191895,7.7743000984191895,200.0
2024-03-01 09:33:00,CTMX,2.4700000286102295,2.4700000286102295,2.4700000286102295,2.4700000286102295,2.4700000286102295,41.0
2024-03-01 09:33:00,CUTR,2.200000047683716,2.200000047683716,2.2149999141693115,2.180000066757202,2.1900999546051025,11118.0
2024-03-01 09:33:00,CVAC,3.390000104904175,3.390000104904175,3.390000104904175,3.390000104904175,3.390000104904175,300.0
2024-03-01 09:33:00,CYTK,73.69999694824219,73.69999694824219,73.69999694824219,73.5,73.69999694824219,1252.0
2024-03-01 09:33:00,DCGO,3.994999885559082,3.994999885559082,3.994999885559082,3.994999885559082,3.994999885559082,2470.0
2024-03-01 09:33:00,DERM,3.9000000953674316,3.9000000953674316,3.9000000953674316,3.9000000953674316,3.9000000953674316,1891.0
2024-03-01 09:33:00,DH,9.399999618530273,9.399999618530273,9.399999618530273,9.399999618530273,9.399999618530273,101.0
2024-03-01 09:33:00,DMTK,0.9700000286102295,0.9700000286102295,0.9700000286102295,0.944599986076355,0.9599999785423279,5623.0
2024-03-01 09:33:00,DNLI,20.290000915527344,20.290000915527344,20.290000915527344,20.190000534057617,20.280000686645508,517.0
2024-03-01 09:33:00,DRMA,0.45899999141693115,0.45899999141693115,0.45899999141693115,0.45010000467300415,0.45010000467300415,5700.0
2024-03-01 09:33:00,DRRX,0.9901999831199646,0.9901999831199646,0.9901999831199646,0.9901999831199646,0.9901999831199646,0.0
2024-03-01 09:33:00,DTIL,13.949999809265137,13.949999809265137,14.496399879455566,13.90999984741211,14.28499984741211,2933.0
2024-03-01 09:33:00,DXCM,113.87000274658203,113.87000274658203,114.14600372314453,113.77189636230469,113.79000091552734,10481.0
2024-03-01 09:33:00,DYN,27.719100952148438,27.719100952148438,27.950000762939453,27.65999984741211,27.950000762939453,1249.0
2024-03-01 09:33:00,EDIT,10.449899673461914,10.449899673461914,10.449899673461914,10.3149995803833,10.3149995803833,5733.0
2024-03-01 09:33:00,EFTR,14.444999694824219,14.444999694824219,14.444999694824219,14.390000343322754,14.390000343322754,942.0
2024-03-01 09:33:00,EGRX,6.079999923706055,6.079999923706055,6.099999904632568,6.03000020980835,6.03000020980835,600.0
2024-03-01 09:33:00,EKSO,1.9299999475479126,1.9299999475479126,1.9299999475479126,1.9299999475479126,1.9299999475479126,0.0
2024-03-01 09:33:00,ELEV,4.46999979019165,4.46999979019165,4.489999771118164,4.46999979019165,4.489999771118164,509.0
2024-03-01 09:33:00,ENVB,1.8898999691009521,1.8898999691009521,1.8899999856948853,1.7599999904632568,1.8200000524520874,424087.0
2024-03-01 09:33:00,EOLS,14.835000038146973,14.835000038146973,14.835000038146973,14.835000038146973,14.835000038146973,76.0
2024-03-01 09:33:00,EQ,2.5899999141693115,2.5899999141693115,2.5899999141693115,2.5899999141693115,2.5899999141693115,0.0
2024-03-01 09:33:00,ESPR,2.5299999713897705,2.5299999713897705,2.5299999713897705,2.509999990463257,2.509999990463257,4098.0
2024-03-01 09:33:00,ETNB,12.199999809265137,12.199999809265137,12.3100004196167,12.199999809265137,12.255000114440918,681.0
2024-03-01 09:33:00,ETON,4.381199836730957,4.381199836730957,4.381199836730957,4.381199836730957,4.381199836730957,791.0
2024-03-01 09:33:00,EWTX,16.25,16.25,16.25,16.25,16.25,0.0
2024-03-01 09:33:00,EXAI,6.755000114440918,6.755000114440918,6.769999980926514,6.724999904632568,6.724999904632568,987.0
2024-03-01 09:33:00,EXAS,57.29499816894531,57.29499816894531,57.439998626708984,57.29499816894531,57.439998626708984,1057.0
2024-03-01 09:33:00,EXEL,22.174999237060547,22.174999237060547,22.18000030517578,22.155000686645508,22.18000030517578,1961.0
2024-03-01 09:33:00,EYEN,2.1858999729156494,2.1858999729156494,2.1858999729156494,2.160399913787842,2.160399913787842,6791.0
2024-03-01 09:33:00,EYPT,27.873300552368164,27.873300552368164,27.873300552368164,27.873300552368164,27.873300552368164,362.0
2024-03-01 09:33:00,FATE,7.409999847412109,7.409999847412109,7.420000076293945,7.309999942779541,7.322400093078613,4751.0
2024-03-01 09:33:00,FDMT,28.3700008392334,28.3700008392334,28.3700008392334,28.350000381469727,28.350000381469727,642.0
2024-03-01 09:33:00,FEMY,1.7200000286102295,1.7200000286102295,1.75,1.7200000286102295,1.7300000190734863,6254.0
2024-03-01 09:33:00,FLGT,22.850000381469727,22.850000381469727,22.850000381469727,22.649999618530273,22.649999618530273,531.0
2024-03-01 09:33:00,FOLD,13.210000038146973,13.210000038146973,13.210000038146973,13.142499923706055,13.154999732971191,1524.0
2024-03-01 09:33:00,FULC,10.430000305175781,10.430000305175781,10.430000305175781,10.430000305175781,10.430000305175781,10.0
2024-03-01 09:33:00,GBIO,2.5,2.5,2.5,2.5,2.5,200.0
2024-03-01 09:33:00,GDRX,8.289999961853027,8.289999961853027,8.3149995803833,8.239999771118164,8.3149995803833,7530.0
2024-03-01 09:33:00,GERN,2.055000066757202,2.055000066757202,2.059000015258789,2.0494000911712646,2.049999952316284,10550.0
2024-03-01 09:33:00,GH,18.90999984741211,18.90999984741211,18.90999984741211,18.860000610351562,18.860000610351562,423.0
2024-03-01 09:33:00,GILD,72.06999969482422,72.06999969482422,72.13999938964844,72.04000091552734,72.11000061035156,5042.0
2024-03-01 09:33:00,GLMD,0.41999998688697815,0.41999998688697815,0.42010000348091125,0.41999998688697815,0.42010000348091125,11776.0
2024-03-01 09:33:00,GLPG,34.94499969482422,34.94499969482422,34.96500015258789,34.94499969482422,34.96500015258789,408.0
2024-03-01 09:33:00,GLTO,0.7156000137329102,0.7156000137329102,0.7156000137329102,0.7156000137329102,0.7156000137329102,900.0
2024-03-01 09:33:00,GMAB,28.579999923706055,28.579999923706055,28.579999923706055,28.579999923706055,28.579999923706055,865.0
2024-03-01 09:33:00,GMDA,0.36570000648498535,0.36570000648498535,0.36570000648498535,0.36570000648498535,0.36570000648498535,1385.0
2024-03-01 09:33:00,GNPX,4.379899978637695,4.379899978637695,4.379899978637695,4.379899978637695,4.379899978637695,502.0
2024-03-01 09:33:00,GOSS,1.409999966621399,1.409999966621399,1.409999966621399,1.399999976158142,1.399999976158142,1292.0
2024-03-01 09:33:00,GRFS,6.949999809265137,6.949999809265137,6.949999809265137,6.920000076293945,6.940000057220459,13025.0
2024-03-01 09:33:00,GRTS,2.009999990463257,2.009999990463257,2.058799982070923,2.009999990463257,2.0399999618530273,17905.0
2024-03-01 09:33:00,GRTX,0.23989999294281006,0.23989999294281006,0.23989999294281006,0.23989999294281006,0.23989999294281006,4794.0
2024-03-01 09:33:00,GTHX,3.3598999977111816,3.3598999977111816,3.359999895095825,3.3598999977111816,3.359999895095825,1403.0
2024-03-01 09:33:00,HALO,40.779998779296875,40.779998779296875,40.84000015258789,40.7400016784668,40.775001525878906,1910.0
2024-03-01 09:33:00,HARP,22.950000762939453,22.950000762939453,22.950000762939453,22.940000534057617,22.950000762939453,744.0
2024-03-01 09:33:00,HCAT,8.305000305175781,8.305000305175781,8.305000305175781,8.305000305175781,8.305000305175781,407.0
2024-03-01 09:33:00,HCM,15.220000267028809,15.220000267028809,15.305000305175781,15.220000267028809,15.300000190734863,528.0
2024-03-01 09:33:00,HCTI,2.4502999782562256,2.4502999782562256,2.4800000190734863,2.4100000858306885,2.4286999702453613,7042.0
2024-03-01 09:33:00,HOLX,73.25,73.25,73.38999938964844,73.25,73.38999938964844,786.0
2024-03-01 09:33:00,HOWL,6.900599956512451,6.900599956512451,6.900599956512451,6.800000190734863,6.800000190734863,1840.0
2024-03-01 09:33:00,HRMY,31.540000915527344,31.540000915527344,31.540000915527344,31.540000915527344,31.540000915527344,228.0
2024-03-01 09:33:00,HRTX,2.609999895095825,2.609999895095825,2.609999895095825,2.5899999141693115,2.5899999141693115,4218.0
2024-03-01 09:33:00,HSIC,76.5,76.5,76.50499725341797,76.34500122070312,76.34500122070312,489.0
2024-03-01 09:33:00,HUMA,3.009999990463257,3.009999990463257,3.0299999713897705,3.0,3.0299999713897705,60477.0
2024-03-01 09:33:00,IBRX,4.809999942779541,4.809999942779541,4.849999904632568,4.809999942779541,4.849999904632568,907.0
2024-03-01 09:33:00,ICUI,105.48999786376953,105.48999786376953,105.48999786376953,105.48999786376953,105.48999786376953,111.0
2024-03-01 09:33:00,IINN,1.6699999570846558,1.6699999570846558,1.6699999570846558,1.659999966621399,1.659999966621399,53.0
2024-03-01 09:33:00,IKT,2.194999933242798,2.194999933242798,2.194999933242798,2.194999933242798,2.194999933242798,2066.0
2024-03-01 09:33:00,ILMN,137.48849487304688,137.48849487304688,137.52499389648438,137.0399932861328,137.0449981689453,1682.0
2024-03-01 09:33:00,IMAB,1.8300000429153442,1.8300000429153442,1.8300000429153442,1.809999942779541,1.809999942779541,314.0
2024-03-01 09:33:00,IMNM,24.479999542236328,24.479999542236328,24.6200008392334,24.479999542236328,24.6200008392334,495.0
2024-03-01 09:33:00,IMNN,1.1699999570846558,1.1699999570846558,1.1699999570846558,1.1649999618530273,1.1649999618530273,220.0
2024-03-01 09:33:00,IMUX,1.4600000381469727,1.4600000381469727,1.4600000381469727,1.4600000381469727,1.4600000381469727,513.0
2024-03-01 09:33:00,IMVT,36.369998931884766,36.369998931884766,36.45000076293945,36.334999084472656,36.40999984741211,2589.0
2024-03-01 09:33:00,INBX,36.72999954223633,36.72999954223633,36.72999954223633,36.68000030517578,36.68000030517578,0.0
2024-03-01 09:33:00,INCR,1.9800000190734863,1.9800000190734863,1.9800000190734863,1.9800000190734863,1.9800000190734863,305.0
2024-03-01 09:33:00,INCY,58.51499938964844,58.51499938964844,58.51499938964844,58.40999984741211,58.45000076293945,1504.0
2024-03-01 09:33:00,INDP,2.200000047683716,2.200000047683716,2.200000047683716,2.200000047683716,2.200000047683716,271.0
2024-03-01 09:33:00,INMD,22.079999923706055,22.079999923706055,22.079999923706055,22.040000915527344,22.079999923706055,1626.0
2024-03-01 09:33:00,INO,8.925000190734863,8.925000190734863,8.925000190734863,8.925000190734863,8.925000190734863,310.0
2024-03-01 09:33:00,INSM,28.5,28.5,28.5,28.309999465942383,28.309999465942383,1167.0
2024-03-01 09:33:00,IONM,0.3400000035762787,0.3400000035762787,0.3400000035762787,0.3400000035762787,0.3400000035762787,570.0
2024-03-01 09:33:00,IONS,45.22999954223633,45.22999954223633,45.22999954223633,45.22999954223633,45.22999954223633,206.0
2024-03-01 09:33:00,IOVA,16.6299991607666,16.6299991607666,16.6299991607666,16.45009994506836,16.514999389648438,20772.0
2024-03-01 09:33:00,IPA,1.899999976158142,1.899999976158142,1.899999976158142,1.899999976158142,1.899999976158142,4437.0
2024-03-01 09:33:00,IPSC,3.549999952316284,3.549999952316284,3.609999895095825,3.549999952316284,3.609999895095825,0.0
2024-03-01 09:33:00,IRWD,8.920100212097168,8.920100212097168,9.079999923706055,8.920000076293945,9.079999923706055,19597.0
2024-03-01 09:33:00,ISRG,383.0986022949219,383.0986022949219,383.3590087890625,382.67498779296875,383.1300048828125,2802.0
2024-03-01 09:33:00,IVVD,3.965399980545044,3.965399980545044,3.965399980545044,3.965399980545044,3.965399980545044,13590.0
2024-03-01 09:33:00,IXHL,5.010000228881836,5.010000228881836,5.010000228881836,5.010000228881836,5.010000228881836,296.0
2024-03-01 09:33:00,JAGX,0.06019999831914902,0.06019999831914902,0.06019999831914902,0.06019999831914902,0.06019999831914902,201.0
2024-03-01 09:33:00,JANX,46.08000183105469,46.08000183105469,46.08000183105469,46.08000183105469,46.08000183105469,399.0
2024-03-01 09:33:00,JAZZ,119.80000305175781,119.80000305175781,119.80000305175781,119.66999816894531,119.7300033569336,2015.0
2024-03-01 09:33:00,JYNT,9.920000076293945,9.920000076293945,9.920000076293945,9.90999984741211,9.90999984741211,827.0
2024-03-01 09:33:00,KNSA,21.450000762939453,21.450000762939453,21.450000762939453,21.209999084472656,21.209999084472656,0.0
2024-03-01 09:33:00,KNTE,2.609999895095825,2.609999895095825,2.619999885559082,2.609999895095825,2.609999895095825,0.0
2024-03-01 09:33:00,KOD,6.156000137329102,6.156000137329102,6.199999809265137,6.156000137329102,6.182700157165527,3203.0
2024-03-01 09:33:00,KPRX,0.6640999913215637,0.6640999913215637,0.6640999913215637,0.6640999913215637,0.6640999913215637,3466.0
2024-03-01 09:33:00,KPTI,1.1649999618530273,1.1649999618530273,1.1699999570846558,1.1649999618530273,1.1649999618530273,598.0
2024-03-01 09:33:00,KRYS,161.88499450683594,161.88499450683594,161.88499450683594,161.88499450683594,161.88499450683594,0.0
2024-03-01 09:33:00,KTRA,0.10540000349283218,0.10540000349283218,0.10540000349283218,0.10540000349283218,0.10540000349283218,0.0
2024-03-01 09:33:00,KURA,21.15999984741211,21.15999984741211,21.3799991607666,21.110000610351562,21.1200008392334,400.0
2024-03-01 09:33:00,KYMR,43.488399505615234,43.488399505615234,43.488399505615234,43.488399505615234,43.488399505615234,128.0
2024-03-01 09:33:00,KZR,1.0399999618530273,1.0399999618530273,1.0399999618530273,1.0399999618530273,1.0399999618530273,72.0
2024-03-01 09:33:00,LAB,2.2799999713897705,2.2799999713897705,2.2799999713897705,2.259999990463257,2.259999990463257,957.0
2024-03-01 09:33:00,LEGN,65.21869659423828,65.21869659423828,65.21869659423828,65.21869659423828,65.21869659423828,172.0
2024-03-01 09:33:00,LEXX,2.6898999214172363,2.6898999214172363,2.7300000190734863,2.5999999046325684,2.7300000190734863,15634.0
2024-03-01 09:33:00,LFMD,8.0600004196167,8.0600004196167,8.119999885559082,8.0600004196167,8.100000381469727,5761.0
2024-03-01 09:33:00,LFST,8.029999732971191,8.029999732971191,8.069999694824219,7.972899913787842,7.977099895477295,6217.0
2024-03-01 09:33:00,LTRN,4.840000152587891,4.840000152587891,4.840000152587891,4.840000152587891,4.840000152587891,11571.0
2024-03-01 09:33:00,LUNG,9.21500015258789,9.21500015258789,9.21500015258789,9.21500015258789,9.21500015258789,151.0
2024-03-01 09:33:00,LVTX,2.950000047683716,2.950000047683716,2.9593000411987305,2.8499999046325684,2.859999895095825,25752.0
2024-03-01 09:33:00,LXRX,2.5399999618530273,2.5399999618530273,2.5399999618530273,2.5,2.5,11729.0
2024-03-01 09:33:00,LYRA,5.2154998779296875,5.2154998779296875,5.2154998779296875,5.2154998779296875,5.2154998779296875,2466.0
2024-03-01 09:33:00,MCRB,1.1699999570846558,1.1699999570846558,1.1699999570846558,1.159500002861023,1.159500002861023,3416.0
2024-03-01 09:33:00,MDGS,2.700000047683716,2.700000047683716,2.700000047683716,2.700000047683716,2.700000047683716,6046.0
2024-03-01 09:33:00,MDRX,5.5,5.5,5.829999923706055,5.5,5.829999923706055,2593.0
2024-03-01 09:33:00,MDXG,8.420000076293945,8.420000076293945,8.420000076293945,8.359000205993652,8.380000114440918,1462.0
2024-03-01 09:33:00,ME,0.5564000010490417,0.5564000010490417,0.5598999857902527,0.5564000010490417,0.5566999912261963,84552.0
2024-03-01 09:33:00,MEIP,4.210100173950195,4.210100173950195,4.210100173950195,4.210100173950195,4.210100173950195,491.0
2024-03-01 09:33:00,MGNX,18.25,18.25,18.25,18.25,18.25,137.0
2024-03-01 09:33:00,MIST,1.7400000095367432,1.7400000095367432,1.7711999416351318,1.7400000095367432,1.7711999416351318,4324.0
2024-03-01 09:33:00,MLTX,51.2599983215332,51.2599983215332,51.2599983215332,51.2599983215332,51.2599983215332,164.0
2024-03-01 09:33:00,MNKD,4.340000152587891,4.340000152587891,4.340000152587891,4.300000190734863,4.320000171661377,5066.0
2024-03-01 09:33:00,MNMD,5.710000038146973,5.710000038146973,5.730000019073486,5.710000038146973,5.730000019073486,6732.0
2024-03-01 09:33:00,MNOV,1.340000033378601,1.340000033378601,1.350000023841858,1.3350000381469727,1.3499000072479248,1019.0
2024-03-01 09:33:00,MNPR,0.75,0.75,0.7789999842643738,0.7429999709129333,0.7436000108718872,6843.0
2024-03-01 09:33:00,MODD,1.9500000476837158,1.9500000476837158,1.9500000476837158,1.9500000476837158,1.9500000476837158,3969.0
2024-03-01 09:33:00,MODV,27.760000228881836,27.760000228881836,27.760000228881836,27.760000228881836,27.760000228881836,290.0
2024-03-01 09:33:00,MOR,17.600000381469727,17.600000381469727,17.600000381469727,17.579999923706055,17.579999923706055,582.0
2024-03-01 09:33:00,MOTS,0.6800000071525574,0.6800000071525574,0.6800000071525574,0.6800000071525574,0.6800000071525574,320.0
2024-03-01 09:33:00,MREO,3.777899980545044,3.777899980545044,3.7899999618530273,3.777899980545044,3.7899999618530273,500.0
2024-03-01 09:33:00,MRNA,93.00499725341797,93.00499725341797,93.00499725341797,92.5,92.51000213623047,5125.0
2024-03-01 09:33:00,MRSN,5.679999828338623,5.679999828338623,5.679999828338623,5.664999961853027,5.664999961853027,995.0
2024-03-01 09:33:00,MRUS,49.25,49.25,49.5,49.220001220703125,49.220001220703125,687.0
2024-03-01 09:33:00,MRVI,7.625,7.625,7.630000114440918,7.590000152587891,7.590000152587891,576.0
2024-03-01 09:33:00,MYGN,20.780000686645508,20.780000686645508,20.780000686645508,20.59000015258789,20.59000015258789,465.0
2024-03-01 09:33:00,MYNZ,0.8899999856948853,0.8899999856948853,0.8899999856948853,0.8899999856948853,0.8899999856948853,200.0
2024-03-01 09:33:00,NARI,45.7400016784668,45.7400016784668,45.89469909667969,45.54999923706055,45.720001220703125,12987.0
2024-03-01 09:33:00,NAUT,2.740000009536743,2.740000009536743,2.740000009536743,2.740000009536743,2.740000009536743,356.0
2024-03-01 09:33:00,NBIX,131.80499267578125,131.80499267578125,131.80499267578125,131.80499267578125,131.80499267578125,0.0
2024-03-01 09:33:00,NEO,15.619999885559082,15.619999885559082,15.619999885559082,15.529999732971191,15.529999732971191,788.0
2024-03-01 09:33:00,NEOG,17.06999969482422,17.06999969482422,17.079999923706055,17.026500701904297,17.026500701904297,520.0
2024-03-01 09:33:00,NEPH,3.1494998931884766,3.1494998931884766,3.1494998931884766,3.1494998931884766,3.1494998931884766,344.0
2024-03-01 09:33:00,NEPT,0.44020000100135803,0.44020000100135803,0.44020000100135803,0.44020000100135803,0.44020000100135803,0.0
2024-03-01 09:33:00,NGM,1.5299999713897705,1.5299999713897705,1.5299999713897705,1.5299999713897705,1.5299999713897705,1001.0
2024-03-01 09:33:00,NKTR,0.7200000286102295,0.7200000286102295,0.7200000286102295,0.7199000120162964,0.7200000286102295,17533.0
2024-03-01 09:33:00,NKTX,12.40999984741211,12.40999984741211,12.470000267028809,12.380000114440918,12.45680046081543,10282.0
2024-03-01 09:33:00,NNOX,11.34000015258789,11.34000015258789,11.379899978637695,11.229999542236328,11.229999542236328,14434.0
2024-03-01 09:33:00,NOTV,7.414999961853027,7.414999961853027,7.480000019073486,7.414999961853027,7.414999961853027,1277.0
2024-03-01 09:33:00,NRBO,5.590000152587891,5.590000152587891,5.590000152587891,5.590000152587891,5.590000152587891,409.0
2024-03-01 09:33:00,NRXP,0.3799000084400177,0.3799000084400177,0.3799000084400177,0.37439998984336853,0.37439998984336853,2980.0
2024-03-01 09:33:00,NTLA,33.060001373291016,33.060001373291016,33.060001373291016,32.684600830078125,32.684600830078125,4341.0
2024-03-01 09:33:00,NTRA,88.55500030517578,88.55500030517578,88.97000122070312,88.0199966430664,88.97000122070312,7303.0
2024-03-01 09:33:00,NTRB,2.6050000190734863,2.6050000190734863,2.6050000190734863,2.6050000190734863,2.6050000190734863,102.0
2024-03-01 09:33:00,NUTX,0.11339999735355377,0.11339999735355377,0.11339999735355377,0.11299999803304672,0.11299999803304672,1200.0
2024-03-01 09:33:00,NUVL,86.33999633789062,86.33999633789062,86.58999633789062,86.33999633789062,86.47750091552734,1198.0
2024-03-01 09:33:00,NVAX,5.019999980926514,5.019999980926514,5.03000020980835,4.929999828338623,4.929999828338623,43113.0
2024-03-01 09:33:00,NVCR,15.387999534606934,15.387999534606934,15.390000343322754,15.1899995803833,15.1899995803833,919.0
2024-03-01 09:33:00,NVCT,10.329999923706055,10.329999923706055,10.329999923706055,10.270000457763672,10.270000457763672,3389.0
2024-03-01 09:33:00,NYXH,13.609999656677246,13.609999656677246,13.619999885559082,13.609999656677246,13.619999885559082,632.0
2024-03-01 09:33:00,OCGN,0.9405999779701233,0.9405999779701233,0.9405999779701233,0.9404000043869019,0.940500020980835,3019.0
2024-03-01 09:33:00,OCUL,10.260000228881836,10.260000228881836,10.260000228881836,10.145000457763672,10.164999961853027,4999.0
2024-03-01 09:33:00,OGI,2.0899999141693115,2.0899999141693115,2.0899999141693115,2.075000047683716,2.075000047683716,1010.0
2024-03-01 09:33:00,OLMA,12.585000038146973,12.585000038146973,12.585000038146973,12.585000038146973,12.585000038146973,0.0
2024-03-01 09:33:00,OM,3.0703001022338867,3.0703001022338867,3.0703001022338867,3.069999933242798,3.069999933242798,933.0
2024-03-01 09:33:00,OMER,4.554800033569336,4.554800033569336,4.554800033569336,4.554800033569336,4.554800033569336,1000.0
2024-03-01 09:33:00,ONCY,1.1299999952316284,1.1299999952316284,1.1299999952316284,1.1299999952316284,1.1299999952316284,0.0
2024-03-01 09:34:00,AADI,2.0227999687194824,2.0227999687194824,2.0227999687194824,2.0227999687194824,2.0227999687194824,364.0
2024-03-01 09:34:00,ABCL,5.050000190734863,5.050000190734863,5.050000190734863,5.045000076293945,5.045000076293945,6594.0
2024-03-01 09:34:00,ABEO,6.974999904632568,6.974999904632568,6.974999904632568,6.974999904632568,6.974999904632568,699.0
2024-03-01 09:34:00,ABOS,4.449999809265137,4.449999809265137,4.487500190734863,4.449999809265137,4.487500190734863,367.0
2024-03-01 09:34:00,ABSI,5.17080020904541,5.17080020904541,5.199999809265137,5.17080020904541,5.199999809265137,2805.0
2024-03-01 09:34:00,ACAD,23.520000457763672,23.520000457763672,23.545000076293945,23.5,23.510000228881836,1094.0
2024-03-01 09:34:00,ACB,3.0713000297546387,3.0713000297546387,3.0799999237060547,3.0713000297546387,3.0799999237060547,2546.0
2024-03-01 09:34:00,ACET,2.369999885559082,2.369999885559082,2.369999885559082,2.369999885559082,2.369999885559082,101.0
2024-03-01 09:34:00,ACHC,83.6050033569336,83.6050033569336,83.6050033569336,83.6050033569336,83.6050033569336,101.0
2024-03-01 09:34:00,ACHL,1.3350000381469727,1.3350000381469727,1.3350000381469727,1.3350000381469727,1.3350000381469727,0.0
2024-03-01 09:34:00,ACLX,68.0199966430664,68.0199966430664,68.125,67.83999633789062,67.83999633789062,284.0
2024-03-01 09:34:00,ACON,0.3801000118255615,0.3801000118255615,0.3896999955177307,0.3801000118255615,0.3801000118255615,4187.0
2024-03-01 09:34:00,ACRS,1.2200000286102295,1.2200000286102295,1.2200000286102295,1.2200000286102295,1.2200000286102295,421.0
2024-03-01 09:34:00,ADAP,1.6100000143051147,1.6100000143051147,1.6100000143051147,1.600000023841858,1.6100000143051147,5294.0
2024-03-01 09:34:00,ADIL,3.319999933242798,3.319999933242798,3.650099992752075,3.1500000953674316,3.1698999404907227,1300441.0
2024-03-01 09:34:00,ADMA,5.380000114440918,5.380000114440918,5.420000076293945,5.380000114440918,5.420000076293945,2390.0
2024-03-01 09:34:00,ADPT,4.039999961853027,4.039999961853027,4.074999809265137,4.039999961853027,4.070000171661377,641.0
2024-03-01 09:34:00,ADVM,1.9900000095367432,1.9900000095367432,1.9900000095367432,1.9838999509811401,1.9838999509811401,465.0
2024-03-01 09:34:00,AGEN,0.6710000038146973,0.6710000038146973,0.6800000071525574,0.6710000038146973,0.6718000173568726,6620.0
2024-03-01 09:34:00,AGIO,32.650001525878906,32.650001525878906,32.650001525878906,32.56999969482422,32.599998474121094,1413.0
2024-03-01 09:34:00,AGRX,0.8100000023841858,0.8100000023841858,0.8100000023841858,0.8100000023841858,0.8100000023841858,143.0
2024-03-01 09:34:00,AHCO,10.4399995803833,10.4399995803833,10.4399995803833,10.420000076293945,10.420000076293945,3102.0
2024-03-01 09:34:00,AIMD,1.0399999618530273,1.0399999618530273,1.0399999618530273,1.0149999856948853,1.0149999856948853,700.0
2024-03-01 09:34:00,AIRS,6.409999847412109,6.409999847412109,6.409999847412109,6.409999847412109,6.409999847412109,300.0
2024-03-01 09:34:00,AKAN,0.2809000015258789,0.2809000015258789,0.2809000015258789,0.2809000015258789,0.2809000015258789,1316.0
2024-03-01 09:34:00,AKBA,1.6100000143051147,1.6100000143051147,1.6150000095367432,1.6100000143051147,1.6150000095367432,0.0
2024-03-01 09:34:00,AKLI,0.3499999940395355,0.3499999940395355,0.3499999940395355,0.3499999940395355,0.3499999940395355,2924.0
2024-03-01 09:34:00,AKRO,28.885000228881836,28.885000228881836,28.950000762939453,28.600099563598633,28.770000457763672,1079.0
2024-03-01 09:34:00,ALDX,3.7799999713897705,3.7799999713897705,3.7799999713897705,3.774399995803833,3.774399995803833,1180.0
2024-03-01 09:34:00,ALEC,7.25,7.25,7.289999961853027,7.210100173950195,7.25,1004.0
2024-03-01 09:34:00,ALGN,300.1499938964844,300.1499938964844,300.20001220703125,299.56500244140625,299.56500244140625,1923.0
2024-03-01 09:34:00,ALGS,0.9800000190734863,0.9800000190734863,0.9800000190734863,0.9800000190734863,0.9800000190734863,1208.0
2024-03-01 09:34:00,ALHC,5.925000190734863,5.925000190734863,5.925000190734863,5.915999889373779,5.915999889373779,1206.0
2024-03-01 09:34:00,ALKS,29.795000076293945,29.795000076293945,29.795000076293945,29.770000457763672,29.770000457763672,1479.0
2024-03-01 09:34:00,ALLK,1.5449999570846558,1.5449999570846558,1.5499999523162842,1.534999966621399,1.534999966621399,1000.0
2024-03-01 09:34:00,ALLO,5.000100135803223,5.000100135803223,5.028200149536133,5.000100135803223,5.01800012588501,2779.0
2024-03-01 09:34:00,ALPN,35.8650016784668,35.8650016784668,35.8650016784668,35.775001525878906,35.775001525878906,401.0
2024-03-01 09:34:00,ALT,12.449999809265137,12.449999809265137,12.670000076293945,12.34000015258789,12.635000228881836,31967.0
2024-03-01 09:34:00,ALVO,15.449999809265137,15.449999809265137,15.579999923706055,15.449999809265137,15.579999923706055,320.0
2024-03-01 09:34:00,ALVR,0.7554000020027161,0.7554000020027161,0.7554000020027161,0.7554000020027161,0.7554000020027161,305.0
2024-03-01 09:34:00,AMED,93.0459976196289,93.0459976196289,93.12999725341797,93.0459976196289,93.0999984741211,1054.0
2024-03-01 09:34:00,AMGN,276.510009765625,276.510009765625,276.510009765625,275.1549987792969,275.1549987792969,4963.0
2024-03-01 09:34:00,AMLX,19.079999923706055,19.079999923706055,19.190000534057617,19.079999923706055,19.165000915527344,484.0
2024-03-01 09:34:00,AMRN,1.0199999809265137,1.0199999809265137,1.024999976158142,1.0099999904632568,1.024999976158142,49815.0
2024-03-01 09:34:00,ANAB,25.90999984741211,25.90999984741211,25.90999984741211,25.719999313354492,25.719999313354492,513.0
2024-03-01 09:34:00,ANNX,6.059999942779541,6.059999942779541,6.099999904632568,6.03000020980835,6.099999904632568,3139.0
2024-03-01 09:34:00,ANTX,3.0199999809265137,3.0199999809265137,3.0199999809265137,3.0199999809265137,3.0199999809265137,0.0
2024-03-01 09:34:00,APLS,62.38999938964844,62.38999938964844,62.38999938964844,62.220001220703125,62.3849983215332,1272.0
2024-03-01 09:34:00,APLT,7.440000057220459,7.440000057220459,7.525000095367432,7.440000057220459,7.5,6480.0
2024-03-01 09:34:00,APM,1.6100000143051147,1.6100000143051147,1.6100000143051147,1.600000023841858,1.600000023841858,521.0
2024-03-01 09:34:00,AQST,3.7400999069213867,3.7400999069213867,3.7792000770568848,3.7400999069213867,3.7792000770568848,2863.0
2024-03-01 09:34:00,ARDX,9.534799575805664,9.534799575805664,9.550000190734863,9.529999732971191,9.550000190734863,3898.0
2024-03-01 09:34:00,ARGX,380.8841857910156,380.8841857910156,381.0799865722656,380.8841857910156,381.0799865722656,1284.0
2024-03-01 09:34:00,ARQT,10.274999618530273,10.274999618530273,10.300000190734863,10.244999885559082,10.300000190734863,5182.0
2024-03-01 09:34:00,ARVN,47.65999984741211,47.65999984741211,47.68000030517578,47.45000076293945,47.52000045776367,1544.0
2024-03-01 09:34:00,ARWR,32.7400016784668,32.7400016784668,32.7400016784668,32.7400016784668,32.7400016784668,774.0
2024-03-01 09:34:00,ASLN,0.8700000047683716,0.8700000047683716,0.8700000047683716,0.8700000047683716,0.8700000047683716,406.0
2024-03-01 09:34:00,ASRT,0.881600022315979,0.881600022315979,0.881600022315979,0.881600022315979,0.881600022315979,337.0
2024-03-01 09:34:00,ATAI,1.9700000286102295,1.9700000286102295,1.9700000286102295,1.9700000286102295,1.9700000286102295,0.0
2024-03-01 09:34:00,ATEC,13.17300033569336,13.17300033569336,13.279999732971191,13.17300033569336,13.279999732971191,3343.0
2024-03-01 09:34:00,ATHA,3.9089999198913574,3.9089999198913574,3.9089999198913574,3.9089999198913574,3.9089999198913574,406.0
2024-03-01 09:34:00,ATOS,0.9883999824523926,0.9883999824523926,0.9900000095367432,0.9854999780654907,0.9854999780654907,3844.0
2024-03-01 09:34:00,ATRA,0.7889999747276306,0.7889999747276306,0.7979000210762024,0.7889999747276306,0.7900000214576721,3600.0
2024-03-01 09:34:00,ATRC,34.915000915527344,34.915000915527344,34.915000915527344,34.915000915527344,34.915000915527344,124.0
2024-03-01 09:34:00,ATXS,14.329999923706055,14.329999923706055,14.345000267028809,14.1850004196167,14.1850004196167,6896.0
2024-03-01 09:34:00,AUGX,4.460000038146973,4.460000038146973,4.460000038146973,4.460000038146973,4.460000038146973,200.0
2024-03-01 09:34:00,AUPH,5.670000076293945,5.670000076293945,5.670000076293945,5.650000095367432,5.650000095367432,6049.0
2024-03-01 09:34:00,AUTL,6.130000114440918,6.130000114440918,6.159999847412109,6.114999771118164,6.114999771118164,7697.0
2024-03-01 09:34:00,AVDL,13.005000114440918,13.005000114440918,13.050000190734863,12.970000267028809,13.010000228881836,7622.0
2024-03-01 09:34:00,AVXL,5.170000076293945,5.170000076293945,5.179999828338623,5.170000076293945,5.179999828338623,958.0
2024-03-01 09:34:00,AXGN,10.430000305175781,10.430000305175781,10.449999809265137,10.430000305175781,10.449999809265137,0.0
2024-03-01 09:34:00,AXNX,67.83499908447266,67.83499908447266,67.86000061035156,67.83499908447266,67.86000061035156,500.0
2024-03-01 09:34:00,AZN,64.33000183105469,64.33000183105469,64.33000183105469,64.19000244140625,64.19000244140625,6481.0
2024-03-01 09:34:00,BBIO,34.779998779296875,34.779998779296875,34.7859992980957,34.67499923706055,34.67499923706055,556.0
2024-03-01 09:34:00,BBLG,2.940000057220459,2.940000057220459,2.9881999492645264,2.8499999046325684,2.940000057220459,1637.0
2024-03-01 09:34:00,BCLI,0.3659000098705292,0.3659000098705292,0.3659000098705292,0.3659000098705292,0.3659000098705292,102.0
2024-03-01 09:34:00,BCRX,5.75,5.75,5.760000228881836,5.744999885559082,5.760000228881836,9808.0
2024-03-01 09:34:00,BDSX,1.6030000448226929,1.6030000448226929,1.6500999927520752,1.6002999544143677,1.649999976158142,4080.0
2024-03-01 09:34:00,BEAM,40.57500076293945,40.57500076293945,40.66999816894531,40.54140090942383,40.65999984741211,1410.0
2024-03-01 09:34:00,BFRI,0.8795999884605408,0.8795999884605408,0.8795999884605408,0.8795999884605408,0.8795999884605408,4171.0
2024-03-01 09:34:00,BGNE,163.89999389648438,163.89999389648438,163.89999389648438,162.9499969482422,162.9499969482422,1213.0
2024-03-01 09:34:00,BGXX,0.2619999945163727,0.2619999945163727,0.2619999945163727,0.2619999945163727,0.2619999945163727,220.0
2024-03-01 09:34:00,BIIB,216.19000244140625,216.19000244140625,216.1999969482422,215.55999755859375,215.60000610351562,3355.0
2024-03-01 09:34:00,BIOL,0.14000000059604645,0.14000000059604645,0.14000000059604645,0.14000000059604645,0.14000000059604645,1110.0
2024-03-01 09:34:00,BIOR,1.3250000476837158,1.3250000476837158,1.3250000476837158,1.3250000476837158,1.3250000476837158,2124.0
2024-03-01 09:34:00,BIVI,2.690000057220459,2.690000057220459,2.799999952316284,2.630000114440918,2.7300000190734863,630848.0
2024-03-01 09:34:00,BLUE,1.4802000522613525,1.4802000522613525,1.5099999904632568,1.4802000522613525,1.4900000095367432,48544.0
2024-03-01 09:34:00,BMEA,17.408000946044922,17.408000946044922,17.479999542236328,17.408000946044922,17.479999542236328,771.0
2024-03-01 09:34:00,BMRN,86.69000244140625,86.69000244140625,86.69000244140625,86.53500366210938,86.54499816894531,884.0
2024-03-01 09:34:00,BNGO,1.2599999904632568,1.2599999904632568,1.2599999904632568,1.2599999904632568,1.2599999904632568,785.0
2024-03-01 09:34:00,BNOX,1.215000033378601,1.215000033378601,1.215000033378601,1.215000033378601,1.215000033378601,2667.0
2024-03-01 09:34:00,BNR,0.8500999808311462,0.8500999808311462,0.8952999711036682,0.8500999808311462,0.8952999711036682,400.0
2024-03-01 09:34:00,BNTX,89.94999694824219,89.94999694824219,89.94999694824219,89.88999938964844,89.92500305175781,1216.0
2024-03-01 09:34:00,BPMC,95.43000030517578,95.43000030517578,95.43000030517578,94.98999786376953,95.43000030517578,658.0
2024-03-01 09:34:00,BRKR,86.7699966430664,86.7699966430664,86.7699966430664,86.7699966430664,86.7699966430664,17.0
2024-03-01 09:34:00,BRTX,1.440000057220459,1.440000057220459,1.440000057220459,1.434999942779541,1.434999942779541,1400.0
2024-03-01 09:34:00,BTCY,0.9555000066757202,0.9555000066757202,0.9555000066757202,0.9491000175476074,0.9491000175476074,1949.0
2024-03-01 09:34:00,BTTX,0.164000004529953,0.164000004529953,0.164000004529953,0.164000004529953,0.164000004529953,630.0
2024-03-01 09:34:00,CABA,23.829999923706055,23.829999923706055,23.829999923706055,23.74720001220703,23.74720001220703,299.0
2024-03-01 09:34:00,CAPR,4.39870023727417,4.39870023727417,4.399899959564209,4.39870023727417,4.399899959564209,2905.0
2024-03-01 09:34:00,CARA,0.8226000070571899,0.8226000070571899,0.8226000070571899,0.8226000070571899,0.8226000070571899,0.0
2024-03-01 09:34:00,CBAY,32.20000076293945,32.20000076293945,32.20000076293945,32.19499969482422,32.20000076293945,6797.0
2024-03-01 09:34:00,CCCC,11.085000038146973,11.085000038146973,11.136899948120117,11.031999588012695,11.136899948120117,8344.0
2024-03-01 09:34:00,CDMO,7.78000020980835,7.78000020980835,7.78000020980835,7.78000020980835,7.78000020980835,18.0
2024-03-01 09:34:00,CDNA,11.460000038146973,11.460000038146973,11.520000457763672,11.4399995803833,11.520000457763672,2138.0
2024-03-01 09:34:00,CDXS,4.65500020980835,4.65500020980835,4.672900199890137,4.619999885559082,4.660099983215332,5233.0
2024-03-01 09:34:00,CERE,41.08000183105469,41.08000183105469,41.08000183105469,41.04999923706055,41.06999969482422,1756.0
2024-03-01 09:34:00,CERT,16.260000228881836,16.260000228881836,16.510000228881836,16.260000228881836,16.43000030517578,1336.0
2024-03-01 09:34:00,CGC,3.2799999713897705,3.2799999713897705,3.2799999713897705,3.2799999713897705,3.2799999713897705,390.0
2024-03-01 09:34:00,CGEN,2.6500000953674316,2.6500000953674316,2.6600000858306885,2.6500000953674316,2.6600000858306885,5389.0
2024-03-01 09:34:00,CHRS,2.3299999237060547,2.3299999237060547,2.3350000381469727,2.3299999237060547,2.3350000381469727,615.0
2024-03-01 09:34:00,CING,1.350000023841858,1.350000023841858,1.375,1.3198000192642212,1.3198000192642212,16296.0
2024-03-01 09:34:00,CJJD,3.072000026702881,3.072000026702881,3.0899999141693115,3.0525999069213867,3.0525999069213867,797.0
2024-03-01 09:34:00,CKPT,2.199899911880493,2.199899911880493,2.199899911880493,2.199899911880493,2.199899911880493,4124.0
2024-03-01 09:34:00,CLDX,48.900001525878906,48.900001525878906,49.0,48.79999923706055,48.935298919677734,9369.0
2024-03-01 09:34:00,CLNN,0.41780000925064087,0.41780000925064087,0.41780000925064087,0.41499999165534973,0.41499999165534973,1500.0
2024-03-01 09:34:00,CLOV,0.8629999756813049,0.8629999756813049,0.8632000088691711,0.8555999994277954,0.8555999994277954,5321.0
2024-03-01 09:34:00,CMPS,10.505000114440918,10.505000114440918,10.505000114440918,10.505000114440918,10.505000114440918,510.0
2024-03-01 09:34:00,CMPX,1.850000023841858,1.850000023841858,1.850000023841858,1.8300000429153442,1.8300000429153442,15700.0
2024-03-01 09:34:00,CNSP,0.2800999879837036,0.2800999879837036,0.2800999879837036,0.2800999879837036,0.2800999879837036,0.0
2024-03-01 09:34:00,COGT,7.269999980926514,7.269999980926514,7.269999980926514,7.25,7.264999866485596,3781.0
2024-03-01 09:34:00,COLL,36.97200012207031,36.97200012207031,37.18989944458008,36.970001220703125,37.18989944458008,1447.0
2024-03-01 09:34:00,CORT,23.43000030517578,23.43000030517578,23.43000030517578,23.43000030517578,23.43000030517578,137.0
2024-03-01 09:34:00,COSM,0.7653999924659729,0.7653999924659729,0.7653999924659729,0.7653999924659729,0.7653999924659729,5000.0
2024-03-01 09:34:00,CPRX,16.420000076293945,16.420000076293945,16.469999313354492,16.356399536132812,16.3799991607666,2051.0
2024-03-01 09:34:00,CPSI,9.970000267028809,9.970000267028809,9.991999626159668,9.779999732971191,9.869000434875488,4045.0
2024-03-01 09:34:00,CRBP,31.299999237060547,31.299999237060547,31.299999237060547,31.299999237060547,31.299999237060547,5021.0
2024-03-01 09:34:00,CRBU,8.140000343322754,8.140000343322754,8.149999618530273,8.140000343322754,8.14050006866455,643.0
2024-03-01 09:34:00,CRDF,2.0885000228881836,2.0885000228881836,2.119999885559082,2.069999933242798,2.0999999046325684,38869.0
2024-03-01 09:34:00,CRDL,2.130000114440918,2.130000114440918,2.130000114440918,2.130000114440918,2.130000114440918,424.0
2024-03-01 09:34:00,CRNX,42.709999084472656,42.709999084472656,42.869998931884766,42.709999084472656,42.869998931884766,2275.0
2024-03-01 09:34:00,CRON,2.0850000381469727,2.0850000381469727,2.0950000286102295,2.069999933242798,2.069999933242798,4413.0
2024-03-01 09:34:00,CRSP,84.97000122070312,84.97000122070312,85.33499908447266,84.69999694824219,85.33499908447266,4540.0
2024-03-01 09:34:00,CSTL,19.0049991607666,19.0049991607666,19.100000381469727,19.0049991607666,19.100000381469727,574.0
2024-03-01 09:34:00,CTKB,7.78000020980835,7.78000020980835,7.78000020980835,7.78000020980835,7.78000020980835,100.0
2024-03-01 09:34:00,CTMX,2.4899001121520996,2.4899001121520996,2.4899001121520996,2.4899001121520996,2.4899001121520996,500.0
2024-03-01 09:34:00,CTXR,0.7799999713897705,0.7799999713897705,0.7799999713897705,0.7799999713897705,0.7799999713897705,24980.0
2024-03-01 09:34:00,CUTR,2.180799961090088,2.180799961090088,2.180799961090088,2.180799961090088,2.180799961090088,1028.0
2024-03-01 09:34:00,CVAC,3.400399923324585,3.400399923324585,3.400399923324585,3.400399923324585,3.400399923324585,53.0
2024-03-01 09:34:00,CYTK,73.62999725341797,73.62999725341797,73.62999725341797,73.55999755859375,73.58999633789062,741.0
2024-03-01 09:34:00,DARE,0.5774999856948853,0.5774999856948853,0.5799999833106995,0.5774999856948853,0.5791000127792358,224.0
2024-03-01 09:34:00,DAWN,16.96500015258789,16.96500015258789,16.96500015258789,16.959999084472656,16.959999084472656,1221.0
2024-03-01 09:34:00,DCGO,3.994999885559082,3.994999885559082,3.994999885559082,3.9825000762939453,3.9825000762939453,300.0
2024-03-01 09:34:00,DH,9.430000305175781,9.430000305175781,9.430000305175781,9.420100212097168,9.420100212097168,1938.0
2024-03-01 09:34:00,DMTK,0.9750000238418579,0.9750000238418579,0.9900000095367432,0.9333000183105469,0.9900000095367432,18544.0
2024-03-01 09:34:00,DNLI,20.56999969482422,20.56999969482422,20.56999969482422,20.485000610351562,20.56999969482422,1466.0
2024-03-01 09:34:00,DRMA,0.45100000500679016,0.45100000500679016,0.45100000500679016,0.45100000500679016,0.45100000500679016,0.0
2024-03-01 09:34:00,DRTS,2.940000057220459,2.940000057220459,2.940000057220459,2.940000057220459,2.940000057220459,796.0
2024-03-01 09:34:00,DTIL,13.930000305175781,13.930000305175781,13.970000267028809,13.680000305175781,13.859999656677246,7917.0
2024-03-01 09:34:00,DVAX,12.770000457763672,12.770000457763672,12.770000457763672,12.75,12.75,335.0
2024-03-01 09:34:00,DXCM,114.06500244140625,114.06500244140625,114.16999816894531,113.76499938964844,113.76499938964844,3539.0
2024-03-01 09:34:00,DXR,7.889999866485596,7.889999866485596,7.889999866485596,7.889999866485596,7.889999866485596,459.0
2024-03-01 09:34:00,DYN,27.75,27.75,27.75309944152832,27.75,27.75309944152832,303.0
2024-03-01 09:34:00,EDIT,10.554800033569336,10.554800033569336,10.566499710083008,10.475000381469727,10.475000381469727,2532.0
2024-03-01 09:34:00,EGRX,6.010000228881836,6.010000228881836,6.105000019073486,6.010000228881836,6.105000019073486,2381.0
2024-03-01 09:34:00,ELEV,4.519999980926514,4.519999980926514,4.519999980926514,4.485000133514404,4.489999771118164,10464.0
2024-03-01 09:34:00,EMBC,14.239999771118164,14.239999771118164,14.239999771118164,14.239999771118164,14.239999771118164,0.0
2024-03-01 09:34:00,ENTA,14.545000076293945,14.545000076293945,14.550000190734863,14.545000076293945,14.550000190734863,1848.0
2024-03-01 09:34:00,ENVB,1.7999000549316406,1.7999000549316406,1.899999976158142,1.7200000286102295,1.8860000371932983,267454.0
2024-03-01 09:34:00,EOLS,14.84000015258789,14.84000015258789,14.84000015258789,14.8100004196167,14.8100004196167,625.0
2024-03-01 09:34:00,EQ,2.5899999141693115,2.5899999141693115,2.5899999141693115,2.5899999141693115,2.5899999141693115,1937.0
2024-03-01 09:34:00,ESPR,2.549999952316284,2.549999952316284,2.549999952316284,2.5209999084472656,2.5281999111175537,6321.0
2024-03-01 09:34:00,ESTA,46.04499816894531,46.04499816894531,46.33000183105469,46.04499816894531,46.31999969482422,344.0
2024-03-01 09:34:00,ETNB,12.279999732971191,12.279999732971191,12.3100004196167,12.255000114440918,12.296199798583984,1406.0
2024-03-01 09:34:00,ETON,4.460000038146973,4.460000038146973,4.460000038146973,4.460000038146973,4.460000038146973,362.0
2024-03-01 09:34:00,EWTX,16.315000534057617,16.315000534057617,16.31999969482422,16.315000534057617,16.31999969482422,1100.0
2024-03-01 09:34:00,EXAS,57.28499984741211,57.28499984741211,57.29499816894531,57.28499984741211,57.29499816894531,670.0
2024-03-01 09:34:00,EXEL,22.174999237060547,22.174999237060547,22.174999237060547,22.149999618530273,22.149999618530273,586.0
2024-03-01 09:34:00,EYEN,2.200000047683716,2.200000047683716,2.200000047683716,2.190000057220459,2.197000026702881,23419.0
2024-03-01 09:34:00,EYPT,28.059999465942383,28.059999465942383,28.110000610351562,27.81999969482422,27.81999969482422,1768.0
2024-03-01 09:34:00,FATE,7.470099925994873,7.470099925994873,7.5,7.414999961853027,7.414999961853027,14437.0
2024-03-01 09:34:00,FBIO,2.0820000171661377,2.0820000171661377,2.0820000171661377,2.0820000171661377,2.0820000171661377,1996.0
2024-03-01 09:34:00,FDMT,28.31999969482422,28.31999969482422,28.43000030517578,28.31999969482422,28.43000030517578,1208.0
2024-03-01 09:34:00,FEMY,1.7450000047683716,1.7450000047683716,1.7450000047683716,1.7450000047683716,1.7450000047683716,4013.0
2024-03-01 09:34:00,FGEN,1.7238999605178833,1.7238999605178833,1.7450000047683716,1.7238999605178833,1.7400000095367432,3303.0
2024-03-01 09:34:00,FIXX,0.9150000214576721,0.9150000214576721,0.9300000071525574,0.9150000214576721,0.9300000071525574,244.0
2024-03-01 09:34:00,FLGT,22.84000015258789,22.84000015258789,22.84480094909668,22.84000015258789,22.84480094909668,889.0
2024-03-01 09:34:00,FOLD,13.278800010681152,13.278800010681152,13.278800010681152,13.199999809265137,13.220000267028809,9855.0
2024-03-01 09:34:00,FULC,10.449999809265137,10.449999809265137,10.449999809265137,10.399999618530273,10.399999618530273,1225.0
2024-03-01 09:34:00,FUSN,12.260000228881836,12.260000228881836,12.260000228881836,12.210000038146973,12.219900131225586,1827.0
2024-03-01 09:34:00,GBIO,2.5299999713897705,2.5299999713897705,2.5299999713897705,2.490000009536743,2.4999001026153564,4311.0
2024-03-01 09:34:00,GDRX,8.0649995803833,8.0649995803833,8.300000190734863,8.039999961853027,8.300000190734863,25025.0
2024-03-01 09:34:00,GEG,2.0099000930786133,2.0099000930786133,2.0099000930786133,2.0099000930786133,2.0099000930786133,3490.0
2024-03-01 09:34:00,GERN,2.049999952316284,2.049999952316284,2.059999942779541,2.049999952316284,2.059999942779541,12882.0
2024-03-01 09:34:00,GH,18.989999771118164,18.989999771118164,18.989999771118164,18.920000076293945,18.920000076293945,720.0
2024-03-01 09:34:00,GILD,72.36000061035156,72.36000061035156,72.38999938964844,72.13500213623047,72.13500213623047,2327.0
2024-03-01 09:34:00,GLMD,0.41990000009536743,0.41990000009536743,0.41990000009536743,0.41990000009536743,0.41990000009536743,0.0
2024-03-01 09:34:00,GLPG,34.96500015258789,34.96500015258789,34.97999954223633,34.959999084472656,34.959999084472656,614.0
2024-03-01 09:34:00,GLTO,0.6800000071525574,0.6800000071525574,0.7010999917984009,0.6800000071525574,0.7010999917984009,11452.0
2024-03-01 09:34:00,GMAB,28.639999389648438,28.639999389648438,28.639999389648438,28.600000381469727,28.600000381469727,854.0
2024-03-01 09:34:00,GMDA,0.3677999973297119,0.3677999973297119,0.3677999973297119,0.3677999973297119,0.3677999973297119,1503.0
2024-03-01 09:34:00,GRFS,6.900000095367432,6.900000095367432,6.949999809265137,6.900000095367432,6.939899921417236,8888.0
2024-03-01 09:34:00,GRTS,1.9320000410079956,1.9320000410079956,2.0,1.9249999523162842,2.0,72226.0
2024-03-01 09:34:00,GRTX,0.2401999980211258,0.2401999980211258,0.2401999980211258,0.2401999980211258,0.2401999980211258,0.0
2024-03-01 09:34:00,GTHX,3.4000000953674316,3.4000000953674316,3.4100000858306885,3.378000020980835,3.380000114440918,6618.0
2024-03-01 09:34:00,HALO,40.78499984741211,40.78499984741211,40.875,40.78499984741211,40.869998931884766,923.0
2024-03-01 09:34:00,HARP,22.950000762939453,22.950000762939453,22.950000762939453,22.940000534057617,22.940000534057617,19506.0
2024-03-01 09:34:00,HCAT,8.260000228881836,8.260000228881836,8.329999923706055,8.260000228881836,8.329999923706055,1428.0
2024-03-01 09:34:00,HCM,15.3100004196167,15.3100004196167,15.3100004196167,15.3100004196167,15.3100004196167,36.0
2024-03-01 09:34:00,HCSG,12.6899995803833,12.6899995803833,12.6899995803833,12.6899995803833,12.6899995803833,413.0
2024-03-01 09:34:00,HCTI,2.5179998874664307,2.5179998874664307,2.5999999046325684,2.441999912261963,2.441999912261963,13113.0
2024-03-01 09:34:00,HITI,1.767699956893921,1.767699956893921,1.767699956893921,1.767699956893921,1.767699956893921,131.0
2024-03-01 09:34:00,HLTH,0.2797999978065491,0.2797999978065491,0.2797999978065491,0.27900001406669617,0.27900001406669617,10818.0
2024-03-01 09:34:00,HOLX,73.33999633789062,73.33999633789062,73.33999633789062,73.16500091552734,73.18000030517578,1730.0
2024-03-01 09:34:00,HOOK,0.7745000123977661,0.7745000123977661,0.7745000123977661,0.7745000123977661,0.7745000123977661,997.0
2024-03-01 09:34:00,HOWL,6.920000076293945,6.920000076293945,6.920000076293945,6.920000076293945,6.920000076293945,115.0
2024-03-01 09:34:00,HRMY,31.270000457763672,31.270000457763672,31.704999923706055,31.209999084472656,31.565000534057617,4911.0
2024-03-01 09:34:00,HRTX,2.619999885559082,2.619999885559082,2.619999885559082,2.619999885559082,2.619999885559082,1120.0
2024-03-01 09:34:00,HSCS,0.11699999868869781,0.11699999868869781,0.11699999868869781,0.11699999868869781,0.11699999868869781,0.0
2024-03-01 09:34:00,HSIC,76.40750122070312,76.40750122070312,76.5,76.30999755859375,76.5,1135.0
2024-03-01 09:34:00,HUMA,3.0,3.0,3.0199999809265137,3.0,3.009999990463257,299785.0
2024-03-01 09:34:00,IART,36.814998626708984,36.814998626708984,36.814998626708984,36.814998626708984,36.814998626708984,343.0
2024-03-01 09:34:00,IBRX,4.760000228881836,4.760000228881836,4.809899806976318,4.760000228881836,4.781700134277344,4444.0
2024-03-01 09:34:00,ICAD,1.7799999713897705,1.7799999713897705,1.7799999713897705,1.7799999713897705,1.7799999713897705,117.0
2024-03-01 09:34:00,ICLR,319.739990234375,319.739990234375,320.04998779296875,319.7200012207031,319.7200012207031,2127.0
2024-03-01 09:34:00,ICUI,105.63999938964844,105.63999938964844,105.63999938964844,105.63999938964844,105.63999938964844,160.0
2024-03-01 09:34:00,IDXX,565.510009765625,565.510009765625,566.6500244140625,565.47998046875,566.6500244140625,0.0
2024-03-01 09:34:00,IDYA,45.54999923706055,45.54999923706055,45.54999923706055,45.54999923706055,45.54999923706055,110.0
2024-03-01 09:34:00,IFRX,1.8499000072479248,1.8499000072479248,1.8499000072479248,1.8499000072479248,1.8499000072479248,1005.0
2024-03-01 09:34:00,IGMS,12.650099754333496,12.650099754333496,12.650099754333496,12.650099754333496,12.650099754333496,207.0
2024-03-01 09:34:00,IINN,1.659999966621399,1.659999966621399,1.6604000329971313,1.659999966621399,1.659999966621399,1757.0
2024-03-01 09:34:00,ILMN,136.61500549316406,136.61500549316406,137.38999938964844,136.61500549316406,137.38999938964844,2599.0
2024-03-01 09:34:00,IMAB,1.8200000524520874,1.8200000524520874,1.8407000303268433,1.8200000524520874,1.8407000303268433,1510.0
2024-03-01 09:34:00,IMCR,67.80999755859375,67.80999755859375,67.80999755859375,67.80999755859375,67.80999755859375,315.0
2024-03-01 09:34:00,IMMX,3.4000000953674316,3.4000000953674316,3.4000000953674316,3.4000000953674316,3.4000000953674316,796.0
2024-03-01 09:34:00,IMNM,24.479999542236328,24.479999542236328,24.479999542236328,24.479999542236328,24.479999542236328,600.0
2024-03-01 09:34:00,IMNN,1.1698999404907227,1.1698999404907227,1.1699999570846558,1.1698999404907227,1.1699999570846558,290.0
2024-03-01 09:34:00,IMTX,12.779999732971191,12.779999732971191,12.779999732971191,12.779999732971191,12.779999732971191,2515.0
2024-03-01 09:34:00,IMUX,1.4600000381469727,1.4600000381469727,1.4600000381469727,1.4600000381469727,1.4600000381469727,414.0
2024-03-01 09:34:00,IMVT,36.30500030517578,36.30500030517578,36.40999984741211,36.27750015258789,36.40999984741211,1099.0
2024-03-01 09:34:00,INCY,58.7599983215332,58.7599983215332,58.7599983215332,58.54750061035156,58.61989974975586,3852.0
2024-03-01 09:34:00,INGN,6.659999847412109,6.659999847412109,6.663400173187256,6.659999847412109,6.659999847412109,540.0
2024-03-01 09:34:00,INMD,22.059999465942383,22.059999465942383,22.100000381469727,22.059999465942383,22.059999465942383,1340.0
2024-03-01 09:34:00,INO,8.930000305175781,8.930000305175781,8.978899955749512,8.930000305175781,8.978899955749512,1318.0
2024-03-01 09:34:00,INSM,28.579999923706055,28.579999923706055,28.584999084472656,28.5049991607666,28.5049991607666,626.0
2024-03-01 09:34:00,INZY,6.465000152587891,6.465000152587891,6.465000152587891,6.465000152587891,6.465000152587891,84.0
2024-03-01 09:34:00,IOBT,1.625,1.625,1.625,1.625,1.625,150056.0
2024-03-01 09:34:00,IONS,45.45500183105469,45.45500183105469,45.45500183105469,45.31999969482422,45.31999969482422,2111.0
2024-03-01 09:34:00,IOVA,16.4950008392334,16.4950008392334,16.63990020751953,16.459999084472656,16.610000610351562,22858.0
2024-03-01 09:34:00,IPA,1.809999942779541,1.809999942779541,1.809999942779541,1.809999942779541,1.809999942779541,154.0
2024-03-01 09:34:00,IRIX,2.6600000858306885,2.6600000858306885,2.6600000858306885,2.6600000858306885,2.6600000858306885,1951.0
2024-03-01 09:34:00,IRWD,8.864999771118164,8.864999771118164,8.9350004196167,8.8100004196167,8.923199653625488,62069.0
2024-03-01 09:34:00,ISRG,384.0799865722656,384.0799865722656,384.17999267578125,382.7449951171875,383.0,2398.0
2024-03-01 09:34:00,ITCI,70.21499633789062,70.21499633789062,70.21499633789062,70.19499969482422,70.19499969482422,696.0
2024-03-01 09:34:00,ITRM,1.2599999904632568,1.2599999904632568,1.2599999904632568,1.2599999904632568,1.2599999904632568,170.0
2024-03-01 09:34:00,JAGX,0.060499999672174454,0.060499999672174454,0.0608999989926815,0.05999999865889549,0.05999999865889549,19745.0
2024-03-01 09:34:00,JANX,46.2859992980957,46.2859992980957,46.560001373291016,45.83000183105469,45.83000183105469,4242.0
2024-03-01 09:34:00,JAZZ,119.9000015258789,119.9000015258789,120.05000305175781,119.86499786376953,119.86499786376953,526.0
2024-03-01 09:34:00,KALV,13.850000381469727,13.850000381469727,13.869999885559082,13.845000267028809,13.845000267028809,52.0
2024-03-01 09:34:00,KNTE,2.615000009536743,2.615000009536743,2.615000009536743,2.610100030899048,2.610100030899048,2408.0
2024-03-01 09:34:00,KOD,6.210000038146973,6.210000038146973,6.239999771118164,6.179900169372559,6.179999828338623,1701.0
2024-03-01 09:34:00,KPTI,1.1699999570846558,1.1699999570846558,1.1699999570846558,1.1699999570846558,1.1699999570846558,1893.0
2024-03-01 09:34:00,KRON,1.0413999557495117,1.0413999557495117,1.0449999570846558,1.0413999557495117,1.0420000553131104,2962.0
2024-03-01 09:34:00,KROS,69.00250244140625,69.00250244140625,69.23999786376953,69.0,69.19000244140625,1086.0
2024-03-01 09:34:00,KRTX,315.3900146484375,315.3900146484375,315.3900146484375,315.3900146484375,315.3900146484375,1061.0
2024-03-01 09:34:00,KRYS,162.36749267578125,162.36749267578125,162.36749267578125,162.36749267578125,162.36749267578125,165.0
2024-03-01 09:34:00,KTRA,0.10090000182390213,0.10090000182390213,0.10360000282526016,0.10090000182390213,0.10350000113248825,51253.0
2024-03-01 09:34:00,KURA,21.21500015258789,21.21500015258789,21.28499984741211,21.170000076293945,21.28499984741211,1659.0
2024-03-01 09:34:00,KYMR,43.529998779296875,43.529998779296875,43.67490005493164,43.529998779296875,43.67490005493164,454.0
2024-03-01 09:34:00,KZR,1.059999942779541,1.059999942779541,1.059999942779541,1.059999942779541,1.059999942779541,200.0
2024-03-01 09:34:00,LAB,2.2799999713897705,2.2799999713897705,2.2799999713897705,2.2799999713897705,2.2799999713897705,239.0
2024-03-01 09:34:00,LBPH,22.69499969482422,22.69499969482422,22.69499969482422,22.69499969482422,22.69499969482422,238.0
2024-03-01 09:34:00,LEGN,65.7750015258789,65.7750015258789,65.93000030517578,65.53510284423828,65.53510284423828,864.0
2024-03-01 09:34:00,LEXX,2.799999952316284,2.799999952316284,2.799999952316284,2.5999999046325684,2.6826000213623047,11465.0
2024-03-01 09:34:00,LFMD,8.029999732971191,8.029999732971191,8.0600004196167,8.029999732971191,8.0600004196167,2447.0
2024-03-01 09:34:00,LFST,7.960000038146973,7.960000038146973,8.067099571228027,7.951399803161621,8.039999961853027,4203.0
2024-03-01 09:34:00,LIVN,54.349998474121094,54.349998474121094,54.349998474121094,54.349998474121094,54.349998474121094,105.0
2024-03-01 09:34:00,LQDA,14.194999694824219,14.194999694824219,14.194999694824219,14.194999694824219,14.194999694824219,14.0
2024-03-01 09:34:00,LTRN,4.895299911499023,4.895299911499023,4.895299911499023,4.895299911499023,4.895299911499023,600.0
2024-03-01 09:34:00,LVTX,2.9600000381469727,2.9600000381469727,2.9600000381469727,2.9000000953674316,2.9588000774383545,4765.0
2024-03-01 09:34:00,LXRX,2.515000104904175,2.515000104904175,2.549999952316284,2.515000104904175,2.5350000858306885,11543.0
2024-03-01 09:34:00,LYEL,2.990000009536743,2.990000009536743,2.990000009536743,2.9600000381469727,2.9600000381469727,6275.0
2024-03-01 09:34:00,MCRB,1.160099983215332,1.160099983215332,1.1649999618530273,1.160099983215332,1.1649999618530273,5317.0
2024-03-01 09:34:00,MDGL,240.85000610351562,240.85000610351562,240.85000610351562,240.85000610351562,240.85000610351562,156.0
2024-03-01 09:34:00,MDRX,5.510000228881836,5.510000228881836,5.849999904632568,5.510000228881836,5.510000228881836,3685.0
2024-03-01 09:34:00,MDXG,8.444999694824219,8.444999694824219,8.444999694824219,8.4350004196167,8.4350004196167,628.0
2024-03-01 09:34:00,ME,0.5559999942779541,0.5559999942779541,0.5598000288009644,0.5559999942779541,0.5590000152587891,7161.0
2024-03-01 09:34:00,MEDP,396.4800109863281,396.4800109863281,396.4800109863281,394.2341003417969,394.2341003417969,2383.0
2024-03-01 09:34:00,MGNX,18.350000381469727,18.350000381469727,18.350000381469727,18.350000381469727,18.350000381469727,372.0
2024-03-01 09:34:00,MIST,1.75,1.75,1.75,1.7400000095367432,1.7400000095367432,340.0
2024-03-01 09:34:00,MLTX,51.95500183105469,51.95500183105469,51.95500183105469,51.349998474121094,51.349998474121094,2093.0
2024-03-01 09:34:00,MNKD,4.360000133514404,4.360000133514404,4.360000133514404,4.335000038146973,4.340000152587891,5458.0
2024-03-01 09:34:00,MNMD,5.742499828338623,5.742499828338623,5.75,5.742499828338623,5.75,519.0
2024-03-01 09:34:00,MNPR,0.7599999904632568,0.7599999904632568,0.7599999904632568,0.75,0.75,1211.0
2024-03-01 09:34:00,MODD,1.9500000476837158,1.9500000476837158,1.9500000476837158,1.9500000476837158,1.9500000476837158,100.0
2024-03-01 09:34:00,MOR,17.610000610351562,17.610000610351562,17.6200008392334,17.610000610351562,17.6200008392334,4475.0
2024-03-01 09:34:00,MORF,37.650001525878906,37.650001525878906,37.650001525878906,37.650001525878906,37.650001525878906,174.0
2024-03-01 09:34:00,MREO,3.7899999618530273,3.7899999618530273,3.7950000762939453,3.780100107192993,3.7950000762939453,2490.0
2024-03-01 09:34:00,MRNA,93.24359893798828,93.24359893798828,93.37999725341797,92.9990005493164,92.9990005493164,4249.0
2024-03-01 09:34:00,MRNS,9.869999885559082,9.869999885559082,9.869999885559082,9.869999885559082,9.869999885559082,235.0
2024-03-01 09:34:00,MRSN,5.71999979019165,5.71999979019165,5.739999771118164,5.689799785614014,5.689799785614014,4257.0
2024-03-01 09:34:00,MRUS,49.27000045776367,49.27000045776367,49.27000045776367,49.255001068115234,49.255001068115234,320.0
2024-03-01 09:34:00,MRVI,7.670000076293945,7.670000076293945,7.699999809265137,7.639999866485596,7.639999866485596,1559.0
2024-03-01 09:34:00,MXCT,4.630000114440918,4.630000114440918,4.630000114440918,4.630000114440918,4.630000114440918,200.0
2024-03-01 09:34:00,NAOV,0.9800000190734863,0.9800000190734863,0.9800000190734863,0.9800000190734863,0.9800000190734863,239.0
2024-03-01 09:34:00,NARI,44.88750076293945,44.88750076293945,45.5718994140625,44.88750076293945,45.5718994140625,11008.0
2024-03-01 09:34:00,NBIX,131.8300018310547,131.8300018310547,131.8300018310547,131.58999633789062,131.7899932861328,2883.0
2024-03-01 09:34:00,NBSE,0.8899999856948853,0.8899999856948853,0.8899999856948853,0.8899999856948853,0.8899999856948853,1800.0
2024-03-01 09:34:00,NEO,15.710000038146973,15.710000038146973,15.710000038146973,15.710000038146973,15.710000038146973,158.0
2024-03-01 09:34:00,NEOG,17.075000762939453,17.075000762939453,17.075000762939453,17.06999969482422,17.06999969482422,291.0
2024-03-01 09:34:00,NEPT,0.43389999866485596,0.43389999866485596,0.4348999857902527,0.43389999866485596,0.4348999857902527,300.0
2024-03-01 09:34:00,NGM,1.5299999713897705,1.5299999713897705,1.5299999713897705,1.5299999713897705,1.5299999713897705,132.0
2024-03-01 09:34:00,NKTX,12.379300117492676,12.379300117492676,12.399999618530273,12.34000015258789,12.390000343322754,3090.0
2024-03-01 09:34:00,NNOX,11.274999618530273,11.274999618530273,11.34000015258789,11.274999618530273,11.34000015258789,3364.0
2024-03-01 09:34:00,NOTV,7.340000152587891,7.340000152587891,7.509900093078613,7.340000152587891,7.509900093078613,391.0
2024-03-01 09:34:00,NTLA,32.991600036621094,32.991600036621094,33.11000061035156,32.77000045776367,33.0984001159668,4799.0
2024-03-01 09:34:00,NTRA,89.33000183105469,89.33000183105469,89.33999633789062,88.55500030517578,88.55500030517578,3555.0
2024-03-01 09:34:00,NVAX,5.008699893951416,5.008699893951416,5.050000190734863,5.008699893951416,5.019899845123291,22010.0
2024-03-01 09:34:00,NVCR,15.28499984741211,15.28499984741211,15.380000114440918,15.20009994506836,15.28499984741211,1840.0
2024-03-01 09:34:00,NVCT,10.59000015258789,10.59000015258789,10.59000015258789,10.404999732971191,10.479999542236328,2347.0
2024-03-01 09:34:00,NVNO,6.260000228881836,6.260000228881836,6.269999980926514,6.199999809265137,6.269999980926514,1326.0
2024-03-01 09:34:00,OCGN,0.9366999864578247,0.9366999864578247,0.940500020980835,0.9350000023841858,0.940500020980835,32450.0
2024-03-01 09:34:00,OCUL,10.229999542236328,10.229999542236328,10.300000190734863,10.229999542236328,10.28969955444336,13184.0
2024-03-01 09:34:00,OFIX,13.0,13.0,13.0,12.970000267028809,12.970000267028809,318.0
2024-03-01 09:34:00,OGI,2.0799999237060547,2.0799999237060547,2.0799999237060547,2.0799999237060547,2.0799999237060547,303.0
2024-03-01 09:34:00,OKYO,1.399999976158142,1.399999976158142,1.399999976158142,1.3899999856948853,1.3899999856948853,983.0
2024-03-01 09:34:00,OLK,22.420000076293945,22.420000076293945,22.420000076293945,22.420000076293945,22.420000076293945,436.0
2024-03-01 09:34:00,OM,3.0999999046325684,3.0999999046325684,3.0999999046325684,3.0999999046325684,3.0999999046325684,278.0
2024-03-01 09:34:00,OMCL,26.25,26.25,26.25,26.25,26.25,229.0
2024-03-01 09:34:00,OMER,4.569900035858154,4.569900035858154,4.570099830627441,4.569900035858154,4.570099830627441,154.0
2024-03-01 09:34:00,ONCY,1.125,1.125,1.1299999952316284,1.125,1.1299999952316284,2116.0
2024-03-01 09:35:00,ABEO,7.090000152587891,7.090000152587891,7.090000152587891,6.974999904632568,6.974999904632568,3919.0
2024-03-01 09:35:00,ABSI,5.159999847412109,5.159999847412109,5.160600185394287,5.142000198364258,5.160600185394287,4943.0
2024-03-01 09:35:00,ABUS,2.7699999809265137,2.7699999809265137,2.7699999809265137,2.759999990463257,2.7699999809265137,1257.0
2024-03-01 09:35:00,ACAD,23.5,23.5,23.549999237060547,23.469999313354492,23.549999237060547,772.0
2024-03-01 09:35:00,ACB,3.059999942779541,3.059999942779541,3.069999933242798,3.059999942779541,3.069999933242798,1923.0
2024-03-01 09:35:00,ACCD,10.079999923706055,10.079999923706055,10.100000381469727,10.079999923706055,10.100000381469727,438.0
2024-03-01 09:35:00,ACET,2.359999895095825,2.359999895095825,2.359999895095825,2.359999895095825,2.359999895095825,209.0
2024-03-01 09:35:00,ACHC,83.27999877929688,83.27999877929688,83.83999633789062,83.27999877929688,83.83999633789062,1024.0
2024-03-01 09:35:00,ACHL,1.3301000595092773,1.3301000595092773,1.3301000595092773,1.3301000595092773,1.3301000595092773,615.0
2024-03-01 09:35:00,ACLX,67.63999938964844,67.63999938964844,67.76000213623047,67.63999938964844,67.76000213623047,402.0
2024-03-01 09:35:00,ACON,0.3801000118255615,0.3801000118255615,0.3801000118255615,0.3801000118255615,0.3801000118255615,5875.0
2024-03-01 09:35:00,ACRS,1.2300000190734863,1.2300000190734863,1.2300000190734863,1.2200000286102295,1.2200000286102295,1500.0
2024-03-01 09:35:00,ACXP,3.0399999618530273,3.0399999618530273,3.0399999618530273,3.0399999618530273,3.0399999618530273,215.0
2024-03-01 09:35:00,ADAP,1.600000023841858,1.600000023841858,1.6100000143051147,1.590000033378601,1.590000033378601,1451.0
2024-03-01 09:35:00,ADIL,3.2952001094818115,3.2952001094818115,3.4600000381469727,3.109999895095825,3.3499999046325684,684455.0
2024-03-01 09:35:00,ADMA,5.369999885559082,5.369999885559082,5.369999885559082,5.360899925231934,5.369999885559082,2845.0
2024-03-01 09:35:00,ADXN,9.0,9.0,9.0,9.0,9.0,0.0
2024-03-01 09:35:00,AFIB,0.2069000005722046,0.2069000005722046,0.2069000005722046,0.2069000005722046,0.2069000005722046,0.0
2024-03-01 09:35:00,AGEN,0.6740000247955322,0.6740000247955322,0.6740000247955322,0.6722000241279602,0.6722000241279602,3951.0
2024-03-01 09:35:00,AGIO,32.529998779296875,32.529998779296875,32.64500045776367,32.529998779296875,32.64500045776367,400.0
2024-03-01 09:35:00,AGRX,0.8100000023841858,0.8100000023841858,0.8100000023841858,0.8100000023841858,0.8100000023841858,198.0
2024-03-01 09:35:00,AHCO,10.449999809265137,10.449999809265137,10.449999809265137,10.449999809265137,10.449999809265137,482.0
2024-03-01 09:35:00,AIMD,1.0369000434875488,1.0369000434875488,1.0369000434875488,1.0369000434875488,1.0369000434875488,2166.0
2024-03-01 09:35:00,AIRS,6.420000076293945,6.420000076293945,6.420000076293945,6.409999847412109,6.409999847412109,415.0
2024-03-01 09:35:00,AKAN,0.28200000524520874,0.28200000524520874,0.29989999532699585,0.2809999883174896,0.29989999532699585,6891.0
2024-03-01 09:35:00,AKBA,1.5950000286102295,1.5950000286102295,1.600000023841858,1.5950000286102295,1.600000023841858,5302.0
2024-03-01 09:35:00,AKLI,0.3522000014781952,0.3522000014781952,0.3549000024795532,0.3522000014781952,0.3549000024795532,0.0
2024-03-01 09:35:00,AKRO,28.610000610351562,28.610000610351562,28.954999923706055,28.610000610351562,28.899999618530273,4837.0
2024-03-01 09:35:00,ALDX,3.809999942779541,3.809999942779541,3.8299999237060547,3.7799999713897705,3.7799999713897705,1380.0
2024-03-01 09:35:00,ALEC,7.159999847412109,7.159999847412109,7.25,7.159999847412109,7.25,2481.0
2024-03-01 09:35:00,ALGN,299.7250061035156,299.7250061035156,299.7250061035156,299.6400146484375,299.6400146484375,687.0
2024-03-01 09:35:00,ALGS,0.9900000095367432,0.9900000095367432,0.9900000095367432,0.9900000095367432,0.9900000095367432,303.0
2024-03-01 09:35:00,ALHC,5.894999980926514,5.894999980926514,5.935999870300293,5.894999980926514,5.935999870300293,1300.0
2024-03-01 09:35:00,ALKS,29.764999389648438,29.764999389648438,29.81999969482422,29.760000228881836,29.81999969482422,3023.0
2024-03-01 09:35:00,ALLK,1.5475000143051147,1.5475000143051147,1.5499999523162842,1.5450999736785889,1.5475000143051147,2462.0
2024-03-01 09:35:00,ALLO,5.0,5.0,5.000100135803223,5.0,5.000100135803223,506.0
2024-03-01 09:35:00,ALNY,150.36000061035156,150.36000061035156,150.6199951171875,150.36000061035156,150.6199951171875,2680.0
2024-03-01 09:35:00,ALPN,35.76499938964844,35.76499938964844,35.76499938964844,35.76499938964844,35.76499938964844,327.0
2024-03-01 09:35:00,ALT,12.4350004196167,12.4350004196167,12.520000457763672,12.420000076293945,12.454999923706055,20719.0
2024-03-01 09:35:00,ALVR,0.7368999719619751,0.7368999719619751,0.7554000020027161,0.7368999719619751,0.7554000020027161,400.0
2024-03-01 09:35:00,AMGN,276.3900146484375,276.3900146484375,276.6600036621094,276.144287109375,276.51971435546875,4513.0
2024-03-01 09:35:00,AMLX,19.135000228881836,19.135000228881836,19.162700653076172,19.08009910583496,19.162700653076172,4343.0
2024-03-01 09:35:00,AMPH,46.29010009765625,46.29010009765625,46.3849983215332,46.29010009765625,46.3849983215332,3700.0
2024-03-01 09:35:00,AMRN,1.0286999940872192,1.0286999940872192,1.0286999940872192,1.0199999809265137,1.0199999809265137,11110.0
2024-03-01 09:35:00,ANGO,5.369999885559082,5.369999885559082,5.369999885559082,5.369999885559082,5.369999885559082,1904.0
2024-03-01 09:35:00,ANIP,67.98500061035156,67.98500061035156,67.98500061035156,67.80999755859375,67.80999755859375,561.0
2024-03-01 09:35:00,ANNX,6.049900054931641,6.049900054931641,6.049900054931641,5.940000057220459,6.019999980926514,7818.0
2024-03-01 09:35:00,APLS,62.287498474121094,62.287498474121094,62.380001068115234,62.029998779296875,62.185001373291016,1260.0
2024-03-01 09:35:00,APLT,7.492499828338623,7.492499828338623,7.492499828338623,7.430099964141846,7.430099964141846,6625.0
2024-03-01 09:35:00,APRE,8.415499687194824,8.415499687194824,8.415499687194824,8.415499687194824,8.415499687194824,195.0
2024-03-01 09:35:00,APTO,1.7949999570846558,1.7949999570846558,1.7949999570846558,1.7949999570846558,1.7949999570846558,101.0
2024-03-01 09:35:00,AQST,3.7699999809265137,3.7699999809265137,3.7799999713897705,3.740000009536743,3.7441999912261963,1467.0
2024-03-01 09:35:00,ARAY,2.598299980163574,2.598299980163574,2.598299980163574,2.598299980163574,2.598299980163574,556.0
2024-03-01 09:35:00,ARCT,39.709999084472656,39.709999084472656,39.709999084472656,39.709999084472656,39.709999084472656,310.0
2024-03-01 09:35:00,ARDX,9.489999771118164,9.489999771118164,9.520000457763672,9.489999771118164,9.520000457763672,2063.0
2024-03-01 09:35:00,ARGX,380.9599914550781,380.9599914550781,380.9599914550781,380.9599914550781,380.9599914550781,627.0
2024-03-01 09:35:00,ARQT,10.274999618530273,10.274999618530273,10.300000190734863,10.220000267028809,10.25,6836.0
2024-03-01 09:35:00,ARVN,47.67499923706055,47.67499923706055,47.83000183105469,47.334999084472656,47.505001068115234,8028.0
2024-03-01 09:35:00,ARWR,32.875,32.875,32.89500045776367,32.849998474121094,32.849998474121094,516.0
2024-03-01 09:35:00,ASLN,0.8610000014305115,0.8610000014305115,0.8610000014305115,0.8610000014305115,0.8610000014305115,400.0
2024-03-01 09:35:00,ASRT,0.8899999856948853,0.8899999856948853,0.8899999856948853,0.8899999856948853,0.8899999856948853,200.0
2024-03-01 09:35:00,ATAI,1.9600000381469727,1.9600000381469727,1.9700000286102295,1.9600000381469727,1.9700000286102295,355.0
2024-03-01 09:35:00,ATEC,13.102999687194824,13.102999687194824,13.17300033569336,13.102999687194824,13.17300033569336,5826.0
2024-03-01 09:35:00,ATHA,3.880000114440918,3.880000114440918,3.9100000858306885,3.880000114440918,3.9000000953674316,2304.0
2024-03-01 09:35:00,ATRA,0.7889999747276306,0.7889999747276306,0.7889999747276306,0.7889999747276306,0.7889999747276306,92.0
2024-03-01 09:35:00,ATRC,34.90999984741211,34.90999984741211,34.90999984741211,34.90999984741211,34.90999984741211,704.0
2024-03-01 09:35:00,AUGX,4.440000057220459,4.440000057220459,4.440000057220459,4.440000057220459,4.440000057220459,300.0
2024-03-01 09:35:00,AUPH,5.650000095367432,5.650000095367432,5.670000076293945,5.639999866485596,5.670000076293945,5210.0
2024-03-01 09:35:00,AUTL,6.130000114440918,6.130000114440918,6.159999847412109,6.117300033569336,6.117300033569336,1547.0
2024-03-01 09:35:00,AVDL,12.969300270080566,12.969300270080566,13.020000457763672,12.969300270080566,13.005000114440918,11288.0
2024-03-01 09:35:00,AVIR,4.329999923706055,4.329999923706055,4.329999923706055,4.320000171661377,4.320000171661377,511.0
2024-03-01 09:35:00,AVTX,4.4766998291015625,4.4766998291015625,4.4766998291015625,4.4766998291015625,4.4766998291015625,485.0
2024-03-01 09:35:00,AVXL,5.150000095367432,5.150000095367432,5.159999847412109,5.150000095367432,5.159999847412109,718.0
2024-03-01 09:35:00,AXNX,67.86000061035156,67.86000061035156,67.86000061035156,67.75,67.83999633789062,3369.0
2024-03-01 09:35:00,AZN,64.33000183105469,64.33000183105469,64.33000183105469,64.28500366210938,64.31999969482422,4003.0
2024-03-01 09:35:00,AZTA,65.29000091552734,65.29000091552734,65.29000091552734,65.29000091552734,65.29000091552734,380.0
2024-03-01 09:35:00,BBIO,34.689998626708984,34.689998626708984,34.689998626708984,34.689998626708984,34.689998626708984,91.0
2024-03-01 09:35:00,BBLG,2.799999952316284,2.799999952316284,2.9858999252319336,2.799999952316284,2.9858999252319336,2403.0
2024-03-01 09:35:00,BCDA,0.5605000257492065,0.5605000257492065,0.5605000257492065,0.5601000189781189,0.5601000189781189,340.0
2024-03-01 09:35:00,BCRX,5.760000228881836,5.760000228881836,5.760000228881836,5.744999885559082,5.75,1989.0
2024-03-01 09:35:00,BDSX,1.6985000371932983,1.6985000371932983,1.6985000371932983,1.6799999475479126,1.6799999475479126,1189.0
2024-03-01 09:35:00,BDTX,5.235000133514404,5.235000133514404,5.235000133514404,5.235000133514404,5.235000133514404,200.0
2024-03-01 09:35:00,BEAM,40.209999084472656,40.209999084472656,40.5,40.08000183105469,40.5,3527.0
2024-03-01 09:35:00,BFRI,0.8849999904632568,0.8849999904632568,0.8849999904632568,0.8849999904632568,0.8849999904632568,1000.0
2024-03-01 09:35:00,BGNE,163.4600067138672,163.4600067138672,163.4600067138672,163.4600067138672,163.4600067138672,615.0
2024-03-01 09:35:00,BGXX,0.2644999921321869,0.2644999921321869,0.2644999921321869,0.26100000739097595,0.26100000739097595,10338.0
2024-03-01 09:35:00,BIIB,216.24710083007812,216.24710083007812,216.24710083007812,216.24710083007812,216.24710083007812,400.0
2024-03-01 09:35:00,BIOL,0.1404000073671341,0.1404000073671341,0.1404000073671341,0.14000000059604645,0.14000000059604645,9120.0
2024-03-01 09:35:00,BIVI,2.719899892807007,2.719899892807007,2.7899999618530273,2.6700000762939453,2.684999942779541,399261.0
2024-03-01 09:35:00,BLUE,1.4850000143051147,1.4850000143051147,1.4900000095367432,1.4801000356674194,1.4850000143051147,19344.0
2024-03-01 09:35:00,BMEA,17.479999542236328,17.479999542236328,17.479999542236328,17.479999542236328,17.479999542236328,300.0
2024-03-01 09:35:00,BMRN,86.55000305175781,86.55000305175781,86.55000305175781,86.55000305175781,86.55000305175781,544.0
2024-03-01 09:35:00,BNGO,1.2549999952316284,1.2549999952316284,1.2549999952316284,1.2549999952316284,1.2549999952316284,1204.0
2024-03-01 09:35:00,BNR,0.8952999711036682,0.8952999711036682,0.8952999711036682,0.8952999711036682,0.8952999711036682,100.0
2024-03-01 09:35:00,BNTX,90.41000366210938,90.41000366210938,90.41000366210938,90.18499755859375,90.19000244140625,2093.0
2024-03-01 09:35:00,BPMC,95.44000244140625,95.44000244140625,95.47000122070312,95.44000244140625,95.45500183105469,828.0
2024-03-01 09:35:00,BPTS,0.490200012922287,0.490200012922287,0.490200012922287,0.4900999963283539,0.4900999963283539,3090.0
2024-03-01 09:35:00,BRKR,86.56999969482422,86.56999969482422,86.81999969482422,86.55000305175781,86.81999969482422,1069.0
2024-03-01 09:35:00,BTAI,3.2344000339508057,3.2344000339508057,3.237499952316284,3.2344000339508057,3.237499952316284,2290.0
2024-03-01 09:35:00,BTTX,0.16110000014305115,0.16110000014305115,0.164000004529953,0.16110000014305115,0.16300000250339508,40323.0
2024-03-01 09:35:00,CABA,23.780000686645508,23.780000686645508,23.785999298095703,23.750900268554688,23.750900268554688,3652.0
2024-03-01 09:35:00,CAPR,4.364999771118164,4.364999771118164,4.440000057220459,4.364999771118164,4.380000114440918,4911.0
2024-03-01 09:35:00,CARA,0.8201000094413757,0.8201000094413757,0.8201000094413757,0.8201000094413757,0.8201000094413757,1995.0
2024-03-01 09:35:00,CBAY,32.20000076293945,32.20000076293945,32.20000076293945,32.19499969482422,32.20000076293945,2514.0
2024-03-01 09:35:00,CCCC,11.050000190734863,11.050000190734863,11.107500076293945,11.010000228881836,11.107500076293945,3560.0
2024-03-01 09:35:00,CCRN,18.0,18.0,18.06999969482422,17.989999771118164,18.06999969482422,896.0
2024-03-01 09:35:00,CDMO,7.775000095367432,7.775000095367432,7.775000095367432,7.75,7.75,520.0
2024-03-01 09:35:00,CDNA,11.289999961853027,11.289999961853027,11.479999542236328,11.220000267028809,11.449999809265137,7004.0
2024-03-01 09:35:00,CDXS,4.545000076293945,4.545000076293945,4.639999866485596,4.53000020980835,4.639999866485596,6154.0
2024-03-01 09:35:00,CELU,3.75,3.75,3.75,3.75,3.75,800.0
2024-03-01 09:35:00,CERE,41.06999969482422,41.06999969482422,41.07500076293945,41.04999923706055,41.06999969482422,746.0
2024-03-01 09:35:00,CERT,16.989999771118164,16.989999771118164,16.989999771118164,16.31999969482422,16.31999969482422,8127.0
2024-03-01 09:35:00,CGC,3.2699999809265137,3.2699999809265137,3.2699999809265137,3.2699999809265137,3.2699999809265137,159.0
2024-03-01 09:35:00,CGEN,2.632499933242798,2.632499933242798,2.632499933242798,2.632499933242798,2.632499933242798,0.0
2024-03-01 09:35:00,CJJD,3.069999933242798,3.069999933242798,3.069999933242798,3.069999933242798,3.069999933242798,242.0
2024-03-01 09:35:00,CLDX,48.89500045776367,48.89500045776367,48.900001525878906,48.81999969482422,48.900001525878906,1672.0
2024-03-01 09:35:00,CLNN,0.41499999165534973,0.41499999165534973,0.41499999165534973,0.41499999165534973,0.41499999165534973,200.0
2024-03-01 09:35:00,CLOV,0.8593000173568726,0.8593000173568726,0.8626000285148621,0.8561000227928162,0.8615999817848206,10289.0
2024-03-01 09:35:00,CLPT,6.474999904632568,6.474999904632568,6.474999904632568,6.474999904632568,6.474999904632568,227.0
2024-03-01 09:35:00,CLRB,3.9700000286102295,3.9700000286102295,3.9700000286102295,3.9700000286102295,3.9700000286102295,0.0
2024-03-01 09:35:00,CMPS,10.550000190734863,10.550000190734863,10.579999923706055,10.529999732971191,10.529999732971191,5833.0
2024-03-01 09:35:00,CMRX,1.1299999952316284,1.1299999952316284,1.1299999952316284,1.1299999952316284,1.1299999952316284,5805.0
2024-03-01 09:35:00,CNSP,0.2800000011920929,0.2800000011920929,0.2800999879837036,0.2800000011920929,0.2800999879837036,2308.0
2024-03-01 09:35:00,COGT,7.239999771118164,7.239999771118164,7.285399913787842,7.230000019073486,7.285399913787842,1868.0
2024-03-01 09:35:00,COLL,36.94820022583008,36.94820022583008,36.94820022583008,36.94820022583008,36.94820022583008,647.0
2024-03-01 09:35:00,CPRX,16.399999618530273,16.399999618530273,16.479999542236328,16.33209991455078,16.469999313354492,10549.0
2024-03-01 09:35:00,CPSI,9.875,9.875,9.984999656677246,9.835000038146973,9.970000267028809,7797.0
2024-03-01 09:35:00,CRBP,31.274900436401367,31.274900436401367,31.299999237060547,31.274900436401367,31.299999237060547,299.0
2024-03-01 09:35:00,CRBU,8.119999885559082,8.119999885559082,8.119999885559082,8.119999885559082,8.119999885559082,618.0
2024-03-01 09:35:00,CRDF,2.120800018310547,2.120800018310547,2.1500000953674316,2.0799999237060547,2.0850000381469727,58749.0
2024-03-01 09:35:00,CRDL,2.134999990463257,2.134999990463257,2.140000104904175,2.109999895095825,2.109999895095825,8356.0
2024-03-01 09:35:00,CRMD,3.5799999237060547,3.5799999237060547,3.5799999237060547,3.5799999237060547,3.5799999237060547,300.0
2024-03-01 09:35:00,CRON,2.075000047683716,2.075000047683716,2.0799999237060547,2.075000047683716,2.0799999237060547,1141.0
2024-03-01 09:35:00,CRSP,84.88259887695312,84.88259887695312,84.88259887695312,84.55999755859375,84.875,3678.0
2024-03-01 09:35:00,CSTL,19.09000015258789,19.09000015258789,19.09000015258789,18.959999084472656,19.059999465942383,2242.0
2024-03-01 09:35:00,CTKB,7.739999771118164,7.739999771118164,7.75,7.739999771118164,7.75,599.0
2024-03-01 09:35:00,CTMX,2.4823999404907227,2.4823999404907227,2.4895999431610107,2.4823999404907227,2.4895999431610107,3640.0
2024-03-01 09:35:00,CVAC,3.400099992752075,3.400099992752075,3.400099992752075,3.400099992752075,3.400099992752075,801.0
2024-03-01 09:35:00,CYTK,73.41500091552734,73.41500091552734,73.54000091552734,73.41000366210938,73.54000091552734,2823.0
2024-03-01 09:35:00,CYTO,1.910099983215332,1.910099983215332,1.910099983215332,1.910099983215332,1.910099983215332,5900.0
2024-03-01 09:35:00,DAWN,17.06999969482422,17.06999969482422,17.06999969482422,16.921100616455078,16.96500015258789,12505.0
2024-03-01 09:35:00,DCGO,4.017000198364258,4.017000198364258,4.017000198364258,3.990000009536743,3.990000009536743,1120.0
2024-03-01 09:35:00,DCPH,17.030000686645508,17.030000686645508,17.110000610351562,16.989999771118164,16.989999771118164,1696.0
2024-03-01 09:35:00,DH,9.199999809265137,9.199999809265137,9.430000305175781,9.1899995803833,9.430000305175781,1781.0
2024-03-01 09:35:00,DMTK,1.0,1.0,1.0,0.9649999737739563,0.9998999834060669,29655.0
2024-03-01 09:35:00,DNLI,20.3799991607666,20.3799991607666,20.520000457763672,20.3799991607666,20.520000457763672,3573.0
2024-03-01 09:35:00,DTIL,13.270000457763672,13.270000457763672,13.84179973602295,13.270000457763672,13.84179973602295,2181.0
2024-03-01 09:35:00,DVAX,12.739999771118164,12.739999771118164,12.755000114440918,12.739999771118164,12.755000114440918,1098.0
2024-03-01 09:35:00,DXCM,114.0,114.0,114.05500030517578,113.91000366210938,114.0425033569336,2422.0
2024-03-01 09:35:00,DYN,27.899999618530273,27.899999618530273,27.899999618530273,27.549999237060547,27.760000228881836,1545.0
2024-03-01 09:35:00,EDIT,10.46500015258789,10.46500015258789,10.539999961853027,10.46500015258789,10.539999961853027,3565.0
2024-03-01 09:35:00,EGRX,6.005799770355225,6.005799770355225,6.005799770355225,6.005799770355225,6.005799770355225,295.0
2024-03-01 09:35:00,EKSO,1.940000057220459,1.940000057220459,1.940000057220459,1.940000057220459,1.940000057220459,436.0
2024-03-01 09:35:00,ELEV,4.539999961853027,4.539999961853027,4.565000057220459,4.518799781799316,4.518799781799316,4872.0
2024-03-01 09:35:00,EMBC,14.274999618530273,14.274999618530273,14.279999732971191,14.234999656677246,14.234999656677246,338.0
2024-03-01 09:35:00,ENTA,14.539999961853027,14.539999961853027,14.539999961853027,14.539999961853027,14.539999961853027,100.0
2024-03-01 09:35:00,ENVB,1.749899983406067,1.749899983406067,1.7999999523162842,1.7100000381469727,1.791200041770935,184924.0
2024-03-01 09:35:00,EOLS,14.845000267028809,14.845000267028809,14.845000267028809,14.835000038146973,14.84000015258789,1534.0
2024-03-01 09:35:00,ESPR,2.5,2.5,2.5399999618530273,2.494999885559082,2.5399999618530273,26574.0
2024-03-01 09:35:00,ESTA,45.900001525878906,45.900001525878906,45.900001525878906,45.900001525878906,45.900001525878906,605.0
2024-03-01 09:35:00,ETNB,12.256099700927734,12.256099700927734,12.305000305175781,12.229999542236328,12.289999961853027,2709.0
2024-03-01 09:35:00,EVLO,0.052299998700618744,0.052299998700618744,0.052299998700618744,0.052299998700618744,0.052299998700618744,8045.0
2024-03-01 09:35:00,EWTX,16.315000534057617,16.315000534057617,16.315000534057617,16.315000534057617,16.315000534057617,111.0
2024-03-01 09:35:00,EXAS,57.310001373291016,57.310001373291016,57.310001373291016,57.16999816894531,57.17499923706055,4337.0
2024-03-01 09:35:00,EXEL,22.100000381469727,22.100000381469727,22.184999465942383,22.084999084472656,22.170000076293945,3818.0
2024-03-01 09:35:00,EYEN,2.2200000286102295,2.2200000286102295,2.2300000190734863,2.200000047683716,2.200000047683716,7776.0
2024-03-01 09:35:00,EYPT,27.790000915527344,27.790000915527344,27.989999771118164,27.790000915527344,27.989999771118164,1436.0
2024-03-01 09:35:00,FATE,7.460000038146973,7.460000038146973,7.505000114440918,7.460000038146973,7.470099925994873,2949.0
2024-03-01 09:35:00,FDMT,28.315000534057617,28.315000534057617,28.315000534057617,28.315000534057617,28.315000534057617,358.0
2024-03-01 09:35:00,FGEN,1.7400000095367432,1.7400000095367432,1.7400000095367432,1.7400000095367432,1.7400000095367432,888.0
2024-03-01 09:35:00,FLGC,1.2100000381469727,1.2100000381469727,1.2100000381469727,1.2100000381469727,1.2100000381469727,0.0
2024-03-01 09:35:00,FLGT,22.649999618530273,22.649999618530273,22.75,22.649999618530273,22.75,506.0
2024-03-01 09:35:00,FOLD,13.1899995803833,13.1899995803833,13.270000457763672,13.1899995803833,13.270000457763672,3020.0
2024-03-01 09:35:00,FORA,2.619999885559082,2.619999885559082,2.819999933242798,2.619999885559082,2.819999933242798,0.0
2024-03-01 09:35:00,GDRX,8.039999961853027,8.039999961853027,8.130000114440918,8.019700050354004,8.119500160217285,9601.0
2024-03-01 09:35:00,GEG,1.9850000143051147,1.9850000143051147,1.9850000143051147,1.9850000143051147,1.9850000143051147,0.0
2024-03-01 09:35:00,GENE,2.2502999305725098,2.2502999305725098,2.2750000953674316,2.2502999305725098,2.2750000953674316,0.0
2024-03-01 09:35:00,GERN,2.0450000762939453,2.0450000762939453,2.049999952316284,2.04010009765625,2.0450000762939453,5658.0
2024-03-01 09:35:00,GH,18.940000534057617,18.940000534057617,18.989999771118164,18.93000030517578,18.989999771118164,703.0
2024-03-01 09:35:00,GILD,72.3949966430664,72.3949966430664,72.41000366210938,72.31999969482422,72.35990142822266,6284.0
2024-03-01 09:35:00,GLMD,0.4099999964237213,0.4099999964237213,0.4099999964237213,0.4000000059604645,0.4000000059604645,4726.0
2024-03-01 09:35:00,GLPG,34.93000030517578,34.93000030517578,34.93000030517578,34.93000030517578,34.93000030517578,328.0
2024-03-01 09:35:00,GLSI,12.055000305175781,12.055000305175781,12.055000305175781,12.055000305175781,12.055000305175781,396.0
2024-03-01 09:35:00,GLTO,0.6800000071525574,0.6800000071525574,0.6800000071525574,0.6800000071525574,0.6800000071525574,0.0
2024-03-01 09:35:00,GMDA,0.36899998784065247,0.36899998784065247,0.3698999881744385,0.36899998784065247,0.36899998784065247,14090.0
2024-03-01 09:35:00,GNPX,4.372499942779541,4.372499942779541,4.372499942779541,4.355000019073486,4.355000019073486,594.0
2024-03-01 09:35:00,GOSS,1.4700000286102295,1.4700000286102295,1.4700000286102295,1.409999966621399,1.409999966621399,46310.0
2024-03-01 09:35:00,GRFS,6.84499979019165,6.84499979019165,6.890100002288818,6.840000152587891,6.890100002288818,8135.0
2024-03-01 09:35:00,GRTS,1.8701000213623047,1.8701000213623047,1.940000057220459,1.850000023841858,1.9240000247955322,81126.0
2024-03-01 09:35:00,GTHX,3.390000104904175,3.390000104904175,3.4200000762939453,3.390000104904175,3.4200000762939453,1727.0
2024-03-01 09:35:00,HALO,40.79999923706055,40.79999923706055,40.869998931884766,40.720001220703125,40.8650016784668,3783.0
2024-03-01 09:35:00,HARP,22.94499969482422,22.94499969482422,22.950000762939453,22.94499969482422,22.94499969482422,5824.0
2024-03-01 09:35:00,HCAT,8.21500015258789,8.21500015258789,8.220000267028809,8.21500015258789,8.220000267028809,453.0
2024-03-01 09:35:00,HCM,15.3100004196167,15.3100004196167,15.430000305175781,15.3100004196167,15.3100004196167,1354.0
2024-03-01 09:35:00,HCSG,12.6899995803833,12.6899995803833,12.6899995803833,12.6899995803833,12.6899995803833,289.0
2024-03-01 09:35:00,HCTI,2.613600015640259,2.613600015640259,2.642199993133545,2.5,2.536400079727173,19293.0
2024-03-01 09:35:00,HITI,1.7400000095367432,1.7400000095367432,1.7599999904632568,1.7400000095367432,1.7599999904632568,10635.0
2024-03-01 09:35:00,HLTH,0.2709999978542328,0.2709999978542328,0.27390000224113464,0.27000001072883606,0.27000001072883606,24432.0
2024-03-01 09:35:00,HOLX,73.25,73.25,73.27999877929688,73.25,73.27999877929688,419.0
2024-03-01 09:35:00,HOWL,6.99970006942749,6.99970006942749,6.99970006942749,6.99970006942749,6.99970006942749,639.0
2024-03-01 09:35:00,HRMY,31.209999084472656,31.209999084472656,31.360000610351562,31.209999084472656,31.360000610351562,609.0
2024-03-01 09:35:00,HRTX,2.619999885559082,2.619999885559082,2.630000114440918,2.619999885559082,2.630000114440918,1649.0
2024-03-01 09:35:00,HSIC,76.41500091552734,76.41500091552734,76.45999908447266,76.41500091552734,76.45999908447266,587.0
2024-03-01 09:35:00,HUMA,3.018699884414673,3.018699884414673,3.0199999809265137,3.0,3.002500057220459,78692.0
2024-03-01 09:35:00,HYPR,1.1799999475479126,1.1799999475479126,1.1799999475479126,1.1799999475479126,1.1799999475479126,1844.0
2024-03-01 09:35:00,IART,36.685001373291016,36.685001373291016,36.685001373291016,36.685001373291016,36.685001373291016,261.0
2024-03-01 09:35:00,IBRX,4.741700172424316,4.741700172424316,4.773799896240234,4.738800048828125,4.773799896240234,3900.0
2024-03-01 09:35:00,ICAD,1.75,1.75,1.75,1.75,1.75,513.0
2024-03-01 09:35:00,ICLR,319.3450012207031,319.3450012207031,319.3450012207031,319.3450012207031,319.3450012207031,357.0
2024-03-01 09:35:00,ICUI,106.0199966430664,106.0199966430664,106.0199966430664,105.78500366210938,105.78500366210938,2011.0
2024-03-01 09:35:00,IDXX,565.4149780273438,565.4149780273438,565.4149780273438,564.5800170898438,564.9949951171875,626.0
2024-03-01 09:35:00,IDYA,45.72999954223633,45.72999954223633,45.72999954223633,45.70000076293945,45.70000076293945,489.0
2024-03-01 09:35:00,IFRX,1.8446999788284302,1.8446999788284302,1.8446999788284302,1.8446999788284302,1.8446999788284302,1990.0
2024-03-01 09:35:00,IINN,1.659999966621399,1.659999966621399,1.659999966621399,1.659999966621399,1.659999966621399,300.0
2024-03-01 09:35:00,IKNA,1.4249999523162842,1.4249999523162842,1.4249999523162842,1.4249999523162842,1.4249999523162842,2313.0
2024-03-01 09:35:00,ILMN,136.44009399414062,136.44009399414062,136.75999450683594,136.1999969482422,136.7050018310547,2730.0
2024-03-01 09:35:00,IMNM,24.479999542236328,24.479999542236328,24.479999542236328,24.479999542236328,24.479999542236328,240.0
2024-03-01 09:35:00,INCY,58.70000076293945,58.70000076293945,58.70000076293945,58.70000076293945,58.70000076293945,343.0
2024-03-01 09:35:00,INGN,6.659999847412109,6.659999847412109,6.659999847412109,6.659999847412109,6.659999847412109,1.0
2024-03-01 09:35:00,INMD,22.040000915527344,22.040000915527344,22.049999237060547,21.979999542236328,22.049999237060547,1912.0
2024-03-01 09:35:00,INSM,28.360000610351562,28.360000610351562,28.450000762939453,28.360000610351562,28.450000762939453,1088.0
2024-03-01 09:35:00,INVA,15.6899995803833,15.6899995803833,15.75,15.6899995803833,15.739999771118164,697.0
2024-03-01 09:35:00,INZY,6.5,6.5,6.5,6.5,6.5,232.0
2024-03-01 09:35:00,IONS,45.459999084472656,45.459999084472656,45.459999084472656,45.459999084472656,45.459999084472656,371.0
2024-03-01 09:35:00,IOVA,16.514999389648438,16.514999389648438,16.540000915527344,16.420000076293945,16.540000915527344,23431.0
2024-03-01 09:35:00,IRTC,118.29000091552734,118.29000091552734,118.29000091552734,118.29000091552734,118.29000091552734,101.0
2024-03-01 09:35:00,IRWD,8.770000457763672,8.770000457763672,8.859800338745117,8.75,8.850000381469727,21394.0
2024-03-01 09:35:00,ISRG,382.3999938964844,382.3999938964844,384.010009765625,382.3999938964844,383.5899963378906,1834.0
2024-03-01 09:35:00,IVA,3.619999885559082,3.619999885559082,3.619999885559082,3.619999885559082,3.619999885559082,935.0
2024-03-01 09:35:00,JAGX,0.060499999672174454,0.060499999672174454,0.060499999672174454,0.060499999672174454,0.060499999672174454,8340.0
2024-03-01 09:35:00,JANX,45.27000045776367,45.27000045776367,46.34000015258789,45.27000045776367,46.34000015258789,6525.0
2024-03-01 09:35:00,JAZZ,120.29000091552734,120.29000091552734,120.37999725341797,119.75,119.75,2164.0
2024-03-01 09:35:00,KALV,13.920000076293945,13.920000076293945,13.920000076293945,13.920000076293945,13.920000076293945,535.0
2024-03-01 09:35:00,KMDA,6.309999942779541,6.309999942779541,6.309999942779541,6.309999942779541,6.309999942779541,489.0
2024-03-01 09:35:00,KNSA,21.399999618530273,21.399999618530273,21.450000762939453,21.319900512695312,21.450000762939453,1303.0
2024-03-01 09:35:00,KNTE,2.5950000286102295,2.5950000286102295,2.619999885559082,2.5899999141693115,2.619999885559082,8903.0
2024-03-01 09:35:00,KOD,6.200399875640869,6.200399875640869,6.21999979019165,6.180500030517578,6.210000038146973,1598.0
2024-03-01 09:35:00,KPRX,0.6899999976158142,0.6899999976158142,0.6899999976158142,0.6899999976158142,0.6899999976158142,0.0
2024-03-01 09:35:00,KPTI,1.1648000478744507,1.1648000478744507,1.1699999570846558,1.1648000478744507,1.1699999570846558,6615.0
2024-03-01 09:35:00,KROS,68.6500015258789,68.6500015258789,69.0,68.6500015258789,69.0,2149.0
2024-03-01 09:35:00,KTRA,0.10260000079870224,0.10260000079870224,0.10289999842643738,0.10109999775886536,0.10119999945163727,8440.0
2024-03-01 09:35:00,KURA,21.31999969482422,21.31999969482422,21.31999969482422,21.31999969482422,21.31999969482422,130.0
2024-03-01 09:35:00,KYMR,43.39500045776367,43.39500045776367,43.39500045776367,43.39500045776367,43.39500045776367,138.0
2024-03-01 09:35:00,KZIA,0.2599000036716461,0.2599000036716461,0.2599000036716461,0.2599000036716461,0.2599000036716461,1000.0
2024-03-01 09:35:00,KZR,1.059999942779541,1.059999942779541,1.059999942779541,1.0499999523162842,1.055999994277954,1021.0
2024-03-01 09:35:00,LAB,2.2899999618530273,2.2899999618530273,2.2899999618530273,2.2899999618530273,2.2899999618530273,292.0
2024-03-01 09:35:00,LBPH,23.280000686645508,23.280000686645508,23.280000686645508,22.290000915527344,22.290000915527344,282.0
2024-03-01 09:35:00,LEGN,65.47010040283203,65.47010040283203,65.47010040283203,65.47010040283203,65.47010040283203,222.0
2024-03-01 09:35:00,LEXX,2.759000062942505,2.759000062942505,2.7607998847961426,2.6800999641418457,2.6800999641418457,1280.0
2024-03-01 09:35:00,LFST,7.974999904632568,7.974999904632568,7.974999904632568,7.974999904632568,7.974999904632568,197.0
2024-03-01 09:35:00,LGVN,0.5501000285148621,0.5501000285148621,0.5501000285148621,0.550000011920929,0.550000011920929,322.0
2024-03-01 09:35:00,LIFE,1.9218000173568726,1.9218000173568726,1.9218000173568726,1.9218000173568726,1.9218000173568726,155.0
2024-03-01 09:35:00,LIVN,54.529998779296875,54.529998779296875,54.540000915527344,54.45000076293945,54.470001220703125,1737.0
2024-03-01 09:35:00,LNSR,5.076399803161621,5.076399803161621,5.076399803161621,5.076399803161621,5.076399803161621,173.0
2024-03-01 09:35:00,LNTH,65.80000305175781,65.80000305175781,65.80000305175781,65.80000305175781,65.80000305175781,1409.0
2024-03-01 09:35:00,LTRN,4.809999942779541,4.809999942779541,4.914999961853027,4.809999942779541,4.858699798583984,4895.0
2024-03-01 09:35:00,LUNG,9.180000305175781,9.180000305175781,9.180000305175781,9.180000305175781,9.180000305175781,200.0
2024-03-01 09:35:00,LVTX,2.924999952316284,2.924999952316284,2.940000057220459,2.9000000953674316,2.932499885559082,4408.0
2024-03-01 09:35:00,LXRX,2.48009991645813,2.48009991645813,2.515000104904175,2.48009991645813,2.509999990463257,18618.0
2024-03-01 09:35:00,LYEL,2.9800000190734863,2.9800000190734863,2.990000009536743,2.9800000190734863,2.990000009536743,0.0
2024-03-01 09:35:00,LYRA,5.269999980926514,5.269999980926514,5.269999980926514,5.21999979019165,5.232500076293945,0.0
2024-03-01 09:35:00,MACK,14.739999771118164,14.739999771118164,14.75,14.739999771118164,14.75,1300.0
2024-03-01 09:35:00,MASI,127.80000305175781,127.80000305175781,128.0800018310547,127.5999984741211,127.7300033569336,3055.0
2024-03-01 09:35:00,MASS,7.230000019073486,7.230000019073486,7.28000020980835,7.230000019073486,7.28000020980835,453.0
2024-03-01 09:35:00,MCRB,1.1597000360488892,1.1597000360488892,1.159999966621399,1.1500999927520752,1.159999966621399,5922.0
2024-03-01 09:35:00,MDGL,239.57000732421875,239.57000732421875,239.57000732421875,239.57000732421875,239.57000732421875,272.0
2024-03-01 09:35:00,MDRX,5.75,5.75,5.75,5.599999904632568,5.599999904632568,5961.0
2024-03-01 09:35:00,MDXG,8.555000305175781,8.555000305175781,8.569999694824219,8.470000267028809,8.470000267028809,1960.0
2024-03-01 09:35:00,ME,0.5521000027656555,0.5521000027656555,0.5598000288009644,0.5521000027656555,0.5561000108718872,22169.0
2024-03-01 09:35:00,MGNX,18.3700008392334,18.3700008392334,18.3700008392334,18.31999969482422,18.31999969482422,221.0
2024-03-01 09:35:00,MIST,1.7549999952316284,1.7549999952316284,1.7549999952316284,1.7549999952316284,1.7549999952316284,380.0
2024-03-01 09:35:00,MLTX,51.61000061035156,51.61000061035156,51.810001373291016,51.584999084472656,51.67499923706055,2521.0
2024-03-01 09:35:00,MNKD,4.340099811553955,4.340099811553955,4.360000133514404,4.324999809265137,4.34499979019165,7676.0
2024-03-01 09:35:00,MNMD,5.659999847412109,5.659999847412109,5.699999809265137,5.659999847412109,5.699999809265137,899.0
2024-03-01 09:35:00,MNOV,1.350000023841858,1.350000023841858,1.350000023841858,1.3350000381469727,1.3350000381469727,4678.0
2024-03-01 09:35:00,MNPR,0.7577000260353088,0.7577000260353088,0.7777000069618225,0.7400000095367432,0.7519000172615051,25829.0
2024-03-01 09:35:00,MODD,2.0,2.0,2.0299999713897705,1.9199999570846558,1.9299999475479126,19087.0
2024-03-01 09:35:00,MREO,3.7897000312805176,3.7897000312805176,3.7897000312805176,3.7897000312805176,3.7897000312805176,236.0
2024-03-01 09:35:00,MRNA,92.88500213623047,92.88500213623047,93.24500274658203,92.80000305175781,93.24500274658203,7335.0
2024-03-01 09:35:00,MRNS,9.789999961853027,9.789999961853027,9.829999923706055,9.789999961853027,9.819999694824219,1804.0
2024-03-01 09:35:00,MRSN,5.710100173950195,5.710100173950195,5.730000019073486,5.710000038146973,5.71999979019165,3386.0
2024-03-01 09:35:00,MRUS,49.27000045776367,49.27000045776367,49.275001525878906,49.27000045776367,49.275001525878906,200.0
2024-03-01 09:35:00,MRVI,7.585000038146973,7.585000038146973,7.650000095367432,7.550000190734863,7.650000095367432,2223.0
2024-03-01 09:35:00,MYGN,20.829999923706055,20.829999923706055,20.829999923706055,20.829999923706055,20.829999923706055,105.0
2024-03-01 09:35:00,MYMD,3.4100000858306885,3.4100000858306885,3.4124999046325684,3.4100000858306885,3.4124999046325684,36.0
2024-03-01 09:35:00,NARI,44.829898834228516,44.829898834228516,45.005001068115234,44.744998931884766,44.8849983215332,6671.0
2024-03-01 09:35:00,NBIX,131.8699951171875,131.8699951171875,132.00999450683594,131.7899932861328,131.99000549316406,13064.0
2024-03-01 09:35:00,NDRA,1.1297999620437622,1.1297999620437622,1.1299999952316284,1.1200000047683716,1.1200000047683716,2925.0
2024-03-01 09:35:00,NEO,15.645000457763672,15.645000457763672,15.645000457763672,15.645000457763672,15.645000457763672,296.0
2024-03-01 09:35:00,NEOG,17.020000457763672,17.020000457763672,17.030000686645508,17.020000457763672,17.030000686645508,362.0
2024-03-01 09:35:00,NEPT,0.4399999976158142,0.4399999976158142,0.4399999976158142,0.4399999976158142,0.4399999976158142,100.0
2024-03-01 09:35:00,NKTR,0.722599983215332,0.722599983215332,0.722599983215332,0.7204999923706055,0.7204999923706055,5903.0
2024-03-01 09:35:00,NKTX,12.380000114440918,12.380000114440918,12.380000114440918,12.3100004196167,12.3100004196167,17017.0
2024-03-01 09:35:00,NNOX,11.250100135803223,11.250100135803223,11.274999618530273,11.25,11.260000228881836,7567.0
2024-03-01 09:35:00,NRBO,5.620100021362305,5.620100021362305,5.630000114440918,5.610000133514404,5.610000133514404,3588.0
2024-03-01 09:35:00,NRIX,12.5600004196167,12.5600004196167,12.5600004196167,12.5600004196167,12.5600004196167,315.0
2024-03-01 09:35:00,NRXP,0.38769999146461487,0.38769999146461487,0.38769999146461487,0.3797999918460846,0.3799000084400177,18340.0
2024-03-01 09:35:00,NTLA,32.689998626708984,32.689998626708984,32.91999816894531,32.689998626708984,32.86000061035156,2036.0
2024-03-01 09:35:00,NTRA,88.6500015258789,88.6500015258789,89.20999908447266,88.6500015258789,89.08000183105469,4104.0
2024-03-01 09:35:00,NUVL,86.58000183105469,86.58000183105469,86.58000183105469,86.58000183105469,86.58000183105469,121.0
2024-03-01 09:35:00,NVAX,4.929999828338623,4.929999828338623,5.005000114440918,4.925000190734863,5.0,43465.0
2024-03-01 09:35:00,NVCR,15.350000381469727,15.350000381469727,15.369999885559082,15.349300384521484,15.369999885559082,3315.0
2024-03-01 09:35:00,NVCT,10.2878999710083,10.2878999710083,10.699999809265137,10.2878999710083,10.5,3602.0
2024-03-01 09:35:00,NVNO,6.210000038146973,6.210000038146973,6.210000038146973,6.210000038146973,6.210000038146973,113.0
2024-03-01 09:35:00,NXTC,1.742799997329712,1.742799997329712,1.742799997329712,1.7100000381469727,1.7100000381469727,9931.0
2024-03-01 09:35:00,OCGN,0.9351000189781189,0.9351000189781189,0.9375,0.9351000189781189,0.9366999864578247,3741.0
2024-03-01 09:35:00,OCUL,10.239999771118164,10.239999771118164,10.239999771118164,10.149999618530273,10.220000267028809,4084.0
2024-03-01 09:35:00,OCUP,2.549999952316284,2.549999952316284,2.5599000453948975,2.549999952316284,2.5599000453948975,1240.0
2024-03-01 09:35:00,OFIX,13.0,13.0,13.0,13.0,13.0,204.0
2024-03-01 09:35:00,OGI,2.075000047683716,2.075000047683716,2.075000047683716,2.075000047683716,2.075000047683716,263.0
2024-03-01 09:35:00,OLMA,12.800000190734863,12.800000190734863,12.805000305175781,12.670000076293945,12.680000305175781,5300.0
2024-03-01 09:35:00,OM,3.0999999046325684,3.0999999046325684,3.0999999046325684,3.0999999046325684,3.0999999046325684,113.0
2024-03-01 09:35:00,OMCL,26.15999984741211,26.15999984741211,26.15999984741211,26.15999984741211,26.15999984741211,365.0
2024-03-01 09:35:00,OMER,4.502699851989746,4.502699851989746,4.502699851989746,4.502699851989746,4.502699851989746,456.0
2024-03-01 09:36:00,ABCL,5.039999961853027,5.039999961853027,5.039999961853027,5.03000020980835,5.03000020980835,2805.0
2024-03-01 09:36:00,ABSI,5.119999885559082,5.119999885559082,5.130000114440918,5.119999885559082,5.130000114440918,1070.0
2024-03-01 09:36:00,ABUS,2.75,2.75,2.7699999809265137,2.75,2.76200008392334,14504.0
2024-03-01 09:36:00,ABVC,1.159999966621399,1.159999966621399,1.1700999736785889,1.159999966621399,1.1699999570846558,4415.0
2024-03-01 09:36:00,ACAD,23.4950008392334,23.4950008392334,23.4950008392334,23.4950008392334,23.4950008392334,334.0
2024-03-01 09:36:00,ACB,3.0399999618530273,3.0399999618530273,3.049999952316284,3.031599998474121,3.049999952316284,4666.0
2024-03-01 09:36:00,ACET,2.365000009536743,2.365000009536743,2.365000009536743,2.365000009536743,2.365000009536743,9973.0
2024-03-01 09:36:00,ACHC,83.2699966430664,83.2699966430664,83.37999725341797,83.2699966430664,83.37999725341797,446.0
2024-03-01 09:36:00,ACHL,1.3300000429153442,1.3300000429153442,1.3350000381469727,1.3300000429153442,1.3350000381469727,5998.0
2024-03-01 09:36:00,ACHV,4.020100116729736,4.020100116729736,4.03000020980835,4.020100116729736,4.03000020980835,700.0
2024-03-01 09:36:00,ACRS,1.2300000190734863,1.2300000190734863,1.2300000190734863,1.2300000190734863,1.2300000190734863,300.0
2024-03-01 09:36:00,ADAG,3.309999942779541,3.309999942779541,3.309999942779541,3.309999942779541,3.309999942779541,31.0
2024-03-01 09:36:00,ADIL,3.4899001121520996,3.4899001121520996,3.5899999141693115,3.259999990463257,3.2899999618530273,1080610.0
2024-03-01 09:36:00,ADMA,5.335000038146973,5.335000038146973,5.364999771118164,5.315000057220459,5.364999771118164,9447.0
2024-03-01 09:36:00,ADPT,4.059999942779541,4.059999942779541,4.059999942779541,4.03000020980835,4.03000020980835,5313.0
2024-03-01 09:36:00,ADVM,1.9900000095367432,1.9900000095367432,1.9900000095367432,1.9900000095367432,1.9900000095367432,742.0
2024-03-01 09:36:00,AFIB,0.20890000462532043,0.20890000462532043,0.20890000462532043,0.20890000462532043,0.20890000462532043,4012.0
2024-03-01 09:36:00,AGEN,0.6736000180244446,0.6736000180244446,0.6740000247955322,0.6736000180244446,0.6740000247955322,22985.0
2024-03-01 09:36:00,AGIO,32.529998779296875,32.529998779296875,32.59000015258789,32.529998779296875,32.59000015258789,427.0
2024-03-01 09:36:00,AHCO,10.420000076293945,10.420000076293945,10.42389965057373,10.420000076293945,10.42389965057373,1080.0
2024-03-01 09:36:00,AIRS,6.434999942779541,6.434999942779541,6.489999771118164,6.434999942779541,6.434999942779541,300.0
2024-03-01 09:36:00,AKAN,0.29989999532699585,0.29989999532699585,0.29989999532699585,0.296099990606308,0.296099990606308,1823.0
2024-03-01 09:36:00,AKBA,1.6094000339508057,1.6094000339508057,1.6094000339508057,1.6094000339508057,1.6094000339508057,601.0
2024-03-01 09:36:00,AKLI,0.35010001063346863,0.35010001063346863,0.35089999437332153,0.3499999940395355,0.35089999437332153,24643.0
2024-03-01 09:36:00,AKRO,28.850000381469727,28.850000381469727,28.850000381469727,28.729999542236328,28.799999237060547,3658.0
2024-03-01 09:36:00,ALDX,3.819999933242798,3.819999933242798,3.819999933242798,3.811199903488159,3.819999933242798,899.0
2024-03-01 09:36:00,ALEC,7.239999771118164,7.239999771118164,7.269999980926514,7.210000038146973,7.210000038146973,4724.0
2024-03-01 09:36:00,ALHC,5.907700061798096,5.907700061798096,5.907700061798096,5.889999866485596,5.900000095367432,470.0
2024-03-01 09:36:00,ALKS,29.829999923706055,29.829999923706055,29.829999923706055,29.709999084472656,29.7549991607666,3862.0
2024-03-01 09:36:00,ALLK,1.5499999523162842,1.5499999523162842,1.5499999523162842,1.5403000116348267,1.549399971961975,3826.0
2024-03-01 09:36:00,ALLO,5.025000095367432,5.025000095367432,5.025000095367432,5.0,5.0,1407.0
2024-03-01 09:36:00,ALNY,150.4199981689453,150.4199981689453,150.4199981689453,150.4199981689453,150.4199981689453,102.0
2024-03-01 09:36:00,ALPN,35.43769836425781,35.43769836425781,35.849998474121094,35.437599182128906,35.849998474121094,5781.0
2024-03-01 09:36:00,ALT,12.510000228881836,12.510000228881836,12.510000228881836,12.40999984741211,12.454999923706055,38201.0
2024-03-01 09:36:00,ALVO,15.5,15.5,15.5,15.5,15.5,121.0
2024-03-01 09:36:00,ALVR,0.7554000020027161,0.7554000020027161,0.7554000020027161,0.7462000250816345,0.7462000250816345,201.0
2024-03-01 09:36:00,ALXO,14.904999732971191,14.904999732971191,14.904999732971191,14.904999732971191,14.904999732971191,87.0
2024-03-01 09:36:00,AMED,93.12000274658203,93.12000274658203,93.12000274658203,93.12000274658203,93.12000274658203,101.0
2024-03-01 09:36:00,AMGN,276.9150085449219,276.9150085449219,277.1000061035156,276.489990234375,276.489990234375,7363.0
2024-03-01 09:36:00,AMLX,19.15999984741211,19.15999984741211,19.17889976501465,19.135000228881836,19.135000228881836,1434.0
2024-03-01 09:36:00,AMPH,46.83000183105469,46.83000183105469,46.83000183105469,46.404998779296875,46.404998779296875,741.0
2024-03-01 09:36:00,AMRN,1.0199999809265137,1.0199999809265137,1.0291999578475952,1.0199999809265137,1.024999976158142,20143.0
2024-03-01 09:36:00,ANAB,26.0,26.0,26.0,26.0,26.0,574.0
2024-03-01 09:36:00,ANGO,5.364999771118164,5.364999771118164,5.380000114440918,5.364999771118164,5.380000114440918,1331.0
2024-03-01 09:36:00,ANIP,67.9800033569336,67.9800033569336,68.06800079345703,67.9800033569336,68.06800079345703,900.0
2024-03-01 09:36:00,ANNX,6.027500152587891,6.027500152587891,6.027500152587891,5.980000019073486,5.980000019073486,1852.0
2024-03-01 09:36:00,APDN,0.5910999774932861,0.5910999774932861,0.5910999774932861,0.5910999774932861,0.5910999774932861,2285.0
2024-03-01 09:36:00,APLS,62.5099983215332,62.5099983215332,62.5099983215332,62.27000045776367,62.27000045776367,1900.0
2024-03-01 09:36:00,APLT,7.514999866485596,7.514999866485596,7.539999961853027,7.474999904632568,7.510000228881836,5471.0
2024-03-01 09:36:00,APVO,0.1688999980688095,0.1688999980688095,0.1688999980688095,0.1688999980688095,0.1688999980688095,310.0
2024-03-01 09:36:00,AQST,3.7799999713897705,3.7799999713897705,3.7799999713897705,3.7799999713897705,3.7799999713897705,319.0
2024-03-01 09:36:00,ARCT,39.55799865722656,39.55799865722656,39.55799865722656,39.55799865722656,39.55799865722656,117.0
2024-03-01 09:36:00,ARDX,9.539999961853027,9.539999961853027,9.5600004196167,9.489999771118164,9.489999771118164,14434.0
2024-03-01 09:36:00,ARGX,381.0,381.0,381.0,381.0,381.0,1063.0
2024-03-01 09:36:00,ARQT,10.399700164794922,10.399700164794922,10.399999618530273,10.295000076293945,10.3100004196167,11698.0
2024-03-01 09:36:00,ARVN,47.30009841918945,47.30009841918945,47.5099983215332,47.30009841918945,47.5099983215332,1567.0
2024-03-01 09:36:00,ARWR,32.89500045776367,32.89500045776367,32.98500061035156,32.89500045776367,32.95500183105469,1352.0
2024-03-01 09:36:00,ASLN,0.8799999952316284,0.8799999952316284,0.8799999952316284,0.8799999952316284,0.8799999952316284,6000.0
2024-03-01 09:36:00,ASRT,0.8899999856948853,0.8899999856948853,0.8899999856948853,0.881600022315979,0.881600022315979,201.0
2024-03-01 09:36:00,ATAI,1.9600000381469727,1.9600000381469727,1.9600000381469727,1.9600000381469727,1.9600000381469727,600.0
2024-03-01 09:36:00,ATEC,13.3100004196167,13.3100004196167,13.319999694824219,13.102999687194824,13.102999687194824,4933.0
2024-03-01 09:36:00,ATHA,3.9000000953674316,3.9000000953674316,3.9000000953674316,3.880000114440918,3.880000114440918,600.0
2024-03-01 09:36:00,ATRA,0.7894999980926514,0.7894999980926514,0.7894999980926514,0.7893000245094299,0.7893000245094299,2581.0
2024-03-01 09:36:00,ATRC,34.90999984741211,34.90999984741211,34.90999984741211,34.845001220703125,34.90999984741211,821.0
2024-03-01 09:36:00,ATXS,14.4399995803833,14.4399995803833,14.4399995803833,14.4399995803833,14.4399995803833,300.0
2024-03-01 09:36:00,AUPH,5.670100212097168,5.670100212097168,5.675000190734863,5.650000095367432,5.65500020980835,4059.0
2024-03-01 09:36:00,AUTL,6.184999942779541,6.184999942779541,6.184999942779541,6.170000076293945,6.170000076293945,3087.0
2024-03-01 09:36:00,AVDL,12.880000114440918,12.880000114440918,13.0,12.880000114440918,12.989999771118164,14384.0
2024-03-01 09:36:00,AVIR,4.360000133514404,4.360000133514404,4.360000133514404,4.340000152587891,4.349999904632568,1700.0
2024-03-01 09:36:00,AVXL,5.175000190734863,5.175000190734863,5.175000190734863,5.159999847412109,5.159999847412109,1274.0
2024-03-01 09:36:00,AXNX,67.75,67.75,67.83499908447266,67.75,67.83499908447266,3468.0
2024-03-01 09:36:00,AZN,64.375,64.375,64.37999725341797,64.36000061035156,64.36000061035156,2770.0
2024-03-01 09:36:00,BBLG,2.6700000762939453,2.6700000762939453,2.918100118637085,2.6500000953674316,2.759999990463257,4929.0
2024-03-01 09:36:00,BCDA,0.5609999895095825,0.5609999895095825,0.5609999895095825,0.5609999895095825,0.5609999895095825,100.0
2024-03-01 09:36:00,BCEL,0.26980000734329224,0.26980000734329224,0.26980000734329224,0.26980000734329224,0.26980000734329224,4000.0
2024-03-01 09:36:00,BCRX,5.78000020980835,5.78000020980835,5.800000190734863,5.760000228881836,5.760000228881836,38869.0
2024-03-01 09:36:00,BDSX,1.6778000593185425,1.6778000593185425,1.7000000476837158,1.6778000593185425,1.7000000476837158,882.0
2024-03-01 09:36:00,BDTX,5.21999979019165,5.21999979019165,5.230000019073486,5.21999979019165,5.230000019073486,1982.0
2024-03-01 09:36:00,BEAM,40.29999923706055,40.29999923706055,40.29999923706055,40.29999923706055,40.29999923706055,393.0
2024-03-01 09:36:00,BIIB,216.6743927001953,216.6743927001953,216.7449951171875,216.6743927001953,216.73500061035156,1459.0
2024-03-01 09:36:00,BIOL,0.1404999941587448,0.1404999941587448,0.1404999941587448,0.14000000059604645,0.1404999941587448,548.0
2024-03-01 09:36:00,BIVI,2.7699999809265137,2.7699999809265137,2.8399999141693115,2.7100000381469727,2.7100000381469727,355594.0
2024-03-01 09:36:00,BLRX,1.3799999952316284,1.3799999952316284,1.3799999952316284,1.3756999969482422,1.3799999952316284,9620.0
2024-03-01 09:36:00,BLUE,1.5197999477386475,1.5197999477386475,1.5199999809265137,1.4801000356674194,1.4801000356674194,45535.0
2024-03-01 09:36:00,BMEA,17.517900466918945,17.517900466918945,17.517900466918945,17.479999542236328,17.479999542236328,226.0
2024-03-01 09:36:00,BNGO,1.2549999952316284,1.2549999952316284,1.2549999952316284,1.25,1.25,1177.0
2024-03-01 09:36:00,BNR,0.8952999711036682,0.8952999711036682,0.8952999711036682,0.8952999711036682,0.8952999711036682,100.0
2024-03-01 09:36:00,BNTX,90.88999938964844,90.88999938964844,90.9000015258789,90.55999755859375,90.9000015258789,5718.0
2024-03-01 09:36:00,BPMC,95.45500183105469,95.45500183105469,95.45500183105469,95.45500183105469,95.45500183105469,1651.0
2024-03-01 09:36:00,BPTH,5.962699890136719,5.962699890136719,5.962699890136719,5.962699890136719,5.962699890136719,614.0
2024-03-01 09:36:00,BRKR,86.66500091552734,86.66500091552734,86.7300033569336,86.6500015258789,86.66999816894531,857.0
2024-03-01 09:36:00,BTAI,3.2300000190734863,3.2300000190734863,3.240000009536743,3.2300000190734863,3.2330000400543213,0.0
2024-03-01 09:36:00,BTTX,0.164000004529953,0.164000004529953,0.164000004529953,0.16300000250339508,0.16300000250339508,0.0
2024-03-01 09:36:00,BVS,4.679999828338623,4.679999828338623,4.679999828338623,4.679999828338623,4.679999828338623,70.0
2024-03-01 09:36:00,CABA,24.020000457763672,24.020000457763672,24.020000457763672,23.75,23.75,6204.0
2024-03-01 09:36:00,CAPR,4.343999862670898,4.343999862670898,4.448299884796143,4.343999862670898,4.448299884796143,625.0
2024-03-01 09:36:00,CARA,0.8201000094413757,0.8201000094413757,0.8201000094413757,0.8176000118255615,0.8199999928474426,19441.0
2024-03-01 09:36:00,CBAY,32.20000076293945,32.20000076293945,32.20000076293945,32.20000076293945,32.20000076293945,6027.0
2024-03-01 09:36:00,CCCC,11.020000457763672,11.020000457763672,11.050000190734863,11.010000228881836,11.050000190734863,4690.0
2024-03-01 09:36:00,CDMO,7.775000095367432,7.775000095367432,7.789999961853027,7.730000019073486,7.789999961853027,1326.0
2024-03-01 09:36:00,CDNA,11.1899995803833,11.1899995803833,11.350000381469727,11.1850004196167,11.3100004196167,9783.0
2024-03-01 09:36:00,CDXS,4.559999942779541,4.559999942779541,4.578000068664551,4.559999942779541,4.56850004196167,2449.0
2024-03-01 09:36:00,CELC,15.630000114440918,15.630000114440918,15.979999542236328,15.600000381469727,15.600000381469727,106900.0
2024-03-01 09:36:00,CELU,3.75,3.75,3.75,3.740000009536743,3.746500015258789,1572.0
2024-03-01 09:36:00,CERS,2.1449999809265137,2.1449999809265137,2.1600000858306885,2.140000104904175,2.1419999599456787,2646.0
2024-03-01 09:36:00,CERT,16.989999771118164,16.989999771118164,16.989999771118164,16.989999771118164,16.989999771118164,100.0
2024-03-01 09:36:00,CGC,3.260200023651123,3.260200023651123,3.26990008354187,3.260200023651123,3.2674999237060547,3249.0
2024-03-01 09:36:00,CGEM,18.790000915527344,18.790000915527344,19.0,18.780000686645508,18.854000091552734,22802.0
2024-03-01 09:36:00,CGEN,2.6266000270843506,2.6266000270843506,2.630000114440918,2.6266000270843506,2.630000114440918,900.0
2024-03-01 09:36:00,CHRS,2.325000047683716,2.325000047683716,2.3299999237060547,2.325000047683716,2.3299999237060547,2254.0
2024-03-01 09:36:00,CING,1.3300000429153442,1.3300000429153442,1.3300000429153442,1.3300000429153442,1.3300000429153442,130.0
2024-03-01 09:36:00,CJJD,3.0799999237060547,3.0799999237060547,3.0799999237060547,3.0799999237060547,3.0799999237060547,477.0
2024-03-01 09:36:00,CKPT,2.200000047683716,2.200000047683716,2.200000047683716,2.184999942779541,2.184999942779541,1550.0
2024-03-01 09:36:00,CLDX,49.154998779296875,49.154998779296875,49.189998626708984,48.91999816894531,48.959999084472656,37700.0
2024-03-01 09:36:00,CLNN,0.41499999165534973,0.41499999165534973,0.41499999165534973,0.4059999883174896,0.4059999883174896,1472.0
2024-03-01 09:36:00,CLOV,0.8560000061988831,0.8560000061988831,0.862500011920929,0.8560000061988831,0.862500011920929,6555.0
2024-03-01 09:36:00,CMPS,10.649999618530273,10.649999618530273,10.649999618530273,10.649999618530273,10.649999618530273,294.0
2024-03-01 09:36:00,CMRA,0.033900000154972076,0.033900000154972076,0.033900000154972076,0.033900000154972076,0.033900000154972076,0.0
2024-03-01 09:36:00,CMRX,1.121000051498413,1.121000051498413,1.121000051498413,1.121000051498413,1.121000051498413,1082.0
2024-03-01 09:36:00,CNTB,1.149999976158142,1.149999976158142,1.149999976158142,1.1399999856948853,1.1399999856948853,1233.0
2024-03-01 09:36:00,COGT,7.239999771118164,7.239999771118164,7.239999771118164,7.230000019073486,7.230000019073486,1550.0
2024-03-01 09:36:00,COLL,37.075801849365234,37.075801849365234,37.075801849365234,37.075801849365234,37.075801849365234,1513.0
2024-03-01 09:36:00,CORT,23.40999984741211,23.40999984741211,23.469999313354492,23.40999984741211,23.46430015563965,3189.0
2024-03-01 09:36:00,COSM,0.7688000202178955,0.7688000202178955,0.7688000202178955,0.7688000202178955,0.7688000202178955,0.0
2024-03-01 09:36:00,CPRX,16.389999389648438,16.389999389648438,16.488399505615234,16.389999389648438,16.399999618530273,15236.0
2024-03-01 09:36:00,CPSI,9.800000190734863,9.800000190734863,9.930000305175781,9.760000228881836,9.930000305175781,6724.0
2024-03-01 09:36:00,CRBP,31.440000534057617,31.440000534057617,31.440000534057617,30.775100708007812,30.775100708007812,406.0
2024-03-01 09:36:00,CRBU,8.16469955444336,8.16469955444336,8.16469955444336,8.16469955444336,8.16469955444336,291.0
2024-03-01 09:36:00,CRDF,2.180000066757202,2.180000066757202,2.190000057220459,2.119999885559082,2.119999885559082,78586.0
2024-03-01 09:36:00,CRDL,2.1698999404907227,2.1698999404907227,2.1698999404907227,2.1312999725341797,2.1312999725341797,5825.0
2024-03-01 09:36:00,CRMD,3.5980000495910645,3.5980000495910645,3.5980000495910645,3.5799999237060547,3.5799999237060547,517.0
2024-03-01 09:36:00,CRON,2.065999984741211,2.065999984741211,2.069999933242798,2.065000057220459,2.069999933242798,11533.0
2024-03-01 09:36:00,CRSP,84.73999786376953,84.73999786376953,84.81999969482422,84.7249984741211,84.81999969482422,983.0
2024-03-01 09:36:00,CSTL,19.375,19.375,19.375,19.030000686645508,19.030000686645508,2259.0
2024-03-01 09:36:00,CTKB,7.699999809265137,7.699999809265137,7.700099945068359,7.699999809265137,7.700099945068359,483.0
2024-03-01 09:36:00,CTMX,2.4700000286102295,2.4700000286102295,2.4895999431610107,2.4700000286102295,2.484999895095825,1400.0
2024-03-01 09:36:00,CTXR,0.7833999991416931,0.7833999991416931,0.7833999991416931,0.7833999991416931,0.7833999991416931,0.0
2024-03-01 09:36:00,CUTR,2.1874001026153564,2.1874001026153564,2.1874001026153564,2.1874001026153564,2.1874001026153564,241.0
2024-03-01 09:36:00,CVAC,3.4149999618530273,3.4149999618530273,3.4149999618530273,3.4149999618530273,3.4149999618530273,103.0
2024-03-01 09:36:00,CYTK,73.43499755859375,73.43499755859375,73.43499755859375,73.43499755859375,73.43499755859375,414.0
2024-03-01 09:36:00,CYTO,1.909999966621399,1.909999966621399,1.909999966621399,1.909999966621399,1.909999966621399,0.0
2024-03-01 09:36:00,DAWN,16.959999084472656,16.959999084472656,16.959999084472656,16.959999084472656,16.959999084472656,1042.0
2024-03-01 09:36:00,DCGO,4.019999980926514,4.019999980926514,4.019999980926514,3.990000009536743,3.992500066757202,1321.0
2024-03-01 09:36:00,DCPH,17.110000610351562,17.110000610351562,17.110000610351562,17.110000610351562,17.110000610351562,91.0
2024-03-01 09:36:00,DCTH,4.159999847412109,4.159999847412109,4.159999847412109,4.159999847412109,4.159999847412109,294.0
2024-03-01 09:36:00,DH,9.199999809265137,9.199999809265137,9.199999809265137,9.199999809265137,9.199999809265137,201.0
2024-03-01 09:36:00,DMTK,0.9200000166893005,0.9200000166893005,1.0,0.9200000166893005,0.9599999785423279,19742.0
2024-03-01 09:36:00,DNLI,20.5,20.5,20.5,20.437999725341797,20.440000534057617,1068.0
2024-03-01 09:36:00,DRRX,0.9901000261306763,0.9901000261306763,0.9901000261306763,0.9901000261306763,0.9901000261306763,2942.0
2024-03-01 09:36:00,DTIL,13.34000015258789,13.34000015258789,13.359999656677246,13.199999809265137,13.199999809265137,4029.0
2024-03-01 09:36:00,DVAX,12.75,12.75,12.75,12.744999885559082,12.75,464.0
2024-03-01 09:36:00,DXCM,114.0999984741211,114.0999984741211,114.18499755859375,113.93000030517578,113.93000030517578,2794.0
2024-03-01 09:36:00,DYN,28.32819938659668,28.32819938659668,28.389999389648438,27.81999969482422,27.81999969482422,4949.0
2024-03-01 09:36:00,EDIT,10.420000076293945,10.420000076293945,10.444100379943848,10.420000076293945,10.430000305175781,1733.0
2024-03-01 09:36:00,EFTR,14.462400436401367,14.462400436401367,14.462400436401367,14.401000022888184,14.420000076293945,1405.0
2024-03-01 09:36:00,EGRX,6.130000114440918,6.130000114440918,6.130000114440918,6.099999904632568,6.099999904632568,752.0
2024-03-01 09:36:00,EKSO,2.0,2.0,2.0,2.0,2.0,2551.0
2024-03-01 09:36:00,ELEV,4.559999942779541,4.559999942779541,4.579999923706055,4.539999961853027,4.539999961853027,8894.0
2024-03-01 09:36:00,EMBC,14.234999656677246,14.234999656677246,14.234999656677246,14.234999656677246,14.234999656677246,8355.0
2024-03-01 09:36:00,ENTA,14.524999618530273,14.524999618530273,14.524999618530273,14.524999618530273,14.524999618530273,100.0
2024-03-01 09:36:00,ENVB,1.7410000562667847,1.7410000562667847,1.7899999618530273,1.7400000095367432,1.7400000095367432,77446.0
2024-03-01 09:36:00,EOLS,14.899999618530273,14.899999618530273,14.90999984741211,14.845000267028809,14.869999885559082,4810.0
2024-03-01 09:36:00,EPIX,9.574999809265137,9.574999809265137,9.574999809265137,9.574999809265137,9.574999809265137,200.0
2024-03-01 09:36:00,ERAS,2.3712000846862793,2.3712000846862793,2.4049999713897705,2.3399999141693115,2.4049999713897705,7321.0
2024-03-01 09:36:00,ESPR,2.509999990463257,2.509999990463257,2.5250000953674316,2.5,2.5,14570.0
2024-03-01 09:36:00,ESTA,45.5,45.5,45.709999084472656,45.5,45.709999084472656,1374.0
2024-03-01 09:36:00,ETNB,12.229999542236328,12.229999542236328,12.234399795532227,12.229999542236328,12.234399795532227,336.0
2024-03-01 09:36:00,EXAI,6.764999866485596,6.764999866485596,6.764999866485596,6.75,6.75,1213.0
2024-03-01 09:36:00,EXAS,57.70000076293945,57.70000076293945,57.70000076293945,57.279998779296875,57.279998779296875,2990.0
2024-03-01 09:36:00,EXEL,22.170000076293945,22.170000076293945,22.170000076293945,22.100000381469727,22.100000381469727,1840.0
2024-03-01 09:36:00,EYEN,2.199899911880493,2.199899911880493,2.2200000286102295,2.194999933242798,2.219899892807007,10128.0
2024-03-01 09:36:00,EYPT,27.760000228881836,27.760000228881836,27.93239974975586,27.760000228881836,27.814800262451172,3385.0
2024-03-01 09:36:00,FATE,7.53000020980835,7.53000020980835,7.53000020980835,7.460000038146973,7.460000038146973,3227.0
2024-03-01 09:36:00,FDMT,28.545000076293945,28.545000076293945,28.545000076293945,28.545000076293945,28.545000076293945,426.0
2024-03-01 09:36:00,FEMY,1.7299000024795532,1.7299000024795532,1.7299000024795532,1.7200000286102295,1.7200000286102295,3855.0
2024-03-01 09:36:00,FGEN,1.7331000566482544,1.7331000566482544,1.75,1.722499966621399,1.722499966621399,4165.0
2024-03-01 09:36:00,FOLD,13.229999542236328,13.229999542236328,13.229999542236328,13.229999542236328,13.229999542236328,554.0
2024-03-01 09:36:00,FRTX,0.9300000071525574,0.9300000071525574,0.9300000071525574,0.9300000071525574,0.9300000071525574,163.0
2024-03-01 09:36:00,FULC,10.399999618530273,10.399999618530273,10.399999618530273,10.399999618530273,10.399999618530273,204.0
2024-03-01 09:36:00,FUSN,12.239999771118164,12.239999771118164,12.239999771118164,12.149999618530273,12.149999618530273,307.0
2024-03-01 09:36:00,GBIO,2.5,2.5,2.5,2.5,2.5,100.0
2024-03-01 09:36:00,GDRX,8.239999771118164,8.239999771118164,8.25,8.100000381469727,8.100000381469727,7972.0
2024-03-01 09:36:00,GERN,2.049999952316284,2.049999952316284,2.049999952316284,2.0399999618530273,2.0450000762939453,1645.0
2024-03-01 09:36:00,GH,18.989999771118164,18.989999771118164,18.989999771118164,18.962099075317383,18.962099075317383,469.0
2024-03-01 09:36:00,GILD,72.45999908447266,72.45999908447266,72.4800033569336,72.37000274658203,72.40499877929688,6247.0
2024-03-01 09:36:00,GLTO,0.7299000024795532,0.7299000024795532,0.7299000024795532,0.7299000024795532,0.7299000024795532,0.0
2024-03-01 09:36:00,GMAB,28.6299991607666,28.6299991607666,28.6299991607666,28.6299991607666,28.6299991607666,324.0
2024-03-01 09:36:00,GMDA,0.3668000102043152,0.3668000102043152,0.3668000102043152,0.3668000102043152,0.3668000102043152,100.0
2024-03-01 09:36:00,GOSS,1.399999976158142,1.399999976158142,1.4600000381469727,1.399999976158142,1.4600000381469727,10282.0
2024-03-01 09:36:00,GRFS,6.821000099182129,6.821000099182129,6.880000114440918,6.820000171661377,6.840000152587891,19756.0
2024-03-01 09:36:00,GRPH,3.4800000190734863,3.4800000190734863,3.4800000190734863,3.450000047683716,3.450000047683716,1529.0
2024-03-01 09:36:00,GRTS,1.899899959564209,1.899899959564209,1.899899959564209,1.8700000047683716,1.8701000213623047,31609.0
2024-03-01 09:36:00,GTHX,3.4000000953674316,3.4000000953674316,3.4000000953674316,3.3949999809265137,3.3949999809265137,2658.0
2024-03-01 09:36:00,HALO,40.83000183105469,40.83000183105469,40.880001068115234,40.83000183105469,40.880001068115234,756.0
2024-03-01 09:36:00,HCTI,2.884999990463257,2.884999990463257,2.9600000381469727,2.624000072479248,2.625999927520752,140872.0
2024-03-01 09:36:00,HEPA,3.1700000762939453,3.1700000762939453,3.1700000762939453,3.069999933242798,3.069999933242798,465.0
2024-03-01 09:36:00,HLTH,0.2754000127315521,0.2754000127315521,0.2754000127315521,0.2754000127315521,0.2754000127315521,3500.0
2024-03-01 09:36:00,HOLX,73.34500122070312,73.34500122070312,73.34500122070312,73.26000213623047,73.26000213623047,404.0
2024-03-01 09:36:00,HRMY,31.299999237060547,31.299999237060547,31.299999237060547,31.299999237060547,31.299999237060547,106.0
2024-03-01 09:36:00,HRTX,2.640000104904175,2.640000104904175,2.640000104904175,2.619999885559082,2.619999885559082,2051.0
2024-03-01 09:36:00,HSIC,76.41000366210938,76.41000366210938,76.4749984741211,76.33999633789062,76.4749984741211,957.0
2024-03-01 09:36:00,HUMA,3.0485000610351562,3.0485000610351562,3.049999952316284,3.009999990463257,3.015000104904175,46303.0
2024-03-01 09:36:00,IBRX,4.789899826049805,4.789899826049805,4.789899826049805,4.743800163269043,4.743800163269043,2369.0
2024-03-01 09:36:00,IDXX,563.3099975585938,563.3099975585938,564.364990234375,563.3099975585938,564.364990234375,900.0
2024-03-01 09:36:00,IDYA,45.834999084472656,45.834999084472656,45.95000076293945,45.720001220703125,45.720001220703125,826.0
2024-03-01 09:36:00,IFRX,1.8499000072479248,1.8499000072479248,1.8499000072479248,1.8499000072479248,1.8499000072479248,0.0
2024-03-01 09:36:00,IINN,1.6500999927520752,1.6500999927520752,1.6500999927520752,1.649999976158142,1.649999976158142,800.0
2024-03-01 09:36:00,IKNA,1.4299999475479126,1.4299999475479126,1.4299999475479126,1.4299999475479126,1.4299999475479126,0.0
2024-03-01 09:36:00,ILMN,137.02999877929688,137.02999877929688,137.27000427246094,136.58999633789062,136.58999633789062,2157.0
2024-03-01 09:36:00,IMAB,1.8398000001907349,1.8398000001907349,1.839900016784668,1.8200000524520874,1.8200000524520874,2014.0
2024-03-01 09:36:00,IMCR,67.59449768066406,67.59449768066406,68.08000183105469,67.59449768066406,67.75,1098.0
2024-03-01 09:36:00,IMMP,2.390000104904175,2.390000104904175,2.390000104904175,2.390000104904175,2.390000104904175,204.0
2024-03-01 09:36:00,IMMX,3.4149999618530273,3.4149999618530273,3.4149999618530273,3.4149999618530273,3.4149999618530273,2864.0
2024-03-01 09:36:00,IMNM,24.463499069213867,24.463499069213867,24.65999984741211,24.463499069213867,24.65999984741211,3512.0
2024-03-01 09:36:00,IMTX,12.770000457763672,12.770000457763672,12.819999694824219,12.759200096130371,12.759200096130371,2755.0
2024-03-01 09:36:00,IMUX,1.4500000476837158,1.4500000476837158,1.4500000476837158,1.4500000476837158,1.4500000476837158,10091.0
2024-03-01 09:36:00,IMVT,36.31999969482422,36.31999969482422,36.36000061035156,36.290000915527344,36.290000915527344,1039.0
2024-03-01 09:36:00,INCY,58.779998779296875,58.779998779296875,58.869998931884766,58.77000045776367,58.77000045776367,799.0
2024-03-01 09:36:00,INGN,6.659999847412109,6.659999847412109,6.659999847412109,6.659999847412109,6.659999847412109,1023.0
2024-03-01 09:36:00,INMD,22.059999465942383,22.059999465942383,22.059999465942383,22.020000457763672,22.020000457763672,541.0
2024-03-01 09:36:00,INO,8.970000267028809,8.970000267028809,8.970000267028809,8.875,8.875,263.0
2024-03-01 09:36:00,INSM,28.274999618530273,28.274999618530273,28.274999618530273,28.274999618530273,28.274999618530273,994.0
2024-03-01 09:36:00,INVA,15.699999809265137,15.699999809265137,15.765000343322754,15.699999809265137,15.739999771118164,950.0
2024-03-01 09:36:00,IOBT,1.625,1.625,1.625,1.625,1.625,150614.0
2024-03-01 09:36:00,IONS,45.36000061035156,45.36000061035156,45.540000915527344,45.36000061035156,45.529998779296875,3026.0
2024-03-01 09:36:00,IOVA,16.575000762939453,16.575000762939453,16.700000762939453,16.530000686645508,16.530000686645508,47886.0
2024-03-01 09:36:00,IRIX,2.6689000129699707,2.6689000129699707,2.6689000129699707,2.6689000129699707,2.6689000129699707,0.0
2024-03-01 09:36:00,IRTC,118.83999633789062,118.83999633789062,118.83999633789062,118.18990325927734,118.18990325927734,373.0
2024-03-01 09:36:00,IRWD,8.800000190734863,8.800000190734863,8.8100004196167,8.766500473022461,8.770000457763672,41455.0
2024-03-01 09:36:00,ISRG,383.6300048828125,383.6300048828125,383.6300048828125,383.05499267578125,383.05499267578125,1501.0
2024-03-01 09:36:00,ITCI,70.38999938964844,70.38999938964844,70.38999938964844,70.19999694824219,70.19999694824219,628.0
2024-03-01 09:36:00,IVVD,3.941999912261963,3.941999912261963,3.964600086212158,3.938699960708618,3.964600086212158,1000.0
2024-03-01 09:36:00,JAGX,0.0608999989926815,0.0608999989926815,0.0608999989926815,0.0608999989926815,0.0608999989926815,0.0
2024-03-01 09:36:00,JANX,45.38209915161133,45.38209915161133,45.9630012512207,45.30009841918945,45.6150016784668,4914.0
2024-03-01 09:36:00,JAZZ,120.0199966430664,120.0199966430664,120.1500015258789,120.0199966430664,120.0999984741211,521.0
2024-03-01 09:36:00,JSPR,21.21500015258789,21.21500015258789,21.521400451660156,20.959999084472656,21.521400451660156,1270.0
2024-03-01 09:36:00,KALV,13.899999618530273,13.899999618530273,13.899999618530273,13.850000381469727,13.850000381469727,1777.0
2024-03-01 09:36:00,KNSA,21.450000762939453,21.450000762939453,21.469999313354492,21.354999542236328,21.399999618530273,1547.0
2024-03-01 09:36:00,KNTE,2.5799999237060547,2.5799999237060547,2.5899999141693115,2.5799999237060547,2.5820999145507812,96.0
2024-03-01 09:36:00,KPRX,0.6640999913215637,0.6640999913215637,0.6640999913215637,0.6640999913215637,0.6640999913215637,31.0
2024-03-01 09:36:00,KPTI,1.1649999618530273,1.1649999618530273,1.1683000326156616,1.160099983215332,1.160099983215332,3122.0
2024-03-01 09:36:00,KROS,69.08999633789062,69.08999633789062,69.08999633789062,69.06500244140625,69.06500244140625,370.0
2024-03-01 09:36:00,KRTX,315.43341064453125,315.43341064453125,315.43341064453125,315.43341064453125,315.43341064453125,455.0
2024-03-01 09:36:00,KTRA,0.1014999970793724,0.1014999970793724,0.1014999970793724,0.10119999945163727,0.1014999970793724,22259.0
2024-03-01 09:36:00,KURA,21.25,21.25,21.299999237060547,21.25,21.260000228881836,402.0
2024-03-01 09:36:00,KYMR,43.31999969482422,43.31999969482422,43.5,43.31999969482422,43.4900016784668,1622.0
2024-03-01 09:36:00,KZR,1.0499999523162842,1.0499999523162842,1.059999942779541,1.0499999523162842,1.0549999475479126,4201.0
2024-03-01 09:36:00,LAB,2.325000047683716,2.325000047683716,2.325000047683716,2.2899999618530273,2.2899999618530273,9784.0
2024-03-01 09:36:00,LBPH,23.280000686645508,23.280000686645508,23.290000915527344,22.989099502563477,23.290000915527344,457.0
2024-03-01 09:36:00,LEGN,66.05999755859375,66.05999755859375,66.05999755859375,65.77999877929688,65.77999877929688,399.0
2024-03-01 09:36:00,LEXX,2.7390999794006348,2.7390999794006348,2.7699999809265137,2.690000057220459,2.759999990463257,6087.0
2024-03-01 09:36:00,LFST,7.989999771118164,7.989999771118164,8.0,7.989999771118164,8.0,1342.0
2024-03-01 09:36:00,LIFE,1.9399000406265259,1.9399000406265259,1.9399000406265259,1.9399000406265259,1.9399000406265259,2000.0
2024-03-01 09:36:00,LNTH,65.8499984741211,65.8499984741211,65.8499984741211,65.5,65.5,957.0
2024-03-01 09:36:00,LQDA,14.300000190734863,14.300000190734863,14.300000190734863,14.204999923706055,14.204999923706055,1190.0
2024-03-01 09:36:00,LTRN,4.800000190734863,4.800000190734863,4.884900093078613,4.800000190734863,4.884900093078613,1150.0
2024-03-01 09:36:00,LUCD,1.2300000190734863,1.2300000190734863,1.2300000190734863,1.2300000190734863,1.2300000190734863,601.0
2024-03-01 09:36:00,LVTX,2.9100000858306885,2.9100000858306885,2.924999952316284,2.9000000953674316,2.9079999923706055,1354.0
2024-03-01 09:36:00,LXRX,2.4800000190734863,2.4800000190734863,2.494999885559082,2.4798998832702637,2.490000009536743,11979.0
2024-03-01 09:36:00,LYEL,2.9700000286102295,2.9700000286102295,2.990000009536743,2.9649999141693115,2.990000009536743,1756.0
2024-03-01 09:36:00,LYRA,5.315000057220459,5.315000057220459,5.315000057220459,5.315000057220459,5.315000057220459,100.0
2024-03-01 09:36:00,MASI,127.5,127.5,127.5,127.5,127.5,369.0
2024-03-01 09:36:00,MASS,7.210000038146973,7.210000038146973,7.284999847412109,7.210000038146973,7.230000019073486,31415.0
2024-03-01 09:36:00,MBRX,0.629800021648407,0.629800021648407,0.629800021648407,0.629800021648407,0.629800021648407,2700.0
2024-03-01 09:36:00,MCRB,1.1575000286102295,1.1575000286102295,1.1598999500274658,1.1575000286102295,1.1598999500274658,3800.0
2024-03-01 09:36:00,MDGL,241.0,241.0,241.0,240.67999267578125,240.67999267578125,818.0
2024-03-01 09:36:00,MDRX,5.599999904632568,5.599999904632568,5.650000095367432,5.599999904632568,5.610000133514404,19685.0
2024-03-01 09:36:00,MDXG,8.569999694824219,8.569999694824219,8.609999656677246,8.569999694824219,8.569999694824219,2473.0
2024-03-01 09:36:00,ME,0.5565000176429749,0.5565000176429749,0.5565000176429749,0.5526000261306763,0.5562000274658203,5095.0
2024-03-01 09:36:00,MEDP,398.94000244140625,398.94000244140625,398.94000244140625,398.94000244140625,398.94000244140625,120.0
2024-03-01 09:36:00,MGNX,18.39900016784668,18.39900016784668,18.39900016784668,18.350000381469727,18.3700008392334,1744.0
2024-03-01 09:36:00,MIRM,29.350000381469727,29.350000381469727,29.350000381469727,29.059999465942383,29.059999465942383,515.0
2024-03-01 09:36:00,MIST,1.7400000095367432,1.7400000095367432,1.750100016593933,1.7400000095367432,1.75,1430.0
2024-03-01 09:36:00,MLTX,51.61000061035156,51.61000061035156,51.61000061035156,51.410099029541016,51.410099029541016,787.0
2024-03-01 09:36:00,MNKD,4.329899787902832,4.329899787902832,4.369999885559082,4.320000171661377,4.340000152587891,20787.0
2024-03-01 09:36:00,MNMD,5.660099983215332,5.660099983215332,5.660099983215332,5.660099983215332,5.660099983215332,375.0
2024-03-01 09:36:00,MNOV,1.3476999998092651,1.3476999998092651,1.350000023841858,1.3450000286102295,1.3450000286102295,6836.0
2024-03-01 09:36:00,MNPR,0.7401000261306763,0.7401000261306763,0.766700029373169,0.7401000261306763,0.7591999769210815,2171.0
2024-03-01 09:36:00,MODD,1.9800000190734863,1.9800000190734863,2.0,1.9800000190734863,2.0,7257.0
2024-03-01 09:36:00,MODV,27.280000686645508,27.280000686645508,27.280000686645508,27.280000686645508,27.280000686645508,731.0
2024-03-01 09:36:00,MOR,17.600000381469727,17.600000381469727,17.600000381469727,17.600000381469727,17.600000381469727,250.0
2024-03-01 09:36:00,MORF,37.90999984741211,37.90999984741211,37.90999984741211,37.869998931884766,37.869998931884766,544.0
2024-03-01 09:36:00,MOVE,0.5600000023841858,0.5600000023841858,0.5600000023841858,0.5600000023841858,0.5600000023841858,1069.0
2024-03-01 09:36:00,MREO,3.809999942779541,3.809999942779541,3.8203999996185303,3.789799928665161,3.789799928665161,3747.0
2024-03-01 09:36:00,MRNA,92.9800033569336,92.9800033569336,93.3499984741211,92.9000015258789,92.9000015258789,8801.0
2024-03-01 09:36:00,MRNS,9.720000267028809,9.720000267028809,9.720000267028809,9.720000267028809,9.720000267028809,5587.0
2024-03-01 09:36:00,MRSN,5.699999809265137,5.699999809265137,5.760000228881836,5.699999809265137,5.730000019073486,8822.0
2024-03-01 09:36:00,MRUS,49.07500076293945,49.07500076293945,49.07500076293945,49.07500076293945,49.07500076293945,38.0
2024-03-01 09:36:00,MRVI,7.739999771118164,7.739999771118164,7.739999771118164,7.59499979019165,7.619999885559082,5204.0
2024-03-01 09:36:00,MYGN,20.770000457763672,20.770000457763672,20.770099639892578,20.770000457763672,20.770000457763672,2314.0
2024-03-01 09:36:00,MYNZ,0.8899999856948853,0.8899999856948853,0.8899999856948853,0.8899999856948853,0.8899999856948853,130.0
2024-03-01 09:36:00,NARI,44.779998779296875,44.779998779296875,44.880001068115234,44.59000015258789,44.83000183105469,6687.0
2024-03-01 09:36:00,NBIX,131.75999450683594,131.75999450683594,132.02999877929688,131.75999450683594,131.85000610351562,1361.0
2024-03-01 09:36:00,NEOG,17.020299911499023,17.020299911499023,17.024999618530273,17.020299911499023,17.024999618530273,577.0
2024-03-01 09:36:00,NEPH,3.184999942779541,3.184999942779541,3.190000057220459,3.184999942779541,3.190000057220459,281.0
2024-03-01 09:36:00,NKTX,12.602899551391602,12.602899551391602,12.602899551391602,12.380000114440918,12.380000114440918,0.0
2024-03-01 09:36:00,NMTC,1.2008999586105347,1.2008999586105347,1.2008999586105347,1.2008999586105347,1.2008999586105347,200.0
2024-03-01 09:36:00,NNOX,11.338700294494629,11.338700294494629,11.338700294494629,11.239999771118164,11.260000228881836,4890.0
2024-03-01 09:36:00,NOTV,7.509900093078613,7.509900093078613,7.509900093078613,7.4944000244140625,7.4944000244140625,7831.0
2024-03-01 09:36:00,NRXP,0.38940000534057617,0.38940000534057617,0.38940000534057617,0.3849000036716461,0.3849000036716461,0.0
2024-03-01 09:36:00,NTLA,32.779998779296875,32.779998779296875,32.810001373291016,32.72999954223633,32.72999954223633,3116.0
2024-03-01 09:36:00,NTRA,89.21499633789062,89.21499633789062,89.3949966430664,88.80999755859375,88.93000030517578,11339.0
2024-03-01 09:36:00,NUVL,86.4000015258789,86.4000015258789,86.4000015258789,86.4000015258789,86.4000015258789,141.0
2024-03-01 09:36:00,NUWE,0.5789999961853027,0.5789999961853027,0.589900016784668,0.5789999961853027,0.589900016784668,0.0
2024-03-01 09:36:00,NVAX,4.974999904632568,4.974999904632568,4.984000205993652,4.909999847412109,4.929999828338623,44012.0
2024-03-01 09:36:00,NVCR,15.274999618530273,15.274999618530273,15.350000381469727,15.274999618530273,15.274999618530273,359.0
2024-03-01 09:36:00,NVCT,10.664999961853027,10.664999961853027,10.670000076293945,10.42609977722168,10.670000076293945,595.0
2024-03-01 09:36:00,OCGN,0.9350000023841858,0.9350000023841858,0.9383999705314636,0.9350000023841858,0.9375,10597.0
2024-03-01 09:36:00,OCUL,10.331500053405762,10.331500053405762,10.380000114440918,10.25,10.258000373840332,32049.0
2024-03-01 09:36:00,OFIX,13.0,13.0,13.0,13.0,13.0,309.0
2024-03-01 09:36:00,OGI,2.075000047683716,2.075000047683716,2.078000068664551,2.0703001022338867,2.0703001022338867,1925.0
2024-03-01 09:36:00,OM,3.049999952316284,3.049999952316284,3.049999952316284,3.049999952316284,3.049999952316284,320.0
2024-03-01 09:36:00,OMER,4.550000190734863,4.550000190734863,4.550000190734863,4.550000190734863,4.550000190734863,300.0
2024-03-01 09:36:00,OMGA,4.144999980926514,4.144999980926514,4.144999980926514,4.130000114440918,4.130000114440918,329.0
2024-03-01 09:36:00,OMIC,0.595300018787384,0.595300018787384,0.595300018787384,0.595300018787384,0.595300018787384,630.0
2024-03-01 09:36:00,ONCT,9.300999641418457,9.300999641418457,9.300999641418457,9.300999641418457,9.300999641418457,0.0
2024-03-01 09:36:00,ONCY,1.1198999881744385,1.1198999881744385,1.1198999881744385,1.1104999780654907,1.1104999780654907,1799.0
2024-03-01 09:37:00,ABCL,5.050000190734863,5.050000190734863,5.050000190734863,5.034999847412109,5.034999847412109,1014.0
2024-03-01 09:37:00,ABEO,7.020199775695801,7.020199775695801,7.045000076293945,7.020199775695801,7.045000076293945,511.0
2024-03-01 09:37:00,ABSI,5.09499979019165,5.09499979019165,5.110000133514404,5.09499979019165,5.110000133514404,1033.0
2024-03-01 09:37:00,ABUS,2.75,2.75,2.7500998973846436,2.740000009536743,2.75,5795.0
2024-03-01 09:37:00,ABVC,1.1699999570846558,1.1699999570846558,1.1699999570846558,1.1699999570846558,1.1699999570846558,131.0
2024-03-01 09:37:00,ACAD,23.485000610351562,23.485000610351562,23.5,23.469999313354492,23.4950008392334,1709.0
2024-03-01 09:37:00,ACB,3.0399999618530273,3.0399999618530273,3.049999952316284,3.0350000858306885,3.0350000858306885,4887.0
2024-03-01 09:37:00,ACCD,10.149999618530273,10.149999618530273,10.15999984741211,10.099100112915039,10.140000343322754,4823.0
2024-03-01 09:37:00,ACET,2.375,2.375,2.390000104904175,2.369999885559082,2.369999885559082,4277.0
2024-03-01 09:37:00,ACHV,3.9300999641418457,3.9300999641418457,4.150000095367432,3.9300999641418457,4.019999980926514,2243.0
2024-03-01 09:37:00,ACON,0.3801000118255615,0.3801000118255615,0.3801000118255615,0.3801000118255615,0.3801000118255615,122.0
2024-03-01 09:37:00,ACRS,1.2400000095367432,1.2400000095367432,1.2400000095367432,1.2400000095367432,1.2400000095367432,421.0
2024-03-01 09:37:00,ADAP,1.600000023841858,1.600000023841858,1.6100000143051147,1.600000023841858,1.6100000143051147,875.0
2024-03-01 09:37:00,ADIL,3.449399948120117,3.449399948120117,3.5399999618530273,3.3499999046325684,3.4800000190734863,748303.0
2024-03-01 09:37:00,ADMA,5.360000133514404,5.360000133514404,5.360000133514404,5.340000152587891,5.340000152587891,4008.0
2024-03-01 09:37:00,ADPT,4.050000190734863,4.050000190734863,4.050000190734863,4.045000076293945,4.045000076293945,452.0
2024-03-01 09:37:00,ADVM,1.9900000095367432,1.9900000095367432,1.9900000095367432,1.9900000095367432,1.9900000095367432,2853.0
2024-03-01 09:37:00,AFMD,0.6183000206947327,0.6183000206947327,0.6216999888420105,0.6183000206947327,0.6215999722480774,4325.0
2024-03-01 09:37:00,AGEN,0.6780999898910522,0.6780999898910522,0.6780999898910522,0.6736000180244446,0.6736000180244446,33809.0
2024-03-01 09:37:00,AGIO,32.619998931884766,32.619998931884766,32.65999984741211,32.529998779296875,32.529998779296875,1267.0
2024-03-01 09:37:00,AGRX,0.800000011920929,0.800000011920929,0.800000011920929,0.7950000166893005,0.7950000166893005,1400.0
2024-03-01 09:37:00,AHCO,10.479999542236328,10.479999542236328,10.489999771118164,10.430000305175781,10.430000305175781,2120.0
2024-03-01 09:37:00,AIMD,1.0010000467300415,1.0010000467300415,1.0037000179290771,1.000100016593933,1.000100016593933,1203.0
2024-03-01 09:37:00,AIRS,6.550000190734863,6.550000190734863,6.550000190734863,6.550000190734863,6.550000190734863,255.0
2024-03-01 09:37:00,AKAN,0.29899999499320984,0.29899999499320984,0.29899999499320984,0.29899999499320984,0.29899999499320984,191.0
2024-03-01 09:37:00,AKBA,1.6100000143051147,1.6100000143051147,1.6100000143051147,1.6086000204086304,1.6086000204086304,1376.0
2024-03-01 09:37:00,AKLI,0.35010001063346863,0.35010001063346863,0.35010001063346863,0.3499999940395355,0.3499999940395355,1404.0
2024-03-01 09:37:00,AKRO,29.06999969482422,29.06999969482422,29.06999969482422,28.924999237060547,28.924999237060547,559.0
2024-03-01 09:37:00,ALDX,3.8301000595092773,3.8301000595092773,3.8399999141693115,3.8299999237060547,3.8299999237060547,1437.0
2024-03-01 09:37:00,ALEC,7.269999980926514,7.269999980926514,7.269999980926514,7.269999980926514,7.269999980926514,503.0
2024-03-01 09:37:00,ALGN,299.739990234375,299.739990234375,299.739990234375,299.739990234375,299.739990234375,1411.0
2024-03-01 09:37:00,ALHC,5.900000095367432,5.900000095367432,5.920000076293945,5.860000133514404,5.884900093078613,5385.0
2024-03-01 09:37:00,ALIM,3.5999999046325684,3.5999999046325684,3.5999999046325684,3.5999999046325684,3.5999999046325684,0.0
2024-03-01 09:37:00,ALKS,29.867399215698242,29.867399215698242,29.867399215698242,29.867399215698242,29.867399215698242,200.0
2024-03-01 09:37:00,ALLK,1.5399999618530273,1.5399999618530273,1.5499999523162842,1.5399999618530273,1.5499999523162842,4076.0
2024-03-01 09:37:00,ALLO,5.020500183105469,5.020500183105469,5.03000020980835,5.019999980926514,5.020500183105469,1954.0
2024-03-01 09:37:00,ALNY,150.44000244140625,150.44000244140625,150.44000244140625,150.44000244140625,150.44000244140625,210.0
2024-03-01 09:37:00,ALPN,35.540000915527344,35.540000915527344,35.540000915527344,35.439998626708984,35.439998626708984,780.0
2024-03-01 09:37:00,ALT,12.402999877929688,12.402999877929688,12.539899826049805,12.402999877929688,12.539899826049805,11294.0
2024-03-01 09:37:00,ALVO,15.40999984741211,15.40999984741211,15.699999809265137,15.40999984741211,15.5600004196167,6321.0
2024-03-01 09:37:00,AMED,93.05000305175781,93.05000305175781,93.11000061035156,93.04000091552734,93.04000091552734,301.0
2024-03-01 09:37:00,AMGN,277.6099853515625,277.6099853515625,277.7300109863281,276.82000732421875,276.82000732421875,20787.0
2024-03-01 09:37:00,AMLX,19.1299991607666,19.1299991607666,19.1299991607666,19.09000015258789,19.09000015258789,217.0
2024-03-01 09:37:00,AMPH,46.58000183105469,46.58000183105469,46.58359909057617,46.58000183105469,46.58000183105469,668.0
2024-03-01 09:37:00,AMRN,1.0198999643325806,1.0198999643325806,1.0199999809265137,1.0149999856948853,1.0199999809265137,14605.0
2024-03-01 09:37:00,ANGO,5.378399848937988,5.378399848937988,5.380000114440918,5.378399848937988,5.380000114440918,1115.0
2024-03-01 09:37:00,ANIK,24.260000228881836,24.260000228881836,24.260000228881836,24.260000228881836,24.260000228881836,111.0
2024-03-01 09:37:00,ANIP,68.0,68.0,68.0,68.0,68.0,241.0
2024-03-01 09:37:00,ANNX,6.005000114440918,6.005000114440918,6.099999904632568,5.989999771118164,6.099999904632568,4107.0
2024-03-01 09:37:00,APLS,62.22999954223633,62.22999954223633,62.22999954223633,62.22999954223633,62.22999954223633,249.0
2024-03-01 09:37:00,APLT,7.480000019073486,7.480000019073486,7.525000095367432,7.440100193023682,7.525000095367432,29558.0
2024-03-01 09:37:00,APVO,0.17000000178813934,0.17000000178813934,0.17000000178813934,0.17000000178813934,0.17000000178813934,5253.0
2024-03-01 09:37:00,AQST,3.809999942779541,3.809999942779541,3.809999942779541,3.7899999618530273,3.7980000972747803,13771.0
2024-03-01 09:37:00,ARDX,9.50059986114502,9.50059986114502,9.555000305175781,9.50059986114502,9.539999961853027,43453.0
2024-03-01 09:37:00,ARGX,381.17999267578125,381.17999267578125,381.17999267578125,381.17999267578125,381.17999267578125,350.0
2024-03-01 09:37:00,ARQT,10.379899978637695,10.379899978637695,10.40999984741211,10.379899978637695,10.395000457763672,7525.0
2024-03-01 09:37:00,ARVN,47.560001373291016,47.560001373291016,47.689998626708984,47.310001373291016,47.47999954223633,5894.0
2024-03-01 09:37:00,ARWR,33.0,33.0,33.0,33.0,33.0,307.0
2024-03-01 09:37:00,ASLN,0.8600000143051147,0.8600000143051147,0.8600999712944031,0.8600000143051147,0.8600999712944031,0.0
2024-03-01 09:37:00,ASND,148.22000122070312,148.22000122070312,148.22000122070312,148.22000122070312,148.22000122070312,789.0
2024-03-01 09:37:00,ASRT,0.8834999799728394,0.8834999799728394,0.8834999799728394,0.8769999742507935,0.8769999742507935,300.0
2024-03-01 09:37:00,ATAI,1.9700000286102295,1.9700000286102295,1.9700000286102295,1.9600000381469727,1.9600000381469727,1700.0
2024-03-01 09:37:00,ATEC,13.199999809265137,13.199999809265137,13.239999771118164,13.199999809265137,13.239999771118164,3845.0
2024-03-01 09:37:00,ATHA,3.9000000953674316,3.9000000953674316,3.9200000762939453,3.9000000953674316,3.9049999713897705,677.0
2024-03-01 09:37:00,ATRA,0.7894999980926514,0.7894999980926514,0.7894999980926514,0.7894999980926514,0.7894999980926514,2000.0
2024-03-01 09:37:00,ATRC,34.849998474121094,34.849998474121094,34.849998474121094,34.779998779296875,34.779998779296875,723.0
2024-03-01 09:37:00,ATXS,14.354999542236328,14.354999542236328,14.354999542236328,14.354999542236328,14.354999542236328,300.0
2024-03-01 09:37:00,AUGX,4.369999885559082,4.369999885559082,4.369999885559082,4.369999885559082,4.369999885559082,0.0
2024-03-01 09:37:00,AUPH,5.670000076293945,5.670000076293945,5.670000076293945,5.670000076293945,5.670000076293945,319.0
2024-03-01 09:37:00,AUTL,6.170000076293945,6.170000076293945,6.170000076293945,6.170000076293945,6.170000076293945,414.0
2024-03-01 09:37:00,AVDL,12.869999885559082,12.869999885559082,12.925000190734863,12.869999885559082,12.925000190734863,0.0
2024-03-01 09:37:00,AVIR,4.369999885559082,4.369999885559082,4.369999885559082,4.369999885559082,4.369999885559082,317.0
2024-03-01 09:37:00,AVXL,5.172999858856201,5.172999858856201,5.175000190734863,5.170000076293945,5.170000076293945,1129.0
2024-03-01 09:37:00,AXGN,10.399999618530273,10.399999618530273,10.399999618530273,10.399999618530273,10.399999618530273,394.0
2024-03-01 09:37:00,AXNX,67.75,67.75,67.79000091552734,67.75,67.75,2001.0
2024-03-01 09:37:00,AZN,64.38999938964844,64.38999938964844,64.38999938964844,64.36000061035156,64.38999938964844,4322.0
2024-03-01 09:37:00,AZTA,65.4000015258789,65.4000015258789,65.4000015258789,65.19000244140625,65.19000244140625,541.0
2024-03-01 09:37:00,BBIO,34.69499969482422,34.69499969482422,34.755001068115234,34.69499969482422,34.744998931884766,623.0
2024-03-01 09:37:00,BBLG,2.896399974822998,2.896399974822998,2.896399974822998,2.680000066757202,2.680000066757202,2581.0
2024-03-01 09:37:00,BCDA,0.5595999956130981,0.5595999956130981,0.5609999895095825,0.5595999956130981,0.5609999895095825,100.0
2024-03-01 09:37:00,BCEL,0.26980000734329224,0.26980000734329224,0.26980000734329224,0.26980000734329224,0.26980000734329224,100.0
2024-03-01 09:37:00,BCRX,5.775000095367432,5.775000095367432,5.78000020980835,5.775000095367432,5.775000095367432,1377.0
2024-03-01 09:37:00,BDSX,1.7300000190734863,1.7300000190734863,1.7599999904632568,1.7000000476837158,1.7100000381469727,11990.0
2024-03-01 09:37:00,BDTX,5.229700088500977,5.229700088500977,5.229700088500977,5.215700149536133,5.215700149536133,0.0
2024-03-01 09:37:00,BEAM,40.314998626708984,40.314998626708984,40.399898529052734,40.310001373291016,40.310001373291016,1697.0
2024-03-01 09:37:00,BEAT,1.4500000476837158,1.4500000476837158,1.4500000476837158,1.4500000476837158,1.4500000476837158,459.0
2024-03-01 09:37:00,BGNE,164.10000610351562,164.10000610351562,164.10000610351562,164.10000610351562,164.10000610351562,289.0
2024-03-01 09:37:00,BGXX,0.2669000029563904,0.2669000029563904,0.2678000032901764,0.2644999921321869,0.2669000029563904,2020.0
2024-03-01 09:37:00,BIIB,217.30999755859375,217.30999755859375,217.32000732421875,216.76499938964844,216.76499938964844,3240.0
2024-03-01 09:37:00,BIOL,0.14000000059604645,0.14000000059604645,0.14000000059604645,0.14000000059604645,0.14000000059604645,56.0
2024-03-01 09:37:00,BIVI,2.8124001026153564,2.8124001026153564,2.930000066757202,2.75,2.76990008354187,427223.0
2024-03-01 09:37:00,BLRX,1.3811999559402466,1.3811999559402466,1.399999976158142,1.3799999952316284,1.3799999952316284,3657.0
2024-03-01 09:37:00,BLUE,1.5199999809265137,1.5199999809265137,1.5299999713897705,1.5099999904632568,1.5190999507904053,126309.0
2024-03-01 09:37:00,BMEA,17.520000457763672,17.520000457763672,17.520000457763672,17.42620086669922,17.485000610351562,1324.0
2024-03-01 09:37:00,BPMC,95.80000305175781,95.80000305175781,95.80000305175781,95.79000091552734,95.79000091552734,352.0
2024-03-01 09:37:00,BTAI,3.200000047683716,3.200000047683716,3.200000047683716,3.200000047683716,3.200000047683716,691.0
2024-03-01 09:37:00,BTTX,0.16110000014305115,0.16110000014305115,0.164000004529953,0.1599999964237213,0.16200000047683716,32172.0
2024-03-01 09:37:00,CABA,23.924999237060547,23.924999237060547,23.924999237060547,23.899999618530273,23.899999618530273,364.0
2024-03-01 09:37:00,CAPR,4.429999828338623,4.429999828338623,4.434999942779541,4.429999828338623,4.434999942779541,494.0
2024-03-01 09:37:00,CBAY,32.20000076293945,32.20000076293945,32.20000076293945,32.189998626708984,32.20000076293945,56501.0
2024-03-01 09:37:00,CCCC,10.949999809265137,10.949999809265137,11.020000457763672,10.949999809265137,11.010000228881836,2705.0
2024-03-01 09:37:00,CCRN,18.020000457763672,18.020000457763672,18.040000915527344,17.950000762939453,18.040000915527344,514.0
2024-03-01 09:37:00,CDMO,7.75,7.75,7.775000095367432,7.75,7.775000095367432,690.0
2024-03-01 09:37:00,CDNA,11.170000076293945,11.170000076293945,11.199999809265137,11.15999984741211,11.15999984741211,5298.0
2024-03-01 09:37:00,CDTX,0.73089998960495,0.73089998960495,0.73089998960495,0.73089998960495,0.73089998960495,2923.0
2024-03-01 09:37:00,CDXS,4.541500091552734,4.541500091552734,4.56879997253418,4.541500091552734,4.56879997253418,2208.0
2024-03-01 09:37:00,CELC,15.630000114440918,15.630000114440918,15.630000114440918,15.630000114440918,15.630000114440918,0.0
2024-03-01 09:37:00,CERE,41.09000015258789,41.09000015258789,41.11000061035156,41.06999969482422,41.06999969482422,2914.0
2024-03-01 09:37:00,CERS,2.1549999713897705,2.1549999713897705,2.1549999713897705,2.1549999713897705,2.1549999713897705,1.0
2024-03-01 09:37:00,CERT,16.780000686645508,16.780000686645508,16.899999618530273,16.780000686645508,16.899999618530273,202.0
2024-03-01 09:37:00,CGC,3.2690999507904053,3.2690999507904053,3.269700050354004,3.265000104904175,3.265000104904175,1014.0
2024-03-01 09:37:00,CGEN,2.625,2.625,2.625,2.625,2.625,201.0
2024-03-01 09:37:00,CHRS,2.319999933242798,2.319999933242798,2.3297998905181885,2.319999933242798,2.3297998905181885,13679.0
2024-03-01 09:37:00,CING,1.3300000429153442,1.3300000429153442,1.3300000429153442,1.320099949836731,1.320099949836731,1700.0
2024-03-01 09:37:00,CJJD,3.1519999504089355,3.1519999504089355,3.180000066757202,3.059999942779541,3.059999942779541,1947.0
2024-03-01 09:37:00,CKPT,2.1619999408721924,2.1619999408721924,2.180000066757202,2.1600000858306885,2.180000066757202,2675.0
2024-03-01 09:37:00,CLDX,50.09000015258789,50.09000015258789,50.09000015258789,49.130001068115234,49.150001525878906,15978.0
2024-03-01 09:37:00,CLOV,0.8582000136375427,0.8582000136375427,0.8582000136375427,0.8561000227928162,0.8582000136375427,1536.0
2024-03-01 09:37:00,CLRB,3.9600000381469727,3.9600000381469727,3.970099925994873,3.9600000381469727,3.9700000286102295,1915.0
2024-03-01 09:37:00,CMMB,0.6510999798774719,0.6510999798774719,0.6510999798774719,0.6510999798774719,0.6510999798774719,316.0
2024-03-01 09:37:00,CNTB,1.1950000524520874,1.1950000524520874,1.1950000524520874,1.1950000524520874,1.1950000524520874,50.0
2024-03-01 09:37:00,COGT,7.199999809265137,7.199999809265137,7.25,7.199999809265137,7.230000019073486,4211.0
2024-03-01 09:37:00,COLL,36.94499969482422,36.94499969482422,36.94499969482422,36.94499969482422,36.94499969482422,108.0
2024-03-01 09:37:00,CORT,23.360000610351562,23.360000610351562,23.360000610351562,23.360000610351562,23.360000610351562,200.0
2024-03-01 09:37:00,CPRX,16.530000686645508,16.530000686645508,16.530000686645508,16.3700008392334,16.399999618530273,5842.0
2024-03-01 09:37:00,CPSI,9.744999885559082,9.744999885559082,9.800000190734863,9.719799995422363,9.779999732971191,1327.0
2024-03-01 09:37:00,CRBU,8.220000267028809,8.220000267028809,8.220000267028809,8.15999984741211,8.170000076293945,2629.0
2024-03-01 09:37:00,CRDF,2.2293999195098877,2.2293999195098877,2.2300000190734863,2.1700000762939453,2.180000066757202,107832.0
2024-03-01 09:37:00,CRDL,2.140000104904175,2.140000104904175,2.1689999103546143,2.140000104904175,2.1549999713897705,1473.0
2024-03-01 09:37:00,CRIS,10.0,10.0,10.0600004196167,10.0,10.0600004196167,1425.0
2024-03-01 09:37:00,CRMD,3.5950000286102295,3.5950000286102295,3.5950000286102295,3.5950000286102295,3.5950000286102295,101.0
2024-03-01 09:37:00,CRON,2.065000057220459,2.065000057220459,2.065000057220459,2.059999942779541,2.065000057220459,511.0
2024-03-01 09:37:00,CRSP,84.41999816894531,84.41999816894531,84.58000183105469,84.16500091552734,84.58000183105469,4476.0
2024-03-01 09:37:00,CRVS,2.240000009536743,2.240000009536743,2.240000009536743,2.240000009536743,2.240000009536743,772.0
2024-03-01 09:37:00,CSTL,19.46500015258789,19.46500015258789,19.584999084472656,19.389999389648438,19.389999389648438,2247.0
2024-03-01 09:37:00,CTKB,7.684999942779541,7.684999942779541,7.690000057220459,7.684999942779541,7.690000057220459,253.0
2024-03-01 09:37:00,CTMX,2.3901000022888184,2.3901000022888184,2.4509999752044678,2.3901000022888184,2.4509999752044678,17303.0
2024-03-01 09:37:00,CTXR,0.7835000157356262,0.7835000157356262,0.7835000157356262,0.7835000157356262,0.7835000157356262,100.0
2024-03-01 09:37:00,CUTR,2.1500000953674316,2.1500000953674316,2.1800999641418457,2.1500000953674316,2.180000066757202,2118.0
2024-03-01 09:37:00,CYTK,73.80000305175781,73.80000305175781,73.80000305175781,73.55999755859375,73.55999755859375,5756.0
2024-03-01 09:37:00,DAWN,17.135000228881836,17.135000228881836,17.15999984741211,16.96500015258789,16.96500015258789,15075.0
2024-03-01 09:37:00,DCGO,4.029699802398682,4.029699802398682,4.03000020980835,4.029699802398682,4.03000020980835,705.0
2024-03-01 09:37:00,DCPH,17.059999465942383,17.059999465942383,17.059999465942383,17.045000076293945,17.045000076293945,367.0
2024-03-01 09:37:00,DH,9.28499984741211,9.28499984741211,9.28499984741211,9.199999809265137,9.199999809265137,215.0
2024-03-01 09:37:00,DMAC,2.950000047683716,2.950000047683716,2.950000047683716,2.950000047683716,2.950000047683716,820.0
2024-03-01 09:37:00,DMTK,0.949999988079071,0.949999988079071,0.9998999834060669,0.9103999733924866,0.9103999733924866,3435.0
2024-03-01 09:37:00,DNLI,20.549999237060547,20.549999237060547,20.549999237060547,20.510000228881836,20.510000228881836,520.0
2024-03-01 09:37:00,DSGN,2.809999942779541,2.809999942779541,2.809999942779541,2.7899999618530273,2.799999952316284,500.0
2024-03-01 09:37:00,DTIL,13.359999656677246,13.359999656677246,13.485400199890137,13.359999656677246,13.359999656677246,2224.0
2024-03-01 09:37:00,DVAX,12.744999885559082,12.744999885559082,12.744999885559082,12.744999885559082,12.744999885559082,76.0
2024-03-01 09:37:00,DXCM,113.875,113.875,114.16000366210938,113.8550033569336,114.1050033569336,33076.0
2024-03-01 09:37:00,DYN,28.56999969482422,28.56999969482422,28.56999969482422,28.399999618530273,28.399999618530273,1621.0
2024-03-01 09:37:00,EDIT,10.420000076293945,10.420000076293945,10.420000076293945,10.390000343322754,10.402899742126465,1885.0
2024-03-01 09:37:00,EFTR,14.229999542236328,14.229999542236328,14.3100004196167,14.229999542236328,14.3100004196167,727.0
2024-03-01 09:37:00,EGRX,6.114999771118164,6.114999771118164,6.114999771118164,6.110000133514404,6.110000133514404,1159.0
2024-03-01 09:37:00,ELEV,4.5721001625061035,4.5721001625061035,4.599899768829346,4.539999961853027,4.539999961853027,7414.0
2024-03-01 09:37:00,ELOX,0.8700000047683716,0.8700000047683716,0.8700000047683716,0.8700000047683716,0.8700000047683716,0.0
2024-03-01 09:37:00,ENTA,14.46500015258789,14.46500015258789,14.46500015258789,14.46500015258789,14.46500015258789,14.0
2024-03-01 09:37:00,ENVB,1.75,1.75,1.7799999713897705,1.7100000381469727,1.7408000230789185,93155.0
2024-03-01 09:37:00,EOLS,14.920000076293945,14.920000076293945,14.920000076293945,14.90999984741211,14.90999984741211,407.0
2024-03-01 09:37:00,EPIX,9.574999809265137,9.574999809265137,9.574999809265137,9.547499656677246,9.547499656677246,3018.0
2024-03-01 09:37:00,EQ,2.5799999237060547,2.5799999237060547,2.5799999237060547,2.579699993133545,2.5797998905181885,5854.0
2024-03-01 09:37:00,ERAS,2.384999990463257,2.384999990463257,2.384999990463257,2.384999990463257,2.384999990463257,100.0
2024-03-01 09:37:00,ESPR,2.509999990463257,2.509999990463257,2.509999990463257,2.509999990463257,2.509999990463257,504.0
2024-03-01 09:37:00,ESTA,45.52989959716797,45.52989959716797,45.52989959716797,45.25,45.25,1232.0
2024-03-01 09:37:00,ETNB,12.30090045928955,12.30090045928955,12.30090045928955,12.270000457763672,12.270000457763672,699.0
2024-03-01 09:37:00,EWTX,16.270000457763672,16.270000457763672,16.270000457763672,16.270000457763672,16.270000457763672,173.0
2024-03-01 09:37:00,EXAI,6.75,6.75,6.760000228881836,6.75,6.760000228881836,602.0
2024-03-01 09:37:00,EXAS,57.7599983215332,57.7599983215332,57.7599983215332,57.584999084472656,57.63999938964844,3457.0
2024-03-01 09:37:00,EXEL,22.170000076293945,22.170000076293945,22.18000030517578,22.170000076293945,22.170000076293945,1673.0
2024-03-01 09:37:00,EYEN,2.2184998989105225,2.2184998989105225,2.2184998989105225,2.194999933242798,2.20989990234375,2183.0
2024-03-01 09:37:00,EYPT,27.808000564575195,27.808000564575195,27.808000564575195,27.808000564575195,27.808000564575195,260.0
2024-03-01 09:37:00,FATE,7.46999979019165,7.46999979019165,7.519999980926514,7.46999979019165,7.519999980926514,2169.0
2024-03-01 09:37:00,FBIO,2.130000114440918,2.130000114440918,2.130000114440918,2.0999999046325684,2.0999999046325684,7598.0
2024-03-01 09:37:00,FDMT,28.429800033569336,28.429800033569336,28.429800033569336,28.429800033569336,28.429800033569336,685.0
2024-03-01 09:37:00,FEMY,1.7400000095367432,1.7400000095367432,1.7484999895095825,1.7400000095367432,1.7484999895095825,1645.0
2024-03-01 09:37:00,FGEN,1.7599999904632568,1.7599999904632568,1.7599999904632568,1.7594000101089478,1.7594000101089478,1916.0
2024-03-01 09:37:00,FLGT,22.770000457763672,22.770000457763672,22.770000457763672,22.770000457763672,22.770000457763672,169.0
2024-03-01 09:37:00,FOLD,13.210000038146973,13.210000038146973,13.220000267028809,13.170000076293945,13.220000267028809,1494.0
2024-03-01 09:37:00,FULC,10.430000305175781,10.430000305175781,10.4399995803833,10.430000305175781,10.4399995803833,300.0
2024-03-01 09:37:00,FUSN,12.243499755859375,12.243499755859375,12.243499755859375,12.199999809265137,12.199999809265137,1054.0
2024-03-01 09:37:00,GBIO,2.5,2.5,2.5,2.5,2.5,100.0
2024-03-01 09:37:00,GDRX,8.15999984741211,8.15999984741211,8.244999885559082,8.100000381469727,8.238800048828125,23927.0
2024-03-01 09:37:00,GEG,1.9973000288009644,1.9973000288009644,1.9973000288009644,1.9973000288009644,1.9973000288009644,840.0
2024-03-01 09:37:00,GENE,2.2506000995635986,2.2506000995635986,2.2506000995635986,2.2506000995635986,2.2506000995635986,703.0
2024-03-01 09:37:00,GERN,2.055000066757202,2.055000066757202,2.055000066757202,2.0450000762939453,2.0450000762939453,4311.0
2024-03-01 09:37:00,GH,18.99370002746582,18.99370002746582,18.99370002746582,18.96619987487793,18.989999771118164,827.0
2024-03-01 09:37:00,GILD,72.56999969482422,72.56999969482422,72.56999969482422,72.41999816894531,72.44000244140625,15956.0
2024-03-01 09:37:00,GLMD,0.41999998688697815,0.41999998688697815,0.41999998688697815,0.4000000059604645,0.4009999930858612,14324.0
2024-03-01 09:37:00,GLPG,34.92499923706055,34.92499923706055,34.92499923706055,34.92499923706055,34.92499923706055,392.0
2024-03-01 09:37:00,GLYC,2.896699905395508,2.896699905395508,2.896699905395508,2.896699905395508,2.896699905395508,579.0
2024-03-01 09:37:00,GMAB,28.68000030517578,28.68000030517578,28.68000030517578,28.639999389648438,28.639999389648438,889.0
2024-03-01 09:37:00,GMDA,0.3686000108718872,0.3686000108718872,0.3686000108718872,0.3686000108718872,0.3686000108718872,157.0
2024-03-01 09:37:00,GNTA,4.210000038146973,4.210000038146973,4.21999979019165,4.210000038146973,4.21999979019165,0.0
2024-03-01 09:37:00,GOSS,1.3711999654769897,1.3711999654769897,1.4199999570846558,1.3711999654769897,1.3899999856948853,16675.0
2024-03-01 09:37:00,GRFS,6.789999961853027,6.789999961853027,6.824999809265137,6.775000095367432,6.824999809265137,11351.0
2024-03-01 09:37:00,GRPH,3.5,3.5,3.5,3.4772000312805176,3.4772000312805176,3443.0
2024-03-01 09:37:00,GRTS,1.8899999856948853,1.8899999856948853,1.899899959564209,1.8849999904632568,1.8949999809265137,19652.0
2024-03-01 09:37:00,GRTX,0.23810000717639923,0.23810000717639923,0.23899999260902405,0.23800000548362732,0.23899999260902405,4945.0
2024-03-01 09:37:00,GTHX,3.3910000324249268,3.3910000324249268,3.3910000324249268,3.380000114440918,3.380000114440918,2576.0
2024-03-01 09:37:00,HALO,40.79719924926758,40.79719924926758,40.88999938964844,40.79719924926758,40.88999938964844,4671.0
2024-03-01 09:37:00,HARP,22.94499969482422,22.94499969482422,22.94499969482422,22.94499969482422,22.94499969482422,0.0
2024-03-01 09:37:00,HBIO,4.292500019073486,4.292500019073486,4.292500019073486,4.292500019073486,4.292500019073486,2000.0
2024-03-01 09:37:00,HCAT,8.1899995803833,8.1899995803833,8.1899995803833,8.1899995803833,8.1899995803833,225.0
2024-03-01 09:37:00,HCSG,12.640000343322754,12.640000343322754,12.640000343322754,12.640000343322754,12.640000343322754,101.0
2024-03-01 09:37:00,HCTI,2.609999895095825,2.609999895095825,2.940000057220459,2.5,2.8499999046325684,195466.0
2024-03-01 09:37:00,HLTH,0.2700999975204468,0.2700999975204468,0.2750000059604645,0.2700999975204468,0.2750000059604645,0.0
2024-03-01 09:37:00,HOLX,73.2300033569336,73.2300033569336,73.27999877929688,73.22000122070312,73.23999786376953,1037.0
2024-03-01 09:37:00,HQY,82.45249938964844,82.45249938964844,82.4800033569336,82.41500091552734,82.4800033569336,569.0
2024-03-01 09:37:00,HRMY,31.25,31.25,31.299999237060547,31.209999084472656,31.209999084472656,658.0
2024-03-01 09:37:00,HRTX,2.640000104904175,2.640000104904175,2.640000104904175,2.640000104904175,2.640000104904175,322.0
2024-03-01 09:37:00,HSCS,0.11800000071525574,0.11800000071525574,0.11940000206232071,0.11800000071525574,0.11940000206232071,3149.0
2024-03-01 09:37:00,HSIC,76.33499908447266,76.33499908447266,76.4000015258789,76.33499908447266,76.4000015258789,438.0
2024-03-01 09:37:00,HSTM,27.43000030517578,27.43000030517578,27.43000030517578,27.40999984741211,27.40999984741211,767.0
2024-03-01 09:37:00,HUMA,3.065000057220459,3.065000057220459,3.069999933242798,3.0399999618530273,3.0450000762939453,25066.0
2024-03-01 09:37:00,IART,36.7400016784668,36.7400016784668,36.75,36.709999084472656,36.709999084472656,497.0
2024-03-01 09:37:00,IBRX,4.7399001121521,4.7399001121521,4.787700176239014,4.710000038146973,4.787700176239014,6254.0
2024-03-01 09:37:00,ICCM,1.3008999824523926,1.3008999824523926,1.3008999824523926,1.3008999824523926,1.3008999824523926,3158.0
2024-03-01 09:37:00,ICUI,106.33000183105469,106.33000183105469,106.69000244140625,106.33000183105469,106.69000244140625,565.0
2024-03-01 09:37:00,IDXX,563.239990234375,563.239990234375,564.8800048828125,563.239990234375,563.905029296875,2237.0
2024-03-01 09:37:00,IDYA,46.060001373291016,46.060001373291016,46.060001373291016,45.91999816894531,45.91999816894531,1362.0
2024-03-01 09:37:00,IFRX,1.7660000324249268,1.7660000324249268,1.8251999616622925,1.7660000324249268,1.8251999616622925,9148.0
2024-03-01 09:37:00,IINN,1.6592999696731567,1.6592999696731567,1.6592999696731567,1.6510000228881836,1.6549999713897705,1580.0
2024-03-01 09:37:00,ILMN,137.1300048828125,137.1300048828125,137.32000732421875,136.44000244140625,137.32000732421875,2960.0
2024-03-01 09:37:00,IMAB,1.8250000476837158,1.8250000476837158,1.8250000476837158,1.8250000476837158,1.8250000476837158,0.0
2024-03-01 09:37:00,IMMX,3.444999933242798,3.444999933242798,3.444999933242798,3.4149999618530273,3.4149999618530273,3099.0
2024-03-01 09:37:00,IMNN,1.159999966621399,1.159999966621399,1.159999966621399,1.159999966621399,1.159999966621399,690.0
2024-03-01 09:37:00,IMTX,12.8100004196167,12.8100004196167,12.859999656677246,12.8100004196167,12.84000015258789,6634.0
2024-03-01 09:37:00,IMVT,36.40999984741211,36.40999984741211,36.5,36.369998931884766,36.369998931884766,604.0
2024-03-01 09:37:00,INBX,36.67509841918945,36.67509841918945,36.67509841918945,36.67509841918945,36.67509841918945,148.0
2024-03-01 09:37:00,INCR,1.9700000286102295,1.9700000286102295,1.975000023841858,1.9700000286102295,1.975000023841858,695.0
2024-03-01 09:37:00,INCY,58.56999969482422,58.56999969482422,58.744998931884766,58.56999969482422,58.744998931884766,993.0
2024-03-01 09:37:00,INGN,6.712200164794922,6.712200164794922,6.730000019073486,6.679999828338623,6.679999828338623,7506.0
2024-03-01 09:37:00,INM,0.40139999985694885,0.40139999985694885,0.40139999985694885,0.40139999985694885,0.40139999985694885,168.0
2024-03-01 09:37:00,INMD,22.040000915527344,22.040000915527344,22.040000915527344,22.040000915527344,22.040000915527344,296.0
2024-03-01 09:37:00,INO,8.972999572753906,8.972999572753906,8.972999572753906,8.972999572753906,8.972999572753906,205.0
2024-03-01 09:37:00,INSM,28.299999237060547,28.299999237060547,28.299999237060547,28.260000228881836,28.299999237060547,410.0
2024-03-01 09:37:00,INVA,15.75,15.75,15.795000076293945,15.739999771118164,15.739999771118164,3959.0
2024-03-01 09:37:00,INZY,6.489999771118164,6.489999771118164,6.489999771118164,6.480000019073486,6.480000019073486,401.0
2024-03-01 09:37:00,IONS,45.36000061035156,45.36000061035156,45.36000061035156,45.36000061035156,45.36000061035156,103.0
2024-03-01 09:37:00,IOVA,16.69499969482422,16.69499969482422,16.725000381469727,16.559999465942383,16.559999465942383,56387.0
2024-03-01 09:37:00,IRTC,117.13999938964844,117.13999938964844,118.29000091552734,117.13999938964844,118.0999984741211,2763.0
2024-03-01 09:37:00,IRWD,8.919899940490723,8.919899940490723,8.9350004196167,8.800000190734863,8.800000190734863,26327.0
2024-03-01 09:37:00,ISRG,383.239990234375,383.239990234375,383.8299865722656,383.17999267578125,383.17999267578125,2103.0
2024-03-01 09:37:00,ITCI,70.61000061035156,70.61000061035156,70.61000061035156,70.61000061035156,70.61000061035156,235.0
2024-03-01 09:37:00,ITOS,10.869999885559082,10.869999885559082,10.869999885559082,10.824999809265137,10.850000381469727,682.0
2024-03-01 09:37:00,JAGX,0.06080000102519989,0.06080000102519989,0.0608999989926815,0.05999999865889549,0.0608999989926815,59251.0
2024-03-01 09:37:00,JANX,45.36000061035156,45.36000061035156,45.439998626708984,44.40999984741211,45.38999938964844,13830.0
2024-03-01 09:37:00,JAZZ,120.20999908447266,120.20999908447266,120.31999969482422,120.0,120.12999725341797,3034.0
2024-03-01 09:37:00,JYNT,9.899999618530273,9.899999618530273,9.899999618530273,9.899999618530273,9.899999618530273,200.0
2024-03-01 09:37:00,KIDS,27.110000610351562,27.110000610351562,27.1299991607666,27.059999465942383,27.110000610351562,1278.0
2024-03-01 09:37:00,KNSA,21.450000762939453,21.450000762939453,21.450000762939453,21.450000762939453,21.450000762939453,116.0
2024-03-01 09:37:00,KOD,6.21999979019165,6.21999979019165,6.21999979019165,6.21999979019165,6.21999979019165,127.0
2024-03-01 09:37:00,KPTI,1.159999966621399,1.159999966621399,1.1649999618530273,1.159999966621399,1.1649999618530273,1326.0
2024-03-01 09:37:00,KRON,1.0499999523162842,1.0499999523162842,1.0499999523162842,1.0449999570846558,1.0449999570846558,2150.0
2024-03-01 09:37:00,KRYS,163.7899932861328,163.7899932861328,163.7899932861328,162.38999938964844,162.38999938964844,376.0
2024-03-01 09:37:00,KTRA,0.10270000249147415,0.10270000249147415,0.10270000249147415,0.10220000147819519,0.10270000249147415,5320.0
2024-03-01 09:37:00,KURA,21.46500015258789,21.46500015258789,21.46500015258789,21.454999923706055,21.454999923706055,149.0
2024-03-01 09:37:00,KZIA,0.25,0.25,0.2529999911785126,0.25,0.2529999911785126,100000.0
2024-03-01 09:37:00,LAB,2.3399999141693115,2.3399999141693115,2.3450000286102295,2.325000047683716,2.3299999237060547,1993.0
2024-03-01 09:37:00,LEGN,66.02999877929688,66.02999877929688,66.16500091552734,65.91619873046875,65.91619873046875,922.0
2024-03-01 09:37:00,LEXX,2.625999927520752,2.625999927520752,2.6900999546051025,2.5999999046325684,2.6900999546051025,2887.0
2024-03-01 09:37:00,LFST,7.949999809265137,7.949999809265137,7.989999771118164,7.949999809265137,7.989999771118164,9611.0
2024-03-01 09:37:00,LIVN,54.5,54.5,54.52000045776367,54.5,54.52000045776367,2771.0
2024-03-01 09:37:00,LNTH,65.90499877929688,65.90499877929688,65.90499877929688,65.90499877929688,65.90499877929688,0.0
2024-03-01 09:37:00,LTRN,4.898499965667725,4.898499965667725,4.898499965667725,4.829999923706055,4.829999923706055,1291.0
2024-03-01 09:37:00,LUNG,9.180000305175781,9.180000305175781,9.180000305175781,9.180000305175781,9.180000305175781,52.0
2024-03-01 09:37:00,LVTX,2.9149999618530273,2.9149999618530273,2.930000066757202,2.9096999168395996,2.930000066757202,4787.0
2024-03-01 09:37:00,LXRX,2.4700000286102295,2.4700000286102295,2.4800000190734863,2.4700000286102295,2.4800000190734863,5528.0
2024-03-01 09:37:00,MASS,7.144999980926514,7.144999980926514,7.210000038146973,7.099999904632568,7.210000038146973,941.0
2024-03-01 09:37:00,MCRB,1.160099983215332,1.160099983215332,1.1698999404907227,1.1549999713897705,1.1549999713897705,17054.0
2024-03-01 09:37:00,MDGL,239.7169952392578,239.7169952392578,243.17999267578125,239.7169952392578,241.4199981689453,1624.0
2024-03-01 09:37:00,MDRX,5.550000190734863,5.550000190734863,5.550000190734863,5.5,5.550000190734863,8602.0
2024-03-01 09:37:00,MDXG,8.529999732971191,8.529999732971191,8.569999694824219,8.520000457763672,8.569999694824219,2055.0
2024-03-01 09:37:00,ME,0.5594000220298767,0.5594000220298767,0.5594000220298767,0.553600013256073,0.5555999875068665,18722.0
2024-03-01 09:37:00,MEIP,4.244999885559082,4.244999885559082,4.244999885559082,4.244999885559082,4.244999885559082,47.0
2024-03-01 09:37:00,MGNX,18.399999618530273,18.399999618530273,18.399999618530273,18.399999618530273,18.399999618530273,212.0
2024-03-01 09:37:00,MLTX,51.875,51.875,51.880001068115234,51.6150016784668,51.6150016784668,3266.0
2024-03-01 09:37:00,MNKD,4.284999847412109,4.284999847412109,4.319900035858154,4.284999847412109,4.319900035858154,1881.0
2024-03-01 09:37:00,MNMD,5.652599811553955,5.652599811553955,5.659999847412109,5.650000095367432,5.659999847412109,2775.0
2024-03-01 09:37:00,MNPR,0.7459999918937683,0.7459999918937683,0.7541999816894531,0.7459999918937683,0.7541999816894531,971.0
2024-03-01 09:37:00,MODD,1.9500000476837158,1.9500000476837158,1.9500000476837158,1.9500000476837158,1.9500000476837158,600.0
2024-03-01 09:37:00,MORF,38.11000061035156,38.11000061035156,38.11000061035156,37.94499969482422,37.94499969482422,617.0
2024-03-01 09:37:00,MRNA,93.09989929199219,93.09989929199219,93.2229995727539,92.9000015258789,93.09750366210938,4822.0
2024-03-01 09:37:00,MRNS,9.739999771118164,9.739999771118164,9.739999771118164,9.699999809265137,9.699999809265137,1177.0
2024-03-01 09:37:00,MRSN,5.690000057220459,5.690000057220459,5.775000095367432,5.690000057220459,5.710000038146973,8630.0
2024-03-01 09:37:00,MRUS,49.130001068115234,49.130001068115234,49.130001068115234,49.130001068115234,49.130001068115234,273.0
2024-03-01 09:37:00,MRVI,7.71999979019165,7.71999979019165,7.75,7.715000152587891,7.75,1359.0
2024-03-01 09:37:00,MXCT,4.574999809265137,4.574999809265137,4.599999904632568,4.574999809265137,4.599999904632568,2027.0
2024-03-01 09:37:00,MYMD,3.450000047683716,3.450000047683716,3.450000047683716,3.4000000953674316,3.4000000953674316,418.0
2024-03-01 09:37:00,NARI,44.65999984741211,44.65999984741211,44.78990173339844,44.599998474121094,44.720001220703125,12764.0
2024-03-01 09:37:00,NAUT,2.75,2.75,2.75,2.75,2.75,200.0
2024-03-01 09:37:00,NBIX,131.8699951171875,131.8699951171875,131.9149932861328,131.7899932861328,131.7949981689453,1610.0
2024-03-01 09:37:00,NBSE,0.9200000166893005,0.9200000166893005,0.9200000166893005,0.9200000166893005,0.9200000166893005,9100.0
2024-03-01 09:37:00,NEOG,16.959999084472656,16.959999084472656,17.010000228881836,16.959999084472656,17.010000228881836,2057.0
2024-03-01 09:37:00,NERV,2.6700000762939453,2.6700000762939453,2.7850000858306885,2.6700000762939453,2.700000047683716,21465.0
2024-03-01 09:37:00,NKTR,0.7152000069618225,0.7152000069618225,0.7152000069618225,0.7152000069618225,0.7152000069618225,250.0
2024-03-01 09:37:00,NKTX,12.534700393676758,12.534700393676758,12.669899940490723,12.520000457763672,12.595000267028809,7176.0
2024-03-01 09:37:00,NMTC,1.2000000476837158,1.2000000476837158,1.2000000476837158,1.2000000476837158,1.2000000476837158,100.0
2024-03-01 09:37:00,NNOX,11.24940013885498,11.24940013885498,11.329999923706055,11.24940013885498,11.329999923706055,8007.0
2024-03-01 09:37:00,NOTV,7.414999961853027,7.414999961853027,7.414999961853027,7.414999961853027,7.414999961853027,1005.0
2024-03-01 09:37:00,NRSN,1.7699999809265137,1.7699999809265137,1.7727999687194824,1.7699999809265137,1.7727999687194824,325.0
2024-03-01 09:37:00,NRXP,0.38909998536109924,0.38909998536109924,0.38929998874664307,0.3846000134944916,0.38929998874664307,25300.0
2024-03-01 09:37:00,NTLA,32.81999969482422,32.81999969482422,32.880001068115234,32.77000045776367,32.77000045776367,3265.0
2024-03-01 09:37:00,NTRA,89.12999725341797,89.12999725341797,89.13999938964844,88.80999755859375,89.11499786376953,2135.0
2024-03-01 09:37:00,NUTX,0.11299999803304672,0.11299999803304672,0.11299999803304672,0.11299999803304672,0.11299999803304672,371.0
2024-03-01 09:37:00,NUVL,86.46800231933594,86.46800231933594,86.58000183105469,86.46800231933594,86.58000183105469,1469.0
2024-03-01 09:37:00,NUWE,0.6000000238418579,0.6000000238418579,0.6000000238418579,0.6000000238418579,0.6000000238418579,3544.0
2024-03-01 09:37:00,NVAX,4.989999771118164,4.989999771118164,4.989999771118164,4.949999809265137,4.980000019073486,26714.0
2024-03-01 09:37:00,NVCR,15.3100004196167,15.3100004196167,15.350000381469727,15.3100004196167,15.350000381469727,421.0
2024-03-01 09:37:00,NVCT,10.547200202941895,10.547200202941895,10.547200202941895,10.547200202941895,10.547200202941895,100.0
2024-03-01 09:37:00,OCGN,0.9300000071525574,0.9300000071525574,0.934499979019165,0.9300000071525574,0.934499979019165,14672.0
2024-03-01 09:37:00,OCUL,10.270000457763672,10.270000457763672,10.339900016784668,10.261799812316895,10.339900016784668,8023.0
2024-03-01 09:37:00,OCUP,2.5399999618530273,2.5399999618530273,2.5399999618530273,2.5399999618530273,2.5399999618530273,1479.0
2024-03-01 09:37:00,OGI,2.0796000957489014,2.0796000957489014,2.0796000957489014,2.075000047683716,2.075000047683716,10182.0
2024-03-01 09:37:00,OLMA,12.720000267028809,12.720000267028809,12.820699691772461,12.680000305175781,12.70460033416748,859.0
2024-03-01 09:37:00,OM,3.0785999298095703,3.0785999298095703,3.0785999298095703,3.055999994277954,3.055999994277954,734.0
2024-03-01 09:37:00,OMER,4.579999923706055,4.579999923706055,4.579999923706055,4.565000057220459,4.565000057220459,1268.0
2024-03-01 09:37:00,OMGA,4.158699989318848,4.158699989318848,4.159999847412109,4.150000095367432,4.150000095367432,720.0
2024-03-01 09:37:00,ONCY,1.1200000047683716,1.1200000047683716,1.1200000047683716,1.1200000047683716,1.1200000047683716,600.0
2024-03-01 09:38:00,ABCL,5.049699783325195,5.049699783325195,5.050000190734863,5.03000020980835,5.03000020980835,1825.0
2024-03-01 09:38:00,ABOS,4.449999809265137,4.449999809265137,4.449999809265137,4.414999961853027,4.445400238037109,4597.0
2024-03-01 09:38:00,ABSI,5.05019998550415,5.05019998550415,5.079999923706055,5.0,5.079999923706055,32045.0
2024-03-01 09:38:00,ABVC,1.190000057220459,1.190000057220459,1.190000057220459,1.190000057220459,1.190000057220459,300.0
2024-03-01 09:38:00,ACAD,23.489999771118164,23.489999771118164,23.5,23.489999771118164,23.5,1111.0
2024-03-01 09:38:00,ACB,3.0404999256134033,3.0404999256134033,3.059999942779541,3.0308001041412354,3.049999952316284,6382.0
2024-03-01 09:38:00,ACCD,10.140000343322754,10.140000343322754,10.140000343322754,10.140000343322754,10.140000343322754,515.0
2024-03-01 09:38:00,ACET,2.369999885559082,2.369999885559082,2.370699882507324,2.365000009536743,2.370699882507324,1088.0
2024-03-01 09:38:00,ACHL,1.340000033378601,1.340000033378601,1.340000033378601,1.340000033378601,1.340000033378601,0.0
2024-03-01 09:38:00,ACLX,67.9749984741211,67.9749984741211,68.05500030517578,67.5,68.05500030517578,647.0
2024-03-01 09:38:00,ACON,0.3880000114440918,0.3880000114440918,0.3880000114440918,0.3801000118255615,0.3801000118255615,1535.0
2024-03-01 09:38:00,ACRS,1.2400000095367432,1.2400000095367432,1.2400000095367432,1.2350000143051147,1.2400000095367432,900.0
2024-03-01 09:38:00,ADAP,1.6100000143051147,1.6100000143051147,1.6100000143051147,1.6092000007629395,1.6092000007629395,698.0
2024-03-01 09:38:00,ADIL,3.444999933242798,3.444999933242798,3.5999999046325684,3.4000000953674316,3.430299997329712,1205969.0
2024-03-01 09:38:00,ADMA,5.380000114440918,5.380000114440918,5.380000114440918,5.355000019073486,5.364999771118164,4740.0
2024-03-01 09:38:00,ADPT,4.03000020980835,4.03000020980835,4.03000020980835,4.025000095367432,4.03000020980835,1400.0
2024-03-01 09:38:00,ADVM,1.9900000095367432,1.9900000095367432,1.9900000095367432,1.965399980545044,1.965399980545044,775.0
2024-03-01 09:38:00,AFMD,0.6215999722480774,0.6215999722480774,0.6215999722480774,0.6215000152587891,0.6215000152587891,3215.0
2024-03-01 09:38:00,AGEN,0.6800000071525574,0.6800000071525574,0.6800000071525574,0.6777999997138977,0.6798999905586243,20502.0
2024-03-01 09:38:00,AGIO,32.595001220703125,32.595001220703125,32.595001220703125,32.595001220703125,32.595001220703125,100.0
2024-03-01 09:38:00,AGRX,0.8199999928474426,0.8199999928474426,0.8199999928474426,0.8199999928474426,0.8199999928474426,154.0
2024-03-01 09:38:00,AHCO,10.4399995803833,10.4399995803833,10.479999542236328,10.4399995803833,10.470000267028809,1365.0
2024-03-01 09:38:00,AIRS,6.550000190734863,6.550000190734863,6.550000190734863,6.550000190734863,6.550000190734863,301.0
2024-03-01 09:38:00,AKAN,0.28349998593330383,0.28349998593330383,0.28349998593330383,0.28349998593330383,0.28349998593330383,533.0
2024-03-01 09:38:00,AKBA,1.6100000143051147,1.6100000143051147,1.6299999952316284,1.6100000143051147,1.6200000047683716,9074.0
2024-03-01 09:38:00,AKLI,0.3499999940395355,0.3499999940395355,0.3499999940395355,0.3499999940395355,0.3499999940395355,4281.0
2024-03-01 09:38:00,AKRO,28.849199295043945,28.849199295043945,29.075000762939453,28.849199295043945,29.0,1040.0
2024-03-01 09:38:00,AKYA,5.784999847412109,5.784999847412109,5.784999847412109,5.770400047302246,5.770400047302246,200.0
2024-03-01 09:38:00,ALEC,7.239999771118164,7.239999771118164,7.300000190734863,7.230000019073486,7.269999980926514,861.0
2024-03-01 09:38:00,ALGN,300.3977966308594,300.3977966308594,300.3977966308594,300.3977966308594,300.3977966308594,337.0
2024-03-01 09:38:00,ALHC,5.900000095367432,5.900000095367432,5.900000095367432,5.900000095367432,5.900000095367432,1100.0
2024-03-01 09:38:00,ALKS,29.899999618530273,29.899999618530273,29.899999618530273,29.850000381469727,29.850000381469727,1691.0
2024-03-01 09:38:00,ALLK,1.5399999618530273,1.5399999618530273,1.5399999618530273,1.524999976158142,1.5399999618530273,10518.0
2024-03-01 09:38:00,ALLO,4.96999979019165,4.96999979019165,4.999599933624268,4.969900131225586,4.999599933624268,1800.0
2024-03-01 09:38:00,ALNY,150.4199981689453,150.4199981689453,150.44500732421875,150.4199981689453,150.44500732421875,220.0
2024-03-01 09:38:00,ALT,12.256799697875977,12.256799697875977,12.390000343322754,12.256799697875977,12.36359977722168,24824.0
2024-03-01 09:38:00,ALVO,15.604999542236328,15.604999542236328,15.664999961853027,15.604999542236328,15.664999961853027,69.0
2024-03-01 09:38:00,ALVR,0.7389000058174133,0.7389000058174133,0.7389000058174133,0.7389000058174133,0.7389000058174133,260.0
2024-03-01 09:38:00,AMGN,277.5050048828125,277.5050048828125,278.1300048828125,277.4800109863281,277.54998779296875,18669.0
2024-03-01 09:38:00,AMLX,18.760000228881836,18.760000228881836,19.1200008392334,18.760000228881836,19.104999542236328,12261.0
2024-03-01 09:38:00,AMPH,46.64310073852539,46.64310073852539,46.64310073852539,46.64310073852539,46.64310073852539,363.0
2024-03-01 09:38:00,AMRN,1.0198999643325806,1.0198999643325806,1.024999976158142,1.0099999904632568,1.0099999904632568,114375.0
2024-03-01 09:38:00,ANGO,5.360000133514404,5.360000133514404,5.360000133514404,5.360000133514404,5.360000133514404,205.0
2024-03-01 09:38:00,ANIP,67.98999786376953,67.98999786376953,68.0,67.98999786376953,68.0,412.0
2024-03-01 09:38:00,ANNX,5.980000019073486,5.980000019073486,5.9822001457214355,5.96999979019165,5.9822001457214355,1049.0
2024-03-01 09:38:00,APLS,62.0,62.0,62.380001068115234,62.0,62.22999954223633,5043.0
2024-03-01 09:38:00,APLT,7.440000057220459,7.440000057220459,7.489299774169922,7.440000057220459,7.489299774169922,1213.0
2024-03-01 09:38:00,AQST,3.8499999046325684,3.8499999046325684,3.8499999046325684,3.781399965286255,3.7883999347686768,18758.0
2024-03-01 09:38:00,ARCT,39.63999938964844,39.63999938964844,39.76539993286133,39.63999938964844,39.76539993286133,357.0
2024-03-01 09:38:00,ARDX,9.484999656677246,9.484999656677246,9.510000228881836,9.484999656677246,9.510000228881836,2402.0
2024-03-01 09:38:00,ARGX,380.8999938964844,380.8999938964844,380.8999938964844,380.8999938964844,380.8999938964844,522.0
2024-03-01 09:38:00,ARQT,10.289999961853027,10.289999961853027,10.3725004196167,10.260000228881836,10.369999885559082,6402.0
2024-03-01 09:38:00,ARVN,47.57500076293945,47.57500076293945,47.59000015258789,47.57500076293945,47.59000015258789,266.0
2024-03-01 09:38:00,ARWR,33.125,33.125,33.209999084472656,33.04010009765625,33.125,3478.0
2024-03-01 09:38:00,ASND,148.82000732421875,148.82000732421875,149.3699951171875,148.22500610351562,148.22500610351562,7834.0
2024-03-01 09:38:00,ASRT,0.8899000287055969,0.8899000287055969,0.8899000287055969,0.8899000287055969,0.8899000287055969,798.0
2024-03-01 09:38:00,ATAI,1.9500000476837158,1.9500000476837158,1.965000033378601,1.9500000476837158,1.965000033378601,11811.0
2024-03-01 09:38:00,ATEC,13.17300033569336,13.17300033569336,13.17300033569336,13.17300033569336,13.17300033569336,5910.0
2024-03-01 09:38:00,ATRA,0.7894999980926514,0.7894999980926514,0.7894999980926514,0.7894999980926514,0.7894999980926514,0.0
2024-03-01 09:38:00,ATRC,34.926300048828125,34.926300048828125,34.926300048828125,34.926300048828125,34.926300048828125,487.0
2024-03-01 09:38:00,ATXI,0.15129999816417694,0.15129999816417694,0.15129999816417694,0.15129999816417694,0.15129999816417694,111.0
2024-03-01 09:38:00,ATXS,14.399999618530273,14.399999618530273,14.399999618530273,14.27079963684082,14.27079963684082,656.0
2024-03-01 09:38:00,AUPH,5.644999980926514,5.644999980926514,5.65500020980835,5.639999866485596,5.65500020980835,1971.0
2024-03-01 09:38:00,AUTL,6.139999866485596,6.139999866485596,6.150000095367432,6.139999866485596,6.150000095367432,847.0
2024-03-01 09:38:00,AVDL,12.760000228881836,12.760000228881836,12.829999923706055,12.760000228881836,12.774999618530273,1755.0
2024-03-01 09:38:00,AVIR,4.349999904632568,4.349999904632568,4.349999904632568,4.349999904632568,4.349999904632568,100.0
2024-03-01 09:38:00,AVXL,5.159999847412109,5.159999847412109,5.170000076293945,5.159999847412109,5.170000076293945,491.0
2024-03-01 09:38:00,AXDX,0.9527999758720398,0.9527999758720398,0.9950000047683716,0.9527999758720398,0.9950000047683716,1567.0
2024-03-01 09:38:00,AXGN,10.435999870300293,10.435999870300293,10.444999694824219,10.399999618530273,10.444999694824219,469.0
2024-03-01 09:38:00,AXNX,67.76499938964844,67.76499938964844,67.76499938964844,67.76499938964844,67.76499938964844,240.0
2024-03-01 09:38:00,AXSM,81.44599914550781,81.44599914550781,81.44599914550781,81.44599914550781,81.44599914550781,117.0
2024-03-01 09:38:00,AZN,64.375,64.375,64.37999725341797,64.37000274658203,64.37999725341797,3340.0
2024-03-01 09:38:00,AZTA,65.58499908447266,65.58499908447266,65.58499908447266,65.58499908447266,65.58499908447266,192.0
2024-03-01 09:38:00,BBIO,34.59000015258789,34.59000015258789,34.70000076293945,34.59000015258789,34.70000076293945,1533.0
2024-03-01 09:38:00,BBLG,2.7760000228881836,2.7760000228881836,2.8499999046325684,2.759999990463257,2.799999952316284,1380.0
2024-03-01 09:38:00,BCAB,2.700000047683716,2.700000047683716,2.700000047683716,2.700000047683716,2.700000047683716,230.0
2024-03-01 09:38:00,BCRX,5.730000019073486,5.730000019073486,5.769999980926514,5.71999979019165,5.769999980926514,8317.0
2024-03-01 09:38:00,BEAM,39.79499816894531,39.79499816894531,40.165000915527344,39.72999954223633,40.165000915527344,3373.0
2024-03-01 09:38:00,BGXX,0.26759999990463257,0.26759999990463257,0.2678999900817871,0.26100000739097595,0.26100000739097595,2954.0
2024-03-01 09:38:00,BIIB,216.96499633789062,216.96499633789062,217.15249633789062,216.96499633789062,217.0,1067.0
2024-03-01 09:38:00,BIMI,3.859999895095825,3.859999895095825,3.859999895095825,3.859999895095825,3.859999895095825,0.0
2024-03-01 09:38:00,BIVI,2.7697999477386475,2.7697999477386475,2.819999933242798,2.7300000190734863,2.799999952316284,227288.0
2024-03-01 09:38:00,BLFS,16.850000381469727,16.850000381469727,16.850000381469727,16.389999389648438,16.799999237060547,4531.0
2024-03-01 09:38:00,BLRX,1.3899999856948853,1.3899999856948853,1.399899959564209,1.3798999786376953,1.399899959564209,4203.0
2024-03-01 09:38:00,BLUE,1.4850000143051147,1.4850000143051147,1.519700050354004,1.480299949645996,1.5149999856948853,94611.0
2024-03-01 09:38:00,BMEA,17.3700008392334,17.3700008392334,17.485000610351562,17.270000457763672,17.485000610351562,2744.0
2024-03-01 09:38:00,BNGO,1.2549999952316284,1.2549999952316284,1.2549999952316284,1.2549999952316284,1.2549999952316284,8189.0
2024-03-01 09:38:00,BNR,0.8952999711036682,0.8952999711036682,0.8952999711036682,0.8952999711036682,0.8952999711036682,610.0
2024-03-01 09:38:00,BNTX,90.4801025390625,90.4801025390625,90.56999969482422,90.4801025390625,90.56999969482422,1230.0
2024-03-01 09:38:00,BRTX,1.43149995803833,1.43149995803833,1.43149995803833,1.4300999641418457,1.4300999641418457,1047.0
2024-03-01 09:38:00,BTTX,0.16099999845027924,0.16099999845027924,0.164000004529953,0.16099999845027924,0.16380000114440918,12239.0
2024-03-01 09:38:00,BWAY,6.5,6.5,6.5,6.5,6.5,437.0
2024-03-01 09:38:00,CABA,23.959999084472656,23.959999084472656,24.0,23.959999084472656,23.959999084472656,1460.0
2024-03-01 09:38:00,CAPR,4.434999942779541,4.434999942779541,4.434999942779541,4.429999828338623,4.434999942779541,415.0
2024-03-01 09:38:00,CARA,0.8201000094413757,0.8201000094413757,0.8335000276565552,0.8201000094413757,0.824999988079071,4418.0
2024-03-01 09:38:00,CBAY,32.20000076293945,32.20000076293945,32.20000076293945,32.19499969482422,32.19499969482422,9438.0
2024-03-01 09:38:00,CCCC,10.920000076293945,10.920000076293945,11.0,10.920000076293945,10.970000267028809,7276.0
2024-03-01 09:38:00,CDMO,7.755000114440918,7.755000114440918,7.789999961853027,7.71999979019165,7.71999979019165,37383.0
2024-03-01 09:38:00,CDNA,11.039999961853027,11.039999961853027,11.150099754333496,11.005000114440918,11.150099754333496,8725.0
2024-03-01 09:38:00,CDXS,4.460000038146973,4.460000038146973,4.540999889373779,4.440000057220459,4.540999889373779,8588.0
2024-03-01 09:38:00,CERE,41.09000015258789,41.09000015258789,41.099998474121094,41.09000015258789,41.099998474121094,312.0
2024-03-01 09:38:00,CERS,2.149199962615967,2.149199962615967,2.1500000953674316,2.149199962615967,2.1500000953674316,548.0
2024-03-01 09:38:00,CERT,16.860000610351562,16.860000610351562,16.860000610351562,16.81999969482422,16.81999969482422,730.0
2024-03-01 09:38:00,CGC,3.242000102996826,3.242000102996826,3.26990008354187,3.242000102996826,3.2625999450683594,18739.0
2024-03-01 09:38:00,CGEM,19.0,19.0,19.0,19.0,19.0,2712.0
2024-03-01 09:38:00,CHRS,2.2899999618530273,2.2899999618530273,2.319999933242798,2.2899999618530273,2.319999933242798,14508.0
2024-03-01 09:38:00,CING,1.3300000429153442,1.3300000429153442,1.3300000429153442,1.3300000429153442,1.3300000429153442,100.0
2024-03-01 09:38:00,CKPT,2.1600000858306885,2.1600000858306885,2.1600000858306885,2.140000104904175,2.140000104904175,640.0
2024-03-01 09:38:00,CLDX,49.849998474121094,49.849998474121094,50.064998626708984,49.84000015258789,50.060001373291016,6584.0
2024-03-01 09:38:00,CLNN,0.41499999165534973,0.41499999165534973,0.41499999165534973,0.4115000069141388,0.4115000069141388,2650.0
2024-03-01 09:38:00,CLOV,0.8585000038146973,0.8585000038146973,0.8603000044822693,0.8579999804496765,0.8592000007629395,5541.0
2024-03-01 09:38:00,CLPT,6.479700088500977,6.479700088500977,6.479700088500977,6.479700088500977,6.479700088500977,214.0
2024-03-01 09:38:00,CMPX,1.8499000072479248,1.8499000072479248,1.8499000072479248,1.8499000072479248,1.8499000072479248,4200.0
2024-03-01 09:38:00,CMRX,1.12090003490448,1.12090003490448,1.1298999786376953,1.12090003490448,1.1298999786376953,3559.0
2024-03-01 09:38:00,COGT,7.179999828338623,7.179999828338623,7.204999923706055,7.179999828338623,7.204999923706055,973.0
2024-03-01 09:38:00,COLL,36.95000076293945,36.95000076293945,36.95000076293945,36.95000076293945,36.95000076293945,286.0
2024-03-01 09:38:00,CORT,23.43000030517578,23.43000030517578,23.43000030517578,23.43000030517578,23.43000030517578,23.0
2024-03-01 09:38:00,CPRX,16.549999237060547,16.549999237060547,16.57990074157715,16.520000457763672,16.57990074157715,7101.0
2024-03-01 09:38:00,CPSI,9.9399995803833,9.9399995803833,9.9399995803833,9.760000228881836,9.760000228881836,3174.0
2024-03-01 09:38:00,CRBP,31.44499969482422,31.44499969482422,31.699199676513672,31.44499969482422,31.699199676513672,911.0
2024-03-01 09:38:00,CRBU,8.119999885559082,8.119999885559082,8.220000267028809,8.119999885559082,8.220000267028809,1296.0
2024-03-01 09:38:00,CRDF,2.2297000885009766,2.2297000885009766,2.25,2.2007999420166016,2.2202000617980957,82869.0
2024-03-01 09:38:00,CRDL,2.125,2.125,2.125,2.125,2.125,134.0
2024-03-01 09:38:00,CRMD,3.5950000286102295,3.5950000286102295,3.5950000286102295,3.590100049972534,3.5950000286102295,826.0
2024-03-01 09:38:00,CRNX,42.95000076293945,42.95000076293945,43.04999923706055,42.6442985534668,42.6442985534668,6406.0
2024-03-01 09:38:00,CRON,2.049999952316284,2.049999952316284,2.059999942779541,2.049999952316284,2.059999942779541,1323.0
2024-03-01 09:38:00,CRSP,84.02999877929688,84.02999877929688,84.41999816894531,83.85009765625,84.41999816894531,3146.0
2024-03-01 09:38:00,CSTL,19.253400802612305,19.253400802612305,19.555700302124023,19.253400802612305,19.555700302124023,2485.0
2024-03-01 09:38:00,CTKB,7.679999828338623,7.679999828338623,7.679999828338623,7.679999828338623,7.679999828338623,300.0
2024-03-01 09:38:00,CUTR,2.1301000118255615,2.1301000118255615,2.153899908065796,2.1301000118255615,2.1512999534606934,11020.0
2024-03-01 09:38:00,CVAC,3.428800106048584,3.428800106048584,3.428800106048584,3.428800106048584,3.428800106048584,146.0
2024-03-01 09:38:00,CYTK,73.9000015258789,73.9000015258789,73.90499877929688,73.82140350341797,73.82140350341797,2420.0
2024-03-01 09:38:00,DARE,0.5799999833106995,0.5799999833106995,0.5799999833106995,0.5799000263214111,0.5799000263214111,11490.0
2024-03-01 09:38:00,DAWN,17.135000228881836,17.135000228881836,17.219999313354492,17.135000228881836,17.135000228881836,7059.0
2024-03-01 09:38:00,DCGO,3.990000009536743,3.990000009536743,4.010000228881836,3.990000009536743,4.010000228881836,1160.0
2024-03-01 09:38:00,DCPH,16.99250030517578,16.99250030517578,17.11989974975586,16.977500915527344,17.11989974975586,1267.0
2024-03-01 09:38:00,DH,9.140000343322754,9.140000343322754,9.25,9.140000343322754,9.25,524.0
2024-03-01 09:38:00,DMTK,0.949999988079071,0.949999988079071,0.9900000095367432,0.9350000023841858,0.9681000113487244,15303.0
2024-03-01 09:38:00,DNLI,20.514999389648438,20.514999389648438,20.559999465942383,20.514999389648438,20.514999389648438,914.0
2024-03-01 09:38:00,DRMA,0.45010000467300415,0.45010000467300415,0.45010000467300415,0.45010000467300415,0.45010000467300415,14.0
2024-03-01 09:38:00,DSGN,2.799999952316284,2.799999952316284,2.799999952316284,2.799999952316284,2.799999952316284,380.0
2024-03-01 09:38:00,DTIL,13.300000190734863,13.300000190734863,13.359999656677246,13.300000190734863,13.359999656677246,1985.0
2024-03-01 09:38:00,DVAX,12.725000381469727,12.725000381469727,12.739999771118164,12.725000381469727,12.739999771118164,1014.0
2024-03-01 09:38:00,DXCM,114.55500030517578,114.55500030517578,114.69999694824219,113.87999725341797,113.87999725341797,8931.0
2024-03-01 09:38:00,DYN,28.700000762939453,28.700000762939453,28.700000762939453,28.56999969482422,28.56999969482422,1657.0
2024-03-01 09:38:00,EDIT,10.369999885559082,10.369999885559082,10.420000076293945,10.352399826049805,10.420000076293945,4386.0
2024-03-01 09:38:00,EFTR,14.050000190734863,14.050000190734863,14.050000190734863,14.050000190734863,14.050000190734863,162.0
2024-03-01 09:38:00,EGRX,6.230000019073486,6.230000019073486,6.230000019073486,6.230000019073486,6.230000019073486,110.0
2024-03-01 09:38:00,EKSO,1.9738999605178833,1.9738999605178833,1.9738999605178833,1.9738999605178833,1.9738999605178833,510.0
2024-03-01 09:38:00,ELEV,4.590000152587891,4.590000152587891,4.639999866485596,4.579999923706055,4.579999923706055,4231.0
2024-03-01 09:38:00,ENSC,0.9200000166893005,0.9200000166893005,0.9200000166893005,0.9200000166893005,0.9200000166893005,852.0
2024-03-01 09:38:00,ENTX,1.3650000095367432,1.3650000095367432,1.3899999856948853,1.3650000095367432,1.3899999856948853,842.0
2024-03-01 09:38:00,ENVB,1.8200000524520874,1.8200000524520874,1.850000023841858,1.7300000190734863,1.75,151568.0
2024-03-01 09:38:00,EOLS,14.984999656677246,14.984999656677246,14.989999771118164,14.930000305175781,14.930000305175781,5455.0
2024-03-01 09:38:00,ERAS,2.375,2.375,2.375,2.375,2.375,100.0
2024-03-01 09:38:00,ESPR,2.4800000190734863,2.4800000190734863,2.503999948501587,2.4800000190734863,2.503999948501587,3182.0
2024-03-01 09:38:00,ETNB,12.359999656677246,12.359999656677246,12.40999984741211,12.300000190734863,12.300000190734863,3264.0
2024-03-01 09:38:00,EWTX,16.274999618530273,16.274999618530273,16.274999618530273,16.274999618530273,16.274999618530273,216.0
2024-03-01 09:38:00,EXAI,6.739999771118164,6.739999771118164,6.75,6.739999771118164,6.75,1310.0
2024-03-01 09:38:00,EXAS,57.82500076293945,57.82500076293945,57.900001525878906,57.7599983215332,57.769901275634766,3458.0
2024-03-01 09:38:00,EXEL,22.174999237060547,22.174999237060547,22.174999237060547,22.15999984741211,22.170000076293945,1189.0
2024-03-01 09:38:00,EYEN,2.200000047683716,2.200000047683716,2.209399938583374,2.200000047683716,2.200000047683716,3634.0
2024-03-01 09:38:00,EYPT,27.8799991607666,27.8799991607666,27.8799991607666,27.81999969482422,27.81999969482422,308.0
2024-03-01 09:38:00,FATE,7.46999979019165,7.46999979019165,7.46999979019165,7.414999961853027,7.459499835968018,1917.0
2024-03-01 09:38:00,FGEN,1.7589999437332153,1.7589999437332153,1.7589999437332153,1.7589999437332153,1.7589999437332153,0.0
2024-03-01 09:38:00,FHTX,7.789999961853027,7.789999961853027,7.789999961853027,7.789999961853027,7.789999961853027,141.0
2024-03-01 09:38:00,FIXX,0.8999999761581421,0.8999999761581421,0.8999999761581421,0.8999999761581421,0.8999999761581421,3400.0
2024-03-01 09:38:00,FOLD,13.1899995803833,13.1899995803833,13.199999809265137,13.1899995803833,13.199999809265137,1280.0
2024-03-01 09:38:00,FULC,10.329999923706055,10.329999923706055,10.420000076293945,10.311400413513184,10.420000076293945,3062.0
2024-03-01 09:38:00,FUSN,12.199999809265137,12.199999809265137,12.199999809265137,12.199999809265137,12.199999809265137,360.0
2024-03-01 09:38:00,GBIO,2.515000104904175,2.515000104904175,2.515000104904175,2.5,2.5,200.0
2024-03-01 09:38:00,GDRX,8.220000267028809,8.220000267028809,8.229999542236328,8.170000076293945,8.170000076293945,14402.0
2024-03-01 09:38:00,GENE,2.2750000953674316,2.2750000953674316,2.2750000953674316,2.2750000953674316,2.2750000953674316,200.0
2024-03-01 09:38:00,GERN,2.0350000858306885,2.0350000858306885,2.049999952316284,2.0299999713897705,2.049999952316284,21426.0
2024-03-01 09:38:00,GH,18.979999542236328,18.979999542236328,19.010000228881836,18.979999542236328,19.0,1890.0
2024-03-01 09:38:00,GILD,72.45240020751953,72.45240020751953,72.56600189208984,72.44010162353516,72.56600189208984,5979.0
2024-03-01 09:38:00,GLPG,34.81999969482422,34.81999969482422,34.88999938964844,34.81999969482422,34.88999938964844,2259.0
2024-03-01 09:38:00,GOSS,1.3730000257492065,1.3730000257492065,1.3730000257492065,1.3730000257492065,1.3730000257492065,789.0
2024-03-01 09:38:00,GRFS,6.760000228881836,6.760000228881836,6.78000020980835,6.75,6.78000020980835,15685.0
2024-03-01 09:38:00,GRTS,1.9077999591827393,1.9077999591827393,1.909999966621399,1.88100004196167,1.88100004196167,14055.0
2024-03-01 09:38:00,GRTX,0.23499999940395355,0.23499999940395355,0.2371000051498413,0.23499999940395355,0.2370000034570694,6888.0
2024-03-01 09:38:00,GTHX,3.359999895095825,3.359999895095825,3.380000114440918,3.359999895095825,3.380000114440918,1700.0
2024-03-01 09:38:00,HALO,40.77000045776367,40.77000045776367,40.834999084472656,40.76499938964844,40.790000915527344,3573.0
2024-03-01 09:38:00,HARP,22.94499969482422,22.94499969482422,22.950000762939453,22.940000534057617,22.940000534057617,10371.0
2024-03-01 09:38:00,HBIO,4.299099922180176,4.299099922180176,4.300000190734863,4.299099922180176,4.300000190734863,0.0
2024-03-01 09:38:00,HCAT,8.170000076293945,8.170000076293945,8.170000076293945,8.170000076293945,8.170000076293945,309.0
2024-03-01 09:38:00,HCSG,12.640000343322754,12.640000343322754,12.642999649047852,12.640000343322754,12.642999649047852,400.0
2024-03-01 09:38:00,HCTI,2.3299999237060547,2.3299999237060547,2.5922000408172607,2.3299999237060547,2.509999990463257,103581.0
2024-03-01 09:38:00,HEPA,3.1584999561309814,3.1584999561309814,3.1600000858306885,3.134500026702881,3.1500000953674316,1969.0
2024-03-01 09:38:00,HITI,1.7400000095367432,1.7400000095367432,1.7400000095367432,1.7400000095367432,1.7400000095367432,1130.0
2024-03-01 09:38:00,HLTH,0.2700999975204468,0.2700999975204468,0.2700999975204468,0.2700999975204468,0.2700999975204468,3200.0
2024-03-01 09:38:00,HOLX,73.2699966430664,73.2699966430664,73.30999755859375,73.20999908447266,73.20999908447266,1779.0
2024-03-01 09:38:00,HRMY,31.079999923706055,31.079999923706055,31.280000686645508,31.079999923706055,31.280000686645508,1087.0
2024-03-01 09:38:00,HROW,10.835000038146973,10.835000038146973,10.835000038146973,10.835000038146973,10.835000038146973,158.0
2024-03-01 09:38:00,HRTX,2.630000114440918,2.630000114440918,2.640000104904175,2.615000009536743,2.640000104904175,13231.0
2024-03-01 09:38:00,HSCS,0.11869999766349792,0.11869999766349792,0.11869999766349792,0.11869999766349792,0.11869999766349792,10836.0
2024-03-01 09:38:00,HSIC,76.24500274658203,76.24500274658203,76.24500274658203,76.18000030517578,76.22000122070312,1186.0
2024-03-01 09:38:00,HUMA,3.059000015258789,3.059000015258789,3.0689001083374023,3.0399999618530273,3.0689001083374023,18644.0
2024-03-01 09:38:00,IART,36.834999084472656,36.834999084472656,36.84000015258789,36.72999954223633,36.72999954223633,3202.0
2024-03-01 09:38:00,IBRX,4.739999771118164,4.739999771118164,4.739999771118164,4.690000057220459,4.690000057220459,7223.0
2024-03-01 09:38:00,ICAD,1.751099944114685,1.751099944114685,1.751099944114685,1.751099944114685,1.751099944114685,0.0
2024-03-01 09:38:00,ICUI,105.95999908447266,105.95999908447266,105.95999908447266,105.95999908447266,105.95999908447266,185.0
2024-03-01 09:38:00,IDXX,565.1599731445312,565.1599731445312,565.6799926757812,563.9949951171875,563.9949951171875,1883.0
2024-03-01 09:38:00,IDYA,45.86000061035156,45.86000061035156,46.16999816894531,45.86000061035156,46.05500030517578,1344.0
2024-03-01 09:38:00,ILMN,137.1199951171875,137.1199951171875,137.2899932861328,136.6999969482422,136.6999969482422,1768.0
2024-03-01 09:38:00,IMAB,1.8200000524520874,1.8200000524520874,1.8200000524520874,1.815000057220459,1.815000057220459,221.0
2024-03-01 09:38:00,IMMX,3.440000057220459,3.440000057220459,3.4649999141693115,3.440000057220459,3.4649999141693115,4025.0
2024-03-01 09:38:00,IMNM,24.51099967956543,24.51099967956543,24.540000915527344,24.51099967956543,24.540000915527344,1700.0
2024-03-01 09:38:00,IMNN,1.149999976158142,1.149999976158142,1.149999976158142,1.149999976158142,1.149999976158142,1622.0
2024-03-01 09:38:00,IMTX,12.800000190734863,12.800000190734863,12.829999923706055,12.800000190734863,12.829999923706055,433.0
2024-03-01 09:38:00,IMUX,1.4686000347137451,1.4686000347137451,1.4686000347137451,1.4600000381469727,1.4600000381469727,1191.0
2024-03-01 09:38:00,IMVT,36.54999923706055,36.54999923706055,36.66999816894531,36.5,36.5,1821.0
2024-03-01 09:38:00,INBX,36.79999923706055,36.79999923706055,36.79999923706055,36.78499984741211,36.78499984741211,296.0
2024-03-01 09:38:00,INCY,58.58000183105469,58.58000183105469,58.630001068115234,58.55500030517578,58.619998931884766,1395.0
2024-03-01 09:38:00,INGN,6.710000038146973,6.710000038146973,6.735000133514404,6.690000057220459,6.716000080108643,702.0
2024-03-01 09:38:00,INMD,21.950000762939453,21.950000762939453,21.959999084472656,21.94300079345703,21.959999084472656,645.0
2024-03-01 09:38:00,INO,8.946700096130371,8.946700096130371,9.020000457763672,8.946700096130371,8.946700096130371,2179.0
2024-03-01 09:38:00,INSM,28.065000534057617,28.065000534057617,28.25,28.065000534057617,28.25,561.0
2024-03-01 09:38:00,INVA,15.779999732971191,15.779999732971191,15.789999961853027,15.75,15.75,5193.0
2024-03-01 09:38:00,INZY,6.464000225067139,6.464000225067139,6.489999771118164,6.464000225067139,6.489999771118164,3706.0
2024-03-01 09:38:00,IONM,0.33889999985694885,0.33889999985694885,0.33889999985694885,0.33889999985694885,0.33889999985694885,100.0
2024-03-01 09:38:00,IONS,45.290000915527344,45.290000915527344,45.29999923706055,45.290000915527344,45.29999923706055,615.0
2024-03-01 09:38:00,IOVA,16.649900436401367,16.649900436401367,16.709999084472656,16.642099380493164,16.69499969482422,38017.0
2024-03-01 09:38:00,IRWD,8.84000015258789,8.84000015258789,8.904999732971191,8.829999923706055,8.904999732971191,51471.0
2024-03-01 09:38:00,ISRG,383.7200012207031,383.7200012207031,383.92999267578125,383.7200012207031,383.7300109863281,1875.0
2024-03-01 09:38:00,ITOS,10.8149995803833,10.8149995803833,10.918399810791016,10.8149995803833,10.918399810791016,710.0
2024-03-01 09:38:00,JAGX,0.061000000685453415,0.061000000685453415,0.061000000685453415,0.061000000685453415,0.061000000685453415,14758.0
2024-03-01 09:38:00,JANX,45.85499954223633,45.85499954223633,46.150001525878906,45.029998779296875,45.029998779296875,3992.0
2024-03-01 09:38:00,JAZZ,120.16000366210938,120.16000366210938,120.16000366210938,119.97000122070312,120.11000061035156,539.0
2024-03-01 09:38:00,KALA,7.050099849700928,7.050099849700928,7.050099849700928,7.050099849700928,7.050099849700928,440.0
2024-03-01 09:38:00,KNSA,21.424999237060547,21.424999237060547,21.424999237060547,21.424999237060547,21.424999237060547,340.0
2024-03-01 09:38:00,KNTE,2.609999895095825,2.609999895095825,2.609999895095825,2.5999999046325684,2.5999999046325684,1201.0
2024-03-01 09:38:00,KOD,6.239999771118164,6.239999771118164,6.260000228881836,6.224999904632568,6.239999771118164,3678.0
2024-03-01 09:38:00,KROS,69.07499694824219,69.07499694824219,69.07499694824219,69.07499694824219,69.07499694824219,263.0
2024-03-01 09:38:00,KTRA,0.1046999990940094,0.1046999990940094,0.10480000078678131,0.10270000249147415,0.10270000249147415,47623.0
2024-03-01 09:38:00,KZIA,0.24809999763965607,0.24809999763965607,0.24809999763965607,0.24809999763965607,0.24809999763965607,0.0
2024-03-01 09:38:00,KZR,1.059999942779541,1.059999942779541,1.059999942779541,1.059999942779541,1.059999942779541,108.0
2024-03-01 09:38:00,LAB,2.309999942779541,2.309999942779541,2.3299999237060547,2.305000066757202,2.3299999237060547,5083.0
2024-03-01 09:38:00,LEGN,65.83999633789062,65.83999633789062,66.03829956054688,65.80999755859375,66.03829956054688,948.0
2024-03-01 09:38:00,LEXX,2.6064999103546143,2.6064999103546143,2.7300000190734863,2.400099992752075,2.549999952316284,22517.0
2024-03-01 09:38:00,LFMD,8.0,8.0,8.0,8.0,8.0,225.0
2024-03-01 09:38:00,LFST,7.929999828338623,7.929999828338623,7.929999828338623,7.920000076293945,7.920000076293945,2188.0
2024-03-01 09:38:00,LIFE,1.9391000270843506,1.9391000270843506,1.9391000270843506,1.9391000270843506,1.9391000270843506,1000.0
2024-03-01 09:38:00,LNTH,65.90499877929688,65.90499877929688,65.90499877929688,65.90499877929688,65.90499877929688,757.0
2024-03-01 09:38:00,LQDA,14.229999542236328,14.229999542236328,14.260000228881836,14.220000267028809,14.260000228881836,1458.0
2024-03-01 09:38:00,LUMO,2.940000057220459,2.940000057220459,2.940000057220459,2.940000057220459,2.940000057220459,212.0
2024-03-01 09:38:00,LVTX,2.880000114440918,2.880000114440918,2.9049999713897705,2.8450000286102295,2.9000000953674316,9307.0
2024-03-01 09:38:00,LXRX,2.430000066757202,2.430000066757202,2.45989990234375,2.430000066757202,2.4581000804901123,12407.0
2024-03-01 09:38:00,LYEL,2.9700000286102295,2.9700000286102295,2.9700000286102295,2.9700000286102295,2.9700000286102295,202.0
2024-03-01 09:38:00,LYRA,5.300000190734863,5.300000190734863,5.300000190734863,5.300000190734863,5.300000190734863,1.0
2024-03-01 09:38:00,MASI,127.67500305175781,127.67500305175781,127.67500305175781,127.67500305175781,127.67500305175781,170.0
2024-03-01 09:38:00,MASS,7.059999942779541,7.059999942779541,7.059999942779541,7.059999942779541,7.059999942779541,347.0
2024-03-01 09:38:00,MCRB,1.1401000022888184,1.1401000022888184,1.1549999713897705,1.1401000022888184,1.1549999713897705,8890.0
2024-03-01 09:38:00,MDGL,241.6739959716797,241.6739959716797,241.6739959716797,241.6739959716797,241.6739959716797,507.0
2024-03-01 09:38:00,MDRX,5.260000228881836,5.260000228881836,5.5,5.260000228881836,5.5,58689.0
2024-03-01 09:38:00,MDXG,8.510000228881836,8.510000228881836,8.520000457763672,8.510000228881836,8.520000457763672,1461.0
2024-03-01 09:38:00,ME,0.5522000193595886,0.5522000193595886,0.553600013256073,0.5521000027656555,0.553600013256073,26627.0
2024-03-01 09:38:00,MEDS,9.307100296020508,9.307100296020508,9.307100296020508,9.307100296020508,9.307100296020508,1198.0
2024-03-01 09:38:00,MGNX,18.363000869750977,18.363000869750977,18.363000869750977,18.309999465942383,18.34000015258789,2126.0
2024-03-01 09:38:00,MIRM,29.31999969482422,29.31999969482422,29.31999969482422,29.31999969482422,29.31999969482422,200.0
2024-03-01 09:38:00,MIST,1.7400000095367432,1.7400000095367432,1.7400000095367432,1.7400000095367432,1.7400000095367432,50.0
2024-03-01 09:38:00,MLTX,51.880001068115234,51.880001068115234,52.0,51.810001373291016,51.875,3098.0
2024-03-01 09:38:00,MNKD,4.300000190734863,4.300000190734863,4.309899806976318,4.264999866485596,4.28000020980835,6937.0
2024-03-01 09:38:00,MNMD,5.630000114440918,5.630000114440918,5.630000114440918,5.630000114440918,5.630000114440918,1140.0
2024-03-01 09:38:00,MNPR,0.7577000260353088,0.7577000260353088,0.7577999830245972,0.7419999837875366,0.7465999722480774,12880.0
2024-03-01 09:38:00,MOVE,0.5601000189781189,0.5601000189781189,0.5609999895095825,0.5601000189781189,0.5609999895095825,51.0
2024-03-01 09:38:00,MRAI,1.5399999618530273,1.5399999618530273,1.5399999618530273,1.5399999618530273,1.5399999618530273,1798.0
2024-03-01 09:38:00,MREO,3.8199000358581543,3.8199000358581543,3.819999933242798,3.8199000358581543,3.819999933242798,2638.0
2024-03-01 09:38:00,MRNA,92.65499877929688,92.65499877929688,93.0199966430664,92.65499877929688,93.0199966430664,3563.0
2024-03-01 09:38:00,MRNS,9.710000038146973,9.710000038146973,9.710000038146973,9.710000038146973,9.710000038146973,153.0
2024-03-01 09:38:00,MRSN,5.6479997634887695,5.6479997634887695,5.704999923706055,5.599999904632568,5.704999923706055,6309.0
2024-03-01 09:38:00,MRUS,49.29499816894531,49.29499816894531,49.29499816894531,49.29499816894531,49.29499816894531,240.0
2024-03-01 09:38:00,MRVI,7.699999809265137,7.699999809265137,7.699999809265137,7.684999942779541,7.699999809265137,1009.0
2024-03-01 09:38:00,MXCT,4.574999809265137,4.574999809265137,4.574999809265137,4.574999809265137,4.574999809265137,300.0
2024-03-01 09:38:00,MYGN,20.780000686645508,20.780000686645508,20.780000686645508,20.780000686645508,20.780000686645508,365.0
2024-03-01 09:38:00,NARI,44.560001373291016,44.560001373291016,44.779998779296875,44.400001525878906,44.665000915527344,24335.0
2024-03-01 09:38:00,NBIX,131.81500244140625,131.81500244140625,131.90499877929688,131.81500244140625,131.81500244140625,1002.0
2024-03-01 09:38:00,NBSE,0.9197999835014343,0.9197999835014343,0.9197999835014343,0.9197999835014343,0.9197999835014343,0.0
2024-03-01 09:38:00,NEO,15.641900062561035,15.641900062561035,15.641900062561035,15.641900062561035,15.641900062561035,555.0
2024-03-01 09:38:00,NEOG,16.959999084472656,16.959999084472656,16.969999313354492,16.959999084472656,16.969999313354492,252.0
2024-03-01 09:38:00,NEPT,0.43779999017715454,0.43779999017715454,0.43779999017715454,0.43779999017715454,0.43779999017715454,100.0
2024-03-01 09:38:00,NERV,2.755000114440918,2.755000114440918,2.755000114440918,2.755000114440918,2.755000114440918,103.0
2024-03-01 09:38:00,NKTX,12.359999656677246,12.359999656677246,12.520000457763672,12.359999656677246,12.510000228881836,2841.0
2024-03-01 09:38:00,NMTC,1.2000000476837158,1.2000000476837158,1.2000000476837158,1.2000000476837158,1.2000000476837158,100.0
2024-03-01 09:38:00,NNOX,11.234999656677246,11.234999656677246,11.270000457763672,11.234999656677246,11.270000457763672,1963.0
2024-03-01 09:38:00,NOTV,7.480000019073486,7.480000019073486,7.480000019073486,7.414999961853027,7.414999961853027,628.0
2024-03-01 09:38:00,NRSN,1.7899999618530273,1.7899999618530273,1.7899999618530273,1.7769999504089355,1.7769999504089355,1200.0
2024-03-01 09:38:00,NRXP,0.38449999690055847,0.38449999690055847,0.38920000195503235,0.38449999690055847,0.38909998536109924,21733.0
2024-03-01 09:38:00,NTLA,32.805198669433594,32.805198669433594,32.880001068115234,32.709999084472656,32.81999969482422,5891.0
2024-03-01 09:38:00,NTRA,89.22209930419922,89.22209930419922,89.71499633789062,89.1449966430664,89.3833999633789,12614.0
2024-03-01 09:38:00,NUVL,86.44999694824219,86.44999694824219,86.44999694824219,86.4000015258789,86.4000015258789,552.0
2024-03-01 09:38:00,NVAX,4.965000152587891,4.965000152587891,4.981599807739258,4.949999809265137,4.980000019073486,11070.0
2024-03-01 09:38:00,NVCR,15.229999542236328,15.229999542236328,15.300000190734863,15.229999542236328,15.300000190734863,372.0
2024-03-01 09:38:00,NVCT,10.436400413513184,10.436400413513184,10.54699993133545,10.436400413513184,10.54699993133545,1068.0
2024-03-01 09:38:00,NVNO,6.110000133514404,6.110000133514404,6.281499862670898,6.110000133514404,6.281499862670898,1000.0
2024-03-01 09:38:00,OCGN,0.9200000166893005,0.9200000166893005,0.9348000288009644,0.9200000166893005,0.9251000285148621,7719.0
2024-03-01 09:38:00,OCUL,10.329999923706055,10.329999923706055,10.329999923706055,10.270000457763672,10.270000457763672,970.0
2024-03-01 09:38:00,OCUP,2.5585999488830566,2.5585999488830566,2.5585999488830566,2.5585999488830566,2.5585999488830566,1910.0
2024-03-01 09:38:00,OFIX,12.989999771118164,12.989999771118164,13.0,12.989999771118164,12.989999771118164,522.0
2024-03-01 09:38:00,OGI,2.0613999366760254,2.0613999366760254,2.069999933242798,2.0613999366760254,2.069999933242798,0.0
2024-03-01 09:38:00,OLMA,12.829999923706055,12.829999923706055,12.829999923706055,12.75,12.75,65467.0
2024-03-01 09:38:00,OM,3.049999952316284,3.049999952316284,3.079699993133545,3.049999952316284,3.079699993133545,1232.0
2024-03-01 09:38:00,OMER,4.570000171661377,4.570000171661377,4.579999923706055,4.570000171661377,4.579999923706055,444.0
2024-03-01 09:38:00,ONCY,1.100100040435791,1.100100040435791,1.1201000213623047,1.100000023841858,1.1201000213623047,14135.0
2024-03-01 09:39:00,ABCL,5.03000020980835,5.03000020980835,5.045000076293945,5.03000020980835,5.045000076293945,541.0
2024-03-01 09:39:00,ABEO,7.049900054931641,7.049900054931641,7.049900054931641,7.049900054931641,7.049900054931641,3095.0
2024-03-01 09:39:00,ABOS,4.46999979019165,4.46999979019165,4.46999979019165,4.460000038146973,4.460000038146973,998.0
2024-03-01 09:39:00,ABSI,5.039999961853027,5.039999961853027,5.059999942779541,5.039999961853027,5.059999942779541,824.0
2024-03-01 09:39:00,ABUS,2.765000104904175,2.765000104904175,2.765000104904175,2.756999969482422,2.756999969482422,1177.0
2024-03-01 09:39:00,ABVC,1.190000057220459,1.190000057220459,1.190000057220459,1.1799999475479126,1.1799999475479126,4103.0
2024-03-01 09:39:00,ACAD,23.489999771118164,23.489999771118164,23.489999771118164,23.489999771118164,23.489999771118164,832.0
2024-03-01 09:39:00,ACB,3.0399999618530273,3.0399999618530273,3.0450000762939453,3.0299999713897705,3.0450000762939453,5784.0
2024-03-01 09:39:00,ACCD,10.075200080871582,10.075200080871582,10.075200080871582,10.075200080871582,10.075200080871582,117.0
2024-03-01 09:39:00,ACHC,83.19000244140625,83.19000244140625,83.19000244140625,83.19000244140625,83.19000244140625,413.0
2024-03-01 09:39:00,ACHV,4.03000020980835,4.03000020980835,4.03000020980835,4.03000020980835,4.03000020980835,2820.0
2024-03-01 09:39:00,ACLX,67.93000030517578,67.93000030517578,68.0,67.76000213623047,67.76000213623047,930.0
2024-03-01 09:39:00,ACRS,1.2400000095367432,1.2400000095367432,1.2400000095367432,1.2400000095367432,1.2400000095367432,700.0
2024-03-01 09:39:00,ADIL,3.6500000953674316,3.6500000953674316,3.75,3.4000000953674316,3.450000047683716,1312148.0
2024-03-01 09:39:00,ADMA,5.387400150299072,5.387400150299072,5.387400150299072,5.385000228881836,5.385000228881836,957.0
2024-03-01 09:39:00,ADPT,4.039899826049805,4.039899826049805,4.039899826049805,4.019999980926514,4.019999980926514,940.0
2024-03-01 09:39:00,ADVM,1.9800000190734863,1.9800000190734863,1.9900000095367432,1.9800000190734863,1.9900000095367432,421.0
2024-03-01 09:39:00,AFIB,0.20720000565052032,0.20720000565052032,0.20720000565052032,0.20180000364780426,0.20180000364780426,662.0
2024-03-01 09:39:00,AGEN,0.6800000071525574,0.6800000071525574,0.6800000071525574,0.6787999868392944,0.679099977016449,35166.0
2024-03-01 09:39:00,AGIO,32.441200256347656,32.441200256347656,32.529998779296875,32.380001068115234,32.529998779296875,1439.0
2024-03-01 09:39:00,AHCO,10.520000457763672,10.520000457763672,10.5600004196167,10.430000305175781,10.430000305175781,28468.0
2024-03-01 09:39:00,AIRS,6.550000190734863,6.550000190734863,6.550000190734863,6.550000190734863,6.550000190734863,101.0
2024-03-01 09:39:00,AKAN,0.2809999883174896,0.2809999883174896,0.28360000252723694,0.2809999883174896,0.28360000252723694,29758.0
2024-03-01 09:39:00,AKBA,1.6100000143051147,1.6100000143051147,1.6100000143051147,1.6003999710083008,1.6100000143051147,9194.0
2024-03-01 09:39:00,AKLI,0.34200000762939453,0.34200000762939453,0.3474999964237213,0.34200000762939453,0.3474999964237213,2640.0
2024-03-01 09:39:00,AKRO,28.950000762939453,28.950000762939453,28.950000762939453,28.84000015258789,28.950000762939453,2367.0
2024-03-01 09:39:00,AKTX,2.339900016784668,2.339900016784668,2.339900016784668,2.339900016784668,2.339900016784668,384.0
2024-03-01 09:39:00,ALDX,3.8299999237060547,3.8299999237060547,3.8499999046325684,3.8199000358581543,3.8199000358581543,5955.0
2024-03-01 09:39:00,ALEC,7.190000057220459,7.190000057220459,7.215000152587891,7.190000057220459,7.215000152587891,274.0
2024-03-01 09:39:00,ALGN,299.3900146484375,299.3900146484375,299.3900146484375,299.3900146484375,299.3900146484375,210.0
2024-03-01 09:39:00,ALHC,5.900000095367432,5.900000095367432,5.900000095367432,5.900000095367432,5.900000095367432,0.0
2024-03-01 09:39:00,ALKS,29.924999237060547,29.924999237060547,29.924999237060547,29.924999237060547,29.924999237060547,627.0
2024-03-01 09:39:00,ALLK,1.5399999618530273,1.5399999618530273,1.5399999618530273,1.534999966621399,1.534999966621399,400.0
2024-03-01 09:39:00,ALLO,4.949999809265137,4.949999809265137,4.960000038146973,4.949999809265137,4.949999809265137,3373.0
2024-03-01 09:39:00,ALNY,150.4250030517578,150.4250030517578,150.44500732421875,150.4250030517578,150.44500732421875,365.0
2024-03-01 09:39:00,ALPN,35.54999923706055,35.54999923706055,35.54999923706055,35.54999923706055,35.54999923706055,359.0
2024-03-01 09:39:00,ALT,12.28499984741211,12.28499984741211,12.28499984741211,12.1899995803833,12.25,12646.0
2024-03-01 09:39:00,ALVR,0.7548999786376953,0.7548999786376953,0.7548999786376953,0.7548999786376953,0.7548999786376953,400.0
2024-03-01 09:39:00,ALZN,0.9162999987602234,0.9162999987602234,0.9162999987602234,0.9162999987602234,0.9162999987602234,154.0
2024-03-01 09:39:00,AMED,93.04000091552734,93.04000091552734,93.12999725341797,93.04000091552734,93.12999725341797,300.0
2024-03-01 09:39:00,AMGN,277.80999755859375,277.80999755859375,277.80999755859375,277.4153137207031,277.510009765625,18505.0
2024-03-01 09:39:00,AMLX,18.86750030517578,18.86750030517578,18.86750030517578,18.86750030517578,18.86750030517578,117.0
2024-03-01 09:39:00,AMPH,46.415000915527344,46.415000915527344,46.415000915527344,46.40999984741211,46.40999984741211,325.0
2024-03-01 09:39:00,AMRN,0.9901000261306763,0.9901000261306763,1.0163999795913696,0.9901000261306763,1.0099999904632568,99882.0
2024-03-01 09:39:00,ANGO,5.329999923706055,5.329999923706055,5.340000152587891,5.320000171661377,5.340000152587891,2106.0
2024-03-01 09:39:00,ANNX,6.005000114440918,6.005000114440918,6.005000114440918,6.005000114440918,6.005000114440918,4.0
2024-03-01 09:39:00,APLS,62.0099983215332,62.0099983215332,62.03499984741211,61.81999969482422,62.0,5113.0
2024-03-01 09:39:00,APLT,7.480000019073486,7.480000019073486,7.53000020980835,7.440000057220459,7.440000057220459,10456.0
2024-03-01 09:39:00,APTO,1.8294999599456787,1.8294999599456787,1.8294999599456787,1.8294999599456787,1.8294999599456787,304.0
2024-03-01 09:39:00,AQST,3.890000104904175,3.890000104904175,3.890000104904175,3.8499999046325684,3.8499999046325684,18082.0
2024-03-01 09:39:00,ARDX,9.470100402832031,9.470100402832031,9.489999771118164,9.449999809265137,9.489999771118164,9159.0
2024-03-01 09:39:00,ARQT,10.399999618530273,10.399999618530273,10.479999542236328,10.300000190734863,10.300000190734863,11044.0
2024-03-01 09:39:00,ARTL,1.5224000215530396,1.5224000215530396,1.5224000215530396,1.5224000215530396,1.5224000215530396,1925.0
2024-03-01 09:39:00,ARVN,47.72999954223633,47.72999954223633,47.72999954223633,47.380001068115234,47.56999969482422,934.0
2024-03-01 09:39:00,ARWR,33.17610168457031,33.17610168457031,33.17610168457031,32.9900016784668,33.05670166015625,2441.0
2024-03-01 09:39:00,ASND,149.6999969482422,149.6999969482422,149.6999969482422,149.24000549316406,149.24000549316406,318.0
2024-03-01 09:39:00,ASRT,0.8899000287055969,0.8899000287055969,0.8899000287055969,0.8898000121116638,0.8898000121116638,1211.0
2024-03-01 09:39:00,ATAI,1.9500000476837158,1.9500000476837158,1.9500000476837158,1.9500000476837158,1.9500000476837158,102.0
2024-03-01 09:39:00,ATEC,13.244999885559082,13.244999885559082,13.260000228881836,13.170000076293945,13.17300033569336,8633.0
2024-03-01 09:39:00,ATRA,0.7894999980926514,0.7894999980926514,0.7990000247955322,0.7799999713897705,0.7894999980926514,27216.0
2024-03-01 09:39:00,ATRC,34.744998931884766,34.744998931884766,34.7599983215332,34.744998931884766,34.7599983215332,346.0
2024-03-01 09:39:00,AUGX,4.40500020980835,4.40500020980835,4.440000057220459,4.40500020980835,4.440000057220459,416.0
2024-03-01 09:39:00,AUPH,5.659900188446045,5.659900188446045,5.659900188446045,5.639999866485596,5.644999980926514,2842.0
2024-03-01 09:39:00,AURA,9.135000228881836,9.135000228881836,9.135000228881836,9.135000228881836,9.135000228881836,100.0
2024-03-01 09:39:00,AUTL,6.130000114440918,6.130000114440918,6.130000114440918,6.119999885559082,6.119999885559082,404.0
2024-03-01 09:39:00,AVDL,12.779999732971191,12.779999732971191,12.779999732971191,12.71500015258789,12.71500015258789,2300.0
2024-03-01 09:39:00,AVIR,4.34499979019165,4.34499979019165,4.34499979019165,4.335000038146973,4.340000152587891,339.0
2024-03-01 09:39:00,AVXL,5.149899959564209,5.149899959564209,5.149899959564209,5.149899959564209,5.149899959564209,327.0
2024-03-01 09:39:00,AXGN,10.319999694824219,10.319999694824219,10.399999618530273,10.319999694824219,10.399999618530273,882.0
2024-03-01 09:39:00,AXNX,67.80000305175781,67.80000305175781,67.81990051269531,67.73999786376953,67.73999786376953,4598.0
2024-03-01 09:39:00,AZN,64.4000015258789,64.4000015258789,64.41000366210938,64.37999725341797,64.37999725341797,16891.0
2024-03-01 09:39:00,BBIO,34.70000076293945,34.70000076293945,34.70000076293945,34.584999084472656,34.61000061035156,2932.0
2024-03-01 09:39:00,BBLG,2.7946999073028564,2.7946999073028564,2.8264000415802,2.7799999713897705,2.7799999713897705,1064.0
2024-03-01 09:39:00,BCEL,0.26980000734329224,0.26980000734329224,0.26989999413490295,0.2667999863624573,0.2667999863624573,3644.0
2024-03-01 09:39:00,BCRX,5.730000019073486,5.730000019073486,5.755000114440918,5.7204999923706055,5.727499961853027,9121.0
2024-03-01 09:39:00,BDSX,1.7000000476837158,1.7000000476837158,1.7000000476837158,1.7000000476837158,1.7000000476837158,444.0
2024-03-01 09:39:00,BEAM,39.61000061035156,39.61000061035156,39.834999084472656,39.61000061035156,39.834999084472656,1549.0
2024-03-01 09:39:00,BGNE,163.77999877929688,163.77999877929688,163.77999877929688,163.77999877929688,163.77999877929688,210.0
2024-03-01 09:39:00,BGXX,0.2678999900817871,0.2678999900817871,0.2678999900817871,0.2678000032901764,0.2678000032901764,1050.0
2024-03-01 09:39:00,BIAFW,0.3569999933242798,0.3569999933242798,0.3569999933242798,0.34700000286102295,0.3569999933242798,315.0
2024-03-01 09:39:00,BIIB,216.98500061035156,216.98500061035156,217.17999267578125,216.98500061035156,217.17999267578125,410.0
2024-03-01 09:39:00,BIOL,0.13899999856948853,0.13899999856948853,0.13899999856948853,0.13809999823570251,0.13830000162124634,945.0
2024-03-01 09:39:00,BIVI,2.780100107192993,2.780100107192993,2.8499999046325684,2.7699999809265137,2.7750000953674316,145784.0
2024-03-01 09:39:00,BLFS,17.309999465942383,17.309999465942383,17.309999465942383,16.860000610351562,16.895000457763672,12797.0
2024-03-01 09:39:00,BLUE,1.4601000547409058,1.4601000547409058,1.4900000095367432,1.4600000381469727,1.4900000095367432,79306.0
2024-03-01 09:39:00,BMEA,17.344999313354492,17.344999313354492,17.350000381469727,17.309999465942383,17.309999465942383,2600.0
2024-03-01 09:39:00,BMRA,1.2350000143051147,1.2350000143051147,1.2350000143051147,1.2350000143051147,1.2350000143051147,1069.0
2024-03-01 09:39:00,BMRN,86.30000305175781,86.30000305175781,86.41999816894531,86.30000305175781,86.41999816894531,818.0
2024-03-01 09:39:00,BNGO,1.2390999794006348,1.2390999794006348,1.25,1.2350000143051147,1.25,11086.0
2024-03-01 09:39:00,BNR,0.8776999711990356,0.8776999711990356,0.8776999711990356,0.8776999711990356,0.8776999711990356,0.0
2024-03-01 09:39:00,BNTX,90.26000213623047,90.26000213623047,90.26000213623047,90.26000213623047,90.26000213623047,641.0
2024-03-01 09:39:00,BPMC,95.55999755859375,95.55999755859375,95.56500244140625,95.55999755859375,95.56500244140625,743.0
2024-03-01 09:39:00,BRKR,86.5,86.5,86.62000274658203,86.5,86.62000274658203,737.0
2024-03-01 09:39:00,BTAI,3.190000057220459,3.190000057220459,3.194999933242798,3.190000057220459,3.1910998821258545,342.0
2024-03-01 09:39:00,BTTX,0.16220000386238098,0.16220000386238098,0.16220000386238098,0.16019999980926514,0.16019999980926514,3336.0
2024-03-01 09:39:00,BVS,4.670000076293945,4.670000076293945,4.670000076293945,4.670000076293945,4.670000076293945,260.0
2024-03-01 09:39:00,BYSI,1.3600000143051147,1.3600000143051147,1.3600000143051147,1.3600000143051147,1.3600000143051147,1061.0
2024-03-01 09:39:00,CABA,24.0,24.0,24.0,24.0,24.0,353.0
2024-03-01 09:39:00,CAPR,4.489999771118164,4.489999771118164,4.489999771118164,4.420000076293945,4.432600021362305,1483.0
2024-03-01 09:39:00,CARA,0.8399999737739563,0.8399999737739563,0.8399999737739563,0.836899995803833,0.836899995803833,515.0
2024-03-01 09:39:00,CBAY,32.20000076293945,32.20000076293945,32.20000076293945,32.19499969482422,32.20000076293945,4690.0
2024-03-01 09:39:00,CCCC,10.800000190734863,10.800000190734863,10.864999771118164,10.800000190734863,10.864999771118164,9779.0
2024-03-01 09:39:00,CDMO,7.755000114440918,7.755000114440918,7.755000114440918,7.755000114440918,7.755000114440918,105.0
2024-03-01 09:39:00,CDNA,11.109999656677246,11.109999656677246,11.15999984741211,11.079999923706055,11.079999923706055,1586.0
2024-03-01 09:39:00,CDXS,4.478799819946289,4.478799819946289,4.480100154876709,4.454999923706055,4.454999923706055,5002.0
2024-03-01 09:39:00,CERE,41.099998474121094,41.099998474121094,41.10499954223633,41.099998474121094,41.099998474121094,2462.0
2024-03-01 09:39:00,CERS,2.140000104904175,2.140000104904175,2.140000104904175,2.134999990463257,2.134999990463257,424.0
2024-03-01 09:39:00,CERT,16.989999771118164,16.989999771118164,16.989999771118164,16.81999969482422,16.899999618530273,672.0
2024-03-01 09:39:00,CGC,3.259999990463257,3.259999990463257,3.2699999809265137,3.240000009536743,3.2499001026153564,13662.0
2024-03-01 09:39:00,CGEM,18.780000686645508,18.780000686645508,19.0,18.780000686645508,19.0,438.0
2024-03-01 09:39:00,CHRS,2.2887001037597656,2.2887001037597656,2.2899999618530273,2.280100107192993,2.288800001144409,7423.0
2024-03-01 09:39:00,CING,1.3300000429153442,1.3300000429153442,1.3301000595092773,1.3300000429153442,1.3301000595092773,1070.0
2024-03-01 09:39:00,CLDX,49.849998474121094,49.849998474121094,49.91999816894531,49.779998779296875,49.8650016784668,6382.0
2024-03-01 09:39:00,CLNN,0.40799999237060547,0.40799999237060547,0.40799999237060547,0.40799999237060547,0.40799999237060547,0.0
2024-03-01 09:39:00,CLOV,0.8562999963760376,0.8562999963760376,0.8596000075340271,0.8525000214576721,0.857200026512146,4300.0
2024-03-01 09:39:00,CLPT,6.489999771118164,6.489999771118164,6.5,6.480000019073486,6.480000019073486,7168.0
2024-03-01 09:39:00,CLRB,3.9546000957489014,3.9546000957489014,3.9546000957489014,3.9546000957489014,3.9546000957489014,540.0
2024-03-01 09:39:00,CLSD,1.4049999713897705,1.4049999713897705,1.4049999713897705,1.4049999713897705,1.4049999713897705,1034.0
2024-03-01 09:39:00,CMMB,0.6510999798774719,0.6510999798774719,0.6510999798774719,0.6510999798774719,0.6510999798774719,180.0
2024-03-01 09:39:00,CMPS,10.437100410461426,10.437100410461426,10.569999694824219,10.437100410461426,10.569999694824219,636.0
2024-03-01 09:39:00,CMPX,1.7899999618530273,1.7899999618530273,1.7899999618530273,1.7899999618530273,1.7899999618530273,0.0
2024-03-01 09:39:00,CMRX,1.1299999952316284,1.1299999952316284,1.1299999952316284,1.1299999952316284,1.1299999952316284,40.0
2024-03-01 09:39:00,CNTA,10.430000305175781,10.430000305175781,10.430000305175781,10.430000305175781,10.430000305175781,202.0
2024-03-01 09:39:00,COGT,7.204999923706055,7.204999923706055,7.204999923706055,7.204999923706055,7.204999923706055,597.0
2024-03-01 09:39:00,CORT,23.389999389648438,23.389999389648438,23.413000106811523,23.350000381469727,23.413000106811523,857.0
2024-03-01 09:39:00,CPRX,16.575000762939453,16.575000762939453,16.610000610351562,16.530000686645508,16.56999969482422,9055.0
2024-03-01 09:39:00,CPSI,9.835000038146973,9.835000038146973,9.84000015258789,9.835000038146973,9.84000015258789,586.0
2024-03-01 09:39:00,CRDF,2.2249999046325684,2.2249999046325684,2.2300000190734863,2.197999954223633,2.2249999046325684,120201.0
2024-03-01 09:39:00,CRDL,2.139899969100952,2.139899969100952,2.139899969100952,2.139899969100952,2.139899969100952,366.0
2024-03-01 09:39:00,CRMD,3.619999885559082,3.619999885559082,3.619999885559082,3.6050000190734863,3.6050000190734863,814.0
2024-03-01 09:39:00,CRNX,42.90999984741211,42.90999984741211,43.027000427246094,42.90999984741211,42.95500183105469,1835.0
2024-03-01 09:39:00,CRON,2.055000066757202,2.055000066757202,2.055000066757202,2.055000066757202,2.055000066757202,250.0
2024-03-01 09:39:00,CRSP,84.14009857177734,84.14009857177734,84.3989028930664,83.86499786376953,83.86499786376953,3217.0
2024-03-01 09:39:00,CRVS,2.2300000190734863,2.2300000190734863,2.2416000366210938,2.2300000190734863,2.2416000366210938,0.0
2024-03-01 09:39:00,CSTL,19.23310089111328,19.23310089111328,19.23310089111328,19.23310089111328,19.23310089111328,233.0
2024-03-01 09:39:00,CTKB,7.65500020980835,7.65500020980835,7.670000076293945,7.650000095367432,7.670000076293945,1121.0
2024-03-01 09:39:00,CTMX,2.4000000953674316,2.4000000953674316,2.4000000953674316,2.4000000953674316,2.4000000953674316,411.0
2024-03-01 09:39:00,CTXR,0.7833999991416931,0.7833999991416931,0.7833999991416931,0.7833999991416931,0.7833999991416931,401.0
2024-03-01 09:39:00,CUTR,2.130000114440918,2.130000114440918,2.137399911880493,2.130000114440918,2.137399911880493,0.0
2024-03-01 09:39:00,CVAC,3.424999952316284,3.424999952316284,3.424999952316284,3.424999952316284,3.424999952316284,11560.0
2024-03-01 09:39:00,CVRX,19.665000915527344,19.665000915527344,19.665000915527344,19.665000915527344,19.665000915527344,300.0
2024-03-01 09:39:00,CYTK,73.87999725341797,73.87999725341797,74.0,73.83000183105469,73.87999725341797,3858.0
2024-03-01 09:39:00,DAWN,17.135000228881836,17.135000228881836,17.135000228881836,17.135000228881836,17.135000228881836,170.0
2024-03-01 09:39:00,DCGO,3.950000047683716,3.950000047683716,3.9700000286102295,3.940000057220459,3.9700000286102295,3131.0
2024-03-01 09:39:00,DCPH,17.0,17.0,17.03499984741211,16.931100845336914,16.931100845336914,2201.0
2024-03-01 09:39:00,DH,9.055000305175781,9.055000305175781,9.055000305175781,9.055000305175781,9.055000305175781,151.0
2024-03-01 09:39:00,DMTK,0.949999988079071,0.949999988079071,0.9501000046730042,0.9016000032424927,0.949999988079071,15538.0
2024-03-01 09:39:00,DNLI,20.56999969482422,20.56999969482422,20.56999969482422,20.5049991607666,20.5049991607666,1304.0
2024-03-01 09:39:00,DRIO,2.009999990463257,2.009999990463257,2.049999952316284,2.0,2.049999952316284,550.0
2024-03-01 09:39:00,DSGN,2.7950000762939453,2.7950000762939453,2.7950000762939453,2.7950000762939453,2.7950000762939453,100.0
2024-03-01 09:39:00,DTIL,12.989999771118164,12.989999771118164,13.329999923706055,12.989999771118164,13.300000190734863,7685.0
2024-03-01 09:39:00,DVAX,12.725000381469727,12.725000381469727,12.725000381469727,12.71500015258789,12.720000267028809,1181.0
2024-03-01 09:39:00,DXCM,114.77999877929688,114.77999877929688,114.77999877929688,114.40499877929688,114.55500030517578,12482.0
2024-03-01 09:39:00,DYN,28.31999969482422,28.31999969482422,28.8799991607666,28.299999237060547,28.715599060058594,20835.0
2024-03-01 09:39:00,EDIT,10.3100004196167,10.3100004196167,10.37600040435791,10.3100004196167,10.37600040435791,2508.0
2024-03-01 09:39:00,EGRX,6.164400100708008,6.164400100708008,6.199999809265137,6.164400100708008,6.199999809265137,2644.0
2024-03-01 09:39:00,ELEV,4.590000152587891,4.590000152587891,4.614999771118164,4.590000152587891,4.590000152587891,537.0
2024-03-01 09:39:00,ENTA,14.399999618530273,14.399999618530273,14.489999771118164,14.399999618530273,14.489999771118164,404.0
2024-03-01 09:39:00,ENVB,1.8200000524520874,1.8200000524520874,1.840000033378601,1.7700999975204468,1.815000057220459,147901.0
2024-03-01 09:39:00,EOLS,15.020000457763672,15.020000457763672,15.050000190734863,14.979999542236328,14.984999656677246,7465.0
2024-03-01 09:39:00,EPIX,9.509300231933594,9.509300231933594,9.509300231933594,9.509300231933594,9.509300231933594,2512.0
2024-03-01 09:39:00,ERAS,2.375,2.375,2.380000114440918,2.369999885559082,2.380000114440918,243.0
2024-03-01 09:39:00,ESPR,2.484999895095825,2.484999895095825,2.484999895095825,2.4800000190734863,2.4809000492095947,2227.0
2024-03-01 09:39:00,ETNB,12.460000038146973,12.460000038146973,12.649999618530273,12.406000137329102,12.406000137329102,12047.0
2024-03-01 09:39:00,EWTX,16.270000457763672,16.270000457763672,16.270000457763672,16.270000457763672,16.270000457763672,220.0
2024-03-01 09:39:00,EXAI,6.75,6.75,6.75,6.749800205230713,6.749800205230713,550.0
2024-03-01 09:39:00,EXAS,57.65999984741211,57.65999984741211,57.90999984741211,57.65999984741211,57.82500076293945,6211.0
2024-03-01 09:39:00,EXEL,22.15999984741211,22.15999984741211,22.174999237060547,22.155000686645508,22.174999237060547,1590.0
2024-03-01 09:39:00,EYEN,2.1700000762939453,2.1700000762939453,2.200000047683716,2.1700000762939453,2.1963000297546387,19860.0
2024-03-01 09:39:00,FATE,7.484000205993652,7.484000205993652,7.5,7.46999979019165,7.46999979019165,2395.0
2024-03-01 09:39:00,FGEN,1.7300000190734863,1.7300000190734863,1.75,1.7300000190734863,1.75,1100.0
2024-03-01 09:39:00,FIXX,0.9300000071525574,0.9300000071525574,0.9300000071525574,0.9300000071525574,0.9300000071525574,0.0
2024-03-01 09:39:00,FLGT,22.649999618530273,22.649999618530273,22.65999984741211,22.6200008392334,22.65999984741211,752.0
2024-03-01 09:39:00,FOLD,13.199000358581543,13.199000358581543,13.210000038146973,13.175000190734863,13.180000305175781,1765.0
2024-03-01 09:39:00,FULC,10.390000343322754,10.390000343322754,10.390000343322754,10.359999656677246,10.359999656677246,394.0
2024-03-01 09:39:00,FUSN,12.170000076293945,12.170000076293945,12.170000076293945,12.170000076293945,12.170000076293945,114.0
2024-03-01 09:39:00,FWBI,8.100000381469727,8.100000381469727,8.100000381469727,8.100000381469727,8.100000381469727,300.0
2024-03-01 09:39:00,GANX,4.590000152587891,4.590000152587891,4.599999904632568,4.590000152587891,4.599999904632568,274.0
2024-03-01 09:39:00,GCTK,0.29899999499320984,0.29899999499320984,0.29899999499320984,0.29899999499320984,0.29899999499320984,0.0
2024-03-01 09:39:00,GDRX,8.220000267028809,8.220000267028809,8.234999656677246,8.15999984741211,8.170000076293945,12258.0
2024-03-01 09:39:00,GENE,2.253700017929077,2.253700017929077,2.253700017929077,2.253700017929077,2.253700017929077,188.0
2024-03-01 09:39:00,GERN,2.0215001106262207,2.0215001106262207,2.0299999713897705,2.0215001106262207,2.0299999713897705,28638.0
2024-03-01 09:39:00,GH,19.0,19.0,19.0,18.959999084472656,18.959999084472656,557.0
2024-03-01 09:39:00,GILD,72.35800170898438,72.35800170898438,72.43000030517578,72.30999755859375,72.41999816894531,4412.0
2024-03-01 09:39:00,GLMD,0.4099999964237213,0.4099999964237213,0.41999998688697815,0.4099999964237213,0.41999998688697815,0.0
2024-03-01 09:39:00,GLPG,34.880001068115234,34.880001068115234,34.880001068115234,34.79999923706055,34.79999923706055,201.0
2024-03-01 09:39:00,GMDA,0.37059998512268066,0.37059998512268066,0.37059998512268066,0.3698999881744385,0.3698999881744385,1174.0
2024-03-01 09:39:00,GOSS,1.3700000047683716,1.3700000047683716,1.409999966621399,1.3700000047683716,1.3799999952316284,15830.0
2024-03-01 09:39:00,GRFS,6.789999961853027,6.789999961853027,6.789999961853027,6.760000228881836,6.764999866485596,28645.0
2024-03-01 09:39:00,GRPH,3.5,3.5,3.5,3.5,3.5,200.0
2024-03-01 09:39:00,GRTS,1.9699000120162964,1.9699000120162964,1.9700000286102295,1.899999976158142,1.9055999517440796,60635.0
2024-03-01 09:39:00,GRTX,0.23399999737739563,0.23399999737739563,0.23499999940395355,0.23399999737739563,0.23499999940395355,1556.0
2024-03-01 09:39:00,GTHX,3.3239998817443848,3.3239998817443848,3.3450000286102295,3.3239998817443848,3.3450000286102295,2614.0
2024-03-01 09:39:00,HALO,40.744998931884766,40.744998931884766,40.76499938964844,40.720001220703125,40.720001220703125,3546.0
2024-03-01 09:39:00,HARP,22.940000534057617,22.940000534057617,22.94499969482422,22.940000534057617,22.94499969482422,9186.0
2024-03-01 09:39:00,HBIO,4.349999904632568,4.349999904632568,4.349999904632568,4.340000152587891,4.340000152587891,2553.0
2024-03-01 09:39:00,HCAT,8.119999885559082,8.119999885559082,8.15999984741211,8.119999885559082,8.15999984741211,17603.0
2024-03-01 09:39:00,HCSG,12.640000343322754,12.640000343322754,12.640000343322754,12.640000343322754,12.640000343322754,366.0
2024-03-01 09:39:00,HCTI,2.4075000286102295,2.4075000286102295,2.4100000858306885,2.3299999237060547,2.3299999237060547,10380.0
2024-03-01 09:39:00,HEPA,3.134500026702881,3.134500026702881,3.1700000762939453,3.134500026702881,3.1500000953674316,1900.0
2024-03-01 09:39:00,HITI,1.7400000095367432,1.7400000095367432,1.7400000095367432,1.7400000095367432,1.7400000095367432,45.0
2024-03-01 09:39:00,HLTH,0.2750000059604645,0.2750000059604645,0.2750000059604645,0.2750000059604645,0.2750000059604645,0.0
2024-03-01 09:39:00,HOLX,73.2750015258789,73.2750015258789,73.29000091552734,73.2699966430664,73.2699966430664,884.0
2024-03-01 09:39:00,HQY,82.37000274658203,82.37000274658203,82.37000274658203,82.37000274658203,82.37000274658203,110.0
2024-03-01 09:39:00,HRMY,31.079999923706055,31.079999923706055,31.079999923706055,31.079999923706055,31.079999923706055,268.0
2024-03-01 09:39:00,HRTX,2.639400005340576,2.639400005340576,2.639400005340576,2.634999990463257,2.634999990463257,1128.0
2024-03-01 09:39:00,HSCS,0.1185000017285347,0.1185000017285347,0.11860000342130661,0.1185000017285347,0.11860000342130661,13048.0
2024-03-01 09:39:00,HSIC,76.3550033569336,76.3550033569336,76.3550033569336,76.24500274658203,76.24500274658203,813.0
2024-03-01 09:39:00,HUMA,3.050100088119507,3.050100088119507,3.059999942779541,3.0450000762939453,3.0590999126434326,23503.0
2024-03-01 09:39:00,IART,36.779998779296875,36.779998779296875,36.779998779296875,36.779998779296875,36.779998779296875,471.0
2024-03-01 09:39:00,IBRX,4.73799991607666,4.73799991607666,4.75,4.71999979019165,4.748000144958496,5662.0
2024-03-01 09:39:00,ICAD,1.75,1.75,1.75,1.75,1.75,501.0
2024-03-01 09:39:00,ICCM,1.3200000524520874,1.3200000524520874,1.3200000524520874,1.3200000524520874,1.3200000524520874,0.0
2024-03-01 09:39:00,ICLR,319.3599853515625,319.3599853515625,319.3599853515625,319.3599853515625,319.3599853515625,222.0
2024-03-01 09:39:00,ICUI,105.19999694824219,105.19999694824219,105.37999725341797,105.19999694824219,105.37999725341797,1991.0
2024-03-01 09:39:00,IDXX,565.489990234375,565.489990234375,565.489990234375,565.489990234375,565.489990234375,324.0
2024-03-01 09:39:00,IDYA,45.875,45.875,45.875,45.875,45.875,110.0
2024-03-01 09:39:00,IGMS,13.0,13.0,13.010000228881836,12.920499801635742,12.92590045928955,6612.0
2024-03-01 09:39:00,IINN,1.6749999523162842,1.6749999523162842,1.6749999523162842,1.6749999523162842,1.6749999523162842,501.0
2024-03-01 09:39:00,ILMN,136.52999877929688,136.52999877929688,136.88999938964844,136.5,136.6999969482422,2934.0
2024-03-01 09:39:00,IMAB,1.8207000494003296,1.8207000494003296,1.829800009727478,1.8207000494003296,1.8250000476837158,993.0
2024-03-01 09:39:00,IMCR,67.7699966430664,67.7699966430664,67.7699966430664,67.7699966430664,67.7699966430664,172.0
2024-03-01 09:39:00,IMMX,3.444999933242798,3.444999933242798,3.444999933242798,3.444999933242798,3.444999933242798,105.0
2024-03-01 09:39:00,IMVT,36.53499984741211,36.53499984741211,36.54499816894531,36.45000076293945,36.54499816894531,1569.0
2024-03-01 09:39:00,INCY,58.60749816894531,58.60749816894531,58.60749816894531,58.439998626708984,58.540000915527344,2467.0
2024-03-01 09:39:00,INGN,6.695000171661377,6.695000171661377,6.715000152587891,6.670000076293945,6.715000152587891,953.0
2024-03-01 09:39:00,INMD,21.950000762939453,21.950000762939453,21.950000762939453,21.8799991607666,21.950000762939453,1757.0
2024-03-01 09:39:00,INSM,28.06999969482422,28.06999969482422,28.06999969482422,28.06999969482422,28.06999969482422,176.0
2024-03-01 09:39:00,INVA,15.670000076293945,15.670000076293945,15.800000190734863,15.670000076293945,15.789999961853027,2956.0
2024-03-01 09:39:00,INZY,6.46999979019165,6.46999979019165,6.46999979019165,6.460000038146973,6.460000038146973,0.0
2024-03-01 09:39:00,IOBT,1.6399999856948853,1.6399999856948853,1.649999976158142,1.6399999856948853,1.649999976158142,14220.0
2024-03-01 09:39:00,IONS,45.2400016784668,45.2400016784668,45.279998779296875,45.2400016784668,45.279998779296875,257.0
2024-03-01 09:39:00,IOVA,16.76759910583496,16.76759910583496,16.780000686645508,16.600000381469727,16.645000457763672,47616.0
2024-03-01 09:39:00,IRWD,8.899999618530273,8.899999618530273,8.899999618530273,8.839900016784668,8.839900016784668,13496.0
2024-03-01 09:39:00,ISRG,383.9721984863281,383.9721984863281,383.9721984863281,383.5899963378906,383.7099914550781,3043.0
2024-03-01 09:39:00,ITRM,1.2451000213623047,1.2451000213623047,1.2451000213623047,1.2451000213623047,1.2451000213623047,1560.0
2024-03-01 09:39:00,IVVD,3.95770001411438,3.95770001411438,3.95770001411438,3.95770001411438,3.95770001411438,0.0
2024-03-01 09:39:00,IXHL,5.020400047302246,5.020400047302246,5.020400047302246,5.020400047302246,5.020400047302246,107.0
2024-03-01 09:39:00,JAGX,0.06120000034570694,0.06120000034570694,0.06129999831318855,0.06120000034570694,0.06129999831318855,96164.0
2024-03-01 09:39:00,JANX,46.95500183105469,46.95500183105469,46.95500183105469,46.150001525878906,46.150001525878906,1616.0
2024-03-01 09:39:00,JAZZ,120.2249984741211,120.2249984741211,120.4000015258789,120.0199966430664,120.0199966430664,4629.0
2024-03-01 09:39:00,KALV,13.930000305175781,13.930000305175781,13.930000305175781,13.920000076293945,13.920000076293945,1640.0
2024-03-01 09:39:00,KNSA,21.459999084472656,21.459999084472656,21.469999313354492,21.420000076293945,21.420000076293945,2789.0
2024-03-01 09:39:00,KOD,6.179999828338623,6.179999828338623,6.215000152587891,6.179999828338623,6.210000038146973,1936.0
2024-03-01 09:39:00,KPTI,1.1549999713897705,1.1549999713897705,1.159999966621399,1.1509000062942505,1.1509000062942505,1953.0
2024-03-01 09:39:00,KRTX,315.9775085449219,315.9775085449219,315.9775085449219,315.9775085449219,315.9775085449219,167.0
2024-03-01 09:39:00,KTRA,0.1046999990940094,0.1046999990940094,0.1046999990940094,0.1046999990940094,0.1046999990940094,0.0
2024-03-01 09:39:00,KURA,21.46500015258789,21.46500015258789,21.46500015258789,21.46500015258789,21.46500015258789,120.0
2024-03-01 09:39:00,KZR,1.059999942779541,1.059999942779541,1.059999942779541,1.059999942779541,1.059999942779541,200.0
2024-03-01 09:39:00,LBPH,23.25,23.25,23.25,23.158599853515625,23.158599853515625,553.0
2024-03-01 09:39:00,LEGN,65.78500366210938,65.78500366210938,65.78500366210938,65.72000122070312,65.72000122070312,333.0
2024-03-01 09:39:00,LEXX,2.598900079727173,2.598900079727173,2.619999885559082,2.5037999153137207,2.5299999713897705,19128.0
2024-03-01 09:39:00,LFST,7.980000019073486,7.980000019073486,8.0,7.920000076293945,7.920000076293945,3394.0
2024-03-01 09:39:00,LMAT,69.69999694824219,69.69999694824219,69.69999694824219,69.69999694824219,69.69999694824219,483.0
2024-03-01 09:39:00,LNSR,4.989799976348877,4.989799976348877,4.989799976348877,4.989799976348877,4.989799976348877,1401.0
2024-03-01 09:39:00,LPTX,2.880000114440918,2.880000114440918,2.880000114440918,2.875,2.875,237.0
2024-03-01 09:39:00,LQDA,14.220000267028809,14.220000267028809,14.245400428771973,14.220000267028809,14.245400428771973,346.0
2024-03-01 09:39:00,LUNG,9.119999885559082,9.119999885559082,9.177499771118164,9.119999885559082,9.177499771118164,2919.0
2024-03-01 09:39:00,LVTX,2.890000104904175,2.890000104904175,2.9091999530792236,2.8499999046325684,2.8949999809265137,4945.0
2024-03-01 09:39:00,LXRX,2.410599946975708,2.410599946975708,2.4200000762939453,2.4000000953674316,2.4200000762939453,37091.0
2024-03-01 09:39:00,LYEL,2.950000047683716,2.950000047683716,2.950000047683716,2.950000047683716,2.950000047683716,326.0
2024-03-01 09:39:00,LYRA,5.389999866485596,5.389999866485596,5.389999866485596,5.349999904632568,5.349999904632568,520.0
2024-03-01 09:39:00,MACK,14.710000038146973,14.710000038146973,14.710000038146973,14.710000038146973,14.710000038146973,258.0
2024-03-01 09:39:00,MBOT,1.2699999809265137,1.2699999809265137,1.2699999809265137,1.2699999809265137,1.2699999809265137,1005.0
2024-03-01 09:39:00,MBRX,0.6298999786376953,0.6298999786376953,0.6298999786376953,0.6298999786376953,0.6298999786376953,0.0
2024-03-01 09:39:00,MCRB,1.149899959564209,1.149899959564209,1.149899959564209,1.149899959564209,1.149899959564209,2089.0
2024-03-01 09:39:00,MDGL,240.8699951171875,240.8699951171875,240.8699951171875,240.8699951171875,240.8699951171875,113.0
2024-03-01 09:39:00,MDRX,5.429999828338623,5.429999828338623,5.5,5.010000228881836,5.110000133514404,49200.0
2024-03-01 09:39:00,ME,0.5547999739646912,0.5547999739646912,0.5583000183105469,0.5521000027656555,0.5521000027656555,13096.0
2024-03-01 09:39:00,MEDP,398.39520263671875,398.39520263671875,398.94000244140625,398.39520263671875,398.94000244140625,332.0
2024-03-01 09:39:00,MGNX,18.334999084472656,18.334999084472656,18.36989974975586,18.334999084472656,18.36989974975586,490.0
2024-03-01 09:39:00,MIRM,29.16010093688965,29.16010093688965,29.16010093688965,29.16010093688965,29.16010093688965,195.0
2024-03-01 09:39:00,MIST,1.7200000286102295,1.7200000286102295,1.7200000286102295,1.7200000286102295,1.7200000286102295,4678.0
2024-03-01 09:39:00,MLTX,52.14500045776367,52.14500045776367,52.14500045776367,52.03499984741211,52.03499984741211,240.0
2024-03-01 09:39:00,MNKD,4.304999828338623,4.304999828338623,4.304999828338623,4.293099880218506,4.300000190734863,1614.0
2024-03-01 09:39:00,MNMD,5.644000053405762,5.644000053405762,5.644000053405762,5.639999866485596,5.639999866485596,219.0
2024-03-01 09:39:00,MNOV,1.3600000143051147,1.3600000143051147,1.3600000143051147,1.3550000190734863,1.3550000190734863,601.0
2024-03-01 09:39:00,MNPR,0.7530999779701233,0.7530999779701233,0.7559999823570251,0.7530999779701233,0.7558000087738037,11626.0
2024-03-01 09:39:00,MODD,1.9550000429153442,1.9550000429153442,1.9550000429153442,1.9550000429153442,1.9550000429153442,200.0
2024-03-01 09:39:00,MOR,17.59000015258789,17.59000015258789,17.59000015258789,17.59000015258789,17.59000015258789,242.0
2024-03-01 09:39:00,MREO,3.809999942779541,3.809999942779541,3.819999933242798,3.809999942779541,3.819999933242798,2365.0
2024-03-01 09:39:00,MRNA,92.81999969482422,92.81999969482422,92.81999969482422,92.43409729003906,92.62310028076172,5982.0
2024-03-01 09:39:00,MRNS,9.699999809265137,9.699999809265137,9.699999809265137,9.699999809265137,9.699999809265137,369.0
2024-03-01 09:39:00,MRSN,5.679999828338623,5.679999828338623,5.710100173950195,5.639999866485596,5.644999980926514,3893.0
2024-03-01 09:39:00,MRUS,48.830101013183594,48.830101013183594,49.36000061035156,48.830101013183594,49.29499816894531,2000.0
2024-03-01 09:39:00,MRVI,7.695000171661377,7.695000171661377,7.695000171661377,7.659999847412109,7.664999961853027,2051.0
2024-03-01 09:39:00,MXCT,4.585000038146973,4.585000038146973,4.585000038146973,4.579999923706055,4.579999923706055,200.0
2024-03-01 09:39:00,MYNZ,0.8840000033378601,0.8840000033378601,0.8840000033378601,0.8840000033378601,0.8840000033378601,109.0
2024-03-01 09:39:00,NARI,45.0,45.0,45.33000183105469,44.529998779296875,44.57500076293945,36753.0
2024-03-01 09:39:00,NBIX,131.88499450683594,131.88499450683594,131.91000366210938,131.7100067138672,131.81500244140625,9364.0
2024-03-01 09:39:00,NEO,15.635000228881836,15.635000228881836,15.635000228881836,15.609999656677246,15.609999656677246,206.0
2024-03-01 09:39:00,NEOG,16.934999465942383,16.934999465942383,16.940000534057617,16.924999237060547,16.924999237060547,803.0
2024-03-01 09:39:00,NERV,2.690000057220459,2.690000057220459,2.690000057220459,2.690000057220459,2.690000057220459,12318.0
2024-03-01 09:39:00,NGM,1.5199999809265137,1.5199999809265137,1.524999976158142,1.5199999809265137,1.524999976158142,20869.0
2024-03-01 09:39:00,NKTR,0.722599983215332,0.722599983215332,0.722599983215332,0.722599983215332,0.722599983215332,105.0
2024-03-01 09:39:00,NKTX,12.359999656677246,12.359999656677246,12.359999656677246,12.319999694824219,12.329999923706055,922.0
2024-03-01 09:39:00,NNOX,11.152999877929688,11.152999877929688,11.239999771118164,11.152999877929688,11.239999771118164,4547.0
2024-03-01 09:39:00,NOTV,7.414999961853027,7.414999961853027,7.414999961853027,7.414999961853027,7.414999961853027,700.0
2024-03-01 09:39:00,NRBO,5.75,5.75,5.75,5.75,5.75,1553.0
2024-03-01 09:39:00,NRSN,1.8044999837875366,1.8044999837875366,1.8044999837875366,1.8044999837875366,1.8044999837875366,0.0
2024-03-01 09:39:00,NRXP,0.3928999900817871,0.3928999900817871,0.3928999900817871,0.3874000012874603,0.3874000012874603,15615.0
2024-03-01 09:39:00,NTLA,32.723201751708984,32.723201751708984,32.723201751708984,32.70000076293945,32.70000076293945,313.0
2024-03-01 09:39:00,NTRA,89.58000183105469,89.58000183105469,89.62000274658203,89.33000183105469,89.56999969482422,2900.0
2024-03-01 09:39:00,NUTX,0.11299999803304672,0.11299999803304672,0.11299999803304672,0.11299999803304672,0.11299999803304672,305.0
2024-03-01 09:39:00,NUVL,86.56999969482422,86.56999969482422,86.56999969482422,86.5199966430664,86.5199966430664,256.0
2024-03-01 09:39:00,NUWE,0.589900016784668,0.589900016784668,0.589900016784668,0.589900016784668,0.589900016784668,0.0
2024-03-01 09:39:00,NVAX,5.008800029754639,5.008800029754639,5.010000228881836,4.965000152587891,4.96999979019165,26817.0
2024-03-01 09:39:00,NVCR,15.279999732971191,15.279999732971191,15.279999732971191,15.279999732971191,15.279999732971191,240.0
2024-03-01 09:39:00,NVNO,6.278500080108643,6.278500080108643,6.278500080108643,6.079999923706055,6.079999923706055,648.0
2024-03-01 09:39:00,NXTC,1.7200000286102295,1.7200000286102295,1.7400000095367432,1.7200000286102295,1.7400000095367432,200.0
2024-03-01 09:39:00,OCGN,0.9275000095367432,0.9275000095367432,0.9348999857902527,0.9200000166893005,0.9200000166893005,2513.0
2024-03-01 09:39:00,OCUL,10.260000228881836,10.260000228881836,10.323699951171875,10.260000228881836,10.323699951171875,9208.0
2024-03-01 09:39:00,OFIX,12.949999809265137,12.949999809265137,13.0,12.949999809265137,12.960000038146973,760.0
2024-03-01 09:39:00,OGI,2.075000047683716,2.075000047683716,2.075000047683716,2.0699000358581543,2.0699000358581543,8096.0
2024-03-01 09:39:00,OLK,22.44499969482422,22.44499969482422,22.44499969482422,22.44499969482422,22.44499969482422,200.0
2024-03-01 09:39:00,OLMA,12.920000076293945,12.920000076293945,12.920000076293945,12.84000015258789,12.84000015258789,961.0
2024-03-01 09:39:00,OM,3.0299999713897705,3.0299999713897705,3.0299999713897705,3.0299999713897705,3.0299999713897705,207.0
2024-03-01 09:39:00,OMER,4.550000190734863,4.550000190734863,4.559999942779541,4.550000190734863,4.559999942779541,206.0
2024-03-01 09:39:00,ONTX,0.8149999976158142,0.8149999976158142,0.8149999976158142,0.8149999976158142,0.8149999976158142,711.0
2024-03-01 09:40:00,ABCL,5.034999847412109,5.034999847412109,5.034999847412109,5.034999847412109,5.034999847412109,583.0
2024-03-01 09:40:00,ABEO,7.098499774932861,7.098499774932861,7.098499774932861,7.098499774932861,7.098499774932861,2000.0
2024-03-01 09:40:00,ABIO,1.6306999921798706,1.6306999921798706,1.6306999921798706,1.6306999921798706,1.6306999921798706,424.0
2024-03-01 09:40:00,ABOS,4.46999979019165,4.46999979019165,4.46999979019165,4.46999979019165,4.46999979019165,200.0
2024-03-01 09:40:00,ABSI,5.119999885559082,5.119999885559082,5.124199867248535,5.039999961853027,5.039999961853027,5823.0
2024-03-01 09:40:00,ABUS,2.759999990463257,2.759999990463257,2.759999990463257,2.759999990463257,2.759999990463257,283.0
2024-03-01 09:40:00,ACAD,23.575000762939453,23.575000762939453,23.600000381469727,23.489999771118164,23.489999771118164,13987.0
2024-03-01 09:40:00,ACB,3.0297999382019043,3.0297999382019043,3.0495998859405518,3.0250000953674316,3.0399999618530273,6583.0
2024-03-01 09:40:00,ACCD,10.050000190734863,10.050000190734863,10.050000190734863,10.050000190734863,10.050000190734863,180.0
2024-03-01 09:40:00,ACET,2.369999885559082,2.369999885559082,2.369999885559082,2.369999885559082,2.369999885559082,1129.0
2024-03-01 09:40:00,ACHL,1.340000033378601,1.340000033378601,1.3401000499725342,1.340000033378601,1.340000033378601,5977.0
2024-03-01 09:40:00,ACHV,4.03000020980835,4.03000020980835,4.03000020980835,4.03000020980835,4.03000020980835,945.0
2024-03-01 09:40:00,ACRS,1.2400000095367432,1.2400000095367432,1.2400000095367432,1.2400000095367432,1.2400000095367432,1669.0
2024-03-01 09:40:00,ADAP,1.600000023841858,1.600000023841858,1.6100000143051147,1.600000023841858,1.6080000400543213,12128.0
2024-03-01 09:40:00,ADIL,3.9200000762939453,3.9200000762939453,4.070000171661377,3.6600000858306885,3.6700000762939453,1953262.0
2024-03-01 09:40:00,ADMA,5.385000228881836,5.385000228881836,5.389999866485596,5.385000228881836,5.385000228881836,1356.0
2024-03-01 09:40:00,ADPT,4.029900074005127,4.029900074005127,4.029900074005127,4.029900074005127,4.029900074005127,635.0
2024-03-01 09:40:00,ADVM,1.9850000143051147,1.9850000143051147,2.0,1.9850000143051147,2.0,5164.0
2024-03-01 09:40:00,AGEN,0.6823999881744385,0.6823999881744385,0.6825000047683716,0.6798999905586243,0.6800000071525574,18548.0
2024-03-01 09:40:00,AGIO,32.38610076904297,32.38610076904297,32.38610076904297,32.38610076904297,32.38610076904297,689.0
2024-03-01 09:40:00,AGRX,0.8199999928474426,0.8199999928474426,0.8199999928474426,0.8199999928474426,0.8199999928474426,1217.0
2024-03-01 09:40:00,AHCO,10.510000228881836,10.510000228881836,10.515000343322754,10.470000267028809,10.470000267028809,925.0
2024-03-01 09:40:00,AIMD,0.9800000190734863,0.9800000190734863,0.9800000190734863,0.9800000190734863,0.9800000190734863,200.0
2024-03-01 09:40:00,AIRS,6.550000190734863,6.550000190734863,6.550000190734863,6.550000190734863,6.550000190734863,258.0
2024-03-01 09:40:00,AKAN,0.2858999967575073,0.2858999967575073,0.2858999967575073,0.2809999883174896,0.2809999883174896,0.0
2024-03-01 09:40:00,AKBA,1.6050000190734863,1.6050000190734863,1.6050000190734863,1.6050000190734863,1.6050000190734863,230.0
2024-03-01 09:40:00,AKLI,0.3449999988079071,0.3449999988079071,0.3449999988079071,0.3449999988079071,0.3449999988079071,7900.0
2024-03-01 09:40:00,AKRO,28.8700008392334,28.8700008392334,28.940000534057617,28.860000610351562,28.895000457763672,2551.0
2024-03-01 09:40:00,AKYA,5.829999923706055,5.829999923706055,5.829999923706055,5.829999923706055,5.829999923706055,201.0
2024-03-01 09:40:00,ALDX,3.8299999237060547,3.8299999237060547,3.8299999237060547,3.8287999629974365,3.8287999629974365,1215.0
2024-03-01 09:40:00,ALEC,7.25,7.25,7.25,7.25,7.25,189.0
2024-03-01 09:40:00,ALGN,299.2250061035156,299.2250061035156,299.739990234375,298.7099914550781,298.7099914550781,1415.0
2024-03-01 09:40:00,ALGS,0.9800000190734863,0.9800000190734863,0.9800000190734863,0.9800000190734863,0.9800000190734863,300.0
2024-03-01 09:40:00,ALHC,6.0,6.0,6.0,5.894999980926514,5.894999980926514,18172.0
2024-03-01 09:40:00,ALKS,30.079999923706055,30.079999923706055,30.079999923706055,29.940000534057617,29.940000534057617,5465.0
2024-03-01 09:40:00,ALLK,1.5378999710083008,1.5378999710083008,1.5378999710083008,1.5378999710083008,1.5378999710083008,5034.0
2024-03-01 09:40:00,ALLO,4.920000076293945,4.920000076293945,4.939300060272217,4.915999889373779,4.939300060272217,2481.0
2024-03-01 09:40:00,ALNY,150.5,150.5,150.58999633789062,150.17999267578125,150.58999633789062,1275.0
2024-03-01 09:40:00,ALPN,35.599998474121094,35.599998474121094,35.650001525878906,35.599998474121094,35.650001525878906,1846.0
2024-03-01 09:40:00,ALT,12.310099601745605,12.310099601745605,12.36240005493164,12.310099601745605,12.329999923706055,11874.0
2024-03-01 09:40:00,ALVO,15.621399879455566,15.621399879455566,15.630000114440918,15.5649995803833,15.5649995803833,1600.0
2024-03-01 09:40:00,ALXO,14.835000038146973,14.835000038146973,14.835000038146973,14.835000038146973,14.835000038146973,503.0
2024-03-01 09:40:00,AMED,93.23999786376953,93.23999786376953,93.25499725341797,93.12999725341797,93.12999725341797,873.0
2024-03-01 09:40:00,AMGN,277.0159912109375,277.0159912109375,277.8190002441406,276.4750061035156,277.8190002441406,23543.0
2024-03-01 09:40:00,AMLX,18.665000915527344,18.665000915527344,18.799999237060547,18.6299991607666,18.799999237060547,4652.0
2024-03-01 09:40:00,AMPH,45.584999084472656,45.584999084472656,46.41630172729492,45.584999084472656,46.41630172729492,9202.0
2024-03-01 09:40:00,AMRN,0.9828000068664551,0.9828000068664551,0.9948999881744385,0.9800000190734863,0.9901000261306763,43069.0
2024-03-01 09:40:00,ANGO,5.315000057220459,5.315000057220459,5.315000057220459,5.309999942779541,5.309999942779541,304.0
2024-03-01 09:40:00,ANIK,24.235000610351562,24.235000610351562,24.235000610351562,24.235000610351562,24.235000610351562,247.0
2024-03-01 09:40:00,ANIP,67.8550033569336,67.8550033569336,68.00499725341797,67.8550033569336,68.00499725341797,846.0
2024-03-01 09:40:00,ANNX,5.994999885559082,5.994999885559082,6.017499923706055,5.960000038146973,6.0,40725.0
2024-03-01 09:40:00,APLS,62.13750076293945,62.13750076293945,62.185001373291016,62.04999923706055,62.064998626708984,3487.0
2024-03-01 09:40:00,APLT,7.46999979019165,7.46999979019165,7.46999979019165,7.453800201416016,7.460000038146973,3498.0
2024-03-01 09:40:00,AQST,3.9000000953674316,3.9000000953674316,3.9100000858306885,3.8845999240875244,3.890000104904175,29034.0
2024-03-01 09:40:00,ARCT,39.75,39.75,39.75,39.55799865722656,39.55799865722656,247.0
2024-03-01 09:40:00,ARDX,9.510000228881836,9.510000228881836,9.510000228881836,9.48009967803955,9.48009967803955,2042.0
2024-03-01 09:40:00,ARGX,381.9049987792969,381.9049987792969,382.7200012207031,381.5899963378906,381.5899963378906,4055.0
2024-03-01 09:40:00,ARQT,10.4399995803833,10.4399995803833,10.444999694824219,10.40999984741211,10.40999984741211,5630.0
2024-03-01 09:40:00,ARVN,47.564998626708984,47.564998626708984,47.564998626708984,47.564998626708984,47.564998626708984,108.0
2024-03-01 09:40:00,ARWR,33.10499954223633,33.10499954223633,33.14509963989258,33.10499954223633,33.14509963989258,459.0
2024-03-01 09:40:00,ASMB,13.430000305175781,13.430000305175781,13.430000305175781,13.194999694824219,13.199999809265137,4908.0
2024-03-01 09:40:00,ASND,148.3699951171875,148.3699951171875,149.02999877929688,148.36000061035156,149.02499389648438,2932.0
2024-03-01 09:40:00,ASRT,0.8884000182151794,0.8884000182151794,0.8898000121116638,0.8884000182151794,0.8898000121116638,1330.0
2024-03-01 09:40:00,ATAI,1.9500000476837158,1.9500000476837158,1.9500000476837158,1.947700023651123,1.9500000476837158,389.0
2024-03-01 09:40:00,ATEC,13.210000038146973,13.210000038146973,13.239999771118164,13.199999809265137,13.220000267028809,994.0
2024-03-01 09:40:00,ATRA,0.7799999713897705,0.7799999713897705,0.7809000015258789,0.7799999713897705,0.7809000015258789,385.0
2024-03-01 09:40:00,ATRC,34.720001220703125,34.720001220703125,34.720001220703125,34.720001220703125,34.720001220703125,337.0
2024-03-01 09:40:00,ATXS,14.354999542236328,14.354999542236328,14.354999542236328,14.354999542236328,14.354999542236328,321.0
2024-03-01 09:40:00,AUPH,5.659999847412109,5.659999847412109,5.659999847412109,5.644000053405762,5.65500020980835,4535.0
2024-03-01 09:40:00,AUTL,6.110000133514404,6.110000133514404,6.114999771118164,6.110000133514404,6.110000133514404,983.0
2024-03-01 09:40:00,AVDL,12.73740005493164,12.73740005493164,12.73740005493164,12.73740005493164,12.73740005493164,1300.0
2024-03-01 09:40:00,AVIR,4.355000019073486,4.355000019073486,4.355000019073486,4.340700149536133,4.349999904632568,5814.0
2024-03-01 09:40:00,AVXL,5.170100212097168,5.170100212097168,5.170100212097168,5.150000095367432,5.150000095367432,1331.0
2024-03-01 09:40:00,AXNX,67.6500015258789,67.6500015258789,67.80000305175781,67.6500015258789,67.80000305175781,7481.0
2024-03-01 09:40:00,AZN,64.43499755859375,64.43499755859375,64.47000122070312,64.4000015258789,64.4000015258789,8910.0
2024-03-01 09:40:00,AZTA,65.16000366210938,65.16000366210938,65.18000030517578,65.1500015258789,65.18000030517578,948.0
2024-03-01 09:40:00,BBIO,34.63999938964844,34.63999938964844,34.63999938964844,34.63999938964844,34.63999938964844,251.0
2024-03-01 09:40:00,BBLG,2.7899999618530273,2.7899999618530273,2.7899999618530273,2.7604000568389893,2.7604000568389893,756.0
2024-03-01 09:40:00,BCEL,0.26989999413490295,0.26989999413490295,0.26989999413490295,0.26980000734329224,0.26989999413490295,2723.0
2024-03-01 09:40:00,BCRX,5.739999771118164,5.739999771118164,5.749199867248535,5.739999771118164,5.739999771118164,1137.0
2024-03-01 09:40:00,BEAM,39.47999954223633,39.47999954223633,39.66999816894531,39.470001220703125,39.66999816894531,2583.0
2024-03-01 09:40:00,BGNE,163.72500610351562,163.72500610351562,163.72500610351562,163.72500610351562,163.72500610351562,688.0
2024-03-01 09:40:00,BGXX,0.2678999900817871,0.2678999900817871,0.2678999900817871,0.2678999900817871,0.2678999900817871,200.0
2024-03-01 09:40:00,BIIB,216.75999450683594,216.75999450683594,216.97500610351562,216.75999450683594,216.97500610351562,812.0
2024-03-01 09:40:00,BIVI,2.649899959564209,2.649899959564209,2.7999000549316406,2.630000114440918,2.7995998859405518,404127.0
2024-03-01 09:40:00,BLCM,0.08245199918746948,0.08245199918746948,0.08245199918746948,0.08245199918746948,0.08245199918746948,191.0
2024-03-01 09:40:00,BLFS,17.209999084472656,17.209999084472656,17.309999465942383,16.90060043334961,17.309999465942383,16545.0
2024-03-01 09:40:00,BLRX,1.399999976158142,1.399999976158142,1.399999976158142,1.399999976158142,1.399999976158142,4888.0
2024-03-01 09:40:00,BLUE,1.4591000080108643,1.4591000080108643,1.4696999788284302,1.4550000429153442,1.465000033378601,16089.0
2024-03-01 09:40:00,BMEA,17.3799991607666,17.3799991607666,17.440000534057617,17.350000381469727,17.389999389648438,2238.0
2024-03-01 09:40:00,BMRN,86.2509994506836,86.2509994506836,86.2509994506836,86.2509994506836,86.2509994506836,287.0
2024-03-01 09:40:00,BNGO,1.2400000095367432,1.2400000095367432,1.2400000095367432,1.2300000190734863,1.2350000143051147,12541.0
2024-03-01 09:40:00,BNTX,90.5199966430664,90.5199966430664,90.5199966430664,90.38999938964844,90.51499938964844,1649.0
2024-03-01 09:40:00,BPMC,95.30999755859375,95.30999755859375,95.30999755859375,95.30999755859375,95.30999755859375,328.0
2024-03-01 09:40:00,BRKR,86.75,86.75,86.80000305175781,86.41500091552734,86.41500091552734,12159.0
2024-03-01 09:40:00,BTAI,3.180000066757202,3.180000066757202,3.194999933242798,3.180000066757202,3.194999933242798,4660.0
2024-03-01 09:40:00,BTCY,0.9215999841690063,0.9215999841690063,0.9215999841690063,0.9215999841690063,0.9215999841690063,2961.0
2024-03-01 09:40:00,BTTX,0.16259999573230743,0.16259999573230743,0.16269999742507935,0.16009999811649323,0.16269999742507935,22923.0
2024-03-01 09:40:00,BVS,4.639999866485596,4.639999866485596,4.650000095367432,4.639999866485596,4.650000095367432,779.0
2024-03-01 09:40:00,BYSI,1.3600000143051147,1.3600000143051147,1.3600000143051147,1.350000023841858,1.3600000143051147,1033.0
2024-03-01 09:40:00,CABA,23.934999465942383,23.934999465942383,23.934999465942383,23.8799991607666,23.8799991607666,2100.0
2024-03-01 09:40:00,CAPR,4.559999942779541,4.559999942779541,4.559999942779541,4.510000228881836,4.510000228881836,190.0
2024-03-01 09:40:00,CARA,0.8399999737739563,0.8399999737739563,0.8399999737739563,0.8399999737739563,0.8399999737739563,400.0
2024-03-01 09:40:00,CBAY,32.209999084472656,32.209999084472656,32.21500015258789,32.20000076293945,32.20000076293945,14656.0
2024-03-01 09:40:00,CCCC,10.899200439453125,10.899200439453125,10.926400184631348,10.812399864196777,10.812399864196777,4034.0
2024-03-01 09:40:00,CDNA,11.15999984741211,11.15999984741211,11.15999984741211,11.09000015258789,11.129899978637695,1396.0
2024-03-01 09:40:00,CDXS,4.460000038146973,4.460000038146973,4.479300022125244,4.440000057220459,4.460999965667725,4387.0
2024-03-01 09:40:00,CELC,15.779999732971191,15.779999732971191,15.779999732971191,15.734999656677246,15.734999656677246,400.0
2024-03-01 09:40:00,CERE,41.084999084472656,41.084999084472656,41.084999084472656,41.084999084472656,41.084999084472656,525.0
2024-03-01 09:40:00,CERS,2.140000104904175,2.140000104904175,2.140000104904175,2.134999990463257,2.134999990463257,1502.0
2024-03-01 09:40:00,CERT,16.750099182128906,16.750099182128906,16.959999084472656,16.750099182128906,16.850000381469727,3306.0
2024-03-01 09:40:00,CGC,3.2451999187469482,3.2451999187469482,3.255000114440918,3.2399001121520996,3.255000114440918,8795.0
2024-03-01 09:40:00,CHRS,2.2750000953674316,2.2750000953674316,2.288800001144409,2.2750000953674316,2.288800001144409,905.0
2024-03-01 09:40:00,CING,1.3300000429153442,1.3300000429153442,1.3300000429153442,1.3300000429153442,1.3300000429153442,536.0
2024-03-01 09:40:00,CKPT,2.156599998474121,2.156599998474121,2.1600000858306885,2.1549999713897705,2.1549999713897705,1210.0
2024-03-01 09:40:00,CLDX,49.779998779296875,49.779998779296875,49.939998626708984,49.65999984741211,49.7400016784668,10980.0
2024-03-01 09:40:00,CLNN,0.4050000011920929,0.4050000011920929,0.4050000011920929,0.4050000011920929,0.4050000011920929,520.0
2024-03-01 09:40:00,CLOV,0.8531000018119812,0.8531000018119812,0.8596000075340271,0.8529999852180481,0.8562999963760376,15682.0
2024-03-01 09:40:00,CLPT,6.559999942779541,6.559999942779541,6.559999942779541,6.510000228881836,6.510000228881836,1311.0
2024-03-01 09:40:00,CLRB,3.943000078201294,3.943000078201294,3.943000078201294,3.943000078201294,3.943000078201294,509.0
2024-03-01 09:40:00,CMPS,10.649999618530273,10.649999618530273,10.649999618530273,10.449999809265137,10.449999809265137,10646.0
2024-03-01 09:40:00,CMRX,1.1146999597549438,1.1146999597549438,1.1201000213623047,1.1100000143051147,1.1201000213623047,11114.0
2024-03-01 09:40:00,COGT,7.210000038146973,7.210000038146973,7.230000019073486,7.182600021362305,7.182600021362305,1003.0
2024-03-01 09:40:00,CPRX,16.655000686645508,16.655000686645508,16.700000762939453,16.572999954223633,16.598400115966797,8351.0
2024-03-01 09:40:00,CRBU,8.109999656677246,8.109999656677246,8.109999656677246,8.09000015258789,8.100000381469727,1110.0
2024-03-01 09:40:00,CRDF,2.247999906539917,2.247999906539917,2.2799999713897705,2.2249999046325684,2.2249999046325684,118736.0
2024-03-01 09:40:00,CRDL,2.125,2.125,2.125,2.125,2.125,4600.0
2024-03-01 09:40:00,CRMD,3.5999999046325684,3.5999999046325684,3.609999895095825,3.5899999141693115,3.609999895095825,1780.0
2024-03-01 09:40:00,CRNX,43.29999923706055,43.29999923706055,43.65999984741211,43.15999984741211,43.16999816894531,5493.0
2024-03-01 09:40:00,CRON,2.0399999618530273,2.0399999618530273,2.055000066757202,2.0399999618530273,2.055000066757202,1492.0
2024-03-01 09:40:00,CRSP,84.11499786376953,84.11499786376953,84.4999008178711,83.91999816894531,84.20999908447266,5816.0
2024-03-01 09:40:00,CSTL,18.969999313354492,18.969999313354492,18.969999313354492,18.969999313354492,18.969999313354492,1084.0
2024-03-01 09:40:00,CTKB,7.804999828338623,7.804999828338623,7.815000057220459,7.670000076293945,7.670000076293945,4354.0
2024-03-01 09:40:00,CTMX,2.4000000953674316,2.4000000953674316,2.4000000953674316,2.3949999809265137,2.4000000953674316,2000.0
2024-03-01 09:40:00,CUTR,2.120699882507324,2.120699882507324,2.1500000953674316,2.120699882507324,2.130000114440918,6663.0
2024-03-01 09:40:00,CVAC,3.4200000762939453,3.4200000762939453,3.4200000762939453,3.4200000762939453,3.4200000762939453,0.0
2024-03-01 09:40:00,CVRX,19.639999389648438,19.639999389648438,19.65999984741211,19.639999389648438,19.65999984741211,204.0
2024-03-01 09:40:00,CYTK,73.63999938964844,73.63999938964844,73.86000061035156,73.59500122070312,73.76000213623047,2524.0
2024-03-01 09:40:00,DARE,0.5774999856948853,0.5774999856948853,0.5774999856948853,0.5774999856948853,0.5774999856948853,263.0
2024-03-01 09:40:00,DAWN,17.09000015258789,17.09000015258789,17.09000015258789,17.030000686645508,17.030000686645508,1332.0
2024-03-01 09:40:00,DCGO,4.039999961853027,4.039999961853027,4.039999961853027,3.940000057220459,3.950000047683716,11311.0
2024-03-01 09:40:00,DCPH,17.0,17.0,17.030000686645508,17.0,17.024999618530273,837.0
2024-03-01 09:40:00,DMTK,0.8550000190734863,0.8550000190734863,0.949999988079071,0.8550000190734863,0.9399999976158142,12485.0
2024-03-01 09:40:00,DNLI,20.559999465942383,20.559999465942383,20.559999465942383,20.510000228881836,20.53499984741211,1974.0
2024-03-01 09:40:00,DSGN,2.7899999618530273,2.7899999618530273,2.7899999618530273,2.7899999618530273,2.7899999618530273,228.0
2024-03-01 09:40:00,DTIL,12.770000457763672,12.770000457763672,13.069899559020996,12.770000457763672,13.0,5961.0
2024-03-01 09:40:00,DVAX,12.71500015258789,12.71500015258789,12.725000381469727,12.71500015258789,12.725000381469727,1053.0
2024-03-01 09:40:00,DXCM,114.69499969482422,114.69499969482422,115.15010070800781,114.69000244140625,114.82499694824219,6684.0
2024-03-01 09:40:00,DYN,28.6200008392334,28.6200008392334,28.6200008392334,28.361600875854492,28.469999313354492,1448.0
2024-03-01 09:40:00,EDIT,10.239999771118164,10.239999771118164,10.3100004196167,10.229999542236328,10.3100004196167,7912.0
2024-03-01 09:40:00,EFTR,14.34000015258789,14.34000015258789,14.34000015258789,14.34000015258789,14.34000015258789,280.0
2024-03-01 09:40:00,EGRX,6.119999885559082,6.119999885559082,6.150000095367432,6.119999885559082,6.150000095367432,442.0
2024-03-01 09:40:00,ELEV,4.599999904632568,4.599999904632568,4.650000095367432,4.590000152587891,4.614999771118164,3988.0
2024-03-01 09:40:00,EMBC,14.270000457763672,14.270000457763672,14.270000457763672,14.270000457763672,14.270000457763672,101.0
2024-03-01 09:40:00,ENTA,14.460000038146973,14.460000038146973,14.460000038146973,14.460000038146973,14.460000038146973,1601.0
2024-03-01 09:40:00,ENVB,1.7898999452590942,1.7898999452590942,1.850000023841858,1.7300000190734863,1.8300000429153442,130960.0
2024-03-01 09:40:00,ERAS,2.369999885559082,2.369999885559082,2.369999885559082,2.369999885559082,2.369999885559082,101.0
2024-03-01 09:40:00,ESPR,2.484999895095825,2.484999895095825,2.484999895095825,2.4800000190734863,2.484999895095825,2735.0
2024-03-01 09:40:00,ETNB,12.319999694824219,12.319999694824219,12.574999809265137,12.319999694824219,12.574999809265137,3150.0
2024-03-01 09:40:00,EWTX,16.27680015563965,16.27680015563965,16.27680015563965,16.27680015563965,16.27680015563965,299.0
2024-03-01 09:40:00,EXAI,6.744999885559082,6.744999885559082,6.744999885559082,6.699999809265137,6.730000019073486,4094.0
2024-03-01 09:40:00,EXAS,57.86000061035156,57.86000061035156,57.904998779296875,57.70000076293945,57.709999084472656,3334.0
2024-03-01 09:40:00,EXEL,22.239999771118164,22.239999771118164,22.239999771118164,22.184999465942383,22.184999465942383,5770.0
2024-03-01 09:40:00,EYEN,2.1798999309539795,2.1798999309539795,2.180000066757202,2.1700000762939453,2.180000066757202,0.0
2024-03-01 09:40:00,EYPT,27.795000076293945,27.795000076293945,27.86989974975586,27.795000076293945,27.86989974975586,455.0
2024-03-01 09:40:00,FATE,7.449999809265137,7.449999809265137,7.46999979019165,7.434999942779541,7.46999979019165,2891.0
2024-03-01 09:40:00,FDMT,28.43000030517578,28.43000030517578,28.43000030517578,28.43000030517578,28.43000030517578,1110.0
2024-03-01 09:40:00,FEMY,1.7410000562667847,1.7410000562667847,1.7410000562667847,1.7410000562667847,1.7410000562667847,877.0
2024-03-01 09:40:00,FGEN,1.7300000190734863,1.7300000190734863,1.7300000190734863,1.7300000190734863,1.7300000190734863,1500.0
2024-03-01 09:40:00,FLGT,22.75749969482422,22.75749969482422,22.75749969482422,22.6200008392334,22.6299991607666,3235.0
2024-03-01 09:40:00,FOLD,13.199999809265137,13.199999809265137,13.199999809265137,13.192500114440918,13.199999809265137,511.0
2024-03-01 09:40:00,FULC,10.380000114440918,10.380000114440918,10.380000114440918,10.380000114440918,10.380000114440918,278.0
2024-03-01 09:40:00,FWBI,8.125,8.125,8.125,8.125,8.125,202.0
2024-03-01 09:40:00,GBIO,2.5,2.5,2.5,2.4800000190734863,2.5,1000.0
2024-03-01 09:40:00,GCTK,0.30000001192092896,0.30000001192092896,0.30000001192092896,0.29989999532699585,0.29989999532699585,1200.0
2024-03-01 09:40:00,GDRX,8.229999542236328,8.229999542236328,8.229999542236328,8.180000305175781,8.194999694824219,8545.0
2024-03-01 09:40:00,GERN,2.031599998474121,2.031599998474121,2.0350000858306885,2.0209999084472656,2.0250000953674316,13948.0
2024-03-01 09:40:00,GH,19.059999465942383,19.059999465942383,19.079999923706055,19.03499984741211,19.03499984741211,4026.0
2024-03-01 09:40:00,GILD,72.31999969482422,72.31999969482422,72.3375015258789,72.22000122070312,72.3375015258789,10229.0
2024-03-01 09:40:00,GLMD,0.41990000009536743,0.41990000009536743,0.41990000009536743,0.41990000009536743,0.41990000009536743,2500.0
2024-03-01 09:40:00,GLPG,34.92499923706055,34.92499923706055,34.95000076293945,34.92499923706055,34.95000076293945,592.0
2024-03-01 09:40:00,GMAB,28.670000076293945,28.670000076293945,28.68000030517578,28.65999984741211,28.65999984741211,758.0
2024-03-01 09:40:00,GMDA,0.37470000982284546,0.37470000982284546,0.37470000982284546,0.3702000081539154,0.3720000088214874,790.0
2024-03-01 09:40:00,GRFS,6.764999866485596,6.764999866485596,6.795000076293945,6.760000228881836,6.784999847412109,25231.0
2024-03-01 09:40:00,GRPH,3.5,3.5,3.5,3.5,3.5,100.0
2024-03-01 09:40:00,GRTS,1.9700000286102295,1.9700000286102295,1.989799976348877,1.962499976158142,1.9850000143051147,25696.0
2024-03-01 09:40:00,GRTX,0.22699999809265137,0.22699999809265137,0.23109999299049377,0.22699999809265137,0.23109999299049377,11952.0
2024-03-01 09:40:00,GTHX,3.3499999046325684,3.3499999046325684,3.3499999046325684,3.319999933242798,3.325000047683716,3469.0
2024-03-01 09:40:00,HALO,40.744998931884766,40.744998931884766,40.744998931884766,40.744998931884766,40.744998931884766,186.0
2024-03-01 09:40:00,HARP,22.94499969482422,22.94499969482422,22.94499969482422,22.940000534057617,22.940000534057617,0.0
2024-03-01 09:40:00,HBIO,4.300000190734863,4.300000190734863,4.320000171661377,4.300000190734863,4.320000171661377,0.0
2024-03-01 09:40:00,HCSG,12.579999923706055,12.579999923706055,12.600000381469727,12.579999923706055,12.59000015258789,776.0
2024-03-01 09:40:00,HCTI,2.4307000637054443,2.4307000637054443,2.4700000286102295,2.4100000858306885,2.4382998943328857,5603.0
2024-03-01 09:40:00,HITI,1.7400000095367432,1.7400000095367432,1.7400000095367432,1.7400000095367432,1.7400000095367432,100.0
2024-03-01 09:40:00,HLTH,0.2797999978065491,0.2797999978065491,0.2797999978065491,0.2797999978065491,0.2797999978065491,712.0
2024-03-01 09:40:00,HLVX,18.360000610351562,18.360000610351562,18.360000610351562,18.360000610351562,18.360000610351562,200.0
2024-03-01 09:40:00,HOLX,73.30500030517578,73.30500030517578,73.36000061035156,73.30500030517578,73.3499984741211,1067.0
2024-03-01 09:40:00,HQY,82.57949829101562,82.57949829101562,82.57949829101562,82.2750015258789,82.2750015258789,2854.0
2024-03-01 09:40:00,HRMY,31.110000610351562,31.110000610351562,31.110000610351562,31.0,31.0,518.0
2024-03-01 09:40:00,HRTX,2.625,2.625,2.634999990463257,2.625,2.625,3330.0
2024-03-01 09:40:00,HSIC,76.45500183105469,76.45500183105469,76.45500183105469,76.37000274658203,76.37000274658203,1087.0
2024-03-01 09:40:00,HUMA,3.049999952316284,3.049999952316284,3.059999942779541,3.049999952316284,3.055000066757202,119926.0
2024-03-01 09:40:00,HYPR,1.2289999723434448,1.2289999723434448,1.2289999723434448,1.2289999723434448,1.2289999723434448,0.0
2024-03-01 09:40:00,IART,36.75469970703125,36.75469970703125,36.75469970703125,36.75469970703125,36.75469970703125,230.0
2024-03-01 09:40:00,IBRX,4.739999771118164,4.739999771118164,4.75,4.739999771118164,4.748300075531006,1009.0
2024-03-01 09:40:00,IDXX,564.8400268554688,564.8400268554688,564.8400268554688,563.1799926757812,564.1300048828125,1154.0
2024-03-01 09:40:00,IDYA,45.90999984741211,45.90999984741211,45.90999984741211,45.869998931884766,45.869998931884766,495.0
2024-03-01 09:40:00,IGMS,13.015299797058105,13.015299797058105,13.015299797058105,13.015299797058105,13.015299797058105,236.0
2024-03-01 09:40:00,IINN,1.6899000406265259,1.6899000406265259,1.6899000406265259,1.6899000406265259,1.6899000406265259,250.0
2024-03-01 09:40:00,ILMN,136.67999267578125,136.67999267578125,136.6999969482422,136.42999267578125,136.6999969482422,1497.0
2024-03-01 09:40:00,IMAB,1.8300000429153442,1.8300000429153442,1.8300000429153442,1.8250000476837158,1.8250000476837158,3825.0
2024-03-01 09:40:00,IMNN,1.1502000093460083,1.1502000093460083,1.1502000093460083,1.1502000093460083,1.1502000093460083,339.0
2024-03-01 09:40:00,IMTX,12.79699993133545,12.79699993133545,12.79699993133545,12.79699993133545,12.79699993133545,114.0
2024-03-01 09:40:00,IMUX,1.4700000286102295,1.4700000286102295,1.4700000286102295,1.4692000150680542,1.4692000150680542,4590.0
2024-03-01 09:40:00,IMVT,36.53499984741211,36.53499984741211,36.53499984741211,36.53499984741211,36.53499984741211,178.0
2024-03-01 09:40:00,INCY,58.42250061035156,58.42250061035156,58.5099983215332,58.42250061035156,58.45000076293945,2984.0
2024-03-01 09:40:00,INGN,6.650000095367432,6.650000095367432,6.684999942779541,6.650000095367432,6.659999847412109,302.0
2024-03-01 09:40:00,INMD,21.979999542236328,21.979999542236328,22.010000228881836,21.95989990234375,21.95989990234375,3797.0
2024-03-01 09:40:00,INO,8.890000343322754,8.890000343322754,8.920000076293945,8.890000343322754,8.899999618530273,1422.0
2024-03-01 09:40:00,INSM,28.0,28.0,28.040000915527344,28.0,28.040000915527344,1093.0
2024-03-01 09:40:00,INVA,15.65999984741211,15.65999984741211,15.699999809265137,15.630000114440918,15.649999618530273,2250.0
2024-03-01 09:40:00,INZY,6.46999979019165,6.46999979019165,6.489999771118164,6.46999979019165,6.489999771118164,739.0
2024-03-01 09:40:00,IONS,45.2400016784668,45.2400016784668,45.279998779296875,45.2400016784668,45.279998779296875,415.0
2024-03-01 09:40:00,IOVA,16.70039939880371,16.70039939880371,16.799999237060547,16.690000534057617,16.780000686645508,54507.0
2024-03-01 09:40:00,IRWD,8.869999885559082,8.869999885559082,8.914999961853027,8.84000015258789,8.899999618530273,66617.0
2024-03-01 09:40:00,ISRG,383.2749938964844,383.2749938964844,383.92999267578125,383.1300048828125,383.739990234375,5567.0
2024-03-01 09:40:00,ITCI,70.75,70.75,70.75,70.30999755859375,70.30999755859375,5771.0
2024-03-01 09:40:00,ITRM,1.2401000261306763,1.2401000261306763,1.2401000261306763,1.2401000261306763,1.2401000261306763,0.0
2024-03-01 09:40:00,IXHL,5.015500068664551,5.015500068664551,5.015500068664551,5.015500068664551,5.015500068664551,286.0
2024-03-01 09:40:00,JAGX,0.061900001019239426,0.061900001019239426,0.061900001019239426,0.06120000034570694,0.06129999831318855,133015.0
2024-03-01 09:40:00,JANX,47.0,47.0,47.86000061035156,46.70000076293945,46.95500183105469,3832.0
2024-03-01 09:40:00,JAZZ,120.4800033569336,120.4800033569336,120.62000274658203,120.18499755859375,120.18499755859375,1445.0
2024-03-01 09:40:00,JYNT,9.850000381469727,9.850000381469727,9.880000114440918,9.850000381469727,9.880000114440918,1405.0
2024-03-01 09:40:00,KALV,13.930000305175781,13.930000305175781,13.930000305175781,13.8774995803833,13.8774995803833,988.0
2024-03-01 09:40:00,KNSA,21.434999465942383,21.434999465942383,21.459999084472656,21.434999465942383,21.459999084472656,300.0
2024-03-01 09:40:00,KNTE,2.5999999046325684,2.5999999046325684,2.601799964904785,2.5999999046325684,2.601799964904785,1894.0
2024-03-01 09:40:00,KOD,6.164999961853027,6.164999961853027,6.164999961853027,6.164999961853027,6.164999961853027,373.0
2024-03-01 09:40:00,KPTI,1.1549999713897705,1.1549999713897705,1.1549999713897705,1.149999976158142,1.1549999713897705,1746.0
2024-03-01 09:40:00,KRMD,2.1500000953674316,2.1500000953674316,2.1500000953674316,2.1500000953674316,2.1500000953674316,373.0
2024-03-01 09:40:00,KRON,1.0499999523162842,1.0499999523162842,1.0499999523162842,1.0449999570846558,1.0499999523162842,2448.0
2024-03-01 09:40:00,KRYS,161.9149932861328,161.9149932861328,162.22000122070312,161.9149932861328,162.22000122070312,1444.0
2024-03-01 09:40:00,KURA,21.454999923706055,21.454999923706055,21.454999923706055,21.399999618530273,21.399999618530273,660.0
2024-03-01 09:40:00,KYMR,43.20000076293945,43.20000076293945,43.20000076293945,43.20000076293945,43.20000076293945,110.0
2024-03-01 09:40:00,KZIA,0.2485000044107437,0.2485000044107437,0.24899999797344208,0.2485000044107437,0.24899999797344208,0.0
2024-03-01 09:40:00,KZR,1.0549999475479126,1.0549999475479126,1.059000015258789,1.0499999523162842,1.059000015258789,7370.0
2024-03-01 09:40:00,LAB,2.315000057220459,2.315000057220459,2.315000057220459,2.309999942779541,2.309999942779541,477.0
2024-03-01 09:40:00,LBPH,23.149999618530273,23.149999618530273,23.149999618530273,22.34000015258789,22.34000015258789,293.0
2024-03-01 09:40:00,LEGN,65.66500091552734,65.66500091552734,65.66500091552734,65.59010314941406,65.59010314941406,353.0
2024-03-01 09:40:00,LEXX,2.5601000785827637,2.5601000785827637,2.619999885559082,2.5601000785827637,2.5999999046325684,6551.0
2024-03-01 09:40:00,LFMD,7.931000232696533,7.931000232696533,7.96999979019165,7.931000232696533,7.96999979019165,698.0
2024-03-01 09:40:00,LFST,8.050000190734863,8.050000190734863,8.069999694824219,7.994999885559082,8.010000228881836,3563.0
2024-03-01 09:40:00,LIFE,1.9299999475479126,1.9299999475479126,1.9299999475479126,1.9299999475479126,1.9299999475479126,0.0
2024-03-01 09:40:00,LIVN,54.310001373291016,54.310001373291016,54.380001068115234,54.310001373291016,54.380001068115234,1676.0
2024-03-01 09:40:00,LQDA,14.25,14.25,14.25,14.220000267028809,14.220000267028809,678.0
2024-03-01 09:40:00,LUCY,0.3799999952316284,0.3799999952316284,0.38109999895095825,0.3799999952316284,0.3799999952316284,3562.0
2024-03-01 09:40:00,LUNG,9.130000114440918,9.130000114440918,9.130000114440918,9.104999542236328,9.104999542236328,960.0
2024-03-01 09:40:00,LVTX,2.8350000381469727,2.8350000381469727,2.9600000381469727,2.8350000381469727,2.880000114440918,6465.0
2024-03-01 09:40:00,LXRX,2.40910005569458,2.40910005569458,2.40910005569458,2.400099992752075,2.400099992752075,7485.0
2024-03-01 09:40:00,LYEL,2.9800000190734863,2.9800000190734863,2.9800000190734863,2.969899892807007,2.969899892807007,852.0
2024-03-01 09:40:00,LYRA,5.389999866485596,5.389999866485596,5.389999866485596,5.329999923706055,5.329999923706055,304.0
2024-03-01 09:40:00,MBIO,1.3453999757766724,1.3453999757766724,1.3453999757766724,1.3453999757766724,1.3453999757766724,389.0
2024-03-01 09:40:00,MCRB,1.1469000577926636,1.1469000577926636,1.1469000577926636,1.1402000188827515,1.1402000188827515,5450.0
2024-03-01 09:40:00,MDGL,241.0,241.0,241.0,240.3800048828125,240.3800048828125,395.0
2024-03-01 09:40:00,MDRX,5.5,5.5,5.5,5.070000171661377,5.5,18414.0
2024-03-01 09:40:00,MDXG,8.430000305175781,8.430000305175781,8.4399995803833,8.430000305175781,8.430000305175781,727.0
2024-03-01 09:40:00,ME,0.5497000217437744,0.5497000217437744,0.555899977684021,0.5425999760627747,0.555899977684021,97022.0
2024-03-01 09:40:00,MEDP,400.79998779296875,400.79998779296875,400.79998779296875,400.79998779296875,400.79998779296875,110.0
2024-03-01 09:40:00,MGNX,18.329999923706055,18.329999923706055,18.3700008392334,18.329999923706055,18.3700008392334,1955.0
2024-03-01 09:40:00,MIST,1.690000057220459,1.690000057220459,1.7187000513076782,1.690000057220459,1.7187000513076782,8453.0
2024-03-01 09:40:00,MLTX,51.900001525878906,51.900001525878906,51.900001525878906,51.79999923706055,51.89500045776367,1216.0
2024-03-01 09:40:00,MMSI,76.22000122070312,76.22000122070312,76.3499984741211,76.08999633789062,76.3499984741211,1943.0
2024-03-01 09:40:00,MNKD,4.291999816894531,4.291999816894531,4.300000190734863,4.28000020980835,4.300000190734863,7235.0
2024-03-01 09:40:00,MNMD,5.650000095367432,5.650000095367432,5.656000137329102,5.650000095367432,5.656000137329102,541.0
2024-03-01 09:40:00,MNPR,0.746999979019165,0.746999979019165,0.7530999779701233,0.746999979019165,0.7530999779701233,2310.0
2024-03-01 09:40:00,MODV,27.729999542236328,27.729999542236328,27.729999542236328,27.729999542236328,27.729999542236328,660.0
2024-03-01 09:40:00,MOR,17.59000015258789,17.59000015258789,17.594999313354492,17.59000015258789,17.594999313354492,787.0
2024-03-01 09:40:00,MORF,38.040000915527344,38.040000915527344,38.040000915527344,38.040000915527344,38.040000915527344,342.0
2024-03-01 09:40:00,MOTS,0.6733999848365784,0.6733999848365784,0.6733999848365784,0.6733999848365784,0.6733999848365784,2501.0
2024-03-01 09:40:00,MRAI,1.5700000524520874,1.5700000524520874,1.5700000524520874,1.5700000524520874,1.5700000524520874,0.0
2024-03-01 09:40:00,MREO,3.815000057220459,3.815000057220459,3.815000057220459,3.809999942779541,3.809999942779541,2035.0
2024-03-01 09:40:00,MRNA,92.85919952392578,92.85919952392578,92.87999725341797,92.72000122070312,92.72000122070312,34868.0
2024-03-01 09:40:00,MRSN,5.680500030517578,5.680500030517578,5.684999942779541,5.680500030517578,5.684999942779541,988.0
2024-03-01 09:40:00,MRUS,49.07500076293945,49.07500076293945,49.07500076293945,49.06999969482422,49.06999969482422,310.0
2024-03-01 09:40:00,MRVI,7.659999847412109,7.659999847412109,7.704999923706055,7.639999866485596,7.684999942779541,3541.0
2024-03-01 09:40:00,MYGN,20.770000457763672,20.770000457763672,20.770000457763672,20.770000457763672,20.770000457763672,265.0
2024-03-01 09:40:00,NARI,44.880001068115234,44.880001068115234,44.95500183105469,44.83000183105469,44.869998931884766,1724.0
2024-03-01 09:40:00,NBIX,131.7899932861328,131.7899932861328,131.88499450683594,131.64999389648438,131.88499450683594,7284.0
2024-03-01 09:40:00,NEO,15.539999961853027,15.539999961853027,15.600000381469727,15.494999885559082,15.600000381469727,30856.0
2024-03-01 09:40:00,NEOG,16.90999984741211,16.90999984741211,16.93000030517578,16.90999984741211,16.920000076293945,989.0
2024-03-01 09:40:00,NEPT,0.43290001153945923,0.43290001153945923,0.4366999864578247,0.43290001153945923,0.4366999864578247,200.0
2024-03-01 09:40:00,NERV,2.649899959564209,2.649899959564209,2.809999942779541,2.640000104904175,2.809999942779541,0.0
2024-03-01 09:40:00,NKTR,0.722599983215332,0.722599983215332,0.722599983215332,0.722599983215332,0.722599983215332,3002.0
2024-03-01 09:40:00,NKTX,12.329999923706055,12.329999923706055,12.38230037689209,12.239999771118164,12.38230037689209,1602.0
2024-03-01 09:40:00,NMTC,1.2000000476837158,1.2000000476837158,1.2000000476837158,1.2000000476837158,1.2000000476837158,200.0
2024-03-01 09:40:00,NNOX,11.104999542236328,11.104999542236328,11.180000305175781,11.081999778747559,11.17490005493164,27964.0
2024-03-01 09:40:00,NOTV,7.440000057220459,7.440000057220459,7.440000057220459,7.440000057220459,7.440000057220459,178.0
2024-03-01 09:40:00,NRBO,5.599999904632568,5.599999904632568,5.599999904632568,5.599999904632568,5.599999904632568,246.0
2024-03-01 09:40:00,NRIX,12.550000190734863,12.550000190734863,12.600000381469727,12.520000457763672,12.520000457763672,2091.0
2024-03-01 09:40:00,NRXP,0.3978999853134155,0.3978999853134155,0.4000000059604645,0.38999998569488525,0.3912000060081482,39002.0
2024-03-01 09:40:00,NTLA,32.68000030517578,32.68000030517578,32.79999923706055,32.599998474121094,32.744998931884766,6592.0
2024-03-01 09:40:00,NTRA,89.8499984741211,89.8499984741211,89.8499984741211,89.33999633789062,89.44000244140625,6593.0
2024-03-01 09:40:00,NUTX,0.11379999667406082,0.11379999667406082,0.1145000010728836,0.11299999803304672,0.1145000010728836,17431.0
2024-03-01 09:40:00,NUVL,86.56999969482422,86.56999969482422,86.72000122070312,86.56999969482422,86.72000122070312,690.0
2024-03-01 09:40:00,NUWE,0.5830000042915344,0.5830000042915344,0.5899999737739563,0.5830000042915344,0.5899999737739563,585.0
2024-03-01 09:40:00,NVAX,5.034999847412109,5.034999847412109,5.036499977111816,4.994999885559082,5.007500171661377,39287.0
2024-03-01 09:40:00,NVCR,15.279999732971191,15.279999732971191,15.279999732971191,15.279999732971191,15.279999732971191,367.0
2024-03-01 09:40:00,OCGN,0.9348999857902527,0.9348999857902527,0.9348999857902527,0.9273999929428101,0.9273999929428101,3489.0
2024-03-01 09:40:00,OCUL,10.350000381469727,10.350000381469727,10.350000381469727,10.260000228881836,10.279999732971191,2004.0
2024-03-01 09:40:00,OFIX,12.90999984741211,12.90999984741211,12.949999809265137,12.896900177001953,12.949999809265137,1451.0
2024-03-01 09:40:00,OGI,2.075000047683716,2.075000047683716,2.075000047683716,2.069999933242798,2.069999933242798,756.0
2024-03-01 09:40:00,OLK,22.420000076293945,22.420000076293945,22.46500015258789,22.420000076293945,22.46500015258789,716.0
2024-03-01 09:40:00,OMGA,4.110000133514404,4.110000133514404,4.110000133514404,4.110000133514404,4.110000133514404,200.0
2024-03-01 09:40:00,ONCY,1.100000023841858,1.100000023841858,1.1002000570297241,1.100000023841858,1.100000023841858,2788.0
2024-03-01 09:41:00,ABCL,5.034999847412109,5.034999847412109,5.034999847412109,5.019999980926514,5.03000020980835,3334.0
2024-03-01 09:41:00,ABEO,7.1539998054504395,7.1539998054504395,7.1539998054504395,7.1539998054504395,7.1539998054504395,0.0
2024-03-01 09:41:00,ABOS,4.460000038146973,4.460000038146973,4.460700035095215,4.460000038146973,4.460000038146973,843.0
2024-03-01 09:41:00,ABSI,5.109899997711182,5.109899997711182,5.119999885559082,5.099999904632568,5.119999885559082,1789.0
2024-03-01 09:41:00,ABUS,2.765000104904175,2.765000104904175,2.765000104904175,2.765000104904175,2.765000104904175,179.0
2024-03-01 09:41:00,ACAD,23.540000915527344,23.540000915527344,23.56999969482422,23.540000915527344,23.559999465942383,744.0
2024-03-01 09:41:00,ACB,3.0192999839782715,3.0192999839782715,3.0290000438690186,3.0192999839782715,3.0290000438690186,5432.0
2024-03-01 09:41:00,ACCD,10.04520034790039,10.04520034790039,10.04520034790039,10.039999961853027,10.039999961853027,259.0
2024-03-01 09:41:00,ACET,2.359999895095825,2.359999895095825,2.369999885559082,2.359999895095825,2.369999885559082,2030.0
2024-03-01 09:41:00,ACHC,83.05000305175781,83.05000305175781,83.05000305175781,83.05000305175781,83.05000305175781,197.0
2024-03-01 09:41:00,ACHL,1.3499000072479248,1.3499000072479248,1.350000023841858,1.3450000286102295,1.3450000286102295,1640.0
2024-03-01 09:41:00,ACLX,67.9124984741211,67.9124984741211,67.9124984741211,67.9124984741211,67.9124984741211,207.0
2024-03-01 09:41:00,ACONW,0.05000000074505806,0.05000000074505806,0.05000000074505806,0.05000000074505806,0.05000000074505806,0.0
2024-03-01 09:41:00,ACRS,1.2400000095367432,1.2400000095367432,1.2400000095367432,1.2350000143051147,1.2400000095367432,550.0
2024-03-01 09:41:00,ADAG,3.2799999713897705,3.2799999713897705,3.2799999713897705,3.2799999713897705,3.2799999713897705,248.0
2024-03-01 09:41:00,ADAP,1.597499966621399,1.597499966621399,1.597499966621399,1.597499966621399,1.597499966621399,795.0
2024-03-01 09:41:00,ADIL,3.8773999214172363,3.8773999214172363,4.0,3.7699999809265137,3.8929998874664307,1359859.0
2024-03-01 09:41:00,ADMA,5.375,5.375,5.380000114440918,5.364999771118164,5.380000114440918,12935.0
2024-03-01 09:41:00,ADVM,1.9850000143051147,1.9850000143051147,1.9850000143051147,1.9850000143051147,1.9850000143051147,384.0
2024-03-01 09:41:00,ADXN,9.000100135803223,9.000100135803223,9.000100135803223,9.0,9.0,500.0
2024-03-01 09:41:00,AFMD,0.6215999722480774,0.6215999722480774,0.6215999722480774,0.6215999722480774,0.6215999722480774,2626.0
2024-03-01 09:41:00,AGEN,0.6740999817848206,0.6740999817848206,0.6844000220298767,0.6740000247955322,0.6843000054359436,98615.0
2024-03-01 09:41:00,AGIO,32.40999984741211,32.40999984741211,32.40999984741211,32.369998931884766,32.400001525878906,367.0
2024-03-01 09:41:00,AGRX,0.8188999891281128,0.8188999891281128,0.8188999891281128,0.8188999891281128,0.8188999891281128,600.0
2024-03-01 09:41:00,AHCO,10.470000267028809,10.470000267028809,10.5,10.470000267028809,10.5,1328.0
2024-03-01 09:41:00,AIMD,1.0149999856948853,1.0149999856948853,1.0149999856948853,1.0149999856948853,1.0149999856948853,1900.0
2024-03-01 09:41:00,AIRS,6.53000020980835,6.53000020980835,6.53000020980835,6.53000020980835,6.53000020980835,338.0
2024-03-01 09:41:00,AKAN,0.27709999680519104,0.27709999680519104,0.28029999136924744,0.27709999680519104,0.28029999136924744,20587.0
2024-03-01 09:41:00,AKBA,1.6095000505447388,1.6095000505447388,1.6100000143051147,1.6095000505447388,1.6100000143051147,1420.0
2024-03-01 09:41:00,AKLI,0.3449999988079071,0.3449999988079071,0.3449999988079071,0.3449999988079071,0.3449999988079071,0.0
2024-03-01 09:41:00,AKRO,28.760000228881836,28.760000228881836,28.8799991607666,28.649999618530273,28.820100784301758,7043.0
2024-03-01 09:41:00,ALDX,3.8499999046325684,3.8499999046325684,3.8499999046325684,3.8399999141693115,3.8399999141693115,3408.0
2024-03-01 09:41:00,ALEC,7.21999979019165,7.21999979019165,7.21999979019165,7.21999979019165,7.21999979019165,157.0
2024-03-01 09:41:00,ALGN,298.7099914550781,298.7099914550781,298.7099914550781,298.7099914550781,298.7099914550781,757.0
2024-03-01 09:41:00,ALHC,5.940000057220459,5.940000057220459,5.994999885559082,5.940000057220459,5.994999885559082,607.0
2024-03-01 09:41:00,ALKS,30.020000457763672,30.020000457763672,30.059999465942383,30.0,30.040000915527344,4374.0
2024-03-01 09:41:00,ALLO,4.900000095367432,4.900000095367432,4.909999847412109,4.894999980926514,4.909999847412109,960.0
2024-03-01 09:41:00,ALNY,150.43499755859375,150.43499755859375,150.44000244140625,150.43499755859375,150.44000244140625,275.0
2024-03-01 09:41:00,ALPN,35.5,35.5,35.595001220703125,35.5,35.5,2473.0
2024-03-01 09:41:00,ALT,12.300000190734863,12.300000190734863,12.324999809265137,12.239999771118164,12.324999809265137,23650.0
2024-03-01 09:41:00,ALVO,15.630000114440918,15.630000114440918,15.630000114440918,15.619999885559082,15.619999885559082,791.0
2024-03-01 09:41:00,ALVR,0.746999979019165,0.746999979019165,0.746999979019165,0.746999979019165,0.746999979019165,286.0
2024-03-01 09:41:00,AMGN,277.0050048828125,277.0050048828125,277.2200012207031,276.6199951171875,277.05999755859375,11715.0
2024-03-01 09:41:00,AMLX,18.739999771118164,18.739999771118164,18.739999771118164,18.739999771118164,18.739999771118164,2107.0
2024-03-01 09:41:00,AMPH,45.97999954223633,45.97999954223633,45.97999954223633,45.54999923706055,45.54999923706055,2101.0
2024-03-01 09:41:00,AMRN,0.9776999950408936,0.9776999950408936,0.9896000027656555,0.9753999710083008,0.9896000027656555,72208.0
2024-03-01 09:41:00,ANGO,5.320000171661377,5.320000171661377,5.320000171661377,5.320000171661377,5.320000171661377,259.0
2024-03-01 09:41:00,ANIP,67.98999786376953,67.98999786376953,67.98999786376953,67.98999786376953,67.98999786376953,200.0
2024-03-01 09:41:00,ANNX,5.977499961853027,5.977499961853027,5.977499961853027,5.949999809265137,5.960000038146973,2412.0
2024-03-01 09:41:00,APLS,62.0,62.0,62.04999923706055,61.939998626708984,62.04999923706055,10856.0
2024-03-01 09:41:00,APLT,7.451600074768066,7.451600074768066,7.451600074768066,7.449999809265137,7.449999809265137,2998.0
2024-03-01 09:41:00,APVO,0.17000000178813934,0.17000000178813934,0.17000000178813934,0.17000000178813934,0.17000000178813934,3041.0
2024-03-01 09:41:00,AQST,3.940000057220459,3.940000057220459,3.940000057220459,3.890000104904175,3.8998000621795654,13292.0
2024-03-01 09:41:00,ARCT,39.64099884033203,39.64099884033203,39.64099884033203,39.64099884033203,39.64099884033203,583.0
2024-03-01 09:41:00,ARDX,9.460000038146973,9.460000038146973,9.500300407409668,9.460000038146973,9.489999771118164,8350.0
2024-03-01 09:41:00,ARQT,10.4350004196167,10.4350004196167,10.444999694824219,10.414999961853027,10.444999694824219,16981.0
2024-03-01 09:41:00,ARVN,47.54999923706055,47.54999923706055,47.54999923706055,47.54999923706055,47.54999923706055,400.0
2024-03-01 09:41:00,ARWR,33.130001068115234,33.130001068115234,33.16999816894531,33.099998474121094,33.10499954223633,3645.0
2024-03-01 09:41:00,ASND,148.02000427246094,148.02000427246094,148.22000122070312,147.5800018310547,148.22000122070312,868.0
2024-03-01 09:41:00,ATEC,13.1899995803833,13.1899995803833,13.199999809265137,13.180000305175781,13.199999809265137,1104.0
2024-03-01 09:41:00,ATHA,3.875,3.875,3.875,3.875,3.875,200.0
2024-03-01 09:41:00,ATOS,0.9901000261306763,0.9901000261306763,0.9901000261306763,0.9901000261306763,0.9901000261306763,288.0
2024-03-01 09:41:00,ATRA,0.7894999980926514,0.7894999980926514,0.7989000082015991,0.7894999980926514,0.7894999980926514,1419.0
2024-03-01 09:41:00,ATXS,14.300000190734863,14.300000190734863,14.359999656677246,14.300000190734863,14.359999656677246,542.0
2024-03-01 09:41:00,AUPH,5.662099838256836,5.662099838256836,5.670000076293945,5.662099838256836,5.670000076293945,8055.0
2024-03-01 09:41:00,AUTL,6.090000152587891,6.090000152587891,6.110000133514404,6.090000152587891,6.110000133514404,710.0
2024-03-01 09:41:00,AVAH,2.319999933242798,2.319999933242798,2.319999933242798,2.319999933242798,2.319999933242798,1774.0
2024-03-01 09:41:00,AVDL,12.730999946594238,12.730999946594238,12.755000114440918,12.730999946594238,12.755000114440918,400.0
2024-03-01 09:41:00,AXGN,10.20009994506836,10.20009994506836,10.20009994506836,10.20009994506836,10.20009994506836,2129.0
2024-03-01 09:41:00,AXNX,67.56999969482422,67.56999969482422,67.56999969482422,67.56999969482422,67.56999969482422,7.0
2024-03-01 09:41:00,AXSM,81.3499984741211,81.3499984741211,81.3499984741211,81.3499984741211,81.3499984741211,241.0
2024-03-01 09:41:00,AZN,64.41500091552734,64.41500091552734,64.44000244140625,64.40499877929688,64.42489624023438,3744.0
2024-03-01 09:41:00,BBIO,34.685001373291016,34.685001373291016,34.685001373291016,34.630001068115234,34.630001068115234,583.0
2024-03-01 09:41:00,BBLG,2.680000066757202,2.680000066757202,2.7899999618530273,2.680000066757202,2.7899999618530273,3086.0
2024-03-01 09:41:00,BCAB,2.6700000762939453,2.6700000762939453,2.6700000762939453,2.6700000762939453,2.6700000762939453,126.0
2024-03-01 09:41:00,BCRX,5.710000038146973,5.710000038146973,5.739999771118164,5.699999809265137,5.739999771118164,2457.0
2024-03-01 09:41:00,BDTX,5.179999828338623,5.179999828338623,5.179999828338623,5.179999828338623,5.179999828338623,240.0
2024-03-01 09:41:00,BEAM,39.562400817871094,39.562400817871094,39.562400817871094,39.48500061035156,39.48500061035156,244.0
2024-03-01 09:41:00,BGXX,0.2671000063419342,0.2671000063419342,0.2678999900817871,0.2671000063419342,0.2678999900817871,17400.0
2024-03-01 09:41:00,BIIB,216.5500030517578,216.5500030517578,216.74000549316406,216.50999450683594,216.6199951171875,3334.0
2024-03-01 09:41:00,BIOL,0.13809999823570251,0.13809999823570251,0.13809999823570251,0.13809999823570251,0.13809999823570251,7080.0
2024-03-01 09:41:00,BIOR,1.2999999523162842,1.2999999523162842,1.2999999523162842,1.2999999523162842,1.2999999523162842,175.0
2024-03-01 09:41:00,BIVI,2.5799999237060547,2.5799999237060547,2.6500000953674316,2.5352001190185547,2.640000104904175,454546.0
2024-03-01 09:41:00,BLFS,17.209999084472656,17.209999084472656,17.209999084472656,16.980600357055664,17.110000610351562,1125.0
2024-03-01 09:41:00,BLRX,1.409999966621399,1.409999966621399,1.4178999662399292,1.409999966621399,1.4178999662399292,0.0
2024-03-01 09:41:00,BLUE,1.475000023841858,1.475000023841858,1.4799000024795532,1.4500000476837158,1.4550000429153442,41827.0
2024-03-01 09:41:00,BMEA,17.3799991607666,17.3799991607666,17.3799991607666,17.3799991607666,17.3799991607666,528.0
2024-03-01 09:41:00,BMRN,86.26000213623047,86.26000213623047,86.37000274658203,86.16000366210938,86.37000274658203,2260.0
2024-03-01 09:41:00,BNGO,1.2330000400543213,1.2330000400543213,1.2400000095367432,1.2330000400543213,1.2400000095367432,2682.0
2024-03-01 09:41:00,BNR,0.8776999711990356,0.8776999711990356,0.8776999711990356,0.8776999711990356,0.8776999711990356,200.0
2024-03-01 09:41:00,BNTX,90.30500030517578,90.30500030517578,90.46499633789062,90.30500030517578,90.43000030517578,1123.0
2024-03-01 09:41:00,BRKR,86.69999694824219,86.69999694824219,86.69999694824219,86.58999633789062,86.5999984741211,10259.0
2024-03-01 09:41:00,BTCY,0.9215999841690063,0.9215999841690063,0.9699000120162964,0.9215999841690063,0.9215999841690063,6936.0
2024-03-01 09:41:00,BYSI,1.350000023841858,1.350000023841858,1.3600000143051147,1.350000023841858,1.350000023841858,250.0
2024-03-01 09:41:00,CABA,23.850000381469727,23.850000381469727,23.940000534057617,23.684999465942383,23.940000534057617,1186.0
2024-03-01 09:41:00,CADL,1.8350000381469727,1.8350000381469727,1.8350000381469727,1.8350000381469727,1.8350000381469727,200.0
2024-03-01 09:41:00,CAPR,4.539999961853027,4.539999961853027,4.570000171661377,4.539999961853027,4.539999961853027,1000.0
2024-03-01 09:41:00,CARA,0.839900016784668,0.839900016784668,0.8399999737739563,0.836899995803833,0.8399999737739563,1556.0
2024-03-01 09:41:00,CBAY,32.210201263427734,32.210201263427734,32.21500015258789,32.209999084472656,32.209999084472656,1279.0
2024-03-01 09:41:00,CCCC,10.967300415039062,10.967300415039062,10.967300415039062,10.880000114440918,10.890000343322754,2055.0
2024-03-01 09:41:00,CCRN,18.014999389648438,18.014999389648438,18.014999389648438,18.014999389648438,18.014999389648438,282.0
2024-03-01 09:41:00,CDMO,7.71999979019165,7.71999979019165,7.71999979019165,7.699999809265137,7.71999979019165,1201.0
2024-03-01 09:41:00,CDNA,10.970000267028809,10.970000267028809,11.100000381469727,10.970000267028809,11.100000381469727,3956.0
2024-03-01 09:41:00,CDTX,0.7267000079154968,0.7267000079154968,0.7267000079154968,0.7099999785423279,0.7099999785423279,240.0
2024-03-01 09:41:00,CDXC,1.687600016593933,1.687600016593933,1.687600016593933,1.687600016593933,1.687600016593933,295.0
2024-03-01 09:41:00,CDXS,4.44980001449585,4.44980001449585,4.449999809265137,4.420000076293945,4.449999809265137,1235.0
2024-03-01 09:41:00,CELC,15.800000190734863,15.800000190734863,15.960000038146973,15.800000190734863,15.960000038146973,915.0
2024-03-01 09:41:00,CERE,41.084999084472656,41.084999084472656,41.09000015258789,41.084999084472656,41.084999084472656,1009.0
2024-03-01 09:41:00,CERS,2.1500000953674316,2.1500000953674316,2.1500000953674316,2.1440000534057617,2.149899959564209,4600.0
2024-03-01 09:41:00,CERT,16.93000030517578,16.93000030517578,16.93000030517578,16.834999084472656,16.899999618530273,1811.0
2024-03-01 09:41:00,CGC,3.2149999141693115,3.2149999141693115,3.240000009536743,3.200000047683716,3.240000009536743,11643.0
2024-03-01 09:41:00,CGEM,18.770000457763672,18.770000457763672,18.780000686645508,18.600000381469727,18.780000686645508,840.0
2024-03-01 09:41:00,CGEN,2.5999999046325684,2.5999999046325684,2.6226999759674072,2.5999999046325684,2.6226999759674072,1543.0
2024-03-01 09:41:00,CHEK,2.2100000381469727,2.2100000381469727,2.2100000381469727,2.2100000381469727,2.2100000381469727,1415.0
2024-03-01 09:41:00,CHRS,2.2780001163482666,2.2780001163482666,2.2780001163482666,2.2699999809265137,2.2750000953674316,996.0
2024-03-01 09:41:00,CING,1.350000023841858,1.350000023841858,1.350000023841858,1.350000023841858,1.350000023841858,2600.0
2024-03-01 09:41:00,CJJD,3.0199999809265137,3.0199999809265137,3.055000066757202,3.0199999809265137,3.055000066757202,2639.0
2024-03-01 09:41:00,CKPT,2.1598000526428223,2.1598000526428223,2.1598000526428223,2.150099992752075,2.150099992752075,4221.0
2024-03-01 09:41:00,CLDX,49.86000061035156,49.86000061035156,49.93000030517578,49.63999938964844,49.7400016784668,11447.0
2024-03-01 09:41:00,CLNN,0.4034999907016754,0.4034999907016754,0.4034999907016754,0.39730000495910645,0.4025000035762787,5773.0
2024-03-01 09:41:00,CLOV,0.8532999753952026,0.8532999753952026,0.859499990940094,0.8532000184059143,0.8532999753952026,1324.0
2024-03-01 09:41:00,CLRB,3.950000047683716,3.950000047683716,3.950000047683716,3.950000047683716,3.950000047683716,2000.0
2024-03-01 09:41:00,CMAX,7.470200061798096,7.470200061798096,7.470200061798096,7.470200061798096,7.470200061798096,1023.0
2024-03-01 09:41:00,CMPS,10.619999885559082,10.619999885559082,10.675000190734863,10.619999885559082,10.675000190734863,366.0
2024-03-01 09:41:00,CMPX,1.836899995803833,1.836899995803833,1.836899995803833,1.7799999713897705,1.7799999713897705,10100.0
2024-03-01 09:41:00,CNTB,1.1739000082015991,1.1739000082015991,1.1739000082015991,1.1739000082015991,1.1739000082015991,1791.0
2024-03-01 09:41:00,COGT,7.144999980926514,7.144999980926514,7.190000057220459,7.144999980926514,7.190000057220459,2220.0
2024-03-01 09:41:00,COLL,36.95000076293945,36.95000076293945,36.95000076293945,36.95000076293945,36.95000076293945,203.0
2024-03-01 09:41:00,COSM,0.7501000165939331,0.7501000165939331,0.7599999904632568,0.7501000165939331,0.7599999904632568,4099.0
2024-03-01 09:41:00,CPRX,16.704999923706055,16.704999923706055,16.704999923706055,16.610000610351562,16.6299991607666,7596.0
2024-03-01 09:41:00,CPSI,9.670000076293945,9.670000076293945,9.710000038146973,9.670000076293945,9.710000038146973,872.0
2024-03-01 09:41:00,CRBP,31.739999771118164,31.739999771118164,31.850799560546875,31.739999771118164,31.786399841308594,1298.0
2024-03-01 09:41:00,CRBU,8.085000038146973,8.085000038146973,8.09000015258789,8.069999694824219,8.09000015258789,893.0
2024-03-01 09:41:00,CRDF,2.279900074005127,2.279900074005127,2.2799999713897705,2.2309999465942383,2.25,79539.0
2024-03-01 09:41:00,CRDL,2.130000114440918,2.130000114440918,2.140000104904175,2.130000114440918,2.140000104904175,0.0
2024-03-01 09:41:00,CRNX,43.61000061035156,43.61000061035156,43.75,43.61000061035156,43.66999816894531,632.0
2024-03-01 09:41:00,CRON,2.0439999103546143,2.0439999103546143,2.0439999103546143,2.0439999103546143,2.0439999103546143,600.0
2024-03-01 09:41:00,CRSP,83.91500091552734,83.91500091552734,84.01000213623047,83.78880310058594,84.01000213623047,5963.0
2024-03-01 09:41:00,CRVS,2.2200000286102295,2.2200000286102295,2.2300000190734863,2.2200000286102295,2.2300000190734863,8040.0
2024-03-01 09:41:00,CSTL,19.200000762939453,19.200000762939453,19.200000762939453,18.920000076293945,18.920000076293945,3065.0
2024-03-01 09:41:00,CTKB,7.840000152587891,7.840000152587891,7.849999904632568,7.809999942779541,7.809999942779541,3053.0
2024-03-01 09:41:00,CTMX,2.3805999755859375,2.3805999755859375,2.4000000953674316,2.3805999755859375,2.4000000953674316,4111.0
2024-03-01 09:41:00,CTSO,0.9589999914169312,0.9589999914169312,0.9589999914169312,0.9589999914169312,0.9589999914169312,143.0
2024-03-01 09:41:00,CTXR,0.7833999991416931,0.7833999991416931,0.7833999991416931,0.7833999991416931,0.7833999991416931,698.0
2024-03-01 09:41:00,CYTK,73.5,73.5,73.70999908447266,73.5,73.66000366210938,1510.0
2024-03-01 09:41:00,CYTO,1.912500023841858,1.912500023841858,1.912500023841858,1.912500023841858,1.912500023841858,470.0
2024-03-01 09:41:00,DARE,0.5787000060081482,0.5787000060081482,0.5787000060081482,0.5787000060081482,0.5787000060081482,4330.0
2024-03-01 09:41:00,DAWN,17.06999969482422,17.06999969482422,17.06999969482422,17.06999969482422,17.06999969482422,1112.0
2024-03-01 09:41:00,DCGO,4.025000095367432,4.025000095367432,4.025000095367432,4.0,4.019999980926514,3760.0
2024-03-01 09:41:00,DCPH,16.934999465942383,16.934999465942383,16.989999771118164,16.934999465942383,16.989999771118164,782.0
2024-03-01 09:41:00,DH,9.045000076293945,9.045000076293945,9.045000076293945,9.045000076293945,9.045000076293945,400.0
2024-03-01 09:41:00,DMAC,3.029099941253662,3.029099941253662,3.029099941253662,3.029099941253662,3.029099941253662,240.0
2024-03-01 09:41:00,DMTK,0.8899999856948853,0.8899999856948853,0.8999999761581421,0.875,0.8999000191688538,6162.0
2024-03-01 09:41:00,DNLI,20.549999237060547,20.549999237060547,20.549999237060547,20.47010040283203,20.520000457763672,981.0
2024-03-01 09:41:00,DTIL,12.890000343322754,12.890000343322754,12.899999618530273,12.600000381469727,12.800000190734863,8136.0
2024-03-01 09:41:00,DVAX,12.710000038146973,12.710000038146973,12.710000038146973,12.699999809265137,12.70300006866455,504.0
2024-03-01 09:41:00,DXCM,114.83999633789062,114.83999633789062,114.83999633789062,114.83999633789062,114.83999633789062,842.0
2024-03-01 09:41:00,DYAI,1.3650000095367432,1.3650000095367432,1.3650000095367432,1.3300000429153442,1.330299973487854,0.0
2024-03-01 09:41:00,DYN,28.239999771118164,28.239999771118164,28.689199447631836,28.09000015258789,28.689199447631836,27536.0
2024-03-01 09:41:00,EDIT,10.194999694824219,10.194999694824219,10.229999542236328,10.1806001663208,10.229999542236328,4138.0
2024-03-01 09:41:00,EFTR,14.16450023651123,14.16450023651123,14.16450023651123,14.16450023651123,14.16450023651123,202.0
2024-03-01 09:41:00,ELEV,4.75,4.75,4.78000020980835,4.635000228881836,4.659999847412109,41115.0
2024-03-01 09:41:00,EMBC,14.260000228881836,14.260000228881836,14.260000228881836,14.260000228881836,14.260000228881836,115.0
2024-03-01 09:41:00,ENTA,14.399999618530273,14.399999618530273,14.515000343322754,14.399999618530273,14.515000343322754,503.0
2024-03-01 09:41:00,ENVB,1.8300000429153442,1.8300000429153442,1.840000033378601,1.7799999713897705,1.7800999879837036,52365.0
2024-03-01 09:41:00,EOLS,14.984999656677246,14.984999656677246,15.079999923706055,14.984999656677246,15.024999618530273,20311.0
2024-03-01 09:41:00,EQ,2.550100088119507,2.550100088119507,2.550100088119507,2.550100088119507,2.550100088119507,2233.0
2024-03-01 09:41:00,ERAS,2.369999885559082,2.369999885559082,2.369999885559082,2.369999885559082,2.369999885559082,303.0
2024-03-01 09:41:00,ESPR,2.4890999794006348,2.4890999794006348,2.490000009536743,2.488600015640259,2.490000009536743,3544.0
2024-03-01 09:41:00,ESTA,45.15999984741211,45.15999984741211,45.20000076293945,45.150001525878906,45.20000076293945,390.0
2024-03-01 09:41:00,ETNB,12.449999809265137,12.449999809265137,12.449999809265137,12.319999694824219,12.395000457763672,5170.0
2024-03-01 09:41:00,EVO,7.360000133514404,7.360000133514404,7.360000133514404,7.360000133514404,7.360000133514404,5120.0
2024-03-01 09:41:00,EWTX,16.200000762939453,16.200000762939453,16.315000534057617,16.200000762939453,16.280000686645508,4891.0
2024-03-01 09:41:00,EXAI,6.742400169372559,6.742400169372559,6.742400169372559,6.730000019073486,6.730000019073486,372.0
2024-03-01 09:41:00,EXAS,57.7599983215332,57.7599983215332,57.845001220703125,57.7400016784668,57.845001220703125,2640.0
2024-03-01 09:41:00,EXEL,22.260000228881836,22.260000228881836,22.260000228881836,22.219999313354492,22.235000610351562,7102.0
2024-03-01 09:41:00,EYPT,27.84000015258789,27.84000015258789,27.84000015258789,27.84000015258789,27.84000015258789,226.0
2024-03-01 09:41:00,FATE,7.420000076293945,7.420000076293945,7.449999809265137,7.400100231170654,7.449999809265137,2212.0
2024-03-01 09:41:00,FDMT,28.239999771118164,28.239999771118164,28.309999465942383,28.184999465942383,28.309999465942383,1550.0
2024-03-01 09:41:00,FGEN,1.7400000095367432,1.7400000095367432,1.7400000095367432,1.7400000095367432,1.7400000095367432,1004.0
2024-03-01 09:41:00,FLGT,22.75,22.75,22.75,22.75,22.75,340.0
2024-03-01 09:41:00,FOLD,13.220000267028809,13.220000267028809,13.220000267028809,13.1899995803833,13.1899995803833,1267.0
2024-03-01 09:41:00,FULC,10.34000015258789,10.34000015258789,10.34000015258789,10.34000015258789,10.34000015258789,200.0
2024-03-01 09:41:00,FUSN,12.239999771118164,12.239999771118164,12.239999771118164,12.239999771118164,12.239999771118164,192.0
2024-03-01 09:41:00,FWBI,8.145000457763672,8.145000457763672,8.145000457763672,8.145000457763672,8.145000457763672,260.0
2024-03-01 09:41:00,GDRX,8.25,8.25,8.319999694824219,8.199999809265137,8.220000267028809,45510.0
2024-03-01 09:41:00,GERN,2.0350000858306885,2.0350000858306885,2.0350000858306885,2.0350000858306885,2.0350000858306885,5166.0
2024-03-01 09:41:00,GH,19.030000686645508,19.030000686645508,19.040000915527344,18.989999771118164,19.0,3230.0
2024-03-01 09:41:00,GILD,72.29000091552734,72.29000091552734,72.29000091552734,72.2300033569336,72.2699966430664,3848.0
2024-03-01 09:41:00,GLMD,0.4189999997615814,0.4189999997615814,0.4189999997615814,0.4189999997615814,0.4189999997615814,1338.0
2024-03-01 09:41:00,GLPG,34.974998474121094,34.974998474121094,34.974998474121094,34.974998474121094,34.974998474121094,102.0
2024-03-01 09:41:00,GMAB,28.670000076293945,28.670000076293945,28.670000076293945,28.65999984741211,28.65999984741211,1713.0
2024-03-01 09:41:00,GMDA,0.374099999666214,0.374099999666214,0.374099999666214,0.374099999666214,0.374099999666214,200.0
2024-03-01 09:41:00,GOVX,2.5000998973846436,2.5000998973846436,2.5000998973846436,2.5000998973846436,2.5000998973846436,1000.0
2024-03-01 09:41:00,GRFS,6.764999866485596,6.764999866485596,6.769999980926514,6.760000228881836,6.760000228881836,7704.0
2024-03-01 09:41:00,GRPH,3.490000009536743,3.490000009536743,3.490000009536743,3.4830000400543213,3.4830000400543213,904.0
2024-03-01 09:41:00,GRTS,1.9249999523162842,1.9249999523162842,1.9670000076293945,1.9199999570846558,1.9670000076293945,21688.0
2024-03-01 09:41:00,GRTX,0.22939999401569366,0.22939999401569366,0.23109999299049377,0.22939999401569366,0.23109999299049377,2650.0
2024-03-01 09:41:00,GTHX,3.328000068664551,3.328000068664551,3.351300001144409,3.328000068664551,3.3505001068115234,3157.0
2024-03-01 09:41:00,HALO,40.72999954223633,40.72999954223633,40.72999954223633,40.709999084472656,40.709999084472656,263.0
2024-03-01 09:41:00,HARP,22.940000534057617,22.940000534057617,22.950000762939453,22.940000534057617,22.940000534057617,1958.0
2024-03-01 09:41:00,HCSG,12.59000015258789,12.59000015258789,12.600000381469727,12.579999923706055,12.579999923706055,1070.0
2024-03-01 09:41:00,HCTI,2.5199999809265137,2.5199999809265137,2.6898999214172363,2.460099935531616,2.4798998832702637,14679.0
2024-03-01 09:41:00,HITI,1.7450000047683716,1.7450000047683716,1.7450000047683716,1.7450000047683716,1.7450000047683716,884.0
2024-03-01 09:41:00,HOLX,73.29499816894531,73.29499816894531,73.33000183105469,73.29499816894531,73.30000305175781,559.0
2024-03-01 09:41:00,HOTH,1.3073999881744385,1.3073999881744385,1.3073999881744385,1.3073999881744385,1.3073999881744385,1859.0
2024-03-01 09:41:00,HRMY,31.086999893188477,31.086999893188477,31.086999893188477,31.075000762939453,31.075000762939453,516.0
2024-03-01 09:41:00,HRTX,2.630000114440918,2.630000114440918,2.630000114440918,2.630000114440918,2.630000114440918,316.0
2024-03-01 09:41:00,HSIC,76.6449966430664,76.6449966430664,76.6449966430664,76.55500030517578,76.55500030517578,793.0
2024-03-01 09:41:00,HUMA,3.0399999618530273,3.0399999618530273,3.059999942779541,3.0299999713897705,3.055000066757202,59856.0
2024-03-01 09:41:00,IART,36.71500015258789,36.71500015258789,36.76179885864258,36.66999816894531,36.76179885864258,1663.0
2024-03-01 09:41:00,IBRX,4.753699779510498,4.753699779510498,4.760000228881836,4.753699779510498,4.760000228881836,1207.0
2024-03-01 09:41:00,ICAD,1.8049999475479126,1.8049999475479126,1.8049999475479126,1.8049999475479126,1.8049999475479126,1002.0
2024-03-01 09:41:00,ICLR,319.0107116699219,319.0107116699219,319.0107116699219,319.0107116699219,319.0107116699219,216.0
2024-03-01 09:41:00,ICUI,104.91000366210938,104.91000366210938,105.62999725341797,104.91000366210938,105.45999908447266,1096.0
2024-03-01 09:41:00,IDYA,45.82500076293945,45.82500076293945,45.869998931884766,45.82500076293945,45.869998931884766,317.0
2024-03-01 09:41:00,IFRX,1.7699999809265137,1.7699999809265137,1.7898999452590942,1.7699999809265137,1.7755000591278076,1943.0
2024-03-01 09:41:00,IINN,1.6663999557495117,1.6663999557495117,1.6663999557495117,1.6663999557495117,1.6663999557495117,501.0
2024-03-01 09:41:00,ILMN,136.36000061035156,136.36000061035156,136.67999267578125,136.36000061035156,136.67999267578125,643.0
2024-03-01 09:41:00,IMAB,1.8307000398635864,1.8307000398635864,1.839900016784668,1.830199956893921,1.839900016784668,1407.0
2024-03-01 09:41:00,IMMX,3.430000066757202,3.430000066757202,3.430000066757202,3.430000066757202,3.430000066757202,200.0
2024-03-01 09:41:00,IMNN,1.149999976158142,1.149999976158142,1.1598999500274658,1.149999976158142,1.1598999500274658,3024.0
2024-03-01 09:41:00,INCY,58.505001068115234,58.505001068115234,58.505001068115234,58.505001068115234,58.505001068115234,739.0
2024-03-01 09:41:00,INGN,6.619999885559082,6.619999885559082,6.639999866485596,6.599999904632568,6.639999866485596,3345.0
2024-03-01 09:41:00,INM,0.4000000059604645,0.4000000059604645,0.4000000059604645,0.4000000059604645,0.4000000059604645,1932.0
2024-03-01 09:41:00,INMD,21.959999084472656,21.959999084472656,21.959999084472656,21.915000915527344,21.915000915527344,1608.0
2024-03-01 09:41:00,INSM,28.0049991607666,28.0049991607666,28.0049991607666,27.940000534057617,28.0049991607666,663.0
2024-03-01 09:41:00,INVA,15.75,15.75,15.760000228881836,15.670000076293945,15.670000076293945,2054.0
2024-03-01 09:41:00,INZY,6.489999771118164,6.489999771118164,6.489999771118164,6.480000019073486,6.480000019073486,535.0
2024-03-01 09:41:00,IOBT,1.6385999917984009,1.6385999917984009,1.6399999856948853,1.6349999904632568,1.6399999856948853,0.0
2024-03-01 09:41:00,IOVA,16.569400787353516,16.569400787353516,16.71500015258789,16.545000076293945,16.71500015258789,12239.0
2024-03-01 09:41:00,IRWD,8.845000267028809,8.845000267028809,8.869999885559082,8.84000015258789,8.859999656677246,5173.0
2024-03-01 09:41:00,ISRG,383.57000732421875,383.57000732421875,383.6300048828125,383.162109375,383.162109375,3627.0
2024-03-01 09:41:00,ITCI,70.79499816894531,70.79499816894531,70.79499816894531,70.67500305175781,70.67500305175781,314.0
2024-03-01 09:41:00,ITOS,10.800000190734863,10.800000190734863,10.800000190734863,10.800000190734863,10.800000190734863,164.0
2024-03-01 09:41:00,IVVD,3.940000057220459,3.940000057220459,3.9539999961853027,3.936800003051758,3.936800003051758,786.0
2024-03-01 09:41:00,JAGX,0.061900001019239426,0.061900001019239426,0.06270000338554382,0.06159999966621399,0.06199999898672104,327484.0
2024-03-01 09:41:00,JANX,46.380001068115234,46.380001068115234,47.060001373291016,45.7400016784668,46.82500076293945,5878.0
2024-03-01 09:41:00,JAZZ,121.0999984741211,121.0999984741211,121.11000061035156,120.86000061035156,121.01499938964844,4981.0
2024-03-01 09:41:00,KALV,13.979999542236328,13.979999542236328,14.029999732971191,13.949999809265137,13.954999923706055,1907.0
2024-03-01 09:41:00,KIDS,26.81999969482422,26.81999969482422,26.81999969482422,26.81999969482422,26.81999969482422,244.0
2024-03-01 09:41:00,KNSA,21.434999465942383,21.434999465942383,21.434999465942383,21.3799991607666,21.3799991607666,205.0
2024-03-01 09:41:00,KNTE,2.5950000286102295,2.5950000286102295,2.600100040435791,2.5950000286102295,2.600100040435791,559.0
2024-03-01 09:41:00,KOD,6.170000076293945,6.170000076293945,6.170000076293945,6.170000076293945,6.170000076293945,163.0
2024-03-01 09:41:00,KPTI,1.1349999904632568,1.1349999904632568,1.1404000520706177,1.1299999952316284,1.1404000520706177,2847.0
2024-03-01 09:41:00,KRON,1.0449999570846558,1.0449999570846558,1.0449999570846558,1.0449999570846558,1.0449999570846558,200.0
2024-03-01 09:41:00,KROS,69.11499786376953,69.11499786376953,69.2300033569336,69.11499786376953,69.11499786376953,365.0
2024-03-01 09:41:00,KRTX,315.7200012207031,315.7200012207031,315.7200012207031,315.7200012207031,315.7200012207031,383.0
2024-03-01 09:41:00,KTRA,0.10220000147819519,0.10220000147819519,0.10220000147819519,0.10209999978542328,0.10209999978542328,6029.0
2024-03-01 09:41:00,KURA,21.459999084472656,21.459999084472656,21.459999084472656,21.459999084472656,21.459999084472656,747.0
2024-03-01 09:41:00,KYMR,43.17499923706055,43.17499923706055,43.17499923706055,43.17499923706055,43.17499923706055,133.0
2024-03-01 09:41:00,LAB,2.315000057220459,2.315000057220459,2.319999933242798,2.315000057220459,2.319999933242798,400.0
2024-03-01 09:41:00,LBPH,22.420000076293945,22.420000076293945,22.729999542236328,22.420000076293945,22.725000381469727,16437.0
2024-03-01 09:41:00,LEGN,65.5199966430664,65.5199966430664,65.65499877929688,65.5199966430664,65.65499877929688,491.0
2024-03-01 09:41:00,LEXX,2.5996999740600586,2.5996999740600586,2.5996999740600586,2.555000066757202,2.555000066757202,1916.0
2024-03-01 09:41:00,LFST,8.079999923706055,8.079999923706055,8.079999923706055,8.039999961853027,8.039999961853027,3400.0
2024-03-01 09:41:00,LIFE,1.938599944114685,1.938599944114685,1.938599944114685,1.938599944114685,1.938599944114685,475.0
2024-03-01 09:41:00,LNTH,66.01000213623047,66.01000213623047,66.01000213623047,66.01000213623047,66.01000213623047,512.0
2024-03-01 09:41:00,LRMR,11.779899597167969,11.779899597167969,11.779899597167969,11.779899597167969,11.779899597167969,131.0
2024-03-01 09:41:00,LTRN,4.894999980926514,4.894999980926514,4.894999980926514,4.894999980926514,4.894999980926514,3200.0
2024-03-01 09:41:00,LUNG,9.100000381469727,9.100000381469727,9.100000381469727,9.09000015258789,9.09000015258789,401.0
2024-03-01 09:41:00,LVTX,2.819999933242798,2.819999933242798,2.8299999237060547,2.819999933242798,2.828000068664551,2303.0
2024-03-01 09:41:00,LXRX,2.4007999897003174,2.4007999897003174,2.4100000858306885,2.400099992752075,2.4100000858306885,12623.0
2024-03-01 09:41:00,LYEL,2.9800000190734863,2.9800000190734863,2.9800000190734863,2.9704999923706055,2.9704999923706055,363.0
2024-03-01 09:41:00,MASI,127.69999694824219,127.69999694824219,127.69999694824219,127.69999694824219,127.69999694824219,184.0
2024-03-01 09:41:00,MASS,7.050000190734863,7.050000190734863,7.119999885559082,7.045000076293945,7.045000076293945,31413.0
2024-03-01 09:41:00,MCRB,1.1449999809265137,1.1449999809265137,1.149899959564209,1.1401000022888184,1.1449999809265137,7115.0
2024-03-01 09:41:00,MDRX,5.449999809265137,5.449999809265137,5.5,5.199999809265137,5.199999809265137,27828.0
2024-03-01 09:41:00,MDXG,8.40999984741211,8.40999984741211,8.430000305175781,8.40999984741211,8.430000305175781,426.0
2024-03-01 09:41:00,ME,0.5493999719619751,0.5493999719619751,0.5496000051498413,0.5425999760627747,0.5426999926567078,29078.0
2024-03-01 09:41:00,MEDS,9.300000190734863,9.300000190734863,9.300000190734863,9.300000190734863,9.300000190734863,0.0
2024-03-01 09:41:00,MHUA,0.7139999866485596,0.7139999866485596,0.7139999866485596,0.7139999866485596,0.7139999866485596,1348.0
2024-03-01 09:41:00,MIST,1.6950000524520874,1.6950000524520874,1.7000000476837158,1.6950000524520874,1.6950000524520874,1870.0
2024-03-01 09:41:00,MLTX,51.959999084472656,51.959999084472656,51.959999084472656,51.89500045776367,51.89500045776367,1022.0
2024-03-01 09:41:00,MMSI,76.30999755859375,76.30999755859375,76.30999755859375,76.30000305175781,76.30000305175781,620.0
2024-03-01 09:41:00,MNKD,4.309999942779541,4.309999942779541,4.309999942779541,4.284999847412109,4.285799980163574,5742.0
2024-03-01 09:41:00,MNMD,5.639200210571289,5.639200210571289,5.6504998207092285,5.639200210571289,5.6504998207092285,2335.0
2024-03-01 09:41:00,MNPR,0.7530999779701233,0.7530999779701233,0.7530999779701233,0.7530999779701233,0.7530999779701233,200.0
2024-03-01 09:41:00,MORF,37.900001525878906,37.900001525878906,37.900001525878906,37.900001525878906,37.900001525878906,207.0
2024-03-01 09:41:00,MREO,3.799999952316284,3.799999952316284,3.809999942779541,3.799999952316284,3.809999942779541,539.0
2024-03-01 09:41:00,MRNA,92.5999984741211,92.5999984741211,92.91999816894531,92.5999984741211,92.76000213623047,5291.0
2024-03-01 09:41:00,MRSN,5.690000057220459,5.690000057220459,5.690000057220459,5.630000114440918,5.679999828338623,16918.0
2024-03-01 09:41:00,MRUS,49.220001220703125,49.220001220703125,49.220001220703125,49.08000183105469,49.08000183105469,244.0
2024-03-01 09:41:00,MRVI,7.630000114440918,7.630000114440918,7.65500020980835,7.625,7.65500020980835,2451.0
2024-03-01 09:41:00,MTEM,3.75,3.75,3.75,3.75,3.75,350.0
2024-03-01 09:41:00,MXCT,4.559999942779541,4.559999942779541,4.570000171661377,4.559999942779541,4.570000171661377,1090.0
2024-03-01 09:41:00,MYGN,20.75,20.75,20.75,20.75,20.75,101.0
2024-03-01 09:41:00,NARI,44.89500045776367,44.89500045776367,45.08000183105469,44.845001220703125,44.900001525878906,13572.0
2024-03-01 09:41:00,NAUT,2.7249999046325684,2.7249999046325684,2.7249999046325684,2.7249999046325684,2.7249999046325684,129.0
2024-03-01 09:41:00,NBIX,130.6999969482422,130.6999969482422,131.69000244140625,130.6999969482422,131.64999389648438,9627.0
2024-03-01 09:41:00,NEOG,16.899999618530273,16.899999618530273,16.899999618530273,16.899999618530273,16.899999618530273,408.0
2024-03-01 09:41:00,NEPT,0.42890000343322754,0.42890000343322754,0.42890000343322754,0.42890000343322754,0.42890000343322754,235.0
2024-03-01 09:41:00,NERV,2.632200002670288,2.632200002670288,2.632200002670288,2.509999990463257,2.5799999237060547,14393.0
2024-03-01 09:41:00,NKTX,12.380000114440918,12.380000114440918,12.385600090026855,12.354999542236328,12.385600090026855,577.0
2024-03-01 09:41:00,NMTC,1.225000023841858,1.225000023841858,1.225000023841858,1.225000023841858,1.225000023841858,200.0
2024-03-01 09:41:00,NNOX,11.0600004196167,11.0600004196167,11.079999923706055,11.029999732971191,11.079999923706055,21744.0
2024-03-01 09:41:00,NPCE,16.1299991607666,16.1299991607666,16.1299991607666,16.1299991607666,16.1299991607666,126.0
2024-03-01 09:41:00,NRIX,12.520999908447266,12.520999908447266,12.520999908447266,12.520999908447266,12.520999908447266,1020.0
2024-03-01 09:41:00,NRXP,0.39800000190734863,0.39800000190734863,0.39800000190734863,0.3939000070095062,0.39399999380111694,16598.0
2024-03-01 09:41:00,NTLA,32.58000183105469,32.58000183105469,32.60810089111328,32.5,32.599998474121094,5135.0
2024-03-01 09:41:00,NTRA,89.68000030517578,89.68000030517578,90.30000305175781,89.55999755859375,89.58000183105469,26542.0
2024-03-01 09:41:00,NUWE,0.5830000042915344,0.5830000042915344,0.5830000042915344,0.5830000042915344,0.5830000042915344,4.0
2024-03-01 09:41:00,NVAX,5.010000228881836,5.010000228881836,5.039999961853027,4.989999771118164,5.0395002365112305,46455.0
2024-03-01 09:41:00,NVCR,15.34000015258789,15.34000015258789,15.34000015258789,15.34000015258789,15.34000015258789,119.0
2024-03-01 09:41:00,NVOS,0.6129999756813049,0.6129999756813049,0.6129999756813049,0.6129999756813049,0.6129999756813049,150.0
2024-03-01 09:41:00,OCGN,0.9203000068664551,0.9203000068664551,0.9239000082015991,0.9203000068664551,0.9239000082015991,3045.0
2024-03-01 09:41:00,OCUL,10.300000190734863,10.300000190734863,10.3100004196167,10.300000190734863,10.3100004196167,4264.0
2024-03-01 09:41:00,OFIX,12.949999809265137,12.949999809265137,12.949999809265137,12.90999984741211,12.949999809265137,851.0
2024-03-01 09:41:00,OGI,2.059999942779541,2.059999942779541,2.059999942779541,2.059999942779541,2.059999942779541,355.0
2024-03-01 09:41:00,OLK,22.40999984741211,22.40999984741211,22.40999984741211,22.3700008392334,22.399999618530273,1459.0
2024-03-01 09:41:00,OM,3.0399999618530273,3.0399999618530273,3.0399999618530273,3.029900074005127,3.029900074005127,1711.0
2024-03-01 09:41:00,OMCL,26.065000534057617,26.065000534057617,26.065000534057617,26.065000534057617,26.065000534057617,548.0
2024-03-01 09:41:00,OMER,4.559999942779541,4.559999942779541,4.559999942779541,4.553800106048584,4.559999942779541,689.0
2024-03-01 09:41:00,OMGA,4.090000152587891,4.090000152587891,4.110000133514404,4.090000152587891,4.110000133514404,1058.0
2024-03-01 09:42:00,AADI,2.009999990463257,2.009999990463257,2.009999990463257,2.009999990463257,2.009999990463257,192.0
2024-03-01 09:42:00,ABCL,5.050000190734863,5.050000190734863,5.050000190734863,5.025000095367432,5.025000095367432,11787.0
2024-03-01 09:42:00,ABEO,7.12939977645874,7.12939977645874,7.150000095367432,7.12939977645874,7.150000095367432,2342.0
2024-03-01 09:42:00,ABOS,4.400000095367432,4.400000095367432,4.460000038146973,4.400000095367432,4.460000038146973,1488.0
2024-03-01 09:42:00,ABSI,5.099999904632568,5.099999904632568,5.113999843597412,5.099999904632568,5.110000133514404,4861.0
2024-03-01 09:42:00,ABUS,2.7600998878479004,2.7600998878479004,2.7699999809265137,2.7600998878479004,2.7699999809265137,5611.0
2024-03-01 09:42:00,ACAD,23.46500015258789,23.46500015258789,23.520000457763672,23.420000076293945,23.510000228881836,5991.0
2024-03-01 09:42:00,ACB,3.0,3.0,3.009999990463257,3.0,3.009999990463257,30277.0
2024-03-01 09:42:00,ACCD,10.0649995803833,10.0649995803833,10.0649995803833,10.0649995803833,10.0649995803833,101.0
2024-03-01 09:42:00,ACET,2.3499999046325684,2.3499999046325684,2.3499999046325684,2.3499999046325684,2.3499999046325684,662.0
2024-03-01 09:42:00,ACHC,83.19000244140625,83.19000244140625,83.19000244140625,83.12999725341797,83.13999938964844,1355.0
2024-03-01 09:42:00,ACHL,1.3499000072479248,1.3499000072479248,1.350000023841858,1.3489999771118164,1.3489999771118164,4075.0
2024-03-01 09:42:00,ACIU,3.7950000762939453,3.7950000762939453,3.7950000762939453,3.7950000762939453,3.7950000762939453,210.0
2024-03-01 09:42:00,ACLX,67.9000015258789,67.9000015258789,67.9000015258789,67.9000015258789,67.9000015258789,356.0
2024-03-01 09:42:00,ACON,0.3959999978542328,0.3959999978542328,0.3959999978542328,0.3959999978542328,0.3959999978542328,800.0
2024-03-01 09:42:00,ACRS,1.2400000095367432,1.2400000095367432,1.2400000095367432,1.2350000143051147,1.2350000143051147,620.0
2024-03-01 09:42:00,ADAG,3.25,3.25,3.25,3.25,3.25,245.0
2024-03-01 09:42:00,ADAP,1.5800000429153442,1.5800000429153442,1.5950000286102295,1.5800000429153442,1.5950000286102295,36954.0
2024-03-01 09:42:00,ADIL,3.919800043106079,3.919800043106079,4.0,3.690000057220459,3.889899969100952,1495573.0
2024-03-01 09:42:00,ADMA,5.375,5.375,5.375,5.375,5.375,10000.0
2024-03-01 09:42:00,ADPT,4.009900093078613,4.009900093078613,4.011000156402588,4.005000114440918,4.011000156402588,2178.0
2024-03-01 09:42:00,ADVM,1.9850000143051147,1.9850000143051147,1.9996999502182007,1.9850000143051147,1.9850000143051147,2454.0
2024-03-01 09:42:00,ADXN,9.000100135803223,9.000100135803223,9.000100135803223,9.000100135803223,9.000100135803223,370.0
2024-03-01 09:42:00,AEZS,1.940000057220459,1.940000057220459,1.940000057220459,1.940000057220459,1.940000057220459,200.0
2024-03-01 09:42:00,AGEN,0.6753000020980835,0.6753000020980835,0.6753000020980835,0.6740999817848206,0.6740999817848206,11299.0
2024-03-01 09:42:00,AGIO,32.36000061035156,32.36000061035156,32.36000061035156,32.33330154418945,32.33330154418945,357.0
2024-03-01 09:42:00,AGRX,0.8199999928474426,0.8199999928474426,0.8199999928474426,0.8184000253677368,0.8199999928474426,2290.0
2024-03-01 09:42:00,AHCO,10.475000381469727,10.475000381469727,10.475000381469727,10.470000267028809,10.470000267028809,345.0
2024-03-01 09:42:00,AIRS,6.510000228881836,6.510000228881836,6.519999980926514,6.510000228881836,6.519999980926514,301.0
2024-03-01 09:42:00,AKAN,0.2750000059604645,0.2750000059604645,0.2770000100135803,0.2750000059604645,0.2770000100135803,12086.0
2024-03-01 09:42:00,AKBA,1.6100000143051147,1.6100000143051147,1.6100000143051147,1.6030000448226929,1.6050000190734863,72.0
2024-03-01 09:42:00,AKLI,0.3449000120162964,0.3449000120162964,0.3449000120162964,0.3449000120162964,0.3449000120162964,200.0
2024-03-01 09:42:00,AKRO,28.459999084472656,28.459999084472656,28.660999298095703,28.459999084472656,28.660999298095703,3140.0
2024-03-01 09:42:00,ALDX,3.8101000785827637,3.8101000785827637,3.8399999141693115,3.8101000785827637,3.8399999141693115,1686.0
2024-03-01 09:42:00,ALEC,7.25,7.25,7.25,7.25,7.25,205.0
2024-03-01 09:42:00,ALKS,29.969999313354492,29.969999313354492,30.020000457763672,29.969999313354492,30.020000457763672,1022.0
2024-03-01 09:42:00,ALLK,1.5299999713897705,1.5299999713897705,1.5299999713897705,1.524999976158142,1.5299999713897705,1674.0
2024-03-01 09:42:00,ALLO,4.900000095367432,4.900000095367432,4.909999847412109,4.894999980926514,4.900000095367432,3404.0
2024-03-01 09:42:00,ALNY,150.17999267578125,150.17999267578125,150.17999267578125,150.17999267578125,150.17999267578125,167.0
2024-03-01 09:42:00,ALT,12.225000381469727,12.225000381469727,12.3100004196167,12.1899995803833,12.3100004196167,13977.0
2024-03-01 09:42:00,ALXO,14.779999732971191,14.779999732971191,14.779999732971191,14.779999732971191,14.779999732971191,161.0
2024-03-01 09:42:00,AMGN,276.9649963378906,276.9649963378906,277.239990234375,276.7900085449219,277.0,19347.0
2024-03-01 09:42:00,AMLX,18.610000610351562,18.610000610351562,18.704999923706055,18.610000610351562,18.704999923706055,0.0
2024-03-01 09:42:00,AMPH,46.20989990234375,46.20989990234375,46.20989990234375,45.9900016784668,45.9900016784668,792.0
2024-03-01 09:42:00,AMRN,0.9900000095367432,0.9900000095367432,0.9994000196456909,0.9787999987602234,0.9787999987602234,41817.0
2024-03-01 09:42:00,ANGO,5.335000038146973,5.335000038146973,5.335000038146973,5.329999923706055,5.329999923706055,471.0
2024-03-01 09:42:00,ANIP,67.59020233154297,67.59020233154297,67.9000015258789,67.59020233154297,67.9000015258789,1103.0
2024-03-01 09:42:00,ANNX,5.9899001121521,5.9899001121521,6.002500057220459,5.96999979019165,5.980000019073486,10092.0
2024-03-01 09:42:00,ANTX,2.9983999729156494,2.9983999729156494,3.0199999809265137,2.9983999729156494,3.0199999809265137,371.0
2024-03-01 09:42:00,APLS,61.9900016784668,61.9900016784668,62.0,61.90999984741211,62.0,6886.0
2024-03-01 09:42:00,APLT,7.480000019073486,7.480000019073486,7.481800079345703,7.449999809265137,7.481800079345703,884.0
2024-03-01 09:42:00,AQST,3.9600000381469727,3.9600000381469727,4.0,3.940000057220459,3.940000057220459,38784.0
2024-03-01 09:42:00,ARAY,2.5799999237060547,2.5799999237060547,2.5799999237060547,2.5799999237060547,2.5799999237060547,320.0
2024-03-01 09:42:00,ARDX,9.4399995803833,9.4399995803833,9.470000267028809,9.4399995803833,9.470000267028809,2769.0
2024-03-01 09:42:00,ARQT,10.430000305175781,10.430000305175781,10.444999694824219,10.420000076293945,10.430000305175781,3300.0
2024-03-01 09:42:00,ARVN,48.10499954223633,48.10499954223633,48.10499954223633,47.560001373291016,47.560001373291016,9822.0
2024-03-01 09:42:00,ARWR,33.150001525878906,33.150001525878906,33.20000076293945,33.13999938964844,33.13999938964844,1530.0
2024-03-01 09:42:00,ASMB,13.0600004196167,13.0600004196167,13.0600004196167,13.0600004196167,13.0600004196167,515.0
2024-03-01 09:42:00,ASND,148.0,148.0,148.36000061035156,147.6199951171875,148.02000427246094,1308.0
2024-03-01 09:42:00,ASRT,0.8898000121116638,0.8898000121116638,0.8898000121116638,0.8898000121116638,0.8898000121116638,217.0
2024-03-01 09:42:00,ATAI,1.9490000009536743,1.9490000009536743,1.9490000009536743,1.9490000009536743,1.9490000009536743,336.0
2024-03-01 09:42:00,ATEC,13.15999984741211,13.15999984741211,13.194999694824219,13.15999984741211,13.194999694824219,2398.0
2024-03-01 09:42:00,ATOS,0.9921000003814697,0.9921000003814697,0.9921000003814697,0.9921000003814697,0.9921000003814697,303.0
2024-03-01 09:42:00,ATRA,0.7799999713897705,0.7799999713897705,0.7857000231742859,0.7799999713897705,0.7857000231742859,991.0
2024-03-01 09:42:00,ATRC,34.6349983215332,34.6349983215332,34.6349983215332,34.6349983215332,34.6349983215332,106.0
2024-03-01 09:42:00,ATXS,14.300000190734863,14.300000190734863,14.327500343322754,14.300000190734863,14.300000190734863,779.0
2024-03-01 09:42:00,AUGX,4.440000057220459,4.440000057220459,4.440000057220459,4.440000057220459,4.440000057220459,319.0
2024-03-01 09:42:00,AUPH,5.644999980926514,5.644999980926514,5.664999961853027,5.644999980926514,5.664999961853027,1497.0
2024-03-01 09:42:00,AUTL,6.054999828338623,6.054999828338623,6.079999923706055,6.050000190734863,6.079999923706055,860.0
2024-03-01 09:42:00,AVIR,4.329999923706055,4.329999923706055,4.340000152587891,4.329999923706055,4.340000152587891,201.0
2024-03-01 09:42:00,AVXL,5.170199871063232,5.170199871063232,5.170199871063232,5.170199871063232,5.170199871063232,1017.0
2024-03-01 09:42:00,AXGN,10.270000457763672,10.270000457763672,10.270000457763672,10.270000457763672,10.270000457763672,526.0
2024-03-01 09:42:00,AXNX,67.30000305175781,67.30000305175781,67.56999969482422,67.30000305175781,67.5,2728.0
2024-03-01 09:42:00,AXSM,81.97000122070312,81.97000122070312,81.97000122070312,81.48999786376953,81.5999984741211,1103.0
2024-03-01 09:42:00,AZN,64.38999938964844,64.38999938964844,64.4000015258789,64.37999725341797,64.4000015258789,2355.0
2024-03-01 09:42:00,AZTA,65.13999938964844,65.13999938964844,65.13999938964844,65.13999938964844,65.13999938964844,101.0
2024-03-01 09:42:00,BBIO,34.68000030517578,34.68000030517578,34.70000076293945,34.61000061035156,34.61000061035156,2631.0
2024-03-01 09:42:00,BBLG,2.549999952316284,2.549999952316284,2.680000066757202,2.5299999713897705,2.680000066757202,7728.0
2024-03-01 09:42:00,BCDA,0.5501999855041504,0.5501999855041504,0.5501999855041504,0.5501999855041504,0.5501999855041504,307.0
2024-03-01 09:42:00,BCEL,0.26499998569488525,0.26499998569488525,0.26989999413490295,0.26499998569488525,0.26989999413490295,812.0
2024-03-01 09:42:00,BCLI,0.3504999876022339,0.3504999876022339,0.35749998688697815,0.3504999876022339,0.3569999933242798,6271.0
2024-03-01 09:42:00,BCRX,5.710000038146973,5.710000038146973,5.710000038146973,5.699999809265137,5.710000038146973,3965.0
2024-03-01 09:42:00,BCTX,3.4800000190734863,3.4800000190734863,3.4800000190734863,3.424999952316284,3.424999952316284,3348.0
2024-03-01 09:42:00,BDTX,5.184999942779541,5.184999942779541,5.184999942779541,5.139999866485596,5.170000076293945,2459.0
2024-03-01 09:42:00,BEAM,39.345001220703125,39.345001220703125,39.470001220703125,39.26499938964844,39.334999084472656,2866.0
2024-03-01 09:42:00,BGNE,162.5,162.5,163.15499877929688,162.5,163.1199951171875,2316.0
2024-03-01 09:42:00,BGXX,0.27309998869895935,0.27309998869895935,0.27309998869895935,0.2669999897480011,0.267300009727478,12088.0
2024-03-01 09:42:00,BIIB,216.60499572753906,216.60499572753906,216.61000061035156,216.60000610351562,216.60000610351562,1963.0
2024-03-01 09:42:00,BIMI,3.799999952316284,3.799999952316284,3.799999952316284,3.799999952316284,3.799999952316284,225.0
2024-03-01 09:42:00,BIOL,0.13699999451637268,0.13699999451637268,0.13819999992847443,0.13699999451637268,0.13809999823570251,15373.0
2024-03-01 09:42:00,BIVI,2.4700000286102295,2.4700000286102295,2.630000114440918,2.450000047683716,2.5708999633789062,402014.0
2024-03-01 09:42:00,BLFS,17.020000457763672,17.020000457763672,17.209999084472656,16.988000869750977,17.110000610351562,9100.0
2024-03-01 09:42:00,BLUE,1.4850000143051147,1.4850000143051147,1.4900000095367432,1.472000002861023,1.4799000024795532,33087.0
2024-03-01 09:42:00,BMEA,17.549999237060547,17.549999237060547,17.549999237060547,17.385000228881836,17.450000762939453,6299.0
2024-03-01 09:42:00,BMRN,86.13099670410156,86.13099670410156,86.21499633789062,86.13099670410156,86.19999694824219,1078.0
2024-03-01 09:42:00,BNGO,1.2400000095367432,1.2400000095367432,1.2400000095367432,1.2350000143051147,1.2350000143051147,6820.0
2024-03-01 09:42:00,BNR,0.8600999712944031,0.8600999712944031,0.8952000141143799,0.8600999712944031,0.8924999833106995,4300.0
2024-03-01 09:42:00,BNTX,90.20999908447266,90.20999908447266,90.27999877929688,90.12000274658203,90.27999877929688,1307.0
2024-03-01 09:42:00,BOLT,1.1799999475479126,1.1799999475479126,1.1799999475479126,1.149999976158142,1.149999976158142,9452.0
2024-03-01 09:42:00,BPMC,95.62000274658203,95.62000274658203,95.62000274658203,95.30000305175781,95.30000305175781,682.0
2024-03-01 09:42:00,BRKR,86.29000091552734,86.29000091552734,86.58000183105469,86.29000091552734,86.58000183105469,2809.0
2024-03-01 09:42:00,BSGM,0.699999988079071,0.699999988079071,0.699999988079071,0.699999988079071,0.699999988079071,310.0
2024-03-01 09:42:00,BTAI,3.20989990234375,3.20989990234375,3.2100000381469727,3.190000057220459,3.190000057220459,1721.0
2024-03-01 09:42:00,BTCY,0.9215999841690063,0.9215999841690063,0.9697999954223633,0.9215999841690063,0.9697999954223633,7100.0
2024-03-01 09:42:00,BTMD,6.070000171661377,6.070000171661377,6.070000171661377,6.070000171661377,6.070000171661377,725.0
2024-03-01 09:42:00,BTTX,0.16099999845027924,0.16099999845027924,0.16099999845027924,0.16019999980926514,0.1606999933719635,12804.0
2024-03-01 09:42:00,BWAY,6.550000190734863,6.550000190734863,6.550000190734863,6.550000190734863,6.550000190734863,314.0
2024-03-01 09:42:00,BYSI,1.350000023841858,1.350000023841858,1.3696999549865723,1.350000023841858,1.3600000143051147,2797.0
2024-03-01 09:42:00,CABA,23.809999465942383,23.809999465942383,23.809999465942383,23.809999465942383,23.809999465942383,210.0
2024-03-01 09:42:00,CAPR,4.559999942779541,4.559999942779541,4.619999885559082,4.559999942779541,4.619999885559082,1192.0
2024-03-01 09:42:00,CARA,0.859499990940094,0.859499990940094,0.859499990940094,0.8388000130653381,0.8399999737739563,3015.0
2024-03-01 09:42:00,CBAY,32.20500183105469,32.20500183105469,32.220001220703125,32.20500183105469,32.21500015258789,9340.0
2024-03-01 09:42:00,CCCC,10.991999626159668,10.991999626159668,10.991999626159668,10.958800315856934,10.970000267028809,2579.0
2024-03-01 09:42:00,CDMO,7.769999980926514,7.769999980926514,7.769999980926514,7.710000038146973,7.710000038146973,2449.0
2024-03-01 09:42:00,CDNA,10.885000228881836,10.885000228881836,10.960000038146973,10.880000114440918,10.960000038146973,5950.0
2024-03-01 09:42:00,CDTX,0.7265999913215637,0.7265999913215637,0.7265999913215637,0.7265999913215637,0.7265999913215637,489.0
2024-03-01 09:42:00,CDXS,4.429999828338623,4.429999828338623,4.460000038146973,4.429999828338623,4.449999809265137,2535.0
2024-03-01 09:42:00,CELC,15.960000038146973,15.960000038146973,15.960000038146973,15.920000076293945,15.920000076293945,184.0
2024-03-01 09:42:00,CELU,3.825000047683716,3.825000047683716,3.825000047683716,3.799999952316284,3.799999952316284,577.0
2024-03-01 09:42:00,CERE,41.07500076293945,41.07500076293945,41.08000183105469,41.064998626708984,41.08000183105469,2384.0
2024-03-01 09:42:00,CERS,2.1500000953674316,2.1500000953674316,2.1500000953674316,2.1449999809265137,2.1449999809265137,900.0
2024-03-01 09:42:00,CERT,16.989999771118164,16.989999771118164,16.989999771118164,16.989999771118164,16.989999771118164,515.0
2024-03-01 09:42:00,CGC,3.202500104904175,3.202500104904175,3.219599962234497,3.2000999450683594,3.2100000381469727,16396.0
2024-03-01 09:42:00,CGEM,18.59000015258789,18.59000015258789,18.59000015258789,18.59000015258789,18.59000015258789,361.0
2024-03-01 09:42:00,CGTX,2.0201001167297363,2.0201001167297363,2.109999895095825,2.0201001167297363,2.059999942779541,5607.0
2024-03-01 09:42:00,CHRS,2.2750000953674316,2.2750000953674316,2.2750000953674316,2.2750000953674316,2.2750000953674316,389.0
2024-03-01 09:42:00,CING,1.3551000356674194,1.3551000356674194,1.3696999549865723,1.350000023841858,1.350000023841858,10110.0
2024-03-01 09:42:00,CKPT,2.109999895095825,2.109999895095825,2.1500000953674316,2.109999895095825,2.1500000953674316,8068.0
2024-03-01 09:42:00,CLDX,50.150001525878906,50.150001525878906,50.150001525878906,49.65999984741211,49.86000061035156,9881.0
2024-03-01 09:42:00,CLNN,0.3808000087738037,0.3808000087738037,0.39500001072883606,0.3799999952316284,0.39500001072883606,33652.0
2024-03-01 09:42:00,CLOV,0.8569999933242798,0.8569999933242798,0.8596000075340271,0.8533999919891357,0.8533999919891357,1976.0
2024-03-01 09:42:00,CLRB,3.947999954223633,3.947999954223633,3.947999954223633,3.947999954223633,3.947999954223633,0.0
2024-03-01 09:42:00,CMRX,1.104099988937378,1.104099988937378,1.104099988937378,1.104099988937378,1.104099988937378,0.0
2024-03-01 09:42:00,COGT,7.132599830627441,7.132599830627441,7.150000095367432,7.132599830627441,7.150000095367432,434.0
2024-03-01 09:42:00,COLL,36.95000076293945,36.95000076293945,36.95000076293945,36.95000076293945,36.95000076293945,111.0
2024-03-01 09:42:00,CPRX,16.725000381469727,16.725000381469727,16.739999771118164,16.700000762939453,16.700000762939453,6530.0
2024-03-01 09:42:00,CPSI,9.770000457763672,9.770000457763672,9.770000457763672,9.770000457763672,9.770000457763672,226.0
2024-03-01 09:42:00,CRBP,31.600000381469727,31.600000381469727,31.649999618530273,31.47439956665039,31.47439956665039,1037.0
2024-03-01 09:42:00,CRBU,8.069999694824219,8.069999694824219,8.069999694824219,8.0600004196167,8.0600004196167,278.0
2024-03-01 09:42:00,CRDF,2.2100000381469727,2.2100000381469727,2.2799999713897705,2.200000047683716,2.2699999809265137,86110.0
2024-03-01 09:42:00,CRMD,3.5899999141693115,3.5899999141693115,3.5906999111175537,3.5899999141693115,3.5906999111175537,1405.0
2024-03-01 09:42:00,CRNX,43.77000045776367,43.77000045776367,43.77000045776367,43.7598991394043,43.7599983215332,1510.0
2024-03-01 09:42:00,CRON,2.04010009765625,2.04010009765625,2.04010009765625,2.0399999618530273,2.0399999618530273,1950.0
2024-03-01 09:42:00,CRSP,83.94499969482422,83.94499969482422,83.9749984741211,83.94499969482422,83.9749984741211,415.0
2024-03-01 09:42:00,CRVS,2.150099992752075,2.150099992752075,2.2200000286102295,2.150099992752075,2.2200000286102295,13332.0
2024-03-01 09:42:00,CSTL,19.299999237060547,19.299999237060547,19.299999237060547,19.042200088500977,19.042200088500977,917.0
2024-03-01 09:42:00,CTKB,7.880000114440918,7.880000114440918,7.880000114440918,7.829999923706055,7.829999923706055,977.0
2024-03-01 09:42:00,CTMX,2.4000000953674316,2.4000000953674316,2.4000000953674316,2.359999895095825,2.398900032043457,25529.0
2024-03-01 09:42:00,CUTR,2.130000114440918,2.130000114440918,2.130000114440918,2.109999895095825,2.119999885559082,9860.0
2024-03-01 09:42:00,CVAC,3.4100000858306885,3.4100000858306885,3.4100000858306885,3.4100000858306885,3.4100000858306885,740.0
2024-03-01 09:42:00,CYTK,73.75,73.75,73.80999755859375,73.44000244140625,73.44000244140625,3096.0
2024-03-01 09:42:00,DARE,0.5751000046730042,0.5751000046730042,0.5778999924659729,0.574999988079071,0.574999988079071,5161.0
2024-03-01 09:42:00,DCGO,4.029399871826172,4.029399871826172,4.050000190734863,4.019599914550781,4.019899845123291,3723.0
2024-03-01 09:42:00,DH,9.039999961853027,9.039999961853027,9.039999961853027,9.039999961853027,9.039999961853027,0.0
2024-03-01 09:42:00,DMAC,3.0399999618530273,3.0399999618530273,3.049999952316284,3.0399999618530273,3.049999952316284,410.0
2024-03-01 09:42:00,DMTK,0.8799999952316284,0.8799999952316284,0.8899999856948853,0.8759999871253967,0.8799999952316284,4811.0
2024-03-01 09:42:00,DNLI,20.530000686645508,20.530000686645508,20.530000686645508,20.4950008392334,20.5,912.0
2024-03-01 09:42:00,DTIL,12.848699569702148,12.848699569702148,12.890000343322754,12.65999984741211,12.890000343322754,20529.0
2024-03-01 09:42:00,DVAX,12.720000267028809,12.720000267028809,12.720000267028809,12.720000267028809,12.720000267028809,301.0
2024-03-01 09:42:00,DXCM,115.23999786376953,115.23999786376953,115.44499969482422,114.80999755859375,114.91000366210938,5436.0
2024-03-01 09:42:00,DYN,28.28459930419922,28.28459930419922,28.3700008392334,28.239999771118164,28.25,4919.0
2024-03-01 09:42:00,EDAP,6.509900093078613,6.509900093078613,6.509900093078613,6.509900093078613,6.509900093078613,0.0
2024-03-01 09:42:00,EDIT,10.180000305175781,10.180000305175781,10.192500114440918,10.170000076293945,10.180000305175781,1235.0
2024-03-01 09:42:00,ELEV,4.679999828338623,4.679999828338623,4.724999904632568,4.679999828338623,4.724999904632568,10839.0
2024-03-01 09:42:00,ENTA,14.34000015258789,14.34000015258789,14.510000228881836,14.34000015258789,14.510000228881836,3316.0
2024-03-01 09:42:00,ENTX,1.4199999570846558,1.4199999570846558,1.4199999570846558,1.409999966621399,1.409999966621399,300.0
2024-03-01 09:42:00,ENVB,1.7899999618530273,1.7899999618530273,1.8300000429153442,1.75,1.829200029373169,83390.0
2024-03-01 09:42:00,EOLS,14.960000038146973,14.960000038146973,14.989999771118164,14.960000038146973,14.989999771118164,19433.0
2024-03-01 09:42:00,EQ,2.5999999046325684,2.5999999046325684,2.5999999046325684,2.5546998977661133,2.5546998977661133,4597.0
2024-03-01 09:42:00,ERAS,2.359999895095825,2.359999895095825,2.369999885559082,2.359999895095825,2.369999885559082,727.0
2024-03-01 09:42:00,ESPR,2.484999895095825,2.484999895095825,2.484999895095825,2.48009991645813,2.48009991645813,742.0
2024-03-01 09:42:00,ESTA,44.5,44.5,44.689998626708984,44.5,44.689998626708984,540.0
2024-03-01 09:42:00,EVO,7.360000133514404,7.360000133514404,7.369999885559082,7.360000133514404,7.360000133514404,0.0
2024-03-01 09:42:00,EWTX,16.200000762939453,16.200000762939453,16.239999771118164,16.200000762939453,16.239999771118164,827.0
2024-03-01 09:42:00,EXAI,6.656400203704834,6.656400203704834,6.699999809265137,6.656400203704834,6.699999809265137,10056.0
2024-03-01 09:42:00,EXAS,57.68000030517578,57.68000030517578,57.779998779296875,57.68000030517578,57.72999954223633,2074.0
2024-03-01 09:42:00,EXEL,22.295000076293945,22.295000076293945,22.299999237060547,22.2450008392334,22.260000228881836,6457.0
2024-03-01 09:42:00,EYEN,2.1700000762939453,2.1700000762939453,2.1700000762939453,2.1700000762939453,2.1700000762939453,600.0
2024-03-01 09:42:00,EYPT,27.75,27.75,27.850000381469727,27.75,27.850000381469727,1807.0
2024-03-01 09:42:00,FATE,7.420000076293945,7.420000076293945,7.420000076293945,7.390699863433838,7.400000095367432,3328.0
2024-03-01 09:42:00,FDMT,28.19499969482422,28.19499969482422,28.19499969482422,28.19499969482422,28.19499969482422,139.0
2024-03-01 09:42:00,FEMY,1.7301000356674194,1.7301000356674194,1.75,1.7301000356674194,1.75,13022.0
2024-03-01 09:42:00,FGEN,1.7100000381469727,1.7100000381469727,1.7100000381469727,1.7100000381469727,1.7100000381469727,291.0
2024-03-01 09:42:00,FIXX,0.9300000071525574,0.9300000071525574,0.9300000071525574,0.9300000071525574,0.9300000071525574,1149.0
2024-03-01 09:42:00,FLGT,22.649999618530273,22.649999618530273,22.769800186157227,22.649999618530273,22.769800186157227,361.0
2024-03-01 09:42:00,FOLD,13.21500015258789,13.21500015258789,13.220000267028809,13.21500015258789,13.220000267028809,657.0
2024-03-01 09:42:00,FUSN,12.109999656677246,12.109999656677246,12.154999732971191,12.109999656677246,12.140999794006348,768.0
2024-03-01 09:42:00,GALT,1.9222999811172485,1.9222999811172485,1.9222999811172485,1.909999966621399,1.909999966621399,6204.0
2024-03-01 09:42:00,GBIO,2.4742000102996826,2.4742000102996826,2.5,2.4742000102996826,2.5,927.0
2024-03-01 09:42:00,GCTK,0.29989999532699585,0.29989999532699585,0.30000001192092896,0.29989999532699585,0.30000001192092896,1678.0
2024-03-01 09:42:00,GDRX,8.194999694824219,8.194999694824219,8.279999732971191,8.180000305175781,8.260000228881836,13788.0
2024-03-01 09:42:00,GERN,2.0350000858306885,2.0350000858306885,2.0350000858306885,2.0299999713897705,2.0350000858306885,217.0
2024-03-01 09:42:00,GH,19.010000228881836,19.010000228881836,19.010000228881836,19.010000228881836,19.010000228881836,547.0
2024-03-01 09:42:00,GILD,72.22000122070312,72.22000122070312,72.29000091552734,72.22000122070312,72.29000091552734,3671.0
2024-03-01 09:42:00,GLPG,34.959999084472656,34.959999084472656,34.959999084472656,34.959999084472656,34.959999084472656,262.0
2024-03-01 09:42:00,GLTO,0.7296000123023987,0.7296000123023987,0.7296000123023987,0.7296000123023987,0.7296000123023987,15006.0
2024-03-01 09:42:00,GMAB,28.65999984741211,28.65999984741211,28.65999984741211,28.65999984741211,28.65999984741211,2812.0
2024-03-01 09:42:00,GMDA,0.37209999561309814,0.37209999561309814,0.37439998984336853,0.3700999915599823,0.37439998984336853,32895.0
2024-03-01 09:42:00,GNPX,4.360400199890137,4.360400199890137,4.366000175476074,4.3206000328063965,4.329999923706055,914.0
2024-03-01 09:42:00,GOSS,1.340000033378601,1.340000033378601,1.3799999952316284,1.3300000429153442,1.3799999952316284,9326.0
2024-03-01 09:42:00,GOVX,2.5000998973846436,2.5000998973846436,2.5000998973846436,2.5000998973846436,2.5000998973846436,0.0
2024-03-01 09:42:00,GRFS,6.764200210571289,6.764200210571289,6.769999980926514,6.760000228881836,6.764999866485596,6576.0
2024-03-01 09:42:00,GRTS,1.899999976158142,1.899999976158142,1.9299999475479126,1.899999976158142,1.929900050163269,31288.0
2024-03-01 09:42:00,GRTX,0.22709999978542328,0.22709999978542328,0.22709999978542328,0.22699999809265137,0.22699999809265137,3686.0
2024-03-01 09:42:00,GTHX,3.3499999046325684,3.3499999046325684,3.3499999046325684,3.3299999237060547,3.3299999237060547,721.0
2024-03-01 09:42:00,HALO,40.709999084472656,40.709999084472656,40.709999084472656,40.709999084472656,40.709999084472656,449.0
2024-03-01 09:42:00,HARP,22.9424991607666,22.9424991607666,22.9424991607666,22.9424991607666,22.9424991607666,301.0
2024-03-01 09:42:00,HCAT,8.09000015258789,8.09000015258789,8.09000015258789,8.0600004196167,8.09000015258789,1578.0
2024-03-01 09:42:00,HCSG,12.600000381469727,12.600000381469727,12.619999885559082,12.585000038146973,12.585000038146973,2646.0
2024-03-01 09:42:00,HCTI,2.4800000190734863,2.4800000190734863,2.5617001056671143,2.4800000190734863,2.5230000019073486,5833.0
2024-03-01 09:42:00,HEPA,3.1935999393463135,3.1935999393463135,3.1935999393463135,3.1935999393463135,3.1935999393463135,151.0
2024-03-01 09:42:00,HLTH,0.2799000144004822,0.2799000144004822,0.2799000144004822,0.2799000144004822,0.2799000144004822,8000.0
2024-03-01 09:42:00,HOLX,73.3499984741211,73.3499984741211,73.3499984741211,73.23999786376953,73.2750015258789,1480.0
2024-03-01 09:42:00,HOOK,0.7599999904632568,0.7599999904632568,0.7699999809265137,0.7599999904632568,0.7699999809265137,1100.0
2024-03-01 09:42:00,HQY,82.44499969482422,82.44499969482422,82.44999694824219,82.43000030517578,82.44999694824219,786.0
2024-03-01 09:42:00,HRMY,30.81999969482422,30.81999969482422,31.014999389648438,30.81999969482422,31.014999389648438,1533.0
2024-03-01 09:42:00,HRTX,2.625,2.625,2.625,2.615000009536743,2.619999885559082,6013.0
2024-03-01 09:42:00,HSIC,76.5824966430664,76.5824966430664,76.5824966430664,76.43000030517578,76.43000030517578,646.0
2024-03-01 09:42:00,HUMA,3.079900026321411,3.079900026321411,3.0859999656677246,3.0350000858306885,3.039799928665161,38864.0
2024-03-01 09:42:00,IART,36.84000015258789,36.84000015258789,36.849998474121094,36.7599983215332,36.7599983215332,2655.0
2024-03-01 09:42:00,IBRX,4.739999771118164,4.739999771118164,4.754000186920166,4.739999771118164,4.754000186920166,894.0
2024-03-01 09:42:00,ICAD,1.7869999408721924,1.7869999408721924,1.7869999408721924,1.7869999408721924,1.7869999408721924,502.0
2024-03-01 09:42:00,ICCM,1.309999942779541,1.309999942779541,1.309999942779541,1.2999999523162842,1.2999999523162842,800.0
2024-03-01 09:42:00,ICLR,319.5277099609375,319.5277099609375,319.5277099609375,319.5277099609375,319.5277099609375,691.0
2024-03-01 09:42:00,ICUI,104.69000244140625,104.69000244140625,105.08000183105469,104.69000244140625,105.06999969482422,1513.0
2024-03-01 09:42:00,IDYA,45.6875,45.6875,45.7599983215332,45.630001068115234,45.7599983215332,569.0
2024-03-01 09:42:00,IINN,1.6813000440597534,1.6813000440597534,1.6813000440597534,1.6749999523162842,1.6749999523162842,3245.0
2024-03-01 09:42:00,ILMN,136.32000732421875,136.32000732421875,136.53500366210938,136.0800018310547,136.0800018310547,2217.0
2024-03-01 09:42:00,IMMX,3.430000066757202,3.430000066757202,3.430000066757202,3.420099973678589,3.420099973678589,5950.0
2024-03-01 09:42:00,IMNM,24.625,24.625,24.625,24.625,24.625,153.0
2024-03-01 09:42:00,IMUX,1.465000033378601,1.465000033378601,1.465000033378601,1.465000033378601,1.465000033378601,255.0
2024-03-01 09:42:00,IMVT,36.525001525878906,36.525001525878906,36.53499984741211,36.525001525878906,36.53499984741211,313.0
2024-03-01 09:42:00,INAB,1.0901000499725342,1.0901000499725342,1.0901000499725342,1.0901000499725342,1.0901000499725342,1641.0
2024-03-01 09:42:00,INBX,36.720001220703125,36.720001220703125,36.720001220703125,36.720001220703125,36.720001220703125,200.0
2024-03-01 09:42:00,INCY,58.505001068115234,58.505001068115234,58.529998779296875,58.400001525878906,58.46500015258789,1803.0
2024-03-01 09:42:00,INGN,6.659999847412109,6.659999847412109,6.659999847412109,6.630000114440918,6.630000114440918,1096.0
2024-03-01 09:42:00,INMB,11.765000343322754,11.765000343322754,11.765000343322754,11.630000114440918,11.630000114440918,900.0
2024-03-01 09:42:00,INMD,21.959999084472656,21.959999084472656,21.969999313354492,21.940000534057617,21.950000762939453,1257.0
2024-03-01 09:42:00,INO,8.890000343322754,8.890000343322754,8.890000343322754,8.890000343322754,8.890000343322754,263.0
2024-03-01 09:42:00,INSM,27.969999313354492,27.969999313354492,28.0,27.969999313354492,28.0,635.0
2024-03-01 09:42:00,INVA,15.6899995803833,15.6899995803833,15.720000267028809,15.640000343322754,15.720000267028809,2713.0
2024-03-01 09:42:00,IOBT,1.6497000455856323,1.6497000455856323,1.6497999429702759,1.6497000455856323,1.6497999429702759,30.0
2024-03-01 09:42:00,IONS,45.16999816894531,45.16999816894531,45.2400016784668,45.15999984741211,45.2400016784668,4640.0
2024-03-01 09:42:00,IOVA,16.450000762939453,16.450000762939453,16.524700164794922,16.40999984741211,16.514999389648438,31366.0
2024-03-01 09:42:00,IRWD,8.805000305175781,8.805000305175781,8.850000381469727,8.800000190734863,8.841699600219727,36756.0
2024-03-01 09:42:00,ISRG,384.07000732421875,384.07000732421875,384.3299865722656,383.8240051269531,383.8699951171875,1876.0
2024-03-01 09:42:00,JAGX,0.06199999898672104,0.06199999898672104,0.06260000169277191,0.061500001698732376,0.061900001019239426,55167.0
2024-03-01 09:42:00,JANX,46.869998931884766,46.869998931884766,47.209999084472656,46.500099182128906,47.18000030517578,7050.0
2024-03-01 09:42:00,JAZZ,121.88999938964844,121.88999938964844,121.88999938964844,120.95500183105469,120.95500183105469,8045.0
2024-03-01 09:42:00,KALV,14.015000343322754,14.015000343322754,14.015000343322754,14.015000343322754,14.015000343322754,366.0
2024-03-01 09:42:00,KNSA,21.434999465942383,21.434999465942383,21.434999465942383,21.434999465942383,21.434999465942383,212.0
2024-03-01 09:42:00,KNTE,2.5999999046325684,2.5999999046325684,2.5999999046325684,2.589900016784668,2.5899999141693115,6050.0
2024-03-01 09:42:00,KOD,6.130000114440918,6.130000114440918,6.139999866485596,6.130000114440918,6.139999866485596,503.0
2024-03-01 09:42:00,KPTI,1.139799952507019,1.139799952507019,1.139799952507019,1.139799952507019,1.139799952507019,1001.0
2024-03-01 09:42:00,KROS,68.9749984741211,68.9749984741211,68.9749984741211,68.90499877929688,68.93000030517578,681.0
2024-03-01 09:42:00,KYMR,42.91999816894531,42.91999816894531,43.10499954223633,42.91999816894531,43.10499954223633,205.0
2024-03-01 09:42:00,KZIA,0.25440001487731934,0.25440001487731934,0.25699999928474426,0.25440001487731934,0.25699999928474426,611.0
2024-03-01 09:42:00,KZR,1.0549999475479126,1.0549999475479126,1.0549999475479126,1.0549999475479126,1.0549999475479126,232.0
2024-03-01 09:42:00,LBPH,22.825000762939453,22.825000762939453,22.825000762939453,22.44499969482422,22.44499969482422,0.0
2024-03-01 09:42:00,LEGN,65.41999816894531,65.41999816894531,65.44999694824219,65.41000366210938,65.44999694824219,936.0
2024-03-01 09:42:00,LEXX,2.5899999141693115,2.5899999141693115,2.700000047683716,2.578000068664551,2.578000068664551,17038.0
2024-03-01 09:42:00,LFMD,7.912300109863281,7.912300109863281,7.912300109863281,7.912300109863281,7.912300109863281,391.0
2024-03-01 09:42:00,LFST,8.039999961853027,8.039999961853027,8.09000015258789,8.039999961853027,8.079999923706055,6771.0
2024-03-01 09:42:00,LIFE,1.9149999618530273,1.9149999618530273,1.9399000406265259,1.9149999618530273,1.9399000406265259,557.0
2024-03-01 09:42:00,LTRN,4.894999980926514,4.894999980926514,4.894999980926514,4.894999980926514,4.894999980926514,0.0
2024-03-01 09:42:00,LUCD,1.2300000190734863,1.2300000190734863,1.2300000190734863,1.2300000190734863,1.2300000190734863,587.0
2024-03-01 09:42:00,LUNG,9.0649995803833,9.0649995803833,9.069999694824219,9.0649995803833,9.069999694824219,878.0
2024-03-01 09:42:00,LVTX,2.7750000953674316,2.7750000953674316,2.819999933242798,2.7720000743865967,2.809999942779541,8255.0
2024-03-01 09:42:00,LXRX,2.369999885559082,2.369999885559082,2.4049999713897705,2.359999895095825,2.4049999713897705,74988.0
2024-03-01 09:42:00,LYEL,2.9600000381469727,2.9600000381469727,2.9700000286102295,2.9600000381469727,2.9700000286102295,1201.0
2024-03-01 09:42:00,MASS,7.059999942779541,7.059999942779541,7.090000152587891,7.050000190734863,7.070000171661377,2862.0
2024-03-01 09:42:00,MBOT,1.2798999547958374,1.2798999547958374,1.2890000343322754,1.2649999856948853,1.2649999856948853,9392.0
2024-03-01 09:42:00,MCRB,1.1449999809265137,1.1449999809265137,1.1486999988555908,1.1449999809265137,1.1486999988555908,1229.0
2024-03-01 09:42:00,MDGL,240.0,240.0,241.0,240.0,241.0,1830.0
2024-03-01 09:42:00,MDRX,5.5,5.5,5.5,5.199999809265137,5.449999809265137,26785.0
2024-03-01 09:42:00,MDXG,8.390000343322754,8.390000343322754,8.390000343322754,8.390000343322754,8.390000343322754,500.0
2024-03-01 09:42:00,ME,0.5449000000953674,0.5449000000953674,0.5491999983787537,0.5426999926567078,0.5436000227928162,70474.0
2024-03-01 09:42:00,MEDP,397.760009765625,397.760009765625,397.760009765625,397.760009765625,397.760009765625,150.0
2024-03-01 09:42:00,MEIP,4.25,4.25,4.25,4.25,4.25,260.0
2024-03-01 09:42:00,MGNX,18.364999771118164,18.364999771118164,18.364999771118164,18.290000915527344,18.290000915527344,1941.0
2024-03-01 09:42:00,MGTX,6.190000057220459,6.190000057220459,6.190000057220459,6.119999885559082,6.119999885559082,675.0
2024-03-01 09:42:00,MIST,1.690000057220459,1.690000057220459,1.7000000476837158,1.690000057220459,1.698799967765808,1261.0
2024-03-01 09:42:00,MLTX,52.04499816894531,52.04499816894531,52.06999969482422,52.04499816894531,52.06999969482422,901.0
2024-03-01 09:42:00,MNKD,4.309999942779541,4.309999942779541,4.320000171661377,4.309999942779541,4.309999942779541,12174.0
2024-03-01 09:42:00,MNMD,5.600200176239014,5.600200176239014,5.630000114440918,5.600200176239014,5.630000114440918,1823.0
2024-03-01 09:42:00,MNPR,0.7599999904632568,0.7599999904632568,0.7642999887466431,0.7538999915122986,0.7577000260353088,5009.0
2024-03-01 09:42:00,MODD,1.9500000476837158,1.9500000476837158,1.9500000476837158,1.9500000476837158,1.9500000476837158,200.0
2024-03-01 09:42:00,MODV,27.6200008392334,27.6200008392334,27.6200008392334,27.6200008392334,27.6200008392334,401.0
2024-03-01 09:42:00,MOR,17.56999969482422,17.56999969482422,17.56999969482422,17.56999969482422,17.56999969482422,3439.0
2024-03-01 09:42:00,MORF,37.8849983215332,37.8849983215332,37.8849983215332,37.8849983215332,37.8849983215332,254.0
2024-03-01 09:42:00,MOTS,0.7021999955177307,0.7021999955177307,0.7021999955177307,0.7021999955177307,0.7021999955177307,6998.0
2024-03-01 09:42:00,MREO,3.7899999618530273,3.7899999618530273,3.799999952316284,3.7899999618530273,3.7999000549316406,16176.0
2024-03-01 09:42:00,MRNA,92.61000061035156,92.61000061035156,92.63999938964844,92.41999816894531,92.5999984741211,6564.0
2024-03-01 09:42:00,MRNS,9.6899995803833,9.6899995803833,9.6899995803833,9.6899995803833,9.6899995803833,537.0
2024-03-01 09:42:00,MRSN,5.63700008392334,5.63700008392334,5.710000038146973,5.63700008392334,5.710000038146973,2881.0
2024-03-01 09:42:00,MRUS,49.0,49.0,49.2400016784668,48.85499954223633,48.970001220703125,1785.0
2024-03-01 09:42:00,MRVI,7.650000095367432,7.650000095367432,7.670000076293945,7.590000152587891,7.619999885559082,7209.0
2024-03-01 09:42:00,MYGN,20.704999923706055,20.704999923706055,20.760000228881836,20.704999923706055,20.760000228881836,777.0
2024-03-01 09:42:00,NARI,44.60499954223633,44.60499954223633,45.005001068115234,44.5,44.94499969482422,12740.0
2024-03-01 09:42:00,NBIX,131.0,131.0,131.0800018310547,130.82000732421875,130.82000732421875,2945.0
2024-03-01 09:42:00,NEO,15.600000381469727,15.600000381469727,15.600000381469727,15.554400444030762,15.554400444030762,970.0
2024-03-01 09:42:00,NEOG,16.864999771118164,16.864999771118164,16.889999389648438,16.860000610351562,16.8799991607666,7650.0
2024-03-01 09:42:00,NERV,2.604099988937378,2.604099988937378,2.6500000953674316,2.604099988937378,2.6500000953674316,781.0
2024-03-01 09:42:00,NKTX,12.430000305175781,12.430000305175781,12.430000305175781,12.359999656677246,12.359999656677246,2793.0
2024-03-01 09:42:00,NMTC,1.2000000476837158,1.2000000476837158,1.2000000476837158,1.2000000476837158,1.2000000476837158,400.0
2024-03-01 09:42:00,NNOX,10.869999885559082,10.869999885559082,11.0600004196167,10.84000015258789,11.0600004196167,68958.0
2024-03-01 09:42:00,NRBO,5.769599914550781,5.769599914550781,5.769599914550781,5.690000057220459,5.690000057220459,7792.0
2024-03-01 09:42:00,NRXP,0.40389999747276306,0.40389999747276306,0.40790000557899475,0.39800000190734863,0.39800000190734863,54435.0
2024-03-01 09:42:00,NRXPW,0.15479999780654907,0.15479999780654907,0.15489999949932098,0.15479999780654907,0.15479999780654907,0.0
2024-03-01 09:42:00,NSPR,2.7016000747680664,2.7016000747680664,2.7100000381469727,2.7016000747680664,2.7100000381469727,1134.0
2024-03-01 09:42:00,NTLA,32.45000076293945,32.45000076293945,32.58000183105469,32.45000076293945,32.58000183105469,8122.0
2024-03-01 09:42:00,NTRA,89.80000305175781,89.80000305175781,89.9999008178711,89.58000183105469,89.73999786376953,13847.0
2024-03-01 09:42:00,NVAX,4.949999809265137,4.949999809265137,5.010000228881836,4.940000057220459,5.000100135803223,44211.0
2024-03-01 09:42:00,NVCR,15.207500457763672,15.207500457763672,15.289999961853027,15.207500457763672,15.289999961853027,713.0
2024-03-01 09:42:00,NXTC,1.7100000381469727,1.7100000381469727,1.7100000381469727,1.7100000381469727,1.7100000381469727,419.0
2024-03-01 09:42:00,NYXH,13.725000381469727,13.725000381469727,13.725000381469727,13.725000381469727,13.725000381469727,113.0
2024-03-01 09:42:00,OCGN,0.9239000082015991,0.9239000082015991,0.9275000095367432,0.9204000234603882,0.925000011920929,2565.0
2024-03-01 09:42:00,OCUL,10.239999771118164,10.239999771118164,10.319000244140625,10.229999542236328,10.305000305175781,14546.0
2024-03-01 09:42:00,OFIX,12.890000343322754,12.890000343322754,12.949999809265137,12.890000343322754,12.949999809265137,101.0
2024-03-01 09:42:00,OLK,22.420000076293945,22.420000076293945,22.43000030517578,22.420000076293945,22.43000030517578,1281.0
2024-03-01 09:42:00,OLMA,12.925000190734863,12.925000190734863,12.925000190734863,12.869999885559082,12.90999984741211,657.0
2024-03-01 09:42:00,OM,3.0376999378204346,3.0376999378204346,3.0399999618530273,3.0299999713897705,3.0299999713897705,984.0
2024-03-01 09:42:00,OMER,4.539999961853027,4.539999961853027,4.539999961853027,4.539999961853027,4.539999961853027,202.0
2024-03-01 09:42:00,OMGA,4.090000152587891,4.090000152587891,4.1020002365112305,4.090000152587891,4.099999904632568,2373.0
2024-03-01 09:43:00,ABCL,5.059999942779541,5.059999942779541,5.059999942779541,5.059199810028076,5.059199810028076,2301.0
2024-03-01 09:43:00,ABEO,7.116199970245361,7.116199970245361,7.130000114440918,7.116199970245361,7.130000114440918,3070.0
2024-03-01 09:43:00,ABOS,4.4394001960754395,4.4394001960754395,4.4394001960754395,4.405799865722656,4.405799865722656,1082.0
2024-03-01 09:43:00,ABSI,5.144999980926514,5.144999980926514,5.144999980926514,5.099999904632568,5.099999904632568,1064.0
2024-03-01 09:43:00,ABUS,2.765000104904175,2.765000104904175,2.765000104904175,2.765000104904175,2.765000104904175,760.0
2024-03-01 09:43:00,ACAD,23.469999313354492,23.469999313354492,23.469999313354492,23.46500015258789,23.46500015258789,8773.0
2024-03-01 09:43:00,ACB,2.9988999366760254,2.9988999366760254,3.0,2.9800000190734863,2.990000009536743,21266.0
2024-03-01 09:43:00,ACCD,10.079999923706055,10.079999923706055,10.079999923706055,10.079999923706055,10.079999923706055,358.0
2024-03-01 09:43:00,ACET,2.3450000286102295,2.3450000286102295,2.3450000286102295,2.3450000286102295,2.3450000286102295,200.0
2024-03-01 09:43:00,ACLX,67.98500061035156,67.98500061035156,67.98500061035156,67.98500061035156,67.98500061035156,132.0
2024-03-01 09:43:00,ACON,0.39590001106262207,0.39590001106262207,0.39590001106262207,0.38999998569488525,0.38999998569488525,1100.0
2024-03-01 09:43:00,ACRS,1.2400000095367432,1.2400000095367432,1.2400000095367432,1.2400000095367432,1.2400000095367432,210.0
2024-03-01 09:43:00,ADIL,4.099400043487549,4.099400043487549,4.169899940490723,3.9000000953674316,3.9298999309539795,1425052.0
2024-03-01 09:43:00,ADMA,5.385000228881836,5.385000228881836,5.385499954223633,5.364999771118164,5.369999885559082,0.0
2024-03-01 09:43:00,ADPT,4.005000114440918,4.005000114440918,4.005000114440918,3.990000009536743,4.0,9804.0
2024-03-01 09:43:00,ADUS,92.4000015258789,92.4000015258789,92.4000015258789,92.4000015258789,92.4000015258789,267.0
2024-03-01 09:43:00,ADVM,1.9800000190734863,1.9800000190734863,1.9900000095367432,1.9800000190734863,1.9850000143051147,608.0
2024-03-01 09:43:00,ADXN,9.0,9.0,9.0,9.0,9.0,790.0
2024-03-01 09:43:00,AGEN,0.677299976348877,0.677299976348877,0.677299976348877,0.6751000285148621,0.6753000020980835,850.0
2024-03-01 09:43:00,AGIO,32.26070022583008,32.26070022583008,32.334999084472656,32.2599983215332,32.334999084472656,885.0
2024-03-01 09:43:00,AHCO,10.569999694824219,10.569999694824219,10.569999694824219,10.475000381469727,10.475000381469727,1796.0
2024-03-01 09:43:00,AIH,0.49970000982284546,0.49970000982284546,0.49970000982284546,0.49970000982284546,0.49970000982284546,812.0
2024-03-01 09:43:00,AIRS,6.5,6.5,6.510000228881836,6.5,6.510000228881836,399.0
2024-03-01 09:43:00,AKAN,0.27489998936653137,0.27489998936653137,0.2750000059604645,0.27300000190734863,0.274399995803833,2071.0
2024-03-01 09:43:00,AKBA,1.6051000356674194,1.6051000356674194,1.6100000143051147,1.600000023841858,1.6100000143051147,1348.0
2024-03-01 09:43:00,AKLI,0.34279999136924744,0.34279999136924744,0.34279999136924744,0.34279999136924744,0.34279999136924744,1900.0
2024-03-01 09:43:00,AKRO,28.440000534057617,28.440000534057617,28.59000015258789,28.200000762939453,28.59000015258789,1851.0
2024-03-01 09:43:00,ALEC,7.199999809265137,7.199999809265137,7.21999979019165,7.170000076293945,7.21999979019165,1116.0
2024-03-01 09:43:00,ALGN,298.7099914550781,298.7099914550781,298.739990234375,297.8399963378906,298.7099914550781,1636.0
2024-03-01 09:43:00,ALHC,5.945000171661377,5.945000171661377,5.945000171661377,5.945000171661377,5.945000171661377,336.0
2024-03-01 09:43:00,ALLK,1.524999976158142,1.524999976158142,1.5299999713897705,1.524999976158142,1.5299999713897705,716.0
2024-03-01 09:43:00,ALLO,4.945000171661377,4.945000171661377,4.946000099182129,4.909999847412109,4.909999847412109,4866.0
2024-03-01 09:43:00,ALNY,150.36000061035156,150.36000061035156,150.36000061035156,150.00010681152344,150.02999877929688,5969.0
2024-03-01 09:43:00,ALPN,35.5,35.5,35.57500076293945,35.5,35.5,580.0
2024-03-01 09:43:00,ALRN,4.900000095367432,4.900000095367432,4.900000095367432,4.900000095367432,4.900000095367432,233.0
2024-03-01 09:43:00,ALT,12.25,12.25,12.329999923706055,12.25,12.260000228881836,5534.0
2024-03-01 09:43:00,ALVO,15.640000343322754,15.640000343322754,15.640000343322754,15.619999885559082,15.619999885559082,844.0
2024-03-01 09:43:00,ALXO,14.850000381469727,14.850000381469727,14.850000381469727,14.850000381469727,14.850000381469727,118.0
2024-03-01 09:43:00,AMED,93.28099822998047,93.28099822998047,93.28099822998047,93.20999908447266,93.26000213623047,927.0
2024-03-01 09:43:00,AMGN,277.0,277.0,277.2998962402344,276.79998779296875,276.9649963378906,15936.0
2024-03-01 09:43:00,AMLX,18.780000686645508,18.780000686645508,18.780000686645508,18.63129997253418,18.63129997253418,261.0
2024-03-01 09:43:00,AMPH,46.08000183105469,46.08000183105469,46.08000183105469,46.08000183105469,46.08000183105469,323.0
2024-03-01 09:43:00,AMRN,0.9811000227928162,0.9811000227928162,0.9943000078201294,0.9811000227928162,0.9851999878883362,20458.0
2024-03-01 09:43:00,ANGO,5.349999904632568,5.349999904632568,5.349999904632568,5.33489990234375,5.33489990234375,726.0
2024-03-01 09:43:00,ANNX,5.974999904632568,5.974999904632568,5.989999771118164,5.960000038146973,5.980000019073486,2121.0
2024-03-01 09:43:00,ANTX,3.0,3.0,3.0,2.988800048828125,2.990000009536743,1921.0
2024-03-01 09:43:00,APLS,61.81999969482422,61.81999969482422,61.84000015258789,61.81999969482422,61.84000015258789,928.0
2024-03-01 09:43:00,APLT,7.434999942779541,7.434999942779541,7.446899890899658,7.340000152587891,7.420000076293945,9061.0
2024-03-01 09:43:00,AQST,3.979099988937378,3.979099988937378,3.9800000190734863,3.930000066757202,3.956399917602539,19670.0
2024-03-01 09:43:00,ARAY,2.569999933242798,2.569999933242798,2.569999933242798,2.569999933242798,2.569999933242798,524.0
2024-03-01 09:43:00,ARDX,9.487899780273438,9.487899780273438,9.5,9.4350004196167,9.4350004196167,6430.0
2024-03-01 09:43:00,ARQT,10.520000457763672,10.520000457763672,10.529999732971191,10.40999984741211,10.420000076293945,10371.0
2024-03-01 09:43:00,ARVN,48.380001068115234,48.380001068115234,48.650001525878906,48.029998779296875,48.11000061035156,4298.0
2024-03-01 09:43:00,ARWR,33.30500030517578,33.30500030517578,33.310001373291016,33.08000183105469,33.119998931884766,5702.0
2024-03-01 09:43:00,ASND,148.0,148.0,148.0,148.0,148.0,101.0
2024-03-01 09:43:00,ASRT,0.8805999755859375,0.8805999755859375,0.8805999755859375,0.8805999755859375,0.8805999755859375,223.0
2024-03-01 09:43:00,ATAI,1.9493999481201172,1.9493999481201172,1.9493999481201172,1.9469000101089478,1.9469000101089478,422.0
2024-03-01 09:43:00,ATEC,13.25,13.25,13.255999565124512,13.180000305175781,13.180000305175781,3471.0
2024-03-01 09:43:00,ATRA,0.7990000247955322,0.7990000247955322,0.7990000247955322,0.7990000247955322,0.7990000247955322,24804.0
2024-03-01 09:43:00,ATRC,34.63999938964844,34.63999938964844,34.63999938964844,34.63999938964844,34.63999938964844,320.0
2024-03-01 09:43:00,ATXS,14.300000190734863,14.300000190734863,14.300000190734863,14.300000190734863,14.300000190734863,7.0
2024-03-01 09:43:00,AUPH,5.690000057220459,5.690000057220459,5.690000057220459,5.644999980926514,5.644999980926514,1767.0
2024-03-01 09:43:00,AUTL,6.050000190734863,6.050000190734863,6.050000190734863,6.050000190734863,6.050000190734863,1060.0
2024-03-01 09:43:00,AVDL,12.489999771118164,12.489999771118164,12.75,12.489999771118164,12.725000381469727,14521.0
2024-03-01 09:43:00,AVGR,3.809999942779541,3.809999942779541,3.809999942779541,3.809999942779541,3.809999942779541,200.0
2024-03-01 09:43:00,AVXL,5.184999942779541,5.184999942779541,5.184999942779541,5.179999828338623,5.179999828338623,871.0
2024-03-01 09:43:00,AXGN,10.210000038146973,10.210000038146973,10.210000038146973,10.210000038146973,10.210000038146973,114.0
2024-03-01 09:43:00,AXNX,67.2699966430664,67.2699966430664,67.33999633789062,67.2300033569336,67.25,1823.0
2024-03-01 09:43:00,AXSM,82.12000274658203,82.12000274658203,82.12000274658203,81.9800033569336,81.9800033569336,354.0
2024-03-01 09:43:00,AZN,64.37000274658203,64.37000274658203,64.3949966430664,64.37000274658203,64.3949966430664,6123.0
2024-03-01 09:43:00,AZTA,65.2300033569336,65.2300033569336,65.2300033569336,65.20999908447266,65.22000122070312,760.0
2024-03-01 09:43:00,BBIO,34.900001525878906,34.900001525878906,34.900001525878906,34.720001220703125,34.720001220703125,1458.0
2024-03-01 09:43:00,BBLG,2.600100040435791,2.600100040435791,2.619999885559082,2.569999933242798,2.5999999046325684,9192.0
2024-03-01 09:43:00,BCRX,5.690000057220459,5.690000057220459,5.710000038146973,5.690000057220459,5.710000038146973,7562.0
2024-03-01 09:43:00,BDTX,5.184999942779541,5.184999942779541,5.199999809265137,5.179999828338623,5.190000057220459,801.0
2024-03-01 09:43:00,BEAM,39.540000915527344,39.540000915527344,39.625,39.5099983215332,39.5099983215332,830.0
2024-03-01 09:43:00,BFRI,0.8597000241279602,0.8597000241279602,0.8849999904632568,0.8597000241279602,0.8849999904632568,684.0
2024-03-01 09:43:00,BGXX,0.27889999747276306,0.27889999747276306,0.27889999747276306,0.2727999985218048,0.27309998869895935,13194.0
2024-03-01 09:43:00,BIIB,216.6999969482422,216.6999969482422,216.74000549316406,216.46249389648438,216.46249389648438,1456.0
2024-03-01 09:43:00,BIOL,0.1370999962091446,0.1370999962091446,0.1370999962091446,0.13699999451637268,0.1370999962091446,16329.0
2024-03-01 09:43:00,BIVI,2.5799999237060547,2.5799999237060547,2.609999895095825,2.4600000381469727,2.4899001121520996,396550.0
2024-03-01 09:43:00,BLFS,17.229999542236328,17.229999542236328,17.229999542236328,17.079999923706055,17.09000015258789,6881.0
2024-03-01 09:43:00,BLUE,1.4729000329971313,1.4729000329971313,1.4900000095367432,1.4729000329971313,1.4850000143051147,9230.0
2024-03-01 09:43:00,BMEA,17.450000762939453,17.450000762939453,17.489999771118164,17.440000534057617,17.489999771118164,963.0
2024-03-01 09:43:00,BMRN,86.16000366210938,86.16000366210938,86.16000366210938,86.15799713134766,86.16000366210938,659.0
2024-03-01 09:43:00,BNGO,1.2380000352859497,1.2380000352859497,1.2380000352859497,1.2380000352859497,1.2380000352859497,2097.0
2024-03-01 09:43:00,BNTX,89.94000244140625,89.94000244140625,90.08000183105469,89.9000015258789,90.08000183105469,2006.0
2024-03-01 09:43:00,BOLT,1.179900050163269,1.179900050163269,1.179900050163269,1.179900050163269,1.179900050163269,2400.0
2024-03-01 09:43:00,BRKR,86.4000015258789,86.4000015258789,86.4000015258789,86.30999755859375,86.30999755859375,435.0
2024-03-01 09:43:00,BRTX,1.4399000406265259,1.4399000406265259,1.4399000406265259,1.4249999523162842,1.4299999475479126,1352.0
2024-03-01 09:43:00,BTAI,3.2100000381469727,3.2100000381469727,3.2100000381469727,3.2100000381469727,3.2100000381469727,217.0
2024-03-01 09:43:00,BTTX,0.1590999960899353,0.1590999960899353,0.16009999811649323,0.1589999943971634,0.16009999811649323,20620.0
2024-03-01 09:43:00,CABA,23.860000610351562,23.860000610351562,23.860000610351562,23.850000381469727,23.850000381469727,444.0
2024-03-01 09:43:00,CADL,1.8350000381469727,1.8350000381469727,1.8350000381469727,1.8350000381469727,1.8350000381469727,3.0
2024-03-01 09:43:00,CAPR,4.550000190734863,4.550000190734863,4.590000152587891,4.539999961853027,4.590000152587891,13507.0
2024-03-01 09:43:00,CARA,0.859499990940094,0.859499990940094,0.859499990940094,0.859499990940094,0.859499990940094,404.0
2024-03-01 09:43:00,CBAY,32.20000076293945,32.20000076293945,32.209999084472656,32.20000076293945,32.20500183105469,3704.0
2024-03-01 09:43:00,CCCC,10.930000305175781,10.930000305175781,11.0,10.920000076293945,10.960000038146973,10143.0
2024-03-01 09:43:00,CCRN,18.024999618530273,18.024999618530273,18.024999618530273,18.024999618530273,18.024999618530273,119.0
2024-03-01 09:43:00,CDMO,7.800000190734863,7.800000190734863,7.800000190734863,7.764999866485596,7.764999866485596,283.0
2024-03-01 09:43:00,CDNA,10.9399995803833,10.9399995803833,10.9399995803833,10.880000114440918,10.880599975585938,6221.0
2024-03-01 09:43:00,CDXS,4.46999979019165,4.46999979019165,4.4704999923706055,4.440000057220459,4.440000057220459,2049.0
2024-03-01 09:43:00,CELC,15.960000038146973,15.960000038146973,15.960000038146973,15.920000076293945,15.920000076293945,1300.0
2024-03-01 09:43:00,CERE,41.095001220703125,41.095001220703125,41.095001220703125,41.084999084472656,41.084999084472656,1582.0
2024-03-01 09:43:00,CERS,2.1500000953674316,2.1500000953674316,2.1500000953674316,2.1449999809265137,2.1449999809265137,305.0
2024-03-01 09:43:00,CERT,16.781099319458008,16.781099319458008,16.989999771118164,16.781099319458008,16.989999771118164,4015.0
2024-03-01 09:43:00,CGC,3.211199998855591,3.211199998855591,3.219899892807007,3.200200080871582,3.2021000385284424,7875.0
2024-03-01 09:43:00,CGEN,2.5999999046325684,2.5999999046325684,2.6010000705718994,2.5999999046325684,2.6010000705718994,594.0
2024-03-01 09:43:00,CHRS,2.2709999084472656,2.2709999084472656,2.2750000953674316,2.2709999084472656,2.2750000953674316,9594.0
2024-03-01 09:43:00,CING,1.3300000429153442,1.3300000429153442,1.340000033378601,1.3300000429153442,1.340000033378601,340.0
2024-03-01 09:43:00,CKPT,2.119999885559082,2.119999885559082,2.1298999786376953,2.1087000370025635,2.109999895095825,3317.0
2024-03-01 09:43:00,CLDX,50.29999923706055,50.29999923706055,50.380001068115234,50.220001220703125,50.314998626708984,4291.0
2024-03-01 09:43:00,CLNN,0.3855000138282776,0.3855000138282776,0.3855000138282776,0.3855000138282776,0.3855000138282776,36.0
2024-03-01 09:43:00,CLOV,0.8572999835014343,0.8572999835014343,0.8596000075340271,0.8535000085830688,0.8535000085830688,32323.0
2024-03-01 09:43:00,CLPT,6.55210018157959,6.55210018157959,6.55210018157959,6.510000228881836,6.510000228881836,855.0
2024-03-01 09:43:00,CLRB,3.930000066757202,3.930000066757202,3.930000066757202,3.930000066757202,3.930000066757202,11866.0
2024-03-01 09:43:00,CMPX,1.7799999713897705,1.7799999713897705,1.7799999713897705,1.7799999713897705,1.7799999713897705,0.0
2024-03-01 09:43:00,CMRX,1.1198999881744385,1.1198999881744385,1.1198999881744385,1.1198999881744385,1.1198999881744385,4000.0
2024-03-01 09:43:00,COGT,7.130000114440918,7.130000114440918,7.150000095367432,7.130000114440918,7.144999980926514,525.0
2024-03-01 09:43:00,COLL,37.059600830078125,37.059600830078125,37.059600830078125,37.059600830078125,37.059600830078125,986.0
2024-03-01 09:43:00,COSM,0.7501000165939331,0.7501000165939331,0.7501000165939331,0.7501000165939331,0.7501000165939331,305.0
2024-03-01 09:43:00,CPRX,16.700000762939453,16.700000762939453,16.735000610351562,16.67609977722168,16.709999084472656,14752.0
2024-03-01 09:43:00,CPSI,9.869999885559082,9.869999885559082,9.869999885559082,9.869999885559082,9.869999885559082,149.0
2024-03-01 09:43:00,CRBP,31.989999771118164,31.989999771118164,31.989999771118164,31.649999618530273,31.649999618530273,1890.0
2024-03-01 09:43:00,CRBU,8.09000015258789,8.09000015258789,8.100000381469727,8.079999923706055,8.079999923706055,1008.0
2024-03-01 09:43:00,CRDF,2.2300000190734863,2.2300000190734863,2.2300000190734863,2.1600000858306885,2.210099935531616,67274.0
2024-03-01 09:43:00,CRDL,2.0899999141693115,2.0899999141693115,2.128999948501587,2.0899999141693115,2.128999948501587,774.0
2024-03-01 09:43:00,CRNX,43.63999938964844,43.63999938964844,43.75,43.630001068115234,43.70000076293945,2550.0
2024-03-01 09:43:00,CRON,2.0399999618530273,2.0399999618530273,2.0399999618530273,2.0399999618530273,2.0399999618530273,360.0
2024-03-01 09:43:00,CRSP,83.54000091552734,83.54000091552734,84.02220153808594,83.5,83.98059844970703,16320.0
2024-03-01 09:43:00,CRVS,2.1600000858306885,2.1600000858306885,2.1700000762939453,2.1600000858306885,2.1600000858306885,80.0
2024-03-01 09:43:00,CSTL,19.450000762939453,19.450000762939453,19.450000762939453,19.450000762939453,19.450000762939453,856.0
2024-03-01 09:43:00,CTKB,7.809999942779541,7.809999942779541,7.875,7.809999942779541,7.875,2169.0
2024-03-01 09:43:00,CTMX,2.440000057220459,2.440000057220459,2.450000047683716,2.4100000858306885,2.4100000858306885,47368.0
2024-03-01 09:43:00,CUE,2.112499952316284,2.112499952316284,2.112499952316284,2.112499952316284,2.112499952316284,200.0
2024-03-01 09:43:00,CUTR,2.1500000953674316,2.1500000953674316,2.1700000762939453,2.13919997215271,2.13919997215271,607.0
2024-03-01 09:43:00,CVAC,3.4049999713897705,3.4049999713897705,3.4049999713897705,3.4049999713897705,3.4049999713897705,310.0
2024-03-01 09:43:00,CVRX,19.649999618530273,19.649999618530273,19.649999618530273,19.649999618530273,19.649999618530273,364.0
2024-03-01 09:43:00,CYTK,73.90070343017578,73.90070343017578,74.0,73.62999725341797,73.70999908447266,6464.0
2024-03-01 09:43:00,DAWN,17.075000762939453,17.075000762939453,17.075000762939453,17.010000228881836,17.010000228881836,1156.0
2024-03-01 09:43:00,DCGO,4.050000190734863,4.050000190734863,4.050000190734863,4.029900074005127,4.03000020980835,6174.0
2024-03-01 09:43:00,DH,9.050000190734863,9.050000190734863,9.050000190734863,9.050000190734863,9.050000190734863,123.0
2024-03-01 09:43:00,DMTK,0.8799999952316284,0.8799999952316284,0.8849999904632568,0.8701000213623047,0.8798999786376953,4106.0
2024-03-01 09:43:00,DNLI,20.604999542236328,20.604999542236328,20.604999542236328,20.520000457763672,20.520000457763672,1725.0
2024-03-01 09:43:00,DRRX,0.9950000047683716,0.9950000047683716,0.9950000047683716,0.9950000047683716,0.9950000047683716,142.0
2024-03-01 09:43:00,DTIL,12.890000343322754,12.890000343322754,12.90999984741211,12.850000381469727,12.890000343322754,9736.0
2024-03-01 09:43:00,DVAX,12.725000381469727,12.725000381469727,12.729999542236328,12.725000381469727,12.725000381469727,1421.0
2024-03-01 09:43:00,DXCM,115.3499984741211,115.3499984741211,115.4000015258789,115.12000274658203,115.27999877929688,1550.0
2024-03-01 09:43:00,DYN,28.31800079345703,28.31800079345703,28.31800079345703,28.180099487304688,28.25,591.0
2024-03-01 09:43:00,EDIT,10.15999984741211,10.15999984741211,10.199999809265137,10.15999984741211,10.170000076293945,1858.0
2024-03-01 09:43:00,EFTR,14.100000381469727,14.100000381469727,14.182299613952637,14.100000381469727,14.182299613952637,1160.0
2024-03-01 09:43:00,ELEV,4.653500080108643,4.653500080108643,4.699999809265137,4.650000095367432,4.679999828338623,13539.0
2024-03-01 09:43:00,ENSC,0.9319999814033508,0.9319999814033508,0.9319999814033508,0.9110000133514404,0.9110000133514404,3641.0
2024-03-01 09:43:00,ENTA,14.28499984741211,14.28499984741211,14.28499984741211,14.28499984741211,14.28499984741211,300.0
2024-03-01 09:43:00,ENTX,1.3700000047683716,1.3700000047683716,1.3700000047683716,1.3700000047683716,1.3700000047683716,1076.0
2024-03-01 09:43:00,ENVB,1.7698999643325806,1.7698999643325806,1.7940000295639038,1.75,1.7940000295639038,30308.0
2024-03-01 09:43:00,EOLS,14.975000381469727,14.975000381469727,14.975000381469727,14.949999809265137,14.970000267028809,1382.0
2024-03-01 09:43:00,ERAS,2.359999895095825,2.359999895095825,2.359999895095825,2.359999895095825,2.359999895095825,248.0
2024-03-01 09:43:00,ESPR,2.490000009536743,2.490000009536743,2.490000009536743,2.4809999465942383,2.484999895095825,10025.0
2024-03-01 09:43:00,ETNB,12.449999809265137,12.449999809265137,12.449999809265137,12.404999732971191,12.430000305175781,1295.0
2024-03-01 09:43:00,ETON,4.505000114440918,4.505000114440918,4.505000114440918,4.505000114440918,4.505000114440918,136.0
2024-03-01 09:43:00,EVO,7.360000133514404,7.360000133514404,7.360000133514404,7.360000133514404,7.360000133514404,700.0
2024-03-01 09:43:00,EWTX,16.209999084472656,16.209999084472656,16.209999084472656,16.209999084472656,16.209999084472656,167.0
2024-03-01 09:43:00,EXAI,6.670000076293945,6.670000076293945,6.670000076293945,6.670000076293945,6.670000076293945,514.0
2024-03-01 09:43:00,EXAS,57.7599983215332,57.7599983215332,57.779998779296875,57.65999984741211,57.66999816894531,3750.0
2024-03-01 09:43:00,EXEL,22.34000015258789,22.34000015258789,22.375,22.28499984741211,22.290000915527344,13820.0
2024-03-01 09:43:00,FATE,7.445000171661377,7.445000171661377,7.449999809265137,7.420000076293945,7.420000076293945,2614.0
2024-03-01 09:43:00,FBIO,2.119999885559082,2.119999885559082,2.1600000858306885,2.119999885559082,2.119999885559082,3661.0
2024-03-01 09:43:00,FDMT,28.190000534057617,28.190000534057617,28.190000534057617,28.190000534057617,28.190000534057617,164.0
2024-03-01 09:43:00,FEMY,1.7486000061035156,1.7486000061035156,1.7486000061035156,1.7009999752044678,1.7300000190734863,0.0
2024-03-01 09:43:00,FGEN,1.7100000381469727,1.7100000381469727,1.7100000381469727,1.6960999965667725,1.6960999965667725,2108.0
2024-03-01 09:43:00,FOLD,13.260000228881836,13.260000228881836,13.265000343322754,13.210000038146973,13.21500015258789,3438.0
2024-03-01 09:43:00,FUSN,12.069999694824219,12.069999694824219,12.069999694824219,12.069999694824219,12.069999694824219,107.0
2024-03-01 09:43:00,GANX,4.521699905395508,4.521699905395508,4.521699905395508,4.521699905395508,4.521699905395508,1000.0
2024-03-01 09:43:00,GCTK,0.30000001192092896,0.30000001192092896,0.30000001192092896,0.30000001192092896,0.30000001192092896,600.0
2024-03-01 09:43:00,GDRX,8.180000305175781,8.180000305175781,8.199999809265137,8.175000190734863,8.199999809265137,20475.0
2024-03-01 09:43:00,GERN,2.0450000762939453,2.0450000762939453,2.049999952316284,2.0350000858306885,2.0350000858306885,14944.0
2024-03-01 09:43:00,GH,19.139999389648438,19.139999389648438,19.15999984741211,19.027999877929688,19.030000686645508,3255.0
2024-03-01 09:43:00,GILD,72.2300033569336,72.2300033569336,72.2300033569336,72.15499877929688,72.19999694824219,4475.0
2024-03-01 09:43:00,GMAB,28.649999618530273,28.649999618530273,28.65999984741211,28.649999618530273,28.65999984741211,2822.0
2024-03-01 09:43:00,GMDA,0.37310001254081726,0.37310001254081726,0.37310001254081726,0.37310001254081726,0.37310001254081726,2055.0
2024-03-01 09:43:00,GNPX,4.38730001449585,4.38730001449585,4.389900207519531,4.383699893951416,4.383699893951416,1854.0
2024-03-01 09:43:00,GOSS,1.340000033378601,1.340000033378601,1.350000023841858,1.340000033378601,1.340000033378601,1124.0
2024-03-01 09:43:00,GRFS,6.759900093078613,6.759900093078613,6.769999980926514,6.75,6.764999866485596,23172.0
2024-03-01 09:43:00,GRTS,1.9392999410629272,1.9392999410629272,1.9573999643325806,1.899999976158142,1.9088000059127808,48474.0
2024-03-01 09:43:00,GRTX,0.22709999978542328,0.22709999978542328,0.22709999978542328,0.22699999809265137,0.22699999809265137,1501.0
2024-03-01 09:43:00,GTHX,3.3299999237060547,3.3299999237060547,3.359999895095825,3.319999933242798,3.3550000190734863,6253.0
2024-03-01 09:43:00,HALO,40.70000076293945,40.70000076293945,40.7400016784668,40.689998626708984,40.689998626708984,862.0
2024-03-01 09:43:00,HARP,22.9424991607666,22.9424991607666,22.950000762939453,22.9424991607666,22.9424991607666,736.0
2024-03-01 09:43:00,HCAT,8.199999809265137,8.199999809265137,8.199999809265137,8.109999656677246,8.109999656677246,1389.0
2024-03-01 09:43:00,HCSG,12.609999656677246,12.609999656677246,12.609999656677246,12.609999656677246,12.609999656677246,200.0
2024-03-01 09:43:00,HCTI,2.5,2.5,2.5199999809265137,2.4800000190734863,2.5199999809265137,3820.0
2024-03-01 09:43:00,HLVX,18.5049991607666,18.5049991607666,18.5049991607666,18.350000381469727,18.350000381469727,300.0
2024-03-01 09:43:00,HOLX,73.2699966430664,73.2699966430664,73.30999755859375,73.2699966430664,73.29000091552734,1247.0
2024-03-01 09:43:00,HOOK,0.7601000070571899,0.7601000070571899,0.7601000070571899,0.7599999904632568,0.7599999904632568,178.0
2024-03-01 09:43:00,HRTX,2.625,2.625,2.630000114440918,2.625,2.625,5072.0
2024-03-01 09:43:00,HSIC,76.29000091552734,76.29000091552734,76.51499938964844,76.29000091552734,76.51499938964844,380.0
2024-03-01 09:43:00,HUMA,3.065000057220459,3.065000057220459,3.0799999237060547,3.049999952316284,3.075000047683716,114137.0
2024-03-01 09:43:00,HYPR,1.163100004196167,1.163100004196167,1.184999942779541,1.163100004196167,1.184999942779541,3289.0
2024-03-01 09:43:00,IART,36.79999923706055,36.79999923706055,36.86000061035156,36.79999923706055,36.80720138549805,2724.0
2024-03-01 09:43:00,IBRX,4.75,4.75,4.760000228881836,4.739999771118164,4.739999771118164,2448.0
2024-03-01 09:43:00,ICUI,104.45999908447266,104.45999908447266,104.45999908447266,104.45999908447266,104.45999908447266,549.0
2024-03-01 09:43:00,IDXX,565.3900146484375,565.3900146484375,565.3900146484375,564.47998046875,564.489990234375,1308.0
2024-03-01 09:43:00,IGMS,12.8774995803833,12.8774995803833,12.8774995803833,12.8774995803833,12.8774995803833,270.0
2024-03-01 09:43:00,IINN,1.6806999444961548,1.6806999444961548,1.6806999444961548,1.6799999475479126,1.6799999475479126,1159.0
2024-03-01 09:43:00,ILMN,135.99000549316406,135.99000549316406,136.10000610351562,135.9550018310547,136.0800018310547,733.0
2024-03-01 09:43:00,IMCR,67.54000091552734,67.54000091552734,67.54000091552734,67.54000091552734,67.54000091552734,307.0
2024-03-01 09:43:00,IMNM,24.5,24.5,24.789899826049805,24.5,24.520000457763672,2056.0
2024-03-01 09:43:00,IMNN,1.1401000022888184,1.1401000022888184,1.1401000022888184,1.1401000022888184,1.1401000022888184,8770.0
2024-03-01 09:43:00,IMVT,36.67499923706055,36.67499923706055,36.67499923706055,36.560001373291016,36.560001373291016,1232.0
2024-03-01 09:43:00,INBX,36.79499816894531,36.79499816894531,36.79499816894531,36.79499816894531,36.79499816894531,2.0
2024-03-01 09:43:00,INCY,58.4900016784668,58.4900016784668,58.4900016784668,58.439998626708984,58.45000076293945,1592.0
2024-03-01 09:43:00,INGN,6.659999847412109,6.659999847412109,6.659999847412109,6.624000072479248,6.659999847412109,1589.0
2024-03-01 09:43:00,INMD,21.969999313354492,21.969999313354492,21.969999313354492,21.961200714111328,21.961200714111328,967.0
2024-03-01 09:43:00,INO,8.760000228881836,8.760000228881836,8.869999885559082,8.760000228881836,8.869999885559082,1651.0
2024-03-01 09:43:00,INSM,27.927499771118164,27.927499771118164,27.979900360107422,27.927499771118164,27.940000534057617,731.0
2024-03-01 09:43:00,INVA,15.739999771118164,15.739999771118164,15.765000343322754,15.6899995803833,15.699999809265137,2279.0
2024-03-01 09:43:00,INVO,1.190000057220459,1.190000057220459,1.190000057220459,1.190000057220459,1.190000057220459,130.0
2024-03-01 09:43:00,INZY,6.460000038146973,6.460000038146973,6.480000019073486,6.440000057220459,6.449999809265137,1603.0
2024-03-01 09:43:00,IONS,45.08000183105469,45.08000183105469,45.15999984741211,45.060001373291016,45.15999984741211,1929.0
2024-03-01 09:43:00,IOVA,16.459999084472656,16.459999084472656,16.519100189208984,16.44499969482422,16.44499969482422,15757.0
2024-03-01 09:43:00,IRWD,8.848799705505371,8.848799705505371,8.869999885559082,8.770000457763672,8.805000305175781,43997.0
2024-03-01 09:43:00,ISRG,384.489990234375,384.489990234375,384.510009765625,384.07501220703125,384.07501220703125,2267.0
2024-03-01 09:43:00,ITOS,10.78499984741211,10.78499984741211,10.78499984741211,10.78499984741211,10.78499984741211,200.0
2024-03-01 09:43:00,ITRM,1.2400000095367432,1.2400000095367432,1.2400000095367432,1.2400000095367432,1.2400000095367432,7719.0
2024-03-01 09:43:00,IXHL,5.025000095367432,5.025000095367432,5.025000095367432,5.025000095367432,5.025000095367432,409.0
2024-03-01 09:43:00,JAGX,0.062199998646974564,0.062199998646974564,0.062199998646974564,0.062199998646974564,0.062199998646974564,35375.0
2024-03-01 09:43:00,JANX,47.2400016784668,47.2400016784668,47.2400016784668,46.75,47.21500015258789,435.0
2024-03-01 09:43:00,JAZZ,121.2300033569336,121.2300033569336,121.4000015258789,121.0,121.4000015258789,7532.0
2024-03-01 09:43:00,KALV,13.987500190734863,13.987500190734863,14.015000343322754,13.987500190734863,14.015000343322754,374.0
2024-03-01 09:43:00,KNSA,21.329999923706055,21.329999923706055,21.454999923706055,21.329999923706055,21.389999389648438,732.0
2024-03-01 09:43:00,KNTE,2.5999999046325684,2.5999999046325684,2.5999999046325684,2.5999999046325684,2.5999999046325684,700.0
2024-03-01 09:43:00,KOD,6.110000133514404,6.110000133514404,6.110000133514404,6.099999904632568,6.099999904632568,475.0
2024-03-01 09:43:00,KPTI,1.1449999809265137,1.1449999809265137,1.1449999809265137,1.1349999904632568,1.1349999904632568,1996.0
2024-03-01 09:43:00,KRMD,2.113100051879883,2.113100051879883,2.113100051879883,2.113100051879883,2.113100051879883,707.0
2024-03-01 09:43:00,KROS,68.69999694824219,68.69999694824219,68.69999694824219,68.69999694824219,68.69999694824219,171.0
2024-03-01 09:43:00,KRTX,315.9700012207031,315.9700012207031,316.1050109863281,315.75,315.8599853515625,14056.0
2024-03-01 09:43:00,KTRA,0.10300000011920929,0.10300000011920929,0.10300000011920929,0.10109999775886536,0.10209999978542328,6238.0
2024-03-01 09:43:00,KURA,21.40999984741211,21.40999984741211,21.475000381469727,21.399999618530273,21.399999618530273,1476.0
2024-03-01 09:43:00,KYMR,43.02000045776367,43.02000045776367,43.099998474121094,43.02000045776367,43.099998474121094,645.0
2024-03-01 09:43:00,LAB,2.319999933242798,2.319999933242798,2.319999933242798,2.319999933242798,2.319999933242798,3416.0
2024-03-01 09:43:00,LEGN,65.25749969482422,65.25749969482422,65.32499694824219,65.25749969482422,65.3239974975586,584.0
2024-03-01 09:43:00,LEXX,2.6301000118255615,2.6301000118255615,2.6700000762939453,2.6301000118255615,2.6700000762939453,3527.0
2024-03-01 09:43:00,LFLY,2.950000047683716,2.950000047683716,2.950000047683716,2.950000047683716,2.950000047683716,454.0
2024-03-01 09:43:00,LFMD,7.929999828338623,7.929999828338623,7.929999828338623,7.929999828338623,7.929999828338623,107.0
2024-03-01 09:43:00,LFST,8.050000190734863,8.050000190734863,8.050000190734863,8.045000076293945,8.050000190734863,792.0
2024-03-01 09:43:00,LGVN,0.5479999780654907,0.5479999780654907,0.5479999780654907,0.5479999780654907,0.5479999780654907,235.0
2024-03-01 09:43:00,LIAN,4.849999904632568,4.849999904632568,4.849999904632568,4.849999904632568,4.849999904632568,107.0
2024-03-01 09:43:00,LIFE,1.9149999618530273,1.9149999618530273,1.9149999618530273,1.909999966621399,1.909999966621399,7381.0
2024-03-01 09:43:00,LQDA,14.220000267028809,14.220000267028809,14.220000267028809,14.210000038146973,14.220000267028809,865.0
2024-03-01 09:43:00,LRMR,11.729999542236328,11.729999542236328,11.729999542236328,11.729999542236328,11.729999542236328,200.0
2024-03-01 09:43:00,LUNG,9.119999885559082,9.119999885559082,9.149999618530273,9.079999923706055,9.079999923706055,2621.0
2024-03-01 09:43:00,LVTX,2.7899999618530273,2.7899999618530273,2.799999952316284,2.77020001411438,2.770400047302246,3443.0
2024-03-01 09:43:00,LXRX,2.3615000247955322,2.3615000247955322,2.375,2.359999895095825,2.360100030899048,30674.0
2024-03-01 09:43:00,LYEL,2.9700000286102295,2.9700000286102295,2.9700000286102295,2.9600000381469727,2.9600000381469727,955.0
2024-03-01 09:43:00,LYRA,5.5,5.5,5.5,5.369999885559082,5.369999885559082,5522.0
2024-03-01 09:43:00,MACK,14.699999809265137,14.699999809265137,14.699999809265137,14.699999809265137,14.699999809265137,201.0
2024-03-01 09:43:00,MASI,127.72000122070312,127.72000122070312,128.0050048828125,127.72000122070312,127.87999725341797,1550.0
2024-03-01 09:43:00,MBRX,0.6273999810218811,0.6273999810218811,0.6273999810218811,0.6200000047683716,0.6200000047683716,3100.0
2024-03-01 09:43:00,MCRB,1.1399999856948853,1.1399999856948853,1.1399999856948853,1.1399999856948853,1.1399999856948853,668.0
2024-03-01 09:43:00,MDRX,5.449999809265137,5.449999809265137,5.550000190734863,5.400000095367432,5.5,177010.0
2024-03-01 09:43:00,MDXG,8.380000114440918,8.380000114440918,8.380000114440918,8.380000114440918,8.380000114440918,270.0
2024-03-01 09:43:00,ME,0.5479000210762024,0.5479000210762024,0.5479999780654907,0.5426999926567078,0.5440999865531921,81193.0
2024-03-01 09:43:00,MEDP,400.4200134277344,400.4200134277344,400.4200134277344,400.4200134277344,400.4200134277344,200.0
2024-03-01 09:43:00,MGNX,18.3700008392334,18.3700008392334,18.395000457763672,18.3700008392334,18.3799991607666,792.0
2024-03-01 09:43:00,MIRM,29.040000915527344,29.040000915527344,29.059999465942383,29.040000915527344,29.059999465942383,1043.0
2024-03-01 09:43:00,MIST,1.690000057220459,1.690000057220459,1.690000057220459,1.690000057220459,1.690000057220459,200.0
2024-03-01 09:43:00,MLTX,52.040000915527344,52.040000915527344,52.22999954223633,52.040000915527344,52.040000915527344,872.0
2024-03-01 09:43:00,MNKD,4.315000057220459,4.315000057220459,4.315000057220459,4.304999828338623,4.304999828338623,1225.0
2024-03-01 09:43:00,MNMD,5.59119987487793,5.59119987487793,5.599999904632568,5.5802001953125,5.599999904632568,4356.0
2024-03-01 09:43:00,MNPR,0.7666000127792358,0.7666000127792358,0.7667999863624573,0.7601000070571899,0.7601000070571899,6388.0
2024-03-01 09:43:00,MOR,17.56999969482422,17.56999969482422,17.56999969482422,17.56999969482422,17.56999969482422,251.0
2024-03-01 09:43:00,MORF,37.880001068115234,37.880001068115234,37.880001068115234,37.880001068115234,37.880001068115234,261.0
2024-03-01 09:43:00,MREO,3.799999952316284,3.799999952316284,3.805000066757202,3.7899999618530273,3.7999000549316406,2087.0
2024-03-01 09:43:00,MRNA,92.68000030517578,92.68000030517578,92.68000030517578,92.37999725341797,92.5,5999.0
2024-03-01 09:43:00,MRNS,9.710000038146973,9.710000038146973,9.710000038146973,9.6899995803833,9.6899995803833,625.0
2024-03-01 09:43:00,MRSN,5.675000190734863,5.675000190734863,5.679999828338623,5.639999866485596,5.644999980926514,1553.0
2024-03-01 09:43:00,MRUS,48.900001525878906,48.900001525878906,48.9474983215332,48.900001525878906,48.939998626708984,545.0
2024-03-01 09:43:00,MRVI,7.630000114440918,7.630000114440918,7.639999866485596,7.619999885559082,7.619999885559082,3895.0
2024-03-01 09:43:00,MXCT,4.590000152587891,4.590000152587891,4.590000152587891,4.574999809265137,4.574999809265137,641.0
2024-03-01 09:43:00,MYGN,20.700000762939453,20.700000762939453,20.770000457763672,20.700000762939453,20.770000457763672,421.0
2024-03-01 09:43:00,NARI,44.8650016784668,44.8650016784668,45.189998626708984,44.53010177612305,44.53010177612305,32437.0
2024-03-01 09:43:00,NBIX,130.78500366210938,130.78500366210938,131.02499389648438,130.78500366210938,130.85000610351562,1421.0
2024-03-01 09:43:00,NEO,15.640000343322754,15.640000343322754,15.640000343322754,15.640000343322754,15.640000343322754,885.0
2024-03-01 09:43:00,NEOG,16.934999465942383,16.934999465942383,16.934999465942383,16.8799991607666,16.8799991607666,2747.0
2024-03-01 09:43:00,NKTR,0.722599983215332,0.722599983215332,0.722599983215332,0.7152000069618225,0.7152000069618225,1369.0
2024-03-01 09:43:00,NKTX,12.5,12.5,12.5,12.470000267028809,12.470000267028809,1313.0
2024-03-01 09:43:00,NNOX,10.864999771118164,10.864999771118164,10.899999618530273,10.819999694824219,10.889900207519531,39241.0
2024-03-01 09:43:00,NRBO,5.590000152587891,5.590000152587891,5.630000114440918,5.550000190734863,5.630000114440918,1089.0
2024-03-01 09:43:00,NRIX,12.444999694824219,12.444999694824219,12.444999694824219,12.444999694824219,12.444999694824219,337.0
2024-03-01 09:43:00,NRSN,1.7800999879837036,1.7800999879837036,1.7800999879837036,1.7800999879837036,1.7800999879837036,185.0
2024-03-01 09:43:00,NRXP,0.40779998898506165,0.40779998898506165,0.40779998898506165,0.4000000059604645,0.4000000059604645,26280.0
2024-03-01 09:43:00,NTLA,32.54999923706055,32.54999923706055,32.625,32.45009994506836,32.494998931884766,3000.0
2024-03-01 09:43:00,NTRA,88.95999908447266,88.95999908447266,89.91000366210938,88.74009704589844,89.80500030517578,3060.0
2024-03-01 09:43:00,NVAX,4.894999980926514,4.894999980926514,4.949999809265137,4.889999866485596,4.945000171661377,41142.0
2024-03-01 09:43:00,NVCR,15.260000228881836,15.260000228881836,15.260000228881836,15.237500190734863,15.237500190734863,304.0
2024-03-01 09:43:00,NVNO,6.204999923706055,6.204999923706055,6.204999923706055,6.204999923706055,6.204999923706055,515.0
2024-03-01 09:43:00,NVOS,0.6198999881744385,0.6198999881744385,0.6198999881744385,0.6198999881744385,0.6198999881744385,300.0
2024-03-01 09:43:00,OCGN,0.9204000234603882,0.9204000234603882,0.923799991607666,0.9203000068664551,0.9225999712944031,3139.0
2024-03-01 09:43:00,OCUL,10.335000038146973,10.335000038146973,10.359999656677246,10.260000228881836,10.260100364685059,15499.0
2024-03-01 09:43:00,OFIX,13.0,13.0,13.0,12.930000305175781,12.930000305175781,1569.0
2024-03-01 09:43:00,OGI,2.049999952316284,2.049999952316284,2.0557000637054443,2.049999952316284,2.055000066757202,325.0
2024-03-01 09:43:00,OLK,22.3799991607666,22.3799991607666,22.420000076293945,22.3799991607666,22.40999984741211,1933.0
2024-03-01 09:43:00,OM,3.0399999618530273,3.0399999618530273,3.0473999977111816,3.0399999618530273,3.0404000282287598,5556.0
2024-03-01 09:43:00,OMER,4.579999923706055,4.579999923706055,4.579999923706055,4.550000190734863,4.550000190734863,1902.0
2024-03-01 09:43:00,ONCY,1.0851999521255493,1.0851999521255493,1.0851999521255493,1.0851999521255493,1.0851999521255493,4000.0
2024-03-01 09:43:00,ONTX,0.8025000095367432,0.8025000095367432,0.8025000095367432,0.8025000095367432,0.8025000095367432,280.0
2024-03-01 09:43:00,ONVO,1.0254000425338745,1.0254000425338745,1.0254000425338745,1.0254000425338745,1.0254000425338745,537.0
2024-03-01 09:44:00,ABCL,5.0767998695373535,5.0767998695373535,5.077499866485596,5.070000171661377,5.070000171661377,1574.0
2024-03-01 09:44:00,ABEO,7.110000133514404,7.110000133514404,7.110000133514404,7.110000133514404,7.110000133514404,300.0
2024-03-01 09:44:00,ABSI,5.130000114440918,5.130000114440918,5.130000114440918,5.130000114440918,5.130000114440918,1001.0
2024-03-01 09:44:00,ACAD,23.485000610351562,23.485000610351562,23.510000228881836,23.469999313354492,23.469999313354492,2926.0
2024-03-01 09:44:00,ACB,3.007499933242798,3.007499933242798,3.007499933242798,2.9897000789642334,2.9897000789642334,10568.0
2024-03-01 09:44:00,ACCD,10.100000381469727,10.100000381469727,10.100000381469727,10.100000381469727,10.100000381469727,185.0
2024-03-01 09:44:00,ACLX,67.88749694824219,67.88749694824219,67.88749694824219,67.85749816894531,67.85749816894531,348.0
2024-03-01 09:44:00,ACON,0.38999998569488525,0.38999998569488525,0.38999998569488525,0.38999998569488525,0.38999998569488525,0.0
2024-03-01 09:44:00,ACRS,1.2400000095367432,1.2400000095367432,1.2400000095367432,1.2400000095367432,1.2400000095367432,312.0
2024-03-01 09:44:00,ADIL,3.924999952316284,3.924999952316284,4.119999885559082,3.8499999046325684,4.083099842071533,1056248.0
2024-03-01 09:44:00,ADMA,5.369999885559082,5.369999885559082,5.394999980926514,5.369999885559082,5.383999824523926,3473.0
2024-03-01 09:44:00,ADPT,4.014999866485596,4.014999866485596,4.014999866485596,3.998800039291382,4.0,980.0
2024-03-01 09:44:00,ADVM,1.9900000095367432,1.9900000095367432,2.0,1.9800000190734863,1.9800000190734863,1360.0
2024-03-01 09:44:00,ADXN,8.729999542236328,8.729999542236328,8.729999542236328,8.729999542236328,8.729999542236328,105.0
2024-03-01 09:44:00,AGEN,0.6779999732971191,0.6779999732971191,0.6779999732971191,0.677299976348877,0.677299976348877,5883.0
2024-03-01 09:44:00,AGRX,0.8291000127792358,0.8291000127792358,0.8299000263214111,0.8291000127792358,0.8299000263214111,722.0
2024-03-01 09:44:00,AHCO,10.605999946594238,10.605999946594238,10.619999885559082,10.5649995803833,10.569999694824219,3531.0
2024-03-01 09:44:00,AIRS,6.5,6.5,6.5,6.5,6.5,200.0
2024-03-01 09:44:00,AKAN,0.2736999988555908,0.2736999988555908,0.2736999988555908,0.27300000190734863,0.273499995470047,19184.0
2024-03-01 09:44:00,AKBA,1.6105999946594238,1.6105999946594238,1.6105999946594238,1.6100000143051147,1.6100000143051147,9677.0
2024-03-01 09:44:00,AKLI,0.3434000015258789,0.3434000015258789,0.3434000015258789,0.3434000015258789,0.3434000015258789,5255.0
2024-03-01 09:44:00,AKRO,28.364999771118164,28.364999771118164,28.364999771118164,28.299999237060547,28.299999237060547,217.0
2024-03-01 09:44:00,AKYA,5.829999923706055,5.829999923706055,5.829999923706055,5.789999961853027,5.789999961853027,663.0
2024-03-01 09:44:00,ALDX,3.8399999141693115,3.8399999141693115,3.8399999141693115,3.8399999141693115,3.8399999141693115,101.0
2024-03-01 09:44:00,ALEC,7.224999904632568,7.224999904632568,7.224999904632568,7.190000057220459,7.190000057220459,2194.0
2024-03-01 09:44:00,ALGN,298.875,298.875,298.875,298.875,298.875,348.0
2024-03-01 09:44:00,ALGS,0.9800999760627747,0.9800999760627747,0.9850000143051147,0.9800999760627747,0.9850000143051147,7992.0
2024-03-01 09:44:00,ALKS,29.989999771118164,29.989999771118164,30.0,29.959999084472656,29.959999084472656,1349.0
2024-03-01 09:44:00,ALLK,1.5299999713897705,1.5299999713897705,1.5299999713897705,1.5199999809265137,1.5199999809265137,280.0
2024-03-01 09:44:00,ALLO,4.954999923706055,4.954999923706055,4.954999923706055,4.928899765014648,4.928899765014648,1841.0
2024-03-01 09:44:00,ALNY,150.84500122070312,150.84500122070312,150.84500122070312,150.1199951171875,150.1199951171875,1940.0
2024-03-01 09:44:00,ALPN,35.532501220703125,35.532501220703125,35.56999969482422,35.5,35.5,376.0
2024-03-01 09:44:00,ALT,12.220000267028809,12.220000267028809,12.270000457763672,12.1899995803833,12.25,15146.0
2024-03-01 09:44:00,ALVR,0.754800021648407,0.754800021648407,0.754800021648407,0.754800021648407,0.754800021648407,420.0
2024-03-01 09:44:00,ALXO,14.859999656677246,14.859999656677246,14.859999656677246,14.859999656677246,14.859999656677246,221.0
2024-03-01 09:44:00,AMGN,276.7850036621094,276.7850036621094,277.260009765625,276.5299987792969,276.6499938964844,6922.0
2024-03-01 09:44:00,AMLX,18.829999923706055,18.829999923706055,18.829999923706055,18.760000228881836,18.760000228881836,1293.0
2024-03-01 09:44:00,AMPH,46.040000915527344,46.040000915527344,46.040000915527344,46.040000915527344,46.040000915527344,595.0
2024-03-01 09:44:00,AMRN,1.0,1.0,1.0,0.9812999963760376,0.9876000285148621,4982.0
2024-03-01 09:44:00,ANGO,5.340000152587891,5.340000152587891,5.360000133514404,5.340000152587891,5.34499979019165,1671.0
2024-03-01 09:44:00,ANIP,67.29000091552734,67.29000091552734,67.62999725341797,67.29000091552734,67.62999725341797,555.0
2024-03-01 09:44:00,ANIX,3.619999885559082,3.619999885559082,3.619999885559082,3.619999885559082,3.619999885559082,556.0
2024-03-01 09:44:00,ANNX,5.900000095367432,5.900000095367432,5.960000038146973,5.900000095367432,5.960000038146973,10735.0
2024-03-01 09:44:00,ANTX,2.990000009536743,2.990000009536743,3.0,2.990000009536743,3.0,944.0
2024-03-01 09:44:00,APDN,0.5928999781608582,0.5928999781608582,0.6000000238418579,0.5928999781608582,0.6000000238418579,500.0
2024-03-01 09:44:00,APLS,61.654998779296875,61.654998779296875,61.775001525878906,61.58000183105469,61.709999084472656,3966.0
2024-03-01 09:44:00,APLT,7.489999771118164,7.489999771118164,7.53000020980835,7.434999942779541,7.460000038146973,5066.0
2024-03-01 09:44:00,APTO,1.7899999618530273,1.7899999618530273,1.792099952697754,1.7899999618530273,1.7920000553131104,800.0
2024-03-01 09:44:00,AQST,3.9549999237060547,3.9549999237060547,3.9800000190734863,3.950000047683716,3.9700000286102295,19001.0
2024-03-01 09:44:00,ARAY,2.5799999237060547,2.5799999237060547,2.5799999237060547,2.5799999237060547,2.5799999237060547,123.0
2024-03-01 09:44:00,ARCT,39.61800003051758,39.61800003051758,39.619998931884766,39.61800003051758,39.619998931884766,1132.0
2024-03-01 09:44:00,ARDX,9.509400367736816,9.509400367736816,9.520000457763672,9.484999656677246,9.484999656677246,2396.0
2024-03-01 09:44:00,ARQT,10.609999656677246,10.609999656677246,10.609999656677246,10.539999961853027,10.539999961853027,6644.0
2024-03-01 09:44:00,ARVN,48.5,48.5,48.5,48.48780059814453,48.48780059814453,472.0
2024-03-01 09:44:00,ASND,148.0,148.0,148.0,147.6199951171875,147.66000366210938,819.0
2024-03-01 09:44:00,ASRT,0.8805999755859375,0.8805999755859375,0.8898000121116638,0.8805999755859375,0.8898000121116638,573.0
2024-03-01 09:44:00,ATEC,13.255000114440918,13.255000114440918,13.255000114440918,13.229999542236328,13.239999771118164,1150.0
2024-03-01 09:44:00,ATRA,0.7894999980926514,0.7894999980926514,0.7989000082015991,0.7799999713897705,0.7894999980926514,0.0
2024-03-01 09:44:00,ATRC,34.869998931884766,34.869998931884766,34.869998931884766,34.779998779296875,34.779998779296875,850.0
2024-03-01 09:44:00,ATXI,0.15469999611377716,0.15469999611377716,0.15469999611377716,0.1517000049352646,0.1517000049352646,4304.0
2024-03-01 09:44:00,ATXS,14.300000190734863,14.300000190734863,14.329999923706055,14.300000190734863,14.329999923706055,515.0
2024-03-01 09:44:00,AUPH,5.704999923706055,5.704999923706055,5.704999923706055,5.690000057220459,5.690000057220459,6092.0
2024-03-01 09:44:00,AUTL,6.070000171661377,6.070000171661377,6.070000171661377,6.059999942779541,6.059999942779541,609.0
2024-03-01 09:44:00,AVDL,12.484999656677246,12.484999656677246,12.516400337219238,12.449999809265137,12.449999809265137,1792.0
2024-03-01 09:44:00,AVGR,3.710400104522705,3.710400104522705,3.710400104522705,3.710400104522705,3.710400104522705,147.0
2024-03-01 09:44:00,AVIR,4.349999904632568,4.349999904632568,4.349999904632568,4.340000152587891,4.340000152587891,969.0
2024-03-01 09:44:00,AVXL,5.17710018157959,5.17710018157959,5.179999828338623,5.17710018157959,5.179999828338623,1274.0
2024-03-01 09:44:00,AXNX,67.2699966430664,67.2699966430664,67.2699966430664,67.2699966430664,67.2699966430664,211.0
2024-03-01 09:44:00,AXSM,81.74500274658203,81.74500274658203,81.9000015258789,81.52010345458984,81.52010345458984,2026.0
2024-03-01 09:44:00,AZN,64.37999725341797,64.37999725341797,64.38500213623047,64.3499984741211,64.36000061035156,4276.0
2024-03-01 09:44:00,AZTA,65.26000213623047,65.26000213623047,65.26000213623047,65.26000213623047,65.26000213623047,211.0
2024-03-01 09:44:00,BBIO,34.93000030517578,34.93000030517578,34.93600082397461,34.8650016784668,34.869998931884766,742.0
2024-03-01 09:44:00,BBLG,2.5899999141693115,2.5899999141693115,2.640000104904175,2.559999942779541,2.5999999046325684,1436.0
2024-03-01 09:44:00,BCAB,2.6549999713897705,2.6549999713897705,2.6549999713897705,2.6549999713897705,2.6549999713897705,495.0
2024-03-01 09:44:00,BCDA,0.5551000237464905,0.5551000237464905,0.5551000237464905,0.5551000237464905,0.5551000237464905,101.0
2024-03-01 09:44:00,BCRX,5.710000038146973,5.710000038146973,5.710000038146973,5.684999942779541,5.684999942779541,1192.0
2024-03-01 09:44:00,BCTX,3.4200000762939453,3.4200000762939453,3.4200000762939453,3.4200000762939453,3.4200000762939453,0.0
2024-03-01 09:44:00,BCYC,25.174999237060547,25.174999237060547,25.174999237060547,25.174999237060547,25.174999237060547,163.0
2024-03-01 09:44:00,BDTX,5.204999923706055,5.204999923706055,5.210000038146973,5.167699813842773,5.167699813842773,3987.0
2024-03-01 09:44:00,BEAM,39.592201232910156,39.592201232910156,39.775901794433594,39.45000076293945,39.45000076293945,938.0
2024-03-01 09:44:00,BGXX,0.2732999920845032,0.2732999920845032,0.27900001406669617,0.2732999920845032,0.27889999747276306,47509.0
2024-03-01 09:44:00,BIIB,216.625,216.625,216.83999633789062,216.47000122070312,216.47000122070312,5772.0
2024-03-01 09:44:00,BIOL,0.13750000298023224,0.13750000298023224,0.13750000298023224,0.13699999451637268,0.13699999451637268,1134.0
2024-03-01 09:44:00,BIVI,2.6510000228881836,2.6510000228881836,2.75,2.580899953842163,2.580899953842163,280154.0
2024-03-01 09:44:00,BLFS,17.350000381469727,17.350000381469727,17.459999084472656,17.229999542236328,17.229999542236328,11744.0
2024-03-01 09:44:00,BLUE,1.4700000286102295,1.4700000286102295,1.4700000286102295,1.462499976158142,1.4700000286102295,12114.0
2024-03-01 09:44:00,BMEA,17.548599243164062,17.548599243164062,17.548599243164062,17.548599243164062,17.548599243164062,302.0
2024-03-01 09:44:00,BMRN,86.19000244140625,86.19000244140625,86.19000244140625,86.0999984741211,86.0999984741211,1146.0
2024-03-01 09:44:00,BNTX,90.1144027709961,90.1144027709961,90.1500015258789,90.01499938964844,90.01499938964844,2918.0
2024-03-01 09:44:00,BPMC,95.24849700927734,95.24849700927734,95.73999786376953,95.24849700927734,95.41000366210938,1860.0
2024-03-01 09:44:00,BRKR,86.41999816894531,86.41999816894531,86.41999816894531,86.38999938964844,86.4000015258789,1173.0
2024-03-01 09:44:00,BRTX,1.4493000507354736,1.4493000507354736,1.4493000507354736,1.4493000507354736,1.4493000507354736,848.0
2024-03-01 09:44:00,BTCY,0.9456999897956848,0.9456999897956848,0.9456999897956848,0.9456999897956848,0.9456999897956848,0.0
2024-03-01 09:44:00,BTTX,0.16249999403953552,0.16249999403953552,0.16249999403953552,0.1598999947309494,0.1598999947309494,4458.0
2024-03-01 09:44:00,BYSI,1.3700000047683716,1.3700000047683716,1.3700000047683716,1.3700000047683716,1.3700000047683716,800.0
2024-03-01 09:44:00,CABA,23.799999237060547,23.799999237060547,23.799999237060547,23.799999237060547,23.799999237060547,267.0
2024-03-01 09:44:00,CAPR,4.589900016784668,4.589900016784668,4.590000152587891,4.53000020980835,4.550000190734863,1231.0
2024-03-01 09:44:00,CARA,0.8598999977111816,0.8598999977111816,0.8598999977111816,0.859499990940094,0.859499990940094,1111.0
2024-03-01 09:44:00,CBAY,32.20500183105469,32.20500183105469,32.20500183105469,32.20500183105469,32.20500183105469,1769.0
2024-03-01 09:44:00,CCCC,10.960000038146973,10.960000038146973,11.0,10.920000076293945,10.920000076293945,2841.0
2024-03-01 09:44:00,CCRN,18.020000457763672,18.020000457763672,18.020000457763672,18.020000457763672,18.020000457763672,351.0
2024-03-01 09:44:00,CDNA,11.020000457763672,11.020000457763672,11.020000457763672,10.890000343322754,10.920000076293945,2115.0
2024-03-01 09:44:00,CDXS,4.461599826812744,4.461599826812744,4.46999979019165,4.461599826812744,4.46999979019165,736.0
2024-03-01 09:44:00,CERE,41.10499954223633,41.10499954223633,41.108001708984375,41.095001220703125,41.095001220703125,3202.0
2024-03-01 09:44:00,CERS,2.1649999618530273,2.1649999618530273,2.1649999618530273,2.1600000858306885,2.1600000858306885,530.0
2024-03-01 09:44:00,CERT,16.969999313354492,16.969999313354492,16.969999313354492,16.969999313354492,16.969999313354492,543.0
2024-03-01 09:44:00,CGC,3.2200000286102295,3.2200000286102295,3.2200000286102295,3.2100000381469727,3.210099935531616,7186.0
2024-03-01 09:44:00,CGEM,18.809999465942383,18.809999465942383,18.809999465942383,18.639999389648438,18.639999389648438,381.0
2024-03-01 09:44:00,CGEN,2.599900007247925,2.599900007247925,2.599900007247925,2.599900007247925,2.599900007247925,1000.0
2024-03-01 09:44:00,CHRS,2.2852001190185547,2.2852001190185547,2.2899999618530273,2.2799999713897705,2.2799999713897705,2689.0
2024-03-01 09:44:00,CKPT,2.1298999786376953,2.1298999786376953,2.130000114440918,2.1298999786376953,2.130000114440918,909.0
2024-03-01 09:44:00,CLDX,50.88999938964844,50.88999938964844,50.959999084472656,50.29999923706055,50.29999923706055,7921.0
2024-03-01 09:44:00,CLNN,0.38999998569488525,0.38999998569488525,0.38999998569488525,0.3889999985694885,0.3889999985694885,3985.0
2024-03-01 09:44:00,CLOV,0.8557000160217285,0.8557000160217285,0.8568999767303467,0.8550000190734863,0.8553000092506409,19466.0
2024-03-01 09:44:00,CMPS,10.623800277709961,10.623800277709961,10.65999984741211,10.579999923706055,10.609999656677246,3041.0
2024-03-01 09:44:00,CMRX,1.1100000143051147,1.1100000143051147,1.1100000143051147,1.1100000143051147,1.1100000143051147,0.0
2024-03-01 09:44:00,COGT,7.170000076293945,7.170000076293945,7.170000076293945,7.144999980926514,7.144999980926514,374.0
2024-03-01 09:44:00,COLL,37.08000183105469,37.08000183105469,37.08000183105469,37.060001373291016,37.06999969482422,1987.0
2024-03-01 09:44:00,CORT,23.329999923706055,23.329999923706055,23.360000610351562,23.299999237060547,23.350000381469727,2012.0
2024-03-01 09:44:00,COSM,0.7524999976158142,0.7524999976158142,0.7524999976158142,0.7524999976158142,0.7524999976158142,2100.0
2024-03-01 09:44:00,CPRX,16.75,16.75,16.75,16.700000762939453,16.709999084472656,7806.0
2024-03-01 09:44:00,CRBP,31.924999237060547,31.924999237060547,32.11000061035156,31.924999237060547,32.0,14902.0
2024-03-01 09:44:00,CRBU,8.100000381469727,8.100000381469727,8.114999771118164,8.0600004196167,8.069999694824219,1163.0
2024-03-01 09:44:00,CRDF,2.2799999713897705,2.2799999713897705,2.2799999713897705,2.2249999046325684,2.2249999046325684,41298.0
2024-03-01 09:44:00,CRNX,43.650001525878906,43.650001525878906,43.715999603271484,43.650001525878906,43.715999603271484,380.0
2024-03-01 09:44:00,CRSP,83.96640014648438,83.96640014648438,83.96640014648438,83.331298828125,83.5,4701.0
2024-03-01 09:44:00,CSTL,19.477699279785156,19.477699279785156,19.510000228881836,19.47010040283203,19.510000228881836,2449.0
2024-03-01 09:44:00,CTKB,7.769999980926514,7.769999980926514,7.769999980926514,7.760000228881836,7.760000228881836,428.0
2024-03-01 09:44:00,CTMX,2.434999942779541,2.434999942779541,2.437999963760376,2.4307000637054443,2.4307000637054443,1986.0
2024-03-01 09:44:00,CUE,2.0999999046325684,2.0999999046325684,2.0999999046325684,2.0999999046325684,2.0999999046325684,420.0
2024-03-01 09:44:00,CUTR,2.177799940109253,2.177799940109253,2.177799940109253,2.137399911880493,2.1407999992370605,3556.0
2024-03-01 09:44:00,CVAC,3.4049999713897705,3.4049999713897705,3.4049999713897705,3.4049999713897705,3.4049999713897705,300.0
2024-03-01 09:44:00,CYTK,74.44999694824219,74.44999694824219,74.66000366210938,73.79000091552734,73.81999969482422,28707.0
2024-03-01 09:44:00,DARE,0.5785999894142151,0.5785999894142151,0.5785999894142151,0.5785999894142151,0.5785999894142151,1196.0
2024-03-01 09:44:00,DAWN,17.040000915527344,17.040000915527344,17.084999084472656,17.040000915527344,17.084999084472656,343.0
2024-03-01 09:44:00,DCGO,4.059999942779541,4.059999942779541,4.059999942779541,4.039999961853027,4.039999961853027,1587.0
2024-03-01 09:44:00,DCPH,16.90089988708496,16.90089988708496,16.90089988708496,16.90089988708496,16.90089988708496,439.0
2024-03-01 09:44:00,DH,9.119999885559082,9.119999885559082,9.15999984741211,9.069999694824219,9.119999885559082,2974.0
2024-03-01 09:44:00,DMTK,0.914900004863739,0.914900004863739,0.9298999905586243,0.8799999952316284,0.8898000121116638,24847.0
2024-03-01 09:44:00,DNLI,20.690000534057617,20.690000534057617,20.690000534057617,20.665000915527344,20.665000915527344,408.0
2024-03-01 09:44:00,DRIO,2.098400115966797,2.098400115966797,2.098400115966797,2.098400115966797,2.098400115966797,4850.0
2024-03-01 09:44:00,DTIL,12.880000114440918,12.880000114440918,12.901700019836426,12.880000114440918,12.890000343322754,3524.0
2024-03-01 09:44:00,DVAX,12.734999656677246,12.734999656677246,12.739999771118164,12.725000381469727,12.725000381469727,1268.0
2024-03-01 09:44:00,DXCM,115.40499877929688,115.40499877929688,115.4800033569336,115.13999938964844,115.22000122070312,4083.0
2024-03-01 09:44:00,DYN,28.270000457763672,28.270000457763672,28.40999984741211,28.0,28.190000534057617,32994.0
2024-03-01 09:44:00,EDIT,10.1899995803833,10.1899995803833,10.210000038146973,10.149999618530273,10.149999618530273,11492.0
2024-03-01 09:44:00,ELEV,4.689000129699707,4.689000129699707,4.689000129699707,4.6666998863220215,4.670000076293945,857.0
2024-03-01 09:44:00,EMBC,14.270000457763672,14.270000457763672,14.270000457763672,14.270000457763672,14.270000457763672,279.0
2024-03-01 09:44:00,ENVB,1.7799999713897705,1.7799999713897705,1.7999999523162842,1.75,1.7695000171661377,98213.0
2024-03-01 09:44:00,ERAS,2.359999895095825,2.359999895095825,2.365000009536743,2.359999895095825,2.365000009536743,371.0
2024-03-01 09:44:00,ESPR,2.483799934387207,2.483799934387207,2.484999895095825,2.483799934387207,2.484999895095825,5341.0
2024-03-01 09:44:00,ESTA,45.63999938964844,45.63999938964844,45.63999938964844,44.5,44.505001068115234,7025.0
2024-03-01 09:44:00,ETNB,12.449999809265137,12.449999809265137,12.5,12.430000305175781,12.430000305175781,5860.0
2024-03-01 09:44:00,EVGN,0.9200000166893005,0.9200000166893005,0.9200000166893005,0.9200000166893005,0.9200000166893005,1468.0
2024-03-01 09:44:00,EVLO,0.054999999701976776,0.054999999701976776,0.061500001698732376,0.054999999701976776,0.061500001698732376,17519.0
2024-03-01 09:44:00,EWTX,16.200000762939453,16.200000762939453,16.200000762939453,16.200000762939453,16.200000762939453,258.0
2024-03-01 09:44:00,EXAI,6.690000057220459,6.690000057220459,6.690000057220459,6.690000057220459,6.690000057220459,132.0
2024-03-01 09:44:00,EXAS,57.810001373291016,57.810001373291016,57.810001373291016,57.7599983215332,57.7599983215332,1174.0
2024-03-01 09:44:00,EXEL,22.360000610351562,22.360000610351562,22.375,22.344999313354492,22.344999313354492,4528.0
2024-03-01 09:44:00,EYEN,2.1700000762939453,2.1700000762939453,2.1700000762939453,2.1500000953674316,2.1600000858306885,22096.0
2024-03-01 09:44:00,EYPT,27.834999084472656,27.834999084472656,27.834999084472656,27.834999084472656,27.834999084472656,136.0
2024-03-01 09:44:00,FATE,7.454999923706055,7.454999923706055,7.465000152587891,7.425000190734863,7.434999942779541,3787.0
2024-03-01 09:44:00,FDMT,28.405000686645508,28.405000686645508,28.405000686645508,28.09000015258789,28.09000015258789,2160.0
2024-03-01 09:44:00,FEMY,1.7193000316619873,1.7193000316619873,1.7193000316619873,1.7193000316619873,1.7193000316619873,0.0
2024-03-01 09:44:00,FGEN,1.7050000429153442,1.7050000429153442,1.715000033378601,1.7050000429153442,1.715000033378601,1801.0
2024-03-01 09:44:00,FLGT,22.649999618530273,22.649999618530273,22.649999618530273,22.639999389648438,22.639999389648438,324.0
2024-03-01 09:44:00,FOLD,13.260000228881836,13.260000228881836,13.265000343322754,13.255000114440918,13.265000343322754,1382.0
2024-03-01 09:44:00,FULC,10.300000190734863,10.300000190734863,10.329999923706055,10.300000190734863,10.329999923706055,3306.0
2024-03-01 09:44:00,FUSN,12.149999618530273,12.149999618530273,12.222299575805664,12.149999618530273,12.222299575805664,3207.0
2024-03-01 09:44:00,FWBI,8.080100059509277,8.080100059509277,8.080100059509277,8.080100059509277,8.080100059509277,478.0
2024-03-01 09:44:00,GDRX,8.170000076293945,8.170000076293945,8.180000305175781,8.149999618530273,8.170000076293945,20716.0
2024-03-01 09:44:00,GENE,2.240000009536743,2.240000009536743,2.25,2.240000009536743,2.25,300.0
2024-03-01 09:44:00,GERN,2.055000066757202,2.055000066757202,2.057499885559082,2.0450000762939453,2.0450000762939453,31083.0
2024-03-01 09:44:00,GH,19.18000030517578,19.18000030517578,19.18000030517578,19.100000381469727,19.100000381469727,410.0
2024-03-01 09:44:00,GILD,72.21600341796875,72.21600341796875,72.2249984741211,72.16000366210938,72.2249984741211,4088.0
2024-03-01 09:44:00,GMAB,28.6299991607666,28.6299991607666,28.639999389648438,28.59000015258789,28.639999389648438,4963.0
2024-03-01 09:44:00,GMDA,0.3725999891757965,0.3725999891757965,0.37310001254081726,0.3725999891757965,0.3725999891757965,2110.0
2024-03-01 09:44:00,GOSS,1.3450000286102295,1.3450000286102295,1.350000023841858,1.3450000286102295,1.350000023841858,7292.0
2024-03-01 09:44:00,GRFS,6.784999847412109,6.784999847412109,6.789999961853027,6.75,6.755000114440918,10074.0
2024-03-01 09:44:00,GRTS,1.9249999523162842,1.9249999523162842,1.9299999475479126,1.9163000583648682,1.9249999523162842,58824.0
2024-03-01 09:44:00,GRTX,0.22699999809265137,0.22699999809265137,0.22939999401569366,0.22699999809265137,0.22939999401569366,8644.0
2024-03-01 09:44:00,HALO,40.790000915527344,40.790000915527344,40.810001373291016,40.7400016784668,40.7400016784668,2403.0
2024-03-01 09:44:00,HARP,22.940000534057617,22.940000534057617,22.940000534057617,22.940000534057617,22.940000534057617,3776.0
2024-03-01 09:44:00,HCSG,12.600000381469727,12.600000381469727,12.600000381469727,12.600000381469727,12.600000381469727,497.0
2024-03-01 09:44:00,HCTI,2.4800000190734863,2.4800000190734863,2.549999952316284,2.430000066757202,2.490499973297119,10607.0
2024-03-01 09:44:00,HEPA,3.180000066757202,3.180000066757202,3.2100000381469727,3.180000066757202,3.180000066757202,1300.0
2024-03-01 09:44:00,HLVX,18.360000610351562,18.360000610351562,18.360000610351562,18.354999542236328,18.354999542236328,25382.0
2024-03-01 09:44:00,HOLX,73.38999938964844,73.38999938964844,73.38999938964844,73.31999969482422,73.31999969482422,984.0
2024-03-01 09:44:00,HOOK,0.7601000070571899,0.7601000070571899,0.7699999809265137,0.7601000070571899,0.7699999809265137,3976.0
2024-03-01 09:44:00,HQY,82.54499816894531,82.54499816894531,82.58000183105469,82.47000122070312,82.58000183105469,1467.0
2024-03-01 09:44:00,HRMY,30.81999969482422,30.81999969482422,30.93199920654297,30.799999237060547,30.799999237060547,2692.0
2024-03-01 09:44:00,HRTX,2.619999885559082,2.619999885559082,2.630000114440918,2.619999885559082,2.625,2476.0
2024-03-01 09:44:00,HSIC,76.29000091552734,76.29000091552734,76.45500183105469,76.29000091552734,76.45500183105469,368.0
2024-03-01 09:44:00,HUMA,3.065000057220459,3.065000057220459,3.069999933242798,3.059999942779541,3.065000057220459,19138.0
2024-03-01 09:44:00,IART,36.83000183105469,36.83000183105469,36.900001525878906,36.82500076293945,36.82500076293945,1364.0
2024-03-01 09:44:00,IBRX,4.804999828338623,4.804999828338623,4.940000057220459,4.726200103759766,4.726200103759766,28978.0
2024-03-01 09:44:00,ICCM,1.2999999523162842,1.2999999523162842,1.2999999523162842,1.2999999523162842,1.2999999523162842,1777.0
2024-03-01 09:44:00,IDXX,564.239990234375,564.239990234375,565.4149780273438,564.239990234375,565.39501953125,1137.0
2024-03-01 09:44:00,IDYA,45.779998779296875,45.779998779296875,45.779998779296875,45.71500015258789,45.71500015258789,320.0
2024-03-01 09:44:00,ILMN,136.10629272460938,136.10629272460938,136.27999877929688,135.8343048095703,136.19000244140625,6313.0
2024-03-01 09:44:00,IMMX,3.4200000762939453,3.4200000762939453,3.430000066757202,3.4200000762939453,3.430000066757202,1032.0
2024-03-01 09:44:00,IMNN,1.1401000022888184,1.1401000022888184,1.1401000022888184,1.1399999856948853,1.1399999856948853,0.0
2024-03-01 09:44:00,IMTX,12.800000190734863,12.800000190734863,12.805000305175781,12.770000457763672,12.770000457763672,1193.0
2024-03-01 09:44:00,IMVT,36.7599983215332,36.7599983215332,36.779998779296875,36.599998474121094,36.599998474121094,1936.0
2024-03-01 09:44:00,INBX,36.790000915527344,36.790000915527344,36.790000915527344,36.724998474121094,36.724998474121094,738.0
2024-03-01 09:44:00,INCR,1.9700000286102295,1.9700000286102295,1.9700000286102295,1.9700000286102295,1.9700000286102295,307.0
2024-03-01 09:44:00,INCY,58.494998931884766,58.494998931884766,58.494998931884766,58.41999816894531,58.470001220703125,882.0
2024-03-01 09:44:00,INGN,6.659999847412109,6.659999847412109,6.659999847412109,6.659999847412109,6.659999847412109,212.0
2024-03-01 09:44:00,INMD,21.969999313354492,21.969999313354492,21.969999313354492,21.950000762939453,21.950000762939453,674.0
2024-03-01 09:44:00,INSM,27.934999465942383,27.934999465942383,27.934999465942383,27.889999389648438,27.889999389648438,264.0
2024-03-01 09:44:00,INVA,15.720000267028809,15.720000267028809,15.75,15.720000267028809,15.729999542236328,1186.0
2024-03-01 09:44:00,INZY,6.482999801635742,6.482999801635742,6.482999801635742,6.445000171661377,6.445000171661377,588.0
2024-03-01 09:44:00,IOVA,16.545000076293945,16.545000076293945,16.545000076293945,16.440000534057617,16.469999313354492,22165.0
2024-03-01 09:44:00,IPSC,3.5977001190185547,3.5977001190185547,3.5977001190185547,3.5977001190185547,3.5977001190185547,230.0
2024-03-01 09:44:00,IRIX,2.6689999103546143,2.6689999103546143,2.6689999103546143,2.640000104904175,2.6689999103546143,860.0
2024-03-01 09:44:00,IRWD,8.888999938964844,8.888999938964844,8.888999938964844,8.829999923706055,8.849499702453613,40818.0
2024-03-01 09:44:00,ISRG,385.010986328125,385.010986328125,385.010986328125,384.56500244140625,384.6700134277344,6274.0
2024-03-01 09:44:00,ITCI,70.8499984741211,70.8499984741211,70.87999725341797,70.6500015258789,70.6500015258789,733.0
2024-03-01 09:44:00,ITOS,10.78499984741211,10.78499984741211,10.78499984741211,10.78499984741211,10.78499984741211,143.0
2024-03-01 09:44:00,IVVD,3.940000057220459,3.940000057220459,3.940000057220459,3.940000057220459,3.940000057220459,303.0
2024-03-01 09:44:00,IXHL,5.019899845123291,5.019899845123291,5.019899845123291,5.019899845123291,5.019899845123291,163.0
2024-03-01 09:44:00,JAGX,0.06199999898672104,0.06199999898672104,0.06210000067949295,0.06199999898672104,0.06210000067949295,3764.0
2024-03-01 09:44:00,JANX,47.0099983215332,47.0099983215332,47.22999954223633,47.0099983215332,47.22999954223633,467.0
2024-03-01 09:44:00,JAZZ,121.62940216064453,121.62940216064453,121.62940216064453,121.52999877929688,121.52999877929688,574.0
2024-03-01 09:44:00,KIDS,26.68000030517578,26.68000030517578,26.68000030517578,26.665000915527344,26.665000915527344,479.0
2024-03-01 09:44:00,KNSA,21.395000457763672,21.395000457763672,21.395000457763672,21.395000457763672,21.395000457763672,200.0
2024-03-01 09:44:00,KNTE,2.5975000858306885,2.5975000858306885,2.5975000858306885,2.5975000858306885,2.5975000858306885,0.0
2024-03-01 09:44:00,KPRX,0.6650000214576721,0.6650000214576721,0.6650000214576721,0.6650000214576721,0.6650000214576721,4995.0
2024-03-01 09:44:00,KPTI,1.1449999809265137,1.1449999809265137,1.1449999809265137,1.1449999809265137,1.1449999809265137,720.0
2024-03-01 09:44:00,KRYS,162.0,162.0,162.0,162.0,162.0,130.0
2024-03-01 09:44:00,KTRA,0.1039000004529953,0.1039000004529953,0.1039000004529953,0.10109999775886536,0.1039000004529953,13400.0
2024-03-01 09:44:00,KURA,21.40999984741211,21.40999984741211,21.40999984741211,21.40999984741211,21.40999984741211,217.0
2024-03-01 09:44:00,KZR,1.0549999475479126,1.0549999475479126,1.0549999475479126,1.0549999475479126,1.0549999475479126,447.0
2024-03-01 09:44:00,LAB,2.3118999004364014,2.3118999004364014,2.319999933242798,2.3118999004364014,2.319999933242798,2105.0
2024-03-01 09:44:00,LBPH,22.780000686645508,22.780000686645508,22.799999237060547,22.6200008392334,22.709999084472656,3659.0
2024-03-01 09:44:00,LEGN,65.33999633789062,65.33999633789062,65.33999633789062,65.25450134277344,65.25450134277344,1921.0
2024-03-01 09:44:00,LEXX,2.630000114440918,2.630000114440918,2.6500000953674316,2.609999895095825,2.609999895095825,4141.0
2024-03-01 09:44:00,LFMD,7.915800094604492,7.915800094604492,7.915800094604492,7.915800094604492,7.915800094604492,219.0
2024-03-01 09:44:00,LFST,8.0600004196167,8.0600004196167,8.0600004196167,8.039999961853027,8.039999961853027,846.0
2024-03-01 09:44:00,LPTX,2.8338000774383545,2.8338000774383545,2.8338000774383545,2.8338000774383545,2.8338000774383545,372.0
2024-03-01 09:44:00,LQDA,14.229999542236328,14.229999542236328,14.229999542236328,14.229999542236328,14.229999542236328,200.0
2024-03-01 09:44:00,LRMR,11.598299980163574,11.598299980163574,11.659700393676758,11.598299980163574,11.600000381469727,5117.0
2024-03-01 09:44:00,LTRN,4.894999980926514,4.894999980926514,4.894999980926514,4.894999980926514,4.894999980926514,712.0
2024-03-01 09:44:00,LUNG,9.119999885559082,9.119999885559082,9.130000114440918,9.119999885559082,9.119999885559082,1632.0
2024-03-01 09:44:00,LVTX,2.7699999809265137,2.7699999809265137,2.8399999141693115,2.7699999809265137,2.799999952316284,7408.0
2024-03-01 09:44:00,LXRX,2.382499933242798,2.382499933242798,2.382499933242798,2.3499999046325684,2.359999895095825,26052.0
2024-03-01 09:44:00,LYEL,2.9700000286102295,2.9700000286102295,2.9800000190734863,2.9700000286102295,2.9800000190734863,601.0
2024-03-01 09:44:00,LYRA,5.480000019073486,5.480000019073486,5.519999980926514,5.440000057220459,5.46560001373291,1520.0
2024-03-01 09:44:00,MACK,14.699999809265137,14.699999809265137,14.710000038146973,14.699999809265137,14.710000038146973,1070.0
2024-03-01 09:44:00,MBRX,0.6200000047683716,0.6200000047683716,0.6299999952316284,0.6200000047683716,0.6298999786376953,1574.0
2024-03-01 09:44:00,MCRB,1.139799952507019,1.139799952507019,1.1399999856948853,1.139799952507019,1.1399999856948853,1755.0
2024-03-01 09:44:00,MDRX,5.550000190734863,5.550000190734863,5.550000190734863,5.5,5.550000190734863,7454.0
2024-03-01 09:44:00,ME,0.5453000068664551,0.5453000068664551,0.5479999780654907,0.5430999994277954,0.5475999712944031,19330.0
2024-03-01 09:44:00,MEDP,399.1000061035156,399.1000061035156,399.1000061035156,399.1000061035156,399.1000061035156,386.0
2024-03-01 09:44:00,MGNX,18.399999618530273,18.399999618530273,18.399999618530273,18.399999618530273,18.399999618530273,231.0
2024-03-01 09:44:00,MIST,1.6950000524520874,1.6950000524520874,1.6950000524520874,1.6950000524520874,1.6950000524520874,200.0
2024-03-01 09:44:00,MLTX,51.935001373291016,51.935001373291016,52.04499816894531,51.935001373291016,52.0,1495.0
2024-03-01 09:44:00,MNKD,4.329500198364258,4.329500198364258,4.329500198364258,4.315000057220459,4.315000057220459,6910.0
2024-03-01 09:44:00,MNMD,5.605000019073486,5.605000019073486,5.605000019073486,5.579999923706055,5.585000038146973,1270.0
2024-03-01 09:44:00,MNPR,0.7627000212669373,0.7627000212669373,0.7651000022888184,0.7615000009536743,0.7651000022888184,1380.0
2024-03-01 09:44:00,MOR,17.56999969482422,17.56999969482422,17.56999969482422,17.56999969482422,17.56999969482422,191.0
2024-03-01 09:44:00,MORF,37.880001068115234,37.880001068115234,37.88999938964844,37.72999954223633,37.834999084472656,1481.0
2024-03-01 09:44:00,MOTS,0.6704000234603882,0.6704000234603882,0.6704000234603882,0.6704000234603882,0.6704000234603882,0.0
2024-03-01 09:44:00,MRAI,1.5540000200271606,1.5540000200271606,1.5540000200271606,1.5299999713897705,1.5299999713897705,205.0
2024-03-01 09:44:00,MREO,3.7997000217437744,3.7997000217437744,3.799999952316284,3.7950000762939453,3.799999952316284,1445.0
2024-03-01 09:44:00,MRNA,92.66000366210938,92.66000366210938,92.7968978881836,92.62999725341797,92.62999725341797,2154.0
2024-03-01 09:44:00,MRNS,9.770000457763672,9.770000457763672,9.770000457763672,9.734999656677246,9.734999656677246,684.0
2024-03-01 09:44:00,MRSN,5.65500020980835,5.65500020980835,5.675000190734863,5.650000095367432,5.675000190734863,1174.0
2024-03-01 09:44:00,MRUS,48.775001525878906,48.775001525878906,48.810001373291016,48.727500915527344,48.810001373291016,928.0
2024-03-01 09:44:00,MRVI,7.65500020980835,7.65500020980835,7.659999847412109,7.625,7.625,4610.0
2024-03-01 09:44:00,MXCT,4.59499979019165,4.59499979019165,4.59499979019165,4.59499979019165,4.59499979019165,317.0
2024-03-01 09:44:00,MYGN,20.75,20.75,20.850000381469727,20.700000762939453,20.700000762939453,1932.0
2024-03-01 09:44:00,MYNZ,0.8805000185966492,0.8805000185966492,0.882099986076355,0.8805000185966492,0.882099986076355,2700.0
2024-03-01 09:44:00,NARI,44.9900016784668,44.9900016784668,45.0099983215332,44.61000061035156,44.720001220703125,4906.0
2024-03-01 09:44:00,NBIX,130.98500061035156,130.98500061035156,131.11000061035156,130.61000061035156,130.75,2592.0
2024-03-01 09:44:00,NEOG,16.969999313354492,16.969999313354492,16.969999313354492,16.924999237060547,16.924999237060547,321.0
2024-03-01 09:44:00,NEPT,0.4278999865055084,0.4278999865055084,0.4278999865055084,0.4278999865055084,0.4278999865055084,300.0
2024-03-01 09:44:00,NGM,1.524999976158142,1.524999976158142,1.524999976158142,1.524999976158142,1.524999976158142,780.0
2024-03-01 09:44:00,NKTR,0.7250999808311462,0.7250999808311462,0.7289999723434448,0.7200000286102295,0.7200000286102295,1292.0
2024-03-01 09:44:00,NKTX,12.484999656677246,12.484999656677246,12.484999656677246,12.484999656677246,12.484999656677246,180.0
2024-03-01 09:44:00,NNOX,10.859999656677246,10.859999656677246,10.880000114440918,10.82699966430664,10.85569953918457,20663.0
2024-03-01 09:44:00,NOTV,7.360000133514404,7.360000133514404,7.360000133514404,7.360000133514404,7.360000133514404,200.0
2024-03-01 09:44:00,NRBO,5.670100212097168,5.670100212097168,5.670100212097168,5.670100212097168,5.670100212097168,335.0
2024-03-01 09:44:00,NRSN,1.809999942779541,1.809999942779541,1.809999942779541,1.809999942779541,1.809999942779541,130.0
2024-03-01 09:44:00,NRXP,0.4000000059604645,0.4000000059604645,0.40790000557899475,0.4000000059604645,0.40400001406669617,6288.0
2024-03-01 09:44:00,NTLA,32.67499923706055,32.67499923706055,32.739898681640625,32.44219970703125,32.505001068115234,4095.0
2024-03-01 09:44:00,NTRA,88.81999969482422,88.81999969482422,88.84410095214844,88.38189697265625,88.7699966430664,5464.0
2024-03-01 09:44:00,NUWE,0.5830000042915344,0.5830000042915344,0.5830000042915344,0.5830000042915344,0.5830000042915344,176.0
2024-03-01 09:44:00,NVAX,4.860000133514404,4.860000133514404,4.889999866485596,4.849999904632568,4.889999866485596,64670.0
2024-03-01 09:44:00,NVCR,15.260000228881836,15.260000228881836,15.260000228881836,15.260000228881836,15.260000228881836,200.0
2024-03-01 09:44:00,NVOS,0.6198999881744385,0.6198999881744385,0.6198999881744385,0.6198999881744385,0.6198999881744385,292.0
2024-03-01 09:44:00,OCGN,0.910099983215332,0.910099983215332,0.9203000068664551,0.9100000262260437,0.9203000068664551,28476.0
2024-03-01 09:44:00,OCUL,10.295900344848633,10.295900344848633,10.345000267028809,10.29010009765625,10.335000038146973,6643.0
2024-03-01 09:44:00,OFIX,12.95009994506836,12.95009994506836,13.0,12.95009994506836,13.0,1506.0
2024-03-01 09:44:00,OGI,2.050100088119507,2.050100088119507,2.050100088119507,2.050100088119507,2.050100088119507,326.0
2024-03-01 09:44:00,OLMA,12.859999656677246,12.859999656677246,12.859999656677246,12.859999656677246,12.859999656677246,354.0
2024-03-01 09:44:00,OM,3.0450000762939453,3.0450000762939453,3.049999952316284,3.0399999618530273,3.049999952316284,3196.0
2024-03-01 09:44:00,ONCY,1.083400011062622,1.083400011062622,1.083400011062622,1.083400011062622,1.083400011062622,7000.0
2024-03-01 09:45:00,AADI,1.9600000381469727,1.9600000381469727,1.9800000190734863,1.9600000381469727,1.9800000190734863,993.0
2024-03-01 09:45:00,ABCL,5.074999809265137,5.074999809265137,5.074999809265137,5.074999809265137,5.074999809265137,300.0
2024-03-01 09:45:00,ABEO,7.119999885559082,7.119999885559082,7.139999866485596,7.110000133514404,7.110000133514404,822.0
2024-03-01 09:45:00,ABSI,5.139999866485596,5.139999866485596,5.139999866485596,5.139999866485596,5.139999866485596,3670.0
2024-03-01 09:45:00,ABVC,1.1699999570846558,1.1699999570846558,1.1699999570846558,1.1699999570846558,1.1699999570846558,5009.0
2024-03-01 09:45:00,ACAD,23.489999771118164,23.489999771118164,23.489999771118164,23.459999084472656,23.487499237060547,4392.0
2024-03-01 09:45:00,ACB,3.0,3.0,3.015000104904175,3.0,3.009999990463257,9716.0
2024-03-01 09:45:00,ACET,2.3424999713897705,2.3424999713897705,2.3424999713897705,2.3424999713897705,2.3424999713897705,80.0
2024-03-01 09:45:00,ACHC,83.38999938964844,83.38999938964844,83.44000244140625,83.36000061035156,83.36000061035156,449.0
2024-03-01 09:45:00,ACHL,1.3680000305175781,1.3680000305175781,1.3680000305175781,1.3450000286102295,1.3450000286102295,15374.0
2024-03-01 09:45:00,ACHV,4.019999980926514,4.019999980926514,4.03000020980835,4.019999980926514,4.03000020980835,262.0
2024-03-01 09:45:00,ACLX,68.0,68.0,68.12000274658203,68.0,68.04000091552734,1411.0
2024-03-01 09:45:00,ACONW,0.05000000074505806,0.05000000074505806,0.05000000074505806,0.05000000074505806,0.05000000074505806,884.0
2024-03-01 09:45:00,ACRS,1.2400000095367432,1.2400000095367432,1.2400000095367432,1.2301000356674194,1.2400000095367432,1127.0
2024-03-01 09:45:00,ADAP,1.5755000114440918,1.5755000114440918,1.5755000114440918,1.5755000114440918,1.5755000114440918,344.0
2024-03-01 09:45:00,ADIL,3.719899892807007,3.719899892807007,3.9200000762939453,3.700000047683716,3.9100000858306885,1102428.0
2024-03-01 09:45:00,ADMA,5.375,5.375,5.375,5.364999771118164,5.375,4784.0
2024-03-01 09:45:00,ADPT,4.005000114440918,4.005000114440918,4.005000114440918,4.005000114440918,4.005000114440918,200.0
2024-03-01 09:45:00,ADVM,1.9900000095367432,1.9900000095367432,2.0,1.9900000095367432,2.0,1091.0
2024-03-01 09:45:00,AFMD,0.6150000095367432,0.6150000095367432,0.6150000095367432,0.6150000095367432,0.6150000095367432,600.0
2024-03-01 09:45:00,AGEN,0.6771000027656555,0.6771000027656555,0.6779999732971191,0.6771000027656555,0.6779999732971191,6463.0
2024-03-01 09:45:00,AGIO,32.34000015258789,32.34000015258789,32.34000015258789,32.29999923706055,32.29999923706055,476.0
2024-03-01 09:45:00,AGRX,0.822700023651123,0.822700023651123,0.82669997215271,0.822700023651123,0.82669997215271,5904.0
2024-03-01 09:45:00,AHCO,10.579999923706055,10.579999923706055,10.59000015258789,10.579999923706055,10.59000015258789,1411.0
2024-03-01 09:45:00,AIMD,0.9800000190734863,0.9800000190734863,0.9800000190734863,0.9800000190734863,0.9800000190734863,901.0
2024-03-01 09:45:00,AIRS,6.510000228881836,6.510000228881836,6.510000228881836,6.510000228881836,6.510000228881836,200.0
2024-03-01 09:45:00,AKAN,0.2736000120639801,0.2736000120639801,0.2736999988555908,0.2736000120639801,0.2736999988555908,7211.0
2024-03-01 09:45:00,AKBA,1.6100000143051147,1.6100000143051147,1.6150000095367432,1.6100000143051147,1.6150000095367432,881.0
2024-03-01 09:45:00,AKRO,28.309999465942383,28.309999465942383,28.31999969482422,28.309999465942383,28.31999969482422,434.0
2024-03-01 09:45:00,ALDX,3.8399999141693115,3.8399999141693115,3.8399999141693115,3.8399999141693115,3.8399999141693115,104.0
2024-03-01 09:45:00,ALEC,7.230000019073486,7.230000019073486,7.230000019073486,7.230000019073486,7.230000019073486,202.0
2024-03-01 09:45:00,ALGN,299.3999938964844,299.3999938964844,300.1925048828125,299.3999938964844,300.1925048828125,1169.0
2024-03-01 09:45:00,ALGS,0.9800000190734863,0.9800000190734863,0.9800000190734863,0.9800000190734863,0.9800000190734863,200.0
2024-03-01 09:45:00,ALKS,29.989999771118164,29.989999771118164,30.01799964904785,29.979999542236328,30.0,4529.0
2024-03-01 09:45:00,ALLK,1.5399999618530273,1.5399999618530273,1.5399999618530273,1.5399999618530273,1.5399999618530273,600.0
2024-03-01 09:45:00,ALLO,4.929999828338623,4.929999828338623,4.954999923706055,4.929999828338623,4.954999923706055,1284.0
2024-03-01 09:45:00,ALLR,0.41019999980926514,0.41019999980926514,0.41019999980926514,0.41019999980926514,0.41019999980926514,8800.0
2024-03-01 09:45:00,ALNY,150.4989013671875,150.4989013671875,150.63499450683594,150.4989013671875,150.63499450683594,244.0
2024-03-01 09:45:00,ALPN,35.5,35.5,35.5099983215332,35.41999816894531,35.47999954223633,4328.0
2024-03-01 09:45:00,ALT,12.239999771118164,12.239999771118164,12.275899887084961,12.199999809265137,12.199999809265137,9800.0
2024-03-01 09:45:00,ALVO,15.5600004196167,15.5600004196167,15.710000038146973,15.5600004196167,15.649999618530273,5502.0
2024-03-01 09:45:00,AMGN,276.8800048828125,276.8800048828125,277.18499755859375,276.55999755859375,276.7799987792969,13928.0
2024-03-01 09:45:00,AMLX,18.829999923706055,18.829999923706055,18.829999923706055,18.829999923706055,18.829999923706055,184.0
2024-03-01 09:45:00,AMPH,45.85459899902344,45.85459899902344,45.897499084472656,45.85459899902344,45.897499084472656,1289.0
2024-03-01 09:45:00,AMRN,1.0099999904632568,1.0099999904632568,1.0099999904632568,0.9954000115394592,1.0098999738693237,2566.0
2024-03-01 09:45:00,ANGO,5.335000038146973,5.335000038146973,5.335000038146973,5.335000038146973,5.335000038146973,530.0
2024-03-01 09:45:00,ANIP,66.70089721679688,66.70089721679688,67.11499786376953,66.70089721679688,67.01000213623047,1182.0
2024-03-01 09:45:00,ANNX,5.934999942779541,5.934999942779541,5.934999942779541,5.900000095367432,5.900000095367432,634.0
2024-03-01 09:45:00,ANTX,2.990000009536743,2.990000009536743,3.009999990463257,2.9700000286102295,2.990799903869629,15028.0
2024-03-01 09:45:00,APDN,0.5859000086784363,0.5859000086784363,0.5899999737739563,0.5857999920845032,0.5899999737739563,5262.0
2024-03-01 09:45:00,APLS,61.59000015258789,61.59000015258789,61.93000030517578,61.59000015258789,61.66999816894531,4914.0
2024-03-01 09:45:00,APLT,7.550000190734863,7.550000190734863,7.7170000076293945,7.510000228881836,7.534999847412109,57536.0
2024-03-01 09:45:00,AQST,3.9600000381469727,3.9600000381469727,3.9684998989105225,3.950000047683716,3.9674999713897705,6482.0
2024-03-01 09:45:00,ARAY,2.5850000381469727,2.5850000381469727,2.5850000381469727,2.5850000381469727,2.5850000381469727,159.0
2024-03-01 09:45:00,ARCT,39.66999816894531,39.66999816894531,39.66999816894531,39.66999816894531,39.66999816894531,705.0
2024-03-01 09:45:00,ARDX,9.510000228881836,9.510000228881836,9.520000457763672,9.510000228881836,9.510000228881836,1642.0
2024-03-01 09:45:00,ARGX,381.45001220703125,381.45001220703125,381.45001220703125,381.4049987792969,381.4049987792969,371.0
2024-03-01 09:45:00,ARQT,10.479999542236328,10.479999542236328,10.630000114440918,10.479999542236328,10.630000114440918,9277.0
2024-03-01 09:45:00,ARVN,48.55500030517578,48.55500030517578,48.55500030517578,48.55500030517578,48.55500030517578,655.0
2024-03-01 09:45:00,ARWR,33.2400016784668,33.2400016784668,33.459999084472656,33.185001373291016,33.459999084472656,4208.0
2024-03-01 09:45:00,ASLN,0.8759999871253967,0.8759999871253967,0.8759999871253967,0.8600000143051147,0.8600999712944031,1146.0
2024-03-01 09:45:00,ASND,148.0,148.0,148.02000427246094,147.67999267578125,147.67999267578125,5322.0
2024-03-01 09:45:00,ASRT,0.8898000121116638,0.8898000121116638,0.8898000121116638,0.8898000121116638,0.8898000121116638,517.0
2024-03-01 09:45:00,ATEC,13.229999542236328,13.229999542236328,13.255000114440918,13.220000267028809,13.25,3512.0
2024-03-01 09:45:00,ATHA,3.9000000953674316,3.9000000953674316,3.9198999404907227,3.9000000953674316,3.9198999404907227,1168.0
2024-03-01 09:45:00,ATRA,0.7894999980926514,0.7894999980926514,0.7979999780654907,0.7894999980926514,0.7979999780654907,1026.0
2024-03-01 09:45:00,ATXI,0.1526000052690506,0.1526000052690506,0.1526000052690506,0.1526000052690506,0.1526000052690506,141.0
2024-03-01 09:45:00,ATXS,14.300000190734863,14.300000190734863,14.300000190734863,14.300000190734863,14.300000190734863,120.0
2024-03-01 09:45:00,AUGX,4.449999809265137,4.449999809265137,4.449999809265137,4.440000057220459,4.440000057220459,700.0
2024-03-01 09:45:00,AUPH,5.692299842834473,5.692299842834473,5.699999809265137,5.692299842834473,5.699999809265137,3364.0
2024-03-01 09:45:00,AVDL,12.379300117492676,12.379300117492676,12.5600004196167,12.359999656677246,12.520000457763672,12887.0
2024-03-01 09:45:00,AVIR,4.340000152587891,4.340000152587891,4.341599941253662,4.340000152587891,4.341599941253662,1070.0
2024-03-01 09:45:00,AVXL,5.170000076293945,5.170000076293945,5.170100212097168,5.170000076293945,5.170100212097168,657.0
2024-03-01 09:45:00,AXGN,10.399999618530273,10.399999618530273,10.420000076293945,10.319999694824219,10.329999923706055,1981.0
2024-03-01 09:45:00,AXNX,67.29499816894531,67.29499816894531,67.31500244140625,67.2300033569336,67.2300033569336,22035.0
2024-03-01 09:45:00,AXSM,81.93000030517578,81.93000030517578,81.93000030517578,81.93000030517578,81.93000030517578,131.0
2024-03-01 09:45:00,AZN,64.33999633789062,64.33999633789062,64.37000274658203,64.31999969482422,64.37000274658203,5565.0
2024-03-01 09:45:00,AZTA,65.44999694824219,65.44999694824219,65.44999694824219,65.44999694824219,65.44999694824219,202.0
2024-03-01 09:45:00,BBIO,34.79999923706055,34.79999923706055,34.90999984741211,34.755001068115234,34.869998931884766,14291.0
2024-03-01 09:45:00,BBLG,2.5873000621795654,2.5873000621795654,2.5999999046325684,2.4200000762939453,2.559999942779541,15175.0
2024-03-01 09:45:00,BCLI,0.35839998722076416,0.35839998722076416,0.35839998722076416,0.35839998722076416,0.35839998722076416,284.0
2024-03-01 09:45:00,BCRX,5.690000057220459,5.690000057220459,5.710000038146973,5.690000057220459,5.710000038146973,7091.0
2024-03-01 09:45:00,BCTX,3.4200000762939453,3.4200000762939453,3.430000066757202,3.4200000762939453,3.430000066757202,115.0
2024-03-01 09:45:00,BDSX,1.7000000476837158,1.7000000476837158,1.7115000486373901,1.7000000476837158,1.7115000486373901,424.0
2024-03-01 09:45:00,BDTX,5.25600004196167,5.25600004196167,5.259500026702881,5.230000019073486,5.259500026702881,2200.0
2024-03-01 09:45:00,BEAM,39.52000045776367,39.52000045776367,39.689998626708984,39.52000045776367,39.689998626708984,1450.0
2024-03-01 09:45:00,BGNE,162.0399932861328,162.0399932861328,162.13499450683594,161.60130310058594,161.60130310058594,530.0
2024-03-01 09:45:00,BGXX,0.27900001406669617,0.27900001406669617,0.2799000144004822,0.27889999747276306,0.27889999747276306,13172.0
2024-03-01 09:45:00,BIIB,216.6699981689453,216.6699981689453,216.85499572753906,216.6300048828125,216.6300048828125,1749.0
2024-03-01 09:45:00,BIOL,0.1379999965429306,0.1379999965429306,0.1379999965429306,0.1378999948501587,0.1378999948501587,24600.0
2024-03-01 09:45:00,BIOR,1.308899998664856,1.308899998664856,1.308899998664856,1.308899998664856,1.308899998664856,400.0
2024-03-01 09:45:00,BIVI,2.680000066757202,2.680000066757202,2.7300000190734863,2.6438000202178955,2.6614999771118164,199373.0
2024-03-01 09:45:00,BLFS,17.6299991607666,17.6299991607666,17.6299991607666,17.364999771118164,17.364999771118164,2001.0
2024-03-01 09:45:00,BLRX,1.399999976158142,1.399999976158142,1.399999976158142,1.399999976158142,1.399999976158142,630.0
2024-03-01 09:45:00,BLUE,1.465000033378601,1.465000033378601,1.4700000286102295,1.4600000381469727,1.468400001525879,10383.0
2024-03-01 09:45:00,BMEA,17.5,17.5,17.5,17.459999084472656,17.459999084472656,1299.0
2024-03-01 09:45:00,BMRN,86.13999938964844,86.13999938964844,86.19000244140625,86.13999938964844,86.19000244140625,2652.0
2024-03-01 09:45:00,BNGO,1.23989999294281,1.23989999294281,1.23989999294281,1.23989999294281,1.23989999294281,101.0
2024-03-01 09:45:00,BNTX,89.76000213623047,89.76000213623047,89.97000122070312,89.75,89.97000122070312,1843.0
2024-03-01 09:45:00,BRKR,86.20999908447266,86.20999908447266,86.30999755859375,86.20999908447266,86.30999755859375,627.0
2024-03-01 09:45:00,BTCY,0.9217000007629395,0.9217000007629395,0.9217000007629395,0.9217000007629395,0.9217000007629395,5900.0
2024-03-01 09:45:00,BTMD,6.205399990081787,6.205399990081787,6.205399990081787,6.205399990081787,6.205399990081787,479.0
2024-03-01 09:45:00,BTTX,0.1606999933719635,0.1606999933719635,0.1606999933719635,0.1599999964237213,0.1599999964237213,0.0
2024-03-01 09:45:00,BVS,4.619999885559082,4.619999885559082,4.619999885559082,4.619999885559082,4.619999885559082,108.0
2024-03-01 09:45:00,CABA,23.809999465942383,23.809999465942383,23.920000076293945,23.809999465942383,23.920000076293945,927.0
2024-03-01 09:45:00,CARA,0.859499990940094,0.859499990940094,0.859499990940094,0.859499990940094,0.859499990940094,1000.0
2024-03-01 09:45:00,CBAY,32.19499969482422,32.19499969482422,32.20500183105469,32.189998626708984,32.20500183105469,14016.0
2024-03-01 09:45:00,CCCC,11.0,11.0,11.0,10.960000038146973,10.960000038146973,632.0
2024-03-01 09:45:00,CDMO,7.800000190734863,7.800000190734863,7.800000190734863,7.769999980926514,7.769999980926514,355.0
2024-03-01 09:45:00,CDNA,11.050000190734863,11.050000190734863,11.050000190734863,11.015000343322754,11.020000457763672,1839.0
2024-03-01 09:45:00,CDXS,4.432000160217285,4.432000160217285,4.460299968719482,4.431000232696533,4.460299968719482,1164.0
2024-03-01 09:45:00,CELC,15.765000343322754,15.765000343322754,15.84000015258789,15.765000343322754,15.84000015258789,562.0
2024-03-01 09:45:00,CERE,41.099998474121094,41.099998474121094,41.10499954223633,41.099998474121094,41.10499954223633,1502.0
2024-03-01 09:45:00,CERS,2.1600000858306885,2.1600000858306885,2.1600000858306885,2.1600000858306885,2.1600000858306885,600.0
2024-03-01 09:45:00,CERT,16.959999084472656,16.959999084472656,16.969999313354492,16.799999237060547,16.857900619506836,3997.0
2024-03-01 09:45:00,CGC,3.2149999141693115,3.2149999141693115,3.2260000705718994,3.20989990234375,3.2200000286102295,3333.0
2024-03-01 09:45:00,CGEM,18.860000610351562,18.860000610351562,18.860000610351562,18.719999313354492,18.809999465942383,755.0
2024-03-01 09:45:00,CHRS,2.2839999198913574,2.2839999198913574,2.2839999198913574,2.2839999198913574,2.2839999198913574,1116.0
2024-03-01 09:45:00,CING,1.3300000429153442,1.3300000429153442,1.3300000429153442,1.3300000429153442,1.3300000429153442,1134.0
2024-03-01 09:45:00,CJJD,3.1012001037597656,3.1012001037597656,3.149899959564209,3.1012001037597656,3.149899959564209,844.0
2024-03-01 09:45:00,CKPT,2.140000104904175,2.140000104904175,2.140000104904175,2.137700080871582,2.140000104904175,801.0
2024-03-01 09:45:00,CLDX,50.91999816894531,50.91999816894531,51.16999816894531,50.91999816894531,50.9900016784668,5663.0
2024-03-01 09:45:00,CLNN,0.38999998569488525,0.38999998569488525,0.38999998569488525,0.38999998569488525,0.38999998569488525,200.0
2024-03-01 09:45:00,CLOV,0.8555999994277954,0.8555999994277954,0.8557000160217285,0.8550000190734863,0.8557000160217285,8914.0
2024-03-01 09:45:00,CLRB,3.930000066757202,3.930000066757202,3.930000066757202,3.930000066757202,3.930000066757202,0.0
2024-03-01 09:45:00,CMPS,10.619999885559082,10.619999885559082,10.630000114440918,10.619999885559082,10.630000114440918,385.0
2024-03-01 09:45:00,CMPX,1.7799999713897705,1.7799999713897705,1.7799999713897705,1.7799999713897705,1.7799999713897705,100.0
2024-03-01 09:45:00,CMRX,1.1150000095367432,1.1150000095367432,1.1150000095367432,1.1103999614715576,1.1103999614715576,4895.0
2024-03-01 09:45:00,CNTA,10.399999618530273,10.399999618530273,10.404999732971191,10.399999618530273,10.404999732971191,385.0
2024-03-01 09:45:00,CODX,1.1500999927520752,1.1500999927520752,1.1500999927520752,1.1500999927520752,1.1500999927520752,359.0
2024-03-01 09:45:00,COGT,7.119999885559082,7.119999885559082,7.150000095367432,7.119999885559082,7.150000095367432,873.0
2024-03-01 09:45:00,COLL,37.09000015258789,37.09000015258789,37.09000015258789,37.09000015258789,37.09000015258789,329.0
2024-03-01 09:45:00,CORT,23.31999969482422,23.31999969482422,23.354999542236328,23.290000915527344,23.329999923706055,2557.0
2024-03-01 09:45:00,COSM,0.7524999976158142,0.7524999976158142,0.7524999976158142,0.7524999976158142,0.7524999976158142,1370.0
2024-03-01 09:45:00,CPRX,16.700000762939453,16.700000762939453,16.774999618530273,16.68000030517578,16.770000457763672,3698.0
2024-03-01 09:45:00,CRBP,31.700000762939453,31.700000762939453,32.369998931884766,31.649999618530273,32.25,3369.0
2024-03-01 09:45:00,CRBU,8.045000076293945,8.045000076293945,8.074999809265137,8.045000076293945,8.069999694824219,5388.0
2024-03-01 09:45:00,CRDF,2.3598999977111816,2.3598999977111816,2.359999895095825,2.2699999809265137,2.2699999809265137,175489.0
2024-03-01 09:45:00,CRNX,44.15999984741211,44.15999984741211,44.2400016784668,44.0,44.0,2834.0
2024-03-01 09:45:00,CRON,2.0404999256134033,2.0404999256134033,2.0404999256134033,2.0404999256134033,2.0404999256134033,504.0
2024-03-01 09:45:00,CRSP,83.73139953613281,83.73139953613281,83.8499984741211,83.69999694824219,83.75,1803.0
2024-03-01 09:45:00,CSTL,19.510000228881836,19.510000228881836,19.540000915527344,19.510000228881836,19.540000915527344,522.0
2024-03-01 09:45:00,CTKB,7.764999866485596,7.764999866485596,7.764999866485596,7.755000114440918,7.755000114440918,540.0
2024-03-01 09:45:00,CTXR,0.7806000113487244,0.7806000113487244,0.7806000113487244,0.7806000113487244,0.7806000113487244,556.0
2024-03-01 09:45:00,CUTR,2.194999933242798,2.194999933242798,2.200000047683716,2.1898999214172363,2.1898999214172363,6800.0
2024-03-01 09:45:00,CVAC,3.4100000858306885,3.4100000858306885,3.4100000858306885,3.4049999713897705,3.4049999713897705,5791.0
2024-03-01 09:45:00,CYTK,74.20999908447266,74.20999908447266,74.78990173339844,74.20999908447266,74.44999694824219,7993.0
2024-03-01 09:45:00,DARE,0.574400007724762,0.574400007724762,0.5751000046730042,0.574400007724762,0.5751000046730042,0.0
2024-03-01 09:45:00,DAWN,17.0,17.0,17.1200008392334,16.979999542236328,17.084999084472656,4770.0
2024-03-01 09:45:00,DCGO,4.079999923706055,4.079999923706055,4.079999923706055,4.070000171661377,4.070000171661377,580.0
2024-03-01 09:45:00,DCPH,16.940000534057617,16.940000534057617,16.940000534057617,16.940000534057617,16.940000534057617,224.0
2024-03-01 09:45:00,DCTH,4.170000076293945,4.170000076293945,4.170000076293945,4.150000095367432,4.150000095367432,1454.0
2024-03-01 09:45:00,DERM,3.930000066757202,3.930000066757202,3.930000066757202,3.9000000953674316,3.9200000762939453,638.0
2024-03-01 09:45:00,DH,9.130000114440918,9.130000114440918,9.130000114440918,9.130000114440918,9.130000114440918,200.0
2024-03-01 09:45:00,DMTK,0.9200000166893005,0.9200000166893005,0.9298999905586243,0.8999999761581421,0.8999999761581421,12045.0
2024-03-01 09:45:00,DNLI,20.625,20.625,20.709999084472656,20.625,20.684999465942383,1577.0
2024-03-01 09:45:00,DRIO,2.049999952316284,2.049999952316284,2.049999952316284,2.049999952316284,2.049999952316284,0.0
2024-03-01 09:45:00,DTIL,12.930000305175781,12.930000305175781,12.979999542236328,12.890000343322754,12.890000343322754,13234.0
2024-03-01 09:45:00,DVAX,12.744999885559082,12.744999885559082,12.744999885559082,12.739999771118164,12.739999771118164,1746.0
2024-03-01 09:45:00,DXCM,115.88999938964844,115.88999938964844,116.0,115.38500213623047,115.43000030517578,25505.0
2024-03-01 09:45:00,DYN,28.264999389648438,28.264999389648438,28.280000686645508,28.0,28.190000534057617,22911.0
2024-03-01 09:45:00,EDIT,10.170000076293945,10.170000076293945,10.1899995803833,10.15999984741211,10.180000305175781,2123.0
2024-03-01 09:45:00,EFTR,14.350000381469727,14.350000381469727,14.350000381469727,14.350000381469727,14.350000381469727,1000.0
2024-03-01 09:45:00,EKSO,1.9967999458312988,1.9967999458312988,1.9967999458312988,1.9967999458312988,1.9967999458312988,206.0
2024-03-01 09:45:00,ELEV,4.71999979019165,4.71999979019165,4.746699810028076,4.699999809265137,4.699999809265137,3610.0
2024-03-01 09:45:00,ENSG,124.33999633789062,124.33999633789062,124.33999633789062,124.33999633789062,124.33999633789062,203.0
2024-03-01 09:45:00,ENTA,14.1899995803833,14.1899995803833,14.1899995803833,14.1899995803833,14.1899995803833,111.0
2024-03-01 09:45:00,ENVB,1.690000057220459,1.690000057220459,1.7799999713897705,1.6699999570846558,1.7699999809265137,162380.0
2024-03-01 09:45:00,EOLS,14.984999656677246,14.984999656677246,14.994999885559082,14.975000381469727,14.975000381469727,41756.0
2024-03-01 09:45:00,ESPR,2.484999895095825,2.484999895095825,2.484999895095825,2.484999895095825,2.484999895095825,1710.0
2024-03-01 09:45:00,ESTA,45.584999084472656,45.584999084472656,45.584999084472656,45.584999084472656,45.584999084472656,246.0
2024-03-01 09:45:00,ETNB,12.319999694824219,12.319999694824219,12.359999656677246,12.295000076293945,12.359999656677246,1923.0
2024-03-01 09:45:00,EVO,7.349999904632568,7.349999904632568,7.349999904632568,7.349999904632568,7.349999904632568,100.0
2024-03-01 09:45:00,EXAS,57.869998931884766,57.869998931884766,57.939998626708984,57.849998474121094,57.86000061035156,4252.0
2024-03-01 09:45:00,EXEL,22.389999389648438,22.389999389648438,22.40999984741211,22.344999313354492,22.350000381469727,9538.0
2024-03-01 09:45:00,EYPT,27.84000015258789,27.84000015258789,27.84000015258789,27.84000015258789,27.84000015258789,400.0
2024-03-01 09:45:00,FATE,7.465000152587891,7.465000152587891,7.465000152587891,7.449999809265137,7.449999809265137,777.0
2024-03-01 09:45:00,FDMT,28.360000610351562,28.360000610351562,28.360000610351562,28.360000610351562,28.360000610351562,200.0
2024-03-01 09:45:00,FGEN,1.7000000476837158,1.7000000476837158,1.7000000476837158,1.690000057220459,1.6950000524520874,5950.0
2024-03-01 09:45:00,FLGC,1.1799999475479126,1.1799999475479126,1.1799999475479126,1.1799999475479126,1.1799999475479126,525.0
2024-03-01 09:45:00,FLGT,22.59000015258789,22.59000015258789,22.68000030517578,22.59000015258789,22.665000915527344,6378.0
2024-03-01 09:45:00,FOLD,13.279999732971191,13.279999732971191,13.300000190734863,13.270000457763672,13.270000457763672,3575.0
2024-03-01 09:45:00,FUSN,12.145000457763672,12.145000457763672,12.145000457763672,12.145000457763672,12.145000457763672,1282.0
2024-03-01 09:45:00,GANX,4.519999980926514,4.519999980926514,4.519999980926514,4.519999980926514,4.519999980926514,0.0
2024-03-01 09:45:00,GDRX,8.279999732971191,8.279999732971191,8.279999732971191,8.149999618530273,8.170000076293945,33497.0
2024-03-01 09:45:00,GENE,2.2200000286102295,2.2200000286102295,2.2200000286102295,2.2200000286102295,2.2200000286102295,105.0
2024-03-01 09:45:00,GERN,2.059999942779541,2.059999942779541,2.059999942779541,2.055000066757202,2.059999942779541,1201.0
2024-03-01 09:45:00,GH,19.15999984741211,19.15999984741211,19.200000762939453,19.142499923706055,19.200000762939453,572.0
2024-03-01 09:45:00,GILD,72.20500183105469,72.20500183105469,72.2300033569336,72.16000366210938,72.22000122070312,8818.0
2024-03-01 09:45:00,GLUE,6.260200023651123,6.260200023651123,6.260200023651123,6.260200023651123,6.260200023651123,109.0
2024-03-01 09:45:00,GMAB,28.610000610351562,28.610000610351562,28.639999389648438,28.604999542236328,28.639999389648438,4720.0
2024-03-01 09:45:00,GMDA,0.37209999561309814,0.37209999561309814,0.3725999891757965,0.37209999561309814,0.3725999891757965,1830.0
2024-03-01 09:45:00,GOSS,1.309999942779541,1.309999942779541,1.340000033378601,1.309999942779541,1.340000033378601,14415.0
2024-03-01 09:45:00,GRFS,6.815000057220459,6.815000057220459,6.840000152587891,6.764999866485596,6.784999847412109,17464.0
2024-03-01 09:45:00,GRTS,1.9249999523162842,1.9249999523162842,1.9399000406265259,1.9199999570846558,1.9299999475479126,24567.0
2024-03-01 09:45:00,GRTX,0.22699999809265137,0.22699999809265137,0.22699999809265137,0.22699999809265137,0.22699999809265137,20606.0
2024-03-01 09:45:00,GTHX,3.319999933242798,3.319999933242798,3.319999933242798,3.319999933242798,3.319999933242798,298.0
2024-03-01 09:45:00,HALO,40.755001068115234,40.755001068115234,40.755001068115234,40.755001068115234,40.755001068115234,415.0
2024-03-01 09:45:00,HARP,22.950000762939453,22.950000762939453,22.950000762939453,22.940000534057617,22.940000534057617,677.0
2024-03-01 09:45:00,HCAT,8.1850004196167,8.1850004196167,8.1850004196167,8.1850004196167,8.1850004196167,132.0
2024-03-01 09:45:00,HCSG,12.600000381469727,12.600000381469727,12.600000381469727,12.600000381469727,12.600000381469727,77.0
2024-03-01 09:45:00,HCTI,2.4732000827789307,2.4732000827789307,2.5078001022338867,2.4514999389648438,2.5078001022338867,3007.0
2024-03-01 09:45:00,HLVX,18.43000030517578,18.43000030517578,18.43000030517578,18.43000030517578,18.43000030517578,0.0
2024-03-01 09:45:00,HOLX,73.36000061035156,73.36000061035156,73.48999786376953,73.36000061035156,73.40499877929688,705.0
2024-03-01 09:45:00,HOOK,0.7699999809265137,0.7699999809265137,0.7699999809265137,0.7696999907493591,0.7699000239372253,5557.0
2024-03-01 09:45:00,HRMY,30.9950008392334,30.9950008392334,31.0,30.81999969482422,30.829999923706055,3108.0
2024-03-01 09:45:00,HRTX,2.6050000190734863,2.6050000190734863,2.615000009536743,2.6050000190734863,2.615000009536743,480.0
2024-03-01 09:45:00,HSCS,0.11710000038146973,0.11710000038146973,0.1185000017285347,0.11699999868869781,0.1185000017285347,26726.0
2024-03-01 09:45:00,HSIC,76.47000122070312,76.47000122070312,76.47000122070312,76.45500183105469,76.45500183105469,280.0
2024-03-01 09:45:00,HUMA,3.0601000785827637,3.0601000785827637,3.069999933242798,3.059999942779541,3.059999942779541,13836.0
2024-03-01 09:45:00,IART,36.97999954223633,36.97999954223633,36.97999954223633,36.935001373291016,36.935001373291016,1122.0
2024-03-01 09:45:00,IBRX,4.809999942779541,4.809999942779541,4.809999942779541,4.78000020980835,4.78000020980835,1655.0
2024-03-01 09:45:00,ICAD,1.7599999904632568,1.7599999904632568,1.7599999904632568,1.7599999904632568,1.7599999904632568,106.0
2024-03-01 09:45:00,IDXX,563.0,563.0,566.0,563.0,566.0,2786.0
2024-03-01 09:45:00,IGMS,12.930000305175781,12.930000305175781,12.930000305175781,12.930000305175781,12.930000305175781,298.0
2024-03-01 09:45:00,IINN,1.660099983215332,1.660099983215332,1.660099983215332,1.660099983215332,1.660099983215332,189.0
2024-03-01 09:45:00,IKT,2.218100070953369,2.218100070953369,2.218100070953369,2.218100070953369,2.218100070953369,1882.0
2024-03-01 09:45:00,ILMN,135.47000122070312,135.47000122070312,136.1199951171875,135.47000122070312,135.9499969482422,9015.0
2024-03-01 09:45:00,IMAB,1.840000033378601,1.840000033378601,1.840000033378601,1.8350000381469727,1.8350000381469727,5427.0
2024-03-01 09:45:00,IMCR,67.83000183105469,67.83000183105469,67.83000183105469,67.83000183105469,67.83000183105469,322.0
2024-03-01 09:45:00,IMMX,3.390000104904175,3.390000104904175,3.390000104904175,3.390000104904175,3.390000104904175,201.0
2024-03-01 09:45:00,IMNM,24.90999984741211,24.90999984741211,24.90999984741211,24.65999984741211,24.65999984741211,323.0
2024-03-01 09:45:00,IMNN,1.149999976158142,1.149999976158142,1.149999976158142,1.1449999809265137,1.1486999988555908,743.0
2024-03-01 09:45:00,IMUX,1.4688999652862549,1.4688999652862549,1.4688999652862549,1.465000033378601,1.465000033378601,494.0
2024-03-01 09:45:00,INBX,36.76499938964844,36.76499938964844,36.76499938964844,36.76499938964844,36.76499938964844,166.0
2024-03-01 09:45:00,INCY,58.5,58.5,58.5099983215332,58.4900016784668,58.5,1527.0
2024-03-01 09:45:00,INGN,6.699999809265137,6.699999809265137,6.699999809265137,6.650100231170654,6.699999809265137,1311.0
2024-03-01 09:45:00,INMD,22.0,22.0,22.0,22.0,22.0,353.0
2024-03-01 09:45:00,INSM,27.979999542236328,27.979999542236328,27.989999771118164,27.934999465942383,27.934999465942383,2002.0
2024-03-01 09:45:00,INVA,15.640000343322754,15.640000343322754,15.640000343322754,15.640000343322754,15.640000343322754,200.0
2024-03-01 09:45:00,IONS,44.97010040283203,44.97010040283203,45.092098236083984,44.90999984741211,45.092098236083984,1197.0
2024-03-01 09:45:00,IOVA,16.40999984741211,16.40999984741211,16.545000076293945,16.399999618530273,16.545000076293945,20932.0
2024-03-01 09:45:00,IRWD,8.899999618530273,8.899999618530273,8.920000076293945,8.880000114440918,8.885000228881836,13027.0
2024-03-01 09:45:00,ISRG,384.9649963378906,384.9649963378906,385.2300109863281,384.8999938964844,384.9100036621094,3828.0
2024-03-01 09:45:00,ITCI,70.83999633789062,70.83999633789062,70.83999633789062,70.75,70.75,439.0
2024-03-01 09:45:00,JAGX,0.061799999326467514,0.061799999326467514,0.06199999898672104,0.061500001698732376,0.06199999898672104,288566.0
2024-03-01 09:45:00,JANX,47.224998474121094,47.224998474121094,47.224998474121094,46.77000045776367,47.099998474121094,6519.0
2024-03-01 09:45:00,JAZZ,121.89350128173828,121.89350128173828,121.90989685058594,121.52999877929688,121.54000091552734,1348.0
2024-03-01 09:45:00,KALV,14.020000457763672,14.020000457763672,14.020000457763672,13.960000038146973,13.979999542236328,847.0
2024-03-01 09:45:00,KIDS,26.485000610351562,26.485000610351562,26.485000610351562,26.485000610351562,26.485000610351562,181.0
2024-03-01 09:45:00,KNSA,21.399999618530273,21.399999618530273,21.479999542236328,21.395000457763672,21.395000457763672,1680.0
2024-03-01 09:45:00,KNTE,2.5999999046325684,2.5999999046325684,2.5999999046325684,2.5999999046325684,2.5999999046325684,1800.0
2024-03-01 09:45:00,KOD,6.110000133514404,6.110000133514404,6.110000133514404,6.110000133514404,6.110000133514404,1040.0
2024-03-01 09:45:00,KPRX,0.6866999864578247,0.6866999864578247,0.6866999864578247,0.6499999761581421,0.6539999842643738,9109.0
2024-03-01 09:45:00,KPTI,1.1549999713897705,1.1549999713897705,1.1549999713897705,1.1449999809265137,1.1449999809265137,826.0
2024-03-01 09:45:00,KROS,68.83499908447266,68.83499908447266,68.83499908447266,68.83499908447266,68.83499908447266,587.0
2024-03-01 09:45:00,KRYS,161.1501007080078,161.1501007080078,161.1501007080078,161.1501007080078,161.1501007080078,365.0
2024-03-01 09:45:00,KTRA,0.10289999842643738,0.10289999842643738,0.1039000004529953,0.10119999945163727,0.1039000004529953,5000.0
2024-03-01 09:45:00,KYMR,43.39500045776367,43.39500045776367,43.39500045776367,43.39500045776367,43.39500045776367,438.0
2024-03-01 09:45:00,KZR,1.0549999475479126,1.0549999475479126,1.0549999475479126,1.0549999475479126,1.0549999475479126,242.0
2024-03-01 09:45:00,LAB,2.299999952316284,2.299999952316284,2.319999933242798,2.299999952316284,2.315000057220459,26009.0
2024-03-01 09:45:00,LBPH,22.655000686645508,22.655000686645508,22.655000686645508,22.579999923706055,22.579999923706055,701.0
2024-03-01 09:45:00,LEGN,65.16999816894531,65.16999816894531,65.2699966430664,65.16999816894531,65.17009735107422,1038.0
2024-03-01 09:45:00,LEXX,2.5850000381469727,2.5850000381469727,2.6257998943328857,2.575000047683716,2.6257998943328857,785.0
2024-03-01 09:45:00,LFST,8.0600004196167,8.0600004196167,8.109999656677246,8.0600004196167,8.09000015258789,1307.0
2024-03-01 09:45:00,LGND,79.55999755859375,79.55999755859375,79.55999755859375,79.55999755859375,79.55999755859375,573.0
2024-03-01 09:45:00,LIAN,4.849999904632568,4.849999904632568,4.858699798583984,4.849999904632568,4.858699798583984,6706.0
2024-03-01 09:45:00,LIXT,2.6761999130249023,2.6761999130249023,2.6761999130249023,2.6761999130249023,2.6761999130249023,503.0
2024-03-01 09:45:00,LNTH,66.05999755859375,66.05999755859375,66.05999755859375,66.03130340576172,66.03130340576172,1574.0
2024-03-01 09:45:00,LQDA,14.199999809265137,14.199999809265137,14.220000267028809,14.190899848937988,14.220000267028809,957.0
2024-03-01 09:45:00,LTRN,4.889999866485596,4.889999866485596,4.889999866485596,4.889999866485596,4.889999866485596,118.0
2024-03-01 09:45:00,LUNG,9.069999694824219,9.069999694824219,9.123000144958496,9.069999694824219,9.123000144958496,1191.0
2024-03-01 09:45:00,LVTX,2.7701001167297363,2.7701001167297363,2.7799999713897705,2.7699999809265137,2.7750000953674316,1167.0
2024-03-01 09:45:00,LXRX,2.384999990463257,2.384999990463257,2.4000000953674316,2.380000114440918,2.380000114440918,9553.0
2024-03-01 09:45:00,LYEL,2.9749999046325684,2.9749999046325684,2.9800000190734863,2.9749999046325684,2.9800000190734863,12503.0
2024-03-01 09:45:00,LYRA,5.480000019073486,5.480000019073486,5.480000019073486,5.429999828338623,5.480000019073486,494.0
2024-03-01 09:45:00,MACK,14.720000267028809,14.720000267028809,14.720000267028809,14.720000267028809,14.720000267028809,264.0
2024-03-01 09:45:00,MASI,127.80999755859375,127.80999755859375,127.80999755859375,127.80999755859375,127.80999755859375,175.0
2024-03-01 09:45:00,MCRB,1.1398999691009521,1.1398999691009521,1.1398999691009521,1.1398999691009521,1.1398999691009521,3400.0
2024-03-01 09:45:00,MDRX,5.619999885559082,5.619999885559082,5.619999885559082,5.599999904632568,5.599999904632568,14486.0
2024-03-01 09:45:00,MDXG,8.40999984741211,8.40999984741211,8.40999984741211,8.39009952545166,8.39009952545166,3480.0
2024-03-01 09:45:00,ME,0.5483999848365784,0.5483999848365784,0.5483999848365784,0.545199990272522,0.5465999841690063,8905.0
2024-03-01 09:45:00,MGNX,18.385000228881836,18.385000228881836,18.399999618530273,18.200000762939453,18.399999618530273,10487.0
2024-03-01 09:45:00,MIRM,29.190000534057617,29.190000534057617,29.25,29.173999786376953,29.173999786376953,530.0
2024-03-01 09:45:00,MIST,1.690500020980835,1.690500020980835,1.690500020980835,1.690500020980835,1.690500020980835,3584.0
2024-03-01 09:45:00,MLTX,51.90999984741211,51.90999984741211,52.025001525878906,51.869998931884766,52.025001525878906,2372.0
2024-03-01 09:45:00,MNKD,4.320700168609619,4.320700168609619,4.329999923706055,4.320000171661377,4.320000171661377,4172.0
2024-03-01 09:45:00,MNMD,5.59499979019165,5.59499979019165,5.607999801635742,5.59499979019165,5.607999801635742,2604.0
2024-03-01 09:45:00,MNPR,0.760200023651123,0.760200023651123,0.7699999809265137,0.760200023651123,0.760200023651123,722.0
2024-03-01 09:45:00,MODD,1.9500000476837158,1.9500000476837158,1.9500000476837158,1.9500000476837158,1.9500000476837158,100.0
2024-03-01 09:45:00,MOR,17.559999465942383,17.559999465942383,17.559999465942383,17.55500030517578,17.559999465942383,2307.0
2024-03-01 09:45:00,MORF,37.90999984741211,37.90999984741211,37.90999984741211,37.90999984741211,37.90999984741211,197.0
2024-03-01 09:45:00,MRAI,1.5866999626159668,1.5866999626159668,1.5866999626159668,1.5866999626159668,1.5866999626159668,246.0
2024-03-01 09:45:00,MREO,3.7962000370025635,3.7962000370025635,3.7962000370025635,3.7962000370025635,3.7962000370025635,1740.0
2024-03-01 09:45:00,MRNA,92.20500183105469,92.20500183105469,92.69000244140625,92.11000061035156,92.5999984741211,7408.0
2024-03-01 09:45:00,MRSN,5.75600004196167,5.75600004196167,5.760000228881836,5.650000095367432,5.650000095367432,7197.0
2024-03-01 09:45:00,MRUS,48.70000076293945,48.70000076293945,48.70000076293945,48.70000076293945,48.70000076293945,200.0
2024-03-01 09:45:00,MRVI,7.590000152587891,7.590000152587891,7.644999980926514,7.579999923706055,7.644999980926514,20465.0
2024-03-01 09:45:00,MYGN,20.81999969482422,20.81999969482422,20.81999969482422,20.75,20.75,1294.0
2024-03-01 09:45:00,MYNZ,0.8799999952316284,0.8799999952316284,0.8799999952316284,0.8799999952316284,0.8799999952316284,2200.0
2024-03-01 09:45:00,NARI,45.0,45.0,45.20000076293945,44.880001068115234,45.02000045776367,14642.0
2024-03-01 09:45:00,NBIX,130.8699951171875,130.8699951171875,130.9949951171875,130.8699951171875,130.99000549316406,695.0
2024-03-01 09:45:00,NEO,15.640000343322754,15.640000343322754,15.640000343322754,15.640000343322754,15.640000343322754,341.0
2024-03-01 09:45:00,NEOG,16.93000030517578,16.93000030517578,16.969999313354492,16.93000030517578,16.969999313354492,563.0
2024-03-01 09:45:00,NERV,2.625,2.625,2.625,2.625,2.625,207.0
2024-03-01 09:45:00,NKTR,0.7226999998092651,0.7226999998092651,0.7263000011444092,0.7226999998092651,0.7226999998092651,13775.0
2024-03-01 09:45:00,NKTX,12.489899635314941,12.489899635314941,12.489899635314941,12.4399995803833,12.46500015258789,1896.0
2024-03-01 09:45:00,NNOX,10.864999771118164,10.864999771118164,10.899999618530273,10.84000015258789,10.859999656677246,23972.0
2024-03-01 09:45:00,NPCE,16.25,16.25,16.25,16.239999771118164,16.239999771118164,837.0
2024-03-01 09:45:00,NRIX,12.470000267028809,12.470000267028809,12.529999732971191,12.391400337219238,12.391400337219238,479.0
2024-03-01 09:45:00,NRXP,0.39980000257492065,0.39980000257492065,0.4000000059604645,0.38999998569488525,0.4000000059604645,90679.0
2024-03-01 09:45:00,NTLA,32.599998474121094,32.599998474121094,32.72999954223633,32.59000015258789,32.72999954223633,3939.0
2024-03-01 09:45:00,NTRA,88.86000061035156,88.86000061035156,89.0999984741211,88.34049987792969,88.34049987792969,15859.0
2024-03-01 09:45:00,NVAX,4.809999942779541,4.809999942779541,4.864999771118164,4.78000020980835,4.864999771118164,98510.0
2024-03-01 09:45:00,NVCR,15.3100004196167,15.3100004196167,15.3100004196167,15.260000228881836,15.260000228881836,829.0
2024-03-01 09:45:00,NVCT,10.408699989318848,10.408699989318848,10.5,10.408699989318848,10.489999771118164,953.0
2024-03-01 09:45:00,OCGN,0.906000018119812,0.906000018119812,0.9192000031471252,0.906000018119812,0.9192000031471252,8206.0
2024-03-01 09:45:00,OCUL,10.329999923706055,10.329999923706055,10.350000381469727,10.283499717712402,10.283499717712402,7490.0
2024-03-01 09:45:00,OFIX,12.989999771118164,12.989999771118164,12.989999771118164,12.989999771118164,12.989999771118164,510.0
2024-03-01 09:45:00,OKYO,1.4149999618530273,1.4149999618530273,1.4149999618530273,1.4149999618530273,1.4149999618530273,245.0
2024-03-01 09:45:00,OLMA,12.989999771118164,12.989999771118164,12.989999771118164,12.979999542236328,12.979999542236328,680.0
2024-03-01 09:45:00,OM,3.0399999618530273,3.0399999618530273,3.0399999618530273,3.0399999618530273,3.0399999618530273,4000.0
2024-03-01 09:45:00,ONVO,1.0200999975204468,1.0200999975204468,1.0200999975204468,1.0200999975204468,1.0200999975204468,46.0
2024-03-01 09:46:00,ABCL,5.070000171661377,5.070000171661377,5.070000171661377,5.0696001052856445,5.070000171661377,1071.0
2024-03-01 09:46:00,ABEO,7.182400226593018,7.182400226593018,7.182400226593018,7.179500102996826,7.179500102996826,3000.0
2024-03-01 09:46:00,ABOS,4.429999828338623,4.429999828338623,4.449999809265137,4.429999828338623,4.440000057220459,2028.0
2024-03-01 09:46:00,ABSI,5.170000076293945,5.170000076293945,5.170000076293945,5.130000114440918,5.141300201416016,2158.0
2024-03-01 09:46:00,ABUS,2.765000104904175,2.765000104904175,2.765000104904175,2.760999917984009,2.765000104904175,5698.0
2024-03-01 09:46:00,ACAD,23.559999465942383,23.559999465942383,23.559999465942383,23.485000610351562,23.489999771118164,2002.0
2024-03-01 09:46:00,ACB,3.0,3.0,3.009999990463257,2.994999885559082,2.999500036239624,3520.0
2024-03-01 09:46:00,ACCD,10.130000114440918,10.130000114440918,10.140000343322754,10.119999885559082,10.119999885559082,517.0
2024-03-01 09:46:00,ACET,2.3450000286102295,2.3450000286102295,2.3450000286102295,2.3399999141693115,2.3450000286102295,307.0
2024-03-01 09:46:00,ACHC,83.37000274658203,83.37000274658203,83.37000274658203,83.37000274658203,83.37000274658203,245.0
2024-03-01 09:46:00,ACIU,3.700000047683716,3.700000047683716,3.700000047683716,3.700000047683716,3.700000047683716,3600.0
2024-03-01 09:46:00,ACLX,68.02999877929688,68.02999877929688,68.02999877929688,68.02999877929688,68.02999877929688,559.0
2024-03-01 09:46:00,ACON,0.38499999046325684,0.38499999046325684,0.38499999046325684,0.38499999046325684,0.38499999046325684,211.0
2024-03-01 09:46:00,ACRS,1.2350000143051147,1.2350000143051147,1.2400000095367432,1.2350000143051147,1.2350000143051147,400.0
2024-03-01 09:46:00,ADAP,1.5499999523162842,1.5499999523162842,1.5499999523162842,1.5499999523162842,1.5499999523162842,12458.0
2024-03-01 09:46:00,ADIL,3.7732999324798584,3.7732999324798584,3.8499999046325684,3.700000047683716,3.719899892807007,549567.0
2024-03-01 09:46:00,ADMA,5.385000228881836,5.385000228881836,5.385000228881836,5.375,5.375,10408.0
2024-03-01 09:46:00,ADPT,4.019999980926514,4.019999980926514,4.019999980926514,4.019999980926514,4.019999980926514,897.0
2024-03-01 09:46:00,ADVM,1.9800000190734863,1.9800000190734863,1.9900000095367432,1.9800000190734863,1.9900000095367432,456.0
2024-03-01 09:46:00,ADXN,8.75,8.75,8.75,8.75,8.75,303.0
2024-03-01 09:46:00,AFMD,0.6151000261306763,0.6151000261306763,0.6151000261306763,0.6151000261306763,0.6151000261306763,1319.0
2024-03-01 09:46:00,AGEN,0.6779999732971191,0.6779999732971191,0.6800000071525574,0.6773999929428101,0.6773999929428101,26988.0
2024-03-01 09:46:00,AGIO,32.2400016784668,32.2400016784668,32.349998474121094,32.2400016784668,32.345001220703125,503.0
2024-03-01 09:46:00,AGRX,0.8209999799728394,0.8209999799728394,0.8209999799728394,0.8209999799728394,0.8209999799728394,0.0
2024-03-01 09:46:00,AHCO,10.460000038146973,10.460000038146973,10.579999923706055,10.460000038146973,10.579999923706055,3426.0
2024-03-01 09:46:00,AIMD,0.9513999819755554,0.9513999819755554,0.9649999737739563,0.949999988079071,0.949999988079071,1337.0
2024-03-01 09:46:00,AIRS,6.510000228881836,6.510000228881836,6.510000228881836,6.510000228881836,6.510000228881836,1.0
2024-03-01 09:46:00,AKAN,0.2705000042915344,0.2705000042915344,0.2736000120639801,0.2705000042915344,0.2736000120639801,5239.0
2024-03-01 09:46:00,AKBA,1.6104999780654907,1.6104999780654907,1.6104999780654907,1.6104999780654907,1.6104999780654907,1055.0
2024-03-01 09:46:00,AKRO,28.23200035095215,28.23200035095215,28.235000610351562,28.229999542236328,28.235000610351562,672.0
2024-03-01 09:46:00,ALDX,3.8350000381469727,3.8350000381469727,3.8450000286102295,3.8350000381469727,3.8450000286102295,1176.0
2024-03-01 09:46:00,ALEC,7.25,7.25,7.25,7.25,7.25,2704.0
2024-03-01 09:46:00,ALGN,298.29998779296875,298.29998779296875,299.0,298.1700134277344,299.0,906.0
2024-03-01 09:46:00,ALKS,30.020000457763672,30.020000457763672,30.020000457763672,29.989999771118164,29.989999771118164,1416.0
2024-03-01 09:46:00,ALLK,1.5475000143051147,1.5475000143051147,1.5475000143051147,1.524999976158142,1.524999976158142,13534.0
2024-03-01 09:46:00,ALLO,4.946000099182129,4.946000099182129,4.949999809265137,4.929999828338623,4.929999828338623,2209.0
2024-03-01 09:46:00,ALLR,0.40610000491142273,0.40610000491142273,0.40610000491142273,0.4059999883174896,0.4059999883174896,2371.0
2024-03-01 09:46:00,ALPN,35.474998474121094,35.474998474121094,35.474998474121094,35.474998474121094,35.474998474121094,273.0
2024-03-01 09:46:00,ALT,12.220000267028809,12.220000267028809,12.260000228881836,12.109999656677246,12.239999771118164,35446.0
2024-03-01 09:46:00,ALVO,15.529999732971191,15.529999732971191,15.529999732971191,15.529999732971191,15.529999732971191,200.0
2024-03-01 09:46:00,ALVR,0.75,0.75,0.75,0.75,0.75,600.0
2024-03-01 09:46:00,ALXO,14.689000129699707,14.689000129699707,14.692399978637695,14.689000129699707,14.692399978637695,1084.0
2024-03-01 09:46:00,AMED,93.31999969482422,93.31999969482422,93.33999633789062,93.31999969482422,93.33999633789062,463.0
2024-03-01 09:46:00,AMGN,276.7099914550781,276.7099914550781,276.80499267578125,276.6700134277344,276.739990234375,3388.0
2024-03-01 09:46:00,AMLX,18.779699325561523,18.779699325561523,18.78499984741211,18.779699325561523,18.78499984741211,1101.0
2024-03-01 09:46:00,AMPH,46.138999938964844,46.138999938964844,46.209999084472656,45.9900016784668,45.9900016784668,1865.0
2024-03-01 09:46:00,AMRN,1.0149999856948853,1.0149999856948853,1.0199999809265137,1.0099999904632568,1.0099999904632568,15880.0
2024-03-01 09:46:00,ANGO,5.296999931335449,5.296999931335449,5.315000057220459,5.289999961853027,5.309999942779541,2761.0
2024-03-01 09:46:00,ANIP,66.8550033569336,66.8550033569336,67.08499908447266,66.63999938964844,67.08499908447266,422.0
2024-03-01 09:46:00,ANNX,5.947000026702881,5.947000026702881,5.949999809265137,5.929999828338623,5.929999828338623,400.0
2024-03-01 09:46:00,ANTX,2.9800000190734863,2.9800000190734863,2.9800000190734863,2.9800000190734863,2.9800000190734863,290.0
2024-03-01 09:46:00,APLS,61.619998931884766,61.619998931884766,61.66999816894531,61.58000183105469,61.59000015258789,1276.0
2024-03-01 09:46:00,APLT,7.5,7.5,7.559999942779541,7.5,7.550000190734863,36031.0
2024-03-01 09:46:00,APTO,1.7899999618530273,1.7899999618530273,1.7899999618530273,1.7899999618530273,1.7899999618530273,27.0
2024-03-01 09:46:00,AQST,3.9549999237060547,3.9549999237060547,3.9700000286102295,3.9500999450683594,3.9500999450683594,9027.0
2024-03-01 09:46:00,ARDX,9.505000114440918,9.505000114440918,9.510000228881836,9.484999656677246,9.5,3174.0
2024-03-01 09:46:00,ARGX,381.5400085449219,381.5400085449219,381.5400085449219,381.5400085449219,381.5400085449219,1017.0
2024-03-01 09:46:00,ARQT,10.664999961853027,10.664999961853027,10.664999961853027,10.470100402832031,10.470100402832031,6593.0
2024-03-01 09:46:00,ARVN,48.72999954223633,48.72999954223633,48.72999954223633,48.564998626708984,48.564998626708984,2164.0
2024-03-01 09:46:00,ARWR,33.290000915527344,33.290000915527344,33.290000915527344,33.209999084472656,33.2400016784668,2613.0
2024-03-01 09:46:00,ASND,148.1999969482422,148.1999969482422,148.42999267578125,147.99000549316406,147.99000549316406,2406.0
2024-03-01 09:46:00,ASRT,0.8898000121116638,0.8898000121116638,0.8898000121116638,0.8898000121116638,0.8898000121116638,183.0
2024-03-01 09:46:00,ATAI,1.940000057220459,1.940000057220459,1.9493000507354736,1.940000057220459,1.9493000507354736,1300.0
2024-03-01 09:46:00,ATEC,13.1899995803833,13.1899995803833,13.220000267028809,13.180000305175781,13.220000267028809,2038.0
2024-03-01 09:46:00,ATHA,3.890000104904175,3.890000104904175,3.9000000953674316,3.890000104904175,3.9000000953674316,364.0
2024-03-01 09:46:00,ATXS,14.359999656677246,14.359999656677246,14.419400215148926,14.300000190734863,14.300000190734863,1340.0
2024-03-01 09:46:00,AUGX,4.46999979019165,4.46999979019165,4.46999979019165,4.449999809265137,4.449999809265137,670.0
2024-03-01 09:46:00,AUPH,5.67080020904541,5.67080020904541,5.690000057220459,5.659999847412109,5.690000057220459,6970.0
2024-03-01 09:46:00,AUTL,6.110000133514404,6.110000133514404,6.110000133514404,6.090000152587891,6.090000152587891,406.0
2024-03-01 09:46:00,AVDL,12.385000228881836,12.385000228881836,12.425000190734863,12.385000228881836,12.425000190734863,2241.0
2024-03-01 09:46:00,AVIR,4.340000152587891,4.340000152587891,4.340000152587891,4.329999923706055,4.329999923706055,192.0
2024-03-01 09:46:00,AVXL,5.16480016708374,5.16480016708374,5.16480016708374,5.150000095367432,5.150000095367432,2246.0
2024-03-01 09:46:00,AXNX,67.4000015258789,67.4000015258789,67.41000366210938,67.29499816894531,67.36000061035156,7274.0
2024-03-01 09:46:00,AZN,64.36000061035156,64.36000061035156,64.36000061035156,64.33999633789062,64.34500122070312,3870.0
2024-03-01 09:46:00,AZTA,65.44999694824219,65.44999694824219,65.44999694824219,65.44999694824219,65.44999694824219,424.0
2024-03-01 09:46:00,BBIO,34.790000915527344,34.790000915527344,34.834999084472656,34.77000045776367,34.834999084472656,13807.0
2024-03-01 09:46:00,BBLG,2.606800079345703,2.606800079345703,2.619999885559082,2.555000066757202,2.569999933242798,3989.0
2024-03-01 09:46:00,BCRX,5.724999904632568,5.724999904632568,5.724999904632568,5.699999809265137,5.699999809265137,5288.0
2024-03-01 09:46:00,BDSX,1.6799999475479126,1.6799999475479126,1.7000000476837158,1.6799999475479126,1.7000000476837158,1400.0
2024-03-01 09:46:00,BDTX,5.230000019073486,5.230000019073486,5.25,5.215000152587891,5.215000152587891,0.0
2024-03-01 09:46:00,BEAM,39.689998626708984,39.689998626708984,39.689998626708984,39.439998626708984,39.45500183105469,1671.0
2024-03-01 09:46:00,BGNE,162.08999633789062,162.08999633789062,162.08999633789062,162.08999633789062,162.08999633789062,123.0
2024-03-01 09:46:00,BGXX,0.27250000834465027,0.27250000834465027,0.2773999869823456,0.27250000834465027,0.2773999869823456,400.0
2024-03-01 09:46:00,BIIB,216.8699951171875,216.8699951171875,216.8699951171875,216.8699951171875,216.8699951171875,289.0
2024-03-01 09:46:00,BIOL,0.1379999965429306,0.1379999965429306,0.1379999965429306,0.1379999965429306,0.1379999965429306,0.0
2024-03-01 09:46:00,BIOR,1.301200032234192,1.301200032234192,1.3098000288009644,1.301200032234192,1.3098000288009644,550.0
2024-03-01 09:46:00,BIVI,2.6050000190734863,2.6050000190734863,2.700000047683716,2.5999999046325684,2.6619999408721924,159000.0
2024-03-01 09:46:00,BLFS,17.7549991607666,17.7549991607666,17.760000228881836,17.600000381469727,17.6299991607666,1315.0
2024-03-01 09:46:00,BLRX,1.3949999809265137,1.3949999809265137,1.3949999809265137,1.3949999809265137,1.3949999809265137,276.0
2024-03-01 09:46:00,BLUE,1.51010000705719,1.51010000705719,1.5149999856948853,1.465000033378601,1.468500018119812,75863.0
2024-03-01 09:46:00,BMEA,17.485000610351562,17.485000610351562,17.485000610351562,17.485000610351562,17.485000610351562,69.0
2024-03-01 09:46:00,BMRN,86.16999816894531,86.16999816894531,86.16999816894531,86.16999816894531,86.16999816894531,269.0
2024-03-01 09:46:00,BNGO,1.2301000356674194,1.2301000356674194,1.23989999294281,1.2301000356674194,1.23989999294281,1302.0
2024-03-01 09:46:00,BNTX,89.69999694824219,89.69999694824219,90.02999877929688,89.6449966430664,89.90499877929688,5992.0
2024-03-01 09:46:00,BOLT,1.1785000562667847,1.1785000562667847,1.1785000562667847,1.1785000562667847,1.1785000562667847,600.0
2024-03-01 09:46:00,BPMC,95.625,95.625,95.625,95.625,95.625,385.0
2024-03-01 09:46:00,BRKR,86.22000122070312,86.22000122070312,86.2300033569336,86.22000122070312,86.2300033569336,353.0
2024-03-01 09:46:00,BTAI,3.2100000381469727,3.2100000381469727,3.2200000286102295,3.2100000381469727,3.2200000286102295,895.0
2024-03-01 09:46:00,BTTX,0.16120000183582306,0.16120000183582306,0.16259999573230743,0.16120000183582306,0.1615999937057495,15109.0
2024-03-01 09:46:00,CABA,23.850000381469727,23.850000381469727,23.920000076293945,23.850000381469727,23.920000076293945,230.0
2024-03-01 09:46:00,CARA,0.859499990940094,0.859499990940094,0.859499990940094,0.859499990940094,0.859499990940094,250.0
2024-03-01 09:46:00,CBAY,32.19499969482422,32.19499969482422,32.20000076293945,32.189998626708984,32.19499969482422,6651.0
2024-03-01 09:46:00,CCCC,10.970000267028809,10.970000267028809,11.0,10.960000038146973,10.979999542236328,4072.0
2024-03-01 09:46:00,CDMO,7.800000190734863,7.800000190734863,7.829999923706055,7.769999980926514,7.769999980926514,1411.0
2024-03-01 09:46:00,CDNA,10.920100212097168,10.920100212097168,10.960000038146973,10.920100212097168,10.960000038146973,780.0
2024-03-01 09:46:00,CDXS,4.420000076293945,4.420000076293945,4.440000057220459,4.401199817657471,4.40500020980835,2370.0
2024-03-01 09:46:00,CERE,41.099998474121094,41.099998474121094,41.099998474121094,41.060001373291016,41.060001373291016,1868.0
2024-03-01 09:46:00,CERS,2.1649999618530273,2.1649999618530273,2.1649999618530273,2.1649999618530273,2.1649999618530273,1701.0
2024-03-01 09:46:00,CERT,17.34000015258789,17.34000015258789,17.34000015258789,16.96500015258789,16.969999313354492,31885.0
2024-03-01 09:46:00,CGC,3.2100000381469727,3.2100000381469727,3.2200000286102295,3.2100000381469727,3.2100000381469727,31858.0
2024-03-01 09:46:00,CGEM,18.709999084472656,18.709999084472656,18.709999084472656,18.709999084472656,18.709999084472656,2.0
2024-03-01 09:46:00,CHRS,2.2699999809265137,2.2699999809265137,2.2799999713897705,2.2699999809265137,2.2799999713897705,3368.0
2024-03-01 09:46:00,CING,1.3300000429153442,1.3300000429153442,1.3300000429153442,1.3300000429153442,1.3300000429153442,228.0
2024-03-01 09:46:00,CJJD,3.0999999046325684,3.0999999046325684,3.0999999046325684,3.0999999046325684,3.0999999046325684,368.0
2024-03-01 09:46:00,CKPT,2.109999895095825,2.109999895095825,2.1484999656677246,2.109999895095825,2.1484999656677246,3004.0
2024-03-01 09:46:00,CLDX,51.02000045776367,51.02000045776367,51.09000015258789,50.9900016784668,50.9900016784668,2929.0
2024-03-01 09:46:00,CLNN,0.38999998569488525,0.38999998569488525,0.3939000070095062,0.38999998569488525,0.3939000070095062,1420.0
2024-03-01 09:46:00,CLOV,0.8550000190734863,0.8550000190734863,0.85589998960495,0.8550000190734863,0.8554999828338623,27907.0
2024-03-01 09:46:00,CLRB,3.940000057220459,3.940000057220459,3.940000057220459,3.940000057220459,3.940000057220459,1373.0
2024-03-01 09:46:00,CMPS,10.619999885559082,10.619999885559082,10.619999885559082,10.609999656677246,10.609999656677246,466.0
2024-03-01 09:46:00,CNTA,10.279999732971191,10.279999732971191,10.279999732971191,10.279999732971191,10.279999732971191,149.0
2024-03-01 09:46:00,COGT,7.130000114440918,7.130000114440918,7.150000095367432,7.119999885559082,7.119999885559082,1385.0
2024-03-01 09:46:00,CORT,23.15999984741211,23.15999984741211,23.170000076293945,23.149999618530273,23.170000076293945,1147.0
2024-03-01 09:46:00,COSM,0.7524999976158142,0.7524999976158142,0.7524999976158142,0.7524999976158142,0.7524999976158142,1200.0
2024-03-01 09:46:00,CPRX,16.719999313354492,16.719999313354492,16.760000228881836,16.65999984741211,16.68000030517578,14993.0
2024-03-01 09:46:00,CRBP,31.780000686645508,31.780000686645508,31.780000686645508,31.780000686645508,31.780000686645508,6316.0
2024-03-01 09:46:00,CRBU,8.0649995803833,8.0649995803833,8.069999694824219,8.03030014038086,8.03030014038086,3635.0
2024-03-01 09:46:00,CRDF,2.3805999755859375,2.3805999755859375,2.4700000286102295,2.3499999046325684,2.3598999977111816,242106.0
2024-03-01 09:46:00,CRMD,3.609999895095825,3.609999895095825,3.609999895095825,3.598599910736084,3.598599910736084,392.0
2024-03-01 09:46:00,CRNX,44.189998626708984,44.189998626708984,44.310001373291016,44.131900787353516,44.185001373291016,905.0
2024-03-01 09:46:00,CRSP,84.16000366210938,84.16000366210938,84.16000366210938,83.80000305175781,83.80000305175781,23949.0
2024-03-01 09:46:00,CRVS,2.180000066757202,2.180000066757202,2.2399001121520996,2.1649999618530273,2.2399001121520996,5200.0
2024-03-01 09:46:00,CSTL,19.51300048828125,19.51300048828125,19.51300048828125,19.389999389648438,19.399999618530273,604.0
2024-03-01 09:46:00,CTKB,7.78000020980835,7.78000020980835,7.800000190734863,7.760000228881836,7.760000228881836,826.0
2024-03-01 09:46:00,CUTR,2.2060999870300293,2.2060999870300293,2.2100000381469727,2.190000057220459,2.194999933242798,16334.0
2024-03-01 09:46:00,CVAC,3.4200000762939453,3.4200000762939453,3.424999952316284,3.4049999713897705,3.4049999713897705,21679.0
2024-03-01 09:46:00,CYTK,74.05000305175781,74.05000305175781,74.16000366210938,74.05000305175781,74.08000183105469,4188.0
2024-03-01 09:46:00,DARE,0.5751000046730042,0.5751000046730042,0.5751000046730042,0.5751000046730042,0.5751000046730042,500.0
2024-03-01 09:46:00,DAWN,16.889999389648438,16.889999389648438,16.920000076293945,16.889999389648438,16.920000076293945,52.0
2024-03-01 09:46:00,DCGO,4.079999923706055,4.079999923706055,4.099999904632568,4.079999923706055,4.079999923706055,2230.0
2024-03-01 09:46:00,DCPH,16.969999313354492,16.969999313354492,16.969999313354492,16.93000030517578,16.93000030517578,504.0
2024-03-01 09:46:00,DH,9.069999694824219,9.069999694824219,9.069999694824219,9.0600004196167,9.0600004196167,172.0
2024-03-01 09:46:00,DMTK,0.9399999976158142,0.9399999976158142,0.9490000009536743,0.8999999761581421,0.9068999886512756,12106.0
2024-03-01 09:46:00,DNLI,20.6299991607666,20.6299991607666,20.6299991607666,20.62579917907715,20.62579917907715,750.0
2024-03-01 09:46:00,DSGN,2.7899999618530273,2.7899999618530273,2.7899999618530273,2.7899999618530273,2.7899999618530273,539.0
2024-03-01 09:46:00,DTIL,13.109999656677246,13.109999656677246,13.300000190734863,12.989999771118164,12.989999771118164,4358.0
2024-03-01 09:46:00,DVAX,12.755000114440918,12.755000114440918,12.760000228881836,12.755000114440918,12.760000228881836,724.0
2024-03-01 09:46:00,DXCM,116.22000122070312,116.22000122070312,116.25499725341797,115.79000091552734,115.88999938964844,29574.0
2024-03-01 09:46:00,DYN,28.530000686645508,28.530000686645508,28.530000686645508,28.329999923706055,28.34000015258789,4837.0
2024-03-01 09:46:00,EDIT,10.255000114440918,10.255000114440918,10.270000457763672,10.1899995803833,10.1899995803833,9162.0
2024-03-01 09:46:00,EFTR,14.345000267028809,14.345000267028809,14.359999656677246,14.140000343322754,14.350000381469727,2329.0
2024-03-01 09:46:00,ELEV,4.813399791717529,4.813399791717529,4.829999923706055,4.71999979019165,4.71999979019165,2697.0
2024-03-01 09:46:00,ENSC,0.9121000170707703,0.9121000170707703,0.9121000170707703,0.9121000170707703,0.9121000170707703,1651.0
2024-03-01 09:46:00,ENVB,1.6576000452041626,1.6576000452041626,1.7000000476837158,1.649999976158142,1.684999942779541,99017.0
2024-03-01 09:46:00,EOLS,15.0600004196167,15.0600004196167,15.0600004196167,14.970100402832031,14.989999771118164,10761.0
2024-03-01 09:46:00,ESTA,45.5,45.5,45.5,45.5,45.5,530.0
2024-03-01 09:46:00,ETNB,12.270000457763672,12.270000457763672,12.289999961853027,12.228300094604492,12.289999961853027,3278.0
2024-03-01 09:46:00,EVGN,0.8999999761581421,0.8999999761581421,0.9090999960899353,0.8999999761581421,0.9090999960899353,0.0
2024-03-01 09:46:00,EVO,7.360000133514404,7.360000133514404,7.360000133514404,7.360000133514404,7.360000133514404,300.0
2024-03-01 09:46:00,EWTX,16.200000762939453,16.200000762939453,16.200000762939453,16.200000762939453,16.200000762939453,740.0
2024-03-01 09:46:00,EXAI,6.684999942779541,6.684999942779541,6.690000057220459,6.679999828338623,6.679999828338623,510.0
2024-03-01 09:46:00,EXAS,57.98500061035156,57.98500061035156,58.0,57.9370002746582,57.939998626708984,2845.0
2024-03-01 09:46:00,EXEL,22.40999984741211,22.40999984741211,22.40999984741211,22.3700008392334,22.385000228881836,3275.0
2024-03-01 09:46:00,EYEN,2.159899950027466,2.159899950027466,2.159899950027466,2.159899950027466,2.159899950027466,200.0
2024-03-01 09:46:00,EYPT,27.790000915527344,27.790000915527344,27.790000915527344,27.790000915527344,27.790000915527344,119.0
2024-03-01 09:46:00,FATE,7.494999885559082,7.494999885559082,7.510000228881836,7.440000057220459,7.440000057220459,9605.0
2024-03-01 09:46:00,FDMT,28.65999984741211,28.65999984741211,28.65999984741211,28.385000228881836,28.385000228881836,1976.0
2024-03-01 09:46:00,FEMY,1.7273000478744507,1.7273000478744507,1.7273000478744507,1.7273000478744507,1.7273000478744507,400.0
2024-03-01 09:46:00,FHTX,7.789999961853027,7.789999961853027,7.789999961853027,7.789999961853027,7.789999961853027,300.0
2024-03-01 09:46:00,FOLD,13.350000381469727,13.350000381469727,13.350000381469727,13.265000343322754,13.289999961853027,28089.0
2024-03-01 09:46:00,FORA,2.759999990463257,2.759999990463257,2.759999990463257,2.759999990463257,2.759999990463257,785.0
2024-03-01 09:46:00,FUSN,12.149999618530273,12.149999618530273,12.149999618530273,12.149999618530273,12.149999618530273,214.0
2024-03-01 09:46:00,GDRX,8.3100004196167,8.3100004196167,8.3100004196167,8.260000228881836,8.279999732971191,31317.0
2024-03-01 09:46:00,GENE,2.25,2.25,2.25,2.25,2.25,1323.0
2024-03-01 09:46:00,GERN,2.059999942779541,2.059999942779541,2.059999942779541,2.051100015640259,2.055000066757202,5841.0
2024-03-01 09:46:00,GH,19.110000610351562,19.110000610351562,19.165000915527344,19.110000610351562,19.165000915527344,572.0
2024-03-01 09:46:00,GHRS,8.674500465393066,8.674500465393066,8.674500465393066,8.674500465393066,8.674500465393066,460.0
2024-03-01 09:46:00,GILD,72.31999969482422,72.31999969482422,72.31999969482422,72.19000244140625,72.19000244140625,5665.0
2024-03-01 09:46:00,GLTO,0.7225000262260437,0.7225000262260437,0.7225000262260437,0.7225000262260437,0.7225000262260437,1040.0
2024-03-01 09:46:00,GMAB,28.6200008392334,28.6200008392334,28.6200008392334,28.600000381469727,28.600000381469727,469.0
2024-03-01 09:46:00,GOSS,1.325700044631958,1.325700044631958,1.325700044631958,1.325700044631958,1.325700044631958,103.0
2024-03-01 09:46:00,GRFS,6.78000020980835,6.78000020980835,6.819399833679199,6.78000020980835,6.815000057220459,5921.0
2024-03-01 09:46:00,GRTS,1.9098999500274658,1.9098999500274658,1.9249999523162842,1.899999976158142,1.9249999523162842,10671.0
2024-03-01 09:46:00,GTHX,3.369999885559082,3.369999885559082,3.369999885559082,3.325000047683716,3.3299999237060547,5377.0
2024-03-01 09:46:00,HALO,40.7599983215332,40.7599983215332,40.77000045776367,40.7599983215332,40.77000045776367,601.0
2024-03-01 09:46:00,HARP,22.940000534057617,22.940000534057617,22.940000534057617,22.940000534057617,22.940000534057617,300.0
2024-03-01 09:46:00,HCAT,8.210000038146973,8.210000038146973,8.210000038146973,8.210000038146973,8.210000038146973,256.0
2024-03-01 09:46:00,HCSG,12.550000190734863,12.550000190734863,12.569999694824219,12.541000366210938,12.569999694824219,1636.0
2024-03-01 09:46:00,HCTI,2.4052000045776367,2.4052000045776367,2.4763998985290527,2.359999895095825,2.4763998985290527,3734.0
2024-03-01 09:46:00,HCWB,1.4528000354766846,1.4528000354766846,1.4528000354766846,1.4528000354766846,1.4528000354766846,1719.0
2024-03-01 09:46:00,HEPA,3.140000104904175,3.140000104904175,3.299999952316284,3.140000104904175,3.2100000381469727,8445.0
2024-03-01 09:46:00,HITI,1.749899983406067,1.749899983406067,1.749899983406067,1.749899983406067,1.749899983406067,200.0
2024-03-01 09:46:00,HLTH,0.2700999975204468,0.2700999975204468,0.2700999975204468,0.2700999975204468,0.2700999975204468,0.0
2024-03-01 09:46:00,HOLX,73.43499755859375,73.43499755859375,73.43499755859375,73.33000183105469,73.33000183105469,1054.0
2024-03-01 09:46:00,HRMY,30.93000030517578,30.93000030517578,30.989999771118164,30.690000534057617,30.889999389648438,5404.0
2024-03-01 09:46:00,HRTX,2.615000009536743,2.615000009536743,2.615000009536743,2.6070001125335693,2.6070001125335693,459.0
2024-03-01 09:46:00,HSIC,76.25,76.25,76.43499755859375,76.25,76.30999755859375,1908.0
2024-03-01 09:46:00,HUMA,3.089200019836426,3.089200019836426,3.089200019836426,3.059999942779541,3.069999933242798,48775.0
2024-03-01 09:46:00,IART,36.81660079956055,36.81660079956055,36.880001068115234,36.81660079956055,36.849998474121094,4545.0
2024-03-01 09:46:00,IBRX,4.815000057220459,4.815000057220459,4.820000171661377,4.810800075531006,4.810800075531006,2169.0
2024-03-01 09:46:00,ICCM,1.2999999523162842,1.2999999523162842,1.309999942779541,1.2999999523162842,1.309999942779541,0.0
2024-03-01 09:46:00,IDXX,563.3200073242188,563.3200073242188,563.3200073242188,561.489990234375,562.5050048828125,1313.0
2024-03-01 09:46:00,IDYA,45.83000183105469,45.83000183105469,45.83000183105469,45.79999923706055,45.79999923706055,861.0
2024-03-01 09:46:00,IFRX,1.809999942779541,1.809999942779541,1.809999942779541,1.7003999948501587,1.75,24877.0
2024-03-01 09:46:00,IINN,1.6699999570846558,1.6699999570846558,1.6699999570846558,1.6699999570846558,1.6699999570846558,5024.0
2024-03-01 09:46:00,IKNA,1.4500000476837158,1.4500000476837158,1.4600000381469727,1.4500000476837158,1.4600000381469727,6800.0
2024-03-01 09:46:00,ILMN,136.375,136.375,136.375,135.7100067138672,135.82000732421875,2514.0
2024-03-01 09:46:00,IMAB,1.8450000286102295,1.8450000286102295,1.8450000286102295,1.8450000286102295,1.8450000286102295,0.0
2024-03-01 09:46:00,IMCR,67.83000183105469,67.83000183105469,68.0,67.83000183105469,67.83000183105469,2559.0
2024-03-01 09:46:00,IMNM,24.54560089111328,24.54560089111328,24.54560089111328,24.54560089111328,24.54560089111328,532.0
2024-03-01 09:46:00,IMRX,6.099999904632568,6.099999904632568,6.099999904632568,6.099999904632568,6.099999904632568,200.0
2024-03-01 09:46:00,IMUX,1.4700000286102295,1.4700000286102295,1.4700000286102295,1.4700000286102295,1.4700000286102295,5637.0
2024-03-01 09:46:00,IMVT,36.724998474121094,36.724998474121094,36.77000045776367,36.650001525878906,36.650001525878906,2101.0
2024-03-01 09:46:00,INBX,36.709999084472656,36.709999084472656,36.76499938964844,36.709999084472656,36.7400016784668,710.0
2024-03-01 09:46:00,INCY,58.470001220703125,58.470001220703125,58.505001068115234,58.43000030517578,58.45000076293945,804.0
2024-03-01 09:46:00,INGN,6.710000038146973,6.710000038146973,6.710000038146973,6.710000038146973,6.710000038146973,497.0
2024-03-01 09:46:00,INM,0.4000000059604645,0.4000000059604645,0.4034999907016754,0.4000000059604645,0.4034999907016754,1389.0
2024-03-01 09:46:00,INMB,11.869999885559082,11.869999885559082,11.880000114440918,11.84000015258789,11.869999885559082,201.0
2024-03-01 09:46:00,INMD,22.020000457763672,22.020000457763672,22.040000915527344,22.0,22.030000686645508,2869.0
2024-03-01 09:46:00,INO,8.779999732971191,8.779999732971191,8.779999732971191,8.779999732971191,8.779999732971191,274.0
2024-03-01 09:46:00,INVA,15.739999771118164,15.739999771118164,15.739999771118164,15.59000015258789,15.59000015258789,9534.0
2024-03-01 09:46:00,INZY,6.460000038146973,6.460000038146973,6.460000038146973,6.449999809265137,6.449999809265137,225.0
2024-03-01 09:46:00,IOVA,16.524999618530273,16.524999618530273,16.559799194335938,16.399999618530273,16.40999984741211,20288.0
2024-03-01 09:46:00,IRWD,8.880000114440918,8.880000114440918,8.907500267028809,8.854999542236328,8.904999732971191,80092.0
2024-03-01 09:46:00,ISRG,385.4599914550781,385.4599914550781,385.4800109863281,385.07501220703125,385.20001220703125,3841.0
2024-03-01 09:46:00,ITCI,70.85330200195312,70.85330200195312,70.85330200195312,70.85330200195312,70.85330200195312,160.0
2024-03-01 09:46:00,ITOS,10.75,10.75,10.779999732971191,10.75,10.779999732971191,358.0
2024-03-01 09:46:00,IVVD,3.944999933242798,3.944999933242798,3.9600000381469727,3.940000057220459,3.9600000381469727,7695.0
2024-03-01 09:46:00,IXHL,4.950099945068359,4.950099945068359,4.950099945068359,4.950099945068359,4.950099945068359,202.0
2024-03-01 09:46:00,JAGX,0.06129999831318855,0.06129999831318855,0.061500001698732376,0.06129999831318855,0.061500001698732376,297.0
2024-03-01 09:46:00,JANX,46.92499923706055,46.92499923706055,47.25,46.915000915527344,47.224998474121094,1871.0
2024-03-01 09:46:00,JAZZ,121.37010192871094,121.37010192871094,121.9000015258789,121.37010192871094,121.9000015258789,6098.0
2024-03-01 09:46:00,JYNT,9.800000190734863,9.800000190734863,9.800000190734863,9.800000190734863,9.800000190734863,156.0
2024-03-01 09:46:00,KALV,14.095000267028809,14.095000267028809,14.100000381469727,14.020000457763672,14.020000457763672,1433.0
2024-03-01 09:46:00,KNSA,21.399999618530273,21.399999618530273,21.459999084472656,21.399999618530273,21.459999084472656,201.0
2024-03-01 09:46:00,KNTE,2.6050000190734863,2.6050000190734863,2.6050000190734863,2.6050000190734863,2.6050000190734863,1503.0
2024-03-01 09:46:00,KOD,6.080100059509277,6.080100059509277,6.080100059509277,6.054999828338623,6.054999828338623,2378.0
2024-03-01 09:46:00,KPTI,1.1649999618530273,1.1649999618530273,1.1649999618530273,1.1583000421524048,1.1583000421524048,8023.0
2024-03-01 09:46:00,KRTX,316.0,316.0,316.1875,315.67999267578125,316.0,9262.0
2024-03-01 09:46:00,KRYS,162.43499755859375,162.43499755859375,162.43499755859375,162.43499755859375,162.43499755859375,124.0
2024-03-01 09:46:00,KTRA,0.10270000249147415,0.10270000249147415,0.10270000249147415,0.10270000249147415,0.10270000249147415,2880.0
2024-03-01 09:46:00,KURA,21.434999465942383,21.434999465942383,21.434999465942383,21.434999465942383,21.434999465942383,118.0
2024-03-01 09:46:00,KYMR,43.224998474121094,43.224998474121094,43.2400016784668,43.224998474121094,43.2400016784668,523.0
2024-03-01 09:46:00,KZR,1.065000057220459,1.065000057220459,1.065000057220459,1.0549999475479126,1.0549999475479126,12849.0
2024-03-01 09:46:00,LAB,2.2950000762939453,2.2950000762939453,2.2950000762939453,2.2950000762939453,2.2950000762939453,0.0
2024-03-01 09:46:00,LBPH,22.725000381469727,22.725000381469727,22.725000381469727,22.655000686645508,22.655000686645508,1058.0
2024-03-01 09:46:00,LEGN,65.19999694824219,65.19999694824219,65.2249984741211,65.11000061035156,65.11000061035156,1295.0
2024-03-01 09:46:00,LEXX,2.626300096511841,2.626300096511841,2.626300096511841,2.596400022506714,2.596400022506714,501.0
2024-03-01 09:46:00,LFMD,7.880000114440918,7.880000114440918,7.900000095367432,7.869999885559082,7.900000095367432,1354.0
2024-03-01 09:46:00,LFST,8.0600004196167,8.0600004196167,8.09000015258789,8.029999732971191,8.0600004196167,70392.0
2024-03-01 09:46:00,LNTH,65.83000183105469,65.83000183105469,65.9749984741211,65.83000183105469,65.9749984741211,797.0
2024-03-01 09:46:00,LQDA,14.279999732971191,14.279999732971191,14.279999732971191,14.229999542236328,14.229999542236328,1473.0
2024-03-01 09:46:00,LRMR,11.595000267028809,11.595000267028809,11.609999656677246,11.595000267028809,11.609999656677246,347.0
2024-03-01 09:46:00,LUMO,2.930000066757202,2.930000066757202,2.930000066757202,2.930000066757202,2.930000066757202,200.0
2024-03-01 09:46:00,LVTX,2.7699999809265137,2.7699999809265137,2.7899999618530273,2.7699999809265137,2.7780001163482666,23169.0
2024-03-01 09:46:00,LXRX,2.384999990463257,2.384999990463257,2.390000104904175,2.380000114440918,2.384999990463257,11767.0
2024-03-01 09:46:00,LYEL,2.9700000286102295,2.9700000286102295,2.984999895095825,2.9700000286102295,2.9749999046325684,1989.0
2024-03-01 09:46:00,LYRA,5.489999771118164,5.489999771118164,5.489999771118164,5.489999771118164,5.489999771118164,177.0
2024-03-01 09:46:00,MACK,14.699999809265137,14.699999809265137,14.699999809265137,14.699999809265137,14.699999809265137,2580.0
2024-03-01 09:46:00,MCRB,1.1349999904632568,1.1349999904632568,1.13919997215271,1.1349999904632568,1.13919997215271,1406.0
2024-03-01 09:46:00,MDRX,5.75,5.75,5.75,5.650000095367432,5.650000095367432,59044.0
2024-03-01 09:46:00,MDXG,8.40999984741211,8.40999984741211,8.40999984741211,8.390000343322754,8.399999618530273,1241.0
2024-03-01 09:46:00,ME,0.5497999787330627,0.5497999787330627,0.5497999787330627,0.5482000112533569,0.5482000112533569,29054.0
2024-03-01 09:46:00,MEDP,399.19500732421875,399.19500732421875,399.19500732421875,398.5199890136719,398.5199890136719,237.0
2024-03-01 09:46:00,MEIP,4.25,4.25,4.25,4.25,4.25,117.0
2024-03-01 09:46:00,MGNX,18.34000015258789,18.34000015258789,18.34000015258789,18.34000015258789,18.34000015258789,109.0
2024-03-01 09:46:00,MIST,1.6950000524520874,1.6950000524520874,1.6950000524520874,1.6950000524520874,1.6950000524520874,0.0
2024-03-01 09:46:00,MLTX,52.060001373291016,52.060001373291016,52.060001373291016,51.849998474121094,51.869998931884766,3302.0
2024-03-01 09:46:00,MNKD,4.340099811553955,4.340099811553955,4.3460001945495605,4.320000171661377,4.320000171661377,7898.0
2024-03-01 09:46:00,MNMD,5.629899978637695,5.629899978637695,5.629899978637695,5.59499979019165,5.599999904632568,2798.0
2024-03-01 09:46:00,MNPR,0.7603999972343445,0.7603999972343445,0.7649999856948853,0.7603999972343445,0.7649999856948853,850.0
2024-03-01 09:46:00,MODD,1.9499000310897827,1.9499000310897827,1.9700000286102295,1.9299999475479126,1.9700000286102295,7749.0
2024-03-01 09:46:00,MOR,17.559999465942383,17.559999465942383,17.56999969482422,17.559999465942383,17.56999969482422,1100.0
2024-03-01 09:46:00,MORF,37.90999984741211,37.90999984741211,37.90999984741211,37.77280044555664,37.77280044555664,602.0
2024-03-01 09:46:00,MRAI,1.5322999954223633,1.5322999954223633,1.5322999954223633,1.5322999954223633,1.5322999954223633,1277.0
2024-03-01 09:46:00,MREO,3.765000104904175,3.765000104904175,3.7899999618530273,3.765000104904175,3.7815001010894775,596.0
2024-03-01 09:46:00,MRNA,92.4645004272461,92.4645004272461,92.4645004272461,92.12000274658203,92.20500183105469,6489.0
2024-03-01 09:46:00,MRSN,5.840000152587891,5.840000152587891,5.840000152587891,5.769999980926514,5.769999980926514,14873.0
2024-03-01 09:46:00,MRUS,48.837501525878906,48.837501525878906,48.837501525878906,48.77000045776367,48.79389953613281,887.0
2024-03-01 09:46:00,MRVI,7.650000095367432,7.650000095367432,7.650000095367432,7.570000171661377,7.570000171661377,3836.0
2024-03-01 09:46:00,MXCT,4.590000152587891,4.590000152587891,4.590000152587891,4.590000152587891,4.590000152587891,314.0
2024-03-01 09:46:00,MYGN,20.799999237060547,20.799999237060547,20.84000015258789,20.799999237060547,20.815000534057617,927.0
2024-03-01 09:46:00,NARI,44.7400016784668,44.7400016784668,44.9900016784668,44.7400016784668,44.9900016784668,2197.0
2024-03-01 09:46:00,NBIX,130.85499572753906,130.85499572753906,130.8800048828125,130.85499572753906,130.8800048828125,1116.0
2024-03-01 09:46:00,NEO,15.630000114440918,15.630000114440918,15.630000114440918,15.630000114440918,15.630000114440918,704.0
2024-03-01 09:46:00,NEOG,16.920000076293945,16.920000076293945,16.94499969482422,16.899999618530273,16.93000030517578,3065.0
2024-03-01 09:46:00,NEXI,6.519999980926514,6.519999980926514,6.569300174713135,6.454999923706055,6.569300174713135,2380.0
2024-03-01 09:46:00,NKTR,0.722599983215332,0.722599983215332,0.7226999998092651,0.722599983215332,0.7226999998092651,6102.0
2024-03-01 09:46:00,NKTX,12.469099998474121,12.469099998474121,12.469099998474121,12.404999732971191,12.404999732971191,3336.0
2024-03-01 09:46:00,NLSP,0.3799999952316284,0.3799999952316284,0.3799999952316284,0.3799999952316284,0.3799999952316284,245.0
2024-03-01 09:46:00,NNOX,10.889900207519531,10.889900207519531,10.899999618530273,10.84000015258789,10.850000381469727,23522.0
2024-03-01 09:46:00,NOTV,7.429999828338623,7.429999828338623,7.429999828338623,7.429999828338623,7.429999828338623,260.0
2024-03-01 09:46:00,NRBO,5.699999809265137,5.699999809265137,5.699999809265137,5.699999809265137,5.699999809265137,343.0
2024-03-01 09:46:00,NRXP,0.39980000257492065,0.39980000257492065,0.39980000257492065,0.39969998598098755,0.39969998598098755,0.0
2024-03-01 09:46:00,NTLA,32.4900016784668,32.4900016784668,32.51499938964844,32.47999954223633,32.47999954223633,1254.0
2024-03-01 09:46:00,NTRA,88.6050033569336,88.6050033569336,88.875,88.42680358886719,88.86000061035156,12594.0
2024-03-01 09:46:00,NUTX,0.11699999868869781,0.11699999868869781,0.11699999868869781,0.11699999868869781,0.11699999868869781,550.0
2024-03-01 09:46:00,NVAX,4.804999828338623,4.804999828338623,4.835000038146973,4.789999961853027,4.809999942779541,25411.0
2024-03-01 09:46:00,NVCR,15.3100004196167,15.3100004196167,15.329999923706055,15.260000228881836,15.260000228881836,711.0
2024-03-01 09:46:00,OCGN,0.9100000262260437,0.9100000262260437,0.9100000262260437,0.9060999751091003,0.9060999751091003,28534.0
2024-03-01 09:46:00,OCUL,10.329999923706055,10.329999923706055,10.329999923706055,10.3100004196167,10.3100004196167,1178.0
2024-03-01 09:46:00,OFIX,12.970000267028809,12.970000267028809,12.970000267028809,12.970000267028809,12.970000267028809,104.0
2024-03-01 09:46:00,OLK,22.360000610351562,22.360000610351562,22.43000030517578,22.360000610351562,22.43000030517578,1146.0
2024-03-01 09:46:00,OM,3.0399999618530273,3.0399999618530273,3.0399999618530273,3.0299999713897705,3.0399999618530273,0.0
2024-03-01 09:46:00,OMCL,26.075000762939453,26.075000762939453,26.075000762939453,26.075000762939453,26.075000762939453,217.0
2024-03-01 09:46:00,OMER,4.579999923706055,4.579999923706055,4.599999904632568,4.579999923706055,4.590000152587891,5889.0
2024-03-01 09:46:00,OMGA,4.090000152587891,4.090000152587891,4.110099792480469,4.090000152587891,4.110099792480469,2040.0
2024-03-01 09:46:00,ONCY,1.0850000381469727,1.0850000381469727,1.089900016784668,1.0850000381469727,1.089900016784668,0.0
2024-03-01 09:47:00,ABEO,7.119999885559082,7.119999885559082,7.170000076293945,7.119999885559082,7.170000076293945,0.0
2024-03-01 09:47:00,ABOS,4.460000038146973,4.460000038146973,4.460000038146973,4.460000038146973,4.460000038146973,126.0
2024-03-01 09:47:00,ABSI,5.144999980926514,5.144999980926514,5.164999961853027,5.144999980926514,5.164999961853027,4050.0
2024-03-01 09:47:00,ACAD,23.524999618530273,23.524999618530273,23.59000015258789,23.524999618530273,23.579299926757812,3819.0
2024-03-01 09:47:00,ACB,2.9999001026153564,2.9999001026153564,3.009999990463257,2.999000072479248,2.9999001026153564,4985.0
2024-03-01 09:47:00,ACET,2.3452000617980957,2.3452000617980957,2.3452000617980957,2.3452000617980957,2.3452000617980957,285.0
2024-03-01 09:47:00,ACHL,1.3600000143051147,1.3600000143051147,1.3698999881744385,1.3600000143051147,1.3696000576019287,2322.0
2024-03-01 09:47:00,ACIU,3.7100000381469727,3.7100000381469727,3.7100000381469727,3.7100000381469727,3.7100000381469727,0.0
2024-03-01 09:47:00,ACLX,68.51499938964844,68.51499938964844,68.51499938964844,68.51499938964844,68.51499938964844,424.0
2024-03-01 09:47:00,ACON,0.39500001072883606,0.39500001072883606,0.39500001072883606,0.39500001072883606,0.39500001072883606,2129.0
2024-03-01 09:47:00,ACRS,1.2400000095367432,1.2400000095367432,1.2400000095367432,1.2400000095367432,1.2400000095367432,920.0
2024-03-01 09:47:00,ADIL,3.4000000953674316,3.4000000953674316,3.8399999141693115,3.3399999141693115,3.759999990463257,1291352.0
2024-03-01 09:47:00,ADMA,5.380000114440918,5.380000114440918,5.380000114440918,5.380000114440918,5.380000114440918,247.0
2024-03-01 09:47:00,ADPT,4.030600070953369,4.030600070953369,4.034999847412109,4.030600070953369,4.034999847412109,2089.0
2024-03-01 09:47:00,ADVM,1.9900000095367432,1.9900000095367432,2.0,1.9900000095367432,2.0,620.0
2024-03-01 09:47:00,AEZS,1.940000057220459,1.940000057220459,1.940000057220459,1.940000057220459,1.940000057220459,873.0
2024-03-01 09:47:00,AGEN,0.6798999905586243,0.6798999905586243,0.6798999905586243,0.6779000163078308,0.6779999732971191,39052.0
2024-03-01 09:47:00,AGIO,32.334999084472656,32.334999084472656,32.334999084472656,32.334999084472656,32.334999084472656,200.0
2024-03-01 09:47:00,AHCO,10.449999809265137,10.449999809265137,10.449999809265137,10.430000305175781,10.430000305175781,774.0
2024-03-01 09:47:00,AIRS,6.510000228881836,6.510000228881836,6.510000228881836,6.510000228881836,6.510000228881836,301.0
2024-03-01 09:47:00,AKAN,0.26910001039505005,0.26910001039505005,0.271699994802475,0.26750001311302185,0.27000001072883606,23956.0
2024-03-01 09:47:00,AKBA,1.6100000143051147,1.6100000143051147,1.610200047492981,1.6100000143051147,1.6101000308990479,5650.0
2024-03-01 09:47:00,AKLI,0.34290000796318054,0.34290000796318054,0.34290000796318054,0.34290000796318054,0.34290000796318054,405.0
2024-03-01 09:47:00,AKRO,28.219999313354492,28.219999313354492,28.225000381469727,28.219999313354492,28.225000381469727,384.0
2024-03-01 09:47:00,ALDX,3.859999895095825,3.859999895095825,3.859999895095825,3.848599910736084,3.848599910736084,814.0
2024-03-01 09:47:00,ALEC,7.25,7.25,7.25,7.25,7.25,200.0
2024-03-01 09:47:00,ALGN,297.72320556640625,297.72320556640625,297.7799987792969,297.72320556640625,297.7799987792969,484.0
2024-03-01 09:47:00,ALHC,5.920000076293945,5.920000076293945,5.94920015335083,5.920000076293945,5.94920015335083,876.0
2024-03-01 09:47:00,ALKS,30.110000610351562,30.110000610351562,30.110000610351562,30.040000915527344,30.040000915527344,971.0
2024-03-01 09:47:00,ALLK,1.5449999570846558,1.5449999570846558,1.5499999523162842,1.5449999570846558,1.5449999570846558,3200.0
2024-03-01 09:47:00,ALLO,4.921199798583984,4.921199798583984,4.949999809265137,4.91480016708374,4.949999809265137,3377.0
2024-03-01 09:47:00,ALNY,150.8249969482422,150.8249969482422,150.8249969482422,150.8249969482422,150.8249969482422,105.0
2024-03-01 09:47:00,ALPN,35.474998474121094,35.474998474121094,35.474998474121094,35.474998474121094,35.474998474121094,289.0
2024-03-01 09:47:00,ALT,12.210000038146973,12.210000038146973,12.270000457763672,12.210000038146973,12.229999542236328,24249.0
2024-03-01 09:47:00,ALVO,15.694999694824219,15.694999694824219,15.694999694824219,15.694999694824219,15.694999694824219,200.0
2024-03-01 09:47:00,ALVR,0.75,0.75,0.75,0.7390999794006348,0.7390999794006348,3279.0
2024-03-01 09:47:00,AMED,93.37999725341797,93.37999725341797,93.37999725341797,93.375,93.375,366.0
2024-03-01 09:47:00,AMGN,276.80499267578125,276.80499267578125,276.92999267578125,276.55999755859375,276.55999755859375,11226.0
2024-03-01 09:47:00,AMLX,18.825000762939453,18.825000762939453,18.829999923706055,18.809999465942383,18.809999465942383,294.0
2024-03-01 09:47:00,AMPH,46.220001220703125,46.220001220703125,46.220001220703125,46.220001220703125,46.220001220703125,289.0
2024-03-01 09:47:00,AMRN,1.0149999856948853,1.0149999856948853,1.0199999809265137,1.01010000705719,1.0192999839782715,15179.0
2024-03-01 09:47:00,ANGO,5.300000190734863,5.300000190734863,5.309999942779541,5.300000190734863,5.300000190734863,554.0
2024-03-01 09:47:00,ANIK,24.420000076293945,24.420000076293945,24.420000076293945,24.389999389648438,24.389999389648438,488.0
2024-03-01 09:47:00,ANIP,66.36000061035156,66.36000061035156,66.36000061035156,66.36000061035156,66.36000061035156,312.0
2024-03-01 09:47:00,ANNX,5.989999771118164,5.989999771118164,5.989999771118164,5.949999809265137,5.949999809265137,2855.0
2024-03-01 09:47:00,APLS,61.7599983215332,61.7599983215332,61.7599983215332,61.63999938964844,61.66999816894531,1485.0
2024-03-01 09:47:00,APLT,7.579999923706055,7.579999923706055,7.590000152587891,7.510000228881836,7.519999980926514,2639.0
2024-03-01 09:47:00,AQST,3.934999942779541,3.934999942779541,3.9549999237060547,3.9200000762939453,3.9549999237060547,8239.0
2024-03-01 09:47:00,ARCT,39.608001708984375,39.608001708984375,39.608001708984375,39.608001708984375,39.608001708984375,472.0
2024-03-01 09:47:00,ARDX,9.5,9.5,9.512499809265137,9.5,9.510000228881836,3927.0
2024-03-01 09:47:00,ARQT,10.65839958190918,10.65839958190918,10.729999542236328,10.654999732971191,10.670000076293945,20377.0
2024-03-01 09:47:00,ARVN,48.8849983215332,48.8849983215332,48.994998931884766,48.80500030517578,48.8843994140625,2182.0
2024-03-01 09:47:00,ARWR,33.47999954223633,33.47999954223633,33.47999954223633,33.30509948730469,33.30509948730469,1489.0
2024-03-01 09:47:00,ATAI,1.9450000524520874,1.9450000524520874,1.9450000524520874,1.9450000524520874,1.9450000524520874,192.0
2024-03-01 09:47:00,ATEC,13.210100173950195,13.210100173950195,13.210100173950195,13.1899995803833,13.199999809265137,3620.0
2024-03-01 09:47:00,ATRC,34.93000030517578,34.93000030517578,34.93000030517578,34.93000030517578,34.93000030517578,200.0
2024-03-01 09:47:00,ATXI,0.1534000039100647,0.1534000039100647,0.1534000039100647,0.1534000039100647,0.1534000039100647,251.0
2024-03-01 09:47:00,ATXS,14.3100004196167,14.3100004196167,14.420000076293945,14.270000457763672,14.420000076293945,4070.0
2024-03-01 09:47:00,AUPH,5.65500020980835,5.65500020980835,5.662499904632568,5.65500020980835,5.662499904632568,4685.0
2024-03-01 09:47:00,AURA,9.130000114440918,9.130000114440918,9.130000114440918,9.130000114440918,9.130000114440918,206.0
2024-03-01 09:47:00,AVDL,12.470000267028809,12.470000267028809,12.529999732971191,12.449999809265137,12.449999809265137,2669.0
2024-03-01 09:47:00,AXNX,67.4000015258789,67.4000015258789,67.41000366210938,67.4000015258789,67.41000366210938,25585.0
2024-03-01 09:47:00,AXSM,82.61000061035156,82.61000061035156,82.62999725341797,81.73500061035156,81.73500061035156,4756.0
2024-03-01 09:47:00,AZN,64.31999969482422,64.31999969482422,64.3499984741211,64.31999969482422,64.3499984741211,7778.0
2024-03-01 09:47:00,BBIO,34.90999984741211,34.90999984741211,34.90999984741211,34.77000045776367,34.77000045776367,1762.0
2024-03-01 09:47:00,BBLG,2.450000047683716,2.450000047683716,2.6113998889923096,2.450000047683716,2.6050000190734863,4669.0
2024-03-01 09:47:00,BCDA,0.5598999857902527,0.5598999857902527,0.5598999857902527,0.5598999857902527,0.5598999857902527,10048.0
2024-03-01 09:47:00,BCEL,0.26969999074935913,0.26969999074935913,0.26969999074935913,0.26969999074935913,0.26969999074935913,1114.0
2024-03-01 09:47:00,BCRX,5.715000152587891,5.715000152587891,5.744999885559082,5.710000038146973,5.730000019073486,17512.0
2024-03-01 09:47:00,BDSX,1.6749999523162842,1.6749999523162842,1.6950000524520874,1.6749999523162842,1.6950000524520874,2965.0
2024-03-01 09:47:00,BDTX,5.210000038146973,5.210000038146973,5.230000019073486,5.210000038146973,5.223999977111816,1513.0
2024-03-01 09:47:00,BEAM,39.73500061035156,39.73500061035156,39.81999969482422,39.72999954223633,39.72999954223633,1509.0
2024-03-01 09:47:00,BGNE,162.05999755859375,162.05999755859375,162.05999755859375,162.05999755859375,162.05999755859375,596.0
2024-03-01 09:47:00,BIIB,217.01499938964844,217.01499938964844,217.01499938964844,216.8699951171875,216.8699951171875,637.0
2024-03-01 09:47:00,BIOL,0.13740000128746033,0.13740000128746033,0.13840000331401825,0.13740000128746033,0.13840000331401825,7475.0
2024-03-01 09:47:00,BIOR,1.3049999475479126,1.3049999475479126,1.3097000122070312,1.3049999475479126,1.3097000122070312,2726.0
2024-03-01 09:47:00,BIVI,2.763400077819824,2.763400077819824,2.7899999618530273,2.6008999347686768,2.6008999347686768,302119.0
2024-03-01 09:47:00,BLFS,17.6875,17.6875,17.850000381469727,17.621000289916992,17.709999084472656,7367.0
2024-03-01 09:47:00,BLUE,1.5199999809265137,1.5199999809265137,1.5199999809265137,1.5049999952316284,1.5149999856948853,49350.0
2024-03-01 09:47:00,BMEA,17.549999237060547,17.549999237060547,17.549999237060547,17.475000381469727,17.475000381469727,379.0
2024-03-01 09:47:00,BMRN,86.19000244140625,86.19000244140625,86.19000244140625,86.16500091552734,86.16500091552734,762.0
2024-03-01 09:47:00,BNGO,1.2350000143051147,1.2350000143051147,1.2350000143051147,1.2350000143051147,1.2350000143051147,201.0
2024-03-01 09:47:00,BNR,0.878000020980835,0.878000020980835,0.878000020980835,0.8600999712944031,0.8600999712944031,340.0
2024-03-01 09:47:00,BNTX,89.83000183105469,89.83000183105469,89.93000030517578,89.80999755859375,89.93000030517578,520.0
2024-03-01 09:47:00,BRKR,86.11000061035156,86.11000061035156,86.11000061035156,86.11000061035156,86.11000061035156,278.0
2024-03-01 09:47:00,BSGM,0.6800000071525574,0.6800000071525574,0.6800000071525574,0.6800000071525574,0.6800000071525574,1732.0
2024-03-01 09:47:00,BYSI,1.3899999856948853,1.3899999856948853,1.3899999856948853,1.3899999856948853,1.3899999856948853,11.0
2024-03-01 09:47:00,CABA,23.969999313354492,23.969999313354492,23.969999313354492,23.969999313354492,23.969999313354492,453.0
2024-03-01 09:47:00,CALT,21.200000762939453,21.200000762939453,21.200000762939453,21.200000762939453,21.200000762939453,299.0
2024-03-01 09:47:00,CARA,0.859499990940094,0.859499990940094,0.859499990940094,0.859499990940094,0.859499990940094,631.0
2024-03-01 09:47:00,CBAY,32.20000076293945,32.20000076293945,32.20000076293945,32.189998626708984,32.20000076293945,2990.0
2024-03-01 09:47:00,CCCC,10.899999618530273,10.899999618530273,11.015000343322754,10.899999618530273,10.979999542236328,14733.0
2024-03-01 09:47:00,CDMO,7.820000171661377,7.820000171661377,7.820000171661377,7.820000171661377,7.820000171661377,144.0
2024-03-01 09:47:00,CDNA,10.960000038146973,10.960000038146973,10.989999771118164,10.917499542236328,10.917499542236328,4174.0
2024-03-01 09:47:00,CDXS,4.369999885559082,4.369999885559082,4.409999847412109,4.360000133514404,4.409999847412109,14589.0
2024-03-01 09:47:00,CERE,41.09000015258789,41.09000015258789,41.095001220703125,41.09000015258789,41.095001220703125,252.0
2024-03-01 09:47:00,CERS,2.1700000762939453,2.1700000762939453,2.1700000762939453,2.1700000762939453,2.1700000762939453,1100.0
2024-03-01 09:47:00,CERT,17.5049991607666,17.5049991607666,17.579999923706055,17.31999969482422,17.34000015258789,2417.0
2024-03-01 09:47:00,CGC,3.2200000286102295,3.2200000286102295,3.2200000286102295,3.211199998855591,3.2149999141693115,0.0
2024-03-01 09:47:00,CGEM,18.790000915527344,18.790000915527344,18.790000915527344,18.790000915527344,18.790000915527344,107.0
2024-03-01 09:47:00,CGEN,2.5899999141693115,2.5899999141693115,2.5980000495910645,2.5899999141693115,2.5980000495910645,5365.0
2024-03-01 09:47:00,CHRS,2.289900064468384,2.289900064468384,2.2899999618530273,2.274399995803833,2.279900074005127,7032.0
2024-03-01 09:47:00,CING,1.3300000429153442,1.3300000429153442,1.3300000429153442,1.3300000429153442,1.3300000429153442,396.0
2024-03-01 09:47:00,CKPT,2.130000114440918,2.130000114440918,2.1500000953674316,2.119999885559082,2.130000114440918,3100.0
2024-03-01 09:47:00,CLDX,50.75,50.75,50.93000030517578,50.59000015258789,50.90999984741211,3654.0
2024-03-01 09:47:00,CLOV,0.8517000079154968,0.8517000079154968,0.8560000061988831,0.8517000079154968,0.8550000190734863,11656.0
2024-03-01 09:47:00,CLPT,6.54640007019043,6.54640007019043,6.54640007019043,6.54640007019043,6.54640007019043,204.0
2024-03-01 09:47:00,CLSD,1.3799999952316284,1.3799999952316284,1.3799999952316284,1.3799999952316284,1.3799999952316284,200.0
2024-03-01 09:47:00,CMPS,10.54010009765625,10.54010009765625,10.54010009765625,10.54010009765625,10.54010009765625,187.0
2024-03-01 09:47:00,COGT,7.150000095367432,7.150000095367432,7.150000095367432,7.112599849700928,7.130000114440918,3710.0
2024-03-01 09:47:00,COLL,37.224998474121094,37.224998474121094,37.224998474121094,37.224998474121094,37.224998474121094,252.0
2024-03-01 09:47:00,CORT,23.229999542236328,23.229999542236328,23.229999542236328,23.128299713134766,23.139999389648438,2399.0
2024-03-01 09:47:00,COSM,0.7524999976158142,0.7524999976158142,0.7524999976158142,0.7524999976158142,0.7524999976158142,0.0
2024-03-01 09:47:00,CPRX,16.76099967956543,16.76099967956543,16.76099967956543,16.719999313354492,16.728700637817383,20003.0
2024-03-01 09:47:00,CRBP,31.780000686645508,31.780000686645508,31.780000686645508,31.780000686645508,31.780000686645508,4402.0
2024-03-01 09:47:00,CRBU,8.069999694824219,8.069999694824219,8.074399948120117,8.050000190734863,8.0649995803833,3295.0
2024-03-01 09:47:00,CRDF,2.4100000858306885,2.4100000858306885,2.5,2.369999885559082,2.387200117111206,313133.0
2024-03-01 09:47:00,CRDL,2.065000057220459,2.065000057220459,2.065000057220459,2.059999942779541,2.059999942779541,2228.0
2024-03-01 09:47:00,CRNX,44.31999969482422,44.31999969482422,44.327999114990234,44.29999923706055,44.317501068115234,863.0
2024-03-01 09:47:00,CRON,2.0499000549316406,2.0499000549316406,2.0499000549316406,2.0450000762939453,2.0450000762939453,2909.0
2024-03-01 09:47:00,CRSP,84.38500213623047,84.38500213623047,84.67990112304688,84.30000305175781,84.67990112304688,2958.0
2024-03-01 09:47:00,CRVS,2.202500104904175,2.202500104904175,2.202500104904175,2.190000057220459,2.190000057220459,125.0
2024-03-01 09:47:00,CSTL,19.139999389648438,19.139999389648438,19.219999313354492,19.139999389648438,19.219999313354492,589.0
2024-03-01 09:47:00,CTKB,7.800000190734863,7.800000190734863,7.809999942779541,7.800000190734863,7.809999942779541,600.0
2024-03-01 09:47:00,CTMX,2.4489998817443848,2.4489998817443848,2.4489998817443848,2.4489998817443848,2.4489998817443848,200.0
2024-03-01 09:47:00,CUTR,2.1995999813079834,2.1995999813079834,2.199899911880493,2.190000057220459,2.199899911880493,5069.0
2024-03-01 09:47:00,CYTK,74.08000183105469,74.08000183105469,74.12000274658203,74.0,74.04000091552734,3349.0
2024-03-01 09:47:00,CYTO,1.9299999475479126,1.9299999475479126,1.9299999475479126,1.9299999475479126,1.9299999475479126,334.0
2024-03-01 09:47:00,DARE,0.5787000060081482,0.5787000060081482,0.5787000060081482,0.5787000060081482,0.5787000060081482,1750.0
2024-03-01 09:47:00,DAWN,16.969999313354492,16.969999313354492,16.969999313354492,16.924999237060547,16.924999237060547,649.0
2024-03-01 09:47:00,DCGO,4.074999809265137,4.074999809265137,4.079500198364258,4.070000171661377,4.074999809265137,750.0
2024-03-01 09:47:00,DH,9.055000305175781,9.055000305175781,9.055000305175781,9.039999961853027,9.039999961853027,349.0
2024-03-01 09:47:00,DMTK,0.9200000166893005,0.9200000166893005,0.9399999976158142,0.9200000166893005,0.9394000172615051,2854.0
2024-03-01 09:47:00,DNLI,20.68000030517578,20.68000030517578,20.68000030517578,20.635000228881836,20.635000228881836,1074.0
2024-03-01 09:47:00,DRRX,0.9901999831199646,0.9901999831199646,0.9901999831199646,0.9901999831199646,0.9901999831199646,866.0
2024-03-01 09:47:00,DTIL,13.119999885559082,13.119999885559082,13.300000190734863,13.109999656677246,13.12600040435791,2650.0
2024-03-01 09:47:00,DVAX,12.753000259399414,12.753000259399414,12.758700370788574,12.753000259399414,12.758700370788574,510.0
2024-03-01 09:47:00,DXCM,116.2699966430664,116.2699966430664,116.2699966430664,116.06999969482422,116.22000122070312,44057.0
2024-03-01 09:47:00,DYN,28.616899490356445,28.616899490356445,28.616899490356445,28.524999618530273,28.524999618530273,833.0
2024-03-01 09:47:00,EDIT,10.289999961853027,10.289999961853027,10.305000305175781,10.28499984741211,10.305000305175781,1972.0
2024-03-01 09:47:00,EFTR,14.25,14.25,14.250200271606445,14.25,14.250200271606445,345.0
2024-03-01 09:47:00,ELEV,4.809999942779541,4.809999942779541,4.849999904632568,4.80019998550415,4.80019998550415,5153.0
2024-03-01 09:47:00,EMBC,14.270000457763672,14.270000457763672,14.270000457763672,14.270000457763672,14.270000457763672,268.0
2024-03-01 09:47:00,ENTA,14.329999923706055,14.329999923706055,14.329999923706055,14.329999923706055,14.329999923706055,200.0
2024-03-01 09:47:00,ENVB,1.63919997215271,1.63919997215271,1.690000057220459,1.6200000047683716,1.649999976158142,146523.0
2024-03-01 09:47:00,EOLS,14.979999542236328,14.979999542236328,15.045000076293945,14.979999542236328,14.989999771118164,16895.0
2024-03-01 09:47:00,ESPR,2.484999895095825,2.484999895095825,2.490000009536743,2.4814999103546143,2.4814999103546143,4628.0
2024-03-01 09:47:00,ETNB,12.359999656677246,12.359999656677246,12.399999618530273,12.329999923706055,12.329999923706055,3920.0
2024-03-01 09:47:00,EXAI,6.710000038146973,6.710000038146973,6.710000038146973,6.699999809265137,6.699999809265137,978.0
2024-03-01 09:47:00,EXAS,57.939998626708984,57.939998626708984,57.970001220703125,57.880001068115234,57.970001220703125,1199.0
2024-03-01 09:47:00,EXEL,22.420000076293945,22.420000076293945,22.420000076293945,22.401199340820312,22.420000076293945,6586.0
2024-03-01 09:47:00,EYEN,2.1600000858306885,2.1600000858306885,2.1600000858306885,2.140000104904175,2.1503000259399414,19397.0
2024-03-01 09:47:00,EYPT,27.6299991607666,27.6299991607666,27.795000076293945,27.6299991607666,27.7450008392334,2044.0
2024-03-01 09:47:00,FATE,7.454999923706055,7.454999923706055,7.5,7.454999923706055,7.5,2412.0
2024-03-01 09:47:00,FDMT,28.65999984741211,28.65999984741211,28.65999984741211,28.65999984741211,28.65999984741211,285.0
2024-03-01 09:47:00,FEMY,1.7300000190734863,1.7300000190734863,1.7300000190734863,1.7300000190734863,1.7300000190734863,172.0
2024-03-01 09:47:00,FGEN,1.7100000381469727,1.7100000381469727,1.7200000286102295,1.7000999450683594,1.7050000429153442,3859.0
2024-03-01 09:47:00,FHTX,7.855000019073486,7.855000019073486,7.95989990234375,7.784999847412109,7.784999847412109,1066.0
2024-03-01 09:47:00,FLGC,1.2000000476837158,1.2000000476837158,1.2000000476837158,1.190000057220459,1.190000057220459,1151.0
2024-03-01 09:47:00,FOLD,13.345000267028809,13.345000267028809,13.359999656677246,13.34000015258789,13.345000267028809,2569.0
2024-03-01 09:47:00,FULC,10.300000190734863,10.300000190734863,10.300000190734863,10.300000190734863,10.300000190734863,533.0
2024-03-01 09:47:00,FUSN,12.229999542236328,12.229999542236328,12.229999542236328,12.170000076293945,12.170000076293945,333.0
2024-03-01 09:47:00,GCTK,0.30000001192092896,0.30000001192092896,0.30000001192092896,0.30000001192092896,0.30000001192092896,1056.0
2024-03-01 09:47:00,GDRX,8.39330005645752,8.39330005645752,8.399999618530273,8.319999694824219,8.319999694824219,56230.0
2024-03-01 09:47:00,GERN,2.059999942779541,2.059999942779541,2.059999942779541,2.059499979019165,2.059999942779541,8201.0
2024-03-01 09:47:00,GH,19.110000610351562,19.110000610351562,19.1200008392334,19.110000610351562,19.1200008392334,391.0
2024-03-01 09:47:00,GILD,72.28500366210938,72.28500366210938,72.30999755859375,72.23989868164062,72.30999755859375,8727.0
2024-03-01 09:47:00,GLUE,6.240099906921387,6.240099906921387,6.240099906921387,6.240099906921387,6.240099906921387,134.0
2024-03-01 09:47:00,GMAB,28.6299991607666,28.6299991607666,28.6299991607666,28.6299991607666,28.6299991607666,471.0
2024-03-01 09:47:00,GMDA,0.3725999891757965,0.3725999891757965,0.3725999891757965,0.37209999561309814,0.37220001220703125,2891.0
2024-03-01 09:47:00,GOSS,1.3350000381469727,1.3350000381469727,1.3350000381469727,1.3300000429153442,1.3300000429153442,400.0
2024-03-01 09:47:00,GRFS,6.775000095367432,6.775000095367432,6.800000190734863,6.739999771118164,6.75,11395.0
2024-03-01 09:47:00,GRPH,3.5,3.5,3.5,3.5,3.5,190.0
2024-03-01 09:47:00,GRTS,1.9049999713897705,1.9049999713897705,1.9149999618530273,1.899999976158142,1.909999966621399,10842.0
2024-03-01 09:47:00,GRTX,0.22699999809265137,0.22699999809265137,0.22699999809265137,0.22689999639987946,0.22699999809265137,2885.0
2024-03-01 09:47:00,GTHX,3.380000114440918,3.380000114440918,3.380000114440918,3.369999885559082,3.370500087738037,735.0
2024-03-01 09:47:00,HALO,40.7599983215332,40.7599983215332,40.790000915527344,40.7599983215332,40.7599983215332,1402.0
2024-03-01 09:47:00,HARP,22.940000534057617,22.940000534057617,22.940000534057617,22.940000534057617,22.940000534057617,11.0
2024-03-01 09:47:00,HCAT,8.180000305175781,8.180000305175781,8.180000305175781,8.15999984741211,8.15999984741211,267.0
2024-03-01 09:47:00,HCSG,12.59000015258789,12.59000015258789,12.59000015258789,12.554699897766113,12.554699897766113,993.0
2024-03-01 09:47:00,HCTI,2.4149999618530273,2.4149999618530273,2.4149999618530273,2.3710999488830566,2.3710999488830566,603.0
2024-03-01 09:47:00,HEPA,3.240000009536743,3.240000009536743,3.240000009536743,3.240000009536743,3.240000009536743,0.0
2024-03-01 09:47:00,HOLX,73.48999786376953,73.48999786376953,73.48999786376953,73.48999786376953,73.48999786376953,603.0
2024-03-01 09:47:00,HROW,10.880000114440918,10.880000114440918,10.880000114440918,10.880000114440918,10.880000114440918,316.0
2024-03-01 09:47:00,HRTX,2.615000009536743,2.615000009536743,2.619999885559082,2.609999895095825,2.619999885559082,1309.0
2024-03-01 09:47:00,HSIC,76.4749984741211,76.4749984741211,76.5,76.2125015258789,76.25,1507.0
2024-03-01 09:47:00,HSTM,27.344999313354492,27.344999313354492,27.344999313354492,27.31999969482422,27.31999969482422,1097.0
2024-03-01 09:47:00,HUMA,3.099900007247925,3.099900007247925,3.0999999046325684,3.080699920654297,3.0850000381469727,64132.0
2024-03-01 09:47:00,HYPR,1.159999966621399,1.159999966621399,1.2200000286102295,1.149999976158142,1.2200000286102295,3989.0
2024-03-01 09:47:00,IART,36.880001068115234,36.880001068115234,36.880001068115234,36.84000015258789,36.84000015258789,535.0
2024-03-01 09:47:00,IBRX,4.815000057220459,4.815000057220459,4.829999923706055,4.807499885559082,4.815000057220459,8686.0
2024-03-01 09:47:00,ICLR,319.635009765625,319.635009765625,319.635009765625,319.635009765625,319.635009765625,168.0
2024-03-01 09:47:00,ICUI,104.44999694824219,104.44999694824219,104.44999694824219,104.44999694824219,104.44999694824219,498.0
2024-03-01 09:47:00,IDXX,561.5474853515625,561.5474853515625,562.5399780273438,561.260009765625,562.5399780273438,1938.0
2024-03-01 09:47:00,IKNA,1.4500000476837158,1.4500000476837158,1.4500000476837158,1.4500000476837158,1.4500000476837158,3048.0
2024-03-01 09:47:00,ILMN,136.29449462890625,136.29449462890625,136.46499633789062,136.2100067138672,136.2100067138672,5564.0
2024-03-01 09:47:00,IMAB,1.850000023841858,1.850000023841858,1.850000023841858,1.8450000286102295,1.8450000286102295,4622.0
2024-03-01 09:47:00,IMCR,67.83999633789062,67.83999633789062,67.98999786376953,67.83999633789062,67.84500122070312,574.0
2024-03-01 09:47:00,IMMP,2.2899999618530273,2.2899999618530273,2.2899999618530273,2.2899999618530273,2.2899999618530273,242.0
2024-03-01 09:47:00,IMMX,3.390000104904175,3.390000104904175,3.390000104904175,3.390000104904175,3.390000104904175,300.0
2024-03-01 09:47:00,IMNM,24.690000534057617,24.690000534057617,24.690000534057617,24.690000534057617,24.690000534057617,1509.0
2024-03-01 09:47:00,IMNN,1.149999976158142,1.149999976158142,1.149999976158142,1.149999976158142,1.149999976158142,500.0
2024-03-01 09:47:00,IMRX,6.083600044250488,6.083600044250488,6.083600044250488,6.083600044250488,6.083600044250488,678.0
2024-03-01 09:47:00,IMUX,1.4700000286102295,1.4700000286102295,1.4700000286102295,1.4700000286102295,1.4700000286102295,615.0
2024-03-01 09:47:00,IMVT,36.73500061035156,36.73500061035156,36.779998779296875,36.73500061035156,36.7599983215332,649.0
2024-03-01 09:47:00,INCY,58.459999084472656,58.459999084472656,58.529998779296875,58.459999084472656,58.470001220703125,1082.0
2024-03-01 09:47:00,INGN,6.710000038146973,6.710000038146973,6.710000038146973,6.679999828338623,6.679999828338623,1009.0
2024-03-01 09:47:00,INMD,22.030000686645508,22.030000686645508,22.040000915527344,22.030000686645508,22.040000915527344,594.0
2024-03-01 09:47:00,INSM,28.010000228881836,28.010000228881836,28.010000228881836,28.010000228881836,28.010000228881836,335.0
2024-03-01 09:47:00,INVA,15.680000305175781,15.680000305175781,15.75,15.65999984741211,15.75,3511.0
2024-03-01 09:47:00,INZY,6.420000076293945,6.420000076293945,6.449999809265137,6.420000076293945,6.449999809265137,1010.0
2024-03-01 09:47:00,IOBT,1.649999976158142,1.649999976158142,1.649999976158142,1.6349999904632568,1.6497999429702759,1269.0
2024-03-01 09:47:00,IONS,45.040000915527344,45.040000915527344,45.13990020751953,45.040000915527344,45.07500076293945,998.0
2024-03-01 09:47:00,IOVA,16.559999465942383,16.559999465942383,16.559999465942383,16.46500015258789,16.509899139404297,24043.0
2024-03-01 09:47:00,IPA,1.8799999952316284,1.8799999952316284,1.8799999952316284,1.8799999952316284,1.8799999952316284,580.0
2024-03-01 09:47:00,IRWD,8.875,8.875,8.889800071716309,8.8100004196167,8.885000228881836,11658.0
2024-03-01 09:47:00,ISRG,385.1499938964844,385.1499938964844,385.6000061035156,384.760009765625,385.4800109863281,8781.0
2024-03-01 09:47:00,ITCI,70.91999816894531,70.91999816894531,70.91999816894531,70.91000366210938,70.91999816894531,378.0
2024-03-01 09:47:00,IXHL,4.985000133514404,4.985000133514404,4.985000133514404,4.985000133514404,4.985000133514404,3738.0
2024-03-01 09:47:00,JAGX,0.06080000102519989,0.06080000102519989,0.06120000034570694,0.060100000351667404,0.06120000034570694,38314.0
2024-03-01 09:47:00,JANX,47.70000076293945,47.70000076293945,47.70000076293945,46.58000183105469,47.20000076293945,5246.0
2024-03-01 09:47:00,JAZZ,121.0,121.0,121.58000183105469,121.0,121.38500213623047,18054.0
2024-03-01 09:47:00,KALV,14.078200340270996,14.078200340270996,14.149999618530273,14.039999961853027,14.149999618530273,812.0
2024-03-01 09:47:00,KNSA,21.450000762939453,21.450000762939453,21.469999313354492,21.399999618530273,21.468599319458008,3855.0
2024-03-01 09:47:00,KNTE,2.5950000286102295,2.5950000286102295,2.6012001037597656,2.5950000286102295,2.6012001037597656,0.0
2024-03-01 09:47:00,KOD,6.079999923706055,6.079999923706055,6.079999923706055,6.0792999267578125,6.0792999267578125,531.0
2024-03-01 09:47:00,KPTI,1.149999976158142,1.149999976158142,1.1549999713897705,1.149999976158142,1.1549999713897705,1292.0
2024-03-01 09:47:00,KRYS,163.86500549316406,163.86500549316406,163.86500549316406,162.5,162.5,1419.0
2024-03-01 09:47:00,KTRA,0.10109999775886536,0.10109999775886536,0.10260000079870224,0.10109999775886536,0.10260000079870224,470.0
2024-03-01 09:47:00,KURA,21.31999969482422,21.31999969482422,21.399999618530273,21.280000686645508,21.399999618530273,3048.0
2024-03-01 09:47:00,KZIA,0.25999999046325684,0.25999999046325684,0.25999999046325684,0.25999999046325684,0.25999999046325684,1004.0
2024-03-01 09:47:00,LAB,2.299999952316284,2.299999952316284,2.299999952316284,2.299999952316284,2.299999952316284,1675.0
2024-03-01 09:47:00,LEGN,65.20970153808594,65.20970153808594,65.20970153808594,65.20970153808594,65.20970153808594,188.0
2024-03-01 09:47:00,LEXX,2.6198999881744385,2.6198999881744385,2.6198999881744385,2.6050000190734863,2.609999895095825,11235.0
2024-03-01 09:47:00,LFST,8.069999694824219,8.069999694824219,8.069999694824219,8.039999961853027,8.055000305175781,2526.0
2024-03-01 09:47:00,LIVN,54.2599983215332,54.2599983215332,54.2599983215332,54.2599983215332,54.2599983215332,195.0
2024-03-01 09:47:00,LTRN,4.809999942779541,4.809999942779541,4.849999904632568,4.809999942779541,4.849999904632568,346.0
2024-03-01 09:47:00,LUCD,1.225000023841858,1.225000023841858,1.225000023841858,1.225000023841858,1.225000023841858,320.0
2024-03-01 09:47:00,LVTX,2.7699999809265137,2.7699999809265137,2.7799999713897705,2.7699999809265137,2.7699999809265137,500.0
2024-03-01 09:47:00,LXRX,2.375,2.375,2.3891000747680664,2.375,2.3891000747680664,5348.0
2024-03-01 09:47:00,LYEL,2.9649999141693115,2.9649999141693115,2.9649999141693115,2.9600000381469727,2.9600000381469727,491.0
2024-03-01 09:47:00,LYRA,5.420000076293945,5.420000076293945,5.460000038146973,5.420000076293945,5.430099964141846,1098.0
2024-03-01 09:47:00,MACK,14.710000038146973,14.710000038146973,14.710000038146973,14.710000038146973,14.710000038146973,0.0
2024-03-01 09:47:00,MASI,127.93000030517578,127.93000030517578,127.93000030517578,127.93000030517578,127.93000030517578,311.0
2024-03-01 09:47:00,MCRB,1.1398999691009521,1.1398999691009521,1.1399999856948853,1.1299999952316284,1.139799952507019,11073.0
2024-03-01 09:47:00,MDRX,5.550000190734863,5.550000190734863,5.800000190734863,5.550000190734863,5.800000190734863,9752.0
2024-03-01 09:47:00,MDXG,8.420000076293945,8.420000076293945,8.420000076293945,8.40999984741211,8.40999984741211,981.0
2024-03-01 09:47:00,ME,0.5508999824523926,0.5508999824523926,0.551800012588501,0.550000011920929,0.550000011920929,2630.0
2024-03-01 09:47:00,MESO,1.9900000095367432,1.9900000095367432,2.0,1.9900000095367432,2.0,5220.0
2024-03-01 09:47:00,MGNX,18.389999389648438,18.389999389648438,18.389999389648438,18.3799991607666,18.3799991607666,463.0
2024-03-01 09:47:00,MIRM,29.209999084472656,29.209999084472656,29.209999084472656,29.209999084472656,29.209999084472656,200.0
2024-03-01 09:47:00,MIST,1.6799999475479126,1.6799999475479126,1.7000000476837158,1.6799999475479126,1.7000000476837158,1110.0
2024-03-01 09:47:00,MLTX,52.15999984741211,52.15999984741211,52.15999984741211,52.02009963989258,52.130001068115234,1613.0
2024-03-01 09:47:00,MMSI,76.08499908447266,76.08499908447266,76.19999694824219,76.08000183105469,76.19999694824219,1578.0
2024-03-01 09:47:00,MNKD,4.360000133514404,4.360000133514404,4.360000133514404,4.3460001945495605,4.349999904632568,11622.0
2024-03-01 09:47:00,MNMD,5.625,5.625,5.625,5.621500015258789,5.621500015258789,247.0
2024-03-01 09:47:00,MNPR,0.7699999809265137,0.7699999809265137,0.7699999809265137,0.7699999809265137,0.7699999809265137,372.0
2024-03-01 09:47:00,MOR,17.549999237060547,17.549999237060547,17.559900283813477,17.549999237060547,17.549999237060547,2594.0
2024-03-01 09:47:00,MORF,37.875,37.875,37.875,37.875,37.875,312.0
2024-03-01 09:47:00,MOTS,0.6998000144958496,0.6998000144958496,0.6998000144958496,0.6729999780654907,0.6729999780654907,580.0
2024-03-01 09:47:00,MRNA,92.54000091552734,92.54000091552734,92.54000091552734,92.30000305175781,92.34500122070312,4054.0
2024-03-01 09:47:00,MRNS,9.729999542236328,9.729999542236328,9.760000228881836,9.729999542236328,9.760000228881836,1174.0
2024-03-01 09:47:00,MRSN,5.75,5.75,5.849999904632568,5.75,5.849999904632568,13474.0
2024-03-01 09:47:00,MRUS,48.79499816894531,48.79499816894531,48.842498779296875,48.79499816894531,48.79499816894531,503.0
2024-03-01 09:47:00,MRVI,7.614999771118164,7.614999771118164,7.644999980926514,7.610000133514404,7.639999866485596,2683.0
2024-03-01 09:47:00,MXCT,4.599999904632568,4.599999904632568,4.599999904632568,4.599999904632568,4.599999904632568,641.0
2024-03-01 09:47:00,MYGN,20.80500030517578,20.80500030517578,20.84000015258789,20.770000457763672,20.770000457763672,4573.0
2024-03-01 09:47:00,NARI,44.64500045776367,44.64500045776367,44.70000076293945,44.529998779296875,44.70000076293945,5644.0
2024-03-01 09:47:00,NBIX,130.9600067138672,130.9600067138672,130.9600067138672,130.72999572753906,130.72999572753906,372.0
2024-03-01 09:47:00,NEOG,16.90999984741211,16.90999984741211,16.90999984741211,16.90999984741211,16.90999984741211,672.0
2024-03-01 09:47:00,NEPT,0.4268999993801117,0.4268999993801117,0.4268999993801117,0.4268999993801117,0.4268999993801117,2190.0
2024-03-01 09:47:00,NGM,1.524999976158142,1.524999976158142,1.524999976158142,1.520900011062622,1.520900011062622,4801.0
2024-03-01 09:47:00,NNOX,10.960000038146973,10.960000038146973,10.960000038146973,10.860099792480469,10.890000343322754,34222.0
2024-03-01 09:47:00,NOTV,7.289999961853027,7.289999961853027,7.400000095367432,7.289999961853027,7.369999885559082,2769.0
2024-03-01 09:47:00,NRSN,1.7979999780654907,1.7979999780654907,1.7979999780654907,1.7979999780654907,1.7979999780654907,3000.0
2024-03-01 09:47:00,NRXP,0.39750000834465027,0.39750000834465027,0.39750000834465027,0.38999998569488525,0.39010000228881836,2601.0
2024-03-01 09:47:00,NSPR,2.700000047683716,2.700000047683716,2.7100000381469727,2.700000047683716,2.7100000381469727,0.0
2024-03-01 09:47:00,NTLA,32.53499984741211,32.53499984741211,32.54999923706055,32.53499984741211,32.54999923706055,771.0
2024-03-01 09:47:00,NTRA,88.91999816894531,88.91999816894531,89.0999984741211,88.56999969482422,88.7699966430664,5286.0
2024-03-01 09:47:00,NUTX,0.11569999903440475,0.11569999903440475,0.1168999969959259,0.11569999903440475,0.1168999969959259,1404.0
2024-03-01 09:47:00,NVAX,4.769999980926514,4.769999980926514,4.819900035858154,4.760000228881836,4.800000190734863,157722.0
2024-03-01 09:47:00,NVCR,15.28499984741211,15.28499984741211,15.319999694824219,15.28499984741211,15.319999694824219,390.0
2024-03-01 09:47:00,NVOS,0.6165000200271606,0.6165000200271606,0.6165000200271606,0.6147000193595886,0.6147000193595886,129.0
2024-03-01 09:47:00,NXL,0.3102000057697296,0.3102000057697296,0.3102000057697296,0.3102000057697296,0.3102000057697296,2071.0
2024-03-01 09:47:00,OCGN,0.9182000160217285,0.9182000160217285,0.921999990940094,0.9100000262260437,0.9100000262260437,31003.0
2024-03-01 09:47:00,OCUL,10.329999923706055,10.329999923706055,10.369999885559082,10.319999694824219,10.34000015258789,6232.0
2024-03-01 09:47:00,OFIX,12.920000076293945,12.920000076293945,12.920000076293945,12.920000076293945,12.920000076293945,343.0
2024-03-01 09:47:00,OM,3.0399999618530273,3.0399999618530273,3.0399999618530273,3.0399999618530273,3.0399999618530273,165.0
2024-03-01 09:47:00,OMER,4.619999885559082,4.619999885559082,4.630000114440918,4.599999904632568,4.610000133514404,2218.0
2024-03-01 09:47:00,OMGA,4.110000133514404,4.110000133514404,4.119999885559082,4.090000152587891,4.090000152587891,334.0
2024-03-01 09:47:00,ONCY,1.0877000093460083,1.0877000093460083,1.0877000093460083,1.0850000381469727,1.0850000381469727,2250.0
2024-03-01 09:48:00,ABCL,5.079999923706055,5.079999923706055,5.079999923706055,5.079999923706055,5.079999923706055,1380.0
2024-03-01 09:48:00,ABOS,4.449999809265137,4.449999809265137,4.485000133514404,4.449999809265137,4.460000038146973,15823.0
2024-03-01 09:48:00,ABSI,5.150000095367432,5.150000095367432,5.159999847412109,5.130000114440918,5.144999980926514,3953.0
2024-03-01 09:48:00,ACB,3.0055999755859375,3.0055999755859375,3.0055999755859375,2.990000009536743,2.990000009536743,888.0
2024-03-01 09:48:00,ACCD,10.119999885559082,10.119999885559082,10.119999885559082,10.119999885559082,10.119999885559082,561.0
2024-03-01 09:48:00,ACET,2.3424999713897705,2.3424999713897705,2.3424999713897705,2.3424999713897705,2.3424999713897705,127.0
2024-03-01 09:48:00,ACHL,1.375,1.375,1.3899999856948853,1.3700000047683716,1.3700000047683716,6690.0
2024-03-01 09:48:00,ACLX,68.66500091552734,68.66500091552734,68.66500091552734,68.66500091552734,68.66500091552734,127.0
2024-03-01 09:48:00,ACON,0.38499999046325684,0.38499999046325684,0.38989999890327454,0.38499999046325684,0.38989999890327454,10362.0
2024-03-01 09:48:00,ACRS,1.2400000095367432,1.2400000095367432,1.2400000095367432,1.2400000095367432,1.2400000095367432,306.0
2024-03-01 09:48:00,ACXP,2.819999933242798,2.819999933242798,2.819999933242798,2.819999933242798,2.819999933242798,638.0
2024-03-01 09:48:00,ADIL,3.2899999618530273,3.2899999618530273,3.4600000381469727,3.25,3.390000104904175,718308.0
2024-03-01 09:48:00,ADMA,5.380000114440918,5.380000114440918,5.380000114440918,5.380000114440918,5.380000114440918,3086.0
2024-03-01 09:48:00,ADPT,4.039999961853027,4.039999961853027,4.039999961853027,4.019999980926514,4.03000020980835,296.0
2024-03-01 09:48:00,ADVM,1.9900000095367432,1.9900000095367432,1.9900000095367432,1.9900000095367432,1.9900000095367432,0.0
2024-03-01 09:48:00,AGEN,0.6800000071525574,0.6800000071525574,0.6801000237464905,0.6800000071525574,0.6800000071525574,26569.0
2024-03-01 09:48:00,AGIO,32.36000061035156,32.36000061035156,32.36000061035156,32.349998474121094,32.349998474121094,253.0
2024-03-01 09:48:00,AHCO,10.489999771118164,10.489999771118164,10.489999771118164,10.430000305175781,10.454999923706055,1265.0
2024-03-01 09:48:00,AIMD,0.9674999713897705,0.9674999713897705,0.9674999713897705,0.9674999713897705,0.9674999713897705,1110.0
2024-03-01 09:48:00,AIRS,6.510000228881836,6.510000228881836,6.510000228881836,6.510000228881836,6.510000228881836,120.0
2024-03-01 09:48:00,AKAN,0.2671999931335449,0.2671999931335449,0.26989999413490295,0.2660999894142151,0.26989999413490295,11387.0
2024-03-01 09:48:00,AKBA,1.6100000143051147,1.6100000143051147,1.6100000143051147,1.6098999977111816,1.6100000143051147,5552.0
2024-03-01 09:48:00,AKLI,0.34150001406669617,0.34150001406669617,0.34209999442100525,0.34150001406669617,0.34209999442100525,5332.0
2024-03-01 09:48:00,AKRO,28.055200576782227,28.055200576782227,28.209999084472656,28.055200576782227,28.209999084472656,892.0
2024-03-01 09:48:00,ALDX,3.858799934387207,3.858799934387207,3.858799934387207,3.8550000190734863,3.8550000190734863,2075.0
2024-03-01 09:48:00,ALEC,7.25,7.25,7.25,7.25,7.25,1.0
2024-03-01 09:48:00,ALGN,298.0,298.0,298.0,297.7300109863281,297.7300109863281,726.0
2024-03-01 09:48:00,ALGS,0.9853000044822693,0.9853000044822693,0.9853000044822693,0.9853000044822693,0.9853000044822693,0.0
2024-03-01 09:48:00,ALHC,5.909999847412109,5.909999847412109,5.909999847412109,5.900000095367432,5.900000095367432,1684.0
2024-03-01 09:48:00,ALKS,30.079999923706055,30.079999923706055,30.15999984741211,30.079999923706055,30.1200008392334,8801.0
2024-03-01 09:48:00,ALLK,1.5449999570846558,1.5449999570846558,1.5499999523162842,1.5449999570846558,1.5499999523162842,5230.0
2024-03-01 09:48:00,ALLO,4.929999828338623,4.929999828338623,4.929999828338623,4.914000034332275,4.925000190734863,1617.0
2024-03-01 09:48:00,ALLR,0.40610000491142273,0.40610000491142273,0.40610000491142273,0.40610000491142273,0.40610000491142273,0.0
2024-03-01 09:48:00,ALNY,150.73500061035156,150.73500061035156,150.77000427246094,150.73500061035156,150.77000427246094,609.0
2024-03-01 09:48:00,ALPN,35.5,35.5,35.5,35.5,35.5,201.0
2024-03-01 09:48:00,ALT,12.170000076293945,12.170000076293945,12.199999809265137,12.079999923706055,12.199999809265137,18154.0
2024-03-01 09:48:00,ALVR,0.75,0.75,0.75,0.75,0.75,400.0
2024-03-01 09:48:00,AMGN,276.80999755859375,276.80999755859375,276.80999755859375,276.4200134277344,276.6700134277344,3329.0
2024-03-01 09:48:00,AMLX,18.895000457763672,18.895000457763672,18.895000457763672,18.84000015258789,18.84000015258789,452.0
2024-03-01 09:48:00,AMPH,46.29999923706055,46.29999923706055,46.529998779296875,46.29999923706055,46.529998779296875,581.0
2024-03-01 09:48:00,AMRN,1.034999966621399,1.034999966621399,1.034999966621399,1.0190000534057617,1.0190000534057617,21977.0
2024-03-01 09:48:00,ANGO,5.300000190734863,5.300000190734863,5.320000171661377,5.300000190734863,5.320000171661377,2025.0
2024-03-01 09:48:00,ANNX,5.985000133514404,5.985000133514404,5.985000133514404,5.985000133514404,5.985000133514404,376.0
2024-03-01 09:48:00,APDN,0.5823000073432922,0.5823000073432922,0.5823000073432922,0.5821999907493591,0.5821999907493591,100.0
2024-03-01 09:48:00,APLS,61.68000030517578,61.68000030517578,61.724998474121094,61.630001068115234,61.65999984741211,2345.0
2024-03-01 09:48:00,APLT,7.590000152587891,7.590000152587891,7.605000019073486,7.590000152587891,7.599999904632568,1100.0
2024-03-01 09:48:00,APVO,0.1696999967098236,0.1696999967098236,0.16990000009536743,0.16899999976158142,0.16990000009536743,3860.0
2024-03-01 09:48:00,AQST,4.019999980926514,4.019999980926514,4.039999961853027,3.9200000762939453,3.930000066757202,64232.0
2024-03-01 09:48:00,ARDX,9.539999961853027,9.539999961853027,9.539999961853027,9.510000228881836,9.510000228881836,3701.0
2024-03-01 09:48:00,ARGX,380.125,380.125,381.375,379.5,381.375,3896.0
2024-03-01 09:48:00,ARQT,10.640000343322754,10.640000343322754,10.6850004196167,10.550000190734863,10.65999984741211,13920.0
2024-03-01 09:48:00,ARVN,48.959999084472656,48.959999084472656,48.959999084472656,48.779998779296875,48.8849983215332,1268.0
2024-03-01 09:48:00,ARWR,33.599998474121094,33.599998474121094,33.599998474121094,33.410099029541016,33.44499969482422,4374.0
2024-03-01 09:48:00,ASLN,0.8798999786376953,0.8798999786376953,0.8798999786376953,0.8798999786376953,0.8798999786376953,214.0
2024-03-01 09:48:00,ASND,148.56500244140625,148.56500244140625,148.97000122070312,148.56500244140625,148.8699951171875,500.0
2024-03-01 09:48:00,ASRT,0.8898000121116638,0.8898000121116638,0.8898000121116638,0.8898000121116638,0.8898000121116638,300.0
2024-03-01 09:48:00,ATEC,13.210000038146973,13.210000038146973,13.210000038146973,13.170000076293945,13.210000038146973,4079.0
2024-03-01 09:48:00,ATHA,3.9000000953674316,3.9000000953674316,3.9000000953674316,3.9000000953674316,3.9000000953674316,200.0
2024-03-01 09:48:00,ATRA,0.7894999980926514,0.7894999980926514,0.7979999780654907,0.7799999713897705,0.7799999713897705,7615.0
2024-03-01 09:48:00,ATRC,34.875,34.875,34.875,34.875,34.875,330.0
2024-03-01 09:48:00,AUPH,5.690000057220459,5.690000057220459,5.690000057220459,5.659999847412109,5.659999847412109,6087.0
2024-03-01 09:48:00,AVDL,12.65999984741211,12.65999984741211,12.65999984741211,12.5600004196167,12.5600004196167,3577.0
2024-03-01 09:48:00,AVTE,22.510000228881836,22.510000228881836,23.09000015258789,22.510000228881836,23.09000015258789,7084.0
2024-03-01 09:48:00,AVXL,5.180099964141846,5.180099964141846,5.180099964141846,5.170000076293945,5.170100212097168,1242.0
2024-03-01 09:48:00,AXNX,67.4000015258789,67.4000015258789,67.41000366210938,67.4000015258789,67.4000015258789,4653.0
2024-03-01 09:48:00,AZN,64.27999877929688,64.27999877929688,64.31999969482422,64.2750015258789,64.31999969482422,6389.0
2024-03-01 09:48:00,BBIO,34.840599060058594,34.840599060058594,34.93989944458008,34.840599060058594,34.93989944458008,1626.0
2024-03-01 09:48:00,BBLG,2.5,2.5,2.509999990463257,2.460099935531616,2.460099935531616,1369.0
2024-03-01 09:48:00,BCEL,0.2680000066757202,0.2680000066757202,0.2680000066757202,0.2680000066757202,0.2680000066757202,200.0
2024-03-01 09:48:00,BDSX,1.6201000213623047,1.6201000213623047,1.659999966621399,1.6201000213623047,1.6514999866485596,2094.0
2024-03-01 09:48:00,BDTX,5.210000038146973,5.210000038146973,5.210000038146973,5.210000038146973,5.210000038146973,108.0
2024-03-01 09:48:00,BEAM,39.59000015258789,39.59000015258789,39.76060104370117,39.5,39.75,2822.0
2024-03-01 09:48:00,BGXX,0.27090001106262207,0.27090001106262207,0.27090001106262207,0.27090001106262207,0.27090001106262207,84.0
2024-03-01 09:48:00,BIIB,217.02999877929688,217.02999877929688,217.02999877929688,217.02999877929688,217.02999877929688,311.0
2024-03-01 09:48:00,BIOR,1.2899999618530273,1.2899999618530273,1.309399962425232,1.2899999618530273,1.309399962425232,5907.0
2024-03-01 09:48:00,BIVI,2.8399999141693115,2.8399999141693115,2.8499999046325684,2.7200000286102295,2.7690000534057617,549058.0
2024-03-01 09:48:00,BLFS,17.209999084472656,17.209999084472656,17.690000534057617,17.209999084472656,17.6200008392334,25459.0
2024-03-01 09:48:00,BLRX,1.3700000047683716,1.3700000047683716,1.3825000524520874,1.3700000047683716,1.3825000524520874,4898.0
2024-03-01 09:48:00,BLUE,1.5299999713897705,1.5299999713897705,1.5299999713897705,1.5099999904632568,1.5149999856948853,33347.0
2024-03-01 09:48:00,BMEA,17.549999237060547,17.549999237060547,17.610000610351562,17.549999237060547,17.56999969482422,2486.0
2024-03-01 09:48:00,BMRN,86.18000030517578,86.18000030517578,86.18499755859375,86.18000030517578,86.18499755859375,594.0
2024-03-01 09:48:00,BNGO,1.2400000095367432,1.2400000095367432,1.2400000095367432,1.2400000095367432,1.2400000095367432,200.0
2024-03-01 09:48:00,BNOX,1.2300000190734863,1.2300000190734863,1.2300000190734863,1.2300000190734863,1.2300000190734863,2165.0
2024-03-01 09:48:00,BNTX,89.9000015258789,89.9000015258789,89.9800033569336,89.86000061035156,89.86000061035156,1896.0
2024-03-01 09:48:00,BPMC,95.63999938964844,95.63999938964844,95.63999938964844,95.63999938964844,95.63999938964844,541.0
2024-03-01 09:48:00,BPTS,0.4900999963283539,0.4900999963283539,0.49050000309944153,0.4900999963283539,0.49050000309944153,1074.0
2024-03-01 09:48:00,BTCY,0.9218000173568726,0.9218000173568726,0.9218000173568726,0.9218000173568726,0.9218000173568726,0.0
2024-03-01 09:48:00,BTTX,0.16259999573230743,0.16259999573230743,0.16259999573230743,0.16189999878406525,0.16189999878406525,2730.0
2024-03-01 09:48:00,BVS,4.634200096130371,4.634200096130371,4.634200096130371,4.634200096130371,4.634200096130371,489.0
2024-03-01 09:48:00,CABA,23.8799991607666,23.8799991607666,23.8799991607666,23.8799991607666,23.8799991607666,236.0
2024-03-01 09:48:00,CAPR,4.519999980926514,4.519999980926514,4.519999980926514,4.519999980926514,4.519999980926514,1405.0
2024-03-01 09:48:00,CARA,0.8593000173568726,0.8593000173568726,0.8593000173568726,0.8593000173568726,0.8593000173568726,801.0
2024-03-01 09:48:00,CBAY,32.20000076293945,32.20000076293945,32.20000076293945,32.20000076293945,32.20000076293945,3371.0
2024-03-01 09:48:00,CCCC,11.0,11.0,11.010000228881836,10.9399995803833,10.9399995803833,5780.0
2024-03-01 09:48:00,CDMO,7.820000171661377,7.820000171661377,7.820000171661377,7.820000171661377,7.820000171661377,169.0
2024-03-01 09:48:00,CDNA,11.024999618530273,11.024999618530273,11.024999618530273,10.880000114440918,10.970000267028809,20768.0
2024-03-01 09:48:00,CDXC,1.6706000566482544,1.6706000566482544,1.6706000566482544,1.6706000566482544,1.6706000566482544,1081.0
2024-03-01 09:48:00,CDXS,4.380000114440918,4.380000114440918,4.380000114440918,4.349999904632568,4.380000114440918,21012.0
2024-03-01 09:48:00,CERE,41.092498779296875,41.092498779296875,41.095001220703125,41.092498779296875,41.095001220703125,818.0
2024-03-01 09:48:00,CERS,2.1700000762939453,2.1700000762939453,2.1700000762939453,2.1649999618530273,2.1700000762939453,101.0
2024-03-01 09:48:00,CERT,17.600000381469727,17.600000381469727,17.658000946044922,17.43000030517578,17.5049991607666,12915.0
2024-03-01 09:48:00,CGC,3.220099925994873,3.220099925994873,3.220099925994873,3.2100000381469727,3.2149999141693115,8440.0
2024-03-01 09:48:00,CGEM,18.899999618530273,18.899999618530273,18.899999618530273,18.690000534057617,18.790000915527344,501.0
2024-03-01 09:48:00,CGEN,2.5850000381469727,2.5850000381469727,2.5850000381469727,2.5850000381469727,2.5850000381469727,160.0
2024-03-01 09:48:00,CHRS,2.2899999618530273,2.2899999618530273,2.2899999618530273,2.289599895477295,2.289900064468384,2324.0
2024-03-01 09:48:00,CLDX,50.58000183105469,50.58000183105469,50.779998779296875,50.560001373291016,50.7400016784668,3143.0
2024-03-01 09:48:00,CLNN,0.38999998569488525,0.38999998569488525,0.3977000117301941,0.38999998569488525,0.38999998569488525,18495.0
2024-03-01 09:48:00,CLOV,0.8533999919891357,0.8533999919891357,0.8555999994277954,0.8533999919891357,0.8555999994277954,6254.0
2024-03-01 09:48:00,CMPX,1.7899999618530273,1.7899999618530273,1.7899999618530273,1.7899999618530273,1.7899999618530273,100.0
2024-03-01 09:48:00,CMRX,1.1200000047683716,1.1200000047683716,1.1200000047683716,1.1150000095367432,1.1150000095367432,8801.0
2024-03-01 09:48:00,CNTX,1.1699999570846558,1.1699999570846558,1.1699999570846558,1.1699999570846558,1.1699999570846558,266.0
2024-03-01 09:48:00,COGT,7.190000057220459,7.190000057220459,7.190000057220459,7.150000095367432,7.150000095367432,2286.0
2024-03-01 09:48:00,CORT,23.274999618530273,23.274999618530273,23.274999618530273,23.2549991607666,23.2549991607666,222.0
2024-03-01 09:48:00,COSM,0.7524999976158142,0.7524999976158142,0.7524999976158142,0.7523999810218811,0.7523999810218811,1100.0
2024-03-01 09:48:00,CPRX,16.8799991607666,16.8799991607666,16.8799991607666,16.75,16.764999389648438,12181.0
2024-03-01 09:48:00,CPSI,9.895000457763672,9.895000457763672,9.895000457763672,9.8100004196167,9.8100004196167,689.0
2024-03-01 09:48:00,CRBP,31.780000686645508,31.780000686645508,31.780000686645508,31.780000686645508,31.780000686645508,325.0
2024-03-01 09:48:00,CRBU,8.050000190734863,8.050000190734863,8.050000190734863,8.039999961853027,8.039999961853027,1576.0
2024-03-01 09:48:00,CRDF,2.4000000953674316,2.4000000953674316,2.4100000858306885,2.3299999237060547,2.4000000953674316,121037.0
2024-03-01 09:48:00,CRDL,2.068000078201294,2.068000078201294,2.069999933242798,2.068000078201294,2.069999933242798,0.0
2024-03-01 09:48:00,CRNX,44.439998626708984,44.439998626708984,44.459999084472656,44.314998626708984,44.314998626708984,1065.0
2024-03-01 09:48:00,CRON,2.04010009765625,2.04010009765625,2.04010009765625,2.0399999618530273,2.0399999618530273,0.0
2024-03-01 09:48:00,CRSP,84.37000274658203,84.37000274658203,84.37000274658203,84.0,84.16999816894531,1552.0
2024-03-01 09:48:00,CSTL,19.299999237060547,19.299999237060547,19.299999237060547,19.200000762939453,19.200000762939453,532.0
2024-03-01 09:48:00,CTKB,7.800000190734863,7.800000190734863,7.809999942779541,7.789999961853027,7.800000190734863,2335.0
2024-03-01 09:48:00,CTMX,2.440000057220459,2.440000057220459,2.4549999237060547,2.440000057220459,2.440000057220459,423.0
2024-03-01 09:48:00,CTSO,0.9649999737739563,0.9649999737739563,0.9649999737739563,0.9649999737739563,0.9649999737739563,200.0
2024-03-01 09:48:00,CUE,2.0922999382019043,2.0922999382019043,2.0922999382019043,2.0922999382019043,2.0922999382019043,812.0
2024-03-01 09:48:00,CUTR,2.2100000381469727,2.2100000381469727,2.2100000381469727,2.200000047683716,2.200000047683716,982.0
2024-03-01 09:48:00,CVAC,3.424999952316284,3.424999952316284,3.424999952316284,3.4149999618530273,3.4149999618530273,15646.0
2024-03-01 09:48:00,CYTK,73.97000122070312,73.97000122070312,74.1500015258789,73.97000122070312,74.08999633789062,2336.0
2024-03-01 09:48:00,DARE,0.5799000263214111,0.5799000263214111,0.5799999833106995,0.5770000219345093,0.5770000219345093,3679.0
2024-03-01 09:48:00,DAWN,16.969999313354492,16.969999313354492,16.969999313354492,16.90999984741211,16.90999984741211,440.0
2024-03-01 09:48:00,DCGO,4.059999942779541,4.059999942779541,4.070000171661377,4.050000190734863,4.070000171661377,1400.0
2024-03-01 09:48:00,DCPH,17.0,17.0,17.0,17.0,17.0,414.0
2024-03-01 09:48:00,DH,9.020000457763672,9.020000457763672,9.039999961853027,9.020000457763672,9.039999961853027,928.0
2024-03-01 09:48:00,DMTK,0.9399999976158142,0.9399999976158142,0.9399999976158142,0.9100000262260437,0.9200999736785889,5114.0
2024-03-01 09:48:00,DNLI,20.719600677490234,20.719600677490234,20.719600677490234,20.674999237060547,20.674999237060547,711.0
2024-03-01 09:48:00,DRRX,0.9901999831199646,0.9901999831199646,0.9901999831199646,0.9901999831199646,0.9901999831199646,617.0
2024-03-01 09:48:00,DTIL,13.184599876403809,13.184599876403809,13.246800422668457,13.184599876403809,13.199999809265137,1529.0
2024-03-01 09:48:00,DVAX,12.770000457763672,12.770000457763672,12.770000457763672,12.770000457763672,12.770000457763672,501.0
2024-03-01 09:48:00,DXCM,116.1500015258789,116.1500015258789,116.29000091552734,115.95999908447266,116.2300033569336,5864.0
2024-03-01 09:48:00,DYN,28.500600814819336,28.500600814819336,28.53499984741211,28.453899383544922,28.453899383544922,950.0
2024-03-01 09:48:00,EDAP,6.321899890899658,6.321899890899658,6.321899890899658,6.321899890899658,6.321899890899658,2908.0
2024-03-01 09:48:00,EDIT,10.329999923706055,10.329999923706055,10.329999923706055,10.289999961853027,10.289999961853027,4458.0
2024-03-01 09:48:00,ELDN,1.815000057220459,1.815000057220459,1.815000057220459,1.7901999950408936,1.7999999523162842,3497.0
2024-03-01 09:48:00,ELEV,4.849899768829346,4.849899768829346,4.849999904632568,4.809999942779541,4.840000152587891,10452.0
2024-03-01 09:48:00,ENSG,124.09500122070312,124.09500122070312,124.34500122070312,124.09500122070312,124.34500122070312,1650.0
2024-03-01 09:48:00,ENTA,14.350000381469727,14.350000381469727,14.380000114440918,14.1899995803833,14.1899995803833,8361.0
2024-03-01 09:48:00,ENVB,1.6549999713897705,1.6549999713897705,1.6699999570846558,1.6299999952316284,1.6349999904632568,49815.0
2024-03-01 09:48:00,EOLS,14.994999885559082,14.994999885559082,15.019700050354004,14.994999885559082,15.019700050354004,721.0
2024-03-01 09:48:00,ERAS,2.375999927520752,2.375999927520752,2.375999927520752,2.375999927520752,2.375999927520752,500.0
2024-03-01 09:48:00,ESPR,2.484999895095825,2.484999895095825,2.484999895095825,2.484999895095825,2.484999895095825,113.0
2024-03-01 09:48:00,ETNB,12.329999923706055,12.329999923706055,12.399999618530273,12.329999923706055,12.364999771118164,3897.0
2024-03-01 09:48:00,EVGN,0.9100000262260437,0.9100000262260437,0.9100000262260437,0.9100000262260437,0.9100000262260437,900.0
2024-03-01 09:48:00,EWTX,16.200000762939453,16.200000762939453,16.200000762939453,16.200000762939453,16.200000762939453,385.0
2024-03-01 09:48:00,EXAI,6.730000019073486,6.730000019073486,6.730000019073486,6.730000019073486,6.730000019073486,517.0
2024-03-01 09:48:00,EXAS,58.1515007019043,58.1515007019043,58.19049835205078,57.94499969482422,57.94499969482422,4047.0
2024-03-01 09:48:00,EXEL,22.34000015258789,22.34000015258789,22.434999465942383,22.34000015258789,22.420000076293945,5890.0
2024-03-01 09:48:00,EYEN,2.159899950027466,2.159899950027466,2.1700000762939453,2.1500000953674316,2.1600000858306885,5072.0
2024-03-01 09:48:00,EYPT,27.739999771118164,27.739999771118164,27.739999771118164,27.639999389648438,27.639999389648438,2815.0
2024-03-01 09:48:00,FATE,7.434999942779541,7.434999942779541,7.434999942779541,7.420000076293945,7.420000076293945,2304.0
2024-03-01 09:48:00,FBIO,2.1600000858306885,2.1600000858306885,2.1600000858306885,2.1600000858306885,2.1600000858306885,905.0
2024-03-01 09:48:00,FDMT,28.764999389648438,28.764999389648438,28.764999389648438,28.690000534057617,28.690000534057617,637.0
2024-03-01 09:48:00,FHTX,7.929999828338623,7.929999828338623,7.929999828338623,7.929999828338623,7.929999828338623,1485.0
2024-03-01 09:48:00,FIXX,0.9300000071525574,0.9300000071525574,0.9300000071525574,0.9300000071525574,0.9300000071525574,2200.0
2024-03-01 09:48:00,FLGT,22.6299991607666,22.6299991607666,22.6299991607666,22.6200008392334,22.6200008392334,979.0
2024-03-01 09:48:00,FOLD,13.359999656677246,13.359999656677246,13.359999656677246,13.359999656677246,13.359999656677246,1394.0
2024-03-01 09:48:00,FORA,2.8499999046325684,2.8499999046325684,2.8499999046325684,2.8499999046325684,2.8499999046325684,1695.0
2024-03-01 09:48:00,FULC,10.3100004196167,10.3100004196167,10.3100004196167,10.3100004196167,10.3100004196167,418.0
2024-03-01 09:48:00,FUSN,12.229999542236328,12.229999542236328,12.229999542236328,12.180000305175781,12.180000305175781,350.0
2024-03-01 09:48:00,GBIO,2.4700000286102295,2.4700000286102295,2.4700000286102295,2.4700000286102295,2.4700000286102295,138.0
2024-03-01 09:48:00,GDRX,8.395000457763672,8.395000457763672,8.399999618530273,8.359999656677246,8.390600204467773,25201.0
2024-03-01 09:48:00,GERN,2.059999942779541,2.059999942779541,2.069999933242798,2.0599000453948975,2.065000057220459,6338.0
2024-03-01 09:48:00,GH,19.209999084472656,19.209999084472656,19.239999771118164,19.079999923706055,19.079999923706055,26062.0
2024-03-01 09:48:00,GHRS,8.682100296020508,8.682100296020508,8.682100296020508,8.682100296020508,8.682100296020508,348.0
2024-03-01 09:48:00,GILD,72.41000366210938,72.41000366210938,72.43000030517578,72.29000091552734,72.29000091552734,11861.0
2024-03-01 09:48:00,GMAB,28.6299991607666,28.6299991607666,28.6299991607666,28.6299991607666,28.6299991607666,918.0
2024-03-01 09:48:00,GOSS,1.3450000286102295,1.3450000286102295,1.350000023841858,1.3350000381469727,1.3350000381469727,4496.0
2024-03-01 09:48:00,GRFS,6.78000020980835,6.78000020980835,6.78000020980835,6.739999771118164,6.75,14715.0
2024-03-01 09:48:00,GRTS,1.909999966621399,1.909999966621399,1.9199999570846558,1.899999976158142,1.9079999923706055,20729.0
2024-03-01 09:48:00,GRTX,0.22599999606609344,0.22599999606609344,0.22699999809265137,0.22499999403953552,0.226500004529953,6565.0
2024-03-01 09:48:00,GTHX,3.390500068664551,3.390500068664551,3.390500068664551,3.385999917984009,3.390000104904175,1498.0
2024-03-01 09:48:00,HALO,40.869998931884766,40.869998931884766,40.869998931884766,40.7599983215332,40.77000045776367,2044.0
2024-03-01 09:48:00,HARP,22.950000762939453,22.950000762939453,22.950000762939453,22.940000534057617,22.940000534057617,300.0
2024-03-01 09:48:00,HCSG,12.579999923706055,12.579999923706055,12.579999923706055,12.579999923706055,12.579999923706055,229.0
2024-03-01 09:48:00,HCTI,2.3701000213623047,2.3701000213623047,2.4100000858306885,2.3701000213623047,2.400099992752075,3458.0
2024-03-01 09:48:00,HEPA,3.1600000858306885,3.1600000858306885,3.1600000858306885,3.1600000858306885,3.1600000858306885,0.0
2024-03-01 09:48:00,HITI,1.7400000095367432,1.7400000095367432,1.7400000095367432,1.7400000095367432,1.7400000095367432,596.0
2024-03-01 09:48:00,HOLX,73.55999755859375,73.55999755859375,73.56500244140625,73.55500030517578,73.56500244140625,782.0
2024-03-01 09:48:00,HQY,82.54000091552734,82.54000091552734,82.54000091552734,82.45999908447266,82.45999908447266,307.0
2024-03-01 09:48:00,HRMY,31.219999313354492,31.219999313354492,31.219999313354492,31.079999923706055,31.079999923706055,12950.0
2024-03-01 09:48:00,HRTX,2.609999895095825,2.609999895095825,2.609999895095825,2.6050000190734863,2.609999895095825,1402.0
2024-03-01 09:48:00,HSIC,76.61499786376953,76.61499786376953,76.61499786376953,76.61000061035156,76.61000061035156,234.0
2024-03-01 09:48:00,HUMA,3.139899969100952,3.139899969100952,3.140000104904175,3.0950000286102295,3.0950000286102295,23542.0
2024-03-01 09:48:00,HYPR,1.2115000486373901,1.2115000486373901,1.2115000486373901,1.184999942779541,1.184999942779541,8900.0
2024-03-01 09:48:00,IART,36.77000045776367,36.77000045776367,36.77000045776367,36.77000045776367,36.77000045776367,389.0
2024-03-01 09:48:00,IBRX,4.811200141906738,4.811200141906738,4.814000129699707,4.78000020980835,4.814000129699707,5559.0
2024-03-01 09:48:00,ICAD,1.756700038909912,1.756700038909912,1.756700038909912,1.756700038909912,1.756700038909912,124.0
2024-03-01 09:48:00,ICLR,320.2449951171875,320.2449951171875,320.2449951171875,320.0199890136719,320.0199890136719,1008.0
2024-03-01 09:48:00,ICUI,104.5,104.5,104.60250091552734,104.5,104.5,2402.0
2024-03-01 09:48:00,IDXX,561.510009765625,561.510009765625,561.7000122070312,560.1799926757812,560.1799926757812,2017.0
2024-03-01 09:48:00,IDYA,45.869998931884766,45.869998931884766,45.869998931884766,45.869998931884766,45.869998931884766,506.0
2024-03-01 09:48:00,IFRX,1.75,1.75,1.75,1.75,1.75,0.0
2024-03-01 09:48:00,IKT,2.190000057220459,2.190000057220459,2.190000057220459,2.190000057220459,2.190000057220459,118.0
2024-03-01 09:48:00,ILMN,136.5,136.5,136.5,136.0,136.24000549316406,1181.0
2024-03-01 09:48:00,IMAB,1.8700000047683716,1.8700000047683716,1.8700000047683716,1.8600000143051147,1.8600000143051147,645.0
2024-03-01 09:48:00,IMCR,67.98999786376953,67.98999786376953,67.98999786376953,67.95999908447266,67.97000122070312,891.0
2024-03-01 09:48:00,IMMX,3.390000104904175,3.390000104904175,3.390000104904175,3.390000104904175,3.390000104904175,100.0
2024-03-01 09:48:00,IMNN,1.1425000429153442,1.1425000429153442,1.1425000429153442,1.1425000429153442,1.1425000429153442,266.0
2024-03-01 09:48:00,IMUX,1.4800000190734863,1.4800000190734863,1.4800000190734863,1.4766000509262085,1.4766000509262085,1931.0
2024-03-01 09:48:00,IMVT,36.86000061035156,36.86000061035156,36.86000061035156,36.77000045776367,36.77000045776367,1820.0
2024-03-01 09:48:00,INCY,58.59000015258789,58.59000015258789,58.59000015258789,58.54999923706055,58.54999923706055,840.0
2024-03-01 09:48:00,INMB,11.6899995803833,11.6899995803833,11.6899995803833,11.6899995803833,11.6899995803833,19.0
2024-03-01 09:48:00,INMD,22.06999969482422,22.06999969482422,22.06999969482422,22.040000915527344,22.040000915527344,479.0
2024-03-01 09:48:00,INO,9.0,9.0,9.0,8.880000114440918,8.885000228881836,2902.0
2024-03-01 09:48:00,INSM,28.05500030517578,28.05500030517578,28.09000015258789,28.05500030517578,28.09000015258789,465.0
2024-03-01 09:48:00,INVA,15.680000305175781,15.680000305175781,15.704999923706055,15.670000076293945,15.704999923706055,2320.0
2024-03-01 09:48:00,INVO,1.190000057220459,1.190000057220459,1.190000057220459,1.190000057220459,1.190000057220459,915.0
2024-03-01 09:48:00,INZY,6.420000076293945,6.420000076293945,6.420000076293945,6.420000076293945,6.420000076293945,400.0
2024-03-01 09:48:00,IONS,45.095001220703125,45.095001220703125,45.095001220703125,45.095001220703125,45.095001220703125,274.0
2024-03-01 09:48:00,IOVA,16.514999389648438,16.514999389648438,16.570100784301758,16.434999465942383,16.570100784301758,32976.0
2024-03-01 09:48:00,IPA,1.8799999952316284,1.8799999952316284,1.8799999952316284,1.8799999952316284,1.8799999952316284,141.0
2024-03-01 09:48:00,IRTC,116.12999725341797,116.12999725341797,116.12999725341797,116.12999725341797,116.12999725341797,105.0
2024-03-01 09:48:00,IRWD,8.854999542236328,8.854999542236328,8.875,8.850000381469727,8.875,7958.0
2024-03-01 09:48:00,ISRG,385.2300109863281,385.2300109863281,385.3999938964844,384.95001220703125,385.07000732421875,17081.0
2024-03-01 09:48:00,ITCI,70.91999816894531,70.91999816894531,70.91999816894531,70.91999816894531,70.91999816894531,516.0
2024-03-01 09:48:00,IXHL,5.009500026702881,5.009500026702881,5.009500026702881,5.009500026702881,5.009500026702881,0.0
2024-03-01 09:48:00,JAGX,0.060499999672174454,0.060499999672174454,0.060499999672174454,0.060499999672174454,0.060499999672174454,4076.0
2024-03-01 09:48:00,JANX,47.630001068115234,47.630001068115234,47.66999816894531,47.31999969482422,47.65999984741211,2158.0
2024-03-01 09:48:00,JAZZ,121.08999633789062,121.08999633789062,121.08999633789062,120.93000030517578,121.08000183105469,3681.0
2024-03-01 09:48:00,KALV,14.045000076293945,14.045000076293945,14.085000038146973,14.045000076293945,14.085000038146973,202.0
2024-03-01 09:48:00,KNSA,21.434999465942383,21.434999465942383,21.434999465942383,21.434999465942383,21.434999465942383,103.0
2024-03-01 09:48:00,KNTE,2.5920000076293945,2.5920000076293945,2.5950000286102295,2.5899999141693115,2.5950000286102295,6900.0
2024-03-01 09:48:00,KOD,6.090000152587891,6.090000152587891,6.090000152587891,6.089399814605713,6.089399814605713,621.0
2024-03-01 09:48:00,KPTI,1.149999976158142,1.149999976158142,1.1549999713897705,1.149999976158142,1.1549999713897705,0.0
2024-03-01 09:48:00,KRTX,316.0,316.0,316.29998779296875,315.8800048828125,316.2799987792969,2977.0
2024-03-01 09:48:00,KRYS,165.0,165.0,165.11500549316406,164.35499572753906,164.35499572753906,2730.0
2024-03-01 09:48:00,KURA,21.334999084472656,21.334999084472656,21.334999084472656,21.28380012512207,21.28380012512207,423.0
2024-03-01 09:48:00,KZR,1.0606000423431396,1.0606000423431396,1.0700000524520874,1.0606000423431396,1.0681999921798706,2530.0
2024-03-01 09:48:00,LAB,2.2804999351501465,2.2804999351501465,2.299999952316284,2.2799999713897705,2.299999952316284,2018.0
2024-03-01 09:48:00,LEGN,65.18250274658203,65.18250274658203,65.19400024414062,65.1050033569336,65.19400024414062,376.0
2024-03-01 09:48:00,LEXX,2.6149001121520996,2.6149001121520996,2.630000114440918,2.590100049972534,2.6198999881744385,2510.0
2024-03-01 09:48:00,LFMD,7.929999828338623,7.929999828338623,7.929999828338623,7.920000076293945,7.929999828338623,935.0
2024-03-01 09:48:00,LFST,8.050000190734863,8.050000190734863,8.09000015258789,8.050000190734863,8.085000038146973,2962.0
2024-03-01 09:48:00,LIVN,54.47999954223633,54.47999954223633,54.47999954223633,54.36000061035156,54.36000061035156,646.0
2024-03-01 09:48:00,LIXT,2.5857999324798584,2.5857999324798584,2.651599884033203,2.537100076675415,2.651599884033203,5058.0
2024-03-01 09:48:00,LTRN,4.849999904632568,4.849999904632568,4.849999904632568,4.81879997253418,4.81879997253418,378.0
2024-03-01 09:48:00,LUNG,9.079999923706055,9.079999923706055,9.079999923706055,9.079999923706055,9.079999923706055,187.0
2024-03-01 09:48:00,LVTX,2.7699999809265137,2.7699999809265137,2.7790000438690186,2.7699999809265137,2.7790000438690186,1854.0
2024-03-01 09:48:00,LXRX,2.3801000118255615,2.3801000118255615,2.3801000118255615,2.375,2.375,7604.0
2024-03-01 09:48:00,LYEL,2.984999895095825,2.984999895095825,2.987499952316284,2.9700000286102295,2.9700000286102295,4434.0
2024-03-01 09:48:00,MASI,128.0800018310547,128.0800018310547,128.20750427246094,128.0800018310547,128.20750427246094,555.0
2024-03-01 09:48:00,MBRX,0.6144000291824341,0.6144000291824341,0.6204000115394592,0.6144000291824341,0.6150000095367432,28098.0
2024-03-01 09:48:00,MCRB,1.1399999856948853,1.1399999856948853,1.1399999856948853,1.1399999856948853,1.1399999856948853,500.0
2024-03-01 09:48:00,MDGL,242.5749969482422,242.5749969482422,242.5749969482422,242.5749969482422,242.5749969482422,594.0
2024-03-01 09:48:00,MDRX,5.800000190734863,5.800000190734863,5.800000190734863,5.670000076293945,5.670000076293945,21676.0
2024-03-01 09:48:00,MDXG,8.460000038146973,8.460000038146973,8.460000038146973,8.454999923706055,8.454999923706055,1108.0
2024-03-01 09:48:00,ME,0.553600013256073,0.553600013256073,0.553600013256073,0.5508999824523926,0.551800012588501,24262.0
2024-03-01 09:48:00,MEDP,399.19500732421875,399.19500732421875,399.19500732421875,399.19500732421875,399.19500732421875,155.0
2024-03-01 09:48:00,MGNX,18.499799728393555,18.499799728393555,18.499799728393555,18.420000076293945,18.420000076293945,2006.0
2024-03-01 09:48:00,MGTX,6.139999866485596,6.139999866485596,6.190000057220459,6.139999866485596,6.170000076293945,679.0
2024-03-01 09:48:00,MIRM,29.389999389648438,29.389999389648438,29.389999389648438,29.389999389648438,29.389999389648438,90.0
2024-03-01 09:48:00,MIST,1.6791000366210938,1.6791000366210938,1.684999942779541,1.6699999570846558,1.6720000505447388,4011.0
2024-03-01 09:48:00,MLTX,52.27000045776367,52.27000045776367,52.27000045776367,52.02009963989258,52.154998779296875,6513.0
2024-03-01 09:48:00,MMSI,76.01000213623047,76.01000213623047,76.01000213623047,76.01000213623047,76.01000213623047,142.0
2024-03-01 09:48:00,MNKD,4.355000019073486,4.355000019073486,4.360000133514404,4.351200103759766,4.360000133514404,4308.0
2024-03-01 09:48:00,MNMD,5.639999866485596,5.639999866485596,5.639999866485596,5.619999885559082,5.619999885559082,672.0
2024-03-01 09:48:00,MNPR,0.7523999810218811,0.7523999810218811,0.7523999810218811,0.7523999810218811,0.7523999810218811,2003.0
2024-03-01 09:48:00,MOR,17.540000915527344,17.540000915527344,17.540000915527344,17.540000915527344,17.540000915527344,141.0
2024-03-01 09:48:00,MREO,3.7899999618530273,3.7899999618530273,3.7899999618530273,3.7699999809265137,3.779900074005127,3289.0
2024-03-01 09:48:00,MRNA,93.19499969482422,93.19499969482422,93.25,92.47000122070312,92.54000091552734,27289.0
2024-03-01 09:48:00,MRSN,5.800000190734863,5.800000190734863,5.803199768066406,5.760000228881836,5.764999866485596,2000.0
2024-03-01 09:48:00,MRUS,48.775001525878906,48.775001525878906,48.88999938964844,48.775001525878906,48.88999938964844,2258.0
2024-03-01 09:48:00,MRVI,7.650000095367432,7.650000095367432,7.650000095367432,7.619999885559082,7.619999885559082,1203.0
2024-03-01 09:48:00,MXCT,4.60099983215332,4.60099983215332,4.60099983215332,4.60099983215332,4.60099983215332,662.0
2024-03-01 09:48:00,MYGN,20.80500030517578,20.80500030517578,20.80500030517578,20.80500030517578,20.80500030517578,506.0
2024-03-01 09:48:00,NARI,44.6150016784668,44.6150016784668,44.64500045776367,44.5,44.64500045776367,7057.0
2024-03-01 09:48:00,NBIX,130.9199981689453,130.9199981689453,131.05999755859375,130.77000427246094,130.77000427246094,1814.0
2024-03-01 09:48:00,NEO,15.604999542236328,15.604999542236328,15.614999771118164,15.579999923706055,15.614999771118164,6286.0
2024-03-01 09:48:00,NEOG,16.90999984741211,16.90999984741211,16.90999984741211,16.889999389648438,16.889999389648438,1118.0
2024-03-01 09:48:00,NEPT,0.41499999165534973,0.41499999165534973,0.4268999993801117,0.41499999165534973,0.4268999993801117,6069.0
2024-03-01 09:48:00,NKTR,0.7210000157356262,0.7210000157356262,0.7254999876022339,0.7210000157356262,0.7254999876022339,10526.0
2024-03-01 09:48:00,NKTX,12.460000038146973,12.460000038146973,12.460000038146973,12.395000457763672,12.395000457763672,1171.0
2024-03-01 09:48:00,NNOX,11.045000076293945,11.045000076293945,11.0600004196167,10.890000343322754,10.970000267028809,11123.0
2024-03-01 09:48:00,NOTV,7.329999923706055,7.329999923706055,7.329999923706055,7.309999942779541,7.309999942779541,949.0
2024-03-01 09:48:00,NRIX,12.600000381469727,12.600000381469727,12.600000381469727,12.51729965209961,12.550000190734863,1435.0
2024-03-01 09:48:00,NRSN,1.809999942779541,1.809999942779541,1.809999942779541,1.809999942779541,1.809999942779541,0.0
2024-03-01 09:48:00,NRXP,0.39980000257492065,0.39980000257492065,0.39980000257492065,0.39980000257492065,0.39980000257492065,4276.0
2024-03-01 09:48:00,NTLA,32.529998779296875,32.529998779296875,32.529998779296875,32.45000076293945,32.52000045776367,1413.0
2024-03-01 09:48:00,NTRA,89.04000091552734,89.04000091552734,89.08999633789062,88.79000091552734,89.02999877929688,7268.0
2024-03-01 09:48:00,NVAX,4.820000171661377,4.820000171661377,4.824999809265137,4.764999866485596,4.769999980926514,49328.0
2024-03-01 09:48:00,NVCR,15.329999923706055,15.329999923706055,15.329999923706055,15.329999923706055,15.329999923706055,130.0
2024-03-01 09:48:00,NVNO,6.224999904632568,6.224999904632568,6.224999904632568,6.224999904632568,6.224999904632568,210.0
2024-03-01 09:48:00,NVOS,0.6198999881744385,0.6198999881744385,0.6198999881744385,0.6194999814033508,0.6194999814033508,316.0
2024-03-01 09:48:00,NXTC,1.7100000381469727,1.7100000381469727,1.7100000381469727,1.7100000381469727,1.7100000381469727,200.0
2024-03-01 09:48:00,OCGN,0.9211999773979187,0.9211999773979187,0.9248999953269958,0.919700026512146,0.9243000149726868,5634.0
2024-03-01 09:48:00,OCUL,10.399999618530273,10.399999618530273,10.399999618530273,10.289999961853027,10.329999923706055,15214.0
2024-03-01 09:48:00,OFIX,12.944999694824219,12.944999694824219,12.944999694824219,12.944999694824219,12.944999694824219,557.0
2024-03-01 09:48:00,OGI,2.075000047683716,2.075000047683716,2.075000047683716,2.057499885559082,2.057499885559082,3555.0
2024-03-01 09:48:00,OLK,22.31999969482422,22.31999969482422,22.31999969482422,22.31999969482422,22.31999969482422,233.0
2024-03-01 09:48:00,OLMA,13.0,13.0,13.0,12.930000305175781,12.930000305175781,281.0
2024-03-01 09:48:00,OM,3.049999952316284,3.049999952316284,3.049999952316284,3.049999952316284,3.049999952316284,200.0
2024-03-01 09:48:00,OMER,4.630000114440918,4.630000114440918,4.639999866485596,4.619999885559082,4.639999866485596,928.0
2024-03-01 09:48:00,OMGA,4.090000152587891,4.090000152587891,4.119900226593018,4.090000152587891,4.119900226593018,461.0
2024-03-01 09:48:00,ONCY,1.0901000499725342,1.0901000499725342,1.0901000499725342,1.0901000499725342,1.0901000499725342,3470.0
2024-03-01 09:49:00,ABCL,5.0879998207092285,5.0879998207092285,5.090000152587891,5.0879998207092285,5.090000152587891,637.0
2024-03-01 09:49:00,ABEO,7.150000095367432,7.150000095367432,7.150000095367432,7.150000095367432,7.150000095367432,754.0
2024-03-01 09:49:00,ABOS,4.434999942779541,4.434999942779541,4.454999923706055,4.434999942779541,4.454999923706055,1224.0
2024-03-01 09:49:00,ABSI,5.139999866485596,5.139999866485596,5.166999816894531,5.139999866485596,5.164999961853027,2322.0
2024-03-01 09:49:00,ABUS,2.765000104904175,2.765000104904175,2.7750000953674316,2.765000104904175,2.765000104904175,3306.0
2024-03-01 09:49:00,ACAD,23.524999618530273,23.524999618530273,23.524999618530273,23.524999618530273,23.524999618530273,297.0
2024-03-01 09:49:00,ACB,3.009999990463257,3.009999990463257,3.0199999809265137,3.009999990463257,3.015000104904175,4085.0
2024-03-01 09:49:00,ACCD,10.15999984741211,10.15999984741211,10.15999984741211,10.15999984741211,10.15999984741211,206.0
2024-03-01 09:49:00,ACHL,1.378999948501587,1.378999948501587,1.3792999982833862,1.378999948501587,1.3792999982833862,3908.0
2024-03-01 09:49:00,ACHV,3.990000009536743,3.990000009536743,3.990000009536743,3.990000009536743,3.990000009536743,135.0
2024-03-01 09:49:00,ACLX,68.6500015258789,68.6500015258789,68.6500015258789,68.6500015258789,68.6500015258789,609.0
2024-03-01 09:49:00,ACRS,1.25,1.25,1.25,1.238800048828125,1.238800048828125,3877.0
2024-03-01 09:49:00,ACXP,2.9600000381469727,2.9600000381469727,2.9600000381469727,2.9600000381469727,2.9600000381469727,0.0
2024-03-01 09:49:00,ADIL,3.313699960708618,3.313699960708618,3.380000114440918,3.2300000190734863,3.2899999618530273,403080.0
2024-03-01 09:49:00,ADMA,5.375,5.375,5.375,5.370500087738037,5.375,920.0
2024-03-01 09:49:00,ADPT,4.050000190734863,4.050000190734863,4.050000190734863,4.039999961853027,4.039999961853027,745.0
2024-03-01 09:49:00,ADUS,92.375,92.375,92.375,92.375,92.375,365.0
2024-03-01 09:49:00,ADVM,1.9800000190734863,1.9800000190734863,1.9900000095367432,1.9800000190734863,1.9900000095367432,436.0
2024-03-01 09:49:00,AFIB,0.20180000364780426,0.20180000364780426,0.20180000364780426,0.20180000364780426,0.20180000364780426,267.0
2024-03-01 09:49:00,AGEN,0.6805999875068665,0.6805999875068665,0.6807000041007996,0.6800000071525574,0.6800000071525574,21388.0
2024-03-01 09:49:00,AGIO,32.5099983215332,32.5099983215332,32.5099983215332,32.377498626708984,32.45000076293945,859.0
2024-03-01 09:49:00,AGRX,0.821399986743927,0.821399986743927,0.821399986743927,0.821399986743927,0.821399986743927,3000.0
2024-03-01 09:49:00,AHCO,10.479999542236328,10.479999542236328,10.489999771118164,10.45989990234375,10.489999771118164,1412.0
2024-03-01 09:49:00,AIMD,0.9700000286102295,0.9700000286102295,0.9700000286102295,0.9549999833106995,0.9549999833106995,859.0
2024-03-01 09:49:00,AIRS,6.409999847412109,6.409999847412109,6.409999847412109,6.409999847412109,6.409999847412109,194.0
2024-03-01 09:49:00,AKAN,0.260699987411499,0.260699987411499,0.2671000063419342,0.2605000138282776,0.2671000063419342,44073.0
2024-03-01 09:49:00,AKBA,1.6200000047683716,1.6200000047683716,1.625,1.6200000047683716,1.6200000047683716,3257.0
2024-03-01 09:49:00,AKLI,0.33880001306533813,0.33880001306533813,0.3400000035762787,0.33880001306533813,0.3400000035762787,1127.0
2024-03-01 09:49:00,AKRO,28.1200008392334,28.1200008392334,28.156299591064453,28.079999923706055,28.079999923706055,825.0
2024-03-01 09:49:00,ALDX,3.8901000022888184,3.8901000022888184,3.8901000022888184,3.869999885559082,3.869999885559082,8430.0
2024-03-01 09:49:00,ALEC,7.25,7.25,7.25,7.25,7.25,440.0
2024-03-01 09:49:00,ALGN,299.1099853515625,299.1099853515625,299.1099853515625,298.0,298.0,3063.0
2024-03-01 09:49:00,ALKS,30.059999465942383,30.059999465942383,30.059999465942383,30.020000457763672,30.059999465942383,2436.0
2024-03-01 09:49:00,ALLO,4.940000057220459,4.940000057220459,4.940000057220459,4.930500030517578,4.930500030517578,663.0
2024-03-01 09:49:00,ALNY,151.03500366210938,151.03500366210938,151.03500366210938,150.91000366210938,150.91000366210938,1111.0
2024-03-01 09:49:00,ALPN,35.5,35.5,35.54859924316406,35.5,35.5,2540.0
2024-03-01 09:49:00,ALT,12.170000076293945,12.170000076293945,12.199899673461914,12.149999618530273,12.184499740600586,9837.0
2024-03-01 09:49:00,ALVO,15.539999961853027,15.539999961853027,15.694999694824219,15.539999961853027,15.694999694824219,202.0
2024-03-01 09:49:00,ALVR,0.75,0.75,0.75,0.7390000224113464,0.7390000224113464,392.0
2024-03-01 09:49:00,AMGN,276.6499938964844,276.6499938964844,276.8399963378906,276.6300048828125,276.8399963378906,6812.0
2024-03-01 09:49:00,AMLX,18.854999542236328,18.854999542236328,18.854999542236328,18.854999542236328,18.854999542236328,300.0
2024-03-01 09:49:00,AMPH,46.305999755859375,46.305999755859375,46.305999755859375,46.209999084472656,46.209999084472656,2014.0
2024-03-01 09:49:00,AMRN,1.024999976158142,1.024999976158142,1.034999966621399,1.0199999809265137,1.0300999879837036,23546.0
2024-03-01 09:49:00,ANGO,5.300000190734863,5.300000190734863,5.300000190734863,5.300000190734863,5.300000190734863,914.0
2024-03-01 09:49:00,ANIK,24.469999313354492,24.469999313354492,24.469999313354492,24.469999313354492,24.469999313354492,213.0
2024-03-01 09:49:00,ANNX,5.980000019073486,5.980000019073486,6.0,5.96999979019165,6.0,3158.0
2024-03-01 09:49:00,APLS,61.744998931884766,61.744998931884766,61.744998931884766,61.61000061035156,61.61000061035156,2763.0
2024-03-01 09:49:00,APLT,7.630000114440918,7.630000114440918,7.630000114440918,7.550000190734863,7.571899890899658,6870.0
2024-03-01 09:49:00,APRE,8.819999694824219,8.819999694824219,8.819999694824219,8.460000038146973,8.460000038146973,2234.0
2024-03-01 09:49:00,AQST,4.03000020980835,4.03000020980835,4.039999961853027,3.994999885559082,4.003799915313721,33129.0
2024-03-01 09:49:00,ARDX,9.539999961853027,9.539999961853027,9.550000190734863,9.53499984741211,9.545000076293945,29394.0
2024-03-01 09:49:00,ARQT,10.670000076293945,10.670000076293945,10.670000076293945,10.630000114440918,10.649999618530273,11476.0
2024-03-01 09:49:00,ARVN,49.209999084472656,49.209999084472656,49.209999084472656,49.13999938964844,49.13999938964844,1014.0
2024-03-01 09:49:00,ARWR,33.582000732421875,33.582000732421875,33.599998474121094,33.5,33.599998474121094,3750.0
2024-03-01 09:49:00,ASND,149.00999450683594,149.00999450683594,149.00999450683594,148.57000732421875,148.57000732421875,659.0
2024-03-01 09:49:00,ASRT,0.8992999792098999,0.8992999792098999,0.8992999792098999,0.8898000121116638,0.8898000121116638,4917.0
2024-03-01 09:49:00,ATAI,1.9490000009536743,1.9490000009536743,1.9500000476837158,1.945199966430664,1.9500000476837158,903.0
2024-03-01 09:49:00,ATEC,13.229999542236328,13.229999542236328,13.229999542236328,13.220000267028809,13.220000267028809,1187.0
2024-03-01 09:49:00,ATRA,0.7885000109672546,0.7885000109672546,0.7894999980926514,0.7800999879837036,0.7894999980926514,3540.0
2024-03-01 09:49:00,ATRC,34.97760009765625,34.97760009765625,34.97760009765625,34.97760009765625,34.97760009765625,258.0
2024-03-01 09:49:00,ATXI,0.15209999680519104,0.15209999680519104,0.1527000069618225,0.15209999680519104,0.1527000069618225,1081.0
2024-03-01 09:49:00,AUGX,4.465000152587891,4.465000152587891,4.5,4.465000152587891,4.5,401.0
2024-03-01 09:49:00,AUPH,5.684999942779541,5.684999942779541,5.690100193023682,5.684999942779541,5.690100193023682,1979.0
2024-03-01 09:49:00,AUTL,6.059999942779541,6.059999942779541,6.099999904632568,6.059999942779541,6.099999904632568,1221.0
2024-03-01 09:49:00,AVDL,12.779999732971191,12.779999732971191,12.779999732971191,12.779999732971191,12.779999732971191,550.0
2024-03-01 09:49:00,AVTE,22.5,22.5,22.5,22.5,22.5,155.0
2024-03-01 09:49:00,AVXL,5.175000190734863,5.175000190734863,5.175000190734863,5.175000190734863,5.175000190734863,103.0
2024-03-01 09:49:00,AXNX,67.4000015258789,67.4000015258789,67.40850067138672,67.4000015258789,67.4000015258789,3300.0
2024-03-01 09:49:00,AYTU,2.9000000953674316,2.9000000953674316,2.9000000953674316,2.9000000953674316,2.9000000953674316,619.0
2024-03-01 09:49:00,AZN,64.2699966430664,64.2699966430664,64.27999877929688,64.26000213623047,64.27999877929688,4542.0
2024-03-01 09:49:00,BBIO,34.810001373291016,34.810001373291016,34.810001373291016,34.810001373291016,34.810001373291016,433.0
2024-03-01 09:49:00,BBLG,2.490000009536743,2.490000009536743,2.4999001026153564,2.4760000705718994,2.4997000694274902,3258.0
2024-03-01 09:49:00,BCRX,5.710000038146973,5.710000038146973,5.715000152587891,5.710000038146973,5.715000152587891,3817.0
2024-03-01 09:49:00,BDSX,1.621999979019165,1.621999979019165,1.621999979019165,1.621999979019165,1.621999979019165,998.0
2024-03-01 09:49:00,BDTX,5.215000152587891,5.215000152587891,5.215000152587891,5.213099956512451,5.215000152587891,903.0
2024-03-01 09:49:00,BEAM,39.68000030517578,39.68000030517578,39.709999084472656,39.525001525878906,39.709999084472656,1401.0
2024-03-01 09:49:00,BGNE,162.05999755859375,162.05999755859375,162.05999755859375,162.05999755859375,162.05999755859375,210.0
2024-03-01 09:49:00,BGXX,0.2773999869823456,0.2773999869823456,0.2773999869823456,0.2773999869823456,0.2773999869823456,352.0
2024-03-01 09:49:00,BIIB,217.19000244140625,217.19000244140625,217.44000244140625,217.10569763183594,217.10569763183594,811.0
2024-03-01 09:49:00,BIOL,0.13860000669956207,0.13860000669956207,0.13860000669956207,0.13729999959468842,0.13740000128746033,4214.0
2024-03-01 09:49:00,BIOR,1.2633999586105347,1.2633999586105347,1.2633999586105347,1.2633999586105347,1.2633999586105347,3600.0
2024-03-01 09:49:00,BIVI,2.9056999683380127,2.9056999683380127,2.9600000381469727,2.799999952316284,2.839200019836426,758061.0
2024-03-01 09:49:00,BJDX,0.7799999713897705,0.7799999713897705,0.7799999713897705,0.7789999842643738,0.7789999842643738,1451.0
2024-03-01 09:49:00,BLFS,17.514999389648438,17.514999389648438,17.635000228881836,17.440000534057617,17.440000534057617,28001.0
2024-03-01 09:49:00,BLRX,1.3799999952316284,1.3799999952316284,1.3799999952316284,1.3700000047683716,1.3700000047683716,34.0
2024-03-01 09:49:00,BLUE,1.534999966621399,1.534999966621399,1.534999966621399,1.5199999809265137,1.5288000106811523,61616.0
2024-03-01 09:49:00,BMEA,17.700199127197266,17.700199127197266,17.700199127197266,17.56999969482422,17.649900436401367,4110.0
2024-03-01 09:49:00,BMRN,86.16000366210938,86.16000366210938,86.20999908447266,86.13600158691406,86.20500183105469,3568.0
2024-03-01 09:49:00,BNGO,1.2303999662399292,1.2303999662399292,1.2303999662399292,1.2303999662399292,1.2303999662399292,41.0
2024-03-01 09:49:00,BNTX,89.91000366210938,89.91000366210938,89.91000366210938,89.91000366210938,89.91000366210938,139.0
2024-03-01 09:49:00,BRKR,86.37000274658203,86.37000274658203,86.37000274658203,86.18000030517578,86.18000030517578,887.0
2024-03-01 09:49:00,BRTX,1.4752000570297241,1.4752000570297241,1.5,1.4259999990463257,1.4390000104904175,17547.0
2024-03-01 09:49:00,BTAI,3.190000057220459,3.190000057220459,3.2100000381469727,3.184999942779541,3.2100000381469727,909.0
2024-03-01 09:49:00,BTTX,0.16259999573230743,0.16259999573230743,0.16259999573230743,0.16249999403953552,0.16249999403953552,5876.0
2024-03-01 09:49:00,CABA,24.1299991607666,24.1299991607666,24.1299991607666,23.895000457763672,23.940000534057617,27182.0
2024-03-01 09:49:00,CARA,0.8592000007629395,0.8592000007629395,0.8592000007629395,0.8592000007629395,0.8592000007629395,400.0
2024-03-01 09:49:00,CBAY,32.209999084472656,32.209999084472656,32.209999084472656,32.20000076293945,32.20000076293945,7391.0
2024-03-01 09:49:00,CCCC,10.989999771118164,10.989999771118164,10.991999626159668,10.97029972076416,10.989999771118164,3998.0
2024-03-01 09:49:00,CDMO,7.824999809265137,7.824999809265137,7.840000152587891,7.820000171661377,7.840000152587891,1672.0
2024-03-01 09:49:00,CDNA,11.149999618530273,11.149999618530273,11.149999618530273,11.109999656677246,11.109999656677246,1519.0
2024-03-01 09:49:00,CDTX,0.7300000190734863,0.7300000190734863,0.7300000190734863,0.7300000190734863,0.7300000190734863,2536.0
2024-03-01 09:49:00,CDXS,4.385000228881836,4.385000228881836,4.385000228881836,4.340000152587891,4.385000228881836,3003.0
2024-03-01 09:49:00,CERE,41.095001220703125,41.095001220703125,41.095001220703125,41.095001220703125,41.095001220703125,380.0
2024-03-01 09:49:00,CERS,2.174999952316284,2.174999952316284,2.174999952316284,2.174999952316284,2.174999952316284,105.0
2024-03-01 09:49:00,CERT,17.485000610351562,17.485000610351562,17.485000610351562,17.485000610351562,17.485000610351562,563.0
2024-03-01 09:49:00,CGC,3.2200000286102295,3.2200000286102295,3.2200000286102295,3.2100000381469727,3.2200000286102295,1040.0
2024-03-01 09:49:00,CHRS,2.305000066757202,2.305000066757202,2.305000066757202,2.29830002784729,2.29830002784729,3378.0
2024-03-01 09:49:00,CKPT,2.1500000953674316,2.1500000953674316,2.1500000953674316,2.1500000953674316,2.1500000953674316,1900.0
2024-03-01 09:49:00,CLDX,51.439998626708984,51.439998626708984,51.45000076293945,50.47999954223633,50.584999084472656,10094.0
2024-03-01 09:49:00,CLNN,0.3912000060081482,0.3912000060081482,0.3977000117301941,0.3912000060081482,0.3977000117301941,834.0
2024-03-01 09:49:00,CLOV,0.8503999710083008,0.8503999710083008,0.8537999987602234,0.8503999710083008,0.8525999784469604,44656.0
2024-03-01 09:49:00,CLRB,3.9453001022338867,3.9453001022338867,3.9453001022338867,3.9453001022338867,3.9453001022338867,300.0
2024-03-01 09:49:00,CLSD,1.4049999713897705,1.4049999713897705,1.4049999713897705,1.4049999713897705,1.4049999713897705,1.0
2024-03-01 09:49:00,CMPS,10.610400199890137,10.610400199890137,10.610400199890137,10.5600004196167,10.585000038146973,446.0
2024-03-01 09:49:00,CMRX,1.1100000143051147,1.1100000143051147,1.1100000143051147,1.1100000143051147,1.1100000143051147,119.0
2024-03-01 09:49:00,CNTA,10.329999923706055,10.329999923706055,10.329999923706055,10.329999923706055,10.329999923706055,152.0
2024-03-01 09:49:00,COGT,7.215000152587891,7.215000152587891,7.21999979019165,7.199999809265137,7.199999809265137,1169.0
2024-03-01 09:49:00,CORT,23.25,23.25,23.260000228881836,23.239999771118164,23.25,1225.0
2024-03-01 09:49:00,CPRX,16.850000381469727,16.850000381469727,16.8700008392334,16.825000762939453,16.8700008392334,5833.0
2024-03-01 09:49:00,CPSI,9.899999618530273,9.899999618530273,9.899999618530273,9.899999618530273,9.899999618530273,327.0
2024-03-01 09:49:00,CRBP,32.13999938964844,32.13999938964844,32.13999938964844,32.13999938964844,32.13999938964844,346.0
2024-03-01 09:49:00,CRBU,8.04010009765625,8.04010009765625,8.050000190734863,8.03499984741211,8.045000076293945,2357.0
2024-03-01 09:49:00,CRDF,2.5394999980926514,2.5394999980926514,2.549999952316284,2.390000104904175,2.3905999660491943,332330.0
2024-03-01 09:49:00,CRMD,3.6198999881744385,3.6198999881744385,3.619999885559082,3.6198999881744385,3.619999885559082,936.0
2024-03-01 09:49:00,CRNX,44.619998931884766,44.619998931884766,44.79990005493164,44.560001373291016,44.79990005493164,1743.0
2024-03-01 09:49:00,CRON,2.0399999618530273,2.0399999618530273,2.0399999618530273,2.0399999618530273,2.0399999618530273,914.0
2024-03-01 09:49:00,CRSP,84.9000015258789,84.9000015258789,84.9000015258789,84.43000030517578,84.5,4914.0
2024-03-01 09:49:00,CSTL,19.22010040283203,19.22010040283203,19.22010040283203,19.22010040283203,19.22010040283203,225.0
2024-03-01 09:49:00,CTKB,7.809999942779541,7.809999942779541,7.829999923706055,7.789999961853027,7.795000076293945,5146.0
2024-03-01 09:49:00,CUTR,2.25,2.25,2.25,2.2200000286102295,2.2200000286102295,1720.0
2024-03-01 09:49:00,CVAC,3.424999952316284,3.424999952316284,3.430000066757202,3.424999952316284,3.430000066757202,1885.0
2024-03-01 09:49:00,CYTK,74.08000183105469,74.08000183105469,74.1500015258789,74.05000305175781,74.05000305175781,4510.0
2024-03-01 09:49:00,DARE,0.5799000263214111,0.5799000263214111,0.5799999833106995,0.5770999789237976,0.5799999833106995,9239.0
2024-03-01 09:49:00,DAWN,16.989999771118164,16.989999771118164,16.989999771118164,16.989999771118164,16.989999771118164,101.0
2024-03-01 09:49:00,DCGO,4.066999912261963,4.066999912261963,4.069900035858154,4.066999912261963,4.069900035858154,5100.0
2024-03-01 09:49:00,DH,9.050000190734863,9.050000190734863,9.0600004196167,9.045000076293945,9.049599647521973,2937.0
2024-03-01 09:49:00,DMTK,0.9200999736785889,0.9200999736785889,0.9399999976158142,0.9002000093460083,0.9399999976158142,4118.0
2024-03-01 09:49:00,DNLI,20.774999618530273,20.774999618530273,20.774999618530273,20.729999542236328,20.729999542236328,2150.0
2024-03-01 09:49:00,DSGN,2.799999952316284,2.799999952316284,2.799999952316284,2.799999952316284,2.799999952316284,126.0
2024-03-01 09:49:00,DTIL,13.239999771118164,13.239999771118164,13.263999938964844,13.239999771118164,13.239999771118164,1801.0
2024-03-01 09:49:00,DVAX,12.770000457763672,12.770000457763672,12.779999732971191,12.770000457763672,12.779999732971191,723.0
2024-03-01 09:49:00,DXCM,116.23999786376953,116.23999786376953,116.25,115.91000366210938,116.15499877929688,17571.0
2024-03-01 09:49:00,DYN,28.879899978637695,28.879899978637695,28.889999389648438,28.780000686645508,28.8799991607666,3631.0
2024-03-01 09:49:00,ECOR,6.956299781799316,6.956299781799316,6.956299781799316,6.956299781799316,6.956299781799316,575.0
2024-03-01 09:49:00,EDIT,10.320099830627441,10.320099830627441,10.34000015258789,10.3149995803833,10.339599609375,1982.0
2024-03-01 09:49:00,EGRX,6.150000095367432,6.150000095367432,6.179999828338623,6.150000095367432,6.159999847412109,1873.0
2024-03-01 09:49:00,ELEV,4.813000202178955,4.813000202178955,4.829999923706055,4.795000076293945,4.809999942779541,2516.0
2024-03-01 09:49:00,EMBC,14.350000381469727,14.350000381469727,14.350000381469727,14.350000381469727,14.350000381469727,159.0
2024-03-01 09:49:00,ENTA,14.350000381469727,14.350000381469727,14.359999656677246,14.329999923706055,14.350000381469727,2123.0
2024-03-01 09:49:00,ENVB,1.5850000381469727,1.5850000381469727,1.6699999570846558,1.5800000429153442,1.649999976158142,100137.0
2024-03-01 09:49:00,EOLS,14.989999771118164,14.989999771118164,14.994999885559082,14.989999771118164,14.994999885559082,346.0
2024-03-01 09:49:00,EQ,2.5754001140594482,2.5754001140594482,2.5754001140594482,2.5754001140594482,2.5754001140594482,216.0
2024-03-01 09:49:00,ERAS,2.375,2.375,2.375,2.375,2.375,183.0
2024-03-01 09:49:00,ESPR,2.482300043106079,2.482300043106079,2.490000009536743,2.482300043106079,2.490000009536743,3052.0
2024-03-01 09:49:00,ETNB,12.40999984741211,12.40999984741211,12.4399995803833,12.364999771118164,12.364999771118164,5787.0
2024-03-01 09:49:00,EVO,7.360000133514404,7.360000133514404,7.360000133514404,7.360000133514404,7.360000133514404,750.0
2024-03-01 09:49:00,EXAS,58.220001220703125,58.220001220703125,58.25,58.15999984741211,58.20000076293945,12136.0
2024-03-01 09:49:00,EXEL,22.31999969482422,22.31999969482422,22.344999313354492,22.309999465942383,22.344999313354492,1520.0
2024-03-01 09:49:00,EYEN,2.150700092315674,2.150700092315674,2.1600000858306885,2.150700092315674,2.1600000858306885,3058.0
2024-03-01 09:49:00,EYPT,27.690000534057617,27.690000534057617,27.690000534057617,27.690000534057617,27.690000534057617,435.0
2024-03-01 09:49:00,FATE,7.440000057220459,7.440000057220459,7.440000057220459,7.434999942779541,7.434999942779541,1237.0
2024-03-01 09:49:00,FDMT,28.8700008392334,28.8700008392334,28.8700008392334,28.764999389648438,28.764999389648438,556.0
2024-03-01 09:49:00,FEMY,1.7300000190734863,1.7300000190734863,1.7300000190734863,1.7300000190734863,1.7300000190734863,203.0
2024-03-01 09:49:00,FENC,9.4399995803833,9.4399995803833,9.5,9.4399995803833,9.5,2580.0
2024-03-01 09:49:00,FGEN,1.7200000286102295,1.7200000286102295,1.7200000286102295,1.7200000286102295,1.7200000286102295,1040.0
2024-03-01 09:49:00,FHTX,7.809999942779541,7.809999942779541,7.809999942779541,7.809999942779541,7.809999942779541,1952.0
2024-03-01 09:49:00,FLGC,1.1950000524520874,1.1950000524520874,1.1950000524520874,1.1950000524520874,1.1950000524520874,520.0
2024-03-01 09:49:00,FOLD,13.375,13.375,13.375,13.335000038146973,13.36989974975586,2213.0
2024-03-01 09:49:00,FUSN,12.166600227355957,12.166600227355957,12.229999542236328,12.166600227355957,12.229999542236328,1408.0
2024-03-01 09:49:00,FWBI,8.199999809265137,8.199999809265137,8.199999809265137,8.140000343322754,8.140000343322754,625.0
2024-03-01 09:49:00,GDRX,8.350000381469727,8.350000381469727,8.390000343322754,8.350000381469727,8.390000343322754,6198.0
2024-03-01 09:49:00,GERN,2.069999933242798,2.069999933242798,2.069999933242798,2.069999933242798,2.069999933242798,1225.0
2024-03-01 09:49:00,GH,19.110000610351562,19.110000610351562,19.190000534057617,19.110000610351562,19.190000534057617,3461.0
2024-03-01 09:49:00,GILD,72.45500183105469,72.45500183105469,72.45999908447266,72.4198989868164,72.44000244140625,6888.0
2024-03-01 09:49:00,GLPG,35.02000045776367,35.02000045776367,35.029998779296875,35.0,35.0,1893.0
2024-03-01 09:49:00,GMAB,28.6200008392334,28.6200008392334,28.6200008392334,28.600000381469727,28.600000381469727,1028.0
2024-03-01 09:49:00,GMDA,0.3725999891757965,0.3725999891757965,0.3725999891757965,0.3725999891757965,0.3725999891757965,1160.0
2024-03-01 09:49:00,GOSS,1.3450000286102295,1.3450000286102295,1.350000023841858,1.3450000286102295,1.3450000286102295,2109.0
2024-03-01 09:49:00,GOVX,2.5000998973846436,2.5000998973846436,2.5000998973846436,2.5000998973846436,2.5000998973846436,256.0
2024-03-01 09:49:00,GRFS,6.75,6.75,6.78000020980835,6.75,6.775000095367432,7894.0
2024-03-01 09:49:00,GRTS,1.9249999523162842,1.9249999523162842,1.9299999475479126,1.9199999570846558,1.9199999570846558,7675.0
2024-03-01 09:49:00,GRTX,0.22840000689029694,0.22840000689029694,0.22849999368190765,0.22840000689029694,0.22849999368190765,9380.0
2024-03-01 09:49:00,GTHX,3.390000104904175,3.390000104904175,3.4000000953674316,3.390000104904175,3.390000104904175,1570.0
2024-03-01 09:49:00,HALO,40.849998474121094,40.849998474121094,40.90999984741211,40.849998474121094,40.90999984741211,1126.0
2024-03-01 09:49:00,HARP,22.940000534057617,22.940000534057617,22.940000534057617,22.940000534057617,22.940000534057617,440.0
2024-03-01 09:49:00,HCSG,12.600000381469727,12.600000381469727,12.600000381469727,12.59000015258789,12.59000015258789,338.0
2024-03-01 09:49:00,HCTI,2.3399999141693115,2.3399999141693115,2.384999990463257,2.3399999141693115,2.359999895095825,18300.0
2024-03-01 09:49:00,HLTH,0.27489998936653137,0.27489998936653137,0.27489998936653137,0.27489998936653137,0.27489998936653137,4813.0
2024-03-01 09:49:00,HOLX,73.55999755859375,73.55999755859375,73.55999755859375,73.55999755859375,73.55999755859375,357.0
2024-03-01 09:49:00,HOOK,0.7599999904632568,0.7599999904632568,0.7599999904632568,0.7599999904632568,0.7599999904632568,313.0
2024-03-01 09:49:00,HQY,82.32499694824219,82.32499694824219,82.55000305175781,82.30000305175781,82.55000305175781,2482.0
2024-03-01 09:49:00,HRMY,31.325000762939453,31.325000762939453,31.325000762939453,31.325000762939453,31.325000762939453,161.0
2024-03-01 09:49:00,HRTX,2.619999885559082,2.619999885559082,2.619999885559082,2.615000009536743,2.615000009536743,802.0
2024-03-01 09:49:00,HSIC,76.82499694824219,76.82499694824219,76.82499694824219,76.5999984741211,76.5999984741211,2371.0
2024-03-01 09:49:00,HUMA,3.0850000381469727,3.0850000381469727,3.140000104904175,3.0850000381469727,3.13700008392334,61081.0
2024-03-01 09:49:00,HYPR,1.149999976158142,1.149999976158142,1.2200000286102295,1.149999976158142,1.2200000286102295,0.0
2024-03-01 09:49:00,IART,36.880001068115234,36.880001068115234,36.880001068115234,36.880001068115234,36.880001068115234,706.0
2024-03-01 09:49:00,IBRX,4.829999923706055,4.829999923706055,4.829999923706055,4.809999942779541,4.815000057220459,2356.0
2024-03-01 09:49:00,ICLR,321.79998779296875,321.79998779296875,321.79998779296875,321.6600036621094,321.7749938964844,1062.0
2024-03-01 09:49:00,ICUI,104.16999816894531,104.16999816894531,104.23999786376953,104.16999816894531,104.23999786376953,721.0
2024-03-01 09:49:00,IDXX,565.1016845703125,565.1016845703125,565.1016845703125,562.219970703125,562.3400268554688,3377.0
2024-03-01 09:49:00,IGMS,13.020000457763672,13.020000457763672,13.020000457763672,13.010000228881836,13.010000228881836,527.0
2024-03-01 09:49:00,IINN,1.7000000476837158,1.7000000476837158,1.7000000476837158,1.669700026512146,1.669800043106079,12467.0
2024-03-01 09:49:00,ILMN,136.92999267578125,136.92999267578125,137.02499389648438,136.5399932861328,136.5399932861328,1145.0
2024-03-01 09:49:00,IMAB,1.8700000047683716,1.8700000047683716,1.8700000047683716,1.8600000143051147,1.8650000095367432,2061.0
2024-03-01 09:49:00,IMNM,24.7052001953125,24.7052001953125,24.739999771118164,24.600000381469727,24.6200008392334,1588.0
2024-03-01 09:49:00,IMTX,12.79800033569336,12.79800033569336,12.79800033569336,12.79800033569336,12.79800033569336,102.0
2024-03-01 09:49:00,IMUX,1.4896999597549438,1.4896999597549438,1.4900000095367432,1.4800000190734863,1.4800000190734863,8827.0
2024-03-01 09:49:00,IMVT,36.81999969482422,36.81999969482422,36.849998474121094,36.814998626708984,36.814998626708984,305.0
2024-03-01 09:49:00,INBX,36.7599983215332,36.7599983215332,36.7599983215332,36.7599983215332,36.7599983215332,200.0
2024-03-01 09:49:00,INCY,58.689998626708984,58.689998626708984,58.689998626708984,58.63999938964844,58.66999816894531,463.0
2024-03-01 09:49:00,INGN,6.71999979019165,6.71999979019165,6.71999979019165,6.710000038146973,6.710999965667725,3154.0
2024-03-01 09:49:00,INKT,0.9383999705314636,0.9383999705314636,0.9563000202178955,0.9383999705314636,0.9563000202178955,1049.0
2024-03-01 09:49:00,INMD,22.09000015258789,22.09000015258789,22.09000015258789,22.059999465942383,22.059999465942383,875.0
2024-03-01 09:49:00,INO,8.989999771118164,8.989999771118164,8.989999771118164,8.9350004196167,8.9350004196167,1174.0
2024-03-01 09:49:00,INSM,28.100000381469727,28.100000381469727,28.149999618530273,28.075000762939453,28.075000762939453,1313.0
2024-03-01 09:49:00,INVA,15.6899995803833,15.6899995803833,15.699999809265137,15.6899995803833,15.6899995803833,717.0
2024-03-01 09:49:00,INZY,6.429999828338623,6.429999828338623,6.429999828338623,6.429999828338623,6.429999828338623,264.0
2024-03-01 09:49:00,IONS,45.20989990234375,45.20989990234375,45.20989990234375,45.13999938964844,45.13999938964844,1446.0
2024-03-01 09:49:00,IOVA,16.597700119018555,16.597700119018555,16.600000381469727,16.5,16.520000457763672,33352.0
2024-03-01 09:49:00,IRWD,8.859999656677246,8.859999656677246,8.859999656677246,8.850000381469727,8.850000381469727,10017.0
2024-03-01 09:49:00,ISRG,386.3900146484375,386.3900146484375,386.3900146484375,385.2850036621094,385.2850036621094,2304.0
2024-03-01 09:49:00,ITCI,71.1449966430664,71.1449966430664,71.1449966430664,71.0999984741211,71.0999984741211,802.0
2024-03-01 09:49:00,IVVD,3.944999933242798,3.944999933242798,3.944999933242798,3.944999933242798,3.944999933242798,300.0
2024-03-01 09:49:00,JANX,47.290000915527344,47.290000915527344,47.96500015258789,47.290000915527344,47.630001068115234,1880.0
2024-03-01 09:49:00,JAZZ,120.88999938964844,120.88999938964844,121.08999633789062,120.88999938964844,120.88999938964844,2006.0
2024-03-01 09:49:00,JSPR,21.1200008392334,21.1200008392334,21.1200008392334,21.1200008392334,21.1200008392334,120.0
2024-03-01 09:49:00,KALV,14.079999923706055,14.079999923706055,14.079999923706055,14.050000190734863,14.050000190734863,301.0
2024-03-01 09:49:00,KIDS,26.540000915527344,26.540000915527344,26.540000915527344,26.540000915527344,26.540000915527344,105.0
2024-03-01 09:49:00,KNSA,21.485000610351562,21.485000610351562,21.485000610351562,21.454999923706055,21.454999923706055,358.0
2024-03-01 09:49:00,KOD,6.090000152587891,6.090000152587891,6.09499979019165,6.090000152587891,6.09499979019165,1856.0
2024-03-01 09:49:00,KPTI,1.1552000045776367,1.1552000045776367,1.1575000286102295,1.1549999713897705,1.1549999713897705,529.0
2024-03-01 09:49:00,KROS,69.13999938964844,69.13999938964844,69.13999938964844,69.07499694824219,69.07499694824219,537.0
2024-03-01 09:49:00,KRTX,316.0,316.0,316.0,316.0,316.0,1475.0
2024-03-01 09:49:00,KRYS,165.6300048828125,165.6300048828125,165.6300048828125,165.1300048828125,165.1300048828125,676.0
2024-03-01 09:49:00,KURA,21.280000686645508,21.280000686645508,21.280000686645508,21.280000686645508,21.280000686645508,366.0
2024-03-01 09:49:00,KYMR,43.44499969482422,43.44499969482422,43.44499969482422,43.44499969482422,43.44499969482422,274.0
2024-03-01 09:49:00,KZR,1.0607999563217163,1.0607999563217163,1.065000057220459,1.0607999563217163,1.065000057220459,2245.0
2024-03-01 09:49:00,LAB,2.2850000858306885,2.2850000858306885,2.2850000858306885,2.2850000858306885,2.2850000858306885,411.0
2024-03-01 09:49:00,LEGN,65.20999908447266,65.20999908447266,65.30999755859375,65.09500122070312,65.1937026977539,989.0
2024-03-01 09:49:00,LEXX,2.67330002784729,2.67330002784729,2.67330002784729,2.6275999546051025,2.6298999786376953,6389.0
2024-03-01 09:49:00,LFST,8.010000228881836,8.010000228881836,8.050000190734863,8.005000114440918,8.050000190734863,2843.0
2024-03-01 09:49:00,LIAN,4.855000019073486,4.855000019073486,4.855000019073486,4.855000019073486,4.855000019073486,200.0
2024-03-01 09:49:00,LIVN,54.45500183105469,54.45500183105469,54.45500183105469,54.415000915527344,54.415000915527344,500.0
2024-03-01 09:49:00,LNTH,65.89199829101562,65.89199829101562,65.93000030517578,65.89199829101562,65.92990112304688,782.0
2024-03-01 09:49:00,LQDA,14.289999961853027,14.289999961853027,14.289999961853027,14.289999961853027,14.289999961853027,188.0
2024-03-01 09:49:00,LTRN,4.781599998474121,4.781599998474121,4.867300033569336,4.781599998474121,4.800000190734863,844.0
2024-03-01 09:49:00,LUNG,9.130000114440918,9.130000114440918,9.130000114440918,9.069999694824219,9.069999694824219,3930.0
2024-03-01 09:49:00,LVTX,2.7119998931884766,2.7119998931884766,2.7799999713897705,2.7100000381469727,2.7711000442504883,8879.0
2024-03-01 09:49:00,LXRX,2.3810999393463135,2.3810999393463135,2.3910000324249268,2.380000114440918,2.390000104904175,12422.0
2024-03-01 09:49:00,LYEL,2.9800000190734863,2.9800000190734863,2.984999895095825,2.9800000190734863,2.984999895095825,336.0
2024-03-01 09:49:00,LYRA,5.429999828338623,5.429999828338623,5.429999828338623,5.420000076293945,5.420000076293945,300.0
2024-03-01 09:49:00,MCRB,1.1449999809265137,1.1449999809265137,1.1449999809265137,1.1301000118255615,1.1301000118255615,10734.0
2024-03-01 09:49:00,MDGL,242.80499267578125,242.80499267578125,243.4199981689453,242.80499267578125,243.4199981689453,741.0
2024-03-01 09:49:00,MDRX,5.699999809265137,5.699999809265137,5.800000190734863,5.699999809265137,5.800000190734863,41291.0
2024-03-01 09:49:00,MDXG,8.479999542236328,8.479999542236328,8.479999542236328,8.479999542236328,8.479999542236328,254.0
2024-03-01 09:49:00,ME,0.5529000163078308,0.5529000163078308,0.553600013256073,0.552299976348877,0.553600013256073,59259.0
2024-03-01 09:49:00,MESO,1.9950000047683716,1.9950000047683716,1.9950000047683716,1.9950000047683716,1.9950000047683716,116.0
2024-03-01 09:49:00,MGNX,18.540000915527344,18.540000915527344,18.559999465942383,18.5,18.5,2969.0
2024-03-01 09:49:00,MIRM,29.454999923706055,29.454999923706055,29.454999923706055,29.454999923706055,29.454999923706055,469.0
2024-03-01 09:49:00,MIST,1.6699999570846558,1.6699999570846558,1.6799999475479126,1.6699999570846558,1.6799999475479126,102.0
2024-03-01 09:49:00,MLTX,52.32500076293945,52.32500076293945,52.45000076293945,52.04010009765625,52.25,2597.0
2024-03-01 09:49:00,MNKD,4.364999771118164,4.364999771118164,4.364999771118164,4.350100040435791,4.360000133514404,8780.0
2024-03-01 09:49:00,MNMD,5.619999885559082,5.619999885559082,5.630000114440918,5.619999885559082,5.630000114440918,605.0
2024-03-01 09:49:00,MNOV,1.3600000143051147,1.3600000143051147,1.3600000143051147,1.3600000143051147,1.3600000143051147,283.0
2024-03-01 09:49:00,MNPR,0.7599999904632568,0.7599999904632568,0.7599999904632568,0.7599999904632568,0.7599999904632568,1683.0
2024-03-01 09:49:00,MODV,27.549999237060547,27.549999237060547,27.600000381469727,27.549999237060547,27.600000381469727,1103.0
2024-03-01 09:49:00,MOR,17.540000915527344,17.540000915527344,17.540000915527344,17.540000915527344,17.540000915527344,283.0
2024-03-01 09:49:00,MORF,37.880001068115234,37.880001068115234,37.880001068115234,37.81999969482422,37.86000061035156,1363.0
2024-03-01 09:49:00,MOTS,0.6851000189781189,0.6851000189781189,0.6851000189781189,0.6851000189781189,0.6851000189781189,4224.0
2024-03-01 09:49:00,MREO,3.7950000762939453,3.7950000762939453,3.809999942779541,3.7950000762939453,3.809999942779541,746.0
2024-03-01 09:49:00,MRNA,93.125,93.125,93.31999969482422,92.98500061035156,93.25,12923.0
2024-03-01 09:49:00,MRSN,5.784999847412109,5.784999847412109,5.800000190734863,5.784999847412109,5.795000076293945,1692.0
2024-03-01 09:49:00,MRUS,48.775001525878906,48.775001525878906,48.775001525878906,48.775001525878906,48.775001525878906,390.0
2024-03-01 09:49:00,MRVI,7.675000190734863,7.675000190734863,7.679299831390381,7.664999961853027,7.670000076293945,1708.0
2024-03-01 09:49:00,MXCT,4.610000133514404,4.610000133514404,4.610000133514404,4.610000133514404,4.610000133514404,285.0
2024-03-01 09:49:00,MYGN,20.950000762939453,20.950000762939453,20.950000762939453,20.84000015258789,20.860000610351562,1266.0
2024-03-01 09:49:00,NARI,44.63999938964844,44.63999938964844,44.665000915527344,44.619998931884766,44.6328010559082,1782.0
2024-03-01 09:49:00,NBIX,130.8000030517578,130.8000030517578,130.9250030517578,130.6999969482422,130.9250030517578,4198.0
2024-03-01 09:49:00,NEO,15.649999618530273,15.649999618530273,15.65470027923584,15.64900016784668,15.65470027923584,1372.0
2024-03-01 09:49:00,NEOG,16.940000534057617,16.940000534057617,16.940000534057617,16.90999984741211,16.90999984741211,750.0
2024-03-01 09:49:00,NKTR,0.7200000286102295,0.7200000286102295,0.7200000286102295,0.7200000286102295,0.7200000286102295,8887.0
2024-03-01 09:49:00,NMTC,1.225000023841858,1.225000023841858,1.225000023841858,1.225000023841858,1.225000023841858,0.0
2024-03-01 09:49:00,NNOX,11.109999656677246,11.109999656677246,11.109999656677246,11.033699989318848,11.059900283813477,4145.0
2024-03-01 09:49:00,NOTV,7.309999942779541,7.309999942779541,7.324999809265137,7.309999942779541,7.324999809265137,86.0
2024-03-01 09:49:00,NRBO,5.695000171661377,5.695000171661377,5.695000171661377,5.695000171661377,5.695000171661377,239.0
2024-03-01 09:49:00,NRIX,12.600000381469727,12.600000381469727,12.619999885559082,12.550000190734863,12.600000381469727,3743.0
2024-03-01 09:49:00,NRXP,0.39739999175071716,0.39739999175071716,0.39980000257492065,0.39739999175071716,0.39739999175071716,2659.0
2024-03-01 09:49:00,NSPR,2.6921000480651855,2.6921000480651855,2.6921000480651855,2.6921000480651855,2.6921000480651855,1001.0
2024-03-01 09:49:00,NTLA,32.4900016784668,32.4900016784668,32.63999938964844,32.4900016784668,32.4901008605957,2591.0
2024-03-01 09:49:00,NTRA,88.87999725341797,88.87999725341797,89.08999633789062,88.81999969482422,88.98999786376953,45577.0
2024-03-01 09:49:00,NVAX,4.828800201416016,4.828800201416016,4.829999923706055,4.804999828338623,4.820000171661377,25611.0
2024-03-01 09:49:00,NVCR,15.329999923706055,15.329999923706055,15.329999923706055,15.329999923706055,15.329999923706055,934.0
2024-03-01 09:49:00,NVNO,6.260000228881836,6.260000228881836,6.260000228881836,6.179999828338623,6.179999828338623,410.0
2024-03-01 09:49:00,NVOS,0.6200000047683716,0.6200000047683716,0.6200000047683716,0.613099992275238,0.613099992275238,1604.0
2024-03-01 09:49:00,OCGN,0.9248999953269958,0.9248999953269958,0.9248999953269958,0.9175000190734863,0.9175999760627747,5191.0
2024-03-01 09:49:00,OCUL,10.420000076293945,10.420000076293945,10.420000076293945,10.38010025024414,10.409899711608887,22279.0
2024-03-01 09:49:00,OGI,2.076900005340576,2.076900005340576,2.076900005340576,2.075000047683716,2.075000047683716,0.0
2024-03-01 09:49:00,OLK,22.299999237060547,22.299999237060547,22.299999237060547,22.299999237060547,22.299999237060547,790.0
2024-03-01 09:49:00,OM,3.059999942779541,3.059999942779541,3.059999942779541,3.059999942779541,3.059999942779541,46.0
2024-03-01 09:49:00,OMCL,26.1200008392334,26.1200008392334,26.1200008392334,26.1200008392334,26.1200008392334,1158.0
2024-03-01 09:49:00,OMER,4.635000228881836,4.635000228881836,4.635000228881836,4.635000228881836,4.635000228881836,600.0
2024-03-01 09:50:00,ABCL,5.090000152587891,5.090000152587891,5.090000152587891,5.090000152587891,5.090000152587891,322.0
2024-03-01 09:50:00,ABOS,4.433000087738037,4.433000087738037,4.433000087738037,4.433000087738037,4.433000087738037,850.0
2024-03-01 09:50:00,ABSI,5.130000114440918,5.130000114440918,5.135000228881836,5.130000114440918,5.135000228881836,601.0
2024-03-01 09:50:00,ABUS,2.765000104904175,2.765000104904175,2.765000104904175,2.765000104904175,2.765000104904175,171.0
2024-03-01 09:50:00,ACAD,23.5,23.5,23.5,23.5,23.5,212.0
2024-03-01 09:50:00,ACB,3.009999990463257,3.009999990463257,3.019200086593628,3.009999990463257,3.019200086593628,4477.0
2024-03-01 09:50:00,ACET,2.3424999713897705,2.3424999713897705,2.3424999713897705,2.3424999713897705,2.3424999713897705,180.0
2024-03-01 09:50:00,ACHL,1.3977999687194824,1.3977999687194824,1.3977999687194824,1.3700000047683716,1.3700000047683716,1281.0
2024-03-01 09:50:00,ACLX,68.72000122070312,68.72000122070312,68.72000122070312,68.72000122070312,68.72000122070312,367.0
2024-03-01 09:50:00,ACON,0.38499999046325684,0.38499999046325684,0.38499999046325684,0.38499999046325684,0.38499999046325684,114.0
2024-03-01 09:50:00,ACRS,1.25,1.25,1.25,1.25,1.25,120.0
2024-03-01 09:50:00,ADIL,3.380000114440918,3.380000114440918,3.380000114440918,3.2100000381469727,3.315000057220459,265383.0
2024-03-01 09:50:00,ADVM,1.9900000095367432,1.9900000095367432,2.0,1.9900000095367432,1.9900000095367432,4732.0
2024-03-01 09:50:00,AGEN,0.6800000071525574,0.6800000071525574,0.6807000041007996,0.6798999905586243,0.6807000041007996,33407.0
2024-03-01 09:50:00,AGIO,32.45050048828125,32.45050048828125,32.45050048828125,32.45050048828125,32.45050048828125,472.0
2024-03-01 09:50:00,AGRX,0.8228999972343445,0.8228999972343445,0.8228999972343445,0.8228999972343445,0.8228999972343445,0.0
2024-03-01 09:50:00,AKAN,0.2689000070095062,0.2689000070095062,0.2689000070095062,0.2606000006198883,0.2606000006198883,7335.0
2024-03-01 09:50:00,AKBA,1.6349999904632568,1.6349999904632568,1.6399999856948853,1.6299999952316284,1.6375000476837158,23037.0
2024-03-01 09:50:00,AKLI,0.3330000042915344,0.3330000042915344,0.33799999952316284,0.3221000134944916,0.33799999952316284,15452.0
2024-03-01 09:50:00,ALDX,3.880000114440918,3.880000114440918,3.890000104904175,3.880000114440918,3.890000104904175,1235.0
2024-03-01 09:50:00,ALEC,7.25,7.25,7.25,7.25,7.25,741.0
2024-03-01 09:50:00,ALGN,298.7799987792969,298.7799987792969,298.7799987792969,297.8301086425781,298.6000061035156,1864.0
2024-03-01 09:50:00,ALGS,0.9800999760627747,0.9800999760627747,0.9800999760627747,0.9800999760627747,0.9800999760627747,722.0
2024-03-01 09:50:00,ALHC,5.925000190734863,5.925000190734863,5.925000190734863,5.909999847412109,5.912700176239014,1600.0
2024-03-01 09:50:00,ALKS,30.020000457763672,30.020000457763672,30.040000915527344,30.020000457763672,30.040000915527344,1387.0
2024-03-01 09:50:00,ALLK,1.559999942779541,1.559999942779541,1.559999942779541,1.5549999475479126,1.5549999475479126,600.0
2024-03-01 09:50:00,ALLO,4.929999828338623,4.929999828338623,4.940000057220459,4.929999828338623,4.940000057220459,728.0
2024-03-01 09:50:00,ALNY,151.25999450683594,151.25999450683594,151.25999450683594,151.11000061035156,151.1199951171875,757.0
2024-03-01 09:50:00,ALT,12.119999885559082,12.119999885559082,12.180000305175781,12.119999885559082,12.170000076293945,21182.0
2024-03-01 09:50:00,ALVO,15.684399604797363,15.684399604797363,15.684399604797363,15.684399604797363,15.684399604797363,1150.0
2024-03-01 09:50:00,ALXO,14.90999984741211,14.90999984741211,14.90999984741211,14.829999923706055,14.829999923706055,1269.0
2024-03-01 09:50:00,AMED,93.37999725341797,93.37999725341797,93.37999725341797,93.37999725341797,93.37999725341797,142.0
2024-03-01 09:50:00,AMGN,276.614990234375,276.614990234375,276.8399963378906,276.5899963378906,276.5899963378906,4162.0
2024-03-01 09:50:00,AMLX,18.895000457763672,18.895000457763672,18.899999618530273,18.82069969177246,18.899999618530273,608.0
2024-03-01 09:50:00,AMPH,46.224998474121094,46.224998474121094,46.31999969482422,46.13999938964844,46.2599983215332,1522.0
2024-03-01 09:50:00,AMRN,1.0293999910354614,1.0293999910354614,1.0389000177383423,1.024999976158142,1.0293999910354614,17159.0
2024-03-01 09:50:00,ANGO,5.300000190734863,5.300000190734863,5.300000190734863,5.289999961853027,5.289999961853027,596.0
2024-03-01 09:50:00,ANIP,67.06999969482422,67.06999969482422,67.08000183105469,66.36000061035156,66.36000061035156,1178.0
2024-03-01 09:50:00,ANNX,5.96999979019165,5.96999979019165,5.992499828338623,5.96999979019165,5.992499828338623,964.0
2024-03-01 09:50:00,ANTX,2.990000009536743,2.990000009536743,2.990000009536743,2.98799991607666,2.98799991607666,585.0
2024-03-01 09:50:00,APLS,62.192501068115234,62.192501068115234,62.192501068115234,61.85499954223633,61.85499954223633,2088.0
2024-03-01 09:50:00,APLT,7.637499809265137,7.637499809265137,7.659999847412109,7.592800140380859,7.630000114440918,5509.0
2024-03-01 09:50:00,AQST,4.010000228881836,4.010000228881836,4.039999961853027,3.990000009536743,4.039999961853027,13113.0
2024-03-01 09:50:00,ARAY,2.5850000381469727,2.5850000381469727,2.5850000381469727,2.5850000381469727,2.5850000381469727,107.0
2024-03-01 09:50:00,ARDX,9.581100463867188,9.581100463867188,9.595000267028809,9.569999694824219,9.569999694824219,4335.0
2024-03-01 09:50:00,ARGX,381.4649963378906,381.4649963378906,381.4800109863281,381.4049987792969,381.4049987792969,1321.0
2024-03-01 09:50:00,ARQT,10.699999809265137,10.699999809265137,10.710000038146973,10.680000305175781,10.680000305175781,14468.0
2024-03-01 09:50:00,ARVN,49.380001068115234,49.380001068115234,49.380001068115234,49.25,49.25,1461.0
2024-03-01 09:50:00,ARWR,33.66999816894531,33.66999816894531,33.66999816894531,33.53499984741211,33.55500030517578,2755.0
2024-03-01 09:50:00,ASND,149.17999267578125,149.17999267578125,149.55999755859375,149.16000366210938,149.16000366210938,5815.0
2024-03-01 09:50:00,ATEC,13.229999542236328,13.229999542236328,13.229999542236328,13.225000381469727,13.229999542236328,2007.0
2024-03-01 09:50:00,ATHA,3.9049999713897705,3.9049999713897705,3.9049999713897705,3.9049999713897705,3.9049999713897705,2497.0
2024-03-01 09:50:00,ATRA,0.7800999879837036,0.7800999879837036,0.781000018119812,0.7799999713897705,0.7799999713897705,10300.0
2024-03-01 09:50:00,ATRC,35.0,35.0,35.0,35.0,35.0,503.0
2024-03-01 09:50:00,ATXS,14.302000045776367,14.302000045776367,14.302000045776367,14.255000114440918,14.255000114440918,1560.0
2024-03-01 09:50:00,AUGX,4.465000152587891,4.465000152587891,4.465000152587891,4.465000152587891,4.465000152587891,22.0
2024-03-01 09:50:00,AUPH,5.684999942779541,5.684999942779541,5.684999942779541,5.684999942779541,5.684999942779541,266.0
2024-03-01 09:50:00,AURA,8.949999809265137,8.949999809265137,8.949999809265137,8.949999809265137,8.949999809265137,200.0
2024-03-01 09:50:00,AUTL,6.085000038146973,6.085000038146973,6.085000038146973,6.070000171661377,6.070000171661377,532.0
2024-03-01 09:50:00,AVDL,12.789999961853027,12.789999961853027,12.8100004196167,12.765000343322754,12.8100004196167,600.0
2024-03-01 09:50:00,AVIR,4.355000019073486,4.355000019073486,4.369900226593018,4.355000019073486,4.360000133514404,4530.0
2024-03-01 09:50:00,AVXL,5.187099933624268,5.187099933624268,5.187099933624268,5.187099933624268,5.187099933624268,224.0
2024-03-01 09:50:00,AXNX,67.4000015258789,67.4000015258789,67.40499877929688,67.36000061035156,67.4000015258789,3854.0
2024-03-01 09:50:00,AXSM,82.68000030517578,82.68000030517578,82.69000244140625,82.35030364990234,82.35030364990234,906.0
2024-03-01 09:50:00,AZN,64.2300033569336,64.2300033569336,64.27999877929688,64.2300033569336,64.27999877929688,3975.0
2024-03-01 09:50:00,AZTA,65.36000061035156,65.36000061035156,65.36000061035156,65.36000061035156,65.36000061035156,269.0
2024-03-01 09:50:00,BBIO,34.77000045776367,34.77000045776367,34.790000915527344,34.7599983215332,34.790000915527344,735.0
2024-03-01 09:50:00,BBLG,2.490000009536743,2.490000009536743,2.589900016784668,2.4800000190734863,2.5,3364.0
2024-03-01 09:50:00,BCRX,5.704999923706055,5.704999923706055,5.704999923706055,5.704999923706055,5.704999923706055,226.0
2024-03-01 09:50:00,BDSX,1.6201000213623047,1.6201000213623047,1.6294000148773193,1.6201000213623047,1.6294000148773193,1256.0
2024-03-01 09:50:00,BEAM,39.640098571777344,39.640098571777344,39.689998626708984,39.630001068115234,39.630001068115234,1582.0
2024-03-01 09:50:00,BGNE,162.0500030517578,162.0500030517578,162.13499450683594,162.0500030517578,162.13499450683594,463.0
2024-03-01 09:50:00,BIIB,217.3800048828125,217.3800048828125,217.3800048828125,217.3800048828125,217.3800048828125,1440.0
2024-03-01 09:50:00,BIOR,1.2899999618530273,1.2899999618530273,1.2899999618530273,1.2899999618530273,1.2899999618530273,0.0
2024-03-01 09:50:00,BIVI,2.8162999153137207,2.8162999153137207,2.9000000953674316,2.740000009536743,2.9000000953674316,586116.0
2024-03-01 09:50:00,BLFS,17.920000076293945,17.920000076293945,17.94499969482422,17.530000686645508,17.530000686645508,5764.0
2024-03-01 09:50:00,BLRX,1.3747999668121338,1.3747999668121338,1.3799999952316284,1.3747999668121338,1.3799999952316284,1516.0
2024-03-01 09:50:00,BLUE,1.5399999618530273,1.5399999618530273,1.5449999570846558,1.5199999809265137,1.534999966621399,189824.0
2024-03-01 09:50:00,BMEA,17.7549991607666,17.7549991607666,17.819000244140625,17.709999084472656,17.780000686645508,5562.0
2024-03-01 09:50:00,BMRN,86.11000061035156,86.11000061035156,86.15499877929688,86.11000061035156,86.12999725341797,1620.0
2024-03-01 09:50:00,BNGO,1.2350000143051147,1.2350000143051147,1.2350000143051147,1.2350000143051147,1.2350000143051147,800.0
2024-03-01 09:50:00,BNTX,89.88500213623047,89.88500213623047,89.88500213623047,89.76000213623047,89.83999633789062,2330.0
2024-03-01 09:50:00,BRTX,1.4765000343322754,1.4765000343322754,1.4900000095367432,1.475000023841858,1.475000023841858,5700.0
2024-03-01 09:50:00,BSGM,0.6812999844551086,0.6812999844551086,0.6812999844551086,0.6812999844551086,0.6812999844551086,923.0
2024-03-01 09:50:00,BTAI,3.1800999641418457,3.1800999641418457,3.1898999214172363,3.1800999641418457,3.1800999641418457,620.0
2024-03-01 09:50:00,BTMD,5.98199987411499,5.98199987411499,5.98199987411499,5.98199987411499,5.98199987411499,227.0
2024-03-01 09:50:00,BTTX,0.16259999573230743,0.16259999573230743,0.16259999573230743,0.16140000522136688,0.16140000522136688,18562.0
2024-03-01 09:50:00,CABA,24.176000595092773,24.176000595092773,24.176000595092773,24.176000595092773,24.176000595092773,592.0
2024-03-01 09:50:00,CALT,21.309900283813477,21.309900283813477,21.309900283813477,21.309900283813477,21.309900283813477,515.0
2024-03-01 09:50:00,CARA,0.8593000173568726,0.8593000173568726,0.8593000173568726,0.8592000007629395,0.8592000007629395,2458.0
2024-03-01 09:50:00,CBAY,32.220001220703125,32.220001220703125,32.220001220703125,32.209999084472656,32.209999084472656,1673.0
2024-03-01 09:50:00,CCCC,10.989999771118164,10.989999771118164,10.99120044708252,10.989999771118164,10.99120044708252,633.0
2024-03-01 09:50:00,CDMO,7.840000152587891,7.840000152587891,7.840000152587891,7.840000152587891,7.840000152587891,230.0
2024-03-01 09:50:00,CDNA,11.199999809265137,11.199999809265137,11.25,11.069999694824219,11.119999885559082,3279.0
2024-03-01 09:50:00,CDTX,0.7307999730110168,0.7307999730110168,0.7307999730110168,0.7307999730110168,0.7307999730110168,47557.0
2024-03-01 09:50:00,CDXS,4.369999885559082,4.369999885559082,4.375,4.349999904632568,4.375,3037.0
2024-03-01 09:50:00,CELC,15.680000305175781,15.680000305175781,15.680000305175781,15.680000305175781,15.680000305175781,200.0
2024-03-01 09:50:00,CERE,41.10499954223633,41.10499954223633,41.10499954223633,41.095001220703125,41.095001220703125,1183.0
2024-03-01 09:50:00,CERT,17.329999923706055,17.329999923706055,17.46500015258789,17.219999313354492,17.46500015258789,7488.0
2024-03-01 09:50:00,CGC,3.2125000953674316,3.2125000953674316,3.219899892807007,3.2100000381469727,3.2149999141693115,4656.0
2024-03-01 09:50:00,CGEN,2.584700107574463,2.584700107574463,2.584700107574463,2.5799999237060547,2.5801000595092773,752.0
2024-03-01 09:50:00,CHRS,2.309999942779541,2.309999942779541,2.309999942779541,2.309799909591675,2.309999942779541,1022.0
2024-03-01 09:50:00,CING,1.3291000127792358,1.3291000127792358,1.3291000127792358,1.315000057220459,1.3200000524520874,1383.0
2024-03-01 09:50:00,CJJD,3.0480000972747803,3.0480000972747803,3.0480000972747803,3.0000998973846436,3.0000998973846436,1057.0
2024-03-01 09:50:00,CKPT,2.1600000858306885,2.1600000858306885,2.1600000858306885,2.1600000858306885,2.1600000858306885,0.0
2024-03-01 09:50:00,CLDX,51.6619987487793,51.6619987487793,51.88999938964844,51.4900016784668,51.4900016784668,9474.0
2024-03-01 09:50:00,CLOV,0.850600004196167,0.850600004196167,0.8519999980926514,0.8503999710083008,0.8503999710083008,11380.0
2024-03-01 09:50:00,CLPT,6.534999847412109,6.534999847412109,6.534999847412109,6.534999847412109,6.534999847412109,121.0
2024-03-01 09:50:00,CLSD,1.4263999462127686,1.4263999462127686,1.4263999462127686,1.4263999462127686,1.4263999462127686,999.0
2024-03-01 09:50:00,CMPS,10.630000114440918,10.630000114440918,10.630000114440918,10.550800323486328,10.550800323486328,361.0
2024-03-01 09:50:00,CMPX,1.7699999809265137,1.7699999809265137,1.7699999809265137,1.7699999809265137,1.7699999809265137,100.0
2024-03-01 09:50:00,CMRX,1.138800024986267,1.138800024986267,1.138800024986267,1.1200000047683716,1.1200000047683716,17121.0
2024-03-01 09:50:00,COGT,7.239999771118164,7.239999771118164,7.25,7.224999904632568,7.230000019073486,2250.0
2024-03-01 09:50:00,COLL,37.2599983215332,37.2599983215332,37.2599983215332,37.2599983215332,37.2599983215332,108.0
2024-03-01 09:50:00,CORT,23.274999618530273,23.274999618530273,23.309999465942383,23.239999771118164,23.26849937438965,8359.0
2024-03-01 09:50:00,CPRX,16.780000686645508,16.780000686645508,16.84000015258789,16.780000686645508,16.84000015258789,4665.0
2024-03-01 09:50:00,CPSI,9.880000114440918,9.880000114440918,9.970000267028809,9.880000114440918,9.920000076293945,1748.0
2024-03-01 09:50:00,CRBU,8.0600004196167,8.0600004196167,8.0600004196167,8.050000190734863,8.050000190734863,786.0
2024-03-01 09:50:00,CRDF,2.5190000534057617,2.5190000534057617,2.5999999046325684,2.490000009536743,2.548799991607666,312473.0
2024-03-01 09:50:00,CRMD,3.609999895095825,3.609999895095825,3.625,3.609999895095825,3.619999885559082,1055.0
2024-03-01 09:50:00,CRON,2.0450000762939453,2.0450000762939453,2.0450000762939453,2.0450000762939453,2.0450000762939453,0.0
2024-03-01 09:50:00,CRSP,84.96240234375,84.96240234375,85.08999633789062,84.77999877929688,85.0,8220.0
2024-03-01 09:50:00,CSTL,19.649999618530273,19.649999618530273,19.690000534057617,19.219999313354492,19.229999542236328,5946.0
2024-03-01 09:50:00,CTKB,7.795000076293945,7.795000076293945,7.800000190734863,7.795000076293945,7.800000190734863,400.0
2024-03-01 09:50:00,CUTR,2.25,2.25,2.25,2.2400999069213867,2.2400999069213867,260.0
2024-03-01 09:50:00,CVAC,3.430000066757202,3.430000066757202,3.430000066757202,3.424999952316284,3.430000066757202,2148.0
2024-03-01 09:50:00,CYTK,74.41999816894531,74.41999816894531,74.44499969482422,74.0824966430664,74.13999938964844,4491.0
2024-03-01 09:50:00,DARE,0.5799999833106995,0.5799999833106995,0.5799999833106995,0.5799999833106995,0.5799999833106995,4008.0
2024-03-01 09:50:00,DAWN,16.950000762939453,16.950000762939453,17.040000915527344,16.950000762939453,16.96579933166504,1442.0
2024-03-01 09:50:00,DBVT,0.7850000262260437,0.7850000262260437,0.7850000262260437,0.7850000262260437,0.7850000262260437,192.0
2024-03-01 09:50:00,DCGO,4.070000171661377,4.070000171661377,4.070000171661377,4.059000015258789,4.059000015258789,1526.0
2024-03-01 09:50:00,DCPH,16.979999542236328,16.979999542236328,16.979999542236328,16.979999542236328,16.979999542236328,131.0
2024-03-01 09:50:00,DH,9.029999732971191,9.029999732971191,9.050000190734863,9.029999732971191,9.050000190734863,309.0
2024-03-01 09:50:00,DMTK,0.9150000214576721,0.9150000214576721,0.9399999976158142,0.8999999761581421,0.9200999736785889,13776.0
2024-03-01 09:50:00,DNLI,20.65999984741211,20.65999984741211,20.760000228881836,20.6299991607666,20.760000228881836,9117.0
2024-03-01 09:50:00,DTIL,13.04419994354248,13.04419994354248,13.244999885559082,13.0,13.244999885559082,3408.0
2024-03-01 09:50:00,DVAX,12.734999656677246,12.734999656677246,12.760700225830078,12.729999542236328,12.760700225830078,1396.0
2024-03-01 09:50:00,DXCM,116.12999725341797,116.12999725341797,116.33499908447266,116.0604019165039,116.19999694824219,8665.0
2024-03-01 09:50:00,DYN,29.110000610351562,29.110000610351562,29.110000610351562,28.851900100708008,28.851900100708008,2724.0
2024-03-01 09:50:00,EDIT,10.370200157165527,10.370200157165527,10.376199722290039,10.329899787902832,10.329899787902832,17966.0
2024-03-01 09:50:00,EKSO,1.9800000190734863,1.9800000190734863,1.9800000190734863,1.9700000286102295,1.9700000286102295,224.0
2024-03-01 09:50:00,ELEV,4.875,4.875,4.92710018157959,4.829999923706055,4.829999923706055,14876.0
2024-03-01 09:50:00,ENSG,124.05000305175781,124.05000305175781,124.19000244140625,124.05000305175781,124.19000244140625,553.0
2024-03-01 09:50:00,ENTA,14.399999618530273,14.399999618530273,14.420000076293945,14.350000381469727,14.350000381469727,1232.0
2024-03-01 09:50:00,ENVB,1.6139999628067017,1.6139999628067017,1.6299999952316284,1.5700000524520874,1.5850000381469727,39324.0
2024-03-01 09:50:00,EOLS,14.935999870300293,14.935999870300293,14.979999542236328,14.930000305175781,14.979999542236328,2190.0
2024-03-01 09:50:00,EQ,2.5450000762939453,2.5450000762939453,2.549999952316284,2.5450000762939453,2.549999952316284,641.0
2024-03-01 09:50:00,ERAS,2.384999990463257,2.384999990463257,2.384999990463257,2.384999990463257,2.384999990463257,120.0
2024-03-01 09:50:00,ESPR,2.5,2.5,2.5,2.490000009536743,2.490000009536743,5857.0
2024-03-01 09:50:00,ETNB,12.399999618530273,12.399999618530273,12.40999984741211,12.369999885559082,12.40999984741211,12620.0
2024-03-01 09:50:00,EVGN,0.9010999798774719,0.9010999798774719,0.9057999849319458,0.9010999798774719,0.9057999849319458,9784.0
2024-03-01 09:50:00,EWTX,16.2450008392334,16.2450008392334,16.2450008392334,16.219999313354492,16.219999313354492,382.0
2024-03-01 09:50:00,EXAS,58.06999969482422,58.06999969482422,58.209999084472656,58.04999923706055,58.18000030517578,2212.0
2024-03-01 09:50:00,EXEL,22.31999969482422,22.31999969482422,22.329999923706055,22.31999969482422,22.31999969482422,9784.0
2024-03-01 09:50:00,EYEN,2.150099992752075,2.150099992752075,2.150099992752075,2.1500000953674316,2.1500000953674316,0.0
2024-03-01 09:50:00,FATE,7.420000076293945,7.420000076293945,7.434999942779541,7.420000076293945,7.434999942779541,4267.0
2024-03-01 09:50:00,FEMY,1.7300000190734863,1.7300000190734863,1.7300000190734863,1.7223999500274658,1.7289999723434448,4005.0
2024-03-01 09:50:00,FGEN,1.725000023841858,1.725000023841858,1.7297999858856201,1.7200000286102295,1.7200000286102295,1878.0
2024-03-01 09:50:00,FLGT,22.639999389648438,22.639999389648438,22.639999389648438,22.639999389648438,22.639999389648438,154.0
2024-03-01 09:50:00,FOLD,13.364999771118164,13.364999771118164,13.369999885559082,13.359999656677246,13.369999885559082,364.0
2024-03-01 09:50:00,FWBI,8.199999809265137,8.199999809265137,8.199999809265137,8.199999809265137,8.199999809265137,54.0
2024-03-01 09:50:00,GBIO,2.5,2.5,2.5,2.4860000610351562,2.5,4205.0
2024-03-01 09:50:00,GDRX,8.450499534606934,8.450499534606934,8.479999542236328,8.345000267028809,8.350000381469727,38980.0
2024-03-01 09:50:00,GERN,2.065000057220459,2.065000057220459,2.065000057220459,2.065000057220459,2.065000057220459,129.0
2024-03-01 09:50:00,GH,19.145000457763672,19.145000457763672,19.174999237060547,19.145000457763672,19.165000915527344,693.0
2024-03-01 09:50:00,GILD,72.38500213623047,72.38500213623047,72.44000244140625,72.38500213623047,72.44000244140625,6191.0
2024-03-01 09:50:00,GLTO,0.6970000267028809,0.6970000267028809,0.6970000267028809,0.6970000267028809,0.6970000267028809,80.0
2024-03-01 09:50:00,GMAB,28.610000610351562,28.610000610351562,28.610000610351562,28.59000015258789,28.600000381469727,1279.0
2024-03-01 09:50:00,GMDA,0.3725999891757965,0.3725999891757965,0.3725999891757965,0.3725000023841858,0.3725000023841858,2740.0
2024-03-01 09:50:00,GOSS,1.3450000286102295,1.3450000286102295,1.3450000286102295,1.3450000286102295,1.3450000286102295,401.0
2024-03-01 09:50:00,GRFS,6.744999885559082,6.744999885559082,6.751200199127197,6.739999771118164,6.751200199127197,10340.0
2024-03-01 09:50:00,GRTS,1.9186999797821045,1.9186999797821045,1.9299999475479126,1.909999966621399,1.9279999732971191,17920.0
2024-03-01 09:50:00,GRTX,0.2320999950170517,0.2320999950170517,0.2320999950170517,0.2320999950170517,0.2320999950170517,1124.0
2024-03-01 09:50:00,GTH,3.9100000858306885,3.9100000858306885,3.9100000858306885,3.9100000858306885,3.9100000858306885,463.0
2024-03-01 09:50:00,GTHX,3.390000104904175,3.390000104904175,3.390000104904175,3.380000114440918,3.380500078201294,876.0
2024-03-01 09:50:00,HALO,40.89500045776367,40.89500045776367,40.93000030517578,40.89500045776367,40.91999816894531,823.0
2024-03-01 09:50:00,HARP,22.940000534057617,22.940000534057617,22.940000534057617,22.940000534057617,22.940000534057617,963.0
2024-03-01 09:50:00,HCSG,12.609999656677246,12.609999656677246,12.61359977722168,12.609999656677246,12.609999656677246,1191.0
2024-03-01 09:50:00,HCTI,2.2600998878479004,2.2600998878479004,2.380000114440918,2.25,2.3299999237060547,16857.0
2024-03-01 09:50:00,HITI,1.7589000463485718,1.7589000463485718,1.7589000463485718,1.75,1.75,274.0
2024-03-01 09:50:00,HLTH,0.2711000144481659,0.2711000144481659,0.2711000144481659,0.2711000144481659,0.2711000144481659,0.0
2024-03-01 09:50:00,HOLX,73.6500015258789,73.6500015258789,73.6500015258789,73.5999984741211,73.5999984741211,1310.0
2024-03-01 09:50:00,HQY,82.26000213623047,82.26000213623047,82.26000213623047,82.26000213623047,82.26000213623047,323.0
2024-03-01 09:50:00,HRMY,31.200000762939453,31.200000762939453,31.325000762939453,31.200000762939453,31.325000762939453,1505.0
2024-03-01 09:50:00,HRTX,2.619999885559082,2.619999885559082,2.619999885559082,2.615000009536743,2.619999885559082,5131.0
2024-03-01 09:50:00,HSDT,4.789999961853027,4.789999961853027,4.789999961853027,4.789999961853027,4.789999961853027,101.0
2024-03-01 09:50:00,HSIC,76.91999816894531,76.91999816894531,76.91999816894531,76.81500244140625,76.81500244140625,858.0
2024-03-01 09:50:00,HUGE,0.8799999952316284,0.8799999952316284,0.8799999952316284,0.8799999952316284,0.8799999952316284,0.0
2024-03-01 09:50:00,HUMA,3.0850000381469727,3.0850000381469727,3.0899999141693115,3.0831000804901123,3.0850000381469727,7877.0
2024-03-01 09:50:00,IART,36.91999816894531,36.91999816894531,36.91999816894531,36.90999984741211,36.90999984741211,1118.0
2024-03-01 09:50:00,IBRX,4.840000152587891,4.840000152587891,4.840000152587891,4.820099830627441,4.82889986038208,4318.0
2024-03-01 09:50:00,ICLR,322.2749938964844,322.2749938964844,322.9599914550781,322.2749938964844,322.9200134277344,1488.0
2024-03-01 09:50:00,ICUI,104.21499633789062,104.21499633789062,104.21499633789062,104.21499633789062,104.21499633789062,303.0
2024-03-01 09:50:00,IDXX,565.6099853515625,565.6099853515625,565.6099853515625,565.4000244140625,565.4000244140625,495.0
2024-03-01 09:50:00,IDYA,45.93000030517578,45.93000030517578,45.935001373291016,45.93000030517578,45.935001373291016,276.0
2024-03-01 09:50:00,IFRX,1.75,1.75,1.75,1.75,1.75,9891.0
2024-03-01 09:50:00,ILMN,137.31500244140625,137.31500244140625,137.31500244140625,136.97000122070312,136.97999572753906,802.0
2024-03-01 09:50:00,IMAB,1.8700000047683716,1.8700000047683716,1.8799999952316284,1.8698999881744385,1.8698999881744385,4182.0
2024-03-01 09:50:00,IMMX,3.390000104904175,3.390000104904175,3.390000104904175,3.390000104904175,3.390000104904175,360.0
2024-03-01 09:50:00,IMNM,24.718799591064453,24.718799591064453,24.790000915527344,24.69499969482422,24.700000762939453,935.0
2024-03-01 09:50:00,IMNN,1.1401000022888184,1.1401000022888184,1.1401000022888184,1.1399999856948853,1.1399999856948853,310.0
2024-03-01 09:50:00,IMTX,12.819999694824219,12.819999694824219,12.819999694824219,12.760000228881836,12.770000457763672,892.0
2024-03-01 09:50:00,IMUX,1.4904999732971191,1.4904999732971191,1.4950000047683716,1.4904999732971191,1.4950000047683716,2753.0
2024-03-01 09:50:00,IMVT,36.81999969482422,36.81999969482422,36.86000061035156,36.75,36.86000061035156,3554.0
2024-03-01 09:50:00,INBX,36.79999923706055,36.79999923706055,36.79999923706055,36.79999923706055,36.79999923706055,177.0
2024-03-01 09:50:00,INCY,58.709999084472656,58.709999084472656,58.709999084472656,58.709999084472656,58.709999084472656,342.0
2024-03-01 09:50:00,INGN,6.71999979019165,6.71999979019165,6.71999979019165,6.71999979019165,6.71999979019165,300.0
2024-03-01 09:50:00,INMD,22.1200008392334,22.1200008392334,22.1200008392334,22.110000610351562,22.1200008392334,957.0
2024-03-01 09:50:00,INSM,28.139999389648438,28.139999389648438,28.139999389648438,28.139999389648438,28.139999389648438,336.0
2024-03-01 09:50:00,INVA,15.6899995803833,15.6899995803833,15.6899995803833,15.670000076293945,15.680000305175781,1331.0
2024-03-01 09:50:00,IOBT,1.649999976158142,1.649999976158142,1.649999976158142,1.6461999416351318,1.6461999416351318,2156.0
2024-03-01 09:50:00,IONS,45.14500045776367,45.14500045776367,45.20000076293945,45.13999938964844,45.185001373291016,2090.0
2024-03-01 09:50:00,IOVA,16.645000457763672,16.645000457763672,16.700000762939453,16.594999313354492,16.594999313354492,41895.0
2024-03-01 09:50:00,IRWD,8.854999542236328,8.854999542236328,8.875,8.850000381469727,8.864999771118164,19377.0
2024-03-01 09:50:00,ISRG,386.3999938964844,386.3999938964844,386.3999938964844,386.1549987792969,386.1549987792969,1051.0
2024-03-01 09:50:00,ITOS,10.765000343322754,10.765000343322754,10.765000343322754,10.710000038146973,10.765000343322754,414.0
2024-03-01 09:50:00,IVVD,3.940000057220459,3.940000057220459,3.940000057220459,3.940000057220459,3.940000057220459,802.0
2024-03-01 09:50:00,JAGX,0.06120000034570694,0.06120000034570694,0.06120000034570694,0.06120000034570694,0.06120000034570694,505.0
2024-03-01 09:50:00,JANX,47.88750076293945,47.88750076293945,47.97999954223633,47.88750076293945,47.96500015258789,1470.0
2024-03-01 09:50:00,JAZZ,121.4000015258789,121.4000015258789,121.47879791259766,120.86000061035156,120.88999938964844,5298.0
2024-03-01 09:50:00,KALV,14.074999809265137,14.074999809265137,14.085000038146973,14.050000190734863,14.085000038146973,2100.0
2024-03-01 09:50:00,KMDA,6.270100116729736,6.270100116729736,6.270100116729736,6.270100116729736,6.270100116729736,1002.0
2024-03-01 09:50:00,KOD,6.099999904632568,6.099999904632568,6.099999904632568,6.079999923706055,6.090000152587891,1604.0
2024-03-01 09:50:00,KPRX,0.6700000166893005,0.6700000166893005,0.6700000166893005,0.6700000166893005,0.6700000166893005,0.0
2024-03-01 09:50:00,KPTI,1.160099983215332,1.160099983215332,1.169600009918213,1.1549999713897705,1.1549999713897705,6146.0
2024-03-01 09:50:00,KROS,69.13999938964844,69.13999938964844,69.13999938964844,69.13999938964844,69.13999938964844,277.0
2024-03-01 09:50:00,KRYS,165.99000549316406,165.99000549316406,165.99000549316406,165.61000061035156,165.8000030517578,600.0
2024-03-01 09:50:00,KTRA,0.10260000079870224,0.10260000079870224,0.10260000079870224,0.10249999910593033,0.10249999910593033,9975.0
2024-03-01 09:50:00,KZIA,0.2540000081062317,0.2540000081062317,0.2540000081062317,0.2540000081062317,0.2540000081062317,1000.0
2024-03-01 09:50:00,KZR,1.065000057220459,1.065000057220459,1.0699000358581543,1.065000057220459,1.0699000358581543,1628.0
2024-03-01 09:50:00,LAB,2.2799999713897705,2.2799999713897705,2.2899999618530273,2.2799999713897705,2.2899999618530273,710.0
2024-03-01 09:50:00,LBPH,22.71299934387207,22.71299934387207,22.71299934387207,22.71299934387207,22.71299934387207,1000.0
2024-03-01 09:50:00,LEGN,65.33399963378906,65.33399963378906,65.33399963378906,65.33399963378906,65.33399963378906,268.0
2024-03-01 09:50:00,LEXX,2.5999999046325684,2.5999999046325684,2.6600000858306885,2.5999999046325684,2.6540000438690186,1689.0
2024-03-01 09:50:00,LFST,7.989999771118164,7.989999771118164,8.020000457763672,7.989999771118164,8.020000457763672,5666.0
2024-03-01 09:50:00,LIVN,54.40999984741211,54.40999984741211,54.470001220703125,54.369998931884766,54.412498474121094,457.0
2024-03-01 09:50:00,LNTH,65.96499633789062,65.96499633789062,65.96499633789062,65.96499633789062,65.96499633789062,192.0
2024-03-01 09:50:00,LUNG,9.135000228881836,9.135000228881836,9.135000228881836,9.135000228881836,9.135000228881836,143.0
2024-03-01 09:50:00,LVTX,2.75,2.75,2.799999952316284,2.7100000381469727,2.710599899291992,11816.0
2024-03-01 09:50:00,LXRX,2.3991000652313232,2.3991000652313232,2.3991000652313232,2.3891000747680664,2.3891000747680664,1854.0
2024-03-01 09:50:00,LYEL,3.0,3.0,3.0,2.9800000190734863,2.9800000190734863,2278.0
2024-03-01 09:50:00,LYRA,5.420000076293945,5.420000076293945,5.449999809265137,5.420000076293945,5.420000076293945,300.0
2024-03-01 09:50:00,MBIO,1.350000023841858,1.350000023841858,1.350000023841858,1.350000023841858,1.350000023841858,107.0
2024-03-01 09:50:00,MCRB,1.1449999809265137,1.1449999809265137,1.1449999809265137,1.1449999809265137,1.1449999809265137,5002.0
2024-03-01 09:50:00,MDRX,5.75,5.75,5.840000152587891,5.670000076293945,5.789999961853027,52956.0
2024-03-01 09:50:00,MDXG,8.489999771118164,8.489999771118164,8.489999771118164,8.489999771118164,8.489999771118164,261.0
2024-03-01 09:50:00,ME,0.5519000291824341,0.5519000291824341,0.5532000064849854,0.546999990940094,0.5529000163078308,12465.0
2024-03-01 09:50:00,MEDP,399.0350036621094,399.0350036621094,399.0350036621094,399.0350036621094,399.0350036621094,117.0
2024-03-01 09:50:00,MGNX,18.6117000579834,18.6117000579834,18.6200008392334,18.559999465942383,18.559999465942383,1435.0
2024-03-01 09:50:00,MIST,1.6711000204086304,1.6711000204086304,1.6711000204086304,1.6711000204086304,1.6711000204086304,996.0
2024-03-01 09:50:00,MLTX,51.90999984741211,51.90999984741211,52.47999954223633,51.90999984741211,52.435001373291016,3666.0
2024-03-01 09:50:00,MNKD,4.364999771118164,4.364999771118164,4.369999885559082,4.360000133514404,4.364999771118164,3109.0
2024-03-01 09:50:00,MNMD,5.614999771118164,5.614999771118164,5.619999885559082,5.614999771118164,5.619999885559082,2608.0
2024-03-01 09:50:00,MNPR,0.7699999809265137,0.7699999809265137,0.7699999809265137,0.7459999918937683,0.7599999904632568,12206.0
2024-03-01 09:50:00,MOR,17.549999237060547,17.549999237060547,17.549999237060547,17.545000076293945,17.545000076293945,878.0
2024-03-01 09:50:00,MORF,37.994998931884766,37.994998931884766,37.994998931884766,37.994998931884766,37.994998931884766,150.0
2024-03-01 09:50:00,MOTS,0.6762999892234802,0.6762999892234802,0.6998999714851379,0.6762999892234802,0.6998999714851379,8121.0
2024-03-01 09:50:00,MREO,3.805000066757202,3.805000066757202,3.805000066757202,3.799999952316284,3.799999952316284,603.0
2024-03-01 09:50:00,MRNA,93.18990325927734,93.18990325927734,93.18990325927734,92.91000366210938,93.08999633789062,10409.0
2024-03-01 09:50:00,MRSN,5.760000228881836,5.760000228881836,5.76800012588501,5.75,5.76800012588501,751.0
2024-03-01 09:50:00,MRUS,48.775001525878906,48.775001525878906,48.775001525878906,48.775001525878906,48.775001525878906,366.0
2024-03-01 09:50:00,MRVI,7.675000190734863,7.675000190734863,7.679999828338623,7.675000190734863,7.679999828338623,502.0
2024-03-01 09:50:00,MXCT,4.619999885559082,4.619999885559082,4.619999885559082,4.619999885559082,4.619999885559082,200.0
2024-03-01 09:50:00,MYGN,20.989999771118164,20.989999771118164,20.989999771118164,20.989999771118164,20.989999771118164,169.0
2024-03-01 09:50:00,NARI,45.0099983215332,45.0099983215332,45.095001220703125,44.63999938964844,44.63999938964844,16632.0
2024-03-01 09:50:00,NBIX,130.90499877929688,130.90499877929688,130.9600067138672,130.90499877929688,130.94000244140625,1082.0
2024-03-01 09:50:00,NCNA,0.3199000060558319,0.3199000060558319,0.3199000060558319,0.3199000060558319,0.3199000060558319,902.0
2024-03-01 09:50:00,NEOG,16.969999313354492,16.969999313354492,16.969999313354492,16.950000762939453,16.959999084472656,2455.0
2024-03-01 09:50:00,NERV,2.5799999237060547,2.5799999237060547,2.5999999046325684,2.5799999237060547,2.5999999046325684,201.0
2024-03-01 09:50:00,NKTR,0.7175999879837036,0.7175999879837036,0.7225000262260437,0.7175999879837036,0.7200000286102295,1400.0
2024-03-01 09:50:00,NKTX,12.4350004196167,12.4350004196167,12.4350004196167,12.4350004196167,12.4350004196167,254.0
2024-03-01 09:50:00,NLSP,0.38999998569488525,0.38999998569488525,0.38999998569488525,0.38600000739097595,0.38600000739097595,4202.0
2024-03-01 09:50:00,NNOX,11.097700119018555,11.097700119018555,11.129899978637695,11.069999694824219,11.109999656677246,8644.0
2024-03-01 09:50:00,NRC,40.39500045776367,40.39500045776367,40.39500045776367,40.39500045776367,40.39500045776367,220.0
2024-03-01 09:50:00,NRSN,1.844599962234497,1.844599962234497,1.844599962234497,1.7999999523162842,1.7999999523162842,3201.0
2024-03-01 09:50:00,NRXP,0.39660000801086426,0.39660000801086426,0.39739999175071716,0.39660000801086426,0.39739999175071716,2304.0
2024-03-01 09:50:00,NTLA,32.75,32.75,32.75,32.54999923706055,32.59000015258789,5927.0
2024-03-01 09:50:00,NTRA,88.88999938964844,88.88999938964844,89.08999633789062,88.8550033569336,88.97930145263672,7065.0
2024-03-01 09:50:00,NUVL,86.93000030517578,86.93000030517578,86.93000030517578,86.93000030517578,86.93000030517578,300.0
2024-03-01 09:50:00,NVAX,4.826000213623047,4.826000213623047,4.84499979019165,4.815000057220459,4.840000152587891,24044.0
2024-03-01 09:50:00,NVCR,15.380000114440918,15.380000114440918,15.380000114440918,15.380000114440918,15.380000114440918,143.0
2024-03-01 09:50:00,NXTC,1.7100000381469727,1.7100000381469727,1.7100000381469727,1.7100000381469727,1.7100000381469727,130.0
2024-03-01 09:50:00,OCGN,0.9211999773979187,0.9211999773979187,0.9229999780654907,0.9175000190734863,0.9229999780654907,1908.0
2024-03-01 09:50:00,OCUL,10.399999618530273,10.399999618530273,10.420000076293945,10.395000457763672,10.420000076293945,13655.0
2024-03-01 09:50:00,OFIX,13.0,13.0,13.0,12.9399995803833,12.949999809265137,2715.0
2024-03-01 09:50:00,OLK,22.299999237060547,22.299999237060547,22.375,22.299999237060547,22.30500030517578,2879.0
2024-03-01 09:50:00,OLMA,13.015000343322754,13.015000343322754,13.015000343322754,12.994999885559082,13.005000114440918,471.0
2024-03-01 09:50:00,OM,3.0350000858306885,3.0350000858306885,3.059999942779541,3.0199999809265137,3.059999942779541,8677.0
2024-03-01 09:50:00,OMIC,0.6200000047683716,0.6200000047683716,0.6200000047683716,0.578000009059906,0.578000009059906,4851.0
2024-03-01 09:50:00,ONCY,1.0950000286102295,1.0950000286102295,1.0950000286102295,1.0950000286102295,1.0950000286102295,2046.0
2024-03-01 09:51:00,ABCL,5.090000152587891,5.090000152587891,5.091000080108643,5.090000152587891,5.090000152587891,529.0
2024-03-01 09:51:00,ABOS,4.429999828338623,4.429999828338623,4.434999942779541,4.429999828338623,4.434999942779541,804.0
2024-03-01 09:51:00,ABSI,5.135000228881836,5.135000228881836,5.135000228881836,5.130000114440918,5.135000228881836,1941.0
2024-03-01 09:51:00,ABUS,2.765000104904175,2.765000104904175,2.765000104904175,2.765000104904175,2.765000104904175,636.0
2024-03-01 09:51:00,ABVC,1.1999000310897827,1.1999000310897827,1.1999000310897827,1.1999000310897827,1.1999000310897827,1696.0
2024-03-01 09:51:00,ACAD,23.510000228881836,23.510000228881836,23.530000686645508,23.510000228881836,23.530000686645508,1617.0
2024-03-01 09:51:00,ACB,3.0213000774383545,3.0213000774383545,3.0213000774383545,3.009999990463257,3.0199999809265137,3258.0
2024-03-01 09:51:00,ACCD,10.199999809265137,10.199999809265137,10.199999809265137,10.199999809265137,10.199999809265137,245.0
2024-03-01 09:51:00,ACET,2.3550000190734863,2.3550000190734863,2.3550000190734863,2.349900007247925,2.3499999046325684,799.0
2024-03-01 09:51:00,ACHL,1.3899999856948853,1.3899999856948853,1.3899999856948853,1.3899999856948853,1.3899999856948853,50.0
2024-03-01 09:51:00,ACHV,3.940000057220459,3.940000057220459,3.9600000381469727,3.940000057220459,3.9600000381469727,850.0
2024-03-01 09:51:00,ACIU,3.700000047683716,3.700000047683716,3.700000047683716,3.700000047683716,3.700000047683716,170.0
2024-03-01 09:51:00,ACLX,69.4000015258789,69.4000015258789,69.43990325927734,68.66000366210938,68.66000366210938,7537.0
2024-03-01 09:51:00,ACRS,1.25,1.25,1.25,1.25,1.25,710.0
2024-03-01 09:51:00,ADAP,1.5799000263214111,1.5799000263214111,1.5799000263214111,1.5799000263214111,1.5799000263214111,2051.0
2024-03-01 09:51:00,ADIL,3.380000114440918,3.380000114440918,3.4000000953674316,3.309999942779541,3.3612000942230225,232671.0
2024-03-01 09:51:00,ADTX,3.4700000286102295,3.4700000286102295,3.4700000286102295,3.4700000286102295,3.4700000286102295,189.0
2024-03-01 09:51:00,ADVM,1.9900000095367432,1.9900000095367432,1.9900000095367432,1.9800000190734863,1.9900000095367432,133.0
2024-03-01 09:51:00,AEZS,1.940000057220459,1.940000057220459,1.940000057220459,1.940000057220459,1.940000057220459,2099.0
2024-03-01 09:51:00,AFMD,0.6215000152587891,0.6215000152587891,0.6215000152587891,0.6215000152587891,0.6215000152587891,2000.0
2024-03-01 09:51:00,AGEN,0.6802999973297119,0.6802999973297119,0.6807000041007996,0.6798999905586243,0.6800000071525574,13768.0
2024-03-01 09:51:00,AGIO,32.52000045776367,32.52000045776367,32.52000045776367,32.400001525878906,32.459999084472656,915.0
2024-03-01 09:51:00,AHCO,10.40999984741211,10.40999984741211,10.449999809265137,10.40999984741211,10.449999809265137,510.0
2024-03-01 09:51:00,AIH,0.49900001287460327,0.49900001287460327,0.49959999322891235,0.49900001287460327,0.49959999322891235,4294.0
2024-03-01 09:51:00,AIMD,0.9549999833106995,0.9549999833106995,0.9549999833106995,0.9549999833106995,0.9549999833106995,170.0
2024-03-01 09:51:00,AIRS,6.53000020980835,6.53000020980835,6.53000020980835,6.53000020980835,6.53000020980835,201.0
2024-03-01 09:51:00,AKAN,0.2685000002384186,0.2685000002384186,0.2685000002384186,0.2646999955177307,0.2646999955177307,0.0
2024-03-01 09:51:00,AKBA,1.6299999952316284,1.6299999952316284,1.6305999755859375,1.6299999952316284,1.6305999755859375,2250.0
2024-03-01 09:51:00,AKLI,0.32989999651908875,0.32989999651908875,0.32989999651908875,0.32989999651908875,0.32989999651908875,1401.0
2024-03-01 09:51:00,AKRO,28.06999969482422,28.06999969482422,28.09000015258789,28.06999969482422,28.09000015258789,1007.0
2024-03-01 09:51:00,ALDX,3.8884999752044678,3.8884999752044678,3.8884999752044678,3.8884999752044678,3.8884999752044678,183.0
2024-03-01 09:51:00,ALEC,7.230000019073486,7.230000019073486,7.230000019073486,7.230000019073486,7.230000019073486,816.0
2024-03-01 09:51:00,ALGN,298.8900146484375,298.8900146484375,298.8900146484375,298.8900146484375,298.8900146484375,795.0
2024-03-01 09:51:00,ALGS,0.9850000143051147,0.9850000143051147,0.9850000143051147,0.9850000143051147,0.9850000143051147,0.0
2024-03-01 09:51:00,ALHC,5.940000057220459,5.940000057220459,5.940000057220459,5.925000190734863,5.925000190734863,894.0
2024-03-01 09:51:00,ALKS,30.049999237060547,30.049999237060547,30.049999237060547,30.016000747680664,30.020000457763672,1870.0
2024-03-01 09:51:00,ALLK,1.5700000524520874,1.5700000524520874,1.5700000524520874,1.565000057220459,1.5674999952316284,610.0
2024-03-01 09:51:00,ALLO,4.934800148010254,4.934800148010254,4.934800148010254,4.925000190734863,4.929999828338623,2078.0
2024-03-01 09:51:00,ALLR,0.3919999897480011,0.3919999897480011,0.3919999897480011,0.3919999897480011,0.3919999897480011,8.0
2024-03-01 09:51:00,ALNY,151.53500366210938,151.53500366210938,151.53500366210938,151.3000030517578,151.3000030517578,1141.0
2024-03-01 09:51:00,ALPN,35.79499816894531,35.79499816894531,35.79999923706055,35.5,35.529998779296875,8903.0
2024-03-01 09:51:00,ALT,12.149999618530273,12.149999618530273,12.149999618530273,12.125,12.125,12643.0
2024-03-01 09:51:00,ALVO,15.6850004196167,15.6850004196167,15.6850004196167,15.529999732971191,15.539999961853027,225.0
2024-03-01 09:51:00,ALVR,0.7498999834060669,0.7498999834060669,0.7498999834060669,0.7498999834060669,0.7498999834060669,289.0
2024-03-01 09:51:00,AMED,93.44999694824219,93.44999694824219,93.44999694824219,93.4010009765625,93.44499969482422,1940.0
2024-03-01 09:51:00,AMGN,276.4849853515625,276.4849853515625,276.5950012207031,276.4800109863281,276.5950012207031,1766.0
2024-03-01 09:51:00,AMLX,18.924999237060547,18.924999237060547,18.940000534057617,18.8700008392334,18.8700008392334,585.0
2024-03-01 09:51:00,AMPH,46.334999084472656,46.334999084472656,46.349998474121094,46.334999084472656,46.34000015258789,1866.0
2024-03-01 09:51:00,AMRN,1.0199999809265137,1.0199999809265137,1.024999976158142,1.0199999809265137,1.024999976158142,10114.0
2024-03-01 09:51:00,ANIK,24.43000030517578,24.43000030517578,24.520000457763672,24.43000030517578,24.520000457763672,447.0
2024-03-01 09:51:00,ANIP,66.87000274658203,66.87000274658203,66.9800033569336,66.87000274658203,66.9800033569336,394.0
2024-03-01 09:51:00,ANIX,3.550800085067749,3.550800085067749,3.550800085067749,3.550800085067749,3.550800085067749,570.0
2024-03-01 09:51:00,ANNX,5.982500076293945,5.982500076293945,5.985000133514404,5.982500076293945,5.985000133514404,411.0
2024-03-01 09:51:00,ANTX,2.990000009536743,2.990000009536743,2.990000009536743,2.990000009536743,2.990000009536743,450.0
2024-03-01 09:51:00,APLS,62.33000183105469,62.33000183105469,62.34000015258789,62.220001220703125,62.29499816894531,3143.0
2024-03-01 09:51:00,APLT,7.630000114440918,7.630000114440918,7.650000095367432,7.619999885559082,7.619999885559082,3268.0
2024-03-01 09:51:00,APTO,1.8113000392913818,1.8113000392913818,1.8113000392913818,1.8113000392913818,1.8113000392913818,564.0
2024-03-01 09:51:00,AQST,4.019999980926514,4.019999980926514,4.03000020980835,3.9800000190734863,3.981100082397461,5720.0
2024-03-01 09:51:00,ARDX,9.600000381469727,9.600000381469727,9.619999885559082,9.59000015258789,9.592499732971191,9219.0
2024-03-01 09:51:00,ARGX,381.6300048828125,381.6300048828125,381.6300048828125,381.364990234375,381.364990234375,1554.0
2024-03-01 09:51:00,ARQT,10.85990047454834,10.85990047454834,10.859999656677246,10.710000038146973,10.710000038146973,19574.0
2024-03-01 09:51:00,ARVN,49.45000076293945,49.45000076293945,49.54999923706055,49.31999969482422,49.439998626708984,6466.0
2024-03-01 09:51:00,ARWR,33.70899963378906,33.70899963378906,33.720001220703125,33.650001525878906,33.650001525878906,1536.0
2024-03-01 09:51:00,ASND,148.9199981689453,148.9199981689453,149.05999755859375,148.6300048828125,149.05999755859375,850.0
2024-03-01 09:51:00,ASRT,0.8892999887466431,0.8892999887466431,0.8999999761581421,0.8849999904632568,0.8999999761581421,1061.0
2024-03-01 09:51:00,ATEC,13.199999809265137,13.199999809265137,13.234999656677246,13.199999809265137,13.234999656677246,2560.0
2024-03-01 09:51:00,ATOS,1.0054999589920044,1.0054999589920044,1.0054999589920044,0.9922999739646912,0.9922999739646912,383.0
2024-03-01 09:51:00,ATRA,0.7886000275611877,0.7886000275611877,0.7886000275611877,0.7843999862670898,0.7843999862670898,1883.0
2024-03-01 09:51:00,ATXI,0.1500999927520752,0.1500999927520752,0.15209999680519104,0.1500999927520752,0.15209999680519104,19431.0
2024-03-01 09:51:00,ATXS,14.300000190734863,14.300000190734863,14.300000190734863,14.265000343322754,14.300000190734863,1520.0
2024-03-01 09:51:00,AUPH,5.699999809265137,5.699999809265137,5.699999809265137,5.684999942779541,5.684999942779541,5123.0
2024-03-01 09:51:00,AVDL,12.765000343322754,12.765000343322754,12.789999961853027,12.737000465393066,12.737000465393066,14760.0
2024-03-01 09:51:00,AVIR,4.355000019073486,4.355000019073486,4.355000019073486,4.355000019073486,4.355000019073486,0.0
2024-03-01 09:51:00,AVXL,5.190000057220459,5.190000057220459,5.190000057220459,5.190000057220459,5.190000057220459,200.0
2024-03-01 09:51:00,AXNX,67.29499816894531,67.29499816894531,67.29499816894531,67.29000091552734,67.29000091552734,1025.0
2024-03-01 09:51:00,AXSM,82.73999786376953,82.73999786376953,82.73999786376953,82.57859802246094,82.57859802246094,450.0
2024-03-01 09:51:00,AZN,64.22000122070312,64.22000122070312,64.22000122070312,64.20999908447266,64.22000122070312,3215.0
2024-03-01 09:51:00,BBIO,34.849998474121094,34.849998474121094,34.849998474121094,34.79499816894531,34.83000183105469,468.0
2024-03-01 09:51:00,BBLG,2.566999912261963,2.566999912261963,2.579900026321411,2.5,2.5,1905.0
2024-03-01 09:51:00,BCAB,2.680000066757202,2.680000066757202,2.680000066757202,2.6600000858306885,2.6600000858306885,1657.0
2024-03-01 09:51:00,BCEL,0.26989999413490295,0.26989999413490295,0.26989999413490295,0.26989999413490295,0.26989999413490295,456.0
2024-03-01 09:51:00,BCRX,5.715000152587891,5.715000152587891,5.715000152587891,5.704999923706055,5.704999923706055,809.0
2024-03-01 09:51:00,BDSX,1.6299999952316284,1.6299999952316284,1.6299999952316284,1.620300054550171,1.620300054550171,1382.0
2024-03-01 09:51:00,BDTX,5.230000019073486,5.230000019073486,5.230000019073486,5.230000019073486,5.230000019073486,110.0
2024-03-01 09:51:00,BEAM,39.619998931884766,39.619998931884766,39.619998931884766,39.619998931884766,39.619998931884766,464.0
2024-03-01 09:51:00,BGNE,162.75,162.75,163.10000610351562,162.27000427246094,162.51499938964844,6581.0
2024-03-01 09:51:00,BIIB,217.375,217.375,217.3800048828125,217.375,217.3800048828125,1193.0
2024-03-01 09:51:00,BIOL,0.1371999979019165,0.1371999979019165,0.1371999979019165,0.1371999979019165,0.1371999979019165,1717.0
2024-03-01 09:51:00,BIVI,2.7699999809265137,2.7699999809265137,2.869999885559082,2.7699999809265137,2.827399969100952,453962.0
2024-03-01 09:51:00,BLFS,17.829999923706055,17.829999923706055,17.889999389648438,17.829999923706055,17.889999389648438,1238.0
2024-03-01 09:51:00,BLRX,1.378999948501587,1.378999948501587,1.378999948501587,1.378999948501587,1.378999948501587,384.0
2024-03-01 09:51:00,BLUE,1.5399999618530273,1.5399999618530273,1.5499999523162842,1.5299999713897705,1.534999966621399,47955.0
2024-03-01 09:51:00,BMEA,17.81999969482422,17.81999969482422,17.81999969482422,17.68000030517578,17.760000228881836,4928.0
2024-03-01 09:51:00,BMRN,86.12999725341797,86.12999725341797,86.12999725341797,86.12999725341797,86.12999725341797,109.0
2024-03-01 09:51:00,BNGO,1.23989999294281,1.23989999294281,1.23989999294281,1.2374999523162842,1.2374999523162842,7107.0
2024-03-01 09:51:00,BNTC,4.940000057220459,4.940000057220459,4.940000057220459,4.860000133514404,4.860000133514404,521.0
2024-03-01 09:51:00,BNTX,89.91000366210938,89.91000366210938,89.91000366210938,89.88500213623047,89.88500213623047,369.0
2024-03-01 09:51:00,BPMC,96.35759735107422,96.35759735107422,96.35759735107422,95.80500030517578,95.80500030517578,1121.0
2024-03-01 09:51:00,BRKR,86.33000183105469,86.33000183105469,86.33999633789062,86.33000183105469,86.33999633789062,293.0
2024-03-01 09:51:00,BRTX,1.4936000108718872,1.4936000108718872,1.5,1.4600000381469727,1.475000023841858,8740.0
2024-03-01 09:51:00,BTTX,0.16179999709129333,0.16179999709129333,0.16259999573230743,0.16099999845027924,0.16259999573230743,0.0
2024-03-01 09:51:00,CABA,24.315000534057617,24.315000534057617,24.360000610351562,24.280000686645508,24.280000686645508,708.0
2024-03-01 09:51:00,CAPR,4.539999961853027,4.539999961853027,4.539999961853027,4.539999961853027,4.539999961853027,200.0
2024-03-01 09:51:00,CARA,0.8593000173568726,0.8593000173568726,0.8593000173568726,0.8593000173568726,0.8593000173568726,410.0
2024-03-01 09:51:00,CBAY,32.21500015258789,32.21500015258789,32.220001220703125,32.21500015258789,32.21500015258789,6583.0
2024-03-01 09:51:00,CCCC,10.994999885559082,10.994999885559082,10.994999885559082,10.975000381469727,10.975000381469727,594.0
2024-03-01 09:51:00,CDNA,11.319999694824219,11.319999694824219,11.34000015258789,11.170000076293945,11.170000076293945,1996.0
2024-03-01 09:51:00,CDXS,4.34499979019165,4.34499979019165,4.355000019073486,4.34499979019165,4.355000019073486,710.0
2024-03-01 09:51:00,CERE,41.11000061035156,41.11000061035156,41.11000061035156,41.10499954223633,41.10499954223633,664.0
2024-03-01 09:51:00,CERT,17.271400451660156,17.271400451660156,17.271400451660156,17.264999389648438,17.264999389648438,1396.0
2024-03-01 09:51:00,CGC,3.2200000286102295,3.2200000286102295,3.2200000286102295,3.214099884033203,3.2146999835968018,1305.0
2024-03-01 09:51:00,CHRS,2.325000047683716,2.325000047683716,2.325000047683716,2.3099000453948975,2.309999942779541,28283.0
2024-03-01 09:51:00,CING,1.340000033378601,1.340000033378601,1.340000033378601,1.340000033378601,1.340000033378601,331.0
2024-03-01 09:51:00,CJJD,3.009999990463257,3.009999990463257,3.036600112915039,3.009999990463257,3.036600112915039,548.0
2024-03-01 09:51:00,CKPT,2.1554999351501465,2.1554999351501465,2.1554999351501465,2.1554999351501465,2.1554999351501465,101.0
2024-03-01 09:51:00,CLDX,51.58000183105469,51.58000183105469,51.93000030517578,51.43410110473633,51.650001525878906,11005.0
2024-03-01 09:51:00,CLNN,0.39149999618530273,0.39149999618530273,0.39629998803138733,0.39149999618530273,0.39160001277923584,1450.0
2024-03-01 09:51:00,CLOV,0.8510000109672546,0.8510000109672546,0.8514999747276306,0.8503999710083008,0.8510000109672546,12268.0
2024-03-01 09:51:00,CLPT,6.519999980926514,6.519999980926514,6.547299861907959,6.519999980926514,6.547299861907959,902.0
2024-03-01 09:51:00,CLRB,3.950000047683716,3.950000047683716,3.950000047683716,3.934999942779541,3.944999933242798,4208.0
2024-03-01 09:51:00,CMPS,10.630000114440918,10.630000114440918,10.630000114440918,10.609999656677246,10.609999656677246,708.0
2024-03-01 09:51:00,CMPX,1.7900999784469604,1.7900999784469604,1.7900999784469604,1.7900999784469604,1.7900999784469604,458.0
2024-03-01 09:51:00,COGT,7.25,7.25,7.260000228881836,7.25,7.25,2296.0
2024-03-01 09:51:00,COLL,37.290000915527344,37.290000915527344,37.290000915527344,37.220001220703125,37.220001220703125,378.0
2024-03-01 09:51:00,CORT,23.225000381469727,23.225000381469727,23.239999771118164,23.1299991607666,23.239999771118164,5633.0
2024-03-01 09:51:00,COSM,0.7524999976158142,0.7524999976158142,0.7524999976158142,0.7524999976158142,0.7524999976158142,865.0
2024-03-01 09:51:00,CPRX,16.895000457763672,16.895000457763672,16.909799575805664,16.770000457763672,16.780000686645508,12095.0
2024-03-01 09:51:00,CRBU,8.069999694824219,8.069999694824219,8.100000381469727,8.069999694824219,8.074999809265137,2651.0
2024-03-01 09:51:00,CRDF,2.4600000381469727,2.4600000381469727,2.5199999809265137,2.4200000762939453,2.515000104904175,151354.0
2024-03-01 09:51:00,CRDL,2.029900074005127,2.029900074005127,2.0399999618530273,2.029900074005127,2.0399999618530273,1200.0
2024-03-01 09:51:00,CRMD,3.6050000190734863,3.6050000190734863,3.6050000190734863,3.600100040435791,3.600100040435791,5226.0
2024-03-01 09:51:00,CRNX,44.84000015258789,44.84000015258789,44.84000015258789,44.52000045776367,44.779998779296875,2054.0
2024-03-01 09:51:00,CRSP,84.70240020751953,84.70240020751953,84.97000122070312,84.69999694824219,84.94819641113281,4164.0
2024-03-01 09:51:00,CRVS,2.200000047683716,2.200000047683716,2.200000047683716,2.200000047683716,2.200000047683716,164.0
2024-03-01 09:51:00,CSTL,19.579999923706055,19.579999923706055,19.719999313354492,19.579999923706055,19.719999313354492,681.0
2024-03-01 09:51:00,CTKB,7.784999847412109,7.784999847412109,7.800000190734863,7.784999847412109,7.800000190734863,1037.0
2024-03-01 09:51:00,CTMX,2.450900077819824,2.450900077819824,2.450900077819824,2.450900077819824,2.450900077819824,842.0
2024-03-01 09:51:00,CTSO,0.9399999976158142,0.9399999976158142,0.9399999976158142,0.9399999976158142,0.9399999976158142,997.0
2024-03-01 09:51:00,CVAC,3.424999952316284,3.424999952316284,3.430000066757202,3.424999952316284,3.430000066757202,1888.0
2024-03-01 09:51:00,CYTK,74.47000122070312,74.47000122070312,74.47000122070312,74.36000061035156,74.41999816894531,2352.0
2024-03-01 09:51:00,DARE,0.5799999833106995,0.5799999833106995,0.5799999833106995,0.5799000263214111,0.5799999833106995,3127.0
2024-03-01 09:51:00,DAWN,16.950000762939453,16.950000762939453,16.950000762939453,16.950000762939453,16.950000762939453,257.0
2024-03-01 09:51:00,DCGO,4.070000171661377,4.070000171661377,4.074999809265137,4.070000171661377,4.074999809265137,399.0
2024-03-01 09:51:00,DCPH,17.0049991607666,17.0049991607666,17.010000228881836,17.0,17.010000228881836,493.0
2024-03-01 09:51:00,DERM,3.90120005607605,3.90120005607605,3.90120005607605,3.90120005607605,3.90120005607605,6000.0
2024-03-01 09:51:00,DH,9.029999732971191,9.029999732971191,9.033499717712402,9.029999732971191,9.033499717712402,444.0
2024-03-01 09:51:00,DMTK,0.9297999739646912,0.9297999739646912,0.9297999739646912,0.9297999739646912,0.9297999739646912,1009.0
2024-03-01 09:51:00,DNLI,20.600000381469727,20.600000381469727,20.65999984741211,20.600000381469727,20.630699157714844,8720.0
2024-03-01 09:51:00,DRRX,0.9901999831199646,0.9901999831199646,0.9901999831199646,0.9901999831199646,0.9901999831199646,0.0
2024-03-01 09:51:00,DTIL,12.704999923706055,12.704999923706055,13.0600004196167,12.699999809265137,13.024999618530273,3477.0
2024-03-01 09:51:00,DVAX,12.734999656677246,12.734999656677246,12.734999656677246,12.734999656677246,12.734999656677246,1307.0
2024-03-01 09:51:00,DXCM,115.87000274658203,115.87000274658203,116.20999908447266,115.87000274658203,116.20999908447266,4476.0
2024-03-01 09:51:00,DYN,29.110000610351562,29.110000610351562,29.110000610351562,28.940000534057617,29.110000610351562,22552.0
2024-03-01 09:51:00,EDIT,10.420000076293945,10.420000076293945,10.430000305175781,10.37600040435791,10.37600040435791,17245.0
2024-03-01 09:51:00,EFTR,14.25409984588623,14.25409984588623,14.25409984588623,14.25409984588623,14.25409984588623,152.0
2024-03-01 09:51:00,ELEV,4.980000019073486,4.980000019073486,4.980000019073486,4.872000217437744,4.889999866485596,18847.0
2024-03-01 09:51:00,ENSC,0.9108999967575073,0.9108999967575073,0.9108999967575073,0.9108999967575073,0.9108999967575073,2000.0
2024-03-01 09:51:00,ENTA,14.529999732971191,14.529999732971191,14.529999732971191,14.5,14.5,305.0
2024-03-01 09:51:00,ENVB,1.6014000177383423,1.6014000177383423,1.6200000047683716,1.600000023841858,1.6198999881744385,14771.0
2024-03-01 09:51:00,ESPR,2.505000114440918,2.505000114440918,2.5099000930786133,2.505000114440918,2.505000114440918,4096.0
2024-03-01 09:51:00,ETNB,12.430000305175781,12.430000305175781,12.430000305175781,12.350000381469727,12.350000381469727,8974.0
2024-03-01 09:51:00,EWTX,16.260000228881836,16.260000228881836,16.280000686645508,16.25,16.270000457763672,1479.0
2024-03-01 09:51:00,EXAI,6.739999771118164,6.739999771118164,6.739999771118164,6.730000019073486,6.730000019073486,2145.0
2024-03-01 09:51:00,EXAS,57.95000076293945,57.95000076293945,57.99800109863281,57.95000076293945,57.9900016784668,2359.0
2024-03-01 09:51:00,EXEL,22.336999893188477,22.336999893188477,22.336999893188477,22.299999237060547,22.325000762939453,3649.0
2024-03-01 09:51:00,EYEN,2.140000104904175,2.140000104904175,2.1500000953674316,2.119999885559082,2.1500000953674316,14203.0
2024-03-01 09:51:00,FATE,7.369999885559082,7.369999885559082,7.384399890899658,7.364999771118164,7.384399890899658,1086.0
2024-03-01 09:51:00,FBIO,2.1600000858306885,2.1600000858306885,2.1600000858306885,2.1401000022888184,2.1533000469207764,1636.0
2024-03-01 09:51:00,FDMT,28.764999389648438,28.764999389648438,28.764999389648438,28.764999389648438,28.764999389648438,994.0
2024-03-01 09:51:00,FENC,9.5,9.5,9.5,9.5,9.5,752.0
2024-03-01 09:51:00,FGEN,1.7649999856948853,1.7649999856948853,1.7649999856948853,1.7300000190734863,1.7300000190734863,2173.0
2024-03-01 09:51:00,FIXX,0.9300000071525574,0.9300000071525574,0.9300000071525574,0.9300000071525574,0.9300000071525574,0.0
2024-03-01 09:51:00,FLGC,1.2000000476837158,1.2000000476837158,1.2000000476837158,1.2000000476837158,1.2000000476837158,127.0
2024-03-01 09:51:00,FOLD,13.385000228881836,13.385000228881836,13.395000457763672,13.352499961853027,13.364999771118164,11127.0
2024-03-01 09:51:00,FULC,10.323200225830078,10.323200225830078,10.323200225830078,10.323200225830078,10.323200225830078,310.0
2024-03-01 09:51:00,FUSN,12.220000267028809,12.220000267028809,12.25,12.220000267028809,12.25,3104.0
2024-03-01 09:51:00,FWBI,8.140000343322754,8.140000343322754,8.140000343322754,8.140000343322754,8.140000343322754,255.0
2024-03-01 09:51:00,GBIO,2.484999895095825,2.484999895095825,2.494999885559082,2.4700000286102295,2.494999885559082,12460.0
2024-03-01 09:51:00,GDRX,8.430000305175781,8.430000305175781,8.454999923706055,8.40999984741211,8.454999923706055,21939.0
2024-03-01 09:51:00,GERN,2.075000047683716,2.075000047683716,2.075000047683716,2.061300039291382,2.069999933242798,6082.0
2024-03-01 09:51:00,GILD,72.37999725341797,72.37999725341797,72.38999938964844,72.33999633789062,72.37999725341797,4864.0
2024-03-01 09:51:00,GLMD,0.41499999165534973,0.41499999165534973,0.41499999165534973,0.41499999165534973,0.41499999165534973,540.0
2024-03-01 09:51:00,GLPG,34.977500915527344,34.977500915527344,34.97999954223633,34.974998474121094,34.97999954223633,300.0
2024-03-01 09:51:00,GMAB,28.600000381469727,28.600000381469727,28.600000381469727,28.600000381469727,28.600000381469727,97.0
2024-03-01 09:51:00,GOSS,1.3450000286102295,1.3450000286102295,1.350000023841858,1.3450000286102295,1.350000023841858,8435.0
2024-03-01 09:51:00,GRFS,6.739999771118164,6.739999771118164,6.75,6.739999771118164,6.744999885559082,6848.0
2024-03-01 09:51:00,GRTS,1.9149999618530273,1.9149999618530273,1.929900050163269,1.899999976158142,1.912500023841858,8722.0
2024-03-01 09:51:00,GTHX,3.3801000118255615,3.3801000118255615,3.3801000118255615,3.380000114440918,3.3801000118255615,661.0
2024-03-01 09:51:00,HALO,40.939998626708984,40.939998626708984,40.94900131225586,40.90999984741211,40.90999984741211,1555.0
2024-03-01 09:51:00,HARP,22.950000762939453,22.950000762939453,22.950000762939453,22.940000534057617,22.940000534057617,346.0
2024-03-01 09:51:00,HBIO,4.338600158691406,4.338600158691406,4.338600158691406,4.338600158691406,4.338600158691406,486.0
2024-03-01 09:51:00,HCAT,8.164999961853027,8.164999961853027,8.164999961853027,8.164999961853027,8.164999961853027,622.0
2024-03-01 09:51:00,HCSG,12.609999656677246,12.609999656677246,12.609999656677246,12.609999656677246,12.609999656677246,151.0
2024-03-01 09:51:00,HCTI,2.259999990463257,2.259999990463257,2.305000066757202,2.259999990463257,2.287899971008301,5899.0
2024-03-01 09:51:00,HLTH,0.27480000257492065,0.27480000257492065,0.27480000257492065,0.27480000257492065,0.27480000257492065,285.0
2024-03-01 09:51:00,HOLX,73.57250213623047,73.57250213623047,73.62000274658203,73.55999755859375,73.62000274658203,1914.0
2024-03-01 09:51:00,HQY,82.2699966430664,82.2699966430664,82.2699966430664,82.22949981689453,82.2699966430664,417.0
2024-03-01 09:51:00,HRMY,31.219999313354492,31.219999313354492,31.309999465942383,31.184999465942383,31.200000762939453,2638.0
2024-03-01 09:51:00,HRTX,2.610100030899048,2.610100030899048,2.619999885559082,2.610100030899048,2.615000009536743,674.0
2024-03-01 09:51:00,HSCS,0.11680000275373459,0.11680000275373459,0.11680000275373459,0.11680000275373459,0.11680000275373459,511.0
2024-03-01 09:51:00,HSIC,76.93000030517578,76.93000030517578,76.93000030517578,76.83999633789062,76.92500305175781,751.0
2024-03-01 09:51:00,HUMA,3.065000057220459,3.065000057220459,3.089600086212158,3.0608999729156494,3.089600086212158,29788.0
2024-03-01 09:51:00,HYPR,1.163100004196167,1.163100004196167,1.163100004196167,1.1557999849319458,1.1557999849319458,3000.0
2024-03-01 09:51:00,IBRX,4.860000133514404,4.860000133514404,4.860000133514404,4.820000171661377,4.832300186157227,10705.0
2024-03-01 09:51:00,ICLR,321.6700134277344,321.6700134277344,321.6700134277344,320.8500061035156,320.8500061035156,691.0
2024-03-01 09:51:00,ICUI,104.20999908447266,104.20999908447266,104.23999786376953,104.06999969482422,104.06999969482422,622.0
2024-03-01 09:51:00,IDXX,565.9349975585938,565.9349975585938,566.3850708007812,565.9349975585938,566.3850708007812,1259.0
2024-03-01 09:51:00,IDYA,46.040000915527344,46.040000915527344,46.040000915527344,45.9900016784668,45.9900016784668,836.0
2024-03-01 09:51:00,IGMS,13.029999732971191,13.029999732971191,13.029999732971191,13.029999732971191,13.029999732971191,180.0
2024-03-01 09:51:00,IKNA,1.4500000476837158,1.4500000476837158,1.4500000476837158,1.4500000476837158,1.4500000476837158,5200.0
2024-03-01 09:51:00,ILMN,137.14999389648438,137.14999389648438,137.14999389648438,136.91000366210938,136.91000366210938,782.0
2024-03-01 09:51:00,IMAB,1.8600000143051147,1.8600000143051147,1.875,1.8600000143051147,1.8650000095367432,1521.0
2024-03-01 09:51:00,IMCR,68.25,68.25,68.36000061035156,68.01000213623047,68.1449966430664,3627.0
2024-03-01 09:51:00,IMNN,1.1200000047683716,1.1200000047683716,1.1299999952316284,1.1200000047683716,1.1299999952316284,1793.0
2024-03-01 09:51:00,IMTX,12.817000389099121,12.817000389099121,12.817000389099121,12.817000389099121,12.817000389099121,69.0
2024-03-01 09:51:00,IMUX,1.4904999732971191,1.4904999732971191,1.4904999732971191,1.4904999732971191,1.4904999732971191,900.0
2024-03-01 09:51:00,IMVT,36.92359924316406,36.92359924316406,36.98500061035156,36.82500076293945,36.83000183105469,5831.0
2024-03-01 09:51:00,INCR,1.9600000381469727,1.9600000381469727,1.9600000381469727,1.9600000381469727,1.9600000381469727,178.0
2024-03-01 09:51:00,INCY,58.720001220703125,58.720001220703125,58.810001373291016,58.709999084472656,58.810001373291016,662.0
2024-03-01 09:51:00,INGN,6.695000171661377,6.695000171661377,6.710000038146973,6.695000171661377,6.695000171661377,455.0
2024-03-01 09:51:00,INMD,22.1299991607666,22.1299991607666,22.14859962463379,22.1299991607666,22.138999938964844,659.0
2024-03-01 09:51:00,INO,9.020000457763672,9.020000457763672,9.020000457763672,9.020000457763672,9.020000457763672,544.0
2024-03-01 09:51:00,INSM,28.170000076293945,28.170000076293945,28.170000076293945,28.170000076293945,28.170000076293945,151.0
2024-03-01 09:51:00,INVA,15.65999984741211,15.65999984741211,15.680000305175781,15.65999984741211,15.680000305175781,803.0
2024-03-01 09:51:00,IONS,45.1150016784668,45.1150016784668,45.1150016784668,45.1150016784668,45.1150016784668,276.0
2024-03-01 09:51:00,IOVA,16.684999465942383,16.684999465942383,16.69499969482422,16.6200008392334,16.635000228881836,28397.0
2024-03-01 09:51:00,IRIX,2.648200035095215,2.648200035095215,2.6484999656677246,2.640000104904175,2.640000104904175,1200.0
2024-03-01 09:51:00,IRTC,116.73500061035156,116.73500061035156,116.73500061035156,116.73500061035156,116.73500061035156,189.0
2024-03-01 09:51:00,IRWD,8.86769962310791,8.86769962310791,8.869999885559082,8.852499961853027,8.859999656677246,12063.0
2024-03-01 09:51:00,ISRG,386.29998779296875,386.29998779296875,386.3599853515625,386.081787109375,386.125,2220.0
2024-03-01 09:51:00,IVVD,3.930000066757202,3.930000066757202,3.940000057220459,3.930000066757202,3.940000057220459,410.0
2024-03-01 09:51:00,IXHL,5.010000228881836,5.010000228881836,5.010000228881836,5.010000228881836,5.010000228881836,297.0
2024-03-01 09:51:00,JAGX,0.06120000034570694,0.06120000034570694,0.06120000034570694,0.06120000034570694,0.06120000034570694,801.0
2024-03-01 09:51:00,JANX,47.59000015258789,47.59000015258789,47.970001220703125,47.59000015258789,47.970001220703125,887.0
2024-03-01 09:51:00,JAZZ,122.19000244140625,122.19000244140625,122.56999969482422,121.58999633789062,121.62000274658203,5089.0
2024-03-01 09:51:00,JSPR,21.3700008392334,21.3700008392334,21.3700008392334,21.1200008392334,21.1200008392334,1821.0
2024-03-01 09:51:00,KALV,14.099300384521484,14.099300384521484,14.099300384521484,14.050000190734863,14.09000015258789,1380.0
2024-03-01 09:51:00,KIDS,26.780000686645508,26.780000686645508,26.809999465942383,26.780000686645508,26.79199981689453,2162.0
2024-03-01 09:51:00,KNTE,2.5950000286102295,2.5950000286102295,2.5950000286102295,2.5950000286102295,2.5950000286102295,0.0
2024-03-01 09:51:00,KOD,6.090000152587891,6.090000152587891,6.090000152587891,6.090000152587891,6.090000152587891,107.0
2024-03-01 09:51:00,KPTI,1.1532000303268433,1.1532000303268433,1.1699999570846558,1.1532000303268433,1.1649999618530273,7225.0
2024-03-01 09:51:00,KROS,68.98999786376953,68.98999786376953,68.98999786376953,68.98999786376953,68.98999786376953,447.0
2024-03-01 09:51:00,KRYS,165.94000244140625,165.94000244140625,165.94000244140625,165.94000244140625,165.94000244140625,223.0
2024-03-01 09:51:00,KTRA,0.10119999945163727,0.10119999945163727,0.10119999945163727,0.10119999945163727,0.10119999945163727,29457.0
2024-03-01 09:51:00,KURA,21.364999771118164,21.364999771118164,21.364999771118164,21.260000228881836,21.260000228881836,328.0
2024-03-01 09:51:00,KZR,1.065000057220459,1.065000057220459,1.065000057220459,1.065000057220459,1.065000057220459,200.0
2024-03-01 09:51:00,LBPH,22.71500015258789,22.71500015258789,22.71500015258789,22.71500015258789,22.71500015258789,0.0
2024-03-01 09:51:00,LEXX,2.565000057220459,2.565000057220459,2.5999999046325684,2.490000009536743,2.5999999046325684,10837.0
2024-03-01 09:51:00,LFST,8.039999961853027,8.039999961853027,8.039999961853027,7.985000133514404,7.989999771118164,5209.0
2024-03-01 09:51:00,LIAN,4.849999904632568,4.849999904632568,4.849999904632568,4.849999904632568,4.849999904632568,41.0
2024-03-01 09:51:00,LIVN,54.345001220703125,54.345001220703125,54.345001220703125,54.345001220703125,54.345001220703125,112.0
2024-03-01 09:51:00,LQDA,14.28499984741211,14.28499984741211,14.289999961853027,14.279999732971191,14.279999732971191,1326.0
2024-03-01 09:51:00,LTRN,4.781099796295166,4.781099796295166,4.781099796295166,4.781099796295166,4.781099796295166,588.0
2024-03-01 09:51:00,LVTX,2.755000114440918,2.755000114440918,2.755000114440918,2.75,2.7513999938964844,1870.0
2024-03-01 09:51:00,LXRX,2.3991000652313232,2.3991000652313232,2.4000000953674316,2.3891000747680664,2.3991000652313232,10181.0
2024-03-01 09:51:00,LYEL,2.994999885559082,2.994999885559082,2.994999885559082,2.990000009536743,2.990000009536743,720.0
2024-03-01 09:51:00,LYRA,5.420000076293945,5.420000076293945,5.485000133514404,5.420000076293945,5.420000076293945,1246.0
2024-03-01 09:51:00,MASS,7.030099868774414,7.030099868774414,7.030099868774414,7.030099868774414,7.030099868774414,157.0
2024-03-01 09:51:00,MCRB,1.149999976158142,1.149999976158142,1.149999976158142,1.1491999626159668,1.149899959564209,7639.0
2024-03-01 09:51:00,MDGL,243.88999938964844,243.88999938964844,243.88999938964844,242.58999633789062,243.13169860839844,1051.0
2024-03-01 09:51:00,MDRX,5.840000152587891,5.840000152587891,5.840000152587891,5.699999809265137,5.75,20097.0
2024-03-01 09:51:00,MDXG,8.460000038146973,8.460000038146973,8.489999771118164,8.460000038146973,8.489999771118164,1744.0
2024-03-01 09:51:00,MDXH,3.6500000953674316,3.6500000953674316,3.6500000953674316,3.6500000953674316,3.6500000953674316,432.0
2024-03-01 09:51:00,ME,0.5471000075340271,0.5471000075340271,0.551800012588501,0.546999990940094,0.5504000186920166,71782.0
2024-03-01 09:51:00,MEDP,400.739990234375,400.739990234375,400.739990234375,400.739990234375,400.739990234375,105.0
2024-03-01 09:51:00,MEIP,4.151100158691406,4.151100158691406,4.151100158691406,4.151100158691406,4.151100158691406,177.0
2024-03-01 09:51:00,MGNX,18.75,18.75,18.75,18.600000381469727,18.6200008392334,14572.0
2024-03-01 09:51:00,MGTX,6.190000057220459,6.190000057220459,6.190000057220459,6.190000057220459,6.190000057220459,100.0
2024-03-01 09:51:00,MIRM,29.3799991607666,29.3799991607666,29.489999771118164,29.3799991607666,29.459999084472656,596.0
2024-03-01 09:51:00,MLTX,52.09000015258789,52.09000015258789,52.19089889526367,52.09000015258789,52.19089889526367,992.0
2024-03-01 09:51:00,MNKD,4.375,4.375,4.377500057220459,4.360099792480469,4.360099792480469,4770.0
2024-03-01 09:51:00,MNMD,5.6346001625061035,5.6346001625061035,5.6346001625061035,5.619999885559082,5.619999885559082,435.0
2024-03-01 09:51:00,MNPR,0.7599999904632568,0.7599999904632568,0.7599999904632568,0.75,0.7599999904632568,6417.0
2024-03-01 09:51:00,MOTS,0.6851000189781189,0.6851000189781189,0.6938999891281128,0.671999990940094,0.6938999891281128,2324.0
2024-03-01 09:51:00,MRNA,93.19999694824219,93.19999694824219,93.29199981689453,93.03089904785156,93.125,6706.0
2024-03-01 09:51:00,MRSN,5.860000133514404,5.860000133514404,5.860000133514404,5.769999980926514,5.769999980926514,1898.0
2024-03-01 09:51:00,MRUS,48.904998779296875,48.904998779296875,48.95000076293945,48.775001525878906,48.849998474121094,1968.0
2024-03-01 09:51:00,MRVI,7.630000114440918,7.630000114440918,7.679999828338623,7.619999885559082,7.679999828338623,4382.0
2024-03-01 09:51:00,MXCT,4.614999771118164,4.614999771118164,4.614999771118164,4.614999771118164,4.614999771118164,638.0
2024-03-01 09:51:00,MYGN,20.94499969482422,20.94499969482422,20.94499969482422,20.94499969482422,20.94499969482422,138.0
2024-03-01 09:51:00,NARI,44.86869812011719,44.86869812011719,44.9900016784668,44.86869812011719,44.97200012207031,1095.0
2024-03-01 09:51:00,NBIX,130.8300018310547,130.8300018310547,130.8350067138672,130.72999572753906,130.8350067138672,826.0
2024-03-01 09:51:00,NEOG,16.959999084472656,16.959999084472656,16.969999313354492,16.950000762939453,16.969999313354492,1285.0
2024-03-01 09:51:00,NERV,2.553499937057495,2.553499937057495,2.553499937057495,2.553499937057495,2.553499937057495,200.0
2024-03-01 09:51:00,NEXI,6.489999771118164,6.489999771118164,6.489999771118164,6.489999771118164,6.489999771118164,203.0
2024-03-01 09:51:00,NGM,1.5293999910354614,1.5293999910354614,1.5293999910354614,1.5293999910354614,1.5293999910354614,171.0
2024-03-01 09:51:00,NKTR,0.7150999903678894,0.7150999903678894,0.7160000205039978,0.7150999903678894,0.7160000205039978,695.0
2024-03-01 09:51:00,NKTX,12.444999694824219,12.444999694824219,12.444999694824219,12.4399995803833,12.4399995803833,1172.0
2024-03-01 09:51:00,NNOX,11.109999656677246,11.109999656677246,11.154999732971191,11.069999694824219,11.109999656677246,8529.0
2024-03-01 09:51:00,NOTV,7.320000171661377,7.320000171661377,7.329999923706055,7.320000171661377,7.329999923706055,1002.0
2024-03-01 09:51:00,NRBO,5.682600021362305,5.682600021362305,5.682600021362305,5.682600021362305,5.682600021362305,628.0
2024-03-01 09:51:00,NRSN,1.8600000143051147,1.8600000143051147,1.8600000143051147,1.844599962234497,1.844599962234497,1142.0
2024-03-01 09:51:00,NRXP,0.4050000011920929,0.4050000011920929,0.4050000011920929,0.39660000801086426,0.39660000801086426,2083.0
2024-03-01 09:51:00,NTLA,32.65999984741211,32.65999984741211,32.72999954223633,32.65999984741211,32.70000076293945,3665.0
2024-03-01 09:51:00,NTRA,88.7874984741211,88.7874984741211,88.7874984741211,88.72000122070312,88.75,2280.0
2024-03-01 09:51:00,NUVL,86.8499984741211,86.8499984741211,87.0,86.80999755859375,87.0,1459.0
2024-03-01 09:51:00,NUWE,0.5899999737739563,0.5899999737739563,0.5899999737739563,0.5800999999046326,0.5800999999046326,3893.0
2024-03-01 09:51:00,NVAX,4.815000057220459,4.815000057220459,4.824999809265137,4.801199913024902,4.822199821472168,8623.0
2024-03-01 09:51:00,NVCR,15.380000114440918,15.380000114440918,15.380000114440918,15.34000015258789,15.380000114440918,1008.0
2024-03-01 09:51:00,NVNO,6.269999980926514,6.269999980926514,6.269999980926514,6.21999979019165,6.21999979019165,1415.0
2024-03-01 09:51:00,NXTC,1.7050000429153442,1.7050000429153442,1.7050000429153442,1.7050000429153442,1.7050000429153442,200.0
2024-03-01 09:51:00,OCGN,0.9225000143051147,0.9225000143051147,0.9225000143051147,0.9175000190734863,0.9175000190734863,7087.0
2024-03-01 09:51:00,OCUL,10.4399995803833,10.4399995803833,10.460000038146973,10.40999984741211,10.420000076293945,20604.0
2024-03-01 09:51:00,OGI,2.070499897003174,2.070499897003174,2.075000047683716,2.070499897003174,2.075000047683716,444.0
2024-03-01 09:51:00,OLK,22.290000915527344,22.290000915527344,22.299999237060547,22.25,22.280000686645508,1834.0
2024-03-01 09:51:00,OLMA,12.954999923706055,12.954999923706055,13.020000457763672,12.954999923706055,12.954999923706055,400.0
2024-03-01 09:51:00,OM,3.0199999809265137,3.0199999809265137,3.0199999809265137,3.0199999809265137,3.0199999809265137,210.0
2024-03-01 09:51:00,OMER,4.659999847412109,4.659999847412109,4.664999961853027,4.655099868774414,4.664999961853027,1097.0
2024-03-01 09:51:00,OMGA,4.159999847412109,4.159999847412109,4.179999828338623,4.119999885559082,4.119999885559082,3715.0
2024-03-01 09:52:00,ABCL,5.09499979019165,5.09499979019165,5.09499979019165,5.09499979019165,5.09499979019165,504.0
2024-03-01 09:52:00,ABIO,1.6299999952316284,1.6299999952316284,1.6299999952316284,1.6299999952316284,1.6299999952316284,200.0
2024-03-01 09:52:00,ABOS,4.449999809265137,4.449999809265137,4.449999809265137,4.439899921417236,4.440000057220459,1174.0
2024-03-01 09:52:00,ABSI,5.119999885559082,5.119999885559082,5.135000228881836,5.119999885559082,5.135000228881836,4559.0
2024-03-01 09:52:00,ABUS,2.7699999809265137,2.7699999809265137,2.7699999809265137,2.7699999809265137,2.7699999809265137,124.0
2024-03-01 09:52:00,ACAD,23.5,23.5,23.520000457763672,23.5,23.520000457763672,1807.0
2024-03-01 09:52:00,ACB,3.0350000858306885,3.0350000858306885,3.0350000858306885,3.0211000442504883,3.0211000442504883,8374.0
2024-03-01 09:52:00,ACCD,10.239999771118164,10.239999771118164,10.239999771118164,10.239999771118164,10.239999771118164,133.0
2024-03-01 09:52:00,ACHC,83.41000366210938,83.41000366210938,83.41000366210938,83.41000366210938,83.41000366210938,168.0
2024-03-01 09:52:00,ACHL,1.3600000143051147,1.3600000143051147,1.3971999883651733,1.3600000143051147,1.3971999883651733,890.0
2024-03-01 09:52:00,ACHV,3.9398999214172363,3.9398999214172363,3.940000057220459,3.9398999214172363,3.940000057220459,3005.0
2024-03-01 09:52:00,ACONW,0.05000000074505806,0.05000000074505806,0.05000000074505806,0.05000000074505806,0.05000000074505806,1000.0
2024-03-01 09:52:00,ACRS,1.25,1.25,1.25,1.25,1.25,740.0
2024-03-01 09:52:00,ACST,3.3550000190734863,3.3550000190734863,3.3550000190734863,3.3550000190734863,3.3550000190734863,702.0
2024-03-01 09:52:00,ACXP,3.0399999618530273,3.0399999618530273,3.0399999618530273,3.0399999618530273,3.0399999618530273,200.0
2024-03-01 09:52:00,ADIL,3.3399999141693115,3.3399999141693115,3.4700000286102295,3.299999952316284,3.3798999786376953,247693.0
2024-03-01 09:52:00,ADMA,5.380000114440918,5.380000114440918,5.380000114440918,5.370100021362305,5.3709001541137695,8058.0
2024-03-01 09:52:00,ADPT,4.050000190734863,4.050000190734863,4.050000190734863,4.045000076293945,4.045000076293945,984.0
2024-03-01 09:52:00,ADVM,1.9800000190734863,1.9800000190734863,1.993299961090088,1.9800000190734863,1.993299961090088,5231.0
2024-03-01 09:52:00,AGEN,0.6800000071525574,0.6800000071525574,0.6805999875068665,0.6798999905586243,0.6805999875068665,16940.0
2024-03-01 09:52:00,AGIO,32.4900016784668,32.4900016784668,32.564998626708984,32.48500061035156,32.48500061035156,453.0
2024-03-01 09:52:00,AGRX,0.8252000212669373,0.8252000212669373,0.8289999961853027,0.8252000212669373,0.8289999961853027,6200.0
2024-03-01 09:52:00,AHCO,10.420000076293945,10.420000076293945,10.420000076293945,10.414999961853027,10.414999961853027,814.0
2024-03-01 09:52:00,AIMD,0.9988999962806702,0.9988999962806702,0.9988999962806702,0.9988999962806702,0.9988999962806702,186.0
2024-03-01 09:52:00,AIRS,6.53000020980835,6.53000020980835,6.53000020980835,6.53000020980835,6.53000020980835,200.0
2024-03-01 09:52:00,AKAN,0.26899999380111694,0.26899999380111694,0.26899999380111694,0.26499998569488525,0.2685000002384186,12937.0
2024-03-01 09:52:00,AKBA,1.6399999856948853,1.6399999856948853,1.6399999856948853,1.6399999856948853,1.6399999856948853,510.0
2024-03-01 09:52:00,AKLI,0.33000001311302185,0.33000001311302185,0.3330000042915344,0.33000001311302185,0.3330000042915344,5194.0
2024-03-01 09:52:00,AKRO,27.889999389648438,27.889999389648438,28.110000610351562,27.889999389648438,28.110000610351562,5202.0
2024-03-01 09:52:00,ALDX,3.884999990463257,3.884999990463257,3.884999990463257,3.884999990463257,3.884999990463257,600.0
2024-03-01 09:52:00,ALEC,7.21999979019165,7.21999979019165,7.230000019073486,7.199999809265137,7.230000019073486,3515.0
2024-03-01 09:52:00,ALKS,30.110000610351562,30.110000610351562,30.110000610351562,30.059999465942383,30.059999465942383,1457.0
2024-03-01 09:52:00,ALLK,1.5674999952316284,1.5674999952316284,1.5700000524520874,1.565000057220459,1.5700000524520874,548.0
2024-03-01 09:52:00,ALLO,4.940000057220459,4.940000057220459,4.940000057220459,4.940000057220459,4.940000057220459,118.0
2024-03-01 09:52:00,ALT,12.050000190734863,12.050000190734863,12.170000076293945,12.045000076293945,12.150400161743164,37438.0
2024-03-01 09:52:00,ALVO,15.680000305175781,15.680000305175781,15.680000305175781,15.67300033569336,15.67300033569336,208.0
2024-03-01 09:52:00,ALXO,14.899999618530273,14.899999618530273,14.899999618530273,14.899999618530273,14.899999618530273,470.0
2024-03-01 09:52:00,AMED,93.51000213623047,93.51000213623047,93.51000213623047,93.5,93.5,625.0
2024-03-01 09:52:00,AMGN,276.760009765625,276.760009765625,276.84991455078125,276.6099853515625,276.760009765625,8641.0
2024-03-01 09:52:00,AMLX,18.899999618530273,18.899999618530273,18.899999618530273,18.894899368286133,18.894899368286133,432.0
2024-03-01 09:52:00,AMPH,46.439998626708984,46.439998626708984,46.58000183105469,46.439998626708984,46.47999954223633,1624.0
2024-03-01 09:52:00,AMRN,1.0199999809265137,1.0199999809265137,1.0269999504089355,1.0199999809265137,1.024999976158142,22200.0
2024-03-01 09:52:00,ANGO,5.320000171661377,5.320000171661377,5.320000171661377,5.309999942779541,5.309999942779541,680.0
2024-03-01 09:52:00,ANNX,5.985000133514404,5.985000133514404,5.989999771118164,5.985000133514404,5.989999771118164,747.0
2024-03-01 09:52:00,APLS,62.2599983215332,62.2599983215332,62.334999084472656,62.19499969482422,62.2599983215332,2435.0
2024-03-01 09:52:00,APLT,7.602799892425537,7.602799892425537,7.650000095367432,7.602799892425537,7.650000095367432,2443.0
2024-03-01 09:52:00,AQST,4.024799823760986,4.024799823760986,4.045000076293945,4.01170015335083,4.03000020980835,13523.0
2024-03-01 09:52:00,ARCT,39.63800048828125,39.63800048828125,39.63800048828125,39.63800048828125,39.63800048828125,117.0
2024-03-01 09:52:00,ARDX,9.609999656677246,9.609999656677246,9.612000465393066,9.600000381469727,9.600000381469727,8265.0
2024-03-01 09:52:00,ARQT,10.930000305175781,10.930000305175781,10.9399995803833,10.859999656677246,10.859999656677246,7596.0
2024-03-01 09:52:00,ARVN,49.45000076293945,49.45000076293945,49.60499954223633,49.45000076293945,49.60499954223633,1756.0
2024-03-01 09:52:00,ARWR,33.72999954223633,33.72999954223633,33.790000915527344,33.65999984741211,33.73720169067383,2761.0
2024-03-01 09:52:00,ASND,149.0,149.0,149.0,149.0,149.0,587.0
2024-03-01 09:52:00,ASRT,0.9083999991416931,0.9083999991416931,0.9083999991416931,0.8870000243186951,0.8921999931335449,31967.0
2024-03-01 09:52:00,ATEC,13.210000038146973,13.210000038146973,13.210000038146973,13.194999694824219,13.194999694824219,869.0
2024-03-01 09:52:00,ATHA,3.9000000953674316,3.9000000953674316,3.9000000953674316,3.9000000953674316,3.9000000953674316,159.0
2024-03-01 09:52:00,ATOS,1.0099999904632568,1.0099999904632568,1.0099999904632568,1.0098999738693237,1.0098999738693237,5097.0
2024-03-01 09:52:00,ATRA,0.7800999879837036,0.7800999879837036,0.7800999879837036,0.7800999879837036,0.7800999879837036,0.0
2024-03-01 09:52:00,ATRC,34.940101623535156,34.940101623535156,35.01499938964844,34.940101623535156,35.01499938964844,331.0
2024-03-01 09:52:00,ATXS,14.300000190734863,14.300000190734863,14.300000190734863,14.246399879455566,14.246399879455566,321.0
2024-03-01 09:52:00,AUPH,5.710000038146973,5.710000038146973,5.7108001708984375,5.710000038146973,5.7108001708984375,2078.0
2024-03-01 09:52:00,AUTL,6.110000133514404,6.110000133514404,6.110000133514404,6.085000038146973,6.085000038146973,1364.0
2024-03-01 09:52:00,AVDL,12.800000190734863,12.800000190734863,12.829999923706055,12.757100105285645,12.757100105285645,2779.0
2024-03-01 09:52:00,AVIR,4.360000133514404,4.360000133514404,4.364999771118164,4.360000133514404,4.360000133514404,944.0
2024-03-01 09:52:00,AVTE,22.600000381469727,22.600000381469727,22.600000381469727,22.3700008392334,22.3700008392334,976.0
2024-03-01 09:52:00,AVXL,5.204999923706055,5.204999923706055,5.204999923706055,5.204999923706055,5.204999923706055,16.0
2024-03-01 09:52:00,AXNX,67.41999816894531,67.41999816894531,67.41999816894531,67.30000305175781,67.30000305175781,2436.0
2024-03-01 09:52:00,AXSM,82.9000015258789,82.9000015258789,82.9000015258789,82.9000015258789,82.9000015258789,129.0
2024-03-01 09:52:00,AYTU,2.9000000953674316,2.9000000953674316,2.9100000858306885,2.9000000953674316,2.9100000858306885,869.0
2024-03-01 09:52:00,AZN,64.2249984741211,64.2249984741211,64.24500274658203,64.21499633789062,64.24500274658203,4169.0
2024-03-01 09:52:00,AZTA,65.3949966430664,65.3949966430664,65.3949966430664,65.3949966430664,65.3949966430664,250.0
2024-03-01 09:52:00,BBIO,34.82500076293945,34.82500076293945,34.8650016784668,34.82500076293945,34.82500076293945,816.0
2024-03-01 09:52:00,BBLG,2.5000998973846436,2.5000998973846436,2.5357000827789307,2.5000998973846436,2.5357000827789307,1485.0
2024-03-01 09:52:00,BCAB,2.690000057220459,2.690000057220459,2.690000057220459,2.690000057220459,2.690000057220459,163.0
2024-03-01 09:52:00,BCDA,0.5690000057220459,0.5690000057220459,0.5690000057220459,0.5551000237464905,0.5551000237464905,4254.0
2024-03-01 09:52:00,BDSX,1.6793999671936035,1.6793999671936035,1.6793999671936035,1.6789000034332275,1.6789000034332275,886.0
2024-03-01 09:52:00,BDTX,5.239999771118164,5.239999771118164,5.239999771118164,5.239999771118164,5.239999771118164,1041.0
2024-03-01 09:52:00,BEAM,39.709999084472656,39.709999084472656,39.72999954223633,39.630001068115234,39.650001525878906,1481.0
2024-03-01 09:52:00,BIIB,217.91000366210938,217.91000366210938,217.91000366210938,217.89999389648438,217.89999389648438,601.0
2024-03-01 09:52:00,BIOL,0.13850000500679016,0.13850000500679016,0.13850000500679016,0.13850000500679016,0.13850000500679016,0.0
2024-03-01 09:52:00,BIOR,1.2899999618530273,1.2899999618530273,1.2899999618530273,1.2799999713897705,1.2799999713897705,10427.0
2024-03-01 09:52:00,BIVI,2.7899999618530273,2.7899999618530273,2.909899950027466,2.7699999809265137,2.79830002784729,452213.0
2024-03-01 09:52:00,BLRX,1.3798999786376953,1.3798999786376953,1.3799999952316284,1.3798999786376953,1.3799999952316284,486.0
2024-03-01 09:52:00,BLUE,1.5499999523162842,1.5499999523162842,1.559999942779541,1.5399999618530273,1.5498000383377075,90308.0
2024-03-01 09:52:00,BMEA,17.829999923706055,17.829999923706055,17.8799991607666,17.829999923706055,17.8799991607666,998.0
2024-03-01 09:52:00,BMRA,1.2200000286102295,1.2200000286102295,1.2200000286102295,1.2200000286102295,1.2200000286102295,100.0
2024-03-01 09:52:00,BMRN,86.25,86.25,86.25,86.16999816894531,86.16999816894531,2053.0
2024-03-01 09:52:00,BNGO,1.2350000143051147,1.2350000143051147,1.2350000143051147,1.2350000143051147,1.2350000143051147,1698.0
2024-03-01 09:52:00,BNR,0.871999979019165,0.871999979019165,0.8827000260353088,0.871999979019165,0.8827000260353088,180.0
2024-03-01 09:52:00,BNTC,4.989999771118164,4.989999771118164,4.989999771118164,4.849999904632568,4.875,960.0
2024-03-01 09:52:00,BNTX,90.16999816894531,90.16999816894531,90.18000030517578,89.81999969482422,89.91000366210938,5461.0
2024-03-01 09:52:00,BPMC,96.58999633789062,96.58999633789062,96.65499877929688,96.4000015258789,96.62999725341797,2413.0
2024-03-01 09:52:00,BPTS,0.49050000309944153,0.49050000309944153,0.49050000309944153,0.49050000309944153,0.49050000309944153,968.0
2024-03-01 09:52:00,BRTX,1.4945000410079956,1.4945000410079956,1.5,1.475000023841858,1.475000023841858,3969.0
2024-03-01 09:52:00,BSGM,0.6899999976158142,0.6899999976158142,0.699999988079071,0.6801000237464905,0.6801000237464905,5418.0
2024-03-01 09:52:00,BTAI,3.190000057220459,3.190000057220459,3.190000057220459,3.190000057220459,3.190000057220459,381.0
2024-03-01 09:52:00,BTMD,6.169899940490723,6.169899940490723,6.170000076293945,6.169899940490723,6.170000076293945,1171.0
2024-03-01 09:52:00,CABA,24.565000534057617,24.565000534057617,24.638200759887695,24.3700008392334,24.3700008392334,4751.0
2024-03-01 09:52:00,CAPR,4.574999809265137,4.574999809265137,4.574999809265137,4.559999942779541,4.559999942779541,3700.0
2024-03-01 09:52:00,CARA,0.8593000173568726,0.8593000173568726,0.8593000173568726,0.8593000173568726,0.8593000173568726,800.0
2024-03-01 09:52:00,CBAY,32.220001220703125,32.220001220703125,32.220001220703125,32.21500015258789,32.21500015258789,1000.0
2024-03-01 09:52:00,CCCC,10.994999885559082,10.994999885559082,11.010000228881836,10.989999771118164,10.989999771118164,6300.0
2024-03-01 09:52:00,CDNA,11.390000343322754,11.390000343322754,11.390000343322754,11.359999656677246,11.359999656677246,51735.0
2024-03-01 09:52:00,CDXS,4.355000019073486,4.355000019073486,4.355000019073486,4.317999839782715,4.340000152587891,3802.0
2024-03-01 09:52:00,CELC,15.619999885559082,15.619999885559082,15.630000114440918,15.579999923706055,15.630000114440918,931.0
2024-03-01 09:52:00,CERE,41.125,41.125,41.125,41.11000061035156,41.11000061035156,2539.0
2024-03-01 09:52:00,CERT,17.264999389648438,17.264999389648438,17.264999389648438,17.264999389648438,17.264999389648438,205.0
2024-03-01 09:52:00,CGC,3.220099925994873,3.220099925994873,3.220099925994873,3.2100000381469727,3.2149999141693115,5579.0
2024-03-01 09:52:00,CGEM,18.899999618530273,18.899999618530273,19.049999237060547,18.899999618530273,18.90999984741211,3743.0
2024-03-01 09:52:00,CGEN,2.575000047683716,2.575000047683716,2.575000047683716,2.575000047683716,2.575000047683716,105.0
2024-03-01 09:52:00,CHRS,2.3350000381469727,2.3350000381469727,2.3350000381469727,2.325000047683716,2.329900026321411,3823.0
2024-03-01 09:52:00,CING,1.340000033378601,1.340000033378601,1.340000033378601,1.340000033378601,1.340000033378601,400.0
2024-03-01 09:52:00,CJJD,3.009999990463257,3.009999990463257,3.009999990463257,3.009999990463257,3.009999990463257,365.0
2024-03-01 09:52:00,CKPT,2.184999942779541,2.184999942779541,2.190000057220459,2.1700000762939453,2.1700000762939453,6324.0
2024-03-01 09:52:00,CLDX,51.599998474121094,51.599998474121094,51.70349884033203,51.470001220703125,51.58000183105469,883.0
2024-03-01 09:52:00,CLNN,0.3977000117301941,0.3977000117301941,0.3977000117301941,0.3977000117301941,0.3977000117301941,2001.0
2024-03-01 09:52:00,CLOV,0.8510000109672546,0.8510000109672546,0.8514000177383423,0.8503999710083008,0.8510000109672546,22717.0
2024-03-01 09:52:00,CLPT,6.46999979019165,6.46999979019165,6.5,6.46999979019165,6.5,269.0
2024-03-01 09:52:00,CLRB,3.9800000190734863,3.9800000190734863,3.9800000190734863,3.9649999141693115,3.9649999141693115,481.0
2024-03-01 09:52:00,CMPS,10.555000305175781,10.555000305175781,10.555000305175781,10.529999732971191,10.529999732971191,880.0
2024-03-01 09:52:00,CMPX,1.7899999618530273,1.7899999618530273,1.839900016784668,1.7899999618530273,1.839900016784668,921.0
2024-03-01 09:52:00,CNSP,0.2800000011920929,0.2800000011920929,0.2800000011920929,0.2775000035762787,0.2775000035762787,5173.0
2024-03-01 09:52:00,CNTA,10.329999923706055,10.329999923706055,10.460000038146973,10.329999923706055,10.460000038146973,900.0
2024-03-01 09:52:00,COGT,7.260000228881836,7.260000228881836,7.28000020980835,7.260000228881836,7.260000228881836,1447.0
2024-03-01 09:52:00,CORT,23.209999084472656,23.209999084472656,23.225000381469727,23.209999084472656,23.219999313354492,1735.0
2024-03-01 09:52:00,CPRX,16.90999984741211,16.90999984741211,16.920299530029297,16.860000610351562,16.90999984741211,8471.0
2024-03-01 09:52:00,CRBP,32.0359992980957,32.0359992980957,32.099998474121094,32.0359992980957,32.060001373291016,2462.0
2024-03-01 09:52:00,CRBU,8.09000015258789,8.09000015258789,8.100000381469727,8.079999923706055,8.079999923706055,845.0
2024-03-01 09:52:00,CRDF,2.609999895095825,2.609999895095825,2.6600000858306885,2.450000047683716,2.4700000286102295,325412.0
2024-03-01 09:52:00,CRDL,2.0299999713897705,2.0299999713897705,2.0299999713897705,2.0199999809265137,2.0199999809265137,900.0
2024-03-01 09:52:00,CRON,2.049999952316284,2.049999952316284,2.049999952316284,2.049999952316284,2.049999952316284,111.0
2024-03-01 09:52:00,CRSP,85.16500091552734,85.16500091552734,85.19999694824219,84.80000305175781,84.8499984741211,3007.0
2024-03-01 09:52:00,CSTL,19.700000762939453,19.700000762939453,19.700000762939453,19.604999542236328,19.604999542236328,1112.0
2024-03-01 09:52:00,CTKB,7.789999961853027,7.789999961853027,7.789999961853027,7.789999961853027,7.789999961853027,100.0
2024-03-01 09:52:00,CTMX,2.469899892807007,2.469899892807007,2.469899892807007,2.4690001010894775,2.4690001010894775,501.0
2024-03-01 09:52:00,CUTR,2.25,2.25,2.25,2.25,2.25,809.0
2024-03-01 09:52:00,CYTK,74.58999633789062,74.58999633789062,74.68000030517578,74.47000122070312,74.47000122070312,3532.0
2024-03-01 09:52:00,DCGO,4.052499771118164,4.052499771118164,4.059899806976318,4.052499771118164,4.058000087738037,723.0
2024-03-01 09:52:00,DCPH,17.09000015258789,17.09000015258789,17.09000015258789,17.03499984741211,17.03499984741211,900.0
2024-03-01 09:52:00,DH,9.100000381469727,9.100000381469727,9.100000381469727,9.079999923706055,9.079999923706055,416.0
2024-03-01 09:52:00,DMTK,0.9121999740600586,0.9121999740600586,0.9121999740600586,0.9121999740600586,0.9121999740600586,301.0
2024-03-01 09:52:00,DNLI,20.610000610351562,20.610000610351562,20.635000228881836,20.610000610351562,20.6200008392334,539.0
2024-03-01 09:52:00,DSGN,2.821199893951416,2.821199893951416,2.821199893951416,2.821199893951416,2.821199893951416,153.0
2024-03-01 09:52:00,DTIL,12.90999984741211,12.90999984741211,12.949999809265137,12.890000343322754,12.890000343322754,9540.0
2024-03-01 09:52:00,DVAX,12.744999885559082,12.744999885559082,12.744999885559082,12.739999771118164,12.739999771118164,463.0
2024-03-01 09:52:00,DXCM,115.80999755859375,115.80999755859375,115.93000030517578,115.79000091552734,115.79000091552734,2874.0
2024-03-01 09:52:00,DYN,29.40999984741211,29.40999984741211,29.40999984741211,29.190000534057617,29.190000534057617,9458.0
2024-03-01 09:52:00,EDIT,10.449999809265137,10.449999809265137,10.449999809265137,10.420000076293945,10.429499626159668,3173.0
2024-03-01 09:52:00,EFTR,14.300000190734863,14.300000190734863,14.300000190734863,14.300000190734863,14.300000190734863,557.0
2024-03-01 09:52:00,EGRX,6.21999979019165,6.21999979019165,6.21999979019165,6.21999979019165,6.21999979019165,240.0
2024-03-01 09:52:00,ELEV,5.039999961853027,5.039999961853027,5.099999904632568,4.949999809265137,4.949999809265137,25001.0
2024-03-01 09:52:00,EMBC,14.289999961853027,14.289999961853027,14.289999961853027,14.289999961853027,14.289999961853027,1103.0
2024-03-01 09:52:00,ENSG,124.05000305175781,124.05000305175781,124.05000305175781,124.05000305175781,124.05000305175781,154.0
2024-03-01 09:52:00,ENTA,14.529999732971191,14.529999732971191,14.529999732971191,14.529999732971191,14.529999732971191,200.0
2024-03-01 09:52:00,ENVB,1.5800000429153442,1.5800000429153442,1.6100000143051147,1.5800000429153442,1.6100000143051147,20114.0
2024-03-01 09:52:00,EOLS,14.860400199890137,14.860400199890137,14.949999809265137,14.860400199890137,14.90999984741211,5861.0
2024-03-01 09:52:00,ERAS,2.390000104904175,2.390000104904175,2.390000104904175,2.390000104904175,2.390000104904175,1468.0
2024-03-01 09:52:00,ESPR,2.5255000591278076,2.5255000591278076,2.5299999713897705,2.5,2.5,10482.0
2024-03-01 09:52:00,ESTA,45.560001373291016,45.560001373291016,45.560001373291016,45.5,45.5,698.0
2024-03-01 09:52:00,ETNB,12.4350004196167,12.4350004196167,12.460000038146973,12.420000076293945,12.460000038146973,4004.0
2024-03-01 09:52:00,EVAX,3.6201000213623047,3.6201000213623047,3.6201000213623047,3.6201000213623047,3.6201000213623047,4834.0
2024-03-01 09:52:00,EWTX,16.239999771118164,16.239999771118164,16.280000686645508,16.239999771118164,16.280000686645508,1015.0
2024-03-01 09:52:00,EXAI,6.755000114440918,6.755000114440918,6.755000114440918,6.755000114440918,6.755000114440918,208.0
2024-03-01 09:52:00,EXAS,58.06999969482422,58.06999969482422,58.06999969482422,57.9900016784668,57.9900016784668,1016.0
2024-03-01 09:52:00,EXEL,22.3700008392334,22.3700008392334,22.3700008392334,22.34000015258789,22.34000015258789,2056.0
2024-03-01 09:52:00,EYEN,2.119999885559082,2.119999885559082,2.140000104904175,2.119999885559082,2.130000114440918,901.0
2024-03-01 09:52:00,EYPT,27.8799991607666,27.8799991607666,27.8799991607666,27.8799991607666,27.8799991607666,180.0
2024-03-01 09:52:00,FATE,7.429999828338623,7.429999828338623,7.429999828338623,7.380000114440918,7.380000114440918,2295.0
2024-03-01 09:52:00,FBIO,2.200000047683716,2.200000047683716,2.200000047683716,2.179800033569336,2.179800033569336,3345.0
2024-03-01 09:52:00,FDMT,29.0,29.0,29.0,28.764999389648438,28.764999389648438,1607.0
2024-03-01 09:52:00,FEMY,1.7389999628067017,1.7389999628067017,1.7389999628067017,1.7389999628067017,1.7389999628067017,72.0
2024-03-01 09:52:00,FGEN,1.7598999738693237,1.7598999738693237,1.774999976158142,1.75,1.7699999809265137,11261.0
2024-03-01 09:52:00,FIXX,0.9300000071525574,0.9300000071525574,0.9300000071525574,0.9300000071525574,0.9300000071525574,702.0
2024-03-01 09:52:00,FLGT,22.670000076293945,22.670000076293945,22.670000076293945,22.670000076293945,22.670000076293945,200.0
2024-03-01 09:52:00,FOLD,13.385000228881836,13.385000228881836,13.399999618530273,13.385000228881836,13.390000343322754,1511.0
2024-03-01 09:52:00,FUSN,12.25,12.25,12.25,12.21500015258789,12.25,920.0
2024-03-01 09:52:00,GDRX,8.34000015258789,8.34000015258789,8.425000190734863,8.329999923706055,8.424599647521973,62003.0
2024-03-01 09:52:00,GERN,2.0799999237060547,2.0799999237060547,2.0799999237060547,2.070199966430664,2.0739998817443848,21464.0
2024-03-01 09:52:00,GH,19.1299991607666,19.1299991607666,19.165000915527344,19.1299991607666,19.165000915527344,926.0
2024-03-01 09:52:00,GILD,72.50499725341797,72.50499725341797,72.51000213623047,72.40499877929688,72.40499877929688,6343.0
2024-03-01 09:52:00,GLSI,12.140000343322754,12.140000343322754,12.140000343322754,12.104999542236328,12.104999542236328,611.0
2024-03-01 09:52:00,GLUE,6.46999979019165,6.46999979019165,6.46999979019165,6.46999979019165,6.46999979019165,1566.0
2024-03-01 09:52:00,GMDA,0.37549999356269836,0.37549999356269836,0.37549999356269836,0.374099999666214,0.374099999666214,4522.0
2024-03-01 09:52:00,GOSS,1.3450000286102295,1.3450000286102295,1.3450000286102295,1.3450000286102295,1.3450000286102295,225.0
2024-03-01 09:52:00,GRFS,6.735000133514404,6.735000133514404,6.75,6.735000133514404,6.744999885559082,7566.0
2024-03-01 09:52:00,GRTS,1.909999966621399,1.909999966621399,1.9199999570846558,1.909999966621399,1.9198999404907227,18921.0
2024-03-01 09:52:00,GTHX,3.380500078201294,3.380500078201294,3.380500078201294,3.3798999786376953,3.3798999786376953,1117.0
2024-03-01 09:52:00,HALO,40.83000183105469,40.83000183105469,40.97999954223633,40.83000183105469,40.966400146484375,6308.0
2024-03-01 09:52:00,HARP,22.940000534057617,22.940000534057617,22.940000534057617,22.940000534057617,22.940000534057617,77.0
2024-03-01 09:52:00,HCAT,8.145000457763672,8.145000457763672,8.15999984741211,8.145000457763672,8.15999984741211,504.0
2024-03-01 09:52:00,HCSG,12.609999656677246,12.609999656677246,12.609999656677246,12.609999656677246,12.609999656677246,655.0
2024-03-01 09:52:00,HCTI,2.2699999809265137,2.2699999809265137,2.288800001144409,2.259999990463257,2.288800001144409,2576.0
2024-03-01 09:52:00,HEPA,3.2799999713897705,3.2799999713897705,3.2799999713897705,3.240000009536743,3.240000009536743,6401.0
2024-03-01 09:52:00,HITI,1.7549999952316284,1.7549999952316284,1.7549999952316284,1.75,1.7549999952316284,1413.0
2024-03-01 09:52:00,HOLX,73.6500015258789,73.6500015258789,73.6500015258789,73.5999984741211,73.5999984741211,2646.0
2024-03-01 09:52:00,HOOK,0.792900025844574,0.792900025844574,0.792900025844574,0.7601000070571899,0.7699999809265137,13384.0
2024-03-01 09:52:00,HOWL,6.929999828338623,6.929999828338623,6.949999809265137,6.929999828338623,6.949999809265137,3086.0
2024-03-01 09:52:00,HQY,82.15640258789062,82.15640258789062,82.15640258789062,82.15640258789062,82.15640258789062,106.0
2024-03-01 09:52:00,HRMY,31.209999084472656,31.209999084472656,31.350000381469727,31.209999084472656,31.219999313354492,1298.0
2024-03-01 09:52:00,HROW,10.9399995803833,10.9399995803833,10.9399995803833,10.9399995803833,10.9399995803833,109.0
2024-03-01 09:52:00,HRTX,2.6050000190734863,2.6050000190734863,2.630000114440918,2.5999999046325684,2.619999885559082,13131.0
2024-03-01 09:52:00,HSIC,77.05999755859375,77.05999755859375,77.05999755859375,77.01000213623047,77.01000213623047,352.0
2024-03-01 09:52:00,HUGE,0.8870000243186951,0.8870000243186951,0.8989999890327454,0.8870000243186951,0.8989999890327454,1879.0
2024-03-01 09:52:00,HUMA,3.0850000381469727,3.0850000381469727,3.0850000381469727,3.060699939727783,3.060699939727783,15915.0
2024-03-01 09:52:00,HYPR,1.2199000120162964,1.2199000120162964,1.2199000120162964,1.2199000120162964,1.2199000120162964,2000.0
2024-03-01 09:52:00,IART,36.93000030517578,36.93000030517578,36.93000030517578,36.93000030517578,36.93000030517578,109.0
2024-03-01 09:52:00,IBRX,4.889999866485596,4.889999866485596,4.889999866485596,4.855999946594238,4.855999946594238,7412.0
2024-03-01 09:52:00,ICUI,104.31999969482422,104.31999969482422,104.31999969482422,104.15499877929688,104.15499877929688,816.0
2024-03-01 09:52:00,IDYA,46.16999816894531,46.16999816894531,46.16999816894531,46.13999938964844,46.13999938964844,277.0
2024-03-01 09:52:00,IGMS,13.045000076293945,13.045000076293945,13.045000076293945,13.045000076293945,13.045000076293945,286.0
2024-03-01 09:52:00,IKT,2.1884000301361084,2.1884000301361084,2.2100000381469727,2.1884000301361084,2.190000057220459,472.0
2024-03-01 09:52:00,ILMN,137.25999450683594,137.25999450683594,137.25999450683594,137.02000427246094,137.02000427246094,662.0
2024-03-01 09:52:00,IMAB,1.8600000143051147,1.8600000143051147,1.8600000143051147,1.8600000143051147,1.8600000143051147,220.0
2024-03-01 09:52:00,IMCR,68.3499984741211,68.3499984741211,68.3499984741211,68.3499984741211,68.3499984741211,117.0
2024-03-01 09:52:00,IMMX,3.4049999713897705,3.4049999713897705,3.4049999713897705,3.4049999713897705,3.4049999713897705,200.0
2024-03-01 09:52:00,IMNM,24.85059928894043,24.85059928894043,24.85059928894043,24.850000381469727,24.850000381469727,1432.0
2024-03-01 09:52:00,IMUX,1.5160000324249268,1.5160000324249268,1.5199999809265137,1.4904999732971191,1.499899983406067,16010.0
2024-03-01 09:52:00,IMVT,36.77859878540039,36.77859878540039,36.900001525878906,36.77859878540039,36.900001525878906,1228.0
2024-03-01 09:52:00,INBX,36.8650016784668,36.8650016784668,36.8650016784668,36.8650016784668,36.8650016784668,467.0
2024-03-01 09:52:00,INCY,58.790000915527344,58.790000915527344,58.814998626708984,58.77000045776367,58.77000045776367,647.0
2024-03-01 09:52:00,INGN,6.710000038146973,6.710000038146973,6.710000038146973,6.710000038146973,6.710000038146973,224.0
2024-03-01 09:52:00,INM,0.3986999988555908,0.3986999988555908,0.3986999988555908,0.3986999988555908,0.3986999988555908,2000.0
2024-03-01 09:52:00,INMD,22.18000030517578,22.18000030517578,22.18000030517578,22.1299991607666,22.1299991607666,4450.0
2024-03-01 09:52:00,INO,9.070099830627441,9.070099830627441,9.070099830627441,9.069999694824219,9.069999694824219,559.0
2024-03-01 09:52:00,INSM,28.155000686645508,28.155000686645508,28.190000534057617,28.1299991607666,28.190000534057617,1649.0
2024-03-01 09:52:00,INVA,15.680000305175781,15.680000305175781,15.680000305175781,15.664999961853027,15.670000076293945,1374.0
2024-03-01 09:52:00,INZY,6.440000057220459,6.440000057220459,6.440000057220459,6.440000057220459,6.440000057220459,103.0
2024-03-01 09:52:00,IONS,45.209999084472656,45.209999084472656,45.2599983215332,45.18470001220703,45.20000076293945,2729.0
2024-03-01 09:52:00,IOVA,16.739999771118164,16.739999771118164,16.739999771118164,16.621599197387695,16.690000534057617,14438.0
2024-03-01 09:52:00,IRIX,2.6500000953674316,2.6500000953674316,2.6500000953674316,2.6500000953674316,2.6500000953674316,354.0
2024-03-01 09:52:00,IRWD,8.875,8.875,8.880000114440918,8.848899841308594,8.869999885559082,13023.0
2024-03-01 09:52:00,ISRG,386.3500061035156,386.3500061035156,386.3500061035156,386.07501220703125,386.07501220703125,430.0
2024-03-01 09:52:00,IVVD,3.940000057220459,3.940000057220459,3.940000057220459,3.940000057220459,3.940000057220459,101.0
2024-03-01 09:52:00,JAGX,0.061000000685453415,0.061000000685453415,0.06120000034570694,0.06069999933242798,0.061000000685453415,107202.0
2024-03-01 09:52:00,JANX,47.70000076293945,47.70000076293945,47.869998931884766,47.5,47.869998931884766,1004.0
2024-03-01 09:52:00,JAZZ,122.04499816894531,122.04499816894531,122.0999984741211,121.75,122.0999984741211,2607.0
2024-03-01 09:52:00,KALV,14.099900245666504,14.099900245666504,14.099900245666504,14.039999961853027,14.050000190734863,1201.0
2024-03-01 09:52:00,KNSA,21.424999237060547,21.424999237060547,21.424999237060547,21.424999237060547,21.424999237060547,135.0
2024-03-01 09:52:00,KNTE,2.609999895095825,2.609999895095825,2.609999895095825,2.5950000286102295,2.5950000286102295,3383.0
2024-03-01 09:52:00,KOD,6.085000038146973,6.085000038146973,6.085000038146973,6.079999923706055,6.079999923706055,333.0
2024-03-01 09:52:00,KPTI,1.1699999570846558,1.1699999570846558,1.1699999570846558,1.1549999713897705,1.159999966621399,15525.0
2024-03-01 09:52:00,KRTX,316.0,316.0,316.0249938964844,316.0,316.0,2962.0
2024-03-01 09:52:00,KRYS,166.30999755859375,166.30999755859375,166.30999755859375,165.99000549316406,165.99000549316406,605.0
2024-03-01 09:52:00,KTRA,0.10119999945163727,0.10119999945163727,0.10119999945163727,0.10119999945163727,0.10119999945163727,6759.0
2024-03-01 09:52:00,KURA,21.315000534057617,21.315000534057617,21.315000534057617,21.315000534057617,21.315000534057617,110.0
2024-03-01 09:52:00,KYMR,43.66999816894531,43.66999816894531,43.66999816894531,43.66999816894531,43.66999816894531,753.0
2024-03-01 09:52:00,KZIA,0.2529999911785126,0.2529999911785126,0.2529999911785126,0.2529999911785126,0.2529999911785126,0.0
2024-03-01 09:52:00,KZR,1.0800000429153442,1.0800000429153442,1.0800000429153442,1.0662000179290771,1.0662000179290771,3597.0
2024-03-01 09:52:00,LAB,2.2799999713897705,2.2799999713897705,2.2799999713897705,2.2799999713897705,2.2799999713897705,1981.0
2024-03-01 09:52:00,LBPH,22.71500015258789,22.71500015258789,22.71500015258789,22.71500015258789,22.71500015258789,415.0
2024-03-01 09:52:00,LEGN,65.22000122070312,65.22000122070312,65.32499694824219,65.20999908447266,65.30000305175781,2449.0
2024-03-01 09:52:00,LEXX,2.6524999141693115,2.6524999141693115,2.6524999141693115,2.5100998878479004,2.5100998878479004,1250.0
2024-03-01 09:52:00,LFST,8.039999961853027,8.039999961853027,8.045000076293945,8.039999961853027,8.045000076293945,811.0
2024-03-01 09:52:00,LIVN,54.45000076293945,54.45000076293945,54.45000076293945,54.45000076293945,54.45000076293945,200.0
2024-03-01 09:52:00,LNSR,4.75,4.75,4.830399990081787,4.75,4.775000095367432,2441.0
2024-03-01 09:52:00,LPTX,2.859999895095825,2.859999895095825,2.859999895095825,2.859999895095825,2.859999895095825,200.0
2024-03-01 09:52:00,LQDA,14.359999656677246,14.359999656677246,14.359999656677246,14.359999656677246,14.359999656677246,767.0
2024-03-01 09:52:00,LRMR,11.819999694824219,11.819999694824219,11.819999694824219,11.819999694824219,11.819999694824219,157.0
2024-03-01 09:52:00,LTRN,4.780099868774414,4.780099868774414,4.789999961853027,4.760000228881836,4.789999961853027,4032.0
2024-03-01 09:52:00,LUNG,9.1899995803833,9.1899995803833,9.1899995803833,9.1899995803833,9.1899995803833,265.0
2024-03-01 09:52:00,LVTX,2.75,2.75,2.7699999809265137,2.75,2.7699999809265137,237.0
2024-03-01 09:52:00,LXRX,2.4100000858306885,2.4100000858306885,2.4100000858306885,2.3901000022888184,2.390199899673462,10002.0
2024-03-01 09:52:00,LYEL,3.0297999382019043,3.0297999382019043,3.0297999382019043,3.0,3.0,4168.0
2024-03-01 09:52:00,MASI,127.78450012207031,127.78450012207031,127.78450012207031,127.78450012207031,127.78450012207031,415.0
2024-03-01 09:52:00,MASS,7.065000057220459,7.065000057220459,7.065000057220459,7.065000057220459,7.065000057220459,104.0
2024-03-01 09:52:00,MCRB,1.149999976158142,1.149999976158142,1.149999976158142,1.149899959564209,1.149899959564209,72581.0
2024-03-01 09:52:00,MDRX,5.800000190734863,5.800000190734863,5.940000057220459,5.75,5.849999904632568,46723.0
2024-03-01 09:52:00,MDXG,8.479999542236328,8.479999542236328,8.484999656677246,8.479999542236328,8.479999542236328,488.0
2024-03-01 09:52:00,ME,0.5490000247955322,0.5490000247955322,0.5496000051498413,0.5486000180244446,0.5486000180244446,17069.0
2024-03-01 09:52:00,MESO,1.9900000095367432,1.9900000095367432,1.9900000095367432,1.9900000095367432,1.9900000095367432,392.0
2024-03-01 09:52:00,MGNX,18.780000686645508,18.780000686645508,18.799999237060547,18.760000228881836,18.770000457763672,3124.0
2024-03-01 09:52:00,MGTX,6.190000057220459,6.190000057220459,6.190000057220459,6.190000057220459,6.190000057220459,100.0
2024-03-01 09:52:00,MIRM,29.420000076293945,29.420000076293945,29.420000076293945,29.420000076293945,29.420000076293945,114.0
2024-03-01 09:52:00,MIST,1.6799999475479126,1.6799999475479126,1.6799999475479126,1.6799999475479126,1.6799999475479126,12.0
2024-03-01 09:52:00,MLTX,52.22999954223633,52.22999954223633,52.2400016784668,51.970001220703125,52.095001220703125,2241.0
2024-03-01 09:52:00,MNKD,4.369999885559082,4.369999885559082,4.375,4.364999771118164,4.375,7441.0
2024-03-01 09:52:00,MNMD,5.65500020980835,5.65500020980835,5.65500020980835,5.644999980926514,5.649799823760986,1813.0
2024-03-01 09:52:00,MNPR,0.7599999904632568,0.7599999904632568,0.7599999904632568,0.75,0.7599999904632568,3844.0
2024-03-01 09:52:00,MOR,17.530000686645508,17.530000686645508,17.530000686645508,17.530000686645508,17.530000686645508,2600.0
2024-03-01 09:52:00,MORF,38.0099983215332,38.0099983215332,38.11000061035156,38.0099983215332,38.0099983215332,1249.0
2024-03-01 09:52:00,MOTS,0.6723999977111816,0.6723999977111816,0.6899999976158142,0.6723999977111816,0.6899999976158142,1317.0
2024-03-01 09:52:00,MREO,3.805000066757202,3.805000066757202,3.815000057220459,3.799999952316284,3.8004000186920166,16191.0
2024-03-01 09:52:00,MRNA,93.44000244140625,93.44000244140625,93.5,93.30000305175781,93.30000305175781,9743.0
2024-03-01 09:52:00,MRNS,9.699999809265137,9.699999809265137,9.699999809265137,9.699999809265137,9.699999809265137,440.0
2024-03-01 09:52:00,MRSN,5.820000171661377,5.820000171661377,5.864999771118164,5.819900035858154,5.840099811553955,2782.0
2024-03-01 09:52:00,MRUS,48.99290084838867,48.99290084838867,48.99290084838867,48.93000030517578,48.93000030517578,801.0
2024-03-01 09:52:00,MRVI,7.63700008392334,7.63700008392334,7.639999866485596,7.630000114440918,7.630000114440918,406.0
2024-03-01 09:52:00,MXCT,4.619999885559082,4.619999885559082,4.619999885559082,4.614999771118164,4.614999771118164,412.0
2024-03-01 09:52:00,NARI,44.86000061035156,44.86000061035156,44.880001068115234,44.849998474121094,44.880001068115234,1113.0
2024-03-01 09:52:00,NBIX,131.16000366210938,131.16000366210938,131.16000366210938,130.8699951171875,130.9199981689453,1901.0
2024-03-01 09:52:00,NEO,15.65999984741211,15.65999984741211,15.65999984741211,15.65999984741211,15.65999984741211,110.0
2024-03-01 09:52:00,NEOG,16.950000762939453,16.950000762939453,16.950000762939453,16.940000534057617,16.950000762939453,506.0
2024-03-01 09:52:00,NEPT,0.42010000348091125,0.42010000348091125,0.42010000348091125,0.42010000348091125,0.42010000348091125,122.0
2024-03-01 09:52:00,NERV,2.5799999237060547,2.5799999237060547,2.5799999237060547,2.5799999237060547,2.5799999237060547,479.0
2024-03-01 09:52:00,NKTX,12.460000038146973,12.460000038146973,12.460000038146973,12.460000038146973,12.460000038146973,608.0
2024-03-01 09:52:00,NNOX,11.09000015258789,11.09000015258789,11.13010025024414,11.09000015258789,11.109999656677246,18184.0
2024-03-01 09:52:00,NOTV,7.275000095367432,7.275000095367432,7.320099830627441,7.25,7.320000171661377,869.0
2024-03-01 09:52:00,NRBO,5.710000038146973,5.710000038146973,5.710000038146973,5.710000038146973,5.710000038146973,580.0
2024-03-01 09:52:00,NRIX,12.6850004196167,12.6850004196167,12.6899995803833,12.640000343322754,12.640000343322754,1372.0
2024-03-01 09:52:00,NTLA,32.70500183105469,32.70500183105469,32.7400016784668,32.70000076293945,32.70000076293945,791.0
2024-03-01 09:52:00,NTRA,88.91000366210938,88.91000366210938,89.0999984741211,88.7300033569336,88.80000305175781,1489.0
2024-03-01 09:52:00,NVAX,4.789999961853027,4.789999961853027,4.820000171661377,4.78000020980835,4.820000171661377,61331.0
2024-03-01 09:52:00,NVCT,10.380000114440918,10.380000114440918,10.380000114440918,10.380000114440918,10.380000114440918,340.0
2024-03-01 09:52:00,OCGN,0.9248999953269958,0.9248999953269958,0.925000011920929,0.9200000166893005,0.925000011920929,2061.0
2024-03-01 09:52:00,OCUL,10.481800079345703,10.481800079345703,10.481800079345703,10.460000038146973,10.460000038146973,4054.0
2024-03-01 09:52:00,OGI,2.075000047683716,2.075000047683716,2.075000047683716,2.075000047683716,2.075000047683716,28.0
2024-03-01 09:52:00,OM,3.0190000534057617,3.0190000534057617,3.0190000534057617,3.015000104904175,3.015000104904175,300.0
2024-03-01 09:52:00,OMER,4.684999942779541,4.684999942779541,4.699999809265137,4.679999828338623,4.679999828338623,674.0
2024-03-01 09:52:00,ONCT,9.579999923706055,9.579999923706055,9.579999923706055,9.4399995803833,9.579999923706055,941.0
2024-03-01 09:52:00,ONCY,1.100000023841858,1.100000023841858,1.100000023841858,1.100000023841858,1.100000023841858,2000.0
2024-03-01 09:53:00,ABCL,5.074999809265137,5.074999809265137,5.080999851226807,5.074999809265137,5.080999851226807,2987.0
2024-03-01 09:53:00,ABEO,7.179999828338623,7.179999828338623,7.179999828338623,7.179999828338623,7.179999828338623,461.0
2024-03-01 09:53:00,ABIO,1.6299999952316284,1.6299999952316284,1.6299999952316284,1.6299999952316284,1.6299999952316284,100.0
2024-03-01 09:53:00,ABOS,4.460000038146973,4.460000038146973,4.474999904632568,4.460000038146973,4.460000038146973,5756.0
2024-03-01 09:53:00,ABSI,5.125,5.125,5.159999847412109,5.125,5.135000228881836,10075.0
2024-03-01 09:53:00,ABVC,1.1851999759674072,1.1851999759674072,1.1851999759674072,1.1851999759674072,1.1851999759674072,7404.0
2024-03-01 09:53:00,ACAD,23.5,23.5,23.549999237060547,23.490100860595703,23.4950008392334,6743.0
2024-03-01 09:53:00,ACB,3.0250000953674316,3.0250000953674316,3.0399999618530273,3.0199999809265137,3.0399999618530273,15101.0
2024-03-01 09:53:00,ACCD,10.210000038146973,10.210000038146973,10.210000038146973,10.210000038146973,10.210000038146973,491.0
2024-03-01 09:53:00,ACET,2.359299898147583,2.359299898147583,2.359999895095825,2.359299898147583,2.359999895095825,1884.0
2024-03-01 09:53:00,ACHV,3.939199924468994,3.939199924468994,3.939199924468994,3.939199924468994,3.939199924468994,288.0
2024-03-01 09:53:00,ACRS,1.25,1.25,1.25,1.25,1.25,500.0
2024-03-01 09:53:00,ADIL,3.150099992752075,3.150099992752075,3.359999895095825,3.130000114440918,3.3299999237060547,376535.0
2024-03-01 09:53:00,ADMA,5.380099773406982,5.380099773406982,5.385000228881836,5.380099773406982,5.385000228881836,5474.0
2024-03-01 09:53:00,ADPT,4.050000190734863,4.050000190734863,4.050000190734863,4.050000190734863,4.050000190734863,802.0
2024-03-01 09:53:00,ADVM,1.9800000190734863,1.9800000190734863,1.9900000095367432,1.9800000190734863,1.9900000095367432,673.0
2024-03-01 09:53:00,AGEN,0.680400013923645,0.680400013923645,0.6807000041007996,0.6800000071525574,0.6801000237464905,19258.0
2024-03-01 09:53:00,AGIO,32.599998474121094,32.599998474121094,32.619998931884766,32.51499938964844,32.564998626708984,1191.0
2024-03-01 09:53:00,AGRX,0.829800009727478,0.829800009727478,0.829800009727478,0.829800009727478,0.829800009727478,0.0
2024-03-01 09:53:00,AHCO,10.430000305175781,10.430000305175781,10.430000305175781,10.40999984741211,10.40999984741211,555.0
2024-03-01 09:53:00,AIRS,6.519999980926514,6.519999980926514,6.53000020980835,6.519999980926514,6.53000020980835,101.0
2024-03-01 09:53:00,AKAN,0.27000001072883606,0.27000001072883606,0.2736000120639801,0.2685000002384186,0.27000001072883606,23606.0
2024-03-01 09:53:00,AKBA,1.649999976158142,1.649999976158142,1.6588000059127808,1.6399999856948853,1.6399999856948853,49992.0
2024-03-01 09:53:00,AKLI,0.33000001311302185,0.33000001311302185,0.3330000042915344,0.33000001311302185,0.3330000042915344,2956.0
2024-03-01 09:53:00,AKRO,27.905000686645508,27.905000686645508,27.979900360107422,27.905000686645508,27.979900360107422,1214.0
2024-03-01 09:53:00,ALDX,3.881200075149536,3.881200075149536,3.881200075149536,3.881200075149536,3.881200075149536,100.0
2024-03-01 09:53:00,ALEC,7.239999771118164,7.239999771118164,7.239999771118164,7.21999979019165,7.21999979019165,1620.0
2024-03-01 09:53:00,ALGN,298.9599914550781,298.9599914550781,298.9599914550781,298.9599914550781,298.9599914550781,920.0
2024-03-01 09:53:00,ALGS,0.9800999760627747,0.9800999760627747,0.9800999760627747,0.9800999760627747,0.9800999760627747,0.0
2024-03-01 09:53:00,ALKS,30.104999542236328,30.104999542236328,30.104999542236328,30.06999969482422,30.104999542236328,1218.0
2024-03-01 09:53:00,ALLK,1.5800000429153442,1.5800000429153442,1.5800000429153442,1.5612000226974487,1.5612000226974487,5480.0
2024-03-01 09:53:00,ALLO,4.942500114440918,4.942500114440918,4.945000171661377,4.934999942779541,4.945000171661377,1198.0
2024-03-01 09:53:00,ALNY,152.2949981689453,152.2949981689453,152.2949981689453,151.97500610351562,151.97999572753906,1220.0
2024-03-01 09:53:00,ALPN,35.875,35.875,35.875,35.875,35.875,402.0
2024-03-01 09:53:00,ALT,12.050999641418457,12.050999641418457,12.079999923706055,12.050999641418457,12.0600004196167,10296.0
2024-03-01 09:53:00,ALVO,15.6899995803833,15.6899995803833,15.6899995803833,15.604999542236328,15.604999542236328,339.0
2024-03-01 09:53:00,ALVR,0.7498999834060669,0.7498999834060669,0.7498999834060669,0.7498999834060669,0.7498999834060669,451.0
2024-03-01 09:53:00,ALXO,15.0,15.0,15.0,14.899999618530273,14.899999618530273,536.0
2024-03-01 09:53:00,AMGN,276.7950134277344,276.7950134277344,276.9421081542969,276.6700134277344,276.7550048828125,9263.0
2024-03-01 09:53:00,AMLX,18.969999313354492,18.969999313354492,18.969999313354492,18.920000076293945,18.920000076293945,581.0
2024-03-01 09:53:00,AMPH,46.720001220703125,46.720001220703125,46.84000015258789,46.47999954223633,46.47999954223633,3956.0
2024-03-01 09:53:00,AMRN,1.024999976158142,1.024999976158142,1.0299999713897705,1.0199999809265137,1.024999976158142,7068.0
2024-03-01 09:53:00,ANGO,5.323999881744385,5.323999881744385,5.323999881744385,5.323999881744385,5.323999881744385,513.0
2024-03-01 09:53:00,ANNX,5.985000133514404,5.985000133514404,5.989999771118164,5.985000133514404,5.985000133514404,593.0
2024-03-01 09:53:00,ANTX,2.990000009536743,2.990000009536743,2.990000009536743,2.990000009536743,2.990000009536743,133.0
2024-03-01 09:53:00,APLS,62.41559982299805,62.41559982299805,62.435001373291016,62.19499969482422,62.2400016784668,6398.0
2024-03-01 09:53:00,APLT,7.565000057220459,7.565000057220459,7.570000171661377,7.565000057220459,7.570000171661377,974.0
2024-03-01 09:53:00,AQST,4.027900218963623,4.027900218963623,4.03000020980835,4.0100998878479,4.029900074005127,11804.0
2024-03-01 09:53:00,ARAY,2.5850000381469727,2.5850000381469727,2.5850000381469727,2.5850000381469727,2.5850000381469727,219.0
2024-03-01 09:53:00,ARCT,39.779998779296875,39.779998779296875,39.93989944458008,39.779998779296875,39.93989944458008,1066.0
2024-03-01 09:53:00,ARDX,9.595000267028809,9.595000267028809,9.619099617004395,9.595000267028809,9.609999656677246,5100.0
2024-03-01 09:53:00,ARQT,10.819999694824219,10.819999694824219,10.920000076293945,10.770000457763672,10.920000076293945,42358.0
2024-03-01 09:53:00,ARTL,1.5199999809265137,1.5199999809265137,1.5199999809265137,1.5199999809265137,1.5199999809265137,200.0
2024-03-01 09:53:00,ARVN,49.38999938964844,49.38999938964844,49.38999938964844,49.38999938964844,49.38999938964844,108.0
2024-03-01 09:53:00,ARWR,33.72999954223633,33.72999954223633,33.744998931884766,33.72999954223633,33.744998931884766,1248.0
2024-03-01 09:53:00,ASND,148.78750610351562,148.78750610351562,148.78750610351562,148.63999938964844,148.63999938964844,1033.0
2024-03-01 09:53:00,ASRT,0.9200000166893005,0.9200000166893005,0.9200000166893005,0.9050999879837036,0.9090999960899353,6630.0
2024-03-01 09:53:00,ATAI,1.9500000476837158,1.9500000476837158,1.9500000476837158,1.9499000310897827,1.9499000310897827,2623.0
2024-03-01 09:53:00,ATEC,13.239999771118164,13.239999771118164,13.239999771118164,13.220000267028809,13.220000267028809,1189.0
2024-03-01 09:53:00,ATRA,0.7839000225067139,0.7839000225067139,0.7839000225067139,0.7800999879837036,0.7800999879837036,1649.0
2024-03-01 09:53:00,ATXS,14.300000190734863,14.300000190734863,14.300000190734863,14.300000190734863,14.300000190734863,3.0
2024-03-01 09:53:00,AUGX,4.48330020904541,4.48330020904541,4.489999771118164,4.46999979019165,4.46999979019165,741.0
2024-03-01 09:53:00,AUPH,5.71999979019165,5.71999979019165,5.71999979019165,5.699999809265137,5.715000152587891,20890.0
2024-03-01 09:53:00,AUTL,6.110000133514404,6.110000133514404,6.110000133514404,6.110000133514404,6.110000133514404,1299.0
2024-03-01 09:53:00,AVDL,12.829999923706055,12.829999923706055,12.829999923706055,12.800000190734863,12.819999694824219,2479.0
2024-03-01 09:53:00,AVXL,5.20989990234375,5.20989990234375,5.20989990234375,5.20989990234375,5.20989990234375,2974.0
2024-03-01 09:53:00,AXNX,67.41999816894531,67.41999816894531,67.44999694824219,67.41999816894531,67.44999694824219,9279.0
2024-03-01 09:53:00,AXSM,82.95989990234375,82.95989990234375,82.95989990234375,82.66500091552734,82.66500091552734,501.0
2024-03-01 09:53:00,AZN,64.16000366210938,64.16000366210938,64.19999694824219,64.16000366210938,64.19999694824219,4597.0
2024-03-01 09:53:00,AZTA,65.54000091552734,65.54000091552734,65.55000305175781,65.45999908447266,65.48999786376953,673.0
2024-03-01 09:53:00,BBIO,34.790000915527344,34.790000915527344,34.8849983215332,34.790000915527344,34.8849983215332,829.0
2024-03-01 09:53:00,BBLG,2.5000998973846436,2.5000998973846436,2.5439999103546143,2.5000998973846436,2.5000998973846436,8004.0
2024-03-01 09:53:00,BCRX,5.715000152587891,5.715000152587891,5.715000152587891,5.715000152587891,5.715000152587891,205.0
2024-03-01 09:53:00,BCYC,25.014999389648438,25.014999389648438,25.795900344848633,25.014999389648438,25.795900344848633,401.0
2024-03-01 09:53:00,BDSX,1.6799999475479126,1.6799999475479126,1.6799999475479126,1.649999976158142,1.6787999868392944,1124.0
2024-03-01 09:53:00,BDTX,5.247499942779541,5.247499942779541,5.25,5.244999885559082,5.244999885559082,1215.0
2024-03-01 09:53:00,BEAM,39.66999816894531,39.66999816894531,39.80009841918945,39.66999816894531,39.70000076293945,4072.0
2024-03-01 09:53:00,BGNE,162.08380126953125,162.08380126953125,162.08380126953125,162.08380126953125,162.08380126953125,332.0
2024-03-01 09:53:00,BGXX,0.2700999975204468,0.2700999975204468,0.2700999975204468,0.2700999975204468,0.2700999975204468,3010.0
2024-03-01 09:53:00,BIIB,218.05999755859375,218.05999755859375,218.05999755859375,218.0,218.0,731.0
2024-03-01 09:53:00,BIMI,3.7750000953674316,3.7750000953674316,3.7750000953674316,3.7613000869750977,3.7613000869750977,1260.0
2024-03-01 09:53:00,BIOL,0.13699999451637268,0.13699999451637268,0.1371999979019165,0.13699999451637268,0.1371999979019165,1187.0
2024-03-01 09:53:00,BIOR,1.2599999904632568,1.2599999904632568,1.2599999904632568,1.2599999904632568,1.2599999904632568,7349.0
2024-03-01 09:53:00,BIVI,2.7672998905181885,2.7672998905181885,2.7799999713897705,2.6500000953674316,2.7725000381469727,452655.0
2024-03-01 09:53:00,BLFS,17.399999618530273,17.399999618530273,17.65999984741211,17.399999618530273,17.65999984741211,33411.0
2024-03-01 09:53:00,BLUE,1.5698000192642212,1.5698000192642212,1.5700000524520874,1.5399999618530273,1.5399999618530273,23799.0
2024-03-01 09:53:00,BMEA,17.790000915527344,17.790000915527344,17.795000076293945,17.764999389648438,17.764999389648438,934.0
2024-03-01 09:53:00,BMRN,86.2300033569336,86.2300033569336,86.32499694824219,86.2300033569336,86.32499694824219,4793.0
2024-03-01 09:53:00,BNR,0.8834999799728394,0.8834999799728394,0.8834999799728394,0.8834999799728394,0.8834999799728394,100.0
2024-03-01 09:53:00,BNTC,4.989999771118164,4.989999771118164,4.989999771118164,4.989999771118164,4.989999771118164,110.0
2024-03-01 09:53:00,BNTX,90.19999694824219,90.19999694824219,90.19999694824219,90.19999694824219,90.19999694824219,427.0
2024-03-01 09:53:00,BOLT,1.173799991607666,1.173799991607666,1.173799991607666,1.173799991607666,1.173799991607666,457.0
2024-03-01 09:53:00,BPMC,96.54499816894531,96.54499816894531,96.72000122070312,96.54499816894531,96.72000122070312,1042.0
2024-03-01 09:53:00,BRTX,1.5,1.5,1.5,1.5,1.5,1092.0
2024-03-01 09:53:00,BSGM,0.6899999976158142,0.6899999976158142,0.6899999976158142,0.6899999976158142,0.6899999976158142,440.0
2024-03-01 09:53:00,BTCY,0.9498999714851379,0.9498999714851379,0.9498999714851379,0.9498999714851379,0.9498999714851379,0.0
2024-03-01 09:53:00,BTTX,0.16249999403953552,0.16249999403953552,0.16249999403953552,0.16249999403953552,0.16249999403953552,1230.0
2024-03-01 09:53:00,BWAY,6.575200080871582,6.575200080871582,6.575200080871582,6.575200080871582,6.575200080871582,100.0
2024-03-01 09:53:00,CABA,24.4424991607666,24.4424991607666,24.56999969482422,24.389999389648438,24.56920051574707,3750.0
2024-03-01 09:53:00,CARA,0.8593000173568726,0.8593000173568726,0.8593000173568726,0.8593000173568726,0.8593000173568726,113.0
2024-03-01 09:53:00,CBAY,32.220001220703125,32.220001220703125,32.220001220703125,32.21500015258789,32.21500015258789,1065.0
2024-03-01 09:53:00,CCCC,10.958800315856934,10.958800315856934,10.979999542236328,10.90999984741211,10.979999542236328,4235.0
2024-03-01 09:53:00,CDMO,7.809999942779541,7.809999942779541,7.840000152587891,7.809999942779541,7.840000152587891,1620.0
2024-03-01 09:53:00,CDNA,11.404999732971191,11.404999732971191,11.460000038146973,11.399999618530273,11.40999984741211,4847.0
2024-03-01 09:53:00,CDTX,0.7307999730110168,0.7307999730110168,0.7307999730110168,0.7307999730110168,0.7307999730110168,500.0
2024-03-01 09:53:00,CDXS,4.340000152587891,4.340000152587891,4.349999904632568,4.329999923706055,4.349999904632568,1239.0
2024-03-01 09:53:00,CERE,41.11000061035156,41.11000061035156,41.11000061035156,41.11000061035156,41.11000061035156,159.0
2024-03-01 09:53:00,CERS,2.180000066757202,2.180000066757202,2.180000066757202,2.180000066757202,2.180000066757202,151.0
2024-03-01 09:53:00,CERT,17.300800323486328,17.300800323486328,17.300800323486328,17.264999389648438,17.264999389648438,1345.0
2024-03-01 09:53:00,CGC,3.2197000980377197,3.2197000980377197,3.2200000286102295,3.2197000980377197,3.2200000286102295,675.0
2024-03-01 09:53:00,CGEM,18.8799991607666,18.8799991607666,18.8799991607666,18.81999969482422,18.8799991607666,239.0
2024-03-01 09:53:00,CGEN,2.565000057220459,2.565000057220459,2.565000057220459,2.565000057220459,2.565000057220459,197.0
2024-03-01 09:53:00,CHRS,2.3350000381469727,2.3350000381469727,2.3399999141693115,2.3350000381469727,2.3399999141693115,3584.0
2024-03-01 09:53:00,CING,1.3000999689102173,1.3000999689102173,1.3250000476837158,1.2999999523162842,1.309999942779541,17893.0
2024-03-01 09:53:00,CJJD,2.8389999866485596,2.8389999866485596,3.0100998878479004,2.799999952316284,3.0100998878479004,5727.0
2024-03-01 09:53:00,CKPT,2.1401000022888184,2.1401000022888184,2.1791999340057373,2.140000104904175,2.170099973678589,6800.0
2024-03-01 09:53:00,CLDX,51.400001525878906,51.400001525878906,51.61000061035156,51.400001525878906,51.599998474121094,5587.0
2024-03-01 09:53:00,CLOV,0.8510000109672546,0.8510000109672546,0.8514000177383423,0.8504999876022339,0.8510000109672546,17671.0
2024-03-01 09:53:00,CMPS,10.600000381469727,10.600000381469727,10.600000381469727,10.600000381469727,10.600000381469727,365.0
2024-03-01 09:53:00,CNTA,10.460000038146973,10.460000038146973,10.460000038146973,10.460000038146973,10.460000038146973,100.0
2024-03-01 09:53:00,COGT,7.264999866485596,7.264999866485596,7.264999866485596,7.264999866485596,7.264999866485596,784.0
2024-03-01 09:53:00,COLL,37.2599983215332,37.2599983215332,37.2599983215332,37.2599983215332,37.2599983215332,255.0
2024-03-01 09:53:00,CORT,23.200000762939453,23.200000762939453,23.204999923706055,23.200000762939453,23.204999923706055,345.0
2024-03-01 09:53:00,CPRX,16.860000610351562,16.860000610351562,16.90999984741211,16.860000610351562,16.90999984741211,9339.0
2024-03-01 09:53:00,CPSI,9.869999885559082,9.869999885559082,9.869999885559082,9.868200302124023,9.869999885559082,954.0
2024-03-01 09:53:00,CRBP,32.25,32.25,32.32099914550781,32.25,32.32099914550781,948.0
2024-03-01 09:53:00,CRBU,8.089500427246094,8.089500427246094,8.100000381469727,8.089500427246094,8.09000015258789,2094.0
2024-03-01 09:53:00,CRDF,2.684799909591675,2.684799909591675,2.7300000190734863,2.5425000190734863,2.610100030899048,668806.0
2024-03-01 09:53:00,CRDL,2.0174999237060547,2.0174999237060547,2.0174999237060547,2.0100998878479004,2.0100998878479004,2907.0
2024-03-01 09:53:00,CRNX,44.880001068115234,44.880001068115234,44.9900016784668,44.810001373291016,44.900001525878906,1611.0
2024-03-01 09:53:00,CRON,2.0450000762939453,2.0450000762939453,2.049999952316284,2.0450000762939453,2.049999952316284,877.0
2024-03-01 09:53:00,CRSP,84.95999908447266,84.95999908447266,85.0999984741211,84.94000244140625,85.0,2308.0
2024-03-01 09:53:00,CSTL,19.5,19.5,19.5,19.5,19.5,984.0
2024-03-01 09:53:00,CTKB,7.809999942779541,7.809999942779541,7.820000171661377,7.789999961853027,7.789999961853027,3198.0
2024-03-01 09:53:00,CTXR,0.7799999713897705,0.7799999713897705,0.7799999713897705,0.7799000144004822,0.7799000144004822,3032.0
2024-03-01 09:53:00,CUE,2.1013998985290527,2.1013998985290527,2.1013998985290527,2.1013998985290527,2.1013998985290527,0.0
2024-03-01 09:53:00,CUTR,2.2699999809265137,2.2699999809265137,2.2699999809265137,2.25,2.25,500.0
2024-03-01 09:53:00,CVAC,3.4200000762939453,3.4200000762939453,3.434999942779541,3.4200000762939453,3.434999942779541,18480.0
2024-03-01 09:53:00,CVRX,19.690000534057617,19.690000534057617,19.690000534057617,19.690000534057617,19.690000534057617,119.0
2024-03-01 09:53:00,CYTH,1.600000023841858,1.600000023841858,1.6200000047683716,1.600000023841858,1.6200000047683716,1800.0
2024-03-01 09:53:00,CYTK,74.38999938964844,74.38999938964844,74.55999755859375,74.38999938964844,74.52999877929688,4110.0
2024-03-01 09:53:00,DAWN,17.020000457763672,17.020000457763672,17.040000915527344,17.020000457763672,17.040000915527344,619.0
2024-03-01 09:53:00,DCGO,4.050000190734863,4.050000190734863,4.050000190734863,4.050000190734863,4.050000190734863,150.0
2024-03-01 09:53:00,DCPH,17.014999389648438,17.014999389648438,17.065000534057617,17.0,17.05500030517578,3633.0
2024-03-01 09:53:00,DH,9.104999542236328,9.104999542236328,9.104999542236328,9.104999542236328,9.104999542236328,1001.0
2024-03-01 09:53:00,DMTK,0.9200000166893005,0.9200000166893005,0.9200000166893005,0.9200000166893005,0.9200000166893005,912.0
2024-03-01 09:53:00,DNLI,20.625900268554688,20.625900268554688,20.649999618530273,20.625900268554688,20.649999618530273,263.0
2024-03-01 09:53:00,DTIL,12.9350004196167,12.9350004196167,12.949999809265137,12.9350004196167,12.949999809265137,859.0
2024-03-01 09:53:00,DVAX,12.755000114440918,12.755000114440918,12.755000114440918,12.755000114440918,12.755000114440918,443.0
2024-03-01 09:53:00,DXCM,116.00499725341797,116.00499725341797,116.02999877929688,115.80999755859375,115.80999755859375,4659.0
2024-03-01 09:53:00,DYN,29.334999084472656,29.334999084472656,29.828399658203125,29.334999084472656,29.489999771118164,36458.0
2024-03-01 09:53:00,EDIT,10.444999694824219,10.444999694824219,10.479999542236328,10.4399995803833,10.449999809265137,3288.0
2024-03-01 09:53:00,EDSA,4.869999885559082,4.869999885559082,4.869999885559082,4.869999885559082,4.869999885559082,133.0
2024-03-01 09:53:00,EGRX,6.289999961853027,6.289999961853027,6.289999961853027,6.260000228881836,6.260000228881836,415.0
2024-03-01 09:53:00,ELEV,5.025000095367432,5.025000095367432,5.090000152587891,5.0,5.004000186920166,9743.0
2024-03-01 09:53:00,EMBC,14.3100004196167,14.3100004196167,14.319999694824219,14.3100004196167,14.319999694824219,559.0
2024-03-01 09:53:00,ENSC,0.9110000133514404,0.9110000133514404,0.9110000133514404,0.9110000133514404,0.9110000133514404,1.0
2024-03-01 09:53:00,ENSG,124.05000305175781,124.05000305175781,124.05000305175781,124.05000305175781,124.05000305175781,218.0
2024-03-01 09:53:00,ENTA,14.449999809265137,14.449999809265137,14.449999809265137,14.449999809265137,14.449999809265137,2592.0
2024-03-01 09:53:00,ENVB,1.5399999618530273,1.5399999618530273,1.590000033378601,1.5399999618530273,1.590000033378601,53022.0
2024-03-01 09:53:00,EOLS,14.875,14.875,14.875,14.875,14.875,696.0
2024-03-01 09:53:00,ESPR,2.5201001167297363,2.5201001167297363,2.5250000953674316,2.5201001167297363,2.5250000953674316,1120.0
2024-03-01 09:53:00,ETNB,12.390000343322754,12.390000343322754,12.40999984741211,12.380000114440918,12.40999984741211,1221.0
2024-03-01 09:53:00,EWTX,16.17300033569336,16.17300033569336,16.2549991607666,16.170000076293945,16.2549991607666,5312.0
2024-03-01 09:53:00,EXAS,58.15999984741211,58.15999984741211,58.189998626708984,58.029998779296875,58.029998779296875,1426.0
2024-03-01 09:53:00,EXEL,22.3700008392334,22.3700008392334,22.3700008392334,22.364999771118164,22.3700008392334,2970.0
2024-03-01 09:53:00,EYEN,2.123500108718872,2.123500108718872,2.123500108718872,2.1201000213623047,2.1201000213623047,561.0
2024-03-01 09:53:00,EYPT,28.084999084472656,28.084999084472656,28.099899291992188,27.885000228881836,27.885000228881836,3821.0
2024-03-01 09:53:00,FATE,7.440000057220459,7.440000057220459,7.480000019073486,7.434999942779541,7.436100006103516,1556.0
2024-03-01 09:53:00,FBIO,2.180000066757202,2.180000066757202,2.190000057220459,2.1600000858306885,2.190000057220459,13803.0
2024-03-01 09:53:00,FDMT,29.30940055847168,29.30940055847168,29.34000015258789,29.170000076293945,29.185100555419922,5329.0
2024-03-01 09:53:00,FENC,9.4399995803833,9.4399995803833,9.5,9.4399995803833,9.5,2160.0
2024-03-01 09:53:00,FGEN,1.7450000047683716,1.7450000047683716,1.7450000047683716,1.7450000047683716,1.7450000047683716,102.0
2024-03-01 09:53:00,FIXX,0.9300000071525574,0.9300000071525574,0.9300000071525574,0.9300000071525574,0.9300000071525574,149.0
2024-03-01 09:53:00,FLGT,22.739999771118164,22.739999771118164,22.739999771118164,22.670000076293945,22.670000076293945,1866.0
2024-03-01 09:53:00,FOLD,13.385000228881836,13.385000228881836,13.395000457763672,13.385000228881836,13.385000228881836,2059.0
2024-03-01 09:53:00,FULC,10.369999885559082,10.369999885559082,10.399999618530273,10.369999885559082,10.390000343322754,1101.0
2024-03-01 09:53:00,FUSN,12.279999732971191,12.279999732971191,12.300000190734863,12.265000343322754,12.265000343322754,1342.0
2024-03-01 09:53:00,GDRX,8.329999923706055,8.329999923706055,8.350000381469727,8.319999694824219,8.345999717712402,11095.0
2024-03-01 09:53:00,GERN,2.079900026321411,2.079900026321411,2.0799999237060547,2.071199893951416,2.0799999237060547,6921.0
2024-03-01 09:53:00,GH,19.110000610351562,19.110000610351562,19.125,19.100000381469727,19.125,747.0
2024-03-01 09:53:00,GILD,72.48999786376953,72.48999786376953,72.49500274658203,72.44999694824219,72.48999786376953,3627.0
2024-03-01 09:53:00,GLPG,34.970001220703125,34.970001220703125,34.970001220703125,34.970001220703125,34.970001220703125,100.0
2024-03-01 09:53:00,GLSI,12.199999809265137,12.199999809265137,12.199999809265137,12.199999809265137,12.199999809265137,176.0
2024-03-01 09:53:00,GLUE,6.249499797821045,6.249499797821045,6.468599796295166,6.249499797821045,6.355000019073486,2208.0
2024-03-01 09:53:00,GMAB,28.6200008392334,28.6200008392334,28.6200008392334,28.610000610351562,28.610000610351562,621.0
2024-03-01 09:53:00,GMDA,0.3758000135421753,0.3758000135421753,0.3758000135421753,0.37549999356269836,0.3756999969482422,6013.0
2024-03-01 09:53:00,GOSS,1.3650000095367432,1.3650000095367432,1.3650000095367432,1.3450000286102295,1.3450000286102295,1061.0
2024-03-01 09:53:00,GRFS,6.699999809265137,6.699999809265137,6.730000019073486,6.699999809265137,6.730000019073486,5433.0
2024-03-01 09:53:00,GRTS,1.9249999523162842,1.9249999523162842,1.9249999523162842,1.909999966621399,1.9182000160217285,11646.0
2024-03-01 09:53:00,HALO,40.79999923706055,40.79999923706055,40.82749938964844,40.79999923706055,40.82500076293945,1236.0
2024-03-01 09:53:00,HARP,22.950000762939453,22.950000762939453,22.950000762939453,22.940000534057617,22.940000534057617,739.0
2024-03-01 09:53:00,HCAT,8.121899604797363,8.121899604797363,8.130000114440918,8.079999923706055,8.130000114440918,1531.0
2024-03-01 09:53:00,HCSG,12.609999656677246,12.609999656677246,12.609999656677246,12.609999656677246,12.609999656677246,296.0
2024-03-01 09:53:00,HCTI,2.339900016784668,2.339900016784668,2.339900016784668,2.2699999809265137,2.2699999809265137,2594.0
2024-03-01 09:53:00,HOLX,73.69499969482422,73.69499969482422,73.69999694824219,73.68000030517578,73.68000030517578,1492.0
2024-03-01 09:53:00,HOOK,0.760200023651123,0.760200023651123,0.7919999957084656,0.760200023651123,0.7919999957084656,1251.0
2024-03-01 09:53:00,HRMY,31.31999969482422,31.31999969482422,31.360000610351562,31.235000610351562,31.235000610351562,1289.0
2024-03-01 09:53:00,HROW,10.934900283813477,10.934900283813477,10.934900283813477,10.934900283813477,10.934900283813477,571.0
2024-03-01 09:53:00,HRTX,2.5950000286102295,2.5950000286102295,2.609999895095825,2.5899999141693115,2.6050000190734863,7138.0
2024-03-01 09:53:00,HSCS,0.11659999936819077,0.11659999936819077,0.11659999936819077,0.11659999936819077,0.11659999936819077,1072.0
2024-03-01 09:53:00,HSIC,77.43000030517578,77.43000030517578,77.43000030517578,77.08000183105469,77.08000183105469,2350.0
2024-03-01 09:53:00,HUMA,3.0599000453948975,3.0599000453948975,3.0875000953674316,3.049999952316284,3.0875000953674316,19690.0
2024-03-01 09:53:00,IART,36.814998626708984,36.814998626708984,36.84000015258789,36.814998626708984,36.84000015258789,942.0
2024-03-01 09:53:00,IBRX,4.920000076293945,4.920000076293945,4.920000076293945,4.880000114440918,4.880000114440918,8585.0
2024-03-01 09:53:00,ICLR,320.8599853515625,320.8599853515625,321.7650146484375,320.8599853515625,321.7650146484375,768.0
2024-03-01 09:53:00,ICUI,104.45999908447266,104.45999908447266,104.48999786376953,104.37750244140625,104.37750244140625,377.0
2024-03-01 09:53:00,IDXX,568.1400146484375,568.1400146484375,568.1400146484375,566.6400146484375,566.6400146484375,1040.0
2024-03-01 09:53:00,IDYA,45.939998626708984,45.939998626708984,46.08000183105469,45.939998626708984,46.060001373291016,2138.0
2024-03-01 09:53:00,IFRX,1.7899999618530273,1.7899999618530273,1.7899999618530273,1.7401000261306763,1.7401000261306763,898.0
2024-03-01 09:53:00,ILMN,137.69000244140625,137.69000244140625,137.83999633789062,137.27000427246094,137.3300018310547,2787.0
2024-03-01 09:53:00,IMAB,1.8700000047683716,1.8700000047683716,1.8700000047683716,1.8700000047683716,1.8700000047683716,373.0
2024-03-01 09:53:00,IMCR,68.44499969482422,68.44499969482422,68.48999786376953,68.44499969482422,68.48999786376953,312.0
2024-03-01 09:53:00,IMMP,2.2811999320983887,2.2811999320983887,2.2811999320983887,2.2811999320983887,2.2811999320983887,1658.0
2024-03-01 09:53:00,IMMX,3.4049999713897705,3.4049999713897705,3.4049999713897705,3.4049999713897705,3.4049999713897705,104.0
2024-03-01 09:53:00,IMNM,24.850000381469727,24.850000381469727,24.860000610351562,24.84000015258789,24.84000015258789,1136.0
2024-03-01 09:53:00,IMNN,1.122499942779541,1.122499942779541,1.122499942779541,1.1200000047683716,1.1201000213623047,5461.0
2024-03-01 09:53:00,IMTX,12.819999694824219,12.819999694824219,12.890000343322754,12.819999694824219,12.850000381469727,4996.0
2024-03-01 09:53:00,IMUX,1.5104999542236328,1.5104999542236328,1.5109000205993652,1.5104999542236328,1.5109000205993652,850.0
2024-03-01 09:53:00,IMVT,36.83000183105469,36.83000183105469,36.83000183105469,36.744998931884766,36.744998931884766,354.0
2024-03-01 09:53:00,INCY,58.900001525878906,58.900001525878906,58.900001525878906,58.814998626708984,58.814998626708984,716.0
2024-03-01 09:53:00,INMD,22.23940086364746,22.23940086364746,22.23940086364746,22.209999084472656,22.209999084472656,2878.0
2024-03-01 09:53:00,INO,9.020099639892578,9.020099639892578,9.020099639892578,9.020099639892578,9.020099639892578,256.0
2024-03-01 09:53:00,INSM,28.139999389648438,28.139999389648438,28.139999389648438,28.139999389648438,28.139999389648438,142.0
2024-03-01 09:53:00,INVA,15.649999618530273,15.649999618530273,15.670000076293945,15.630000114440918,15.670000076293945,3272.0
2024-03-01 09:53:00,IONS,45.189998626708984,45.189998626708984,45.220001220703125,45.18000030517578,45.220001220703125,529.0
2024-03-01 09:53:00,IOVA,16.829999923706055,16.829999923706055,16.844999313354492,16.730100631713867,16.739999771118164,32362.0
2024-03-01 09:53:00,IRIX,2.6723999977111816,2.6723999977111816,2.6886000633239746,2.6600000858306885,2.6886000633239746,1520.0
2024-03-01 09:53:00,IRWD,8.869999885559082,8.869999885559082,8.875,8.852499961853027,8.875,6807.0
2024-03-01 09:53:00,ISRG,386.18499755859375,386.18499755859375,386.3399963378906,386.0350036621094,386.114990234375,857.0
2024-03-01 09:53:00,ITOS,10.760000228881836,10.760000228881836,10.760000228881836,10.760000228881836,10.760000228881836,400.0
2024-03-01 09:53:00,IVVD,3.940000057220459,3.940000057220459,3.940000057220459,3.940000057220459,3.940000057220459,115.0
2024-03-01 09:53:00,IXHL,5.090000152587891,5.090000152587891,5.090000152587891,5.090000152587891,5.090000152587891,138.0
2024-03-01 09:53:00,JAGX,0.06199999898672104,0.06199999898672104,0.0625,0.061500001698732376,0.061500001698732376,140233.0
2024-03-01 09:53:00,JANX,48.36000061035156,48.36000061035156,48.369998931884766,47.70500183105469,47.8849983215332,7385.0
2024-03-01 09:53:00,JAZZ,122.12000274658203,122.12000274658203,122.12000274658203,121.76000213623047,121.83999633789062,937.0
2024-03-01 09:53:00,KALV,14.079999923706055,14.079999923706055,14.079999923706055,14.029999732971191,14.074999809265137,4051.0
2024-03-01 09:53:00,KNSA,21.389999389648438,21.389999389648438,21.389999389648438,21.389999389648438,21.389999389648438,211.0
2024-03-01 09:53:00,KOD,6.090000152587891,6.090000152587891,6.090000152587891,6.090000152587891,6.090000152587891,599.0
2024-03-01 09:53:00,KPTI,1.1649999618530273,1.1649999618530273,1.1694999933242798,1.160099983215332,1.1694999933242798,4918.0
2024-03-01 09:53:00,KRON,1.0496000051498413,1.0496000051498413,1.0496000051498413,1.0496000051498413,1.0496000051498413,100.0
2024-03-01 09:53:00,KRYS,166.36000061035156,166.36000061035156,166.36000061035156,166.03500366210938,166.03500366210938,1186.0
2024-03-01 09:53:00,KTRA,0.10170000046491623,0.10170000046491623,0.10170000046491623,0.10170000046491623,0.10170000046491623,333.0
2024-03-01 09:53:00,KYMR,43.709999084472656,43.709999084472656,43.709999084472656,43.709999084472656,43.709999084472656,268.0
2024-03-01 09:53:00,KZIA,0.25099998712539673,0.25099998712539673,0.25099998712539673,0.25099998712539673,0.25099998712539673,1400.0
2024-03-01 09:53:00,KZR,1.0812000036239624,1.0812000036239624,1.0850000381469727,1.0800000429153442,1.0800000429153442,26926.0
2024-03-01 09:53:00,LAB,2.2699999809265137,2.2699999809265137,2.2699999809265137,2.2699999809265137,2.2699999809265137,300.0
2024-03-01 09:53:00,LEXX,2.6050000190734863,2.6050000190734863,2.640000104904175,2.559999942779541,2.569999933242798,2855.0
2024-03-01 09:53:00,LFST,8.020000457763672,8.020000457763672,8.029999732971191,8.015000343322754,8.029999732971191,3271.0
2024-03-01 09:53:00,LGND,79.7699966430664,79.7699966430664,79.7699966430664,79.62999725341797,79.62999725341797,604.0
2024-03-01 09:53:00,LIFE,1.9199999570846558,1.9199999570846558,1.9199999570846558,1.9199999570846558,1.9199999570846558,400.0
2024-03-01 09:53:00,LIVN,54.332298278808594,54.332298278808594,54.332298278808594,54.332298278808594,54.332298278808594,182.0
2024-03-01 09:53:00,LMAT,69.81999969482422,69.81999969482422,69.81999969482422,69.81999969482422,69.81999969482422,105.0
2024-03-01 09:53:00,LPTX,2.819999933242798,2.819999933242798,2.880000114440918,2.819999933242798,2.880000114440918,344.0
2024-03-01 09:53:00,LQDA,14.380000114440918,14.380000114440918,14.399999618530273,14.380000114440918,14.399999618530273,603.0
2024-03-01 09:53:00,LUMO,2.930000066757202,2.930000066757202,2.930000066757202,2.930000066757202,2.930000066757202,334.0
2024-03-01 09:53:00,LUNG,9.279999732971191,9.279999732971191,9.279999732971191,9.220000267028809,9.220000267028809,1313.0
2024-03-01 09:53:00,LVTX,2.762500047683716,2.762500047683716,2.7699999809265137,2.75,2.759999990463257,21206.0
2024-03-01 09:53:00,LXRX,2.419100046157837,2.419100046157837,2.4291000366210938,2.4049999713897705,2.419100046157837,17442.0
2024-03-01 09:53:00,LYEL,3.0450000762939453,3.0450000762939453,3.0450000762939453,3.0199999809265137,3.0299999713897705,2499.0
2024-03-01 09:53:00,LYRA,5.489999771118164,5.489999771118164,5.489999771118164,5.4309000968933105,5.4309000968933105,302.0
2024-03-01 09:53:00,MASS,7.039999961853027,7.039999961853027,7.039999961853027,7.039999961853027,7.039999961853027,262.0
2024-03-01 09:53:00,MCRB,1.1549999713897705,1.1549999713897705,1.1549999713897705,1.1549999713897705,1.1549999713897705,300.0
2024-03-01 09:53:00,MDRX,5.920000076293945,5.920000076293945,5.920000076293945,5.75,5.75,33971.0
2024-03-01 09:53:00,MDXG,8.479999542236328,8.479999542236328,8.479999542236328,8.479999542236328,8.479999542236328,1892.0
2024-03-01 09:53:00,MEDP,400.5199890136719,400.5199890136719,400.5199890136719,400.5199890136719,400.5199890136719,321.0
2024-03-01 09:53:00,MESO,1.9900000095367432,1.9900000095367432,1.9900000095367432,1.9900000095367432,1.9900000095367432,108.0
2024-03-01 09:53:00,MGNX,18.73069953918457,18.73069953918457,18.790000915527344,18.73069953918457,18.790000915527344,592.0
2024-03-01 09:53:00,MGTX,6.190000057220459,6.190000057220459,6.190000057220459,6.190000057220459,6.190000057220459,11.0
2024-03-01 09:53:00,MIRM,29.489999771118164,29.489999771118164,29.489999771118164,29.489999771118164,29.489999771118164,181.0
2024-03-01 09:53:00,MIST,1.690000057220459,1.690000057220459,1.7100000381469727,1.690000057220459,1.690000057220459,5140.0
2024-03-01 09:53:00,MLTX,52.2400016784668,52.2400016784668,52.290000915527344,52.209999084472656,52.290000915527344,2490.0
2024-03-01 09:53:00,MMSI,76.30000305175781,76.30000305175781,76.30000305175781,76.30000305175781,76.30000305175781,230.0
2024-03-01 09:53:00,MNKD,4.375,4.375,4.375,4.360000133514404,4.364999771118164,12886.0
2024-03-01 09:53:00,MNMD,5.660099983215332,5.660099983215332,5.660099983215332,5.646399974822998,5.649099826812744,818.0
2024-03-01 09:53:00,MNPR,0.75,0.75,0.75,0.75,0.75,0.0
2024-03-01 09:53:00,MODV,27.7450008392334,27.7450008392334,27.7450008392334,27.700000762939453,27.700000762939453,1195.0
2024-03-01 09:53:00,MOR,17.549999237060547,17.549999237060547,17.56999969482422,17.540000915527344,17.540000915527344,460.0
2024-03-01 09:53:00,MORF,38.005001068115234,38.005001068115234,38.0099983215332,38.005001068115234,38.0099983215332,531.0
2024-03-01 09:53:00,MRAI,1.5399999618530273,1.5399999618530273,1.5399999618530273,1.5399999618530273,1.5399999618530273,635.0
2024-03-01 09:53:00,MREO,3.8299999237060547,3.8299999237060547,3.8299999237060547,3.801100015640259,3.8027000427246094,5582.0
2024-03-01 09:53:00,MRNA,93.63600158691406,93.63600158691406,93.69999694824219,93.36000061035156,93.36000061035156,7802.0
2024-03-01 09:53:00,MRSN,5.809999942779541,5.809999942779541,5.824999809265137,5.769999980926514,5.824999809265137,971.0
2024-03-01 09:53:00,MRUS,49.029998779296875,49.029998779296875,49.029998779296875,48.935001373291016,48.935001373291016,1199.0
2024-03-01 09:53:00,MRVI,7.679299831390381,7.679299831390381,7.679999828338623,7.650000095367432,7.650000095367432,2100.0
2024-03-01 09:53:00,MXCT,4.625,4.625,4.625,4.625,4.625,150.0
2024-03-01 09:53:00,MYGN,21.079999923706055,21.079999923706055,21.079999923706055,21.00119972229004,21.00119972229004,1860.0
2024-03-01 09:53:00,NARI,45.29999923706055,45.29999923706055,45.29999923706055,44.84000015258789,44.84000015258789,4200.0
2024-03-01 09:53:00,NAUT,2.7149999141693115,2.7149999141693115,2.7249999046325684,2.7149999141693115,2.7249999046325684,438.0
2024-03-01 09:53:00,NBIX,131.05499267578125,131.05499267578125,131.05499267578125,131.05499267578125,131.05499267578125,204.0
2024-03-01 09:53:00,NEO,15.710000038146973,15.710000038146973,15.710000038146973,15.670000076293945,15.670000076293945,896.0
2024-03-01 09:53:00,NEOG,16.959999084472656,16.959999084472656,16.959999084472656,16.940000534057617,16.940000534057617,541.0
2024-03-01 09:53:00,NEPT,0.43639999628067017,0.43639999628067017,0.43639999628067017,0.43639999628067017,0.43639999628067017,110.0
2024-03-01 09:53:00,NERV,2.5799999237060547,2.5799999237060547,2.5799999237060547,2.5799999237060547,2.5799999237060547,200.0
2024-03-01 09:53:00,NGM,1.524999976158142,1.524999976158142,1.524999976158142,1.524999976158142,1.524999976158142,198.0
2024-03-01 09:53:00,NNOX,11.080100059509277,11.080100059509277,11.123700141906738,11.020000457763672,11.123700141906738,5543.0
2024-03-01 09:53:00,NOTV,7.315000057220459,7.315000057220459,7.315000057220459,7.25,7.260000228881836,1155.0
2024-03-01 09:53:00,NRSN,1.8899999856948853,1.8899999856948853,1.8899999856948853,1.8450000286102295,1.8598999977111816,8707.0
2024-03-01 09:53:00,NRXP,0.4000000059604645,0.4000000059604645,0.40799999237060547,0.4000000059604645,0.40799999237060547,8747.0
2024-03-01 09:53:00,NTLA,32.70000076293945,32.70000076293945,32.70500183105469,32.70000076293945,32.70500183105469,989.0
2024-03-01 09:53:00,NTRA,88.95999908447266,88.95999908447266,89.02999877929688,88.91500091552734,88.91500091552734,2009.0
2024-03-01 09:53:00,NVAX,4.800000190734863,4.800000190734863,4.809999942779541,4.78000020980835,4.799099922180176,21452.0
2024-03-01 09:53:00,NVCR,15.369999885559082,15.369999885559082,15.390000343322754,15.345100402832031,15.345100402832031,869.0
2024-03-01 09:53:00,NVNO,6.204999923706055,6.204999923706055,6.204999923706055,6.204999923706055,6.204999923706055,1216.0
2024-03-01 09:53:00,NVOS,0.613099992275238,0.613099992275238,0.6331999897956848,0.613099992275238,0.6331999897956848,619.0
2024-03-01 09:53:00,OCGN,0.9248999953269958,0.9248999953269958,0.9248999953269958,0.9248999953269958,0.9248999953269958,598.0
2024-03-01 09:53:00,OCUL,10.479999542236328,10.479999542236328,10.479999542236328,10.470000267028809,10.470100402832031,467.0
2024-03-01 09:53:00,OGI,2.069999933242798,2.069999933242798,2.069999933242798,2.069999933242798,2.069999933242798,1441.0
2024-03-01 09:53:00,OLK,22.309999465942383,22.309999465942383,22.309999465942383,22.299999237060547,22.299999237060547,674.0
2024-03-01 09:53:00,OM,3.009999990463257,3.009999990463257,3.0199999809265137,3.009999990463257,3.0199999809265137,3253.0
2024-03-01 09:53:00,OMCL,26.18000030517578,26.18000030517578,26.18000030517578,26.18000030517578,26.18000030517578,436.0
2024-03-01 09:53:00,OMER,4.679999828338623,4.679999828338623,4.680099964141846,4.679999828338623,4.680099964141846,1024.0
2024-03-01 09:53:00,OMGA,4.135000228881836,4.135000228881836,4.150000095367432,4.135000228881836,4.150000095367432,401.0
2024-03-01 09:53:00,ONCY,1.090000033378601,1.090000033378601,1.090000033378601,1.090000033378601,1.090000033378601,0.0
2024-03-01 09:54:00,AADI,1.9881000518798828,1.9881000518798828,1.9881000518798828,1.9881000518798828,1.9881000518798828,112.0
2024-03-01 09:54:00,ABEO,7.269999980926514,7.269999980926514,7.269999980926514,7.269999980926514,7.269999980926514,501.0
2024-03-01 09:54:00,ABIO,1.6299999952316284,1.6299999952316284,1.6299999952316284,1.6299999952316284,1.6299999952316284,50.0
2024-03-01 09:54:00,ABOS,4.460000038146973,4.460000038146973,4.460000038146973,4.449999809265137,4.460000038146973,1138.0
2024-03-01 09:54:00,ABSI,5.119999885559082,5.119999885559082,5.120500087738037,5.099999904632568,5.119999885559082,4701.0
2024-03-01 09:54:00,ABUS,2.7611000537872314,2.7611000537872314,2.7611000537872314,2.7611000537872314,2.7611000537872314,200.0
2024-03-01 09:54:00,ABVC,1.190000057220459,1.190000057220459,1.190000057220459,1.190000057220459,1.190000057220459,0.0
2024-03-01 09:54:00,ACAD,23.5,23.5,23.514999389648438,23.489999771118164,23.514999389648438,2449.0
2024-03-01 09:54:00,ACB,3.0350000858306885,3.0350000858306885,3.0350000858306885,3.0199999809265137,3.0199999809265137,1551.0
2024-03-01 09:54:00,ACCD,10.199999809265137,10.199999809265137,10.199999809265137,10.199999809265137,10.199999809265137,368.0
2024-03-01 09:54:00,ACHC,83.45999908447266,83.45999908447266,83.45999908447266,83.45999908447266,83.45999908447266,429.0
2024-03-01 09:54:00,ACHL,1.3833999633789062,1.3833999633789062,1.4199999570846558,1.3833999633789062,1.3899999856948853,16248.0
2024-03-01 09:54:00,ACHV,3.940000057220459,3.940000057220459,4.019999980926514,3.940000057220459,3.940000057220459,1190.0
2024-03-01 09:54:00,ACLX,69.0250015258789,69.0250015258789,69.23999786376953,68.9000015258789,69.2300033569336,4450.0
2024-03-01 09:54:00,ACON,0.390500009059906,0.390500009059906,0.390500009059906,0.390500009059906,0.390500009059906,2754.0
2024-03-01 09:54:00,ACRS,1.2450000047683716,1.2450000047683716,1.25,1.2401000261306763,1.25,4031.0
2024-03-01 09:54:00,ACXP,2.950000047683716,2.950000047683716,2.950000047683716,2.950000047683716,2.950000047683716,73.0
2024-03-01 09:54:00,ADIL,3.0801000595092773,3.0801000595092773,3.180000066757202,3.049999952316284,3.1500000953674316,436217.0
2024-03-01 09:54:00,ADMA,5.3805999755859375,5.3805999755859375,5.382800102233887,5.375,5.382800102233887,3989.0
2024-03-01 09:54:00,ADPT,4.034999847412109,4.034999847412109,4.045000076293945,4.034999847412109,4.045000076293945,773.0
2024-03-01 09:54:00,ADVM,1.9850000143051147,1.9850000143051147,1.9900000095367432,1.9850000143051147,1.9900000095367432,1958.0
2024-03-01 09:54:00,AEMD,1.7400000095367432,1.7400000095367432,1.7400000095367432,1.7400000095367432,1.7400000095367432,200.0
2024-03-01 09:54:00,AGEN,0.680400013923645,0.680400013923645,0.6805999875068665,0.6798999905586243,0.680400013923645,25095.0
2024-03-01 09:54:00,AGIO,32.599998474121094,32.599998474121094,32.630001068115234,32.54859924316406,32.599998474121094,1787.0
2024-03-01 09:54:00,AHCO,10.430000305175781,10.430000305175781,10.430000305175781,10.430000305175781,10.430000305175781,164.0
2024-03-01 09:54:00,AIMD,0.9700000286102295,0.9700000286102295,0.9900000095367432,0.9700000286102295,0.9900000095367432,555.0
2024-03-01 09:54:00,AIRS,6.510000228881836,6.510000228881836,6.510000228881836,6.510000228881836,6.510000228881836,102.0
2024-03-01 09:54:00,AKAN,0.2694999873638153,0.2694999873638153,0.2694999873638153,0.26899999380111694,0.26899999380111694,4153.0
2024-03-01 09:54:00,AKBA,1.6549999713897705,1.6549999713897705,1.659999966621399,1.649999976158142,1.649999976158142,10609.0
2024-03-01 09:54:00,AKLI,0.3330000042915344,0.3330000042915344,0.3330000042915344,0.3330000042915344,0.3330000042915344,2901.0
2024-03-01 09:54:00,AKRO,28.030000686645508,28.030000686645508,28.1299991607666,27.889999389648438,27.895000457763672,35507.0
2024-03-01 09:54:00,ALDX,3.8887999057769775,3.8887999057769775,3.890000104904175,3.880199909210205,3.890000104904175,2482.0
2024-03-01 09:54:00,ALEC,7.242499828338623,7.242499828338623,7.242499828338623,7.235000133514404,7.239999771118164,564.0
2024-03-01 09:54:00,ALGN,299.3450012207031,299.3450012207031,299.3450012207031,299.05010986328125,299.2099914550781,2655.0
2024-03-01 09:54:00,ALHC,5.934999942779541,5.934999942779541,5.940000057220459,5.920599937438965,5.920599937438965,1755.0
2024-03-01 09:54:00,ALKS,30.110000610351562,30.110000610351562,30.149999618530273,30.09000015258789,30.1200008392334,2369.0
2024-03-01 09:54:00,ALLK,1.5774999856948853,1.5774999856948853,1.5800000429153442,1.5774999856948853,1.5800000429153442,271.0
2024-03-01 09:54:00,ALLO,4.960000038146973,4.960000038146973,4.960000038146973,4.946000099182129,4.946000099182129,1471.0
2024-03-01 09:54:00,ALNY,152.19000244140625,152.19000244140625,152.19000244140625,152.19000244140625,152.19000244140625,289.0
2024-03-01 09:54:00,ALPN,35.95000076293945,35.95000076293945,35.95000076293945,35.95000076293945,35.95000076293945,325.0
2024-03-01 09:54:00,ALT,12.069999694824219,12.069999694824219,12.079999923706055,12.027999877929688,12.050100326538086,21789.0
2024-03-01 09:54:00,ALVR,0.744700014591217,0.744700014591217,0.75,0.744700014591217,0.75,954.0
2024-03-01 09:54:00,AMGN,276.8500061035156,276.8500061035156,276.8800048828125,276.7099914550781,276.82000732421875,4089.0
2024-03-01 09:54:00,AMLX,18.969100952148438,18.969100952148438,18.969100952148438,18.969100952148438,18.969100952148438,105.0
2024-03-01 09:54:00,AMRN,1.0200999975204468,1.0200999975204468,1.0270999670028687,1.0149999856948853,1.0206999778747559,19390.0
2024-03-01 09:54:00,ANAB,25.888500213623047,25.888500213623047,25.888500213623047,25.888500213623047,25.888500213623047,564.0
2024-03-01 09:54:00,ANGO,5.309999942779541,5.309999942779541,5.309999942779541,5.309999942779541,5.309999942779541,425.0
2024-03-01 09:54:00,ANIK,24.399999618530273,24.399999618530273,24.399999618530273,24.399999618530273,24.399999618530273,100.0
2024-03-01 09:54:00,ANNX,5.985000133514404,5.985000133514404,5.985000133514404,5.96999979019165,5.985000133514404,933.0
2024-03-01 09:54:00,ANTX,2.990000009536743,2.990000009536743,2.990000009536743,2.990000009536743,2.990000009536743,668.0
2024-03-01 09:54:00,APLS,62.3650016784668,62.3650016784668,62.40999984741211,62.27000045776367,62.33219909667969,3858.0
2024-03-01 09:54:00,APLT,7.5,7.5,7.550000190734863,7.5,7.5406999588012695,4253.0
2024-03-01 09:54:00,APVO,0.16910000145435333,0.16910000145435333,0.16910000145435333,0.16910000145435333,0.16910000145435333,200.0
2024-03-01 09:54:00,AQST,4.041999816894531,4.041999816894531,4.050000190734863,4.019999980926514,4.025000095367432,6710.0
2024-03-01 09:54:00,ARCT,39.834999084472656,39.834999084472656,39.95989990234375,39.834999084472656,39.95989990234375,325.0
2024-03-01 09:54:00,ARDX,9.619099617004395,9.619099617004395,9.625,9.595199584960938,9.595199584960938,3301.0
2024-03-01 09:54:00,ARGX,382.2200012207031,382.2200012207031,382.3900146484375,382.2200012207031,382.3900146484375,773.0
2024-03-01 09:54:00,ARQT,10.819999694824219,10.819999694824219,10.869999885559082,10.729999542236328,10.800000190734863,16950.0
2024-03-01 09:54:00,ARVN,49.0,49.0,49.52000045776367,49.0,49.48970031738281,8184.0
2024-03-01 09:54:00,ARWR,33.900001525878906,33.900001525878906,33.900001525878906,33.81999969482422,33.81999969482422,724.0
2024-03-01 09:54:00,ASRT,0.9269999861717224,0.9269999861717224,0.9269999861717224,0.9261999726295471,0.9261999726295471,0.0
2024-03-01 09:54:00,ATEC,13.199999809265137,13.199999809265137,13.234999656677246,13.199999809265137,13.234999656677246,4435.0
2024-03-01 09:54:00,ATHA,3.890000104904175,3.890000104904175,3.890000104904175,3.878000020980835,3.880000114440918,9728.0
2024-03-01 09:54:00,ATNF,3.3499999046325684,3.3499999046325684,3.3499999046325684,3.3499999046325684,3.3499999046325684,368.0
2024-03-01 09:54:00,ATRA,0.7710000276565552,0.7710000276565552,0.7839999794960022,0.7710000276565552,0.7839999794960022,821.0
2024-03-01 09:54:00,ATRC,35.025001525878906,35.025001525878906,35.025001525878906,35.025001525878906,35.025001525878906,225.0
2024-03-01 09:54:00,ATXI,0.15109999477863312,0.15109999477863312,0.15109999477863312,0.15109999477863312,0.15109999477863312,70.0
2024-03-01 09:54:00,ATXS,14.420000076293945,14.420000076293945,14.420000076293945,14.289999961853027,14.3100004196167,3559.0
2024-03-01 09:54:00,AUGX,4.53000020980835,4.53000020980835,4.539999961853027,4.488999843597412,4.489999771118164,5528.0
2024-03-01 09:54:00,AUPH,5.71999979019165,5.71999979019165,5.71999979019165,5.715000152587891,5.715000152587891,1821.0
2024-03-01 09:54:00,AURA,9.130000114440918,9.130000114440918,9.130000114440918,9.125,9.125,1000.0
2024-03-01 09:54:00,AVDL,12.819999694824219,12.819999694824219,12.859999656677246,12.819999694824219,12.859999656677246,4638.0
2024-03-01 09:54:00,AVGR,3.7799999713897705,3.7799999713897705,3.7799999713897705,3.7799999713897705,3.7799999713897705,227.0
2024-03-01 09:54:00,AVTX,4.303899765014648,4.303899765014648,4.420000076293945,4.303899765014648,4.420000076293945,1763.0
2024-03-01 09:54:00,AXNX,67.4000015258789,67.4000015258789,67.4000015258789,67.4000015258789,67.4000015258789,16111.0
2024-03-01 09:54:00,AXSM,82.91000366210938,82.91000366210938,82.91000366210938,82.5,82.88999938964844,593.0
2024-03-01 09:54:00,AZN,64.13999938964844,64.13999938964844,64.18009948730469,64.13999938964844,64.16000366210938,5559.0
2024-03-01 09:54:00,AZTA,65.44999694824219,65.44999694824219,65.63999938964844,65.44999694824219,65.63999938964844,1493.0
2024-03-01 09:54:00,BBIO,34.90999984741211,34.90999984741211,34.90999984741211,34.90999984741211,34.90999984741211,0.0
2024-03-01 09:54:00,BBLG,2.549999952316284,2.549999952316284,2.549999952316284,2.5000998973846436,2.5000998973846436,47.0
2024-03-01 09:54:00,BCEL,0.26989999413490295,0.26989999413490295,0.26989999413490295,0.26989999413490295,0.26989999413490295,1200.0
2024-03-01 09:54:00,BCRX,5.675000190734863,5.675000190734863,5.71999979019165,5.675000190734863,5.71999979019165,4697.0
2024-03-01 09:54:00,BDTX,5.269999980926514,5.269999980926514,5.269999980926514,5.259900093078613,5.259900093078613,1212.0
2024-03-01 09:54:00,BEAM,39.65999984741211,39.65999984741211,39.79999923706055,39.65999984741211,39.66999816894531,2831.0
2024-03-01 09:54:00,BFRI,0.8597000241279602,0.8597000241279602,0.8597000241279602,0.8597000241279602,0.8597000241279602,100.0
2024-03-01 09:54:00,BIIB,218.22999572753906,218.22999572753906,218.22999572753906,218.13999938964844,218.13999938964844,1569.0
2024-03-01 09:54:00,BIOL,0.13979999721050262,0.13979999721050262,0.13979999721050262,0.13979999721050262,0.13979999721050262,2500.0
2024-03-01 09:54:00,BIOR,1.26010000705719,1.26010000705719,1.2898000478744507,1.26010000705719,1.2898000478744507,5271.0
2024-03-01 09:54:00,BIVI,2.8691000938415527,2.8691000938415527,2.930000066757202,2.630000114440918,2.7799999713897705,686013.0
2024-03-01 09:54:00,BLFS,17.270000457763672,17.270000457763672,17.399999618530273,17.25,17.309999465942383,5448.0
2024-03-01 09:54:00,BLRX,1.378999948501587,1.378999948501587,1.378999948501587,1.3601000308990479,1.3601000308990479,6242.0
2024-03-01 09:54:00,BLUE,1.565000057220459,1.565000057220459,1.5700000524520874,1.559399962425232,1.5699000358581543,34376.0
2024-03-01 09:54:00,BMEA,17.760000228881836,17.760000228881836,17.760000228881836,17.700000762939453,17.709999084472656,2047.0
2024-03-01 09:54:00,BMRN,86.12000274658203,86.12000274658203,86.23999786376953,86.12000274658203,86.22000122070312,4607.0
2024-03-01 09:54:00,BNR,0.8834999799728394,0.8834999799728394,0.8834999799728394,0.8834999799728394,0.8834999799728394,0.0
2024-03-01 09:54:00,BNTX,90.3499984741211,90.3499984741211,90.3499984741211,90.3499984741211,90.3499984741211,358.0
2024-03-01 09:54:00,BPMC,96.69000244140625,96.69000244140625,96.69000244140625,96.61000061035156,96.61000061035156,270.0
2024-03-01 09:54:00,BPTS,0.5275999903678894,0.5275999903678894,0.5275999903678894,0.5275999903678894,0.5275999903678894,0.0
2024-03-01 09:54:00,BRKR,86.60749816894531,86.60749816894531,86.60749816894531,86.55999755859375,86.55999755859375,532.0
2024-03-01 09:54:00,BTAI,3.180000066757202,3.180000066757202,3.194999933242798,3.174999952316284,3.194999933242798,2381.0
2024-03-01 09:54:00,BTTX,0.16590000689029694,0.16590000689029694,0.16590000689029694,0.16259999573230743,0.16259999573230743,14401.0
2024-03-01 09:54:00,BYSI,1.3809000253677368,1.3809000253677368,1.3809000253677368,1.3809000253677368,1.3809000253677368,754.0
2024-03-01 09:54:00,CABA,24.415000915527344,24.415000915527344,24.559999465942383,24.389999389648438,24.420000076293945,2175.0
2024-03-01 09:54:00,CADL,1.8300000429153442,1.8300000429153442,1.8300000429153442,1.8300000429153442,1.8300000429153442,2352.0
2024-03-01 09:54:00,CAPR,4.599999904632568,4.599999904632568,4.599999904632568,4.53000020980835,4.583000183105469,2758.0
2024-03-01 09:54:00,CARA,0.8593000173568726,0.8593000173568726,0.8593000173568726,0.8593000173568726,0.8593000173568726,800.0
2024-03-01 09:54:00,CBAY,32.21500015258789,32.21500015258789,32.220001220703125,32.21500015258789,32.220001220703125,1535.0
2024-03-01 09:54:00,CCCC,10.96500015258789,10.96500015258789,10.970000267028809,10.9350004196167,10.949999809265137,3344.0
2024-03-01 09:54:00,CCRN,18.1200008392334,18.1200008392334,18.1200008392334,18.06999969482422,18.06999969482422,931.0
2024-03-01 09:54:00,CDMO,7.804999828338623,7.804999828338623,7.804999828338623,7.804999828338623,7.804999828338623,246.0
2024-03-01 09:54:00,CDNA,11.640000343322754,11.640000343322754,11.640000343322754,11.41919994354248,11.41919994354248,7159.0
2024-03-01 09:54:00,CDXS,4.34499979019165,4.34499979019165,4.349999904632568,4.34499979019165,4.349999904632568,449.0
2024-03-01 09:54:00,CELC,15.670000076293945,15.670000076293945,15.670000076293945,15.619999885559082,15.619999885559082,596.0
2024-03-01 09:54:00,CERE,41.1150016784668,41.1150016784668,41.1150016784668,41.1150016784668,41.1150016784668,410.0
2024-03-01 09:54:00,CERS,2.174999952316284,2.174999952316284,2.174999952316284,2.174999952316284,2.174999952316284,212.0
2024-03-01 09:54:00,CERT,17.43000030517578,17.43000030517578,17.43000030517578,17.267499923706055,17.274999618530273,2338.0
2024-03-01 09:54:00,CGC,3.2116000652313232,3.2116000652313232,3.2116000652313232,3.2100000381469727,3.2100000381469727,902.0
2024-03-01 09:54:00,CGEM,18.779800415039062,18.779800415039062,18.860000610351562,18.779800415039062,18.860000610351562,2903.0
2024-03-01 09:54:00,CGEN,2.569999933242798,2.569999933242798,2.575000047683716,2.569999933242798,2.575000047683716,1418.0
2024-03-01 09:54:00,CHRS,2.325000047683716,2.325000047683716,2.3299999237060547,2.32069993019104,2.3299999237060547,5851.0
2024-03-01 09:54:00,CING,1.2900999784469604,1.2900999784469604,1.319100022315979,1.2900999784469604,1.2999999523162842,4667.0
2024-03-01 09:54:00,CJJD,2.809999942779541,2.809999942779541,2.9149999618530273,2.809999942779541,2.9149999618530273,419.0
2024-03-01 09:54:00,CKPT,2.1500000953674316,2.1500000953674316,2.1500000953674316,2.140000104904175,2.140000104904175,1301.0
2024-03-01 09:54:00,CLDX,51.20000076293945,51.20000076293945,51.505001068115234,51.11000061035156,51.505001068115234,9528.0
2024-03-01 09:54:00,CLNN,0.38749998807907104,0.38749998807907104,0.39500001072883606,0.38749998807907104,0.39500001072883606,9347.0
2024-03-01 09:54:00,CLOV,0.8515999913215637,0.8515999913215637,0.8526999950408936,0.8503999710083008,0.8504999876022339,39350.0
2024-03-01 09:54:00,CLRB,3.9800000190734863,3.9800000190734863,3.9800000190734863,3.9800000190734863,3.9800000190734863,352.0
2024-03-01 09:54:00,CLVR,4.128499984741211,4.128499984741211,4.128499984741211,4.128499984741211,4.128499984741211,363.0
2024-03-01 09:54:00,CMPS,10.56309986114502,10.56309986114502,10.56309986114502,10.56309986114502,10.56309986114502,545.0
2024-03-01 09:54:00,CMRX,1.1399999856948853,1.1399999856948853,1.1399999856948853,1.1399999856948853,1.1399999856948853,632.0
2024-03-01 09:54:00,CNSP,0.28999999165534973,0.28999999165534973,0.28999999165534973,0.2897999882698059,0.2897999882698059,3262.0
2024-03-01 09:54:00,COGT,7.277599811553955,7.277599811553955,7.277599811553955,7.269999980926514,7.269999980926514,642.0
2024-03-01 09:54:00,COLL,37.2599983215332,37.2599983215332,37.2599983215332,37.2599983215332,37.2599983215332,320.0
2024-03-01 09:54:00,CORT,23.200000762939453,23.200000762939453,23.200000762939453,23.200000762939453,23.200000762939453,555.0
2024-03-01 09:54:00,CPRX,16.829999923706055,16.829999923706055,16.86989974975586,16.81999969482422,16.860000610351562,5784.0
2024-03-01 09:54:00,CRBP,31.427200317382812,31.427200317382812,31.427200317382812,31.427200317382812,31.427200317382812,207.0
2024-03-01 09:54:00,CRBU,8.100000381469727,8.100000381469727,8.109999656677246,8.079999923706055,8.079999923706055,2794.0
2024-03-01 09:54:00,CRDF,2.549999952316284,2.549999952316284,2.70989990234375,2.549999952316284,2.6723999977111816,625923.0
2024-03-01 09:54:00,CRDL,2.0499000549316406,2.0499000549316406,2.0499000549316406,2.0399999618530273,2.0399999618530273,944.0
2024-03-01 09:54:00,CRMD,3.609999895095825,3.609999895095825,3.609999895095825,3.609999895095825,3.609999895095825,1049.0
2024-03-01 09:54:00,CRNX,45.06999969482422,45.06999969482422,45.2400016784668,44.974998474121094,44.974998474121094,32511.0
2024-03-01 09:54:00,CRON,2.049999952316284,2.049999952316284,2.049999952316284,2.049999952316284,2.049999952316284,626.0
2024-03-01 09:54:00,CRSP,84.95999908447266,84.95999908447266,85.17610168457031,84.95999908447266,85.0625,2704.0
2024-03-01 09:54:00,CTKB,7.840000152587891,7.840000152587891,7.849999904632568,7.809999942779541,7.809999942779541,1812.0
2024-03-01 09:54:00,CUE,2.0829999446868896,2.0829999446868896,2.0999999046325684,2.0829999446868896,2.0999999046325684,1668.0
2024-03-01 09:54:00,CUTR,2.2699999809265137,2.2699999809265137,2.2699999809265137,2.2699999809265137,2.2699999809265137,10.0
2024-03-01 09:54:00,CVAC,3.4149999618530273,3.4149999618530273,3.4200000762939453,3.4149999618530273,3.4200000762939453,3937.0
2024-03-01 09:54:00,CYTK,74.27999877929688,74.27999877929688,74.31999969482422,74.18000030517578,74.31999969482422,3139.0
2024-03-01 09:54:00,DARE,0.5799999833106995,0.5799999833106995,0.5799999833106995,0.5759000182151794,0.5759000182151794,5265.0
2024-03-01 09:54:00,DAWN,17.0,17.0,17.06999969482422,17.0,17.06999969482422,1615.0
2024-03-01 09:54:00,DCGO,4.054999828338623,4.054999828338623,4.054999828338623,4.050000190734863,4.050000190734863,800.0
2024-03-01 09:54:00,DCPH,17.0049991607666,17.0049991607666,17.0049991607666,17.0049991607666,17.0049991607666,134.0
2024-03-01 09:54:00,DERM,3.9700000286102295,3.9700000286102295,3.9700000286102295,3.9700000286102295,3.9700000286102295,0.0
2024-03-01 09:54:00,DH,9.10770034790039,9.10770034790039,9.10770034790039,9.10770034790039,9.10770034790039,854.0
2024-03-01 09:54:00,DMTK,0.9300000071525574,0.9300000071525574,0.9399999976158142,0.8999999761581421,0.9399999976158142,588.0
2024-03-01 09:54:00,DNLI,20.639999389648438,20.639999389648438,20.645000457763672,20.6200008392334,20.645000457763672,461.0
2024-03-01 09:54:00,DTIL,12.948699951171875,12.948699951171875,12.949999809265137,12.944999694824219,12.949999809265137,8182.0
2024-03-01 09:54:00,DVAX,12.800000190734863,12.800000190734863,12.800000190734863,12.789999961853027,12.789999961853027,983.0
2024-03-01 09:54:00,DXCM,116.05500030517578,116.05500030517578,116.12999725341797,115.80999755859375,115.88999938964844,10640.0
2024-03-01 09:54:00,DYN,29.799999237060547,29.799999237060547,29.815000534057617,29.47800064086914,29.559999465942383,1096.0
2024-03-01 09:54:00,EDIT,10.509499549865723,10.509499549865723,10.509499549865723,10.444999694824219,10.444999694824219,3332.0
2024-03-01 09:54:00,EFTR,14.461000442504883,14.461000442504883,14.461000442504883,14.461000442504883,14.461000442504883,418.0
2024-03-01 09:54:00,EGRX,6.269999980926514,6.269999980926514,6.269999980926514,6.269999980926514,6.269999980926514,235.0
2024-03-01 09:54:00,ELEV,4.9730000495910645,4.9730000495910645,4.989999771118164,4.929999828338623,4.929999828338623,9272.0
2024-03-01 09:54:00,ENTA,14.510000228881836,14.510000228881836,14.510000228881836,14.380000114440918,14.380000114440918,1308.0
2024-03-01 09:54:00,ENVB,1.590000033378601,1.590000033378601,1.590000033378601,1.5399999618530273,1.5419000387191772,33389.0
2024-03-01 09:54:00,EOLS,14.875,14.875,14.875,14.875,14.875,743.0
2024-03-01 09:54:00,EQ,2.589900016784668,2.589900016784668,2.589900016784668,2.589900016784668,2.589900016784668,4000.0
2024-03-01 09:54:00,ESPR,2.5590999126434326,2.5590999126434326,2.5590999126434326,2.5250000953674316,2.5250000953674316,10347.0
2024-03-01 09:54:00,ESTA,45.5,45.5,45.5099983215332,45.5,45.5099983215332,4231.0
2024-03-01 09:54:00,ETNB,12.375,12.375,12.375,12.350000381469727,12.375,2662.0
2024-03-01 09:54:00,EXAS,58.20000076293945,58.20000076293945,58.209999084472656,58.15999984741211,58.209999084472656,721.0
2024-03-01 09:54:00,EXEL,22.3700008392334,22.3700008392334,22.3799991607666,22.364999771118164,22.3799991607666,1503.0
2024-03-01 09:54:00,EYPT,28.094999313354492,28.094999313354492,28.094999313354492,28.06999969482422,28.06999969482422,3682.0
2024-03-01 09:54:00,FATE,7.449999809265137,7.449999809265137,7.449999809265137,7.429100036621094,7.440000057220459,424.0
2024-03-01 09:54:00,FDMT,29.399999618530273,29.399999618530273,29.639999389648438,29.315000534057617,29.378700256347656,4732.0
2024-03-01 09:54:00,FGEN,1.7450000047683716,1.7450000047683716,1.7450000047683716,1.7450000047683716,1.7450000047683716,1600.0
2024-03-01 09:54:00,FLGT,22.735000610351562,22.735000610351562,22.735000610351562,22.719999313354492,22.719999313354492,489.0
2024-03-01 09:54:00,FOLD,13.399999618530273,13.399999618530273,13.40999984741211,13.385000228881836,13.385000228881836,1853.0
2024-03-01 09:54:00,FULC,10.390000343322754,10.390000343322754,10.390000343322754,10.390000343322754,10.390000343322754,100.0
2024-03-01 09:54:00,FUSN,12.25,12.25,12.324999809265137,12.210000038146973,12.324999809265137,1624.0
2024-03-01 09:54:00,FWBI,8.140000343322754,8.140000343322754,8.140000343322754,8.140000343322754,8.140000343322754,223.0
2024-03-01 09:54:00,GBIO,2.470900058746338,2.470900058746338,2.470900058746338,2.470900058746338,2.470900058746338,100.0
2024-03-01 09:54:00,GDRX,8.343999862670898,8.343999862670898,8.359999656677246,8.319999694824219,8.324999809265137,4681.0
2024-03-01 09:54:00,GERN,2.0850000381469727,2.0850000381469727,2.0899999141693115,2.069999933242798,2.075000047683716,6186.0
2024-03-01 09:54:00,GH,19.059999465942383,19.059999465942383,19.1200008392334,19.059999465942383,19.110000610351562,3205.0
2024-03-01 09:54:00,GHRS,8.96500015258789,8.96500015258789,8.96500015258789,8.96500015258789,8.96500015258789,317.0
2024-03-01 09:54:00,GILD,72.48989868164062,72.48989868164062,72.49500274658203,72.44999694824219,72.49199676513672,3896.0
2024-03-01 09:54:00,GLTO,0.7240999937057495,0.7240999937057495,0.7240999937057495,0.7240999937057495,0.7240999937057495,715.0
2024-03-01 09:54:00,GLYC,2.934999942779541,2.934999942779541,2.934999942779541,2.934999942779541,2.934999942779541,4500.0
2024-03-01 09:54:00,GMAB,28.610000610351562,28.610000610351562,28.610000610351562,28.594999313354492,28.594999313354492,547.0
2024-03-01 09:54:00,GMDA,0.37599998712539673,0.37599998712539673,0.37599998712539673,0.375900000333786,0.375900000333786,6300.0
2024-03-01 09:54:00,GOSS,1.3700000047683716,1.3700000047683716,1.3700000047683716,1.3600000143051147,1.3600000143051147,846.0
2024-03-01 09:54:00,GRFS,6.664999961853027,6.664999961853027,6.699999809265137,6.650000095367432,6.699999809265137,14445.0
2024-03-01 09:54:00,GRTS,1.9249999523162842,1.9249999523162842,1.9299999475479126,1.9249999523162842,1.9249999523162842,11359.0
2024-03-01 09:54:00,GTHX,3.390000104904175,3.390000104904175,3.3949999809265137,3.384999990463257,3.3940000534057617,1589.0
2024-03-01 09:54:00,HALO,40.834999084472656,40.834999084472656,40.84000015258789,40.81999969482422,40.81999969482422,844.0
2024-03-01 09:54:00,HARP,22.950000762939453,22.950000762939453,22.950000762939453,22.940000534057617,22.940000534057617,200.0
2024-03-01 09:54:00,HCAT,8.114999771118164,8.114999771118164,8.119999885559082,8.069999694824219,8.100000381469727,923.0
2024-03-01 09:54:00,HCSG,12.59000015258789,12.59000015258789,12.600000381469727,12.59000015258789,12.600000381469727,499.0
2024-03-01 09:54:00,HCTI,2.375,2.375,2.397900104522705,2.3399999141693115,2.3399999141693115,3951.0
2024-03-01 09:54:00,HITI,1.7549999952316284,1.7549999952316284,1.7549999952316284,1.7549999952316284,1.7549999952316284,138.0
2024-03-01 09:54:00,HLTH,0.2700999975204468,0.2700999975204468,0.2700999975204468,0.2700999975204468,0.2700999975204468,1552.0
2024-03-01 09:54:00,HOLX,73.65499877929688,73.65499877929688,73.69499969482422,73.65499877929688,73.68000030517578,1005.0
2024-03-01 09:54:00,HOTH,1.3200000524520874,1.3200000524520874,1.3200000524520874,1.3200000524520874,1.3200000524520874,2006.0
2024-03-01 09:54:00,HPCO,0.2500999867916107,0.2500999867916107,0.2500999867916107,0.2500999867916107,0.2500999867916107,100.0
2024-03-01 09:54:00,HQY,82.0250015258789,82.0250015258789,82.20999908447266,82.0250015258789,82.20999908447266,1074.0
2024-03-01 09:54:00,HROW,10.970000267028809,10.970000267028809,11.0,10.936300277709961,10.948800086975098,6258.0
2024-03-01 09:54:00,HRTX,2.575000047683716,2.575000047683716,2.5950000286102295,2.569999933242798,2.5950000286102295,1083.0
2024-03-01 09:54:00,HSCS,0.11640000343322754,0.11640000343322754,0.11649999767541885,0.11640000343322754,0.11649999767541885,885.0
2024-03-01 09:54:00,HSIC,77.66500091552734,77.66500091552734,77.68499755859375,77.52999877929688,77.52999877929688,2533.0
2024-03-01 09:54:00,HUMA,3.059999942779541,3.059999942779541,3.069999933242798,3.051100015640259,3.055000066757202,18158.0
2024-03-01 09:54:00,HYPR,1.159999966621399,1.159999966621399,1.159999966621399,1.159999966621399,1.159999966621399,3840.0
2024-03-01 09:54:00,IART,36.86000061035156,36.86000061035156,36.869998931884766,36.85499954223633,36.86000061035156,1132.0
2024-03-01 09:54:00,IBRX,4.894999980926514,4.894999980926514,4.918700218200684,4.880000114440918,4.918700218200684,33385.0
2024-03-01 09:54:00,ICUI,104.31999969482422,104.31999969482422,104.31999969482422,104.31999969482422,104.31999969482422,358.0
2024-03-01 09:54:00,IDXX,568.094970703125,568.094970703125,568.094970703125,568.094970703125,568.094970703125,501.0
2024-03-01 09:54:00,IDYA,45.86000061035156,45.86000061035156,45.92250061035156,45.86000061035156,45.92250061035156,527.0
2024-03-01 09:54:00,IKNA,1.4600000381469727,1.4600000381469727,1.4600000381469727,1.4500000476837158,1.4500000476837158,0.0
2024-03-01 09:54:00,ILMN,137.30999755859375,137.30999755859375,137.64999389648438,137.25999450683594,137.64999389648438,3171.0
2024-03-01 09:54:00,IMCR,68.3687973022461,68.3687973022461,68.37000274658203,68.3687973022461,68.37000274658203,555.0
2024-03-01 09:54:00,IMUX,1.5195000171661377,1.5195000171661377,1.5199999809265137,1.5195000171661377,1.5199999809265137,1100.0
2024-03-01 09:54:00,IMVT,36.834999084472656,36.834999084472656,36.880001068115234,36.79499816894531,36.81999969482422,2375.0
2024-03-01 09:54:00,INBX,36.849998474121094,36.849998474121094,36.849998474121094,36.84000015258789,36.84000015258789,446.0
2024-03-01 09:54:00,INCY,59.0,59.0,59.02799987792969,58.8650016784668,58.8650016784668,1821.0
2024-03-01 09:54:00,INDP,2.1201999187469482,2.1201999187469482,2.140000104904175,2.0999999046325684,2.1263999938964844,5768.0
2024-03-01 09:54:00,INGN,6.75,6.75,6.75,6.730000019073486,6.730000019073486,622.0
2024-03-01 09:54:00,INM,0.39500001072883606,0.39500001072883606,0.39989998936653137,0.39500001072883606,0.39989998936653137,1249.0
2024-03-01 09:54:00,INMD,22.239999771118164,22.239999771118164,22.25,22.229999542236328,22.229999542236328,3593.0
2024-03-01 09:54:00,INO,9.130000114440918,9.130000114440918,9.140000343322754,9.068099975585938,9.068099975585938,4086.0
2024-03-01 09:54:00,INSM,28.135000228881836,28.135000228881836,28.135000228881836,28.135000228881836,28.135000228881836,246.0
2024-03-01 09:54:00,INVA,15.619999885559082,15.619999885559082,15.635000228881836,15.619999885559082,15.635000228881836,1059.0
2024-03-01 09:54:00,IOBT,1.659999966621399,1.659999966621399,1.6780999898910522,1.659999966621399,1.659999966621399,1000.0
2024-03-01 09:54:00,IOVA,16.84980010986328,16.84980010986328,16.875,16.80500030517578,16.809999465942383,31764.0
2024-03-01 09:54:00,IPSC,3.6500000953674316,3.6500000953674316,3.6500000953674316,3.6500000953674316,3.6500000953674316,280.0
2024-03-01 09:54:00,IRTC,117.34500122070312,117.34500122070312,117.45999908447266,117.22200012207031,117.3499984741211,1824.0
2024-03-01 09:54:00,IRWD,8.90999984741211,8.90999984741211,8.920000076293945,8.859999656677246,8.864999771118164,16324.0
2024-03-01 09:54:00,ISRG,386.0799865722656,386.0799865722656,386.1700134277344,386.0799865722656,386.1700134277344,1394.0
2024-03-01 09:54:00,ITCI,71.37999725341797,71.37999725341797,71.41999816894531,71.31500244140625,71.31500244140625,649.0
2024-03-01 09:54:00,ITOS,10.765000343322754,10.765000343322754,10.765000343322754,10.765000343322754,10.765000343322754,0.0
2024-03-01 09:54:00,IXHL,5.078999996185303,5.078999996185303,5.078999996185303,5.078999996185303,5.078999996185303,1911.0
2024-03-01 09:54:00,JAGX,0.06310000270605087,0.06310000270605087,0.06310000270605087,0.0625,0.0625,93338.0
2024-03-01 09:54:00,JANX,47.912498474121094,47.912498474121094,48.349998474121094,47.912498474121094,48.14979934692383,4602.0
2024-03-01 09:54:00,JAZZ,122.04499816894531,122.04499816894531,122.04499816894531,122.04499816894531,122.04499816894531,221.0
2024-03-01 09:54:00,JYNT,9.885000228881836,9.885000228881836,9.885000228881836,9.885000228881836,9.885000228881836,115.0
2024-03-01 09:54:00,KALV,14.039999961853027,14.039999961853027,14.039999961853027,14.039999961853027,14.039999961853027,0.0
2024-03-01 09:54:00,KNSA,21.424999237060547,21.424999237060547,21.424999237060547,21.424999237060547,21.424999237060547,112.0
2024-03-01 09:54:00,KOD,6.130000114440918,6.130000114440918,6.130000114440918,6.110000133514404,6.110000133514404,998.0
2024-03-01 09:54:00,KPRX,0.6517000198364258,0.6517000198364258,0.6517000198364258,0.6517000198364258,0.6517000198364258,657.0
2024-03-01 09:54:00,KPTI,1.1649999618530273,1.1649999618530273,1.1649999618530273,1.159999966621399,1.1649999618530273,3988.0
2024-03-01 09:54:00,KROS,69.25499725341797,69.25499725341797,69.25499725341797,69.04000091552734,69.04000091552734,1319.0
2024-03-01 09:54:00,KRTX,316.0,316.0,316.0,316.0,316.0,1471.0
2024-03-01 09:54:00,KRYS,166.0019989013672,166.0019989013672,166.01499938964844,165.99000549316406,166.01499938964844,1471.0
2024-03-01 09:54:00,KTRA,0.10379999876022339,0.10379999876022339,0.10379999876022339,0.10270000249147415,0.10270000249147415,2685.0
2024-03-01 09:54:00,KURA,21.367000579833984,21.367000579833984,21.367000579833984,21.299999237060547,21.354999542236328,553.0
2024-03-01 09:54:00,KYMR,43.720001220703125,43.720001220703125,43.720001220703125,43.720001220703125,43.720001220703125,139.0
2024-03-01 09:54:00,KZR,1.0801000595092773,1.0801000595092773,1.090000033378601,1.0800000429153442,1.0800000429153442,3324.0
2024-03-01 09:54:00,LBPH,22.71500015258789,22.71500015258789,22.71500015258789,22.71500015258789,22.71500015258789,162.0
2024-03-01 09:54:00,LEGN,65.19999694824219,65.19999694824219,65.20999908447266,65.19999694824219,65.20999908447266,762.0
2024-03-01 09:54:00,LEXX,2.561199903488159,2.561199903488159,2.629499912261963,2.561199903488159,2.629499912261963,2522.0
2024-03-01 09:54:00,LFST,8.015000343322754,8.015000343322754,8.015000343322754,8.010000228881836,8.010000228881836,557.0
2024-03-01 09:54:00,LGND,80.47000122070312,80.47000122070312,80.47000122070312,80.47000122070312,80.47000122070312,210.0
2024-03-01 09:54:00,LIFE,1.9199999570846558,1.9199999570846558,1.9199999570846558,1.9199999570846558,1.9199999570846558,0.0
2024-03-01 09:54:00,LNTH,65.98989868164062,65.98989868164062,65.98989868164062,65.98989868164062,65.98989868164062,786.0
2024-03-01 09:54:00,LRMR,11.70479965209961,11.70479965209961,11.704999923706055,11.699999809265137,11.704999923706055,640.0
2024-03-01 09:54:00,LTRN,4.75629997253418,4.75629997253418,4.764999866485596,4.75629997253418,4.764999866485596,306.0
2024-03-01 09:54:00,LVTX,2.8598999977111816,2.8598999977111816,2.859999895095825,2.759999990463257,2.759999990463257,14502.0
2024-03-01 09:54:00,LXRX,2.4291000366210938,2.4291000366210938,2.4391000270843506,2.4149999618530273,2.419100046157837,5678.0
2024-03-01 09:54:00,LYEL,3.0399999618530273,3.0399999618530273,3.049999952316284,3.0399999618530273,3.0399999618530273,3193.0
2024-03-01 09:54:00,MASI,128.02000427246094,128.02000427246094,128.02000427246094,128.02000427246094,128.02000427246094,372.0
2024-03-01 09:54:00,MASS,7.039999961853027,7.039999961853027,7.039999961853027,7.030099868774414,7.030099868774414,202.0
2024-03-01 09:54:00,MBIO,1.3100999593734741,1.3100999593734741,1.354699969291687,1.3100999593734741,1.354699969291687,1881.0
2024-03-01 09:54:00,MBOT,1.2892999649047852,1.2892999649047852,1.2892999649047852,1.2892999649047852,1.2892999649047852,0.0
2024-03-01 09:54:00,MBRX,0.6389999985694885,0.6389999985694885,0.6389999985694885,0.6270999908447266,0.6270999908447266,1000.0
2024-03-01 09:54:00,MCRB,1.1561000347137451,1.1561000347137451,1.159999966621399,1.1561000347137451,1.1592999696731567,3415.0
2024-03-01 09:54:00,MDGL,245.0968017578125,245.0968017578125,245.0968017578125,245.0968017578125,245.0968017578125,775.0
2024-03-01 09:54:00,MDRX,5.820000171661377,5.820000171661377,5.920000076293945,5.75,5.900000095367432,29635.0
2024-03-01 09:54:00,MDXG,8.479999542236328,8.479999542236328,8.515000343322754,8.479999542236328,8.484999656677246,9208.0
2024-03-01 09:54:00,ME,0.5493000149726868,0.5493000149726868,0.5493999719619751,0.5486999750137329,0.5490000247955322,55584.0
2024-03-01 09:54:00,MEDP,400.0,400.0,400.0,400.0,400.0,352.0
2024-03-01 09:54:00,MGNX,18.68000030517578,18.68000030517578,18.766199111938477,18.68000030517578,18.75,1641.0
2024-03-01 09:54:00,MIRM,29.549999237060547,29.549999237060547,29.549999237060547,29.520000457763672,29.520000457763672,395.0
2024-03-01 09:54:00,MIST,1.6799999475479126,1.6799999475479126,1.6990000009536743,1.6799999475479126,1.6990000009536743,1700.0
2024-03-01 09:54:00,MLTX,52.345699310302734,52.345699310302734,52.422298431396484,52.314998626708984,52.422298431396484,1126.0
2024-03-01 09:54:00,MNKD,4.360000133514404,4.360000133514404,4.379000186920166,4.360000133514404,4.375,6765.0
2024-03-01 09:54:00,MNMD,5.688499927520752,5.688499927520752,5.688499927520752,5.688499927520752,5.688499927520752,129.0
2024-03-01 09:54:00,MNPR,0.7599999904632568,0.7599999904632568,0.7599999904632568,0.7599999904632568,0.7599999904632568,150.0
2024-03-01 09:54:00,MOR,17.540000915527344,17.540000915527344,17.540000915527344,17.540000915527344,17.540000915527344,108.0
2024-03-01 09:54:00,MORF,38.03499984741211,38.03499984741211,38.03499984741211,38.005001068115234,38.00749969482422,568.0
2024-03-01 09:54:00,MREO,3.8350000381469727,3.8350000381469727,3.8350000381469727,3.8350000381469727,3.8350000381469727,200.0
2024-03-01 09:54:00,MRNA,93.91000366210938,93.91000366210938,93.93219757080078,93.54010009765625,93.6500015258789,13667.0
2024-03-01 09:54:00,MRSN,5.820000171661377,5.820000171661377,5.829999923706055,5.816299915313721,5.816299915313721,2265.0
2024-03-01 09:54:00,MRUS,49.029998779296875,49.029998779296875,49.029998779296875,49.029998779296875,49.029998779296875,231.0
2024-03-01 09:54:00,MRVI,7.71999979019165,7.71999979019165,7.71999979019165,7.670000076293945,7.670000076293945,2516.0
2024-03-01 09:54:00,MTEM,3.815000057220459,3.815000057220459,3.815000057220459,3.809999942779541,3.809999942779541,252.0
2024-03-01 09:54:00,MXCT,4.635000228881836,4.635000228881836,4.635000228881836,4.625,4.625,991.0
2024-03-01 09:54:00,MYGN,21.045000076293945,21.045000076293945,21.079999923706055,21.020000457763672,21.059999465942383,5169.0
2024-03-01 09:54:00,NARI,45.290000915527344,45.290000915527344,45.369998931884766,45.290000915527344,45.29999923706055,2649.0
2024-03-01 09:54:00,NBIX,130.93600463867188,130.93600463867188,130.97500610351562,130.8800048828125,130.97000122070312,1681.0
2024-03-01 09:54:00,NBSE,0.9049999713897705,0.9049999713897705,0.9049999713897705,0.9049999713897705,0.9049999713897705,150.0
2024-03-01 09:54:00,NDRA,1.1100000143051147,1.1100000143051147,1.1100000143051147,1.1100000143051147,1.1100000143051147,115.0
2024-03-01 09:54:00,NEOG,16.959999084472656,16.959999084472656,16.969999313354492,16.950000762939453,16.959999084472656,1104.0
2024-03-01 09:54:00,NERV,2.5999999046325684,2.5999999046325684,2.5999999046325684,2.575000047683716,2.5936999320983887,5094.0
2024-03-01 09:54:00,NEXI,6.5,6.5,6.5,6.5,6.5,411.0
2024-03-01 09:54:00,NGM,1.524999976158142,1.524999976158142,1.524999976158142,1.524999976158142,1.524999976158142,105.0
2024-03-01 09:54:00,NKTR,0.7152000069618225,0.7152000069618225,0.7152000069618225,0.7152000069618225,0.7152000069618225,1400.0
2024-03-01 09:54:00,NKTX,12.359000205993652,12.359000205993652,12.420000076293945,12.34000015258789,12.420000076293945,930.0
2024-03-01 09:54:00,NNOX,11.135000228881836,11.135000228881836,11.140000343322754,11.080699920654297,11.080699920654297,1829.0
2024-03-01 09:54:00,NOTV,7.389999866485596,7.389999866485596,7.440000057220459,7.324999809265137,7.360000133514404,7746.0
2024-03-01 09:54:00,NRBO,5.724400043487549,5.724400043487549,5.724400043487549,5.724400043487549,5.724400043487549,734.0
2024-03-01 09:54:00,NRIX,12.659000396728516,12.659000396728516,12.680000305175781,12.659000396728516,12.680000305175781,1322.0
2024-03-01 09:54:00,NRSN,1.8899999856948853,1.8899999856948853,1.8899999856948853,1.8707000017166138,1.8899999856948853,2336.0
2024-03-01 09:54:00,NTLA,32.75,32.75,32.7599983215332,32.689998626708984,32.720001220703125,5105.0
2024-03-01 09:54:00,NTRA,88.87999725341797,88.87999725341797,88.99500274658203,88.81999969482422,88.93000030517578,4774.0
2024-03-01 09:54:00,NUTX,0.1145000010728836,0.1145000010728836,0.11569999903440475,0.1145000010728836,0.11569999903440475,37701.0
2024-03-01 09:54:00,NVAX,4.809999942779541,4.809999942779541,4.815400123596191,4.798299789428711,4.798299789428711,4649.0
2024-03-01 09:54:00,NVCR,15.34000015258789,15.34000015258789,15.359999656677246,15.34000015258789,15.350000381469727,1515.0
2024-03-01 09:54:00,NVNO,6.226399898529053,6.226399898529053,6.226399898529053,6.226399898529053,6.226399898529053,592.0
2024-03-01 09:54:00,NVOS,0.6259999871253967,0.6259999871253967,0.6259999871253967,0.6259999871253967,0.6259999871253967,525.0
2024-03-01 09:54:00,OCUL,10.479999542236328,10.479999542236328,10.479999542236328,10.470000267028809,10.470000267028809,3580.0
2024-03-01 09:54:00,OFIX,13.000499725341797,13.000499725341797,13.000499725341797,13.000499725341797,13.000499725341797,405.0
2024-03-01 09:54:00,OLK,22.329999923706055,22.329999923706055,22.34000015258789,22.329999923706055,22.34000015258789,501.0
2024-03-01 09:54:00,OLMA,12.960000038146973,12.960000038146973,13.024999618530273,12.899999618530273,13.024999618530273,2397.0
2024-03-01 09:54:00,OM,3.009999990463257,3.009999990463257,3.009999990463257,3.009999990463257,3.009999990463257,766.0
2024-03-01 09:54:00,OMER,4.670000076293945,4.670000076293945,4.670000076293945,4.664999961853027,4.670000076293945,658.0
2024-03-01 09:54:00,OMGA,4.131999969482422,4.131999969482422,4.136300086975098,4.119999885559082,4.135000228881836,2311.0
2024-03-01 09:55:00,ABCL,5.079999923706055,5.079999923706055,5.08050012588501,5.079999923706055,5.0802001953125,2710.0
2024-03-01 09:55:00,ABOS,4.449999809265137,4.449999809265137,4.4633002281188965,4.449999809265137,4.4633002281188965,811.0
2024-03-01 09:55:00,ABSI,5.119999885559082,5.119999885559082,5.119999885559082,5.119999885559082,5.119999885559082,603.0
2024-03-01 09:55:00,ABUS,2.7699999809265137,2.7699999809265137,2.7699999809265137,2.7699999809265137,2.7699999809265137,553.0
2024-03-01 09:55:00,ACAD,23.5,23.5,23.5,23.489999771118164,23.5,2159.0
2024-03-01 09:55:00,ACB,3.029900074005127,3.029900074005127,3.0350000858306885,3.009999990463257,3.0350000858306885,6114.0
2024-03-01 09:55:00,ACCD,10.180000305175781,10.180000305175781,10.180000305175781,10.180000305175781,10.180000305175781,247.0
2024-03-01 09:55:00,ACET,2.359999895095825,2.359999895095825,2.359999895095825,2.359999895095825,2.359999895095825,363.0
2024-03-01 09:55:00,ACHL,1.370300054550171,1.370300054550171,1.399999976158142,1.370300054550171,1.3940000534057617,5766.0
2024-03-01 09:55:00,ACHV,4.03000020980835,4.03000020980835,4.03000020980835,3.9700000286102295,3.9700000286102295,3705.0
2024-03-01 09:55:00,ACON,0.39579999446868896,0.39579999446868896,0.39579999446868896,0.39579999446868896,0.39579999446868896,2080.0
2024-03-01 09:55:00,ACRS,1.2450000047683716,1.2450000047683716,1.25,1.2450000047683716,1.25,1010.0
2024-03-01 09:55:00,ACXP,2.950000047683716,2.950000047683716,2.950000047683716,2.950000047683716,2.950000047683716,500.0
2024-03-01 09:55:00,ADIL,3.1600000858306885,3.1600000858306885,3.1600000858306885,3.049999952316284,3.0804998874664307,138318.0
2024-03-01 09:55:00,ADMA,5.370100021362305,5.370100021362305,5.380000114440918,5.370100021362305,5.380000114440918,6583.0
2024-03-01 09:55:00,ADPT,4.025000095367432,4.025000095367432,4.03000020980835,4.025000095367432,4.03000020980835,2000.0
2024-03-01 09:55:00,ADVM,1.9800000190734863,1.9800000190734863,1.9900000095367432,1.9800000190734863,1.9900000095367432,1866.0
2024-03-01 09:55:00,AGEN,0.6809999942779541,0.6809999942779541,0.6809999942779541,0.680400013923645,0.680400013923645,52052.0
2024-03-01 09:55:00,AGIO,32.599998474121094,32.599998474121094,32.599998474121094,32.599998474121094,32.599998474121094,219.0
2024-03-01 09:55:00,AGRX,0.8364999890327454,0.8364999890327454,0.8364999890327454,0.8330000042915344,0.8330000042915344,409.0
2024-03-01 09:55:00,AHCO,10.399999618530273,10.399999618530273,10.430000305175781,10.390000343322754,10.430000305175781,1109.0
2024-03-01 09:55:00,AIMD,0.9700999855995178,0.9700999855995178,1.0,0.9700000286102295,0.9700999855995178,3351.0
2024-03-01 09:55:00,AIRS,6.510000228881836,6.510000228881836,6.510000228881836,6.510000228881836,6.510000228881836,200.0
2024-03-01 09:55:00,AKAN,0.2711000144481659,0.2711000144481659,0.273499995470047,0.2700999975204468,0.2718000113964081,1893.0
2024-03-01 09:55:00,AKBA,1.6500999927520752,1.6500999927520752,1.6505000591278076,1.6500999927520752,1.6505000591278076,4000.0
2024-03-01 09:55:00,AKLI,0.32989999651908875,0.32989999651908875,0.33000001311302185,0.32989999651908875,0.33000001311302185,1850.0
2024-03-01 09:55:00,AKRO,27.979999542236328,27.979999542236328,28.030000686645508,27.979999542236328,28.030000686645508,444.0
2024-03-01 09:55:00,ALDX,3.897900104522705,3.897900104522705,3.897900104522705,3.890000104904175,3.890000104904175,1096.0
2024-03-01 09:55:00,ALEC,7.210000038146973,7.210000038146973,7.21999979019165,7.210000038146973,7.21999979019165,2034.0
2024-03-01 09:55:00,ALGN,298.92999267578125,298.92999267578125,299.32000732421875,298.92999267578125,299.32000732421875,1636.0
2024-03-01 09:55:00,ALKS,29.979999542236328,29.979999542236328,30.079999923706055,29.979999542236328,30.079999923706055,2384.0
2024-03-01 09:55:00,ALLK,1.565000057220459,1.565000057220459,1.5750000476837158,1.565000057220459,1.5750000476837158,2810.0
2024-03-01 09:55:00,ALLO,4.954999923706055,4.954999923706055,4.954999923706055,4.951200008392334,4.954599857330322,1050.0
2024-03-01 09:55:00,ALNY,152.26499938964844,152.26499938964844,152.26499938964844,152.26499938964844,152.26499938964844,184.0
2024-03-01 09:55:00,ALPN,35.88999938964844,35.88999938964844,35.88999938964844,35.880001068115234,35.88999938964844,537.0
2024-03-01 09:55:00,ALT,11.95009994506836,11.95009994506836,12.069999694824219,11.949999809265137,12.069999694824219,35874.0
2024-03-01 09:55:00,ALVO,15.6899995803833,15.6899995803833,15.6899995803833,15.6899995803833,15.6899995803833,101.0
2024-03-01 09:55:00,AMGN,276.885009765625,276.885009765625,277.0450134277344,276.75,276.82000732421875,6412.0
2024-03-01 09:55:00,AMLX,18.950000762939453,18.950000762939453,18.950000762939453,18.90999984741211,18.90999984741211,2021.0
2024-03-01 09:55:00,AMPH,46.44960021972656,46.44960021972656,46.58000183105469,46.44960021972656,46.58000183105469,603.0
2024-03-01 09:55:00,AMRN,1.0149999856948853,1.0149999856948853,1.0269999504089355,1.0099999904632568,1.0269999504089355,29479.0
2024-03-01 09:55:00,ANGO,5.300000190734863,5.300000190734863,5.300000190734863,5.300000190734863,5.300000190734863,106.0
2024-03-01 09:55:00,ANIK,24.34000015258789,24.34000015258789,24.360000610351562,24.34000015258789,24.360000610351562,355.0
2024-03-01 09:55:00,ANIP,67.08000183105469,67.08000183105469,67.08000183105469,67.08000183105469,67.08000183105469,123.0
2024-03-01 09:55:00,ANIX,3.5799999237060547,3.5799999237060547,3.5799999237060547,3.5799999237060547,3.5799999237060547,200.0
2024-03-01 09:55:00,ANNX,5.889999866485596,5.889999866485596,5.980000019073486,5.889999866485596,5.980000019073486,5805.0
2024-03-01 09:55:00,ANTX,3.0,3.0,3.0,2.990000009536743,2.990000009536743,680.0
2024-03-01 09:55:00,APLS,62.41999816894531,62.41999816894531,62.5,62.27000045776367,62.29999923706055,4010.0
2024-03-01 09:55:00,APLT,7.480000019073486,7.480000019073486,7.5,7.46999979019165,7.482900142669678,5880.0
2024-03-01 09:55:00,APVO,0.17000000178813934,0.17000000178813934,0.17000000178813934,0.17000000178813934,0.17000000178813934,5128.0
2024-03-01 09:55:00,AQST,4.047999858856201,4.047999858856201,4.050000190734863,4.04010009765625,4.0493998527526855,28929.0
2024-03-01 09:55:00,ARAY,2.5799999237060547,2.5799999237060547,2.5799999237060547,2.5799999237060547,2.5799999237060547,692.0
2024-03-01 09:55:00,ARCT,40.04999923706055,40.04999923706055,40.04999923706055,39.849998474121094,39.849998474121094,9657.0
2024-03-01 09:55:00,ARDX,9.614999771118164,9.614999771118164,9.625,9.609999656677246,9.619999885559082,2242.0
2024-03-01 09:55:00,ARGX,382.489990234375,382.489990234375,382.489990234375,382.06500244140625,382.17999267578125,1226.0
2024-03-01 09:55:00,ARQT,10.8100004196167,10.8100004196167,10.850000381469727,10.789999961853027,10.819999694824219,29876.0
2024-03-01 09:55:00,ARVN,49.16999816894531,49.16999816894531,49.16999816894531,48.93000030517578,49.0099983215332,2182.0
2024-03-01 09:55:00,ARWR,34.130001068115234,34.130001068115234,34.130001068115234,33.85169982910156,33.85169982910156,8698.0
2024-03-01 09:55:00,ASLN,0.8798999786376953,0.8798999786376953,0.8798999786376953,0.8798999786376953,0.8798999786376953,105.0
2024-03-01 09:55:00,ASND,148.97999572753906,148.97999572753906,148.97999572753906,148.97999572753906,148.97999572753906,139.0
2024-03-01 09:55:00,ATAI,1.9500000476837158,1.9500000476837158,1.9500000476837158,1.9500000476837158,1.9500000476837158,106.0
2024-03-01 09:55:00,ATEC,13.204999923706055,13.204999923706055,13.220000267028809,13.1899995803833,13.1899995803833,3260.0
2024-03-01 09:55:00,ATOS,1.000100016593933,1.000100016593933,1.000100016593933,0.9997000098228455,0.9998999834060669,2650.0
2024-03-01 09:55:00,ATRA,0.7649999856948853,0.7649999856948853,0.7710000276565552,0.7649999856948853,0.7710000276565552,2234.0
2024-03-01 09:55:00,ATRC,34.994998931884766,34.994998931884766,34.994998931884766,34.994998931884766,34.994998931884766,245.0
2024-03-01 09:55:00,ATXI,0.1534000039100647,0.1534000039100647,0.1534000039100647,0.1534000039100647,0.1534000039100647,213.0
2024-03-01 09:55:00,ATXS,14.454999923706055,14.454999923706055,14.520000457763672,14.404999732971191,14.404999732971191,15400.0
2024-03-01 09:55:00,AUGX,4.514999866485596,4.514999866485596,4.514999866485596,4.514999866485596,4.514999866485596,299.0
2024-03-01 09:55:00,AUPH,5.699999809265137,5.699999809265137,5.710000038146973,5.699999809265137,5.710000038146973,1303.0
2024-03-01 09:55:00,AURA,9.135000228881836,9.135000228881836,9.135000228881836,9.135000228881836,9.135000228881836,115.0
2024-03-01 09:55:00,AUTL,6.144999980926514,6.144999980926514,6.150000095367432,6.099999904632568,6.099999904632568,13692.0
2024-03-01 09:55:00,AVDL,12.819999694824219,12.819999694824219,12.819999694824219,12.699999809265137,12.819999694824219,4659.0
2024-03-01 09:55:00,AVTE,22.5,22.5,22.729999542236328,22.5,22.729999542236328,501.0
2024-03-01 09:55:00,AVXL,5.195000171661377,5.195000171661377,5.204999923706055,5.195000171661377,5.204999923706055,2743.0
2024-03-01 09:55:00,AXNX,67.4000015258789,67.4000015258789,67.41500091552734,67.4000015258789,67.4000015258789,824.0
2024-03-01 09:55:00,AXSM,82.71499633789062,82.71499633789062,82.71499633789062,82.55370330810547,82.55370330810547,643.0
2024-03-01 09:55:00,AZN,64.10009765625,64.10009765625,64.13999938964844,64.08999633789062,64.13500213623047,8061.0
2024-03-01 09:55:00,BBIO,34.9900016784668,34.9900016784668,34.9900016784668,34.88999938964844,34.88999938964844,867.0
2024-03-01 09:55:00,BBLG,2.5,2.5,2.5,2.5,2.5,228.0
2024-03-01 09:55:00,BCEL,0.26980000734329224,0.26980000734329224,0.26980000734329224,0.26739999651908875,0.26739999651908875,340.0
2024-03-01 09:55:00,BCRX,5.664999961853027,5.664999961853027,5.664999961853027,5.664999961853027,5.664999961853027,135.0
2024-03-01 09:55:00,BDTX,5.28000020980835,5.28000020980835,5.28000020980835,5.269999980926514,5.269999980926514,407.0
2024-03-01 09:55:00,BEAM,39.689998626708984,39.689998626708984,39.77000045776367,39.665000915527344,39.66999816894531,6060.0
2024-03-01 09:55:00,BFRI,0.824999988079071,0.824999988079071,0.824999988079071,0.824999988079071,0.824999988079071,125.0
2024-03-01 09:55:00,BGNE,162.3350067138672,162.3350067138672,162.3350067138672,162.3350067138672,162.3350067138672,113.0
2024-03-01 09:55:00,BIIB,218.38900756835938,218.38900756835938,218.41000366210938,218.38900756835938,218.39999389648438,945.0
2024-03-01 09:55:00,BIOL,0.1396999955177307,0.1396999955177307,0.13979999721050262,0.1396999955177307,0.13979999721050262,14200.0
2024-03-01 09:55:00,BIOR,1.2568999528884888,1.2568999528884888,1.2742999792099,1.2568999528884888,1.2742999792099,5688.0
2024-03-01 09:55:00,BIVI,2.7899999618530273,2.7899999618530273,2.950000047683716,2.759999990463257,2.8701000213623047,668803.0
2024-03-01 09:55:00,BLFS,17.239999771118164,17.239999771118164,17.280000686645508,17.239999771118164,17.260000228881836,4361.0
2024-03-01 09:55:00,BLRX,1.3799999952316284,1.3799999952316284,1.3799999952316284,1.3799999952316284,1.3799999952316284,4678.0
2024-03-01 09:55:00,BLUE,1.5700000524520874,1.5700000524520874,1.5800000429153442,1.565000057220459,1.5699000358581543,48196.0
2024-03-01 09:55:00,BMEA,17.759899139404297,17.759899139404297,17.759899139404297,17.739999771118164,17.739999771118164,949.0
2024-03-01 09:55:00,BMRN,86.06999969482422,86.06999969482422,86.08999633789062,86.06999969482422,86.08999633789062,883.0
2024-03-01 09:55:00,BNGO,1.2390999794006348,1.2390999794006348,1.2390999794006348,1.2300000190734863,1.2300000190734863,2300.0
2024-03-01 09:55:00,BNR,0.871999979019165,0.871999979019165,0.871999979019165,0.871999979019165,0.871999979019165,200.0
2024-03-01 09:55:00,BNTC,5.0,5.0,5.0,4.989999771118164,4.989999771118164,767.0
2024-03-01 09:55:00,BNTX,90.29000091552734,90.29000091552734,90.29000091552734,90.28890228271484,90.28890228271484,560.0
2024-03-01 09:55:00,BPMC,96.5,96.5,96.5,96.5,96.5,242.0
2024-03-01 09:55:00,BRKR,86.55000305175781,86.55000305175781,86.66000366210938,86.55000305175781,86.62000274658203,2907.0
2024-03-01 09:55:00,BTAI,3.1700000762939453,3.1700000762939453,3.1709001064300537,3.1700000762939453,3.1709001064300537,4612.0
2024-03-01 09:55:00,BTCY,0.949999988079071,0.949999988079071,0.949999988079071,0.949999988079071,0.949999988079071,366.0
2024-03-01 09:55:00,BVS,4.619999885559082,4.619999885559082,4.619999885559082,4.619999885559082,4.619999885559082,139.0
2024-03-01 09:55:00,CABA,24.401500701904297,24.401500701904297,24.43000030517578,24.401500701904297,24.43000030517578,721.0
2024-03-01 09:55:00,CAPR,4.630000114440918,4.630000114440918,4.630000114440918,4.599999904632568,4.630000114440918,1249.0
2024-03-01 09:55:00,CARA,0.8600000143051147,0.8600000143051147,0.8600000143051147,0.8593000173568726,0.8593000173568726,987.0
2024-03-01 09:55:00,CBAY,32.21500015258789,32.21500015258789,32.220001220703125,32.209999084472656,32.21500015258789,3175.0
2024-03-01 09:55:00,CCCC,10.899999618530273,10.899999618530273,10.960000038146973,10.899999618530273,10.960000038146973,2684.0
2024-03-01 09:55:00,CCRN,18.030000686645508,18.030000686645508,18.059999465942383,18.030000686645508,18.059999465942383,998.0
2024-03-01 09:55:00,CDMO,7.815000057220459,7.815000057220459,7.815000057220459,7.815000057220459,7.815000057220459,545.0
2024-03-01 09:55:00,CDNA,11.65999984741211,11.65999984741211,11.65999984741211,11.609999656677246,11.649999618530273,4851.0
2024-03-01 09:55:00,CDXS,4.289999961853027,4.289999961853027,4.321199893951416,4.289999961853027,4.321199893951416,3238.0
2024-03-01 09:55:00,CELU,3.7300000190734863,3.7300000190734863,3.7300000190734863,3.7300000190734863,3.7300000190734863,322.0
2024-03-01 09:55:00,CERE,41.09000015258789,41.09000015258789,41.119998931884766,41.09000015258789,41.1150016784668,3073.0
2024-03-01 09:55:00,CERS,2.174999952316284,2.174999952316284,2.174999952316284,2.174999952316284,2.174999952316284,160.0
2024-03-01 09:55:00,CERT,17.399999618530273,17.399999618530273,17.399999618530273,17.34000015258789,17.34000015258789,913.0
2024-03-01 09:55:00,CGC,3.2112998962402344,3.2112998962402344,3.2149999141693115,3.2100000381469727,3.2149999141693115,3431.0
2024-03-01 09:55:00,CGEM,18.860000610351562,18.860000610351562,18.860000610351562,18.860000610351562,18.860000610351562,106.0
2024-03-01 09:55:00,CHRS,2.319999933242798,2.319999933242798,2.319999933242798,2.315000057220459,2.319999933242798,10715.0
2024-03-01 09:55:00,CING,1.2799999713897705,1.2799999713897705,1.2949999570846558,1.2799999713897705,1.2949999570846558,230.0
2024-03-01 09:55:00,CJJD,2.8513998985290527,2.8513998985290527,2.8513998985290527,2.809999942779541,2.809999942779541,615.0
2024-03-01 09:55:00,CKPT,2.139899969100952,2.139899969100952,2.140000104904175,2.139899969100952,2.140000104904175,829.0
2024-03-01 09:55:00,CLDX,51.13999938964844,51.13999938964844,51.22999954223633,51.130001068115234,51.130001068115234,2568.0
2024-03-01 09:55:00,CLNN,0.38999998569488525,0.38999998569488525,0.38999998569488525,0.38749998807907104,0.38749998807907104,615.0
2024-03-01 09:55:00,CLOV,0.8525000214576721,0.8525000214576721,0.8525000214576721,0.8521999716758728,0.852400004863739,11705.0
2024-03-01 09:55:00,CMPS,10.589900016784668,10.589900016784668,10.59000015258789,10.550000190734863,10.550000190734863,543.0
2024-03-01 09:55:00,CMPX,1.7899999618530273,1.7899999618530273,1.7899999618530273,1.7899999618530273,1.7899999618530273,0.0
2024-03-01 09:55:00,CMRX,1.1299999952316284,1.1299999952316284,1.1299999952316284,1.1299999952316284,1.1299999952316284,308.0
2024-03-01 09:55:00,CNTA,10.359999656677246,10.359999656677246,10.460000038146973,10.359999656677246,10.460000038146973,705.0
2024-03-01 09:55:00,COGT,7.264999866485596,7.264999866485596,7.28000020980835,7.260000228881836,7.28000020980835,859.0
2024-03-01 09:55:00,COLL,37.380001068115234,37.380001068115234,37.380001068115234,37.349998474121094,37.349998474121094,696.0
2024-03-01 09:55:00,CORT,23.15999984741211,23.15999984741211,23.15999984741211,23.15999984741211,23.15999984741211,101.0
2024-03-01 09:55:00,CPRX,16.825000762939453,16.825000762939453,16.829999923706055,16.790000915527344,16.81999969482422,6711.0
2024-03-01 09:55:00,CRBP,32.18000030517578,32.18000030517578,32.18000030517578,32.18000030517578,32.18000030517578,2383.0
2024-03-01 09:55:00,CRBU,8.079999923706055,8.079999923706055,8.100000381469727,8.079999923706055,8.095000267028809,3792.0
2024-03-01 09:55:00,CRDF,2.641700029373169,2.641700029373169,2.700000047683716,2.5399999618530273,2.5464000701904297,385319.0
2024-03-01 09:55:00,CRDL,2.049999952316284,2.049999952316284,2.049999952316284,2.049999952316284,2.049999952316284,147.0
2024-03-01 09:55:00,CRMD,3.5999999046325684,3.5999999046325684,3.609999895095825,3.5999999046325684,3.609999895095825,1209.0
2024-03-01 09:55:00,CRNX,45.09000015258789,45.09000015258789,45.099998474121094,44.91999816894531,45.09000015258789,1076.0
2024-03-01 09:55:00,CRSP,85.09500122070312,85.09500122070312,85.09500122070312,84.95999908447266,84.95999908447266,675.0
2024-03-01 09:55:00,CRVS,2.180000066757202,2.180000066757202,2.1826999187469482,2.180000066757202,2.1826999187469482,497.0
2024-03-01 09:55:00,CSTL,19.239999771118164,19.239999771118164,19.3700008392334,19.239999771118164,19.309999465942383,2093.0
2024-03-01 09:55:00,CTKB,7.820000171661377,7.820000171661377,7.829999923706055,7.820000171661377,7.829999923706055,931.0
2024-03-01 09:55:00,CUTR,2.2699999809265137,2.2699999809265137,2.2699999809265137,2.2699999809265137,2.2699999809265137,100.0
2024-03-01 09:55:00,CVAC,3.4149999618530273,3.4149999618530273,3.4149999618530273,3.4149999618530273,3.4149999618530273,0.0
2024-03-01 09:55:00,CYTK,74.30999755859375,74.30999755859375,74.30999755859375,74.30999755859375,74.30999755859375,930.0
2024-03-01 09:55:00,DAWN,17.075000762939453,17.075000762939453,17.075000762939453,17.075000762939453,17.075000762939453,355.0
2024-03-01 09:55:00,DCGO,4.059999942779541,4.059999942779541,4.059999942779541,4.045000076293945,4.050000190734863,5359.0
2024-03-01 09:55:00,DCPH,17.0049991607666,17.0049991607666,17.0049991607666,17.0049991607666,17.0049991607666,166.0
2024-03-01 09:55:00,DCTH,4.199999809265137,4.199999809265137,4.199999809265137,4.199999809265137,4.199999809265137,100.0
2024-03-01 09:55:00,DMTK,0.8999999761581421,0.8999999761581421,0.9398999810218811,0.8899999856948853,0.9398999810218811,3949.0
2024-03-01 09:55:00,DNLI,20.600000381469727,20.600000381469727,20.6200008392334,20.56999969482422,20.610000610351562,1690.0
2024-03-01 09:55:00,DTIL,12.880000114440918,12.880000114440918,12.944999694824219,12.843999862670898,12.944999694824219,4411.0
2024-03-01 09:55:00,DVAX,12.8100004196167,12.8100004196167,12.8100004196167,12.781999588012695,12.800000190734863,1946.0
2024-03-01 09:55:00,DXCM,115.80999755859375,115.80999755859375,116.08000183105469,115.80999755859375,116.08000183105469,7325.0
2024-03-01 09:55:00,DYN,29.0,29.0,29.989999771118164,28.959999084472656,29.899999618530273,22427.0
2024-03-01 09:55:00,EDIT,10.520000457763672,10.520000457763672,10.520000457763672,10.494999885559082,10.508999824523926,1882.0
2024-03-01 09:55:00,EGRX,6.210000038146973,6.210000038146973,6.260000228881836,6.210000038146973,6.260000228881836,1929.0
2024-03-01 09:55:00,ELEV,4.980000019073486,4.980000019073486,4.989999771118164,4.909999847412109,4.909999847412109,4641.0
2024-03-01 09:55:00,EMBC,14.210000038146973,14.210000038146973,14.279999732971191,14.210000038146973,14.279999732971191,463.0
2024-03-01 09:55:00,ENVB,1.5800000429153442,1.5800000429153442,1.5800000429153442,1.5549999475479126,1.5700000524520874,7657.0
2024-03-01 09:55:00,EOLS,14.869999885559082,14.869999885559082,14.875,14.869999885559082,14.875,499.0
2024-03-01 09:55:00,ESPR,2.5350000858306885,2.5350000858306885,2.549999952316284,2.5350000858306885,2.549999952316284,4244.0
2024-03-01 09:55:00,ETNB,12.40999984741211,12.40999984741211,12.40999984741211,12.355400085449219,12.359999656677246,5410.0
2024-03-01 09:55:00,EVAX,3.619999885559082,3.619999885559082,3.619999885559082,3.619999885559082,3.619999885559082,0.0
2024-03-01 09:55:00,EVOK,0.6075999736785889,0.6075999736785889,0.6445000171661377,0.6075999736785889,0.6445000171661377,6785.0
2024-03-01 09:55:00,EWTX,16.229999542236328,16.229999542236328,16.229999542236328,16.209999084472656,16.209999084472656,766.0
2024-03-01 09:55:00,EXAI,6.775000095367432,6.775000095367432,6.775000095367432,6.775000095367432,6.775000095367432,360.0
2024-03-01 09:55:00,EXAS,58.20000076293945,58.20000076293945,58.310001373291016,58.11000061035156,58.130001068115234,8704.0
2024-03-01 09:55:00,EXEL,22.364999771118164,22.364999771118164,22.375,22.364999771118164,22.3700008392334,991.0
2024-03-01 09:55:00,EYEN,2.119999885559082,2.119999885559082,2.130000114440918,2.119999885559082,2.130000114440918,10184.0
2024-03-01 09:55:00,EYPT,28.040000915527344,28.040000915527344,28.11989974975586,28.040000915527344,28.11989974975586,4516.0
2024-03-01 09:55:00,FATE,7.429999828338623,7.429999828338623,7.460000038146973,7.429999828338623,7.449999809265137,5373.0
2024-03-01 09:55:00,FDMT,29.440000534057617,29.440000534057617,29.440000534057617,29.440000534057617,29.440000534057617,520.0
2024-03-01 09:55:00,FEMY,1.7350000143051147,1.7350000143051147,1.7350000143051147,1.7303999662399292,1.7303999662399292,999.0
2024-03-01 09:55:00,FGEN,1.7450000047683716,1.7450000047683716,1.7450000047683716,1.7450000047683716,1.7450000047683716,194.0
2024-03-01 09:55:00,FLGT,22.690000534057617,22.690000534057617,22.780000686645508,22.690000534057617,22.770000457763672,897.0
2024-03-01 09:55:00,FOLD,13.385000228881836,13.385000228881836,13.395000457763672,13.385000228881836,13.395000457763672,1945.0
2024-03-01 09:55:00,FULC,10.399999618530273,10.399999618530273,10.399999618530273,10.399999618530273,10.399999618530273,154.0
2024-03-01 09:55:00,GDRX,8.359999656677246,8.359999656677246,8.390000343322754,8.319999694824219,8.339699745178223,21550.0
2024-03-01 09:55:00,GERN,2.0899999141693115,2.0899999141693115,2.0899999141693115,2.0820000171661377,2.0899999141693115,3049.0
2024-03-01 09:55:00,GH,19.03499984741211,19.03499984741211,19.079999923706055,19.03499984741211,19.05500030517578,903.0
2024-03-01 09:55:00,GILD,72.48999786376953,72.48999786376953,72.52999877929688,72.4800033569336,72.50499725341797,6702.0
2024-03-01 09:55:00,GLPG,34.970001220703125,34.970001220703125,34.970001220703125,34.970001220703125,34.970001220703125,54.0
2024-03-01 09:55:00,GLYC,2.9200000762939453,2.9200000762939453,2.9200000762939453,2.9200000762939453,2.9200000762939453,0.0
2024-03-01 09:55:00,GMDA,0.375900000333786,0.375900000333786,0.375900000333786,0.375900000333786,0.375900000333786,0.0
2024-03-01 09:55:00,GOSS,1.3700000047683716,1.3700000047683716,1.3796000480651855,1.3700000047683716,1.3700000047683716,4114.0
2024-03-01 09:55:00,GRFS,6.684999942779541,6.684999942779541,6.699999809265137,6.650000095367432,6.659999847412109,11600.0
2024-03-01 09:55:00,GRPH,3.4700000286102295,3.4700000286102295,3.494999885559082,3.4700000286102295,3.4700000286102295,312.0
2024-03-01 09:55:00,GRTS,1.958799958229065,1.958799958229065,1.9600000381469727,1.9249999523162842,1.9249999523162842,17851.0
2024-03-01 09:55:00,GTHX,3.387500047683716,3.387500047683716,3.390000104904175,3.380000114440918,3.390000104904175,1583.0
2024-03-01 09:55:00,HALO,40.83000183105469,40.83000183105469,40.87990188598633,40.78030014038086,40.810001373291016,2439.0
2024-03-01 09:55:00,HARP,22.950000762939453,22.950000762939453,22.950000762939453,22.940000534057617,22.940000534057617,10487.0
2024-03-01 09:55:00,HCAT,8.100000381469727,8.100000381469727,8.100000381469727,8.069999694824219,8.069999694824219,573.0
2024-03-01 09:55:00,HCTI,2.2799999713897705,2.2799999713897705,2.4000000953674316,2.2799999713897705,2.4000000953674316,7687.0
2024-03-01 09:55:00,HLVX,18.415000915527344,18.415000915527344,18.415000915527344,18.415000915527344,18.415000915527344,101.0
2024-03-01 09:55:00,HOLX,73.5999984741211,73.5999984741211,73.6500015258789,73.5999984741211,73.6500015258789,1043.0
2024-03-01 09:55:00,HQY,82.02999877929688,82.02999877929688,82.02999877929688,81.82499694824219,81.83499908447266,656.0
2024-03-01 09:55:00,HRMY,31.11009979248047,31.11009979248047,31.399999618530273,31.11009979248047,31.3799991607666,4525.0
2024-03-01 09:55:00,HRTX,2.5799999237060547,2.5799999237060547,2.5799999237060547,2.572000026702881,2.575000047683716,2348.0
2024-03-01 09:55:00,HSIC,77.31500244140625,77.31500244140625,77.62999725341797,77.31500244140625,77.58000183105469,928.0
2024-03-01 09:55:00,HUMA,3.069999933242798,3.069999933242798,3.0799999237060547,3.065000057220459,3.065000057220459,8322.0
2024-03-01 09:55:00,HYPR,1.19159996509552,1.19159996509552,1.19159996509552,1.1642999649047852,1.1642999649047852,238.0
2024-03-01 09:55:00,IART,36.63999938964844,36.63999938964844,36.79999923706055,36.599998474121094,36.79999923706055,3329.0
2024-03-01 09:55:00,IBRX,4.894999980926514,4.894999980926514,4.899899959564209,4.885000228881836,4.899899959564209,3439.0
2024-03-01 09:55:00,ICLR,320.8500061035156,320.8500061035156,321.6549987792969,320.8500061035156,321.6549987792969,1300.0
2024-03-01 09:55:00,ICUI,104.5999984741211,104.5999984741211,104.6875,104.34500122070312,104.34500122070312,3084.0
2024-03-01 09:55:00,IDXX,567.3400268554688,567.3400268554688,568.5150146484375,567.1900024414062,568.280029296875,1757.0
2024-03-01 09:55:00,IDYA,45.86000061035156,45.86000061035156,45.8650016784668,45.810001373291016,45.84000015258789,1158.0
2024-03-01 09:55:00,IGMS,13.020000457763672,13.020000457763672,13.020000457763672,12.979999542236328,13.0,663.0
2024-03-01 09:55:00,IINN,1.6699999570846558,1.6699999570846558,1.6799999475479126,1.6624000072479248,1.6799999475479126,6395.0
2024-03-01 09:55:00,ILMN,137.2100067138672,137.2100067138672,137.3000030517578,137.17999267578125,137.3000030517578,1389.0
2024-03-01 09:55:00,IMAB,1.8700000047683716,1.8700000047683716,1.8700000047683716,1.8700000047683716,1.8700000047683716,206.0
2024-03-01 09:55:00,IMCR,68.22000122070312,68.22000122070312,68.375,68.22000122070312,68.375,419.0
2024-03-01 09:55:00,IMNM,24.850000381469727,24.850000381469727,24.850000381469727,24.850000381469727,24.850000381469727,250.0
2024-03-01 09:55:00,IMNN,1.1200000047683716,1.1200000047683716,1.1200000047683716,1.1200000047683716,1.1200000047683716,2414.0
2024-03-01 09:55:00,IMTX,12.854999542236328,12.854999542236328,12.854999542236328,12.854999542236328,12.854999542236328,109.0
2024-03-01 09:55:00,IMUX,1.5149999856948853,1.5149999856948853,1.5149999856948853,1.5099999904632568,1.51010000705719,959.0
2024-03-01 09:55:00,IMVT,36.84000015258789,36.84000015258789,36.84000015258789,36.79999923706055,36.79999923706055,678.0
2024-03-01 09:55:00,INCY,59.0,59.0,59.040000915527344,58.959999084472656,59.01499938964844,1259.0
2024-03-01 09:55:00,INDP,2.0299999713897705,2.0299999713897705,2.119999885559082,2.0199999809265137,2.119999885559082,1628.0
2024-03-01 09:55:00,INGN,6.710000038146973,6.710000038146973,6.739999771118164,6.710000038146973,6.730000019073486,719.0
2024-03-01 09:55:00,INMD,22.219999313354492,22.219999313354492,22.229999542236328,22.219999313354492,22.225000381469727,3794.0
2024-03-01 09:55:00,INSM,28.1299991607666,28.1299991607666,28.235000610351562,28.1200008392334,28.139999389648438,5946.0
2024-03-01 09:55:00,INVA,15.600000381469727,15.600000381469727,15.640000343322754,15.600000381469727,15.630000114440918,1612.0
2024-03-01 09:55:00,INZY,6.409999847412109,6.409999847412109,6.440000057220459,6.409999847412109,6.440000057220459,831.0
2024-03-01 09:55:00,IONS,45.21500015258789,45.21500015258789,45.2400016784668,45.18000030517578,45.18000030517578,474.0
2024-03-01 09:55:00,IOVA,16.854999542236328,16.854999542236328,16.899999618530273,16.840999603271484,16.844999313354492,31939.0
2024-03-01 09:55:00,IRTC,117.5999984741211,117.5999984741211,117.5999984741211,117.5999984741211,117.5999984741211,417.0
2024-03-01 09:55:00,IRWD,8.949999809265137,8.949999809265137,8.949999809265137,8.899999618530273,8.90999984741211,16825.0
2024-03-01 09:55:00,ISRG,386.3900146484375,386.3900146484375,386.44000244140625,386.3900146484375,386.44000244140625,743.0
2024-03-01 09:55:00,ITCI,71.33499908447266,71.33499908447266,71.38500213623047,71.33000183105469,71.38500213623047,659.0
2024-03-01 09:55:00,ITOS,10.720000267028809,10.720000267028809,10.720000267028809,10.710000038146973,10.710000038146973,236.0
2024-03-01 09:55:00,IVVD,3.944999933242798,3.944999933242798,3.944999933242798,3.9412999153137207,3.9412999153137207,822.0
2024-03-01 09:55:00,IXHL,5.098700046539307,5.098700046539307,5.098700046539307,5.098700046539307,5.098700046539307,252.0
2024-03-01 09:55:00,JAGX,0.06939999759197235,0.06939999759197235,0.06949999928474426,0.0632999986410141,0.0632999986410141,816128.0
2024-03-01 09:55:00,JANX,48.45000076293945,48.45000076293945,48.5,47.900001525878906,48.08000183105469,6732.0
2024-03-01 09:55:00,JAZZ,121.87000274658203,121.87000274658203,121.87000274658203,121.76000213623047,121.80999755859375,1753.0
2024-03-01 09:55:00,JYNT,9.920000076293945,9.920000076293945,9.920000076293945,9.920000076293945,9.920000076293945,101.0
2024-03-01 09:55:00,KALV,13.989999771118164,13.989999771118164,14.029999732971191,13.989999771118164,14.029999732971191,498.0
2024-03-01 09:55:00,KNSA,21.424999237060547,21.424999237060547,21.424999237060547,21.424999237060547,21.424999237060547,697.0
2024-03-01 09:55:00,KOD,6.1194000244140625,6.1194000244140625,6.130000114440918,6.110000133514404,6.130000114440918,1319.0
2024-03-01 09:55:00,KPTI,1.1399999856948853,1.1399999856948853,1.1549999713897705,1.1399999856948853,1.1549999713897705,3363.0
2024-03-01 09:55:00,KROS,69.01000213623047,69.01000213623047,69.17669677734375,68.875,69.17669677734375,1982.0
2024-03-01 09:55:00,KRTX,316.0,316.0,316.0,315.8999938964844,316.0,3792.0
2024-03-01 09:55:00,KRYS,165.27000427246094,165.27000427246094,165.27000427246094,165.27000427246094,165.27000427246094,365.0
2024-03-01 09:55:00,KTRA,0.10130000114440918,0.10130000114440918,0.10289999842643738,0.1005999967455864,0.10209999978542328,42808.0
2024-03-01 09:55:00,KURA,21.290000915527344,21.290000915527344,21.350000381469727,21.290000915527344,21.350000381469727,419.0
2024-03-01 09:55:00,KYMR,43.66999816894531,43.66999816894531,43.755001068115234,43.599998474121094,43.75,1086.0
2024-03-01 09:55:00,KZR,1.0801000595092773,1.0801000595092773,1.090000033378601,1.0801000595092773,1.0893000364303589,2500.0
2024-03-01 09:55:00,LAB,2.2750000953674316,2.2750000953674316,2.2799999713897705,2.2750000953674316,2.2750000953674316,1413.0
2024-03-01 09:55:00,LBPH,22.549999237060547,22.549999237060547,22.709999084472656,22.3799991607666,22.59000015258789,2048.0
2024-03-01 09:55:00,LEXX,2.639899969100952,2.639899969100952,2.639899969100952,2.5199999809265137,2.559999942779541,12678.0
2024-03-01 09:55:00,LFST,7.980000019073486,7.980000019073486,8.005000114440918,7.980000019073486,8.0,2084.0
2024-03-01 09:55:00,LIVN,54.40999984741211,54.40999984741211,54.45500183105469,54.40999984741211,54.45500183105469,347.0
2024-03-01 09:55:00,LMAT,69.71099853515625,69.71099853515625,69.71099853515625,69.71099853515625,69.71099853515625,166.0
2024-03-01 09:55:00,LPTX,2.869999885559082,2.869999885559082,2.869999885559082,2.869999885559082,2.869999885559082,173.0
2024-03-01 09:55:00,LQDA,14.28499984741211,14.28499984741211,14.319999694824219,14.28499984741211,14.319999694824219,838.0
2024-03-01 09:55:00,LRMR,11.70479965209961,11.70479965209961,11.70479965209961,11.680000305175781,11.680000305175781,452.0
2024-03-01 09:55:00,LTRN,4.775000095367432,4.775000095367432,4.776800155639648,4.775000095367432,4.776800155639648,680.0
2024-03-01 09:55:00,LUCD,1.2100000381469727,1.2100000381469727,1.2100000381469727,1.2100000381469727,1.2100000381469727,810.0
2024-03-01 09:55:00,LUNG,9.28499984741211,9.28499984741211,9.28499984741211,9.28499984741211,9.28499984741211,352.0
2024-03-01 09:55:00,LVTX,2.940000057220459,2.940000057220459,2.950000047683716,2.8299999237060547,2.8399999141693115,20857.0
2024-03-01 09:55:00,LXRX,2.430000066757202,2.430000066757202,2.430000066757202,2.4200000762939453,2.424999952316284,2750.0
2024-03-01 09:55:00,LYEL,3.0350000858306885,3.0350000858306885,3.0450000762939453,3.0350000858306885,3.0450000762939453,806.0
2024-03-01 09:55:00,MASI,127.8499984741211,127.8499984741211,127.98999786376953,127.8499984741211,127.98500061035156,2953.0
2024-03-01 09:55:00,MASS,7.065000057220459,7.065000057220459,7.065000057220459,7.039999961853027,7.039999961853027,735.0
2024-03-01 09:55:00,MBOT,1.2699999809265137,1.2699999809265137,1.2699999809265137,1.2699999809265137,1.2699999809265137,75.0
2024-03-01 09:55:00,MCRB,1.1509000062942505,1.1509000062942505,1.159999966621399,1.1509000062942505,1.159999966621399,8173.0
2024-03-01 09:55:00,MDGL,244.42999267578125,244.42999267578125,244.90499877929688,243.3000030517578,244.32000732421875,9517.0
2024-03-01 09:55:00,MDRX,5.920000076293945,5.920000076293945,5.920000076293945,5.75,5.920000076293945,17323.0
2024-03-01 09:55:00,MDXG,8.479999542236328,8.479999542236328,8.479999542236328,8.479999542236328,8.479999542236328,373.0
2024-03-01 09:55:00,ME,0.5493999719619751,0.5493999719619751,0.5493999719619751,0.5491999983787537,0.5493999719619751,737.0
2024-03-01 09:55:00,MGNX,18.47949981689453,18.47949981689453,18.63010025024414,18.450000762939453,18.63010025024414,10657.0
2024-03-01 09:55:00,MIRM,29.604999542236328,29.604999542236328,29.604999542236328,29.469999313354492,29.520000457763672,2042.0
2024-03-01 09:55:00,MLTX,52.32640075683594,52.32640075683594,52.32640075683594,52.32640075683594,52.32640075683594,559.0
2024-03-01 09:55:00,MNKD,4.360000133514404,4.360000133514404,4.366000175476074,4.355000019073486,4.364999771118164,3673.0
2024-03-01 09:55:00,MNMD,5.659999847412109,5.659999847412109,5.675000190734863,5.6596999168396,5.675000190734863,4304.0
2024-03-01 09:55:00,MNPR,0.7599999904632568,0.7599999904632568,0.7599999904632568,0.7599999904632568,0.7599999904632568,450.0
2024-03-01 09:55:00,MOR,17.540000915527344,17.540000915527344,17.545000076293945,17.540000915527344,17.545000076293945,730.0
2024-03-01 09:55:00,MORF,38.060001373291016,38.060001373291016,38.08000183105469,38.04249954223633,38.04249954223633,511.0
2024-03-01 09:55:00,MREO,3.83270001411438,3.83270001411438,3.8350000381469727,3.83270001411438,3.8350000381469727,882.0
2024-03-01 09:55:00,MRNA,93.70999908447266,93.70999908447266,93.9552993774414,93.66000366210938,93.87999725341797,18743.0
2024-03-01 09:55:00,MRNS,9.65999984741211,9.65999984741211,9.699999809265137,9.65999984741211,9.699999809265137,674.0
2024-03-01 09:55:00,MRSN,5.769999980926514,5.769999980926514,5.795000076293945,5.769999980926514,5.789999961853027,1111.0
2024-03-01 09:55:00,MRUS,49.040000915527344,49.040000915527344,49.040000915527344,49.005001068115234,49.0099983215332,660.0
2024-03-01 09:55:00,MRVI,7.715000152587891,7.715000152587891,7.744999885559082,7.715000152587891,7.730000019073486,707.0
2024-03-01 09:55:00,NARI,45.290000915527344,45.290000915527344,45.29999923706055,45.04999923706055,45.2599983215332,4951.0
2024-03-01 09:55:00,NBIX,130.7100067138672,130.7100067138672,130.875,130.7100067138672,130.875,818.0
2024-03-01 09:55:00,NEO,15.654999732971191,15.654999732971191,15.680000305175781,15.654999732971191,15.680000305175781,570.0
2024-03-01 09:55:00,NEOG,16.924999237060547,16.924999237060547,16.96500015258789,16.924999237060547,16.959999084472656,2151.0
2024-03-01 09:55:00,NEXI,6.690000057220459,6.690000057220459,6.690000057220459,6.690000057220459,6.690000057220459,109.0
2024-03-01 09:55:00,NGM,1.5204999446868896,1.5204999446868896,1.5204999446868896,1.5204999446868896,1.5204999446868896,632.0
2024-03-01 09:55:00,NKTR,0.7160000205039978,0.7160000205039978,0.7160000205039978,0.7150999903678894,0.7150999903678894,0.0
2024-03-01 09:55:00,NKTX,12.3100004196167,12.3100004196167,12.31779956817627,12.3100004196167,12.31779956817627,692.0
2024-03-01 09:55:00,NNOX,11.15999984741211,11.15999984741211,11.170000076293945,11.140000343322754,11.140000343322754,3503.0
2024-03-01 09:55:00,NOTV,7.380000114440918,7.380000114440918,7.394999980926514,7.380000114440918,7.394999980926514,2240.0
2024-03-01 09:55:00,NRSN,1.899999976158142,1.899999976158142,1.899999976158142,1.8990000486373901,1.8990000486373901,555.0
2024-03-01 09:55:00,NRXP,0.3995000123977661,0.3995000123977661,0.4000000059604645,0.3995000123977661,0.4000000059604645,24093.0
2024-03-01 09:55:00,NTLA,32.75,32.75,32.755001068115234,32.744998931884766,32.744998931884766,978.0
2024-03-01 09:55:00,NTRA,88.7750015258789,88.7750015258789,88.77999877929688,88.76000213623047,88.77999877929688,1320.0
2024-03-01 09:55:00,NUTX,0.11299999803304672,0.11299999803304672,0.11490000039339066,0.11299999803304672,0.11490000039339066,19146.0
2024-03-01 09:55:00,NVAX,4.831200122833252,4.831200122833252,4.840000152587891,4.820000171661377,4.820000171661377,9862.0
2024-03-01 09:55:00,NVCR,15.289999961853027,15.289999961853027,15.300000190734863,15.289999961853027,15.300000190734863,477.0
2024-03-01 09:55:00,NVCT,10.380000114440918,10.380000114440918,10.380000114440918,10.380000114440918,10.380000114440918,0.0
2024-03-01 09:55:00,NXTC,1.684999942779541,1.684999942779541,1.7000000476837158,1.6799999475479126,1.7000000476837158,2390.0
2024-03-01 09:55:00,OCGN,0.9244999885559082,0.9244999885559082,0.9244999885559082,0.9200000166893005,0.9200000166893005,15116.0
2024-03-01 09:55:00,OCUL,10.399999618530273,10.399999618530273,10.5,10.375300407409668,10.479999542236328,25516.0
2024-03-01 09:55:00,OFIX,13.0,13.0,13.0,12.989999771118164,12.989999771118164,276.0
2024-03-01 09:55:00,OLK,22.34000015258789,22.34000015258789,22.34000015258789,22.309999465942383,22.309999465942383,1078.0
2024-03-01 09:55:00,OLMA,12.859999656677246,12.859999656677246,12.930000305175781,12.859999656677246,12.920000076293945,1876.0
2024-03-01 09:55:00,OM,3.009999990463257,3.009999990463257,3.015000104904175,3.0099000930786133,3.0099000930786133,8704.0
2024-03-01 09:55:00,OMCL,25.920000076293945,25.920000076293945,26.100000381469727,25.920000076293945,26.100000381469727,1192.0
2024-03-01 09:55:00,OMER,4.630000114440918,4.630000114440918,4.659999847412109,4.630000114440918,4.65500020980835,2306.0
2024-03-01 09:55:00,OMGA,4.128499984741211,4.128499984741211,4.128499984741211,4.128499984741211,4.128499984741211,129.0
2024-03-01 09:55:00,ONCY,1.0800000429153442,1.0800000429153442,1.090000033378601,1.0800000429153442,1.090000033378601,1572.0
2024-03-01 09:56:00,ABCL,5.090000152587891,5.090000152587891,5.090000152587891,5.090000152587891,5.090000152587891,259.0
2024-03-01 09:56:00,ABEO,7.249599933624268,7.249599933624268,7.249599933624268,7.249599933624268,7.249599933624268,3407.0
2024-03-01 09:56:00,ABOS,4.445000171661377,4.445000171661377,4.445000171661377,4.445000171661377,4.445000171661377,400.0
2024-03-01 09:56:00,ABSI,5.110000133514404,5.110000133514404,5.119999885559082,5.102200031280518,5.110000133514404,3450.0
2024-03-01 09:56:00,ABUS,2.7799999713897705,2.7799999713897705,2.7799999713897705,2.7799999713897705,2.7799999713897705,1331.0
2024-03-01 09:56:00,ACAD,23.43000030517578,23.43000030517578,23.489999771118164,23.40999984741211,23.489999771118164,5299.0
2024-03-01 09:56:00,ACB,3.0397000312805176,3.0397000312805176,3.0397000312805176,3.0201001167297363,3.029900074005127,1143.0
2024-03-01 09:56:00,ACCD,10.175000190734863,10.175000190734863,10.180000305175781,10.175000190734863,10.180000305175781,303.0
2024-03-01 09:56:00,ACHC,83.47000122070312,83.47000122070312,83.47000122070312,83.47000122070312,83.47000122070312,148.0
2024-03-01 09:56:00,ACHL,1.3849999904632568,1.3849999904632568,1.3849999904632568,1.3770999908447266,1.3770999908447266,0.0
2024-03-01 09:56:00,ACLX,68.81500244140625,68.81500244140625,69.01499938964844,68.81500244140625,69.01499938964844,1790.0
2024-03-01 09:56:00,ACON,0.38510000705718994,0.38510000705718994,0.38510000705718994,0.38499999046325684,0.38499999046325684,990.0
2024-03-01 09:56:00,ACRS,1.25,1.25,1.25,1.2450000047683716,1.2450000047683716,730.0
2024-03-01 09:56:00,ADAP,1.5800000429153442,1.5800000429153442,1.5800000429153442,1.5800000429153442,1.5800000429153442,903.0
2024-03-01 09:56:00,ADIL,3.1419999599456787,3.1419999599456787,3.200000047683716,3.090100049972534,3.1798999309539795,152782.0
2024-03-01 09:56:00,ADMA,5.369999885559082,5.369999885559082,5.385000228881836,5.364999771118164,5.375,12495.0
2024-03-01 09:56:00,ADPT,4.059999942779541,4.059999942779541,4.059999942779541,4.025000095367432,4.025000095367432,3743.0
2024-03-01 09:56:00,ADVM,1.9600000381469727,1.9600000381469727,1.9641000032424927,1.9600000381469727,1.9641000032424927,664.0
2024-03-01 09:56:00,AFIB,0.2071000039577484,0.2071000039577484,0.2071000039577484,0.2071000039577484,0.2071000039577484,263.0
2024-03-01 09:56:00,AFMD,0.6215999722480774,0.6215999722480774,0.6215999722480774,0.6215999722480774,0.6215999722480774,222.0
2024-03-01 09:56:00,AGEN,0.6825000047683716,0.6825000047683716,0.6833000183105469,0.6809999942779541,0.6811000108718872,92965.0
2024-03-01 09:56:00,AGIO,32.60749816894531,32.60749816894531,32.65999984741211,32.55500030517578,32.60499954223633,1819.0
2024-03-01 09:56:00,AHCO,10.4399995803833,10.4399995803833,10.4399995803833,10.430000305175781,10.430000305175781,509.0
2024-03-01 09:56:00,AIRS,6.485000133514404,6.485000133514404,6.519999980926514,6.485000133514404,6.519999980926514,210.0
2024-03-01 09:56:00,AKAN,0.27230000495910645,0.27230000495910645,0.27230000495910645,0.27230000495910645,0.27230000495910645,501.0
2024-03-01 09:56:00,AKBA,1.659999966621399,1.659999966621399,1.659999966621399,1.649899959564209,1.649999976158142,9547.0
2024-03-01 09:56:00,AKLI,0.32989999651908875,0.32989999651908875,0.32989999651908875,0.328000009059906,0.32989999651908875,9169.0
2024-03-01 09:56:00,AKRO,28.014999389648438,28.014999389648438,28.014999389648438,28.0,28.0,947.0
2024-03-01 09:56:00,ALDX,3.9100000858306885,3.9100000858306885,3.9100000858306885,3.8949999809265137,3.8949999809265137,1126.0
2024-03-01 09:56:00,ALEC,7.21999979019165,7.21999979019165,7.21999979019165,7.210000038146973,7.21999979019165,400.0
2024-03-01 09:56:00,ALGN,299.1875,299.1875,299.1875,298.75,298.75,2182.0
2024-03-01 09:56:00,ALHC,5.949999809265137,5.949999809265137,5.949999809265137,5.940000057220459,5.940000057220459,1187.0
2024-03-01 09:56:00,ALKS,29.959999084472656,29.959999084472656,29.969999313354492,29.954999923706055,29.969999313354492,1465.0
2024-03-01 09:56:00,ALLK,1.5700000524520874,1.5700000524520874,1.5700000524520874,1.565000057220459,1.5666999816894531,3384.0
2024-03-01 09:56:00,ALLO,4.980500221252441,4.980500221252441,4.980500221252441,4.954999923706055,4.954999923706055,1856.0
2024-03-01 09:56:00,ALNY,152.63999938964844,152.63999938964844,152.63999938964844,152.3300018310547,152.47000122070312,1918.0
2024-03-01 09:56:00,ALPN,36.0099983215332,36.0099983215332,36.02000045776367,35.880001068115234,35.880001068115234,989.0
2024-03-01 09:56:00,ALT,11.949999809265137,11.949999809265137,11.990300178527832,11.920000076293945,11.960000038146973,43050.0
2024-03-01 09:56:00,ALVO,15.600000381469727,15.600000381469727,15.600000381469727,15.600000381469727,15.600000381469727,200.0
2024-03-01 09:56:00,ALXO,14.989999771118164,14.989999771118164,15.0,14.989999771118164,15.0,454.0
2024-03-01 09:56:00,AMED,93.62999725341797,93.62999725341797,93.62999725341797,93.62999725341797,93.62999725341797,521.0
2024-03-01 09:56:00,AMGN,276.760009765625,276.760009765625,276.8900146484375,276.7300109863281,276.8900146484375,2546.0
2024-03-01 09:56:00,AMLX,19.010000228881836,19.010000228881836,19.010000228881836,18.959999084472656,18.969999313354492,1282.0
2024-03-01 09:56:00,AMPH,46.459999084472656,46.459999084472656,46.459999084472656,46.45000076293945,46.45000076293945,758.0
2024-03-01 09:56:00,AMRN,1.0199999809265137,1.0199999809265137,1.024999976158142,1.0099999904632568,1.0099999904632568,13038.0
2024-03-01 09:56:00,ANAB,25.68000030517578,25.68000030517578,25.68000030517578,25.68000030517578,25.68000030517578,302.0
2024-03-01 09:56:00,ANGO,5.304999828338623,5.304999828338623,5.304999828338623,5.300000190734863,5.300000190734863,240.0
2024-03-01 09:56:00,ANIP,67.22000122070312,67.22000122070312,67.22000122070312,67.22000122070312,67.22000122070312,123.0
2024-03-01 09:56:00,ANNX,5.909999847412109,5.909999847412109,5.920000076293945,5.900000095367432,5.900000095367432,650.0
2024-03-01 09:56:00,ANTX,3.01990008354187,3.01990008354187,3.01990008354187,3.01990008354187,3.01990008354187,257.0
2024-03-01 09:56:00,APLS,62.505001068115234,62.505001068115234,62.5099983215332,62.375,62.38999938964844,1014.0
2024-03-01 09:56:00,APLT,7.5,7.5,7.514999866485596,7.480000019073486,7.480000019073486,3799.0
2024-03-01 09:56:00,APVO,0.16899999976158142,0.16899999976158142,0.16920000314712524,0.16899999976158142,0.16920000314712524,4008.0
2024-03-01 09:56:00,AQST,4.079999923706055,4.079999923706055,4.079999923706055,4.050000190734863,4.05649995803833,11564.0
2024-03-01 09:56:00,ARCT,40.130001068115234,40.130001068115234,40.35490036010742,40.130001068115234,40.189998626708984,1360.0
2024-03-01 09:56:00,ARDX,9.654999732971191,9.654999732971191,9.654999732971191,9.604999542236328,9.604999542236328,2626.0
2024-03-01 09:56:00,ARGX,382.4700012207031,382.4700012207031,382.6300048828125,382.4200134277344,382.6300048828125,723.0
2024-03-01 09:56:00,ARQT,10.909700393676758,10.909700393676758,10.909700393676758,10.779999732971191,10.79010009765625,6495.0
2024-03-01 09:56:00,ARVN,49.27000045776367,49.27000045776367,49.27000045776367,49.27000045776367,49.27000045776367,600.0
2024-03-01 09:56:00,ARWR,34.25,34.25,34.25,34.1349983215332,34.1349983215332,2106.0
2024-03-01 09:56:00,ASRT,0.907800018787384,0.907800018787384,0.907800018787384,0.907800018787384,0.907800018787384,160.0
2024-03-01 09:56:00,ATEC,13.225000381469727,13.225000381469727,13.225000381469727,13.204999923706055,13.204999923706055,1880.0
2024-03-01 09:56:00,ATHA,3.9000000953674316,3.9000000953674316,3.9000000953674316,3.9000000953674316,3.9000000953674316,632.0
2024-03-01 09:56:00,ATNF,3.3845999240875244,3.3845999240875244,3.3845999240875244,3.3845999240875244,3.3845999240875244,304.0
2024-03-01 09:56:00,ATRC,35.150001525878906,35.150001525878906,35.150001525878906,35.060001373291016,35.060001373291016,1078.0
2024-03-01 09:56:00,ATXS,14.510000228881836,14.510000228881836,14.510000228881836,14.449999809265137,14.449999809265137,8983.0
2024-03-01 09:56:00,AUPH,5.730000019073486,5.730000019073486,5.730000019073486,5.710000038146973,5.710000038146973,8731.0
2024-03-01 09:56:00,AUTL,6.159999847412109,6.159999847412109,6.159999847412109,6.150000095367432,6.150000095367432,1847.0
2024-03-01 09:56:00,AVDL,12.819999694824219,12.819999694824219,12.819999694824219,12.789999961853027,12.789999961853027,1200.0
2024-03-01 09:56:00,AVIR,4.369999885559082,4.369999885559082,4.369999885559082,4.369999885559082,4.369999885559082,243.0
2024-03-01 09:56:00,AVTE,22.5,22.5,22.5,22.450000762939453,22.5,1170.0
2024-03-01 09:56:00,AVXL,5.207099914550781,5.207099914550781,5.207099914550781,5.19189977645874,5.195499897003174,3029.0
2024-03-01 09:56:00,AXGN,10.460000038146973,10.460000038146973,10.460000038146973,10.369999885559082,10.380000114440918,2992.0
2024-03-01 09:56:00,AXNX,67.45500183105469,67.45500183105469,67.45500183105469,67.41000366210938,67.41500091552734,3279.0
2024-03-01 09:56:00,AZN,64.09500122070312,64.09500122070312,64.12000274658203,64.08999633789062,64.0999984741211,9463.0
2024-03-01 09:56:00,BBIO,35.022499084472656,35.022499084472656,35.022499084472656,35.0,35.0,443.0
2024-03-01 09:56:00,BBLG,2.4600000381469727,2.4600000381469727,2.5039000511169434,2.440000057220459,2.5039000511169434,9356.0
2024-03-01 09:56:00,BCAB,2.7100000381469727,2.7100000381469727,2.7100000381469727,2.7100000381469727,2.7100000381469727,320.0
2024-03-01 09:56:00,BCEL,0.26989999413490295,0.26989999413490295,0.26989999413490295,0.26989999413490295,0.26989999413490295,352.0
2024-03-01 09:56:00,BCRX,5.690000057220459,5.690000057220459,5.690000057220459,5.675000190734863,5.675000190734863,3693.0
2024-03-01 09:56:00,BDSX,1.6799999475479126,1.6799999475479126,1.6799999475479126,1.6799999475479126,1.6799999475479126,808.0
2024-03-01 09:56:00,BEAM,39.900001525878906,39.900001525878906,40.0,39.68000030517578,39.720001220703125,6091.0
2024-03-01 09:56:00,BGNE,163.42999267578125,163.42999267578125,163.42999267578125,162.23500061035156,162.23500061035156,1113.0
2024-03-01 09:56:00,BGXX,0.2700999975204468,0.2700999975204468,0.2700999975204468,0.2700999975204468,0.2700999975204468,781.0
2024-03-01 09:56:00,BIIB,218.64999389648438,218.64999389648438,218.64999389648438,218.25,218.25999450683594,2470.0
2024-03-01 09:56:00,BIOL,0.13989999890327454,0.13989999890327454,0.13989999890327454,0.13760000467300415,0.13760000467300415,12062.0
2024-03-01 09:56:00,BIVI,2.797499895095825,2.797499895095825,2.869999885559082,2.7200000286102295,2.7992000579833984,334022.0
2024-03-01 09:56:00,BLFS,17.100000381469727,17.100000381469727,17.139999389648438,17.079999923706055,17.079999923706055,939.0
2024-03-01 09:56:00,BLUE,1.5600999593734741,1.5600999593734741,1.5700000524520874,1.559999942779541,1.5700000524520874,24018.0
2024-03-01 09:56:00,BMEA,17.684999465942383,17.684999465942383,17.75,17.639999389648438,17.740800857543945,3629.0
2024-03-01 09:56:00,BMRN,86.13500213623047,86.13500213623047,86.13999938964844,86.08000183105469,86.08000183105469,1100.0
2024-03-01 09:56:00,BNGO,1.2317999601364136,1.2317999601364136,1.2400000095367432,1.2317999601364136,1.2400000095367432,8276.0
2024-03-01 09:56:00,BNTX,90.44999694824219,90.44999694824219,90.58000183105469,90.37999725341797,90.37999725341797,2619.0
2024-03-01 09:56:00,BOLT,1.159999966621399,1.159999966621399,1.159999966621399,1.159999966621399,1.159999966621399,918.0
2024-03-01 09:56:00,BRKR,86.81999969482422,86.81999969482422,86.8499984741211,86.66000366210938,86.66000366210938,2014.0
2024-03-01 09:56:00,BRTX,1.5075000524520874,1.5075000524520874,1.5075000524520874,1.4900000095367432,1.4950000047683716,20779.0
2024-03-01 09:56:00,BSGM,0.6949999928474426,0.6949999928474426,0.6949999928474426,0.6949999928474426,0.6949999928474426,1001.0
2024-03-01 09:56:00,BTAI,3.1700000762939453,3.1700000762939453,3.1700000762939453,3.1700000762939453,3.1700000762939453,360.0
2024-03-01 09:56:00,BTTX,0.1607999950647354,0.1607999950647354,0.164900004863739,0.1606999933719635,0.16259999573230743,41706.0
2024-03-01 09:56:00,BYSI,1.3799999952316284,1.3799999952316284,1.3799999952316284,1.3799999952316284,1.3799999952316284,700.0
2024-03-01 09:56:00,CABA,24.5,24.5,24.5,24.434999465942383,24.434999465942383,1528.0
2024-03-01 09:56:00,CARA,0.8700000047683716,0.8700000047683716,0.8700000047683716,0.8700000047683716,0.8700000047683716,167.0
2024-03-01 09:56:00,CBAY,32.224998474121094,32.224998474121094,32.224998474121094,32.21070098876953,32.220001220703125,3446.0
2024-03-01 09:56:00,CCCC,10.930000305175781,10.930000305175781,10.9399995803833,10.880000114440918,10.880000114440918,6790.0
2024-03-01 09:56:00,CDMO,7.835000038146973,7.835000038146973,7.840000152587891,7.809999942779541,7.809999942779541,9402.0
2024-03-01 09:56:00,CDNA,11.600000381469727,11.600000381469727,11.800000190734863,11.579999923706055,11.670000076293945,9252.0
2024-03-01 09:56:00,CDXC,1.6799999475479126,1.6799999475479126,1.6799999475479126,1.6799999475479126,1.6799999475479126,1151.0
2024-03-01 09:56:00,CDXS,4.340000152587891,4.340000152587891,4.349999904632568,4.309899806976318,4.309999942779541,4093.0
2024-03-01 09:56:00,CERE,41.092498779296875,41.092498779296875,41.095001220703125,41.092498779296875,41.095001220703125,344.0
2024-03-01 09:56:00,CERS,2.180000066757202,2.180000066757202,2.180000066757202,2.1649999618530273,2.1649999618530273,4896.0
2024-03-01 09:56:00,CERT,17.479999542236328,17.479999542236328,17.530000686645508,17.344999313354492,17.350000381469727,40875.0
2024-03-01 09:56:00,CGC,3.2249999046325684,3.2249999046325684,3.2249999046325684,3.2149999141693115,3.2149999141693115,5291.0
2024-03-01 09:56:00,CHRS,2.325000047683716,2.325000047683716,2.325000047683716,2.325000047683716,2.325000047683716,0.0
2024-03-01 09:56:00,CING,1.2599999904632568,1.2599999904632568,1.2753000259399414,1.2599999904632568,1.2753000259399414,1900.0
2024-03-01 09:56:00,CJJD,2.7578999996185303,2.7578999996185303,2.831399917602539,2.7578999996185303,2.799999952316284,1200.0
2024-03-01 09:56:00,CKPT,2.134999990463257,2.134999990463257,2.1398000717163086,2.134999990463257,2.1398000717163086,1600.0
2024-03-01 09:56:00,CLDX,51.17499923706055,51.17499923706055,51.21500015258789,51.060001373291016,51.130001068115234,10098.0
2024-03-01 09:56:00,CLNN,0.38749998807907104,0.38749998807907104,0.38749998807907104,0.38749998807907104,0.38749998807907104,130.0
2024-03-01 09:56:00,CLOV,0.853600025177002,0.853600025177002,0.853600025177002,0.8525000214576721,0.8525000214576721,6914.0
2024-03-01 09:56:00,CLRB,4.019899845123291,4.019899845123291,4.019899845123291,3.9946000576019287,3.997999906539917,6400.0
2024-03-01 09:56:00,CMPS,10.569999694824219,10.569999694824219,10.59000015258789,10.569999694824219,10.59000015258789,762.0
2024-03-01 09:56:00,COGT,7.300000190734863,7.300000190734863,7.309999942779541,7.260000228881836,7.260000228881836,3110.0
2024-03-01 09:56:00,CORT,23.204999923706055,23.204999923706055,23.204999923706055,23.15999984741211,23.15999984741211,938.0
2024-03-01 09:56:00,CPRX,16.885000228881836,16.885000228881836,16.899999618530273,16.829999923706055,16.84000015258789,10071.0
2024-03-01 09:56:00,CPSI,9.859999656677246,9.859999656677246,9.859999656677246,9.859999656677246,9.859999656677246,230.0
2024-03-01 09:56:00,CRBU,8.140000343322754,8.140000343322754,8.140000343322754,8.09000015258789,8.09000015258789,1207.0
2024-03-01 09:56:00,CRDF,2.6249001026153564,2.6249001026153564,2.6600000858306885,2.5799999237060547,2.659899950027466,253948.0
2024-03-01 09:56:00,CRDL,2.049999952316284,2.049999952316284,2.049999952316284,2.049999952316284,2.049999952316284,200.0
2024-03-01 09:56:00,CRMD,3.609999895095825,3.609999895095825,3.609999895095825,3.609999895095825,3.609999895095825,132.0
2024-03-01 09:56:00,CRNX,44.650001525878906,44.650001525878906,44.84000015258789,44.650001525878906,44.84000015258789,1072.0
2024-03-01 09:56:00,CRON,2.0450000762939453,2.0450000762939453,2.0450000762939453,2.0450000762939453,2.0450000762939453,144.0
2024-03-01 09:56:00,CRSP,85.44999694824219,85.44999694824219,85.66000366210938,85.11000061035156,85.11309814453125,15843.0
2024-03-01 09:56:00,CSTL,19.479999542236328,19.479999542236328,19.479999542236328,19.3700008392334,19.3700008392334,618.0
2024-03-01 09:56:00,CTKB,7.880000114440918,7.880000114440918,7.880000114440918,7.849999904632568,7.860000133514404,1442.0
2024-03-01 09:56:00,CUTR,2.2699999809265137,2.2699999809265137,2.2699999809265137,2.240799903869629,2.240799903869629,1559.0
2024-03-01 09:56:00,CVAC,3.444999933242798,3.444999933242798,3.444999933242798,3.4149999618530273,3.4149999618530273,17358.0
2024-03-01 09:56:00,CYTK,74.3302993774414,74.3302993774414,74.36000061035156,74.3302993774414,74.36000061035156,584.0
2024-03-01 09:56:00,DAWN,16.969999313354492,16.969999313354492,17.047500610351562,16.969999313354492,17.047500610351562,1432.0
2024-03-01 09:56:00,DCGO,4.074999809265137,4.074999809265137,4.074999809265137,4.065000057220459,4.065000057220459,600.0
2024-03-01 09:56:00,DCPH,17.020000457763672,17.020000457763672,17.024999618530273,17.020000457763672,17.020000457763672,741.0
2024-03-01 09:56:00,DMTK,0.9100000262260437,0.9100000262260437,0.9197999835014343,0.8999999761581421,0.9197999835014343,3578.0
2024-03-01 09:56:00,DNLI,20.56999969482422,20.56999969482422,20.604999542236328,20.56999969482422,20.604999542236328,598.0
2024-03-01 09:56:00,DRRX,0.9901000261306763,0.9901000261306763,0.9901000261306763,0.9901000261306763,0.9901000261306763,192.0
2024-03-01 09:56:00,DTIL,12.875,12.875,12.899999618530273,12.875,12.881199836730957,3873.0
2024-03-01 09:56:00,DVAX,12.819999694824219,12.819999694824219,12.819999694824219,12.805000305175781,12.8100004196167,1718.0
2024-03-01 09:56:00,DXCM,116.05999755859375,116.05999755859375,116.05999755859375,115.9000015258789,115.9000015258789,4379.0
2024-03-01 09:56:00,DYN,29.020000457763672,29.020000457763672,29.149999618530273,28.860000610351562,28.950000762939453,5124.0
2024-03-01 09:56:00,EDIT,10.595999717712402,10.595999717712402,10.595999717712402,10.539999961853027,10.539999961853027,3441.0
2024-03-01 09:56:00,EDSA,4.650100231170654,4.650100231170654,4.659999847412109,4.650100231170654,4.659999847412109,1186.0
2024-03-01 09:56:00,EGRX,6.21999979019165,6.21999979019165,6.21999979019165,6.21999979019165,6.21999979019165,226.0
2024-03-01 09:56:00,ELEV,5.099999904632568,5.099999904632568,5.099999904632568,4.989999771118164,5.0,14438.0
2024-03-01 09:56:00,ENSC,0.9200000166893005,0.9200000166893005,0.9200000166893005,0.9200000166893005,0.9200000166893005,2252.0
2024-03-01 09:56:00,ENTA,14.510000228881836,14.510000228881836,14.510000228881836,14.510000228881836,14.510000228881836,287.0
2024-03-01 09:56:00,ENVB,1.6200000047683716,1.6200000047683716,1.6699999570846558,1.5700000524520874,1.5800000429153442,41371.0
2024-03-01 09:56:00,EOLS,14.829999923706055,14.829999923706055,14.869999885559082,14.800000190734863,14.869999885559082,6528.0
2024-03-01 09:56:00,ERAS,2.390000104904175,2.390000104904175,2.390000104904175,2.384999990463257,2.384999990463257,726.0
2024-03-01 09:56:00,ESPR,2.5399999618530273,2.5399999618530273,2.5399999618530273,2.5394999980926514,2.5394999980926514,13369.0
2024-03-01 09:56:00,ETNB,12.430000305175781,12.430000305175781,12.430000305175781,12.420000076293945,12.420000076293945,2007.0
2024-03-01 09:56:00,EWTX,16.225000381469727,16.225000381469727,16.225000381469727,16.18000030517578,16.219999313354492,428.0
2024-03-01 09:56:00,EXAS,58.380001068115234,58.380001068115234,58.380001068115234,58.20500183105469,58.20500183105469,1553.0
2024-03-01 09:56:00,EXEL,22.3700008392334,22.3700008392334,22.375,22.3700008392334,22.3700008392334,1548.0
2024-03-01 09:56:00,EYEN,2.119999885559082,2.119999885559082,2.119999885559082,2.119999885559082,2.119999885559082,628.0
2024-03-01 09:56:00,EYPT,28.024999618530273,28.024999618530273,28.110000610351562,28.013999938964844,28.040000915527344,1894.0
2024-03-01 09:56:00,FATE,7.454999923706055,7.454999923706055,7.46999979019165,7.423999786376953,7.423999786376953,6789.0
2024-03-01 09:56:00,FBIO,2.1700000762939453,2.1700000762939453,2.1700000762939453,2.1700000762939453,2.1700000762939453,388.0
2024-03-01 09:56:00,FDMT,29.36199951171875,29.36199951171875,29.499900817871094,29.36199951171875,29.499900817871094,1707.0
2024-03-01 09:56:00,FENC,9.539999961853027,9.539999961853027,9.539999961853027,9.510000228881836,9.539999961853027,2843.0
2024-03-01 09:56:00,FGEN,1.7549999952316284,1.7549999952316284,1.7549999952316284,1.75,1.75,2022.0
2024-03-01 09:56:00,FLGT,22.690000534057617,22.690000534057617,22.690000534057617,22.690000534057617,22.690000534057617,200.0
2024-03-01 09:56:00,FOLD,13.40999984741211,13.40999984741211,13.40999984741211,13.390000343322754,13.390000343322754,1937.0
2024-03-01 09:56:00,FULC,10.380000114440918,10.380000114440918,10.380000114440918,10.380000114440918,10.380000114440918,318.0
2024-03-01 09:56:00,FUSN,12.194999694824219,12.194999694824219,12.194999694824219,12.194999694824219,12.194999694824219,109.0
2024-03-01 09:56:00,GDRX,8.358799934387207,8.358799934387207,8.369999885559082,8.339900016784668,8.369999885559082,6484.0
2024-03-01 09:56:00,GERN,2.0850000381469727,2.0850000381469727,2.0899999141693115,2.0801000595092773,2.0801000595092773,24073.0
2024-03-01 09:56:00,GH,19.135000228881836,19.135000228881836,19.135000228881836,19.05500030517578,19.05500030517578,1311.0
2024-03-01 09:56:00,GILD,72.55999755859375,72.55999755859375,72.55999755859375,72.49089813232422,72.49089813232422,2799.0
2024-03-01 09:56:00,GLYC,2.944700002670288,2.944700002670288,2.944700002670288,2.9363999366760254,2.9363999366760254,637.0
2024-03-01 09:56:00,GMAB,28.639999389648438,28.639999389648438,28.639999389648438,28.6299991607666,28.6299991607666,1060.0
2024-03-01 09:56:00,GMDA,0.37599998712539673,0.37599998712539673,0.37599998712539673,0.37599998712539673,0.37599998712539673,571.0
2024-03-01 09:56:00,GOSS,1.3700000047683716,1.3700000047683716,1.378999948501587,1.3700000047683716,1.3700000047683716,2102.0
2024-03-01 09:56:00,GOVX,2.531599998474121,2.531599998474121,2.531599998474121,2.531599998474121,2.531599998474121,112.0
2024-03-01 09:56:00,GRFS,6.724999904632568,6.724999904632568,6.729100227355957,6.689499855041504,6.689499855041504,7563.0
2024-03-01 09:56:00,GRPH,3.4549999237060547,3.4549999237060547,3.4549999237060547,3.4549999237060547,3.4549999237060547,207.0
2024-03-01 09:56:00,GRTS,1.9550000429153442,1.9550000429153442,1.9600000381469727,1.9500000476837158,1.9550000429153442,18313.0
2024-03-01 09:56:00,GTHX,3.384999990463257,3.384999990463257,3.390500068664551,3.384999990463257,3.390500068664551,708.0
2024-03-01 09:56:00,HALO,40.84000015258789,40.84000015258789,40.84000015258789,40.81999969482422,40.827999114990234,774.0
2024-03-01 09:56:00,HCAT,8.100000381469727,8.100000381469727,8.109999656677246,8.100000381469727,8.109999656677246,733.0
2024-03-01 09:56:00,HCSG,12.609999656677246,12.609999656677246,12.609999656677246,12.609999656677246,12.609999656677246,121.0
2024-03-01 09:56:00,HCTI,2.380000114440918,2.380000114440918,2.384999990463257,2.3113999366760254,2.3113999366760254,3473.0
2024-03-01 09:56:00,HEPA,3.140000104904175,3.140000104904175,3.1700000762939453,3.140000104904175,3.1600000858306885,761.0
2024-03-01 09:56:00,HOLX,73.68000030517578,73.68000030517578,73.68000030517578,73.61000061035156,73.61000061035156,1547.0
2024-03-01 09:56:00,HRMY,31.200000762939453,31.200000762939453,31.200000762939453,31.200000762939453,31.200000762939453,694.0
2024-03-01 09:56:00,HRTX,2.599900007247925,2.599900007247925,2.599900007247925,2.5801000595092773,2.5813000202178955,6636.0
2024-03-01 09:56:00,HSIC,77.09500122070312,77.09500122070312,77.25,77.09500122070312,77.25,1444.0
2024-03-01 09:56:00,HUMA,3.077500104904175,3.077500104904175,3.0799999237060547,3.069999933242798,3.079900026321411,14243.0
2024-03-01 09:56:00,IART,36.779998779296875,36.779998779296875,36.779998779296875,36.63999938964844,36.63999938964844,1316.0
2024-03-01 09:56:00,IBRX,4.929999828338623,4.929999828338623,4.929999828338623,4.889999866485596,4.889999866485596,15880.0
2024-03-01 09:56:00,ICLR,321.56500244140625,321.56500244140625,321.56500244140625,321.3900146484375,321.3900146484375,800.0
2024-03-01 09:56:00,ICUI,104.5250015258789,104.5250015258789,104.7699966430664,104.5250015258789,104.72000122070312,609.0
2024-03-01 09:56:00,IDXX,567.530029296875,567.530029296875,567.530029296875,567.530029296875,567.530029296875,758.0
2024-03-01 09:56:00,IDYA,45.97999954223633,45.97999954223633,45.97999954223633,45.86000061035156,45.86000061035156,2692.0
2024-03-01 09:56:00,IINN,1.659999966621399,1.659999966621399,1.659999966621399,1.659999966621399,1.659999966621399,311.0
2024-03-01 09:56:00,IKNA,1.465000033378601,1.465000033378601,1.465000033378601,1.465000033378601,1.465000033378601,101.0
2024-03-01 09:56:00,ILMN,137.75,137.75,137.75,137.17999267578125,137.33999633789062,2428.0
2024-03-01 09:56:00,IMAB,1.8601000308990479,1.8601000308990479,1.8601000308990479,1.8601000308990479,1.8601000308990479,713.0
2024-03-01 09:56:00,IMCR,68.3499984741211,68.3499984741211,68.3499984741211,68.22000122070312,68.22000122070312,300.0
2024-03-01 09:56:00,IMNM,24.729999542236328,24.729999542236328,24.850000381469727,24.729999542236328,24.850000381469727,413.0
2024-03-01 09:56:00,IMNN,1.1100000143051147,1.1100000143051147,1.1200000047683716,1.1100000143051147,1.1200000047683716,610.0
2024-03-01 09:56:00,IMTX,12.854999542236328,12.854999542236328,12.854999542236328,12.854999542236328,12.854999542236328,321.0
2024-03-01 09:56:00,IMUX,1.5049999952316284,1.5049999952316284,1.5049999952316284,1.5049999952316284,1.5049999952316284,315.0
2024-03-01 09:56:00,IMVT,36.875,36.875,36.875,36.779998779296875,36.80500030517578,3651.0
2024-03-01 09:56:00,INAB,1.100000023841858,1.100000023841858,1.100000023841858,1.100000023841858,1.100000023841858,4400.0
2024-03-01 09:56:00,INBX,36.84000015258789,36.84000015258789,36.84000015258789,36.84000015258789,36.84000015258789,109.0
2024-03-01 09:56:00,INCY,59.130001068115234,59.130001068115234,59.130001068115234,59.06999969482422,59.06999969482422,311.0
2024-03-01 09:56:00,INGN,6.739999771118164,6.739999771118164,6.740099906921387,6.730000019073486,6.730000019073486,750.0
2024-03-01 09:56:00,INMD,22.280000686645508,22.280000686645508,22.298200607299805,22.229999542236328,22.229999542236328,2812.0
2024-03-01 09:56:00,INSM,28.165000915527344,28.165000915527344,28.165000915527344,28.139999389648438,28.139999389648438,1333.0
2024-03-01 09:56:00,INVA,15.470000267028809,15.470000267028809,15.569999694824219,15.470000267028809,15.569999694824219,2378.0
2024-03-01 09:56:00,IOBT,1.6401000022888184,1.6401000022888184,1.649999976158142,1.6401000022888184,1.649999976158142,2500.0
2024-03-01 09:56:00,IONM,0.3490000069141388,0.3490000069141388,0.3490000069141388,0.3425000011920929,0.3425000011920929,317.0
2024-03-01 09:56:00,IONS,45.22999954223633,45.22999954223633,45.279998779296875,45.22999954223633,45.2598991394043,912.0
2024-03-01 09:56:00,IOVA,16.939699172973633,16.939699172973633,16.950000762939453,16.809999465942383,16.8700008392334,29392.0
2024-03-01 09:56:00,IRWD,8.949999809265137,8.949999809265137,8.984999656677246,8.942500114440918,8.949999809265137,57557.0
2024-03-01 09:56:00,ISRG,386.32000732421875,386.32000732421875,386.32000732421875,386.30999755859375,386.30999755859375,824.0
2024-03-01 09:56:00,ITCI,71.37999725341797,71.37999725341797,71.37999725341797,71.37000274658203,71.37000274658203,412.0
2024-03-01 09:56:00,ITOS,10.779999732971191,10.779999732971191,10.779999732971191,10.779999732971191,10.779999732971191,153.0
2024-03-01 09:56:00,ITRM,1.2302000522613525,1.2302000522613525,1.2302000522613525,1.2302000522613525,1.2302000522613525,102.0
2024-03-01 09:56:00,JAGX,0.06849999725818634,0.06849999725818634,0.07000000029802322,0.06589999794960022,0.06920000165700912,497529.0
2024-03-01 09:56:00,JANX,48.47999954223633,48.47999954223633,48.47999954223633,48.0099983215332,48.45000076293945,3416.0
2024-03-01 09:56:00,JAZZ,121.98999786376953,121.98999786376953,122.05999755859375,121.75,121.76000213623047,10456.0
2024-03-01 09:56:00,KALV,13.989999771118164,13.989999771118164,14.020000457763672,13.989999771118164,14.0,330.0
2024-03-01 09:56:00,KIDS,27.020000457763672,27.020000457763672,27.040000915527344,26.8700008392334,26.8700008392334,710.0
2024-03-01 09:56:00,KNSA,21.424999237060547,21.424999237060547,21.440000534057617,21.424999237060547,21.440000534057617,675.0
2024-03-01 09:56:00,KOD,6.119999885559082,6.119999885559082,6.119999885559082,6.119999885559082,6.119999885559082,122.0
2024-03-01 09:56:00,KPTI,1.1449999809265137,1.1449999809265137,1.149999976158142,1.1449999809265137,1.1491999626159668,7975.0
2024-03-01 09:56:00,KRYS,165.55999755859375,165.55999755859375,165.55999755859375,165.27999877929688,165.30999755859375,1186.0
2024-03-01 09:56:00,KTRA,0.10270000249147415,0.10270000249147415,0.10289999842643738,0.1014999970793724,0.10260000079870224,12567.0
2024-03-01 09:56:00,KURA,21.229999542236328,21.229999542236328,21.360000610351562,21.229999542236328,21.270000457763672,2620.0
2024-03-01 09:56:00,KYMR,43.494998931884766,43.494998931884766,43.61000061035156,43.494998931884766,43.560001373291016,4835.0
2024-03-01 09:56:00,KZR,1.090000033378601,1.090000033378601,1.090000033378601,1.0800000429153442,1.090000033378601,3847.0
2024-03-01 09:56:00,LAB,2.2799999713897705,2.2799999713897705,2.2799999713897705,2.2750000953674316,2.2750000953674316,888.0
2024-03-01 09:56:00,LBPH,22.399999618530273,22.399999618530273,22.43000030517578,22.399999618530273,22.43000030517578,102.0
2024-03-01 09:56:00,LEGN,65.26000213623047,65.26000213623047,65.26000213623047,65.25,65.25,478.0
2024-03-01 09:56:00,LEXX,2.5399999618530273,2.5399999618530273,2.5399999618530273,2.512500047683716,2.51990008354187,0.0
2024-03-01 09:56:00,LFMD,7.967899799346924,7.967899799346924,7.967899799346924,7.967899799346924,7.967899799346924,260.0
2024-03-01 09:56:00,LFST,8.029999732971191,8.029999732971191,8.0600004196167,7.989999771118164,7.989999771118164,5723.0
2024-03-01 09:56:00,LGND,80.04000091552734,80.04000091552734,80.04000091552734,80.04000091552734,80.04000091552734,367.0
2024-03-01 09:56:00,LIFE,1.910099983215332,1.910099983215332,1.910099983215332,1.910099983215332,1.910099983215332,3580.0
2024-03-01 09:56:00,LMAT,69.66000366210938,69.66000366210938,69.66000366210938,69.66000366210938,69.66000366210938,309.0
2024-03-01 09:56:00,LNTH,65.98500061035156,65.98500061035156,66.0199966430664,65.94000244140625,65.97000122070312,784.0
2024-03-01 09:56:00,LQDA,14.280099868774414,14.280099868774414,14.280099868774414,14.279999732971191,14.279999732971191,834.0
2024-03-01 09:56:00,LRMR,11.725000381469727,11.725000381469727,11.725000381469727,11.725000381469727,11.725000381469727,208.0
2024-03-01 09:56:00,LUNG,9.28499984741211,9.28499984741211,9.28499984741211,9.28499984741211,9.28499984741211,111.0
2024-03-01 09:56:00,LVTX,2.9886999130249023,2.9886999130249023,3.0299999713897705,2.924299955368042,2.940000057220459,17708.0
2024-03-01 09:56:00,LXRX,2.4291000366210938,2.4291000366210938,2.4291000366210938,2.4209001064300537,2.4209001064300537,896.0
2024-03-01 09:56:00,LYEL,3.0450000762939453,3.0450000762939453,3.0450000762939453,3.0399999618530273,3.0399999618530273,624.0
2024-03-01 09:56:00,MASS,7.010000228881836,7.010000228881836,7.03000020980835,7.010000228881836,7.03000020980835,2279.0
2024-03-01 09:56:00,MBRX,0.6396999955177307,0.6396999955177307,0.6398000121116638,0.6396999955177307,0.6398000121116638,3500.0
2024-03-01 09:56:00,MCRB,1.1549999713897705,1.1549999713897705,1.1549999713897705,1.1500999927520752,1.1500999927520752,303.0
2024-03-01 09:56:00,MDGL,243.89999389648438,243.89999389648438,243.89999389648438,243.0601043701172,243.0601043701172,3939.0
2024-03-01 09:56:00,MDRX,5.849999904632568,5.849999904632568,5.920000076293945,5.849999904632568,5.900000095367432,28406.0
2024-03-01 09:56:00,MDXG,8.489999771118164,8.489999771118164,8.489999771118164,8.489999771118164,8.489999771118164,118.0
2024-03-01 09:56:00,ME,0.551800012588501,0.551800012588501,0.551800012588501,0.5479999780654907,0.5480999946594238,19927.0
2024-03-01 09:56:00,MESO,1.9901000261306763,1.9901000261306763,1.9901000261306763,1.9901000261306763,1.9901000261306763,252.0
2024-03-01 09:56:00,MGNX,18.571800231933594,18.571800231933594,18.59000015258789,18.53820037841797,18.53820037841797,4044.0
2024-03-01 09:56:00,MIRM,29.579999923706055,29.579999923706055,29.579999923706055,29.579999923706055,29.579999923706055,204.0
2024-03-01 09:56:00,MLTX,52.3849983215332,52.3849983215332,52.459999084472656,52.349998474121094,52.349998474121094,1740.0
2024-03-01 09:56:00,MMSI,76.1500015258789,76.1500015258789,76.16999816894531,76.1500015258789,76.16999816894531,719.0
2024-03-01 09:56:00,MNKD,4.375,4.375,4.375,4.360000133514404,4.36899995803833,6679.0
2024-03-01 09:56:00,MNPR,0.7599999904632568,0.7599999904632568,0.7599999904632568,0.7599999904632568,0.7599999904632568,1200.0
2024-03-01 09:56:00,MODD,1.9049999713897705,1.9049999713897705,1.9500000476837158,1.9049999713897705,1.909999966621399,2357.0
2024-03-01 09:56:00,MOR,17.549999237060547,17.549999237060547,17.55500030517578,17.549999237060547,17.55500030517578,602.0
2024-03-01 09:56:00,MORF,38.03499984741211,38.03499984741211,38.037498474121094,38.03499984741211,38.03499984741211,367.0
2024-03-01 09:56:00,MRNA,93.91999816894531,93.91999816894531,93.91999816894531,93.69999694824219,93.70500183105469,19859.0
2024-03-01 09:56:00,MRNS,9.680000305175781,9.680000305175781,9.680000305175781,9.680000305175781,9.680000305175781,1747.0
2024-03-01 09:56:00,MRSN,5.790900230407715,5.790900230407715,5.795000076293945,5.775000095367432,5.775000095367432,1362.0
2024-03-01 09:56:00,MRUS,49.05500030517578,49.05500030517578,49.05500030517578,49.05500030517578,49.05500030517578,239.0
2024-03-01 09:56:00,MRVI,7.789999961853027,7.789999961853027,7.789999961853027,7.730000019073486,7.730000019073486,3611.0
2024-03-01 09:56:00,MXCT,4.635000228881836,4.635000228881836,4.635000228881836,4.635000228881836,4.635000228881836,122.0
2024-03-01 09:56:00,MYGN,21.0,21.0,21.06999969482422,20.950000762939453,21.030000686645508,6387.0
2024-03-01 09:56:00,MYNZ,0.8899999856948853,0.8899999856948853,0.8899999856948853,0.8899999856948853,0.8899999856948853,0.0
2024-03-01 09:56:00,NARI,45.68989944458008,45.68989944458008,45.689998626708984,45.20000076293945,45.290000915527344,4329.0
2024-03-01 09:56:00,NAUT,2.6600000858306885,2.6600000858306885,2.7100000381469727,2.6600000858306885,2.694999933242798,6698.0
2024-03-01 09:56:00,NBIX,130.92999267578125,130.92999267578125,130.92999267578125,130.75,130.75,2084.0
2024-03-01 09:56:00,NEO,15.670000076293945,15.670000076293945,15.670000076293945,15.645000457763672,15.65999984741211,773.0
2024-03-01 09:56:00,NEOG,16.950000762939453,16.950000762939453,16.950000762939453,16.920000076293945,16.920000076293945,1608.0
2024-03-01 09:56:00,NEPT,0.4348999857902527,0.4348999857902527,0.4348999857902527,0.4348999857902527,0.4348999857902527,200.0
2024-03-01 09:56:00,NGM,1.524999976158142,1.524999976158142,1.524999976158142,1.524999976158142,1.524999976158142,103.0
2024-03-01 09:56:00,NKTR,0.7199000120162964,0.7199000120162964,0.7199000120162964,0.7199000120162964,0.7199000120162964,2000.0
2024-03-01 09:56:00,NKTX,12.239999771118164,12.239999771118164,12.239999771118164,12.239999771118164,12.239999771118164,347.0
2024-03-01 09:56:00,NNOX,11.238900184631348,11.238900184631348,11.249899864196777,11.170000076293945,11.170000076293945,10540.0
2024-03-01 09:56:00,NRBO,5.869999885559082,5.869999885559082,5.869999885559082,5.739999771118164,5.739999771118164,1502.0
2024-03-01 09:56:00,NRIX,12.649999618530273,12.649999618530273,12.680000305175781,12.649999618530273,12.680000305175781,230.0
2024-03-01 09:56:00,NRSN,1.8931000232696533,1.8931000232696533,1.899999976158142,1.8701000213623047,1.899999976158142,2718.0
2024-03-01 09:56:00,NRXP,0.4025000035762787,0.4025000035762787,0.4081000089645386,0.39800000190734863,0.4000000059604645,15303.0
2024-03-01 09:56:00,NRXPW,0.14499999582767487,0.14499999582767487,0.14499999582767487,0.14499999582767487,0.14499999582767487,3000.0
2024-03-01 09:56:00,NTLA,32.86000061035156,32.86000061035156,32.86000061035156,32.720001220703125,32.7400016784668,1810.0
2024-03-01 09:56:00,NTRA,89.0250015258789,89.0250015258789,89.08999633789062,88.71009826660156,88.71009826660156,7764.0
2024-03-01 09:56:00,NVAX,4.875,4.875,4.880000114440918,4.835000038146973,4.840000152587891,14574.0
2024-03-01 09:56:00,NVCR,15.289999961853027,15.289999961853027,15.289999961853027,15.25,15.25,648.0
2024-03-01 09:56:00,NVNO,6.170000076293945,6.170000076293945,6.340000152587891,6.170000076293945,6.28000020980835,3004.0
2024-03-01 09:56:00,NVOS,0.6211000084877014,0.6211000084877014,0.6211000084877014,0.6211000084877014,0.6211000084877014,425.0
2024-03-01 09:56:00,NXTC,1.6992000341415405,1.6992000341415405,1.7100000381469727,1.6992000341415405,1.7000000476837158,5168.0
2024-03-01 09:56:00,OCGN,0.9240000247955322,0.9240000247955322,0.9240000247955322,0.9200999736785889,0.9200999736785889,10862.0
2024-03-01 09:56:00,OCUL,10.430000305175781,10.430000305175781,10.449999809265137,10.399999618530273,10.399999618530273,945.0
2024-03-01 09:56:00,OGI,2.0899999141693115,2.0899999141693115,2.0899999141693115,2.0799999237060547,2.0799999237060547,4319.0
2024-03-01 09:56:00,OKYO,1.4474999904632568,1.4474999904632568,1.4550000429153442,1.440000057220459,1.440000057220459,300.0
2024-03-01 09:56:00,OLMA,12.85669994354248,12.85669994354248,12.921699523925781,12.800000190734863,12.921699523925781,4211.0
2024-03-01 09:56:00,OM,3.0199999809265137,3.0199999809265137,3.0199999809265137,3.009999990463257,3.009999990463257,1727.0
2024-03-01 09:56:00,OMCL,26.0,26.0,26.0,26.0,26.0,305.0
2024-03-01 09:56:00,OMER,4.639999866485596,4.639999866485596,4.639999866485596,4.639999866485596,4.639999866485596,115.0
2024-03-01 09:56:00,OMGA,4.119999885559082,4.119999885559082,4.130099773406982,4.090000152587891,4.130099773406982,2114.0
2024-03-01 09:56:00,ONTX,0.8149999976158142,0.8149999976158142,0.8149999976158142,0.8149999976158142,0.8149999976158142,103.0
2024-03-01 09:57:00,ABCL,5.099899768829346,5.099899768829346,5.099899768829346,5.098199844360352,5.098199844360352,2311.0
2024-03-01 09:57:00,ABEO,7.236499786376953,7.236499786376953,7.269999980926514,7.210000038146973,7.269999980926514,1630.0
2024-03-01 09:57:00,ABOS,4.460000038146973,4.460000038146973,4.460100173950195,4.460000038146973,4.460100173950195,590.0
2024-03-01 09:57:00,ABSI,5.099999904632568,5.099999904632568,5.119999885559082,5.099999904632568,5.119999885559082,303.0
2024-03-01 09:57:00,ABUS,2.7850000858306885,2.7850000858306885,2.7850000858306885,2.7850000858306885,2.7850000858306885,373.0
2024-03-01 09:57:00,ACAD,23.389999389648438,23.389999389648438,23.420000076293945,23.389999389648438,23.420000076293945,1167.0
2024-03-01 09:57:00,ACB,3.0450000762939453,3.0450000762939453,3.055000066757202,3.039900064468384,3.0399999618530273,6548.0
2024-03-01 09:57:00,ACCD,10.199999809265137,10.199999809265137,10.199999809265137,10.1899995803833,10.1899995803833,636.0
2024-03-01 09:57:00,ACET,2.359999895095825,2.359999895095825,2.359999895095825,2.359999895095825,2.359999895095825,361.0
2024-03-01 09:57:00,ACHC,83.36499786376953,83.36499786376953,83.36499786376953,83.36499786376953,83.36499786376953,106.0
2024-03-01 09:57:00,ACHL,1.3717999458312988,1.3717999458312988,1.3717999458312988,1.3717999458312988,1.3717999458312988,808.0
2024-03-01 09:57:00,ACON,0.39579999446868896,0.39579999446868896,0.39579999446868896,0.38499999046325684,0.38510000705718994,14014.0
2024-03-01 09:57:00,ACRS,1.25,1.25,1.25,1.25,1.25,279.0
2024-03-01 09:57:00,ADIL,3.1500000953674316,3.1500000953674316,3.180000066757202,3.109999895095825,3.1500000953674316,99695.0
2024-03-01 09:57:00,ADMA,5.360499858856201,5.360499858856201,5.369999885559082,5.360499858856201,5.369999885559082,2091.0
2024-03-01 09:57:00,ADVM,1.9800000190734863,1.9800000190734863,1.9800000190734863,1.9800000190734863,1.9800000190734863,1599.0
2024-03-01 09:57:00,AFMD,0.6183000206947327,0.6183000206947327,0.6183000206947327,0.6183000206947327,0.6183000206947327,380.0
2024-03-01 09:57:00,AGEN,0.6825000047683716,0.6825000047683716,0.6825000047683716,0.6822999715805054,0.6823999881744385,35310.0
2024-03-01 09:57:00,AGIO,32.61000061035156,32.61000061035156,32.61750030517578,32.54999923706055,32.61750030517578,1196.0
2024-03-01 09:57:00,AGRX,0.8364999890327454,0.8364999890327454,0.8364999890327454,0.8364999890327454,0.8364999890327454,2727.0
2024-03-01 09:57:00,AHCO,10.46500015258789,10.46500015258789,10.46500015258789,10.449999809265137,10.449999809265137,1113.0
2024-03-01 09:57:00,AIRS,6.46999979019165,6.46999979019165,6.489999771118164,6.449999809265137,6.489999771118164,406.0
2024-03-01 09:57:00,AKAN,0.27230000495910645,0.27230000495910645,0.27230000495910645,0.271699994802475,0.271699994802475,7674.0
2024-03-01 09:57:00,AKBA,1.6649999618530273,1.6649999618530273,1.6649999618530273,1.6549999713897705,1.6549999713897705,1704.0
2024-03-01 09:57:00,AKLI,0.33000001311302185,0.33000001311302185,0.33000001311302185,0.33000001311302185,0.33000001311302185,3259.0
2024-03-01 09:57:00,AKRO,27.940000534057617,27.940000534057617,28.010000228881836,27.940000534057617,28.0049991607666,2491.0
2024-03-01 09:57:00,ALDX,3.90910005569458,3.90910005569458,3.9100000858306885,3.90910005569458,3.9100000858306885,416.0
2024-03-01 09:57:00,ALEC,7.222499847412109,7.222499847412109,7.222499847412109,7.222499847412109,7.222499847412109,193.0
2024-03-01 09:57:00,ALGN,299.19000244140625,299.19000244140625,299.19000244140625,299.19000244140625,299.19000244140625,482.0
2024-03-01 09:57:00,ALHC,5.940000057220459,5.940000057220459,5.940000057220459,5.940000057220459,5.940000057220459,706.0
2024-03-01 09:57:00,ALKS,30.00200080871582,30.00200080871582,30.0049991607666,29.989999771118164,29.989999771118164,1116.0
2024-03-01 09:57:00,ALLK,1.5611000061035156,1.5611000061035156,1.5611000061035156,1.5611000061035156,1.5611000061035156,401.0
2024-03-01 09:57:00,ALLO,4.980000019073486,4.980000019073486,4.989999771118164,4.974999904632568,4.989999771118164,1138.0
2024-03-01 09:57:00,ALNY,152.47999572753906,152.47999572753906,152.81500244140625,152.47999572753906,152.52499389648438,1349.0
2024-03-01 09:57:00,ALPN,36.04499816894531,36.04499816894531,36.04499816894531,36.04499816894531,36.04499816894531,276.0
2024-03-01 09:57:00,ALT,11.920000076293945,11.920000076293945,11.978300094604492,11.920000076293945,11.978300094604492,6961.0
2024-03-01 09:57:00,ALVO,15.680000305175781,15.680000305175781,15.680000305175781,15.680000305175781,15.680000305175781,135.0
2024-03-01 09:57:00,ALXO,14.949999809265137,14.949999809265137,15.020000457763672,14.949999809265137,15.020000457763672,1986.0
2024-03-01 09:57:00,AMGN,276.8550109863281,276.8550109863281,276.9700012207031,276.6199951171875,276.80499267578125,7919.0
2024-03-01 09:57:00,AMLX,18.95949935913086,18.95949935913086,18.969999313354492,18.940000534057617,18.969999313354492,3274.0
2024-03-01 09:57:00,AMPH,46.54999923706055,46.54999923706055,46.554901123046875,46.529998779296875,46.529998779296875,938.0
2024-03-01 09:57:00,AMRN,1.0299999713897705,1.0299999713897705,1.0299999713897705,1.0199999809265137,1.0199999809265137,7773.0
2024-03-01 09:57:00,ANGO,5.300000190734863,5.300000190734863,5.304999828338623,5.300000190734863,5.304999828338623,500.0
2024-03-01 09:57:00,ANIP,67.23999786376953,67.23999786376953,67.23999786376953,67.23999786376953,67.23999786376953,177.0
2024-03-01 09:57:00,ANNX,5.940000057220459,5.940000057220459,5.949999809265137,5.938300132751465,5.949999809265137,998.0
2024-03-01 09:57:00,ANTX,3.0130999088287354,3.0130999088287354,3.0130999088287354,3.0130999088287354,3.0130999088287354,200.0
2024-03-01 09:57:00,APDN,0.5712000131607056,0.5712000131607056,0.5712000131607056,0.5712000131607056,0.5712000131607056,260.0
2024-03-01 09:57:00,APLS,62.47909927368164,62.47909927368164,62.5,62.41999816894531,62.5,2036.0
2024-03-01 09:57:00,APLT,7.550000190734863,7.550000190734863,7.550000190734863,7.5,7.514999866485596,25703.0
2024-03-01 09:57:00,AQST,4.100100040435791,4.100100040435791,4.105000019073486,4.074999809265137,4.07859992980957,8125.0
2024-03-01 09:57:00,ARAY,2.5850000381469727,2.5850000381469727,2.5899999141693115,2.5799999237060547,2.5799999237060547,2630.0
2024-03-01 09:57:00,ARCT,40.34629821777344,40.34629821777344,40.34629821777344,40.34629821777344,40.34629821777344,364.0
2024-03-01 09:57:00,ARDX,9.649999618530273,9.649999618530273,9.660200119018555,9.645000457763672,9.659899711608887,5975.0
2024-03-01 09:57:00,ARQT,11.020000457763672,11.020000457763672,11.020000457763672,10.920000076293945,10.920000076293945,18948.0
2024-03-01 09:57:00,ARTL,1.5247000455856323,1.5247000455856323,1.5247000455856323,1.5199999809265137,1.5199999809265137,940.0
2024-03-01 09:57:00,ARVN,49.189998626708984,49.189998626708984,49.189998626708984,49.189998626708984,49.189998626708984,25.0
2024-03-01 09:57:00,ARWR,34.209999084472656,34.209999084472656,34.310001373291016,34.209999084472656,34.310001373291016,1328.0
2024-03-01 09:57:00,ASND,149.0,149.0,149.0,149.0,149.0,223.0
2024-03-01 09:57:00,ASRT,0.9049999713897705,0.9049999713897705,0.9100000262260437,0.9049999713897705,0.9100000262260437,1412.0
2024-03-01 09:57:00,ATAI,1.9299999475479126,1.9299999475479126,1.9500000476837158,1.9199999570846558,1.9500000476837158,6177.0
2024-03-01 09:57:00,ATEC,13.260000228881836,13.260000228881836,13.260000228881836,13.229999542236328,13.229999542236328,2013.0
2024-03-01 09:57:00,ATRA,0.7700999975204468,0.7700999975204468,0.7799000144004822,0.7700999975204468,0.7700999975204468,1001.0
2024-03-01 09:57:00,ATXS,14.4399995803833,14.4399995803833,14.443900108337402,14.4399995803833,14.443900108337402,447.0
2024-03-01 09:57:00,AUGX,4.514999866485596,4.514999866485596,4.514999866485596,4.514999866485596,4.514999866485596,105.0
2024-03-01 09:57:00,AUPH,5.71999979019165,5.71999979019165,5.71999979019165,5.71999979019165,5.71999979019165,1892.0
2024-03-01 09:57:00,AUTL,6.170000076293945,6.170000076293945,6.170000076293945,6.159999847412109,6.159999847412109,2633.0
2024-03-01 09:57:00,AVDL,12.859999656677246,12.859999656677246,12.859999656677246,12.819999694824219,12.819999694824219,1400.0
2024-03-01 09:57:00,AVTE,22.5,22.5,22.540000915527344,22.399999618530273,22.540000915527344,2431.0
2024-03-01 09:57:00,AXGN,10.529999732971191,10.529999732971191,10.529999732971191,10.524999618530273,10.529999732971191,304.0
2024-03-01 09:57:00,AXNX,67.5999984741211,67.5999984741211,67.61499786376953,67.4749984741211,67.4800033569336,3578.0
2024-03-01 09:57:00,AXSM,82.83000183105469,82.83000183105469,82.86000061035156,82.83000183105469,82.86000061035156,405.0
2024-03-01 09:57:00,AZN,64.05999755859375,64.05999755859375,64.08999633789062,64.05000305175781,64.08999633789062,2949.0
2024-03-01 09:57:00,BBIO,35.0,35.0,35.0,34.994998931884766,34.994998931884766,354.0
2024-03-01 09:57:00,BBLG,2.4700000286102295,2.4700000286102295,2.5,2.4649999141693115,2.4649999141693115,1020.0
2024-03-01 09:57:00,BCAB,2.7300000190734863,2.7300000190734863,2.7300000190734863,2.7300000190734863,2.7300000190734863,272.0
2024-03-01 09:57:00,BCLI,0.3598000109195709,0.3598000109195709,0.3598000109195709,0.35749998688697815,0.35749998688697815,472.0
2024-03-01 09:57:00,BCRX,5.679999828338623,5.679999828338623,5.683499813079834,5.679999828338623,5.683499813079834,1279.0
2024-03-01 09:57:00,BCTX,3.490000009536743,3.490000009536743,3.490000009536743,3.490000009536743,3.490000009536743,400.0
2024-03-01 09:57:00,BDTX,5.329999923706055,5.329999923706055,5.340000152587891,5.319900035858154,5.320000171661377,4296.0
2024-03-01 09:57:00,BEAM,39.93000030517578,39.93000030517578,40.08330154418945,39.86000061035156,39.970001220703125,7003.0
2024-03-01 09:57:00,BGNE,164.1199951171875,164.1199951171875,164.27999877929688,163.6300048828125,163.66000366210938,1270.0
2024-03-01 09:57:00,BGXX,0.27300000190734863,0.27300000190734863,0.27300000190734863,0.27000001072883606,0.27000001072883606,344.0
2024-03-01 09:57:00,BIIB,218.4499969482422,218.4499969482422,218.85000610351562,218.4499969482422,218.83999633789062,4129.0
2024-03-01 09:57:00,BIVI,2.740000009536743,2.740000009536743,2.819999933242798,2.7100000381469727,2.809999942779541,268378.0
2024-03-01 09:57:00,BLFS,17.100000381469727,17.100000381469727,17.139999389648438,17.100000381469727,17.139999389648438,895.0
2024-03-01 09:57:00,BLUE,1.5702999830245972,1.5702999830245972,1.5800000429153442,1.559999942779541,1.5700000524520874,40427.0
2024-03-01 09:57:00,BMEA,17.6299991607666,17.6299991607666,17.639999389648438,17.6299991607666,17.639999389648438,1333.0
2024-03-01 09:57:00,BMRN,86.18000030517578,86.18000030517578,86.19999694824219,86.1449966430664,86.18499755859375,1241.0
2024-03-01 09:57:00,BNTX,90.58000183105469,90.58000183105469,90.58000183105469,90.58000183105469,90.58000183105469,469.0
2024-03-01 09:57:00,BPMC,96.70999908447266,96.70999908447266,96.70999908447266,96.70999908447266,96.70999908447266,335.0
2024-03-01 09:57:00,BRKR,86.90499877929688,86.90499877929688,86.90499877929688,86.90499877929688,86.90499877929688,561.0
2024-03-01 09:57:00,BRTX,1.5119999647140503,1.5119999647140503,1.523300051689148,1.5099999904632568,1.5099999904632568,883.0
2024-03-01 09:57:00,BSGM,0.6901000142097473,0.6901000142097473,0.6901000142097473,0.6901000142097473,0.6901000142097473,109.0
2024-03-01 09:57:00,BTAI,3.190000057220459,3.190000057220459,3.190000057220459,3.190000057220459,3.190000057220459,250.0
2024-03-01 09:57:00,BTTX,0.163100004196167,0.163100004196167,0.164900004863739,0.163100004196167,0.164900004863739,7183.0
2024-03-01 09:57:00,CABA,24.545000076293945,24.545000076293945,24.625999450683594,24.545000076293945,24.625999450683594,310.0
2024-03-01 09:57:00,CAPR,4.630099773406982,4.630099773406982,4.630099773406982,4.630099773406982,4.630099773406982,3320.0
2024-03-01 09:57:00,CBAY,32.224998474121094,32.224998474121094,32.22999954223633,32.220001220703125,32.22999954223633,575270.0
2024-03-01 09:57:00,CCCC,10.890000343322754,10.890000343322754,10.943599700927734,10.890000343322754,10.9399995803833,1799.0
2024-03-01 09:57:00,CDMO,7.849999904632568,7.849999904632568,7.849999904632568,7.849999904632568,7.849999904632568,721.0
2024-03-01 09:57:00,CDNA,11.8100004196167,11.8100004196167,11.8100004196167,11.5600004196167,11.579999923706055,6627.0
2024-03-01 09:57:00,CDXS,4.330100059509277,4.330100059509277,4.330100059509277,4.330100059509277,4.330100059509277,272.0
2024-03-01 09:57:00,CERE,41.095001220703125,41.095001220703125,41.095001220703125,41.095001220703125,41.095001220703125,136.0
2024-03-01 09:57:00,CERS,2.180500030517578,2.180500030517578,2.184999942779541,2.1798999309539795,2.1798999309539795,1233.0
2024-03-01 09:57:00,CERT,17.520000457763672,17.520000457763672,17.549999237060547,17.479999542236328,17.479999542236328,75333.0
2024-03-01 09:57:00,CGC,3.2200000286102295,3.2200000286102295,3.2249999046325684,3.2200000286102295,3.222899913787842,839.0
2024-03-01 09:57:00,CGEM,18.8700008392334,18.8700008392334,18.8700008392334,18.799999237060547,18.799999237060547,302.0
2024-03-01 09:57:00,CGEN,2.575000047683716,2.575000047683716,2.579699993133545,2.575000047683716,2.579699993133545,1747.0
2024-03-01 09:57:00,CHRS,2.3299999237060547,2.3299999237060547,2.3299999237060547,2.3289999961853027,2.3299999237060547,4353.0
2024-03-01 09:57:00,CING,1.26010000705719,1.26010000705719,1.2791999578475952,1.26010000705719,1.2791999578475952,720.0
2024-03-01 09:57:00,CJJD,2.8499999046325684,2.8499999046325684,2.8499999046325684,2.8499999046325684,2.8499999046325684,324.0
2024-03-01 09:57:00,CKPT,2.134999990463257,2.134999990463257,2.134999990463257,2.130000114440918,2.134999990463257,1400.0
2024-03-01 09:57:00,CLDX,51.154998779296875,51.154998779296875,51.16999816894531,51.04999923706055,51.16999816894531,1536.0
2024-03-01 09:57:00,CLNN,0.3862000107765198,0.3862000107765198,0.3862000107765198,0.3862000107765198,0.3862000107765198,400.0
2024-03-01 09:57:00,CLOV,0.8540999889373779,0.8540999889373779,0.8540999889373779,0.8539999723434448,0.8539999723434448,10843.0
2024-03-01 09:57:00,CLPT,6.46999979019165,6.46999979019165,6.46999979019165,6.46999979019165,6.46999979019165,255.0
2024-03-01 09:57:00,CLRB,4.050000190734863,4.050000190734863,4.050000190734863,4.010000228881836,4.010000228881836,34235.0
2024-03-01 09:57:00,CMPX,1.7899999618530273,1.7899999618530273,1.7899999618530273,1.7899999618530273,1.7899999618530273,200.0
2024-03-01 09:57:00,CMRX,1.1301000118255615,1.1301000118255615,1.1301000118255615,1.1200000047683716,1.1299999952316284,8200.0
2024-03-01 09:57:00,CNSP,0.28450000286102295,0.28450000286102295,0.28450000286102295,0.28450000286102295,0.28450000286102295,601.0
2024-03-01 09:57:00,CNTA,10.454999923706055,10.454999923706055,10.579999923706055,10.329999923706055,10.460000038146973,7731.0
2024-03-01 09:57:00,COGT,7.308000087738037,7.308000087738037,7.308000087738037,7.308000087738037,7.308000087738037,810.0
2024-03-01 09:57:00,COLL,37.404998779296875,37.404998779296875,37.404998779296875,37.404998779296875,37.404998779296875,226.0
2024-03-01 09:57:00,CORT,23.204999923706055,23.204999923706055,23.204999923706055,23.204999923706055,23.204999923706055,497.0
2024-03-01 09:57:00,CPRX,16.799999237060547,16.799999237060547,16.875,16.790000915527344,16.875,5506.0
2024-03-01 09:57:00,CRBU,8.140000343322754,8.140000343322754,8.15999984741211,8.140000343322754,8.15999984741211,2867.0
2024-03-01 09:57:00,CRDF,2.669300079345703,2.669300079345703,2.700000047683716,2.6001999378204346,2.609999895095825,438103.0
2024-03-01 09:57:00,CRNX,44.52000045776367,44.52000045776367,44.68000030517578,44.52000045776367,44.68000030517578,285.0
2024-03-01 09:57:00,CRON,2.0350000858306885,2.0350000858306885,2.0399999618530273,2.031100034713745,2.0399999618530273,4606.0
2024-03-01 09:57:00,CRSP,85.43160247802734,85.43160247802734,85.5199966430664,85.43160247802734,85.50499725341797,1117.0
2024-03-01 09:57:00,CRVS,2.180000066757202,2.180000066757202,2.180000066757202,2.180000066757202,2.180000066757202,200.0
2024-03-01 09:57:00,CTKB,7.880000114440918,7.880000114440918,7.880000114440918,7.880000114440918,7.880000114440918,305.0
2024-03-01 09:57:00,CTMX,2.5,2.5,2.5,2.490000009536743,2.490000009536743,3900.0
2024-03-01 09:57:00,CUTR,2.2799999713897705,2.2799999713897705,2.2899999618530273,2.2699999809265137,2.2899999618530273,6714.0
2024-03-01 09:57:00,CVAC,3.4549999237060547,3.4549999237060547,3.4549999237060547,3.444999933242798,3.450000047683716,2200.0
2024-03-01 09:57:00,CYTK,74.6449966430664,74.6449966430664,74.7300033569336,74.2750015258789,74.36000061035156,7922.0
2024-03-01 09:57:00,CYTO,1.899999976158142,1.899999976158142,1.909999966621399,1.899999976158142,1.909999966621399,438.0
2024-03-01 09:57:00,DARE,0.5778999924659729,0.5778999924659729,0.5778999924659729,0.5778999924659729,0.5778999924659729,257.0
2024-03-01 09:57:00,DCGO,4.079999923706055,4.079999923706055,4.079999923706055,4.079999923706055,4.079999923706055,564.0
2024-03-01 09:57:00,DCPH,17.020000457763672,17.020000457763672,17.020000457763672,17.0,17.0,772.0
2024-03-01 09:57:00,DCTH,4.239999771118164,4.239999771118164,4.239999771118164,4.239999771118164,4.239999771118164,200.0
2024-03-01 09:57:00,DMTK,0.9200000166893005,0.9200000166893005,0.9200000166893005,0.8949999809265137,0.9197999835014343,5595.0
2024-03-01 09:57:00,DNLI,20.639999389648438,20.639999389648438,20.65999984741211,20.600000381469727,20.600000381469727,1376.0
2024-03-01 09:57:00,DRMA,0.45019999146461487,0.45019999146461487,0.45019999146461487,0.45010000467300415,0.45010000467300415,799.0
2024-03-01 09:57:00,DTIL,12.875,12.875,12.899999618530273,12.850000381469727,12.899999618530273,14554.0
2024-03-01 09:57:00,DVAX,12.8149995803833,12.8149995803833,12.829999923706055,12.8149995803833,12.824999809265137,1619.0
2024-03-01 09:57:00,DXCM,116.09500122070312,116.09500122070312,116.13999938964844,115.9800033569336,116.12999725341797,4923.0
2024-03-01 09:57:00,DYN,29.110000610351562,29.110000610351562,29.329999923706055,28.93000030517578,29.020000457763672,14806.0
2024-03-01 09:57:00,EDIT,10.575799942016602,10.575799942016602,10.596400260925293,10.539999961853027,10.596400260925293,8481.0
2024-03-01 09:57:00,ELDN,1.815000057220459,1.815000057220459,1.815000057220459,1.815000057220459,1.815000057220459,1918.0
2024-03-01 09:57:00,ELEV,5.059999942779541,5.059999942779541,5.099999904632568,5.010000228881836,5.057700157165527,13461.0
2024-03-01 09:57:00,EMBC,14.300000190734863,14.300000190734863,14.300000190734863,14.289999961853027,14.289999961853027,1120.0
2024-03-01 09:57:00,ENTA,14.670000076293945,14.670000076293945,14.75,14.520000457763672,14.520000457763672,2353.0
2024-03-01 09:57:00,ENVB,1.6349999904632568,1.6349999904632568,1.6699999570846558,1.600000023841858,1.6299999952316284,55528.0
2024-03-01 09:57:00,EOLS,14.831299781799316,14.831299781799316,14.831299781799316,14.831299781799316,14.831299781799316,285.0
2024-03-01 09:57:00,ERAS,2.3949999809265137,2.3949999809265137,2.3949999809265137,2.390000104904175,2.390000104904175,4023.0
2024-03-01 09:57:00,ESPR,2.5199999809265137,2.5199999809265137,2.5299999713897705,2.5199999809265137,2.5299999713897705,1188.0
2024-03-01 09:57:00,ESTA,44.959999084472656,44.959999084472656,44.959999084472656,44.959999084472656,44.959999084472656,262.0
2024-03-01 09:57:00,ETNB,12.369999885559082,12.369999885559082,12.46500015258789,12.350000381469727,12.46500015258789,7792.0
2024-03-01 09:57:00,EWTX,16.274999618530273,16.274999618530273,16.274999618530273,16.225000381469727,16.225000381469727,1518.0
2024-03-01 09:57:00,EXAI,6.769999980926514,6.769999980926514,6.78000020980835,6.760000228881836,6.78000020980835,1780.0
2024-03-01 09:57:00,EXAS,58.69499969482422,58.69499969482422,58.69499969482422,58.40610122680664,58.41999816894531,6787.0
2024-03-01 09:57:00,EXEL,22.385000228881836,22.385000228881836,22.385000228881836,22.3799991607666,22.3799991607666,1099.0
2024-03-01 09:57:00,EYEN,2.093100070953369,2.093100070953369,2.140000104904175,2.0799999237060547,2.109999895095825,71940.0
2024-03-01 09:57:00,FATE,7.409999847412109,7.409999847412109,7.454999923706055,7.409999847412109,7.454999923706055,1811.0
2024-03-01 09:57:00,FBIO,2.188800096511841,2.188800096511841,2.200000047683716,2.180000066757202,2.180000066757202,3353.0
2024-03-01 09:57:00,FDMT,29.5,29.5,29.5,29.5,29.5,346.0
2024-03-01 09:57:00,FENC,9.635000228881836,9.635000228881836,9.635000228881836,9.635000228881836,9.635000228881836,500.0
2024-03-01 09:57:00,FGEN,1.7699999809265137,1.7699999809265137,1.7699999809265137,1.7699999809265137,1.7699999809265137,2000.0
2024-03-01 09:57:00,FLGT,22.760000228881836,22.760000228881836,22.760000228881836,22.719999313354492,22.719999313354492,457.0
2024-03-01 09:57:00,FOLD,13.4350004196167,13.4350004196167,13.4399995803833,13.425000190734863,13.425000190734863,1166.0
2024-03-01 09:57:00,FULC,10.399999618530273,10.399999618530273,10.399999618530273,10.399999618530273,10.399999618530273,261.0
2024-03-01 09:57:00,FUSN,12.194999694824219,12.194999694824219,12.194999694824219,12.194999694824219,12.194999694824219,200.0
2024-03-01 09:57:00,GBIO,2.4700000286102295,2.4700000286102295,2.470099925994873,2.4700000286102295,2.470099925994873,1028.0
2024-03-01 09:57:00,GDRX,8.34000015258789,8.34000015258789,8.364999771118164,8.34000015258789,8.350000381469727,2225.0
2024-03-01 09:57:00,GENE,2.200000047683716,2.200000047683716,2.200000047683716,2.200000047683716,2.200000047683716,210.0
2024-03-01 09:57:00,GERN,2.069999933242798,2.069999933242798,2.0899999141693115,2.069999933242798,2.0850000381469727,56858.0
2024-03-01 09:57:00,GH,19.104999542236328,19.104999542236328,19.1299991607666,19.104999542236328,19.1299991607666,506.0
2024-03-01 09:57:00,GILD,72.5199966430664,72.5199966430664,72.57499694824219,72.5199966430664,72.57499694824219,7062.0
2024-03-01 09:57:00,GLPG,35.060001373291016,35.060001373291016,35.060001373291016,35.040000915527344,35.040000915527344,395.0
2024-03-01 09:57:00,GMAB,28.6299991607666,28.6299991607666,28.6299991607666,28.6200008392334,28.6200008392334,144.0
2024-03-01 09:57:00,GOSS,1.3700000047683716,1.3700000047683716,1.3799999952316284,1.3650000095367432,1.3799999952316284,1717.0
2024-03-01 09:57:00,GRFS,6.710000038146973,6.710000038146973,6.760000228881836,6.679999828338623,6.715000152587891,18942.0
2024-03-01 09:57:00,GRTS,1.9850000143051147,1.9850000143051147,2.0,1.9599000215530396,1.9599000215530396,17571.0
2024-03-01 09:57:00,GRTX,0.22699999809265137,0.22699999809265137,0.22699999809265137,0.22699999809265137,0.22699999809265137,7574.0
2024-03-01 09:57:00,GTHX,3.3698999881744385,3.3698999881744385,3.384999990463257,3.365000009536743,3.384999990463257,1500.0
2024-03-01 09:57:00,HALO,40.939998626708984,40.939998626708984,40.95000076293945,40.84000015258789,40.84000015258789,1537.0
2024-03-01 09:57:00,HARP,22.940000534057617,22.940000534057617,22.950000762939453,22.940000534057617,22.950000762939453,5407.0
2024-03-01 09:57:00,HCSG,12.609999656677246,12.609999656677246,12.609999656677246,12.609999656677246,12.609999656677246,854.0
2024-03-01 09:57:00,HCTI,2.3801000118255615,2.3801000118255615,2.4200000762939453,2.369999885559082,2.4198999404907227,2146.0
2024-03-01 09:57:00,HLVX,18.350000381469727,18.350000381469727,18.415000915527344,18.219999313354492,18.415000915527344,6336.0
2024-03-01 09:57:00,HOLX,73.66999816894531,73.66999816894531,73.70500183105469,73.66999816894531,73.69000244140625,1194.0
2024-03-01 09:57:00,HQY,82.03500366210938,82.03500366210938,82.11000061035156,81.91500091552734,82.11000061035156,1007.0
2024-03-01 09:57:00,HROW,10.9399995803833,10.9399995803833,10.940099716186523,10.9399995803833,10.940099716186523,3195.0
2024-03-01 09:57:00,HRTX,2.5999999046325684,2.5999999046325684,2.5999999046325684,2.5950000286102295,2.5950000286102295,724.0
2024-03-01 09:57:00,HSIC,77.05999755859375,77.05999755859375,77.05999755859375,77.05999755859375,77.05999755859375,432.0
2024-03-01 09:57:00,HUMA,3.069999933242798,3.069999933242798,3.069999933242798,3.059999942779541,3.069999933242798,42853.0
2024-03-01 09:57:00,IART,36.7400016784668,36.7400016784668,36.75,36.71049880981445,36.71049880981445,928.0
2024-03-01 09:57:00,IBRX,4.954500198364258,4.954500198364258,4.960000038146973,4.93120002746582,4.939899921417236,27516.0
2024-03-01 09:57:00,ICCM,1.2999000549316406,1.2999000549316406,1.2999000549316406,1.2999000549316406,1.2999000549316406,400.0
2024-03-01 09:57:00,ICLR,321.92999267578125,321.92999267578125,321.92999267578125,321.0799865722656,321.67999267578125,845.0
2024-03-01 09:57:00,ICUI,105.11000061035156,105.11000061035156,105.11000061035156,105.11000061035156,105.11000061035156,3154.0
2024-03-01 09:57:00,IDYA,46.025001525878906,46.025001525878906,46.04999923706055,45.97999954223633,45.97999954223633,1175.0
2024-03-01 09:57:00,ILMN,137.71499633789062,137.71499633789062,137.75999450683594,137.5590057373047,137.75999450683594,1303.0
2024-03-01 09:57:00,IMAB,1.860700011253357,1.860700011253357,1.860700011253357,1.860700011253357,1.860700011253357,227.0
2024-03-01 09:57:00,IMCR,68.3499984741211,68.3499984741211,68.5,68.27989959716797,68.27999877929688,1463.0
2024-03-01 09:57:00,IMNM,24.809999465942383,24.809999465942383,24.809999465942383,24.809999465942383,24.809999465942383,707.0
2024-03-01 09:57:00,IMTX,12.850000381469727,12.850000381469727,12.859999656677246,12.850000381469727,12.850000381469727,1220.0
2024-03-01 09:57:00,IMUX,1.5049999952316284,1.5049999952316284,1.5049999952316284,1.5012999773025513,1.5012999773025513,650.0
2024-03-01 09:57:00,IMVT,36.814998626708984,36.814998626708984,36.849998474121094,36.79999923706055,36.849998474121094,1158.0
2024-03-01 09:57:00,INAB,1.100000023841858,1.100000023841858,1.100000023841858,1.100000023841858,1.100000023841858,0.0
2024-03-01 09:57:00,INBX,36.84000015258789,36.84000015258789,36.84000015258789,36.84000015258789,36.84000015258789,333.0
2024-03-01 09:57:00,INCY,59.220001220703125,59.220001220703125,59.220001220703125,59.13999938964844,59.13999938964844,2323.0
2024-03-01 09:57:00,INDP,2.020400047302246,2.020400047302246,2.020400047302246,2.020400047302246,2.020400047302246,1000.0
2024-03-01 09:57:00,INGN,6.769999980926514,6.769999980926514,6.769999980926514,6.760000228881836,6.760000228881836,220.0
2024-03-01 09:57:00,INMD,22.309999465942383,22.309999465942383,22.309999465942383,22.290000915527344,22.290000915527344,2624.0
2024-03-01 09:57:00,INO,9.119999885559082,9.119999885559082,9.140000343322754,9.119999885559082,9.140000343322754,312.0
2024-03-01 09:57:00,INSM,28.155000686645508,28.155000686645508,28.18000030517578,28.145000457763672,28.18000030517578,1417.0
2024-03-01 09:57:00,INVA,15.460000038146973,15.460000038146973,15.460000038146973,15.430000305175781,15.4399995803833,1927.0
2024-03-01 09:57:00,INZY,6.429999828338623,6.429999828338623,6.429999828338623,6.429999828338623,6.429999828338623,129.0
2024-03-01 09:57:00,IONS,45.279998779296875,45.279998779296875,45.290000915527344,45.22999954223633,45.22999954223633,3281.0
2024-03-01 09:57:00,IOVA,16.924999237060547,16.924999237060547,16.96500015258789,16.860000610351562,16.940099716186523,15708.0
2024-03-01 09:57:00,IRWD,8.975000381469727,8.975000381469727,8.979999542236328,8.9350004196167,8.949999809265137,13250.0
2024-03-01 09:57:00,ISRG,386.9750061035156,386.9750061035156,386.9750061035156,386.5799865722656,386.5799865722656,1589.0
2024-03-01 09:57:00,ITCI,71.37000274658203,71.37000274658203,71.37000274658203,71.37000274658203,71.37000274658203,454.0
2024-03-01 09:57:00,ITOS,10.757499694824219,10.757499694824219,10.757499694824219,10.755000114440918,10.755000114440918,303.0
2024-03-01 09:57:00,IVVD,3.944999933242798,3.944999933242798,3.944999933242798,3.944999933242798,3.944999933242798,375.0
2024-03-01 09:57:00,IXHL,5.179999828338623,5.179999828338623,5.179999828338623,5.110000133514404,5.110000133514404,1644.0
2024-03-01 09:57:00,JAGX,0.06889999657869339,0.06889999657869339,0.06960000097751617,0.06599999964237213,0.06849999725818634,570959.0
2024-03-01 09:57:00,JANX,48.974998474121094,48.974998474121094,48.995601654052734,48.22999954223633,48.22999954223633,6483.0
2024-03-01 09:57:00,JAZZ,122.45999908447266,122.45999908447266,122.45999908447266,122.05000305175781,122.05000305175781,2690.0
2024-03-01 09:57:00,KALV,13.930000305175781,13.930000305175781,13.960000038146973,13.930000305175781,13.960000038146973,323.0
2024-03-01 09:57:00,KIDS,26.950000762939453,26.950000762939453,26.950000762939453,26.950000762939453,26.950000762939453,1175.0
2024-03-01 09:57:00,KNSA,21.440000534057617,21.440000534057617,21.459999084472656,21.4375,21.450000762939453,1622.0
2024-03-01 09:57:00,KOD,6.119999885559082,6.119999885559082,6.130000114440918,6.119999885559082,6.125,793.0
2024-03-01 09:57:00,KPTI,1.1449999809265137,1.1449999809265137,1.1449999809265137,1.1399999856948853,1.1449999809265137,603.0
2024-03-01 09:57:00,KROS,69.01000213623047,69.01000213623047,69.01000213623047,69.01000213623047,69.01000213623047,236.0
2024-03-01 09:57:00,KRTX,316.510009765625,316.510009765625,316.510009765625,316.510009765625,316.510009765625,175.0
2024-03-01 09:57:00,KRYS,166.4499969482422,166.4499969482422,166.4499969482422,166.3249969482422,166.3249969482422,266.0
2024-03-01 09:57:00,KURA,21.200000762939453,21.200000762939453,21.200000762939453,21.200000762939453,21.200000762939453,364.0
2024-03-01 09:57:00,KYMR,43.3849983215332,43.3849983215332,43.52000045776367,43.3849983215332,43.494998931884766,7308.0
2024-03-01 09:57:00,KZR,1.090000033378601,1.090000033378601,1.090000033378601,1.0850000381469727,1.090000033378601,10341.0
2024-03-01 09:57:00,LBPH,22.385000228881836,22.385000228881836,22.385000228881836,22.385000228881836,22.385000228881836,200.0
2024-03-01 09:57:00,LEXX,2.59879994392395,2.59879994392395,2.634399890899658,2.559999942779541,2.5950000286102295,1370.0
2024-03-01 09:57:00,LFMD,8.029999732971191,8.029999732971191,8.029999732971191,7.989999771118164,7.989999771118164,75.0
2024-03-01 09:57:00,LFST,7.994999885559082,7.994999885559082,8.030599594116211,7.994999885559082,8.030599594116211,2131.0
2024-03-01 09:57:00,LIVN,54.439998626708984,54.439998626708984,54.439998626708984,54.439998626708984,54.439998626708984,123.0
2024-03-01 09:57:00,LNTH,65.91000366210938,65.91000366210938,65.91000366210938,65.91000366210938,65.91000366210938,119.0
2024-03-01 09:57:00,LQDA,14.28499984741211,14.28499984741211,14.28499984741211,14.279999732971191,14.283699989318848,381.0
2024-03-01 09:57:00,LTRN,4.78000020980835,4.78000020980835,4.78000020980835,4.78000020980835,4.78000020980835,13571.0
2024-03-01 09:57:00,LVTX,2.932300090789795,2.932300090789795,3.009999990463257,2.932300090789795,3.007999897003174,8984.0
2024-03-01 09:57:00,LXRX,2.440700054168701,2.440700054168701,2.440700054168701,2.440000057220459,2.440000057220459,850.0
2024-03-01 09:57:00,LYEL,3.0404999256134033,3.0404999256134033,3.0425000190734863,3.0404999256134033,3.0425000190734863,2201.0
2024-03-01 09:57:00,MBOT,1.26010000705719,1.26010000705719,1.26010000705719,1.26010000705719,1.26010000705719,317.0
2024-03-01 09:57:00,MCRB,1.1549999713897705,1.1549999713897705,1.159500002861023,1.149999976158142,1.159500002861023,6700.0
2024-03-01 09:57:00,MDGL,245.17999267578125,245.17999267578125,245.17999267578125,244.72999572753906,245.02000427246094,1011.0
2024-03-01 09:57:00,MDRX,5.920000076293945,5.920000076293945,5.949999809265137,5.860000133514404,5.860000133514404,51690.0
2024-03-01 09:57:00,MDXG,8.489999771118164,8.489999771118164,8.5,8.479999542236328,8.489999771118164,2293.0
2024-03-01 09:57:00,ME,0.5507000088691711,0.5507000088691711,0.5519999861717224,0.5507000088691711,0.5508999824523926,0.0
2024-03-01 09:57:00,MGNX,18.6471004486084,18.6471004486084,18.6471004486084,18.600000381469727,18.610000610351562,1174.0
2024-03-01 09:57:00,MIRM,29.3799991607666,29.3799991607666,29.510000228881836,29.3799991607666,29.510000228881836,590.0
2024-03-01 09:57:00,MIST,1.6999000310897827,1.6999000310897827,1.6999000310897827,1.6999000310897827,1.6999000310897827,2055.0
2024-03-01 09:57:00,MLTX,52.2599983215332,52.2599983215332,52.46670150756836,52.2599983215332,52.46670150756836,916.0
2024-03-01 09:57:00,MNKD,4.40500020980835,4.40500020980835,4.409999847412109,4.375,4.379000186920166,19008.0
2024-03-01 09:57:00,MNMD,5.710000038146973,5.710000038146973,5.710000038146973,5.679900169372559,5.679999828338623,8624.0
2024-03-01 09:57:00,MOR,17.559999465942383,17.559999465942383,17.559999465942383,17.559999465942383,17.559999465942383,160.0
2024-03-01 09:57:00,MRNA,93.70970153808594,93.70970153808594,93.96179962158203,93.70970153808594,93.81500244140625,4340.0
2024-03-01 09:57:00,MRSN,5.817500114440918,5.817500114440918,5.835000038146973,5.799900054931641,5.799900054931641,2945.0
2024-03-01 09:57:00,MRUS,48.915000915527344,48.915000915527344,49.060001373291016,48.81999969482422,49.060001373291016,1277.0
2024-03-01 09:57:00,MRVI,7.769999980926514,7.769999980926514,7.78000020980835,7.769999980926514,7.78000020980835,912.0
2024-03-01 09:57:00,MXCT,4.639999866485596,4.639999866485596,4.639999866485596,4.639999866485596,4.639999866485596,333.0
2024-03-01 09:57:00,MYGN,21.049999237060547,21.049999237060547,21.049999237060547,21.049999237060547,21.049999237060547,260.0
2024-03-01 09:57:00,MYNZ,0.8802000284194946,0.8802000284194946,0.8809999823570251,0.8802000284194946,0.8809999823570251,715.0
2024-03-01 09:57:00,NARI,45.49399948120117,45.49399948120117,45.66999816894531,45.41999816894531,45.51940155029297,6167.0
2024-03-01 09:57:00,NEO,15.640000343322754,15.640000343322754,15.65999984741211,15.640000343322754,15.65999984741211,659.0
2024-03-01 09:57:00,NEOG,16.969999313354492,16.969999313354492,16.975000381469727,16.959999084472656,16.959999084472656,1075.0
2024-03-01 09:57:00,NEPT,0.4309000074863434,0.4309000074863434,0.4309000074863434,0.4309000074863434,0.4309000074863434,74.0
2024-03-01 09:57:00,NERV,2.630000114440918,2.630000114440918,2.630000114440918,2.6185998916625977,2.6185998916625977,3669.0
2024-03-01 09:57:00,NGM,1.5252000093460083,1.5252000093460083,1.5299999713897705,1.524999976158142,1.524999976158142,1142.0
2024-03-01 09:57:00,NKTR,0.7200000286102295,0.7200000286102295,0.7200000286102295,0.7200000286102295,0.7200000286102295,0.0
2024-03-01 09:57:00,NKTX,12.229999542236328,12.229999542236328,12.244999885559082,12.149999618530273,12.226200103759766,2628.0
2024-03-01 09:57:00,NNOX,11.180000305175781,11.180000305175781,11.239999771118164,11.180000305175781,11.239999771118164,4752.0
2024-03-01 09:57:00,NRBO,5.869100093841553,5.869100093841553,5.909999847412109,5.869100093841553,5.909999847412109,3431.0
2024-03-01 09:57:00,NRIX,12.630000114440918,12.630000114440918,12.694999694824219,12.630000114440918,12.694999694824219,774.0
2024-03-01 09:57:00,NRSN,1.9386999607086182,1.9386999607086182,1.940000057220459,1.9098999500274658,1.9098999500274658,1062.0
2024-03-01 09:57:00,NRXP,0.41990000009536743,0.41990000009536743,0.41990000009536743,0.40860000252723694,0.40860000252723694,7824.0
2024-03-01 09:57:00,NTLA,32.959999084472656,32.959999084472656,32.97999954223633,32.91999816894531,32.91999816894531,1656.0
2024-03-01 09:57:00,NTRA,89.08999633789062,89.08999633789062,89.0999984741211,88.94999694824219,88.98999786376953,5213.0
2024-03-01 09:57:00,NURO,4.068299770355225,4.068299770355225,4.068299770355225,4.050000190734863,4.050000190734863,2382.0
2024-03-01 09:57:00,NUTX,0.11299999803304672,0.11299999803304672,0.11299999803304672,0.11299999803304672,0.11299999803304672,1319.0
2024-03-01 09:57:00,NVAX,4.879499912261963,4.879499912261963,4.880000114440918,4.861700057983398,4.879899978637695,15172.0
2024-03-01 09:57:00,NVCR,15.329999923706055,15.329999923706055,15.329999923706055,15.319999694824219,15.319999694824219,254.0
2024-03-01 09:57:00,OCGN,0.914900004863739,0.914900004863739,0.9212999939918518,0.9120000004768372,0.9200000166893005,6241.0
2024-03-01 09:57:00,OCUL,10.414999961853027,10.414999961853027,10.430000305175781,10.414999961853027,10.430000305175781,677.0
2024-03-01 09:57:00,OGI,2.0850000381469727,2.0850000381469727,2.0850000381469727,2.0850000381469727,2.0850000381469727,375.0
2024-03-01 09:57:00,OLK,22.334999084472656,22.334999084472656,22.334999084472656,22.334999084472656,22.334999084472656,244.0
2024-03-01 09:57:00,OLMA,12.854999542236328,12.854999542236328,12.854999542236328,12.854999542236328,12.854999542236328,109.0
2024-03-01 09:57:00,OM,3.0199999809265137,3.0199999809265137,3.0199999809265137,3.0199999809265137,3.0199999809265137,8.0
2024-03-01 09:57:00,OMGA,4.114999771118164,4.114999771118164,4.114999771118164,4.114999771118164,4.114999771118164,240.0
2024-03-01 09:57:00,OMIC,0.5715000033378601,0.5715000033378601,0.5715000033378601,0.5715000033378601,0.5715000033378601,108.0
2024-03-01 09:58:00,ABEO,7.244999885559082,7.244999885559082,7.244999885559082,7.244999885559082,7.244999885559082,223.0
2024-03-01 09:58:00,ABSI,5.119999885559082,5.119999885559082,5.128900051116943,5.110000133514404,5.110000133514404,3914.0
2024-03-01 09:58:00,ABUS,2.7850000858306885,2.7850000858306885,2.7899999618530273,2.7850000858306885,2.7899999618530273,962.0
2024-03-01 09:58:00,ABVC,1.1799999475479126,1.1799999475479126,1.184499979019165,1.1799999475479126,1.1799999475479126,500.0
2024-03-01 09:58:00,ACAD,23.360000610351562,23.360000610351562,23.389999389648438,23.360000610351562,23.389999389648438,1676.0
2024-03-01 09:58:00,ACB,3.0399999618530273,3.0399999618530273,3.0469000339508057,3.0299999713897705,3.0399999618530273,5094.0
2024-03-01 09:58:00,ACHC,83.37000274658203,83.37000274658203,83.37000274658203,83.37000274658203,83.37000274658203,238.0
2024-03-01 09:58:00,ACHL,1.399999976158142,1.399999976158142,1.399999976158142,1.382699966430664,1.382699966430664,1600.0
2024-03-01 09:58:00,ACON,0.38499999046325684,0.38499999046325684,0.38499999046325684,0.38499999046325684,0.38499999046325684,1430.0
2024-03-01 09:58:00,ACRS,1.2450000047683716,1.2450000047683716,1.25,1.2450000047683716,1.25,800.0
2024-03-01 09:58:00,ADIL,3.1700000762939453,3.1700000762939453,3.190000057220459,3.0999999046325684,3.159899950027466,132813.0
2024-03-01 09:58:00,ADMA,5.3506999015808105,5.3506999015808105,5.360000133514404,5.3506999015808105,5.360000133514404,6334.0
2024-03-01 09:58:00,ADPT,4.045000076293945,4.045000076293945,4.050000190734863,4.045000076293945,4.050000190734863,570.0
2024-03-01 09:58:00,ADUS,92.4000015258789,92.4000015258789,92.41000366210938,92.37000274658203,92.41000366210938,920.0
2024-03-01 09:58:00,ADVM,1.9800000190734863,1.9800000190734863,1.9800000190734863,1.9800000190734863,1.9800000190734863,395.0
2024-03-01 09:58:00,AEMD,1.6749999523162842,1.6749999523162842,1.6749999523162842,1.6749999523162842,1.6749999523162842,501.0
2024-03-01 09:58:00,AGEN,0.6832000017166138,0.6832000017166138,0.6833000183105469,0.6823999881744385,0.6825000047683716,87959.0
2024-03-01 09:58:00,AGIO,32.61000061035156,32.61000061035156,32.61000061035156,32.61000061035156,32.61000061035156,315.0
2024-03-01 09:58:00,AHCO,10.460000038146973,10.460000038146973,10.460000038146973,10.460000038146973,10.460000038146973,319.0
2024-03-01 09:58:00,AIMD,0.9800000190734863,0.9800000190734863,1.0,0.9800000190734863,1.0,808.0
2024-03-01 09:58:00,AIRS,6.46999979019165,6.46999979019165,6.46999979019165,6.46999979019165,6.46999979019165,200.0
2024-03-01 09:58:00,AKAN,0.2720000147819519,0.2720000147819519,0.27219998836517334,0.27000001072883606,0.27219998836517334,7801.0
2024-03-01 09:58:00,AKBA,1.6540000438690186,1.6540000438690186,1.6649999618530273,1.6399999856948853,1.6649999618530273,35187.0
2024-03-01 09:58:00,AKRO,27.790000915527344,27.790000915527344,27.860000610351562,27.790000915527344,27.860000610351562,1280.0
2024-03-01 09:58:00,AKYA,5.771100044250488,5.771100044250488,5.771100044250488,5.771100044250488,5.771100044250488,400.0
2024-03-01 09:58:00,ALDX,3.9398999214172363,3.9398999214172363,3.940000057220459,3.9179999828338623,3.9179999828338623,12724.0
2024-03-01 09:58:00,ALGN,299.5299987792969,299.5299987792969,299.5299987792969,299.1300048828125,299.5,2009.0
2024-03-01 09:58:00,ALHC,5.940000057220459,5.940000057220459,5.940000057220459,5.940000057220459,5.940000057220459,901.0
2024-03-01 09:58:00,ALKS,29.969999313354492,29.969999313354492,29.969999313354492,29.969999313354492,29.969999313354492,123.0
2024-03-01 09:58:00,ALLK,1.5549999475479126,1.5549999475479126,1.559999942779541,1.5499999523162842,1.559999942779541,4425.0
2024-03-01 09:58:00,ALLO,4.986000061035156,4.986000061035156,4.986000061035156,4.986000061035156,4.986000061035156,874.0
2024-03-01 09:58:00,ALPN,36.03499984741211,36.03499984741211,36.03499984741211,36.03499984741211,36.03499984741211,558.0
2024-03-01 09:58:00,ALT,11.9399995803833,11.9399995803833,11.966699600219727,11.920000076293945,11.920100212097168,10730.0
2024-03-01 09:58:00,ALXO,14.90999984741211,14.90999984741211,14.970000267028809,14.90999984741211,14.949999809265137,993.0
2024-03-01 09:58:00,AMGN,276.7900085449219,276.7900085449219,277.04998779296875,276.7200012207031,276.92999267578125,5697.0
2024-03-01 09:58:00,AMLX,18.899999618530273,18.899999618530273,18.93000030517578,18.889999389648438,18.93000030517578,2092.0
2024-03-01 09:58:00,AMPH,46.380001068115234,46.380001068115234,46.48249816894531,46.380001068115234,46.48249816894531,544.0
2024-03-01 09:58:00,AMRN,1.0200999975204468,1.0200999975204468,1.0269999504089355,1.0199999809265137,1.0199999809265137,4917.0
2024-03-01 09:58:00,ANGO,5.309999942779541,5.309999942779541,5.309999942779541,5.309999942779541,5.309999942779541,0.0
2024-03-01 09:58:00,ANNX,5.949999809265137,5.949999809265137,5.949999809265137,5.929999828338623,5.929999828338623,1940.0
2024-03-01 09:58:00,APLS,62.45000076293945,62.45000076293945,62.505001068115234,62.400001525878906,62.43000030517578,4363.0
2024-03-01 09:58:00,APLT,7.510000228881836,7.510000228881836,7.539999961853027,7.480000019073486,7.539999961853027,3389.0
2024-03-01 09:58:00,APRE,8.5,8.5,8.846500396728516,8.5,8.846500396728516,996.0
2024-03-01 09:58:00,AQST,4.1097002029418945,4.1097002029418945,4.119999885559082,4.099999904632568,4.110000133514404,18205.0
2024-03-01 09:58:00,ARDX,9.659700393676758,9.659700393676758,9.65999984741211,9.650899887084961,9.654999732971191,4484.0
2024-03-01 09:58:00,ARQT,11.020099639892578,11.020099639892578,11.0600004196167,11.002699851989746,11.010100364685059,18339.0
2024-03-01 09:58:00,ARVN,49.189998626708984,49.189998626708984,49.189998626708984,49.189998626708984,49.189998626708984,133.0
2024-03-01 09:58:00,ARWR,34.14799880981445,34.14799880981445,34.288700103759766,34.119998931884766,34.170101165771484,3209.0
2024-03-01 09:58:00,ASND,148.41000366210938,148.41000366210938,149.02000427246094,148.41000366210938,149.02000427246094,1821.0
2024-03-01 09:58:00,ASRT,0.9071000218391418,0.9071000218391418,0.9071000218391418,0.9049999713897705,0.9049999713897705,1828.0
2024-03-01 09:58:00,ATAI,1.9299999475479126,1.9299999475479126,1.9388999938964844,1.9299999475479126,1.9388999938964844,0.0
2024-03-01 09:58:00,ATEC,13.265000343322754,13.265000343322754,13.270000457763672,13.265000343322754,13.270000457763672,470.0
2024-03-01 09:58:00,ATOS,0.9900000095367432,0.9900000095367432,0.9901000261306763,0.9900000095367432,0.9901000261306763,1828.0
2024-03-01 09:58:00,ATRA,0.7699999809265137,0.7699999809265137,0.7799000144004822,0.7699999809265137,0.7797999978065491,847.0
2024-03-01 09:58:00,ATXS,14.380000114440918,14.380000114440918,14.4399995803833,14.380000114440918,14.4399995803833,1202.0
2024-03-01 09:58:00,AUPH,5.711299896240234,5.711299896240234,5.719699859619141,5.711299896240234,5.719699859619141,1200.0
2024-03-01 09:58:00,AUTL,6.150000095367432,6.150000095367432,6.164999961853027,6.150000095367432,6.159999847412109,6712.0
2024-03-01 09:58:00,AVDL,12.899999618530273,12.899999618530273,12.899999618530273,12.880000114440918,12.880000114440918,3207.0
2024-03-01 09:58:00,AXNX,67.51000213623047,67.51000213623047,67.5999984741211,67.5,67.55999755859375,14318.0
2024-03-01 09:58:00,AZN,63.97999954223633,63.97999954223633,64.05500030517578,63.97999954223633,64.05500030517578,3816.0
2024-03-01 09:58:00,BACK,1.465000033378601,1.465000033378601,1.465000033378601,1.465000033378601,1.465000033378601,630.0
2024-03-01 09:58:00,BBIO,34.959999084472656,34.959999084472656,34.97999954223633,34.939998626708984,34.97999954223633,530.0
2024-03-01 09:58:00,BBLG,2.4000000953674316,2.4000000953674316,2.4800000190734863,2.4000000953674316,2.4800000190734863,3882.0
2024-03-01 09:58:00,BCDA,0.5648999810218811,0.5648999810218811,0.5649999976158142,0.5576000213623047,0.5576000213623047,947.0
2024-03-01 09:58:00,BCEL,0.26499998569488525,0.26499998569488525,0.26589998602867126,0.26499998569488525,0.26589998602867126,4963.0
2024-03-01 09:58:00,BCTX,3.417799949645996,3.417799949645996,3.417799949645996,3.417799949645996,3.417799949645996,608.0
2024-03-01 09:58:00,BCYC,25.65999984741211,25.65999984741211,25.65999984741211,25.65999984741211,25.65999984741211,111.0
2024-03-01 09:58:00,BDSX,1.7000000476837158,1.7000000476837158,1.7100000381469727,1.7000000476837158,1.7000000476837158,2884.0
2024-03-01 09:58:00,BDTX,5.318299770355225,5.318299770355225,5.318299770355225,5.318299770355225,5.318299770355225,919.0
2024-03-01 09:58:00,BEAM,39.880001068115234,39.880001068115234,39.94779968261719,39.84000015258789,39.935001373291016,1141.0
2024-03-01 09:58:00,BGNE,163.86000061035156,163.86000061035156,164.11000061035156,163.86000061035156,163.88999938964844,483.0
2024-03-01 09:58:00,BGXX,0.2759000062942505,0.2759000062942505,0.2759000062942505,0.27000001072883606,0.27000001072883606,16352.0
2024-03-01 09:58:00,BIIB,218.4250030517578,218.4250030517578,218.42999267578125,218.4250030517578,218.42999267578125,888.0
2024-03-01 09:58:00,BIOR,1.2503999471664429,1.2503999471664429,1.2503999471664429,1.2503999471664429,1.2503999471664429,3061.0
2024-03-01 09:58:00,BIVI,2.7300000190734863,2.7300000190734863,2.75,2.6500000953674316,2.7300000190734863,445752.0
2024-03-01 09:58:00,BLFS,17.270000457763672,17.270000457763672,17.31999969482422,17.239999771118164,17.239999771118164,2697.0
2024-03-01 09:58:00,BLRX,1.409999966621399,1.409999966621399,1.409999966621399,1.399999976158142,1.399999976158142,5237.0
2024-03-01 09:58:00,BLUE,1.5679999589920044,1.5679999589920044,1.5800000429153442,1.559999942779541,1.5800000429153442,27538.0
2024-03-01 09:58:00,BMEA,17.604999542236328,17.604999542236328,17.604999542236328,17.604999542236328,17.604999542236328,135.0
2024-03-01 09:58:00,BMRN,86.17500305175781,86.17500305175781,86.17500305175781,86.17500305175781,86.17500305175781,547.0
2024-03-01 09:58:00,BNTX,90.58000183105469,90.58000183105469,90.5999984741211,90.38999938964844,90.5999984741211,3318.0
2024-03-01 09:58:00,BOLT,1.159999966621399,1.159999966621399,1.159999966621399,1.159999966621399,1.159999966621399,1123.0
2024-03-01 09:58:00,BPMC,96.31999969482422,96.31999969482422,96.55000305175781,96.26000213623047,96.44999694824219,1780.0
2024-03-01 09:58:00,BRKR,86.875,86.875,86.875,86.80999755859375,86.8499984741211,1188.0
2024-03-01 09:58:00,BRTX,1.5298999547958374,1.5298999547958374,1.5299999713897705,1.4902000427246094,1.500100016593933,8725.0
2024-03-01 09:58:00,BTAI,3.190000057220459,3.190000057220459,3.190000057220459,3.190000057220459,3.190000057220459,62.0
2024-03-01 09:58:00,BTMD,6.139999866485596,6.139999866485596,6.175000190734863,6.139999866485596,6.159999847412109,801.0
2024-03-01 09:58:00,BTTX,0.16419999301433563,0.16419999301433563,0.16429999470710754,0.1615999937057495,0.164000004529953,18780.0
2024-03-01 09:58:00,CABA,24.295000076293945,24.295000076293945,24.5,24.295000076293945,24.5,1755.0
2024-03-01 09:58:00,CAPR,4.6894001960754395,4.6894001960754395,4.689899921417236,4.6894001960754395,4.689899921417236,958.0
2024-03-01 09:58:00,CARA,0.862500011920929,0.862500011920929,0.8700000047683716,0.862500011920929,0.8700000047683716,543.0
2024-03-01 09:58:00,CBAY,32.224998474121094,32.224998474121094,32.22999954223633,32.220001220703125,32.220001220703125,5301.0
2024-03-01 09:58:00,CCCC,10.864999771118164,10.864999771118164,10.890000343322754,10.859999656677246,10.880000114440918,1902.0
2024-03-01 09:58:00,CDMO,7.849999904632568,7.849999904632568,7.849999904632568,7.849999904632568,7.849999904632568,254.0
2024-03-01 09:58:00,CDNA,11.765000343322754,11.765000343322754,11.813599586486816,11.75,11.800000190734863,12510.0
2024-03-01 09:58:00,CDTX,0.73089998960495,0.73089998960495,0.73089998960495,0.73089998960495,0.73089998960495,780.0
2024-03-01 09:58:00,CDXS,4.324999809265137,4.324999809265137,4.324999809265137,4.311600208282471,4.311600208282471,358.0
2024-03-01 09:58:00,CERE,41.11000061035156,41.11000061035156,41.11000061035156,41.095001220703125,41.095001220703125,532.0
2024-03-01 09:58:00,CERS,2.180000066757202,2.180000066757202,2.180000066757202,2.180000066757202,2.180000066757202,948.0
2024-03-01 09:58:00,CERT,17.53499984741211,17.53499984741211,17.53499984741211,17.440000534057617,17.469999313354492,12803.0
2024-03-01 09:58:00,CGC,3.2200000286102295,3.2200000286102295,3.2249999046325684,3.212399959564209,3.2200000286102295,13725.0
2024-03-01 09:58:00,CGEN,2.609999895095825,2.609999895095825,2.609999895095825,2.599900007247925,2.599900007247925,1085.0
2024-03-01 09:58:00,CHRS,2.319999933242798,2.319999933242798,2.320199966430664,2.319999933242798,2.319999933242798,1350.0
2024-03-01 09:58:00,CING,1.2100000381469727,1.2100000381469727,1.2300000190734863,1.149999976158142,1.2300000190734863,6464.0
2024-03-01 09:58:00,CLDX,50.959999084472656,50.959999084472656,51.084999084472656,50.959999084472656,51.05500030517578,4346.0
2024-03-01 09:58:00,CLNN,0.3874000012874603,0.3874000012874603,0.38749998807907104,0.3862000107765198,0.3862000107765198,1739.0
2024-03-01 09:58:00,CLOV,0.8540999889373779,0.8540999889373779,0.8540999889373779,0.8539999723434448,0.8540999889373779,4921.0
2024-03-01 09:58:00,CLRB,4.039999961853027,4.039999961853027,4.049900054931641,4.039999961853027,4.049900054931641,0.0
2024-03-01 09:58:00,CMAX,7.670000076293945,7.670000076293945,7.670000076293945,7.659999847412109,7.659999847412109,672.0
2024-03-01 09:58:00,CMPS,10.630000114440918,10.630000114440918,10.630000114440918,10.5,10.569999694824219,1826.0
2024-03-01 09:58:00,CMPX,1.839900016784668,1.839900016784668,1.839900016784668,1.839900016784668,1.839900016784668,4905.0
2024-03-01 09:58:00,CMRX,1.1205999851226807,1.1205999851226807,1.1399999856948853,1.1200000047683716,1.1201000213623047,19000.0
2024-03-01 09:58:00,CNSP,0.2800000011920929,0.2800000011920929,0.2800000011920929,0.2800000011920929,0.2800000011920929,375.0
2024-03-01 09:58:00,CNTA,10.454999923706055,10.454999923706055,10.569999694824219,10.359999656677246,10.460000038146973,840.0
2024-03-01 09:58:00,COGT,7.324999809265137,7.324999809265137,7.324999809265137,7.284999847412109,7.300000190734863,16616.0
2024-03-01 09:58:00,COLL,37.474998474121094,37.474998474121094,37.5,37.45000076293945,37.45000076293945,1736.0
2024-03-01 09:58:00,CORT,23.200000762939453,23.200000762939453,23.239999771118164,23.18000030517578,23.204999923706055,5460.0
2024-03-01 09:58:00,CPRX,16.740999221801758,16.740999221801758,16.780000686645508,16.740999221801758,16.780000686645508,8322.0
2024-03-01 09:58:00,CRBU,8.130000114440918,8.130000114440918,8.154999732971191,8.130000114440918,8.154999732971191,569.0
2024-03-01 09:58:00,CRDF,2.680299997329712,2.680299997329712,2.7100000381469727,2.5899999141693115,2.6698999404907227,541862.0
2024-03-01 09:58:00,CRDL,2.049999952316284,2.049999952316284,2.049999952316284,2.0399999618530273,2.049999952316284,10538.0
2024-03-01 09:58:00,CRMD,3.5999999046325684,3.5999999046325684,3.5999999046325684,3.5999999046325684,3.5999999046325684,601.0
2024-03-01 09:58:00,CRNX,44.564998626708984,44.564998626708984,44.814998626708984,44.564998626708984,44.814998626708984,1488.0
2024-03-01 09:58:00,CRSP,85.30999755859375,85.30999755859375,85.64990234375,85.30999755859375,85.5250015258789,4491.0
2024-03-01 09:58:00,CTKB,7.875,7.875,7.875,7.875,7.875,200.0
2024-03-01 09:58:00,CUTR,2.2799999713897705,2.2799999713897705,2.2799999713897705,2.2699999809265137,2.2799999713897705,2690.0
2024-03-01 09:58:00,CVAC,3.430000066757202,3.430000066757202,3.444999933242798,3.430000066757202,3.444999933242798,2184.0
2024-03-01 09:58:00,CYTK,74.66999816894531,74.66999816894531,74.75,74.62999725341797,74.62999725341797,3764.0
2024-03-01 09:58:00,DAWN,17.010000228881836,17.010000228881836,17.040000915527344,16.969999313354492,17.020000457763672,588.0
2024-03-01 09:58:00,DCGO,4.085000038146973,4.085000038146973,4.085000038146973,4.085000038146973,4.085000038146973,200.0
2024-03-01 09:58:00,DCPH,17.020000457763672,17.020000457763672,17.020000457763672,17.020000457763672,17.020000457763672,254.0
2024-03-01 09:58:00,DH,9.069999694824219,9.069999694824219,9.069999694824219,9.069999694824219,9.069999694824219,200.0
2024-03-01 09:58:00,DMTK,0.9235000014305115,0.9235000014305115,0.9235000014305115,0.9235000014305115,0.9235000014305115,2011.0
2024-03-01 09:58:00,DNLI,20.627500534057617,20.627500534057617,20.639999389648438,20.600000381469727,20.639999389648438,685.0
2024-03-01 09:58:00,DTIL,12.620100021362305,12.620100021362305,12.875,12.620100021362305,12.875,35286.0
2024-03-01 09:58:00,DVAX,12.800000190734863,12.800000190734863,12.8100004196167,12.800000190734863,12.8100004196167,423.0
2024-03-01 09:58:00,DXCM,116.26000213623047,116.26000213623047,116.27999877929688,116.06999969482422,116.1500015258789,5021.0
2024-03-01 09:58:00,DYN,29.200000762939453,29.200000762939453,29.399999618530273,29.200000762939453,29.219999313354492,676.0
2024-03-01 09:58:00,EDIT,10.539999961853027,10.539999961853027,10.5600004196167,10.539999961853027,10.552000045776367,5043.0
2024-03-01 09:58:00,EGRX,6.264999866485596,6.264999866485596,6.264999866485596,6.264999866485596,6.264999866485596,1320.0
2024-03-01 09:58:00,ELEV,5.034999847412109,5.034999847412109,5.070000171661377,5.0,5.053800106048584,13189.0
2024-03-01 09:58:00,EMBC,14.289999961853027,14.289999961853027,14.289999961853027,14.289999961853027,14.289999961853027,104.0
2024-03-01 09:58:00,ENLV,3.140000104904175,3.140000104904175,3.140000104904175,3.140000104904175,3.140000104904175,815.0
2024-03-01 09:58:00,ENSC,0.9200000166893005,0.9200000166893005,0.9200000166893005,0.9200000166893005,0.9200000166893005,0.0
2024-03-01 09:58:00,ENSG,124.0,124.0,124.0,124.0,124.0,468.0
2024-03-01 09:58:00,ENVB,1.6200000047683716,1.6200000047683716,1.6399999856948853,1.611199975013733,1.6305999755859375,10192.0
2024-03-01 09:58:00,EOLS,14.800000190734863,14.800000190734863,14.819999694824219,14.800000190734863,14.819999694824219,557.0
2024-03-01 09:58:00,ERAS,2.390000104904175,2.390000104904175,2.390000104904175,2.390000104904175,2.390000104904175,1015.0
2024-03-01 09:58:00,ESPR,2.529900074005127,2.529900074005127,2.5299999713897705,2.5199999809265137,2.5199999809265137,16514.0
2024-03-01 09:58:00,ETNB,12.399999618530273,12.399999618530273,12.430000305175781,12.369999885559082,12.369999885559082,3100.0
2024-03-01 09:58:00,EXAS,58.560001373291016,58.560001373291016,58.775901794433594,58.494998931884766,58.70000076293945,10326.0
2024-03-01 09:58:00,EXEL,22.3700008392334,22.3700008392334,22.385000228881836,22.3700008392334,22.385000228881836,2738.0
2024-03-01 09:58:00,EYEN,2.109999895095825,2.109999895095825,2.109999895095825,2.109999895095825,2.109999895095825,11003.0
2024-03-01 09:58:00,EYPT,27.969999313354492,27.969999313354492,27.969999313354492,27.969999313354492,27.969999313354492,477.0
2024-03-01 09:58:00,FATE,7.429999828338623,7.429999828338623,7.434999942779541,7.400000095367432,7.400000095367432,2056.0
2024-03-01 09:58:00,FDMT,29.4950008392334,29.4950008392334,29.4950008392334,29.4950008392334,29.4950008392334,674.0
2024-03-01 09:58:00,FEMY,1.73989999294281,1.73989999294281,1.73989999294281,1.7200000286102295,1.7200000286102295,10750.0
2024-03-01 09:58:00,FENC,9.630000114440918,9.630000114440918,9.630000114440918,9.630000114440918,9.630000114440918,0.0
2024-03-01 09:58:00,FGEN,1.7599999904632568,1.7599999904632568,1.7649999856948853,1.7584999799728394,1.7584999799728394,9120.0
2024-03-01 09:58:00,FIXX,0.9200000166893005,0.9200000166893005,0.9200000166893005,0.9200000166893005,0.9200000166893005,1750.0
2024-03-01 09:58:00,FOLD,13.430000305175781,13.430000305175781,13.4399995803833,13.430000305175781,13.4350004196167,1910.0
2024-03-01 09:58:00,FULC,10.40999984741211,10.40999984741211,10.40999984741211,10.40999984741211,10.40999984741211,125.0
2024-03-01 09:58:00,FUSN,12.130000114440918,12.130000114440918,12.168800354003906,12.130000114440918,12.168800354003906,1036.0
2024-03-01 09:58:00,GDRX,8.350000381469727,8.350000381469727,8.350000381469727,8.329999923706055,8.329999923706055,2119.0
2024-03-01 09:58:00,GERN,2.075000047683716,2.075000047683716,2.075000047683716,2.069999933242798,2.075000047683716,8238.0
2024-03-01 09:58:00,GH,19.084999084472656,19.084999084472656,19.125,19.084999084472656,19.1200008392334,1573.0
2024-03-01 09:58:00,GILD,72.43000030517578,72.43000030517578,72.53500366210938,72.43000030517578,72.53500366210938,3380.0
2024-03-01 09:58:00,GLPG,35.099998474121094,35.099998474121094,35.099998474121094,35.09000015258789,35.09000015258789,1126.0
2024-03-01 09:58:00,GMAB,28.6200008392334,28.6200008392334,28.6200008392334,28.6200008392334,28.6200008392334,160.0
2024-03-01 09:58:00,GOSS,1.3949999809265137,1.3949999809265137,1.3949999809265137,1.3949999809265137,1.3949999809265137,0.0
2024-03-01 09:58:00,GRFS,6.699999809265137,6.699999809265137,6.730000019073486,6.699999809265137,6.699999809265137,2978.0
2024-03-01 09:58:00,GRTS,1.9500999450683594,1.9500999450683594,1.98989999294281,1.9500999450683594,1.989400029182434,5936.0
2024-03-01 09:58:00,GRTX,0.2296999990940094,0.2296999990940094,0.2296999990940094,0.2296999990940094,0.2296999990940094,2000.0
2024-03-01 09:58:00,GTHX,3.369999885559082,3.369999885559082,3.369999885559082,3.3608999252319336,3.3608999252319336,380.0
2024-03-01 09:58:00,HALO,40.779998779296875,40.779998779296875,40.970001220703125,40.779998779296875,40.959999084472656,3209.0
2024-03-01 09:58:00,HARP,22.94499969482422,22.94499969482422,22.94499969482422,22.940000534057617,22.940000534057617,0.0
2024-03-01 09:58:00,HCAT,8.100000381469727,8.100000381469727,8.100000381469727,8.100000381469727,8.100000381469727,272.0
2024-03-01 09:58:00,HCTI,2.408799886703491,2.408799886703491,2.4100000858306885,2.369999885559082,2.4000000953674316,3851.0
2024-03-01 09:58:00,HLVX,18.56999969482422,18.56999969482422,18.56999969482422,18.3799991607666,18.3799991607666,1014.0
2024-03-01 09:58:00,HOLX,73.625,73.625,73.67500305175781,73.625,73.67500305175781,759.0
2024-03-01 09:58:00,HQY,82.01000213623047,82.01000213623047,82.06999969482422,82.01000213623047,82.06999969482422,204.0
2024-03-01 09:58:00,HRMY,31.209999084472656,31.209999084472656,31.209999084472656,31.209999084472656,31.209999084472656,506.0
2024-03-01 09:58:00,HRTX,2.609999895095825,2.609999895095825,2.609999895095825,2.5999999046325684,2.5999999046325684,4859.0
2024-03-01 09:58:00,HUMA,3.0799999237060547,3.0799999237060547,3.0799999237060547,3.059999942779541,3.065000057220459,90135.0
2024-03-01 09:58:00,IBRX,4.953100204467773,4.953100204467773,4.980000019073486,4.953100204467773,4.960000038146973,9847.0
2024-03-01 09:58:00,ICCM,1.2999999523162842,1.2999999523162842,1.2999999523162842,1.2900999784469604,1.2900999784469604,16.0
2024-03-01 09:58:00,ICLR,322.42498779296875,322.42498779296875,322.42498779296875,322.010009765625,322.010009765625,418.0
2024-03-01 09:58:00,ICUI,105.20500183105469,105.20500183105469,105.20500183105469,105.20500183105469,105.20500183105469,305.0
2024-03-01 09:58:00,IINN,1.6619999408721924,1.6619999408721924,1.6619999408721924,1.6619999408721924,1.6619999408721924,502.0
2024-03-01 09:58:00,ILMN,137.6199951171875,137.6199951171875,137.6199951171875,137.6199951171875,137.6199951171875,472.0
2024-03-01 09:58:00,IMAB,1.8600000143051147,1.8600000143051147,1.8600000143051147,1.8600000143051147,1.8600000143051147,154.0
2024-03-01 09:58:00,IMCR,68.51000213623047,68.51000213623047,68.51000213623047,68.3499984741211,68.3499984741211,215.0
2024-03-01 09:58:00,IMNN,1.0800000429153442,1.0800000429153442,1.1051000356674194,1.0800000429153442,1.100100040435791,2132.0
2024-03-01 09:58:00,IMRX,6.167500019073486,6.167500019073486,6.167500019073486,6.167500019073486,6.167500019073486,1420.0
2024-03-01 09:58:00,IMTX,12.869999885559082,12.869999885559082,12.869999885559082,12.869999885559082,12.869999885559082,4.0
2024-03-01 09:58:00,IMVT,36.81999969482422,36.81999969482422,36.81999969482422,36.782501220703125,36.814998626708984,1383.0
2024-03-01 09:58:00,INCY,59.040000915527344,59.040000915527344,59.150001525878906,59.040000915527344,59.150001525878906,1928.0
2024-03-01 09:58:00,INGN,6.760000228881836,6.760000228881836,6.760000228881836,6.760000228881836,6.760000228881836,306.0
2024-03-01 09:58:00,INMD,22.309999465942383,22.309999465942383,22.309999465942383,22.309999465942383,22.309999465942383,778.0
2024-03-01 09:58:00,INO,9.13659954071045,9.13659954071045,9.13659954071045,9.13659954071045,9.13659954071045,2006.0
2024-03-01 09:58:00,INSM,28.14310073852539,28.14310073852539,28.155000686645508,28.14310073852539,28.155000686645508,312.0
2024-03-01 09:58:00,INVA,15.449999809265137,15.449999809265137,15.489999771118164,15.4399995803833,15.454999923706055,4266.0
2024-03-01 09:58:00,INVO,1.1613999605178833,1.1613999605178833,1.1613999605178833,1.1613999605178833,1.1613999605178833,428.0
2024-03-01 09:58:00,IONS,45.25,45.25,45.279998779296875,45.25,45.279998779296875,204.0
2024-03-01 09:58:00,IOVA,16.912099838256836,16.912099838256836,16.959999084472656,16.912099838256836,16.924999237060547,16309.0
2024-03-01 09:58:00,IRTC,117.80999755859375,117.80999755859375,117.80999755859375,117.80999755859375,117.80999755859375,175.0
2024-03-01 09:58:00,IRWD,8.925000190734863,8.925000190734863,8.984999656677246,8.922499656677246,8.979999542236328,92383.0
2024-03-01 09:58:00,ISRG,387.03741455078125,387.03741455078125,387.1099853515625,386.8599853515625,387.1099853515625,1436.0
2024-03-01 09:58:00,ITCI,71.43000030517578,71.43000030517578,71.43000030517578,71.2300033569336,71.30000305175781,2990.0
2024-03-01 09:58:00,ITOS,10.800000190734863,10.800000190734863,10.8100004196167,10.729999542236328,10.765000343322754,413.0
2024-03-01 09:58:00,IVVD,3.941200017929077,3.941200017929077,3.944999933242798,3.941200017929077,3.944999933242798,201.0
2024-03-01 09:58:00,IXHL,5.230000019073486,5.230000019073486,5.230000019073486,5.229899883270264,5.229899883270264,292.0
2024-03-01 09:58:00,JAGX,0.06599999964237213,0.06599999964237213,0.06870000064373016,0.06589999794960022,0.06870000064373016,313162.0
2024-03-01 09:58:00,JANX,49.099998474121094,49.099998474121094,49.60499954223633,48.970001220703125,48.98500061035156,4324.0
2024-03-01 09:58:00,JAZZ,122.44999694824219,122.44999694824219,122.44999694824219,122.43609619140625,122.43609619140625,1564.0
2024-03-01 09:58:00,KOD,6.130000114440918,6.130000114440918,6.130000114440918,6.130000114440918,6.130000114440918,250.0
2024-03-01 09:58:00,KPTI,1.1449999809265137,1.1449999809265137,1.1449999809265137,1.1449999809265137,1.1449999809265137,1014.0
2024-03-01 09:58:00,KRYS,166.22000122070312,166.22000122070312,166.6466064453125,166.22000122070312,166.6466064453125,876.0
2024-03-01 09:58:00,KTRA,0.1014999970793724,0.1014999970793724,0.1014999970793724,0.1014999970793724,0.1014999970793724,2150.0
2024-03-01 09:58:00,KYMR,43.11000061035156,43.11000061035156,43.36000061035156,43.11000061035156,43.290000915527344,2060.0
2024-03-01 09:58:00,KZIA,0.2540999948978424,0.2540999948978424,0.2578999996185303,0.2540999948978424,0.2578999996185303,13600.0
2024-03-01 09:58:00,KZR,1.090000033378601,1.090000033378601,1.090000033378601,1.090000033378601,1.090000033378601,1330.0
2024-03-01 09:58:00,LAB,2.2850000858306885,2.2850000858306885,2.2899999618530273,2.2850000858306885,2.2899999618530273,900.0
2024-03-01 09:58:00,LBPH,22.200000762939453,22.200000762939453,22.565000534057617,22.190000534057617,22.3799991607666,941.0
2024-03-01 09:58:00,LEGN,65.28250122070312,65.28250122070312,65.28250122070312,65.28250122070312,65.28250122070312,128.0
2024-03-01 09:58:00,LEXX,2.559999942779541,2.559999942779541,2.6285998821258545,2.5,2.549999952316284,4613.0
2024-03-01 09:58:00,LFMD,8.0,8.0,8.0,8.0,8.0,3008.0
2024-03-01 09:58:00,LFST,7.989999771118164,7.989999771118164,7.994999885559082,7.980000019073486,7.994999885559082,841.0
2024-03-01 09:58:00,LIFE,1.8899999856948853,1.8899999856948853,1.8899999856948853,1.8899999856948853,1.8899999856948853,0.0
2024-03-01 09:58:00,LNTH,65.87999725341797,65.87999725341797,65.93800354003906,65.875,65.91000366210938,1320.0
2024-03-01 09:58:00,LPTX,2.9254000186920166,2.9254000186920166,2.9254000186920166,2.9254000186920166,2.9254000186920166,2302.0
2024-03-01 09:58:00,LQDA,14.279999732971191,14.279999732971191,14.279999732971191,14.279999732971191,14.279999732971191,805.0
2024-03-01 09:58:00,LUNG,9.319999694824219,9.319999694824219,9.319999694824219,9.319999694824219,9.319999694824219,546.0
2024-03-01 09:58:00,LVTX,2.984999895095825,2.984999895095825,2.997999906539917,2.9300999641418457,2.950000047683716,3863.0
2024-03-01 09:58:00,LXRX,2.444999933242798,2.444999933242798,2.449899911880493,2.4409000873565674,2.4409000873565674,5259.0
2024-03-01 09:58:00,MBOT,1.2796000242233276,1.2796000242233276,1.2796000242233276,1.2796000242233276,1.2796000242233276,1400.0
2024-03-01 09:58:00,MCRB,1.160099983215332,1.160099983215332,1.1686999797821045,1.159600019454956,1.159600019454956,12213.0
2024-03-01 09:58:00,MDGL,244.9949951171875,244.9949951171875,245.00999450683594,244.9949951171875,245.00999450683594,240.0
2024-03-01 09:58:00,MDRX,6.0,6.0,6.139999866485596,5.949999809265137,5.949999809265137,16682.0
2024-03-01 09:58:00,MDXG,8.494999885559082,8.494999885559082,8.5,8.494999885559082,8.5,413.0
2024-03-01 09:58:00,ME,0.5529999732971191,0.5529999732971191,0.5534999966621399,0.5519000291824341,0.5519999861717224,8185.0
2024-03-01 09:58:00,MEDP,401.9800109863281,401.9800109863281,401.9800109863281,401.9800109863281,401.9800109863281,686.0
2024-03-01 09:58:00,MGNX,18.549999237060547,18.549999237060547,18.549999237060547,18.549999237060547,18.549999237060547,153.0
2024-03-01 09:58:00,MGTX,6.210000038146973,6.210000038146973,6.210000038146973,6.210000038146973,6.210000038146973,300.0
2024-03-01 09:58:00,MIRM,29.2549991607666,29.2549991607666,29.459999084472656,29.2549991607666,29.38010025024414,1109.0
2024-03-01 09:58:00,MLTX,52.459999084472656,52.459999084472656,52.459999084472656,52.190101623535156,52.290000915527344,4510.0
2024-03-01 09:58:00,MNKD,4.400000095367432,4.400000095367432,4.409999847412109,4.399899959564209,4.409999847412109,14364.0
2024-03-01 09:58:00,MNMD,5.730000019073486,5.730000019073486,5.730000019073486,5.730000019073486,5.730000019073486,760.0
2024-03-01 09:58:00,MNOV,1.3566999435424805,1.3566999435424805,1.3566999435424805,1.350000023841858,1.350000023841858,728.0
2024-03-01 09:58:00,MNPR,0.7674999833106995,0.7674999833106995,0.7674999833106995,0.7674999833106995,0.7674999833106995,820.0
2024-03-01 09:58:00,MOR,17.549999237060547,17.549999237060547,17.549999237060547,17.549999237060547,17.549999237060547,824.0
2024-03-01 09:58:00,MORF,38.150001525878906,38.150001525878906,38.400001525878906,38.150001525878906,38.189998626708984,708.0
2024-03-01 09:58:00,MRAI,1.5399999618530273,1.5399999618530273,1.5399999618530273,1.5399999618530273,1.5399999618530273,143.0
2024-03-01 09:58:00,MRNA,93.79000091552734,93.79000091552734,93.94000244140625,93.75,93.88999938964844,5600.0
2024-03-01 09:58:00,MRNS,9.699999809265137,9.699999809265137,9.699999809265137,9.699999809265137,9.699999809265137,175.0
2024-03-01 09:58:00,MRSN,5.83489990234375,5.83489990234375,5.83489990234375,5.829999923706055,5.829999923706055,480.0
2024-03-01 09:58:00,MRUS,48.89400100708008,48.89400100708008,48.89500045776367,48.790000915527344,48.89500045776367,343.0
2024-03-01 09:58:00,MRVI,7.769999980926514,7.769999980926514,7.769999980926514,7.760000228881836,7.760000228881836,1667.0
2024-03-01 09:58:00,MXCT,4.639999866485596,4.639999866485596,4.639999866485596,4.639999866485596,4.639999866485596,1035.0
2024-03-01 09:58:00,MYGN,21.05500030517578,21.05500030517578,21.05500030517578,21.010000228881836,21.049999237060547,1992.0
2024-03-01 09:58:00,MYMD,3.4600000381469727,3.4600000381469727,3.4600000381469727,3.4600000381469727,3.4600000381469727,519.0
2024-03-01 09:58:00,NARI,45.119998931884766,45.119998931884766,45.43000030517578,45.02000045776367,45.43000030517578,2808.0
2024-03-01 09:58:00,NAUT,2.6600000858306885,2.6600000858306885,2.6600000858306885,2.6600000858306885,2.6600000858306885,108.0
2024-03-01 09:58:00,NBIX,130.9250030517578,130.9250030517578,130.9250030517578,130.82000732421875,130.82000732421875,728.0
2024-03-01 09:58:00,NCNA,0.31619998812675476,0.31619998812675476,0.31619998812675476,0.31619998812675476,0.31619998812675476,1100.0
2024-03-01 09:58:00,NEO,15.645000457763672,15.645000457763672,15.645000457763672,15.640000343322754,15.640000343322754,382.0
2024-03-01 09:58:00,NEOG,16.959999084472656,16.959999084472656,16.959999084472656,16.959999084472656,16.959999084472656,1891.0
2024-03-01 09:58:00,NEXI,6.46999979019165,6.46999979019165,6.46999979019165,6.46999979019165,6.46999979019165,200.0
2024-03-01 09:58:00,NGM,1.524999976158142,1.524999976158142,1.524999976158142,1.524999976158142,1.524999976158142,200.0
2024-03-01 09:58:00,NKTX,12.27970027923584,12.27970027923584,12.27970027923584,12.27970027923584,12.27970027923584,1096.0
2024-03-01 09:58:00,NLSP,0.3912000060081482,0.3912000060081482,0.3912000060081482,0.3912000060081482,0.3912000060081482,600.0
2024-03-01 09:58:00,NMTC,1.2350000143051147,1.2350000143051147,1.2350000143051147,1.2350000143051147,1.2350000143051147,101.0
2024-03-01 09:58:00,NNOX,11.204999923706055,11.204999923706055,11.229999542236328,11.204999923706055,11.204999923706055,1779.0
2024-03-01 09:58:00,NRBO,5.869900226593018,5.869900226593018,5.869900226593018,5.869900226593018,5.869900226593018,26.0
2024-03-01 09:58:00,NRSN,1.9299999475479126,1.9299999475479126,1.9299999475479126,1.919800043106079,1.919800043106079,651.0
2024-03-01 09:58:00,NRXP,0.4025000035762787,0.4025000035762787,0.4124999940395355,0.4025000035762787,0.4099999964237213,1496.0
2024-03-01 09:58:00,NTLA,32.88999938964844,32.88999938964844,32.9900016784668,32.88999938964844,32.94499969482422,1992.0
2024-03-01 09:58:00,NTRA,88.9800033569336,88.9800033569336,89.0,88.91000366210938,88.97000122070312,18506.0
2024-03-01 09:58:00,NURO,3.930000066757202,3.930000066757202,4.020100116729736,3.930000066757202,4.019999980926514,7792.0
2024-03-01 09:58:00,NUTX,0.11299999803304672,0.11299999803304672,0.11299999803304672,0.11299999803304672,0.11299999803304672,1000.0
2024-03-01 09:58:00,NVAX,4.850100040435791,4.850100040435791,4.880000114440918,4.850100040435791,4.877399921417236,9329.0
2024-03-01 09:58:00,NVCR,15.3149995803833,15.3149995803833,15.329999923706055,15.3149995803833,15.329999923706055,514.0
2024-03-01 09:58:00,NVNO,6.295000076293945,6.295000076293945,6.295000076293945,6.295000076293945,6.295000076293945,138.0
2024-03-01 09:58:00,OCGN,0.9125000238418579,0.9125000238418579,0.9150999784469604,0.9120000004768372,0.9150999784469604,15970.0
2024-03-01 09:58:00,OCUL,10.420000076293945,10.420000076293945,10.420000076293945,10.40999984741211,10.40999984741211,222.0
2024-03-01 09:58:00,OGI,2.0850000381469727,2.0850000381469727,2.0850000381469727,2.084700107574463,2.084700107574463,459.0
2024-03-01 09:58:00,OLK,22.350000381469727,22.350000381469727,22.350000381469727,22.34000015258789,22.34000015258789,1085.0
2024-03-01 09:58:00,OLMA,12.854999542236328,12.854999542236328,12.920000076293945,12.854999542236328,12.920000076293945,384.0
2024-03-01 09:58:00,OM,3.015000104904175,3.015000104904175,3.015000104904175,3.015000104904175,3.015000104904175,202.0
2024-03-01 09:58:00,OMER,4.650000095367432,4.650000095367432,4.650000095367432,4.650000095367432,4.650000095367432,406.0
2024-03-01 09:58:00,OMGA,4.119999885559082,4.119999885559082,4.130000114440918,4.119999885559082,4.130000114440918,1864.0
2024-03-01 09:58:00,ONCT,9.589900016784668,9.589900016784668,9.589900016784668,9.5600004196167,9.5600004196167,4600.0
2024-03-01 09:58:00,ONCY,1.0851000547409058,1.0851000547409058,1.0851000547409058,1.0851000547409058,1.0851000547409058,350.0
2024-03-01 09:58:00,ONTX,0.8001000285148621,0.8001000285148621,0.8001000285148621,0.8001000285148621,0.8001000285148621,963.0
2024-03-01 09:59:00,ABEO,7.244999885559082,7.244999885559082,7.244999885559082,7.244999885559082,7.244999885559082,263.0
2024-03-01 09:59:00,ABSI,5.119999885559082,5.119999885559082,5.119999885559082,5.110000133514404,5.110000133514404,304.0
2024-03-01 09:59:00,ACAD,23.364999771118164,23.364999771118164,23.364999771118164,23.350000381469727,23.360000610351562,1372.0
2024-03-01 09:59:00,ACB,3.0350000858306885,3.0350000858306885,3.039900064468384,3.0299999713897705,3.0299999713897705,5575.0
2024-03-01 09:59:00,ACET,2.369999885559082,2.369999885559082,2.369999885559082,2.369999885559082,2.369999885559082,200.0
2024-03-01 09:59:00,ACHC,83.45999908447266,83.45999908447266,83.45999908447266,83.45999908447266,83.45999908447266,414.0
2024-03-01 09:59:00,ACHL,1.37090003490448,1.37090003490448,1.398300051689148,1.3700000047683716,1.398300051689148,3322.0
2024-03-01 09:59:00,ACHV,3.946199893951416,3.946199893951416,3.946199893951416,3.946199893951416,3.946199893951416,0.0
2024-03-01 09:59:00,ACLX,68.5,68.5,68.5,68.5,68.5,311.0
2024-03-01 09:59:00,ACRS,1.2450000047683716,1.2450000047683716,1.25,1.2400000095367432,1.2450000047683716,2945.0
2024-03-01 09:59:00,ACXP,2.950000047683716,2.950000047683716,2.950000047683716,2.950000047683716,2.950000047683716,174.0
2024-03-01 09:59:00,ADIL,3.2100000381469727,3.2100000381469727,3.25,3.1600000858306885,3.1649999618530273,141640.0
2024-03-01 09:59:00,ADMA,5.355000019073486,5.355000019073486,5.355000019073486,5.355000019073486,5.355000019073486,0.0
2024-03-01 09:59:00,ADPT,4.045000076293945,4.045000076293945,4.045000076293945,4.045000076293945,4.045000076293945,584.0
2024-03-01 09:59:00,ADTX,3.490000009536743,3.490000009536743,3.490000009536743,3.490000009536743,3.490000009536743,113.0
2024-03-01 09:59:00,AGEN,0.6833000183105469,0.6833000183105469,0.6833000183105469,0.6833000183105469,0.6833000183105469,38438.0
2024-03-01 09:59:00,AGIO,32.54999923706055,32.54999923706055,32.6150016784668,32.54999923706055,32.61000061035156,744.0
2024-03-01 09:59:00,AHCO,10.449999809265137,10.449999809265137,10.449999809265137,10.449999809265137,10.449999809265137,165.0
2024-03-01 09:59:00,AIMD,1.0,1.0,1.0,0.9549999833106995,0.960099995136261,1516.0
2024-03-01 09:59:00,AIRS,6.480000019073486,6.480000019073486,6.480000019073486,6.480000019073486,6.480000019073486,330.0
2024-03-01 09:59:00,AKAN,0.27219998836517334,0.27219998836517334,0.27219998836517334,0.27219998836517334,0.27219998836517334,0.0
2024-03-01 09:59:00,AKBA,1.649999976158142,1.649999976158142,1.649999976158142,1.6399999856948853,1.649999976158142,3256.0
2024-03-01 09:59:00,AKLI,0.34299999475479126,0.34299999475479126,0.3483000099658966,0.33820000290870667,0.3400000035762787,6757.0
2024-03-01 09:59:00,AKRO,27.790000915527344,27.790000915527344,27.815000534057617,27.790000915527344,27.790000915527344,1240.0
2024-03-01 09:59:00,AKYA,5.860000133514404,5.860000133514404,5.860000133514404,5.800000190734863,5.800000190734863,242.0
2024-03-01 09:59:00,ALDX,3.930000066757202,3.930000066757202,3.930000066757202,3.930000066757202,3.930000066757202,106.0
2024-03-01 09:59:00,ALEC,7.215000152587891,7.215000152587891,7.222499847412109,7.215000152587891,7.222499847412109,284.0
2024-03-01 09:59:00,ALGN,299.06500244140625,299.06500244140625,299.7149963378906,299.0350036621094,299.510009765625,1513.0
2024-03-01 09:59:00,ALHC,5.949999809265137,5.949999809265137,5.949999809265137,5.949999809265137,5.949999809265137,1714.0
2024-03-01 09:59:00,ALKS,29.950000762939453,29.950000762939453,29.959999084472656,29.950000762939453,29.950000762939453,1435.0
2024-03-01 09:59:00,ALNY,152.6649932861328,152.6649932861328,152.77999877929688,152.6649932861328,152.77999877929688,484.0
2024-03-01 09:59:00,ALPN,36.30500030517578,36.30500030517578,36.56999969482422,36.150001525878906,36.18000030517578,8945.0
2024-03-01 09:59:00,ALT,11.989999771118164,11.989999771118164,11.989999771118164,11.927599906921387,11.944000244140625,11003.0
2024-03-01 09:59:00,ALVO,15.6899995803833,15.6899995803833,15.699999809265137,15.680000305175781,15.680000305175781,647.0
2024-03-01 09:59:00,ALVR,0.7549999952316284,0.7549999952316284,0.7549999952316284,0.7549999952316284,0.7549999952316284,1200.0
2024-03-01 09:59:00,AMED,93.79000091552734,93.79000091552734,93.79000091552734,93.79000091552734,93.79000091552734,489.0
2024-03-01 09:59:00,AMGN,276.7850036621094,276.7850036621094,276.8800048828125,276.6099853515625,276.81500244140625,8173.0
2024-03-01 09:59:00,AMLX,18.875,18.875,18.875,18.8700008392334,18.8700008392334,203.0
2024-03-01 09:59:00,AMPH,46.38999938964844,46.38999938964844,46.40999984741211,46.290000915527344,46.290000915527344,531.0
2024-03-01 09:59:00,AMRN,1.0289000272750854,1.0289000272750854,1.0289000272750854,1.0199999809265137,1.0199999809265137,2309.0
2024-03-01 09:59:00,ANAB,25.8700008392334,25.8700008392334,25.89940071105957,25.8700008392334,25.89940071105957,360.0
2024-03-01 09:59:00,ANNX,5.949999809265137,5.949999809265137,5.949999809265137,5.949999809265137,5.949999809265137,4500.0
2024-03-01 09:59:00,ANTX,2.999000072479248,2.999000072479248,2.999000072479248,2.999000072479248,2.999000072479248,100.0
2024-03-01 09:59:00,APDN,0.5720000267028809,0.5720000267028809,0.5720000267028809,0.5720000267028809,0.5720000267028809,470.0
2024-03-01 09:59:00,APLS,62.529998779296875,62.529998779296875,62.529998779296875,62.44499969482422,62.45000076293945,3496.0
2024-03-01 09:59:00,APLT,7.519999980926514,7.519999980926514,7.519999980926514,7.480000019073486,7.491000175476074,5032.0
2024-03-01 09:59:00,AQST,4.164999961853027,4.164999961853027,4.164999961853027,4.109899997711182,4.110000133514404,17553.0
2024-03-01 09:59:00,ARCT,40.25,40.25,40.33000183105469,40.25,40.33000183105469,884.0
2024-03-01 09:59:00,ARDX,9.662400245666504,9.662400245666504,9.670000076293945,9.651200294494629,9.670000076293945,4349.0
2024-03-01 09:59:00,ARGX,381.0299987792969,381.0299987792969,381.0299987792969,381.0299987792969,381.0299987792969,125.0
2024-03-01 09:59:00,ARQT,11.079999923706055,11.079999923706055,11.09000015258789,11.020000457763672,11.059900283813477,18790.0
2024-03-01 09:59:00,ARVN,49.43000030517578,49.43000030517578,49.540000915527344,49.18000030517578,49.26499938964844,2227.0
2024-03-01 09:59:00,ARWR,34.15999984741211,34.15999984741211,34.15999984741211,34.13999938964844,34.13999938964844,861.0
2024-03-01 09:59:00,ASRT,0.9099000096321106,0.9099000096321106,0.9099000096321106,0.9099000096321106,0.9099000096321106,2524.0
2024-03-01 09:59:00,ATAI,1.9299999475479126,1.9299999475479126,1.9299999475479126,1.9299999475479126,1.9299999475479126,100.0
2024-03-01 09:59:00,ATEC,13.299799919128418,13.299799919128418,13.299799919128418,13.260000228881836,13.260000228881836,3131.0
2024-03-01 09:59:00,ATHA,3.8949999809265137,3.8949999809265137,3.8949999809265137,3.891200065612793,3.891200065612793,1100.0
2024-03-01 09:59:00,ATOS,0.9998999834060669,0.9998999834060669,0.9998999834060669,0.9998999834060669,0.9998999834060669,580.0
2024-03-01 09:59:00,ATRA,0.7700999975204468,0.7700999975204468,0.7799999713897705,0.7699999809265137,0.7700999975204468,769.0
2024-03-01 09:59:00,ATRC,35.09000015258789,35.09000015258789,35.099998474121094,35.09000015258789,35.099998474121094,501.0
2024-03-01 09:59:00,ATXS,14.395000457763672,14.395000457763672,14.395000457763672,14.395000457763672,14.395000457763672,110.0
2024-03-01 09:59:00,AUGX,4.539999961853027,4.539999961853027,4.539999961853027,4.539999961853027,4.539999961853027,248.0
2024-03-01 09:59:00,AUPH,5.699999809265137,5.699999809265137,5.71019983291626,5.690000057220459,5.71019983291626,10756.0
2024-03-01 09:59:00,AUTL,6.119999885559082,6.119999885559082,6.119999885559082,6.119999885559082,6.119999885559082,712.0
2024-03-01 09:59:00,AVDL,12.899999618530273,12.899999618530273,12.949999809265137,12.895099639892578,12.949999809265137,4800.0
2024-03-01 09:59:00,AVTE,22.450000762939453,22.450000762939453,22.5,22.239999771118164,22.239999771118164,2020.0
2024-03-01 09:59:00,AZN,64.0,64.0,64.0,63.97999954223633,63.97999954223633,2587.0
2024-03-01 09:59:00,AZTA,65.37999725341797,65.37999725341797,65.46499633789062,65.3499984741211,65.46499633789062,1360.0
2024-03-01 09:59:00,BBLG,2.299999952316284,2.299999952316284,2.4100000858306885,2.299999952316284,2.4000000953674316,6101.0
2024-03-01 09:59:00,BCEL,0.27000001072883606,0.27000001072883606,0.27000001072883606,0.27000001072883606,0.27000001072883606,500.0
2024-03-01 09:59:00,BCRX,5.679999828338623,5.679999828338623,5.679999828338623,5.675000190734863,5.679999828338623,597.0
2024-03-01 09:59:00,BCYC,25.774999618530273,25.774999618530273,25.799999237060547,25.774999618530273,25.799999237060547,210.0
2024-03-01 09:59:00,BEAM,39.88999938964844,39.88999938964844,39.93000030517578,39.88999938964844,39.93000030517578,808.0
2024-03-01 09:59:00,BGXX,0.2757999897003174,0.2757999897003174,0.2757999897003174,0.2757999897003174,0.2757999897003174,111.0
2024-03-01 09:59:00,BIOL,0.13899999856948853,0.13899999856948853,0.13899999856948853,0.13899999856948853,0.13899999856948853,838.0
2024-03-01 09:59:00,BIVI,2.7499001026153564,2.7499001026153564,2.757200002670288,2.690000057220459,2.7298998832702637,153739.0
2024-03-01 09:59:00,BLFS,17.299999237060547,17.299999237060547,17.299999237060547,17.299999237060547,17.299999237060547,599.0
2024-03-01 09:59:00,BLUE,1.5549999475479126,1.5549999475479126,1.5699000358581543,1.5499999523162842,1.5699000358581543,24269.0
2024-03-01 09:59:00,BMEA,17.674999237060547,17.674999237060547,17.674999237060547,17.604999542236328,17.604999542236328,379.0
2024-03-01 09:59:00,BMRN,86.16500091552734,86.16500091552734,86.19999694824219,86.12999725341797,86.19000244140625,1650.0
2024-03-01 09:59:00,BNTX,90.56999969482422,90.56999969482422,90.56999969482422,90.48999786376953,90.51000213623047,874.0
2024-03-01 09:59:00,BOLT,1.190000057220459,1.190000057220459,1.190000057220459,1.159999966621399,1.1799999475479126,15042.0
2024-03-01 09:59:00,BPMC,96.41999816894531,96.41999816894531,96.41999816894531,96.26000213623047,96.26000213623047,561.0
2024-03-01 09:59:00,BRKR,86.90499877929688,86.90499877929688,86.90499877929688,86.83999633789062,86.83999633789062,752.0
2024-03-01 09:59:00,BRTX,1.5199999809265137,1.5199999809265137,1.5700000524520874,1.5199999809265137,1.524999976158142,31064.0
2024-03-01 09:59:00,BTMD,6.188799858093262,6.188799858093262,6.188799858093262,6.188799858093262,6.188799858093262,502.0
2024-03-01 09:59:00,BTTX,0.16410000622272491,0.16410000622272491,0.16410000622272491,0.16410000622272491,0.16410000622272491,10.0
2024-03-01 09:59:00,CABA,24.382200241088867,24.382200241088867,24.382200241088867,24.382200241088867,24.382200241088867,553.0
2024-03-01 09:59:00,CADL,1.8350000381469727,1.8350000381469727,1.8350000381469727,1.8350000381469727,1.8350000381469727,200.0
2024-03-01 09:59:00,CAPR,4.625,4.625,4.688700199127197,4.590000152587891,4.684999942779541,5375.0
2024-03-01 09:59:00,CBAY,32.224998474121094,32.224998474121094,32.224998474121094,32.224998474121094,32.224998474121094,521.0
2024-03-01 09:59:00,CCCC,10.859999656677246,10.859999656677246,10.869999885559082,10.850000381469727,10.850000381469727,1434.0
2024-03-01 09:59:00,CCRN,17.969999313354492,17.969999313354492,17.969999313354492,17.969999313354492,17.969999313354492,189.0
2024-03-01 09:59:00,CDMO,7.829999923706055,7.829999923706055,7.849999904632568,7.829999923706055,7.849999904632568,839.0
2024-03-01 09:59:00,CDNA,11.704999923706055,11.704999923706055,11.765000343322754,11.699999809265137,11.765000343322754,4517.0
2024-03-01 09:59:00,CDXS,4.309999942779541,4.309999942779541,4.320000171661377,4.309999942779541,4.31689977645874,550.0
2024-03-01 09:59:00,CERE,41.099998474121094,41.099998474121094,41.119998931884766,41.099998474121094,41.119998931884766,938.0
2024-03-01 09:59:00,CERT,17.69499969482422,17.69499969482422,17.729999542236328,17.510000228881836,17.53499984741211,5042.0
2024-03-01 09:59:00,CGC,3.2100000381469727,3.2100000381469727,3.2100000381469727,3.2100000381469727,3.2100000381469727,268.0
2024-03-01 09:59:00,CHRS,2.3299999237060547,2.3299999237060547,2.3299999237060547,2.325000047683716,2.325000047683716,6241.0
2024-03-01 09:59:00,CING,1.2599999904632568,1.2599999904632568,1.2599999904632568,1.2599999904632568,1.2599999904632568,316.0
2024-03-01 09:59:00,CJJD,2.8875999450683594,2.8875999450683594,2.9149999618530273,2.8875999450683594,2.9149999618530273,472.0
2024-03-01 09:59:00,CKPT,2.140000104904175,2.140000104904175,2.1496999263763428,2.140000104904175,2.140000104904175,12329.0
2024-03-01 09:59:00,CLDX,50.869998931884766,50.869998931884766,51.01499938964844,50.810001373291016,50.900001525878906,5353.0
2024-03-01 09:59:00,CLOV,0.8540999889373779,0.8540999889373779,0.8540999889373779,0.8539999723434448,0.8540999889373779,7945.0
2024-03-01 09:59:00,CLRB,4.03000020980835,4.03000020980835,4.0320000648498535,4.03000020980835,4.0320000648498535,606.0
2024-03-01 09:59:00,CMPX,1.7799999713897705,1.7799999713897705,1.7799999713897705,1.7799999713897705,1.7799999713897705,200.0
2024-03-01 09:59:00,CMRX,1.1200000047683716,1.1200000047683716,1.1200000047683716,1.1200000047683716,1.1200000047683716,0.0
2024-03-01 09:59:00,CNTA,10.470000267028809,10.470000267028809,10.529999732971191,10.399999618530273,10.520000457763672,3200.0
2024-03-01 09:59:00,COGT,7.315000057220459,7.315000057220459,7.320000171661377,7.309999942779541,7.320000171661377,1625.0
2024-03-01 09:59:00,COLL,37.400001525878906,37.400001525878906,37.4900016784668,37.400001525878906,37.474998474121094,753.0
2024-03-01 09:59:00,CORT,23.28499984741211,23.28499984741211,23.28499984741211,23.2549991607666,23.2549991607666,1527.0
2024-03-01 09:59:00,COSM,0.7524999976158142,0.7524999976158142,0.7524999976158142,0.7501000165939331,0.7501000165939331,3166.0
2024-03-01 09:59:00,CPRX,16.709999084472656,16.709999084472656,16.739999771118164,16.68000030517578,16.739999771118164,2910.0
2024-03-01 09:59:00,CPSI,9.75,9.75,9.8100004196167,9.75,9.800000190734863,1578.0
2024-03-01 09:59:00,CRBP,31.713300704956055,31.713300704956055,31.84000015258789,31.713300704956055,31.84000015258789,723.0
2024-03-01 09:59:00,CRBU,8.139100074768066,8.139100074768066,8.140000343322754,8.139100074768066,8.140000343322754,845.0
2024-03-01 09:59:00,CRDF,2.690000057220459,2.690000057220459,2.7300000190734863,2.6600000858306885,2.684999942779541,490968.0
2024-03-01 09:59:00,CRON,2.0350000858306885,2.0350000858306885,2.0399999618530273,2.030100107192993,2.0350000858306885,3396.0
2024-03-01 09:59:00,CRSP,85.27999877929688,85.27999877929688,85.37000274658203,85.27999877929688,85.37000274658203,2143.0
2024-03-01 09:59:00,CRVS,2.1875,2.1875,2.1875,2.180000066757202,2.180000066757202,132.0
2024-03-01 09:59:00,CSTL,19.549999237060547,19.549999237060547,19.549999237060547,19.40999984741211,19.40999984741211,1431.0
2024-03-01 09:59:00,CTKB,7.880000114440918,7.880000114440918,7.880000114440918,7.880000114440918,7.880000114440918,142.0
2024-03-01 09:59:00,CTMX,2.509999990463257,2.509999990463257,2.509999990463257,2.5,2.5,771.0
2024-03-01 09:59:00,CUTR,2.2899999618530273,2.2899999618530273,2.2899999618530273,2.2699999809265137,2.2699999809265137,843.0
2024-03-01 09:59:00,CYTK,74.5,74.5,74.62999725341797,74.4800033569336,74.62999725341797,5405.0
2024-03-01 09:59:00,DARE,0.5799000263214111,0.5799000263214111,0.5799000263214111,0.5759000182151794,0.5759000182151794,5600.0
2024-03-01 09:59:00,DAWN,16.979999542236328,16.979999542236328,16.979999542236328,16.979999542236328,16.979999542236328,335.0
2024-03-01 09:59:00,DCGO,4.079999923706055,4.079999923706055,4.079999923706055,4.079999923706055,4.079999923706055,1009.0
2024-03-01 09:59:00,DCPH,17.014999389648438,17.014999389648438,17.03499984741211,17.014999389648438,17.014999389648438,421.0
2024-03-01 09:59:00,DERM,4.039999961853027,4.039999961853027,4.039999961853027,4.039999961853027,4.039999961853027,1013.0
2024-03-01 09:59:00,DH,9.100000381469727,9.100000381469727,9.100000381469727,9.100000381469727,9.100000381469727,2241.0
2024-03-01 09:59:00,DMTK,0.8999999761581421,0.8999999761581421,0.8999999761581421,0.8999999761581421,0.8999999761581421,1101.0
2024-03-01 09:59:00,DNLI,20.559999465942383,20.559999465942383,20.584999084472656,20.540000915527344,20.584999084472656,1039.0
2024-03-01 09:59:00,DTIL,12.850000381469727,12.850000381469727,12.850000381469727,12.699999809265137,12.699999809265137,3392.0
2024-03-01 09:59:00,DXCM,116.4800033569336,116.4800033569336,116.48999786376953,116.30999755859375,116.31999969482422,5732.0
2024-03-01 09:59:00,DYN,29.395000457763672,29.395000457763672,29.395000457763672,29.299999237060547,29.34000015258789,40305.0
2024-03-01 09:59:00,EDIT,10.54889965057373,10.54889965057373,10.54889965057373,10.539999961853027,10.539999961853027,320.0
2024-03-01 09:59:00,ELEV,4.664999961853027,4.664999961853027,5.034999847412109,4.650000095367432,5.034999847412109,69908.0
2024-03-01 09:59:00,ENTA,14.774999618530273,14.774999618530273,14.774999618530273,14.774999618530273,14.774999618530273,130.0
2024-03-01 09:59:00,ENVB,1.6497000455856323,1.6497000455856323,1.649899959564209,1.6101000308990479,1.6150000095367432,19206.0
2024-03-01 09:59:00,EOLS,14.757499694824219,14.757499694824219,14.762499809265137,14.720000267028809,14.75,2351.0
2024-03-01 09:59:00,EQ,2.565000057220459,2.565000057220459,2.565000057220459,2.565000057220459,2.565000057220459,3879.0
2024-03-01 09:59:00,ERAS,2.384999990463257,2.384999990463257,2.384999990463257,2.384999990463257,2.384999990463257,1667.0
2024-03-01 09:59:00,ESPR,2.5199999809265137,2.5199999809265137,2.5199999809265137,2.5199999809265137,2.5199999809265137,515.0
2024-03-01 09:59:00,ESTA,44.95000076293945,44.95000076293945,44.959999084472656,44.95000076293945,44.95000076293945,896.0
2024-03-01 09:59:00,ETNB,12.395000457763672,12.395000457763672,12.40999984741211,12.395000457763672,12.40999984741211,1382.0
2024-03-01 09:59:00,EWTX,16.260000228881836,16.260000228881836,16.260000228881836,16.260000228881836,16.260000228881836,345.0
2024-03-01 09:59:00,EXAI,6.769999980926514,6.769999980926514,6.769999980926514,6.7600998878479,6.7600998878479,802.0
2024-03-01 09:59:00,EXAS,58.58000183105469,58.58000183105469,58.58000183105469,58.52000045776367,58.52000045776367,2964.0
2024-03-01 09:59:00,EXEL,22.360000610351562,22.360000610351562,22.360000610351562,22.358699798583984,22.360000610351562,2774.0
2024-03-01 09:59:00,EYPT,27.959999084472656,27.959999084472656,27.959999084472656,27.899999618530273,27.899999618530273,251.0
2024-03-01 09:59:00,FATE,7.420000076293945,7.420000076293945,7.420000076293945,7.420000076293945,7.420000076293945,180.0
2024-03-01 09:59:00,FBIO,2.194999933242798,2.194999933242798,2.194999933242798,2.194999933242798,2.194999933242798,1900.0
2024-03-01 09:59:00,FEMY,1.7000000476837158,1.7000000476837158,1.7000000476837158,1.7000000476837158,1.7000000476837158,0.0
2024-03-01 09:59:00,FENC,9.630000114440918,9.630000114440918,9.630000114440918,9.630000114440918,9.630000114440918,201.0
2024-03-01 09:59:00,FGEN,1.7599999904632568,1.7599999904632568,1.7599999904632568,1.7599999904632568,1.7599999904632568,1058.0
2024-03-01 09:59:00,FLGT,22.670000076293945,22.670000076293945,22.670000076293945,22.670000076293945,22.670000076293945,106.0
2024-03-01 09:59:00,FOLD,13.380000114440918,13.380000114440918,13.425000190734863,13.380000114440918,13.425000190734863,1353.0
2024-03-01 09:59:00,FULC,10.40999984741211,10.40999984741211,10.40999984741211,10.399999618530273,10.399999618530273,475.0
2024-03-01 09:59:00,FUSN,12.100000381469727,12.100000381469727,12.130000114440918,12.100000381469727,12.130000114440918,421.0
2024-03-01 09:59:00,GANX,4.539999961853027,4.539999961853027,4.539999961853027,4.539999961853027,4.539999961853027,1000.0
2024-03-01 09:59:00,GDRX,8.350000381469727,8.350000381469727,8.350000381469727,8.350000381469727,8.350000381469727,521.0
2024-03-01 09:59:00,GERN,2.0799999237060547,2.0799999237060547,2.0799999237060547,2.075000047683716,2.075000047683716,4837.0
2024-03-01 09:59:00,GH,19.079999923706055,19.079999923706055,19.084999084472656,19.079999923706055,19.084999084472656,414.0
2024-03-01 09:59:00,GILD,72.4800033569336,72.4800033569336,72.4800033569336,72.42500305175781,72.44999694824219,6283.0
2024-03-01 09:59:00,GLPG,35.025001525878906,35.025001525878906,35.025001525878906,35.025001525878906,35.025001525878906,207.0
2024-03-01 09:59:00,GLTO,0.7073000073432922,0.7073000073432922,0.7073000073432922,0.7073000073432922,0.7073000073432922,800.0
2024-03-01 09:59:00,GMAB,28.614999771118164,28.614999771118164,28.6200008392334,28.614999771118164,28.6200008392334,451.0
2024-03-01 09:59:00,GOSS,1.3949999809265137,1.3949999809265137,1.3949999809265137,1.3949999809265137,1.3949999809265137,1021.0
2024-03-01 09:59:00,GRFS,6.735000133514404,6.735000133514404,6.739999771118164,6.699999809265137,6.699999809265137,3715.0
2024-03-01 09:59:00,GRTS,1.98989999294281,1.98989999294281,1.9993000030517578,1.950700044631958,1.950700044631958,13036.0
2024-03-01 09:59:00,GTHX,3.380000114440918,3.380000114440918,3.380000114440918,3.365000009536743,3.365000009536743,352.0
2024-03-01 09:59:00,HALO,40.68000030517578,40.68000030517578,40.77000045776367,40.68000030517578,40.77000045776367,2028.0
2024-03-01 09:59:00,HARP,22.940000534057617,22.940000534057617,22.950000762939453,22.940000534057617,22.950000762939453,932.0
2024-03-01 09:59:00,HCAT,8.069999694824219,8.069999694824219,8.069999694824219,8.069999694824219,8.069999694824219,433.0
2024-03-01 09:59:00,HCTI,2.3399999141693115,2.3399999141693115,2.3499999046325684,2.3399999141693115,2.349400043487549,2378.0
2024-03-01 09:59:00,HLTH,0.26100000739097595,0.26100000739097595,0.27000001072883606,0.26100000739097595,0.27000001072883606,4490.0
2024-03-01 09:59:00,HOLX,73.62000274658203,73.62000274658203,73.66000366210938,73.61499786376953,73.61499786376953,3107.0
2024-03-01 09:59:00,HPCO,0.2554999887943268,0.2554999887943268,0.2599000036716461,0.2554999887943268,0.2590000033378601,12900.0
2024-03-01 09:59:00,HQY,81.94999694824219,81.94999694824219,82.05500030517578,81.94999694824219,82.01010131835938,782.0
2024-03-01 09:59:00,HRTX,2.6050000190734863,2.6050000190734863,2.609999895095825,2.6050000190734863,2.609999895095825,2294.0
2024-03-01 09:59:00,HSIC,76.9800033569336,76.9800033569336,77.11499786376953,76.93000030517578,77.11499786376953,1290.0
2024-03-01 09:59:00,HUMA,3.0799999237060547,3.0799999237060547,3.0799999237060547,3.069999933242798,3.075000047683716,14193.0
2024-03-01 09:59:00,IART,36.81999969482422,36.81999969482422,36.81999969482422,36.81999969482422,36.81999969482422,665.0
2024-03-01 09:59:00,IBRX,4.954999923706055,4.954999923706055,4.954999923706055,4.954999923706055,4.954999923706055,272.0
2024-03-01 09:59:00,IDXX,568.97998046875,568.97998046875,568.97998046875,568.97998046875,568.97998046875,837.0
2024-03-01 09:59:00,IDYA,45.84000015258789,45.84000015258789,45.915000915527344,45.84000015258789,45.915000915527344,576.0
2024-03-01 09:59:00,IGMS,13.0600004196167,13.0600004196167,13.0600004196167,13.0600004196167,13.0600004196167,130.0
2024-03-01 09:59:00,IINN,1.660099983215332,1.660099983215332,1.660099983215332,1.660099983215332,1.660099983215332,200.0
2024-03-01 09:59:00,IKNA,1.468500018119812,1.468500018119812,1.468500018119812,1.468500018119812,1.468500018119812,328.0
2024-03-01 09:59:00,ILMN,137.6300048828125,137.6300048828125,137.77999877929688,137.52000427246094,137.58270263671875,4990.0
2024-03-01 09:59:00,IMAB,1.8604999780654907,1.8604999780654907,1.8604999780654907,1.8604999780654907,1.8604999780654907,155.0
2024-03-01 09:59:00,IMNN,1.0850000381469727,1.0850000381469727,1.0850000381469727,1.0850000381469727,1.0850000381469727,0.0
2024-03-01 09:59:00,IMRX,6.25,6.25,6.25,6.159999847412109,6.170000076293945,1303.0
2024-03-01 09:59:00,IMTX,12.857000350952148,12.857000350952148,12.857000350952148,12.857000350952148,12.857000350952148,200.0
2024-03-01 09:59:00,IMVT,36.78499984741211,36.78499984741211,36.78499984741211,36.78499984741211,36.78499984741211,218.0
2024-03-01 09:59:00,INCY,59.20000076293945,59.20000076293945,59.2400016784668,58.959999084472656,58.959999084472656,7868.0
2024-03-01 09:59:00,INDP,2.069999933242798,2.069999933242798,2.109999895095825,2.049999952316284,2.049999952316284,483.0
2024-03-01 09:59:00,INGN,6.760000228881836,6.760000228881836,6.760000228881836,6.760000228881836,6.760000228881836,214.0
2024-03-01 09:59:00,INMD,22.32990074157715,22.32990074157715,22.32990074157715,22.31999969482422,22.31999969482422,311.0
2024-03-01 09:59:00,INO,9.1048002243042,9.1048002243042,9.136699676513672,9.1048002243042,9.136699676513672,510.0
2024-03-01 09:59:00,INSM,28.125,28.125,28.125,28.1200008392334,28.1200008392334,769.0
2024-03-01 09:59:00,IONS,45.33000183105469,45.33000183105469,45.33000183105469,45.25,45.25,2640.0
2024-03-01 09:59:00,IOVA,16.890100479125977,16.890100479125977,16.920000076293945,16.88010025024414,16.91119956970215,15655.0
2024-03-01 09:59:00,IPSC,3.6600000858306885,3.6600000858306885,3.6600000858306885,3.6600000858306885,3.6600000858306885,876.0
2024-03-01 09:59:00,IRTC,117.47000122070312,117.47000122070312,117.47000122070312,117.47000122070312,117.47000122070312,276.0
2024-03-01 09:59:00,IRWD,8.930000305175781,8.930000305175781,8.930000305175781,8.925000190734863,8.925000190734863,3421.0
2024-03-01 09:59:00,ISRG,386.8500061035156,386.8500061035156,386.8699951171875,386.8500061035156,386.8699951171875,954.0
2024-03-01 09:59:00,IXHL,5.25,5.25,5.25,5.214000225067139,5.21999979019165,1661.0
2024-03-01 09:59:00,JAGX,0.06800000369548798,0.06800000369548798,0.0681999996304512,0.06589999794960022,0.06700000166893005,163109.0
2024-03-01 09:59:00,JANX,48.75,48.75,49.55659866333008,48.27000045776367,49.13199996948242,16339.0
2024-03-01 09:59:00,JAZZ,121.78260040283203,121.78260040283203,122.44000244140625,121.78260040283203,122.44000244140625,5993.0
2024-03-01 09:59:00,KALV,13.920000076293945,13.920000076293945,13.920000076293945,13.90999984741211,13.90999984741211,203.0
2024-03-01 09:59:00,KPTI,1.1449999809265137,1.1449999809265137,1.1449999809265137,1.1399999856948853,1.1449999809265137,657.0
2024-03-01 09:59:00,KYMR,43.04999923706055,43.04999923706055,43.06999969482422,43.04999923706055,43.06999969482422,446.0
2024-03-01 09:59:00,KZIA,0.2540999948978424,0.2540999948978424,0.2540999948978424,0.2540000081062317,0.2540999948978424,8050.0
2024-03-01 09:59:00,KZR,1.090000033378601,1.090000033378601,1.090000033378601,1.090000033378601,1.090000033378601,646.0
2024-03-01 09:59:00,LAB,2.2799999713897705,2.2799999713897705,2.2850000858306885,2.2799999713897705,2.2850000858306885,1100.0
2024-03-01 09:59:00,LFMD,8.037199974060059,8.037199974060059,8.037199974060059,8.0,8.0,3158.0
2024-03-01 09:59:00,LFST,7.980000019073486,7.980000019073486,7.980000019073486,7.980000019073486,7.980000019073486,107.0
2024-03-01 09:59:00,LIFE,1.9399000406265259,1.9399000406265259,1.9399000406265259,1.9205000400543213,1.9205000400543213,10887.0
2024-03-01 09:59:00,LUCD,1.2099000215530396,1.2099000215530396,1.2099000215530396,1.2099000215530396,1.2099000215530396,878.0
2024-03-01 09:59:00,LVTX,3.069999933242798,3.069999933242798,3.069999933242798,2.990000009536743,2.990000009536743,14325.0
2024-03-01 09:59:00,LXRX,2.444999933242798,2.444999933242798,2.444999933242798,2.440000057220459,2.440000057220459,3033.0
2024-03-01 09:59:00,LYRA,5.451499938964844,5.451499938964844,5.451499938964844,5.451499938964844,5.451499938964844,102.0
2024-03-01 09:59:00,MASI,128.1199951171875,128.1199951171875,128.1199951171875,128.1199951171875,128.1199951171875,291.0
2024-03-01 09:59:00,MASS,6.991499900817871,6.991499900817871,6.991499900817871,6.991499900817871,6.991499900817871,664.0
2024-03-01 09:59:00,MBOT,1.2699999809265137,1.2699999809265137,1.2699999809265137,1.2699999809265137,1.2699999809265137,332.0
2024-03-01 09:59:00,MCRB,1.159999966621399,1.159999966621399,1.159999966621399,1.159999966621399,1.159999966621399,1552.0
2024-03-01 09:59:00,MDGL,245.156494140625,245.156494140625,245.156494140625,244.98500061035156,244.98500061035156,511.0
2024-03-01 09:59:00,MDXG,8.505000114440918,8.505000114440918,8.510000228881836,8.494999885559082,8.494999885559082,5850.0
2024-03-01 09:59:00,ME,0.5550000071525574,0.5550000071525574,0.5550000071525574,0.5529999732971191,0.5529999732971191,43296.0
2024-03-01 09:59:00,MGNX,18.575000762939453,18.575000762939453,18.6200008392334,18.549999237060547,18.549999237060547,3042.0
2024-03-01 09:59:00,MLTX,52.375,52.375,52.375,52.375,52.375,286.0
2024-03-01 09:59:00,MNKD,4.394499778747559,4.394499778747559,4.394999980926514,4.390500068664551,4.394999980926514,3633.0
2024-03-01 09:59:00,MNMD,5.7032999992370605,5.7032999992370605,5.739999771118164,5.7032999992370605,5.739999771118164,1332.0
2024-03-01 09:59:00,MNPR,0.7767999768257141,0.7767999768257141,0.7799999713897705,0.7669000029563904,0.7699999809265137,8661.0
2024-03-01 09:59:00,MODD,1.899999976158142,1.899999976158142,1.9049999713897705,1.899999976158142,1.9049999713897705,1140.0
2024-03-01 09:59:00,MOR,17.549999237060547,17.549999237060547,17.549999237060547,17.549999237060547,17.549999237060547,838.0
2024-03-01 09:59:00,MRNA,93.76499938964844,93.76499938964844,93.86000061035156,93.7249984741211,93.74849700927734,2286.0
2024-03-01 09:59:00,MRNS,9.699999809265137,9.699999809265137,9.699999809265137,9.699999809265137,9.699999809265137,241.0
2024-03-01 09:59:00,MRSN,5.838200092315674,5.838200092315674,5.840000152587891,5.824999809265137,5.829999923706055,3914.0
2024-03-01 09:59:00,MRUS,48.845001220703125,48.845001220703125,48.845001220703125,48.845001220703125,48.845001220703125,323.0
2024-03-01 09:59:00,MXCT,4.650000095367432,4.650000095367432,4.650000095367432,4.650000095367432,4.650000095367432,102.0
2024-03-01 09:59:00,MYGN,21.049999237060547,21.049999237060547,21.05500030517578,21.049999237060547,21.05500030517578,345.0
2024-03-01 09:59:00,NARI,45.130001068115234,45.130001068115234,45.17250061035156,45.040000915527344,45.17250061035156,3053.0
2024-03-01 09:59:00,NAUT,2.6600000858306885,2.6600000858306885,2.684999942779541,2.5999999046325684,2.684999942779541,8899.0
2024-03-01 09:59:00,NBIX,130.9149932861328,130.9149932861328,130.92999267578125,130.89999389648438,130.92999267578125,1081.0
2024-03-01 09:59:00,NEO,15.6850004196167,15.6850004196167,15.6850004196167,15.664999961853027,15.670000076293945,1841.0
2024-03-01 09:59:00,NEOG,16.969999313354492,16.969999313354492,16.979999542236328,16.969999313354492,16.979999542236328,267.0
2024-03-01 09:59:00,NGM,1.524999976158142,1.524999976158142,1.524999976158142,1.524999976158142,1.524999976158142,100.0
2024-03-01 09:59:00,NKTR,0.7150999903678894,0.7150999903678894,0.7199000120162964,0.7150999903678894,0.7199000120162964,300.0
2024-03-01 09:59:00,NNOX,11.220000267028809,11.220000267028809,11.229999542236328,11.15999984741211,11.1899995803833,3487.0
2024-03-01 09:59:00,NRIX,12.609999656677246,12.609999656677246,12.609999656677246,12.609999656677246,12.609999656677246,267.0
2024-03-01 09:59:00,NRXP,0.4099999964237213,0.4099999964237213,0.4124000072479248,0.4099999964237213,0.4124000072479248,14500.0
2024-03-01 09:59:00,NTLA,32.869998931884766,32.869998931884766,32.92070007324219,32.869998931884766,32.88999938964844,2573.0
2024-03-01 09:59:00,NTRA,89.0999984741211,89.0999984741211,89.0999984741211,89.0199966430664,89.0199966430664,2063.0
2024-03-01 09:59:00,NUTX,0.11299999803304672,0.11299999803304672,0.11490000039339066,0.11299999803304672,0.11299999803304672,977.0
2024-03-01 09:59:00,NUVL,87.26000213623047,87.26000213623047,87.26000213623047,87.26000213623047,87.26000213623047,749.0
2024-03-01 09:59:00,NVAX,4.864999771118164,4.864999771118164,4.880000114440918,4.855899810791016,4.855899810791016,9899.0
2024-03-01 09:59:00,NVNO,6.25,6.25,6.25,6.21999979019165,6.21999979019165,662.0
2024-03-01 09:59:00,OCGN,0.9099000096321106,0.9099000096321106,0.9125000238418579,0.9089999794960022,0.9125000238418579,13975.0
2024-03-01 09:59:00,OCUL,10.430000305175781,10.430000305175781,10.430000305175781,10.39330005645752,10.39330005645752,6172.0
2024-03-01 09:59:00,OGI,2.0999999046325684,2.0999999046325684,2.0999999046325684,2.0799999237060547,2.0799999237060547,721.0
2024-03-01 09:59:00,OLK,22.3799991607666,22.3799991607666,22.3799991607666,22.3799991607666,22.3799991607666,200.0
2024-03-01 09:59:00,OM,3.01990008354187,3.01990008354187,3.01990008354187,3.01990008354187,3.01990008354187,161.0
2024-03-01 09:59:00,OMCL,26.040000915527344,26.040000915527344,26.040000915527344,26.040000915527344,26.040000915527344,179.0
2024-03-01 09:59:00,ONCT,9.600000381469727,9.600000381469727,9.600000381469727,9.579999923706055,9.579999923706055,336.0
2024-03-01 10:00:00,ABCL,5.11299991607666,5.11299991607666,5.119999885559082,5.099999904632568,5.099999904632568,13577.0
2024-03-01 10:00:00,ABEO,7.281499862670898,7.281499862670898,7.281499862670898,7.269999980926514,7.269999980926514,1414.0
2024-03-01 10:00:00,ABOS,4.480000019073486,4.480000019073486,4.480000019073486,4.480000019073486,4.480000019073486,207.0
2024-03-01 10:00:00,ABSI,5.130000114440918,5.130000114440918,5.130000114440918,5.110000133514404,5.110000133514404,1351.0
2024-03-01 10:00:00,ABVC,1.1799999475479126,1.1799999475479126,1.1875,1.1799999475479126,1.1875,555.0
2024-03-01 10:00:00,ACAD,23.487499237060547,23.487499237060547,23.5,23.364999771118164,23.364999771118164,2702.0
2024-03-01 10:00:00,ACB,3.055000066757202,3.055000066757202,3.0680999755859375,3.0504000186920166,3.0680999755859375,2446.0
2024-03-01 10:00:00,ACET,2.369999885559082,2.369999885559082,2.369999885559082,2.369999885559082,2.369999885559082,89.0
2024-03-01 10:00:00,ACHC,83.2699966430664,83.2699966430664,83.4800033569336,83.2699966430664,83.4800033569336,2111.0
2024-03-01 10:00:00,ACLX,68.65499877929688,68.65499877929688,68.65499877929688,68.65499877929688,68.65499877929688,104.0
2024-03-01 10:00:00,ACON,0.38510000705718994,0.38510000705718994,0.38510000705718994,0.38510000705718994,0.38510000705718994,3183.0
2024-03-01 10:00:00,ACRS,1.25,1.25,1.25,1.2450000047683716,1.25,520.0
2024-03-01 10:00:00,ADAG,3.305000066757202,3.305000066757202,3.369999885559082,3.305000066757202,3.359999895095825,1077.0
2024-03-01 10:00:00,ADAP,1.566499948501587,1.566499948501587,1.566499948501587,1.566499948501587,1.566499948501587,6852.0
2024-03-01 10:00:00,ADIL,3.3199000358581543,3.3199000358581543,3.3499999046325684,3.200000047683716,3.200000047683716,238207.0
2024-03-01 10:00:00,ADMA,5.364500045776367,5.364500045776367,5.364500045776367,5.360000133514404,5.360000133514404,2720.0
2024-03-01 10:00:00,ADPT,4.090000152587891,4.090000152587891,4.090000152587891,4.039999961853027,4.059999942779541,1146.0
2024-03-01 10:00:00,ADVM,1.9800000190734863,1.9800000190734863,1.9800000190734863,1.9800000190734863,1.9800000190734863,705.0
2024-03-01 10:00:00,AGEN,0.6833000183105469,0.6833000183105469,0.6833000183105469,0.6832000017166138,0.6833000183105469,92480.0
2024-03-01 10:00:00,AGIO,32.564998626708984,32.564998626708984,32.66999816894531,32.54999923706055,32.625,2433.0
2024-03-01 10:00:00,AHCO,10.404999732971191,10.404999732971191,10.449999809265137,10.399999618530273,10.444999694824219,1058.0
2024-03-01 10:00:00,AIMD,0.9599999785423279,0.9599999785423279,0.9599999785423279,0.9599999785423279,0.9599999785423279,695.0
2024-03-01 10:00:00,AKAN,0.27219998836517334,0.27219998836517334,0.27219998836517334,0.27219998836517334,0.27219998836517334,300.0
2024-03-01 10:00:00,AKBA,1.649999976158142,1.649999976158142,1.649999976158142,1.6399999856948853,1.6449999809265137,5903.0
2024-03-01 10:00:00,AKRO,27.889999389648438,27.889999389648438,28.0,27.790000915527344,27.790000915527344,4271.0
2024-03-01 10:00:00,ALDX,3.9600000381469727,3.9600000381469727,3.9700000286102295,3.930000066757202,3.930000066757202,1630.0
2024-03-01 10:00:00,ALEC,7.230000019073486,7.230000019073486,7.239999771118164,7.222499847412109,7.222499847412109,2752.0
2024-03-01 10:00:00,ALGN,300.29998779296875,300.29998779296875,301.0,300.0299987792969,300.0299987792969,1132.0
2024-03-01 10:00:00,ALHC,5.960000038146973,5.960000038146973,5.960000038146973,5.954999923706055,5.960000038146973,600.0
2024-03-01 10:00:00,ALKS,29.985000610351562,29.985000610351562,30.09000015258789,29.969999313354492,30.010000228881836,3348.0
2024-03-01 10:00:00,ALLK,1.5549999475479126,1.5549999475479126,1.5549999475479126,1.5499999523162842,1.5499999523162842,2589.0
2024-03-01 10:00:00,ALLO,5.008200168609619,5.008200168609619,5.010300159454346,4.974999904632568,4.974999904632568,2586.0
2024-03-01 10:00:00,ALNY,153.27999877929688,153.27999877929688,153.27999877929688,152.89999389648438,152.9499969482422,1155.0
2024-03-01 10:00:00,ALPN,36.35499954223633,36.35499954223633,36.44960021972656,36.35499954223633,36.369998931884766,1028.0
2024-03-01 10:00:00,ALT,12.0,12.0,12.029999732971191,11.989999771118164,11.989999771118164,7177.0
2024-03-01 10:00:00,ALVO,15.680000305175781,15.680000305175781,15.699999809265137,15.680000305175781,15.699999809265137,633.0
2024-03-01 10:00:00,AMGN,276.82000732421875,276.82000732421875,277.44000244140625,276.79998779296875,276.79998779296875,11269.0
2024-03-01 10:00:00,AMLX,18.940000534057617,18.940000534057617,18.959999084472656,18.889999389648438,18.889999389648438,1127.0
2024-03-01 10:00:00,AMPH,46.599998474121094,46.599998474121094,46.599998474121094,46.5,46.5099983215332,974.0
2024-03-01 10:00:00,AMRN,1.024999976158142,1.024999976158142,1.024999976158142,1.024999976158142,1.024999976158142,1165.0
2024-03-01 10:00:00,ANAB,25.8799991607666,25.8799991607666,25.940000534057617,25.8799991607666,25.90999984741211,547.0
2024-03-01 10:00:00,ANGO,5.329999923706055,5.329999923706055,5.329999923706055,5.309999942779541,5.309999942779541,3334.0
2024-03-01 10:00:00,ANNX,5.900000095367432,5.900000095367432,5.949999809265137,5.900000095367432,5.949999809265137,15973.0
2024-03-01 10:00:00,ANTX,3.015000104904175,3.015000104904175,3.015000104904175,3.015000104904175,3.015000104904175,144.0
2024-03-01 10:00:00,APLS,62.77000045776367,62.77000045776367,62.849998474121094,62.52000045776367,62.525001525878906,8109.0
2024-03-01 10:00:00,APLT,7.445000171661377,7.445000171661377,7.510000228881836,7.440000057220459,7.510000228881836,3458.0
2024-03-01 10:00:00,APM,1.600000023841858,1.600000023841858,1.600000023841858,1.600000023841858,1.600000023841858,200.0
2024-03-01 10:00:00,AQST,4.195000171661377,4.195000171661377,4.199999809265137,4.140100002288818,4.1605000495910645,19027.0
2024-03-01 10:00:00,ARAY,2.6050000190734863,2.6050000190734863,2.6050000190734863,2.5899999141693115,2.5899999141693115,559.0
2024-03-01 10:00:00,ARCT,40.290000915527344,40.290000915527344,40.290000915527344,40.290000915527344,40.290000915527344,116.0
2024-03-01 10:00:00,ARDX,9.664999961853027,9.664999961853027,9.6899995803833,9.65999984741211,9.670000076293945,19418.0
2024-03-01 10:00:00,ARGX,382.43499755859375,382.43499755859375,382.43499755859375,382.43499755859375,382.43499755859375,348.0
2024-03-01 10:00:00,ARQT,10.92959976196289,10.92959976196289,11.11929988861084,10.92959976196289,11.085000038146973,21454.0
2024-03-01 10:00:00,ARVN,50.119998931884766,50.119998931884766,50.119998931884766,49.75,49.75,1566.0
2024-03-01 10:00:00,ARWR,34.11989974975586,34.11989974975586,34.2400016784668,34.040000915527344,34.13999938964844,11551.0
2024-03-01 10:00:00,ASND,148.47999572753906,148.47999572753906,148.47999572753906,148.47999572753906,148.47999572753906,154.0
2024-03-01 10:00:00,ASRT,0.9086999893188477,0.9086999893188477,0.9086999893188477,0.9075000286102295,0.9075000286102295,1399.0
2024-03-01 10:00:00,ATAI,1.9400999546051025,1.9400999546051025,1.9400999546051025,1.940000057220459,1.940000057220459,867.0
2024-03-01 10:00:00,ATEC,13.319999694824219,13.319999694824219,13.34000015258789,13.300000190734863,13.300000190734863,3451.0
2024-03-01 10:00:00,ATHA,3.890000104904175,3.890000104904175,3.890000104904175,3.890000104904175,3.890000104904175,650.0
2024-03-01 10:00:00,ATOS,0.9900000095367432,0.9900000095367432,0.9900000095367432,0.9900000095367432,0.9900000095367432,802.0
2024-03-01 10:00:00,ATRA,0.7738999724388123,0.7738999724388123,0.7799999713897705,0.7738999724388123,0.7799999713897705,1091.0
2024-03-01 10:00:00,ATRC,35.255001068115234,35.255001068115234,35.255001068115234,35.13999938964844,35.13999938964844,437.0
2024-03-01 10:00:00,ATXS,14.670000076293945,14.670000076293945,14.670000076293945,14.444999694824219,14.444999694824219,2012.0
2024-03-01 10:00:00,AUGX,4.519999980926514,4.519999980926514,4.519999980926514,4.519999980926514,4.519999980926514,191.0
2024-03-01 10:00:00,AUPH,5.71999979019165,5.71999979019165,5.71999979019165,5.71999979019165,5.71999979019165,661.0
2024-03-01 10:00:00,AURA,9.100000381469727,9.100000381469727,9.100000381469727,9.100000381469727,9.100000381469727,501.0
2024-03-01 10:00:00,AUTL,6.159999847412109,6.159999847412109,6.159999847412109,6.139999866485596,6.139999866485596,4817.0
2024-03-01 10:00:00,AVDL,12.949999809265137,12.949999809265137,12.989999771118164,12.949999809265137,12.949999809265137,0.0
2024-03-01 10:00:00,AVIR,4.360000133514404,4.360000133514404,4.380000114440918,4.349999904632568,4.380000114440918,9980.0
2024-03-01 10:00:00,AVRO,1.3193000555038452,1.3193000555038452,1.3193000555038452,1.3193000555038452,1.3193000555038452,306.0
2024-03-01 10:00:00,AVXL,5.208099842071533,5.208099842071533,5.21999979019165,5.199999809265137,5.199999809265137,929.0
2024-03-01 10:00:00,AXGN,10.470000267028809,10.470000267028809,10.5,10.470000267028809,10.479999542236328,922.0
2024-03-01 10:00:00,AXNX,67.5,67.5,67.5999984741211,67.5,67.52999877929688,17357.0
2024-03-01 10:00:00,AXSM,83.16999816894531,83.16999816894531,83.16999816894531,82.69999694824219,82.69999694824219,5258.0
2024-03-01 10:00:00,AZN,64.12000274658203,64.12000274658203,64.2699966430664,64.00499725341797,64.0199966430664,23203.0
2024-03-01 10:00:00,AZTA,65.47000122070312,65.47000122070312,65.58000183105469,65.44000244140625,65.58000183105469,1141.0
2024-03-01 10:00:00,BBIO,35.224998474121094,35.224998474121094,35.26499938964844,35.06999969482422,35.06999969482422,1135.0
2024-03-01 10:00:00,BBLG,2.240000009536743,2.240000009536743,2.3299999237060547,2.200000047683716,2.3299999237060547,23494.0
2024-03-01 10:00:00,BCAB,2.740000009536743,2.740000009536743,2.740000009536743,2.7298998832702637,2.7298998832702637,733.0
2024-03-01 10:00:00,BCEL,0.26499998569488525,0.26499998569488525,0.26499998569488525,0.26499998569488525,0.26499998569488525,36478.0
2024-03-01 10:00:00,BCRX,5.71999979019165,5.71999979019165,5.71999979019165,5.679999828338623,5.679999828338623,4827.0
2024-03-01 10:00:00,BDSX,1.6973999738693237,1.6973999738693237,1.6973999738693237,1.6973999738693237,1.6973999738693237,0.0
2024-03-01 10:00:00,BDTX,5.309999942779541,5.309999942779541,5.310100078582764,5.309999942779541,5.310100078582764,1258.0
2024-03-01 10:00:00,BEAM,40.005001068115234,40.005001068115234,40.08399963378906,39.91999816894531,40.0,3330.0
2024-03-01 10:00:00,BGNE,164.3699951171875,164.3699951171875,164.3699951171875,164.3699951171875,164.3699951171875,190.0
2024-03-01 10:00:00,BGXX,0.27300000190734863,0.27300000190734863,0.27300000190734863,0.2700999975204468,0.2700999975204468,6341.0
2024-03-01 10:00:00,BIIB,218.63499450683594,218.63499450683594,218.63499450683594,218.33999633789062,218.33999633789062,1058.0
2024-03-01 10:00:00,BIOL,0.1388999968767166,0.1388999968767166,0.1388999968767166,0.1388999968767166,0.1388999968767166,2733.0
2024-03-01 10:00:00,BIVI,2.671099901199341,2.671099901199341,2.7499001026153564,2.630000114440918,2.7499001026153564,250805.0
2024-03-01 10:00:00,BLFS,17.1200008392334,17.1200008392334,17.200000762939453,17.1200008392334,17.200000762939453,1628.0
2024-03-01 10:00:00,BLRX,1.4049999713897705,1.4049999713897705,1.409999966621399,1.4000999927520752,1.409999966621399,6619.0
2024-03-01 10:00:00,BLUE,1.5699000358581543,1.5699000358581543,1.5800000429153442,1.559999942779541,1.559999942779541,36270.0
2024-03-01 10:00:00,BMEA,17.610000610351562,17.610000610351562,17.610000610351562,17.610000610351562,17.610000610351562,111.0
2024-03-01 10:00:00,BMRN,85.95500183105469,85.95500183105469,86.25,85.93000030517578,86.20500183105469,13458.0
2024-03-01 10:00:00,BNGO,1.2496000528335571,1.2496000528335571,1.2496000528335571,1.2350000143051147,1.2400000095367432,85951.0
2024-03-01 10:00:00,BNTX,90.66000366210938,90.66000366210938,90.7699966430664,90.58000183105469,90.58000183105469,1472.0
2024-03-01 10:00:00,BOLT,1.159999966621399,1.159999966621399,1.159999966621399,1.159999966621399,1.159999966621399,0.0
2024-03-01 10:00:00,BPMC,96.8949966430664,96.8949966430664,96.8949966430664,96.41500091552734,96.52999877929688,2627.0
2024-03-01 10:00:00,BRKR,87.12999725341797,87.12999725341797,87.12999725341797,86.9800033569336,86.9800033569336,1268.0
2024-03-01 10:00:00,BRTX,1.5298999547958374,1.5298999547958374,1.5699000358581543,1.4917999505996704,1.5399999618530273,19723.0
2024-03-01 10:00:00,BTCY,0.949999988079071,0.949999988079071,0.949999988079071,0.949999988079071,0.949999988079071,106.0
2024-03-01 10:00:00,BTTX,0.1624000072479248,0.1624000072479248,0.16419999301433563,0.1623000055551529,0.1623000055551529,9100.0
2024-03-01 10:00:00,BWAY,6.590000152587891,6.590000152587891,6.590000152587891,6.579999923706055,6.579999923706055,300.0
2024-03-01 10:00:00,CABA,24.399999618530273,24.399999618530273,24.40999984741211,24.389999389648438,24.389999389648438,2827.0
2024-03-01 10:00:00,CARA,0.8700000047683716,0.8700000047683716,0.8700000047683716,0.8700000047683716,0.8700000047683716,865.0
2024-03-01 10:00:00,CBAY,32.22999954223633,32.22999954223633,32.22999954223633,32.220001220703125,32.224998474121094,6536.0
2024-03-01 10:00:00,CCCC,11.050000190734863,11.050000190734863,11.050000190734863,10.859999656677246,10.859999656677246,12527.0
2024-03-01 10:00:00,CDMO,7.84499979019165,7.84499979019165,7.84499979019165,7.84499979019165,7.84499979019165,142.0
2024-03-01 10:00:00,CDNA,11.734999656677246,11.734999656677246,11.770000457763672,11.725000381469727,11.75,1207.0
2024-03-01 10:00:00,CDXS,4.340000152587891,4.340000152587891,4.347899913787842,4.318900108337402,4.318900108337402,2983.0
2024-03-01 10:00:00,CELC,15.520000457763672,15.520000457763672,15.635000228881836,15.520000457763672,15.635000228881836,891.0
2024-03-01 10:00:00,CERE,41.09000015258789,41.09000015258789,41.1150016784668,41.09000015258789,41.11000061035156,9967.0
2024-03-01 10:00:00,CERS,2.200000047683716,2.200000047683716,2.200000047683716,2.180000066757202,2.180000066757202,2628.0
2024-03-01 10:00:00,CERT,17.889999389648438,17.889999389648438,17.889999389648438,17.739999771118164,17.739999771118164,3531.0
2024-03-01 10:00:00,CGC,3.2147998809814453,3.2147998809814453,3.2369000911712646,3.2100000381469727,3.2200000286102295,8104.0
2024-03-01 10:00:00,CGEM,18.864999771118164,18.864999771118164,18.864999771118164,18.864999771118164,18.864999771118164,286.0
2024-03-01 10:00:00,CGEN,2.609999895095825,2.609999895095825,2.609999895095825,2.6050000190734863,2.6050000190734863,20001.0
2024-03-01 10:00:00,CHRS,2.3350000381469727,2.3350000381469727,2.3350000381469727,2.3299999237060547,2.3299999237060547,1458.0
2024-03-01 10:00:00,CKPT,2.1500000953674316,2.1500000953674316,2.1500000953674316,2.1500000953674316,2.1500000953674316,710.0
2024-03-01 10:00:00,CLDX,50.720001220703125,50.720001220703125,50.88999938964844,50.720001220703125,50.79999923706055,5241.0
2024-03-01 10:00:00,CLNN,0.3874000012874603,0.3874000012874603,0.3874000012874603,0.3874000012874603,0.3874000012874603,346.0
2024-03-01 10:00:00,CLOV,0.8557999730110168,0.8557999730110168,0.8557999730110168,0.8543000221252441,0.8543999791145325,5933.0
2024-03-01 10:00:00,CLPT,6.434999942779541,6.434999942779541,6.434999942779541,6.434999942779541,6.434999942779541,367.0
2024-03-01 10:00:00,CLSD,1.4199999570846558,1.4199999570846558,1.4199999570846558,1.4199999570846558,1.4199999570846558,205.0
2024-03-01 10:00:00,CMPS,10.630000114440918,10.630000114440918,10.630000114440918,10.626799583435059,10.626799583435059,611.0
2024-03-01 10:00:00,CMRX,1.1399999856948853,1.1399999856948853,1.1399999856948853,1.1396000385284424,1.1396000385284424,10529.0
2024-03-01 10:00:00,CNTA,10.510000228881836,10.510000228881836,10.579999923706055,10.460000038146973,10.569999694824219,2094.0
2024-03-01 10:00:00,COGT,7.300000190734863,7.300000190734863,7.340000152587891,7.300000190734863,7.320000171661377,2310.0
2024-03-01 10:00:00,CORT,23.399999618530273,23.399999618530273,23.415000915527344,23.28499984741211,23.350000381469727,879.0
2024-03-01 10:00:00,CPRX,16.780000686645508,16.780000686645508,16.815000534057617,16.760000228881836,16.780000686645508,11014.0
2024-03-01 10:00:00,CPSI,9.720000267028809,9.720000267028809,9.720000267028809,9.699999809265137,9.699999809265137,397.0
2024-03-01 10:00:00,CRBP,31.670000076293945,31.670000076293945,31.670000076293945,31.65999984741211,31.65999984741211,1453.0
2024-03-01 10:00:00,CRBU,8.140000343322754,8.140000343322754,8.160099983215332,8.130000114440918,8.149999618530273,20891.0
2024-03-01 10:00:00,CRDF,2.6003000736236572,2.6003000736236572,2.7200000286102295,2.5899999141693115,2.6900999546051025,378877.0
2024-03-01 10:00:00,CRMD,3.609999895095825,3.609999895095825,3.609999895095825,3.609999895095825,3.609999895095825,210.0
2024-03-01 10:00:00,CRNX,44.834999084472656,44.834999084472656,44.880001068115234,44.834999084472656,44.880001068115234,320.0
2024-03-01 10:00:00,CRON,2.0299999713897705,2.0299999713897705,2.039900064468384,2.0299999713897705,2.0350000858306885,18745.0
2024-03-01 10:00:00,CRSP,85.625,85.625,85.7699966430664,85.44999694824219,85.44999694824219,3053.0
2024-03-01 10:00:00,CRVS,2.200000047683716,2.200000047683716,2.200000047683716,2.200000047683716,2.200000047683716,200.0
2024-03-01 10:00:00,CSTL,19.579999923706055,19.579999923706055,19.579999923706055,19.549999237060547,19.549999237060547,2235.0
2024-03-01 10:00:00,CTKB,7.960000038146973,7.960000038146973,7.960000038146973,7.900000095367432,7.900000095367432,700.0
2024-03-01 10:00:00,CTSO,0.9399999976158142,0.9399999976158142,0.9399999976158142,0.9399999976158142,0.9399999976158142,317.0
2024-03-01 10:00:00,CUE,2.0799999237060547,2.0799999237060547,2.0899999141693115,2.0799999237060547,2.0899999141693115,795.0
2024-03-01 10:00:00,CUTR,2.2899999618530273,2.2899999618530273,2.2899999618530273,2.2899999618530273,2.2899999618530273,1012.0
2024-03-01 10:00:00,CVAC,3.440000057220459,3.440000057220459,3.440000057220459,3.440000057220459,3.440000057220459,273.0
2024-03-01 10:00:00,CVRX,19.940000534057617,19.940000534057617,19.940000534057617,19.790000915527344,19.790000915527344,510.0
2024-03-01 10:00:00,CYTK,74.5,74.5,74.80000305175781,74.44999694824219,74.55999755859375,12611.0
2024-03-01 10:00:00,DARE,0.5799999833106995,0.5799999833106995,0.5799999833106995,0.5799999833106995,0.5799999833106995,19700.0
2024-03-01 10:00:00,DAWN,17.045000076293945,17.045000076293945,17.045000076293945,17.045000076293945,17.045000076293945,112.0
2024-03-01 10:00:00,DCGO,4.059999942779541,4.059999942779541,4.070000171661377,4.059999942779541,4.070000171661377,0.0
2024-03-01 10:00:00,DCPH,17.030000686645508,17.030000686645508,17.040000915527344,17.014999389648438,17.030000686645508,945.0
2024-03-01 10:00:00,DCTH,4.210000038146973,4.210000038146973,4.210000038146973,4.210000038146973,4.210000038146973,100.0
2024-03-01 10:00:00,DERM,3.9700000286102295,3.9700000286102295,3.9700000286102295,3.9700000286102295,3.9700000286102295,679.0
2024-03-01 10:00:00,DH,9.149999618530273,9.149999618530273,9.149999618530273,9.100000381469727,9.100000381469727,1503.0
2024-03-01 10:00:00,DMTK,0.9118000268936157,0.9118000268936157,0.9236000180244446,0.9100000262260437,0.9217000007629395,8220.0
2024-03-01 10:00:00,DNLI,20.639999389648438,20.639999389648438,20.674999237060547,20.6200008392334,20.6200008392334,4274.0
2024-03-01 10:00:00,DRRX,0.9950000047683716,0.9950000047683716,0.9950000047683716,0.9950000047683716,0.9950000047683716,2300.0
2024-03-01 10:00:00,DSGN,2.8299999237060547,2.8299999237060547,2.8299999237060547,2.8299999237060547,2.8299999237060547,200.0
2024-03-01 10:00:00,DTIL,12.899999618530273,12.899999618530273,12.899999618530273,12.800000190734863,12.800000190734863,5244.0
2024-03-01 10:00:00,DVAX,12.829999923706055,12.829999923706055,12.829999923706055,12.8100004196167,12.819999694824219,1508.0
2024-03-01 10:00:00,DXCM,116.38999938964844,116.38999938964844,116.66500091552734,116.37000274658203,116.5,8295.0
2024-03-01 10:00:00,DYN,29.66900062561035,29.66900062561035,29.719999313354492,29.649999618530273,29.719999313354492,1136.0
2024-03-01 10:00:00,EDIT,10.59000015258789,10.59000015258789,10.600000381469727,10.550000190734863,10.550000190734863,5407.0
2024-03-01 10:00:00,EFTR,14.5600004196167,14.5600004196167,14.600000381469727,14.550000190734863,14.550000190734863,1135.0
2024-03-01 10:00:00,EKSO,1.9600000381469727,1.9600000381469727,1.9600000381469727,1.9600000381469727,1.9600000381469727,110.0
2024-03-01 10:00:00,ELEV,4.409999847412109,4.409999847412109,4.710000038146973,4.409999847412109,4.664999961853027,22566.0
2024-03-01 10:00:00,EMBC,14.319999694824219,14.319999694824219,14.319999694824219,14.319999694824219,14.319999694824219,772.0
2024-03-01 10:00:00,ENVB,1.659999966621399,1.659999966621399,1.6699999570846558,1.6398999691009521,1.6491999626159668,39076.0
2024-03-01 10:00:00,EOLS,14.770000457763672,14.770000457763672,14.770000457763672,14.770000457763672,14.770000457763672,218.0
2024-03-01 10:00:00,ERAS,2.390000104904175,2.390000104904175,2.390000104904175,2.390000104904175,2.390000104904175,225.0
2024-03-01 10:00:00,ESPR,2.5350000858306885,2.5350000858306885,2.5450000762939453,2.5250000953674316,2.5299999713897705,5596.0
2024-03-01 10:00:00,ETNB,12.40999984741211,12.40999984741211,12.420000076293945,12.395000457763672,12.420000076293945,2043.0
2024-03-01 10:00:00,EVO,7.369999885559082,7.369999885559082,7.369999885559082,7.369999885559082,7.369999885559082,290.0
2024-03-01 10:00:00,EWTX,16.34000015258789,16.34000015258789,16.475000381469727,16.260000228881836,16.295000076293945,7897.0
2024-03-01 10:00:00,EXAI,6.775000095367432,6.775000095367432,6.78000020980835,6.775000095367432,6.78000020980835,2671.0
2024-03-01 10:00:00,EXAS,58.880001068115234,58.880001068115234,58.91999816894531,58.84000015258789,58.84000015258789,6937.0
2024-03-01 10:00:00,EXEL,22.389999389648438,22.389999389648438,22.440000534057617,22.3700008392334,22.3700008392334,4458.0
2024-03-01 10:00:00,EYEN,2.121000051498413,2.121000051498413,2.130000114440918,2.121000051498413,2.130000114440918,0.0
2024-03-01 10:00:00,EYPT,28.0049991607666,28.0049991607666,28.020000457763672,28.0,28.0,656.0
2024-03-01 10:00:00,FATE,7.460000038146973,7.460000038146973,7.460000038146973,7.429999828338623,7.449999809265137,1677.0
2024-03-01 10:00:00,FBIO,2.200000047683716,2.200000047683716,2.200000047683716,2.200000047683716,2.200000047683716,0.0
2024-03-01 10:00:00,FDMT,29.520000457763672,29.520000457763672,29.520000457763672,29.459999084472656,29.459999084472656,622.0
2024-03-01 10:00:00,FEMY,1.7300000190734863,1.7300000190734863,1.7300000190734863,1.7300000190734863,1.7300000190734863,123.0
2024-03-01 10:00:00,FGEN,1.7699999809265137,1.7699999809265137,1.7699999809265137,1.7599999904632568,1.7599999904632568,1907.0
2024-03-01 10:00:00,FIXX,0.9291999936103821,0.9291999936103821,0.9291999936103821,0.9291999936103821,0.9291999936103821,200.0
2024-03-01 10:00:00,FLGC,1.2000000476837158,1.2000000476837158,1.2000000476837158,1.2000000476837158,1.2000000476837158,424.0
2024-03-01 10:00:00,FLGT,22.799999237060547,22.799999237060547,22.799999237060547,22.75,22.75,900.0
2024-03-01 10:00:00,FOLD,13.40999984741211,13.40999984741211,13.470000267028809,13.390000343322754,13.390000343322754,6011.0
2024-03-01 10:00:00,FONR,22.420000076293945,22.420000076293945,22.420000076293945,22.420000076293945,22.420000076293945,0.0
2024-03-01 10:00:00,FULC,10.420000076293945,10.420000076293945,10.420000076293945,10.399999618530273,10.399999618530273,533.0
2024-03-01 10:00:00,FUSN,12.09000015258789,12.09000015258789,12.09000015258789,12.09000015258789,12.09000015258789,103.0
2024-03-01 10:00:00,FWBI,8.1899995803833,8.1899995803833,8.1899995803833,8.1899995803833,8.1899995803833,300.0
2024-03-01 10:00:00,GDRX,8.390000343322754,8.390000343322754,8.437100410461426,8.359999656677246,8.359999656677246,4675.0
2024-03-01 10:00:00,GERN,2.0999999046325684,2.0999999046325684,2.1050000190734863,2.0899999141693115,2.0899999141693115,7093.0
2024-03-01 10:00:00,GH,19.200000762939453,19.200000762939453,19.209999084472656,19.100000381469727,19.100000381469727,2950.0
2024-03-01 10:00:00,GILD,72.48999786376953,72.48999786376953,72.56999969482422,72.4749984741211,72.4800033569336,9797.0
2024-03-01 10:00:00,GLMD,0.4099999964237213,0.4099999964237213,0.41499999165534973,0.4099999964237213,0.41499999165534973,1802.0
2024-03-01 10:00:00,GLPG,35.119998931884766,35.119998931884766,35.119998931884766,35.119998931884766,35.119998931884766,140.0
2024-03-01 10:00:00,GLTO,0.7200000286102295,0.7200000286102295,0.7200000286102295,0.7200000286102295,0.7200000286102295,0.0
2024-03-01 10:00:00,GLUE,6.304999828338623,6.304999828338623,6.304999828338623,6.304999828338623,6.304999828338623,408.0
2024-03-01 10:00:00,GLYC,2.9244000911712646,2.9244000911712646,2.9244000911712646,2.9244000911712646,2.9244000911712646,1000.0
2024-03-01 10:00:00,GMAB,28.639999389648438,28.639999389648438,28.65999984741211,28.639999389648438,28.65999984741211,444.0
2024-03-01 10:00:00,GMDA,0.3765000104904175,0.3765000104904175,0.3765000104904175,0.37599998712539673,0.37599998712539673,1507.0
2024-03-01 10:00:00,GOSS,1.3949999809265137,1.3949999809265137,1.409999966621399,1.3801000118255615,1.3949999809265137,4424.0
2024-03-01 10:00:00,GRFS,6.759399890899658,6.759399890899658,6.769999980926514,6.730000019073486,6.730000019073486,5311.0
2024-03-01 10:00:00,GRPH,3.490000009536743,3.490000009536743,3.490000009536743,3.4800000190734863,3.4800000190734863,820.0
2024-03-01 10:00:00,GRTS,2.0099000930786133,2.0099000930786133,2.0099000930786133,1.9950000047683716,1.9986000061035156,2854.0
2024-03-01 10:00:00,GTHX,3.4000000953674316,3.4000000953674316,3.4000000953674316,3.390000104904175,3.390000104904175,462.0
2024-03-01 10:00:00,HALO,40.900001525878906,40.900001525878906,40.934200286865234,40.70500183105469,40.70500183105469,2659.0
2024-03-01 10:00:00,HARP,22.940000534057617,22.940000534057617,22.950000762939453,22.940000534057617,22.950000762939453,6636.0
2024-03-01 10:00:00,HCAT,8.079999923706055,8.079999923706055,8.09000015258789,8.069999694824219,8.09000015258789,700.0
2024-03-01 10:00:00,HCSG,12.649999618530273,12.649999618530273,12.649999618530273,12.630000114440918,12.630000114440918,8203.0
2024-03-01 10:00:00,HCTI,2.3499999046325684,2.3499999046325684,2.4100000858306885,2.3299999237060547,2.4100000858306885,3473.0
2024-03-01 10:00:00,HITI,1.75,1.75,1.7549999952316284,1.75,1.7549999952316284,1416.0
2024-03-01 10:00:00,HLVX,18.56999969482422,18.56999969482422,18.56999969482422,18.56999969482422,18.56999969482422,325.0
2024-03-01 10:00:00,HOLX,73.72000122070312,73.72000122070312,73.93000030517578,73.6500015258789,73.6500015258789,3361.0
2024-03-01 10:00:00,HQY,82.37000274658203,82.37000274658203,82.37000274658203,82.16000366210938,82.16000366210938,1174.0
2024-03-01 10:00:00,HRMY,31.290000915527344,31.290000915527344,31.399999618530273,31.260000228881836,31.290000915527344,1402.0
2024-03-01 10:00:00,HROW,10.90999984741211,10.90999984741211,10.90999984741211,10.90999984741211,10.90999984741211,314.0
2024-03-01 10:00:00,HRTX,2.630000114440918,2.630000114440918,2.630000114440918,2.609999895095825,2.609999895095825,1083.0
2024-03-01 10:00:00,HSCS,0.11680000275373459,0.11680000275373459,0.11680000275373459,0.11680000275373459,0.11680000275373459,448.0
2024-03-01 10:00:00,HSIC,76.91000366210938,76.91000366210938,77.08999633789062,76.91000366210938,77.0,965.0
2024-03-01 10:00:00,HUMA,3.065000057220459,3.065000057220459,3.0799999237060547,3.065000057220459,3.069999933242798,10452.0
2024-03-01 10:00:00,IART,36.790000915527344,36.790000915527344,36.88999938964844,36.790000915527344,36.869998931884766,4247.0
2024-03-01 10:00:00,IBRX,4.909999847412109,4.909999847412109,4.940000057220459,4.909999847412109,4.940000057220459,3116.0
2024-03-01 10:00:00,ICAD,1.7899999618530273,1.7899999618530273,1.7899999618530273,1.7899999618530273,1.7899999618530273,217.0
2024-03-01 10:00:00,ICLR,323.0400085449219,323.0400085449219,323.0400085449219,323.0400085449219,323.0400085449219,270.0
2024-03-01 10:00:00,ICUI,104.80000305175781,104.80000305175781,105.25,104.80000305175781,105.22000122070312,1638.0
2024-03-01 10:00:00,IDYA,45.992401123046875,45.992401123046875,46.0,45.959999084472656,45.970001220703125,1676.0
2024-03-01 10:00:00,IGMS,13.0600004196167,13.0600004196167,13.0600004196167,13.0600004196167,13.0600004196167,606.0
2024-03-01 10:00:00,IINN,1.6449999809265137,1.6449999809265137,1.6799999475479126,1.6449999809265137,1.6799999475479126,5928.0
2024-03-01 10:00:00,ILMN,137.6649932861328,137.6649932861328,138.125,137.63999938964844,137.75999450683594,10807.0
2024-03-01 10:00:00,IMAB,1.8600000143051147,1.8600000143051147,1.8600000143051147,1.8600000143051147,1.8600000143051147,200.0
2024-03-01 10:00:00,IMCC,0.33340001106262207,0.33340001106262207,0.33340001106262207,0.33340001106262207,0.33340001106262207,301.0
2024-03-01 10:00:00,IMCR,68.66000366210938,68.66000366210938,68.66000366210938,68.4000015258789,68.4000015258789,930.0
2024-03-01 10:00:00,IMMX,3.440000057220459,3.440000057220459,3.440000057220459,3.4200000762939453,3.4200000762939453,713.0
2024-03-01 10:00:00,IMNM,25.030000686645508,25.030000686645508,25.030000686645508,24.899999618530273,24.899999618530273,2276.0
2024-03-01 10:00:00,IMRX,6.329999923706055,6.329999923706055,6.329999923706055,6.329999923706055,6.329999923706055,103.0
2024-03-01 10:00:00,IMTX,12.854999542236328,12.854999542236328,12.854999542236328,12.854999542236328,12.854999542236328,26.0
2024-03-01 10:00:00,IMVT,37.02000045776367,37.02000045776367,37.02000045776367,36.84000015258789,36.880001068115234,1592.0
2024-03-01 10:00:00,INAB,1.0901000499725342,1.0901000499725342,1.0901000499725342,1.0901000499725342,1.0901000499725342,600.0
2024-03-01 10:00:00,INBX,36.88999938964844,36.88999938964844,36.88999938964844,36.88999938964844,36.88999938964844,259.0
2024-03-01 10:00:00,INCY,59.150001525878906,59.150001525878906,59.31990051269531,59.150001525878906,59.31990051269531,1586.0
2024-03-01 10:00:00,INGN,6.78000020980835,6.78000020980835,6.78000020980835,6.78000020980835,6.78000020980835,1313.0
2024-03-01 10:00:00,INMD,22.399999618530273,22.399999618530273,22.40999984741211,22.34000015258789,22.34000015258789,3561.0
2024-03-01 10:00:00,INO,9.114999771118164,9.114999771118164,9.114999771118164,9.114999771118164,9.114999771118164,576.0
2024-03-01 10:00:00,INSM,28.229999542236328,28.229999542236328,28.2450008392334,28.139999389648438,28.139999389648438,1251.0
2024-03-01 10:00:00,INVA,15.430000305175781,15.430000305175781,15.5,15.420000076293945,15.5,1760.0
2024-03-01 10:00:00,INZY,6.469900131225586,6.469900131225586,6.469900131225586,6.440000057220459,6.440000057220459,812.0
2024-03-01 10:00:00,IONS,45.41999816894531,45.41999816894531,45.42499923706055,45.41999816894531,45.42499923706055,421.0
2024-03-01 10:00:00,IOVA,16.86009979248047,16.86009979248047,16.989999771118164,16.860000610351562,16.899999618530273,57128.0
2024-03-01 10:00:00,IPSC,3.6600000858306885,3.6600000858306885,3.6600000858306885,3.6600000858306885,3.6600000858306885,0.0
2024-03-01 10:00:00,IRTC,117.28500366210938,117.28500366210938,117.94999694824219,117.06999969482422,117.94999694824219,1026.0
2024-03-01 10:00:00,IRWD,8.944999694824219,8.944999694824219,8.968799591064453,8.925000190734863,8.944999694824219,27594.0
2024-03-01 10:00:00,ISRG,387.8900146484375,387.8900146484375,388.0950012207031,387.6824951171875,387.94500732421875,2466.0
2024-03-01 10:00:00,ITCI,71.71499633789062,71.71499633789062,71.71499633789062,71.4800033569336,71.4800033569336,963.0
2024-03-01 10:00:00,ITOS,10.729999542236328,10.729999542236328,10.75,10.729999542236328,10.75,346.0
2024-03-01 10:00:00,IVVD,3.950000047683716,3.950000047683716,3.950000047683716,3.944999933242798,3.944999933242798,528.0
2024-03-01 10:00:00,JAGX,0.06729999929666519,0.06729999929666519,0.06809999793767929,0.06610000133514404,0.06750000268220901,212626.0
2024-03-01 10:00:00,JANX,48.04999923706055,48.04999923706055,48.654998779296875,48.04999923706055,48.65129852294922,4178.0
2024-03-01 10:00:00,JAZZ,121.75,121.75,121.80999755859375,121.75,121.80999755859375,1213.0
2024-03-01 10:00:00,KALV,13.885000228881836,13.885000228881836,13.885000228881836,13.869999885559082,13.869999885559082,306.0
2024-03-01 10:00:00,KNSA,21.475000381469727,21.475000381469727,21.530000686645508,21.459999084472656,21.459999084472656,2486.0
2024-03-01 10:00:00,KNTE,2.6098999977111816,2.6098999977111816,2.6098999977111816,2.6098999977111816,2.6098999977111816,268.0
2024-03-01 10:00:00,KOD,6.135000228881836,6.135000228881836,6.135000228881836,6.135000228881836,6.135000228881836,1821.0
2024-03-01 10:00:00,KRON,1.0499000549316406,1.0499000549316406,1.0499999523162842,1.0499000549316406,1.0499999523162842,1465.0
2024-03-01 10:00:00,KROS,69.18250274658203,69.18250274658203,69.18250274658203,69.15499877929688,69.15499877929688,280.0
2024-03-01 10:00:00,KRYS,166.97999572753906,166.97999572753906,166.97999572753906,166.97999572753906,166.97999572753906,174.0
2024-03-01 10:00:00,KTRA,0.10270000249147415,0.10270000249147415,0.10270000249147415,0.10270000249147415,0.10270000249147415,206.0
2024-03-01 10:00:00,KURA,21.280000686645508,21.280000686645508,21.280000686645508,21.280000686645508,21.280000686645508,134.0
2024-03-01 10:00:00,KYMR,43.36970138549805,43.36970138549805,43.40999984741211,43.17499923706055,43.189998626708984,1641.0
2024-03-01 10:00:00,KZIA,0.2524999976158142,0.2524999976158142,0.25360000133514404,0.2524999976158142,0.25360000133514404,0.0
2024-03-01 10:00:00,KZR,1.0888999700546265,1.0888999700546265,1.090000033378601,1.0888999700546265,1.090000033378601,2073.0
2024-03-01 10:00:00,LAB,2.2799999713897705,2.2799999713897705,2.2850000858306885,2.2750000953674316,2.2750000953674316,2522.0
2024-03-01 10:00:00,LBPH,22.350000381469727,22.350000381469727,22.350000381469727,22.309999465942383,22.309999465942383,780.0
2024-03-01 10:00:00,LEGN,65.3499984741211,65.3499984741211,65.3499984741211,65.31999969482422,65.31999969482422,587.0
2024-03-01 10:00:00,LEXX,2.5199999809265137,2.5199999809265137,2.5199999809265137,2.5199999809265137,2.5199999809265137,98.0
2024-03-01 10:00:00,LFST,8.008700370788574,8.008700370788574,8.008700370788574,7.985000133514404,7.985000133514404,3417.0
2024-03-01 10:00:00,LGND,80.3949966430664,80.3949966430664,80.3949966430664,80.3949966430664,80.3949966430664,167.0
2024-03-01 10:00:00,LIFE,1.910099983215332,1.910099983215332,1.9199999570846558,1.910099983215332,1.9199999570846558,6145.0
2024-03-01 10:00:00,LIVN,54.71500015258789,54.71500015258789,54.71500015258789,54.5099983215332,54.5099983215332,571.0
2024-03-01 10:00:00,LNTH,65.95999908447266,65.95999908447266,65.95999908447266,65.95999908447266,65.95999908447266,670.0
2024-03-01 10:00:00,LQDA,14.289999961853027,14.289999961853027,14.289999961853027,14.289999961853027,14.289999961853027,262.0
2024-03-01 10:00:00,LRMR,11.760000228881836,11.760000228881836,11.760000228881836,11.760000228881836,11.760000228881836,120.0
2024-03-01 10:00:00,LTRN,4.739999771118164,4.739999771118164,4.739999771118164,4.739999771118164,4.739999771118164,254.0
2024-03-01 10:00:00,LUCD,1.2100000381469727,1.2100000381469727,1.2100000381469727,1.2100000381469727,1.2100000381469727,180.0
2024-03-01 10:00:00,LVTX,3.0999999046325684,3.0999999046325684,3.0999999046325684,3.0806000232696533,3.0899999141693115,11521.0
2024-03-01 10:00:00,LXRX,2.4600000381469727,2.4600000381469727,2.4600000381469727,2.450000047683716,2.450000047683716,778.0
2024-03-01 10:00:00,LYEL,3.041100025177002,3.041100025177002,3.059999942779541,3.041100025177002,3.049999952316284,3662.0
2024-03-01 10:00:00,MASI,128.11000061035156,128.11000061035156,128.1300048828125,128.11000061035156,128.1300048828125,959.0
2024-03-01 10:00:00,MBOT,1.2899999618530273,1.2899999618530273,1.2899999618530273,1.2899999618530273,1.2899999618530273,1710.0
2024-03-01 10:00:00,MCRB,1.159999966621399,1.159999966621399,1.159999966621399,1.1549999713897705,1.1549999713897705,7100.0
2024-03-01 10:00:00,MDGL,245.47999572753906,245.47999572753906,245.58999633789062,244.5749969482422,244.5749969482422,1922.0
2024-03-01 10:00:00,MDRX,6.050000190734863,6.050000190734863,6.139999866485596,5.900000095367432,6.0,71423.0
2024-03-01 10:00:00,MDXG,8.510000228881836,8.510000228881836,8.512499809265137,8.505000114440918,8.505000114440918,703.0
2024-03-01 10:00:00,MDXH,3.7200000286102295,3.7200000286102295,3.7200000286102295,3.7200000286102295,3.7200000286102295,1218.0
2024-03-01 10:00:00,ME,0.5598999857902527,0.5598999857902527,0.5600000023841858,0.5570999979972839,0.5580000281333923,42216.0
2024-03-01 10:00:00,MEDP,400.82000732421875,400.82000732421875,400.82000732421875,400.82000732421875,400.82000732421875,159.0
2024-03-01 10:00:00,MGNX,18.58009910583496,18.58009910583496,18.6299991607666,18.58009910583496,18.6200008392334,900.0
2024-03-01 10:00:00,MGTX,6.210000038146973,6.210000038146973,6.210000038146973,6.210000038146973,6.210000038146973,110.0
2024-03-01 10:00:00,MIST,1.7000000476837158,1.7000000476837158,1.7000000476837158,1.7000000476837158,1.7000000476837158,708.0
2024-03-01 10:00:00,MLTX,52.39500045776367,52.39500045776367,52.47999954223633,52.310001373291016,52.375,1775.0
2024-03-01 10:00:00,MMSI,76.27999877929688,76.27999877929688,76.27999877929688,76.27999877929688,76.27999877929688,335.0
2024-03-01 10:00:00,MNKD,4.40500020980835,4.40500020980835,4.414999961853027,4.400000095367432,4.40500020980835,4333.0
2024-03-01 10:00:00,MNMD,5.699999809265137,5.699999809265137,5.699999809265137,5.699999809265137,5.699999809265137,563.0
2024-03-01 10:00:00,MNOV,1.3416999578475952,1.3416999578475952,1.3416999578475952,1.3416999578475952,1.3416999578475952,263.0
2024-03-01 10:00:00,MNPR,0.7828999757766724,0.7828999757766724,0.7828999757766724,0.7828999757766724,0.7828999757766724,799.0
2024-03-01 10:00:00,MODD,1.909999966621399,1.909999966621399,1.9199999570846558,1.909999966621399,1.9199999570846558,11183.0
2024-03-01 10:00:00,MOR,17.559999465942383,17.559999465942383,17.575000762939453,17.559999465942383,17.559999465942383,1276.0
2024-03-01 10:00:00,MORF,38.15999984741211,38.15999984741211,38.209999084472656,38.1349983215332,38.1349983215332,460.0
2024-03-01 10:00:00,MREO,3.859999895095825,3.859999895095825,3.859999895095825,3.8380000591278076,3.8380000591278076,1001.0
2024-03-01 10:00:00,MRNA,93.88999938964844,93.88999938964844,94.28469848632812,93.83000183105469,94.05999755859375,20390.0
2024-03-01 10:00:00,MRNS,9.729999542236328,9.729999542236328,9.729999542236328,9.729999542236328,9.729999542236328,389.0
2024-03-01 10:00:00,MRSN,5.829999923706055,5.829999923706055,5.840000152587891,5.824999809265137,5.837900161743164,3293.0
2024-03-01 10:00:00,MRVI,7.760000228881836,7.760000228881836,7.78000020980835,7.760000228881836,7.78000020980835,1285.0
2024-03-01 10:00:00,MXCT,4.639999866485596,4.639999866485596,4.650000095367432,4.639999866485596,4.650000095367432,800.0
2024-03-01 10:00:00,MYGN,21.110000610351562,21.110000610351562,21.110000610351562,21.09000015258789,21.09000015258789,759.0
2024-03-01 10:00:00,NARI,45.09000015258789,45.09000015258789,45.650001525878906,45.0099983215332,45.130001068115234,38739.0
2024-03-01 10:00:00,NAUT,2.6953001022338867,2.6953001022338867,2.6953001022338867,2.6953001022338867,2.6953001022338867,0.0
2024-03-01 10:00:00,NBIX,130.97500610351562,130.97500610351562,131.11000061035156,130.9199981689453,130.95750427246094,3274.0
2024-03-01 10:00:00,NEO,15.729999542236328,15.729999542236328,15.770000457763672,15.720000267028809,15.770000457763672,898.0
2024-03-01 10:00:00,NEOG,17.049999237060547,17.049999237060547,17.049999237060547,16.989999771118164,17.010000228881836,2825.0
2024-03-01 10:00:00,NGM,1.5299999713897705,1.5299999713897705,1.534999966621399,1.5299999713897705,1.5299999713897705,5008.0
2024-03-01 10:00:00,NKTR,0.7175999879837036,0.7175999879837036,0.7175999879837036,0.7175999879837036,0.7175999879837036,100.0
2024-03-01 10:00:00,NKTX,12.229999542236328,12.229999542236328,12.270000457763672,12.229999542236328,12.270000457763672,564.0
2024-03-01 10:00:00,NNOX,11.229999542236328,11.229999542236328,11.271200180053711,11.229999542236328,11.229999542236328,3215.0
2024-03-01 10:00:00,NRBO,5.880000114440918,5.880000114440918,5.880000114440918,5.8292999267578125,5.8292999267578125,1585.0
2024-03-01 10:00:00,NRSN,1.9299999475479126,1.9299999475479126,1.9299999475479126,1.909999966621399,1.909999966621399,1200.0
2024-03-01 10:00:00,NRXP,0.4099999964237213,0.4099999964237213,0.41999998688697815,0.4099999964237213,0.4099999964237213,106311.0
2024-03-01 10:00:00,NTLA,33.099998474121094,33.099998474121094,33.1349983215332,32.959999084472656,32.959999084472656,1840.0
2024-03-01 10:00:00,NTRA,89.41000366210938,89.41000366210938,89.51180267333984,89.0999984741211,89.19000244140625,3180.0
2024-03-01 10:00:00,NUVL,87.80500030517578,87.80500030517578,87.80500030517578,87.80000305175781,87.80000305175781,480.0
2024-03-01 10:00:00,NVAX,4.910699844360352,4.910699844360352,4.929999828338623,4.869999885559082,4.869999885559082,12130.0
2024-03-01 10:00:00,NVCR,15.359999656677246,15.359999656677246,15.380000114440918,15.329999923706055,15.329999923706055,1317.0
2024-03-01 10:00:00,NYXH,13.869999885559082,13.869999885559082,13.869999885559082,13.84000015258789,13.84000015258789,307.0
2024-03-01 10:00:00,OCGN,0.914900004863739,0.914900004863739,0.914900004863739,0.9099000096321106,0.9099000096321106,2325.0
2024-03-01 10:00:00,OCUL,10.420000076293945,10.420000076293945,10.449999809265137,10.420000076293945,10.4399995803833,1273.0
2024-03-01 10:00:00,OFIX,13.029999732971191,13.029999732971191,13.041000366210938,13.029999732971191,13.041000366210938,513.0
2024-03-01 10:00:00,OGI,2.0899999141693115,2.0899999141693115,2.0899999141693115,2.0899999141693115,2.0899999141693115,900.0
2024-03-01 10:00:00,OLK,22.415000915527344,22.415000915527344,22.415000915527344,22.415000915527344,22.415000915527344,28.0
2024-03-01 10:00:00,OLMA,12.9399995803833,12.9399995803833,12.9399995803833,12.920000076293945,12.920000076293945,835.0
2024-03-01 10:00:00,OM,3.0199999809265137,3.0199999809265137,3.0199999809265137,3.0199999809265137,3.0199999809265137,411.0
2024-03-01 10:00:00,OMCL,26.139999389648438,26.139999389648438,26.139999389648438,26.079999923706055,26.079999923706055,444.0
2024-03-01 10:00:00,OMER,4.659999847412109,4.659999847412109,4.659999847412109,4.659999847412109,4.659999847412109,201.0
2024-03-01 10:00:00,ONCY,1.090000033378601,1.090000033378601,1.090000033378601,1.0801000595092773,1.0801000595092773,1631.0
2024-03-01 10:01:00,AADI,1.988800048828125,1.988800048828125,1.988800048828125,1.988800048828125,1.988800048828125,502.0
2024-03-01 10:01:00,ABCL,5.110000133514404,5.110000133514404,5.125,5.110000133514404,5.119999885559082,2580.0
2024-03-01 10:01:00,ABEO,7.368100166320801,7.368100166320801,7.369999885559082,7.360000133514404,7.360000133514404,5112.0
2024-03-01 10:01:00,ABOS,4.462600231170654,4.462600231170654,4.474999904632568,4.452499866485596,4.46999979019165,4307.0
2024-03-01 10:01:00,ABSI,5.108799934387207,5.108799934387207,5.139999866485596,5.099999904632568,5.130000114440918,6759.0
2024-03-01 10:01:00,ABUS,2.7799999713897705,2.7799999713897705,2.7850000858306885,2.7799999713897705,2.7813000679016113,6362.0
2024-03-01 10:01:00,ACAD,23.424999237060547,23.424999237060547,23.489999771118164,23.424999237060547,23.485000610351562,1907.0
2024-03-01 10:01:00,ACB,3.0450000762939453,3.0450000762939453,3.055000066757202,3.0450000762939453,3.0513999462127686,2724.0
2024-03-01 10:01:00,ACCD,10.21500015258789,10.21500015258789,10.21500015258789,10.206399917602539,10.206399917602539,429.0
2024-03-01 10:01:00,ACET,2.36929988861084,2.36929988861084,2.369999885559082,2.365000009536743,2.369999885559082,1925.0
2024-03-01 10:01:00,ACHL,1.399999976158142,1.399999976158142,1.399999976158142,1.399999976158142,1.399999976158142,3104.0
2024-03-01 10:01:00,ACLX,68.83000183105469,68.83000183105469,68.83000183105469,68.80999755859375,68.80999755859375,2334.0
2024-03-01 10:01:00,ACRS,1.25,1.25,1.25,1.2450000047683716,1.2450000047683716,400.0
2024-03-01 10:01:00,ADAP,1.587499976158142,1.587499976158142,1.587499976158142,1.587499976158142,1.587499976158142,9467.0
2024-03-01 10:01:00,ADIL,3.3701000213623047,3.3701000213623047,3.4000000953674316,3.299999952316284,3.299999952316284,417224.0
2024-03-01 10:01:00,ADMA,5.355000019073486,5.355000019073486,5.369999885559082,5.355000019073486,5.364999771118164,6055.0
2024-03-01 10:01:00,ADVM,1.9700000286102295,1.9700000286102295,1.9800000190734863,1.9700000286102295,1.9800000190734863,855.0
2024-03-01 10:01:00,AGEN,0.6899999976158142,0.6899999976158142,0.6899999976158142,0.6833000183105469,0.6833000183105469,184145.0
2024-03-01 10:01:00,AGIO,32.54999923706055,32.54999923706055,32.54999923706055,32.540000915527344,32.540000915527344,500.0
2024-03-01 10:01:00,AHCO,10.34000015258789,10.34000015258789,10.404999732971191,10.34000015258789,10.404999732971191,2683.0
2024-03-01 10:01:00,AIRS,6.445000171661377,6.445000171661377,6.480000019073486,6.445000171661377,6.480000019073486,331.0
2024-03-01 10:01:00,AKAN,0.27090001106262207,0.27090001106262207,0.2720000147819519,0.2700999975204468,0.2720000147819519,1591.0
2024-03-01 10:01:00,AKBA,1.6399999856948853,1.6399999856948853,1.6503000259399414,1.6399999856948853,1.6503000259399414,2025.0
2024-03-01 10:01:00,AKLI,0.34040001034736633,0.34040001034736633,0.34040001034736633,0.3353999853134155,0.3353999853134155,2831.0
2024-03-01 10:01:00,AKRO,27.684999465942383,27.684999465942383,27.889999389648438,27.684999465942383,27.889999389648438,1781.0
2024-03-01 10:01:00,ALDX,3.9579999446868896,3.9579999446868896,3.9600000381469727,3.940000057220459,3.9579999446868896,4591.0
2024-03-01 10:01:00,ALEC,7.25,7.25,7.25,7.25,7.25,200.0
2024-03-01 10:01:00,ALGN,300.239990234375,300.239990234375,300.3550109863281,300.239990234375,300.30499267578125,1439.0
2024-03-01 10:01:00,ALHC,5.960000038146973,5.960000038146973,5.965000152587891,5.960000038146973,5.965000152587891,2531.0
2024-03-01 10:01:00,ALKS,29.959999084472656,29.959999084472656,29.96500015258789,29.959999084472656,29.96500015258789,250.0
2024-03-01 10:01:00,ALLK,1.5575000047683716,1.5575000047683716,1.5575000047683716,1.5575000047683716,1.5575000047683716,301.0
2024-03-01 10:01:00,ALLO,5.0,5.0,5.005300045013428,4.990099906921387,5.005300045013428,1384.0
2024-03-01 10:01:00,ALNY,152.99000549316406,152.99000549316406,152.99000549316406,152.99000549316406,152.99000549316406,380.0
2024-03-01 10:01:00,ALPN,36.32569885253906,36.32569885253906,36.35499954223633,36.32569885253906,36.35499954223633,352.0
2024-03-01 10:01:00,ALT,11.949999809265137,11.949999809265137,12.010000228881836,11.949999809265137,12.010000228881836,9425.0
2024-03-01 10:01:00,ALVR,0.7398999929428101,0.7398999929428101,0.7398999929428101,0.7398999929428101,0.7398999929428101,0.0
2024-03-01 10:01:00,AMGN,276.8399963378906,276.8399963378906,276.92999267578125,276.760009765625,276.82501220703125,5752.0
2024-03-01 10:01:00,AMLX,18.979999542236328,18.979999542236328,18.979999542236328,18.94499969482422,18.94499969482422,544.0
2024-03-01 10:01:00,AMPH,46.51539993286133,46.51539993286133,46.51539993286133,46.51539993286133,46.51539993286133,408.0
2024-03-01 10:01:00,AMRN,1.024999976158142,1.024999976158142,1.024999976158142,1.024999976158142,1.024999976158142,588.0
2024-03-01 10:01:00,ANNX,5.860000133514404,5.860000133514404,5.860000133514404,5.860000133514404,5.860000133514404,440.0
2024-03-01 10:01:00,APLS,62.709999084472656,62.709999084472656,62.904998779296875,62.709999084472656,62.78799819946289,1494.0
2024-03-01 10:01:00,APLT,7.5,7.5,7.5,7.454800128936768,7.489999771118164,3127.0
2024-03-01 10:01:00,AQST,4.180600166320801,4.180600166320801,4.199999809265137,4.170000076293945,4.199999809265137,18012.0
2024-03-01 10:01:00,ARCT,40.30500030517578,40.30500030517578,40.30500030517578,40.30500030517578,40.30500030517578,401.0
2024-03-01 10:01:00,ARDX,9.650099754333496,9.650099754333496,9.680000305175781,9.649999618530273,9.675000190734863,8545.0
2024-03-01 10:01:00,ARQT,10.855299949645996,10.855299949645996,10.989999771118164,10.789999961853027,10.960000038146973,19644.0
2024-03-01 10:01:00,ARVN,49.89500045776367,49.89500045776367,49.970001220703125,49.84000015258789,49.970001220703125,2720.0
2024-03-01 10:01:00,ARWR,33.91999816894531,33.91999816894531,33.970001220703125,33.880001068115234,33.96870040893555,2901.0
2024-03-01 10:01:00,ASND,148.92999267578125,148.92999267578125,148.92999267578125,148.92999267578125,148.92999267578125,217.0
2024-03-01 10:01:00,ATAI,1.9500000476837158,1.9500000476837158,1.9500000476837158,1.940000057220459,1.940000057220459,1973.0
2024-03-01 10:01:00,ATEC,13.329899787902832,13.329899787902832,13.329899787902832,13.319999694824219,13.319999694824219,663.0
2024-03-01 10:01:00,ATNF,3.450000047683716,3.450000047683716,3.4600000381469727,3.450000047683716,3.450000047683716,787.0
2024-03-01 10:01:00,ATOS,0.9950000047683716,0.9950000047683716,0.9950000047683716,0.9950000047683716,0.9950000047683716,110.0
2024-03-01 10:01:00,ATRA,0.7702000141143799,0.7702000141143799,0.7777000069618225,0.7702000141143799,0.7777000069618225,2152.0
2024-03-01 10:01:00,ATRC,35.2599983215332,35.2599983215332,35.2599983215332,35.2599983215332,35.2599983215332,117.0
2024-03-01 10:01:00,ATXI,0.15209999680519104,0.15209999680519104,0.15209999680519104,0.15209999680519104,0.15209999680519104,7035.0
2024-03-01 10:01:00,ATXS,14.779999732971191,14.779999732971191,14.779999732971191,14.71500015258789,14.729999542236328,1996.0
2024-03-01 10:01:00,AUGX,4.505000114440918,4.505000114440918,4.505000114440918,4.505000114440918,4.505000114440918,410.0
2024-03-01 10:01:00,AUPH,5.720099925994873,5.720099925994873,5.729899883270264,5.720099925994873,5.724999904632568,2600.0
2024-03-01 10:01:00,AUTL,6.139999866485596,6.139999866485596,6.1697998046875,6.139999866485596,6.1697998046875,354.0
2024-03-01 10:01:00,AVDL,12.971500396728516,12.971500396728516,13.0,12.945899963378906,12.945899963378906,20349.0
2024-03-01 10:01:00,AVIR,4.360000133514404,4.360000133514404,4.360000133514404,4.360000133514404,4.360000133514404,432.0
2024-03-01 10:01:00,AVXL,5.210000038146973,5.210000038146973,5.210000038146973,5.210000038146973,5.210000038146973,1012.0
2024-03-01 10:01:00,AXSM,82.97000122070312,82.97000122070312,83.22000122070312,82.97000122070312,83.22000122070312,897.0
2024-03-01 10:01:00,AZN,64.12999725341797,64.12999725341797,64.14009857177734,64.11000061035156,64.12999725341797,5187.0
2024-03-01 10:01:00,AZTA,65.45010375976562,65.45010375976562,65.45010375976562,65.45010375976562,65.45010375976562,338.0
2024-03-01 10:01:00,BBIO,35.28499984741211,35.28499984741211,35.31999969482422,35.220001220703125,35.220001220703125,384.0
2024-03-01 10:01:00,BBLG,2.2899999618530273,2.2899999618530273,2.319999933242798,2.2300000190734863,2.265000104904175,4543.0
2024-03-01 10:01:00,BCRX,5.710000038146973,5.710000038146973,5.730000019073486,5.710000038146973,5.71999979019165,3536.0
2024-03-01 10:01:00,BCYC,25.729999542236328,25.729999542236328,25.729999542236328,25.485000610351562,25.485000610351562,225.0
2024-03-01 10:01:00,BDSX,1.7127000093460083,1.7127000093460083,1.7127000093460083,1.7000000476837158,1.7000000476837158,4275.0
2024-03-01 10:01:00,BDTX,5.320000171661377,5.320000171661377,5.320000171661377,5.320000171661377,5.320000171661377,200.0
2024-03-01 10:01:00,BEAM,39.9375,39.9375,40.084999084472656,39.9375,40.0,2879.0
2024-03-01 10:01:00,BGNE,163.97999572753906,163.97999572753906,163.97999572753906,163.97999572753906,163.97999572753906,217.0
2024-03-01 10:01:00,BIIB,218.63499450683594,218.63499450683594,218.63499450683594,218.63499450683594,218.63499450683594,200.0
2024-03-01 10:01:00,BIOL,0.13899999856948853,0.13899999856948853,0.13899999856948853,0.13850000500679016,0.13850000500679016,3045.0
2024-03-01 10:01:00,BIVI,2.619999885559082,2.619999885559082,2.700000047683716,2.5799999237060547,2.6700000762939453,306682.0
2024-03-01 10:01:00,BLFS,16.989999771118164,16.989999771118164,17.079999923706055,16.989999771118164,17.06999969482422,2292.0
2024-03-01 10:01:00,BLRX,1.399999976158142,1.399999976158142,1.4010000228881836,1.3799999952316284,1.4010000228881836,14419.0
2024-03-01 10:01:00,BLUE,1.5684000253677368,1.5684000253677368,1.5700000524520874,1.5600999593734741,1.565000057220459,23237.0
2024-03-01 10:01:00,BMEA,17.610000610351562,17.610000610351562,17.614999771118164,17.604999542236328,17.604999542236328,313.0
2024-03-01 10:01:00,BMRN,85.94999694824219,85.94999694824219,86.01499938964844,85.93000030517578,85.93000030517578,2356.0
2024-03-01 10:01:00,BNGO,1.2415000200271606,1.2415000200271606,1.2450000047683716,1.2400000095367432,1.2450000047683716,2345.0
2024-03-01 10:01:00,BNTX,90.61000061035156,90.61000061035156,90.83000183105469,90.61000061035156,90.83000183105469,1419.0
2024-03-01 10:01:00,BRKR,87.11000061035156,87.11000061035156,87.11000061035156,86.9800033569336,87.06999969482422,2568.0
2024-03-01 10:01:00,BRTX,1.5099999904632568,1.5099999904632568,1.5299999713897705,1.5049999952316284,1.5299999713897705,798.0
2024-03-01 10:01:00,BSGM,0.6800000071525574,0.6800000071525574,0.6899999976158142,0.6800000071525574,0.6899999976158142,737.0
2024-03-01 10:01:00,BTAI,3.1500000953674316,3.1500000953674316,3.1710000038146973,3.1500000953674316,3.1710000038146973,8323.0
2024-03-01 10:01:00,CABA,24.350000381469727,24.350000381469727,24.350000381469727,24.280000686645508,24.350000381469727,1725.0
2024-03-01 10:01:00,CARA,0.8700000047683716,0.8700000047683716,0.8700000047683716,0.8700000047683716,0.8700000047683716,820.0
2024-03-01 10:01:00,CBAY,32.21500015258789,32.21500015258789,32.227500915527344,32.209999084472656,32.224998474121094,25132.0
2024-03-01 10:01:00,CCCC,10.954999923706055,10.954999923706055,11.0649995803833,10.949999809265137,11.0600004196167,3737.0
2024-03-01 10:01:00,CCRN,17.93000030517578,17.93000030517578,17.93000030517578,17.93000030517578,17.93000030517578,382.0
2024-03-01 10:01:00,CDMO,7.869999885559082,7.869999885559082,7.869999885559082,7.869999885559082,7.869999885559082,600.0
2024-03-01 10:01:00,CDNA,11.819999694824219,11.819999694824219,11.84000015258789,11.773799896240234,11.773799896240234,2624.0
2024-03-01 10:01:00,CDXS,4.338500022888184,4.338500022888184,4.349999904632568,4.320000171661377,4.340000152587891,2215.0
2024-03-01 10:01:00,CELU,3.7300000190734863,3.7300000190734863,3.7300000190734863,3.7300000190734863,3.7300000190734863,349.0
2024-03-01 10:01:00,CERE,41.099998474121094,41.099998474121094,41.099998474121094,41.099998474121094,41.099998474121094,3952.0
2024-03-01 10:01:00,CERT,17.815000534057617,17.815000534057617,17.90999984741211,17.780000686645508,17.829999923706055,2399.0
2024-03-01 10:01:00,CGC,3.2188000679016113,3.2188000679016113,3.2188000679016113,3.2188000679016113,3.2188000679016113,519.0
2024-03-01 10:01:00,CGEM,18.79010009765625,18.79010009765625,18.864999771118164,18.79010009765625,18.864999771118164,403.0
2024-03-01 10:01:00,CHRS,2.3299999237060547,2.3299999237060547,2.3399999141693115,2.3299999237060547,2.3399999141693115,702.0
2024-03-01 10:01:00,CING,1.25,1.25,1.25,1.25,1.25,200.0
2024-03-01 10:01:00,CKPT,2.1600000858306885,2.1600000858306885,2.1600000858306885,2.1600000858306885,2.1600000858306885,1439.0
2024-03-01 10:01:00,CLDX,50.69499969482422,50.69499969482422,50.80500030517578,50.69499969482422,50.79999923706055,2265.0
2024-03-01 10:01:00,CLOV,0.8550999760627747,0.8550999760627747,0.8557999730110168,0.854200005531311,0.8557000160217285,40425.0
2024-03-01 10:01:00,CLVR,4.079999923706055,4.079999923706055,4.090000152587891,4.079999923706055,4.090000152587891,463.0
2024-03-01 10:01:00,CMPS,10.614999771118164,10.614999771118164,10.65999984741211,10.614999771118164,10.640000343322754,4975.0
2024-03-01 10:01:00,CNTA,10.550000190734863,10.550000190734863,10.550000190734863,10.539999961853027,10.539999961853027,0.0
2024-03-01 10:01:00,COGT,7.269999980926514,7.269999980926514,7.329999923706055,7.269999980926514,7.315000057220459,1742.0
2024-03-01 10:01:00,COLL,37.46500015258789,37.46500015258789,37.46500015258789,37.46500015258789,37.46500015258789,785.0
2024-03-01 10:01:00,CORT,23.420000076293945,23.420000076293945,23.420000076293945,23.389999389648438,23.389999389648438,445.0
2024-03-01 10:01:00,CPRX,16.760000228881836,16.760000228881836,16.84000015258789,16.75,16.81999969482422,6353.0
2024-03-01 10:01:00,CPSI,9.704999923706055,9.704999923706055,9.704999923706055,9.704999923706055,9.704999923706055,416.0
2024-03-01 10:01:00,CRBU,8.109999656677246,8.109999656677246,8.140000343322754,8.09000015258789,8.140000343322754,17593.0
2024-03-01 10:01:00,CRDF,2.4804000854492188,2.4804000854492188,2.6094000339508057,2.309999942779541,2.6094000339508057,704262.0
2024-03-01 10:01:00,CRDL,2.0299999713897705,2.0299999713897705,2.0399999618530273,2.0299999713897705,2.0399999618530273,1502.0
2024-03-01 10:01:00,CRMD,3.5999999046325684,3.5999999046325684,3.600100040435791,3.5999999046325684,3.600100040435791,8539.0
2024-03-01 10:01:00,CRNX,44.61000061035156,44.61000061035156,44.85499954223633,44.61000061035156,44.85499954223633,704.0
2024-03-01 10:01:00,CRON,2.0399999618530273,2.0399999618530273,2.0399999618530273,2.0399999618530273,2.0399999618530273,1037.0
2024-03-01 10:01:00,CRSP,85.6500015258789,85.6500015258789,85.73989868164062,85.58999633789062,85.58999633789062,1594.0
2024-03-01 10:01:00,CSTL,19.309999465942383,19.309999465942383,19.575000762939453,19.299999237060547,19.575000762939453,4626.0
2024-03-01 10:01:00,CTKB,7.980000019073486,7.980000019073486,8.010000228881836,7.960000038146973,7.960000038146973,2054.0
2024-03-01 10:01:00,CTMX,2.5299999713897705,2.5299999713897705,2.5399999618530273,2.519200086593628,2.51990008354187,5544.0
2024-03-01 10:01:00,CUTR,2.3326001167297363,2.3326001167297363,2.3326001167297363,2.2899999618530273,2.2899999618530273,5945.0
2024-03-01 10:01:00,CVRX,20.010000228881836,20.010000228881836,20.010000228881836,19.889999389648438,19.895000457763672,600.0
2024-03-01 10:01:00,CYTK,74.77999877929688,74.77999877929688,74.77999877929688,74.4800033569336,74.56500244140625,3787.0
2024-03-01 10:01:00,DARE,0.5799000263214111,0.5799000263214111,0.5799000263214111,0.5799000263214111,0.5799000263214111,0.0
2024-03-01 10:01:00,DAWN,17.0,17.0,17.059999465942383,17.0,17.040000915527344,495.0
2024-03-01 10:01:00,DCGO,4.045000076293945,4.045000076293945,4.070000171661377,4.045000076293945,4.059999942779541,1503.0
2024-03-01 10:01:00,DCPH,17.020000457763672,17.020000457763672,17.024999618530273,17.020000457763672,17.024999618530273,212.0
2024-03-01 10:01:00,DH,9.15999984741211,9.15999984741211,9.1899995803833,9.154999732971191,9.154999732971191,500.0
2024-03-01 10:01:00,DMTK,0.9197999835014343,0.9197999835014343,0.9233999848365784,0.8999999761581421,0.9000999927520752,8968.0
2024-03-01 10:01:00,DNLI,20.524999618530273,20.524999618530273,20.672500610351562,20.514999389648438,20.639999389648438,2205.0
2024-03-01 10:01:00,DRRX,0.9951000213623047,0.9951000213623047,0.9951000213623047,0.9951000213623047,0.9951000213623047,0.0
2024-03-01 10:01:00,DTIL,12.770500183105469,12.770500183105469,12.979900360107422,12.770500183105469,12.914999961853027,25694.0
2024-03-01 10:01:00,DVAX,12.774999618530273,12.774999618530273,12.800000190734863,12.774999618530273,12.800000190734863,929.0
2024-03-01 10:01:00,DXCM,116.6500015258789,116.6500015258789,116.66000366210938,116.43599700927734,116.43599700927734,3379.0
2024-03-01 10:01:00,DYN,29.639999389648438,29.639999389648438,29.709999084472656,29.31999969482422,29.31999969482422,3097.0
2024-03-01 10:01:00,EDIT,10.539999961853027,10.539999961853027,10.59000015258789,10.539999961853027,10.59000015258789,2949.0
2024-03-01 10:01:00,ELEV,4.360000133514404,4.360000133514404,4.415999889373779,4.349999904632568,4.415999889373779,33132.0
2024-03-01 10:01:00,ENTA,14.800000190734863,14.800000190734863,14.800000190734863,14.800000190734863,14.800000190734863,410.0
2024-03-01 10:01:00,ENVB,1.6449999809265137,1.6449999809265137,1.6689000129699707,1.6399999856948853,1.659999966621399,13298.0
2024-03-01 10:01:00,EOLS,14.760000228881836,14.760000228881836,14.760000228881836,14.760000228881836,14.760000228881836,524.0
2024-03-01 10:01:00,ESPR,2.5299999713897705,2.5299999713897705,2.5450000762939453,2.5299999713897705,2.5399999618530273,3402.0
2024-03-01 10:01:00,ETNB,12.380000114440918,12.380000114440918,12.470000267028809,12.359999656677246,12.430000305175781,4943.0
2024-03-01 10:01:00,EXAI,6.764999866485596,6.764999866485596,6.769999980926514,6.764999866485596,6.769999980926514,300.0
2024-03-01 10:01:00,EXAS,58.935001373291016,58.935001373291016,59.0,58.935001373291016,58.994998931884766,1060.0
2024-03-01 10:01:00,EXEL,22.378999710083008,22.378999710083008,22.39069938659668,22.378999710083008,22.389999389648438,7179.0
2024-03-01 10:01:00,EYEN,2.1249001026153564,2.1249001026153564,2.1249001026153564,2.1249001026153564,2.1249001026153564,0.0
2024-03-01 10:01:00,EYPT,28.024999618530273,28.024999618530273,28.024999618530273,28.024999618530273,28.024999618530273,344.0
2024-03-01 10:01:00,FATE,7.452899932861328,7.452899932861328,7.460000038146973,7.420100212097168,7.440000057220459,1150.0
2024-03-01 10:01:00,FBIO,2.2200000286102295,2.2200000286102295,2.2200000286102295,2.2200000286102295,2.2200000286102295,200.0
2024-03-01 10:01:00,FDMT,29.530000686645508,29.530000686645508,29.59000015258789,29.530000686645508,29.530000686645508,549.0
2024-03-01 10:01:00,FEMY,1.715000033378601,1.715000033378601,1.715000033378601,1.715000033378601,1.715000033378601,104.0
2024-03-01 10:01:00,FGEN,1.7699999809265137,1.7699999809265137,1.7799999713897705,1.7699999809265137,1.7791999578475952,1669.0
2024-03-01 10:01:00,FLGT,22.849899291992188,22.849899291992188,22.849899291992188,22.80500030517578,22.80500030517578,6029.0
2024-03-01 10:01:00,FOLD,13.430000305175781,13.430000305175781,13.430000305175781,13.425000190734863,13.430000305175781,836.0
2024-03-01 10:01:00,FULC,10.430000305175781,10.430000305175781,10.430000305175781,10.399999618530273,10.399999618530273,720.0
2024-03-01 10:01:00,FUSN,12.054200172424316,12.054200172424316,12.08489990234375,12.050000190734863,12.081999778747559,1809.0
2024-03-01 10:01:00,GDRX,8.399999618530273,8.399999618530273,8.416099548339844,8.380000114440918,8.399999618530273,5822.0
2024-03-01 10:01:00,GERN,2.0950000286102295,2.0950000286102295,2.0999999046325684,2.0950000286102295,2.0999999046325684,5196.0
2024-03-01 10:01:00,GH,19.09000015258789,19.09000015258789,19.219999313354492,19.09000015258789,19.219999313354492,2016.0
2024-03-01 10:01:00,GILD,72.45999908447266,72.45999908447266,72.5,72.41500091552734,72.5,6499.0
2024-03-01 10:01:00,GMAB,28.670000076293945,28.670000076293945,28.670000076293945,28.670000076293945,28.670000076293945,327.0
2024-03-01 10:01:00,GMDA,0.3756999969482422,0.3756999969482422,0.37700000405311584,0.3756999969482422,0.37700000405311584,41610.0
2024-03-01 10:01:00,GOSS,1.350000023841858,1.350000023841858,1.3949999809265137,1.350000023841858,1.3949999809265137,19153.0
2024-03-01 10:01:00,GRFS,6.769999980926514,6.769999980926514,6.769999980926514,6.755000114440918,6.755000114440918,1460.0
2024-03-01 10:01:00,GRTS,2.029900074005127,2.029900074005127,2.029900074005127,2.009999990463257,2.009999990463257,12540.0
2024-03-01 10:01:00,GRTX,0.2321999967098236,0.2321999967098236,0.2321999967098236,0.2321999967098236,0.2321999967098236,252.0
2024-03-01 10:01:00,GTHX,3.390000104904175,3.390000104904175,3.4000000953674316,3.389899969100952,3.399899959564209,1431.0
2024-03-01 10:01:00,HALO,40.9275016784668,40.9275016784668,40.9275016784668,40.86000061035156,40.917999267578125,2935.0
2024-03-01 10:01:00,HARP,22.940000534057617,22.940000534057617,22.940000534057617,22.940000534057617,22.940000534057617,200.0
2024-03-01 10:01:00,HCAT,8.079999923706055,8.079999923706055,8.140000343322754,8.079999923706055,8.109999656677246,2901.0
2024-03-01 10:01:00,HCM,15.380000114440918,15.380000114440918,15.380000114440918,15.380000114440918,15.380000114440918,200.0
2024-03-01 10:01:00,HCSG,12.630000114440918,12.630000114440918,12.630000114440918,12.630000114440918,12.630000114440918,727.0
2024-03-01 10:01:00,HCTI,2.430000066757202,2.430000066757202,2.440000057220459,2.3550000190734863,2.3994998931884766,3118.0
2024-03-01 10:01:00,HOLX,73.77999877929688,73.77999877929688,73.77999877929688,73.75499725341797,73.75499725341797,296.0
2024-03-01 10:01:00,HQY,82.2300033569336,82.2300033569336,82.30500030517578,82.2300033569336,82.29499816894531,380.0
2024-03-01 10:01:00,HRMY,31.5,31.5,31.5,31.399999618530273,31.399999618530273,2453.0
2024-03-01 10:01:00,HRTX,2.630000114440918,2.630000114440918,2.630000114440918,2.619999885559082,2.619999885559082,1821.0
2024-03-01 10:01:00,HSIC,76.81999969482422,76.81999969482422,76.81999969482422,76.66000366210938,76.7249984741211,618.0
2024-03-01 10:01:00,HSTM,27.412500381469727,27.412500381469727,27.412500381469727,27.412500381469727,27.412500381469727,102.0
2024-03-01 10:01:00,HUMA,3.075000047683716,3.075000047683716,3.0850000381469727,3.065000057220459,3.065000057220459,73622.0
2024-03-01 10:01:00,IART,36.79499816894531,36.79499816894531,36.84000015258789,36.79499816894531,36.79999923706055,1127.0
2024-03-01 10:01:00,IBRX,4.940000057220459,4.940000057220459,4.940000057220459,4.929999828338623,4.929999828338623,2963.0
2024-03-01 10:01:00,ICLR,322.7300109863281,322.7300109863281,323.20001220703125,322.7300109863281,323.20001220703125,935.0
2024-03-01 10:01:00,IDXX,570.75,570.75,570.75,570.75,570.75,179.0
2024-03-01 10:01:00,IDYA,45.85499954223633,45.85499954223633,45.9900016784668,45.83000183105469,45.9900016784668,4922.0
2024-03-01 10:01:00,IINN,1.6492999792099,1.6492999792099,1.6492999792099,1.6492999792099,1.6492999792099,824.0
2024-03-01 10:01:00,ILMN,137.57000732421875,137.57000732421875,137.76499938964844,137.47999572753906,137.74000549316406,4160.0
2024-03-01 10:01:00,IMAB,1.8600000143051147,1.8600000143051147,1.8600000143051147,1.8600000143051147,1.8600000143051147,248.0
2024-03-01 10:01:00,IMNM,24.990299224853516,24.990299224853516,25.0,24.990299224853516,24.9950008392334,745.0
2024-03-01 10:01:00,IMUX,1.5041999816894531,1.5041999816894531,1.5049999952316284,1.5041999816894531,1.5049999952316284,3728.0
2024-03-01 10:01:00,INAB,1.100000023841858,1.100000023841858,1.100000023841858,1.100000023841858,1.100000023841858,0.0
2024-03-01 10:01:00,INCY,58.970001220703125,58.970001220703125,58.970001220703125,58.970001220703125,58.970001220703125,283.0
2024-03-01 10:01:00,INMD,22.540000915527344,22.540000915527344,22.540000915527344,22.440000534057617,22.440000534057617,7849.0
2024-03-01 10:01:00,INO,9.0600004196167,9.0600004196167,9.125,9.0600004196167,9.114999771118164,4415.0
2024-03-01 10:01:00,INSM,28.25,28.25,28.264999389648438,28.2450008392334,28.264999389648438,523.0
2024-03-01 10:01:00,INVA,15.444999694824219,15.444999694824219,15.444999694824219,15.4399995803833,15.4399995803833,404.0
2024-03-01 10:01:00,INZY,6.420000076293945,6.420000076293945,6.420000076293945,6.420000076293945,6.420000076293945,230.0
2024-03-01 10:01:00,IONS,45.34000015258789,45.34000015258789,45.34000015258789,45.34000015258789,45.34000015258789,234.0
2024-03-01 10:01:00,IOVA,16.809999465942383,16.809999465942383,16.8799991607666,16.799999237060547,16.872499465942383,28800.0
2024-03-01 10:01:00,IRWD,8.970000267028809,8.970000267028809,8.975000381469727,8.90999984741211,8.949999809265137,241526.0
2024-03-01 10:01:00,ISRG,387.9100036621094,387.9100036621094,388.1300048828125,387.9100036621094,388.1300048828125,1006.0
2024-03-01 10:01:00,ITCI,71.70500183105469,71.70500183105469,71.70500183105469,71.70500183105469,71.70500183105469,200.0
2024-03-01 10:01:00,ITRM,1.25,1.25,1.25,1.25,1.25,182.0
2024-03-01 10:01:00,IXHL,5.429900169372559,5.429900169372559,5.429900169372559,5.369999885559082,5.369999885559082,449.0
2024-03-01 10:01:00,JAGX,0.06790000200271606,0.06790000200271606,0.0681999996304512,0.06729999929666519,0.06750000268220901,131577.0
2024-03-01 10:01:00,JANX,47.650001525878906,47.650001525878906,48.04999923706055,47.650001525878906,48.040000915527344,2405.0
2024-03-01 10:01:00,JAZZ,121.20500183105469,121.20500183105469,121.30000305175781,121.20500183105469,121.26499938964844,741.0
2024-03-01 10:01:00,KALV,13.859999656677246,13.859999656677246,13.859999656677246,13.859999656677246,13.859999656677246,300.0
2024-03-01 10:01:00,KNSA,21.59000015258789,21.59000015258789,21.649999618530273,21.56999969482422,21.610000610351562,3333.0
2024-03-01 10:01:00,KNTE,2.6050000190734863,2.6050000190734863,2.6050000190734863,2.6050000190734863,2.6050000190734863,164.0
2024-03-01 10:01:00,KOD,6.130000114440918,6.130000114440918,6.130000114440918,6.130000114440918,6.130000114440918,196.0
2024-03-01 10:01:00,KROS,68.98999786376953,68.98999786376953,69.16999816894531,68.98999786376953,69.16999816894531,2630.0
2024-03-01 10:01:00,KRTX,316.0,316.0,316.0,316.0,316.0,301.0
2024-03-01 10:01:00,KRYS,166.52999877929688,166.52999877929688,166.84500122070312,166.52999877929688,166.71499633789062,1031.0
2024-03-01 10:01:00,KTRA,0.10270000249147415,0.10270000249147415,0.10270000249147415,0.10270000249147415,0.10270000249147415,403.0
2024-03-01 10:01:00,KURA,21.239999771118164,21.239999771118164,21.309999465942383,21.239999771118164,21.309999465942383,2372.0
2024-03-01 10:01:00,LAB,2.2799999713897705,2.2799999713897705,2.2799999713897705,2.2799999713897705,2.2799999713897705,200.0
2024-03-01 10:01:00,LEXX,2.575000047683716,2.575000047683716,2.575000047683716,2.5201001167297363,2.5201001167297363,9302.0
2024-03-01 10:01:00,LFMD,8.005000114440918,8.005000114440918,8.010000228881836,8.005000114440918,8.010000228881836,578.0
2024-03-01 10:01:00,LFST,7.980000019073486,7.980000019073486,7.994999885559082,7.980000019073486,7.989999771118164,3084.0
2024-03-01 10:01:00,LGVN,0.550000011920929,0.550000011920929,0.550000011920929,0.550000011920929,0.550000011920929,200.0
2024-03-01 10:01:00,LIVN,54.665000915527344,54.665000915527344,54.665000915527344,54.665000915527344,54.665000915527344,109.0
2024-03-01 10:01:00,LMAT,69.82499694824219,69.82499694824219,69.82499694824219,69.82499694824219,69.82499694824219,192.0
2024-03-01 10:01:00,LPTX,2.930000066757202,2.930000066757202,2.934999942779541,2.930000066757202,2.934999942779541,439.0
2024-03-01 10:01:00,LQDA,14.279999732971191,14.279999732971191,14.279999732971191,14.279999732971191,14.279999732971191,1667.0
2024-03-01 10:01:00,LRMR,11.880000114440918,11.880000114440918,11.880000114440918,11.880000114440918,11.880000114440918,143.0
2024-03-01 10:01:00,LTRN,4.764999866485596,4.764999866485596,4.764999866485596,4.764999866485596,4.764999866485596,573.0
2024-03-01 10:01:00,LVTX,3.1449999809265137,3.1449999809265137,3.199899911880493,3.090100049972534,3.094899892807007,24974.0
2024-03-01 10:01:00,LXRX,2.4700000286102295,2.4700000286102295,2.4800000190734863,2.4700000286102295,2.4700000286102295,8080.0
2024-03-01 10:01:00,MASI,128.06500244140625,128.06500244140625,128.11000061035156,128.06500244140625,128.11000061035156,445.0
2024-03-01 10:01:00,MASS,7.014999866485596,7.014999866485596,7.014999866485596,7.010000228881836,7.010000228881836,946.0
2024-03-01 10:01:00,MCRB,1.1698999404907227,1.1698999404907227,1.1699999570846558,1.1622999906539917,1.1622999906539917,29790.0
2024-03-01 10:01:00,MDGL,245.83999633789062,245.83999633789062,245.83999633789062,245.5,245.5,583.0
2024-03-01 10:01:00,MDRX,6.0,6.0,6.0,5.900000095367432,5.900000095367432,34052.0
2024-03-01 10:01:00,MDXG,8.512499809265137,8.512499809265137,8.512499809265137,8.512499809265137,8.512499809265137,364.0
2024-03-01 10:01:00,MDXH,3.7200000286102295,3.7200000286102295,3.7200000286102295,3.7200000286102295,3.7200000286102295,283.0
2024-03-01 10:01:00,ME,0.5544000267982483,0.5544000267982483,0.5590000152587891,0.5544000267982483,0.5590000152587891,39601.0
2024-03-01 10:01:00,MEDP,400.07000732421875,400.07000732421875,400.07000732421875,399.5,399.69000244140625,769.0
2024-03-01 10:01:00,MGNX,18.6299991607666,18.6299991607666,18.729999542236328,18.6299991607666,18.729999542236328,546.0
2024-03-01 10:01:00,MGTX,6.179999828338623,6.179999828338623,6.179999828338623,6.179999828338623,6.179999828338623,200.0
2024-03-01 10:01:00,MIRM,29.434999465942383,29.434999465942383,29.434999465942383,29.434999465942383,29.434999465942383,127.0
2024-03-01 10:01:00,MIST,1.6950000524520874,1.6950000524520874,1.6950000524520874,1.6950000524520874,1.6950000524520874,171.0
2024-03-01 10:01:00,MLTX,52.4010009765625,52.4010009765625,52.4010009765625,52.36000061035156,52.36000061035156,464.0
2024-03-01 10:01:00,MMSI,76.44999694824219,76.44999694824219,76.44999694824219,76.38999938964844,76.38999938964844,407.0
2024-03-01 10:01:00,MNKD,4.40500020980835,4.40500020980835,4.409999847412109,4.403299808502197,4.40500020980835,7395.0
2024-03-01 10:01:00,MNMD,5.7322998046875,5.7322998046875,5.7322998046875,5.714900016784668,5.71999979019165,9383.0
2024-03-01 10:01:00,MNPR,0.7828999757766724,0.7828999757766724,0.7828999757766724,0.7828999757766724,0.7828999757766724,604.0
2024-03-01 10:01:00,MODD,1.909999966621399,1.909999966621399,1.9299999475479126,1.909999966621399,1.9299999475479126,4531.0
2024-03-01 10:01:00,MOR,17.56999969482422,17.56999969482422,17.56999969482422,17.56999969482422,17.56999969482422,1021.0
2024-03-01 10:01:00,MORF,38.15999984741211,38.15999984741211,38.165000915527344,38.15999984741211,38.165000915527344,279.0
2024-03-01 10:01:00,MOTS,0.6801000237464905,0.6801000237464905,0.6869999766349792,0.6801000237464905,0.6869999766349792,1459.0
2024-03-01 10:01:00,MRNA,93.88999938964844,93.88999938964844,94.10230255126953,93.83000183105469,93.95999908447266,7905.0
2024-03-01 10:01:00,MRSN,5.869999885559082,5.869999885559082,5.869999885559082,5.849999904632568,5.849999904632568,4578.0
2024-03-01 10:01:00,MRUS,48.66999816894531,48.66999816894531,48.66999816894531,48.66999816894531,48.66999816894531,431.0
2024-03-01 10:01:00,MRVI,7.739999771118164,7.739999771118164,7.769999980926514,7.730000019073486,7.769999980926514,1240.0
2024-03-01 10:01:00,MXCT,4.635000228881836,4.635000228881836,4.635000228881836,4.635000228881836,4.635000228881836,404.0
2024-03-01 10:01:00,NARI,45.0099983215332,45.0099983215332,45.02000045776367,45.0099983215332,45.02000045776367,433.0
2024-03-01 10:01:00,NAUT,2.609999895095825,2.609999895095825,2.6600000858306885,2.609999895095825,2.6600000858306885,300.0
2024-03-01 10:01:00,NBIX,130.77000427246094,130.77000427246094,130.90499877929688,130.72000122070312,130.83999633789062,2157.0
2024-03-01 10:01:00,NEO,15.725000381469727,15.725000381469727,15.725000381469727,15.725000381469727,15.725000381469727,146.0
2024-03-01 10:01:00,NEOG,17.010000228881836,17.010000228881836,17.040000915527344,17.010000228881836,17.030000686645508,1480.0
2024-03-01 10:01:00,NEXI,6.46999979019165,6.46999979019165,6.46999979019165,6.46999979019165,6.46999979019165,130.0
2024-03-01 10:01:00,NGM,1.5299999713897705,1.5299999713897705,1.5299999713897705,1.5299999713897705,1.5299999713897705,569.0
2024-03-01 10:01:00,NKTR,0.7175999879837036,0.7175999879837036,0.7175999879837036,0.7175999879837036,0.7175999879837036,718.0
2024-03-01 10:01:00,NKTX,12.1899995803833,12.1899995803833,12.210000038146973,12.1899995803833,12.210000038146973,1394.0
2024-03-01 10:01:00,NNOX,11.225000381469727,11.225000381469727,11.249500274658203,11.21500015258789,11.233499526977539,10381.0
2024-03-01 10:01:00,NOTV,7.360000133514404,7.360000133514404,7.445000171661377,7.360000133514404,7.445000171661377,1792.0
2024-03-01 10:01:00,NRIX,12.75,12.75,12.755000114440918,12.699999809265137,12.699999809265137,2126.0
2024-03-01 10:01:00,NRSN,1.9076999425888062,1.9076999425888062,1.909999966621399,1.899999976158142,1.909999966621399,794.0
2024-03-01 10:01:00,NRXP,0.41990000009536743,0.41990000009536743,0.41999998688697815,0.4059000015258789,0.4169999957084656,120231.0
2024-03-01 10:01:00,NTLA,33.150001525878906,33.150001525878906,33.24250030517578,33.11000061035156,33.20000076293945,5147.0
2024-03-01 10:01:00,NTRA,89.1500015258789,89.1500015258789,89.41500091552734,89.12999725341797,89.41500091552734,2414.0
2024-03-01 10:01:00,NVAX,4.940000057220459,4.940000057220459,4.940000057220459,4.920000076293945,4.920000076293945,18062.0
2024-03-01 10:01:00,NVCR,15.40999984741211,15.40999984741211,15.40999984741211,15.380000114440918,15.390000343322754,1098.0
2024-03-01 10:01:00,NXGL,2.4700000286102295,2.4700000286102295,2.4700000286102295,2.4700000286102295,2.4700000286102295,410.0
2024-03-01 10:01:00,OCGN,0.9100000262260437,0.9100000262260437,0.9142000079154968,0.9093000292778015,0.9093000292778015,11641.0
2024-03-01 10:01:00,OCUL,10.425000190734863,10.425000190734863,10.449999809265137,10.425000190734863,10.430000305175781,389.0
2024-03-01 10:01:00,OGI,2.0950000286102295,2.0950000286102295,2.0950000286102295,2.0950000286102295,2.0950000286102295,813.0
2024-03-01 10:01:00,OLMA,12.970000267028809,12.970000267028809,12.970000267028809,12.965299606323242,12.970000267028809,549.0
2024-03-01 10:01:00,OMCL,26.295000076293945,26.295000076293945,26.295000076293945,26.295000076293945,26.295000076293945,765.0
2024-03-01 10:01:00,ONCY,1.100000023841858,1.100000023841858,1.100000023841858,1.090000033378601,1.090000033378601,2575.0
2024-03-01 10:01:00,ONVO,1.0299999713897705,1.0299999713897705,1.0299999713897705,1.0299999713897705,1.0299999713897705,295.0
2024-03-01 10:02:00,ABCL,5.085000038146973,5.085000038146973,5.110000133514404,5.085000038146973,5.105000019073486,9037.0
2024-03-01 10:02:00,ABEO,7.369900226593018,7.369900226593018,7.389999866485596,7.369900226593018,7.389999866485596,1296.0
2024-03-01 10:02:00,ABOS,4.474999904632568,4.474999904632568,4.474999904632568,4.460000038146973,4.460000038146973,718.0
2024-03-01 10:02:00,ABSI,5.099999904632568,5.099999904632568,5.110000133514404,5.099999904632568,5.110000133514404,9199.0
2024-03-01 10:02:00,ABUS,2.7799999713897705,2.7799999713897705,2.7799999713897705,2.7799999713897705,2.7799999713897705,1766.0
2024-03-01 10:02:00,ACAD,23.350000381469727,23.350000381469727,23.40999984741211,23.350000381469727,23.40999984741211,951.0
2024-03-01 10:02:00,ACB,3.0099000930786133,3.0099000930786133,3.0399999618530273,3.0,3.0399999618530273,8918.0
2024-03-01 10:02:00,ACCD,10.170000076293945,10.170000076293945,10.199999809265137,10.170000076293945,10.199999809265137,1192.0
2024-03-01 10:02:00,ACET,2.3450000286102295,2.3450000286102295,2.359999895095825,2.3450000286102295,2.359999895095825,3037.0
2024-03-01 10:02:00,ACHC,83.13999938964844,83.13999938964844,83.13999938964844,83.13999938964844,83.13999938964844,728.0
2024-03-01 10:02:00,ACHL,1.399999976158142,1.399999976158142,1.399999976158142,1.3849999904632568,1.3849999904632568,8726.0
2024-03-01 10:02:00,ACON,0.38040000200271606,0.38040000200271606,0.3849000036716461,0.38040000200271606,0.3849000036716461,11500.0
2024-03-01 10:02:00,ACRS,1.25,1.25,1.25,1.2400000095367432,1.2402000427246094,1906.0
2024-03-01 10:02:00,ADAP,1.5877000093460083,1.5877000093460083,1.5888999700546265,1.5707000494003296,1.5707000494003296,2854.0
2024-03-01 10:02:00,ADIL,3.319999933242798,3.319999933242798,3.380000114440918,3.2799999713897705,3.3794000148773193,207668.0
2024-03-01 10:02:00,ADMA,5.34499979019165,5.34499979019165,5.349999904632568,5.34060001373291,5.349999904632568,4740.0
2024-03-01 10:02:00,ADPT,4.050000190734863,4.050000190734863,4.070000171661377,4.050000190734863,4.070000171661377,2037.0
2024-03-01 10:02:00,ADUS,92.21499633789062,92.21499633789062,92.21499633789062,92.08999633789062,92.08999633789062,826.0
2024-03-01 10:02:00,ADVM,1.9600000381469727,1.9600000381469727,1.9600000381469727,1.9600000381469727,1.9600000381469727,422.0
2024-03-01 10:02:00,AGEN,0.6812000274658203,0.6812000274658203,0.6899999976158142,0.6801000237464905,0.6899999976158142,132349.0
2024-03-01 10:02:00,AGIO,32.560001373291016,32.560001373291016,32.560001373291016,32.52000045776367,32.540000915527344,359.0
2024-03-01 10:02:00,AHCO,10.319999694824219,10.319999694824219,10.34000015258789,10.319999694824219,10.34000015258789,531.0
2024-03-01 10:02:00,AIRS,6.46999979019165,6.46999979019165,6.46999979019165,6.46999979019165,6.46999979019165,106.0
2024-03-01 10:02:00,AKAN,0.2709999978542328,0.2709999978542328,0.2709999978542328,0.27000001072883606,0.2702000141143799,9580.0
2024-03-01 10:02:00,AKBA,1.649899959564209,1.649899959564209,1.649899959564209,1.6399999856948853,1.6399999856948853,5894.0
2024-03-01 10:02:00,AKRO,27.645000457763672,27.645000457763672,27.729999542236328,27.6200008392334,27.65999984741211,3935.0
2024-03-01 10:02:00,ALDX,3.9700000286102295,3.9700000286102295,3.9749999046325684,3.944999933242798,3.944999933242798,14305.0
2024-03-01 10:02:00,ALEC,7.210000038146973,7.210000038146973,7.25,7.210000038146973,7.25,2024.0
2024-03-01 10:02:00,ALGN,299.2200012207031,299.2200012207031,299.6099853515625,299.2200012207031,299.6099853515625,1083.0
2024-03-01 10:02:00,ALHC,5.989999771118164,5.989999771118164,6.0,5.960000038146973,5.96999979019165,9882.0
2024-03-01 10:02:00,ALKS,29.920000076293945,29.920000076293945,29.954999923706055,29.90999984741211,29.940000534057617,1964.0
2024-03-01 10:02:00,ALLK,1.5549999475479126,1.5549999475479126,1.5571000576019287,1.5549999475479126,1.5571000576019287,5014.0
2024-03-01 10:02:00,ALLO,4.960000038146973,4.960000038146973,5.0,4.960000038146973,5.0,2817.0
2024-03-01 10:02:00,ALNY,153.0,153.0,153.0,152.67999267578125,152.75999450683594,686.0
2024-03-01 10:02:00,ALPN,36.2599983215332,36.2599983215332,36.345001220703125,36.2599983215332,36.345001220703125,871.0
2024-03-01 10:02:00,ALT,11.960399627685547,11.960399627685547,12.010000228881836,11.939900398254395,11.9399995803833,9742.0
2024-03-01 10:02:00,ALVO,15.699999809265137,15.699999809265137,15.699999809265137,15.699999809265137,15.699999809265137,500.0
2024-03-01 10:02:00,ALVR,0.7398999929428101,0.7398999929428101,0.7398999929428101,0.7398999929428101,0.7398999929428101,200.0
2024-03-01 10:02:00,AMGN,277.6499938964844,277.6499938964844,278.0,277.0400085449219,277.0400085449219,6349.0
2024-03-01 10:02:00,AMLX,18.915000915527344,18.915000915527344,18.969999313354492,18.915000915527344,18.969999313354492,1999.0
2024-03-01 10:02:00,AMPH,46.650001525878906,46.650001525878906,46.650001525878906,46.439998626708984,46.51499938964844,1776.0
2024-03-01 10:02:00,AMRN,1.0199999809265137,1.0199999809265137,1.024999976158142,1.0199999809265137,1.024999976158142,6181.0
2024-03-01 10:02:00,ANAB,25.639999389648438,25.639999389648438,25.774999618530273,25.639999389648438,25.774999618530273,3488.0
2024-03-01 10:02:00,ANGO,5.329999923706055,5.329999923706055,5.329999923706055,5.329999923706055,5.329999923706055,886.0
2024-03-01 10:02:00,ANNX,5.809899806976318,5.809899806976318,5.885000228881836,5.795000076293945,5.885000228881836,16332.0
2024-03-01 10:02:00,ANTX,3.008699893951416,3.008699893951416,3.008699893951416,3.0,3.0,533.0
2024-03-01 10:02:00,APLS,62.665000915527344,62.665000915527344,62.7599983215332,62.619998931884766,62.7599983215332,2198.0
2024-03-01 10:02:00,APLT,7.519999980926514,7.519999980926514,7.519999980926514,7.5,7.5,1297.0
2024-03-01 10:02:00,APM,1.600000023841858,1.600000023841858,1.600000023841858,1.600000023841858,1.600000023841858,1790.0
2024-03-01 10:02:00,APVO,0.16899999976158142,0.16899999976158142,0.16899999976158142,0.16899999976158142,0.16899999976158142,12017.0
2024-03-01 10:02:00,AQST,4.189799785614014,4.189799785614014,4.189899921417236,4.159999847412109,4.179999828338623,20774.0
2024-03-01 10:02:00,ARCT,40.22999954223633,40.22999954223633,40.22999954223633,40.22999954223633,40.22999954223633,141.0
2024-03-01 10:02:00,ARDX,9.635000228881836,9.635000228881836,9.664999961853027,9.619999885559082,9.654999732971191,14544.0
2024-03-01 10:02:00,ARGX,381.2200012207031,381.2200012207031,381.2200012207031,381.2200012207031,381.2200012207031,278.0
2024-03-01 10:02:00,ARQT,10.8100004196167,10.8100004196167,10.859999656677246,10.779999732971191,10.850000381469727,18854.0
2024-03-01 10:02:00,ARVN,49.79999923706055,49.79999923706055,49.89500045776367,49.77000045776367,49.89500045776367,1175.0
2024-03-01 10:02:00,ARWR,34.0,34.0,34.0,33.869998931884766,33.915000915527344,2770.0
2024-03-01 10:02:00,ASND,148.52499389648438,148.52499389648438,148.52499389648438,148.52499389648438,148.52499389648438,138.0
2024-03-01 10:02:00,ATAI,1.9500000476837158,1.9500000476837158,1.9500000476837158,1.9500000476837158,1.9500000476837158,0.0
2024-03-01 10:02:00,ATEC,13.250100135803223,13.250100135803223,13.324999809265137,13.250100135803223,13.3100004196167,5688.0
2024-03-01 10:02:00,ATHA,3.884999990463257,3.884999990463257,3.890000104904175,3.884999990463257,3.890000104904175,135.0
2024-03-01 10:02:00,ATRA,0.777400016784668,0.777400016784668,0.7846999764442444,0.777400016784668,0.7799999713897705,2823.0
2024-03-01 10:02:00,ATXS,14.744999885559082,14.744999885559082,14.744999885559082,14.744999885559082,14.744999885559082,312.0
2024-03-01 10:02:00,AUPH,5.704999923706055,5.704999923706055,5.71999979019165,5.704999923706055,5.71999979019165,1812.0
2024-03-01 10:02:00,AURA,9.164999961853027,9.164999961853027,9.164999961853027,9.164999961853027,9.164999961853027,200.0
2024-03-01 10:02:00,AUTL,6.204999923706055,6.204999923706055,6.210000038146973,6.144999980926514,6.144999980926514,23801.0
2024-03-01 10:02:00,AVDL,12.960000038146973,12.960000038146973,12.960000038146973,12.953200340270996,12.960000038146973,0.0
2024-03-01 10:02:00,AVIR,4.329999923706055,4.329999923706055,4.349999904632568,4.329999923706055,4.349999904632568,1891.0
2024-03-01 10:02:00,AVXL,5.21999979019165,5.21999979019165,5.230000019073486,5.215000152587891,5.215000152587891,1215.0
2024-03-01 10:02:00,AXNX,67.5,67.5,67.57499694824219,67.5,67.57499694824219,589.0
2024-03-01 10:02:00,AXSM,82.76000213623047,82.76000213623047,82.79000091552734,82.76000213623047,82.76000213623047,466.0
2024-03-01 10:02:00,AZN,64.11000061035156,64.11000061035156,64.125,64.08999633789062,64.12000274658203,5459.0
2024-03-01 10:02:00,AZTA,65.37000274658203,65.37000274658203,65.45999908447266,65.37000274658203,65.45999908447266,1524.0
2024-03-01 10:02:00,BBIO,35.22999954223633,35.22999954223633,35.32500076293945,35.209999084472656,35.209999084472656,719.0
2024-03-01 10:02:00,BBLG,2.315000057220459,2.315000057220459,2.329900026321411,2.2799999713897705,2.329900026321411,4353.0
2024-03-01 10:02:00,BCRX,5.684999942779541,5.684999942779541,5.704999923706055,5.684999942779541,5.704999923706055,2321.0
2024-03-01 10:02:00,BDSX,1.722599983215332,1.722599983215332,1.722599983215332,1.722599983215332,1.722599983215332,92.0
2024-03-01 10:02:00,BDTX,5.309999942779541,5.309999942779541,5.309999942779541,5.304999828338623,5.309999942779541,1019.0
2024-03-01 10:02:00,BEAM,39.68000030517578,39.68000030517578,39.834999084472656,39.68000030517578,39.81999969482422,1772.0
2024-03-01 10:02:00,BIIB,218.6300048828125,218.6300048828125,218.6300048828125,218.3300018310547,218.3300018310547,429.0
2024-03-01 10:02:00,BIOL,0.13899999856948853,0.13899999856948853,0.13899999856948853,0.13899999856948853,0.13899999856948853,106.0
2024-03-01 10:02:00,BIOR,1.2599999904632568,1.2599999904632568,1.2599999904632568,1.2599999904632568,1.2599999904632568,197.0
2024-03-01 10:02:00,BIVI,2.699899911880493,2.699899911880493,2.75,2.5899999141693115,2.607100009918213,306215.0
2024-03-01 10:02:00,BLFS,16.925399780273438,16.925399780273438,16.925399780273438,16.925399780273438,16.925399780273438,1570.0
2024-03-01 10:02:00,BLUE,1.559999942779541,1.559999942779541,1.5699000358581543,1.5549999475479126,1.565000057220459,13081.0
2024-03-01 10:02:00,BMEA,17.770000457763672,17.770000457763672,17.799999237060547,17.600000381469727,17.600000381469727,3841.0
2024-03-01 10:02:00,BMRN,85.9540023803711,85.9540023803711,85.9540023803711,85.91000366210938,85.91999816894531,3252.0
2024-03-01 10:02:00,BNGO,1.2300000190734863,1.2300000190734863,1.2350000143051147,1.2300000190734863,1.2350000143051147,1612.0
2024-03-01 10:02:00,BNR,0.8720999956130981,0.8720999956130981,0.8828999996185303,0.8720999956130981,0.8828999996185303,200.0
2024-03-01 10:02:00,BNTX,90.55000305175781,90.55000305175781,90.6343994140625,90.55000305175781,90.61599731445312,3267.0
2024-03-01 10:02:00,BPMC,96.23999786376953,96.23999786376953,96.7249984741211,96.2300033569336,96.7249984741211,2260.0
2024-03-01 10:02:00,BRTX,1.4901000261306763,1.4901000261306763,1.5217000246047974,1.4901000261306763,1.5,2244.0
2024-03-01 10:02:00,BTAI,3.1600000858306885,3.1600000858306885,3.1600000858306885,3.1600000858306885,3.1600000858306885,17.0
2024-03-01 10:02:00,BWAY,6.649899959564209,6.649899959564209,6.649899959564209,6.649899959564209,6.649899959564209,38.0
2024-03-01 10:02:00,CABA,24.46500015258789,24.46500015258789,24.5049991607666,24.280000686645508,24.354999542236328,10117.0
2024-03-01 10:02:00,CBAY,32.21500015258789,32.21500015258789,32.21500015258789,32.209999084472656,32.21500015258789,7576.0
2024-03-01 10:02:00,CCCC,10.949999809265137,10.949999809265137,10.989999771118164,10.9399995803833,10.949999809265137,2628.0
2024-03-01 10:02:00,CCRN,17.854999542236328,17.854999542236328,17.899999618530273,17.854999542236328,17.899999618530273,816.0
2024-03-01 10:02:00,CDMO,7.809999942779541,7.809999942779541,7.864999771118164,7.809999942779541,7.864999771118164,896.0
2024-03-01 10:02:00,CDNA,11.805000305175781,11.805000305175781,11.850000381469727,11.720000267028809,11.850000381469727,9092.0
2024-03-01 10:02:00,CDXS,4.300000190734863,4.300000190734863,4.320000171661377,4.300000190734863,4.320000171661377,4161.0
2024-03-01 10:02:00,CERE,41.095001220703125,41.095001220703125,41.099998474121094,41.08000183105469,41.099998474121094,3437.0
2024-03-01 10:02:00,CERS,2.1700000762939453,2.1700000762939453,2.184999942779541,2.1700000762939453,2.184999942779541,1373.0
2024-03-01 10:02:00,CERT,17.889999389648438,17.889999389648438,17.915000915527344,17.81999969482422,17.905000686645508,2116.0
2024-03-01 10:02:00,CGC,3.1700000762939453,3.1700000762939453,3.2100000381469727,3.1700000762939453,3.2100000381469727,28310.0
2024-03-01 10:02:00,CGEM,18.799999237060547,18.799999237060547,18.857500076293945,18.799999237060547,18.857500076293945,279.0
2024-03-01 10:02:00,CHRS,2.314199924468994,2.314199924468994,2.319999933242798,2.314199924468994,2.319999933242798,3875.0
2024-03-01 10:02:00,CING,1.2699999809265137,1.2699999809265137,1.2699999809265137,1.2699999809265137,1.2699999809265137,259.0
2024-03-01 10:02:00,CKPT,2.1600000858306885,2.1600000858306885,2.1600000858306885,2.1600000858306885,2.1600000858306885,1002.0
2024-03-01 10:02:00,CLDX,50.72999954223633,50.72999954223633,50.79499816894531,50.685001373291016,50.689998626708984,3041.0
2024-03-01 10:02:00,CLNN,0.38749998807907104,0.38749998807907104,0.38749998807907104,0.38749998807907104,0.38749998807907104,3128.0
2024-03-01 10:02:00,CLOV,0.8557999730110168,0.8557999730110168,0.8557999730110168,0.8557000160217285,0.8557999730110168,16690.0
2024-03-01 10:02:00,CLPT,6.414999961853027,6.414999961853027,6.414999961853027,6.414999961853027,6.414999961853027,136.0
2024-03-01 10:02:00,CMPS,10.454999923706055,10.454999923706055,10.520000457763672,10.454999923706055,10.520000457763672,2910.0
2024-03-01 10:02:00,CMPX,1.7899999618530273,1.7899999618530273,1.7899999618530273,1.7899999618530273,1.7899999618530273,35.0
2024-03-01 10:02:00,CMRX,1.1299999952316284,1.1299999952316284,1.1299999952316284,1.1299999952316284,1.1299999952316284,0.0
2024-03-01 10:02:00,CNTA,10.579999923706055,10.579999923706055,10.579999923706055,10.470000267028809,10.470000267028809,1415.0
2024-03-01 10:02:00,COGT,7.25,7.25,7.255000114440918,7.25,7.25,673.0
2024-03-01 10:02:00,COLL,37.36000061035156,37.36000061035156,37.36000061035156,37.36000061035156,37.36000061035156,392.0
2024-03-01 10:02:00,CORT,23.420000076293945,23.420000076293945,23.43000030517578,23.405000686645508,23.43000030517578,1038.0
2024-03-01 10:02:00,CPRX,16.709999084472656,16.709999084472656,16.719999313354492,16.690000534057617,16.71500015258789,5366.0
2024-03-01 10:02:00,CPSI,9.699999809265137,9.699999809265137,9.699999809265137,9.699999809265137,9.699999809265137,169.0
2024-03-01 10:02:00,CRBP,31.273300170898438,31.273300170898438,31.963499069213867,31.273300170898438,31.963499069213867,3573.0
2024-03-01 10:02:00,CRBU,8.039999961853027,8.039999961853027,8.09000015258789,8.039999961853027,8.079999923706055,20763.0
2024-03-01 10:02:00,CRDF,2.4999001026153564,2.4999001026153564,2.509999990463257,2.450000047683716,2.484100103378296,272702.0
2024-03-01 10:02:00,CRDL,2.009999990463257,2.009999990463257,2.0199999809265137,2.009999990463257,2.0199999809265137,2102.0
2024-03-01 10:02:00,CRMD,3.5899999141693115,3.5899999141693115,3.5899999141693115,3.5899999141693115,3.5899999141693115,300.0
2024-03-01 10:02:00,CRNX,44.720001220703125,44.720001220703125,44.720001220703125,44.720001220703125,44.720001220703125,235.0
2024-03-01 10:02:00,CRON,2.039900064468384,2.039900064468384,2.039900064468384,2.0299999713897705,2.0299999713897705,597.0
2024-03-01 10:02:00,CRSP,85.5250015258789,85.5250015258789,85.6500015258789,85.33309936523438,85.63500213623047,5776.0
2024-03-01 10:02:00,CRVS,2.200000047683716,2.200000047683716,2.200000047683716,2.200000047683716,2.200000047683716,1667.0
2024-03-01 10:02:00,CSTL,19.299999237060547,19.299999237060547,19.350000381469727,19.209999084472656,19.219999313354492,2377.0
2024-03-01 10:02:00,CTKB,7.960000038146973,7.960000038146973,7.974999904632568,7.949999809265137,7.974999904632568,2548.0
2024-03-01 10:02:00,CTMX,2.5299999713897705,2.5299999713897705,2.5299999713897705,2.5199999809265137,2.5199999809265137,1529.0
2024-03-01 10:02:00,CUTR,2.300800085067749,2.300800085067749,2.3299999237060547,2.299999952316284,2.310800075531006,3640.0
2024-03-01 10:02:00,CVAC,3.450000047683716,3.450000047683716,3.450000047683716,3.450000047683716,3.450000047683716,2305.0
2024-03-01 10:02:00,CVRX,19.885000228881836,19.885000228881836,19.885000228881836,19.885000228881836,19.885000228881836,147.0
2024-03-01 10:02:00,CYT,3.109999895095825,3.109999895095825,3.109999895095825,3.109999895095825,3.109999895095825,134.0
2024-03-01 10:02:00,CYTK,74.8949966430664,74.8949966430664,74.97000122070312,74.74500274658203,74.76000213623047,4176.0
2024-03-01 10:02:00,DARE,0.5799999833106995,0.5799999833106995,0.5799999833106995,0.5799999833106995,0.5799999833106995,976.0
2024-03-01 10:02:00,DAWN,16.950000762939453,16.950000762939453,16.950000762939453,16.950000762939453,16.950000762939453,114.0
2024-03-01 10:02:00,DCGO,4.059999942779541,4.059999942779541,4.059999942779541,4.039999961853027,4.045000076293945,4704.0
2024-03-01 10:02:00,DCPH,16.959999084472656,16.959999084472656,16.989999771118164,16.959999084472656,16.989999771118164,1295.0
2024-03-01 10:02:00,DCTH,4.212800025939941,4.212800025939941,4.212800025939941,4.212800025939941,4.212800025939941,131.0
2024-03-01 10:02:00,DH,9.104999542236328,9.104999542236328,9.140000343322754,9.104999542236328,9.140000343322754,748.0
2024-03-01 10:02:00,DMAC,2.950000047683716,2.950000047683716,2.9600000381469727,2.950000047683716,2.9600000381469727,1320.0
2024-03-01 10:02:00,DMTK,0.9196000099182129,0.9196000099182129,0.9196000099182129,0.8999999761581421,0.9000999927520752,4455.0
2024-03-01 10:02:00,DNLI,20.530000686645508,20.530000686645508,20.530000686645508,20.5,20.524999618530273,972.0
2024-03-01 10:02:00,DRMA,0.4498000144958496,0.4498000144958496,0.4498000144958496,0.4498000144958496,0.4498000144958496,196.0
2024-03-01 10:02:00,DSGN,2.805000066757202,2.805000066757202,2.809999942779541,2.805000066757202,2.809999942779541,462.0
2024-03-01 10:02:00,DTIL,12.849900245666504,12.849900245666504,12.849900245666504,12.800000190734863,12.800000190734863,1159.0
2024-03-01 10:02:00,DVAX,12.734999656677246,12.734999656677246,12.770000457763672,12.734999656677246,12.770000457763672,2300.0
2024-03-01 10:02:00,DXCM,116.2699966430664,116.2699966430664,116.66000366210938,116.2699966430664,116.62000274658203,6270.0
2024-03-01 10:02:00,DYN,29.5,29.5,29.639999389648438,29.459999084472656,29.610000610351562,2387.0
2024-03-01 10:02:00,EDIT,10.504300117492676,10.504300117492676,10.545000076293945,10.484999656677246,10.539999961853027,9601.0
2024-03-01 10:02:00,EGRX,6.300000190734863,6.300000190734863,6.300000190734863,6.275000095367432,6.275000095367432,461.0
2024-03-01 10:02:00,EIGR,5.963900089263916,5.963900089263916,5.963900089263916,5.963900089263916,5.963900089263916,185.0
2024-03-01 10:02:00,ELEV,4.539999961853027,4.539999961853027,4.559999942779541,4.351600170135498,4.351600170135498,27317.0
2024-03-01 10:02:00,EMBC,14.329999923706055,14.329999923706055,14.329999923706055,14.329999923706055,14.329999923706055,289.0
2024-03-01 10:02:00,ENTA,14.779999732971191,14.779999732971191,14.78499984741211,14.779999732971191,14.78499984741211,122.0
2024-03-01 10:02:00,ENVB,1.6200000047683716,1.6200000047683716,1.649999976158142,1.600000023841858,1.6399999856948853,23456.0
2024-03-01 10:02:00,EOLS,14.729999542236328,14.729999542236328,14.729999542236328,14.729999542236328,14.729999542236328,368.0
2024-03-01 10:02:00,EQ,2.569999933242798,2.569999933242798,2.5799999237060547,2.569999933242798,2.5799999237060547,546.0
2024-03-01 10:02:00,ERAS,2.4000000953674316,2.4000000953674316,2.4000000953674316,2.4000000953674316,2.4000000953674316,2447.0
2024-03-01 10:02:00,ESPR,2.516700029373169,2.516700029373169,2.5299999713897705,2.515000104904175,2.5299999713897705,1348.0
2024-03-01 10:02:00,ESTA,44.650001525878906,44.650001525878906,44.650001525878906,44.650001525878906,44.650001525878906,196.0
2024-03-01 10:02:00,ETNB,12.324999809265137,12.324999809265137,12.380000114440918,12.324999809265137,12.359999656677246,5136.0
2024-03-01 10:02:00,ETON,4.543499946594238,4.543499946594238,4.543499946594238,4.543499946594238,4.543499946594238,101.0
2024-03-01 10:02:00,EWTX,16.329999923706055,16.329999923706055,16.3799991607666,16.329999923706055,16.3799991607666,2987.0
2024-03-01 10:02:00,EXAI,6.760000228881836,6.760000228881836,6.760000228881836,6.760000228881836,6.760000228881836,23.0
2024-03-01 10:02:00,EXAS,58.66999816894531,58.66999816894531,58.869998931884766,58.622398376464844,58.869998931884766,7095.0
2024-03-01 10:02:00,EXEL,22.399999618530273,22.399999618530273,22.399999618530273,22.366100311279297,22.366100311279297,4858.0
2024-03-01 10:02:00,EYEN,2.1191999912261963,2.1191999912261963,2.1298999786376953,2.115000009536743,2.1273000240325928,3285.0
2024-03-01 10:02:00,EYPT,27.899999618530273,27.899999618530273,27.959999084472656,27.899999618530273,27.950000762939453,975.0
2024-03-01 10:02:00,FATE,7.385000228881836,7.385000228881836,7.440000057220459,7.385000228881836,7.420000076293945,12465.0
2024-03-01 10:02:00,FBIO,2.219899892807007,2.219899892807007,2.219899892807007,2.2197000980377197,2.2197999954223633,4950.0
2024-03-01 10:02:00,FDMT,29.66819953918457,29.66819953918457,29.66819953918457,29.43000030517578,29.59000015258789,3212.0
2024-03-01 10:02:00,FGEN,1.7450000047683716,1.7450000047683716,1.7599999904632568,1.7450000047683716,1.7599999904632568,523.0
2024-03-01 10:02:00,FLGT,22.829999923706055,22.829999923706055,22.864999771118164,22.825000762939453,22.860000610351562,1314.0
2024-03-01 10:02:00,FOLD,13.390000343322754,13.390000343322754,13.420000076293945,13.380000114440918,13.420000076293945,3720.0
2024-03-01 10:02:00,FONR,22.499900817871094,22.499900817871094,22.5,22.499900817871094,22.5,413.0
2024-03-01 10:02:00,FULC,10.430000305175781,10.430000305175781,10.430000305175781,10.399999618530273,10.40999984741211,1127.0
2024-03-01 10:02:00,FUSN,12.029999732971191,12.029999732971191,12.039999961853027,12.029999732971191,12.039999961853027,220.0
2024-03-01 10:02:00,GANX,4.539100170135498,4.539100170135498,4.539100170135498,4.539100170135498,4.539100170135498,505.0
2024-03-01 10:02:00,GBIO,2.4700000286102295,2.4700000286102295,2.4700000286102295,2.4700000286102295,2.4700000286102295,218.0
2024-03-01 10:02:00,GDRX,8.345000267028809,8.345000267028809,8.390000343322754,8.324999809265137,8.380000114440918,6675.0
2024-03-01 10:02:00,GERN,2.0959999561309814,2.0959999561309814,2.0999999046325684,2.0905001163482666,2.0999999046325684,6300.0
2024-03-01 10:02:00,GH,19.010000228881836,19.010000228881836,19.084999084472656,19.001100540161133,19.084999084472656,1017.0
2024-03-01 10:02:00,GILD,72.55000305175781,72.55000305175781,72.55999755859375,72.45999908447266,72.47000122070312,9743.0
2024-03-01 10:02:00,GLYC,2.9600000381469727,2.9600000381469727,2.9600000381469727,2.9600000381469727,2.9600000381469727,0.0
2024-03-01 10:02:00,GMAB,28.649999618530273,28.649999618530273,28.679899215698242,28.649999618530273,28.65999984741211,1210.0
2024-03-01 10:02:00,GMDA,0.3758000135421753,0.3758000135421753,0.375900000333786,0.37549999356269836,0.37560001015663147,2837.0
2024-03-01 10:02:00,GOSS,1.340000033378601,1.340000033378601,1.350000023841858,1.340000033378601,1.3450000286102295,9428.0
2024-03-01 10:02:00,GRFS,6.720099925994873,6.720099925994873,6.764999866485596,6.710000038146973,6.764999866485596,7497.0
2024-03-01 10:02:00,GRPH,3.494999885559082,3.494999885559082,3.494999885559082,3.494999885559082,3.494999885559082,1001.0
2024-03-01 10:02:00,GRTS,1.999899983406067,1.999899983406067,2.0199999809265137,1.9900000095367432,2.0199999809265137,31936.0
2024-03-01 10:02:00,GRTX,0.2280000001192093,0.2280000001192093,0.2280000001192093,0.2280000001192093,0.2280000001192093,0.0
2024-03-01 10:02:00,GTHX,3.4200000762939453,3.4200000762939453,3.4200000762939453,3.4000000953674316,3.4000000953674316,5770.0
2024-03-01 10:02:00,HALO,40.94900131225586,40.94900131225586,40.94900131225586,40.88999938964844,40.88999938964844,1385.0
2024-03-01 10:02:00,HARP,22.950000762939453,22.950000762939453,22.950000762939453,22.940000534057617,22.940000534057617,4544.0
2024-03-01 10:02:00,HCAT,8.095000267028809,8.095000267028809,8.095000267028809,8.09000015258789,8.09000015258789,0.0
2024-03-01 10:02:00,HCM,15.319999694824219,15.319999694824219,15.319999694824219,15.319999694824219,15.319999694824219,15.0
2024-03-01 10:02:00,HCSG,12.619999885559082,12.619999885559082,12.640000343322754,12.609999656677246,12.640000343322754,1658.0
2024-03-01 10:02:00,HCTI,2.359999895095825,2.359999895095825,2.450000047683716,2.359999895095825,2.430000066757202,1316.0
2024-03-01 10:02:00,HEPA,3.150099992752075,3.150099992752075,3.150099992752075,3.150099992752075,3.150099992752075,332.0
2024-03-01 10:02:00,HLVX,18.56999969482422,18.56999969482422,18.56999969482422,18.56999969482422,18.56999969482422,200.0
2024-03-01 10:02:00,HOLX,73.62999725341797,73.62999725341797,73.80000305175781,73.62999725341797,73.77999877929688,2345.0
2024-03-01 10:02:00,HQY,82.30999755859375,82.30999755859375,82.30999755859375,82.30999755859375,82.30999755859375,227.0
2024-03-01 10:02:00,HRMY,31.475000381469727,31.475000381469727,31.475000381469727,31.475000381469727,31.475000381469727,280.0
2024-03-01 10:02:00,HROW,10.859999656677246,10.859999656677246,10.859999656677246,10.859999656677246,10.859999656677246,244.0
2024-03-01 10:02:00,HRTX,2.6050000190734863,2.6050000190734863,2.609999895095825,2.6050000190734863,2.609999895095825,526.0
2024-03-01 10:02:00,HSIC,76.88999938964844,76.88999938964844,77.07499694824219,76.83000183105469,76.83000183105469,965.0
2024-03-01 10:02:00,HUMA,3.069999933242798,3.069999933242798,3.0999999046325684,3.069999933242798,3.075000047683716,34157.0
2024-03-01 10:02:00,IART,36.66999816894531,36.66999816894531,36.72999954223633,36.66999816894531,36.720001220703125,4010.0
2024-03-01 10:02:00,IBRX,4.922500133514404,4.922500133514404,4.922500133514404,4.909999847412109,4.920000076293945,1510.0
2024-03-01 10:02:00,ICLR,323.5299987792969,323.5299987792969,323.75,323.2650146484375,323.32000732421875,1624.0
2024-03-01 10:02:00,ICUI,104.7300033569336,104.7300033569336,104.7300033569336,104.63999938964844,104.72000122070312,1483.0
2024-03-01 10:02:00,IDXX,570.4749755859375,570.4749755859375,571.9600219726562,570.010009765625,570.010009765625,2795.0
2024-03-01 10:02:00,ILMN,137.3800048828125,137.3800048828125,137.52749633789062,137.36000061035156,137.52749633789062,12148.0
2024-03-01 10:02:00,IMAB,1.8600000143051147,1.8600000143051147,1.8600000143051147,1.8600000143051147,1.8600000143051147,425.0
2024-03-01 10:02:00,IMCR,68.30000305175781,68.30000305175781,68.63999938964844,68.30000305175781,68.44999694824219,3544.0
2024-03-01 10:02:00,IMMP,2.309999942779541,2.309999942779541,2.309999942779541,2.299999952316284,2.299999952316284,510.0
2024-03-01 10:02:00,IMMX,3.4795000553131104,3.4795000553131104,3.4795000553131104,3.4700000286102295,3.4700000286102295,2098.0
2024-03-01 10:02:00,IMNM,24.799999237060547,24.799999237060547,24.918399810791016,24.799999237060547,24.918399810791016,1401.0
2024-03-01 10:02:00,IMNN,1.0815000534057617,1.0815000534057617,1.090000033378601,1.0815000534057617,1.090000033378601,606.0
2024-03-01 10:02:00,IMTX,12.829999923706055,12.829999923706055,12.829999923706055,12.829999923706055,12.829999923706055,669.0
2024-03-01 10:02:00,IMUX,1.4950000047683716,1.4950000047683716,1.5099999904632568,1.4900000095367432,1.5049999952316284,7651.0
2024-03-01 10:02:00,IMVT,36.875,36.875,36.939998626708984,36.869998931884766,36.93000030517578,4320.0
2024-03-01 10:02:00,INCY,58.91999816894531,58.91999816894531,58.97999954223633,58.91749954223633,58.91749954223633,730.0
2024-03-01 10:02:00,INGN,6.800000190734863,6.800000190734863,6.809999942779541,6.800000190734863,6.809999942779541,1360.0
2024-03-01 10:02:00,INMD,22.520000457763672,22.520000457763672,22.549999237060547,22.510000228881836,22.530000686645508,4889.0
2024-03-01 10:02:00,INNV,4.880000114440918,4.880000114440918,4.880000114440918,4.880000114440918,4.880000114440918,1764.0
2024-03-01 10:02:00,INSM,28.190000534057617,28.190000534057617,28.190000534057617,28.190000534057617,28.190000534057617,102.0
2024-03-01 10:02:00,INVA,15.210000038146973,15.210000038146973,15.420000076293945,15.210000038146973,15.420000076293945,4796.0
2024-03-01 10:02:00,INZY,6.389999866485596,6.389999866485596,6.409999847412109,6.389999866485596,6.409999847412109,508.0
2024-03-01 10:02:00,IONS,45.31999969482422,45.31999969482422,45.400001525878906,45.31999969482422,45.31999969482422,727.0
2024-03-01 10:02:00,IOVA,16.81999969482422,16.81999969482422,16.870100021362305,16.77429962158203,16.809999465942383,32410.0
2024-03-01 10:02:00,IRWD,8.9350004196167,8.9350004196167,8.970000267028809,8.930000305175781,8.970000267028809,15688.0
2024-03-01 10:02:00,ISRG,387.4700012207031,387.4700012207031,387.9200134277344,387.44000244140625,387.8800048828125,1430.0
2024-03-01 10:02:00,ITCI,71.36000061035156,71.36000061035156,71.70500183105469,71.36000061035156,71.70500183105469,1514.0
2024-03-01 10:02:00,IXHL,5.429999828338623,5.429999828338623,5.429999828338623,5.429999828338623,5.429999828338623,200.0
2024-03-01 10:02:00,JAGX,0.07159999758005142,0.07159999758005142,0.07349999994039536,0.06790000200271606,0.0681999996304512,1395558.0
2024-03-01 10:02:00,JANX,47.63999938964844,47.63999938964844,48.20000076293945,47.5,47.650001525878906,16249.0
2024-03-01 10:02:00,JAZZ,121.06999969482422,121.06999969482422,121.41999816894531,121.06999969482422,121.41999816894531,1809.0
2024-03-01 10:02:00,JYNT,9.930000305175781,9.930000305175781,9.930000305175781,9.930000305175781,9.930000305175781,355.0
2024-03-01 10:02:00,KALV,13.8774995803833,13.8774995803833,13.890000343322754,13.84000015258789,13.859999656677246,1520.0
2024-03-01 10:02:00,KNSA,21.56999969482422,21.56999969482422,21.56999969482422,21.56999969482422,21.56999969482422,112.0
2024-03-01 10:02:00,KNTE,2.5999999046325684,2.5999999046325684,2.5999999046325684,2.5950000286102295,2.5999999046325684,4392.0
2024-03-01 10:02:00,KOD,6.010000228881836,6.010000228881836,6.074999809265137,6.010000228881836,6.074999809265137,4176.0
2024-03-01 10:02:00,KPTI,1.1449999809265137,1.1449999809265137,1.1475000381469727,1.1449999809265137,1.1475000381469727,1567.0
2024-03-01 10:02:00,KRYS,165.2100067138672,165.2100067138672,166.0,165.2100067138672,166.0,1149.0
2024-03-01 10:02:00,KTRA,0.10279999673366547,0.10279999673366547,0.10279999673366547,0.10279999673366547,0.10279999673366547,3932.0
2024-03-01 10:02:00,KYMR,43.42499923706055,43.42499923706055,43.42499923706055,43.42499923706055,43.42499923706055,126.0
2024-03-01 10:02:00,LAB,2.279900074005127,2.279900074005127,2.279900074005127,2.279900074005127,2.279900074005127,1550.0
2024-03-01 10:02:00,LBPH,21.659000396728516,21.659000396728516,22.040000915527344,21.659000396728516,22.040000915527344,2514.0
2024-03-01 10:02:00,LEGN,65.30999755859375,65.30999755859375,65.30999755859375,65.30999755859375,65.30999755859375,336.0
2024-03-01 10:02:00,LEXX,2.575000047683716,2.575000047683716,2.575000047683716,2.575000047683716,2.575000047683716,0.0
2024-03-01 10:02:00,LFST,7.98199987411499,7.98199987411499,7.98199987411499,7.974999904632568,7.974999904632568,361.0
2024-03-01 10:02:00,LGND,79.9749984741211,79.9749984741211,79.9749984741211,79.9749984741211,79.9749984741211,153.0
2024-03-01 10:02:00,LIVN,54.560001373291016,54.560001373291016,54.71500015258789,54.560001373291016,54.66999816894531,1115.0
2024-03-01 10:02:00,LMAT,69.31999969482422,69.31999969482422,69.79000091552734,69.31999969482422,69.79000091552734,1696.0
2024-03-01 10:02:00,LNTH,65.7300033569336,65.7300033569336,65.83000183105469,65.7300033569336,65.83000183105469,529.0
2024-03-01 10:02:00,LQDA,14.279999732971191,14.279999732971191,14.279999732971191,14.279999732971191,14.279999732971191,313.0
2024-03-01 10:02:00,LRMR,11.800000190734863,11.800000190734863,11.930000305175781,11.699999809265137,11.880000114440918,8031.0
2024-03-01 10:02:00,LUNG,9.239999771118164,9.239999771118164,9.289999961853027,9.239999771118164,9.289999961853027,1272.0
2024-03-01 10:02:00,LVTX,3.1500000953674316,3.1500000953674316,3.1549999713897705,3.119999885559082,3.130000114440918,8486.0
2024-03-01 10:02:00,LXRX,2.469899892807007,2.469899892807007,2.4749999046325684,2.4549999237060547,2.4700000286102295,9479.0
2024-03-01 10:02:00,LYEL,3.065000057220459,3.065000057220459,3.065000057220459,3.0450000762939453,3.049999952316284,6215.0
2024-03-01 10:02:00,LYRA,5.472499847412109,5.472499847412109,5.472499847412109,5.472499847412109,5.472499847412109,299.0
2024-03-01 10:02:00,MASI,126.36499786376953,126.36499786376953,127.91999816894531,126.36499786376953,127.91999816894531,5319.0
2024-03-01 10:02:00,MASS,7.0,7.0,7.0,7.0,7.0,656.0
2024-03-01 10:02:00,MCRB,1.1649999618530273,1.1649999618530273,1.1649999618530273,1.1649999618530273,1.1649999618530273,0.0
2024-03-01 10:02:00,MDGL,245.54859924316406,245.54859924316406,245.54859924316406,244.8249969482422,244.8249969482422,829.0
2024-03-01 10:02:00,MDRX,6.050000190734863,6.050000190734863,6.050000190734863,5.900000095367432,6.0,3618.0
2024-03-01 10:02:00,MDXG,8.5,8.5,8.5024995803833,8.489999771118164,8.5,3029.0
2024-03-01 10:02:00,ME,0.550000011920929,0.550000011920929,0.5544999837875366,0.550000011920929,0.5544999837875366,21315.0
2024-03-01 10:02:00,MEDP,400.05999755859375,400.05999755859375,400.2799987792969,400.05999755859375,400.2799987792969,332.0
2024-03-01 10:02:00,MGNX,18.639999389648438,18.639999389648438,18.639999389648438,18.59000015258789,18.6200008392334,838.0
2024-03-01 10:02:00,MGTX,6.179999828338623,6.179999828338623,6.197500228881836,6.179999828338623,6.179999828338623,703.0
2024-03-01 10:02:00,MIRM,29.43000030517578,29.43000030517578,29.43000030517578,29.43000030517578,29.43000030517578,192.0
2024-03-01 10:02:00,MLTX,52.084999084472656,52.084999084472656,52.290000915527344,52.04999923706055,52.290000915527344,2659.0
2024-03-01 10:02:00,MMSI,76.18000030517578,76.18000030517578,76.3949966430664,76.18000030517578,76.3949966430664,795.0
2024-03-01 10:02:00,MNKD,4.389999866485596,4.389999866485596,4.400000095367432,4.364999771118164,4.400000095367432,14478.0
2024-03-01 10:02:00,MNMD,5.659999847412109,5.659999847412109,5.710000038146973,5.659999847412109,5.710000038146973,1909.0
2024-03-01 10:02:00,MNOV,1.340000033378601,1.340000033378601,1.340000033378601,1.340000033378601,1.340000033378601,567.0
2024-03-01 10:02:00,MNPR,0.777999997138977,0.777999997138977,0.777999997138977,0.777999997138977,0.777999997138977,206.0
2024-03-01 10:02:00,MODV,27.344999313354492,27.344999313354492,27.344999313354492,27.344999313354492,27.344999313354492,309.0
2024-03-01 10:02:00,MOR,17.549999237060547,17.549999237060547,17.559999465942383,17.549999237060547,17.559999465942383,1368.0
2024-03-01 10:02:00,MOTS,0.6800000071525574,0.6800000071525574,0.6800000071525574,0.6800000071525574,0.6800000071525574,263.0
2024-03-01 10:02:00,MREO,3.8399999141693115,3.8399999141693115,3.8499999046325684,3.8399999141693115,3.8499999046325684,646.0
2024-03-01 10:02:00,MRNA,93.80500030517578,93.80500030517578,93.9999008178711,93.80000305175781,93.88999938964844,3502.0
2024-03-01 10:02:00,MRNS,9.6899995803833,9.6899995803833,9.720000267028809,9.6899995803833,9.720000267028809,698.0
2024-03-01 10:02:00,MRSN,5.769999980926514,5.769999980926514,5.849999904632568,5.769999980926514,5.840000152587891,4660.0
2024-03-01 10:02:00,MRVI,7.695000171661377,7.695000171661377,7.739999771118164,7.695000171661377,7.739999771118164,1945.0
2024-03-01 10:02:00,MXCT,4.635000228881836,4.635000228881836,4.635000228881836,4.635000228881836,4.635000228881836,209.0
2024-03-01 10:02:00,MYGN,21.174999237060547,21.174999237060547,21.174999237060547,21.110000610351562,21.110000610351562,410.0
2024-03-01 10:02:00,NARI,44.81999969482422,44.81999969482422,45.0099983215332,44.81999969482422,45.0099983215332,2034.0
2024-03-01 10:02:00,NBIX,130.60499572753906,130.60499572753906,130.6999969482422,130.57000732421875,130.58999633789062,2939.0
2024-03-01 10:02:00,NDRA,1.1198999881744385,1.1198999881744385,1.1198999881744385,1.1198999881744385,1.1198999881744385,117.0
2024-03-01 10:02:00,NEO,15.6899995803833,15.6899995803833,15.6899995803833,15.6899995803833,15.6899995803833,409.0
2024-03-01 10:02:00,NEOG,16.93000030517578,16.93000030517578,17.020000457763672,16.93000030517578,17.020000457763672,4174.0
2024-03-01 10:02:00,NKTX,12.229999542236328,12.229999542236328,12.229999542236328,12.180000305175781,12.180000305175781,1495.0
2024-03-01 10:02:00,NNOX,11.094499588012695,11.094499588012695,11.210000038146973,11.09000015258789,11.210000038146973,3516.0
2024-03-01 10:02:00,NRIX,12.755000114440918,12.755000114440918,12.770000457763672,12.729999542236328,12.755000114440918,3908.0
2024-03-01 10:02:00,NRSN,1.909999966621399,1.909999966621399,1.909999966621399,1.909999966621399,1.909999966621399,200.0
2024-03-01 10:02:00,NRXP,0.41999998688697815,0.41999998688697815,0.41999998688697815,0.41659998893737793,0.41990000009536743,12818.0
2024-03-01 10:02:00,NTLA,32.869998931884766,32.869998931884766,33.11000061035156,32.869998931884766,33.11000061035156,18806.0
2024-03-01 10:02:00,NTRA,88.93000030517578,88.93000030517578,89.30000305175781,88.93000030517578,89.12999725341797,3487.0
2024-03-01 10:02:00,NUVL,88.18499755859375,88.18499755859375,88.18499755859375,88.18499755859375,88.18499755859375,206.0
2024-03-01 10:02:00,NVAX,4.96999979019165,4.96999979019165,4.979899883270264,4.914999961853027,4.934999942779541,47448.0
2024-03-01 10:02:00,NVCR,15.359999656677246,15.359999656677246,15.425700187683105,15.354999542236328,15.425700187683105,1589.0
2024-03-01 10:02:00,NVCT,10.380000114440918,10.380000114440918,10.380000114440918,10.380000114440918,10.380000114440918,236.0
2024-03-01 10:02:00,NVOS,0.6200000047683716,0.6200000047683716,0.6200000047683716,0.6200000047683716,0.6200000047683716,2615.0
2024-03-01 10:02:00,OCGN,0.910099983215332,0.910099983215332,0.914900004863739,0.9100000262260437,0.9140999913215637,47397.0
2024-03-01 10:02:00,OCUL,10.299599647521973,10.299599647521973,10.40999984741211,10.299599647521973,10.40999984741211,15526.0
2024-03-01 10:02:00,OFIX,12.970000267028809,12.970000267028809,13.010000228881836,12.970000267028809,13.010000228881836,1178.0
2024-03-01 10:02:00,OGI,2.075000047683716,2.075000047683716,2.0899999141693115,2.075000047683716,2.0899999141693115,898.0
2024-03-01 10:02:00,OLK,22.489999771118164,22.489999771118164,22.489999771118164,22.43000030517578,22.459999084472656,526.0
2024-03-01 10:02:00,OLMA,12.90999984741211,12.90999984741211,12.90999984741211,12.90999984741211,12.90999984741211,547.0
2024-03-01 10:02:00,OM,3.0,3.0,3.0199999809265137,3.0,3.0199999809265137,9817.0
2024-03-01 10:02:00,OMER,4.650000095367432,4.650000095367432,4.659999847412109,4.639999866485596,4.659999847412109,1106.0
2024-03-01 10:02:00,OMIC,0.6200000047683716,0.6200000047683716,0.6200000047683716,0.6200000047683716,0.6200000047683716,400.0
2024-03-01 10:02:00,ONCY,1.0988999605178833,1.0988999605178833,1.0988999605178833,1.0988999605178833,1.0988999605178833,6378.0
2024-03-01 10:02:00,ONTX,0.8075000047683716,0.8075000047683716,0.8075000047683716,0.8075000047683716,0.8075000047683716,141.0
2024-03-01 10:03:00,AADI,1.9800000190734863,1.9800000190734863,1.9800000190734863,1.9800000190734863,1.9800000190734863,148.0
2024-03-01 10:03:00,ABCL,5.09499979019165,5.09499979019165,5.09499979019165,5.09499979019165,5.09499979019165,700.0
2024-03-01 10:03:00,ABEO,7.409999847412109,7.409999847412109,7.409999847412109,7.409999847412109,7.409999847412109,188.0
2024-03-01 10:03:00,ABOS,4.489999771118164,4.489999771118164,4.489999771118164,4.480000019073486,4.480000019073486,1086.0
2024-03-01 10:03:00,ABSI,5.125,5.125,5.125,5.119999885559082,5.119999885559082,1503.0
2024-03-01 10:03:00,ABUS,2.7750000953674316,2.7750000953674316,2.7750000953674316,2.7750000953674316,2.7750000953674316,191.0
2024-03-01 10:03:00,ACAD,23.40999984741211,23.40999984741211,23.40999984741211,23.350000381469727,23.350000381469727,2116.0
2024-03-01 10:03:00,ACB,3.015000104904175,3.015000104904175,3.015000104904175,3.0099000930786133,3.0099000930786133,2585.0
2024-03-01 10:03:00,ACCD,10.154999732971191,10.154999732971191,10.154999732971191,10.154999732971191,10.154999732971191,245.0
2024-03-01 10:03:00,ACET,2.350100040435791,2.350100040435791,2.350100040435791,2.3450000286102295,2.3499999046325684,975.0
2024-03-01 10:03:00,ACHC,83.05999755859375,83.05999755859375,83.05999755859375,83.01000213623047,83.05000305175781,749.0
2024-03-01 10:03:00,ACHL,1.3801000118255615,1.3801000118255615,1.3801000118255615,1.3801000118255615,1.3801000118255615,20000.0
2024-03-01 10:03:00,ACHV,3.984999895095825,3.984999895095825,3.984999895095825,3.984999895095825,3.984999895095825,225.0
2024-03-01 10:03:00,ACLX,69.05000305175781,69.05000305175781,69.05000305175781,68.94000244140625,68.94000244140625,8798.0
2024-03-01 10:03:00,ACON,0.38040000200271606,0.38040000200271606,0.38040000200271606,0.38040000200271606,0.38040000200271606,0.0
2024-03-01 10:03:00,ACRS,1.25,1.25,1.25,1.2400000095367432,1.2450000047683716,5553.0
2024-03-01 10:03:00,ADIL,3.3303000926971436,3.3303000926971436,3.3499999046325684,3.299999952316284,3.3101000785827637,104913.0
2024-03-01 10:03:00,ADMA,5.360000133514404,5.360000133514404,5.360000133514404,5.349999904632568,5.349999904632568,5558.0
2024-03-01 10:03:00,ADPT,4.059999942779541,4.059999942779541,4.059999942779541,4.050000190734863,4.050000190734863,879.0
2024-03-01 10:03:00,ADVM,1.9550000429153442,1.9550000429153442,1.9600000381469727,1.9550000429153442,1.9600000381469727,364.0
2024-03-01 10:03:00,AGEN,0.6780999898910522,0.6780999898910522,0.6812999844551086,0.6779999732971191,0.6807000041007996,133278.0
2024-03-01 10:03:00,AGIO,32.5,32.5,32.52000045776367,32.4900016784668,32.4900016784668,404.0
2024-03-01 10:03:00,AHCO,10.34000015258789,10.34000015258789,10.34000015258789,10.3100004196167,10.3100004196167,1344.0
2024-03-01 10:03:00,AIH,0.4991999864578247,0.4991999864578247,0.4991999864578247,0.4991999864578247,0.4991999864578247,0.0
2024-03-01 10:03:00,AIRS,6.480000019073486,6.480000019073486,6.480000019073486,6.480000019073486,6.480000019073486,130.0
2024-03-01 10:03:00,AKAN,0.26429998874664307,0.26429998874664307,0.2703999876976013,0.2630999982357025,0.2703999876976013,32535.0
2024-03-01 10:03:00,AKBA,1.6406999826431274,1.6406999826431274,1.6449999809265137,1.6406999826431274,1.6449999809265137,6675.0
2024-03-01 10:03:00,AKRO,27.969999313354492,27.969999313354492,27.989999771118164,27.579999923706055,27.579999923706055,2705.0
2024-03-01 10:03:00,ALDX,3.990000009536743,3.990000009536743,3.994999885559082,3.990000009536743,3.994999885559082,781.0
2024-03-01 10:03:00,ALEC,7.230000019073486,7.230000019073486,7.230000019073486,7.210000038146973,7.210000038146973,1016.0
2024-03-01 10:03:00,ALGN,298.9049987792969,298.9049987792969,299.19000244140625,298.75,298.760009765625,1601.0
2024-03-01 10:03:00,ALHC,6.0,6.0,6.0,5.989999771118164,5.989999771118164,4997.0
2024-03-01 10:03:00,ALIM,3.640000104904175,3.640000104904175,3.640000104904175,3.640000104904175,3.640000104904175,254.0
2024-03-01 10:03:00,ALKS,29.985000610351562,29.985000610351562,29.985000610351562,29.940000534057617,29.940000534057617,1390.0
2024-03-01 10:03:00,ALLK,1.5549999475479126,1.5549999475479126,1.559999942779541,1.5521999597549438,1.5521999597549438,1351.0
2024-03-01 10:03:00,ALLO,4.992599964141846,4.992599964141846,4.992599964141846,4.953999996185303,4.953999996185303,3792.0
2024-03-01 10:03:00,ALPN,36.31999969482422,36.31999969482422,36.31999969482422,36.310001373291016,36.310001373291016,635.0
2024-03-01 10:03:00,ALT,12.069999694824219,12.069999694824219,12.069999694824219,11.970000267028809,11.970000267028809,23136.0
2024-03-01 10:03:00,ALVR,0.75,0.75,0.75,0.75,0.75,700.0
2024-03-01 10:03:00,ALXO,14.880000114440918,14.880000114440918,14.880000114440918,14.880000114440918,14.880000114440918,473.0
2024-03-01 10:03:00,AMED,93.55500030517578,93.55500030517578,93.73999786376953,93.55500030517578,93.69999694824219,2174.0
2024-03-01 10:03:00,AMGN,277.7099914550781,277.7099914550781,277.7650146484375,277.57000732421875,277.7650146484375,7579.0
2024-03-01 10:03:00,AMPH,46.5,46.5,46.64500045776367,46.47010040283203,46.64500045776367,2965.0
2024-03-01 10:03:00,AMRN,1.0199999809265137,1.0199999809265137,1.024999976158142,1.0199999809265137,1.0199999809265137,8385.0
2024-03-01 10:03:00,ANAB,25.670000076293945,25.670000076293945,25.670000076293945,25.6200008392334,25.6200008392334,1057.0
2024-03-01 10:03:00,ANGO,5.300000190734863,5.300000190734863,5.304999828338623,5.300000190734863,5.300099849700928,1683.0
2024-03-01 10:03:00,ANNX,5.855000019073486,5.855000019073486,5.869999885559082,5.809999942779541,5.809999942779541,11957.0
2024-03-01 10:03:00,APLS,62.625,62.625,62.68000030517578,62.595001220703125,62.665000915527344,2726.0
2024-03-01 10:03:00,APLT,7.510000228881836,7.510000228881836,7.519999980926514,7.5,7.510000228881836,2935.0
2024-03-01 10:03:00,APVO,0.16899999976158142,0.16899999976158142,0.16899999976158142,0.16899999976158142,0.16899999976158142,0.0
2024-03-01 10:03:00,APYX,2.0999999046325684,2.0999999046325684,2.109999895095825,2.0999999046325684,2.109999895095825,703.0
2024-03-01 10:03:00,AQST,4.175000190734863,4.175000190734863,4.199999809265137,4.162499904632568,4.184999942779541,13856.0
2024-03-01 10:03:00,ARCT,40.29999923706055,40.29999923706055,40.29999923706055,40.130001068115234,40.130001068115234,852.0
2024-03-01 10:03:00,ARDX,9.699999809265137,9.699999809265137,9.699999809265137,9.640000343322754,9.640000343322754,9533.0
2024-03-01 10:03:00,ARGX,381.1050109863281,381.1050109863281,381.1050109863281,381.1050109863281,381.1050109863281,495.0
2024-03-01 10:03:00,ARQT,10.939900398254395,10.939900398254395,10.939900398254395,10.729999542236328,10.789999961853027,8239.0
2024-03-01 10:03:00,ARTL,1.5298999547958374,1.5298999547958374,1.5298999547958374,1.5298999547958374,1.5298999547958374,1188.0
2024-03-01 10:03:00,ARVN,50.0,50.0,50.0,49.849998474121094,49.869998931884766,2103.0
2024-03-01 10:03:00,ARWR,34.150001525878906,34.150001525878906,34.150001525878906,34.01499938964844,34.01499938964844,1264.0
2024-03-01 10:03:00,ASMB,13.1899995803833,13.1899995803833,13.1899995803833,13.1899995803833,13.1899995803833,200.0
2024-03-01 10:03:00,ASRT,0.9050999879837036,0.9050999879837036,0.9050999879837036,0.9050999879837036,0.9050999879837036,440.0
2024-03-01 10:03:00,ATAI,1.9550000429153442,1.9550000429153442,1.9550000429153442,1.9500000476837158,1.9500000476837158,4677.0
2024-03-01 10:03:00,ATEC,13.234999656677246,13.234999656677246,13.255000114440918,13.229999542236328,13.255000114440918,2515.0
2024-03-01 10:03:00,ATRA,0.7870000004768372,0.7870000004768372,0.7870000004768372,0.784600019454956,0.784600019454956,1174.0
2024-03-01 10:03:00,ATRC,35.09000015258789,35.09000015258789,35.255001068115234,35.09000015258789,35.255001068115234,898.0
2024-03-01 10:03:00,ATXI,0.15330000221729279,0.15330000221729279,0.15330000221729279,0.15330000221729279,0.15330000221729279,2079.0
2024-03-01 10:03:00,ATXS,14.75,14.75,14.800000190734863,14.75,14.800000190734863,1012.0
2024-03-01 10:03:00,AUPH,5.701200008392334,5.701200008392334,5.710000038146973,5.699999809265137,5.699999809265137,1224.0
2024-03-01 10:03:00,AURA,9.164999961853027,9.164999961853027,9.164999961853027,9.164999961853027,9.164999961853027,3.0
2024-03-01 10:03:00,AVDL,12.954999923706055,12.954999923706055,12.954999923706055,12.954999923706055,12.954999923706055,16.0
2024-03-01 10:03:00,AVXL,5.230000019073486,5.230000019073486,5.230000019073486,5.21999979019165,5.21999979019165,305.0
2024-03-01 10:03:00,AXSM,82.76799774169922,82.76799774169922,82.76799774169922,82.76799774169922,82.76799774169922,195.0
2024-03-01 10:03:00,AZN,64.11129760742188,64.11129760742188,64.13999938964844,64.0999984741211,64.0999984741211,11850.0
2024-03-01 10:03:00,AZTA,65.41999816894531,65.41999816894531,65.41999816894531,65.41999816894531,65.41999816894531,110.0
2024-03-01 10:03:00,BBIO,35.2599983215332,35.2599983215332,35.2599983215332,35.2599983215332,35.2599983215332,148.0
2024-03-01 10:03:00,BBLG,2.3301000595092773,2.3301000595092773,2.3399999141693115,2.3301000595092773,2.3399999141693115,1302.0
2024-03-01 10:03:00,BCAB,2.759999990463257,2.759999990463257,2.759999990463257,2.759999990463257,2.759999990463257,291.0
2024-03-01 10:03:00,BCRX,5.690000057220459,5.690000057220459,5.699999809265137,5.690000057220459,5.690000057220459,4112.0
2024-03-01 10:03:00,BDSX,1.719499945640564,1.719499945640564,1.719499945640564,1.719499945640564,1.719499945640564,841.0
2024-03-01 10:03:00,BDTX,5.320000171661377,5.320000171661377,5.320000171661377,5.300899982452393,5.300899982452393,760.0
2024-03-01 10:03:00,BEAM,40.0,40.0,40.0,39.720001220703125,39.7400016784668,2616.0
2024-03-01 10:03:00,BGNE,163.8300018310547,163.8300018310547,163.8300018310547,163.8300018310547,163.8300018310547,204.0
2024-03-01 10:03:00,BIIB,218.6300048828125,218.6300048828125,218.6300048828125,218.381103515625,218.381103515625,591.0
2024-03-01 10:03:00,BIOR,1.2598999738693237,1.2598999738693237,1.2598999738693237,1.2598999738693237,1.2598999738693237,189.0
2024-03-01 10:03:00,BIVI,2.7023000717163086,2.7023000717163086,2.740000009536743,2.6700000762939453,2.699899911880493,241099.0
2024-03-01 10:03:00,BLFS,17.25,17.25,17.25,17.0,17.0,6324.0
2024-03-01 10:03:00,BLRX,1.3799999952316284,1.3799999952316284,1.3799999952316284,1.3799999952316284,1.3799999952316284,0.0
2024-03-01 10:03:00,BLUE,1.5600999593734741,1.5600999593734741,1.565000057220459,1.5549999475479126,1.559999942779541,39807.0
2024-03-01 10:03:00,BMEA,17.764999389648438,17.764999389648438,17.764999389648438,17.729999542236328,17.729999542236328,504.0
2024-03-01 10:03:00,BMRN,86.01000213623047,86.01000213623047,86.01000213623047,86.01000213623047,86.01000213623047,227.0
2024-03-01 10:03:00,BNGO,1.2350000143051147,1.2350000143051147,1.2400000095367432,1.2350000143051147,1.2400000095367432,3885.0
2024-03-01 10:03:00,BNTX,90.56999969482422,90.56999969482422,90.56999969482422,90.54000091552734,90.54000091552734,492.0
2024-03-01 10:03:00,BPMC,96.21099853515625,96.21099853515625,96.21099853515625,96.21099853515625,96.21099853515625,632.0
2024-03-01 10:03:00,BRTX,1.527899980545044,1.527899980545044,1.527899980545044,1.5099999904632568,1.5099999904632568,2724.0
2024-03-01 10:03:00,BTAI,3.1600000858306885,3.1600000858306885,3.1600000858306885,3.1600000858306885,3.1600000858306885,404.0
2024-03-01 10:03:00,BTTX,0.16359999775886536,0.16359999775886536,0.16359999775886536,0.16359999775886536,0.16359999775886536,0.0
2024-03-01 10:03:00,CABA,24.56999969482422,24.56999969482422,24.670000076293945,24.47249984741211,24.47249984741211,2498.0
2024-03-01 10:03:00,CAPR,4.5,4.5,4.5,4.5,4.5,215.0
2024-03-01 10:03:00,CARA,0.8700000047683716,0.8700000047683716,0.8700000047683716,0.8600999712944031,0.8700000047683716,1776.0
2024-03-01 10:03:00,CBAY,32.2400016784668,32.2400016784668,32.2400016784668,32.220001220703125,32.220001220703125,6908.0
2024-03-01 10:03:00,CCCC,11.0,11.0,11.0,10.9399995803833,10.9399995803833,1814.0
2024-03-01 10:03:00,CCRN,17.854999542236328,17.854999542236328,17.854999542236328,17.854999542236328,17.854999542236328,425.0
2024-03-01 10:03:00,CDMO,7.809999942779541,7.809999942779541,7.809999942779541,7.800000190734863,7.800000190734863,1004.0
2024-03-01 10:03:00,CDNA,11.845000267028809,11.845000267028809,11.859999656677246,11.800000190734863,11.819999694824219,4883.0
2024-03-01 10:03:00,CDXS,4.344699859619141,4.344699859619141,4.34499979019165,4.289999961853027,4.289999961853027,3108.0
2024-03-01 10:03:00,CERE,41.125,41.125,41.1349983215332,41.095001220703125,41.095001220703125,6303.0
2024-03-01 10:03:00,CERS,2.180000066757202,2.180000066757202,2.180000066757202,2.1700000762939453,2.1700000762939453,2540.0
2024-03-01 10:03:00,CERT,17.8700008392334,17.8700008392334,17.959999084472656,17.764999389648438,17.934999465942383,6102.0
2024-03-01 10:03:00,CGC,3.1700000762939453,3.1700000762939453,3.180000066757202,3.1600000858306885,3.180000066757202,17042.0
2024-03-01 10:03:00,CGEM,18.799999237060547,18.799999237060547,18.834999084472656,18.790000915527344,18.799999237060547,630.0
2024-03-01 10:03:00,CGEN,2.600600004196167,2.600600004196167,2.6050000190734863,2.600600004196167,2.6050000190734863,969.0
2024-03-01 10:03:00,CGTX,2.0999999046325684,2.0999999046325684,2.0999999046325684,2.0999999046325684,2.0999999046325684,1020.0
2024-03-01 10:03:00,CHRS,2.325000047683716,2.325000047683716,2.3299999237060547,2.3199000358581543,2.319999933242798,466.0
2024-03-01 10:03:00,CLDX,50.779998779296875,50.779998779296875,50.90999984741211,50.744998931884766,50.790000915527344,9458.0
2024-03-01 10:03:00,CLNN,0.3862000107765198,0.3862000107765198,0.3873000144958496,0.3853999972343445,0.3871999979019165,16626.0
2024-03-01 10:03:00,CLOV,0.8582000136375427,0.8582000136375427,0.8582000136375427,0.8555999994277954,0.8557999730110168,2864.0
2024-03-01 10:03:00,CLPT,6.385000228881836,6.385000228881836,6.409999847412109,6.385000228881836,6.409999847412109,1207.0
2024-03-01 10:03:00,CLRB,4.039999961853027,4.039999961853027,4.039999961853027,4.039999961853027,4.039999961853027,780.0
2024-03-01 10:03:00,CMPS,10.524999618530273,10.524999618530273,10.524999618530273,10.449999809265137,10.460000038146973,1536.0
2024-03-01 10:03:00,CMRX,1.1299999952316284,1.1299999952316284,1.1299999952316284,1.1299999952316284,1.1299999952316284,4901.0
2024-03-01 10:03:00,CNTA,10.5,10.5,10.5600004196167,10.489999771118164,10.520000457763672,1625.0
2024-03-01 10:03:00,COGT,7.230000019073486,7.230000019073486,7.230000019073486,7.230000019073486,7.230000019073486,665.0
2024-03-01 10:03:00,CORT,23.48189926147461,23.48189926147461,23.510000228881836,23.420000076293945,23.420000076293945,5335.0
2024-03-01 10:03:00,CPRX,16.809999465942383,16.809999465942383,16.809999465942383,16.760000228881836,16.760000228881836,6443.0
2024-03-01 10:03:00,CPSI,9.670000076293945,9.670000076293945,9.670000076293945,9.670000076293945,9.670000076293945,917.0
2024-03-01 10:03:00,CRBP,31.614999771118164,31.614999771118164,31.614999771118164,31.480600357055664,31.480600357055664,1308.0
2024-03-01 10:03:00,CRBU,8.100000381469727,8.100000381469727,8.100000381469727,8.055000305175781,8.055000305175781,3406.0
2024-03-01 10:03:00,CRDF,2.575000047683716,2.575000047683716,2.700000047683716,2.4702000617980957,2.4999001026153564,446636.0
2024-03-01 10:03:00,CRDL,2.0250000953674316,2.0250000953674316,2.0250000953674316,2.0250000953674316,2.0250000953674316,0.0
2024-03-01 10:03:00,CRMD,3.5899999141693115,3.5899999141693115,3.5899999141693115,3.5899999141693115,3.5899999141693115,14.0
2024-03-01 10:03:00,CRNX,44.77000045776367,44.77000045776367,44.77000045776367,44.77000045776367,44.77000045776367,383.0
2024-03-01 10:03:00,CRSP,85.62999725341797,85.62999725341797,85.62999725341797,85.45999908447266,85.48999786376953,2235.0
2024-03-01 10:03:00,CRVS,2.194999933242798,2.194999933242798,2.194999933242798,2.194999933242798,2.194999933242798,0.0
2024-03-01 10:03:00,CSTL,19.31999969482422,19.31999969482422,19.360000610351562,19.299999237060547,19.299999237060547,1406.0
2024-03-01 10:03:00,CTKB,7.929999828338623,7.929999828338623,7.929999828338623,7.929999828338623,7.929999828338623,1164.0
2024-03-01 10:03:00,CTMX,2.5,2.5,2.5,2.5,2.5,300.0
2024-03-01 10:03:00,CUTR,2.299999952316284,2.299999952316284,2.300100088119507,2.299999952316284,2.300100088119507,6844.0
2024-03-01 10:03:00,CVAC,3.4549999237060547,3.4549999237060547,3.4549999237060547,3.444999933242798,3.444999933242798,1249.0
2024-03-01 10:03:00,CYTK,74.9000015258789,74.9000015258789,75.0,74.87000274658203,74.87000274658203,9146.0
2024-03-01 10:03:00,CYTO,1.940000057220459,1.940000057220459,1.940000057220459,1.940000057220459,1.940000057220459,200.0
2024-03-01 10:03:00,DARE,0.5799999833106995,0.5799999833106995,0.5799999833106995,0.5799000263214111,0.5799000263214111,2712.0
2024-03-01 10:03:00,DAWN,16.9950008392334,16.9950008392334,16.9950008392334,16.985000610351562,16.985000610351562,626.0
2024-03-01 10:03:00,DCGO,4.065000057220459,4.065000057220459,4.065000057220459,4.059999942779541,4.059999942779541,908.0
2024-03-01 10:03:00,DCPH,16.96500015258789,16.96500015258789,16.96500015258789,16.96500015258789,16.96500015258789,291.0
2024-03-01 10:03:00,DH,9.100000381469727,9.100000381469727,9.104999542236328,9.100000381469727,9.104999542236328,306.0
2024-03-01 10:03:00,DMTK,0.919700026512146,0.919700026512146,0.919700026512146,0.919700026512146,0.919700026512146,0.0
2024-03-01 10:03:00,DNLI,20.6200008392334,20.6200008392334,20.6200008392334,20.600000381469727,20.600000381469727,695.0
2024-03-01 10:03:00,DRUG,1.850000023841858,1.850000023841858,1.850000023841858,1.850000023841858,1.850000023841858,1025.0
2024-03-01 10:03:00,DTIL,12.810400009155273,12.810400009155273,12.850000381469727,12.810400009155273,12.850000381469727,205.0
2024-03-01 10:03:00,DVAX,12.739999771118164,12.739999771118164,12.740599632263184,12.739999771118164,12.739999771118164,716.0
2024-03-01 10:03:00,DXCM,116.5250015258789,116.5250015258789,116.62999725341797,116.2699966430664,116.2699966430664,15072.0
2024-03-01 10:03:00,DYN,29.778200149536133,29.778200149536133,29.780000686645508,29.405000686645508,29.405000686645508,2689.0
2024-03-01 10:03:00,EDIT,10.530099868774414,10.530099868774414,10.539999961853027,10.489999771118164,10.489999771118164,6491.0
2024-03-01 10:03:00,ELEV,4.650000095367432,4.650000095367432,4.650000095367432,4.510000228881836,4.550000190734863,20062.0
2024-03-01 10:03:00,EMBC,14.390000343322754,14.390000343322754,14.390000343322754,14.390000343322754,14.390000343322754,449.0
2024-03-01 10:03:00,ENLV,3.130000114440918,3.130000114440918,3.134999990463257,3.130000114440918,3.134999990463257,1681.0
2024-03-01 10:03:00,ENSG,123.875,123.875,123.875,123.83999633789062,123.83999633789062,855.0
2024-03-01 10:03:00,ENVB,1.6194000244140625,1.6194000244140625,1.6200000047683716,1.6100000143051147,1.6188000440597534,6339.0
2024-03-01 10:03:00,EOLS,14.835000038146973,14.835000038146973,14.850000381469727,14.75,14.760000228881836,3922.0
2024-03-01 10:03:00,ERAS,2.4049999713897705,2.4049999713897705,2.4049999713897705,2.4000000953674316,2.4000000953674316,445.0
2024-03-01 10:03:00,ESPR,2.5195000171661377,2.5195000171661377,2.5199999809265137,2.515000104904175,2.515000104904175,5059.0
2024-03-01 10:03:00,ETNB,12.350000381469727,12.350000381469727,12.350000381469727,12.324999809265137,12.324999809265137,2903.0
2024-03-01 10:03:00,ETON,4.46999979019165,4.46999979019165,4.46999979019165,4.46999979019165,4.46999979019165,200.0
2024-03-01 10:03:00,EVAX,3.6278998851776123,3.6278998851776123,3.630000114440918,3.6278998851776123,3.6284000873565674,4567.0
2024-03-01 10:03:00,EVO,7.369999885559082,7.369999885559082,7.369999885559082,7.369999885559082,7.369999885559082,260.0
2024-03-01 10:03:00,EVOK,0.5799999833106995,0.5799999833106995,0.6338000297546387,0.5799999833106995,0.6338000297546387,4413.0
2024-03-01 10:03:00,EWTX,16.325000762939453,16.325000762939453,16.325000762939453,16.309999465942383,16.309999465942383,1005.0
2024-03-01 10:03:00,EXAI,6.739999771118164,6.739999771118164,6.769999980926514,6.739999771118164,6.769999980926514,2459.0
2024-03-01 10:03:00,EXAS,58.71500015258789,58.71500015258789,58.7599983215332,58.685001373291016,58.685001373291016,1439.0
2024-03-01 10:03:00,EXEL,22.440000534057617,22.440000534057617,22.450000762939453,22.395000457763672,22.395000457763672,11558.0
2024-03-01 10:03:00,EYEN,2.109999895095825,2.109999895095825,2.119999885559082,2.109999895095825,2.1196999549865723,4838.0
2024-03-01 10:03:00,EYPT,27.914899826049805,27.914899826049805,27.914899826049805,27.914899826049805,27.914899826049805,322.0
2024-03-01 10:03:00,FATE,7.414999961853027,7.414999961853027,7.414999961853027,7.380000114440918,7.380000114440918,2659.0
2024-03-01 10:03:00,FBIO,2.200000047683716,2.200000047683716,2.2200000286102295,2.200000047683716,2.219899892807007,3630.0
2024-03-01 10:03:00,FDMT,29.392900466918945,29.392900466918945,29.392900466918945,29.392900466918945,29.392900466918945,426.0
2024-03-01 10:03:00,FEMY,1.7100000381469727,1.7100000381469727,1.7100000381469727,1.7100000381469727,1.7100000381469727,453.0
2024-03-01 10:03:00,FGEN,1.75,1.75,1.75,1.7450000047683716,1.7450000047683716,2235.0
2024-03-01 10:03:00,FIXX,0.9300000071525574,0.9300000071525574,0.9300000071525574,0.9300000071525574,0.9300000071525574,294.0
2024-03-01 10:03:00,FOLD,13.4350004196167,13.4350004196167,13.4399995803833,13.399999618530273,13.399999618530273,2022.0
2024-03-01 10:03:00,FULC,10.444999694824219,10.444999694824219,10.510000228881836,10.390000343322754,10.390000343322754,11786.0
2024-03-01 10:03:00,FUSN,12.0600004196167,12.0600004196167,12.079999923706055,12.055000305175781,12.055000305175781,753.0
2024-03-01 10:03:00,GALT,1.9700000286102295,1.9700000286102295,1.9700000286102295,1.9450000524520874,1.9700000286102295,1206.0
2024-03-01 10:03:00,GBIO,2.4800000190734863,2.4800000190734863,2.4800000190734863,2.4700000286102295,2.4700000286102295,403.0
2024-03-01 10:03:00,GDRX,8.364999771118164,8.364999771118164,8.369999885559082,8.350000381469727,8.350000381469727,2044.0
2024-03-01 10:03:00,GERN,2.0950000286102295,2.0950000286102295,2.0999999046325684,2.0899999141693115,2.0975000858306885,6530.0
2024-03-01 10:03:00,GH,19.014999389648438,19.014999389648438,19.030000686645508,19.0049991607666,19.0049991607666,1073.0
2024-03-01 10:03:00,GILD,72.55500030517578,72.55500030517578,72.58999633789062,72.54010009765625,72.55999755859375,7726.0
2024-03-01 10:03:00,GOSS,1.340000033378601,1.340000033378601,1.340000033378601,1.340000033378601,1.340000033378601,430.0
2024-03-01 10:03:00,GRFS,6.735000133514404,6.735000133514404,6.75,6.724999904632568,6.730000019073486,10329.0
2024-03-01 10:03:00,GRTS,2.02839994430542,2.02839994430542,2.0299999713897705,1.9950000047683716,1.9987000226974487,4359.0
2024-03-01 10:03:00,GRTX,0.22699999809265137,0.22699999809265137,0.22699999809265137,0.22609999775886536,0.22609999775886536,5814.0
2024-03-01 10:03:00,GTHX,3.4100000858306885,3.4100000858306885,3.4149999618530273,3.4000000953674316,3.4149999618530273,3700.0
2024-03-01 10:03:00,HALO,41.029998779296875,41.029998779296875,41.040000915527344,40.93000030517578,40.95000076293945,8934.0
2024-03-01 10:03:00,HARP,22.94499969482422,22.94499969482422,22.950000762939453,22.9424991607666,22.9424991607666,3137.0
2024-03-01 10:03:00,HCAT,8.069999694824219,8.069999694824219,8.09000015258789,8.069999694824219,8.09000015258789,1010.0
2024-03-01 10:03:00,HCSG,12.614999771118164,12.614999771118164,12.614999771118164,12.592499732971191,12.592499732971191,561.0
2024-03-01 10:03:00,HCTI,2.369999885559082,2.369999885559082,2.450000047683716,2.369999885559082,2.450000047683716,3736.0
2024-03-01 10:03:00,HITI,1.7549999952316284,1.7549999952316284,1.7549999952316284,1.7549999952316284,1.7549999952316284,140.0
2024-03-01 10:03:00,HLTH,0.2605000138282776,0.2605000138282776,0.2605000138282776,0.2605000138282776,0.2605000138282776,10103.0
2024-03-01 10:03:00,HLVX,18.68000030517578,18.68000030517578,18.690000534057617,18.65999984741211,18.690000534057617,1530.0
2024-03-01 10:03:00,HOLX,73.62999725341797,73.62999725341797,73.6500015258789,73.62000274658203,73.6500015258789,1001.0
2024-03-01 10:03:00,HOTH,1.3344000577926636,1.3344000577926636,1.3344000577926636,1.3344000577926636,1.3344000577926636,453.0
2024-03-01 10:03:00,HOWL,6.975800037384033,6.975800037384033,6.975800037384033,6.975800037384033,6.975800037384033,503.0
2024-03-01 10:03:00,HPCO,0.2554999887943268,0.2554999887943268,0.2554999887943268,0.2554999887943268,0.2554999887943268,642.0
2024-03-01 10:03:00,HQY,82.28500366210938,82.28500366210938,82.28500366210938,82.23999786376953,82.23999786376953,499.0
2024-03-01 10:03:00,HRMY,31.514999389648438,31.514999389648438,31.599899291992188,31.514999389648438,31.530000686645508,1255.0
2024-03-01 10:03:00,HRTX,2.619999885559082,2.619999885559082,2.619999885559082,2.6050000190734863,2.6050000190734863,2726.0
2024-03-01 10:03:00,HSDT,4.771100044250488,4.771100044250488,4.771100044250488,4.771100044250488,4.771100044250488,200.0
2024-03-01 10:03:00,HSIC,77.05500030517578,77.05500030517578,77.05500030517578,76.8499984741211,77.00250244140625,1234.0
2024-03-01 10:03:00,HSTM,27.510000228881836,27.510000228881836,27.510000228881836,27.510000228881836,27.510000228881836,202.0
2024-03-01 10:03:00,HUMA,3.0850000381469727,3.0850000381469727,3.089900016784668,3.069999933242798,3.075000047683716,24124.0
2024-03-01 10:03:00,IART,36.661800384521484,36.661800384521484,36.67499923706055,36.630001068115234,36.630001068115234,484.0
2024-03-01 10:03:00,IBRX,4.948800086975098,4.948800086975098,4.948800086975098,4.929999828338623,4.929999828338623,1909.0
2024-03-01 10:03:00,ICUI,104.7300033569336,104.7300033569336,104.7300033569336,104.7300033569336,104.7300033569336,5169.0
2024-03-01 10:03:00,IINN,1.6201000213623047,1.6201000213623047,1.6484999656677246,1.6200000047683716,1.6484999656677246,4558.0
2024-03-01 10:03:00,ILMN,137.2899932861328,137.2899932861328,137.39999389648438,137.13999938964844,137.25,4164.0
2024-03-01 10:03:00,IMAB,1.850100040435791,1.850100040435791,1.850100040435791,1.850100040435791,1.850100040435791,1000.0
2024-03-01 10:03:00,IMNM,25.030000686645508,25.030000686645508,25.1200008392334,24.729999542236328,24.909900665283203,4558.0
2024-03-01 10:03:00,IMNN,1.085800051689148,1.085800051689148,1.085800051689148,1.085800051689148,1.085800051689148,207.0
2024-03-01 10:03:00,IMTX,12.850000381469727,12.850000381469727,12.850000381469727,12.850000381469727,12.850000381469727,264.0
2024-03-01 10:03:00,IMUX,1.4950000047683716,1.4950000047683716,1.4950000047683716,1.4950000047683716,1.4950000047683716,158.0
2024-03-01 10:03:00,IMVT,36.939998626708984,36.939998626708984,36.939998626708984,36.869998931884766,36.93000030517578,946.0
2024-03-01 10:03:00,INBX,36.88999938964844,36.88999938964844,36.88999938964844,36.88999938964844,36.88999938964844,232.0
2024-03-01 10:03:00,INCY,58.83000183105469,58.83000183105469,58.84000015258789,58.83000183105469,58.84000015258789,503.0
2024-03-01 10:03:00,INDP,2.069999933242798,2.069999933242798,2.069999933242798,2.069999933242798,2.069999933242798,200.0
2024-03-01 10:03:00,INGN,6.801400184631348,6.801400184631348,6.809999942779541,6.801400184631348,6.809999942779541,289.0
2024-03-01 10:03:00,INKT,0.9563000202178955,0.9563000202178955,0.9563000202178955,0.9563000202178955,0.9563000202178955,398.0
2024-03-01 10:03:00,INMD,22.59000015258789,22.59000015258789,22.59000015258789,22.549999237060547,22.559999465942383,1169.0
2024-03-01 10:03:00,INO,9.069999694824219,9.069999694824219,9.069999694824219,9.069999694824219,9.069999694824219,344.0
2024-03-01 10:03:00,INSM,28.184999465942383,28.184999465942383,28.193099975585938,28.184999465942383,28.184999465942383,818.0
2024-03-01 10:03:00,INVA,15.430000305175781,15.430000305175781,15.449999809265137,15.220000267028809,15.220000267028809,3244.0
2024-03-01 10:03:00,INZY,6.380000114440918,6.380000114440918,6.389999866485596,6.380000114440918,6.389999866485596,698.0
2024-03-01 10:03:00,IONS,45.310001373291016,45.310001373291016,45.31999969482422,45.28499984741211,45.28499984741211,974.0
2024-03-01 10:03:00,IOVA,16.850099563598633,16.850099563598633,16.905000686645508,16.818599700927734,16.819900512695312,40105.0
2024-03-01 10:03:00,IRIX,2.6559998989105225,2.6559998989105225,2.6559998989105225,2.640000104904175,2.6559998989105225,1910.0
2024-03-01 10:03:00,IRWD,8.960000038146973,8.960000038146973,8.984999656677246,8.9399995803833,8.9399995803833,0.0
2024-03-01 10:03:00,ISRG,387.30999755859375,387.30999755859375,387.4700012207031,387.30999755859375,387.4700012207031,727.0
2024-03-01 10:03:00,ITOS,10.729999542236328,10.729999542236328,10.729999542236328,10.729999542236328,10.729999542236328,151.0
2024-03-01 10:03:00,IVVD,3.942500114440918,3.942500114440918,3.942500114440918,3.942500114440918,3.942500114440918,101.0
2024-03-01 10:03:00,IXHL,5.405200004577637,5.405200004577637,5.405200004577637,5.405200004577637,5.405200004577637,203.0
2024-03-01 10:03:00,JAGX,0.07100000232458115,0.07100000232458115,0.07259999960660934,0.07020000368356705,0.07199999690055847,589049.0
2024-03-01 10:03:00,JANX,48.06999969482422,48.06999969482422,48.189998626708984,47.04999923706055,47.63999938964844,3975.0
2024-03-01 10:03:00,JAZZ,120.9791030883789,120.9791030883789,121.05999755859375,120.9791030883789,121.05000305175781,473.0
2024-03-01 10:03:00,KALV,13.949999809265137,13.949999809265137,13.960000038146973,13.885000228881836,13.885000228881836,3137.0
2024-03-01 10:03:00,KNSA,21.56999969482422,21.56999969482422,21.56999969482422,21.56999969482422,21.56999969482422,143.0
2024-03-01 10:03:00,KOD,6.090000152587891,6.090000152587891,6.090000152587891,6.03000020980835,6.03000020980835,1300.0
2024-03-01 10:03:00,KPTI,1.149899959564209,1.149899959564209,1.149999976158142,1.1449999809265137,1.1449999809265137,1018.0
2024-03-01 10:03:00,KRYS,165.38999938964844,165.38999938964844,165.58999633789062,165.2100067138672,165.2100067138672,1324.0
2024-03-01 10:03:00,KYMR,43.439998626708984,43.439998626708984,43.439998626708984,43.43000030517578,43.43000030517578,1063.0
2024-03-01 10:03:00,LAB,2.265000104904175,2.265000104904175,2.2699999809265137,2.265000104904175,2.2699999809265137,2363.0
2024-03-01 10:03:00,LBPH,21.61870002746582,21.61870002746582,21.61870002746582,21.61870002746582,21.61870002746582,177.0
2024-03-01 10:03:00,LEXX,2.5999999046325684,2.5999999046325684,2.5999999046325684,2.5399999618530273,2.5399999618530273,267.0
2024-03-01 10:03:00,LFST,7.989999771118164,7.989999771118164,8.005000114440918,7.989999771118164,8.0,1962.0
2024-03-01 10:03:00,LIAN,4.860000133514404,4.860000133514404,4.860000133514404,4.860000133514404,4.860000133514404,708.0
2024-03-01 10:03:00,LIVN,54.625,54.625,54.625,54.59000015258789,54.59000015258789,615.0
2024-03-01 10:03:00,LNTH,65.75,65.75,65.7699966430664,65.6447982788086,65.6500015258789,1647.0
2024-03-01 10:03:00,LQDA,14.319999694824219,14.319999694824219,14.319999694824219,14.300000190734863,14.300000190734863,466.0
2024-03-01 10:03:00,LRMR,11.699999809265137,11.699999809265137,11.828700065612793,11.699999809265137,11.828700065612793,480.0
2024-03-01 10:03:00,LTRN,4.699999809265137,4.699999809265137,4.714700222015381,4.699999809265137,4.710000038146973,1685.0
2024-03-01 10:03:00,LVTX,3.075000047683716,3.075000047683716,3.119999885559082,3.0399999618530273,3.119999885559082,11814.0
2024-03-01 10:03:00,LXRX,2.4600000381469727,2.4600000381469727,2.4700000286102295,2.4600000381469727,2.4700000286102295,709.0
2024-03-01 10:03:00,LYEL,3.0799999237060547,3.0799999237060547,3.0799999237060547,3.069999933242798,3.069999933242798,2394.0
2024-03-01 10:03:00,MASI,126.52999877929688,126.52999877929688,126.52999877929688,126.16999816894531,126.16999816894531,1252.0
2024-03-01 10:03:00,MCRB,1.1749999523162842,1.1749999523162842,1.1799999475479126,1.1699999570846558,1.1699999570846558,17458.0
2024-03-01 10:03:00,MDGL,245.5749969482422,245.5749969482422,245.5749969482422,245.36000061035156,245.36000061035156,755.0
2024-03-01 10:03:00,MDGS,2.690000057220459,2.690000057220459,2.690000057220459,2.690000057220459,2.690000057220459,510.0
2024-03-01 10:03:00,MDRX,6.0,6.0,6.050000190734863,5.900000095367432,5.900000095367432,42569.0
2024-03-01 10:03:00,MDXG,8.505000114440918,8.505000114440918,8.510000228881836,8.5,8.5,1689.0
2024-03-01 10:03:00,MDXH,3.7200000286102295,3.7200000286102295,3.7200000286102295,3.7200000286102295,3.7200000286102295,500.0
2024-03-01 10:03:00,ME,0.552299976348877,0.552299976348877,0.5544000267982483,0.5521000027656555,0.552299976348877,5810.0
2024-03-01 10:03:00,MGNX,18.608699798583984,18.608699798583984,18.608699798583984,18.608699798583984,18.608699798583984,252.0
2024-03-01 10:03:00,MLTX,52.23500061035156,52.23500061035156,52.23500061035156,52.077301025390625,52.077301025390625,2137.0
2024-03-01 10:03:00,MNKD,4.410099983215332,4.410099983215332,4.410099983215332,4.400000095367432,4.400000095367432,6064.0
2024-03-01 10:03:00,MNMD,5.687900066375732,5.687900066375732,5.687900066375732,5.650000095367432,5.650000095367432,1728.0
2024-03-01 10:03:00,MNPR,0.7828999757766724,0.7828999757766724,0.7828999757766724,0.7828999757766724,0.7828999757766724,215.0
2024-03-01 10:03:00,MODD,1.909999966621399,1.909999966621399,1.9299999475479126,1.909999966621399,1.9101999998092651,6456.0
2024-03-01 10:03:00,MODV,27.469999313354492,27.469999313354492,27.469999313354492,27.344999313354492,27.344999313354492,752.0
2024-03-01 10:03:00,MOR,17.549999237060547,17.549999237060547,17.56999969482422,17.549999237060547,17.56999969482422,823.0
2024-03-01 10:03:00,MORF,38.150001525878906,38.150001525878906,38.150001525878906,38.150001525878906,38.150001525878906,131.0
2024-03-01 10:03:00,MREO,3.859999895095825,3.859999895095825,3.859999895095825,3.8350000381469727,3.8350000381469727,2329.0
2024-03-01 10:03:00,MRNA,94.05500030517578,94.05500030517578,94.0999984741211,93.80999755859375,93.88999938964844,6995.0
2024-03-01 10:03:00,MRSN,5.889200210571289,5.889200210571289,5.889200210571289,5.78000020980835,5.78000020980835,2684.0
2024-03-01 10:03:00,MRUS,48.83000183105469,48.83000183105469,48.900001525878906,48.665000915527344,48.72999954223633,5126.0
2024-03-01 10:03:00,MRVI,7.710000038146973,7.710000038146973,7.715000152587891,7.690000057220459,7.690000057220459,1459.0
2024-03-01 10:03:00,MXCT,4.639999866485596,4.639999866485596,4.639999866485596,4.635000228881836,4.635000228881836,532.0
2024-03-01 10:03:00,MYGN,21.170000076293945,21.170000076293945,21.170000076293945,21.170000076293945,21.170000076293945,130.0
2024-03-01 10:03:00,NARI,44.93000030517578,44.93000030517578,44.93000030517578,44.650001525878906,44.724998474121094,5758.0
2024-03-01 10:03:00,NAUT,2.7300000190734863,2.7300000190734863,2.7300000190734863,2.5999999046325684,2.5999999046325684,2520.0
2024-03-01 10:03:00,NBIX,130.72500610351562,130.72500610351562,130.80999755859375,130.61000061035156,130.61000061035156,1432.0
2024-03-01 10:03:00,NEOG,16.940000534057617,16.940000534057617,16.940000534057617,16.920000076293945,16.920000076293945,578.0
2024-03-01 10:03:00,NEXI,6.5,6.5,6.5,6.5,6.5,200.0
2024-03-01 10:03:00,NKTR,0.7200000286102295,0.7200000286102295,0.7200000286102295,0.7200000286102295,0.7200000286102295,1748.0
2024-03-01 10:03:00,NKTX,12.229999542236328,12.229999542236328,12.229999542236328,12.194999694824219,12.194999694824219,497.0
2024-03-01 10:03:00,NNOX,11.15999984741211,11.15999984741211,11.170000076293945,11.100000381469727,11.109999656677246,7307.0
2024-03-01 10:03:00,NRIX,12.755000114440918,12.755000114440918,12.755000114440918,12.75,12.75,300.0
2024-03-01 10:03:00,NRXP,0.4124999940395355,0.4124999940395355,0.41600000858306885,0.4101000130176544,0.41600000858306885,12260.0
2024-03-01 10:03:00,NRXPW,0.1598999947309494,0.1598999947309494,0.1599999964237213,0.15839999914169312,0.15839999914169312,0.0
2024-03-01 10:03:00,NTLA,33.04999923706055,33.04999923706055,33.04999923706055,32.86000061035156,32.86000061035156,4451.0
2024-03-01 10:03:00,NTRA,89.08999633789062,89.08999633789062,89.08999633789062,88.79000091552734,88.79000091552734,4831.0
2024-03-01 10:03:00,NVAX,4.989999771118164,4.989999771118164,5.005000114440918,4.96999979019165,4.96999979019165,17485.0
2024-03-01 10:03:00,NVCR,15.395000457763672,15.395000457763672,15.395000457763672,15.369999885559082,15.369999885559082,717.0
2024-03-01 10:03:00,NVCT,10.350000381469727,10.350000381469727,10.375,10.250100135803223,10.375,3505.0
2024-03-01 10:03:00,NVNO,6.21999979019165,6.21999979019165,6.21999979019165,6.21999979019165,6.21999979019165,3800.0
2024-03-01 10:03:00,NXLIW,0.016699999570846558,0.016699999570846558,0.016699999570846558,0.016699999570846558,0.016699999570846558,1801.0
2024-03-01 10:03:00,NXTC,1.7100000381469727,1.7100000381469727,1.7100000381469727,1.7100000381469727,1.7100000381469727,200.0
2024-03-01 10:03:00,OCGN,0.9197999835014343,0.9197999835014343,0.9197999835014343,0.9106000065803528,0.9150000214576721,70265.0
2024-03-01 10:03:00,OCUL,10.289899826049805,10.289899826049805,10.335000038146973,10.279999732971191,10.300000190734863,4054.0
2024-03-01 10:03:00,OFIX,12.9399995803833,12.9399995803833,12.9399995803833,12.9399995803833,12.9399995803833,346.0
2024-03-01 10:03:00,OGI,2.0850000381469727,2.0850000381469727,2.0850000381469727,2.0850000381469727,2.0850000381469727,409.0
2024-03-01 10:03:00,OLK,22.469999313354492,22.469999313354492,22.479999542236328,22.450000762939453,22.479999542236328,2060.0
2024-03-01 10:03:00,OM,3.005000114440918,3.005000114440918,3.009999990463257,3.0,3.0,2103.0
2024-03-01 10:03:00,OMER,4.699999809265137,4.699999809265137,4.699999809265137,4.699999809265137,4.699999809265137,1241.0
2024-03-01 10:03:00,ONCY,1.080899953842163,1.080899953842163,1.089900016784668,1.0800000429153442,1.089900016784668,0.0
2024-03-01 10:04:00,ABCL,5.099999904632568,5.099999904632568,5.110000133514404,5.099999904632568,5.099999904632568,1494.0
2024-03-01 10:04:00,ABEO,7.429999828338623,7.429999828338623,7.460000038146973,7.392099857330322,7.392099857330322,3373.0
2024-03-01 10:04:00,ABOS,4.519999980926514,4.519999980926514,4.519999980926514,4.5,4.5,2913.0
2024-03-01 10:04:00,ABSI,5.119999885559082,5.119999885559082,5.139999866485596,5.119999885559082,5.130000114440918,1562.0
2024-03-01 10:04:00,ABUS,2.7764999866485596,2.7764999866485596,2.7764999866485596,2.7764999866485596,2.7764999866485596,635.0
2024-03-01 10:04:00,ABVC,1.1799999475479126,1.1799999475479126,1.1799999475479126,1.1799999475479126,1.1799999475479126,254.0
2024-03-01 10:04:00,ACAD,23.389999389648438,23.389999389648438,23.440000534057617,23.3700008392334,23.415000915527344,3930.0
2024-03-01 10:04:00,ACB,3.009999990463257,3.009999990463257,3.0197999477386475,3.009999990463257,3.015000104904175,963.0
2024-03-01 10:04:00,ACCD,10.140000343322754,10.140000343322754,10.149999618530273,10.140000343322754,10.149999618530273,1456.0
2024-03-01 10:04:00,ACET,2.3554000854492188,2.3554000854492188,2.3554000854492188,2.3554000854492188,2.3554000854492188,355.0
2024-03-01 10:04:00,ACHC,82.83999633789062,82.83999633789062,82.9000015258789,82.81999969482422,82.9000015258789,1034.0
2024-03-01 10:04:00,ACHL,1.399899959564209,1.399899959564209,1.399999976158142,1.3899999856948853,1.399999976158142,0.0
2024-03-01 10:04:00,ACLX,68.91999816894531,68.91999816894531,69.16000366210938,68.9000015258789,69.0,6700.0
2024-03-01 10:04:00,ACRS,1.25,1.25,1.25,1.2400000095367432,1.25,2182.0
2024-03-01 10:04:00,ADIL,3.390000104904175,3.390000104904175,3.440000057220459,3.3299999237060547,3.3299999237060547,362799.0
2024-03-01 10:04:00,ADMA,5.355000019073486,5.355000019073486,5.355000019073486,5.350500106811523,5.350500106811523,547.0
2024-03-01 10:04:00,ADPT,4.059999942779541,4.059999942779541,4.065000057220459,4.059999942779541,4.059999942779541,2542.0
2024-03-01 10:04:00,ADVM,1.9500000476837158,1.9500000476837158,1.9599000215530396,1.9500000476837158,1.9599000215530396,1930.0
2024-03-01 10:04:00,AGEN,0.6790000200271606,0.6790000200271606,0.6797999739646912,0.6780999898910522,0.6780999898910522,13908.0
2024-03-01 10:04:00,AGIO,32.59000015258789,32.59000015258789,32.630001068115234,32.54499816894531,32.54499816894531,3173.0
2024-03-01 10:04:00,AHCO,10.34000015258789,10.34000015258789,10.369999885559082,10.34000015258789,10.359999656677246,1602.0
2024-03-01 10:04:00,AIMD,1.0299999713897705,1.0299999713897705,1.0299999713897705,1.0299999713897705,1.0299999713897705,400.0
2024-03-01 10:04:00,AKAN,0.263700008392334,0.263700008392334,0.263700008392334,0.2630999982357025,0.2630999982357025,1344.0
2024-03-01 10:04:00,AKBA,1.6411000490188599,1.6411000490188599,1.6449999809265137,1.6399999856948853,1.6449999809265137,4967.0
2024-03-01 10:04:00,AKLI,0.34200000762939453,0.34200000762939453,0.34200000762939453,0.34200000762939453,0.34200000762939453,267.0
2024-03-01 10:04:00,AKRO,27.985000610351562,27.985000610351562,28.049999237060547,27.959999084472656,28.0,4285.0
2024-03-01 10:04:00,ALDX,3.989799976348877,3.989799976348877,4.005000114440918,3.9811999797821045,3.994999885559082,12066.0
2024-03-01 10:04:00,ALGN,297.32000732421875,297.32000732421875,298.239990234375,297.32000732421875,298.239990234375,2893.0
2024-03-01 10:04:00,ALHC,6.010000228881836,6.010000228881836,6.025000095367432,6.0,6.0,4602.0
2024-03-01 10:04:00,ALKS,29.959999084472656,29.959999084472656,29.979999542236328,29.959999084472656,29.979999542236328,769.0
2024-03-01 10:04:00,ALLK,1.5700000524520874,1.5700000524520874,1.5700000524520874,1.565000057220459,1.565000057220459,246.0
2024-03-01 10:04:00,ALLO,4.989999771118164,4.989999771118164,5.0,4.989999771118164,5.0,2309.0
2024-03-01 10:04:00,ALLR,0.41990000009536743,0.41990000009536743,0.41990000009536743,0.41990000009536743,0.41990000009536743,7994.0
2024-03-01 10:04:00,ALPN,36.35499954223633,36.35499954223633,36.35499954223633,36.35499954223633,36.35499954223633,291.0
2024-03-01 10:04:00,ALT,12.109999656677246,12.109999656677246,12.119999885559082,12.071000099182129,12.079999923706055,12260.0
2024-03-01 10:04:00,ALVR,0.75,0.75,0.75,0.7409999966621399,0.7409999966621399,102.0
2024-03-01 10:04:00,AMED,93.48999786376953,93.48999786376953,93.5,93.48999786376953,93.5,587.0
2024-03-01 10:04:00,AMGN,278.0199890136719,278.0199890136719,278.0899963378906,277.7900085449219,277.79998779296875,6366.0
2024-03-01 10:04:00,AMLX,18.93000030517578,18.93000030517578,18.959999084472656,18.920000076293945,18.924999237060547,2658.0
2024-03-01 10:04:00,AMPH,46.47999954223633,46.47999954223633,46.54999923706055,46.474998474121094,46.4900016784668,2349.0
2024-03-01 10:04:00,AMRN,1.0211999416351318,1.0211999416351318,1.024999976158142,1.0199999809265137,1.0199999809265137,2770.0
2024-03-01 10:04:00,ANGO,5.304999828338623,5.304999828338623,5.304999828338623,5.295000076293945,5.298799991607666,2379.0
2024-03-01 10:04:00,ANNX,5.889999866485596,5.889999866485596,5.900000095367432,5.875,5.900000095367432,31481.0
2024-03-01 10:04:00,APLS,62.459999084472656,62.459999084472656,62.650001525878906,62.43000030517578,62.630001068115234,3472.0
2024-03-01 10:04:00,APLT,7.46999979019165,7.46999979019165,7.510000228881836,7.460000038146973,7.480000019073486,2877.0
2024-03-01 10:04:00,AQST,4.130000114440918,4.130000114440918,4.169899940490723,4.130000114440918,4.159999847412109,9626.0
2024-03-01 10:04:00,ARAY,2.5999999046325684,2.5999999046325684,2.5999999046325684,2.5899999141693115,2.5899999141693115,552.0
2024-03-01 10:04:00,ARCT,40.33000183105469,40.33000183105469,40.33000183105469,40.33000183105469,40.33000183105469,240.0
2024-03-01 10:04:00,ARDX,9.680000305175781,9.680000305175781,9.720000267028809,9.680000305175781,9.699999809265137,20827.0
2024-03-01 10:04:00,ARQT,11.010000228881836,11.010000228881836,11.055000305175781,10.949999809265137,10.949999809265137,21719.0
2024-03-01 10:04:00,ARTL,1.519700050354004,1.519700050354004,1.519700050354004,1.519700050354004,1.519700050354004,1406.0
2024-03-01 10:04:00,ARVN,50.28499984741211,50.28499984741211,50.28499984741211,50.099998474121094,50.099998474121094,859.0
2024-03-01 10:04:00,ARWR,34.150001525878906,34.150001525878906,34.150001525878906,34.08000183105469,34.095001220703125,1183.0
2024-03-01 10:04:00,ASND,148.52999877929688,148.52999877929688,148.52999877929688,148.52999877929688,148.52999877929688,526.0
2024-03-01 10:04:00,ATAI,1.9550000429153442,1.9550000429153442,1.9550000429153442,1.9550000429153442,1.9550000429153442,2954.0
2024-03-01 10:04:00,ATEC,13.167499542236328,13.167499542236328,13.255000114440918,13.164999961853027,13.234999656677246,5277.0
2024-03-01 10:04:00,ATHA,3.890000104904175,3.890000104904175,3.9000000953674316,3.890000104904175,3.9000000953674316,259.0
2024-03-01 10:04:00,ATRA,0.786899983882904,0.786899983882904,0.7870000004768372,0.7702999711036682,0.786899983882904,3543.0
2024-03-01 10:04:00,ATRC,35.005001068115234,35.005001068115234,35.040000915527344,35.005001068115234,35.040000915527344,348.0
2024-03-01 10:04:00,ATXI,0.1527000069618225,0.1527000069618225,0.1534000039100647,0.1527000069618225,0.1534000039100647,1021.0
2024-03-01 10:04:00,ATXS,14.699999809265137,14.699999809265137,14.699999809265137,14.670000076293945,14.699999809265137,1525.0
2024-03-01 10:04:00,AUPH,5.695000171661377,5.695000171661377,5.695000171661377,5.695000171661377,5.695000171661377,145.0
2024-03-01 10:04:00,AUTL,6.199999809265137,6.199999809265137,6.204999923706055,6.199999809265137,6.199999809265137,5068.0
2024-03-01 10:04:00,AVDL,12.890000343322754,12.890000343322754,12.954999923706055,12.880000114440918,12.954999923706055,7128.0
2024-03-01 10:04:00,AVIR,4.329999923706055,4.329999923706055,4.329999923706055,4.329999923706055,4.329999923706055,449.0
2024-03-01 10:04:00,AVXL,5.234600067138672,5.234600067138672,5.235000133514404,5.234600067138672,5.235000133514404,383.0
2024-03-01 10:04:00,AXSM,83.08000183105469,83.08000183105469,83.08000183105469,82.94999694824219,82.94999694824219,749.0
2024-03-01 10:04:00,AZN,64.0999984741211,64.0999984741211,64.16000366210938,64.0999984741211,64.12000274658203,5545.0
2024-03-01 10:04:00,AZTA,65.40499877929688,65.40499877929688,65.41999816894531,65.40499877929688,65.41999816894531,329.0
2024-03-01 10:04:00,BBIO,35.3650016784668,35.3650016784668,35.41999816894531,35.310001373291016,35.310001373291016,1313.0
2024-03-01 10:04:00,BBLG,2.3861000537872314,2.3861000537872314,2.4100000858306885,2.3399999141693115,2.3589999675750732,6784.0
2024-03-01 10:04:00,BCRX,5.684999942779541,5.684999942779541,5.695000171661377,5.684999942779541,5.690000057220459,1296.0
2024-03-01 10:04:00,BDSX,1.690000057220459,1.690000057220459,1.7000000476837158,1.690000057220459,1.6990000009536743,5997.0
2024-03-01 10:04:00,BDTX,5.329999923706055,5.329999923706055,5.329999923706055,5.324999809265137,5.324999809265137,423.0
2024-03-01 10:04:00,BEAM,40.099998474121094,40.099998474121094,40.119998931884766,40.0,40.0,1246.0
2024-03-01 10:04:00,BGNE,163.8000030517578,163.8000030517578,163.8000030517578,163.8000030517578,163.8000030517578,472.0
2024-03-01 10:04:00,BGXX,0.2700999975204468,0.2700999975204468,0.2700999975204468,0.2700999975204468,0.2700999975204468,104.0
2024-03-01 10:04:00,BIIB,218.77000427246094,218.77000427246094,218.77000427246094,218.5399932861328,218.5399932861328,1008.0
2024-03-01 10:04:00,BIOL,0.13850000500679016,0.13850000500679016,0.13899999856948853,0.13840000331401825,0.13899999856948853,24500.0
2024-03-01 10:04:00,BIVI,2.765000104904175,2.765000104904175,2.799999952316284,2.65310001373291,2.700000047683716,236358.0
2024-03-01 10:04:00,BLFS,17.1299991607666,17.1299991607666,17.1299991607666,17.1299991607666,17.1299991607666,200.0
2024-03-01 10:04:00,BLUE,1.565000057220459,1.565000057220459,1.5700000524520874,1.5600999593734741,1.565000057220459,14929.0
2024-03-01 10:04:00,BMRN,86.06999969482422,86.06999969482422,86.16000366210938,86.05999755859375,86.05999755859375,1983.0
2024-03-01 10:04:00,BNGO,1.2300000190734863,1.2300000190734863,1.23989999294281,1.2300000190734863,1.2300000190734863,15520.0
2024-03-01 10:04:00,BNR,0.8828999996185303,0.8828999996185303,0.8828999996185303,0.8720999956130981,0.8720999956130981,200.0
2024-03-01 10:04:00,BNTX,90.48999786376953,90.48999786376953,90.70999908447266,90.48999786376953,90.69000244140625,3523.0
2024-03-01 10:04:00,BPMC,96.87999725341797,96.87999725341797,96.9000015258789,96.43000030517578,96.43000030517578,7915.0
2024-03-01 10:04:00,BPTH,5.96999979019165,5.96999979019165,5.96999979019165,5.96999979019165,5.96999979019165,481.0
2024-03-01 10:04:00,BRKR,86.90499877929688,86.90499877929688,86.90499877929688,86.90499877929688,86.90499877929688,208.0
2024-03-01 10:04:00,BRTX,1.5298999547958374,1.5298999547958374,1.5298999547958374,1.5099999904632568,1.5099999904632568,3235.0
2024-03-01 10:04:00,BTTX,0.16349999606609344,0.16349999606609344,0.16349999606609344,0.16349999606609344,0.16349999606609344,20000.0
2024-03-01 10:04:00,BYSI,1.3899999856948853,1.3899999856948853,1.3899999856948853,1.3899999856948853,1.3899999856948853,553.0
2024-03-01 10:04:00,CABA,24.420000076293945,24.420000076293945,24.549999237060547,24.420000076293945,24.459999084472656,3505.0
2024-03-01 10:04:00,CAPR,4.59499979019165,4.59499979019165,4.619999885559082,4.559999942779541,4.559999942779541,14058.0
2024-03-01 10:04:00,CARA,0.8700000047683716,0.8700000047683716,0.8700000047683716,0.8700000047683716,0.8700000047683716,410.0
2024-03-01 10:04:00,CBAY,32.244998931884766,32.244998931884766,32.244998931884766,32.2400016784668,32.2400016784668,4969.0
2024-03-01 10:04:00,CCCC,10.979999542236328,10.979999542236328,11.068099975585938,10.979999542236328,11.0,11408.0
2024-03-01 10:04:00,CDMO,7.820000171661377,7.820000171661377,7.820000171661377,7.820000171661377,7.820000171661377,790.0
2024-03-01 10:04:00,CDNA,11.680000305175781,11.680000305175781,11.819999694824219,11.670000076293945,11.819999694824219,5366.0
2024-03-01 10:04:00,CDXS,4.320000171661377,4.320000171661377,4.355000019073486,4.320000171661377,4.349999904632568,1243.0
2024-03-01 10:04:00,CERE,41.119998931884766,41.119998931884766,41.125,41.119998931884766,41.125,309.0
2024-03-01 10:04:00,CERS,2.180000066757202,2.180000066757202,2.190000057220459,2.180000066757202,2.190000057220459,904.0
2024-03-01 10:04:00,CERT,17.920000076293945,17.920000076293945,17.920000076293945,17.860000610351562,17.915000915527344,18965.0
2024-03-01 10:04:00,CGC,3.174999952316284,3.174999952316284,3.180000066757202,3.171099901199341,3.180000066757202,4363.0
2024-03-01 10:04:00,CGEM,18.75,18.75,18.75,18.75,18.75,100.0
2024-03-01 10:04:00,CHRS,2.325000047683716,2.325000047683716,2.3299999237060547,2.325000047683716,2.325000047683716,4384.0
2024-03-01 10:04:00,CING,1.225000023841858,1.225000023841858,1.25,1.2000000476837158,1.25,4645.0
2024-03-01 10:04:00,CKPT,2.1315999031066895,2.1315999031066895,2.1619999408721924,2.1315999031066895,2.1619999408721924,4966.0
2024-03-01 10:04:00,CLDX,50.70000076293945,50.70000076293945,50.779998779296875,50.599998474121094,50.779998779296875,8511.0
2024-03-01 10:04:00,CLNN,0.3873000144958496,0.3873000144958496,0.3873000144958496,0.3864000141620636,0.3871999979019165,7271.0
2024-03-01 10:04:00,CLOV,0.859499990940094,0.859499990940094,0.8596000075340271,0.8590999841690063,0.8593999743461609,23244.0
2024-03-01 10:04:00,CLPT,6.4079999923706055,6.4079999923706055,6.4079999923706055,6.4079999923706055,6.4079999923706055,5115.0
2024-03-01 10:04:00,CLRB,4.050000190734863,4.050000190734863,4.050000190734863,4.0370001792907715,4.0370001792907715,3281.0
2024-03-01 10:04:00,CMPS,10.529999732971191,10.529999732971191,10.529999732971191,10.529999732971191,10.529999732971191,204.0
2024-03-01 10:04:00,CMPX,1.7899999618530273,1.7899999618530273,1.840000033378601,1.7899999618530273,1.840000033378601,5189.0
2024-03-01 10:04:00,CMRX,1.1201000213623047,1.1201000213623047,1.1201000213623047,1.1201000213623047,1.1201000213623047,9998.0
2024-03-01 10:04:00,CNTA,10.600000381469727,10.600000381469727,10.600000381469727,10.529999732971191,10.550000190734863,2380.0
2024-03-01 10:04:00,COGT,7.269999980926514,7.269999980926514,7.269999980926514,7.25,7.25,1166.0
2024-03-01 10:04:00,CORT,23.540000915527344,23.540000915527344,23.540000915527344,23.520000457763672,23.530000686645508,625.0
2024-03-01 10:04:00,CPRX,16.739999771118164,16.739999771118164,16.84000015258789,16.739999771118164,16.825000762939453,5862.0
2024-03-01 10:04:00,CRBP,31.459999084472656,31.459999084472656,31.459999084472656,31.459999084472656,31.459999084472656,654.0
2024-03-01 10:04:00,CRBU,8.079999923706055,8.079999923706055,8.109999656677246,8.079999923706055,8.104999542236328,2147.0
2024-03-01 10:04:00,CRDF,2.5099000930786133,2.5099000930786133,2.5999999046325684,2.4600000381469727,2.589600086212158,232264.0
2024-03-01 10:04:00,CRMD,3.609999895095825,3.609999895095825,3.609999895095825,3.5999999046325684,3.5999999046325684,13555.0
2024-03-01 10:04:00,CRNX,44.689998626708984,44.689998626708984,44.85499954223633,44.689998626708984,44.834999084472656,2016.0
2024-03-01 10:04:00,CRON,2.030100107192993,2.030100107192993,2.030100107192993,2.030100107192993,2.030100107192993,5108.0
2024-03-01 10:04:00,CRSP,85.56999969482422,85.56999969482422,85.93499755859375,85.56999969482422,85.68000030517578,5737.0
2024-03-01 10:04:00,CTXR,0.7702999711036682,0.7702999711036682,0.7702999711036682,0.7702999711036682,0.7702999711036682,599.0
2024-03-01 10:04:00,CUE,2.0899999141693115,2.0899999141693115,2.0924999713897705,2.0899999141693115,2.0924999713897705,611.0
2024-03-01 10:04:00,CUTR,2.2808001041412354,2.2808001041412354,2.2808001041412354,2.2808001041412354,2.2808001041412354,1015.0
2024-03-01 10:04:00,CVAC,3.440000057220459,3.440000057220459,3.450000047683716,3.440000057220459,3.450000047683716,900.0
2024-03-01 10:04:00,CVRX,19.780000686645508,19.780000686645508,19.780000686645508,19.780000686645508,19.780000686645508,120.0
2024-03-01 10:04:00,CYT,3.1036999225616455,3.1036999225616455,3.1036999225616455,3.1036999225616455,3.1036999225616455,742.0
2024-03-01 10:04:00,CYTK,74.56320190429688,74.56320190429688,74.95999908447266,74.5199966430664,74.88999938964844,7101.0
2024-03-01 10:04:00,DARE,0.5799000263214111,0.5799000263214111,0.5799000263214111,0.5799000263214111,0.5799000263214111,4200.0
2024-03-01 10:04:00,DAWN,16.981700897216797,16.981700897216797,16.981700897216797,16.981700897216797,16.981700897216797,196.0
2024-03-01 10:04:00,DCGO,4.059999942779541,4.059999942779541,4.059999942779541,4.059999942779541,4.059999942779541,261.0
2024-03-01 10:04:00,DMTK,0.9196000099182129,0.9196000099182129,0.919700026512146,0.8999999761581421,0.9182999730110168,5983.0
2024-03-01 10:04:00,DNLI,20.625,20.625,20.65999984741211,20.610000610351562,20.65999984741211,1366.0
2024-03-01 10:04:00,DSGN,2.815000057220459,2.815000057220459,2.819999933242798,2.815000057220459,2.819999933242798,631.0
2024-03-01 10:04:00,DTIL,12.828700065612793,12.828700065612793,12.850000381469727,12.824999809265137,12.824999809265137,1979.0
2024-03-01 10:04:00,DVAX,12.696000099182129,12.696000099182129,12.729999542236328,12.696000099182129,12.729999542236328,2394.0
2024-03-01 10:04:00,DXCM,116.30750274658203,116.30750274658203,116.62999725341797,116.2750015258789,116.52749633789062,7295.0
2024-03-01 10:04:00,DYN,29.719999313354492,29.719999313354492,29.899999618530273,29.719999313354492,29.78499984741211,4056.0
2024-03-01 10:04:00,EDIT,10.550000190734863,10.550000190734863,10.579999923706055,10.550000190734863,10.550000190734863,2105.0
2024-03-01 10:04:00,EFTR,14.635000228881836,14.635000228881836,14.635000228881836,14.569499969482422,14.569499969482422,846.0
2024-03-01 10:04:00,EGRX,6.269999980926514,6.269999980926514,6.269999980926514,6.269999980926514,6.269999980926514,1553.0
2024-03-01 10:04:00,ELEV,4.739999771118164,4.739999771118164,4.739999771118164,4.650000095367432,4.650000095367432,9984.0
2024-03-01 10:04:00,EMBC,14.350000381469727,14.350000381469727,14.350000381469727,14.350000381469727,14.350000381469727,350.0
2024-03-01 10:04:00,ENLV,3.130000114440918,3.130000114440918,3.130000114440918,3.130000114440918,3.130000114440918,1304.0
2024-03-01 10:04:00,ENSG,123.95999908447266,123.95999908447266,123.95999908447266,123.95999908447266,123.95999908447266,292.0
2024-03-01 10:04:00,ENTA,14.78499984741211,14.78499984741211,14.78499984741211,14.78499984741211,14.78499984741211,188.0
2024-03-01 10:04:00,ENVB,1.6200000047683716,1.6200000047683716,1.6200000047683716,1.590000033378601,1.6200000047683716,7299.0
2024-03-01 10:04:00,EOLS,14.835000038146973,14.835000038146973,14.84000015258789,14.835000038146973,14.84000015258789,824.0
2024-03-01 10:04:00,ESPR,2.5199999809265137,2.5199999809265137,2.5250000953674316,2.5199999809265137,2.5250000953674316,1203.0
2024-03-01 10:04:00,ETNB,12.425000190734863,12.425000190734863,12.4399995803833,12.369999885559082,12.369999885559082,2931.0
2024-03-01 10:04:00,EWTX,16.334999084472656,16.334999084472656,16.360000610351562,16.309999465942383,16.309999465942383,1357.0
2024-03-01 10:04:00,EXAI,6.739999771118164,6.739999771118164,6.75,6.739999771118164,6.75,559.0
2024-03-01 10:04:00,EXAS,58.58000183105469,58.58000183105469,58.755001068115234,58.58000183105469,58.71500015258789,1541.0
2024-03-01 10:04:00,EXEL,22.399999618530273,22.399999618530273,22.449899673461914,22.395000457763672,22.449899673461914,7709.0
2024-03-01 10:04:00,EYEN,2.100100040435791,2.100100040435791,2.100100040435791,2.100100040435791,2.100100040435791,1688.0
2024-03-01 10:04:00,EYPT,28.045000076293945,28.045000076293945,28.045000076293945,28.020000457763672,28.020000457763672,1124.0
2024-03-01 10:04:00,FATE,7.40500020980835,7.40500020980835,7.449999809265137,7.40500020980835,7.429500102996826,2058.0
2024-03-01 10:04:00,FBIO,2.191499948501587,2.191499948501587,2.191499948501587,2.191499948501587,2.191499948501587,1992.0
2024-03-01 10:04:00,FDMT,29.399999618530273,29.399999618530273,29.489999771118164,29.389999389648438,29.489999771118164,771.0
2024-03-01 10:04:00,FEMY,1.6938999891281128,1.6938999891281128,1.6938999891281128,1.6938999891281128,1.6938999891281128,10810.0
2024-03-01 10:04:00,FENC,9.630000114440918,9.630000114440918,9.630000114440918,9.630000114440918,9.630000114440918,766.0
2024-03-01 10:04:00,FGEN,1.7450000047683716,1.7450000047683716,1.7450000047683716,1.7450000047683716,1.7450000047683716,200.0
2024-03-01 10:04:00,FLGT,23.0049991607666,23.0049991607666,23.010000228881836,22.940000534057617,22.940000534057617,2351.0
2024-03-01 10:04:00,FOLD,13.390000343322754,13.390000343322754,13.449999809265137,13.390000343322754,13.449999809265137,764.0
2024-03-01 10:04:00,FULC,10.449999809265137,10.449999809265137,10.449999809265137,10.444999694824219,10.449999809265137,1109.0
2024-03-01 10:04:00,FWBI,8.1899995803833,8.1899995803833,8.1899995803833,8.1899995803833,8.1899995803833,1842.0
2024-03-01 10:04:00,GBIO,2.494999885559082,2.494999885559082,2.509999990463257,2.494999885559082,2.494999885559082,1139.0
2024-03-01 10:04:00,GDRX,8.34000015258789,8.34000015258789,8.375,8.324999809265137,8.364999771118164,7195.0
2024-03-01 10:04:00,GERN,2.0950000286102295,2.0950000286102295,2.0999999046325684,2.090100049972534,2.099900007247925,14410.0
2024-03-01 10:04:00,GH,18.950000762939453,18.950000762939453,19.014999389648438,18.950000762939453,19.014999389648438,1478.0
2024-03-01 10:04:00,GILD,72.48999786376953,72.48999786376953,72.55500030517578,72.48999786376953,72.55500030517578,8931.0
2024-03-01 10:04:00,GLPG,35.06999969482422,35.06999969482422,35.06999969482422,35.06999969482422,35.06999969482422,309.0
2024-03-01 10:04:00,GLTO,0.7228000164031982,0.7228000164031982,0.7228000164031982,0.7228000164031982,0.7228000164031982,138.0
2024-03-01 10:04:00,GMAB,28.68000030517578,28.68000030517578,28.700000762939453,28.68000030517578,28.68000030517578,1174.0
2024-03-01 10:04:00,GMDA,0.3765000104904175,0.3765000104904175,0.3765000104904175,0.3765000104904175,0.3765000104904175,301.0
2024-03-01 10:04:00,GNFT,3.4900999069213867,3.4900999069213867,3.4900999069213867,3.4900999069213867,3.4900999069213867,2845.0
2024-03-01 10:04:00,GOSS,1.340000033378601,1.340000033378601,1.3450000286102295,1.340000033378601,1.340000033378601,11521.0
2024-03-01 10:04:00,GRFS,6.724999904632568,6.724999904632568,6.75,6.724999904632568,6.739999771118164,4020.0
2024-03-01 10:04:00,GRPH,3.490000009536743,3.490000009536743,3.490000009536743,3.490000009536743,3.490000009536743,1067.0
2024-03-01 10:04:00,GRTS,2.005000114440918,2.005000114440918,2.0450000762939453,2.0,2.0299999713897705,7990.0
2024-03-01 10:04:00,GRTX,0.22699999809265137,0.22699999809265137,0.22699999809265137,0.22699999809265137,0.22699999809265137,390.0
2024-03-01 10:04:00,GTHX,3.4149999618530273,3.4149999618530273,3.4198999404907227,3.4149999618530273,3.4198999404907227,1401.0
2024-03-01 10:04:00,HALO,40.98500061035156,40.98500061035156,41.0099983215332,40.970001220703125,41.0,2778.0
2024-03-01 10:04:00,HARP,22.940000534057617,22.940000534057617,22.940000534057617,22.940000534057617,22.940000534057617,4618.0
2024-03-01 10:04:00,HCAT,8.079999923706055,8.079999923706055,8.079999923706055,8.069999694824219,8.079999923706055,2126.0
2024-03-01 10:04:00,HCSG,12.581000328063965,12.581000328063965,12.609999656677246,12.581000328063965,12.60099983215332,1328.0
2024-03-01 10:04:00,HCTI,2.4214000701904297,2.4214000701904297,2.450000047683716,2.359999895095825,2.359999895095825,5901.0
2024-03-01 10:04:00,HLTH,0.2676999866962433,0.2676999866962433,0.2676999866962433,0.2676999866962433,0.2676999866962433,0.0
2024-03-01 10:04:00,HOLX,73.56999969482422,73.56999969482422,73.6500015258789,73.56999969482422,73.6500015258789,1289.0
2024-03-01 10:04:00,HQY,82.22000122070312,82.22000122070312,82.22000122070312,82.19999694824219,82.19999694824219,557.0
2024-03-01 10:04:00,HRMY,31.559999465942383,31.559999465942383,31.559999465942383,31.530000686645508,31.530000686645508,592.0
2024-03-01 10:04:00,HRTX,2.609100103378296,2.609100103378296,2.6191000938415527,2.609100103378296,2.6101999282836914,3274.0
2024-03-01 10:04:00,HSDT,4.789999961853027,4.789999961853027,4.789999961853027,4.789999961853027,4.789999961853027,1159.0
2024-03-01 10:04:00,HSIC,77.0199966430664,77.0199966430664,77.20999908447266,77.0199966430664,77.03500366210938,3555.0
2024-03-01 10:04:00,HUMA,3.0899999141693115,3.0899999141693115,3.0950000286102295,3.0799999237060547,3.0897998809814453,56435.0
2024-03-01 10:04:00,IART,36.5,36.5,36.70000076293945,36.5,36.665000915527344,4448.0
2024-03-01 10:04:00,IBRX,4.978799819946289,4.978799819946289,4.978799819946289,4.949999809265137,4.949999809265137,21440.0
2024-03-01 10:04:00,ICUI,104.80000305175781,104.80000305175781,104.80000305175781,104.80000305175781,104.80000305175781,648.0
2024-03-01 10:04:00,IDYA,45.959999084472656,45.959999084472656,45.959999084472656,45.939998626708984,45.939998626708984,428.0
2024-03-01 10:04:00,IINN,1.6299999952316284,1.6299999952316284,1.649999976158142,1.6299999952316284,1.6399999856948853,11202.0
2024-03-01 10:04:00,ILMN,137.02999877929688,137.02999877929688,137.16000366210938,136.83999633789062,137.16000366210938,1715.0
2024-03-01 10:04:00,IMAB,1.8597999811172485,1.8597999811172485,1.8600000143051147,1.850000023841858,1.8600000143051147,5169.0
2024-03-01 10:04:00,IMCC,0.3294999897480011,0.3294999897480011,0.3294999897480011,0.3294999897480011,0.3294999897480011,220.0
2024-03-01 10:04:00,IMCR,68.37999725341797,68.37999725341797,68.37999725341797,68.37999725341797,68.37999725341797,368.0
2024-03-01 10:04:00,IMMP,2.2799999713897705,2.2799999713897705,2.299999952316284,2.2799999713897705,2.291800022125244,3000.0
2024-03-01 10:04:00,IMTX,12.850000381469727,12.850000381469727,12.859999656677246,12.850000381469727,12.850000381469727,1004.0
2024-03-01 10:04:00,IMUX,1.4950000047683716,1.4950000047683716,1.4950000047683716,1.4900000095367432,1.4905999898910522,1151.0
2024-03-01 10:04:00,IMVT,36.91999816894531,36.91999816894531,36.97999954223633,36.91999816894531,36.97999954223633,436.0
2024-03-01 10:04:00,INBX,36.88869857788086,36.88869857788086,36.88869857788086,36.875,36.875,2208.0
2024-03-01 10:04:00,INCR,1.9509999752044678,1.9509999752044678,1.9600000381469727,1.9509999752044678,1.9600000381469727,315.0
2024-03-01 10:04:00,INCY,58.90999984741211,58.90999984741211,58.90999984741211,58.849998474121094,58.869998931884766,1977.0
2024-03-01 10:04:00,INKT,0.9204999804496765,0.9204999804496765,0.9204999804496765,0.9204999804496765,0.9204999804496765,14.0
2024-03-01 10:04:00,INMB,11.899999618530273,11.899999618530273,11.899999618530273,11.899999618530273,11.899999618530273,297.0
2024-03-01 10:04:00,INMD,22.6200008392334,22.6200008392334,22.636499404907227,22.59000015258789,22.600000381469727,7888.0
2024-03-01 10:04:00,INO,9.020000457763672,9.020000457763672,9.069999694824219,9.020000457763672,9.065400123596191,1105.0
2024-03-01 10:04:00,INSM,28.15999984741211,28.15999984741211,28.200000762939453,28.15999984741211,28.200000762939453,2368.0
2024-03-01 10:04:00,INVA,15.390000343322754,15.390000343322754,15.390000343322754,15.34000015258789,15.390000343322754,1690.0
2024-03-01 10:04:00,INZY,6.399700164794922,6.399700164794922,6.400000095367432,6.399700164794922,6.400000095367432,364.0
2024-03-01 10:04:00,IOBT,1.649999976158142,1.649999976158142,1.649999976158142,1.649999976158142,1.649999976158142,300.0
2024-03-01 10:04:00,IONS,45.380001068115234,45.380001068115234,45.380001068115234,45.334999084472656,45.334999084472656,302.0
2024-03-01 10:04:00,IOVA,16.78499984741211,16.78499984741211,16.93000030517578,16.78499984741211,16.860000610351562,16462.0
2024-03-01 10:04:00,IRTC,117.55000305175781,117.55000305175781,117.55000305175781,117.55000305175781,117.55000305175781,339.0
2024-03-01 10:04:00,IRWD,8.960000038146973,8.960000038146973,9.0,8.9399995803833,8.960000038146973,39593.0
2024-03-01 10:04:00,ISRG,386.80999755859375,386.80999755859375,387.3399963378906,386.739990234375,387.2099914550781,1834.0
2024-03-01 10:04:00,ITCI,71.36499786376953,71.36499786376953,71.36499786376953,71.36499786376953,71.36499786376953,496.0
2024-03-01 10:04:00,ITRM,1.223099946975708,1.223099946975708,1.223099946975708,1.223099946975708,1.223099946975708,1006.0
2024-03-01 10:04:00,IVVD,3.9600000381469727,3.9600000381469727,3.9600000381469727,3.950000047683716,3.950000047683716,1711.0
2024-03-01 10:04:00,JAGX,0.06920000165700912,0.06920000165700912,0.07190000265836716,0.06920000165700912,0.07100000232458115,758020.0
2024-03-01 10:04:00,JANX,48.185001373291016,48.185001373291016,48.189998626708984,47.75170135498047,48.189998626708984,3944.0
2024-03-01 10:04:00,JAZZ,120.65499877929688,120.65499877929688,120.77999877929688,120.65499877929688,120.77999877929688,1075.0
2024-03-01 10:04:00,JYNT,9.920000076293945,9.920000076293945,9.920000076293945,9.920000076293945,9.920000076293945,540.0
2024-03-01 10:04:00,KALV,14.039999961853027,14.039999961853027,14.039999961853027,13.960000038146973,13.960000038146973,1032.0
2024-03-01 10:04:00,KMDA,6.295000076293945,6.295000076293945,6.295000076293945,6.295000076293945,6.295000076293945,478.0
2024-03-01 10:04:00,KNSA,21.56999969482422,21.56999969482422,21.639999389648438,21.565000534057617,21.639999389648438,724.0
2024-03-01 10:04:00,KNTE,2.619999885559082,2.619999885559082,2.619999885559082,2.609999895095825,2.609999895095825,1700.0
2024-03-01 10:04:00,KOD,6.09499979019165,6.09499979019165,6.099999904632568,6.09499979019165,6.099999904632568,853.0
2024-03-01 10:04:00,KPTI,1.1549999713897705,1.1549999713897705,1.1549999713897705,1.1449999809265137,1.1449999809265137,3326.0
2024-03-01 10:04:00,KRON,1.0449999570846558,1.0449999570846558,1.0449999570846558,1.0449999570846558,1.0449999570846558,105.0
2024-03-01 10:04:00,KROS,69.02999877929688,69.02999877929688,69.11000061035156,68.99500274658203,69.0250015258789,1700.0
2024-03-01 10:04:00,KRTX,316.0199890136719,316.0199890136719,316.0199890136719,316.0199890136719,316.0199890136719,253.0
2024-03-01 10:04:00,KRYS,165.5749969482422,165.5749969482422,165.5749969482422,165.5749969482422,165.5749969482422,212.0
2024-03-01 10:04:00,KTRA,0.10350000113248825,0.10350000113248825,0.10350000113248825,0.10329999774694443,0.10329999774694443,545.0
2024-03-01 10:04:00,KURA,21.19499969482422,21.19499969482422,21.19499969482422,21.19499969482422,21.19499969482422,387.0
2024-03-01 10:04:00,KYMR,43.44499969482422,43.44499969482422,43.44499969482422,43.44499969482422,43.44499969482422,268.0
2024-03-01 10:04:00,LAB,2.265000104904175,2.265000104904175,2.265000104904175,2.255000114440918,2.259999990463257,3236.0
2024-03-01 10:04:00,LBPH,21.579999923706055,21.579999923706055,21.600000381469727,21.579999923706055,21.594999313354492,668.0
2024-03-01 10:04:00,LEGN,65.41999816894531,65.41999816894531,65.41999816894531,65.35990142822266,65.37000274658203,1294.0
2024-03-01 10:04:00,LEXX,2.509999990463257,2.509999990463257,2.5409998893737793,2.509999990463257,2.5409998893737793,9301.0
2024-03-01 10:04:00,LFST,7.990099906921387,7.990099906921387,8.0,7.989999771118164,8.0,2116.0
2024-03-01 10:04:00,LGND,80.31999969482422,80.31999969482422,80.31999969482422,80.31999969482422,80.31999969482422,221.0
2024-03-01 10:04:00,LIAN,4.860000133514404,4.860000133514404,4.860000133514404,4.860000133514404,4.860000133514404,1368.0
2024-03-01 10:04:00,LIFE,1.9199999570846558,1.9199999570846558,1.9199999570846558,1.9199999570846558,1.9199999570846558,0.0
2024-03-01 10:04:00,LIVN,54.630001068115234,54.630001068115234,54.630001068115234,54.630001068115234,54.630001068115234,367.0
2024-03-01 10:04:00,LQDA,14.319999694824219,14.319999694824219,14.319999694824219,14.319999694824219,14.319999694824219,376.0
2024-03-01 10:04:00,LRMR,11.5,11.5,11.59000015258789,11.5,11.550000190734863,6106.0
2024-03-01 10:04:00,LTRN,4.711699962615967,4.711699962615967,4.711699962615967,4.711699962615967,4.711699962615967,753.0
2024-03-01 10:04:00,LUNG,9.15999984741211,9.15999984741211,9.170000076293945,9.15999984741211,9.170000076293945,434.0
2024-03-01 10:04:00,LVTX,3.049999952316284,3.049999952316284,3.0999999046325684,3.049999952316284,3.0799999237060547,4956.0
2024-03-01 10:04:00,LYEL,3.069999933242798,3.069999933242798,3.075000047683716,3.069999933242798,3.0736000537872314,723.0
2024-03-01 10:04:00,MACK,14.70009994506836,14.70009994506836,14.70009994506836,14.70009994506836,14.70009994506836,214.0
2024-03-01 10:04:00,MASI,126.55000305175781,126.55000305175781,126.73999786376953,126.55000305175781,126.73999786376953,548.0
2024-03-01 10:04:00,MASS,6.960000038146973,6.960000038146973,6.960000038146973,6.960000038146973,6.960000038146973,409.0
2024-03-01 10:04:00,MCRB,1.1749999523162842,1.1749999523162842,1.1799999475479126,1.1749999523162842,1.1799999475479126,1517.0
2024-03-01 10:04:00,MDGL,245.39999389648438,245.39999389648438,246.375,245.39999389648438,245.97999572753906,1052.0
2024-03-01 10:04:00,MDRX,5.900000095367432,5.900000095367432,6.0,5.900000095367432,6.0,74102.0
2024-03-01 10:04:00,MDXG,8.494999885559082,8.494999885559082,8.5,8.494999885559082,8.5,785.0
2024-03-01 10:04:00,MDXH,3.7200000286102295,3.7200000286102295,3.7200000286102295,3.7200000286102295,3.7200000286102295,173.0
2024-03-01 10:04:00,ME,0.5522000193595886,0.5522000193595886,0.5544000267982483,0.5522000193595886,0.5544000267982483,4200.0
2024-03-01 10:04:00,MEDP,401.29998779296875,401.29998779296875,401.29998779296875,401.29998779296875,401.29998779296875,342.0
2024-03-01 10:04:00,MGNX,18.799999237060547,18.799999237060547,18.799999237060547,18.639999389648438,18.639999389648438,3681.0
2024-03-01 10:04:00,MGTX,6.216100215911865,6.216100215911865,6.216100215911865,6.216100215911865,6.216100215911865,401.0
2024-03-01 10:04:00,MIRM,29.389999389648438,29.389999389648438,29.395000457763672,29.350000381469727,29.395000457763672,437.0
2024-03-01 10:04:00,MIST,1.6950000524520874,1.6950000524520874,1.6950000524520874,1.6950000524520874,1.6950000524520874,200.0
2024-03-01 10:04:00,MLTX,52.20000076293945,52.20000076293945,52.20000076293945,52.20000076293945,52.20000076293945,309.0
2024-03-01 10:04:00,MMSI,75.9749984741211,75.9749984741211,76.05999755859375,75.9749984741211,75.98999786376953,403.0
2024-03-01 10:04:00,MNKD,4.449900150299072,4.449900150299072,4.449900150299072,4.420000076293945,4.420000076293945,17816.0
2024-03-01 10:04:00,MNMD,5.699999809265137,5.699999809265137,5.699999809265137,5.699999809265137,5.699999809265137,200.0
2024-03-01 10:04:00,MNPR,0.800000011920929,0.800000011920929,0.800000011920929,0.7900999784469604,0.7900999784469604,6810.0
2024-03-01 10:04:00,MODV,27.385000228881836,27.385000228881836,27.385000228881836,27.385000228881836,27.385000228881836,648.0
2024-03-01 10:04:00,MORF,38.165000915527344,38.165000915527344,38.165000915527344,38.165000915527344,38.165000915527344,613.0
2024-03-01 10:04:00,MREO,3.865000009536743,3.865000009536743,3.875,3.865000009536743,3.8687000274658203,4177.0
2024-03-01 10:04:00,MRNA,93.9000015258789,93.9000015258789,94.25,93.9000015258789,94.01499938964844,5678.0
2024-03-01 10:04:00,MRNS,9.6899995803833,9.6899995803833,9.6899995803833,9.680000305175781,9.680000305175781,510.0
2024-03-01 10:04:00,MRSN,5.914999961853027,5.914999961853027,5.929999828338623,5.889999866485596,5.889999866485596,4985.0
2024-03-01 10:04:00,MRUS,48.90999984741211,48.90999984741211,48.981201171875,48.834999084472656,48.90999984741211,2171.0
2024-03-01 10:04:00,MRVI,7.691199779510498,7.691199779510498,7.691199779510498,7.691199779510498,7.691199779510498,120.0
2024-03-01 10:04:00,MXCT,4.639999866485596,4.639999866485596,4.639999866485596,4.635000228881836,4.635000228881836,303.0
2024-03-01 10:04:00,MYGN,21.170000076293945,21.170000076293945,21.177499771118164,21.1299991607666,21.177499771118164,5877.0
2024-03-01 10:04:00,NARI,44.904998779296875,44.904998779296875,44.91339874267578,44.86000061035156,44.86000061035156,671.0
2024-03-01 10:04:00,NAUT,2.7300000190734863,2.7300000190734863,2.7300000190734863,2.7300000190734863,2.7300000190734863,2009.0
2024-03-01 10:04:00,NBIX,130.9499969482422,130.9499969482422,130.9499969482422,130.77499389648438,130.80999755859375,923.0
2024-03-01 10:04:00,NEO,15.65999984741211,15.65999984741211,15.670000076293945,15.65999984741211,15.670000076293945,662.0
2024-03-01 10:04:00,NEOG,16.90999984741211,16.90999984741211,16.94499969482422,16.90999984741211,16.940000534057617,1072.0
2024-03-01 10:04:00,NEPT,0.42890000343322754,0.42890000343322754,0.42890000343322754,0.42890000343322754,0.42890000343322754,1276.0
2024-03-01 10:04:00,NERV,2.5799999237060547,2.5799999237060547,2.597399950027466,2.5799999237060547,2.597399950027466,601.0
2024-03-01 10:04:00,NGM,1.5299999713897705,1.5299999713897705,1.5305999517440796,1.5299999713897705,1.5305999517440796,614.0
2024-03-01 10:04:00,NKTX,12.220000267028809,12.220000267028809,12.289999961853027,12.220000267028809,12.25,1548.0
2024-03-01 10:04:00,NNOX,11.1899995803833,11.1899995803833,11.210000038146973,11.180000305175781,11.180000305175781,1429.0
2024-03-01 10:04:00,NRBO,5.920000076293945,5.920000076293945,5.920000076293945,5.869999885559082,5.869999885559082,3035.0
2024-03-01 10:04:00,NRIX,12.744999885559082,12.744999885559082,12.78499984741211,12.744999885559082,12.779999732971191,1288.0
2024-03-01 10:04:00,NRSN,1.9299999475479126,1.9299999475479126,1.9299999475479126,1.9299999475479126,1.9299999475479126,100.0
2024-03-01 10:04:00,NRXP,0.4124999940395355,0.4124999940395355,0.41499999165534973,0.4099999964237213,0.4099999964237213,32768.0
2024-03-01 10:04:00,NTLA,33.08000183105469,33.08000183105469,33.189998626708984,33.04249954223633,33.06840133666992,5578.0
2024-03-01 10:04:00,NTRA,89.06999969482422,89.06999969482422,89.06999969482422,88.91999816894531,89.05999755859375,2734.0
2024-03-01 10:04:00,NUVL,87.95500183105469,87.95500183105469,88.19000244140625,87.9000015258789,88.19000244140625,2465.0
2024-03-01 10:04:00,NVAX,4.994999885559082,4.994999885559082,5.010000228881836,4.989999771118164,4.989999771118164,15948.0
2024-03-01 10:04:00,NVCR,15.399999618530273,15.399999618530273,15.40999984741211,15.399999618530273,15.40999984741211,2007.0
2024-03-01 10:04:00,NVCT,10.350000381469727,10.350000381469727,10.350000381469727,10.350000381469727,10.350000381469727,1640.0
2024-03-01 10:04:00,OCGN,0.9107000231742859,0.9107000231742859,0.9107000231742859,0.9107000231742859,0.9107000231742859,601.0
2024-03-01 10:04:00,OCUL,10.300000190734863,10.300000190734863,10.300000190734863,10.29990005493164,10.300000190734863,742.0
2024-03-01 10:04:00,OFIX,12.949999809265137,12.949999809265137,12.970000267028809,12.949999809265137,12.970000267028809,657.0
2024-03-01 10:04:00,OLK,22.46500015258789,22.46500015258789,22.475000381469727,22.46500015258789,22.475000381469727,624.0
2024-03-01 10:04:00,OM,3.005000114440918,3.005000114440918,3.005000114440918,3.005000114440918,3.005000114440918,200.0
2024-03-01 10:04:00,OMER,4.699999809265137,4.699999809265137,4.699999809265137,4.699999809265137,4.699999809265137,408.0
2024-03-01 10:04:00,OMGA,4.110099792480469,4.110099792480469,4.139999866485596,4.110000133514404,4.119999885559082,5672.0
2024-03-01 10:05:00,ABCL,5.110000133514404,5.110000133514404,5.110000133514404,5.099999904632568,5.099999904632568,724.0
2024-03-01 10:05:00,ABEO,7.5,7.5,7.5,7.449999809265137,7.449999809265137,1568.0
2024-03-01 10:05:00,ABOS,4.519999980926514,4.519999980926514,4.539999961853027,4.519999980926514,4.53000020980835,1355.0
2024-03-01 10:05:00,ABSI,5.102099895477295,5.102099895477295,5.102099895477295,5.102099895477295,5.102099895477295,297.0
2024-03-01 10:05:00,ACAD,23.450000762939453,23.450000762939453,23.46500015258789,23.40999984741211,23.40999984741211,3846.0
2024-03-01 10:05:00,ACB,3.0199999809265137,3.0199999809265137,3.0199999809265137,3.009999990463257,3.009999990463257,611.0
2024-03-01 10:05:00,ACHC,82.98999786376953,82.98999786376953,83.01000213623047,82.91999816894531,82.91999816894531,1177.0
2024-03-01 10:05:00,ACHL,1.399899959564209,1.399899959564209,1.399999976158142,1.3949999809265137,1.3949999809265137,16400.0
2024-03-01 10:05:00,ACLX,69.2300033569336,69.2300033569336,69.23999786376953,68.87000274658203,69.0,15900.0
2024-03-01 10:05:00,ACRS,1.2484999895095825,1.2484999895095825,1.25,1.2450000047683716,1.2450000047683716,1720.0
2024-03-01 10:05:00,ADAP,1.587499976158142,1.587499976158142,1.587499976158142,1.5800000429153442,1.5800000429153442,4203.0
2024-03-01 10:05:00,ADIL,3.299999952316284,3.299999952316284,3.3980000019073486,3.2300000190734863,3.390000104904175,267181.0
2024-03-01 10:05:00,ADPT,4.057499885559082,4.057499885559082,4.059999942779541,4.057499885559082,4.059999942779541,623.0
2024-03-01 10:05:00,ADVM,1.9600000381469727,1.9600000381469727,1.969599962234497,1.9600000381469727,1.9600000381469727,2481.0
2024-03-01 10:05:00,AEMD,1.7259999513626099,1.7259999513626099,1.7259999513626099,1.7259999513626099,1.7259999513626099,2297.0
2024-03-01 10:05:00,AFIB,0.2071000039577484,0.2071000039577484,0.2071000039577484,0.2070000022649765,0.2070000022649765,15105.0
2024-03-01 10:05:00,AGEN,0.6782000064849854,0.6782000064849854,0.6797999739646912,0.6780999898910522,0.6797999739646912,32766.0
2024-03-01 10:05:00,AGIO,32.59000015258789,32.59000015258789,32.60499954223633,32.560001373291016,32.59000015258789,1336.0
2024-03-01 10:05:00,AGRX,0.8220000267028809,0.8220000267028809,0.8220000267028809,0.8220000267028809,0.8220000267028809,200.0
2024-03-01 10:05:00,AHCO,10.390000343322754,10.390000343322754,10.390000343322754,10.329999923706055,10.329999923706055,1560.0
2024-03-01 10:05:00,AIRS,6.480000019073486,6.480000019073486,6.480000019073486,6.480000019073486,6.480000019073486,172.0
2024-03-01 10:05:00,AKAN,0.26420000195503235,0.26420000195503235,0.26440000534057617,0.2630999982357025,0.26440000534057617,3345.0
2024-03-01 10:05:00,AKBA,1.6449999809265137,1.6449999809265137,1.6449999809265137,1.6449999809265137,1.6449999809265137,8022.0
2024-03-01 10:05:00,AKLI,0.34689998626708984,0.34689998626708984,0.3529999852180481,0.34689998626708984,0.3529999852180481,323.0
2024-03-01 10:05:00,AKRO,27.989999771118164,27.989999771118164,28.0,27.985000610351562,28.0,895.0
2024-03-01 10:05:00,ALDX,4.019899845123291,4.019899845123291,4.019899845123291,3.990000009536743,3.990000009536743,0.0
2024-03-01 10:05:00,ALEC,7.260000228881836,7.260000228881836,7.268400192260742,7.260000228881836,7.268400192260742,6398.0
2024-03-01 10:05:00,ALGN,297.6099853515625,297.6099853515625,298.00250244140625,297.239990234375,297.2449951171875,7023.0
2024-03-01 10:05:00,ALKS,29.954999923706055,29.954999923706055,29.954999923706055,29.895000457763672,29.899999618530273,1280.0
2024-03-01 10:05:00,ALLK,1.5700000524520874,1.5700000524520874,1.5700000524520874,1.565000057220459,1.5700000524520874,2505.0
2024-03-01 10:05:00,ALLO,4.994999885559082,4.994999885559082,5.0,4.994999885559082,4.994999885559082,1456.0
2024-03-01 10:05:00,ALNY,152.6300048828125,152.6300048828125,152.8350067138672,152.6300048828125,152.8350067138672,2127.0
2024-03-01 10:05:00,ALPN,36.397300720214844,36.397300720214844,36.397300720214844,36.397300720214844,36.397300720214844,304.0
2024-03-01 10:05:00,ALRN,4.849999904632568,4.849999904632568,4.849999904632568,4.820000171661377,4.820000171661377,300.0
2024-03-01 10:05:00,ALT,12.149900436401367,12.149900436401367,12.179200172424316,12.130000114440918,12.130000114440918,9405.0
2024-03-01 10:05:00,ALVO,15.699999809265137,15.699999809265137,15.699999809265137,15.699999809265137,15.699999809265137,115.0
2024-03-01 10:05:00,ALVR,0.7401000261306763,0.7401000261306763,0.7401000261306763,0.7401000261306763,0.7401000261306763,0.0
2024-03-01 10:05:00,AMGN,278.3399963378906,278.3399963378906,278.3399963378906,278.0199890136719,278.07501220703125,4659.0
2024-03-01 10:05:00,AMPH,46.47999954223633,46.47999954223633,46.540000915527344,46.35499954223633,46.45000076293945,4239.0
2024-03-01 10:05:00,AMRN,1.0149999856948853,1.0149999856948853,1.0205999612808228,1.0149999856948853,1.0199999809265137,13354.0
2024-03-01 10:05:00,ANGO,5.304999828338623,5.304999828338623,5.309999942779541,5.300000190734863,5.304999828338623,50226.0
2024-03-01 10:05:00,ANNX,5.829999923706055,5.829999923706055,5.889999866485596,5.829999923706055,5.829999923706055,5170.0
2024-03-01 10:05:00,ANTX,2.9700000286102295,2.9700000286102295,2.990000009536743,2.9700000286102295,2.990000009536743,673.0
2024-03-01 10:05:00,APLS,62.43000030517578,62.43000030517578,62.5,62.375,62.5,3419.0
2024-03-01 10:05:00,APLT,7.489999771118164,7.489999771118164,7.489999771118164,7.474999904632568,7.474999904632568,1217.0
2024-03-01 10:05:00,AQST,4.150000095367432,4.150000095367432,4.150000095367432,4.110000133514404,4.119999885559082,13046.0
2024-03-01 10:05:00,ARAY,2.6050000190734863,2.6050000190734863,2.609999895095825,2.5998001098632812,2.5998001098632812,9270.0
2024-03-01 10:05:00,ARCT,40.369998931884766,40.369998931884766,40.369998931884766,40.369998931884766,40.369998931884766,646.0
2024-03-01 10:05:00,ARDX,9.664999961853027,9.664999961853027,9.6899995803833,9.664999961853027,9.680000305175781,4025.0
2024-03-01 10:05:00,ARGX,381.8299865722656,381.8299865722656,381.8299865722656,381.8299865722656,381.8299865722656,261.0
2024-03-01 10:05:00,ARQT,11.005000114440918,11.005000114440918,11.050000190734863,11.0,11.010000228881836,11283.0
2024-03-01 10:05:00,ARVN,50.279998779296875,50.279998779296875,50.279998779296875,50.19499969482422,50.19499969482422,354.0
2024-03-01 10:05:00,ARWR,34.224098205566406,34.224098205566406,34.22999954223633,34.15999984741211,34.198699951171875,5180.0
2024-03-01 10:05:00,ASLN,0.8600000143051147,0.8600000143051147,0.8600000143051147,0.8600000143051147,0.8600000143051147,5884.0
2024-03-01 10:05:00,ATAI,1.9600000381469727,1.9600000381469727,1.9600000381469727,1.9600000381469727,1.9600000381469727,1639.0
2024-03-01 10:05:00,ATEC,13.1899995803833,13.1899995803833,13.1899995803833,13.175000190734863,13.180000305175781,1061.0
2024-03-01 10:05:00,ATOS,0.9900000095367432,0.9900000095367432,0.9900000095367432,0.9900000095367432,0.9900000095367432,201.0
2024-03-01 10:05:00,ATRA,0.7702999711036682,0.7702999711036682,0.7870000004768372,0.7702999711036682,0.786899983882904,700.0
2024-03-01 10:05:00,ATRC,35.06999969482422,35.06999969482422,35.06999969482422,35.005001068115234,35.005001068115234,1276.0
2024-03-01 10:05:00,ATXS,14.720000267028809,14.720000267028809,14.770000457763672,14.720000267028809,14.720000267028809,638.0
2024-03-01 10:05:00,AUPH,5.710000038146973,5.710000038146973,5.710000038146973,5.710000038146973,5.710000038146973,338.0
2024-03-01 10:05:00,AUTL,6.210000038146973,6.210000038146973,6.215000152587891,6.204999923706055,6.204999923706055,3806.0
2024-03-01 10:05:00,AVDL,12.800000190734863,12.800000190734863,12.869999885559082,12.800000190734863,12.850099563598633,5513.0
2024-03-01 10:05:00,AVXL,5.239999771118164,5.239999771118164,5.239999771118164,5.234600067138672,5.235000133514404,578.0
2024-03-01 10:05:00,AXNX,67.5,67.5,67.5,67.5,67.5,332.0
2024-03-01 10:05:00,AXSM,83.08000183105469,83.08000183105469,83.08000183105469,83.08000183105469,83.08000183105469,456.0
2024-03-01 10:05:00,AZN,64.13999938964844,64.13999938964844,64.1500015258789,64.0999984741211,64.0999984741211,4635.0
2024-03-01 10:05:00,AZTA,65.50499725341797,65.50499725341797,65.50499725341797,65.36000061035156,65.36090087890625,2582.0
2024-03-01 10:05:00,BBIO,35.38999938964844,35.38999938964844,35.38999938964844,35.38999938964844,35.38999938964844,200.0
2024-03-01 10:05:00,BBLG,2.4149999618530273,2.4149999618530273,2.4200000762939453,2.350100040435791,2.350100040435791,180.0
2024-03-01 10:05:00,BCEL,0.2669000029563904,0.2669000029563904,0.2669000029563904,0.2669000029563904,0.2669000029563904,0.0
2024-03-01 10:05:00,BCRX,5.699999809265137,5.699999809265137,5.699999809265137,5.679999828338623,5.679999828338623,13766.0
2024-03-01 10:05:00,BDSX,1.6549999713897705,1.6549999713897705,1.6649999618530273,1.6549999713897705,1.6649999618530273,1286.0
2024-03-01 10:05:00,BDTX,5.324999809265137,5.324999809265137,5.328700065612793,5.324999809265137,5.324999809265137,1180.0
2024-03-01 10:05:00,BEAM,40.16999816894531,40.16999816894531,40.18000030517578,40.119998931884766,40.119998931884766,2972.0
2024-03-01 10:05:00,BGXX,0.26510000228881836,0.26510000228881836,0.27300000190734863,0.26510000228881836,0.2700999975204468,15845.0
2024-03-01 10:05:00,BIVI,2.734999895095825,2.734999895095825,2.7799999713897705,2.680000066757202,2.759999990463257,249131.0
2024-03-01 10:05:00,BLFS,17.145000457763672,17.145000457763672,17.149999618530273,17.145000457763672,17.149999618530273,117.0
2024-03-01 10:05:00,BLRX,1.398300051689148,1.398300051689148,1.398300051689148,1.3799999952316284,1.3799999952316284,3753.0
2024-03-01 10:05:00,BLUE,1.565000057220459,1.565000057220459,1.5700000524520874,1.5621000528335571,1.5621000528335571,12439.0
2024-03-01 10:05:00,BNGO,1.2400000095367432,1.2400000095367432,1.2400000095367432,1.2350000143051147,1.2350000143051147,754.0
2024-03-01 10:05:00,BNTX,90.70500183105469,90.70500183105469,90.79000091552734,90.70500183105469,90.75,1555.0
2024-03-01 10:05:00,BPMC,97.41000366210938,97.41000366210938,97.41000366210938,96.8499984741211,96.87999725341797,3956.0
2024-03-01 10:05:00,BRKR,86.98999786376953,86.98999786376953,86.98999786376953,86.98999786376953,86.98999786376953,125.0
2024-03-01 10:05:00,BRTX,1.5075000524520874,1.5075000524520874,1.5075000524520874,1.5075000524520874,1.5075000524520874,1000.0
2024-03-01 10:05:00,BTTX,0.16060000658035278,0.16060000658035278,0.16210000216960907,0.16060000658035278,0.16210000216960907,0.0
2024-03-01 10:05:00,CABA,24.350000381469727,24.350000381469727,24.3700008392334,24.31999969482422,24.3700008392334,2909.0
2024-03-01 10:05:00,CADL,1.8100999593734741,1.8100999593734741,1.8100999593734741,1.8100999593734741,1.8100999593734741,5000.0
2024-03-01 10:05:00,CARA,0.8700000047683716,0.8700000047683716,0.8700000047683716,0.8700000047683716,0.8700000047683716,710.0
2024-03-01 10:05:00,CBAY,32.244998931884766,32.244998931884766,32.25,32.244998931884766,32.244998931884766,4616.0
2024-03-01 10:05:00,CCCC,10.9399995803833,10.9399995803833,10.979999542236328,10.9399995803833,10.979999542236328,767.0
2024-03-01 10:05:00,CCRN,17.90999984741211,17.90999984741211,17.90999984741211,17.899999618530273,17.899999618530273,462.0
2024-03-01 10:05:00,CDNA,11.770000457763672,11.770000457763672,11.800000190734863,11.6899995803833,11.6899995803833,4043.0
2024-03-01 10:05:00,CDXS,4.300000190734863,4.300000190734863,4.300000190734863,4.289999961853027,4.300000190734863,575.0
2024-03-01 10:05:00,CERE,41.130001068115234,41.130001068115234,41.1349983215332,41.125,41.125,945.0
2024-03-01 10:05:00,CERS,2.174499988555908,2.174499988555908,2.180000066757202,2.174499988555908,2.180000066757202,3402.0
2024-03-01 10:05:00,CERT,17.790000915527344,17.790000915527344,17.899999618530273,17.719999313354492,17.899999618530273,41373.0
2024-03-01 10:05:00,CGC,3.184999942779541,3.184999942779541,3.184999942779541,3.174999952316284,3.1791000366210938,4195.0
2024-03-01 10:05:00,CGEM,18.735000610351562,18.735000610351562,18.735000610351562,18.735000610351562,18.735000610351562,415.0
2024-03-01 10:05:00,CGTX,2.0701000690460205,2.0701000690460205,2.0701000690460205,2.0701000690460205,2.0701000690460205,1147.0
2024-03-01 10:05:00,CHRS,2.3299999237060547,2.3299999237060547,2.3299999237060547,2.325000047683716,2.325000047683716,1258.0
2024-03-01 10:05:00,CING,1.2094999551773071,1.2094999551773071,1.2200000286102295,1.2094999551773071,1.2200000286102295,10588.0
2024-03-01 10:05:00,CJJD,2.9491000175476074,2.9491000175476074,2.9491000175476074,2.9491000175476074,2.9491000175476074,275.0
2024-03-01 10:05:00,CLDX,50.58000183105469,50.58000183105469,50.709999084472656,50.5099983215332,50.709999084472656,1981.0
2024-03-01 10:05:00,CLOV,0.8607000112533569,0.8607000112533569,0.8607000112533569,0.859499990940094,0.859499990940094,21065.0
2024-03-01 10:05:00,CLRB,4.045000076293945,4.045000076293945,4.050000190734863,4.039999961853027,4.039999961853027,1305.0
2024-03-01 10:05:00,CMPS,10.520000457763672,10.520000457763672,10.545000076293945,10.520000457763672,10.545000076293945,135.0
2024-03-01 10:05:00,CMRX,1.1211999654769897,1.1211999654769897,1.1211999654769897,1.1211999654769897,1.1211999654769897,0.0
2024-03-01 10:05:00,COGT,7.28000020980835,7.28000020980835,7.28000020980835,7.28000020980835,7.28000020980835,218.0
2024-03-01 10:05:00,CORT,23.532899856567383,23.532899856567383,23.532899856567383,23.520000457763672,23.520000457763672,529.0
2024-03-01 10:05:00,CPRX,16.774999618530273,16.774999618530273,16.809999465942383,16.75,16.75,10947.0
2024-03-01 10:05:00,CRBP,31.565000534057617,31.565000534057617,31.565000534057617,31.43000030517578,31.43000030517578,836.0
2024-03-01 10:05:00,CRBU,8.079999923706055,8.079999923706055,8.109999656677246,8.050000190734863,8.09000015258789,15083.0
2024-03-01 10:05:00,CRDF,2.569999933242798,2.569999933242798,2.5799999237060547,2.5,2.5,120373.0
2024-03-01 10:05:00,CRDL,2.039900064468384,2.039900064468384,2.039900064468384,2.039900064468384,2.039900064468384,255.0
2024-03-01 10:05:00,CRMD,3.6050000190734863,3.6050000190734863,3.6050000190734863,3.6050000190734863,3.6050000190734863,0.0
2024-03-01 10:05:00,CRNX,44.70500183105469,44.70500183105469,44.70500183105469,44.70500183105469,44.70500183105469,822.0
2024-03-01 10:05:00,CRON,2.0399999618530273,2.0399999618530273,2.0399999618530273,2.0399999618530273,2.0399999618530273,1007.0
2024-03-01 10:05:00,CRSP,85.94000244140625,85.94000244140625,85.94000244140625,85.55000305175781,85.63500213623047,2194.0
2024-03-01 10:05:00,CRVS,2.184299945831299,2.184299945831299,2.184299945831299,2.184299945831299,2.184299945831299,135.0
2024-03-01 10:05:00,CSTL,19.420000076293945,19.420000076293945,19.420000076293945,19.420000076293945,19.420000076293945,573.0
2024-03-01 10:05:00,CTKB,7.940000057220459,7.940000057220459,7.954999923706055,7.925000190734863,7.929999828338623,3092.0
2024-03-01 10:05:00,CTMX,2.5,2.5,2.51990008354187,2.5,2.5000998973846436,12809.0
2024-03-01 10:05:00,CUTR,2.2809998989105225,2.2809998989105225,2.2809998989105225,2.2799999713897705,2.2799999713897705,1364.0
2024-03-01 10:05:00,CVAC,3.444999933242798,3.444999933242798,3.444999933242798,3.444999933242798,3.444999933242798,324.0
2024-03-01 10:05:00,CVRX,19.75,19.75,19.75,19.75,19.75,380.0
2024-03-01 10:05:00,CYTK,74.5,74.5,74.6500015258789,74.44999694824219,74.58999633789062,5014.0
2024-03-01 10:05:00,DCGO,4.052499771118164,4.052499771118164,4.059999942779541,4.052499771118164,4.059999942779541,400.0
2024-03-01 10:05:00,DCPH,17.0,17.0,17.0,16.989999771118164,16.989999771118164,1269.0
2024-03-01 10:05:00,DH,9.097700119018555,9.097700119018555,9.097700119018555,9.079999923706055,9.079999923706055,722.0
2024-03-01 10:05:00,DMTK,0.8999999761581421,0.8999999761581421,0.919700026512146,0.8902000188827515,0.8999999761581421,4738.0
2024-03-01 10:05:00,DNLI,20.579999923706055,20.579999923706055,20.58009910583496,20.524999618530273,20.579999923706055,2482.0
2024-03-01 10:05:00,DTIL,12.850000381469727,12.850000381469727,12.850000381469727,12.835100173950195,12.835100173950195,1054.0
2024-03-01 10:05:00,DVAX,12.699999809265137,12.699999809265137,12.699999809265137,12.694999694824219,12.694999694824219,3711.0
2024-03-01 10:05:00,DXCM,116.30999755859375,116.30999755859375,116.33499908447266,116.19999694824219,116.2750015258789,6677.0
2024-03-01 10:05:00,DYN,29.834999084472656,29.834999084472656,29.950000762939453,29.729999542236328,29.729999542236328,4344.0
2024-03-01 10:05:00,EDIT,10.599900245666504,10.599900245666504,10.609999656677246,10.569999694824219,10.569999694824219,5011.0
2024-03-01 10:05:00,EGRX,6.230000019073486,6.230000019073486,6.264999866485596,6.230000019073486,6.264999866485596,1333.0
2024-03-01 10:05:00,ELEV,4.840000152587891,4.840000152587891,4.840000152587891,4.740099906921387,4.760000228881836,23698.0
2024-03-01 10:05:00,ENVB,1.6399999856948853,1.6399999856948853,1.649999976158142,1.6101000308990479,1.6160000562667847,20407.0
2024-03-01 10:05:00,EOLS,14.845000267028809,14.845000267028809,14.850000381469727,14.84000015258789,14.850000381469727,1391.0
2024-03-01 10:05:00,ESPR,2.515000104904175,2.515000104904175,2.5199999809265137,2.505000114440918,2.509999990463257,2931.0
2024-03-01 10:05:00,ETNB,12.515000343322754,12.515000343322754,12.539999961853027,12.4399995803833,12.4399995803833,5335.0
2024-03-01 10:05:00,EVOK,0.6132000088691711,0.6132000088691711,0.6132000088691711,0.6132000088691711,0.6132000088691711,345.0
2024-03-01 10:05:00,EWTX,16.389999389648438,16.389999389648438,16.389999389648438,16.334999084472656,16.334999084472656,856.0
2024-03-01 10:05:00,EXAI,6.730000019073486,6.730000019073486,6.730000019073486,6.730000019073486,6.730000019073486,796.0
2024-03-01 10:05:00,EXAS,58.689998626708984,58.689998626708984,58.709999084472656,58.529998779296875,58.529998779296875,5102.0
2024-03-01 10:05:00,EXEL,22.420000076293945,22.420000076293945,22.420000076293945,22.405000686645508,22.405000686645508,2610.0
2024-03-01 10:05:00,EYEN,2.0999999046325684,2.0999999046325684,2.0999999046325684,2.0999999046325684,2.0999999046325684,0.0
2024-03-01 10:05:00,EYPT,27.989999771118164,27.989999771118164,27.989999771118164,27.989999771118164,27.989999771118164,145.0
2024-03-01 10:05:00,FATE,7.425000190734863,7.425000190734863,7.460000038146973,7.425000190734863,7.429900169372559,4509.0
2024-03-01 10:05:00,FBIO,2.190000057220459,2.190000057220459,2.190000057220459,2.190000057220459,2.190000057220459,3004.0
2024-03-01 10:05:00,FDMT,29.520000457763672,29.520000457763672,29.59000015258789,29.459999084472656,29.46940040588379,1329.0
2024-03-01 10:05:00,FEMY,1.7300000190734863,1.7300000190734863,1.7300000190734863,1.694100022315979,1.694100022315979,0.0
2024-03-01 10:05:00,FENC,9.779899597167969,9.779899597167969,9.779899597167969,9.675000190734863,9.675000190734863,10624.0
2024-03-01 10:05:00,FGEN,1.7450000047683716,1.7450000047683716,1.7450000047683716,1.7450000047683716,1.7450000047683716,414.0
2024-03-01 10:05:00,FLGT,23.0,23.0,23.0,22.989999771118164,22.989999771118164,509.0
2024-03-01 10:05:00,FOLD,13.390000343322754,13.390000343322754,13.40999984741211,13.385000228881836,13.399999618530273,2115.0
2024-03-01 10:05:00,FULC,10.399999618530273,10.399999618530273,10.460000038146973,10.399999618530273,10.460000038146973,2238.0
2024-03-01 10:05:00,FWBI,8.170000076293945,8.170000076293945,8.180000305175781,8.170000076293945,8.180000305175781,0.0
2024-03-01 10:05:00,GALT,1.9800000190734863,1.9800000190734863,1.9800000190734863,1.9800000190734863,1.9800000190734863,201.0
2024-03-01 10:05:00,GDRX,8.329999923706055,8.329999923706055,8.380000114440918,8.31719970703125,8.34000015258789,6192.0
2024-03-01 10:05:00,GERN,2.0999999046325684,2.0999999046325684,2.109999895095825,2.0950000286102295,2.0999999046325684,9797.0
2024-03-01 10:05:00,GH,18.979999542236328,18.979999542236328,18.979999542236328,18.940000534057617,18.95400047302246,1279.0
2024-03-01 10:05:00,GILD,72.56500244140625,72.56500244140625,72.58000183105469,72.48999786376953,72.49500274658203,4542.0
2024-03-01 10:05:00,GLSI,12.319999694824219,12.319999694824219,12.319999694824219,12.319999694824219,12.319999694824219,101.0
2024-03-01 10:05:00,GMAB,28.682199478149414,28.682199478149414,28.690000534057617,28.65999984741211,28.65999984741211,663.0
2024-03-01 10:05:00,GOSS,1.3250000476837158,1.3250000476837158,1.3450000286102295,1.3200000524520874,1.3450000286102295,4190.0
2024-03-01 10:05:00,GRFS,6.769999980926514,6.769999980926514,6.769999980926514,6.71999979019165,6.730000019073486,4801.0
2024-03-01 10:05:00,GRTS,2.039900064468384,2.039900064468384,2.0399999618530273,2.005000114440918,2.005000114440918,28346.0
2024-03-01 10:05:00,GRTX,0.22699999809265137,0.22699999809265137,0.22699999809265137,0.22699999809265137,0.22699999809265137,742.0
2024-03-01 10:05:00,GTHX,3.4400999546051025,3.4400999546051025,3.444999933242798,3.4100000858306885,3.4149999618530273,22966.0
2024-03-01 10:05:00,HALO,40.915000915527344,40.915000915527344,40.915000915527344,40.915000915527344,40.915000915527344,325.0
2024-03-01 10:05:00,HARP,22.940000534057617,22.940000534057617,22.940000534057617,22.940000534057617,22.940000534057617,310.0
2024-03-01 10:05:00,HCAT,8.074999809265137,8.074999809265137,8.074999809265137,8.074999809265137,8.074999809265137,653.0
2024-03-01 10:05:00,HCSG,12.609999656677246,12.609999656677246,12.609999656677246,12.59000015258789,12.59000015258789,1602.0
2024-03-01 10:05:00,HCTI,2.450000047683716,2.450000047683716,2.4600000381469727,2.440000057220459,2.440000057220459,4045.0
2024-03-01 10:05:00,HEPA,3.2300000190734863,3.2300000190734863,3.2300000190734863,3.2300000190734863,3.2300000190734863,644.0
2024-03-01 10:05:00,HITI,1.75,1.75,1.7599999904632568,1.75,1.7519999742507935,6682.0
2024-03-01 10:05:00,HLTH,0.2644999921321869,0.2644999921321869,0.2678999900817871,0.2605000138282776,0.2605000138282776,2420.0
2024-03-01 10:05:00,HOLX,73.58000183105469,73.58000183105469,73.58000183105469,73.52999877929688,73.55000305175781,761.0
2024-03-01 10:05:00,HQY,82.22000122070312,82.22000122070312,82.22000122070312,82.22000122070312,82.22000122070312,204.0
2024-03-01 10:05:00,HROW,10.8100004196167,10.8100004196167,10.8100004196167,10.8100004196167,10.8100004196167,320.0
2024-03-01 10:05:00,HRTX,2.628999948501587,2.628999948501587,2.628999948501587,2.609999895095825,2.609999895095825,2290.0
2024-03-01 10:05:00,HSTM,27.360000610351562,27.360000610351562,27.390100479125977,27.309999465942383,27.350000381469727,1528.0
2024-03-01 10:05:00,HUMA,3.0850000381469727,3.0850000381469727,3.0899999141693115,3.0799999237060547,3.0850000381469727,51943.0
2024-03-01 10:05:00,IART,36.45000076293945,36.45000076293945,36.54999923706055,36.45000076293945,36.540000915527344,1107.0
2024-03-01 10:05:00,IBRX,4.998799800872803,4.998799800872803,5.019999980926514,4.970099925994873,4.970099925994873,19594.0
2024-03-01 10:05:00,ICLR,323.1700134277344,323.1700134277344,323.3399963378906,323.1700134277344,323.23748779296875,470.0
2024-03-01 10:05:00,IDYA,46.0099983215332,46.0099983215332,46.029998779296875,45.95000076293945,46.0099983215332,7149.0
2024-03-01 10:05:00,IFRX,1.7999000549316406,1.7999000549316406,1.7999000549316406,1.781000018119812,1.7899999618530273,1215.0
2024-03-01 10:05:00,IINN,1.6399999856948853,1.6399999856948853,1.6399999856948853,1.6399999856948853,1.6399999856948853,6000.0
2024-03-01 10:05:00,ILMN,136.9199981689453,136.9199981689453,136.9199981689453,136.9199981689453,136.9199981689453,219.0
2024-03-01 10:05:00,IMAB,1.8502000570297241,1.8502000570297241,1.8502000570297241,1.8502000570297241,1.8502000570297241,0.0
2024-03-01 10:05:00,IMCR,68.45999908447266,68.45999908447266,68.45999908447266,68.45999908447266,68.45999908447266,142.0
2024-03-01 10:05:00,IMNM,24.90999984741211,24.90999984741211,24.90999984741211,24.90999984741211,24.90999984741211,271.0
2024-03-01 10:05:00,IMUX,1.499500036239624,1.499500036239624,1.499500036239624,1.499500036239624,1.499500036239624,498.0
2024-03-01 10:05:00,IMVT,36.970001220703125,36.970001220703125,37.0,36.869998931884766,36.869998931884766,2437.0
2024-03-01 10:05:00,INBX,36.900001525878906,36.900001525878906,36.900001525878906,36.900001525878906,36.900001525878906,246.0
2024-03-01 10:05:00,INCY,58.849998474121094,58.849998474121094,58.849998474121094,58.83000183105469,58.83000183105469,1141.0
2024-03-01 10:05:00,INGN,6.804999828338623,6.804999828338623,6.804999828338623,6.804999828338623,6.804999828338623,248.0
2024-03-01 10:05:00,INMD,22.56999969482422,22.56999969482422,22.6299991607666,22.56999969482422,22.6200008392334,1564.0
2024-03-01 10:05:00,INSM,28.149999618530273,28.149999618530273,28.170000076293945,28.145000457763672,28.145000457763672,2083.0
2024-03-01 10:05:00,INVA,15.300000190734863,15.300000190734863,15.359999656677246,15.300000190734863,15.359999656677246,1259.0
2024-03-01 10:05:00,INZY,6.389999866485596,6.389999866485596,6.389999866485596,6.389999866485596,6.389999866485596,147.0
2024-03-01 10:05:00,IOBT,1.6598999500274658,1.6598999500274658,1.6598999500274658,1.6598999500274658,1.6598999500274658,4000.0
2024-03-01 10:05:00,IONS,45.38990020751953,45.38990020751953,45.38990020751953,45.38990020751953,45.38990020751953,169.0
2024-03-01 10:05:00,IOVA,16.811100006103516,16.811100006103516,16.8700008392334,16.735000610351562,16.790000915527344,49565.0
2024-03-01 10:05:00,IRWD,8.949999809265137,8.949999809265137,8.960000038146973,8.925000190734863,8.9350004196167,16595.0
2024-03-01 10:05:00,ISRG,387.25,387.25,387.2799987792969,387.04998779296875,387.1000061035156,1626.0
2024-03-01 10:05:00,ITOS,10.729999542236328,10.729999542236328,10.760000228881836,10.729999542236328,10.760000228881836,2112.0
2024-03-01 10:05:00,IVVD,3.9749999046325684,3.9749999046325684,3.9800000190734863,3.9700000286102295,3.9700000286102295,534.0
2024-03-01 10:05:00,JAGX,0.07199999690055847,0.07199999690055847,0.07320000231266022,0.06840000301599503,0.06889999657869339,879675.0
2024-03-01 10:05:00,JANX,48.525001525878906,48.525001525878906,48.529998779296875,47.85499954223633,47.85499954223633,5243.0
2024-03-01 10:05:00,JAZZ,120.54000091552734,120.54000091552734,120.55999755859375,120.54000091552734,120.55999755859375,1342.0
2024-03-01 10:05:00,KALV,13.979999542236328,13.979999542236328,13.979999542236328,13.949999809265137,13.949999809265137,514.0
2024-03-01 10:05:00,KIDS,27.030000686645508,27.030000686645508,27.030000686645508,27.030000686645508,27.030000686645508,177.0
2024-03-01 10:05:00,KNSA,21.670000076293945,21.670000076293945,21.670000076293945,21.56999969482422,21.56999969482422,1112.0
2024-03-01 10:05:00,KNTE,2.619999885559082,2.619999885559082,2.619999885559082,2.619999885559082,2.619999885559082,100.0
2024-03-01 10:05:00,KOD,6.070000171661377,6.070000171661377,6.085000038146973,6.070000171661377,6.074999809265137,1796.0
2024-03-01 10:05:00,KPTI,1.1503000259399414,1.1503000259399414,1.1591999530792236,1.1503000259399414,1.1591999530792236,1171.0
2024-03-01 10:05:00,KROS,69.06500244140625,69.06500244140625,69.06500244140625,68.98500061035156,68.98500061035156,224.0
2024-03-01 10:05:00,KRYS,166.52999877929688,166.52999877929688,166.52999877929688,165.5749969482422,165.5749969482422,1020.0
2024-03-01 10:05:00,KYMR,43.46500015258789,43.46500015258789,43.46500015258789,43.459999084472656,43.459999084472656,594.0
2024-03-01 10:05:00,LAB,2.2699999809265137,2.2699999809265137,2.2699999809265137,2.2699999809265137,2.2699999809265137,337.0
2024-03-01 10:05:00,LBPH,21.719999313354492,21.719999313354492,21.780000686645508,21.700000762939453,21.700000762939453,2136.0
2024-03-01 10:05:00,LEXX,2.4800000190734863,2.4800000190734863,2.4800000190734863,2.4800000190734863,2.4800000190734863,423.0
2024-03-01 10:05:00,LFMD,8.020600318908691,8.020600318908691,8.020600318908691,8.020600318908691,8.020600318908691,387.0
2024-03-01 10:05:00,LFST,8.029999732971191,8.029999732971191,8.029999732971191,8.0,8.0,3358.0
2024-03-01 10:05:00,LRMR,11.520299911499023,11.520299911499023,11.520299911499023,11.520299911499023,11.520299911499023,127.0
2024-03-01 10:05:00,LVTX,3.0195000171661377,3.0195000171661377,3.065000057220459,3.001699924468994,3.0520999431610107,4044.0
2024-03-01 10:05:00,LXRX,2.4749999046325684,2.4749999046325684,2.4749999046325684,2.469399929046631,2.469399929046631,677.0
2024-03-01 10:05:00,LYEL,3.069999933242798,3.069999933242798,3.069999933242798,3.069999933242798,3.069999933242798,713.0
2024-03-01 10:05:00,MACK,14.729999542236328,14.729999542236328,14.739999771118164,14.729999542236328,14.739999771118164,412.0
2024-03-01 10:05:00,MASS,6.980000019073486,6.980000019073486,7.003300189971924,6.980000019073486,7.003300189971924,621.0
2024-03-01 10:05:00,MCRB,1.1700999736785889,1.1700999736785889,1.1799999475479126,1.1700999736785889,1.1799999475479126,6492.0
2024-03-01 10:05:00,MDGL,246.3300018310547,246.3300018310547,246.3300018310547,245.77499389648438,245.77499389648438,665.0
2024-03-01 10:05:00,MDRX,5.96999979019165,5.96999979019165,6.0,5.900000095367432,5.900000095367432,15299.0
2024-03-01 10:05:00,MDXG,8.494999885559082,8.494999885559082,8.5,8.494999885559082,8.5,567.0
2024-03-01 10:05:00,ME,0.5503000020980835,0.5503000020980835,0.552299976348877,0.5503000020980835,0.5511999726295471,0.0
2024-03-01 10:05:00,MEDP,399.7699890136719,399.7699890136719,399.7699890136719,399.7699890136719,399.7699890136719,170.0
2024-03-01 10:05:00,MESO,2.0,2.0,2.0,2.0,2.0,316.0
2024-03-01 10:05:00,MGNX,18.790000915527344,18.790000915527344,18.790000915527344,18.739999771118164,18.760000228881836,11264.0
2024-03-01 10:05:00,MGTX,6.1819000244140625,6.1819000244140625,6.1819000244140625,6.1819000244140625,6.1819000244140625,603.0
2024-03-01 10:05:00,MIRM,29.28499984741211,29.28499984741211,29.450000762939453,29.280000686645508,29.450000762939453,3890.0
2024-03-01 10:05:00,MIST,1.6950000524520874,1.6950000524520874,1.6950000524520874,1.6950000524520874,1.6950000524520874,800.0
2024-03-01 10:05:00,MLTX,52.279998779296875,52.279998779296875,52.310001373291016,52.25,52.290000915527344,2216.0
2024-03-01 10:05:00,MNKD,4.449999809265137,4.449999809265137,4.449999809265137,4.440000057220459,4.443999767303467,33775.0
2024-03-01 10:05:00,MNMD,5.730000019073486,5.730000019073486,5.730000019073486,5.704999923706055,5.704999923706055,751.0
2024-03-01 10:05:00,MNPR,0.7979999780654907,0.7979999780654907,0.7979999780654907,0.7900999784469604,0.7900999784469604,622.0
2024-03-01 10:05:00,MODD,1.9299999475479126,1.9299999475479126,1.9299999475479126,1.9299999475479126,1.9299999475479126,500.0
2024-03-01 10:05:00,MOR,17.579999923706055,17.579999923706055,17.59000015258789,17.579999923706055,17.579999923706055,625.0
2024-03-01 10:05:00,MREO,3.869999885559082,3.869999885559082,3.869999885559082,3.869999885559082,3.869999885559082,1004.0
2024-03-01 10:05:00,MRNA,93.72000122070312,93.72000122070312,93.93499755859375,93.69000244140625,93.93499755859375,10922.0
2024-03-01 10:05:00,MRSN,5.999100208282471,5.999100208282471,5.999100208282471,5.914999961853027,5.914999961853027,2926.0
2024-03-01 10:05:00,MRUS,48.95500183105469,48.95500183105469,49.0,48.900001525878906,48.900001525878906,1101.0
2024-03-01 10:05:00,MRVI,7.699999809265137,7.699999809265137,7.699999809265137,7.690000057220459,7.690000057220459,1342.0
2024-03-01 10:05:00,MXCT,4.65500020980835,4.65500020980835,4.659999847412109,4.639999866485596,4.639999866485596,2044.0
2024-03-01 10:05:00,MYGN,21.079999923706055,21.079999923706055,21.110000610351562,21.020000457763672,21.110000610351562,6319.0
2024-03-01 10:05:00,NARI,45.01499938964844,45.01499938964844,45.09920120239258,44.970001220703125,44.970001220703125,4172.0
2024-03-01 10:05:00,NBIX,130.73500061035156,130.73500061035156,130.8625030517578,130.73500061035156,130.84500122070312,1842.0
2024-03-01 10:05:00,NDRA,1.1198999881744385,1.1198999881744385,1.1198999881744385,1.1198999881744385,1.1198999881744385,206.0
2024-03-01 10:05:00,NEO,15.649999618530273,15.649999618530273,15.664999961853027,15.649999618530273,15.649999618530273,2080.0
2024-03-01 10:05:00,NEOG,16.90999984741211,16.90999984741211,16.90999984741211,16.899999618530273,16.90999984741211,1765.0
2024-03-01 10:05:00,NERV,2.486299991607666,2.486299991607666,2.5999999046325684,2.4000000953674316,2.5799999237060547,18818.0
2024-03-01 10:05:00,NGM,1.5299999713897705,1.5299999713897705,1.5299999713897705,1.5299999713897705,1.5299999713897705,504.0
2024-03-01 10:05:00,NKTR,0.7200000286102295,0.7200000286102295,0.7200000286102295,0.7200000286102295,0.7200000286102295,8000.0
2024-03-01 10:05:00,NKTX,12.229999542236328,12.229999542236328,12.229999542236328,12.199999809265137,12.199999809265137,3701.0
2024-03-01 10:05:00,NLSP,0.4099999964237213,0.4099999964237213,0.4099999964237213,0.4099999964237213,0.4099999964237213,0.0
2024-03-01 10:05:00,NNOX,11.229999542236328,11.229999542236328,11.25,11.170000076293945,11.199999809265137,3876.0
2024-03-01 10:05:00,NOTV,7.349999904632568,7.349999904632568,7.349999904632568,7.349999904632568,7.349999904632568,106.0
2024-03-01 10:05:00,NRSN,1.9049999713897705,1.9049999713897705,1.9049999713897705,1.9049999713897705,1.9049999713897705,251.0
2024-03-01 10:05:00,NRXP,0.4099999964237213,0.4099999964237213,0.4099999964237213,0.4099999964237213,0.4099999964237213,9641.0
2024-03-01 10:05:00,NTLA,33.309898376464844,33.309898376464844,33.309898376464844,33.095001220703125,33.149600982666016,12392.0
2024-03-01 10:05:00,NTRA,89.1500015258789,89.1500015258789,89.1500015258789,88.9000015258789,88.99500274658203,3161.0
2024-03-01 10:05:00,NURO,3.944999933242798,3.944999933242798,3.944999933242798,3.944999933242798,3.944999933242798,1654.0
2024-03-01 10:05:00,NUTX,0.11490000039339066,0.11490000039339066,0.11490000039339066,0.11490000039339066,0.11490000039339066,2045.0
2024-03-01 10:05:00,NVAX,5.005000114440918,5.005000114440918,5.010000228881836,4.990099906921387,4.994999885559082,19716.0
2024-03-01 10:05:00,NVCR,15.420000076293945,15.420000076293945,15.430000305175781,15.40999984741211,15.40999984741211,891.0
2024-03-01 10:05:00,NXTC,1.7100000381469727,1.7100000381469727,1.7100000381469727,1.7100000381469727,1.7100000381469727,200.0
2024-03-01 10:05:00,OCGN,0.925000011920929,0.925000011920929,0.925000011920929,0.919700026512146,0.919700026512146,21517.0
2024-03-01 10:05:00,OCUL,10.300000190734863,10.300000190734863,10.3100004196167,10.295000076293945,10.295000076293945,567.0
2024-03-01 10:05:00,OLMA,12.9399995803833,12.9399995803833,12.970000267028809,12.913000106811523,12.913000106811523,2193.0
2024-03-01 10:05:00,OM,3.009999990463257,3.009999990463257,3.009999990463257,3.005000114440918,3.005000114440918,1713.0
2024-03-01 10:05:00,OMER,4.71999979019165,4.71999979019165,4.71999979019165,4.71999979019165,4.71999979019165,233.0
2024-03-01 10:05:00,OMGA,4.110000133514404,4.110000133514404,4.110000133514404,4.090000152587891,4.090000152587891,2079.0
2024-03-01 10:06:00,AADI,1.9900000095367432,1.9900000095367432,1.9900000095367432,1.9900000095367432,1.9900000095367432,532.0
2024-03-01 10:06:00,ABCL,5.099999904632568,5.099999904632568,5.110000133514404,5.099999904632568,5.110000133514404,1272.0
2024-03-01 10:06:00,ABEO,7.534999847412109,7.534999847412109,7.534999847412109,7.5,7.5,291.0
2024-03-01 10:06:00,ABOS,4.53000020980835,4.53000020980835,4.539999961853027,4.526199817657471,4.526199817657471,2630.0
2024-03-01 10:06:00,ABSI,5.099999904632568,5.099999904632568,5.110000133514404,5.099999904632568,5.110000133514404,3748.0
2024-03-01 10:06:00,ABUS,2.7799999713897705,2.7799999713897705,2.7799999713897705,2.7744998931884766,2.7750000953674316,969.0
2024-03-01 10:06:00,ACAD,23.479999542236328,23.479999542236328,23.489999771118164,23.440000534057617,23.440000534057617,2505.0
2024-03-01 10:06:00,ACB,3.009999990463257,3.009999990463257,3.0183000564575195,3.007999897003174,3.0139999389648438,3270.0
2024-03-01 10:06:00,ACCD,10.100000381469727,10.100000381469727,10.100000381469727,10.100000381469727,10.100000381469727,489.0
2024-03-01 10:06:00,ACET,2.3399999141693115,2.3399999141693115,2.350600004196167,2.3399999141693115,2.3499999046325684,1096.0
2024-03-01 10:06:00,ACHL,1.3801000118255615,1.3801000118255615,1.3991999626159668,1.3801000118255615,1.3991999626159668,6428.0
2024-03-01 10:06:00,ACIU,3.845400094985962,3.845400094985962,3.845400094985962,3.845400094985962,3.845400094985962,1980.0
2024-03-01 10:06:00,ACLX,69.40499877929688,69.40499877929688,69.40499877929688,69.23999786376953,69.23999786376953,1606.0
2024-03-01 10:06:00,ACON,0.39500001072883606,0.39500001072883606,0.39500001072883606,0.38760000467300415,0.38760000467300415,162.0
2024-03-01 10:06:00,ACRS,1.25,1.25,1.25,1.25,1.25,600.0
2024-03-01 10:06:00,ADIL,3.389899969100952,3.389899969100952,3.4600000381469727,3.2899999618530273,3.2899999618530273,301560.0
2024-03-01 10:06:00,ADMA,5.3592000007629395,5.3592000007629395,5.360000133514404,5.3592000007629395,5.360000133514404,673.0
2024-03-01 10:06:00,ADPT,4.059999942779541,4.059999942779541,4.059999942779541,4.059999942779541,4.059999942779541,267.0
2024-03-01 10:06:00,ADTX,3.4700000286102295,3.4700000286102295,3.4700000286102295,3.4700000286102295,3.4700000286102295,251.0
2024-03-01 10:06:00,AGEN,0.6771000027656555,0.6771000027656555,0.6782000064849854,0.6771000027656555,0.6782000064849854,3900.0
2024-03-01 10:06:00,AGIO,32.59000015258789,32.59000015258789,32.599998474121094,32.58000183105469,32.58000183105469,2675.0
2024-03-01 10:06:00,AHCO,10.404999732971191,10.404999732971191,10.40999984741211,10.395000457763672,10.395000457763672,659.0
2024-03-01 10:06:00,AKAN,0.2655999958515167,0.2655999958515167,0.2655999958515167,0.26440000534057617,0.26440000534057617,1503.0
2024-03-01 10:06:00,AKBA,1.6449999809265137,1.6449999809265137,1.6449999809265137,1.6399999856948853,1.6399999856948853,1192.0
2024-03-01 10:06:00,AKLI,0.34689998626708984,0.34689998626708984,0.35040000081062317,0.34689998626708984,0.35040000081062317,4891.0
2024-03-01 10:06:00,AKRO,27.969999313354492,27.969999313354492,27.979999542236328,27.8700008392334,27.950000762939453,2683.0
2024-03-01 10:06:00,ALDX,4.010000228881836,4.010000228881836,4.019999980926514,4.010000228881836,4.019999980926514,2640.0
2024-03-01 10:06:00,ALEC,7.260000228881836,7.260000228881836,7.260000228881836,7.260000228881836,7.260000228881836,255.0
2024-03-01 10:06:00,ALGN,297.5799865722656,297.5799865722656,297.5799865722656,297.5799865722656,297.5799865722656,365.0
2024-03-01 10:06:00,ALKS,30.0,30.0,30.0,29.954999923706055,29.954999923706055,580.0
2024-03-01 10:06:00,ALLK,1.5750000476837158,1.5750000476837158,1.5750000476837158,1.565000057220459,1.565000057220459,3059.0
2024-03-01 10:06:00,ALLO,4.989999771118164,4.989999771118164,5.005000114440918,4.989999771118164,4.994999885559082,3889.0
2024-03-01 10:06:00,ALNY,152.6199951171875,152.6199951171875,152.6199951171875,152.6199951171875,152.6199951171875,384.0
2024-03-01 10:06:00,ALT,12.210000038146973,12.210000038146973,12.239899635314941,12.149999618530273,12.149999618530273,18251.0
2024-03-01 10:06:00,ALVR,0.7401000261306763,0.7401000261306763,0.75,0.7401000261306763,0.75,434.0
2024-03-01 10:06:00,AMED,93.31999969482422,93.31999969482422,93.31999969482422,93.31999969482422,93.31999969482422,132.0
2024-03-01 10:06:00,AMGN,278.7250061035156,278.7250061035156,278.7300109863281,278.239990234375,278.239990234375,8885.0
2024-03-01 10:06:00,AMLX,18.889999389648438,18.889999389648438,18.915000915527344,18.889999389648438,18.889999389648438,359.0
2024-03-01 10:06:00,AMPH,46.55500030517578,46.55500030517578,46.55500030517578,46.47010040283203,46.522499084472656,1531.0
2024-03-01 10:06:00,AMRN,1.0149999856948853,1.0149999856948853,1.0149999856948853,1.0149999856948853,1.0149999856948853,1265.0
2024-03-01 10:06:00,ANGO,5.271999835968018,5.271999835968018,5.300000190734863,5.271999835968018,5.300000190734863,5893.0
2024-03-01 10:06:00,ANIP,67.22000122070312,67.22000122070312,67.22000122070312,67.22000122070312,67.22000122070312,107.0
2024-03-01 10:06:00,ANIX,3.563199996948242,3.563199996948242,3.563199996948242,3.563199996948242,3.563199996948242,43.0
2024-03-01 10:06:00,ANNX,5.829999923706055,5.829999923706055,5.860000133514404,5.829999923706055,5.860000133514404,2130.0
2024-03-01 10:06:00,ANTX,2.9598000049591064,2.9598000049591064,2.9600000381469727,2.9598000049591064,2.9600000381469727,1105.0
2024-03-01 10:06:00,APLS,62.30500030517578,62.30500030517578,62.439998626708984,62.30500030517578,62.400001525878906,2196.0
2024-03-01 10:06:00,APLT,7.410799980163574,7.410799980163574,7.485000133514404,7.410799980163574,7.473700046539307,3599.0
2024-03-01 10:06:00,AQST,4.195000171661377,4.195000171661377,4.195000171661377,4.150000095367432,4.175000190734863,50535.0
2024-03-01 10:06:00,ARAY,2.5999999046325684,2.5999999046325684,2.5999999046325684,2.5999999046325684,2.5999999046325684,291.0
2024-03-01 10:06:00,ARDX,9.679699897766113,9.679699897766113,9.680000305175781,9.664199829101562,9.670000076293945,7284.0
2024-03-01 10:06:00,ARGX,381.72320556640625,381.72320556640625,381.72320556640625,381.72320556640625,381.72320556640625,375.0
2024-03-01 10:06:00,ARQT,10.970000267028809,10.970000267028809,11.01990032196045,10.949999809265137,11.01990032196045,7372.0
2024-03-01 10:06:00,ARVN,50.189998626708984,50.189998626708984,50.307899475097656,50.09000015258789,50.307899475097656,4200.0
2024-03-01 10:06:00,ARWR,34.162498474121094,34.162498474121094,34.244998931884766,34.15999984741211,34.244998931884766,613.0
2024-03-01 10:06:00,ASLN,0.8600000143051147,0.8600000143051147,0.8600000143051147,0.8600000143051147,0.8600000143051147,9361.0
2024-03-01 10:06:00,ASND,149.0399932861328,149.0399932861328,149.0399932861328,148.92999267578125,148.92999267578125,633.0
2024-03-01 10:06:00,ASRT,0.9200000166893005,0.9200000166893005,0.9200000166893005,0.9143999814987183,0.9143999814987183,1326.0
2024-03-01 10:06:00,ATAI,1.9500000476837158,1.9500000476837158,1.9599000215530396,1.9500000476837158,1.9599000215530396,750.0
2024-03-01 10:06:00,ATEC,13.1850004196167,13.1850004196167,13.1899995803833,13.180000305175781,13.1899995803833,991.0
2024-03-01 10:06:00,ATRA,0.7886000275611877,0.7886000275611877,0.7886000275611877,0.786899983882904,0.786899983882904,1100.0
2024-03-01 10:06:00,ATRC,35.130001068115234,35.130001068115234,35.130001068115234,35.11000061035156,35.119998931884766,723.0
2024-03-01 10:06:00,ATXS,14.760000228881836,14.760000228881836,14.760000228881836,14.71500015258789,14.71500015258789,1440.0
2024-03-01 10:06:00,AUGX,4.489999771118164,4.489999771118164,4.489999771118164,4.489999771118164,4.489999771118164,134.0
2024-03-01 10:06:00,AUPH,5.701700210571289,5.701700210571289,5.710000038146973,5.701700210571289,5.710000038146973,1572.0
2024-03-01 10:06:00,AURA,9.220000267028809,9.220000267028809,9.220000267028809,9.220000267028809,9.220000267028809,101.0
2024-03-01 10:06:00,AUTL,6.199999809265137,6.199999809265137,6.204999923706055,6.199999809265137,6.199999809265137,4215.0
2024-03-01 10:06:00,AVDL,12.800000190734863,12.800000190734863,12.800000190734863,12.770000457763672,12.800000190734863,1453.0
2024-03-01 10:06:00,AVTE,22.5,22.5,22.5,22.5,22.5,211.0
2024-03-01 10:06:00,AVXL,5.244999885559082,5.244999885559082,5.244999885559082,5.244999885559082,5.244999885559082,200.0
2024-03-01 10:06:00,AXSM,83.69869995117188,83.69869995117188,83.69869995117188,83.43000030517578,83.43000030517578,1137.0
2024-03-01 10:06:00,AZN,64.19000244140625,64.19000244140625,64.19999694824219,64.18499755859375,64.18499755859375,1483.0
2024-03-01 10:06:00,BBIO,35.439998626708984,35.439998626708984,35.44499969482422,35.38999938964844,35.38999938964844,335.0
2024-03-01 10:06:00,BBLG,2.424999952316284,2.424999952316284,2.424999952316284,2.3510000705718994,2.390000104904175,530.0
2024-03-01 10:06:00,BCAB,2.7699999809265137,2.7699999809265137,2.799999952316284,2.759999990463257,2.759999990463257,9359.0
2024-03-01 10:06:00,BCLI,0.35920000076293945,0.35920000076293945,0.35920000076293945,0.35920000076293945,0.35920000076293945,2398.0
2024-03-01 10:06:00,BCRX,5.704999923706055,5.704999923706055,5.704999923706055,5.704999923706055,5.704999923706055,1387.0
2024-03-01 10:06:00,BCYC,25.450000762939453,25.450000762939453,25.450000762939453,25.450000762939453,25.450000762939453,104.0
2024-03-01 10:06:00,BDSX,1.649999976158142,1.649999976158142,1.649999976158142,1.649999976158142,1.649999976158142,922.0
2024-03-01 10:06:00,BEAM,40.060001373291016,40.060001373291016,40.25,40.060001373291016,40.185001373291016,3072.0
2024-03-01 10:06:00,BGNE,163.14999389648438,163.14999389648438,163.14999389648438,163.14999389648438,163.14999389648438,279.0
2024-03-01 10:06:00,BGXX,0.27300000190734863,0.27300000190734863,0.27300000190734863,0.26899999380111694,0.26899999380111694,0.0
2024-03-01 10:06:00,BIOL,0.13840000331401825,0.13840000331401825,0.13850000500679016,0.13840000331401825,0.13850000500679016,3622.0
2024-03-01 10:06:00,BIVI,2.712100028991699,2.712100028991699,2.7699999809265137,2.700000047683716,2.7353999614715576,125940.0
2024-03-01 10:06:00,BLFS,17.56999969482422,17.56999969482422,17.56999969482422,17.165000915527344,17.165000915527344,4386.0
2024-03-01 10:06:00,BLUE,1.5850000381469727,1.5850000381469727,1.590000033378601,1.565000057220459,1.565000057220459,95044.0
2024-03-01 10:06:00,BMEA,17.780000686645508,17.780000686645508,17.780000686645508,17.780000686645508,17.780000686645508,303.0
2024-03-01 10:06:00,BNGO,1.2350000143051147,1.2350000143051147,1.2350000143051147,1.2350000143051147,1.2350000143051147,774.0
2024-03-01 10:06:00,BNR,0.8799999952316284,0.8799999952316284,0.8799999952316284,0.8799999952316284,0.8799999952316284,100.0
2024-03-01 10:06:00,BNTX,90.69499969482422,90.69499969482422,90.76000213623047,90.69000244140625,90.76000213623047,1033.0
2024-03-01 10:06:00,BPMC,97.45999908447266,97.45999908447266,97.55000305175781,97.2300033569336,97.55000305175781,4952.0
2024-03-01 10:06:00,BRKR,86.91999816894531,86.91999816894531,86.91999816894531,86.8499984741211,86.91999816894531,509.0
2024-03-01 10:06:00,BRTX,1.5253000259399414,1.5253000259399414,1.5253000259399414,1.5253000259399414,1.5253000259399414,0.0
2024-03-01 10:06:00,BTAI,3.160099983215332,3.160099983215332,3.1700000762939453,3.159899950027466,3.1700000762939453,3151.0
2024-03-01 10:06:00,BTTX,0.16060000658035278,0.16060000658035278,0.16099999845027924,0.16060000658035278,0.16099999845027924,3101.0
2024-03-01 10:06:00,BYSI,1.38919997215271,1.38919997215271,1.38919997215271,1.38919997215271,1.38919997215271,197.0
2024-03-01 10:06:00,CABA,24.260000228881836,24.260000228881836,24.280000686645508,24.2549991607666,24.280000686645508,1744.0
2024-03-01 10:06:00,CAPR,4.599999904632568,4.599999904632568,4.605000019073486,4.599999904632568,4.599999904632568,633.0
2024-03-01 10:06:00,CARA,0.8684999942779541,0.8684999942779541,0.8684999942779541,0.8684999942779541,0.8684999942779541,200.0
2024-03-01 10:06:00,CASI,5.574999809265137,5.574999809265137,5.65369987487793,5.510000228881836,5.65369987487793,800.0
2024-03-01 10:06:00,CBAY,32.244998931884766,32.244998931884766,32.244998931884766,32.244998931884766,32.244998931884766,1697.0
2024-03-01 10:06:00,CCCC,11.0,11.0,11.010000228881836,10.90999984741211,10.9399995803833,12774.0
2024-03-01 10:06:00,CCRN,17.850000381469727,17.850000381469727,17.850000381469727,17.850000381469727,17.850000381469727,281.0
2024-03-01 10:06:00,CDMO,7.869999885559082,7.869999885559082,7.869999885559082,7.869999885559082,7.869999885559082,402.0
2024-03-01 10:06:00,CDNA,11.739999771118164,11.739999771118164,11.770000457763672,11.725000381469727,11.75,2133.0
2024-03-01 10:06:00,CDTX,0.7202000021934509,0.7202000021934509,0.7202000021934509,0.7202000021934509,0.7202000021934509,411.0
2024-03-01 10:06:00,CDXS,4.264999866485596,4.264999866485596,4.289999961853027,4.260000228881836,4.289999961853027,2200.0
2024-03-01 10:06:00,CERE,41.119998931884766,41.119998931884766,41.130001068115234,41.099998474121094,41.130001068115234,1477.0
2024-03-01 10:06:00,CERS,2.174999952316284,2.174999952316284,2.180000066757202,2.174999952316284,2.180000066757202,1297.0
2024-03-01 10:06:00,CERT,17.899999618530273,17.899999618530273,17.920000076293945,17.799999237060547,17.809999465942383,28927.0
2024-03-01 10:06:00,CGC,3.188499927520752,3.188499927520752,3.1888999938964844,3.184999942779541,3.184999942779541,882.0
2024-03-01 10:06:00,CGEM,18.649999618530273,18.649999618530273,18.709999084472656,18.649999618530273,18.700000762939453,363.0
2024-03-01 10:06:00,CGEN,2.630000114440918,2.630000114440918,2.640000104904175,2.609999895095825,2.609999895095825,10128.0
2024-03-01 10:06:00,CHRS,2.3299999237060547,2.3299999237060547,2.3299999237060547,2.3261001110076904,2.3299999237060547,1282.0
2024-03-01 10:06:00,CING,1.2101000547409058,1.2101000547409058,1.2101000547409058,1.2100000381469727,1.2100000381469727,2996.0
2024-03-01 10:06:00,CKPT,2.140000104904175,2.140000104904175,2.140000104904175,2.140000104904175,2.140000104904175,1061.0
2024-03-01 10:06:00,CLDX,50.5099983215332,50.5099983215332,50.584999084472656,50.439998626708984,50.58000183105469,4159.0
2024-03-01 10:06:00,CLNN,0.39250001311302185,0.39250001311302185,0.39250001311302185,0.39250001311302185,0.39250001311302185,6000.0
2024-03-01 10:06:00,CLOV,0.8601999878883362,0.8601999878883362,0.861299991607666,0.8596000075340271,0.86080002784729,26366.0
2024-03-01 10:06:00,CLPT,6.434999942779541,6.434999942779541,6.434999942779541,6.380000114440918,6.400000095367432,2524.0
2024-03-01 10:06:00,CLRB,4.03000020980835,4.03000020980835,4.045000076293945,4.03000020980835,4.039999961853027,2239.0
2024-03-01 10:06:00,CMPS,10.520000457763672,10.520000457763672,10.520000457763672,10.51990032196045,10.51990032196045,470.0
2024-03-01 10:06:00,CMRX,1.1301000118255615,1.1301000118255615,1.1301000118255615,1.1301000118255615,1.1301000118255615,1000.0
2024-03-01 10:06:00,CNTX,1.1577999591827393,1.1577999591827393,1.1577999591827393,1.1577999591827393,1.1577999591827393,1131.0
2024-03-01 10:06:00,COGT,7.260000228881836,7.260000228881836,7.260000228881836,7.244999885559082,7.260000228881836,807.0
2024-03-01 10:06:00,COLL,37.36989974975586,37.36989974975586,37.36989974975586,37.36989974975586,37.36989974975586,221.0
2024-03-01 10:06:00,CORT,23.56999969482422,23.56999969482422,23.56999969482422,23.520000457763672,23.520000457763672,1165.0
2024-03-01 10:06:00,CPIX,2.2049999237060547,2.2049999237060547,2.2049999237060547,2.2049999237060547,2.2049999237060547,570.0
2024-03-01 10:06:00,CPRX,16.790000915527344,16.790000915527344,16.80500030517578,16.75,16.75,3922.0
2024-03-01 10:06:00,CRBP,31.524999618530273,31.524999618530273,31.530000686645508,31.440000534057617,31.440000534057617,611.0
2024-03-01 10:06:00,CRBU,8.09000015258789,8.09000015258789,8.09000015258789,8.079999923706055,8.085000038146973,1713.0
2024-03-01 10:06:00,CRDF,2.630000114440918,2.630000114440918,2.6500000953674316,2.549999952316284,2.5608999729156494,189273.0
2024-03-01 10:06:00,CRMD,3.609999895095825,3.609999895095825,3.609999895095825,3.609999895095825,3.609999895095825,100.0
2024-03-01 10:06:00,CRNX,44.59000015258789,44.59000015258789,44.66999816894531,44.55500030517578,44.66999816894531,1355.0
2024-03-01 10:06:00,CRON,2.0350000858306885,2.0350000858306885,2.0350000858306885,2.0350000858306885,2.0350000858306885,200.0
2024-03-01 10:06:00,CRSP,85.70999908447266,85.70999908447266,85.88459777832031,85.70999908447266,85.83000183105469,3494.0
2024-03-01 10:06:00,CSTL,19.295000076293945,19.295000076293945,19.44499969482422,19.295000076293945,19.44499969482422,1265.0
2024-03-01 10:06:00,CTKB,7.909999847412109,7.909999847412109,7.929999828338623,7.900000095367432,7.929999828338623,1079.0
2024-03-01 10:06:00,CTMX,2.519700050354004,2.519700050354004,2.519700050354004,2.5,2.5,0.0
2024-03-01 10:06:00,CUE,2.0899999141693115,2.0899999141693115,2.0899999141693115,2.0899999141693115,2.0899999141693115,1000.0
2024-03-01 10:06:00,CUTR,2.299999952316284,2.299999952316284,2.299999952316284,2.2799999713897705,2.299999952316284,445.0
2024-03-01 10:06:00,CVAC,3.444999933242798,3.444999933242798,3.450000047683716,3.444999933242798,3.450000047683716,442.0
2024-03-01 10:06:00,CYTK,74.45999908447266,74.45999908447266,74.48999786376953,74.37000274658203,74.48999786376953,5021.0
2024-03-01 10:06:00,CYTO,1.940000057220459,1.940000057220459,1.940000057220459,1.940000057220459,1.940000057220459,0.0
2024-03-01 10:06:00,DARE,0.5799000263214111,0.5799000263214111,0.5799000263214111,0.5799000263214111,0.5799000263214111,1111.0
2024-03-01 10:06:00,DAWN,17.010000228881836,17.010000228881836,17.010000228881836,16.979999542236328,17.010000228881836,1366.0
2024-03-01 10:06:00,DCGO,4.050000190734863,4.050000190734863,4.054999828338623,4.045000076293945,4.054999828338623,3136.0
2024-03-01 10:06:00,DMTK,0.8999999761581421,0.8999999761581421,0.9049000144004822,0.8999999761581421,0.8999999761581421,1641.0
2024-03-01 10:06:00,DNLI,20.601600646972656,20.601600646972656,20.6200008392334,20.579999923706055,20.600000381469727,1187.0
2024-03-01 10:06:00,DTIL,12.849900245666504,12.849900245666504,12.850000381469727,12.843700408935547,12.843700408935547,1017.0
2024-03-01 10:06:00,DVAX,12.710000038146973,12.710000038146973,12.710000038146973,12.699999809265137,12.699999809265137,1593.0
2024-03-01 10:06:00,DXCM,116.375,116.375,116.45999908447266,116.29000091552734,116.31999969482422,8837.0
2024-03-01 10:06:00,DYN,29.690000534057617,29.690000534057617,29.879899978637695,29.690000534057617,29.879899978637695,1384.0
2024-03-01 10:06:00,EDIT,10.569999694824219,10.569999694824219,10.599900245666504,10.569999694824219,10.59000015258789,4032.0
2024-03-01 10:06:00,ELEV,4.702000141143799,4.702000141143799,4.809999942779541,4.690000057220459,4.809999942779541,3731.0
2024-03-01 10:06:00,ENTA,14.675000190734863,14.675000190734863,14.739999771118164,14.675000190734863,14.71500015258789,8361.0
2024-03-01 10:06:00,ENVB,1.6201000213623047,1.6201000213623047,1.649999976158142,1.6201000213623047,1.639299988746643,7407.0
2024-03-01 10:06:00,EOLS,14.850000381469727,14.850000381469727,14.850000381469727,14.845000267028809,14.845000267028809,898.0
2024-03-01 10:06:00,ERAS,2.4149999618530273,2.4149999618530273,2.4149999618530273,2.4149999618530273,2.4149999618530273,105.0
2024-03-01 10:06:00,ESPR,2.507200002670288,2.507200002670288,2.515000104904175,2.500499963760376,2.5100998878479004,11205.0
2024-03-01 10:06:00,ESTA,44.79999923706055,44.79999923706055,44.79999923706055,44.79999923706055,44.79999923706055,647.0
2024-03-01 10:06:00,ETNB,12.550000190734863,12.550000190734863,12.550000190734863,12.515000343322754,12.515000343322754,7258.0
2024-03-01 10:06:00,EVO,7.369999885559082,7.369999885559082,7.380000114440918,7.369999885559082,7.369999885559082,800.0
2024-03-01 10:06:00,EWTX,16.389999389648438,16.389999389648438,16.389999389648438,16.389999389648438,16.389999389648438,257.0
2024-03-01 10:06:00,EXAS,58.50199890136719,58.50199890136719,58.724998474121094,58.47999954223633,58.720001220703125,3809.0
2024-03-01 10:06:00,EXEL,22.415000915527344,22.415000915527344,22.424999237060547,22.415000915527344,22.415000915527344,1533.0
2024-03-01 10:06:00,EYEN,2.090100049972534,2.090100049972534,2.090100049972534,2.090100049972534,2.090100049972534,894.0
2024-03-01 10:06:00,FATE,7.409999847412109,7.409999847412109,7.425000190734863,7.409999847412109,7.414999961853027,2045.0
2024-03-01 10:06:00,FBIO,2.1974000930786133,2.1974000930786133,2.1974000930786133,2.1974000930786133,2.1974000930786133,300.0
2024-03-01 10:06:00,FDMT,29.520000457763672,29.520000457763672,29.520000457763672,29.520000457763672,29.520000457763672,176.0
2024-03-01 10:06:00,FGEN,1.7450000047683716,1.7450000047683716,1.7450000047683716,1.7450000047683716,1.7450000047683716,911.0
2024-03-01 10:06:00,FHTX,8.079999923706055,8.079999923706055,8.079999923706055,7.940000057220459,7.940000057220459,1516.0
2024-03-01 10:06:00,FOLD,13.390000343322754,13.390000343322754,13.390000343322754,13.380000114440918,13.385000228881836,1111.0
2024-03-01 10:06:00,FULC,10.420000076293945,10.420000076293945,10.420000076293945,10.399999618530273,10.399999618530273,1670.0
2024-03-01 10:06:00,FUSN,12.130000114440918,12.130000114440918,12.130000114440918,12.130000114440918,12.130000114440918,224.0
2024-03-01 10:06:00,FWBI,8.180000305175781,8.180000305175781,8.180000305175781,8.09000015258789,8.100000381469727,1702.0
2024-03-01 10:06:00,GALT,2.0,2.0,2.0,2.0,2.0,5206.0
2024-03-01 10:06:00,GBIO,2.450000047683716,2.450000047683716,2.5,2.450000047683716,2.484999895095825,9627.0
2024-03-01 10:06:00,GDRX,8.3149995803833,8.3149995803833,8.350000381469727,8.3100004196167,8.329999923706055,4524.0
2024-03-01 10:06:00,GEG,1.9997999668121338,1.9997999668121338,1.9997999668121338,1.9997999668121338,1.9997999668121338,1118.0
2024-03-01 10:06:00,GERN,2.0899999141693115,2.0899999141693115,2.0950000286102295,2.0899999141693115,2.0899999141693115,1907.0
2024-03-01 10:06:00,GH,19.010000228881836,19.010000228881836,19.040000915527344,19.010000228881836,19.030000686645508,1650.0
2024-03-01 10:06:00,GILD,72.56500244140625,72.56500244140625,72.58999633789062,72.53700256347656,72.56500244140625,6684.0
2024-03-01 10:06:00,GLSI,12.557299613952637,12.557299613952637,12.557299613952637,12.536999702453613,12.536999702453613,520.0
2024-03-01 10:06:00,GMAB,28.729999542236328,28.729999542236328,28.729999542236328,28.719999313354492,28.719999313354492,479.0
2024-03-01 10:06:00,GMDA,0.3765000104904175,0.3765000104904175,0.3765000104904175,0.3765000104904175,0.3765000104904175,888.0
2024-03-01 10:06:00,GOSS,1.3250000476837158,1.3250000476837158,1.3299000263214111,1.3250000476837158,1.3250000476837158,3355.0
2024-03-01 10:06:00,GRFS,6.800000190734863,6.800000190734863,6.835000038146973,6.769999980926514,6.769999980926514,2138.0
2024-03-01 10:06:00,GRTS,2.015000104904175,2.015000104904175,2.0350000858306885,2.015000104904175,2.0313000679016113,4689.0
2024-03-01 10:06:00,GTHX,3.444999933242798,3.444999933242798,3.444999933242798,3.444999933242798,3.444999933242798,0.0
2024-03-01 10:06:00,HALO,40.89500045776367,40.89500045776367,40.89500045776367,40.86000061035156,40.88999938964844,1107.0
2024-03-01 10:06:00,HARP,22.940000534057617,22.940000534057617,22.940000534057617,22.940000534057617,22.940000534057617,10.0
2024-03-01 10:06:00,HCAT,8.079999923706055,8.079999923706055,8.09000015258789,8.0600004196167,8.074999809265137,2166.0
2024-03-01 10:06:00,HCSG,12.600000381469727,12.600000381469727,12.609999656677246,12.600000381469727,12.609999656677246,541.0
2024-03-01 10:06:00,HCTI,2.369999885559082,2.369999885559082,2.45989990234375,2.359999895095825,2.450000047683716,3727.0
2024-03-01 10:06:00,HITI,1.7400000095367432,1.7400000095367432,1.7400000095367432,1.7400000095367432,1.7400000095367432,145.0
2024-03-01 10:06:00,HOLX,73.55999755859375,73.55999755859375,73.55999755859375,73.52999877929688,73.55000305175781,439.0
2024-03-01 10:06:00,HOOK,0.800000011920929,0.800000011920929,0.800000011920929,0.800000011920929,0.800000011920929,200.0
2024-03-01 10:06:00,HOWL,6.929999828338623,6.929999828338623,7.0,6.929999828338623,7.0,405.0
2024-03-01 10:06:00,HQY,82.19000244140625,82.19000244140625,82.19000244140625,82.18000030517578,82.18000030517578,229.0
2024-03-01 10:06:00,HRMY,31.420000076293945,31.420000076293945,31.5,31.420000076293945,31.5,944.0
2024-03-01 10:06:00,HROW,10.75,10.75,10.760000228881836,10.75,10.760000228881836,718.0
2024-03-01 10:06:00,HRTX,2.630000114440918,2.630000114440918,2.630000114440918,2.6208999156951904,2.6298000812530518,1195.0
2024-03-01 10:06:00,HSIC,77.23999786376953,77.23999786376953,77.2699966430664,77.04499816894531,77.125,1372.0
2024-03-01 10:06:00,HUMA,3.075000047683716,3.075000047683716,3.0899999141693115,3.069999933242798,3.0850000381469727,78611.0
2024-03-01 10:06:00,IART,36.45000076293945,36.45000076293945,36.45000076293945,36.45000076293945,36.45000076293945,365.0
2024-03-01 10:06:00,IBRX,4.974999904632568,4.974999904632568,4.994999885559082,4.971399784088135,4.994999885559082,9297.0
2024-03-01 10:06:00,ICLR,323.0299987792969,323.0299987792969,323.4700012207031,323.0299987792969,323.4700012207031,1486.0
2024-03-01 10:06:00,ICUI,104.95999908447266,104.95999908447266,104.95999908447266,104.83499908447266,104.83499908447266,323.0
2024-03-01 10:06:00,IDYA,45.970001220703125,45.970001220703125,46.02000045776367,45.959999084472656,46.0099983215332,1302.0
2024-03-01 10:06:00,IINN,1.6399999856948853,1.6399999856948853,1.6399999856948853,1.6313999891281128,1.6313999891281128,0.0
2024-03-01 10:06:00,IKNA,1.4700000286102295,1.4700000286102295,1.4700000286102295,1.4700000286102295,1.4700000286102295,410.0
2024-03-01 10:06:00,ILMN,137.05999755859375,137.05999755859375,137.05999755859375,136.88999938964844,136.97000122070312,4843.0
2024-03-01 10:06:00,IMCR,68.69999694824219,68.69999694824219,68.69999694824219,68.44000244140625,68.6500015258789,2304.0
2024-03-01 10:06:00,IMMP,2.2899999618530273,2.2899999618530273,2.2899999618530273,2.2899999618530273,2.2899999618530273,300.0
2024-03-01 10:06:00,IMNM,25.02519989013672,25.02519989013672,25.02519989013672,25.02519989013672,25.02519989013672,230.0
2024-03-01 10:06:00,IMTX,12.850000381469727,12.850000381469727,12.850000381469727,12.849800109863281,12.849800109863281,885.0
2024-03-01 10:06:00,IMUX,1.4997999668121338,1.4997999668121338,1.4997999668121338,1.4997999668121338,1.4997999668121338,220.0
2024-03-01 10:06:00,IMVT,37.02000045776367,37.02000045776367,37.02000045776367,36.970001220703125,36.970001220703125,568.0
2024-03-01 10:06:00,INAB,1.100000023841858,1.100000023841858,1.1098999977111816,1.100000023841858,1.1098999977111816,3575.0
2024-03-01 10:06:00,INCY,58.82500076293945,58.82500076293945,58.85499954223633,58.790000915527344,58.85499954223633,510.0
2024-03-01 10:06:00,INGN,6.760000228881836,6.760000228881836,6.806099891662598,6.760000228881836,6.806099891662598,3863.0
2024-03-01 10:06:00,INM,0.39250001311302185,0.39250001311302185,0.39250001311302185,0.39250001311302185,0.39250001311302185,4000.0
2024-03-01 10:06:00,INMB,11.890000343322754,11.890000343322754,11.890000343322754,11.890000343322754,11.890000343322754,212.0
2024-03-01 10:06:00,INMD,22.530000686645508,22.530000686645508,22.56999969482422,22.530000686645508,22.56999969482422,777.0
2024-03-01 10:06:00,INO,9.020000457763672,9.020000457763672,9.033499717712402,9.020000457763672,9.033499717712402,612.0
2024-03-01 10:06:00,INSM,28.155000686645508,28.155000686645508,28.155000686645508,28.155000686645508,28.155000686645508,458.0
2024-03-01 10:06:00,INVA,15.305000305175781,15.305000305175781,15.305000305175781,15.220000267028809,15.260000228881836,1902.0
2024-03-01 10:06:00,INZY,6.380000114440918,6.380000114440918,6.389999866485596,6.380000114440918,6.389999866485596,920.0
2024-03-01 10:06:00,IONM,0.3449999988079071,0.3449999988079071,0.3449999988079071,0.3449999988079071,0.3449999988079071,500.0
2024-03-01 10:06:00,IONS,45.435001373291016,45.435001373291016,45.435001373291016,45.31999969482422,45.31999969482422,2829.0
2024-03-01 10:06:00,IOVA,16.844999313354492,16.844999313354492,16.8799991607666,16.790000915527344,16.815000534057617,31864.0
2024-03-01 10:06:00,IRWD,8.885000228881836,8.885000228881836,8.9399995803833,8.875,8.9399995803833,10469.0
2024-03-01 10:06:00,ITOS,10.760000228881836,10.760000228881836,10.760000228881836,10.699999809265137,10.699999809265137,1758.0
2024-03-01 10:06:00,ITRM,1.2300000190734863,1.2300000190734863,1.2300000190734863,1.2300000190734863,1.2300000190734863,5026.0
2024-03-01 10:06:00,IVVD,4.0,4.0,4.0,3.9800000190734863,3.9800000190734863,6481.0
2024-03-01 10:06:00,JAGX,0.07069999724626541,0.07069999724626541,0.07209999859333038,0.07039999961853027,0.07190000265836716,302089.0
2024-03-01 10:06:00,JANX,48.08000183105469,48.08000183105469,48.08000183105469,47.47999954223633,47.79999923706055,2099.0
2024-03-01 10:06:00,JAZZ,120.56500244140625,120.56500244140625,120.56500244140625,120.56500244140625,120.56500244140625,186.0
2024-03-01 10:06:00,KALV,13.899999618530273,13.899999618530273,13.949999809265137,13.899999618530273,13.949999809265137,597.0
2024-03-01 10:06:00,KNSA,21.65999984741211,21.65999984741211,21.65999984741211,21.65999984741211,21.65999984741211,166.0
2024-03-01 10:06:00,KOD,6.050000190734863,6.050000190734863,6.059999942779541,6.050000190734863,6.059999942779541,534.0
2024-03-01 10:06:00,KPTI,1.1549999713897705,1.1549999713897705,1.1549999713897705,1.1549999713897705,1.1549999713897705,231.0
2024-03-01 10:06:00,KTRA,0.10270000249147415,0.10270000249147415,0.10270000249147415,0.10270000249147415,0.10270000249147415,228.0
2024-03-01 10:06:00,KURA,21.229999542236328,21.229999542236328,21.229999542236328,21.229999542236328,21.229999542236328,220.0
2024-03-01 10:06:00,KYMR,43.30500030517578,43.30500030517578,43.380001068115234,43.30500030517578,43.380001068115234,1097.0
2024-03-01 10:06:00,KZR,1.0850000381469727,1.0850000381469727,1.0850000381469727,1.0850000381469727,1.0850000381469727,113.0
2024-03-01 10:06:00,LAB,2.2850000858306885,2.2850000858306885,2.2850000858306885,2.2850000858306885,2.2850000858306885,970.0
2024-03-01 10:06:00,LEXX,2.4997000694274902,2.4997000694274902,2.4997000694274902,2.484999895095825,2.4997000694274902,4203.0
2024-03-01 10:06:00,LFST,8.020000457763672,8.020000457763672,8.024999618530273,8.010000228881836,8.024999618530273,1604.0
2024-03-01 10:06:00,LGVN,0.5450999736785889,0.5450999736785889,0.5450999736785889,0.5450999736785889,0.5450999736785889,452.0
2024-03-01 10:06:00,LIFE,1.9199999570846558,1.9199999570846558,1.9250999689102173,1.9199999570846558,1.9199999570846558,800.0
2024-03-01 10:06:00,LNSR,4.559199810028076,4.559199810028076,4.559199810028076,4.559199810028076,4.559199810028076,2346.0
2024-03-01 10:06:00,LRMR,11.520000457763672,11.520000457763672,11.520000457763672,11.520000457763672,11.520000457763672,680.0
2024-03-01 10:06:00,LUCD,1.2000999450683594,1.2000999450683594,1.2000999450683594,1.2000999450683594,1.2000999450683594,400.0
2024-03-01 10:06:00,LUNG,9.149999618530273,9.149999618530273,9.149999618530273,9.149999618530273,9.149999618530273,600.0
2024-03-01 10:06:00,LVTX,3.049999952316284,3.049999952316284,3.049999952316284,3.049999952316284,3.049999952316284,400.0
2024-03-01 10:06:00,LXRX,2.479099988937378,2.479099988937378,2.4800000190734863,2.470400094985962,2.4749999046325684,8319.0
2024-03-01 10:06:00,LYEL,3.07069993019104,3.07069993019104,3.0799999237060547,3.069999933242798,3.069999933242798,1020.0
2024-03-01 10:06:00,MCRB,1.184999942779541,1.184999942779541,1.184999942779541,1.1700999736785889,1.1700999736785889,7867.0
2024-03-01 10:06:00,MDGL,245.69500732421875,245.69500732421875,245.69500732421875,245.69500732421875,245.69500732421875,219.0
2024-03-01 10:06:00,MDRX,6.050000190734863,6.050000190734863,6.050000190734863,5.900000095367432,5.900000095367432,93846.0
2024-03-01 10:06:00,MDXG,8.470000267028809,8.470000267028809,8.489999771118164,8.470000267028809,8.489999771118164,1038.0
2024-03-01 10:06:00,MDXH,3.7200000286102295,3.7200000286102295,3.7202000617980957,3.7200000286102295,3.7202000617980957,2401.0
2024-03-01 10:06:00,ME,0.5533999800682068,0.5533999800682068,0.5533999800682068,0.5519999861717224,0.5519999861717224,3008.0
2024-03-01 10:06:00,MGNX,18.790000915527344,18.790000915527344,18.799999237060547,18.729999542236328,18.780000686645508,3418.0
2024-03-01 10:06:00,MIST,1.7050000429153442,1.7050000429153442,1.7050000429153442,1.7000000476837158,1.7000000476837158,600.0
2024-03-01 10:06:00,MLTX,52.209999084472656,52.209999084472656,52.26649856567383,52.209999084472656,52.26649856567383,411.0
2024-03-01 10:06:00,MMSI,75.76000213623047,75.76000213623047,75.76000213623047,75.76000213623047,75.76000213623047,170.0
2024-03-01 10:06:00,MNKD,4.458099842071533,4.458099842071533,4.460000038146973,4.450200080871582,4.454999923706055,10656.0
2024-03-01 10:06:00,MNMD,5.73769998550415,5.73769998550415,5.739999771118164,5.728899955749512,5.728899955749512,624.0
2024-03-01 10:06:00,MNPR,0.800000011920929,0.800000011920929,0.800000011920929,0.800000011920929,0.800000011920929,0.0
2024-03-01 10:06:00,MODD,1.9299999475479126,1.9299999475479126,1.9299999475479126,1.9299999475479126,1.9299999475479126,200.0
2024-03-01 10:06:00,MODV,26.90999984741211,26.90999984741211,27.260000228881836,26.90999984741211,27.260000228881836,4079.0
2024-03-01 10:06:00,MOR,17.610000610351562,17.610000610351562,17.6200008392334,17.594999313354492,17.600000381469727,1476.0
2024-03-01 10:06:00,MORF,38.16999816894531,38.16999816894531,38.16999816894531,38.16999816894531,38.16999816894531,205.0
2024-03-01 10:06:00,MREO,3.8592000007629395,3.8592000007629395,3.859999895095825,3.8592000007629395,3.859999895095825,2062.0
2024-03-01 10:06:00,MRNA,93.78500366210938,93.78500366210938,93.80500030517578,93.72010040283203,93.80500030517578,2437.0
2024-03-01 10:06:00,MRNS,9.670000076293945,9.670000076293945,9.699999809265137,9.670000076293945,9.699999809265137,454.0
2024-03-01 10:06:00,MRSN,6.03000020980835,6.03000020980835,6.085000038146973,5.993199825286865,5.993199825286865,17066.0
2024-03-01 10:06:00,MRUS,48.96500015258789,48.96500015258789,48.96500015258789,48.96500015258789,48.96500015258789,235.0
2024-03-01 10:06:00,MRVI,7.689499855041504,7.689499855041504,7.690000057220459,7.689499855041504,7.690000057220459,1265.0
2024-03-01 10:06:00,MXCT,4.644999980926514,4.644999980926514,4.65500020980835,4.644999980926514,4.65500020980835,556.0
2024-03-01 10:06:00,MYGN,20.90999984741211,20.90999984741211,21.059999465942383,20.90999984741211,21.059999465942383,4913.0
2024-03-01 10:06:00,NARI,44.96500015258789,44.96500015258789,45.084800720214844,44.91320037841797,45.084800720214844,3738.0
2024-03-01 10:06:00,NAUT,2.7699999809265137,2.7699999809265137,2.7799999713897705,2.759999990463257,2.759999990463257,3800.0
2024-03-01 10:06:00,NBIX,130.66000366210938,130.66000366210938,130.8000030517578,130.66000366210938,130.8000030517578,1021.0
2024-03-01 10:06:00,NEO,15.640000343322754,15.640000343322754,15.65999984741211,15.640000343322754,15.65999984741211,616.0
2024-03-01 10:06:00,NEOG,16.924999237060547,16.924999237060547,16.93000030517578,16.924999237060547,16.93000030517578,621.0
2024-03-01 10:06:00,NEPT,0.4309000074863434,0.4309000074863434,0.4309000074863434,0.4309000074863434,0.4309000074863434,283.0
2024-03-01 10:06:00,NERV,2.5799999237060547,2.5799999237060547,2.5799999237060547,2.450000047683716,2.5157999992370605,0.0
2024-03-01 10:06:00,NGM,1.5299999713897705,1.5299999713897705,1.5299999713897705,1.5299999713897705,1.5299999713897705,1046.0
2024-03-01 10:06:00,NKTR,0.720300018787384,0.720300018787384,0.720300018787384,0.7177000045776367,0.7177000045776367,0.0
2024-03-01 10:06:00,NKTX,12.180000305175781,12.180000305175781,12.1899995803833,12.180000305175781,12.1899995803833,1369.0
2024-03-01 10:06:00,NNOX,11.239899635314941,11.239899635314941,11.249300003051758,11.23009967803955,11.234999656677246,6370.0
2024-03-01 10:06:00,NOTV,7.34499979019165,7.34499979019165,7.349999904632568,7.340000152587891,7.349999904632568,867.0
2024-03-01 10:06:00,NRBO,5.989999771118164,5.989999771118164,6.0,5.843999862670898,5.940000057220459,13707.0
2024-03-01 10:06:00,NRSN,1.909999966621399,1.909999966621399,1.909999966621399,1.899999976158142,1.899999976158142,600.0
2024-03-01 10:06:00,NRXP,0.414900004863739,0.414900004863739,0.414900004863739,0.414900004863739,0.414900004863739,2008.0
2024-03-01 10:06:00,NSPR,2.609999895095825,2.609999895095825,2.630000114440918,2.609999895095825,2.619999885559082,1516.0
2024-03-01 10:06:00,NTLA,33.15999984741211,33.15999984741211,33.28499984741211,33.15999984741211,33.279998779296875,2142.0
2024-03-01 10:06:00,NTRA,89.18000030517578,89.18000030517578,89.22000122070312,89.08999633789062,89.16500091552734,7567.0
2024-03-01 10:06:00,NUWE,0.589900016784668,0.589900016784668,0.589900016784668,0.5881999731063843,0.5881999731063843,19825.0
2024-03-01 10:06:00,NVAX,4.949999809265137,4.949999809265137,5.010000228881836,4.949399948120117,5.010000228881836,26325.0
2024-03-01 10:06:00,NVCR,15.4399995803833,15.4399995803833,15.4399995803833,15.4399995803833,15.4399995803833,131.0
2024-03-01 10:06:00,OCGN,0.9300000071525574,0.9300000071525574,0.9300000071525574,0.925000011920929,0.925000011920929,3810.0
2024-03-01 10:06:00,OCUL,10.300000190734863,10.300000190734863,10.3100004196167,10.300000190734863,10.3100004196167,2796.0
2024-03-01 10:06:00,OLK,22.4950008392334,22.4950008392334,22.4950008392334,22.489999771118164,22.489999771118164,861.0
2024-03-01 10:06:00,OM,3.005000114440918,3.005000114440918,3.005000114440918,3.0,3.0,7010.0
2024-03-01 10:06:00,OMCL,26.100000381469727,26.100000381469727,26.149999618530273,26.100000381469727,26.149999618530273,1447.0
2024-03-01 10:06:00,OMER,4.735000133514404,4.735000133514404,4.735000133514404,4.735000133514404,4.735000133514404,300.0
2024-03-01 10:06:00,OMGA,4.105000019073486,4.105000019073486,4.105000019073486,4.105000019073486,4.105000019073486,300.0
2024-03-01 10:06:00,ONCY,1.0800000429153442,1.0800000429153442,1.090000033378601,1.0800000429153442,1.090000033378601,12106.0
2024-03-01 10:07:00,ABCL,5.099999904632568,5.099999904632568,5.099999904632568,5.099999904632568,5.099999904632568,1331.0
2024-03-01 10:07:00,ABEO,7.546500205993652,7.546500205993652,7.550000190734863,7.546500205993652,7.549900054931641,2101.0
2024-03-01 10:07:00,ABOS,4.570000171661377,4.570000171661377,4.570000171661377,4.549499988555908,4.549499988555908,2957.0
2024-03-01 10:07:00,ABSI,5.114999771118164,5.114999771118164,5.130000114440918,5.099999904632568,5.112100124359131,5647.0
2024-03-01 10:07:00,ACAD,23.440000534057617,23.440000534057617,23.479999542236328,23.420000076293945,23.479999542236328,1937.0
2024-03-01 10:07:00,ACB,3.0099000930786133,3.0099000930786133,3.009999990463257,3.0099000930786133,3.009999990463257,1505.0
2024-03-01 10:07:00,ACCD,10.149999618530273,10.149999618530273,10.149999618530273,10.109999656677246,10.109999656677246,858.0
2024-03-01 10:07:00,ACHC,82.97000122070312,82.97000122070312,83.0199966430664,82.97000122070312,83.0199966430664,899.0
2024-03-01 10:07:00,ACHL,1.3799999952316284,1.3799999952316284,1.3880000114440918,1.3799999952316284,1.3849999904632568,8003.0
2024-03-01 10:07:00,ACHV,3.960099935531616,3.960099935531616,3.960099935531616,3.9600000381469727,3.9600000381469727,900.0
2024-03-01 10:07:00,ACLX,69.48500061035156,69.48500061035156,69.48500061035156,69.45999908447266,69.45999908447266,304.0
2024-03-01 10:07:00,ACRS,1.2350000143051147,1.2350000143051147,1.25,1.2350000143051147,1.25,19617.0
2024-03-01 10:07:00,ADIL,3.2750000953674316,3.2750000953674316,3.426800012588501,3.2300000190734863,3.3701000213623047,254040.0
2024-03-01 10:07:00,ADMA,5.355000019073486,5.355000019073486,5.355000019073486,5.355000019073486,5.355000019073486,1232.0
2024-03-01 10:07:00,ADPT,4.059999942779541,4.059999942779541,4.059999942779541,4.059999942779541,4.059999942779541,743.0
2024-03-01 10:07:00,AGEN,0.6772000193595886,0.6772000193595886,0.6772000193595886,0.6771000027656555,0.6771000027656555,2800.0
2024-03-01 10:07:00,AGIO,32.59000015258789,32.59000015258789,32.59000015258789,32.59000015258789,32.59000015258789,532.0
2024-03-01 10:07:00,AGRX,0.8309000134468079,0.8309000134468079,0.8309000134468079,0.8309000134468079,0.8309000134468079,100.0
2024-03-01 10:07:00,AHCO,10.425000190734863,10.425000190734863,10.425000190734863,10.420000076293945,10.420000076293945,1117.0
2024-03-01 10:07:00,AKAN,0.2669999897480011,0.2669999897480011,0.2669999897480011,0.2669999897480011,0.2669999897480011,910.0
2024-03-01 10:07:00,AKBA,1.6398999691009521,1.6398999691009521,1.6449999809265137,1.6299999952316284,1.6449999809265137,8956.0
2024-03-01 10:07:00,AKLI,0.3499999940395355,0.3499999940395355,0.3499999940395355,0.3472999930381775,0.3472999930381775,601.0
2024-03-01 10:07:00,AKRO,28.020000457763672,28.020000457763672,28.020000457763672,27.950000762939453,28.0,760.0
2024-03-01 10:07:00,ALDX,4.034999847412109,4.034999847412109,4.034999847412109,4.005000114440918,4.005000114440918,9071.0
2024-03-01 10:07:00,ALEC,7.260000228881836,7.260000228881836,7.260000228881836,7.260000228881836,7.260000228881836,144.0
2024-03-01 10:07:00,ALGN,298.4049987792969,298.4049987792969,298.4049987792969,297.5450134277344,297.5450134277344,10262.0
2024-03-01 10:07:00,ALHC,6.0,6.0,6.010000228881836,6.0,6.010000228881836,896.0
2024-03-01 10:07:00,ALKS,30.010000228881836,30.010000228881836,30.010000228881836,30.010000228881836,30.010000228881836,567.0
2024-03-01 10:07:00,ALLK,1.5750000476837158,1.5750000476837158,1.5800000429153442,1.5750000476837158,1.5774999856948853,436.0
2024-03-01 10:07:00,ALLO,4.989999771118164,4.989999771118164,4.989999771118164,4.984799861907959,4.984799861907959,1174.0
2024-03-01 10:07:00,ALNY,152.4499969482422,152.4499969482422,152.4499969482422,152.4499969482422,152.4499969482422,261.0
2024-03-01 10:07:00,ALPN,36.250099182128906,36.250099182128906,36.369998931884766,36.25,36.31999969482422,2054.0
2024-03-01 10:07:00,ALT,12.154999732971191,12.154999732971191,12.199999809265137,12.150099754333496,12.199199676513672,6775.0
2024-03-01 10:07:00,ALVR,0.75,0.75,0.75,0.75,0.75,198.0
2024-03-01 10:07:00,ALXO,14.899999618530273,14.899999618530273,14.899999618530273,14.899999618530273,14.899999618530273,127.0
2024-03-01 10:07:00,AMGN,278.4710998535156,278.4710998535156,278.70001220703125,278.4700012207031,278.5791931152344,8076.0
2024-03-01 10:07:00,AMLX,18.889999389648438,18.889999389648438,18.899999618530273,18.889999389648438,18.899999618530273,743.0
2024-03-01 10:07:00,AMPH,46.307498931884766,46.307498931884766,46.56999969482422,46.27000045776367,46.560001373291016,3296.0
2024-03-01 10:07:00,AMRN,1.0199999809265137,1.0199999809265137,1.0199999809265137,1.0099999904632568,1.0099999904632568,32128.0
2024-03-01 10:07:00,ANGO,5.28000020980835,5.28000020980835,5.28000020980835,5.264999866485596,5.275000095367432,3428.0
2024-03-01 10:07:00,ANIP,66.8499984741211,66.8499984741211,66.8499984741211,66.8499984741211,66.8499984741211,200.0
2024-03-01 10:07:00,ANNX,5.929999828338623,5.929999828338623,5.949999809265137,5.889999866485596,5.889999866485596,9421.0
2024-03-01 10:07:00,ANTX,2.9549999237060547,2.9549999237060547,2.959700107574463,2.9549999237060547,2.959199905395508,561.0
2024-03-01 10:07:00,APLS,62.29999923706055,62.29999923706055,62.31999969482422,62.28010177612305,62.314998626708984,757.0
2024-03-01 10:07:00,APLT,7.380300045013428,7.380300045013428,7.420000076293945,7.380199909210205,7.420000076293945,4984.0
2024-03-01 10:07:00,APVO,0.1688999980688095,0.1688999980688095,0.1688999980688095,0.1688999980688095,0.1688999980688095,290.0
2024-03-01 10:07:00,AQST,4.219900131225586,4.219900131225586,4.219900131225586,4.170000076293945,4.199999809265137,39171.0
2024-03-01 10:07:00,ARCT,40.349998474121094,40.349998474121094,40.349998474121094,40.279998779296875,40.33000183105469,1238.0
2024-03-01 10:07:00,ARDX,9.65999984741211,9.65999984741211,9.680000305175781,9.649999618530273,9.671699523925781,12772.0
2024-03-01 10:07:00,ARQT,10.989999771118164,10.989999771118164,11.050000190734863,10.970000267028809,10.989999771118164,43528.0
2024-03-01 10:07:00,ARVN,49.900001525878906,49.900001525878906,50.15999984741211,49.819400787353516,50.15999984741211,1903.0
2024-03-01 10:07:00,ARWR,34.16999816894531,34.16999816894531,34.16999816894531,34.16999816894531,34.16999816894531,286.0
2024-03-01 10:07:00,ASMB,13.4399995803833,13.4399995803833,13.4399995803833,13.4399995803833,13.4399995803833,72.0
2024-03-01 10:07:00,ATAI,1.9500000476837158,1.9500000476837158,1.9600000381469727,1.9500000476837158,1.9600000381469727,122.0
2024-03-01 10:07:00,ATEC,13.194999694824219,13.194999694824219,13.199999809265137,13.1899995803833,13.1899995803833,1853.0
2024-03-01 10:07:00,ATRA,0.7900000214576721,0.7900000214576721,0.7900000214576721,0.7857999801635742,0.7871999740600586,1657.0
2024-03-01 10:07:00,ATRC,35.209999084472656,35.209999084472656,35.209999084472656,35.20500183105469,35.209999084472656,428.0
2024-03-01 10:07:00,ATXS,14.75,14.75,14.8100004196167,14.739999771118164,14.8100004196167,2051.0
2024-03-01 10:07:00,AUPH,5.704999923706055,5.704999923706055,5.704999923706055,5.700300216674805,5.700300216674805,1117.0
2024-03-01 10:07:00,AUTL,6.199999809265137,6.199999809265137,6.199999809265137,6.199999809265137,6.199999809265137,531.0
2024-03-01 10:07:00,AVDL,12.789999961853027,12.789999961853027,12.800000190734863,12.789999961853027,12.800000190734863,518.0
2024-03-01 10:07:00,AVXL,5.245699882507324,5.245699882507324,5.245699882507324,5.245699882507324,5.245699882507324,1043.0
2024-03-01 10:07:00,AXNX,67.51000213623047,67.51000213623047,67.58000183105469,67.51000213623047,67.54000091552734,3336.0
2024-03-01 10:07:00,AXSM,83.37000274658203,83.37000274658203,83.70690155029297,83.37000274658203,83.70690155029297,957.0
2024-03-01 10:07:00,AZN,64.2300033569336,64.2300033569336,64.2300033569336,64.19000244140625,64.19999694824219,3296.0
2024-03-01 10:07:00,BBIO,35.40999984741211,35.40999984741211,35.48500061035156,35.40999984741211,35.48500061035156,671.0
2024-03-01 10:07:00,BBLG,2.680000066757202,2.680000066757202,2.680000066757202,2.400099992752075,2.4200000762939453,17175.0
2024-03-01 10:07:00,BCAB,2.7799999713897705,2.7799999713897705,2.7799999713897705,2.7799999713897705,2.7799999713897705,113.0
2024-03-01 10:07:00,BCEL,0.26989999413490295,0.26989999413490295,0.26989999413490295,0.26989999413490295,0.26989999413490295,396.0
2024-03-01 10:07:00,BCRX,5.704999923706055,5.704999923706055,5.710000038146973,5.699999809265137,5.710000038146973,2779.0
2024-03-01 10:07:00,BDSX,1.6298999786376953,1.6298999786376953,1.6298999786376953,1.6298999786376953,1.6298999786376953,0.0
2024-03-01 10:07:00,BDTX,5.309999942779541,5.309999942779541,5.309999942779541,5.309999942779541,5.309999942779541,300.0
2024-03-01 10:07:00,BEAM,40.005001068115234,40.005001068115234,40.112300872802734,39.970001220703125,40.060001373291016,5492.0
2024-03-01 10:07:00,BGNE,163.19259643554688,163.19259643554688,163.19259643554688,163.19259643554688,163.19259643554688,535.0
2024-03-01 10:07:00,BIIB,218.44000244140625,218.44000244140625,218.7100067138672,218.44000244140625,218.45379638671875,2873.0
2024-03-01 10:07:00,BIOL,0.1362999975681305,0.1362999975681305,0.13750000298023224,0.1362999975681305,0.13750000298023224,41896.0
2024-03-01 10:07:00,BIOR,1.2589999437332153,1.2589999437332153,1.2589999437332153,1.2589999437332153,1.2589999437332153,245.0
2024-03-01 10:07:00,BIVI,2.720900058746338,2.720900058746338,2.7599000930786133,2.700000047683716,2.7200000286102295,249576.0
2024-03-01 10:07:00,BLFS,17.760000228881836,17.760000228881836,17.760000228881836,17.695999145507812,17.695999145507812,1807.0
2024-03-01 10:07:00,BLRX,1.3990999460220337,1.3990999460220337,1.3990999460220337,1.3990999460220337,1.3990999460220337,4015.0
2024-03-01 10:07:00,BLUE,1.590000033378601,1.590000033378601,1.5950000286102295,1.5800000429153442,1.5850000381469727,41106.0
2024-03-01 10:07:00,BNTC,4.929999828338623,4.929999828338623,4.929999828338623,4.929999828338623,4.929999828338623,462.0
2024-03-01 10:07:00,BNTX,90.5999984741211,90.5999984741211,90.83000183105469,90.5999984741211,90.76000213623047,3732.0
2024-03-01 10:07:00,BPMC,97.5199966430664,97.5199966430664,97.6500015258789,97.44000244140625,97.61000061035156,2856.0
2024-03-01 10:07:00,BRKR,86.91999816894531,86.91999816894531,86.91999816894531,86.91999816894531,86.91999816894531,347.0
2024-03-01 10:07:00,BRTX,1.5099999904632568,1.5099999904632568,1.5099999904632568,1.5,1.5099999904632568,5407.0
2024-03-01 10:07:00,BSGM,0.6600000262260437,0.6600000262260437,0.6600000262260437,0.6600000262260437,0.6600000262260437,546.0
2024-03-01 10:07:00,BTAI,3.160099983215332,3.160099983215332,3.160099983215332,3.160099983215332,3.160099983215332,477.0
2024-03-01 10:07:00,BTTX,0.16349999606609344,0.16349999606609344,0.16349999606609344,0.16349999606609344,0.16349999606609344,200.0
2024-03-01 10:07:00,BWAY,6.649899959564209,6.649899959564209,6.649899959564209,6.649899959564209,6.649899959564209,1025.0
2024-03-01 10:07:00,CABA,24.315000534057617,24.315000534057617,24.329999923706055,24.299999237060547,24.329999923706055,1720.0
2024-03-01 10:07:00,CARA,0.8679999709129333,0.8679999709129333,0.8686000108718872,0.8679999709129333,0.8686000108718872,1053.0
2024-03-01 10:07:00,CBAY,32.244998931884766,32.244998931884766,32.244998931884766,32.244998931884766,32.244998931884766,390.0
2024-03-01 10:07:00,CCCC,11.0,11.0,11.010000228881836,10.984999656677246,10.984999656677246,16850.0
2024-03-01 10:07:00,CDMO,7.84499979019165,7.84499979019165,7.849999904632568,7.84499979019165,7.849999904632568,1566.0
2024-03-01 10:07:00,CDNA,11.755000114440918,11.755000114440918,11.770000457763672,11.739999771118164,11.770000457763672,569.0
2024-03-01 10:07:00,CDXS,4.259500026702881,4.259500026702881,4.262400150299072,4.259500026702881,4.261199951171875,1568.0
2024-03-01 10:07:00,CELC,15.710000038146973,15.710000038146973,15.710000038146973,15.710000038146973,15.710000038146973,200.0
2024-03-01 10:07:00,CERE,41.130001068115234,41.130001068115234,41.130001068115234,41.12770080566406,41.130001068115234,768.0
2024-03-01 10:07:00,CERS,2.174999952316284,2.174999952316284,2.174999952316284,2.174999952316284,2.174999952316284,20.0
2024-03-01 10:07:00,CERT,17.84000015258789,17.84000015258789,17.84000015258789,17.780000686645508,17.84000015258789,1429.0
2024-03-01 10:07:00,CGC,3.1600000858306885,3.1600000858306885,3.1898999214172363,3.1600000858306885,3.1898999214172363,8035.0
2024-03-01 10:07:00,CGEM,18.790000915527344,18.790000915527344,19.020000457763672,18.55769920349121,18.639999389648438,21335.0
2024-03-01 10:07:00,CGEN,2.629300117492676,2.629300117492676,2.629300117492676,2.629300117492676,2.629300117492676,0.0
2024-03-01 10:07:00,CHRS,2.319200038909912,2.319200038909912,2.3299999237060547,2.309999942779541,2.325000047683716,23473.0
2024-03-01 10:07:00,CJJD,2.957200050354004,2.957200050354004,2.957200050354004,2.957200050354004,2.957200050354004,157.0
2024-03-01 10:07:00,CLDX,50.470001220703125,50.470001220703125,50.63999938964844,50.41999816894531,50.439998626708984,6154.0
2024-03-01 10:07:00,CLNN,0.39500001072883606,0.39500001072883606,0.39500001072883606,0.39500001072883606,0.39500001072883606,0.0
2024-03-01 10:07:00,CLOV,0.8601999878883362,0.8601999878883362,0.8601999878883362,0.8597000241279602,0.8600000143051147,965.0
2024-03-01 10:07:00,CLPT,6.420000076293945,6.420000076293945,6.420000076293945,6.420000076293945,6.420000076293945,386.0
2024-03-01 10:07:00,CMPS,10.5,10.5,10.5,10.5,10.5,109.0
2024-03-01 10:07:00,CMPX,1.809999942779541,1.809999942779541,1.809999942779541,1.809999942779541,1.809999942779541,3.0
2024-03-01 10:07:00,COGT,7.260000228881836,7.260000228881836,7.269999980926514,7.260000228881836,7.260000228881836,740.0
2024-03-01 10:07:00,CORT,23.604999542236328,23.604999542236328,23.604999542236328,23.559999465942383,23.559999465942383,3499.0
2024-03-01 10:07:00,CPRX,16.78499984741211,16.78499984741211,16.790000915527344,16.770000457763672,16.780000686645508,6585.0
2024-03-01 10:07:00,CRBU,8.09000015258789,8.09000015258789,8.100000381469727,8.085000038146973,8.085000038146973,1189.0
2024-03-01 10:07:00,CRDF,2.569999933242798,2.569999933242798,2.630000114440918,2.559999942779541,2.625,142474.0
2024-03-01 10:07:00,CRNX,44.56999969482422,44.56999969482422,44.619998931884766,44.56999969482422,44.619998931884766,2128.0
2024-03-01 10:07:00,CRON,2.0299999713897705,2.0299999713897705,2.030100107192993,2.0299999713897705,2.030100107192993,618.0
2024-03-01 10:07:00,CRSP,85.50499725341797,85.50499725341797,85.80000305175781,85.50499725341797,85.76000213623047,4161.0
2024-03-01 10:07:00,CRVS,2.180000066757202,2.180000066757202,2.180000066757202,2.180000066757202,2.180000066757202,2062.0
2024-03-01 10:07:00,CSTL,19.239900588989258,19.239900588989258,19.239900588989258,19.239900588989258,19.239900588989258,393.0
2024-03-01 10:07:00,CTKB,7.920000076293945,7.920000076293945,7.920000076293945,7.920000076293945,7.920000076293945,1280.0
2024-03-01 10:07:00,CTMX,2.5,2.5,2.5,2.5,2.5,1500.0
2024-03-01 10:07:00,CYTK,74.5,74.5,74.56999969482422,74.48999786376953,74.48999786376953,2942.0
2024-03-01 10:07:00,DAWN,16.979999542236328,16.979999542236328,16.979999542236328,16.979999542236328,16.979999542236328,149.0
2024-03-01 10:07:00,DH,9.069999694824219,9.069999694824219,9.069999694824219,9.069999694824219,9.069999694824219,262.0
2024-03-01 10:07:00,DMTK,0.8999999761581421,0.8999999761581421,0.8999999761581421,0.8949999809265137,0.8949999809265137,526.0
2024-03-01 10:07:00,DNLI,20.604999542236328,20.604999542236328,20.604999542236328,20.600000381469727,20.600000381469727,322.0
2024-03-01 10:07:00,DRTS,2.9100000858306885,2.9100000858306885,2.9100000858306885,2.9100000858306885,2.9100000858306885,3344.0
2024-03-01 10:07:00,DSGN,2.8299999237060547,2.8299999237060547,2.8299999237060547,2.8299999237060547,2.8299999237060547,101.0
2024-03-01 10:07:00,DTIL,12.989999771118164,12.989999771118164,13.0,12.84000015258789,12.849900245666504,32574.0
2024-03-01 10:07:00,DVAX,12.729999542236328,12.729999542236328,12.729999542236328,12.720000267028809,12.720000267028809,1688.0
2024-03-01 10:07:00,DXCM,116.5250015258789,116.5250015258789,116.53500366210938,116.3949966430664,116.3949966430664,3396.0
2024-03-01 10:07:00,DYN,29.674999237060547,29.674999237060547,29.674999237060547,29.674999237060547,29.674999237060547,537.0
2024-03-01 10:07:00,EDIT,10.529999732971191,10.529999732971191,10.5600004196167,10.520099639892578,10.550000190734863,15333.0
2024-03-01 10:07:00,EFTR,14.59000015258789,14.59000015258789,14.59000015258789,14.59000015258789,14.59000015258789,200.0
2024-03-01 10:07:00,ELEV,4.749899864196777,4.749899864196777,4.78000020980835,4.710000038146973,4.710000038146973,2586.0
2024-03-01 10:07:00,EMBC,14.380000114440918,14.380000114440918,14.380000114440918,14.380000114440918,14.380000114440918,106.0
2024-03-01 10:07:00,ENLV,3.140000104904175,3.140000104904175,3.140000104904175,3.140000104904175,3.140000104904175,1702.0
2024-03-01 10:07:00,ENTA,14.640000343322754,14.640000343322754,14.65999984741211,14.640000343322754,14.65999984741211,127.0
2024-03-01 10:07:00,ENVB,1.6318999528884888,1.6318999528884888,1.6399999856948853,1.6200000047683716,1.6200000047683716,13236.0
2024-03-01 10:07:00,EOLS,14.845000267028809,14.845000267028809,14.845000267028809,14.845000267028809,14.845000267028809,32.0
2024-03-01 10:07:00,ERAS,2.4149999618530273,2.4149999618530273,2.4149999618530273,2.4149999618530273,2.4149999618530273,121.0
2024-03-01 10:07:00,ESPR,2.509999990463257,2.509999990463257,2.509999990463257,2.505000114440918,2.505000114440918,835.0
2024-03-01 10:07:00,ESTA,44.77000045776367,44.77000045776367,44.77000045776367,44.77000045776367,44.77000045776367,374.0
2024-03-01 10:07:00,ETNB,12.569999694824219,12.569999694824219,12.569999694824219,12.529999732971191,12.550000190734863,1864.0
2024-03-01 10:07:00,EVO,7.370200157165527,7.370200157165527,7.370200157165527,7.370200157165527,7.370200157165527,100.0
2024-03-01 10:07:00,EWTX,16.405000686645508,16.405000686645508,16.40999984741211,16.405000686645508,16.40999984741211,754.0
2024-03-01 10:07:00,EXAI,6.710400104522705,6.710400104522705,6.710400104522705,6.710400104522705,6.710400104522705,100.0
2024-03-01 10:07:00,EXAS,58.6150016784668,58.6150016784668,58.68000030517578,58.53499984741211,58.53499984741211,8952.0
2024-03-01 10:07:00,EXEL,22.450000762939453,22.450000762939453,22.450000762939453,22.415000915527344,22.415000915527344,2066.0
2024-03-01 10:07:00,EYEN,2.0896999835968018,2.0896999835968018,2.0899999141693115,2.0896999835968018,2.0899999141693115,1425.0
2024-03-01 10:07:00,EYPT,28.045000076293945,28.045000076293945,28.049999237060547,28.010000228881836,28.030000686645508,1941.0
2024-03-01 10:07:00,FATE,7.390600204467773,7.390600204467773,7.401000022888184,7.389999866485596,7.400000095367432,7991.0
2024-03-01 10:07:00,FBIO,2.2100000381469727,2.2100000381469727,2.2149999141693115,2.200000047683716,2.200000047683716,522.0
2024-03-01 10:07:00,FDMT,29.389999389648438,29.389999389648438,29.450000762939453,29.389999389648438,29.440000534057617,2653.0
2024-03-01 10:07:00,FGEN,1.7450000047683716,1.7450000047683716,1.7450000047683716,1.7450000047683716,1.7450000047683716,729.0
2024-03-01 10:07:00,FHTX,8.09000015258789,8.09000015258789,8.09000015258789,8.09000015258789,8.09000015258789,200.0
2024-03-01 10:07:00,FIXX,0.9398000240325928,0.9398000240325928,0.9398000240325928,0.9271000027656555,0.9271000027656555,9949.0
2024-03-01 10:07:00,FOLD,13.390000343322754,13.390000343322754,13.390000343322754,13.380000114440918,13.390000343322754,591.0
2024-03-01 10:07:00,FULC,10.470000267028809,10.470000267028809,10.470000267028809,10.470000267028809,10.470000267028809,141.0
2024-03-01 10:07:00,GALT,1.9987000226974487,1.9987000226974487,1.9987000226974487,1.9987000226974487,1.9987000226974487,167.0
2024-03-01 10:07:00,GBIO,2.4600000381469727,2.4600000381469727,2.4749999046325684,2.4600000381469727,2.4749999046325684,409.0
2024-03-01 10:07:00,GDRX,8.260000228881836,8.260000228881836,8.317299842834473,8.239999771118164,8.3149995803833,17344.0
2024-03-01 10:07:00,GERN,2.0950000286102295,2.0950000286102295,2.0950000286102295,2.0950000286102295,2.0950000286102295,6211.0
2024-03-01 10:07:00,GH,18.985000610351562,18.985000610351562,19.020000457763672,18.979999542236328,19.014999389648438,435.0
2024-03-01 10:07:00,GILD,72.5199966430664,72.5199966430664,72.56999969482422,72.5,72.56999969482422,8603.0
2024-03-01 10:07:00,GMAB,28.725000381469727,28.725000381469727,28.725000381469727,28.725000381469727,28.725000381469727,299.0
2024-03-01 10:07:00,GOSS,1.3450000286102295,1.3450000286102295,1.350000023841858,1.3250000476837158,1.3250000476837158,1515.0
2024-03-01 10:07:00,GRFS,6.800000190734863,6.800000190734863,6.824999809265137,6.789999961853027,6.809999942779541,3984.0
2024-03-01 10:07:00,GRTS,2.0199999809265137,2.0199999809265137,2.0199999809265137,2.015000104904175,2.015000104904175,18337.0
2024-03-01 10:07:00,GRTX,0.23229999840259552,0.23229999840259552,0.23229999840259552,0.23229999840259552,0.23229999840259552,155.0
2024-03-01 10:07:00,HALO,40.91999816894531,40.91999816894531,40.922401428222656,40.89500045776367,40.89500045776367,1061.0
2024-03-01 10:07:00,HARP,22.940000534057617,22.940000534057617,22.94499969482422,22.940000534057617,22.940000534057617,1009.0
2024-03-01 10:07:00,HCAT,8.079999923706055,8.079999923706055,8.079999923706055,8.077300071716309,8.079999923706055,774.0
2024-03-01 10:07:00,HCTI,2.3701000213623047,2.3701000213623047,2.380000114440918,2.369999885559082,2.380000114440918,932.0
2024-03-01 10:07:00,HOLX,73.66000366210938,73.66000366210938,73.66000366210938,73.56999969482422,73.56999969482422,1617.0
2024-03-01 10:07:00,HOOK,0.7900000214576721,0.7900000214576721,0.7900000214576721,0.7900000214576721,0.7900000214576721,100.0
2024-03-01 10:07:00,HOWL,6.985000133514404,6.985000133514404,6.985000133514404,6.985000133514404,6.985000133514404,215.0
2024-03-01 10:07:00,HRMY,31.3799991607666,31.3799991607666,31.3799991607666,31.3799991607666,31.3799991607666,126.0
2024-03-01 10:07:00,HROW,10.75,10.75,10.75,10.75,10.75,596.0
2024-03-01 10:07:00,HRTX,2.634999990463257,2.634999990463257,2.640000104904175,2.625,2.630000114440918,7736.0
2024-03-01 10:07:00,HSIC,77.16999816894531,77.16999816894531,77.16999816894531,77.16999816894531,77.16999816894531,409.0
2024-03-01 10:07:00,HSTM,27.43000030517578,27.43000030517578,27.440000534057617,27.43000030517578,27.440000534057617,520.0
2024-03-01 10:07:00,HUMA,3.1050000190734863,3.1050000190734863,3.109800100326538,3.069999933242798,3.0799999237060547,34598.0
2024-03-01 10:07:00,IART,36.45000076293945,36.45000076293945,36.5099983215332,36.41999816894531,36.5099983215332,15879.0
2024-03-01 10:07:00,IBRX,4.988800048828125,4.988800048828125,4.989999771118164,4.980000019073486,4.980000019073486,5202.0
2024-03-01 10:07:00,ICLR,323.3699951171875,323.3699951171875,323.3699951171875,323.3699951171875,323.3699951171875,670.0
2024-03-01 10:07:00,ICUI,105.18000030517578,105.18000030517578,105.18000030517578,105.18000030517578,105.18000030517578,401.0
2024-03-01 10:07:00,IDXX,568.77001953125,568.77001953125,568.77001953125,568.6199951171875,568.6199951171875,1083.0
2024-03-01 10:07:00,IDYA,45.95000076293945,45.95000076293945,45.95000076293945,45.95000076293945,45.95000076293945,189.0
2024-03-01 10:07:00,IINN,1.6399999856948853,1.6399999856948853,1.6399999856948853,1.6301000118255615,1.6323000192642212,1110.0
2024-03-01 10:07:00,ILMN,137.18499755859375,137.18499755859375,137.18499755859375,136.9949951171875,136.9949951171875,2254.0
2024-03-01 10:07:00,IMAB,1.8550000190734863,1.8550000190734863,1.8550000190734863,1.8550000190734863,1.8550000190734863,200.0
2024-03-01 10:07:00,IMCR,68.93000030517578,68.93000030517578,68.94000244140625,68.69999694824219,68.69999694824219,2668.0
2024-03-01 10:07:00,IMMX,3.509999990463257,3.509999990463257,3.5299999713897705,3.509999990463257,3.5299999713897705,6200.0
2024-03-01 10:07:00,IMNM,25.021900177001953,25.021900177001953,25.021900177001953,24.97330093383789,24.97330093383789,1006.0
2024-03-01 10:07:00,IMNN,1.0651999711990356,1.0651999711990356,1.0850000381469727,1.0651999711990356,1.0850000381469727,1416.0
2024-03-01 10:07:00,IMVT,37.08000183105469,37.08000183105469,37.08000183105469,36.9900016784668,36.9900016784668,1615.0
2024-03-01 10:07:00,INCY,58.880001068115234,58.880001068115234,58.880001068115234,58.84749984741211,58.86000061035156,1544.0
2024-03-01 10:07:00,INGN,6.730000019073486,6.730000019073486,6.755000114440918,6.730000019073486,6.755000114440918,354.0
2024-03-01 10:07:00,INMD,22.475000381469727,22.475000381469727,22.540000915527344,22.475000381469727,22.540000915527344,756.0
2024-03-01 10:07:00,INNV,4.869999885559082,4.869999885559082,4.869999885559082,4.869999885559082,4.869999885559082,1550.0
2024-03-01 10:07:00,INO,9.015000343322754,9.015000343322754,9.015000343322754,9.010000228881836,9.010000228881836,872.0
2024-03-01 10:07:00,INSM,28.200000762939453,28.200000762939453,28.200000762939453,28.149999618530273,28.149999618530273,1205.0
2024-03-01 10:07:00,INVA,15.289999961853027,15.289999961853027,15.350000381469727,15.289999961853027,15.319999694824219,2285.0
2024-03-01 10:07:00,IONS,45.400001525878906,45.400001525878906,45.41999816894531,45.38999938964844,45.41999816894531,6143.0
2024-03-01 10:07:00,IOVA,16.809999465942383,16.809999465942383,16.850000381469727,16.8075008392334,16.846500396728516,9201.0
2024-03-01 10:07:00,IRTC,117.59500122070312,117.59500122070312,117.59500122070312,117.59500122070312,117.59500122070312,193.0
2024-03-01 10:07:00,IRWD,8.871199607849121,8.871199607849121,8.904999732971191,8.871199607849121,8.885000228881836,11932.0
2024-03-01 10:07:00,ISRG,387.2900085449219,387.2900085449219,387.2900085449219,387.07830810546875,387.07830810546875,621.0
2024-03-01 10:07:00,ITCI,71.48999786376953,71.48999786376953,71.48999786376953,71.48999786376953,71.48999786376953,168.0
2024-03-01 10:07:00,ITOS,10.75,10.75,10.75,10.75,10.75,901.0
2024-03-01 10:07:00,IXHL,5.372000217437744,5.372000217437744,5.372000217437744,5.340000152587891,5.340000152587891,770.0
2024-03-01 10:07:00,JAGX,0.07050000131130219,0.07050000131130219,0.07180000096559525,0.07050000131130219,0.07100000232458115,255527.0
2024-03-01 10:07:00,JAZZ,120.7699966430664,120.7699966430664,120.7699966430664,120.75,120.75,1323.0
2024-03-01 10:07:00,KALV,13.885000228881836,13.885000228881836,13.885000228881836,13.885000228881836,13.885000228881836,122.0
2024-03-01 10:07:00,KNSA,21.649999618530273,21.649999618530273,21.68000030517578,21.649999618530273,21.670000076293945,647.0
2024-03-01 10:07:00,KNTE,2.619999885559082,2.619999885559082,2.619999885559082,2.619999885559082,2.619999885559082,220.0
2024-03-01 10:07:00,KOD,6.045000076293945,6.045000076293945,6.050000190734863,6.045000076293945,6.050000190734863,325.0
2024-03-01 10:07:00,KROS,69.00499725341797,69.00499725341797,69.00499725341797,69.00499725341797,69.00499725341797,370.0
2024-03-01 10:07:00,KRTX,316.1549987792969,316.1549987792969,316.1549987792969,316.1549987792969,316.1549987792969,161.0
2024-03-01 10:07:00,KRYS,166.25999450683594,166.25999450683594,166.25999450683594,166.25999450683594,166.25999450683594,121.0
2024-03-01 10:07:00,KTRA,0.10379999876022339,0.10379999876022339,0.1039000004529953,0.10379999876022339,0.1039000004529953,377.0
2024-03-01 10:07:00,KURA,21.200000762939453,21.200000762939453,21.200000762939453,21.170000076293945,21.170000076293945,265.0
2024-03-01 10:07:00,KYMR,43.375,43.375,43.375,43.36000061035156,43.36000061035156,770.0
2024-03-01 10:07:00,KZR,1.090000033378601,1.090000033378601,1.090999960899353,1.0800000429153442,1.090000033378601,9368.0
2024-03-01 10:07:00,LAB,2.2850000858306885,2.2850000858306885,2.2899999618530273,2.2850000858306885,2.2899999618530273,0.0
2024-03-01 10:07:00,LBPH,21.670000076293945,21.670000076293945,21.700000762939453,21.670000076293945,21.690000534057617,892.0
2024-03-01 10:07:00,LEGN,65.56999969482422,65.56999969482422,65.56999969482422,65.56999969482422,65.56999969482422,118.0
2024-03-01 10:07:00,LEXX,2.490000009536743,2.490000009536743,2.4997000694274902,2.490000009536743,2.4930999279022217,3070.0
2024-03-01 10:07:00,LFST,8.024999618530273,8.024999618530273,8.045000076293945,8.020000457763672,8.020000457763672,5732.0
2024-03-01 10:07:00,LMAT,68.91500091552734,68.91500091552734,68.91500091552734,68.91500091552734,68.91500091552734,105.0
2024-03-01 10:07:00,LQDA,14.3100004196167,14.3100004196167,14.3100004196167,14.3100004196167,14.3100004196167,301.0
2024-03-01 10:07:00,LUCD,1.2072999477386475,1.2072999477386475,1.208799958229065,1.2072999477386475,1.208799958229065,3400.0
2024-03-01 10:07:00,LUNG,9.140000343322754,9.140000343322754,9.140000343322754,9.140000343322754,9.140000343322754,100.0
2024-03-01 10:07:00,LVTX,3.0308001041412354,3.0308001041412354,3.030900001525879,3.0299999713897705,3.030100107192993,2153.0
2024-03-01 10:07:00,LXRX,2.4800000190734863,2.4800000190734863,2.4800000190734863,2.4700000286102295,2.4700000286102295,2753.0
2024-03-01 10:07:00,LYEL,3.069999933242798,3.069999933242798,3.075000047683716,3.069999933242798,3.075000047683716,700.0
2024-03-01 10:07:00,MACK,14.699999809265137,14.699999809265137,14.710100173950195,14.699999809265137,14.710100173950195,1045.0
2024-03-01 10:07:00,MASI,126.52999877929688,126.52999877929688,126.52999877929688,126.52999877929688,126.52999877929688,156.0
2024-03-01 10:07:00,MBOT,1.2899999618530273,1.2899999618530273,1.2899999618530273,1.2899999618530273,1.2899999618530273,148.0
2024-03-01 10:07:00,MCRB,1.1749999523162842,1.1749999523162842,1.184999942779541,1.1699999570846558,1.184999942779541,11020.0
2024-03-01 10:07:00,MDGL,245.35000610351562,245.35000610351562,245.35000610351562,245.13999938964844,245.13999938964844,1087.0
2024-03-01 10:07:00,MDRX,6.050000190734863,6.050000190734863,6.050000190734863,5.900000095367432,6.050000190734863,42874.0
2024-03-01 10:07:00,MDXG,8.470000267028809,8.470000267028809,8.475000381469727,8.460000038146973,8.475000381469727,1645.0
2024-03-01 10:07:00,MDXH,3.7200000286102295,3.7200000286102295,3.7249999046325684,3.7200000286102295,3.7249999046325684,2402.0
2024-03-01 10:07:00,ME,0.554099977016449,0.554099977016449,0.5547000169754028,0.5504999756813049,0.5519999861717224,44715.0
2024-03-01 10:07:00,MEDP,399.9599914550781,399.9599914550781,399.9599914550781,399.9599914550781,399.9599914550781,107.0
2024-03-01 10:07:00,MGNX,19.045000076293945,19.045000076293945,19.100000381469727,18.816499710083008,18.816499710083008,40619.0
2024-03-01 10:07:00,MIST,1.6799999475479126,1.6799999475479126,1.7000000476837158,1.6799999475479126,1.7000000476837158,11600.0
2024-03-01 10:07:00,MLTX,52.310001373291016,52.310001373291016,52.310001373291016,52.22999954223633,52.279998779296875,808.0
2024-03-01 10:07:00,MMSI,75.83999633789062,75.83999633789062,75.83999633789062,75.83999633789062,75.83999633789062,131.0
2024-03-01 10:07:00,MNKD,4.454999923706055,4.454999923706055,4.460000038146973,4.453999996185303,4.454999923706055,921.0
2024-03-01 10:07:00,MNMD,5.75,5.75,5.75,5.739699840545654,5.739699840545654,7450.0
2024-03-01 10:07:00,MNPR,0.805899977684021,0.805899977684021,0.805899977684021,0.805899977684021,0.805899977684021,1326.0
2024-03-01 10:07:00,MODD,1.9437999725341797,1.9437999725341797,1.9437999725341797,1.9437999725341797,1.9437999725341797,1600.0
2024-03-01 10:07:00,MODV,27.270000457763672,27.270000457763672,27.270000457763672,26.899999618530273,26.899999618530273,2745.0
2024-03-01 10:07:00,MORF,38.17499923706055,38.17499923706055,38.17499923706055,38.119998931884766,38.119998931884766,408.0
2024-03-01 10:07:00,MREO,3.8499999046325684,3.8499999046325684,3.8499999046325684,3.8499999046325684,3.8499999046325684,915.0
2024-03-01 10:07:00,MRNA,93.96499633789062,93.96499633789062,94.03720092773438,93.87999725341797,93.87999725341797,4273.0
2024-03-01 10:07:00,MRNS,9.720000267028809,9.720000267028809,9.720000267028809,9.6899995803833,9.6899995803833,5551.0
2024-03-01 10:07:00,MRSN,6.083700180053711,6.083700180053711,6.083700180053711,6.019999980926514,6.019999980926514,7062.0
2024-03-01 10:07:00,MRUS,48.98500061035156,48.98500061035156,48.98500061035156,48.939998626708984,48.939998626708984,336.0
2024-03-01 10:07:00,MRVI,7.699999809265137,7.699999809265137,7.699999809265137,7.699999809265137,7.699999809265137,484.0
2024-03-01 10:07:00,MTEM,3.809999942779541,3.809999942779541,3.809999942779541,3.809999942779541,3.809999942779541,140.0
2024-03-01 10:07:00,MXCT,4.659999847412109,4.659999847412109,4.659999847412109,4.650000095367432,4.650000095367432,918.0
2024-03-01 10:07:00,MYGN,20.90999984741211,20.90999984741211,20.90999984741211,20.90999984741211,20.90999984741211,200.0
2024-03-01 10:07:00,NARI,44.84000015258789,44.84000015258789,44.95000076293945,44.84000015258789,44.95000076293945,581.0
2024-03-01 10:07:00,NAUT,2.740000009536743,2.740000009536743,2.740000009536743,2.740000009536743,2.740000009536743,4.0
2024-03-01 10:07:00,NBIX,130.75999450683594,130.75999450683594,130.80999755859375,130.72000122070312,130.74000549316406,6729.0
2024-03-01 10:07:00,NEO,15.630000114440918,15.630000114440918,15.649999618530273,15.630000114440918,15.649999618530273,456.0
2024-03-01 10:07:00,NEOG,16.899999618530273,16.899999618530273,16.899999618530273,16.895000457763672,16.895000457763672,486.0
2024-03-01 10:07:00,NERV,2.5399999618530273,2.5399999618530273,2.5399999618530273,2.4000000953674316,2.5350000858306885,18958.0
2024-03-01 10:07:00,NGM,1.534999966621399,1.534999966621399,1.534999966621399,1.534999966621399,1.534999966621399,501.0
2024-03-01 10:07:00,NNOX,11.199999809265137,11.199999809265137,11.233699798583984,11.199999809265137,11.220000267028809,2183.0
2024-03-01 10:07:00,NOTV,7.324999809265137,7.324999809265137,7.329999923706055,7.324999809265137,7.329999923706055,783.0
2024-03-01 10:07:00,NRBO,5.989999771118164,5.989999771118164,5.989999771118164,5.913400173187256,5.913400173187256,231.0
2024-03-01 10:07:00,NRIX,12.734999656677246,12.734999656677246,12.734999656677246,12.734999656677246,12.734999656677246,1100.0
2024-03-01 10:07:00,NRSN,1.9299999475479126,1.9299999475479126,1.9299999475479126,1.9299999475479126,1.9299999475479126,900.0
2024-03-01 10:07:00,NRXP,0.41499999165534973,0.41499999165534973,0.41499999165534973,0.4099999964237213,0.4099999964237213,27843.0
2024-03-01 10:07:00,NSPR,2.559999942779541,2.559999942779541,2.559999942779541,2.559999942779541,2.559999942779541,176.0
2024-03-01 10:07:00,NTLA,33.15999984741211,33.15999984741211,33.2400016784668,33.15999984741211,33.2400016784668,2762.0
2024-03-01 10:07:00,NTRA,89.40499877929688,89.40499877929688,89.40650177001953,89.19499969482422,89.22000122070312,3673.0
2024-03-01 10:07:00,NUTX,0.11299999803304672,0.11299999803304672,0.11299999803304672,0.11299999803304672,0.11299999803304672,400.0
2024-03-01 10:07:00,NUWE,0.589900016784668,0.589900016784668,0.589900016784668,0.589900016784668,0.589900016784668,0.0
2024-03-01 10:07:00,NVAX,4.960000038146973,4.960000038146973,4.96999979019165,4.960000038146973,4.960000038146973,3945.0
2024-03-01 10:07:00,NVCR,15.4399995803833,15.4399995803833,15.4399995803833,15.40999984741211,15.430000305175781,2154.0
2024-03-01 10:07:00,NVNO,6.419000148773193,6.419000148773193,6.419000148773193,6.419000148773193,6.419000148773193,0.0
2024-03-01 10:07:00,OCGN,0.9318000078201294,0.9318000078201294,0.9318000078201294,0.9300000071525574,0.9300000071525574,0.0
2024-03-01 10:07:00,OCUL,10.329999923706055,10.329999923706055,10.329999923706055,10.300000190734863,10.300000190734863,2906.0
2024-03-01 10:07:00,OGI,2.0810000896453857,2.0810000896453857,2.0810000896453857,2.0810000896453857,2.0810000896453857,1003.0
2024-03-01 10:07:00,OLMA,12.947600364685059,12.947600364685059,12.947600364685059,12.947600364685059,12.947600364685059,1057.0
2024-03-01 10:07:00,OM,3.0,3.0,3.0,3.0,3.0,1223.0
2024-03-01 10:07:00,OMCL,26.135000228881836,26.135000228881836,26.149999618530273,26.1299991607666,26.149999618530273,999.0
2024-03-01 10:07:00,OMER,4.699999809265137,4.699999809265137,4.730000019073486,4.699999809265137,4.730000019073486,1125.0
2024-03-01 10:07:00,OMGA,4.085000038146973,4.085000038146973,4.090000152587891,4.085000038146973,4.090000152587891,1177.0
2024-03-01 10:07:00,OMIC,0.5724999904632568,0.5724999904632568,0.5724999904632568,0.5724999904632568,0.5724999904632568,235.0
2024-03-01 10:07:00,ONCY,1.0738999843597412,1.0738999843597412,1.0738999843597412,1.0716999769210815,1.0738999843597412,11404.0
2024-03-01 10:08:00,AADI,1.9900000095367432,1.9900000095367432,1.9900000095367432,1.9900000095367432,1.9900000095367432,11.0
2024-03-01 10:08:00,ABEO,7.53000020980835,7.53000020980835,7.53000020980835,7.53000020980835,7.53000020980835,30.0
2024-03-01 10:08:00,ABOS,4.570000171661377,4.570000171661377,4.570000171661377,4.570000171661377,4.570000171661377,822.0
2024-03-01 10:08:00,ABSI,5.110000133514404,5.110000133514404,5.114999771118164,5.110000133514404,5.114999771118164,400.0
2024-03-01 10:08:00,ABUS,2.7850000858306885,2.7850000858306885,2.7899999618530273,2.7799999713897705,2.7799999713897705,5659.0
2024-03-01 10:08:00,ACAD,23.440000534057617,23.440000534057617,23.440000534057617,23.440000534057617,23.440000534057617,426.0
2024-03-01 10:08:00,ACB,3.0106000900268555,3.0106000900268555,3.019700050354004,3.0097999572753906,3.0099000930786133,4985.0
2024-03-01 10:08:00,ACCD,10.210000038146973,10.210000038146973,10.239999771118164,10.179900169372559,10.179900169372559,21192.0
2024-03-01 10:08:00,ACET,2.3399999141693115,2.3399999141693115,2.3399999141693115,2.3399999141693115,2.3399999141693115,101.0
2024-03-01 10:08:00,ACHL,1.3701000213623047,1.3701000213623047,1.3701000213623047,1.3701000213623047,1.3701000213623047,458.0
2024-03-01 10:08:00,ACHV,3.9800000190734863,3.9800000190734863,3.9800000190734863,3.9800000190734863,3.9800000190734863,0.0
2024-03-01 10:08:00,ACIU,3.851799964904785,3.851799964904785,3.851799964904785,3.851799964904785,3.851799964904785,0.0
2024-03-01 10:08:00,ACLX,69.66020202636719,69.66020202636719,69.68000030517578,69.66020202636719,69.68000030517578,332.0
2024-03-01 10:08:00,ACRS,1.2300000190734863,1.2300000190734863,1.2350000143051147,1.2300000190734863,1.2350000143051147,1506.0
2024-03-01 10:08:00,ADAP,1.5800000429153442,1.5800000429153442,1.5800000429153442,1.5800000429153442,1.5800000429153442,353.0
2024-03-01 10:08:00,ADIL,3.2497000694274902,3.2497000694274902,3.339900016784668,3.1700000762939453,3.2750000953674316,249677.0
2024-03-01 10:08:00,ADMA,5.355000019073486,5.355000019073486,5.360000133514404,5.355000019073486,5.360000133514404,919.0
2024-03-01 10:08:00,ADVM,1.965000033378601,1.965000033378601,1.965000033378601,1.965000033378601,1.965000033378601,327.0
2024-03-01 10:08:00,AGEN,0.6726999878883362,0.6726999878883362,0.6772000193595886,0.6726999878883362,0.6772000193595886,12061.0
2024-03-01 10:08:00,AGIO,32.59000015258789,32.59000015258789,32.60499954223633,32.56999969482422,32.59000015258789,1245.0
2024-03-01 10:08:00,AGRX,0.8306000232696533,0.8306000232696533,0.8306000232696533,0.8306000232696533,0.8306000232696533,563.0
2024-03-01 10:08:00,AHCO,10.4399995803833,10.4399995803833,10.4399995803833,10.425000190734863,10.425000190734863,525.0
2024-03-01 10:08:00,AIMD,1.0099999904632568,1.0099999904632568,1.0099999904632568,1.0099999904632568,1.0099999904632568,235.0
2024-03-01 10:08:00,AIRS,6.449999809265137,6.449999809265137,6.449999809265137,6.449999809265137,6.449999809265137,200.0
2024-03-01 10:08:00,AKBA,1.6349999904632568,1.6349999904632568,1.6349999904632568,1.6349999904632568,1.6349999904632568,2527.0
2024-03-01 10:08:00,AKRO,28.09000015258789,28.09000015258789,28.1200008392334,27.979999542236328,27.979999542236328,2253.0
2024-03-01 10:08:00,AKYA,5.949999809265137,5.949999809265137,5.949999809265137,5.899400234222412,5.899400234222412,1354.0
2024-03-01 10:08:00,ALDX,4.039999961853027,4.039999961853027,4.050000190734863,4.03000020980835,4.040200233459473,6086.0
2024-03-01 10:08:00,ALEC,7.260000228881836,7.260000228881836,7.260000228881836,7.260000228881836,7.260000228881836,317.0
2024-03-01 10:08:00,ALGN,298.7850036621094,298.7850036621094,298.7850036621094,298.7850036621094,298.7850036621094,165.0
2024-03-01 10:08:00,ALHC,5.980000019073486,5.980000019073486,5.989999771118164,5.980000019073486,5.989999771118164,1610.0
2024-03-01 10:08:00,ALKS,30.040000915527344,30.040000915527344,30.049999237060547,30.010000228881836,30.01219940185547,1812.0
2024-03-01 10:08:00,ALLK,1.5750000476837158,1.5750000476837158,1.5800000429153442,1.5750000476837158,1.5800000429153442,1922.0
2024-03-01 10:08:00,ALLO,4.985000133514404,4.985000133514404,4.985799789428711,4.985000133514404,4.985799789428711,601.0
2024-03-01 10:08:00,ALNY,152.5050048828125,152.5050048828125,152.5050048828125,152.5050048828125,152.5050048828125,120.0
2024-03-01 10:08:00,ALPN,36.34349822998047,36.34349822998047,36.34349822998047,36.28499984741211,36.28499984741211,1555.0
2024-03-01 10:08:00,ALRN,4.860000133514404,4.860000133514404,4.860000133514404,4.840000152587891,4.855000019073486,1400.0
2024-03-01 10:08:00,ALT,12.180000305175781,12.180000305175781,12.1899995803833,12.152199745178223,12.152199745178223,7812.0
2024-03-01 10:08:00,ALVO,15.699999809265137,15.699999809265137,15.710000038146973,15.6899995803833,15.6899995803833,1511.0
2024-03-01 10:08:00,AMGN,278.8599853515625,278.8599853515625,278.8599853515625,278.5299987792969,278.5350036621094,4028.0
2024-03-01 10:08:00,AMLX,18.90999984741211,18.90999984741211,18.90999984741211,18.860000610351562,18.860000610351562,1660.0
2024-03-01 10:08:00,AMPH,46.400001525878906,46.400001525878906,46.5,46.28499984741211,46.28499984741211,3694.0
2024-03-01 10:08:00,AMRN,1.0149999856948853,1.0149999856948853,1.0149999856948853,1.0099999904632568,1.0099999904632568,0.0
2024-03-01 10:08:00,ANGO,5.295000076293945,5.295000076293945,5.295000076293945,5.289999961853027,5.289999961853027,563.0
2024-03-01 10:08:00,ANIP,66.86499786376953,66.86499786376953,66.86900329589844,66.4800033569336,66.4800033569336,597.0
2024-03-01 10:08:00,ANNX,5.949999809265137,5.949999809265137,5.949999809265137,5.900000095367432,5.940000057220459,93886.0
2024-03-01 10:08:00,ANTX,2.9600000381469727,2.9600000381469727,2.9600000381469727,2.9600000381469727,2.9600000381469727,379.0
2024-03-01 10:08:00,APLS,62.54999923706055,62.54999923706055,62.599998474121094,62.290000915527344,62.310001373291016,7370.0
2024-03-01 10:08:00,APLT,7.400000095367432,7.400000095367432,7.400000095367432,7.380000114440918,7.380000114440918,503.0
2024-03-01 10:08:00,APRE,8.819999694824219,8.819999694824219,8.819999694824219,8.819999694824219,8.819999694824219,262.0
2024-03-01 10:08:00,AQST,4.210000038146973,4.210000038146973,4.218100070953369,4.205900192260742,4.205900192260742,4036.0
2024-03-01 10:08:00,ARAY,2.5999999046325684,2.5999999046325684,2.5999999046325684,2.5950000286102295,2.5950000286102295,1420.0
2024-03-01 10:08:00,ARCT,40.369998931884766,40.369998931884766,40.45000076293945,40.369998931884766,40.45000076293945,807.0
2024-03-01 10:08:00,ARDX,9.70989990234375,9.70989990234375,9.70989990234375,9.660699844360352,9.660699844360352,4156.0
2024-03-01 10:08:00,ARGX,381.9599914550781,381.9599914550781,382.0450134277344,381.9599914550781,382.010009765625,917.0
2024-03-01 10:08:00,ARQT,10.979999542236328,10.979999542236328,11.050000190734863,10.979999542236328,11.0,3861.0
2024-03-01 10:08:00,ARTL,1.5254000425338745,1.5254000425338745,1.5254000425338745,1.5254000425338745,1.5254000425338745,0.0
2024-03-01 10:08:00,ARVN,50.005001068115234,50.005001068115234,50.005001068115234,49.91999816894531,49.95000076293945,2261.0
2024-03-01 10:08:00,ARWR,34.244998931884766,34.244998931884766,34.244998931884766,34.15999984741211,34.189998626708984,1430.0
2024-03-01 10:08:00,ASLN,0.8600999712944031,0.8600999712944031,0.8600999712944031,0.8600000143051147,0.8600000143051147,6113.0
2024-03-01 10:08:00,ASND,148.42999267578125,148.42999267578125,148.72000122070312,148.42999267578125,148.69000244140625,2476.0
2024-03-01 10:08:00,ASRT,0.9100000262260437,0.9100000262260437,0.9100000262260437,0.9100000262260437,0.9100000262260437,107.0
2024-03-01 10:08:00,ATEC,13.225000381469727,13.225000381469727,13.229999542236328,13.217499732971191,13.217499732971191,2573.0
2024-03-01 10:08:00,ATHA,3.8864998817443848,3.8864998817443848,3.8864998817443848,3.8864998817443848,3.8864998817443848,100.0
2024-03-01 10:08:00,ATRA,0.7900000214576721,0.7900000214576721,0.7900000214576721,0.7836999893188477,0.7860999703407288,1026.0
2024-03-01 10:08:00,ATRC,35.130001068115234,35.130001068115234,35.130001068115234,35.130001068115234,35.130001068115234,375.0
2024-03-01 10:08:00,ATXS,14.869999885559082,14.869999885559082,14.869999885559082,14.8100004196167,14.8100004196167,1283.0
2024-03-01 10:08:00,AUGX,4.505000114440918,4.505000114440918,4.505000114440918,4.489999771118164,4.489999771118164,417.0
2024-03-01 10:08:00,AUPH,5.71999979019165,5.71999979019165,5.724999904632568,5.710000038146973,5.710000038146973,4532.0
2024-03-01 10:08:00,AURA,9.220000267028809,9.220000267028809,9.234999656677246,9.220000267028809,9.220000267028809,733.0
2024-03-01 10:08:00,AUTL,6.199999809265137,6.199999809265137,6.204999923706055,6.199999809265137,6.204999923706055,3802.0
2024-03-01 10:08:00,AVDL,12.720000267028809,12.720000267028809,12.789999961853027,12.720000267028809,12.78499984741211,3213.0
2024-03-01 10:08:00,AVIR,4.34499979019165,4.34499979019165,4.34499979019165,4.340000152587891,4.340000152587891,419.0
2024-03-01 10:08:00,AVXL,5.239999771118164,5.239999771118164,5.25,5.239999771118164,5.25,716.0
2024-03-01 10:08:00,AXNX,67.52999877929688,67.52999877929688,67.52999877929688,67.52999877929688,67.52999877929688,1171.0
2024-03-01 10:08:00,AZN,64.23999786376953,64.23999786376953,64.26000213623047,64.23999786376953,64.26000213623047,2142.0
2024-03-01 10:08:00,BBIO,35.54999923706055,35.54999923706055,35.54999923706055,35.540000915527344,35.540000915527344,441.0
2024-03-01 10:08:00,BBLG,2.47979998588562,2.47979998588562,2.6600000858306885,2.47979998588562,2.640000104904175,3662.0
2024-03-01 10:08:00,BCRX,5.695000171661377,5.695000171661377,5.695000171661377,5.695000171661377,5.695000171661377,802.0
2024-03-01 10:08:00,BDSX,1.6299999952316284,1.6299999952316284,1.6799999475479126,1.6299999952316284,1.6799999475479126,1800.0
2024-03-01 10:08:00,BEAM,40.06999969482422,40.06999969482422,40.06999969482422,40.0099983215332,40.0099983215332,1368.0
2024-03-01 10:08:00,BGXX,0.26499998569488525,0.26499998569488525,0.27300000190734863,0.26499998569488525,0.27300000190734863,1110.0
2024-03-01 10:08:00,BIIB,218.67990112304688,218.67990112304688,218.67990112304688,218.67990112304688,218.67990112304688,1904.0
2024-03-01 10:08:00,BIOL,0.13670000433921814,0.13670000433921814,0.13689999282360077,0.1363999992609024,0.13689999282360077,3274.0
2024-03-01 10:08:00,BIOR,1.2589999437332153,1.2589999437332153,1.2589999437332153,1.2589999437332153,1.2589999437332153,202.0
2024-03-01 10:08:00,BIVI,2.740000009536743,2.740000009536743,2.759999990463257,2.6500000953674316,2.7100000381469727,323876.0
2024-03-01 10:08:00,BLRX,1.3899999856948853,1.3899999856948853,1.3948999643325806,1.3809000253677368,1.3809000253677368,8500.0
2024-03-01 10:08:00,BLUE,1.5850000381469727,1.5850000381469727,1.590000033378601,1.5800000429153442,1.589900016784668,13101.0
2024-03-01 10:08:00,BMEA,17.78499984741211,17.78499984741211,17.81999969482422,17.780000686645508,17.780000686645508,664.0
2024-03-01 10:08:00,BMRN,86.14399719238281,86.14399719238281,86.19999694824219,86.0999984741211,86.19999694824219,1646.0
2024-03-01 10:08:00,BNGO,1.23989999294281,1.23989999294281,1.23989999294281,1.2350000143051147,1.2350000143051147,2730.0
2024-03-01 10:08:00,BNTX,90.52619934082031,90.52619934082031,90.52619934082031,90.4800033569336,90.4800033569336,814.0
2024-03-01 10:08:00,BRKR,86.8949966430664,86.8949966430664,86.9800033569336,86.8949966430664,86.9800033569336,1810.0
2024-03-01 10:08:00,BRTX,1.5,1.5,1.5099999904632568,1.5,1.5099999904632568,1700.0
2024-03-01 10:08:00,BTCY,0.949999988079071,0.949999988079071,0.949999988079071,0.949999988079071,0.949999988079071,857.0
2024-03-01 10:08:00,CARA,0.8684999942779541,0.8684999942779541,0.8684999942779541,0.8679999709129333,0.8679999709129333,306.0
2024-03-01 10:08:00,CASI,5.53000020980835,5.53000020980835,5.53000020980835,5.53000020980835,5.53000020980835,140.0
2024-03-01 10:08:00,CBAY,32.23500061035156,32.23500061035156,32.247501373291016,32.23500061035156,32.247501373291016,4714.0
2024-03-01 10:08:00,CCCC,11.047499656677246,11.047499656677246,11.050000190734863,10.978799819946289,10.989999771118164,7413.0
2024-03-01 10:08:00,CCRN,17.799999237060547,17.799999237060547,17.799999237060547,17.799999237060547,17.799999237060547,437.0
2024-03-01 10:08:00,CDNA,11.635000228881836,11.635000228881836,11.739999771118164,11.635000228881836,11.739999771118164,1406.0
2024-03-01 10:08:00,CDXS,4.230000019073486,4.230000019073486,4.260000228881836,4.21999979019165,4.260000228881836,9531.0
2024-03-01 10:08:00,CELC,15.720000267028809,15.720000267028809,15.720000267028809,15.720000267028809,15.720000267028809,51.0
2024-03-01 10:08:00,CERE,41.130001068115234,41.130001068115234,41.1349983215332,41.130001068115234,41.1349983215332,2240.0
2024-03-01 10:08:00,CERT,17.915000915527344,17.915000915527344,17.940000534057617,17.84000015258789,17.84000015258789,6842.0
2024-03-01 10:08:00,CGC,3.1698999404907227,3.1698999404907227,3.174999952316284,3.1600000858306885,3.1600000858306885,8588.0
2024-03-01 10:08:00,CGEM,18.780000686645508,18.780000686645508,18.8799991607666,18.770000457763672,18.780000686645508,1032.0
2024-03-01 10:08:00,CGEN,2.5999999046325684,2.5999999046325684,2.6110000610351562,2.5999999046325684,2.6105000972747803,10534.0
2024-03-01 10:08:00,CHRS,2.319999933242798,2.319999933242798,2.319999933242798,2.319999933242798,2.319999933242798,324.0
2024-03-01 10:08:00,CJJD,2.860100030899048,2.860100030899048,2.860100030899048,2.860100030899048,2.860100030899048,531.0
2024-03-01 10:08:00,CLDX,50.76499938964844,50.76499938964844,50.775001525878906,50.560001373291016,50.592098236083984,3524.0
2024-03-01 10:08:00,CLNN,0.39500001072883606,0.39500001072883606,0.39500001072883606,0.39500001072883606,0.39500001072883606,100.0
2024-03-01 10:08:00,CLOV,0.8600999712944031,0.8600999712944031,0.8601999878883362,0.8600999712944031,0.8601999878883362,26128.0
2024-03-01 10:08:00,CLPT,6.389999866485596,6.389999866485596,6.420000076293945,6.389999866485596,6.409999847412109,1101.0
2024-03-01 10:08:00,CMPS,10.510000228881836,10.510000228881836,10.510000228881836,10.510000228881836,10.510000228881836,288.0
2024-03-01 10:08:00,CMPX,1.8600000143051147,1.8600000143051147,1.8600000143051147,1.840000033378601,1.840000033378601,441.0
2024-03-01 10:08:00,CMRX,1.1375999450683594,1.1375999450683594,1.1398999691009521,1.1375999450683594,1.1398999691009521,1690.0
2024-03-01 10:08:00,CNSP,0.28450000286102295,0.28450000286102295,0.28450000286102295,0.28450000286102295,0.28450000286102295,727.0
2024-03-01 10:08:00,CNTA,10.420000076293945,10.420000076293945,10.545000076293945,10.390000343322754,10.545000076293945,51274.0
2024-03-01 10:08:00,COLL,37.347198486328125,37.347198486328125,37.380001068115234,37.347198486328125,37.36899948120117,864.0
2024-03-01 10:08:00,CORT,23.610000610351562,23.610000610351562,23.610000610351562,23.610000610351562,23.610000610351562,229.0
2024-03-01 10:08:00,CPRX,16.75,16.75,16.81999969482422,16.75,16.790000915527344,3372.0
2024-03-01 10:08:00,CRBP,31.520000457763672,31.520000457763672,31.520000457763672,31.177099227905273,31.239200592041016,1579.0
2024-03-01 10:08:00,CRBU,8.079999923706055,8.079999923706055,8.082900047302246,8.069999694824219,8.074999809265137,3049.0
2024-03-01 10:08:00,CRDF,2.499000072479248,2.499000072479248,2.5899999141693115,2.4800000190734863,2.575000047683716,156285.0
2024-03-01 10:08:00,CRDL,2.0399999618530273,2.0399999618530273,2.0399999618530273,2.0399999618530273,2.0399999618530273,665.0
2024-03-01 10:08:00,CRMD,3.6184000968933105,3.6184000968933105,3.6184000968933105,3.6184000968933105,3.6184000968933105,254.0
2024-03-01 10:08:00,CRSP,85.4800033569336,85.4800033569336,85.54750061035156,85.4800033569336,85.52999877929688,2220.0
2024-03-01 10:08:00,CTKB,7.929999828338623,7.929999828338623,7.929999828338623,7.920000076293945,7.920000076293945,1854.0
2024-03-01 10:08:00,CTMX,2.494999885559082,2.494999885559082,2.5,2.494999885559082,2.5,766.0
2024-03-01 10:08:00,CUE,2.0975000858306885,2.0975000858306885,2.0975000858306885,2.0799999237060547,2.0799999237060547,1454.0
2024-03-01 10:08:00,CUTR,2.299999952316284,2.299999952316284,2.309799909591675,2.299999952316284,2.309799909591675,1292.0
2024-03-01 10:08:00,CVRX,19.7450008392334,19.7450008392334,19.7450008392334,19.7450008392334,19.7450008392334,619.0
2024-03-01 10:08:00,CYTK,74.4800033569336,74.4800033569336,74.55000305175781,74.46089935302734,74.46089935302734,5117.0
2024-03-01 10:08:00,DARE,0.5799000263214111,0.5799000263214111,0.5799000263214111,0.5799000263214111,0.5799000263214111,503.0
2024-03-01 10:08:00,DAWN,17.010000228881836,17.010000228881836,17.010000228881836,17.010000228881836,17.010000228881836,409.0
2024-03-01 10:08:00,DCPH,17.0,17.0,17.0,17.0,17.0,531.0
2024-03-01 10:08:00,DMTK,0.8899999856948853,0.8899999856948853,0.8999999761581421,0.8899999856948853,0.8999000191688538,9378.0
2024-03-01 10:08:00,DNLI,20.610000610351562,20.610000610351562,20.6299991607666,20.600000381469727,20.6299991607666,1432.0
2024-03-01 10:08:00,DRIO,2.0250000953674316,2.0250000953674316,2.0250000953674316,2.0250000953674316,2.0250000953674316,392.0
2024-03-01 10:08:00,DTIL,13.0,13.0,13.0,12.908599853515625,12.908599853515625,23901.0
2024-03-01 10:08:00,DVAX,12.734999656677246,12.734999656677246,12.739999771118164,12.725000381469727,12.725000381469727,1346.0
2024-03-01 10:08:00,DXCM,116.63500213623047,116.63500213623047,116.69000244140625,116.58999633789062,116.59500122070312,4763.0
2024-03-01 10:08:00,DYN,29.645000457763672,29.645000457763672,29.795000076293945,29.540000915527344,29.790000915527344,883.0
2024-03-01 10:08:00,EDIT,10.5600004196167,10.5600004196167,10.5600004196167,10.521200180053711,10.521200180053711,1043.0
2024-03-01 10:08:00,EFTR,14.5,14.5,14.5,14.400099754333496,14.400099754333496,200.0
2024-03-01 10:08:00,EGRX,6.210000038146973,6.210000038146973,6.210000038146973,6.210000038146973,6.210000038146973,315.0
2024-03-01 10:08:00,ELEV,4.650000095367432,4.650000095367432,4.710000038146973,4.650000095367432,4.710000038146973,3242.0
2024-03-01 10:08:00,EMBC,14.380000114440918,14.380000114440918,14.380000114440918,14.380000114440918,14.380000114440918,262.0
2024-03-01 10:08:00,ENSG,124.0199966430664,124.0199966430664,124.0199966430664,124.0199966430664,124.0199966430664,122.0
2024-03-01 10:08:00,ENTA,14.649999618530273,14.649999618530273,14.65999984741211,14.630000114440918,14.630000114440918,530.0
2024-03-01 10:08:00,ENVB,1.7000000476837158,1.7000000476837158,1.7100000381469727,1.6349999904632568,1.6349999904632568,72712.0
2024-03-01 10:08:00,EOLS,14.859999656677246,14.859999656677246,14.859999656677246,14.845000267028809,14.850000381469727,3606.0
2024-03-01 10:08:00,ESPR,2.505000114440918,2.505000114440918,2.509999990463257,2.505000114440918,2.509999990463257,1870.0
2024-03-01 10:08:00,ETNB,12.619999885559082,12.619999885559082,12.619999885559082,12.574999809265137,12.574999809265137,1618.0
2024-03-01 10:08:00,EVO,7.369999885559082,7.369999885559082,7.369999885559082,7.369999885559082,7.369999885559082,1354.0
2024-03-01 10:08:00,EWTX,16.46500015258789,16.46500015258789,16.479999542236328,16.43000030517578,16.43000030517578,1478.0
2024-03-01 10:08:00,EXAS,58.72949981689453,58.72949981689453,58.72949981689453,58.595001220703125,58.619998931884766,5881.0
2024-03-01 10:08:00,EXEL,22.468799591064453,22.468799591064453,22.469999313354492,22.459999084472656,22.459999084472656,1446.0
2024-03-01 10:08:00,EYEN,2.089099884033203,2.089099884033203,2.089099884033203,2.089099884033203,2.089099884033203,473.0
2024-03-01 10:08:00,EYPT,28.100000381469727,28.100000381469727,28.170000076293945,28.049999237060547,28.049999237060547,3178.0
2024-03-01 10:08:00,FATE,7.414999961853027,7.414999961853027,7.420000076293945,7.394999980926514,7.394999980926514,1571.0
2024-03-01 10:08:00,FBIO,2.2300000190734863,2.2300000190734863,2.2300000190734863,2.2300000190734863,2.2300000190734863,1003.0
2024-03-01 10:08:00,FBIOP,15.454899787902832,15.454899787902832,15.454899787902832,15.454899787902832,15.454899787902832,0.0
2024-03-01 10:08:00,FDMT,29.350000381469727,29.350000381469727,29.46500015258789,29.350000381469727,29.46500015258789,3525.0
2024-03-01 10:08:00,FEMY,1.7077000141143799,1.7077000141143799,1.7077000141143799,1.7077000141143799,1.7077000141143799,335.0
2024-03-01 10:08:00,FGEN,1.7450000047683716,1.7450000047683716,1.7450000047683716,1.7400000095367432,1.7450000047683716,500.0
2024-03-01 10:08:00,FHTX,8.0,8.0,8.100000381469727,8.0,8.100000381469727,2000.0
2024-03-01 10:08:00,FIXX,0.9399999976158142,0.9399999976158142,0.9399999976158142,0.9399999976158142,0.9399999976158142,1065.0
2024-03-01 10:08:00,FLGT,22.975000381469727,22.975000381469727,22.979999542236328,22.975000381469727,22.977500915527344,401.0
2024-03-01 10:08:00,FOLD,13.369999885559082,13.369999885559082,13.390000343322754,13.369999885559082,13.390000343322754,3176.0
2024-03-01 10:08:00,FULC,10.5,10.5,10.5,10.489999771118164,10.489999771118164,359.0
2024-03-01 10:08:00,GALT,2.0,2.0,2.0,2.0,2.0,537.0
2024-03-01 10:08:00,GBIO,2.4700000286102295,2.4700000286102295,2.4700000286102295,2.4700000286102295,2.4700000286102295,322.0
2024-03-01 10:08:00,GDRX,8.260000228881836,8.260000228881836,8.267200469970703,8.25,8.250100135803223,19210.0
2024-03-01 10:08:00,GERN,2.0950000286102295,2.0950000286102295,2.099900007247925,2.0950000286102295,2.099900007247925,5504.0
2024-03-01 10:08:00,GH,19.020000457763672,19.020000457763672,19.020000457763672,19.010000228881836,19.010000228881836,409.0
2024-03-01 10:08:00,GHRS,9.020000457763672,9.020000457763672,9.020000457763672,9.020000457763672,9.020000457763672,173.0
2024-03-01 10:08:00,GILD,72.51000213623047,72.51000213623047,72.51000213623047,72.5,72.50700378417969,1484.0
2024-03-01 10:08:00,GMAB,28.760000228881836,28.760000228881836,28.760000228881836,28.760000228881836,28.760000228881836,219.0
2024-03-01 10:08:00,GMDA,0.3763999938964844,0.3763999938964844,0.3763999938964844,0.3763999938964844,0.3763999938964844,8541.0
2024-03-01 10:08:00,GOSS,1.3450000286102295,1.3450000286102295,1.350000023841858,1.3450000286102295,1.3450000286102295,3098.0
2024-03-01 10:08:00,GRFS,6.829999923706055,6.829999923706055,6.840000152587891,6.79010009765625,6.79010009765625,9609.0
2024-03-01 10:08:00,GRTS,2.028899908065796,2.028899908065796,2.0299999713897705,2.0201001167297363,2.0201001167297363,7671.0
2024-03-01 10:08:00,GRTX,0.23240000009536743,0.23240000009536743,0.23240000009536743,0.2321999967098236,0.23229999840259552,20010.0
2024-03-01 10:08:00,GTHX,3.449899911880493,3.449899911880493,3.449899911880493,3.440000057220459,3.449899911880493,1597.0
2024-03-01 10:08:00,HALO,40.89500045776367,40.89500045776367,40.93000030517578,40.86000061035156,40.86000061035156,1942.0
2024-03-01 10:08:00,HARP,22.940000534057617,22.940000534057617,22.950000762939453,22.940000534057617,22.950000762939453,5623.0
2024-03-01 10:08:00,HCAT,8.055000305175781,8.055000305175781,8.0600004196167,8.039999961853027,8.0600004196167,940.0
2024-03-01 10:08:00,HCM,15.260000228881836,15.260000228881836,15.260000228881836,15.260000228881836,15.260000228881836,104.0
2024-03-01 10:08:00,HCSG,12.609999656677246,12.609999656677246,12.609999656677246,12.595000267028809,12.604999542236328,27907.0
2024-03-01 10:08:00,HCTI,2.4398999214172363,2.4398999214172363,2.4398999214172363,2.4100000858306885,2.4100000858306885,516.0
2024-03-01 10:08:00,HLVX,18.770000457763672,18.770000457763672,18.770000457763672,18.770000457763672,18.770000457763672,376.0
2024-03-01 10:08:00,HOLX,73.66000366210938,73.66000366210938,73.70500183105469,73.66000366210938,73.70500183105469,897.0
2024-03-01 10:08:00,HQY,82.23500061035156,82.23500061035156,82.23500061035156,82.16000366210938,82.19000244140625,884.0
2024-03-01 10:08:00,HRMY,31.40999984741211,31.40999984741211,31.40999984741211,31.360000610351562,31.385000228881836,635.0
2024-03-01 10:08:00,HRTX,2.6391000747680664,2.6391000747680664,2.640000104904175,2.637500047683716,2.640000104904175,1678.0
2024-03-01 10:08:00,HSIC,77.09500122070312,77.09500122070312,77.25499725341797,77.08999633789062,77.25499725341797,1378.0
2024-03-01 10:08:00,HUMA,3.134999990463257,3.134999990463257,3.140000104904175,3.1050000190734863,3.109299898147583,47135.0
2024-03-01 10:08:00,IART,36.41999816894531,36.41999816894531,36.41999816894531,36.41999816894531,36.41999816894531,337.0
2024-03-01 10:08:00,IBRX,4.929999828338623,4.929999828338623,4.989999771118164,4.929999828338623,4.989999771118164,14543.0
2024-03-01 10:08:00,ICCM,1.2999999523162842,1.2999999523162842,1.2999999523162842,1.2999999523162842,1.2999999523162842,200.0
2024-03-01 10:08:00,ICLR,324.92498779296875,324.92498779296875,324.92498779296875,323.739990234375,323.739990234375,1107.0
2024-03-01 10:08:00,IDYA,45.959999084472656,45.959999084472656,45.970001220703125,45.93000030517578,45.93000030517578,658.0
2024-03-01 10:08:00,IINN,1.6399999856948853,1.6399999856948853,1.6399999856948853,1.6399999856948853,1.6399999856948853,704.0
2024-03-01 10:08:00,ILMN,137.22999572753906,137.22999572753906,137.30499267578125,137.22999572753906,137.30499267578125,547.0
2024-03-01 10:08:00,IMAB,1.8550000190734863,1.8550000190734863,1.8550000190734863,1.8509000539779663,1.8509000539779663,301.0
2024-03-01 10:08:00,IMCR,68.86499786376953,68.86499786376953,68.9000015258789,68.86499786376953,68.9000015258789,508.0
2024-03-01 10:08:00,IMMX,3.5450000762939453,3.5450000762939453,3.5450000762939453,3.5,3.5,0.0
2024-03-01 10:08:00,IMNM,25.014999389648438,25.014999389648438,25.110000610351562,25.014999389648438,25.110000610351562,250.0
2024-03-01 10:08:00,IMTX,12.890000343322754,12.890000343322754,12.890000343322754,12.869999885559082,12.869999885559082,408.0
2024-03-01 10:08:00,IMUX,1.4950000047683716,1.4950000047683716,1.4950000047683716,1.4950000047683716,1.4950000047683716,4060.0
2024-03-01 10:08:00,IMVT,37.09000015258789,37.09000015258789,37.150001525878906,37.08000183105469,37.08000183105469,1495.0
2024-03-01 10:08:00,INBX,36.974998474121094,36.974998474121094,36.974998474121094,36.974998474121094,36.974998474121094,133.0
2024-03-01 10:08:00,INCY,58.88999938964844,58.88999938964844,58.88999938964844,58.86000061035156,58.86000061035156,957.0
2024-03-01 10:08:00,INDP,2.030100107192993,2.030100107192993,2.030100107192993,2.030100107192993,2.030100107192993,142.0
2024-03-01 10:08:00,INGN,6.769999980926514,6.769999980926514,6.769999980926514,6.769999980926514,6.769999980926514,902.0
2024-03-01 10:08:00,INM,0.39250001311302185,0.39250001311302185,0.39250001311302185,0.39250001311302185,0.39250001311302185,0.0
2024-03-01 10:08:00,INMD,22.459999084472656,22.459999084472656,22.5,22.459999084472656,22.5,2490.0
2024-03-01 10:08:00,INO,8.990799903869629,8.990799903869629,9.005000114440918,8.990799903869629,9.005000114440918,993.0
2024-03-01 10:08:00,INSM,28.200000762939453,28.200000762939453,28.200000762939453,28.195999145507812,28.200000762939453,439.0
2024-03-01 10:08:00,INVA,15.1899995803833,15.1899995803833,15.279999732971191,15.180000305175781,15.279999732971191,3658.0
2024-03-01 10:08:00,IOBT,1.649999976158142,1.649999976158142,1.649999976158142,1.649999976158142,1.649999976158142,0.0
2024-03-01 10:08:00,IONS,45.505001068115234,45.505001068115234,45.505001068115234,45.39500045776367,45.40999984741211,1622.0
2024-03-01 10:08:00,IOVA,16.911800384521484,16.911800384521484,16.911800384521484,16.790000915527344,16.80500030517578,38422.0
2024-03-01 10:08:00,IRTC,117.63999938964844,117.63999938964844,117.63999938964844,117.63999938964844,117.63999938964844,372.0
2024-03-01 10:08:00,IRWD,8.850000381469727,8.850000381469727,8.875,8.850000381469727,8.875,48624.0
2024-03-01 10:08:00,ISRG,387.510009765625,387.510009765625,387.55999755859375,387.45001220703125,387.55999755859375,1048.0
2024-03-01 10:08:00,ITCI,71.66500091552734,71.66500091552734,71.66500091552734,71.66500091552734,71.66500091552734,426.0
2024-03-01 10:08:00,ITOS,10.75,10.75,10.75,10.75,10.75,306.0
2024-03-01 10:08:00,IXHL,5.269999980926514,5.269999980926514,5.289999961853027,5.269999980926514,5.289999961853027,2598.0
2024-03-01 10:08:00,JAGX,0.07169999927282333,0.07169999927282333,0.07199999690055847,0.07050000131130219,0.07050000131130219,422404.0
2024-03-01 10:08:00,KALV,13.885000228881836,13.885000228881836,13.885000228881836,13.885000228881836,13.885000228881836,310.0
2024-03-01 10:08:00,KNSA,21.65999984741211,21.65999984741211,21.65999984741211,21.65999984741211,21.65999984741211,218.0
2024-03-01 10:08:00,KNTE,2.5999999046325684,2.5999999046325684,2.609999895095825,2.5999999046325684,2.609999895095825,7814.0
2024-03-01 10:08:00,KOD,6.054999828338623,6.054999828338623,6.0578999519348145,6.054999828338623,6.057499885559082,1997.0
2024-03-01 10:08:00,KPTI,1.1649999618530273,1.1649999618530273,1.1699999570846558,1.1649999618530273,1.1649999618530273,1050.0
2024-03-01 10:08:00,KRTX,316.0299987792969,316.0299987792969,316.0299987792969,316.0299987792969,316.0299987792969,661.0
2024-03-01 10:08:00,KRYS,165.86000061035156,165.86000061035156,165.86000061035156,165.86000061035156,165.86000061035156,379.0
2024-03-01 10:08:00,KTRA,0.10289999842643738,0.10289999842643738,0.10289999842643738,0.10289999842643738,0.10289999842643738,2506.0
2024-03-01 10:08:00,KYMR,43.224998474121094,43.224998474121094,43.44940185546875,43.20000076293945,43.446800231933594,4391.0
2024-03-01 10:08:00,KZR,1.0850000381469727,1.0850000381469727,1.090000033378601,1.0850000381469727,1.090000033378601,4226.0
2024-03-01 10:08:00,LAB,2.2899999618530273,2.2899999618530273,2.2899999618530273,2.2850000858306885,2.2850000858306885,815.0
2024-03-01 10:08:00,LEGN,65.62999725341797,65.62999725341797,65.62999725341797,65.62000274658203,65.62000274658203,610.0
2024-03-01 10:08:00,LFST,8.029999732971191,8.029999732971191,8.039999961853027,8.020000457763672,8.039999961853027,2385.0
2024-03-01 10:08:00,LIVN,54.63999938964844,54.63999938964844,54.70000076293945,54.63999938964844,54.70000076293945,596.0
2024-03-01 10:08:00,LMAT,68.91500091552734,68.91500091552734,68.91500091552734,68.91500091552734,68.91500091552734,178.0
2024-03-01 10:08:00,LPTX,2.831899881362915,2.831899881362915,2.831899881362915,2.831899881362915,2.831899881362915,200.0
2024-03-01 10:08:00,LRMR,11.3100004196167,11.3100004196167,11.449999809265137,11.302000045776367,11.420000076293945,6469.0
2024-03-01 10:08:00,LUCD,1.2050000429153442,1.2050000429153442,1.2100000381469727,1.2050000429153442,1.2093000411987305,4339.0
2024-03-01 10:08:00,LVTX,3.030100107192993,3.030100107192993,3.049999952316284,3.0199999809265137,3.0299999713897705,1462.0
2024-03-01 10:08:00,LXRX,2.484999895095825,2.484999895095825,2.494999885559082,2.4800000190734863,2.480600118637085,8616.0
2024-03-01 10:08:00,LYEL,3.0799999237060547,3.0799999237060547,3.0850000381469727,3.0799999237060547,3.0799999237060547,1327.0
2024-03-01 10:08:00,MASI,126.62999725341797,126.62999725341797,126.62999725341797,126.62999725341797,126.62999725341797,449.0
2024-03-01 10:08:00,MASS,6.960000038146973,6.960000038146973,6.960000038146973,6.949999809265137,6.949999809265137,1211.0
2024-03-01 10:08:00,MBRX,0.6144999861717224,0.6144999861717224,0.6144999861717224,0.6144999861717224,0.6144999861717224,0.0
2024-03-01 10:08:00,MCRB,1.170300006866455,1.170300006866455,1.179900050163269,1.1699999570846558,1.1699999570846558,15316.0
2024-03-01 10:08:00,MDGL,244.88999938964844,244.88999938964844,245.10000610351562,244.88999938964844,245.10000610351562,638.0
2024-03-01 10:08:00,MDRX,6.050000190734863,6.050000190734863,6.050000190734863,5.900000095367432,5.900000095367432,8892.0
2024-03-01 10:08:00,MDXG,8.479999542236328,8.479999542236328,8.479999542236328,8.475000381469727,8.475000381469727,1791.0
2024-03-01 10:08:00,ME,0.5583000183105469,0.5583000183105469,0.5583000183105469,0.5546000003814697,0.5546000003814697,17946.0
2024-03-01 10:08:00,MEDP,400.80499267578125,400.80499267578125,400.80499267578125,399.9549865722656,399.9649963378906,389.0
2024-03-01 10:08:00,MESO,1.9900000095367432,1.9900000095367432,1.9900000095367432,1.9900000095367432,1.9900000095367432,266.0
2024-03-01 10:08:00,MGNX,19.21380043029785,19.21380043029785,19.219999313354492,19.05900001525879,19.05900001525879,10418.0
2024-03-01 10:08:00,MGTX,6.199999809265137,6.199999809265137,6.199999809265137,6.199999809265137,6.199999809265137,543.0
2024-03-01 10:08:00,MIRM,29.25,29.25,29.290000915527344,29.25,29.290000915527344,719.0
2024-03-01 10:08:00,MIST,1.6950000524520874,1.6950000524520874,1.6950000524520874,1.6950000524520874,1.6950000524520874,20.0
2024-03-01 10:08:00,MLTX,52.462501525878906,52.462501525878906,52.47999954223633,52.349998474121094,52.349998474121094,2256.0
2024-03-01 10:08:00,MMSI,76.00499725341797,76.00499725341797,76.00499725341797,75.9000015258789,75.9000015258789,300.0
2024-03-01 10:08:00,MNKD,4.460000038146973,4.460000038146973,4.474999904632568,4.453999996185303,4.453999996185303,15165.0
2024-03-01 10:08:00,MNMD,5.760000228881836,5.760000228881836,5.760000228881836,5.75,5.75,998.0
2024-03-01 10:08:00,MODD,1.8899999856948853,1.8899999856948853,1.909999966621399,1.8899999856948853,1.909999966621399,2822.0
2024-03-01 10:08:00,MODV,27.25,27.25,27.299999237060547,27.25,27.299999237060547,450.0
2024-03-01 10:08:00,MOR,17.6200008392334,17.6200008392334,17.6200008392334,17.6200008392334,17.6200008392334,119.0
2024-03-01 10:08:00,MORF,38.185001373291016,38.185001373291016,38.185001373291016,38.185001373291016,38.185001373291016,273.0
2024-03-01 10:08:00,MREO,3.8499999046325684,3.8499999046325684,3.8550000190734863,3.8499999046325684,3.8550000190734863,1013.0
2024-03-01 10:08:00,MRNA,93.9000015258789,93.9000015258789,93.97989654541016,93.8499984741211,93.94999694824219,2543.0
2024-03-01 10:08:00,MRSN,6.099999904632568,6.099999904632568,6.110000133514404,6.085000038146973,6.085000038146973,4868.0
2024-03-01 10:08:00,MRUS,48.970001220703125,48.970001220703125,48.970001220703125,48.96500015258789,48.96500015258789,311.0
2024-03-01 10:08:00,MRVI,7.690000057220459,7.690000057220459,7.704999923706055,7.690000057220459,7.704999923706055,1024.0
2024-03-01 10:08:00,MXCT,4.65500020980835,4.65500020980835,4.65500020980835,4.65500020980835,4.65500020980835,300.0
2024-03-01 10:08:00,MYGN,20.959999084472656,20.959999084472656,20.959999084472656,20.8700008392334,20.8799991607666,2100.0
2024-03-01 10:08:00,MYNZ,0.8849999904632568,0.8849999904632568,0.8849999904632568,0.8849999904632568,0.8849999904632568,504.0
2024-03-01 10:08:00,NARI,44.9900016784668,44.9900016784668,44.9900016784668,44.80009841918945,44.80009841918945,637.0
2024-03-01 10:08:00,NBIX,130.72000122070312,130.72000122070312,130.83999633789062,130.72000122070312,130.83999633789062,279.0
2024-03-01 10:08:00,NEO,15.640000343322754,15.640000343322754,15.640000343322754,15.625,15.625,811.0
2024-03-01 10:08:00,NEOG,16.940000534057617,16.940000534057617,16.94499969482422,16.920000076293945,16.920000076293945,1424.0
2024-03-01 10:08:00,NERV,2.539900064468384,2.539900064468384,2.539900064468384,2.410099983215332,2.410099983215332,900.0
2024-03-01 10:08:00,NGM,1.5393999814987183,1.5393999814987183,1.5393999814987183,1.5393999814987183,1.5393999814987183,105.0
2024-03-01 10:08:00,NKTX,12.170000076293945,12.170000076293945,12.216500282287598,12.110300064086914,12.1850004196167,9984.0
2024-03-01 10:08:00,NNOX,11.199999809265137,11.199999809265137,11.220000267028809,11.199999809265137,11.220000267028809,1101.0
2024-03-01 10:08:00,NOTV,7.329999923706055,7.329999923706055,7.329999923706055,7.329999923706055,7.329999923706055,219.0
2024-03-01 10:08:00,NRIX,12.734999656677246,12.734999656677246,12.734999656677246,12.734999656677246,12.734999656677246,200.0
2024-03-01 10:08:00,NRXP,0.414900004863739,0.414900004863739,0.41499999165534973,0.414900004863739,0.41499999165534973,4787.0
2024-03-01 10:08:00,NTLA,33.28990173339844,33.28990173339844,33.28990173339844,33.209999084472656,33.23929977416992,6007.0
2024-03-01 10:08:00,NTRA,89.27999877929688,89.27999877929688,89.42990112304688,89.24500274658203,89.33000183105469,3783.0
2024-03-01 10:08:00,NUVL,88.05000305175781,88.05000305175781,88.05000305175781,88.05000305175781,88.05000305175781,546.0
2024-03-01 10:08:00,NVAX,4.930799961090088,4.930799961090088,4.965000152587891,4.930099964141846,4.960000038146973,17851.0
2024-03-01 10:08:00,NVCR,15.489999771118164,15.489999771118164,15.494999885559082,15.489999771118164,15.494999885559082,672.0
2024-03-01 10:08:00,NXGL,2.400099992752075,2.400099992752075,2.400099992752075,2.400099992752075,2.400099992752075,295.0
2024-03-01 10:08:00,NXTC,1.7050000429153442,1.7050000429153442,1.7100000381469727,1.7050000429153442,1.7100000381469727,600.0
2024-03-01 10:08:00,OCGN,0.935699999332428,0.935699999332428,0.935699999332428,0.9300000071525574,0.935699999332428,4370.0
2024-03-01 10:08:00,OCUL,10.350000381469727,10.350000381469727,10.350000381469727,10.328200340270996,10.328200340270996,3652.0
2024-03-01 10:08:00,OKYO,1.3700000047683716,1.3700000047683716,1.3700000047683716,1.3700000047683716,1.3700000047683716,200.0
2024-03-01 10:08:00,OLK,22.489999771118164,22.489999771118164,22.489999771118164,22.489999771118164,22.489999771118164,204.0
2024-03-01 10:08:00,OLMA,12.880000114440918,12.880000114440918,12.949999809265137,12.880000114440918,12.949999809265137,1968.0
2024-03-01 10:08:00,OM,3.005000114440918,3.005000114440918,3.009999990463257,3.005000114440918,3.009999990463257,485.0
2024-03-01 10:08:00,OMCL,26.110000610351562,26.110000610351562,26.145000457763672,26.079999923706055,26.145000457763672,1426.0
2024-03-01 10:08:00,OMER,4.715000152587891,4.715000152587891,4.715000152587891,4.715000152587891,4.715000152587891,2000.0
2024-03-01 10:08:00,ONCY,1.0710999965667725,1.0710999965667725,1.0710999965667725,1.0710999965667725,1.0710999965667725,299.0
2024-03-01 10:09:00,AADI,1.9700000286102295,1.9700000286102295,1.9700000286102295,1.9700000286102295,1.9700000286102295,200.0
2024-03-01 10:09:00,ABCL,5.099999904632568,5.099999904632568,5.099999904632568,5.099999904632568,5.099999904632568,150.0
2024-03-01 10:09:00,ABOS,4.5559000968933105,4.5559000968933105,4.5559000968933105,4.550000190734863,4.550000190734863,994.0
2024-03-01 10:09:00,ABSI,5.135000228881836,5.135000228881836,5.135000228881836,5.110000133514404,5.114999771118164,3004.0
2024-03-01 10:09:00,ABUS,2.7792000770568848,2.7792000770568848,2.7799999713897705,2.776900053024292,2.7799999713897705,1470.0
2024-03-01 10:09:00,ACAD,23.520000457763672,23.520000457763672,23.530000686645508,23.43000030517578,23.450000762939453,8291.0
2024-03-01 10:09:00,ACB,3.007699966430664,3.007699966430664,3.009999990463257,3.0,3.009999990463257,4079.0
2024-03-01 10:09:00,ACLX,69.66000366210938,69.66000366210938,69.66000366210938,69.51000213623047,69.5999984741211,1250.0
2024-03-01 10:09:00,ACOR,14.125,14.125,14.125,13.600000381469727,13.600000381469727,1400.0
2024-03-01 10:09:00,ACRS,1.2350000143051147,1.2350000143051147,1.2350000143051147,1.2300000190734863,1.2300000190734863,1102.0
2024-03-01 10:09:00,ADAP,1.572700023651123,1.572700023651123,1.572700023651123,1.572700023651123,1.572700023651123,351.0
2024-03-01 10:09:00,ADIL,3.234999895095825,3.234999895095825,3.2799999713897705,3.1700000762939453,3.25,160281.0
2024-03-01 10:09:00,ADPT,4.045000076293945,4.045000076293945,4.054999828338623,4.045000076293945,4.054999828338623,1069.0
2024-03-01 10:09:00,ADVM,1.9607000350952148,1.9607000350952148,1.9607000350952148,1.9607000350952148,1.9607000350952148,302.0
2024-03-01 10:09:00,AFMD,0.6215000152587891,0.6215000152587891,0.6215000152587891,0.6215000152587891,0.6215000152587891,1635.0
2024-03-01 10:09:00,AGEN,0.6700999736785889,0.6700999736785889,0.6722999811172485,0.6700000166893005,0.6722999811172485,74327.0
2024-03-01 10:09:00,AGIO,32.59000015258789,32.59000015258789,32.59000015258789,32.59000015258789,32.59000015258789,100.0
2024-03-01 10:09:00,AHCO,10.420000076293945,10.420000076293945,10.430000305175781,10.420000076293945,10.430000305175781,562.0
2024-03-01 10:09:00,AIRS,6.449999809265137,6.449999809265137,6.449999809265137,6.449999809265137,6.449999809265137,101.0
2024-03-01 10:09:00,AKAN,0.2669999897480011,0.2669999897480011,0.26820001006126404,0.2669999897480011,0.26820001006126404,1705.0
2024-03-01 10:09:00,AKBA,1.6384999752044678,1.6384999752044678,1.6384999752044678,1.6349999904632568,1.6349999904632568,308.0
2024-03-01 10:09:00,AKLI,0.3440999984741211,0.3440999984741211,0.3497999906539917,0.3440999984741211,0.3497999906539917,3087.0
2024-03-01 10:09:00,AKRO,28.125,28.125,28.125,28.079999923706055,28.084999084472656,1815.0
2024-03-01 10:09:00,ALDX,4.045100212097168,4.045100212097168,4.048799991607666,4.039999961853027,4.047500133514404,2555.0
2024-03-01 10:09:00,ALEC,7.260000228881836,7.260000228881836,7.260000228881836,7.260000228881836,7.260000228881836,334.0
2024-03-01 10:09:00,ALGN,298.239990234375,298.239990234375,298.5799865722656,298.239990234375,298.5799865722656,2276.0
2024-03-01 10:09:00,ALHC,5.989999771118164,5.989999771118164,5.989999771118164,5.989999771118164,5.989999771118164,1903.0
2024-03-01 10:09:00,ALKS,30.010000228881836,30.010000228881836,30.030000686645508,30.0,30.030000686645508,1610.0
2024-03-01 10:09:00,ALLK,1.5750000476837158,1.5750000476837158,1.5750000476837158,1.5750000476837158,1.5750000476837158,680.0
2024-03-01 10:09:00,ALLO,4.965000152587891,4.965000152587891,4.985000133514404,4.965000152587891,4.985000133514404,2361.0
2024-03-01 10:09:00,ALNY,152.47500610351562,152.47500610351562,152.6199951171875,152.47500610351562,152.6199951171875,564.0
2024-03-01 10:09:00,ALPN,36.25,36.25,36.29999923706055,36.25,36.29999923706055,1140.0
2024-03-01 10:09:00,ALRN,4.899899959564209,4.899899959564209,4.899899959564209,4.869999885559082,4.869999885559082,501.0
2024-03-01 10:09:00,ALT,12.145000457763672,12.145000457763672,12.199999809265137,12.145000457763672,12.199999809265137,5628.0
2024-03-01 10:09:00,ALVO,15.664999961853027,15.664999961853027,15.699999809265137,15.635600090026855,15.699999809265137,947.0
2024-03-01 10:09:00,ALVR,0.7401000261306763,0.7401000261306763,0.75,0.7401000261306763,0.75,400.0
2024-03-01 10:09:00,AMED,93.30000305175781,93.30000305175781,93.30000305175781,93.30000305175781,93.30000305175781,112.0
2024-03-01 10:09:00,AMGN,278.9849853515625,278.9849853515625,278.9849853515625,278.7799987792969,278.864990234375,4880.0
2024-03-01 10:09:00,AMLX,18.860000610351562,18.860000610351562,18.8700008392334,18.860000610351562,18.8700008392334,638.0
2024-03-01 10:09:00,AMPH,46.38840103149414,46.38840103149414,46.46500015258789,46.38840103149414,46.46500015258789,432.0
2024-03-01 10:09:00,AMRN,1.0124000310897827,1.0124000310897827,1.0198999643325806,1.0124000310897827,1.0149999856948853,2639.0
2024-03-01 10:09:00,ANGO,5.295000076293945,5.295000076293945,5.295000076293945,5.295000076293945,5.295000076293945,163.0
2024-03-01 10:09:00,ANIP,66.86499786376953,66.86499786376953,66.86499786376953,66.86499786376953,66.86499786376953,260.0
2024-03-01 10:09:00,ANNX,5.949999809265137,5.949999809265137,5.960000038146973,5.94980001449585,5.949999809265137,8940.0
2024-03-01 10:09:00,APDN,0.5799999833106995,0.5799999833106995,0.5799999833106995,0.5799999833106995,0.5799999833106995,758.0
2024-03-01 10:09:00,APLS,62.58000183105469,62.58000183105469,62.58000183105469,62.470001220703125,62.54800033569336,1275.0
2024-03-01 10:09:00,APLT,7.406199932098389,7.406199932098389,7.406199932098389,7.389999866485596,7.389999866485596,1326.0
2024-03-01 10:09:00,AQST,4.28000020980835,4.28000020980835,4.28000020980835,4.210000038146973,4.21999979019165,25434.0
2024-03-01 10:09:00,ARCT,40.36000061035156,40.36000061035156,40.36000061035156,40.36000061035156,40.36000061035156,410.0
2024-03-01 10:09:00,ARDX,9.6899995803833,9.6899995803833,9.710000038146973,9.6899995803833,9.710000038146973,3117.0
2024-03-01 10:09:00,ARQT,10.880000114440918,10.880000114440918,10.970000267028809,10.859999656677246,10.970000267028809,8880.0
2024-03-01 10:09:00,ARVN,49.755001068115234,49.755001068115234,49.92499923706055,49.755001068115234,49.849998474121094,4046.0
2024-03-01 10:09:00,ARWR,34.43000030517578,34.43000030517578,34.43000030517578,34.220001220703125,34.22999954223633,5055.0
2024-03-01 10:09:00,ASLN,0.8500999808311462,0.8500999808311462,0.8500999808311462,0.8500999808311462,0.8500999808311462,102.0
2024-03-01 10:09:00,ASND,148.3000030517578,148.3000030517578,148.49000549316406,148.0800018310547,148.49000549316406,1104.0
2024-03-01 10:09:00,ASRT,0.9200000166893005,0.9200000166893005,0.9200000166893005,0.9200000166893005,0.9200000166893005,102.0
2024-03-01 10:09:00,ATAI,1.9500000476837158,1.9500000476837158,1.9500000476837158,1.9500000476837158,1.9500000476837158,425.0
2024-03-01 10:09:00,ATEC,13.25,13.25,13.25,13.21500015258789,13.220000267028809,2223.0
2024-03-01 10:09:00,ATRA,0.7868000268936157,0.7868000268936157,0.7900000214576721,0.7868000268936157,0.7900000214576721,1100.0
2024-03-01 10:09:00,ATRC,35.189998626708984,35.189998626708984,35.189998626708984,35.189998626708984,35.189998626708984,806.0
2024-03-01 10:09:00,ATXS,14.930000305175781,14.930000305175781,14.930000305175781,14.930000305175781,14.930000305175781,331.0
2024-03-01 10:09:00,AUPH,5.715000152587891,5.715000152587891,5.71999979019165,5.710000038146973,5.71999979019165,1410.0
2024-03-01 10:09:00,AURA,9.220000267028809,9.220000267028809,9.220000267028809,9.220000267028809,9.220000267028809,915.0
2024-03-01 10:09:00,AUTL,6.199999809265137,6.199999809265137,6.199999809265137,6.199999809265137,6.199999809265137,0.0
2024-03-01 10:09:00,AVDL,12.720000267028809,12.720000267028809,12.739999771118164,12.720000267028809,12.739999771118164,538.0
2024-03-01 10:09:00,AVXL,5.255000114440918,5.255000114440918,5.255000114440918,5.240099906921387,5.240099906921387,417.0
2024-03-01 10:09:00,AZN,64.20999908447266,64.20999908447266,64.23999786376953,64.20999908447266,64.23999786376953,1846.0
2024-03-01 10:09:00,BBIO,35.64500045776367,35.64500045776367,35.64500045776367,35.599998474121094,35.599998474121094,300.0
2024-03-01 10:09:00,BBLG,2.5999999046325684,2.5999999046325684,2.5999999046325684,2.488300085067749,2.5202999114990234,1935.0
2024-03-01 10:09:00,BCEL,0.26989999413490295,0.26989999413490295,0.26989999413490295,0.26989999413490295,0.26989999413490295,202.0
2024-03-01 10:09:00,BCRX,5.695000171661377,5.695000171661377,5.699999809265137,5.691999912261963,5.695000171661377,2557.0
2024-03-01 10:09:00,BDSX,1.6549999713897705,1.6549999713897705,1.6549999713897705,1.6549999713897705,1.6549999713897705,0.0
2024-03-01 10:09:00,BDTX,5.29010009765625,5.29010009765625,5.300000190734863,5.29010009765625,5.300000190734863,3215.0
2024-03-01 10:09:00,BEAM,40.060001373291016,40.060001373291016,40.16999816894531,40.060001373291016,40.060001373291016,6311.0
2024-03-01 10:09:00,BFRI,0.8779000043869019,0.8779000043869019,0.8779000043869019,0.8779000043869019,0.8779000043869019,100.0
2024-03-01 10:09:00,BGNE,163.5749969482422,163.5749969482422,163.5749969482422,163.5749969482422,163.5749969482422,189.0
2024-03-01 10:09:00,BIIB,218.50999450683594,218.50999450683594,218.50999450683594,218.50999450683594,218.50999450683594,206.0
2024-03-01 10:09:00,BIOL,0.13779999315738678,0.13779999315738678,0.13850000500679016,0.13779999315738678,0.13850000500679016,700.0
2024-03-01 10:09:00,BIOR,1.25,1.25,1.25,1.2400000095367432,1.25,1279.0
2024-03-01 10:09:00,BIVI,2.950000047683716,2.950000047683716,2.9800000190734863,2.724100112915039,2.724100112915039,727352.0
2024-03-01 10:09:00,BLFS,17.825000762939453,17.825000762939453,17.899999618530273,17.69499969482422,17.760000228881836,4234.0
2024-03-01 10:09:00,BLRX,1.3899999856948853,1.3899999856948853,1.3899999856948853,1.3899999856948853,1.3899999856948853,0.0
2024-03-01 10:09:00,BLUE,1.5950000286102295,1.5950000286102295,1.600000023841858,1.5850000381469727,1.589400053024292,37995.0
2024-03-01 10:09:00,BMEA,17.89929962158203,17.89929962158203,17.89929962158203,17.75040054321289,17.75040054321289,2587.0
2024-03-01 10:09:00,BMRN,86.1343002319336,86.1343002319336,86.22000122070312,86.1343002319336,86.19999694824219,1928.0
2024-03-01 10:09:00,BNGO,1.2350000143051147,1.2350000143051147,1.2350000143051147,1.2350000143051147,1.2350000143051147,1000.0
2024-03-01 10:09:00,BNTX,90.45500183105469,90.45500183105469,90.45999908447266,90.45500183105469,90.45999908447266,589.0
2024-03-01 10:09:00,BPMC,97.38249969482422,97.38249969482422,97.38249969482422,97.38249969482422,97.38249969482422,366.0
2024-03-01 10:09:00,BRTX,1.5019999742507935,1.5019999742507935,1.5089999437332153,1.5019999742507935,1.5089999437332153,148.0
2024-03-01 10:09:00,BTAI,3.1798999309539795,3.1798999309539795,3.1798999309539795,3.1798999309539795,3.1798999309539795,200.0
2024-03-01 10:09:00,BTTX,0.16349999606609344,0.16349999606609344,0.16349999606609344,0.16349999606609344,0.16349999606609344,29910.0
2024-03-01 10:09:00,CARA,0.8684999942779541,0.8684999942779541,0.8684999942779541,0.8684999942779541,0.8684999942779541,422.0
2024-03-01 10:09:00,CBAY,32.23500061035156,32.23500061035156,32.23500061035156,32.23500061035156,32.23500061035156,522.0
2024-03-01 10:09:00,CCCC,11.020000457763672,11.020000457763672,11.029999732971191,11.000300407409668,11.020000457763672,3487.0
2024-03-01 10:09:00,CDMO,7.84499979019165,7.84499979019165,7.84499979019165,7.84499979019165,7.84499979019165,175.0
2024-03-01 10:09:00,CDNA,11.625,11.625,11.630000114440918,11.555000305175781,11.595000267028809,1990.0
2024-03-01 10:09:00,CDTX,0.7200999855995178,0.7200999855995178,0.7200999855995178,0.7200999855995178,0.7200999855995178,604.0
2024-03-01 10:09:00,CDXS,4.230000019073486,4.230000019073486,4.230100154876709,4.21999979019165,4.230000019073486,7476.0
2024-03-01 10:09:00,CERE,41.13999938964844,41.13999938964844,41.14500045776367,41.130001068115234,41.1349983215332,1946.0
2024-03-01 10:09:00,CERS,2.1700000762939453,2.1700000762939453,2.174999952316284,2.1700000762939453,2.174999952316284,346.0
2024-03-01 10:09:00,CERT,17.889999389648438,17.889999389648438,17.899999618530273,17.860000610351562,17.889999389648438,2389.0
2024-03-01 10:09:00,CGC,3.1579999923706055,3.1579999923706055,3.169800043106079,3.1549999713897705,3.169800043106079,3437.0
2024-03-01 10:09:00,CGEM,18.760000228881836,18.760000228881836,18.780000686645508,18.75,18.780000686645508,900.0
2024-03-01 10:09:00,CGEN,2.609999895095825,2.609999895095825,2.609999895095825,2.6050000190734863,2.6050000190734863,599.0
2024-03-01 10:09:00,CHRS,2.309999942779541,2.309999942779541,2.3199000358581543,2.309999942779541,2.3199000358581543,1225.0
2024-03-01 10:09:00,CING,1.249899983406067,1.249899983406067,1.249899983406067,1.249899983406067,1.249899983406067,1025.0
2024-03-01 10:09:00,CLDX,50.79999923706055,50.79999923706055,50.84000015258789,50.709999084472656,50.76499938964844,3748.0
2024-03-01 10:09:00,CLOV,0.8601999878883362,0.8601999878883362,0.8601999878883362,0.8600999712944031,0.8600999712944031,65149.0
2024-03-01 10:09:00,CLRB,4.03000020980835,4.03000020980835,4.041500091552734,4.03000020980835,4.041500091552734,2378.0
2024-03-01 10:09:00,CMMB,0.6471999883651733,0.6471999883651733,0.6499999761581421,0.6299999952316284,0.6499999761581421,15861.0
2024-03-01 10:09:00,CMPS,10.549699783325195,10.549699783325195,10.549699783325195,10.520000457763672,10.520000457763672,1859.0
2024-03-01 10:09:00,CNTA,10.420000076293945,10.420000076293945,10.420000076293945,10.420000076293945,10.420000076293945,25.0
2024-03-01 10:09:00,COGT,7.269999980926514,7.269999980926514,7.289999961853027,7.269999980926514,7.269999980926514,2323.0
2024-03-01 10:09:00,CORT,23.6200008392334,23.6200008392334,23.621299743652344,23.610000610351562,23.621299743652344,957.0
2024-03-01 10:09:00,CPRX,16.719999313354492,16.719999313354492,16.739999771118164,16.709999084472656,16.739999771118164,3901.0
2024-03-01 10:09:00,CPSI,9.585000038146973,9.585000038146973,9.585000038146973,9.510000228881836,9.520000457763672,505.0
2024-03-01 10:09:00,CRBP,31.520000457763672,31.520000457763672,31.520000457763672,31.520000457763672,31.520000457763672,24.0
2024-03-01 10:09:00,CRBU,8.0600004196167,8.0600004196167,8.079999923706055,8.0600004196167,8.079999923706055,1576.0
2024-03-01 10:09:00,CRDF,2.490000009536743,2.490000009536743,2.549999952316284,2.490000009536743,2.494999885559082,117864.0
2024-03-01 10:09:00,CRNX,44.599998474121094,44.599998474121094,44.599998474121094,44.57500076293945,44.57500076293945,482.0
2024-03-01 10:09:00,CRSP,85.33999633789062,85.33999633789062,85.51000213623047,85.19000244140625,85.4343032836914,4417.0
2024-03-01 10:09:00,CSTL,19.209999084472656,19.209999084472656,19.309999465942383,19.209999084472656,19.309999465942383,2327.0
2024-03-01 10:09:00,CTKB,7.940000057220459,7.940000057220459,7.949999809265137,7.920000076293945,7.929999828338623,3712.0
2024-03-01 10:09:00,CTMX,2.490000009536743,2.490000009536743,2.494999885559082,2.490000009536743,2.494999885559082,295.0
2024-03-01 10:09:00,CTXR,0.7710999846458435,0.7710999846458435,0.7973999977111816,0.7710999846458435,0.7799999713897705,9278.0
2024-03-01 10:09:00,CUTR,2.3099000453948975,2.3099000453948975,2.3099000453948975,2.299999952316284,2.299999952316284,2520.0
2024-03-01 10:09:00,CYTK,74.5,74.5,74.5199966430664,74.46549987792969,74.5,1129.0
2024-03-01 10:09:00,DAWN,16.979999542236328,16.979999542236328,16.989999771118164,16.979999542236328,16.989999771118164,624.0
2024-03-01 10:09:00,DCGO,4.045000076293945,4.045000076293945,4.050000190734863,4.045000076293945,4.050000190734863,1137.0
2024-03-01 10:09:00,DCPH,17.020000457763672,17.020000457763672,17.020000457763672,16.989999771118164,16.989999771118164,300.0
2024-03-01 10:09:00,DH,9.100000381469727,9.100000381469727,9.100000381469727,9.100000381469727,9.100000381469727,202.0
2024-03-01 10:09:00,DNLI,20.575000762939453,20.575000762939453,20.59749984741211,20.56999969482422,20.59749984741211,1038.0
2024-03-01 10:09:00,DTIL,13.055399894714355,13.055399894714355,13.189900398254395,12.994999885559082,13.0,4380.0
2024-03-01 10:09:00,DXCM,116.69499969482422,116.69499969482422,116.69499969482422,116.58999633789062,116.66999816894531,4951.0
2024-03-01 10:09:00,DYN,29.655000686645508,29.655000686645508,29.769899368286133,29.549999237060547,29.769899368286133,1631.0
2024-03-01 10:09:00,EDIT,10.547100067138672,10.547100067138672,10.550999641418457,10.529999732971191,10.550100326538086,2621.0
2024-03-01 10:09:00,EFTR,14.5,14.5,14.59000015258789,14.5,14.5600004196167,525.0
2024-03-01 10:09:00,EIGR,5.98199987411499,5.98199987411499,5.98199987411499,5.98199987411499,5.98199987411499,359.0
2024-03-01 10:09:00,ELEV,4.664999961853027,4.664999961853027,4.689700126647949,4.630000114440918,4.664999961853027,10500.0
2024-03-01 10:09:00,ENVB,1.7389999628067017,1.7389999628067017,1.75,1.6699999570846558,1.7000000476837158,85871.0
2024-03-01 10:09:00,EOLS,14.850000381469727,14.850000381469727,14.869999885559082,14.850000381469727,14.850000381469727,19102.0
2024-03-01 10:09:00,ERAS,2.424999952316284,2.424999952316284,2.424999952316284,2.4200000762939453,2.4200000762939453,3029.0
2024-03-01 10:09:00,ESPR,2.505000114440918,2.505000114440918,2.509999990463257,2.501800060272217,2.509999990463257,2720.0
2024-03-01 10:09:00,ESTA,44.68000030517578,44.68000030517578,44.68000030517578,44.68000030517578,44.68000030517578,411.0
2024-03-01 10:09:00,ETNB,12.670000076293945,12.670000076293945,12.75,12.623600006103516,12.640000343322754,12766.0
2024-03-01 10:09:00,EVO,7.369999885559082,7.369999885559082,7.369999885559082,7.369999885559082,7.369999885559082,15248.0
2024-03-01 10:09:00,EXAS,58.779998779296875,58.779998779296875,58.779998779296875,58.68000030517578,58.70500183105469,5001.0
2024-03-01 10:09:00,EXEL,22.40999984741211,22.40999984741211,22.469999313354492,22.40999984741211,22.469999313354492,4200.0
2024-03-01 10:09:00,EYEN,2.109999895095825,2.109999895095825,2.109999895095825,2.0899999141693115,2.0899999141693115,15756.0
2024-03-01 10:09:00,FATE,7.428100109100342,7.428100109100342,7.440000057220459,7.409999847412109,7.409999847412109,1733.0
2024-03-01 10:09:00,FBIO,2.2000999450683594,2.2000999450683594,2.2100000381469727,2.2000999450683594,2.2100000381469727,4606.0
2024-03-01 10:09:00,FGEN,1.7450000047683716,1.7450000047683716,1.7450000047683716,1.7400000095367432,1.7450000047683716,1089.0
2024-03-01 10:09:00,FHTX,8.249899864196777,8.249899864196777,8.249899864196777,8.149999618530273,8.149999618530273,152.0
2024-03-01 10:09:00,FLGT,22.860000610351562,22.860000610351562,22.989999771118164,22.850000381469727,22.989999771118164,1252.0
2024-03-01 10:09:00,FOLD,13.345000267028809,13.345000267028809,13.359999656677246,13.335000038146973,13.359999656677246,1485.0
2024-03-01 10:09:00,FULC,10.470000267028809,10.470000267028809,10.5,10.454999923706055,10.5,5961.0
2024-03-01 10:09:00,FUSN,12.128999710083008,12.128999710083008,12.128999710083008,12.128999710083008,12.128999710083008,2526.0
2024-03-01 10:09:00,GALT,2.009999990463257,2.009999990463257,2.009999990463257,2.009999990463257,2.009999990463257,871.0
2024-03-01 10:09:00,GDRX,8.25,8.25,8.260100364685059,8.244999885559082,8.260100364685059,3540.0
2024-03-01 10:09:00,GERN,2.0950000286102295,2.0950000286102295,2.0996999740600586,2.0899999141693115,2.098400115966797,15382.0
2024-03-01 10:09:00,GH,18.979999542236328,18.979999542236328,18.979999542236328,18.979999542236328,18.979999542236328,379.0
2024-03-01 10:09:00,GILD,72.47000122070312,72.47000122070312,72.510498046875,72.44999694824219,72.510498046875,3629.0
2024-03-01 10:09:00,GLMD,0.4018000066280365,0.4018000066280365,0.41990000009536743,0.4018000066280365,0.41990000009536743,10542.0
2024-03-01 10:09:00,GMAB,28.739999771118164,28.739999771118164,28.770000457763672,28.739999771118164,28.7450008392334,829.0
2024-03-01 10:09:00,GMDA,0.37610000371932983,0.37610000371932983,0.37610000371932983,0.3756999969482422,0.3756999969482422,732.0
2024-03-01 10:09:00,GNFT,3.5999999046325684,3.5999999046325684,3.5999999046325684,3.5999999046325684,3.5999999046325684,0.0
2024-03-01 10:09:00,GOSS,1.3450000286102295,1.3450000286102295,1.3450000286102295,1.3401000499725342,1.3450000286102295,680.0
2024-03-01 10:09:00,GRFS,6.764999866485596,6.764999866485596,6.810100078582764,6.764999866485596,6.810100078582764,6524.0
2024-03-01 10:09:00,GRTS,2.0290000438690186,2.0290000438690186,2.0290000438690186,2.009999990463257,2.0250000953674316,10781.0
2024-03-01 10:09:00,GRTX,0.23690000176429749,0.23690000176429749,0.23690000176429749,0.23499999940395355,0.23499999940395355,4200.0
2024-03-01 10:09:00,GTHX,3.4240000247955322,3.4240000247955322,3.450000047683716,3.4149999618530273,3.444999933242798,9002.0
2024-03-01 10:09:00,HALO,40.86000061035156,40.86000061035156,40.86000061035156,40.86000061035156,40.86000061035156,435.0
2024-03-01 10:09:00,HARP,22.94499969482422,22.94499969482422,22.94499969482422,22.940000534057617,22.940000534057617,2400.0
2024-03-01 10:09:00,HCAT,8.029999732971191,8.029999732971191,8.029999732971191,8.029999732971191,8.029999732971191,1212.0
2024-03-01 10:09:00,HCM,15.239999771118164,15.239999771118164,15.289999961853027,15.239999771118164,15.260000228881836,905.0
2024-03-01 10:09:00,HCSG,12.600000381469727,12.600000381469727,12.609999656677246,12.600000381469727,12.609999656677246,497.0
2024-03-01 10:09:00,HCTI,2.430000066757202,2.430000066757202,2.440000057220459,2.430000066757202,2.430000066757202,3429.0
2024-03-01 10:09:00,HLTH,0.2676999866962433,0.2676999866962433,0.2676999866962433,0.2676999866962433,0.2676999866962433,1288.0
2024-03-01 10:09:00,HOLX,73.6500015258789,73.6500015258789,73.6500015258789,73.62999725341797,73.6500015258789,651.0
2024-03-01 10:09:00,HOOK,0.800000011920929,0.800000011920929,0.800000011920929,0.800000011920929,0.800000011920929,1906.0
2024-03-01 10:09:00,HPCO,0.259799987077713,0.259799987077713,0.259799987077713,0.259799987077713,0.259799987077713,475.0
2024-03-01 10:09:00,HRMY,31.31999969482422,31.31999969482422,31.31999969482422,31.31999969482422,31.31999969482422,254.0
2024-03-01 10:09:00,HRTX,2.640000104904175,2.640000104904175,2.640000104904175,2.632999897003174,2.640000104904175,638.0
2024-03-01 10:09:00,HSIC,76.93499755859375,76.93499755859375,77.0199966430664,76.93499755859375,76.98999786376953,565.0
2024-03-01 10:09:00,HUMA,3.1449999809265137,3.1449999809265137,3.1500000953674316,3.134999990463257,3.134999990463257,37351.0
2024-03-01 10:09:00,IART,36.45000076293945,36.45000076293945,36.45000076293945,36.45000076293945,36.45000076293945,146.0
2024-03-01 10:09:00,IBRX,4.9085001945495605,4.9085001945495605,4.925000190734863,4.885000228881836,4.923699855804443,12182.0
2024-03-01 10:09:00,ICCM,1.3000999689102173,1.3000999689102173,1.3004000186920166,1.3000999689102173,1.3004000186920166,800.0
2024-03-01 10:09:00,IDYA,45.97999954223633,45.97999954223633,45.97999954223633,45.97999954223633,45.97999954223633,5.0
2024-03-01 10:09:00,ILMN,137.2238006591797,137.2238006591797,137.2949981689453,137.16000366210938,137.2949981689453,2741.0
2024-03-01 10:09:00,IMCR,68.77999877929688,68.77999877929688,68.87000274658203,68.5199966430664,68.77999877929688,4546.0
2024-03-01 10:09:00,IMMP,2.2799999713897705,2.2799999713897705,2.2799999713897705,2.2799999713897705,2.2799999713897705,3801.0
2024-03-01 10:09:00,IMNM,25.020000457763672,25.020000457763672,25.020000457763672,25.020000457763672,25.020000457763672,1000.0
2024-03-01 10:09:00,IMNN,1.0500999689102173,1.0500999689102173,1.0850000381469727,1.0500999689102173,1.0850000381469727,380.0
2024-03-01 10:09:00,IMTX,12.892499923706055,12.892499923706055,12.895000457763672,12.892499923706055,12.895000457763672,400.0
2024-03-01 10:09:00,IMUX,1.5,1.5,1.5,1.5,1.5,2572.0
2024-03-01 10:09:00,IMVT,36.9900016784668,36.9900016784668,37.060001373291016,36.9900016784668,37.040000915527344,1017.0
2024-03-01 10:09:00,INAB,1.097599983215332,1.097599983215332,1.097599983215332,1.097599983215332,1.097599983215332,1900.0
2024-03-01 10:09:00,INBX,37.0,37.0,37.0,37.0,37.0,860.0
2024-03-01 10:09:00,INCY,58.619998931884766,58.619998931884766,58.849998474121094,58.619998931884766,58.849998474121094,1115.0
2024-03-01 10:09:00,INGN,6.75,6.75,6.75,6.730000019073486,6.739999771118164,1115.0
2024-03-01 10:09:00,INMD,22.43000030517578,22.43000030517578,22.450000762939453,22.43000030517578,22.450000762939453,514.0
2024-03-01 10:09:00,INSM,28.200000762939453,28.200000762939453,28.200000762939453,28.200000762939453,28.200000762939453,255.0
2024-03-01 10:09:00,INVA,15.199999809265137,15.199999809265137,15.225000381469727,15.1899995803833,15.1899995803833,4243.0
2024-03-01 10:09:00,IOBT,1.6749999523162842,1.6749999523162842,1.676200032234192,1.659999966621399,1.659999966621399,3152.0
2024-03-01 10:09:00,IONS,45.474998474121094,45.474998474121094,45.474998474121094,45.474998474121094,45.474998474121094,395.0
2024-03-01 10:09:00,IOVA,16.918699264526367,16.918699264526367,16.94499969482422,16.850000381469727,16.90999984741211,67838.0
2024-03-01 10:09:00,IRTC,117.48500061035156,117.48500061035156,117.48500061035156,117.29000091552734,117.29000091552734,490.0
2024-03-01 10:09:00,IRWD,8.857500076293945,8.857500076293945,8.868900299072266,8.850000381469727,8.850000381469727,0.0
2024-03-01 10:09:00,ISRG,387.5,387.5,387.56500244140625,387.2200012207031,387.2200012207031,1724.0
2024-03-01 10:09:00,ITOS,10.75,10.75,10.75,10.75,10.75,113.0
2024-03-01 10:09:00,JAGX,0.07349999994039536,0.07349999994039536,0.07349999994039536,0.07150000333786011,0.07169999927282333,584023.0
2024-03-01 10:09:00,JANX,47.38010025024414,47.38010025024414,47.60749816894531,47.380001068115234,47.43000030517578,1421.0
2024-03-01 10:09:00,JAZZ,120.18000030517578,120.18000030517578,120.6500015258789,120.18000030517578,120.63999938964844,1760.0
2024-03-01 10:09:00,KALV,13.899999618530273,13.899999618530273,13.899999618530273,13.899999618530273,13.899999618530273,192.0
2024-03-01 10:09:00,KNSA,21.665000915527344,21.665000915527344,21.68000030517578,21.65999984741211,21.65999984741211,496.0
2024-03-01 10:09:00,KNTE,2.6098999977111816,2.6098999977111816,2.6098999977111816,2.5999999046325684,2.5999999046325684,3129.0
2024-03-01 10:09:00,KOD,6.054999828338623,6.054999828338623,6.079999923706055,6.054999828338623,6.054999828338623,2624.0
2024-03-01 10:09:00,KRON,1.0449999570846558,1.0449999570846558,1.0499999523162842,1.0449999570846558,1.0499999523162842,453.0
2024-03-01 10:09:00,KTRA,0.10170000046491623,0.10170000046491623,0.10170000046491623,0.10170000046491623,0.10170000046491623,574.0
2024-03-01 10:09:00,KURA,21.229999542236328,21.229999542236328,21.229999542236328,21.229999542236328,21.229999542236328,233.0
2024-03-01 10:09:00,KYMR,43.20000076293945,43.20000076293945,43.224998474121094,43.20000076293945,43.224998474121094,410.0
2024-03-01 10:09:00,KZIA,0.2599000036716461,0.2599000036716461,0.2599000036716461,0.2599000036716461,0.2599000036716461,1900.0
2024-03-01 10:09:00,KZR,1.090000033378601,1.090000033378601,1.090000033378601,1.0850000381469727,1.0850000381469727,0.0
2024-03-01 10:09:00,LAB,2.2899999618530273,2.2899999618530273,2.2899999618530273,2.2850000858306885,2.2850000858306885,450.0
2024-03-01 10:09:00,LEXX,2.5000998973846436,2.5000998973846436,2.619999885559082,2.5000998973846436,2.619999885559082,3358.0
2024-03-01 10:09:00,LFST,8.02869987487793,8.02869987487793,8.02869987487793,8.015000343322754,8.020000457763672,3640.0
2024-03-01 10:09:00,LGND,80.19999694824219,80.19999694824219,80.19999694824219,80.19999694824219,80.19999694824219,335.0
2024-03-01 10:09:00,LGVN,0.5401999950408936,0.5401999950408936,0.5450999736785889,0.5401999950408936,0.5450999736785889,2100.0
2024-03-01 10:09:00,LIVN,54.654998779296875,54.654998779296875,54.654998779296875,54.654998779296875,54.654998779296875,123.0
2024-03-01 10:09:00,LNTH,65.76499938964844,65.76499938964844,65.76499938964844,65.76499938964844,65.76499938964844,524.0
2024-03-01 10:09:00,LQDA,14.3100004196167,14.3100004196167,14.319999694824219,14.300000190734863,14.319999694824219,1330.0
2024-03-01 10:09:00,LRMR,11.319999694824219,11.319999694824219,11.529999732971191,11.319999694824219,11.529999732971191,674.0
2024-03-01 10:09:00,LUCD,1.2294000387191772,1.2294000387191772,1.2294000387191772,1.2100000381469727,1.2100000381469727,2546.0
2024-03-01 10:09:00,LVTX,3.049999952316284,3.049999952316284,3.049999952316284,3.0,3.0,1889.0
2024-03-01 10:09:00,LXRX,2.4800000190734863,2.4800000190734863,2.484999895095825,2.4800000190734863,2.4839000701904297,1610.0
2024-03-01 10:09:00,LYEL,3.075000047683716,3.075000047683716,3.089900016784668,3.075000047683716,3.0850000381469727,3356.0
2024-03-01 10:09:00,LYRA,5.485099792480469,5.485099792480469,5.485099792480469,5.485099792480469,5.485099792480469,534.0
2024-03-01 10:09:00,MBRX,0.6398000121116638,0.6398000121116638,0.6398000121116638,0.6398000121116638,0.6398000121116638,383.0
2024-03-01 10:09:00,MDGL,244.3800048828125,244.3800048828125,244.3800048828125,244.3800048828125,244.3800048828125,337.0
2024-03-01 10:09:00,MDRX,5.900000095367432,5.900000095367432,6.039999961853027,5.900000095367432,5.900000095367432,23109.0
2024-03-01 10:09:00,MDXG,8.479999542236328,8.479999542236328,8.484999656677246,8.475000381469727,8.484999656677246,1081.0
2024-03-01 10:09:00,ME,0.5583000183105469,0.5583000183105469,0.5583000183105469,0.5575000047683716,0.5583000183105469,27964.0
2024-03-01 10:09:00,MEDP,400.2099914550781,400.2099914550781,400.2099914550781,400.2099914550781,400.2099914550781,113.0
2024-03-01 10:09:00,MESO,1.9950000047683716,1.9950000047683716,1.9950000047683716,1.9950000047683716,1.9950000047683716,135.0
2024-03-01 10:09:00,MGNX,19.0,19.0,19.229999542236328,18.979999542236328,19.200000762939453,21688.0
2024-03-01 10:09:00,MIRM,29.049999237060547,29.049999237060547,29.217500686645508,29.049999237060547,29.217500686645508,1259.0
2024-03-01 10:09:00,MLTX,52.34000015258789,52.34000015258789,52.40999984741211,52.14500045776367,52.40999984741211,5591.0
2024-03-01 10:09:00,MMSI,75.86499786376953,75.86499786376953,75.86499786376953,75.86499786376953,75.86499786376953,515.0
2024-03-01 10:09:00,MNKD,4.445000171661377,4.445000171661377,4.449999809265137,4.445000171661377,4.449999809265137,2934.0
2024-03-01 10:09:00,MNMD,5.770100116729736,5.770100116729736,5.770100116729736,5.770100116729736,5.770100116729736,355.0
2024-03-01 10:09:00,MNPR,0.800000011920929,0.800000011920929,0.800000011920929,0.7950000166893005,0.7950999736785889,2261.0
2024-03-01 10:09:00,MODD,1.899999976158142,1.899999976158142,1.899999976158142,1.8978999853134155,1.8995000123977661,1966.0
2024-03-01 10:09:00,MORF,38.150001525878906,38.150001525878906,38.150001525878906,38.150001525878906,38.150001525878906,342.0
2024-03-01 10:09:00,MREO,3.8598999977111816,3.8598999977111816,3.8598999977111816,3.8499999046325684,3.8499999046325684,1635.0
2024-03-01 10:09:00,MRNA,93.93499755859375,93.93499755859375,93.9729995727539,93.8550033569336,93.91000366210938,2843.0
2024-03-01 10:09:00,MRSN,6.090000152587891,6.090000152587891,6.109499931335449,6.039999961853027,6.099999904632568,8086.0
2024-03-01 10:09:00,MRUS,48.95000076293945,48.95000076293945,48.970001220703125,48.95000076293945,48.970001220703125,333.0
2024-03-01 10:09:00,MRVI,7.695000171661377,7.695000171661377,7.695000171661377,7.664999961853027,7.684999942779541,5118.0
2024-03-01 10:09:00,MXCT,4.65500020980835,4.65500020980835,4.65500020980835,4.65500020980835,4.65500020980835,207.0
2024-03-01 10:09:00,MYGN,20.940000534057617,20.940000534057617,20.940000534057617,20.920000076293945,20.920000076293945,260.0
2024-03-01 10:09:00,NAOV,1.0199999809265137,1.0199999809265137,1.0199999809265137,1.0199999809265137,1.0199999809265137,123.0
2024-03-01 10:09:00,NARI,44.88999938964844,44.88999938964844,44.970001220703125,44.8849983215332,44.959999084472656,1191.0
2024-03-01 10:09:00,NBIX,130.74000549316406,130.74000549316406,130.74000549316406,130.66000366210938,130.69000244140625,1489.0
2024-03-01 10:09:00,NEO,15.680000305175781,15.680000305175781,15.680000305175781,15.640000343322754,15.654999732971191,899.0
2024-03-01 10:09:00,NEOG,16.915000915527344,16.915000915527344,16.93000030517578,16.915000915527344,16.93000030517578,474.0
2024-03-01 10:09:00,NERV,2.4941000938415527,2.4941000938415527,2.4941000938415527,2.4909000396728516,2.4909000396728516,606.0
2024-03-01 10:09:00,NGM,1.5299999713897705,1.5299999713897705,1.5299999713897705,1.5299999713897705,1.5299999713897705,442.0
2024-03-01 10:09:00,NNOX,11.153200149536133,11.153200149536133,11.168899536132812,11.130000114440918,11.168899536132812,6618.0
2024-03-01 10:09:00,NRBO,5.9653000831604,5.9653000831604,6.045599937438965,5.960000038146973,5.960000038146973,4467.0
2024-03-01 10:09:00,NRIX,12.734999656677246,12.734999656677246,12.734999656677246,12.705300331115723,12.705300331115723,1322.0
2024-03-01 10:09:00,NRSN,1.9149999618530273,1.9149999618530273,1.9199999570846558,1.9149999618530273,1.9199999570846558,127.0
2024-03-01 10:09:00,NRXP,0.41510000824928284,0.41510000824928284,0.41510000824928284,0.414900004863739,0.41499999165534973,54211.0
2024-03-01 10:09:00,NSPR,2.6500000953674316,2.6500000953674316,2.6500000953674316,2.6500000953674316,2.6500000953674316,1258.0
2024-03-01 10:09:00,NTLA,33.209999084472656,33.209999084472656,33.279998779296875,33.189998626708984,33.25,1354.0
2024-03-01 10:09:00,NTRA,89.30000305175781,89.30000305175781,89.30000305175781,89.18000030517578,89.18000030517578,584.0
2024-03-01 10:09:00,NUTX,0.11479999870061874,0.11479999870061874,0.11479999870061874,0.11299999803304672,0.11299999803304672,157.0
2024-03-01 10:09:00,NUWE,0.5799999833106995,0.5799999833106995,0.5841000080108643,0.5799999833106995,0.5841000080108643,11900.0
2024-03-01 10:09:00,NVAX,4.945000171661377,4.945000171661377,4.945000171661377,4.920000076293945,4.93120002746582,8974.0
2024-03-01 10:09:00,NVCR,15.399999618530273,15.399999618530273,15.505000114440918,15.399999618530273,15.505000114440918,4366.0
2024-03-01 10:09:00,OCGN,0.920799970626831,0.920799970626831,0.9301000237464905,0.920799970626831,0.9300000071525574,28730.0
2024-03-01 10:09:00,OCUL,10.345000267028809,10.345000267028809,10.364999771118164,10.339699745178223,10.364999771118164,3205.0
2024-03-01 10:09:00,OGI,2.0799999237060547,2.0799999237060547,2.0799999237060547,2.0799999237060547,2.0799999237060547,101.0
2024-03-01 10:09:00,OLK,22.530000686645508,22.530000686645508,22.530000686645508,22.5,22.5,3358.0
2024-03-01 10:09:00,OLMA,12.822099685668945,12.822099685668945,12.880000114440918,12.822099685668945,12.880000114440918,408.0
2024-03-01 10:09:00,OM,3.0,3.0,3.0058000087738037,3.0,3.0058000087738037,612.0
2024-03-01 10:09:00,OMCL,26.049999237060547,26.049999237060547,26.09000015258789,26.049999237060547,26.09000015258789,485.0
2024-03-01 10:09:00,OMER,4.704999923706055,4.704999923706055,4.710000038146973,4.704999923706055,4.710000038146973,0.0
2024-03-01 10:09:00,OMGA,4.070099830627441,4.070099830627441,4.070099830627441,4.070099830627441,4.070099830627441,110.0
2024-03-01 10:09:00,OMIC,0.6179999709129333,0.6179999709129333,0.6179999709129333,0.6179999709129333,0.6179999709129333,469.0
2024-03-01 10:09:00,ONCY,1.0700000524520874,1.0700000524520874,1.070099949836731,1.0700000524520874,1.070099949836731,2440.0
2024-03-01 10:09:00,ONVO,1.021299958229065,1.021299958229065,1.0225000381469727,1.021299958229065,1.0225000381469727,310.0
2024-03-01 10:10:00,ABCL,5.099999904632568,5.099999904632568,5.099999904632568,5.099999904632568,5.099999904632568,528.0
2024-03-01 10:10:00,ABEO,7.547999858856201,7.547999858856201,7.547999858856201,7.541999816894531,7.541999816894531,356.0
2024-03-01 10:10:00,ABOS,4.579999923706055,4.579999923706055,4.579999923706055,4.570000171661377,4.570000171661377,696.0
2024-03-01 10:10:00,ABSI,5.144999980926514,5.144999980926514,5.147500038146973,5.130000114440918,5.130000114440918,7868.0
2024-03-01 10:10:00,ABUS,2.7799999713897705,2.7799999713897705,2.7799999713897705,2.7799999713897705,2.7799999713897705,186.0
2024-03-01 10:10:00,ACAD,23.579999923706055,23.579999923706055,23.579999923706055,23.510000228881836,23.510000228881836,1936.0
2024-03-01 10:10:00,ACB,3.0107998847961426,3.0107998847961426,3.019700050354004,3.009999990463257,3.015000104904175,2170.0
2024-03-01 10:10:00,ACET,2.3450000286102295,2.3450000286102295,2.3450000286102295,2.3450000286102295,2.3450000286102295,300.0
2024-03-01 10:10:00,ACHC,83.12999725341797,83.12999725341797,83.12999725341797,83.12999725341797,83.12999725341797,448.0
2024-03-01 10:10:00,ACLX,69.70500183105469,69.70500183105469,69.70500183105469,69.70500183105469,69.70500183105469,459.0
2024-03-01 10:10:00,ACON,0.38260000944137573,0.38260000944137573,0.38260000944137573,0.38260000944137573,0.38260000944137573,1011.0
2024-03-01 10:10:00,ADIL,3.2309000492095947,3.2309000492095947,3.299999952316284,3.200000047683716,3.234999895095825,93966.0
2024-03-01 10:10:00,ADMA,5.355000019073486,5.355000019073486,5.356500148773193,5.355000019073486,5.355000019073486,1196.0
2024-03-01 10:10:00,ADPT,4.059999942779541,4.059999942779541,4.059999942779541,4.050000190734863,4.050000190734863,1830.0
2024-03-01 10:10:00,ADVM,1.965000033378601,1.965000033378601,1.9700000286102295,1.965000033378601,1.9696999788284302,5422.0
2024-03-01 10:10:00,AGEN,0.6700999736785889,0.6700999736785889,0.6700999736785889,0.6700000166893005,0.6700999736785889,21950.0
2024-03-01 10:10:00,AGIO,32.61000061035156,32.61000061035156,32.6150016784668,32.599998474121094,32.599998474121094,1140.0
2024-03-01 10:10:00,AHCO,10.475000381469727,10.475000381469727,10.475000381469727,10.4350004196167,10.4350004196167,926.0
2024-03-01 10:10:00,AKAN,0.26820001006126404,0.26820001006126404,0.26820001006126404,0.2671000063419342,0.2676999866962433,15806.0
2024-03-01 10:10:00,AKBA,1.6349999904632568,1.6349999904632568,1.6349999904632568,1.6349999904632568,1.6349999904632568,140.0
2024-03-01 10:10:00,AKRO,28.020000457763672,28.020000457763672,28.280000686645508,28.0,28.125,17847.0
2024-03-01 10:10:00,ALDX,4.059999942779541,4.059999942779541,4.070000171661377,4.057199954986572,4.057199954986572,3612.0
2024-03-01 10:10:00,ALEC,7.260000228881836,7.260000228881836,7.269999980926514,7.260000228881836,7.260000228881836,5372.0
2024-03-01 10:10:00,ALGN,298.31500244140625,298.31500244140625,298.31500244140625,298.31500244140625,298.31500244140625,307.0
2024-03-01 10:10:00,ALHC,6.0,6.0,6.0,5.980000019073486,5.980000019073486,317658.0
2024-03-01 10:10:00,ALKS,30.059999465942383,30.059999465942383,30.075000762939453,30.020000457763672,30.020000457763672,2434.0
2024-03-01 10:10:00,ALLK,1.5750000476837158,1.5750000476837158,1.5800000429153442,1.5750000476837158,1.5750000476837158,2609.0
2024-03-01 10:10:00,ALLO,4.989999771118164,4.989999771118164,4.994999885559082,4.964000225067139,4.964000225067139,5117.0
2024-03-01 10:10:00,ALLR,0.3919999897480011,0.3919999897480011,0.3919999897480011,0.3919999897480011,0.3919999897480011,150.0
2024-03-01 10:10:00,ALNY,152.6300048828125,152.6300048828125,152.63499450683594,152.48500061035156,152.63499450683594,827.0
2024-03-01 10:10:00,ALPN,36.15999984741211,36.15999984741211,36.2400016784668,36.15999984741211,36.2400016784668,813.0
2024-03-01 10:10:00,ALT,12.260000228881836,12.260000228881836,12.265800476074219,12.170000076293945,12.170000076293945,12057.0
2024-03-01 10:10:00,ALVO,15.682499885559082,15.682499885559082,15.682499885559082,15.682499885559082,15.682499885559082,8.0
2024-03-01 10:10:00,ALXO,14.90999984741211,14.90999984741211,14.90999984741211,14.90999984741211,14.90999984741211,708.0
2024-03-01 10:10:00,AMGN,278.68499755859375,278.68499755859375,278.9898986816406,278.57000732421875,278.9049987792969,5566.0
2024-03-01 10:10:00,AMLX,18.954999923706055,18.954999923706055,18.969999313354492,18.8700008392334,18.8700008392334,3164.0
2024-03-01 10:10:00,AMPH,46.404998779296875,46.404998779296875,46.404998779296875,46.404998779296875,46.404998779296875,693.0
2024-03-01 10:10:00,AMRN,1.0149999856948853,1.0149999856948853,1.0199999809265137,1.01010000705719,1.01010000705719,8235.0
2024-03-01 10:10:00,ANGO,5.300000190734863,5.300000190734863,5.300000190734863,5.300000190734863,5.300000190734863,252.0
2024-03-01 10:10:00,ANIP,66.2300033569336,66.2300033569336,66.7750015258789,66.2300033569336,66.76000213623047,2683.0
2024-03-01 10:10:00,ANNX,5.940000057220459,5.940000057220459,5.949999809265137,5.940000057220459,5.949999809265137,6091.0
2024-03-01 10:10:00,APLS,62.65999984741211,62.65999984741211,62.672298431396484,62.52000045776367,62.672298431396484,779.0
2024-03-01 10:10:00,APLT,7.40500020980835,7.40500020980835,7.409999847412109,7.385000228881836,7.389999866485596,4329.0
2024-03-01 10:10:00,AQST,4.270699977874756,4.270699977874756,4.300000190734863,4.269999980926514,4.28000020980835,19763.0
2024-03-01 10:10:00,ARCT,40.25,40.25,40.470001220703125,40.25,40.470001220703125,21471.0
2024-03-01 10:10:00,ARDX,9.6899995803833,9.6899995803833,9.71500015258789,9.6899995803833,9.699999809265137,8418.0
2024-03-01 10:10:00,ARGX,382.2200012207031,382.2200012207031,382.2200012207031,382.2200012207031,382.2200012207031,163.0
2024-03-01 10:10:00,ARQT,10.899999618530273,10.899999618530273,10.9399995803833,10.871999740600586,10.871999740600586,8461.0
2024-03-01 10:10:00,ARVN,50.029998779296875,50.029998779296875,50.040000915527344,49.7599983215332,49.7599983215332,1976.0
2024-03-01 10:10:00,ARWR,34.469398498535156,34.469398498535156,34.469398498535156,34.38999938964844,34.43000030517578,2559.0
2024-03-01 10:10:00,ASLN,0.8550000190734863,0.8550000190734863,0.8550000190734863,0.8500000238418579,0.8500999808311462,1436.0
2024-03-01 10:10:00,ASND,148.30999755859375,148.30999755859375,148.30999755859375,148.30999755859375,148.30999755859375,122.0
2024-03-01 10:10:00,ASRT,0.9200000166893005,0.9200000166893005,0.9200000166893005,0.9199000000953674,0.9200000166893005,3951.0
2024-03-01 10:10:00,ATAI,1.9600000381469727,1.9600000381469727,1.9600000381469727,1.9593000411987305,1.9593000411987305,1665.0
2024-03-01 10:10:00,ATEC,13.279999732971191,13.279999732971191,13.279999732971191,13.25,13.25,1067.0
2024-03-01 10:10:00,ATHA,3.890000104904175,3.890000104904175,3.890000104904175,3.890000104904175,3.890000104904175,232.0
2024-03-01 10:10:00,ATRA,0.789900004863739,0.789900004863739,0.789900004863739,0.7836999893188477,0.7836999893188477,808.0
2024-03-01 10:10:00,ATXI,0.1527000069618225,0.1527000069618225,0.1527000069618225,0.1527000069618225,0.1527000069618225,539.0
2024-03-01 10:10:00,ATXS,14.920000076293945,14.920000076293945,14.920000076293945,14.920000076293945,14.920000076293945,451.0
2024-03-01 10:10:00,AUPH,5.71999979019165,5.71999979019165,5.71999979019165,5.71999979019165,5.71999979019165,1090.0
2024-03-01 10:10:00,AURA,9.220000267028809,9.220000267028809,9.220000267028809,9.220000267028809,9.220000267028809,295.0
2024-03-01 10:10:00,AUTL,6.239999771118164,6.239999771118164,6.239999771118164,6.204999923706055,6.204999923706055,1652.0
2024-03-01 10:10:00,AVDL,12.760000228881836,12.760000228881836,12.8100004196167,12.720000267028809,12.720000267028809,1209.0
2024-03-01 10:10:00,AVIR,4.349999904632568,4.349999904632568,4.349999904632568,4.349999904632568,4.349999904632568,961.0
2024-03-01 10:10:00,AVXL,5.244999885559082,5.244999885559082,5.25,5.244999885559082,5.25,972.0
2024-03-01 10:10:00,AZN,64.2300033569336,64.2300033569336,64.23999786376953,64.20999908447266,64.20999908447266,2523.0
2024-03-01 10:10:00,AZTA,65.69000244140625,65.69000244140625,65.69000244140625,65.69000244140625,65.69000244140625,442.0
2024-03-01 10:10:00,BBIO,35.73500061035156,35.73500061035156,35.779998779296875,35.73500061035156,35.77000045776367,537.0
2024-03-01 10:10:00,BBLG,2.6475000381469727,2.6475000381469727,2.7799999713897705,2.569999933242798,2.569999933242798,7126.0
2024-03-01 10:10:00,BCAB,2.7799999713897705,2.7799999713897705,2.7799999713897705,2.7750000953674316,2.7750000953674316,443.0
2024-03-01 10:10:00,BCEL,0.26510000228881836,0.26510000228881836,0.26989999413490295,0.26510000228881836,0.26840001344680786,11366.0
2024-03-01 10:10:00,BCRX,5.690000057220459,5.690000057220459,5.699999809265137,5.690000057220459,5.690100193023682,938.0
2024-03-01 10:10:00,BDSX,1.6549999713897705,1.6549999713897705,1.6549999713897705,1.6549999713897705,1.6549999713897705,800.0
2024-03-01 10:10:00,BDTX,5.28000020980835,5.28000020980835,5.28000020980835,5.269999980926514,5.269999980926514,450.0
2024-03-01 10:10:00,BEAM,40.224998474121094,40.224998474121094,40.224998474121094,40.084999084472656,40.095001220703125,4890.0
2024-03-01 10:10:00,BGXX,0.2558000087738037,0.2558000087738037,0.26499998569488525,0.25519999861717224,0.26499998569488525,49539.0
2024-03-01 10:10:00,BIIB,218.60000610351562,218.60000610351562,218.60000610351562,218.49000549316406,218.49000549316406,797.0
2024-03-01 10:10:00,BIOL,0.13750000298023224,0.13750000298023224,0.13760000467300415,0.13699999451637268,0.13699999451637268,2102.0
2024-03-01 10:10:00,BIOR,1.249899983406067,1.249899983406067,1.249899983406067,1.249899983406067,1.249899983406067,105.0
2024-03-01 10:10:00,BIVI,2.9405999183654785,2.9405999183654785,3.0799999237060547,2.880000114440918,2.9498000144958496,1406097.0
2024-03-01 10:10:00,BLFS,17.84000015258789,17.84000015258789,17.950000762939453,17.84000015258789,17.875,3114.0
2024-03-01 10:10:00,BLUE,1.590000033378601,1.590000033378601,1.6100000143051147,1.5850000381469727,1.5950000286102295,173095.0
2024-03-01 10:10:00,BMEA,17.899999618530273,17.899999618530273,17.899999618530273,17.899999618530273,17.899999618530273,1167.0
2024-03-01 10:10:00,BMRN,86.22000122070312,86.22000122070312,86.22000122070312,86.19499969482422,86.19999694824219,555.0
2024-03-01 10:10:00,BNGO,1.2301000356674194,1.2301000356674194,1.2350000143051147,1.2301000356674194,1.2350000143051147,1229.0
2024-03-01 10:10:00,BNR,0.8720999956130981,0.8720999956130981,0.8867999911308289,0.8720999956130981,0.8867999911308289,500.0
2024-03-01 10:10:00,BNTX,90.46499633789062,90.46499633789062,90.58999633789062,90.46499633789062,90.46499633789062,1402.0
2024-03-01 10:10:00,BPMC,97.66500091552734,97.66500091552734,97.66500091552734,97.52999877929688,97.52999877929688,1823.0
2024-03-01 10:10:00,BRKR,87.08499908447266,87.08499908447266,87.08499908447266,86.93000030517578,86.94000244140625,1281.0
2024-03-01 10:10:00,BRTX,1.5,1.5,1.5,1.5,1.5,1600.0
2024-03-01 10:10:00,BTAI,3.1798999309539795,3.1798999309539795,3.1798999309539795,3.1798999309539795,3.1798999309539795,519.0
2024-03-01 10:10:00,BVS,4.650000095367432,4.650000095367432,4.650000095367432,4.650000095367432,4.650000095367432,122.0
2024-03-01 10:10:00,BYSI,1.3799999952316284,1.3799999952316284,1.3799999952316284,1.3799999952316284,1.3799999952316284,1410.0
2024-03-01 10:10:00,CABA,24.399999618530273,24.399999618530273,24.399999618530273,24.360000610351562,24.360000610351562,550.0
2024-03-01 10:10:00,CAPR,4.599999904632568,4.599999904632568,4.599999904632568,4.590000152587891,4.5929999351501465,1281.0
2024-03-01 10:10:00,CARA,0.8600000143051147,0.8600000143051147,0.8684999942779541,0.8600000143051147,0.8684999942779541,1176.0
2024-03-01 10:10:00,CBAY,32.23500061035156,32.23500061035156,32.2400016784668,32.23500061035156,32.2400016784668,2763.0
2024-03-01 10:10:00,CCCC,11.03499984741211,11.03499984741211,11.040300369262695,11.00979995727539,11.020000457763672,7674.0
2024-03-01 10:10:00,CCRN,17.8799991607666,17.8799991607666,17.8799991607666,17.8700008392334,17.8700008392334,1400.0
2024-03-01 10:10:00,CDMO,7.869999885559082,7.869999885559082,7.869999885559082,7.860000133514404,7.860000133514404,1014.0
2024-03-01 10:10:00,CDNA,11.635000228881836,11.635000228881836,11.635000228881836,11.619999885559082,11.620100021362305,868.0
2024-03-01 10:10:00,CDXS,4.239999771118164,4.239999771118164,4.260000228881836,4.239999771118164,4.25,8443.0
2024-03-01 10:10:00,CERE,41.22999954223633,41.22999954223633,41.22999954223633,41.150001525878906,41.150001525878906,5073.0
2024-03-01 10:10:00,CERS,2.174999952316284,2.174999952316284,2.174999952316284,2.1700000762939453,2.1700000762939453,652.0
2024-03-01 10:10:00,CERT,17.8799991607666,17.8799991607666,17.895000457763672,17.809999465942383,17.892499923706055,13431.0
2024-03-01 10:10:00,CGC,3.1547000408172607,3.1547000408172607,3.1600000858306885,3.1547000408172607,3.1549999713897705,1886.0
2024-03-01 10:10:00,CGEM,18.760000228881836,18.760000228881836,18.780000686645508,18.75,18.75,1300.0
2024-03-01 10:10:00,CGEN,2.6198999881744385,2.6198999881744385,2.6198999881744385,2.6198999881744385,2.6198999881744385,4060.0
2024-03-01 10:10:00,CHRS,2.319999933242798,2.319999933242798,2.319999933242798,2.309999942779541,2.309999942779541,323.0
2024-03-01 10:10:00,CING,1.2407000064849854,1.2407000064849854,1.2407000064849854,1.2407000064849854,1.2407000064849854,161.0
2024-03-01 10:10:00,CLDX,51.255001068115234,51.255001068115234,51.2599983215332,50.84000015258789,50.84000015258789,9253.0
2024-03-01 10:10:00,CLNN,0.39489999413490295,0.39489999413490295,0.39489999413490295,0.39250001311302185,0.39250001311302185,2430.0
2024-03-01 10:10:00,CLOV,0.8590999841690063,0.8590999841690063,0.8601999878883362,0.8586000204086304,0.8601999878883362,53256.0
2024-03-01 10:10:00,CLRB,4.019999980926514,4.019999980926514,4.019999980926514,4.010000228881836,4.019999980926514,4084.0
2024-03-01 10:10:00,CMPS,10.579999923706055,10.579999923706055,10.579999923706055,10.539999961853027,10.550000190734863,869.0
2024-03-01 10:10:00,CMRX,1.1299999952316284,1.1299999952316284,1.1398999691009521,1.1299999952316284,1.1398999691009521,2910.0
2024-03-01 10:10:00,CNTA,10.505000114440918,10.505000114440918,10.505000114440918,10.505000114440918,10.505000114440918,400.0
2024-03-01 10:10:00,CODX,1.1511000394821167,1.1511000394821167,1.1511000394821167,1.1511000394821167,1.1511000394821167,200.0
2024-03-01 10:10:00,COGT,7.28000020980835,7.28000020980835,7.289999961853027,7.260000228881836,7.28000020980835,5860.0
2024-03-01 10:10:00,CORT,23.634899139404297,23.634899139404297,23.634899139404297,23.634899139404297,23.634899139404297,304.0
2024-03-01 10:10:00,COSM,0.7523999810218811,0.7523999810218811,0.7524999976158142,0.7523999810218811,0.7524999976158142,745.0
2024-03-01 10:10:00,CPRX,16.739999771118164,16.739999771118164,16.760000228881836,16.719999313354492,16.729999542236328,4710.0
2024-03-01 10:10:00,CPSI,9.470000267028809,9.470000267028809,9.470000267028809,9.470000267028809,9.470000267028809,139.0
2024-03-01 10:10:00,CRBU,8.100000381469727,8.100000381469727,8.100000381469727,8.055000305175781,8.055000305175781,2522.0
2024-03-01 10:10:00,CRDF,2.470099925994873,2.470099925994873,2.5,2.450000047683716,2.490000009536743,105245.0
2024-03-01 10:10:00,CRDL,2.02020001411438,2.02020001411438,2.02020001411438,2.02020001411438,2.02020001411438,2000.0
2024-03-01 10:10:00,CRMD,3.619999885559082,3.619999885559082,3.619999885559082,3.619999885559082,3.619999885559082,501.0
2024-03-01 10:10:00,CRNX,44.70000076293945,44.70000076293945,44.70000076293945,44.650001525878906,44.68000030517578,1476.0
2024-03-01 10:10:00,CRON,2.0306999683380127,2.0306999683380127,2.0350000858306885,2.0306999683380127,2.0350000858306885,1160.0
2024-03-01 10:10:00,CRSP,85.63500213623047,85.63500213623047,85.66999816894531,85.41999816894531,85.5,10831.0
2024-03-01 10:10:00,CSTL,19.43000030517578,19.43000030517578,19.43000030517578,19.15999984741211,19.299999237060547,1251.0
2024-03-01 10:10:00,CTMX,2.4800000190734863,2.4800000190734863,2.490600109100342,2.4800000190734863,2.490600109100342,1450.0
2024-03-01 10:10:00,CUE,2.0950000286102295,2.0950000286102295,2.0950000286102295,2.0950000286102295,2.0950000286102295,211.0
2024-03-01 10:10:00,CUTR,2.319999933242798,2.319999933242798,2.319999933242798,2.309999942779541,2.309999942779541,2081.0
2024-03-01 10:10:00,CYT,3.1177000999450684,3.1177000999450684,3.1177000999450684,3.1177000999450684,3.1177000999450684,160.0
2024-03-01 10:10:00,CYTK,74.89990234375,74.89990234375,74.89990234375,74.4800033569336,74.5,3396.0
2024-03-01 10:10:00,DAWN,17.0049991607666,17.0049991607666,17.030000686645508,16.979999542236328,16.979999542236328,679.0
2024-03-01 10:10:00,DCGO,4.042500019073486,4.042500019073486,4.042500019073486,4.042500019073486,4.042500019073486,135.0
2024-03-01 10:10:00,DCPH,16.989999771118164,16.989999771118164,16.989999771118164,16.989999771118164,16.989999771118164,2186.0
2024-03-01 10:10:00,DERM,4.039999961853027,4.039999961853027,4.039999961853027,4.039999961853027,4.039999961853027,1465.0
2024-03-01 10:10:00,DH,9.079999923706055,9.079999923706055,9.079999923706055,9.079999923706055,9.079999923706055,455.0
2024-03-01 10:10:00,DMTK,0.8996999859809875,0.8996999859809875,0.8996999859809875,0.8600000143051147,0.8899000287055969,83533.0
2024-03-01 10:10:00,DNLI,20.600000381469727,20.600000381469727,20.610000610351562,20.575000762939453,20.575000762939453,1290.0
2024-03-01 10:10:00,DTIL,13.1899995803833,13.1899995803833,13.1899995803833,12.960000038146973,13.095000267028809,13241.0
2024-03-01 10:10:00,DVAX,12.734999656677246,12.734999656677246,12.734999656677246,12.731900215148926,12.731900215148926,2639.0
2024-03-01 10:10:00,DXCM,117.01000213623047,117.01000213623047,117.05999755859375,116.66089630126953,116.69000244140625,26481.0
2024-03-01 10:10:00,DYN,29.949899673461914,29.949899673461914,29.950000762939453,29.760000228881836,29.760000228881836,3590.0
2024-03-01 10:10:00,EDIT,10.569999694824219,10.569999694824219,10.569999694824219,10.550000190734863,10.550000190734863,1001.0
2024-03-01 10:10:00,EFTR,14.550000190734863,14.550000190734863,14.550000190734863,14.529999732971191,14.54990005493164,560.0
2024-03-01 10:10:00,EKSO,1.9700000286102295,1.9700000286102295,1.9700000286102295,1.9700000286102295,1.9700000286102295,372.0
2024-03-01 10:10:00,ELDN,1.8264000415802002,1.8264000415802002,1.8264000415802002,1.8264000415802002,1.8264000415802002,0.0
2024-03-01 10:10:00,ELEV,4.690100193023682,4.690100193023682,4.724999904632568,4.664999961853027,4.664999961853027,4500.0
2024-03-01 10:10:00,ENSG,123.93000030517578,123.93000030517578,124.0199966430664,123.93000030517578,124.0199966430664,735.0
2024-03-01 10:10:00,ENVB,1.7949999570846558,1.7949999570846558,1.7999999523162842,1.7300000190734863,1.7300000190734863,113455.0
2024-03-01 10:10:00,EOLS,14.850000381469727,14.850000381469727,14.854999542236328,14.850000381469727,14.850000381469727,1155.0
2024-03-01 10:10:00,ERAS,2.430000066757202,2.430000066757202,2.430000066757202,2.430000066757202,2.430000066757202,1906.0
2024-03-01 10:10:00,ESPR,2.505000114440918,2.505000114440918,2.505000114440918,2.5000998973846436,2.505000114440918,1424.0
2024-03-01 10:10:00,EVO,7.375,7.375,7.375,7.369999885559082,7.375,7252.0
2024-03-01 10:10:00,EXAS,58.875,58.875,58.875,58.755001068115234,58.755001068115234,3200.0
2024-03-01 10:10:00,EXEL,22.420000076293945,22.420000076293945,22.43000030517578,22.417499542236328,22.420000076293945,2147.0
2024-03-01 10:10:00,EYEN,2.1098999977111816,2.1098999977111816,2.1098999977111816,2.1098999977111816,2.1098999977111816,0.0
2024-03-01 10:10:00,EYPT,28.149999618530273,28.149999618530273,28.190000534057617,28.1200008392334,28.1200008392334,1498.0
2024-03-01 10:10:00,FATE,7.466000080108643,7.466000080108643,7.466000080108643,7.434999942779541,7.440000057220459,2651.0
2024-03-01 10:10:00,FBIO,2.200000047683716,2.200000047683716,2.2100000381469727,2.200000047683716,2.205399990081787,411.0
2024-03-01 10:10:00,FDMT,29.43000030517578,29.43000030517578,29.43000030517578,29.350000381469727,29.350000381469727,1079.0
2024-03-01 10:10:00,FEMY,1.7100000381469727,1.7100000381469727,1.7100000381469727,1.7100000381469727,1.7100000381469727,998.0
2024-03-01 10:10:00,FGEN,1.75,1.75,1.75,1.7450000047683716,1.7450000047683716,4413.0
2024-03-01 10:10:00,FHTX,8.239999771118164,8.239999771118164,8.239999771118164,8.234999656677246,8.234999656677246,200.0
2024-03-01 10:10:00,FLGT,22.844999313354492,22.844999313354492,22.844999313354492,22.844999313354492,22.844999313354492,280.0
2024-03-01 10:10:00,FOLD,13.354999542236328,13.354999542236328,13.354999542236328,13.335000038146973,13.345000267028809,2092.0
2024-03-01 10:10:00,FULC,10.524999618530273,10.524999618530273,10.524999618530273,10.524999618530273,10.524999618530273,238.0
2024-03-01 10:10:00,FUSN,12.25,12.25,12.25,12.25,12.25,101.0
2024-03-01 10:10:00,GDRX,8.3149995803833,8.3149995803833,8.3149995803833,8.260000228881836,8.260000228881836,7854.0
2024-03-01 10:10:00,GERN,2.0950000286102295,2.0950000286102295,2.0999999046325684,2.0950000286102295,2.0950000286102295,1758.0
2024-03-01 10:10:00,GH,18.989999771118164,18.989999771118164,19.0,18.969999313354492,18.969999313354492,11054.0
2024-03-01 10:10:00,GHRS,9.0649995803833,9.0649995803833,9.0649995803833,8.979999542236328,9.0649995803833,1042.0
2024-03-01 10:10:00,GILD,72.44999694824219,72.44999694824219,72.47000122070312,72.41999816894531,72.47000122070312,5381.0
2024-03-01 10:10:00,GLSI,12.599200248718262,12.599200248718262,12.599200248718262,12.599200248718262,12.599200248718262,252.0
2024-03-01 10:10:00,GMAB,28.739999771118164,28.739999771118164,28.739999771118164,28.735000610351562,28.735000610351562,305.0
2024-03-01 10:10:00,GMDA,0.37610000371932983,0.37610000371932983,0.3763999938964844,0.37610000371932983,0.3763999938964844,3010.0
2024-03-01 10:10:00,GNPX,4.439199924468994,4.439199924468994,4.440000057220459,4.394999980926514,4.394999980926514,1533.0
2024-03-01 10:10:00,GOSS,1.350000023841858,1.350000023841858,1.3550000190734863,1.3450000286102295,1.3450000286102295,3836.0
2024-03-01 10:10:00,GRFS,6.829999923706055,6.829999923706055,6.829999923706055,6.775000095367432,6.775000095367432,11602.0
2024-03-01 10:10:00,GRPH,3.494999885559082,3.494999885559082,3.494999885559082,3.494999885559082,3.494999885559082,1171.0
2024-03-01 10:10:00,GRTS,2.0299999713897705,2.0299999713897705,2.0299999713897705,2.015000104904175,2.0250000953674316,7993.0
2024-03-01 10:10:00,GTHX,3.424999952316284,3.424999952316284,3.424999952316284,3.424999952316284,3.424999952316284,20.0
2024-03-01 10:10:00,HALO,40.849998474121094,40.849998474121094,40.88999938964844,40.849998474121094,40.88999938964844,1737.0
2024-03-01 10:10:00,HARP,22.940000534057617,22.940000534057617,22.950000762939453,22.940000534057617,22.950000762939453,3610.0
2024-03-01 10:10:00,HCAT,8.039999961853027,8.039999961853027,8.050000190734863,8.029999732971191,8.029999732971191,2147.0
2024-03-01 10:10:00,HCM,15.220000267028809,15.220000267028809,15.220000267028809,15.220000267028809,15.220000267028809,104.0
2024-03-01 10:10:00,HCSG,12.600000381469727,12.600000381469727,12.600000381469727,12.600000381469727,12.600000381469727,415.0
2024-03-01 10:10:00,HCTI,2.426300048828125,2.426300048828125,2.439300060272217,2.4100000858306885,2.424999952316284,2658.0
2024-03-01 10:10:00,HEPA,3.2200000286102295,3.2200000286102295,3.2200000286102295,3.2200000286102295,3.2200000286102295,205.0
2024-03-01 10:10:00,HLTH,0.2676999866962433,0.2676999866962433,0.2676999866962433,0.2676999866962433,0.2676999866962433,472.0
2024-03-01 10:10:00,HOLX,73.625,73.625,73.63999938964844,73.625,73.63999938964844,667.0
2024-03-01 10:10:00,HRTX,2.634999990463257,2.634999990463257,2.640000104904175,2.634999990463257,2.634999990463257,1006.0
2024-03-01 10:10:00,HSIC,77.08499908447266,77.08499908447266,77.11750030517578,76.97000122070312,76.97000122070312,1649.0
2024-03-01 10:10:00,HUMA,3.174999952316284,3.174999952316284,3.190000057220459,3.1449999809265137,3.1449999809265137,57478.0
2024-03-01 10:10:00,IART,36.54999923706055,36.54999923706055,36.54999923706055,36.47999954223633,36.47999954223633,2106.0
2024-03-01 10:10:00,IBRX,4.9096999168396,4.9096999168396,4.9096999168396,4.889999866485596,4.90500020980835,11549.0
2024-03-01 10:10:00,ICUI,104.98999786376953,104.98999786376953,105.16999816894531,104.95999908447266,105.11000061035156,7221.0
2024-03-01 10:10:00,IDXX,570.52001953125,570.52001953125,570.52001953125,570.52001953125,570.52001953125,160.0
2024-03-01 10:10:00,IDYA,45.9900016784668,45.9900016784668,46.04999923706055,45.9900016784668,46.0,3627.0
2024-03-01 10:10:00,IINN,1.6200000047683716,1.6200000047683716,1.6492999792099,1.6200000047683716,1.6492999792099,11302.0
2024-03-01 10:10:00,ILMN,137.5500030517578,137.5500030517578,137.5500030517578,137.26499938964844,137.26499938964844,3054.0
2024-03-01 10:10:00,IMAB,1.850000023841858,1.850000023841858,1.850000023841858,1.850000023841858,1.850000023841858,200.0
2024-03-01 10:10:00,IMCC,0.3294999897480011,0.3294999897480011,0.3294999897480011,0.3294999897480011,0.3294999897480011,266.0
2024-03-01 10:10:00,IMCR,68.7300033569336,68.7300033569336,68.7300033569336,68.6050033569336,68.6050033569336,292.0
2024-03-01 10:10:00,IMMX,3.5499000549316406,3.5499000549316406,3.5499000549316406,3.5499000549316406,3.5499000549316406,182.0
2024-03-01 10:10:00,IMNM,25.024999618530273,25.024999618530273,25.079999923706055,25.024999618530273,25.049999237060547,0.0
2024-03-01 10:10:00,IMNN,1.059999942779541,1.059999942779541,1.059999942779541,1.059999942779541,1.059999942779541,297.0
2024-03-01 10:10:00,IMTX,12.920000076293945,12.920000076293945,12.920000076293945,12.895000457763672,12.895000457763672,1339.0
2024-03-01 10:10:00,IMUX,1.5049999952316284,1.5049999952316284,1.5098999738693237,1.5049999952316284,1.5098999738693237,896.0
2024-03-01 10:10:00,IMVT,36.98500061035156,36.98500061035156,37.02000045776367,36.95500183105469,36.98500061035156,1549.0
2024-03-01 10:10:00,INAB,1.0988999605178833,1.0988999605178833,1.100000023841858,1.0988999605178833,1.0988999605178833,1077.0
2024-03-01 10:10:00,INBX,37.0,37.0,37.0,37.0,37.0,2068.0
2024-03-01 10:10:00,INCY,58.68000030517578,58.68000030517578,58.68000030517578,58.619998931884766,58.619998931884766,688.0
2024-03-01 10:10:00,INDP,2.030100107192993,2.030100107192993,2.030100107192993,2.030100107192993,2.030100107192993,167.0
2024-03-01 10:10:00,INGN,6.769999980926514,6.769999980926514,6.769999980926514,6.75,6.75,702.0
2024-03-01 10:10:00,INM,0.39250001311302185,0.39250001311302185,0.39250001311302185,0.39250001311302185,0.39250001311302185,300.0
2024-03-01 10:10:00,INMD,22.43000030517578,22.43000030517578,22.434999465942383,22.420000076293945,22.420000076293945,2004.0
2024-03-01 10:10:00,INSM,28.25,28.25,28.25,28.200000762939453,28.200000762939453,1636.0
2024-03-01 10:10:00,INVA,15.220000267028809,15.220000267028809,15.234999656677246,15.199999809265137,15.199999809265137,4138.0
2024-03-01 10:10:00,INZY,6.409999847412109,6.409999847412109,6.409999847412109,6.389999866485596,6.389999866485596,922.0
2024-03-01 10:10:00,IOBT,1.6963000297546387,1.6963000297546387,1.6963000297546387,1.6842999458312988,1.690000057220459,1418.0
2024-03-01 10:10:00,IONS,45.505001068115234,45.505001068115234,45.505001068115234,45.505001068115234,45.505001068115234,111.0
2024-03-01 10:10:00,IOVA,16.895000457763672,16.895000457763672,16.950000762939453,16.895000457763672,16.903799057006836,23831.0
2024-03-01 10:10:00,IRTC,117.37999725341797,117.37999725341797,117.37999725341797,117.37999725341797,117.37999725341797,294.0
2024-03-01 10:10:00,IRWD,8.859999656677246,8.859999656677246,8.890000343322754,8.854999542236328,8.854999542236328,26730.0
2024-03-01 10:10:00,ITCI,71.65499877929688,71.65499877929688,71.65499877929688,71.65499877929688,71.65499877929688,165.0
2024-03-01 10:10:00,ITOS,10.75,10.75,10.75,10.75,10.75,300.0
2024-03-01 10:10:00,ITRM,1.2401000261306763,1.2401000261306763,1.2401000261306763,1.2401000261306763,1.2401000261306763,500.0
2024-03-01 10:10:00,IVVD,3.9800000190734863,3.9800000190734863,3.9800000190734863,3.9800000190734863,3.9800000190734863,754.0
2024-03-01 10:10:00,IXHL,5.389999866485596,5.389999866485596,5.389999866485596,5.389999866485596,5.389999866485596,2066.0
2024-03-01 10:10:00,JAGX,0.07320000231266022,0.07320000231266022,0.07490000128746033,0.07240000367164612,0.07349999994039536,1058260.0
2024-03-01 10:10:00,JANX,47.584999084472656,47.584999084472656,47.584999084472656,47.584999084472656,47.584999084472656,455.0
2024-03-01 10:10:00,JAZZ,120.27999877929688,120.27999877929688,120.27999877929688,120.27999877929688,120.27999877929688,280.0
2024-03-01 10:10:00,KALV,13.9399995803833,13.9399995803833,13.9399995803833,13.9399995803833,13.9399995803833,258.0
2024-03-01 10:10:00,KIDS,27.079999923706055,27.079999923706055,27.079999923706055,27.079999923706055,27.079999923706055,313.0
2024-03-01 10:10:00,KNSA,21.670000076293945,21.670000076293945,21.670000076293945,21.670000076293945,21.670000076293945,691.0
2024-03-01 10:10:00,KNTE,2.600100040435791,2.600100040435791,2.600100040435791,2.600100040435791,2.600100040435791,1000.0
2024-03-01 10:10:00,KOD,6.065000057220459,6.065000057220459,6.069300174713135,6.065000057220459,6.065000057220459,400.0
2024-03-01 10:10:00,KPTI,1.179900050163269,1.179900050163269,1.179900050163269,1.1699999570846558,1.1699999570846558,11627.0
2024-03-01 10:10:00,KRYS,166.75,166.75,166.97999572753906,166.58999633789062,166.58999633789062,2248.0
2024-03-01 10:10:00,KTRA,0.10170000046491623,0.10170000046491623,0.10170000046491623,0.10170000046491623,0.10170000046491623,232.0
2024-03-01 10:10:00,KURA,21.170000076293945,21.170000076293945,21.170000076293945,21.170000076293945,21.170000076293945,190.0
2024-03-01 10:10:00,KYMR,43.26499938964844,43.26499938964844,43.27000045776367,43.209999084472656,43.209999084472656,1375.0
2024-03-01 10:10:00,KZR,1.090000033378601,1.090000033378601,1.100000023841858,1.0850000381469727,1.0850000381469727,16946.0
2024-03-01 10:10:00,LAB,2.2899999618530273,2.2899999618530273,2.2899999618530273,2.2850000858306885,2.2850000858306885,1291.0
2024-03-01 10:10:00,LBPH,21.760000228881836,21.760000228881836,21.770000457763672,21.760000228881836,21.770000457763672,312.0
2024-03-01 10:10:00,LEXX,2.621799945831299,2.621799945831299,2.621799945831299,2.5167999267578125,2.613100051879883,828.0
2024-03-01 10:10:00,LFST,8.079999923706055,8.079999923706055,8.079999923706055,8.020000457763672,8.020000457763672,7829.0
2024-03-01 10:10:00,LIAN,4.860000133514404,4.860000133514404,4.860000133514404,4.860000133514404,4.860000133514404,241.0
2024-03-01 10:10:00,LIVN,54.65129852294922,54.65129852294922,54.70000076293945,54.65129852294922,54.70000076293945,396.0
2024-03-01 10:10:00,LIXT,2.5399999618530273,2.5399999618530273,2.5399999618530273,2.5399999618530273,2.5399999618530273,100.0
2024-03-01 10:10:00,LNTH,65.76499938964844,65.76499938964844,65.76499938964844,65.76499938964844,65.76499938964844,901.0
2024-03-01 10:10:00,LQDA,14.34000015258789,14.34000015258789,14.34000015258789,14.329999923706055,14.329999923706055,490.0
2024-03-01 10:10:00,LRMR,11.28499984741211,11.28499984741211,11.350000381469727,11.270000457763672,11.350000381469727,2010.0
2024-03-01 10:10:00,LTRN,4.769999980926514,4.769999980926514,4.769999980926514,4.769999980926514,4.769999980926514,100.0
2024-03-01 10:10:00,LUCD,1.2299000024795532,1.2299000024795532,1.2300000190734863,1.215000033378601,1.2300000190734863,1005.0
2024-03-01 10:10:00,LUNG,9.140000343322754,9.140000343322754,9.140000343322754,9.140000343322754,9.140000343322754,356.0
2024-03-01 10:10:00,LVTX,3.009999990463257,3.009999990463257,3.0127999782562256,3.0,3.0127999782562256,2601.0
2024-03-01 10:10:00,LXRX,2.4700000286102295,2.4700000286102295,2.4700000286102295,2.4700000286102295,2.4700000286102295,795.0
2024-03-01 10:10:00,LYEL,3.075000047683716,3.075000047683716,3.075000047683716,3.0710999965667725,3.075000047683716,1638.0
2024-03-01 10:10:00,LYRA,5.5,5.5,5.5,5.489999771118164,5.489999771118164,1191.0
2024-03-01 10:10:00,MASI,126.7300033569336,126.7300033569336,126.7300033569336,126.7300033569336,126.7300033569336,369.0
2024-03-01 10:10:00,MASS,6.989999771118164,6.989999771118164,7.010000228881836,6.949999809265137,6.949999809265137,3201.0
2024-03-01 10:10:00,MCRB,1.1699999570846558,1.1699999570846558,1.1778000593185425,1.1699999570846558,1.1699999570846558,64092.0
2024-03-01 10:10:00,MDGL,243.5,243.5,243.75,243.0,243.75,1388.0
2024-03-01 10:10:00,MDRX,5.989999771118164,5.989999771118164,6.039999961853027,5.900000095367432,6.039999961853027,40962.0
2024-03-01 10:10:00,MDXG,8.494999885559082,8.494999885559082,8.494999885559082,8.489999771118164,8.489999771118164,594.0
2024-03-01 10:10:00,ME,0.5583000183105469,0.5583000183105469,0.5583000183105469,0.5579000115394592,0.5580000281333923,11736.0
2024-03-01 10:10:00,MEDP,400.57501220703125,400.57501220703125,400.57501220703125,400.57501220703125,400.57501220703125,102.0
2024-03-01 10:10:00,MGNX,19.09000015258789,19.09000015258789,19.093700408935547,18.979999542236328,18.979999542236328,3279.0
2024-03-01 10:10:00,MIRM,29.030000686645508,29.030000686645508,29.079999923706055,29.020000457763672,29.049999237060547,1772.0
2024-03-01 10:10:00,MIST,1.6950000524520874,1.6950000524520874,1.6950000524520874,1.6950000524520874,1.6950000524520874,100.0
2024-03-01 10:10:00,MLTX,52.334999084472656,52.334999084472656,52.334999084472656,52.334999084472656,52.334999084472656,1536.0
2024-03-01 10:10:00,MNKD,4.457499980926514,4.457499980926514,4.457499980926514,4.445000171661377,4.445000171661377,18618.0
2024-03-01 10:10:00,MNMD,5.789999961853027,5.789999961853027,5.789999961853027,5.789999961853027,5.789999961853027,416.0
2024-03-01 10:10:00,MODD,1.8984999656677246,1.8984999656677246,1.899999976158142,1.8984999656677246,1.899999976158142,5554.0
2024-03-01 10:10:00,MOR,17.649999618530273,17.649999618530273,17.649999618530273,17.6299991607666,17.6299991607666,867.0
2024-03-01 10:10:00,MORF,38.099998474121094,38.099998474121094,38.13999938964844,38.09000015258789,38.13999938964844,394.0
2024-03-01 10:10:00,MREO,3.859999895095825,3.859999895095825,3.859999895095825,3.859999895095825,3.859999895095825,624.0
2024-03-01 10:10:00,MRNA,94.0,94.0,94.0199966430664,93.86609649658203,93.94999694824219,6489.0
2024-03-01 10:10:00,MRSN,6.179999828338623,6.179999828338623,6.179999828338623,6.089900016784668,6.09499979019165,10416.0
2024-03-01 10:10:00,MRUS,48.95500183105469,48.95500183105469,48.959999084472656,48.95500183105469,48.95500183105469,3054.0
2024-03-01 10:10:00,MRVI,7.704999923706055,7.704999923706055,7.704999923706055,7.695000171661377,7.695000171661377,1053.0
2024-03-01 10:10:00,MXCT,4.65500020980835,4.65500020980835,4.65500020980835,4.65500020980835,4.65500020980835,230.0
2024-03-01 10:10:00,MYGN,20.979999542236328,20.979999542236328,20.979999542236328,20.979999542236328,20.979999542236328,988.0
2024-03-01 10:10:00,MYNZ,0.8849999904632568,0.8849999904632568,0.8849999904632568,0.8849999904632568,0.8849999904632568,100.0
2024-03-01 10:10:00,NARI,45.10499954223633,45.10499954223633,45.10499954223633,44.880001068115234,44.880001068115234,1169.0
2024-03-01 10:10:00,NBIX,130.75999450683594,130.75999450683594,130.77499389648438,130.6750030517578,130.77499389648438,4725.0
2024-03-01 10:10:00,NEO,15.720000267028809,15.720000267028809,15.720000267028809,15.6899995803833,15.6899995803833,305.0
2024-03-01 10:10:00,NEOG,16.934999465942383,16.934999465942383,16.934999465942383,16.924999237060547,16.924999237060547,655.0
2024-03-01 10:10:00,NERV,2.5174999237060547,2.5174999237060547,2.5174999237060547,2.4500999450683594,2.4500999450683594,2201.0
2024-03-01 10:10:00,NGM,1.5299999713897705,1.5299999713897705,1.534999966621399,1.5299999713897705,1.534999966621399,2131.0
2024-03-01 10:10:00,NKTX,12.149999618530273,12.149999618530273,12.150500297546387,12.119999885559082,12.150500297546387,1363.0
2024-03-01 10:10:00,NNOX,11.211199760437012,11.211199760437012,11.211199760437012,11.142000198364258,11.142000198364258,2030.0
2024-03-01 10:10:00,NOTV,7.309999942779541,7.309999942779541,7.360000133514404,7.309999942779541,7.329999923706055,5623.0
2024-03-01 10:10:00,NRBO,6.0,6.0,6.090000152587891,6.0,6.090000152587891,867.0
2024-03-01 10:10:00,NRSN,1.9225000143051147,1.9225000143051147,1.940000057220459,1.9198999404907227,1.9199999570846558,2049.0
2024-03-01 10:10:00,NRXP,0.41990000009536743,0.41990000009536743,0.41990000009536743,0.41749998927116394,0.41749998927116394,0.0
2024-03-01 10:10:00,NTLA,33.44350051879883,33.44350051879883,33.44350051879883,33.29499816894531,33.29499816894531,1228.0
2024-03-01 10:10:00,NTRA,89.43000030517578,89.43000030517578,89.43000030517578,89.19000244140625,89.30000305175781,12343.0
2024-03-01 10:10:00,NUTX,0.11389999836683273,0.11389999836683273,0.11389999836683273,0.11299999803304672,0.11299999803304672,377.0
2024-03-01 10:10:00,NUWE,0.574999988079071,0.574999988079071,0.5799999833106995,0.574999988079071,0.5799000263214111,0.0
2024-03-01 10:10:00,NVAX,4.96999979019165,4.96999979019165,4.96999979019165,4.945000171661377,4.945000171661377,7347.0
2024-03-01 10:10:00,NVCR,15.420000076293945,15.420000076293945,15.430000305175781,15.399900436401367,15.40999984741211,5236.0
2024-03-01 10:10:00,NXTC,1.7050000429153442,1.7050000429153442,1.7050000429153442,1.7050000429153442,1.7050000429153442,133.0
2024-03-01 10:10:00,NYXH,13.930000305175781,13.930000305175781,13.949999809265137,13.869999885559082,13.869999885559082,2124.0
2024-03-01 10:10:00,OCGN,0.921999990940094,0.921999990940094,0.9298999905586243,0.921999990940094,0.9259999990463257,7401.0
2024-03-01 10:10:00,OCUL,10.320300102233887,10.320300102233887,10.359999656677246,10.319999694824219,10.345000267028809,11274.0
2024-03-01 10:10:00,OCUP,2.527100086212158,2.527100086212158,2.527100086212158,2.527100086212158,2.527100086212158,200.0
2024-03-01 10:10:00,OGI,2.0799999237060547,2.0799999237060547,2.0799999237060547,2.075000047683716,2.075000047683716,2021.0
2024-03-01 10:10:00,OLK,22.530000686645508,22.530000686645508,22.53499984741211,22.530000686645508,22.530000686645508,1383.0
2024-03-01 10:10:00,OLMA,12.901599884033203,12.901599884033203,12.901599884033203,12.859999656677246,12.868000030517578,2243.0
2024-03-01 10:10:00,OM,3.009999990463257,3.009999990463257,3.009999990463257,3.005000114440918,3.005000114440918,1979.0
2024-03-01 10:10:00,OMCL,26.109800338745117,26.109800338745117,26.1200008392334,26.100000381469727,26.110000610351562,972.0
2024-03-01 10:10:00,OMER,4.71999979019165,4.71999979019165,4.71999979019165,4.7133002281188965,4.7133002281188965,230.0
2024-03-01 10:10:00,ONCY,1.0799000263214111,1.0799000263214111,1.0799000263214111,1.0700000524520874,1.0700000524520874,300.0
2024-03-01 10:11:00,ABCL,5.110000133514404,5.110000133514404,5.110000133514404,5.110000133514404,5.110000133514404,623.0
2024-03-01 10:11:00,ABEO,7.549799919128418,7.549799919128418,7.550000190734863,7.510000228881836,7.519999980926514,2572.0
2024-03-01 10:11:00,ABOS,4.599699974060059,4.599699974060059,4.599999904632568,4.579999923706055,4.579999923706055,1089.0
2024-03-01 10:11:00,ABSI,5.135000228881836,5.135000228881836,5.139999866485596,5.135000228881836,5.139999866485596,4723.0
2024-03-01 10:11:00,ACAD,23.619600296020508,23.619600296020508,23.639999389648438,23.565000534057617,23.579999923706055,6517.0
2024-03-01 10:11:00,ACB,3.001499891281128,3.001499891281128,3.015000104904175,3.001499891281128,3.015000104904175,3686.0
2024-03-01 10:11:00,ACLX,69.95500183105469,69.95500183105469,69.95500183105469,69.95500183105469,69.95500183105469,198.0
2024-03-01 10:11:00,ADIL,3.2300000190734863,3.2300000190734863,3.2799999713897705,3.2100000381469727,3.2300000190734863,45914.0
2024-03-01 10:11:00,ADMA,5.340000152587891,5.340000152587891,5.355000019073486,5.340000152587891,5.349999904632568,4620.0
2024-03-01 10:11:00,ADPT,4.079999923706055,4.079999923706055,4.079999923706055,4.070000171661377,4.070000171661377,1168.0
2024-03-01 10:11:00,ADTX,3.490000009536743,3.490000009536743,3.490000009536743,3.490000009536743,3.490000009536743,258.0
2024-03-01 10:11:00,ADVM,1.9699000120162964,1.9699000120162964,1.9699000120162964,1.9699000120162964,1.9699000120162964,351.0
2024-03-01 10:11:00,AFMD,0.6151999831199646,0.6151999831199646,0.6151999831199646,0.6151999831199646,0.6151999831199646,782.0
2024-03-01 10:11:00,AGEN,0.6700999736785889,0.6700999736785889,0.6700999736785889,0.6700000166893005,0.6700999736785889,13159.0
2024-03-01 10:11:00,AGIO,32.56999969482422,32.56999969482422,32.599998474121094,32.56999969482422,32.599998474121094,710.0
2024-03-01 10:11:00,AGRX,0.8309999704360962,0.8309999704360962,0.8309999704360962,0.8309999704360962,0.8309999704360962,400.0
2024-03-01 10:11:00,AHCO,10.489999771118164,10.489999771118164,10.489999771118164,10.479999542236328,10.479999542236328,349.0
2024-03-01 10:11:00,AIRS,6.485000133514404,6.485000133514404,6.5,6.485000133514404,6.5,275.0
2024-03-01 10:11:00,AKAN,0.26829999685287476,0.26829999685287476,0.26829999685287476,0.26820001006126404,0.26820001006126404,1966.0
2024-03-01 10:11:00,AKBA,1.6349999904632568,1.6349999904632568,1.6349999904632568,1.6299999952316284,1.6349999904632568,4075.0
2024-03-01 10:11:00,AKLI,0.3427000045776367,0.3427000045776367,0.3427000045776367,0.3427000045776367,0.3427000045776367,1900.0
2024-03-01 10:11:00,AKRO,28.014999389648438,28.014999389648438,28.020000457763672,28.014999389648438,28.020000457763672,330.0
2024-03-01 10:11:00,AKTX,2.2743000984191895,2.2743000984191895,2.2743000984191895,2.2743000984191895,2.2743000984191895,200.0
2024-03-01 10:11:00,ALDX,4.090000152587891,4.090000152587891,4.090000152587891,4.079699993133545,4.079899787902832,2555.0
2024-03-01 10:11:00,ALEC,7.255000114440918,7.255000114440918,7.255000114440918,7.255000114440918,7.255000114440918,601.0
2024-03-01 10:11:00,ALGN,298.3299865722656,298.3299865722656,298.74749755859375,298.32000732421875,298.74749755859375,1036.0
2024-03-01 10:11:00,ALGS,0.9900000095367432,0.9900000095367432,0.9900000095367432,0.9900000095367432,0.9900000095367432,3200.0
2024-03-01 10:11:00,ALKS,30.03499984741211,30.03499984741211,30.03499984741211,30.03499984741211,30.03499984741211,210.0
2024-03-01 10:11:00,ALLO,4.985000133514404,4.985000133514404,4.990099906921387,4.980000019073486,4.990099906921387,1311.0
2024-03-01 10:11:00,ALNY,152.50999450683594,152.50999450683594,152.50999450683594,152.50999450683594,152.50999450683594,466.0
2024-03-01 10:11:00,ALPN,36.19260025024414,36.19260025024414,36.19260025024414,36.177398681640625,36.177398681640625,2257.0
2024-03-01 10:11:00,ALT,12.199999809265137,12.199999809265137,12.270000457763672,12.179800033569336,12.239999771118164,16755.0
2024-03-01 10:11:00,ALVO,15.664999961853027,15.664999961853027,15.699999809265137,15.664999961853027,15.682499885559082,1142.0
2024-03-01 10:11:00,ALVR,0.75,0.75,0.75,0.7401000261306763,0.7401000261306763,400.0
2024-03-01 10:11:00,ALXO,14.899999618530273,14.899999618530273,14.899999618530273,14.899999618530273,14.899999618530273,168.0
2024-03-01 10:11:00,AMGN,278.60430908203125,278.60430908203125,278.90399169921875,278.5,278.6700134277344,7137.0
2024-03-01 10:11:00,AMLX,18.93000030517578,18.93000030517578,18.954999923706055,18.93000030517578,18.954999923706055,1722.0
2024-03-01 10:11:00,AMPH,46.154998779296875,46.154998779296875,46.400001525878906,46.100101470947266,46.26499938964844,2684.0
2024-03-01 10:11:00,AMRN,1.0149999856948853,1.0149999856948853,1.0199999809265137,1.0140000581741333,1.0149999856948853,605.0
2024-03-01 10:11:00,ANGO,5.300000190734863,5.300000190734863,5.315000057220459,5.300000190734863,5.315000057220459,675.0
2024-03-01 10:11:00,ANIP,66.2750015258789,66.2750015258789,66.2750015258789,66.19000244140625,66.2750015258789,4720.0
2024-03-01 10:11:00,ANNX,5.949999809265137,5.949999809265137,5.949999809265137,5.949100017547607,5.949999809265137,1447.0
2024-03-01 10:11:00,ANTX,2.9200000762939453,2.9200000762939453,2.97979998588562,2.9200000762939453,2.97979998588562,4112.0
2024-03-01 10:11:00,APLS,62.533599853515625,62.533599853515625,62.630001068115234,62.4900016784668,62.5,1782.0
2024-03-01 10:11:00,APLT,7.440000057220459,7.440000057220459,7.440000057220459,7.414999961853027,7.414999961853027,1075.0
2024-03-01 10:11:00,AQST,4.275000095367432,4.275000095367432,4.289999961853027,4.270199775695801,4.28000020980835,13844.0
2024-03-01 10:11:00,ARAY,2.6050000190734863,2.6050000190734863,2.6050000190734863,2.6050000190734863,2.6050000190734863,2597.0
2024-03-01 10:11:00,ARCT,40.23500061035156,40.23500061035156,40.36000061035156,40.23500061035156,40.36000061035156,612.0
2024-03-01 10:11:00,ARDX,9.6899995803833,9.6899995803833,9.694999694824219,9.6899995803833,9.690699577331543,2560.0
2024-03-01 10:11:00,ARGX,381.9949951171875,381.9949951171875,381.9949951171875,381.9949951171875,381.9949951171875,1478.0
2024-03-01 10:11:00,ARQT,10.880000114440918,10.880000114440918,10.890000343322754,10.875,10.880000114440918,1768.0
2024-03-01 10:11:00,ARVN,50.119998931884766,50.119998931884766,50.119998931884766,50.06999969482422,50.06999969482422,1046.0
2024-03-01 10:11:00,ARWR,34.4900016784668,34.4900016784668,34.5,34.400001525878906,34.42499923706055,4463.0
2024-03-01 10:11:00,ASLN,0.8500000238418579,0.8500000238418579,0.8500000238418579,0.8500000238418579,0.8500000238418579,0.0
2024-03-01 10:11:00,ASND,148.3300018310547,148.3300018310547,148.3300018310547,148.3300018310547,148.3300018310547,227.0
2024-03-01 10:11:00,ASRT,0.9200000166893005,0.9200000166893005,0.9200000166893005,0.9200000166893005,0.9200000166893005,300.0
2024-03-01 10:11:00,ATEC,13.25,13.25,13.270000457763672,13.25,13.270000457763672,2987.0
2024-03-01 10:11:00,ATHA,3.9200000762939453,3.9200000762939453,3.9200000762939453,3.9200000762939453,3.9200000762939453,277.0
2024-03-01 10:11:00,ATOS,0.9901999831199646,0.9901999831199646,0.9901999831199646,0.9900000095367432,0.9900000095367432,2000.0
2024-03-01 10:11:00,ATRA,0.7929999828338623,0.7929999828338623,0.7929999828338623,0.7883999943733215,0.789900004863739,2400.0
2024-03-01 10:11:00,ATRC,35.165000915527344,35.165000915527344,35.2400016784668,35.165000915527344,35.2400016784668,620.0
2024-03-01 10:11:00,ATXS,14.890000343322754,14.890000343322754,14.890000343322754,14.890000343322754,14.890000343322754,219.0
2024-03-01 10:11:00,AUGX,4.505000114440918,4.505000114440918,4.505000114440918,4.489999771118164,4.489999771118164,1139.0
2024-03-01 10:11:00,AUPH,5.715000152587891,5.715000152587891,5.715000152587891,5.715000152587891,5.715000152587891,387.0
2024-03-01 10:11:00,AUTL,6.199999809265137,6.199999809265137,6.230000019073486,6.199999809265137,6.230000019073486,1789.0
2024-03-01 10:11:00,AVDL,12.739999771118164,12.739999771118164,12.800000190734863,12.729999542236328,12.787199974060059,5158.0
2024-03-01 10:11:00,AVIR,4.34499979019165,4.34499979019165,4.34499979019165,4.34499979019165,4.34499979019165,110.0
2024-03-01 10:11:00,AVTE,22.5,22.5,22.5,22.5,22.5,200.0
2024-03-01 10:11:00,AVXL,5.230000019073486,5.230000019073486,5.239999771118164,5.230000019073486,5.239999771118164,1566.0
2024-03-01 10:11:00,AXSM,83.5,83.5,83.58999633789062,83.5,83.58999633789062,1320.0
2024-03-01 10:11:00,AZN,64.22000122070312,64.22000122070312,64.2249984741211,64.20999908447266,64.2249984741211,4201.0
2024-03-01 10:11:00,AZTA,65.76000213623047,65.76000213623047,65.76000213623047,65.76000213623047,65.76000213623047,172.0
2024-03-01 10:11:00,BBIO,35.73500061035156,35.73500061035156,35.7599983215332,35.68000030517578,35.7599983215332,25492.0
2024-03-01 10:11:00,BBLG,2.5999999046325684,2.5999999046325684,2.609999895095825,2.559999942779541,2.609999895095825,1412.0
2024-03-01 10:11:00,BCDA,0.5501999855041504,0.5501999855041504,0.5501999855041504,0.5501999855041504,0.5501999855041504,128.0
2024-03-01 10:11:00,BCRX,5.670100212097168,5.670100212097168,5.690000057220459,5.670100212097168,5.690000057220459,4091.0
2024-03-01 10:11:00,BCYC,25.850000381469727,25.850000381469727,25.850000381469727,25.6299991607666,25.6299991607666,3067.0
2024-03-01 10:11:00,BDSX,1.6699999570846558,1.6699999570846558,1.6699999570846558,1.6699999570846558,1.6699999570846558,253.0
2024-03-01 10:11:00,BDTX,5.269999980926514,5.269999980926514,5.269999980926514,5.269999980926514,5.269999980926514,100.0
2024-03-01 10:11:00,BEAM,40.38050079345703,40.38050079345703,40.439998626708984,40.35499954223633,40.380001068115234,5207.0
2024-03-01 10:11:00,BEAT,1.4700000286102295,1.4700000286102295,1.4700000286102295,1.4700000286102295,1.4700000286102295,2000.0
2024-03-01 10:11:00,BFRI,0.8258000016212463,0.8258000016212463,0.8258000016212463,0.8258000016212463,0.8258000016212463,3000.0
2024-03-01 10:11:00,BGNE,163.63999938964844,163.63999938964844,163.63999938964844,163.63999938964844,163.63999938964844,278.0
2024-03-01 10:11:00,BGXX,0.2558000087738037,0.2558000087738037,0.2558000087738037,0.2558000087738037,0.2558000087738037,250.0
2024-03-01 10:11:00,BIIB,218.35000610351562,218.35000610351562,218.5800018310547,218.35000610351562,218.5800018310547,939.0
2024-03-01 10:11:00,BIOL,0.13760000467300415,0.13760000467300415,0.13760000467300415,0.13760000467300415,0.13760000467300415,16186.0
2024-03-01 10:11:00,BIOR,1.2302000522613525,1.2302000522613525,1.230299949645996,1.2300000190734863,1.2300000190734863,4210.0
2024-03-01 10:11:00,BIVI,2.9000000953674316,2.9000000953674316,2.9934000968933105,2.8399999141693115,2.940000057220459,810904.0
2024-03-01 10:11:00,BLFS,17.782800674438477,17.782800674438477,17.799999237060547,17.75,17.790199279785156,2485.0
2024-03-01 10:11:00,BLUE,1.5850000381469727,1.5850000381469727,1.5950000286102295,1.5801000595092773,1.5880999565124512,157461.0
2024-03-01 10:11:00,BMEA,17.979999542236328,17.979999542236328,17.979999542236328,17.940000534057617,17.940000534057617,514.0
2024-03-01 10:11:00,BMRN,86.1500015258789,86.1500015258789,86.1500015258789,86.0999984741211,86.0999984741211,556.0
2024-03-01 10:11:00,BNGO,1.2300000190734863,1.2300000190734863,1.2300000190734863,1.2300000190734863,1.2300000190734863,4763.0
2024-03-01 10:11:00,BNOX,1.2200000286102295,1.2200000286102295,1.2200000286102295,1.2200000286102295,1.2200000286102295,1601.0
2024-03-01 10:11:00,BNR,0.8722000122070312,0.8722000122070312,0.8722000122070312,0.8720999956130981,0.8720999956130981,400.0
2024-03-01 10:11:00,BPMC,97.33000183105469,97.33000183105469,97.5,97.33000183105469,97.5,613.0
2024-03-01 10:11:00,BRKR,87.05500030517578,87.05500030517578,87.06999969482422,87.0199966430664,87.02999877929688,1169.0
2024-03-01 10:11:00,BRTX,1.4900000095367432,1.4900000095367432,1.5,1.4900000095367432,1.5,8303.0
2024-03-01 10:11:00,BSGM,0.6600000262260437,0.6600000262260437,0.6600000262260437,0.6600000262260437,0.6600000262260437,1732.0
2024-03-01 10:11:00,BTAI,3.174999952316284,3.174999952316284,3.174999952316284,3.174999952316284,3.174999952316284,1022.0
2024-03-01 10:11:00,BTCY,0.9398000240325928,0.9398000240325928,0.9398000240325928,0.9398000240325928,0.9398000240325928,102.0
2024-03-01 10:11:00,BTMD,6.09499979019165,6.09499979019165,6.09499979019165,6.075200080871582,6.075200080871582,1010.0
2024-03-01 10:11:00,BTTX,0.16110000014305115,0.16110000014305115,0.16110000014305115,0.16110000014305115,0.16110000014305115,690.0
2024-03-01 10:11:00,BWAY,6.619999885559082,6.619999885559082,6.619999885559082,6.619999885559082,6.619999885559082,101.0
2024-03-01 10:11:00,BYSI,1.399999976158142,1.399999976158142,1.399999976158142,1.3899999856948853,1.3899999856948853,4021.0
2024-03-01 10:11:00,CABA,24.405000686645508,24.405000686645508,24.405000686645508,24.405000686645508,24.405000686645508,234.0
2024-03-01 10:11:00,CAPR,4.599699974060059,4.599699974060059,4.599699974060059,4.599699974060059,4.599699974060059,1078.0
2024-03-01 10:11:00,CBAY,32.23500061035156,32.23500061035156,32.23500061035156,32.22999954223633,32.23500061035156,9358.0
2024-03-01 10:11:00,CCCC,11.00879955291748,11.00879955291748,11.045000076293945,11.005000114440918,11.029999732971191,2745.0
2024-03-01 10:11:00,CDMO,7.840000152587891,7.840000152587891,7.860000133514404,7.840000152587891,7.860000133514404,1135.0
2024-03-01 10:11:00,CDNA,11.710000038146973,11.710000038146973,11.710000038146973,11.625,11.625,1193.0
2024-03-01 10:11:00,CDXC,1.687399983406067,1.687399983406067,1.687399983406067,1.687399983406067,1.687399983406067,757.0
2024-03-01 10:11:00,CDXS,4.240099906921387,4.240099906921387,4.250500202178955,4.235000133514404,4.239999771118164,16297.0
2024-03-01 10:11:00,CERE,41.17499923706055,41.17499923706055,41.224998474121094,41.16999816894531,41.220001220703125,3181.0
2024-03-01 10:11:00,CERS,2.180000066757202,2.180000066757202,2.180000066757202,2.180000066757202,2.180000066757202,206.0
2024-03-01 10:11:00,CERT,17.729999542236328,17.729999542236328,17.885000228881836,17.729999542236328,17.885000228881836,9323.0
2024-03-01 10:11:00,CGC,3.1549999713897705,3.1549999713897705,3.1600000858306885,3.1500000953674316,3.1549999713897705,5758.0
2024-03-01 10:11:00,CGEM,18.899999618530273,18.899999618530273,19.030000686645508,18.780000686645508,18.780000686645508,900.0
2024-03-01 10:11:00,CHRS,2.309999942779541,2.309999942779541,2.309999942779541,2.309999942779541,2.309999942779541,400.0
2024-03-01 10:11:00,CING,1.228600025177002,1.228600025177002,1.2400000095367432,1.228600025177002,1.2400000095367432,700.0
2024-03-01 10:11:00,CKPT,2.1600000858306885,2.1600000858306885,2.1600000858306885,2.1449999809265137,2.1449999809265137,2476.0
2024-03-01 10:11:00,CLDX,51.12799835205078,51.12799835205078,51.25,51.060001373291016,51.220001220703125,5836.0
2024-03-01 10:11:00,CLNN,0.39250001311302185,0.39250001311302185,0.39250001311302185,0.39250001311302185,0.39250001311302185,1150.0
2024-03-01 10:11:00,CLOV,0.8590999841690063,0.8590999841690063,0.8596000075340271,0.8586000204086304,0.8590999841690063,10047.0
2024-03-01 10:11:00,CLPT,6.434999942779541,6.434999942779541,6.449999809265137,6.434999942779541,6.449900150299072,5403.0
2024-03-01 10:11:00,CLRB,3.9800000190734863,3.9800000190734863,4.0,3.9800000190734863,4.0,7965.0
2024-03-01 10:11:00,CMPS,10.579999923706055,10.579999923706055,10.579999923706055,10.579999923706055,10.579999923706055,111.0
2024-03-01 10:11:00,CMRX,1.1390999555587769,1.1390999555587769,1.1390999555587769,1.1390999555587769,1.1390999555587769,4596.0
2024-03-01 10:11:00,CNTA,10.4399995803833,10.4399995803833,10.505000114440918,10.4399995803833,10.505000114440918,669.0
2024-03-01 10:11:00,CNTX,1.1699999570846558,1.1699999570846558,1.1699999570846558,1.1699999570846558,1.1699999570846558,301.0
2024-03-01 10:11:00,CODX,1.1598999500274658,1.1598999500274658,1.1598999500274658,1.1598999500274658,1.1598999500274658,520.0
2024-03-01 10:11:00,COGT,7.275000095367432,7.275000095367432,7.275000095367432,7.275000095367432,7.275000095367432,200.0
2024-03-01 10:11:00,CORT,23.665000915527344,23.665000915527344,23.68000030517578,23.639999389648438,23.639999389648438,1083.0
2024-03-01 10:11:00,CPRX,16.68000030517578,16.68000030517578,16.739999771118164,16.68000030517578,16.739999771118164,3034.0
2024-03-01 10:11:00,CPSI,9.475000381469727,9.475000381469727,9.509900093078613,9.430000305175781,9.430000305175781,3768.0
2024-03-01 10:11:00,CRBP,31.530000686645508,31.530000686645508,31.530000686645508,31.530000686645508,31.530000686645508,118.0
2024-03-01 10:11:00,CRBU,8.079999923706055,8.079999923706055,8.100000381469727,8.079999923706055,8.100000381469727,3360.0
2024-03-01 10:11:00,CRDF,2.390000104904175,2.390000104904175,2.4749999046325684,2.390000104904175,2.4749999046325684,143281.0
2024-03-01 10:11:00,CRDL,2.0299999713897705,2.0299999713897705,2.0299999713897705,2.0299999713897705,2.0299999713897705,0.0
2024-03-01 10:11:00,CRNX,44.61000061035156,44.61000061035156,44.61000061035156,44.59000015258789,44.59000015258789,271.0
2024-03-01 10:11:00,CRON,2.0201001167297363,2.0201001167297363,2.0299999713897705,2.0201001167297363,2.0299999713897705,2426.0
2024-03-01 10:11:00,CRSP,86.1500015258789,86.1500015258789,86.1500015258789,85.54499816894531,85.62000274658203,3766.0
2024-03-01 10:11:00,CRVS,2.180000066757202,2.180000066757202,2.180000066757202,2.180000066757202,2.180000066757202,155.0
2024-03-01 10:11:00,CSTL,19.440000534057617,19.440000534057617,19.440000534057617,19.440000534057617,19.440000534057617,239.0
2024-03-01 10:11:00,CTKB,7.940000057220459,7.940000057220459,7.945000171661377,7.940000057220459,7.945000171661377,539.0
2024-03-01 10:11:00,CUTR,2.319999933242798,2.319999933242798,2.319999933242798,2.319999933242798,2.319999933242798,1.0
2024-03-01 10:11:00,CYTK,74.78500366210938,74.78500366210938,75.0,74.78500366210938,75.0,1955.0
2024-03-01 10:11:00,DAWN,16.969999313354492,16.969999313354492,16.969999313354492,16.969999313354492,16.969999313354492,291.0
2024-03-01 10:11:00,DCGO,4.045000076293945,4.045000076293945,4.045000076293945,4.045000076293945,4.045000076293945,369.0
2024-03-01 10:11:00,DCPH,16.959999084472656,16.959999084472656,16.959999084472656,16.959999084472656,16.959999084472656,329.0
2024-03-01 10:11:00,DH,9.082900047302246,9.082900047302246,9.082900047302246,9.079999923706055,9.079999923706055,443.0
2024-03-01 10:11:00,DMTK,0.8996999859809875,0.8996999859809875,0.8996999859809875,0.8799999952316284,0.8799999952316284,387.0
2024-03-01 10:11:00,DNLI,20.600000381469727,20.600000381469727,20.6200008392334,20.600000381469727,20.6200008392334,793.0
2024-03-01 10:11:00,DTIL,13.25,13.25,13.25,13.239999771118164,13.249500274658203,2135.0
2024-03-01 10:11:00,DVAX,12.710000038146973,12.710000038146973,12.729999542236328,12.710000038146973,12.729999542236328,2190.0
2024-03-01 10:11:00,DXCM,116.61499786376953,116.61499786376953,117.04000091552734,116.56999969482422,117.01000213623047,9273.0
2024-03-01 10:11:00,DYN,29.90049934387207,29.90049934387207,29.950000762939453,29.90049934387207,29.950000762939453,8626.0
2024-03-01 10:11:00,EDIT,10.589900016784668,10.589900016784668,10.589900016784668,10.550000190734863,10.550000190734863,1427.0
2024-03-01 10:11:00,EGRX,6.199999809265137,6.199999809265137,6.199999809265137,6.199999809265137,6.199999809265137,200.0
2024-03-01 10:11:00,ELEV,4.690000057220459,4.690000057220459,4.730000019073486,4.650000095367432,4.690000057220459,16767.0
2024-03-01 10:11:00,EMBC,14.380000114440918,14.380000114440918,14.380000114440918,14.380000114440918,14.380000114440918,119.0
2024-03-01 10:11:00,ENSG,123.8499984741211,123.8499984741211,124.12000274658203,123.8499984741211,124.12000274658203,3406.0
2024-03-01 10:11:00,ENTA,14.640000343322754,14.640000343322754,14.640000343322754,14.640000343322754,14.640000343322754,110.0
2024-03-01 10:11:00,ENVB,1.7980999946594238,1.7980999946594238,1.809999942779541,1.7899999618530273,1.795699954032898,74588.0
2024-03-01 10:11:00,EOLS,14.829999923706055,14.829999923706055,14.84000015258789,14.829999923706055,14.84000015258789,1393.0
2024-03-01 10:11:00,ERAS,2.424999952316284,2.424999952316284,2.424999952316284,2.424999952316284,2.424999952316284,722.0
2024-03-01 10:11:00,ESPR,2.505000114440918,2.505000114440918,2.505000114440918,2.505000114440918,2.505000114440918,412.0
2024-03-01 10:11:00,ESTA,44.90999984741211,44.90999984741211,44.90999984741211,44.90999984741211,44.90999984741211,269.0
2024-03-01 10:11:00,ETNB,12.670000076293945,12.670000076293945,12.680000305175781,12.640000343322754,12.680000305175781,2037.0
2024-03-01 10:11:00,EVO,7.369999885559082,7.369999885559082,7.369999885559082,7.369999885559082,7.369999885559082,200.0
2024-03-01 10:11:00,EXAI,6.730000019073486,6.730000019073486,6.730000019073486,6.730000019073486,6.730000019073486,540.0
2024-03-01 10:11:00,EXAS,58.810001373291016,58.810001373291016,58.880001068115234,58.77000045776367,58.86000061035156,2432.0
2024-03-01 10:11:00,EXEL,22.420000076293945,22.420000076293945,22.459999084472656,22.415000915527344,22.415000915527344,10501.0
2024-03-01 10:11:00,EYEN,2.0910000801086426,2.0910000801086426,2.0910000801086426,2.0910000801086426,2.0910000801086426,153.0
2024-03-01 10:11:00,EYPT,28.520000457763672,28.520000457763672,28.520000457763672,28.15999984741211,28.18000030517578,9103.0
2024-03-01 10:11:00,FATE,7.46999979019165,7.46999979019165,7.46999979019165,7.434999942779541,7.460000038146973,1814.0
2024-03-01 10:11:00,FEMY,1.7000000476837158,1.7000000476837158,1.7009999752044678,1.7000000476837158,1.7009999752044678,356.0
2024-03-01 10:11:00,FGEN,1.7450000047683716,1.7450000047683716,1.75,1.7450000047683716,1.75,922.0
2024-03-01 10:11:00,FHTX,8.237799644470215,8.237799644470215,8.237799644470215,8.237799644470215,8.237799644470215,228.0
2024-03-01 10:11:00,FOLD,13.345000267028809,13.345000267028809,13.350000381469727,13.345000267028809,13.350000381469727,995.0
2024-03-01 10:11:00,FULC,10.5600004196167,10.5600004196167,10.5600004196167,10.539999961853027,10.549599647521973,599.0
2024-03-01 10:11:00,FUSN,12.168000221252441,12.168000221252441,12.277999877929688,12.119999885559082,12.229999542236328,176673.0
2024-03-01 10:11:00,GBIO,2.4749999046325684,2.4749999046325684,2.4749999046325684,2.4749999046325684,2.4749999046325684,532.0
2024-03-01 10:11:00,GDRX,8.380000114440918,8.380000114440918,8.380000114440918,8.31980037689209,8.31980037689209,24927.0
2024-03-01 10:11:00,GENE,2.2000999450683594,2.2000999450683594,2.2000999450683594,2.2000999450683594,2.2000999450683594,230.0
2024-03-01 10:11:00,GERN,2.0950000286102295,2.0950000286102295,2.0999999046325684,2.0899999141693115,2.0950000286102295,5440.0
2024-03-01 10:11:00,GH,19.010000228881836,19.010000228881836,19.010000228881836,18.959999084472656,18.975000381469727,4510.0
2024-03-01 10:11:00,GILD,72.40499877929688,72.40499877929688,72.44499969482422,72.4000015258789,72.44000244140625,5187.0
2024-03-01 10:11:00,GMDA,0.3756999969482422,0.3756999969482422,0.3758000135421753,0.3756999969482422,0.3758000135421753,2013.0
2024-03-01 10:11:00,GOSS,1.3524999618530273,1.3524999618530273,1.3524999618530273,1.3524999618530273,1.3524999618530273,400.0
2024-03-01 10:11:00,GOVX,2.5000998973846436,2.5000998973846436,2.5000998973846436,2.5000998973846436,2.5000998973846436,123.0
2024-03-01 10:11:00,GRFS,6.829999923706055,6.829999923706055,6.829999923706055,6.79010009765625,6.809999942779541,10657.0
2024-03-01 10:11:00,GRTS,2.0315001010894775,2.0315001010894775,2.0399999618530273,2.030100107192993,2.0350000858306885,18618.0
2024-03-01 10:11:00,GRTX,0.23989999294281006,0.23989999294281006,0.23989999294281006,0.23989999294281006,0.23989999294281006,103.0
2024-03-01 10:11:00,GTHX,3.430000066757202,3.430000066757202,3.430000066757202,3.424999952316284,3.424999952316284,989.0
2024-03-01 10:11:00,HALO,40.790000915527344,40.790000915527344,40.84000015258789,40.790000915527344,40.84000015258789,870.0
2024-03-01 10:11:00,HARP,22.940000534057617,22.940000534057617,22.940000534057617,22.940000534057617,22.940000534057617,200.0
2024-03-01 10:11:00,HCAT,8.039999961853027,8.039999961853027,8.039999961853027,8.029999732971191,8.029999732971191,1067.0
2024-03-01 10:11:00,HCTI,2.4100000858306885,2.4100000858306885,2.4100000858306885,2.4000000953674316,2.4000000953674316,599.0
2024-03-01 10:11:00,HEPA,3.2100000381469727,3.2100000381469727,3.2100000381469727,3.2100000381469727,3.2100000381469727,128.0
2024-03-01 10:11:00,HITI,1.7458000183105469,1.7458000183105469,1.7458000183105469,1.7458000183105469,1.7458000183105469,4071.0
2024-03-01 10:11:00,HOLX,73.625,73.625,73.625,73.625,73.625,204.0
2024-03-01 10:11:00,HOOK,0.7799999713897705,0.7799999713897705,0.800000011920929,0.7799999713897705,0.800000011920929,1251.0
2024-03-01 10:11:00,HQY,82.32499694824219,82.32499694824219,82.44000244140625,82.27999877929688,82.27999877929688,2230.0
2024-03-01 10:11:00,HRMY,31.350000381469727,31.350000381469727,31.420000076293945,31.350000381469727,31.420000076293945,589.0
2024-03-01 10:11:00,HRTX,2.619999885559082,2.619999885559082,2.630000114440918,2.619999885559082,2.630000114440918,2195.0
2024-03-01 10:11:00,HSCS,0.11710000038146973,0.11710000038146973,0.11710000038146973,0.11699999868869781,0.11699999868869781,4000.0
2024-03-01 10:11:00,HSIC,77.0199966430664,77.0199966430664,77.0199966430664,77.0199966430664,77.0199966430664,710.0
2024-03-01 10:11:00,HUMA,3.1549999713897705,3.1549999713897705,3.190000057220459,3.140000104904175,3.1782000064849854,29608.0
2024-03-01 10:11:00,IART,36.56999969482422,36.56999969482422,36.56999969482422,36.56999969482422,36.56999969482422,444.0
2024-03-01 10:11:00,IBRX,4.890100002288818,4.890100002288818,4.900000095367432,4.890100002288818,4.900000095367432,1245.0
2024-03-01 10:11:00,ICLR,324.0199890136719,324.0199890136719,324.05999755859375,324.0199890136719,324.05999755859375,999.0
2024-03-01 10:11:00,ICUI,105.02999877929688,105.02999877929688,105.02999877929688,105.02999877929688,105.02999877929688,110.0
2024-03-01 10:11:00,IDYA,45.9900016784668,45.9900016784668,45.9900016784668,45.9900016784668,45.9900016784668,434.0
2024-03-01 10:11:00,IFRX,1.7899999618530273,1.7899999618530273,1.7899999618530273,1.7899999618530273,1.7899999618530273,522.0
2024-03-01 10:11:00,IINN,1.6399999856948853,1.6399999856948853,1.6399999856948853,1.638800024986267,1.638800024986267,2206.0
2024-03-01 10:11:00,ILMN,137.47999572753906,137.47999572753906,137.52000427246094,137.35000610351562,137.52000427246094,2220.0
2024-03-01 10:11:00,IMAB,1.850000023841858,1.850000023841858,1.850100040435791,1.850000023841858,1.850100040435791,210.0
2024-03-01 10:11:00,IMUX,1.5,1.5,1.5099999904632568,1.5,1.5099999904632568,2857.0
2024-03-01 10:11:00,IMVT,36.7400016784668,36.7400016784668,36.93000030517578,36.7400016784668,36.93000030517578,11212.0
2024-03-01 10:11:00,INBX,36.939998626708984,36.939998626708984,36.970001220703125,36.939998626708984,36.939998626708984,904.0
2024-03-01 10:11:00,INCY,58.650001525878906,58.650001525878906,58.689998626708984,58.650001525878906,58.689998626708984,1419.0
2024-03-01 10:11:00,INGN,6.769999980926514,6.769999980926514,6.78000020980835,6.769999980926514,6.78000020980835,208.0
2024-03-01 10:11:00,INM,0.38989999890327454,0.38989999890327454,0.38989999890327454,0.38989999890327454,0.38989999890327454,1918.0
2024-03-01 10:11:00,INMD,22.440000534057617,22.440000534057617,22.45009994506836,22.40999984741211,22.40999984741211,2812.0
2024-03-01 10:11:00,INO,8.970000267028809,8.970000267028809,8.970000267028809,8.949999809265137,8.949999809265137,10324.0
2024-03-01 10:11:00,INSM,28.100000381469727,28.100000381469727,28.229999542236328,28.100000381469727,28.229999542236328,1625.0
2024-03-01 10:11:00,INVA,15.170000076293945,15.170000076293945,15.25,15.170000076293945,15.220000267028809,7757.0
2024-03-01 10:11:00,IONS,45.529998779296875,45.529998779296875,45.540000915527344,45.470001220703125,45.540000915527344,1020.0
2024-03-01 10:11:00,IOVA,16.781400680541992,16.781400680541992,16.889999389648438,16.780000686645508,16.889999389648438,25353.0
2024-03-01 10:11:00,IRWD,8.850000381469727,8.850000381469727,8.859999656677246,8.850000381469727,8.857500076293945,32944.0
2024-03-01 10:11:00,ISRG,387.5899963378906,387.5899963378906,387.5899963378906,387.5899963378906,387.5899963378906,551.0
2024-03-01 10:11:00,ITCI,71.41500091552734,71.41500091552734,71.59500122070312,71.41500091552734,71.59500122070312,1383.0
2024-03-01 10:11:00,ITOS,10.75,10.75,10.75,10.720000267028809,10.739999771118164,1398.0
2024-03-01 10:11:00,IVVD,3.940000057220459,3.940000057220459,3.9600000381469727,3.930000066757202,3.9600000381469727,3253.0
2024-03-01 10:11:00,JAGX,0.0746999979019165,0.0746999979019165,0.07479999959468842,0.07289999723434448,0.07349999994039536,755336.0
2024-03-01 10:11:00,JAZZ,120.24659729003906,120.24659729003906,120.24659729003906,120.13629913330078,120.22000122070312,1052.0
2024-03-01 10:11:00,KALV,13.899999618530273,13.899999618530273,13.899999618530273,13.899999618530273,13.899999618530273,419.0
2024-03-01 10:11:00,KIDS,27.0049991607666,27.0049991607666,27.0049991607666,26.950000762939453,26.979999542236328,1324.0
2024-03-01 10:11:00,KNTE,2.602299928665161,2.602299928665161,2.602299928665161,2.5999999046325684,2.5999999046325684,210.0
2024-03-01 10:11:00,KOD,5.994999885559082,5.994999885559082,6.059999942779541,5.994999885559082,6.059999942779541,911.0
2024-03-01 10:11:00,KPTI,1.1699999570846558,1.1699999570846558,1.1749999523162842,1.1679999828338623,1.1749999523162842,7758.0
2024-03-01 10:11:00,KROS,69.06999969482422,69.06999969482422,69.06999969482422,69.06999969482422,69.06999969482422,103.0
2024-03-01 10:11:00,KRYS,166.4199981689453,166.4199981689453,166.76499938964844,166.19000244140625,166.58999633789062,3056.0
2024-03-01 10:11:00,KURA,21.219999313354492,21.219999313354492,21.219999313354492,21.219999313354492,21.219999313354492,341.0
2024-03-01 10:11:00,KYMR,43.27000045776367,43.27000045776367,43.27000045776367,43.2599983215332,43.2599983215332,352.0
2024-03-01 10:11:00,KZR,1.0892000198364258,1.0892000198364258,1.100000023841858,1.0880000591278076,1.100000023841858,14775.0
2024-03-01 10:11:00,LAB,2.297499895095825,2.297499895095825,2.297499895095825,2.297499895095825,2.297499895095825,102.0
2024-03-01 10:11:00,LEGN,65.93000030517578,65.93000030517578,65.93000030517578,65.93000030517578,65.93000030517578,294.0
2024-03-01 10:11:00,LEXX,2.6298999786376953,2.6298999786376953,2.6298999786376953,2.549999952316284,2.5799999237060547,5773.0
2024-03-01 10:11:00,LFST,8.0649995803833,8.0649995803833,8.069999694824219,8.0649995803833,8.069999694824219,409.0
2024-03-01 10:11:00,LIVN,54.650001525878906,54.650001525878906,54.66999816894531,54.650001525878906,54.654998779296875,470.0
2024-03-01 10:11:00,LNTH,65.76499938964844,65.76499938964844,65.76499938964844,65.76499938964844,65.76499938964844,690.0
2024-03-01 10:11:00,LQDA,14.329999923706055,14.329999923706055,14.329999923706055,14.329999923706055,14.329999923706055,403.0
2024-03-01 10:11:00,LRMR,11.319999694824219,11.319999694824219,11.319999694824219,11.319999694824219,11.319999694824219,214.0
2024-03-01 10:11:00,LUCD,1.225000023841858,1.225000023841858,1.2300000190734863,1.225000023841858,1.2300000190734863,737.0
2024-03-01 10:11:00,LUNG,9.0600004196167,9.0600004196167,9.09000015258789,9.0600004196167,9.09000015258789,556.0
2024-03-01 10:11:00,LVTX,3.000999927520752,3.000999927520752,3.009999990463257,3.0,3.0,1854.0
2024-03-01 10:11:00,LXRX,2.4660000801086426,2.4660000801086426,2.4700000286102295,2.4660000801086426,2.4700000286102295,2589.0
2024-03-01 10:11:00,LYEL,3.065000057220459,3.065000057220459,3.075000047683716,3.055000066757202,3.075000047683716,1544.0
2024-03-01 10:11:00,MASI,126.51000213623047,126.51000213623047,126.51000213623047,126.51000213623047,126.51000213623047,537.0
2024-03-01 10:11:00,MDGL,242.55499267578125,242.55499267578125,243.0,242.55499267578125,243.0,485.0
2024-03-01 10:11:00,MDRX,5.920000076293945,5.920000076293945,6.039999961853027,5.920000076293945,5.949999809265137,35642.0
2024-03-01 10:11:00,MDXG,8.494999885559082,8.494999885559082,8.494999885559082,8.494999885559082,8.494999885559082,109.0
2024-03-01 10:11:00,ME,0.5583000183105469,0.5583000183105469,0.5583000183105469,0.5576000213623047,0.5583000183105469,4703.0
2024-03-01 10:11:00,MEDP,400.57000732421875,400.57000732421875,400.57501220703125,400.57000732421875,400.57501220703125,399.0
2024-03-01 10:11:00,MGNX,19.010000228881836,19.010000228881836,19.09000015258789,19.010000228881836,19.030099868774414,18883.0
2024-03-01 10:11:00,MHUA,0.7099999785423279,0.7099999785423279,0.7099999785423279,0.7099999785423279,0.7099999785423279,105.0
2024-03-01 10:11:00,MLTX,52.34000015258789,52.34000015258789,52.34000015258789,52.34000015258789,52.34000015258789,124.0
2024-03-01 10:11:00,MNKD,4.440100193023682,4.440100193023682,4.449999809265137,4.440100193023682,4.449999809265137,3915.0
2024-03-01 10:11:00,MNMD,5.779900074005127,5.779900074005127,5.78000020980835,5.768799781799316,5.78000020980835,2510.0
2024-03-01 10:11:00,MNPR,0.7900000214576721,0.7900000214576721,0.7925000190734863,0.7831000089645386,0.7925000190734863,3546.0
2024-03-01 10:11:00,MODD,1.899899959564209,1.899899959564209,1.899899959564209,1.899899959564209,1.899899959564209,131.0
2024-03-01 10:11:00,MOR,17.625,17.625,17.639999389648438,17.625,17.639999389648438,449.0
2024-03-01 10:11:00,MORF,38.20500183105469,38.20500183105469,38.20500183105469,38.11000061035156,38.11000061035156,1353.0
2024-03-01 10:11:00,MREO,3.8677000999450684,3.8677000999450684,3.884999990463257,3.8677000999450684,3.880000114440918,2776.0
2024-03-01 10:11:00,MRNA,94.0250015258789,94.0250015258789,94.06999969482422,93.91999816894531,94.0,5641.0
2024-03-01 10:11:00,MRNS,9.6899995803833,9.6899995803833,9.699999809265137,9.6899995803833,9.699999809265137,238.0
2024-03-01 10:11:00,MRSN,6.131400108337402,6.131400108337402,6.164999961853027,6.110000133514404,6.164999961853027,5956.0
2024-03-01 10:11:00,MRUS,48.959999084472656,48.959999084472656,48.959999084472656,48.959999084472656,48.959999084472656,235.0
2024-03-01 10:11:00,MRVI,7.695000171661377,7.695000171661377,7.710000038146973,7.695000171661377,7.710000038146973,574.0
2024-03-01 10:11:00,MXCT,4.659999847412109,4.659999847412109,4.659999847412109,4.65500020980835,4.65500020980835,396.0
2024-03-01 10:11:00,MYGN,20.979999542236328,20.979999542236328,21.024999618530273,20.979999542236328,21.0,844.0
2024-03-01 10:11:00,NARI,45.029998779296875,45.029998779296875,45.18000030517578,45.029998779296875,45.125,2085.0
2024-03-01 10:11:00,NAUT,2.765000104904175,2.765000104904175,2.765000104904175,2.765000104904175,2.765000104904175,118.0
2024-03-01 10:11:00,NBIX,130.6999969482422,130.6999969482422,130.73500061035156,130.5800018310547,130.7050018310547,4904.0
2024-03-01 10:11:00,NEO,15.704999923706055,15.704999923706055,15.71500015258789,15.704999923706055,15.71500015258789,425.0
2024-03-01 10:11:00,NEOG,16.920000076293945,16.920000076293945,16.940000534057617,16.920000076293945,16.940000534057617,998.0
2024-03-01 10:11:00,NERV,2.454200029373169,2.454200029373169,2.490000009536743,2.454200029373169,2.490000009536743,0.0
2024-03-01 10:11:00,NKTX,12.100000381469727,12.100000381469727,12.100000381469727,12.100000381469727,12.100000381469727,1003.0
2024-03-01 10:11:00,NNOX,11.130000114440918,11.130000114440918,11.220000267028809,11.130000114440918,11.220000267028809,6628.0
2024-03-01 10:11:00,NRBO,5.965000152587891,5.965000152587891,5.965000152587891,5.965000152587891,5.965000152587891,133.0
2024-03-01 10:11:00,NRSN,1.9700000286102295,1.9700000286102295,1.9700000286102295,1.9700000286102295,1.9700000286102295,0.0
2024-03-01 10:11:00,NRXP,0.4300000071525574,0.4300000071525574,0.4300000071525574,0.42250001430511475,0.42250001430511475,40346.0
2024-03-01 10:11:00,NSPR,2.559999942779541,2.559999942779541,2.5799999237060547,2.559999942779541,2.569999933242798,1207.0
2024-03-01 10:11:00,NTLA,33.45500183105469,33.45500183105469,33.470001220703125,33.41999816894531,33.470001220703125,2569.0
2024-03-01 10:11:00,NTRA,89.39700317382812,89.39700317382812,89.43499755859375,89.2699966430664,89.41999816894531,12726.0
2024-03-01 10:11:00,NUVL,88.05500030517578,88.05500030517578,88.05500030517578,87.79000091552734,87.79000091552734,659.0
2024-03-01 10:11:00,NUWE,0.579800009727478,0.579800009727478,0.579800009727478,0.5741000175476074,0.5741000175476074,5200.0
2024-03-01 10:11:00,NVAX,4.96999979019165,4.96999979019165,4.980000019073486,4.960000038146973,4.974999904632568,11391.0
2024-03-01 10:11:00,NVCR,15.359999656677246,15.359999656677246,15.420000076293945,15.359999656677246,15.420000076293945,1033.0
2024-03-01 10:11:00,NXTC,1.7050000429153442,1.7050000429153442,1.7050000429153442,1.7050000429153442,1.7050000429153442,100.0
2024-03-01 10:11:00,OCUL,10.3100004196167,10.3100004196167,10.319999694824219,10.3100004196167,10.319999694824219,249.0
2024-03-01 10:11:00,OGI,2.069999933242798,2.069999933242798,2.075000047683716,2.069999933242798,2.075000047683716,200.0
2024-03-01 10:11:00,OKYO,1.3700000047683716,1.3700000047683716,1.3700000047683716,1.3700000047683716,1.3700000047683716,100.0
2024-03-01 10:11:00,OLK,22.540000915527344,22.540000915527344,22.540000915527344,22.530000686645508,22.530000686645508,1781.0
2024-03-01 10:11:00,OLMA,12.869999885559082,12.869999885559082,12.880000114440918,12.869999885559082,12.880000114440918,539.0
2024-03-01 10:11:00,OM,3.002700090408325,3.002700090408325,3.009999990463257,3.0,3.009999990463257,2025.0
2024-03-01 10:11:00,OMCL,26.149999618530273,26.149999618530273,26.149999618530273,26.149999618530273,26.149999618530273,354.0
2024-03-01 10:11:00,OMER,4.710000038146973,4.710000038146973,4.710000038146973,4.710000038146973,4.710000038146973,880.0
2024-03-01 10:11:00,OMGA,4.109600067138672,4.109600067138672,4.109600067138672,4.09499979019165,4.099999904632568,1439.0
2024-03-01 10:11:00,ONCY,1.0800000429153442,1.0800000429153442,1.0800000429153442,1.0712000131607056,1.0712000131607056,1739.0
2024-03-01 10:12:00,ABEO,7.579999923706055,7.579999923706055,7.579999923706055,7.579999923706055,7.579999923706055,1000.0
2024-03-01 10:12:00,ABOS,4.619999885559082,4.619999885559082,4.619999885559082,4.610000133514404,4.610000133514404,2946.0
2024-03-01 10:12:00,ABSI,5.130000114440918,5.130000114440918,5.130000114440918,5.130000114440918,5.130000114440918,144.0
2024-03-01 10:12:00,ABUS,2.7799999713897705,2.7799999713897705,2.7799999713897705,2.7750000953674316,2.7750000953674316,1600.0
2024-03-01 10:12:00,ABVC,1.184999942779541,1.184999942779541,1.1884000301361084,1.184999942779541,1.184999942779541,400.0
2024-03-01 10:12:00,ACAD,23.670000076293945,23.670000076293945,23.670000076293945,23.59000015258789,23.6200008392334,6377.0
2024-03-01 10:12:00,ACB,3.0,3.0,3.0199999809265137,3.0,3.005000114440918,4095.0
2024-03-01 10:12:00,ACET,2.3399999141693115,2.3399999141693115,2.3399999141693115,2.3399999141693115,2.3399999141693115,202.0
2024-03-01 10:12:00,ACHC,83.10050201416016,83.10050201416016,83.12000274658203,83.10040283203125,83.12000274658203,2641.0
2024-03-01 10:12:00,ACHL,1.3703999519348145,1.3703999519348145,1.3799999952316284,1.3700000047683716,1.375,2350.0
2024-03-01 10:12:00,ACHV,3.9800000190734863,3.9800000190734863,3.9800000190734863,3.9800000190734863,3.9800000190734863,111.0
2024-03-01 10:12:00,ACLX,69.82499694824219,69.82499694824219,69.82499694824219,69.81999969482422,69.81999969482422,295.0
2024-03-01 10:12:00,ADIL,3.190000057220459,3.190000057220459,3.259999990463257,3.190000057220459,3.234100103378296,76472.0
2024-03-01 10:12:00,ADMA,5.34499979019165,5.34499979019165,5.34499979019165,5.34499979019165,5.34499979019165,181.0
2024-03-01 10:12:00,ADPT,4.085000038146973,4.085000038146973,4.085000038146973,4.085000038146973,4.085000038146973,710.0
2024-03-01 10:12:00,ADTX,3.450000047683716,3.450000047683716,3.4500999450683594,3.450000047683716,3.4500999450683594,481.0
2024-03-01 10:12:00,ADVM,1.9700000286102295,1.9700000286102295,1.9700000286102295,1.965000033378601,1.968999981880188,4692.0
2024-03-01 10:12:00,ADXN,9.119999885559082,9.119999885559082,9.119999885559082,9.119999885559082,9.119999885559082,2035.0
2024-03-01 10:12:00,AFIB,0.20319999754428864,0.20319999754428864,0.20319999754428864,0.20319999754428864,0.20319999754428864,1144.0
2024-03-01 10:12:00,AFMD,0.6151999831199646,0.6151999831199646,0.6151999831199646,0.6151999831199646,0.6151999831199646,718.0
2024-03-01 10:12:00,AGEN,0.6700999736785889,0.6700999736785889,0.6700999736785889,0.6700000166893005,0.6700999736785889,44426.0
2024-03-01 10:12:00,AGIO,32.59000015258789,32.59000015258789,32.59000015258789,32.59000015258789,32.59000015258789,400.0
2024-03-01 10:12:00,AHCO,10.510000228881836,10.510000228881836,10.510000228881836,10.5,10.5,536.0
2024-03-01 10:12:00,AKAN,0.26829999685287476,0.26829999685287476,0.26829999685287476,0.26829999685287476,0.26829999685287476,301.0
2024-03-01 10:12:00,AKBA,1.6399999856948853,1.6399999856948853,1.6399999856948853,1.6349999904632568,1.6349999904632568,500.0
2024-03-01 10:12:00,AKLI,0.34130001068115234,0.34130001068115234,0.34130001068115234,0.34130001068115234,0.34130001068115234,3250.0
2024-03-01 10:12:00,AKRO,28.165000915527344,28.165000915527344,28.174999237060547,28.010000228881836,28.010000228881836,28890.0
2024-03-01 10:12:00,ALDX,4.107999801635742,4.107999801635742,4.107999801635742,4.089000225067139,4.089000225067139,2415.0
2024-03-01 10:12:00,ALEC,7.269999980926514,7.269999980926514,7.269999980926514,7.25,7.25,3605.0
2024-03-01 10:12:00,ALGN,298.239990234375,298.239990234375,298.31500244140625,298.0119934082031,298.0119934082031,876.0
2024-03-01 10:12:00,ALHC,5.989999771118164,5.989999771118164,5.989999771118164,5.989999771118164,5.989999771118164,402.0
2024-03-01 10:12:00,ALKS,30.030000686645508,30.030000686645508,30.040000915527344,30.010000228881836,30.040000915527344,1572.0
2024-03-01 10:12:00,ALLK,1.5800000429153442,1.5800000429153442,1.5800000429153442,1.5800000429153442,1.5800000429153442,11.0
2024-03-01 10:12:00,ALLO,4.985000133514404,4.985000133514404,4.988800048828125,4.985000133514404,4.988800048828125,646.0
2024-03-01 10:12:00,ALNY,152.4199981689453,152.4199981689453,152.4199981689453,152.14500427246094,152.14500427246094,509.0
2024-03-01 10:12:00,ALPN,36.05500030517578,36.05500030517578,36.22999954223633,36.0099983215332,36.209999084472656,4226.0
2024-03-01 10:12:00,ALT,12.219400405883789,12.219400405883789,12.240699768066406,12.210000038146973,12.210000038146973,10095.0
2024-03-01 10:12:00,ALVR,0.7402999997138977,0.7402999997138977,0.7402999997138977,0.7402999997138977,0.7402999997138977,0.0
2024-03-01 10:12:00,AMED,93.43000030517578,93.43000030517578,93.44000244140625,93.43000030517578,93.44000244140625,649.0
2024-03-01 10:12:00,AMGN,278.8450012207031,278.8450012207031,278.8450012207031,278.6000061035156,278.7598876953125,7205.0
2024-03-01 10:12:00,AMPH,46.099998474121094,46.099998474121094,46.16749954223633,46.029998779296875,46.165000915527344,6849.0
2024-03-01 10:12:00,AMRN,1.0149999856948853,1.0149999856948853,1.0199999809265137,1.0149999856948853,1.0199999809265137,3234.0
2024-03-01 10:12:00,ANGO,5.300000190734863,5.300000190734863,5.300000190734863,5.289999961853027,5.289999961853027,2548.0
2024-03-01 10:12:00,ANIP,66.22019958496094,66.22019958496094,66.22019958496094,66.22019958496094,66.22019958496094,292.0
2024-03-01 10:12:00,ANNX,5.949999809265137,5.949999809265137,5.949999809265137,5.949999809265137,5.949999809265137,2953.0
2024-03-01 10:12:00,ANTX,2.9498000144958496,2.9498000144958496,2.9498000144958496,2.9498000144958496,2.9498000144958496,583.0
2024-03-01 10:12:00,APLS,62.775001525878906,62.775001525878906,62.84000015258789,62.61000061035156,62.61000061035156,5879.0
2024-03-01 10:12:00,APLT,7.389999866485596,7.389999866485596,7.440000057220459,7.389999866485596,7.440000057220459,2049.0
2024-03-01 10:12:00,APYX,2.1048998832702637,2.1048998832702637,2.1048998832702637,2.1048998832702637,2.1048998832702637,501.0
2024-03-01 10:12:00,AQST,4.280099868774414,4.280099868774414,4.320000171661377,4.269999980926514,4.289999961853027,39379.0
2024-03-01 10:12:00,ARCT,40.224998474121094,40.224998474121094,40.2400016784668,40.224998474121094,40.2400016784668,529.0
2024-03-01 10:12:00,ARDX,9.710000038146973,9.710000038146973,9.710000038146973,9.6899995803833,9.6899995803833,6484.0
2024-03-01 10:12:00,ARQT,10.819999694824219,10.819999694824219,10.890000343322754,10.819999694824219,10.875,8310.0
2024-03-01 10:12:00,ARVN,50.064998626708984,50.064998626708984,50.08000183105469,49.97999954223633,50.04999923706055,2955.0
2024-03-01 10:12:00,ARWR,34.584999084472656,34.584999084472656,34.599998474121094,34.47650146484375,34.494998931884766,5550.0
2024-03-01 10:12:00,ASLN,0.8539999723434448,0.8539999723434448,0.8539999723434448,0.8539999723434448,0.8539999723434448,1030.0
2024-03-01 10:12:00,ASMB,13.449999809265137,13.449999809265137,13.449999809265137,13.430000305175781,13.430000305175781,473.0
2024-03-01 10:12:00,ASRT,0.9200000166893005,0.9200000166893005,0.9200000166893005,0.9199000000953674,0.9200000166893005,2053.0
2024-03-01 10:12:00,ATEC,13.260000228881836,13.260000228881836,13.260000228881836,13.25,13.25,751.0
2024-03-01 10:12:00,ATOS,0.9998000264167786,0.9998000264167786,0.9998000264167786,0.9998000264167786,0.9998000264167786,6540.0
2024-03-01 10:12:00,ATRA,0.7914000153541565,0.7914000153541565,0.7985000014305115,0.7914000153541565,0.7985000014305115,11238.0
2024-03-01 10:12:00,ATRC,35.224998474121094,35.224998474121094,35.23500061035156,35.15999984741211,35.15999984741211,1338.0
2024-03-01 10:12:00,ATXS,14.710000038146973,14.710000038146973,14.920000076293945,14.710000038146973,14.920000076293945,4464.0
2024-03-01 10:12:00,AUPH,5.7210001945495605,5.7210001945495605,5.7210001945495605,5.71999979019165,5.71999979019165,1084.0
2024-03-01 10:12:00,AUTL,6.204999923706055,6.204999923706055,6.204999923706055,6.204999923706055,6.204999923706055,100.0
2024-03-01 10:12:00,AVAH,2.327500104904175,2.327500104904175,2.327500104904175,2.327500104904175,2.327500104904175,131.0
2024-03-01 10:12:00,AVDL,12.718000411987305,12.718000411987305,12.770000457763672,12.710000038146973,12.770000457763672,5351.0
2024-03-01 10:12:00,AVTE,22.5,22.5,22.5,22.5,22.5,100.0
2024-03-01 10:12:00,AVXL,5.220099925994873,5.220099925994873,5.224999904632568,5.220099925994873,5.224999904632568,3574.0
2024-03-01 10:12:00,AXNX,67.58999633789062,67.58999633789062,67.58999633789062,67.55999755859375,67.55999755859375,578.0
2024-03-01 10:12:00,AXSM,83.5,83.5,83.61000061035156,83.5,83.61000061035156,1244.0
2024-03-01 10:12:00,AZN,64.23999786376953,64.23999786376953,64.26000213623047,64.22000122070312,64.22000122070312,5754.0
2024-03-01 10:12:00,BBIO,35.779998779296875,35.779998779296875,35.779998779296875,35.724998474121094,35.7400016784668,525.0
2024-03-01 10:12:00,BBLG,2.5,2.5,2.572200059890747,2.5,2.572200059890747,1260.0
2024-03-01 10:12:00,BCDA,0.5576000213623047,0.5576000213623047,0.5576000213623047,0.5503000020980835,0.5503000020980835,330.0
2024-03-01 10:12:00,BCEL,0.2727999985218048,0.2727999985218048,0.2727999985218048,0.2727999985218048,0.2727999985218048,959.0
2024-03-01 10:12:00,BCRX,5.684999942779541,5.684999942779541,5.684999942779541,5.675000190734863,5.675000190734863,1093.0
2024-03-01 10:12:00,BDSX,1.6799999475479126,1.6799999475479126,1.6799999475479126,1.679900050163269,1.679900050163269,612.0
2024-03-01 10:12:00,BDTX,5.275000095367432,5.275000095367432,5.28000020980835,5.275000095367432,5.275000095367432,671.0
2024-03-01 10:12:00,BEAM,40.54999923706055,40.54999923706055,40.55500030517578,40.439998626708984,40.439998626708984,3343.0
2024-03-01 10:12:00,BGXX,0.25760000944137573,0.25760000944137573,0.25760000944137573,0.25760000944137573,0.25760000944137573,50.0
2024-03-01 10:12:00,BIIB,218.4149932861328,218.4149932861328,218.59010314941406,218.4149932861328,218.52999877929688,659.0
2024-03-01 10:12:00,BIOL,0.1370999962091446,0.1370999962091446,0.1370999962091446,0.1370999962091446,0.1370999962091446,16400.0
2024-03-01 10:12:00,BIVI,2.8605000972747803,2.8605000972747803,2.9700000286102295,2.79010009765625,2.909899950027466,747987.0
2024-03-01 10:12:00,BLFS,17.834999084472656,17.834999084472656,17.850000381469727,17.815000534057617,17.81999969482422,1424.0
2024-03-01 10:12:00,BLRX,1.399899959564209,1.399899959564209,1.399899959564209,1.3976999521255493,1.3976999521255493,242.0
2024-03-01 10:12:00,BLUE,1.5950000286102295,1.5950000286102295,1.5950000286102295,1.5841000080108643,1.5850000381469727,29776.0
2024-03-01 10:12:00,BMEA,17.989999771118164,17.989999771118164,18.0,17.940000534057617,17.940000534057617,1839.0
2024-03-01 10:12:00,BMRN,86.19999694824219,86.19999694824219,86.19999694824219,86.19999694824219,86.19999694824219,480.0
2024-03-01 10:12:00,BNTC,5.0,5.0,5.0,5.0,5.0,490.0
2024-03-01 10:12:00,BSGM,0.6747999787330627,0.6747999787330627,0.6747999787330627,0.6747999787330627,0.6747999787330627,6710.0
2024-03-01 10:12:00,BTAI,3.1798999309539795,3.1798999309539795,3.1798999309539795,3.1798999309539795,3.1798999309539795,217.0
2024-03-01 10:12:00,CABA,24.404499053955078,24.404499053955078,24.404499053955078,24.404499053955078,24.404499053955078,215.0
2024-03-01 10:12:00,CAPR,4.574999809265137,4.574999809265137,4.574999809265137,4.574999809265137,4.574999809265137,2000.0
2024-03-01 10:12:00,CBAY,32.23500061035156,32.23500061035156,32.23500061035156,32.23500061035156,32.23500061035156,1391.0
2024-03-01 10:12:00,CCCC,11.0,11.0,11.010000228881836,11.0,11.005000114440918,7848.0
2024-03-01 10:12:00,CDNA,11.788999557495117,11.788999557495117,11.789999961853027,11.704999923706055,11.710000038146973,3202.0
2024-03-01 10:12:00,CDXS,4.235000133514404,4.235000133514404,4.239999771118164,4.224999904632568,4.239999771118164,0.0
2024-03-01 10:12:00,CERE,41.19499969482422,41.19499969482422,41.20000076293945,41.17499923706055,41.17499923706055,1820.0
2024-03-01 10:12:00,CERT,17.829999923706055,17.829999923706055,17.829999923706055,17.760000228881836,17.795000076293945,503.0
2024-03-01 10:12:00,CGC,3.155400037765503,3.155400037765503,3.1600000858306885,3.154099941253662,3.1549999713897705,6977.0
2024-03-01 10:12:00,CGEN,2.630000114440918,2.630000114440918,2.630000114440918,2.630000114440918,2.630000114440918,200.0
2024-03-01 10:12:00,CHRS,2.319999933242798,2.319999933242798,2.319999933242798,2.31820011138916,2.319999933242798,991.0
2024-03-01 10:12:00,CING,1.2300000190734863,1.2300000190734863,1.2300000190734863,1.2300000190734863,1.2300000190734863,200.0
2024-03-01 10:12:00,CKPT,2.169100046157837,2.169100046157837,2.169100046157837,2.169100046157837,2.169100046157837,1592.0
2024-03-01 10:12:00,CLDX,51.099998474121094,51.099998474121094,51.119998931884766,51.0,51.029998779296875,2967.0
2024-03-01 10:12:00,CLLS,2.56850004196167,2.56850004196167,2.56850004196167,2.56850004196167,2.56850004196167,200.0
2024-03-01 10:12:00,CLNN,0.39489999413490295,0.39489999413490295,0.39489999413490295,0.39489999413490295,0.39489999413490295,0.0
2024-03-01 10:12:00,CLOV,0.8596000075340271,0.8596000075340271,0.8596000075340271,0.8590999841690063,0.8590999841690063,13349.0
2024-03-01 10:12:00,CLPT,6.460000038146973,6.460000038146973,6.460000038146973,6.440000057220459,6.440000057220459,0.0
2024-03-01 10:12:00,CLRB,3.9820001125335693,3.9820001125335693,3.9820001125335693,3.9820001125335693,3.9820001125335693,800.0
2024-03-01 10:12:00,CMPS,10.569999694824219,10.569999694824219,10.569999694824219,10.569999694824219,10.569999694824219,142.0
2024-03-01 10:12:00,CNSP,0.28299999237060547,0.28299999237060547,0.28299999237060547,0.28299999237060547,0.28299999237060547,535.0
2024-03-01 10:12:00,CNTA,10.550000190734863,10.550000190734863,10.550000190734863,10.550000190734863,10.550000190734863,469.0
2024-03-01 10:12:00,COGT,7.28000020980835,7.28000020980835,7.289999961853027,7.28000020980835,7.289999961853027,3121.0
2024-03-01 10:12:00,CORT,23.709999084472656,23.709999084472656,23.709999084472656,23.65999984741211,23.665000915527344,1560.0
2024-03-01 10:12:00,CPRX,16.719999313354492,16.719999313354492,16.75,16.690000534057617,16.690000534057617,3848.0
2024-03-01 10:12:00,CRBP,31.530000686645508,31.530000686645508,31.530000686645508,31.530000686645508,31.530000686645508,250.0
2024-03-01 10:12:00,CRBU,8.079999923706055,8.079999923706055,8.085000038146973,8.074999809265137,8.074999809265137,682.0
2024-03-01 10:12:00,CRDF,2.424999952316284,2.424999952316284,2.4600000381469727,2.380000114440918,2.3949999809265137,80317.0
2024-03-01 10:12:00,CRDL,2.0329999923706055,2.0329999923706055,2.0399999618530273,2.022599935531616,2.0299999713897705,1533.0
2024-03-01 10:12:00,CRMD,3.630000114440918,3.630000114440918,3.630000114440918,3.630000114440918,3.630000114440918,1600.0
2024-03-01 10:12:00,CRNX,44.66999816894531,44.66999816894531,44.66999816894531,44.59000015258789,44.59000015258789,545.0
2024-03-01 10:12:00,CRON,2.0250000953674316,2.0250000953674316,2.0299999713897705,2.0250000953674316,2.0250000953674316,2241.0
2024-03-01 10:12:00,CRSP,86.2249984741211,86.2249984741211,86.26899719238281,86.08000183105469,86.1500015258789,5526.0
2024-03-01 10:12:00,CSTL,19.493000030517578,19.493000030517578,19.493000030517578,19.493000030517578,19.493000030517578,120.0
2024-03-01 10:12:00,CTKB,7.945000171661377,7.945000171661377,7.945000171661377,7.940000057220459,7.940000057220459,998.0
2024-03-01 10:12:00,CTMX,2.4749999046325684,2.4749999046325684,2.4749999046325684,2.4749999046325684,2.4749999046325684,0.0
2024-03-01 10:12:00,CUTR,2.319999933242798,2.319999933242798,2.3299999237060547,2.319999933242798,2.3299999237060547,1201.0
2024-03-01 10:12:00,CYTK,74.76000213623047,74.76000213623047,74.7699966430664,74.70999908447266,74.7699966430664,914.0
2024-03-01 10:12:00,DAWN,16.979999542236328,16.979999542236328,17.010000228881836,16.950000762939453,16.950000762939453,1985.0
2024-03-01 10:12:00,DCGO,4.054999828338623,4.054999828338623,4.054999828338623,4.0406999588012695,4.045000076293945,2408.0
2024-03-01 10:12:00,DH,9.079999923706055,9.079999923706055,9.109999656677246,9.079999923706055,9.095000267028809,1675.0
2024-03-01 10:12:00,DMTK,0.8996999859809875,0.8996999859809875,0.8996999859809875,0.8899000287055969,0.8899000287055969,1433.0
2024-03-01 10:12:00,DNLI,20.610000610351562,20.610000610351562,20.610000610351562,20.56999969482422,20.56999969482422,583.0
2024-03-01 10:12:00,DRIO,2.0250000953674316,2.0250000953674316,2.0250000953674316,2.0250000953674316,2.0250000953674316,301.0
2024-03-01 10:12:00,DTIL,13.15999984741211,13.15999984741211,13.25,13.15999984741211,13.25,1400.0
2024-03-01 10:12:00,DVAX,12.710800170898438,12.710800170898438,12.710800170898438,12.704999923706055,12.704999923706055,1810.0
2024-03-01 10:12:00,DXCM,116.8499984741211,116.8499984741211,116.86599731445312,116.68000030517578,116.68990325927734,5340.0
2024-03-01 10:12:00,DYN,29.950000762939453,29.950000762939453,29.950000762939453,29.899999618530273,29.90999984741211,5492.0
2024-03-01 10:12:00,EDIT,10.680000305175781,10.680000305175781,10.680000305175781,10.589699745178223,10.589699745178223,3396.0
2024-03-01 10:12:00,EGRX,6.210000038146973,6.210000038146973,6.210000038146973,6.210000038146973,6.210000038146973,300.0
2024-03-01 10:12:00,ELEV,4.690000057220459,4.690000057220459,4.71999979019165,4.690000057220459,4.71999979019165,2402.0
2024-03-01 10:12:00,EMBC,14.380000114440918,14.380000114440918,14.380000114440918,14.380000114440918,14.380000114440918,126.0
2024-03-01 10:12:00,ENSC,0.9199000000953674,0.9199000000953674,0.9199000000953674,0.9199000000953674,0.9199000000953674,1876.0
2024-03-01 10:12:00,ENSG,123.72000122070312,123.72000122070312,123.72000122070312,123.72000122070312,123.72000122070312,118.0
2024-03-01 10:12:00,ENTA,14.6850004196167,14.6850004196167,14.6850004196167,14.6850004196167,14.6850004196167,200.0
2024-03-01 10:12:00,ENVB,1.8396999835968018,1.8396999835968018,1.840000033378601,1.7699999809265137,1.7999999523162842,116218.0
2024-03-01 10:12:00,EOLS,14.850000381469727,14.850000381469727,14.850000381469727,14.815400123596191,14.835000038146973,595.0
2024-03-01 10:12:00,EQ,2.509999990463257,2.509999990463257,2.509999990463257,2.509999990463257,2.509999990463257,2000.0
2024-03-01 10:12:00,ERAS,2.434999942779541,2.434999942779541,2.434999942779541,2.429800033569336,2.429800033569336,4515.0
2024-03-01 10:12:00,ESPR,2.505000114440918,2.505000114440918,2.505000114440918,2.505000114440918,2.505000114440918,1320.0
2024-03-01 10:12:00,ESTA,45.15999984741211,45.15999984741211,45.15999984741211,44.939998626708984,44.939998626708984,934.0
2024-03-01 10:12:00,ETNB,12.75,12.75,12.75,12.635000228881836,12.65999984741211,8282.0
2024-03-01 10:12:00,EVO,7.360099792480469,7.360099792480469,7.360099792480469,7.360099792480469,7.360099792480469,17900.0
2024-03-01 10:12:00,EXAI,6.729899883270264,6.729899883270264,6.729899883270264,6.710000038146973,6.710000038146973,5469.0
2024-03-01 10:12:00,EXAS,58.849998474121094,58.849998474121094,58.90999984741211,58.810001373291016,58.849998474121094,3701.0
2024-03-01 10:12:00,EXEL,22.399999618530273,22.399999618530273,22.40999984741211,22.395000457763672,22.40999984741211,1179.0
2024-03-01 10:12:00,EYEN,2.0999999046325684,2.0999999046325684,2.109999895095825,2.0799999237060547,2.109999895095825,17881.0
2024-03-01 10:12:00,EYPT,28.59000015258789,28.59000015258789,28.600000381469727,28.516000747680664,28.530000686645508,1991.0
2024-03-01 10:12:00,FATE,7.525000095367432,7.525000095367432,7.539999961853027,7.46999979019165,7.46999979019165,10375.0
2024-03-01 10:12:00,FBIOP,15.5,15.5,15.5,15.5,15.5,2855.0
2024-03-01 10:12:00,FEMY,1.7099000215530396,1.7099000215530396,1.7099000215530396,1.690000057220459,1.7007999420166016,3141.0
2024-03-01 10:12:00,FGEN,1.7450000047683716,1.7450000047683716,1.7450000047683716,1.7450000047683716,1.7450000047683716,0.0
2024-03-01 10:12:00,FHTX,8.239999771118164,8.239999771118164,8.239999771118164,8.145000457763672,8.145000457763672,250.0
2024-03-01 10:12:00,FIXX,0.9399999976158142,0.9399999976158142,0.9399999976158142,0.9399999976158142,0.9399999976158142,2200.0
2024-03-01 10:12:00,FOLD,13.375,13.375,13.375,13.347999572753906,13.347999572753906,1058.0
2024-03-01 10:12:00,FWBI,8.069999694824219,8.069999694824219,8.069999694824219,8.069999694824219,8.069999694824219,213.0
2024-03-01 10:12:00,GCTK,0.29919999837875366,0.29919999837875366,0.29919999837875366,0.29919999837875366,0.29919999837875366,1000.0
2024-03-01 10:12:00,GDRX,8.380000114440918,8.380000114440918,8.380000114440918,8.364999771118164,8.369999885559082,2106.0
2024-03-01 10:12:00,GERN,2.0950000286102295,2.0950000286102295,2.0999999046325684,2.0950000286102295,2.0950000286102295,716.0
2024-03-01 10:12:00,GH,19.020000457763672,19.020000457763672,19.020000457763672,19.020000457763672,19.020000457763672,676.0
2024-03-01 10:12:00,GILD,72.33999633789062,72.33999633789062,72.4000015258789,72.31500244140625,72.4000015258789,8243.0
2024-03-01 10:12:00,GMAB,28.729999542236328,28.729999542236328,28.729999542236328,28.729999542236328,28.729999542236328,187.0
2024-03-01 10:12:00,GNPX,4.414999961853027,4.414999961853027,4.414999961853027,4.414999961853027,4.414999961853027,283.0
2024-03-01 10:12:00,GOSS,1.3401000499725342,1.3401000499725342,1.3524999618530273,1.340000033378601,1.3524999618530273,2599.0
2024-03-01 10:12:00,GRFS,6.820000171661377,6.820000171661377,6.829400062561035,6.820000171661377,6.820700168609619,2846.0
2024-03-01 10:12:00,GRTS,2.015000104904175,2.015000104904175,2.0299999713897705,2.015000104904175,2.0299999713897705,4783.0
2024-03-01 10:12:00,GTHX,3.430000066757202,3.430000066757202,3.440000057220459,3.430000066757202,3.434999942779541,4252.0
2024-03-01 10:12:00,HALO,40.829200744628906,40.829200744628906,40.829200744628906,40.779998779296875,40.790000915527344,1193.0
2024-03-01 10:12:00,HARP,22.940000534057617,22.940000534057617,22.950000762939453,22.940000534057617,22.950000762939453,6369.0
2024-03-01 10:12:00,HCAT,8.024999618530273,8.024999618530273,8.024999618530273,8.024999618530273,8.024999618530273,233.0
2024-03-01 10:12:00,HCM,15.220000267028809,15.220000267028809,15.220000267028809,15.220000267028809,15.220000267028809,1000.0
2024-03-01 10:12:00,HCTI,2.369999885559082,2.369999885559082,2.380000114440918,2.369999885559082,2.380000114440918,545.0
2024-03-01 10:12:00,HITI,1.7549999952316284,1.7549999952316284,1.7549999952316284,1.7496999502182007,1.7496999502182007,1200.0
2024-03-01 10:12:00,HOLX,73.63999938964844,73.63999938964844,73.63999938964844,73.63999938964844,73.63999938964844,327.0
2024-03-01 10:12:00,HOWL,7.0,7.0,7.0,7.0,7.0,155.0
2024-03-01 10:12:00,HRTX,2.615000009536743,2.615000009536743,2.615000009536743,2.615000009536743,2.615000009536743,286.0
2024-03-01 10:12:00,HSIC,77.05999755859375,77.05999755859375,77.1449966430664,77.05999755859375,77.11499786376953,434.0
2024-03-01 10:12:00,HUGE,0.8999000191688538,0.8999000191688538,0.8999000191688538,0.8999000191688538,0.8999000191688538,6600.0
2024-03-01 10:12:00,HUMA,3.1500000953674316,3.1500000953674316,3.1700000762939453,3.109999895095825,3.1549999713897705,29094.0
2024-03-01 10:12:00,IART,36.61000061035156,36.61000061035156,36.61000061035156,36.58000183105469,36.58000183105469,1180.0
2024-03-01 10:12:00,IBRX,4.84499979019165,4.84499979019165,4.889999866485596,4.829999923706055,4.889999866485596,3913.0
2024-03-01 10:12:00,ICLR,323.82501220703125,323.82501220703125,323.82501220703125,323.82501220703125,323.82501220703125,291.0
2024-03-01 10:12:00,ICUI,104.87999725341797,104.87999725341797,104.87999725341797,104.86000061035156,104.86000061035156,894.0
2024-03-01 10:12:00,IDXX,570.4600219726562,570.4600219726562,570.6400146484375,569.7100219726562,569.9099731445312,1064.0
2024-03-01 10:12:00,IGMS,12.649999618530273,12.649999618530273,12.979999542236328,12.649999618530273,12.979999542236328,154729.0
2024-03-01 10:12:00,ILMN,137.25,137.25,137.44500732421875,137.14010620117188,137.39999389648438,17969.0
2024-03-01 10:12:00,IMAB,1.8593000173568726,1.8593000173568726,1.8593000173568726,1.8593000173568726,1.8593000173568726,105.0
2024-03-01 10:12:00,IMTX,12.9399995803833,12.9399995803833,12.9399995803833,12.920000076293945,12.920000076293945,2157.0
2024-03-01 10:12:00,INBX,36.93000030517578,36.93000030517578,36.93000030517578,36.93000030517578,36.93000030517578,484.0
2024-03-01 10:12:00,INCY,58.599998474121094,58.599998474121094,58.630001068115234,58.584999084472656,58.599998474121094,3085.0
2024-03-01 10:12:00,INKT,0.9383999705314636,0.9383999705314636,0.9383999705314636,0.9383999705314636,0.9383999705314636,180.0
2024-03-01 10:12:00,INM,0.38999998569488525,0.38999998569488525,0.38999998569488525,0.38999998569488525,0.38999998569488525,0.0
2024-03-01 10:12:00,INMB,12.029999732971191,12.029999732971191,12.029999732971191,11.869999885559082,11.920000076293945,1097.0
2024-03-01 10:12:00,INMD,22.488000869750977,22.488000869750977,22.488000869750977,22.440000534057617,22.440000534057617,1125.0
2024-03-01 10:12:00,INSM,28.1299991607666,28.1299991607666,28.1299991607666,28.1200008392334,28.1200008392334,523.0
2024-03-01 10:12:00,INVA,15.229999542236328,15.229999542236328,15.229999542236328,15.15999984741211,15.15999984741211,4974.0
2024-03-01 10:12:00,IONS,45.63990020751953,45.63990020751953,45.63999938964844,45.5099983215332,45.5099983215332,2971.0
2024-03-01 10:12:00,IOVA,16.84000015258789,16.84000015258789,16.860000610351562,16.780000686645508,16.78499984741211,27589.0
2024-03-01 10:12:00,IRWD,8.8774995803833,8.8774995803833,8.880000114440918,8.854999542236328,8.859999656677246,11391.0
2024-03-01 10:12:00,ISRG,387.6199951171875,387.6199951171875,387.6199951171875,387.6199951171875,387.6199951171875,288.0
2024-03-01 10:12:00,ITCI,71.5,71.5,71.5,71.5,71.5,276.0
2024-03-01 10:12:00,ITOS,10.725000381469727,10.725000381469727,10.725000381469727,10.725000381469727,10.725000381469727,200.0
2024-03-01 10:12:00,ITRM,1.2488000392913818,1.2488000392913818,1.2488000392913818,1.2488000392913818,1.2488000392913818,600.0
2024-03-01 10:12:00,IVVD,3.930000066757202,3.930000066757202,3.930000066757202,3.930000066757202,3.930000066757202,1590.0
2024-03-01 10:12:00,JAGX,0.07890000194311142,0.07890000194311142,0.07900000363588333,0.07410000264644623,0.07419999688863754,1836967.0
2024-03-01 10:12:00,JANX,47.70000076293945,47.70000076293945,47.79999923706055,47.38999938964844,47.77000045776367,3944.0
2024-03-01 10:12:00,JYNT,9.90999984741211,9.90999984741211,9.920000076293945,9.90999984741211,9.920000076293945,307.0
2024-03-01 10:12:00,KIDS,27.030000686645508,27.030000686645508,27.030000686645508,27.030000686645508,27.030000686645508,281.0
2024-03-01 10:12:00,KNSA,21.725000381469727,21.725000381469727,21.75,21.649999618530273,21.670000076293945,2590.0
2024-03-01 10:12:00,KNTE,2.609999895095825,2.609999895095825,2.609999895095825,2.609999895095825,2.609999895095825,305.0
2024-03-01 10:12:00,KOD,5.96999979019165,5.96999979019165,5.980000019073486,5.96999979019165,5.980000019073486,605.0
2024-03-01 10:12:00,KPTI,1.1649999618530273,1.1649999618530273,1.1649999618530273,1.1649999618530273,1.1649999618530273,0.0
2024-03-01 10:12:00,KROS,69.0199966430664,69.0199966430664,69.0199966430664,68.98500061035156,69.0,574.0
2024-03-01 10:12:00,KRYS,166.2899932861328,166.2899932861328,166.2899932861328,166.2899932861328,166.2899932861328,765.0
2024-03-01 10:12:00,KTRA,0.1014999970793724,0.1014999970793724,0.10159999877214432,0.1014999970793724,0.10159999877214432,8151.0
2024-03-01 10:12:00,KURA,21.200000762939453,21.200000762939453,21.200000762939453,21.200000762939453,21.200000762939453,64.0
2024-03-01 10:12:00,KYMR,43.345001220703125,43.345001220703125,43.345001220703125,43.345001220703125,43.345001220703125,350.0
2024-03-01 10:12:00,KZIA,0.25,0.25,0.25,0.25,0.25,262.0
2024-03-01 10:12:00,KZR,1.100000023841858,1.100000023841858,1.100000023841858,1.090000033378601,1.090000033378601,10952.0
2024-03-01 10:12:00,LAB,2.299999952316284,2.299999952316284,2.299999952316284,2.299999952316284,2.299999952316284,102.0
2024-03-01 10:12:00,LBPH,21.649999618530273,21.649999618530273,21.649999618530273,21.649999618530273,21.649999618530273,200.0
2024-03-01 10:12:00,LEXX,2.4800000190734863,2.4800000190734863,2.625,2.4200000762939453,2.625,10868.0
2024-03-01 10:12:00,LFMD,7.989999771118164,7.989999771118164,7.989999771118164,7.989999771118164,7.989999771118164,118.0
2024-03-01 10:12:00,LFST,8.0649995803833,8.0649995803833,8.069999694824219,8.055000305175781,8.0649995803833,5699.0
2024-03-01 10:12:00,LGND,80.5,80.5,80.5,80.47000122070312,80.47000122070312,560.0
2024-03-01 10:12:00,LGVN,0.5401999950408936,0.5401999950408936,0.5401999950408936,0.5401999950408936,0.5401999950408936,5200.0
2024-03-01 10:12:00,LIAN,4.860000133514404,4.860000133514404,4.860000133514404,4.860000133514404,4.860000133514404,731.0
2024-03-01 10:12:00,LIFE,1.9199999570846558,1.9199999570846558,1.9199999570846558,1.9199999570846558,1.9199999570846558,211.0
2024-03-01 10:12:00,LIVN,54.70000076293945,54.70000076293945,54.70000076293945,54.70000076293945,54.70000076293945,205.0
2024-03-01 10:12:00,LQDA,14.319999694824219,14.319999694824219,14.335000038146973,14.319999694824219,14.335000038146973,1158.0
2024-03-01 10:12:00,LTRN,4.75,4.75,4.75,4.75,4.75,652.0
2024-03-01 10:12:00,LVTX,3.0011000633239746,3.0011000633239746,3.0011000633239746,3.0,3.0000998973846436,1197.0
2024-03-01 10:12:00,LXRX,2.4700000286102295,2.4700000286102295,2.4700000286102295,2.4700000286102295,2.4700000286102295,510.0
2024-03-01 10:12:00,LYEL,3.055000066757202,3.055000066757202,3.059999942779541,3.055000066757202,3.059999942779541,601.0
2024-03-01 10:12:00,LYRA,5.539999961853027,5.539999961853027,5.539999961853027,5.5,5.5,424.0
2024-03-01 10:12:00,MACK,14.725000381469727,14.725000381469727,14.725000381469727,14.720000267028809,14.720000267028809,425.0
2024-03-01 10:12:00,MCRB,1.179900050163269,1.179900050163269,1.179900050163269,1.1749999523162842,1.1749999523162842,342.0
2024-03-01 10:12:00,MDGL,243.55499267578125,243.55499267578125,243.55499267578125,243.0,243.0,780.0
2024-03-01 10:12:00,MDRX,5.949999809265137,5.949999809265137,6.0,5.869999885559082,6.0,75598.0
2024-03-01 10:12:00,MDXG,8.515000343322754,8.515000343322754,8.517499923706055,8.5,8.5,6829.0
2024-03-01 10:12:00,ME,0.5583000183105469,0.5583000183105469,0.5583000183105469,0.5580000281333923,0.5580000281333923,567.0
2024-03-01 10:12:00,MGNX,19.0,19.0,19.0,18.950000762939453,18.959999084472656,1718.0
2024-03-01 10:12:00,MLTX,52.34000015258789,52.34000015258789,52.40999984741211,52.279998779296875,52.34000015258789,2519.0
2024-03-01 10:12:00,MNKD,4.460000038146973,4.460000038146973,4.460000038146973,4.449999809265137,4.449999809265137,637.0
2024-03-01 10:12:00,MNMD,5.795000076293945,5.795000076293945,5.795000076293945,5.795000076293945,5.795000076293945,138.0
2024-03-01 10:12:00,MODD,1.875,1.875,1.899999976158142,1.875,1.875,1034.0
2024-03-01 10:12:00,MOR,17.6299991607666,17.6299991607666,17.6299991607666,17.6299991607666,17.6299991607666,342.0
2024-03-01 10:12:00,MRAI,1.5399999618530273,1.5399999618530273,1.5399999618530273,1.5399999618530273,1.5399999618530273,200.0
2024-03-01 10:12:00,MREO,3.8698999881744385,3.8698999881744385,3.8698999881744385,3.8649001121520996,3.8698999881744385,2772.0
2024-03-01 10:12:00,MRNA,93.94000244140625,93.94000244140625,94.0,93.9000015258789,93.95999908447266,3187.0
2024-03-01 10:12:00,MRNS,9.699999809265137,9.699999809265137,9.699999809265137,9.6899995803833,9.6899995803833,666.0
2024-03-01 10:12:00,MRSN,6.150000095367432,6.150000095367432,6.150000095367432,6.119999885559082,6.135000228881836,3985.0
2024-03-01 10:12:00,MRUS,49.560001373291016,49.560001373291016,49.560001373291016,48.9900016784668,48.9900016784668,2705.0
2024-03-01 10:12:00,MRVI,7.704999923706055,7.704999923706055,7.704999923706055,7.690000057220459,7.690000057220459,2255.0
2024-03-01 10:12:00,MXCT,4.675000190734863,4.675000190734863,4.675000190734863,4.659999847412109,4.659999847412109,1242.0
2024-03-01 10:12:00,MYGN,20.979999542236328,20.979999542236328,20.979999542236328,20.979999542236328,20.979999542236328,200.0
2024-03-01 10:12:00,NARI,45.08000183105469,45.08000183105469,45.1349983215332,45.04999923706055,45.04999923706055,2191.0
2024-03-01 10:12:00,NBIX,130.67999267578125,130.67999267578125,130.67999267578125,130.6699981689453,130.67999267578125,2185.0
2024-03-01 10:12:00,NEO,15.744999885559082,15.744999885559082,15.75,15.720000267028809,15.720000267028809,1165.0
2024-03-01 10:12:00,NEOG,16.899999618530273,16.899999618530273,16.90999984741211,16.899999618530273,16.90999984741211,1526.0
2024-03-01 10:12:00,NERV,2.440000057220459,2.440000057220459,2.4502999782562256,2.440000057220459,2.4502999782562256,1649.0
2024-03-01 10:12:00,NKTR,0.722599983215332,0.722599983215332,0.722599983215332,0.722599983215332,0.722599983215332,4000.0
2024-03-01 10:12:00,NKTX,12.239999771118164,12.239999771118164,12.239999771118164,12.09000015258789,12.09000015258789,2456.0
2024-03-01 10:12:00,NMTC,1.2400000095367432,1.2400000095367432,1.2400000095367432,1.2400000095367432,1.2400000095367432,400.0
2024-03-01 10:12:00,NNOX,11.229900360107422,11.229900360107422,11.229999542236328,11.149999618530273,11.15999984741211,9658.0
2024-03-01 10:12:00,NRBO,5.989999771118164,5.989999771118164,5.989999771118164,5.989999771118164,5.989999771118164,175.0
2024-03-01 10:12:00,NRIX,12.84000015258789,12.84000015258789,12.84000015258789,12.770000457763672,12.770000457763672,2073.0
2024-03-01 10:12:00,NRSN,1.9699000120162964,1.9699000120162964,1.9699000120162964,1.9699000120162964,1.9699000120162964,135.0
2024-03-01 10:12:00,NRXP,0.4307999908924103,0.4307999908924103,0.4307999908924103,0.42750000953674316,0.4300000071525574,9787.0
2024-03-01 10:12:00,NTLA,33.54999923706055,33.54999923706055,33.54999923706055,33.459999084472656,33.459999084472656,2923.0
2024-03-01 10:12:00,NTRA,89.3499984741211,89.3499984741211,89.43000030517578,89.3499984741211,89.41000366210938,8048.0
2024-03-01 10:12:00,NTRB,2.6500000953674316,2.6500000953674316,2.6500000953674316,2.640000104904175,2.649899959564209,3765.0
2024-03-01 10:12:00,NVAX,4.96999979019165,4.96999979019165,4.96999979019165,4.954999923706055,4.960000038146973,5314.0
2024-03-01 10:12:00,NVCR,15.369999885559082,15.369999885559082,15.369999885559082,15.359999656677246,15.359999656677246,724.0
2024-03-01 10:12:00,NVCT,10.444999694824219,10.444999694824219,10.444999694824219,10.444999694824219,10.444999694824219,103.0
2024-03-01 10:12:00,NXTC,1.690000057220459,1.690000057220459,1.7000000476837158,1.690000057220459,1.7000000476837158,2149.0
2024-03-01 10:12:00,OCGN,0.9221000075340271,0.9221000075340271,0.9221000075340271,0.9221000075340271,0.9221000075340271,3000.0
2024-03-01 10:12:00,OCUL,10.3100004196167,10.3100004196167,10.329899787902832,10.302200317382812,10.302200317382812,3432.0
2024-03-01 10:12:00,OGI,2.065000057220459,2.065000057220459,2.069999933242798,2.065000057220459,2.069999933242798,1560.0
2024-03-01 10:12:00,OKYO,1.3450000286102295,1.3450000286102295,1.3450000286102295,1.3450000286102295,1.3450000286102295,400.0
2024-03-01 10:12:00,OLK,22.53499984741211,22.53499984741211,22.540000915527344,22.530000686645508,22.540000915527344,2670.0
2024-03-01 10:12:00,OM,3.009999990463257,3.009999990463257,3.009999990463257,3.005000114440918,3.005000114440918,1701.0
2024-03-01 10:12:00,OMCL,26.18000030517578,26.18000030517578,26.18000030517578,26.18000030517578,26.18000030517578,409.0
2024-03-01 10:12:00,OMER,4.704999923706055,4.704999923706055,4.704999923706055,4.704999923706055,4.704999923706055,225.0
2024-03-01 10:12:00,OMGA,4.085000038146973,4.085000038146973,4.090000152587891,4.085000038146973,4.090000152587891,1015.0
2024-03-01 10:12:00,ONCY,1.0801000595092773,1.0801000595092773,1.0801000595092773,1.0801000595092773,1.0801000595092773,0.0
2024-03-01 10:12:00,ONTX,0.8101999759674072,0.8101999759674072,0.8101999759674072,0.8101999759674072,0.8101999759674072,200.0
2024-03-01 10:13:00,ABEO,7.636000156402588,7.636000156402588,7.636000156402588,7.636000156402588,7.636000156402588,0.0
2024-03-01 10:13:00,ABOS,4.650000095367432,4.650000095367432,4.650000095367432,4.629899978637695,4.630000114440918,5684.0
2024-03-01 10:13:00,ABSI,5.119999885559082,5.119999885559082,5.135000228881836,5.119999885559082,5.130000114440918,2910.0
2024-03-01 10:13:00,ACAD,23.6200008392334,23.6200008392334,23.65999984741211,23.600000381469727,23.65999984741211,5297.0
2024-03-01 10:13:00,ACB,3.009999990463257,3.009999990463257,3.009999990463257,3.005000114440918,3.009999990463257,4002.0
2024-03-01 10:13:00,ACET,2.3399999141693115,2.3399999141693115,2.3420000076293945,2.3399999141693115,2.3420000076293945,1605.0
2024-03-01 10:13:00,ACHC,83.18499755859375,83.18499755859375,83.18499755859375,83.08999633789062,83.08999633789062,1624.0
2024-03-01 10:13:00,ACHL,1.3708000183105469,1.3708000183105469,1.3708000183105469,1.3708000183105469,1.3708000183105469,16.0
2024-03-01 10:13:00,ACLX,69.6500015258789,69.6500015258789,69.94999694824219,69.6500015258789,69.94999694824219,1964.0
2024-03-01 10:13:00,ACON,0.38499999046325684,0.38499999046325684,0.38499999046325684,0.38499999046325684,0.38499999046325684,252.0
2024-03-01 10:13:00,ACRS,1.2350000143051147,1.2350000143051147,1.2400000095367432,1.2300000190734863,1.2350000143051147,17583.0
2024-03-01 10:13:00,ADIL,3.3452000617980957,3.3452000617980957,3.369999885559082,3.130000114440918,3.2049999237060547,278152.0
2024-03-01 10:13:00,ADMA,5.340000152587891,5.340000152587891,5.340000152587891,5.324999809265137,5.340000152587891,7752.0
2024-03-01 10:13:00,ADVM,1.9800000190734863,1.9800000190734863,1.9800000190734863,1.9800000190734863,1.9800000190734863,220.0
2024-03-01 10:13:00,AGEN,0.6700999736785889,0.6700999736785889,0.6700999736785889,0.6700999736785889,0.6700999736785889,35631.0
2024-03-01 10:13:00,AGIO,32.625,32.625,32.63999938964844,32.59000015258789,32.60490036010742,4809.0
2024-03-01 10:13:00,AHCO,10.520000457763672,10.520000457763672,10.529999732971191,10.5,10.529999732971191,2379.0
2024-03-01 10:13:00,AKAN,0.2721000015735626,0.2721000015735626,0.2721000015735626,0.2702000141143799,0.2702000141143799,586.0
2024-03-01 10:13:00,AKBA,1.6349999904632568,1.6349999904632568,1.6349999904632568,1.6349999904632568,1.6349999904632568,500.0
2024-03-01 10:13:00,AKLI,0.3427000045776367,0.3427000045776367,0.3427000045776367,0.3427000045776367,0.3427000045776367,0.0
2024-03-01 10:13:00,AKRO,28.190000534057617,28.190000534057617,28.25,28.149999618530273,28.165000915527344,6681.0
2024-03-01 10:13:00,AKYA,5.929999828338623,5.929999828338623,5.940000057220459,5.929999828338623,5.940000057220459,1792.0
2024-03-01 10:13:00,ALDX,4.109300136566162,4.109300136566162,4.110000133514404,4.099999904632568,4.110000133514404,2852.0
2024-03-01 10:13:00,ALEC,7.300000190734863,7.300000190734863,7.300000190734863,7.269999980926514,7.269999980926514,4422.0
2024-03-01 10:13:00,ALGN,298.239990234375,298.239990234375,298.5,298.239990234375,298.3800048828125,1314.0
2024-03-01 10:13:00,ALHC,5.989999771118164,5.989999771118164,6.0,5.989999771118164,6.0,2807.0
2024-03-01 10:13:00,ALKS,30.0,30.0,30.020000457763672,29.989999771118164,30.020000457763672,1984.0
2024-03-01 10:13:00,ALLK,1.5750000476837158,1.5750000476837158,1.5750000476837158,1.5750000476837158,1.5750000476837158,101.0
2024-03-01 10:13:00,ALLO,4.989999771118164,4.989999771118164,4.989999771118164,4.989999771118164,4.989999771118164,533.0
2024-03-01 10:13:00,ALPN,36.14939880371094,36.14939880371094,36.14939880371094,36.14939880371094,36.14939880371094,690.0
2024-03-01 10:13:00,ALRN,5.0,5.0,5.0,5.0,5.0,3838.0
2024-03-01 10:13:00,ALT,12.265000343322754,12.265000343322754,12.279899597167969,12.222000122070312,12.229999542236328,20374.0
2024-03-01 10:13:00,ALVO,15.675000190734863,15.675000190734863,15.675000190734863,15.65999984741211,15.65999984741211,101.0
2024-03-01 10:13:00,ALVR,0.7402999997138977,0.7402999997138977,0.75,0.7402999997138977,0.75,329.0
2024-03-01 10:13:00,ALXO,14.922499656677246,14.922499656677246,14.922499656677246,14.922499656677246,14.922499656677246,146.0
2024-03-01 10:13:00,AMED,93.38500213623047,93.38500213623047,93.38500213623047,93.31700134277344,93.31700134277344,1845.0
2024-03-01 10:13:00,AMGN,278.6600036621094,278.6600036621094,279.0,278.6099853515625,278.864990234375,9516.0
2024-03-01 10:13:00,AMLX,18.934999465942383,18.934999465942383,18.950000762939453,18.920000076293945,18.934999465942383,977.0
2024-03-01 10:13:00,AMPH,46.20000076293945,46.20000076293945,46.20000076293945,46.11000061035156,46.11000061035156,1019.0
2024-03-01 10:13:00,AMRN,1.0149999856948853,1.0149999856948853,1.0154000520706177,1.0109000205993652,1.0109000205993652,5688.0
2024-03-01 10:13:00,ANNX,5.925000190734863,5.925000190734863,5.949999809265137,5.900000095367432,5.949999809265137,14881.0
2024-03-01 10:13:00,ANTX,2.936000108718872,2.936000108718872,2.949899911880493,2.936000108718872,2.949899911880493,301.0
2024-03-01 10:13:00,APLS,62.78519821166992,62.78519821166992,62.78519821166992,62.78519821166992,62.78519821166992,254.0
2024-03-01 10:13:00,APLT,7.369999885559082,7.369999885559082,7.380000114440918,7.369999885559082,7.380000114440918,309.0
2024-03-01 10:13:00,APRE,8.500100135803223,8.500100135803223,8.500100135803223,8.500100135803223,8.500100135803223,2062.0
2024-03-01 10:13:00,AQST,4.230999946594238,4.230999946594238,4.284999847412109,4.220099925994873,4.28000020980835,16427.0
2024-03-01 10:13:00,ARCT,40.244998931884766,40.244998931884766,40.244998931884766,40.20000076293945,40.20000076293945,552.0
2024-03-01 10:13:00,ARDX,9.71500015258789,9.71500015258789,9.71500015258789,9.694999694824219,9.710000038146973,21275.0
2024-03-01 10:13:00,ARQT,10.78499984741211,10.78499984741211,10.810199737548828,10.760000228881836,10.810199737548828,17387.0
2024-03-01 10:13:00,ARWR,34.685001373291016,34.685001373291016,34.685001373291016,34.532100677490234,34.59130096435547,13475.0
2024-03-01 10:13:00,ASLN,0.8392999768257141,0.8392999768257141,0.8400999903678894,0.8392999768257141,0.8399999737739563,7337.0
2024-03-01 10:13:00,ASMB,13.449999809265137,13.449999809265137,13.449999809265137,13.449999809265137,13.449999809265137,131.0
2024-03-01 10:13:00,ASND,148.3300018310547,148.3300018310547,148.3300018310547,148.3300018310547,148.3300018310547,116.0
2024-03-01 10:13:00,ASRT,0.9200000166893005,0.9200000166893005,0.9200000166893005,0.9151999950408936,0.9151999950408936,1001.0
2024-03-01 10:13:00,ATAI,1.965000033378601,1.965000033378601,1.9700000286102295,1.965000033378601,1.9700000286102295,1305.0
2024-03-01 10:13:00,ATEC,13.199999809265137,13.199999809265137,13.244999885559082,13.199999809265137,13.244999885559082,3504.0
2024-03-01 10:13:00,ATRA,0.800000011920929,0.800000011920929,0.8100000023841858,0.7836999893188477,0.7836999893188477,54040.0
2024-03-01 10:13:00,ATRC,35.224998474121094,35.224998474121094,35.224998474121094,35.224998474121094,35.224998474121094,301.0
2024-03-01 10:13:00,AUGX,4.489999771118164,4.489999771118164,4.489999771118164,4.489999771118164,4.489999771118164,133.0
2024-03-01 10:13:00,AUPH,5.730000019073486,5.730000019073486,5.730000019073486,5.724999904632568,5.724999904632568,1810.0
2024-03-01 10:13:00,AUTL,6.199999809265137,6.199999809265137,6.199999809265137,6.199999809265137,6.199999809265137,627.0
2024-03-01 10:13:00,AVDL,12.755000114440918,12.755000114440918,12.760000228881836,12.710000038146973,12.729999542236328,5605.0
2024-03-01 10:13:00,AVIR,4.349999904632568,4.349999904632568,4.349999904632568,4.34660005569458,4.34660005569458,728.0
2024-03-01 10:13:00,AVTE,22.5,22.5,22.600000381469727,22.5,22.549999237060547,351.0
2024-03-01 10:13:00,AVXL,5.230000019073486,5.230000019073486,5.230000019073486,5.230000019073486,5.230000019073486,439.0
2024-03-01 10:13:00,AWH,4.010000228881836,4.010000228881836,4.010000228881836,3.950000047683716,3.950000047683716,0.0
2024-03-01 10:13:00,AXGN,10.430000305175781,10.430000305175781,10.430000305175781,10.430000305175781,10.430000305175781,200.0
2024-03-01 10:13:00,AXSM,83.41500091552734,83.41500091552734,83.41999816894531,83.3499984741211,83.41999816894531,500.0
2024-03-01 10:13:00,AZN,64.23999786376953,64.23999786376953,64.26000213623047,64.2300033569336,64.23999786376953,9249.0
2024-03-01 10:13:00,AZTA,65.6500015258789,65.6500015258789,65.6500015258789,65.6500015258789,65.6500015258789,693.0
2024-03-01 10:13:00,BBIO,35.790000915527344,35.790000915527344,35.84000015258789,35.7599983215332,35.79999923706055,1546.0
2024-03-01 10:13:00,BBLG,2.5299999713897705,2.5299999713897705,2.5299999713897705,2.500200033187866,2.500200033187866,2646.0
2024-03-01 10:13:00,BCDA,0.5509999990463257,0.5509999990463257,0.5509999990463257,0.5503000020980835,0.5503000020980835,870.0
2024-03-01 10:13:00,BCRX,5.684999942779541,5.684999942779541,5.689899921417236,5.684999942779541,5.684999942779541,1540.0
2024-03-01 10:13:00,BCYC,25.809999465942383,25.809999465942383,25.809999465942383,25.809999465942383,25.809999465942383,536.0
2024-03-01 10:13:00,BDSX,1.6799999475479126,1.6799999475479126,1.6799999475479126,1.6799999475479126,1.6799999475479126,439.0
2024-03-01 10:13:00,BEAM,40.3400993347168,40.3400993347168,40.54999923706055,40.330101013183594,40.54999923706055,4796.0
2024-03-01 10:13:00,BGNE,163.8699951171875,163.8699951171875,163.91000366210938,163.66000366210938,163.66000366210938,1521.0
2024-03-01 10:13:00,BIIB,218.3300018310547,218.3300018310547,218.3300018310547,218.3300018310547,218.3300018310547,365.0
2024-03-01 10:13:00,BIOL,0.13680000603199005,0.13680000603199005,0.13680000603199005,0.13680000603199005,0.13680000603199005,0.0
2024-03-01 10:13:00,BIVI,2.831700086593628,2.831700086593628,2.889899969100952,2.7701001167297363,2.8501999378204346,356350.0
2024-03-01 10:13:00,BLFS,17.864999771118164,17.864999771118164,17.864999771118164,17.864999771118164,17.864999771118164,102.0
2024-03-01 10:13:00,BLUE,1.5806000232696533,1.5806000232696533,1.5976999998092651,1.5800000429153442,1.5901000499725342,30952.0
2024-03-01 10:13:00,BMEA,17.986099243164062,17.986099243164062,17.986099243164062,17.940000534057617,17.950000762939453,1704.0
2024-03-01 10:13:00,BMRN,86.18000030517578,86.18000030517578,86.19999694824219,86.18000030517578,86.19999694824219,1113.0
2024-03-01 10:13:00,BNGO,1.2350000143051147,1.2350000143051147,1.2350000143051147,1.2350000143051147,1.2350000143051147,568.0
2024-03-01 10:13:00,BNTX,90.41000366210938,90.41000366210938,90.48999786376953,90.37000274658203,90.48999786376953,1872.0
2024-03-01 10:13:00,BRKR,87.04000091552734,87.04000091552734,87.06500244140625,87.04000091552734,87.06500244140625,631.0
2024-03-01 10:13:00,BRTX,1.4996999502182007,1.4996999502182007,1.4996999502182007,1.4996999502182007,1.4996999502182007,0.0
2024-03-01 10:13:00,BSGM,0.6800000071525574,0.6800000071525574,0.6800000071525574,0.6800000071525574,0.6800000071525574,0.0
2024-03-01 10:13:00,BTAI,3.174999952316284,3.174999952316284,3.174999952316284,3.174999952316284,3.174999952316284,367.0
2024-03-01 10:13:00,BTCY,0.9300000071525574,0.9300000071525574,0.9300000071525574,0.9300000071525574,0.9300000071525574,14314.0
2024-03-01 10:13:00,BWAY,6.639800071716309,6.639800071716309,6.639800071716309,6.639800071716309,6.639800071716309,242.0
2024-03-01 10:13:00,BYSI,1.4199999570846558,1.4199999570846558,1.4199999570846558,1.4199999570846558,1.4199999570846558,1000.0
2024-03-01 10:13:00,CABA,24.3700008392334,24.3700008392334,24.409299850463867,24.3700008392334,24.409299850463867,1199.0
2024-03-01 10:13:00,CAPR,4.590000152587891,4.590000152587891,4.590000152587891,4.590000152587891,4.590000152587891,0.0
2024-03-01 10:13:00,CARA,0.8497999906539917,0.8497999906539917,0.8521000146865845,0.8497999906539917,0.8521000146865845,13773.0
2024-03-01 10:13:00,CBAY,32.23500061035156,32.23500061035156,32.23500061035156,32.23500061035156,32.23500061035156,675.0
2024-03-01 10:13:00,CCCC,11.0,11.0,11.005000114440918,11.0,11.005000114440918,2001.0
2024-03-01 10:13:00,CDMO,7.849999904632568,7.849999904632568,7.849999904632568,7.849999904632568,7.849999904632568,450.0
2024-03-01 10:13:00,CDNA,11.880000114440918,11.880000114440918,11.880000114440918,11.869999885559082,11.869999885559082,768.0
2024-03-01 10:13:00,CDXS,4.229899883270264,4.229899883270264,4.230000019073486,4.229899883270264,4.230000019073486,1112.0
2024-03-01 10:13:00,CERE,41.154998779296875,41.154998779296875,41.18000030517578,41.150001525878906,41.16999816894531,2610.0
2024-03-01 10:13:00,CERS,2.180000066757202,2.180000066757202,2.180000066757202,2.180000066757202,2.180000066757202,204.0
2024-03-01 10:13:00,CERT,17.81999969482422,17.81999969482422,17.834999084472656,17.795000076293945,17.795000076293945,4102.0
2024-03-01 10:13:00,CGC,3.1549999713897705,3.1549999713897705,3.1700000762939453,3.1500000953674316,3.1589999198913574,10128.0
2024-03-01 10:13:00,CGEM,19.040000915527344,19.040000915527344,19.049999237060547,18.975000381469727,19.040000915527344,4613.0
2024-03-01 10:13:00,CGTX,2.0513999462127686,2.0513999462127686,2.0513999462127686,2.0513999462127686,2.0513999462127686,1384.0
2024-03-01 10:13:00,CHRS,2.319999933242798,2.319999933242798,2.319999933242798,2.309999942779541,2.309999942779541,415.0
2024-03-01 10:13:00,CING,1.2281999588012695,1.2281999588012695,1.2281999588012695,1.2281999588012695,1.2281999588012695,100.0
2024-03-01 10:13:00,CLDX,50.939998626708984,50.939998626708984,51.05500030517578,50.915000915527344,50.95000076293945,1573.0
2024-03-01 10:13:00,CLNN,0.38999998569488525,0.38999998569488525,0.39500001072883606,0.38999998569488525,0.39500001072883606,4686.0
2024-03-01 10:13:00,CLOV,0.8647000193595886,0.8647000193595886,0.864799976348877,0.859499990940094,0.859499990940094,91643.0
2024-03-01 10:13:00,CLRB,3.994999885559082,3.994999885559082,3.994999885559082,3.984999895095825,3.984999895095825,1256.0
2024-03-01 10:13:00,CMPS,10.609999656677246,10.609999656677246,10.609999656677246,10.580100059509277,10.580100059509277,1987.0
2024-03-01 10:13:00,CMRX,1.1398999691009521,1.1398999691009521,1.1398999691009521,1.1396000385284424,1.1396000385284424,4071.0
2024-03-01 10:13:00,CNSP,0.2888999879360199,0.2888999879360199,0.2888999879360199,0.2800999879837036,0.2800999879837036,13987.0
2024-03-01 10:13:00,COCP,1.4400999546051025,1.4400999546051025,1.4400999546051025,1.4400999546051025,1.4400999546051025,555.0
2024-03-01 10:13:00,COGT,7.289999961853027,7.289999961853027,7.300000190734863,7.289999961853027,7.289999961853027,2100.0
2024-03-01 10:13:00,COLL,37.38999938964844,37.38999938964844,37.38999938964844,37.38999938964844,37.38999938964844,196.0
2024-03-01 10:13:00,CORT,23.780000686645508,23.780000686645508,23.78499984741211,23.71500015258789,23.739999771118164,3168.0
2024-03-01 10:13:00,CPRX,16.75,16.75,16.75,16.700000762939453,16.71500015258789,2833.0
2024-03-01 10:13:00,CRBP,31.52680015563965,31.52680015563965,31.52680015563965,31.52680015563965,31.52680015563965,416.0
2024-03-01 10:13:00,CRBU,8.074999809265137,8.074999809265137,8.085000038146973,8.069999694824219,8.085000038146973,1147.0
2024-03-01 10:13:00,CRDF,2.460900068283081,2.460900068283081,2.490000009536743,2.4200000762939453,2.4296998977661133,45326.0
2024-03-01 10:13:00,CRDL,2.049999952316284,2.049999952316284,2.069999933242798,2.0399999618530273,2.0399999618530273,2230.0
2024-03-01 10:13:00,CRMD,3.630000114440918,3.630000114440918,3.630000114440918,3.630000114440918,3.630000114440918,0.0
2024-03-01 10:13:00,CRNX,44.77000045776367,44.77000045776367,44.80500030517578,44.7400016784668,44.790000915527344,999.0
2024-03-01 10:13:00,CRSP,86.1541976928711,86.1541976928711,86.2300033569336,86.0,86.2300033569336,6873.0
2024-03-01 10:13:00,CSTL,19.520000457763672,19.520000457763672,19.520000457763672,19.41699981689453,19.41699981689453,1415.0
2024-03-01 10:13:00,CTKB,7.925000190734863,7.925000190734863,7.945000171661377,7.925000190734863,7.945000171661377,746.0
2024-03-01 10:13:00,CTXR,0.7849000096321106,0.7849000096321106,0.7849000096321106,0.7849000096321106,0.7849000096321106,1357.0
2024-03-01 10:13:00,CUTR,2.32069993019104,2.32069993019104,2.3399999141693115,2.32069993019104,2.3299999237060547,3736.0
2024-03-01 10:13:00,CYCC,2.6198999881744385,2.6198999881744385,2.6198999881744385,2.6198999881744385,2.6198999881744385,140.0
2024-03-01 10:13:00,CYTK,74.83000183105469,74.83000183105469,74.90499877929688,74.80999755859375,74.80999755859375,3398.0
2024-03-01 10:13:00,DERM,4.036200046539307,4.036200046539307,4.036200046539307,4.036200046539307,4.036200046539307,537.0
2024-03-01 10:13:00,DH,9.079999923706055,9.079999923706055,9.100000381469727,9.079999923706055,9.100000381469727,210.0
2024-03-01 10:13:00,DMTK,0.8848999738693237,0.8848999738693237,0.8996999859809875,0.861299991607666,0.8996999859809875,21791.0
2024-03-01 10:13:00,DNLI,20.610000610351562,20.610000610351562,20.6299991607666,20.59000015258789,20.6299991607666,4541.0
2024-03-01 10:13:00,DTIL,13.229999542236328,13.229999542236328,13.260000228881836,13.229999542236328,13.24779987335205,1019.0
2024-03-01 10:13:00,DVAX,12.71500015258789,12.71500015258789,12.71500015258789,12.71500015258789,12.71500015258789,467.0
2024-03-01 10:13:00,DXCM,116.92500305175781,116.92500305175781,116.92500305175781,116.7300033569336,116.77999877929688,12194.0
2024-03-01 10:13:00,DYN,30.010000228881836,30.010000228881836,30.095300674438477,29.885499954223633,29.950000762939453,32652.0
2024-03-01 10:13:00,EDIT,10.61970043182373,10.61970043182373,10.670000076293945,10.61970043182373,10.670000076293945,8269.0
2024-03-01 10:13:00,ELEV,4.699999809265137,4.699999809265137,4.71999979019165,4.690000057220459,4.70419979095459,3903.0
2024-03-01 10:13:00,EMBC,14.40999984741211,14.40999984741211,14.40999984741211,14.380000114440918,14.380000114440918,548.0
2024-03-01 10:13:00,ENSG,123.79499816894531,123.79499816894531,123.79499816894531,123.79499816894531,123.79499816894531,152.0
2024-03-01 10:13:00,ENTA,14.649999618530273,14.649999618530273,14.649999618530273,14.649999618530273,14.649999618530273,20.0
2024-03-01 10:13:00,ENVB,1.7799999713897705,1.7799999713897705,1.840000033378601,1.7599999904632568,1.8350000381469727,63423.0
2024-03-01 10:13:00,EOLS,14.850000381469727,14.850000381469727,14.850000381469727,14.835000038146973,14.835000038146973,249.0
2024-03-01 10:13:00,EQ,2.511199951171875,2.511199951171875,2.5169999599456787,2.5100998878479004,2.5100998878479004,1218.0
2024-03-01 10:13:00,ESPR,2.505000114440918,2.505000114440918,2.505000114440918,2.505000114440918,2.505000114440918,610.0
2024-03-01 10:13:00,ESTA,44.84980010986328,44.84980010986328,44.84980010986328,44.84980010986328,44.84980010986328,748.0
2024-03-01 10:13:00,ETNB,12.770000457763672,12.770000457763672,12.800000190734863,12.745800018310547,12.745800018310547,2724.0
2024-03-01 10:13:00,EVAX,3.5999999046325684,3.5999999046325684,3.5999999046325684,3.5999999046325684,3.5999999046325684,3194.0
2024-03-01 10:13:00,EVO,7.3709001541137695,7.3709001541137695,7.3709001541137695,7.3709001541137695,7.3709001541137695,0.0
2024-03-01 10:13:00,EWTX,16.559999465942383,16.559999465942383,16.559999465942383,16.559999465942383,16.559999465942383,200.0
2024-03-01 10:13:00,EXAI,6.711400032043457,6.711400032043457,6.729899883270264,6.699999809265137,6.729899883270264,8289.0
2024-03-01 10:13:00,EXAS,58.790000915527344,58.790000915527344,58.810001373291016,58.790000915527344,58.810001373291016,958.0
2024-03-01 10:13:00,EXEL,22.364999771118164,22.364999771118164,22.399999618530273,22.360000610351562,22.399999618530273,1971.0
2024-03-01 10:13:00,EYEN,2.091900110244751,2.091900110244751,2.091900110244751,2.0899999141693115,2.0899999141693115,4570.0
2024-03-01 10:13:00,EYPT,28.59869956970215,28.59869956970215,28.59869956970215,28.53499984741211,28.53499984741211,761.0
2024-03-01 10:13:00,FATE,7.484799861907959,7.484799861907959,7.529900074005127,7.484799861907959,7.529900074005127,4792.0
2024-03-01 10:13:00,FBIO,2.2200000286102295,2.2200000286102295,2.2200000286102295,2.2200000286102295,2.2200000286102295,144.0
2024-03-01 10:13:00,FDMT,29.43000030517578,29.43000030517578,29.479999542236328,29.43000030517578,29.479999542236328,303.0
2024-03-01 10:13:00,FEMY,1.7300000190734863,1.7300000190734863,1.7300000190734863,1.7000000476837158,1.7000000476837158,7334.0
2024-03-01 10:13:00,FGEN,1.7350000143051147,1.7350000143051147,1.7400000095367432,1.7350000143051147,1.7400000095367432,3556.0
2024-03-01 10:13:00,FHTX,8.25,8.25,8.25,8.25,8.25,206.0
2024-03-01 10:13:00,FIXX,0.9399999976158142,0.9399999976158142,0.9399999976158142,0.9399999976158142,0.9399999976158142,15.0
2024-03-01 10:13:00,FLGT,22.79490089416504,22.79490089416504,22.79490089416504,22.79490089416504,22.79490089416504,402.0
2024-03-01 10:13:00,FOLD,13.385000228881836,13.385000228881836,13.386799812316895,13.375,13.375,800.0
2024-03-01 10:13:00,FULC,10.59000015258789,10.59000015258789,10.59000015258789,10.579999923706055,10.589699745178223,1083.0
2024-03-01 10:13:00,FUSN,12.220000267028809,12.220000267028809,12.239999771118164,12.194999694824219,12.229999542236328,1110.0
2024-03-01 10:13:00,GCTK,0.30000001192092896,0.30000001192092896,0.30000001192092896,0.30000001192092896,0.30000001192092896,300.0
2024-03-01 10:13:00,GDRX,8.419899940490723,8.419899940490723,8.419899940490723,8.380000114440918,8.38379955291748,8372.0
2024-03-01 10:13:00,GERN,2.0950000286102295,2.0950000286102295,2.0999999046325684,2.0950000286102295,2.0950000286102295,1002.0
2024-03-01 10:13:00,GHSI,8.395500183105469,8.395500183105469,8.395500183105469,8.390000343322754,8.390000343322754,300.0
2024-03-01 10:13:00,GILD,72.36499786376953,72.36499786376953,72.3949966430664,72.34500122070312,72.36499786376953,3579.0
2024-03-01 10:13:00,GMAB,28.739999771118164,28.739999771118164,28.739999771118164,28.739999771118164,28.739999771118164,575.0
2024-03-01 10:13:00,GMDA,0.37560001015663147,0.37560001015663147,0.37560001015663147,0.37560001015663147,0.37560001015663147,200.0
2024-03-01 10:13:00,GOSS,1.350000023841858,1.350000023841858,1.350000023841858,1.3494999408721924,1.3494999408721924,242.0
2024-03-01 10:13:00,GRFS,6.809999942779541,6.809999942779541,6.810100078582764,6.804999828338623,6.804999828338623,3385.0
2024-03-01 10:13:00,GRTS,2.015000104904175,2.015000104904175,2.0197999477386475,2.015000104904175,2.0190000534057617,6122.0
2024-03-01 10:13:00,GTHX,3.434999942779541,3.434999942779541,3.440000057220459,3.434999942779541,3.440000057220459,0.0
2024-03-01 10:13:00,HALO,40.869998931884766,40.869998931884766,40.869998931884766,40.814998626708984,40.814998626708984,1186.0
2024-03-01 10:13:00,HARP,22.940000534057617,22.940000534057617,22.950000762939453,22.940000534057617,22.940000534057617,1007.0
2024-03-01 10:13:00,HBIO,4.340000152587891,4.340000152587891,4.340000152587891,4.340000152587891,4.340000152587891,416.0
2024-03-01 10:13:00,HCAT,8.010000228881836,8.010000228881836,8.024999618530273,8.010000228881836,8.024999618530273,300.0
2024-03-01 10:13:00,HCM,15.220000267028809,15.220000267028809,15.220000267028809,15.220000267028809,15.220000267028809,0.0
2024-03-01 10:13:00,HCTI,2.319999933242798,2.319999933242798,2.380000114440918,2.319999933242798,2.3622000217437744,2525.0
2024-03-01 10:13:00,HEPA,3.25,3.25,3.25,3.2300000190734863,3.2300000190734863,389.0
2024-03-01 10:13:00,HITI,1.75,1.75,1.7685999870300293,1.75,1.7685999870300293,7508.0
2024-03-01 10:13:00,HOLX,73.56999969482422,73.56999969482422,73.5999984741211,73.56999969482422,73.5999984741211,966.0
2024-03-01 10:13:00,HOOK,0.7900000214576721,0.7900000214576721,0.7900000214576721,0.7799999713897705,0.7804999947547913,7014.0
2024-03-01 10:13:00,HRMY,31.469999313354492,31.469999313354492,31.469999313354492,31.43000030517578,31.43000030517578,257.0
2024-03-01 10:13:00,HROW,10.686800003051758,10.686800003051758,10.6899995803833,10.680000305175781,10.6899995803833,1524.0
2024-03-01 10:13:00,HRTX,2.609999895095825,2.609999895095825,2.619999885559082,2.609999895095825,2.609999895095825,1394.0
2024-03-01 10:13:00,HSIC,77.19999694824219,77.19999694824219,77.19999694824219,77.13249969482422,77.13249969482422,544.0
2024-03-01 10:13:00,HSTM,27.469999313354492,27.469999313354492,27.479999542236328,27.469999313354492,27.479999542236328,403.0
2024-03-01 10:13:00,HUMA,3.1891000270843506,3.1891000270843506,3.1891000270843506,3.1549999713897705,3.1549999713897705,19074.0
2024-03-01 10:13:00,IART,36.560001373291016,36.560001373291016,36.650001525878906,36.560001373291016,36.63999938964844,2702.0
2024-03-01 10:13:00,IBRX,4.84499979019165,4.84499979019165,4.849999904632568,4.827700138092041,4.835700035095215,7666.0
2024-03-01 10:13:00,ICUI,104.86000061035156,104.86000061035156,104.86000061035156,104.7750015258789,104.79000091552734,2226.0
2024-03-01 10:13:00,IDYA,46.0,46.0,46.0,46.0,46.0,232.0
2024-03-01 10:13:00,IFRX,1.7800999879837036,1.7800999879837036,1.7800999879837036,1.7800999879837036,1.7800999879837036,4000.0
2024-03-01 10:13:00,IGMS,13.15999984741211,13.15999984741211,13.15999984741211,13.100000381469727,13.100000381469727,378.0
2024-03-01 10:13:00,IINN,1.6698999404907227,1.6698999404907227,1.6698999404907227,1.6698999404907227,1.6698999404907227,12.0
2024-03-01 10:13:00,ILMN,137.6199951171875,137.6199951171875,137.67999267578125,137.19000244140625,137.27499389648438,3344.0
2024-03-01 10:13:00,IMAB,1.8550000190734863,1.8550000190734863,1.8550000190734863,1.8550000190734863,1.8550000190734863,300.0
2024-03-01 10:13:00,IMCR,68.72000122070312,68.72000122070312,68.72000122070312,68.72000122070312,68.72000122070312,311.0
2024-03-01 10:13:00,IMMX,3.5213000774383545,3.5213000774383545,3.5213000774383545,3.5213000774383545,3.5213000774383545,126.0
2024-03-01 10:13:00,IMNM,25.079999923706055,25.079999923706055,25.149999618530273,25.079999923706055,25.100000381469727,1241.0
2024-03-01 10:13:00,IMRX,6.171800136566162,6.171800136566162,6.171800136566162,6.171800136566162,6.171800136566162,381.0
2024-03-01 10:13:00,IMTX,12.925000190734863,12.925000190734863,12.925000190734863,12.925000190734863,12.925000190734863,300.0
2024-03-01 10:13:00,IMUX,1.5099999904632568,1.5099999904632568,1.5099999904632568,1.5092999935150146,1.5092999935150146,9931.0
2024-03-01 10:13:00,IMVT,36.880001068115234,36.880001068115234,36.880001068115234,36.70500183105469,36.70500183105469,2447.0
2024-03-01 10:13:00,INAB,1.100000023841858,1.100000023841858,1.1050000190734863,1.100000023841858,1.1050000190734863,620.0
2024-03-01 10:13:00,INCY,58.4900016784668,58.4900016784668,58.4900016784668,58.4900016784668,58.4900016784668,427.0
2024-03-01 10:13:00,INGN,6.839900016784668,6.839900016784668,6.839900016784668,6.78000020980835,6.78000020980835,3534.0
2024-03-01 10:13:00,INMD,22.43000030517578,22.43000030517578,22.450000762939453,22.43000030517578,22.450000762939453,754.0
2024-03-01 10:13:00,INO,8.960000038146973,8.960000038146973,8.960000038146973,8.960000038146973,8.960000038146973,475.0
2024-03-01 10:13:00,INSM,28.170000076293945,28.170000076293945,28.170000076293945,28.149999618530273,28.149999618530273,523.0
2024-03-01 10:13:00,INVA,15.210000038146973,15.210000038146973,15.229999542236328,15.210000038146973,15.229999542236328,605.0
2024-03-01 10:13:00,INZY,6.400000095367432,6.400000095367432,6.421299934387207,6.349999904632568,6.420000076293945,157301.0
2024-03-01 10:13:00,IOBT,1.684999942779541,1.684999942779541,1.684999942779541,1.684999942779541,1.684999942779541,202.0
2024-03-01 10:13:00,IONS,45.654998779296875,45.654998779296875,45.66999816894531,45.63999938964844,45.63999938964844,1118.0
2024-03-01 10:13:00,IOVA,16.860000610351562,16.860000610351562,16.860000610351562,16.821199417114258,16.821199417114258,7889.0
2024-03-01 10:13:00,IRTC,117.26499938964844,117.26499938964844,117.26499938964844,117.26499938964844,117.26499938964844,399.0
2024-03-01 10:13:00,IRWD,8.904999732971191,8.904999732971191,8.920000076293945,8.875,8.8774995803833,25564.0
2024-03-01 10:13:00,ISRG,387.55999755859375,387.55999755859375,387.55999755859375,387.55999755859375,387.55999755859375,372.0
2024-03-01 10:13:00,IVA,3.619999885559082,3.619999885559082,3.619999885559082,3.619999885559082,3.619999885559082,101.0
2024-03-01 10:13:00,JAGX,0.08290000259876251,0.08290000259876251,0.08380000293254852,0.07720000296831131,0.0786999985575676,2258528.0
2024-03-01 10:13:00,JAZZ,120.36499786376953,120.36499786376953,120.36499786376953,120.1500015258789,120.1500015258789,299.0
2024-03-01 10:13:00,JSPR,20.809999465942383,20.809999465942383,21.239999771118164,20.809999465942383,21.239999771118164,6046.0
2024-03-01 10:13:00,JYNT,9.90999984741211,9.90999984741211,9.90999984741211,9.90999984741211,9.90999984741211,572.0
2024-03-01 10:13:00,KALV,13.899999618530273,13.899999618530273,13.899999618530273,13.899999618530273,13.899999618530273,239.0
2024-03-01 10:13:00,KIDS,26.989999771118164,26.989999771118164,27.049999237060547,26.950000762939453,27.049999237060547,3799.0
2024-03-01 10:13:00,KOD,5.96999979019165,5.96999979019165,5.973800182342529,5.949999809265137,5.973800182342529,2166.0
2024-03-01 10:13:00,KPTI,1.1700999736785889,1.1700999736785889,1.1799999475479126,1.1649999618530273,1.1649999618530273,4867.0
2024-03-01 10:13:00,KROS,69.15499877929688,69.15499877929688,69.15499877929688,69.15499877929688,69.15499877929688,110.0
2024-03-01 10:13:00,KRTX,316.2099914550781,316.2099914550781,316.2099914550781,316.2099914550781,316.2099914550781,201.0
2024-03-01 10:13:00,KTRA,0.1005999967455864,0.1005999967455864,0.10140000283718109,0.1005999967455864,0.10140000283718109,22967.0
2024-03-01 10:13:00,KURA,21.219999313354492,21.219999313354492,21.270000457763672,21.200000762939453,21.200000762939453,4056.0
2024-03-01 10:13:00,KYMR,43.32500076293945,43.32500076293945,43.32500076293945,43.32500076293945,43.32500076293945,380.0
2024-03-01 10:13:00,KZIA,0.25,0.25,0.25,0.25,0.25,2000.0
2024-03-01 10:13:00,KZR,1.1086000204086304,1.1086000204086304,1.1086000204086304,1.1079000234603882,1.1079000234603882,1241.0
2024-03-01 10:13:00,LAB,2.2950000762939453,2.2950000762939453,2.2950000762939453,2.2950000762939453,2.2950000762939453,1217.0
2024-03-01 10:13:00,LBPH,21.649999618530273,21.649999618530273,21.649999618530273,21.649999618530273,21.649999618530273,95.0
2024-03-01 10:13:00,LEXX,2.48009991645813,2.48009991645813,2.484999895095825,2.4800000190734863,2.4800000190734863,1182.0
2024-03-01 10:13:00,LFLY,2.998500108718872,2.998500108718872,2.998500108718872,2.998500108718872,2.998500108718872,223.0
2024-03-01 10:13:00,LGVN,0.5403000116348267,0.5403000116348267,0.5403000116348267,0.5403000116348267,0.5403000116348267,1400.0
2024-03-01 10:13:00,LIXT,2.559999942779541,2.559999942779541,2.559999942779541,2.559999942779541,2.559999942779541,221.0
2024-03-01 10:13:00,LMAT,68.44999694824219,68.44999694824219,68.80000305175781,68.44999694824219,68.80000305175781,2132.0
2024-03-01 10:13:00,LQDA,14.343000411987305,14.343000411987305,14.343000411987305,14.329999923706055,14.329999923706055,400.0
2024-03-01 10:13:00,LRMR,11.460000038146973,11.460000038146973,11.460000038146973,11.460000038146973,11.460000038146973,320.0
2024-03-01 10:13:00,LTRN,4.699999809265137,4.699999809265137,4.795000076293945,4.699999809265137,4.795000076293945,1112.0
2024-03-01 10:13:00,LUNG,9.010000228881836,9.010000228881836,9.010000228881836,9.010000228881836,9.010000228881836,219.0
2024-03-01 10:13:00,LVTX,3.020400047302246,3.020400047302246,3.0299999713897705,3.020400047302246,3.0299999713897705,407.0
2024-03-01 10:13:00,LXRX,2.460900068283081,2.460900068283081,2.460900068283081,2.460900068283081,2.460900068283081,1300.0
2024-03-01 10:13:00,LYEL,3.055000066757202,3.055000066757202,3.055000066757202,3.055000066757202,3.055000066757202,205.0
2024-03-01 10:13:00,LYRA,5.5,5.5,5.539999961853027,5.5,5.531599998474121,2806.0
2024-03-01 10:13:00,MASI,126.44000244140625,126.44000244140625,126.5199966430664,126.44000244140625,126.5199966430664,513.0
2024-03-01 10:13:00,MDRX,6.0,6.0,6.0,5.869999885559082,5.949999809265137,47578.0
2024-03-01 10:13:00,MDXG,8.515000343322754,8.515000343322754,8.515000343322754,8.515000343322754,8.515000343322754,1010.0
2024-03-01 10:13:00,ME,0.5656999945640564,0.5656999945640564,0.5687000155448914,0.5577999949455261,0.5577999949455261,176951.0
2024-03-01 10:13:00,MEDP,400.3599853515625,400.3599853515625,400.3599853515625,400.3599853515625,400.3599853515625,107.0
2024-03-01 10:13:00,MEIP,4.170000076293945,4.170000076293945,4.170000076293945,4.170000076293945,4.170000076293945,117.0
2024-03-01 10:13:00,MGNX,18.9950008392334,18.9950008392334,19.036500930786133,18.959999084472656,19.036500930786133,5758.0
2024-03-01 10:13:00,MGTX,6.170000076293945,6.170000076293945,6.170000076293945,6.170000076293945,6.170000076293945,101.0
2024-03-01 10:13:00,MLTX,52.290000915527344,52.290000915527344,52.375,52.290000915527344,52.375,624.0
2024-03-01 10:13:00,MNKD,4.454999923706055,4.454999923706055,4.460000038146973,4.454999923706055,4.454999923706055,3273.0
2024-03-01 10:13:00,MNMD,5.800000190734863,5.800000190734863,5.800000190734863,5.800000190734863,5.800000190734863,869.0
2024-03-01 10:13:00,MODV,27.440000534057617,27.440000534057617,27.440000534057617,27.440000534057617,27.440000534057617,480.0
2024-03-01 10:13:00,MORF,38.25,38.25,38.25,38.18000030517578,38.18000030517578,2509.0
2024-03-01 10:13:00,MRAI,1.5399999618530273,1.5399999618530273,1.5399999618530273,1.5399999618530273,1.5399999618530273,615.0
2024-03-01 10:13:00,MREO,3.8633999824523926,3.8633999824523926,3.865000009536743,3.859999895095825,3.859999895095825,416.0
2024-03-01 10:13:00,MRNA,94.16999816894531,94.16999816894531,94.16999816894531,94.03500366210938,94.03500366210938,6983.0
2024-03-01 10:13:00,MRSN,6.099999904632568,6.099999904632568,6.184999942779541,6.099999904632568,6.179999828338623,10388.0
2024-03-01 10:13:00,MRUS,49.64929962158203,49.64929962158203,49.64929962158203,49.64929962158203,49.64929962158203,1030.0
2024-03-01 10:13:00,MRVI,7.704999923706055,7.704999923706055,7.704999923706055,7.704999923706055,7.704999923706055,550.0
2024-03-01 10:13:00,MXCT,4.690000057220459,4.690000057220459,4.695000171661377,4.684999942779541,4.684999942779541,857.0
2024-03-01 10:13:00,MYGN,20.860000610351562,20.860000610351562,21.0,20.860000610351562,20.940000534057617,2219.0
2024-03-01 10:13:00,MYNZ,0.8799999952316284,0.8799999952316284,0.8799999952316284,0.8799999952316284,0.8799999952316284,1300.0
2024-03-01 10:13:00,NARI,45.040000915527344,45.040000915527344,45.16999816894531,45.040000915527344,45.130001068115234,1467.0
2024-03-01 10:13:00,NBIX,130.6699981689453,130.6699981689453,130.6699981689453,130.6199951171875,130.6300048828125,625.0
2024-03-01 10:13:00,NBSE,0.8600000143051147,0.8600000143051147,0.8610000014305115,0.8600000143051147,0.8610000014305115,2655.0
2024-03-01 10:13:00,NEO,15.760000228881836,15.760000228881836,15.760000228881836,15.734999656677246,15.744999885559082,1001.0
2024-03-01 10:13:00,NEOG,16.8700008392334,16.8700008392334,16.889999389648438,16.854999542236328,16.889999389648438,15813.0
2024-03-01 10:13:00,NEXI,6.480000019073486,6.480000019073486,6.480000019073486,6.480000019073486,6.480000019073486,495.0
2024-03-01 10:13:00,NKTR,0.7299000024795532,0.7299000024795532,0.7299000024795532,0.7299000024795532,0.7299000024795532,0.0
2024-03-01 10:13:00,NKTX,12.234999656677246,12.234999656677246,12.25,12.234999656677246,12.241299629211426,1799.0
2024-03-01 10:13:00,NMTC,1.225000023841858,1.225000023841858,1.225000023841858,1.225000023841858,1.225000023841858,0.0
2024-03-01 10:13:00,NNOX,11.180000305175781,11.180000305175781,11.190099716186523,11.119999885559082,11.1899995803833,13069.0
2024-03-01 10:13:00,NOTV,7.409999847412109,7.409999847412109,7.409999847412109,7.389599800109863,7.389599800109863,617.0
2024-03-01 10:13:00,NRIX,12.8100004196167,12.8100004196167,12.84000015258789,12.8100004196167,12.84000015258789,261.0
2024-03-01 10:13:00,NRSN,1.9700000286102295,1.9700000286102295,1.9700000286102295,1.968999981880188,1.968999981880188,986.0
2024-03-01 10:13:00,NRXP,0.4300000071525574,0.4300000071525574,0.4350000023841858,0.42500001192092896,0.4300000071525574,68348.0
2024-03-01 10:13:00,NTLA,33.480098724365234,33.480098724365234,33.5099983215332,33.480098724365234,33.48500061035156,559.0
2024-03-01 10:13:00,NTRA,89.375,89.375,89.41000366210938,89.31999969482422,89.37000274658203,12981.0
2024-03-01 10:13:00,NUTX,0.11389999836683273,0.11389999836683273,0.11389999836683273,0.11389999836683273,0.11389999836683273,1097.0
2024-03-01 10:13:00,NUWE,0.5748000144958496,0.5748000144958496,0.574999988079071,0.5699999928474426,0.574999988079071,2629.0
2024-03-01 10:13:00,NVAX,4.980000019073486,4.980000019073486,4.980000019073486,4.96560001373291,4.96999979019165,18528.0
2024-03-01 10:13:00,NVCR,15.300000190734863,15.300000190734863,15.34000015258789,15.300000190734863,15.34000015258789,1903.0
2024-03-01 10:13:00,OCGN,0.921999990940094,0.921999990940094,0.9269999861717224,0.921999990940094,0.9244999885559082,552.0
2024-03-01 10:13:00,OCUL,10.300000190734863,10.300000190734863,10.310099601745605,10.300000190734863,10.310099601745605,3350.0
2024-03-01 10:13:00,OCUP,2.509999990463257,2.509999990463257,2.509999990463257,2.509999990463257,2.509999990463257,140.0
2024-03-01 10:13:00,OFIX,12.9399995803833,12.9399995803833,12.9399995803833,12.9399995803833,12.9399995803833,542.0
2024-03-01 10:13:00,OGI,2.065000057220459,2.065000057220459,2.065000057220459,2.065000057220459,2.065000057220459,2266.0
2024-03-01 10:13:00,OKYO,1.4199999570846558,1.4199999570846558,1.4199999570846558,1.409999966621399,1.409999966621399,1500.0
2024-03-01 10:13:00,OLK,22.53499984741211,22.53499984741211,22.53499984741211,22.53499984741211,22.53499984741211,286.0
2024-03-01 10:13:00,OM,3.039900064468384,3.039900064468384,3.0399999618530273,3.011199951171875,3.011199951171875,8518.0
2024-03-01 10:13:00,OMCL,26.239999771118164,26.239999771118164,26.239999771118164,26.239999771118164,26.239999771118164,218.0
2024-03-01 10:13:00,ONVO,1.031499981880188,1.031499981880188,1.031499981880188,1.031499981880188,1.031499981880188,114.0
2024-03-01 10:14:00,ABEO,7.659999847412109,7.659999847412109,7.659999847412109,7.630000114440918,7.630000114440918,1889.0
2024-03-01 10:14:00,ABOS,4.650000095367432,4.650000095367432,4.650000095367432,4.650000095367432,4.650000095367432,461.0
2024-03-01 10:14:00,ABSI,5.125,5.125,5.130000114440918,5.119999885559082,5.120100021362305,908.0
2024-03-01 10:14:00,ACAD,23.716100692749023,23.716100692749023,23.729999542236328,23.6299991607666,23.6299991607666,7007.0
2024-03-01 10:14:00,ACB,3.015000104904175,3.015000104904175,3.015000104904175,3.009999990463257,3.009999990463257,3540.0
2024-03-01 10:14:00,ACCD,10.25,10.25,10.25,10.25,10.25,233.0
2024-03-01 10:14:00,ACET,2.319999933242798,2.319999933242798,2.3394999504089355,2.319999933242798,2.3394999504089355,50584.0
2024-03-01 10:14:00,ACHC,83.2750015258789,83.2750015258789,83.2750015258789,83.2300033569336,83.2300033569336,927.0
2024-03-01 10:14:00,ACON,0.38510000705718994,0.38510000705718994,0.38510000705718994,0.38510000705718994,0.38510000705718994,1243.0
2024-03-01 10:14:00,ACRS,1.2400000095367432,1.2400000095367432,1.2400000095367432,1.2400000095367432,1.2400000095367432,400.0
2024-03-01 10:14:00,ADAP,1.5800000429153442,1.5800000429153442,1.5800000429153442,1.5750000476837158,1.5750000476837158,1706.0
2024-03-01 10:14:00,ADIL,3.2950000762939453,3.2950000762939453,3.359999895095825,3.2699999809265137,3.3399999141693115,145684.0
2024-03-01 10:14:00,ADMA,5.349999904632568,5.349999904632568,5.349999904632568,5.34499979019165,5.349999904632568,4125.0
2024-03-01 10:14:00,ADPT,4.090000152587891,4.090000152587891,4.090000152587891,4.090000152587891,4.090000152587891,442.0
2024-03-01 10:14:00,ADVM,1.9700000286102295,1.9700000286102295,1.975000023841858,1.9700000286102295,1.975000023841858,2305.0
2024-03-01 10:14:00,AFIB,0.2071000039577484,0.2071000039577484,0.2071000039577484,0.2071000039577484,0.2071000039577484,63.0
2024-03-01 10:14:00,AGEN,0.6700999736785889,0.6700999736785889,0.6700999736785889,0.6700999736785889,0.6700999736785889,10930.0
2024-03-01 10:14:00,AGIO,32.560001373291016,32.560001373291016,32.599998474121094,32.560001373291016,32.599998474121094,742.0
2024-03-01 10:14:00,AGRX,0.8370000123977661,0.8370000123977661,0.8370000123977661,0.8370000123977661,0.8370000123977661,2826.0
2024-03-01 10:14:00,AHCO,10.510000228881836,10.510000228881836,10.510000228881836,10.510000228881836,10.510000228881836,123.0
2024-03-01 10:14:00,AIRS,6.480000019073486,6.480000019073486,6.480000019073486,6.480000019073486,6.480000019073486,200.0
2024-03-01 10:14:00,AKBA,1.6349999904632568,1.6349999904632568,1.6349999904632568,1.6349999904632568,1.6349999904632568,304.0
2024-03-01 10:14:00,AKLI,0.34130001068115234,0.34130001068115234,0.3427000045776367,0.34130001068115234,0.34130001068115234,1952.0
2024-03-01 10:14:00,AKRO,28.020000457763672,28.020000457763672,28.219999313354492,28.020000457763672,28.209999084472656,4187.0
2024-03-01 10:14:00,ALDX,4.085000038146973,4.085000038146973,4.099999904632568,4.085000038146973,4.099999904632568,2394.0
2024-03-01 10:14:00,ALEC,7.332600116729736,7.332600116729736,7.332600116729736,7.320000171661377,7.320000171661377,952.0
2024-03-01 10:14:00,ALGN,298.7099914550781,298.7099914550781,298.8599853515625,298.510009765625,298.510009765625,1281.0
2024-03-01 10:14:00,ALHC,5.9293999671936035,5.9293999671936035,5.980000019073486,5.920000076293945,5.980000019073486,5761.0
2024-03-01 10:14:00,ALKS,29.989999771118164,29.989999771118164,30.0,29.989999771118164,30.0,1262.0
2024-03-01 10:14:00,ALLK,1.5800000429153442,1.5800000429153442,1.5800000429153442,1.5779999494552612,1.5779999494552612,330.0
2024-03-01 10:14:00,ALLO,4.994999885559082,4.994999885559082,4.994999885559082,4.989999771118164,4.994999885559082,3575.0
2024-03-01 10:14:00,ALPN,36.130001068115234,36.130001068115234,36.130001068115234,36.130001068115234,36.130001068115234,200.0
2024-03-01 10:14:00,ALT,12.239999771118164,12.239999771118164,12.270000457763672,12.200400352478027,12.270000457763672,13106.0
2024-03-01 10:14:00,ALVO,15.675000190734863,15.675000190734863,15.675000190734863,15.675000190734863,15.675000190734863,200.0
2024-03-01 10:14:00,ALXO,14.890000343322754,14.890000343322754,14.890000343322754,14.890000343322754,14.890000343322754,255.0
2024-03-01 10:14:00,AMED,93.375,93.375,93.375,93.375,93.375,389.0
2024-03-01 10:14:00,AMGN,279.0513000488281,279.0513000488281,279.0799865722656,278.6600036621094,278.69000244140625,5186.0
2024-03-01 10:14:00,AMLX,18.829999923706055,18.829999923706055,18.934999465942383,18.829999923706055,18.934999465942383,1642.0
2024-03-01 10:14:00,AMPH,46.099998474121094,46.099998474121094,46.17470169067383,46.060001373291016,46.17470169067383,2797.0
2024-03-01 10:14:00,AMRN,1.024999976158142,1.024999976158142,1.0299999713897705,1.0149999856948853,1.0199999809265137,20525.0
2024-03-01 10:14:00,ANGO,5.320000171661377,5.320000171661377,5.320000171661377,5.304999828338623,5.304999828338623,2942.0
2024-03-01 10:14:00,ANNX,5.900000095367432,5.900000095367432,5.939899921417236,5.900000095367432,5.939899921417236,3827.0
2024-03-01 10:14:00,ANTX,2.9300999641418457,2.9300999641418457,2.949700117111206,2.9200000762939453,2.949700117111206,14296.0
2024-03-01 10:14:00,APLS,62.459999084472656,62.459999084472656,62.78499984741211,62.34749984741211,62.78499984741211,4183.0
2024-03-01 10:14:00,APLT,7.329999923706055,7.329999923706055,7.330100059509277,7.329999923706055,7.330100059509277,594.0
2024-03-01 10:14:00,AQST,4.230000019073486,4.230000019073486,4.239999771118164,4.230000019073486,4.230500221252441,4281.0
2024-03-01 10:14:00,ARAY,2.6050000190734863,2.6050000190734863,2.6050000190734863,2.6050000190734863,2.6050000190734863,207.0
2024-03-01 10:14:00,ARCT,40.34000015258789,40.34000015258789,40.34000015258789,40.2400016784668,40.2400016784668,326.0
2024-03-01 10:14:00,ARDX,9.6850004196167,9.6850004196167,9.71310043334961,9.6850004196167,9.71310043334961,11558.0
2024-03-01 10:14:00,ARGX,382.42999267578125,382.42999267578125,382.42999267578125,382.42999267578125,382.42999267578125,410.0
2024-03-01 10:14:00,ARQT,10.78499984741211,10.78499984741211,10.809900283813477,10.78499984741211,10.788800239562988,3309.0
2024-03-01 10:14:00,ARVN,50.244998931884766,50.244998931884766,50.33000183105469,50.130001068115234,50.130001068115234,2179.0
2024-03-01 10:14:00,ARWR,34.69499969482422,34.69499969482422,34.73500061035156,34.69499969482422,34.720001220703125,1436.0
2024-03-01 10:14:00,ASLN,0.8199999928474426,0.8199999928474426,0.8199999928474426,0.8199999928474426,0.8199999928474426,10004.0
2024-03-01 10:14:00,ASND,148.09500122070312,148.09500122070312,148.3350067138672,148.09500122070312,148.31500244140625,485.0
2024-03-01 10:14:00,ASRT,0.9200000166893005,0.9200000166893005,0.9200000166893005,0.9200000166893005,0.9200000166893005,200.0
2024-03-01 10:14:00,ATEC,13.210000038146973,13.210000038146973,13.210000038146973,13.210000038146973,13.210000038146973,482.0
2024-03-01 10:14:00,ATHA,3.9200000762939453,3.9200000762939453,3.9200000762939453,3.9200000762939453,3.9200000762939453,400.0
2024-03-01 10:14:00,ATRA,0.8043000102043152,0.8043000102043152,0.8100000023841858,0.800000011920929,0.800000011920929,33937.0
2024-03-01 10:14:00,ATRC,35.279998779296875,35.279998779296875,35.279998779296875,35.279998779296875,35.279998779296875,341.0
2024-03-01 10:14:00,ATXS,14.619999885559082,14.619999885559082,14.6899995803833,14.619999885559082,14.680000305175781,399.0
2024-03-01 10:14:00,AUPH,5.71999979019165,5.71999979019165,5.730000019073486,5.71999979019165,5.730000019073486,1623.0
2024-03-01 10:14:00,AURA,9.154999732971191,9.154999732971191,9.154999732971191,9.154999732971191,9.154999732971191,131.0
2024-03-01 10:14:00,AUTL,6.199999809265137,6.199999809265137,6.199999809265137,6.199999809265137,6.199999809265137,1228.0
2024-03-01 10:14:00,AVXL,5.230000019073486,5.230000019073486,5.230000019073486,5.21999979019165,5.230000019073486,1048.0
2024-03-01 10:14:00,AXGN,10.4399995803833,10.4399995803833,10.4399995803833,10.4399995803833,10.4399995803833,132.0
2024-03-01 10:14:00,AXNX,67.63999938964844,67.63999938964844,67.63999938964844,67.61000061035156,67.62000274658203,940.0
2024-03-01 10:14:00,AXSM,83.33999633789062,83.33999633789062,83.37000274658203,83.31999969482422,83.37000274658203,779.0
2024-03-01 10:14:00,AZN,64.24500274658203,64.24500274658203,64.26499938964844,64.23999786376953,64.26000213623047,2895.0
2024-03-01 10:14:00,BBIO,35.779998779296875,35.779998779296875,35.80500030517578,35.779998779296875,35.79999923706055,1130.0
2024-03-01 10:14:00,BCDA,0.5501000285148621,0.5501000285148621,0.5649999976158142,0.5501000285148621,0.5649999976158142,904.0
2024-03-01 10:14:00,BCRX,5.675000190734863,5.675000190734863,5.684999942779541,5.675000190734863,5.684999942779541,2171.0
2024-03-01 10:14:00,BCTX,3.555000066757202,3.555000066757202,3.555000066757202,3.490000009536743,3.490000009536743,506.0
2024-03-01 10:14:00,BEAM,40.380001068115234,40.380001068115234,40.43000030517578,40.380001068115234,40.43000030517578,413.0
2024-03-01 10:14:00,BEAT,1.4775999784469604,1.4775999784469604,1.4775999784469604,1.4775999784469604,1.4775999784469604,4150.0
2024-03-01 10:14:00,BGNE,163.7550048828125,163.7550048828125,163.7550048828125,163.7550048828125,163.7550048828125,438.0
2024-03-01 10:14:00,BGXX,0.26460000872612,0.26460000872612,0.26460000872612,0.25519999861717224,0.25519999861717224,18818.0
2024-03-01 10:14:00,BIIB,218.42999267578125,218.42999267578125,218.44000244140625,218.42999267578125,218.44000244140625,2314.0
2024-03-01 10:14:00,BIOL,0.13680000603199005,0.13680000603199005,0.13680000603199005,0.13680000603199005,0.13680000603199005,1859.0
2024-03-01 10:14:00,BIOR,1.2300000190734863,1.2300000190734863,1.2300000190734863,1.2300000190734863,1.2300000190734863,109.0
2024-03-01 10:14:00,BIVI,2.789900064468384,2.789900064468384,2.859999895095825,2.7200000286102295,2.8299999237060547,464334.0
2024-03-01 10:14:00,BLFS,17.864999771118164,17.864999771118164,17.864999771118164,17.864999771118164,17.864999771118164,205.0
2024-03-01 10:14:00,BLRX,1.3899999856948853,1.3899999856948853,1.3899999856948853,1.3899999856948853,1.3899999856948853,207.0
2024-03-01 10:14:00,BLUE,1.565000057220459,1.565000057220459,1.590000033378601,1.559999942779541,1.5815999507904053,73772.0
2024-03-01 10:14:00,BMEA,17.81999969482422,17.81999969482422,17.940000534057617,17.799999237060547,17.93000030517578,2029.0
2024-03-01 10:14:00,BMRN,86.16000366210938,86.16000366210938,86.20999908447266,86.0999984741211,86.19999694824219,1677.0
2024-03-01 10:14:00,BNGO,1.2350000143051147,1.2350000143051147,1.2350000143051147,1.2317999601364136,1.2317999601364136,2344.0
2024-03-01 10:14:00,BNOX,1.2200000286102295,1.2200000286102295,1.2200000286102295,1.2200000286102295,1.2200000286102295,250.0
2024-03-01 10:14:00,BOLT,1.159999966621399,1.159999966621399,1.190000057220459,1.159999966621399,1.1699999570846558,10369.0
2024-03-01 10:14:00,BRKR,87.06999969482422,87.06999969482422,87.0999984741211,87.06999969482422,87.0999984741211,414.0
2024-03-01 10:14:00,BTTX,0.16269999742507935,0.16269999742507935,0.16269999742507935,0.16269999742507935,0.16269999742507935,613.0
2024-03-01 10:14:00,BYSI,1.4329999685287476,1.4329999685287476,1.4329999685287476,1.4329999685287476,1.4329999685287476,0.0
2024-03-01 10:14:00,CABA,24.440000534057617,24.440000534057617,24.440000534057617,24.440000534057617,24.440000534057617,200.0
2024-03-01 10:14:00,CARA,0.8500000238418579,0.8500000238418579,0.8500000238418579,0.8497999906539917,0.8497999906539917,3258.0
2024-03-01 10:14:00,CBAY,32.2400016784668,32.2400016784668,32.2400016784668,32.23500061035156,32.23500061035156,626.0
2024-03-01 10:14:00,CCCC,11.0,11.0,11.0,10.998299598693848,10.998299598693848,482.0
2024-03-01 10:14:00,CCRN,17.93000030517578,17.93000030517578,17.93000030517578,17.93000030517578,17.93000030517578,399.0
2024-03-01 10:14:00,CDMO,7.840000152587891,7.840000152587891,7.860000133514404,7.840000152587891,7.860000133514404,1056.0
2024-03-01 10:14:00,CDNA,11.960000038146973,11.960000038146973,11.960000038146973,11.90999984741211,11.90999984741211,2122.0
2024-03-01 10:14:00,CDXS,4.280099868774414,4.280099868774414,4.280099868774414,4.21999979019165,4.220099925994873,26650.0
2024-03-01 10:14:00,CELC,15.600000381469727,15.600000381469727,15.600000381469727,15.600000381469727,15.600000381469727,1099.0
2024-03-01 10:14:00,CELU,3.75,3.75,3.75,3.75,3.75,921.0
2024-03-01 10:14:00,CELZ,4.244800090789795,4.244800090789795,4.244800090789795,4.244800090789795,4.244800090789795,922.0
2024-03-01 10:14:00,CERE,41.14500045776367,41.14500045776367,41.154998779296875,41.14500045776367,41.154998779296875,920.0
2024-03-01 10:14:00,CERT,17.8700008392334,17.8700008392334,17.8700008392334,17.790000915527344,17.80500030517578,1865.0
2024-03-01 10:14:00,CGC,3.1549999713897705,3.1549999713897705,3.1593000888824463,3.1528000831604004,3.1528000831604004,1135.0
2024-03-01 10:14:00,CGEM,18.90999984741211,18.90999984741211,18.979999542236328,18.90999984741211,18.979999542236328,202.0
2024-03-01 10:14:00,CHRS,2.305000066757202,2.305000066757202,2.315000057220459,2.305000066757202,2.315000057220459,2360.0
2024-03-01 10:14:00,CING,1.2496000528335571,1.2496000528335571,1.2496000528335571,1.2301000356674194,1.2301000356674194,4832.0
2024-03-01 10:14:00,CJJD,2.940000057220459,2.940000057220459,2.940000057220459,2.940000057220459,2.940000057220459,474.0
2024-03-01 10:14:00,CKPT,2.1600000858306885,2.1600000858306885,2.1600000858306885,2.1600000858306885,2.1600000858306885,0.0
2024-03-01 10:14:00,CLDX,51.125,51.125,51.125,50.95000076293945,51.060001373291016,1387.0
2024-03-01 10:14:00,CLLS,2.5634000301361084,2.5634000301361084,2.5634000301361084,2.5634000301361084,2.5634000301361084,926.0
2024-03-01 10:14:00,CLNN,0.39489999413490295,0.39489999413490295,0.39500001072883606,0.39489999413490295,0.39500001072883606,2500.0
2024-03-01 10:14:00,CLOV,0.8672000169754028,0.8672000169754028,0.8672000169754028,0.864799976348877,0.864799976348877,2107.0
2024-03-01 10:14:00,CLPT,6.460000038146973,6.460000038146973,6.460000038146973,6.460000038146973,6.460000038146973,300.0
2024-03-01 10:14:00,CLRB,4.0,4.0,4.0,3.9800000190734863,3.990000009536743,891.0
2024-03-01 10:14:00,CMPS,10.604999542236328,10.604999542236328,10.604999542236328,10.604999542236328,10.604999542236328,312.0
2024-03-01 10:14:00,CMRX,1.1349999904632568,1.1349999904632568,1.1399999856948853,1.1349999904632568,1.1399999856948853,3200.0
2024-03-01 10:14:00,CNSP,0.2930000126361847,0.2930000126361847,0.2930000126361847,0.2888999879360199,0.289000004529953,6267.0
2024-03-01 10:14:00,CNTA,10.539999961853027,10.539999961853027,10.539999961853027,10.539999961853027,10.539999961853027,105.0
2024-03-01 10:14:00,COGT,7.289999961853027,7.289999961853027,7.289999961853027,7.289999961853027,7.289999961853027,1036.0
2024-03-01 10:14:00,CORT,23.780000686645508,23.780000686645508,23.780000686645508,23.770000457763672,23.770000457763672,1262.0
2024-03-01 10:14:00,CPRX,16.729999542236328,16.729999542236328,16.760000228881836,16.729999542236328,16.75,5552.0
2024-03-01 10:14:00,CPSI,9.447500228881836,9.447500228881836,9.447500228881836,9.4399995803833,9.4399995803833,666.0
2024-03-01 10:14:00,CRBU,8.069899559020996,8.069899559020996,8.074999809265137,8.069899559020996,8.074999809265137,1633.0
2024-03-01 10:14:00,CRDF,2.4899001121520996,2.4899001121520996,2.5299999713897705,2.4600000381469727,2.4649999141693115,75317.0
2024-03-01 10:14:00,CRMD,3.6301000118255615,3.6301000118255615,3.6301000118255615,3.6301000118255615,3.6301000118255615,1001.0
2024-03-01 10:14:00,CRNX,44.79999923706055,44.79999923706055,44.79999923706055,44.79999923706055,44.79999923706055,292.0
2024-03-01 10:14:00,CRSP,86.5199966430664,86.5199966430664,86.61000061035156,86.09249877929688,86.1500015258789,11553.0
2024-03-01 10:14:00,CSTL,19.610000610351562,19.610000610351562,19.610000610351562,19.600000381469727,19.600000381469727,524.0
2024-03-01 10:14:00,CTKB,7.900000095367432,7.900000095367432,7.920000076293945,7.889999866485596,7.920000076293945,1764.0
2024-03-01 10:14:00,CTMX,2.4800000190734863,2.4800000190734863,2.4800000190734863,2.4600000381469727,2.4600000381469727,3149.0
2024-03-01 10:14:00,CUE,2.0999999046325684,2.0999999046325684,2.0999999046325684,2.0999999046325684,2.0999999046325684,373.0
2024-03-01 10:14:00,CUTR,2.319999933242798,2.319999933242798,2.319999933242798,2.319999933242798,2.319999933242798,1758.0
2024-03-01 10:14:00,CVAC,3.440000057220459,3.440000057220459,3.440000057220459,3.440000057220459,3.440000057220459,2224.0
2024-03-01 10:14:00,CYTK,74.9000015258789,74.9000015258789,74.9000015258789,74.80500030517578,74.83000183105469,2481.0
2024-03-01 10:14:00,CYTO,1.9496999979019165,1.9496999979019165,1.9496999979019165,1.9496999979019165,1.9496999979019165,403.0
2024-03-01 10:14:00,DCGO,4.039999961853027,4.039999961853027,4.050000190734863,4.034999847412109,4.050000190734863,7903.0
2024-03-01 10:14:00,DCPH,16.950000762939453,16.950000762939453,17.0,16.950000762939453,17.0,1143.0
2024-03-01 10:14:00,DH,9.079999923706055,9.079999923706055,9.100000381469727,9.079999923706055,9.100000381469727,321.0
2024-03-01 10:14:00,DMTK,0.8823000192642212,0.8823000192642212,0.8848000168800354,0.8700000047683716,0.8848000168800354,1761.0
2024-03-01 10:14:00,DNLI,20.575000762939453,20.575000762939453,20.6299991607666,20.56999969482422,20.6299991607666,2034.0
2024-03-01 10:14:00,DTIL,13.25,13.25,13.260000228881836,13.199999809265137,13.25,4576.0
2024-03-01 10:14:00,DVAX,12.725000381469727,12.725000381469727,12.725000381469727,12.720000267028809,12.720000267028809,1107.0
2024-03-01 10:14:00,DXCM,117.09500122070312,117.09500122070312,117.0999984741211,116.88999938964844,116.93000030517578,6158.0
2024-03-01 10:14:00,DYN,29.979999542236328,29.979999542236328,30.059999465942383,29.979999542236328,30.059999465942383,876.0
2024-03-01 10:14:00,EDIT,10.697600364685059,10.697600364685059,10.699999809265137,10.649999618530273,10.659899711608887,14421.0
2024-03-01 10:14:00,EFTR,14.54990005493164,14.54990005493164,14.54990005493164,14.54990005493164,14.54990005493164,201.0
2024-03-01 10:14:00,EGRX,6.210000038146973,6.210000038146973,6.210000038146973,6.210000038146973,6.210000038146973,502.0
2024-03-01 10:14:00,ELEV,4.744999885559082,4.744999885559082,4.744999885559082,4.699999809265137,4.699999809265137,1904.0
2024-03-01 10:14:00,ENTA,14.630000114440918,14.630000114440918,14.6850004196167,14.630000114440918,14.6850004196167,255.0
2024-03-01 10:14:00,ENVB,1.7799999713897705,1.7799999713897705,1.7800999879837036,1.7699999809265137,1.7799999713897705,24517.0
2024-03-01 10:14:00,EOLS,14.835000038146973,14.835000038146973,14.850000381469727,14.835000038146973,14.835000038146973,1292.0
2024-03-01 10:14:00,ERAS,2.430000066757202,2.430000066757202,2.434999942779541,2.4200000762939453,2.434999942779541,1268.0
2024-03-01 10:14:00,ESPR,2.505000114440918,2.505000114440918,2.509999990463257,2.5,2.505000114440918,3242.0
2024-03-01 10:14:00,ESTA,45.29999923706055,45.29999923706055,45.29999923706055,45.29999923706055,45.29999923706055,171.0
2024-03-01 10:14:00,ETNB,12.789999961853027,12.789999961853027,12.789999961853027,12.760000228881836,12.776000022888184,853.0
2024-03-01 10:14:00,EVO,7.380000114440918,7.380000114440918,7.380000114440918,7.380000114440918,7.380000114440918,0.0
2024-03-01 10:14:00,EWTX,16.610000610351562,16.610000610351562,16.6200008392334,16.584999084472656,16.59000015258789,1494.0
2024-03-01 10:14:00,EXAI,6.699999809265137,6.699999809265137,6.710000038146973,6.699999809265137,6.710000038146973,522.0
2024-03-01 10:14:00,EXAS,58.970001220703125,58.970001220703125,59.0,58.79999923706055,58.79999923706055,4400.0
2024-03-01 10:14:00,EXEL,22.360000610351562,22.360000610351562,22.364999771118164,22.360000610351562,22.364999771118164,1650.0
2024-03-01 10:14:00,EYEN,2.099900007247925,2.099900007247925,2.099900007247925,2.099900007247925,2.099900007247925,0.0
2024-03-01 10:14:00,EYPT,28.440000534057617,28.440000534057617,28.5,28.364999771118164,28.5,6469.0
2024-03-01 10:14:00,FATE,7.46999979019165,7.46999979019165,7.494999885559082,7.46999979019165,7.494999885559082,1485.0
2024-03-01 10:14:00,FDMT,29.440000534057617,29.440000534057617,29.440000534057617,29.440000534057617,29.440000534057617,190.0
2024-03-01 10:14:00,FEMY,1.7380000352859497,1.7380000352859497,1.7380000352859497,1.7380000352859497,1.7380000352859497,0.0
2024-03-01 10:14:00,FGEN,1.7200000286102295,1.7200000286102295,1.7350000143051147,1.7200000286102295,1.7350000143051147,10276.0
2024-03-01 10:14:00,FHTX,8.25,8.25,8.25,8.25,8.25,313.0
2024-03-01 10:14:00,FIXX,0.9399999976158142,0.9399999976158142,0.9399999976158142,0.9399999976158142,0.9399999976158142,1200.0
2024-03-01 10:14:00,FOLD,13.385000228881836,13.385000228881836,13.390000343322754,13.385000228881836,13.390000343322754,1219.0
2024-03-01 10:14:00,FULC,10.520000457763672,10.520000457763672,10.600000381469727,10.520000457763672,10.600000381469727,2278.0
2024-03-01 10:14:00,FUSN,12.300000190734863,12.300000190734863,12.300000190734863,12.225000381469727,12.25,2367.0
2024-03-01 10:14:00,GALT,2.0,2.0,2.005000114440918,2.0,2.005000114440918,1510.0
2024-03-01 10:14:00,GDRX,8.430000305175781,8.430000305175781,8.430000305175781,8.399999618530273,8.419899940490723,9414.0
2024-03-01 10:14:00,GERN,2.0950000286102295,2.0950000286102295,2.0999999046325684,2.0908000469207764,2.0950000286102295,3647.0
2024-03-01 10:14:00,GH,19.040000915527344,19.040000915527344,19.049999237060547,19.020000457763672,19.040000915527344,1978.0
2024-03-01 10:14:00,GHSI,8.329999923706055,8.329999923706055,8.369999885559082,8.329999923706055,8.369999885559082,202.0
2024-03-01 10:14:00,GILD,72.41999816894531,72.41999816894531,72.41999816894531,72.36499786376953,72.36499786376953,3807.0
2024-03-01 10:14:00,GLMD,0.40639999508857727,0.40639999508857727,0.40639999508857727,0.40639999508857727,0.40639999508857727,267.0
2024-03-01 10:14:00,GMAB,28.75,28.75,28.75,28.75,28.75,708.0
2024-03-01 10:14:00,GMDA,0.37560001015663147,0.37560001015663147,0.37560001015663147,0.37560001015663147,0.37560001015663147,300.0
2024-03-01 10:14:00,GOSS,1.3450000286102295,1.3450000286102295,1.350000023841858,1.3450000286102295,1.3450000286102295,3761.0
2024-03-01 10:14:00,GRFS,6.835000038146973,6.835000038146973,6.835000038146973,6.795000076293945,6.795000076293945,4279.0
2024-03-01 10:14:00,GRTS,2.01990008354187,2.01990008354187,2.01990008354187,2.009999990463257,2.015000104904175,4685.0
2024-03-01 10:14:00,GTHX,3.4049999713897705,3.4049999713897705,3.43149995803833,3.4049999713897705,3.43149995803833,5637.0
2024-03-01 10:14:00,HALO,40.834999084472656,40.834999084472656,40.875,40.83000183105469,40.875,1389.0
2024-03-01 10:14:00,HARP,22.9424991607666,22.9424991607666,22.950000762939453,22.9424991607666,22.950000762939453,990.0
2024-03-01 10:14:00,HCAT,8.024999618530273,8.024999618530273,8.024999618530273,8.010000228881836,8.010000228881836,200.0
2024-03-01 10:14:00,HCTI,2.3464999198913574,2.3464999198913574,2.3464999198913574,2.319999933242798,2.319999933242798,1351.0
2024-03-01 10:14:00,HLVX,18.719999313354492,18.719999313354492,18.719999313354492,18.69499969482422,18.69499969482422,1053.0
2024-03-01 10:14:00,HOLX,73.6449966430664,73.6449966430664,73.6449966430664,73.6449966430664,73.6449966430664,222.0
2024-03-01 10:14:00,HOOK,0.7799999713897705,0.7799999713897705,0.7799999713897705,0.7799999713897705,0.7799999713897705,228.0
2024-03-01 10:14:00,HPCO,0.2549999952316284,0.2549999952316284,0.2549999952316284,0.2549999952316284,0.2549999952316284,2600.0
2024-03-01 10:14:00,HQY,82.30500030517578,82.30500030517578,82.30500030517578,82.30500030517578,82.30500030517578,329.0
2024-03-01 10:14:00,HRMY,31.354999542236328,31.354999542236328,31.5,31.354999542236328,31.40999984741211,1113.0
2024-03-01 10:14:00,HROW,10.75,10.75,10.75,10.6899995803833,10.6899995803833,1338.0
2024-03-01 10:14:00,HRTX,2.5999999046325684,2.5999999046325684,2.609999895095825,2.5999999046325684,2.609999895095825,1184.0
2024-03-01 10:14:00,HSIC,77.30999755859375,77.30999755859375,77.30999755859375,77.19999694824219,77.19999694824219,532.0
2024-03-01 10:14:00,HUMA,3.194999933242798,3.194999933242798,3.200000047683716,3.1800999641418457,3.184999942779541,23301.0
2024-03-01 10:14:00,IART,36.56999969482422,36.56999969482422,36.619998931884766,36.54899978637695,36.54899978637695,1244.0
2024-03-01 10:14:00,IBRX,4.8491997718811035,4.8491997718811035,4.849899768829346,4.835000038146973,4.849899768829346,3045.0
2024-03-01 10:14:00,ICLR,324.1549987792969,324.1549987792969,324.3999938964844,324.114990234375,324.3999938964844,934.0
2024-03-01 10:14:00,ICUI,105.13999938964844,105.13999938964844,105.13999938964844,105.13999938964844,105.13999938964844,417.0
2024-03-01 10:14:00,IDXX,570.6599731445312,570.6599731445312,571.0150146484375,570.6599731445312,571.0050048828125,576.0
2024-03-01 10:14:00,IDYA,46.029998779296875,46.029998779296875,46.029998779296875,46.0,46.0,240.0
2024-03-01 10:14:00,IFRX,1.7999999523162842,1.7999999523162842,1.8200000524520874,1.7990000247955322,1.7990000247955322,9289.0
2024-03-01 10:14:00,IKNA,1.4500000476837158,1.4500000476837158,1.4500000476837158,1.4500000476837158,1.4500000476837158,200.0
2024-03-01 10:14:00,ILMN,137.9499969482422,137.9499969482422,138.03500366210938,137.77999877929688,137.97000122070312,812.0
2024-03-01 10:14:00,IMAB,1.8598999977111816,1.8598999977111816,1.8598999977111816,1.8550000190734863,1.8550000190734863,2600.0
2024-03-01 10:14:00,IMCR,68.7300033569336,68.7300033569336,68.75,68.7300033569336,68.75,816.0
2024-03-01 10:14:00,IMMX,3.5250000953674316,3.5250000953674316,3.5250000953674316,3.5250000953674316,3.5250000953674316,503.0
2024-03-01 10:14:00,IMNM,25.15999984741211,25.15999984741211,25.15999984741211,25.15999984741211,25.15999984741211,101.0
2024-03-01 10:14:00,IMTX,12.920000076293945,12.920000076293945,12.920000076293945,12.920000076293945,12.920000076293945,0.0
2024-03-01 10:14:00,IMUX,1.51010000705719,1.51010000705719,1.5149999856948853,1.5099999904632568,1.5149999856948853,4054.0
2024-03-01 10:14:00,IMVT,36.81999969482422,36.81999969482422,36.81999969482422,36.81999969482422,36.81999969482422,200.0
2024-03-01 10:14:00,INBX,36.994998931884766,36.994998931884766,36.994998931884766,36.994998931884766,36.994998931884766,227.0
2024-03-01 10:14:00,INCY,58.40999984741211,58.40999984741211,58.52000045776367,58.40999984741211,58.459999084472656,3211.0
2024-03-01 10:14:00,INGN,6.829999923706055,6.829999923706055,6.829999923706055,6.829999923706055,6.829999923706055,8076.0
2024-03-01 10:14:00,INMD,22.395000457763672,22.395000457763672,22.440000534057617,22.389999389648438,22.440000534057617,2508.0
2024-03-01 10:14:00,INSM,28.15999984741211,28.15999984741211,28.174999237060547,28.15999984741211,28.170000076293945,851.0
2024-03-01 10:14:00,INVA,15.220000267028809,15.220000267028809,15.234999656677246,15.21500015258789,15.21500015258789,3238.0
2024-03-01 10:14:00,INZY,6.425000190734863,6.425000190734863,6.440000057220459,6.409999847412109,6.409999847412109,2990.0
2024-03-01 10:14:00,IONS,45.644100189208984,45.644100189208984,45.644100189208984,45.644100189208984,45.644100189208984,245.0
2024-03-01 10:14:00,IOVA,16.87459945678711,16.87459945678711,16.875,16.83009910583496,16.864999771118164,16697.0
2024-03-01 10:14:00,IPSC,3.7149999141693115,3.7149999141693115,3.75,3.7149999141693115,3.72189998626709,510.0
2024-03-01 10:14:00,IRWD,8.880000114440918,8.880000114440918,8.90999984741211,8.880000114440918,8.899999618530273,7374.0
2024-03-01 10:14:00,ISRG,388.3999938964844,388.3999938964844,388.3999938964844,387.6099853515625,387.6099853515625,5470.0
2024-03-01 10:14:00,ITCI,71.44999694824219,71.44999694824219,71.45500183105469,71.44499969482422,71.45500183105469,1033.0
2024-03-01 10:14:00,ITRM,1.249899983406067,1.249899983406067,1.249899983406067,1.249899983406067,1.249899983406067,0.0
2024-03-01 10:14:00,JAGX,0.08190000057220459,0.08190000057220459,0.08340000361204147,0.07769999653100967,0.08340000361204147,1771485.0
2024-03-01 10:14:00,JANX,47.0,47.0,47.59000015258789,47.0,47.41999816894531,2331.0
2024-03-01 10:14:00,JAZZ,120.3499984741211,120.3499984741211,120.3499984741211,120.0199966430664,120.15499877929688,5729.0
2024-03-01 10:14:00,KIDS,26.985000610351562,26.985000610351562,26.985000610351562,26.985000610351562,26.985000610351562,361.0
2024-03-01 10:14:00,KNSA,21.81999969482422,21.81999969482422,21.81999969482422,21.809999465942383,21.809999465942383,518.0
2024-03-01 10:14:00,KOD,5.929999828338623,5.929999828338623,5.954999923706055,5.922500133514404,5.949999809265137,3301.0
2024-03-01 10:14:00,KPTI,1.1699999570846558,1.1699999570846558,1.1749999523162842,1.1699999570846558,1.1749999523162842,2867.0
2024-03-01 10:14:00,KROS,69.06999969482422,69.06999969482422,69.06999969482422,69.06729888916016,69.06729888916016,434.0
2024-03-01 10:14:00,KRTX,316.2550048828125,316.2550048828125,316.2550048828125,316.1099853515625,316.1099853515625,698.0
2024-03-01 10:14:00,KTRA,0.1006999984383583,0.1006999984383583,0.1006999984383583,0.1005999967455864,0.1005999967455864,2932.0
2024-03-01 10:14:00,KURA,21.2549991607666,21.2549991607666,21.260000228881836,21.239999771118164,21.239999771118164,3686.0
2024-03-01 10:14:00,KZIA,0.24490000307559967,0.24490000307559967,0.24799999594688416,0.24130000174045563,0.24799999594688416,6544.0
2024-03-01 10:14:00,KZR,1.097599983215332,1.097599983215332,1.097599983215332,1.097599983215332,1.097599983215332,107.0
2024-03-01 10:14:00,LAB,2.2950000762939453,2.2950000762939453,2.299999952316284,2.2950000762939453,2.299999952316284,642.0
2024-03-01 10:14:00,LBPH,21.739900588989258,21.739900588989258,21.739900588989258,21.639999389648438,21.725000381469727,2146.0
2024-03-01 10:14:00,LEGN,65.83999633789062,65.83999633789062,65.83999633789062,65.75,65.75,721.0
2024-03-01 10:14:00,LEXX,2.5179998874664307,2.5179998874664307,2.5899999141693115,2.5179998874664307,2.5899999141693115,4800.0
2024-03-01 10:14:00,LFST,8.024999618530273,8.024999618530273,8.0600004196167,8.024999618530273,8.0600004196167,3955.0
2024-03-01 10:14:00,LIVN,54.70000076293945,54.70000076293945,54.70000076293945,54.654998779296875,54.654998779296875,202.0
2024-03-01 10:14:00,LMAT,68.33000183105469,68.33000183105469,68.33000183105469,68.33000183105469,68.33000183105469,202.0
2024-03-01 10:14:00,LNTH,65.61000061035156,65.61000061035156,65.61000061035156,65.61000061035156,65.61000061035156,101.0
2024-03-01 10:14:00,LQDA,14.319999694824219,14.319999694824219,14.319999694824219,14.319999694824219,14.319999694824219,784.0
2024-03-01 10:14:00,LRMR,11.3100004196167,11.3100004196167,11.3100004196167,11.3100004196167,11.3100004196167,78.0
2024-03-01 10:14:00,LTRN,4.659999847412109,4.659999847412109,4.690000057220459,4.659999847412109,4.690000057220459,434.0
2024-03-01 10:14:00,LUNG,9.023699760437012,9.023699760437012,9.023699760437012,9.0,9.0,1442.0
2024-03-01 10:14:00,LXRX,2.469899892807007,2.469899892807007,2.469899892807007,2.4607999324798584,2.4607999324798584,1391.0
2024-03-01 10:14:00,LYEL,3.0450000762939453,3.0450000762939453,3.055000066757202,3.041100025177002,3.055000066757202,8097.0
2024-03-01 10:14:00,MACK,14.720000267028809,14.720000267028809,14.720000267028809,14.720000267028809,14.720000267028809,170.0
2024-03-01 10:14:00,MASI,126.34500122070312,126.34500122070312,126.37000274658203,126.34500122070312,126.37000274658203,300.0
2024-03-01 10:14:00,MASS,7.025000095367432,7.025000095367432,7.03000020980835,7.0096001625061035,7.0096001625061035,1452.0
2024-03-01 10:14:00,MDGL,244.02999877929688,244.02999877929688,244.02999877929688,243.62669372558594,243.62669372558594,286.0
2024-03-01 10:14:00,MDRX,5.900000095367432,5.900000095367432,5.989999771118164,5.900000095367432,5.989999771118164,9033.0
2024-03-01 10:14:00,MDXG,8.515000343322754,8.515000343322754,8.515000343322754,8.515000343322754,8.515000343322754,200.0
2024-03-01 10:14:00,ME,0.5663999915122986,0.5663999915122986,0.5683000087738037,0.565500020980835,0.5683000087738037,2709.0
2024-03-01 10:14:00,MEDP,399.79998779296875,399.79998779296875,401.0150146484375,399.79998779296875,400.489990234375,3602.0
2024-03-01 10:14:00,MGNX,18.8700008392334,18.8700008392334,18.979999542236328,18.860000610351562,18.979999542236328,2327.0
2024-03-01 10:14:00,MIRM,29.030000686645508,29.030000686645508,29.030000686645508,29.030000686645508,29.030000686645508,200.0
2024-03-01 10:14:00,MLTX,52.25,52.25,52.27000045776367,52.25,52.27000045776367,1339.0
2024-03-01 10:14:00,MMSI,76.02999877929688,76.02999877929688,76.02999877929688,75.75,75.75,1651.0
2024-03-01 10:14:00,MNKD,4.454999923706055,4.454999923706055,4.459799766540527,4.454999923706055,4.459799766540527,4145.0
2024-03-01 10:14:00,MNMD,5.809999942779541,5.809999942779541,5.829999923706055,5.809999942779541,5.819900035858154,3522.0
2024-03-01 10:14:00,MOR,17.639999389648438,17.639999389648438,17.639999389648438,17.639999389648438,17.639999389648438,1057.0
2024-03-01 10:14:00,MREO,3.8698999881744385,3.8698999881744385,3.8698999881744385,3.8698999881744385,3.8698999881744385,297.0
2024-03-01 10:14:00,MRNA,94.1500015258789,94.1500015258789,94.21029663085938,94.01010131835938,94.0999984741211,12687.0
2024-03-01 10:14:00,MRSN,6.079999923706055,6.079999923706055,6.099999904632568,6.039999961853027,6.072000026702881,7700.0
2024-03-01 10:14:00,MRUS,49.46500015258789,49.46500015258789,49.560001373291016,49.46500015258789,49.560001373291016,1016.0
2024-03-01 10:14:00,MRVI,7.724999904632568,7.724999904632568,7.724999904632568,7.704999923706055,7.704999923706055,703.0
2024-03-01 10:14:00,MXCT,4.715000152587891,4.715000152587891,4.715000152587891,4.690000057220459,4.690000057220459,1542.0
2024-03-01 10:14:00,MYGN,20.899999618530273,20.899999618530273,20.899999618530273,20.84000015258789,20.850000381469727,1128.0
2024-03-01 10:14:00,MYNZ,0.8824999928474426,0.8824999928474426,0.8824999928474426,0.8824999928474426,0.8824999928474426,0.0
2024-03-01 10:14:00,NARI,45.029998779296875,45.029998779296875,45.130001068115234,45.029998779296875,45.130001068115234,1634.0
2024-03-01 10:14:00,NAUT,2.765000104904175,2.765000104904175,2.765000104904175,2.765000104904175,2.765000104904175,200.0
2024-03-01 10:14:00,NBIX,130.67999267578125,130.67999267578125,130.67999267578125,130.67999267578125,130.67999267578125,200.0
2024-03-01 10:14:00,NCNA,0.3199999928474426,0.3199999928474426,0.3199999928474426,0.3199000060558319,0.3199000060558319,1032.0
2024-03-01 10:14:00,NEO,15.800000190734863,15.800000190734863,15.800000190734863,15.774999618530273,15.774999618530273,573.0
2024-03-01 10:14:00,NEOG,16.8799991607666,16.8799991607666,16.8799991607666,16.864999771118164,16.875,3644.0
2024-03-01 10:14:00,NEPT,0.4397999942302704,0.4397999942302704,0.4397999942302704,0.4397999942302704,0.4397999942302704,4296.0
2024-03-01 10:14:00,NERV,2.5399999618530273,2.5399999618530273,2.5399999618530273,2.4100000858306885,2.4600000381469727,287983.0
2024-03-01 10:14:00,NGM,1.5299999713897705,1.5299999713897705,1.5299999713897705,1.5299999713897705,1.5299999713897705,1027.0
2024-03-01 10:14:00,NKTR,0.7233999967575073,0.7233999967575073,0.7289999723434448,0.7233999967575073,0.7289999723434448,1350.0
2024-03-01 10:14:00,NKTX,12.289999961853027,12.289999961853027,12.289999961853027,12.25,12.25,1294.0
2024-03-01 10:14:00,NNOX,11.15999984741211,11.15999984741211,11.194999694824219,11.15999984741211,11.194999694824219,7427.0
2024-03-01 10:14:00,NOTV,7.443299770355225,7.443299770355225,7.443299770355225,7.434999942779541,7.434999942779541,674.0
2024-03-01 10:14:00,NPCE,16.43000030517578,16.43000030517578,16.43000030517578,16.43000030517578,16.43000030517578,840.0
2024-03-01 10:14:00,NRBO,5.894800186157227,5.894800186157227,5.894999980926514,5.840000152587891,5.894999980926514,3040.0
2024-03-01 10:14:00,NRIX,12.869999885559082,12.869999885559082,12.869999885559082,12.850000381469727,12.850000381469727,2012.0
2024-03-01 10:14:00,NRXP,0.4399999976158142,0.4399999976158142,0.4399999976158142,0.41499999165534973,0.4350000023841858,62569.0
2024-03-01 10:14:00,NTLA,33.48500061035156,33.48500061035156,33.529998779296875,33.47999954223633,33.507999420166016,844.0
2024-03-01 10:14:00,NTRA,89.1500015258789,89.1500015258789,89.393798828125,89.1500015258789,89.30999755859375,6429.0
2024-03-01 10:14:00,NUVL,88.16500091552734,88.16500091552734,88.30000305175781,88.16500091552734,88.30000305175781,451.0
2024-03-01 10:14:00,NUWE,0.5699999928474426,0.5699999928474426,0.5699999928474426,0.5699999928474426,0.5699999928474426,5034.0
2024-03-01 10:14:00,NVAX,4.951099872589111,4.951099872589111,4.985000133514404,4.929999828338623,4.980000019073486,20226.0
2024-03-01 10:14:00,NVCR,15.279999732971191,15.279999732971191,15.319999694824219,15.279999732971191,15.3100004196167,2240.0
2024-03-01 10:14:00,NVCT,10.444999694824219,10.444999694824219,10.444999694824219,10.444999694824219,10.444999694824219,493.0
2024-03-01 10:14:00,NXTC,1.690000057220459,1.690000057220459,1.690000057220459,1.690000057220459,1.690000057220459,100.0
2024-03-01 10:14:00,OCGN,0.921999990940094,0.921999990940094,0.9246000051498413,0.921999990940094,0.9244999885559082,17621.0
2024-03-01 10:14:00,OCUL,10.279999732971191,10.279999732971191,10.300000190734863,10.279999732971191,10.300000190734863,2685.0
2024-03-01 10:14:00,OKYO,1.440000057220459,1.440000057220459,1.440000057220459,1.3899999856948853,1.4199999570846558,319.0
2024-03-01 10:14:00,OLK,22.53499984741211,22.53499984741211,22.53499984741211,22.53499984741211,22.53499984741211,356.0
2024-03-01 10:14:00,OMER,4.710100173950195,4.710100173950195,4.710100173950195,4.710100173950195,4.710100173950195,1215.0
2024-03-01 10:14:00,OMIC,0.6000000238418579,0.6000000238418579,0.6000000238418579,0.6000000238418579,0.6000000238418579,145.0
2024-03-01 10:14:00,ONCY,1.0850000381469727,1.0850000381469727,1.0850000381469727,1.0850000381469727,1.0850000381469727,134.0
2024-03-01 10:15:00,ABCL,5.110000133514404,5.110000133514404,5.110000133514404,5.101200103759766,5.101200103759766,5040.0
2024-03-01 10:15:00,ABEO,7.696499824523926,7.696499824523926,7.696499824523926,7.654200077056885,7.670000076293945,770.0
2024-03-01 10:15:00,ABOS,4.679999828338623,4.679999828338623,4.679999828338623,4.659999847412109,4.659999847412109,2702.0
2024-03-01 10:15:00,ABSI,5.139999866485596,5.139999866485596,5.139999866485596,5.119999885559082,5.130000114440918,3321.0
2024-03-01 10:15:00,ABUS,2.7799999713897705,2.7799999713897705,2.7799999713897705,2.7799999713897705,2.7799999713897705,1011.0
2024-03-01 10:15:00,ACAD,23.690000534057617,23.690000534057617,23.729999542236328,23.670000076293945,23.729999542236328,3450.0
2024-03-01 10:15:00,ACB,3.0197999477386475,3.0197999477386475,3.0197999477386475,3.005000114440918,3.005000114440918,6542.0
2024-03-01 10:15:00,ACCD,10.25,10.25,10.25,10.25,10.25,314.0
2024-03-01 10:15:00,ACET,2.315000057220459,2.315000057220459,2.319999933242798,2.315000057220459,2.319999933242798,7261.0
2024-03-01 10:15:00,ACHL,1.3700000047683716,1.3700000047683716,1.3700000047683716,1.3700000047683716,1.3700000047683716,204.0
2024-03-01 10:15:00,ACHV,3.9600000381469727,3.9600000381469727,3.9600000381469727,3.9600000381469727,3.9600000381469727,187.0
2024-03-01 10:15:00,ACLX,69.7699966430664,69.7699966430664,69.80000305175781,69.7699966430664,69.80000305175781,834.0
2024-03-01 10:15:00,ACON,0.38749998807907104,0.38749998807907104,0.38749998807907104,0.38749998807907104,0.38749998807907104,0.0
2024-03-01 10:15:00,ACRS,1.2400000095367432,1.2400000095367432,1.2400000095367432,1.2350000143051147,1.2350000143051147,2905.0
2024-03-01 10:15:00,ACXP,2.860100030899048,2.860100030899048,2.860100030899048,2.860100030899048,2.860100030899048,300.0
2024-03-01 10:15:00,ADAP,1.5729000568389893,1.5729000568389893,1.5729000568389893,1.5729000568389893,1.5729000568389893,6000.0
2024-03-01 10:15:00,ADIL,3.25,3.25,3.380000114440918,3.2200000286102295,3.309999942779541,238146.0
2024-03-01 10:15:00,ADMA,5.360099792480469,5.360099792480469,5.360099792480469,5.34499979019165,5.34499979019165,4503.0
2024-03-01 10:15:00,ADPT,4.09499979019165,4.09499979019165,4.099999904632568,4.092299938201904,4.092299938201904,851.0
2024-03-01 10:15:00,ADVM,1.9700000286102295,1.9700000286102295,1.9700000286102295,1.9700000286102295,1.9700000286102295,2629.0
2024-03-01 10:15:00,AFIB,0.2070000022649765,0.2070000022649765,0.2070000022649765,0.2070000022649765,0.2070000022649765,0.0
2024-03-01 10:15:00,AFMD,0.6150000095367432,0.6150000095367432,0.6150000095367432,0.6150000095367432,0.6150000095367432,2175.0
2024-03-01 10:15:00,AGEN,0.6700999736785889,0.6700999736785889,0.6700999736785889,0.6700000166893005,0.6700999736785889,3225.0
2024-03-01 10:15:00,AGIO,32.54999923706055,32.54999923706055,32.54999923706055,32.54999923706055,32.54999923706055,583.0
2024-03-01 10:15:00,AHCO,10.5600004196167,10.5600004196167,10.5600004196167,10.529999732971191,10.529999732971191,1036.0
2024-03-01 10:15:00,AIRS,6.5,6.5,6.5,6.479800224304199,6.480000019073486,449.0
2024-03-01 10:15:00,AKBA,1.6399999856948853,1.6399999856948853,1.6399999856948853,1.6399999856948853,1.6399999856948853,200.0
2024-03-01 10:15:00,AKLI,0.34290000796318054,0.34290000796318054,0.34290000796318054,0.34290000796318054,0.34290000796318054,167.0
2024-03-01 10:15:00,AKRO,28.110000610351562,28.110000610351562,28.170000076293945,27.979999542236328,28.065000534057617,4720.0
2024-03-01 10:15:00,ALDX,4.090000152587891,4.090000152587891,4.090000152587891,4.079999923706055,4.081200122833252,2534.0
2024-03-01 10:15:00,ALEC,7.407299995422363,7.407299995422363,7.407299995422363,7.330100059509277,7.330100059509277,2005.0
2024-03-01 10:15:00,ALGN,298.55999755859375,298.55999755859375,298.9599914550781,298.4649963378906,298.4649963378906,1180.0
2024-03-01 10:15:00,ALHC,5.920000076293945,5.920000076293945,5.920000076293945,5.920000076293945,5.920000076293945,1402.0
2024-03-01 10:15:00,ALKS,30.020000457763672,30.020000457763672,30.020000457763672,29.969999313354492,29.969999313354492,980.0
2024-03-01 10:15:00,ALLK,1.5750000476837158,1.5750000476837158,1.5750000476837158,1.5750000476837158,1.5750000476837158,205.0
2024-03-01 10:15:00,ALLO,5.005000114440918,5.005000114440918,5.005000114440918,5.0,5.0,1590.0
2024-03-01 10:15:00,ALNY,152.25999450683594,152.25999450683594,152.4261932373047,152.08999633789062,152.11000061035156,3054.0
2024-03-01 10:15:00,ALPN,36.15999984741211,36.15999984741211,36.15999984741211,36.130001068115234,36.130001068115234,803.0
2024-03-01 10:15:00,ALRN,5.089900016784668,5.089900016784668,5.090000152587891,5.019999980926514,5.019999980926514,1170.0
2024-03-01 10:15:00,ALT,12.279999732971191,12.279999732971191,12.279999732971191,12.199999809265137,12.220000267028809,16891.0
2024-03-01 10:15:00,ALVO,15.675000190734863,15.675000190734863,15.675000190734863,15.675000190734863,15.675000190734863,100.0
2024-03-01 10:15:00,ALVR,0.7402999997138977,0.7402999997138977,0.7402999997138977,0.7402999997138977,0.7402999997138977,200.0
2024-03-01 10:15:00,AMGN,279.2699890136719,279.2699890136719,279.30499267578125,278.8450012207031,278.9700012207031,4097.0
2024-03-01 10:15:00,AMLX,18.81999969482422,18.81999969482422,18.829999923706055,18.809999465942383,18.809999465942383,1431.0
2024-03-01 10:15:00,AMPH,46.11000061035156,46.11000061035156,46.11000061035156,46.11000061035156,46.11000061035156,967.0
2024-03-01 10:15:00,AMRN,1.024999976158142,1.024999976158142,1.0299999713897705,1.0199999809265137,1.0199999809265137,25957.0
2024-03-01 10:15:00,ANAB,25.514999389648438,25.514999389648438,25.514999389648438,25.514999389648438,25.514999389648438,108.0
2024-03-01 10:15:00,ANGO,5.320000171661377,5.320000171661377,5.320000171661377,5.315000057220459,5.320000171661377,833.0
2024-03-01 10:15:00,ANTX,2.930000066757202,2.930000066757202,2.940000057220459,2.930000066757202,2.940000057220459,0.0
2024-03-01 10:15:00,APDN,0.5710999965667725,0.5710999965667725,0.5755000114440918,0.5710999965667725,0.5710999965667725,1831.0
2024-03-01 10:15:00,APLS,62.75,62.75,62.75,62.41999816894531,62.470001220703125,4345.0
2024-03-01 10:15:00,AQST,4.204999923706055,4.204999923706055,4.249800205230713,4.179999828338623,4.230000019073486,23323.0
2024-03-01 10:15:00,ARCT,40.34000015258789,40.34000015258789,40.34000015258789,40.29499816894531,40.34000015258789,838.0
2024-03-01 10:15:00,ARDX,9.71500015258789,9.71500015258789,9.71500015258789,9.6899995803833,9.6899995803833,6582.0
2024-03-01 10:15:00,ARQT,10.770000457763672,10.770000457763672,10.78499984741211,10.620100021362305,10.78499984741211,16949.0
2024-03-01 10:15:00,ARVN,50.6349983215332,50.6349983215332,50.6349983215332,50.4900016784668,50.4900016784668,1893.0
2024-03-01 10:15:00,ARWR,34.70000076293945,34.70000076293945,34.70000076293945,34.558799743652344,34.69670104980469,7592.0
2024-03-01 10:15:00,ASLN,0.8209999799728394,0.8209999799728394,0.8209999799728394,0.8209999799728394,0.8209999799728394,200.0
2024-03-01 10:15:00,ASND,148.3699951171875,148.3699951171875,148.3699951171875,148.3699951171875,148.3699951171875,330.0
2024-03-01 10:15:00,ASRT,0.9103999733924866,0.9103999733924866,0.9103999733924866,0.9103999733924866,0.9103999733924866,301.0
2024-03-01 10:15:00,ATEC,13.229999542236328,13.229999542236328,13.229999542236328,13.21500015258789,13.21500015258789,1454.0
2024-03-01 10:15:00,ATRA,0.8098999857902527,0.8098999857902527,0.8098999857902527,0.7990000247955322,0.8050000071525574,14384.0
2024-03-01 10:15:00,ATRC,35.36000061035156,35.36000061035156,35.36000061035156,35.220001220703125,35.220001220703125,1745.0
2024-03-01 10:15:00,ATXI,0.1527000069618225,0.1527000069618225,0.1527000069618225,0.1527000069618225,0.1527000069618225,636.0
2024-03-01 10:15:00,ATXS,14.6899995803833,14.6899995803833,14.6899995803833,14.619999885559082,14.619999885559082,1054.0
2024-03-01 10:15:00,AUGX,4.489999771118164,4.489999771118164,4.489999771118164,4.489999771118164,4.489999771118164,120.0
2024-03-01 10:15:00,AUPH,5.730000019073486,5.730000019073486,5.730000019073486,5.71999979019165,5.71999979019165,1138.0
2024-03-01 10:15:00,AVDL,12.75,12.75,12.755000114440918,12.729999542236328,12.755000114440918,163533.0
2024-03-01 10:15:00,AXGN,10.470000267028809,10.470000267028809,10.470000267028809,10.460000038146973,10.460000038146973,843.0
2024-03-01 10:15:00,AXNX,67.62000274658203,67.62000274658203,67.63999938964844,67.5999984741211,67.63999938964844,2921.0
2024-03-01 10:15:00,AXSM,83.19999694824219,83.19999694824219,83.19999694824219,83.19999694824219,83.19999694824219,477.0
2024-03-01 10:15:00,AZN,64.29000091552734,64.29000091552734,64.29000091552734,64.2300033569336,64.23999786376953,7531.0
2024-03-01 10:15:00,AZTA,65.8499984741211,65.8499984741211,65.8499984741211,65.80000305175781,65.80000305175781,210.0
2024-03-01 10:15:00,BBIO,35.98500061035156,35.98500061035156,35.98500061035156,35.869998931884766,35.869998931884766,1077.0
2024-03-01 10:15:00,BBLG,2.509999990463257,2.509999990463257,2.559999942779541,2.509999990463257,2.5399999618530273,873.0
2024-03-01 10:15:00,BCAB,2.7850000858306885,2.7850000858306885,2.7850000858306885,2.7850000858306885,2.7850000858306885,110.0
2024-03-01 10:15:00,BCLI,0.35510000586509705,0.35510000586509705,0.35510000586509705,0.35510000586509705,0.35510000586509705,300.0
2024-03-01 10:15:00,BCRX,5.695000171661377,5.695000171661377,5.695000171661377,5.670000076293945,5.670000076293945,3786.0
2024-03-01 10:15:00,BDTX,5.300000190734863,5.300000190734863,5.300000190734863,5.295000076293945,5.295000076293945,1500.0
2024-03-01 10:15:00,BEAM,40.78099822998047,40.78099822998047,40.78099822998047,40.36000061035156,40.39120101928711,8460.0
2024-03-01 10:15:00,BFRI,0.878000020980835,0.878000020980835,0.878000020980835,0.878000020980835,0.878000020980835,0.0
2024-03-01 10:15:00,BGNE,163.8300018310547,163.8300018310547,163.8300018310547,163.8300018310547,163.8300018310547,383.0
2024-03-01 10:15:00,BIIB,218.27000427246094,218.27000427246094,218.42999267578125,218.27000427246094,218.42999267578125,741.0
2024-03-01 10:15:00,BIMI,3.7799999713897705,3.7799999713897705,3.7799999713897705,3.7799999713897705,3.7799999713897705,179.0
2024-03-01 10:15:00,BIOL,0.13660000264644623,0.13660000264644623,0.13680000603199005,0.13650000095367432,0.13680000603199005,25000.0
2024-03-01 10:15:00,BIVI,2.759999990463257,2.759999990463257,2.819999933242798,2.75,2.759999990463257,182777.0
2024-03-01 10:15:00,BLFS,17.610000610351562,17.610000610351562,17.81999969482422,17.610000610351562,17.799999237060547,2402.0
2024-03-01 10:15:00,BLRX,1.399999976158142,1.399999976158142,1.399999976158142,1.399999976158142,1.399999976158142,1000.0
2024-03-01 10:15:00,BLUE,1.5855000019073486,1.5855000019073486,1.589400053024292,1.565000057220459,1.565000057220459,58583.0
2024-03-01 10:15:00,BMEA,17.81999969482422,17.81999969482422,17.81999969482422,17.81999969482422,17.81999969482422,56.0
2024-03-01 10:15:00,BMRN,86.12999725341797,86.12999725341797,86.16000366210938,86.0999984741211,86.0999984741211,555.0
2024-03-01 10:15:00,BNTC,5.004799842834473,5.004799842834473,5.004799842834473,5.004799842834473,5.004799842834473,621.0
2024-03-01 10:15:00,BNTX,90.3499984741211,90.3499984741211,90.43000030517578,90.27999877929688,90.37999725341797,5347.0
2024-03-01 10:15:00,BOLT,1.190000057220459,1.190000057220459,1.190000057220459,1.1770000457763672,1.1770000457763672,5100.0
2024-03-01 10:15:00,BPMC,97.44999694824219,97.44999694824219,97.44999694824219,97.2249984741211,97.2699966430664,1082.0
2024-03-01 10:15:00,BRKR,87.23500061035156,87.23500061035156,87.23500061035156,87.23500061035156,87.23500061035156,222.0
2024-03-01 10:15:00,BRTX,1.4700000286102295,1.4700000286102295,1.488700032234192,1.4700000286102295,1.488700032234192,11121.0
2024-03-01 10:15:00,BTAI,3.180000066757202,3.180000066757202,3.180000066757202,3.180000066757202,3.180000066757202,640.0
2024-03-01 10:15:00,BTTX,0.1615000069141388,0.1615000069141388,0.1615000069141388,0.1615000069141388,0.1615000069141388,1200.0
2024-03-01 10:15:00,BVS,4.670000076293945,4.670000076293945,4.670000076293945,4.670000076293945,4.670000076293945,612.0
2024-03-01 10:15:00,CABA,24.354999542236328,24.354999542236328,24.399999618530273,24.31999969482422,24.399999618530273,2505.0
2024-03-01 10:15:00,CADL,1.8300000429153442,1.8300000429153442,1.8300000429153442,1.8300000429153442,1.8300000429153442,1284.0
2024-03-01 10:15:00,CARA,0.8500000238418579,0.8500000238418579,0.8500000238418579,0.8500000238418579,0.8500000238418579,589.0
2024-03-01 10:15:00,CBAY,32.23500061035156,32.23500061035156,32.2400016784668,32.23500061035156,32.2400016784668,1574.0
2024-03-01 10:15:00,CCCC,11.015000343322754,11.015000343322754,11.015000343322754,10.98169994354248,11.0,6229.0
2024-03-01 10:15:00,CDMO,7.829999923706055,7.829999923706055,7.829999923706055,7.829999923706055,7.829999923706055,200.0
2024-03-01 10:15:00,CDNA,12.069999694824219,12.069999694824219,12.069999694824219,11.960000038146973,11.960000038146973,5948.0
2024-03-01 10:15:00,CDTX,0.7200999855995178,0.7200999855995178,0.7245000004768372,0.7200999855995178,0.7245000004768372,4108.0
2024-03-01 10:15:00,CDXC,1.6601999998092651,1.6601999998092651,1.6601999998092651,1.6601999998092651,1.6601999998092651,1806.0
2024-03-01 10:15:00,CDXS,4.28000020980835,4.28000020980835,4.28000020980835,4.28000020980835,4.28000020980835,452.0
2024-03-01 10:15:00,CERE,41.13999938964844,41.13999938964844,41.14500045776367,41.13999938964844,41.13999938964844,1636.0
2024-03-01 10:15:00,CERS,2.180000066757202,2.180000066757202,2.180000066757202,2.180000066757202,2.180000066757202,1022.0
2024-03-01 10:15:00,CERT,17.959999084472656,17.959999084472656,17.959999084472656,17.8700008392334,17.8799991607666,1630.0
2024-03-01 10:15:00,CGC,3.1649999618530273,3.1649999618530273,3.1649999618530273,3.1500000953674316,3.1500000953674316,15496.0
2024-03-01 10:15:00,CGEM,18.905000686645508,18.905000686645508,18.905000686645508,18.905000686645508,18.905000686645508,600.0
2024-03-01 10:15:00,CGEN,2.640000104904175,2.640000104904175,2.640000104904175,2.619800090789795,2.619800090789795,3379.0
2024-03-01 10:15:00,CHRS,2.2899999618530273,2.2899999618530273,2.299999952316284,2.2899999618530273,2.299999952316284,1471.0
2024-03-01 10:15:00,CING,1.249899983406067,1.249899983406067,1.25,1.2283999919891357,1.2444000244140625,8868.0
2024-03-01 10:15:00,CKPT,2.1600000858306885,2.1600000858306885,2.1600000858306885,2.1600000858306885,2.1600000858306885,100.0
2024-03-01 10:15:00,CLDX,51.26499938964844,51.26499938964844,51.27000045776367,51.0099983215332,51.099998474121094,4133.0
2024-03-01 10:15:00,CLOV,0.8672000169754028,0.8672000169754028,0.8672000169754028,0.866100013256073,0.866100013256073,11110.0
2024-03-01 10:15:00,CLPT,6.498899936676025,6.498899936676025,6.498899936676025,6.498899936676025,6.498899936676025,66.0
2024-03-01 10:15:00,CLRB,4.0,4.0,4.0,3.984999895095825,3.984999895095825,2221.0
2024-03-01 10:15:00,CMPS,10.59000015258789,10.59000015258789,10.59000015258789,10.579999923706055,10.579999923706055,983.0
2024-03-01 10:15:00,CMPX,1.8698999881744385,1.8698999881744385,1.8698999881744385,1.8698999881744385,1.8698999881744385,400.0
2024-03-01 10:15:00,CMRX,1.1399999856948853,1.1399999856948853,1.1399999856948853,1.1399999856948853,1.1399999856948853,196.0
2024-03-01 10:15:00,CNSP,0.3160000145435333,0.3160000145435333,0.3160000145435333,0.29260000586509705,0.29499998688697815,66492.0
2024-03-01 10:15:00,CNTA,10.630000114440918,10.630000114440918,10.630000114440918,10.619999885559082,10.619999885559082,255.0
2024-03-01 10:15:00,COGT,7.289999961853027,7.289999961853027,7.300000190734863,7.289999961853027,7.289999961853027,1059.0
2024-03-01 10:15:00,CORT,23.780000686645508,23.780000686645508,23.780000686645508,23.770000457763672,23.770000457763672,676.0
2024-03-01 10:15:00,CPRX,16.770000457763672,16.770000457763672,16.770000457763672,16.719999313354492,16.729999542236328,4220.0
2024-03-01 10:15:00,CRBU,8.085000038146973,8.085000038146973,8.09000015258789,8.0600004196167,8.0649995803833,2292.0
2024-03-01 10:15:00,CRDF,2.450000047683716,2.450000047683716,2.4899001121520996,2.450000047683716,2.4702999591827393,45594.0
2024-03-01 10:15:00,CRNX,44.88999938964844,44.88999938964844,44.95000076293945,44.86000061035156,44.86000061035156,1836.0
2024-03-01 10:15:00,CRON,2.0250000953674316,2.0250000953674316,2.0250000953674316,2.0250000953674316,2.0250000953674316,2155.0
2024-03-01 10:15:00,CRSP,86.4343032836914,86.4343032836914,86.5999984741211,86.4343032836914,86.52999877929688,11432.0
2024-03-01 10:15:00,CRVS,2.1600000858306885,2.1600000858306885,2.1700000762939453,2.1600000858306885,2.1700000762939453,1037.0
2024-03-01 10:15:00,CTKB,7.920000076293945,7.920000076293945,7.920000076293945,7.909999847412109,7.909999847412109,248.0
2024-03-01 10:15:00,CUTR,2.309999942779541,2.309999942779541,2.309999942779541,2.309999942779541,2.309999942779541,411.0
2024-03-01 10:15:00,CVAC,3.444999933242798,3.444999933242798,3.444999933242798,3.444999933242798,3.444999933242798,103.0
2024-03-01 10:15:00,CYTK,74.83999633789062,74.83999633789062,74.9800033569336,74.70999908447266,74.8499984741211,10101.0
2024-03-01 10:15:00,DAWN,16.979999542236328,16.979999542236328,16.998199462890625,16.979999542236328,16.998199462890625,1376.0
2024-03-01 10:15:00,DCGO,4.039999961853027,4.039999961853027,4.039999961853027,4.03439998626709,4.039999961853027,4953.0
2024-03-01 10:15:00,DCPH,17.0049991607666,17.0049991607666,17.0049991607666,16.969999313354492,16.969999313354492,1560.0
2024-03-01 10:15:00,DH,9.119999885559082,9.119999885559082,9.119999885559082,9.100000381469727,9.100000381469727,1065.0
2024-03-01 10:15:00,DMTK,0.8799999952316284,0.8799999952316284,0.8799999952316284,0.861299991607666,0.8651000261306763,30043.0
2024-03-01 10:15:00,DNLI,20.600000381469727,20.600000381469727,20.600000381469727,20.559999465942383,20.559999465942383,1976.0
2024-03-01 10:15:00,DRRX,1.0,1.0,1.0,1.0,1.0,501.0
2024-03-01 10:15:00,DTIL,13.250100135803223,13.250100135803223,13.255000114440918,13.241800308227539,13.241800308227539,477.0
2024-03-01 10:15:00,DVAX,12.75,12.75,12.75,12.729999542236328,12.729999542236328,1527.0
2024-03-01 10:15:00,DXCM,117.2699966430664,117.2699966430664,117.33000183105469,117.08999633789062,117.0999984741211,4903.0
2024-03-01 10:15:00,DYN,29.729999542236328,29.729999542236328,30.09000015258789,29.729999542236328,29.979999542236328,5763.0
2024-03-01 10:15:00,EDIT,10.707799911499023,10.707799911499023,10.720000267028809,10.699999809265137,10.704999923706055,2598.0
2024-03-01 10:15:00,EGRX,6.199999809265137,6.199999809265137,6.199999809265137,6.199999809265137,6.199999809265137,174.0
2024-03-01 10:15:00,ELEV,4.7870001792907715,4.7870001792907715,4.7870001792907715,4.75,4.75,6803.0
2024-03-01 10:15:00,ENVB,1.7799999713897705,1.7799999713897705,1.8200000524520874,1.7799999713897705,1.7949999570846558,63719.0
2024-03-01 10:15:00,EOLS,14.850000381469727,14.850000381469727,14.859999656677246,14.84000015258789,14.84000015258789,694.0
2024-03-01 10:15:00,EQ,2.514400005340576,2.514400005340576,2.514400005340576,2.514400005340576,2.514400005340576,264.0
2024-03-01 10:15:00,ERAS,2.450000047683716,2.450000047683716,2.450000047683716,2.430000066757202,2.430000066757202,2503.0
2024-03-01 10:15:00,ESPR,2.505000114440918,2.505000114440918,2.505000114440918,2.505000114440918,2.505000114440918,2407.0
2024-03-01 10:15:00,ETNB,12.829999923706055,12.829999923706055,12.829999923706055,12.789999961853027,12.789999961853027,5658.0
2024-03-01 10:15:00,EVAX,3.67330002784729,3.67330002784729,3.67330002784729,3.67330002784729,3.67330002784729,154.0
2024-03-01 10:15:00,EVO,7.389999866485596,7.389999866485596,7.389999866485596,7.389999866485596,7.389999866485596,20.0
2024-03-01 10:15:00,EWTX,16.56999969482422,16.56999969482422,16.56999969482422,16.56999969482422,16.56999969482422,148.0
2024-03-01 10:15:00,EXAI,6.684999942779541,6.684999942779541,6.684999942779541,6.670000076293945,6.684999942779541,602.0
2024-03-01 10:15:00,EXAS,58.9900016784668,58.9900016784668,59.0099983215332,58.93000030517578,58.970001220703125,7374.0
2024-03-01 10:15:00,EXEL,22.399999618530273,22.399999618530273,22.399999618530273,22.364999771118164,22.364999771118164,3135.0
2024-03-01 10:15:00,EYEN,2.099900007247925,2.099900007247925,2.0999999046325684,2.099900007247925,2.099900007247925,5754.0
2024-03-01 10:15:00,EYPT,28.485000610351562,28.485000610351562,28.540000915527344,28.475000381469727,28.475000381469727,1120.0
2024-03-01 10:15:00,FATE,7.46999979019165,7.46999979019165,7.474999904632568,7.445000171661377,7.460000038146973,2459.0
2024-03-01 10:15:00,FBIO,2.2200000286102295,2.2200000286102295,2.2200000286102295,2.217600107192993,2.217600107192993,601.0
2024-03-01 10:15:00,FDMT,29.7450008392334,29.7450008392334,29.809999465942383,29.390100479125977,29.390100479125977,4457.0
2024-03-01 10:15:00,FENC,9.630000114440918,9.630000114440918,9.630000114440918,9.630000114440918,9.630000114440918,200.0
2024-03-01 10:15:00,FGEN,1.7100000381469727,1.7100000381469727,1.725000023841858,1.7100000381469727,1.725000023841858,3486.0
2024-03-01 10:15:00,FOLD,13.430000305175781,13.430000305175781,13.430000305175781,13.395000457763672,13.395000457763672,1887.0
2024-03-01 10:15:00,FULC,10.529999732971191,10.529999732971191,10.529999732971191,10.510000228881836,10.520000457763672,6991.0
2024-03-01 10:15:00,FUSN,12.240599632263184,12.240599632263184,12.300000190734863,12.239999771118164,12.239999771118164,3345.0
2024-03-01 10:15:00,GANX,4.53000020980835,4.53000020980835,4.53000020980835,4.53000020980835,4.53000020980835,331.0
2024-03-01 10:15:00,GDRX,8.430000305175781,8.430000305175781,8.4399995803833,8.395000457763672,8.40999984741211,5729.0
2024-03-01 10:15:00,GERN,2.109999895095825,2.109999895095825,2.109999895095825,2.0950000286102295,2.0950000286102295,11748.0
2024-03-01 10:15:00,GHSI,8.329999923706055,8.329999923706055,8.329999923706055,8.329999923706055,8.329999923706055,129.0
2024-03-01 10:15:00,GILD,72.5250015258789,72.5250015258789,72.5250015258789,72.4000015258789,72.42500305175781,9664.0
2024-03-01 10:15:00,GLPG,35.0,35.0,35.0099983215332,35.0,35.0099983215332,333.0
2024-03-01 10:15:00,GLSI,12.204999923706055,12.204999923706055,12.204999923706055,12.204999923706055,12.204999923706055,177.0
2024-03-01 10:15:00,GLTO,0.6912000179290771,0.6912000179290771,0.6912000179290771,0.6912000179290771,0.6912000179290771,750.0
2024-03-01 10:15:00,GMAB,28.780000686645508,28.780000686645508,28.780000686645508,28.770000457763672,28.770000457763672,1736.0
2024-03-01 10:15:00,GMDA,0.375900000333786,0.375900000333786,0.375900000333786,0.375900000333786,0.375900000333786,0.0
2024-03-01 10:15:00,GRFS,6.835000038146973,6.835000038146973,6.840000152587891,6.835000038146973,6.835000038146973,3237.0
2024-03-01 10:15:00,GRPH,3.5,3.5,3.5,3.5,3.5,1130.0
2024-03-01 10:15:00,GRTS,2.0450000762939453,2.0450000762939453,2.049999952316284,2.012500047683716,2.0192999839782715,16005.0
2024-03-01 10:15:00,GTHX,3.3949999809265137,3.3949999809265137,3.407599925994873,3.390000104904175,3.4049999713897705,4852.0
2024-03-01 10:15:00,HALO,40.8129997253418,40.8129997253418,40.83000183105469,40.790000915527344,40.83000183105469,2426.0
2024-03-01 10:15:00,HBIO,4.360000133514404,4.360000133514404,4.360000133514404,4.28000020980835,4.289999961853027,784.0
2024-03-01 10:15:00,HCAT,8.035599708557129,8.035599708557129,8.035599708557129,8.010000228881836,8.024999618530273,308.0
2024-03-01 10:15:00,HCM,15.28499984741211,15.28499984741211,15.28499984741211,15.260000228881836,15.260000228881836,1087.0
2024-03-01 10:15:00,HCSG,12.604999542236328,12.604999542236328,12.604999542236328,12.604999542236328,12.604999542236328,471.0
2024-03-01 10:15:00,HCTI,2.3299999237060547,2.3299999237060547,2.3299999237060547,2.309999942779541,2.309999942779541,470.0
2024-03-01 10:15:00,HEPA,3.240000009536743,3.240000009536743,3.240000009536743,3.2137999534606934,3.2137999534606934,299.0
2024-03-01 10:15:00,HLVX,18.68000030517578,18.68000030517578,18.725000381469727,18.68000030517578,18.725000381469727,211.0
2024-03-01 10:15:00,HOLX,73.62999725341797,73.62999725341797,73.6449966430664,73.5999984741211,73.6050033569336,938.0
2024-03-01 10:15:00,HQY,82.33999633789062,82.33999633789062,82.33999633789062,82.33999633789062,82.33999633789062,228.0
2024-03-01 10:15:00,HRMY,31.270000457763672,31.270000457763672,31.270000457763672,31.260000228881836,31.260000228881836,940.0
2024-03-01 10:15:00,HRTX,2.619999885559082,2.619999885559082,2.619999885559082,2.609499931335449,2.609499931335449,4458.0
2024-03-01 10:15:00,HSIC,77.27999877929688,77.27999877929688,77.27999877929688,77.19000244140625,77.20999908447266,2066.0
2024-03-01 10:15:00,HUMA,3.184999942779541,3.184999942779541,3.2049999237060547,3.1800999641418457,3.194999933242798,18692.0
2024-03-01 10:15:00,IART,36.685001373291016,36.685001373291016,36.689998626708984,36.54999923706055,36.54999923706055,2211.0
2024-03-01 10:15:00,IBRX,4.860099792480469,4.860099792480469,4.869999885559082,4.842199802398682,4.860000133514404,4195.0
2024-03-01 10:15:00,ICCM,1.2899999618530273,1.2899999618530273,1.2910000085830688,1.2899999618530273,1.2910000085830688,300.0
2024-03-01 10:15:00,ICUI,105.16999816894531,105.16999816894531,105.37999725341797,105.16999816894531,105.30000305175781,921.0
2024-03-01 10:15:00,IDXX,570.7449951171875,570.7449951171875,570.7449951171875,570.3200073242188,570.3200073242188,1166.0
2024-03-01 10:15:00,IDYA,45.98500061035156,45.98500061035156,46.04999923706055,45.95000076293945,46.01499938964844,5655.0
2024-03-01 10:15:00,IFRX,1.8499000072479248,1.8499000072479248,1.850000023841858,1.8049999475479126,1.8049999475479126,15103.0
2024-03-01 10:15:00,IGMS,13.354999542236328,13.354999542236328,13.40999984741211,13.210000038146973,13.210000038146973,4063.0
2024-03-01 10:15:00,IINN,1.659999966621399,1.659999966621399,1.659999966621399,1.6449999809265137,1.6449999809265137,2634.0
2024-03-01 10:15:00,IKNA,1.4699000120162964,1.4699000120162964,1.4699000120162964,1.4699000120162964,1.4699000120162964,2300.0
2024-03-01 10:15:00,IKT,2.1900999546051025,2.1900999546051025,2.1900999546051025,2.190000057220459,2.190000057220459,1695.0
2024-03-01 10:15:00,ILMN,138.27000427246094,138.27000427246094,138.27000427246094,137.89999389648438,138.00999450683594,2329.0
2024-03-01 10:15:00,IMAB,1.8508000373840332,1.8508000373840332,1.8550000190734863,1.8508000373840332,1.8550000190734863,108.0
2024-03-01 10:15:00,IMCR,68.70999908447266,68.70999908447266,68.75,68.70999908447266,68.75,1369.0
2024-03-01 10:15:00,IMNM,25.03499984741211,25.03499984741211,25.104999542236328,25.010000228881836,25.104999542236328,1271.0
2024-03-01 10:15:00,IMNN,1.0199999809265137,1.0199999809265137,1.0499999523162842,1.0199999809265137,1.0499999523162842,3974.0
2024-03-01 10:15:00,IMTX,13.0,13.0,13.0,12.9399995803833,12.9399995803833,4744.0
2024-03-01 10:15:00,IMVT,36.709999084472656,36.709999084472656,36.83000183105469,36.69499969482422,36.83000183105469,1960.0
2024-03-01 10:15:00,INBX,36.900001525878906,36.900001525878906,36.90999984741211,36.900001525878906,36.90999984741211,510.0
2024-03-01 10:15:00,INCY,58.58000183105469,58.58000183105469,58.58000183105469,58.400001525878906,58.400001525878906,3187.0
2024-03-01 10:15:00,INGN,6.800000190734863,6.800000190734863,6.840000152587891,6.800000190734863,6.840000152587891,7613.0
2024-03-01 10:15:00,INMD,22.420000076293945,22.420000076293945,22.420000076293945,22.3799991607666,22.389999389648438,7330.0
2024-03-01 10:15:00,INNV,4.78000020980835,4.78000020980835,4.78000020980835,4.78000020980835,4.78000020980835,176.0
2024-03-01 10:15:00,INO,9.010000228881836,9.010000228881836,9.010000228881836,8.951299667358398,8.951299667358398,2234.0
2024-03-01 10:15:00,INSM,28.18000030517578,28.18000030517578,28.18000030517578,28.145000457763672,28.145000457763672,1363.0
2024-03-01 10:15:00,INVA,15.260000228881836,15.260000228881836,15.270000457763672,15.199999809265137,15.21500015258789,4792.0
2024-03-01 10:15:00,INZY,6.460000038146973,6.460000038146973,6.460000038146973,6.445000171661377,6.445000171661377,357.0
2024-03-01 10:15:00,IOBT,1.7000000476837158,1.7000000476837158,1.7000000476837158,1.7000000476837158,1.7000000476837158,182.0
2024-03-01 10:15:00,IONS,45.60499954223633,45.60499954223633,45.67499923706055,45.60499954223633,45.67499923706055,1651.0
2024-03-01 10:15:00,IOVA,16.8700008392334,16.8700008392334,16.895000457763672,16.829999923706055,16.875,28029.0
2024-03-01 10:15:00,IPSC,3.7200000286102295,3.7200000286102295,3.7200000286102295,3.7200000286102295,3.7200000286102295,105.0
2024-03-01 10:15:00,IRWD,8.904999732971191,8.904999732971191,8.90999984741211,8.880000114440918,8.880000114440918,15408.0
2024-03-01 10:15:00,ISRG,388.29998779296875,388.29998779296875,388.4949951171875,388.29998779296875,388.44000244140625,1795.0
2024-03-01 10:15:00,ITCI,71.49500274658203,71.49500274658203,71.49500274658203,71.44000244140625,71.4800033569336,976.0
2024-03-01 10:15:00,ITOS,10.725000381469727,10.725000381469727,10.725000381469727,10.725000381469727,10.725000381469727,605.0
2024-03-01 10:15:00,IXHL,5.222700119018555,5.222700119018555,5.222700119018555,5.222700119018555,5.222700119018555,294.0
2024-03-01 10:15:00,JAGX,0.09040000289678574,0.09040000289678574,0.09200000017881393,0.08100000023841858,0.08179999887943268,3084681.0
2024-03-01 10:15:00,JANX,46.86940002441406,46.86940002441406,46.86940002441406,46.86940002441406,46.86940002441406,420.0
2024-03-01 10:15:00,JAZZ,120.11000061035156,120.11000061035156,120.25499725341797,120.11000061035156,120.22000122070312,542.0
2024-03-01 10:15:00,KALV,13.925000190734863,13.925000190734863,13.925000190734863,13.925000190734863,13.925000190734863,165.0
2024-03-01 10:15:00,KOD,5.96999979019165,5.96999979019165,5.985000133514404,5.940000057220459,5.940000057220459,1574.0
2024-03-01 10:15:00,KPTI,1.1749999523162842,1.1749999523162842,1.1749999523162842,1.1649999618530273,1.1649999618530273,632.0
2024-03-01 10:15:00,KROS,68.80999755859375,68.80999755859375,68.9800033569336,68.80999755859375,68.87999725341797,948.0
2024-03-01 10:15:00,KTRA,0.1006999984383583,0.1006999984383583,0.1006999984383583,0.1006999984383583,0.1006999984383583,5255.0
2024-03-01 10:15:00,KTTA,7.86929988861084,7.86929988861084,7.86929988861084,7.86929988861084,7.86929988861084,305.0
2024-03-01 10:15:00,KURA,21.241100311279297,21.241100311279297,21.241100311279297,21.241100311279297,21.241100311279297,526.0
2024-03-01 10:15:00,KYMR,43.400001525878906,43.400001525878906,43.41999816894531,43.310001373291016,43.350101470947266,2411.0
2024-03-01 10:15:00,KZIA,0.23759999871253967,0.23759999871253967,0.24130000174045563,0.23759999871253967,0.24130000174045563,8828.0
2024-03-01 10:15:00,LAB,2.299999952316284,2.299999952316284,2.299999952316284,2.2899999618530273,2.2899999618530273,1320.0
2024-03-01 10:15:00,LBPH,21.84000015258789,21.84000015258789,21.889999389648438,21.690000534057617,21.690000534057617,2577.0
2024-03-01 10:15:00,LEXX,2.609999895095825,2.609999895095825,2.609999895095825,2.5399999618530273,2.559999942779541,2630.0
2024-03-01 10:15:00,LFMD,8.039999961853027,8.039999961853027,8.039999961853027,8.039999961853027,8.039999961853027,406.0
2024-03-01 10:15:00,LFST,8.029999732971191,8.029999732971191,8.029999732971191,8.0,8.010000228881836,8758.0
2024-03-01 10:15:00,LGVN,0.550000011920929,0.550000011920929,0.550000011920929,0.550000011920929,0.550000011920929,0.0
2024-03-01 10:15:00,LIVN,54.619998931884766,54.619998931884766,54.65999984741211,54.619998931884766,54.654998779296875,776.0
2024-03-01 10:15:00,LMAT,68.38800048828125,68.38800048828125,68.48500061035156,68.38800048828125,68.48500061035156,1510.0
2024-03-01 10:15:00,LNTH,65.61000061035156,65.61000061035156,65.61000061035156,65.61000061035156,65.61000061035156,402.0
2024-03-01 10:15:00,LQDA,14.350000381469727,14.350000381469727,14.350000381469727,14.34000015258789,14.34000015258789,489.0
2024-03-01 10:15:00,LUNG,9.020000457763672,9.020000457763672,9.020000457763672,9.020000457763672,9.020000457763672,330.0
2024-03-01 10:15:00,LXRX,2.440999984741211,2.440999984741211,2.4700000286102295,2.440999984741211,2.4700000286102295,7177.0
2024-03-01 10:15:00,LYEL,3.065000057220459,3.065000057220459,3.065000057220459,3.049999952316284,3.049999952316284,532.0
2024-03-01 10:15:00,LYRA,5.5,5.5,5.5,5.5,5.5,327.0
2024-03-01 10:15:00,MASI,126.6050033569336,126.6050033569336,126.6050033569336,126.2300033569336,126.27999877929688,1621.0
2024-03-01 10:15:00,MCRB,1.1749999523162842,1.1749999523162842,1.1749999523162842,1.1749999523162842,1.1749999523162842,115.0
2024-03-01 10:15:00,MDGL,242.61000061035156,242.61000061035156,242.61000061035156,242.61000061035156,242.61000061035156,316.0
2024-03-01 10:15:00,MDRX,5.980000019073486,5.980000019073486,5.980000019073486,5.849999904632568,5.870299816131592,63415.0
2024-03-01 10:15:00,MDXG,8.515000343322754,8.515000343322754,8.515000343322754,8.512200355529785,8.512200355529785,3476.0
2024-03-01 10:15:00,MDXH,3.630000114440918,3.630000114440918,3.640000104904175,3.630000114440918,3.630000114440918,1238.0
2024-03-01 10:15:00,ME,0.5687999725341797,0.5687999725341797,0.5687999725341797,0.5669999718666077,0.5669999718666077,2928.0
2024-03-01 10:15:00,MEDP,400.3299865722656,400.3299865722656,400.3299865722656,400.3299865722656,400.3299865722656,202.0
2024-03-01 10:15:00,MGNX,18.899999618530273,18.899999618530273,18.899999618530273,18.829999923706055,18.850000381469727,3164.0
2024-03-01 10:15:00,MIRM,28.979999542236328,28.979999542236328,28.979999542236328,28.979999542236328,28.979999542236328,65.0
2024-03-01 10:15:00,MLTX,52.369998931884766,52.369998931884766,52.369998931884766,52.369998931884766,52.369998931884766,127.0
2024-03-01 10:15:00,MMSI,75.73999786376953,75.73999786376953,75.73999786376953,75.73999786376953,75.73999786376953,261.0
2024-03-01 10:15:00,MNKD,4.465000152587891,4.465000152587891,4.465000152587891,4.454999923706055,4.460000038146973,20666.0
2024-03-01 10:15:00,MNMD,5.815000057220459,5.815000057220459,5.815000057220459,5.815000057220459,5.815000057220459,2765.0
2024-03-01 10:15:00,MNPR,0.7828999757766724,0.7828999757766724,0.7828999757766724,0.7828999757766724,0.7828999757766724,260.0
2024-03-01 10:15:00,MORF,38.27000045776367,38.27000045776367,38.27000045776367,38.27000045776367,38.27000045776367,200.0
2024-03-01 10:15:00,MOTS,0.6919999718666077,0.6919999718666077,0.6919999718666077,0.6919999718666077,0.6919999718666077,200.0
2024-03-01 10:15:00,MRNA,94.25,94.25,94.25,94.04000091552734,94.1449966430664,6507.0
2024-03-01 10:15:00,MRNS,9.718199729919434,9.718199729919434,9.718199729919434,9.718199729919434,9.718199729919434,451.0
2024-03-01 10:15:00,MRSN,6.039999961853027,6.039999961853027,6.079999923706055,6.019999980926514,6.079999923706055,16408.0
2024-03-01 10:15:00,MRUS,49.58000183105469,49.58000183105469,49.58000183105469,49.58000183105469,49.58000183105469,129.0
2024-03-01 10:15:00,MRVI,7.715000152587891,7.715000152587891,7.71999979019165,7.699999809265137,7.71999979019165,1608.0
2024-03-01 10:15:00,MXCT,4.716400146484375,4.716400146484375,4.716400146484375,4.716400146484375,4.716400146484375,424.0
2024-03-01 10:15:00,MYGN,20.940000534057617,20.940000534057617,20.940000534057617,20.8799991607666,20.8799991607666,1321.0
2024-03-01 10:15:00,MYNZ,0.875,0.875,0.875,0.875,0.875,237.0
2024-03-01 10:15:00,NARI,45.064998626708984,45.064998626708984,45.064998626708984,45.0,45.0,741.0
2024-03-01 10:15:00,NAUT,2.7899999618530273,2.7899999618530273,2.7899999618530273,2.7899999618530273,2.7899999618530273,74.0
2024-03-01 10:15:00,NBIX,130.70750427246094,130.70750427246094,130.70750427246094,130.58999633789062,130.68499755859375,1324.0
2024-03-01 10:15:00,NEO,15.819999694824219,15.819999694824219,15.819999694824219,15.8100004196167,15.8149995803833,1024.0
2024-03-01 10:15:00,NEOG,16.8700008392334,16.8700008392334,16.8799991607666,16.8700008392334,16.8799991607666,4608.0
2024-03-01 10:15:00,NKTR,0.7170000076293945,0.7170000076293945,0.7170000076293945,0.7170000076293945,0.7170000076293945,0.0
2024-03-01 10:15:00,NKTX,12.345000267028809,12.345000267028809,12.345000267028809,12.345000267028809,12.345000267028809,307.0
2024-03-01 10:15:00,NLSP,0.39010000228881836,0.39010000228881836,0.39010000228881836,0.39010000228881836,0.39010000228881836,1017.0
2024-03-01 10:15:00,NNOX,11.15999984741211,11.15999984741211,11.180000305175781,11.154999732971191,11.154999732971191,4187.0
2024-03-01 10:15:00,NRBO,5.889999866485596,5.889999866485596,5.900000095367432,5.889999866485596,5.900000095367432,958.0
2024-03-01 10:15:00,NRIX,12.9399995803833,12.9399995803833,12.9399995803833,12.869999885559082,12.869999885559082,667.0
2024-03-01 10:15:00,NRSN,1.9524999856948853,1.9524999856948853,1.9800000190734863,1.9524999856948853,1.9800000190734863,1705.0
2024-03-01 10:15:00,NRXP,0.42010000348091125,0.42010000348091125,0.4300000071525574,0.42010000348091125,0.4300000071525574,24258.0
2024-03-01 10:15:00,NTLA,33.529998779296875,33.529998779296875,33.54999923706055,33.47999954223633,33.52000045776367,16899.0
2024-03-01 10:15:00,NTRA,89.05999755859375,89.05999755859375,89.23999786376953,88.95999908447266,89.16000366210938,9965.0
2024-03-01 10:15:00,NUTX,0.11469999700784683,0.11469999700784683,0.11469999700784683,0.11469999700784683,0.11469999700784683,600.0
2024-03-01 10:15:00,NUVL,88.19000244140625,88.19000244140625,88.19000244140625,88.19000244140625,88.19000244140625,443.0
2024-03-01 10:15:00,NUWE,0.5698000192642212,0.5698000192642212,0.5698000192642212,0.5698000192642212,0.5698000192642212,1400.0
2024-03-01 10:15:00,NVAX,4.960000038146973,4.960000038146973,4.960000038146973,4.940000057220459,4.954999923706055,10374.0
2024-03-01 10:15:00,NVCR,15.3149995803833,15.3149995803833,15.319999694824219,15.270000457763672,15.279999732971191,3096.0
2024-03-01 10:15:00,OCGN,0.9117000102996826,0.9117000102996826,0.9210000038146973,0.9117000102996826,0.9210000038146973,2801.0
2024-03-01 10:15:00,OCUL,10.270000457763672,10.270000457763672,10.279999732971191,10.270000457763672,10.279999732971191,575.0
2024-03-01 10:15:00,OCUP,2.5399999618530273,2.5399999618530273,2.5399999618530273,2.5399999618530273,2.5399999618530273,335.0
2024-03-01 10:15:00,OGI,2.065000057220459,2.065000057220459,2.0697999000549316,2.065000057220459,2.0697999000549316,2315.0
2024-03-01 10:15:00,OLK,22.53499984741211,22.53499984741211,22.53499984741211,22.53499984741211,22.53499984741211,1062.0
2024-03-01 10:15:00,OLMA,12.84000015258789,12.84000015258789,12.84000015258789,12.84000015258789,12.84000015258789,350.0
2024-03-01 10:15:00,OM,3.0250000953674316,3.0250000953674316,3.0299999713897705,3.0250000953674316,3.0299999713897705,523.0
2024-03-01 10:15:00,OMCL,26.149999618530273,26.149999618530273,26.149999618530273,26.149999618530273,26.149999618530273,160.0
2024-03-01 10:15:00,OMER,4.710000038146973,4.710000038146973,4.710000038146973,4.710000038146973,4.710000038146973,534.0
2024-03-01 10:15:00,OMGA,4.105000019073486,4.105000019073486,4.105000019073486,4.105000019073486,4.105000019073486,217.0
2024-03-01 10:15:00,ONTX,0.8149999976158142,0.8149999976158142,0.8149999976158142,0.8149999976158142,0.8149999976158142,108.0
2024-03-01 10:16:00,ABCL,5.119999885559082,5.119999885559082,5.130000114440918,5.115699768066406,5.118199825286865,23661.0
2024-03-01 10:16:00,ABEO,7.55109977722168,7.55109977722168,7.675000190734863,7.55109977722168,7.675000190734863,3156.0
2024-03-01 10:16:00,ABOS,4.670000076293945,4.670000076293945,4.675600051879883,4.659999847412109,4.675600051879883,1444.0
2024-03-01 10:16:00,ACAD,23.739999771118164,23.739999771118164,23.760000228881836,23.690000534057617,23.690000534057617,4914.0
2024-03-01 10:16:00,ACB,3.0201001167297363,3.0201001167297363,3.0285000801086426,3.015000104904175,3.015000104904175,2198.0
2024-03-01 10:16:00,ACCD,10.199999809265137,10.199999809265137,10.25,10.197500228881836,10.25,2512.0
2024-03-01 10:16:00,ACET,2.315000057220459,2.315000057220459,2.3299999237060547,2.315000057220459,2.319999933242798,3160.0
2024-03-01 10:16:00,ACHL,1.3609999418258667,1.3609999418258667,1.3616000413894653,1.3609999418258667,1.3609999418258667,3130.0
2024-03-01 10:16:00,ACHV,3.9800000190734863,3.9800000190734863,3.9800000190734863,3.9800000190734863,3.9800000190734863,214.0
2024-03-01 10:16:00,ACON,0.38019999861717224,0.38019999861717224,0.38749998807907104,0.38019999861717224,0.38749998807907104,9901.0
2024-03-01 10:16:00,ACRS,1.2400000095367432,1.2400000095367432,1.2400000095367432,1.2400000095367432,1.2400000095367432,594.0
2024-03-01 10:16:00,ADAP,1.5800000429153442,1.5800000429153442,1.5800000429153442,1.5800000429153442,1.5800000429153442,0.0
2024-03-01 10:16:00,ADIL,3.25,3.25,3.2899999618530273,3.2300000190734863,3.265000104904175,42263.0
2024-03-01 10:16:00,ADMA,5.360499858856201,5.360499858856201,5.369900226593018,5.360499858856201,5.364999771118164,1749.0
2024-03-01 10:16:00,ADPT,4.09499979019165,4.09499979019165,4.099999904632568,4.09499979019165,4.098199844360352,1470.0
2024-03-01 10:16:00,AFMD,0.6100999712944031,0.6100999712944031,0.6100999712944031,0.6100999712944031,0.6100999712944031,204.0
2024-03-01 10:16:00,AGEN,0.6700999736785889,0.6700999736785889,0.6700999736785889,0.6700999736785889,0.6700999736785889,23001.0
2024-03-01 10:16:00,AGIO,32.55500030517578,32.55500030517578,32.56999969482422,32.55500030517578,32.55500030517578,469.0
2024-03-01 10:16:00,AHCO,10.550000190734863,10.550000190734863,10.5649995803833,10.539999961853027,10.5600004196167,4438.0
2024-03-01 10:16:00,AIMD,1.0220999717712402,1.0220999717712402,1.0220999717712402,1.0220999717712402,1.0220999717712402,2000.0
2024-03-01 10:16:00,AIRS,6.510000228881836,6.510000228881836,6.510000228881836,6.4710001945495605,6.4710001945495605,876.0
2024-03-01 10:16:00,AKAN,0.27219998836517334,0.27219998836517334,0.27219998836517334,0.27219998836517334,0.27219998836517334,989.0
2024-03-01 10:16:00,AKBA,1.649899959564209,1.649899959564209,1.649999976158142,1.6399999856948853,1.6399999856948853,8561.0
2024-03-01 10:16:00,AKLI,0.34290000796318054,0.34290000796318054,0.34290000796318054,0.34290000796318054,0.34290000796318054,336.0
2024-03-01 10:16:00,AKRO,28.125,28.125,28.125,28.125,28.125,861.0
2024-03-01 10:16:00,AKTX,2.2711000442504883,2.2711000442504883,2.2711000442504883,2.2711000442504883,2.2711000442504883,92.0
2024-03-01 10:16:00,ALDX,4.089900016784668,4.089900016784668,4.090000152587891,4.085000038146973,4.08650016784668,5970.0
2024-03-01 10:16:00,ALEC,7.409999847412109,7.409999847412109,7.420000076293945,7.394999980926514,7.394999980926514,963.0
2024-03-01 10:16:00,ALGN,298.4849853515625,298.4849853515625,298.6600036621094,298.4599914550781,298.4599914550781,682.0
2024-03-01 10:16:00,ALKS,30.030000686645508,30.030000686645508,30.030000686645508,30.020000457763672,30.020000457763672,1809.0
2024-03-01 10:16:00,ALLK,1.590000033378601,1.590000033378601,1.590000033378601,1.5750000476837158,1.5800000429153442,4001.0
2024-03-01 10:16:00,ALLO,5.006199836730957,5.006199836730957,5.006199836730957,5.005000114440918,5.005000114440918,1969.0
2024-03-01 10:16:00,ALNY,152.4199981689453,152.4199981689453,152.4199981689453,152.110107421875,152.26499938964844,6975.0
2024-03-01 10:16:00,ALPN,36.20000076293945,36.20000076293945,36.2599983215332,36.130001068115234,36.20500183105469,6098.0
2024-03-01 10:16:00,ALT,12.239999771118164,12.239999771118164,12.279999732971191,12.229499816894531,12.270000457763672,9231.0
2024-03-01 10:16:00,ALVO,15.640000343322754,15.640000343322754,15.640000343322754,15.640000343322754,15.640000343322754,1.0
2024-03-01 10:16:00,ALVR,0.7402999997138977,0.7402999997138977,0.7402999997138977,0.7402999997138977,0.7402999997138977,7.0
2024-03-01 10:16:00,ALXO,14.890000343322754,14.890000343322754,14.890000343322754,14.890000343322754,14.890000343322754,564.0
2024-03-01 10:16:00,AMGN,279.32501220703125,279.32501220703125,279.4849853515625,279.260009765625,279.30999755859375,3592.0
2024-03-01 10:16:00,AMLX,18.829999923706055,18.829999923706055,18.829999923706055,18.829999923706055,18.829999923706055,1066.0
2024-03-01 10:16:00,AMPH,46.224998474121094,46.224998474121094,46.224998474121094,46.19499969482422,46.20000076293945,1231.0
2024-03-01 10:16:00,AMRN,1.024999976158142,1.024999976158142,1.024999976158142,1.0199999809265137,1.0199999809265137,12935.0
2024-03-01 10:16:00,ANAB,25.53499984741211,25.53499984741211,25.53499984741211,25.53499984741211,25.53499984741211,105.0
2024-03-01 10:16:00,ANGO,5.324999809265137,5.324999809265137,5.324999809265137,5.324999809265137,5.324999809265137,1280.0
2024-03-01 10:16:00,ANIP,66.48999786376953,66.48999786376953,66.55000305175781,66.2750015258789,66.2750015258789,1784.0
2024-03-01 10:16:00,ANNX,5.900000095367432,5.900000095367432,5.90500020980835,5.900000095367432,5.90500020980835,1312.0
2024-03-01 10:16:00,ANTX,2.930000066757202,2.930000066757202,2.930000066757202,2.930000066757202,2.930000066757202,312.0
2024-03-01 10:16:00,APLS,62.68000030517578,62.68000030517578,62.69020080566406,62.68000030517578,62.68000030517578,510.0
2024-03-01 10:16:00,AQST,4.199999809265137,4.199999809265137,4.210000038146973,4.199999809265137,4.203199863433838,3202.0
2024-03-01 10:16:00,ARAY,2.609999895095825,2.609999895095825,2.609999895095825,2.609999895095825,2.609999895095825,997.0
2024-03-01 10:16:00,ARCT,40.2599983215332,40.2599983215332,40.47999954223633,40.2599983215332,40.47999954223633,1069.0
2024-03-01 10:16:00,ARDX,9.694999694824219,9.694999694824219,9.710000038146973,9.694999694824219,9.710000038146973,3902.0
2024-03-01 10:16:00,ARGX,382.6300048828125,382.6300048828125,382.6300048828125,382.6199951171875,382.6199951171875,590.0
2024-03-01 10:16:00,ARQT,10.59000015258789,10.59000015258789,10.779999732971191,10.53499984741211,10.779899597167969,22118.0
2024-03-01 10:16:00,ARVN,50.470001220703125,50.470001220703125,50.689998626708984,50.470001220703125,50.689998626708984,1543.0
2024-03-01 10:16:00,ARWR,34.70500183105469,34.70500183105469,34.744998931884766,34.58639907836914,34.58639907836914,1856.0
2024-03-01 10:16:00,ASND,148.60000610351562,148.60000610351562,148.60000610351562,148.60000610351562,148.60000610351562,122.0
2024-03-01 10:16:00,ASRT,0.9104999899864197,0.9104999899864197,0.9104999899864197,0.9104999899864197,0.9104999899864197,302.0
2024-03-01 10:16:00,ATAI,1.9600000381469727,1.9600000381469727,1.9700000286102295,1.9600000381469727,1.9700000286102295,479.0
2024-03-01 10:16:00,ATEC,13.234999656677246,13.234999656677246,13.234999656677246,13.229999542236328,13.229999542236328,609.0
2024-03-01 10:16:00,ATOS,0.9900000095367432,0.9900000095367432,0.9900000095367432,0.9900000095367432,0.9900000095367432,4220.0
2024-03-01 10:16:00,ATRA,0.8051000237464905,0.8051000237464905,0.8199999928474426,0.8051000237464905,0.8051000237464905,15132.0
2024-03-01 10:16:00,ATRC,35.41999816894531,35.41999816894531,35.41999816894531,35.40999984741211,35.40999984741211,202.0
2024-03-01 10:16:00,ATXS,14.75,14.75,14.75,14.75,14.75,440.0
2024-03-01 10:16:00,AUPH,5.730000019073486,5.730000019073486,5.739999771118164,5.724999904632568,5.730000019073486,4776.0
2024-03-01 10:16:00,AUTL,6.230000019073486,6.230000019073486,6.230000019073486,6.210000038146973,6.210000038146973,1913.0
2024-03-01 10:16:00,AVDL,12.75,12.75,12.770000457763672,12.75,12.75,1339.0
2024-03-01 10:16:00,AVTE,22.5,22.5,22.549999237060547,22.5,22.5,600.0
2024-03-01 10:16:00,AVXL,5.235000133514404,5.235000133514404,5.236000061035156,5.230000019073486,5.236000061035156,1040.0
2024-03-01 10:16:00,AXSM,83.24500274658203,83.24500274658203,83.24500274658203,83.24500274658203,83.24500274658203,477.0
2024-03-01 10:16:00,AZN,64.32499694824219,64.32499694824219,64.32499694824219,64.29000091552734,64.29000091552734,6096.0
2024-03-01 10:16:00,AZTA,65.7699966430664,65.7699966430664,65.83999633789062,65.7699966430664,65.83999633789062,705.0
2024-03-01 10:16:00,BBIO,35.9900016784668,35.9900016784668,35.9900016784668,35.900001525878906,35.900001525878906,496.0
2024-03-01 10:16:00,BBLG,2.509999990463257,2.509999990463257,2.5199999809265137,2.5009000301361084,2.5199999809265137,334.0
2024-03-01 10:16:00,BCAB,2.825000047683716,2.825000047683716,2.839900016784668,2.799999952316284,2.799999952316284,1700.0
2024-03-01 10:16:00,BCLI,0.35510000586509705,0.35510000586509705,0.35510000586509705,0.35510000586509705,0.35510000586509705,500.0
2024-03-01 10:16:00,BCRX,5.704999923706055,5.704999923706055,5.715000152587891,5.704999923706055,5.704999923706055,2647.0
2024-03-01 10:16:00,BDSX,1.6722999811172485,1.6722999811172485,1.6722999811172485,1.6549999713897705,1.6549999713897705,5214.0
2024-03-01 10:16:00,BEAM,40.76499938964844,40.76499938964844,40.915000915527344,40.76499938964844,40.79999923706055,3293.0
2024-03-01 10:16:00,BIIB,218.60000610351562,218.60000610351562,218.80999755859375,218.60000610351562,218.67999267578125,2521.0
2024-03-01 10:16:00,BIOL,0.13650000095367432,0.13650000095367432,0.13660000264644623,0.13650000095367432,0.13660000264644623,14506.0
2024-03-01 10:16:00,BIOR,1.2200000286102295,1.2200000286102295,1.2200000286102295,1.2000000476837158,1.2100000381469727,5553.0
2024-03-01 10:16:00,BIVI,2.8389999866485596,2.8389999866485596,2.8499999046325684,2.756200075149536,2.7674999237060547,243892.0
2024-03-01 10:16:00,BLFS,17.479999542236328,17.479999542236328,17.610000610351562,17.479999542236328,17.610000610351562,2049.0
2024-03-01 10:16:00,BLRX,1.399999976158142,1.399999976158142,1.4000999927520752,1.399999976158142,1.399999976158142,3536.0
2024-03-01 10:16:00,BLUE,1.590000033378601,1.590000033378601,1.590000033378601,1.5800000429153442,1.590000033378601,7238.0
2024-03-01 10:16:00,BMEA,17.709999084472656,17.709999084472656,17.760000228881836,17.709999084472656,17.760000228881836,822.0
2024-03-01 10:16:00,BMRN,86.19499969482422,86.19499969482422,86.19499969482422,86.11000061035156,86.11000061035156,225.0
2024-03-01 10:16:00,BNGO,1.2350000143051147,1.2350000143051147,1.2350000143051147,1.2350000143051147,1.2350000143051147,667.0
2024-03-01 10:16:00,BNTX,90.23999786376953,90.23999786376953,90.3550033569336,90.23999786376953,90.3550033569336,1181.0
2024-03-01 10:16:00,BPMC,97.41500091552734,97.41500091552734,97.41500091552734,97.41500091552734,97.41500091552734,274.0
2024-03-01 10:16:00,BPTS,0.4900999963283539,0.4900999963283539,0.4900999963283539,0.4900999963283539,0.4900999963283539,411.0
2024-03-01 10:16:00,BRTX,1.4800000190734863,1.4800000190734863,1.4800000190734863,1.4800000190734863,1.4800000190734863,0.0
2024-03-01 10:16:00,BTAI,3.180000066757202,3.180000066757202,3.180000066757202,3.180000066757202,3.180000066757202,121.0
2024-03-01 10:16:00,BTCY,0.9300000071525574,0.9300000071525574,0.9300000071525574,0.9300000071525574,0.9300000071525574,0.0
2024-03-01 10:16:00,CABA,24.200000762939453,24.200000762939453,24.350000381469727,24.200000762939453,24.350000381469727,770.0
2024-03-01 10:16:00,CARA,0.8500000238418579,0.8500000238418579,0.8500000238418579,0.8500000238418579,0.8500000238418579,1273.0
2024-03-01 10:16:00,CBAY,32.2400016784668,32.2400016784668,32.24039840698242,32.23500061035156,32.23500061035156,2729.0
2024-03-01 10:16:00,CCCC,11.010000228881836,11.010000228881836,11.039999961853027,11.010000228881836,11.020000457763672,7180.0
2024-03-01 10:16:00,CDMO,7.829999923706055,7.829999923706055,7.835000038146973,7.829999923706055,7.829999923706055,29820.0
2024-03-01 10:16:00,CDNA,12.010000228881836,12.010000228881836,12.0649995803833,12.010000228881836,12.0649995803833,2443.0
2024-03-01 10:16:00,CDXS,4.269999980926514,4.269999980926514,4.269999980926514,4.269999980926514,4.269999980926514,280.0
2024-03-01 10:16:00,CERE,41.1349983215332,41.1349983215332,41.14500045776367,41.1349983215332,41.14500045776367,1089.0
2024-03-01 10:16:00,CERS,2.180000066757202,2.180000066757202,2.180000066757202,2.1782000064849854,2.180000066757202,2093.0
2024-03-01 10:16:00,CERT,18.014999389648438,18.014999389648438,18.014999389648438,17.989999771118164,17.989999771118164,1122.0
2024-03-01 10:16:00,CGC,3.1600000858306885,3.1600000858306885,3.1693999767303467,3.1600000858306885,3.1684999465942383,13089.0
2024-03-01 10:16:00,CGEM,18.905000686645508,18.905000686645508,18.905000686645508,18.905000686645508,18.905000686645508,294.0
2024-03-01 10:16:00,CHRS,2.2950000762939453,2.2950000762939453,2.2950000762939453,2.2899999618530273,2.2899999618530273,2560.0
2024-03-01 10:16:00,CING,1.25,1.25,1.256500005722046,1.25,1.2515000104904175,0.0
2024-03-01 10:16:00,CKPT,2.1628000736236572,2.1628000736236572,2.1700000762939453,2.1628000736236572,2.1649999618530273,3101.0
2024-03-01 10:16:00,CLDX,51.43000030517578,51.43000030517578,51.43000030517578,51.190101623535156,51.26499938964844,3643.0
2024-03-01 10:16:00,CLNN,0.39500001072883606,0.39500001072883606,0.39500001072883606,0.39489999413490295,0.39500001072883606,7977.0
2024-03-01 10:16:00,CLOV,0.8672000169754028,0.8672000169754028,0.8672000169754028,0.866100013256073,0.8671000003814697,11351.0
2024-03-01 10:16:00,CLRB,4.010000228881836,4.010000228881836,4.010000228881836,4.0065999031066895,4.0065999031066895,1400.0
2024-03-01 10:16:00,CMPS,10.602899551391602,10.602899551391602,10.602899551391602,10.569999694824219,10.59000015258789,479.0
2024-03-01 10:16:00,CNSP,0.31130000948905945,0.31130000948905945,0.31690001487731934,0.3050000071525574,0.3151000142097473,37821.0
2024-03-01 10:16:00,COGT,7.304999828338623,7.304999828338623,7.309999942779541,7.300000190734863,7.309999942779541,617.0
2024-03-01 10:16:00,COLL,37.377498626708984,37.377498626708984,37.404998779296875,37.377498626708984,37.404998779296875,730.0
2024-03-01 10:16:00,CORT,23.80500030517578,23.80500030517578,23.809999465942383,23.790000915527344,23.790000915527344,1433.0
2024-03-01 10:16:00,CPRX,16.764999389648438,16.764999389648438,16.780000686645508,16.764999389648438,16.770000457763672,2271.0
2024-03-01 10:16:00,CPSI,9.375,9.375,9.430000305175781,9.375,9.430000305175781,6185.0
2024-03-01 10:16:00,CRBP,31.790000915527344,31.790000915527344,31.790000915527344,31.790000915527344,31.790000915527344,757.0
2024-03-01 10:16:00,CRBU,8.069999694824219,8.069999694824219,8.09000015258789,8.069999694824219,8.09000015258789,807.0
2024-03-01 10:16:00,CRDF,2.433500051498413,2.433500051498413,2.4600000381469727,2.430000066757202,2.4500999450683594,27829.0
2024-03-01 10:16:00,CRMD,3.640000104904175,3.640000104904175,3.640000104904175,3.638000011444092,3.638000011444092,472.0
2024-03-01 10:16:00,CRNX,44.88999938964844,44.88999938964844,44.88999938964844,44.88999938964844,44.88999938964844,554.0
2024-03-01 10:16:00,CRON,2.0250000953674316,2.0250000953674316,2.0250000953674316,2.0250000953674316,2.0250000953674316,615.0
2024-03-01 10:16:00,CRSP,86.6500015258789,86.6500015258789,86.69999694824219,86.435302734375,86.48999786376953,8566.0
2024-03-01 10:16:00,CRVS,2.1751999855041504,2.1751999855041504,2.1751999855041504,2.1751999855041504,2.1751999855041504,2130.0
2024-03-01 10:16:00,CTKB,7.945000171661377,7.945000171661377,7.954999923706055,7.920000076293945,7.920000076293945,2678.0
2024-03-01 10:16:00,CVAC,3.450000047683716,3.450000047683716,3.450000047683716,3.444999933242798,3.444999933242798,1405.0
2024-03-01 10:16:00,CYTH,1.6200000047683716,1.6200000047683716,1.6200000047683716,1.6200000047683716,1.6200000047683716,337.0
2024-03-01 10:16:00,CYTK,74.7750015258789,74.7750015258789,74.7750015258789,74.75,74.77230072021484,1625.0
2024-03-01 10:16:00,DAWN,16.950000762939453,16.950000762939453,16.979999542236328,16.950000762939453,16.979999542236328,620.0
2024-03-01 10:16:00,DCPH,17.010000228881836,17.010000228881836,17.03499984741211,17.010000228881836,17.010000228881836,447.0
2024-03-01 10:16:00,DH,9.130000114440918,9.130000114440918,9.130000114440918,9.100000381469727,9.100000381469727,275.0
2024-03-01 10:16:00,DMTK,0.8655999898910522,0.8655999898910522,0.8700000047683716,0.8651000261306763,0.8700000047683716,941.0
2024-03-01 10:16:00,DNLI,20.645999908447266,20.645999908447266,20.655000686645508,20.6299991607666,20.6299991607666,1327.0
2024-03-01 10:16:00,DRIO,2.0250000953674316,2.0250000953674316,2.0250000953674316,2.0250000953674316,2.0250000953674316,1570.0
2024-03-01 10:16:00,DSGN,2.8299999237060547,2.8299999237060547,2.8299999237060547,2.8299999237060547,2.8299999237060547,472.0
2024-03-01 10:16:00,DTIL,13.149999618530273,13.149999618530273,13.25,13.149999618530273,13.25,955.0
2024-03-01 10:16:00,DVAX,12.734999656677246,12.734999656677246,12.75,12.734999656677246,12.75,1719.0
2024-03-01 10:16:00,DXCM,117.27999877929688,117.27999877929688,117.33999633789062,117.18000030517578,117.30999755859375,12398.0
2024-03-01 10:16:00,DYN,29.829999923706055,29.829999923706055,29.829999923706055,29.6299991607666,29.753999710083008,4890.0
2024-03-01 10:16:00,EDIT,10.710000038146973,10.710000038146973,10.729999542236328,10.710000038146973,10.729999542236328,623.0
2024-03-01 10:16:00,ELEV,4.789999961853027,4.789999961853027,4.789999961853027,4.760000228881836,4.760000228881836,6300.0
2024-03-01 10:16:00,EMBC,14.40999984741211,14.40999984741211,14.40999984741211,14.390000343322754,14.390000343322754,3413.0
2024-03-01 10:16:00,ENSG,123.8949966430664,123.8949966430664,123.8949966430664,123.8949966430664,123.8949966430664,2767.0
2024-03-01 10:16:00,ENTA,14.65999984741211,14.65999984741211,14.6850004196167,14.65999984741211,14.6850004196167,330.0
2024-03-01 10:16:00,ENVB,1.7057000398635864,1.7057000398635864,1.7786999940872192,1.6901999711990356,1.7786999940872192,70942.0
2024-03-01 10:16:00,EOLS,14.845000267028809,14.845000267028809,14.845000267028809,14.845000267028809,14.845000267028809,527.0
2024-03-01 10:16:00,ERAS,2.450000047683716,2.450000047683716,2.450000047683716,2.4402999877929688,2.4402999877929688,2702.0
2024-03-01 10:16:00,ESPR,2.5,2.5,2.509999990463257,2.490000009536743,2.509999990463257,40225.0
2024-03-01 10:16:00,ESTA,45.5,45.5,45.5,45.5,45.5,320.0
2024-03-01 10:16:00,ETNB,12.779999732971191,12.779999732971191,12.829999923706055,12.779999732971191,12.829999923706055,1595.0
2024-03-01 10:16:00,EWTX,16.639999389648438,16.639999389648438,16.639999389648438,16.600000381469727,16.600000381469727,439.0
2024-03-01 10:16:00,EXAI,6.699999809265137,6.699999809265137,6.70989990234375,6.690000057220459,6.699999809265137,7046.0
2024-03-01 10:16:00,EXAS,59.08000183105469,59.08000183105469,59.08000183105469,58.970001220703125,58.970001220703125,3197.0
2024-03-01 10:16:00,EXEL,22.405000686645508,22.405000686645508,22.420000076293945,22.399999618530273,22.399999618530273,3292.0
2024-03-01 10:16:00,FATE,7.445000171661377,7.445000171661377,7.480000019073486,7.445000171661377,7.46999979019165,1887.0
2024-03-01 10:16:00,FBIO,2.234999895095825,2.234999895095825,2.234999895095825,2.2200000286102295,2.2200000286102295,2108.0
2024-03-01 10:16:00,FDMT,29.71500015258789,29.71500015258789,29.899900436401367,29.709999084472656,29.799999237060547,2457.0
2024-03-01 10:16:00,FEMY,1.697700023651123,1.697700023651123,1.6993000507354736,1.697700023651123,1.6993000507354736,4100.0
2024-03-01 10:16:00,FGEN,1.7100000381469727,1.7100000381469727,1.715000033378601,1.7050000429153442,1.7050000429153442,2096.0
2024-03-01 10:16:00,FIXX,0.9399999976158142,0.9399999976158142,0.9399999976158142,0.9399999976158142,0.9399999976158142,606.0
2024-03-01 10:16:00,FLGT,22.799999237060547,22.799999237060547,22.799999237060547,22.799999237060547,22.799999237060547,531.0
2024-03-01 10:16:00,FOLD,13.452500343322754,13.452500343322754,13.460000038146973,13.4399995803833,13.4399995803833,2476.0
2024-03-01 10:16:00,FULC,10.520000457763672,10.520000457763672,10.539999961853027,10.510000228881836,10.510000228881836,2378.0
2024-03-01 10:16:00,GDRX,8.40999984741211,8.40999984741211,8.4399995803833,8.399999618530273,8.439599990844727,12060.0
2024-03-01 10:16:00,GERN,2.1050000190734863,2.1050000190734863,2.109999895095825,2.0999999046325684,2.1050000190734863,11455.0
2024-03-01 10:16:00,GH,19.024999618530273,19.024999618530273,19.075000762939453,19.024999618530273,19.075000762939453,1038.0
2024-03-01 10:16:00,GHRS,8.9399995803833,8.9399995803833,9.085000038146973,8.9399995803833,9.085000038146973,1736.0
2024-03-01 10:16:00,GILD,72.44499969482422,72.44499969482422,72.52999877929688,72.43499755859375,72.52999877929688,7827.0
2024-03-01 10:16:00,GMAB,28.790000915527344,28.790000915527344,28.790000915527344,28.78499984741211,28.78499984741211,1126.0
2024-03-01 10:16:00,GMDA,0.37599998712539673,0.37599998712539673,0.37599998712539673,0.37599998712539673,0.37599998712539673,1701.0
2024-03-01 10:16:00,GOSS,1.350000023841858,1.350000023841858,1.3524999618530273,1.3499000072479248,1.3499000072479248,5679.0
2024-03-01 10:16:00,GOVX,2.509999990463257,2.509999990463257,2.509999990463257,2.509999990463257,2.509999990463257,531.0
2024-03-01 10:16:00,GRFS,6.815000057220459,6.815000057220459,6.835000038146973,6.815000057220459,6.835000038146973,766.0
2024-03-01 10:16:00,GRTS,2.0399999618530273,2.0399999618530273,2.0499000549316406,2.0350000858306885,2.044600009918213,10912.0
2024-03-01 10:16:00,GTHX,3.384999990463257,3.384999990463257,3.3949999809265137,3.384999990463257,3.3949999809265137,1691.0
2024-03-01 10:16:00,HALO,40.880001068115234,40.880001068115234,40.88999938964844,40.880001068115234,40.88999938964844,680.0
2024-03-01 10:16:00,HARP,22.940000534057617,22.940000534057617,22.94499969482422,22.940000534057617,22.940000534057617,1136.0
2024-03-01 10:16:00,HCAT,8.024999618530273,8.024999618530273,8.024999618530273,8.024999618530273,8.024999618530273,624.0
2024-03-01 10:16:00,HCM,15.289999961853027,15.289999961853027,15.289999961853027,15.289999961853027,15.289999961853027,170.0
2024-03-01 10:16:00,HCTI,2.3503000736236572,2.3503000736236572,2.3550000190734863,2.3299999237060547,2.3550000190734863,869.0
2024-03-01 10:16:00,HITI,1.75,1.75,1.7549999952316284,1.75,1.7549999952316284,0.0
2024-03-01 10:16:00,HROW,10.739999771118164,10.739999771118164,10.744999885559082,10.739999771118164,10.744999885559082,401.0
2024-03-01 10:16:00,HRTX,2.634999990463257,2.634999990463257,2.634999990463257,2.630000114440918,2.630000114440918,915.0
2024-03-01 10:16:00,HSIC,77.3499984741211,77.3499984741211,77.3499984741211,77.3499984741211,77.3499984741211,174.0
2024-03-01 10:16:00,HUMA,3.199899911880493,3.199899911880493,3.2100000381469727,3.184999942779541,3.184999942779541,22095.0
2024-03-01 10:16:00,IART,36.619998931884766,36.619998931884766,36.68000030517578,36.619998931884766,36.650001525878906,1276.0
2024-03-01 10:16:00,IBRX,4.840000152587891,4.840000152587891,4.860099792480469,4.831299781799316,4.860000133514404,11029.0
2024-03-01 10:16:00,ICLR,324.0400085449219,324.0400085449219,324.0400085449219,324.0400085449219,324.0400085449219,130.0
2024-03-01 10:16:00,ICUI,105.3550033569336,105.3550033569336,105.3550033569336,105.3550033569336,105.3550033569336,152.0
2024-03-01 10:16:00,IDXX,570.5999755859375,570.5999755859375,570.5999755859375,570.2000122070312,570.25,1765.0
2024-03-01 10:16:00,IDYA,45.86000061035156,45.86000061035156,46.02859878540039,45.86000061035156,45.98500061035156,1839.0
2024-03-01 10:16:00,IINN,1.659999966621399,1.659999966621399,1.659999966621399,1.6399999856948853,1.6399999856948853,460.0
2024-03-01 10:16:00,ILMN,138.35499572753906,138.35499572753906,138.52000427246094,138.25,138.38499450683594,2705.0
2024-03-01 10:16:00,IMMX,3.541800022125244,3.541800022125244,3.541800022125244,3.5299999713897705,3.5299999713897705,1134.0
2024-03-01 10:16:00,IMTX,12.989999771118164,12.989999771118164,13.0,12.989999771118164,13.0,831.0
2024-03-01 10:16:00,IMUX,1.5099999904632568,1.5099999904632568,1.5099999904632568,1.5099999904632568,1.5099999904632568,1274.0
2024-03-01 10:16:00,IMVT,36.709999084472656,36.709999084472656,36.73500061035156,36.70000076293945,36.73500061035156,1269.0
2024-03-01 10:16:00,INBX,36.875,36.875,36.875,36.869998931884766,36.869998931884766,597.0
2024-03-01 10:16:00,INCY,58.63999938964844,58.63999938964844,58.63999938964844,58.56999969482422,58.61000061035156,3836.0
2024-03-01 10:16:00,INMD,22.43000030517578,22.43000030517578,22.440000534057617,22.420000076293945,22.440000534057617,2802.0
2024-03-01 10:16:00,INVA,15.257499694824219,15.257499694824219,15.270000457763672,15.25,15.265000343322754,2891.0
2024-03-01 10:16:00,INZY,6.494999885559082,6.494999885559082,6.494999885559082,6.46999979019165,6.46999979019165,5980.0
2024-03-01 10:16:00,IOBT,1.6722999811172485,1.6722999811172485,1.6722999811172485,1.6722999811172485,1.6722999811172485,561.0
2024-03-01 10:16:00,IONS,45.470001220703125,45.470001220703125,45.56999969482422,45.470001220703125,45.56999969482422,2109.0
2024-03-01 10:16:00,IOVA,16.759899139404297,16.759899139404297,16.8799991607666,16.750200271606445,16.864999771118164,43958.0
2024-03-01 10:16:00,IRIX,2.640000104904175,2.640000104904175,2.640000104904175,2.640000104904175,2.640000104904175,864.0
2024-03-01 10:16:00,IRTC,117.68000030517578,117.68000030517578,117.68000030517578,117.4749984741211,117.5,531.0
2024-03-01 10:16:00,IRWD,8.899999618530273,8.899999618530273,8.907500267028809,8.899999618530273,8.904999732971191,6531.0
2024-03-01 10:16:00,ISRG,388.6600036621094,388.6600036621094,388.6700134277344,388.5,388.6700134277344,994.0
2024-03-01 10:16:00,ITOS,10.728500366210938,10.728500366210938,10.739999771118164,10.728500366210938,10.739999771118164,511.0
2024-03-01 10:16:00,ITRM,1.2400000095367432,1.2400000095367432,1.2400000095367432,1.2400000095367432,1.2400000095367432,201.0
2024-03-01 10:16:00,IVVD,3.950000047683716,3.950000047683716,3.950000047683716,3.940000057220459,3.940000057220459,790.0
2024-03-01 10:16:00,IXHL,5.21999979019165,5.21999979019165,5.320000171661377,5.21999979019165,5.250100135803223,1498.0
2024-03-01 10:16:00,JAGX,0.09430000185966492,0.09430000185966492,0.10000000149011612,0.09049999713897705,0.09049999713897705,4388567.0
2024-03-01 10:16:00,JANX,46.65999984741211,46.65999984741211,46.65999984741211,46.65999984741211,46.65999984741211,173.0
2024-03-01 10:16:00,JAZZ,120.05999755859375,120.05999755859375,120.18499755859375,120.0199966430664,120.05500030517578,2021.0
2024-03-01 10:16:00,KNSA,21.8700008392334,21.8700008392334,21.90999984741211,21.8700008392334,21.899999618530273,426.0
2024-03-01 10:16:00,KOD,5.989999771118164,5.989999771118164,5.989999771118164,5.989999771118164,5.989999771118164,480.0
2024-03-01 10:16:00,KROS,68.93000030517578,68.93000030517578,68.93000030517578,68.93000030517578,68.93000030517578,200.0
2024-03-01 10:16:00,KRTX,316.1659851074219,316.1659851074219,316.1659851074219,316.1659851074219,316.1659851074219,312.0
2024-03-01 10:16:00,KTRA,0.10239999741315842,0.10239999741315842,0.10239999741315842,0.10100000351667404,0.10100000351667404,7050.0
2024-03-01 10:16:00,KURA,21.280000686645508,21.280000686645508,21.280000686645508,21.264999389648438,21.264999389648438,408.0
2024-03-01 10:16:00,KYMR,43.38750076293945,43.38750076293945,43.38750076293945,43.3849983215332,43.3849983215332,275.0
2024-03-01 10:16:00,LAB,2.299999952316284,2.299999952316284,2.299999952316284,2.299999952316284,2.299999952316284,428.0
2024-03-01 10:16:00,LBPH,22.049999237060547,22.049999237060547,22.049999237060547,22.049999237060547,22.049999237060547,153.0
2024-03-01 10:16:00,LEXX,2.599400043487549,2.599400043487549,2.599400043487549,2.599400043487549,2.599400043487549,850.0
2024-03-01 10:16:00,LFMD,8.0,8.0,8.0,8.0,8.0,190.0
2024-03-01 10:16:00,LGND,80.55999755859375,80.55999755859375,80.63490295410156,80.55999755859375,80.63490295410156,374.0
2024-03-01 10:16:00,LVTX,3.015000104904175,3.015000104904175,3.0299999713897705,3.015000104904175,3.0250000953674316,505.0
2024-03-01 10:16:00,LXRX,2.450000047683716,2.450000047683716,2.4511001110076904,2.450000047683716,2.4511001110076904,4762.0
2024-03-01 10:16:00,LYEL,3.059999942779541,3.059999942779541,3.059999942779541,3.059999942779541,3.059999942779541,400.0
2024-03-01 10:16:00,MASI,126.4800033569336,126.4800033569336,126.73999786376953,126.4800033569336,126.6050033569336,3968.0
2024-03-01 10:16:00,MCRB,1.1749999523162842,1.1749999523162842,1.1749999523162842,1.1749999523162842,1.1749999523162842,2501.0
2024-03-01 10:16:00,MDGL,244.2100067138672,244.2100067138672,244.2100067138672,244.2100067138672,244.2100067138672,404.0
2024-03-01 10:16:00,MDRX,5.849999904632568,5.849999904632568,5.980000019073486,5.849999904632568,5.849999904632568,53228.0
2024-03-01 10:16:00,MDXG,8.505000114440918,8.505000114440918,8.520000457763672,8.5,8.520000457763672,5449.0
2024-03-01 10:16:00,ME,0.5674999952316284,0.5674999952316284,0.5687999725341797,0.5669000148773193,0.5687000155448914,6786.0
2024-03-01 10:16:00,MGNX,19.014999389648438,19.014999389648438,19.040000915527344,18.864999771118164,18.8799991607666,4604.0
2024-03-01 10:16:00,MGTX,6.175000190734863,6.175000190734863,6.199999809265137,6.175000190734863,6.184999942779541,2131.0
2024-03-01 10:16:00,MIRM,28.934999465942383,28.934999465942383,28.989999771118164,28.934999465942383,28.989999771118164,1218.0
2024-03-01 10:16:00,MNKD,4.449999809265137,4.449999809265137,4.46999979019165,4.449999809265137,4.46750020980835,11732.0
2024-03-01 10:16:00,MNMD,5.809999942779541,5.809999942779541,5.815000057220459,5.809999942779541,5.810999870300293,1549.0
2024-03-01 10:16:00,MNOV,1.3300000429153442,1.3300000429153442,1.3350000381469727,1.3300000429153442,1.3350000381469727,634.0
2024-03-01 10:16:00,MNPR,0.781000018119812,0.781000018119812,0.788100004196167,0.7749999761581421,0.788100004196167,1944.0
2024-03-01 10:16:00,MORF,38.21189880371094,38.21189880371094,38.27000045776367,38.21189880371094,38.27000045776367,439.0
2024-03-01 10:16:00,MREO,3.869800090789795,3.869800090789795,3.869800090789795,3.869800090789795,3.869800090789795,200.0
2024-03-01 10:16:00,MRNA,94.19999694824219,94.19999694824219,94.31999969482422,94.15499877929688,94.25,6393.0
2024-03-01 10:16:00,MRNS,9.710000038146973,9.710000038146973,9.710000038146973,9.710000038146973,9.710000038146973,468.0
2024-03-01 10:16:00,MRSN,6.031400203704834,6.031400203704834,6.039999961853027,5.960000038146973,6.039999961853027,6097.0
2024-03-01 10:16:00,MRUS,49.95000076293945,49.95000076293945,49.959999084472656,49.47999954223633,49.59000015258789,5930.0
2024-03-01 10:16:00,MRVI,7.730000019073486,7.730000019073486,7.730000019073486,7.71999979019165,7.71999979019165,1363.0
2024-03-01 10:16:00,MXCT,4.710000038146973,4.710000038146973,4.715000152587891,4.710000038146973,4.715000152587891,6149.0
2024-03-01 10:16:00,MYGN,20.920000076293945,20.920000076293945,20.920000076293945,20.889999389648438,20.915000915527344,772.0
2024-03-01 10:16:00,NARI,45.03499984741211,45.03499984741211,45.040000915527344,44.9900016784668,45.0,84984.0
2024-03-01 10:16:00,NBIX,130.80999755859375,130.80999755859375,130.85000610351562,130.68499755859375,130.68499755859375,3153.0
2024-03-01 10:16:00,NEO,15.8149995803833,15.8149995803833,15.8149995803833,15.8149995803833,15.8149995803833,143.0
2024-03-01 10:16:00,NEOG,16.8799991607666,16.8799991607666,16.889999389648438,16.875,16.8799991607666,5053.0
2024-03-01 10:16:00,NEPT,0.4496000111103058,0.4496000111103058,0.4496000111103058,0.4496000111103058,0.4496000111103058,0.0
2024-03-01 10:16:00,NKTX,12.350000381469727,12.350000381469727,12.350000381469727,12.350000381469727,12.350000381469727,190.0
2024-03-01 10:16:00,NNOX,11.139900207519531,11.139900207519531,11.149999618530273,11.130000114440918,11.14009952545166,8061.0
2024-03-01 10:16:00,NOTV,7.485000133514404,7.485000133514404,7.485000133514404,7.485000133514404,7.485000133514404,5065.0
2024-03-01 10:16:00,NRC,40.380001068115234,40.380001068115234,40.380001068115234,40.31999969482422,40.31999969482422,906.0
2024-03-01 10:16:00,NRIX,12.949999809265137,12.949999809265137,12.949999809265137,12.949999809265137,12.949999809265137,303.0
2024-03-01 10:16:00,NRXP,0.42010000348091125,0.42010000348091125,0.43070000410079956,0.42010000348091125,0.4300000071525574,0.0
2024-03-01 10:16:00,NTLA,33.43000030517578,33.43000030517578,33.54999923706055,33.43000030517578,33.52009963989258,17411.0
2024-03-01 10:16:00,NTRA,89.00740051269531,89.00740051269531,89.02999877929688,88.9000015258789,89.02999877929688,4773.0
2024-03-01 10:16:00,NUWE,0.5684999823570251,0.5684999823570251,0.5684999823570251,0.5684999823570251,0.5684999823570251,0.0
2024-03-01 10:16:00,NVAX,4.954999923706055,4.954999923706055,4.96999979019165,4.949999809265137,4.960000038146973,5640.0
2024-03-01 10:16:00,NVCR,15.34000015258789,15.34000015258789,15.34000015258789,15.329999923706055,15.329999923706055,1123.0
2024-03-01 10:16:00,NVOS,0.6294000148773193,0.6294000148773193,0.6294000148773193,0.6294000148773193,0.6294000148773193,482.0
2024-03-01 10:16:00,NXGL,2.4700000286102295,2.4700000286102295,2.4700000286102295,2.4600000381469727,2.4600000381469727,518.0
2024-03-01 10:16:00,NXTC,1.7000000476837158,1.7000000476837158,1.7000000476837158,1.690000057220459,1.690000057220459,1494.0
2024-03-01 10:16:00,OCGN,0.9121000170707703,0.9121000170707703,0.9199000000953674,0.9117000102996826,0.9118000268936157,6359.0
2024-03-01 10:16:00,OCUL,10.279999732971191,10.279999732971191,10.279999732971191,10.234999656677246,10.26930046081543,9970.0
2024-03-01 10:16:00,OGI,2.0601000785827637,2.0601000785827637,2.0601000785827637,2.0601000785827637,2.0601000785827637,1705.0
2024-03-01 10:16:00,OLK,22.59000015258789,22.59000015258789,22.59000015258789,22.53499984741211,22.53499984741211,2543.0
2024-03-01 10:16:00,OM,3.0220000743865967,3.0220000743865967,3.0250000953674316,3.0220000743865967,3.0250000953674316,1002.0
2024-03-01 10:16:00,OMCL,26.15999984741211,26.15999984741211,26.233299255371094,26.15999984741211,26.19499969482422,1818.0
2024-03-01 10:16:00,OMER,4.71999979019165,4.71999979019165,4.720300197601318,4.71999979019165,4.720300197601318,906.0
2024-03-01 10:16:00,OMGA,4.110000133514404,4.110000133514404,4.110000133514404,4.110000133514404,4.110000133514404,256.0
2024-03-01 10:16:00,OMIC,0.5774999856948853,0.5774999856948853,0.5774999856948853,0.5726000070571899,0.5726000070571899,1455.0
2024-03-01 10:17:00,ABCL,5.105000019073486,5.105000019073486,5.119999885559082,5.105000019073486,5.119999885559082,3455.0
2024-03-01 10:17:00,ABEO,7.551000118255615,7.551000118255615,7.551000118255615,7.551000118255615,7.551000118255615,1004.0
2024-03-01 10:17:00,ABIO,1.659999966621399,1.659999966621399,1.659999966621399,1.659999966621399,1.659999966621399,200.0
2024-03-01 10:17:00,ABOS,4.650000095367432,4.650000095367432,4.664999961853027,4.643400192260742,4.664999961853027,1641.0
2024-03-01 10:17:00,ABSI,5.139999866485596,5.139999866485596,5.139999866485596,5.130000114440918,5.130000114440918,400.0
2024-03-01 10:17:00,ACAD,23.790000915527344,23.790000915527344,23.809999465942383,23.7549991607666,23.760000228881836,3725.0
2024-03-01 10:17:00,ACB,3.0250000953674316,3.0250000953674316,3.0299999713897705,3.0199999809265137,3.021399974822998,1028.0
2024-03-01 10:17:00,ACCD,10.1899995803833,10.1899995803833,10.21500015258789,10.1899995803833,10.21500015258789,1469.0
2024-03-01 10:17:00,ACHC,83.30999755859375,83.30999755859375,83.30999755859375,83.30999755859375,83.30999755859375,867.0
2024-03-01 10:17:00,ACLX,69.62999725341797,69.62999725341797,69.62999725341797,69.62999725341797,69.62999725341797,375.0
2024-03-01 10:17:00,ACRS,1.2400000095367432,1.2400000095367432,1.2400000095367432,1.2400000095367432,1.2400000095367432,500.0
2024-03-01 10:17:00,ADAP,1.590000033378601,1.590000033378601,1.590000033378601,1.5700000524520874,1.5880000591278076,5883.0
2024-03-01 10:17:00,ADIL,3.2144999504089355,3.2144999504089355,3.279900074005127,3.2144999504089355,3.2699999809265137,57766.0
2024-03-01 10:17:00,ADMA,5.369999885559082,5.369999885559082,5.369999885559082,5.361000061035156,5.361000061035156,1824.0
2024-03-01 10:17:00,AGEN,0.6700999736785889,0.6700999736785889,0.6700999736785889,0.6700999736785889,0.6700999736785889,12029.0
2024-03-01 10:17:00,AGIO,32.529998779296875,32.529998779296875,32.529998779296875,32.529998779296875,32.529998779296875,276.0
2024-03-01 10:17:00,AHCO,10.559700012207031,10.559700012207031,10.559700012207031,10.559700012207031,10.559700012207031,408.0
2024-03-01 10:17:00,AKAN,0.2721000015735626,0.2721000015735626,0.27219998836517334,0.2721000015735626,0.27219998836517334,7092.0
2024-03-01 10:17:00,AKBA,1.649999976158142,1.649999976158142,1.649999976158142,1.6449999809265137,1.6449999809265137,1289.0
2024-03-01 10:17:00,AKRO,27.989999771118164,27.989999771118164,28.125,27.959999084472656,28.079999923706055,1616.0
2024-03-01 10:17:00,ALDX,4.074999809265137,4.074999809265137,4.079999923706055,4.074999809265137,4.079999923706055,3533.0
2024-03-01 10:17:00,ALEC,7.400000095367432,7.400000095367432,7.409999847412109,7.400000095367432,7.409999847412109,1535.0
2024-03-01 10:17:00,ALGN,298.8599853515625,298.8599853515625,298.92999267578125,298.4849853515625,298.4849853515625,1272.0
2024-03-01 10:17:00,ALHC,5.90500020980835,5.90500020980835,5.934999942779541,5.889999866485596,5.920000076293945,21367.0
2024-03-01 10:17:00,ALKS,30.030000686645508,30.030000686645508,30.030000686645508,30.020000457763672,30.020000457763672,571.0
2024-03-01 10:17:00,ALLK,1.590000033378601,1.590000033378601,1.590000033378601,1.587499976158142,1.590000033378601,355.0
2024-03-01 10:17:00,ALLO,5.008800029754639,5.008800029754639,5.010000228881836,5.0,5.0,2863.0
2024-03-01 10:17:00,ALLR,0.3930000066757202,0.3930000066757202,0.3930000066757202,0.3930000066757202,0.3930000066757202,2329.0
2024-03-01 10:17:00,ALNY,152.27499389648438,152.27499389648438,152.27999877929688,152.27499389648438,152.27999877929688,406.0
2024-03-01 10:17:00,ALPN,36.119998931884766,36.119998931884766,36.2598991394043,36.119998931884766,36.2598991394043,7086.0
2024-03-01 10:17:00,ALT,12.255000114440918,12.255000114440918,12.255000114440918,12.1899995803833,12.229999542236328,19959.0
2024-03-01 10:17:00,ALVO,15.654999732971191,15.654999732971191,15.654999732971191,15.654999732971191,15.654999732971191,200.0
2024-03-01 10:17:00,ALVR,0.7494999766349792,0.7494999766349792,0.7494999766349792,0.7494999766349792,0.7494999766349792,1300.0
2024-03-01 10:17:00,ALZN,0.925000011920929,0.925000011920929,0.925000011920929,0.925000011920929,0.925000011920929,301.0
2024-03-01 10:17:00,AMGN,279.5849914550781,279.5849914550781,279.6600036621094,279.3550109863281,279.42999267578125,12030.0
2024-03-01 10:17:00,AMLX,18.8700008392334,18.8700008392334,18.8700008392334,18.825000762939453,18.84000015258789,12735.0
2024-03-01 10:17:00,AMPH,46.290000915527344,46.290000915527344,46.34000015258789,46.290000915527344,46.310001373291016,1144.0
2024-03-01 10:17:00,AMRN,1.020799994468689,1.020799994468689,1.024999976158142,1.0200999975204468,1.024999976158142,5100.0
2024-03-01 10:17:00,ANGO,5.324999809265137,5.324999809265137,5.324999809265137,5.320000171661377,5.320000171661377,0.0
2024-03-01 10:17:00,ANNX,5.880000114440918,5.880000114440918,5.889999866485596,5.880000114440918,5.889999866485596,540.0
2024-03-01 10:17:00,APLS,62.9109001159668,62.9109001159668,62.964900970458984,62.630001068115234,62.68000030517578,5117.0
2024-03-01 10:17:00,APLT,7.349999904632568,7.349999904632568,7.349999904632568,7.329999923706055,7.329999923706055,2456.0
2024-03-01 10:17:00,AQST,4.230000019073486,4.230000019073486,4.23799991607666,4.199999809265137,4.199999809265137,6909.0
2024-03-01 10:17:00,ARCT,40.22999954223633,40.22999954223633,40.22999954223633,40.22999954223633,40.22999954223633,220.0
2024-03-01 10:17:00,ARDX,9.675000190734863,9.675000190734863,9.699999809265137,9.675000190734863,9.6899995803833,5389.0
2024-03-01 10:17:00,ARGX,382.69000244140625,382.69000244140625,382.9649963378906,382.3900146484375,382.4750061035156,5868.0
2024-03-01 10:17:00,ARQT,10.625,10.625,10.670000076293945,10.569999694824219,10.59000015258789,15618.0
2024-03-01 10:17:00,ARVN,50.5099983215332,50.5099983215332,50.5099983215332,50.5099983215332,50.5099983215332,461.0
2024-03-01 10:17:00,ARWR,34.56999969482422,34.56999969482422,34.65999984741211,34.564998626708984,34.65999984741211,1693.0
2024-03-01 10:17:00,ASLN,0.8209999799728394,0.8209999799728394,0.8209999799728394,0.8209999799728394,0.8209999799728394,100.0
2024-03-01 10:17:00,ASND,148.55999755859375,148.55999755859375,148.55999755859375,148.55999755859375,148.55999755859375,267.0
2024-03-01 10:17:00,ASRT,0.9200000166893005,0.9200000166893005,0.9200000166893005,0.9199000000953674,0.9199000000953674,114.0
2024-03-01 10:17:00,ATEC,13.244999885559082,13.244999885559082,13.260000228881836,13.234999656677246,13.239999771118164,3442.0
2024-03-01 10:17:00,ATOS,0.9948999881744385,0.9948999881744385,0.9948999881744385,0.9948999881744385,0.9948999881744385,1009.0
2024-03-01 10:17:00,ATRC,35.33000183105469,35.33000183105469,35.38999938964844,35.33000183105469,35.38999938964844,805.0
2024-03-01 10:17:00,ATXI,0.1527000069618225,0.1527000069618225,0.1527000069618225,0.1527000069618225,0.1527000069618225,764.0
2024-03-01 10:17:00,ATXS,14.710000038146973,14.710000038146973,14.710000038146973,14.680000305175781,14.710000038146973,1027.0
2024-03-01 10:17:00,AUGX,4.490099906921387,4.490099906921387,4.490099906921387,4.490099906921387,4.490099906921387,600.0
2024-03-01 10:17:00,AUPH,5.730000019073486,5.730000019073486,5.730000019073486,5.724999904632568,5.724999904632568,2723.0
2024-03-01 10:17:00,AUTL,6.210000038146973,6.210000038146973,6.230000019073486,6.210000038146973,6.230000019073486,883.0
2024-03-01 10:17:00,AVAH,2.3350000381469727,2.3350000381469727,2.3350000381469727,2.3350000381469727,2.3350000381469727,172.0
2024-03-01 10:17:00,AVDL,12.744999885559082,12.744999885559082,12.760000228881836,12.715999603271484,12.729999542236328,5781.0
2024-03-01 10:17:00,AVXL,5.224999904632568,5.224999904632568,5.230000019073486,5.224999904632568,5.230000019073486,295.0
2024-03-01 10:17:00,AWH,4.110000133514404,4.110000133514404,4.110000133514404,4.110000133514404,4.110000133514404,100.0
2024-03-01 10:17:00,AXSM,83.12000274658203,83.12000274658203,83.19000244140625,83.12000274658203,83.19000244140625,762.0
2024-03-01 10:17:00,AZN,64.30999755859375,64.30999755859375,64.33499908447266,64.29499816894531,64.33000183105469,11969.0
2024-03-01 10:17:00,BBIO,35.9900016784668,35.9900016784668,35.9900016784668,35.90679931640625,35.91999816894531,3144.0
2024-03-01 10:17:00,BCAB,2.796299934387207,2.796299934387207,2.819999933242798,2.7918999195098877,2.819999933242798,2242.0
2024-03-01 10:17:00,BCRX,5.704999923706055,5.704999923706055,5.704999923706055,5.699999809265137,5.704999923706055,5629.0
2024-03-01 10:17:00,BCYC,25.780000686645508,25.780000686645508,25.780000686645508,25.639999389648438,25.639999389648438,222.0
2024-03-01 10:17:00,BEAM,40.564998626708984,40.564998626708984,40.720001220703125,40.52000045776367,40.720001220703125,2383.0
2024-03-01 10:17:00,BGXX,0.26989999413490295,0.26989999413490295,0.27000001072883606,0.267300009727478,0.267300009727478,2132.0
2024-03-01 10:17:00,BIOL,0.13619999587535858,0.13619999587535858,0.13660000264644623,0.13619999587535858,0.13650000095367432,50269.0
2024-03-01 10:17:00,BIOR,1.2100000381469727,1.2100000381469727,1.2100000381469727,1.2100000381469727,1.2100000381469727,155.0
2024-03-01 10:17:00,BIVI,2.8721001148223877,2.8721001148223877,2.9000000953674316,2.8101000785827637,2.8380000591278076,226850.0
2024-03-01 10:17:00,BLFS,17.270000457763672,17.270000457763672,17.270000457763672,17.270000457763672,17.270000457763672,300.0
2024-03-01 10:17:00,BLPH,0.051500000059604645,0.051500000059604645,0.051500000059604645,0.051500000059604645,0.051500000059604645,5448.0
2024-03-01 10:17:00,BLUE,1.600000023841858,1.600000023841858,1.600000023841858,1.5850000381469727,1.5850000381469727,26069.0
2024-03-01 10:17:00,BMEA,17.672100067138672,17.672100067138672,17.672100067138672,17.672100067138672,17.672100067138672,394.0
2024-03-01 10:17:00,BMRN,86.16999816894531,86.16999816894531,86.16999816894531,86.1449966430664,86.1449966430664,496.0
2024-03-01 10:17:00,BNTC,5.039999961853027,5.039999961853027,5.039999961853027,5.039999961853027,5.039999961853027,867.0
2024-03-01 10:17:00,BPMC,97.26000213623047,97.26000213623047,97.41500091552734,97.26000213623047,97.41500091552734,448.0
2024-03-01 10:17:00,BRKR,87.3550033569336,87.3550033569336,87.36499786376953,87.3550033569336,87.36499786376953,520.0
2024-03-01 10:17:00,BTCY,0.9300000071525574,0.9300000071525574,0.9300000071525574,0.9300000071525574,0.9300000071525574,0.0
2024-03-01 10:17:00,BTMD,6.099800109863281,6.099800109863281,6.099800109863281,6.09499979019165,6.09499979019165,653.0
2024-03-01 10:17:00,BTTX,0.16120000183582306,0.16120000183582306,0.16120000183582306,0.16120000183582306,0.16120000183582306,5200.0
2024-03-01 10:17:00,BWAY,6.601600170135498,6.601600170135498,6.601600170135498,6.599999904632568,6.599999904632568,1704.0
2024-03-01 10:17:00,CABA,24.1200008392334,24.1200008392334,24.135000228881836,24.1200008392334,24.135000228881836,701.0
2024-03-01 10:17:00,CARA,0.8700000047683716,0.8700000047683716,0.8700000047683716,0.8700000047683716,0.8700000047683716,500.0
2024-03-01 10:17:00,CBAY,32.2400016784668,32.2400016784668,32.2400016784668,32.2400016784668,32.2400016784668,48472.0
2024-03-01 10:17:00,CCCC,11.005000114440918,11.005000114440918,11.010000228881836,11.0,11.0,1871.0
2024-03-01 10:17:00,CCRN,17.90999984741211,17.90999984741211,17.90999984741211,17.90999984741211,17.90999984741211,1292.0
2024-03-01 10:17:00,CDMO,7.809999942779541,7.809999942779541,7.823599815368652,7.809999942779541,7.823599815368652,856.0
2024-03-01 10:17:00,CDNA,11.989999771118164,11.989999771118164,12.010000228881836,11.989999771118164,12.010000228881836,656.0
2024-03-01 10:17:00,CDXS,4.260000228881836,4.260000228881836,4.260000228881836,4.255000114440918,4.260000228881836,1050.0
2024-03-01 10:17:00,CERE,41.130001068115234,41.130001068115234,41.130001068115234,41.11000061035156,41.130001068115234,1739.0
2024-03-01 10:17:00,CERS,2.174999952316284,2.174999952316284,2.180000066757202,2.174999952316284,2.180000066757202,1370.0
2024-03-01 10:17:00,CERT,17.950000762939453,17.950000762939453,18.09000015258789,17.950000762939453,18.014999389648438,20642.0
2024-03-01 10:17:00,CGC,3.1649999618530273,3.1649999618530273,3.1698999404907227,3.1600000858306885,3.1600000858306885,1734.0
2024-03-01 10:17:00,CHRS,2.2950000762939453,2.2950000762939453,2.2950000762939453,2.2899999618530273,2.2899999618530273,0.0
2024-03-01 10:17:00,CING,1.2373000383377075,1.2373000383377075,1.2558000087738037,1.2373000383377075,1.2558000087738037,100.0
2024-03-01 10:17:00,CJJD,2.9700000286102295,2.9700000286102295,2.9700000286102295,2.9700000286102295,2.9700000286102295,593.0
2024-03-01 10:17:00,CLDX,51.58000183105469,51.58000183105469,51.70000076293945,51.369998931884766,51.369998931884766,7528.0
2024-03-01 10:17:00,CLOV,0.8650000095367432,0.8650000095367432,0.8672999739646912,0.8650000095367432,0.8672999739646912,2810.0
2024-03-01 10:17:00,CLRB,4.010000228881836,4.010000228881836,4.010000228881836,4.010000228881836,4.010000228881836,113.0
2024-03-01 10:17:00,CNSP,0.30869999527931213,0.30869999527931213,0.3100000023841858,0.30000001192092896,0.30869999527931213,3899.0
2024-03-01 10:17:00,CNTA,10.621299743652344,10.621299743652344,10.621299743652344,10.621299743652344,10.621299743652344,1220.0
2024-03-01 10:17:00,CNTX,1.1535999774932861,1.1535999774932861,1.1535999774932861,1.1535999774932861,1.1535999774932861,600.0
2024-03-01 10:17:00,COCP,1.4600000381469727,1.4600000381469727,1.4600000381469727,1.4600000381469727,1.4600000381469727,0.0
2024-03-01 10:17:00,COGT,7.309999942779541,7.309999942779541,7.309999942779541,7.300000190734863,7.300000190734863,1102.0
2024-03-01 10:17:00,COLL,37.39500045776367,37.39500045776367,37.39500045776367,37.39500045776367,37.39500045776367,152.0
2024-03-01 10:17:00,CORT,23.799999237060547,23.799999237060547,23.799999237060547,23.799999237060547,23.799999237060547,297.0
2024-03-01 10:17:00,CPRX,16.8174991607666,16.8174991607666,16.81999969482422,16.780000686645508,16.78499984741211,3159.0
2024-03-01 10:17:00,CPSI,9.289999961853027,9.289999961853027,9.350000381469727,9.289999961853027,9.350000381469727,1495.0
2024-03-01 10:17:00,CRBU,8.045000076293945,8.045000076293945,8.0600004196167,8.045000076293945,8.0600004196167,1517.0
2024-03-01 10:17:00,CRDF,2.390199899673462,2.390199899673462,2.430000066757202,2.390000104904175,2.4200000762939453,51271.0
2024-03-01 10:17:00,CRDL,2.050100088119507,2.050100088119507,2.050100088119507,2.050100088119507,2.050100088119507,398.0
2024-03-01 10:17:00,CRNX,44.939998626708984,44.939998626708984,44.939998626708984,44.92499923706055,44.92499923706055,2126.0
2024-03-01 10:17:00,CRON,2.0239999294281006,2.0239999294281006,2.0250000953674316,2.0239999294281006,2.0250000953674316,1879.0
2024-03-01 10:17:00,CRSP,86.4385986328125,86.4385986328125,86.6500015258789,86.30999755859375,86.6500015258789,5287.0
2024-03-01 10:17:00,CSTL,19.77910041809082,19.77910041809082,19.77910041809082,19.68000030517578,19.68000030517578,2027.0
2024-03-01 10:17:00,CTKB,7.940000057220459,7.940000057220459,7.940000057220459,7.940000057220459,7.940000057220459,304.0
2024-03-01 10:17:00,CTSO,0.9302999973297119,0.9302999973297119,0.9311000108718872,0.9302999973297119,0.9311000108718872,266.0
2024-03-01 10:17:00,CUE,2.1050000190734863,2.1050000190734863,2.1050000190734863,2.1050000190734863,2.1050000190734863,868.0
2024-03-01 10:17:00,CUTR,2.315000057220459,2.315000057220459,2.3297998905181885,2.315000057220459,2.3297998905181885,4877.0
2024-03-01 10:17:00,CVAC,3.450000047683716,3.450000047683716,3.450000047683716,3.450000047683716,3.450000047683716,316.0
2024-03-01 10:17:00,CYTK,74.8949966430664,74.8949966430664,74.94999694824219,74.73999786376953,74.80000305175781,2329.0
2024-03-01 10:17:00,DAWN,16.889999389648438,16.889999389648438,16.93000030517578,16.889999389648438,16.93000030517578,528.0
2024-03-01 10:17:00,DCGO,4.045000076293945,4.045000076293945,4.045000076293945,4.045000076293945,4.045000076293945,116.0
2024-03-01 10:17:00,DH,9.100000381469727,9.100000381469727,9.100000381469727,9.100000381469727,9.100000381469727,200.0
2024-03-01 10:17:00,DMTK,0.861299991607666,0.861299991607666,0.8700000047683716,0.861299991607666,0.8700000047683716,24172.0
2024-03-01 10:17:00,DNLI,20.612499237060547,20.612499237060547,20.6200008392334,20.600000381469727,20.6200008392334,2027.0
2024-03-01 10:17:00,DTIL,13.149999618530273,13.149999618530273,13.149999618530273,13.100000381469727,13.145000457763672,8382.0
2024-03-01 10:17:00,DVAX,12.755000114440918,12.755000114440918,12.760000228881836,12.734999656677246,12.739899635314941,10120.0
2024-03-01 10:17:00,DXCM,117.37999725341797,117.37999725341797,117.4000015258789,117.28500366210938,117.28500366210938,11605.0
2024-03-01 10:17:00,DYN,29.75,29.75,29.80120086669922,29.719999313354492,29.80120086669922,471.0
2024-03-01 10:17:00,EDIT,10.680000305175781,10.680000305175781,10.723899841308594,10.680000305175781,10.723899841308594,4203.0
2024-03-01 10:17:00,EFTR,14.488200187683105,14.488200187683105,14.550000190734863,14.488200187683105,14.49940013885498,2745.0
2024-03-01 10:17:00,ELEV,4.800000190734863,4.800000190734863,4.800000190734863,4.758800029754639,4.758800029754639,6433.0
2024-03-01 10:17:00,EMBC,14.40999984741211,14.40999984741211,14.40999984741211,14.40999984741211,14.40999984741211,313.0
2024-03-01 10:17:00,ENSC,0.9150999784469604,0.9150999784469604,0.9150999784469604,0.9150999784469604,0.9150999784469604,0.0
2024-03-01 10:17:00,ENSG,124.06500244140625,124.06500244140625,124.12999725341797,123.94999694824219,124.04000091552734,4297.0
2024-03-01 10:17:00,ENTA,14.630000114440918,14.630000114440918,14.630000114440918,14.630000114440918,14.630000114440918,85.0
2024-03-01 10:17:00,ENVB,1.7196999788284302,1.7196999788284302,1.7196999788284302,1.690000057220459,1.7069000005722046,51088.0
2024-03-01 10:17:00,EOLS,14.83240032196045,14.83240032196045,14.84000015258789,14.83240032196045,14.84000015258789,249.0
2024-03-01 10:17:00,ESPR,2.490000009536743,2.490000009536743,2.490000009536743,2.484999895095825,2.484999895095825,1125.0
2024-03-01 10:17:00,ESTA,45.7400016784668,45.7400016784668,45.7400016784668,45.7400016784668,45.7400016784668,246.0
2024-03-01 10:17:00,ETNB,12.739999771118164,12.739999771118164,12.739999771118164,12.720000267028809,12.729999542236328,3486.0
2024-03-01 10:17:00,EWTX,16.600000381469727,16.600000381469727,16.639999389648438,16.600000381469727,16.610000610351562,741.0
2024-03-01 10:17:00,EXAI,6.699999809265137,6.699999809265137,6.699999809265137,6.699999809265137,6.699999809265137,204.0
2024-03-01 10:17:00,EXAS,59.099998474121094,59.099998474121094,59.125,59.060001373291016,59.099998474121094,4782.0
2024-03-01 10:17:00,EXEL,22.405000686645508,22.405000686645508,22.405000686645508,22.375,22.399999618530273,4800.0
2024-03-01 10:17:00,EYEN,2.100100040435791,2.100100040435791,2.109999895095825,2.100100040435791,2.100100040435791,4948.0
2024-03-01 10:17:00,EYPT,28.354999542236328,28.354999542236328,28.440000534057617,28.354999542236328,28.440000534057617,879.0
2024-03-01 10:17:00,FATE,7.40500020980835,7.40500020980835,7.440000057220459,7.400000095367432,7.440000057220459,6679.0
2024-03-01 10:17:00,FBIO,2.2300000190734863,2.2300000190734863,2.231600046157837,2.2300000190734863,2.231600046157837,1185.0
2024-03-01 10:17:00,FDMT,29.7450008392334,29.7450008392334,29.7450008392334,29.7450008392334,29.7450008392334,101.0
2024-03-01 10:17:00,FEMY,1.690000057220459,1.690000057220459,1.715000033378601,1.690000057220459,1.6914000511169434,754.0
2024-03-01 10:17:00,FENC,9.600000381469727,9.600000381469727,9.600000381469727,9.600000381469727,9.600000381469727,1.0
2024-03-01 10:17:00,FGEN,1.7050000429153442,1.7050000429153442,1.7089999914169312,1.7050000429153442,1.7050000429153442,5627.0
2024-03-01 10:17:00,FLGT,22.799999237060547,22.799999237060547,22.829999923706055,22.790000915527344,22.790000915527344,703.0
2024-03-01 10:17:00,FOLD,13.449199676513672,13.449199676513672,13.454999923706055,13.425000190734863,13.454999923706055,4150.0
2024-03-01 10:17:00,FULC,10.5,10.5,10.520000457763672,10.489999771118164,10.520000457763672,1374.0
2024-03-01 10:17:00,GDRX,8.395000457763672,8.395000457763672,8.402000427246094,8.380000114440918,8.402000427246094,14893.0
2024-03-01 10:17:00,GERN,2.0999999046325684,2.0999999046325684,2.0999999046325684,2.0999999046325684,2.0999999046325684,3733.0
2024-03-01 10:17:00,GH,19.020000457763672,19.020000457763672,19.049999237060547,19.020000457763672,19.049999237060547,1608.0
2024-03-01 10:17:00,GILD,72.41999816894531,72.41999816894531,72.4749984741211,72.40499877929688,72.44499969482422,16712.0
2024-03-01 10:17:00,GLYC,2.950000047683716,2.950000047683716,2.950000047683716,2.930000066757202,2.950000047683716,681.0
2024-03-01 10:17:00,GMAB,28.780000686645508,28.780000686645508,28.790000915527344,28.780000686645508,28.790000915527344,332.0
2024-03-01 10:17:00,GMDA,0.37599998712539673,0.37599998712539673,0.37599998712539673,0.37599998712539673,0.37599998712539673,2000.0
2024-03-01 10:17:00,GOSS,1.3524999618530273,1.3524999618530273,1.3524999618530273,1.3524999618530273,1.3524999618530273,206.0
2024-03-01 10:17:00,GRFS,6.829999923706055,6.829999923706055,6.835000038146973,6.815000057220459,6.815000057220459,4047.0
2024-03-01 10:17:00,GRPH,3.5,3.5,3.5,3.5,3.5,31.0
2024-03-01 10:17:00,GRTS,2.0381999015808105,2.0381999015808105,2.0399999618530273,2.033099889755249,2.0350000858306885,9740.0
2024-03-01 10:17:00,GRTX,0.2379000037908554,0.2379000037908554,0.2379000037908554,0.2379000037908554,0.2379000037908554,2102.0
2024-03-01 10:17:00,GTHX,3.384999990463257,3.384999990463257,3.384999990463257,3.380000114440918,3.384999990463257,464.0
2024-03-01 10:17:00,HALO,40.875,40.875,40.880001068115234,40.84000015258789,40.880001068115234,725.0
2024-03-01 10:17:00,HARP,22.94499969482422,22.94499969482422,22.94499969482422,22.940000534057617,22.940000534057617,1817.0
2024-03-01 10:17:00,HCAT,8.024999618530273,8.024999618530273,8.024999618530273,8.024999618530273,8.024999618530273,101.0
2024-03-01 10:17:00,HCM,15.289999961853027,15.289999961853027,15.300000190734863,15.289999961853027,15.300000190734863,422.0
2024-03-01 10:17:00,HCSG,12.59000015258789,12.59000015258789,12.600000381469727,12.59000015258789,12.600000381469727,896.0
2024-03-01 10:17:00,HCTI,2.4100000858306885,2.4100000858306885,2.4100000858306885,2.3499999046325684,2.3499999046325684,1414.0
2024-03-01 10:17:00,HLVX,18.75,18.75,18.75,18.75,18.75,324.0
2024-03-01 10:17:00,HOLX,73.58000183105469,73.58000183105469,73.625,73.56999969482422,73.625,1536.0
2024-03-01 10:17:00,HOWL,6.9679999351501465,6.9679999351501465,6.9679999351501465,6.9679999351501465,6.9679999351501465,312.0
2024-03-01 10:17:00,HPCO,0.2549999952316284,0.2549999952316284,0.2549999952316284,0.2549999952316284,0.2549999952316284,0.0
2024-03-01 10:17:00,HQY,82.30000305175781,82.30000305175781,82.30000305175781,82.26000213623047,82.26000213623047,565.0
2024-03-01 10:17:00,HRMY,31.299999237060547,31.299999237060547,31.299999237060547,31.299999237060547,31.299999237060547,433.0
2024-03-01 10:17:00,HRTX,2.630000114440918,2.630000114440918,2.630000114440918,2.625,2.630000114440918,1151.0
2024-03-01 10:17:00,HSCS,0.11699999868869781,0.11699999868869781,0.11699999868869781,0.11699999868869781,0.11699999868869781,0.0
2024-03-01 10:17:00,HSIC,77.20500183105469,77.20500183105469,77.30999755859375,77.19999694824219,77.30999755859375,1324.0
2024-03-01 10:17:00,HUMA,3.174999952316284,3.174999952316284,3.1900999546051025,3.1649999618530273,3.1900999546051025,4067.0
2024-03-01 10:17:00,IART,36.54999923706055,36.54999923706055,36.54999923706055,36.54999923706055,36.54999923706055,547.0
2024-03-01 10:17:00,IBRX,4.85860013961792,4.85860013961792,4.879899978637695,4.840000152587891,4.84499979019165,11533.0
2024-03-01 10:17:00,ICCM,1.3125,1.3125,1.3125,1.3125,1.3125,2.0
2024-03-01 10:17:00,ICLR,323.6099853515625,323.6099853515625,323.8399963378906,323.6099853515625,323.8399963378906,1219.0
2024-03-01 10:17:00,ICUI,105.69499969482422,105.69499969482422,105.69499969482422,105.38500213623047,105.5,837.0
2024-03-01 10:17:00,IDXX,570.719970703125,570.719970703125,570.8250122070312,570.3200073242188,570.3200073242188,2432.0
2024-03-01 10:17:00,IINN,1.6480000019073486,1.6480000019073486,1.659999966621399,1.6480000019073486,1.6598000526428223,3346.0
2024-03-01 10:17:00,ILMN,138.47000122070312,138.47000122070312,138.6300048828125,138.27000427246094,138.27000427246094,2546.0
2024-03-01 10:17:00,IMAB,1.8550000190734863,1.8550000190734863,1.8550000190734863,1.850000023841858,1.850000023841858,300.0
2024-03-01 10:17:00,IMMX,3.5499000549316406,3.5499000549316406,3.549999952316284,3.5499000549316406,3.549999952316284,1134.0
2024-03-01 10:17:00,IMNM,25.149999618530273,25.149999618530273,25.149999618530273,25.1299991607666,25.1299991607666,668.0
2024-03-01 10:17:00,IMNN,1.0242999792099,1.0242999792099,1.0242999792099,1.0242999792099,1.0242999792099,392.0
2024-03-01 10:17:00,IMVT,36.650001525878906,36.650001525878906,36.66999816894531,36.650001525878906,36.66999816894531,384.0
2024-03-01 10:17:00,INBX,36.875,36.875,36.875,36.875,36.875,300.0
2024-03-01 10:17:00,INCY,58.599998474121094,58.599998474121094,58.630001068115234,58.599998474121094,58.630001068115234,1175.0
2024-03-01 10:17:00,INGN,6.797800064086914,6.797800064086914,6.809999942779541,6.797800064086914,6.809999942779541,219.0
2024-03-01 10:17:00,INMD,22.43000030517578,22.43000030517578,22.469999313354492,22.43000030517578,22.450000762939453,2175.0
2024-03-01 10:17:00,INNV,4.889900207519531,4.889900207519531,4.889900207519531,4.889900207519531,4.889900207519531,400.0
2024-03-01 10:17:00,INO,8.970000267028809,8.970000267028809,8.979999542236328,8.970000267028809,8.979999542236328,445.0
2024-03-01 10:17:00,INSM,28.06999969482422,28.06999969482422,28.1200008392334,28.06999969482422,28.1200008392334,1107.0
2024-03-01 10:17:00,INVA,15.375,15.375,15.375,15.255000114440918,15.255000114440918,2452.0
2024-03-01 10:17:00,INZY,6.494999885559082,6.494999885559082,6.494999885559082,6.489999771118164,6.489999771118164,322.0
2024-03-01 10:17:00,IONS,45.46500015258789,45.46500015258789,45.470401763916016,45.43000030517578,45.43000030517578,957.0
2024-03-01 10:17:00,IOVA,16.731000900268555,16.731000900268555,16.780000686645508,16.731000900268555,16.770000457763672,15017.0
2024-03-01 10:17:00,IRTC,117.87999725341797,117.87999725341797,117.87999725341797,117.69000244140625,117.69000244140625,680.0
2024-03-01 10:17:00,IRWD,8.899999618530273,8.899999618530273,8.907500267028809,8.899999618530273,8.904999732971191,5012.0
2024-03-01 10:17:00,ISRG,388.31500244140625,388.31500244140625,388.80999755859375,388.2900085449219,388.7099914550781,4165.0
2024-03-01 10:17:00,ITCI,71.5199966430664,71.5199966430664,71.5199966430664,71.44999694824219,71.45999908447266,1811.0
2024-03-01 10:17:00,ITOS,10.729999542236328,10.729999542236328,10.729999542236328,10.729999542236328,10.729999542236328,216.0
2024-03-01 10:17:00,JAGX,0.0908999964594841,0.0908999964594841,0.0949999988079071,0.08669999986886978,0.09359999746084213,2790090.0
2024-03-01 10:17:00,JANX,47.0,47.0,47.0,46.85490036010742,46.85490036010742,2166.0
2024-03-01 10:17:00,JAZZ,120.04000091552734,120.04000091552734,120.16000366210938,120.0,120.16000366210938,2670.0
2024-03-01 10:17:00,JSPR,20.719999313354492,20.719999313354492,20.719999313354492,20.719999313354492,20.719999313354492,322.0
2024-03-01 10:17:00,KALV,13.930000305175781,13.930000305175781,13.930000305175781,13.890000343322754,13.899999618530273,891.0
2024-03-01 10:17:00,KNSA,21.81999969482422,21.81999969482422,21.864999771118164,21.81999969482422,21.864999771118164,500.0
2024-03-01 10:17:00,KNTE,2.615000009536743,2.615000009536743,2.618799924850464,2.615000009536743,2.615000009536743,1600.0
2024-03-01 10:17:00,KOD,5.985000133514404,5.985000133514404,5.985000133514404,5.980000019073486,5.980000019073486,747.0
2024-03-01 10:17:00,KPTI,1.1787999868392944,1.1787999868392944,1.1787999868392944,1.170300006866455,1.170300006866455,2650.0
2024-03-01 10:17:00,KROS,68.83000183105469,68.83000183105469,68.93000030517578,68.83000183105469,68.93000030517578,438.0
2024-03-01 10:17:00,KRTX,316.0,316.0,316.1000061035156,316.0,316.1000061035156,524.0
2024-03-01 10:17:00,KRYS,166.94000244140625,166.94000244140625,166.94000244140625,166.94000244140625,166.94000244140625,259.0
2024-03-01 10:17:00,KTRA,0.10170000046491623,0.10170000046491623,0.10239999741315842,0.10100000351667404,0.10239999741315842,6675.0
2024-03-01 10:17:00,KURA,21.239999771118164,21.239999771118164,21.239999771118164,21.239999771118164,21.239999771118164,512.0
2024-03-01 10:17:00,KYMR,43.20000076293945,43.20000076293945,43.349998474121094,43.20000076293945,43.349998474121094,3054.0
2024-03-01 10:17:00,KZR,1.1100000143051147,1.1100000143051147,1.1100000143051147,1.1093000173568726,1.1093000173568726,4190.0
2024-03-01 10:17:00,LAB,2.2950000762939453,2.2950000762939453,2.299999952316284,2.2899999618530273,2.2950000762939453,1341.0
2024-03-01 10:17:00,LBPH,22.1299991607666,22.1299991607666,22.1299991607666,22.1299991607666,22.1299991607666,200.0
2024-03-01 10:17:00,LEGN,65.66999816894531,65.66999816894531,65.66999816894531,65.66999816894531,65.66999816894531,334.0
2024-03-01 10:17:00,LFST,8.015000343322754,8.015000343322754,8.03499984741211,8.015000343322754,8.03499984741211,4303.0
2024-03-01 10:17:00,LGND,80.44999694824219,80.44999694824219,80.44999694824219,80.4000015258789,80.4000015258789,433.0
2024-03-01 10:17:00,LIVN,54.58000183105469,54.58000183105469,54.689998626708984,54.58000183105469,54.689998626708984,1099.0
2024-03-01 10:17:00,LNTH,65.5,65.5,65.5,65.5,65.5,328.0
2024-03-01 10:17:00,LPTX,2.940000057220459,2.940000057220459,2.940000057220459,2.940000057220459,2.940000057220459,478.0
2024-03-01 10:17:00,LQDA,14.390000343322754,14.390000343322754,14.390000343322754,14.390000343322754,14.390000343322754,200.0
2024-03-01 10:17:00,LUNG,9.020000457763672,9.020000457763672,9.039999961853027,9.020000457763672,9.039999961853027,1698.0
2024-03-01 10:17:00,LVTX,3.009999990463257,3.009999990463257,3.009999990463257,3.0,3.0,1251.0
2024-03-01 10:17:00,LXRX,2.4200000762939453,2.4200000762939453,2.440000057220459,2.4200000762939453,2.440000057220459,4195.0
2024-03-01 10:17:00,LYEL,3.059999942779541,3.059999942779541,3.059999942779541,3.059999942779541,3.059999942779541,514.0
2024-03-01 10:17:00,MASI,126.6500015258789,126.6500015258789,126.6500015258789,126.6500015258789,126.6500015258789,752.0
2024-03-01 10:17:00,MBIO,1.3152999877929688,1.3152999877929688,1.3152999877929688,1.3152999877929688,1.3152999877929688,215.0
2024-03-01 10:17:00,MCRB,1.1699999570846558,1.1699999570846558,1.179900050163269,1.1699999570846558,1.179900050163269,2425.0
2024-03-01 10:17:00,MDGL,243.1999969482422,243.1999969482422,243.1999969482422,243.1999969482422,243.1999969482422,693.0
2024-03-01 10:17:00,MDRX,5.800000190734863,5.800000190734863,5.980000019073486,5.800000190734863,5.980000019073486,48801.0
2024-03-01 10:17:00,MDXG,8.505000114440918,8.505000114440918,8.510000228881836,8.505000114440918,8.510000228881836,1807.0
2024-03-01 10:17:00,ME,0.5685999989509583,0.5685999989509583,0.5687999725341797,0.5656999945640564,0.5662000179290771,29855.0
2024-03-01 10:17:00,MGNX,19.016199111938477,19.016199111938477,19.04990005493164,18.989999771118164,18.989999771118164,3845.0
2024-03-01 10:17:00,MGTX,6.170000076293945,6.170000076293945,6.170000076293945,6.170000076293945,6.170000076293945,100.0
2024-03-01 10:17:00,MIRM,28.899999618530273,28.899999618530273,28.940000534057617,28.899999618530273,28.940000534057617,217.0
2024-03-01 10:17:00,MIST,1.7000999450683594,1.7000999450683594,1.7000999450683594,1.7000999450683594,1.7000999450683594,200.0
2024-03-01 10:17:00,MLTX,52.26499938964844,52.26499938964844,52.26499938964844,52.25,52.25,1315.0
2024-03-01 10:17:00,MMSI,75.86000061035156,75.86000061035156,76.0199966430664,75.62999725341797,75.9000015258789,7572.0
2024-03-01 10:17:00,MNKD,4.445000171661377,4.445000171661377,4.459700107574463,4.440000057220459,4.449999809265137,19035.0
2024-03-01 10:17:00,MNMD,5.804999828338623,5.804999828338623,5.804999828338623,5.804999828338623,5.804999828338623,109.0
2024-03-01 10:17:00,MNPR,0.7768999934196472,0.7768999934196472,0.7768999934196472,0.7768999934196472,0.7768999934196472,909.0
2024-03-01 10:17:00,MODD,1.899999976158142,1.899999976158142,1.9010000228881836,1.899999976158142,1.899999976158142,2800.0
2024-03-01 10:17:00,MOR,17.639999389648438,17.639999389648438,17.639999389648438,17.639999389648438,17.639999389648438,645.0
2024-03-01 10:17:00,MORF,38.29999923706055,38.29999923706055,38.29999923706055,38.220001220703125,38.220001220703125,465.0
2024-03-01 10:17:00,MOTS,0.6812000274658203,0.6812000274658203,0.6812000274658203,0.6812000274658203,0.6812000274658203,100.0
2024-03-01 10:17:00,MRAI,1.5463000535964966,1.5463000535964966,1.5463000535964966,1.5463000535964966,1.5463000535964966,278.0
2024-03-01 10:17:00,MREO,3.859999895095825,3.859999895095825,3.865000009536743,3.859999895095825,3.865000009536743,212.0
2024-03-01 10:17:00,MRNA,94.27999877929688,94.27999877929688,94.29000091552734,94.12000274658203,94.1500015258789,3079.0
2024-03-01 10:17:00,MRSN,6.034999847412109,6.034999847412109,6.045000076293945,6.03000020980835,6.031300067901611,5234.0
2024-03-01 10:17:00,MRUS,49.96500015258789,49.96500015258789,50.02000045776367,49.78010177612305,49.96500015258789,36107.0
2024-03-01 10:17:00,MRVI,7.704999923706055,7.704999923706055,7.730000019073486,7.704999923706055,7.730000019073486,751.0
2024-03-01 10:17:00,MXCT,4.715000152587891,4.715000152587891,4.715000152587891,4.715000152587891,4.715000152587891,116.0
2024-03-01 10:17:00,MYGN,20.940000534057617,20.940000534057617,20.940000534057617,20.8700008392334,20.8700008392334,1286.0
2024-03-01 10:17:00,NARI,45.310001373291016,45.310001373291016,45.310001373291016,45.0,45.0,2550.0
2024-03-01 10:17:00,NBIX,131.0760040283203,131.0760040283203,131.08999633789062,130.77000427246094,130.7949981689453,4698.0
2024-03-01 10:17:00,NEO,15.845000267028809,15.845000267028809,15.850000381469727,15.829999923706055,15.829999923706055,1166.0
2024-03-01 10:17:00,NEOG,16.875,16.875,16.885000228881836,16.875,16.885000228881836,1850.0
2024-03-01 10:17:00,NEXI,6.669899940490723,6.669899940490723,6.669899940490723,6.669899940490723,6.669899940490723,205.0
2024-03-01 10:17:00,NNOX,11.129500389099121,11.129500389099121,11.149999618530273,11.125,11.149999618530273,7330.0
2024-03-01 10:17:00,NRBO,5.840000152587891,5.840000152587891,5.869999885559082,5.840000152587891,5.869999885559082,6300.0
2024-03-01 10:17:00,NRIX,12.9399995803833,12.9399995803833,12.949999809265137,12.90999984741211,12.949999809265137,1559.0
2024-03-01 10:17:00,NRSN,1.9744000434875488,1.9744000434875488,1.9800000190734863,1.9688999652862549,1.9688999652862549,6657.0
2024-03-01 10:17:00,NRXP,0.42989999055862427,0.42989999055862427,0.4300000071525574,0.42010000348091125,0.42010000348091125,25726.0
2024-03-01 10:17:00,NTLA,33.38999938964844,33.38999938964844,33.459999084472656,33.34619903564453,33.459999084472656,1857.0
2024-03-01 10:17:00,NTRA,89.20999908447266,89.20999908447266,89.20999908447266,88.93000030517578,88.97000122070312,3678.0
2024-03-01 10:17:00,NUTX,0.11400000005960464,0.11400000005960464,0.11400000005960464,0.11400000005960464,0.11400000005960464,0.0
2024-03-01 10:17:00,NUWE,0.5698000192642212,0.5698000192642212,0.5698000192642212,0.5684000253677368,0.5684000253677368,700.0
2024-03-01 10:17:00,NVAX,4.909999847412109,4.909999847412109,4.945000171661377,4.900000095367432,4.945000171661377,21444.0
2024-03-01 10:17:00,NVCR,15.329999923706055,15.329999923706055,15.350000381469727,15.329999923706055,15.350000381469727,3126.0
2024-03-01 10:17:00,NVNO,6.341000080108643,6.341000080108643,6.341000080108643,6.341000080108643,6.341000080108643,152.0
2024-03-01 10:17:00,NXGLW,0.48989999294281006,0.48989999294281006,0.48989999294281006,0.48989999294281006,0.48989999294281006,0.0
2024-03-01 10:17:00,NXTC,1.6950000524520874,1.6950000524520874,1.6950000524520874,1.6950000524520874,1.6950000524520874,200.0
2024-03-01 10:17:00,OCGN,0.9160000085830688,0.9160000085830688,0.9192000031471252,0.9121000170707703,0.9150000214576721,5171.0
2024-03-01 10:17:00,OCUL,10.265000343322754,10.265000343322754,10.272000312805176,10.233200073242188,10.270000457763672,10305.0
2024-03-01 10:17:00,OFIX,12.944999694824219,12.944999694824219,12.944999694824219,12.944999694824219,12.944999694824219,413.0
2024-03-01 10:17:00,OLK,22.59000015258789,22.59000015258789,22.604999542236328,22.59000015258789,22.594999313354492,3891.0
2024-03-01 10:17:00,OLMA,12.800000190734863,12.800000190734863,12.8100004196167,12.800000190734863,12.8100004196167,948.0
2024-03-01 10:17:00,OM,3.009999990463257,3.009999990463257,3.0199999809265137,3.0,3.0199999809265137,3248.0
2024-03-01 10:17:00,OMER,4.690000057220459,4.690000057220459,4.710000038146973,4.684999942779541,4.710000038146973,2801.0
2024-03-01 10:17:00,OMGA,4.110000133514404,4.110000133514404,4.114999771118164,4.110000133514404,4.114999771118164,268.0
2024-03-01 10:17:00,OMIC,0.6000000238418579,0.6000000238418579,0.6000000238418579,0.5702000260353088,0.5702000260353088,200.0
2024-03-01 10:17:00,ONCY,1.089900016784668,1.089900016784668,1.089900016784668,1.0850000381469727,1.0850000381469727,226.0
2024-03-01 10:17:00,ONVO,1.0099999904632568,1.0099999904632568,1.0199999809265137,1.0099999904632568,1.0199999809265137,927.0
2024-03-01 10:18:00,ABCL,5.114999771118164,5.114999771118164,5.114999771118164,5.110000133514404,5.110000133514404,635.0
2024-03-01 10:18:00,ABEO,7.5208001136779785,7.5208001136779785,7.553899765014648,7.5208001136779785,7.553899765014648,1142.0
2024-03-01 10:18:00,ABOS,4.644999980926514,4.644999980926514,4.644999980926514,4.640500068664551,4.640500068664551,550.0
2024-03-01 10:18:00,ABSI,5.130000114440918,5.130000114440918,5.139999866485596,5.110000133514404,5.139999866485596,894.0
2024-03-01 10:18:00,ACAD,23.799999237060547,23.799999237060547,23.809999465942383,23.790000915527344,23.809999465942383,3000.0
2024-03-01 10:18:00,ACB,3.0299999713897705,3.0299999713897705,3.0299999713897705,3.0250000953674316,3.0290000438690186,3971.0
2024-03-01 10:18:00,ACCD,10.1899995803833,10.1899995803833,10.1899995803833,10.1899995803833,10.1899995803833,386.0
2024-03-01 10:18:00,ACET,2.315000057220459,2.315000057220459,2.315000057220459,2.315000057220459,2.315000057220459,200.0
2024-03-01 10:18:00,ACLX,69.73999786376953,69.73999786376953,69.73999786376953,69.6500015258789,69.6500015258789,4740.0
2024-03-01 10:18:00,ACRS,1.2400000095367432,1.2400000095367432,1.2400000095367432,1.2350000143051147,1.2400000095367432,550.0
2024-03-01 10:18:00,ADAP,1.5850000381469727,1.5850000381469727,1.590000033378601,1.5850000381469727,1.590000033378601,919.0
2024-03-01 10:18:00,ADIL,3.25,3.25,3.2999000549316406,3.1600000858306885,3.223400115966797,115150.0
2024-03-01 10:18:00,ADMA,5.364999771118164,5.364999771118164,5.369999885559082,5.364999771118164,5.369999885559082,6.0
2024-03-01 10:18:00,ADPT,4.09499979019165,4.09499979019165,4.09499979019165,4.09499979019165,4.09499979019165,200.0
2024-03-01 10:18:00,ADVM,1.9700000286102295,1.9700000286102295,1.9700000286102295,1.9700000286102295,1.9700000286102295,366.0
2024-03-01 10:18:00,AGEN,0.6700999736785889,0.6700999736785889,0.6700999736785889,0.6700999736785889,0.6700999736785889,35082.0
2024-03-01 10:18:00,AGIO,32.53499984741211,32.53499984741211,32.55500030517578,32.529998779296875,32.540000915527344,725.0
2024-03-01 10:18:00,AIMD,0.9599999785423279,0.9599999785423279,1.0198999643325806,0.9599999785423279,0.9900000095367432,527.0
2024-03-01 10:18:00,AKAN,0.26840001344680786,0.26840001344680786,0.26899999380111694,0.26829999685287476,0.26899999380111694,2835.0
2024-03-01 10:18:00,AKBA,1.6475000381469727,1.6475000381469727,1.6492999792099,1.6399999856948853,1.6475000381469727,6301.0
2024-03-01 10:18:00,AKRO,28.0049991607666,28.0049991607666,28.09000015258789,27.969999313354492,28.020000457763672,4082.0
2024-03-01 10:18:00,ALDX,4.077499866485596,4.077499866485596,4.077499866485596,4.077499866485596,4.077499866485596,115.0
2024-03-01 10:18:00,ALEC,7.369999885559082,7.369999885559082,7.380000114440918,7.369999885559082,7.380000114440918,981.0
2024-03-01 10:18:00,ALGN,298.7015075683594,298.7015075683594,298.7015075683594,298.6499938964844,298.6499938964844,689.0
2024-03-01 10:18:00,ALHC,5.912499904632568,5.912499904632568,5.914999961853027,5.900000095367432,5.900000095367432,361298.0
2024-03-01 10:18:00,ALKS,30.059999465942383,30.059999465942383,30.059999465942383,30.059999465942383,30.059999465942383,205.0
2024-03-01 10:18:00,ALLK,1.590000033378601,1.590000033378601,1.590000033378601,1.590000033378601,1.590000033378601,400.0
2024-03-01 10:18:00,ALLO,5.000100135803223,5.000100135803223,5.014999866485596,4.994999885559082,5.010000228881836,9345.0
2024-03-01 10:18:00,ALNY,152.27499389648438,152.27499389648438,152.27499389648438,152.27499389648438,152.27499389648438,460.0
2024-03-01 10:18:00,ALPN,36.20000076293945,36.20000076293945,36.20000076293945,36.20000076293945,36.20000076293945,203.0
2024-03-01 10:18:00,ALT,12.239999771118164,12.239999771118164,12.270000457763672,12.210000038146973,12.270000457763672,10382.0
2024-03-01 10:18:00,ALVO,15.649999618530273,15.649999618530273,15.654999732971191,15.649999618530273,15.654999732971191,400.0
2024-03-01 10:18:00,ALZN,0.925000011920929,0.925000011920929,0.925000011920929,0.925000011920929,0.925000011920929,1232.0
2024-03-01 10:18:00,AMGN,280.0050048828125,280.0050048828125,280.114990234375,279.68499755859375,279.68780517578125,11466.0
2024-03-01 10:18:00,AMLX,18.8799991607666,18.8799991607666,18.8799991607666,18.84000015258789,18.84000015258789,265.0
2024-03-01 10:18:00,AMPH,46.3849983215332,46.3849983215332,46.3849983215332,46.3849983215332,46.3849983215332,464.0
2024-03-01 10:18:00,AMRN,1.0199999809265137,1.0199999809265137,1.0199999809265137,1.0199999809265137,1.0199999809265137,0.0
2024-03-01 10:18:00,ANAB,25.459999084472656,25.459999084472656,25.459999084472656,25.459999084472656,25.459999084472656,200.0
2024-03-01 10:18:00,ANGO,5.315000057220459,5.315000057220459,5.320000171661377,5.315000057220459,5.320000171661377,370.0
2024-03-01 10:18:00,ANIK,24.395000457763672,24.395000457763672,24.395000457763672,24.395000457763672,24.395000457763672,569.0
2024-03-01 10:18:00,ANIP,67.2699966430664,67.2699966430664,67.2699966430664,67.2699966430664,67.2699966430664,518.0
2024-03-01 10:18:00,ANIX,3.5799999237060547,3.5799999237060547,3.5799999237060547,3.5799999237060547,3.5799999237060547,510.0
2024-03-01 10:18:00,ANNX,5.880000114440918,5.880000114440918,5.900000095367432,5.880000114440918,5.900000095367432,322.0
2024-03-01 10:18:00,APLS,62.71500015258789,62.71500015258789,62.875,62.709999084472656,62.79999923706055,1040.0
2024-03-01 10:18:00,APLT,7.46999979019165,7.46999979019165,7.46999979019165,7.349999904632568,7.349999904632568,6591.0
2024-03-01 10:18:00,APVO,0.1688999980688095,0.1688999980688095,0.1688999980688095,0.1688999980688095,0.1688999980688095,586.0
2024-03-01 10:18:00,AQST,4.195099830627441,4.195099830627441,4.260000228881836,4.110000133514404,4.239999771118164,28243.0
2024-03-01 10:18:00,ARCT,40.25,40.25,40.25,40.25,40.25,191.0
2024-03-01 10:18:00,ARDX,9.680000305175781,9.680000305175781,9.680000305175781,9.65999984741211,9.670599937438965,2407.0
2024-03-01 10:18:00,ARQT,10.600000381469727,10.600000381469727,10.645000457763672,10.550000190734863,10.630000114440918,7825.0
2024-03-01 10:18:00,ARVN,50.34749984741211,50.34749984741211,50.4900016784668,50.34749984741211,50.4900016784668,1536.0
2024-03-01 10:18:00,ARWR,34.58000183105469,34.58000183105469,34.630001068115234,34.54999923706055,34.58000183105469,4324.0
2024-03-01 10:18:00,ASND,148.77499389648438,148.77499389648438,148.77499389648438,148.33999633789062,148.33999633789062,2418.0
2024-03-01 10:18:00,ASRT,0.9200000166893005,0.9200000166893005,0.9200000166893005,0.9200000166893005,0.9200000166893005,2738.0
2024-03-01 10:18:00,ATEC,13.239999771118164,13.239999771118164,13.25,13.234999656677246,13.25,2522.0
2024-03-01 10:18:00,ATOS,0.9997000098228455,0.9997000098228455,0.9997000098228455,0.9997000098228455,0.9997000098228455,2000.0
2024-03-01 10:18:00,ATRA,0.8051000237464905,0.8051000237464905,0.8126000165939331,0.8051000237464905,0.8051000237464905,4150.0
2024-03-01 10:18:00,ATRC,35.29999923706055,35.29999923706055,35.29999923706055,35.29999923706055,35.29999923706055,174.0
2024-03-01 10:18:00,ATXS,14.630000114440918,14.630000114440918,14.6899995803833,14.630000114440918,14.680000305175781,1534.0
2024-03-01 10:18:00,AUGX,4.505000114440918,4.505000114440918,4.505000114440918,4.505000114440918,4.505000114440918,0.0
2024-03-01 10:18:00,AUPH,5.739999771118164,5.739999771118164,5.739999771118164,5.735000133514404,5.735000133514404,600.0
2024-03-01 10:18:00,AURA,9.225000381469727,9.225000381469727,9.225000381469727,9.225000381469727,9.225000381469727,101.0
2024-03-01 10:18:00,AUTL,6.210000038146973,6.210000038146973,6.215000152587891,6.210000038146973,6.215000152587891,1401.0
2024-03-01 10:18:00,AVDL,12.744999885559082,12.744999885559082,12.744999885559082,12.744999885559082,12.744999885559082,265.0
2024-03-01 10:18:00,AVIR,4.355000019073486,4.355000019073486,4.355000019073486,4.355000019073486,4.355000019073486,400.0
2024-03-01 10:18:00,AVTE,22.594999313354492,22.594999313354492,22.594999313354492,22.549999237060547,22.549999237060547,305.0
2024-03-01 10:18:00,AVXL,5.230000019073486,5.230000019073486,5.230000019073486,5.230000019073486,5.230000019073486,401.0
2024-03-01 10:18:00,AXGN,10.454999923706055,10.454999923706055,10.470000267028809,10.454999923706055,10.470000267028809,625.0
2024-03-01 10:18:00,AXSM,82.86000061035156,82.86000061035156,82.98500061035156,82.86000061035156,82.98500061035156,648.0
2024-03-01 10:18:00,AZN,64.34500122070312,64.34500122070312,64.34500122070312,64.32499694824219,64.32499694824219,3290.0
2024-03-01 10:18:00,AZTA,65.78500366210938,65.78500366210938,65.78500366210938,65.78500366210938,65.78500366210938,120.0
2024-03-01 10:18:00,BBIO,36.0,36.0,36.0,35.95000076293945,35.95000076293945,1671.0
2024-03-01 10:18:00,BCRX,5.684999942779541,5.684999942779541,5.704999923706055,5.684999942779541,5.704999923706055,4282.0
2024-03-01 10:18:00,BCYC,25.639999389648438,25.639999389648438,25.639999389648438,25.639999389648438,25.639999389648438,186.0
2024-03-01 10:18:00,BDSX,1.6794999837875366,1.6794999837875366,1.6794999837875366,1.6794999837875366,1.6794999837875366,7477.0
2024-03-01 10:18:00,BDTX,5.269999980926514,5.269999980926514,5.269999980926514,5.269999980926514,5.269999980926514,106.0
2024-03-01 10:18:00,BEAM,40.40999984741211,40.40999984741211,40.53010177612305,40.40999984741211,40.53010177612305,703.0
2024-03-01 10:18:00,BEAT,1.4700000286102295,1.4700000286102295,1.4819999933242798,1.4700000286102295,1.4819999933242798,485.0
2024-03-01 10:18:00,BFRI,0.878000020980835,0.878000020980835,0.878000020980835,0.8578000068664551,0.8578000068664551,1083.0
2024-03-01 10:18:00,BIIB,218.7550048828125,218.7550048828125,218.7550048828125,218.7550048828125,218.7550048828125,915.0
2024-03-01 10:18:00,BIOL,0.13619999587535858,0.13619999587535858,0.13619999587535858,0.13619999587535858,0.13619999587535858,651.0
2024-03-01 10:18:00,BIVI,2.859999895095825,2.859999895095825,2.950000047683716,2.8499999046325684,2.875,452297.0
2024-03-01 10:18:00,BLFS,17.57550048828125,17.57550048828125,17.6299991607666,17.489999771118164,17.489999771118164,6863.0
2024-03-01 10:18:00,BLUE,1.5950000286102295,1.5950000286102295,1.600000023841858,1.590000033378601,1.5987999439239502,19104.0
2024-03-01 10:18:00,BMEA,17.670000076293945,17.670000076293945,17.709999084472656,17.670000076293945,17.709999084472656,4447.0
2024-03-01 10:18:00,BMRA,1.2350000143051147,1.2350000143051147,1.2350000143051147,1.2350000143051147,1.2350000143051147,601.0
2024-03-01 10:18:00,BMRN,86.19999694824219,86.19999694824219,86.25,86.15499877929688,86.16999816894531,2368.0
2024-03-01 10:18:00,BNGO,1.2350000143051147,1.2350000143051147,1.2350000143051147,1.2350000143051147,1.2350000143051147,379.0
2024-03-01 10:18:00,BNR,0.8758000135421753,0.8758000135421753,0.8758000135421753,0.8758000135421753,0.8758000135421753,100.0
2024-03-01 10:18:00,BNTX,90.21499633789062,90.21499633789062,90.26000213623047,90.21499633789062,90.23999786376953,2209.0
2024-03-01 10:18:00,BPMC,97.55000305175781,97.55000305175781,97.55000305175781,97.41999816894531,97.41999816894531,777.0
2024-03-01 10:18:00,BRKR,87.3499984741211,87.3499984741211,87.3499984741211,87.30000305175781,87.3499984741211,432.0
2024-03-01 10:18:00,BRTX,1.48989999294281,1.48989999294281,1.4900000095367432,1.48989999294281,1.4900000095367432,2162.0
2024-03-01 10:18:00,BTAI,3.1700000762939453,3.1700000762939453,3.1700000762939453,3.1700000762939453,3.1700000762939453,314.0
2024-03-01 10:18:00,BTCY,0.9485999941825867,0.9485999941825867,0.9485999941825867,0.9485999941825867,0.9485999941825867,52.0
2024-03-01 10:18:00,BYSI,1.4026999473571777,1.4026999473571777,1.440000057220459,1.4026999473571777,1.440000057220459,1246.0
2024-03-01 10:18:00,CABA,24.110000610351562,24.110000610351562,24.15999984741211,24.110000610351562,24.1427001953125,533.0
2024-03-01 10:18:00,CAPR,4.511600017547607,4.511600017547607,4.511600017547607,4.511600017547607,4.511600017547607,449.0
2024-03-01 10:18:00,CARA,0.8700000047683716,0.8700000047683716,0.8700000047683716,0.8700000047683716,0.8700000047683716,700.0
2024-03-01 10:18:00,CBAY,32.22999954223633,32.22999954223633,32.244998931884766,32.22999954223633,32.244998931884766,2250.0
2024-03-01 10:18:00,CCCC,10.973600387573242,10.973600387573242,11.020000457763672,10.973600387573242,11.020000457763672,3817.0
2024-03-01 10:18:00,CCRN,17.924400329589844,17.924400329589844,17.924400329589844,17.924400329589844,17.924400329589844,691.0
2024-03-01 10:18:00,CDMO,7.815000057220459,7.815000057220459,7.815000057220459,7.815000057220459,7.815000057220459,456.0
2024-03-01 10:18:00,CDNA,12.035599708557129,12.035599708557129,12.035599708557129,12.0,12.0,809.0
2024-03-01 10:18:00,CDXS,4.28000020980835,4.28000020980835,4.28000020980835,4.28000020980835,4.28000020980835,200.0
2024-03-01 10:18:00,CERE,41.130001068115234,41.130001068115234,41.130001068115234,41.119998931884766,41.125,1106.0
2024-03-01 10:18:00,CERT,17.954999923706055,17.954999923706055,17.96500015258789,17.920000076293945,17.950000762939453,1040.0
2024-03-01 10:18:00,CGC,3.1649999618530273,3.1649999618530273,3.169800043106079,3.1600000858306885,3.1649999618530273,20436.0
2024-03-01 10:18:00,CGEN,2.638000011444092,2.638000011444092,2.638000011444092,2.625,2.625,884.0
2024-03-01 10:18:00,CHRS,2.2899999618530273,2.2899999618530273,2.2950000762939453,2.2899999618530273,2.2950000762939453,350.0
2024-03-01 10:18:00,CING,1.2400000095367432,1.2400000095367432,1.2476999759674072,1.2158000469207764,1.2476999759674072,1203.0
2024-03-01 10:18:00,CKPT,2.1689000129699707,2.1689000129699707,2.1689000129699707,2.1689000129699707,2.1689000129699707,231.0
2024-03-01 10:18:00,CLDX,51.494998931884766,51.494998931884766,51.58000183105469,51.400001525878906,51.58000183105469,7416.0
2024-03-01 10:18:00,CLOV,0.8650000095367432,0.8650000095367432,0.866100013256073,0.8650000095367432,0.866100013256073,8237.0
2024-03-01 10:18:00,CLPT,6.4994001388549805,6.4994001388549805,6.4994001388549805,6.4994001388549805,6.4994001388549805,700.0
2024-03-01 10:18:00,CMPS,10.585000038146973,10.585000038146973,10.585000038146973,10.585000038146973,10.585000038146973,200.0
2024-03-01 10:18:00,CMPX,1.8600000143051147,1.8600000143051147,1.8600000143051147,1.8600000143051147,1.8600000143051147,194.0
2024-03-01 10:18:00,CNSP,0.30070000886917114,0.30070000886917114,0.30869999527931213,0.30070000886917114,0.30869999527931213,0.0
2024-03-01 10:18:00,CNTA,10.640000343322754,10.640000343322754,10.640000343322754,10.640000343322754,10.640000343322754,0.0
2024-03-01 10:18:00,CNTX,1.159999966621399,1.159999966621399,1.159999966621399,1.159999966621399,1.159999966621399,0.0
2024-03-01 10:18:00,COGT,7.289999961853027,7.289999961853027,7.300000190734863,7.289999961853027,7.300000190734863,2687.0
2024-03-01 10:18:00,COLL,37.439998626708984,37.439998626708984,37.439998626708984,37.43000030517578,37.43000030517578,791.0
2024-03-01 10:18:00,CORT,23.78499984741211,23.78499984741211,23.790000915527344,23.770000457763672,23.790000915527344,1221.0
2024-03-01 10:18:00,CPRX,16.770000457763672,16.770000457763672,16.84000015258789,16.760000228881836,16.834999084472656,8066.0
2024-03-01 10:18:00,CPSI,9.324999809265137,9.324999809265137,9.324999809265137,9.289999961853027,9.289999961853027,731.0
2024-03-01 10:18:00,CRBU,8.050000190734863,8.050000190734863,8.055000305175781,8.050000190734863,8.055000305175781,1470.0
2024-03-01 10:18:00,CRDF,2.4149999618530273,2.4149999618530273,2.430000066757202,2.380000114440918,2.3901000022888184,47870.0
2024-03-01 10:18:00,CRMD,3.630000114440918,3.630000114440918,3.6401000022888184,3.630000114440918,3.640000104904175,1131.0
2024-03-01 10:18:00,CRNX,44.95000076293945,44.95000076293945,45.029998779296875,44.90999984741211,45.0,2032.0
2024-03-01 10:18:00,CRON,2.0250000953674316,2.0250000953674316,2.0299999713897705,2.0239999294281006,2.0250000953674316,10256.0
2024-03-01 10:18:00,CRSP,86.33660125732422,86.33660125732422,86.41000366210938,86.33660125732422,86.41000366210938,1418.0
2024-03-01 10:18:00,CRVS,2.180000066757202,2.180000066757202,2.180000066757202,2.176800012588501,2.176800012588501,2611.0
2024-03-01 10:18:00,CSTL,19.670000076293945,19.670000076293945,19.729999542236328,19.670000076293945,19.709999084472656,1580.0
2024-03-01 10:18:00,CTKB,7.949999809265137,7.949999809265137,7.949999809265137,7.934999942779541,7.934999942779541,1329.0
2024-03-01 10:18:00,CUTR,2.315000057220459,2.315000057220459,2.319999933242798,2.315000057220459,2.319999933242798,504.0
2024-03-01 10:18:00,CYTK,74.93000030517578,74.93000030517578,74.93000030517578,74.83000183105469,74.86000061035156,3553.0
2024-03-01 10:18:00,DAWN,16.889999389648438,16.889999389648438,16.889999389648438,16.889999389648438,16.889999389648438,242.0
2024-03-01 10:18:00,DCGO,4.045000076293945,4.045000076293945,4.045000076293945,4.045000076293945,4.045000076293945,366.0
2024-03-01 10:18:00,DCPH,17.010000228881836,17.010000228881836,17.010000228881836,17.010000228881836,17.010000228881836,201.0
2024-03-01 10:18:00,DERM,4.059999942779541,4.059999942779541,4.059999942779541,4.050000190734863,4.050000190734863,1604.0
2024-03-01 10:18:00,DH,9.100000381469727,9.100000381469727,9.114999771118164,9.100000381469727,9.114999771118164,1378.0
2024-03-01 10:18:00,DMTK,0.8650000095367432,0.8650000095367432,0.8700000047683716,0.8600000143051147,0.8655999898910522,8844.0
2024-03-01 10:18:00,DNLI,20.59000015258789,20.59000015258789,20.639999389648438,20.59000015258789,20.6299991607666,2395.0
2024-03-01 10:18:00,DTIL,13.149999618530273,13.149999618530273,13.149999618530273,13.149999618530273,13.149999618530273,807.0
2024-03-01 10:18:00,DVAX,12.755000114440918,12.755000114440918,12.760000228881836,12.755000114440918,12.760000228881836,631.0
2024-03-01 10:18:00,DXCM,117.27010345458984,117.27010345458984,117.3949966430664,117.25,117.33499908447266,10246.0
2024-03-01 10:18:00,DYN,29.760000228881836,29.760000228881836,29.760000228881836,29.760000228881836,29.760000228881836,2142.0
2024-03-01 10:18:00,EDIT,10.6427001953125,10.6427001953125,10.699999809265137,10.630000114440918,10.6899995803833,5846.0
2024-03-01 10:18:00,ELEV,4.860000133514404,4.860000133514404,4.860000133514404,4.789999961853027,4.809999942779541,12101.0
2024-03-01 10:18:00,ENTA,14.684399604797363,14.684399604797363,14.6899995803833,14.684399604797363,14.6850004196167,465.0
2024-03-01 10:18:00,ENVB,1.719499945640564,1.719499945640564,1.7200000286102295,1.7000999450683594,1.7146999835968018,15183.0
2024-03-01 10:18:00,EOLS,14.84000015258789,14.84000015258789,14.84000015258789,14.84000015258789,14.84000015258789,335.0
2024-03-01 10:18:00,ESPR,2.4800000190734863,2.4800000190734863,2.490000009536743,2.4800000190734863,2.484999895095825,22770.0
2024-03-01 10:18:00,ETNB,12.729999542236328,12.729999542236328,12.75,12.729999542236328,12.739999771118164,1448.0
2024-03-01 10:18:00,EWTX,16.649999618530273,16.649999618530273,16.649999618530273,16.6200008392334,16.6200008392334,282.0
2024-03-01 10:18:00,EXAI,6.679999828338623,6.679999828338623,6.690000057220459,6.679999828338623,6.690000057220459,477.0
2024-03-01 10:18:00,EXAS,59.08000183105469,59.08000183105469,59.12990188598633,59.040000915527344,59.06999969482422,3896.0
2024-03-01 10:18:00,EXEL,22.424999237060547,22.424999237060547,22.424999237060547,22.40999984741211,22.40999984741211,2092.0
2024-03-01 10:18:00,EYEN,2.105799913406372,2.105799913406372,2.1059999465942383,2.105799913406372,2.1059999465942383,540.0
2024-03-01 10:18:00,EYPT,28.3799991607666,28.3799991607666,28.3799991607666,28.329999923706055,28.329999923706055,540.0
2024-03-01 10:18:00,FATE,7.385000228881836,7.385000228881836,7.400300025939941,7.364999771118164,7.400000095367432,2146.0
2024-03-01 10:18:00,FDMT,29.690000534057617,29.690000534057617,29.739999771118164,29.6299991607666,29.670000076293945,2905.0
2024-03-01 10:18:00,FEMY,1.6887999773025513,1.6887999773025513,1.6887999773025513,1.6887999773025513,1.6887999773025513,416.0
2024-03-01 10:18:00,FGEN,1.690000057220459,1.690000057220459,1.7000999450683594,1.690000057220459,1.7000999450683594,10462.0
2024-03-01 10:18:00,FHTX,8.22700023651123,8.22700023651123,8.22700023651123,8.22700023651123,8.22700023651123,266.0
2024-03-01 10:18:00,FLGT,22.829999923706055,22.829999923706055,22.829999923706055,22.829999923706055,22.829999923706055,339.0
2024-03-01 10:18:00,FOLD,13.470000267028809,13.470000267028809,13.470000267028809,13.449999809265137,13.449999809265137,1459.0
2024-03-01 10:18:00,FULC,10.529999732971191,10.529999732971191,10.539999961853027,10.5,10.5,937.0
2024-03-01 10:18:00,FUSN,12.210000038146973,12.210000038146973,12.25,12.210000038146973,12.239999771118164,2095.0
2024-03-01 10:18:00,GALT,2.009999990463257,2.009999990463257,2.009999990463257,2.009999990463257,2.009999990463257,209.0
2024-03-01 10:18:00,GCTK,0.30000001192092896,0.30000001192092896,0.30000001192092896,0.2994999885559082,0.2994999885559082,500.0
2024-03-01 10:18:00,GDRX,8.329999923706055,8.329999923706055,8.390000343322754,8.329999923706055,8.390000343322754,5775.0
2024-03-01 10:18:00,GERN,2.0950000286102295,2.0950000286102295,2.0999999046325684,2.0950000286102295,2.0999999046325684,4628.0
2024-03-01 10:18:00,GH,19.049999237060547,19.049999237060547,19.049999237060547,19.020000457763672,19.030000686645508,2599.0
2024-03-01 10:18:00,GILD,72.4000015258789,72.4000015258789,72.44999694824219,72.4000015258789,72.43499755859375,6350.0
2024-03-01 10:18:00,GMAB,28.799999237060547,28.799999237060547,28.799999237060547,28.790000915527344,28.790000915527344,708.0
2024-03-01 10:18:00,GOSS,1.3524999618530273,1.3524999618530273,1.3550000190734863,1.350000023841858,1.3524999618530273,1125.0
2024-03-01 10:18:00,GRFS,6.84499979019165,6.84499979019165,6.84499979019165,6.829999923706055,6.840000152587891,1859.0
2024-03-01 10:18:00,GRTS,2.055000066757202,2.055000066757202,2.059999942779541,2.0350000858306885,2.0387001037597656,23295.0
2024-03-01 10:18:00,GTHX,3.389899969100952,3.389899969100952,3.389899969100952,3.389899969100952,3.389899969100952,200.0
2024-03-01 10:18:00,HALO,40.90999984741211,40.90999984741211,40.90999984741211,40.849998474121094,40.849998474121094,2017.0
2024-03-01 10:18:00,HARP,22.940000534057617,22.940000534057617,22.940000534057617,22.940000534057617,22.940000534057617,300.0
2024-03-01 10:18:00,HCAT,8.0,8.0,8.010000228881836,7.96999979019165,8.010000228881836,6443.0
2024-03-01 10:18:00,HCSG,12.600000381469727,12.600000381469727,12.604999542236328,12.600000381469727,12.600000381469727,475.0
2024-03-01 10:18:00,HCTI,2.3499999046325684,2.3499999046325684,2.384999990463257,2.3499999046325684,2.367500066757202,833.0
2024-03-01 10:18:00,HITI,1.75,1.75,1.75,1.75,1.75,250.0
2024-03-01 10:18:00,HLTH,0.2669000029563904,0.2669000029563904,0.2669000029563904,0.2662999927997589,0.2662999927997589,3794.0
2024-03-01 10:18:00,HOLX,73.63999938964844,73.63999938964844,73.63999938964844,73.61000061035156,73.61000061035156,1767.0
2024-03-01 10:18:00,HRMY,31.170000076293945,31.170000076293945,31.200000762939453,31.170000076293945,31.200000762939453,1720.0
2024-03-01 10:18:00,HRTX,2.630000114440918,2.630000114440918,2.630000114440918,2.630000114440918,2.630000114440918,6.0
2024-03-01 10:18:00,HSIC,77.2699966430664,77.2699966430664,77.27999877929688,77.20999908447266,77.22000122070312,716.0
2024-03-01 10:18:00,HSTM,27.44499969482422,27.44499969482422,27.44499969482422,27.44499969482422,27.44499969482422,187.0
2024-03-01 10:18:00,HUMA,3.180000066757202,3.180000066757202,3.180000066757202,3.1649999618530273,3.174999952316284,12330.0
2024-03-01 10:18:00,IART,36.529998779296875,36.529998779296875,36.560001373291016,36.5099983215332,36.5099983215332,1042.0
2024-03-01 10:18:00,IBRX,4.84499979019165,4.84499979019165,4.858799934387207,4.84499979019165,4.858799934387207,2928.0
2024-03-01 10:18:00,ICLR,323.82501220703125,323.82501220703125,324.05499267578125,323.82501220703125,324.05499267578125,325.0
2024-03-01 10:18:00,ICUI,105.55999755859375,105.55999755859375,105.55999755859375,105.55999755859375,105.55999755859375,307.0
2024-03-01 10:18:00,IDXX,570.4400024414062,570.4400024414062,570.7150268554688,570.4400024414062,570.7150268554688,4033.0
2024-03-01 10:18:00,IDYA,45.90999984741211,45.90999984741211,45.90999984741211,45.90999984741211,45.90999984741211,302.0
2024-03-01 10:18:00,IGMS,13.369999885559082,13.369999885559082,13.369999885559082,13.369999885559082,13.369999885559082,199.0
2024-03-01 10:18:00,IINN,1.6527999639511108,1.6527999639511108,1.6527999639511108,1.6527999639511108,1.6527999639511108,242.0
2024-03-01 10:18:00,IKNA,1.4500000476837158,1.4500000476837158,1.4500000476837158,1.4500000476837158,1.4500000476837158,0.0
2024-03-01 10:18:00,ILMN,138.44000244140625,138.44000244140625,138.47000122070312,138.44000244140625,138.44000244140625,407.0
2024-03-01 10:18:00,IMMX,3.529099941253662,3.529099941253662,3.529099941253662,3.5250000953674316,3.5250000953674316,2899.0
2024-03-01 10:18:00,IMNN,1.0254000425338745,1.0254000425338745,1.0254000425338745,1.0254000425338745,1.0254000425338745,198.0
2024-03-01 10:18:00,IMTX,13.029999732971191,13.029999732971191,13.055000305175781,12.979999542236328,13.0,204108.0
2024-03-01 10:18:00,IMVT,36.619998931884766,36.619998931884766,36.630001068115234,36.619998931884766,36.630001068115234,257.0
2024-03-01 10:18:00,INCR,1.989400029182434,1.989400029182434,1.989400029182434,1.9600000381469727,1.9600000381469727,1194.0
2024-03-01 10:18:00,INCY,58.625,58.625,58.64500045776367,58.59000015258789,58.63999938964844,1965.0
2024-03-01 10:18:00,INGN,6.760000228881836,6.760000228881836,6.78000020980835,6.760000228881836,6.78000020980835,3038.0
2024-03-01 10:18:00,INMB,11.895000457763672,11.895000457763672,11.895000457763672,11.895000457763672,11.895000457763672,275.0
2024-03-01 10:18:00,INMD,22.399999618530273,22.399999618530273,22.43000030517578,22.389999389648438,22.43000030517578,1295.0
2024-03-01 10:18:00,INSM,28.174999237060547,28.174999237060547,28.174999237060547,28.079999923706055,28.079999923706055,1910.0
2024-03-01 10:18:00,INVA,15.446399688720703,15.446399688720703,15.446399688720703,15.380000114440918,15.380000114440918,1210.0
2024-03-01 10:18:00,INZY,6.489999771118164,6.489999771118164,6.494999885559082,6.489999771118164,6.489999771118164,1253.0
2024-03-01 10:18:00,IONS,45.43000030517578,45.43000030517578,45.43000030517578,45.43000030517578,45.43000030517578,286.0
2024-03-01 10:18:00,IOVA,16.68000030517578,16.68000030517578,16.749900817871094,16.665000915527344,16.735000610351562,19012.0
2024-03-01 10:18:00,IRTC,117.86000061035156,117.86000061035156,117.86000061035156,117.86000061035156,117.86000061035156,289.0
2024-03-01 10:18:00,IRWD,8.875,8.875,8.914999961853027,8.850000381469727,8.907500267028809,82723.0
2024-03-01 10:18:00,ISRG,388.17498779296875,388.17498779296875,388.30999755859375,388.17498779296875,388.30999755859375,1236.0
2024-03-01 10:18:00,ITCI,71.44499969482422,71.44499969482422,71.44499969482422,71.44249725341797,71.44499969482422,550.0
2024-03-01 10:18:00,ITOS,10.729999542236328,10.729999542236328,10.75,10.729999542236328,10.75,343.0
2024-03-01 10:18:00,ITRM,1.2400000095367432,1.2400000095367432,1.2400000095367432,1.2400000095367432,1.2400000095367432,177.0
2024-03-01 10:18:00,JAGX,0.08910000324249268,0.08910000324249268,0.09600000083446503,0.08209999650716782,0.0908999964594841,3087230.0
2024-03-01 10:18:00,JANX,47.20000076293945,47.20000076293945,47.20000076293945,46.5,46.59000015258789,4515.0
2024-03-01 10:18:00,JAZZ,120.04000091552734,120.04000091552734,120.04000091552734,120.04000091552734,120.04000091552734,467.0
2024-03-01 10:18:00,KIDS,26.959999084472656,26.959999084472656,26.959999084472656,26.959999084472656,26.959999084472656,209.0
2024-03-01 10:18:00,KNSA,21.81999969482422,21.81999969482422,21.88599967956543,21.799999237060547,21.88599967956543,1692.0
2024-03-01 10:18:00,KOD,5.9893999099731445,5.9893999099731445,5.9893999099731445,5.9893999099731445,5.9893999099731445,744.0
2024-03-01 10:18:00,KPTI,1.1779999732971191,1.1779999732971191,1.1779999732971191,1.1779999732971191,1.1779999732971191,4226.0
2024-03-01 10:18:00,KROS,68.7699966430664,68.7699966430664,68.91999816894531,68.7699966430664,68.91999816894531,227.0
2024-03-01 10:18:00,KRTX,316.0,316.0,316.0,316.0,316.0,520.0
2024-03-01 10:18:00,KRYS,166.07000732421875,166.07000732421875,166.97000122070312,165.86000061035156,166.97000122070312,3780.0
2024-03-01 10:18:00,KTRA,0.10369999706745148,0.10369999706745148,0.10379999876022339,0.10369999706745148,0.10379999876022339,19536.0
2024-03-01 10:18:00,KURA,21.219999313354492,21.219999313354492,21.219999313354492,21.219999313354492,21.219999313354492,461.0
2024-03-01 10:18:00,KZR,1.1080000400543213,1.1080000400543213,1.1086000204086304,1.1075999736785889,1.1086000204086304,2205.0
2024-03-01 10:18:00,LAB,2.2950000762939453,2.2950000762939453,2.2950000762939453,2.2950000762939453,2.2950000762939453,300.0
2024-03-01 10:18:00,LBPH,22.139999389648438,22.139999389648438,22.139999389648438,22.139999389648438,22.139999389648438,175.0
2024-03-01 10:18:00,LEGN,65.75,65.75,65.75,65.75,65.75,354.0
2024-03-01 10:18:00,LFST,8.010000228881836,8.010000228881836,8.010000228881836,8.0,8.010000228881836,9565.0
2024-03-01 10:18:00,LGND,80.51000213623047,80.51000213623047,80.51000213623047,80.51000213623047,80.51000213623047,283.0
2024-03-01 10:18:00,LGVN,0.550000011920929,0.550000011920929,0.550000011920929,0.550000011920929,0.550000011920929,1929.0
2024-03-01 10:18:00,LIXT,2.5399999618530273,2.5399999618530273,2.5399999618530273,2.5399999618530273,2.5399999618530273,582.0
2024-03-01 10:18:00,LMAT,68.33000183105469,68.33000183105469,68.33000183105469,68.29000091552734,68.29000091552734,300.0
2024-03-01 10:18:00,LNTH,65.56999969482422,65.56999969482422,65.61000061035156,65.5250015258789,65.5250015258789,2093.0
2024-03-01 10:18:00,LPTX,2.859999895095825,2.859999895095825,2.859999895095825,2.859999895095825,2.859999895095825,1061.0
2024-03-01 10:18:00,LQDA,14.399999618530273,14.399999618530273,14.399999618530273,14.399999618530273,14.399999618530273,225.0
2024-03-01 10:18:00,LTRN,4.712600231170654,4.712600231170654,4.724999904632568,4.712600231170654,4.724999904632568,528.0
2024-03-01 10:18:00,LUNG,9.005000114440918,9.005000114440918,9.020000457763672,8.989999771118164,9.0,1159.0
2024-03-01 10:18:00,LVTX,3.0299999713897705,3.0299999713897705,3.0299999713897705,3.0250000953674316,3.0299999713897705,1480.0
2024-03-01 10:18:00,LXRX,2.4100000858306885,2.4100000858306885,2.424999952316284,2.4100000858306885,2.4200000762939453,20086.0
2024-03-01 10:18:00,LYEL,3.069999933242798,3.069999933242798,3.069999933242798,3.055000066757202,3.059999942779541,1076.0
2024-03-01 10:18:00,LYRA,5.489999771118164,5.489999771118164,5.510000228881836,5.489999771118164,5.489999771118164,1127.0
2024-03-01 10:18:00,MASI,127.12000274658203,127.12000274658203,127.12000274658203,126.79000091552734,126.79000091552734,1539.0
2024-03-01 10:18:00,MCRB,1.1700999736785889,1.1700999736785889,1.1755000352859497,1.1700999736785889,1.1755000352859497,2501.0
2024-03-01 10:18:00,MDGL,242.75999450683594,242.75999450683594,242.77000427246094,242.75999450683594,242.77000427246094,1595.0
2024-03-01 10:18:00,MDRX,5.929999828338623,5.929999828338623,5.929999828338623,5.800000190734863,5.800000190734863,15730.0
2024-03-01 10:18:00,MDXG,8.505000114440918,8.505000114440918,8.505000114440918,8.505000114440918,8.505000114440918,337.0
2024-03-01 10:18:00,ME,0.5684999823570251,0.5684999823570251,0.5685999989509583,0.5667999982833862,0.5685999989509583,11142.0
2024-03-01 10:18:00,MEDP,400.5150146484375,400.5150146484375,400.6600036621094,400.44000244140625,400.6600036621094,506.0
2024-03-01 10:18:00,MGNX,19.1299991607666,19.1299991607666,19.139999389648438,19.0,19.034900665283203,9326.0
2024-03-01 10:18:00,MGTX,6.170000076293945,6.170000076293945,6.195000171661377,6.170000076293945,6.195000171661377,16532.0
2024-03-01 10:18:00,MIRM,28.889999389648438,28.889999389648438,28.889999389648438,28.889999389648438,28.889999389648438,217.0
2024-03-01 10:18:00,MIST,1.7000000476837158,1.7000000476837158,1.7100000381469727,1.7000000476837158,1.7100000381469727,2003.0
2024-03-01 10:18:00,MLTX,52.2599983215332,52.2599983215332,52.2599983215332,52.2599983215332,52.2599983215332,200.0
2024-03-01 10:18:00,MMSI,75.90499877929688,75.90499877929688,75.90499877929688,75.70999908447266,75.70999908447266,374.0
2024-03-01 10:18:00,MNKD,4.454999923706055,4.454999923706055,4.454999923706055,4.434999942779541,4.445000171661377,15308.0
2024-03-01 10:18:00,MNMD,5.80679988861084,5.80679988861084,5.80679988861084,5.80679988861084,5.80679988861084,245.0
2024-03-01 10:18:00,MODD,1.899999976158142,1.899999976158142,1.899999976158142,1.899999976158142,1.899999976158142,600.0
2024-03-01 10:18:00,MODV,27.354999542236328,27.354999542236328,27.377500534057617,27.354999542236328,27.377500534057617,444.0
2024-03-01 10:18:00,MORF,38.27000045776367,38.27000045776367,38.27000045776367,38.22999954223633,38.27000045776367,1130.0
2024-03-01 10:18:00,MOTS,0.6804999709129333,0.6804999709129333,0.6804999709129333,0.6804999709129333,0.6804999709129333,3.0
2024-03-01 10:18:00,MRAI,1.5299999713897705,1.5299999713897705,1.5299999713897705,1.5299999713897705,1.5299999713897705,0.0
2024-03-01 10:18:00,MREO,3.865000009536743,3.865000009536743,3.865000009536743,3.865000009536743,3.865000009536743,435.0
2024-03-01 10:18:00,MRNA,94.36000061035156,94.36000061035156,94.36000061035156,94.19129943847656,94.30999755859375,4909.0
2024-03-01 10:18:00,MRNS,9.710000038146973,9.710000038146973,9.710000038146973,9.710000038146973,9.710000038146973,116.0
2024-03-01 10:18:00,MRSN,6.000100135803223,6.000100135803223,6.050000190734863,5.96999979019165,6.039999961853027,8100.0
2024-03-01 10:18:00,MRUS,50.0,50.0,50.099998474121094,49.970001220703125,50.099998474121094,2427.0
2024-03-01 10:18:00,MRVI,7.695000171661377,7.695000171661377,7.704999923706055,7.695000171661377,7.704999923706055,1505.0
2024-03-01 10:18:00,MXCT,4.744999885559082,4.744999885559082,4.744999885559082,4.719900131225586,4.719900131225586,7064.0
2024-03-01 10:18:00,MYGN,20.8700008392334,20.8700008392334,20.930400848388672,20.8700008392334,20.8700008392334,1159.0
2024-03-01 10:18:00,NARI,45.2400016784668,45.2400016784668,45.29999923706055,45.2400016784668,45.29999923706055,511.0
2024-03-01 10:18:00,NAUT,2.759999990463257,2.759999990463257,2.759999990463257,2.759999990463257,2.759999990463257,200.0
2024-03-01 10:18:00,NBIX,131.41000366210938,131.41000366210938,131.41000366210938,131.11000061035156,131.1199951171875,2427.0
2024-03-01 10:18:00,NCNA,0.3199999928474426,0.3199999928474426,0.3199999928474426,0.3199999928474426,0.3199999928474426,1077.0
2024-03-01 10:18:00,NEO,15.8100004196167,15.8100004196167,15.829999923706055,15.8100004196167,15.829999923706055,578.0
2024-03-01 10:18:00,NEOG,16.875,16.875,16.8799991607666,16.875,16.875,1665.0
2024-03-01 10:18:00,NEXI,6.5,6.5,6.5,6.5,6.5,180.0
2024-03-01 10:18:00,NGM,1.5299999713897705,1.5299999713897705,1.534999966621399,1.5299999713897705,1.534999966621399,1077.0
2024-03-01 10:18:00,NKTX,12.319999694824219,12.319999694824219,12.319999694824219,12.319999694824219,12.319999694824219,603.0
2024-03-01 10:18:00,NLSP,0.38999998569488525,0.38999998569488525,0.38999998569488525,0.38999998569488525,0.38999998569488525,144.0
2024-03-01 10:18:00,NNOX,11.140000343322754,11.140000343322754,11.140000343322754,11.125,11.130000114440918,2168.0
2024-03-01 10:18:00,NOTV,7.554999828338623,7.554999828338623,7.554999828338623,7.510000228881836,7.510000228881836,3232.0
2024-03-01 10:18:00,NRBO,5.8028998374938965,5.8028998374938965,5.8028998374938965,5.8028998374938965,5.8028998374938965,162.0
2024-03-01 10:18:00,NRIX,12.944999694824219,12.944999694824219,12.944999694824219,12.944999694824219,12.944999694824219,215.0
2024-03-01 10:18:00,NRSN,1.9800000190734863,1.9800000190734863,1.9800000190734863,1.9800000190734863,1.9800000190734863,1000.0
2024-03-01 10:18:00,NRXP,0.4300000071525574,0.4300000071525574,0.4300000071525574,0.42989999055862427,0.4300000071525574,0.0
2024-03-01 10:18:00,NTLA,33.349998474121094,33.349998474121094,33.349998474121094,33.30500030517578,33.349998474121094,3697.0
2024-03-01 10:18:00,NTRA,89.07499694824219,89.07499694824219,89.27999877929688,89.07499694824219,89.27999877929688,2671.0
2024-03-01 10:18:00,NVAX,4.914999961853027,4.914999961853027,4.917500019073486,4.909999847412109,4.914999961853027,3990.0
2024-03-01 10:18:00,NVCR,15.335000038146973,15.335000038146973,15.354999542236328,15.335000038146973,15.350000381469727,1894.0
2024-03-01 10:18:00,NVOS,0.6266000270843506,0.6266000270843506,0.6266000270843506,0.6266000270843506,0.6266000270843506,1133.0
2024-03-01 10:18:00,NXTC,1.7200000286102295,1.7200000286102295,1.7300000190734863,1.7100000381469727,1.7100000381469727,2210.0
2024-03-01 10:18:00,OCGN,0.9160000085830688,0.9160000085830688,0.9200000166893005,0.9120000004768372,0.9200000166893005,15105.0
2024-03-01 10:18:00,OCUL,10.244999885559082,10.244999885559082,10.260000228881836,10.23009967803955,10.260000228881836,6793.0
2024-03-01 10:18:00,OFIX,12.920000076293945,12.920000076293945,12.920000076293945,12.920000076293945,12.920000076293945,132.0
2024-03-01 10:18:00,OGI,2.065000057220459,2.065000057220459,2.065000057220459,2.065000057220459,2.065000057220459,347.0
2024-03-01 10:18:00,OLK,22.549999237060547,22.549999237060547,22.579999923706055,22.549999237060547,22.579999923706055,3257.0
2024-03-01 10:18:00,OLMA,12.75,12.75,12.760000228881836,12.75,12.760000228881836,461.0
2024-03-01 10:18:00,ONTX,0.8101000189781189,0.8101000189781189,0.8101000189781189,0.8101000189781189,0.8101000189781189,200.0
2024-03-01 10:19:00,AADI,1.9700000286102295,1.9700000286102295,1.9900000095367432,1.9700000286102295,1.9880000352859497,4002.0
2024-03-01 10:19:00,ABCL,5.110000133514404,5.110000133514404,5.110000133514404,5.110000133514404,5.110000133514404,2516.0
2024-03-01 10:19:00,ABIO,1.6601999998092651,1.6601999998092651,1.6601999998092651,1.6601999998092651,1.6601999998092651,108.0
2024-03-01 10:19:00,ABOS,4.675000190734863,4.675000190734863,4.675000190734863,4.650000095367432,4.650000095367432,859.0
2024-03-01 10:19:00,ABSI,5.150000095367432,5.150000095367432,5.150000095367432,5.130000114440918,5.130000114440918,2449.0
2024-03-01 10:19:00,ACAD,23.780000686645508,23.780000686645508,23.850000381469727,23.774999618530273,23.81999969482422,3288.0
2024-03-01 10:19:00,ACB,3.0199999809265137,3.0199999809265137,3.028899908065796,3.0199999809265137,3.0250000953674316,13614.0
2024-03-01 10:19:00,ACET,2.311500072479248,2.311500072479248,2.3197999000549316,2.311500072479248,2.3197999000549316,798.0
2024-03-01 10:19:00,ACHL,1.3698999881744385,1.3698999881744385,1.3700000047683716,1.3650000095367432,1.3700000047683716,4087.0
2024-03-01 10:19:00,ACLX,69.52999877929688,69.52999877929688,69.88999938964844,69.52999877929688,69.87999725341797,1408.0
2024-03-01 10:19:00,ACON,0.38100001215934753,0.38100001215934753,0.38100001215934753,0.38100001215934753,0.38100001215934753,0.0
2024-03-01 10:19:00,ACRS,1.2400000095367432,1.2400000095367432,1.2400000095367432,1.2400000095367432,1.2400000095367432,708.0
2024-03-01 10:19:00,ADIL,3.2385001182556152,3.2385001182556152,3.2899999618530273,3.200000047683716,3.2314000129699707,88144.0
2024-03-01 10:19:00,ADMA,5.370100021362305,5.370100021362305,5.375,5.364999771118164,5.364999771118164,3033.0
2024-03-01 10:19:00,ADPT,4.105000019073486,4.105000019073486,4.105000019073486,4.099999904632568,4.099999904632568,2855.0
2024-03-01 10:19:00,ADVM,1.9699000120162964,1.9699000120162964,1.9699000120162964,1.965000033378601,1.965000033378601,1022.0
2024-03-01 10:19:00,AGEN,0.6668999791145325,0.6668999791145325,0.6700999736785889,0.6668000221252441,0.6700999736785889,64822.0
2024-03-01 10:19:00,AGIO,32.564998626708984,32.564998626708984,32.61000061035156,32.5099983215332,32.5099983215332,2028.0
2024-03-01 10:19:00,AGRX,0.839900016784668,0.839900016784668,0.839900016784668,0.839900016784668,0.839900016784668,200.0
2024-03-01 10:19:00,AHCO,10.5600004196167,10.5600004196167,10.5600004196167,10.545000076293945,10.545000076293945,761.0
2024-03-01 10:19:00,AIMD,0.9850000143051147,0.9850000143051147,0.9850000143051147,0.9850000143051147,0.9850000143051147,758.0
2024-03-01 10:19:00,AKBA,1.6449999809265137,1.6449999809265137,1.649999976158142,1.6399999856948853,1.6399999856948853,5307.0
2024-03-01 10:19:00,AKRO,28.03499984741211,28.03499984741211,28.049999237060547,28.0,28.0,1371.0
2024-03-01 10:19:00,ALDX,4.020100116729736,4.020100116729736,4.079999923706055,4.020100116729736,4.078800201416016,4524.0
2024-03-01 10:19:00,ALEC,7.409999847412109,7.409999847412109,7.409999847412109,7.380000114440918,7.380000114440918,1254.0
2024-03-01 10:19:00,ALGN,297.635009765625,297.635009765625,298.19000244140625,297.635009765625,298.19000244140625,1081.0
2024-03-01 10:19:00,ALHC,5.855000019073486,5.855000019073486,5.90500020980835,5.849999904632568,5.90500020980835,50592.0
2024-03-01 10:19:00,ALKS,30.045000076293945,30.045000076293945,30.100000381469727,30.045000076293945,30.075000762939453,2341.0
2024-03-01 10:19:00,ALLK,1.5801000595092773,1.5801000595092773,1.589900016784668,1.5801000595092773,1.5850000381469727,1398.0
2024-03-01 10:19:00,ALLO,5.0,5.0,5.0,4.994999885559082,5.0,502.0
2024-03-01 10:19:00,ALNY,152.76499938964844,152.76499938964844,152.77999877929688,152.40499877929688,152.4199981689453,2208.0
2024-03-01 10:19:00,ALPN,36.150001525878906,36.150001525878906,36.20000076293945,36.150001525878906,36.20000076293945,1863.0
2024-03-01 10:19:00,ALT,12.235799789428711,12.235799789428711,12.279999732971191,12.210000038146973,12.23799991607666,8649.0
2024-03-01 10:19:00,ALVO,15.65999984741211,15.65999984741211,15.664999961853027,15.649999618530273,15.649999618530273,896.0
2024-03-01 10:19:00,ALVR,0.7455999851226807,0.7455999851226807,0.7455999851226807,0.7455999851226807,0.7455999851226807,417.0
2024-03-01 10:19:00,AMGN,279.4800109863281,279.4800109863281,280.0509948730469,279.4750061035156,279.9599914550781,5545.0
2024-03-01 10:19:00,AMLX,18.875,18.875,18.875,18.850000381469727,18.850000381469727,494.0
2024-03-01 10:19:00,AMPH,46.275001525878906,46.275001525878906,46.349998474121094,46.275001525878906,46.34000015258789,1673.0
2024-03-01 10:19:00,AMRN,1.024999976158142,1.024999976158142,1.0288000106811523,1.0199999809265137,1.0199999809265137,3228.0
2024-03-01 10:19:00,ANAB,25.450000762939453,25.450000762939453,25.450000762939453,25.440000534057617,25.440000534057617,499.0
2024-03-01 10:19:00,ANGO,5.309999942779541,5.309999942779541,5.315000057220459,5.309999942779541,5.315000057220459,1023.0
2024-03-01 10:19:00,ANIK,24.450000762939453,24.450000762939453,24.450000762939453,24.450000762939453,24.450000762939453,391.0
2024-03-01 10:19:00,ANIX,3.5657999515533447,3.5657999515533447,3.5657999515533447,3.5657999515533447,3.5657999515533447,73.0
2024-03-01 10:19:00,ANTX,2.9481000900268555,2.9481000900268555,2.9481000900268555,2.9481000900268555,2.9481000900268555,101.0
2024-03-01 10:19:00,APLS,62.724998474121094,62.724998474121094,62.779998779296875,62.630001068115234,62.720001220703125,2740.0
2024-03-01 10:19:00,APLT,7.440000057220459,7.440000057220459,7.5,7.440000057220459,7.480000019073486,4628.0
2024-03-01 10:19:00,APRE,8.520299911499023,8.520299911499023,8.520299911499023,8.520299911499023,8.520299911499023,269.0
2024-03-01 10:19:00,APTO,1.7999999523162842,1.7999999523162842,1.7999999523162842,1.7999999523162842,1.7999999523162842,220.0
2024-03-01 10:19:00,AQST,4.224999904632568,4.224999904632568,4.229800224304199,4.1905999183654785,4.190899848937988,4233.0
2024-03-01 10:19:00,ARAY,2.610100030899048,2.610100030899048,2.610100030899048,2.610100030899048,2.610100030899048,772.0
2024-03-01 10:19:00,ARCT,40.34000015258789,40.34000015258789,40.380001068115234,40.34000015258789,40.380001068115234,433.0
2024-03-01 10:19:00,ARDX,9.675000190734863,9.675000190734863,9.699999809265137,9.664999961853027,9.675000190734863,25211.0
2024-03-01 10:19:00,ARGX,382.8599853515625,382.8599853515625,382.8699951171875,382.5150146484375,382.6000061035156,2077.0
2024-03-01 10:19:00,ARQT,10.687899589538574,10.687899589538574,10.6899995803833,10.595000267028809,10.595000267028809,5656.0
2024-03-01 10:19:00,ARVN,50.70000076293945,50.70000076293945,50.70000076293945,50.46500015258789,50.46500015258789,5062.0
2024-03-01 10:19:00,ARWR,34.59000015258789,34.59000015258789,34.724998474121094,34.59000015258789,34.599998474121094,2133.0
2024-03-01 10:19:00,ASLN,0.8216000199317932,0.8216000199317932,0.8305000066757202,0.8216000199317932,0.8305000066757202,593.0
2024-03-01 10:19:00,ASND,148.35000610351562,148.35000610351562,148.3800048828125,148.34500122070312,148.35000610351562,493.0
2024-03-01 10:19:00,ASRT,0.9200000166893005,0.9200000166893005,0.9200000166893005,0.9106000065803528,0.9106000065803528,680.0
2024-03-01 10:19:00,ATAI,1.9600000381469727,1.9600000381469727,1.9600000381469727,1.9600000381469727,1.9600000381469727,350.0
2024-03-01 10:19:00,ATEC,13.1850004196167,13.1850004196167,13.229999542236328,13.1850004196167,13.229999542236328,2133.0
2024-03-01 10:19:00,ATHA,3.9100000858306885,3.9100000858306885,3.9100000858306885,3.9100000858306885,3.9100000858306885,126.0
2024-03-01 10:19:00,ATOS,0.9948999881744385,0.9948999881744385,0.9948999881744385,0.9948999881744385,0.9948999881744385,10.0
2024-03-01 10:19:00,ATRA,0.8051000237464905,0.8051000237464905,0.8123999834060669,0.8051000237464905,0.8123999834060669,1646.0
2024-03-01 10:19:00,ATRC,35.30500030517578,35.30500030517578,35.33000183105469,35.29999923706055,35.29999923706055,698.0
2024-03-01 10:19:00,ATXI,0.1526000052690506,0.1526000052690506,0.1526000052690506,0.1526000052690506,0.1526000052690506,0.0
2024-03-01 10:19:00,ATXS,14.6899995803833,14.6899995803833,14.6899995803833,14.619999885559082,14.619999885559082,356.0
2024-03-01 10:19:00,AUPH,5.75,5.75,5.75,5.735000133514404,5.735000133514404,1952.0
2024-03-01 10:19:00,AURA,9.220000267028809,9.220000267028809,9.220000267028809,9.220000267028809,9.220000267028809,101.0
2024-03-01 10:19:00,AUTL,6.21999979019165,6.21999979019165,6.239999771118164,6.199999809265137,6.210000038146973,11432.0
2024-03-01 10:19:00,AVDL,12.741399765014648,12.741399765014648,12.744999885559082,12.739999771118164,12.744999885559082,900.0
2024-03-01 10:19:00,AVGR,3.809999942779541,3.809999942779541,3.809999942779541,3.809999942779541,3.809999942779541,222.0
2024-03-01 10:19:00,AVIR,4.355000019073486,4.355000019073486,4.355000019073486,4.355000019073486,4.355000019073486,59.0
2024-03-01 10:19:00,AVXL,5.235000133514404,5.235000133514404,5.235000133514404,5.230000019073486,5.230000019073486,251.0
2024-03-01 10:19:00,AXGN,10.4399995803833,10.4399995803833,10.4399995803833,10.4399995803833,10.4399995803833,124.0
2024-03-01 10:19:00,AXNX,67.55999755859375,67.55999755859375,67.58000183105469,67.55999755859375,67.58000183105469,1111.0
2024-03-01 10:19:00,AXSM,82.96499633789062,82.96499633789062,82.96499633789062,82.87999725341797,82.87999725341797,517.0
2024-03-01 10:19:00,AZN,64.34500122070312,64.34500122070312,64.36499786376953,64.33999633789062,64.34500122070312,6418.0
2024-03-01 10:19:00,AZTA,65.82499694824219,65.82499694824219,65.82499694824219,65.82499694824219,65.82499694824219,328.0
2024-03-01 10:19:00,BBIO,36.224998474121094,36.224998474121094,36.25,35.97999954223633,35.97999954223633,2023.0
2024-03-01 10:19:00,BCAB,2.7600998878479004,2.7600998878479004,2.7699999809265137,2.7600998878479004,2.7699999809265137,242.0
2024-03-01 10:19:00,BCLI,0.3562000095844269,0.3562000095844269,0.3562000095844269,0.3562000095844269,0.3562000095844269,0.0
2024-03-01 10:19:00,BCRX,5.690000057220459,5.690000057220459,5.690000057220459,5.684999942779541,5.684999942779541,1876.0
2024-03-01 10:19:00,BCTX,3.430000066757202,3.430000066757202,3.430000066757202,3.430000066757202,3.430000066757202,109.0
2024-03-01 10:19:00,BCYC,25.6200008392334,25.6200008392334,25.6200008392334,25.6200008392334,25.6200008392334,232.0
2024-03-01 10:19:00,BDTX,5.28000020980835,5.28000020980835,5.28000020980835,5.28000020980835,5.28000020980835,208.0
2024-03-01 10:19:00,BEAM,40.79999923706055,40.79999923706055,40.880001068115234,40.44499969482422,40.44499969482422,2214.0
2024-03-01 10:19:00,BGNE,163.89999389648438,163.89999389648438,164.0,163.77000427246094,163.77000427246094,574.0
2024-03-01 10:19:00,BIOL,0.1362999975681305,0.1362999975681305,0.1362999975681305,0.1362999975681305,0.1362999975681305,5158.0
2024-03-01 10:19:00,BIOR,1.2200000286102295,1.2200000286102295,1.2300000190734863,1.2199000120162964,1.2199000120162964,1252.0
2024-03-01 10:19:00,BIVI,2.743000030517578,2.743000030517578,2.869999885559082,2.700000047683716,2.863800048828125,391767.0
2024-03-01 10:19:00,BLFS,17.81999969482422,17.81999969482422,17.81999969482422,17.709999084472656,17.75,0.0
2024-03-01 10:19:00,BLUE,1.6098999977111816,1.6098999977111816,1.6100000143051147,1.590999960899353,1.600000023841858,30485.0
2024-03-01 10:19:00,BMEA,17.59000015258789,17.59000015258789,17.75,17.59000015258789,17.75,3764.0
2024-03-01 10:19:00,BMRN,86.19000244140625,86.19000244140625,86.20500183105469,86.18000030517578,86.20500183105469,1702.0
2024-03-01 10:19:00,BNGO,1.23989999294281,1.23989999294281,1.23989999294281,1.2350000143051147,1.2350000143051147,700.0
2024-03-01 10:19:00,BNR,0.8720999956130981,0.8720999956130981,0.8720999956130981,0.8720999956130981,0.8720999956130981,100.0
2024-03-01 10:19:00,BNTC,5.099999904632568,5.099999904632568,5.099999904632568,5.079999923706055,5.079999923706055,0.0
2024-03-01 10:19:00,BNTX,90.41000366210938,90.41000366210938,90.41000366210938,90.27999877929688,90.36000061035156,6045.0
2024-03-01 10:19:00,BPMC,97.80999755859375,97.80999755859375,97.80999755859375,97.55000305175781,97.55000305175781,725.0
2024-03-01 10:19:00,BRKR,87.30000305175781,87.30000305175781,87.4000015258789,87.30000305175781,87.4000015258789,720.0
2024-03-01 10:19:00,BTTX,0.16269999742507935,0.16269999742507935,0.16269999742507935,0.16120000183582306,0.16120000183582306,0.0
2024-03-01 10:19:00,CABA,24.209999084472656,24.209999084472656,24.209999084472656,24.139999389648438,24.139999389648438,1409.0
2024-03-01 10:19:00,CAPR,4.564000129699707,4.564000129699707,4.564000129699707,4.564000129699707,4.564000129699707,662.0
2024-03-01 10:19:00,CARA,0.8700000047683716,0.8700000047683716,0.8700000047683716,0.8700000047683716,0.8700000047683716,6.0
2024-03-01 10:19:00,CBAY,32.2400016784668,32.2400016784668,32.2400016784668,32.23500061035156,32.23500061035156,1462.0
2024-03-01 10:19:00,CCCC,11.0,11.0,11.0,11.0,11.0,881.0
2024-03-01 10:19:00,CDNA,12.029999732971191,12.029999732971191,12.03219985961914,12.0,12.03219985961914,2206.0
2024-03-01 10:19:00,CDXS,4.289999961853027,4.289999961853027,4.298900127410889,4.28000020980835,4.28000020980835,2614.0
2024-03-01 10:19:00,CERE,41.13999938964844,41.13999938964844,41.13999938964844,41.125,41.125,2303.0
2024-03-01 10:19:00,CERS,2.174999952316284,2.174999952316284,2.180000066757202,2.174999952316284,2.1798999309539795,4888.0
2024-03-01 10:19:00,CERT,17.915000915527344,17.915000915527344,17.959999084472656,17.90999984741211,17.959999084472656,917.0
2024-03-01 10:19:00,CGC,3.1649999618530273,3.1649999618530273,3.1684999465942383,3.1600000858306885,3.1649999618530273,1102.0
2024-03-01 10:19:00,CGEM,18.850000381469727,18.850000381469727,18.850000381469727,18.850000381469727,18.850000381469727,105.0
2024-03-01 10:19:00,CGTX,2.049999952316284,2.049999952316284,2.049999952316284,2.049999952316284,2.049999952316284,200.0
2024-03-01 10:19:00,CHRS,2.2994000911712646,2.2994000911712646,2.299999952316284,2.2950000762939453,2.2950000762939453,3551.0
2024-03-01 10:19:00,CING,1.2371000051498413,1.2371000051498413,1.2371000051498413,1.2371000051498413,1.2371000051498413,100.0
2024-03-01 10:19:00,CKPT,2.149899959564209,2.149899959564209,2.1700000762939453,2.140000104904175,2.1700000762939453,5012.0
2024-03-01 10:19:00,CLDX,51.42499923706055,51.42499923706055,51.52000045776367,51.41999816894531,51.52000045776367,1238.0
2024-03-01 10:19:00,CLOV,0.8651000261306763,0.8651000261306763,0.8661999702453613,0.8651000261306763,0.8661999702453613,8822.0
2024-03-01 10:19:00,CMMB,0.6697999835014343,0.6697999835014343,0.6697999835014343,0.6697999835014343,0.6697999835014343,200.0
2024-03-01 10:19:00,CMPS,10.619999885559082,10.619999885559082,10.619999885559082,10.585000038146973,10.585000038146973,101.0
2024-03-01 10:19:00,CMRX,1.149999976158142,1.149999976158142,1.159999966621399,1.1399999856948853,1.1399999856948853,17990.0
2024-03-01 10:19:00,CNSP,0.3084000051021576,0.3084000051021576,0.3084000051021576,0.30000001192092896,0.30000001192092896,4002.0
2024-03-01 10:19:00,COGT,7.300000190734863,7.300000190734863,7.300000190734863,7.28000020980835,7.28000020980835,3675.0
2024-03-01 10:19:00,CORT,23.809999465942383,23.809999465942383,23.809999465942383,23.799999237060547,23.799999237060547,1805.0
2024-03-01 10:19:00,CPRX,16.770000457763672,16.770000457763672,16.809999465942383,16.760000228881836,16.791000366210938,7819.0
2024-03-01 10:19:00,CPSI,9.279999732971191,9.279999732971191,9.300000190734863,9.274999618530273,9.289999961853027,1682.0
2024-03-01 10:19:00,CRBU,8.085000038146973,8.085000038146973,8.100000381469727,8.055000305175781,8.055000305175781,1559.0
2024-03-01 10:19:00,CRDF,2.420099973678589,2.420099973678589,2.4398999214172363,2.4000000953674316,2.4100000858306885,44992.0
2024-03-01 10:19:00,CRDL,2.0199999809265137,2.0199999809265137,2.049999952316284,2.009999990463257,2.049999952316284,35052.0
2024-03-01 10:19:00,CRIS,10.21500015258789,10.21500015258789,10.21500015258789,10.21500015258789,10.21500015258789,470.0
2024-03-01 10:19:00,CRMD,3.640000104904175,3.640000104904175,3.640000104904175,3.640000104904175,3.640000104904175,227.0
2024-03-01 10:19:00,CRNX,44.959999084472656,44.959999084472656,45.0099983215332,44.95000076293945,44.9900016784668,4280.0
2024-03-01 10:19:00,CRON,2.0250000953674316,2.0250000953674316,2.0250000953674316,2.0250000953674316,2.0250000953674316,501.0
2024-03-01 10:19:00,CRSP,86.4749984741211,86.4749984741211,86.52999877929688,86.33999633789062,86.33999633789062,3858.0
2024-03-01 10:19:00,CRVS,2.199899911880493,2.199899911880493,2.199899911880493,2.190000057220459,2.190000057220459,0.0
2024-03-01 10:19:00,CSTL,19.719999313354492,19.719999313354492,19.729999542236328,19.65999984741211,19.65999984741211,1297.0
2024-03-01 10:19:00,CTKB,7.960000038146973,7.960000038146973,7.960000038146973,7.949999809265137,7.949999809265137,625.0
2024-03-01 10:19:00,CTMX,2.5,2.5,2.5,2.5,2.5,200.0
2024-03-01 10:19:00,CUTR,2.299999952316284,2.299999952316284,2.299999952316284,2.299999952316284,2.299999952316284,2354.0
2024-03-01 10:19:00,CYTK,74.87999725341797,74.87999725341797,75.0,74.87000274658203,74.94000244140625,8028.0
2024-03-01 10:19:00,DAWN,16.8799991607666,16.8799991607666,16.90999984741211,16.8799991607666,16.90999984741211,412.0
2024-03-01 10:19:00,DBVT,0.800000011920929,0.800000011920929,0.800000011920929,0.800000011920929,0.800000011920929,962.0
2024-03-01 10:19:00,DCGO,4.054999828338623,4.054999828338623,4.054999828338623,4.050000190734863,4.050000190734863,1375.0
2024-03-01 10:19:00,DCPH,17.010000228881836,17.010000228881836,17.010000228881836,17.0,17.0,760.0
2024-03-01 10:19:00,DH,9.100000381469727,9.100000381469727,9.100000381469727,9.100000381469727,9.100000381469727,504.0
2024-03-01 10:19:00,DMTK,0.8500000238418579,0.8500000238418579,0.8700000047683716,0.8500000238418579,0.8650000095367432,14497.0
2024-03-01 10:19:00,DNLI,20.6299991607666,20.6299991607666,20.639999389648438,20.59000015258789,20.59000015258789,2867.0
2024-03-01 10:19:00,DRRX,0.9950000047683716,0.9950000047683716,0.9950000047683716,0.9950000047683716,0.9950000047683716,2900.0
2024-03-01 10:19:00,DTIL,13.125,13.125,13.149999618530273,13.125,13.125,1660.0
2024-03-01 10:19:00,DVAX,12.770000457763672,12.770000457763672,12.789999961853027,12.75,12.75,5542.0
2024-03-01 10:19:00,DXCM,117.41999816894531,117.41999816894531,117.41999816894531,117.19000244140625,117.20999908447266,23168.0
2024-03-01 10:19:00,DYN,29.979999542236328,29.979999542236328,29.979999542236328,29.815000534057617,29.815000534057617,3471.0
2024-03-01 10:19:00,EDAP,6.449699878692627,6.449699878692627,6.449699878692627,6.449699878692627,6.449699878692627,175.0
2024-03-01 10:19:00,EDIT,10.6899995803833,10.6899995803833,10.699999809265137,10.630000114440918,10.630000114440918,5829.0
2024-03-01 10:19:00,EGRX,6.179999828338623,6.179999828338623,6.179999828338623,6.179999828338623,6.179999828338623,200.0
2024-03-01 10:19:00,ELEV,4.889999866485596,4.889999866485596,4.940000057220459,4.860000133514404,4.860000133514404,3134.0
2024-03-01 10:19:00,ENSG,123.9000015258789,123.9000015258789,123.9000015258789,123.9000015258789,123.9000015258789,476.0
2024-03-01 10:19:00,ENTA,14.680000305175781,14.680000305175781,14.6899995803833,14.680000305175781,14.6899995803833,835.0
2024-03-01 10:19:00,ENVB,1.7400000095367432,1.7400000095367432,1.7594000101089478,1.6900999546051025,1.7139999866485596,48274.0
2024-03-01 10:19:00,EOLS,14.84000015258789,14.84000015258789,14.84000015258789,14.84000015258789,14.84000015258789,300.0
2024-03-01 10:19:00,EQ,2.589900016784668,2.589900016784668,2.589900016784668,2.589900016784668,2.589900016784668,0.0
2024-03-01 10:19:00,ERAS,2.4549999237060547,2.4549999237060547,2.4549999237060547,2.444999933242798,2.444999933242798,2197.0
2024-03-01 10:19:00,ESPR,2.5,2.5,2.5,2.484999895095825,2.490000009536743,11376.0
2024-03-01 10:19:00,ESTA,45.75,45.75,45.75,45.709999084472656,45.709999084472656,1206.0
2024-03-01 10:19:00,ETNB,12.739999771118164,12.739999771118164,12.789999961853027,12.729999542236328,12.729999542236328,5342.0
2024-03-01 10:19:00,EVO,7.400000095367432,7.400000095367432,7.409999847412109,7.400000095367432,7.400000095367432,11121.0
2024-03-01 10:19:00,EWTX,16.645000457763672,16.645000457763672,16.645000457763672,16.645000457763672,16.645000457763672,287.0
2024-03-01 10:19:00,EXAI,6.679999828338623,6.679999828338623,6.679999828338623,6.679999828338623,6.679999828338623,200.0
2024-03-01 10:19:00,EXAS,59.18000030517578,59.18000030517578,59.224998474121094,59.09000015258789,59.09000015258789,3063.0
2024-03-01 10:19:00,EXEL,22.450000762939453,22.450000762939453,22.450000762939453,22.424999237060547,22.424999237060547,2684.0
2024-03-01 10:19:00,EYEN,2.0799999237060547,2.0799999237060547,2.0999999046325684,2.0799999237060547,2.0999999046325684,3055.0
2024-03-01 10:19:00,EYPT,28.280000686645508,28.280000686645508,28.40999984741211,28.280000686645508,28.389999389648438,1918.0
2024-03-01 10:19:00,FATE,7.40500020980835,7.40500020980835,7.420000076293945,7.364999771118164,7.364999771118164,1813.0
2024-03-01 10:19:00,FDMT,29.725000381469727,29.725000381469727,29.80900001525879,29.640600204467773,29.640600204467773,2661.0
2024-03-01 10:19:00,FEMY,1.690000057220459,1.690000057220459,1.690000057220459,1.690000057220459,1.690000057220459,296.0
2024-03-01 10:19:00,FENC,9.65999984741211,9.65999984741211,9.65999984741211,9.65999984741211,9.65999984741211,153.0
2024-03-01 10:19:00,FGEN,1.6950000524520874,1.6950000524520874,1.6950000524520874,1.6830999851226807,1.6830999851226807,6152.0
2024-03-01 10:19:00,FIXX,0.9399999976158142,0.9399999976158142,0.9399999976158142,0.9376000165939331,0.9376000165939331,1400.0
2024-03-01 10:19:00,FOLD,13.5,13.5,13.5,13.475000381469727,13.475000381469727,1376.0
2024-03-01 10:19:00,FULC,10.524999618530273,10.524999618530273,10.524999618530273,10.5,10.520000457763672,27568.0
2024-03-01 10:19:00,FUSN,12.260000228881836,12.260000228881836,12.260000228881836,12.234999656677246,12.260000228881836,698.0
2024-03-01 10:19:00,GDRX,8.380000114440918,8.380000114440918,8.380000114440918,8.329999923706055,8.34000015258789,14944.0
2024-03-01 10:19:00,GERN,2.0950000286102295,2.0950000286102295,2.0999999046325684,2.0899999141693115,2.0950000286102295,33077.0
2024-03-01 10:19:00,GH,19.020000457763672,19.020000457763672,19.030000686645508,19.020000457763672,19.030000686645508,573.0
2024-03-01 10:19:00,GILD,72.35279846191406,72.35279846191406,72.44499969482422,72.33999633789062,72.4000015258789,5494.0
2024-03-01 10:19:00,GLUE,6.340000152587891,6.340000152587891,6.340000152587891,6.340000152587891,6.340000152587891,120.0
2024-03-01 10:19:00,GMAB,28.809999465942383,28.809999465942383,28.81999969482422,28.799999237060547,28.799999237060547,963.0
2024-03-01 10:19:00,GOSS,1.3524999618530273,1.3524999618530273,1.3550000190734863,1.350000023841858,1.3524999618530273,700.0
2024-03-01 10:19:00,GRFS,6.870100021362305,6.870100021362305,6.875,6.849999904632568,6.849999904632568,2911.0
2024-03-01 10:19:00,GRTS,2.0799999237060547,2.0799999237060547,2.0799999237060547,2.0536000728607178,2.055000066757202,13557.0
2024-03-01 10:19:00,GTHX,3.4100000858306885,3.4100000858306885,3.4100000858306885,3.390000104904175,3.390000104904175,1180.0
2024-03-01 10:19:00,HALO,40.95000076293945,40.95000076293945,41.0,40.939998626708984,40.939998626708984,1985.0
2024-03-01 10:19:00,HARP,22.94499969482422,22.94499969482422,22.950000762939453,22.940000534057617,22.950000762939453,213.0
2024-03-01 10:19:00,HCAT,7.994999885559082,7.994999885559082,7.994999885559082,7.989999771118164,7.989999771118164,802.0
2024-03-01 10:19:00,HCSG,12.600000381469727,12.600000381469727,12.600000381469727,12.600000381469727,12.600000381469727,375.0
2024-03-01 10:19:00,HCTI,2.350100040435791,2.350100040435791,2.4054999351501465,2.3499999046325684,2.4054999351501465,1135.0
2024-03-01 10:19:00,HPCO,0.2500999867916107,0.2500999867916107,0.2500999867916107,0.2500999867916107,0.2500999867916107,100.0
2024-03-01 10:19:00,HRMY,31.139999389648438,31.139999389648438,31.139999389648438,31.1200008392334,31.1299991607666,594.0
2024-03-01 10:19:00,HRTX,2.634999990463257,2.634999990463257,2.634999990463257,2.6280999183654785,2.6280999183654785,2189.0
2024-03-01 10:19:00,HSIC,77.33000183105469,77.33000183105469,77.33000183105469,77.31999969482422,77.31999969482422,764.0
2024-03-01 10:19:00,HUMA,3.180000066757202,3.180000066757202,3.1898999214172363,3.180000066757202,3.188999891281128,4619.0
2024-03-01 10:19:00,IART,36.560001373291016,36.560001373291016,36.560001373291016,36.529998779296875,36.529998779296875,1996.0
2024-03-01 10:19:00,IBRX,4.791200160980225,4.791200160980225,4.840199947357178,4.791200160980225,4.840000152587891,2880.0
2024-03-01 10:19:00,ICLR,323.8299865722656,323.8299865722656,323.8299865722656,323.5433044433594,323.5433044433594,815.0
2024-03-01 10:19:00,IDXX,570.1099853515625,570.1099853515625,570.8300170898438,570.1099853515625,570.4400024414062,1519.0
2024-03-01 10:19:00,IDYA,45.900001525878906,45.900001525878906,45.939998626708984,45.86000061035156,45.90999984741211,505.0
2024-03-01 10:19:00,ILMN,138.3699951171875,138.3699951171875,138.41000366210938,138.32000732421875,138.38999938964844,2674.0
2024-03-01 10:19:00,IMAB,1.8550000190734863,1.8550000190734863,1.8550000190734863,1.850000023841858,1.850000023841858,200.0
2024-03-01 10:19:00,IMCR,68.61000061035156,68.61000061035156,68.69000244140625,68.57499694824219,68.5999984741211,1005.0
2024-03-01 10:19:00,IMNM,25.18000030517578,25.18000030517578,25.18000030517578,25.18000030517578,25.18000030517578,248.0
2024-03-01 10:19:00,IMNN,1.024999976158142,1.024999976158142,1.0299999713897705,1.024999976158142,1.0299999713897705,218.0
2024-03-01 10:19:00,IMTX,13.130000114440918,13.130000114440918,13.130000114440918,13.039999961853027,13.050000190734863,3589.0
2024-03-01 10:19:00,IMVT,36.60499954223633,36.60499954223633,36.66999816894531,36.584999084472656,36.6150016784668,4288.0
2024-03-01 10:19:00,INAB,1.0973999500274658,1.0973999500274658,1.0973999500274658,1.0973999500274658,1.0973999500274658,2057.0
2024-03-01 10:19:00,INBX,36.760101318359375,36.760101318359375,36.760101318359375,36.760101318359375,36.760101318359375,51.0
2024-03-01 10:19:00,INCY,58.65999984741211,58.65999984741211,58.70000076293945,58.65999984741211,58.65999984741211,1162.0
2024-03-01 10:19:00,INGN,6.690000057220459,6.690000057220459,6.730000019073486,6.670000076293945,6.730000019073486,4808.0
2024-03-01 10:19:00,INMD,22.469999313354492,22.469999313354492,22.479999542236328,22.43000030517578,22.43000030517578,14965.0
2024-03-01 10:19:00,INNV,4.800000190734863,4.800000190734863,4.800000190734863,4.800000190734863,4.800000190734863,23829.0
2024-03-01 10:19:00,INSM,28.2450008392334,28.2450008392334,28.270000457763672,28.1875,28.1875,2111.0
2024-03-01 10:19:00,INVA,15.444999694824219,15.444999694824219,15.444999694824219,15.444999694824219,15.444999694824219,187.0
2024-03-01 10:19:00,INZY,6.5100998878479,6.5100998878479,6.510700225830078,6.510000228881836,6.510000228881836,1231.0
2024-03-01 10:19:00,IONS,45.559898376464844,45.559898376464844,45.559898376464844,45.42499923706055,45.42499923706055,1969.0
2024-03-01 10:19:00,IOVA,16.795000076293945,16.795000076293945,16.795000076293945,16.665000915527344,16.690000534057617,16661.0
2024-03-01 10:19:00,IRTC,117.91729736328125,117.91729736328125,117.91729736328125,117.79499816894531,117.79499816894531,1254.0
2024-03-01 10:19:00,IRWD,8.899999618530273,8.899999618530273,8.90999984741211,8.869999885559082,8.880000114440918,9091.0
2024-03-01 10:19:00,ISRG,388.17498779296875,388.17498779296875,388.19000244140625,388.0,388.0,1225.0
2024-03-01 10:19:00,ITCI,71.55999755859375,71.55999755859375,71.55999755859375,71.4749984741211,71.51499938964844,1554.0
2024-03-01 10:19:00,ITOS,10.75,10.75,10.75,10.75,10.75,854.0
2024-03-01 10:19:00,JAGX,0.09200000017881393,0.09200000017881393,0.09300000220537186,0.08829999715089798,0.0885000005364418,1203898.0
2024-03-01 10:19:00,JANX,46.338401794433594,46.338401794433594,46.338401794433594,46.338401794433594,46.338401794433594,183.0
2024-03-01 10:19:00,JAZZ,120.22000122070312,120.22000122070312,120.36499786376953,120.0199966430664,120.0199966430664,2403.0
2024-03-01 10:19:00,JSPR,21.31999969482422,21.31999969482422,21.34000015258789,21.295000076293945,21.34000015258789,1423.0
2024-03-01 10:19:00,KALV,13.970000267028809,13.970000267028809,13.970000267028809,13.90999984741211,13.90999984741211,1512.0
2024-03-01 10:19:00,KIDS,27.09000015258789,27.09000015258789,27.09000015258789,26.950000762939453,26.950000762939453,1425.0
2024-03-01 10:19:00,KNSA,21.84000015258789,21.84000015258789,21.84000015258789,21.81999969482422,21.81999969482422,513.0
2024-03-01 10:19:00,KNTE,2.619999885559082,2.619999885559082,2.619999885559082,2.619999885559082,2.619999885559082,8056.0
2024-03-01 10:19:00,KOD,6.0,6.0,6.0,6.0,6.0,153.0
2024-03-01 10:19:00,KPTI,1.1699999570846558,1.1699999570846558,1.1749999523162842,1.159999966621399,1.1749999523162842,15062.0
2024-03-01 10:19:00,KRON,1.0490000247955322,1.0490000247955322,1.0490000247955322,1.0490000247955322,1.0490000247955322,323.0
2024-03-01 10:19:00,KROS,68.7699966430664,68.7699966430664,68.7699966430664,68.7699966430664,68.7699966430664,346.0
2024-03-01 10:19:00,KRYS,166.2449951171875,166.2449951171875,166.2449951171875,165.91000366210938,165.91000366210938,911.0
2024-03-01 10:19:00,KTRA,0.10369999706745148,0.10369999706745148,0.10369999706745148,0.10369999706745148,0.10369999706745148,0.0
2024-03-01 10:19:00,KYMR,43.2599983215332,43.2599983215332,43.2599983215332,43.2599983215332,43.2599983215332,340.0
2024-03-01 10:19:00,KZIA,0.23999999463558197,0.23999999463558197,0.23999999463558197,0.23999999463558197,0.23999999463558197,700.0
2024-03-01 10:19:00,KZR,1.1038999557495117,1.1038999557495117,1.1100000143051147,1.1038999557495117,1.1100000143051147,33038.0
2024-03-01 10:19:00,LAB,2.2952001094818115,2.2952001094818115,2.299999952316284,2.2950000762939453,2.299999952316284,704.0
2024-03-01 10:19:00,LBPH,22.209999084472656,22.209999084472656,22.229999542236328,22.149999618530273,22.149999618530273,849.0
2024-03-01 10:19:00,LEGN,65.80000305175781,65.80000305175781,65.80000305175781,65.80000305175781,65.80000305175781,242.0
2024-03-01 10:19:00,LEXX,2.559999942779541,2.559999942779541,2.559999942779541,2.550100088119507,2.550100088119507,3061.0
2024-03-01 10:19:00,LFMD,8.001299858093262,8.001299858093262,8.001299858093262,8.001299858093262,8.001299858093262,110.0
2024-03-01 10:19:00,LFST,8.050000190734863,8.050000190734863,8.050000190734863,8.015000343322754,8.015000343322754,2634.0
2024-03-01 10:19:00,LIFE,1.9199999570846558,1.9199999570846558,1.9270999431610107,1.9199999570846558,1.9270999431610107,5100.0
2024-03-01 10:19:00,LMAT,68.52999877929688,68.52999877929688,68.52999877929688,68.52999877929688,68.52999877929688,100.0
2024-03-01 10:19:00,LPTX,2.9084999561309814,2.9084999561309814,2.9084999561309814,2.890000104904175,2.890000104904175,994.0
2024-03-01 10:19:00,LQDA,14.345000267028809,14.345000267028809,14.399999618530273,14.34000015258789,14.399999618530273,1497.0
2024-03-01 10:19:00,LTRN,4.599999904632568,4.599999904632568,4.650000095367432,4.599999904632568,4.650000095367432,8794.0
2024-03-01 10:19:00,LVTX,2.990600109100342,2.990600109100342,3.029900074005127,2.990600109100342,3.029900074005127,4882.0
2024-03-01 10:19:00,LXRX,2.4100000858306885,2.4100000858306885,2.4200000762939453,2.4100000858306885,2.4140000343322754,8760.0
2024-03-01 10:19:00,LYEL,3.075000047683716,3.075000047683716,3.0799999237060547,3.0739998817443848,3.0739998817443848,1154.0
2024-03-01 10:19:00,MACK,14.729999542236328,14.729999542236328,14.729999542236328,14.729999542236328,14.729999542236328,230.0
2024-03-01 10:19:00,MASI,126.94000244140625,126.94000244140625,127.01000213623047,126.94000244140625,127.01000213623047,1399.0
2024-03-01 10:19:00,MASS,7.014999866485596,7.014999866485596,7.014999866485596,7.014999866485596,7.014999866485596,349.0
2024-03-01 10:19:00,MCRB,1.1699999570846558,1.1699999570846558,1.1749999523162842,1.1699999570846558,1.1699999570846558,2228.0
2024-03-01 10:19:00,MDGL,243.01499938964844,243.01499938964844,243.01499938964844,242.13999938964844,242.13999938964844,1558.0
2024-03-01 10:19:00,MDRX,5.900000095367432,5.900000095367432,5.980000019073486,5.650000095367432,5.75,52944.0
2024-03-01 10:19:00,MDXG,8.505000114440918,8.505000114440918,8.505000114440918,8.505000114440918,8.505000114440918,407.0
2024-03-01 10:19:00,ME,0.5694000124931335,0.5694000124931335,0.5695000290870667,0.567799985408783,0.5684999823570251,21350.0
2024-03-01 10:19:00,MEDP,399.8599853515625,399.8599853515625,400.0299987792969,399.8599853515625,400.0299987792969,1101.0
2024-03-01 10:19:00,MEDS,9.380000114440918,9.380000114440918,9.380000114440918,9.380000114440918,9.380000114440918,317.0
2024-03-01 10:19:00,MGNX,19.065000534057617,19.065000534057617,19.079999923706055,19.02280044555664,19.079999923706055,4335.0
2024-03-01 10:19:00,MGTX,6.159999847412109,6.159999847412109,6.170000076293945,6.159999847412109,6.159999847412109,699.0
2024-03-01 10:19:00,MIRM,29.040000915527344,29.040000915527344,29.040000915527344,28.899999618530273,28.920000076293945,5348.0
2024-03-01 10:19:00,MLTX,52.25,52.25,52.314998626708984,52.25,52.2599983215332,3048.0
2024-03-01 10:19:00,MMSI,75.88500213623047,75.88500213623047,76.02999877929688,75.82499694824219,75.82499694824219,1151.0
2024-03-01 10:19:00,MNKD,4.457499980926514,4.457499980926514,4.460000038146973,4.454999923706055,4.454999923706055,2792.0
2024-03-01 10:19:00,MNPR,0.7718999981880188,0.7718999981880188,0.7720000147819519,0.7718999981880188,0.7720000147819519,541.0
2024-03-01 10:19:00,MODV,27.399999618530273,27.399999618530273,27.399999618530273,27.354999542236328,27.354999542236328,205.0
2024-03-01 10:19:00,MOR,17.65999984741211,17.65999984741211,17.65999984741211,17.65999984741211,17.65999984741211,1121.0
2024-03-01 10:19:00,MORF,38.25,38.25,38.31999969482422,38.16999816894531,38.31999969482422,2816.0
2024-03-01 10:19:00,MREO,3.8949999809265137,3.8949999809265137,3.8949999809265137,3.869999885559082,3.869999885559082,826.0
2024-03-01 10:19:00,MRNA,94.52999877929688,94.52999877929688,94.60299682617188,94.17009735107422,94.36000061035156,15840.0
2024-03-01 10:19:00,MRNS,9.720000267028809,9.720000267028809,9.720000267028809,9.717900276184082,9.720000267028809,1039.0
2024-03-01 10:19:00,MRSN,6.0,6.0,6.025000095367432,6.0,6.005000114440918,6183.0
2024-03-01 10:19:00,MRUS,49.90999984741211,49.90999984741211,50.04999923706055,49.849998474121094,50.0,5981.0
2024-03-01 10:19:00,MRVI,7.690000057220459,7.690000057220459,7.699999809265137,7.690000057220459,7.690000057220459,1238.0
2024-03-01 10:19:00,MXCT,4.744999885559082,4.744999885559082,4.75,4.744999885559082,4.75,3861.0
2024-03-01 10:19:00,MYGN,20.885000228881836,20.885000228881836,20.899999618530273,20.8799991607666,20.899999618530273,839.0
2024-03-01 10:19:00,NARI,45.529998779296875,45.529998779296875,45.529998779296875,45.220001220703125,45.220001220703125,2410.0
2024-03-01 10:19:00,NBIX,131.42999267578125,131.42999267578125,131.42999267578125,131.41000366210938,131.41000366210938,1035.0
2024-03-01 10:19:00,NEO,15.789999961853027,15.789999961853027,15.789999961853027,15.789999961853027,15.789999961853027,432.0
2024-03-01 10:19:00,NEOG,16.8700008392334,16.8700008392334,16.8799991607666,16.864999771118164,16.8799991607666,1528.0
2024-03-01 10:19:00,NERV,2.509999990463257,2.509999990463257,2.509999990463257,2.494999885559082,2.494999885559082,202.0
2024-03-01 10:19:00,NNOX,11.125,11.125,11.170000076293945,11.125,11.170000076293945,3817.0
2024-03-01 10:19:00,NRBO,5.735000133514404,5.735000133514404,5.800000190734863,5.670199871063232,5.800000190734863,6247.0
2024-03-01 10:19:00,NRIX,13.042799949645996,13.042799949645996,13.055000305175781,12.970000267028809,12.970000267028809,4809.0
2024-03-01 10:19:00,NRSN,2.0199999809265137,2.0199999809265137,2.039900064468384,2.0,2.0,4203.0
2024-03-01 10:19:00,NRXP,0.42750000953674316,0.42750000953674316,0.4300000071525574,0.4255000054836273,0.4300000071525574,12550.0
2024-03-01 10:19:00,NTLA,33.459999084472656,33.459999084472656,33.47999954223633,33.349998474121094,33.349998474121094,425.0
2024-03-01 10:19:00,NTRA,89.19999694824219,89.19999694824219,89.25,89.16000366210938,89.16999816894531,2832.0
2024-03-01 10:19:00,NUVL,87.97000122070312,87.97000122070312,87.97000122070312,87.97000122070312,87.97000122070312,588.0
2024-03-01 10:19:00,NUWE,0.5638999938964844,0.5638999938964844,0.5698000192642212,0.5638999938964844,0.5698000192642212,5510.0
2024-03-01 10:19:00,NVAX,4.925000190734863,4.925000190734863,4.929999828338623,4.914999961853027,4.914999961853027,9799.0
2024-03-01 10:19:00,NVCR,15.34000015258789,15.34000015258789,15.359999656677246,15.3100004196167,15.329999923706055,2540.0
2024-03-01 10:19:00,NXTC,1.7200000286102295,1.7200000286102295,1.7200000286102295,1.7200000286102295,1.7200000286102295,101.0
2024-03-01 10:19:00,OCGN,0.9049999713897705,0.9049999713897705,0.9160000085830688,0.8999999761581421,0.9150000214576721,72354.0
2024-03-01 10:19:00,OCUL,10.1899995803833,10.1899995803833,10.244999885559082,10.180000305175781,10.240099906921387,19911.0
2024-03-01 10:19:00,OGI,2.065000057220459,2.065000057220459,2.065000057220459,2.065000057220459,2.065000057220459,556.0
2024-03-01 10:19:00,OLK,22.559999465942383,22.559999465942383,22.559999465942383,22.540000915527344,22.545000076293945,3088.0
2024-03-01 10:19:00,OLMA,12.75,12.75,12.75,12.75,12.75,151.0
2024-03-01 10:19:00,OM,3.009999990463257,3.009999990463257,3.009999990463257,3.009999990463257,3.009999990463257,420.0
2024-03-01 10:19:00,OMCL,26.200000762939453,26.200000762939453,26.200000762939453,26.200000762939453,26.200000762939453,269.0
2024-03-01 10:19:00,OMER,4.715000152587891,4.715000152587891,4.715000152587891,4.699999809265137,4.699999809265137,650.0
2024-03-01 10:19:00,OMGA,4.099999904632568,4.099999904632568,4.099999904632568,4.099999904632568,4.099999904632568,112.0
2024-03-01 10:19:00,ONTX,0.8101000189781189,0.8101000189781189,0.8101000189781189,0.8101000189781189,0.8101000189781189,2037.0
2024-03-01 10:20:00,ABCL,5.110000133514404,5.110000133514404,5.110000133514404,5.110000133514404,5.110000133514404,112.0
2024-03-01 10:20:00,ABSI,5.139999866485596,5.139999866485596,5.150000095367432,5.139999866485596,5.150000095367432,238.0
2024-03-01 10:20:00,ABUS,2.7750000953674316,2.7750000953674316,2.7750000953674316,2.7750000953674316,2.7750000953674316,178.0
2024-03-01 10:20:00,ABVC,1.1835999488830566,1.1835999488830566,1.1899000406265259,1.1835999488830566,1.1899000406265259,591.0
2024-03-01 10:20:00,ACAD,23.8700008392334,23.8700008392334,23.875,23.799999237060547,23.799999237060547,5975.0
2024-03-01 10:20:00,ACB,3.030600070953369,3.030600070953369,3.0399999618530273,3.015000104904175,3.015000104904175,9451.0
2024-03-01 10:20:00,ACCD,10.185999870300293,10.185999870300293,10.185999870300293,10.185999870300293,10.185999870300293,336.0
2024-03-01 10:20:00,ACET,2.305000066757202,2.305000066757202,2.315000057220459,2.305000066757202,2.312000036239624,4554.0
2024-03-01 10:20:00,ACLX,69.6449966430664,69.6449966430664,69.73809814453125,69.43000030517578,69.43000030517578,1001.0
2024-03-01 10:20:00,ACRS,1.2400000095367432,1.2400000095367432,1.2400000095367432,1.2350000143051147,1.2350000143051147,4140.0
2024-03-01 10:20:00,ADAP,1.590000033378601,1.590000033378601,1.590000033378601,1.5850000381469727,1.5850000381469727,1099.0
2024-03-01 10:20:00,ADIL,3.220099925994873,3.220099925994873,3.2799999713897705,3.200000047683716,3.2100000381469727,101073.0
2024-03-01 10:20:00,ADMA,5.375,5.375,5.375,5.375,5.375,257.0
2024-03-01 10:20:00,ADPT,4.125,4.125,4.125,4.110000133514404,4.110000133514404,1056.0
2024-03-01 10:20:00,AEMD,1.7999000549316406,1.7999000549316406,1.7999000549316406,1.7899999618530273,1.7899999618530273,3481.0
2024-03-01 10:20:00,AFIB,0.2029999941587448,0.2029999941587448,0.2029999941587448,0.2029999941587448,0.2029999941587448,120.0
2024-03-01 10:20:00,AFMD,0.6200000047683716,0.6200000047683716,0.6200000047683716,0.6100999712944031,0.6200000047683716,18600.0
2024-03-01 10:20:00,AGEN,0.6650999784469604,0.6650999784469604,0.6668999791145325,0.6650000214576721,0.6668999791145325,126799.0
2024-03-01 10:20:00,AGIO,32.64500045776367,32.64500045776367,32.64500045776367,32.56999969482422,32.56999969482422,1657.0
2024-03-01 10:20:00,AHCO,10.59000015258789,10.59000015258789,10.59000015258789,10.5649995803833,10.5649995803833,1052.0
2024-03-01 10:20:00,AIRS,6.489999771118164,6.489999771118164,6.489999771118164,6.489999771118164,6.489999771118164,112.0
2024-03-01 10:20:00,AKAN,0.2702000141143799,0.2702000141143799,0.2702000141143799,0.26829999685287476,0.26829999685287476,6880.0
2024-03-01 10:20:00,AKBA,1.659999966621399,1.659999966621399,1.6675000190734863,1.6475000381469727,1.6475000381469727,9772.0
2024-03-01 10:20:00,AKLI,0.34299999475479126,0.34299999475479126,0.34299999475479126,0.34299999475479126,0.34299999475479126,234.0
2024-03-01 10:20:00,AKRO,28.049999237060547,28.049999237060547,28.049999237060547,28.03499984741211,28.03499984741211,515.0
2024-03-01 10:20:00,ALDX,4.039999961853027,4.039999961853027,4.039999961853027,4.019999980926514,4.03000020980835,3635.0
2024-03-01 10:20:00,ALEC,7.414999961853027,7.414999961853027,7.414999961853027,7.4120001792907715,7.414999961853027,337.0
2024-03-01 10:20:00,ALGN,298.25,298.25,298.260009765625,297.93499755859375,298.2300109863281,2775.0
2024-03-01 10:20:00,ALGS,0.9800999760627747,0.9800999760627747,0.9850000143051147,0.9800999760627747,0.9800999760627747,10422.0
2024-03-01 10:20:00,ALIM,3.630000114440918,3.630000114440918,3.630000114440918,3.630000114440918,3.630000114440918,143.0
2024-03-01 10:20:00,ALKS,30.040000915527344,30.040000915527344,30.059999465942383,30.040000915527344,30.059999465942383,1207.0
2024-03-01 10:20:00,ALLO,5.025000095367432,5.025000095367432,5.025000095367432,5.005000114440918,5.005000114440918,3412.0
2024-03-01 10:20:00,ALNY,152.64500427246094,152.64500427246094,152.64500427246094,152.64500427246094,152.64500427246094,452.0
2024-03-01 10:20:00,ALPN,36.22999954223633,36.22999954223633,36.25,36.189300537109375,36.189300537109375,1585.0
2024-03-01 10:20:00,ALT,12.270000457763672,12.270000457763672,12.270000457763672,12.25,12.25,9439.0
2024-03-01 10:20:00,ALVO,15.630000114440918,15.630000114440918,15.640000343322754,15.630000114440918,15.640000343322754,320.0
2024-03-01 10:20:00,ALVR,0.7419000267982483,0.7419000267982483,0.7419000267982483,0.7419000267982483,0.7419000267982483,100.0
2024-03-01 10:20:00,ALXO,14.854999542236328,14.854999542236328,14.854999542236328,14.854999542236328,14.854999542236328,387.0
2024-03-01 10:20:00,AMGN,279.2900085449219,279.2900085449219,279.67999267578125,279.20001220703125,279.5,41370.0
2024-03-01 10:20:00,AMLX,18.920000076293945,18.920000076293945,18.920000076293945,18.889999389648438,18.889999389648438,2189.0
2024-03-01 10:20:00,AMRN,1.024999976158142,1.024999976158142,1.0299999713897705,1.024999976158142,1.0299999713897705,659.0
2024-03-01 10:20:00,ANGO,5.309999942779541,5.309999942779541,5.309999942779541,5.304999828338623,5.304999828338623,1039.0
2024-03-01 10:20:00,ANNX,5.889999866485596,5.889999866485596,5.909999847412109,5.889999866485596,5.909999847412109,488.0
2024-03-01 10:20:00,ANTX,2.949899911880493,2.949899911880493,2.949899911880493,2.949899911880493,2.949899911880493,151.0
2024-03-01 10:20:00,APLS,62.720001220703125,62.720001220703125,62.724998474121094,62.65999984741211,62.65999984741211,1894.0
2024-03-01 10:20:00,APLT,7.400000095367432,7.400000095367432,7.448599815368652,7.400000095367432,7.440000057220459,7241.0
2024-03-01 10:20:00,AQST,4.21999979019165,4.21999979019165,4.230000019073486,4.21999979019165,4.228400230407715,9352.0
2024-03-01 10:20:00,ARCT,40.16999816894531,40.16999816894531,40.16999816894531,40.16999816894531,40.16999816894531,290.0
2024-03-01 10:20:00,ARDX,9.675000190734863,9.675000190734863,9.680000305175781,9.664999961853027,9.670000076293945,1263.0
2024-03-01 10:20:00,ARGX,383.2300109863281,383.2300109863281,383.2300109863281,382.7550048828125,382.7550048828125,1685.0
2024-03-01 10:20:00,ARQT,10.800100326538086,10.800100326538086,10.819999694824219,10.6899995803833,10.6899995803833,12885.0
2024-03-01 10:20:00,ARTL,1.5099999904632568,1.5099999904632568,1.5099999904632568,1.5099999904632568,1.5099999904632568,552.0
2024-03-01 10:20:00,ARVN,50.775001525878906,50.775001525878906,50.779998779296875,50.71780014038086,50.71780014038086,778.0
2024-03-01 10:20:00,ARWR,34.72999954223633,34.72999954223633,34.72999954223633,34.72999954223633,34.72999954223633,478.0
2024-03-01 10:20:00,ASND,148.35000610351562,148.35000610351562,148.35000610351562,148.35000610351562,148.35000610351562,200.0
2024-03-01 10:20:00,ASRT,0.9106000065803528,0.9106000065803528,0.9106000065803528,0.9106000065803528,0.9106000065803528,200.0
2024-03-01 10:20:00,ATAI,1.9700000286102295,1.9700000286102295,1.9700000286102295,1.9600000381469727,1.9600000381469727,2031.0
2024-03-01 10:20:00,ATEC,13.220000267028809,13.220000267028809,13.220000267028809,13.1899995803833,13.1899995803833,2630.0
2024-03-01 10:20:00,ATHA,3.930000066757202,3.930000066757202,3.930000066757202,3.9200000762939453,3.9200000762939453,600.0
2024-03-01 10:20:00,ATRC,35.349998474121094,35.349998474121094,35.38999938964844,35.349998474121094,35.38999938964844,955.0
2024-03-01 10:20:00,ATXS,14.979999542236328,14.979999542236328,14.994999885559082,14.710000038146973,14.710000038146973,3275.0
2024-03-01 10:20:00,AUPH,5.744999885559082,5.744999885559082,5.744999885559082,5.744999885559082,5.744999885559082,134.0
2024-03-01 10:20:00,AUTL,6.244999885559082,6.244999885559082,6.255000114440918,6.21999979019165,6.21999979019165,2186.0
2024-03-01 10:20:00,AVDL,12.8100004196167,12.8100004196167,12.819999694824219,12.744999885559082,12.744999885559082,4724.0
2024-03-01 10:20:00,AVTE,22.549999237060547,22.549999237060547,22.549999237060547,22.549999237060547,22.549999237060547,110.0
2024-03-01 10:20:00,AVXL,5.239999771118164,5.239999771118164,5.239999771118164,5.239999771118164,5.239999771118164,500.0
2024-03-01 10:20:00,AXDX,0.9950000047683716,0.9950000047683716,0.9950000047683716,0.9950000047683716,0.9950000047683716,1000.0
2024-03-01 10:20:00,AXGN,10.460000038146973,10.460000038146973,10.460000038146973,10.460000038146973,10.460000038146973,248.0
2024-03-01 10:20:00,AXNX,67.55999755859375,67.55999755859375,67.55999755859375,67.55999755859375,67.55999755859375,1090.0
2024-03-01 10:20:00,AXSM,83.04000091552734,83.04000091552734,83.04000091552734,83.04000091552734,83.04000091552734,148.0
2024-03-01 10:20:00,AZN,64.4000015258789,64.4000015258789,64.40499877929688,64.33999633789062,64.3499984741211,5858.0
2024-03-01 10:20:00,AZTA,65.87650299072266,65.87650299072266,65.87650299072266,65.87650299072266,65.87650299072266,129.0
2024-03-01 10:20:00,BBIO,36.25,36.25,36.25,36.16460037231445,36.16460037231445,1502.0
2024-03-01 10:20:00,BBLG,2.5199999809265137,2.5199999809265137,2.559999942779541,2.5199999809265137,2.559999942779541,769.0
2024-03-01 10:20:00,BCEL,0.2718000113964081,0.2718000113964081,0.2718000113964081,0.2718000113964081,0.2718000113964081,1021.0
2024-03-01 10:20:00,BCLI,0.35510000586509705,0.35510000586509705,0.35510000586509705,0.35510000586509705,0.35510000586509705,100.0
2024-03-01 10:20:00,BCRX,5.715000152587891,5.715000152587891,5.715000152587891,5.699999809265137,5.699999809265137,881.0
2024-03-01 10:20:00,BDSX,1.6711000204086304,1.6711000204086304,1.6799999475479126,1.6711000204086304,1.6799999475479126,1759.0
2024-03-01 10:20:00,BDTX,5.284999847412109,5.284999847412109,5.289999961853027,5.275000095367432,5.275000095367432,1243.0
2024-03-01 10:20:00,BEAM,41.080101013183594,41.080101013183594,41.0802001953125,40.878501892089844,40.878501892089844,7348.0
2024-03-01 10:20:00,BGNE,165.3300018310547,165.3300018310547,165.3800048828125,164.27000427246094,164.27000427246094,2026.0
2024-03-01 10:20:00,BIIB,218.94000244140625,218.94000244140625,218.94000244140625,218.94000244140625,218.94000244140625,344.0
2024-03-01 10:20:00,BIOL,0.1362999975681305,0.1362999975681305,0.1362999975681305,0.1362999975681305,0.1362999975681305,7423.0
2024-03-01 10:20:00,BIOR,1.2400000095367432,1.2400000095367432,1.2400000095367432,1.225000023841858,1.2300000190734863,6560.0
2024-03-01 10:20:00,BIVI,2.7207999229431152,2.7207999229431152,2.7799999713897705,2.7100000381469727,2.744999885559082,261034.0
2024-03-01 10:20:00,BLUE,1.6299999952316284,1.6299999952316284,1.6299999952316284,1.6050000190734863,1.6088000535964966,24065.0
2024-03-01 10:20:00,BMEA,17.604999542236328,17.604999542236328,17.639999389648438,17.604999542236328,17.604999542236328,1702.0
2024-03-01 10:20:00,BMRN,86.20999908447266,86.20999908447266,86.20999908447266,86.18000030517578,86.19000244140625,3711.0
2024-03-01 10:20:00,BNGO,1.2325999736785889,1.2325999736785889,1.2350000143051147,1.2325999736785889,1.2350000143051147,1967.0
2024-03-01 10:20:00,BNR,0.8743000030517578,0.8743000030517578,0.8743000030517578,0.8743000030517578,0.8743000030517578,100.0
2024-03-01 10:20:00,BNTX,90.49500274658203,90.49500274658203,90.54000091552734,90.41000366210938,90.41000366210938,1948.0
2024-03-01 10:20:00,BPMC,97.7300033569336,97.7300033569336,97.7300033569336,97.71499633789062,97.71499633789062,308.0
2024-03-01 10:20:00,BPTH,6.2368998527526855,6.2368998527526855,6.2368998527526855,6.2368998527526855,6.2368998527526855,512.0
2024-03-01 10:20:00,BRKR,87.29000091552734,87.29000091552734,87.29499816894531,87.25,87.29499816894531,523.0
2024-03-01 10:20:00,BTAI,3.190000057220459,3.190000057220459,3.190000057220459,3.1898999214172363,3.1898999214172363,3442.0
2024-03-01 10:20:00,BTMD,6.059999942779541,6.059999942779541,6.059999942779541,6.059999942779541,6.059999942779541,128.0
2024-03-01 10:20:00,BTTX,0.16110000014305115,0.16110000014305115,0.16269999742507935,0.16110000014305115,0.16120000183582306,10090.0
2024-03-01 10:20:00,CABA,24.209999084472656,24.209999084472656,24.239999771118164,24.163799285888672,24.209999084472656,2528.0
2024-03-01 10:20:00,CAPR,4.570000171661377,4.570000171661377,4.570000171661377,4.510000228881836,4.510000228881836,0.0
2024-03-01 10:20:00,CARA,0.8698999881744385,0.8698999881744385,0.8698999881744385,0.8698999881744385,0.8698999881744385,1268.0
2024-03-01 10:20:00,CBAY,32.23500061035156,32.23500061035156,32.23500061035156,32.23500061035156,32.23500061035156,862.0
2024-03-01 10:20:00,CCCC,11.0,11.0,11.008000373840332,11.0,11.0,2057.0
2024-03-01 10:20:00,CCRN,17.959999084472656,17.959999084472656,17.959999084472656,17.93000030517578,17.93000030517578,1142.0
2024-03-01 10:20:00,CDMO,7.809999942779541,7.809999942779541,7.820000171661377,7.800000190734863,7.809999942779541,3029.0
2024-03-01 10:20:00,CDNA,12.079999923706055,12.079999923706055,12.079999923706055,12.069999694824219,12.069999694824219,1975.0
2024-03-01 10:20:00,CDXS,4.300000190734863,4.300000190734863,4.320000171661377,4.295000076293945,4.298699855804443,14276.0
2024-03-01 10:20:00,CERE,41.13999938964844,41.13999938964844,41.13999938964844,41.13999938964844,41.13999938964844,1203.0
2024-03-01 10:20:00,CERS,2.185800075531006,2.185800075531006,2.185800075531006,2.180000066757202,2.180000066757202,2568.0
2024-03-01 10:20:00,CERT,17.790000915527344,17.790000915527344,17.905000686645508,17.790000915527344,17.905000686645508,2420.0
2024-03-01 10:20:00,CGC,3.184299945831299,3.184299945831299,3.188499927520752,3.1649999618530273,3.1649999618530273,10730.0
2024-03-01 10:20:00,CGEM,18.93000030517578,18.93000030517578,18.93000030517578,18.860000610351562,18.860000610351562,305.0
2024-03-01 10:20:00,CGTX,2.049999952316284,2.049999952316284,2.049999952316284,2.021199941635132,2.0299999713897705,3322.0
2024-03-01 10:20:00,CHRS,2.2899999618530273,2.2899999618530273,2.2980000972747803,2.2899999618530273,2.2950000762939453,2109.0
2024-03-01 10:20:00,CING,1.24399995803833,1.24399995803833,1.2450000047683716,1.24399995803833,1.2445000410079956,414.0
2024-03-01 10:20:00,CLDX,51.77000045776367,51.77000045776367,51.84000015258789,51.40999984741211,51.4900016784668,24460.0
2024-03-01 10:20:00,CLNN,0.39500001072883606,0.39500001072883606,0.39500001072883606,0.39500001072883606,0.39500001072883606,1300.0
2024-03-01 10:20:00,CLOV,0.8651000261306763,0.8651000261306763,0.8651999831199646,0.8651000261306763,0.8651000261306763,20234.0
2024-03-01 10:20:00,CLPT,6.5,6.5,6.5,6.5,6.5,0.0
2024-03-01 10:20:00,CLRB,4.0,4.0,4.0,4.0,4.0,260.0
2024-03-01 10:20:00,CMPS,10.609999656677246,10.609999656677246,10.609999656677246,10.574999809265137,10.574999809265137,802.0
2024-03-01 10:20:00,CNTX,1.1535999774932861,1.1535999774932861,1.1535999774932861,1.1535999774932861,1.1535999774932861,100.0
2024-03-01 10:20:00,COGT,7.349999904632568,7.349999904632568,7.360000133514404,7.309999942779541,7.309999942779541,3616.0
2024-03-01 10:20:00,COLL,37.369998931884766,37.369998931884766,37.415000915527344,37.369998931884766,37.40999984741211,1086.0
2024-03-01 10:20:00,CORT,23.850000381469727,23.850000381469727,23.850000381469727,23.84000015258789,23.84000015258789,1192.0
2024-03-01 10:20:00,CPRX,16.770000457763672,16.770000457763672,16.795000076293945,16.760000228881836,16.764999389648438,4110.0
2024-03-01 10:20:00,CRBU,8.085000038146973,8.085000038146973,8.085000038146973,8.074999809265137,8.074999809265137,1755.0
2024-03-01 10:20:00,CRDF,2.569999933242798,2.569999933242798,2.5899999141693115,2.410900115966797,2.410900115966797,209645.0
2024-03-01 10:20:00,CRMD,3.640000104904175,3.640000104904175,3.640000104904175,3.640000104904175,3.640000104904175,4035.0
2024-03-01 10:20:00,CRNX,45.0099983215332,45.0099983215332,45.0099983215332,45.0098991394043,45.0098991394043,1413.0
2024-03-01 10:20:00,CRON,2.0399999618530273,2.0399999618530273,2.0399999618530273,2.0299999713897705,2.0299999713897705,3311.0
2024-03-01 10:20:00,CRSP,86.81999969482422,86.81999969482422,86.86669921875,86.58999633789062,86.58999633789062,3750.0
2024-03-01 10:20:00,CSTL,19.75,19.75,19.75,19.75,19.75,200.0
2024-03-01 10:20:00,CTKB,7.96999979019165,7.96999979019165,7.96999979019165,7.960000038146973,7.960000038146973,456.0
2024-03-01 10:20:00,CTMX,2.484999895095825,2.484999895095825,2.484999895095825,2.484999895095825,2.484999895095825,600.0
2024-03-01 10:20:00,CTXR,0.7806000113487244,0.7806000113487244,0.7806000113487244,0.7806000113487244,0.7806000113487244,300.0
2024-03-01 10:20:00,CVAC,3.4600000381469727,3.4600000381469727,3.4600000381469727,3.444999933242798,3.4493000507354736,4489.0
2024-03-01 10:20:00,CVRX,19.739999771118164,19.739999771118164,19.75,19.739999771118164,19.75,692.0
2024-03-01 10:20:00,CYTK,74.93000030517578,74.93000030517578,74.98999786376953,74.8499984741211,74.88999938964844,2440.0
2024-03-01 10:20:00,DAWN,16.920000076293945,16.920000076293945,16.920000076293945,16.920000076293945,16.920000076293945,369.0
2024-03-01 10:20:00,DCGO,4.065000057220459,4.065000057220459,4.065000057220459,4.059899806976318,4.059899806976318,871.0
2024-03-01 10:20:00,DCPH,17.014999389648438,17.014999389648438,17.014999389648438,17.014999389648438,17.014999389648438,450.0
2024-03-01 10:20:00,DCTH,4.215000152587891,4.215000152587891,4.215000152587891,4.215000152587891,4.215000152587891,5000.0
2024-03-01 10:20:00,DH,9.079999923706055,9.079999923706055,9.079999923706055,9.079999923706055,9.079999923706055,111.0
2024-03-01 10:20:00,DMTK,0.8300999999046326,0.8300999999046326,0.8500999808311462,0.8300999999046326,0.8500000238418579,41696.0
2024-03-01 10:20:00,DNLI,20.65999984741211,20.65999984741211,20.65999984741211,20.649999618530273,20.65999984741211,587.0
2024-03-01 10:20:00,DSGN,2.8399999141693115,2.8399999141693115,2.8399999141693115,2.8399999141693115,2.8399999141693115,221.0
2024-03-01 10:20:00,DTIL,13.149999618530273,13.149999618530273,13.149999618530273,13.149900436401367,13.149900436401367,590.0
2024-03-01 10:20:00,DVAX,12.789999961853027,12.789999961853027,12.789999961853027,12.774999618530273,12.779999732971191,1512.0
2024-03-01 10:20:00,DXCM,117.23999786376953,117.23999786376953,117.47000122070312,117.23999786376953,117.34100341796875,8276.0
2024-03-01 10:20:00,DYN,30.1299991607666,30.1299991607666,30.1299991607666,29.979999542236328,29.979999542236328,1562.0
2024-03-01 10:20:00,EDAP,6.478700160980225,6.478700160980225,6.5,6.414999961853027,6.414999961853027,3052.0
2024-03-01 10:20:00,EDIT,10.734999656677246,10.734999656677246,10.739399909973145,10.713899612426758,10.718099594116211,1648.0
2024-03-01 10:20:00,EFTR,14.44789981842041,14.44789981842041,14.44789981842041,14.44789981842041,14.44789981842041,172.0
2024-03-01 10:20:00,EKSO,1.965000033378601,1.965000033378601,1.965000033378601,1.965000033378601,1.965000033378601,200.0
2024-03-01 10:20:00,ELEV,4.914999961853027,4.914999961853027,4.949999809265137,4.894999980926514,4.894999980926514,16325.0
2024-03-01 10:20:00,EMBC,14.4399995803833,14.4399995803833,14.4399995803833,14.420000076293945,14.420000076293945,876.0
2024-03-01 10:20:00,ENSC,0.916100025177002,0.916100025177002,0.916100025177002,0.916100025177002,0.916100025177002,240.0
2024-03-01 10:20:00,ENTX,1.350000023841858,1.350000023841858,1.3600000143051147,1.34089994430542,1.3600000143051147,1802.0
2024-03-01 10:20:00,ENVB,1.7649999856948853,1.7649999856948853,1.7699999809265137,1.7479000091552734,1.75,45042.0
2024-03-01 10:20:00,EOLS,14.869999885559082,14.869999885559082,14.90999984741211,14.84000015258789,14.84000015258789,1913.0
2024-03-01 10:20:00,ERAS,2.4598000049591064,2.4598000049591064,2.4598000049591064,2.4598000049591064,2.4598000049591064,548.0
2024-03-01 10:20:00,ESPR,2.490000009536743,2.490000009536743,2.5,2.490000009536743,2.5,864.0
2024-03-01 10:20:00,ETNB,12.8100004196167,12.8100004196167,12.8100004196167,12.779999732971191,12.789999961853027,2219.0
2024-03-01 10:20:00,EVO,7.400000095367432,7.400000095367432,7.400000095367432,7.389999866485596,7.400000095367432,6162.0
2024-03-01 10:20:00,EWTX,16.75,16.75,16.764999389648438,16.670000076293945,16.670000076293945,2200.0
2024-03-01 10:20:00,EXAI,6.699999809265137,6.699999809265137,6.699999809265137,6.679999828338623,6.689899921417236,1534.0
2024-03-01 10:20:00,EXAS,59.369998931884766,59.369998931884766,59.38999938964844,59.20000076293945,59.20000076293945,3792.0
2024-03-01 10:20:00,EXEL,22.469999313354492,22.469999313354492,22.469999313354492,22.450000762939453,22.450000762939453,2321.0
2024-03-01 10:20:00,EYEN,2.099900007247925,2.099900007247925,2.099900007247925,2.0899999141693115,2.0899999141693115,1135.0
2024-03-01 10:20:00,EYPT,28.325000762939453,28.325000762939453,28.325000762939453,28.325000762939453,28.325000762939453,535.0
2024-03-01 10:20:00,FATE,7.429999828338623,7.429999828338623,7.429999828338623,7.40500020980835,7.40500020980835,2006.0
2024-03-01 10:20:00,FBIO,2.2200000286102295,2.2200000286102295,2.2200000286102295,2.2000999450683594,2.2000999450683594,4651.0
2024-03-01 10:20:00,FDMT,29.825000762939453,29.825000762939453,29.84000015258789,29.7450008392334,29.809999465942383,1716.0
2024-03-01 10:20:00,FEMY,1.725000023841858,1.725000023841858,1.725000023841858,1.7000000476837158,1.7000000476837158,11162.0
2024-03-01 10:20:00,FGEN,1.690500020980835,1.690500020980835,1.6950000524520874,1.690000057220459,1.6950000524520874,3840.0
2024-03-01 10:20:00,FLGT,22.84000015258789,22.84000015258789,22.84000015258789,22.84000015258789,22.84000015258789,394.0
2024-03-01 10:20:00,FOLD,13.489999771118164,13.489999771118164,13.494999885559082,13.484999656677246,13.484999656677246,1609.0
2024-03-01 10:20:00,FULC,10.574999809265137,10.574999809265137,10.574999809265137,10.5,10.520000457763672,9406.0
2024-03-01 10:20:00,FUSN,12.255000114440918,12.255000114440918,12.255000114440918,12.255000114440918,12.255000114440918,1677.0
2024-03-01 10:20:00,GANX,4.539999961853027,4.539999961853027,4.539999961853027,4.539999961853027,4.539999961853027,579.0
2024-03-01 10:20:00,GCTK,0.29989999532699585,0.29989999532699585,0.29989999532699585,0.2994000017642975,0.2994000017642975,400.0
2024-03-01 10:20:00,GDRX,8.390000343322754,8.390000343322754,8.390000343322754,8.375,8.390000343322754,3253.0
2024-03-01 10:20:00,GERN,2.1050000190734863,2.1050000190734863,2.1050000190734863,2.0950000286102295,2.0999999046325684,5701.0
2024-03-01 10:20:00,GH,19.100000381469727,19.100000381469727,19.100000381469727,19.040000915527344,19.040000915527344,900.0
2024-03-01 10:20:00,GILD,72.41999816894531,72.41999816894531,72.42389678955078,72.37000274658203,72.37000274658203,5440.0
2024-03-01 10:20:00,GLTO,0.7085000276565552,0.7085000276565552,0.7085000276565552,0.7085000276565552,0.7085000276565552,1876.0
2024-03-01 10:20:00,GMAB,28.850000381469727,28.850000381469727,28.850000381469727,28.81999969482422,28.81999969482422,1800.0
2024-03-01 10:20:00,GOSS,1.3450000286102295,1.3450000286102295,1.3524999618530273,1.3450000286102295,1.3524999618530273,2030.0
2024-03-01 10:20:00,GRFS,6.928800106048584,6.928800106048584,6.960000038146973,6.880000114440918,6.880000114440918,11638.0
2024-03-01 10:20:00,GRPH,3.5,3.5,3.5,3.5,3.5,170.0
2024-03-01 10:20:00,GRTS,2.0899999141693115,2.0899999141693115,2.0899999141693115,2.0850000381469727,2.0850000381469727,7319.0
2024-03-01 10:20:00,GTHX,3.430000066757202,3.430000066757202,3.430000066757202,3.424999952316284,3.424999952316284,1811.0
2024-03-01 10:20:00,HALO,41.02000045776367,41.02000045776367,41.02000045776367,40.9900016784668,41.02000045776367,1224.0
2024-03-01 10:20:00,HARP,22.94499969482422,22.94499969482422,22.94499969482422,22.940000534057617,22.940000534057617,300.0
2024-03-01 10:20:00,HCAT,7.994999885559082,7.994999885559082,7.994999885559082,7.989999771118164,7.989999771118164,285.0
2024-03-01 10:20:00,HCSG,12.619999885559082,12.619999885559082,12.619999885559082,12.609999656677246,12.609999656677246,1930.0
2024-03-01 10:20:00,HCTI,2.3499999046325684,2.3499999046325684,2.4000000953674316,2.3499999046325684,2.4000000953674316,4369.0
2024-03-01 10:20:00,HITI,1.7599999904632568,1.7599999904632568,1.7699999809265137,1.750100016593933,1.7599999904632568,5267.0
2024-03-01 10:20:00,HOLX,73.63999938964844,73.63999938964844,73.63999938964844,73.62000274658203,73.63999938964844,799.0
2024-03-01 10:20:00,HOTH,1.340000033378601,1.340000033378601,1.340000033378601,1.340000033378601,1.340000033378601,200.0
2024-03-01 10:20:00,HPCO,0.2500999867916107,0.2500999867916107,0.2500999867916107,0.2500999867916107,0.2500999867916107,4223.0
2024-03-01 10:20:00,HRMY,31.18000030517578,31.18000030517578,31.18000030517578,31.18000030517578,31.18000030517578,606.0
2024-03-01 10:20:00,HRTX,2.649899959564209,2.649899959564209,2.6500000953674316,2.640000104904175,2.640000104904175,2448.0
2024-03-01 10:20:00,HSIC,77.33000183105469,77.33000183105469,77.33000183105469,77.31999969482422,77.31999969482422,867.0
2024-03-01 10:20:00,HSTM,27.489999771118164,27.489999771118164,27.489999771118164,27.489999771118164,27.489999771118164,200.0
2024-03-01 10:20:00,HUMA,3.174999952316284,3.174999952316284,3.190000057220459,3.1700000762939453,3.190000057220459,7271.0
2024-03-01 10:20:00,IART,36.56999969482422,36.56999969482422,36.56999969482422,36.54499816894531,36.54499816894531,501.0
2024-03-01 10:20:00,IBRX,4.809999942779541,4.809999942779541,4.809999942779541,4.79010009765625,4.791200160980225,5193.0
2024-03-01 10:20:00,ICLR,324.20001220703125,324.20001220703125,324.20001220703125,324.20001220703125,324.20001220703125,414.0
2024-03-01 10:20:00,IDXX,570.9600219726562,570.9600219726562,570.9600219726562,570.8499755859375,570.8499755859375,582.0
2024-03-01 10:20:00,IDYA,46.119998931884766,46.119998931884766,46.154998779296875,45.900001525878906,45.900001525878906,11134.0
2024-03-01 10:20:00,IGMS,13.4399995803833,13.4399995803833,13.4399995803833,13.390000343322754,13.40999984741211,15163.0
2024-03-01 10:20:00,IKNA,1.4600000381469727,1.4600000381469727,1.4600000381469727,1.4600000381469727,1.4600000381469727,432.0
2024-03-01 10:20:00,ILMN,138.52000427246094,138.52000427246094,138.52000427246094,138.35499572753906,138.35499572753906,1305.0
2024-03-01 10:20:00,IMAB,1.8401000499725342,1.8401000499725342,1.8600000143051147,1.840000033378601,1.8600000143051147,7950.0
2024-03-01 10:20:00,IMCR,68.80999755859375,68.80999755859375,68.80999755859375,68.62999725341797,68.62999725341797,1714.0
2024-03-01 10:20:00,IMMX,3.549999952316284,3.549999952316284,3.549999952316284,3.5499000549316406,3.549999952316284,6855.0
2024-03-01 10:20:00,IMNN,1.0299999713897705,1.0299999713897705,1.0299999713897705,1.024999976158142,1.024999976158142,669.0
2024-03-01 10:20:00,IMTX,13.140000343322754,13.140000343322754,13.140000343322754,13.140000343322754,13.140000343322754,0.0
2024-03-01 10:20:00,IMUX,1.5199999809265137,1.5199999809265137,1.5199999809265137,1.510699987411499,1.510699987411499,3545.0
2024-03-01 10:20:00,IMVT,36.599998474121094,36.599998474121094,36.650001525878906,36.57500076293945,36.630001068115234,4286.0
2024-03-01 10:20:00,INCY,58.79999923706055,58.79999923706055,58.79999923706055,58.70000076293945,58.70000076293945,1068.0
2024-03-01 10:20:00,INKT,0.9300000071525574,0.9300000071525574,0.9383999705314636,0.9300000071525574,0.9383999705314636,341.0
2024-03-01 10:20:00,INMD,22.489999771118164,22.489999771118164,22.489999771118164,22.479999542236328,22.479999542236328,378.0
2024-03-01 10:20:00,INO,8.973199844360352,8.973199844360352,8.973199844360352,8.973199844360352,8.973199844360352,645.0
2024-03-01 10:20:00,INSM,28.389999389648438,28.389999389648438,28.40999984741211,28.2450008392334,28.2450008392334,5037.0
2024-03-01 10:20:00,INVA,15.510000228881836,15.510000228881836,15.510000228881836,15.430000305175781,15.430000305175781,4630.0
2024-03-01 10:20:00,INZY,6.519999980926514,6.519999980926514,6.530399799346924,6.519999980926514,6.519999980926514,1206.0
2024-03-01 10:20:00,IONM,0.3449000120162964,0.3449000120162964,0.3449000120162964,0.3449000120162964,0.3449000120162964,200.0
2024-03-01 10:20:00,IONS,45.56999969482422,45.56999969482422,45.56999969482422,45.56999969482422,45.56999969482422,381.0
2024-03-01 10:20:00,IOVA,16.94499969482422,16.94499969482422,16.94499969482422,16.774999618530273,16.795000076293945,25768.0
2024-03-01 10:20:00,IRTC,117.94000244140625,117.94000244140625,117.94000244140625,117.94000244140625,117.94000244140625,552.0
2024-03-01 10:20:00,IRWD,8.920000076293945,8.920000076293945,8.920000076293945,8.904999732971191,8.904999732971191,9663.0
2024-03-01 10:20:00,ISRG,388.6400146484375,388.6400146484375,388.6400146484375,388.3699951171875,388.3699951171875,1235.0
2024-03-01 10:20:00,ITCI,71.58000183105469,71.58000183105469,71.58000183105469,71.58000183105469,71.58000183105469,537.0
2024-03-01 10:20:00,ITOS,10.755000114440918,10.755000114440918,10.755000114440918,10.75,10.75,949.0
2024-03-01 10:20:00,IVVD,3.941999912261963,3.941999912261963,3.941999912261963,3.941999912261963,3.941999912261963,102.0
2024-03-01 10:20:00,JAGX,0.08950000256299973,0.08950000256299973,0.09200000017881393,0.08820000290870667,0.09200000017881393,1247686.0
2024-03-01 10:20:00,JANX,46.33000183105469,46.33000183105469,47.060298919677734,46.33000183105469,47.060298919677734,514.0
2024-03-01 10:20:00,KALV,14.020000457763672,14.020000457763672,14.020000457763672,13.9399995803833,13.9399995803833,1550.0
2024-03-01 10:20:00,KIDS,27.010000228881836,27.010000228881836,27.059999465942383,27.010000228881836,27.059999465942383,4060.0
2024-03-01 10:20:00,KNSA,21.899999618530273,21.899999618530273,21.899999618530273,21.81999969482422,21.81999969482422,1413.0
2024-03-01 10:20:00,KOD,5.989999771118164,5.989999771118164,5.994999885559082,5.989999771118164,5.994999885559082,216.0
2024-03-01 10:20:00,KPTI,1.1700999736785889,1.1700999736785889,1.1749999523162842,1.1700999736785889,1.1749999523162842,1429.0
2024-03-01 10:20:00,KRYS,166.5449981689453,166.5449981689453,166.5449981689453,166.49000549316406,166.49000549316406,436.0
2024-03-01 10:20:00,KTRA,0.10199999809265137,0.10199999809265137,0.10300000011920929,0.10199999809265137,0.10300000011920929,26813.0
2024-03-01 10:20:00,KYMR,43.3849983215332,43.3849983215332,43.3849983215332,43.34000015258789,43.34000015258789,542.0
2024-03-01 10:20:00,KZIA,0.23999999463558197,0.23999999463558197,0.23999999463558197,0.23849999904632568,0.23999999463558197,5550.0
2024-03-01 10:20:00,LAB,2.299999952316284,2.299999952316284,2.299999952316284,2.2950000762939453,2.299999952316284,598.0
2024-03-01 10:20:00,LEGN,65.80999755859375,65.80999755859375,65.80999755859375,65.80999755859375,65.80999755859375,359.0
2024-03-01 10:20:00,LEXX,2.4800000190734863,2.4800000190734863,2.5199999809265137,2.4800000190734863,2.5199999809265137,3063.0
2024-03-01 10:20:00,LFMD,8.0,8.0,8.0,8.0,8.0,227.0
2024-03-01 10:20:00,LFST,8.039999961853027,8.039999961853027,8.050000190734863,8.039999961853027,8.050000190734863,1244.0
2024-03-01 10:20:00,LGND,80.76000213623047,80.76000213623047,80.76000213623047,80.6449966430664,80.6449966430664,518.0
2024-03-01 10:20:00,LIFE,1.9132000207901,1.9132000207901,1.9132000207901,1.9119999408721924,1.9119999408721924,1600.0
2024-03-01 10:20:00,LMAT,68.33000183105469,68.33000183105469,68.33000183105469,68.33000183105469,68.33000183105469,161.0
2024-03-01 10:20:00,LNTH,65.48999786376953,65.48999786376953,65.5,65.48999786376953,65.5,676.0
2024-03-01 10:20:00,LTRN,4.660299777984619,4.660299777984619,4.660299777984619,4.660200119018555,4.660200119018555,701.0
2024-03-01 10:20:00,LUMO,3.0499000549316406,3.0499000549316406,3.0499000549316406,3.0499000549316406,3.0499000549316406,3002.0
2024-03-01 10:20:00,LVTX,3.0250000953674316,3.0250000953674316,3.049999952316284,2.9914000034332275,2.9914000034332275,2918.0
2024-03-01 10:20:00,LXRX,2.430000066757202,2.430000066757202,2.430000066757202,2.4154999256134033,2.4154999256134033,4932.0
2024-03-01 10:20:00,LYEL,3.0850000381469727,3.0850000381469727,3.0850000381469727,3.0799999237060547,3.0799999237060547,933.0
2024-03-01 10:20:00,LYRA,5.550000190734863,5.550000190734863,5.550000190734863,5.505000114440918,5.505000114440918,218.0
2024-03-01 10:20:00,MBOT,1.2899999618530273,1.2899999618530273,1.2899999618530273,1.2899999618530273,1.2899999618530273,200.0
2024-03-01 10:20:00,MCRB,1.1699999570846558,1.1699999570846558,1.1749999523162842,1.1699999570846558,1.1699999570846558,2940.0
2024-03-01 10:20:00,MDGL,242.4219970703125,242.4219970703125,242.4219970703125,242.4219970703125,242.4219970703125,150.0
2024-03-01 10:20:00,MDRX,5.900000095367432,5.900000095367432,5.980000019073486,5.800000190734863,5.980000019073486,35496.0
2024-03-01 10:20:00,MDXG,8.520000457763672,8.520000457763672,8.520000457763672,8.505000114440918,8.505000114440918,3232.0
2024-03-01 10:20:00,ME,0.5698999762535095,0.5698999762535095,0.5699999928474426,0.5694000124931335,0.5695000290870667,57103.0
2024-03-01 10:20:00,MEDP,399.6499938964844,399.6499938964844,399.6600036621094,399.6499938964844,399.6600036621094,408.0
2024-03-01 10:20:00,MGNX,19.1200008392334,19.1200008392334,19.1200008392334,19.1200008392334,19.1200008392334,1394.0
2024-03-01 10:20:00,MGTX,6.175000190734863,6.175000190734863,6.177499771118164,6.170000076293945,6.170000076293945,475.0
2024-03-01 10:20:00,MIRM,29.030000686645508,29.030000686645508,29.030000686645508,29.030000686645508,29.030000686645508,209.0
2024-03-01 10:20:00,MLTX,52.209999084472656,52.209999084472656,52.34749984741211,52.189998626708984,52.34749984741211,3072.0
2024-03-01 10:20:00,MMSI,75.90499877929688,75.90499877929688,75.90499877929688,75.90499877929688,75.90499877929688,163.0
2024-03-01 10:20:00,MNKD,4.460000038146973,4.460000038146973,4.460000038146973,4.450300216674805,4.454999923706055,5305.0
2024-03-01 10:20:00,MNMD,5.820000171661377,5.820000171661377,5.820000171661377,5.820000171661377,5.820000171661377,564.0
2024-03-01 10:20:00,MODV,27.670000076293945,27.670000076293945,27.670000076293945,27.375,27.375,1128.0
2024-03-01 10:20:00,MORF,38.13999938964844,38.13999938964844,38.13999938964844,38.13999938964844,38.13999938964844,557.0
2024-03-01 10:20:00,MOTS,0.6804999709129333,0.6804999709129333,0.6804999709129333,0.6804999709129333,0.6804999709129333,200.0
2024-03-01 10:20:00,MREO,3.9049999713897705,3.9049999713897705,3.9049999713897705,3.8949999809265137,3.898900032043457,1022.0
2024-03-01 10:20:00,MRNA,94.63999938964844,94.63999938964844,94.69499969482422,94.38999938964844,94.48999786376953,6919.0
2024-03-01 10:20:00,MRSN,6.045000076293945,6.045000076293945,6.050000190734863,6.0,6.010000228881836,10202.0
2024-03-01 10:20:00,MRUS,49.98500061035156,49.98500061035156,49.98500061035156,49.904998779296875,49.904998779296875,300.0
2024-03-01 10:20:00,MRVI,7.715000152587891,7.715000152587891,7.715000152587891,7.699999809265137,7.699999809265137,1055.0
2024-03-01 10:20:00,MXCT,4.760000228881836,4.760000228881836,4.760000228881836,4.75,4.75,628.0
2024-03-01 10:20:00,MYGN,20.959999084472656,20.959999084472656,20.979999542236328,20.8700008392334,20.885000228881836,1752.0
2024-03-01 10:20:00,MYNZ,0.8629999756813049,0.8629999756813049,0.8654000163078308,0.8629999756813049,0.8654000163078308,2343.0
2024-03-01 10:20:00,NARI,45.525001525878906,45.525001525878906,45.5724983215332,45.525001525878906,45.5724983215332,540.0
2024-03-01 10:20:00,NBIX,131.35000610351562,131.35000610351562,131.4149932861328,131.35000610351562,131.4149932861328,572.0
2024-03-01 10:20:00,NEO,15.8100004196167,15.8100004196167,15.8100004196167,15.78499984741211,15.789999961853027,567.0
2024-03-01 10:20:00,NEOG,16.885000228881836,16.885000228881836,16.885000228881836,16.8700008392334,16.875,1429.0
2024-03-01 10:20:00,NGM,1.5299999713897705,1.5299999713897705,1.5299999713897705,1.5299999713897705,1.5299999713897705,1512.0
2024-03-01 10:20:00,NKTX,12.364999771118164,12.364999771118164,12.364999771118164,12.350000381469727,12.350000381469727,503.0
2024-03-01 10:20:00,NNOX,11.050000190734863,11.050000190734863,11.119999885559082,11.029999732971191,11.119999885559082,8500.0
2024-03-01 10:20:00,NRIX,13.069999694824219,13.069999694824219,13.069999694824219,13.050000190734863,13.050000190734863,787.0
2024-03-01 10:20:00,NRSN,2.0185999870300293,2.0185999870300293,2.0185999870300293,2.0,2.009999990463257,2618.0
2024-03-01 10:20:00,NRXP,0.43389999866485596,0.43389999866485596,0.4397999942302704,0.4300000071525574,0.4300000071525574,19145.0
2024-03-01 10:20:00,NRXPW,0.1599999964237213,0.1599999964237213,0.1599999964237213,0.1599999964237213,0.1599999964237213,2000.0
2024-03-01 10:20:00,NTLA,33.65999984741211,33.65999984741211,33.65999984741211,33.4900016784668,33.4900016784668,29066.0
2024-03-01 10:20:00,NTRA,89.16999816894531,89.16999816894531,89.16999816894531,89.08999633789062,89.16000366210938,2100.0
2024-03-01 10:20:00,NUTX,0.11400000005960464,0.11400000005960464,0.11400000005960464,0.11400000005960464,0.11400000005960464,200.0
2024-03-01 10:20:00,NUWE,0.5600000023841858,0.5600000023841858,0.5600000023841858,0.5600000023841858,0.5600000023841858,94800.0
2024-03-01 10:20:00,NVAX,4.938799858093262,4.938799858093262,4.938799858093262,4.925000190734863,4.925000190734863,4222.0
2024-03-01 10:20:00,NVCR,15.375,15.375,15.375,15.359999656677246,15.359999656677246,1672.0
2024-03-01 10:20:00,NXTC,1.7300000190734863,1.7300000190734863,1.7300000190734863,1.7300000190734863,1.7300000190734863,200.0
2024-03-01 10:20:00,OCGN,0.9150000214576721,0.9150000214576721,0.9150000214576721,0.9059000015258789,0.9099000096321106,2822.0
2024-03-01 10:20:00,OCUL,10.21500015258789,10.21500015258789,10.21500015258789,10.189800262451172,10.1899995803833,1643.0
2024-03-01 10:20:00,OCUP,2.5199999809265137,2.5199999809265137,2.5250000953674316,2.5199999809265137,2.5250000953674316,345.0
2024-03-01 10:20:00,OGI,2.065000057220459,2.065000057220459,2.065000057220459,2.065000057220459,2.065000057220459,3002.0
2024-03-01 10:20:00,OLK,22.545000076293945,22.545000076293945,22.545000076293945,22.545000076293945,22.545000076293945,500.0
2024-03-01 10:20:00,OLMA,12.772500038146973,12.772500038146973,12.772500038146973,12.772500038146973,12.772500038146973,125.0
2024-03-01 10:20:00,OM,3.015000104904175,3.015000104904175,3.0199999809265137,3.009999990463257,3.009999990463257,1267.0
2024-03-01 10:20:00,OMCL,26.309999465942383,26.309999465942383,26.309999465942383,26.260000228881836,26.260000228881836,570.0
2024-03-01 10:20:00,OMER,4.730000019073486,4.730000019073486,4.730000019073486,4.730000019073486,4.730000019073486,558.0
2024-03-01 10:20:00,ONCY,1.0800000429153442,1.0800000429153442,1.0800000429153442,1.0800000429153442,1.0800000429153442,1998.0
2024-03-01 10:21:00,ABCL,5.135000228881836,5.135000228881836,5.135000228881836,5.119999885559082,5.119999885559082,1925.0
2024-03-01 10:21:00,ABEO,7.520100116729736,7.520100116729736,7.520100116729736,7.520100116729736,7.520100116729736,216.0
2024-03-01 10:21:00,ABOS,4.715000152587891,4.715000152587891,4.715000152587891,4.6905999183654785,4.691199779510498,4197.0
2024-03-01 10:21:00,ABSI,5.159999847412109,5.159999847412109,5.159999847412109,5.139999866485596,5.150000095367432,973.0
2024-03-01 10:21:00,ABUS,2.7799999713897705,2.7799999713897705,2.7850000858306885,2.7799999713897705,2.7799999713897705,3014.0
2024-03-01 10:21:00,ACAD,23.905000686645508,23.905000686645508,23.950000762939453,23.889999389648438,23.889999389648438,7238.0
2024-03-01 10:21:00,ACB,3.0299999713897705,3.0299999713897705,3.0299999713897705,3.0201001167297363,3.0299999713897705,1318.0
2024-03-01 10:21:00,ACCD,10.199999809265137,10.199999809265137,10.210000038146973,10.1899995803833,10.199999809265137,3438.0
2024-03-01 10:21:00,ACET,2.309999942779541,2.309999942779541,2.309999942779541,2.302500009536743,2.302500009536743,1200.0
2024-03-01 10:21:00,ACHC,83.37000274658203,83.37000274658203,83.37000274658203,83.37000274658203,83.37000274658203,655.0
2024-03-01 10:21:00,ACLX,69.52999877929688,69.52999877929688,69.56999969482422,69.52999877929688,69.56999969482422,755.0
2024-03-01 10:21:00,ACRS,1.2400000095367432,1.2400000095367432,1.2400000095367432,1.2400000095367432,1.2400000095367432,808.0
2024-03-01 10:21:00,ADAP,1.600000023841858,1.600000023841858,1.600000023841858,1.590000033378601,1.590000033378601,41348.0
2024-03-01 10:21:00,ADIL,3.372299909591675,3.372299909591675,3.380000114440918,3.200000047683716,3.233099937438965,193771.0
2024-03-01 10:21:00,ADMA,5.375,5.375,5.3815999031066895,5.375,5.375,3433.0
2024-03-01 10:21:00,ADPT,4.135000228881836,4.135000228881836,4.135000228881836,4.130000114440918,4.130000114440918,385.0
2024-03-01 10:21:00,ADVM,1.9699000120162964,1.9699000120162964,1.9699000120162964,1.965000033378601,1.965000033378601,1118.0
2024-03-01 10:21:00,AFMD,0.6039000153541565,0.6039000153541565,0.6100999712944031,0.6029999852180481,0.6100999712944031,0.0
2024-03-01 10:21:00,AGEN,0.6650999784469604,0.6650999784469604,0.6650999784469604,0.6650999784469604,0.6650999784469604,124603.0
2024-03-01 10:21:00,AGIO,32.64500045776367,32.64500045776367,32.68000030517578,32.619998931884766,32.650001525878906,2743.0
2024-03-01 10:21:00,AHCO,10.65999984741211,10.65999984741211,10.65999984741211,10.600000381469727,10.600000381469727,1063.0
2024-03-01 10:21:00,AIMD,0.9599999785423279,0.9599999785423279,0.9599999785423279,0.9599999785423279,0.9599999785423279,309.0
2024-03-01 10:21:00,AKBA,1.6675000190734863,1.6675000190734863,1.6675000190734863,1.659999966621399,1.6649999618530273,10.0
2024-03-01 10:21:00,AKRO,28.200000762939453,28.200000762939453,28.209999084472656,28.100000381469727,28.100000381469727,2457.0
2024-03-01 10:21:00,ALDX,4.059999942779541,4.059999942779541,4.061299800872803,4.050000190734863,4.050000190734863,910.0
2024-03-01 10:21:00,ALEC,7.434999942779541,7.434999942779541,7.434999942779541,7.429999828338623,7.429999828338623,671.0
2024-03-01 10:21:00,ALGN,298.2749938964844,298.2749938964844,298.6549987792969,298.0799865722656,298.0799865722656,916.0
2024-03-01 10:21:00,ALGS,1.0,1.0,1.0,0.9900000095367432,0.9900000095367432,10200.0
2024-03-01 10:21:00,ALKS,30.030000686645508,30.030000686645508,30.059999465942383,30.030000686645508,30.049999237060547,3055.0
2024-03-01 10:21:00,ALLK,1.5850000381469727,1.5850000381469727,1.590000033378601,1.5850000381469727,1.5850000381469727,985.0
2024-03-01 10:21:00,ALLO,5.034999847412109,5.034999847412109,5.034999847412109,5.0208001136779785,5.0208001136779785,2039.0
2024-03-01 10:21:00,ALPN,36.290000915527344,36.290000915527344,36.290000915527344,36.220001220703125,36.22999954223633,1931.0
2024-03-01 10:21:00,ALT,12.297800064086914,12.297800064086914,12.319999694824219,12.260000228881836,12.260000228881836,6652.0
2024-03-01 10:21:00,ALXO,14.890000343322754,14.890000343322754,14.890000343322754,14.890000343322754,14.890000343322754,223.0
2024-03-01 10:21:00,ALZN,0.9100000262260437,0.9100000262260437,0.9100000262260437,0.9100000262260437,0.9100000262260437,0.0
2024-03-01 10:21:00,AMGN,279.1000061035156,279.1000061035156,279.3299865722656,278.9953918457031,279.10101318359375,5634.0
2024-03-01 10:21:00,AMLX,18.93000030517578,18.93000030517578,18.969999313354492,18.899999618530273,18.940000534057617,5442.0
2024-03-01 10:21:00,AMPH,46.31999969482422,46.31999969482422,46.36000061035156,46.31999969482422,46.36000061035156,417.0
2024-03-01 10:21:00,AMRN,1.0399999618530273,1.0399999618530273,1.0399999618530273,1.024999976158142,1.024999976158142,13516.0
2024-03-01 10:21:00,ANGO,5.329999923706055,5.329999923706055,5.329999923706055,5.320000171661377,5.320000171661377,906.0
2024-03-01 10:21:00,ANNX,5.900000095367432,5.900000095367432,5.900000095367432,5.900000095367432,5.900000095367432,2007.0
2024-03-01 10:21:00,ANTX,2.944999933242798,2.944999933242798,2.950000047683716,2.944999933242798,2.944999933242798,372.0
2024-03-01 10:21:00,APLS,62.654998779296875,62.654998779296875,62.72999954223633,62.654998779296875,62.72999954223633,2199.0
2024-03-01 10:21:00,APLT,7.409999847412109,7.409999847412109,7.409999847412109,7.394999980926514,7.400000095367432,2189.0
2024-03-01 10:21:00,APTO,1.7999999523162842,1.7999999523162842,1.7999999523162842,1.7999999523162842,1.7999999523162842,532.0
2024-03-01 10:21:00,APVO,0.16760000586509705,0.16760000586509705,0.16760000586509705,0.16760000586509705,0.16760000586509705,0.0
2024-03-01 10:21:00,AQST,4.204999923706055,4.204999923706055,4.227200031280518,4.197999954223633,4.227200031280518,7811.0
2024-03-01 10:21:00,ARAY,2.630000114440918,2.630000114440918,2.630000114440918,2.619999885559082,2.619999885559082,1293.0
2024-03-01 10:21:00,ARCT,40.25,40.25,40.25,40.189998626708984,40.189998626708984,653.0
2024-03-01 10:21:00,ARDX,9.699999809265137,9.699999809265137,9.710000038146973,9.680000305175781,9.680000305175781,3053.0
2024-03-01 10:21:00,ARGX,383.67999267578125,383.67999267578125,383.67999267578125,383.67999267578125,383.67999267578125,329.0
2024-03-01 10:21:00,ARQT,10.8100004196167,10.8100004196167,10.8100004196167,10.789999961853027,10.789999961853027,1594.0
2024-03-01 10:21:00,ARVN,51.04999923706055,51.04999923706055,51.16999816894531,50.90999984741211,50.90999984741211,1689.0
2024-03-01 10:21:00,ARWR,34.999900817871094,34.999900817871094,34.999900817871094,34.689998626708984,34.7599983215332,3987.0
2024-03-01 10:21:00,ASMB,13.399999618530273,13.399999618530273,13.399999618530273,13.399999618530273,13.399999618530273,167.0
2024-03-01 10:21:00,ASND,148.47999572753906,148.47999572753906,148.6199951171875,148.35000610351562,148.35000610351562,886.0
2024-03-01 10:21:00,ASRT,0.9153000116348267,0.9153000116348267,0.9153000116348267,0.9153000116348267,0.9153000116348267,314.0
2024-03-01 10:21:00,ATAI,1.968500018119812,1.968500018119812,1.9700000286102295,1.968500018119812,1.9700000286102295,217.0
2024-03-01 10:21:00,ATEC,13.265000343322754,13.265000343322754,13.265000343322754,13.25,13.25,998.0
2024-03-01 10:21:00,ATHA,3.940000057220459,3.940000057220459,3.944999933242798,3.940000057220459,3.944999933242798,1027.0
2024-03-01 10:21:00,ATOS,0.9901000261306763,0.9901000261306763,0.9901000261306763,0.9901000261306763,0.9901000261306763,10600.0
2024-03-01 10:21:00,ATRA,0.8075000047683716,0.8075000047683716,0.8123999834060669,0.8051000237464905,0.8123999834060669,3446.0
2024-03-01 10:21:00,ATRC,35.40999984741211,35.40999984741211,35.40999984741211,35.40999984741211,35.40999984741211,633.0
2024-03-01 10:21:00,ATXS,15.039999961853027,15.039999961853027,15.050000190734863,15.010000228881836,15.050000190734863,849.0
2024-03-01 10:21:00,AUPH,5.760000228881836,5.760000228881836,5.760000228881836,5.744999885559082,5.744999885559082,4673.0
2024-03-01 10:21:00,AUTL,6.269999980926514,6.269999980926514,6.269999980926514,6.25,6.25,1500.0
2024-03-01 10:21:00,AVDL,12.770000457763672,12.770000457763672,12.8100004196167,12.770000457763672,12.8100004196167,1002.0
2024-03-01 10:21:00,AVIR,4.360000133514404,4.360000133514404,4.360000133514404,4.360000133514404,4.360000133514404,257.0
2024-03-01 10:21:00,AVTE,22.725000381469727,22.725000381469727,22.725000381469727,22.59000015258789,22.59000015258789,587.0
2024-03-01 10:21:00,AVXL,5.25,5.25,5.25,5.244999885559082,5.244999885559082,139.0
2024-03-01 10:21:00,AXNX,67.55999755859375,67.55999755859375,67.55999755859375,67.55999755859375,67.55999755859375,209.0
2024-03-01 10:21:00,AXSM,83.0250015258789,83.0250015258789,83.08000183105469,83.0250015258789,83.08000183105469,792.0
2024-03-01 10:21:00,AZN,64.43000030517578,64.43000030517578,64.43499755859375,64.4000015258789,64.4000015258789,7952.0
2024-03-01 10:21:00,BBIO,36.27000045776367,36.27000045776367,36.27000045776367,36.22999954223633,36.22999954223633,931.0
2024-03-01 10:21:00,BBLG,2.5199999809265137,2.5199999809265137,2.5199999809265137,2.5199999809265137,2.5199999809265137,2.0
2024-03-01 10:21:00,BCAB,2.765000104904175,2.765000104904175,2.765000104904175,2.765000104904175,2.765000104904175,231.0
2024-03-01 10:21:00,BCDA,0.550000011920929,0.550000011920929,0.550000011920929,0.550000011920929,0.550000011920929,200.0
2024-03-01 10:21:00,BCRX,5.739999771118164,5.739999771118164,5.739999771118164,5.71999979019165,5.71999979019165,1032.0
2024-03-01 10:21:00,BEAM,41.13999938964844,41.13999938964844,41.2599983215332,41.119998931884766,41.185001373291016,5277.0
2024-03-01 10:21:00,BGXX,0.26980000734329224,0.26980000734329224,0.26980000734329224,0.26980000734329224,0.26980000734329224,104.0
2024-03-01 10:21:00,BIOR,1.2100000381469727,1.2100000381469727,1.2200000286102295,1.2100000381469727,1.2200000286102295,410.0
2024-03-01 10:21:00,BIVI,2.7309999465942383,2.7309999465942383,2.7799999713897705,2.7100000381469727,2.7300000190734863,211804.0
2024-03-01 10:21:00,BLRX,1.399999976158142,1.399999976158142,1.399999976158142,1.399999976158142,1.399999976158142,605.0
2024-03-01 10:21:00,BLUE,1.6225999593734741,1.6225999593734741,1.6349999904632568,1.6200000047683716,1.6298999786376953,55706.0
2024-03-01 10:21:00,BMEA,17.690000534057617,17.690000534057617,17.690000534057617,17.649999618530273,17.649999618530273,1239.0
2024-03-01 10:21:00,BMRN,86.19499969482422,86.19499969482422,86.22000122070312,86.18499755859375,86.20999908447266,2013.0
2024-03-01 10:21:00,BNGO,1.2350000143051147,1.2350000143051147,1.23989999294281,1.2350000143051147,1.23989999294281,3261.0
2024-03-01 10:21:00,BNTX,90.6050033569336,90.6050033569336,90.6500015258789,90.48999786376953,90.48999786376953,3241.0
2024-03-01 10:21:00,BPMC,97.75,97.75,97.76000213623047,97.74500274658203,97.76000213623047,1175.0
2024-03-01 10:21:00,BRKR,87.41000366210938,87.41000366210938,87.41000366210938,87.40499877929688,87.40499877929688,570.0
2024-03-01 10:21:00,BRTX,1.5,1.5,1.5,1.5,1.5,2041.0
2024-03-01 10:21:00,BTCY,0.9311000108718872,0.9311000108718872,0.9311000108718872,0.9309999942779541,0.9311000108718872,1294.0
2024-03-01 10:21:00,BTMD,6.09499979019165,6.09499979019165,6.09499979019165,6.09499979019165,6.09499979019165,200.0
2024-03-01 10:21:00,BTTX,0.16110000014305115,0.16110000014305115,0.16269999742507935,0.16110000014305115,0.16269999742507935,10303.0
2024-03-01 10:21:00,BYSI,1.399999976158142,1.399999976158142,1.399999976158142,1.399999976158142,1.399999976158142,8.0
2024-03-01 10:21:00,CABA,24.290000915527344,24.290000915527344,24.290000915527344,24.260000228881836,24.260000228881836,1278.0
2024-03-01 10:21:00,CAPR,4.539999961853027,4.539999961853027,4.539999961853027,4.539999961853027,4.539999961853027,742.0
2024-03-01 10:21:00,CARA,0.8700000047683716,0.8700000047683716,0.8700000047683716,0.8700000047683716,0.8700000047683716,1200.0
2024-03-01 10:21:00,CBAY,32.23500061035156,32.23500061035156,32.2400016784668,32.23500061035156,32.23500061035156,2824.0
2024-03-01 10:21:00,CCCC,11.010000228881836,11.010000228881836,11.010000228881836,10.990599632263184,11.0,3907.0
2024-03-01 10:21:00,CDMO,7.849999904632568,7.849999904632568,7.855000019073486,7.809999942779541,7.809999942779541,1862.0
2024-03-01 10:21:00,CDNA,12.109999656677246,12.109999656677246,12.109999656677246,12.09000015258789,12.100000381469727,2758.0
2024-03-01 10:21:00,CDTX,0.7202000021934509,0.7202000021934509,0.720300018787384,0.7202000021934509,0.720300018787384,400.0
2024-03-01 10:21:00,CDXS,4.289999961853027,4.289999961853027,4.289999961853027,4.28000020980835,4.28000020980835,620.0
2024-03-01 10:21:00,CERE,41.20000076293945,41.20000076293945,41.20000076293945,41.15999984741211,41.15999984741211,1212.0
2024-03-01 10:21:00,CERS,2.184999942779541,2.184999942779541,2.184999942779541,2.184999942779541,2.184999942779541,504.0
2024-03-01 10:21:00,CERT,17.829999923706055,17.829999923706055,17.829999923706055,17.790000915527344,17.790000915527344,708.0
2024-03-01 10:21:00,CGC,3.1740000247955322,3.1740000247955322,3.184999942779541,3.1740000247955322,3.1800999641418457,12796.0
2024-03-01 10:21:00,CGEM,18.975000381469727,18.975000381469727,19.0,18.940000534057617,18.940000534057617,1589.0
2024-03-01 10:21:00,CGEN,2.648699998855591,2.648699998855591,2.648699998855591,2.6482999324798584,2.6482999324798584,1608.0
2024-03-01 10:21:00,CHRS,2.319999933242798,2.319999933242798,2.319999933242798,2.2899999618530273,2.2899999618530273,15367.0
2024-03-01 10:21:00,CING,1.2611000537872314,1.2611000537872314,1.2799999713897705,1.25,1.2599999904632568,1800.0
2024-03-01 10:21:00,CKPT,2.150099992752075,2.150099992752075,2.150099992752075,2.1500000953674316,2.1500000953674316,2114.0
2024-03-01 10:21:00,CLDX,51.880001068115234,51.880001068115234,51.91999816894531,51.68000030517578,51.720001220703125,4252.0
2024-03-01 10:21:00,CLNN,0.39100000262260437,0.39100000262260437,0.39500001072883606,0.39100000262260437,0.39100000262260437,901.0
2024-03-01 10:21:00,CLOV,0.8661999702453613,0.8661999702453613,0.8661999702453613,0.8651999831199646,0.8651999831199646,18718.0
2024-03-01 10:21:00,CLRB,4.010000228881836,4.010000228881836,4.0100998878479,4.010000228881836,4.010000228881836,8271.0
2024-03-01 10:21:00,CMPS,10.640000343322754,10.640000343322754,10.640000343322754,10.619999885559082,10.619999885559082,594.0
2024-03-01 10:21:00,CNSP,0.3098999857902527,0.3098999857902527,0.3098999857902527,0.3098999857902527,0.3098999857902527,5310.0
2024-03-01 10:21:00,COGT,7.360000133514404,7.360000133514404,7.369999885559082,7.360000133514404,7.369999885559082,4029.0
2024-03-01 10:21:00,CORT,23.8700008392334,23.8700008392334,23.8700008392334,23.84000015258789,23.84000015258789,2730.0
2024-03-01 10:21:00,CPRX,16.795000076293945,16.795000076293945,16.79829978942871,16.770000457763672,16.770000457763672,3066.0
2024-03-01 10:21:00,CPSI,9.329999923706055,9.329999923706055,9.329999923706055,9.326899528503418,9.326899528503418,817.0
2024-03-01 10:21:00,CRBU,8.085000038146973,8.085000038146973,8.100000381469727,8.085000038146973,8.085000038146973,3358.0
2024-03-01 10:21:00,CRDF,2.580199956893921,2.580199956893921,2.5999999046325684,2.5399999618530273,2.569999933242798,367622.0
2024-03-01 10:21:00,CRDL,2.005000114440918,2.005000114440918,2.0209999084472656,2.0,2.0199999809265137,2841.0
2024-03-01 10:21:00,CRMD,3.6600000858306885,3.6600000858306885,3.6600000858306885,3.6500000953674316,3.6500000953674316,1835.0
2024-03-01 10:21:00,CRNX,45.02000045776367,45.02000045776367,45.02000045776367,45.0,45.0,2166.0
2024-03-01 10:21:00,CRON,2.0339999198913574,2.0339999198913574,2.0399999618530273,2.0339999198913574,2.0399999618530273,711.0
2024-03-01 10:21:00,CRSP,86.9800033569336,86.9800033569336,87.07890319824219,86.76000213623047,86.81999969482422,7601.0
2024-03-01 10:21:00,CSTL,19.76289939880371,19.76289939880371,19.772899627685547,19.700000762939453,19.719999313354492,3045.0
2024-03-01 10:21:00,CTKB,8.0,8.0,8.0,7.96999979019165,7.96999979019165,2406.0
2024-03-01 10:21:00,CTMX,2.5,2.5,2.505000114440918,2.484999895095825,2.5,8252.0
2024-03-01 10:21:00,CTXR,0.7900000214576721,0.7900000214576721,0.7900000214576721,0.7900000214576721,0.7900000214576721,100.0
2024-03-01 10:21:00,CUTR,2.309999942779541,2.309999942779541,2.309999942779541,2.309999942779541,2.309999942779541,202.0
2024-03-01 10:21:00,CVAC,3.4649999141693115,3.4649999141693115,3.4700000286102295,3.4649999141693115,3.4700000286102295,1274.0
2024-03-01 10:21:00,CYTK,74.9000015258789,74.9000015258789,74.9800033569336,74.9000015258789,74.94999694824219,2277.0
2024-03-01 10:21:00,DAWN,17.030000686645508,17.030000686645508,17.030000686645508,16.940000534057617,16.940000534057617,1399.0
2024-03-01 10:21:00,DCGO,4.070000171661377,4.070000171661377,4.074999809265137,4.059999942779541,4.059999942779541,2008.0
2024-03-01 10:21:00,DCPH,17.065000534057617,17.065000534057617,17.079999923706055,17.020000457763672,17.049999237060547,1628.0
2024-03-01 10:21:00,DH,9.100000381469727,9.100000381469727,9.114999771118164,9.079999923706055,9.079999923706055,1329.0
2024-03-01 10:21:00,DMTK,0.8300999999046326,0.8300999999046326,0.8500000238418579,0.8300999999046326,0.8300999999046326,27722.0
2024-03-01 10:21:00,DSGN,2.8499999046325684,2.8499999046325684,2.8499999046325684,2.8499999046325684,2.8499999046325684,400.0
2024-03-01 10:21:00,DTIL,13.149999618530273,13.149999618530273,13.149999618530273,13.125,13.149999618530273,3510.0
2024-03-01 10:21:00,DVAX,12.800000190734863,12.800000190734863,12.800000190734863,12.79010009765625,12.800000190734863,9621.0
2024-03-01 10:21:00,DXCM,116.86000061035156,116.86000061035156,117.13569641113281,116.86000061035156,117.06999969482422,5171.0
2024-03-01 10:21:00,DYN,30.1200008392334,30.1200008392334,30.139999389648438,30.059999465942383,30.139999389648438,853.0
2024-03-01 10:21:00,EDIT,10.779999732971191,10.779999732971191,10.795000076293945,10.75,10.75,9696.0
2024-03-01 10:21:00,EGRX,6.210000038146973,6.210000038146973,6.21999979019165,6.210000038146973,6.217199802398682,886.0
2024-03-01 10:21:00,EKSO,1.965000033378601,1.965000033378601,1.965000033378601,1.965000033378601,1.965000033378601,550.0
2024-03-01 10:21:00,ELEV,4.960000038146973,4.960000038146973,4.960000038146973,4.910099983215332,4.910099983215332,8114.0
2024-03-01 10:21:00,ENSG,123.97000122070312,123.97000122070312,123.97000122070312,123.9574966430664,123.96499633789062,965.0
2024-03-01 10:21:00,ENTA,14.729999542236328,14.729999542236328,14.729999542236328,14.729999542236328,14.729999542236328,201.0
2024-03-01 10:21:00,ENTX,1.350000023841858,1.350000023841858,1.350000023841858,1.350000023841858,1.350000023841858,300.0
2024-03-01 10:21:00,ENVB,1.7300000190734863,1.7300000190734863,1.7699999809265137,1.7300000190734863,1.76010000705719,22062.0
2024-03-01 10:21:00,EOLS,14.899999618530273,14.899999618530273,14.914999961853027,14.890000343322754,14.890000343322754,1846.0
2024-03-01 10:21:00,EQ,2.5399999618530273,2.5399999618530273,2.5399999618530273,2.5399999618530273,2.5399999618530273,888.0
2024-03-01 10:21:00,ERAS,2.4600000381469727,2.4600000381469727,2.4600000381469727,2.4600000381469727,2.4600000381469727,253.0
2024-03-01 10:21:00,ESPR,2.509999990463257,2.509999990463257,2.509999990463257,2.490000009536743,2.490000009536743,10337.0
2024-03-01 10:21:00,ESTA,45.72999954223633,45.72999954223633,45.72999954223633,45.72999954223633,45.72999954223633,109.0
2024-03-01 10:21:00,ETNB,12.850000381469727,12.850000381469727,12.859999656677246,12.8100004196167,12.8100004196167,1976.0
2024-03-01 10:21:00,EVO,7.400000095367432,7.400000095367432,7.400000095367432,7.400000095367432,7.400000095367432,4294.0
2024-03-01 10:21:00,EWTX,16.790000915527344,16.790000915527344,16.790000915527344,16.790000915527344,16.790000915527344,649.0
2024-03-01 10:21:00,EXAS,59.38999938964844,59.38999938964844,59.439998626708984,59.36000061035156,59.380001068115234,13181.0
2024-03-01 10:21:00,EXEL,22.459999084472656,22.459999084472656,22.479999542236328,22.459400177001953,22.475000381469727,6229.0
2024-03-01 10:21:00,EYEN,2.109999895095825,2.109999895095825,2.109999895095825,2.109999895095825,2.109999895095825,201.0
2024-03-01 10:21:00,EYPT,28.46500015258789,28.46500015258789,28.489999771118164,28.399999618530273,28.40999984741211,7736.0
2024-03-01 10:21:00,FATE,7.489999771118164,7.489999771118164,7.5,7.440000057220459,7.440000057220459,4753.0
2024-03-01 10:21:00,FBIOP,15.399999618530273,15.399999618530273,15.399999618530273,15.399999618530273,15.399999618530273,374.0
2024-03-01 10:21:00,FDMT,29.834999084472656,29.834999084472656,29.90999984741211,29.81999969482422,29.81999969482422,1758.0
2024-03-01 10:21:00,FGEN,1.7099000215530396,1.7099000215530396,1.7099000215530396,1.7000000476837158,1.7000000476837158,418.0
2024-03-01 10:21:00,FIXX,0.9300000071525574,0.9300000071525574,0.9300000071525574,0.9300000071525574,0.9300000071525574,800.0
2024-03-01 10:21:00,FLGT,22.81999969482422,22.81999969482422,22.8700008392334,22.81999969482422,22.850000381469727,3744.0
2024-03-01 10:21:00,FOLD,13.510000228881836,13.510000228881836,13.520000457763672,13.498900413513184,13.5,2347.0
2024-03-01 10:21:00,FULC,10.579999923706055,10.579999923706055,10.600000381469727,10.5600004196167,10.600000381469727,1473.0
2024-03-01 10:21:00,FUSN,12.239999771118164,12.239999771118164,12.289999961853027,12.234999656677246,12.289999961853027,2495.0
2024-03-01 10:21:00,GANX,4.519999980926514,4.519999980926514,4.519999980926514,4.519999980926514,4.519999980926514,1004.0
2024-03-01 10:21:00,GCTK,0.2989000082015991,0.2989000082015991,0.30000001192092896,0.2989000082015991,0.30000001192092896,500.0
2024-03-01 10:21:00,GDRX,8.359999656677246,8.359999656677246,8.380399703979492,8.329999923706055,8.380399703979492,9710.0
2024-03-01 10:21:00,GERN,2.109999895095825,2.109999895095825,2.109999895095825,2.1050000190734863,2.1050000190734863,10722.0
2024-03-01 10:21:00,GH,19.1200008392334,19.1200008392334,19.1299991607666,19.110000610351562,19.110000610351562,930.0
2024-03-01 10:21:00,GILD,72.41500091552734,72.41500091552734,72.43000030517578,72.38999938964844,72.3949966430664,14424.0
2024-03-01 10:21:00,GLPG,35.029998779296875,35.029998779296875,35.029998779296875,35.029998779296875,35.029998779296875,143.0
2024-03-01 10:21:00,GMAB,28.860000610351562,28.860000610351562,28.860000610351562,28.860000610351562,28.860000610351562,872.0
2024-03-01 10:21:00,GMDA,0.375900000333786,0.375900000333786,0.375900000333786,0.375900000333786,0.375900000333786,0.0
2024-03-01 10:21:00,GOSS,1.3410999774932861,1.3410999774932861,1.3450000286102295,1.3410999774932861,1.3450000286102295,270.0
2024-03-01 10:21:00,GRFS,6.949999809265137,6.949999809265137,6.980000019073486,6.929999828338623,6.929999828338623,5042.0
2024-03-01 10:21:00,GRTS,2.1098999977111816,2.1098999977111816,2.109999895095825,2.0817999839782715,2.0899999141693115,18796.0
2024-03-01 10:21:00,GRTX,0.23800000548362732,0.23800000548362732,0.23800000548362732,0.23319999873638153,0.23319999873638153,2100.0
2024-03-01 10:21:00,GTHX,3.450000047683716,3.450000047683716,3.450000047683716,3.440000057220459,3.440000057220459,870.0
2024-03-01 10:21:00,HALO,41.099998474121094,41.099998474121094,41.099998474121094,41.06999969482422,41.0974006652832,1105.0
2024-03-01 10:21:00,HARP,22.940000534057617,22.940000534057617,22.950000762939453,22.940000534057617,22.950000762939453,3772.0
2024-03-01 10:21:00,HCAT,8.020000457763672,8.020000457763672,8.029999732971191,8.010000228881836,8.010000228881836,2817.0
2024-03-01 10:21:00,HCTI,2.3951001167297363,2.3951001167297363,2.4000000953674316,2.3499999046325684,2.3499999046325684,3618.0
2024-03-01 10:21:00,HITI,1.7549999952316284,1.7549999952316284,1.7585999965667725,1.7549999952316284,1.7585999965667725,400.0
2024-03-01 10:21:00,HLTH,0.26579999923706055,0.26579999923706055,0.26579999923706055,0.2612000107765198,0.2612000107765198,7942.0
2024-03-01 10:21:00,HLVX,18.989999771118164,18.989999771118164,18.989999771118164,18.989999771118164,18.989999771118164,200.0
2024-03-01 10:21:00,HOLX,73.63999938964844,73.63999938964844,73.63999938964844,73.63999938964844,73.63999938964844,413.0
2024-03-01 10:21:00,HRMY,31.209999084472656,31.209999084472656,31.25,31.149999618530273,31.149999618530273,2291.0
2024-03-01 10:21:00,HRTX,2.6500000953674316,2.6500000953674316,2.6500000953674316,2.6480000019073486,2.6480000019073486,255.0
2024-03-01 10:21:00,HSIC,77.3499984741211,77.3499984741211,77.3499984741211,77.3499984741211,77.3499984741211,1122.0
2024-03-01 10:21:00,HUGE,0.8776999711990356,0.8776999711990356,0.8776999711990356,0.8776999711990356,0.8776999711990356,0.0
2024-03-01 10:21:00,HUMA,3.174999952316284,3.174999952316284,3.177500009536743,3.1649999618530273,3.174999952316284,17454.0
2024-03-01 10:21:00,IART,36.54499816894531,36.54499816894531,36.54999923706055,36.52000045776367,36.540000915527344,1831.0
2024-03-01 10:21:00,IBRX,4.829999923706055,4.829999923706055,4.829999923706055,4.809899806976318,4.815000057220459,8010.0
2024-03-01 10:21:00,ICCC,5.110000133514404,5.110000133514404,5.210000038146973,5.110000133514404,5.210000038146973,506.0
2024-03-01 10:21:00,ICLR,324.57000732421875,324.57000732421875,324.7250061035156,324.57000732421875,324.7250061035156,10333.0
2024-03-01 10:21:00,ICUI,105.5,105.5,105.5,105.37000274658203,105.37000274658203,1612.0
2024-03-01 10:21:00,IDXX,571.35498046875,571.35498046875,571.35498046875,571.35498046875,571.35498046875,122.0
2024-03-01 10:21:00,IDYA,46.11000061035156,46.11000061035156,46.17499923706055,46.0,46.099998474121094,41780.0
2024-03-01 10:21:00,IGMS,13.399999618530273,13.399999618530273,13.399999618530273,13.399999618530273,13.399999618530273,267.0
2024-03-01 10:21:00,IINN,1.6468000411987305,1.6468000411987305,1.6492999792099,1.6468000411987305,1.6480000019073486,301.0
2024-03-01 10:21:00,ILMN,138.8800048828125,138.8800048828125,138.89999389648438,138.4600067138672,138.49000549316406,3288.0
2024-03-01 10:21:00,IMAB,1.8600000143051147,1.8600000143051147,1.8600000143051147,1.840000033378601,1.840000033378601,3648.0
2024-03-01 10:21:00,IMCR,68.6449966430664,68.6449966430664,68.6449966430664,68.43000030517578,68.44000244140625,484.0
2024-03-01 10:21:00,IMMP,2.2915000915527344,2.2915000915527344,2.2915000915527344,2.2915000915527344,2.2915000915527344,606.0
2024-03-01 10:21:00,IMMX,3.6600000858306885,3.6600000858306885,3.700000047683716,3.5999999046325684,3.5999999046325684,10448.0
2024-03-01 10:21:00,IMNM,25.13599967956543,25.13599967956543,25.170000076293945,25.13599967956543,25.15999984741211,1514.0
2024-03-01 10:21:00,IMNN,1.020300030708313,1.020300030708313,1.020300030708313,1.020300030708313,1.020300030708313,600.0
2024-03-01 10:21:00,IMTX,13.079999923706055,13.079999923706055,13.149999618530273,13.079999923706055,13.145000457763672,982.0
2024-03-01 10:21:00,IMUX,1.524999976158142,1.524999976158142,1.524999976158142,1.5200999975204468,1.5200999975204468,1171.0
2024-03-01 10:21:00,IMVT,36.630001068115234,36.630001068115234,36.650001525878906,36.619998931884766,36.619998931884766,1367.0
2024-03-01 10:21:00,INAB,1.1598999500274658,1.1598999500274658,1.1598999500274658,1.1098999977111816,1.1098999977111816,14565.0
2024-03-01 10:21:00,INBX,36.900001525878906,36.900001525878906,36.900001525878906,36.900001525878906,36.900001525878906,1058.0
2024-03-01 10:21:00,INGN,6.730000019073486,6.730000019073486,6.730000019073486,6.730000019073486,6.730000019073486,462.0
2024-03-01 10:21:00,INMB,11.75,11.75,11.800000190734863,11.75,11.800000190734863,762.0
2024-03-01 10:21:00,INMD,22.53030014038086,22.53030014038086,22.53030014038086,22.5,22.510299682617188,3162.0
2024-03-01 10:21:00,INO,8.970000267028809,8.970000267028809,8.98009967803955,8.970000267028809,8.98009967803955,8944.0
2024-03-01 10:21:00,INSM,28.44499969482422,28.44499969482422,28.454999923706055,28.389999389648438,28.389999389648438,2222.0
2024-03-01 10:21:00,INVA,15.550000190734863,15.550000190734863,15.550000190734863,15.539999961853027,15.550000190734863,1364.0
2024-03-01 10:21:00,INZY,6.519999980926514,6.519999980926514,6.519999980926514,6.519999980926514,6.519999980926514,333.0
2024-03-01 10:21:00,IONM,0.3409999907016754,0.3409999907016754,0.3409999907016754,0.3409999907016754,0.3409999907016754,700.0
2024-03-01 10:21:00,IONS,45.59000015258789,45.59000015258789,45.59000015258789,45.59000015258789,45.59000015258789,636.0
2024-03-01 10:21:00,IOVA,16.92020034790039,16.92020034790039,16.950000762939453,16.916000366210938,16.940000534057617,21294.0
2024-03-01 10:21:00,IPSC,3.7899999618530273,3.7899999618530273,3.7899999618530273,3.7899999618530273,3.7899999618530273,322.0
2024-03-01 10:21:00,IRTC,118.16000366210938,118.16000366210938,118.16000366210938,117.793701171875,117.793701171875,504.0
2024-03-01 10:21:00,IRWD,8.930000305175781,8.930000305175781,8.930000305175781,8.920499801635742,8.921199798583984,4999.0
2024-03-01 10:21:00,ISRG,388.42999267578125,388.42999267578125,388.54998779296875,388.4175109863281,388.54998779296875,1763.0
2024-03-01 10:21:00,ITCI,71.63999938964844,71.63999938964844,71.67500305175781,71.63999938964844,71.67500305175781,772.0
2024-03-01 10:21:00,ITOS,10.75,10.75,10.75,10.75,10.75,546.0
2024-03-01 10:21:00,JAGX,0.09200000017881393,0.09200000017881393,0.09300000220537186,0.08839999884366989,0.09000000357627869,1876873.0
2024-03-01 10:21:00,JANX,46.7947998046875,46.7947998046875,47.0,46.7947998046875,47.0,821.0
2024-03-01 10:21:00,KNTE,2.619999885559082,2.619999885559082,2.619999885559082,2.619999885559082,2.619999885559082,0.0
2024-03-01 10:21:00,KOD,6.0,6.0,6.0,5.994999885559082,5.994999885559082,337.0
2024-03-01 10:21:00,KPTI,1.1729999780654907,1.1729999780654907,1.1729999780654907,1.1729999780654907,1.1729999780654907,2800.0
2024-03-01 10:21:00,KRON,1.0499999523162842,1.0499999523162842,1.0499999523162842,1.0499999523162842,1.0499999523162842,150.0
2024-03-01 10:21:00,KROS,69.1050033569336,69.1050033569336,69.1050033569336,68.94999694824219,69.0199966430664,2735.0
2024-03-01 10:21:00,KRYS,166.97500610351562,166.97500610351562,166.97500610351562,166.81500244140625,166.81500244140625,475.0
2024-03-01 10:21:00,KTRA,0.1023000031709671,0.1023000031709671,0.1023000031709671,0.1023000031709671,0.1023000031709671,0.0
2024-03-01 10:21:00,KURA,21.239999771118164,21.239999771118164,21.270000457763672,21.239999771118164,21.270000457763672,1203.0
2024-03-01 10:21:00,KYMR,43.599998474121094,43.599998474121094,43.619998931884766,43.435001373291016,43.45000076293945,3027.0
2024-03-01 10:21:00,KZIA,0.24400000274181366,0.24400000274181366,0.24400000274181366,0.24400000274181366,0.24400000274181366,3900.0
2024-03-01 10:21:00,KZR,1.1100000143051147,1.1100000143051147,1.1100000143051147,1.100000023841858,1.100000023841858,4641.0
2024-03-01 10:21:00,LAB,2.305000066757202,2.305000066757202,2.305000066757202,2.2950000762939453,2.2950000762939453,1298.0
2024-03-01 10:21:00,LBPH,22.229999542236328,22.229999542236328,22.229999542236328,22.229999542236328,22.229999542236328,420.0
2024-03-01 10:21:00,LEGN,66.01499938964844,66.01499938964844,66.01499938964844,66.0,66.0,596.0
2024-03-01 10:21:00,LEXX,2.350100040435791,2.350100040435791,2.490000009536743,2.3499999046325684,2.440000057220459,19150.0
2024-03-01 10:21:00,LFMD,8.0,8.0,8.0,8.0,8.0,200.0
2024-03-01 10:21:00,LFST,8.045000076293945,8.045000076293945,8.050000190734863,8.039999961853027,8.050000190734863,3720.0
2024-03-01 10:21:00,LGND,80.63999938964844,80.63999938964844,80.63999938964844,80.63999938964844,80.63999938964844,262.0
2024-03-01 10:21:00,LIFE,1.9199999570846558,1.9199999570846558,1.9199999570846558,1.9199999570846558,1.9199999570846558,1904.0
2024-03-01 10:21:00,LIVN,54.59000015258789,54.59000015258789,54.625,54.584999084472656,54.625,647.0
2024-03-01 10:21:00,LMAT,68.32499694824219,68.32499694824219,68.32499694824219,68.12000274658203,68.12000274658203,345.0
2024-03-01 10:21:00,LNSR,4.630000114440918,4.630000114440918,4.630000114440918,4.630000114440918,4.630000114440918,347.0
2024-03-01 10:21:00,LNTH,65.48500061035156,65.48500061035156,65.5,65.48500061035156,65.5,781.0
2024-03-01 10:21:00,LQDA,14.375,14.375,14.375,14.375,14.375,239.0
2024-03-01 10:21:00,LRMR,11.390000343322754,11.390000343322754,11.420000076293945,11.380000114440918,11.420000076293945,5648.0
2024-03-01 10:21:00,LTRN,4.570000171661377,4.570000171661377,4.666999816894531,4.570000171661377,4.666999816894531,4103.0
2024-03-01 10:21:00,LXRX,2.44950008392334,2.44950008392334,2.44950008392334,2.4323999881744385,2.4398999214172363,2411.0
2024-03-01 10:21:00,LYEL,3.100100040435791,3.100100040435791,3.100100040435791,3.0899999141693115,3.0899999141693115,3119.0
2024-03-01 10:21:00,MACK,14.75,14.75,14.75,14.75,14.75,2505.0
2024-03-01 10:21:00,MASI,127.06999969482422,127.06999969482422,127.06999969482422,127.06999969482422,127.06999969482422,653.0
2024-03-01 10:21:00,MCRB,1.1699999570846558,1.1699999570846558,1.1749999523162842,1.1699999570846558,1.1749999523162842,500.0
2024-03-01 10:21:00,MDGL,243.0500030517578,243.0500030517578,243.08999633789062,242.0124053955078,242.0124053955078,4416.0
2024-03-01 10:21:00,MDRX,5.980000019073486,5.980000019073486,5.980000019073486,5.900000095367432,5.900000095367432,23881.0
2024-03-01 10:21:00,MDXG,8.517499923706055,8.517499923706055,8.517499923706055,8.515000343322754,8.515000343322754,214.0
2024-03-01 10:21:00,ME,0.5712000131607056,0.5712000131607056,0.5737000107765198,0.5698999762535095,0.5698999762535095,16441.0
2024-03-01 10:21:00,MGNX,19.160900115966797,19.160900115966797,19.160900115966797,19.125499725341797,19.125499725341797,4727.0
2024-03-01 10:21:00,MHUA,0.6899999976158142,0.6899999976158142,0.699999988079071,0.6899999976158142,0.699999988079071,486.0
2024-03-01 10:21:00,MIRM,29.075000762939453,29.075000762939453,29.09000015258789,29.049999237060547,29.059999465942383,2164.0
2024-03-01 10:21:00,MLTX,51.970001220703125,51.970001220703125,52.22999954223633,51.95000076293945,52.224998474121094,5490.0
2024-03-01 10:21:00,MNKD,4.485000133514404,4.485000133514404,4.48799991607666,4.460000038146973,4.460000038146973,22807.0
2024-03-01 10:21:00,MNMD,5.856800079345703,5.856800079345703,5.856800079345703,5.850100040435791,5.850100040435791,2702.0
2024-03-01 10:21:00,MNPR,0.7699999809265137,0.7699999809265137,0.7699999809265137,0.7699999809265137,0.7699999809265137,1000.0
2024-03-01 10:21:00,MORF,38.10749816894531,38.10749816894531,38.16999816894531,38.084999084472656,38.084999084472656,1087.0
2024-03-01 10:21:00,MOTS,0.6804999709129333,0.6804999709129333,0.6804999709129333,0.6804999709129333,0.6804999709129333,100.0
2024-03-01 10:21:00,MREO,3.9049999713897705,3.9049999713897705,3.9100000858306885,3.9049999713897705,3.9100000858306885,791.0
2024-03-01 10:21:00,MRNA,94.86000061035156,94.86000061035156,94.9000015258789,94.69499969482422,94.69499969482422,7446.0
2024-03-01 10:21:00,MRNS,9.739999771118164,9.739999771118164,9.739999771118164,9.729999542236328,9.729999542236328,416.0
2024-03-01 10:21:00,MRSN,6.050000190734863,6.050000190734863,6.054999828338623,6.040599822998047,6.045000076293945,9398.0
2024-03-01 10:21:00,MRUS,50.0,50.0,50.0,49.90999984741211,49.90999984741211,4915.0
2024-03-01 10:21:00,MRVI,7.739999771118164,7.739999771118164,7.739999771118164,7.71999979019165,7.71999979019165,1643.0
2024-03-01 10:21:00,MXCT,4.764999866485596,4.764999866485596,4.764999866485596,4.764999866485596,4.764999866485596,200.0
2024-03-01 10:21:00,MYGN,21.0,21.0,21.0,20.979999542236328,21.0,750.0
2024-03-01 10:21:00,NARI,45.2599983215332,45.2599983215332,45.525001525878906,45.2599983215332,45.525001525878906,5679.0
2024-03-01 10:21:00,NBIX,131.39500427246094,131.39500427246094,131.39500427246094,131.39500427246094,131.39500427246094,490.0
2024-03-01 10:21:00,NEO,15.800000190734863,15.800000190734863,15.819999694824219,15.779999732971191,15.819999694824219,3782.0
2024-03-01 10:21:00,NEOG,16.889999389648438,16.889999389648438,16.889999389648438,16.885000228881836,16.885000228881836,2985.0
2024-03-01 10:21:00,NGM,1.5300999879837036,1.5300999879837036,1.5300999879837036,1.5300999879837036,1.5300999879837036,1071.0
2024-03-01 10:21:00,NKTR,0.7250000238418579,0.7250000238418579,0.7299000024795532,0.7250000238418579,0.7299000024795532,1725.0
2024-03-01 10:21:00,NKTX,12.380000114440918,12.380000114440918,12.380000114440918,12.380000114440918,12.380000114440918,300.0
2024-03-01 10:21:00,NNOX,11.0600004196167,11.0600004196167,11.079000473022461,11.050000190734863,11.059900283813477,6609.0
2024-03-01 10:21:00,NOTV,7.586100101470947,7.586100101470947,7.586100101470947,7.586100101470947,7.586100101470947,413.0
2024-03-01 10:21:00,NRIX,13.095000267028809,13.095000267028809,13.100000381469727,13.09000015258789,13.09000015258789,816.0
2024-03-01 10:21:00,NRSN,2.0199999809265137,2.0199999809265137,2.0199999809265137,2.01990008354187,2.01990008354187,0.0
2024-03-01 10:21:00,NRXP,0.4348999857902527,0.4348999857902527,0.43970000743865967,0.4348999857902527,0.43970000743865967,2755.0
2024-03-01 10:21:00,NTLA,33.900001525878906,33.900001525878906,33.900001525878906,33.66999816894531,33.70000076293945,2784.0
2024-03-01 10:21:00,NTRA,89.36000061035156,89.36000061035156,89.36000061035156,89.2699966430664,89.2699966430664,4478.0
2024-03-01 10:21:00,NUTX,0.11400000005960464,0.11400000005960464,0.11400000005960464,0.11400000005960464,0.11400000005960464,1100.0
2024-03-01 10:21:00,NUVL,88.2699966430664,88.2699966430664,88.2699966430664,88.18000030517578,88.18000030517578,1045.0
2024-03-01 10:21:00,NUWE,0.5705999732017517,0.5705999732017517,0.5705999732017517,0.5705999732017517,0.5705999732017517,0.0
2024-03-01 10:21:00,NVAX,4.954999923706055,4.954999923706055,4.960000038146973,4.940000057220459,4.940000057220459,6745.0
2024-03-01 10:21:00,NVCR,15.40999984741211,15.40999984741211,15.40999984741211,15.40999984741211,15.40999984741211,200.0
2024-03-01 10:21:00,NXTC,1.725000023841858,1.725000023841858,1.725000023841858,1.725000023841858,1.725000023841858,100.0
2024-03-01 10:21:00,OCGN,0.9200000166893005,0.9200000166893005,0.9200000166893005,0.910099983215332,0.910099983215332,22173.0
2024-03-01 10:21:00,OCUL,10.234999656677246,10.234999656677246,10.239999771118164,10.21500015258789,10.21500015258789,3381.0
2024-03-01 10:21:00,OCUP,2.535399913787842,2.535399913787842,2.535399913787842,2.535399913787842,2.535399913787842,136.0
2024-03-01 10:21:00,OFIX,12.930000305175781,12.930000305175781,12.9399995803833,12.930000305175781,12.9399995803833,1544.0
2024-03-01 10:21:00,OGI,2.0601000785827637,2.0601000785827637,2.065000057220459,2.0601000785827637,2.065000057220459,0.0
2024-03-01 10:21:00,OLK,22.545000076293945,22.545000076293945,22.545000076293945,22.545000076293945,22.545000076293945,100.0
2024-03-01 10:21:00,OLMA,12.795000076293945,12.795000076293945,12.819999694824219,12.770000457763672,12.789999961853027,1672.0
2024-03-01 10:21:00,OM,3.0250000953674316,3.0250000953674316,3.0250000953674316,3.0199999809265137,3.0199999809265137,1394.0
2024-03-01 10:21:00,OMCL,26.309999465942383,26.309999465942383,26.309999465942383,26.309999465942383,26.309999465942383,484.0
2024-03-01 10:21:00,OMGA,4.110000133514404,4.110000133514404,4.110000133514404,4.105000019073486,4.105000019073486,345.0
2024-03-01 10:21:00,ONCY,1.0850000381469727,1.0850000381469727,1.0850000381469727,1.0850000381469727,1.0850000381469727,0.0
2024-03-01 10:22:00,ABCL,5.135900020599365,5.135900020599365,5.135900020599365,5.130099773406982,5.130099773406982,2242.0
2024-03-01 10:22:00,ABOS,4.699999809265137,4.699999809265137,4.699999809265137,4.699999809265137,4.699999809265137,940.0
2024-03-01 10:22:00,ABSI,5.159999847412109,5.159999847412109,5.159999847412109,5.159999847412109,5.159999847412109,300.0
2024-03-01 10:22:00,ABUS,2.7699999809265137,2.7699999809265137,2.7699999809265137,2.7699999809265137,2.7699999809265137,268.0
2024-03-01 10:22:00,ACAD,23.860000610351562,23.860000610351562,23.899999618530273,23.860000610351562,23.899999618530273,4242.0
2024-03-01 10:22:00,ACB,3.030100107192993,3.030100107192993,3.0350000858306885,3.0299999713897705,3.0350000858306885,2129.0
2024-03-01 10:22:00,ACCD,10.199999809265137,10.199999809265137,10.208700180053711,10.199999809265137,10.208700180053711,369.0
2024-03-01 10:22:00,ACET,2.309999942779541,2.309999942779541,2.315000057220459,2.309999942779541,2.309999942779541,2560.0
2024-03-01 10:22:00,ACHC,83.37000274658203,83.37000274658203,83.37000274658203,83.37000274658203,83.37000274658203,546.0
2024-03-01 10:22:00,ACLX,69.2699966430664,69.2699966430664,69.43000030517578,69.2699966430664,69.43000030517578,1382.0
2024-03-01 10:22:00,ACRS,1.2400000095367432,1.2400000095367432,1.2400000095367432,1.2400000095367432,1.2400000095367432,10792.0
2024-03-01 10:22:00,ADAP,1.5700000524520874,1.5700000524520874,1.590000033378601,1.5700000524520874,1.590000033378601,10430.0
2024-03-01 10:22:00,ADIL,3.365000009536743,3.365000009536743,3.4000000953674316,3.299999952316284,3.3499999046325684,197825.0
2024-03-01 10:22:00,ADMA,5.375,5.375,5.375,5.375,5.375,205.0
2024-03-01 10:22:00,ADPT,4.125,4.125,4.130000114440918,4.125,4.130000114440918,704.0
2024-03-01 10:22:00,ADUS,92.41000366210938,92.41000366210938,92.41000366210938,92.41000366210938,92.41000366210938,281.0
2024-03-01 10:22:00,ADVM,1.968000054359436,1.968000054359436,1.968000054359436,1.965000033378601,1.965000033378601,471.0
2024-03-01 10:22:00,AGEN,0.6650999784469604,0.6650999784469604,0.6650999784469604,0.6650000214576721,0.6650999784469604,32485.0
2024-03-01 10:22:00,AGIO,32.724998474121094,32.724998474121094,32.75,32.650001525878906,32.650001525878906,2161.0
2024-03-01 10:22:00,AHCO,10.630000114440918,10.630000114440918,10.649999618530273,10.630000114440918,10.649999618530273,1623.0
2024-03-01 10:22:00,AIMD,0.9599000215530396,0.9599000215530396,0.9599999785423279,0.949999988079071,0.949999988079071,1349.0
2024-03-01 10:22:00,AKAN,0.26829999685287476,0.26829999685287476,0.26829999685287476,0.26829999685287476,0.26829999685287476,501.0
2024-03-01 10:22:00,AKBA,1.6699999570846558,1.6699999570846558,1.6699999570846558,1.659999966621399,1.6649999618530273,5045.0
2024-03-01 10:22:00,AKLI,0.34299999475479126,0.34299999475479126,0.34299999475479126,0.34299999475479126,0.34299999475479126,210.0
2024-03-01 10:22:00,AKRO,28.049999237060547,28.049999237060547,28.204999923706055,28.0,28.200000762939453,2918.0
2024-03-01 10:22:00,ALDX,4.074999809265137,4.074999809265137,4.074999809265137,4.074999809265137,4.074999809265137,1116.0
2024-03-01 10:22:00,ALGN,298.409912109375,298.409912109375,298.5,298.0849914550781,298.25,1515.0
2024-03-01 10:22:00,ALHC,5.809999942779541,5.809999942779541,5.849999904632568,5.800000190734863,5.840000152587891,6850.0
2024-03-01 10:22:00,ALKS,30.030000686645508,30.030000686645508,30.030000686645508,30.014999389648438,30.024999618530273,2406.0
2024-03-01 10:22:00,ALLK,1.587499976158142,1.587499976158142,1.590000033378601,1.587499976158142,1.590000033378601,400.0
2024-03-01 10:22:00,ALLO,5.012400150299072,5.012400150299072,5.035999774932861,5.012400150299072,5.035999774932861,4030.0
2024-03-01 10:22:00,ALNY,152.81500244140625,152.81500244140625,152.85000610351562,152.81500244140625,152.81500244140625,795.0
2024-03-01 10:22:00,ALPN,36.22999954223633,36.22999954223633,36.255001068115234,36.189998626708984,36.2400016784668,4485.0
2024-03-01 10:22:00,ALT,12.300700187683105,12.300700187683105,12.300700187683105,12.289999961853027,12.29990005493164,8359.0
2024-03-01 10:22:00,ALVO,15.654999732971191,15.654999732971191,15.654999732971191,15.654999732971191,15.654999732971191,200.0
2024-03-01 10:22:00,ALVR,0.7421000003814697,0.7421000003814697,0.7421000003814697,0.7421000003814697,0.7421000003814697,20.0
2024-03-01 10:22:00,ALZN,0.9100000262260437,0.9100000262260437,0.9100000262260437,0.9100000262260437,0.9100000262260437,134.0
2024-03-01 10:22:00,AMED,93.43000030517578,93.43000030517578,93.43000030517578,93.43000030517578,93.43000030517578,272.0
2024-03-01 10:22:00,AMGN,279.5799865722656,279.5799865722656,279.5899963378906,279.2250061035156,279.2250061035156,5828.0
2024-03-01 10:22:00,AMLX,18.93000030517578,18.93000030517578,18.93000030517578,18.93000030517578,18.93000030517578,756.0
2024-03-01 10:22:00,AMPH,46.02000045776367,46.02000045776367,46.279998779296875,45.9900016784668,46.25,6529.0
2024-03-01 10:22:00,AMRN,1.034999966621399,1.034999966621399,1.038699984550476,1.0299999713897705,1.034999966621399,161.0
2024-03-01 10:22:00,ANAB,25.399999618530273,25.399999618530273,25.399999618530273,25.399999618530273,25.399999618530273,189.0
2024-03-01 10:22:00,ANEB,2.799999952316284,2.799999952316284,2.799999952316284,2.799999952316284,2.799999952316284,0.0
2024-03-01 10:22:00,ANGO,5.329999923706055,5.329999923706055,5.329999923706055,5.329999923706055,5.329999923706055,803.0
2024-03-01 10:22:00,ANNX,5.880000114440918,5.880000114440918,5.900000095367432,5.860000133514404,5.900000095367432,4246.0
2024-03-01 10:22:00,ANTX,2.940000057220459,2.940000057220459,2.944999933242798,2.940000057220459,2.944999933242798,208.0
2024-03-01 10:22:00,APLS,62.65999984741211,62.65999984741211,62.665000915527344,62.65999984741211,62.65999984741211,1224.0
2024-03-01 10:22:00,APLT,7.426799774169922,7.426799774169922,7.440000057220459,7.389999866485596,7.412700176239014,24393.0
2024-03-01 10:22:00,AQST,4.224999904632568,4.224999904632568,4.224999904632568,4.199999809265137,4.204999923706055,5174.0
2024-03-01 10:22:00,ARCT,40.209999084472656,40.209999084472656,40.220001220703125,40.209999084472656,40.220001220703125,301.0
2024-03-01 10:22:00,ARDX,9.68019962310791,9.68019962310791,9.70009994506836,9.680000305175781,9.70009994506836,6152.0
2024-03-01 10:22:00,ARGX,383.9949951171875,383.9949951171875,383.9949951171875,383.875,383.875,5210.0
2024-03-01 10:22:00,ARQT,10.819999694824219,10.819999694824219,10.819999694824219,10.750900268554688,10.789999961853027,5852.0
2024-03-01 10:22:00,ARVN,50.86000061035156,50.86000061035156,51.099998474121094,50.86000061035156,51.099998474121094,2376.0
2024-03-01 10:22:00,ARWR,34.90999984741211,34.90999984741211,34.98500061035156,34.880001068115234,34.98500061035156,2173.0
2024-03-01 10:22:00,ASND,148.49000549316406,148.49000549316406,148.63999938964844,148.49000549316406,148.4949951171875,306.0
2024-03-01 10:22:00,ATAI,1.965000033378601,1.965000033378601,1.965000033378601,1.965000033378601,1.965000033378601,601.0
2024-03-01 10:22:00,ATEC,13.260000228881836,13.260000228881836,13.265000343322754,13.260000228881836,13.265000343322754,973.0
2024-03-01 10:22:00,ATOS,0.9901000261306763,0.9901000261306763,0.9948999881744385,0.9901000261306763,0.9948999881744385,0.0
2024-03-01 10:22:00,ATRA,0.8073999881744385,0.8073999881744385,0.8098000288009644,0.8073999881744385,0.8098000288009644,576.0
2024-03-01 10:22:00,ATRC,35.470001220703125,35.470001220703125,35.470001220703125,35.470001220703125,35.470001220703125,133.0
2024-03-01 10:22:00,ATXS,15.039999961853027,15.039999961853027,15.050000190734863,15.039999961853027,15.050000190734863,502.0
2024-03-01 10:22:00,AUPH,5.755000114440918,5.755000114440918,5.760000228881836,5.75,5.760000228881836,3798.0
2024-03-01 10:22:00,AURA,9.220000267028809,9.220000267028809,9.220000267028809,9.220000267028809,9.220000267028809,200.0
2024-03-01 10:22:00,AVDL,12.78499984741211,12.78499984741211,12.78499984741211,12.78499984741211,12.78499984741211,128.0
2024-03-01 10:22:00,AVGR,3.755000114440918,3.755000114440918,3.755000114440918,3.755000114440918,3.755000114440918,89.0
2024-03-01 10:22:00,AVTE,22.43000030517578,22.43000030517578,22.670000076293945,22.280000686645508,22.510000228881836,3069.0
2024-03-01 10:22:00,AVXL,5.25,5.25,5.25600004196167,5.25,5.25600004196167,1248.0
2024-03-01 10:22:00,AXNX,67.55000305175781,67.55000305175781,67.55000305175781,67.55000305175781,67.55000305175781,870.0
2024-03-01 10:22:00,AZN,64.40499877929688,64.40499877929688,64.43499755859375,64.40499877929688,64.43000030517578,7480.0
2024-03-01 10:22:00,AZTA,65.98500061035156,65.98500061035156,65.98500061035156,65.91999816894531,65.91999816894531,482.0
2024-03-01 10:22:00,BBIO,36.22999954223633,36.22999954223633,36.22999954223633,36.119998931884766,36.16999816894531,2505.0
2024-03-01 10:22:00,BCDA,0.5501000285148621,0.5501000285148621,0.5501000285148621,0.5501000285148621,0.5501000285148621,100.0
2024-03-01 10:22:00,BCEL,0.2718999981880188,0.2718999981880188,0.2718999981880188,0.2685000002384186,0.2685000002384186,1382.0
2024-03-01 10:22:00,BCRX,5.739999771118164,5.739999771118164,5.744999885559082,5.734000205993652,5.741300106048584,3369.0
2024-03-01 10:22:00,BEAM,41.17499923706055,41.17499923706055,41.2598991394043,41.17499923706055,41.220001220703125,3162.0
2024-03-01 10:22:00,BGNE,165.56500244140625,165.56500244140625,165.64999389648438,165.56500244140625,165.61000061035156,1562.0
2024-03-01 10:22:00,BIIB,219.1999969482422,219.1999969482422,219.1999969482422,219.1999969482422,219.1999969482422,1191.0
2024-03-01 10:22:00,BIOR,1.2472000122070312,1.2472000122070312,1.2472000122070312,1.2308000326156616,1.2308000326156616,1001.0
2024-03-01 10:22:00,BIVI,2.7399001121520996,2.7399001121520996,2.75,2.700000047683716,2.7383999824523926,192492.0
2024-03-01 10:22:00,BJDX,0.7799999713897705,0.7799999713897705,0.7799999713897705,0.7799999713897705,0.7799999713897705,650.0
2024-03-01 10:22:00,BLFS,17.850000381469727,17.850000381469727,17.860000610351562,17.850000381469727,17.854999542236328,724.0
2024-03-01 10:22:00,BLUE,1.625,1.625,1.6398999691009521,1.6208000183105469,1.6299999952316284,26412.0
2024-03-01 10:22:00,BMRN,86.18499755859375,86.18499755859375,86.19999694824219,86.18000030517578,86.19999694824219,4295.0
2024-03-01 10:22:00,BNGO,1.2350000143051147,1.2350000143051147,1.2350000143051147,1.2350000143051147,1.2350000143051147,500.0
2024-03-01 10:22:00,BTAI,3.184999942779541,3.184999942779541,3.190000057220459,3.184999942779541,3.190000057220459,1172.0
2024-03-01 10:22:00,BTMD,6.079999923706055,6.079999923706055,6.079999923706055,6.079999923706055,6.079999923706055,25.0
2024-03-01 10:22:00,BTTX,0.16110000014305115,0.16110000014305115,0.16110000014305115,0.16110000014305115,0.16110000014305115,446.0
2024-03-01 10:22:00,CABA,24.28499984741211,24.28499984741211,24.28499984741211,24.28499984741211,24.28499984741211,359.0
2024-03-01 10:22:00,CADL,1.8250000476837158,1.8250000476837158,1.8250000476837158,1.8250000476837158,1.8250000476837158,0.0
2024-03-01 10:22:00,CARA,0.8598999977111816,0.8598999977111816,0.8598999977111816,0.8598999977111816,0.8598999977111816,0.0
2024-03-01 10:22:00,CBAY,32.23500061035156,32.23500061035156,32.23500061035156,32.22999954223633,32.22999954223633,2036.0
2024-03-01 10:22:00,CCCC,10.979999542236328,10.979999542236328,11.015000343322754,10.970000267028809,11.010000228881836,3204.0
2024-03-01 10:22:00,CDMO,7.862500190734863,7.862500190734863,7.862500190734863,7.855000019073486,7.855000019073486,460.0
2024-03-01 10:22:00,CDNA,12.100099563598633,12.100099563598633,12.100099563598633,12.100099563598633,12.100099563598633,622.0
2024-03-01 10:22:00,CDXS,4.300000190734863,4.300000190734863,4.300000190734863,4.291299819946289,4.295000076293945,1618.0
2024-03-01 10:22:00,CERE,41.20000076293945,41.20000076293945,41.20000076293945,41.19499969482422,41.20000076293945,727.0
2024-03-01 10:22:00,CERT,17.825000762939453,17.825000762939453,17.829999923706055,17.825000762939453,17.829999923706055,1274.0
2024-03-01 10:22:00,CGC,3.174999952316284,3.174999952316284,3.188699960708618,3.174999952316284,3.180000066757202,12802.0
2024-03-01 10:22:00,CGEM,19.0,19.0,19.0,18.940000534057617,18.950000762939453,2568.0
2024-03-01 10:22:00,CHRS,2.309999942779541,2.309999942779541,2.319999933242798,2.305000066757202,2.319999933242798,3526.0
2024-03-01 10:22:00,CING,1.2798999547958374,1.2798999547958374,1.2799999713897705,1.2599999904632568,1.2690999507904053,5234.0
2024-03-01 10:22:00,CLDX,51.81999969482422,51.81999969482422,51.95000076293945,51.779998779296875,51.89500045776367,7407.0
2024-03-01 10:22:00,CLNN,0.39500001072883606,0.39500001072883606,0.39500001072883606,0.39500001072883606,0.39500001072883606,15.0
2024-03-01 10:22:00,CLOV,0.866100013256073,0.866100013256073,0.8666999936103821,0.8659999966621399,0.8659999966621399,2429.0
2024-03-01 10:22:00,CLPT,6.5,6.5,6.5,6.5,6.5,682.0
2024-03-01 10:22:00,CLRB,4.010000228881836,4.010000228881836,4.010000228881836,4.010000228881836,4.010000228881836,3007.0
2024-03-01 10:22:00,CMMB,0.6499999761581421,0.6499999761581421,0.6499999761581421,0.6499999761581421,0.6499999761581421,183.0
2024-03-01 10:22:00,CMPS,10.640000343322754,10.640000343322754,10.640000343322754,10.640000343322754,10.640000343322754,194.0
2024-03-01 10:22:00,COGT,7.360000133514404,7.360000133514404,7.360000133514404,7.360000133514404,7.360000133514404,499.0
2024-03-01 10:22:00,CORT,23.75,23.75,23.859399795532227,23.734800338745117,23.859399795532227,2831.0
2024-03-01 10:22:00,COSM,0.7524999976158142,0.7524999976158142,0.7524999976158142,0.7524999976158142,0.7524999976158142,900.0
2024-03-01 10:22:00,CPRX,16.760000228881836,16.760000228881836,16.799999237060547,16.729999542236328,16.799999237060547,7004.0
2024-03-01 10:22:00,CRBU,8.109999656677246,8.109999656677246,8.109999656677246,8.074999809265137,8.085000038146973,3495.0
2024-03-01 10:22:00,CRDF,2.5906999111175537,2.5906999111175537,2.6600000858306885,2.559999942779541,2.5889999866485596,316355.0
2024-03-01 10:22:00,CRDL,1.9903000593185425,1.9903000593185425,1.9903000593185425,1.9903000593185425,1.9903000593185425,0.0
2024-03-01 10:22:00,CRMD,3.6549999713897705,3.6549999713897705,3.6600000858306885,3.6549999713897705,3.6600000858306885,432.0
2024-03-01 10:22:00,CRNX,44.939998626708984,44.939998626708984,45.02000045776367,44.939998626708984,45.0,2259.0
2024-03-01 10:22:00,CRON,2.0350000858306885,2.0350000858306885,2.0399999618530273,2.030900001525879,2.0399999618530273,15719.0
2024-03-01 10:22:00,CRSP,86.83999633789062,86.83999633789062,86.98999786376953,86.7750015258789,86.98999786376953,2042.0
2024-03-01 10:22:00,CRVS,2.1891000270843506,2.1891000270843506,2.1891000270843506,2.1891000270843506,2.1891000270843506,402.0
2024-03-01 10:22:00,CSTL,19.760000228881836,19.760000228881836,19.76289939880371,19.760000228881836,19.76289939880371,359.0
2024-03-01 10:22:00,CTKB,8.0,8.0,8.0,8.0,8.0,343.0
2024-03-01 10:22:00,CTMX,2.4800000190734863,2.4800000190734863,2.490000009536743,2.4800000190734863,2.484999895095825,1411.0
2024-03-01 10:22:00,CTXR,0.7710999846458435,0.7710999846458435,0.7900000214576721,0.7710999846458435,0.7900000214576721,743.0
2024-03-01 10:22:00,CVAC,3.4700000286102295,3.4700000286102295,3.4749999046325684,3.4649999141693115,3.4649999141693115,1893.0
2024-03-01 10:22:00,CYTK,74.5999984741211,74.5999984741211,74.83000183105469,74.55999755859375,74.83000183105469,4124.0
2024-03-01 10:22:00,DARE,0.5799000263214111,0.5799000263214111,0.5799000263214111,0.5799000263214111,0.5799000263214111,319.0
2024-03-01 10:22:00,DCGO,4.059999942779541,4.059999942779541,4.065000057220459,4.059999942779541,4.065000057220459,1037.0
2024-03-01 10:22:00,DH,9.09000015258789,9.09000015258789,9.09000015258789,9.09000015258789,9.09000015258789,401.0
2024-03-01 10:22:00,DMTK,0.8399999737739563,0.8399999737739563,0.8500000238418579,0.8300999999046326,0.8500000238418579,5354.0
2024-03-01 10:22:00,DNLI,20.75,20.75,20.75,20.729999542236328,20.75,2079.0
2024-03-01 10:22:00,DSGN,2.865000009536743,2.865000009536743,2.865000009536743,2.859999895095825,2.859999895095825,851.0
2024-03-01 10:22:00,DTIL,13.125,13.125,13.125,13.125,13.125,259.0
2024-03-01 10:22:00,DXCM,116.79000091552734,116.79000091552734,116.95999908447266,116.79000091552734,116.86000061035156,9145.0
2024-03-01 10:22:00,DYN,30.020000457763672,30.020000457763672,30.268699645996094,29.989999771118164,30.1299991607666,7304.0
2024-03-01 10:22:00,EDIT,10.814200401306152,10.814200401306152,10.819999694824219,10.779999732971191,10.779999732971191,5503.0
2024-03-01 10:22:00,ELEV,4.949999809265137,4.949999809265137,4.949999809265137,4.920100212097168,4.949999809265137,8752.0
2024-03-01 10:22:00,EMBC,14.470000267028809,14.470000267028809,14.470000267028809,14.470000267028809,14.470000267028809,301.0
2024-03-01 10:22:00,ENTA,14.779999732971191,14.779999732971191,14.779999732971191,14.774999618530273,14.774999618530273,460.0
2024-03-01 10:22:00,ENTX,1.340000033378601,1.340000033378601,1.340999960899353,1.340000033378601,1.340999960899353,1357.0
2024-03-01 10:22:00,ENVB,1.7000000476837158,1.7000000476837158,1.7400000095367432,1.6799999475479126,1.7350000143051147,70930.0
2024-03-01 10:22:00,EOLS,14.859999656677246,14.859999656677246,14.890000343322754,14.859999656677246,14.890000343322754,2083.0
2024-03-01 10:22:00,ERAS,2.4649999141693115,2.4649999141693115,2.4649999141693115,2.4649999141693115,2.4649999141693115,117.0
2024-03-01 10:22:00,ESPR,2.494999885559082,2.494999885559082,2.509999990463257,2.4800000190734863,2.509999990463257,30128.0
2024-03-01 10:22:00,ESTA,45.86000061035156,45.86000061035156,45.86000061035156,45.72999954223633,45.72999954223633,594.0
2024-03-01 10:22:00,ETNB,12.845000267028809,12.845000267028809,12.89900016784668,12.84000015258789,12.89900016784668,2167.0
2024-03-01 10:22:00,EVO,7.400000095367432,7.400000095367432,7.400000095367432,7.400000095367432,7.400000095367432,1200.0
2024-03-01 10:22:00,EXAS,59.32500076293945,59.32500076293945,59.36000061035156,59.310001373291016,59.36000061035156,4566.0
2024-03-01 10:22:00,EXEL,22.485000610351562,22.485000610351562,22.489900588989258,22.454999923706055,22.459999084472656,4012.0
2024-03-01 10:22:00,FATE,7.4857001304626465,7.4857001304626465,7.510000228881836,7.480000019073486,7.505499839782715,4802.0
2024-03-01 10:22:00,FDMT,29.899999618530273,29.899999618530273,29.90999984741211,29.834999084472656,29.899999618530273,2370.0
2024-03-01 10:22:00,FGEN,1.7100000381469727,1.7100000381469727,1.7100000381469727,1.7100000381469727,1.7100000381469727,1374.0
2024-03-01 10:22:00,FOLD,13.5,13.5,13.510000228881836,13.5,13.510000228881836,511.0
2024-03-01 10:22:00,FULC,10.550000190734863,10.550000190734863,10.625,10.550000190734863,10.619999885559082,2597.0
2024-03-01 10:22:00,FUSN,12.210000038146973,12.210000038146973,12.220000267028809,12.210000038146973,12.220000267028809,1132.0
2024-03-01 10:22:00,GCTK,0.29989999532699585,0.29989999532699585,0.30000001192092896,0.2994999885559082,0.2994999885559082,400.0
2024-03-01 10:22:00,GDRX,8.34000015258789,8.34000015258789,8.354999542236328,8.329999923706055,8.354999542236328,4087.0
2024-03-01 10:22:00,GERN,2.109999895095825,2.109999895095825,2.109999895095825,2.1050000190734863,2.1098999977111816,3517.0
2024-03-01 10:22:00,GH,19.09000015258789,19.09000015258789,19.1200008392334,19.09000015258789,19.1200008392334,360.0
2024-03-01 10:22:00,GILD,72.43000030517578,72.43000030517578,72.46309661865234,72.41999816894531,72.41999816894531,4102.0
2024-03-01 10:22:00,GLPG,34.98099899291992,34.98099899291992,34.98099899291992,34.98099899291992,34.98099899291992,525.0
2024-03-01 10:22:00,GLYC,2.930000066757202,2.930000066757202,2.9300999641418457,2.930000066757202,2.9300999641418457,1110.0
2024-03-01 10:22:00,GOSS,1.3450000286102295,1.3450000286102295,1.3450000286102295,1.3450000286102295,1.3450000286102295,200.0
2024-03-01 10:22:00,GRFS,6.920000076293945,6.920000076293945,6.974999904632568,6.920000076293945,6.974999904632568,3408.0
2024-03-01 10:22:00,GRTS,2.119999885559082,2.119999885559082,2.119999885559082,2.100100040435791,2.109999895095825,8960.0
2024-03-01 10:22:00,GTHX,3.444999933242798,3.444999933242798,3.449199914932251,3.434999942779541,3.444999933242798,5622.0
2024-03-01 10:22:00,HALO,41.112701416015625,41.112701416015625,41.130001068115234,41.112701416015625,41.130001068115234,841.0
2024-03-01 10:22:00,HARP,22.950000762939453,22.950000762939453,22.950000762939453,22.940000534057617,22.940000534057617,3901.0
2024-03-01 10:22:00,HCAT,8.024999618530273,8.024999618530273,8.024999618530273,8.024999618530273,8.024999618530273,362.0
2024-03-01 10:22:00,HCSG,12.670000076293945,12.670000076293945,12.670000076293945,12.664999961853027,12.664999961853027,205.0
2024-03-01 10:22:00,HCTI,2.359999895095825,2.359999895095825,2.359999895095825,2.3499999046325684,2.3499999046325684,800.0
2024-03-01 10:22:00,HITI,1.75,1.75,1.7999999523162842,1.75,1.7699999809265137,16933.0
2024-03-01 10:22:00,HLTH,0.26350000500679016,0.26350000500679016,0.26350000500679016,0.26350000500679016,0.26350000500679016,807.0
2024-03-01 10:22:00,HLVX,18.864999771118164,18.864999771118164,18.864999771118164,18.864999771118164,18.864999771118164,224.0
2024-03-01 10:22:00,HOLX,73.6500015258789,73.6500015258789,73.66999816894531,73.6500015258789,73.65499877929688,932.0
2024-03-01 10:22:00,HOOK,0.7827000021934509,0.7827000021934509,0.7828999757766724,0.7827000021934509,0.7828999757766724,814.0
2024-03-01 10:22:00,HQY,82.31999969482422,82.31999969482422,82.37000274658203,82.31999969482422,82.31999969482422,410.0
2024-03-01 10:22:00,HRMY,31.219999313354492,31.219999313354492,31.219999313354492,31.219999313354492,31.219999313354492,781.0
2024-03-01 10:22:00,HROW,10.778499603271484,10.778499603271484,10.778499603271484,10.778499603271484,10.778499603271484,361.0
2024-03-01 10:22:00,HRTX,2.6549999713897705,2.6549999713897705,2.6600000858306885,2.6500000953674316,2.6593000888824463,7077.0
2024-03-01 10:22:00,HSDT,4.630000114440918,4.630000114440918,4.630000114440918,4.630000114440918,4.630000114440918,281.0
2024-03-01 10:22:00,HSIC,77.37999725341797,77.37999725341797,77.44000244140625,77.30999755859375,77.44000244140625,1476.0
2024-03-01 10:22:00,HSTM,27.540000915527344,27.540000915527344,27.540000915527344,27.53499984741211,27.53499984741211,682.0
2024-03-01 10:22:00,HUMA,3.177500009536743,3.177500009536743,3.1796000003814697,3.1700000762939453,3.1700000762939453,66674.0
2024-03-01 10:22:00,IART,36.59000015258789,36.59000015258789,36.59000015258789,36.54499816894531,36.55609893798828,2783.0
2024-03-01 10:22:00,IBRX,4.81879997253418,4.81879997253418,4.840000152587891,4.815499782562256,4.839900016784668,4106.0
2024-03-01 10:22:00,ICCC,5.210000038146973,5.210000038146973,5.210000038146973,5.210000038146973,5.210000038146973,105.0
2024-03-01 10:22:00,ICLR,324.3599853515625,324.3599853515625,324.3900146484375,324.3599853515625,324.3900146484375,460.0
2024-03-01 10:22:00,IDXX,571.2849731445312,571.2849731445312,571.2849731445312,571.2849731445312,571.2849731445312,139.0
2024-03-01 10:22:00,IDYA,46.06999969482422,46.06999969482422,46.11000061035156,46.06999969482422,46.099998474121094,1461.0
2024-03-01 10:22:00,IGMS,13.399999618530273,13.399999618530273,13.399999618530273,13.399999618530273,13.399999618530273,209.0
2024-03-01 10:22:00,ILMN,138.60000610351562,138.60000610351562,138.80499267578125,138.60000610351562,138.72000122070312,1104.0
2024-03-01 10:22:00,IMCR,68.4800033569336,68.4800033569336,68.5,68.41999816894531,68.43000030517578,818.0
2024-03-01 10:22:00,IMNN,1.0299999713897705,1.0299999713897705,1.0299999713897705,1.024999976158142,1.024999976158142,2624.0
2024-03-01 10:22:00,IMTX,13.020000457763672,13.020000457763672,13.085000038146973,13.0,13.085000038146973,2068.0
2024-03-01 10:22:00,IMVT,36.630001068115234,36.630001068115234,36.630001068115234,36.630001068115234,36.630001068115234,311.0
2024-03-01 10:22:00,INBX,36.84000015258789,36.84000015258789,36.84000015258789,36.84000015258789,36.84000015258789,218.0
2024-03-01 10:22:00,INCY,58.775001525878906,58.775001525878906,58.83000183105469,58.77000045776367,58.83000183105469,2256.0
2024-03-01 10:22:00,INMD,22.510000228881836,22.510000228881836,22.520000457763672,22.510000228881836,22.520000457763672,2077.0
2024-03-01 10:22:00,INO,8.920000076293945,8.920000076293945,8.95989990234375,8.920000076293945,8.95989990234375,2469.0
2024-03-01 10:22:00,INSM,28.3700008392334,28.3700008392334,28.454999923706055,28.344999313354492,28.454999923706055,2435.0
2024-03-01 10:22:00,INZY,6.53000020980835,6.53000020980835,6.53000020980835,6.53000020980835,6.53000020980835,485.0
2024-03-01 10:22:00,IONS,45.58000183105469,45.58000183105469,45.58000183105469,45.58000183105469,45.58000183105469,868.0
2024-03-01 10:22:00,IOVA,16.93000030517578,16.93000030517578,16.934999465942383,16.920000076293945,16.924999237060547,9671.0
2024-03-01 10:22:00,IRTC,118.16000366210938,118.16000366210938,118.16000366210938,118.16000366210938,118.16000366210938,235.0
2024-03-01 10:22:00,IRWD,8.904999732971191,8.904999732971191,8.930000305175781,8.899999618530273,8.930000305175781,20423.0
2024-03-01 10:22:00,ISRG,388.0199890136719,388.0199890136719,388.69000244140625,387.8999938964844,388.69000244140625,6003.0
2024-03-01 10:22:00,ITCI,71.5999984741211,71.5999984741211,71.62999725341797,71.55999755859375,71.5999984741211,3738.0
2024-03-01 10:22:00,ITOS,10.729999542236328,10.729999542236328,10.739999771118164,10.729999542236328,10.739999771118164,1300.0
2024-03-01 10:22:00,IVVD,3.9600000381469727,3.9600000381469727,3.9600000381469727,3.9600000381469727,3.9600000381469727,1201.0
2024-03-01 10:22:00,JAGX,0.10000000149011612,0.10000000149011612,0.10050000250339508,0.09120000153779984,0.09189999848604202,3800391.0
2024-03-01 10:22:00,JANX,46.720001220703125,46.720001220703125,47.06999969482422,46.47999954223633,47.06999969482422,907.0
2024-03-01 10:22:00,JAZZ,120.20999908447266,120.20999908447266,120.31500244140625,120.20999908447266,120.31500244140625,462.0
2024-03-01 10:22:00,KALA,7.289999961853027,7.289999961853027,7.289999961853027,7.289999961853027,7.289999961853027,786.0
2024-03-01 10:22:00,KNSA,21.93000030517578,21.93000030517578,21.949899673461914,21.899999618530273,21.949899673461914,581.0
2024-03-01 10:22:00,KOD,6.019999980926514,6.019999980926514,6.03000020980835,6.019999980926514,6.019999980926514,786.0
2024-03-01 10:22:00,KPTI,1.1749999523162842,1.1749999523162842,1.1749999523162842,1.1700999736785889,1.1700999736785889,0.0
2024-03-01 10:22:00,KRYS,166.78500366210938,166.78500366210938,166.78500366210938,166.78500366210938,166.78500366210938,273.0
2024-03-01 10:22:00,KTRA,0.10289999842643738,0.10289999842643738,0.10289999842643738,0.10270000249147415,0.10270000249147415,769.0
2024-03-01 10:22:00,KURA,21.270000457763672,21.270000457763672,21.270000457763672,21.270000457763672,21.270000457763672,128.0
2024-03-01 10:22:00,KYMR,43.66999816894531,43.66999816894531,43.86000061035156,43.599998474121094,43.654998779296875,16584.0
2024-03-01 10:22:00,KZR,1.1100000143051147,1.1100000143051147,1.1100000143051147,1.1100000143051147,1.1100000143051147,3778.0
2024-03-01 10:22:00,LAB,2.309999942779541,2.309999942779541,2.309999942779541,2.309999942779541,2.309999942779541,338.0
2024-03-01 10:22:00,LEGN,65.86000061035156,65.86000061035156,65.93499755859375,65.86000061035156,65.93499755859375,1580.0
2024-03-01 10:22:00,LEXX,2.3759000301361084,2.3759000301361084,2.3759000301361084,2.3759000301361084,2.3759000301361084,350.0
2024-03-01 10:22:00,LFMD,8.02400016784668,8.02400016784668,8.02400016784668,8.02400016784668,8.02400016784668,288.0
2024-03-01 10:22:00,LFST,8.0600004196167,8.0600004196167,8.085000038146973,8.045000076293945,8.045000076293945,16884.0
2024-03-01 10:22:00,LGND,80.6500015258789,80.6500015258789,80.6500015258789,80.6500015258789,80.6500015258789,559.0
2024-03-01 10:22:00,LIVN,54.560001373291016,54.560001373291016,54.58000183105469,54.560001373291016,54.58000183105469,287.0
2024-03-01 10:22:00,LMAT,68.1500015258789,68.1500015258789,68.1500015258789,68.1500015258789,68.1500015258789,110.0
2024-03-01 10:22:00,LNSR,4.869900226593018,4.869900226593018,4.869900226593018,4.869900226593018,4.869900226593018,790.0
2024-03-01 10:22:00,LQDA,14.385700225830078,14.385700225830078,14.385700225830078,14.385700225830078,14.385700225830078,286.0
2024-03-01 10:22:00,LTRN,4.684999942779541,4.684999942779541,4.684999942779541,4.684999942779541,4.684999942779541,954.0
2024-03-01 10:22:00,LVTX,3.0899999141693115,3.0899999141693115,3.0999999046325684,3.059999942779541,3.069999933242798,3142.0
2024-03-01 10:22:00,LXRX,2.4296000003814697,2.4296000003814697,2.4400999546051025,2.4296000003814697,2.4400999546051025,12873.0
2024-03-01 10:22:00,LYEL,3.109999895095825,3.109999895095825,3.109999895095825,3.109999895095825,3.109999895095825,158.0
2024-03-01 10:22:00,LYRA,5.5,5.5,5.531799793243408,5.5,5.531799793243408,2610.0
2024-03-01 10:22:00,MASI,126.68499755859375,126.68499755859375,126.68499755859375,126.68499755859375,126.68499755859375,115.0
2024-03-01 10:22:00,MCRB,1.1749999523162842,1.1749999523162842,1.1749999523162842,1.1699999570846558,1.1749999523162842,12734.0
2024-03-01 10:22:00,MDRX,5.980000019073486,5.980000019073486,5.980000019073486,5.900000095367432,5.900000095367432,19019.0
2024-03-01 10:22:00,MDXG,8.505000114440918,8.505000114440918,8.515000343322754,8.5,8.515000343322754,2347.0
2024-03-01 10:22:00,ME,0.574999988079071,0.574999988079071,0.574999988079071,0.5737000107765198,0.5738000273704529,70754.0
2024-03-01 10:22:00,MEDP,399.6499938964844,399.6499938964844,399.739990234375,399.6499938964844,399.739990234375,1031.0
2024-03-01 10:22:00,MGNX,19.09079933166504,19.09079933166504,19.139999389648438,19.06999969482422,19.1299991607666,2234.0
2024-03-01 10:22:00,MHUA,0.6898999810218811,0.6898999810218811,0.6898999810218811,0.6898999810218811,0.6898999810218811,210.0
2024-03-01 10:22:00,MIRM,29.079999923706055,29.079999923706055,29.110000610351562,29.059999465942383,29.100000381469727,1312.0
2024-03-01 10:22:00,MLTX,52.32500076293945,52.32500076293945,52.32500076293945,51.810001373291016,51.95000076293945,9358.0
2024-03-01 10:22:00,MMSI,75.8550033569336,75.8550033569336,75.9000015258789,75.8550033569336,75.9000015258789,632.0
2024-03-01 10:22:00,MNKD,4.480000019073486,4.480000019073486,4.485000133514404,4.480000019073486,4.485000133514404,9708.0
2024-03-01 10:22:00,MNMD,5.860000133514404,5.860000133514404,5.860000133514404,5.860000133514404,5.860000133514404,214.0
2024-03-01 10:22:00,MNPR,0.7767999768257141,0.7767999768257141,0.7767999768257141,0.7767999768257141,0.7767999768257141,512.0
2024-03-01 10:22:00,MODV,27.690000534057617,27.690000534057617,27.69499969482422,27.690000534057617,27.69499969482422,705.0
2024-03-01 10:22:00,MOTS,0.6809999942779541,0.6809999942779541,0.6809999942779541,0.6809999942779541,0.6809999942779541,1040.0
2024-03-01 10:22:00,MREO,3.884999990463257,3.884999990463257,3.9049999713897705,3.884999990463257,3.9000000953674316,10787.0
2024-03-01 10:22:00,MRNA,94.83000183105469,94.83000183105469,94.88999938964844,94.80000305175781,94.8499984741211,5680.0
2024-03-01 10:22:00,MRNS,9.729999542236328,9.729999542236328,9.760000228881836,9.729999542236328,9.760000228881836,1322.0
2024-03-01 10:22:00,MRSN,6.050000190734863,6.050000190734863,6.065000057220459,6.050000190734863,6.054999828338623,6857.0
2024-03-01 10:22:00,MRUS,49.91999816894531,49.91999816894531,50.0,49.91999816894531,50.0,1722.0
2024-03-01 10:22:00,MRVI,7.724999904632568,7.724999904632568,7.739999771118164,7.724999904632568,7.739999771118164,2099.0
2024-03-01 10:22:00,MXCT,4.78000020980835,4.78000020980835,4.78000020980835,4.779900074005127,4.78000020980835,666.0
2024-03-01 10:22:00,MYGN,20.93000030517578,20.93000030517578,21.0,20.93000030517578,21.0,763.0
2024-03-01 10:22:00,NARI,45.189998626708984,45.189998626708984,45.26219940185547,45.189998626708984,45.209999084472656,799.0
2024-03-01 10:22:00,NAUT,2.759999990463257,2.759999990463257,2.759999990463257,2.740000009536743,2.740000009536743,500.0
2024-03-01 10:22:00,NBIX,131.27999877929688,131.27999877929688,131.27999877929688,131.27999877929688,131.27999877929688,426.0
2024-03-01 10:22:00,NEO,15.850000381469727,15.850000381469727,15.850000381469727,15.789999961853027,15.8100004196167,1803.0
2024-03-01 10:22:00,NEOG,16.885000228881836,16.885000228881836,16.895000457763672,16.885000228881836,16.895000457763672,5111.0
2024-03-01 10:22:00,NEPT,0.44429999589920044,0.44429999589920044,0.44429999589920044,0.44429999589920044,0.44429999589920044,501.0
2024-03-01 10:22:00,NERV,2.5399999618530273,2.5399999618530273,2.5399999618530273,2.5250000953674316,2.5250000953674316,700.0
2024-03-01 10:22:00,NGM,1.531000018119812,1.531000018119812,1.531000018119812,1.531000018119812,1.531000018119812,600.0
2024-03-01 10:22:00,NKTR,0.7200999855995178,0.7200999855995178,0.7300000190734863,0.7200999855995178,0.7300000190734863,376.0
2024-03-01 10:22:00,NKTX,12.399499893188477,12.399499893188477,12.399499893188477,12.399499893188477,12.399499893188477,108.0
2024-03-01 10:22:00,NNOX,11.03499984741211,11.03499984741211,11.074999809265137,11.03499984741211,11.050000190734863,3904.0
2024-03-01 10:22:00,NPCE,16.299999237060547,16.299999237060547,16.299999237060547,16.299999237060547,16.299999237060547,299.0
2024-03-01 10:22:00,NRIX,13.15999984741211,13.15999984741211,13.180000305175781,13.079999923706055,13.095000267028809,2977.0
2024-03-01 10:22:00,NRSN,2.0000998973846436,2.0000998973846436,2.009999990463257,2.0000998973846436,2.009999990463257,7482.0
2024-03-01 10:22:00,NRXP,0.4259999990463257,0.4259999990463257,0.43970000743865967,0.4259999990463257,0.4390000104904175,30117.0
2024-03-01 10:22:00,NRXPW,0.1599999964237213,0.1599999964237213,0.1599999964237213,0.1559000015258789,0.1559000015258789,0.0
2024-03-01 10:22:00,NTLA,33.79999923706055,33.79999923706055,33.880001068115234,33.72999954223633,33.81999969482422,7607.0
2024-03-01 10:22:00,NTRA,89.3499984741211,89.3499984741211,89.3499984741211,89.27999877929688,89.33499908447266,1237.0
2024-03-01 10:22:00,NUWE,0.5751000046730042,0.5751000046730042,0.5784000158309937,0.5751000046730042,0.5784000158309937,0.0
2024-03-01 10:22:00,NVAX,4.940000057220459,4.940000057220459,4.954999923706055,4.940000057220459,4.949999809265137,9573.0
2024-03-01 10:22:00,NVCR,15.399999618530273,15.399999618530273,15.40999984741211,15.385000228881836,15.399999618530273,3188.0
2024-03-01 10:22:00,OCGN,0.9200000166893005,0.9200000166893005,0.9253000020980835,0.9160000085830688,0.9160000085830688,21889.0
2024-03-01 10:22:00,OCUL,10.199999809265137,10.199999809265137,10.240099906921387,10.199999809265137,10.240099906921387,1611.0
2024-03-01 10:22:00,OFIX,12.949999809265137,12.949999809265137,12.960000038146973,12.949999809265137,12.960000038146973,407.0
2024-03-01 10:22:00,OLK,22.545000076293945,22.545000076293945,22.545000076293945,22.545000076293945,22.545000076293945,300.0
2024-03-01 10:22:00,OLMA,12.760000228881836,12.760000228881836,12.795000076293945,12.720000267028809,12.795000076293945,3460.0
2024-03-01 10:22:00,OM,3.0299999713897705,3.0299999713897705,3.0299999713897705,3.0299999713897705,3.0299999713897705,310.0
2024-03-01 10:22:00,ONCY,1.0800000429153442,1.0800000429153442,1.0800000429153442,1.0800000429153442,1.0800000429153442,683.0
2024-03-01 10:23:00,ABCL,5.135000228881836,5.135000228881836,5.139800071716309,5.135000228881836,5.135000228881836,1345.0
2024-03-01 10:23:00,ABEO,7.480000019073486,7.480000019073486,7.538099765777588,7.480000019073486,7.538099765777588,2214.0
2024-03-01 10:23:00,ABOS,4.699100017547607,4.699100017547607,4.699100017547607,4.699100017547607,4.699100017547607,120.0
2024-03-01 10:23:00,ABSI,5.219900131225586,5.219900131225586,5.21999979019165,5.150000095367432,5.15500020980835,26507.0
2024-03-01 10:23:00,ABUS,2.7750000953674316,2.7750000953674316,2.7750000953674316,2.7701001167297363,2.7701001167297363,7086.0
2024-03-01 10:23:00,ACAD,23.8700008392334,23.8700008392334,23.875,23.850000381469727,23.875,872.0
2024-03-01 10:23:00,ACB,3.0350000858306885,3.0350000858306885,3.0350000858306885,3.0299999713897705,3.0299999713897705,1497.0
2024-03-01 10:23:00,ACCD,10.1899995803833,10.1899995803833,10.1899995803833,10.1899995803833,10.1899995803833,358.0
2024-03-01 10:23:00,ACET,2.315000057220459,2.315000057220459,2.315000057220459,2.315000057220459,2.315000057220459,202.0
2024-03-01 10:23:00,ACHC,83.25,83.25,83.26499938964844,83.25,83.26499938964844,963.0
2024-03-01 10:23:00,ACLX,68.80000305175781,68.80000305175781,69.26000213623047,68.7699966430664,69.26000213623047,23512.0
2024-03-01 10:23:00,ACON,0.3855000138282776,0.3855000138282776,0.3855000138282776,0.3855000138282776,0.3855000138282776,556.0
2024-03-01 10:23:00,ACRS,1.25,1.25,1.25,1.2400000095367432,1.2400000095367432,1607.0
2024-03-01 10:23:00,ADAP,1.5700000524520874,1.5700000524520874,1.5800000429153442,1.5700000524520874,1.5800000429153442,9900.0
2024-03-01 10:23:00,ADIL,3.4342000484466553,3.4342000484466553,3.4700000286102295,3.3201000690460205,3.3798999786376953,269834.0
2024-03-01 10:23:00,ADMA,5.389999866485596,5.389999866485596,5.389999866485596,5.375,5.375,3458.0
2024-03-01 10:23:00,ADPT,4.130000114440918,4.130000114440918,4.130000114440918,4.130000114440918,4.130000114440918,271.0
2024-03-01 10:23:00,ADVM,1.965000033378601,1.965000033378601,1.9700000286102295,1.965000033378601,1.9700000286102295,633.0
2024-03-01 10:23:00,AFIB,0.20360000431537628,0.20360000431537628,0.20360000431537628,0.20360000431537628,0.20360000431537628,103.0
2024-03-01 10:23:00,AGEN,0.6650999784469604,0.6650999784469604,0.6650999784469604,0.6650000214576721,0.6650999784469604,71995.0
2024-03-01 10:23:00,AHCO,10.649999618530273,10.649999618530273,10.649999618530273,10.649999618530273,10.649999618530273,312.0
2024-03-01 10:23:00,AIRS,6.53000020980835,6.53000020980835,6.53000020980835,6.53000020980835,6.53000020980835,100.0
2024-03-01 10:23:00,AKAN,0.26840001344680786,0.26840001344680786,0.26840001344680786,0.26829999685287476,0.26829999685287476,778.0
2024-03-01 10:23:00,AKBA,1.6699999570846558,1.6699999570846558,1.6699999570846558,1.6649999618530273,1.6691999435424805,20583.0
2024-03-01 10:23:00,AKRO,27.968000411987305,27.968000411987305,28.09000015258789,27.968000411987305,28.05500030517578,3882.0
2024-03-01 10:23:00,AKTX,2.299999952316284,2.299999952316284,2.299999952316284,2.2990000247955322,2.2990000247955322,1850.0
2024-03-01 10:23:00,ALDX,4.079999923706055,4.079999923706055,4.079999923706055,4.074999809265137,4.079999923706055,654.0
2024-03-01 10:23:00,ALEC,7.454999923706055,7.454999923706055,7.454999923706055,7.449999809265137,7.449999809265137,396.0
2024-03-01 10:23:00,ALGN,297.32501220703125,297.32501220703125,298.05999755859375,297.32501220703125,298.05999755859375,3223.0
2024-03-01 10:23:00,ALHC,5.800000190734863,5.800000190734863,5.800000190734863,5.800000190734863,5.800000190734863,266.0
2024-03-01 10:23:00,ALLK,1.587499976158142,1.587499976158142,1.587499976158142,1.587499976158142,1.587499976158142,252.0
2024-03-01 10:23:00,ALLO,5.014999866485596,5.014999866485596,5.019999980926514,5.014999866485596,5.019999980926514,600.0
2024-03-01 10:23:00,ALNY,153.24000549316406,153.24000549316406,153.24000549316406,152.82000732421875,152.82000732421875,2177.0
2024-03-01 10:23:00,ALPN,36.220001220703125,36.220001220703125,36.28369903564453,36.220001220703125,36.2599983215332,2112.0
2024-03-01 10:23:00,ALT,12.25,12.25,12.300000190734863,12.229999542236328,12.300000190734863,2918.0
2024-03-01 10:23:00,ALVO,15.654999732971191,15.654999732971191,15.654999732971191,15.654999732971191,15.654999732971191,0.0
2024-03-01 10:23:00,ALVR,0.7425000071525574,0.7425000071525574,0.7455999851226807,0.7425000071525574,0.7455999851226807,360.0
2024-03-01 10:23:00,AMGN,279.635009765625,279.635009765625,279.68499755859375,279.3900146484375,279.3900146484375,3978.0
2024-03-01 10:23:00,AMLX,18.940000534057617,18.940000534057617,18.940000534057617,18.924999237060547,18.924999237060547,3175.0
2024-03-01 10:23:00,AMPH,46.04499816894531,46.04499816894531,46.05500030517578,45.9900016784668,46.05500030517578,2043.0
2024-03-01 10:23:00,AMRN,1.034999966621399,1.034999966621399,1.034999966621399,1.034999966621399,1.034999966621399,1025.0
2024-03-01 10:23:00,ANGO,5.329999923706055,5.329999923706055,5.335000038146973,5.329999923706055,5.335000038146973,214.0
2024-03-01 10:23:00,ANTX,2.940000057220459,2.940000057220459,2.940000057220459,2.940000057220459,2.940000057220459,465.0
2024-03-01 10:23:00,APLS,62.79999923706055,62.79999923706055,62.79999923706055,62.665000915527344,62.665000915527344,3706.0
2024-03-01 10:23:00,APLT,7.449900150299072,7.449900150299072,7.480000019073486,7.409999847412109,7.425000190734863,34783.0
2024-03-01 10:23:00,AQST,4.220099925994873,4.220099925994873,4.224999904632568,4.210000038146973,4.224999904632568,10173.0
2024-03-01 10:23:00,ARAY,2.630000114440918,2.630000114440918,2.630000114440918,2.630000114440918,2.630000114440918,1609.0
2024-03-01 10:23:00,ARCT,40.22999954223633,40.22999954223633,40.22999954223633,40.22999954223633,40.22999954223633,371.0
2024-03-01 10:23:00,ARDX,9.670000076293945,9.670000076293945,9.680000305175781,9.65999984741211,9.680000305175781,2101.0
2024-03-01 10:23:00,ARGX,384.06500244140625,384.06500244140625,384.06500244140625,384.06500244140625,384.06500244140625,386.0
2024-03-01 10:23:00,ARQT,10.850000381469727,10.850000381469727,10.850000381469727,10.829999923706055,10.84000015258789,4475.0
2024-03-01 10:23:00,ARVN,50.72999954223633,50.72999954223633,50.837501525878906,50.72999954223633,50.837501525878906,278.0
2024-03-01 10:23:00,ARWR,34.91999816894531,34.91999816894531,34.91999816894531,34.82609939575195,34.852901458740234,2471.0
2024-03-01 10:23:00,ASND,148.48500061035156,148.48500061035156,148.48500061035156,148.27999877929688,148.27999877929688,226.0
2024-03-01 10:23:00,ASRT,0.9197999835014343,0.9197999835014343,0.9197999835014343,0.9150000214576721,0.9150000214576721,685.0
2024-03-01 10:23:00,ATAI,1.9692000150680542,1.9692000150680542,1.9692000150680542,1.9692000150680542,1.9692000150680542,149.0
2024-03-01 10:23:00,ATEC,13.25,13.25,13.25,13.239999771118164,13.25,3595.0
2024-03-01 10:23:00,ATNF,3.489000082015991,3.489000082015991,3.4899001121520996,3.489000082015991,3.4899001121520996,527.0
2024-03-01 10:23:00,ATOS,0.9998000264167786,0.9998000264167786,0.9998000264167786,0.9900000095367432,0.9900000095367432,3710.0
2024-03-01 10:23:00,ATRA,0.8069000244140625,0.8069000244140625,0.8095999956130981,0.7982000112533569,0.8095999956130981,7158.0
2024-03-01 10:23:00,ATRC,35.43000030517578,35.43000030517578,35.43000030517578,35.43000030517578,35.43000030517578,380.0
2024-03-01 10:23:00,ATXS,15.050000190734863,15.050000190734863,15.050000190734863,15.0,15.050000190734863,1412.0
2024-03-01 10:23:00,AUPH,5.75,5.75,5.75,5.739999771118164,5.739999771118164,760.0
2024-03-01 10:23:00,AUTL,6.244999885559082,6.244999885559082,6.25,6.244999885559082,6.25,1230.0
2024-03-01 10:23:00,AVDL,12.760000228881836,12.760000228881836,12.780699729919434,12.760000228881836,12.780699729919434,4303.0
2024-03-01 10:23:00,AVGR,3.755000114440918,3.755000114440918,3.755000114440918,3.755000114440918,3.755000114440918,100.0
2024-03-01 10:23:00,AVIR,4.364999771118164,4.364999771118164,4.364999771118164,4.364999771118164,4.364999771118164,103.0
2024-03-01 10:23:00,AVTE,22.204999923706055,22.204999923706055,22.7450008392334,22.204999923706055,22.700000762939453,431.0
2024-03-01 10:23:00,AVXL,5.251500129699707,5.251500129699707,5.251500129699707,5.251500129699707,5.251500129699707,501.0
2024-03-01 10:23:00,AXDX,1.0099999904632568,1.0099999904632568,1.0099999904632568,1.0099999904632568,1.0099999904632568,0.0
2024-03-01 10:23:00,AXSM,83.06500244140625,83.06500244140625,83.16000366210938,83.02999877929688,83.16000366210938,2406.0
2024-03-01 10:23:00,AZN,64.41500091552734,64.41500091552734,64.41999816894531,64.4000015258789,64.41000366210938,3654.0
2024-03-01 10:23:00,AZTA,66.0250015258789,66.0250015258789,66.0250015258789,66.0250015258789,66.0250015258789,114.0
2024-03-01 10:23:00,BBIO,36.22999954223633,36.22999954223633,36.22999954223633,36.22999954223633,36.22999954223633,276.0
2024-03-01 10:23:00,BBLG,2.5250000953674316,2.5250000953674316,2.5250000953674316,2.507499933242798,2.507499933242798,1090.0
2024-03-01 10:23:00,BCAB,2.7899999618530273,2.7899999618530273,2.7899999618530273,2.7899999618530273,2.7899999618530273,110.0
2024-03-01 10:23:00,BCDA,0.5515000224113464,0.5515000224113464,0.5515000224113464,0.550000011920929,0.5501000285148621,1260.0
2024-03-01 10:23:00,BCEL,0.2651999890804291,0.2651999890804291,0.2685000002384186,0.26510000228881836,0.2685000002384186,10300.0
2024-03-01 10:23:00,BCRX,5.75,5.75,5.755000114440918,5.735000133514404,5.735000133514404,2373.0
2024-03-01 10:23:00,BDSX,1.6649999618530273,1.6649999618530273,1.6649999618530273,1.6649999618530273,1.6649999618530273,1502.0
2024-03-01 10:23:00,BEAM,41.09000015258789,41.09000015258789,41.154998779296875,41.04999923706055,41.154998779296875,2535.0
2024-03-01 10:23:00,BFRI,0.878000020980835,0.878000020980835,0.878000020980835,0.878000020980835,0.878000020980835,2053.0
2024-03-01 10:23:00,BGNE,165.5050048828125,165.5050048828125,165.94000244140625,165.5050048828125,165.53500366210938,598.0
2024-03-01 10:23:00,BIIB,219.30999755859375,219.30999755859375,219.30999755859375,219.0500030517578,219.0500030517578,1257.0
2024-03-01 10:23:00,BIOL,0.13850000500679016,0.13850000500679016,0.13850000500679016,0.13850000500679016,0.13850000500679016,100.0
2024-03-01 10:23:00,BIVI,2.740000009536743,2.740000009536743,2.7799999713897705,2.720099925994873,2.723599910736084,101340.0
2024-03-01 10:23:00,BJDX,0.7799999713897705,0.7799999713897705,0.7799999713897705,0.7799999713897705,0.7799999713897705,0.0
2024-03-01 10:23:00,BLFS,17.764999389648438,17.764999389648438,17.772499084472656,17.729999542236328,17.770000457763672,2808.0
2024-03-01 10:23:00,BLRX,1.409999966621399,1.409999966621399,1.409999966621399,1.409999966621399,1.409999966621399,5099.0
2024-03-01 10:23:00,BLUE,1.6349999904632568,1.6349999904632568,1.6399999856948853,1.6201000213623047,1.6274000406265259,16164.0
2024-03-01 10:23:00,BMRN,86.16000366210938,86.16000366210938,86.20999908447266,86.16000366210938,86.16000366210938,2157.0
2024-03-01 10:23:00,BNGO,1.2400000095367432,1.2400000095367432,1.2400000095367432,1.2344000339508057,1.2344000339508057,1756.0
2024-03-01 10:23:00,BNR,0.8600999712944031,0.8600999712944031,0.8743000030517578,0.8600999712944031,0.8725000023841858,5200.0
2024-03-01 10:23:00,BNTX,90.64250183105469,90.64250183105469,90.6449966430664,90.5999984741211,90.5999984741211,2744.0
2024-03-01 10:23:00,BRKR,87.54000091552734,87.54000091552734,87.54000091552734,87.41500091552734,87.4800033569336,942.0
2024-03-01 10:23:00,BRTX,1.4900000095367432,1.4900000095367432,1.499899983406067,1.4900000095367432,1.499899983406067,1010.0
2024-03-01 10:23:00,BTCY,0.9398999810218811,0.9398999810218811,0.9398999810218811,0.9398999810218811,0.9398999810218811,0.0
2024-03-01 10:23:00,BTTX,0.16200000047683716,0.16200000047683716,0.16200000047683716,0.16089999675750732,0.16200000047683716,9000.0
2024-03-01 10:23:00,CABA,24.260000228881836,24.260000228881836,24.28499984741211,24.260000228881836,24.28499984741211,473.0
2024-03-01 10:23:00,CAPR,4.590000152587891,4.590000152587891,4.590000152587891,4.590000152587891,4.590000152587891,300.0
2024-03-01 10:23:00,CARA,0.8700000047683716,0.8700000047683716,0.8700000047683716,0.8700000047683716,0.8700000047683716,727.0
2024-03-01 10:23:00,CBAY,32.23500061035156,32.23500061035156,32.23500061035156,32.23500061035156,32.23500061035156,844.0
2024-03-01 10:23:00,CCCC,10.989999771118164,10.989999771118164,11.010000228881836,10.989999771118164,11.0,3319.0
2024-03-01 10:23:00,CDNA,12.149999618530273,12.149999618530273,12.149999618530273,12.100000381469727,12.109999656677246,3144.0
2024-03-01 10:23:00,CDXS,4.300000190734863,4.300000190734863,4.300000190734863,4.300000190734863,4.300000190734863,360.0
2024-03-01 10:23:00,CERE,41.19499969482422,41.19499969482422,41.19499969482422,41.189998626708984,41.189998626708984,687.0
2024-03-01 10:23:00,CERS,2.190000057220459,2.190000057220459,2.190000057220459,2.184999942779541,2.184999942779541,1050.0
2024-03-01 10:23:00,CERT,17.770000457763672,17.770000457763672,17.81999969482422,17.735000610351562,17.799999237060547,3616.0
2024-03-01 10:23:00,CGC,3.180000066757202,3.180000066757202,3.180000066757202,3.1700000762939453,3.1798999309539795,6200.0
2024-03-01 10:23:00,CGEM,19.040000915527344,19.040000915527344,19.040000915527344,18.9950008392334,18.9950008392334,1902.0
2024-03-01 10:23:00,CGEN,2.6549999713897705,2.6549999713897705,2.6549999713897705,2.6405999660491943,2.6405999660491943,4609.0
2024-03-01 10:23:00,CHRS,2.309999942779541,2.309999942779541,2.309999942779541,2.3099000453948975,2.309999942779541,1857.0
2024-03-01 10:23:00,CING,1.2599999904632568,1.2599999904632568,1.2798999547958374,1.2599999904632568,1.2798999547958374,2402.0
2024-03-01 10:23:00,CKPT,2.1549999713897705,2.1549999713897705,2.1549999713897705,2.1549999713897705,2.1549999713897705,310.0
2024-03-01 10:23:00,CLDX,51.935001373291016,51.935001373291016,52.0,51.86000061035156,51.86000061035156,39003.0
2024-03-01 10:23:00,CLOV,0.8669999837875366,0.8669999837875366,0.8669999837875366,0.866599977016449,0.866599977016449,6980.0
2024-03-01 10:23:00,CMPS,10.680000305175781,10.680000305175781,10.680000305175781,10.654999732971191,10.65999984741211,1981.0
2024-03-01 10:23:00,COCP,1.4443999528884888,1.4443999528884888,1.4443999528884888,1.4443999528884888,1.4443999528884888,288.0
2024-03-01 10:23:00,COGT,7.360000133514404,7.360000133514404,7.360000133514404,7.360000133514404,7.360000133514404,674.0
2024-03-01 10:23:00,COLL,37.31999969482422,37.31999969482422,37.3849983215332,37.31999969482422,37.3849983215332,668.0
2024-03-01 10:23:00,CORT,23.770000457763672,23.770000457763672,23.770000457763672,23.760000228881836,23.760000228881836,1130.0
2024-03-01 10:23:00,COSM,0.7524999976158142,0.7524999976158142,0.7524999976158142,0.7523999810218811,0.7524999976158142,1123.0
2024-03-01 10:23:00,CPRX,16.760000228881836,16.760000228881836,16.760000228881836,16.75,16.751300811767578,4128.0
2024-03-01 10:23:00,CPSI,9.149999618530273,9.149999618530273,9.25,9.149999618530273,9.25,5406.0
2024-03-01 10:23:00,CRBU,8.114999771118164,8.114999771118164,8.130000114440918,8.109999656677246,8.109999656677246,1559.0
2024-03-01 10:23:00,CRDF,2.5850000381469727,2.5850000381469727,2.619999885559082,2.549999952316284,2.5950000286102295,176888.0
2024-03-01 10:23:00,CRDL,1.9900000095367432,1.9900000095367432,2.009999990463257,1.9900000095367432,2.009999990463257,2565.0
2024-03-01 10:23:00,CRNX,44.95500183105469,44.95500183105469,45.0099983215332,44.95500183105469,44.95500183105469,739.0
2024-03-01 10:23:00,CRON,2.0350000858306885,2.0350000858306885,2.0350000858306885,2.0350000858306885,2.0350000858306885,113.0
2024-03-01 10:23:00,CRSP,86.87249755859375,86.87249755859375,86.87999725341797,86.75,86.75,2103.0
2024-03-01 10:23:00,CTKB,8.010000228881836,8.010000228881836,8.010000228881836,8.0,8.0,1874.0
2024-03-01 10:23:00,CTXR,0.7803999781608582,0.7803999781608582,0.7803999781608582,0.7803999781608582,0.7803999781608582,231.0
2024-03-01 10:23:00,CUTR,2.300100088119507,2.300100088119507,2.3101999759674072,2.300100088119507,2.3101999759674072,4632.0
2024-03-01 10:23:00,CYTK,74.69999694824219,74.69999694824219,74.69999694824219,74.59500122070312,74.5999984741211,906.0
2024-03-01 10:23:00,CYTO,1.9426000118255615,1.9426000118255615,1.9426000118255615,1.9426000118255615,1.9426000118255615,500.0
2024-03-01 10:23:00,DCPH,17.065000534057617,17.065000534057617,17.09000015258789,17.059999465942383,17.09000015258789,801.0
2024-03-01 10:23:00,DH,9.09000015258789,9.09000015258789,9.09000015258789,9.09000015258789,9.09000015258789,300.0
2024-03-01 10:23:00,DMAC,2.9800000190734863,2.9800000190734863,2.990000009536743,2.9800000190734863,2.990000009536743,1559.0
2024-03-01 10:23:00,DMTK,0.8500000238418579,0.8500000238418579,0.8500000238418579,0.8400999903678894,0.8400999903678894,251.0
2024-03-01 10:23:00,DNLI,20.780000686645508,20.780000686645508,20.780000686645508,20.729999542236328,20.729999542236328,579.0
2024-03-01 10:23:00,DRRX,1.0069999694824219,1.0069999694824219,1.0069999694824219,1.0069999694824219,1.0069999694824219,2940.0
2024-03-01 10:23:00,DSGN,2.8610000610351562,2.8610000610351562,2.869999885559082,2.8610000610351562,2.8610000610351562,1660.0
2024-03-01 10:23:00,DTIL,13.079999923706055,13.079999923706055,13.149999618530273,13.0,13.112500190734863,6764.0
2024-03-01 10:23:00,DVAX,12.78439998626709,12.78439998626709,12.789999961853027,12.779999732971191,12.789999961853027,5448.0
2024-03-01 10:23:00,DXCM,116.69000244140625,116.69000244140625,116.87999725341797,116.69000244140625,116.7699966430664,10349.0
2024-03-01 10:23:00,DYN,30.100000381469727,30.100000381469727,30.100000381469727,30.0,30.010000228881836,3395.0
2024-03-01 10:23:00,EDIT,10.84000015258789,10.84000015258789,10.84000015258789,10.793800354003906,10.809900283813477,28726.0
2024-03-01 10:23:00,EFTR,14.479999542236328,14.479999542236328,14.539999961853027,14.479999542236328,14.539999961853027,517.0
2024-03-01 10:23:00,ELEV,4.949999809265137,4.949999809265137,4.949999809265137,4.929999828338623,4.949999809265137,2361.0
2024-03-01 10:23:00,EMBC,14.449999809265137,14.449999809265137,14.460000038146973,14.449999809265137,14.460000038146973,941.0
2024-03-01 10:23:00,ENSG,123.94999694824219,123.94999694824219,123.94999694824219,123.94999694824219,123.94999694824219,410.0
2024-03-01 10:23:00,ENTA,14.779999732971191,14.779999732971191,14.779999732971191,14.779999732971191,14.779999732971191,400.0
2024-03-01 10:23:00,ENVB,1.7350000143051147,1.7350000143051147,1.7350000143051147,1.7100000381469727,1.7100000381469727,22523.0
2024-03-01 10:23:00,EOLS,14.850000381469727,14.850000381469727,14.850000381469727,14.84000015258789,14.850000381469727,1082.0
2024-03-01 10:23:00,EPIX,9.595000267028809,9.595000267028809,9.595000267028809,9.595000267028809,9.595000267028809,300.0
2024-03-01 10:23:00,ERAS,2.4700000286102295,2.4700000286102295,2.4700000286102295,2.4700000286102295,2.4700000286102295,1341.0
2024-03-01 10:23:00,ESPR,2.490000009536743,2.490000009536743,2.494999885559082,2.484999895095825,2.494999885559082,2736.0
2024-03-01 10:23:00,ETNB,12.8100004196167,12.8100004196167,12.869999885559082,12.8100004196167,12.859999656677246,8926.0
2024-03-01 10:23:00,EWTX,16.80500030517578,16.80500030517578,16.80500030517578,16.760000228881836,16.760000228881836,500.0
2024-03-01 10:23:00,EXAS,59.40999984741211,59.40999984741211,59.40999984741211,59.27000045776367,59.29999923706055,3056.0
2024-03-01 10:23:00,EXEL,22.5,22.5,22.5,22.479999542236328,22.485000610351562,9200.0
2024-03-01 10:23:00,EYEN,2.109999895095825,2.109999895095825,2.119999885559082,2.109999895095825,2.119999885559082,5200.0
2024-03-01 10:23:00,FATE,7.486999988555908,7.486999988555908,7.5,7.486999988555908,7.489999771118164,1545.0
2024-03-01 10:23:00,FDMT,29.860000610351562,29.860000610351562,29.860000610351562,29.780000686645508,29.801300048828125,1329.0
2024-03-01 10:23:00,FEMY,1.7310999631881714,1.7310999631881714,1.7310999631881714,1.7310999631881714,1.7310999631881714,270.0
2024-03-01 10:23:00,FGEN,1.7050000429153442,1.7050000429153442,1.7100000381469727,1.7050000429153442,1.7074999809265137,4894.0
2024-03-01 10:23:00,FIXX,0.9398999810218811,0.9398999810218811,0.9398999810218811,0.9398999810218811,0.9398999810218811,0.0
2024-03-01 10:23:00,FLGT,22.854999542236328,22.854999542236328,22.854999542236328,22.854999542236328,22.854999542236328,143.0
2024-03-01 10:23:00,FOLD,13.479999542236328,13.479999542236328,13.479999542236328,13.462499618530273,13.479999542236328,1133.0
2024-03-01 10:23:00,FULC,10.5600004196167,10.5600004196167,10.579999923706055,10.550000190734863,10.550000190734863,15380.0
2024-03-01 10:23:00,GDRX,8.34000015258789,8.34000015258789,8.350000381469727,8.330300331115723,8.335000038146973,3434.0
2024-03-01 10:23:00,GERN,2.1050000190734863,2.1050000190734863,2.109999895095825,2.100100040435791,2.109999895095825,12818.0
2024-03-01 10:23:00,GH,19.132099151611328,19.132099151611328,19.139999389648438,19.110000610351562,19.110000610351562,960.0
2024-03-01 10:23:00,GILD,72.41999816894531,72.41999816894531,72.43000030517578,72.41000366210938,72.41000366210938,2687.0
2024-03-01 10:23:00,GLUE,6.380000114440918,6.380000114440918,6.380000114440918,6.380000114440918,6.380000114440918,274.0
2024-03-01 10:23:00,GLYC,2.930000066757202,2.930000066757202,2.930000066757202,2.930000066757202,2.930000066757202,292.0
2024-03-01 10:23:00,GMAB,28.90999984741211,28.90999984741211,28.920000076293945,28.90999984741211,28.915000915527344,1810.0
2024-03-01 10:23:00,GOSS,1.3450000286102295,1.3450000286102295,1.3450000286102295,1.3450000286102295,1.3450000286102295,107.0
2024-03-01 10:23:00,GRTS,2.128999948501587,2.128999948501587,2.130000114440918,2.115000009536743,2.1171000003814697,17119.0
2024-03-01 10:23:00,GRTX,0.23309999704360962,0.23309999704360962,0.23399999737739563,0.23309999704360962,0.23399999737739563,6000.0
2024-03-01 10:23:00,GTHX,3.4549999237060547,3.4549999237060547,3.4549999237060547,3.444999933242798,3.450000047683716,11864.0
2024-03-01 10:23:00,HALO,41.11000061035156,41.11000061035156,41.13999938964844,41.060001373291016,41.09000015258789,1129.0
2024-03-01 10:23:00,HARP,22.9424991607666,22.9424991607666,22.9424991607666,22.9424991607666,22.9424991607666,104.0
2024-03-01 10:23:00,HCAT,8.010000228881836,8.010000228881836,8.020000457763672,8.010000228881836,8.015000343322754,1117.0
2024-03-01 10:23:00,HCSG,12.670000076293945,12.670000076293945,12.670000076293945,12.670000076293945,12.670000076293945,707.0
2024-03-01 10:23:00,HCTI,2.388000011444092,2.388000011444092,2.389899969100952,2.359999895095825,2.359999895095825,2670.0
2024-03-01 10:23:00,HOLX,73.66999816894531,73.66999816894531,73.66999816894531,73.63999938964844,73.63999938964844,1124.0
2024-03-01 10:23:00,HOOK,0.7900000214576721,0.7900000214576721,0.7900000214576721,0.7900000214576721,0.7900000214576721,0.0
2024-03-01 10:23:00,HOTH,1.3200000524520874,1.3200000524520874,1.3219000101089478,1.3200000524520874,1.3219000101089478,519.0
2024-03-01 10:23:00,HQY,82.2699966430664,82.2699966430664,82.2699966430664,82.2699966430664,82.2699966430664,114.0
2024-03-01 10:23:00,HRMY,31.239999771118164,31.239999771118164,31.239999771118164,31.239999771118164,31.239999771118164,942.0
2024-03-01 10:23:00,HRTX,2.6500000953674316,2.6500000953674316,2.6589999198913574,2.6500000953674316,2.6589999198913574,861.0
2024-03-01 10:23:00,HSCS,0.11670000106096268,0.11670000106096268,0.11670000106096268,0.11670000106096268,0.11670000106096268,2000.0
2024-03-01 10:23:00,HSIC,77.19999694824219,77.19999694824219,77.37000274658203,77.19999694824219,77.33999633789062,2079.0
2024-03-01 10:23:00,HUMA,3.1700000762939453,3.1700000762939453,3.1798999309539795,3.1700000762939453,3.1712000370025635,49893.0
2024-03-01 10:23:00,IART,36.630001068115234,36.630001068115234,36.630001068115234,36.59000015258789,36.59000015258789,501.0
2024-03-01 10:23:00,IBRX,4.808800220489502,4.808800220489502,4.815000057220459,4.800000190734863,4.809999942779541,6997.0
2024-03-01 10:23:00,ICLR,324.19500732421875,324.19500732421875,324.7799987792969,324.19500732421875,324.44000244140625,1012.0
2024-03-01 10:23:00,ICUI,105.69000244140625,105.69000244140625,105.69000244140625,105.69000244140625,105.69000244140625,379.0
2024-03-01 10:23:00,IDXX,571.0800170898438,571.0800170898438,571.375,571.0800170898438,571.375,312.0
2024-03-01 10:23:00,IDYA,46.04499816894531,46.04499816894531,46.130001068115234,46.029998779296875,46.06100082397461,4067.0
2024-03-01 10:23:00,IGMS,13.569999694824219,13.569999694824219,13.569999694824219,13.399999618530273,13.399999618530273,2429.0
2024-03-01 10:23:00,IINN,1.6301000118255615,1.6301000118255615,1.6301000118255615,1.6301000118255615,1.6301000118255615,111.0
2024-03-01 10:23:00,IKNA,1.468000054359436,1.468000054359436,1.468000054359436,1.468000054359436,1.468000054359436,106.0
2024-03-01 10:23:00,IKT,2.2160000801086426,2.2160000801086426,2.2160000801086426,2.2160000801086426,2.2160000801086426,0.0
2024-03-01 10:23:00,ILMN,139.0,139.0,139.0,138.56500244140625,138.56500244140625,2405.0
2024-03-01 10:23:00,IMAB,1.8450000286102295,1.8450000286102295,1.850000023841858,1.8450000286102295,1.850000023841858,246.0
2024-03-01 10:23:00,IMCR,68.43000030517578,68.43000030517578,68.43000030517578,68.43000030517578,68.43000030517578,188.0
2024-03-01 10:23:00,IMMX,3.625,3.625,3.625,3.5999999046325684,3.5999999046325684,201.0
2024-03-01 10:23:00,IMNM,25.184999465942383,25.184999465942383,25.209999084472656,25.170000076293945,25.190000534057617,715.0
2024-03-01 10:23:00,IMNN,1.0298999547958374,1.0298999547958374,1.0299999713897705,1.024999976158142,1.024999976158142,10716.0
2024-03-01 10:23:00,IMTX,13.010000228881836,13.010000228881836,13.010000228881836,13.010000228881836,13.010000228881836,239.0
2024-03-01 10:23:00,IMUX,1.5199999809265137,1.5199999809265137,1.5199999809265137,1.5199999809265137,1.5199999809265137,111.0
2024-03-01 10:23:00,IMVT,36.61000061035156,36.61000061035156,36.65999984741211,36.61000061035156,36.630001068115234,1871.0
2024-03-01 10:23:00,INAB,1.1399999856948853,1.1399999856948853,1.1399999856948853,1.1399999856948853,1.1399999856948853,0.0
2024-03-01 10:23:00,INCY,58.849998474121094,58.849998474121094,58.86000061035156,58.779998779296875,58.779998779296875,1867.0
2024-03-01 10:23:00,INGN,6.760000228881836,6.760000228881836,6.760000228881836,6.760000228881836,6.760000228881836,296.0
2024-03-01 10:23:00,INMD,22.510000228881836,22.510000228881836,22.53499984741211,22.510000228881836,22.520000457763672,1274.0
2024-03-01 10:23:00,INO,8.890000343322754,8.890000343322754,8.890000343322754,8.890000343322754,8.890000343322754,209.0
2024-03-01 10:23:00,INSM,28.3700008392334,28.3700008392334,28.3700008392334,28.354999542236328,28.354999542236328,1248.0
2024-03-01 10:23:00,INZY,6.539999961853027,6.539999961853027,6.539999961853027,6.53000020980835,6.53000020980835,314.0
2024-03-01 10:23:00,IONS,45.58000183105469,45.58000183105469,45.58000183105469,45.54999923706055,45.58000183105469,1134.0
2024-03-01 10:23:00,IOVA,16.924999237060547,16.924999237060547,16.940000534057617,16.922100067138672,16.934999465942383,12248.0
2024-03-01 10:23:00,IRMD,41.814998626708984,41.814998626708984,41.814998626708984,41.814998626708984,41.814998626708984,402.0
2024-03-01 10:23:00,IRTC,118.16000366210938,118.16000366210938,118.16000366210938,117.9800033569336,117.9800033569336,413.0
2024-03-01 10:23:00,IRWD,8.960000038146973,8.960000038146973,8.960000038146973,8.920000076293945,8.920000076293945,13365.0
2024-03-01 10:23:00,ISPC,0.45899999141693115,0.45899999141693115,0.45899999141693115,0.4300999939441681,0.45899999141693115,6002.0
2024-03-01 10:23:00,ISRG,387.4750061035156,387.4750061035156,388.0450134277344,387.4750061035156,387.8999938964844,2860.0
2024-03-01 10:23:00,ITCI,71.6500015258789,71.6500015258789,71.6500015258789,71.5999984741211,71.5999984741211,1474.0
2024-03-01 10:23:00,ITOS,10.720000267028809,10.720000267028809,10.720000267028809,10.720000267028809,10.720000267028809,696.0
2024-03-01 10:23:00,IVVD,3.9719998836517334,3.9719998836517334,3.9719998836517334,3.9719998836517334,3.9719998836517334,148.0
2024-03-01 10:23:00,JAGX,0.09920000284910202,0.09920000284910202,0.10249999910593033,0.09200000017881393,0.10050000250339508,3558353.0
2024-03-01 10:23:00,JAZZ,120.18000030517578,120.18000030517578,120.20999908447266,120.18000030517578,120.20999908447266,549.0
2024-03-01 10:23:00,KIDS,27.059999465942383,27.059999465942383,27.059999465942383,27.059999465942383,27.059999465942383,355.0
2024-03-01 10:23:00,KNSA,22.0,22.0,22.0,21.940000534057617,21.950000762939453,3010.0
2024-03-01 10:23:00,KOD,6.050000190734863,6.050000190734863,6.050000190734863,6.034999847412109,6.034999847412109,715.0
2024-03-01 10:23:00,KROS,69.09500122070312,69.09500122070312,69.09500122070312,69.09500122070312,69.09500122070312,1165.0
2024-03-01 10:23:00,KRYS,167.1199951171875,167.1199951171875,167.1199951171875,166.82000732421875,167.02000427246094,834.0
2024-03-01 10:23:00,KTRA,0.10279999673366547,0.10279999673366547,0.10289999842643738,0.10199999809265137,0.10199999809265137,43744.0
2024-03-01 10:23:00,KURA,21.25,21.25,21.270000457763672,21.25,21.260000228881836,1613.0
2024-03-01 10:23:00,KYMR,43.845001220703125,43.845001220703125,43.915000915527344,43.71500015258789,43.71500015258789,5940.0
2024-03-01 10:23:00,KZR,1.1100000143051147,1.1100000143051147,1.1100000143051147,1.1100000143051147,1.1100000143051147,413.0
2024-03-01 10:23:00,LEGN,65.86000061035156,65.86000061035156,65.87999725341797,65.86000061035156,65.875,876.0
2024-03-01 10:23:00,LEXX,2.4749999046325684,2.4749999046325684,2.4749999046325684,2.4600000381469727,2.4600000381469727,300.0
2024-03-01 10:23:00,LFMD,8.015000343322754,8.015000343322754,8.015000343322754,8.015000343322754,8.015000343322754,1250.0
2024-03-01 10:23:00,LFST,8.050000190734863,8.050000190734863,8.050000190734863,8.050000190734863,8.050000190734863,313.0
2024-03-01 10:23:00,LIVN,54.595001220703125,54.595001220703125,54.619998931884766,54.595001220703125,54.619998931884766,310.0
2024-03-01 10:23:00,LMAT,68.33499908447266,68.33499908447266,68.33499908447266,68.33499908447266,68.33499908447266,123.0
2024-03-01 10:23:00,LNSR,4.639999866485596,4.639999866485596,4.639999866485596,4.639999866485596,4.639999866485596,300.0
2024-03-01 10:23:00,LQDA,14.399999618530273,14.399999618530273,14.399999618530273,14.385000228881836,14.385000228881836,1089.0
2024-03-01 10:23:00,LTRN,4.684999942779541,4.684999942779541,4.684999942779541,4.684999942779541,4.684999942779541,4124.0
2024-03-01 10:23:00,LUNG,9.100000381469727,9.100000381469727,9.100000381469727,9.020000457763672,9.020000457763672,1817.0
2024-03-01 10:23:00,LVTX,3.0999999046325684,3.0999999046325684,3.0999999046325684,3.0399999618530273,3.0803000926971436,1554.0
2024-03-01 10:23:00,LXRX,2.4200000762939453,2.4200000762939453,2.4202001094818115,2.4100000858306885,2.4202001094818115,6950.0
2024-03-01 10:23:00,LYEL,3.109999895095825,3.109999895095825,3.109999895095825,3.1050000190734863,3.1050000190734863,475.0
2024-03-01 10:23:00,MACK,14.75,14.75,14.760000228881836,14.75,14.760000228881836,598.0
2024-03-01 10:23:00,MASI,126.63500213623047,126.63500213623047,126.66000366210938,126.63500213623047,126.66000366210938,296.0
2024-03-01 10:23:00,MASS,7.110000133514404,7.110000133514404,7.110000133514404,7.03000020980835,7.03000020980835,1885.0
2024-03-01 10:23:00,MCRB,1.1699999570846558,1.1699999570846558,1.1747000217437744,1.1699999570846558,1.1699999570846558,1898.0
2024-03-01 10:23:00,MDRX,5.980000019073486,5.980000019073486,5.980000019073486,5.900000095367432,5.900000095367432,22441.0
2024-03-01 10:23:00,MDXG,8.505000114440918,8.505000114440918,8.510000228881836,8.505000114440918,8.505000114440918,352.0
2024-03-01 10:23:00,ME,0.5759999752044678,0.5759999752044678,0.5759999752044678,0.5737000107765198,0.5738000273704529,31876.0
2024-03-01 10:23:00,MESO,1.9974000453948975,1.9974000453948975,1.9974000453948975,1.9974000453948975,1.9974000453948975,341.0
2024-03-01 10:23:00,MGNX,19.093799591064453,19.093799591064453,19.093799591064453,19.08289909362793,19.084699630737305,538.0
2024-03-01 10:23:00,MGTX,6.179999828338623,6.179999828338623,6.179999828338623,6.179999828338623,6.179999828338623,108.0
2024-03-01 10:23:00,MHUA,0.6800000071525574,0.6800000071525574,0.6800000071525574,0.6800000071525574,0.6800000071525574,465.0
2024-03-01 10:23:00,MIRM,29.110000610351562,29.110000610351562,29.149999618530273,29.100000381469727,29.100000381469727,1089.0
2024-03-01 10:23:00,MNKD,4.485000133514404,4.485000133514404,4.4899001121521,4.480000019073486,4.480000019073486,2198.0
2024-03-01 10:23:00,MNMD,5.861100196838379,5.861100196838379,5.864999771118164,5.861100196838379,5.864999771118164,453.0
2024-03-01 10:23:00,MORF,38.09000015258789,38.09000015258789,38.09000015258789,38.09000015258789,38.09000015258789,195.0
2024-03-01 10:23:00,MRAI,1.5499999523162842,1.5499999523162842,1.5499999523162842,1.5499999523162842,1.5499999523162842,110.0
2024-03-01 10:23:00,MREO,3.9094998836517334,3.9094998836517334,3.9094998836517334,3.8889999389648438,3.8889999389648438,1795.0
2024-03-01 10:23:00,MRNA,94.90499877929688,94.90499877929688,94.98989868164062,94.77999877929688,94.8499984741211,8161.0
2024-03-01 10:23:00,MRNS,9.720000267028809,9.720000267028809,9.720000267028809,9.71500015258789,9.71500015258789,513.0
2024-03-01 10:23:00,MRSN,6.045000076293945,6.045000076293945,6.045000076293945,6.014999866485596,6.039999961853027,3347.0
2024-03-01 10:23:00,MRUS,50.0,50.0,50.0,49.935001373291016,49.935001373291016,1125.0
2024-03-01 10:23:00,MRVI,7.760000228881836,7.760000228881836,7.760000228881836,7.730000019073486,7.730000019073486,1551.0
2024-03-01 10:23:00,MXCT,4.78000020980835,4.78000020980835,4.784999847412109,4.760000228881836,4.784999847412109,6665.0
2024-03-01 10:23:00,MYGN,20.96269989013672,20.96269989013672,20.96269989013672,20.96269989013672,20.96269989013672,1002.0
2024-03-01 10:23:00,NARI,45.25,45.25,45.25,45.244998931884766,45.244998931884766,694.0
2024-03-01 10:23:00,NBIX,131.55999755859375,131.55999755859375,131.55999755859375,131.33999633789062,131.33999633789062,850.0
2024-03-01 10:23:00,NEO,15.869999885559082,15.869999885559082,15.869999885559082,15.869999885559082,15.869999885559082,205.0
2024-03-01 10:23:00,NEOG,16.885000228881836,16.885000228881836,16.889999389648438,16.8700008392334,16.8799991607666,5091.0
2024-03-01 10:23:00,NERV,2.5399999618530273,2.5399999618530273,2.5399999618530273,2.5399999618530273,2.5399999618530273,0.0
2024-03-01 10:23:00,NGM,1.5299999713897705,1.5299999713897705,1.5303000211715698,1.5299999713897705,1.5303000211715698,911.0
2024-03-01 10:23:00,NKTR,0.7300999760627747,0.7300999760627747,0.7301999926567078,0.7299000024795532,0.7299000024795532,7997.0
2024-03-01 10:23:00,NKTX,12.356499671936035,12.356499671936035,12.356499671936035,12.356499671936035,12.356499671936035,119.0
2024-03-01 10:23:00,NNOX,11.029999732971191,11.029999732971191,11.050000190734863,11.015000343322754,11.050000190734863,3338.0
2024-03-01 10:23:00,NRBO,5.730000019073486,5.730000019073486,5.730000019073486,5.730000019073486,5.730000019073486,680.0
2024-03-01 10:23:00,NRIX,13.170000076293945,13.170000076293945,13.170000076293945,13.149999618530273,13.170000076293945,723.0
2024-03-01 10:23:00,NRSN,1.9577000141143799,1.9577000141143799,2.0099000930786133,1.9577000141143799,2.0099000930786133,0.0
2024-03-01 10:23:00,NRXP,0.4307999908924103,0.4307999908924103,0.4366999864578247,0.4307999908924103,0.4366999864578247,240.0
2024-03-01 10:23:00,NTLA,33.79499816894531,33.79499816894531,33.81999969482422,33.75,33.76499938964844,1812.0
2024-03-01 10:23:00,NTRA,89.41999816894531,89.41999816894531,89.58000183105469,89.3499984741211,89.38999938964844,2883.0
2024-03-01 10:23:00,NVAX,4.960000038146973,4.960000038146973,4.960000038146973,4.934999942779541,4.940000057220459,17750.0
2024-03-01 10:23:00,NVCR,15.4399995803833,15.4399995803833,15.4399995803833,15.40999984741211,15.420000076293945,954.0
2024-03-01 10:23:00,NVOS,0.6155999898910522,0.6155999898910522,0.6155999898910522,0.6155999898910522,0.6155999898910522,145.0
2024-03-01 10:23:00,NXTC,1.7350000143051147,1.7350000143051147,1.75,1.7350000143051147,1.7400000095367432,601.0
2024-03-01 10:23:00,OCGN,0.9200000166893005,0.9200000166893005,0.9253000020980835,0.9200000166893005,0.9253000020980835,2419.0
2024-03-01 10:23:00,OCUL,10.210000038146973,10.210000038146973,10.210000038146973,10.1899995803833,10.210000038146973,2163.0
2024-03-01 10:23:00,OCUP,2.5199999809265137,2.5199999809265137,2.5199999809265137,2.5199999809265137,2.5199999809265137,245.0
2024-03-01 10:23:00,OGI,2.065000057220459,2.065000057220459,2.0699000358581543,2.065000057220459,2.065000057220459,5756.0
2024-03-01 10:23:00,OLK,22.545000076293945,22.545000076293945,22.548500061035156,22.545000076293945,22.545000076293945,2917.0
2024-03-01 10:23:00,OLMA,12.819999694824219,12.819999694824219,12.829999923706055,12.744999885559082,12.744999885559082,1270.0
2024-03-01 10:23:00,OM,3.0299999713897705,3.0299999713897705,3.0299999713897705,3.0299999713897705,3.0299999713897705,738.0
2024-03-01 10:23:00,OMCL,26.360000610351562,26.360000610351562,26.360000610351562,26.360000610351562,26.360000610351562,462.0
2024-03-01 10:23:00,OMER,4.71999979019165,4.71999979019165,4.720600128173828,4.710000038146973,4.720600128173828,2390.0
2024-03-01 10:23:00,OMGA,4.119999885559082,4.119999885559082,4.1280999183654785,4.119999885559082,4.1280999183654785,608.0
2024-03-01 10:23:00,OMIC,0.5902000069618225,0.5902000069618225,0.5903000235557556,0.5902000069618225,0.5903000235557556,1400.0
2024-03-01 10:24:00,AADI,1.9900000095367432,1.9900000095367432,1.9900000095367432,1.9900000095367432,1.9900000095367432,404.0
2024-03-01 10:24:00,ABCL,5.139999866485596,5.139999866485596,5.139999866485596,5.139999866485596,5.139999866485596,1100.0
2024-03-01 10:24:00,ABOS,4.724999904632568,4.724999904632568,4.730000019073486,4.695000171661377,4.695000171661377,6871.0
2024-03-01 10:24:00,ABSI,5.21999979019165,5.21999979019165,5.230000019073486,5.210000038146973,5.21999979019165,4038.0
2024-03-01 10:24:00,ACAD,23.950000762939453,23.950000762939453,23.959999084472656,23.889999389648438,23.889999389648438,4180.0
2024-03-01 10:24:00,ACB,3.0506999492645264,3.0506999492645264,3.0506999492645264,3.0350000858306885,3.0350000858306885,1436.0
2024-03-01 10:24:00,ACET,2.315000057220459,2.315000057220459,2.315000057220459,2.315000057220459,2.315000057220459,2701.0
2024-03-01 10:24:00,ACHL,1.3665000200271606,1.3665000200271606,1.3665000200271606,1.3665000200271606,1.3665000200271606,500.0
2024-03-01 10:24:00,ACLX,68.66999816894531,68.66999816894531,69.01000213623047,68.52999877929688,68.79000091552734,25438.0
2024-03-01 10:24:00,ACON,0.3855000138282776,0.3855000138282776,0.3855000138282776,0.3855000138282776,0.3855000138282776,34.0
2024-03-01 10:24:00,ACRS,1.25,1.25,1.25,1.25,1.25,220.0
2024-03-01 10:24:00,ADAG,3.390000104904175,3.390000104904175,3.390000104904175,3.390000104904175,3.390000104904175,100.0
2024-03-01 10:24:00,ADAP,1.590000033378601,1.590000033378601,1.590000033378601,1.559999942779541,1.559999942779541,10010.0
2024-03-01 10:24:00,ADIL,3.4000000953674316,3.4000000953674316,3.5299999713897705,3.380000114440918,3.430000066757202,479688.0
2024-03-01 10:24:00,ADMA,5.385000228881836,5.385000228881836,5.394999980926514,5.385000228881836,5.394999980926514,3161.0
2024-03-01 10:24:00,ADPT,4.15500020980835,4.15500020980835,4.15500020980835,4.139999866485596,4.139999866485596,1304.0
2024-03-01 10:24:00,ADVM,1.9600000381469727,1.9600000381469727,1.9600000381469727,1.9600000381469727,1.9600000381469727,100.0
2024-03-01 10:24:00,AGEN,0.6650999784469604,0.6650999784469604,0.6650999784469604,0.6650000214576721,0.6650999784469604,19915.0
2024-03-01 10:24:00,AGIO,32.81999969482422,32.81999969482422,32.81999969482422,32.790000915527344,32.79499816894531,822.0
2024-03-01 10:24:00,AGRX,0.8396999835968018,0.8396999835968018,0.8396999835968018,0.8396999835968018,0.8396999835968018,50.0
2024-03-01 10:24:00,AHCO,10.6850004196167,10.6850004196167,10.6899995803833,10.670000076293945,10.670000076293945,1213.0
2024-03-01 10:24:00,AKBA,1.6668000221252441,1.6668000221252441,1.6675000190734863,1.6649999618530273,1.6649999618530273,8876.0
2024-03-01 10:24:00,AKRO,27.959999084472656,27.959999084472656,27.959999084472656,27.950000762939453,27.950000762939453,529.0
2024-03-01 10:24:00,ALDX,4.090000152587891,4.090000152587891,4.090000152587891,4.078700065612793,4.078700065612793,1561.0
2024-03-01 10:24:00,ALEC,7.46999979019165,7.46999979019165,7.46999979019165,7.46999979019165,7.46999979019165,449.0
2024-03-01 10:24:00,ALGN,297.5249938964844,297.5249938964844,298.1400146484375,297.5249938964844,297.57000732421875,1718.0
2024-03-01 10:24:00,ALHC,5.80210018157959,5.80210018157959,5.80210018157959,5.800000190734863,5.800000190734863,407.0
2024-03-01 10:24:00,ALKS,30.045000076293945,30.045000076293945,30.049999237060547,30.040000915527344,30.040000915527344,1512.0
2024-03-01 10:24:00,ALLK,1.5850000381469727,1.5850000381469727,1.5880000591278076,1.5750000476837158,1.5880000591278076,11678.0
2024-03-01 10:24:00,ALLO,5.026000022888184,5.026000022888184,5.026000022888184,5.014999866485596,5.014999866485596,1950.0
2024-03-01 10:24:00,ALPN,36.349998474121094,36.349998474121094,36.349998474121094,36.279998779296875,36.279998779296875,1164.0
2024-03-01 10:24:00,ALT,12.279999732971191,12.279999732971191,12.279999732971191,12.277700424194336,12.279999732971191,1490.0
2024-03-01 10:24:00,ALVO,15.649999618530273,15.649999618530273,15.65999984741211,15.649999618530273,15.654999732971191,747.0
2024-03-01 10:24:00,ALXO,14.949999809265137,14.949999809265137,14.949999809265137,14.925000190734863,14.925000190734863,317.0
2024-03-01 10:24:00,AMED,93.36100006103516,93.36100006103516,93.44000244140625,93.36100006103516,93.44000244140625,805.0
2024-03-01 10:24:00,AMGN,279.42999267578125,279.42999267578125,279.82000732421875,279.3800048828125,279.635009765625,13425.0
2024-03-01 10:24:00,AMLX,18.915000915527344,18.915000915527344,18.915000915527344,18.915000915527344,18.915000915527344,390.0
2024-03-01 10:24:00,AMPH,45.83000183105469,45.83000183105469,46.029998779296875,45.83000183105469,46.0099983215332,4059.0
2024-03-01 10:24:00,AMRN,1.0399999618530273,1.0399999618530273,1.0399999618530273,1.034999966621399,1.034999966621399,2900.0
2024-03-01 10:24:00,ANGO,5.329999923706055,5.329999923706055,5.335000038146973,5.324999809265137,5.335000038146973,7906.0
2024-03-01 10:24:00,ANIP,67.56500244140625,67.56500244140625,67.56500244140625,67.56500244140625,67.56500244140625,201.0
2024-03-01 10:24:00,ANNX,5.869999885559082,5.869999885559082,5.889999866485596,5.869999885559082,5.889999866485596,947.0
2024-03-01 10:24:00,APLS,62.79999923706055,62.79999923706055,62.79999923706055,62.779998779296875,62.779998779296875,1272.0
2024-03-01 10:24:00,APLT,7.409999847412109,7.409999847412109,7.425000190734863,7.409999847412109,7.425000190734863,1925.0
2024-03-01 10:24:00,AQST,4.21999979019165,4.21999979019165,4.21999979019165,4.199999809265137,4.21999979019165,3804.0
2024-03-01 10:24:00,ARAY,2.625,2.625,2.625,2.625,2.625,108.0
2024-03-01 10:24:00,ARCT,40.13999938964844,40.13999938964844,40.13999938964844,40.13999938964844,40.13999938964844,316.0
2024-03-01 10:24:00,ARDX,9.65999984741211,9.65999984741211,9.680000305175781,9.65999984741211,9.675000190734863,5517.0
2024-03-01 10:24:00,ARGX,384.32000732421875,384.32000732421875,384.32000732421875,384.1600036621094,384.1600036621094,738.0
2024-03-01 10:24:00,ARQT,10.920000076293945,10.920000076293945,10.920000076293945,10.84000015258789,10.84000015258789,7236.0
2024-03-01 10:24:00,ARVN,50.79999923706055,50.79999923706055,51.0099983215332,50.79999923706055,50.8213996887207,1243.0
2024-03-01 10:24:00,ARWR,34.95500183105469,34.95500183105469,34.96989822387695,34.880001068115234,34.939998626708984,2194.0
2024-03-01 10:24:00,ASMB,13.25,13.25,13.25,13.25,13.25,110.0
2024-03-01 10:24:00,ASND,148.49000549316406,148.49000549316406,148.69000244140625,148.47500610351562,148.47500610351562,635.0
2024-03-01 10:24:00,ATAI,1.9697999954223633,1.9697999954223633,1.9700000286102295,1.9697999954223633,1.9700000286102295,613.0
2024-03-01 10:24:00,ATEC,13.260000228881836,13.260000228881836,13.260000228881836,13.260000228881836,13.260000228881836,928.0
2024-03-01 10:24:00,ATOS,0.9998000264167786,0.9998000264167786,0.9998000264167786,0.9998000264167786,0.9998000264167786,550.0
2024-03-01 10:24:00,ATRA,0.8039000034332275,0.8039000034332275,0.8069000244140625,0.8039000034332275,0.8069000244140625,2008.0
2024-03-01 10:24:00,ATRC,35.47570037841797,35.47570037841797,35.47999954223633,35.45000076293945,35.45500183105469,1336.0
2024-03-01 10:24:00,ATXS,15.050000190734863,15.050000190734863,15.09000015258789,15.050000190734863,15.09000015258789,702.0
2024-03-01 10:24:00,AUPH,5.75,5.75,5.769999980926514,5.75,5.752200126647949,5640.0
2024-03-01 10:24:00,AURA,9.220000267028809,9.220000267028809,9.220000267028809,9.220000267028809,9.220000267028809,10.0
2024-03-01 10:24:00,AUTL,6.269999980926514,6.269999980926514,6.28000020980835,6.24970006942749,6.24970006942749,4857.0
2024-03-01 10:24:00,AVDL,12.75,12.75,12.75,12.699999809265137,12.75,15113.0
2024-03-01 10:24:00,AVXL,5.250999927520752,5.250999927520752,5.250999927520752,5.250999927520752,5.250999927520752,2269.0
2024-03-01 10:24:00,AXGN,10.440099716186523,10.440099716186523,10.440099716186523,10.440099716186523,10.440099716186523,994.0
2024-03-01 10:24:00,AXSM,83.0199966430664,83.0199966430664,83.0999984741211,83.0,83.0999984741211,7393.0
2024-03-01 10:24:00,AZN,64.45999908447266,64.45999908447266,64.45999908447266,64.42070007324219,64.42070007324219,3019.0
2024-03-01 10:24:00,AZTA,66.02999877929688,66.02999877929688,66.02999877929688,66.01000213623047,66.01000213623047,217.0
2024-03-01 10:24:00,BBIO,36.26499938964844,36.26499938964844,36.279998779296875,36.224998474121094,36.224998474121094,969.0
2024-03-01 10:24:00,BBLG,2.5199999809265137,2.5199999809265137,2.5199999809265137,2.5199999809265137,2.5199999809265137,270.0
2024-03-01 10:24:00,BCAB,2.815000057220459,2.815000057220459,2.815000057220459,2.815000057220459,2.815000057220459,154.0
2024-03-01 10:24:00,BCDA,0.5400000214576721,0.5400000214576721,0.5400000214576721,0.5400000214576721,0.5400000214576721,372.0
2024-03-01 10:24:00,BCEL,0.26510000228881836,0.26510000228881836,0.26510000228881836,0.26510000228881836,0.26510000228881836,205.0
2024-03-01 10:24:00,BCRX,5.760000228881836,5.760000228881836,5.7600998878479,5.755000114440918,5.760000228881836,2672.0
2024-03-01 10:24:00,BEAM,41.099998474121094,41.099998474121094,41.18000030517578,41.099998474121094,41.099998474121094,3403.0
2024-03-01 10:24:00,BGNE,165.82000732421875,165.82000732421875,165.82000732421875,165.82000732421875,165.82000732421875,110.0
2024-03-01 10:24:00,BGXX,0.26019999384880066,0.26019999384880066,0.26019999384880066,0.26019999384880066,0.26019999384880066,1000.0
2024-03-01 10:24:00,BIVI,2.7200000286102295,2.7200000286102295,2.75,2.7100000381469727,2.744999885559082,80676.0
2024-03-01 10:24:00,BLFS,17.780000686645508,17.780000686645508,17.829999923706055,17.739999771118164,17.764999389648438,1974.0
2024-03-01 10:24:00,BLPH,0.051500000059604645,0.051500000059604645,0.051500000059604645,0.051500000059604645,0.051500000059604645,100.0
2024-03-01 10:24:00,BLUE,1.6349999904632568,1.6349999904632568,1.6399999856948853,1.6349999904632568,1.6349999904632568,19345.0
2024-03-01 10:24:00,BMRN,86.19999694824219,86.19999694824219,86.19999694824219,86.18000030517578,86.18000030517578,3150.0
2024-03-01 10:24:00,BNTX,90.79499816894531,90.79499816894531,90.79499816894531,90.72000122070312,90.72000122070312,1602.0
2024-03-01 10:24:00,BPMC,97.9000015258789,97.9000015258789,97.93000030517578,97.76000213623047,97.76499938964844,1064.0
2024-03-01 10:24:00,BRKR,87.5999984741211,87.5999984741211,87.63999938964844,87.5999984741211,87.63999938964844,745.0
2024-03-01 10:24:00,BSGM,0.660099983215332,0.660099983215332,0.660099983215332,0.6541000008583069,0.660099983215332,2085.0
2024-03-01 10:24:00,BTMD,6.0391998291015625,6.0391998291015625,6.0391998291015625,6.0,6.03000020980835,739.0
2024-03-01 10:24:00,BTTX,0.16200000047683716,0.16200000047683716,0.16200000047683716,0.16200000047683716,0.16200000047683716,2815.0
2024-03-01 10:24:00,BWAY,6.619100093841553,6.619100093841553,6.619100093841553,6.619100093841553,6.619100093841553,7600.0
2024-03-01 10:24:00,CABA,24.28499984741211,24.28499984741211,24.28499984741211,24.28499984741211,24.28499984741211,299.0
2024-03-01 10:24:00,CBAY,32.23500061035156,32.23500061035156,32.23500061035156,32.23500061035156,32.23500061035156,713.0
2024-03-01 10:24:00,CCCC,11.0,11.0,11.010000228881836,11.0,11.0,6716.0
2024-03-01 10:24:00,CCRN,18.040000915527344,18.040000915527344,18.040000915527344,18.040000915527344,18.040000915527344,541.0
2024-03-01 10:24:00,CDMO,7.860000133514404,7.860000133514404,7.860000133514404,7.860000133514404,7.860000133514404,888.0
2024-03-01 10:24:00,CDNA,12.164999961853027,12.164999961853027,12.180000305175781,12.164600372314453,12.170000076293945,2883.0
2024-03-01 10:24:00,CDXS,4.309999942779541,4.309999942779541,4.309999942779541,4.295000076293945,4.295000076293945,1029.0
2024-03-01 10:24:00,CERE,41.2400016784668,41.2400016784668,41.25,41.21500015258789,41.21500015258789,3365.0
2024-03-01 10:24:00,CERS,2.183199882507324,2.183199882507324,2.183199882507324,2.183199882507324,2.183199882507324,220.0
2024-03-01 10:24:00,CERT,17.770000457763672,17.770000457763672,17.80500030517578,17.770000457763672,17.770000457763672,838.0
2024-03-01 10:24:00,CGC,3.200000047683716,3.200000047683716,3.200000047683716,3.184999942779541,3.184999942779541,2041.0
2024-03-01 10:24:00,CGEM,19.079999923706055,19.079999923706055,19.100000381469727,19.040000915527344,19.100000381469727,5399.0
2024-03-01 10:24:00,CGEN,2.6659998893737793,2.6659998893737793,2.6679999828338623,2.6659998893737793,2.6679999828338623,329.0
2024-03-01 10:24:00,CHRS,2.319000005722046,2.319000005722046,2.319000005722046,2.309999942779541,2.309999942779541,9128.0
2024-03-01 10:24:00,CING,1.2624000310897827,1.2624000310897827,1.2624000310897827,1.2624000310897827,1.2624000310897827,1.0
2024-03-01 10:24:00,CLDX,51.959999084472656,51.959999084472656,51.959999084472656,51.935001373291016,51.935001373291016,6946.0
2024-03-01 10:24:00,CLNN,0.3930000066757202,0.3930000066757202,0.3930000066757202,0.3930000066757202,0.3930000066757202,200.0
2024-03-01 10:24:00,CLOV,0.8675000071525574,0.8675000071525574,0.8676000237464905,0.8661999702453613,0.8669999837875366,42487.0
2024-03-01 10:24:00,CMPS,10.65719985961914,10.65719985961914,10.680000305175781,10.65719985961914,10.680000305175781,460.0
2024-03-01 10:24:00,CMPX,1.850000023841858,1.850000023841858,1.850000023841858,1.850000023841858,1.850000023841858,100.0
2024-03-01 10:24:00,CNSP,0.3050000071525574,0.3050000071525574,0.3050000071525574,0.3050000071525574,0.3050000071525574,500.0
2024-03-01 10:24:00,COGT,7.360000133514404,7.360000133514404,7.369999885559082,7.360000133514404,7.369999885559082,6718.0
2024-03-01 10:24:00,CORT,23.790000915527344,23.790000915527344,23.790000915527344,23.780000686645508,23.780000686645508,549.0
2024-03-01 10:24:00,COSM,0.7520999908447266,0.7520999908447266,0.7520999908447266,0.7520999908447266,0.7520999908447266,132.0
2024-03-01 10:24:00,CPRX,16.7549991607666,16.7549991607666,16.7549991607666,16.7450008392334,16.75,3333.0
2024-03-01 10:24:00,CPSI,9.149999618530273,9.149999618530273,9.149999618530273,9.149999618530273,9.149999618530273,36.0
2024-03-01 10:24:00,CRBU,8.114999771118164,8.114999771118164,8.119999885559082,8.114999771118164,8.114999771118164,2073.0
2024-03-01 10:24:00,CRDF,2.5599000453948975,2.5599000453948975,2.5880000591278076,2.5501999855041504,2.5880000591278076,118569.0
2024-03-01 10:24:00,CRDL,1.9700000286102295,1.9700000286102295,1.9800000190734863,1.940000057220459,1.9800000190734863,17289.0
2024-03-01 10:24:00,CRIS,9.953800201416016,9.953800201416016,9.953800201416016,9.953800201416016,9.953800201416016,939.0
2024-03-01 10:24:00,CRMD,3.6600000858306885,3.6600000858306885,3.6600000858306885,3.6600000858306885,3.6600000858306885,100.0
2024-03-01 10:24:00,CRNX,45.0,45.0,45.0,44.970001220703125,44.970001220703125,296.0
2024-03-01 10:24:00,CRON,2.0399999618530273,2.0399999618530273,2.0399999618530273,2.0397000312805176,2.0399999618530273,1192.0
2024-03-01 10:24:00,CRSP,86.95989990234375,86.95989990234375,86.9999008178711,86.85679626464844,86.91999816894531,3466.0
2024-03-01 10:24:00,CRVS,2.180000066757202,2.180000066757202,2.1800999641418457,2.180000066757202,2.180000066757202,3500.0
2024-03-01 10:24:00,CSTL,19.75,19.75,19.82430076599121,19.75,19.780000686645508,1218.0
2024-03-01 10:24:00,CTKB,7.989999771118164,7.989999771118164,8.020000457763672,7.989999771118164,8.020000457763672,3199.0
2024-03-01 10:24:00,CUE,2.130000114440918,2.130000114440918,2.130000114440918,2.130000114440918,2.130000114440918,201.0
2024-03-01 10:24:00,CUTR,2.309999942779541,2.309999942779541,2.319999933242798,2.309999942779541,2.319999933242798,16928.0
2024-03-01 10:24:00,CVAC,3.4700000286102295,3.4700000286102295,3.4700000286102295,3.4700000286102295,3.4700000286102295,180.0
2024-03-01 10:24:00,CVRX,19.72800064086914,19.72800064086914,19.72800064086914,19.72800064086914,19.72800064086914,251.0
2024-03-01 10:24:00,CYTK,74.75,74.75,74.75,74.75,74.75,383.0
2024-03-01 10:24:00,DBVT,0.800000011920929,0.800000011920929,0.800000011920929,0.800000011920929,0.800000011920929,0.0
2024-03-01 10:24:00,DCGO,4.052499771118164,4.052499771118164,4.052499771118164,4.052499771118164,4.052499771118164,200.0
2024-03-01 10:24:00,DCPH,17.084999084472656,17.084999084472656,17.084999084472656,17.084999084472656,17.084999084472656,113.0
2024-03-01 10:24:00,DCTH,4.215000152587891,4.215000152587891,4.224999904632568,4.215000152587891,4.224999904632568,0.0
2024-03-01 10:24:00,DH,9.100000381469727,9.100000381469727,9.100000381469727,9.100000381469727,9.100000381469727,6.0
2024-03-01 10:24:00,DNLI,20.790000915527344,20.790000915527344,20.799999237060547,20.790000915527344,20.790000915527344,1760.0
2024-03-01 10:24:00,DRRX,1.002500057220459,1.002500057220459,1.002500057220459,1.002500057220459,1.002500057220459,0.0
2024-03-01 10:24:00,DSGN,2.8610000610351562,2.8610000610351562,2.8610000610351562,2.8610000610351562,2.8610000610351562,520.0
2024-03-01 10:24:00,DTIL,12.789999961853027,12.789999961853027,13.074999809265137,12.789899826049805,13.01140022277832,6575.0
2024-03-01 10:24:00,DVAX,12.78499984741211,12.78499984741211,12.789999961853027,12.78499984741211,12.78499984741211,529.0
2024-03-01 10:24:00,DXCM,116.93000030517578,116.93000030517578,116.93000030517578,116.7249984741211,116.7249984741211,4796.0
2024-03-01 10:24:00,DYN,30.069700241088867,30.069700241088867,30.069700241088867,30.069700241088867,30.069700241088867,884.0
2024-03-01 10:24:00,EDIT,10.84000015258789,10.84000015258789,10.845000267028809,10.829999923706055,10.84000015258789,4730.0
2024-03-01 10:24:00,EFTR,14.5,14.5,14.505000114440918,14.5,14.505000114440918,600.0
2024-03-01 10:24:00,ELEV,4.949999809265137,4.949999809265137,4.960000038146973,4.930500030517578,4.933499813079834,3815.0
2024-03-01 10:24:00,ENSG,123.96499633789062,123.96499633789062,123.97000122070312,123.93499755859375,123.97000122070312,831.0
2024-03-01 10:24:00,ENTA,14.864999771118164,14.864999771118164,14.864999771118164,14.829999923706055,14.859999656677246,310.0
2024-03-01 10:24:00,ENVB,1.7300000190734863,1.7300000190734863,1.749899983406067,1.7200000286102295,1.739400029182434,35242.0
2024-03-01 10:24:00,EOLS,14.720000267028809,14.720000267028809,14.819999694824219,14.720000267028809,14.8100004196167,2654.0
2024-03-01 10:24:00,ERAS,2.4800000190734863,2.4800000190734863,2.4800000190734863,2.4800000190734863,2.4800000190734863,100.0
2024-03-01 10:24:00,ESPR,2.505000114440918,2.505000114440918,2.505000114440918,2.5,2.5,3001.0
2024-03-01 10:24:00,ESTA,45.70000076293945,45.70000076293945,45.70000076293945,45.70000076293945,45.70000076293945,460.0
2024-03-01 10:24:00,ETNB,12.84000015258789,12.84000015258789,12.84000015258789,12.84000015258789,12.84000015258789,101.0
2024-03-01 10:24:00,EVO,7.40500020980835,7.40500020980835,7.40500020980835,7.400000095367432,7.400000095367432,17039.0
2024-03-01 10:24:00,EWTX,16.850000381469727,16.850000381469727,16.850000381469727,16.800899505615234,16.800899505615234,397.0
2024-03-01 10:24:00,EXAI,6.71999979019165,6.71999979019165,6.71999979019165,6.710000038146973,6.710000038146973,1025.0
2024-03-01 10:24:00,EXAS,59.58000183105469,59.58000183105469,59.58000183105469,59.45000076293945,59.45000076293945,1614.0
2024-03-01 10:24:00,EXEL,22.489999771118164,22.489999771118164,22.5,22.489999771118164,22.5,5517.0
2024-03-01 10:24:00,EYEN,2.115000009536743,2.115000009536743,2.115000009536743,2.115000009536743,2.115000009536743,196.0
2024-03-01 10:24:00,EYPT,28.479999542236328,28.479999542236328,28.479999542236328,28.40999984741211,28.459999084472656,2041.0
2024-03-01 10:24:00,FATE,7.480000019073486,7.480000019073486,7.485000133514404,7.480000019073486,7.485000133514404,1136.0
2024-03-01 10:24:00,FBIO,2.2214999198913574,2.2214999198913574,2.2300000190734863,2.2200000286102295,2.2300000190734863,1378.0
2024-03-01 10:24:00,FDMT,29.829999923706055,29.829999923706055,29.829999923706055,29.829999923706055,29.829999923706055,418.0
2024-03-01 10:24:00,FEMY,1.7300000190734863,1.7300000190734863,1.7300000190734863,1.7300000190734863,1.7300000190734863,1049.0
2024-03-01 10:24:00,FGEN,1.7100000381469727,1.7100000381469727,1.715000033378601,1.7094000577926636,1.7100000381469727,1096.0
2024-03-01 10:24:00,FIXX,0.9300000071525574,0.9300000071525574,0.9300000071525574,0.9300000071525574,0.9300000071525574,266.0
2024-03-01 10:24:00,FLGT,22.93000030517578,22.93000030517578,22.93000030517578,22.899999618530273,22.899999618530273,803.0
2024-03-01 10:24:00,FONR,22.34000015258789,22.34000015258789,22.510000228881836,22.34000015258789,22.5,589.0
2024-03-01 10:24:00,FULC,10.5600004196167,10.5600004196167,10.569999694824219,10.5600004196167,10.5600004196167,568.0
2024-03-01 10:24:00,GBIO,2.492300033569336,2.492300033569336,2.492300033569336,2.4749999046325684,2.4749999046325684,466.0
2024-03-01 10:24:00,GDRX,8.329999923706055,8.329999923706055,8.350000381469727,8.324999809265137,8.329999923706055,10289.0
2024-03-01 10:24:00,GERN,2.109999895095825,2.109999895095825,2.109999895095825,2.109499931335449,2.109999895095825,12322.0
2024-03-01 10:24:00,GH,19.170000076293945,19.170000076293945,19.170000076293945,19.149999618530273,19.149999618530273,723.0
2024-03-01 10:24:00,GILD,72.4800033569336,72.4800033569336,72.4800033569336,72.43000030517578,72.44000244140625,5798.0
2024-03-01 10:24:00,GMAB,28.940000534057617,28.940000534057617,28.950000762939453,28.940000534057617,28.950000762939453,622.0
2024-03-01 10:24:00,GOSS,1.3492000102996826,1.3492000102996826,1.350000023841858,1.3450000286102295,1.350000023841858,1203.0
2024-03-01 10:24:00,GRFS,6.949999809265137,6.949999809265137,6.949999809265137,6.894999980926514,6.914999961853027,4163.0
2024-03-01 10:24:00,GRTS,2.0999999046325684,2.0999999046325684,2.134999990463257,2.0999999046325684,2.125,9829.0
2024-03-01 10:24:00,GTHX,3.4749999046325684,3.4749999046325684,3.4749999046325684,3.4600000381469727,3.4600000381469727,16695.0
2024-03-01 10:24:00,HALO,41.11000061035156,41.11000061035156,41.130001068115234,41.08000183105469,41.11000061035156,3126.0
2024-03-01 10:24:00,HARP,22.9424991607666,22.9424991607666,22.950000762939453,22.9424991607666,22.9424991607666,400.0
2024-03-01 10:24:00,HCAT,8.015000343322754,8.015000343322754,8.015000343322754,8.015000343322754,8.015000343322754,629.0
2024-03-01 10:24:00,HCM,15.359999656677246,15.359999656677246,15.359999656677246,15.359999656677246,15.359999656677246,101.0
2024-03-01 10:24:00,HCSG,12.675000190734863,12.675000190734863,12.675000190734863,12.675000190734863,12.675000190734863,206.0
2024-03-01 10:24:00,HCTI,2.375,2.375,2.388200044631958,2.359999895095825,2.367500066757202,2749.0
2024-03-01 10:24:00,HOLX,73.66000366210938,73.66000366210938,73.66000366210938,73.66000366210938,73.66000366210938,127.0
2024-03-01 10:24:00,HQY,82.12999725341797,82.12999725341797,82.30999755859375,82.12999725341797,82.27999877929688,1693.0
2024-03-01 10:24:00,HRMY,31.399999618530273,31.399999618530273,31.399999618530273,31.229999542236328,31.25,2223.0
2024-03-01 10:24:00,HRTX,2.6549999713897705,2.6549999713897705,2.6600000858306885,2.6510000228881836,2.6510000228881836,219.0
2024-03-01 10:24:00,HSCS,0.11649999767541885,0.11649999767541885,0.11659999936819077,0.11649999767541885,0.11659999936819077,9300.0
2024-03-01 10:24:00,HUMA,3.177500009536743,3.177500009536743,3.1798999309539795,3.1700000762939453,3.1705000400543213,6709.0
2024-03-01 10:24:00,IART,36.65999984741211,36.65999984741211,36.65999984741211,36.650001525878906,36.654998779296875,598.0
2024-03-01 10:24:00,IBRX,4.81879997253418,4.81879997253418,4.81879997253418,4.803999900817871,4.809999942779541,474.0
2024-03-01 10:24:00,ICAD,1.794700026512146,1.794700026512146,1.794700026512146,1.794700026512146,1.794700026512146,1809.0
2024-03-01 10:24:00,ICUI,105.86000061035156,105.86000061035156,105.94499969482422,105.79499816894531,105.81500244140625,606.0
2024-03-01 10:24:00,IDXX,570.4660034179688,570.4660034179688,570.625,570.4660034179688,570.625,550.0
2024-03-01 10:24:00,IDYA,45.91999816894531,45.91999816894531,45.97999954223633,45.90999984741211,45.97999954223633,433.0
2024-03-01 10:24:00,ILMN,139.1999969482422,139.1999969482422,139.1999969482422,139.1829071044922,139.1829071044922,385.0
2024-03-01 10:24:00,IMAB,1.8450000286102295,1.8450000286102295,1.8450000286102295,1.8450000286102295,1.8450000286102295,130.0
2024-03-01 10:24:00,IMNM,25.139999389648438,25.139999389648438,25.139999389648438,25.139999389648438,25.139999389648438,124.0
2024-03-01 10:24:00,IMTX,12.975000381469727,12.975000381469727,13.010000228881836,12.947500228881836,13.010000228881836,1569.0
2024-03-01 10:24:00,IMUX,1.5199999809265137,1.5199999809265137,1.5199999809265137,1.5199999809265137,1.5199999809265137,169.0
2024-03-01 10:24:00,IMVT,36.6349983215332,36.6349983215332,36.6349983215332,36.6150016784668,36.6349983215332,402.0
2024-03-01 10:24:00,INBX,36.900001525878906,36.900001525878906,36.900001525878906,36.900001525878906,36.900001525878906,279.0
2024-03-01 10:24:00,INCY,58.95500183105469,58.95500183105469,58.95500183105469,58.90999984741211,58.90999984741211,3150.0
2024-03-01 10:24:00,INGN,6.760000228881836,6.760000228881836,6.760000228881836,6.760000228881836,6.760000228881836,200.0
2024-03-01 10:24:00,INMD,22.549999237060547,22.549999237060547,22.549999237060547,22.520000457763672,22.520000457763672,1738.0
2024-03-01 10:24:00,INO,8.895000457763672,8.895000457763672,8.895000457763672,8.895000457763672,8.895000457763672,425.0
2024-03-01 10:24:00,INSM,28.327499389648438,28.327499389648438,28.395000457763672,28.327499389648438,28.3799991607666,2653.0
2024-03-01 10:24:00,INVA,15.449999809265137,15.449999809265137,15.569999694824219,15.449999809265137,15.5600004196167,2539.0
2024-03-01 10:24:00,INZY,6.550000190734863,6.550000190734863,6.550000190734863,6.550000190734863,6.550000190734863,102.0
2024-03-01 10:24:00,IONM,0.3449000120162964,0.3449000120162964,0.3476000130176544,0.3449000120162964,0.3476000130176544,0.0
2024-03-01 10:24:00,IONS,45.66999816894531,45.66999816894531,45.66999816894531,45.61000061035156,45.630001068115234,1120.0
2024-03-01 10:24:00,IOVA,16.840099334716797,16.840099334716797,16.950000762939453,16.840099334716797,16.924999237060547,28865.0
2024-03-01 10:24:00,IRWD,8.9350004196167,8.9350004196167,8.970000267028809,8.9350004196167,8.960000038146973,219824.0
2024-03-01 10:24:00,ISRG,387.79998779296875,387.79998779296875,387.79998779296875,387.79998779296875,387.79998779296875,192.0
2024-03-01 10:24:00,ITOS,10.739999771118164,10.739999771118164,10.739999771118164,10.729999542236328,10.729999542236328,1070.0
2024-03-01 10:24:00,JAGX,0.10639999806880951,0.10639999806880951,0.10790000110864639,0.09880000352859497,0.09989999979734421,4732420.0
2024-03-01 10:24:00,JANX,46.88999938964844,46.88999938964844,47.119998931884766,46.459999084472656,46.459999084472656,2130.0
2024-03-01 10:24:00,JAZZ,120.20999908447266,120.20999908447266,120.20999908447266,120.18000030517578,120.18000030517578,256.0
2024-03-01 10:24:00,KIDS,27.110000610351562,27.110000610351562,27.114999771118164,27.110000610351562,27.110000610351562,1234.0
2024-03-01 10:24:00,KNSA,22.05500030517578,22.05500030517578,22.05500030517578,22.05500030517578,22.05500030517578,375.0
2024-03-01 10:24:00,KOD,6.03000020980835,6.03000020980835,6.045000076293945,6.03000020980835,6.045000076293945,1394.0
2024-03-01 10:24:00,KPTI,1.184999942779541,1.184999942779541,1.184999942779541,1.1749999523162842,1.1799999475479126,3993.0
2024-03-01 10:24:00,KRYS,167.80029296875,167.80029296875,167.80029296875,167.2100067138672,167.2100067138672,583.0
2024-03-01 10:24:00,KTRA,0.10199999809265137,0.10199999809265137,0.10270000249147415,0.10199999809265137,0.10270000249147415,47342.0
2024-03-01 10:24:00,KURA,21.260000228881836,21.260000228881836,21.260000228881836,21.25,21.25,429.0
2024-03-01 10:24:00,KYMR,43.85499954223633,43.85499954223633,43.85499954223633,43.85499954223633,43.85499954223633,266.0
2024-03-01 10:24:00,KZR,1.1100000143051147,1.1100000143051147,1.1100000143051147,1.1098999977111816,1.1100000143051147,23723.0
2024-03-01 10:24:00,LAB,2.319999933242798,2.319999933242798,2.319999933242798,2.309999942779541,2.309999942779541,658.0
2024-03-01 10:24:00,LEXX,2.518199920654297,2.518199920654297,2.526099920272827,2.518199920654297,2.526099920272827,1710.0
2024-03-01 10:24:00,LFMD,8.0,8.0,8.0,8.0,8.0,600.0
2024-03-01 10:24:00,LFST,8.069999694824219,8.069999694824219,8.069999694824219,8.044500350952148,8.048999786376953,9657.0
2024-03-01 10:24:00,LIVN,54.67250061035156,54.67250061035156,54.70000076293945,54.595001220703125,54.595001220703125,5512.0
2024-03-01 10:24:00,LMAT,68.44000244140625,68.44000244140625,68.44000244140625,68.16000366210938,68.16500091552734,1655.0
2024-03-01 10:24:00,LNSR,4.71999979019165,4.71999979019165,4.71999979019165,4.71999979019165,4.71999979019165,920.0
2024-03-01 10:24:00,LNTH,65.43000030517578,65.43000030517578,65.43000030517578,65.43000030517578,65.43000030517578,167.0
2024-03-01 10:24:00,LPTX,2.865000009536743,2.865000009536743,2.865000009536743,2.865000009536743,2.865000009536743,200.0
2024-03-01 10:24:00,LQDA,14.420000076293945,14.420000076293945,14.4399995803833,14.420000076293945,14.4399995803833,891.0
2024-03-01 10:24:00,LRMR,11.399999618530273,11.399999618530273,11.399999618530273,11.399999618530273,11.399999618530273,604.0
2024-03-01 10:24:00,LUNG,9.100000381469727,9.100000381469727,9.100000381469727,9.100000381469727,9.100000381469727,1674.0
2024-03-01 10:24:00,LVTX,3.0850000381469727,3.0850000381469727,3.099900007247925,3.0799999237060547,3.099900007247925,1246.0
2024-03-01 10:24:00,LXRX,2.421999931335449,2.421999931335449,2.440000057220459,2.4100000858306885,2.430500030517578,21868.0
2024-03-01 10:24:00,LYEL,3.1098999977111816,3.1098999977111816,3.109999895095825,3.1098999977111816,3.109999895095825,1240.0
2024-03-01 10:24:00,LYRA,5.5,5.5,5.5,5.5,5.5,200.0
2024-03-01 10:24:00,MACK,14.75059986114502,14.75059986114502,14.75059986114502,14.75059986114502,14.75059986114502,105.0
2024-03-01 10:24:00,MBOT,1.2799999713897705,1.2799999713897705,1.2799999713897705,1.2799999713897705,1.2799999713897705,200.0
2024-03-01 10:24:00,MCRB,1.1749999523162842,1.1749999523162842,1.179900050163269,1.1699999570846558,1.1749999523162842,26604.0
2024-03-01 10:24:00,MDRX,5.900000095367432,5.900000095367432,5.980000019073486,5.900000095367432,5.949999809265137,35761.0
2024-03-01 10:24:00,MDXG,8.489999771118164,8.489999771118164,8.510000228881836,8.489999771118164,8.505000114440918,3632.0
2024-03-01 10:24:00,ME,0.5759999752044678,0.5759999752044678,0.576200008392334,0.5759999752044678,0.576200008392334,0.0
2024-03-01 10:24:00,MEDP,399.2200012207031,399.2200012207031,399.2200012207031,399.2200012207031,399.2200012207031,307.0
2024-03-01 10:24:00,MGNX,19.110000610351562,19.110000610351562,19.110000610351562,19.06999969482422,19.06999969482422,1783.0
2024-03-01 10:24:00,MLTX,52.35499954223633,52.35499954223633,52.400001525878906,52.25,52.400001525878906,11278.0
2024-03-01 10:24:00,MNKD,4.494999885559082,4.494999885559082,4.5,4.485000133514404,4.488500118255615,25364.0
2024-03-01 10:24:00,MNMD,5.900000095367432,5.900000095367432,5.900000095367432,5.869900226593018,5.869900226593018,5479.0
2024-03-01 10:24:00,MODD,1.940000057220459,1.940000057220459,1.940000057220459,1.940000057220459,1.940000057220459,300.0
2024-03-01 10:24:00,MOR,17.684999465942383,17.684999465942383,17.690000534057617,17.684999465942383,17.690000534057617,707.0
2024-03-01 10:24:00,MORF,38.165000915527344,38.165000915527344,38.165000915527344,38.125,38.150001525878906,715.0
2024-03-01 10:24:00,MREO,3.9049999713897705,3.9049999713897705,3.9049999713897705,3.9049999713897705,3.9049999713897705,0.0
2024-03-01 10:24:00,MRNA,95.29000091552734,95.29000091552734,95.33000183105469,94.95999908447266,94.95999908447266,16351.0
2024-03-01 10:24:00,MRNS,9.720999717712402,9.720999717712402,9.720999717712402,9.720999717712402,9.720999717712402,651.0
2024-03-01 10:24:00,MRSN,6.045000076293945,6.045000076293945,6.070000171661377,6.045000076293945,6.059999942779541,1411.0
2024-03-01 10:24:00,MRUS,49.9900016784668,49.9900016784668,49.9900016784668,49.959999084472656,49.974998474121094,446.0
2024-03-01 10:24:00,MRVI,7.760000228881836,7.760000228881836,7.760000228881836,7.760000228881836,7.760000228881836,595.0
2024-03-01 10:24:00,MTEM,3.75,3.75,3.75,3.75,3.75,128.0
2024-03-01 10:24:00,MXCT,4.760000228881836,4.760000228881836,4.784999847412109,4.760000228881836,4.784999847412109,6024.0
2024-03-01 10:24:00,MYGN,21.010000228881836,21.010000228881836,21.010000228881836,21.010000228881836,21.010000228881836,244.0
2024-03-01 10:24:00,NARI,45.064998626708984,45.064998626708984,45.310001373291016,45.064998626708984,45.29999923706055,4500.0
2024-03-01 10:24:00,NBIX,131.57000732421875,131.57000732421875,131.6300048828125,131.47999572753906,131.47999572753906,1910.0
2024-03-01 10:24:00,NEO,15.9350004196167,15.9350004196167,15.9350004196167,15.914999961853027,15.914999961853027,246.0
2024-03-01 10:24:00,NEOG,16.889999389648438,16.889999389648438,16.895000457763672,16.885000228881836,16.885000228881836,6376.0
2024-03-01 10:24:00,NERV,2.538100004196167,2.538100004196167,2.538100004196167,2.538100004196167,2.538100004196167,524.0
2024-03-01 10:24:00,NEXI,6.639999866485596,6.639999866485596,6.639999866485596,6.639999866485596,6.639999866485596,335.0
2024-03-01 10:24:00,NGM,1.5299999713897705,1.5299999713897705,1.5299999713897705,1.5299999713897705,1.5299999713897705,368.0
2024-03-01 10:24:00,NKTR,0.7397000193595886,0.7397000193595886,0.7397000193595886,0.7300000190734863,0.7300000190734863,0.0
2024-03-01 10:24:00,NKTX,12.350000381469727,12.350000381469727,12.380000114440918,12.350000381469727,12.35159969329834,799.0
2024-03-01 10:24:00,NNOX,11.011500358581543,11.011500358581543,11.050000190734863,11.010000228881836,11.029999732971191,6009.0
2024-03-01 10:24:00,NOTV,7.590000152587891,7.590000152587891,7.590000152587891,7.590000152587891,7.590000152587891,200.0
2024-03-01 10:24:00,NRBO,5.619999885559082,5.619999885559082,5.699999809265137,5.619999885559082,5.699900150299072,838.0
2024-03-01 10:24:00,NRIX,13.199999809265137,13.199999809265137,13.199999809265137,13.199999809265137,13.199999809265137,109.0
2024-03-01 10:24:00,NRSN,1.9600000381469727,1.9600000381469727,1.9600000381469727,1.9600000381469727,1.9600000381469727,394.0
2024-03-01 10:24:00,NRXP,0.41499999165534973,0.41499999165534973,0.4300000071525574,0.41499999165534973,0.4300000071525574,21029.0
2024-03-01 10:24:00,NTLA,33.8849983215332,33.8849983215332,33.88990020751953,33.80009841918945,33.81999969482422,3609.0
2024-03-01 10:24:00,NTRA,89.66999816894531,89.66999816894531,89.66999816894531,89.5250015258789,89.5999984741211,3357.0
2024-03-01 10:24:00,NVAX,5.009900093078613,5.009900093078613,5.010000228881836,4.96999979019165,4.96999979019165,25362.0
2024-03-01 10:24:00,NVCR,15.454999923706055,15.454999923706055,15.457500457763672,15.454999923706055,15.457500457763672,904.0
2024-03-01 10:24:00,NVNO,6.394999980926514,6.394999980926514,6.394999980926514,6.394999980926514,6.394999980926514,1043.0
2024-03-01 10:24:00,NXTC,1.7350000143051147,1.7350000143051147,1.7350000143051147,1.7350000143051147,1.7350000143051147,115.0
2024-03-01 10:24:00,OCGN,0.9300000071525574,0.9300000071525574,0.9300000071525574,0.9269000291824341,0.9269000291824341,593.0
2024-03-01 10:24:00,OCUL,10.210000038146973,10.210000038146973,10.21500015258789,10.210000038146973,10.210000038146973,695.0
2024-03-01 10:24:00,OFIX,12.96500015258789,12.96500015258789,12.970000267028809,12.96500015258789,12.970000267028809,615.0
2024-03-01 10:24:00,OGI,2.065000057220459,2.065000057220459,2.065000057220459,2.065000057220459,2.065000057220459,375.0
2024-03-01 10:24:00,OM,3.0299999713897705,3.0299999713897705,3.0299999713897705,3.0299999713897705,3.0299999713897705,890.0
2024-03-01 10:24:00,OMER,4.730000019073486,4.730000019073486,4.730000019073486,4.730000019073486,4.730000019073486,301.0
2024-03-01 10:24:00,OMGA,4.119999885559082,4.119999885559082,4.119999885559082,4.119999885559082,4.119999885559082,2000.0
2024-03-01 10:24:00,ONCY,1.090000033378601,1.090000033378601,1.090000033378601,1.0850000381469727,1.0850000381469727,7704.0
2024-03-01 10:25:00,AADI,1.9900000095367432,1.9900000095367432,1.9900000095367432,1.9900000095367432,1.9900000095367432,1027.0
2024-03-01 10:25:00,ABCL,5.139999866485596,5.139999866485596,5.150000095367432,5.139999866485596,5.150000095367432,1234.0
2024-03-01 10:25:00,ABEO,7.519999980926514,7.519999980926514,7.519999980926514,7.519999980926514,7.519999980926514,845.0
2024-03-01 10:25:00,ABOS,4.739999771118164,4.739999771118164,4.739999771118164,4.730000019073486,4.730000019073486,1841.0
2024-03-01 10:25:00,ABSI,5.230000019073486,5.230000019073486,5.230000019073486,5.218900203704834,5.218900203704834,4007.0
2024-03-01 10:25:00,ACAD,23.954999923706055,23.954999923706055,23.959999084472656,23.940000534057617,23.951000213623047,2956.0
2024-03-01 10:25:00,ACB,3.049999952316284,3.049999952316284,3.049999952316284,3.0450000762939453,3.0450000762939453,3767.0
2024-03-01 10:25:00,ACCD,10.239999771118164,10.239999771118164,10.239999771118164,10.239999771118164,10.239999771118164,311.0
2024-03-01 10:25:00,ACET,2.325000047683716,2.325000047683716,2.325000047683716,2.315000057220459,2.315000057220459,6741.0
2024-03-01 10:25:00,ACHL,1.3799999952316284,1.3799999952316284,1.3799999952316284,1.3600000143051147,1.3700000047683716,1510.0
2024-03-01 10:25:00,ACHV,3.990000009536743,3.990000009536743,3.990000009536743,3.990000009536743,3.990000009536743,200.0
2024-03-01 10:25:00,ACON,0.3824000060558319,0.3824000060558319,0.3824000060558319,0.3824000060558319,0.3824000060558319,2272.0
2024-03-01 10:25:00,ACRS,1.25,1.25,1.25,1.2450000047683716,1.25,24608.0
2024-03-01 10:25:00,ACXP,3.0399999618530273,3.0399999618530273,3.0399999618530273,3.0399999618530273,3.0399999618530273,155.0
2024-03-01 10:25:00,ADAP,1.559999942779541,1.559999942779541,1.5700000524520874,1.5499999523162842,1.5700000524520874,7361.0
2024-03-01 10:25:00,ADIL,3.3299999237060547,3.3299999237060547,3.440000057220459,3.2799999713897705,3.4398999214172363,183598.0
2024-03-01 10:25:00,ADMA,5.389999866485596,5.389999866485596,5.389999866485596,5.385000228881836,5.385000228881836,293.0
2024-03-01 10:25:00,ADPT,4.164999961853027,4.164999961853027,4.164999961853027,4.15500020980835,4.159999847412109,316.0
2024-03-01 10:25:00,ADVM,1.9500000476837158,1.9500000476837158,1.965000033378601,1.9500000476837158,1.965000033378601,2828.0
2024-03-01 10:25:00,AGEN,0.6650999784469604,0.6650999784469604,0.6650999784469604,0.6650999784469604,0.6650999784469604,2671.0
2024-03-01 10:25:00,AGIO,32.84000015258789,32.84000015258789,32.849998474121094,32.79999923706055,32.849998474121094,600.0
2024-03-01 10:25:00,AHCO,10.694999694824219,10.694999694824219,10.71500015258789,10.694999694824219,10.710000038146973,1632.0
2024-03-01 10:25:00,AIMD,0.9700000286102295,0.9700000286102295,1.0099999904632568,0.9700000286102295,0.9700999855995178,1716.0
2024-03-01 10:25:00,AIRS,6.545000076293945,6.545000076293945,6.570000171661377,6.5,6.5,400.0
2024-03-01 10:25:00,AKAN,0.2685000002384186,0.2685000002384186,0.27000001072883606,0.26829999685287476,0.27000001072883606,4863.0
2024-03-01 10:25:00,AKBA,1.6549999713897705,1.6549999713897705,1.6699999570846558,1.6549999713897705,1.6699999570846558,9771.0
2024-03-01 10:25:00,AKYA,5.96999979019165,5.96999979019165,5.96999979019165,5.929999828338623,5.929999828338623,758.0
2024-03-01 10:25:00,ALDX,4.090000152587891,4.090000152587891,4.105000019073486,4.079999923706055,4.09499979019165,8296.0
2024-03-01 10:25:00,ALGN,298.0299987792969,298.0299987792969,298.0299987792969,298.0299987792969,298.0299987792969,431.0
2024-03-01 10:25:00,ALGS,0.9998000264167786,0.9998000264167786,0.9998000264167786,0.9998000264167786,0.9998000264167786,655.0
2024-03-01 10:25:00,ALHC,5.7778000831604,5.7778000831604,5.800000190734863,5.769999980926514,5.800000190734863,3751.0
2024-03-01 10:25:00,ALKS,30.020000457763672,30.020000457763672,30.054100036621094,30.020000457763672,30.049999237060547,620.0
2024-03-01 10:25:00,ALLK,1.5950000286102295,1.5950000286102295,1.5950000286102295,1.5850000381469727,1.5850000381469727,7723.0
2024-03-01 10:25:00,ALLO,5.025000095367432,5.025000095367432,5.025000095367432,5.025000095367432,5.025000095367432,676.0
2024-03-01 10:25:00,ALNY,153.2899932861328,153.2899932861328,153.2899932861328,153.0399932861328,153.0399932861328,608.0
2024-03-01 10:25:00,ALPN,36.314998626708984,36.314998626708984,36.3650016784668,36.314998626708984,36.3650016784668,1176.0
2024-03-01 10:25:00,ALT,12.270000457763672,12.270000457763672,12.270000457763672,12.244999885559082,12.270000457763672,6482.0
2024-03-01 10:25:00,ALVO,15.65999984741211,15.65999984741211,15.65999984741211,15.65999984741211,15.65999984741211,7.0
2024-03-01 10:25:00,ALXO,14.930000305175781,14.930000305175781,14.930000305175781,14.930000305175781,14.930000305175781,280.0
2024-03-01 10:25:00,AMED,93.37000274658203,93.37000274658203,93.38999938964844,93.37000274658203,93.38999938964844,372.0
2024-03-01 10:25:00,AMGN,279.6499938964844,279.6499938964844,279.67999267578125,279.2799987792969,279.4656982421875,8573.0
2024-03-01 10:25:00,AMLX,18.93000030517578,18.93000030517578,18.940000534057617,18.90999984741211,18.915000915527344,2429.0
2024-03-01 10:25:00,AMPH,46.040000915527344,46.040000915527344,46.09000015258789,45.77000045776367,45.77000045776367,4325.0
2024-03-01 10:25:00,AMRN,1.030500054359436,1.030500054359436,1.0449999570846558,1.0299999713897705,1.0399999618530273,37643.0
2024-03-01 10:25:00,ANAB,25.450000762939453,25.450000762939453,25.450000762939453,25.450000762939453,25.450000762939453,106.0
2024-03-01 10:25:00,ANGO,5.360000133514404,5.360000133514404,5.360000133514404,5.340000152587891,5.340000152587891,4081.0
2024-03-01 10:25:00,ANIP,68.31500244140625,68.31500244140625,68.80000305175781,67.44000244140625,67.44000244140625,5146.0
2024-03-01 10:25:00,ANNX,5.810299873352051,5.810299873352051,5.849999904632568,5.810299873352051,5.829999923706055,4572.0
2024-03-01 10:25:00,APLS,62.814998626708984,62.814998626708984,62.85499954223633,62.7599983215332,62.79999923706055,1271.0
2024-03-01 10:25:00,APLT,7.400700092315674,7.400700092315674,7.420000076293945,7.380000114440918,7.409999847412109,4359.0
2024-03-01 10:25:00,AQST,4.179999828338623,4.179999828338623,4.210000038146973,4.159999847412109,4.210000038146973,11600.0
2024-03-01 10:25:00,ARAY,2.6310999393463135,2.6310999393463135,2.6310999393463135,2.630000114440918,2.630000114440918,240.0
2024-03-01 10:25:00,ARCT,40.12099838256836,40.12099838256836,40.1708984375,40.12099838256836,40.1708984375,2203.0
2024-03-01 10:25:00,ARDX,9.66919994354248,9.66919994354248,9.675000190734863,9.654999732971191,9.654999732971191,1814.0
2024-03-01 10:25:00,ARGX,384.5350036621094,384.5350036621094,384.5350036621094,384.5350036621094,384.5350036621094,240.0
2024-03-01 10:25:00,ARQT,10.970000267028809,10.970000267028809,10.984999656677246,10.920000076293945,10.930000305175781,23561.0
2024-03-01 10:25:00,ARVN,50.779998779296875,50.779998779296875,50.904998779296875,50.7400016784668,50.904998779296875,1346.0
2024-03-01 10:25:00,ARWR,34.95500183105469,34.95500183105469,34.970001220703125,34.915000915527344,34.959999084472656,857.0
2024-03-01 10:25:00,ASMB,13.449999809265137,13.449999809265137,13.449999809265137,13.449999809265137,13.449999809265137,1600.0
2024-03-01 10:25:00,ASND,148.8800048828125,148.8800048828125,149.0,148.55499267578125,148.55499267578125,748.0
2024-03-01 10:25:00,ASRT,0.91839998960495,0.91839998960495,0.9193000197410583,0.9106000065803528,0.9106000065803528,800.0
2024-03-01 10:25:00,ATAI,1.9701000452041626,1.9701000452041626,1.9800000190734863,1.9700000286102295,1.9700000286102295,2171.0
2024-03-01 10:25:00,ATEC,13.279999732971191,13.279999732971191,13.28499984741211,13.270000457763672,13.270000457763672,2913.0
2024-03-01 10:25:00,ATHA,3.940000057220459,3.940000057220459,3.940000057220459,3.934999942779541,3.934999942779541,201.0
2024-03-01 10:25:00,ATOS,0.9900000095367432,0.9900000095367432,0.9997000098228455,0.9900000095367432,0.9997000098228455,2644.0
2024-03-01 10:25:00,ATRA,0.8098999857902527,0.8098999857902527,0.8098999857902527,0.7980999946594238,0.7980999946594238,7250.0
2024-03-01 10:25:00,ATXS,15.039999961853027,15.039999961853027,15.050000190734863,15.020000457763672,15.050000190734863,2183.0
2024-03-01 10:25:00,AUGX,4.53000020980835,4.53000020980835,4.53000020980835,4.519999980926514,4.519999980926514,673.0
2024-03-01 10:25:00,AUPH,5.764999866485596,5.764999866485596,5.764999866485596,5.755000114440918,5.755000114440918,1117.0
2024-03-01 10:25:00,AURA,9.220000267028809,9.220000267028809,9.220000267028809,9.220000267028809,9.220000267028809,293.0
2024-03-01 10:25:00,AUTL,6.25,6.25,6.260000228881836,6.25,6.260000228881836,3908.0
2024-03-01 10:25:00,AVDL,12.729999542236328,12.729999542236328,12.729999542236328,12.729999542236328,12.729999542236328,358.0
2024-03-01 10:25:00,AVIR,4.360000133514404,4.360000133514404,4.360000133514404,4.360000133514404,4.360000133514404,158.0
2024-03-01 10:25:00,AVXL,5.264999866485596,5.264999866485596,5.264999866485596,5.260000228881836,5.260000228881836,820.0
2024-03-01 10:25:00,AXGN,10.489999771118164,10.489999771118164,10.489999771118164,10.470000267028809,10.470000267028809,842.0
2024-03-01 10:25:00,AXSM,83.6050033569336,83.6050033569336,83.61000061035156,83.20999908447266,83.20999908447266,2587.0
2024-03-01 10:25:00,AZN,64.48500061035156,64.48500061035156,64.49500274658203,64.45500183105469,64.47000122070312,2989.0
2024-03-01 10:25:00,AZTA,66.0199966430664,66.0199966430664,66.11499786376953,66.0199966430664,66.02999877929688,938.0
2024-03-01 10:25:00,BBIO,36.349998474121094,36.349998474121094,36.349998474121094,36.345001220703125,36.345001220703125,507.0
2024-03-01 10:25:00,BBLG,2.5,2.5,2.549999952316284,2.5,2.5,2250.0
2024-03-01 10:25:00,BCDA,0.5400000214576721,0.5400000214576721,0.5400000214576721,0.5400000214576721,0.5400000214576721,1536.0
2024-03-01 10:25:00,BCRX,5.764999866485596,5.764999866485596,5.764999866485596,5.764999866485596,5.764999866485596,381.0
2024-03-01 10:25:00,BEAM,41.18009948730469,41.18009948730469,41.209999084472656,41.154998779296875,41.154998779296875,2627.0
2024-03-01 10:25:00,BGNE,165.82000732421875,165.82000732421875,165.82000732421875,165.82000732421875,165.82000732421875,472.0
2024-03-01 10:25:00,BGXX,0.26980000734329224,0.26980000734329224,0.26980000734329224,0.26980000734329224,0.26980000734329224,2814.0
2024-03-01 10:25:00,BIIB,219.36000061035156,219.36000061035156,219.36000061035156,219.36000061035156,219.36000061035156,781.0
2024-03-01 10:25:00,BIOL,0.13989999890327454,0.13989999890327454,0.13989999890327454,0.13989999890327454,0.13989999890327454,800.0
2024-03-01 10:25:00,BIOR,1.2300000190734863,1.2300000190734863,1.2300000190734863,1.2300000190734863,1.2300000190734863,312.0
2024-03-01 10:25:00,BIVI,2.619999885559082,2.619999885559082,2.7300000190734863,2.5999999046325684,2.7200000286102295,360043.0
2024-03-01 10:25:00,BLFS,17.75,17.75,17.78499984741211,17.729999542236328,17.78499984741211,506.0
2024-03-01 10:25:00,BLTE,46.380001068115234,46.380001068115234,46.380001068115234,46.380001068115234,46.380001068115234,824.0
2024-03-01 10:25:00,BLUE,1.6349999904632568,1.6349999904632568,1.649999976158142,1.6299999952316284,1.639799952507019,81723.0
2024-03-01 10:25:00,BMRN,86.21499633789062,86.21499633789062,86.2300033569336,86.19999694824219,86.19999694824219,1943.0
2024-03-01 10:25:00,BNGO,1.2350000143051147,1.2350000143051147,1.2350000143051147,1.2350000143051147,1.2350000143051147,1317.0
2024-03-01 10:25:00,BNTX,90.76000213623047,90.76000213623047,90.80000305175781,90.76000213623047,90.80000305175781,376.0
2024-03-01 10:25:00,BPMC,98.00499725341797,98.00499725341797,98.00499725341797,98.00499725341797,98.00499725341797,449.0
2024-03-01 10:25:00,BRKR,87.72000122070312,87.72000122070312,87.7249984741211,87.66999816894531,87.70999908447266,1476.0
2024-03-01 10:25:00,BSGM,0.6800000071525574,0.6800000071525574,0.6800000071525574,0.6800000071525574,0.6800000071525574,1501.0
2024-03-01 10:25:00,BTAI,3.2049999237060547,3.2049999237060547,3.2049999237060547,3.200000047683716,3.200000047683716,3100.0
2024-03-01 10:25:00,BTMD,6.039999961853027,6.039999961853027,6.070000171661377,6.039999961853027,6.039999961853027,1066.0
2024-03-01 10:25:00,BTTX,0.16200000047683716,0.16200000047683716,0.16200000047683716,0.16189999878406525,0.16189999878406525,20108.0
2024-03-01 10:25:00,CBAY,32.23500061035156,32.23500061035156,32.23500061035156,32.22999954223633,32.23500061035156,1853.0
2024-03-01 10:25:00,CCCC,10.99120044708252,10.99120044708252,11.0,10.99020004272461,11.0,6000.0
2024-03-01 10:25:00,CCRN,18.059999465942383,18.059999465942383,18.059999465942383,18.059999465942383,18.059999465942383,302.0
2024-03-01 10:25:00,CDMO,7.869999885559082,7.869999885559082,7.869999885559082,7.860000133514404,7.860000133514404,448.0
2024-03-01 10:25:00,CDNA,12.180000305175781,12.180000305175781,12.210000038146973,12.180000305175781,12.180000305175781,3623.0
2024-03-01 10:25:00,CDXS,4.320000171661377,4.320000171661377,4.33459997177124,4.309999942779541,4.309999942779541,1278.0
2024-03-01 10:25:00,CERE,41.220001220703125,41.220001220703125,41.2400016784668,41.220001220703125,41.2400016784668,948.0
2024-03-01 10:25:00,CERT,17.780000686645508,17.780000686645508,17.799999237060547,17.760000228881836,17.78499984741211,3699.0
2024-03-01 10:25:00,CGC,3.200000047683716,3.200000047683716,3.2100000381469727,3.194999933242798,3.194999933242798,28753.0
2024-03-01 10:25:00,CGEM,19.145000457763672,19.145000457763672,19.18000030517578,19.100000381469727,19.18000030517578,2269.0
2024-03-01 10:25:00,CHRS,2.318700075149536,2.318700075149536,2.318700075149536,2.31850004196167,2.31850004196167,1300.0
2024-03-01 10:25:00,CJJD,2.9700000286102295,2.9700000286102295,2.9700000286102295,2.940000057220459,2.940000057220459,917.0
2024-03-01 10:25:00,CLDX,51.79499816894531,51.79499816894531,52.0,51.72999954223633,51.9900016784668,11778.0
2024-03-01 10:25:00,CLNN,0.3930000066757202,0.3930000066757202,0.3930000066757202,0.3930000066757202,0.3930000066757202,2200.0
2024-03-01 10:25:00,CLOV,0.868399977684021,0.868399977684021,0.868399977684021,0.8675000071525574,0.8676000237464905,17861.0
2024-03-01 10:25:00,CLPT,6.589600086212158,6.589600086212158,6.589700222015381,6.570000171661377,6.570000171661377,1125.0
2024-03-01 10:25:00,CMPS,10.680000305175781,10.680000305175781,10.6899995803833,10.65999984741211,10.6899995803833,1971.0
2024-03-01 10:25:00,CMPX,1.8730000257492065,1.8730000257492065,1.8730000257492065,1.8600000143051147,1.8600000143051147,2655.0
2024-03-01 10:25:00,CNSP,0.3100000023841858,0.3100000023841858,0.3100000023841858,0.3100000023841858,0.3100000023841858,9581.0
2024-03-01 10:25:00,CNTB,1.1200000047683716,1.1200000047683716,1.1399999856948853,1.1200000047683716,1.1399999856948853,319.0
2024-03-01 10:25:00,CODX,1.149999976158142,1.149999976158142,1.149999976158142,1.149999976158142,1.149999976158142,305.0
2024-03-01 10:25:00,COGT,7.355000019073486,7.355000019073486,7.369999885559082,7.355000019073486,7.360000133514404,2953.0
2024-03-01 10:25:00,COLL,37.48500061035156,37.48500061035156,37.48500061035156,37.470001220703125,37.470001220703125,369.0
2024-03-01 10:25:00,CORT,23.899999618530273,23.899999618530273,23.959999084472656,23.790000915527344,23.790000915527344,14261.0
2024-03-01 10:25:00,CPRX,16.815000534057617,16.815000534057617,16.815000534057617,16.725000381469727,16.75749969482422,15541.0
2024-03-01 10:25:00,CPSI,9.164999961853027,9.164999961853027,9.219900131225586,9.164999961853027,9.219900131225586,2703.0
2024-03-01 10:25:00,CRBP,31.625,31.625,31.700000762939453,31.625,31.700000762939453,245.0
2024-03-01 10:25:00,CRBU,8.095000267028809,8.095000267028809,8.130000114440918,8.095000267028809,8.125,3274.0
2024-03-01 10:25:00,CRDF,2.559999942779541,2.559999942779541,2.5850000381469727,2.5399999618530273,2.559999942779541,156991.0
2024-03-01 10:25:00,CRDL,1.9603999853134155,1.9603999853134155,1.9800000190734863,1.9603999853134155,1.9608999490737915,4526.0
2024-03-01 10:25:00,CRMD,3.6689999103546143,3.6689999103546143,3.6689999103546143,3.6689999103546143,3.6689999103546143,600.0
2024-03-01 10:25:00,CRNX,44.95000076293945,44.95000076293945,45.0,44.95000076293945,45.0,1097.0
2024-03-01 10:25:00,CRON,2.0399999618530273,2.0399999618530273,2.0399999618530273,2.0399999618530273,2.0399999618530273,2164.0
2024-03-01 10:25:00,CRSP,86.76000213623047,86.76000213623047,86.93000030517578,86.75,86.87999725341797,2484.0
2024-03-01 10:25:00,CRVS,2.180000066757202,2.180000066757202,2.19950008392334,2.180000066757202,2.19950008392334,0.0
2024-03-01 10:25:00,CTKB,8.0,8.0,8.0,7.989999771118164,7.989999771118164,1657.0
2024-03-01 10:25:00,CUTR,2.319999933242798,2.319999933242798,2.319999933242798,2.309999942779541,2.319999933242798,1603.0
2024-03-01 10:25:00,CVAC,3.484999895095825,3.484999895095825,3.484999895095825,3.4749999046325684,3.4800000190734863,949.0
2024-03-01 10:25:00,CYTK,74.80999755859375,74.80999755859375,74.8499984741211,74.76499938964844,74.76499938964844,2853.0
2024-03-01 10:25:00,DAWN,17.014999389648438,17.014999389648438,17.045000076293945,17.014999389648438,17.045000076293945,770.0
2024-03-01 10:25:00,DCGO,4.085000038146973,4.085000038146973,4.085000038146973,4.059999942779541,4.059999942779541,2312.0
2024-03-01 10:25:00,DCPH,17.084999084472656,17.084999084472656,17.0939998626709,17.084999084472656,17.0939998626709,1153.0
2024-03-01 10:25:00,DERM,4.099999904632568,4.099999904632568,4.099999904632568,4.0767998695373535,4.0767998695373535,600.0
2024-03-01 10:25:00,DH,9.130000114440918,9.130000114440918,9.149999618530273,9.109999656677246,9.109999656677246,1490.0
2024-03-01 10:25:00,DMTK,0.828000009059906,0.828000009059906,0.8500000238418579,0.828000009059906,0.8400999903678894,24753.0
2024-03-01 10:25:00,DNLI,20.790000915527344,20.790000915527344,20.790000915527344,20.790000915527344,20.790000915527344,355.0
2024-03-01 10:25:00,DRRX,0.9987999796867371,0.9987999796867371,1.0098999738693237,0.9951000213623047,0.9987999796867371,3237.0
2024-03-01 10:25:00,DSGN,2.8610000610351562,2.8610000610351562,2.8610000610351562,2.8610000610351562,2.8610000610351562,102.0
2024-03-01 10:25:00,DTIL,12.489999771118164,12.489999771118164,12.800000190734863,12.489999771118164,12.800000190734863,3618.0
2024-03-01 10:25:00,DVAX,12.774999618530273,12.774999618530273,12.78499984741211,12.774999618530273,12.78499984741211,941.0
2024-03-01 10:25:00,DXCM,116.8949966430664,116.8949966430664,116.97000122070312,116.88999938964844,116.97000122070312,2212.0
2024-03-01 10:25:00,DYN,29.940000534057617,29.940000534057617,30.104999542236328,29.625,30.104999542236328,8113.0
2024-03-01 10:25:00,EDIT,10.879899978637695,10.879899978637695,10.890000343322754,10.840100288391113,10.84119987487793,4731.0
2024-03-01 10:25:00,EGRX,6.340000152587891,6.340000152587891,6.340000152587891,6.300000190734863,6.300000190734863,421.0
2024-03-01 10:25:00,ELEV,4.985000133514404,4.985000133514404,5.0,4.960000038146973,4.960000038146973,4251.0
2024-03-01 10:25:00,ENSC,0.9264000058174133,0.9264000058174133,0.9264000058174133,0.9171000123023987,0.9171000123023987,870.0
2024-03-01 10:25:00,ENSG,124.16999816894531,124.16999816894531,124.16999816894531,124.16999816894531,124.16999816894531,635.0
2024-03-01 10:25:00,ENVB,1.7101000547409058,1.7101000547409058,1.7300000190734863,1.7100000381469727,1.7200000286102295,9493.0
2024-03-01 10:25:00,EOLS,14.699999809265137,14.699999809265137,14.699999809265137,14.699999809265137,14.699999809265137,479.0
2024-03-01 10:25:00,EPIX,9.590100288391113,9.590100288391113,9.819999694824219,9.590100288391113,9.6899995803833,1480.0
2024-03-01 10:25:00,EQ,2.502000093460083,2.502000093460083,2.502000093460083,2.502000093460083,2.502000093460083,120.0
2024-03-01 10:25:00,ESPR,2.505000114440918,2.505000114440918,2.5081000328063965,2.505000114440918,2.505000114440918,1103.0
2024-03-01 10:25:00,ESTA,45.59000015258789,45.59000015258789,46.00749969482422,45.59000015258789,45.86000061035156,3295.0
2024-03-01 10:25:00,ETNB,12.824999809265137,12.824999809265137,12.859999656677246,12.8149995803833,12.859999656677246,3907.0
2024-03-01 10:25:00,EVO,7.409999847412109,7.409999847412109,7.409999847412109,7.409999847412109,7.409999847412109,406.0
2024-03-01 10:25:00,EWTX,16.829999923706055,16.829999923706055,16.829999923706055,16.82900047302246,16.82900047302246,299.0
2024-03-01 10:25:00,EXAS,59.58000183105469,59.58000183105469,59.650001525878906,59.58000183105469,59.59000015258789,2786.0
2024-03-01 10:25:00,EXEL,22.485000610351562,22.485000610351562,22.485000610351562,22.479999542236328,22.479999542236328,1544.0
2024-03-01 10:25:00,EYEN,2.1198999881744385,2.1198999881744385,2.1198999881744385,2.1198999881744385,2.1198999881744385,213.0
2024-03-01 10:25:00,EYPT,28.5674991607666,28.5674991607666,28.600000381469727,28.450000762939453,28.549999237060547,3037.0
2024-03-01 10:25:00,FATE,7.510000228881836,7.510000228881836,7.510000228881836,7.474999904632568,7.474999904632568,4014.0
2024-03-01 10:25:00,FBIO,2.2300000190734863,2.2300000190734863,2.2300000190734863,2.229599952697754,2.229599952697754,541.0
2024-03-01 10:25:00,FDMT,29.75,29.75,29.90999984741211,29.68000030517578,29.90999984741211,3752.0
2024-03-01 10:25:00,FEMY,1.725000023841858,1.725000023841858,1.725000023841858,1.725000023841858,1.725000023841858,200.0
2024-03-01 10:25:00,FGEN,1.7100000381469727,1.7100000381469727,1.7100000381469727,1.7100000381469727,1.7100000381469727,1312.0
2024-03-01 10:25:00,FIXX,0.9300000071525574,0.9300000071525574,0.9300000071525574,0.9300000071525574,0.9300000071525574,505.0
2024-03-01 10:25:00,FLGT,22.969999313354492,22.969999313354492,22.969999313354492,22.969999313354492,22.969999313354492,481.0
2024-03-01 10:25:00,FOLD,13.510000228881836,13.510000228881836,13.515000343322754,13.5,13.5,5211.0
2024-03-01 10:25:00,FULC,10.5600004196167,10.5600004196167,10.569999694824219,10.5600004196167,10.5649995803833,596.0
2024-03-01 10:25:00,FUSN,12.265000343322754,12.265000343322754,12.265000343322754,12.220100402832031,12.220100402832031,624.0
2024-03-01 10:25:00,GDRX,8.279999732971191,8.279999732971191,8.319999694824219,8.279999732971191,8.319999694824219,21553.0
2024-03-01 10:25:00,GERN,2.115000009536743,2.115000009536743,2.119999885559082,2.109999895095825,2.109999895095825,27817.0
2024-03-01 10:25:00,GH,19.200000762939453,19.200000762939453,19.21500015258789,19.200000762939453,19.21500015258789,545.0
2024-03-01 10:25:00,GILD,72.44499969482422,72.44499969482422,72.48999786376953,72.44499969482422,72.48999786376953,9389.0
2024-03-01 10:25:00,GLTO,0.7164999842643738,0.7164999842643738,0.7164999842643738,0.7164999842643738,0.7164999842643738,0.0
2024-03-01 10:25:00,GMAB,28.969999313354492,28.969999313354492,28.979999542236328,28.969999313354492,28.979999542236328,980.0
2024-03-01 10:25:00,GMDA,0.37630000710487366,0.37630000710487366,0.3765000104904175,0.37630000710487366,0.3765000104904175,3292.0
2024-03-01 10:25:00,GOSS,1.350000023841858,1.350000023841858,1.3524999618530273,1.3497999906539917,1.3497999906539917,6823.0
2024-03-01 10:25:00,GRFS,6.951300144195557,6.951300144195557,6.974999904632568,6.920000076293945,6.949999809265137,9045.0
2024-03-01 10:25:00,GRTS,2.1198999881744385,2.1198999881744385,2.1198999881744385,2.100399971008301,2.100399971008301,17431.0
2024-03-01 10:25:00,GRTX,0.23199999332427979,0.23199999332427979,0.23309999704360962,0.23199999332427979,0.23309999704360962,0.0
2024-03-01 10:25:00,GTHX,3.4700000286102295,3.4700000286102295,3.4800000190734863,3.4649999141693115,3.4800000190734863,3973.0
2024-03-01 10:25:00,HALO,41.13999938964844,41.13999938964844,41.14500045776367,41.099998474121094,41.119998931884766,3098.0
2024-03-01 10:25:00,HARP,22.9424991607666,22.9424991607666,22.9424991607666,22.9424991607666,22.9424991607666,0.0
2024-03-01 10:25:00,HBIO,4.289999961853027,4.289999961853027,4.289999961853027,4.289999961853027,4.289999961853027,504.0
2024-03-01 10:25:00,HCM,15.289999961853027,15.289999961853027,15.289999961853027,15.289999961853027,15.289999961853027,111.0
2024-03-01 10:25:00,HCSG,12.675000190734863,12.675000190734863,12.675000190734863,12.675000190734863,12.675000190734863,183.0
2024-03-01 10:25:00,HCTI,2.359999895095825,2.359999895095825,2.369999885559082,2.359999895095825,2.359999895095825,531.0
2024-03-01 10:25:00,HEPA,3.289900064468384,3.289900064468384,3.289900064468384,3.289900064468384,3.289900064468384,375.0
2024-03-01 10:25:00,HLTH,0.26649999618530273,0.26649999618530273,0.26649999618530273,0.2648000121116638,0.26579999923706055,1100.0
2024-03-01 10:25:00,HLVX,18.864999771118164,18.864999771118164,18.864999771118164,18.864999771118164,18.864999771118164,222.0
2024-03-01 10:25:00,HOLX,73.69000244140625,73.69000244140625,73.7249984741211,73.69000244140625,73.69000244140625,1156.0
2024-03-01 10:25:00,HOWL,6.965000152587891,6.965000152587891,6.965000152587891,6.965000152587891,6.965000152587891,686.0
2024-03-01 10:25:00,HRMY,31.760000228881836,31.760000228881836,31.8799991607666,31.4950008392334,31.520000457763672,6082.0
2024-03-01 10:25:00,HRTX,2.6700000762939453,2.6700000762939453,2.6700000762939453,2.6549999713897705,2.6549999713897705,2100.0
2024-03-01 10:25:00,HSCS,0.11649999767541885,0.11649999767541885,0.11649999767541885,0.11649999767541885,0.11649999767541885,337.0
2024-03-01 10:25:00,HSDT,4.789999961853027,4.789999961853027,4.789999961853027,4.789999961853027,4.789999961853027,300.0
2024-03-01 10:25:00,HSIC,77.25749969482422,77.25749969482422,77.2750015258789,77.25749969482422,77.26000213623047,1209.0
2024-03-01 10:25:00,HUGE,0.8991000056266785,0.8991000056266785,0.8991000056266785,0.8991000056266785,0.8991000056266785,0.0
2024-03-01 10:25:00,HUMA,3.174999952316284,3.174999952316284,3.180000066757202,3.170099973678589,3.170099973678589,5617.0
2024-03-01 10:25:00,IART,36.75,36.75,36.75,36.709999084472656,36.709999084472656,1035.0
2024-03-01 10:25:00,IBRX,4.820000171661377,4.820000171661377,4.820000171661377,4.809999942779541,4.809999942779541,2607.0
2024-03-01 10:25:00,ICLR,323.9700012207031,323.9700012207031,324.43499755859375,323.9700012207031,324.2200012207031,2371.0
2024-03-01 10:25:00,IDYA,46.14500045776367,46.14500045776367,46.14500045776367,45.93000030517578,45.96500015258789,1280.0
2024-03-01 10:25:00,IGMS,13.6899995803833,13.6899995803833,13.6899995803833,13.6899995803833,13.6899995803833,309.0
2024-03-01 10:25:00,ILMN,139.56500244140625,139.56500244140625,139.56500244140625,139.41000366210938,139.41000366210938,1850.0
2024-03-01 10:25:00,IMMX,3.630000114440918,3.630000114440918,3.630000114440918,3.630000114440918,3.630000114440918,300.0
2024-03-01 10:25:00,IMNM,25.040000915527344,25.040000915527344,25.190000534057617,25.010000228881836,25.190000534057617,3265.0
2024-03-01 10:25:00,IMNN,1.0298999547958374,1.0298999547958374,1.0299999713897705,1.024999976158142,1.024999976158142,2266.0
2024-03-01 10:25:00,IMTX,12.960000038146973,12.960000038146973,12.972000122070312,12.960000038146973,12.972000122070312,217.0
2024-03-01 10:25:00,IMUX,1.5218000411987305,1.5218000411987305,1.5299999713897705,1.5218000411987305,1.5299999713897705,1733.0
2024-03-01 10:25:00,IMVT,36.56999969482422,36.56999969482422,36.6349983215332,36.56999969482422,36.6349983215332,1832.0
2024-03-01 10:25:00,INCY,58.939998626708984,58.939998626708984,58.959999084472656,58.93000030517578,58.959999084472656,1960.0
2024-03-01 10:25:00,INGN,6.71999979019165,6.71999979019165,6.739999771118164,6.71999979019165,6.739999771118164,4399.0
2024-03-01 10:25:00,INMD,22.575000762939453,22.575000762939453,22.584999084472656,22.575000762939453,22.579200744628906,12994.0
2024-03-01 10:25:00,INO,8.899999618530273,8.899999618530273,8.899999618530273,8.899999618530273,8.899999618530273,435.0
2024-03-01 10:25:00,INSM,28.389999389648438,28.389999389648438,28.389999389648438,28.34000015258789,28.34000015258789,960.0
2024-03-01 10:25:00,INVA,15.420000076293945,15.420000076293945,15.420000076293945,15.420000076293945,15.420000076293945,268.0
2024-03-01 10:25:00,INZY,6.550000190734863,6.550000190734863,6.550300121307373,6.550000190734863,6.550300121307373,1374.0
2024-03-01 10:25:00,IOBT,1.6999000310897827,1.6999000310897827,1.6999000310897827,1.6992000341415405,1.6998000144958496,2017.0
2024-03-01 10:25:00,IONS,45.68000030517578,45.68000030517578,45.68000030517578,45.654998779296875,45.654998779296875,568.0
2024-03-01 10:25:00,IOVA,16.84000015258789,16.84000015258789,16.885000228881836,16.81999969482422,16.844999313354492,33256.0
2024-03-01 10:25:00,IRWD,8.954999923706055,8.954999923706055,8.960000038146973,8.9399995803833,8.9399995803833,13615.0
2024-03-01 10:25:00,ISRG,387.7998962402344,387.7998962402344,387.989990234375,387.7738037109375,387.95001220703125,836.0
2024-03-01 10:25:00,ITCI,71.76000213623047,71.76000213623047,71.76000213623047,71.7249984741211,71.7249984741211,574.0
2024-03-01 10:25:00,IXHL,5.349999904632568,5.349999904632568,5.349999904632568,5.349999904632568,5.349999904632568,158.0
2024-03-01 10:25:00,JAGX,0.1006999984383583,0.1006999984383583,0.10610000044107437,0.09749999642372131,0.10559999942779541,2961146.0
2024-03-01 10:25:00,JANX,46.847599029541016,46.847599029541016,46.847599029541016,46.33000183105469,46.720001220703125,1592.0
2024-03-01 10:25:00,JAZZ,120.32029724121094,120.32029724121094,120.32029724121094,120.32029724121094,120.32029724121094,501.0
2024-03-01 10:25:00,KALV,14.079999923706055,14.079999923706055,14.079999923706055,14.079999923706055,14.079999923706055,119.0
2024-03-01 10:25:00,KNSA,22.040000915527344,22.040000915527344,22.05120086669922,22.030000686645508,22.05120086669922,2098.0
2024-03-01 10:25:00,KOD,6.050000190734863,6.050000190734863,6.050000190734863,6.050000190734863,6.050000190734863,138.0
2024-03-01 10:25:00,KPTI,1.184999942779541,1.184999942779541,1.184999942779541,1.1819000244140625,1.1819000244140625,6805.0
2024-03-01 10:25:00,KROS,69.19000244140625,69.19000244140625,69.19000244140625,69.19000244140625,69.19000244140625,100.0
2024-03-01 10:25:00,KRYS,167.5,167.5,167.82000732421875,167.5,167.82000732421875,1431.0
2024-03-01 10:25:00,KURA,21.2450008392334,21.2450008392334,21.290000915527344,21.2450008392334,21.270000457763672,6528.0
2024-03-01 10:25:00,KYMR,43.85499954223633,43.85499954223633,43.85499954223633,43.85499954223633,43.85499954223633,363.0
2024-03-01 10:25:00,KZR,1.1100000143051147,1.1100000143051147,1.1100000143051147,1.1100000143051147,1.1100000143051147,3236.0
2024-03-01 10:25:00,LAB,2.325000047683716,2.325000047683716,2.325000047683716,2.311800003051758,2.311800003051758,2816.0
2024-03-01 10:25:00,LBPH,22.165000915527344,22.165000915527344,22.190000534057617,22.15999984741211,22.15999984741211,6948.0
2024-03-01 10:25:00,LEXX,2.545799970626831,2.545799970626831,2.545799970626831,2.4999001026153564,2.4999001026153564,700.0
2024-03-01 10:25:00,LFMD,8.015000343322754,8.015000343322754,8.015000343322754,8.015000343322754,8.015000343322754,172.0
2024-03-01 10:25:00,LFST,8.069999694824219,8.069999694824219,8.079999923706055,8.0649995803833,8.079999923706055,3573.0
2024-03-01 10:25:00,LIFE,1.9205000400543213,1.9205000400543213,1.9205000400543213,1.9205000400543213,1.9205000400543213,193.0
2024-03-01 10:25:00,LMAT,68.27999877929688,68.27999877929688,68.27999877929688,68.27999877929688,68.27999877929688,550.0
2024-03-01 10:25:00,LNSR,4.730000019073486,4.730000019073486,4.730000019073486,4.730000019073486,4.730000019073486,790.0
2024-03-01 10:25:00,LNTH,65.5250015258789,65.5250015258789,65.52999877929688,65.46880340576172,65.46880340576172,1246.0
2024-03-01 10:25:00,LPTX,2.859999895095825,2.859999895095825,2.859999895095825,2.859999895095825,2.859999895095825,363.0
2024-03-01 10:25:00,LQDA,14.40999984741211,14.40999984741211,14.414999961853027,14.399999618530273,14.40999984741211,1290.0
2024-03-01 10:25:00,LUNG,9.109999656677246,9.109999656677246,9.109999656677246,9.109999656677246,9.109999656677246,824.0
2024-03-01 10:25:00,LVTX,3.0601000785827637,3.0601000785827637,3.089900016784668,3.0601000785827637,3.0710999965667725,2140.0
2024-03-01 10:25:00,LXRX,2.4209001064300537,2.4209001064300537,2.430000066757202,2.4209001064300537,2.430000066757202,390.0
2024-03-01 10:25:00,LYEL,3.115000009536743,3.115000009536743,3.115000009536743,3.109999895095825,3.109999895095825,327.0
2024-03-01 10:25:00,LYRA,5.495999813079834,5.495999813079834,5.495999813079834,5.495999813079834,5.495999813079834,355.0
2024-03-01 10:25:00,MASI,126.81999969482422,126.81999969482422,126.81999969482422,126.80000305175781,126.80000305175781,659.0
2024-03-01 10:25:00,MCRB,1.1800999641418457,1.1800999641418457,1.190000057220459,1.1799999475479126,1.1799999475479126,2019.0
2024-03-01 10:25:00,MDGL,243.0050048828125,243.0050048828125,243.0050048828125,243.0050048828125,243.0050048828125,491.0
2024-03-01 10:25:00,MDRX,5.980000019073486,5.980000019073486,5.980000019073486,5.900000095367432,5.980000019073486,13537.0
2024-03-01 10:25:00,MDXG,8.475000381469727,8.475000381469727,8.484999656677246,8.475000381469727,8.484999656677246,1271.0
2024-03-01 10:25:00,MDXH,3.700000047683716,3.700000047683716,3.700000047683716,3.700000047683716,3.700000047683716,143.0
2024-03-01 10:25:00,ME,0.5759999752044678,0.5759999752044678,0.5759999752044678,0.5737000107765198,0.5759999752044678,11723.0
2024-03-01 10:25:00,MEIP,4.159999847412109,4.159999847412109,4.160200119018555,4.159999847412109,4.160200119018555,621.0
2024-03-01 10:25:00,MGNX,19.185300827026367,19.185300827026367,19.185300827026367,19.110000610351562,19.1200008392334,1607.0
2024-03-01 10:25:00,MIRM,29.229999542236328,29.229999542236328,29.25,29.15999984741211,29.15999984741211,5377.0
2024-03-01 10:25:00,MLTX,52.349998474121094,52.349998474121094,52.349998474121094,52.27619934082031,52.27619934082031,1400.0
2024-03-01 10:25:00,MMSI,76.38999938964844,76.38999938964844,76.4000015258789,75.97000122070312,76.04000091552734,5318.0
2024-03-01 10:25:00,MNKD,4.498799800872803,4.498799800872803,4.5,4.494999885559082,4.494999885559082,20764.0
2024-03-01 10:25:00,MNMD,5.885000228881836,5.885000228881836,5.900000095367432,5.885000228881836,5.900000095367432,1808.0
2024-03-01 10:25:00,MNPR,0.7824000120162964,0.7824000120162964,0.7824000120162964,0.7824000120162964,0.7824000120162964,258.0
2024-03-01 10:25:00,MODD,1.940000057220459,1.940000057220459,1.940000057220459,1.940000057220459,1.940000057220459,300.0
2024-03-01 10:25:00,MORF,38.189998626708984,38.189998626708984,38.2400016784668,38.189998626708984,38.2400016784668,530.0
2024-03-01 10:25:00,MRNA,95.27349853515625,95.27349853515625,95.3499984741211,95.20999908447266,95.23999786376953,12336.0
2024-03-01 10:25:00,MRSN,5.960000038146973,5.960000038146973,6.039999961853027,5.949999809265137,6.039999961853027,3079.0
2024-03-01 10:25:00,MRUS,49.935001373291016,49.935001373291016,49.935001373291016,49.935001373291016,49.935001373291016,132.0
2024-03-01 10:25:00,MRVI,7.769999980926514,7.769999980926514,7.769999980926514,7.764999866485596,7.764999866485596,609.0
2024-03-01 10:25:00,MYGN,21.030000686645508,21.030000686645508,21.049999237060547,21.030000686645508,21.049999237060547,430.0
2024-03-01 10:25:00,NARI,45.1349983215332,45.1349983215332,45.1349983215332,45.04999923706055,45.119998931884766,971.0
2024-03-01 10:25:00,NEO,15.960000038146973,15.960000038146973,15.970000267028809,15.960000038146973,15.960000038146973,1030.0
2024-03-01 10:25:00,NEOG,16.934999465942383,16.934999465942383,16.940000534057617,16.899999618530273,16.899999618530273,6516.0
2024-03-01 10:25:00,NERV,2.5309998989105225,2.5309998989105225,2.549999952316284,2.5250000953674316,2.5250000953674316,3438.0
2024-03-01 10:25:00,NKTR,0.739799976348877,0.739799976348877,0.739799976348877,0.7379999756813049,0.7397000193595886,2767.0
2024-03-01 10:25:00,NNOX,11.0649995803833,11.0649995803833,11.0649995803833,11.024999618530273,11.038200378417969,3998.0
2024-03-01 10:25:00,NOTV,7.570000171661377,7.570000171661377,7.570000171661377,7.570000171661377,7.570000171661377,107.0
2024-03-01 10:25:00,NRIX,13.1899995803833,13.1899995803833,13.199999809265137,13.1899995803833,13.199999809265137,339.0
2024-03-01 10:25:00,NRXP,0.4359999895095825,0.4359999895095825,0.43950000405311584,0.42010000348091125,0.4300000071525574,16439.0
2024-03-01 10:25:00,NTLA,33.900001525878906,33.900001525878906,33.959999084472656,33.880001068115234,33.88999938964844,3246.0
2024-03-01 10:25:00,NTRA,89.85140228271484,89.85140228271484,89.86000061035156,89.7699966430664,89.80999755859375,1484.0
2024-03-01 10:25:00,NURO,3.9649999141693115,3.9649999141693115,3.9649999141693115,3.9649999141693115,3.9649999141693115,635.0
2024-03-01 10:25:00,NUTX,0.11400000005960464,0.11400000005960464,0.11400000005960464,0.11400000005960464,0.11400000005960464,0.0
2024-03-01 10:25:00,NVAX,5.005000114440918,5.005000114440918,5.010700225830078,5.0,5.010000228881836,11114.0
2024-03-01 10:25:00,NVCR,15.489999771118164,15.489999771118164,15.502599716186523,15.460000038146973,15.460000038146973,4399.0
2024-03-01 10:25:00,OCGN,0.9350000023841858,0.9350000023841858,0.9350000023841858,0.9269999861717224,0.9269999861717224,2214.0
2024-03-01 10:25:00,OCUL,10.184900283813477,10.184900283813477,10.199999809265137,10.180000305175781,10.199999809265137,3604.0
2024-03-01 10:25:00,OGI,2.069999933242798,2.069999933242798,2.0799999237060547,2.069999933242798,2.075000047683716,4521.0
2024-03-01 10:25:00,OLK,22.545000076293945,22.545000076293945,22.549999237060547,22.545000076293945,22.549999237060547,1212.0
2024-03-01 10:25:00,OM,3.0492000579833984,3.0492000579833984,3.049999952316284,3.0399999618530273,3.0399999618530273,4404.0
2024-03-01 10:25:00,OMCL,26.389999389648438,26.389999389648438,26.43000030517578,26.3700008392334,26.40999984741211,1568.0
2024-03-01 10:25:00,OMGA,4.119999885559082,4.119999885559082,4.120100021362305,4.119999885559082,4.120100021362305,0.0
2024-03-01 10:25:00,OMIC,0.5903000235557556,0.5903000235557556,0.5903000235557556,0.5902000069618225,0.5902000069618225,500.0
2024-03-01 10:25:00,ONCY,1.089900016784668,1.089900016784668,1.090000033378601,1.0800000429153442,1.0850000381469727,6229.0
2024-03-01 10:25:00,ONTX,0.8137999773025513,0.8137999773025513,0.8137999773025513,0.8137999773025513,0.8137999773025513,255.0
2024-03-01 10:26:00,ABCL,5.150000095367432,5.150000095367432,5.150000095367432,5.150000095367432,5.150000095367432,216.0
2024-03-01 10:26:00,ABEO,7.559999942779541,7.559999942779541,7.559999942779541,7.519999980926514,7.549900054931641,8601.0
2024-03-01 10:26:00,ABOS,4.730000019073486,4.730000019073486,4.735000133514404,4.730000019073486,4.735000133514404,732.0
2024-03-01 10:26:00,ABSI,5.249000072479248,5.249000072479248,5.25,5.239999771118164,5.239999771118164,10146.0
2024-03-01 10:26:00,ACAD,23.979999542236328,23.979999542236328,24.0,23.940000534057617,23.954999923706055,5952.0
2024-03-01 10:26:00,ACB,3.0399999618530273,3.0399999618530273,3.0399999618530273,3.0299999713897705,3.0399999618530273,1943.0
2024-03-01 10:26:00,ACCD,10.265000343322754,10.265000343322754,10.270000457763672,10.260000228881836,10.270000457763672,1511.0
2024-03-01 10:26:00,ACET,2.3299999237060547,2.3299999237060547,2.3299999237060547,2.325000047683716,2.325000047683716,1900.0
2024-03-01 10:26:00,ACHV,4.019999980926514,4.019999980926514,4.019999980926514,4.019999980926514,4.019999980926514,319.0
2024-03-01 10:26:00,ACIU,3.8598999977111816,3.8598999977111816,3.859999895095825,3.819999933242798,3.8499999046325684,3050.0
2024-03-01 10:26:00,ACLX,69.0199966430664,69.0199966430664,69.0199966430664,68.76000213623047,68.76000213623047,2128.0
2024-03-01 10:26:00,ACRS,1.2350000143051147,1.2350000143051147,1.25,1.2350000143051147,1.25,14812.0
2024-03-01 10:26:00,ADAP,1.5499999523162842,1.5499999523162842,1.559999942779541,1.5499999523162842,1.559999942779541,10492.0
2024-03-01 10:26:00,ADIL,3.3399999141693115,3.3399999141693115,3.390000104904175,3.316800117492676,3.316800117492676,98693.0
2024-03-01 10:26:00,ADPT,4.164999961853027,4.164999961853027,4.164999961853027,4.161499977111816,4.161499977111816,320.0
2024-03-01 10:26:00,ADVM,1.9500000476837158,1.9500000476837158,1.9550000429153442,1.9500000476837158,1.950700044631958,13169.0
2024-03-01 10:26:00,AFIB,0.20180000364780426,0.20180000364780426,0.20180000364780426,0.20180000364780426,0.20180000364780426,298.0
2024-03-01 10:26:00,AFMD,0.6039999723434448,0.6039999723434448,0.6039999723434448,0.6039999723434448,0.6039999723434448,400.0
2024-03-01 10:26:00,AGEN,0.6700000166893005,0.6700000166893005,0.6721000075340271,0.6650999784469604,0.6650999784469604,47136.0
2024-03-01 10:26:00,AGIO,32.779998779296875,32.779998779296875,32.817501068115234,32.779998779296875,32.79999923706055,1642.0
2024-03-01 10:26:00,AGRX,0.8374000191688538,0.8374000191688538,0.8374000191688538,0.8374000191688538,0.8374000191688538,827.0
2024-03-01 10:26:00,AHCO,10.699999809265137,10.699999809265137,10.699999809265137,10.699999809265137,10.699999809265137,132.0
2024-03-01 10:26:00,AIMD,0.9700000286102295,0.9700000286102295,1.0199999809265137,0.9700000286102295,1.0199999809265137,5394.0
2024-03-01 10:26:00,AIRS,6.539999961853027,6.539999961853027,6.539999961853027,6.539999961853027,6.539999961853027,670.0
2024-03-01 10:26:00,AKAN,0.2606000006198883,0.2606000006198883,0.2669999897480011,0.2606000006198883,0.2669999897480011,82237.0
2024-03-01 10:26:00,AKBA,1.649999976158142,1.649999976158142,1.6549999713897705,1.649999976158142,1.6549999713897705,3852.0
2024-03-01 10:26:00,AKLI,0.34290000796318054,0.34290000796318054,0.34299999475479126,0.34290000796318054,0.34299999475479126,1404.0
2024-03-01 10:26:00,AKRO,28.030000686645508,28.030000686645508,28.059999465942383,28.0049991607666,28.0049991607666,1026.0
2024-03-01 10:26:00,ALDX,4.090000152587891,4.090000152587891,4.090000152587891,4.088200092315674,4.088200092315674,2690.0
2024-03-01 10:26:00,ALEC,7.460000038146973,7.460000038146973,7.460000038146973,7.460000038146973,7.460000038146973,333.0
2024-03-01 10:26:00,ALGN,297.6700134277344,297.6700134277344,297.6700134277344,297.6700134277344,297.6700134277344,495.0
2024-03-01 10:26:00,ALGS,0.9998999834060669,0.9998999834060669,0.9998999834060669,0.9948999881744385,0.9948999881744385,2151.0
2024-03-01 10:26:00,ALHC,5.809999942779541,5.809999942779541,5.809999942779541,5.769999980926514,5.769999980926514,2814.0
2024-03-01 10:26:00,ALKS,30.030000686645508,30.030000686645508,30.030000686645508,30.018999099731445,30.018999099731445,626.0
2024-03-01 10:26:00,ALLK,1.5950000286102295,1.5950000286102295,1.5950000286102295,1.5950000286102295,1.5950000286102295,496.0
2024-03-01 10:26:00,ALLO,5.025000095367432,5.025000095367432,5.03000020980835,5.025000095367432,5.03000020980835,860.0
2024-03-01 10:26:00,ALPN,36.2599983215332,36.2599983215332,36.3224983215332,36.25,36.31999969482422,2132.0
2024-03-01 10:26:00,ALT,12.25,12.25,12.270000457763672,12.21030044555664,12.270000457763672,6903.0
2024-03-01 10:26:00,ALVO,15.675000190734863,15.675000190734863,15.675000190734863,15.675000190734863,15.675000190734863,200.0
2024-03-01 10:26:00,ALXO,14.869999885559082,14.869999885559082,14.869999885559082,14.869999885559082,14.869999885559082,121.0
2024-03-01 10:26:00,AMGN,280.2160949707031,280.2160949707031,280.2900085449219,279.55999755859375,279.6499938964844,9122.0
2024-03-01 10:26:00,AMLX,18.954999923706055,18.954999923706055,18.959999084472656,18.915000915527344,18.915000915527344,7646.0
2024-03-01 10:26:00,AMPH,46.04050064086914,46.04050064086914,46.04050064086914,46.029998779296875,46.029998779296875,347.0
2024-03-01 10:26:00,AMRN,1.034999966621399,1.034999966621399,1.034999966621399,1.0299999713897705,1.034999966621399,10454.0
2024-03-01 10:26:00,ANAB,25.3799991607666,25.3799991607666,25.3799991607666,25.3799991607666,25.3799991607666,200.0
2024-03-01 10:26:00,ANGO,5.380000114440918,5.380000114440918,5.380000114440918,5.363699913024902,5.363699913024902,1350.0
2024-03-01 10:26:00,ANNX,5.810100078582764,5.810100078582764,5.810100078582764,5.810100078582764,5.810100078582764,2000.0
2024-03-01 10:26:00,APLS,63.06999969482422,63.06999969482422,63.119998931884766,62.810001373291016,62.810001373291016,5569.0
2024-03-01 10:26:00,APLT,7.360000133514404,7.360000133514404,7.409900188446045,7.349999904632568,7.409900188446045,1558.0
2024-03-01 10:26:00,AQST,4.170000076293945,4.170000076293945,4.179999828338623,4.150000095367432,4.179999828338623,19148.0
2024-03-01 10:26:00,ARAY,2.6342999935150146,2.6342999935150146,2.634999990463257,2.6342999935150146,2.634999990463257,768.0
2024-03-01 10:26:00,ARCT,40.150001525878906,40.150001525878906,40.150001525878906,40.150001525878906,40.150001525878906,0.0
2024-03-01 10:26:00,ARDX,9.675000190734863,9.675000190734863,9.680000305175781,9.664999961853027,9.664999961853027,3408.0
2024-03-01 10:26:00,ARGX,384.8500061035156,384.8500061035156,384.8500061035156,384.6099853515625,384.739990234375,1225.0
2024-03-01 10:26:00,ARQT,11.010000228881836,11.010000228881836,11.020000457763672,10.960000038146973,10.960000038146973,11487.0
2024-03-01 10:26:00,ARVN,50.93960189819336,50.93960189819336,50.93960189819336,50.79999923706055,50.79999923706055,214.0
2024-03-01 10:26:00,ARWR,34.915000915527344,34.915000915527344,34.970001220703125,34.915000915527344,34.970001220703125,586.0
2024-03-01 10:26:00,ASLN,0.8399999737739563,0.8399999737739563,0.8399999737739563,0.8399999737739563,0.8399999737739563,1014.0
2024-03-01 10:26:00,ASND,148.9250030517578,148.9250030517578,148.9250030517578,148.9250030517578,148.9250030517578,1251.0
2024-03-01 10:26:00,ASRT,0.9200999736785889,0.9200999736785889,0.9293000102043152,0.917900025844574,0.917900025844574,4142.0
2024-03-01 10:26:00,ATEC,13.305000305175781,13.305000305175781,13.305000305175781,13.300000190734863,13.300000190734863,1099.0
2024-03-01 10:26:00,ATNF,3.450000047683716,3.450000047683716,3.4899001121520996,3.450000047683716,3.4899001121520996,972.0
2024-03-01 10:26:00,ATOS,0.9900000095367432,0.9900000095367432,0.9901000261306763,0.9900000095367432,0.9900000095367432,12052.0
2024-03-01 10:26:00,ATRA,0.8098999857902527,0.8098999857902527,0.8098999857902527,0.803600013256073,0.8098999857902527,3903.0
2024-03-01 10:26:00,ATXS,15.039999961853027,15.039999961853027,15.069999694824219,15.039999961853027,15.039999961853027,1161.0
2024-03-01 10:26:00,AUPH,5.769999980926514,5.769999980926514,5.769999980926514,5.764999866485596,5.769999980926514,8706.0
2024-03-01 10:26:00,AVAH,2.3350000381469727,2.3350000381469727,2.3350000381469727,2.3350000381469727,2.3350000381469727,196.0
2024-03-01 10:26:00,AVDL,12.729999542236328,12.729999542236328,12.75,12.710000038146973,12.75,4255.0
2024-03-01 10:26:00,AVIR,4.360099792480469,4.360099792480469,4.360099792480469,4.360099792480469,4.360099792480469,478.0
2024-03-01 10:26:00,AVXL,5.28000020980835,5.28000020980835,5.28000020980835,5.269999980926514,5.269999980926514,1449.0
2024-03-01 10:26:00,AXNX,67.58000183105469,67.58000183105469,67.58000183105469,67.56999969482422,67.56999969482422,1248.0
2024-03-01 10:26:00,AXSM,83.48999786376953,83.48999786376953,83.6050033569336,83.48999786376953,83.6050033569336,1018.0
2024-03-01 10:26:00,AZN,64.51000213623047,64.51000213623047,64.51499938964844,64.4800033569336,64.48999786376953,2323.0
2024-03-01 10:26:00,BBIO,36.31999969482422,36.31999969482422,36.369998931884766,36.314998626708984,36.314998626708984,361.0
2024-03-01 10:26:00,BBLG,2.5250000953674316,2.5250000953674316,2.5250000953674316,2.5250000953674316,2.5250000953674316,296.0
2024-03-01 10:26:00,BCRX,5.769999980926514,5.769999980926514,5.769999980926514,5.764999866485596,5.764999866485596,381.0
2024-03-01 10:26:00,BCYC,25.780000686645508,25.780000686645508,25.780000686645508,25.780000686645508,25.780000686645508,384.0
2024-03-01 10:26:00,BDSX,1.649999976158142,1.649999976158142,1.649999976158142,1.649999976158142,1.649999976158142,132.0
2024-03-01 10:26:00,BDTX,5.309999942779541,5.309999942779541,5.309999942779541,5.309999942779541,5.309999942779541,554.0
2024-03-01 10:26:00,BEAM,41.189998626708984,41.189998626708984,41.209800720214844,41.140098571777344,41.140098571777344,2487.0
2024-03-01 10:26:00,BGNE,165.64999389648438,165.64999389648438,165.97999572753906,165.64999389648438,165.97999572753906,1297.0
2024-03-01 10:26:00,BIIB,219.6898956298828,219.6898956298828,219.6898956298828,219.6898956298828,219.6898956298828,912.0
2024-03-01 10:26:00,BIOL,0.13899999856948853,0.13899999856948853,0.13899999856948853,0.13899999856948853,0.13899999856948853,1600.0
2024-03-01 10:26:00,BIVI,2.640000104904175,2.640000104904175,2.6649999618530273,2.5799999237060547,2.609999895095825,319511.0
2024-03-01 10:26:00,BLFS,17.774999618530273,17.774999618530273,17.774999618530273,17.739999771118164,17.739999771118164,578.0
2024-03-01 10:26:00,BLRX,1.4000999927520752,1.4000999927520752,1.4000999927520752,1.4000999927520752,1.4000999927520752,2049.0
2024-03-01 10:26:00,BLUE,1.6380000114440918,1.6380000114440918,1.638200044631958,1.6225999593734741,1.6225999593734741,15725.0
2024-03-01 10:26:00,BMRN,86.41500091552734,86.41500091552734,86.47750091552734,86.19999694824219,86.19999694824219,6416.0
2024-03-01 10:26:00,BNGO,1.2400000095367432,1.2400000095367432,1.2400000095367432,1.2350000143051147,1.2350000143051147,1401.0
2024-03-01 10:26:00,BNTX,90.87000274658203,90.87000274658203,90.87000274658203,90.87000274658203,90.87000274658203,160.0
2024-03-01 10:26:00,BPMC,97.94999694824219,97.94999694824219,97.94999694824219,97.79000091552734,97.9000015258789,1099.0
2024-03-01 10:26:00,BRTX,1.4901000261306763,1.4901000261306763,1.4901000261306763,1.4901000261306763,1.4901000261306763,904.0
2024-03-01 10:26:00,BTAI,3.20989990234375,3.20989990234375,3.20989990234375,3.20989990234375,3.20989990234375,483.0
2024-03-01 10:26:00,BYSI,1.4375,1.4375,1.4375,1.4375,1.4375,3892.0
2024-03-01 10:26:00,CAPR,4.597099781036377,4.597099781036377,4.599899768829346,4.590000152587891,4.590000152587891,1975.0
2024-03-01 10:26:00,CARA,0.8700000047683716,0.8700000047683716,0.8700000047683716,0.8700000047683716,0.8700000047683716,500.0
2024-03-01 10:26:00,CBAY,32.23500061035156,32.23500061035156,32.23749923706055,32.23500061035156,32.23749923706055,929.0
2024-03-01 10:26:00,CCCC,11.0,11.0,11.007599830627441,11.0,11.0,2319.0
2024-03-01 10:26:00,CDMO,7.875,7.875,7.875,7.875,7.875,400.0
2024-03-01 10:26:00,CDNA,12.210000038146973,12.210000038146973,12.21679973602295,12.199999809265137,12.199999809265137,1736.0
2024-03-01 10:26:00,CDXS,4.309999942779541,4.309999942779541,4.309999942779541,4.304999828338623,4.304999828338623,624.0
2024-03-01 10:26:00,CELU,3.7300000190734863,3.7300000190734863,3.7300000190734863,3.7300000190734863,3.7300000190734863,269.0
2024-03-01 10:26:00,CERE,41.23500061035156,41.23500061035156,41.23500061035156,41.220001220703125,41.220001220703125,575.0
2024-03-01 10:26:00,CERS,2.200000047683716,2.200000047683716,2.200000047683716,2.190000057220459,2.190000057220459,3971.0
2024-03-01 10:26:00,CERT,17.809999465942383,17.809999465942383,17.809999465942383,17.760099411010742,17.760099411010742,1084.0
2024-03-01 10:26:00,CGC,3.2100000381469727,3.2100000381469727,3.2100000381469727,3.194999933242798,3.194999933242798,3280.0
2024-03-01 10:26:00,CGEM,19.145000457763672,19.145000457763672,19.145000457763672,19.145000457763672,19.145000457763672,165.0
2024-03-01 10:26:00,CGEN,2.6898000240325928,2.6898000240325928,2.690000057220459,2.674999952316284,2.680000066757202,9215.0
2024-03-01 10:26:00,CHRS,2.315000057220459,2.315000057220459,2.315000057220459,2.315000057220459,2.315000057220459,285.0
2024-03-01 10:26:00,CJJD,3.0199999809265137,3.0199999809265137,3.0199999809265137,2.9700000286102295,2.9800000190734863,2702.0
2024-03-01 10:26:00,CKPT,2.140000104904175,2.140000104904175,2.1549999713897705,2.119999885559082,2.1549999713897705,4254.0
2024-03-01 10:26:00,CLDX,51.86000061035156,51.86000061035156,52.0,51.84000015258789,51.849998474121094,5277.0
2024-03-01 10:26:00,CLNN,0.39500001072883606,0.39500001072883606,0.39500001072883606,0.39500001072883606,0.39500001072883606,400.0
2024-03-01 10:26:00,CLOV,0.8675000071525574,0.8675000071525574,0.868399977684021,0.8673999905586243,0.868399977684021,8706.0
2024-03-01 10:26:00,CLPT,6.570000171661377,6.570000171661377,6.570000171661377,6.570000171661377,6.570000171661377,630.0
2024-03-01 10:26:00,CNSP,0.3100999891757965,0.3100999891757965,0.3125999867916107,0.3100999891757965,0.3125999867916107,5181.0
2024-03-01 10:26:00,COGT,7.324999809265137,7.324999809265137,7.349999904632568,7.321199893951416,7.349999904632568,4557.0
2024-03-01 10:26:00,CORT,23.8799991607666,23.8799991607666,23.920000076293945,23.8799991607666,23.920000076293945,1789.0
2024-03-01 10:26:00,CPRX,16.844999313354492,16.844999313354492,16.844999313354492,16.84000015258789,16.844999313354492,1257.0
2024-03-01 10:26:00,CPSI,9.164999961853027,9.164999961853027,9.164999961853027,9.164999961853027,9.164999961853027,1100.0
2024-03-01 10:26:00,CRBU,8.125,8.125,8.125,8.085000038146973,8.085000038146973,2887.0
2024-03-01 10:26:00,CRDF,2.5120999813079834,2.5120999813079834,2.569999933242798,2.4600000381469727,2.565000057220459,163362.0
2024-03-01 10:26:00,CRDL,1.975000023841858,1.975000023841858,1.975000023841858,1.975000023841858,1.975000023841858,1221.0
2024-03-01 10:26:00,CRMD,3.6649999618530273,3.6649999618530273,3.6649999618530273,3.6649999618530273,3.6649999618530273,0.0
2024-03-01 10:26:00,CRNX,44.970001220703125,44.970001220703125,44.97999954223633,44.970001220703125,44.97999954223633,387.0
2024-03-01 10:26:00,CRON,2.0406999588012695,2.0406999588012695,2.0450000762939453,2.0406999588012695,2.0450000762939453,858.0
2024-03-01 10:26:00,CRSP,86.69999694824219,86.69999694824219,86.82499694824219,86.69000244140625,86.69000244140625,1230.0
2024-03-01 10:26:00,CSTL,19.809999465942383,19.809999465942383,19.91309928894043,19.799999237060547,19.91309928894043,2394.0
2024-03-01 10:26:00,CTKB,8.010000228881836,8.010000228881836,8.010000228881836,8.010000228881836,8.010000228881836,763.0
2024-03-01 10:26:00,CUTR,2.3299999237060547,2.3299999237060547,2.3299999237060547,2.309999942779541,2.309999942779541,301.0
2024-03-01 10:26:00,CVAC,3.484999895095825,3.484999895095825,3.484999895095825,3.484999895095825,3.484999895095825,338.0
2024-03-01 10:26:00,CYTK,74.87000274658203,74.87000274658203,74.90499877929688,74.77999877929688,74.79499816894531,1629.0
2024-03-01 10:26:00,CYTO,1.9479999542236328,1.9479999542236328,1.9479999542236328,1.9437999725341797,1.9437999725341797,675.0
2024-03-01 10:26:00,DAWN,17.040000915527344,17.040000915527344,17.040000915527344,17.040000915527344,17.040000915527344,1810.0
2024-03-01 10:26:00,DCGO,4.085000038146973,4.085000038146973,4.085000038146973,4.085000038146973,4.085000038146973,107.0
2024-03-01 10:26:00,DH,9.140000343322754,9.140000343322754,9.140000343322754,9.130000114440918,9.130000114440918,304.0
2024-03-01 10:26:00,DMTK,0.8104000091552734,0.8104000091552734,0.828000009059906,0.8100000023841858,0.828000009059906,6793.0
2024-03-01 10:26:00,DNLI,20.809499740600586,20.809499740600586,20.829999923706055,20.790000915527344,20.790000915527344,2218.0
2024-03-01 10:26:00,DTIL,12.454999923706055,12.454999923706055,12.640000343322754,12.369999885559082,12.569999694824219,5081.0
2024-03-01 10:26:00,DVAX,12.770000457763672,12.770000457763672,12.770000457763672,12.765000343322754,12.770000457763672,644.0
2024-03-01 10:26:00,DXCM,117.0,117.0,117.01000213623047,116.94000244140625,116.94000244140625,5005.0
2024-03-01 10:26:00,DYN,29.883800506591797,29.883800506591797,29.940000534057617,29.799999237060547,29.889999389648438,2513.0
2024-03-01 10:26:00,EDIT,10.899999618530273,10.899999618530273,10.90999984741211,10.872400283813477,10.880000114440918,2511.0
2024-03-01 10:26:00,EFTR,14.410099983215332,14.410099983215332,14.410099983215332,14.410099983215332,14.410099983215332,496.0
2024-03-01 10:26:00,ELDN,1.840000033378601,1.840000033378601,1.840000033378601,1.840000033378601,1.840000033378601,1838.0
2024-03-01 10:26:00,ELEV,4.989999771118164,4.989999771118164,5.0,4.970300197601318,5.0,2706.0
2024-03-01 10:26:00,ENTA,14.880000114440918,14.880000114440918,14.880000114440918,14.880000114440918,14.880000114440918,215.0
2024-03-01 10:26:00,ENVB,1.690000057220459,1.690000057220459,1.7200000286102295,1.6799999475479126,1.7200000286102295,32501.0
2024-03-01 10:26:00,ESPR,2.509999990463257,2.509999990463257,2.509999990463257,2.5,2.505000114440918,1608.0
2024-03-01 10:26:00,ESTA,45.349998474121094,45.349998474121094,45.4900016784668,45.349998474121094,45.4900016784668,780.0
2024-03-01 10:26:00,ETNB,12.880000114440918,12.880000114440918,12.880000114440918,12.819999694824219,12.819999694824219,5194.0
2024-03-01 10:26:00,EXAI,6.7291998863220215,6.7291998863220215,6.7291998863220215,6.710000038146973,6.710000038146973,800.0
2024-03-01 10:26:00,EXAS,59.6150016784668,59.6150016784668,59.619998931884766,59.580501556396484,59.580501556396484,696.0
2024-03-01 10:26:00,EXEL,22.469999313354492,22.469999313354492,22.479999542236328,22.469999313354492,22.479999542236328,2566.0
2024-03-01 10:26:00,EYPT,28.6200008392334,28.6200008392334,28.6200008392334,28.56599998474121,28.56999969482422,1252.0
2024-03-01 10:26:00,FATE,7.514999866485596,7.514999866485596,7.519999980926514,7.505000114440918,7.505000114440918,1597.0
2024-03-01 10:26:00,FDMT,29.69499969482422,29.69499969482422,29.69499969482422,29.69499969482422,29.69499969482422,127.0
2024-03-01 10:26:00,FEMY,1.7400000095367432,1.7400000095367432,1.75,1.7299000024795532,1.7299000024795532,9313.0
2024-03-01 10:26:00,FGEN,1.7100000381469727,1.7100000381469727,1.7100000381469727,1.7100000381469727,1.7100000381469727,557.0
2024-03-01 10:26:00,FOLD,13.505000114440918,13.505000114440918,13.505000114440918,13.494999885559082,13.5,1618.0
2024-03-01 10:26:00,FULC,10.65999984741211,10.65999984741211,10.65999984741211,10.569999694824219,10.569999694824219,1290.0
2024-03-01 10:26:00,FUSN,12.229999542236328,12.229999542236328,12.25,12.229999542236328,12.25,1010.0
2024-03-01 10:26:00,GDRX,8.289999961853027,8.289999961853027,8.305000305175781,8.289999961853027,8.29990005493164,4010.0
2024-03-01 10:26:00,GERN,2.119999885559082,2.119999885559082,2.119999885559082,2.115000009536743,2.117500066757202,4541.0
2024-03-01 10:26:00,GH,19.219999313354492,19.219999313354492,19.229999542236328,19.204999923706055,19.204999923706055,2569.0
2024-03-01 10:26:00,GILD,72.51000213623047,72.51000213623047,72.5199966430664,72.44999694824219,72.45500183105469,7563.0
2024-03-01 10:26:00,GLYC,2.9300999641418457,2.9300999641418457,2.950000047683716,2.9300999641418457,2.950000047683716,300.0
2024-03-01 10:26:00,GOSS,1.350000023841858,1.350000023841858,1.350000023841858,1.350000023841858,1.350000023841858,200.0
2024-03-01 10:26:00,GRFS,6.980000019073486,6.980000019073486,6.980000019073486,6.960000038146973,6.960000038146973,4838.0
2024-03-01 10:26:00,GRTS,2.115000009536743,2.115000009536743,2.119999885559082,2.109999895095825,2.119999885559082,6442.0
2024-03-01 10:26:00,GRTX,0.23199999332427979,0.23199999332427979,0.23199999332427979,0.23199999332427979,0.23199999332427979,197.0
2024-03-01 10:26:00,GTHX,3.4649999141693115,3.4649999141693115,3.4649999141693115,3.4649999141693115,3.4649999141693115,353.0
2024-03-01 10:26:00,HALO,41.15999984741211,41.15999984741211,41.15999984741211,41.099998474121094,41.11000061035156,1147.0
2024-03-01 10:26:00,HARP,22.940000534057617,22.940000534057617,22.9424991607666,22.940000534057617,22.940099716186523,4138.0
2024-03-01 10:26:00,HCAT,8.010000228881836,8.010000228881836,8.010000228881836,8.010000228881836,8.010000228881836,1146.0
2024-03-01 10:26:00,HCTI,2.380000114440918,2.380000114440918,2.3898000717163086,2.369999885559082,2.369999885559082,1859.0
2024-03-01 10:26:00,HEPA,3.25,3.25,3.2899999618530273,3.25,3.2899999618530273,1337.0
2024-03-01 10:26:00,HLTH,0.26649999618530273,0.26649999618530273,0.2669999897480011,0.26649999618530273,0.2669999897480011,1335.0
2024-03-01 10:26:00,HLVX,18.864999771118164,18.864999771118164,18.864999771118164,18.864999771118164,18.864999771118164,101.0
2024-03-01 10:26:00,HOLX,73.70999908447266,73.70999908447266,73.71499633789062,73.70999908447266,73.71499633789062,707.0
2024-03-01 10:26:00,HQY,82.11000061035156,82.11000061035156,82.11000061035156,82.08000183105469,82.0999984741211,569.0
2024-03-01 10:26:00,HRMY,31.8799991607666,31.8799991607666,31.8799991607666,31.8799991607666,31.8799991607666,200.0
2024-03-01 10:26:00,HROW,10.819999694824219,10.819999694824219,10.819999694824219,10.819999694824219,10.819999694824219,341.0
2024-03-01 10:26:00,HRTX,2.6549999713897705,2.6549999713897705,2.6600000858306885,2.6549999713897705,2.6600000858306885,946.0
2024-03-01 10:26:00,HSDT,4.800000190734863,4.800000190734863,4.800000190734863,4.800000190734863,4.800000190734863,200.0
2024-03-01 10:26:00,HSIC,77.29000091552734,77.29000091552734,77.29000091552734,77.2249984741211,77.27999877929688,721.0
2024-03-01 10:26:00,HUMA,3.174999952316284,3.174999952316284,3.1798999309539795,3.1649999618530273,3.1700000762939453,18039.0
2024-03-01 10:26:00,HYPR,1.1799999475479126,1.1799999475479126,1.1799999475479126,1.1799999475479126,1.1799999475479126,933.0
2024-03-01 10:26:00,IBRX,4.820000171661377,4.820000171661377,4.820000171661377,4.810100078582764,4.815000057220459,2056.0
2024-03-01 10:26:00,ICLR,324.1099853515625,324.1099853515625,324.1099853515625,323.510009765625,323.9949951171875,1309.0
2024-03-01 10:26:00,ICUI,105.77999877929688,105.77999877929688,106.0,105.77999877929688,105.95999908447266,3573.0
2024-03-01 10:26:00,ILMN,139.7949981689453,139.7949981689453,139.8000030517578,139.51519775390625,139.51519775390625,1976.0
2024-03-01 10:26:00,IMAB,1.850000023841858,1.850000023841858,1.850000023841858,1.850000023841858,1.850000023841858,311.0
2024-03-01 10:26:00,IMMX,3.5950000286102295,3.5950000286102295,3.631999969482422,3.5950000286102295,3.630000114440918,1479.0
2024-03-01 10:26:00,IMNM,25.05150032043457,25.05150032043457,25.05150032043457,25.05150032043457,25.05150032043457,553.0
2024-03-01 10:26:00,IMNN,1.0399999618530273,1.0399999618530273,1.0399999618530273,1.0319000482559204,1.0319000482559204,823.0
2024-03-01 10:26:00,IMUX,1.524999976158142,1.524999976158142,1.5299999713897705,1.5199999809265137,1.5199999809265137,1145.0
2024-03-01 10:26:00,IMVT,36.57500076293945,36.57500076293945,36.57500076293945,36.57500076293945,36.57500076293945,349.0
2024-03-01 10:26:00,INAB,1.1200000047683716,1.1200000047683716,1.1200000047683716,1.1200000047683716,1.1200000047683716,1001.0
2024-03-01 10:26:00,INBX,36.849998474121094,36.849998474121094,36.849998474121094,36.849998474121094,36.849998474121094,427.0
2024-03-01 10:26:00,INCY,58.95100021362305,58.95100021362305,58.98500061035156,58.91999816894531,58.939998626708984,2008.0
2024-03-01 10:26:00,INMB,11.699999809265137,11.699999809265137,11.699999809265137,11.699999809265137,11.699999809265137,234.0
2024-03-01 10:26:00,INMD,22.579999923706055,22.579999923706055,22.579999923706055,22.579999923706055,22.579999923706055,365.0
2024-03-01 10:26:00,INO,8.880000114440918,8.880000114440918,8.880000114440918,8.880000114440918,8.880000114440918,763.0
2024-03-01 10:26:00,INSM,28.3799991607666,28.3799991607666,28.3799991607666,28.350000381469727,28.3700008392334,1194.0
2024-03-01 10:26:00,INVA,15.449999809265137,15.449999809265137,15.449999809265137,15.420000076293945,15.430000305175781,1120.0
2024-03-01 10:26:00,IONM,0.3400000035762787,0.3400000035762787,0.3400000035762787,0.3400000035762787,0.3400000035762787,4500.0
2024-03-01 10:26:00,IONS,45.665000915527344,45.665000915527344,45.665000915527344,45.630001068115234,45.630001068115234,1907.0
2024-03-01 10:26:00,IOVA,16.82819938659668,16.82819938659668,16.8700008392334,16.81999969482422,16.81999969482422,18731.0
2024-03-01 10:26:00,IRWD,8.9399995803833,8.9399995803833,8.96500015258789,8.920000076293945,8.949999809265137,88785.0
2024-03-01 10:26:00,ISRG,388.0,388.0,388.239990234375,388.0,388.0299987792969,1007.0
2024-03-01 10:26:00,ITOS,10.734999656677246,10.734999656677246,10.734999656677246,10.734999656677246,10.734999656677246,525.0
2024-03-01 10:26:00,JAGX,0.10199999809265137,0.10199999809265137,0.10199999809265137,0.09799999743700027,0.10029999911785126,2110728.0
2024-03-01 10:26:00,JANX,46.36000061035156,46.36000061035156,46.56999969482422,46.36000061035156,46.56999969482422,1164.0
2024-03-01 10:26:00,JAZZ,120.62999725341797,120.62999725341797,120.62999725341797,120.31999969482422,120.4000015258789,4072.0
2024-03-01 10:26:00,JYNT,9.925000190734863,9.925000190734863,9.925000190734863,9.925000190734863,9.925000190734863,100.0
2024-03-01 10:26:00,KNSA,22.049999237060547,22.049999237060547,22.06999969482422,22.030000686645508,22.05500030517578,2542.0
2024-03-01 10:26:00,KNTE,2.625,2.625,2.630000114440918,2.625,2.625,1177.0
2024-03-01 10:26:00,KOD,6.045000076293945,6.045000076293945,6.045000076293945,6.045000076293945,6.045000076293945,253.0
2024-03-01 10:26:00,KPTI,1.184999942779541,1.184999942779541,1.184999942779541,1.1799999475479126,1.184999942779541,10483.0
2024-03-01 10:26:00,KROS,69.1050033569336,69.1050033569336,69.1050033569336,69.09500122070312,69.09500122070312,257.0
2024-03-01 10:26:00,KRYS,167.8000030517578,167.8000030517578,168.0,167.5,168.0,945.0
2024-03-01 10:26:00,KTRA,0.10080000013113022,0.10080000013113022,0.10199999809265137,0.10080000013113022,0.10199999809265137,15701.0
2024-03-01 10:26:00,KYMR,43.849998474121094,43.849998474121094,43.85499954223633,43.814998626708984,43.85499954223633,937.0
2024-03-01 10:26:00,KZIA,0.24899999797344208,0.24899999797344208,0.24899999797344208,0.24899999797344208,0.24899999797344208,0.0
2024-03-01 10:26:00,KZR,1.1100000143051147,1.1100000143051147,1.1100000143051147,1.1100000143051147,1.1100000143051147,870.0
2024-03-01 10:26:00,LAB,2.3299999237060547,2.3299999237060547,2.3299999237060547,2.3299999237060547,2.3299999237060547,455.0
2024-03-01 10:26:00,LBPH,22.190000534057617,22.190000534057617,22.25,22.165000915527344,22.165000915527344,1669.0
2024-03-01 10:26:00,LFMD,7.989999771118164,7.989999771118164,7.989999771118164,7.989999771118164,7.989999771118164,102.0
2024-03-01 10:26:00,LFST,8.055000305175781,8.055000305175781,8.060099601745605,8.039999961853027,8.0600004196167,8816.0
2024-03-01 10:26:00,LIFE,1.9199999570846558,1.9199999570846558,1.9199999570846558,1.9199999570846558,1.9199999570846558,276.0
2024-03-01 10:26:00,LNSR,4.650000095367432,4.650000095367432,4.650000095367432,4.639999866485596,4.639999866485596,461.0
2024-03-01 10:26:00,LNTH,65.44819641113281,65.44819641113281,65.55999755859375,65.44819641113281,65.52999877929688,1381.0
2024-03-01 10:26:00,LRMR,11.372599601745605,11.372599601745605,11.420000076293945,11.372599601745605,11.40999984741211,1075.0
2024-03-01 10:26:00,LUNG,9.109999656677246,9.109999656677246,9.109999656677246,9.109999656677246,9.109999656677246,167.0
2024-03-01 10:26:00,LVTX,3.062000036239624,3.062000036239624,3.0899999141693115,3.062000036239624,3.0710999965667725,2155.0
2024-03-01 10:26:00,LYEL,3.109999895095825,3.109999895095825,3.109999895095825,3.109999895095825,3.109999895095825,1025.0
2024-03-01 10:26:00,MACK,14.75,14.75,14.755000114440918,14.75,14.755000114440918,736.0
2024-03-01 10:26:00,MBOT,1.2799999713897705,1.2799999713897705,1.2799999713897705,1.2799999713897705,1.2799999713897705,102.0
2024-03-01 10:26:00,MCRB,1.180899977684021,1.180899977684021,1.1891000270843506,1.1800999641418457,1.1800999641418457,5533.0
2024-03-01 10:26:00,MDRX,5.980000019073486,5.980000019073486,5.980000019073486,5.900000095367432,5.980000019073486,35739.0
2024-03-01 10:26:00,MDXG,8.475000381469727,8.475000381469727,8.479999542236328,8.475000381469727,8.479999542236328,1313.0
2024-03-01 10:26:00,ME,0.5748999714851379,0.5748999714851379,0.5748999714851379,0.5748999714851379,0.5748999714851379,1000.0
2024-03-01 10:26:00,MEDP,399.04998779296875,399.04998779296875,399.04998779296875,399.04998779296875,399.04998779296875,122.0
2024-03-01 10:26:00,MGNX,19.174999237060547,19.174999237060547,19.174999237060547,19.139999389648438,19.172100067138672,5960.0
2024-03-01 10:26:00,MGTX,6.170000076293945,6.170000076293945,6.170000076293945,6.170000076293945,6.170000076293945,186.0
2024-03-01 10:26:00,MIRM,29.25,29.25,29.25,29.231399536132812,29.231399536132812,1295.0
2024-03-01 10:26:00,MLTX,52.38819885253906,52.38819885253906,52.38819885253906,52.2599983215332,52.2599983215332,802.0
2024-03-01 10:26:00,MMSI,76.27999877929688,76.27999877929688,76.27999877929688,76.27999877929688,76.27999877929688,319.0
2024-03-01 10:26:00,MNKD,4.5,4.5,4.5,4.494999885559082,4.494999885559082,821.0
2024-03-01 10:26:00,MNMD,5.900000095367432,5.900000095367432,5.900000095367432,5.878499984741211,5.885799884796143,1737.0
2024-03-01 10:26:00,MNPR,0.7799999713897705,0.7799999713897705,0.7799999713897705,0.7799999713897705,0.7799999713897705,200.0
2024-03-01 10:26:00,MODD,1.940000057220459,1.940000057220459,1.940000057220459,1.9199999570846558,1.9199999570846558,579.0
2024-03-01 10:26:00,MORF,38.189998626708984,38.189998626708984,38.189998626708984,38.189998626708984,38.189998626708984,163.0
2024-03-01 10:26:00,MRAI,1.510200023651123,1.510200023651123,1.510200023651123,1.5099999904632568,1.5099999904632568,339.0
2024-03-01 10:26:00,MREO,3.9007999897003174,3.9007999897003174,3.9007999897003174,3.9007999897003174,3.9007999897003174,1060.0
2024-03-01 10:26:00,MRNA,95.3499984741211,95.3499984741211,95.41999816894531,95.28009796142578,95.29000091552734,7004.0
2024-03-01 10:26:00,MRSN,5.96999979019165,5.96999979019165,5.980000019073486,5.96999979019165,5.974999904632568,1603.0
2024-03-01 10:26:00,MRUS,49.93000030517578,49.93000030517578,49.9900016784668,49.904998779296875,49.9900016784668,1141.0
2024-03-01 10:26:00,MRVI,7.764999866485596,7.764999866485596,7.769999980926514,7.764999866485596,7.769999980926514,253.0
2024-03-01 10:26:00,MYGN,21.065000534057617,21.065000534057617,21.065000534057617,21.065000534057617,21.065000534057617,206.0
2024-03-01 10:26:00,NARI,45.5,45.5,45.5,45.15999984741211,45.165000915527344,15684.0
2024-03-01 10:26:00,NAUT,2.740000009536743,2.740000009536743,2.740000009536743,2.740000009536743,2.740000009536743,0.0
2024-03-01 10:26:00,NBIX,131.49000549316406,131.49000549316406,131.6649932861328,131.49000549316406,131.57000732421875,3909.0
2024-03-01 10:26:00,NEO,15.979999542236328,15.979999542236328,15.979999542236328,15.979999542236328,15.979999542236328,114.0
2024-03-01 10:26:00,NEOG,16.924999237060547,16.924999237060547,16.934999465942383,16.924999237060547,16.934999465942383,1392.0
2024-03-01 10:26:00,NERV,2.5399999618530273,2.5399999618530273,2.5399999618530273,2.509999990463257,2.509999990463257,609.0
2024-03-01 10:26:00,NGM,1.5299999713897705,1.5299999713897705,1.5305999517440796,1.5299999713897705,1.5305999517440796,765.0
2024-03-01 10:26:00,NKTR,0.7396000027656555,0.7396000027656555,0.7397000193595886,0.7394999861717224,0.7397000193595886,4282.0
2024-03-01 10:26:00,NKTX,12.390000343322754,12.390000343322754,12.390000343322754,12.390000343322754,12.390000343322754,1000.0
2024-03-01 10:26:00,NMRD,0.07620000094175339,0.07620000094175339,0.07620000094175339,0.07620000094175339,0.07620000094175339,160.0
2024-03-01 10:26:00,NNOX,11.114999771118164,11.114999771118164,11.140000343322754,11.0600004196167,11.0600004196167,13107.0
2024-03-01 10:26:00,NRBO,5.650000095367432,5.650000095367432,5.679999828338623,5.599999904632568,5.679999828338623,2633.0
2024-03-01 10:26:00,NRIX,13.1899995803833,13.1899995803833,13.199999809265137,13.1358003616333,13.15999984741211,1306.0
2024-03-01 10:26:00,NRXP,0.42989999055862427,0.42989999055862427,0.43950000405311584,0.42989999055862427,0.43950000405311584,5580.0
2024-03-01 10:26:00,NSPR,2.690000057220459,2.690000057220459,2.700000047683716,2.690000057220459,2.690000057220459,1462.0
2024-03-01 10:26:00,NTLA,33.8650016784668,33.8650016784668,33.91889953613281,33.86000061035156,33.86000061035156,2368.0
2024-03-01 10:26:00,NTRA,89.73999786376953,89.73999786376953,89.75499725341797,89.68499755859375,89.73999786376953,4321.0
2024-03-01 10:26:00,NUWE,0.5809999704360962,0.5809999704360962,0.5809999704360962,0.5809999704360962,0.5809999704360962,100.0
2024-03-01 10:26:00,NVAX,5.031799793243408,5.031799793243408,5.031799793243408,5.00439977645874,5.00439977645874,27358.0
2024-03-01 10:26:00,NVCR,15.489999771118164,15.489999771118164,15.498900413513184,15.489999771118164,15.498900413513184,551.0
2024-03-01 10:26:00,NXTC,1.7450000047683716,1.7450000047683716,1.7450000047683716,1.7450000047683716,1.7450000047683716,100.0
2024-03-01 10:26:00,OCGN,0.9354000091552734,0.9354000091552734,0.9354000091552734,0.9354000091552734,0.9354000091552734,130.0
2024-03-01 10:26:00,OCUL,10.199399948120117,10.199399948120117,10.199399948120117,10.1850004196167,10.1850004196167,2107.0
2024-03-01 10:26:00,OLK,22.545000076293945,22.545000076293945,22.545000076293945,22.545000076293945,22.545000076293945,11.0
2024-03-01 10:26:00,OLMA,12.8100004196167,12.8100004196167,12.835000038146973,12.8100004196167,12.835000038146973,444.0
2024-03-01 10:26:00,OM,3.0399999618530273,3.0399999618530273,3.049999952316284,3.0399999618530273,3.049999952316284,0.0
2024-03-01 10:26:00,OMCL,26.389999389648438,26.389999389648438,26.389999389648438,26.389999389648438,26.389999389648438,128.0
2024-03-01 10:26:00,OMGA,4.141900062561035,4.141900062561035,4.141900062561035,4.114999771118164,4.119999885559082,3383.0
2024-03-01 10:26:00,ONCY,1.0950000286102295,1.0950000286102295,1.0950000286102295,1.090000033378601,1.090000033378601,134.0
2024-03-01 10:27:00,ABCL,5.1519999504089355,5.1519999504089355,5.159999847412109,5.150100231170654,5.159999847412109,3285.0
2024-03-01 10:27:00,ABOS,4.735000133514404,4.735000133514404,4.735000133514404,4.735000133514404,4.735000133514404,440.0
2024-03-01 10:27:00,ABSI,5.269899845123291,5.269899845123291,5.269999980926514,5.239999771118164,5.249899864196777,12030.0
2024-03-01 10:27:00,ACAD,23.969999313354492,23.969999313354492,23.969999313354492,23.959999084472656,23.959999084472656,942.0
2024-03-01 10:27:00,ACB,3.0450000762939453,3.0450000762939453,3.049999952316284,3.0450000762939453,3.049999952316284,3647.0
2024-03-01 10:27:00,ACET,2.3299999237060547,2.3299999237060547,2.3399999141693115,2.319999933242798,2.3350000381469727,16093.0
2024-03-01 10:27:00,ACHC,83.4000015258789,83.4000015258789,83.4000015258789,83.30500030517578,83.30500030517578,703.0
2024-03-01 10:27:00,ACIU,3.829900026321411,3.829900026321411,3.869999885559082,3.8239998817443848,3.829900026321411,2284.0
2024-03-01 10:27:00,ACRS,1.225000023841858,1.225000023841858,1.2300000190734863,1.225000023841858,1.2300000190734863,5523.0
2024-03-01 10:27:00,ACXP,3.02020001411438,3.02020001411438,3.02020001411438,3.02020001411438,3.02020001411438,692.0
2024-03-01 10:27:00,ADIL,3.427999973297119,3.427999973297119,3.4600000381469727,3.309999942779541,3.3494999408721924,144084.0
2024-03-01 10:27:00,ADMA,5.389999866485596,5.389999866485596,5.389999866485596,5.389999866485596,5.389999866485596,117.0
2024-03-01 10:27:00,ADPT,4.170000076293945,4.170000076293945,4.170000076293945,4.170000076293945,4.170000076293945,129.0
2024-03-01 10:27:00,ADVM,1.9450000524520874,1.9450000524520874,1.9450000524520874,1.9450000524520874,1.9450000524520874,483.0
2024-03-01 10:27:00,AFMD,0.6200000047683716,0.6200000047683716,0.6200000047683716,0.6040999889373779,0.6200000047683716,14028.0
2024-03-01 10:27:00,AGEN,0.6748999953269958,0.6748999953269958,0.6751000285148621,0.6703000068664551,0.6740999817848206,4198.0
2024-03-01 10:27:00,AGIO,32.790000915527344,32.790000915527344,32.790000915527344,32.790000915527344,32.790000915527344,531.0
2024-03-01 10:27:00,AHCO,10.710000038146973,10.710000038146973,10.710000038146973,10.699999809265137,10.701700210571289,1026.0
2024-03-01 10:27:00,AIMD,0.9800000190734863,0.9800000190734863,0.9800000190734863,0.9800000190734863,0.9800000190734863,1880.0
2024-03-01 10:27:00,AIRS,6.570000171661377,6.570000171661377,6.570000171661377,6.570000171661377,6.570000171661377,200.0
2024-03-01 10:27:00,AKAN,0.259799987077713,0.259799987077713,0.25999999046325684,0.2540999948978424,0.25999999046325684,10289.0
2024-03-01 10:27:00,AKBA,1.6500999927520752,1.6500999927520752,1.6506999731063843,1.6500999927520752,1.6506999731063843,2200.0
2024-03-01 10:27:00,AKLI,0.3427000045776367,0.3427000045776367,0.3427000045776367,0.3427000045776367,0.3427000045776367,1401.0
2024-03-01 10:27:00,AKRO,28.06999969482422,28.06999969482422,28.100000381469727,28.049999237060547,28.049999237060547,3770.0
2024-03-01 10:27:00,ALDX,4.090000152587891,4.090000152587891,4.090000152587891,4.079999923706055,4.079999923706055,2653.0
2024-03-01 10:27:00,ALEC,7.449999809265137,7.449999809265137,7.46999979019165,7.449999809265137,7.458000183105469,1987.0
2024-03-01 10:27:00,ALGN,297.5450134277344,297.5450134277344,297.7099914550781,297.5450134277344,297.7099914550781,291.0
2024-03-01 10:27:00,ALGS,0.9900000095367432,0.9900000095367432,0.9900000095367432,0.9900000095367432,0.9900000095367432,40000.0
2024-03-01 10:27:00,ALHC,5.829999923706055,5.829999923706055,5.829999923706055,5.829999923706055,5.829999923706055,646.0
2024-03-01 10:27:00,ALKS,30.059999465942383,30.059999465942383,30.06999969482422,30.040000915527344,30.040000915527344,1859.0
2024-03-01 10:27:00,ALLK,1.5950000286102295,1.5950000286102295,1.5950000286102295,1.5950000286102295,1.5950000286102295,1.0
2024-03-01 10:27:00,ALLO,5.015200138092041,5.015200138092041,5.025000095367432,5.015200138092041,5.025000095367432,2343.0
2024-03-01 10:27:00,ALNY,153.44000244140625,153.44000244140625,153.44000244140625,153.27999877929688,153.27999877929688,230.0
2024-03-01 10:27:00,ALPN,36.31999969482422,36.31999969482422,36.33000183105469,36.290000915527344,36.290000915527344,1096.0
2024-03-01 10:27:00,ALT,12.260000228881836,12.260000228881836,12.260600090026855,12.25,12.25529956817627,3918.0
2024-03-01 10:27:00,AMGN,280.419189453125,280.419189453125,280.6449890136719,280.2300109863281,280.239990234375,10991.0
2024-03-01 10:27:00,AMLX,18.920000076293945,18.920000076293945,18.940000534057617,18.920000076293945,18.940000534057617,551.0
2024-03-01 10:27:00,AMPH,45.93000030517578,45.93000030517578,46.03499984741211,45.900001525878906,46.03499984741211,914.0
2024-03-01 10:27:00,AMRN,1.034999966621399,1.034999966621399,1.034999966621399,1.034999966621399,1.034999966621399,114.0
2024-03-01 10:27:00,ANAB,25.3799991607666,25.3799991607666,25.3799991607666,25.3799991607666,25.3799991607666,1.0
2024-03-01 10:27:00,ANIP,68.31999969482422,68.31999969482422,68.31999969482422,68.31999969482422,68.31999969482422,427.0
2024-03-01 10:27:00,ANIX,3.5989999771118164,3.5989999771118164,3.5989999771118164,3.5989999771118164,3.5989999771118164,408.0
2024-03-01 10:27:00,ANNX,5.820099830627441,5.820099830627441,5.829999923706055,5.789999961853027,5.809999942779541,26785.0
2024-03-01 10:27:00,ANTX,2.950000047683716,2.950000047683716,2.950000047683716,2.950000047683716,2.950000047683716,500.0
2024-03-01 10:27:00,APLS,63.099998474121094,63.099998474121094,63.14500045776367,63.029998779296875,63.099998474121094,6717.0
2024-03-01 10:27:00,APLT,7.375,7.375,7.375,7.360000133514404,7.360000133514404,442.0
2024-03-01 10:27:00,AQST,4.170000076293945,4.170000076293945,4.179900169372559,4.160099983215332,4.175000190734863,2070.0
2024-03-01 10:27:00,ARAY,2.634200096130371,2.634200096130371,2.635999917984009,2.6308999061584473,2.634200096130371,1254.0
2024-03-01 10:27:00,ARCT,40.25,40.25,40.25,40.209999084472656,40.22999954223633,981.0
2024-03-01 10:27:00,ARDX,9.6899995803833,9.6899995803833,9.6899995803833,9.675000190734863,9.680000305175781,2816.0
2024-03-01 10:27:00,ARGX,384.82501220703125,384.82501220703125,384.8500061035156,384.82501220703125,384.8500061035156,508.0
2024-03-01 10:27:00,ARQT,11.009900093078613,11.009900093078613,11.029999732971191,10.989999771118164,11.029999732971191,6304.0
2024-03-01 10:27:00,ARVN,50.959999084472656,50.959999084472656,51.0099983215332,50.89500045776367,50.94820022583008,1313.0
2024-03-01 10:27:00,ARWR,34.90999984741211,34.90999984741211,34.915000915527344,34.90999984741211,34.915000915527344,630.0
2024-03-01 10:27:00,ASND,148.9550018310547,148.9550018310547,149.22000122070312,148.64999389648438,149.22000122070312,468.0
2024-03-01 10:27:00,ATAI,1.9700000286102295,1.9700000286102295,1.975000023841858,1.9700000286102295,1.975000023841858,400.0
2024-03-01 10:27:00,ATEC,13.305000305175781,13.305000305175781,13.305000305175781,13.300000190734863,13.305000305175781,1911.0
2024-03-01 10:27:00,ATOS,0.9900000095367432,0.9900000095367432,0.9900000095367432,0.9900000095367432,0.9900000095367432,0.0
2024-03-01 10:27:00,ATRA,0.8098999857902527,0.8098999857902527,0.8098999857902527,0.8037999868392944,0.8098999857902527,14660.0
2024-03-01 10:27:00,ATXS,14.949999809265137,14.949999809265137,15.020000457763672,14.949999809265137,15.020000457763672,5992.0
2024-03-01 10:27:00,AUTL,6.210000038146973,6.210000038146973,6.255000114440918,6.210000038146973,6.255000114440918,5308.0
2024-03-01 10:27:00,AVDL,12.710100173950195,12.710100173950195,12.729999542236328,12.710100173950195,12.729999542236328,2100.0
2024-03-01 10:27:00,AVIR,4.369999885559082,4.369999885559082,4.369999885559082,4.369999885559082,4.369999885559082,1543.0
2024-03-01 10:27:00,AVRO,1.309999942779541,1.309999942779541,1.309999942779541,1.309999942779541,1.309999942779541,273.0
2024-03-01 10:27:00,AVTE,22.354999542236328,22.354999542236328,22.354999542236328,22.354999542236328,22.354999542236328,140.0
2024-03-01 10:27:00,AXSM,83.6050033569336,83.6050033569336,83.6050033569336,83.6050033569336,83.6050033569336,199.0
2024-03-01 10:27:00,AZN,64.58000183105469,64.58000183105469,64.58000183105469,64.50499725341797,64.50499725341797,1997.0
2024-03-01 10:27:00,BBIO,36.38999938964844,36.38999938964844,36.38999938964844,36.28499984741211,36.29069900512695,1839.0
2024-03-01 10:27:00,BCEL,0.27000001072883606,0.27000001072883606,0.27000001072883606,0.27000001072883606,0.27000001072883606,1500.0
2024-03-01 10:27:00,BCRX,5.764999866485596,5.764999866485596,5.764999866485596,5.764999866485596,5.764999866485596,794.0
2024-03-01 10:27:00,BDTX,5.304999828338623,5.304999828338623,5.304999828338623,5.304999828338623,5.304999828338623,211.0
2024-03-01 10:27:00,BEAM,41.20000076293945,41.20000076293945,41.25,41.154998779296875,41.220001220703125,2258.0
2024-03-01 10:27:00,BIVI,2.6503000259399414,2.6503000259399414,2.680799961090088,2.634999990463257,2.6363000869750977,126758.0
2024-03-01 10:27:00,BLFS,17.8075008392334,17.8075008392334,17.8075008392334,17.729999542236328,17.739999771118164,2440.0
2024-03-01 10:27:00,BLRX,1.399999976158142,1.399999976158142,1.399999976158142,1.399999976158142,1.399999976158142,168.0
2024-03-01 10:27:00,BLUE,1.6211999654769897,1.6211999654769897,1.6349999904632568,1.6211999654769897,1.6349999904632568,16711.0
2024-03-01 10:27:00,BMRA,1.2101000547409058,1.2101000547409058,1.2101000547409058,1.2101000547409058,1.2101000547409058,364.0
2024-03-01 10:27:00,BMRN,86.38999938964844,86.38999938964844,86.45999908447266,86.38999938964844,86.45999908447266,944.0
2024-03-01 10:27:00,BNGO,1.2400000095367432,1.2400000095367432,1.25,1.2350000143051147,1.2350000143051147,12397.0
2024-03-01 10:27:00,BNTC,5.099999904632568,5.099999904632568,5.099999904632568,5.099999904632568,5.099999904632568,541.0
2024-03-01 10:27:00,BNTX,90.95500183105469,90.95500183105469,90.95500183105469,90.80750274658203,90.81999969482422,1957.0
2024-03-01 10:27:00,BRKR,87.78500366210938,87.78500366210938,87.78500366210938,87.76499938964844,87.76499938964844,227.0
2024-03-01 10:27:00,BRTX,1.4993000030517578,1.4993000030517578,1.499899983406067,1.4993000030517578,1.499899983406067,3620.0
2024-03-01 10:27:00,BTMD,5.980000019073486,5.980000019073486,5.980000019073486,5.980000019073486,5.980000019073486,127.0
2024-03-01 10:27:00,BTTX,0.16189999878406525,0.16189999878406525,0.16189999878406525,0.16189999878406525,0.16189999878406525,1751.0
2024-03-01 10:27:00,CABA,24.299999237060547,24.299999237060547,24.31999969482422,24.299999237060547,24.31999969482422,1465.0
2024-03-01 10:27:00,CAPR,4.579999923706055,4.579999923706055,4.590000152587891,4.510000228881836,4.590000152587891,7244.0
2024-03-01 10:27:00,CARA,0.8700000047683716,0.8700000047683716,0.8700000047683716,0.8700000047683716,0.8700000047683716,236.0
2024-03-01 10:27:00,CBAY,32.22999954223633,32.22999954223633,32.22999954223633,32.22999954223633,32.22999954223633,789.0
2024-03-01 10:27:00,CCCC,11.0,11.0,11.015000343322754,10.989999771118164,11.0,5190.0
2024-03-01 10:27:00,CDMO,7.889999866485596,7.889999866485596,7.889999866485596,7.880000114440918,7.880000114440918,248.0
2024-03-01 10:27:00,CDNA,12.25,12.25,12.25,12.190099716186523,12.190099716186523,2301.0
2024-03-01 10:27:00,CDXC,1.649999976158142,1.649999976158142,1.659999966621399,1.649999976158142,1.6540000438690186,7384.0
2024-03-01 10:27:00,CDXS,4.28000020980835,4.28000020980835,4.308000087738037,4.28000020980835,4.308000087738037,1250.0
2024-03-01 10:27:00,CERE,41.244998931884766,41.244998931884766,41.244998931884766,41.2400016784668,41.244998931884766,1011.0
2024-03-01 10:27:00,CERS,2.200000047683716,2.200000047683716,2.200000047683716,2.200000047683716,2.200000047683716,142.0
2024-03-01 10:27:00,CERT,17.81999969482422,17.81999969482422,17.81999969482422,17.81999969482422,17.81999969482422,400.0
2024-03-01 10:27:00,CGC,3.200000047683716,3.200000047683716,3.2200000286102295,3.200000047683716,3.210099935531616,5436.0
2024-03-01 10:27:00,CGEN,2.670099973678589,2.670099973678589,2.690000057220459,2.6700000762939453,2.690000057220459,13098.0
2024-03-01 10:27:00,CGTX,2.0199999809265137,2.0199999809265137,2.0199999809265137,2.0199999809265137,2.0199999809265137,2500.0
2024-03-01 10:27:00,CHRS,2.3301000595092773,2.3301000595092773,2.3399999141693115,2.319999933242798,2.319999933242798,7854.0
2024-03-01 10:27:00,CLDX,51.92499923706055,51.92499923706055,51.948001861572266,51.77000045776367,51.91999816894531,4933.0
2024-03-01 10:27:00,CLNN,0.39500001072883606,0.39500001072883606,0.39500001072883606,0.39489999413490295,0.39489999413490295,7478.0
2024-03-01 10:27:00,CLOV,0.8698999881744385,0.8698999881744385,0.8698999881744385,0.8677999973297119,0.8691999912261963,3853.0
2024-03-01 10:27:00,CLPT,6.539999961853027,6.539999961853027,6.539999961853027,6.539999961853027,6.539999961853027,300.0
2024-03-01 10:27:00,CLRB,4.019999980926514,4.019999980926514,4.019999980926514,4.019999980926514,4.019999980926514,300.0
2024-03-01 10:27:00,CMMB,0.6499999761581421,0.6499999761581421,0.6499999761581421,0.6499999761581421,0.6499999761581421,400.0
2024-03-01 10:27:00,CMPS,10.614999771118164,10.614999771118164,10.614999771118164,10.614999771118164,10.614999771118164,1052.0
2024-03-01 10:27:00,CMRX,1.149399995803833,1.149399995803833,1.149399995803833,1.149399995803833,1.149399995803833,200.0
2024-03-01 10:27:00,CNSP,0.3098999857902527,0.3098999857902527,0.3140000104904175,0.3098999857902527,0.3140000104904175,5464.0
2024-03-01 10:27:00,CNTA,10.720000267028809,10.720000267028809,10.720000267028809,10.719900131225586,10.719900131225586,450.0
2024-03-01 10:27:00,CNTX,1.1399999856948853,1.1399999856948853,1.149999976158142,1.1399999856948853,1.149999976158142,1900.0
2024-03-01 10:27:00,COGT,7.324999809265137,7.324999809265137,7.324999809265137,7.324999809265137,7.324999809265137,201.0
2024-03-01 10:27:00,CORT,23.854999542236328,23.854999542236328,23.854999542236328,23.854999542236328,23.854999542236328,424.0
2024-03-01 10:27:00,CPRX,16.889999389648438,16.889999389648438,16.889999389648438,16.860000610351562,16.860000610351562,3057.0
2024-03-01 10:27:00,CPSI,9.224499702453613,9.224499702453613,9.224499702453613,9.180000305175781,9.21090030670166,2400.0
2024-03-01 10:27:00,CRBP,31.6200008392334,31.6200008392334,31.65999984741211,31.6200008392334,31.65999984741211,711.0
2024-03-01 10:27:00,CRBU,8.109999656677246,8.109999656677246,8.119999885559082,8.109999656677246,8.119999885559082,1038.0
2024-03-01 10:27:00,CRDF,2.5481998920440674,2.5481998920440674,2.559999942779541,2.509999990463257,2.509999990463257,73615.0
2024-03-01 10:27:00,CRDL,1.9774999618530273,1.9774999618530273,1.9774999618530273,1.9774999618530273,1.9774999618530273,129.0
2024-03-01 10:27:00,CRSP,86.8499984741211,86.8499984741211,86.8499984741211,86.64769744873047,86.64769744873047,1708.0
2024-03-01 10:27:00,CTKB,8.020000457763672,8.020000457763672,8.024999618530273,8.020000457763672,8.020000457763672,1813.0
2024-03-01 10:27:00,CTMX,2.4800000190734863,2.4800000190734863,2.4800000190734863,2.4800000190734863,2.4800000190734863,300.0
2024-03-01 10:27:00,CUE,2.130000114440918,2.130000114440918,2.1386001110076904,2.130000114440918,2.1386001110076904,361.0
2024-03-01 10:27:00,CUTR,2.3299999237060547,2.3299999237060547,2.3299999237060547,2.319999933242798,2.319999933242798,2995.0
2024-03-01 10:27:00,CVAC,3.4900999069213867,3.4900999069213867,3.494999885559082,3.490000009536743,3.490000009536743,842.0
2024-03-01 10:27:00,CVRX,19.770000457763672,19.770000457763672,19.770000457763672,19.770000457763672,19.770000457763672,212.0
2024-03-01 10:27:00,CYTK,74.76000213623047,74.76000213623047,74.93000030517578,74.76000213623047,74.87000274658203,4186.0
2024-03-01 10:27:00,CYTO,1.9428000450134277,1.9428000450134277,1.9428000450134277,1.9428000450134277,1.9428000450134277,534.0
2024-03-01 10:27:00,DAWN,16.989999771118164,16.989999771118164,16.989999771118164,16.989999771118164,16.989999771118164,0.0
2024-03-01 10:27:00,DCGO,4.099999904632568,4.099999904632568,4.099999904632568,4.085000038146973,4.085000038146973,2434.0
2024-03-01 10:27:00,DCPH,17.059999465942383,17.059999465942383,17.06999969482422,17.059999465942383,17.06999969482422,709.0
2024-03-01 10:27:00,DERM,4.099999904632568,4.099999904632568,4.099999904632568,4.099999904632568,4.099999904632568,50.0
2024-03-01 10:27:00,DH,9.170000076293945,9.170000076293945,9.170000076293945,9.140000343322754,9.149999618530273,2237.0
2024-03-01 10:27:00,DMTK,0.8399999737739563,0.8399999737739563,0.8500000238418579,0.8399999737739563,0.8399999737739563,2304.0
2024-03-01 10:27:00,DNLI,20.825000762939453,20.825000762939453,20.829999923706055,20.809999465942383,20.829999923706055,818.0
2024-03-01 10:27:00,DTIL,12.51609992980957,12.51609992980957,12.51609992980957,12.460000038146973,12.460000038146973,3506.0
2024-03-01 10:27:00,DVAX,12.765000343322754,12.765000343322754,12.765000343322754,12.760000228881836,12.760000228881836,324.0
2024-03-01 10:27:00,DXCM,117.13999938964844,117.13999938964844,117.16999816894531,117.0199966430664,117.0199966430664,2421.0
2024-03-01 10:27:00,DYN,30.1200008392334,30.1200008392334,30.1200008392334,29.950000762939453,29.950000762939453,899.0
2024-03-01 10:27:00,EDAP,6.630000114440918,6.630000114440918,6.630000114440918,6.619699954986572,6.619800090789795,933.0
2024-03-01 10:27:00,EDIT,10.880000114440918,10.880000114440918,10.930000305175781,10.878999710083008,10.904999732971191,9191.0
2024-03-01 10:27:00,ELEV,4.940000057220459,4.940000057220459,4.989999771118164,4.909999847412109,4.989999771118164,10625.0
2024-03-01 10:27:00,ENTA,14.904999732971191,14.904999732971191,14.949999809265137,14.904999732971191,14.944999694824219,436.0
2024-03-01 10:27:00,ENVB,1.63919997215271,1.63919997215271,1.6900999546051025,1.6100000143051147,1.6900999546051025,68876.0
2024-03-01 10:27:00,EOLS,14.649999618530273,14.649999618530273,14.649999618530273,14.649999618530273,14.649999618530273,425.0
2024-03-01 10:27:00,EQ,2.5,2.5,2.5000998973846436,2.5,2.5000998973846436,1450.0
2024-03-01 10:27:00,ERAS,2.490000009536743,2.490000009536743,2.490000009536743,2.4749999046325684,2.4800000190734863,3531.0
2024-03-01 10:27:00,ESPR,2.509999990463257,2.509999990463257,2.509999990463257,2.505000114440918,2.505000114440918,1344.0
2024-03-01 10:27:00,ETNB,12.899999618530273,12.899999618530273,12.899999618530273,12.880000114440918,12.880000114440918,2155.0
2024-03-01 10:27:00,ETON,4.498499870300293,4.498499870300293,4.498499870300293,4.498499870300293,4.498499870300293,888.0
2024-03-01 10:27:00,EWTX,16.774999618530273,16.774999618530273,16.80500030517578,16.770000457763672,16.80500030517578,1150.0
2024-03-01 10:27:00,EXAI,6.71999979019165,6.71999979019165,6.730000019073486,6.71999979019165,6.730000019073486,1468.0
2024-03-01 10:27:00,EXAS,59.779998779296875,59.779998779296875,59.78499984741211,59.654998779296875,59.65999984741211,4501.0
2024-03-01 10:27:00,EXEL,22.485000610351562,22.485000610351562,22.485000610351562,22.475000381469727,22.475000381469727,1146.0
2024-03-01 10:27:00,EYEN,2.119999885559082,2.119999885559082,2.119999885559082,2.119999885559082,2.119999885559082,606.0
2024-03-01 10:27:00,EYPT,28.625,28.625,28.690000534057617,28.610000610351562,28.610000610351562,2408.0
2024-03-01 10:27:00,FATE,7.480000019073486,7.480000019073486,7.485000133514404,7.480000019073486,7.480000019073486,1174.0
2024-03-01 10:27:00,FGEN,1.7100000381469727,1.7100000381469727,1.7196999788284302,1.7100000381469727,1.7100000381469727,5835.0
2024-03-01 10:27:00,FLGC,1.2050000429153442,1.2050000429153442,1.2050000429153442,1.2050000429153442,1.2050000429153442,109.0
2024-03-01 10:27:00,FOLD,13.515000343322754,13.515000343322754,13.529999732971191,13.510000228881836,13.510000228881836,6877.0
2024-03-01 10:27:00,FULC,10.640000343322754,10.640000343322754,10.670000076293945,10.640000343322754,10.65999984741211,1845.0
2024-03-01 10:27:00,GCTK,0.30000001192092896,0.30000001192092896,0.30000001192092896,0.30000001192092896,0.30000001192092896,420.0
2024-03-01 10:27:00,GDRX,8.298999786376953,8.298999786376953,8.300000190734863,8.295000076293945,8.300000190734863,4546.0
2024-03-01 10:27:00,GERN,2.115000009536743,2.115000009536743,2.119999885559082,2.111999988555908,2.115000009536743,4334.0
2024-03-01 10:27:00,GH,19.219999313354492,19.219999313354492,19.219999313354492,19.219999313354492,19.219999313354492,494.0
2024-03-01 10:27:00,GILD,72.5999984741211,72.5999984741211,72.6050033569336,72.52999877929688,72.53500366210938,9508.0
2024-03-01 10:27:00,GLYC,2.930000066757202,2.930000066757202,2.930000066757202,2.930000066757202,2.930000066757202,147.0
2024-03-01 10:27:00,GMAB,29.020000457763672,29.020000457763672,29.020000457763672,28.959999084472656,28.959999084472656,2091.0
2024-03-01 10:27:00,GMDA,0.3763999938964844,0.3763999938964844,0.3763999938964844,0.3763999938964844,0.3763999938964844,521.0
2024-03-01 10:27:00,GOSS,1.350000023841858,1.350000023841858,1.350000023841858,1.350000023841858,1.350000023841858,289.0
2024-03-01 10:27:00,GRFS,6.989999771118164,6.989999771118164,6.989999771118164,6.965000152587891,6.96999979019165,6242.0
2024-03-01 10:27:00,GRTS,2.090100049972534,2.090100049972534,2.119999885559082,2.090100049972534,2.115000009536743,11148.0
2024-03-01 10:27:00,GTHX,3.4749999046325684,3.4749999046325684,3.4800000190734863,3.4700000286102295,3.4700000286102295,1671.0
2024-03-01 10:27:00,HALO,41.099998474121094,41.099998474121094,41.130001068115234,41.099998474121094,41.130001068115234,1407.0
2024-03-01 10:27:00,HARP,22.9424991607666,22.9424991607666,22.950000762939453,22.9424991607666,22.94499969482422,1264.0
2024-03-01 10:27:00,HCM,15.385000228881836,15.385000228881836,15.385000228881836,15.385000228881836,15.385000228881836,209.0
2024-03-01 10:27:00,HCSG,12.6850004196167,12.6850004196167,12.6850004196167,12.6850004196167,12.6850004196167,400.0
2024-03-01 10:27:00,HCTI,2.390000104904175,2.390000104904175,2.390000104904175,2.380000114440918,2.380000114440918,1574.0
2024-03-01 10:27:00,HLVX,18.84000015258789,18.84000015258789,18.84000015258789,18.739999771118164,18.760000228881836,988.0
2024-03-01 10:27:00,HOOK,0.7889999747276306,0.7889999747276306,0.7889999747276306,0.7889999747276306,0.7889999747276306,260.0
2024-03-01 10:27:00,HRMY,31.700000762939453,31.700000762939453,31.768600463867188,31.700000762939453,31.768600463867188,525.0
2024-03-01 10:27:00,HRTX,2.6500000953674316,2.6500000953674316,2.6549999713897705,2.6500000953674316,2.6549999713897705,500.0
2024-03-01 10:27:00,HSCS,0.11649999767541885,0.11649999767541885,0.11649999767541885,0.11649999767541885,0.11649999767541885,7266.0
2024-03-01 10:27:00,HSDT,4.980000019073486,4.980000019073486,4.980000019073486,4.980000019073486,4.980000019073486,237.0
2024-03-01 10:27:00,HSIC,77.28500366210938,77.28500366210938,77.31999969482422,77.28500366210938,77.29000091552734,887.0
2024-03-01 10:27:00,HUGE,0.8899999856948853,0.8899999856948853,0.8899999856948853,0.8899999856948853,0.8899999856948853,106.0
2024-03-01 10:27:00,HUMA,3.1700000762939453,3.1700000762939453,3.174999952316284,3.1700000762939453,3.174999952316284,4155.0
2024-03-01 10:27:00,IART,36.689998626708984,36.689998626708984,36.77000045776367,36.689998626708984,36.75,1925.0
2024-03-01 10:27:00,IBRX,4.809999942779541,4.809999942779541,4.820000171661377,4.809999942779541,4.815000057220459,656.0
2024-03-01 10:27:00,ICLR,323.56500244140625,323.56500244140625,324.6650085449219,323.56500244140625,324.1099853515625,4680.0
2024-03-01 10:27:00,ICUI,106.1500015258789,106.1500015258789,106.1500015258789,106.1500015258789,106.1500015258789,670.0
2024-03-01 10:27:00,IDXX,572.4500122070312,572.4500122070312,572.4500122070312,572.4500122070312,572.4500122070312,260.0
2024-03-01 10:27:00,IGMS,13.649999618530273,13.649999618530273,13.649999618530273,13.649999618530273,13.649999618530273,728.0
2024-03-01 10:27:00,IKT,2.219899892807007,2.219899892807007,2.219899892807007,2.219899892807007,2.219899892807007,200.0
2024-03-01 10:27:00,ILMN,139.9600067138672,139.9600067138672,139.9600067138672,139.69000244140625,139.8300018310547,1237.0
2024-03-01 10:27:00,IMAB,1.8550000190734863,1.8550000190734863,1.8550000190734863,1.8550000190734863,1.8550000190734863,261.0
2024-03-01 10:27:00,IMCR,68.4000015258789,68.4000015258789,68.51000213623047,68.4000015258789,68.5,1025.0
2024-03-01 10:27:00,IMNM,24.91010093688965,24.91010093688965,24.91010093688965,24.91010093688965,24.91010093688965,535.0
2024-03-01 10:27:00,IMTX,13.0,13.0,13.0,12.970000267028809,12.970000267028809,1647.0
2024-03-01 10:27:00,IMUX,1.524999976158142,1.524999976158142,1.5298999547958374,1.5199999809265137,1.524999976158142,5679.0
2024-03-01 10:27:00,IMVT,36.5,36.5,36.540000915527344,36.5,36.540000915527344,1009.0
2024-03-01 10:27:00,INCY,58.97999954223633,58.97999954223633,59.0,58.95000076293945,58.970001220703125,2251.0
2024-03-01 10:27:00,INGN,6.710000038146973,6.710000038146973,6.71999979019165,6.710000038146973,6.71999979019165,411.0
2024-03-01 10:27:00,INM,0.4090000092983246,0.4090000092983246,0.4090000092983246,0.4090000092983246,0.4090000092983246,400.0
2024-03-01 10:27:00,INMD,22.600000381469727,22.600000381469727,22.6200008392334,22.594999313354492,22.6200008392334,1690.0
2024-03-01 10:27:00,INSM,28.479999542236328,28.479999542236328,28.479999542236328,28.40999984741211,28.40999984741211,1348.0
2024-03-01 10:27:00,INVA,15.449999809265137,15.449999809265137,15.449999809265137,15.414999961853027,15.414999961853027,3974.0
2024-03-01 10:27:00,IONM,0.3409000039100647,0.3409000039100647,0.3409000039100647,0.3409000039100647,0.3409000039100647,0.0
2024-03-01 10:27:00,IONS,45.650001525878906,45.650001525878906,45.66999816894531,45.63999938964844,45.65999984741211,1411.0
2024-03-01 10:27:00,IOVA,16.729999542236328,16.729999542236328,16.837600708007812,16.719999313354492,16.829999923706055,17322.0
2024-03-01 10:27:00,IRWD,9.005000114440918,9.005000114440918,9.005000114440918,8.944999694824219,8.944999694824219,27403.0
2024-03-01 10:27:00,ISRG,388.2300109863281,388.2300109863281,388.2300109863281,388.2300109863281,388.2300109863281,243.0
2024-03-01 10:27:00,ITCI,71.75,71.75,71.75,71.75,71.75,500.0
2024-03-01 10:27:00,JAGX,0.09239999949932098,0.09239999949932098,0.10199999809265137,0.09000000357627869,0.10199999809265137,3141414.0
2024-03-01 10:27:00,JANX,46.36000061035156,46.36000061035156,46.36000061035156,46.36000061035156,46.36000061035156,165.0
2024-03-01 10:27:00,JAZZ,120.83589935302734,120.83589935302734,120.83589935302734,120.83589935302734,120.83589935302734,541.0
2024-03-01 10:27:00,KALV,14.02560043334961,14.02560043334961,14.02560043334961,14.02560043334961,14.02560043334961,272.0
2024-03-01 10:27:00,KNSA,22.036399841308594,22.036399841308594,22.049999237060547,22.030000686645508,22.049999237060547,516.0
2024-03-01 10:27:00,KNTE,2.619999885559082,2.619999885559082,2.619999885559082,2.619999885559082,2.619999885559082,150.0
2024-03-01 10:27:00,KOD,6.039999961853027,6.039999961853027,6.045000076293945,6.034999847412109,6.045000076293945,1107.0
2024-03-01 10:27:00,KPTI,1.1699999570846558,1.1699999570846558,1.190000057220459,1.159999966621399,1.1801999807357788,29949.0
2024-03-01 10:27:00,KRTX,316.1499938964844,316.1499938964844,316.1499938964844,316.1499938964844,316.1499938964844,200.0
2024-03-01 10:27:00,KRYS,167.81500244140625,167.81500244140625,167.81500244140625,167.81500244140625,167.81500244140625,266.0
2024-03-01 10:27:00,KTRA,0.10080000013113022,0.10080000013113022,0.10239999741315842,0.10080000013113022,0.10080000013113022,1000.0
2024-03-01 10:27:00,KYMR,44.08000183105469,44.08000183105469,44.08000183105469,43.85499954223633,43.85499954223633,2770.0
2024-03-01 10:27:00,KZIA,0.24009999632835388,0.24009999632835388,0.24009999632835388,0.24009999632835388,0.24009999632835388,700.0
2024-03-01 10:27:00,KZR,1.1052000522613525,1.1052000522613525,1.1100000143051147,1.1052000522613525,1.1100000143051147,679.0
2024-03-01 10:27:00,LAB,2.325000047683716,2.325000047683716,2.325000047683716,2.325000047683716,2.325000047683716,173.0
2024-03-01 10:27:00,LEGN,65.7300033569336,65.7300033569336,65.83999633789062,65.7300033569336,65.83999633789062,950.0
2024-03-01 10:27:00,LEXX,2.5836000442504883,2.5836000442504883,2.5899999141693115,2.5353000164031982,2.5399999618530273,3553.0
2024-03-01 10:27:00,LFMD,7.989999771118164,7.989999771118164,8.005000114440918,7.989999771118164,8.005000114440918,810.0
2024-03-01 10:27:00,LFST,8.039999961853027,8.039999961853027,8.055000305175781,8.029999732971191,8.050000190734863,5588.0
2024-03-01 10:27:00,LGND,80.7750015258789,80.7750015258789,80.7750015258789,80.7750015258789,80.7750015258789,136.0
2024-03-01 10:27:00,LGVN,0.5401999950408936,0.5401999950408936,0.5401999950408936,0.5401999950408936,0.5401999950408936,230.0
2024-03-01 10:27:00,LMAT,68.2750015258789,68.2750015258789,68.2750015258789,68.19000244140625,68.19000244140625,523.0
2024-03-01 10:27:00,LNTH,65.5,65.5,65.5,65.5,65.5,248.0
2024-03-01 10:27:00,LRMR,11.364999771118164,11.364999771118164,11.364999771118164,11.364999771118164,11.364999771118164,208.0
2024-03-01 10:27:00,LUCD,1.2199000120162964,1.2199000120162964,1.2199000120162964,1.2199000120162964,1.2199000120162964,380.0
2024-03-01 10:27:00,LUNG,9.109999656677246,9.109999656677246,9.109999656677246,9.109999656677246,9.109999656677246,200.0
2024-03-01 10:27:00,LVTX,3.069999933242798,3.069999933242798,3.069999933242798,3.059999942779541,3.059999942779541,1542.0
2024-03-01 10:27:00,LXRX,2.434999942779541,2.434999942779541,2.440000057220459,2.4298999309539795,2.4298999309539795,3401.0
2024-03-01 10:27:00,MASI,126.80999755859375,126.80999755859375,126.80999755859375,126.80999755859375,126.80999755859375,365.0
2024-03-01 10:27:00,MCRB,1.1864999532699585,1.1864999532699585,1.190000057220459,1.184999942779541,1.184999942779541,1299.0
2024-03-01 10:27:00,MDGL,243.52999877929688,243.52999877929688,243.52999877929688,243.05999755859375,243.05999755859375,1060.0
2024-03-01 10:27:00,MDRX,5.920000076293945,5.920000076293945,5.980000019073486,5.920000076293945,5.980000019073486,24137.0
2024-03-01 10:27:00,MDXG,8.484999656677246,8.484999656677246,8.484999656677246,8.484999656677246,8.484999656677246,202.0
2024-03-01 10:27:00,ME,0.574999988079071,0.574999988079071,0.574999988079071,0.574400007724762,0.574999988079071,17108.0
2024-03-01 10:27:00,MEDP,399.0824890136719,399.0824890136719,399.0824890136719,399.0824890136719,399.0824890136719,353.0
2024-03-01 10:27:00,MGNX,19.179899215698242,19.179899215698242,19.190000534057617,19.145599365234375,19.190000534057617,2700.0
2024-03-01 10:27:00,MHUA,0.6800000071525574,0.6800000071525574,0.6800000071525574,0.6800000071525574,0.6800000071525574,400.0
2024-03-01 10:27:00,MIRM,29.280000686645508,29.280000686645508,29.280000686645508,29.280000686645508,29.280000686645508,300.0
2024-03-01 10:27:00,MLTX,52.15999984741211,52.15999984741211,52.2599983215332,52.119998931884766,52.25,13341.0
2024-03-01 10:27:00,MNKD,4.505000114440918,4.505000114440918,4.505000114440918,4.490099906921387,4.490099906921387,2713.0
2024-03-01 10:27:00,MNMD,5.880000114440918,5.880000114440918,5.894999980926514,5.880000114440918,5.890900135040283,2385.0
2024-03-01 10:27:00,MODD,1.940000057220459,1.940000057220459,1.940000057220459,1.899999976158142,1.940000057220459,6219.0
2024-03-01 10:27:00,MOR,17.690000534057617,17.690000534057617,17.690000534057617,17.68000030517578,17.68000030517578,2587.0
2024-03-01 10:27:00,MORF,38.220001220703125,38.220001220703125,38.220001220703125,38.220001220703125,38.220001220703125,101.0
2024-03-01 10:27:00,MOTS,0.6801999807357788,0.6801999807357788,0.6801999807357788,0.6801999807357788,0.6801999807357788,350.0
2024-03-01 10:27:00,MRAI,1.5099999904632568,1.5099999904632568,1.5099999904632568,1.5099999904632568,1.5099999904632568,200.0
2024-03-01 10:27:00,MREO,3.8949999809265137,3.8949999809265137,3.9049999713897705,3.8949999809265137,3.900099992752075,5693.0
2024-03-01 10:27:00,MRNA,95.72000122070312,95.72000122070312,95.76000213623047,95.19999694824219,95.3499984741211,25744.0
2024-03-01 10:27:00,MRNS,9.729999542236328,9.729999542236328,9.729999542236328,9.729999542236328,9.729999542236328,182.0
2024-03-01 10:27:00,MRSN,5.934999942779541,5.934999942779541,5.949999809265137,5.900000095367432,5.949999809265137,5949.0
2024-03-01 10:27:00,MRUS,49.875,49.875,49.93000030517578,49.875,49.91999816894531,1065.0
2024-03-01 10:27:00,MRVI,7.784999847412109,7.784999847412109,7.784999847412109,7.769999980926514,7.769999980926514,2012.0
2024-03-01 10:27:00,MYGN,21.079999923706055,21.079999923706055,21.100000381469727,21.079999923706055,21.100000381469727,417.0
2024-03-01 10:27:00,NARI,45.58000183105469,45.58000183105469,45.689998626708984,45.5099983215332,45.5099983215332,4617.0
2024-03-01 10:27:00,NBIX,131.55999755859375,131.55999755859375,131.6699981689453,131.47000122070312,131.52999877929688,1555.0
2024-03-01 10:27:00,NEO,15.979999542236328,15.979999542236328,15.979999542236328,15.979999542236328,15.979999542236328,126.0
2024-03-01 10:27:00,NEOG,16.954999923706055,16.954999923706055,16.954999923706055,16.924999237060547,16.93000030517578,2397.0
2024-03-01 10:27:00,NGM,1.5299999713897705,1.5299999713897705,1.5299999713897705,1.5299999713897705,1.5299999713897705,400.0
2024-03-01 10:27:00,NKTR,0.7398999929428101,0.7398999929428101,0.7398999929428101,0.739799976348877,0.739799976348877,3200.0
2024-03-01 10:27:00,NKTX,12.3100004196167,12.3100004196167,12.369999885559082,12.3100004196167,12.369999885559082,375.0
2024-03-01 10:27:00,NNOX,11.074999809265137,11.074999809265137,11.120100021362305,11.074999809265137,11.109999656677246,2583.0
2024-03-01 10:27:00,NRIX,13.140000343322754,13.140000343322754,13.149999618530273,13.119999885559082,13.149999618530273,2261.0
2024-03-01 10:27:00,NRSN,1.9602999687194824,1.9602999687194824,1.9602999687194824,1.9602999687194824,1.9602999687194824,102.0
2024-03-01 10:27:00,NRXP,0.43939998745918274,0.43939998745918274,0.43950000405311584,0.42100000381469727,0.43470001220703125,19190.0
2024-03-01 10:27:00,NTLA,33.91600036621094,33.91600036621094,34.0099983215332,33.88999938964844,33.915000915527344,4129.0
2024-03-01 10:27:00,NTRA,89.5250015258789,89.5250015258789,89.68000030517578,89.5250015258789,89.68000030517578,2100.0
2024-03-01 10:27:00,NUTX,0.11469999700784683,0.11469999700784683,0.11469999700784683,0.11469999700784683,0.11469999700784683,1200.0
2024-03-01 10:27:00,NUVL,88.30000305175781,88.30000305175781,88.30000305175781,88.19999694824219,88.2300033569336,423.0
2024-03-01 10:27:00,NUWE,0.5781000256538391,0.5781000256538391,0.5781000256538391,0.5781000256538391,0.5781000256538391,3110.0
2024-03-01 10:27:00,NVAX,5.059999942779541,5.059999942779541,5.059999942779541,5.039999961853027,5.039999961853027,45646.0
2024-03-01 10:27:00,NVCR,15.494999885559082,15.494999885559082,15.510000228881836,15.489999771118164,15.5,951.0
2024-03-01 10:27:00,NVCT,10.5,10.5,10.5,10.479999542236328,10.479999542236328,912.0
2024-03-01 10:27:00,OCGN,0.9362999796867371,0.9362999796867371,0.9362999796867371,0.9362999796867371,0.9362999796867371,335.0
2024-03-01 10:27:00,OCUL,10.194999694824219,10.194999694824219,10.194999694824219,10.1899995803833,10.1899995803833,1535.0
2024-03-01 10:27:00,OCUP,2.515000104904175,2.515000104904175,2.515000104904175,2.515000104904175,2.515000104904175,1484.0
2024-03-01 10:27:00,OGI,2.075000047683716,2.075000047683716,2.075000047683716,2.075000047683716,2.075000047683716,375.0
2024-03-01 10:27:00,OLK,22.545000076293945,22.545000076293945,22.545000076293945,22.545000076293945,22.545000076293945,302.0
2024-03-01 10:27:00,OLMA,12.819999694824219,12.819999694824219,12.819999694824219,12.795000076293945,12.800000190734863,456.0
2024-03-01 10:27:00,OM,3.0450000762939453,3.0450000762939453,3.0450000762939453,3.0450000762939453,3.0450000762939453,537.0
2024-03-01 10:27:00,OMCL,26.389999389648438,26.389999389648438,26.389999389648438,26.389999389648438,26.389999389648438,432.0
2024-03-01 10:27:00,OMIC,0.5899999737739563,0.5899999737739563,0.5942999720573425,0.5899999737739563,0.5903000235557556,2100.0
2024-03-01 10:27:00,ONCY,1.090000033378601,1.090000033378601,1.090000033378601,1.090000033378601,1.090000033378601,209.0
2024-03-01 10:28:00,ABCL,5.159800052642822,5.159800052642822,5.159800052642822,5.159800052642822,5.159800052642822,506.0
2024-03-01 10:28:00,ABEO,7.590000152587891,7.590000152587891,7.590000152587891,7.590000152587891,7.590000152587891,600.0
2024-03-01 10:28:00,ABOS,4.735000133514404,4.735000133514404,4.735000133514404,4.735000133514404,4.735000133514404,651.0
2024-03-01 10:28:00,ABSI,5.28000020980835,5.28000020980835,5.289999961853027,5.269999980926514,5.269999980926514,1061.0
2024-03-01 10:28:00,ABUS,2.7799999713897705,2.7799999713897705,2.7799999713897705,2.7799999713897705,2.7799999713897705,306.0
2024-03-01 10:28:00,ACAD,23.969999313354492,23.969999313354492,23.969999313354492,23.959999084472656,23.969999313354492,1684.0
2024-03-01 10:28:00,ACB,3.049799919128418,3.049799919128418,3.049799919128418,3.049799919128418,3.049799919128418,575.0
2024-03-01 10:28:00,ACCD,10.279999732971191,10.279999732971191,10.279999732971191,10.279999732971191,10.279999732971191,558.0
2024-03-01 10:28:00,ACET,2.325000047683716,2.325000047683716,2.325000047683716,2.325000047683716,2.325000047683716,550.0
2024-03-01 10:28:00,ACHC,83.45500183105469,83.45500183105469,83.45500183105469,83.44000244140625,83.44000244140625,577.0
2024-03-01 10:28:00,ACHL,1.3796000480651855,1.3796000480651855,1.3796000480651855,1.3796000480651855,1.3796000480651855,2002.0
2024-03-01 10:28:00,ADAP,1.5635000467300415,1.5635000467300415,1.5750000476837158,1.5635000467300415,1.5750000476837158,0.0
2024-03-01 10:28:00,ADIL,3.555299997329712,3.555299997329712,3.619999885559082,3.430000066757202,3.43179988861084,576064.0
2024-03-01 10:28:00,ADMA,5.389999866485596,5.389999866485596,5.389999866485596,5.380099773406982,5.389900207519531,5806.0
2024-03-01 10:28:00,ADPT,4.164999961853027,4.164999961853027,4.169899940490723,4.164999961853027,4.169899940490723,236.0
2024-03-01 10:28:00,ADVM,1.940000057220459,1.940000057220459,1.940000057220459,1.940000057220459,1.940000057220459,188.0
2024-03-01 10:28:00,AGEN,0.6751000285148621,0.6751000285148621,0.6751000285148621,0.6703000068664551,0.6703000068664551,3044.0
2024-03-01 10:28:00,AGIO,32.77000045776367,32.77000045776367,32.77000045776367,32.7599983215332,32.7599983215332,412.0
2024-03-01 10:28:00,AHCO,10.710000038146973,10.710000038146973,10.71500015258789,10.699999809265137,10.710000038146973,2422.0
2024-03-01 10:28:00,AIRS,6.559999942779541,6.559999942779541,6.579999923706055,6.559999942779541,6.579999923706055,200.0
2024-03-01 10:28:00,AKAN,0.25029999017715454,0.25029999017715454,0.2549999952316284,0.25,0.2549999952316284,17305.0
2024-03-01 10:28:00,AKBA,1.6514999866485596,1.6514999866485596,1.6514999866485596,1.649999976158142,1.649999976158142,537.0
2024-03-01 10:28:00,AKRO,28.1299991607666,28.1299991607666,28.209999084472656,28.049999237060547,28.09000015258789,2425.0
2024-03-01 10:28:00,ALDX,4.105000019073486,4.105000019073486,4.105000019073486,4.099899768829346,4.099999904632568,7462.0
2024-03-01 10:28:00,ALEC,7.449999809265137,7.449999809265137,7.449999809265137,7.449999809265137,7.449999809265137,626.0
2024-03-01 10:28:00,ALGN,297.5249938964844,297.5249938964844,297.5249938964844,297.5249938964844,297.5249938964844,451.0
2024-03-01 10:28:00,ALKS,30.065000534057617,30.065000534057617,30.06999969482422,30.059999465942383,30.059999465942383,2062.0
2024-03-01 10:28:00,ALLO,5.014999866485596,5.014999866485596,5.014999866485596,5.010000228881836,5.011099815368652,2290.0
2024-03-01 10:28:00,ALNY,153.5,153.5,153.5,153.3800048828125,153.3800048828125,376.0
2024-03-01 10:28:00,ALT,12.229999542236328,12.229999542236328,12.25,12.199999809265137,12.25,21371.0
2024-03-01 10:28:00,ALVO,15.667499542236328,15.667499542236328,15.667499542236328,15.667499542236328,15.667499542236328,100.0
2024-03-01 10:28:00,AMGN,280.2699890136719,280.2699890136719,280.4100036621094,280.2099914550781,280.4100036621094,5697.0
2024-03-01 10:28:00,AMLX,18.90999984741211,18.90999984741211,18.920000076293945,18.90999984741211,18.920000076293945,3598.0
2024-03-01 10:28:00,AMPH,45.75,45.75,45.814998626708984,45.75,45.814998626708984,745.0
2024-03-01 10:28:00,AMRN,1.0199999809265137,1.0199999809265137,1.034999966621399,1.0199999809265137,1.0299999713897705,4710.0
2024-03-01 10:28:00,ANAB,25.389999389648438,25.389999389648438,25.450000762939453,25.385000228881836,25.440000534057617,1422.0
2024-03-01 10:28:00,ANTX,2.9600000381469727,2.9600000381469727,2.9600000381469727,2.9600000381469727,2.9600000381469727,595.0
2024-03-01 10:28:00,APLS,63.255001068115234,63.255001068115234,63.255001068115234,63.07500076293945,63.07500076293945,5726.0
2024-03-01 10:28:00,APLT,7.364500045776367,7.364500045776367,7.364500045776367,7.364500045776367,7.364500045776367,110.0
2024-03-01 10:28:00,AQST,4.210000038146973,4.210000038146973,4.210000038146973,4.170100212097168,4.175000190734863,1836.0
2024-03-01 10:28:00,ARAY,2.6301000118255615,2.6301000118255615,2.6398000717163086,2.6301000118255615,2.634999990463257,1494.0
2024-03-01 10:28:00,ARDX,9.675000190734863,9.675000190734863,9.6899995803833,9.670000076293945,9.6899995803833,4419.0
2024-03-01 10:28:00,ARGX,384.9339904785156,384.9339904785156,384.9339904785156,384.7799987792969,384.7799987792969,299.0
2024-03-01 10:28:00,ARQT,11.029999732971191,11.029999732971191,11.050000190734863,10.99940013885498,11.0,6139.0
2024-03-01 10:28:00,ARWR,34.93000030517578,34.93000030517578,34.939998626708984,34.869998931884766,34.90999984741211,2306.0
2024-03-01 10:28:00,ASND,149.19000244140625,149.19000244140625,149.19000244140625,148.64999389648438,148.6802978515625,1621.0
2024-03-01 10:28:00,ASRT,0.9291999936103821,0.9291999936103821,0.9291999936103821,0.9291999936103821,0.9291999936103821,328.0
2024-03-01 10:28:00,ATAI,1.9799000024795532,1.9799000024795532,1.9799000024795532,1.9799000024795532,1.9799000024795532,1022.0
2024-03-01 10:28:00,ATEC,13.28499984741211,13.28499984741211,13.3100004196167,13.28499984741211,13.3100004196167,2658.0
2024-03-01 10:28:00,ATHA,3.944999933242798,3.944999933242798,3.944999933242798,3.944999933242798,3.944999933242798,500.0
2024-03-01 10:28:00,ATRA,0.8039000034332275,0.8039000034332275,0.8100000023841858,0.8039000034332275,0.8098999857902527,0.0
2024-03-01 10:28:00,ATXS,15.074999809265137,15.074999809265137,15.074999809265137,15.0,15.0,0.0
2024-03-01 10:28:00,AURA,9.229999542236328,9.229999542236328,9.289999961853027,9.229999542236328,9.279999732971191,302.0
2024-03-01 10:28:00,AUTL,6.215000152587891,6.215000152587891,6.215000152587891,6.199999809265137,6.210000038146973,3341.0
2024-03-01 10:28:00,AVDL,12.729999542236328,12.729999542236328,12.729999542236328,12.711000442504883,12.711000442504883,2750.0
2024-03-01 10:28:00,AVIR,4.364999771118164,4.364999771118164,4.364999771118164,4.364999771118164,4.364999771118164,100.0
2024-03-01 10:28:00,AVXL,5.275000095367432,5.275000095367432,5.275000095367432,5.275000095367432,5.275000095367432,281.0
2024-03-01 10:28:00,AXNX,67.58499908447266,67.58499908447266,67.62999725341797,67.58499908447266,67.62999725341797,1128.0
2024-03-01 10:28:00,AXSM,83.48999786376953,83.48999786376953,83.48999786376953,83.48999786376953,83.48999786376953,547.0
2024-03-01 10:28:00,AZN,64.61009979248047,64.61009979248047,64.61009979248047,64.58999633789062,64.5999984741211,4734.0
2024-03-01 10:28:00,BBIO,36.349998474121094,36.349998474121094,36.375,36.34000015258789,36.375,767.0
2024-03-01 10:28:00,BCDA,0.5400000214576721,0.5400000214576721,0.5400000214576721,0.5400000214576721,0.5400000214576721,420.0
2024-03-01 10:28:00,BCRX,5.760000228881836,5.760000228881836,5.769999980926514,5.760000228881836,5.764999866485596,823.0
2024-03-01 10:28:00,BDSX,1.690000057220459,1.690000057220459,1.725100040435791,1.6763999462127686,1.6763999462127686,4973.0
2024-03-01 10:28:00,BDTX,5.300000190734863,5.300000190734863,5.300000190734863,5.295000076293945,5.300000190734863,585.0
2024-03-01 10:28:00,BEAM,41.119998931884766,41.119998931884766,41.20000076293945,41.119998931884766,41.20000076293945,1409.0
2024-03-01 10:28:00,BGNE,166.30999755859375,166.30999755859375,166.30999755859375,166.27499389648438,166.2899932861328,497.0
2024-03-01 10:28:00,BIIB,219.77000427246094,219.77000427246094,219.77000427246094,219.77000427246094,219.77000427246094,513.0
2024-03-01 10:28:00,BIOL,0.13750000298023224,0.13750000298023224,0.1379999965429306,0.13750000298023224,0.1379999965429306,4900.0
2024-03-01 10:28:00,BIOR,1.2200000286102295,1.2200000286102295,1.2200000286102295,1.2200000286102295,1.2200000286102295,208.0
2024-03-01 10:28:00,BIVI,2.630000114440918,2.630000114440918,2.680000066757202,2.630000114440918,2.6500000953674316,73779.0
2024-03-01 10:28:00,BLFS,17.770000457763672,17.770000457763672,17.809999465942383,17.729999542236328,17.799999237060547,4216.0
2024-03-01 10:28:00,BLUE,1.6150000095367432,1.6150000095367432,1.6282000541687012,1.6100000143051147,1.6201000213623047,28030.0
2024-03-01 10:28:00,BMEA,17.729999542236328,17.729999542236328,17.774999618530273,17.700000762939453,17.774999618530273,1470.0
2024-03-01 10:28:00,BMRN,86.41500091552734,86.41500091552734,86.41500091552734,86.41500091552734,86.41500091552734,209.0
2024-03-01 10:28:00,BNGO,1.2450000047683716,1.2450000047683716,1.25,1.2450000047683716,1.249899983406067,4857.0
2024-03-01 10:28:00,BNTC,5.110000133514404,5.110000133514404,5.139999866485596,5.110000133514404,5.139999866485596,300.0
2024-03-01 10:28:00,BNTX,90.8499984741211,90.8499984741211,91.00990295410156,90.81500244140625,90.96499633789062,2696.0
2024-03-01 10:28:00,BRKR,87.69000244140625,87.69000244140625,87.76499938964844,87.69000244140625,87.76499938964844,1443.0
2024-03-01 10:28:00,BRTX,1.5,1.5,1.5,1.5,1.5,0.0
2024-03-01 10:28:00,BTAI,3.20770001411438,3.20770001411438,3.20989990234375,3.20770001411438,3.20989990234375,1001.0
2024-03-01 10:28:00,BYSI,1.409999966621399,1.409999966621399,1.409999966621399,1.409999966621399,1.409999966621399,0.0
2024-03-01 10:28:00,CABA,24.25,24.25,24.25,24.239999771118164,24.25,923.0
2024-03-01 10:28:00,CBAY,32.23500061035156,32.23500061035156,32.23749923706055,32.23500061035156,32.23500061035156,1365.0
2024-03-01 10:28:00,CCCC,10.992400169372559,10.992400169372559,11.0,10.992400169372559,11.0,913.0
2024-03-01 10:28:00,CCRN,18.010000228881836,18.010000228881836,18.010000228881836,18.010000228881836,18.010000228881836,730.0
2024-03-01 10:28:00,CDMO,7.889999866485596,7.889999866485596,7.889999866485596,7.889999866485596,7.889999866485596,200.0
2024-03-01 10:28:00,CDNA,12.27970027923584,12.27970027923584,12.27970027923584,12.260000228881836,12.260000228881836,437.0
2024-03-01 10:28:00,CDXS,4.239999771118164,4.239999771118164,4.260000228881836,4.238800048828125,4.260000228881836,1361.0
2024-03-01 10:28:00,CERT,17.815000534057617,17.815000534057617,17.81999969482422,17.799999237060547,17.81999969482422,1174.0
2024-03-01 10:28:00,CGC,3.198899984359741,3.198899984359741,3.200000047683716,3.194999933242798,3.194999933242798,3688.0
2024-03-01 10:28:00,CGEN,2.6760001182556152,2.6760001182556152,2.6796000003814697,2.674999952316284,2.674999952316284,0.0
2024-03-01 10:28:00,CGTX,2.0787999629974365,2.0787999629974365,2.0787999629974365,2.0787999629974365,2.0787999629974365,2.0
2024-03-01 10:28:00,CHRS,2.322000026702881,2.322000026702881,2.3350000381469727,2.319999933242798,2.3350000381469727,1906.0
2024-03-01 10:28:00,CING,1.270300030708313,1.270300030708313,1.270300030708313,1.270300030708313,1.270300030708313,2540.0
2024-03-01 10:28:00,CJJD,3.009999990463257,3.009999990463257,3.009999990463257,3.009999990463257,3.009999990463257,289.0
2024-03-01 10:28:00,CKPT,2.140000104904175,2.140000104904175,2.140000104904175,2.140000104904175,2.140000104904175,0.0
2024-03-01 10:28:00,CLDX,51.8849983215332,51.8849983215332,51.92499923706055,51.779998779296875,51.92499923706055,5338.0
2024-03-01 10:28:00,CLNN,0.39500001072883606,0.39500001072883606,0.39500001072883606,0.39410001039505005,0.39500001072883606,8810.0
2024-03-01 10:28:00,CLOV,0.8679999709129333,0.8679999709129333,0.8697999715805054,0.867900013923645,0.8687999844551086,64108.0
2024-03-01 10:28:00,CLPT,6.510000228881836,6.510000228881836,6.53000020980835,6.510000228881836,6.53000020980835,315.0
2024-03-01 10:28:00,CLRB,4.031199932098389,4.031199932098389,4.047999858856201,4.03000020980835,4.03000020980835,980.0
2024-03-01 10:28:00,CMPS,10.609999656677246,10.609999656677246,10.609999656677246,10.609999656677246,10.609999656677246,297.0
2024-03-01 10:28:00,CMRX,1.1399999856948853,1.1399999856948853,1.1399999856948853,1.1399999856948853,1.1399999856948853,5660.0
2024-03-01 10:28:00,CNSP,0.3098999857902527,0.3098999857902527,0.3098999857902527,0.30000001192092896,0.30000001192092896,0.0
2024-03-01 10:28:00,CNTA,10.760000228881836,10.760000228881836,10.760000228881836,10.739999771118164,10.739999771118164,133.0
2024-03-01 10:28:00,CNTB,1.1698999404907227,1.1698999404907227,1.1698999404907227,1.1698999404907227,1.1698999404907227,1113.0
2024-03-01 10:28:00,COGT,7.320000171661377,7.320000171661377,7.324999809265137,7.320000171661377,7.324999809265137,468.0
2024-03-01 10:28:00,COLL,37.43000030517578,37.43000030517578,37.43000030517578,37.43000030517578,37.43000030517578,330.0
2024-03-01 10:28:00,CORT,23.790000915527344,23.790000915527344,23.815000534057617,23.780000686645508,23.799999237060547,938.0
2024-03-01 10:28:00,CPRX,16.93000030517578,16.93000030517578,16.93000030517578,16.90999984741211,16.90999984741211,1606.0
2024-03-01 10:28:00,CPSI,9.279899597167969,9.279899597167969,9.279999732971191,9.199999809265137,9.229999542236328,7248.0
2024-03-01 10:28:00,CRBP,31.600000381469727,31.600000381469727,31.600000381469727,31.600000381469727,31.600000381469727,300.0
2024-03-01 10:28:00,CRBU,8.085000038146973,8.085000038146973,8.085000038146973,8.085000038146973,8.085000038146973,253.0
2024-03-01 10:28:00,CRDF,2.5350000858306885,2.5350000858306885,2.5599000453948975,2.5100998878479004,2.5401999950408936,86308.0
2024-03-01 10:28:00,CRMD,3.6600000858306885,3.6600000858306885,3.6600000858306885,3.6600000858306885,3.6600000858306885,170.0
2024-03-01 10:28:00,CRNX,45.06999969482422,45.06999969482422,45.099998474121094,45.0,45.0,2726.0
2024-03-01 10:28:00,CRON,2.0443999767303467,2.0443999767303467,2.0450000762939453,2.0443999767303467,2.0450000762939453,2801.0
2024-03-01 10:28:00,CRSP,86.8499984741211,86.8499984741211,86.86000061035156,86.80999755859375,86.86000061035156,1751.0
2024-03-01 10:28:00,CSTL,19.7549991607666,19.7549991607666,19.7549991607666,19.7549991607666,19.7549991607666,486.0
2024-03-01 10:28:00,CTKB,8.020000457763672,8.020000457763672,8.020000457763672,8.020000457763672,8.020000457763672,1008.0
2024-03-01 10:28:00,CTMX,2.4800000190734863,2.4800000190734863,2.4800000190734863,2.4800000190734863,2.4800000190734863,200.0
2024-03-01 10:28:00,CTXR,0.7803999781608582,0.7803999781608582,0.7803999781608582,0.7803999781608582,0.7803999781608582,188.0
2024-03-01 10:28:00,CUTR,2.329200029373169,2.329200029373169,2.3297998905181885,2.329200029373169,2.3297998905181885,1531.0
2024-03-01 10:28:00,CVAC,3.494999885559082,3.494999885559082,3.494999885559082,3.494999885559082,3.494999885559082,161.0
2024-03-01 10:28:00,DAWN,17.024999618530273,17.024999618530273,17.024999618530273,17.024999618530273,17.024999618530273,222.0
2024-03-01 10:28:00,DCGO,4.105000019073486,4.105000019073486,4.109899997711182,4.105000019073486,4.109000205993652,1444.0
2024-03-01 10:28:00,DCPH,17.059999465942383,17.059999465942383,17.059999465942383,17.059999465942383,17.059999465942383,300.0
2024-03-01 10:28:00,DH,9.1899995803833,9.1899995803833,9.1899995803833,9.170000076293945,9.170000076293945,1816.0
2024-03-01 10:28:00,DMTK,0.8399999737739563,0.8399999737739563,0.8500000238418579,0.8399999737739563,0.8399999737739563,2906.0
2024-03-01 10:28:00,DNLI,20.795000076293945,20.795000076293945,20.81999969482422,20.795000076293945,20.809999465942383,333.0
2024-03-01 10:28:00,DSGN,2.869999885559082,2.869999885559082,2.869999885559082,2.869999885559082,2.869999885559082,201.0
2024-03-01 10:28:00,DTIL,12.529999732971191,12.529999732971191,12.649900436401367,12.505000114440918,12.505000114440918,1613.0
2024-03-01 10:28:00,DVAX,12.75,12.75,12.770000457763672,12.75,12.770000457763672,2856.0
2024-03-01 10:28:00,DXCM,117.19000244140625,117.19000244140625,117.19000244140625,117.13999938964844,117.18499755859375,6358.0
2024-03-01 10:28:00,DYN,29.9950008392334,29.9950008392334,30.020000457763672,29.9950008392334,30.020000457763672,684.0
2024-03-01 10:28:00,EDAP,6.75,6.75,6.75,6.710000038146973,6.710000038146973,10339.0
2024-03-01 10:28:00,EDIT,10.921199798583984,10.921199798583984,10.93120002746582,10.880000114440918,10.880000114440918,8493.0
2024-03-01 10:28:00,EGRX,6.35290002822876,6.35290002822876,6.35290002822876,6.35290002822876,6.35290002822876,1002.0
2024-03-01 10:28:00,ELDN,1.840000033378601,1.840000033378601,1.840000033378601,1.840000033378601,1.840000033378601,0.0
2024-03-01 10:28:00,ELEV,4.925000190734863,4.925000190734863,4.934999942779541,4.909999847412109,4.934999942779541,6107.0
2024-03-01 10:28:00,ENSC,0.9150000214576721,0.9150000214576721,0.9319999814033508,0.9150000214576721,0.9264000058174133,12922.0
2024-03-01 10:28:00,ENSG,124.27999877929688,124.27999877929688,124.27999877929688,124.27999877929688,124.27999877929688,413.0
2024-03-01 10:28:00,ENTX,1.340000033378601,1.340000033378601,1.340000033378601,1.340000033378601,1.340000033378601,244.0
2024-03-01 10:28:00,ENVB,1.6299999952316284,1.6299999952316284,1.659999966621399,1.6100000143051147,1.6344000101089478,55193.0
2024-03-01 10:28:00,ERAS,2.484999895095825,2.484999895095825,2.4899001121520996,2.4811999797821045,2.4811999797821045,792.0
2024-03-01 10:28:00,ESPR,2.505000114440918,2.505000114440918,2.509999990463257,2.5,2.505000114440918,2913.0
2024-03-01 10:28:00,ESTA,45.22999954223633,45.22999954223633,45.22999954223633,45.22999954223633,45.22999954223633,179.0
2024-03-01 10:28:00,ETNB,12.880000114440918,12.880000114440918,12.9399995803833,12.880000114440918,12.920000076293945,3937.0
2024-03-01 10:28:00,EVO,7.429999828338623,7.429999828338623,7.429999828338623,7.425000190734863,7.425000190734863,184.0
2024-03-01 10:28:00,EWTX,16.798999786376953,16.798999786376953,16.798999786376953,16.798999786376953,16.798999786376953,200.0
2024-03-01 10:28:00,EXAS,59.7401008605957,59.7401008605957,59.79999923706055,59.72999954223633,59.79499816894531,2499.0
2024-03-01 10:28:00,EXEL,22.469999313354492,22.469999313354492,22.510000228881836,22.459999084472656,22.479999542236328,10791.0
2024-03-01 10:28:00,EYEN,2.119999885559082,2.119999885559082,2.119999885559082,2.119999885559082,2.119999885559082,1600.0
2024-03-01 10:28:00,EYPT,28.735000610351562,28.735000610351562,28.735000610351562,28.625,28.690000534057617,4513.0
2024-03-01 10:28:00,FATE,7.480000019073486,7.480000019073486,7.480000019073486,7.46999979019165,7.477499961853027,1004.0
2024-03-01 10:28:00,FBIO,2.2200000286102295,2.2200000286102295,2.2300000190734863,2.2200000286102295,2.2300000190734863,640.0
2024-03-01 10:28:00,FDMT,29.82990074157715,29.82990074157715,29.82990074157715,29.690000534057617,29.690000534057617,896.0
2024-03-01 10:28:00,FGEN,1.715000033378601,1.715000033378601,1.7199000120162964,1.7100000381469727,1.7100000381469727,767.0
2024-03-01 10:28:00,FLGT,22.950000762939453,22.950000762939453,22.950000762939453,22.950000762939453,22.950000762939453,396.0
2024-03-01 10:28:00,FOLD,13.515000343322754,13.515000343322754,13.520000457763672,13.515000343322754,13.520000457763672,631.0
2024-03-01 10:28:00,FUSN,12.220000267028809,12.220000267028809,12.239999771118164,12.220000267028809,12.239999771118164,389.0
2024-03-01 10:28:00,FWBI,8.187999725341797,8.187999725341797,8.187999725341797,8.180000305175781,8.180000305175781,1500.0
2024-03-01 10:28:00,GCTK,0.2994999885559082,0.2994999885559082,0.30000001192092896,0.2994999885559082,0.30000001192092896,800.0
2024-03-01 10:28:00,GDRX,8.300000190734863,8.300000190734863,8.300000190734863,8.295000076293945,8.295000076293945,6091.0
2024-03-01 10:28:00,GERN,2.115000009536743,2.115000009536743,2.119999885559082,2.115000009536743,2.115000009536743,6728.0
2024-03-01 10:28:00,GH,19.21500015258789,19.21500015258789,19.219999313354492,19.209999084472656,19.219999313354492,425.0
2024-03-01 10:28:00,GILD,72.59500122070312,72.59500122070312,72.61000061035156,72.55999755859375,72.58000183105469,5490.0
2024-03-01 10:28:00,GLTO,0.7200000286102295,0.7200000286102295,0.7200000286102295,0.7197999954223633,0.7197999954223633,600.0
2024-03-01 10:28:00,GMAB,29.049999237060547,29.049999237060547,29.049999237060547,29.020000457763672,29.020000457763672,1447.0
2024-03-01 10:28:00,GMDA,0.376800000667572,0.376800000667572,0.376800000667572,0.376800000667572,0.376800000667572,1364.0
2024-03-01 10:28:00,GOSS,1.350000023841858,1.350000023841858,1.3550000190734863,1.350000023841858,1.350000023841858,5400.0
2024-03-01 10:28:00,GRFS,6.96999979019165,6.96999979019165,6.9899001121521,6.960000038146973,6.9899001121521,1377.0
2024-03-01 10:28:00,GRTS,2.115000009536743,2.115000009536743,2.118799924850464,2.0913000106811523,2.0950000286102295,18856.0
2024-03-01 10:28:00,GRTX,0.2379000037908554,0.2379000037908554,0.2379000037908554,0.2379000037908554,0.2379000037908554,1050.0
2024-03-01 10:28:00,GTHX,3.4800000190734863,3.4800000190734863,3.4800000190734863,3.4774999618530273,3.4774999618530273,240.0
2024-03-01 10:28:00,HALO,41.15999984741211,41.15999984741211,41.15999984741211,41.099998474121094,41.15999984741211,1706.0
2024-03-01 10:28:00,HARP,22.94499969482422,22.94499969482422,22.94499969482422,22.940000534057617,22.94499969482422,503.0
2024-03-01 10:28:00,HCAT,8.010000228881836,8.010000228881836,8.010000228881836,8.010000228881836,8.010000228881836,2515.0
2024-03-01 10:28:00,HCSG,12.6899995803833,12.6899995803833,12.6899995803833,12.6899995803833,12.6899995803833,236.0
2024-03-01 10:28:00,HCTI,2.440000057220459,2.440000057220459,2.440000057220459,2.4000000953674316,2.4000000953674316,5430.0
2024-03-01 10:28:00,HLVX,18.84000015258789,18.84000015258789,18.84000015258789,18.84000015258789,18.84000015258789,43.0
2024-03-01 10:28:00,HOLX,73.75499725341797,73.75499725341797,73.75499725341797,73.74500274658203,73.75,1830.0
2024-03-01 10:28:00,HOTH,1.339900016784668,1.339900016784668,1.339900016784668,1.339900016784668,1.339900016784668,116.0
2024-03-01 10:28:00,HRMY,31.649999618530273,31.649999618530273,31.649999618530273,31.649999618530273,31.649999618530273,208.0
2024-03-01 10:28:00,HRTX,2.6449999809265137,2.6449999809265137,2.6500000953674316,2.6449999809265137,2.6500000953674316,2461.0
2024-03-01 10:28:00,HSIC,77.37999725341797,77.37999725341797,77.37999725341797,77.33000183105469,77.33000183105469,292.0
2024-03-01 10:28:00,HUMA,3.180000066757202,3.180000066757202,3.180000066757202,3.1700000762939453,3.1709001064300537,2351.0
2024-03-01 10:28:00,IART,36.7400016784668,36.7400016784668,36.7400016784668,36.72999954223633,36.72999954223633,982.0
2024-03-01 10:28:00,IBRX,4.800000190734863,4.800000190734863,4.806000232696533,4.789999961853027,4.804999828338623,6599.0
2024-03-01 10:28:00,ICLR,322.94500732421875,322.94500732421875,324.2900085449219,322.94500732421875,323.8949890136719,5008.0
2024-03-01 10:28:00,IDXX,572.510009765625,572.510009765625,572.510009765625,572.510009765625,572.510009765625,584.0
2024-03-01 10:28:00,IINN,1.6305999755859375,1.6305999755859375,1.6305999755859375,1.6305999755859375,1.6305999755859375,2821.0
2024-03-01 10:28:00,IKNA,1.4600000381469727,1.4600000381469727,1.4600000381469727,1.4600000381469727,1.4600000381469727,248.0
2024-03-01 10:28:00,ILMN,139.96499633789062,139.96499633789062,140.02000427246094,139.9499969482422,139.9499969482422,1485.0
2024-03-01 10:28:00,IMCR,68.33499908447266,68.33499908447266,68.33499908447266,68.33499908447266,68.33499908447266,332.0
2024-03-01 10:28:00,IMNM,25.024999618530273,25.024999618530273,25.024999618530273,25.024999618530273,25.024999618530273,107.0
2024-03-01 10:28:00,IMNN,1.0299999713897705,1.0299999713897705,1.0299999713897705,1.0299999713897705,1.0299999713897705,900.0
2024-03-01 10:28:00,IMTX,13.0,13.0,13.0,13.0,13.0,200.0
2024-03-01 10:28:00,IMVT,36.470001220703125,36.470001220703125,36.470001220703125,36.470001220703125,36.470001220703125,633.0
2024-03-01 10:28:00,INCY,58.9900016784668,58.9900016784668,59.0,58.970001220703125,59.0,2047.0
2024-03-01 10:28:00,INGN,6.690000057220459,6.690000057220459,6.710000038146973,6.690000057220459,6.710000038146973,1046.0
2024-03-01 10:28:00,INMD,22.56999969482422,22.56999969482422,22.59000015258789,22.56999969482422,22.59000015258789,1422.0
2024-03-01 10:28:00,INO,8.90999984741211,8.90999984741211,8.9399995803833,8.90999984741211,8.9399995803833,1659.0
2024-03-01 10:28:00,INSM,28.479999542236328,28.479999542236328,28.489999771118164,28.459999084472656,28.459999084472656,1207.0
2024-03-01 10:28:00,INVA,15.470000267028809,15.470000267028809,15.470000267028809,15.449999809265137,15.449999809265137,1877.0
2024-03-01 10:28:00,INZY,6.545000076293945,6.545000076293945,6.550000190734863,6.545000076293945,6.550000190734863,600.0
2024-03-01 10:28:00,IOBT,1.7000000476837158,1.7000000476837158,1.7000000476837158,1.7000000476837158,1.7000000476837158,756.0
2024-03-01 10:28:00,IONM,0.3409999907016754,0.3409999907016754,0.3409999907016754,0.3409999907016754,0.3409999907016754,4650.0
2024-03-01 10:28:00,IONS,45.72999954223633,45.72999954223633,45.72999954223633,45.66999816894531,45.66999816894531,1418.0
2024-03-01 10:28:00,IOVA,16.739999771118164,16.739999771118164,16.739999771118164,16.719999313354492,16.72559928894043,10856.0
2024-03-01 10:28:00,IRTC,118.55999755859375,118.55999755859375,118.55999755859375,118.55999755859375,118.55999755859375,267.0
2024-03-01 10:28:00,IRWD,9.045000076293945,9.045000076293945,9.050000190734863,9.0,9.0,5827.0
2024-03-01 10:28:00,ISRG,388.44000244140625,388.44000244140625,388.5799865722656,388.30999755859375,388.42999267578125,1328.0
2024-03-01 10:28:00,JAGX,0.09279999881982803,0.09279999881982803,0.09350000321865082,0.09099999815225601,0.09229999780654907,2029374.0
2024-03-01 10:28:00,JANX,46.29999923706055,46.29999923706055,46.722999572753906,46.2599983215332,46.584999084472656,1708.0
2024-03-01 10:28:00,JAZZ,120.87999725341797,120.87999725341797,120.87999725341797,120.6146011352539,120.6146011352539,1116.0
2024-03-01 10:28:00,KALV,14.020000457763672,14.020000457763672,14.020000457763672,14.020000457763672,14.020000457763672,592.0
2024-03-01 10:28:00,KNSA,21.950000762939453,21.950000762939453,22.049999237060547,21.889999389648438,22.049999237060547,5254.0
2024-03-01 10:28:00,KNTE,2.6201000213623047,2.6201000213623047,2.6201000213623047,2.6201000213623047,2.6201000213623047,2000.0
2024-03-01 10:28:00,KPRX,0.6560999751091003,0.6560999751091003,0.6560999751091003,0.6560999751091003,0.6560999751091003,1600.0
2024-03-01 10:28:00,KPTI,1.1699999570846558,1.1699999570846558,1.1780999898910522,1.1699999570846558,1.1699999570846558,1955.0
2024-03-01 10:28:00,KROS,69.1050033569336,69.1050033569336,69.1050033569336,69.0999984741211,69.0999984741211,442.0
2024-03-01 10:28:00,KTRA,0.10109999775886536,0.10109999775886536,0.10170000046491623,0.10100000351667404,0.10100000351667404,23853.0
2024-03-01 10:28:00,KURA,21.229999542236328,21.229999542236328,21.229999542236328,21.229999542236328,21.229999542236328,294.0
2024-03-01 10:28:00,KYMR,44.249900817871094,44.249900817871094,44.249900817871094,44.125,44.125,574.0
2024-03-01 10:28:00,KZR,1.1095000505447388,1.1095000505447388,1.1095000505447388,1.1095000505447388,1.1095000505447388,3900.0
2024-03-01 10:28:00,LAB,2.3299999237060547,2.3299999237060547,2.3299999237060547,2.325000047683716,2.3299999237060547,1059.0
2024-03-01 10:28:00,LEGN,65.7300033569336,65.7300033569336,65.7300033569336,65.7300033569336,65.7300033569336,505.0
2024-03-01 10:28:00,LFMD,8.005000114440918,8.005000114440918,8.005000114440918,8.005000114440918,8.005000114440918,2075.0
2024-03-01 10:28:00,LFST,8.020000457763672,8.020000457763672,8.03499984741211,8.015000343322754,8.03499984741211,6895.0
2024-03-01 10:28:00,LIAN,4.864999771118164,4.864999771118164,4.864999771118164,4.864999771118164,4.864999771118164,153.0
2024-03-01 10:28:00,LIFE,1.9249999523162842,1.9249999523162842,1.9249999523162842,1.9249999523162842,1.9249999523162842,504.0
2024-03-01 10:28:00,LIVN,54.78499984741211,54.78499984741211,54.78499984741211,54.76750183105469,54.76750183105469,330.0
2024-03-01 10:28:00,LNTH,65.51000213623047,65.51000213623047,65.51000213623047,65.51000213623047,65.51000213623047,2805.0
2024-03-01 10:28:00,LPTX,2.899899959564209,2.899899959564209,2.899899959564209,2.899899959564209,2.899899959564209,437.0
2024-03-01 10:28:00,LQDA,14.449999809265137,14.449999809265137,14.449999809265137,14.449999809265137,14.449999809265137,200.0
2024-03-01 10:28:00,LRMR,11.385000228881836,11.385000228881836,11.385000228881836,11.380000114440918,11.380000114440918,1075.0
2024-03-01 10:28:00,LVTX,3.069999933242798,3.069999933242798,3.069999933242798,3.0620999336242676,3.063699960708618,309.0
2024-03-01 10:28:00,LXRX,2.4200000762939453,2.4200000762939453,2.440000057220459,2.4200000762939453,2.4381000995635986,24255.0
2024-03-01 10:28:00,MBRX,0.6499999761581421,0.6499999761581421,0.6499999761581421,0.6499999761581421,0.6499999761581421,127.0
2024-03-01 10:28:00,MDRX,5.949999809265137,5.949999809265137,5.980000019073486,5.900000095367432,5.980000019073486,100853.0
2024-03-01 10:28:00,MDXG,8.484999656677246,8.484999656677246,8.484999656677246,8.484999656677246,8.484999656677246,619.0
2024-03-01 10:28:00,ME,0.574999988079071,0.574999988079071,0.574999988079071,0.574400007724762,0.574999988079071,0.0
2024-03-01 10:28:00,MEDP,400.0,400.0,400.0,400.0,400.0,138.0
2024-03-01 10:28:00,MGNX,19.21500015258789,19.21500015258789,19.229999542236328,19.19499969482422,19.200000762939453,2985.0
2024-03-01 10:28:00,MIRM,29.280000686645508,29.280000686645508,29.280000686645508,29.280000686645508,29.280000686645508,43.0
2024-03-01 10:28:00,MLTX,52.11000061035156,52.11000061035156,52.189998626708984,52.060001373291016,52.16999816894531,5309.0
2024-03-01 10:28:00,MMSI,76.58000183105469,76.58000183105469,76.58000183105469,76.51499938964844,76.55999755859375,643.0
2024-03-01 10:28:00,MNKD,4.494999885559082,4.494999885559082,4.510000228881836,4.489999771118164,4.510000228881836,17181.0
2024-03-01 10:28:00,MNMD,5.869900226593018,5.869900226593018,5.869900226593018,5.864999771118164,5.864999771118164,1704.0
2024-03-01 10:28:00,MNPR,0.7900000214576721,0.7900000214576721,0.7900000214576721,0.7900000214576721,0.7900000214576721,300.0
2024-03-01 10:28:00,MODD,1.899999976158142,1.899999976158142,1.9199999570846558,1.899999976158142,1.9199999570846558,3275.0
2024-03-01 10:28:00,MODV,27.889999389648438,27.889999389648438,27.889999389648438,27.84000015258789,27.84000015258789,603.0
2024-03-01 10:28:00,MOR,17.700000762939453,17.700000762939453,17.700000762939453,17.700000762939453,17.700000762939453,130.0
2024-03-01 10:28:00,MORF,38.224998474121094,38.224998474121094,38.224998474121094,38.18000030517578,38.18000030517578,328.0
2024-03-01 10:28:00,MOTS,0.6801999807357788,0.6801999807357788,0.6801999807357788,0.6801999807357788,0.6801999807357788,184.0
2024-03-01 10:28:00,MREO,3.875,3.875,3.890000104904175,3.875,3.890000104904175,2797.0
2024-03-01 10:28:00,MRNA,95.44999694824219,95.44999694824219,95.79000091552734,95.41059875488281,95.79000091552734,11079.0
2024-03-01 10:28:00,MRSN,5.860000133514404,5.860000133514404,5.929999828338623,5.860000133514404,5.929999828338623,6028.0
2024-03-01 10:28:00,MRUS,49.875,49.875,49.875,49.875,49.875,400.0
2024-03-01 10:28:00,MRVI,7.775000095367432,7.775000095367432,7.784999847412109,7.775000095367432,7.784999847412109,1230.0
2024-03-01 10:28:00,MXCT,4.784999847412109,4.784999847412109,4.789999961853027,4.784999847412109,4.784999847412109,468.0
2024-03-01 10:28:00,MYGN,21.114999771118164,21.114999771118164,21.135000228881836,21.100000381469727,21.11989974975586,1419.0
2024-03-01 10:28:00,NARI,45.58000183105469,45.58000183105469,45.7400016784668,45.57500076293945,45.57500076293945,5457.0
2024-03-01 10:28:00,NBIX,131.4600067138672,131.4600067138672,131.5500030517578,131.4600067138672,131.5500030517578,528.0
2024-03-01 10:28:00,NEO,16.010000228881836,16.010000228881836,16.030000686645508,15.979999542236328,15.979999542236328,3018.0
2024-03-01 10:28:00,NEOG,16.989999771118164,16.989999771118164,16.989999771118164,16.950000762939453,16.954999923706055,2435.0
2024-03-01 10:28:00,NERV,2.5799999237060547,2.5799999237060547,2.5799999237060547,2.5799999237060547,2.5799999237060547,10790.0
2024-03-01 10:28:00,NGM,1.5299999713897705,1.5299999713897705,1.5299999713897705,1.5299999713897705,1.5299999713897705,154.0
2024-03-01 10:28:00,NKTR,0.7394999861717224,0.7394999861717224,0.739799976348877,0.7390000224113464,0.739799976348877,1819.0
2024-03-01 10:28:00,NKTX,12.3100004196167,12.3100004196167,12.350000381469727,12.3100004196167,12.350000381469727,470.0
2024-03-01 10:28:00,NNOX,11.030099868774414,11.030099868774414,11.074999809265137,11.030099868774414,11.069999694824219,2080.0
2024-03-01 10:28:00,NRIX,13.149999618530273,13.149999618530273,13.149999618530273,13.125699996948242,13.140000343322754,1262.0
2024-03-01 10:28:00,NRSN,1.9220000505447388,1.9220000505447388,1.9299999475479126,1.9220000505447388,1.9299999475479126,2350.0
2024-03-01 10:28:00,NRXP,0.439300000667572,0.439300000667572,0.43939998745918274,0.42399999499320984,0.43939998745918274,17200.0
2024-03-01 10:28:00,NTLA,33.89500045776367,33.89500045776367,33.915000915527344,33.88600158691406,33.915000915527344,696.0
2024-03-01 10:28:00,NTRA,89.5250015258789,89.5250015258789,89.5250015258789,89.5250015258789,89.5250015258789,1007.0
2024-03-01 10:28:00,NUTX,0.11469999700784683,0.11469999700784683,0.11469999700784683,0.11469999700784683,0.11469999700784683,0.0
2024-03-01 10:28:00,NUVL,88.30999755859375,88.30999755859375,88.30999755859375,88.30999755859375,88.30999755859375,297.0
2024-03-01 10:28:00,NVAX,5.060100078582764,5.060100078582764,5.079999923706055,5.0507001876831055,5.0507001876831055,62904.0
2024-03-01 10:28:00,NVCR,15.46500015258789,15.46500015258789,15.470000267028809,15.46500015258789,15.470000267028809,542.0
2024-03-01 10:28:00,NVCT,10.604999542236328,10.604999542236328,10.604999542236328,10.5,10.5,302.0
2024-03-01 10:28:00,NXGL,2.4800000190734863,2.4800000190734863,2.4800000190734863,2.4700000286102295,2.4700000286102295,5323.0
2024-03-01 10:28:00,NXL,0.31060001254081726,0.31060001254081726,0.31060001254081726,0.31060001254081726,0.31060001254081726,129.0
2024-03-01 10:28:00,NXTC,1.7450000047683716,1.7450000047683716,1.7450000047683716,1.7450000047683716,1.7450000047683716,101.0
2024-03-01 10:28:00,OCGN,0.9139000177383423,0.9139000177383423,0.9350000023841858,0.9139000177383423,0.9350000023841858,95540.0
2024-03-01 10:28:00,OCUL,10.229999542236328,10.229999542236328,10.229999542236328,10.199999809265137,10.199999809265137,4067.0
2024-03-01 10:28:00,OGI,2.069999933242798,2.069999933242798,2.069999933242798,2.069999933242798,2.069999933242798,445.0
2024-03-01 10:28:00,OLK,22.545000076293945,22.545000076293945,22.545000076293945,22.545000076293945,22.545000076293945,264.0
2024-03-01 10:28:00,OLMA,12.868599891662598,12.868599891662598,12.868599891662598,12.868599891662598,12.868599891662598,400.0
2024-03-01 10:28:00,OM,3.0399999618530273,3.0399999618530273,3.0399999618530273,3.0399999618530273,3.0399999618530273,200.0
2024-03-01 10:28:00,OMGA,4.130000114440918,4.130000114440918,4.139999866485596,4.130000114440918,4.135000228881836,1819.0
2024-03-01 10:29:00,AADI,1.9900000095367432,1.9900000095367432,1.9900000095367432,1.9900000095367432,1.9900000095367432,289.0
2024-03-01 10:29:00,ABCL,5.15500020980835,5.15500020980835,5.15500020980835,5.150000095367432,5.15500020980835,1018.0
2024-03-01 10:29:00,ABOS,4.684999942779541,4.684999942779541,4.735000133514404,4.679999828338623,4.730000019073486,4269.0
2024-03-01 10:29:00,ABSI,5.271699905395508,5.271699905395508,5.289999961853027,5.269999980926514,5.289999961853027,7129.0
2024-03-01 10:29:00,ACAD,23.969999313354492,23.969999313354492,23.97249984741211,23.950000762939453,23.969999313354492,865.0
2024-03-01 10:29:00,ACHC,83.58000183105469,83.58000183105469,83.66000366210938,83.5031967163086,83.52999877929688,1526.0
2024-03-01 10:29:00,ACHL,1.3600000143051147,1.3600000143051147,1.3600000143051147,1.3600000143051147,1.3600000143051147,2400.0
2024-03-01 10:29:00,ACON,0.38100001215934753,0.38100001215934753,0.3846000134944916,0.38100001215934753,0.3846000134944916,1354.0
2024-03-01 10:29:00,ACRS,1.2200000286102295,1.2200000286102295,1.2200000286102295,1.2200000286102295,1.2200000286102295,3972.0
2024-03-01 10:29:00,ACXP,3.0199999809265137,3.0199999809265137,3.0199999809265137,3.0199999809265137,3.0199999809265137,0.0
2024-03-01 10:29:00,ADAP,1.589900016784668,1.589900016784668,1.589900016784668,1.5896999835968018,1.5896999835968018,1055.0
2024-03-01 10:29:00,ADIL,3.5999999046325684,3.5999999046325684,3.640000104904175,3.509999990463257,3.5399999618530273,548745.0
2024-03-01 10:29:00,ADMA,5.385000228881836,5.385000228881836,5.389999866485596,5.385000228881836,5.386499881744385,811.0
2024-03-01 10:29:00,ADPT,4.159999847412109,4.159999847412109,4.164999961853027,4.159999847412109,4.164999961853027,1737.0
2024-03-01 10:29:00,ADUS,92.94999694824219,92.94999694824219,92.94999694824219,92.93000030517578,92.93000030517578,473.0
2024-03-01 10:29:00,ADVM,1.9474999904632568,1.9474999904632568,1.9474999904632568,1.9474999904632568,1.9474999904632568,251.0
2024-03-01 10:29:00,AGEN,0.667900025844574,0.667900025844574,0.6751000285148621,0.6671000123023987,0.6710000038146973,26351.0
2024-03-01 10:29:00,AGIO,32.709999084472656,32.709999084472656,32.720001220703125,32.709999084472656,32.720001220703125,671.0
2024-03-01 10:29:00,AGRX,0.8393999934196472,0.8393999934196472,0.8393999934196472,0.8361999988555908,0.8361999988555908,1000.0
2024-03-01 10:29:00,AHCO,10.720000267028809,10.720000267028809,10.720000267028809,10.710000038146973,10.710000038146973,951.0
2024-03-01 10:29:00,AIRS,6.570000171661377,6.570000171661377,6.570000171661377,6.539999961853027,6.570000171661377,447.0
2024-03-01 10:29:00,AKAN,0.2538999915122986,0.2538999915122986,0.2540000081062317,0.25049999356269836,0.25220000743865967,6602.0
2024-03-01 10:29:00,AKBA,1.6449999809265137,1.6449999809265137,1.6500999927520752,1.6449999809265137,1.649999976158142,4443.0
2024-03-01 10:29:00,AKLI,0.3440000116825104,0.3440000116825104,0.3440000116825104,0.3427000045776367,0.3427000045776367,3254.0
2024-03-01 10:29:00,AKRO,28.145000457763672,28.145000457763672,28.145000457763672,28.1200008392334,28.139999389648438,1334.0
2024-03-01 10:29:00,ALDX,4.101200103759766,4.101200103759766,4.107900142669678,4.101200103759766,4.107900142669678,6327.0
2024-03-01 10:29:00,ALEC,7.440000057220459,7.440000057220459,7.445000171661377,7.440000057220459,7.445000171661377,321.0
2024-03-01 10:29:00,ALGN,298.3699951171875,298.3699951171875,298.54998779296875,297.82000732421875,297.8699951171875,2715.0
2024-03-01 10:29:00,ALHC,5.789999961853027,5.789999961853027,5.820000171661377,5.789999961853027,5.820000171661377,1671.0
2024-03-01 10:29:00,ALKS,30.1200008392334,30.1200008392334,30.1200008392334,30.079999923706055,30.079999923706055,1505.0
2024-03-01 10:29:00,ALLO,5.005000114440918,5.005000114440918,5.010000228881836,5.0,5.010000228881836,789.0
2024-03-01 10:29:00,ALNY,153.25,153.25,153.3282012939453,153.24000549316406,153.3282012939453,828.0
2024-03-01 10:29:00,ALT,12.232999801635742,12.232999801635742,12.244999885559082,12.210000038146973,12.244999885559082,5569.0
2024-03-01 10:29:00,ALVR,0.7505999803543091,0.7505999803543091,0.7505999803543091,0.7505999803543091,0.7505999803543091,400.0
2024-03-01 10:29:00,ALXO,14.930000305175781,14.930000305175781,14.930000305175781,14.930000305175781,14.930000305175781,200.0
2024-03-01 10:29:00,AMGN,280.7995910644531,280.7995910644531,280.7995910644531,280.04998779296875,280.2099914550781,9121.0
2024-03-01 10:29:00,AMLX,18.93000030517578,18.93000030517578,18.940000534057617,18.920000076293945,18.920000076293945,2242.0
2024-03-01 10:29:00,AMPH,45.935001373291016,45.935001373291016,45.935001373291016,45.880001068115234,45.880001068115234,902.0
2024-03-01 10:29:00,AMRN,1.024999976158142,1.024999976158142,1.0299999713897705,1.024999976158142,1.024999976158142,14869.0
2024-03-01 10:29:00,ANGO,5.385000228881836,5.385000228881836,5.385000228881836,5.385000228881836,5.385000228881836,104.0
2024-03-01 10:29:00,ANIP,68.30000305175781,68.30000305175781,68.30000305175781,68.30000305175781,68.30000305175781,200.0
2024-03-01 10:29:00,ANNX,5.900000095367432,5.900000095367432,5.900000095367432,5.820000171661377,5.829999923706055,2254.0
2024-03-01 10:29:00,APLS,63.4900016784668,63.4900016784668,63.54999923706055,63.255001068115234,63.255001068115234,3372.0
2024-03-01 10:29:00,APLT,7.360000133514404,7.360000133514404,7.375,7.360000133514404,7.375,500.0
2024-03-01 10:29:00,AQST,4.199999809265137,4.199999809265137,4.21999979019165,4.199999809265137,4.21999979019165,2037.0
2024-03-01 10:29:00,ARAY,2.6326000690460205,2.6326000690460205,2.634999990463257,2.630000114440918,2.634999990463257,2156.0
2024-03-01 10:29:00,ARCT,40.165000915527344,40.165000915527344,40.165000915527344,40.150001525878906,40.150001525878906,619.0
2024-03-01 10:29:00,ARDX,9.649999618530273,9.649999618530273,9.670000076293945,9.649999618530273,9.670000076293945,4068.0
2024-03-01 10:29:00,ARGX,384.875,384.875,384.875,384.875,384.875,463.0
2024-03-01 10:29:00,ARQT,11.010000228881836,11.010000228881836,11.031100273132324,11.0,11.031100273132324,8419.0
2024-03-01 10:29:00,ARVN,50.95000076293945,50.95000076293945,50.95000076293945,50.90999984741211,50.90999984741211,448.0
2024-03-01 10:29:00,ARWR,34.98500061035156,34.98500061035156,34.98500061035156,34.939998626708984,34.939998626708984,1997.0
2024-03-01 10:29:00,ASLN,0.8331000208854675,0.8331000208854675,0.8331000208854675,0.8331000208854675,0.8331000208854675,1860.0
2024-03-01 10:29:00,ASMB,13.20479965209961,13.20479965209961,13.20479965209961,13.20479965209961,13.20479965209961,0.0
2024-03-01 10:29:00,ASND,149.0,149.0,149.0,149.0,149.0,0.0
2024-03-01 10:29:00,ASRT,0.929099977016449,0.929099977016449,0.929099977016449,0.929099977016449,0.929099977016449,510.0
2024-03-01 10:29:00,ATEC,13.289999961853027,13.289999961853027,13.289999961853027,13.274999618530273,13.279999732971191,1877.0
2024-03-01 10:29:00,ATHA,3.9549999237060547,3.9549999237060547,3.9549999237060547,3.950000047683716,3.950000047683716,1856.0
2024-03-01 10:29:00,ATHE,1.820099949836731,1.820099949836731,1.820099949836731,1.820099949836731,1.820099949836731,1393.0
2024-03-01 10:29:00,ATRA,0.8118000030517578,0.8118000030517578,0.8118000030517578,0.8039000034332275,0.8039000034332275,63340.0
2024-03-01 10:29:00,AUPH,5.769999980926514,5.769999980926514,5.769999980926514,5.769999980926514,5.769999980926514,244.0
2024-03-01 10:29:00,AUTL,6.210400104522705,6.210400104522705,6.215000152587891,6.210400104522705,6.215000152587891,2395.0
2024-03-01 10:29:00,AVDL,12.729999542236328,12.729999542236328,12.729999542236328,12.729999542236328,12.729999542236328,425.0
2024-03-01 10:29:00,AVIR,4.364999771118164,4.364999771118164,4.364999771118164,4.364999771118164,4.364999771118164,552.0
2024-03-01 10:29:00,AVXL,5.269999980926514,5.269999980926514,5.275000095367432,5.269999980926514,5.275000095367432,1121.0
2024-03-01 10:29:00,AXNX,67.5999984741211,67.5999984741211,67.5999984741211,67.5999984741211,67.5999984741211,664.0
2024-03-01 10:29:00,AXSM,83.5,83.5,83.5,83.5,83.5,230.0
2024-03-01 10:29:00,AZN,64.62000274658203,64.62000274658203,64.625,64.6050033569336,64.62000274658203,3741.0
2024-03-01 10:29:00,AZTA,66.11000061035156,66.11000061035156,66.11000061035156,66.11000061035156,66.11000061035156,177.0
2024-03-01 10:29:00,BBIO,36.2599983215332,36.2599983215332,36.27000045776367,36.2599983215332,36.27000045776367,464.0
2024-03-01 10:29:00,BCLI,0.3560999929904938,0.3560999929904938,0.3560999929904938,0.3560999929904938,0.3560999929904938,501.0
2024-03-01 10:29:00,BCRX,5.764999866485596,5.764999866485596,5.769999980926514,5.764999866485596,5.764999866485596,1633.0
2024-03-01 10:29:00,BEAM,41.13999938964844,41.13999938964844,41.13999938964844,41.1156005859375,41.13999938964844,1646.0
2024-03-01 10:29:00,BGNE,166.6999969482422,166.6999969482422,166.6999969482422,166.6999969482422,166.6999969482422,576.0
2024-03-01 10:29:00,BIIB,219.91000366210938,219.91000366210938,219.91000366210938,219.88999938964844,219.89999389648438,913.0
2024-03-01 10:29:00,BIOL,0.1378999948501587,0.1378999948501587,0.1378999948501587,0.1378999948501587,0.1378999948501587,154.0
2024-03-01 10:29:00,BIVI,2.6386001110076904,2.6386001110076904,2.640000104904175,2.5799999237060547,2.630000114440918,140978.0
2024-03-01 10:29:00,BLFS,17.795000076293945,17.795000076293945,17.799999237060547,17.760000228881836,17.760000228881836,897.0
2024-03-01 10:29:00,BLUE,1.6150000095367432,1.6150000095367432,1.6200000047683716,1.6100000143051147,1.6150000095367432,27397.0
2024-03-01 10:29:00,BMEA,17.579999923706055,17.579999923706055,17.68000030517578,17.579999923706055,17.68000030517578,1532.0
2024-03-01 10:29:00,BMRN,86.54000091552734,86.54000091552734,86.54000091552734,86.43000030517578,86.48999786376953,1385.0
2024-03-01 10:29:00,BNGO,1.25,1.25,1.25,1.2422000169754028,1.2422000169754028,1576.0
2024-03-01 10:29:00,BNOX,1.215000033378601,1.215000033378601,1.215000033378601,1.215000033378601,1.215000033378601,200.0
2024-03-01 10:29:00,BNTC,5.139999866485596,5.139999866485596,5.1479997634887695,5.110000133514404,5.110000133514404,600.0
2024-03-01 10:29:00,BNTX,90.8499984741211,90.8499984741211,90.86000061035156,90.80999755859375,90.80999755859375,1026.0
2024-03-01 10:29:00,BPMC,97.87239837646484,97.87239837646484,98.0199966430664,97.87239837646484,98.0199966430664,375.0
2024-03-01 10:29:00,BRKR,87.71499633789062,87.71499633789062,87.71499633789062,87.71499633789062,87.71499633789062,255.0
2024-03-01 10:29:00,BRTX,1.5,1.5,1.5010000467300415,1.5,1.5010000467300415,505.0
2024-03-01 10:29:00,BSGM,0.6539999842643738,0.6539999842643738,0.6539999842643738,0.6539999842643738,0.6539999842643738,569.0
2024-03-01 10:29:00,BTAI,3.2360000610351562,3.2360000610351562,3.2399001121520996,3.2100000381469727,3.2100000381469727,14737.0
2024-03-01 10:29:00,BYSI,1.4110000133514404,1.4110000133514404,1.4110000133514404,1.4110000133514404,1.4110000133514404,297.0
2024-03-01 10:29:00,CABA,24.209999084472656,24.209999084472656,24.288799285888672,24.209999084472656,24.288799285888672,1250.0
2024-03-01 10:29:00,CAPR,4.598800182342529,4.598800182342529,4.598800182342529,4.539899826049805,4.539899826049805,5302.0
2024-03-01 10:29:00,CARA,0.8799999952316284,0.8799999952316284,0.8799999952316284,0.8700000047683716,0.8700000047683716,8474.0
2024-03-01 10:29:00,CCCC,11.0,11.0,11.0,11.0,11.0,910.0
2024-03-01 10:29:00,CDMO,7.889999866485596,7.889999866485596,7.889999866485596,7.889999866485596,7.889999866485596,3.0
2024-03-01 10:29:00,CDNA,12.34000015258789,12.34000015258789,12.369999885559082,12.279999732971191,12.279999732971191,10704.0
2024-03-01 10:29:00,CDXS,4.239999771118164,4.239999771118164,4.239999771118164,4.220200061798096,4.230000019073486,2104.0
2024-03-01 10:29:00,CERE,41.23500061035156,41.23500061035156,41.2400016784668,41.23500061035156,41.2400016784668,1316.0
2024-03-01 10:29:00,CERT,17.80500030517578,17.80500030517578,17.80500030517578,17.790000915527344,17.790000915527344,764.0
2024-03-01 10:29:00,CGC,3.2053000926971436,3.2053000926971436,3.2100000381469727,3.19569993019104,3.199700117111206,9017.0
2024-03-01 10:29:00,CGEM,19.10919952392578,19.10919952392578,19.110000610351562,19.065000534057617,19.110000610351562,1443.0
2024-03-01 10:29:00,CGEN,2.670099973678589,2.670099973678589,2.670099973678589,2.670099973678589,2.670099973678589,6600.0
2024-03-01 10:29:00,CHRS,2.3299999237060547,2.3299999237060547,2.3299999237060547,2.325000047683716,2.325000047683716,484.0
2024-03-01 10:29:00,CJJD,3.0,3.0,3.0,3.0,3.0,228.0
2024-03-01 10:29:00,CKPT,2.161600112915039,2.161600112915039,2.161600112915039,2.1500000953674316,2.1500000953674316,1033.0
2024-03-01 10:29:00,CLDX,51.709999084472656,51.709999084472656,51.95000076293945,51.70000076293945,51.912498474121094,6347.0
2024-03-01 10:29:00,CLNN,0.3930000066757202,0.3930000066757202,0.3930000066757202,0.3930000066757202,0.3930000066757202,400.0
2024-03-01 10:29:00,CLOV,0.8693000078201294,0.8693000078201294,0.8695999979972839,0.8679999709129333,0.8679999709129333,30588.0
2024-03-01 10:29:00,CMPX,1.8700000047683716,1.8700000047683716,1.8700000047683716,1.8700000047683716,1.8700000047683716,886.0
2024-03-01 10:29:00,CNSP,0.3098999857902527,0.3098999857902527,0.3098999857902527,0.3098999857902527,0.3098999857902527,3300.0
2024-03-01 10:29:00,CNTA,10.829999923706055,10.829999923706055,10.829999923706055,10.800000190734863,10.800000190734863,507.0
2024-03-01 10:29:00,COGT,7.349999904632568,7.349999904632568,7.349999904632568,7.324999809265137,7.329999923706055,7705.0
2024-03-01 10:29:00,COLL,37.412498474121094,37.412498474121094,37.412498474121094,37.412498474121094,37.412498474121094,131.0
2024-03-01 10:29:00,CORT,23.790000915527344,23.790000915527344,23.799999237060547,23.770000457763672,23.770000457763672,1276.0
2024-03-01 10:29:00,CPRX,16.985000610351562,16.985000610351562,16.989999771118164,16.939800262451172,16.940000534057617,8938.0
2024-03-01 10:29:00,CPSI,9.199999809265137,9.199999809265137,9.199999809265137,9.199999809265137,9.199999809265137,693.0
2024-03-01 10:29:00,CRBP,31.604999542236328,31.604999542236328,31.604999542236328,31.600000381469727,31.600000381469727,415.0
2024-03-01 10:29:00,CRBU,8.055000305175781,8.055000305175781,8.0600004196167,8.055000305175781,8.0600004196167,488.0
2024-03-01 10:29:00,CRDF,2.5450000762939453,2.5450000762939453,2.559999942779541,2.509999990463257,2.539400100708008,89241.0
2024-03-01 10:29:00,CRDL,1.9629000425338745,1.9629000425338745,1.9629000425338745,1.9629000425338745,1.9629000425338745,10696.0
2024-03-01 10:29:00,CRMD,3.6684999465942383,3.6684999465942383,3.6684999465942383,3.660099983215332,3.660099983215332,2280.0
2024-03-01 10:29:00,CRNX,45.130001068115234,45.130001068115234,45.130001068115234,45.130001068115234,45.130001068115234,306.0
2024-03-01 10:29:00,CRON,2.041100025177002,2.041100025177002,2.041100025177002,2.041100025177002,2.041100025177002,0.0
2024-03-01 10:29:00,CRSP,86.83999633789062,86.83999633789062,86.83999633789062,86.76799774169922,86.76799774169922,2500.0
2024-03-01 10:29:00,CSTL,19.829999923706055,19.829999923706055,19.829999923706055,19.799999237060547,19.809999465942383,548.0
2024-03-01 10:29:00,CTKB,8.029999732971191,8.029999732971191,8.029999732971191,8.020000457763672,8.020000457763672,963.0
2024-03-01 10:29:00,CTMX,2.484999895095825,2.484999895095825,2.484999895095825,2.484999895095825,2.484999895095825,125.0
2024-03-01 10:29:00,CTXR,0.7896999716758728,0.7896999716758728,0.7896999716758728,0.7896999716758728,0.7896999716758728,364.0
2024-03-01 10:29:00,CUTR,2.3299999237060547,2.3299999237060547,2.3299999237060547,2.3299999237060547,2.3299999237060547,308.0
2024-03-01 10:29:00,CVAC,3.494999885559082,3.494999885559082,3.494999885559082,3.494999885559082,3.494999885559082,800.0
2024-03-01 10:29:00,CVRX,19.719999313354492,19.719999313354492,19.719999313354492,19.719999313354492,19.719999313354492,172.0
2024-03-01 10:29:00,CYTK,74.68499755859375,74.68499755859375,74.69999694824219,74.68499755859375,74.69999694824219,456.0
2024-03-01 10:29:00,DAWN,17.010000228881836,17.010000228881836,17.010000228881836,17.010000228881836,17.010000228881836,424.0
2024-03-01 10:29:00,DCGO,4.109899997711182,4.109899997711182,4.110000133514404,4.099999904632568,4.105000019073486,5830.0
2024-03-01 10:29:00,DCPH,17.05500030517578,17.05500030517578,17.05500030517578,17.049999237060547,17.049999237060547,431.0
2024-03-01 10:29:00,DERM,4.099999904632568,4.099999904632568,4.099999904632568,4.099999904632568,4.099999904632568,620.0
2024-03-01 10:29:00,DH,9.15999984741211,9.15999984741211,9.1899995803833,9.15999984741211,9.1899995803833,1489.0
2024-03-01 10:29:00,DMTK,0.8805999755859375,0.8805999755859375,0.8805999755859375,0.8500000238418579,0.8500000238418579,811.0
2024-03-01 10:29:00,DNLI,20.790000915527344,20.790000915527344,20.799999237060547,20.790000915527344,20.799999237060547,727.0
2024-03-01 10:29:00,DTIL,12.819999694824219,12.819999694824219,12.819999694824219,12.649999618530273,12.649999618530273,775.0
2024-03-01 10:29:00,DVAX,12.744999885559082,12.744999885559082,12.744999885559082,12.739999771118164,12.739999771118164,1113.0
2024-03-01 10:29:00,DXCM,117.3499984741211,117.3499984741211,117.4000015258789,117.19000244140625,117.20999908447266,8399.0
2024-03-01 10:29:00,DYN,30.0,30.0,30.0,29.924999237060547,29.9950008392334,5479.0
2024-03-01 10:29:00,EDIT,10.991000175476074,10.991000175476074,11.010000228881836,10.920900344848633,10.930000305175781,46428.0
2024-03-01 10:29:00,EFTR,14.477800369262695,14.477800369262695,14.477800369262695,14.477800369262695,14.477800369262695,200.0
2024-03-01 10:29:00,EGRX,6.400000095367432,6.400000095367432,6.400000095367432,6.388000011444092,6.388000011444092,765.0
2024-03-01 10:29:00,EKSO,1.9700000286102295,1.9700000286102295,1.9700000286102295,1.9700000286102295,1.9700000286102295,207.0
2024-03-01 10:29:00,ELDN,1.850000023841858,1.850000023841858,1.850000023841858,1.850000023841858,1.850000023841858,1011.0
2024-03-01 10:29:00,ELEV,4.940000057220459,4.940000057220459,4.960000038146973,4.939899921417236,4.939899921417236,3843.0
2024-03-01 10:29:00,ENSC,0.9218000173568726,0.9218000173568726,0.9218000173568726,0.9150999784469604,0.9150999784469604,1040.0
2024-03-01 10:29:00,ENTA,14.984999656677246,14.984999656677246,14.984999656677246,14.9399995803833,14.9399995803833,500.0
2024-03-01 10:29:00,ENVB,1.649999976158142,1.649999976158142,1.659999966621399,1.6301000118255615,1.6399999856948853,31439.0
2024-03-01 10:29:00,ESPR,2.505000114440918,2.505000114440918,2.509999990463257,2.501699924468994,2.505000114440918,2932.0
2024-03-01 10:29:00,ESTA,45.790000915527344,45.790000915527344,45.790000915527344,45.18000030517578,45.220001220703125,5669.0
2024-03-01 10:29:00,ETNB,12.84000015258789,12.84000015258789,12.869999885559082,12.829999923706055,12.869999885559082,5143.0
2024-03-01 10:29:00,EVGN,0.9125999808311462,0.9125999808311462,0.9125999808311462,0.9125999808311462,0.9125999808311462,762.0
2024-03-01 10:29:00,EWTX,16.798999786376953,16.798999786376953,16.799999237060547,16.774999618530273,16.774999618530273,367.0
2024-03-01 10:29:00,EXAI,6.704699993133545,6.704699993133545,6.704699993133545,6.699999809265137,6.699999809265137,731.0
2024-03-01 10:29:00,EXAS,59.91999816894531,59.91999816894531,59.93000030517578,59.755001068115234,59.755001068115234,4412.0
2024-03-01 10:29:00,EXEL,22.485000610351562,22.485000610351562,22.485000610351562,22.479999542236328,22.479999542236328,837.0
2024-03-01 10:29:00,EYEN,2.119999885559082,2.119999885559082,2.119999885559082,2.1198999881744385,2.1198999881744385,463.0
2024-03-01 10:29:00,EYPT,28.75,28.75,28.75,28.75,28.75,242.0
2024-03-01 10:29:00,FATE,7.479899883270264,7.479899883270264,7.479899883270264,7.460000038146973,7.460000038146973,649.0
2024-03-01 10:29:00,FBIO,2.210099935531616,2.210099935531616,2.210099935531616,2.210099935531616,2.210099935531616,2000.0
2024-03-01 10:29:00,FBRX,0.6859999895095825,0.6859999895095825,0.6859999895095825,0.6859999895095825,0.6859999895095825,305.0
2024-03-01 10:29:00,FDMT,29.735000610351562,29.735000610351562,29.799100875854492,29.735000610351562,29.799100875854492,572.0
2024-03-01 10:29:00,FGEN,1.715000033378601,1.715000033378601,1.715000033378601,1.715000033378601,1.715000033378601,596.0
2024-03-01 10:29:00,FLGT,22.989999771118164,22.989999771118164,22.989999771118164,22.979999542236328,22.979999542236328,300.0
2024-03-01 10:29:00,FOLD,13.524999618530273,13.524999618530273,13.524999618530273,13.515000343322754,13.515000343322754,1080.0
2024-03-01 10:29:00,FULC,10.664999961853027,10.664999961853027,10.664999961853027,10.649999618530273,10.654999732971191,735.0
2024-03-01 10:29:00,GANX,4.639900207519531,4.639900207519531,4.639900207519531,4.639900207519531,4.639900207519531,508.0
2024-03-01 10:29:00,GBIO,2.4749999046325684,2.4749999046325684,2.4749999046325684,2.4749999046325684,2.4749999046325684,200.0
2024-03-01 10:29:00,GCTK,0.29989999532699585,0.29989999532699585,0.29989999532699585,0.29989999532699585,0.29989999532699585,200.0
2024-03-01 10:29:00,GDRX,8.299200057983398,8.299200057983398,8.300000190734863,8.295000076293945,8.29889965057373,3232.0
2024-03-01 10:29:00,GERN,2.117500066757202,2.117500066757202,2.117500066757202,2.115000009536743,2.115000009536743,2833.0
2024-03-01 10:29:00,GH,19.229999542236328,19.229999542236328,19.229999542236328,19.21500015258789,19.21500015258789,529.0
2024-03-01 10:29:00,GILD,72.62999725341797,72.62999725341797,72.62999725341797,72.5999984741211,72.5999984741211,3790.0
2024-03-01 10:29:00,GMAB,29.059999465942383,29.059999465942383,29.059999465942383,29.049999237060547,29.049999237060547,992.0
2024-03-01 10:29:00,GMDA,0.3783000111579895,0.3783000111579895,0.3783000111579895,0.37689998745918274,0.37700000405311584,15639.0
2024-03-01 10:29:00,GNFT,3.599900007247925,3.599900007247925,3.599900007247925,3.599900007247925,3.599900007247925,8000.0
2024-03-01 10:29:00,GOSS,1.350000023841858,1.350000023841858,1.3600000143051147,1.350000023841858,1.3600000143051147,104315.0
2024-03-01 10:29:00,GRFS,6.974999904632568,6.974999904632568,6.974999904632568,6.960999965667725,6.960999965667725,1750.0
2024-03-01 10:29:00,GRTS,2.119999885559082,2.119999885559082,2.119999885559082,2.115000009536743,2.115000009536743,533.0
2024-03-01 10:29:00,GTHX,3.484999895095825,3.484999895095825,3.484999895095825,3.4749999046325684,3.4762001037597656,2969.0
2024-03-01 10:29:00,HALO,41.22999954223633,41.22999954223633,41.22999954223633,41.099998474121094,41.15999984741211,2200.0
2024-03-01 10:29:00,HARP,22.94499969482422,22.94499969482422,22.94499969482422,22.940000534057617,22.940000534057617,321.0
2024-03-01 10:29:00,HCTI,2.450000047683716,2.450000047683716,2.45989990234375,2.424999952316284,2.4398000240325928,3035.0
2024-03-01 10:29:00,HEPA,3.3299999237060547,3.3299999237060547,3.3299999237060547,3.319999933242798,3.319999933242798,1049.0
2024-03-01 10:29:00,HLTH,0.2669999897480011,0.2669999897480011,0.2669999897480011,0.2669999897480011,0.2669999897480011,248.0
2024-03-01 10:29:00,HOLX,73.79000091552734,73.79000091552734,73.79000091552734,73.7699966430664,73.7699966430664,415.0
2024-03-01 10:29:00,HOWL,7.0,7.0,7.0,7.0,7.0,120.0
2024-03-01 10:29:00,HQY,82.04000091552734,82.04000091552734,82.12000274658203,82.04000091552734,82.12000274658203,537.0
2024-03-01 10:29:00,HRMY,31.56679916381836,31.56679916381836,31.56679916381836,31.56679916381836,31.56679916381836,151.0
2024-03-01 10:29:00,HROW,10.84000015258789,10.84000015258789,10.84000015258789,10.829999923706055,10.829999923706055,967.0
2024-03-01 10:29:00,HSIC,77.30000305175781,77.30000305175781,77.38999938964844,77.30000305175781,77.38999938964844,1863.0
2024-03-01 10:29:00,HSTM,27.614999771118164,27.614999771118164,27.614999771118164,27.594999313354492,27.594999313354492,243.0
2024-03-01 10:29:00,HUMA,3.190000057220459,3.190000057220459,3.190000057220459,3.1700000762939453,3.174999952316284,22487.0
2024-03-01 10:29:00,IART,36.779998779296875,36.779998779296875,36.779998779296875,36.75,36.75,1055.0
2024-03-01 10:29:00,IBRX,4.804999828338623,4.804999828338623,4.804999828338623,4.789999961853027,4.800000190734863,2591.0
2024-03-01 10:29:00,ICLR,323.05499267578125,323.05499267578125,323.70001220703125,322.7099914550781,323.2349853515625,6724.0
2024-03-01 10:29:00,IGMS,13.76200008392334,13.76200008392334,13.76200008392334,13.76200008392334,13.76200008392334,382.0
2024-03-01 10:29:00,IINN,1.6299999952316284,1.6299999952316284,1.6299999952316284,1.6299999952316284,1.6299999952316284,0.0
2024-03-01 10:29:00,ILMN,140.02000427246094,140.02000427246094,140.02000427246094,139.8800048828125,139.8800048828125,1333.0
2024-03-01 10:29:00,IMAB,1.850000023841858,1.850000023841858,1.850000023841858,1.850000023841858,1.850000023841858,1170.0
2024-03-01 10:29:00,IMMX,3.5899999141693115,3.5899999141693115,3.5899999141693115,3.5899999141693115,3.5899999141693115,200.0
2024-03-01 10:29:00,IMNN,1.0200999975204468,1.0200999975204468,1.0399999618530273,1.0200999975204468,1.038599967956543,2364.0
2024-03-01 10:29:00,IMTX,13.0,13.0,13.0,13.0,13.0,139.0
2024-03-01 10:29:00,IMUX,1.524999976158142,1.524999976158142,1.524999976158142,1.5199999809265137,1.5199999809265137,1127.0
2024-03-01 10:29:00,IMVT,36.400001525878906,36.400001525878906,36.400001525878906,36.400001525878906,36.400001525878906,102.0
2024-03-01 10:29:00,INBX,36.849998474121094,36.849998474121094,36.849998474121094,36.849998474121094,36.849998474121094,200.0
2024-03-01 10:29:00,INCY,59.029998779296875,59.029998779296875,59.029998779296875,58.9900016784668,59.0,1366.0
2024-03-01 10:29:00,INGN,6.679999828338623,6.679999828338623,6.679999828338623,6.679999828338623,6.679999828338623,410.0
2024-03-01 10:29:00,INMD,22.6299991607666,22.6299991607666,22.6299991607666,22.575000762939453,22.575000762939453,1774.0
2024-03-01 10:29:00,INO,8.882399559020996,8.882399559020996,8.882399559020996,8.882399559020996,8.882399559020996,361.0
2024-03-01 10:29:00,INSM,28.459999084472656,28.459999084472656,28.459999084472656,28.459999084472656,28.459999084472656,1511.0
2024-03-01 10:29:00,INVA,15.454999923706055,15.454999923706055,15.46500015258789,15.454999923706055,15.46500015258789,605.0
2024-03-01 10:29:00,INZY,6.53000020980835,6.53000020980835,6.539999961853027,6.53000020980835,6.539999961853027,369.0
2024-03-01 10:29:00,IOVA,16.69379997253418,16.69379997253418,16.739999771118164,16.649999618530273,16.739999771118164,16236.0
2024-03-01 10:29:00,IPA,1.8600000143051147,1.8600000143051147,1.8600000143051147,1.8600000143051147,1.8600000143051147,200.0
2024-03-01 10:29:00,IRWD,9.005000114440918,9.005000114440918,9.045000076293945,9.0,9.045000076293945,6563.0
2024-03-01 10:29:00,ISRG,388.7900085449219,388.7900085449219,388.80999755859375,388.4100036621094,388.4100036621094,1472.0
2024-03-01 10:29:00,ITCI,71.78500366210938,71.78500366210938,71.78500366210938,71.78500366210938,71.78500366210938,457.0
2024-03-01 10:29:00,JAGX,0.08739999681711197,0.08739999681711197,0.09300000220537186,0.08619999885559082,0.09300000220537186,3225409.0
2024-03-01 10:29:00,JANX,46.579498291015625,46.579498291015625,46.579498291015625,46.579498291015625,46.579498291015625,306.0
2024-03-01 10:29:00,JAZZ,120.75499725341797,120.75499725341797,120.75499725341797,120.75499725341797,120.75499725341797,136.0
2024-03-01 10:29:00,KALV,14.010000228881836,14.010000228881836,14.010000228881836,14.010000228881836,14.010000228881836,488.0
2024-03-01 10:29:00,KNSA,21.94499969482422,21.94499969482422,21.94499969482422,21.94499969482422,21.94499969482422,200.0
2024-03-01 10:29:00,KNTE,2.619999885559082,2.619999885559082,2.625,2.619999885559082,2.625,1822.0
2024-03-01 10:29:00,KOD,6.03000020980835,6.03000020980835,6.03000020980835,6.03000020980835,6.03000020980835,155.0
2024-03-01 10:29:00,KPRX,0.6607999801635742,0.6607999801635742,0.6607999801635742,0.6570000052452087,0.6570000052452087,700.0
2024-03-01 10:29:00,KRYS,167.99000549316406,167.99000549316406,167.99000549316406,167.99000549316406,167.99000549316406,318.0
2024-03-01 10:29:00,KTRA,0.10239999741315842,0.10239999741315842,0.10239999741315842,0.10090000182390213,0.10090000182390213,10100.0
2024-03-01 10:29:00,KURA,21.225000381469727,21.225000381469727,21.229999542236328,21.219999313354492,21.229999542236328,456.0
2024-03-01 10:29:00,KYMR,44.08000183105469,44.08000183105469,44.14500045776367,44.0,44.14500045776367,2058.0
2024-03-01 10:29:00,KZR,1.1100000143051147,1.1100000143051147,1.1100000143051147,1.1100000143051147,1.1100000143051147,1404.0
2024-03-01 10:29:00,LAB,2.3299999237060547,2.3299999237060547,2.3299999237060547,2.325000047683716,2.325000047683716,1211.0
2024-03-01 10:29:00,LEXX,2.5799999237060547,2.5799999237060547,2.589400053024292,2.5799999237060547,2.589400053024292,220.0
2024-03-01 10:29:00,LFST,8.015000343322754,8.015000343322754,8.020000457763672,8.005000114440918,8.020000457763672,7604.0
2024-03-01 10:29:00,LGND,80.7750015258789,80.7750015258789,80.7750015258789,80.7750015258789,80.7750015258789,155.0
2024-03-01 10:29:00,LIFE,1.9299999475479126,1.9299999475479126,1.9299999475479126,1.9299999475479126,1.9299999475479126,256.0
2024-03-01 10:29:00,LMAT,68.25499725341797,68.25499725341797,68.25499725341797,68.08999633789062,68.08999633789062,549.0
2024-03-01 10:29:00,LQDA,14.449999809265137,14.449999809265137,14.449999809265137,14.449999809265137,14.449999809265137,53.0
2024-03-01 10:29:00,LRMR,11.350000381469727,11.350000381469727,11.350000381469727,11.350000381469727,11.350000381469727,200.0
2024-03-01 10:29:00,LTRN,4.590000152587891,4.590000152587891,4.599999904632568,4.590000152587891,4.599999904632568,329.0
2024-03-01 10:29:00,LUNG,9.109999656677246,9.109999656677246,9.109999656677246,9.109999656677246,9.109999656677246,133.0
2024-03-01 10:29:00,LVTX,3.079900026321411,3.079900026321411,3.0799999237060547,3.059999942779541,3.059999942779541,7200.0
2024-03-01 10:29:00,LXRX,2.440000057220459,2.440000057220459,2.440000057220459,2.430000066757202,2.430000066757202,6429.0
2024-03-01 10:29:00,LYEL,3.109999895095825,3.109999895095825,3.109999895095825,3.109999895095825,3.109999895095825,161.0
2024-03-01 10:29:00,MBRX,0.6399999856948853,0.6399999856948853,0.6399999856948853,0.6399999856948853,0.6399999856948853,600.0
2024-03-01 10:29:00,MCRB,1.1899000406265259,1.1899000406265259,1.190000057220459,1.184000015258789,1.184000015258789,7043.0
2024-03-01 10:29:00,MDRX,5.900000095367432,5.900000095367432,5.980000019073486,5.900000095367432,5.980000019073486,52204.0
2024-03-01 10:29:00,MDXG,8.460000038146973,8.460000038146973,8.479999542236328,8.460000038146973,8.479999542236328,1934.0
2024-03-01 10:29:00,ME,0.5742999911308289,0.5742999911308289,0.574999988079071,0.5742999911308289,0.574999988079071,900.0
2024-03-01 10:29:00,MEDP,400.010009765625,400.010009765625,400.010009765625,398.92999267578125,398.9599914550781,943.0
2024-03-01 10:29:00,MGNX,19.219999313354492,19.219999313354492,19.219999313354492,19.208599090576172,19.208599090576172,600.0
2024-03-01 10:29:00,MIRM,29.25,29.25,29.25,29.25,29.25,654.0
2024-03-01 10:29:00,MIST,1.7000000476837158,1.7000000476837158,1.7000000476837158,1.7000000476837158,1.7000000476837158,1018.0
2024-03-01 10:29:00,MLTX,52.040000915527344,52.040000915527344,52.11000061035156,52.029998779296875,52.11000061035156,2952.0
2024-03-01 10:29:00,MNKD,4.494999885559082,4.494999885559082,4.498899936676025,4.494999885559082,4.494999885559082,1142.0
2024-03-01 10:29:00,MNMD,5.860000133514404,5.860000133514404,5.860000133514404,5.860000133514404,5.860000133514404,170.0
2024-03-01 10:29:00,MNPR,0.7799999713897705,0.7799999713897705,0.7900000214576721,0.7799999713897705,0.7900000214576721,1730.0
2024-03-01 10:29:00,MODD,1.8899999856948853,1.8899999856948853,1.8899999856948853,1.8899999856948853,1.8899999856948853,200.0
2024-03-01 10:29:00,MOR,17.690000534057617,17.690000534057617,17.690000534057617,17.690000534057617,17.690000534057617,840.0
2024-03-01 10:29:00,MORF,38.165000915527344,38.165000915527344,38.224998474121094,38.165000915527344,38.18000030517578,873.0
2024-03-01 10:29:00,MREO,3.869999885559082,3.869999885559082,3.8766000270843506,3.869999885559082,3.875,1925.0
2024-03-01 10:29:00,MRNA,95.61000061035156,95.61000061035156,95.625,95.33000183105469,95.43000030517578,5190.0
2024-03-01 10:29:00,MRNS,9.770000457763672,9.770000457763672,9.770000457763672,9.770000457763672,9.770000457763672,200.0
2024-03-01 10:29:00,MRSN,5.875,5.875,5.880000114440918,5.849999904632568,5.875,2689.0
2024-03-01 10:29:00,MRUS,49.72999954223633,49.72999954223633,49.91999816894531,49.72999954223633,49.90999984741211,1520.0
2024-03-01 10:29:00,MRVI,7.784999847412109,7.784999847412109,7.784999847412109,7.775000095367432,7.775000095367432,1115.0
2024-03-01 10:29:00,MXCT,4.7600998878479,4.7600998878479,4.784999847412109,4.7600998878479,4.780099868774414,6362.0
2024-03-01 10:29:00,MYGN,21.09000015258789,21.09000015258789,21.100000381469727,21.09000015258789,21.100000381469727,415.0
2024-03-01 10:29:00,NARI,45.61000061035156,45.61000061035156,45.61000061035156,45.4900016784668,45.60499954223633,2365.0
2024-03-01 10:29:00,NBIX,131.4250030517578,131.4250030517578,131.58999633789062,131.4250030517578,131.5399932861328,1759.0
2024-03-01 10:29:00,NEO,16.06999969482422,16.06999969482422,16.06999969482422,16.0,16.0,2777.0
2024-03-01 10:29:00,NEOG,17.049999237060547,17.049999237060547,17.049999237060547,16.979999542236328,16.985000610351562,2563.0
2024-03-01 10:29:00,NKTR,0.7390000224113464,0.7390000224113464,0.7390000224113464,0.7390000224113464,0.7390000224113464,100.0
2024-03-01 10:29:00,NNOX,10.987500190734863,10.987500190734863,11.029999732971191,10.987500190734863,11.029999732971191,12988.0
2024-03-01 10:29:00,NOTV,7.6020002365112305,7.6020002365112305,7.610000133514404,7.579999923706055,7.609000205993652,1839.0
2024-03-01 10:29:00,NRBO,5.666200160980225,5.666200160980225,5.666200160980225,5.666200160980225,5.666200160980225,1056.0
2024-03-01 10:29:00,NRIX,13.154999732971191,13.154999732971191,13.170000076293945,13.154999732971191,13.170000076293945,742.0
2024-03-01 10:29:00,NRSN,1.9793000221252441,1.9793000221252441,1.9793000221252441,1.9500000476837158,1.9500000476837158,12241.0
2024-03-01 10:29:00,NRXP,0.4300000071525574,0.4300000071525574,0.4366999864578247,0.42640000581741333,0.4366999864578247,0.0
2024-03-01 10:29:00,NTLA,33.875,33.875,33.899898529052734,33.849998474121094,33.869998931884766,3631.0
2024-03-01 10:29:00,NTRA,89.48999786376953,89.48999786376953,89.52999877929688,89.44999694824219,89.52999877929688,1465.0
2024-03-01 10:29:00,NVAX,5.039999961853027,5.039999961853027,5.065000057220459,5.03000020980835,5.065000057220459,12343.0
2024-03-01 10:29:00,NVCR,15.529999732971191,15.529999732971191,15.529999732971191,15.470000267028809,15.470000267028809,3751.0
2024-03-01 10:29:00,NVCT,10.619999885559082,10.619999885559082,10.619999885559082,10.619999885559082,10.619999885559082,2.0
2024-03-01 10:29:00,NYXH,14.109999656677246,14.109999656677246,14.109999656677246,14.029999732971191,14.029999732971191,1205.0
2024-03-01 10:29:00,OCUL,10.239999771118164,10.239999771118164,10.255000114440918,10.229399681091309,10.229399681091309,7083.0
2024-03-01 10:29:00,OLK,22.540000915527344,22.540000915527344,22.540000915527344,22.537500381469727,22.540000915527344,1289.0
2024-03-01 10:29:00,OLMA,12.779999732971191,12.779999732971191,12.779999732971191,12.779999732971191,12.779999732971191,130.0
2024-03-01 10:29:00,OM,3.0399999618530273,3.0399999618530273,3.0399999618530273,3.0399999618530273,3.0399999618530273,127.0
2024-03-01 10:29:00,OMCL,26.399999618530273,26.399999618530273,26.399999618530273,26.399999618530273,26.399999618530273,101.0
2024-03-01 10:29:00,OMER,4.739999771118164,4.739999771118164,4.749899864196777,4.739999771118164,4.749899864196777,1033.0
2024-03-01 10:29:00,OMGA,4.125,4.125,4.125,4.125,4.125,52.0
2024-03-01 10:29:00,OMIC,0.5950000286102295,0.5950000286102295,0.5950000286102295,0.5950000286102295,0.5950000286102295,63.0
2024-03-01 10:30:00,ABCL,5.15500020980835,5.15500020980835,5.159999847412109,5.150199890136719,5.15500020980835,14734.0
2024-03-01 10:30:00,ABEO,7.672900199890137,7.672900199890137,7.672900199890137,7.565800189971924,7.565800189971924,6571.0
2024-03-01 10:30:00,ABOS,4.670000076293945,4.670000076293945,4.679999828338623,4.664599895477295,4.679999828338623,2192.0
2024-03-01 10:30:00,ABSI,5.21999979019165,5.21999979019165,5.28000020980835,5.21999979019165,5.28000020980835,17599.0
2024-03-01 10:30:00,ABUS,2.7799999713897705,2.7799999713897705,2.7799999713897705,2.7799999713897705,2.7799999713897705,963.0
2024-03-01 10:30:00,ACAD,23.8700008392334,23.8700008392334,24.010000228881836,23.8700008392334,23.979999542236328,167683.0
2024-03-01 10:30:00,ACB,3.049999952316284,3.049999952316284,3.049999952316284,3.0399999618530273,3.0450000762939453,2541.0
2024-03-01 10:30:00,ACCD,10.308600425720215,10.308600425720215,10.308600425720215,10.300000190734863,10.300000190734863,556.0
2024-03-01 10:30:00,ACET,2.3299999237060547,2.3299999237060547,2.3299999237060547,2.3269999027252197,2.3269999027252197,2000.0
2024-03-01 10:30:00,ACHL,1.351099967956543,1.351099967956543,1.351099967956543,1.351099967956543,1.351099967956543,1274.0
2024-03-01 10:30:00,ACIU,3.8301000595092773,3.8301000595092773,3.865000009536743,3.8301000595092773,3.865000009536743,1783.0
2024-03-01 10:30:00,ACLX,69.26000213623047,69.26000213623047,69.26000213623047,69.19000244140625,69.19000244140625,999.0
2024-03-01 10:30:00,ACON,0.38989999890327454,0.38989999890327454,0.38989999890327454,0.38989999890327454,0.38989999890327454,2400.0
2024-03-01 10:30:00,ACRS,1.2300000190734863,1.2300000190734863,1.2300000190734863,1.2300000190734863,1.2300000190734863,220.0
2024-03-01 10:30:00,ADAP,1.589900016784668,1.589900016784668,1.589900016784668,1.589900016784668,1.589900016784668,0.0
2024-03-01 10:30:00,ADIL,3.4800000190734863,3.4800000190734863,3.8499999046325684,3.440000057220459,3.625,875760.0
2024-03-01 10:30:00,ADMA,5.380000114440918,5.380000114440918,5.385000228881836,5.380000114440918,5.385000228881836,1865.0
2024-03-01 10:30:00,ADPT,4.175000190734863,4.175000190734863,4.175000190734863,4.170000076293945,4.170000076293945,572.0
2024-03-01 10:30:00,ADVM,1.9407000541687012,1.9407000541687012,1.9407000541687012,1.9407000541687012,1.9407000541687012,688.0
2024-03-01 10:30:00,AGEN,0.6718999743461609,0.6718999743461609,0.6718999743461609,0.6717000007629395,0.6717000007629395,1416.0
2024-03-01 10:30:00,AGIO,32.73500061035156,32.73500061035156,32.73500061035156,32.73500061035156,32.73500061035156,547.0
2024-03-01 10:30:00,AGRX,0.8396999835968018,0.8396999835968018,0.8396999835968018,0.8374000191688538,0.8374000191688538,560.0
2024-03-01 10:30:00,AHCO,10.6899995803833,10.6899995803833,10.725000381469727,10.6899995803833,10.720000267028809,2569.0
2024-03-01 10:30:00,AIRS,6.550000190734863,6.550000190734863,6.550000190734863,6.550000190734863,6.550000190734863,100.0
2024-03-01 10:30:00,AKAN,0.2538999915122986,0.2538999915122986,0.2538999915122986,0.25060001015663147,0.25110000371932983,8573.0
2024-03-01 10:30:00,AKBA,1.6502000093460083,1.6502000093460083,1.6549999713897705,1.6449999809265137,1.6449999809265137,8435.0
2024-03-01 10:30:00,AKRO,28.170000076293945,28.170000076293945,28.18000030517578,28.145000457763672,28.145000457763672,1430.0
2024-03-01 10:30:00,AKTX,2.299999952316284,2.299999952316284,2.299999952316284,2.299999952316284,2.299999952316284,201.0
2024-03-01 10:30:00,ALDX,4.125,4.125,4.139999866485596,4.109899997711182,4.109899997711182,11282.0
2024-03-01 10:30:00,ALEC,7.454999923706055,7.454999923706055,7.454999923706055,7.445000171661377,7.445000171661377,1605.0
2024-03-01 10:30:00,ALGN,299.07501220703125,299.07501220703125,299.07501220703125,298.6050109863281,298.6050109863281,1501.0
2024-03-01 10:30:00,ALHC,5.789999961853027,5.789999961853027,5.789999961853027,5.789999961853027,5.789999961853027,321.0
2024-03-01 10:30:00,ALKS,30.1299991607666,30.1299991607666,30.143999099731445,30.110000610351562,30.114999771118164,3034.0
2024-03-01 10:30:00,ALLK,1.5950000286102295,1.5950000286102295,1.600000023841858,1.5950000286102295,1.5950000286102295,3177.0
2024-03-01 10:30:00,ALLO,5.010000228881836,5.010000228881836,5.015999794006348,5.005000114440918,5.005000114440918,5347.0
2024-03-01 10:30:00,ALNY,153.83399963378906,153.83399963378906,153.83399963378906,153.5800018310547,153.5800018310547,908.0
2024-03-01 10:30:00,ALPN,36.22999954223633,36.22999954223633,36.289100646972656,36.22999954223633,36.27000045776367,11519.0
2024-03-01 10:30:00,ALT,12.25,12.25,12.270000457763672,12.230899810791016,12.230899810791016,3444.0
2024-03-01 10:30:00,ALVO,15.664999961853027,15.664999961853027,15.664999961853027,15.664999961853027,15.664999961853027,100.0
2024-03-01 10:30:00,ALXO,14.90999984741211,14.90999984741211,14.90999984741211,14.90999984741211,14.90999984741211,173.0
2024-03-01 10:30:00,AMGN,280.8399963378906,280.8399963378906,280.8399963378906,280.45001220703125,280.6700134277344,10608.0
2024-03-01 10:30:00,AMLX,18.940000534057617,18.940000534057617,18.950000762939453,18.940000534057617,18.940000534057617,3542.0
2024-03-01 10:30:00,AMPH,45.83000183105469,45.83000183105469,45.939998626708984,45.83000183105469,45.939998626708984,659.0
2024-03-01 10:30:00,AMRN,1.024999976158142,1.024999976158142,1.024999976158142,1.024999976158142,1.024999976158142,276.0
2024-03-01 10:30:00,ANGO,5.409999847412109,5.409999847412109,5.409999847412109,5.385000228881836,5.385000228881836,2903.0
2024-03-01 10:30:00,ANIP,68.30000305175781,68.30000305175781,68.30000305175781,68.30000305175781,68.30000305175781,2361.0
2024-03-01 10:30:00,ANNX,5.900000095367432,5.900000095367432,5.90500020980835,5.900000095367432,5.90500020980835,2101.0
2024-03-01 10:30:00,APLS,63.459999084472656,63.459999084472656,63.66299819946289,63.41999816894531,63.54999923706055,3845.0
2024-03-01 10:30:00,APLT,7.394999980926514,7.394999980926514,7.394999980926514,7.375,7.375,1684.0
2024-03-01 10:30:00,APVO,0.1662999987602234,0.1662999987602234,0.1664000004529953,0.16519999504089355,0.1664000004529953,19678.0
2024-03-01 10:30:00,AQST,4.235000133514404,4.235000133514404,4.235000133514404,4.210000038146973,4.210000038146973,13376.0
2024-03-01 10:30:00,ARAY,2.625,2.625,2.640000104904175,2.619999885559082,2.634999990463257,10156.0
2024-03-01 10:30:00,ARCT,40.209999084472656,40.209999084472656,40.25,40.18000030517578,40.18000030517578,1526.0
2024-03-01 10:30:00,ARDX,9.654999732971191,9.654999732971191,9.684000015258789,9.649999618530273,9.65999984741211,6285.0
2024-03-01 10:30:00,ARGX,384.93499755859375,384.93499755859375,385.17999267578125,384.93499755859375,385.1000061035156,1331.0
2024-03-01 10:30:00,ARQT,11.010000228881836,11.010000228881836,11.050000190734863,10.985400199890137,11.024999618530273,16029.0
2024-03-01 10:30:00,ARVN,50.91999816894531,50.91999816894531,50.9900016784668,50.91999816894531,50.959999084472656,2131.0
2024-03-01 10:30:00,ARWR,35.10499954223633,35.10499954223633,35.11000061035156,34.970001220703125,34.970001220703125,8968.0
2024-03-01 10:30:00,ASLN,0.8399999737739563,0.8399999737739563,0.8399999737739563,0.8299999833106995,0.8299999833106995,2437.0
2024-03-01 10:30:00,ASND,149.1999969482422,149.1999969482422,149.1999969482422,149.19000244140625,149.19000244140625,599.0
2024-03-01 10:30:00,ASRT,0.9291999936103821,0.9291999936103821,0.9291999936103821,0.9291999936103821,0.9291999936103821,129.0
2024-03-01 10:30:00,ATAI,1.9763000011444092,1.9763000011444092,1.9800000190734863,1.9763000011444092,1.9800000190734863,309.0
2024-03-01 10:30:00,ATEC,13.329999923706055,13.329999923706055,13.335000038146973,13.3100004196167,13.3100004196167,2244.0
2024-03-01 10:30:00,ATRA,0.8201000094413757,0.8201000094413757,0.8201000094413757,0.8102999925613403,0.8148999810218811,19969.0
2024-03-01 10:30:00,ATRC,35.560001373291016,35.560001373291016,35.56999969482422,35.540000915527344,35.54999923706055,690.0
2024-03-01 10:30:00,ATXS,15.229999542236328,15.229999542236328,15.229999542236328,15.119999885559082,15.119999885559082,1157.0
2024-03-01 10:30:00,AUPH,5.78000020980835,5.78000020980835,5.785999774932861,5.769999980926514,5.769999980926514,3261.0
2024-03-01 10:30:00,AVTE,22.450000762939453,22.450000762939453,22.600000381469727,22.420000076293945,22.420000076293945,2089.0
2024-03-01 10:30:00,AWH,4.130000114440918,4.130000114440918,4.130000114440918,4.130000114440918,4.130000114440918,110.0
2024-03-01 10:30:00,AXGN,10.510000228881836,10.510000228881836,10.510000228881836,10.5,10.510000228881836,305.0
2024-03-01 10:30:00,AXNX,67.62999725341797,67.62999725341797,67.6500015258789,67.61000061035156,67.61000061035156,3436.0
2024-03-01 10:30:00,AXSM,83.52999877929688,83.52999877929688,83.63500213623047,83.51000213623047,83.51000213623047,1532.0
2024-03-01 10:30:00,AZN,64.61499786376953,64.61499786376953,64.62999725341797,64.5999984741211,64.625,4019.0
2024-03-01 10:30:00,AZTA,66.23999786376953,66.23999786376953,66.23999786376953,66.0999984741211,66.11000061035156,2385.0
2024-03-01 10:30:00,BBIO,36.15999984741211,36.15999984741211,36.29499816894531,36.15999984741211,36.290000915527344,4398.0
2024-03-01 10:30:00,BBLG,2.500699996948242,2.500699996948242,2.500699996948242,2.500699996948242,2.500699996948242,200.0
2024-03-01 10:30:00,BCAB,2.814199924468994,2.814199924468994,2.814199924468994,2.814199924468994,2.814199924468994,523.0
2024-03-01 10:30:00,BCLI,0.35670000314712524,0.35670000314712524,0.35670000314712524,0.35510000586509705,0.35510000586509705,4500.0
2024-03-01 10:30:00,BCRX,5.789999961853027,5.789999961853027,5.789999961853027,5.764999866485596,5.764999866485596,2918.0
2024-03-01 10:30:00,BDTX,5.289999961853027,5.289999961853027,5.300000190734863,5.289999961853027,5.295000076293945,484.0
2024-03-01 10:30:00,BEAM,41.151100158691406,41.151100158691406,41.189998626708984,41.08000183105469,41.13999938964844,6520.0
2024-03-01 10:30:00,BGNE,166.1999969482422,166.1999969482422,166.4550018310547,166.1999969482422,166.2899932861328,600.0
2024-03-01 10:30:00,BIIB,219.97000122070312,219.97000122070312,219.97000122070312,219.8509063720703,219.8509063720703,1781.0
2024-03-01 10:30:00,BIOL,0.1378999948501587,0.1378999948501587,0.1378999948501587,0.1378999948501587,0.1378999948501587,9010.0
2024-03-01 10:30:00,BIVI,2.67930006980896,2.67930006980896,2.690000057220459,2.619999885559082,2.630000114440918,103140.0
2024-03-01 10:30:00,BLFS,17.739999771118164,17.739999771118164,17.81999969482422,17.739999771118164,17.7450008392334,4280.0
2024-03-01 10:30:00,BLPH,0.05268999934196472,0.05268999934196472,0.05268999934196472,0.05268999934196472,0.05268999934196472,300.0
2024-03-01 10:30:00,BLUE,1.6298999786376953,1.6298999786376953,1.6299999952316284,1.6100000143051147,1.6200000047683716,13181.0
2024-03-01 10:30:00,BMEA,17.56999969482422,17.56999969482422,17.6200008392334,17.540000915527344,17.540000915527344,3010.0
2024-03-01 10:30:00,BMRN,86.52999877929688,86.52999877929688,86.54499816894531,86.51000213623047,86.53500366210938,1400.0
2024-03-01 10:30:00,BNGO,1.2582999467849731,1.2582999467849731,1.2582999467849731,1.2582999467849731,1.2582999467849731,400.0
2024-03-01 10:30:00,BNR,0.8600999712944031,0.8600999712944031,0.8600999712944031,0.8600999712944031,0.8600999712944031,100.0
2024-03-01 10:30:00,BNTC,5.1479997634887695,5.1479997634887695,5.1479997634887695,5.110000133514404,5.139999866485596,500.0
2024-03-01 10:30:00,BNTX,91.06500244140625,91.06500244140625,91.06999969482422,90.8499984741211,90.8499984741211,1821.0
2024-03-01 10:30:00,BPMC,98.0250015258789,98.0250015258789,98.05999755859375,98.0,98.05999755859375,875.0
2024-03-01 10:30:00,BRKR,87.73999786376953,87.73999786376953,87.7750015258789,87.7300033569336,87.7750015258789,1803.0
2024-03-01 10:30:00,BWAY,6.640500068664551,6.640500068664551,6.640699863433838,6.640500068664551,6.640699863433838,2650.0
2024-03-01 10:30:00,CABA,24.209999084472656,24.209999084472656,24.209999084472656,24.209999084472656,24.209999084472656,572.0
2024-03-01 10:30:00,CAPR,4.59119987487793,4.59119987487793,4.59119987487793,4.59119987487793,4.59119987487793,235.0
2024-03-01 10:30:00,CARA,0.8799999952316284,0.8799999952316284,0.8799999952316284,0.8799999952316284,0.8799999952316284,741.0
2024-03-01 10:30:00,CASI,5.5,5.5,5.5,5.5,5.5,1188.0
2024-03-01 10:30:00,CBAY,32.22999954223633,32.22999954223633,32.2400016784668,32.22999954223633,32.23749923706055,4959.0
2024-03-01 10:30:00,CCCC,11.029999732971191,11.029999732971191,11.050000190734863,11.0,11.0,8877.0
2024-03-01 10:30:00,CCRN,17.9950008392334,17.9950008392334,17.9950008392334,17.989999771118164,17.989999771118164,652.0
2024-03-01 10:30:00,CDMO,7.889999866485596,7.889999866485596,7.889999866485596,7.889999866485596,7.889999866485596,236.0
2024-03-01 10:30:00,CDNA,12.3100004196167,12.3100004196167,12.359999656677246,12.260000228881836,12.359999656677246,13613.0
2024-03-01 10:30:00,CDXS,4.244999885559082,4.244999885559082,4.25,4.244999885559082,4.248799800872803,917.0
2024-03-01 10:30:00,CELUW,0.03999999910593033,0.03999999910593033,0.03999999910593033,0.03999999910593033,0.03999999910593033,0.0
2024-03-01 10:30:00,CERE,41.22999954223633,41.22999954223633,41.255001068115234,41.22999954223633,41.2400016784668,2507.0
2024-03-01 10:30:00,CERT,17.799999237060547,17.799999237060547,17.81999969482422,17.799999237060547,17.81999969482422,561.0
2024-03-01 10:30:00,CGC,3.2200000286102295,3.2200000286102295,3.2249999046325684,3.2100000381469727,3.2100000381469727,5180.0
2024-03-01 10:30:00,CGEM,19.104999542236328,19.104999542236328,19.104999542236328,19.06999969482422,19.06999969482422,315.0
2024-03-01 10:30:00,CGEN,2.684999942779541,2.684999942779541,2.6898999214172363,2.674999952316284,2.674999952316284,1194.0
2024-03-01 10:30:00,CHRS,2.329900026321411,2.329900026321411,2.329900026321411,2.325000047683716,2.325000047683716,1300.0
2024-03-01 10:30:00,CING,1.2699999809265137,1.2699999809265137,1.2699999809265137,1.2699999809265137,1.2699999809265137,412.0
2024-03-01 10:30:00,CKPT,2.1600000858306885,2.1600000858306885,2.1600000858306885,2.1600000858306885,2.1600000858306885,1000.0
2024-03-01 10:30:00,CLDX,51.849998474121094,51.849998474121094,51.8650016784668,51.7400016784668,51.7400016784668,1825.0
2024-03-01 10:30:00,CLNN,0.39309999346733093,0.39309999346733093,0.39309999346733093,0.39309999346733093,0.39309999346733093,0.0
2024-03-01 10:30:00,CLOV,0.8694999814033508,0.8694999814033508,0.8695999979972839,0.8694000244140625,0.8694000244140625,154934.0
2024-03-01 10:30:00,CLPT,6.53000020980835,6.53000020980835,6.53000020980835,6.510000228881836,6.510000228881836,522.0
2024-03-01 10:30:00,CLSD,1.4049999713897705,1.4049999713897705,1.4049999713897705,1.4049999713897705,1.4049999713897705,1582.0
2024-03-01 10:30:00,CMPX,1.894700050354004,1.894700050354004,1.894700050354004,1.894700050354004,1.894700050354004,7164.0
2024-03-01 10:30:00,CMRX,1.149899959564209,1.149899959564209,1.149899959564209,1.1399999856948853,1.1399999856948853,0.0
2024-03-01 10:30:00,CNSP,0.3098999857902527,0.3098999857902527,0.3098999857902527,0.30979999899864197,0.3098999857902527,0.0
2024-03-01 10:30:00,CNTX,1.149999976158142,1.149999976158142,1.149999976158142,1.149999976158142,1.149999976158142,201.0
2024-03-01 10:30:00,COGT,7.375,7.375,7.375,7.335000038146973,7.335000038146973,7468.0
2024-03-01 10:30:00,COLL,37.4010009765625,37.4010009765625,37.4010009765625,37.4010009765625,37.4010009765625,169.0
2024-03-01 10:30:00,CORT,23.790000915527344,23.790000915527344,23.81999969482422,23.790000915527344,23.81999969482422,568.0
2024-03-01 10:30:00,CPRX,17.020000457763672,17.020000457763672,17.040000915527344,16.985000610351562,16.989999771118164,28423.0
2024-03-01 10:30:00,CRBP,31.71500015258789,31.71500015258789,31.71500015258789,31.5,31.600000381469727,479.0
2024-03-01 10:30:00,CRBU,8.09000015258789,8.09000015258789,8.099900245666504,8.0600004196167,8.0600004196167,2876.0
2024-03-01 10:30:00,CRDF,2.490000009536743,2.490000009536743,2.5701000690460205,2.490000009536743,2.5450000762939453,196740.0
2024-03-01 10:30:00,CRDL,1.985200047492981,1.985200047492981,1.9853999614715576,1.985200047492981,1.9853999614715576,660.0
2024-03-01 10:30:00,CRMD,3.6700000762939453,3.6700000762939453,3.6700000762939453,3.6700000762939453,3.6700000762939453,856.0
2024-03-01 10:30:00,CRNX,45.19499969482422,45.19499969482422,45.19499969482422,45.130001068115234,45.154998779296875,898.0
2024-03-01 10:30:00,CRON,2.0415000915527344,2.0415000915527344,2.0415000915527344,2.0415000915527344,2.0415000915527344,1692.0
2024-03-01 10:30:00,CRSP,86.82499694824219,86.82499694824219,86.91000366210938,86.79000091552734,86.8499984741211,2620.0
2024-03-01 10:30:00,CSTL,19.8700008392334,19.8700008392334,19.8700008392334,19.829999923706055,19.829999923706055,574.0
2024-03-01 10:30:00,CTKB,8.039999961853027,8.039999961853027,8.039999961853027,8.039999961853027,8.039999961853027,500.0
2024-03-01 10:30:00,CTMX,2.486599922180176,2.486599922180176,2.486599922180176,2.486599922180176,2.486599922180176,503.0
2024-03-01 10:30:00,CUE,2.128999948501587,2.128999948501587,2.128999948501587,2.128999948501587,2.128999948501587,898.0
2024-03-01 10:30:00,CUTR,2.3399999141693115,2.3399999141693115,2.3399999141693115,2.3299999237060547,2.3299999237060547,451.0
2024-03-01 10:30:00,CVAC,3.490000009536743,3.490000009536743,3.494999885559082,3.490000009536743,3.494999885559082,1401.0
2024-03-01 10:30:00,CYTK,74.43000030517578,74.43000030517578,74.66999816894531,74.43000030517578,74.64959716796875,4211.0
2024-03-01 10:30:00,DAWN,17.020000457763672,17.020000457763672,17.020000457763672,17.020000457763672,17.020000457763672,204.0
2024-03-01 10:30:00,DCGO,4.110000133514404,4.110000133514404,4.110000133514404,4.105000019073486,4.105000019073486,0.0
2024-03-01 10:30:00,DCPH,17.03499984741211,17.03499984741211,17.05500030517578,17.030000686645508,17.05500030517578,1838.0
2024-03-01 10:30:00,DH,9.15999984741211,9.15999984741211,9.166000366210938,9.154999732971191,9.154999732971191,530.0
2024-03-01 10:30:00,DMTK,0.8899999856948853,0.8899999856948853,0.8967000246047974,0.8622999787330627,0.8622999787330627,5958.0
2024-03-01 10:30:00,DNLI,20.850000381469727,20.850000381469727,20.875,20.81999969482422,20.81999969482422,3263.0
2024-03-01 10:30:00,DSGN,2.869999885559082,2.869999885559082,2.869999885559082,2.869999885559082,2.869999885559082,109.0
2024-03-01 10:30:00,DTIL,13.0,13.0,13.0,12.829999923706055,12.829999923706055,464.0
2024-03-01 10:30:00,DVAX,12.744999885559082,12.744999885559082,12.75,12.739999771118164,12.744999885559082,1627.0
2024-03-01 10:30:00,DXCM,117.62000274658203,117.62000274658203,117.62000274658203,117.37999725341797,117.37999725341797,9711.0
2024-03-01 10:30:00,DYN,30.110000610351562,30.110000610351562,30.110000610351562,29.950000762939453,29.950000762939453,2456.0
2024-03-01 10:30:00,EDAP,6.463799953460693,6.463799953460693,6.463799953460693,6.463799953460693,6.463799953460693,677.0
2024-03-01 10:30:00,EDIT,10.910099983215332,10.910099983215332,10.989999771118164,10.910099983215332,10.989999771118164,14988.0
2024-03-01 10:30:00,EFTR,14.419300079345703,14.419300079345703,14.419300079345703,14.419300079345703,14.419300079345703,3211.0
2024-03-01 10:30:00,EGRX,6.425000190734863,6.425000190734863,6.425000190734863,6.425000190734863,6.425000190734863,1600.0
2024-03-01 10:30:00,ELEV,4.980000019073486,4.980000019073486,4.980000019073486,4.940000057220459,4.960000038146973,1415.0
2024-03-01 10:30:00,EMBC,14.486000061035156,14.486000061035156,14.486000061035156,14.486000061035156,14.486000061035156,460.0
2024-03-01 10:30:00,ENSC,0.9150000214576721,0.9150000214576721,0.9150000214576721,0.9150000214576721,0.9150000214576721,403.0
2024-03-01 10:30:00,ENSG,124.58000183105469,124.58000183105469,124.58000183105469,124.37000274658203,124.37000274658203,515.0
2024-03-01 10:30:00,ENTA,14.920000076293945,14.920000076293945,14.955300331115723,14.920000076293945,14.9399995803833,494.0
2024-03-01 10:30:00,ENVB,1.6500999927520752,1.6500999927520752,1.6699999570846558,1.6407999992370605,1.6449999809265137,30159.0
2024-03-01 10:30:00,EOLS,14.710000038146973,14.710000038146973,14.720000267028809,14.670000076293945,14.699999809265137,52085.0
2024-03-01 10:30:00,ERAS,2.5,2.5,2.5199999809265137,2.4811999797821045,2.4811999797821045,15777.0
2024-03-01 10:30:00,ESPR,2.509999990463257,2.509999990463257,2.509999990463257,2.5,2.505000114440918,1594.0
2024-03-01 10:30:00,ESTA,45.55500030517578,45.55500030517578,45.55500030517578,45.55500030517578,45.55500030517578,202.0
2024-03-01 10:30:00,ETNB,12.873600006103516,12.873600006103516,12.90999984741211,12.84000015258789,12.84000015258789,8302.0
2024-03-01 10:30:00,EVGN,0.9125999808311462,0.9125999808311462,0.9125999808311462,0.9125999808311462,0.9125999808311462,6038.0
2024-03-01 10:30:00,EVO,7.434999942779541,7.434999942779541,7.440000057220459,7.434999942779541,7.440000057220459,308.0
2024-03-01 10:30:00,EWTX,16.780000686645508,16.780000686645508,16.783000946044922,16.780000686645508,16.780000686645508,833.0
2024-03-01 10:30:00,EXAI,6.680099964141846,6.680099964141846,6.699999809265137,6.680099964141846,6.699999809265137,3349.0
2024-03-01 10:30:00,EXAS,59.974998474121094,59.974998474121094,59.97999954223633,59.91999816894531,59.939998626708984,5387.0
2024-03-01 10:30:00,EXEL,22.46500015258789,22.46500015258789,22.489999771118164,22.46500015258789,22.489999771118164,2166.0
2024-03-01 10:30:00,EYEN,2.1298999786376953,2.1298999786376953,2.1298999786376953,2.125,2.129300117492676,1212.0
2024-03-01 10:30:00,EYPT,28.65999984741211,28.65999984741211,28.727500915527344,28.65999984741211,28.690000534057617,2318.0
2024-03-01 10:30:00,FATE,7.489999771118164,7.489999771118164,7.505000114440918,7.480000019073486,7.480000019073486,2700.0
2024-03-01 10:30:00,FBIO,2.200000047683716,2.200000047683716,2.2200000286102295,2.200000047683716,2.2160000801086426,1956.0
2024-03-01 10:30:00,FDMT,29.770000457763672,29.770000457763672,29.770000457763672,29.7450008392334,29.7450008392334,946.0
2024-03-01 10:30:00,FGEN,1.715000033378601,1.715000033378601,1.7200000286102295,1.715000033378601,1.715000033378601,2867.0
2024-03-01 10:30:00,FIXX,0.9377999901771545,0.9377999901771545,0.9377999901771545,0.9377999901771545,0.9377999901771545,200.0
2024-03-01 10:30:00,FLGT,23.030000686645508,23.030000686645508,23.030000686645508,22.979999542236328,22.989999771118164,2434.0
2024-03-01 10:30:00,FOLD,13.520000457763672,13.520000457763672,13.529999732971191,13.515000343322754,13.515000343322754,1024.0
2024-03-01 10:30:00,FULC,10.680000305175781,10.680000305175781,10.6899995803833,10.664999961853027,10.664999961853027,1083.0
2024-03-01 10:30:00,FUSN,12.239999771118164,12.239999771118164,12.25,12.232000350952148,12.25,1098.0
2024-03-01 10:30:00,GBIO,2.484999895095825,2.484999895095825,2.484999895095825,2.484999895095825,2.484999895095825,100.0
2024-03-01 10:30:00,GDRX,8.28969955444336,8.28969955444336,8.300000190734863,8.281999588012695,8.292499542236328,9886.0
2024-03-01 10:30:00,GERN,2.109999895095825,2.109999895095825,2.119999885559082,2.1050000190734863,2.115000009536743,9542.0
2024-03-01 10:30:00,GH,19.280000686645508,19.280000686645508,19.280000686645508,19.239999771118164,19.239999771118164,868.0
2024-03-01 10:30:00,GILD,72.61000061035156,72.61000061035156,72.65499877929688,72.58999633789062,72.63500213623047,6996.0
2024-03-01 10:30:00,GMAB,29.040000915527344,29.040000915527344,29.079999923706055,29.040000915527344,29.06999969482422,1201.0
2024-03-01 10:30:00,GMDA,0.3781999945640564,0.3781999945640564,0.3781999945640564,0.3781999945640564,0.3781999945640564,1260.0
2024-03-01 10:30:00,GOSS,1.3600000143051147,1.3600000143051147,1.3650000095367432,1.3600000143051147,1.3600000143051147,0.0
2024-03-01 10:30:00,GRFS,6.989999771118164,6.989999771118164,6.989999771118164,6.96999979019165,6.96999979019165,3379.0
2024-03-01 10:30:00,GRTS,2.1278998851776123,2.1278998851776123,2.1278998851776123,2.115000009536743,2.119999885559082,5776.0
2024-03-01 10:30:00,GRTX,0.23469999432563782,0.23469999432563782,0.23469999432563782,0.23469999432563782,0.23469999432563782,1202.0
2024-03-01 10:30:00,GTHX,3.5,3.5,3.5,3.484999895095825,3.490000009536743,2790.0
2024-03-01 10:30:00,HALO,41.2400016784668,41.2400016784668,41.27000045776367,41.20000076293945,41.20000076293945,1733.0
2024-03-01 10:30:00,HARP,22.940000534057617,22.940000534057617,22.950000762939453,22.940000534057617,22.940000534057617,304.0
2024-03-01 10:30:00,HCAT,8.020000457763672,8.020000457763672,8.03499984741211,8.020000457763672,8.020000457763672,2609.0
2024-03-01 10:30:00,HCM,15.364999771118164,15.364999771118164,15.364999771118164,15.364999771118164,15.364999771118164,200.0
2024-03-01 10:30:00,HCSG,12.710000038146973,12.710000038146973,12.710000038146973,12.704999923706055,12.704999923706055,387.0
2024-03-01 10:30:00,HCTI,2.450000047683716,2.450000047683716,2.4700000286102295,2.450000047683716,2.4600000381469727,5114.0
2024-03-01 10:30:00,HLVX,18.850000381469727,18.850000381469727,18.850000381469727,18.850000381469727,18.850000381469727,172.0
2024-03-01 10:30:00,HOLX,73.9000015258789,73.9000015258789,73.91500091552734,73.8499984741211,73.8499984741211,1440.0
2024-03-01 10:30:00,HOWL,6.958000183105469,6.958000183105469,6.958000183105469,6.958000183105469,6.958000183105469,788.0
2024-03-01 10:30:00,HQY,82.41000366210938,82.41000366210938,82.41000366210938,82.16999816894531,82.16999816894531,3658.0
2024-03-01 10:30:00,HRMY,31.540000915527344,31.540000915527344,31.540000915527344,31.53499984741211,31.53499984741211,282.0
2024-03-01 10:30:00,HRTX,2.6500000953674316,2.6500000953674316,2.6589999198913574,2.630000114440918,2.6500000953674316,29679.0
2024-03-01 10:30:00,HSCS,0.11720000207424164,0.11720000207424164,0.11720000207424164,0.11720000207424164,0.11720000207424164,2000.0
2024-03-01 10:30:00,HSIC,77.3219985961914,77.3219985961914,77.3499984741211,77.30000305175781,77.30000305175781,953.0
2024-03-01 10:30:00,HSTM,27.665000915527344,27.665000915527344,27.665000915527344,27.665000915527344,27.665000915527344,118.0
2024-03-01 10:30:00,HUMA,3.180999994277954,3.180999994277954,3.190000057220459,3.180000066757202,3.184999942779541,10320.0
2024-03-01 10:30:00,IART,36.85499954223633,36.85499954223633,36.869998931884766,36.834999084472656,36.84000015258789,1909.0
2024-03-01 10:30:00,IBRX,4.809999942779541,4.809999942779541,4.824999809265137,4.804999828338623,4.804999828338623,2040.0
2024-03-01 10:30:00,ICLR,323.6050109863281,323.6050109863281,323.9200134277344,323.0299987792969,323.0299987792969,11555.0
2024-03-01 10:30:00,ICUI,106.28500366210938,106.28500366210938,106.28500366210938,106.28500366210938,106.28500366210938,420.0
2024-03-01 10:30:00,IDXX,572.989990234375,572.989990234375,572.989990234375,572.989990234375,572.989990234375,204.0
2024-03-01 10:30:00,IDYA,46.25,46.25,46.25,46.220001220703125,46.220001220703125,611.0
2024-03-01 10:30:00,IGMS,13.739999771118164,13.739999771118164,13.770000457763672,13.739999771118164,13.770000457763672,272.0
2024-03-01 10:30:00,IINN,1.6399999856948853,1.6399999856948853,1.6399999856948853,1.6399999856948853,1.6399999856948853,257.0
2024-03-01 10:30:00,IKT,2.1500000953674316,2.1500000953674316,2.1712000370025635,2.1500000953674316,2.1700000762939453,2304.0
2024-03-01 10:30:00,ILMN,140.33999633789062,140.33999633789062,140.4600067138672,140.08999633789062,140.08999633789062,3821.0
2024-03-01 10:30:00,IMAB,1.8550000190734863,1.8550000190734863,1.8550000190734863,1.8550000190734863,1.8550000190734863,272.0
2024-03-01 10:30:00,IMNM,25.114999771118164,25.114999771118164,25.135000228881836,25.079999923706055,25.09000015258789,1768.0
2024-03-01 10:30:00,IMTX,12.989999771118164,12.989999771118164,12.989999771118164,12.989999771118164,12.989999771118164,140.0
2024-03-01 10:30:00,IMUX,1.5199999809265137,1.5199999809265137,1.5199999809265137,1.5199999809265137,1.5199999809265137,299.0
2024-03-01 10:30:00,IMVT,36.43000030517578,36.43000030517578,36.45000076293945,36.400001525878906,36.400001525878906,1883.0
2024-03-01 10:30:00,INBX,36.856998443603516,36.856998443603516,36.856998443603516,36.849998474121094,36.849998474121094,138.0
2024-03-01 10:30:00,INCY,59.04999923706055,59.04999923706055,59.08000183105469,59.040000915527344,59.08000183105469,3115.0
2024-03-01 10:30:00,INGN,6.690000057220459,6.690000057220459,6.690000057220459,6.679999828338623,6.679999828338623,621.0
2024-03-01 10:30:00,INMD,22.634000778198242,22.634000778198242,22.63599967956543,22.625,22.625,1494.0
2024-03-01 10:30:00,INSM,28.469999313354492,28.469999313354492,28.485000610351562,28.450000762939453,28.479999542236328,1493.0
2024-03-01 10:30:00,INVA,15.529999732971191,15.529999732971191,15.529999732971191,15.46500015258789,15.46500015258789,4035.0
2024-03-01 10:30:00,IONS,45.744998931884766,45.744998931884766,45.779998779296875,45.73500061035156,45.73500061035156,824.0
2024-03-01 10:30:00,IOVA,16.670000076293945,16.670000076293945,16.700000762939453,16.655000686645508,16.700000762939453,12020.0
2024-03-01 10:30:00,IRWD,8.975000381469727,8.975000381469727,9.0,8.96500015258789,9.0,17442.0
2024-03-01 10:30:00,ISPC,0.45899999141693115,0.45899999141693115,0.45899999141693115,0.45899999141693115,0.45899999141693115,200.0
2024-03-01 10:30:00,ISRG,388.8399963378906,388.8399963378906,389.42999267578125,388.7900085449219,388.7900085449219,9589.0
2024-03-01 10:30:00,ITCI,71.78900146484375,71.78900146484375,71.79000091552734,71.78500366210938,71.79000091552734,1339.0
2024-03-01 10:30:00,ITOS,10.760000228881836,10.760000228881836,10.760000228881836,10.75,10.75,347.0
2024-03-01 10:30:00,IXHL,5.349999904632568,5.349999904632568,5.349999904632568,5.349999904632568,5.349999904632568,183.0
2024-03-01 10:30:00,JAGX,0.08449999988079071,0.08449999988079071,0.08739999681711197,0.08309999853372574,0.08739999681711197,2049553.0
2024-03-01 10:30:00,JANX,46.2599983215332,46.2599983215332,46.290000915527344,46.2599983215332,46.290000915527344,1043.0
2024-03-01 10:30:00,JYNT,9.960000038146973,9.960000038146973,9.960000038146973,9.960000038146973,9.960000038146973,122.0
2024-03-01 10:30:00,KALV,14.015000343322754,14.015000343322754,14.015000343322754,14.0,14.0,355.0
2024-03-01 10:30:00,KNSA,21.90999984741211,21.90999984741211,21.920000076293945,21.899999618530273,21.899999618530273,905.0
2024-03-01 10:30:00,KOD,6.03000020980835,6.03000020980835,6.03000020980835,6.03000020980835,6.03000020980835,462.0
2024-03-01 10:30:00,KPTI,1.1799999475479126,1.1799999475479126,1.1799999475479126,1.1699999570846558,1.1749999523162842,910.0
2024-03-01 10:30:00,KRBP,2.5,2.5,2.5,2.5,2.5,0.0
2024-03-01 10:30:00,KRYS,168.66000366210938,168.66000366210938,168.66000366210938,167.95069885253906,167.99000549316406,821.0
2024-03-01 10:30:00,KTRA,0.10100000351667404,0.10100000351667404,0.1023000031709671,0.10100000351667404,0.1023000031709671,0.0
2024-03-01 10:30:00,KZR,1.1150000095367432,1.1150000095367432,1.1150000095367432,1.1100000143051147,1.1100000143051147,5254.0
2024-03-01 10:30:00,LBPH,22.014999389648438,22.014999389648438,22.309999465942383,22.014999389648438,22.309999465942383,1323.0
2024-03-01 10:30:00,LEXX,2.569999933242798,2.569999933242798,2.569999933242798,2.569999933242798,2.569999933242798,1106.0
2024-03-01 10:30:00,LFST,8.0,8.0,8.015000343322754,8.0,8.015000343322754,4905.0
2024-03-01 10:30:00,LIVN,54.880001068115234,54.880001068115234,54.880001068115234,54.79499816894531,54.79499816894531,755.0
2024-03-01 10:30:00,LMAT,67.72000122070312,67.72000122070312,68.38500213623047,67.62000274658203,68.37000274658203,11088.0
2024-03-01 10:30:00,LNTH,65.62000274658203,65.62000274658203,65.6500015258789,65.51000213623047,65.51000213623047,3983.0
2024-03-01 10:30:00,LQDA,14.449999809265137,14.449999809265137,14.460000038146973,14.449999809265137,14.460000038146973,1631.0
2024-03-01 10:30:00,LRMR,11.279999732971191,11.279999732971191,11.350000381469727,11.279999732971191,11.350000381469727,1025.0
2024-03-01 10:30:00,LVTX,3.050600051879883,3.050600051879883,3.059999942779541,3.050600051879883,3.059999942779541,0.0
2024-03-01 10:30:00,LXRX,2.430000066757202,2.430000066757202,2.440000057220459,2.430000066757202,2.4398999214172363,895.0
2024-03-01 10:30:00,LYEL,3.109999895095825,3.109999895095825,3.115000009536743,3.109999895095825,3.115000009536743,613.0
2024-03-01 10:30:00,MACK,14.74899959564209,14.74899959564209,14.74899959564209,14.74899959564209,14.74899959564209,515.0
2024-03-01 10:30:00,MASI,127.05999755859375,127.05999755859375,127.05999755859375,127.05999755859375,127.05999755859375,843.0
2024-03-01 10:30:00,MASS,7.170000076293945,7.170000076293945,7.179999828338623,7.170000076293945,7.179999828338623,894.0
2024-03-01 10:30:00,MCRB,1.1898000240325928,1.1898000240325928,1.190000057220459,1.187999963760376,1.187999963760376,2853.0
2024-03-01 10:30:00,MDGL,244.41000366210938,244.41000366210938,244.41000366210938,243.52000427246094,243.52000427246094,793.0
2024-03-01 10:30:00,MDRX,5.980000019073486,5.980000019073486,5.980000019073486,5.849999904632568,5.980000019073486,32194.0
2024-03-01 10:30:00,MDXH,3.630000114440918,3.630000114440918,3.630000114440918,3.630000114440918,3.630000114440918,600.0
2024-03-01 10:30:00,ME,0.5746999979019165,0.5746999979019165,0.574999988079071,0.574400007724762,0.574400007724762,2500.0
2024-03-01 10:30:00,MEDP,400.2200012207031,400.2200012207031,400.2200012207031,400.2200012207031,400.2200012207031,233.0
2024-03-01 10:30:00,MGNX,19.245100021362305,19.245100021362305,19.25,19.21500015258789,19.223499298095703,3013.0
2024-03-01 10:30:00,MIRM,29.325000762939453,29.325000762939453,29.325000762939453,29.299999237060547,29.30500030517578,484.0
2024-03-01 10:30:00,MLTX,52.15999984741211,52.15999984741211,52.15999984741211,51.939998626708984,52.020599365234375,8855.0
2024-03-01 10:30:00,MNKD,4.5,4.5,4.5,4.494999885559082,4.5,8204.0
2024-03-01 10:30:00,MNMD,5.871699810028076,5.871699810028076,5.871699810028076,5.871699810028076,5.871699810028076,249.0
2024-03-01 10:30:00,MNPR,0.7710000276565552,0.7710000276565552,0.7710000276565552,0.7710000276565552,0.7710000276565552,201.0
2024-03-01 10:30:00,MOR,17.680700302124023,17.680700302124023,17.680700302124023,17.680700302124023,17.680700302124023,295.0
2024-03-01 10:30:00,MORF,38.11000061035156,38.11000061035156,38.16999816894531,38.11000061035156,38.16999816894531,221.0
2024-03-01 10:30:00,MREO,3.884999990463257,3.884999990463257,3.884999990463257,3.875,3.875,2721.0
2024-03-01 10:30:00,MRNA,95.54000091552734,95.54000091552734,95.65499877929688,95.5199966430664,95.65499877929688,7637.0
2024-03-01 10:30:00,MRNS,9.75,9.75,9.75,9.75,9.75,81.0
2024-03-01 10:30:00,MRSN,5.920000076293945,5.920000076293945,5.929999828338623,5.869999885559082,5.869999885559082,14241.0
2024-03-01 10:30:00,MRUS,49.630001068115234,49.630001068115234,49.70500183105469,49.619998931884766,49.70000076293945,1072.0
2024-03-01 10:30:00,MRVI,7.800000190734863,7.800000190734863,7.800000190734863,7.784999847412109,7.784999847412109,1583.0
2024-03-01 10:30:00,MYGN,21.079999923706055,21.079999923706055,21.114999771118164,21.049999237060547,21.114999771118164,3119.0
2024-03-01 10:30:00,MYNZ,0.8604999780654907,0.8604999780654907,0.8608999848365784,0.8604999780654907,0.8608999848365784,2000.0
2024-03-01 10:30:00,NARI,45.77000045776367,45.77000045776367,45.77000045776367,45.4900016784668,45.56999969482422,3797.0
2024-03-01 10:30:00,NAUT,2.740000009536743,2.740000009536743,2.740000009536743,2.740000009536743,2.740000009536743,101.0
2024-03-01 10:30:00,NBIX,131.3000030517578,131.3000030517578,131.32000732421875,131.3000030517578,131.32000732421875,483.0
2024-03-01 10:30:00,NEO,16.07900047302246,16.07900047302246,16.079999923706055,16.07900047302246,16.079999923706055,504.0
2024-03-01 10:30:00,NEOG,17.06999969482422,17.06999969482422,17.06999969482422,17.049999237060547,17.049999237060547,1526.0
2024-03-01 10:30:00,NERV,2.5799999237060547,2.5799999237060547,2.5799999237060547,2.5601000785827637,2.569999933242798,4661.0
2024-03-01 10:30:00,NKTR,0.732699990272522,0.732699990272522,0.732699990272522,0.7278000116348267,0.7278000116348267,2364.0
2024-03-01 10:30:00,NKTX,12.279999732971191,12.279999732971191,12.289999961853027,12.279999732971191,12.289999961853027,312.0
2024-03-01 10:30:00,NNOX,11.039999961853027,11.039999961853027,11.039999961853027,10.989999771118164,10.989999771118164,4811.0
2024-03-01 10:30:00,NOTV,7.659999847412109,7.659999847412109,7.659999847412109,7.639999866485596,7.639999866485596,1407.0
2024-03-01 10:30:00,NRIX,13.149999618530273,13.149999618530273,13.1899995803833,13.149999618530273,13.1899995803833,1737.0
2024-03-01 10:30:00,NRSN,1.9800000190734863,1.9800000190734863,1.9800000190734863,1.969099998474121,1.969099998474121,0.0
2024-03-01 10:30:00,NRXP,0.43470001220703125,0.43470001220703125,0.43470001220703125,0.4300999939441681,0.4300999939441681,1606.0
2024-03-01 10:30:00,NTLA,33.86000061035156,33.86000061035156,33.9275016784668,33.86000061035156,33.875,8365.0
2024-03-01 10:30:00,NTRA,89.3550033569336,89.3550033569336,89.58999633789062,89.3550033569336,89.57499694824219,4279.0
2024-03-01 10:30:00,NVAX,5.065000057220459,5.065000057220459,5.070000171661377,5.039999961853027,5.039999961853027,30105.0
2024-03-01 10:30:00,NVCR,15.5600004196167,15.5600004196167,15.5600004196167,15.529999732971191,15.529999732971191,575.0
2024-03-01 10:30:00,NVCT,10.5,10.5,10.5,10.499899864196777,10.499899864196777,600.0
2024-03-01 10:30:00,NVOS,0.6155999898910522,0.6155999898910522,0.6155999898910522,0.6155999898910522,0.6155999898910522,2000.0
2024-03-01 10:30:00,NXTC,1.75,1.75,1.75,1.75,1.75,901.0
2024-03-01 10:30:00,OCGN,0.9358000159263611,0.9358000159263611,0.9358999729156494,0.9358000159263611,0.9358999729156494,24937.0
2024-03-01 10:30:00,OCUL,10.279999732971191,10.279999732971191,10.319299697875977,10.239999771118164,10.239999771118164,13931.0
2024-03-01 10:30:00,OCUP,2.5174999237060547,2.5174999237060547,2.5174999237060547,2.509999990463257,2.515000104904175,2458.0
2024-03-01 10:30:00,OFIX,12.98900032043457,12.98900032043457,12.989999771118164,12.979999542236328,12.989999771118164,726.0
2024-03-01 10:30:00,OGI,2.065000057220459,2.065000057220459,2.067500114440918,2.065000057220459,2.067500114440918,438.0
2024-03-01 10:30:00,OLK,22.55500030517578,22.55500030517578,22.55500030517578,22.549999237060547,22.549999237060547,247.0
2024-03-01 10:30:00,OLMA,12.720000267028809,12.720000267028809,12.800000190734863,12.720000267028809,12.779999732971191,1148.0
2024-03-01 10:30:00,OM,3.059999942779541,3.059999942779541,3.059999942779541,3.049999952316284,3.049999952316284,3559.0
2024-03-01 10:30:00,OMCL,26.43000030517578,26.43000030517578,26.43000030517578,26.40999984741211,26.420000076293945,1249.0
2024-03-01 10:30:00,OMER,4.739999771118164,4.739999771118164,4.75,4.739999771118164,4.744999885559082,2393.0
2024-03-01 10:30:00,OMGA,4.142000198364258,4.142000198364258,4.142000198364258,4.142000198364258,4.142000198364258,797.0
2024-03-01 10:30:00,ONCY,1.0999000072479248,1.0999000072479248,1.100000023841858,1.0999000072479248,1.100000023841858,2337.0
2024-03-01 10:31:00,AADI,1.9800000190734863,1.9800000190734863,1.9900000095367432,1.9800000190734863,1.9900000095367432,1009.0
2024-03-01 10:31:00,ABCL,5.135000228881836,5.135000228881836,5.150000095367432,5.131199836730957,5.150000095367432,2919.0
2024-03-01 10:31:00,ABEO,7.679999828338623,7.679999828338623,7.679999828338623,7.679999828338623,7.679999828338623,105.0
2024-03-01 10:31:00,ABOS,4.659999847412109,4.659999847412109,4.670000076293945,4.659999847412109,4.670000076293945,541.0
2024-03-01 10:31:00,ABSI,5.210700035095215,5.210700035095215,5.21999979019165,5.210000038146973,5.21999979019165,4194.0
2024-03-01 10:31:00,ABUS,2.7799999713897705,2.7799999713897705,2.7799999713897705,2.7750000953674316,2.7799999713897705,1745.0
2024-03-01 10:31:00,ABVC,1.1893999576568604,1.1893999576568604,1.1893999576568604,1.1893999576568604,1.1893999576568604,219.0
2024-03-01 10:31:00,ACAD,23.790000915527344,23.790000915527344,23.854999542236328,23.739999771118164,23.84000015258789,6269.0
2024-03-01 10:31:00,ACB,3.0399999618530273,3.0399999618530273,3.049999952316284,3.0399999618530273,3.049999952316284,549.0
2024-03-01 10:31:00,ACCD,10.300000190734863,10.300000190734863,10.3100004196167,10.270000457763672,10.3100004196167,1124.0
2024-03-01 10:31:00,ACET,2.3350000381469727,2.3350000381469727,2.3350000381469727,2.3350000381469727,2.3350000381469727,304.0
2024-03-01 10:31:00,ACHC,83.6500015258789,83.6500015258789,83.66999816894531,83.6500015258789,83.6500015258789,1156.0
2024-03-01 10:31:00,ACHL,1.350000023841858,1.350000023841858,1.350000023841858,1.350000023841858,1.350000023841858,139.0
2024-03-01 10:31:00,ACLX,69.0,69.0,69.17500305175781,69.0,69.12999725341797,1217.0
2024-03-01 10:31:00,ACON,0.38999998569488525,0.38999998569488525,0.38999998569488525,0.38999998569488525,0.38999998569488525,0.0
2024-03-01 10:31:00,ACRS,1.2300000190734863,1.2300000190734863,1.2300000190734863,1.2200000286102295,1.2200000286102295,2842.0
2024-03-01 10:31:00,ADIL,3.424999952316284,3.424999952316284,3.4909000396728516,3.359999895095825,3.4909000396728516,387968.0
2024-03-01 10:31:00,ADMA,5.389999866485596,5.389999866485596,5.389999866485596,5.380000114440918,5.385000228881836,1088.0
2024-03-01 10:31:00,ADPT,4.164999961853027,4.164999961853027,4.179999828338623,4.164999961853027,4.179999828338623,1262.0
2024-03-01 10:31:00,ADVM,1.940000057220459,1.940000057220459,1.9498000144958496,1.940000057220459,1.9470000267028809,2443.0
2024-03-01 10:31:00,AGEN,0.6722999811172485,0.6722999811172485,0.6736999750137329,0.670199990272522,0.670199990272522,2213.0
2024-03-01 10:31:00,AGIO,32.63999938964844,32.63999938964844,32.709999084472656,32.63999938964844,32.709999084472656,1598.0
2024-03-01 10:31:00,AHCO,10.65999984741211,10.65999984741211,10.6899995803833,10.649999618530273,10.6899995803833,1977.0
2024-03-01 10:31:00,AIRS,6.570000171661377,6.570000171661377,6.570000171661377,6.570000171661377,6.570000171661377,57.0
2024-03-01 10:31:00,AKAN,0.2535000145435333,0.2535000145435333,0.2549999952316284,0.2524999976158142,0.2524999976158142,3708.0
2024-03-01 10:31:00,AKBA,1.6503000259399414,1.6503000259399414,1.6598999500274658,1.6503000259399414,1.6598999500274658,0.0
2024-03-01 10:31:00,AKRO,28.139999389648438,28.139999389648438,28.21500015258789,28.1200008392334,28.174999237060547,1824.0
2024-03-01 10:31:00,AKYA,5.940000057220459,5.940000057220459,5.945000171661377,5.940000057220459,5.945000171661377,207.0
2024-03-01 10:31:00,ALDX,4.099999904632568,4.099999904632568,4.110000133514404,4.099999904632568,4.110000133514404,1730.0
2024-03-01 10:31:00,ALEC,7.449999809265137,7.449999809265137,7.460000038146973,7.429999828338623,7.460000038146973,2104.0
2024-03-01 10:31:00,ALGN,298.8999938964844,298.8999938964844,298.92999267578125,298.8999938964844,298.9100036621094,2530.0
2024-03-01 10:31:00,ALHC,5.769999980926514,5.769999980926514,5.789000034332275,5.75,5.789000034332275,3184.0
2024-03-01 10:31:00,ALKS,30.149999618530273,30.149999618530273,30.149999618530273,30.1200008392334,30.1299991607666,1377.0
2024-03-01 10:31:00,ALLO,4.974999904632568,4.974999904632568,5.001299858093262,4.974999904632568,5.001299858093262,2197.0
2024-03-01 10:31:00,ALNY,153.64999389648438,153.64999389648438,153.86000061035156,153.6300048828125,153.75,1545.0
2024-03-01 10:31:00,ALT,12.220000267028809,12.220000267028809,12.246000289916992,12.180000305175781,12.246000289916992,8644.0
2024-03-01 10:31:00,ALVO,15.649999618530273,15.649999618530273,15.649999618530273,15.649999618530273,15.649999618530273,100.0
2024-03-01 10:31:00,ALVR,0.7487000226974487,0.7487000226974487,0.7487000226974487,0.7487000226974487,0.7487000226974487,0.0
2024-03-01 10:31:00,ALZN,0.909500002861023,0.909500002861023,0.909500002861023,0.909500002861023,0.909500002861023,134.0
2024-03-01 10:31:00,AMGN,281.0849914550781,281.0849914550781,281.2049865722656,280.79998779296875,281.0,16979.0
2024-03-01 10:31:00,AMLX,18.889999389648438,18.889999389648438,18.93000030517578,18.889999389648438,18.93000030517578,2062.0
2024-03-01 10:31:00,AMPH,45.75,45.75,45.82899856567383,45.72999954223633,45.72999954223633,823.0
2024-03-01 10:31:00,AMRN,1.020900011062622,1.020900011062622,1.024999976158142,1.0202000141143799,1.024999976158142,24255.0
2024-03-01 10:31:00,ANAB,25.350000381469727,25.350000381469727,25.405000686645508,25.350000381469727,25.399999618530273,334.0
2024-03-01 10:31:00,ANGO,5.4039998054504395,5.4039998054504395,5.409999847412109,5.4039998054504395,5.409999847412109,580.0
2024-03-01 10:31:00,ANIP,68.30000305175781,68.30000305175781,68.30000305175781,68.30000305175781,68.30000305175781,258.0
2024-03-01 10:31:00,ANNX,5.880000114440918,5.880000114440918,5.889999866485596,5.880000114440918,5.889999866485596,354.0
2024-03-01 10:31:00,ANTX,2.9600000381469727,2.9600000381469727,2.9600000381469727,2.9600000381469727,2.9600000381469727,1680.0
2024-03-01 10:31:00,APLS,63.3849983215332,63.3849983215332,63.40999984741211,63.33000183105469,63.40999984741211,1634.0
2024-03-01 10:31:00,APLT,7.409999847412109,7.409999847412109,7.409999847412109,7.380000114440918,7.409900188446045,5482.0
2024-03-01 10:31:00,AQST,4.239799976348877,4.239799976348877,4.239999771118164,4.230000019073486,4.235000133514404,5182.0
2024-03-01 10:31:00,ARAY,2.615000009536743,2.615000009536743,2.630000114440918,2.609999895095825,2.630000114440918,5316.0
2024-03-01 10:31:00,ARCT,40.11000061035156,40.11000061035156,40.16379928588867,40.11000061035156,40.16379928588867,510.0
2024-03-01 10:31:00,ARDX,9.630000114440918,9.630000114440918,9.65999984741211,9.616999626159668,9.65999984741211,2669.0
2024-03-01 10:31:00,ARGX,384.05999755859375,384.05999755859375,384.6300048828125,384.05999755859375,384.6300048828125,1067.0
2024-03-01 10:31:00,ARQT,10.989999771118164,10.989999771118164,11.0,10.98009967803955,10.989999771118164,4961.0
2024-03-01 10:31:00,ARVN,50.994998931884766,50.994998931884766,51.15999984741211,50.95000076293945,50.95000076293945,5776.0
2024-03-01 10:31:00,ARWR,34.95000076293945,34.95000076293945,35.064998626708984,34.869998931884766,35.03499984741211,11313.0
2024-03-01 10:31:00,ASND,148.97000122070312,148.97000122070312,149.33749389648438,148.97000122070312,149.1199951171875,9217.0
2024-03-01 10:31:00,ASRT,0.925000011920929,0.925000011920929,0.925000011920929,0.925000011920929,0.925000011920929,700.0
2024-03-01 10:31:00,ATAI,1.9700000286102295,1.9700000286102295,1.9700000286102295,1.9700000286102295,1.9700000286102295,500.0
2024-03-01 10:31:00,ATEC,13.359999656677246,13.359999656677246,13.359999656677246,13.324999809265137,13.329999923706055,6840.0
2024-03-01 10:31:00,ATHA,3.950000047683716,3.950000047683716,3.9539999961853027,3.950000047683716,3.9539999961853027,1114.0
2024-03-01 10:31:00,ATNF,3.299999952316284,3.299999952316284,3.299999952316284,3.299999952316284,3.299999952316284,213.0
2024-03-01 10:31:00,ATRA,0.8166000247001648,0.8166000247001648,0.8299999833106995,0.8165000081062317,0.828000009059906,27221.0
2024-03-01 10:31:00,ATRC,35.560001373291016,35.560001373291016,35.560001373291016,35.54999923706055,35.560001373291016,775.0
2024-03-01 10:31:00,ATXI,0.1527000069618225,0.1527000069618225,0.1527000069618225,0.1527000069618225,0.1527000069618225,173.0
2024-03-01 10:31:00,AUGX,4.53000020980835,4.53000020980835,4.531000137329102,4.53000020980835,4.531000137329102,568.0
2024-03-01 10:31:00,AUPH,5.78000020980835,5.78000020980835,5.78000020980835,5.769999980926514,5.775000095367432,1215.0
2024-03-01 10:31:00,AUTL,6.190000057220459,6.190000057220459,6.210000038146973,6.190000057220459,6.210000038146973,560.0
2024-03-01 10:31:00,AVDL,12.710000038146973,12.710000038146973,12.729999542236328,12.710000038146973,12.720000267028809,3428.0
2024-03-01 10:31:00,AVIR,4.334000110626221,4.334000110626221,4.360000133514404,4.334000110626221,4.360000133514404,2042.0
2024-03-01 10:31:00,AVXL,5.269999980926514,5.269999980926514,5.28000020980835,5.261000156402588,5.275000095367432,923.0
2024-03-01 10:31:00,AXGN,10.5,10.5,10.5,10.5,10.5,306.0
2024-03-01 10:31:00,AXNX,67.62100219726562,67.62100219726562,67.62100219726562,67.62100219726562,67.62100219726562,540.0
2024-03-01 10:31:00,AXSM,83.56999969482422,83.56999969482422,83.63500213623047,83.56999969482422,83.63500213623047,930.0
2024-03-01 10:31:00,AZN,64.62000274658203,64.62000274658203,64.625,64.58190155029297,64.61499786376953,10770.0
2024-03-01 10:31:00,AZTA,66.23999786376953,66.23999786376953,66.23999786376953,66.23999786376953,66.23999786376953,514.0
2024-03-01 10:31:00,BBIO,36.04999923706055,36.04999923706055,36.130001068115234,36.04999923706055,36.119998931884766,1341.0
2024-03-01 10:31:00,BBLG,2.509999990463257,2.509999990463257,2.509999990463257,2.505000114440918,2.505000114440918,504.0
2024-03-01 10:31:00,BCAB,2.805000066757202,2.805000066757202,2.815000057220459,2.799999952316284,2.815000057220459,1334.0
2024-03-01 10:31:00,BCDA,0.5400000214576721,0.5400000214576721,0.5400000214576721,0.5400000214576721,0.5400000214576721,170.0
2024-03-01 10:31:00,BCEL,0.2718999981880188,0.2718999981880188,0.2718999981880188,0.26759999990463257,0.26759999990463257,5010.0
2024-03-01 10:31:00,BCLI,0.3598000109195709,0.3598000109195709,0.3598000109195709,0.3598000109195709,0.3598000109195709,0.0
2024-03-01 10:31:00,BCRX,5.789999961853027,5.789999961853027,5.789999961853027,5.783999919891357,5.789999961853027,1752.0
2024-03-01 10:31:00,BCYC,25.979999542236328,25.979999542236328,25.979999542236328,25.979999542236328,25.979999542236328,229.0
2024-03-01 10:31:00,BDTX,5.224999904632568,5.224999904632568,5.270899772644043,5.21999979019165,5.270899772644043,4462.0
2024-03-01 10:31:00,BEAM,40.900001525878906,40.900001525878906,41.060001373291016,40.84000015258789,41.060001373291016,2443.0
2024-03-01 10:31:00,BGNE,166.14500427246094,166.14500427246094,166.14500427246094,166.14500427246094,166.14500427246094,309.0
2024-03-01 10:31:00,BIIB,219.91000366210938,219.91000366210938,219.91000366210938,219.91000366210938,219.91000366210938,492.0
2024-03-01 10:31:00,BIOL,0.13699999451637268,0.13699999451637268,0.13699999451637268,0.13699999451637268,0.13699999451637268,442.0
2024-03-01 10:31:00,BIOR,1.2308000326156616,1.2308000326156616,1.246000051498413,1.2300000190734863,1.233199954032898,3811.0
2024-03-01 10:31:00,BIVI,2.6589999198913574,2.6589999198913574,2.6872000694274902,2.640000104904175,2.674999952316284,93818.0
2024-03-01 10:31:00,BLFS,17.81999969482422,17.81999969482422,17.81999969482422,17.81999969482422,17.81999969482422,125.0
2024-03-01 10:31:00,BLUE,1.6232000589370728,1.6232000589370728,1.6299999952316284,1.6201000213623047,1.6299999952316284,24135.0
2024-03-01 10:31:00,BMEA,17.65999984741211,17.65999984741211,17.68000030517578,17.594999313354492,17.610000610351562,3503.0
2024-03-01 10:31:00,BMRN,86.4800033569336,86.4800033569336,86.48999786376953,86.4800033569336,86.48999786376953,730.0
2024-03-01 10:31:00,BNGO,1.253999948501587,1.253999948501587,1.253999948501587,1.2506999969482422,1.2506999969482422,3901.0
2024-03-01 10:31:00,BNTC,5.090000152587891,5.090000152587891,5.100100040435791,5.090000152587891,5.099999904632568,2020.0
2024-03-01 10:31:00,BNTX,91.27999877929688,91.27999877929688,91.27999877929688,90.94999694824219,91.02200317382812,2737.0
2024-03-01 10:31:00,BPMC,97.49500274658203,97.49500274658203,97.97000122070312,97.4540023803711,97.97000122070312,2764.0
2024-03-01 10:31:00,BRKR,87.71499633789062,87.71499633789062,87.73999786376953,87.69999694824219,87.7300033569336,948.0
2024-03-01 10:31:00,BRTX,1.5,1.5,1.5099999904632568,1.5,1.5099999904632568,2495.0
2024-03-01 10:31:00,BTAI,3.2701001167297363,3.2701001167297363,3.2750000953674316,3.240000009536743,3.240000009536743,3195.0
2024-03-01 10:31:00,BTCY,0.9485999941825867,0.9485999941825867,0.9485999941825867,0.9485999941825867,0.9485999941825867,200.0
2024-03-01 10:31:00,BYSI,1.4199999570846558,1.4199999570846558,1.4199999570846558,1.4199999570846558,1.4199999570846558,1604.0
2024-03-01 10:31:00,CABA,24.18000030517578,24.18000030517578,24.18000030517578,24.1200008392334,24.15999984741211,1772.0
2024-03-01 10:31:00,CARA,0.8895000219345093,0.8895000219345093,0.8895000219345093,0.8799999952316284,0.8799999952316284,16381.0
2024-03-01 10:31:00,CBAY,32.224998474121094,32.224998474121094,32.22999954223633,32.220001220703125,32.22999954223633,26054.0
2024-03-01 10:31:00,CCCC,11.010000228881836,11.010000228881836,11.033100128173828,11.010000228881836,11.033100128173828,1305.0
2024-03-01 10:31:00,CDMO,7.869999885559082,7.869999885559082,7.889999866485596,7.869999885559082,7.889999866485596,937.0
2024-03-01 10:31:00,CDNA,12.270000457763672,12.270000457763672,12.279999732971191,12.25,12.260000228881836,1137.0
2024-03-01 10:31:00,CDXS,4.21999979019165,4.21999979019165,4.239999771118164,4.2118000984191895,4.239999771118164,6405.0
2024-03-01 10:31:00,CERE,41.20500183105469,41.20500183105469,41.224998474121094,41.20500183105469,41.224998474121094,1789.0
2024-03-01 10:31:00,CERS,2.200000047683716,2.200000047683716,2.200000047683716,2.194999933242798,2.200000047683716,1020.0
2024-03-01 10:31:00,CERT,17.780000686645508,17.780000686645508,17.80500030517578,17.729999542236328,17.80500030517578,3323.0
2024-03-01 10:31:00,CGC,3.211899995803833,3.211899995803833,3.222899913787842,3.211699962615967,3.222899913787842,1196.0
2024-03-01 10:31:00,CGEM,18.950000762939453,18.950000762939453,19.040000915527344,18.940000534057617,19.040000915527344,2668.0
2024-03-01 10:31:00,CGEN,2.689300060272217,2.689300060272217,2.689300060272217,2.689300060272217,2.689300060272217,3182.0
2024-03-01 10:31:00,CHRS,2.319999933242798,2.319999933242798,2.3299999237060547,2.309999942779541,2.3299999237060547,8298.0
2024-03-01 10:31:00,CJJD,2.938199996948242,2.938199996948242,2.984999895095825,2.938199996948242,2.9700000286102295,780.0
2024-03-01 10:31:00,CKPT,2.1600000858306885,2.1600000858306885,2.1700000762939453,2.1600000858306885,2.1700000762939453,302.0
2024-03-01 10:31:00,CLDX,51.71500015258789,51.71500015258789,51.875,51.58000183105469,51.755001068115234,3799.0
2024-03-01 10:31:00,CLNN,0.39309999346733093,0.39309999346733093,0.39309999346733093,0.39309999346733093,0.39309999346733093,151.0
2024-03-01 10:31:00,CLOV,0.8694000244140625,0.8694000244140625,0.8695999979972839,0.8694000244140625,0.8694999814033508,16300.0
2024-03-01 10:31:00,CLPT,6.539999961853027,6.539999961853027,6.539999961853027,6.539999961853027,6.539999961853027,701.0
2024-03-01 10:31:00,CLRB,4.045000076293945,4.045000076293945,4.045000076293945,4.044000148773193,4.044000148773193,2025.0
2024-03-01 10:31:00,CMPS,10.479999542236328,10.479999542236328,10.604999542236328,10.479999542236328,10.585000038146973,2585.0
2024-03-01 10:31:00,CMRX,1.1399999856948853,1.1399999856948853,1.149999976158142,1.1399999856948853,1.149999976158142,300.0
2024-03-01 10:31:00,CNSP,0.3000999987125397,0.3000999987125397,0.3000999987125397,0.3000999987125397,0.3000999987125397,0.0
2024-03-01 10:31:00,COGT,7.340000152587891,7.340000152587891,7.360000133514404,7.340000152587891,7.360000133514404,2588.0
2024-03-01 10:31:00,COLL,37.375,37.375,37.375,37.375,37.375,688.0
2024-03-01 10:31:00,CORT,23.799999237060547,23.799999237060547,23.799999237060547,23.770000457763672,23.770000457763672,620.0
2024-03-01 10:31:00,CPRX,17.059999465942383,17.059999465942383,17.079999923706055,17.020000457763672,17.030000686645508,7772.0
2024-03-01 10:31:00,CPSI,9.279999732971191,9.279999732971191,9.279999732971191,9.279999732971191,9.279999732971191,154.0
2024-03-01 10:31:00,CRBP,31.600000381469727,31.600000381469727,31.600000381469727,31.5,31.5,286.0
2024-03-01 10:31:00,CRBU,8.0600004196167,8.0600004196167,8.09000015258789,8.0600004196167,8.09000015258789,2310.0
2024-03-01 10:31:00,CRDF,2.5146000385284424,2.5146000385284424,2.51990008354187,2.4800000190734863,2.490000009536743,88999.0
2024-03-01 10:31:00,CRNX,45.165000915527344,45.165000915527344,45.16680145263672,45.165000915527344,45.16680145263672,339.0
2024-03-01 10:31:00,CRON,2.040600061416626,2.040600061416626,2.049999952316284,2.040600061416626,2.049999952316284,5893.0
2024-03-01 10:31:00,CRSP,86.4749984741211,86.4749984741211,86.76000213623047,86.44010162353516,86.76000213623047,5381.0
2024-03-01 10:31:00,CSTL,19.8700008392334,19.8700008392334,19.899999618530273,19.790000915527344,19.799999237060547,2469.0
2024-03-01 10:31:00,CTKB,8.039999961853027,8.039999961853027,8.050000190734863,8.039999961853027,8.050000190734863,1836.0
2024-03-01 10:31:00,CTMX,2.48009991645813,2.48009991645813,2.48009991645813,2.48009991645813,2.48009991645813,250.0
2024-03-01 10:31:00,CUE,2.130000114440918,2.130000114440918,2.130000114440918,2.125,2.125,1262.0
2024-03-01 10:31:00,CUTR,2.338099956512451,2.338099956512451,2.3499999046325684,2.3299999237060547,2.3499999046325684,3001.0
2024-03-01 10:31:00,CVAC,3.4800000190734863,3.4800000190734863,3.490000009536743,3.4749999046325684,3.490000009536743,10559.0
2024-03-01 10:31:00,CYTK,74.56999969482422,74.56999969482422,74.94999694824219,74.4000015258789,74.47000122070312,15801.0
2024-03-01 10:31:00,CYTO,2.0399999618530273,2.0399999618530273,2.0399999618530273,1.9575999975204468,1.9575999975204468,4809.0
2024-03-01 10:31:00,DAWN,16.969999313354492,16.969999313354492,16.969999313354492,16.969999313354492,16.969999313354492,482.0
2024-03-01 10:31:00,DCGO,4.114999771118164,4.114999771118164,4.119999885559082,4.113999843597412,4.119999885559082,1599.0
2024-03-01 10:31:00,DCPH,17.0,17.0,17.010000228881836,17.0,17.010000228881836,422.0
2024-03-01 10:31:00,DCTH,4.228000164031982,4.228000164031982,4.228000164031982,4.228000164031982,4.228000164031982,972.0
2024-03-01 10:31:00,DH,9.154999732971191,9.154999732971191,9.154999732971191,9.149999618530273,9.149999618530273,400.0
2024-03-01 10:31:00,DMTK,0.8700000047683716,0.8700000047683716,0.8700000047683716,0.8600999712944031,0.8600999712944031,1026.0
2024-03-01 10:31:00,DNLI,20.770000457763672,20.770000457763672,20.790000915527344,20.739999771118164,20.790000915527344,1672.0
2024-03-01 10:31:00,DSGN,2.869999885559082,2.869999885559082,2.869999885559082,2.865000009536743,2.865000009536743,805.0
2024-03-01 10:31:00,DTIL,12.864999771118164,12.864999771118164,12.9399995803833,12.776900291442871,12.9399995803833,3976.0
2024-03-01 10:31:00,DVAX,12.739999771118164,12.739999771118164,12.744999885559082,12.720000267028809,12.744999885559082,4465.0
2024-03-01 10:31:00,DXCM,117.72000122070312,117.72000122070312,117.72000122070312,117.6500015258789,117.6500015258789,8973.0
2024-03-01 10:31:00,DYN,30.149999618530273,30.149999618530273,30.149999618530273,30.06999969482422,30.08370018005371,1162.0
2024-03-01 10:31:00,EDIT,10.880000114440918,10.880000114440918,10.926899909973145,10.859999656677246,10.920000076293945,13816.0
2024-03-01 10:31:00,ELEV,5.010000228881836,5.010000228881836,5.03000020980835,4.946199893951416,4.989999771118164,5369.0
2024-03-01 10:31:00,EMBC,14.460000038146973,14.460000038146973,14.470000267028809,14.460000038146973,14.470000267028809,644.0
2024-03-01 10:31:00,ENSG,124.44999694824219,124.44999694824219,124.44999694824219,124.44999694824219,124.44999694824219,110.0
2024-03-01 10:31:00,ENTA,14.904999732971191,14.904999732971191,14.914999961853027,14.880000114440918,14.914999961853027,862.0
2024-03-01 10:31:00,ENVB,1.6649999618530273,1.6649999618530273,1.6799999475479126,1.6510000228881836,1.659999966621399,14797.0
2024-03-01 10:31:00,EOLS,14.720000267028809,14.720000267028809,14.720000267028809,14.708000183105469,14.71500015258789,2729.0
2024-03-01 10:31:00,ERAS,2.490000009536743,2.490000009536743,2.5,2.490000009536743,2.494999885559082,6120.0
2024-03-01 10:31:00,ESPR,2.484999895095825,2.484999895095825,2.5,2.484999895095825,2.5,7817.0
2024-03-01 10:31:00,ESTA,45.439998626708984,45.439998626708984,45.439998626708984,45.439998626708984,45.439998626708984,765.0
2024-03-01 10:31:00,ETNB,12.890000343322754,12.890000343322754,12.90999984741211,12.84000015258789,12.906700134277344,8255.0
2024-03-01 10:31:00,EVO,7.429999828338623,7.429999828338623,7.440000057220459,7.420000076293945,7.429999828338623,16861.0
2024-03-01 10:31:00,EWTX,16.739999771118164,16.739999771118164,16.780000686645508,16.739999771118164,16.780000686645508,2846.0
2024-03-01 10:31:00,EXAI,6.670000076293945,6.670000076293945,6.679999828338623,6.670000076293945,6.679999828338623,121.0
2024-03-01 10:31:00,EXAS,59.8849983215332,59.8849983215332,60.005001068115234,59.869998931884766,59.970001220703125,12371.0
2024-03-01 10:31:00,EXEL,22.46769905090332,22.46769905090332,22.46769905090332,22.454999923706055,22.46500015258789,2557.0
2024-03-01 10:31:00,EYEN,2.1500000953674316,2.1500000953674316,2.1500000953674316,2.125,2.129699945449829,7112.0
2024-03-01 10:31:00,EYPT,28.390100479125977,28.390100479125977,28.670700073242188,28.390100479125977,28.6200008392334,3147.0
2024-03-01 10:31:00,FATE,7.480000019073486,7.480000019073486,7.484000205993652,7.460000038146973,7.484000205993652,6788.0
2024-03-01 10:31:00,FDMT,29.530000686645508,29.530000686645508,29.68000030517578,29.459999084472656,29.65999984741211,2338.0
2024-03-01 10:31:00,FGEN,1.7100000381469727,1.7100000381469727,1.715000033378601,1.7100000381469727,1.715000033378601,3214.0
2024-03-01 10:31:00,FHTX,8.180000305175781,8.180000305175781,8.180000305175781,8.180000305175781,8.180000305175781,364.0
2024-03-01 10:31:00,FIXX,0.9377999901771545,0.9377999901771545,0.9377999901771545,0.9377999901771545,0.9377999901771545,649.0
2024-03-01 10:31:00,FLGT,23.0,23.0,23.0,23.0,23.0,426.0
2024-03-01 10:31:00,FOLD,13.53499984741211,13.53499984741211,13.539999961853027,13.515000343322754,13.515000343322754,2731.0
2024-03-01 10:31:00,FONR,22.415000915527344,22.415000915527344,22.415000915527344,22.415000915527344,22.415000915527344,264.0
2024-03-01 10:31:00,FULC,10.680000305175781,10.680000305175781,10.680000305175781,10.670000076293945,10.680000305175781,1407.0
2024-03-01 10:31:00,FUSN,12.25,12.25,12.270000457763672,12.239999771118164,12.270000457763672,2259.0
2024-03-01 10:31:00,GALT,2.0000998973846436,2.0000998973846436,2.003499984741211,2.0000998973846436,2.003499984741211,5301.0
2024-03-01 10:31:00,GBIO,2.484999895095825,2.484999895095825,2.484999895095825,2.484999895095825,2.484999895095825,115.0
2024-03-01 10:31:00,GDRX,8.300000190734863,8.300000190734863,8.300000190734863,8.274999618530273,8.28909969329834,6194.0
2024-03-01 10:31:00,GERN,2.1019999980926514,2.1019999980926514,2.109999895095825,2.0999999046325684,2.109999895095825,4523.0
2024-03-01 10:31:00,GH,19.270000457763672,19.270000457763672,19.270000457763672,19.239999771118164,19.270000457763672,1179.0
2024-03-01 10:31:00,GILD,72.63999938964844,72.63999938964844,72.63999938964844,72.58999633789062,72.58999633789062,4725.0
2024-03-01 10:31:00,GLPG,35.064998626708984,35.064998626708984,35.064998626708984,35.064998626708984,35.064998626708984,240.0
2024-03-01 10:31:00,GLTO,0.7228999733924866,0.7228999733924866,0.7228999733924866,0.7228999733924866,0.7228999733924866,1900.0
2024-03-01 10:31:00,GMAB,29.03499984741211,29.03499984741211,29.040000915527344,29.030000686645508,29.030000686645508,2082.0
2024-03-01 10:31:00,GMDA,0.3776000142097473,0.3776000142097473,0.3776000142097473,0.37689998745918274,0.37689998745918274,1097.0
2024-03-01 10:31:00,GOSS,1.3600000143051147,1.3600000143051147,1.3669999837875366,1.3600000143051147,1.3600000143051147,1996.0
2024-03-01 10:31:00,GRFS,6.954999923706055,6.954999923706055,6.990600109100342,6.954999923706055,6.990600109100342,3481.0
2024-03-01 10:31:00,GRTS,2.125,2.125,2.130000114440918,2.125,2.125,58854.0
2024-03-01 10:31:00,GRTX,0.23499999940395355,0.23499999940395355,0.23499999940395355,0.23199999332427979,0.23199999332427979,4549.0
2024-03-01 10:31:00,GTHX,3.5199999809265137,3.5199999809265137,3.5199999809265137,3.490000009536743,3.490000009536743,10000.0
2024-03-01 10:31:00,HALO,41.31999969482422,41.31999969482422,41.31999969482422,41.2400016784668,41.2400016784668,7956.0
2024-03-01 10:31:00,HARP,22.940000534057617,22.940000534057617,22.940000534057617,22.940000534057617,22.940000534057617,103.0
2024-03-01 10:31:00,HCAT,8.020000457763672,8.020000457763672,8.020000457763672,8.010000228881836,8.020000457763672,1801.0
2024-03-01 10:31:00,HCSG,12.675000190734863,12.675000190734863,12.706000328063965,12.675000190734863,12.706000328063965,1395.0
2024-03-01 10:31:00,HCTI,2.450000047683716,2.450000047683716,2.4600000381469727,2.450000047683716,2.4600000381469727,2050.0
2024-03-01 10:31:00,HLVX,18.7549991607666,18.7549991607666,18.7549991607666,18.7549991607666,18.7549991607666,122.0
2024-03-01 10:31:00,HOLX,73.87999725341797,73.87999725341797,73.91999816894531,73.87999725341797,73.91999816894531,928.0
2024-03-01 10:31:00,HOWL,7.045000076293945,7.045000076293945,7.045000076293945,6.986800193786621,7.039999961853027,1219.0
2024-03-01 10:31:00,HQY,82.41000366210938,82.41000366210938,82.52999877929688,82.41000366210938,82.45999908447266,604.0
2024-03-01 10:31:00,HRMY,31.479999542236328,31.479999542236328,31.545000076293945,31.479999542236328,31.545000076293945,421.0
2024-03-01 10:31:00,HRTX,2.6394999027252197,2.6394999027252197,2.640000104904175,2.6394999027252197,2.640000104904175,500.0
2024-03-01 10:31:00,HSCS,0.11720000207424164,0.11720000207424164,0.11720000207424164,0.11720000207424164,0.11720000207424164,0.0
2024-03-01 10:31:00,HSIC,77.30000305175781,77.30000305175781,77.36000061035156,77.30000305175781,77.30999755859375,14648.0
2024-03-01 10:31:00,HSTM,27.613000869750977,27.613000869750977,27.613000869750977,27.613000869750977,27.613000869750977,184.0
2024-03-01 10:31:00,HUMA,3.1798999309539795,3.1798999309539795,3.1891000270843506,3.170099973678589,3.184999942779541,6608.0
2024-03-01 10:31:00,IART,36.83000183105469,36.83000183105469,36.83000183105469,36.83000183105469,36.83000183105469,401.0
2024-03-01 10:31:00,IBRX,4.789999961853027,4.789999961853027,4.809999942779541,4.764999866485596,4.809999942779541,9407.0
2024-03-01 10:31:00,ICAD,1.7862999439239502,1.7862999439239502,1.7862999439239502,1.7862999439239502,1.7862999439239502,200.0
2024-03-01 10:31:00,ICLR,323.2799987792969,323.2799987792969,323.45001220703125,323.0950012207031,323.45001220703125,1693.0
2024-03-01 10:31:00,IDXX,573.4949951171875,573.4949951171875,573.4949951171875,573.4949951171875,573.4949951171875,129.0
2024-03-01 10:31:00,IDYA,46.13999938964844,46.13999938964844,46.150001525878906,46.08000183105469,46.150001525878906,2313.0
2024-03-01 10:31:00,IGMS,13.579999923706055,13.579999923706055,13.579999923706055,13.579999923706055,13.579999923706055,538.0
2024-03-01 10:31:00,ILMN,140.40499877929688,140.40499877929688,140.4499969482422,140.34500122070312,140.34500122070312,2742.0
2024-03-01 10:31:00,IMCR,68.13500213623047,68.13500213623047,68.13500213623047,68.13500213623047,68.13500213623047,197.0
2024-03-01 10:31:00,IMMX,3.5899999141693115,3.5899999141693115,3.5899999141693115,3.5899999141693115,3.5899999141693115,100.0
2024-03-01 10:31:00,IMNM,25.072099685668945,25.072099685668945,25.072099685668945,25.072099685668945,25.072099685668945,467.0
2024-03-01 10:31:00,IMTX,12.979999542236328,12.979999542236328,12.989999771118164,12.979999542236328,12.989999771118164,385.0
2024-03-01 10:31:00,IMVT,36.35499954223633,36.35499954223633,36.35499954223633,36.35499954223633,36.35499954223633,216.0
2024-03-01 10:31:00,INBX,36.849998474121094,36.849998474121094,36.849998474121094,36.849998474121094,36.849998474121094,292.0
2024-03-01 10:31:00,INCY,59.13999938964844,59.13999938964844,59.13999938964844,59.04999923706055,59.04999923706055,2984.0
2024-03-01 10:31:00,INGN,6.698999881744385,6.698999881744385,6.699999809265137,6.698999881744385,6.699999809265137,1325.0
2024-03-01 10:31:00,INMD,22.6299991607666,22.6299991607666,22.6299991607666,22.604999542236328,22.614999771118164,1836.0
2024-03-01 10:31:00,INSM,28.459999084472656,28.459999084472656,28.469999313354492,28.40999984741211,28.450000762939453,2130.0
2024-03-01 10:31:00,INVA,15.529999732971191,15.529999732971191,15.537500381469727,15.520000457763672,15.520000457763672,1447.0
2024-03-01 10:31:00,INZY,6.519999980926514,6.519999980926514,6.53000020980835,6.519999980926514,6.53000020980835,1697.0
2024-03-01 10:31:00,IONM,0.349700003862381,0.349700003862381,0.349700003862381,0.349700003862381,0.349700003862381,0.0
2024-03-01 10:31:00,IONS,45.720001220703125,45.720001220703125,45.75,45.720001220703125,45.744998931884766,538.0
2024-03-01 10:31:00,IOVA,16.578500747680664,16.578500747680664,16.667299270629883,16.549999237060547,16.65999984741211,17593.0
2024-03-01 10:31:00,IPSC,3.7699999809265137,3.7699999809265137,3.7980000972747803,3.7699999809265137,3.7980000972747803,1096.0
2024-03-01 10:31:00,IRWD,8.954999923706055,8.954999923706055,8.970000267028809,8.954999923706055,8.970000267028809,12159.0
2024-03-01 10:31:00,ISRG,388.93499755859375,388.93499755859375,388.9700012207031,388.86248779296875,388.9700012207031,684.0
2024-03-01 10:31:00,ITCI,71.69000244140625,71.69000244140625,71.70999908447266,71.6500015258789,71.70999908447266,1617.0
2024-03-01 10:31:00,ITOS,10.760000228881836,10.760000228881836,10.789999961853027,10.760000228881836,10.789999961853027,1244.0
2024-03-01 10:31:00,IVA,3.619999885559082,3.619999885559082,3.619999885559082,3.619999885559082,3.619999885559082,289.0
2024-03-01 10:31:00,IVVD,3.984999895095825,3.984999895095825,3.984999895095825,3.984999895095825,3.984999895095825,1100.0
2024-03-01 10:31:00,JAGX,0.08810000121593475,0.08810000121593475,0.09269999712705612,0.08429999649524689,0.08429999649524689,2435792.0
2024-03-01 10:31:00,JANX,46.5,46.5,46.5,46.27009963989258,46.27009963989258,864.0
2024-03-01 10:31:00,JAZZ,120.63999938964844,120.63999938964844,120.79000091552734,120.50499725341797,120.79000091552734,2132.0
2024-03-01 10:31:00,KALV,13.960000038146973,13.960000038146973,14.0,13.960000038146973,14.0,513.0
2024-03-01 10:31:00,KNSA,21.889999389648438,21.889999389648438,21.940000534057617,21.8799991607666,21.940000534057617,1132.0
2024-03-01 10:31:00,KNTE,2.614000082015991,2.614000082015991,2.614000082015991,2.614000082015991,2.614000082015991,1170.0
2024-03-01 10:31:00,KOD,6.025000095367432,6.025000095367432,6.03000020980835,6.025000095367432,6.03000020980835,230.0
2024-03-01 10:31:00,KPTI,1.1649999618530273,1.1649999618530273,1.1799999475479126,1.1649999618530273,1.1749999523162842,2747.0
2024-03-01 10:31:00,KRON,1.0499000549316406,1.0499000549316406,1.0499000549316406,1.0499000549316406,1.0499000549316406,257.0
2024-03-01 10:31:00,KROS,69.01000213623047,69.01000213623047,69.01000213623047,68.88999938964844,68.94999694824219,1846.0
2024-03-01 10:31:00,KRTX,316.0400085449219,316.0400085449219,316.0400085449219,316.0400085449219,316.0400085449219,244.0
2024-03-01 10:31:00,KRYS,167.4600067138672,167.4600067138672,168.37249755859375,167.4600067138672,168.11500549316406,3133.0
2024-03-01 10:31:00,KTRA,0.10100000351667404,0.10100000351667404,0.10109999775886536,0.10100000351667404,0.10109999775886536,7834.0
2024-03-01 10:31:00,KURA,21.155000686645508,21.155000686645508,21.219999313354492,21.155000686645508,21.219999313354492,756.0
2024-03-01 10:31:00,KYMR,44.02000045776367,44.02000045776367,44.15999984741211,44.02000045776367,44.03499984741211,1026.0
2024-03-01 10:31:00,KZIA,0.23360000550746918,0.23360000550746918,0.23999999463558197,0.23360000550746918,0.23999999463558197,1600.0
2024-03-01 10:31:00,KZR,1.1150000095367432,1.1150000095367432,1.1150000095367432,1.1150000095367432,1.1150000095367432,2000.0
2024-03-01 10:31:00,LAB,2.325000047683716,2.325000047683716,2.3299999237060547,2.319999933242798,2.3201000690460205,2819.0
2024-03-01 10:31:00,LEXX,2.5899999141693115,2.5899999141693115,2.5899999141693115,2.440000057220459,2.549999952316284,11160.0
2024-03-01 10:31:00,LFMD,8.005000114440918,8.005000114440918,8.005000114440918,8.005000114440918,8.005000114440918,639.0
2024-03-01 10:31:00,LFST,8.0,8.0,8.015000343322754,7.994999885559082,8.0,11699.0
2024-03-01 10:31:00,LGND,80.94000244140625,80.94000244140625,80.94000244140625,80.94000244140625,80.94000244140625,132.0
2024-03-01 10:31:00,LIVN,54.959999084472656,54.959999084472656,54.959999084472656,54.89500045776367,54.89500045776367,781.0
2024-03-01 10:31:00,LMAT,67.41000366210938,67.41000366210938,67.7750015258789,67.33999633789062,67.7750015258789,2085.0
2024-03-01 10:31:00,LNTH,65.4749984741211,65.4749984741211,65.62000274658203,65.4749984741211,65.62000274658203,687.0
2024-03-01 10:31:00,LPTX,2.8499999046325684,2.8499999046325684,2.8499999046325684,2.8499999046325684,2.8499999046325684,912.0
2024-03-01 10:31:00,LQDA,14.439000129699707,14.439000129699707,14.4399995803833,14.4350004196167,14.4399995803833,951.0
2024-03-01 10:31:00,LUMO,3.0399999618530273,3.0399999618530273,3.0399999618530273,2.990000009536743,2.990000009536743,748.0
2024-03-01 10:31:00,LUNG,9.125,9.125,9.125,9.125,9.125,457.0
2024-03-01 10:31:00,LVTX,3.0399999618530273,3.0399999618530273,3.049999952316284,3.0399999618530273,3.049999952316284,2335.0
2024-03-01 10:31:00,LXRX,2.4200000762939453,2.4200000762939453,2.4298999309539795,2.4200000762939453,2.4298999309539795,2292.0
2024-03-01 10:31:00,LYEL,3.1050000190734863,3.1050000190734863,3.109999895095825,3.1050000190734863,3.109999895095825,2064.0
2024-03-01 10:31:00,LYRA,5.5,5.5,5.5,5.480999946594238,5.480999946594238,490.0
2024-03-01 10:31:00,MCRB,1.190000057220459,1.190000057220459,1.190000057220459,1.184000015258789,1.190000057220459,5257.0
2024-03-01 10:31:00,MDGL,243.13999938964844,243.13999938964844,244.19000244140625,243.13999938964844,244.19000244140625,901.0
2024-03-01 10:31:00,MDRX,5.75,5.75,5.980000019073486,5.75,5.849999904632568,52536.0
2024-03-01 10:31:00,MDXG,8.449999809265137,8.449999809265137,8.460000038146973,8.449999809265137,8.460000038146973,502.0
2024-03-01 10:31:00,ME,0.5748000144958496,0.5748000144958496,0.5748000144958496,0.5680999755859375,0.5746999979019165,170453.0
2024-03-01 10:31:00,MGNX,19.219999313354492,19.219999313354492,19.219999313354492,19.1299991607666,19.209999084472656,6499.0
2024-03-01 10:31:00,MIRM,29.299999237060547,29.299999237060547,29.299999237060547,29.299999237060547,29.299999237060547,400.0
2024-03-01 10:31:00,MIST,1.690000057220459,1.690000057220459,1.690000057220459,1.690000057220459,1.690000057220459,420.0
2024-03-01 10:31:00,MLTX,52.29499816894531,52.29499816894531,52.29499816894531,52.189998626708984,52.2599983215332,3963.0
2024-03-01 10:31:00,MNKD,4.514999866485596,4.514999866485596,4.519999980926514,4.494999885559082,4.494999885559082,38992.0
2024-03-01 10:31:00,MNMD,5.849999904632568,5.849999904632568,5.880000114440918,5.849999904632568,5.880000114440918,1458.0
2024-03-01 10:31:00,MODV,27.84320068359375,27.84320068359375,27.84760093688965,27.600000381469727,27.739999771118164,5881.0
2024-03-01 10:31:00,MOR,17.68000030517578,17.68000030517578,17.684999465942383,17.68000030517578,17.684999465942383,567.0
2024-03-01 10:31:00,MORF,38.07500076293945,38.07500076293945,38.167999267578125,38.06999969482422,38.167999267578125,1150.0
2024-03-01 10:31:00,MRAI,1.5285999774932861,1.5285999774932861,1.5285999774932861,1.5285999774932861,1.5285999774932861,155.0
2024-03-01 10:31:00,MREO,3.865000009536743,3.865000009536743,3.889899969100952,3.865000009536743,3.884999990463257,13639.0
2024-03-01 10:31:00,MRNA,95.55999755859375,95.55999755859375,95.55999755859375,95.41000366210938,95.48500061035156,3089.0
2024-03-01 10:31:00,MRNS,9.699999809265137,9.699999809265137,9.739999771118164,9.699999809265137,9.739999771118164,1312.0
2024-03-01 10:31:00,MRSN,5.889999866485596,5.889999866485596,5.909999847412109,5.889999866485596,5.909999847412109,8107.0
2024-03-01 10:31:00,MRUS,49.55500030517578,49.55500030517578,49.564998626708984,49.55500030517578,49.564998626708984,305.0
2024-03-01 10:31:00,MRVI,7.795000076293945,7.795000076293945,7.800000190734863,7.795000076293945,7.800000190734863,1401.0
2024-03-01 10:31:00,MTEM,3.75,3.75,3.75,3.75,3.75,100.0
2024-03-01 10:31:00,MXCT,4.769999980926514,4.769999980926514,4.769999980926514,4.769899845123291,4.769899845123291,6249.0
2024-03-01 10:31:00,MYGN,21.08099937438965,21.08099937438965,21.08099937438965,21.079999923706055,21.079999923706055,528.0
2024-03-01 10:31:00,MYNZ,0.8600000143051147,0.8600000143051147,0.8600000143051147,0.8600000143051147,0.8600000143051147,640.0
2024-03-01 10:31:00,NARI,45.4900016784668,45.4900016784668,45.71500015258789,45.4900016784668,45.65010070800781,5850.0
2024-03-01 10:31:00,NAUT,2.7300000190734863,2.7300000190734863,2.7300000190734863,2.7300000190734863,2.7300000190734863,133.0
2024-03-01 10:31:00,NBIX,131.3000030517578,131.3000030517578,131.35499572753906,131.2949981689453,131.3000030517578,1379.0
2024-03-01 10:31:00,NEO,16.059999465942383,16.059999465942383,16.110000610351562,16.059999465942383,16.110000610351562,1002.0
2024-03-01 10:31:00,NEOG,17.049999237060547,17.049999237060547,17.049999237060547,17.040000915527344,17.040000915527344,1203.0
2024-03-01 10:31:00,NKTX,12.319899559020996,12.319899559020996,12.319899559020996,12.260000228881836,12.3100004196167,1552.0
2024-03-01 10:31:00,NMTC,1.2268999814987183,1.2268999814987183,1.2268999814987183,1.2268999814987183,1.2268999814987183,200.0
2024-03-01 10:31:00,NNOX,11.0,11.0,11.039999961853027,10.994999885559082,11.039999961853027,2411.0
2024-03-01 10:31:00,NOTV,7.639999866485596,7.639999866485596,7.669899940490723,7.639999866485596,7.669899940490723,746.0
2024-03-01 10:31:00,NRIX,13.109999656677246,13.109999656677246,13.179499626159668,13.109999656677246,13.179499626159668,2216.0
2024-03-01 10:31:00,NRXP,0.4300000071525574,0.4300000071525574,0.4300999939441681,0.4300000071525574,0.4300999939441681,6000.0
2024-03-01 10:31:00,NTLA,33.66120147705078,33.66120147705078,33.845001220703125,33.65999984741211,33.81999969482422,5573.0
2024-03-01 10:31:00,NTRA,88.9749984741211,88.9749984741211,89.27999877929688,88.94999694824219,89.27999877929688,4089.0
2024-03-01 10:31:00,NUVL,88.08000183105469,88.08000183105469,88.16500091552734,88.08000183105469,88.16500091552734,807.0
2024-03-01 10:31:00,NVAX,5.060100078582764,5.060100078582764,5.070000171661377,5.058899879455566,5.070000171661377,8551.0
2024-03-01 10:31:00,NVCR,15.539999961853027,15.539999961853027,15.579999923706055,15.539999961853027,15.579999923706055,560.0
2024-03-01 10:31:00,NVNO,6.480000019073486,6.480000019073486,6.480000019073486,6.46999979019165,6.46999979019165,306.0
2024-03-01 10:31:00,OCUL,10.270000457763672,10.270000457763672,10.279999732971191,10.240099906921387,10.274999618530273,12621.0
2024-03-01 10:31:00,OGI,2.069999933242798,2.069999933242798,2.069999933242798,2.069999933242798,2.069999933242798,1951.0
2024-03-01 10:31:00,OLK,22.559999465942383,22.559999465942383,22.559999465942383,22.55500030517578,22.559999465942383,3035.0
2024-03-01 10:31:00,OLMA,12.710000038146973,12.710000038146973,12.710000038146973,12.710000038146973,12.710000038146973,454.0
2024-03-01 10:31:00,OMCL,26.40999984741211,26.40999984741211,26.40999984741211,26.3799991607666,26.3799991607666,564.0
2024-03-01 10:31:00,OMER,4.699999809265137,4.699999809265137,4.71999979019165,4.699999809265137,4.71999979019165,1963.0
2024-03-01 10:31:00,OMGA,4.159999847412109,4.159999847412109,4.159999847412109,4.159999847412109,4.159999847412109,308.0
2024-03-01 10:32:00,ABCL,5.130000114440918,5.130000114440918,5.135000228881836,5.130000114440918,5.135000228881836,1395.0
2024-03-01 10:32:00,ABEO,7.760000228881836,7.760000228881836,7.762800216674805,7.650000095367432,7.650000095367432,2565.0
2024-03-01 10:32:00,ABOS,4.659999847412109,4.659999847412109,4.659999847412109,4.659999847412109,4.659999847412109,510.0
2024-03-01 10:32:00,ABSI,5.21999979019165,5.21999979019165,5.21999979019165,5.210400104522705,5.21999979019165,3339.0
2024-03-01 10:32:00,ABUS,2.7750000953674316,2.7750000953674316,2.7750000953674316,2.7750000953674316,2.7750000953674316,249.0
2024-03-01 10:32:00,ACAD,23.844999313354492,23.844999313354492,23.8700008392334,23.78499984741211,23.78499984741211,8889.0
2024-03-01 10:32:00,ACB,3.0399999618530273,3.0399999618530273,3.0399999618530273,3.0350000858306885,3.0350000858306885,2422.0
2024-03-01 10:32:00,ACET,2.3350000381469727,2.3350000381469727,2.3350000381469727,2.3301000595092773,2.3301000595092773,1318.0
2024-03-01 10:32:00,ACHC,83.62000274658203,83.62000274658203,83.62000274658203,83.62000274658203,83.62000274658203,253.0
2024-03-01 10:32:00,ACIU,3.8299999237060547,3.8299999237060547,3.8299999237060547,3.8299999237060547,3.8299999237060547,306.0
2024-03-01 10:32:00,ADAP,1.5750000476837158,1.5750000476837158,1.5750000476837158,1.5750000476837158,1.5750000476837158,200.0
2024-03-01 10:32:00,ADIL,3.450000047683716,3.450000047683716,3.4800000190734863,3.4100000858306885,3.4100000858306885,102458.0
2024-03-01 10:32:00,ADMA,5.386099815368652,5.386099815368652,5.386099815368652,5.380000114440918,5.380000114440918,1711.0
2024-03-01 10:32:00,ADPT,4.170000076293945,4.170000076293945,4.170000076293945,4.159999847412109,4.159999847412109,974.0
2024-03-01 10:32:00,ADTX,3.4749999046325684,3.4749999046325684,3.4749999046325684,3.4749999046325684,3.4749999046325684,379.0
2024-03-01 10:32:00,ADVM,1.934999942779541,1.934999942779541,1.940000057220459,1.934999942779541,1.940000057220459,748.0
2024-03-01 10:32:00,AFMD,0.6119999885559082,0.6119999885559082,0.6119999885559082,0.6119999885559082,0.6119999885559082,2022.0
2024-03-01 10:32:00,AGEN,0.6710000038146973,0.6710000038146973,0.6729999780654907,0.6710000038146973,0.6729999780654907,6512.0
2024-03-01 10:32:00,AGIO,32.61000061035156,32.61000061035156,32.61000061035156,32.61000061035156,32.61000061035156,200.0
2024-03-01 10:32:00,AGRX,0.8374999761581421,0.8374999761581421,0.8374999761581421,0.8349999785423279,0.8349999785423279,1442.0
2024-03-01 10:32:00,AHCO,10.649999618530273,10.649999618530273,10.649999618530273,10.649999618530273,10.649999618530273,483.0
2024-03-01 10:32:00,AIMD,0.9800000190734863,0.9800000190734863,0.9800000190734863,0.9800000190734863,0.9800000190734863,1030.0
2024-03-01 10:32:00,AKAN,0.24959999322891235,0.24959999322891235,0.25270000100135803,0.24660000205039978,0.2526000142097473,30085.0
2024-03-01 10:32:00,AKBA,1.6399999856948853,1.6399999856948853,1.6584999561309814,1.6399999856948853,1.6549999713897705,7199.0
2024-03-01 10:32:00,AKLI,0.3440000116825104,0.3440000116825104,0.3440000116825104,0.3440000116825104,0.3440000116825104,1000.0
2024-03-01 10:32:00,AKRO,28.21500015258789,28.21500015258789,28.21500015258789,28.21500015258789,28.21500015258789,828.0
2024-03-01 10:32:00,AKYA,5.934999942779541,5.934999942779541,5.934999942779541,5.934999942779541,5.934999942779541,300.0
2024-03-01 10:32:00,ALDX,4.09499979019165,4.09499979019165,4.09499979019165,4.09499979019165,4.09499979019165,502.0
2024-03-01 10:32:00,ALEC,7.440000057220459,7.440000057220459,7.449999809265137,7.440000057220459,7.449999809265137,259.0
2024-03-01 10:32:00,ALGN,298.5299987792969,298.5299987792969,298.5299987792969,298.5299987792969,298.5299987792969,238.0
2024-03-01 10:32:00,ALHC,5.75,5.75,5.760000228881836,5.75,5.760000228881836,613.0
2024-03-01 10:32:00,ALKS,30.149999618530273,30.149999618530273,30.165000915527344,30.149999618530273,30.149999618530273,2665.0
2024-03-01 10:32:00,ALNY,153.91990661621094,153.91990661621094,153.91990661621094,153.8800048828125,153.8800048828125,330.0
2024-03-01 10:32:00,ALT,12.1899995803833,12.1899995803833,12.220000267028809,12.170000076293945,12.220000267028809,10905.0
2024-03-01 10:32:00,ALVO,15.649999618530273,15.649999618530273,15.649999618530273,15.649999618530273,15.649999618530273,100.0
2024-03-01 10:32:00,ALVR,0.7476999759674072,0.7476999759674072,0.7498999834060669,0.7473999857902527,0.7498999834060669,6713.0
2024-03-01 10:32:00,ALXO,14.90999984741211,14.90999984741211,14.930000305175781,14.90999984741211,14.930000305175781,300.0
2024-03-01 10:32:00,AMED,93.37000274658203,93.37000274658203,93.37000274658203,93.37000274658203,93.37000274658203,181.0
2024-03-01 10:32:00,AMGN,281.05499267578125,281.05499267578125,281.32000732421875,281.0299987792969,281.0899963378906,6292.0
2024-03-01 10:32:00,AMLX,18.81999969482422,18.81999969482422,18.859899520874023,18.81999969482422,18.859899520874023,1104.0
2024-03-01 10:32:00,AMRN,1.0241999626159668,1.0241999626159668,1.0288000106811523,1.0199999809265137,1.0199999809265137,0.0
2024-03-01 10:32:00,ANGO,5.40500020980835,5.40500020980835,5.40500020980835,5.40500020980835,5.40500020980835,141.0
2024-03-01 10:32:00,ANIP,67.9000015258789,67.9000015258789,68.30000305175781,67.9000015258789,68.30000305175781,586.0
2024-03-01 10:32:00,ANTX,2.969899892807007,2.969899892807007,2.969899892807007,2.969899892807007,2.969899892807007,0.0
2024-03-01 10:32:00,APLS,63.48500061035156,63.48500061035156,63.5,63.33000183105469,63.3650016784668,14861.0
2024-03-01 10:32:00,APLT,7.375,7.375,7.400000095367432,7.375,7.375,2349.0
2024-03-01 10:32:00,AQST,4.230000019073486,4.230000019073486,4.239999771118164,4.230000019073486,4.230000019073486,1601.0
2024-03-01 10:32:00,ARAY,2.609999895095825,2.609999895095825,2.609999895095825,2.609999895095825,2.609999895095825,140.0
2024-03-01 10:32:00,ARDX,9.609999656677246,9.609999656677246,9.63029956817627,9.604999542236328,9.63029956817627,4889.0
2024-03-01 10:32:00,ARQT,11.055000305175781,11.055000305175781,11.059900283813477,10.989999771118164,10.989999771118164,7583.0
2024-03-01 10:32:00,ARVN,51.07500076293945,51.07500076293945,51.07500076293945,51.069000244140625,51.069000244140625,756.0
2024-03-01 10:32:00,ARWR,34.70000076293945,34.70000076293945,34.939998626708984,34.66999816894531,34.939998626708984,3593.0
2024-03-01 10:32:00,ASMB,13.038599967956543,13.038599967956543,13.038599967956543,13.038599967956543,13.038599967956543,480.0
2024-03-01 10:32:00,ASND,148.75,148.75,149.2550048828125,148.75,148.97000122070312,2829.0
2024-03-01 10:32:00,ASRT,0.9290000200271606,0.9290000200271606,0.9290000200271606,0.9290000200271606,0.9290000200271606,200.0
2024-03-01 10:32:00,ATAI,1.972000002861023,1.972000002861023,1.9739999771118164,1.972000002861023,1.9739999771118164,2007.0
2024-03-01 10:32:00,ATEC,13.354000091552734,13.354000091552734,13.369400024414062,13.354000091552734,13.364999771118164,3495.0
2024-03-01 10:32:00,ATRA,0.8299000263214111,0.8299000263214111,0.8299000263214111,0.8165000081062317,0.817799985408783,16136.0
2024-03-01 10:32:00,ATRC,35.56999969482422,35.56999969482422,35.56999969482422,35.56999969482422,35.56999969482422,108.0
2024-03-01 10:32:00,ATXI,0.1527000069618225,0.1527000069618225,0.1527000069618225,0.1527000069618225,0.1527000069618225,2000.0
2024-03-01 10:32:00,ATXS,15.359999656677246,15.359999656677246,15.395000457763672,15.210000038146973,15.210000038146973,30059.0
2024-03-01 10:32:00,AUGX,4.550000190734863,4.550000190734863,4.550000190734863,4.539999961853027,4.539999961853027,300.0
2024-03-01 10:32:00,AUPH,5.770999908447266,5.770999908447266,5.775000095367432,5.770999908447266,5.775000095367432,2187.0
2024-03-01 10:32:00,AURA,9.201000213623047,9.201000213623047,9.201000213623047,9.201000213623047,9.201000213623047,358.0
2024-03-01 10:32:00,AUTL,6.179999828338623,6.179999828338623,6.190000057220459,6.179999828338623,6.190000057220459,2740.0
2024-03-01 10:32:00,AVDL,12.699999809265137,12.699999809265137,12.717499732971191,12.699999809265137,12.717499732971191,2882.0
2024-03-01 10:32:00,AVGR,3.740000009536743,3.740000009536743,3.740000009536743,3.740000009536743,3.740000009536743,200.0
2024-03-01 10:32:00,AXNX,67.63999938964844,67.63999938964844,67.63999938964844,67.63999938964844,67.63999938964844,2395.0
2024-03-01 10:32:00,AXSM,83.38999938964844,83.38999938964844,83.63500213623047,83.38999938964844,83.57749938964844,1671.0
2024-03-01 10:32:00,AZN,64.63999938964844,64.63999938964844,64.63999938964844,64.61499786376953,64.62999725341797,3031.0
2024-03-01 10:32:00,BBIO,36.04999923706055,36.04999923706055,36.04999923706055,36.04999923706055,36.04999923706055,111.0
2024-03-01 10:32:00,BBLG,2.549999952316284,2.549999952316284,2.549999952316284,2.509999990463257,2.509999990463257,1322.0
2024-03-01 10:32:00,BCAB,2.7999000549316406,2.7999000549316406,2.819999933242798,2.7999000549316406,2.819999933242798,1685.0
2024-03-01 10:32:00,BCRX,5.789999961853027,5.789999961853027,5.789999961853027,5.784999847412109,5.784999847412109,2394.0
2024-03-01 10:32:00,BDTX,5.204999923706055,5.204999923706055,5.21999979019165,5.204999923706055,5.21999979019165,593.0
2024-03-01 10:32:00,BEAM,40.75,40.75,40.935001373291016,40.75,40.88999938964844,1678.0
2024-03-01 10:32:00,BIIB,220.02000427246094,220.02000427246094,220.02000427246094,219.89500427246094,219.89500427246094,1217.0
2024-03-01 10:32:00,BIOR,1.2458000183105469,1.2458000183105469,1.2458000183105469,1.2308000326156616,1.2308000326156616,415.0
2024-03-01 10:32:00,BIVI,2.640000104904175,2.640000104904175,2.680000066757202,2.630000114440918,2.6500000953674316,76391.0
2024-03-01 10:32:00,BLFS,17.81999969482422,17.81999969482422,17.81999969482422,17.81999969482422,17.81999969482422,176.0
2024-03-01 10:32:00,BLUE,1.6230000257492065,1.6230000257492065,1.6299999952316284,1.6201000213623047,1.625,5471.0
2024-03-01 10:32:00,BMEA,17.670000076293945,17.670000076293945,17.700000762939453,17.670000076293945,17.700000762939453,798.0
2024-03-01 10:32:00,BMRN,86.41999816894531,86.41999816894531,86.5,86.41999816894531,86.5,1195.0
2024-03-01 10:32:00,BNGO,1.25,1.25,1.25,1.25,1.25,1542.0
2024-03-01 10:32:00,BNTC,5.090000152587891,5.090000152587891,5.090000152587891,5.090000152587891,5.090000152587891,40.0
2024-03-01 10:32:00,BNTX,91.27999877929688,91.27999877929688,91.33989715576172,91.20999908447266,91.33989715576172,3637.0
2024-03-01 10:32:00,BOLT,1.1699999570846558,1.1699999570846558,1.1699999570846558,1.1699999570846558,1.1699999570846558,300.0
2024-03-01 10:32:00,BPMC,97.5250015258789,97.5250015258789,97.5250015258789,97.5250015258789,97.5250015258789,271.0
2024-03-01 10:32:00,BRKR,87.6500015258789,87.6500015258789,87.66999816894531,87.61000061035156,87.66999816894531,801.0
2024-03-01 10:32:00,BRTX,1.5,1.5,1.5,1.5,1.5,0.0
2024-03-01 10:32:00,BSGM,0.6539999842643738,0.6539999842643738,0.6539999842643738,0.6539999842643738,0.6539999842643738,427.0
2024-03-01 10:32:00,BTAI,3.2702999114990234,3.2702999114990234,3.2702999114990234,3.2702999114990234,3.2702999114990234,3063.0
2024-03-01 10:32:00,BTTX,0.1632000058889389,0.1632000058889389,0.1632000058889389,0.1632000058889389,0.1632000058889389,2550.0
2024-03-01 10:32:00,BWAY,6.649899959564209,6.649899959564209,6.649899959564209,6.649899959564209,6.649899959564209,0.0
2024-03-01 10:32:00,CABA,24.149999618530273,24.149999618530273,24.149999618530273,24.149999618530273,24.149999618530273,404.0
2024-03-01 10:32:00,CAPR,4.5320000648498535,4.5320000648498535,4.5320000648498535,4.5320000648498535,4.5320000648498535,686.0
2024-03-01 10:32:00,CARA,0.8895000219345093,0.8895000219345093,0.8895000219345093,0.8858000040054321,0.8894000053405762,5890.0
2024-03-01 10:32:00,CBAY,32.224998474121094,32.224998474121094,32.22999954223633,32.224998474121094,32.22999954223633,1598.0
2024-03-01 10:32:00,CCCC,11.039999961853027,11.039999961853027,11.050000190734863,11.020000457763672,11.020000457763672,6261.0
2024-03-01 10:32:00,CDMO,7.880000114440918,7.880000114440918,7.880000114440918,7.869999885559082,7.869999885559082,1111.0
2024-03-01 10:32:00,CDNA,12.279999732971191,12.279999732971191,12.279999732971191,12.26200008392334,12.279899597167969,1677.0
2024-03-01 10:32:00,CDTX,0.7245000004768372,0.7245000004768372,0.7245000004768372,0.7245000004768372,0.7245000004768372,2000.0
2024-03-01 10:32:00,CDXS,4.180099964141846,4.180099964141846,4.21999979019165,4.180099964141846,4.21999979019165,2489.0
2024-03-01 10:32:00,CERE,41.220001220703125,41.220001220703125,41.220001220703125,41.18000030517578,41.20500183105469,26896.0
2024-03-01 10:32:00,CERS,2.194000005722046,2.194000005722046,2.194000005722046,2.194000005722046,2.194000005722046,1232.0
2024-03-01 10:32:00,CGC,3.2186999320983887,3.2186999320983887,3.2186999320983887,3.2100000381469727,3.2100000381469727,3008.0
2024-03-01 10:32:00,CGEN,2.684999942779541,2.684999942779541,2.684999942779541,2.684999942779541,2.684999942779541,103.0
2024-03-01 10:32:00,CHRS,2.315000057220459,2.315000057220459,2.315000057220459,2.315000057220459,2.315000057220459,100.0
2024-03-01 10:32:00,CKPT,2.1695001125335693,2.1695001125335693,2.1695001125335693,2.1649999618530273,2.1649999618530273,1015.0
2024-03-01 10:32:00,CLDX,51.71500015258789,51.71500015258789,51.71500015258789,51.59000015258789,51.709999084472656,1878.0
2024-03-01 10:32:00,CLNN,0.3935000002384186,0.3935000002384186,0.3935000002384186,0.3935000002384186,0.3935000002384186,600.0
2024-03-01 10:32:00,CLOV,0.8695999979972839,0.8695999979972839,0.8695999979972839,0.8694000244140625,0.8694000244140625,38103.0
2024-03-01 10:32:00,CLRB,4.029699802398682,4.029699802398682,4.044300079345703,4.029699802398682,4.044300079345703,5065.0
2024-03-01 10:32:00,COGT,7.340000152587891,7.340000152587891,7.34499979019165,7.329999923706055,7.34499979019165,3742.0
2024-03-01 10:32:00,COLL,37.380001068115234,37.380001068115234,37.380001068115234,37.36199951171875,37.36199951171875,495.0
2024-03-01 10:32:00,CORT,23.774999618530273,23.774999618530273,23.774999618530273,23.774999618530273,23.774999618530273,106.0
2024-03-01 10:32:00,CPRX,17.109500885009766,17.109500885009766,17.110000610351562,17.09000015258789,17.09000015258789,3010.0
2024-03-01 10:32:00,CRBP,31.604999542236328,31.604999542236328,31.604999542236328,31.604999542236328,31.604999542236328,1735.0
2024-03-01 10:32:00,CRBU,8.049599647521973,8.049599647521973,8.049599647521973,8.049599647521973,8.049599647521973,581.0
2024-03-01 10:32:00,CRDF,2.5,2.5,2.515000104904175,2.4900999069213867,2.515000104904175,25249.0
2024-03-01 10:32:00,CRDL,1.9900000095367432,1.9900000095367432,2.0,1.9900000095367432,1.9900000095367432,3858.0
2024-03-01 10:32:00,CRMD,3.6600000858306885,3.6600000858306885,3.6600000858306885,3.6600000858306885,3.6600000858306885,328.0
2024-03-01 10:32:00,CRNX,45.15999984741211,45.15999984741211,45.15999984741211,45.08000183105469,45.11000061035156,1934.0
2024-03-01 10:32:00,CRON,2.0499000549316406,2.0499000549316406,2.049999952316284,2.04010009765625,2.049999952316284,3925.0
2024-03-01 10:32:00,CRSP,86.36990356445312,86.36990356445312,86.4406967163086,86.35900115966797,86.4406967163086,1396.0
2024-03-01 10:32:00,CSTL,19.920000076293945,19.920000076293945,19.924999237060547,19.871200561523438,19.924999237060547,742.0
2024-03-01 10:32:00,CUE,2.140000104904175,2.140000104904175,2.140000104904175,2.140000104904175,2.140000104904175,0.0
2024-03-01 10:32:00,CUTR,2.319999933242798,2.319999933242798,2.349900007247925,2.319999933242798,2.349900007247925,5546.0
2024-03-01 10:32:00,CVRX,19.721399307250977,19.721399307250977,19.721399307250977,19.721399307250977,19.721399307250977,419.0
2024-03-01 10:32:00,CYTO,2.0999999046325684,2.0999999046325684,2.0999999046325684,2.0167999267578125,2.0167999267578125,8528.0
2024-03-01 10:32:00,DARE,0.5799999833106995,0.5799999833106995,0.5799999833106995,0.5799000263214111,0.5799999833106995,10870.0
2024-03-01 10:32:00,DAWN,16.979999542236328,16.979999542236328,16.979999542236328,16.979999542236328,16.979999542236328,409.0
2024-03-01 10:32:00,DCPH,17.0,17.0,17.0,17.0,17.0,364.0
2024-03-01 10:32:00,DH,9.130000114440918,9.130000114440918,9.149999618530273,9.130000114440918,9.149999618530273,421.0
2024-03-01 10:32:00,DMTK,0.8899000287055969,0.8899000287055969,0.8899999856948853,0.8500000238418579,0.8500000238418579,9404.0
2024-03-01 10:32:00,DTIL,12.9399995803833,12.9399995803833,12.9399995803833,12.778200149536133,12.778200149536133,1612.0
2024-03-01 10:32:00,DVAX,12.734999656677246,12.734999656677246,12.739999771118164,12.734999656677246,12.734999656677246,1774.0
2024-03-01 10:32:00,DXCM,117.7750015258789,117.7750015258789,117.83999633789062,117.68499755859375,117.73999786376953,13890.0
2024-03-01 10:32:00,DYN,29.979999542236328,29.979999542236328,30.100000381469727,29.829999923706055,30.065000534057617,4821.0
2024-03-01 10:32:00,EDIT,10.909899711608887,10.909899711608887,10.909899711608887,10.869999885559082,10.880000114440918,3539.0
2024-03-01 10:32:00,EGRX,6.460000038146973,6.460000038146973,6.460000038146973,6.429999828338623,6.429999828338623,861.0
2024-03-01 10:32:00,ELEV,4.940000057220459,4.940000057220459,5.025000095367432,4.940000057220459,5.010000228881836,57427.0
2024-03-01 10:32:00,EMBC,14.430000305175781,14.430000305175781,14.4399995803833,14.430000305175781,14.4399995803833,478.0
2024-03-01 10:32:00,ENSG,124.3499984741211,124.3499984741211,124.43000030517578,124.3499984741211,124.43000030517578,1016.0
2024-03-01 10:32:00,ENTA,14.919899940490723,14.919899940490723,14.919899940490723,14.919899940490723,14.919899940490723,3006.0
2024-03-01 10:32:00,ENVB,1.6699999570846558,1.6699999570846558,1.6699999570846558,1.659999966621399,1.659999966621399,13047.0
2024-03-01 10:32:00,EOLS,14.739999771118164,14.739999771118164,14.760000228881836,14.720000267028809,14.739999771118164,3340.0
2024-03-01 10:32:00,ERAS,2.490000009536743,2.490000009536743,2.490000009536743,2.490000009536743,2.490000009536743,651.0
2024-03-01 10:32:00,ESPR,2.484999895095825,2.484999895095825,2.487499952316284,2.4839999675750732,2.484999895095825,5774.0
2024-03-01 10:32:00,ESTA,45.38999938964844,45.38999938964844,45.48500061035156,45.38999938964844,45.48500061035156,920.0
2024-03-01 10:32:00,ETNB,12.899999618530273,12.899999618530273,12.899999618530273,12.885000228881836,12.885000228881836,603.0
2024-03-01 10:32:00,ETON,4.480000019073486,4.480000019073486,4.480000019073486,4.480000019073486,4.480000019073486,0.0
2024-03-01 10:32:00,EVO,7.420000076293945,7.420000076293945,7.429999828338623,7.420000076293945,7.429999828338623,24590.0
2024-03-01 10:32:00,EWTX,16.739999771118164,16.739999771118164,16.739999771118164,16.739999771118164,16.739999771118164,300.0
2024-03-01 10:32:00,EXAI,6.690000057220459,6.690000057220459,6.690000057220459,6.679999828338623,6.679999828338623,297.0
2024-03-01 10:32:00,EXAS,59.829898834228516,59.829898834228516,59.880001068115234,59.80500030517578,59.880001068115234,8124.0
2024-03-01 10:32:00,EXEL,22.480100631713867,22.480100631713867,22.480100631713867,22.480100631713867,22.480100631713867,295.0
2024-03-01 10:32:00,EYEN,2.1600000858306885,2.1600000858306885,2.190000057220459,2.1500000953674316,2.1500000953674316,24193.0
2024-03-01 10:32:00,EYPT,28.43000030517578,28.43000030517578,28.43000030517578,28.43000030517578,28.43000030517578,334.0
2024-03-01 10:32:00,FATE,7.485000133514404,7.485000133514404,7.489999771118164,7.485000133514404,7.489999771118164,816.0
2024-03-01 10:32:00,FGEN,1.7050000429153442,1.7050000429153442,1.7050000429153442,1.7050000429153442,1.7050000429153442,132.0
2024-03-01 10:32:00,FLGT,22.9960994720459,22.9960994720459,22.9960994720459,22.9960994720459,22.9960994720459,224.0
2024-03-01 10:32:00,FOLD,13.5,13.5,13.529999732971191,13.494999885559082,13.529999732971191,1075.0
2024-03-01 10:32:00,FULC,10.670000076293945,10.670000076293945,10.670000076293945,10.670000076293945,10.670000076293945,400.0
2024-03-01 10:32:00,FUSN,12.229999542236328,12.229999542236328,12.25,12.229999542236328,12.25,628.0
2024-03-01 10:32:00,FWBI,8.095000267028809,8.095000267028809,8.095000267028809,8.095000267028809,8.095000267028809,53.0
2024-03-01 10:32:00,GBIO,2.4700000286102295,2.4700000286102295,2.4700000286102295,2.4700000286102295,2.4700000286102295,301.0
2024-03-01 10:32:00,GDRX,8.298800468444824,8.298800468444824,8.298999786376953,8.295000076293945,8.298800468444824,2134.0
2024-03-01 10:32:00,GERN,2.1050000190734863,2.1050000190734863,2.1050000190734863,2.0999999046325684,2.100100040435791,9088.0
2024-03-01 10:32:00,GH,19.21500015258789,19.21500015258789,19.2549991607666,19.209999084472656,19.2549991607666,1814.0
2024-03-01 10:32:00,GILD,72.58499908447266,72.58499908447266,72.62000274658203,72.58499908447266,72.62000274658203,2793.0
2024-03-01 10:32:00,GLYC,2.9544999599456787,2.9544999599456787,2.9544999599456787,2.9544999599456787,2.9544999599456787,113.0
2024-03-01 10:32:00,GOSS,1.3600000143051147,1.3600000143051147,1.3600000143051147,1.3600000143051147,1.3600000143051147,203.0
2024-03-01 10:32:00,GOVX,2.539299964904785,2.539299964904785,2.539299964904785,2.539299964904785,2.539299964904785,443.0
2024-03-01 10:32:00,GRFS,6.994999885559082,6.994999885559082,6.999899864196777,6.954999923706055,6.954999923706055,12099.0
2024-03-01 10:32:00,GRTS,2.1294000148773193,2.1294000148773193,2.1298999786376953,2.125,2.125,9960.0
2024-03-01 10:32:00,GTHX,3.5199999809265137,3.5199999809265137,3.5199999809265137,3.505000114440918,3.515000104904175,1815.0
2024-03-01 10:32:00,HALO,41.29999923706055,41.29999923706055,41.33000183105469,41.29999923706055,41.31999969482422,2259.0
2024-03-01 10:32:00,HARP,22.940000534057617,22.940000534057617,22.944000244140625,22.940000534057617,22.944000244140625,2876.0
2024-03-01 10:32:00,HBIO,4.320000171661377,4.320000171661377,4.320000171661377,4.320000171661377,4.320000171661377,330.0
2024-03-01 10:32:00,HCAT,8.020000457763672,8.020000457763672,8.026000022888184,8.020000457763672,8.024999618530273,1082.0
2024-03-01 10:32:00,HCSG,12.670000076293945,12.670000076293945,12.675000190734863,12.670000076293945,12.675000190734863,688.0
2024-03-01 10:32:00,HCTI,2.4200000762939453,2.4200000762939453,2.4375,2.4200000762939453,2.4375,2424.0
2024-03-01 10:32:00,HITI,1.7555999755859375,1.7555999755859375,1.7555999755859375,1.7555999755859375,1.7555999755859375,1086.0
2024-03-01 10:32:00,HQY,82.5094985961914,82.5094985961914,82.54000091552734,82.36000061035156,82.36000061035156,5403.0
2024-03-01 10:32:00,HRMY,31.43000030517578,31.43000030517578,31.43000030517578,31.43000030517578,31.43000030517578,413.0
2024-03-01 10:32:00,HROW,10.829999923706055,10.829999923706055,10.829999923706055,10.829999923706055,10.829999923706055,200.0
2024-03-01 10:32:00,HRTX,2.6389999389648438,2.6389999389648438,2.640000104904175,2.6389999389648438,2.640000104904175,305.0
2024-03-01 10:32:00,HSIC,77.30000305175781,77.30000305175781,77.30000305175781,77.2699966430664,77.29000091552734,914.0
2024-03-01 10:32:00,HUMA,3.177500009536743,3.177500009536743,3.1798999309539795,3.1700000762939453,3.177500009536743,2937.0
2024-03-01 10:32:00,IART,36.845001220703125,36.845001220703125,36.849998474121094,36.810001373291016,36.810001373291016,2906.0
2024-03-01 10:32:00,IBRX,4.769999980926514,4.769999980926514,4.800000190734863,4.769999980926514,4.800000190734863,3307.0
2024-03-01 10:32:00,ICLR,322.6499938964844,322.6499938964844,322.7850036621094,322.6499938964844,322.7449951171875,1113.0
2024-03-01 10:32:00,ICUI,105.95999908447266,105.95999908447266,106.05999755859375,105.95999908447266,106.05999755859375,582.0
2024-03-01 10:32:00,IDXX,572.8400268554688,572.8400268554688,572.8400268554688,572.8400268554688,572.8400268554688,136.0
2024-03-01 10:32:00,IGMS,13.514900207519531,13.514900207519531,13.514900207519531,13.514900207519531,13.514900207519531,231.0
2024-03-01 10:32:00,IKNA,1.4700000286102295,1.4700000286102295,1.4700000286102295,1.4699000120162964,1.4700000286102295,5172.0
2024-03-01 10:32:00,IKT,2.187999963760376,2.187999963760376,2.187999963760376,2.187999963760376,2.187999963760376,0.0
2024-03-01 10:32:00,ILMN,140.25,140.25,140.27999877929688,140.21499633789062,140.27999877929688,1657.0
2024-03-01 10:32:00,IMNM,25.0939998626709,25.0939998626709,25.0939998626709,25.0939998626709,25.0939998626709,335.0
2024-03-01 10:32:00,IMNN,1.0398000478744507,1.0398000478744507,1.0398000478744507,1.0398000478744507,1.0398000478744507,6000.0
2024-03-01 10:32:00,IMTX,12.96500015258789,12.96500015258789,12.96500015258789,12.96500015258789,12.96500015258789,240.0
2024-03-01 10:32:00,IMUX,1.51010000705719,1.51010000705719,1.5199999809265137,1.5099999904632568,1.5199999809265137,2757.0
2024-03-01 10:32:00,IMVT,36.369998931884766,36.369998931884766,36.369998931884766,36.369998931884766,36.369998931884766,145.0
2024-03-01 10:32:00,INBX,36.900001525878906,36.900001525878906,36.900001525878906,36.900001525878906,36.900001525878906,7860.0
2024-03-01 10:32:00,INCY,59.16999816894531,59.16999816894531,59.2400016784668,59.16999816894531,59.18000030517578,2663.0
2024-03-01 10:32:00,INGN,6.71999979019165,6.71999979019165,6.71999979019165,6.71999979019165,6.71999979019165,142.0
2024-03-01 10:32:00,INMD,22.638999938964844,22.638999938964844,22.649999618530273,22.625,22.639999389648438,2096.0
2024-03-01 10:32:00,INO,8.831999778747559,8.831999778747559,8.831999778747559,8.831999778747559,8.831999778747559,617.0
2024-03-01 10:32:00,INSM,28.450000762939453,28.450000762939453,28.469999313354492,28.450000762939453,28.450000762939453,1212.0
2024-03-01 10:32:00,INVA,15.524999618530273,15.524999618530273,15.539999961853027,15.520000457763672,15.520000457763672,898.0
2024-03-01 10:32:00,IONS,45.77000045776367,45.77000045776367,45.790000915527344,45.77000045776367,45.779998779296875,369.0
2024-03-01 10:32:00,IOVA,16.600000381469727,16.600000381469727,16.600000381469727,16.549999237060547,16.575000762939453,23935.0
2024-03-01 10:32:00,IRWD,8.944999694824219,8.944999694824219,8.958900451660156,8.944999694824219,8.958900451660156,10266.0
2024-03-01 10:32:00,ISRG,389.239990234375,389.239990234375,389.239990234375,388.9649963378906,389.2200012207031,1528.0
2024-03-01 10:32:00,ITCI,71.51000213623047,71.51000213623047,71.68000030517578,71.51000213623047,71.68000030517578,1034.0
2024-03-01 10:32:00,IVVD,3.9800000190734863,3.9800000190734863,3.9800000190734863,3.9800000190734863,3.9800000190734863,0.0
2024-03-01 10:32:00,JAGX,0.08699999749660492,0.08699999749660492,0.08829999715089798,0.0851999968290329,0.08810000121593475,847083.0
2024-03-01 10:32:00,JANX,46.30500030517578,46.30500030517578,46.30500030517578,46.30500030517578,46.30500030517578,344.0
2024-03-01 10:32:00,JAZZ,120.11000061035156,120.11000061035156,120.41000366210938,120.11000061035156,120.37999725341797,2228.0
2024-03-01 10:32:00,JYNT,9.960000038146973,9.960000038146973,9.960000038146973,9.960000038146973,9.960000038146973,313.0
2024-03-01 10:32:00,KALV,14.0,14.0,14.0,13.9399995803833,13.9399995803833,1616.0
2024-03-01 10:32:00,KIDS,27.1299991607666,27.1299991607666,27.1299991607666,27.1299991607666,27.1299991607666,276.0
2024-03-01 10:32:00,KNTE,2.609999895095825,2.609999895095825,2.609999895095825,2.609999895095825,2.609999895095825,0.0
2024-03-01 10:32:00,KOD,6.034999847412109,6.034999847412109,6.034999847412109,6.034999847412109,6.034999847412109,113.0
2024-03-01 10:32:00,KPRX,0.6675000190734863,0.6675000190734863,0.6675000190734863,0.6675000190734863,0.6675000190734863,4000.0
2024-03-01 10:32:00,KROS,69.27999877929688,69.27999877929688,69.27999877929688,69.08999633789062,69.08999633789062,2157.0
2024-03-01 10:32:00,KRTX,316.1400146484375,316.1400146484375,316.1400146484375,316.1400146484375,316.1400146484375,352.0
2024-03-01 10:32:00,KURA,21.153200149536133,21.153200149536133,21.153200149536133,21.1299991607666,21.1299991607666,358.0
2024-03-01 10:32:00,KZIA,0.2199999988079071,0.2199999988079071,0.23499999940395355,0.21660000085830688,0.23499999940395355,25605.0
2024-03-01 10:32:00,KZR,1.1100000143051147,1.1100000143051147,1.1101000308990479,1.100100040435791,1.1100000143051147,15044.0
2024-03-01 10:32:00,LAB,2.3299999237060547,2.3299999237060547,2.3299999237060547,2.325000047683716,2.327500104904175,613.0
2024-03-01 10:32:00,LFMD,7.960000038146973,7.960000038146973,7.989999771118164,7.960000038146973,7.989999771118164,2937.0
2024-03-01 10:32:00,LFST,8.005000114440918,8.005000114440918,8.007499694824219,7.989999771118164,8.005000114440918,8024.0
2024-03-01 10:32:00,LGND,80.78269958496094,80.78269958496094,80.78269958496094,80.78269958496094,80.78269958496094,1047.0
2024-03-01 10:32:00,LGVN,0.550000011920929,0.550000011920929,0.550000011920929,0.545199990272522,0.545199990272522,1386.0
2024-03-01 10:32:00,LIFE,1.9259999990463257,1.9259999990463257,1.9259999990463257,1.9200999736785889,1.9200999736785889,3098.0
2024-03-01 10:32:00,LIVN,55.02000045776367,55.02000045776367,55.02000045776367,55.02000045776367,55.02000045776367,301.0
2024-03-01 10:32:00,LQDA,14.430000305175781,14.430000305175781,14.430100440979004,14.430000305175781,14.430100440979004,906.0
2024-03-01 10:32:00,LXRX,2.4149999618530273,2.4149999618530273,2.4149999618530273,2.4149999618530273,2.4149999618530273,1674.0
2024-03-01 10:32:00,LYEL,3.0999999046325684,3.0999999046325684,3.0999999046325684,3.0999999046325684,3.0999999046325684,542.0
2024-03-01 10:32:00,MASI,127.2509994506836,127.2509994506836,127.2509994506836,127.2509994506836,127.2509994506836,240.0
2024-03-01 10:32:00,MCRB,1.1894999742507935,1.1894999742507935,1.1894999742507935,1.1894999742507935,1.1894999742507935,500.0
2024-03-01 10:32:00,MDRX,5.849999904632568,5.849999904632568,5.949999809265137,5.75,5.75,50618.0
2024-03-01 10:32:00,MDXG,8.444999694824219,8.444999694824219,8.444999694824219,8.444999694824219,8.444999694824219,224.0
2024-03-01 10:32:00,ME,0.5698999762535095,0.5698999762535095,0.5720999836921692,0.5685999989509583,0.5685999989509583,47667.0
2024-03-01 10:32:00,MGNX,19.239999771118164,19.239999771118164,19.260099411010742,19.239999771118164,19.260000228881836,2335.0
2024-03-01 10:32:00,MIRM,29.299999237060547,29.299999237060547,29.299999237060547,29.299999237060547,29.299999237060547,990.0
2024-03-01 10:32:00,MLTX,52.25,52.25,52.25,52.189998626708984,52.189998626708984,1149.0
2024-03-01 10:32:00,MMSI,76.47000122070312,76.47000122070312,76.56999969482422,76.47000122070312,76.5250015258789,1324.0
2024-03-01 10:32:00,MNKD,4.5,4.5,4.519899845123291,4.5,4.519899845123291,11175.0
2024-03-01 10:32:00,MNMD,5.850100040435791,5.850100040435791,5.850100040435791,5.829999923706055,5.849899768829346,1132.0
2024-03-01 10:32:00,MODV,28.1299991607666,28.1299991607666,28.1299991607666,27.756999969482422,27.809999465942383,5377.0
2024-03-01 10:32:00,MOR,17.684999465942383,17.684999465942383,17.684999465942383,17.684999465942383,17.684999465942383,14.0
2024-03-01 10:32:00,MREO,3.8499999046325684,3.8499999046325684,3.8689000606536865,3.8450000286102295,3.865000009536743,7807.0
2024-03-01 10:32:00,MRNA,95.4800033569336,95.4800033569336,95.64990234375,95.4000015258789,95.64990234375,5265.0
2024-03-01 10:32:00,MRNS,9.67300033569336,9.67300033569336,9.681300163269043,9.67300033569336,9.681300163269043,1165.0
2024-03-01 10:32:00,MRSN,5.869999885559082,5.869999885559082,5.90500020980835,5.869999885559082,5.885000228881836,1456.0
2024-03-01 10:32:00,MRUS,49.46500015258789,49.46500015258789,49.54999923706055,49.46500015258789,49.54999923706055,904.0
2024-03-01 10:32:00,MRVI,7.804999828338623,7.804999828338623,7.809999942779541,7.789999961853027,7.789999961853027,3188.0
2024-03-01 10:32:00,MXCT,4.769999980926514,4.769999980926514,4.784999847412109,4.769999980926514,4.784999847412109,1856.0
2024-03-01 10:32:00,MYGN,21.079999923706055,21.079999923706055,21.079999923706055,21.079999923706055,21.079999923706055,362.0
2024-03-01 10:32:00,MYNZ,0.8700000047683716,0.8700000047683716,0.8700000047683716,0.8700000047683716,0.8700000047683716,1044.0
2024-03-01 10:32:00,NEO,16.06999969482422,16.06999969482422,16.079999923706055,16.059999465942383,16.079999923706055,763.0
2024-03-01 10:32:00,NEOG,17.06999969482422,17.06999969482422,17.06999969482422,17.045000076293945,17.049999237060547,1479.0
2024-03-01 10:32:00,NGM,1.5299999713897705,1.5299999713897705,1.5299999713897705,1.5299999713897705,1.5299999713897705,164.0
2024-03-01 10:32:00,NKTX,12.285200119018555,12.285200119018555,12.285200119018555,12.270099639892578,12.270099639892578,801.0
2024-03-01 10:32:00,NNOX,10.981100082397461,10.981100082397461,11.0,10.979999542236328,10.989999771118164,5194.0
2024-03-01 10:32:00,NRBO,5.600100040435791,5.600100040435791,5.600100040435791,5.599999904632568,5.599999904632568,346.0
2024-03-01 10:32:00,NRIX,13.127099990844727,13.127099990844727,13.127099990844727,13.127099990844727,13.127099990844727,300.0
2024-03-01 10:32:00,NRSN,1.9700000286102295,1.9700000286102295,1.9700000286102295,1.9700000286102295,1.9700000286102295,772.0
2024-03-01 10:32:00,NRXP,0.42010000348091125,0.42010000348091125,0.4300000071525574,0.42010000348091125,0.4300000071525574,9346.0
2024-03-01 10:32:00,NTLA,33.654998779296875,33.654998779296875,33.72990036010742,33.62009811401367,33.72990036010742,2310.0
2024-03-01 10:32:00,NTRA,88.83999633789062,88.83999633789062,88.98989868164062,88.83000183105469,88.98989868164062,1330.0
2024-03-01 10:32:00,NVAX,5.061100006103516,5.061100006103516,5.070000171661377,5.059999942779541,5.06879997253418,19159.0
2024-03-01 10:32:00,NVCR,15.579999923706055,15.579999923706055,15.579999923706055,15.550000190734863,15.550000190734863,529.0
2024-03-01 10:32:00,NVCT,10.520000457763672,10.520000457763672,10.520000457763672,10.520000457763672,10.520000457763672,100.0
2024-03-01 10:32:00,NVOS,0.6384000182151794,0.6384000182151794,0.6384000182151794,0.6384000182151794,0.6384000182151794,0.0
2024-03-01 10:32:00,NXTC,1.75,1.75,1.75,1.75,1.75,68.0
2024-03-01 10:32:00,OCGN,0.9218000173568726,0.9218000173568726,0.9222000241279602,0.9179999828338623,0.9222000241279602,2148.0
2024-03-01 10:32:00,OCUL,10.234999656677246,10.234999656677246,10.260000228881836,10.229999542236328,10.255000114440918,13718.0
2024-03-01 10:32:00,OCUP,2.5100998878479004,2.5100998878479004,2.5100998878479004,2.5100998878479004,2.5100998878479004,0.0
2024-03-01 10:32:00,OFIX,12.970000267028809,12.970000267028809,12.970000267028809,12.960000038146973,12.970000267028809,2567.0
2024-03-01 10:32:00,OM,3.053999900817871,3.053999900817871,3.053999900817871,3.053999900817871,3.053999900817871,455.0
2024-03-01 10:32:00,OMCL,26.360000610351562,26.360000610351562,26.3799991607666,26.34000015258789,26.3700008392334,846.0
2024-03-01 10:33:00,ABCL,5.138800144195557,5.138800144195557,5.138800144195557,5.130000114440918,5.130000114440918,4039.0
2024-03-01 10:33:00,ABEO,7.757199764251709,7.757199764251709,7.757199764251709,7.757199764251709,7.757199764251709,101.0
2024-03-01 10:33:00,ABOS,4.670000076293945,4.670000076293945,4.670000076293945,4.659999847412109,4.659999847412109,1955.0
2024-03-01 10:33:00,ABSI,5.21999979019165,5.21999979019165,5.21999979019165,5.210000038146973,5.215000152587891,7365.0
2024-03-01 10:33:00,ACAD,23.905000686645508,23.905000686645508,23.920000076293945,23.860000610351562,23.860000610351562,9247.0
2024-03-01 10:33:00,ACB,3.039799928665161,3.039799928665161,3.039799928665161,3.039799928665161,3.039799928665161,591.0
2024-03-01 10:33:00,ACCD,10.307000160217285,10.307000160217285,10.307000160217285,10.307000160217285,10.307000160217285,122.0
2024-03-01 10:33:00,ACET,2.3350000381469727,2.3350000381469727,2.3350000381469727,2.3350000381469727,2.3350000381469727,50.0
2024-03-01 10:33:00,ACLX,69.01499938964844,69.01499938964844,69.01499938964844,69.01499938964844,69.01499938964844,365.0
2024-03-01 10:33:00,ACON,0.3855000138282776,0.3855000138282776,0.3855000138282776,0.3855000138282776,0.3855000138282776,169.0
2024-03-01 10:33:00,ACRS,1.2300000190734863,1.2300000190734863,1.2300000190734863,1.2300000190734863,1.2300000190734863,128.0
2024-03-01 10:33:00,ADIL,3.484999895095825,3.484999895095825,3.5299999713897705,3.359999895095825,3.450000047683716,249680.0
2024-03-01 10:33:00,ADMA,5.389900207519531,5.389900207519531,5.389900207519531,5.385000228881836,5.385000228881836,1643.0
2024-03-01 10:33:00,ADPT,4.184999942779541,4.184999942779541,4.184999942779541,4.170000076293945,4.170000076293945,2916.0
2024-03-01 10:33:00,AFMD,0.6061000227928162,0.6061000227928162,0.6121000051498413,0.6061000227928162,0.6121000051498413,3955.0
2024-03-01 10:33:00,AGEN,0.66839998960495,0.66839998960495,0.6710000038146973,0.66839998960495,0.6710000038146973,26055.0
2024-03-01 10:33:00,AGIO,32.58000183105469,32.58000183105469,32.599998474121094,32.58000183105469,32.595001220703125,561.0
2024-03-01 10:33:00,AIRS,6.570000171661377,6.570000171661377,6.570000171661377,6.550000190734863,6.550000190734863,201.0
2024-03-01 10:33:00,AKAN,0.25060001015663147,0.25060001015663147,0.25060001015663147,0.2485000044107437,0.24959999322891235,6428.0
2024-03-01 10:33:00,AKRO,28.229999542236328,28.229999542236328,28.239999771118164,28.200000762939453,28.209999084472656,2838.0
2024-03-01 10:33:00,ALDX,4.098899841308594,4.098899841308594,4.098899841308594,4.09499979019165,4.09499979019165,603.0
2024-03-01 10:33:00,ALEC,7.480000019073486,7.480000019073486,7.480000019073486,7.449999809265137,7.449999809265137,2140.0
2024-03-01 10:33:00,ALGN,298.70001220703125,298.70001220703125,298.70001220703125,298.6199951171875,298.6199951171875,859.0
2024-03-01 10:33:00,ALHC,5.71999979019165,5.71999979019165,5.739999771118164,5.71999979019165,5.739999771118164,1412.0
2024-03-01 10:33:00,ALKS,30.165000915527344,30.165000915527344,30.165000915527344,30.15999984741211,30.15999984741211,566.0
2024-03-01 10:33:00,ALLK,1.597499966621399,1.597499966621399,1.597499966621399,1.597499966621399,1.597499966621399,400.0
2024-03-01 10:33:00,ALLO,4.980000019073486,4.980000019073486,4.985000133514404,4.974999904632568,4.974999904632568,3023.0
2024-03-01 10:33:00,ALLR,0.4024229943752289,0.4024229943752289,0.4024229943752289,0.40209999680519104,0.40209999680519104,13500.0
2024-03-01 10:33:00,ALNY,153.7949981689453,153.7949981689453,153.7949981689453,153.64280700683594,153.64280700683594,209.0
2024-03-01 10:33:00,ALPN,36.11000061035156,36.11000061035156,36.11000061035156,36.11000061035156,36.11000061035156,154.0
2024-03-01 10:33:00,ALT,12.210000038146973,12.210000038146973,12.221199989318848,12.181099891662598,12.181099891662598,8155.0
2024-03-01 10:33:00,ALVR,0.7473999857902527,0.7473999857902527,0.7473999857902527,0.7473999857902527,0.7473999857902527,926.0
2024-03-01 10:33:00,ALXO,14.90999984741211,14.90999984741211,14.90999984741211,14.90999984741211,14.90999984741211,247.0
2024-03-01 10:33:00,AMGN,281.17498779296875,281.17498779296875,281.2900085449219,281.05499267578125,281.05999755859375,8590.0
2024-03-01 10:33:00,AMPH,45.7599983215332,45.7599983215332,45.7599983215332,45.7599983215332,45.7599983215332,780.0
2024-03-01 10:33:00,AMRN,1.0199999809265137,1.0199999809265137,1.0199999809265137,1.0199999809265137,1.0199999809265137,120.0
2024-03-01 10:33:00,ANGO,5.400000095367432,5.400000095367432,5.400000095367432,5.400000095367432,5.400000095367432,258.0
2024-03-01 10:33:00,ANNX,5.860000133514404,5.860000133514404,5.889999866485596,5.860000133514404,5.889999866485596,1130.0
2024-03-01 10:33:00,ANTX,2.969899892807007,2.969899892807007,2.969899892807007,2.969599962234497,2.969599962234497,600.0
2024-03-01 10:33:00,APLS,63.494998931884766,63.494998931884766,63.529998779296875,63.400001525878906,63.44499969482422,3899.0
2024-03-01 10:33:00,AQST,4.239500045776367,4.239500045776367,4.2399001121521,4.229700088500977,4.231100082397461,1395.0
2024-03-01 10:33:00,ARCT,40.130001068115234,40.130001068115234,40.15999984741211,40.130001068115234,40.154998779296875,476.0
2024-03-01 10:33:00,ARDX,9.600000381469727,9.600000381469727,9.609999656677246,9.600000381469727,9.600000381469727,1168.0
2024-03-01 10:33:00,ARGX,384.44500732421875,384.44500732421875,384.44500732421875,384.4100036621094,384.4100036621094,3380.0
2024-03-01 10:33:00,ARQT,11.020000457763672,11.020000457763672,11.050000190734863,11.000100135803223,11.029999732971191,5686.0
2024-03-01 10:33:00,ARVN,51.060001373291016,51.060001373291016,51.08000183105469,51.0,51.040000915527344,3210.0
2024-03-01 10:33:00,ARWR,34.72999954223633,34.72999954223633,34.75,34.70000076293945,34.70000076293945,894.0
2024-03-01 10:33:00,ASND,148.7899932861328,148.7899932861328,148.7899932861328,148.7899932861328,148.7899932861328,512.0
2024-03-01 10:33:00,ASRT,0.9247999787330627,0.9247999787330627,0.9247999787330627,0.9247999787330627,0.9247999787330627,1.0
2024-03-01 10:33:00,ATAI,1.9700000286102295,1.9700000286102295,1.9700000286102295,1.9700000286102295,1.9700000286102295,302.0
2024-03-01 10:33:00,ATEC,13.329999923706055,13.329999923706055,13.359999656677246,13.329999923706055,13.359999656677246,3919.0
2024-03-01 10:33:00,ATNF,3.3008999824523926,3.3008999824523926,3.3008999824523926,3.3008999824523926,3.3008999824523926,810.0
2024-03-01 10:33:00,ATOS,0.9997000098228455,0.9997000098228455,0.9997000098228455,0.9997000098228455,0.9997000098228455,2004.0
2024-03-01 10:33:00,ATRA,0.8151000142097473,0.8151000142097473,0.8299999833106995,0.8151000142097473,0.8299999833106995,13328.0
2024-03-01 10:33:00,ATRC,35.564998626708984,35.564998626708984,35.564998626708984,35.554500579833984,35.554500579833984,650.0
2024-03-01 10:33:00,ATXS,15.390000343322754,15.390000343322754,15.390000343322754,15.390000343322754,15.390000343322754,407.0
2024-03-01 10:33:00,AUPH,5.78000020980835,5.78000020980835,5.78000020980835,5.77209997177124,5.77209997177124,0.0
2024-03-01 10:33:00,AUTL,6.199999809265137,6.199999809265137,6.209000110626221,6.190000057220459,6.190000057220459,2289.0
2024-03-01 10:33:00,AVDL,12.670000076293945,12.670000076293945,12.720000267028809,12.65999984741211,12.6899995803833,6473.0
2024-03-01 10:33:00,AVGR,3.7300000190734863,3.7300000190734863,3.7300000190734863,3.7300000190734863,3.7300000190734863,100.0
2024-03-01 10:33:00,AVXL,5.269999980926514,5.269999980926514,5.28000020980835,5.260300159454346,5.260300159454346,5395.0
2024-03-01 10:33:00,AXGN,10.513999938964844,10.513999938964844,10.513999938964844,10.513999938964844,10.513999938964844,167.0
2024-03-01 10:33:00,AXNX,67.6500015258789,67.6500015258789,67.6500015258789,67.6500015258789,67.6500015258789,479.0
2024-03-01 10:33:00,AXSM,83.40499877929688,83.40499877929688,83.40499877929688,83.40499877929688,83.40499877929688,690.0
2024-03-01 10:33:00,AZN,64.65499877929688,64.65499877929688,64.66999816894531,64.6500015258789,64.6500015258789,1797.0
2024-03-01 10:33:00,AZTA,66.2300033569336,66.2300033569336,66.30000305175781,66.2300033569336,66.30000305175781,2448.0
2024-03-01 10:33:00,BBIO,35.959999084472656,35.959999084472656,36.060001373291016,35.939998626708984,36.060001373291016,4216.0
2024-03-01 10:33:00,BBLG,2.5422000885009766,2.5422000885009766,2.569999933242798,2.5399999618530273,2.5399999618530273,1331.0
2024-03-01 10:33:00,BCAB,2.7892000675201416,2.7892000675201416,2.7899999618530273,2.7892000675201416,2.7899999618530273,610.0
2024-03-01 10:33:00,BCEL,0.2718999981880188,0.2718999981880188,0.2718999981880188,0.2718999981880188,0.2718999981880188,6642.0
2024-03-01 10:33:00,BCLI,0.3598000109195709,0.3598000109195709,0.3598000109195709,0.3598000109195709,0.3598000109195709,400.0
2024-03-01 10:33:00,BCRX,5.789999961853027,5.789999961853027,5.789999961853027,5.784999847412109,5.785999774932861,5089.0
2024-03-01 10:33:00,BCTX,3.4800000190734863,3.4800000190734863,3.4800000190734863,3.3801000118255615,3.3801000118255615,1390.0
2024-03-01 10:33:00,BDTX,5.190000057220459,5.190000057220459,5.230000019073486,5.190000057220459,5.204999923706055,11596.0
2024-03-01 10:33:00,BEAM,40.790000915527344,40.790000915527344,40.845001220703125,40.779998779296875,40.779998779296875,1856.0
2024-03-01 10:33:00,BGNE,166.2899932861328,166.2899932861328,166.2899932861328,166.2899932861328,166.2899932861328,184.0
2024-03-01 10:33:00,BIIB,220.0749969482422,220.0749969482422,220.0749969482422,220.05999755859375,220.05999755859375,955.0
2024-03-01 10:33:00,BIOL,0.1378999948501587,0.1378999948501587,0.1378999948501587,0.1378999948501587,0.1378999948501587,3773.0
2024-03-01 10:33:00,BIVI,2.589099884033203,2.589099884033203,2.6698999404907227,2.559999942779541,2.6500000953674316,206964.0
2024-03-01 10:33:00,BLFS,17.81999969482422,17.81999969482422,17.81999969482422,17.81999969482422,17.81999969482422,930.0
2024-03-01 10:33:00,BLUE,1.6201000213623047,1.6201000213623047,1.6299999952316284,1.6200000047683716,1.625,7867.0
2024-03-01 10:33:00,BMRN,86.45500183105469,86.45500183105469,86.45500183105469,86.45500183105469,86.45500183105469,379.0
2024-03-01 10:33:00,BNTX,91.32499694824219,91.32499694824219,91.32499694824219,91.32499694824219,91.32499694824219,827.0
2024-03-01 10:33:00,BPMC,97.44000244140625,97.44000244140625,97.5199966430664,97.44000244140625,97.5199966430664,603.0
2024-03-01 10:33:00,BRTX,1.5003999471664429,1.5003999471664429,1.5003999471664429,1.5003999471664429,1.5003999471664429,852.0
2024-03-01 10:33:00,BTAI,3.265000104904175,3.265000104904175,3.2850000858306885,3.259999990463257,3.2799999713897705,10159.0
2024-03-01 10:33:00,CABA,24.125,24.125,24.139999389648438,24.100099563598633,24.1299991607666,2855.0
2024-03-01 10:33:00,CAPR,4.599100112915039,4.599100112915039,4.599100112915039,4.599100112915039,4.599100112915039,57.0
2024-03-01 10:33:00,CARA,0.8999999761581421,0.8999999761581421,0.8999999761581421,0.8895000219345093,0.8895000219345093,1401.0
2024-03-01 10:33:00,CBAY,32.23500061035156,32.23500061035156,32.2400016784668,32.22999954223633,32.22999954223633,2806.0
2024-03-01 10:33:00,CCCC,11.00879955291748,11.00879955291748,11.039999961853027,11.0,11.03499984741211,1799.0
2024-03-01 10:33:00,CCRN,17.95009994506836,17.95009994506836,17.95009994506836,17.95009994506836,17.95009994506836,1181.0
2024-03-01 10:33:00,CDMO,7.889999866485596,7.889999866485596,7.889999866485596,7.869999885559082,7.869999885559082,351.0
2024-03-01 10:33:00,CDNA,12.279999732971191,12.279999732971191,12.294599533081055,12.279999732971191,12.289999961853027,2690.0
2024-03-01 10:33:00,CDXS,4.190299987792969,4.190299987792969,4.195000171661377,4.175000190734863,4.179999828338623,5984.0
2024-03-01 10:33:00,CELU,3.7019999027252197,3.7019999027252197,3.7019999027252197,3.7019999027252197,3.7019999027252197,300.0
2024-03-01 10:33:00,CERE,41.25,41.25,41.25,41.244998931884766,41.244998931884766,760.0
2024-03-01 10:33:00,CERS,2.194999933242798,2.194999933242798,2.194999933242798,2.194999933242798,2.194999933242798,49.0
2024-03-01 10:33:00,CERT,17.966999053955078,17.966999053955078,17.966999053955078,17.80500030517578,17.80500030517578,2599.0
2024-03-01 10:33:00,CGC,3.2149999141693115,3.2149999141693115,3.2149999141693115,3.2100000381469727,3.2100000381469727,344.0
2024-03-01 10:33:00,CGEM,18.889999389648438,18.889999389648438,18.889999389648438,18.889999389648438,18.889999389648438,200.0
2024-03-01 10:33:00,CGEN,2.689199924468994,2.689199924468994,2.689199924468994,2.689199924468994,2.689199924468994,153.0
2024-03-01 10:33:00,CHRS,2.319999933242798,2.319999933242798,2.319999933242798,2.311300039291382,2.311300039291382,1920.0
2024-03-01 10:33:00,CJJD,2.9433999061584473,2.9433999061584473,2.9433999061584473,2.9291000366210938,2.9291000366210938,336.0
2024-03-01 10:33:00,CLDX,51.96500015258789,51.96500015258789,52.0,51.77000045776367,51.77000045776367,10229.0
2024-03-01 10:33:00,CLOV,0.8671000003814697,0.8671000003814697,0.8695999979972839,0.8671000003814697,0.8695999979972839,33700.0
2024-03-01 10:33:00,CMMB,0.6470999717712402,0.6470999717712402,0.6470999717712402,0.6470999717712402,0.6470999717712402,1234.0
2024-03-01 10:33:00,CMRX,1.1301000118255615,1.1301000118255615,1.1301000118255615,1.1301000118255615,1.1301000118255615,2501.0
2024-03-01 10:33:00,CORT,23.795000076293945,23.795000076293945,23.81999969482422,23.774999618530273,23.774999618530273,2525.0
2024-03-01 10:33:00,COSM,0.7609000205993652,0.7609000205993652,0.7609000205993652,0.7609000205993652,0.7609000205993652,2020.0
2024-03-01 10:33:00,CPRX,17.165000915527344,17.165000915527344,17.18000030517578,17.084999084472656,17.100000381469727,9352.0
2024-03-01 10:33:00,CPSI,9.239999771118164,9.239999771118164,9.239999771118164,9.229999542236328,9.229999542236328,2436.0
2024-03-01 10:33:00,CRBU,8.0600004196167,8.0600004196167,8.0600004196167,8.0600004196167,8.0600004196167,241.0
2024-03-01 10:33:00,CRDF,2.5606000423431396,2.5606000423431396,2.569700002670288,2.494999885559082,2.5,108602.0
2024-03-01 10:33:00,CRDL,1.9950000047683716,1.9950000047683716,2.0099000930786133,1.9950000047683716,2.0099000930786133,1204.0
2024-03-01 10:33:00,CRNX,45.27000045776367,45.27000045776367,45.27000045776367,45.16999816894531,45.189998626708984,1495.0
2024-03-01 10:33:00,CRON,2.04010009765625,2.04010009765625,2.04010009765625,2.04010009765625,2.04010009765625,1213.0
2024-03-01 10:33:00,CRSP,86.12110137939453,86.12110137939453,86.3499984741211,86.12110137939453,86.30999755859375,4346.0
2024-03-01 10:33:00,CTKB,8.03499984741211,8.03499984741211,8.050000190734863,8.020000457763672,8.050000190734863,1796.0
2024-03-01 10:33:00,CTMX,2.48009991645813,2.48009991645813,2.48009991645813,2.48009991645813,2.48009991645813,200.0
2024-03-01 10:33:00,CUTR,2.3201000690460205,2.3201000690460205,2.339099884033203,2.3201000690460205,2.339099884033203,5000.0
2024-03-01 10:33:00,CYTK,74.5250015258789,74.5250015258789,74.5250015258789,74.5250015258789,74.5250015258789,120.0
2024-03-01 10:33:00,CYTO,2.089400053024292,2.089400053024292,2.099900007247925,2.0299999713897705,2.0843000411987305,8617.0
2024-03-01 10:33:00,DAWN,16.989999771118164,16.989999771118164,16.989999771118164,16.989999771118164,16.989999771118164,257.0
2024-03-01 10:33:00,DCGO,4.114999771118164,4.114999771118164,4.114999771118164,4.114999771118164,4.114999771118164,120.0
2024-03-01 10:33:00,DCPH,16.9950008392334,16.9950008392334,16.9950008392334,16.9950008392334,16.9950008392334,224.0
2024-03-01 10:33:00,DH,9.140000343322754,9.140000343322754,9.140000343322754,9.119999885559082,9.135000228881836,328.0
2024-03-01 10:33:00,DMTK,0.8799999952316284,0.8799999952316284,0.8899000287055969,0.8799999952316284,0.8799999952316284,15452.0
2024-03-01 10:33:00,DNLI,20.770000457763672,20.770000457763672,20.790000915527344,20.739999771118164,20.739999771118164,3536.0
2024-03-01 10:33:00,DRIO,2.0199999809265137,2.0199999809265137,2.0199999809265137,2.0199999809265137,2.0199999809265137,204.0
2024-03-01 10:33:00,DRMA,0.4449999928474426,0.4449999928474426,0.4449999928474426,0.4449999928474426,0.4449999928474426,3200.0
2024-03-01 10:33:00,DSGN,2.865000009536743,2.865000009536743,2.865000009536743,2.865000009536743,2.865000009536743,200.0
2024-03-01 10:33:00,DTIL,12.600000381469727,12.600000381469727,12.970000267028809,12.585000038146973,12.9350004196167,3995.0
2024-03-01 10:33:00,DVAX,12.744999885559082,12.744999885559082,12.744999885559082,12.744999885559082,12.744999885559082,206.0
2024-03-01 10:33:00,DXCM,117.625,117.625,117.80000305175781,117.625,117.7699966430664,5683.0
2024-03-01 10:33:00,DYN,30.200000762939453,30.200000762939453,30.200000762939453,29.950000762939453,29.950000762939453,12291.0
2024-03-01 10:33:00,EDIT,10.850000381469727,10.850000381469727,10.910099983215332,10.84000015258789,10.910099983215332,4145.0
2024-03-01 10:33:00,EFTR,14.550000190734863,14.550000190734863,14.550000190734863,14.550000190734863,14.550000190734863,504.0
2024-03-01 10:33:00,EGRX,6.425000190734863,6.425000190734863,6.425000190734863,6.425000190734863,6.425000190734863,200.0
2024-03-01 10:33:00,ELEV,4.951000213623047,4.951000213623047,5.0,4.909999847412109,4.909999847412109,10135.0
2024-03-01 10:33:00,ENTA,14.92039966583252,14.92039966583252,14.92039966583252,14.90999984741211,14.90999984741211,0.0
2024-03-01 10:33:00,ENVB,1.6610000133514404,1.6610000133514404,1.6799999475479126,1.659999966621399,1.6699999570846558,10534.0
2024-03-01 10:33:00,EOLS,14.71500015258789,14.71500015258789,14.729999542236328,14.71500015258789,14.729999542236328,297.0
2024-03-01 10:33:00,EPIX,9.760000228881836,9.760000228881836,9.760000228881836,9.760000228881836,9.760000228881836,356.0
2024-03-01 10:33:00,ESPR,2.482800006866455,2.482800006866455,2.484999895095825,2.482800006866455,2.484999895095825,3220.0
2024-03-01 10:33:00,ETNB,12.899999618530273,12.899999618530273,12.899999618530273,12.880000114440918,12.899999618530273,1436.0
2024-03-01 10:33:00,EVO,7.420000076293945,7.420000076293945,7.429999828338623,7.420000076293945,7.420000076293945,7606.0
2024-03-01 10:33:00,EWTX,16.739999771118164,16.739999771118164,16.739999771118164,16.739999771118164,16.739999771118164,450.0
2024-03-01 10:33:00,EXAI,6.710000038146973,6.710000038146973,6.710000038146973,6.710000038146973,6.710000038146973,228.0
2024-03-01 10:33:00,EXAS,59.77000045776367,59.77000045776367,59.84000015258789,59.77000045776367,59.810001373291016,11360.0
2024-03-01 10:33:00,EXEL,22.5,22.5,22.5,22.485000610351562,22.485000610351562,2313.0
2024-03-01 10:33:00,EYEN,2.1700000762939453,2.1700000762939453,2.1798999309539795,2.1700000762939453,2.1798999309539795,1330.0
2024-03-01 10:33:00,EYPT,28.450000762939453,28.450000762939453,28.491100311279297,28.430099487304688,28.459999084472656,1543.0
2024-03-01 10:33:00,FATE,7.494999885559082,7.494999885559082,7.5,7.494999885559082,7.5,750.0
2024-03-01 10:33:00,FDMT,29.530000686645508,29.530000686645508,29.530000686645508,29.520000457763672,29.530000686645508,621.0
2024-03-01 10:33:00,FEMY,1.7310999631881714,1.7310999631881714,1.7310999631881714,1.7310999631881714,1.7310999631881714,860.0
2024-03-01 10:33:00,FENC,9.640000343322754,9.640000343322754,9.640000343322754,9.640000343322754,9.640000343322754,411.0
2024-03-01 10:33:00,FGEN,1.7050000429153442,1.7050000429153442,1.7100000381469727,1.7050000429153442,1.7100000381469727,1728.0
2024-03-01 10:33:00,FHTX,8.300000190734863,8.300000190734863,8.300000190734863,8.239899635314941,8.239899635314941,828.0
2024-03-01 10:33:00,FOLD,13.489999771118164,13.489999771118164,13.5,13.484299659729004,13.490099906921387,2493.0
2024-03-01 10:33:00,FULC,10.742500305175781,10.742500305175781,10.742500305175781,10.675000190734863,10.675000190734863,21736.0
2024-03-01 10:33:00,FUSN,12.270000457763672,12.270000457763672,12.270000457763672,12.1899995803833,12.220100402832031,2781.0
2024-03-01 10:33:00,GBIO,2.4700000286102295,2.4700000286102295,2.4700000286102295,2.4700000286102295,2.4700000286102295,354.0
2024-03-01 10:33:00,GCTK,0.2994000017642975,0.2994000017642975,0.2996000051498413,0.2994000017642975,0.2996000051498413,400.0
2024-03-01 10:33:00,GDRX,8.298600196838379,8.298600196838379,8.300000190734863,8.289999961853027,8.295000076293945,8128.0
2024-03-01 10:33:00,GERN,2.1050000190734863,2.1050000190734863,2.1050000190734863,2.0999999046325684,2.1050000190734863,3434.0
2024-03-01 10:33:00,GH,19.200000762939453,19.200000762939453,19.22100067138672,19.200000762939453,19.22100067138672,902.0
2024-03-01 10:33:00,GILD,72.625,72.625,72.62999725341797,72.58200073242188,72.58200073242188,3177.0
2024-03-01 10:33:00,GLPG,35.119998931884766,35.119998931884766,35.119998931884766,35.119998931884766,35.119998931884766,189.0
2024-03-01 10:33:00,GLSI,12.069999694824219,12.069999694824219,12.079999923706055,12.069999694824219,12.079999923706055,347.0
2024-03-01 10:33:00,GLUE,6.3470001220703125,6.3470001220703125,6.3470001220703125,6.3470001220703125,6.3470001220703125,273.0
2024-03-01 10:33:00,GMAB,29.061100006103516,29.061100006103516,29.06999969482422,29.061100006103516,29.06999969482422,281.0
2024-03-01 10:33:00,GMDA,0.3799999952316284,0.3799999952316284,0.3799999952316284,0.37689998745918274,0.3774999976158142,82292.0
2024-03-01 10:33:00,GRFS,7.0,7.0,7.019999980926514,6.994999885559082,6.994999885559082,6401.0
2024-03-01 10:33:00,GRTS,2.125,2.125,2.130000114440918,2.119999885559082,2.130000114440918,3295.0
2024-03-01 10:33:00,GRTX,0.23350000381469727,0.23350000381469727,0.23350000381469727,0.23350000381469727,0.23350000381469727,599.0
2024-03-01 10:33:00,GTHX,3.484999895095825,3.484999895095825,3.515000104904175,3.484999895095825,3.515000104904175,5312.0
2024-03-01 10:33:00,HALO,41.28499984741211,41.28499984741211,41.349998474121094,41.28499984741211,41.33000183105469,3076.0
2024-03-01 10:33:00,HARP,22.94499969482422,22.94499969482422,22.94499969482422,22.940000534057617,22.940000534057617,0.0
2024-03-01 10:33:00,HCAT,8.005000114440918,8.005000114440918,8.010000228881836,8.0,8.010000228881836,776.0
2024-03-01 10:33:00,HCM,15.390000343322754,15.390000343322754,15.390000343322754,15.390000343322754,15.390000343322754,200.0
2024-03-01 10:33:00,HCTI,2.380000114440918,2.380000114440918,2.440000057220459,2.380000114440918,2.4200000762939453,1824.0
2024-03-01 10:33:00,HITI,1.7549999952316284,1.7549999952316284,1.7599999904632568,1.7549999952316284,1.7599999904632568,0.0
2024-03-01 10:33:00,HLTH,0.2669999897480011,0.2669999897480011,0.2669999897480011,0.26649999618530273,0.2669000029563904,3255.0
2024-03-01 10:33:00,HOLX,73.86499786376953,73.86499786376953,73.9000015258789,73.86000061035156,73.9000015258789,903.0
2024-03-01 10:33:00,HROW,10.829999923706055,10.829999923706055,10.829999923706055,10.824999809265137,10.824999809265137,2067.0
2024-03-01 10:33:00,HRTX,2.634999990463257,2.634999990463257,2.634999990463257,2.634999990463257,2.634999990463257,202.0
2024-03-01 10:33:00,HSIC,77.31500244140625,77.31500244140625,77.31500244140625,77.31500244140625,77.31500244140625,168.0
2024-03-01 10:33:00,HUGE,0.8848000168800354,0.8848000168800354,0.8848000168800354,0.8848000168800354,0.8848000168800354,105.0
2024-03-01 10:33:00,HUMA,3.174999952316284,3.174999952316284,3.1798999309539795,3.1700000762939453,3.174999952316284,5075.0
2024-03-01 10:33:00,IART,36.81999969482422,36.81999969482422,36.83000183105469,36.810001373291016,36.81999969482422,1017.0
2024-03-01 10:33:00,IBRX,4.784999847412109,4.784999847412109,4.784999847412109,4.769999980926514,4.771100044250488,3676.0
2024-03-01 10:33:00,ICCM,1.3200000524520874,1.3200000524520874,1.3200000524520874,1.3200000524520874,1.3200000524520874,911.0
2024-03-01 10:33:00,ICLR,322.6099853515625,322.6099853515625,322.8999938964844,322.6099853515625,322.68499755859375,2319.0
2024-03-01 10:33:00,ICUI,106.11000061035156,106.11000061035156,106.11000061035156,106.11000061035156,106.11000061035156,409.0
2024-03-01 10:33:00,IDXX,573.030029296875,573.030029296875,573.030029296875,572.719970703125,572.8200073242188,2236.0
2024-03-01 10:33:00,IFRX,1.809999942779541,1.809999942779541,1.8116999864578247,1.809999942779541,1.809999942779541,8325.0
2024-03-01 10:33:00,IGMS,13.52910041809082,13.52910041809082,13.52910041809082,13.52910041809082,13.52910041809082,327.0
2024-03-01 10:33:00,ILMN,140.11000061035156,140.11000061035156,140.16000366210938,140.05999755859375,140.16000366210938,2152.0
2024-03-01 10:33:00,IMAB,1.850000023841858,1.850000023841858,1.850000023841858,1.850000023841858,1.850000023841858,200.0
2024-03-01 10:33:00,IMCR,68.1449966430664,68.1449966430664,68.1449966430664,68.1449966430664,68.1449966430664,200.0
2024-03-01 10:33:00,IMMX,3.5899999141693115,3.5899999141693115,3.5899999141693115,3.5899999141693115,3.5899999141693115,200.0
2024-03-01 10:33:00,IMNM,25.110000610351562,25.110000610351562,25.125,25.050100326538086,25.079999923706055,1366.0
2024-03-01 10:33:00,IMNN,1.0210000276565552,1.0210000276565552,1.0211999416351318,1.0210000276565552,1.0211999416351318,6444.0
2024-03-01 10:33:00,IMUX,1.5205999612808228,1.5205999612808228,1.5205999612808228,1.5199999809265137,1.5199999809265137,786.0
2024-03-01 10:33:00,IMVT,36.400001525878906,36.400001525878906,36.400001525878906,36.38999938964844,36.38999938964844,630.0
2024-03-01 10:33:00,INAB,1.1200000047683716,1.1200000047683716,1.1200000047683716,1.1200000047683716,1.1200000047683716,1100.0
2024-03-01 10:33:00,INBX,37.005001068115234,37.005001068115234,37.005001068115234,36.939998626708984,36.939998626708984,733.0
2024-03-01 10:33:00,INCY,59.15999984741211,59.15999984741211,59.19860076904297,59.15999984741211,59.18000030517578,1432.0
2024-03-01 10:33:00,INMD,22.670000076293945,22.670000076293945,22.674999237060547,22.65999984741211,22.65999984741211,835.0
2024-03-01 10:33:00,INSM,28.43000030517578,28.43000030517578,28.450000762939453,28.43000030517578,28.450000762939453,1330.0
2024-03-01 10:33:00,INVA,15.515000343322754,15.515000343322754,15.52750015258789,15.515000343322754,15.524999618530273,460.0
2024-03-01 10:33:00,IONS,45.79679870605469,45.79679870605469,45.809898376464844,45.7599983215332,45.7599983215332,891.0
2024-03-01 10:33:00,IOVA,16.655000686645508,16.655000686645508,16.65999984741211,16.604999542236328,16.604999542236328,30992.0
2024-03-01 10:33:00,IRTC,118.77999877929688,118.77999877929688,118.77999877929688,118.77999877929688,118.77999877929688,208.0
2024-03-01 10:33:00,IRWD,8.930000305175781,8.930000305175781,8.944999694824219,8.930000305175781,8.944999694824219,4953.0
2024-03-01 10:33:00,ISRG,389.4649963378906,389.4649963378906,389.70001220703125,389.3599853515625,389.3599853515625,2321.0
2024-03-01 10:33:00,ITCI,71.27999877929688,71.27999877929688,71.31999969482422,71.27999877929688,71.29000091552734,948.0
2024-03-01 10:33:00,JAGX,0.07840000092983246,0.07840000092983246,0.08709999918937683,0.07769999653100967,0.08699999749660492,1958676.0
2024-03-01 10:33:00,JANX,46.5099983215332,46.5099983215332,46.5099983215332,46.2400016784668,46.2400016784668,3747.0
2024-03-01 10:33:00,JAZZ,119.30999755859375,119.30999755859375,120.01000213623047,119.30999755859375,120.0,3678.0
2024-03-01 10:33:00,KALV,13.979999542236328,13.979999542236328,13.979999542236328,13.979999542236328,13.979999542236328,432.0
2024-03-01 10:33:00,KNSA,21.84000015258789,21.84000015258789,21.90999984741211,21.83099937438965,21.83099937438965,1580.0
2024-03-01 10:33:00,KOD,6.03000020980835,6.03000020980835,6.034999847412109,6.03000020980835,6.034999847412109,774.0
2024-03-01 10:33:00,KPTI,1.1749999523162842,1.1749999523162842,1.1749999523162842,1.1714999675750732,1.1714999675750732,1270.0
2024-03-01 10:33:00,KROS,69.28500366210938,69.28500366210938,69.29499816894531,69.28500366210938,69.29499816894531,717.0
2024-03-01 10:33:00,KRTX,316.20001220703125,316.20001220703125,316.20001220703125,316.20001220703125,316.20001220703125,137.0
2024-03-01 10:33:00,KRYS,167.86500549316406,167.86500549316406,168.1938934326172,167.52000427246094,167.52000427246094,767.0
2024-03-01 10:33:00,KURA,21.110000610351562,21.110000610351562,21.1200008392334,21.110000610351562,21.1200008392334,252.0
2024-03-01 10:33:00,KYMR,44.334999084472656,44.334999084472656,44.334999084472656,44.150001525878906,44.15999984741211,1906.0
2024-03-01 10:33:00,KZIA,0.23000000417232513,0.23000000417232513,0.23000000417232513,0.23000000417232513,0.23000000417232513,1400.0
2024-03-01 10:33:00,KZR,1.1150000095367432,1.1150000095367432,1.1198999881744385,1.1150000095367432,1.1150000095367432,1168.0
2024-03-01 10:33:00,LAB,2.3297998905181885,2.3297998905181885,2.3297998905181885,2.3297998905181885,2.3297998905181885,618.0
2024-03-01 10:33:00,LBPH,22.040000915527344,22.040000915527344,22.040000915527344,22.040000915527344,22.040000915527344,889.0
2024-03-01 10:33:00,LEXX,2.4730000495910645,2.4730000495910645,2.4730000495910645,2.4730000495910645,2.4730000495910645,257.0
2024-03-01 10:33:00,LFST,7.974999904632568,7.974999904632568,8.0,7.974999904632568,8.0,3129.0
2024-03-01 10:33:00,LGND,80.77999877929688,80.77999877929688,80.77999877929688,80.77999877929688,80.77999877929688,187.0
2024-03-01 10:33:00,LGVN,0.550000011920929,0.550000011920929,0.550000011920929,0.5494999885559082,0.5494999885559082,4335.0
2024-03-01 10:33:00,LIAN,4.869999885559082,4.869999885559082,4.869999885559082,4.869999885559082,4.869999885559082,262.0
2024-03-01 10:33:00,LIVN,54.970001220703125,54.970001220703125,55.02000045776367,54.970001220703125,55.02000045776367,877.0
2024-03-01 10:33:00,LMAT,67.41000366210938,67.41000366210938,67.41000366210938,67.41000366210938,67.41000366210938,216.0
2024-03-01 10:33:00,LQDA,14.452899932861328,14.452899932861328,14.452899932861328,14.449999809265137,14.449999809265137,227.0
2024-03-01 10:33:00,LTRN,4.695099830627441,4.695099830627441,4.695099830627441,4.597400188446045,4.597400188446045,251.0
2024-03-01 10:33:00,LVTX,3.059999942779541,3.059999942779541,3.059999942779541,3.0399999618530273,3.0399999618530273,201.0
2024-03-01 10:33:00,LXRX,2.40910005569458,2.40910005569458,2.4105000495910645,2.40910005569458,2.4100000858306885,5860.0
2024-03-01 10:33:00,LYEL,3.0999999046325684,3.0999999046325684,3.0999999046325684,3.0999999046325684,3.0999999046325684,328.0
2024-03-01 10:33:00,MCRB,1.1899000406265259,1.1899000406265259,1.1899000406265259,1.184999942779541,1.1899000406265259,601.0
2024-03-01 10:33:00,MDGL,242.6699981689453,242.6699981689453,243.0050048828125,242.6699981689453,243.0050048828125,845.0
2024-03-01 10:33:00,MDRX,5.800000190734863,5.800000190734863,5.949999809265137,5.75,5.849999904632568,42613.0
2024-03-01 10:33:00,MDXG,8.454999923706055,8.454999923706055,8.454999923706055,8.4350004196167,8.449999809265137,8017.0
2024-03-01 10:33:00,ME,0.5723000168800354,0.5723000168800354,0.5723000168800354,0.5699999928474426,0.5699999928474426,2182.0
2024-03-01 10:33:00,MGNX,19.239999771118164,19.239999771118164,19.239999771118164,19.239999771118164,19.239999771118164,800.0
2024-03-01 10:33:00,MGTX,6.215000152587891,6.215000152587891,6.215000152587891,6.215000152587891,6.215000152587891,200.0
2024-03-01 10:33:00,MIRM,29.280099868774414,29.280099868774414,29.280099868774414,29.280099868774414,29.280099868774414,263.0
2024-03-01 10:33:00,MLTX,52.29999923706055,52.29999923706055,52.29999923706055,52.29999923706055,52.29999923706055,1234.0
2024-03-01 10:33:00,MNKD,4.510900020599365,4.510900020599365,4.514999866485596,4.505000114440918,4.505000114440918,14202.0
2024-03-01 10:33:00,MNMD,5.840000152587891,5.840000152587891,5.840000152587891,5.840000152587891,5.840000152587891,259.0
2024-03-01 10:33:00,MNOV,1.340000033378601,1.340000033378601,1.340000033378601,1.340000033378601,1.340000033378601,710.0
2024-03-01 10:33:00,MNPR,0.7799999713897705,0.7799999713897705,0.7799999713897705,0.7700999975204468,0.7700999975204468,10750.0
2024-03-01 10:33:00,MODV,28.059999465942383,28.059999465942383,28.059999465942383,28.010000228881836,28.010000228881836,957.0
2024-03-01 10:33:00,MOR,17.690000534057617,17.690000534057617,17.690000534057617,17.690000534057617,17.690000534057617,143.0
2024-03-01 10:33:00,MORF,38.150001525878906,38.150001525878906,38.150001525878906,38.150001525878906,38.150001525878906,600.0
2024-03-01 10:33:00,MREO,3.8550000190734863,3.8550000190734863,3.8550000190734863,3.8450000286102295,3.8450000286102295,5630.0
2024-03-01 10:33:00,MRNA,95.33999633789062,95.33999633789062,95.54000091552734,95.30000305175781,95.54000091552734,9240.0
2024-03-01 10:33:00,MRNS,9.699999809265137,9.699999809265137,9.699999809265137,9.6899995803833,9.6899995803833,279.0
2024-03-01 10:33:00,MRSN,5.820300102233887,5.820300102233887,5.875,5.820000171661377,5.875,3896.0
2024-03-01 10:33:00,MRUS,49.46500015258789,49.46500015258789,49.46500015258789,49.46500015258789,49.46500015258789,348.0
2024-03-01 10:33:00,MRVI,7.78000020980835,7.78000020980835,7.809999942779541,7.78000020980835,7.809999942779541,1843.0
2024-03-01 10:33:00,MYGN,21.1200008392334,21.1200008392334,21.1200008392334,21.1200008392334,21.1200008392334,480.0
2024-03-01 10:33:00,MYNZ,0.8636999726295471,0.8636999726295471,0.8636999726295471,0.8636999726295471,0.8636999726295471,3193.0
2024-03-01 10:33:00,NAOV,1.0199999809265137,1.0199999809265137,1.0199999809265137,1.0199999809265137,1.0199999809265137,200.0
2024-03-01 10:33:00,NARI,45.584999084472656,45.584999084472656,45.665000915527344,45.47999954223633,45.56999969482422,1922.0
2024-03-01 10:33:00,NAUT,2.755000114440918,2.755000114440918,2.755000114440918,2.7300000190734863,2.7300000190734863,300.0
2024-03-01 10:33:00,NBIX,131.2449951171875,131.2449951171875,131.25999450683594,131.1999969482422,131.22999572753906,2350.0
2024-03-01 10:33:00,NBSE,0.8600999712944031,0.8600999712944031,0.8600999712944031,0.8600999712944031,0.8600999712944031,420.0
2024-03-01 10:33:00,NEO,16.059999465942383,16.059999465942383,16.06999969482422,16.049999237060547,16.06999969482422,1502.0
2024-03-01 10:33:00,NEOG,17.059999465942383,17.059999465942383,17.059999465942383,17.059999465942383,17.059999465942383,241.0
2024-03-01 10:33:00,NERV,2.5799999237060547,2.5799999237060547,2.5801000595092773,2.5799999237060547,2.5799999237060547,2877.0
2024-03-01 10:33:00,NKTR,0.7300000190734863,0.7300000190734863,0.7300000190734863,0.7300000190734863,0.7300000190734863,0.0
2024-03-01 10:33:00,NKTX,12.270000457763672,12.270000457763672,12.319899559020996,12.260000228881836,12.319899559020996,2269.0
2024-03-01 10:33:00,NNOX,10.954999923706055,10.954999923706055,10.979999542236328,10.949999809265137,10.979999542236328,9181.0
2024-03-01 10:33:00,NOTV,7.639999866485596,7.639999866485596,7.670000076293945,7.639999866485596,7.670000076293945,432.0
2024-03-01 10:33:00,NRBO,5.610199928283691,5.610199928283691,5.610199928283691,5.610199928283691,5.610199928283691,217.0
2024-03-01 10:33:00,NRC,40.386600494384766,40.386600494384766,40.386600494384766,40.386600494384766,40.386600494384766,807.0
2024-03-01 10:33:00,NRIX,13.199999809265137,13.199999809265137,13.199999809265137,13.130000114440918,13.130000114440918,1382.0
2024-03-01 10:33:00,NRXP,0.439300000667572,0.439300000667572,0.439300000667572,0.41999998688697815,0.41999998688697815,1818.0
2024-03-01 10:33:00,NTLA,33.630001068115234,33.630001068115234,33.71500015258789,33.628299713134766,33.628299713134766,4493.0
2024-03-01 10:33:00,NTRA,88.80999755859375,88.80999755859375,88.875,88.80000305175781,88.81999969482422,1080.0
2024-03-01 10:33:00,NUTX,0.11469999700784683,0.11469999700784683,0.11469999700784683,0.11469999700784683,0.11469999700784683,2000.0
2024-03-01 10:33:00,NUWE,0.5867000222206116,0.5867000222206116,0.5867000222206116,0.5867000222206116,0.5867000222206116,346.0
2024-03-01 10:33:00,NVAX,5.090000152587891,5.090000152587891,5.090000152587891,5.065000057220459,5.070000171661377,35821.0
2024-03-01 10:33:00,NVCR,15.649999618530273,15.649999618530273,15.649999618530273,15.61050033569336,15.61050033569336,697.0
2024-03-01 10:33:00,NVCT,10.604999542236328,10.604999542236328,10.609999656677246,10.5,10.520000457763672,640.0
2024-03-01 10:33:00,NXTC,1.7599999904632568,1.7599999904632568,1.7599999904632568,1.7599999904632568,1.7599999904632568,200.0
2024-03-01 10:33:00,OCGN,0.92330002784729,0.92330002784729,0.92330002784729,0.9180999994277954,0.9217000007629395,1055.0
2024-03-01 10:33:00,OCUL,10.260000228881836,10.260000228881836,10.260000228881836,10.220000267028809,10.23009967803955,6797.0
2024-03-01 10:33:00,OFIX,12.920000076293945,12.920000076293945,12.960000038146973,12.920000076293945,12.960000038146973,803.0
2024-03-01 10:33:00,OLK,22.55500030517578,22.55500030517578,22.559999465942383,22.55500030517578,22.55500030517578,5945.0
2024-03-01 10:33:00,OMCL,26.360000610351562,26.360000610351562,26.360000610351562,26.360000610351562,26.360000610351562,120.0
2024-03-01 10:33:00,OMGA,4.150000095367432,4.150000095367432,4.164999961853027,4.150000095367432,4.164999961853027,3556.0
2024-03-01 10:33:00,ONTX,0.8137999773025513,0.8137999773025513,0.8137999773025513,0.8137999773025513,0.8137999773025513,2300.0
2024-03-01 10:34:00,ABCL,5.135000228881836,5.135000228881836,5.139900207519531,5.125,5.130000114440918,2789.0
2024-03-01 10:34:00,ABOS,4.670000076293945,4.670000076293945,4.675000190734863,4.650000095367432,4.670000076293945,6959.0
2024-03-01 10:34:00,ABSI,5.210000038146973,5.210000038146973,5.224999904632568,5.199999809265137,5.224999904632568,0.0
2024-03-01 10:34:00,ABUS,2.7699999809265137,2.7699999809265137,2.7750000953674316,2.7699999809265137,2.7750000953674316,6717.0
2024-03-01 10:34:00,ACAD,23.899999618530273,23.899999618530273,23.93000030517578,23.8799991607666,23.889999389648438,12569.0
2024-03-01 10:34:00,ACB,3.0299999713897705,3.0299999713897705,3.0299999713897705,3.0299999713897705,3.0299999713897705,283.0
2024-03-01 10:34:00,ACCD,10.270000457763672,10.270000457763672,10.289999961853027,10.270000457763672,10.289999961853027,758.0
2024-03-01 10:34:00,ACET,2.3399999141693115,2.3399999141693115,2.3399999141693115,2.3350000381469727,2.3350000381469727,260.0
2024-03-01 10:34:00,ACHC,83.58000183105469,83.58000183105469,83.58000183105469,83.55000305175781,83.58000183105469,1693.0
2024-03-01 10:34:00,ACHV,4.070000171661377,4.070000171661377,4.070000171661377,4.070000171661377,4.070000171661377,272.0
2024-03-01 10:34:00,ACON,0.3799999952316284,0.3799999952316284,0.38100001215934753,0.3799999952316284,0.38100001215934753,1413.0
2024-03-01 10:34:00,ACRS,1.2300000190734863,1.2300000190734863,1.2300000190734863,1.2300000190734863,1.2300000190734863,120.0
2024-03-01 10:34:00,ADAP,1.5884000062942505,1.5884000062942505,1.5884000062942505,1.5884000062942505,1.5884000062942505,1278.0
2024-03-01 10:34:00,ADIL,3.5,3.5,3.549999952316284,3.4200000762939453,3.497299909591675,172758.0
2024-03-01 10:34:00,ADMA,5.369999885559082,5.369999885559082,5.385000228881836,5.369999885559082,5.385000228881836,5039.0
2024-03-01 10:34:00,ADVM,1.9299999475479126,1.9299999475479126,1.9299999475479126,1.9299999475479126,1.9299999475479126,174.0
2024-03-01 10:34:00,AGEN,0.6680999994277954,0.6680999994277954,0.6682000160217285,0.6679999828338623,0.6682000160217285,11400.0
2024-03-01 10:34:00,AGIO,32.630001068115234,32.630001068115234,32.66999816894531,32.595001220703125,32.595001220703125,2006.0
2024-03-01 10:34:00,AHCO,10.65999984741211,10.65999984741211,10.65999984741211,10.630000114440918,10.630000114440918,811.0
2024-03-01 10:34:00,AIRS,6.550000190734863,6.550000190734863,6.570000171661377,6.550000190734863,6.570000171661377,586.0
2024-03-01 10:34:00,AKAN,0.2515999972820282,0.2515999972820282,0.2515999972820282,0.25060001015663147,0.25060001015663147,4300.0
2024-03-01 10:34:00,AKBA,1.6449999809265137,1.6449999809265137,1.6449999809265137,1.6449999809265137,1.6449999809265137,200.0
2024-03-01 10:34:00,AKLI,0.3440000116825104,0.3440000116825104,0.3440000116825104,0.3440000116825104,0.3440000116825104,2552.0
2024-03-01 10:34:00,AKRO,28.350000381469727,28.350000381469727,28.350000381469727,28.229999542236328,28.2539005279541,3339.0
2024-03-01 10:34:00,ALDX,4.100100040435791,4.100100040435791,4.100100040435791,4.100100040435791,4.100100040435791,3012.0
2024-03-01 10:34:00,ALGN,298.5299987792969,298.5299987792969,298.57501220703125,298.3599853515625,298.4100036621094,1265.0
2024-03-01 10:34:00,ALGS,1.0,1.0,1.0,0.9998999834060669,0.9998999834060669,21106.0
2024-03-01 10:34:00,ALHC,5.699999809265137,5.699999809265137,5.710000038146973,5.699999809265137,5.710000038146973,471.0
2024-03-01 10:34:00,ALKS,30.16990089416504,30.16990089416504,30.16990089416504,30.149999618530273,30.165000915527344,1456.0
2024-03-01 10:34:00,ALLK,1.6050000190734863,1.6050000190734863,1.6050000190734863,1.590000033378601,1.5950000286102295,12340.0
2024-03-01 10:34:00,ALLO,4.989999771118164,4.989999771118164,4.989999771118164,4.96999979019165,4.96999979019165,3057.0
2024-03-01 10:34:00,ALNY,154.0449981689453,154.0449981689453,154.07000732421875,153.94000244140625,153.94000244140625,963.0
2024-03-01 10:34:00,ALPN,36.1150016784668,36.1150016784668,36.1150016784668,36.06999969482422,36.06999969482422,2190.0
2024-03-01 10:34:00,ALT,12.210000038146973,12.210000038146973,12.220000267028809,12.204999923706055,12.204999923706055,6892.0
2024-03-01 10:34:00,ALVR,0.7473000288009644,0.7473000288009644,0.7473999857902527,0.7473000288009644,0.7473999857902527,2633.0
2024-03-01 10:34:00,AMED,93.31999969482422,93.31999969482422,93.37999725341797,93.31999969482422,93.36000061035156,1281.0
2024-03-01 10:34:00,AMGN,280.9599914550781,280.9599914550781,281.1700134277344,280.8299865722656,281.1700134277344,24513.0
2024-03-01 10:34:00,AMLX,18.860000610351562,18.860000610351562,18.860000610351562,18.850000381469727,18.850000381469727,838.0
2024-03-01 10:34:00,AMPH,45.72999954223633,45.72999954223633,45.79999923706055,45.72999954223633,45.79999923706055,1457.0
2024-03-01 10:34:00,AMRN,1.024999976158142,1.024999976158142,1.024999976158142,1.0199999809265137,1.0199999809265137,5655.0
2024-03-01 10:34:00,ANGO,5.38730001449585,5.38730001449585,5.38730001449585,5.38730001449585,5.38730001449585,117.0
2024-03-01 10:34:00,ANIP,67.93000030517578,67.93000030517578,68.23999786376953,67.58000183105469,67.91999816894531,2115.0
2024-03-01 10:34:00,ANNX,5.849999904632568,5.849999904632568,5.849999904632568,5.849999904632568,5.849999904632568,2374.0
2024-03-01 10:34:00,ANTX,2.9700000286102295,2.9700000286102295,2.9700000286102295,2.9700000286102295,2.9700000286102295,1967.0
2024-03-01 10:34:00,APLS,63.54999923706055,63.54999923706055,63.54999923706055,63.439998626708984,63.540000915527344,1762.0
2024-03-01 10:34:00,APLT,7.369999885559082,7.369999885559082,7.369999885559082,7.369999885559082,7.369999885559082,444.0
2024-03-01 10:34:00,APTO,1.7899999618530273,1.7899999618530273,1.7899999618530273,1.7899999618530273,1.7899999618530273,332.0
2024-03-01 10:34:00,AQST,4.206099987030029,4.206099987030029,4.230000019073486,4.206099987030029,4.230000019073486,4507.0
2024-03-01 10:34:00,ARAY,2.615000009536743,2.615000009536743,2.615000009536743,2.615000009536743,2.615000009536743,233.0
2024-03-01 10:34:00,ARCT,40.13999938964844,40.13999938964844,40.14500045776367,40.125,40.14500045776367,615.0
2024-03-01 10:34:00,ARDX,9.579999923706055,9.579999923706055,9.604999542236328,9.574999809265137,9.604999542236328,16726.0
2024-03-01 10:34:00,ARGX,384.2550048828125,384.2550048828125,384.3399963378906,384.2550048828125,384.3399963378906,432.0
2024-03-01 10:34:00,ARQT,11.079999923706055,11.079999923706055,11.079999923706055,10.930000305175781,10.994999885559082,23446.0
2024-03-01 10:34:00,ARWR,34.810001373291016,34.810001373291016,34.83000183105469,34.720001220703125,34.720001220703125,5185.0
2024-03-01 10:34:00,ASLN,0.8399999737739563,0.8399999737739563,0.8399999737739563,0.8399999737739563,0.8399999737739563,0.0
2024-03-01 10:34:00,ASMB,13.210399627685547,13.210399627685547,13.210399627685547,13.210399627685547,13.210399627685547,93.0
2024-03-01 10:34:00,ASND,149.14500427246094,149.14500427246094,149.2449951171875,149.11500549316406,149.11500549316406,755.0
2024-03-01 10:34:00,ATAI,1.9703999757766724,1.9703999757766724,1.9703999757766724,1.9703999757766724,1.9703999757766724,800.0
2024-03-01 10:34:00,ATEC,13.34000015258789,13.34000015258789,13.34000015258789,13.324999809265137,13.324999809265137,1951.0
2024-03-01 10:34:00,ATHE,1.820099949836731,1.820099949836731,1.820099949836731,1.820099949836731,1.820099949836731,0.0
2024-03-01 10:34:00,ATNF,3.3382999897003174,3.3382999897003174,3.3382999897003174,3.3382999897003174,3.3382999897003174,162.0
2024-03-01 10:34:00,ATRA,0.8288999795913696,0.8288999795913696,0.8288999795913696,0.8151999711990356,0.8220999836921692,1263.0
2024-03-01 10:34:00,ATRC,35.63999938964844,35.63999938964844,35.63999938964844,35.56999969482422,35.56999969482422,984.0
2024-03-01 10:34:00,ATXS,15.350000381469727,15.350000381469727,15.350000381469727,15.3100004196167,15.350000381469727,1772.0
2024-03-01 10:34:00,AUGX,4.570000171661377,4.570000171661377,4.570000171661377,4.570000171661377,4.570000171661377,100.0
2024-03-01 10:34:00,AUPH,5.784999847412109,5.784999847412109,5.784999847412109,5.775000095367432,5.78000020980835,860.0
2024-03-01 10:34:00,AUTL,6.230000019073486,6.230000019073486,6.230000019073486,6.199999809265137,6.201200008392334,2474.0
2024-03-01 10:34:00,AVDL,12.65999984741211,12.65999984741211,12.670000076293945,12.649999618530273,12.670000076293945,4684.0
2024-03-01 10:34:00,AVGR,3.7555999755859375,3.7555999755859375,3.7555999755859375,3.7555999755859375,3.7555999755859375,400.0
2024-03-01 10:34:00,AVXL,5.28000020980835,5.28000020980835,5.28000020980835,5.28000020980835,5.28000020980835,666.0
2024-03-01 10:34:00,AXGN,10.489999771118164,10.489999771118164,10.489999771118164,10.489999771118164,10.489999771118164,111.0
2024-03-01 10:34:00,AXNX,67.63999938964844,67.63999938964844,67.66000366210938,67.63999938964844,67.66000366210938,804.0
2024-03-01 10:34:00,AXSM,83.75,83.75,83.75,83.51000213623047,83.51000213623047,879.0
2024-03-01 10:34:00,AZN,64.62999725341797,64.62999725341797,64.63999938964844,64.5999984741211,64.63999938964844,6561.0
2024-03-01 10:34:00,AZTA,66.27999877929688,66.27999877929688,66.27999877929688,66.2300033569336,66.2300033569336,677.0
2024-03-01 10:34:00,BBIO,35.9900016784668,35.9900016784668,35.9900016784668,35.90999984741211,35.93000030517578,3345.0
2024-03-01 10:34:00,BBLG,2.4700000286102295,2.4700000286102295,2.558000087738037,2.4000000953674316,2.558000087738037,4776.0
2024-03-01 10:34:00,BCRX,5.795000076293945,5.795000076293945,5.800000190734863,5.780099868774414,5.780099868774414,2242.0
2024-03-01 10:34:00,BCTX,3.430000066757202,3.430000066757202,3.4549999237060547,3.430000066757202,3.4549999237060547,500.0
2024-03-01 10:34:00,BDTX,5.210100173950195,5.210100173950195,5.210100173950195,5.210100173950195,5.210100173950195,200.0
2024-03-01 10:34:00,BEAM,40.810001373291016,40.810001373291016,40.880001068115234,40.7400016784668,40.77009963989258,3683.0
2024-03-01 10:34:00,BIIB,219.6300048828125,219.6300048828125,219.88999938964844,219.6300048828125,219.88999938964844,1670.0
2024-03-01 10:34:00,BIOR,1.2200000286102295,1.2200000286102295,1.2200000286102295,1.2200000286102295,1.2200000286102295,500.0
2024-03-01 10:34:00,BIVI,2.440000057220459,2.440000057220459,2.589900016784668,2.4100000858306885,2.5799999237060547,493167.0
2024-03-01 10:34:00,BLUE,1.625,1.625,1.6299999952316284,1.6201000213623047,1.624400019645691,20044.0
2024-03-01 10:34:00,BMEA,17.75,17.75,17.75,17.75,17.75,144.0
2024-03-01 10:34:00,BNGO,1.250100016593933,1.250100016593933,1.2582000494003296,1.250100016593933,1.2549999952316284,4640.0
2024-03-01 10:34:00,BNOX,1.2108999490737915,1.2108999490737915,1.2108999490737915,1.2108999490737915,1.2108999490737915,107.0
2024-03-01 10:34:00,BNTC,5.090000152587891,5.090000152587891,5.090000152587891,5.090000152587891,5.090000152587891,800.0
2024-03-01 10:34:00,BNTX,91.63500213623047,91.63500213623047,91.63500213623047,91.32499694824219,91.32499694824219,5196.0
2024-03-01 10:34:00,BOLT,1.159999966621399,1.159999966621399,1.159999966621399,1.159999966621399,1.159999966621399,1000.0
2024-03-01 10:34:00,BPMC,97.5250015258789,97.5250015258789,97.5250015258789,97.5250015258789,97.5250015258789,528.0
2024-03-01 10:34:00,BRKR,87.66999816894531,87.66999816894531,87.66999816894531,87.61000061035156,87.62000274658203,2722.0
2024-03-01 10:34:00,BRTX,1.4900000095367432,1.4900000095367432,1.5,1.4900000095367432,1.5,388.0
2024-03-01 10:34:00,BTAI,3.2600998878479004,3.2600998878479004,3.2600998878479004,3.255000114440918,3.259999990463257,940.0
2024-03-01 10:34:00,BTTX,0.16500000655651093,0.16500000655651093,0.16500000655651093,0.163100004196167,0.163100004196167,18782.0
2024-03-01 10:34:00,BYSI,1.4002000093460083,1.4002000093460083,1.406999945640564,1.4000999927520752,1.406999945640564,3489.0
2024-03-01 10:34:00,CABA,24.149999618530273,24.149999618530273,24.149999618530273,24.1200008392334,24.1200008392334,899.0
2024-03-01 10:34:00,CADL,1.8250000476837158,1.8250000476837158,1.8250000476837158,1.8250000476837158,1.8250000476837158,200.0
2024-03-01 10:34:00,CARA,0.8999999761581421,0.8999999761581421,0.8999999761581421,0.8999999761581421,0.8999999761581421,471.0
2024-03-01 10:34:00,CBAY,32.224998474121094,32.224998474121094,32.23500061035156,32.224998474121094,32.23500061035156,4855.0
2024-03-01 10:34:00,CCCC,10.971199989318848,10.971199989318848,11.0,10.960000038146973,10.994999885559082,3248.0
2024-03-01 10:34:00,CCRN,18.030000686645508,18.030000686645508,18.040000915527344,17.950000762939453,17.950000762939453,1441.0
2024-03-01 10:34:00,CDMO,7.900000095367432,7.900000095367432,7.900000095367432,7.900000095367432,7.900000095367432,175.0
2024-03-01 10:34:00,CDNA,12.109999656677246,12.109999656677246,12.229999542236328,12.069999694824219,12.211600303649902,6804.0
2024-03-01 10:34:00,CDTX,0.7202000021934509,0.7202000021934509,0.7202000021934509,0.7202000021934509,0.7202000021934509,0.0
2024-03-01 10:34:00,CDXS,4.190000057220459,4.190000057220459,4.190000057220459,4.170000076293945,4.175000190734863,5353.0
2024-03-01 10:34:00,CELU,3.713900089263916,3.713900089263916,3.713900089263916,3.713900089263916,3.713900089263916,193.0
2024-03-01 10:34:00,CERE,41.236000061035156,41.236000061035156,41.2400016784668,41.23500061035156,41.2400016784668,1153.0
2024-03-01 10:34:00,CERS,2.184999942779541,2.184999942779541,2.184999942779541,2.184999942779541,2.184999942779541,397.0
2024-03-01 10:34:00,CERT,17.920000076293945,17.920000076293945,17.920000076293945,17.920000076293945,17.920000076293945,652.0
2024-03-01 10:34:00,CGC,3.2100000381469727,3.2100000381469727,3.2149999141693115,3.2100000381469727,3.2149999141693115,1261.0
2024-03-01 10:34:00,CGEM,18.8799991607666,18.8799991607666,18.8799991607666,18.8799991607666,18.8799991607666,100.0
2024-03-01 10:34:00,CGEN,2.684999942779541,2.684999942779541,2.684999942779541,2.684999942779541,2.684999942779541,200.0
2024-03-01 10:34:00,CHEK,2.2100000381469727,2.2100000381469727,2.2100000381469727,2.2100000381469727,2.2100000381469727,2367.0
2024-03-01 10:34:00,CHRS,2.315000057220459,2.315000057220459,2.315000057220459,2.309999942779541,2.309999942779541,1041.0
2024-03-01 10:34:00,CJJD,2.9000000953674316,2.9000000953674316,2.9000000953674316,2.9000000953674316,2.9000000953674316,502.0
2024-03-01 10:34:00,CLDX,52.31999969482422,52.31999969482422,52.380001068115234,51.974998474121094,52.0,7241.0
2024-03-01 10:34:00,CLNN,0.39500001072883606,0.39500001072883606,0.39500001072883606,0.39399999380111694,0.39399999380111694,9830.0
2024-03-01 10:34:00,CLOV,0.868399977684021,0.868399977684021,0.868399977684021,0.868399977684021,0.868399977684021,791.0
2024-03-01 10:34:00,CLPT,6.548799991607666,6.548799991607666,6.549799919128418,6.548799991607666,6.549799919128418,1107.0
2024-03-01 10:34:00,CLRB,4.0320000648498535,4.0320000648498535,4.0320000648498535,4.0320000648498535,4.0320000648498535,4000.0
2024-03-01 10:34:00,CMPS,10.529999732971191,10.529999732971191,10.529999732971191,10.504300117492676,10.504300117492676,1301.0
2024-03-01 10:34:00,CMRX,1.132099986076355,1.132099986076355,1.138200044631958,1.1299999952316284,1.1309000253677368,6553.0
2024-03-01 10:34:00,CNSP,0.3098999857902527,0.3098999857902527,0.3098999857902527,0.3001999855041504,0.3001999855041504,10524.0
2024-03-01 10:34:00,COGT,7.329999923706055,7.329999923706055,7.349999904632568,7.328800201416016,7.328800201416016,4583.0
2024-03-01 10:34:00,COLL,37.2599983215332,37.2599983215332,37.33000183105469,37.247501373291016,37.33000183105469,1747.0
2024-03-01 10:34:00,CORT,23.78499984741211,23.78499984741211,23.78499984741211,23.780000686645508,23.780000686645508,2255.0
2024-03-01 10:34:00,COSM,0.7688000202178955,0.7688000202178955,0.7688000202178955,0.7682999968528748,0.7682999968528748,2343.0
2024-03-01 10:34:00,CPRX,17.200000762939453,17.200000762939453,17.200000762939453,17.170799255371094,17.179500579833984,6249.0
2024-03-01 10:34:00,CPSI,9.220000267028809,9.220000267028809,9.220000267028809,9.220000267028809,9.220000267028809,353.0
2024-03-01 10:34:00,CRBU,8.074999809265137,8.074999809265137,8.074999809265137,8.050000190734863,8.050000190734863,2347.0
2024-03-01 10:34:00,CRDF,2.569999933242798,2.569999933242798,2.5799999237060547,2.5299999713897705,2.559799909591675,154333.0
2024-03-01 10:34:00,CRDL,1.983199954032898,1.983199954032898,1.983199954032898,1.983199954032898,1.983199954032898,1039.0
2024-03-01 10:34:00,CRMD,3.6700000762939453,3.6700000762939453,3.6700000762939453,3.6700000762939453,3.6700000762939453,200.0
2024-03-01 10:34:00,CRNX,45.29499816894531,45.29499816894531,45.29499816894531,45.189998626708984,45.290000915527344,3304.0
2024-03-01 10:34:00,CRON,2.0450000762939453,2.0450000762939453,2.0450000762939453,2.0450000762939453,2.0450000762939453,525.0
2024-03-01 10:34:00,CRSP,86.24009704589844,86.24009704589844,86.37940216064453,86.05000305175781,86.19000244140625,7021.0
2024-03-01 10:34:00,CSTL,19.885000228881836,19.885000228881836,19.93000030517578,19.8700008392334,19.899999618530273,821.0
2024-03-01 10:34:00,CTKB,8.039999961853027,8.039999961853027,8.039999961853027,8.010000228881836,8.010000228881836,2475.0
2024-03-01 10:34:00,CTMX,2.484999895095825,2.484999895095825,2.490000009536743,2.4800000190734863,2.48009991645813,5302.0
2024-03-01 10:34:00,CUE,2.138000011444092,2.138000011444092,2.138000011444092,2.138000011444092,2.138000011444092,400.0
2024-03-01 10:34:00,CVAC,3.470099925994873,3.470099925994873,3.470099925994873,3.470099925994873,3.470099925994873,486.0
2024-03-01 10:34:00,CVRX,19.65999984741211,19.65999984741211,19.65999984741211,19.65999984741211,19.65999984741211,159.0
2024-03-01 10:34:00,CYTK,74.4000015258789,74.4000015258789,74.56999969482422,74.36000061035156,74.52999877929688,2400.0
2024-03-01 10:34:00,CYTO,2.2009999752044678,2.2009999752044678,2.240000009536743,2.052299976348877,2.0899999141693115,29878.0
2024-03-01 10:34:00,DARE,0.579200029373169,0.579200029373169,0.579200029373169,0.579200029373169,0.579200029373169,1060.0
2024-03-01 10:34:00,DAWN,16.985000610351562,16.985000610351562,16.985000610351562,16.985000610351562,16.985000610351562,374.0
2024-03-01 10:34:00,DCGO,4.110000133514404,4.110000133514404,4.116000175476074,4.110000133514404,4.110000133514404,9647.0
2024-03-01 10:34:00,DH,9.130000114440918,9.130000114440918,9.130000114440918,9.130000114440918,9.130000114440918,275.0
2024-03-01 10:34:00,DMTK,0.88919997215271,0.88919997215271,0.88919997215271,0.88919997215271,0.88919997215271,342.0
2024-03-01 10:34:00,DNLI,20.739999771118164,20.739999771118164,20.774999618530273,20.729999542236328,20.743099212646484,5581.0
2024-03-01 10:34:00,DSGN,2.869999885559082,2.869999885559082,2.869999885559082,2.869999885559082,2.869999885559082,100.0
2024-03-01 10:34:00,DTIL,12.585000038146973,12.585000038146973,12.600000381469727,12.585000038146973,12.600000381469727,3935.0
2024-03-01 10:34:00,DVAX,12.755000114440918,12.755000114440918,12.760000228881836,12.739999771118164,12.739999771118164,7596.0
2024-03-01 10:34:00,DXCM,117.6449966430664,117.6449966430664,117.6449966430664,117.58499908447266,117.61000061035156,2611.0
2024-03-01 10:34:00,DYN,29.959999084472656,29.959999084472656,30.114999771118164,29.959999084472656,30.110000610351562,6862.0
2024-03-01 10:34:00,EDIT,10.910200119018555,10.910200119018555,10.910200119018555,10.829999923706055,10.839500427246094,10295.0
2024-03-01 10:34:00,EFTR,14.600000381469727,14.600000381469727,14.600000381469727,14.600000381469727,14.600000381469727,415.0
2024-03-01 10:34:00,EKSO,1.9746999740600586,1.9746999740600586,1.9746999740600586,1.9700000286102295,1.9700000286102295,267.0
2024-03-01 10:34:00,ELEV,4.909999847412109,4.909999847412109,5.010000228881836,4.909999847412109,4.980000019073486,13386.0
2024-03-01 10:34:00,ENTA,14.954999923706055,14.954999923706055,14.954999923706055,14.920100212097168,14.920100212097168,450.0
2024-03-01 10:34:00,ENVB,1.6598999500274658,1.6598999500274658,1.6699999570846558,1.649999976158142,1.6699999570846558,21580.0
2024-03-01 10:34:00,ESPR,2.484999895095825,2.484999895095825,2.484999895095825,2.4800000190734863,2.4800000190734863,2495.0
2024-03-01 10:34:00,ETNB,12.880000114440918,12.880000114440918,12.880000114440918,12.850000381469727,12.869999885559082,3963.0
2024-03-01 10:34:00,EWTX,16.739999771118164,16.739999771118164,16.739999771118164,16.739999771118164,16.739999771118164,353.0
2024-03-01 10:34:00,EXAS,59.814998626708984,59.814998626708984,59.814998626708984,59.68000030517578,59.76499938964844,8814.0
2024-03-01 10:34:00,EXEL,22.4950008392334,22.4950008392334,22.5,22.4950008392334,22.5,1458.0
2024-03-01 10:34:00,EYPT,28.350000381469727,28.350000381469727,28.469999313354492,28.350000381469727,28.469999313354492,429.0
2024-03-01 10:34:00,FATE,7.545000076293945,7.545000076293945,7.550000190734863,7.494999885559082,7.494999885559082,8326.0
2024-03-01 10:34:00,FBIO,2.2100000381469727,2.2100000381469727,2.2190001010894775,2.20770001411438,2.20770001411438,2332.0
2024-03-01 10:34:00,FBIOP,15.450699806213379,15.450699806213379,15.450699806213379,15.450699806213379,15.450699806213379,160.0
2024-03-01 10:34:00,FDMT,29.479999542236328,29.479999542236328,29.489999771118164,29.479999542236328,29.489999771118164,250.0
2024-03-01 10:34:00,FGEN,1.7050000429153442,1.7050000429153442,1.7100000381469727,1.7050000429153442,1.7050000429153442,908.0
2024-03-01 10:34:00,FHTX,8.211999893188477,8.211999893188477,8.211999893188477,8.211999893188477,8.211999893188477,309.0
2024-03-01 10:34:00,FLGT,23.030000686645508,23.030000686645508,23.030000686645508,22.9950008392334,23.0,1649.0
2024-03-01 10:34:00,FOLD,13.510000228881836,13.510000228881836,13.510000228881836,13.489999771118164,13.494999885559082,1176.0
2024-03-01 10:34:00,FULC,10.720000267028809,10.720000267028809,10.746700286865234,10.719599723815918,10.746700286865234,2127.0
2024-03-01 10:34:00,FUSN,12.199999809265137,12.199999809265137,12.234999656677246,12.15999984741211,12.234999656677246,1402.0
2024-03-01 10:34:00,FWBI,7.813399791717529,7.813399791717529,8.00100040435791,7.813399791717529,8.00100040435791,847.0
2024-03-01 10:34:00,GBIO,2.4700000286102295,2.4700000286102295,2.4700000286102295,2.4700000286102295,2.4700000286102295,0.0
2024-03-01 10:34:00,GDRX,8.300000190734863,8.300000190734863,8.300000190734863,8.300000190734863,8.300000190734863,1920.0
2024-03-01 10:34:00,GERN,2.1050000190734863,2.1050000190734863,2.1050000190734863,2.0999999046325684,2.1050000190734863,4417.0
2024-03-01 10:34:00,GH,19.18000030517578,19.18000030517578,19.200000762939453,19.1560001373291,19.200000762939453,3108.0
2024-03-01 10:34:00,GILD,72.55999755859375,72.55999755859375,72.62000274658203,72.55999755859375,72.62000274658203,10802.0
2024-03-01 10:34:00,GLTO,0.7197999954223633,0.7197999954223633,0.7197999954223633,0.7197999954223633,0.7197999954223633,1085.0
2024-03-01 10:34:00,GLYC,2.9463999271392822,2.9463999271392822,2.9463999271392822,2.9463999271392822,2.9463999271392822,337.0
2024-03-01 10:34:00,GMAB,29.06999969482422,29.06999969482422,29.06999969482422,29.06999969482422,29.06999969482422,261.0
2024-03-01 10:34:00,GMDA,0.3799999952316284,0.3799999952316284,0.3799999952316284,0.3799999952316284,0.3799999952316284,1818.0
2024-03-01 10:34:00,GNPX,4.420000076293945,4.420000076293945,4.420000076293945,4.420000076293945,4.420000076293945,101.0
2024-03-01 10:34:00,GRFS,7.005000114440918,7.005000114440918,7.03000020980835,7.0,7.0,12686.0
2024-03-01 10:34:00,GRTS,2.125,2.125,2.130000114440918,2.119999885559082,2.125,11902.0
2024-03-01 10:34:00,GTHX,3.490000009536743,3.490000009536743,3.490000009536743,3.484999895095825,3.484999895095825,1235.0
2024-03-01 10:34:00,HALO,41.29999923706055,41.29999923706055,41.29999923706055,41.255001068115234,41.27000045776367,2738.0
2024-03-01 10:34:00,HARP,22.940000534057617,22.940000534057617,22.940000534057617,22.940000534057617,22.940000534057617,340.0
2024-03-01 10:34:00,HCAT,7.994999885559082,7.994999885559082,7.994999885559082,7.994999885559082,7.994999885559082,248.0
2024-03-01 10:34:00,HCSG,12.6850004196167,12.6850004196167,12.6850004196167,12.670000076293945,12.670000076293945,1203.0
2024-03-01 10:34:00,HCTI,2.3879001140594482,2.3879001140594482,2.3879001140594482,2.380000114440918,2.380000114440918,638.0
2024-03-01 10:34:00,HEPA,3.296799898147583,3.296799898147583,3.296799898147583,3.296799898147583,3.296799898147583,1544.0
2024-03-01 10:34:00,HLTH,0.2718999981880188,0.2718999981880188,0.2718999981880188,0.2669999897480011,0.2669999897480011,1204.0
2024-03-01 10:34:00,HLVX,18.969999313354492,18.969999313354492,18.969999313354492,18.969999313354492,18.969999313354492,138.0
2024-03-01 10:34:00,HOLX,73.80999755859375,73.80999755859375,73.8499984741211,73.80999755859375,73.8499984741211,796.0
2024-03-01 10:34:00,HRTX,2.640000104904175,2.640000104904175,2.640000104904175,2.640000104904175,2.640000104904175,103.0
2024-03-01 10:34:00,HSIC,77.2750015258789,77.2750015258789,77.33000183105469,77.2750015258789,77.30000305175781,1640.0
2024-03-01 10:34:00,HSTM,27.719999313354492,27.719999313354492,27.719999313354492,27.65999984741211,27.65999984741211,337.0
2024-03-01 10:34:00,HUGE,0.8848999738693237,0.8848999738693237,0.8848999738693237,0.8848999738693237,0.8848999738693237,559.0
2024-03-01 10:34:00,HUMA,3.174999952316284,3.174999952316284,3.180000066757202,3.170599937438965,3.179500102996826,12687.0
2024-03-01 10:34:00,HYPR,1.1601999998092651,1.1601999998092651,1.1601999998092651,1.159999966621399,1.159999966621399,3304.0
2024-03-01 10:34:00,IART,36.79999923706055,36.79999923706055,36.880001068115234,36.79999923706055,36.81999969482422,2878.0
2024-03-01 10:34:00,IBRX,4.798999786376953,4.798999786376953,4.798999786376953,4.769999980926514,4.78000020980835,4226.0
2024-03-01 10:34:00,ICAD,1.774999976158142,1.774999976158142,1.774999976158142,1.774999976158142,1.774999976158142,300.0
2024-03-01 10:34:00,ICCM,1.309999942779541,1.309999942779541,1.309999942779541,1.309999942779541,1.309999942779541,1498.0
2024-03-01 10:34:00,ICLR,322.4649963378906,322.4649963378906,322.7699890136719,322.2250061035156,322.489990234375,2048.0
2024-03-01 10:34:00,ICUI,106.3499984741211,106.3499984741211,106.3499984741211,106.16999816894531,106.19999694824219,1195.0
2024-03-01 10:34:00,IDYA,46.099998474121094,46.099998474121094,46.099998474121094,46.099998474121094,46.099998474121094,200.0
2024-03-01 10:34:00,IINN,1.6299999952316284,1.6299999952316284,1.6399999856948853,1.6299999952316284,1.6301000118255615,3736.0
2024-03-01 10:34:00,IKNA,1.4900000095367432,1.4900000095367432,1.4900000095367432,1.4700000286102295,1.4700000286102295,9904.0
2024-03-01 10:34:00,ILMN,140.39999389648438,140.39999389648438,140.47000122070312,140.13499450683594,140.14999389648438,2447.0
2024-03-01 10:34:00,IMAB,1.8513000011444092,1.8513000011444092,1.8513000011444092,1.8513000011444092,1.8513000011444092,353.0
2024-03-01 10:34:00,IMMX,3.5950000286102295,3.5950000286102295,3.6298999786376953,3.5950000286102295,3.6298999786376953,5100.0
2024-03-01 10:34:00,IMNM,25.049999237060547,25.049999237060547,25.049999237060547,25.049999237060547,25.049999237060547,307.0
2024-03-01 10:34:00,IMNN,1.0202000141143799,1.0202000141143799,1.0210000276565552,1.0202000141143799,1.0210000276565552,2082.0
2024-03-01 10:34:00,IMUX,1.5200999975204468,1.5200999975204468,1.520400047302246,1.5199999809265137,1.520400047302246,2189.0
2024-03-01 10:34:00,IMVT,36.43000030517578,36.43000030517578,36.470001220703125,36.3849983215332,36.3849983215332,2303.0
2024-03-01 10:34:00,INCY,59.13100051879883,59.13100051879883,59.15999984741211,59.09000015258789,59.130001068115234,1775.0
2024-03-01 10:34:00,INGN,6.71999979019165,6.71999979019165,6.71999979019165,6.71999979019165,6.71999979019165,337.0
2024-03-01 10:34:00,INM,0.3950999975204468,0.3950999975204468,0.3950999975204468,0.3950999975204468,0.3950999975204468,0.0
2024-03-01 10:34:00,INMD,22.690000534057617,22.690000534057617,22.690000534057617,22.655000686645508,22.655000686645508,3113.0
2024-03-01 10:34:00,INO,8.880000114440918,8.880000114440918,8.880000114440918,8.845000267028809,8.845000267028809,1018.0
2024-03-01 10:34:00,INSM,28.459999084472656,28.459999084472656,28.459999084472656,28.440000534057617,28.440000534057617,937.0
2024-03-01 10:34:00,INVA,15.46500015258789,15.46500015258789,15.489999771118164,15.46500015258789,15.489999771118164,1529.0
2024-03-01 10:34:00,IOBT,1.690000057220459,1.690000057220459,1.690000057220459,1.690000057220459,1.690000057220459,2000.0
2024-03-01 10:34:00,IONS,45.75,45.75,45.75,45.75,45.75,159.0
2024-03-01 10:34:00,IOVA,16.68589973449707,16.68589973449707,16.690000534057617,16.6299991607666,16.649999618530273,10514.0
2024-03-01 10:34:00,IRWD,8.944999694824219,8.944999694824219,8.944999694824219,8.930000305175781,8.9375,6704.0
2024-03-01 10:34:00,ISRG,389.3550109863281,389.3550109863281,389.6600036621094,389.2900085449219,389.6499938964844,3718.0
2024-03-01 10:34:00,ITCI,71.18599700927734,71.18599700927734,71.18599700927734,71.18599700927734,71.18599700927734,343.0
2024-03-01 10:34:00,IXHL,5.320000171661377,5.320000171661377,5.349999904632568,5.320000171661377,5.349999904632568,439.0
2024-03-01 10:34:00,JAGX,0.08179999887943268,0.08179999887943268,0.08250000327825546,0.07720000296831131,0.07840000092983246,2068614.0
2024-03-01 10:34:00,JANX,46.63999938964844,46.63999938964844,46.65999984741211,46.38999938964844,46.38999938964844,3295.0
2024-03-01 10:34:00,JAZZ,119.23500061035156,119.23500061035156,119.44000244140625,119.23500061035156,119.44000244140625,709.0
2024-03-01 10:34:00,KALV,13.970000267028809,13.970000267028809,13.989999771118164,13.970000267028809,13.989999771118164,514.0
2024-03-01 10:34:00,KIDS,27.155000686645508,27.155000686645508,27.15999984741211,27.155000686645508,27.15999984741211,541.0
2024-03-01 10:34:00,KNSA,21.899999618530273,21.899999618530273,21.899999618530273,21.899999618530273,21.899999618530273,223.0
2024-03-01 10:34:00,KOD,6.03000020980835,6.03000020980835,6.03000020980835,6.03000020980835,6.03000020980835,424.0
2024-03-01 10:34:00,KPTI,1.1749999523162842,1.1749999523162842,1.1749999523162842,1.1749999523162842,1.1749999523162842,600.0
2024-03-01 10:34:00,KROS,69.5,69.5,69.5,69.28500366210938,69.28500366210938,4780.0
2024-03-01 10:34:00,KRTX,316.25,316.25,316.25,316.25,316.25,121.0
2024-03-01 10:34:00,KRYS,167.35000610351562,167.35000610351562,167.8300018310547,166.8699951171875,167.8300018310547,2141.0
2024-03-01 10:34:00,KTRA,0.10100000351667404,0.10100000351667404,0.10100000351667404,0.10100000351667404,0.10100000351667404,104.0
2024-03-01 10:34:00,KURA,21.1299991607666,21.1299991607666,21.1299991607666,21.1299991607666,21.1299991607666,225.0
2024-03-01 10:34:00,KZIA,0.23000000417232513,0.23000000417232513,0.23000000417232513,0.23000000417232513,0.23000000417232513,914.0
2024-03-01 10:34:00,LAB,2.3299999237060547,2.3299999237060547,2.3299999237060547,2.325000047683716,2.325000047683716,1296.0
2024-03-01 10:34:00,LEGN,65.7300033569336,65.7300033569336,65.7300033569336,65.7300033569336,65.7300033569336,989.0
2024-03-01 10:34:00,LFST,8.0,8.0,8.005000114440918,7.974999904632568,7.974999904632568,2492.0
2024-03-01 10:34:00,LIFE,1.9199999570846558,1.9199999570846558,1.9299999475479126,1.9199999570846558,1.9270000457763672,2030.0
2024-03-01 10:34:00,LIVN,54.95500183105469,54.95500183105469,54.95500183105469,54.95500183105469,54.95500183105469,208.0
2024-03-01 10:34:00,LMAT,67.66999816894531,67.66999816894531,67.69999694824219,67.66999816894531,67.69999694824219,518.0
2024-03-01 10:34:00,LNTH,65.46199798583984,65.46199798583984,65.46199798583984,65.46199798583984,65.46199798583984,272.0
2024-03-01 10:34:00,LRMR,11.0600004196167,11.0600004196167,11.270000457763672,11.0600004196167,11.270000457763672,9266.0
2024-03-01 10:34:00,LSTA,3.115000009536743,3.115000009536743,3.115000009536743,3.115000009536743,3.115000009536743,249.0
2024-03-01 10:34:00,LUMO,2.9800000190734863,2.9800000190734863,2.9800000190734863,2.9779999256134033,2.9779999256134033,650.0
2024-03-01 10:34:00,LUNG,9.125,9.125,9.125,9.125,9.125,212.0
2024-03-01 10:34:00,LVTX,3.0399999618530273,3.0399999618530273,3.0399999618530273,3.030100107192993,3.030100107192993,1200.0
2024-03-01 10:34:00,LXRX,2.4200000762939453,2.4200000762939453,2.4200000762939453,2.4000000953674316,2.4000000953674316,6521.0
2024-03-01 10:34:00,LYEL,3.109999895095825,3.109999895095825,3.109999895095825,3.0950000286102295,3.0950000286102295,2177.0
2024-03-01 10:34:00,MACK,14.75,14.75,14.75,14.75,14.75,206.0
2024-03-01 10:34:00,MASI,127.05500030517578,127.05500030517578,127.05500030517578,127.05500030517578,127.05500030517578,234.0
2024-03-01 10:34:00,MBRX,0.6200000047683716,0.6200000047683716,0.6200000047683716,0.6200000047683716,0.6200000047683716,0.0
2024-03-01 10:34:00,MCRB,1.1893999576568604,1.1893999576568604,1.1899000406265259,1.1893999576568604,1.1899000406265259,7200.0
2024-03-01 10:34:00,MDGL,242.97999572753906,242.97999572753906,242.97999572753906,242.97999572753906,242.97999572753906,200.0
2024-03-01 10:34:00,MDRX,5.900000095367432,5.900000095367432,5.949999809265137,5.800000190734863,5.949999809265137,39431.0
2024-03-01 10:34:00,ME,0.5701000094413757,0.5701000094413757,0.5713000297546387,0.5699999928474426,0.5699999928474426,16175.0
2024-03-01 10:34:00,MEDP,400.010009765625,400.010009765625,400.42999267578125,399.6700134277344,399.6700134277344,480.0
2024-03-01 10:34:00,MGNX,19.190000534057617,19.190000534057617,19.219999313354492,19.190000534057617,19.219999313354492,526.0
2024-03-01 10:34:00,MIRM,29.344999313354492,29.344999313354492,29.344999313354492,29.325000762939453,29.325000762939453,957.0
2024-03-01 10:34:00,MIST,1.6950000524520874,1.6950000524520874,1.6950000524520874,1.6950000524520874,1.6950000524520874,3000.0
2024-03-01 10:34:00,MLTX,52.380001068115234,52.380001068115234,52.380001068115234,52.25,52.25,9386.0
2024-03-01 10:34:00,MMSI,76.48500061035156,76.48500061035156,76.48500061035156,76.48500061035156,76.48500061035156,896.0
2024-03-01 10:34:00,MNKD,4.505000114440918,4.505000114440918,4.517499923706055,4.5,4.514999866485596,18083.0
2024-03-01 10:34:00,MNMD,5.829999923706055,5.829999923706055,5.829999923706055,5.829999923706055,5.829999923706055,386.0
2024-03-01 10:34:00,MNPR,0.7800999879837036,0.7800999879837036,0.7800999879837036,0.7800999879837036,0.7800999879837036,154.0
2024-03-01 10:34:00,MOR,17.690000534057617,17.690000534057617,17.690000534057617,17.690000534057617,17.690000534057617,900.0
2024-03-01 10:34:00,MORF,38.10499954223633,38.10499954223633,38.1150016784668,38.10499954223633,38.1150016784668,138.0
2024-03-01 10:34:00,MREO,3.855600118637085,3.855600118637085,3.8573999404907227,3.8499999046325684,3.8550000190734863,4237.0
2024-03-01 10:34:00,MRNA,95.66999816894531,95.66999816894531,95.66999816894531,95.25,95.33000183105469,10503.0
2024-03-01 10:34:00,MRNS,9.710000038146973,9.710000038146973,9.710000038146973,9.6899995803833,9.6899995803833,969.0
2024-03-01 10:34:00,MRSN,5.809999942779541,5.809999942779541,5.840000152587891,5.809999942779541,5.820000171661377,3472.0
2024-03-01 10:34:00,MRUS,49.64500045776367,49.64500045776367,49.70000076293945,49.505001068115234,49.505001068115234,2107.0
2024-03-01 10:34:00,MRVI,7.78000020980835,7.78000020980835,7.78000020980835,7.769999980926514,7.769999980926514,2058.0
2024-03-01 10:34:00,MYGN,21.190000534057617,21.190000534057617,21.190000534057617,21.190000534057617,21.190000534057617,109.0
2024-03-01 10:34:00,MYNZ,0.8603000044822693,0.8603000044822693,0.8603000044822693,0.8601999878883362,0.8601999878883362,0.0
2024-03-01 10:34:00,NAOV,0.9825999736785889,0.9825999736785889,0.9825999736785889,0.9825999736785889,0.9825999736785889,15.0
2024-03-01 10:34:00,NARI,45.73500061035156,45.73500061035156,46.0,45.61000061035156,45.61000061035156,15744.0
2024-03-01 10:34:00,NAUT,2.700000047683716,2.700000047683716,2.7300000190734863,2.700000047683716,2.7300000190734863,3355.0
2024-03-01 10:34:00,NBIX,131.13999938964844,131.13999938964844,131.21499633789062,131.08999633789062,131.21499633789062,2163.0
2024-03-01 10:34:00,NCNA,0.31859999895095825,0.31859999895095825,0.31859999895095825,0.31859999895095825,0.31859999895095825,2000.0
2024-03-01 10:34:00,NEO,16.030000686645508,16.030000686645508,16.059999465942383,16.030000686645508,16.059999465942383,624.0
2024-03-01 10:34:00,NEOG,17.059999465942383,17.059999465942383,17.059999465942383,17.059999465942383,17.059999465942383,236.0
2024-03-01 10:34:00,NGM,1.5299999713897705,1.5299999713897705,1.5299999713897705,1.5299999713897705,1.5299999713897705,142.0
2024-03-01 10:34:00,NKTR,0.7350000143051147,0.7350000143051147,0.7350000143051147,0.7348999977111816,0.7348999977111816,1266.0
2024-03-01 10:34:00,NKTX,12.350000381469727,12.350000381469727,12.350000381469727,12.279999732971191,12.319899559020996,5776.0
2024-03-01 10:34:00,NMTC,1.2238999605178833,1.2238999605178833,1.2238999605178833,1.2238999605178833,1.2238999605178833,326.0
2024-03-01 10:34:00,NNOX,10.954999923706055,10.954999923706055,10.960000038146973,10.920000076293945,10.960000038146973,7803.0
2024-03-01 10:34:00,NRXP,0.439300000667572,0.439300000667572,0.439300000667572,0.41499999165534973,0.41999998688697815,79742.0
2024-03-01 10:34:00,NTLA,33.650001525878906,33.650001525878906,33.650001525878906,33.6150016784668,33.625,3283.0
2024-03-01 10:34:00,NTRA,88.95999908447266,88.95999908447266,89.08000183105469,88.87999725341797,88.87999725341797,64207.0
2024-03-01 10:34:00,NUTX,0.11299999803304672,0.11299999803304672,0.11299999803304672,0.11299999803304672,0.11299999803304672,0.0
2024-03-01 10:34:00,NVAX,5.065000057220459,5.065000057220459,5.090000152587891,5.059999942779541,5.085000038146973,15566.0
2024-03-01 10:34:00,NVCR,15.675000190734863,15.675000190734863,15.675000190734863,15.640000343322754,15.640000343322754,1919.0
2024-03-01 10:34:00,NVCT,10.519000053405762,10.519000053405762,10.519000053405762,10.5,10.5,206.0
2024-03-01 10:34:00,OCGN,0.9293000102043152,0.9293000102043152,0.9293000102043152,0.9236000180244446,0.9236000180244446,489.0
2024-03-01 10:34:00,OCUL,10.255000114440918,10.255000114440918,10.255000114440918,10.230199813842773,10.230199813842773,1767.0
2024-03-01 10:34:00,OLK,22.55500030517578,22.55500030517578,22.55500030517578,22.55500030517578,22.55500030517578,2025.0
2024-03-01 10:34:00,OM,3.049999952316284,3.049999952316284,3.055000066757202,3.049999952316284,3.055000066757202,632.0
2024-03-01 10:34:00,ONCY,1.1098999977111816,1.1098999977111816,1.1098999977111816,1.1098999977111816,1.1098999977111816,2000.0
2024-03-01 10:35:00,AADI,1.9800000190734863,1.9800000190734863,1.9815000295639038,1.9800000190734863,1.9815000295639038,2511.0
2024-03-01 10:35:00,ABCL,5.144999980926514,5.144999980926514,5.144999980926514,5.135000228881836,5.135000228881836,2616.0
2024-03-01 10:35:00,ABEO,7.7683000564575195,7.7683000564575195,7.7683000564575195,7.735000133514404,7.735000133514404,1676.0
2024-03-01 10:35:00,ABOS,4.670000076293945,4.670000076293945,4.704999923706055,4.670000076293945,4.699999809265137,3244.0
2024-03-01 10:35:00,ABSI,5.230000019073486,5.230000019073486,5.239999771118164,5.200200080871582,5.200200080871582,1496.0
2024-03-01 10:35:00,ABUS,2.765000104904175,2.765000104904175,2.765000104904175,2.765000104904175,2.765000104904175,319.0
2024-03-01 10:35:00,ACAD,23.8799991607666,23.8799991607666,23.920000076293945,23.8700008392334,23.920000076293945,3620.0
2024-03-01 10:35:00,ACB,3.049999952316284,3.049999952316284,3.049999952316284,3.0350000858306885,3.0350000858306885,1585.0
2024-03-01 10:35:00,ACCD,10.289799690246582,10.289799690246582,10.289799690246582,10.279999732971191,10.279999732971191,850.0
2024-03-01 10:35:00,ACET,2.3499999046325684,2.3499999046325684,2.3499999046325684,2.3399999141693115,2.3399999141693115,3603.0
2024-03-01 10:35:00,ACHC,83.58000183105469,83.58000183105469,83.58000183105469,83.58000183105469,83.58000183105469,225.0
2024-03-01 10:35:00,ACLX,69.1500015258789,69.1500015258789,69.1500015258789,68.98999786376953,68.98999786376953,1331.0
2024-03-01 10:35:00,ACRS,1.2300000190734863,1.2300000190734863,1.2300000190734863,1.225000023841858,1.2293000221252441,874.0
2024-03-01 10:35:00,ADIL,3.4000000953674316,3.4000000953674316,3.509999990463257,3.3399999141693115,3.5,152523.0
2024-03-01 10:35:00,ADMA,5.360000133514404,5.360000133514404,5.360000133514404,5.360000133514404,5.360000133514404,101.0
2024-03-01 10:35:00,ADPT,4.210000038146973,4.210000038146973,4.210000038146973,4.206900119781494,4.206900119781494,500.0
2024-03-01 10:35:00,ADVM,1.934999942779541,1.934999942779541,1.934999942779541,1.9299999475479126,1.9299999475479126,227.0
2024-03-01 10:35:00,AGEN,0.6680999994277954,0.6680999994277954,0.6682000160217285,0.6680999994277954,0.6680999994277954,4589.0
2024-03-01 10:35:00,AGIO,32.849998474121094,32.849998474121094,32.88999938964844,32.66999816894531,32.66999816894531,9134.0
2024-03-01 10:35:00,AIRS,6.550000190734863,6.550000190734863,6.550000190734863,6.550000190734863,6.550000190734863,200.0
2024-03-01 10:35:00,AKAN,0.25270000100135803,0.25270000100135803,0.25270000100135803,0.25270000100135803,0.25270000100135803,0.0
2024-03-01 10:35:00,AKBA,1.6399999856948853,1.6399999856948853,1.6449999809265137,1.6399999856948853,1.6399999856948853,3605.0
2024-03-01 10:35:00,AKLI,0.3440000116825104,0.3440000116825104,0.3440000116825104,0.3440000116825104,0.3440000116825104,1231.0
2024-03-01 10:35:00,AKRO,28.219999313354492,28.219999313354492,28.34000015258789,28.219999313354492,28.34000015258789,3903.0
2024-03-01 10:35:00,AKYA,5.920000076293945,5.920000076293945,5.934999942779541,5.920000076293945,5.929999828338623,900.0
2024-03-01 10:35:00,ALDX,4.110099792480469,4.110099792480469,4.110099792480469,4.110099792480469,4.110099792480469,310.0
2024-03-01 10:35:00,ALEC,7.5,7.5,7.5,7.489999771118164,7.494999885559082,4099.0
2024-03-01 10:35:00,ALGN,298.9649963378906,298.9649963378906,299.0,298.8999938964844,298.8999938964844,950.0
2024-03-01 10:35:00,ALGS,1.0098999738693237,1.0098999738693237,1.0098999738693237,1.0098999738693237,1.0098999738693237,0.0
2024-03-01 10:35:00,ALHC,5.71999979019165,5.71999979019165,5.71999979019165,5.699999809265137,5.699999809265137,1883.0
2024-03-01 10:35:00,ALKS,30.165000915527344,30.165000915527344,30.200000762939453,30.149999618530273,30.170000076293945,3881.0
2024-03-01 10:35:00,ALLK,1.6050000190734863,1.6050000190734863,1.6098999977111816,1.6050000190734863,1.6050000190734863,931.0
2024-03-01 10:35:00,ALLO,5.019999980926514,5.019999980926514,5.019999980926514,5.0,5.0,1100.0
2024-03-01 10:35:00,ALNY,154.47999572753906,154.47999572753906,154.47999572753906,154.22000122070312,154.25,595.0
2024-03-01 10:35:00,ALPN,35.91999816894531,35.91999816894531,36.1150016784668,35.91999816894531,36.1150016784668,2026.0
2024-03-01 10:35:00,ALT,12.270099639892578,12.270099639892578,12.280099868774414,12.210000038146973,12.220000267028809,17426.0
2024-03-01 10:35:00,ALVO,15.649999618530273,15.649999618530273,15.649999618530273,15.649999618530273,15.649999618530273,200.0
2024-03-01 10:35:00,ALVR,0.7473999857902527,0.7473999857902527,0.7473999857902527,0.7473999857902527,0.7473999857902527,2643.0
2024-03-01 10:35:00,ALXO,14.900300025939941,14.900300025939941,14.900300025939941,14.900300025939941,14.900300025939941,254.0
2024-03-01 10:35:00,AMED,93.30599975585938,93.30599975585938,93.35199737548828,93.30599975585938,93.35199737548828,417.0
2024-03-01 10:35:00,AMGN,280.9715881347656,280.9715881347656,280.9715881347656,280.7799987792969,280.9158935546875,2759.0
2024-03-01 10:35:00,AMLX,18.924999237060547,18.924999237060547,18.93000030517578,18.860000610351562,18.860000610351562,3469.0
2024-03-01 10:35:00,AMPH,45.77000045776367,45.77000045776367,45.77000045776367,45.7400016784668,45.75,621.0
2024-03-01 10:35:00,AMRN,1.024999976158142,1.024999976158142,1.024999976158142,1.0199999809265137,1.0199999809265137,2230.0
2024-03-01 10:35:00,ANAB,25.489999771118164,25.489999771118164,25.5,25.43000030517578,25.43000030517578,785.0
2024-03-01 10:35:00,ANGO,5.40500020980835,5.40500020980835,5.40500020980835,5.400000095367432,5.400000095367432,521.0
2024-03-01 10:35:00,ANIP,67.76499938964844,67.76499938964844,67.76499938964844,67.76499938964844,67.76499938964844,176.0
2024-03-01 10:35:00,ANNX,5.85099983215332,5.85099983215332,5.85099983215332,5.830999851226807,5.830999851226807,1679.0
2024-03-01 10:35:00,ANTX,2.9798998832702637,2.9798998832702637,2.9798998832702637,2.9798998832702637,2.9798998832702637,430.0
2024-03-01 10:35:00,APLS,63.68000030517578,63.68000030517578,63.68000030517578,63.529998779296875,63.58000183105469,3262.0
2024-03-01 10:35:00,APLT,7.329999923706055,7.329999923706055,7.369999885559082,7.329999923706055,7.369999885559082,1385.0
2024-03-01 10:35:00,AQST,4.190000057220459,4.190000057220459,4.210000038146973,4.190000057220459,4.199999809265137,265.0
2024-03-01 10:35:00,ARAY,2.609999895095825,2.609999895095825,2.609999895095825,2.609999895095825,2.609999895095825,145.0
2024-03-01 10:35:00,ARCT,40.040000915527344,40.040000915527344,40.13999938964844,40.040000915527344,40.13999938964844,715.0
2024-03-01 10:35:00,ARDX,9.579999923706055,9.579999923706055,9.595000267028809,9.579999923706055,9.585000038146973,5930.0
2024-03-01 10:35:00,ARGX,384.67999267578125,384.67999267578125,384.67999267578125,384.6099853515625,384.6099853515625,857.0
2024-03-01 10:35:00,ARQT,11.119999885559082,11.119999885559082,11.119999885559082,11.055000305175781,11.079999923706055,11841.0
2024-03-01 10:35:00,ARVN,51.15999984741211,51.15999984741211,51.220001220703125,51.08000183105469,51.08000183105469,1695.0
2024-03-01 10:35:00,ARWR,34.93000030517578,34.93000030517578,34.93000030517578,34.79999923706055,34.83000183105469,3790.0
2024-03-01 10:35:00,ASND,148.85000610351562,148.85000610351562,149.14999389648438,148.85000610351562,149.14999389648438,1096.0
2024-03-01 10:35:00,ASRT,0.9200000166893005,0.9200000166893005,0.9247999787330627,0.9200000166893005,0.9247999787330627,9712.0
2024-03-01 10:35:00,ATAI,1.9800000190734863,1.9800000190734863,1.9800000190734863,1.9700000286102295,1.9700000286102295,1105.0
2024-03-01 10:35:00,ATEC,13.380000114440918,13.380000114440918,13.380000114440918,13.350000381469727,13.350000381469727,1495.0
2024-03-01 10:35:00,ATHA,3.950000047683716,3.950000047683716,3.950000047683716,3.950000047683716,3.950000047683716,305.0
2024-03-01 10:35:00,ATOS,0.9997000098228455,0.9997000098228455,0.9997000098228455,0.9948999881744385,0.9948999881744385,2350.0
2024-03-01 10:35:00,ATRA,0.8288999795913696,0.8288999795913696,0.8288999795913696,0.8288999795913696,0.8288999795913696,1001.0
2024-03-01 10:35:00,ATRC,35.720001220703125,35.720001220703125,35.720001220703125,35.665000915527344,35.665000915527344,934.0
2024-03-01 10:35:00,ATXI,0.15279999375343323,0.15279999375343323,0.15279999375343323,0.15279999375343323,0.15279999375343323,0.0
2024-03-01 10:35:00,ATXS,15.449999809265137,15.449999809265137,15.449999809265137,15.390000343322754,15.390000343322754,983.0
2024-03-01 10:35:00,AUGX,4.550000190734863,4.550000190734863,4.550000190734863,4.550000190734863,4.550000190734863,282.0
2024-03-01 10:35:00,AUPH,5.78000020980835,5.78000020980835,5.780600070953369,5.78000020980835,5.78000020980835,2149.0
2024-03-01 10:35:00,AUTL,6.25,6.25,6.25,6.239999771118164,6.239999771118164,313.0
2024-03-01 10:35:00,AVAH,2.3424999713897705,2.3424999713897705,2.3424999713897705,2.3424999713897705,2.3424999713897705,166.0
2024-03-01 10:35:00,AVDL,12.6899995803833,12.6899995803833,12.6899995803833,12.649999618530273,12.649999618530273,816.0
2024-03-01 10:35:00,AVIR,4.329999923706055,4.329999923706055,4.329999923706055,4.329999923706055,4.329999923706055,750.0
2024-03-01 10:35:00,AVTE,22.334999084472656,22.334999084472656,22.600000381469727,22.334999084472656,22.5,907.0
2024-03-01 10:35:00,AXGN,10.489999771118164,10.489999771118164,10.489999771118164,10.489999771118164,10.489999771118164,520.0
2024-03-01 10:35:00,AXNX,67.62999725341797,67.62999725341797,67.66999816894531,67.62999725341797,67.66000366210938,3409.0
2024-03-01 10:35:00,AXSM,83.68000030517578,83.68000030517578,83.69000244140625,83.67009735107422,83.67009735107422,920.0
2024-03-01 10:35:00,AZN,64.6500015258789,64.6500015258789,64.66000366210938,64.62999725341797,64.63500213623047,5224.0
2024-03-01 10:35:00,BBIO,36.029998779296875,36.029998779296875,36.07500076293945,36.029998779296875,36.029998779296875,2025.0
2024-03-01 10:35:00,BBLG,2.5799999237060547,2.5799999237060547,2.5999999046325684,2.4200000762939453,2.4200000762939453,4781.0
2024-03-01 10:35:00,BCAB,2.7899999618530273,2.7899999618530273,2.7899999618530273,2.7850000858306885,2.7850000858306885,10.0
2024-03-01 10:35:00,BCRX,5.815000057220459,5.815000057220459,5.820000171661377,5.797500133514404,5.797500133514404,7131.0
2024-03-01 10:35:00,BDTX,5.21999979019165,5.21999979019165,5.21999979019165,5.21999979019165,5.21999979019165,369.0
2024-03-01 10:35:00,BEAM,40.959999084472656,40.959999084472656,40.959999084472656,40.85499954223633,40.85499954223633,3574.0
2024-03-01 10:35:00,BIIB,219.83999633789062,219.83999633789062,219.83999633789062,219.80999755859375,219.80999755859375,1076.0
2024-03-01 10:35:00,BIOR,1.2100000381469727,1.2100000381469727,1.2196999788284302,1.2100000381469727,1.2196999788284302,4452.0
2024-03-01 10:35:00,BIVI,2.450000047683716,2.450000047683716,2.490000009536743,2.4200000762939453,2.4463999271392822,225726.0
2024-03-01 10:35:00,BLFS,17.81999969482422,17.81999969482422,17.81999969482422,17.760000228881836,17.81999969482422,679.0
2024-03-01 10:35:00,BLUE,1.6399999856948853,1.6399999856948853,1.6399999856948853,1.6294000148773193,1.6294000148773193,25266.0
2024-03-01 10:35:00,BMEA,17.709999084472656,17.709999084472656,17.75,17.700000762939453,17.700000762939453,590.0
2024-03-01 10:35:00,BMRN,86.5,86.5,86.5,86.5,86.5,479.0
2024-03-01 10:35:00,BNGO,1.2598999738693237,1.2598999738693237,1.2598999738693237,1.2511999607086182,1.2511999607086182,2350.0
2024-03-01 10:35:00,BNTX,91.66999816894531,91.66999816894531,91.66999816894531,91.66999816894531,91.66999816894531,200.0
2024-03-01 10:35:00,BPMC,97.43000030517578,97.43000030517578,97.56999969482422,97.43000030517578,97.4800033569336,623.0
2024-03-01 10:35:00,BRKR,87.64299774169922,87.64299774169922,87.6500015258789,87.62000274658203,87.6500015258789,644.0
2024-03-01 10:35:00,BRTX,1.4950000047683716,1.4950000047683716,1.4950000047683716,1.4950000047683716,1.4950000047683716,2000.0
2024-03-01 10:35:00,BTAI,3.2899999618530273,3.2899999618530273,3.2950000762939453,3.265000104904175,3.265000104904175,14544.0
2024-03-01 10:35:00,BTMD,5.998799800872803,5.998799800872803,5.998799800872803,5.998799800872803,5.998799800872803,1638.0
2024-03-01 10:35:00,BTTX,0.16519999504089355,0.16519999504089355,0.16590000689029694,0.16509999334812164,0.16590000689029694,11000.0
2024-03-01 10:35:00,CABA,24.209999084472656,24.209999084472656,24.209999084472656,24.110000610351562,24.110000610351562,1865.0
2024-03-01 10:35:00,CADL,1.8250000476837158,1.8250000476837158,1.8250000476837158,1.8250000476837158,1.8250000476837158,0.0
2024-03-01 10:35:00,CBAY,32.22999954223633,32.22999954223633,32.23500061035156,32.220001220703125,32.220001220703125,8232.0
2024-03-01 10:35:00,CCCC,11.0,11.0,11.005000114440918,10.9621000289917,10.9621000289917,3564.0
2024-03-01 10:35:00,CCRN,18.059999465942383,18.059999465942383,18.059999465942383,18.059999465942383,18.059999465942383,275.0
2024-03-01 10:35:00,CDMO,7.940000057220459,7.940000057220459,7.940000057220459,7.900000095367432,7.900000095367432,24872.0
2024-03-01 10:35:00,CDNA,12.130000114440918,12.130000114440918,12.130000114440918,12.079999923706055,12.079999923706055,739.0
2024-03-01 10:35:00,CDTX,0.7202000021934509,0.7202000021934509,0.7202000021934509,0.7202000021934509,0.7202000021934509,0.0
2024-03-01 10:35:00,CDXS,4.190000057220459,4.190000057220459,4.190000057220459,4.180500030517578,4.1875,4713.0
2024-03-01 10:35:00,CERE,41.244998931884766,41.244998931884766,41.244998931884766,41.099998474121094,41.22999954223633,73510.0
2024-03-01 10:35:00,CERS,2.184999942779541,2.184999942779541,2.190000057220459,2.184999942779541,2.190000057220459,125.0
2024-03-01 10:35:00,CERT,17.889999389648438,17.889999389648438,17.889999389648438,17.889999389648438,17.889999389648438,310.0
2024-03-01 10:35:00,CGC,3.2291998863220215,3.2291998863220215,3.2291998863220215,3.2149999141693115,3.2149999141693115,1804.0
2024-03-01 10:35:00,CGEM,18.899999618530273,18.899999618530273,18.899999618530273,18.899999618530273,18.899999618530273,202.0
2024-03-01 10:35:00,CGEN,2.684999942779541,2.684999942779541,2.690000057220459,2.684999942779541,2.690000057220459,873.0
2024-03-01 10:35:00,CHRS,2.3299999237060547,2.3299999237060547,2.3299999237060547,2.315000057220459,2.315000057220459,1601.0
2024-03-01 10:35:00,CJJD,2.944999933242798,2.944999933242798,2.944999933242798,2.940000057220459,2.940000057220459,1095.0
2024-03-01 10:35:00,CKPT,2.154099941253662,2.154099941253662,2.154099941253662,2.154099941253662,2.154099941253662,330.0
2024-03-01 10:35:00,CLDX,52.334999084472656,52.334999084472656,52.400001525878906,52.290000915527344,52.380001068115234,3908.0
2024-03-01 10:35:00,CLNN,0.39500001072883606,0.39500001072883606,0.39500001072883606,0.39500001072883606,0.39500001072883606,766.0
2024-03-01 10:35:00,CLOV,0.8673999905586243,0.8673999905586243,0.8677999973297119,0.8672000169754028,0.8677999973297119,3717.0
2024-03-01 10:35:00,CLRB,4.039999961853027,4.039999961853027,4.039999961853027,4.039999961853027,4.039999961853027,0.0
2024-03-01 10:35:00,CLSD,1.395300030708313,1.395300030708313,1.395300030708313,1.395300030708313,1.395300030708313,0.0
2024-03-01 10:35:00,CMPS,10.579999923706055,10.579999923706055,10.579999923706055,10.529999732971191,10.529999732971191,803.0
2024-03-01 10:35:00,CMRX,1.132200002670288,1.132200002670288,1.132200002670288,1.1299999952316284,1.1299999952316284,8962.0
2024-03-01 10:35:00,COGT,7.320000171661377,7.320000171661377,7.340000152587891,7.320000171661377,7.329999923706055,5300.0
2024-03-01 10:35:00,CORT,23.809999465942383,23.809999465942383,23.809999465942383,23.790000915527344,23.790000915527344,6135.0
2024-03-01 10:35:00,CPRX,17.200000762939453,17.200000762939453,17.260000228881836,17.19499969482422,17.219999313354492,14658.0
2024-03-01 10:35:00,CPSI,9.385000228881836,9.385000228881836,9.40999984741211,9.255000114440918,9.260000228881836,6514.0
2024-03-01 10:35:00,CRBU,8.09000015258789,8.09000015258789,8.09000015258789,8.079999923706055,8.079999923706055,900.0
2024-03-01 10:35:00,CRDF,2.6298999786376953,2.6298999786376953,2.640000104904175,2.579900026321411,2.579900026321411,245237.0
2024-03-01 10:35:00,CRNX,45.380001068115234,45.380001068115234,45.380001068115234,45.29499816894531,45.29499816894531,392.0
2024-03-01 10:35:00,CRON,2.049299955368042,2.049299955368042,2.049299955368042,2.049299955368042,2.049299955368042,392.0
2024-03-01 10:35:00,CRSP,86.4749984741211,86.4749984741211,86.58460235595703,86.44999694824219,86.44999694824219,3255.0
2024-03-01 10:35:00,CSTL,19.979000091552734,19.979000091552734,19.979000091552734,19.950000762939453,19.950000762939453,1135.0
2024-03-01 10:35:00,CTKB,8.055000305175781,8.055000305175781,8.0600004196167,8.050000190734863,8.050000190734863,1638.0
2024-03-01 10:35:00,CTMX,2.490000009536743,2.490000009536743,2.490000009536743,2.484999895095825,2.484999895095825,700.0
2024-03-01 10:35:00,CUE,2.1401000022888184,2.1401000022888184,2.1401000022888184,2.140000104904175,2.140000104904175,4940.0
2024-03-01 10:35:00,CUTR,2.3594000339508057,2.3594000339508057,2.359999895095825,2.3399999141693115,2.3399999141693115,30.0
2024-03-01 10:35:00,CVAC,3.4811999797821045,3.4811999797821045,3.4811999797821045,3.4800000190734863,3.4800000190734863,462.0
2024-03-01 10:35:00,CYTH,1.6373000144958496,1.6373000144958496,1.6373000144958496,1.6373000144958496,1.6373000144958496,436.0
2024-03-01 10:35:00,CYTK,74.5199966430664,74.5199966430664,74.54000091552734,74.37000274658203,74.4000015258789,2927.0
2024-03-01 10:35:00,CYTO,2.100100040435791,2.100100040435791,2.200000047683716,2.0999999046325684,2.200000047683716,7777.0
2024-03-01 10:35:00,DAWN,17.010000228881836,17.010000228881836,17.014999389648438,17.010000228881836,17.014999389648438,760.0
2024-03-01 10:35:00,DCGO,4.110000133514404,4.110000133514404,4.1153998374938965,4.110000133514404,4.114999771118164,649.0
2024-03-01 10:35:00,DCPH,17.020000457763672,17.020000457763672,17.020000457763672,17.0049991607666,17.0049991607666,846.0
2024-03-01 10:35:00,DCTH,4.190000057220459,4.190000057220459,4.190000057220459,4.190000057220459,4.190000057220459,1114.0
2024-03-01 10:35:00,DERM,4.0970001220703125,4.0970001220703125,4.0970001220703125,4.0970001220703125,4.0970001220703125,44.0
2024-03-01 10:35:00,DMTK,0.8701000213623047,0.8701000213623047,0.8799999952316284,0.8700000047683716,0.8798999786376953,1657.0
2024-03-01 10:35:00,DNLI,20.8799991607666,20.8799991607666,20.8799991607666,20.75,20.75,2111.0
2024-03-01 10:35:00,DSGN,2.869999885559082,2.869999885559082,2.869999885559082,2.869999885559082,2.869999885559082,332.0
2024-03-01 10:35:00,DTIL,12.590999603271484,12.590999603271484,12.600000381469727,12.550000190734863,12.570599555969238,4072.0
2024-03-01 10:35:00,DVAX,12.774999618530273,12.774999618530273,12.774999618530273,12.765000343322754,12.765000343322754,1748.0
2024-03-01 10:35:00,DXCM,117.80999755859375,117.80999755859375,117.87000274658203,117.68000030517578,117.68000030517578,6880.0
2024-03-01 10:35:00,DYN,30.0,30.0,30.010000228881836,29.920000076293945,30.0,9499.0
2024-03-01 10:35:00,EDIT,10.920000076293945,10.920000076293945,10.9399995803833,10.920000076293945,10.920000076293945,6909.0
2024-03-01 10:35:00,EGRX,6.445000171661377,6.445000171661377,6.445000171661377,6.440000057220459,6.440000057220459,117.0
2024-03-01 10:35:00,ELEV,5.019999980926514,5.019999980926514,5.03000020980835,4.939899921417236,4.939899921417236,8703.0
2024-03-01 10:35:00,EMBC,14.4399995803833,14.4399995803833,14.449999809265137,14.4399995803833,14.449999809265137,1290.0
2024-03-01 10:35:00,ENVB,1.659999966621399,1.659999966621399,1.659999966621399,1.649999976158142,1.659999966621399,32848.0
2024-03-01 10:35:00,EOLS,14.680000305175781,14.680000305175781,14.699999809265137,14.680000305175781,14.699999809265137,512.0
2024-03-01 10:35:00,ERAS,2.490000009536743,2.490000009536743,2.490000009536743,2.490000009536743,2.490000009536743,102.0
2024-03-01 10:35:00,ESPR,2.484999895095825,2.484999895095825,2.4872000217437744,2.4848999977111816,2.484999895095825,2889.0
2024-03-01 10:35:00,ESTA,45.380001068115234,45.380001068115234,45.38999938964844,45.33000183105469,45.38999938964844,892.0
2024-03-01 10:35:00,ETNB,12.9399995803833,12.9399995803833,12.9399995803833,12.90999984741211,12.90999984741211,2666.0
2024-03-01 10:35:00,EVGN,0.9101999998092651,0.9101999998092651,0.9101999998092651,0.9101999998092651,0.9101999998092651,0.0
2024-03-01 10:35:00,EVO,7.429999828338623,7.429999828338623,7.429999828338623,7.429999828338623,7.429999828338623,0.0
2024-03-01 10:35:00,EWTX,16.760000228881836,16.760000228881836,16.760000228881836,16.7450008392334,16.760000228881836,798.0
2024-03-01 10:35:00,EXAI,6.695000171661377,6.695000171661377,6.710000038146973,6.695000171661377,6.710000038146973,465.0
2024-03-01 10:35:00,EXAS,59.8650016784668,59.8650016784668,59.90999984741211,59.82500076293945,59.82500076293945,2017.0
2024-03-01 10:35:00,EXEL,22.46500015258789,22.46500015258789,22.5049991607666,22.459999084472656,22.4950008392334,4584.0
2024-03-01 10:35:00,EYEN,2.1600000858306885,2.1600000858306885,2.1700000762939453,2.1600000858306885,2.1693999767303467,1623.0
2024-03-01 10:35:00,EYPT,28.415000915527344,28.415000915527344,28.415000915527344,28.34000015258789,28.413299560546875,1135.0
2024-03-01 10:35:00,FATE,7.579999923706055,7.579999923706055,7.610000133514404,7.545000076293945,7.545000076293945,14270.0
2024-03-01 10:35:00,FDMT,29.5,29.5,29.5,29.479999542236328,29.479999542236328,514.0
2024-03-01 10:35:00,FEMY,1.7380000352859497,1.7380000352859497,1.7380000352859497,1.7380000352859497,1.7380000352859497,710.0
2024-03-01 10:35:00,FGEN,1.719099998474121,1.719099998474121,1.719099998474121,1.7094000577926636,1.7094000577926636,3327.0
2024-03-01 10:35:00,FLGT,23.06999969482422,23.06999969482422,23.06999969482422,23.06999969482422,23.06999969482422,136.0
2024-03-01 10:35:00,FOLD,13.524999618530273,13.524999618530273,13.524999618530273,13.520000457763672,13.524999618530273,650.0
2024-03-01 10:35:00,FULC,10.800000190734863,10.800000190734863,10.800000190734863,10.729999542236328,10.729999542236328,2585.0
2024-03-01 10:35:00,FUSN,12.126700401306152,12.126700401306152,12.170000076293945,12.126700401306152,12.170000076293945,1581.0
2024-03-01 10:35:00,GALT,2.0097999572753906,2.0097999572753906,2.009999990463257,2.0097999572753906,2.009999990463257,0.0
2024-03-01 10:35:00,GBIO,2.4800000190734863,2.4800000190734863,2.489500045776367,2.4800000190734863,2.489500045776367,2111.0
2024-03-01 10:35:00,GCTK,0.2994999885559082,0.2994999885559082,0.30000001192092896,0.2994999885559082,0.30000001192092896,400.0
2024-03-01 10:35:00,GDRX,8.350000381469727,8.350000381469727,8.350000381469727,8.295000076293945,8.300000190734863,5860.0
2024-03-01 10:35:00,GERN,2.119999885559082,2.119999885559082,2.119999885559082,2.1001999378204346,2.1001999378204346,15227.0
2024-03-01 10:35:00,GH,19.209999084472656,19.209999084472656,19.209999084472656,19.200000762939453,19.200000762939453,301.0
2024-03-01 10:35:00,GILD,72.5999984741211,72.5999984741211,72.61000061035156,72.56999969482422,72.56999969482422,4651.0
2024-03-01 10:35:00,GLTO,0.7166000008583069,0.7166000008583069,0.7166000008583069,0.7166000008583069,0.7166000008583069,1682.0
2024-03-01 10:35:00,GMAB,29.100000381469727,29.100000381469727,29.1200008392334,29.100000381469727,29.1200008392334,889.0
2024-03-01 10:35:00,GMDA,0.37700000405311584,0.37700000405311584,0.3785000145435333,0.37689998745918274,0.3785000145435333,8592.0
2024-03-01 10:35:00,GRFS,6.974999904632568,6.974999904632568,7.010000228881836,6.974999904632568,7.010000228881836,3768.0
2024-03-01 10:35:00,GRPH,3.5,3.5,3.5,3.5,3.5,537.0
2024-03-01 10:35:00,GRTS,2.1449999809265137,2.1449999809265137,2.149899959564209,2.119999885559082,2.130000114440918,14472.0
2024-03-01 10:35:00,GTHX,3.4900999069213867,3.4900999069213867,3.4900999069213867,3.4900999069213867,3.4900999069213867,565.0
2024-03-01 10:35:00,HALO,41.38999938964844,41.38999938964844,41.400001525878906,41.31999969482422,41.31999969482422,4122.0
2024-03-01 10:35:00,HARP,22.940000534057617,22.940000534057617,22.94499969482422,22.940000534057617,22.94499969482422,2700.0
2024-03-01 10:35:00,HCAT,7.994999885559082,7.994999885559082,7.994999885559082,7.994999885559082,7.994999885559082,676.0
2024-03-01 10:35:00,HCSG,12.725000381469727,12.725000381469727,12.725000381469727,12.6850004196167,12.6850004196167,7348.0
2024-03-01 10:35:00,HCTI,2.384999990463257,2.384999990463257,2.384999990463257,2.384999990463257,2.384999990463257,75.0
2024-03-01 10:35:00,HITI,1.7549999952316284,1.7549999952316284,1.7599999904632568,1.7549999952316284,1.7599999904632568,716.0
2024-03-01 10:35:00,HLVX,18.860000610351562,18.860000610351562,18.860000610351562,18.860000610351562,18.860000610351562,274.0
2024-03-01 10:35:00,HOLX,73.83000183105469,73.83000183105469,73.85250091552734,73.83000183105469,73.84500122070312,476.0
2024-03-01 10:35:00,HQY,82.36000061035156,82.36000061035156,82.38999938964844,82.36000061035156,82.38999938964844,794.0
2024-03-01 10:35:00,HRMY,31.530000686645508,31.530000686645508,31.530000686645508,31.530000686645508,31.530000686645508,826.0
2024-03-01 10:35:00,HRTX,2.6559998989105225,2.6559998989105225,2.6559998989105225,2.640000104904175,2.640000104904175,2974.0
2024-03-01 10:35:00,HSIC,77.48989868164062,77.48989868164062,77.48989868164062,77.31500244140625,77.31500244140625,1949.0
2024-03-01 10:35:00,HUMA,3.180000066757202,3.180000066757202,3.180000066757202,3.1700000762939453,3.174999952316284,4163.0
2024-03-01 10:35:00,IART,36.849998474121094,36.849998474121094,36.869998931884766,36.84000015258789,36.869998931884766,1158.0
2024-03-01 10:35:00,IBRX,4.829899787902832,4.829899787902832,4.829899787902832,4.809999942779541,4.809999942779541,2305.0
2024-03-01 10:35:00,ICAD,1.7999999523162842,1.7999999523162842,1.7999999523162842,1.7899999618530273,1.7899999618530273,1917.0
2024-03-01 10:35:00,IDYA,46.09000015258789,46.09000015258789,46.13999938964844,46.09000015258789,46.13999938964844,604.0
2024-03-01 10:35:00,IKNA,1.4900000095367432,1.4900000095367432,1.4900000095367432,1.4700000286102295,1.4700000286102295,7835.0
2024-03-01 10:35:00,ILMN,140.77999877929688,140.77999877929688,140.8800048828125,140.61000061035156,140.6199951171875,2975.0
2024-03-01 10:35:00,IMCR,68.13999938964844,68.13999938964844,68.38999938964844,68.13999938964844,68.38500213623047,333.0
2024-03-01 10:35:00,IMNM,25.030000686645508,25.030000686645508,25.030000686645508,25.0,25.0,400.0
2024-03-01 10:35:00,IMNN,1.0299999713897705,1.0299999713897705,1.0299999713897705,1.0282000303268433,1.0282000303268433,1426.0
2024-03-01 10:35:00,IMUX,1.523900032043457,1.523900032043457,1.523900032043457,1.5199999809265137,1.5199999809265137,200.0
2024-03-01 10:35:00,IMVT,36.5,36.5,36.5,36.470001220703125,36.470001220703125,3381.0
2024-03-01 10:35:00,INBX,37.0,37.0,37.0,37.0,37.0,125.0
2024-03-01 10:35:00,INCY,59.189998626708984,59.189998626708984,59.189998626708984,59.130001068115234,59.130001068115234,1778.0
2024-03-01 10:35:00,INGN,6.730000019073486,6.730000019073486,6.730000019073486,6.71999979019165,6.71999979019165,756.0
2024-03-01 10:35:00,INMB,11.753000259399414,11.753000259399414,11.753000259399414,11.753000259399414,11.753000259399414,161.0
2024-03-01 10:35:00,INMD,22.735000610351562,22.735000610351562,22.735000610351562,22.684999465942383,22.700000762939453,6284.0
2024-03-01 10:35:00,INSM,28.5,28.5,28.5,28.469999313354492,28.469999313354492,2327.0
2024-03-01 10:35:00,INVA,15.484999656677246,15.484999656677246,15.489999771118164,15.470000267028809,15.470000267028809,1245.0
2024-03-01 10:35:00,IOBT,1.6800999641418457,1.6800999641418457,1.6864999532699585,1.6800999641418457,1.6864999532699585,2000.0
2024-03-01 10:35:00,IONS,45.810001373291016,45.810001373291016,45.810001373291016,45.779998779296875,45.779998779296875,605.0
2024-03-01 10:35:00,IOVA,16.670000076293945,16.670000076293945,16.70509910583496,16.670000076293945,16.684999465942383,3038.0
2024-03-01 10:35:00,IRTC,118.45999908447266,118.45999908447266,118.48999786376953,118.45999908447266,118.48999786376953,514.0
2024-03-01 10:35:00,IRWD,8.954999923706055,8.954999923706055,8.960000038146973,8.944999694824219,8.949999809265137,19604.0
2024-03-01 10:35:00,ISRG,389.79998779296875,389.79998779296875,389.79998779296875,389.6099853515625,389.6099853515625,2449.0
2024-03-01 10:35:00,ITCI,71.21499633789062,71.21499633789062,71.21499633789062,71.21499633789062,71.21499633789062,199.0
2024-03-01 10:35:00,ITOS,10.770000457763672,10.770000457763672,10.770000457763672,10.770000457763672,10.770000457763672,422.0
2024-03-01 10:35:00,JAGX,0.08259999752044678,0.08259999752044678,0.08299999684095383,0.07999999821186066,0.08139999955892563,1166108.0
2024-03-01 10:35:00,JANX,47.209999084472656,47.209999084472656,47.209999084472656,46.689998626708984,46.689998626708984,2022.0
2024-03-01 10:35:00,JAZZ,119.61000061035156,119.61000061035156,119.62000274658203,119.37000274658203,119.37000274658203,4644.0
2024-03-01 10:35:00,JYNT,9.949999809265137,9.949999809265137,9.975000381469727,9.949999809265137,9.975000381469727,300.0
2024-03-01 10:35:00,KIDS,27.15999984741211,27.15999984741211,27.170000076293945,27.15999984741211,27.15999984741211,915.0
2024-03-01 10:35:00,KNSA,21.90999984741211,21.90999984741211,21.90999984741211,21.899999618530273,21.899999618530273,455.0
2024-03-01 10:35:00,KNTE,2.619999885559082,2.619999885559082,2.619999885559082,2.619999885559082,2.619999885559082,829.0
2024-03-01 10:35:00,KOD,6.054999828338623,6.054999828338623,6.057499885559082,6.050000190734863,6.050000190734863,748.0
2024-03-01 10:35:00,KPTI,1.176200032234192,1.176200032234192,1.176200032234192,1.176200032234192,1.176200032234192,1000.0
2024-03-01 10:35:00,KROS,69.83999633789062,69.83999633789062,69.83999633789062,69.61000061035156,69.66999816894531,761.0
2024-03-01 10:35:00,KRTX,316.1400146484375,316.1400146484375,316.1400146484375,316.1400146484375,316.1400146484375,169.0
2024-03-01 10:35:00,KRYS,167.52999877929688,167.52999877929688,167.64999389648438,167.52999877929688,167.64999389648438,467.0
2024-03-01 10:35:00,KURA,21.264999389648438,21.264999389648438,21.264999389648438,21.15999984741211,21.15999984741211,2861.0
2024-03-01 10:35:00,KYMR,44.47999954223633,44.47999954223633,44.47999954223633,44.47999954223633,44.47999954223633,302.0
2024-03-01 10:35:00,KZR,1.1100000143051147,1.1100000143051147,1.1100000143051147,1.1100000143051147,1.1100000143051147,700.0
2024-03-01 10:35:00,LAB,2.3499999046325684,2.3499999046325684,2.3499999046325684,2.3299999237060547,2.3299999237060547,2368.0
2024-03-01 10:35:00,LBPH,21.81999969482422,21.81999969482422,21.829999923706055,21.81999969482422,21.829999923706055,620.0
2024-03-01 10:35:00,LEXX,2.5299999713897705,2.5299999713897705,2.5299999713897705,2.5299999713897705,2.5299999713897705,289.0
2024-03-01 10:35:00,LFMD,7.945000171661377,7.945000171661377,7.96999979019165,7.945000171661377,7.96999979019165,1252.0
2024-03-01 10:35:00,LFST,8.0,8.0,8.0,8.0,8.0,6827.0
2024-03-01 10:35:00,LGND,80.79000091552734,80.79000091552734,80.79000091552734,80.79000091552734,80.79000091552734,858.0
2024-03-01 10:35:00,LMAT,67.5199966430664,67.5199966430664,67.52010345458984,67.5199966430664,67.52010345458984,700.0
2024-03-01 10:35:00,LNTH,65.56999969482422,65.56999969482422,65.56999969482422,65.50499725341797,65.52999877929688,768.0
2024-03-01 10:35:00,LQDA,14.460000038146973,14.460000038146973,14.460000038146973,14.4399995803833,14.4399995803833,595.0
2024-03-01 10:35:00,LRMR,11.079999923706055,11.079999923706055,11.154999732971191,11.050000190734863,11.0600004196167,700.0
2024-03-01 10:35:00,LTRN,4.647200107574463,4.647200107574463,4.651100158691406,4.647200107574463,4.651100158691406,1197.0
2024-03-01 10:35:00,LUNG,9.149999618530273,9.149999618530273,9.170000076293945,9.135000228881836,9.149999618530273,1577.0
2024-03-01 10:35:00,LVTX,3.0199999809265137,3.0199999809265137,3.0399999618530273,3.0116000175476074,3.0399999618530273,3267.0
2024-03-01 10:35:00,LXRX,2.434999942779541,2.434999942779541,2.434999942779541,2.434999942779541,2.434999942779541,4034.0
2024-03-01 10:35:00,LYEL,3.130000114440918,3.130000114440918,3.130000114440918,3.130000114440918,3.130000114440918,117.0
2024-03-01 10:35:00,LYRA,5.460000038146973,5.460000038146973,5.460000038146973,5.460000038146973,5.460000038146973,212.0
2024-03-01 10:35:00,MACK,14.739999771118164,14.739999771118164,14.739999771118164,14.739999771118164,14.739999771118164,200.0
2024-03-01 10:35:00,MASI,127.44000244140625,127.44000244140625,127.44000244140625,127.23999786376953,127.23999786376953,890.0
2024-03-01 10:35:00,MCRB,1.191100001335144,1.191100001335144,1.2000000476837158,1.190000057220459,1.190000057220459,21291.0
2024-03-01 10:35:00,MDGL,243.72999572753906,243.72999572753906,243.89999389648438,243.0,243.0,2029.0
2024-03-01 10:35:00,MDRX,5.920000076293945,5.920000076293945,5.949999809265137,5.800000190734863,5.849999904632568,38121.0
2024-03-01 10:35:00,MDXG,8.46500015258789,8.46500015258789,8.46500015258789,8.449999809265137,8.449999809265137,603.0
2024-03-01 10:35:00,ME,0.5698000192642212,0.5698000192642212,0.5724999904632568,0.5698000192642212,0.5701000094413757,2087.0
2024-03-01 10:35:00,MEDP,400.010009765625,400.010009765625,400.010009765625,400.010009765625,400.010009765625,529.0
2024-03-01 10:35:00,MGNX,19.219999313354492,19.219999313354492,19.239999771118164,19.209999084472656,19.209999084472656,558.0
2024-03-01 10:35:00,MGTX,6.215000152587891,6.215000152587891,6.215000152587891,6.215000152587891,6.215000152587891,64.0
2024-03-01 10:35:00,MIST,1.690000057220459,1.690000057220459,1.690000057220459,1.690000057220459,1.690000057220459,0.0
2024-03-01 10:35:00,MNKD,4.489999771118164,4.489999771118164,4.5,4.489999771118164,4.494999885559082,27644.0
2024-03-01 10:35:00,MNMD,5.840000152587891,5.840000152587891,5.840000152587891,5.840000152587891,5.840000152587891,213.0
2024-03-01 10:35:00,MOR,17.690000534057617,17.690000534057617,17.709999084472656,17.690000534057617,17.700000762939453,2780.0
2024-03-01 10:35:00,MORF,38.099998474121094,38.099998474121094,38.099998474121094,38.099998474121094,38.099998474121094,328.0
2024-03-01 10:35:00,MREO,3.875,3.875,3.875,3.8598999977111816,3.859999895095825,1522.0
2024-03-01 10:35:00,MRNA,95.8499984741211,95.8499984741211,95.9000015258789,95.63999938964844,95.63999938964844,13886.0
2024-03-01 10:35:00,MRNS,9.729999542236328,9.729999542236328,9.729999542236328,9.729999542236328,9.729999542236328,315.0
2024-03-01 10:35:00,MRSN,5.849999904632568,5.849999904632568,5.849999904632568,5.809999942779541,5.809999942779541,7971.0
2024-03-01 10:35:00,MRUS,49.625,49.625,49.6349983215332,49.625,49.6349983215332,401.0
2024-03-01 10:35:00,MRVI,7.800000190734863,7.800000190734863,7.800000190734863,7.789999961853027,7.789999961853027,1959.0
2024-03-01 10:35:00,MXCT,4.78000020980835,4.78000020980835,4.78000020980835,4.769999980926514,4.769999980926514,916.0
2024-03-01 10:35:00,MYGN,21.229999542236328,21.229999542236328,21.229999542236328,21.190000534057617,21.190000534057617,1139.0
2024-03-01 10:35:00,MYNZ,0.8603000044822693,0.8603000044822693,0.8603000044822693,0.8603000044822693,0.8603000044822693,100.0
2024-03-01 10:35:00,NARI,45.72999954223633,45.72999954223633,45.72999954223633,45.72999954223633,45.72999954223633,329.0
2024-03-01 10:35:00,NAUT,2.700000047683716,2.700000047683716,2.700000047683716,2.700000047683716,2.700000047683716,100.0
2024-03-01 10:35:00,NBIX,131.02000427246094,131.02000427246094,131.07000732421875,131.02000427246094,131.0500030517578,1216.0
2024-03-01 10:35:00,NBSE,0.8600000143051147,0.8600000143051147,0.8600000143051147,0.8600000143051147,0.8600000143051147,2808.0
2024-03-01 10:35:00,NEO,16.059999465942383,16.059999465942383,16.059999465942383,16.020000457763672,16.020000457763672,531.0
2024-03-01 10:35:00,NEOG,17.100000381469727,17.100000381469727,17.100000381469727,17.059999465942383,17.059999465942383,769.0
2024-03-01 10:35:00,NNOX,10.96500015258789,10.96500015258789,10.989999771118164,10.954999923706055,10.954999923706055,7298.0
2024-03-01 10:35:00,NOTV,7.724999904632568,7.724999904632568,7.724999904632568,7.670000076293945,7.670000076293945,2309.0
2024-03-01 10:35:00,NRBO,5.610099792480469,5.610099792480469,5.630000114440918,5.610099792480469,5.630000114440918,782.0
2024-03-01 10:35:00,NRIX,13.260000228881836,13.260000228881836,13.260000228881836,13.260000228881836,13.260000228881836,498.0
2024-03-01 10:35:00,NRSN,2.009999990463257,2.009999990463257,2.009999990463257,1.9800000190734863,1.9800000190734863,1441.0
2024-03-01 10:35:00,NRXP,0.41760000586509705,0.41760000586509705,0.4269999861717224,0.41760000586509705,0.4269999861717224,1152.0
2024-03-01 10:35:00,NTLA,33.75400161743164,33.75400161743164,33.77000045776367,33.65999984741211,33.65999984741211,7350.0
2024-03-01 10:35:00,NTRA,88.97000122070312,88.97000122070312,89.00350189208984,88.93000030517578,88.97000122070312,3720.0
2024-03-01 10:35:00,NUVL,88.38999938964844,88.38999938964844,88.4000015258789,88.15499877929688,88.15499877929688,1339.0
2024-03-01 10:35:00,NVAX,5.085000038146973,5.085000038146973,5.099999904632568,5.065000057220459,5.065000057220459,46010.0
2024-03-01 10:35:00,NVCR,15.739999771118164,15.739999771118164,15.75,15.680000305175781,15.680000305175781,1656.0
2024-03-01 10:35:00,NXTC,1.774999976158142,1.774999976158142,1.774999976158142,1.7675000429153442,1.7675000429153442,600.0
2024-03-01 10:35:00,OCUL,10.305000305175781,10.305000305175781,10.305000305175781,10.260000228881836,10.260000228881836,2537.0
2024-03-01 10:35:00,OCUP,2.515000104904175,2.515000104904175,2.515000104904175,2.515000104904175,2.515000104904175,0.0
2024-03-01 10:35:00,OGI,2.069999933242798,2.069999933242798,2.069999933242798,2.069999933242798,2.069999933242798,501.0
2024-03-01 10:35:00,OLK,22.55500030517578,22.55500030517578,22.55500030517578,22.55500030517578,22.55500030517578,100.0
2024-03-01 10:35:00,OLMA,12.760000228881836,12.760000228881836,12.760000228881836,12.760000228881836,12.760000228881836,345.0
2024-03-01 10:35:00,OM,3.0850000381469727,3.0850000381469727,3.0850000381469727,3.049999952316284,3.049999952316284,3464.0
2024-03-01 10:35:00,OMCL,26.540000915527344,26.540000915527344,26.540000915527344,26.389999389648438,26.389999389648438,2397.0
2024-03-01 10:35:00,OMER,4.699999809265137,4.699999809265137,4.699999809265137,4.699999809265137,4.699999809265137,315.0
2024-03-01 10:35:00,OMGA,4.150000095367432,4.150000095367432,4.159999847412109,4.139999866485596,4.159999847412109,1551.0
2024-03-01 10:35:00,ONCY,1.1050000190734863,1.1050000190734863,1.1050000190734863,1.1050000190734863,1.1050000190734863,3078.0
2024-03-01 10:36:00,AADI,1.9600000381469727,1.9600000381469727,1.9900000095367432,1.9600000381469727,1.9900000095367432,4030.0
2024-03-01 10:36:00,ABOS,4.667699813842773,4.667699813842773,4.670000076293945,4.650000095367432,4.670000076293945,7824.0
2024-03-01 10:36:00,ABSI,5.25,5.25,5.25,5.230000019073486,5.239999771118164,808.0
2024-03-01 10:36:00,ACAD,23.899999618530273,23.899999618530273,23.899999618530273,23.8799991607666,23.8799991607666,582.0
2024-03-01 10:36:00,ACB,3.0399999618530273,3.0399999618530273,3.055000066757202,3.0399999618530273,3.055000066757202,3081.0
2024-03-01 10:36:00,ACCD,10.298700332641602,10.298700332641602,10.298700332641602,10.298700332641602,10.298700332641602,165.0
2024-03-01 10:36:00,ACET,2.3691999912261963,2.3691999912261963,2.369999885559082,2.359999895095825,2.359999895095825,1500.0
2024-03-01 10:36:00,ACHC,83.6500015258789,83.6500015258789,83.6500015258789,83.5199966430664,83.55000305175781,2384.0
2024-03-01 10:36:00,ACHL,1.3207999467849731,1.3207999467849731,1.340000033378601,1.3207999467849731,1.340000033378601,6262.0
2024-03-01 10:36:00,ACON,0.3799999952316284,0.3799999952316284,0.3799999952316284,0.3799999952316284,0.3799999952316284,256.0
2024-03-01 10:36:00,ACRS,1.2300000190734863,1.2300000190734863,1.2300000190734863,1.2300000190734863,1.2300000190734863,832.0
2024-03-01 10:36:00,ADIL,3.375,3.375,3.4200000762939453,3.3499999046325684,3.4000000953674316,85576.0
2024-03-01 10:36:00,ADMA,5.355000019073486,5.355000019073486,5.364999771118164,5.355000019073486,5.360000133514404,1867.0
2024-03-01 10:36:00,ADPT,4.204999923706055,4.204999923706055,4.204999923706055,4.204999923706055,4.204999923706055,146.0
2024-03-01 10:36:00,ADVM,1.934999942779541,1.934999942779541,1.9397000074386597,1.933500051498413,1.933500051498413,872.0
2024-03-01 10:36:00,AGEN,0.6682000160217285,0.6682000160217285,0.6682000160217285,0.6682000160217285,0.6682000160217285,2500.0
2024-03-01 10:36:00,AGIO,32.790000915527344,32.790000915527344,32.845001220703125,32.77000045776367,32.84000015258789,1279.0
2024-03-01 10:36:00,AHCO,10.65999984741211,10.65999984741211,10.670000076293945,10.654999732971191,10.670000076293945,1392.0
2024-03-01 10:36:00,AIMD,0.9998999834060669,0.9998999834060669,0.9998999834060669,0.9998999834060669,0.9998999834060669,890.0
2024-03-01 10:36:00,AIRS,6.519999980926514,6.519999980926514,6.570000171661377,6.519999980926514,6.547999858856201,463.0
2024-03-01 10:36:00,AKAN,0.2517000138759613,0.2517000138759613,0.251800000667572,0.2517000138759613,0.251800000667572,1797.0
2024-03-01 10:36:00,AKBA,1.6399999856948853,1.6399999856948853,1.6410000324249268,1.6399999856948853,1.6410000324249268,845.0
2024-03-01 10:36:00,AKRO,28.235000610351562,28.235000610351562,28.280000686645508,28.229999542236328,28.239999771118164,5990.0
2024-03-01 10:36:00,AKYA,5.909999847412109,5.909999847412109,5.929999828338623,5.909999847412109,5.929999828338623,1096.0
2024-03-01 10:36:00,ALDX,4.118599891662598,4.118599891662598,4.118599891662598,4.118599891662598,4.118599891662598,102.0
2024-03-01 10:36:00,ALEC,7.5,7.5,7.510000228881836,7.5,7.5,22144.0
2024-03-01 10:36:00,ALGN,299.510009765625,299.510009765625,299.510009765625,299.1499938964844,299.1499938964844,1767.0
2024-03-01 10:36:00,ALHC,5.71999979019165,5.71999979019165,5.71999979019165,5.71999979019165,5.71999979019165,167.0
2024-03-01 10:36:00,ALKS,30.114999771118164,30.114999771118164,30.149999618530273,30.114999771118164,30.149999618530273,1577.0
2024-03-01 10:36:00,ALLO,5.020999908447266,5.020999908447266,5.026700019836426,5.020999908447266,5.026700019836426,1577.0
2024-03-01 10:36:00,ALNY,154.4600067138672,154.4600067138672,154.47999572753906,154.4499969482422,154.47999572753906,499.0
2024-03-01 10:36:00,ALPN,35.88999938964844,35.88999938964844,35.88999938964844,35.88999938964844,35.88999938964844,347.0
2024-03-01 10:36:00,ALT,12.260000228881836,12.260000228881836,12.3100004196167,12.239999771118164,12.274999618530273,13833.0
2024-03-01 10:36:00,ALVR,0.7473999857902527,0.7473999857902527,0.7473999857902527,0.7473999857902527,0.7473999857902527,0.0
2024-03-01 10:36:00,AMED,93.30000305175781,93.30000305175781,93.30000305175781,93.30000305175781,93.30000305175781,10.0
2024-03-01 10:36:00,AMGN,280.9700012207031,280.9700012207031,281.07000732421875,280.8900146484375,280.95001220703125,4996.0
2024-03-01 10:36:00,AMPH,45.775001525878906,45.775001525878906,45.790000915527344,45.75,45.7599983215332,1388.0
2024-03-01 10:36:00,AMRN,1.026900053024292,1.026900053024292,1.026900053024292,1.026900053024292,1.026900053024292,87.0
2024-03-01 10:36:00,ANGO,5.425000190734863,5.425000190734863,5.429999828338623,5.409999847412109,5.409999847412109,1047.0
2024-03-01 10:36:00,ANIK,24.709999084472656,24.709999084472656,24.729999542236328,24.670000076293945,24.670000076293945,1015.0
2024-03-01 10:36:00,ANIX,3.5899999141693115,3.5899999141693115,3.5899999141693115,3.5899999141693115,3.5899999141693115,190.0
2024-03-01 10:36:00,ANNX,5.849999904632568,5.849999904632568,5.860000133514404,5.849999904632568,5.860000133514404,4009.0
2024-03-01 10:36:00,APLS,63.57500076293945,63.57500076293945,63.70000076293945,63.52000045776367,63.685001373291016,3698.0
2024-03-01 10:36:00,APLT,7.359899997711182,7.359899997711182,7.359899997711182,7.329999923706055,7.340000152587891,4820.0
2024-03-01 10:36:00,AQST,4.199999809265137,4.199999809265137,4.224999904632568,4.191999912261963,4.191999912261963,10894.0
2024-03-01 10:36:00,ARAY,2.6131999492645264,2.6131999492645264,2.6131999492645264,2.6131999492645264,2.6131999492645264,202.0
2024-03-01 10:36:00,ARCT,40.02000045776367,40.02000045776367,40.09000015258789,39.939998626708984,40.03499984741211,2530.0
2024-03-01 10:36:00,ARDX,9.5649995803833,9.5649995803833,9.59000015258789,9.5649995803833,9.59000015258789,977.0
2024-03-01 10:36:00,ARGX,385.6650085449219,385.6650085449219,385.6650085449219,384.67999267578125,384.68499755859375,2370.0
2024-03-01 10:36:00,ARQT,11.062399864196777,11.062399864196777,11.149999618530273,11.062399864196777,11.139399528503418,3289.0
2024-03-01 10:36:00,ARVN,51.29999923706055,51.29999923706055,51.29999923706055,51.279998779296875,51.279998779296875,524.0
2024-03-01 10:36:00,ARWR,35.060001373291016,35.060001373291016,35.060001373291016,34.9213981628418,35.0,3190.0
2024-03-01 10:36:00,ASND,149.1699981689453,149.1699981689453,149.1699981689453,149.1699981689453,149.1699981689453,259.0
2024-03-01 10:36:00,ASRT,0.910099983215332,0.910099983215332,0.910099983215332,0.910099983215332,0.910099983215332,200.0
2024-03-01 10:36:00,ATAI,1.989300012588501,1.989300012588501,1.989300012588501,1.9850000143051147,1.9850000143051147,1084.0
2024-03-01 10:36:00,ATEC,13.399999618530273,13.399999618530273,13.399999618530273,13.385000228881836,13.385000228881836,2142.0
2024-03-01 10:36:00,ATHA,3.9649999141693115,3.9649999141693115,3.9679999351501465,3.9649999141693115,3.9679999351501465,300.0
2024-03-01 10:36:00,ATRA,0.8288999795913696,0.8288999795913696,0.8288999795913696,0.8288000226020813,0.8288000226020813,3268.0
2024-03-01 10:36:00,ATRC,35.75,35.75,35.779998779296875,35.720001220703125,35.720001220703125,1118.0
2024-03-01 10:36:00,ATXS,15.33329963684082,15.33329963684082,15.430000305175781,15.33329963684082,15.430000305175781,1810.0
2024-03-01 10:36:00,AUPH,5.784999847412109,5.784999847412109,5.784999847412109,5.78000020980835,5.78000020980835,6201.0
2024-03-01 10:36:00,AURA,9.229999542236328,9.229999542236328,9.229999542236328,9.229999542236328,9.229999542236328,200.0
2024-03-01 10:36:00,AUTL,6.21999979019165,6.21999979019165,6.244999885559082,6.21999979019165,6.240099906921387,4807.0
2024-03-01 10:36:00,AVDL,12.65999984741211,12.65999984741211,12.680000305175781,12.65999984741211,12.680000305175781,1330.0
2024-03-01 10:36:00,AVGR,3.7300000190734863,3.7300000190734863,3.7300000190734863,3.7300000190734863,3.7300000190734863,0.0
2024-03-01 10:36:00,AVIR,4.335000038146973,4.335000038146973,4.335000038146973,4.335000038146973,4.335000038146973,459.0
2024-03-01 10:36:00,AVTE,22.5,22.5,22.600000381469727,22.5,22.530000686645508,2758.0
2024-03-01 10:36:00,AVXL,5.309999942779541,5.309999942779541,5.319900035858154,5.304999828338623,5.304999828338623,909.0
2024-03-01 10:36:00,AXNX,67.55000305175781,67.55000305175781,67.55000305175781,67.55000305175781,67.55000305175781,617.0
2024-03-01 10:36:00,AXSM,83.66999816894531,83.66999816894531,83.79499816894531,83.66999816894531,83.68000030517578,674.0
2024-03-01 10:36:00,AZN,64.625,64.625,64.65499877929688,64.625,64.65499877929688,3394.0
2024-03-01 10:36:00,BBIO,35.93009948730469,35.93009948730469,36.029998779296875,35.93009948730469,36.029998779296875,510.0
2024-03-01 10:36:00,BBLG,2.606100082397461,2.606100082397461,2.606100082397461,2.5399999618530273,2.5399999618530273,11490.0
2024-03-01 10:36:00,BCAB,2.815000057220459,2.815000057220459,2.815000057220459,2.799999952316284,2.799999952316284,548.0
2024-03-01 10:36:00,BCDA,0.5350000262260437,0.5350000262260437,0.5400000214576721,0.5350000262260437,0.5400000214576721,751.0
2024-03-01 10:36:00,BCEL,0.2651999890804291,0.2651999890804291,0.26649999618530273,0.2651999890804291,0.26600000262260437,1722.0
2024-03-01 10:36:00,BCLI,0.3598000109195709,0.3598000109195709,0.3598000109195709,0.3598000109195709,0.3598000109195709,150.0
2024-03-01 10:36:00,BCRX,5.820000171661377,5.820000171661377,5.820000171661377,5.815000057220459,5.820000171661377,793.0
2024-03-01 10:36:00,BDTX,5.230000019073486,5.230000019073486,5.230000019073486,5.224999904632568,5.224999904632568,2759.0
2024-03-01 10:36:00,BEAM,40.91999816894531,40.91999816894531,40.970001220703125,40.91999816894531,40.95500183105469,2464.0
2024-03-01 10:36:00,BGNE,166.0,166.0,166.0,166.0,166.0,110.0
2024-03-01 10:36:00,BGXX,0.26980000734329224,0.26980000734329224,0.26980000734329224,0.26980000734329224,0.26980000734329224,127.0
2024-03-01 10:36:00,BIIB,219.55999755859375,219.55999755859375,219.55999755859375,219.55999755859375,219.55999755859375,269.0
2024-03-01 10:36:00,BIOR,1.2200000286102295,1.2200000286102295,1.2200000286102295,1.2100000381469727,1.2199000120162964,384.0
2024-03-01 10:36:00,BIVI,2.3959999084472656,2.3959999084472656,2.4600000381469727,2.369999885559082,2.4600000381469727,249594.0
2024-03-01 10:36:00,BLFS,17.940000534057617,17.940000534057617,17.959999084472656,17.81999969482422,17.8799991607666,11270.0
2024-03-01 10:36:00,BLUE,1.6349999904632568,1.6349999904632568,1.6399999856948853,1.6349999904632568,1.6399999856948853,2365.0
2024-03-01 10:36:00,BMEA,17.729999542236328,17.729999542236328,17.780000686645508,17.729999542236328,17.7450008392334,758.0
2024-03-01 10:36:00,BMRN,86.45999908447266,86.45999908447266,86.49500274658203,86.45999908447266,86.49500274658203,361.0
2024-03-01 10:36:00,BNGO,1.2584999799728394,1.2584999799728394,1.2584999799728394,1.2584999799728394,1.2584999799728394,400.0
2024-03-01 10:36:00,BNTC,5.079999923706055,5.079999923706055,5.079999923706055,5.079999923706055,5.079999923706055,0.0
2024-03-01 10:36:00,BNTX,91.7699966430664,91.7699966430664,91.94249725341797,91.68000030517578,91.68000030517578,6578.0
2024-03-01 10:36:00,BPMC,97.51000213623047,97.51000213623047,97.53500366210938,97.41899871826172,97.41899871826172,5171.0
2024-03-01 10:36:00,BRKR,87.62999725341797,87.62999725341797,87.6500015258789,87.62999725341797,87.6449966430664,1173.0
2024-03-01 10:36:00,BTAI,3.2750000953674316,3.2750000953674316,3.280100107192993,3.2699999809265137,3.2799999713897705,1602.0
2024-03-01 10:36:00,BTCY,0.9312000274658203,0.9312000274658203,0.9312000274658203,0.9312000274658203,0.9312000274658203,904.0
2024-03-01 10:36:00,BTTX,0.16509999334812164,0.16509999334812164,0.16509999334812164,0.16509999334812164,0.16509999334812164,18.0
2024-03-01 10:36:00,BVS,4.679999828338623,4.679999828338623,4.679999828338623,4.679999828338623,4.679999828338623,266.0
2024-03-01 10:36:00,BYSI,1.4000999927520752,1.4000999927520752,1.4000999927520752,1.4000999927520752,1.4000999927520752,0.0
2024-03-01 10:36:00,CABA,24.209999084472656,24.209999084472656,24.209999084472656,24.18000030517578,24.209999084472656,1560.0
2024-03-01 10:36:00,CAPR,4.590000152587891,4.590000152587891,4.590000152587891,4.5879998207092285,4.590000152587891,1605.0
2024-03-01 10:36:00,CARA,0.9200000166893005,0.9200000166893005,0.9200000166893005,0.9100000262260437,0.9100000262260437,28885.0
2024-03-01 10:36:00,CBAY,32.22999954223633,32.22999954223633,32.22999954223633,32.22999954223633,32.22999954223633,521.0
2024-03-01 10:36:00,CCCC,10.979999542236328,10.979999542236328,11.0,10.975000381469727,11.0,2286.0
2024-03-01 10:36:00,CCRN,18.020000457763672,18.020000457763672,18.06999969482422,18.020000457763672,18.06999969482422,417.0
2024-03-01 10:36:00,CDMO,7.949999809265137,7.949999809265137,7.954999923706055,7.942299842834473,7.942299842834473,1632.0
2024-03-01 10:36:00,CDNA,12.229999542236328,12.229999542236328,12.260000228881836,12.15999984741211,12.15999984741211,2538.0
2024-03-01 10:36:00,CDXS,4.210000038146973,4.210000038146973,4.210000038146973,4.179999828338623,4.179999828338623,1519.0
2024-03-01 10:36:00,CELC,15.75,15.75,15.859999656677246,15.675000190734863,15.720000267028809,1331.0
2024-03-01 10:36:00,CERE,41.21500015258789,41.21500015258789,41.244998931884766,41.21500015258789,41.24250030517578,1500.0
2024-03-01 10:36:00,CERS,2.190000057220459,2.190000057220459,2.190000057220459,2.190000057220459,2.190000057220459,1518.0
2024-03-01 10:36:00,CERT,17.93000030517578,17.93000030517578,17.93000030517578,17.90999984741211,17.90999984741211,695.0
2024-03-01 10:36:00,CGC,3.2200000286102295,3.2200000286102295,3.2300000190734863,3.2200000286102295,3.2300000190734863,1433.0
2024-03-01 10:36:00,CGEN,2.690000057220459,2.690000057220459,2.690000057220459,2.684999942779541,2.6898999214172363,496.0
2024-03-01 10:36:00,CHRS,2.3299999237060547,2.3299999237060547,2.3299999237060547,2.3299999237060547,2.3299999237060547,3930.0
2024-03-01 10:36:00,CKPT,2.1563000679016113,2.1563000679016113,2.1600000858306885,2.1563000679016113,2.1600000858306885,435.0
2024-03-01 10:36:00,CLDX,52.209999084472656,52.209999084472656,52.345001220703125,52.209999084472656,52.334999084472656,3428.0
2024-03-01 10:36:00,CLNN,0.39500001072883606,0.39500001072883606,0.39500001072883606,0.39500001072883606,0.39500001072883606,0.0
2024-03-01 10:36:00,CLOV,0.866599977016449,0.866599977016449,0.8673999905586243,0.866599977016449,0.8673999905586243,20839.0
2024-03-01 10:36:00,CLPT,6.514999866485596,6.514999866485596,6.514999866485596,6.514999866485596,6.514999866485596,112.0
2024-03-01 10:36:00,CLRB,4.039999961853027,4.039999961853027,4.054999828338623,4.039999961853027,4.041500091552734,4021.0
2024-03-01 10:36:00,CMPS,10.609999656677246,10.609999656677246,10.609999656677246,10.569999694824219,10.569999694824219,1230.0
2024-03-01 10:36:00,CNSP,0.3089999854564667,0.3089999854564667,0.3089999854564667,0.3089999854564667,0.3089999854564667,3303.0
2024-03-01 10:36:00,COGT,7.329999923706055,7.329999923706055,7.335000038146973,7.329999923706055,7.335000038146973,707.0
2024-03-01 10:36:00,COLL,37.255001068115234,37.255001068115234,37.255001068115234,37.255001068115234,37.255001068115234,200.0
2024-03-01 10:36:00,CORT,23.829999923706055,23.829999923706055,23.829999923706055,23.829999923706055,23.829999923706055,442.0
2024-03-01 10:36:00,CPRX,17.190000534057617,17.190000534057617,17.209999084472656,17.190000534057617,17.209999084472656,3008.0
2024-03-01 10:36:00,CPSI,9.404999732971191,9.404999732971191,9.404999732971191,9.369999885559082,9.369999885559082,300.0
2024-03-01 10:36:00,CRBU,8.109999656677246,8.109999656677246,8.109999656677246,8.085000038146973,8.085000038146973,1553.0
2024-03-01 10:36:00,CRDF,2.600100040435791,2.600100040435791,2.639899969100952,2.5799999237060547,2.630000114440918,173009.0
2024-03-01 10:36:00,CRMD,3.6649999618530273,3.6649999618530273,3.6649999618530273,3.6649999618530273,3.6649999618530273,104.0
2024-03-01 10:36:00,CRNX,45.40999984741211,45.40999984741211,45.459999084472656,45.369998931884766,45.369998931884766,1781.0
2024-03-01 10:36:00,CRON,2.055000066757202,2.055000066757202,2.059999942779541,2.049999952316284,2.049999952316284,37299.0
2024-03-01 10:36:00,CRSP,86.31999969482422,86.31999969482422,86.52999877929688,86.31999969482422,86.52999877929688,992.0
2024-03-01 10:36:00,CRVS,2.1812000274658203,2.1812000274658203,2.1812000274658203,2.1812000274658203,2.1812000274658203,915.0
2024-03-01 10:36:00,CSTL,19.934999465942383,19.934999465942383,19.934999465942383,19.934999465942383,19.934999465942383,304.0
2024-03-01 10:36:00,CTKB,8.0600004196167,8.0600004196167,8.069999694824219,8.0600004196167,8.0600004196167,828.0
2024-03-01 10:36:00,CTMX,2.5,2.5,2.5,2.490000009536743,2.490000009536743,7006.0
2024-03-01 10:36:00,CTXR,0.7712000012397766,0.7712000012397766,0.7803999781608582,0.7712000012397766,0.7803999781608582,229.0
2024-03-01 10:36:00,CUTR,2.3585000038146973,2.3585000038146973,2.359999895095825,2.3499999046325684,2.359999895095825,4361.0
2024-03-01 10:36:00,CVAC,3.484999895095825,3.484999895095825,3.484999895095825,3.48009991645813,3.48009991645813,378.0
2024-03-01 10:36:00,CYCN,3.074199914932251,3.074199914932251,3.074199914932251,3.074199914932251,3.074199914932251,311.0
2024-03-01 10:36:00,CYTK,74.5999984741211,74.5999984741211,74.5999984741211,74.41999816894531,74.44999694824219,607.0
2024-03-01 10:36:00,CYTO,2.1591999530792236,2.1591999530792236,2.1898999214172363,2.0999999046325684,2.130000114440918,4241.0
2024-03-01 10:36:00,DARE,0.5799000263214111,0.5799000263214111,0.5799999833106995,0.5799000263214111,0.5799999833106995,4409.0
2024-03-01 10:36:00,DCGO,4.110000133514404,4.110000133514404,4.119999885559082,4.110000133514404,4.119999885559082,705.0
2024-03-01 10:36:00,DCPH,17.059999465942383,17.059999465942383,17.079999923706055,17.059999465942383,17.059999465942383,334.0
2024-03-01 10:36:00,DH,9.140000343322754,9.140000343322754,9.149999618530273,9.119999885559082,9.130000114440918,1536.0
2024-03-01 10:36:00,DMTK,0.8799999952316284,0.8799999952316284,0.8799999952316284,0.875,0.875,310.0
2024-03-01 10:36:00,DNLI,20.770000457763672,20.770000457763672,20.850000381469727,20.770000457763672,20.850000381469727,2254.0
2024-03-01 10:36:00,DRMA,0.4494999945163727,0.4494999945163727,0.4494999945163727,0.4494999945163727,0.4494999945163727,0.0
2024-03-01 10:36:00,DTIL,12.600000381469727,12.600000381469727,12.600000381469727,12.579999923706055,12.599900245666504,1247.0
2024-03-01 10:36:00,DVAX,12.774999618530273,12.774999618530273,12.774999618530273,12.765000343322754,12.770000457763672,1926.0
2024-03-01 10:36:00,DXCM,118.03500366210938,118.03500366210938,118.06999969482422,117.76499938964844,117.81500244140625,11083.0
2024-03-01 10:36:00,DYN,29.940000534057617,29.940000534057617,29.989999771118164,29.90999984741211,29.959999084472656,6626.0
2024-03-01 10:36:00,EDIT,10.859999656677246,10.859999656677246,10.90999984741211,10.859999656677246,10.90999984741211,4622.0
2024-03-01 10:36:00,EGRX,6.5,6.5,6.5,6.5,6.5,476.0
2024-03-01 10:36:00,ELEV,5.010000228881836,5.010000228881836,5.039999961853027,5.0,5.039999961853027,4941.0
2024-03-01 10:36:00,ENLV,3.240000009536743,3.240000009536743,3.240000009536743,3.190000057220459,3.190000057220459,2337.0
2024-03-01 10:36:00,ENTA,14.979999542236328,14.979999542236328,14.979999542236328,14.979999542236328,14.979999542236328,200.0
2024-03-01 10:36:00,ENVB,1.6740000247955322,1.6740000247955322,1.6740000247955322,1.6588000059127808,1.6588000059127808,39667.0
2024-03-01 10:36:00,EQ,2.5,2.5,2.5,2.5,2.5,1085.0
2024-03-01 10:36:00,ERAS,2.494999885559082,2.494999885559082,2.494999885559082,2.494999885559082,2.494999885559082,101.0
2024-03-01 10:36:00,ESPR,2.48009991645813,2.48009991645813,2.484999895095825,2.48009991645813,2.484999895095825,1461.0
2024-03-01 10:36:00,ETNB,12.954999923706055,12.954999923706055,12.970000267028809,12.954999923706055,12.970000267028809,1672.0
2024-03-01 10:36:00,EVO,7.440000057220459,7.440000057220459,7.440000057220459,7.440000057220459,7.440000057220459,100.0
2024-03-01 10:36:00,EWTX,16.815000534057617,16.815000534057617,16.81999969482422,16.799999237060547,16.799999237060547,551.0
2024-03-01 10:36:00,EXAS,59.959999084472656,59.959999084472656,60.0099983215332,59.85499954223633,59.85499954223633,32034.0
2024-03-01 10:36:00,EXEL,22.424999237060547,22.424999237060547,22.46500015258789,22.424999237060547,22.46500015258789,1714.0
2024-03-01 10:36:00,EYEN,2.180000066757202,2.180000066757202,2.180000066757202,2.180000066757202,2.180000066757202,250.0
2024-03-01 10:36:00,EYPT,28.416799545288086,28.416799545288086,28.416799545288086,28.34000015258789,28.34000015258789,12.0
2024-03-01 10:36:00,FATE,7.550000190734863,7.550000190734863,7.585000038146973,7.550000190734863,7.585000038146973,3291.0
2024-03-01 10:36:00,FBIO,2.240000009536743,2.240000009536743,2.240000009536743,2.2200000286102295,2.2200000286102295,1560.0
2024-03-01 10:36:00,FEMY,1.7300000190734863,1.7300000190734863,1.7400000095367432,1.7300000190734863,1.7400000095367432,506.0
2024-03-01 10:36:00,FGEN,1.715000033378601,1.715000033378601,1.715000033378601,1.715000033378601,1.715000033378601,701.0
2024-03-01 10:36:00,FLGT,23.048599243164062,23.048599243164062,23.048599243164062,23.048599243164062,23.048599243164062,159.0
2024-03-01 10:36:00,FOLD,13.520000457763672,13.520000457763672,13.524999618530273,13.520000457763672,13.524999618530273,790.0
2024-03-01 10:36:00,FULC,10.779999732971191,10.779999732971191,10.789899826049805,10.770000457763672,10.789899826049805,719.0
2024-03-01 10:36:00,FUSN,12.145000457763672,12.145000457763672,12.145000457763672,12.119999885559082,12.119999885559082,674.0
2024-03-01 10:36:00,GBIO,2.490000009536743,2.490000009536743,2.490000009536743,2.4800000190734863,2.4800000190734863,0.0
2024-03-01 10:36:00,GDRX,8.319999694824219,8.319999694824219,8.350000381469727,8.319999694824219,8.345000267028809,3343.0
2024-03-01 10:36:00,GERN,2.118299961090088,2.118299961090088,2.119999885559082,2.1101999282836914,2.1101999282836914,9359.0
2024-03-01 10:36:00,GH,19.225000381469727,19.225000381469727,19.225000381469727,19.209999084472656,19.209999084472656,538.0
2024-03-01 10:36:00,GILD,72.55999755859375,72.55999755859375,72.6050033569336,72.54000091552734,72.5999984741211,15365.0
2024-03-01 10:36:00,GLMD,0.4000999927520752,0.4000999927520752,0.4000999927520752,0.4000999927520752,0.4000999927520752,293.0
2024-03-01 10:36:00,GLTO,0.7229999899864197,0.7229999899864197,0.7229999899864197,0.7229999899864197,0.7229999899864197,9.0
2024-03-01 10:36:00,GMAB,29.1200008392334,29.1200008392334,29.1299991607666,29.110000610351562,29.1299991607666,794.0
2024-03-01 10:36:00,GNPX,4.499899864196777,4.499899864196777,4.499899864196777,4.480000019073486,4.480000019073486,271.0
2024-03-01 10:36:00,GOSS,1.351199984550476,1.351199984550476,1.3600000143051147,1.351199984550476,1.3600000143051147,3729.0
2024-03-01 10:36:00,GRFS,6.980000019073486,6.980000019073486,6.980000019073486,6.960000038146973,6.960000038146973,3439.0
2024-03-01 10:36:00,GRTS,2.184999942779541,2.184999942779541,2.184999942779541,2.1431000232696533,2.1431000232696533,13866.0
2024-03-01 10:36:00,GRTX,0.23499999940395355,0.23499999940395355,0.23499999940395355,0.23499999940395355,0.23499999940395355,162.0
2024-03-01 10:36:00,GTHX,3.4892001152038574,3.4892001152038574,3.5,3.484999895095825,3.490000009536743,7558.0
2024-03-01 10:36:00,HALO,41.28919982910156,41.28919982910156,41.380001068115234,41.24079895019531,41.380001068115234,3502.0
2024-03-01 10:36:00,HARP,22.940000534057617,22.940000534057617,22.950000762939453,22.940000534057617,22.940000534057617,0.0
2024-03-01 10:36:00,HCAT,8.0,8.0,8.005000114440918,8.0,8.0,1861.0
2024-03-01 10:36:00,HCM,15.367500305175781,15.367500305175781,15.367500305175781,15.367500305175781,15.367500305175781,100.0
2024-03-01 10:36:00,HCSG,12.729999542236328,12.729999542236328,12.744999885559082,12.729999542236328,12.739999771118164,1900.0
2024-03-01 10:36:00,HCTI,2.390000104904175,2.390000104904175,2.390000104904175,2.389699935913086,2.390000104904175,430.0
2024-03-01 10:36:00,HOLX,73.83000183105469,73.83000183105469,73.86000061035156,73.83000183105469,73.83000183105469,885.0
2024-03-01 10:36:00,HOWL,7.0218000411987305,7.0218000411987305,7.0218000411987305,7.0218000411987305,7.0218000411987305,465.0
2024-03-01 10:36:00,HQY,82.22000122070312,82.22000122070312,82.2300033569336,82.22000122070312,82.2300033569336,440.0
2024-03-01 10:36:00,HRMY,31.649999618530273,31.649999618530273,31.670000076293945,31.649999618530273,31.670000076293945,647.0
2024-03-01 10:36:00,HRTX,2.6600000858306885,2.6600000858306885,2.6600000858306885,2.6600000858306885,2.6600000858306885,177.0
2024-03-01 10:36:00,HSCS,0.11710000038146973,0.11710000038146973,0.11710000038146973,0.11710000038146973,0.11710000038146973,1618.0
2024-03-01 10:36:00,HSIC,77.55999755859375,77.55999755859375,77.55999755859375,77.4800033569336,77.48999786376953,967.0
2024-03-01 10:36:00,HUMA,3.1700000762939453,3.1700000762939453,3.180000066757202,3.1700000762939453,3.174999952316284,16173.0
2024-03-01 10:36:00,IART,36.83000183105469,36.83000183105469,36.83000183105469,36.83000183105469,36.83000183105469,853.0
2024-03-01 10:36:00,IBRX,4.820000171661377,4.820000171661377,4.829999923706055,4.809999942779541,4.829999923706055,4193.0
2024-03-01 10:36:00,ICAD,1.8300000429153442,1.8300000429153442,1.8300000429153442,1.809999942779541,1.809999942779541,2456.0
2024-03-01 10:36:00,ICLR,322.7449951171875,322.7449951171875,322.7449951171875,322.7449951171875,322.7449951171875,246.0
2024-03-01 10:36:00,ICUI,106.58000183105469,106.58000183105469,106.63999938964844,106.56999969482422,106.63999938964844,888.0
2024-03-01 10:36:00,IDYA,46.11000061035156,46.11000061035156,46.130001068115234,46.08000183105469,46.130001068115234,1046.0
2024-03-01 10:36:00,IGMS,13.699999809265137,13.699999809265137,13.699999809265137,13.699999809265137,13.699999809265137,208.0
2024-03-01 10:36:00,IKT,2.20989990234375,2.20989990234375,2.20989990234375,2.20989990234375,2.20989990234375,2254.0
2024-03-01 10:36:00,ILMN,140.56500244140625,140.56500244140625,140.80999755859375,140.3800048828125,140.6699981689453,3510.0
2024-03-01 10:36:00,IMVT,36.36000061035156,36.36000061035156,36.5,36.36000061035156,36.5,1639.0
2024-03-01 10:36:00,INBX,37.0099983215332,37.0099983215332,37.05500030517578,37.0099983215332,37.05500030517578,673.0
2024-03-01 10:36:00,INCY,59.06999969482422,59.06999969482422,59.239898681640625,59.06999969482422,59.22999954223633,2038.0
2024-03-01 10:36:00,INGN,6.71999979019165,6.71999979019165,6.75,6.71999979019165,6.75,3431.0
2024-03-01 10:36:00,INMD,22.739999771118164,22.739999771118164,22.75,22.739999771118164,22.739999771118164,2925.0
2024-03-01 10:36:00,INO,8.880000114440918,8.880000114440918,8.90999984741211,8.859999656677246,8.899999618530273,897.0
2024-03-01 10:36:00,INSM,28.479999542236328,28.479999542236328,28.497600555419922,28.469999313354492,28.497600555419922,685.0
2024-03-01 10:36:00,INVA,15.449999809265137,15.449999809265137,15.5,15.449999809265137,15.484999656677246,2540.0
2024-03-01 10:36:00,INZY,6.53000020980835,6.53000020980835,6.53000020980835,6.53000020980835,6.53000020980835,335.0
2024-03-01 10:36:00,IOBT,1.6800999641418457,1.6800999641418457,1.6800999641418457,1.6799999475479126,1.6800999641418457,1301.0
2024-03-01 10:36:00,IONS,45.81999969482422,45.81999969482422,45.86000061035156,45.79999923706055,45.810001373291016,2540.0
2024-03-01 10:36:00,IOVA,16.600000381469727,16.600000381469727,16.65999984741211,16.600000381469727,16.65999984741211,14679.0
2024-03-01 10:36:00,IRWD,8.949999809265137,8.949999809265137,8.970000267028809,8.944999694824219,8.960000038146973,7075.0
2024-03-01 10:36:00,ISRG,390.0,390.0,390.0799865722656,389.8699951171875,389.8699951171875,9262.0
2024-03-01 10:36:00,ITCI,71.23999786376953,71.23999786376953,71.29000091552734,71.20999908447266,71.27999877929688,1533.0
2024-03-01 10:36:00,ITOS,10.774999618530273,10.774999618530273,10.774999618530273,10.774999618530273,10.774999618530273,500.0
2024-03-01 10:36:00,IVVD,4.010000228881836,4.010000228881836,4.010000228881836,4.0,4.0,306.0
2024-03-01 10:36:00,JAGX,0.08079999685287476,0.08079999685287476,0.08299999684095383,0.07819999754428864,0.0828000009059906,1243304.0
2024-03-01 10:36:00,JANX,46.7599983215332,46.7599983215332,47.29999923706055,46.720001220703125,47.29999923706055,1992.0
2024-03-01 10:36:00,JAZZ,119.55000305175781,119.55000305175781,119.68000030517578,119.5,119.68000030517578,1050.0
2024-03-01 10:36:00,JSPR,20.701900482177734,20.701900482177734,20.701900482177734,20.701900482177734,20.701900482177734,196.0
2024-03-01 10:36:00,JYNT,9.970000267028809,9.970000267028809,9.970000267028809,9.970000267028809,9.970000267028809,251.0
2024-03-01 10:36:00,KALV,14.015000343322754,14.015000343322754,14.015000343322754,14.015000343322754,14.015000343322754,200.0
2024-03-01 10:36:00,KOD,6.059999942779541,6.059999942779541,6.059999942779541,6.054999828338623,6.054999828338623,1095.0
2024-03-01 10:36:00,KPTI,1.1749999523162842,1.1749999523162842,1.1799999475479126,1.1749999523162842,1.1749999523162842,1002.0
2024-03-01 10:36:00,KROS,69.8499984741211,69.8499984741211,70.31500244140625,69.80999755859375,70.0,3227.0
2024-03-01 10:36:00,KRTX,316.25,316.25,316.25,316.2449951171875,316.2449951171875,499.0
2024-03-01 10:36:00,KYMR,44.53499984741211,44.53499984741211,44.599998474121094,44.53499984741211,44.599998474121094,1478.0
2024-03-01 10:36:00,KZIA,0.23389999568462372,0.23389999568462372,0.23389999568462372,0.2337999939918518,0.2337999939918518,1393.0
2024-03-01 10:36:00,KZR,1.1100000143051147,1.1100000143051147,1.1100000143051147,1.1100000143051147,1.1100000143051147,2848.0
2024-03-01 10:36:00,LAB,2.3499999046325684,2.3499999046325684,2.3499999046325684,2.3499999046325684,2.3499999046325684,1000.0
2024-03-01 10:36:00,LBPH,21.81999969482422,21.81999969482422,21.81999969482422,21.81999969482422,21.81999969482422,214.0
2024-03-01 10:36:00,LEGN,65.88999938964844,65.88999938964844,65.88999938964844,65.79000091552734,65.79000091552734,861.0
2024-03-01 10:36:00,LEXX,2.5299999713897705,2.5299999713897705,2.5299999713897705,2.5299999713897705,2.5299999713897705,720.0
2024-03-01 10:36:00,LFMD,7.920000076293945,7.920000076293945,7.949999809265137,7.920000076293945,7.949999809265137,2379.0
2024-03-01 10:36:00,LFST,8.0,8.0,8.0,8.0,8.0,434.0
2024-03-01 10:36:00,LIVN,54.95000076293945,54.95000076293945,54.97999954223633,54.95000076293945,54.97999954223633,383.0
2024-03-01 10:36:00,LMAT,67.63999938964844,67.63999938964844,67.63999938964844,67.63999938964844,67.63999938964844,247.0
2024-03-01 10:36:00,LNTH,65.44999694824219,65.44999694824219,65.5,65.44999694824219,65.5,518.0
2024-03-01 10:36:00,LQDA,14.479999542236328,14.479999542236328,14.479999542236328,14.479999542236328,14.479999542236328,245.0
2024-03-01 10:36:00,LRMR,11.130000114440918,11.130000114440918,11.149999618530273,11.109999656677246,11.109999656677246,669.0
2024-03-01 10:36:00,LUNG,9.100000381469727,9.100000381469727,9.130000114440918,9.100000381469727,9.130000114440918,2424.0
2024-03-01 10:36:00,LVTX,2.990600109100342,2.990600109100342,3.0,2.990600109100342,3.0,479.0
2024-03-01 10:36:00,LXRX,2.430000066757202,2.430000066757202,2.430500030517578,2.430000066757202,2.430000066757202,2747.0
2024-03-01 10:36:00,LYEL,3.1298999786376953,3.1298999786376953,3.130000114440918,3.1298999786376953,3.1298999786376953,4184.0
2024-03-01 10:36:00,MASS,7.300000190734863,7.300000190734863,7.300000190734863,7.239999771118164,7.239999771118164,1187.0
2024-03-01 10:36:00,MCRB,1.191499948501587,1.191499948501587,1.1950000524520874,1.191499948501587,1.1950000524520874,1699.0
2024-03-01 10:36:00,MDGL,243.5,243.5,243.5,243.5,243.5,115.0
2024-03-01 10:36:00,MDRX,5.949999809265137,5.949999809265137,5.949999809265137,5.730000019073486,5.800000190734863,77100.0
2024-03-01 10:36:00,MDXG,8.484999656677246,8.484999656677246,8.484999656677246,8.46500015258789,8.46500015258789,1048.0
2024-03-01 10:36:00,MDXH,3.664599895477295,3.664599895477295,3.664599895477295,3.664599895477295,3.664599895477295,103.0
2024-03-01 10:36:00,ME,0.5698000192642212,0.5698000192642212,0.5716999769210815,0.5698000192642212,0.5716999769210815,1742.0
2024-03-01 10:36:00,MEDP,399.9700012207031,399.9700012207031,399.989990234375,399.9700012207031,399.989990234375,544.0
2024-03-01 10:36:00,MGNX,19.165000915527344,19.165000915527344,19.229999542236328,19.149999618530273,19.229999542236328,3516.0
2024-03-01 10:36:00,MIST,1.6749999523162842,1.6749999523162842,1.6799999475479126,1.6749999523162842,1.6799999475479126,20973.0
2024-03-01 10:36:00,MLTX,52.31999969482422,52.31999969482422,52.34000015258789,52.31999969482422,52.34000015258789,1210.0
2024-03-01 10:36:00,MNKD,4.5,4.5,4.5,4.491199970245361,4.5,1145.0
2024-03-01 10:36:00,MNMD,5.860000133514404,5.860000133514404,5.8618998527526855,5.860000133514404,5.8618998527526855,387.0
2024-03-01 10:36:00,MNPR,0.7800999879837036,0.7800999879837036,0.7800999879837036,0.7800999879837036,0.7800999879837036,1000.0
2024-03-01 10:36:00,MODV,28.270000457763672,28.270000457763672,28.286800384521484,28.270000457763672,28.286800384521484,5298.0
2024-03-01 10:36:00,MOR,17.69499969482422,17.69499969482422,17.69499969482422,17.690000534057617,17.690000534057617,584.0
2024-03-01 10:36:00,MORF,38.099998474121094,38.099998474121094,38.099998474121094,38.099998474121094,38.099998474121094,653.0
2024-03-01 10:36:00,MREO,3.875,3.875,3.8798999786376953,3.875,3.8798999786376953,1192.0
2024-03-01 10:36:00,MRNA,95.69999694824219,95.69999694824219,95.9800033569336,95.69999694824219,95.8499984741211,7335.0
2024-03-01 10:36:00,MRSN,5.784999847412109,5.784999847412109,5.860000133514404,5.78000020980835,5.860000133514404,4518.0
2024-03-01 10:36:00,MRVI,7.789999961853027,7.789999961853027,7.789999961853027,7.789999961853027,7.789999961853027,852.0
2024-03-01 10:36:00,MXCT,4.784999847412109,4.784999847412109,4.784999847412109,4.784999847412109,4.784999847412109,1420.0
2024-03-01 10:36:00,MYNZ,0.8604000210762024,0.8604000210762024,0.8604000210762024,0.8604000210762024,0.8604000210762024,100.0
2024-03-01 10:36:00,NARI,45.70500183105469,45.70500183105469,45.75,45.65999984741211,45.72999954223633,1813.0
2024-03-01 10:36:00,NEO,16.059999465942383,16.059999465942383,16.059999465942383,16.059999465942383,16.059999465942383,1019.0
2024-03-01 10:36:00,NEOG,17.1200008392334,17.1200008392334,17.1200008392334,17.100000381469727,17.100000381469727,1842.0
2024-03-01 10:36:00,NKTR,0.7350000143051147,0.7350000143051147,0.7350000143051147,0.7350000143051147,0.7350000143051147,200.0
2024-03-01 10:36:00,NNOX,10.999899864196777,10.999899864196777,11.0,10.960000038146973,10.96500015258789,9718.0
2024-03-01 10:36:00,NOTV,7.712399959564209,7.712399959564209,7.712399959564209,7.712399959564209,7.712399959564209,370.0
2024-03-01 10:36:00,NRBO,5.550000190734863,5.550000190734863,5.610199928283691,5.519999980926514,5.610099792480469,9974.0
2024-03-01 10:36:00,NRIX,13.300000190734863,13.300000190734863,13.300000190734863,13.239999771118164,13.239999771118164,1480.0
2024-03-01 10:36:00,NRSN,2.0299999713897705,2.0299999713897705,2.0299999713897705,2.0299999713897705,2.0299999713897705,1022.0
2024-03-01 10:36:00,NRXP,0.41510000824928284,0.41510000824928284,0.41760000586509705,0.41510000824928284,0.41760000586509705,6005.0
2024-03-01 10:36:00,NTLA,33.72999954223633,33.72999954223633,33.790000915527344,33.72999954223633,33.790000915527344,2064.0
2024-03-01 10:36:00,NTRA,88.94999694824219,88.94999694824219,88.94999694824219,88.83000183105469,88.88999938964844,3616.0
2024-03-01 10:36:00,NUWE,0.5799999833106995,0.5799999833106995,0.5849000215530396,0.5799999833106995,0.5849000215530396,5012.0
2024-03-01 10:36:00,NVAX,5.090000152587891,5.090000152587891,5.119999885559082,5.089900016784668,5.089900016784668,75059.0
2024-03-01 10:36:00,NVCR,15.739999771118164,15.739999771118164,15.739999771118164,15.720000267028809,15.720000267028809,1495.0
2024-03-01 10:36:00,NXTC,1.7699999809265137,1.7699999809265137,1.774999976158142,1.7603000402450562,1.774999976158142,550.0
2024-03-01 10:36:00,OCGN,0.9293000102043152,0.9293000102043152,0.9293000102043152,0.9293000102043152,0.9293000102043152,221.0
2024-03-01 10:36:00,OCUL,10.3100004196167,10.3100004196167,10.319899559020996,10.289999961853027,10.305000305175781,3087.0
2024-03-01 10:36:00,OCUP,2.515000104904175,2.515000104904175,2.515000104904175,2.515000104904175,2.515000104904175,213.0
2024-03-01 10:36:00,OFIX,12.979999542236328,12.979999542236328,12.989999771118164,12.949999809265137,12.949999809265137,1224.0
2024-03-01 10:36:00,OGI,2.065000057220459,2.065000057220459,2.065000057220459,2.065000057220459,2.065000057220459,201.0
2024-03-01 10:36:00,OLK,22.55500030517578,22.55500030517578,22.55500030517578,22.55500030517578,22.55500030517578,504.0
2024-03-01 10:36:00,OLMA,12.760000228881836,12.760000228881836,12.760000228881836,12.760000228881836,12.760000228881836,272.0
2024-03-01 10:36:00,OM,3.0899999141693115,3.0899999141693115,3.0899999141693115,3.0850000381469727,3.0850000381469727,537.0
2024-03-01 10:36:00,OMCL,26.540000915527344,26.540000915527344,26.540000915527344,26.540000915527344,26.540000915527344,282.0
2024-03-01 10:36:00,OMGA,4.150000095367432,4.150000095367432,4.164999961853027,4.150000095367432,4.164999961853027,1216.0
2024-03-01 10:37:00,AADI,1.9600000381469727,1.9600000381469727,1.9600000381469727,1.9600000381469727,1.9600000381469727,105.0
2024-03-01 10:37:00,ABCL,5.139999866485596,5.139999866485596,5.148799896240234,5.139999866485596,5.148799896240234,606.0
2024-03-01 10:37:00,ABEO,7.725299835205078,7.725299835205078,7.796500205993652,7.71999979019165,7.775000095367432,8575.0
2024-03-01 10:37:00,ABSI,5.210000038146973,5.210000038146973,5.25,5.210000038146973,5.25,3824.0
2024-03-01 10:37:00,ACAD,23.899799346923828,23.899799346923828,23.899999618530273,23.889999389648438,23.889999389648438,2008.0
2024-03-01 10:37:00,ACB,3.0315001010894775,3.0315001010894775,3.0499000549316406,3.0315001010894775,3.0499000549316406,2318.0
2024-03-01 10:37:00,ACET,2.365000009536743,2.365000009536743,2.365000009536743,2.365000009536743,2.365000009536743,218.0
2024-03-01 10:37:00,ACRS,1.2200000286102295,1.2200000286102295,1.2300000190734863,1.2200000286102295,1.2300000190734863,1954.0
2024-03-01 10:37:00,ADIL,3.359999895095825,3.359999895095825,3.380000114440918,3.2699999809265137,3.368000030517578,190410.0
2024-03-01 10:37:00,ADMA,5.349999904632568,5.349999904632568,5.360000133514404,5.349999904632568,5.355000019073486,1436.0
2024-03-01 10:37:00,ADPT,4.190000057220459,4.190000057220459,4.199999809265137,4.175000190734863,4.199999809265137,4561.0
2024-03-01 10:37:00,ADVM,1.934999942779541,1.934999942779541,1.934999942779541,1.934999942779541,1.934999942779541,300.0
2024-03-01 10:37:00,AGEN,0.6682000160217285,0.6682000160217285,0.6682000160217285,0.6680999994277954,0.6682000160217285,208.0
2024-03-01 10:37:00,AGIO,32.75,32.75,32.790000915527344,32.75,32.790000915527344,697.0
2024-03-01 10:37:00,AGRX,0.8399999737739563,0.8399999737739563,0.8399999737739563,0.8399999737739563,0.8399999737739563,220.0
2024-03-01 10:37:00,AHCO,10.630000114440918,10.630000114440918,10.675000190734863,10.630000114440918,10.65999984741211,1387.0
2024-03-01 10:37:00,AIMD,1.0,1.0,1.0,0.9750000238418579,1.0,8843.0
2024-03-01 10:37:00,AIRS,6.570000171661377,6.570000171661377,6.570000171661377,6.570000171661377,6.570000171661377,0.0
2024-03-01 10:37:00,AKAN,0.25270000100135803,0.25270000100135803,0.25270000100135803,0.2517000138759613,0.2517000138759613,1504.0
2024-03-01 10:37:00,AKBA,1.6449999809265137,1.6449999809265137,1.648800015449524,1.6399999856948853,1.6449999809265137,900.0
2024-03-01 10:37:00,AKLI,0.3479999899864197,0.3479999899864197,0.3479999899864197,0.3479999899864197,0.3479999899864197,105.0
2024-03-01 10:37:00,AKRO,28.2450008392334,28.2450008392334,28.25,28.170000076293945,28.219999313354492,5463.0
2024-03-01 10:37:00,AKYA,5.909999847412109,5.909999847412109,5.909999847412109,5.909999847412109,5.909999847412109,200.0
2024-03-01 10:37:00,ALDX,4.150000095367432,4.150000095367432,4.150000095367432,4.119999885559082,4.119999885559082,21266.0
2024-03-01 10:37:00,ALEC,7.510000228881836,7.510000228881836,7.519899845123291,7.510000228881836,7.519899845123291,1050.0
2024-03-01 10:37:00,ALHC,5.75,5.75,5.760000228881836,5.7230000495910645,5.7230000495910645,4621.0
2024-03-01 10:37:00,ALKS,30.1200008392334,30.1200008392334,30.1200008392334,30.1200008392334,30.1200008392334,1537.0
2024-03-01 10:37:00,ALLK,1.6100000143051147,1.6100000143051147,1.6100000143051147,1.6100000143051147,1.6100000143051147,200.0
2024-03-01 10:37:00,ALLO,5.0,5.0,5.010000228881836,5.0,5.010000228881836,448.0
2024-03-01 10:37:00,ALNY,154.34080505371094,154.34080505371094,154.34080505371094,154.34080505371094,154.34080505371094,217.0
2024-03-01 10:37:00,ALT,12.210000038146973,12.210000038146973,12.25,12.210000038146973,12.25,3571.0
2024-03-01 10:37:00,ALVR,0.7512000203132629,0.7512000203132629,0.7512000203132629,0.7473999857902527,0.7473999857902527,10197.0
2024-03-01 10:37:00,AMGN,280.7099914550781,280.7099914550781,280.92498779296875,280.6238098144531,280.9049987792969,3827.0
2024-03-01 10:37:00,AMLX,18.899999618530273,18.899999618530273,18.899999618530273,18.899999618530273,18.899999618530273,938.0
2024-03-01 10:37:00,AMRN,1.024999976158142,1.024999976158142,1.024999976158142,1.024999976158142,1.024999976158142,108.0
2024-03-01 10:37:00,ANAB,25.604999542236328,25.604999542236328,25.604999542236328,25.604999542236328,25.604999542236328,315.0
2024-03-01 10:37:00,ANNX,5.849999904632568,5.849999904632568,5.855000019073486,5.849999904632568,5.855000019073486,3627.0
2024-03-01 10:37:00,ANTX,2.9600000381469727,2.9600000381469727,2.9600000381469727,2.9600000381469727,2.9600000381469727,266.0
2024-03-01 10:37:00,APLS,63.57500076293945,63.57500076293945,63.630001068115234,63.57500076293945,63.57500076293945,1977.0
2024-03-01 10:37:00,APLT,7.329999923706055,7.329999923706055,7.34499979019165,7.329999923706055,7.329999923706055,4321.0
2024-03-01 10:37:00,APVO,0.1599999964237213,0.1599999964237213,0.16529999673366547,0.1599999964237213,0.16529999673366547,17692.0
2024-03-01 10:37:00,AQST,4.21999979019165,4.21999979019165,4.21999979019165,4.199999809265137,4.210000038146973,2055.0
2024-03-01 10:37:00,ARAY,2.6050000190734863,2.6050000190734863,2.6110999584198,2.6050000190734863,2.6110999584198,2338.0
2024-03-01 10:37:00,ARCT,39.830101013183594,39.830101013183594,39.91999816894531,39.830101013183594,39.90999984741211,1006.0
2024-03-01 10:37:00,ARDS,0.07400000095367432,0.07400000095367432,0.07400000095367432,0.07400000095367432,0.07400000095367432,220.0
2024-03-01 10:37:00,ARDX,9.550000190734863,9.550000190734863,9.560099601745605,9.550000190734863,9.560099601745605,2152.0
2024-03-01 10:37:00,ARGX,385.0950012207031,385.0950012207031,385.0950012207031,385.0400085449219,385.0400085449219,610.0
2024-03-01 10:37:00,ARQT,11.020099639892578,11.020099639892578,11.0600004196167,10.990500450134277,11.0600004196167,6510.0
2024-03-01 10:37:00,ARVN,51.005001068115234,51.005001068115234,51.21500015258789,50.959999084472656,51.21500015258789,2375.0
2024-03-01 10:37:00,ARWR,35.029998779296875,35.029998779296875,35.060001373291016,35.0,35.0099983215332,5702.0
2024-03-01 10:37:00,ASND,148.85000610351562,148.85000610351562,148.85000610351562,148.83999633789062,148.83999633789062,709.0
2024-03-01 10:37:00,ATAI,1.9850000143051147,1.9850000143051147,1.9850000143051147,1.9850000143051147,1.9850000143051147,304.0
2024-03-01 10:37:00,ATEC,13.390000343322754,13.390000343322754,13.390000343322754,13.390000343322754,13.390000343322754,823.0
2024-03-01 10:37:00,ATHA,3.9600000381469727,3.9600000381469727,3.9600000381469727,3.9600000381469727,3.9600000381469727,383.0
2024-03-01 10:37:00,ATOS,0.9900000095367432,0.9900000095367432,0.9901000261306763,0.9900000095367432,0.9900000095367432,0.0
2024-03-01 10:37:00,ATRA,0.8288999795913696,0.8288999795913696,0.8288999795913696,0.8151999711990356,0.8151999711990356,0.0
2024-03-01 10:37:00,ATRC,35.81999969482422,35.81999969482422,35.81999969482422,35.79999923706055,35.79999923706055,382.0
2024-03-01 10:37:00,ATXS,15.229999542236328,15.229999542236328,15.350000381469727,15.199999809265137,15.350000381469727,7948.0
2024-03-01 10:37:00,AUPH,5.78000020980835,5.78000020980835,5.78000020980835,5.78000020980835,5.78000020980835,513.0
2024-03-01 10:37:00,AUTL,6.215000152587891,6.215000152587891,6.215000152587891,6.215000152587891,6.215000152587891,908.0
2024-03-01 10:37:00,AVDL,12.65999984741211,12.65999984741211,12.65999984741211,12.65999984741211,12.65999984741211,300.0
2024-03-01 10:37:00,AVIR,4.329999923706055,4.329999923706055,4.329999923706055,4.329999923706055,4.329999923706055,102.0
2024-03-01 10:37:00,AVRO,1.3200000524520874,1.3200000524520874,1.3200000524520874,1.3200000524520874,1.3200000524520874,952.0
2024-03-01 10:37:00,AVTE,22.299999237060547,22.299999237060547,22.729999542236328,22.299999237060547,22.639999389648438,3598.0
2024-03-01 10:37:00,AVXL,5.308899879455566,5.308899879455566,5.308899879455566,5.305099964141846,5.305099964141846,1501.0
2024-03-01 10:37:00,AXSM,83.52999877929688,83.52999877929688,83.78500366210938,83.5199966430664,83.66999816894531,6081.0
2024-03-01 10:37:00,AZN,64.57499694824219,64.57499694824219,64.62999725341797,64.56999969482422,64.62999725341797,21645.0
2024-03-01 10:37:00,AZTA,66.29000091552734,66.29000091552734,66.33499908447266,66.29000091552734,66.29000091552734,1198.0
2024-03-01 10:37:00,BBIO,35.95500183105469,35.95500183105469,35.970001220703125,35.95500183105469,35.970001220703125,749.0
2024-03-01 10:37:00,BBLG,2.699899911880493,2.699899911880493,2.700000047683716,2.559999942779541,2.5899999141693115,17263.0
2024-03-01 10:37:00,BCAB,2.815000057220459,2.815000057220459,2.815000057220459,2.815000057220459,2.815000057220459,31.0
2024-03-01 10:37:00,BCRX,5.789999961853027,5.789999961853027,5.809999942779541,5.789999961853027,5.809999942779541,5068.0
2024-03-01 10:37:00,BDTX,5.187900066375732,5.187900066375732,5.187900066375732,5.187900066375732,5.187900066375732,1106.0
2024-03-01 10:37:00,BEAM,40.75,40.75,40.86000061035156,40.75,40.86000061035156,856.0
2024-03-01 10:37:00,BGNE,166.44000244140625,166.44000244140625,166.44000244140625,166.44000244140625,166.44000244140625,181.0
2024-03-01 10:37:00,BIIB,219.25,219.25,219.25,219.25,219.25,796.0
2024-03-01 10:37:00,BIOR,1.2200000286102295,1.2200000286102295,1.2200000286102295,1.2200000286102295,1.2200000286102295,337.0
2024-03-01 10:37:00,BIVI,2.3894999027252197,2.3894999027252197,2.4298999309539795,2.359999895095825,2.4000000953674316,246728.0
2024-03-01 10:37:00,BLFS,17.989999771118164,17.989999771118164,18.0,17.950000762939453,17.979999542236328,8336.0
2024-03-01 10:37:00,BLRX,1.4098999500274658,1.4098999500274658,1.4098999500274658,1.4000999927520752,1.4000999927520752,1214.0
2024-03-01 10:37:00,BLUE,1.6223000288009644,1.6223000288009644,1.6375000476837158,1.6223000288009644,1.6349999904632568,10043.0
2024-03-01 10:37:00,BMEA,17.77669906616211,17.77669906616211,17.77669906616211,17.760000228881836,17.760000228881836,2372.0
2024-03-01 10:37:00,BMRN,86.41999816894531,86.41999816894531,86.4800033569336,86.4000015258789,86.4800033569336,1612.0
2024-03-01 10:37:00,BNGO,1.2517999410629272,1.2517999410629272,1.2517999410629272,1.2517999410629272,1.2517999410629272,144.0
2024-03-01 10:37:00,BNTX,91.75,91.75,91.83999633789062,91.66000366210938,91.80000305175781,1633.0
2024-03-01 10:37:00,BPMC,97.53500366210938,97.53500366210938,97.53500366210938,97.52999877929688,97.52999877929688,201.0
2024-03-01 10:37:00,BRKR,87.62999725341797,87.62999725341797,87.62999725341797,87.62999725341797,87.62999725341797,161.0
2024-03-01 10:37:00,BRTX,1.499899983406067,1.499899983406067,1.499899983406067,1.499899983406067,1.499899983406067,0.0
2024-03-01 10:37:00,BSGM,0.6700999736785889,0.6700999736785889,0.6700999736785889,0.6700999736785889,0.6700999736785889,406.0
2024-03-01 10:37:00,BTAI,3.259999990463257,3.259999990463257,3.2699999809265137,3.259999990463257,3.2699999809265137,2.0
2024-03-01 10:37:00,BTMD,6.070000171661377,6.070000171661377,6.070000171661377,6.070000171661377,6.070000171661377,126.0
2024-03-01 10:37:00,BTTX,0.16359999775886536,0.16359999775886536,0.16380000114440918,0.16359999775886536,0.16380000114440918,12790.0
2024-03-01 10:37:00,CABA,24.100000381469727,24.100000381469727,24.174999237060547,24.100000381469727,24.139999389648438,658.0
2024-03-01 10:37:00,CAPR,4.587600231170654,4.587600231170654,4.59499979019165,4.587600231170654,4.59499979019165,1327.0
2024-03-01 10:37:00,CARA,0.9200000166893005,0.9200000166893005,0.9200000166893005,0.9200000166893005,0.9200000166893005,0.0
2024-03-01 10:37:00,CBAY,32.220001220703125,32.220001220703125,32.23500061035156,32.220001220703125,32.22999954223633,1936.0
2024-03-01 10:37:00,CCCC,10.960000038146973,10.960000038146973,10.970000267028809,10.960000038146973,10.970000267028809,648.0
2024-03-01 10:37:00,CCRN,18.030000686645508,18.030000686645508,18.030000686645508,18.030000686645508,18.030000686645508,205.0
2024-03-01 10:37:00,CDMO,7.929999828338623,7.929999828338623,7.940000057220459,7.929999828338623,7.940000057220459,1315.0
2024-03-01 10:37:00,CDNA,12.210000038146973,12.210000038146973,12.229999542236328,12.170000076293945,12.229999542236328,2563.0
2024-03-01 10:37:00,CDXS,4.190000057220459,4.190000057220459,4.204999923706055,4.190000057220459,4.204999923706055,697.0
2024-03-01 10:37:00,CELC,15.960000038146973,15.960000038146973,15.960000038146973,15.850000381469727,15.850000381469727,500.0
2024-03-01 10:37:00,CERE,41.220001220703125,41.220001220703125,41.22249984741211,41.220001220703125,41.22249984741211,952.0
2024-03-01 10:37:00,CERS,2.184999942779541,2.184999942779541,2.190000057220459,2.184999942779541,2.190000057220459,3793.0
2024-03-01 10:37:00,CERT,17.875,17.875,17.90999984741211,17.850000381469727,17.90999984741211,2044.0
2024-03-01 10:37:00,CGC,3.2100000381469727,3.2100000381469727,3.2100000381469727,3.2100000381469727,3.2100000381469727,121.0
2024-03-01 10:37:00,CGEM,18.90999984741211,18.90999984741211,18.90999984741211,18.889999389648438,18.899999618530273,417.0
2024-03-01 10:37:00,CGEN,2.680000066757202,2.680000066757202,2.684999942779541,2.680000066757202,2.684999942779541,600.0
2024-03-01 10:37:00,CHRS,2.329900026321411,2.329900026321411,2.3299999237060547,2.329900026321411,2.3299999237060547,1644.0
2024-03-01 10:37:00,CING,1.2799999713897705,1.2799999713897705,1.2799999713897705,1.2799999713897705,1.2799999713897705,220.0
2024-03-01 10:37:00,CJJD,2.7799999713897705,2.7799999713897705,2.7799999713897705,2.7799999713897705,2.7799999713897705,1185.0
2024-03-01 10:37:00,CLDX,52.150001525878906,52.150001525878906,52.220001220703125,52.150001525878906,52.212398529052734,3132.0
2024-03-01 10:37:00,CLNN,0.39489999413490295,0.39489999413490295,0.39500001072883606,0.3944999873638153,0.3944999873638153,1523.0
2024-03-01 10:37:00,CLOV,0.864300012588501,0.864300012588501,0.8651000261306763,0.8640999794006348,0.8650000095367432,37810.0
2024-03-01 10:37:00,CLRB,4.039999961853027,4.039999961853027,4.039999961853027,4.039999961853027,4.039999961853027,102.0
2024-03-01 10:37:00,CMPS,10.609999656677246,10.609999656677246,10.613200187683105,10.609999656677246,10.613200187683105,225.0
2024-03-01 10:37:00,CNTA,10.829999923706055,10.829999923706055,10.829999923706055,10.829999923706055,10.829999923706055,210.0
2024-03-01 10:37:00,COGT,7.320000171661377,7.320000171661377,7.320000171661377,7.320000171661377,7.320000171661377,3029.0
2024-03-01 10:37:00,COLL,37.26499938964844,37.26499938964844,37.279998779296875,37.25,37.25,889.0
2024-03-01 10:37:00,CPRX,17.190000534057617,17.190000534057617,17.209999084472656,17.174999237060547,17.209999084472656,4568.0
2024-03-01 10:37:00,CPSI,9.404999732971191,9.404999732971191,9.420299530029297,9.382200241088867,9.382200241088867,2600.0
2024-03-01 10:37:00,CRBU,8.09000015258789,8.09000015258789,8.100000381469727,8.09000015258789,8.100000381469727,1328.0
2024-03-01 10:37:00,CRDF,2.5750999450683594,2.5750999450683594,2.609999895095825,2.5399999618530273,2.6050000190734863,108796.0
2024-03-01 10:37:00,CRDL,1.9950000047683716,1.9950000047683716,1.9950000047683716,1.9800000190734863,1.9950000047683716,11101.0
2024-03-01 10:37:00,CRON,2.0546998977661133,2.0546998977661133,2.055000066757202,2.0518999099731445,2.055000066757202,609.0
2024-03-01 10:37:00,CRSP,86.30560302734375,86.30560302734375,86.30560302734375,86.24729919433594,86.29000091552734,949.0
2024-03-01 10:37:00,CRVS,2.180000066757202,2.180000066757202,2.180000066757202,2.180000066757202,2.180000066757202,0.0
2024-03-01 10:37:00,CSTL,19.950000762939453,19.950000762939453,19.950000762939453,19.914600372314453,19.914600372314453,664.0
2024-03-01 10:37:00,CTKB,8.045000076293945,8.045000076293945,8.045000076293945,8.045000076293945,8.045000076293945,536.0
2024-03-01 10:37:00,CTMX,2.509999990463257,2.509999990463257,2.509999990463257,2.5,2.5,116.0
2024-03-01 10:37:00,CTXR,0.7896999716758728,0.7896999716758728,0.7896999716758728,0.7896999716758728,0.7896999716758728,105.0
2024-03-01 10:37:00,CUTR,2.359999895095825,2.359999895095825,2.359999895095825,2.3550000190734863,2.3550000190734863,1028.0
2024-03-01 10:37:00,CVAC,3.490000009536743,3.490000009536743,3.490000009536743,3.484999895095825,3.490000009536743,1579.0
2024-03-01 10:37:00,CYTK,74.6500015258789,74.6500015258789,74.6500015258789,74.6500015258789,74.6500015258789,228.0
2024-03-01 10:37:00,CYTO,2.130000114440918,2.130000114440918,2.1700000762939453,2.0999999046325684,2.134999990463257,3460.0
2024-03-01 10:37:00,DAWN,16.979999542236328,16.979999542236328,16.979999542236328,16.979999542236328,16.979999542236328,272.0
2024-03-01 10:37:00,DCGO,4.114699840545654,4.114699840545654,4.114999771118164,4.110000133514404,4.114999771118164,2305.0
2024-03-01 10:37:00,DCPH,17.065000534057617,17.065000534057617,17.065000534057617,17.065000534057617,17.065000534057617,191.0
2024-03-01 10:37:00,DH,9.15999984741211,9.15999984741211,9.15999984741211,9.15999984741211,9.15999984741211,301.0
2024-03-01 10:37:00,DMTK,0.8700000047683716,0.8700000047683716,0.8799999952316284,0.8700000047683716,0.875,2727.0
2024-03-01 10:37:00,DNLI,20.719999313354492,20.719999313354492,20.764999389648438,20.719999313354492,20.764999389648438,628.0
2024-03-01 10:37:00,DSGN,2.880000114440918,2.880000114440918,2.880000114440918,2.880000114440918,2.880000114440918,1212.0
2024-03-01 10:37:00,DTIL,12.599499702453613,12.599499702453613,12.600000381469727,12.579999923706055,12.600000381469727,1899.0
2024-03-01 10:37:00,DVAX,12.770000457763672,12.770000457763672,12.770000457763672,12.770000457763672,12.770000457763672,102.0
2024-03-01 10:37:00,DXCM,117.8949966430664,117.8949966430664,118.06999969482422,117.83999633789062,118.05999755859375,10263.0
2024-03-01 10:37:00,DYN,29.909900665283203,29.909900665283203,29.909900665283203,29.81999969482422,29.850000381469727,2933.0
2024-03-01 10:37:00,EDAP,6.880000114440918,6.880000114440918,6.880000114440918,6.880000114440918,6.880000114440918,350.0
2024-03-01 10:37:00,EDIT,10.850899696350098,10.850899696350098,10.864999771118164,10.850000381469727,10.864999771118164,2244.0
2024-03-01 10:37:00,EGRX,6.460000038146973,6.460000038146973,6.46999979019165,6.460000038146973,6.46999979019165,1639.0
2024-03-01 10:37:00,EKSO,1.9600000381469727,1.9600000381469727,1.9601000547409058,1.9600000381469727,1.9601000547409058,3779.0
2024-03-01 10:37:00,ELEV,5.050000190734863,5.050000190734863,5.050000190734863,5.0,5.019999980926514,1594.0
2024-03-01 10:37:00,ENTA,14.920000076293945,14.920000076293945,14.920000076293945,14.920000076293945,14.920000076293945,100.0
2024-03-01 10:37:00,ENVB,1.676300048828125,1.676300048828125,1.679900050163269,1.6699999570846558,1.679900050163269,8999.0
2024-03-01 10:37:00,EOLS,14.710000038146973,14.710000038146973,14.710000038146973,14.710000038146973,14.710000038146973,101.0
2024-03-01 10:37:00,ERAS,2.4800000190734863,2.4800000190734863,2.494999885559082,2.4800000190734863,2.490000009536743,6314.0
2024-03-01 10:37:00,ESPR,2.484999895095825,2.484999895095825,2.484999895095825,2.4800000190734863,2.484999895095825,2957.0
2024-03-01 10:37:00,ESTA,45.290000915527344,45.290000915527344,45.290000915527344,45.290000915527344,45.290000915527344,671.0
2024-03-01 10:37:00,ETNB,12.930000305175781,12.930000305175781,12.970000267028809,12.920000076293945,12.970000267028809,3770.0
2024-03-01 10:37:00,EVO,7.440000057220459,7.440000057220459,7.445000171661377,7.440000057220459,7.445000171661377,500.0
2024-03-01 10:37:00,EWTX,16.844999313354492,16.844999313354492,16.844999313354492,16.815000534057617,16.815000534057617,301.0
2024-03-01 10:37:00,EXAI,6.710000038146973,6.710000038146973,6.710000038146973,6.710000038146973,6.710000038146973,171.0
2024-03-01 10:37:00,EXAS,59.974998474121094,59.974998474121094,59.97999954223633,59.939998626708984,59.959999084472656,2731.0
2024-03-01 10:37:00,EXEL,22.420000076293945,22.420000076293945,22.420000076293945,22.415000915527344,22.420000076293945,3399.0
2024-03-01 10:37:00,EYEN,2.190000057220459,2.190000057220459,2.190000057220459,2.1898999214172363,2.1898999214172363,7138.0
2024-03-01 10:37:00,EYPT,28.350000381469727,28.350000381469727,28.350000381469727,28.350000381469727,28.350000381469727,257.0
2024-03-01 10:37:00,FATE,7.550000190734863,7.550000190734863,7.554999828338623,7.53000020980835,7.554999828338623,6923.0
2024-03-01 10:37:00,FBIO,2.240000009536743,2.240000009536743,2.25,2.240000009536743,2.25,564.0
2024-03-01 10:37:00,FBIOP,15.5,15.5,15.5,15.5,15.5,161.0
2024-03-01 10:37:00,FDMT,29.459999084472656,29.459999084472656,29.459999084472656,29.459999084472656,29.459999084472656,209.0
2024-03-01 10:37:00,FGEN,1.715000033378601,1.715000033378601,1.7200000286102295,1.7101000547409058,1.715000033378601,7786.0
2024-03-01 10:37:00,FHTX,8.319999694824219,8.319999694824219,8.319999694824219,8.319999694824219,8.319999694824219,200.0
2024-03-01 10:37:00,FIXX,0.9200000166893005,0.9200000166893005,0.9200000166893005,0.9200000166893005,0.9200000166893005,1101.0
2024-03-01 10:37:00,FOLD,13.475000381469727,13.475000381469727,13.5,13.470000267028809,13.5,1604.0
2024-03-01 10:37:00,GDRX,8.300000190734863,8.300000190734863,8.319899559020996,8.299200057983398,8.319899559020996,11342.0
2024-03-01 10:37:00,GERN,2.111299991607666,2.111299991607666,2.119999885559082,2.109999895095825,2.115000009536743,7043.0
2024-03-01 10:37:00,GH,19.190000534057617,19.190000534057617,19.209999084472656,19.190000534057617,19.209999084472656,1178.0
2024-03-01 10:37:00,GILD,72.58999633789062,72.58999633789062,72.58999633789062,72.5199966430664,72.55500030517578,6090.0
2024-03-01 10:37:00,GMAB,29.079999923706055,29.079999923706055,29.079999923706055,29.079999923706055,29.079999923706055,241.0
2024-03-01 10:37:00,GMDA,0.37779998779296875,0.37779998779296875,0.37779998779296875,0.37779998779296875,0.37779998779296875,165.0
2024-03-01 10:37:00,GRFS,6.960000038146973,6.960000038146973,6.96999979019165,6.960000038146973,6.96999979019165,2003.0
2024-03-01 10:37:00,GRTS,2.1549999713897705,2.1549999713897705,2.194999933242798,2.140000104904175,2.190000057220459,24173.0
2024-03-01 10:37:00,GTHX,3.484999895095825,3.484999895095825,3.484999895095825,3.484999895095825,3.484999895095825,400.0
2024-03-01 10:37:00,HCAT,7.989999771118164,7.989999771118164,8.005000114440918,7.989999771118164,8.005000114440918,2472.0
2024-03-01 10:37:00,HCSG,12.720000267028809,12.720000267028809,12.720000267028809,12.720000267028809,12.720000267028809,505.0
2024-03-01 10:37:00,HCTI,2.4000000953674316,2.4000000953674316,2.4100000858306885,2.4000000953674316,2.4100000858306885,250.0
2024-03-01 10:37:00,HLTH,0.2639999985694885,0.2639999985694885,0.27320000529289246,0.2639999985694885,0.27320000529289246,3035.0
2024-03-01 10:37:00,HOLX,73.80500030517578,73.80500030517578,73.81999969482422,73.80500030517578,73.81999969482422,1040.0
2024-03-01 10:37:00,HOWL,7.054999828338623,7.054999828338623,7.054999828338623,7.054999828338623,7.054999828338623,340.0
2024-03-01 10:37:00,HQY,82.08999633789062,82.08999633789062,82.08999633789062,82.08999633789062,82.08999633789062,413.0
2024-03-01 10:37:00,HRMY,31.57819938659668,31.57819938659668,31.57819938659668,31.57819938659668,31.57819938659668,1184.0
2024-03-01 10:37:00,HRTX,2.6500000953674316,2.6500000953674316,2.6500000953674316,2.6500000953674316,2.6500000953674316,2222.0
2024-03-01 10:37:00,HSIC,77.54000091552734,77.54000091552734,77.55000305175781,77.48500061035156,77.48500061035156,640.0
2024-03-01 10:37:00,HUGE,0.8848000168800354,0.8848000168800354,0.8848000168800354,0.8848000168800354,0.8848000168800354,125.0
2024-03-01 10:37:00,HUMA,3.1331000328063965,3.1331000328063965,3.174999952316284,3.130000114440918,3.174999952316284,17028.0
2024-03-01 10:37:00,IART,36.869998931884766,36.869998931884766,36.869998931884766,36.845001220703125,36.845001220703125,963.0
2024-03-01 10:37:00,IBRX,4.804999828338623,4.804999828338623,4.809999942779541,4.804999828338623,4.809999942779541,2566.0
2024-03-01 10:37:00,IDYA,46.060001373291016,46.060001373291016,46.060001373291016,46.060001373291016,46.060001373291016,133.0
2024-03-01 10:37:00,IKNA,1.4700000286102295,1.4700000286102295,1.4700000286102295,1.4700000286102295,1.4700000286102295,300.0
2024-03-01 10:37:00,ILMN,140.38499450683594,140.38499450683594,140.41000366210938,140.38499450683594,140.41000366210938,944.0
2024-03-01 10:37:00,IMAB,1.8550000190734863,1.8550000190734863,1.8550000190734863,1.8550000190734863,1.8550000190734863,500.0
2024-03-01 10:37:00,IMCC,0.3294999897480011,0.3294999897480011,0.3296000063419342,0.3294999897480011,0.3296000063419342,2092.0
2024-03-01 10:37:00,IMMP,2.29010009765625,2.29010009765625,2.29010009765625,2.29010009765625,2.29010009765625,3718.0
2024-03-01 10:37:00,IMMX,3.5950000286102295,3.5950000286102295,3.5950000286102295,3.559999942779541,3.559999942779541,600.0
2024-03-01 10:37:00,IMNM,25.014999389648438,25.014999389648438,25.020000457763672,24.959999084472656,24.959999084472656,1320.0
2024-03-01 10:37:00,IMNN,1.0217000246047974,1.0217000246047974,1.0217000246047974,1.0217000246047974,1.0217000246047974,220.0
2024-03-01 10:37:00,IMUX,1.5199999809265137,1.5199999809265137,1.5299999713897705,1.5199999809265137,1.5199999809265137,12259.0
2024-03-01 10:37:00,IMVT,36.35499954223633,36.35499954223633,36.369998931884766,36.35499954223633,36.369998931884766,1107.0
2024-03-01 10:37:00,INBX,37.005001068115234,37.005001068115234,37.005001068115234,36.959999084472656,36.959999084472656,320.0
2024-03-01 10:37:00,INCR,1.9600000381469727,1.9600000381469727,1.9600000381469727,1.9600000381469727,1.9600000381469727,491.0
2024-03-01 10:37:00,INCY,59.0099983215332,59.0099983215332,59.0099983215332,59.0099983215332,59.0099983215332,310.0
2024-03-01 10:37:00,INM,0.38999998569488525,0.38999998569488525,0.39500001072883606,0.38999998569488525,0.39500001072883606,1251.0
2024-03-01 10:37:00,INMD,22.7593994140625,22.7593994140625,22.760700225830078,22.73900032043457,22.73900032043457,4869.0
2024-03-01 10:37:00,INSM,28.440000534057617,28.440000534057617,28.459999084472656,28.40999984741211,28.459999084472656,1648.0
2024-03-01 10:37:00,INVA,15.449999809265137,15.449999809265137,15.449999809265137,15.40999984741211,15.40999984741211,3707.0
2024-03-01 10:37:00,INZY,6.519999980926514,6.519999980926514,6.519999980926514,6.519999980926514,6.519999980926514,200.0
2024-03-01 10:37:00,IONS,45.81999969482422,45.81999969482422,45.81999969482422,45.81999969482422,45.81999969482422,639.0
2024-03-01 10:37:00,IOVA,16.550199508666992,16.550199508666992,16.5802001953125,16.549999237060547,16.575000762939453,22919.0
2024-03-01 10:37:00,IPSC,3.755000114440918,3.755000114440918,3.755000114440918,3.755000114440918,3.755000114440918,39.0
2024-03-01 10:37:00,IRWD,8.957500457763672,8.957500457763672,8.957500457763672,8.954999923706055,8.954999923706055,1005.0
2024-03-01 10:37:00,ISRG,389.92999267578125,389.92999267578125,390.0,389.92999267578125,389.9949951171875,1416.0
2024-03-01 10:37:00,ITCI,71.26249694824219,71.26249694824219,71.27999877929688,71.20249938964844,71.25,1402.0
2024-03-01 10:37:00,ITRM,1.2300000190734863,1.2300000190734863,1.2300000190734863,1.2300000190734863,1.2300000190734863,4000.0
2024-03-01 10:37:00,IVVD,4.019999980926514,4.019999980926514,4.019999980926514,4.009900093078613,4.010000228881836,1584.0
2024-03-01 10:37:00,IXHL,5.340000152587891,5.340000152587891,5.340000152587891,5.329999923706055,5.329999923706055,352.0
2024-03-01 10:37:00,JAGX,0.0828000009059906,0.0828000009059906,0.08299999684095383,0.0803999975323677,0.08070000261068344,834254.0
2024-03-01 10:37:00,JANX,46.79499816894531,46.79499816894531,46.79499816894531,46.79499816894531,46.79499816894531,1302.0
2024-03-01 10:37:00,JAZZ,119.5696029663086,119.5696029663086,119.5696029663086,119.5696029663086,119.5696029663086,200.0
2024-03-01 10:37:00,KALV,14.0,14.0,14.015000343322754,14.0,14.015000343322754,470.0
2024-03-01 10:37:00,KIDS,27.100000381469727,27.100000381469727,27.139999389648438,27.100000381469727,27.1200008392334,943.0
2024-03-01 10:37:00,KNSA,21.903200149536133,21.903200149536133,21.903200149536133,21.903200149536133,21.903200149536133,514.0
2024-03-01 10:37:00,KOD,6.059999942779541,6.059999942779541,6.059999942779541,6.059999942779541,6.059999942779541,430.0
2024-03-01 10:37:00,KPTI,1.1789000034332275,1.1789000034332275,1.1799999475479126,1.1749999523162842,1.1749999523162842,4400.0
2024-03-01 10:37:00,KRTX,316.0,316.0,316.0299987792969,316.0,316.0299987792969,451.0
2024-03-01 10:37:00,KURA,21.25,21.25,21.25,21.25,21.25,105.0
2024-03-01 10:37:00,KYMR,44.40999984741211,44.40999984741211,44.5,44.369998931884766,44.5,1739.0
2024-03-01 10:37:00,KZIA,0.23000000417232513,0.23000000417232513,0.23100000619888306,0.23000000417232513,0.23100000619888306,9700.0
2024-03-01 10:37:00,KZR,1.1050000190734863,1.1050000190734863,1.1050000190734863,1.1050000190734863,1.1050000190734863,215.0
2024-03-01 10:37:00,LAB,2.3499999046325684,2.3499999046325684,2.3499999046325684,2.3450000286102295,2.3450000286102295,0.0
2024-03-01 10:37:00,LBPH,21.815000534057617,21.815000534057617,21.8799991607666,21.815000534057617,21.8799991607666,300.0
2024-03-01 10:37:00,LEXX,2.5,2.5,2.569999933242798,2.5,2.569999933242798,277.0
2024-03-01 10:37:00,LFST,7.989999771118164,7.989999771118164,8.0,7.989999771118164,7.994999885559082,2914.0
2024-03-01 10:37:00,LGVN,0.550000011920929,0.550000011920929,0.550000011920929,0.5460000038146973,0.5460000038146973,0.0
2024-03-01 10:37:00,LIVN,54.994998931884766,54.994998931884766,54.994998931884766,54.994998931884766,54.994998931884766,338.0
2024-03-01 10:37:00,LMAT,67.2750015258789,67.2750015258789,67.4000015258789,67.2750015258789,67.4000015258789,1825.0
2024-03-01 10:37:00,LTRN,4.690000057220459,4.690000057220459,4.690000057220459,4.690000057220459,4.690000057220459,299.0
2024-03-01 10:37:00,LUNG,9.100000381469727,9.100000381469727,9.100000381469727,9.09000015258789,9.09000015258789,563.0
2024-03-01 10:37:00,LVTX,3.0013999938964844,3.0013999938964844,3.0013999938964844,2.990000009536743,2.990000009536743,970.0
2024-03-01 10:37:00,LXRX,2.4203999042510986,2.4203999042510986,2.4203999042510986,2.4203999042510986,2.4203999042510986,5400.0
2024-03-01 10:37:00,LYEL,3.125,3.125,3.134999990463257,3.125,3.134999990463257,2289.0
2024-03-01 10:37:00,MACK,14.75,14.75,14.75,14.75,14.75,101.0
2024-03-01 10:37:00,MCRB,1.1974999904632568,1.1974999904632568,1.2000000476837158,1.1974999904632568,1.2000000476837158,2403.0
2024-03-01 10:37:00,MDGL,243.0,243.0,243.0,243.0,243.0,417.0
2024-03-01 10:37:00,MDRX,5.900000095367432,5.900000095367432,5.949999809265137,5.730000019073486,5.730000019073486,19225.0
2024-03-01 10:37:00,MDXG,8.484999656677246,8.484999656677246,8.484999656677246,8.484999656677246,8.484999656677246,721.0
2024-03-01 10:37:00,ME,0.5694000124931335,0.5694000124931335,0.570900022983551,0.5694000124931335,0.5698000192642212,1120.0
2024-03-01 10:37:00,MEDS,9.171500205993652,9.171500205993652,9.171500205993652,9.171500205993652,9.171500205993652,325.0
2024-03-01 10:37:00,MGNX,19.139999389648438,19.139999389648438,19.17099952697754,19.139999389648438,19.17099952697754,524.0
2024-03-01 10:37:00,MIST,1.6749999523162842,1.6749999523162842,1.6749999523162842,1.6749999523162842,1.6749999523162842,260.0
2024-03-01 10:37:00,MLTX,52.28499984741211,52.28499984741211,52.33000183105469,52.25,52.31999969482422,6695.0
2024-03-01 10:37:00,MNKD,4.495699882507324,4.495699882507324,4.5,4.494900226593018,4.494999885559082,17857.0
2024-03-01 10:37:00,MNMD,5.859899997711182,5.859899997711182,5.859899997711182,5.859899997711182,5.859899997711182,2621.0
2024-03-01 10:37:00,MNPR,0.7799999713897705,0.7799999713897705,0.7799999713897705,0.7799999713897705,0.7799999713897705,0.0
2024-03-01 10:37:00,MODD,1.934999942779541,1.934999942779541,1.934999942779541,1.934999942779541,1.934999942779541,100.0
2024-03-01 10:37:00,MODV,28.600000381469727,28.600000381469727,28.600000381469727,28.354999542236328,28.36870002746582,5633.0
2024-03-01 10:37:00,MOR,17.690000534057617,17.690000534057617,17.690000534057617,17.690000534057617,17.690000534057617,297.0
2024-03-01 10:37:00,MREO,3.8499999046325684,3.8499999046325684,3.875,3.8450000286102295,3.875,12550.0
2024-03-01 10:37:00,MRNA,95.4000015258789,95.4000015258789,95.69999694824219,95.37000274658203,95.69999694824219,4218.0
2024-03-01 10:37:00,MRNS,9.720000267028809,9.720000267028809,9.720000267028809,9.720000267028809,9.720000267028809,123.0
2024-03-01 10:37:00,MRSN,5.795000076293945,5.795000076293945,5.795000076293945,5.775000095367432,5.784999847412109,3549.0
2024-03-01 10:37:00,MRUS,49.70000076293945,49.70000076293945,49.70000076293945,49.65999984741211,49.65999984741211,964.0
2024-03-01 10:37:00,MRVI,7.760000228881836,7.760000228881836,7.78000020980835,7.760000228881836,7.78000020980835,331.0
2024-03-01 10:37:00,MXCT,4.784999847412109,4.784999847412109,4.784999847412109,4.784999847412109,4.784999847412109,217.0
2024-03-01 10:37:00,MYGN,21.229999542236328,21.229999542236328,21.229999542236328,21.229999542236328,21.229999542236328,156.0
2024-03-01 10:37:00,NARI,45.68000030517578,45.68000030517578,45.72999954223633,45.619998931884766,45.70500183105469,7433.0
2024-03-01 10:37:00,NAUT,2.690000057220459,2.690000057220459,2.690000057220459,2.690000057220459,2.690000057220459,100.0
2024-03-01 10:37:00,NBIX,131.02000427246094,131.02000427246094,131.02000427246094,131.0,131.0,512.0
2024-03-01 10:37:00,NCNA,0.3199999928474426,0.3199999928474426,0.3199999928474426,0.3199999928474426,0.3199999928474426,2144.0
2024-03-01 10:37:00,NEOG,17.1200008392334,17.1200008392334,17.1200008392334,17.1200008392334,17.1200008392334,540.0
2024-03-01 10:37:00,NGM,1.534999966621399,1.534999966621399,1.534999966621399,1.534999966621399,1.534999966621399,200.0
2024-03-01 10:37:00,NKTX,12.440099716186523,12.440099716186523,12.460000038146973,12.4350004196167,12.460000038146973,1793.0
2024-03-01 10:37:00,NNOX,10.975000381469727,10.975000381469727,10.994999885559082,10.970000267028809,10.989999771118164,2236.0
2024-03-01 10:37:00,NRBO,5.544000148773193,5.544000148773193,5.544000148773193,5.544000148773193,5.544000148773193,1085.0
2024-03-01 10:37:00,NRIX,13.274999618530273,13.274999618530273,13.274999618530273,13.274999618530273,13.274999618530273,420.0
2024-03-01 10:37:00,NRSN,2.0399999618530273,2.0399999618530273,2.0399999618530273,2.0299999713897705,2.0299999713897705,5000.0
2024-03-01 10:37:00,NRXP,0.41990000009536743,0.41990000009536743,0.41999998688697815,0.41600000858306885,0.41999998688697815,3919.0
2024-03-01 10:37:00,NRXPW,0.15600000321865082,0.15600000321865082,0.15600000321865082,0.15600000321865082,0.15600000321865082,275.0
2024-03-01 10:37:00,NTLA,33.65999984741211,33.65999984741211,33.7599983215332,33.65999984741211,33.70000076293945,1525.0
2024-03-01 10:37:00,NTRA,88.94999694824219,88.94999694824219,88.95999908447266,88.91000366210938,88.91000366210938,1538.0
2024-03-01 10:37:00,NVAX,5.09499979019165,5.09499979019165,5.099999904632568,5.085000038146973,5.090000152587891,9574.0
2024-03-01 10:37:00,NVCR,15.729999542236328,15.729999542236328,15.729999542236328,15.729999542236328,15.729999542236328,200.0
2024-03-01 10:37:00,NVNO,6.449999809265137,6.449999809265137,6.449999809265137,6.449999809265137,6.449999809265137,187.0
2024-03-01 10:37:00,NVOS,0.6313999891281128,0.6313999891281128,0.6313999891281128,0.6313999891281128,0.6313999891281128,320.0
2024-03-01 10:37:00,NXTC,1.7699999809265137,1.7699999809265137,1.7699999809265137,1.7699999809265137,1.7699999809265137,100.0
2024-03-01 10:37:00,NYXH,14.199999809265137,14.199999809265137,14.199999809265137,14.199999809265137,14.199999809265137,560.0
2024-03-01 10:37:00,OCGN,0.9279999732971191,0.9279999732971191,0.9279999732971191,0.9279999732971191,0.9279999732971191,473.0
2024-03-01 10:37:00,OCUL,10.289999961853027,10.289999961853027,10.289999961853027,10.28499984741211,10.28600025177002,1471.0
2024-03-01 10:37:00,OFIX,12.969900131225586,12.969900131225586,12.969900131225586,12.969900131225586,12.969900131225586,871.0
2024-03-01 10:37:00,OLK,22.55500030517578,22.55500030517578,22.55500030517578,22.55500030517578,22.55500030517578,165.0
2024-03-01 10:37:00,OLMA,12.729999542236328,12.729999542236328,12.729999542236328,12.729999542236328,12.729999542236328,306.0
2024-03-01 10:37:00,OM,3.079900026321411,3.079900026321411,3.0899999141693115,3.079900026321411,3.0899999141693115,2719.0
2024-03-01 10:37:00,OMCL,26.405000686645508,26.405000686645508,26.479999542236328,26.389999389648438,26.459999084472656,1683.0
2024-03-01 10:37:00,OMER,4.71999979019165,4.71999979019165,4.71999979019165,4.71999979019165,4.71999979019165,422.0
2024-03-01 10:37:00,ONTX,0.8101999759674072,0.8101999759674072,0.8101999759674072,0.8101000189781189,0.8101000189781189,0.0
2024-03-01 10:37:00,ONVO,1.013100028038025,1.013100028038025,1.013100028038025,1.013100028038025,1.013100028038025,1502.0
2024-03-01 10:38:00,ABCL,5.131199836730957,5.131199836730957,5.139999866485596,5.131199836730957,5.139999866485596,4340.0
2024-03-01 10:38:00,ABEO,7.679900169372559,7.679900169372559,7.721499919891357,7.599999904632568,7.720099925994873,15258.0
2024-03-01 10:38:00,ABOS,4.6305999755859375,4.6305999755859375,4.650000095367432,4.6305999755859375,4.650000095367432,358.0
2024-03-01 10:38:00,ABSI,5.180500030517578,5.180500030517578,5.195000171661377,5.179999828338623,5.179999828338623,1723.0
2024-03-01 10:38:00,ABUS,2.765000104904175,2.765000104904175,2.765000104904175,2.765000104904175,2.765000104904175,238.0
2024-03-01 10:38:00,ACAD,23.920000076293945,23.920000076293945,23.920000076293945,23.8799991607666,23.889999389648438,2552.0
2024-03-01 10:38:00,ACB,3.0250000953674316,3.0250000953674316,3.0399999618530273,3.0250000953674316,3.0399999618530273,1415.0
2024-03-01 10:38:00,ACCD,10.274999618530273,10.274999618530273,10.289999961853027,10.274999618530273,10.289999961853027,801.0
2024-03-01 10:38:00,ACET,2.365000009536743,2.365000009536743,2.365000009536743,2.365000009536743,2.365000009536743,600.0
2024-03-01 10:38:00,ACLX,68.9000015258789,68.9000015258789,68.90499877929688,68.83000183105469,68.83000183105469,943.0
2024-03-01 10:38:00,ACON,0.3799999952316284,0.3799999952316284,0.3799999952316284,0.3799999952316284,0.3799999952316284,200.0
2024-03-01 10:38:00,ACRS,1.2200000286102295,1.2200000286102295,1.225000023841858,1.2200000286102295,1.2200000286102295,1163.0
2024-03-01 10:38:00,ADAP,1.5750000476837158,1.5750000476837158,1.5750000476837158,1.5750000476837158,1.5750000476837158,0.0
2024-03-01 10:38:00,ADIL,3.390000104904175,3.390000104904175,3.450000047683716,3.359999895095825,3.359999895095825,162059.0
2024-03-01 10:38:00,ADMA,5.349999904632568,5.349999904632568,5.355000019073486,5.349999904632568,5.355000019073486,616.0
2024-03-01 10:38:00,ADPT,4.190000057220459,4.190000057220459,4.190000057220459,4.190000057220459,4.190000057220459,125.0
2024-03-01 10:38:00,ADVM,1.930799961090088,1.930799961090088,1.934999942779541,1.930799961090088,1.934999942779541,420.0
2024-03-01 10:38:00,AFIB,0.20659999549388885,0.20659999549388885,0.20659999549388885,0.2020999938249588,0.2020999938249588,481.0
2024-03-01 10:38:00,AGEN,0.6682000160217285,0.6682000160217285,0.6682000160217285,0.6682000160217285,0.6682000160217285,2000.0
2024-03-01 10:38:00,AGIO,32.709999084472656,32.709999084472656,32.720001220703125,32.709999084472656,32.720001220703125,300.0
2024-03-01 10:38:00,AGRX,0.8399999737739563,0.8399999737739563,0.8399999737739563,0.8399999737739563,0.8399999737739563,33.0
2024-03-01 10:38:00,AHCO,10.609999656677246,10.609999656677246,10.630000114440918,10.609999656677246,10.630000114440918,754.0
2024-03-01 10:38:00,AIMD,0.9750000238418579,0.9750000238418579,0.9750000238418579,0.9750000238418579,0.9750000238418579,823.0
2024-03-01 10:38:00,AIRS,6.570000171661377,6.570000171661377,6.570000171661377,6.570000171661377,6.570000171661377,101.0
2024-03-01 10:38:00,AKAN,0.25369998812675476,0.25369998812675476,0.25369998812675476,0.25290000438690186,0.25290000438690186,4329.0
2024-03-01 10:38:00,AKBA,1.6299999952316284,1.6299999952316284,1.648900032043457,1.6299999952316284,1.6399999856948853,2193.0
2024-03-01 10:38:00,AKLI,0.34279999136924744,0.34279999136924744,0.3479999899864197,0.34279999136924744,0.3479999899864197,392.0
2024-03-01 10:38:00,AKRO,28.2549991607666,28.2549991607666,28.290000915527344,28.2450008392334,28.2450008392334,3502.0
2024-03-01 10:38:00,AKYA,5.909999847412109,5.909999847412109,5.909999847412109,5.909999847412109,5.909999847412109,6.0
2024-03-01 10:38:00,ALDX,4.139900207519531,4.139900207519531,4.139999866485596,4.139900207519531,4.139999866485596,969.0
2024-03-01 10:38:00,ALEC,7.539999961853027,7.539999961853027,7.539999961853027,7.5,7.507999897003174,12174.0
2024-03-01 10:38:00,ALGN,298.75,298.75,299.04998779296875,298.75,299.04998779296875,1219.0
2024-03-01 10:38:00,ALGS,1.0098999738693237,1.0098999738693237,1.0098999738693237,1.0098999738693237,1.0098999738693237,1500.0
2024-03-01 10:38:00,ALHC,5.779900074005127,5.779900074005127,5.779900074005127,5.739999771118164,5.75,88580.0
2024-03-01 10:38:00,ALKS,30.100000381469727,30.100000381469727,30.100000381469727,30.100000381469727,30.100000381469727,238.0
2024-03-01 10:38:00,ALLK,1.6100000143051147,1.6100000143051147,1.6100000143051147,1.6050000190734863,1.6050000190734863,304.0
2024-03-01 10:38:00,ALLO,4.989999771118164,4.989999771118164,4.989999771118164,4.989999771118164,4.989999771118164,994.0
2024-03-01 10:38:00,ALNY,154.4499969482422,154.4499969482422,154.4499969482422,154.4499969482422,154.4499969482422,126.0
2024-03-01 10:38:00,ALPN,35.70000076293945,35.70000076293945,35.810001373291016,35.689998626708984,35.810001373291016,2149.0
2024-03-01 10:38:00,ALT,12.164999961853027,12.164999961853027,12.20989990234375,12.160099983215332,12.20989990234375,14718.0
2024-03-01 10:38:00,ALVR,0.75,0.75,0.75,0.7487000226974487,0.7487000226974487,1500.0
2024-03-01 10:38:00,ALXO,14.90999984741211,14.90999984741211,14.90999984741211,14.90999984741211,14.90999984741211,224.0
2024-03-01 10:38:00,AMED,93.29000091552734,93.29000091552734,93.30000305175781,93.29000091552734,93.30000305175781,396.0
2024-03-01 10:38:00,AMGN,281.0400085449219,281.0400085449219,281.0443115234375,280.7484130859375,280.7799987792969,4863.0
2024-03-01 10:38:00,AMLX,18.850000381469727,18.850000381469727,18.8700008392334,18.844999313354492,18.8700008392334,4416.0
2024-03-01 10:38:00,AMPH,45.779998779296875,45.779998779296875,45.779998779296875,45.779998779296875,45.779998779296875,883.0
2024-03-01 10:38:00,AMRN,1.0291999578475952,1.0291999578475952,1.0299999713897705,1.0199999809265137,1.0199999809265137,17891.0
2024-03-01 10:38:00,ANIP,67.25,67.25,67.56999969482422,67.25,67.56999969482422,1100.0
2024-03-01 10:38:00,ANNX,5.849999904632568,5.849999904632568,5.849999904632568,5.849999904632568,5.849999904632568,115.0
2024-03-01 10:38:00,ANTX,2.9798998832702637,2.9798998832702637,2.9798998832702637,2.9749999046325684,2.9749999046325684,97.0
2024-03-01 10:38:00,APLS,63.70000076293945,63.70000076293945,63.744998931884766,63.57500076293945,63.57500076293945,2780.0
2024-03-01 10:38:00,APLT,7.260000228881836,7.260000228881836,7.304999828338623,7.25,7.304999828338623,10783.0
2024-03-01 10:38:00,APRE,8.647500038146973,8.647500038146973,8.647500038146973,8.647500038146973,8.647500038146973,4495.0
2024-03-01 10:38:00,AQST,4.213699817657471,4.213699817657471,4.224999904632568,4.213699817657471,4.224999904632568,2864.0
2024-03-01 10:38:00,ARAY,2.615000009536743,2.615000009536743,2.615000009536743,2.5999999046325684,2.6050000190734863,2347.0
2024-03-01 10:38:00,ARDX,9.545000076293945,9.545000076293945,9.550000190734863,9.524999618530273,9.550000190734863,3907.0
2024-03-01 10:38:00,ARQT,11.059900283813477,11.059900283813477,11.0600004196167,11.0,11.015800476074219,7201.0
2024-03-01 10:38:00,ARVN,50.6870002746582,50.6870002746582,50.95000076293945,50.6870002746582,50.95000076293945,1594.0
2024-03-01 10:38:00,ARWR,35.040000915527344,35.040000915527344,35.060001373291016,35.0,35.006099700927734,3243.0
2024-03-01 10:38:00,ASRT,0.9147999882698059,0.9147999882698059,0.9147999882698059,0.9147999882698059,0.9147999882698059,491.0
2024-03-01 10:38:00,ATAI,1.9800000190734863,1.9800000190734863,1.9800000190734863,1.9800000190734863,1.9800000190734863,849.0
2024-03-01 10:38:00,ATEC,13.369999885559082,13.369999885559082,13.380000114440918,13.369999885559082,13.380000114440918,1053.0
2024-03-01 10:38:00,ATNF,3.314500093460083,3.314500093460083,3.314500093460083,3.314500093460083,3.314500093460083,517.0
2024-03-01 10:38:00,ATOS,0.9810000061988831,0.9810000061988831,0.9898999929428101,0.9810000061988831,0.9898999929428101,5612.0
2024-03-01 10:38:00,ATRA,0.8287000060081482,0.8287000060081482,0.8287000060081482,0.8151999711990356,0.8220999836921692,3066.0
2024-03-01 10:38:00,ATRC,35.79999923706055,35.79999923706055,35.79999923706055,35.79999923706055,35.79999923706055,183.0
2024-03-01 10:38:00,ATXS,15.289899826049805,15.289899826049805,15.289899826049805,15.25,15.289899826049805,1220.0
2024-03-01 10:38:00,AUPH,5.784999847412109,5.784999847412109,5.784999847412109,5.784999847412109,5.784999847412109,844.0
2024-03-01 10:38:00,AURA,9.225000381469727,9.225000381469727,9.225000381469727,9.225000381469727,9.225000381469727,30.0
2024-03-01 10:38:00,AUTL,6.199999809265137,6.199999809265137,6.199999809265137,6.199999809265137,6.199999809265137,362.0
2024-03-01 10:38:00,AVDL,12.640000343322754,12.640000343322754,12.649999618530273,12.640000343322754,12.649999618530273,2105.0
2024-03-01 10:38:00,AVIR,4.329999923706055,4.329999923706055,4.329999923706055,4.329999923706055,4.329999923706055,196.0
2024-03-01 10:38:00,AVTE,22.489999771118164,22.489999771118164,22.489999771118164,22.295000076293945,22.34000015258789,746.0
2024-03-01 10:38:00,AVXL,5.300000190734863,5.300000190734863,5.300000190734863,5.300000190734863,5.300000190734863,200.0
2024-03-01 10:38:00,AXSM,83.66500091552734,83.66500091552734,83.66500091552734,83.52999877929688,83.55000305175781,5177.0
2024-03-01 10:38:00,AZN,64.55999755859375,64.55999755859375,64.57499694824219,64.55500030517578,64.57250213623047,9618.0
2024-03-01 10:38:00,AZTA,66.29499816894531,66.29499816894531,66.29499816894531,66.29499816894531,66.29499816894531,459.0
2024-03-01 10:38:00,BBLG,2.686500072479248,2.686500072479248,2.700000047683716,2.66729998588562,2.690000057220459,3224.0
2024-03-01 10:38:00,BCDA,0.5428000092506409,0.5428000092506409,0.5490999817848206,0.5428000092506409,0.5490999817848206,2000.0
2024-03-01 10:38:00,BCRX,5.78000020980835,5.78000020980835,5.784999847412109,5.78000020980835,5.784999847412109,1887.0
2024-03-01 10:38:00,BCYC,25.815000534057617,25.815000534057617,25.815000534057617,25.799999237060547,25.799999237060547,355.0
2024-03-01 10:38:00,BEAM,40.59000015258789,40.59000015258789,40.65999984741211,40.56010055541992,40.65999984741211,2797.0
2024-03-01 10:38:00,BGNE,166.3594970703125,166.3594970703125,166.3594970703125,166.3594970703125,166.3594970703125,506.0
2024-03-01 10:38:00,BIOL,0.13740000128746033,0.13740000128746033,0.13740000128746033,0.13699999451637268,0.13699999451637268,10800.0
2024-03-01 10:38:00,BIVI,2.3991000652313232,2.3991000652313232,2.4200000762939453,2.380000114440918,2.390000104904175,126652.0
2024-03-01 10:38:00,BLFS,18.0,18.0,18.0,17.950599670410156,17.979999542236328,3402.0
2024-03-01 10:38:00,BLUE,1.625,1.625,1.6299999952316284,1.6208000183105469,1.6234999895095825,14304.0
2024-03-01 10:38:00,BMEA,17.729999542236328,17.729999542236328,17.75,17.729999542236328,17.729999542236328,68.0
2024-03-01 10:38:00,BMRN,86.37999725341797,86.37999725341797,86.4000015258789,86.31999969482422,86.4000015258789,2020.0
2024-03-01 10:38:00,BNTX,91.55000305175781,91.55000305175781,91.689697265625,91.55000305175781,91.689697265625,640.0
2024-03-01 10:38:00,BPMC,97.13999938964844,97.13999938964844,97.38999938964844,97.13999938964844,97.38999938964844,4279.0
2024-03-01 10:38:00,BRKR,87.61000061035156,87.61000061035156,87.62999725341797,87.58000183105469,87.62329864501953,1474.0
2024-03-01 10:38:00,BRTX,1.5,1.5,1.5,1.5,1.5,9770.0
2024-03-01 10:38:00,BTAI,3.2500998973846436,3.2500998973846436,3.2599000930786133,3.25,3.2599000930786133,2648.0
2024-03-01 10:38:00,BTMD,6.010000228881836,6.010000228881836,6.010000228881836,6.005000114440918,6.005000114440918,871.0
2024-03-01 10:38:00,BTTX,0.16369999945163727,0.16369999945163727,0.16369999945163727,0.16359999775886536,0.16359999775886536,0.0
2024-03-01 10:38:00,CABA,24.079999923706055,24.079999923706055,24.079999923706055,24.079999923706055,24.079999923706055,421.0
2024-03-01 10:38:00,CARA,0.9200000166893005,0.9200000166893005,0.9200000166893005,0.9200000166893005,0.9200000166893005,472.0
2024-03-01 10:38:00,CBAY,32.224998474121094,32.224998474121094,32.224998474121094,32.224998474121094,32.224998474121094,296.0
2024-03-01 10:38:00,CCCC,10.9399995803833,10.9399995803833,10.949999809265137,10.93239974975586,10.949999809265137,2435.0
2024-03-01 10:38:00,CCRN,18.0,18.0,18.0,18.0,18.0,126.0
2024-03-01 10:38:00,CDMO,7.929999828338623,7.929999828338623,7.929999828338623,7.929999828338623,7.929999828338623,200.0
2024-03-01 10:38:00,CDNA,12.100099563598633,12.100099563598633,12.180100440979004,12.100000381469727,12.180000305175781,2717.0
2024-03-01 10:38:00,CDXS,4.199999809265137,4.199999809265137,4.210000038146973,4.190000057220459,4.190000057220459,1394.0
2024-03-01 10:38:00,CELC,15.960000038146973,15.960000038146973,15.960000038146973,15.960000038146973,15.960000038146973,786.0
2024-03-01 10:38:00,CERE,41.209999084472656,41.209999084472656,41.21500015258789,41.209999084472656,41.209999084472656,8672.0
2024-03-01 10:38:00,CERT,17.84000015258789,17.84000015258789,17.84000015258789,17.84000015258789,17.84000015258789,368.0
2024-03-01 10:38:00,CGC,3.2100000381469727,3.2100000381469727,3.2100000381469727,3.2100000381469727,3.2100000381469727,2284.0
2024-03-01 10:38:00,CGEM,18.850000381469727,18.850000381469727,18.850000381469727,18.850000381469727,18.850000381469727,127.0
2024-03-01 10:38:00,CGEN,2.680000066757202,2.680000066757202,2.684999942779541,2.680000066757202,2.684999942779541,392.0
2024-03-01 10:38:00,CHRS,2.315000057220459,2.315000057220459,2.3224000930786133,2.309999942779541,2.319999933242798,6968.0
2024-03-01 10:38:00,CING,1.2798999547958374,1.2798999547958374,1.2798999547958374,1.2798999547958374,1.2798999547958374,960.0
2024-03-01 10:38:00,CJJD,2.7799999713897705,2.7799999713897705,2.8036000728607178,2.7799999713897705,2.8036000728607178,212.0
2024-03-01 10:38:00,CKPT,2.1600000858306885,2.1600000858306885,2.1600000858306885,2.1600000858306885,2.1600000858306885,100.0
2024-03-01 10:38:00,CLDX,52.119998931884766,52.119998931884766,52.209999084472656,52.08000183105469,52.209999084472656,3880.0
2024-03-01 10:38:00,CLNN,0.39489999413490295,0.39489999413490295,0.39500001072883606,0.3944999873638153,0.3944999873638153,7090.0
2024-03-01 10:38:00,CLOV,0.8633999824523926,0.8633999824523926,0.8641999959945679,0.8633999824523926,0.8640999794006348,0.0
2024-03-01 10:38:00,CLPT,6.510000228881836,6.510000228881836,6.510000228881836,6.510000228881836,6.510000228881836,300.0
2024-03-01 10:38:00,CMPS,10.640000343322754,10.640000343322754,10.640000343322754,10.579999923706055,10.579999923706055,955.0
2024-03-01 10:38:00,CMPX,1.909999966621399,1.909999966621399,1.909999966621399,1.909999966621399,1.909999966621399,3135.0
2024-03-01 10:38:00,CMRX,1.149999976158142,1.149999976158142,1.149999976158142,1.149999976158142,1.149999976158142,120.0
2024-03-01 10:38:00,CNSP,0.3098999857902527,0.3098999857902527,0.3098999857902527,0.3098999857902527,0.3098999857902527,65000.0
2024-03-01 10:38:00,CORT,23.81999969482422,23.81999969482422,23.860000610351562,23.809999465942383,23.860000610351562,1183.0
2024-03-01 10:38:00,CPRX,17.173099517822266,17.173099517822266,17.190000534057617,17.170000076293945,17.170000076293945,4352.0
2024-03-01 10:38:00,CPSI,9.319999694824219,9.319999694824219,9.369999885559082,9.319999694824219,9.369999885559082,3769.0
2024-03-01 10:38:00,CRBU,8.0649995803833,8.0649995803833,8.079999923706055,8.0649995803833,8.079999923706055,1078.0
2024-03-01 10:38:00,CRDF,2.6196999549865723,2.6196999549865723,2.619999885559082,2.5699000358581543,2.575000047683716,131907.0
2024-03-01 10:38:00,CRDL,1.9701000452041626,1.9701000452041626,1.9900000095367432,1.9701000452041626,1.9836000204086304,12694.0
2024-03-01 10:38:00,CRIS,9.980500221252441,9.980500221252441,9.980500221252441,9.980500221252441,9.980500221252441,470.0
2024-03-01 10:38:00,CRMD,3.6600000858306885,3.6600000858306885,3.6600000858306885,3.6600000858306885,3.6600000858306885,680.0
2024-03-01 10:38:00,CRNX,45.150001525878906,45.150001525878906,45.18000030517578,45.150001525878906,45.16999816894531,1084.0
2024-03-01 10:38:00,CRON,2.0485999584198,2.0485999584198,2.055000066757202,2.0485999584198,2.049999952316284,3913.0
2024-03-01 10:38:00,CRSP,86.0199966430664,86.0199966430664,86.18000030517578,86.0199966430664,86.12999725341797,1046.0
2024-03-01 10:38:00,CSTL,19.979900360107422,19.979900360107422,19.979900360107422,19.950000762939453,19.950000762939453,603.0
2024-03-01 10:38:00,CTKB,8.069999694824219,8.069999694824219,8.069999694824219,8.039999961853027,8.045000076293945,3197.0
2024-03-01 10:38:00,CTMX,2.505000114440918,2.505000114440918,2.505000114440918,2.5,2.5,600.0
2024-03-01 10:38:00,CTXR,0.7849000096321106,0.7849000096321106,0.7849000096321106,0.7824000120162964,0.7847999930381775,872.0
2024-03-01 10:38:00,CUTR,2.3299999237060547,2.3299999237060547,2.359999895095825,2.3299999237060547,2.359999895095825,11274.0
2024-03-01 10:38:00,CVRX,19.6200008392334,19.6200008392334,19.6200008392334,19.6200008392334,19.6200008392334,413.0
2024-03-01 10:38:00,CYTH,1.625,1.625,1.625,1.625,1.625,0.0
2024-03-01 10:38:00,CYTK,74.53500366210938,74.53500366210938,74.56999969482422,74.44999694824219,74.5199966430664,954.0
2024-03-01 10:38:00,CYTO,2.1798999309539795,2.1798999309539795,2.180000066757202,2.130000114440918,2.169800043106079,7516.0
2024-03-01 10:38:00,DARE,0.5799000263214111,0.5799000263214111,0.5799000263214111,0.5799000263214111,0.5799000263214111,1251.0
2024-03-01 10:38:00,DAWN,16.940000534057617,16.940000534057617,16.959999084472656,16.93000030517578,16.959999084472656,1423.0
2024-03-01 10:38:00,DBVT,0.7979000210762024,0.7979000210762024,0.7979000210762024,0.7979000210762024,0.7979000210762024,948.0
2024-03-01 10:38:00,DCGO,4.099999904632568,4.099999904632568,4.114999771118164,4.09499979019165,4.114999771118164,5654.0
2024-03-01 10:38:00,DCPH,17.049999237060547,17.049999237060547,17.049999237060547,17.049999237060547,17.049999237060547,522.0
2024-03-01 10:38:00,DCTH,4.199999809265137,4.199999809265137,4.199999809265137,4.199999809265137,4.199999809265137,0.0
2024-03-01 10:38:00,DERM,4.061699867248535,4.061699867248535,4.061699867248535,4.059999942779541,4.059999942779541,1989.0
2024-03-01 10:38:00,DMTK,0.8700000047683716,0.8700000047683716,0.8799999952316284,0.8500000238418579,0.8700000047683716,2635.0
2024-03-01 10:38:00,DNLI,20.649999618530273,20.649999618530273,20.690000534057617,20.649999618530273,20.690000534057617,261.0
2024-03-01 10:38:00,DRRX,1.0025999546051025,1.0025999546051025,1.0099999904632568,1.0025999546051025,1.0099999904632568,461.0
2024-03-01 10:38:00,DTIL,12.574999809265137,12.574999809265137,12.600000381469727,12.5600004196167,12.579999923706055,2427.0
2024-03-01 10:38:00,DVAX,12.755000114440918,12.755000114440918,12.760000228881836,12.755000114440918,12.760000228881836,1032.0
2024-03-01 10:38:00,DXCM,118.0199966430664,118.0199966430664,118.11000061035156,117.86000061035156,117.86000061035156,8712.0
2024-03-01 10:38:00,DYN,29.825000762939453,29.825000762939453,29.909900665283203,29.825000762939453,29.8799991607666,1691.0
2024-03-01 10:38:00,EDAP,6.759399890899658,6.759399890899658,6.759399890899658,6.759399890899658,6.759399890899658,100.0
2024-03-01 10:38:00,EDIT,10.879899978637695,10.879899978637695,10.879899978637695,10.839900016784668,10.845000267028809,6632.0
2024-03-01 10:38:00,EGRX,6.460000038146973,6.460000038146973,6.460000038146973,6.460000038146973,6.460000038146973,214.0
2024-03-01 10:38:00,ELEV,5.0,5.0,5.050000190734863,5.0,5.049699783325195,5294.0
2024-03-01 10:38:00,EMBC,14.425000190734863,14.425000190734863,14.430000305175781,14.425000190734863,14.430000305175781,446.0
2024-03-01 10:38:00,ENLV,3.299999952316284,3.299999952316284,3.299999952316284,3.25,3.25,1062.0
2024-03-01 10:38:00,ENTA,14.90999984741211,14.90999984741211,14.930000305175781,14.90999984741211,14.920000076293945,1326.0
2024-03-01 10:38:00,ENVB,1.6881999969482422,1.6881999969482422,1.690000057220459,1.6664999723434448,1.6712000370025635,21150.0
2024-03-01 10:38:00,EOLS,14.694999694824219,14.694999694824219,14.694999694824219,14.694999694824219,14.694999694824219,200.0
2024-03-01 10:38:00,EPIX,9.694999694824219,9.694999694824219,9.694999694824219,9.694999694824219,9.694999694824219,148.0
2024-03-01 10:38:00,ERAS,2.4700000286102295,2.4700000286102295,2.4700000286102295,2.4700000286102295,2.4700000286102295,344.0
2024-03-01 10:38:00,ESPR,2.4800000190734863,2.4800000190734863,2.484999895095825,2.4800000190734863,2.4800000190734863,5134.0
2024-03-01 10:38:00,ESTA,45.44499969482422,45.44499969482422,45.44499969482422,45.279998779296875,45.279998779296875,935.0
2024-03-01 10:38:00,ETNB,12.90999984741211,12.90999984741211,12.90999984741211,12.890000343322754,12.890000343322754,486.0
2024-03-01 10:38:00,EVAX,3.6695001125335693,3.6695001125335693,3.6695001125335693,3.640199899673462,3.640199899673462,981.0
2024-03-01 10:38:00,EVGN,0.9132999777793884,0.9132999777793884,0.9132999777793884,0.9132999777793884,0.9132999777793884,0.0
2024-03-01 10:38:00,EVO,7.429999828338623,7.429999828338623,7.430099964141846,7.429999828338623,7.429999828338623,638.0
2024-03-01 10:38:00,EXAS,59.97999954223633,59.97999954223633,59.97999954223633,59.904998779296875,59.970001220703125,4723.0
2024-03-01 10:38:00,FATE,7.539999961853027,7.539999961853027,7.545000076293945,7.539999961853027,7.545000076293945,1883.0
2024-03-01 10:38:00,FBIO,2.2302000522613525,2.2302000522613525,2.234999895095825,2.2300000190734863,2.234999895095825,1347.0
2024-03-01 10:38:00,FGEN,1.7200000286102295,1.7200000286102295,1.7200000286102295,1.715000033378601,1.7160999774932861,4038.0
2024-03-01 10:38:00,FHTX,8.4399995803833,8.4399995803833,8.4399995803833,8.319999694824219,8.319999694824219,256.0
2024-03-01 10:38:00,FOLD,13.470000267028809,13.470000267028809,13.475000381469727,13.470000267028809,13.475000381469727,816.0
2024-03-01 10:38:00,FULC,10.789899826049805,10.789899826049805,10.789999961853027,10.774999618530273,10.774999618530273,500.0
2024-03-01 10:38:00,FUSN,12.119999885559082,12.119999885559082,12.119999885559082,12.119999885559082,12.119999885559082,205.0
2024-03-01 10:38:00,GCTK,0.29910001158714294,0.29910001158714294,0.2994999885559082,0.29910001158714294,0.2994999885559082,200.0
2024-03-01 10:38:00,GDRX,8.305000305175781,8.305000305175781,8.3100004196167,8.300000190734863,8.300000190734863,3828.0
2024-03-01 10:38:00,GERN,2.1010000705718994,2.1010000705718994,2.115000009536743,2.1010000705718994,2.115000009536743,38391.0
2024-03-01 10:38:00,GH,19.149599075317383,19.149599075317383,19.149999618530273,19.139999389648438,19.149999618530273,634.0
2024-03-01 10:38:00,GILD,72.58000183105469,72.58000183105469,72.5999984741211,72.54000091552734,72.58000183105469,4790.0
2024-03-01 10:38:00,GLPG,35.11000061035156,35.11000061035156,35.11000061035156,35.099998474121094,35.11000061035156,760.0
2024-03-01 10:38:00,GLTO,0.7228999733924866,0.7228999733924866,0.7228999733924866,0.7197999954223633,0.7197999954223633,4800.0
2024-03-01 10:38:00,GOSS,1.3600000143051147,1.3600000143051147,1.368399977684021,1.3600000143051147,1.368399977684021,0.0
2024-03-01 10:38:00,GRFS,6.945000171661377,6.945000171661377,6.945000171661377,6.940000057220459,6.940000057220459,1155.0
2024-03-01 10:38:00,GRTS,2.1549999713897705,2.1549999713897705,2.159899950027466,2.1500000953674316,2.159899950027466,14102.0
2024-03-01 10:38:00,GTHX,3.494999885559082,3.494999885559082,3.494999885559082,3.490000009536743,3.490000009536743,256.0
2024-03-01 10:38:00,HALO,41.19499969482422,41.19499969482422,41.209999084472656,41.19499969482422,41.209999084472656,816.0
2024-03-01 10:38:00,HARP,22.940000534057617,22.940000534057617,22.940000534057617,22.940000534057617,22.940000534057617,203.0
2024-03-01 10:38:00,HCAT,7.980000019073486,7.980000019073486,7.989999771118164,7.980000019073486,7.989999771118164,673.0
2024-03-01 10:38:00,HCSG,12.71500015258789,12.71500015258789,12.720000267028809,12.710000038146973,12.71500015258789,933.0
2024-03-01 10:38:00,HCTI,2.408600091934204,2.408600091934204,2.408600091934204,2.390000104904175,2.390000104904175,1100.0
2024-03-01 10:38:00,HEPA,3.2223000526428223,3.2223000526428223,3.319999933242798,3.2223000526428223,3.319999933242798,1022.0
2024-03-01 10:38:00,HOLX,73.83000183105469,73.83000183105469,73.83000183105469,73.80000305175781,73.8031005859375,1477.0
2024-03-01 10:38:00,HOWL,7.110000133514404,7.110000133514404,7.114999771118164,7.110000133514404,7.114999771118164,670.0
2024-03-01 10:38:00,HPCO,0.2500999867916107,0.2500999867916107,0.2500999867916107,0.2500999867916107,0.2500999867916107,6325.0
2024-03-01 10:38:00,HQY,82.08000183105469,82.08000183105469,82.08000183105469,82.08000183105469,82.08000183105469,253.0
2024-03-01 10:38:00,HROW,10.770000457763672,10.770000457763672,10.800000190734863,10.770000457763672,10.800000190734863,1774.0
2024-03-01 10:38:00,HRTX,2.6449999809265137,2.6449999809265137,2.6500000953674316,2.6449999809265137,2.6500000953674316,813.0
2024-03-01 10:38:00,HSCS,0.11720000207424164,0.11720000207424164,0.11720000207424164,0.11720000207424164,0.11720000207424164,4300.0
2024-03-01 10:38:00,HSIC,77.44499969482422,77.44499969482422,77.55999755859375,77.44499969482422,77.55999755859375,1085.0
2024-03-01 10:38:00,HUMA,3.119999885559082,3.119999885559082,3.136199951171875,3.119999885559082,3.134999990463257,5374.0
2024-03-01 10:38:00,HYPR,1.1698999404907227,1.1698999404907227,1.1698999404907227,1.1698999404907227,1.1698999404907227,0.0
2024-03-01 10:38:00,IART,36.810001373291016,36.810001373291016,36.86000061035156,36.810001373291016,36.86000061035156,1360.0
2024-03-01 10:38:00,IBRX,4.789999961853027,4.789999961853027,4.800000190734863,4.784999847412109,4.800000190734863,1470.0
2024-03-01 10:38:00,ICCM,1.309999942779541,1.309999942779541,1.309999942779541,1.309999942779541,1.309999942779541,2201.0
2024-03-01 10:38:00,ICLR,322.55999755859375,322.55999755859375,322.55999755859375,322.55999755859375,322.55999755859375,504.0
2024-03-01 10:38:00,ICUI,106.5,106.5,106.5,106.48999786376953,106.48999786376953,1169.0
2024-03-01 10:38:00,IDYA,46.02000045776367,46.02000045776367,46.060001373291016,46.02000045776367,46.060001373291016,535.0
2024-03-01 10:38:00,IGMS,13.720000267028809,13.720000267028809,13.720000267028809,13.62279987335205,13.62279987335205,345.0
2024-03-01 10:38:00,ILMN,140.1649932861328,140.1649932861328,140.25999450683594,140.16009521484375,140.25999450683594,667.0
2024-03-01 10:38:00,IMAB,1.8590999841690063,1.8590999841690063,1.8590999841690063,1.8590999841690063,1.8590999841690063,555.0
2024-03-01 10:38:00,IMCR,68.4000015258789,68.4000015258789,68.4000015258789,68.16000366210938,68.17500305175781,716.0
2024-03-01 10:38:00,IMMP,2.299999952316284,2.299999952316284,2.299999952316284,2.299999952316284,2.299999952316284,400.0
2024-03-01 10:38:00,IMMX,3.5950000286102295,3.5950000286102295,3.5950000286102295,3.5950000286102295,3.5950000286102295,35.0
2024-03-01 10:38:00,IMUX,1.5199999809265137,1.5199999809265137,1.5199999809265137,1.5199999809265137,1.5199999809265137,1407.0
2024-03-01 10:38:00,IMVT,36.33000183105469,36.33000183105469,36.33000183105469,36.29999923706055,36.29999923706055,435.0
2024-03-01 10:38:00,INBX,36.939998626708984,36.939998626708984,36.939998626708984,36.939998626708984,36.939998626708984,500.0
2024-03-01 10:38:00,INCY,59.060001373291016,59.060001373291016,59.060001373291016,59.0099983215332,59.0099983215332,1555.0
2024-03-01 10:38:00,INGN,6.690000057220459,6.690000057220459,6.71999979019165,6.690000057220459,6.71999979019165,544.0
2024-03-01 10:38:00,INKT,0.9562000036239624,0.9562000036239624,0.9562000036239624,0.9562000036239624,0.9562000036239624,2621.0
2024-03-01 10:38:00,INMD,22.760000228881836,22.760000228881836,22.760000228881836,22.75,22.760000228881836,1616.0
2024-03-01 10:38:00,INO,8.850000381469727,8.850000381469727,8.85569953918457,8.850000381469727,8.850000381469727,1035.0
2024-03-01 10:38:00,INSM,28.329999923706055,28.329999923706055,28.375,28.329999923706055,28.375,458.0
2024-03-01 10:38:00,INVA,15.4399995803833,15.4399995803833,15.449999809265137,15.4399995803833,15.4399995803833,2690.0
2024-03-01 10:38:00,INZY,6.510000228881836,6.510000228881836,6.510000228881836,6.510000228881836,6.510000228881836,157.0
2024-03-01 10:38:00,IONS,45.775001525878906,45.775001525878906,45.775001525878906,45.77000045776367,45.77000045776367,366.0
2024-03-01 10:38:00,IOVA,16.548799514770508,16.548799514770508,16.559999465942383,16.540000915527344,16.5575008392334,10546.0
2024-03-01 10:38:00,IRTC,118.58999633789062,118.58999633789062,118.58999633789062,118.58999633789062,118.58999633789062,502.0
2024-03-01 10:38:00,IRWD,8.96500015258789,8.96500015258789,8.975000381469727,8.944999694824219,8.949999809265137,13701.0
2024-03-01 10:38:00,ISPC,0.46000000834465027,0.46000000834465027,0.46000000834465027,0.46000000834465027,0.46000000834465027,117.0
2024-03-01 10:38:00,ISRG,390.2149963378906,390.2149963378906,390.29998779296875,389.9100036621094,390.1400146484375,4372.0
2024-03-01 10:38:00,ITCI,71.25,71.25,71.25,71.25,71.25,890.0
2024-03-01 10:38:00,ITOS,10.760000228881836,10.760000228881836,10.760000228881836,10.760000228881836,10.760000228881836,650.0
2024-03-01 10:38:00,ITRM,1.2344000339508057,1.2344000339508057,1.2344000339508057,1.2344000339508057,1.2344000339508057,0.0
2024-03-01 10:38:00,IVVD,4.010000228881836,4.010000228881836,4.019999980926514,4.010000228881836,4.010000228881836,1592.0
2024-03-01 10:38:00,IXHL,5.289999961853027,5.289999961853027,5.300000190734863,5.289999961853027,5.300000190734863,1106.0
2024-03-01 10:38:00,JAGX,0.08110000193119049,0.08110000193119049,0.08399999886751175,0.07900000363588333,0.08209999650716782,1235206.0
2024-03-01 10:38:00,JANX,46.310001373291016,46.310001373291016,46.40999984741211,46.05009841918945,46.29999923706055,4525.0
2024-03-01 10:38:00,JAZZ,119.58999633789062,119.58999633789062,119.58999633789062,119.56999969482422,119.56999969482422,390.0
2024-03-01 10:38:00,KALV,14.015000343322754,14.015000343322754,14.015000343322754,14.015000343322754,14.015000343322754,479.0
2024-03-01 10:38:00,KIDS,27.049999237060547,27.049999237060547,27.100000381469727,27.049999237060547,27.100000381469727,14134.0
2024-03-01 10:38:00,KOD,6.065000057220459,6.065000057220459,6.069699764251709,6.059999942779541,6.059999942779541,3979.0
2024-03-01 10:38:00,KPTI,1.179900050163269,1.179900050163269,1.1799999475479126,1.1787999868392944,1.179900050163269,820.0
2024-03-01 10:38:00,KROS,69.45999908447266,69.45999908447266,70.0,69.44499969482422,69.84500122070312,2877.0
2024-03-01 10:38:00,KRTX,316.2200012207031,316.2200012207031,316.2200012207031,316.2200012207031,316.2200012207031,281.0
2024-03-01 10:38:00,KRYS,167.1699981689453,167.1699981689453,167.1699981689453,167.1699981689453,167.1699981689453,288.0
2024-03-01 10:38:00,KURA,21.25,21.25,21.25749969482422,21.25,21.25749969482422,1057.0
2024-03-01 10:38:00,KYMR,44.290000915527344,44.290000915527344,44.42539978027344,44.290000915527344,44.3849983215332,2375.0
2024-03-01 10:38:00,KZIA,0.23199999332427979,0.23199999332427979,0.23199999332427979,0.23199999332427979,0.23199999332427979,165.0
2024-03-01 10:38:00,KZR,1.118499994277954,1.118499994277954,1.1200000047683716,1.1090999841690063,1.1090999841690063,20476.0
2024-03-01 10:38:00,LAB,2.3499999046325684,2.3499999046325684,2.3499999046325684,2.3450000286102295,2.3450000286102295,2555.0
2024-03-01 10:38:00,LBPH,21.81999969482422,21.81999969482422,21.81999969482422,21.81999969482422,21.81999969482422,210.0
2024-03-01 10:38:00,LFST,8.0,8.0,8.005000114440918,7.985000133514404,7.985000133514404,5920.0
2024-03-01 10:38:00,LGVN,0.5453000068664551,0.5453000068664551,0.5476999878883362,0.5453000068664551,0.5476999878883362,7664.0
2024-03-01 10:38:00,LIVN,54.95000076293945,54.95000076293945,54.95000076293945,54.93000030517578,54.95000076293945,583.0
2024-03-01 10:38:00,LMAT,67.6500015258789,67.6500015258789,67.80000305175781,67.2750015258789,67.43000030517578,2249.0
2024-03-01 10:38:00,LNTH,65.4000015258789,65.4000015258789,65.40499877929688,65.4000015258789,65.40499877929688,322.0
2024-03-01 10:38:00,LPTX,2.8299999237060547,2.8299999237060547,2.8299999237060547,2.8299999237060547,2.8299999237060547,507.0
2024-03-01 10:38:00,LQDA,14.449999809265137,14.449999809265137,14.460000038146973,14.449999809265137,14.460000038146973,675.0
2024-03-01 10:38:00,LRMR,11.029999732971191,11.029999732971191,11.199999809265137,11.029999732971191,11.199999809265137,2782.0
2024-03-01 10:38:00,LTRN,4.690000057220459,4.690000057220459,4.691199779510498,4.690000057220459,4.691199779510498,1281.0
2024-03-01 10:38:00,LUNG,9.069999694824219,9.069999694824219,9.069999694824219,9.069999694824219,9.069999694824219,258.0
2024-03-01 10:38:00,LVTX,3.01200008392334,3.01200008392334,3.015000104904175,3.009999990463257,3.009999990463257,1130.0
2024-03-01 10:38:00,LXRX,2.412100076675415,2.412100076675415,2.4200000762939453,2.412100076675415,2.4200000762939453,3943.0
2024-03-01 10:38:00,LYEL,3.125,3.125,3.1298999786376953,3.119999885559082,3.1298999786376953,1998.0
2024-03-01 10:38:00,MASI,127.19000244140625,127.19000244140625,127.33000183105469,127.19000244140625,127.31999969482422,1529.0
2024-03-01 10:38:00,MASS,7.320000171661377,7.320000171661377,7.320000171661377,7.320000171661377,7.320000171661377,274.0
2024-03-01 10:38:00,MCRB,1.190000057220459,1.190000057220459,1.1950000524520874,1.190000057220459,1.1950000524520874,4284.0
2024-03-01 10:38:00,MDGL,242.8350067138672,242.8350067138672,242.8350067138672,242.8350067138672,242.8350067138672,748.0
2024-03-01 10:38:00,MDRX,5.900000095367432,5.900000095367432,5.949999809265137,5.730000019073486,5.894999980926514,10619.0
2024-03-01 10:38:00,MDXG,8.475000381469727,8.475000381469727,8.479999542236328,8.470000267028809,8.479999542236328,2075.0
2024-03-01 10:38:00,ME,0.569599986076355,0.569599986076355,0.5724999904632568,0.5695000290870667,0.5695000290870667,1453.0
2024-03-01 10:38:00,MGNX,19.110000610351562,19.110000610351562,19.1200008392334,19.110000610351562,19.1200008392334,1762.0
2024-03-01 10:38:00,MGTX,6.235000133514404,6.235000133514404,6.235000133514404,6.235000133514404,6.235000133514404,542.0
2024-03-01 10:38:00,MNKD,4.5,4.5,4.5,4.491000175476074,4.491000175476074,3808.0
2024-03-01 10:38:00,MNMD,5.840000152587891,5.840000152587891,5.849800109863281,5.8394999504089355,5.84499979019165,2181.0
2024-03-01 10:38:00,MODD,1.9299999475479126,1.9299999475479126,1.9299999475479126,1.9299999475479126,1.9299999475479126,100.0
2024-03-01 10:38:00,MORF,38.005001068115234,38.005001068115234,38.01499938964844,38.005001068115234,38.01499938964844,410.0
2024-03-01 10:38:00,MRAI,1.51010000705719,1.51010000705719,1.51010000705719,1.51010000705719,1.51010000705719,200.0
2024-03-01 10:38:00,MREO,3.8485000133514404,3.8485000133514404,3.8691999912261963,3.8450000286102295,3.8499999046325684,18171.0
2024-03-01 10:38:00,MRNA,95.20500183105469,95.20500183105469,95.41999816894531,95.11000061035156,95.41999816894531,3167.0
2024-03-01 10:38:00,MRNS,9.711999893188477,9.711999893188477,9.711999893188477,9.711999893188477,9.711999893188477,214.0
2024-03-01 10:38:00,MRSN,5.775000095367432,5.775000095367432,5.775000095367432,5.775000095367432,5.775000095367432,1283.0
2024-03-01 10:38:00,MRUS,49.76499938964844,49.76499938964844,49.76499938964844,49.76499938964844,49.76499938964844,513.0
2024-03-01 10:38:00,MRVI,7.744999885559082,7.744999885559082,7.744999885559082,7.735000133514404,7.739999771118164,1544.0
2024-03-01 10:38:00,MXCT,4.784999847412109,4.784999847412109,4.784999847412109,4.784999847412109,4.784999847412109,325.0
2024-03-01 10:38:00,MYGN,21.2450008392334,21.2450008392334,21.2450008392334,21.2450008392334,21.2450008392334,241.0
2024-03-01 10:38:00,MYMD,3.430000066757202,3.430000066757202,3.430000066757202,3.430000066757202,3.430000066757202,443.0
2024-03-01 10:38:00,MYNZ,0.8799999952316284,0.8799999952316284,0.8799999952316284,0.8799999952316284,0.8799999952316284,100.0
2024-03-01 10:38:00,NAOV,1.0199999809265137,1.0199999809265137,1.0199999809265137,1.0199999809265137,1.0199999809265137,101.0
2024-03-01 10:38:00,NARI,45.66999816894531,45.66999816894531,45.66999816894531,45.619998931884766,45.619998931884766,632.0
2024-03-01 10:38:00,NAUT,2.7049999237060547,2.7049999237060547,2.7049999237060547,2.690000057220459,2.7049999237060547,222.0
2024-03-01 10:38:00,NCNA,0.3199999928474426,0.3199999928474426,0.3199999928474426,0.3199999928474426,0.3199999928474426,3742.0
2024-03-01 10:38:00,NEO,16.020000457763672,16.020000457763672,16.020000457763672,16.020000457763672,16.020000457763672,214.0
2024-03-01 10:38:00,NEOG,17.09000015258789,17.09000015258789,17.110000610351562,17.09000015258789,17.110000610351562,918.0
2024-03-01 10:38:00,NERV,2.5299999713897705,2.5299999713897705,2.541599988937378,2.5299999713897705,2.541599988937378,1496.0
2024-03-01 10:38:00,NEXI,6.5,6.5,6.5,6.5,6.5,201.0
2024-03-01 10:38:00,NGM,1.5299999713897705,1.5299999713897705,1.5299999713897705,1.5299999713897705,1.5299999713897705,169.0
2024-03-01 10:38:00,NKTR,0.739799976348877,0.739799976348877,0.739799976348877,0.739799976348877,0.739799976348877,700.0
2024-03-01 10:38:00,NKTX,12.4399995803833,12.4399995803833,12.4399995803833,12.4399995803833,12.4399995803833,973.0
2024-03-01 10:38:00,NNOX,10.92020034790039,10.92020034790039,10.960000038146973,10.92020034790039,10.960000038146973,1934.0
2024-03-01 10:38:00,NOTV,7.710000038146973,7.710000038146973,7.71999979019165,7.710000038146973,7.71999979019165,300.0
2024-03-01 10:38:00,NRBO,5.659999847412109,5.659999847412109,5.659999847412109,5.659999847412109,5.659999847412109,100.0
2024-03-01 10:38:00,NRIX,13.270000457763672,13.270000457763672,13.289999961853027,13.270000457763672,13.289999961853027,300.0
2024-03-01 10:38:00,NRSN,2.0799999237060547,2.0799999237060547,2.0799999237060547,2.065200090408325,2.065200090408325,841.0
2024-03-01 10:38:00,NTLA,33.52000045776367,33.52000045776367,33.599998474121094,33.52000045776367,33.599998474121094,4208.0
2024-03-01 10:38:00,NTRA,89.0,89.0,89.04000091552734,88.94999694824219,88.98999786376953,10169.0
2024-03-01 10:38:00,NUWE,0.5715000033378601,0.5715000033378601,0.5715000033378601,0.5701000094413757,0.5701000094413757,941.0
2024-03-01 10:38:00,NVAX,5.0894999504089355,5.0894999504089355,5.098100185394287,5.080100059509277,5.098100185394287,13377.0
2024-03-01 10:38:00,NVCR,15.704999923706055,15.704999923706055,15.739999771118164,15.699999809265137,15.739999771118164,2067.0
2024-03-01 10:38:00,NVOS,0.626800000667572,0.626800000667572,0.626800000667572,0.626800000667572,0.626800000667572,840.0
2024-03-01 10:38:00,NXTC,1.7884999513626099,1.7884999513626099,1.7899999618530273,1.7798999547958374,1.7799999713897705,7799.0
2024-03-01 10:38:00,OCGN,0.9258999824523926,0.9258999824523926,0.9277999997138977,0.9258999824523926,0.9277999997138977,2275.0
2024-03-01 10:38:00,OCUL,10.305000305175781,10.305000305175781,10.309900283813477,10.289899826049805,10.295000076293945,10988.0
2024-03-01 10:38:00,OCUP,2.515000104904175,2.515000104904175,2.515000104904175,2.515000104904175,2.515000104904175,200.0
2024-03-01 10:38:00,OFIX,12.949999809265137,12.949999809265137,12.960000038146973,12.949999809265137,12.960000038146973,492.0
2024-03-01 10:38:00,OGI,2.059999942779541,2.059999942779541,2.059999942779541,2.059999942779541,2.059999942779541,746.0
2024-03-01 10:38:00,OLMA,12.65999984741211,12.65999984741211,12.729999542236328,12.65999984741211,12.729999542236328,815.0
2024-03-01 10:38:00,OMER,4.710000038146973,4.710000038146973,4.710000038146973,4.710000038146973,4.710000038146973,213.0
2024-03-01 10:38:00,OMGA,4.110000133514404,4.110000133514404,4.139999866485596,4.110000133514404,4.139999866485596,1696.0
2024-03-01 10:39:00,ABCL,5.130000114440918,5.130000114440918,5.130000114440918,5.130000114440918,5.130000114440918,1624.0
2024-03-01 10:39:00,ABEO,7.610099792480469,7.610099792480469,7.610099792480469,7.610099792480469,7.610099792480469,9996.0
2024-03-01 10:39:00,ABOS,4.679999828338623,4.679999828338623,4.679999828338623,4.639999866485596,4.639999866485596,1757.0
2024-03-01 10:39:00,ABSI,5.199999809265137,5.199999809265137,5.199999809265137,5.190000057220459,5.190000057220459,1464.0
2024-03-01 10:39:00,ACAD,23.969999313354492,23.969999313354492,23.969999313354492,23.920000076293945,23.920000076293945,2326.0
2024-03-01 10:39:00,ACB,3.0250000953674316,3.0250000953674316,3.0250000953674316,3.0250000953674316,3.0250000953674316,114.0
2024-03-01 10:39:00,ACET,2.359999895095825,2.359999895095825,2.367000102996826,2.359999895095825,2.365000009536743,3195.0
2024-03-01 10:39:00,ACHL,1.3205000162124634,1.3205000162124634,1.340000033378601,1.3200000524520874,1.340000033378601,7063.0
2024-03-01 10:39:00,ACLX,68.88999938964844,68.88999938964844,68.90570068359375,68.88999938964844,68.90570068359375,1160.0
2024-03-01 10:39:00,ACON,0.3700000047683716,0.3700000047683716,0.3799999952316284,0.3700000047683716,0.3799999952316284,13506.0
2024-03-01 10:39:00,ACRS,1.2200000286102295,1.2200000286102295,1.2200000286102295,1.215000033378601,1.2200000286102295,635.0
2024-03-01 10:39:00,ADIL,3.4286000728607178,3.4286000728607178,3.450000047683716,3.369999885559082,3.380000114440918,63139.0
2024-03-01 10:39:00,ADMA,5.349999904632568,5.349999904632568,5.355000019073486,5.349999904632568,5.349999904632568,818.0
2024-03-01 10:39:00,ADPT,4.179999828338623,4.179999828338623,4.179999828338623,4.175000190734863,4.179999828338623,2530.0
2024-03-01 10:39:00,ADUS,92.29499816894531,92.29499816894531,92.76000213623047,92.29499816894531,92.61000061035156,1875.0
2024-03-01 10:39:00,ADVM,1.9299999475479126,1.9299999475479126,1.9299999475479126,1.9299999475479126,1.9299999475479126,295.0
2024-03-01 10:39:00,AFIB,0.2020999938249588,0.2020999938249588,0.2020999938249588,0.2020999938249588,0.2020999938249588,429.0
2024-03-01 10:39:00,AFMD,0.6079999804496765,0.6079999804496765,0.6079999804496765,0.6079999804496765,0.6079999804496765,5087.0
2024-03-01 10:39:00,AGEN,0.6715999841690063,0.6715999841690063,0.6715999841690063,0.6682000160217285,0.6682000160217285,19842.0
2024-03-01 10:39:00,AGIO,32.71500015258789,32.71500015258789,32.71500015258789,32.70500183105469,32.70500183105469,131.0
2024-03-01 10:39:00,AGRX,0.839900016784668,0.839900016784668,0.8399999737739563,0.839900016784668,0.8399999737739563,200.0
2024-03-01 10:39:00,AHCO,10.609999656677246,10.609999656677246,10.609999656677246,10.59000015258789,10.59000015258789,619.0
2024-03-01 10:39:00,AIRS,6.570000171661377,6.570000171661377,6.570000171661377,6.570000171661377,6.570000171661377,100.0
2024-03-01 10:39:00,AKAN,0.25369998812675476,0.25369998812675476,0.25369998812675476,0.25369998812675476,0.25369998812675476,660.0
2024-03-01 10:39:00,AKBA,1.6299999952316284,1.6299999952316284,1.6398999691009521,1.6299999952316284,1.6398999691009521,1100.0
2024-03-01 10:39:00,AKRO,28.290000915527344,28.290000915527344,28.290000915527344,28.2549991607666,28.2549991607666,2080.0
2024-03-01 10:39:00,ALDX,4.149899959564209,4.149899959564209,4.149899959564209,4.149899959564209,4.149899959564209,106.0
2024-03-01 10:39:00,ALEC,7.542699813842773,7.542699813842773,7.549600124359131,7.539999961853027,7.539999961853027,659.0
2024-03-01 10:39:00,ALGS,1.0098999738693237,1.0098999738693237,1.0098999738693237,1.0098999738693237,1.0098999738693237,2000.0
2024-03-01 10:39:00,ALKS,30.1299991607666,30.1299991607666,30.1299991607666,30.079999923706055,30.09000015258789,3413.0
2024-03-01 10:39:00,ALLK,1.5950000286102295,1.5950000286102295,1.6050000190734863,1.5950000286102295,1.6050000190734863,4712.0
2024-03-01 10:39:00,ALNY,154.53500366210938,154.53500366210938,154.63999938964844,154.2949981689453,154.2949981689453,2495.0
2024-03-01 10:39:00,ALPN,35.880001068115234,35.880001068115234,35.90999984741211,35.731998443603516,35.745601654052734,9021.0
2024-03-01 10:39:00,ALT,12.137700080871582,12.137700080871582,12.164999961853027,12.119999885559082,12.164999961853027,20750.0
2024-03-01 10:39:00,ALVO,15.619999885559082,15.619999885559082,15.630000114440918,15.619999885559082,15.620599746704102,1083.0
2024-03-01 10:39:00,ALVR,0.75,0.75,0.75,0.75,0.75,6.0
2024-03-01 10:39:00,AMED,93.22000122070312,93.22000122070312,93.23500061035156,93.22000122070312,93.23500061035156,411.0
2024-03-01 10:39:00,AMGN,281.2737121582031,281.2737121582031,281.3699951171875,281.0450134277344,281.0450134277344,10880.0
2024-03-01 10:39:00,AMLX,18.8700008392334,18.8700008392334,18.8700008392334,18.829999923706055,18.829999923706055,1200.0
2024-03-01 10:39:00,AMPH,45.86109924316406,45.86109924316406,45.86109924316406,45.86109924316406,45.86109924316406,421.0
2024-03-01 10:39:00,AMRN,1.0199999809265137,1.0199999809265137,1.020799994468689,1.0199999809265137,1.020799994468689,0.0
2024-03-01 10:39:00,ANGO,5.425000190734863,5.425000190734863,5.425000190734863,5.414999961853027,5.420000076293945,1828.0
2024-03-01 10:39:00,ANNX,5.829999923706055,5.829999923706055,5.829999923706055,5.829999923706055,5.829999923706055,400.0
2024-03-01 10:39:00,APLS,63.68000030517578,63.68000030517578,63.70000076293945,63.68000030517578,63.70000076293945,1045.0
2024-03-01 10:39:00,APLT,7.275000095367432,7.275000095367432,7.28000020980835,7.239999771118164,7.239999771118164,3336.0
2024-03-01 10:39:00,APVO,0.1680999994277954,0.1680999994277954,0.1680999994277954,0.16220000386238098,0.16220000386238098,3881.0
2024-03-01 10:39:00,AQST,4.228099822998047,4.228099822998047,4.229400157928467,4.21999979019165,4.21999979019165,3415.0
2024-03-01 10:39:00,ARAY,2.620800018310547,2.620800018310547,2.620800018310547,2.6166000366210938,2.6166000366210938,1230.0
2024-03-01 10:39:00,ARDX,9.539999961853027,9.539999961853027,9.539999961853027,9.520000457763672,9.539999961853027,2164.0
2024-03-01 10:39:00,ARQT,11.100000381469727,11.100000381469727,11.100000381469727,11.039999961853027,11.045000076293945,4151.0
2024-03-01 10:39:00,ARVN,50.904998779296875,50.904998779296875,50.959999084472656,50.73500061035156,50.7400016784668,1329.0
2024-03-01 10:39:00,ARWR,35.0,35.0,35.04999923706055,34.9900016784668,35.029998779296875,12345.0
2024-03-01 10:39:00,ASND,148.77999877929688,148.77999877929688,149.09500122070312,148.77999877929688,149.09500122070312,791.0
2024-03-01 10:39:00,ASRT,0.9174000024795532,0.9174000024795532,0.9174000024795532,0.9101999998092651,0.9101999998092651,1857.0
2024-03-01 10:39:00,ATEC,13.390000343322754,13.390000343322754,13.399999618530273,13.369999885559082,13.369999885559082,2335.0
2024-03-01 10:39:00,ATRA,0.8287000060081482,0.8287000060081482,0.8287000060081482,0.8287000060081482,0.8287000060081482,50.0
2024-03-01 10:39:00,ATRC,35.790000915527344,35.790000915527344,35.790000915527344,35.77299880981445,35.77299880981445,919.0
2024-03-01 10:39:00,AUPH,5.78000020980835,5.78000020980835,5.784999847412109,5.78000020980835,5.784999847412109,3925.0
2024-03-01 10:39:00,AUTL,6.190000057220459,6.190000057220459,6.190000057220459,6.190000057220459,6.190000057220459,315.0
2024-03-01 10:39:00,AVDL,12.640000343322754,12.640000343322754,12.640000343322754,12.630000114440918,12.630000114440918,560.0
2024-03-01 10:39:00,AVIR,4.324999809265137,4.324999809265137,4.324999809265137,4.324999809265137,4.324999809265137,430.0
2024-03-01 10:39:00,AVTE,22.315000534057617,22.315000534057617,22.420000076293945,22.315000534057617,22.420000076293945,318.0
2024-03-01 10:39:00,AVXL,5.295000076293945,5.295000076293945,5.295000076293945,5.295000076293945,5.295000076293945,109.0
2024-03-01 10:39:00,AXNX,67.55999755859375,67.55999755859375,67.56999969482422,67.55000305175781,67.55000305175781,7873.0
2024-03-01 10:39:00,AXSM,83.68499755859375,83.68499755859375,83.83000183105469,83.63500213623047,83.76000213623047,19502.0
2024-03-01 10:39:00,AZN,64.58000183105469,64.58000183105469,64.58000183105469,64.56500244140625,64.56500244140625,4358.0
2024-03-01 10:39:00,AZTA,66.33499908447266,66.33499908447266,66.3499984741211,66.33000183105469,66.33000183105469,812.0
2024-03-01 10:39:00,BACK,1.3600000143051147,1.3600000143051147,1.3600000143051147,1.3600000143051147,1.3600000143051147,2126.0
2024-03-01 10:39:00,BBIO,35.91999816894531,35.91999816894531,35.91999816894531,35.84000015258789,35.880001068115234,1264.0
2024-03-01 10:39:00,BCDA,0.5490999817848206,0.5490999817848206,0.5490999817848206,0.5490999817848206,0.5490999817848206,0.0
2024-03-01 10:39:00,BCLI,0.35519999265670776,0.35519999265670776,0.35519999265670776,0.35519999265670776,0.35519999265670776,461.0
2024-03-01 10:39:00,BCRX,5.789999961853027,5.789999961853027,5.789999961853027,5.775000095367432,5.78000020980835,2465.0
2024-03-01 10:39:00,BCYC,25.799999237060547,25.799999237060547,25.799999237060547,25.799999237060547,25.799999237060547,152.0
2024-03-01 10:39:00,BDSX,1.6605000495910645,1.6605000495910645,1.6605000495910645,1.6605000495910645,1.6605000495910645,1900.0
2024-03-01 10:39:00,BDTX,5.133999824523926,5.133999824523926,5.139999866485596,5.130000114440918,5.139999866485596,4367.0
2024-03-01 10:39:00,BEAM,40.65999984741211,40.65999984741211,40.7400016784668,40.61000061035156,40.61000061035156,2935.0
2024-03-01 10:39:00,BIOL,0.13760000467300415,0.13760000467300415,0.13760000467300415,0.13760000467300415,0.13760000467300415,0.0
2024-03-01 10:39:00,BIVI,2.4100000858306885,2.4100000858306885,2.450000047683716,2.390000104904175,2.390000104904175,183499.0
2024-03-01 10:39:00,BLCM,0.08245199918746948,0.08245199918746948,0.08245199918746948,0.08245199918746948,0.08245199918746948,150.0
2024-03-01 10:39:00,BLFS,18.135000228881836,18.135000228881836,18.135000228881836,17.969999313354492,17.969999313354492,1961.0
2024-03-01 10:39:00,BLRX,1.4000999927520752,1.4000999927520752,1.4000999927520752,1.4000999927520752,1.4000999927520752,2096.0
2024-03-01 10:39:00,BLUE,1.628100037574768,1.628100037574768,1.6299999952316284,1.625,1.6299999952316284,3004.0
2024-03-01 10:39:00,BMEA,17.719999313354492,17.719999313354492,17.719999313354492,17.71500015258789,17.71500015258789,539.0
2024-03-01 10:39:00,BMRN,86.41100311279297,86.41100311279297,86.41100311279297,86.4000015258789,86.4000015258789,771.0
2024-03-01 10:39:00,BNTC,5.012700080871582,5.012700080871582,5.012700080871582,5.012700080871582,5.012700080871582,494.0
2024-03-01 10:39:00,BNTX,91.31520080566406,91.31520080566406,91.52999877929688,91.31520080566406,91.52999877929688,741.0
2024-03-01 10:39:00,BPMC,97.21499633789062,97.21499633789062,97.21499633789062,97.13500213623047,97.13500213623047,341.0
2024-03-01 10:39:00,BRKR,87.58999633789062,87.58999633789062,87.62000274658203,87.58000183105469,87.62000274658203,2240.0
2024-03-01 10:39:00,BRTX,1.4950000047683716,1.4950000047683716,1.4950000047683716,1.4950000047683716,1.4950000047683716,0.0
2024-03-01 10:39:00,BTAI,3.2500998973846436,3.2500998973846436,3.2500998973846436,3.2500998973846436,3.2500998973846436,131.0
2024-03-01 10:39:00,BTTX,0.16590000689029694,0.16590000689029694,0.16590000689029694,0.16500000655651093,0.16500000655651093,18059.0
2024-03-01 10:39:00,CABA,24.09000015258789,24.09000015258789,24.09000015258789,24.065500259399414,24.065500259399414,849.0
2024-03-01 10:39:00,CAPR,4.590000152587891,4.590000152587891,4.590000152587891,4.590000152587891,4.590000152587891,1181.0
2024-03-01 10:39:00,CARA,0.911300003528595,0.911300003528595,0.9200000166893005,0.911300003528595,0.9200000166893005,573.0
2024-03-01 10:39:00,CBAY,32.224998474121094,32.224998474121094,32.22999954223633,32.224998474121094,32.224998474121094,1198.0
2024-03-01 10:39:00,CCCC,10.96500015258789,10.96500015258789,10.96500015258789,10.947600364685059,10.947600364685059,434.0
2024-03-01 10:39:00,CCRN,17.979999542236328,17.979999542236328,17.979999542236328,17.979999542236328,17.979999542236328,374.0
2024-03-01 10:39:00,CDMO,7.929999828338623,7.929999828338623,7.929999828338623,7.920000076293945,7.920000076293945,217.0
2024-03-01 10:39:00,CDNA,12.069999694824219,12.069999694824219,12.100000381469727,12.050000190734863,12.100000381469727,2914.0
2024-03-01 10:39:00,CDXS,4.199999809265137,4.199999809265137,4.199999809265137,4.184999942779541,4.184999942779541,1261.0
2024-03-01 10:39:00,CELC,16.014999389648438,16.014999389648438,16.020000457763672,16.010000228881836,16.010000228881836,849.0
2024-03-01 10:39:00,CERE,41.189998626708984,41.189998626708984,41.209999084472656,41.18000030517578,41.209999084472656,1078.0
2024-03-01 10:39:00,CGC,3.2002999782562256,3.2002999782562256,3.2002999782562256,3.2002999782562256,3.2002999782562256,525.0
2024-03-01 10:39:00,CGEM,18.850000381469727,18.850000381469727,18.850000381469727,18.850000381469727,18.850000381469727,417.0
2024-03-01 10:39:00,CING,1.2933000326156616,1.2933000326156616,1.2933000326156616,1.2799999713897705,1.2799999713897705,1400.0
2024-03-01 10:39:00,CJJD,2.8399999141693115,2.8399999141693115,2.8399999141693115,2.7799999713897705,2.809999942779541,582.0
2024-03-01 10:39:00,CKPT,2.1600000858306885,2.1600000858306885,2.1600000858306885,2.1600000858306885,2.1600000858306885,100.0
2024-03-01 10:39:00,CLDX,52.150001525878906,52.150001525878906,52.27000045776367,52.029998779296875,52.119998931884766,3750.0
2024-03-01 10:39:00,CLOV,0.8608999848365784,0.8608999848365784,0.8633999824523926,0.8604999780654907,0.8633999824523926,58436.0
2024-03-01 10:39:00,CLPT,6.500100135803223,6.500100135803223,6.505000114440918,6.500100135803223,6.505000114440918,6505.0
2024-03-01 10:39:00,CLRB,4.049699783325195,4.049699783325195,4.049699783325195,4.04010009765625,4.04010009765625,8170.0
2024-03-01 10:39:00,CNSP,0.3098999857902527,0.3098999857902527,0.3098999857902527,0.3098999857902527,0.3098999857902527,0.0
2024-03-01 10:39:00,CNTA,10.760000228881836,10.760000228881836,10.760000228881836,10.760000228881836,10.760000228881836,337.0
2024-03-01 10:39:00,CODX,1.149999976158142,1.149999976158142,1.149999976158142,1.149999976158142,1.149999976158142,100.0
2024-03-01 10:39:00,COGT,7.320000171661377,7.320000171661377,7.320000171661377,7.320000171661377,7.320000171661377,425.0
2024-03-01 10:39:00,COLL,37.189998626708984,37.189998626708984,37.220001220703125,37.189998626708984,37.220001220703125,519.0
2024-03-01 10:39:00,CORT,23.799999237060547,23.799999237060547,23.799999237060547,23.799999237060547,23.799999237060547,372.0
2024-03-01 10:39:00,CPRX,17.239999771118164,17.239999771118164,17.239999771118164,17.190000534057617,17.190000534057617,1613.0
2024-03-01 10:39:00,CPSI,9.345000267028809,9.345000267028809,9.345000267028809,9.345000267028809,9.345000267028809,2001.0
2024-03-01 10:39:00,CRBU,8.079999923706055,8.079999923706055,8.079999923706055,8.055000305175781,8.055000305175781,1308.0
2024-03-01 10:39:00,CRDF,2.531100034713745,2.531100034713745,2.640000104904175,2.5,2.6198999881744385,241442.0
2024-03-01 10:39:00,CRDL,1.988800048828125,1.988800048828125,1.988800048828125,1.988800048828125,1.988800048828125,998.0
2024-03-01 10:39:00,CRMD,3.6600000858306885,3.6600000858306885,3.6600000858306885,3.6600000858306885,3.6600000858306885,310.0
2024-03-01 10:39:00,CRSP,86.08999633789062,86.08999633789062,86.23989868164062,86.02010345458984,86.23989868164062,1544.0
2024-03-01 10:39:00,CSTL,19.979999542236328,19.979999542236328,19.979999542236328,19.950000762939453,19.950000762939453,519.0
2024-03-01 10:39:00,CTKB,8.109999656677246,8.109999656677246,8.109999656677246,8.079999923706055,8.079999923706055,617.0
2024-03-01 10:39:00,CTMX,2.4700000286102295,2.4700000286102295,2.505000114440918,2.4700000286102295,2.505000114440918,1703.0
2024-03-01 10:39:00,CYTK,74.4800033569336,74.4800033569336,74.4800033569336,74.4800033569336,74.4800033569336,156.0
2024-03-01 10:39:00,CYTO,2.342099905014038,2.342099905014038,2.342099905014038,2.1549999713897705,2.1549999713897705,7630.0
2024-03-01 10:39:00,DARE,0.5799999833106995,0.5799999833106995,0.5799999833106995,0.5799999833106995,0.5799999833106995,55.0
2024-03-01 10:39:00,DAWN,16.940000534057617,16.940000534057617,16.940000534057617,16.940000534057617,16.940000534057617,201.0
2024-03-01 10:39:00,DCGO,4.099999904632568,4.099999904632568,4.105599880218506,4.099999904632568,4.105599880218506,1101.0
2024-03-01 10:39:00,DCPH,17.030000686645508,17.030000686645508,17.045000076293945,17.030000686645508,17.045000076293945,729.0
2024-03-01 10:39:00,DH,9.154999732971191,9.154999732971191,9.154999732971191,9.154999732971191,9.154999732971191,124.0
2024-03-01 10:39:00,DMTK,0.8748999834060669,0.8748999834060669,0.8748999834060669,0.8700000047683716,0.8700000047683716,2282.0
2024-03-01 10:39:00,DNLI,20.700000762939453,20.700000762939453,20.700000762939453,20.665000915527344,20.665000915527344,2291.0
2024-03-01 10:39:00,DTIL,12.590999603271484,12.590999603271484,12.590999603271484,12.590999603271484,12.590999603271484,140.0
2024-03-01 10:39:00,DVAX,12.75,12.75,12.755000114440918,12.75,12.755000114440918,2428.0
2024-03-01 10:39:00,DXCM,118.25,118.25,118.29000091552734,118.01499938964844,118.04000091552734,9313.0
2024-03-01 10:39:00,DYN,29.780000686645508,29.780000686645508,29.895000457763672,29.780000686645508,29.844999313354492,4793.0
2024-03-01 10:39:00,EDAP,6.889999866485596,6.889999866485596,6.889999866485596,6.889999866485596,6.889999866485596,100.0
2024-03-01 10:39:00,EDIT,10.885000228881836,10.885000228881836,10.917400360107422,10.864999771118164,10.87969970703125,7860.0
2024-03-01 10:39:00,EFTR,14.5600004196167,14.5600004196167,14.5600004196167,14.5600004196167,14.5600004196167,200.0
2024-03-01 10:39:00,ELEV,5.053599834442139,5.053599834442139,5.059999942779541,5.025000095367432,5.050000190734863,3106.0
2024-03-01 10:39:00,ENSG,124.33499908447266,124.33499908447266,124.33499908447266,124.33499908447266,124.33499908447266,106.0
2024-03-01 10:39:00,ENTA,14.9399995803833,14.9399995803833,14.9399995803833,14.9399995803833,14.9399995803833,110.0
2024-03-01 10:39:00,ENTX,1.309999942779541,1.309999942779541,1.309999942779541,1.309999942779541,1.309999942779541,4010.0
2024-03-01 10:39:00,ENVB,1.7400000095367432,1.7400000095367432,1.7400000095367432,1.6799999475479126,1.6899000406265259,64659.0
2024-03-01 10:39:00,EOLS,14.710000038146973,14.710000038146973,14.710000038146973,14.680000305175781,14.680000305175781,1676.0
2024-03-01 10:39:00,ERAS,2.4800000190734863,2.4800000190734863,2.4800000190734863,2.4700000286102295,2.4700000286102295,1826.0
2024-03-01 10:39:00,ESPR,2.4800000190734863,2.4800000190734863,2.484999895095825,2.4800000190734863,2.484999895095825,0.0
2024-03-01 10:39:00,ETNB,12.944999694824219,12.944999694824219,12.960000038146973,12.895000457763672,12.895000457763672,6315.0
2024-03-01 10:39:00,EWTX,16.829999923706055,16.829999923706055,16.8799991607666,16.829999923706055,16.8799991607666,706.0
2024-03-01 10:39:00,EXAS,59.98500061035156,59.98500061035156,60.005001068115234,59.970001220703125,59.970001220703125,3471.0
2024-03-01 10:39:00,EXEL,22.415000915527344,22.415000915527344,22.420000076293945,22.415000915527344,22.420000076293945,848.0
2024-03-01 10:39:00,EYPT,28.415000915527344,28.415000915527344,28.469999313354492,28.360000610351562,28.448999404907227,3793.0
2024-03-01 10:39:00,FATE,7.539999961853027,7.539999961853027,7.570000171661377,7.525000095367432,7.53000020980835,2499.0
2024-03-01 10:39:00,FBIO,2.223099946975708,2.223099946975708,2.2300000190734863,2.223099946975708,2.2300000190734863,1306.0
2024-03-01 10:39:00,FDMT,29.350000381469727,29.350000381469727,29.389999389648438,29.25,29.389999389648438,1924.0
2024-03-01 10:39:00,FGEN,1.715000033378601,1.715000033378601,1.7200000286102295,1.715000033378601,1.7200000286102295,1400.0
2024-03-01 10:39:00,FOLD,13.484999656677246,13.484999656677246,13.484999656677246,13.470000267028809,13.470000267028809,2716.0
2024-03-01 10:39:00,FULC,10.774999618530273,10.774999618530273,10.789999961853027,10.774999618530273,10.789999961853027,1993.0
2024-03-01 10:39:00,FUSN,12.145000457763672,12.145000457763672,12.145000457763672,12.145000457763672,12.145000457763672,271.0
2024-03-01 10:39:00,GALT,2.0011000633239746,2.0011000633239746,2.0199999809265137,2.0011000633239746,2.0199999809265137,493.0
2024-03-01 10:39:00,GDRX,8.311200141906738,8.311200141906738,8.311200141906738,8.305000305175781,8.305000305175781,929.0
2024-03-01 10:39:00,GERN,2.1082000732421875,2.1082000732421875,2.1098999977111816,2.1012001037597656,2.1012001037597656,7438.0
2024-03-01 10:39:00,GH,19.200000762939453,19.200000762939453,19.200000762939453,19.139999389648438,19.149999618530273,2705.0
2024-03-01 10:39:00,GILD,72.58999633789062,72.58999633789062,72.58999633789062,72.55999755859375,72.55999755859375,4160.0
2024-03-01 10:39:00,GMAB,29.06999969482422,29.06999969482422,29.06999969482422,29.049999237060547,29.059999465942383,2775.0
2024-03-01 10:39:00,GMDA,0.3774000108242035,0.3774000108242035,0.3774000108242035,0.3774000108242035,0.3774000108242035,200.0
2024-03-01 10:39:00,GOSS,1.3600000143051147,1.3600000143051147,1.3600000143051147,1.3600000143051147,1.3600000143051147,99.0
2024-03-01 10:39:00,GRFS,6.954999923706055,6.954999923706055,6.954999923706055,6.948699951171875,6.948699951171875,865.0
2024-03-01 10:39:00,GRTS,2.1600000858306885,2.1600000858306885,2.1600000858306885,2.150899887084961,2.1600000858306885,8910.0
2024-03-01 10:39:00,GTBP,4.239999771118164,4.239999771118164,4.239999771118164,4.239999771118164,4.239999771118164,470.0
2024-03-01 10:39:00,GTHX,3.490000009536743,3.490000009536743,3.490000009536743,3.484999895095825,3.484999895095825,1665.0
2024-03-01 10:39:00,HALO,41.04999923706055,41.04999923706055,41.189998626708984,41.04999923706055,41.189998626708984,2379.0
2024-03-01 10:39:00,HARP,22.940000534057617,22.940000534057617,22.94499969482422,22.940000534057617,22.940000534057617,1900.0
2024-03-01 10:39:00,HBIO,4.315000057220459,4.315000057220459,4.315000057220459,4.315000057220459,4.315000057220459,120.0
2024-03-01 10:39:00,HCAT,7.980000019073486,7.980000019073486,7.980000019073486,7.980000019073486,7.980000019073486,230.0
2024-03-01 10:39:00,HCM,15.40999984741211,15.40999984741211,15.40999984741211,15.354999542236328,15.380000114440918,2184.0
2024-03-01 10:39:00,HCSG,12.704999923706055,12.704999923706055,12.704999923706055,12.699999809265137,12.699999809265137,330.0
2024-03-01 10:39:00,HCTI,2.390000104904175,2.390000104904175,2.4000000953674316,2.390000104904175,2.3949999809265137,1962.0
2024-03-01 10:39:00,HEPA,3.1500000953674316,3.1500000953674316,3.259999990463257,3.1500000953674316,3.259999990463257,1440.0
2024-03-01 10:39:00,HLVX,18.905000686645508,18.905000686645508,18.905000686645508,18.905000686645508,18.905000686645508,14799.0
2024-03-01 10:39:00,HOLX,73.88999938964844,73.88999938964844,73.90899658203125,73.81999969482422,73.81999969482422,945.0
2024-03-01 10:39:00,HOWL,7.050000190734863,7.050000190734863,7.059999942779541,7.050000190734863,7.059999942779541,439.0
2024-03-01 10:39:00,HQY,82.0250015258789,82.0250015258789,82.0250015258789,82.0250015258789,82.0250015258789,887.0
2024-03-01 10:39:00,HRMY,31.424999237060547,31.424999237060547,31.424999237060547,31.420000076293945,31.420000076293945,604.0
2024-03-01 10:39:00,HROW,10.770000457763672,10.770000457763672,10.770000457763672,10.770000457763672,10.770000457763672,243.0
2024-03-01 10:39:00,HRTX,2.6549999713897705,2.6549999713897705,2.6549999713897705,2.6500000953674316,2.6500000953674316,1531.0
2024-03-01 10:39:00,HSIC,77.42500305175781,77.42500305175781,77.45999908447266,77.42500305175781,77.45999908447266,403.0
2024-03-01 10:39:00,HSTM,27.68000030517578,27.68000030517578,27.68000030517578,27.670000076293945,27.670000076293945,409.0
2024-03-01 10:39:00,HUMA,3.125,3.125,3.1298999786376953,3.119999885559082,3.125,7627.0
2024-03-01 10:39:00,IART,36.84000015258789,36.84000015258789,36.84000015258789,36.81999969482422,36.81999969482422,1033.0
2024-03-01 10:39:00,IBRX,4.804999828338623,4.804999828338623,4.804999828338623,4.799300193786621,4.799300193786621,3783.0
2024-03-01 10:39:00,ICLR,322.70001220703125,322.70001220703125,322.739990234375,322.3599853515625,322.3599853515625,2372.0
2024-03-01 10:39:00,ICUI,106.4749984741211,106.4749984741211,106.4749984741211,106.4749984741211,106.4749984741211,373.0
2024-03-01 10:39:00,IDXX,574.7100219726562,574.7100219726562,574.7100219726562,574.7100219726562,574.7100219726562,129.0
2024-03-01 10:39:00,IDYA,45.970001220703125,45.970001220703125,45.970001220703125,45.970001220703125,45.970001220703125,270.0
2024-03-01 10:39:00,IFRX,1.8350000381469727,1.8350000381469727,1.8350000381469727,1.8350000381469727,1.8350000381469727,2000.0
2024-03-01 10:39:00,IGMS,13.779999732971191,13.779999732971191,13.779999732971191,13.779999732971191,13.779999732971191,200.0
2024-03-01 10:39:00,IINN,1.639799952507019,1.639799952507019,1.639799952507019,1.639799952507019,1.639799952507019,256.0
2024-03-01 10:39:00,IKNA,1.4600000381469727,1.4600000381469727,1.4600000381469727,1.4600000381469727,1.4600000381469727,101.0
2024-03-01 10:39:00,ILMN,140.2899932861328,140.2899932861328,140.2899932861328,140.16000366210938,140.16000366210938,1515.0
2024-03-01 10:39:00,IMAB,1.850000023841858,1.850000023841858,1.8507000207901,1.850000023841858,1.8507000207901,351.0
2024-03-01 10:39:00,IMMP,2.299999952316284,2.299999952316284,2.299999952316284,2.299999952316284,2.299999952316284,0.0
2024-03-01 10:39:00,IMNM,24.929800033569336,24.929800033569336,24.929800033569336,24.929800033569336,24.929800033569336,200.0
2024-03-01 10:39:00,IMRX,6.164999961853027,6.164999961853027,6.179999828338623,6.164999961853027,6.179999828338623,334.0
2024-03-01 10:39:00,IMUX,1.5199999809265137,1.5199999809265137,1.524999976158142,1.5199999809265137,1.5199999809265137,306.0
2024-03-01 10:39:00,IMVT,36.34000015258789,36.34000015258789,36.34000015258789,36.275001525878906,36.275001525878906,713.0
2024-03-01 10:39:00,INBX,36.91999816894531,36.91999816894531,36.994998931884766,36.91999816894531,36.994998931884766,435.0
2024-03-01 10:39:00,INCY,59.0,59.0,59.0099983215332,59.0,59.0099983215332,322.0
2024-03-01 10:39:00,INMD,22.78499984741211,22.78499984741211,22.790000915527344,22.753000259399414,22.760000228881836,2735.0
2024-03-01 10:39:00,INSM,28.239999771118164,28.239999771118164,28.344999313354492,28.18000030517578,28.309999465942383,34235.0
2024-03-01 10:39:00,INVA,15.404999732971191,15.404999732971191,15.4350004196167,15.404999732971191,15.4350004196167,1166.0
2024-03-01 10:39:00,INZY,6.519999980926514,6.519999980926514,6.519999980926514,6.510000228881836,6.510000228881836,508.0
2024-03-01 10:39:00,IONM,0.3449000120162964,0.3449000120162964,0.3449000120162964,0.3449000120162964,0.3449000120162964,200.0
2024-03-01 10:39:00,IONS,45.775001525878906,45.775001525878906,45.775001525878906,45.7599983215332,45.7599983215332,612.0
2024-03-01 10:39:00,IOVA,16.545000076293945,16.545000076293945,16.610000610351562,16.540000915527344,16.54990005493164,11976.0
2024-03-01 10:39:00,IRWD,8.96500015258789,8.96500015258789,8.96500015258789,8.960000038146973,8.96500015258789,1063.0
2024-03-01 10:39:00,ISRG,390.1400146484375,390.1400146484375,390.2799987792969,390.0,390.2666931152344,5547.0
2024-03-01 10:39:00,ITCI,71.31500244140625,71.31500244140625,71.4000015258789,71.30999755859375,71.30999755859375,1184.0
2024-03-01 10:39:00,ITOS,10.760000228881836,10.760000228881836,10.760000228881836,10.755000114440918,10.755000114440918,670.0
2024-03-01 10:39:00,IXHL,5.289999961853027,5.289999961853027,5.289999961853027,5.289999961853027,5.289999961853027,269.0
2024-03-01 10:39:00,JAGX,0.07919999957084656,0.07919999957084656,0.08110000193119049,0.07880000025033951,0.08110000193119049,600839.0
2024-03-01 10:39:00,KALV,14.020000457763672,14.020000457763672,14.020000457763672,14.0,14.0,527.0
2024-03-01 10:39:00,KNSA,21.920000076293945,21.920000076293945,21.920000076293945,21.920000076293945,21.920000076293945,200.0
2024-03-01 10:39:00,KOD,6.090000152587891,6.090000152587891,6.090000152587891,6.070000171661377,6.070000171661377,541.0
2024-03-01 10:39:00,KPRX,0.6625000238418579,0.6625000238418579,0.6625000238418579,0.6625000238418579,0.6625000238418579,0.0
2024-03-01 10:39:00,KPTI,1.1799999475479126,1.1799999475479126,1.190000057220459,1.1749999523162842,1.1799999475479126,23026.0
2024-03-01 10:39:00,KROS,69.30000305175781,69.30000305175781,69.30000305175781,69.30000305175781,69.30000305175781,0.0
2024-03-01 10:39:00,KRTX,316.0,316.0,316.0,316.0,316.0,530.0
2024-03-01 10:39:00,KRYS,167.46499633789062,167.46499633789062,167.46499633789062,167.1300048828125,167.13999938964844,672.0
2024-03-01 10:39:00,KTRA,0.10100000351667404,0.10100000351667404,0.10100000351667404,0.10100000351667404,0.10100000351667404,15000.0
2024-03-01 10:39:00,KURA,21.260000228881836,21.260000228881836,21.260000228881836,21.25,21.25,405.0
2024-03-01 10:39:00,KYMR,44.380001068115234,44.380001068115234,44.400001525878906,44.34000015258789,44.34000015258789,1124.0
2024-03-01 10:39:00,KZR,1.1298999786376953,1.1298999786376953,1.1299999952316284,1.1200000047683716,1.1200000047683716,2679.0
2024-03-01 10:39:00,LAB,2.3450000286102295,2.3450000286102295,2.3450000286102295,2.3450000286102295,2.3450000286102295,1101.0
2024-03-01 10:39:00,LBPH,21.8799991607666,21.8799991607666,21.8799991607666,21.815000534057617,21.8799991607666,8155.0
2024-03-01 10:39:00,LEGN,65.83999633789062,65.83999633789062,65.83999633789062,65.83999633789062,65.83999633789062,256.0
2024-03-01 10:39:00,LFST,7.985000133514404,7.985000133514404,7.994999885559082,7.985000133514404,7.994999885559082,1502.0
2024-03-01 10:39:00,LGVN,0.5453000068664551,0.5453000068664551,0.5453000068664551,0.5453000068664551,0.5453000068664551,202.0
2024-03-01 10:39:00,LIVN,54.869998931884766,54.869998931884766,54.94499969482422,54.869998931884766,54.900001525878906,620.0
2024-03-01 10:39:00,LMAT,67.55000305175781,67.55000305175781,67.55000305175781,67.55000305175781,67.55000305175781,181.0
2024-03-01 10:39:00,LRMR,11.030099868774414,11.030099868774414,11.030099868774414,11.030099868774414,11.030099868774414,502.0
2024-03-01 10:39:00,LTRN,4.625,4.625,4.625,4.625,4.625,108.0
2024-03-01 10:39:00,LUCD,1.2200000286102295,1.2200000286102295,1.2300000190734863,1.2200000286102295,1.2300000190734863,2239.0
2024-03-01 10:39:00,LUNG,9.079999923706055,9.079999923706055,9.079999923706055,9.079999923706055,9.079999923706055,327.0
2024-03-01 10:39:00,LVTX,3.0299999713897705,3.0299999713897705,3.0299999713897705,3.0299999713897705,3.0299999713897705,0.0
2024-03-01 10:39:00,LXRX,2.4149999618530273,2.4149999618530273,2.4149999618530273,2.4000000953674316,2.4100000858306885,2593.0
2024-03-01 10:39:00,LYEL,3.130000114440918,3.130000114440918,3.130000114440918,3.119999885559082,3.1210999488830566,1955.0
2024-03-01 10:39:00,MACK,14.75,14.75,14.75,14.75,14.75,253.0
2024-03-01 10:39:00,MASI,127.11000061035156,127.11000061035156,127.20999908447266,127.11000061035156,127.19000244140625,750.0
2024-03-01 10:39:00,MASS,7.315000057220459,7.315000057220459,7.315000057220459,7.315000057220459,7.315000057220459,244.0
2024-03-01 10:39:00,MCRB,1.1899000406265259,1.1899000406265259,1.190000057220459,1.1800999641418457,1.190000057220459,1020.0
2024-03-01 10:39:00,MDRX,5.940000057220459,5.940000057220459,5.940000057220459,5.730000019073486,5.900000095367432,16037.0
2024-03-01 10:39:00,MDXG,8.5,8.5,8.5,8.479999542236328,8.479999542236328,1137.0
2024-03-01 10:39:00,ME,0.5698000192642212,0.5698000192642212,0.5734000205993652,0.569599986076355,0.569599986076355,1102.0
2024-03-01 10:39:00,MEDP,399.9200134277344,399.9200134277344,399.9200134277344,398.95001220703125,398.95001220703125,542.0
2024-03-01 10:39:00,MGNX,19.041000366210938,19.041000366210938,19.09000015258789,19.020000457763672,19.09000015258789,3182.0
2024-03-01 10:39:00,MIRM,29.3799991607666,29.3799991607666,29.3799991607666,29.3799991607666,29.3799991607666,200.0
2024-03-01 10:39:00,MIST,1.6749999523162842,1.6749999523162842,1.6749999523162842,1.6749999523162842,1.6749999523162842,315.0
2024-03-01 10:39:00,MLTX,52.349998474121094,52.349998474121094,52.349998474121094,52.310001373291016,52.310001373291016,2014.0
2024-03-01 10:39:00,MNKD,4.494999885559082,4.494999885559082,4.5,4.49399995803833,4.494999885559082,5954.0
2024-03-01 10:39:00,MNMD,5.849999904632568,5.849999904632568,5.869999885559082,5.849999904632568,5.849999904632568,10602.0
2024-03-01 10:39:00,MODD,1.940000057220459,1.940000057220459,1.940000057220459,1.940000057220459,1.940000057220459,375.0
2024-03-01 10:39:00,MODV,28.34000015258789,28.34000015258789,28.34000015258789,28.34000015258789,28.34000015258789,395.0
2024-03-01 10:39:00,MOR,17.68000030517578,17.68000030517578,17.68000030517578,17.68000030517578,17.68000030517578,216.0
2024-03-01 10:39:00,MORF,37.90999984741211,37.90999984741211,37.90999984741211,37.90999984741211,37.90999984741211,132.0
2024-03-01 10:39:00,MRAI,1.534999966621399,1.534999966621399,1.534999966621399,1.534999966621399,1.534999966621399,200.0
2024-03-01 10:39:00,MREO,3.8499999046325684,3.8499999046325684,3.859100103378296,3.8450000286102295,3.8450000286102295,3455.0
2024-03-01 10:39:00,MRNA,95.1875,95.1875,95.22000122070312,95.01010131835938,95.19499969482422,3187.0
2024-03-01 10:39:00,MRSN,5.744999885559082,5.744999885559082,5.78000020980835,5.735000133514404,5.769999980926514,4838.0
2024-03-01 10:39:00,MRVI,7.760000228881836,7.760000228881836,7.760000228881836,7.735000133514404,7.739999771118164,1915.0
2024-03-01 10:39:00,NARI,45.529998779296875,45.529998779296875,45.72999954223633,45.529998779296875,45.72999954223633,4457.0
2024-03-01 10:39:00,NAUT,2.694999933242798,2.694999933242798,2.694999933242798,2.6700000762939453,2.6700000762939453,370.0
2024-03-01 10:39:00,NBIX,130.8699951171875,130.8699951171875,130.95249938964844,130.8699951171875,130.8699951171875,1875.0
2024-03-01 10:39:00,NEO,16.03059959411621,16.03059959411621,16.03059959411621,16.010000228881836,16.010000228881836,782.0
2024-03-01 10:39:00,NEOG,17.110000610351562,17.110000610351562,17.110000610351562,17.079999923706055,17.079999923706055,854.0
2024-03-01 10:39:00,NEPT,0.44999998807907104,0.44999998807907104,0.44999998807907104,0.4490000009536743,0.4490000009536743,9227.0
2024-03-01 10:39:00,NERV,2.5339999198913574,2.5339999198913574,2.5339999198913574,2.5339999198913574,2.5339999198913574,147.0
2024-03-01 10:39:00,NEXI,6.53000020980835,6.53000020980835,6.53000020980835,6.53000020980835,6.53000020980835,223.0
2024-03-01 10:39:00,NGM,1.534999966621399,1.534999966621399,1.534999966621399,1.534999966621399,1.534999966621399,243.0
2024-03-01 10:39:00,NKTR,0.7350999712944031,0.7350999712944031,0.7398999929428101,0.7350999712944031,0.7398999929428101,3310.0
2024-03-01 10:39:00,NNOX,10.904999732971191,10.904999732971191,10.925000190734863,10.899999618530273,10.910099983215332,5477.0
2024-03-01 10:39:00,NOTV,7.679999828338623,7.679999828338623,7.679999828338623,7.650000095367432,7.670000076293945,680.0
2024-03-01 10:39:00,NRIX,13.227999687194824,13.227999687194824,13.25,13.199999809265137,13.25,3925.0
2024-03-01 10:39:00,NRXP,0.42899999022483826,0.42899999022483826,0.4300000071525574,0.42899999022483826,0.4300000071525574,23500.0
2024-03-01 10:39:00,NTLA,33.459999084472656,33.459999084472656,33.529998779296875,33.459999084472656,33.5099983215332,3719.0
2024-03-01 10:39:00,NTRA,88.98500061035156,88.98500061035156,89.00499725341797,88.95999908447266,89.0,2483.0
2024-03-01 10:39:00,NUVL,88.02999877929688,88.02999877929688,88.02999877929688,88.02999877929688,88.02999877929688,550.0
2024-03-01 10:39:00,NVAX,5.079999923706055,5.079999923706055,5.085000038146973,5.070000171661377,5.085000038146973,11428.0
2024-03-01 10:39:00,NVCR,15.739999771118164,15.739999771118164,15.739999771118164,15.699999809265137,15.699999809265137,1677.0
2024-03-01 10:39:00,NVNO,6.519999980926514,6.519999980926514,6.519999980926514,6.480000019073486,6.489999771118164,2004.0
2024-03-01 10:39:00,NVOS,0.626800000667572,0.626800000667572,0.626800000667572,0.626800000667572,0.626800000667572,6.0
2024-03-01 10:39:00,NXTC,1.774999976158142,1.774999976158142,1.7979999780654907,1.774999976158142,1.7979999780654907,5086.0
2024-03-01 10:39:00,OCGN,0.9232000112533569,0.9232000112533569,0.9232000112533569,0.9232000112533569,0.9232000112533569,543.0
2024-03-01 10:39:00,OCUL,10.3100004196167,10.3100004196167,10.310099601745605,10.289999961853027,10.300000190734863,7224.0
2024-03-01 10:39:00,OCUP,2.509999990463257,2.509999990463257,2.509999990463257,2.509999990463257,2.509999990463257,100.0
2024-03-01 10:39:00,OLK,22.594999313354492,22.594999313354492,22.610000610351562,22.55500030517578,22.559999465942383,9464.0
2024-03-01 10:39:00,OM,3.0799999237060547,3.0799999237060547,3.0799999237060547,3.065000057220459,3.065000057220459,1393.0
2024-03-01 10:39:00,OMER,4.699999809265137,4.699999809265137,4.710000038146973,4.699999809265137,4.710000038146973,984.0
2024-03-01 10:40:00,ABCL,5.139200210571289,5.139200210571289,5.139200210571289,5.130000114440918,5.130000114440918,1220.0
2024-03-01 10:40:00,ABEO,7.679999828338623,7.679999828338623,7.679999828338623,7.551000118255615,7.611000061035156,2876.0
2024-03-01 10:40:00,ABOS,4.659999847412109,4.659999847412109,4.699999809265137,4.659999847412109,4.679999828338623,2234.0
2024-03-01 10:40:00,ABSI,5.210000038146973,5.210000038146973,5.210000038146973,5.199999809265137,5.206200122833252,721.0
2024-03-01 10:40:00,ACAD,23.989999771118164,23.989999771118164,23.989999771118164,23.940000534057617,23.969999313354492,2198.0
2024-03-01 10:40:00,ACB,3.0250000953674316,3.0250000953674316,3.025099992752075,3.0201001167297363,3.0201001167297363,823.0
2024-03-01 10:40:00,ACCD,10.25,10.25,10.265000343322754,10.25,10.265000343322754,445.0
2024-03-01 10:40:00,ACET,2.3299999237060547,2.3299999237060547,2.3499999046325684,2.3299999237060547,2.3499999046325684,5198.0
2024-03-01 10:40:00,ACHC,83.6500015258789,83.6500015258789,83.6500015258789,83.58999633789062,83.58999633789062,762.0
2024-03-01 10:40:00,ACHL,1.3359999656677246,1.3359999656677246,1.3420000076293945,1.3359999656677246,1.3420000076293945,1154.0
2024-03-01 10:40:00,ACLX,68.87000274658203,68.87000274658203,68.8949966430664,68.86599731445312,68.8949966430664,1080.0
2024-03-01 10:40:00,ACON,0.375,0.375,0.375,0.375,0.375,794.0
2024-03-01 10:40:00,ACRS,1.2101000547409058,1.2101000547409058,1.2101000547409058,1.2101000547409058,1.2101000547409058,201.0
2024-03-01 10:40:00,ADIL,3.490000009536743,3.490000009536743,3.5,3.4200000762939453,3.430000066757202,144061.0
2024-03-01 10:40:00,ADMA,5.349999904632568,5.349999904632568,5.360000133514404,5.349999904632568,5.360000133514404,2766.0
2024-03-01 10:40:00,ADPT,4.179999828338623,4.179999828338623,4.179999828338623,4.179999828338623,4.179999828338623,509.0
2024-03-01 10:40:00,ADVM,1.9299999475479126,1.9299999475479126,1.9299999475479126,1.9299999475479126,1.9299999475479126,854.0
2024-03-01 10:40:00,AFMD,0.6080999970436096,0.6080999970436096,0.6080999970436096,0.6080999970436096,0.6080999970436096,1449.0
2024-03-01 10:40:00,AGEN,0.6715999841690063,0.6715999841690063,0.6715999841690063,0.6700999736785889,0.6700999736785889,10852.0
2024-03-01 10:40:00,AGIO,32.71179962158203,32.71179962158203,32.71179962158203,32.71179962158203,32.71179962158203,539.0
2024-03-01 10:40:00,AHCO,10.604999542236328,10.604999542236328,10.604999542236328,10.604999542236328,10.604999542236328,255.0
2024-03-01 10:40:00,AIRS,6.570000171661377,6.570000171661377,6.570000171661377,6.570000171661377,6.570000171661377,101.0
2024-03-01 10:40:00,AKAN,0.25369998812675476,0.25369998812675476,0.25369998812675476,0.25369998812675476,0.25369998812675476,653.0
2024-03-01 10:40:00,AKBA,1.6299999952316284,1.6299999952316284,1.6349999904632568,1.6299999952316284,1.6349999904632568,300.0
2024-03-01 10:40:00,AKLI,0.34279999136924744,0.34279999136924744,0.34540000557899475,0.34279999136924744,0.34540000557899475,940.0
2024-03-01 10:40:00,AKRO,28.290000915527344,28.290000915527344,28.290000915527344,28.26930046081543,28.290000915527344,1696.0
2024-03-01 10:40:00,ALEC,7.554999828338623,7.554999828338623,7.554999828338623,7.554999828338623,7.554999828338623,336.0
2024-03-01 10:40:00,ALGS,1.0099999904632568,1.0099999904632568,1.0099999904632568,1.000100016593933,1.000100016593933,2500.0
2024-03-01 10:40:00,ALHC,5.771500110626221,5.771500110626221,5.789999961853027,5.771500110626221,5.78000020980835,1200.0
2024-03-01 10:40:00,ALKS,30.125,30.125,30.1299991607666,30.125,30.1299991607666,662.0
2024-03-01 10:40:00,ALLK,1.5950000286102295,1.5950000286102295,1.5950000286102295,1.5950000286102295,1.5950000286102295,206.0
2024-03-01 10:40:00,ALLO,4.974999904632568,4.974999904632568,4.974999904632568,4.96999979019165,4.96999979019165,1160.0
2024-03-01 10:40:00,ALNY,154.52000427246094,154.52000427246094,154.52000427246094,154.52000427246094,154.52000427246094,623.0
2024-03-01 10:40:00,ALT,12.109999656677246,12.109999656677246,12.130000114440918,12.079999923706055,12.121999740600586,14705.0
2024-03-01 10:40:00,ALVR,0.7473000288009644,0.7473000288009644,0.7473000288009644,0.7473000288009644,0.7473000288009644,2000.0
2024-03-01 10:40:00,ALZN,0.9071000218391418,0.9071000218391418,0.9071000218391418,0.9071000218391418,0.9071000218391418,400.0
2024-03-01 10:40:00,AMED,93.22000122070312,93.22000122070312,93.22000122070312,93.22000122070312,93.22000122070312,118.0
2024-03-01 10:40:00,AMGN,280.8999938964844,280.8999938964844,281.3500061035156,280.8699951171875,281.3500061035156,6303.0
2024-03-01 10:40:00,AMLX,18.799999237060547,18.799999237060547,18.844999313354492,18.799999237060547,18.844999313354492,1245.0
2024-03-01 10:40:00,AMPH,45.899898529052734,45.899898529052734,45.899898529052734,45.899898529052734,45.899898529052734,267.0
2024-03-01 10:40:00,AMRN,1.0289000272750854,1.0289000272750854,1.0297000408172607,1.0199999809265137,1.024999976158142,19377.0
2024-03-01 10:40:00,ANGO,5.429999828338623,5.429999828338623,5.429999828338623,5.429999828338623,5.429999828338623,469.0
2024-03-01 10:40:00,ANIX,3.549999952316284,3.549999952316284,3.549999952316284,3.549999952316284,3.549999952316284,200.0
2024-03-01 10:40:00,ANNX,5.840000152587891,5.840000152587891,5.840000152587891,5.820000171661377,5.820000171661377,1638.0
2024-03-01 10:40:00,ANTX,2.9800000190734863,2.9800000190734863,2.9800000190734863,2.978600025177002,2.978800058364868,2011.0
2024-03-01 10:40:00,APLS,63.83000183105469,63.83000183105469,63.83000183105469,63.70000076293945,63.755001068115234,2120.0
2024-03-01 10:40:00,APLT,7.25,7.25,7.258299827575684,7.25,7.25,7417.0
2024-03-01 10:40:00,AQST,4.257699966430664,4.257699966430664,4.257699966430664,4.220099925994873,4.220900058746338,13627.0
2024-03-01 10:40:00,ARAY,2.6226999759674072,2.6226999759674072,2.6226999759674072,2.6226999759674072,2.6226999759674072,400.0
2024-03-01 10:40:00,ARCT,39.75,39.75,39.75,39.75,39.75,318.0
2024-03-01 10:40:00,ARDX,9.550000190734863,9.550000190734863,9.550000190734863,9.526000022888184,9.539999961853027,4142.0
2024-03-01 10:40:00,ARQT,11.069999694824219,11.069999694824219,11.080100059509277,11.039999961853027,11.080100059509277,5469.0
2024-03-01 10:40:00,ARVN,51.15999984741211,51.15999984741211,51.15999984741211,51.0,51.0,1192.0
2024-03-01 10:40:00,ARWR,35.060001373291016,35.060001373291016,35.060001373291016,34.98500061035156,35.0,2063.0
2024-03-01 10:40:00,ASMB,13.08240032196045,13.08240032196045,13.08240032196045,13.08240032196045,13.08240032196045,200.0
2024-03-01 10:40:00,ASND,149.19000244140625,149.19000244140625,149.3699951171875,149.1300048828125,149.1300048828125,647.0
2024-03-01 10:40:00,ASRT,0.9193000197410583,0.9193000197410583,0.9193999767303467,0.9101999998092651,0.9193999767303467,2401.0
2024-03-01 10:40:00,ATEC,13.380000114440918,13.380000114440918,13.380000114440918,13.380000114440918,13.380000114440918,858.0
2024-03-01 10:40:00,ATRA,0.8151999711990356,0.8151999711990356,0.8151999711990356,0.8151999711990356,0.8151999711990356,109.0
2024-03-01 10:40:00,ATXI,0.15320000052452087,0.15320000052452087,0.15320000052452087,0.15320000052452087,0.15320000052452087,210.0
2024-03-01 10:40:00,AUPH,5.78000020980835,5.78000020980835,5.78000020980835,5.78000020980835,5.78000020980835,1692.0
2024-03-01 10:40:00,AUTL,6.170000076293945,6.170000076293945,6.175000190734863,6.170000076293945,6.175000190734863,919.0
2024-03-01 10:40:00,AVDL,12.635000228881836,12.635000228881836,12.640000343322754,12.630000114440918,12.630000114440918,450.0
2024-03-01 10:40:00,AVXL,5.295000076293945,5.295000076293945,5.295000076293945,5.295000076293945,5.295000076293945,435.0
2024-03-01 10:40:00,AXDX,1.0299999713897705,1.0299999713897705,1.0299999713897705,1.0,1.0,412.0
2024-03-01 10:40:00,AXNX,67.55000305175781,67.55000305175781,67.55000305175781,67.55000305175781,67.55000305175781,130.0
2024-03-01 10:40:00,AXSM,83.67500305175781,83.67500305175781,83.68000030517578,83.62000274658203,83.6500015258789,1213.0
2024-03-01 10:40:00,AZN,64.5999984741211,64.5999984741211,64.61000061035156,64.58000183105469,64.58000183105469,6389.0
2024-03-01 10:40:00,AZTA,66.3550033569336,66.3550033569336,66.36000061035156,66.3550033569336,66.36000061035156,309.0
2024-03-01 10:40:00,BBIO,35.91999816894531,35.91999816894531,35.98099899291992,35.91999816894531,35.92499923706055,678.0
2024-03-01 10:40:00,BBLG,2.6700000762939453,2.6700000762939453,2.6700000762939453,2.640000104904175,2.640000104904175,505.0
2024-03-01 10:40:00,BCRX,5.78000020980835,5.78000020980835,5.784999847412109,5.78000020980835,5.784999847412109,841.0
2024-03-01 10:40:00,BDSX,1.6799999475479126,1.6799999475479126,1.6799999475479126,1.6699999570846558,1.6699999570846558,4399.0
2024-03-01 10:40:00,BDTX,5.139999866485596,5.139999866485596,5.139999866485596,5.139999866485596,5.139999866485596,1218.0
2024-03-01 10:40:00,BEAM,40.61000061035156,40.61000061035156,40.630001068115234,40.570098876953125,40.570098876953125,1282.0
2024-03-01 10:40:00,BGXX,0.2612999975681305,0.2612999975681305,0.2612999975681305,0.2612999975681305,0.2612999975681305,280.0
2024-03-01 10:40:00,BIIB,219.41000366210938,219.41000366210938,219.4199981689453,219.23500061035156,219.23500061035156,1474.0
2024-03-01 10:40:00,BIOL,0.13770000636577606,0.13770000636577606,0.13770000636577606,0.13770000636577606,0.13770000636577606,1000.0
2024-03-01 10:40:00,BIOR,1.2122999429702759,1.2122999429702759,1.2122999429702759,1.2122999429702759,1.2122999429702759,308.0
2024-03-01 10:40:00,BIVI,2.449899911880493,2.449899911880493,2.450000047683716,2.380000114440918,2.4100000858306885,214275.0
2024-03-01 10:40:00,BLFS,18.149999618530273,18.149999618530273,18.149999618530273,18.149999618530273,18.149999618530273,200.0
2024-03-01 10:40:00,BLUE,1.624400019645691,1.624400019645691,1.625,1.6200000047683716,1.625,21758.0
2024-03-01 10:40:00,BMEA,17.719999313354492,17.719999313354492,17.770000457763672,17.719999313354492,17.729999542236328,2832.0
2024-03-01 10:40:00,BNR,0.8600999712944031,0.8600999712944031,0.8600999712944031,0.8600999712944031,0.8600999712944031,200.0
2024-03-01 10:40:00,BNTC,5.000100135803223,5.000100135803223,5.000100135803223,5.000100135803223,5.000100135803223,600.0
2024-03-01 10:40:00,BNTX,91.48999786376953,91.48999786376953,91.48999786376953,91.48999786376953,91.48999786376953,420.0
2024-03-01 10:40:00,BPMC,97.23999786376953,97.23999786376953,97.33000183105469,97.2300033569336,97.29000091552734,1152.0
2024-03-01 10:40:00,BRTX,1.4993000030517578,1.4993000030517578,1.4993000030517578,1.4993000030517578,1.4993000030517578,502.0
2024-03-01 10:40:00,BTAI,3.259999990463257,3.259999990463257,3.259999990463257,3.2599000930786133,3.2599000930786133,783.0
2024-03-01 10:40:00,BTTX,0.16779999434947968,0.16779999434947968,0.16779999434947968,0.16580000519752502,0.16590000689029694,55244.0
2024-03-01 10:40:00,CABA,24.049999237060547,24.049999237060547,24.075000762939453,24.0,24.075000762939453,4987.0
2024-03-01 10:40:00,CARA,0.9200000166893005,0.9200000166893005,0.9200000166893005,0.9200000166893005,0.9200000166893005,1827.0
2024-03-01 10:40:00,CBAY,32.224998474121094,32.224998474121094,32.224998474121094,32.224998474121094,32.224998474121094,337.0
2024-03-01 10:40:00,CCCC,10.962400436401367,10.962400436401367,10.979999542236328,10.962400436401367,10.979999542236328,506.0
2024-03-01 10:40:00,CDMO,7.929999828338623,7.929999828338623,7.929999828338623,7.929999828338623,7.929999828338623,328.0
2024-03-01 10:40:00,CDNA,12.055000305175781,12.055000305175781,12.055000305175781,12.055000305175781,12.055000305175781,599.0
2024-03-01 10:40:00,CDXS,4.199999809265137,4.199999809265137,4.199999809265137,4.184999942779541,4.184999942779541,20761.0
2024-03-01 10:40:00,CERE,41.189998626708984,41.189998626708984,41.189998626708984,41.189998626708984,41.189998626708984,410.0
2024-03-01 10:40:00,CERS,2.184999942779541,2.184999942779541,2.184999942779541,2.184999942779541,2.184999942779541,127.0
2024-03-01 10:40:00,CERT,17.937000274658203,17.937000274658203,17.950000762939453,17.829999923706055,17.868900299072266,12179.0
2024-03-01 10:40:00,CGC,3.2249999046325684,3.2249999046325684,3.2249999046325684,3.2098000049591064,3.20989990234375,4984.0
2024-03-01 10:40:00,CGEN,2.67930006980896,2.67930006980896,2.67930006980896,2.67930006980896,2.67930006980896,242.0
2024-03-01 10:40:00,CJJD,2.8399999141693115,2.8399999141693115,2.8399999141693115,2.8399999141693115,2.8399999141693115,729.0
2024-03-01 10:40:00,CKPT,2.1600000858306885,2.1600000858306885,2.1600000858306885,2.1600000858306885,2.1600000858306885,1488.0
2024-03-01 10:40:00,CLDX,52.290000915527344,52.290000915527344,52.290000915527344,52.13999938964844,52.13999938964844,2940.0
2024-03-01 10:40:00,CLOV,0.8605999946594238,0.8605999946594238,0.8610000014305115,0.8605999946594238,0.8610000014305115,71920.0
2024-03-01 10:40:00,CLPT,6.500100135803223,6.500100135803223,6.500100135803223,6.500100135803223,6.500100135803223,7000.0
2024-03-01 10:40:00,CMPS,10.586899757385254,10.586899757385254,10.614800453186035,10.586899757385254,10.614800453186035,900.0
2024-03-01 10:40:00,CMPX,1.9049999713897705,1.9049999713897705,1.9049999713897705,1.9049999713897705,1.9049999713897705,101.0
2024-03-01 10:40:00,CMRX,1.1299999952316284,1.1299999952316284,1.1399999856948853,1.1299999952316284,1.1399999856948853,10450.0
2024-03-01 10:40:00,CNSP,0.3098999857902527,0.3098999857902527,0.3098999857902527,0.3098999857902527,0.3098999857902527,542.0
2024-03-01 10:40:00,COGT,7.269999980926514,7.269999980926514,7.309999942779541,7.269999980926514,7.309999942779541,2398.0
2024-03-01 10:40:00,CORT,23.799999237060547,23.799999237060547,23.799999237060547,23.799999237060547,23.799999237060547,493.0
2024-03-01 10:40:00,CPRX,17.280000686645508,17.280000686645508,17.280000686645508,17.229999542236328,17.229999542236328,1239.0
2024-03-01 10:40:00,CRBP,31.385000228881836,31.385000228881836,31.385000228881836,31.385000228881836,31.385000228881836,199.0
2024-03-01 10:40:00,CRBU,8.050000190734863,8.050000190734863,8.050000190734863,8.045000076293945,8.050000190734863,607.0
2024-03-01 10:40:00,CRDF,2.5100998878479004,2.5100998878479004,2.549999952316284,2.490000009536743,2.5350000858306885,136741.0
2024-03-01 10:40:00,CRDL,1.9537999629974365,1.9537999629974365,1.9700000286102295,1.9500000476837158,1.9700000286102295,2479.0
2024-03-01 10:40:00,CRMD,3.680000066757202,3.680000066757202,3.680000066757202,3.6600000858306885,3.6600000858306885,7599.0
2024-03-01 10:40:00,CRNX,45.2400016784668,45.2400016784668,45.290000915527344,45.2400016784668,45.25,1628.0
2024-03-01 10:40:00,CRSP,85.98500061035156,85.98500061035156,86.01000213623047,85.98500061035156,86.01000213623047,1703.0
2024-03-01 10:40:00,CSTL,19.954999923706055,19.954999923706055,19.959999084472656,19.899999618530273,19.93000030517578,1125.0
2024-03-01 10:40:00,CTKB,8.104999542236328,8.104999542236328,8.114999771118164,8.100000381469727,8.114999771118164,1012.0
2024-03-01 10:40:00,CTMX,2.4800000190734863,2.4800000190734863,2.4800000190734863,2.4800000190734863,2.4800000190734863,1000.0
2024-03-01 10:40:00,CTXR,0.7896000146865845,0.7896000146865845,0.7896000146865845,0.7896000146865845,0.7896000146865845,527.0
2024-03-01 10:40:00,CUE,2.157599925994873,2.157599925994873,2.158600091934204,2.157599925994873,2.1579999923706055,714.0
2024-03-01 10:40:00,CUTR,2.3399999141693115,2.3399999141693115,2.3399999141693115,2.3299999237060547,2.3299999237060547,4112.0
2024-03-01 10:40:00,CYTK,74.56500244140625,74.56500244140625,74.56999969482422,74.51499938964844,74.56999969482422,1344.0
2024-03-01 10:40:00,CYTO,2.299999952316284,2.299999952316284,2.359999895095825,2.25,2.303100109100342,19733.0
2024-03-01 10:40:00,DAWN,16.920000076293945,16.920000076293945,16.920000076293945,16.920000076293945,16.920000076293945,155.0
2024-03-01 10:40:00,DCGO,4.109000205993652,4.109000205993652,4.109000205993652,4.099999904632568,4.099999904632568,605.0
2024-03-01 10:40:00,DCPH,17.030000686645508,17.030000686645508,17.030000686645508,17.024999618530273,17.030000686645508,766.0
2024-03-01 10:40:00,DH,9.15999984741211,9.15999984741211,9.170000076293945,9.15999984741211,9.170000076293945,525.0
2024-03-01 10:40:00,DMTK,0.8878999948501587,0.8878999948501587,0.8878999948501587,0.8600000143051147,0.8700000047683716,3291.0
2024-03-01 10:40:00,DNLI,20.690000534057617,20.690000534057617,20.690000534057617,20.68000030517578,20.68000030517578,380.0
2024-03-01 10:40:00,DTIL,12.579999923706055,12.579999923706055,12.600000381469727,12.579999923706055,12.581600189208984,2081.0
2024-03-01 10:40:00,DVAX,12.755000114440918,12.755000114440918,12.755000114440918,12.744999885559082,12.744999885559082,1944.0
2024-03-01 10:40:00,DXCM,118.29000091552734,118.29000091552734,118.30000305175781,118.12999725341797,118.23999786376953,8577.0
2024-03-01 10:40:00,DYN,29.780000686645508,29.780000686645508,29.780000686645508,29.700000762939453,29.780000686645508,5066.0
2024-03-01 10:40:00,EDAP,6.570099830627441,6.570099830627441,6.570099830627441,6.570099830627441,6.570099830627441,0.0
2024-03-01 10:40:00,EDIT,10.885000228881836,10.885000228881836,10.899999618530273,10.869999885559082,10.880000114440918,7113.0
2024-03-01 10:40:00,EFTR,14.800000190734863,14.800000190734863,14.800000190734863,14.6899995803833,14.6899995803833,2319.0
2024-03-01 10:40:00,ELEV,5.079999923706055,5.079999923706055,5.099999904632568,5.03000020980835,5.034999847412109,3025.0
2024-03-01 10:40:00,ENSG,124.18710327148438,124.18710327148438,124.18710327148438,124.18710327148438,124.18710327148438,611.0
2024-03-01 10:40:00,ENTA,14.920000076293945,14.920000076293945,14.920000076293945,14.920000076293945,14.920000076293945,110.0
2024-03-01 10:40:00,ENVB,1.715000033378601,1.715000033378601,1.7400000095367432,1.7038999795913696,1.7302000522613525,42784.0
2024-03-01 10:40:00,EOLS,14.699999809265137,14.699999809265137,14.699999809265137,14.699999809265137,14.699999809265137,410.0
2024-03-01 10:40:00,EQ,2.5299999713897705,2.5299999713897705,2.5299999713897705,2.5299999713897705,2.5299999713897705,145.0
2024-03-01 10:40:00,ERAS,2.4737000465393066,2.4737000465393066,2.47979998588562,2.4737000465393066,2.47979998588562,10909.0
2024-03-01 10:40:00,ESPR,2.4800000190734863,2.4800000190734863,2.484999895095825,2.4800000190734863,2.484999895095825,1628.0
2024-03-01 10:40:00,ETNB,12.960000038146973,12.960000038146973,12.960000038146973,12.930000305175781,12.949000358581543,3125.0
2024-03-01 10:40:00,EWTX,16.8700008392334,16.8700008392334,16.8700008392334,16.8700008392334,16.8700008392334,200.0
2024-03-01 10:40:00,EXAI,6.679999828338623,6.679999828338623,6.690000057220459,6.679999828338623,6.679999828338623,835.0
2024-03-01 10:40:00,EXAS,60.0,60.0,60.02000045776367,59.93009948730469,59.9900016784668,3622.0
2024-03-01 10:40:00,EXEL,22.434999465942383,22.434999465942383,22.440000534057617,22.415000915527344,22.415000915527344,2354.0
2024-03-01 10:40:00,EYEN,2.171299934387207,2.171299934387207,2.171299934387207,2.171299934387207,2.171299934387207,175.0
2024-03-01 10:40:00,EYPT,28.420000076293945,28.420000076293945,28.43000030517578,28.350000381469727,28.43000030517578,1939.0
2024-03-01 10:40:00,FATE,7.53000020980835,7.53000020980835,7.534999847412109,7.53000020980835,7.532100200653076,5494.0
2024-03-01 10:40:00,FBIO,2.2300000190734863,2.2300000190734863,2.234999895095825,2.2300000190734863,2.234999895095825,206.0
2024-03-01 10:40:00,FDMT,29.280099868774414,29.280099868774414,29.420000076293945,29.280000686645508,29.420000076293945,994.0
2024-03-01 10:40:00,FEMY,1.7350000143051147,1.7350000143051147,1.7350000143051147,1.7300000190734863,1.7350000143051147,747.0
2024-03-01 10:40:00,FGEN,1.715000033378601,1.715000033378601,1.7200000286102295,1.715000033378601,1.7200000286102295,1894.0
2024-03-01 10:40:00,FLGT,23.040000915527344,23.040000915527344,23.049999237060547,23.040000915527344,23.040000915527344,784.0
2024-03-01 10:40:00,FULC,10.729999542236328,10.729999542236328,10.760000228881836,10.729999542236328,10.760000228881836,793.0
2024-03-01 10:40:00,FUSN,12.069999694824219,12.069999694824219,12.130000114440918,12.039999961853027,12.119999885559082,1946.0
2024-03-01 10:40:00,GANX,4.629899978637695,4.629899978637695,4.629899978637695,4.619999885559082,4.619999885559082,10000.0
2024-03-01 10:40:00,GDRX,8.279899597167969,8.279899597167969,8.3149995803833,8.25,8.3149995803833,9540.0
2024-03-01 10:40:00,GERN,2.109999895095825,2.109999895095825,2.109999895095825,2.0999999046325684,2.1050000190734863,12423.0
2024-03-01 10:40:00,GILD,72.5199966430664,72.5199966430664,72.58000183105469,72.51000213623047,72.57499694824219,7774.0
2024-03-01 10:40:00,GMAB,29.06999969482422,29.06999969482422,29.06999969482422,29.06999969482422,29.06999969482422,120.0
2024-03-01 10:40:00,GMDA,0.3774000108242035,0.3774000108242035,0.3774000108242035,0.3774000108242035,0.3774000108242035,159.0
2024-03-01 10:40:00,GOSS,1.3600000143051147,1.3600000143051147,1.3600000143051147,1.3600000143051147,1.3600000143051147,1221.0
2024-03-01 10:40:00,GRFS,6.949999809265137,6.949999809265137,6.954999923706055,6.949999809265137,6.949999809265137,3477.0
2024-03-01 10:40:00,GRTS,2.150599956512451,2.150599956512451,2.1600000858306885,2.150599956512451,2.1600000858306885,2563.0
2024-03-01 10:40:00,GTHX,3.4790000915527344,3.4790000915527344,3.4800000190734863,3.4790000915527344,3.4800000190734863,1035.0
2024-03-01 10:40:00,HALO,41.150001525878906,41.150001525878906,41.150001525878906,41.04999923706055,41.04999923706055,2018.0
2024-03-01 10:40:00,HARP,22.940000534057617,22.940000534057617,22.950000762939453,22.940000534057617,22.950000762939453,4030.0
2024-03-01 10:40:00,HCAT,7.980000019073486,7.980000019073486,7.980000019073486,7.980000019073486,7.980000019073486,550.0
2024-03-01 10:40:00,HCM,15.390000343322754,15.390000343322754,15.420000076293945,15.370100021362305,15.390000343322754,1117.0
2024-03-01 10:40:00,HCSG,12.6850004196167,12.6850004196167,12.6850004196167,12.6850004196167,12.6850004196167,235.0
2024-03-01 10:40:00,HCTI,2.408400058746338,2.408400058746338,2.408400058746338,2.390000104904175,2.4000000953674316,500.0
2024-03-01 10:40:00,HLVX,18.969999313354492,18.969999313354492,18.969999313354492,18.905000686645508,18.905000686645508,485.0
2024-03-01 10:40:00,HOLX,73.88999938964844,73.88999938964844,73.9000015258789,73.88999938964844,73.88999938964844,901.0
2024-03-01 10:40:00,HOOK,0.7900000214576721,0.7900000214576721,0.7900000214576721,0.7810999751091003,0.7810999751091003,5328.0
2024-03-01 10:40:00,HOTH,1.3300000429153442,1.3300000429153442,1.3300000429153442,1.3300000429153442,1.3300000429153442,500.0
2024-03-01 10:40:00,HROW,10.789999961853027,10.789999961853027,10.789999961853027,10.779999732971191,10.779999732971191,1108.0
2024-03-01 10:40:00,HRTX,2.6500000953674316,2.6500000953674316,2.6500000953674316,2.6500000953674316,2.6500000953674316,2007.0
2024-03-01 10:40:00,HSIC,77.4000015258789,77.4000015258789,77.41999816894531,77.375,77.4000015258789,923.0
2024-03-01 10:40:00,HSTM,27.65999984741211,27.65999984741211,27.65999984741211,27.65999984741211,27.65999984741211,282.0
2024-03-01 10:40:00,HUMA,3.1289000511169434,3.1289000511169434,3.130000114440918,3.109999895095825,3.125,27503.0
2024-03-01 10:40:00,IART,36.845001220703125,36.845001220703125,36.845001220703125,36.83000183105469,36.83000183105469,271.0
2024-03-01 10:40:00,IBRX,4.809999942779541,4.809999942779541,4.809999942779541,4.795000076293945,4.800000190734863,2510.0
2024-03-01 10:40:00,ICCM,1.3200000524520874,1.3200000524520874,1.3200000524520874,1.3200000524520874,1.3200000524520874,0.0
2024-03-01 10:40:00,ICLR,322.7699890136719,322.7699890136719,322.8500061035156,322.4549865722656,322.6400146484375,10385.0
2024-03-01 10:40:00,ICUI,106.54000091552734,106.54000091552734,106.54000091552734,106.54000091552734,106.54000091552734,166.0
2024-03-01 10:40:00,IDXX,575.2639770507812,575.2639770507812,575.2639770507812,574.1649780273438,574.1649780273438,1505.0
2024-03-01 10:40:00,IDYA,45.88999938964844,45.88999938964844,45.88999938964844,45.88999938964844,45.88999938964844,451.0
2024-03-01 10:40:00,IFRX,1.8300000429153442,1.8300000429153442,1.8300000429153442,1.8300000429153442,1.8300000429153442,0.0
2024-03-01 10:40:00,IGMS,13.710000038146973,13.710000038146973,13.710000038146973,13.710000038146973,13.710000038146973,34.0
2024-03-01 10:40:00,IINN,1.6299999952316284,1.6299999952316284,1.6299999952316284,1.6299999952316284,1.6299999952316284,150.0
2024-03-01 10:40:00,IMAB,1.8593000173568726,1.8593000173568726,1.8593000173568726,1.851099967956543,1.851099967956543,295.0
2024-03-01 10:40:00,IMNM,24.95560073852539,24.95560073852539,24.95560073852539,24.95560073852539,24.95560073852539,1915.0
2024-03-01 10:40:00,IMTX,12.970000267028809,12.970000267028809,12.970000267028809,12.970000267028809,12.970000267028809,105.0
2024-03-01 10:40:00,IMUX,1.5199999809265137,1.5199999809265137,1.5199999809265137,1.5199999809265137,1.5199999809265137,154.0
2024-03-01 10:40:00,IMVT,36.40999984741211,36.40999984741211,36.40999984741211,36.34000015258789,36.34000015258789,947.0
2024-03-01 10:40:00,INBX,36.900001525878906,36.900001525878906,36.904998779296875,36.900001525878906,36.904998779296875,659.0
2024-03-01 10:40:00,INCY,59.05500030517578,59.05500030517578,59.06999969482422,59.0099983215332,59.0099983215332,1510.0
2024-03-01 10:40:00,INDP,2.0434000492095947,2.0434000492095947,2.0434000492095947,2.0299999713897705,2.0299999713897705,502.0
2024-03-01 10:40:00,INGN,6.690000057220459,6.690000057220459,6.690000057220459,6.690000057220459,6.690000057220459,105.0
2024-03-01 10:40:00,INMB,11.774999618530273,11.774999618530273,11.774999618530273,11.774999618530273,11.774999618530273,198.0
2024-03-01 10:40:00,INMD,22.799999237060547,22.799999237060547,22.799999237060547,22.770000457763672,22.780000686645508,4818.0
2024-03-01 10:40:00,INO,8.826299667358398,8.826299667358398,8.826299667358398,8.826299667358398,8.826299667358398,145.0
2024-03-01 10:40:00,INSM,28.299999237060547,28.299999237060547,28.309999465942383,28.2450008392334,28.25,2368.0
2024-03-01 10:40:00,INVA,15.425000190734863,15.425000190734863,15.425000190734863,15.399999618530273,15.404999732971191,1976.0
2024-03-01 10:40:00,INZY,6.510000228881836,6.510000228881836,6.510000228881836,6.510000228881836,6.510000228881836,142.0
2024-03-01 10:40:00,IONS,45.7943000793457,45.7943000793457,45.7943000793457,45.7943000793457,45.7943000793457,348.0
2024-03-01 10:40:00,IOVA,16.510000228881836,16.510000228881836,16.55150032043457,16.5049991607666,16.54990005493164,12125.0
2024-03-01 10:40:00,IPA,1.8499000072479248,1.8499000072479248,1.8499000072479248,1.8499000072479248,1.8499000072479248,13.0
2024-03-01 10:40:00,IRWD,8.9399995803833,8.9399995803833,8.967499732971191,8.9399995803833,8.96500015258789,8918.0
2024-03-01 10:40:00,ISRG,390.7799987792969,390.7799987792969,390.82000732421875,390.3699951171875,390.4200134277344,3392.0
2024-03-01 10:40:00,ITCI,71.33999633789062,71.33999633789062,71.37000274658203,71.27999877929688,71.37000274658203,1107.0
2024-03-01 10:40:00,JAGX,0.0812000036239624,0.0812000036239624,0.08139999955892563,0.07810000330209732,0.07900000363588333,724509.0
2024-03-01 10:40:00,JANX,46.375,46.375,46.525001525878906,46.360599517822266,46.415000915527344,3181.0
2024-03-01 10:40:00,JAZZ,119.80000305175781,119.80000305175781,119.80000305175781,119.6449966430664,119.6449966430664,1674.0
2024-03-01 10:40:00,KALV,14.0,14.0,14.0,14.0,14.0,140.0
2024-03-01 10:40:00,KNSA,21.889999389648438,21.889999389648438,21.889999389648438,21.889999389648438,21.889999389648438,0.0
2024-03-01 10:40:00,KNTE,2.609999895095825,2.609999895095825,2.609999895095825,2.6050000190734863,2.609999895095825,1400.0
2024-03-01 10:40:00,KOD,6.085000038146973,6.085000038146973,6.085000038146973,6.070000171661377,6.079999923706055,1105.0
2024-03-01 10:40:00,KPTI,1.184999942779541,1.184999942779541,1.190000057220459,1.184999942779541,1.184999942779541,0.0
2024-03-01 10:40:00,KRYS,167.64999389648438,167.64999389648438,167.64999389648438,167.61500549316406,167.61500549316406,390.0
2024-03-01 10:40:00,KURA,21.270000457763672,21.270000457763672,21.270000457763672,21.270000457763672,21.270000457763672,141.0
2024-03-01 10:40:00,KZR,1.1200000047683716,1.1200000047683716,1.125,1.1200000047683716,1.125,1010.0
2024-03-01 10:40:00,LAB,2.3499999046325684,2.3499999046325684,2.3499999046325684,2.3450000286102295,2.3450000286102295,344.0
2024-03-01 10:40:00,LBPH,21.81999969482422,21.81999969482422,21.81999969482422,21.809999465942383,21.81999969482422,428.0
2024-03-01 10:40:00,LFST,7.994999885559082,7.994999885559082,7.994999885559082,7.985000133514404,7.985000133514404,7339.0
2024-03-01 10:40:00,LGVN,0.5407000184059143,0.5407000184059143,0.5453000068664551,0.5407000184059143,0.5453000068664551,398.0
2024-03-01 10:40:00,LIFE,1.9199999570846558,1.9199999570846558,1.9199999570846558,1.9199999570846558,1.9199999570846558,321.0
2024-03-01 10:40:00,LIVN,54.810001373291016,54.810001373291016,54.91999816894531,54.810001373291016,54.91999816894531,1496.0
2024-03-01 10:40:00,LMAT,67.68000030517578,67.68000030517578,67.81999969482422,67.55000305175781,67.81999969482422,680.0
2024-03-01 10:40:00,LNTH,65.40499877929688,65.40499877929688,65.40499877929688,65.40499877929688,65.40499877929688,522.0
2024-03-01 10:40:00,LPTX,2.839400053024292,2.839400053024292,2.839400053024292,2.839400053024292,2.839400053024292,178.0
2024-03-01 10:40:00,LQDA,14.449999809265137,14.449999809265137,14.449999809265137,14.449999809265137,14.449999809265137,458.0
2024-03-01 10:40:00,LRMR,11.074999809265137,11.074999809265137,11.074999809265137,11.074999809265137,11.074999809265137,143.0
2024-03-01 10:40:00,LVTX,3.069999933242798,3.069999933242798,3.069999933242798,3.0399999618530273,3.0399999618530273,540.0
2024-03-01 10:40:00,LXRX,2.4128000736236572,2.4128000736236572,2.4128000736236572,2.4093000888824463,2.4110000133514404,6551.0
2024-03-01 10:40:00,LYEL,3.130000114440918,3.130000114440918,3.140000104904175,3.130000114440918,3.140000104904175,679.0
2024-03-01 10:40:00,MASI,127.16999816894531,127.16999816894531,127.16999816894531,127.16999816894531,127.16999816894531,179.0
2024-03-01 10:40:00,MDRX,5.75,5.75,5.940000057220459,5.730000019073486,5.900000095367432,6979.0
2024-03-01 10:40:00,MDXG,8.5,8.5,8.505000114440918,8.494999885559082,8.505000114440918,1854.0
2024-03-01 10:40:00,ME,0.569599986076355,0.569599986076355,0.571399986743927,0.569599986076355,0.5697000026702881,2141.0
2024-03-01 10:40:00,MESO,2.0199999809265137,2.0199999809265137,2.0199999809265137,2.0199999809265137,2.0199999809265137,3900.0
2024-03-01 10:40:00,MGNX,18.953399658203125,18.953399658203125,19.020000457763672,18.940000534057617,19.020000457763672,3707.0
2024-03-01 10:40:00,MIRM,29.3799991607666,29.3799991607666,29.3799991607666,29.3799991607666,29.3799991607666,197.0
2024-03-01 10:40:00,MIST,1.6749999523162842,1.6749999523162842,1.6749999523162842,1.6749999523162842,1.6749999523162842,200.0
2024-03-01 10:40:00,MNKD,4.539999961853027,4.539999961853027,4.539999961853027,4.494999885559082,4.494999885559082,35906.0
2024-03-01 10:40:00,MNPR,0.7900000214576721,0.7900000214576721,0.7900000214576721,0.7900000214576721,0.7900000214576721,5008.0
2024-03-01 10:40:00,MODD,1.9399000406265259,1.9399000406265259,1.9399000406265259,1.9399000406265259,1.9399000406265259,164.0
2024-03-01 10:40:00,MOR,17.690000534057617,17.690000534057617,17.690000534057617,17.690000534057617,17.690000534057617,105.0
2024-03-01 10:40:00,MORF,38.04999923706055,38.04999923706055,38.04999923706055,38.04999923706055,38.04999923706055,530.0
2024-03-01 10:40:00,MREO,3.8499999046325684,3.8499999046325684,3.8499999046325684,3.8399999141693115,3.8399999141693115,1525.0
2024-03-01 10:40:00,MRNA,94.94999694824219,94.94999694824219,95.24150085449219,94.88999938964844,95.0999984741211,15600.0
2024-03-01 10:40:00,MRNS,9.744600296020508,9.744600296020508,9.744600296020508,9.744600296020508,9.744600296020508,388.0
2024-03-01 10:40:00,MRSN,5.735000133514404,5.735000133514404,5.744999885559082,5.735000133514404,5.735000133514404,1405.0
2024-03-01 10:40:00,MRUS,49.91999816894531,49.91999816894531,49.91999816894531,49.91999816894531,49.91999816894531,304.0
2024-03-01 10:40:00,MRVI,7.755000114440918,7.755000114440918,7.760000228881836,7.755000114440918,7.760000228881836,363.0
2024-03-01 10:40:00,MXCT,4.78000020980835,4.78000020980835,4.784999847412109,4.78000020980835,4.784999847412109,1181.0
2024-03-01 10:40:00,MYGN,21.290000915527344,21.290000915527344,21.290000915527344,21.260000228881836,21.260000228881836,693.0
2024-03-01 10:40:00,MYNZ,0.8700000047683716,0.8700000047683716,0.8798999786376953,0.8700000047683716,0.8798999786376953,1196.0
2024-03-01 10:40:00,NARI,45.540000915527344,45.540000915527344,45.64500045776367,45.540000915527344,45.56999969482422,2602.0
2024-03-01 10:40:00,NAUT,2.6700000762939453,2.6700000762939453,2.6700000762939453,2.6700000762939453,2.6700000762939453,102.0
2024-03-01 10:40:00,NBIX,130.89500427246094,130.89500427246094,130.9250030517578,130.86000061035156,130.9250030517578,3147.0
2024-03-01 10:40:00,NEO,16.0,16.0,16.020000457763672,16.0,16.020000457763672,962.0
2024-03-01 10:40:00,NEOG,17.10580062866211,17.10580062866211,17.10580062866211,17.10580062866211,17.10580062866211,224.0
2024-03-01 10:40:00,NKTR,0.7350000143051147,0.7350000143051147,0.7350000143051147,0.7350000143051147,0.7350000143051147,982.0
2024-03-01 10:40:00,NKTX,12.4399995803833,12.4399995803833,12.4399995803833,12.399999618530273,12.399999618530273,1297.0
2024-03-01 10:40:00,NLSP,0.39969998598098755,0.39969998598098755,0.39969998598098755,0.39969998598098755,0.39969998598098755,1300.0
2024-03-01 10:40:00,NNOX,10.919899940490723,10.919899940490723,10.920100212097168,10.900099754333496,10.90999984741211,3345.0
2024-03-01 10:40:00,NOTV,7.690000057220459,7.690000057220459,7.690000057220459,7.675000190734863,7.675000190734863,1433.0
2024-03-01 10:40:00,NPCE,16.219999313354492,16.219999313354492,16.219999313354492,16.219999313354492,16.219999313354492,366.0
2024-03-01 10:40:00,NRIX,13.229999542236328,13.229999542236328,13.229999542236328,13.210000038146973,13.229999542236328,1631.0
2024-03-01 10:40:00,NRSN,2.049999952316284,2.049999952316284,2.079900026321411,2.049999952316284,2.079900026321411,280.0
2024-03-01 10:40:00,NRXP,0.42989999055862427,0.42989999055862427,0.42989999055862427,0.42989999055862427,0.42989999055862427,0.0
2024-03-01 10:40:00,NSPR,2.634999990463257,2.634999990463257,2.634999990463257,2.634999990463257,2.634999990463257,121.0
2024-03-01 10:40:00,NTLA,33.5,33.5,33.5,33.43000030517578,33.43000030517578,2365.0
2024-03-01 10:40:00,NTRA,88.87000274658203,88.87000274658203,88.95999908447266,88.87000274658203,88.94999694824219,1566.0
2024-03-01 10:40:00,NVAX,5.105000019073486,5.105000019073486,5.108500003814697,5.085000038146973,5.085000038146973,20635.0
2024-03-01 10:40:00,NVCR,15.710000038146973,15.710000038146973,15.729999542236328,15.699999809265137,15.729999542236328,1086.0
2024-03-01 10:40:00,OCGN,0.9225000143051147,0.9225000143051147,0.9225000143051147,0.9225000143051147,0.9225000143051147,200.0
2024-03-01 10:40:00,OCUL,10.310199737548828,10.310199737548828,10.310199737548828,10.3100004196167,10.310099601745605,10380.0
2024-03-01 10:40:00,OLK,22.584999084472656,22.584999084472656,22.594999313354492,22.584999084472656,22.594999313354492,4517.0
2024-03-01 10:40:00,OM,3.059999942779541,3.059999942779541,3.069999933242798,3.059999942779541,3.069999933242798,1282.0
2024-03-01 10:40:00,OMGA,4.139999866485596,4.139999866485596,4.139999866485596,4.139999866485596,4.139999866485596,165.0
2024-03-01 10:41:00,ABCL,5.130000114440918,5.130000114440918,5.135000228881836,5.130000114440918,5.130000114440918,1550.0
2024-03-01 10:41:00,ABEO,7.650000095367432,7.650000095367432,7.650000095367432,7.610000133514404,7.625,10703.0
2024-03-01 10:41:00,ABSI,5.21999979019165,5.21999979019165,5.21999979019165,5.215000152587891,5.215000152587891,300.0
2024-03-01 10:41:00,ACAD,24.0,24.0,24.020000457763672,24.0,24.0,2308.0
2024-03-01 10:41:00,ACB,3.0250000953674316,3.0250000953674316,3.0299999713897705,3.0250000953674316,3.0299999713897705,244.0
2024-03-01 10:41:00,ACHC,83.52999877929688,83.52999877929688,83.6500015258789,83.52999877929688,83.6500015258789,2981.0
2024-03-01 10:41:00,ACHL,1.340000033378601,1.340000033378601,1.340000033378601,1.3200000524520874,1.3220000267028809,3663.0
2024-03-01 10:41:00,ACON,0.3799999952316284,0.3799999952316284,0.3799999952316284,0.3700000047683716,0.3774999976158142,7239.0
2024-03-01 10:41:00,ACRS,1.2200000286102295,1.2200000286102295,1.2200000286102295,1.2200000286102295,1.2200000286102295,227.0
2024-03-01 10:41:00,ADIL,3.4107000827789307,3.4107000827789307,3.5,3.380000114440918,3.490000009536743,187499.0
2024-03-01 10:41:00,ADMA,5.355000019073486,5.355000019073486,5.355000019073486,5.349999904632568,5.349999904632568,1389.0
2024-03-01 10:41:00,ADPT,4.179999828338623,4.179999828338623,4.179999828338623,4.179999828338623,4.179999828338623,484.0
2024-03-01 10:41:00,AGEN,0.6715999841690063,0.6715999841690063,0.6715999841690063,0.6700999736785889,0.6700999736785889,2056.0
2024-03-01 10:41:00,AGIO,32.76499938964844,32.76499938964844,32.76499938964844,32.720001220703125,32.720001220703125,1153.0
2024-03-01 10:41:00,AGRX,0.8399999737739563,0.8399999737739563,0.8399999737739563,0.8399999737739563,0.8399999737739563,311.0
2024-03-01 10:41:00,AHCO,10.609999656677246,10.609999656677246,10.609999656677246,10.609999656677246,10.609999656677246,802.0
2024-03-01 10:41:00,AIRS,6.545000076293945,6.545000076293945,6.570000171661377,6.545000076293945,6.570000171661377,527.0
2024-03-01 10:41:00,AKAN,0.2531999945640564,0.2531999945640564,0.25369998812675476,0.2531999945640564,0.25369998812675476,2810.0
2024-03-01 10:41:00,AKBA,1.6299999952316284,1.6299999952316284,1.638200044631958,1.6299999952316284,1.6313999891281128,1060.0
2024-03-01 10:41:00,AKLI,0.34279999136924744,0.34279999136924744,0.34279999136924744,0.34279999136924744,0.34279999136924744,1218.0
2024-03-01 10:41:00,AKRO,28.264999389648438,28.264999389648438,28.31999969482422,28.260000228881836,28.290000915527344,2757.0
2024-03-01 10:41:00,AKYA,5.894999980926514,5.894999980926514,5.894999980926514,5.894999980926514,5.894999980926514,155.0
2024-03-01 10:41:00,ALDX,4.144999980926514,4.144999980926514,4.150000095367432,4.138800144195557,4.138800144195557,620.0
2024-03-01 10:41:00,ALEC,7.53000020980835,7.53000020980835,7.550000190734863,7.53000020980835,7.550000190734863,1112.0
2024-03-01 10:41:00,ALGN,299.4700012207031,299.4700012207031,299.4700012207031,299.4700012207031,299.4700012207031,346.0
2024-03-01 10:41:00,ALHC,5.760000228881836,5.760000228881836,5.775000095367432,5.75,5.769999980926514,1396.0
2024-03-01 10:41:00,ALKS,30.155000686645508,30.155000686645508,30.15999984741211,30.125,30.125,1625.0
2024-03-01 10:41:00,ALLK,1.5950000286102295,1.5950000286102295,1.5950000286102295,1.5950000286102295,1.5950000286102295,912.0
2024-03-01 10:41:00,ALLO,4.974999904632568,4.974999904632568,4.974999904632568,4.96999979019165,4.974999904632568,650.0
2024-03-01 10:41:00,ALNY,154.6199951171875,154.6199951171875,154.625,154.6199951171875,154.625,613.0
2024-03-01 10:41:00,ALPN,35.79499816894531,35.79499816894531,35.79999923706055,35.75,35.75,1300.0
2024-03-01 10:41:00,ALT,12.12600040435791,12.12600040435791,12.12600040435791,12.100000381469727,12.119999885559082,4547.0
2024-03-01 10:41:00,ALVR,0.7526999711990356,0.7526999711990356,0.7526999711990356,0.75,0.75,222.0
2024-03-01 10:41:00,ALXO,14.90999984741211,14.90999984741211,14.949999809265137,14.90999984741211,14.949999809265137,377.0
2024-03-01 10:41:00,ALZN,0.9071000218391418,0.9071000218391418,0.9071000218391418,0.9071000218391418,0.9071000218391418,286.0
2024-03-01 10:41:00,AMGN,281.1954040527344,281.1954040527344,281.1954040527344,280.95001220703125,280.95001220703125,4293.0
2024-03-01 10:41:00,AMLX,18.81999969482422,18.81999969482422,18.850000381469727,18.809999465942383,18.809999465942383,3841.0
2024-03-01 10:41:00,AMPH,45.874000549316406,45.874000549316406,45.93000030517578,45.81999969482422,45.93000030517578,767.0
2024-03-01 10:41:00,AMRN,1.0205999612808228,1.0205999612808228,1.0205999612808228,1.0199999809265137,1.0199999809265137,4948.0
2024-03-01 10:41:00,ANAB,25.610000610351562,25.610000610351562,25.610000610351562,25.610000610351562,25.610000610351562,208.0
2024-03-01 10:41:00,ANGO,5.434999942779541,5.434999942779541,5.435100078582764,5.434999942779541,5.435100078582764,7513.0
2024-03-01 10:41:00,ANNX,5.840000152587891,5.840000152587891,5.840000152587891,5.820099830627441,5.836999893188477,1336.0
2024-03-01 10:41:00,APLS,64.23500061035156,64.23500061035156,64.23500061035156,63.86000061035156,63.86000061035156,7656.0
2024-03-01 10:41:00,APLT,7.279600143432617,7.279600143432617,7.28000020980835,7.239999771118164,7.25,5377.0
2024-03-01 10:41:00,AQST,4.25,4.25,4.284999847412109,4.25,4.275000095367432,3320.0
2024-03-01 10:41:00,ARAY,2.6231000423431396,2.6231000423431396,2.625,2.619999885559082,2.619999885559082,585.0
2024-03-01 10:41:00,ARDX,9.555000305175781,9.555000305175781,9.5600004196167,9.550000190734863,9.555000305175781,7166.0
2024-03-01 10:41:00,ARGX,385.9949951171875,385.9949951171875,385.9949951171875,385.6000061035156,385.6000061035156,1681.0
2024-03-01 10:41:00,ARQT,11.0600004196167,11.0600004196167,11.100000381469727,11.0600004196167,11.079999923706055,3126.0
2024-03-01 10:41:00,ARVN,51.19499969482422,51.19499969482422,51.19499969482422,51.19499969482422,51.19499969482422,186.0
2024-03-01 10:41:00,ARWR,35.084999084472656,35.084999084472656,35.11000061035156,35.06999969482422,35.099998474121094,7709.0
2024-03-01 10:41:00,ASLN,0.8310999870300293,0.8310999870300293,0.8310999870300293,0.8310999870300293,0.8310999870300293,200.0
2024-03-01 10:41:00,ASND,149.42999267578125,149.42999267578125,149.42999267578125,149.3300018310547,149.3300018310547,333.0
2024-03-01 10:41:00,ASRT,0.9193999767303467,0.9193999767303467,0.9193999767303467,0.9193999767303467,0.9193999767303467,200.0
2024-03-01 10:41:00,ATAI,1.9900000095367432,1.9900000095367432,1.9900000095367432,1.975000023841858,1.975000023841858,17930.0
2024-03-01 10:41:00,ATEC,13.390000343322754,13.390000343322754,13.404999732971191,13.390000343322754,13.390000343322754,5236.0
2024-03-01 10:41:00,ATHA,3.9600000381469727,3.9600000381469727,3.9600000381469727,3.95989990234375,3.9600000381469727,1212.0
2024-03-01 10:41:00,ATNF,3.442500114440918,3.442500114440918,3.442500114440918,3.442500114440918,3.442500114440918,217.0
2024-03-01 10:41:00,ATOS,0.9988999962806702,0.9988999962806702,0.9988999962806702,0.9988999962806702,0.9988999962806702,1998.0
2024-03-01 10:41:00,ATRA,0.8151999711990356,0.8151999711990356,0.8159999847412109,0.8151999711990356,0.8151999711990356,1200.0
2024-03-01 10:41:00,ATRC,35.724998474121094,35.724998474121094,35.790000915527344,35.724998474121094,35.790000915527344,4952.0
2024-03-01 10:41:00,AURA,9.225000381469727,9.225000381469727,9.225000381469727,9.225000381469727,9.225000381469727,102.0
2024-03-01 10:41:00,AVDL,12.65999984741211,12.65999984741211,12.65999984741211,12.635000228881836,12.635000228881836,7887.0
2024-03-01 10:41:00,AVTE,22.28499984741211,22.28499984741211,22.28499984741211,22.28499984741211,22.28499984741211,197.0
2024-03-01 10:41:00,AXNX,67.47000122070312,67.47000122070312,67.55000305175781,67.47000122070312,67.55000305175781,25218.0
2024-03-01 10:41:00,AXSM,83.87000274658203,83.87000274658203,84.04499816894531,83.66999816894531,83.67500305175781,16692.0
2024-03-01 10:41:00,AZN,64.62000274658203,64.62000274658203,64.625,64.5999984741211,64.5999984741211,4154.0
2024-03-01 10:41:00,AZTA,66.41000366210938,66.41000366210938,66.41000366210938,66.37999725341797,66.37999725341797,397.0
2024-03-01 10:41:00,BBIO,35.94499969482422,35.94499969482422,35.9900016784668,35.94499969482422,35.9900016784668,600.0
2024-03-01 10:41:00,BBLG,2.6500000953674316,2.6500000953674316,2.6500000953674316,2.630000114440918,2.630000114440918,5203.0
2024-03-01 10:41:00,BCDA,0.5490999817848206,0.5490999817848206,0.5490999817848206,0.5475000143051147,0.5475000143051147,849.0
2024-03-01 10:41:00,BCRX,5.789999961853027,5.789999961853027,5.800000190734863,5.789999961853027,5.795000076293945,1017.0
2024-03-01 10:41:00,BDSX,1.677899956703186,1.677899956703186,1.677899956703186,1.677899956703186,1.677899956703186,795.0
2024-03-01 10:41:00,BDTX,5.079999923706055,5.079999923706055,5.111000061035156,5.079999923706055,5.099999904632568,1477.0
2024-03-01 10:41:00,BEAM,40.51499938964844,40.51499938964844,40.65999984741211,40.51499938964844,40.61000061035156,1050.0
2024-03-01 10:41:00,BIIB,219.52999877929688,219.52999877929688,219.58999633789062,219.52999877929688,219.58999633789062,1433.0
2024-03-01 10:41:00,BIOL,0.13950000703334808,0.13950000703334808,0.13950000703334808,0.13770000636577606,0.13770000636577606,100.0
2024-03-01 10:41:00,BIVI,2.440000057220459,2.440000057220459,2.4600000381469727,2.4100000858306885,2.440000057220459,97889.0
2024-03-01 10:41:00,BLFS,18.18000030517578,18.18000030517578,18.184999465942383,18.1299991607666,18.170000076293945,1853.0
2024-03-01 10:41:00,BLUE,1.611299991607666,1.611299991607666,1.6200000047683716,1.6100000143051147,1.6200000047683716,27337.0
2024-03-01 10:41:00,BMEA,17.700000762939453,17.700000762939453,17.700000762939453,17.700000762939453,17.700000762939453,560.0
2024-03-01 10:41:00,BMRN,86.44000244140625,86.44000244140625,86.48999786376953,86.44000244140625,86.48999786376953,672.0
2024-03-01 10:41:00,BNGO,1.25,1.25,1.25,1.25,1.25,770.0
2024-03-01 10:41:00,BNTC,5.085000038146973,5.085000038146973,5.090000152587891,5.001200199127197,5.010000228881836,1288.0
2024-03-01 10:41:00,BNTX,91.62000274658203,91.62000274658203,91.63500213623047,91.52999877929688,91.55000305175781,3426.0
2024-03-01 10:41:00,BOLT,1.1642999649047852,1.1642999649047852,1.1642999649047852,1.1642999649047852,1.1642999649047852,200.0
2024-03-01 10:41:00,BPTS,0.46000000834465027,0.46000000834465027,0.46000000834465027,0.46000000834465027,0.46000000834465027,13184.0
2024-03-01 10:41:00,BRKR,87.61499786376953,87.61499786376953,87.62999725341797,87.54000091552734,87.62999725341797,2084.0
2024-03-01 10:41:00,BTTX,0.16779999434947968,0.16779999434947968,0.16779999434947968,0.16779999434947968,0.16779999434947968,12850.0
2024-03-01 10:41:00,CABA,24.040000915527344,24.040000915527344,24.040000915527344,24.040000915527344,24.040000915527344,436.0
2024-03-01 10:41:00,CAPR,4.590000152587891,4.590000152587891,4.590000152587891,4.570000171661377,4.570000171661377,1860.0
2024-03-01 10:41:00,CARA,0.9200000166893005,0.9200000166893005,0.9200000166893005,0.9200000166893005,0.9200000166893005,242.0
2024-03-01 10:41:00,CBAY,32.22999954223633,32.22999954223633,32.22999954223633,32.224998474121094,32.22999954223633,2316.0
2024-03-01 10:41:00,CCCC,11.0,11.0,11.0,10.962400436401367,10.962400436401367,1438.0
2024-03-01 10:41:00,CCRN,17.969999313354492,17.969999313354492,17.969999313354492,17.969999313354492,17.969999313354492,180.0
2024-03-01 10:41:00,CDMO,7.940000057220459,7.940000057220459,7.940000057220459,7.940000057220459,7.940000057220459,488.0
2024-03-01 10:41:00,CDNA,12.069999694824219,12.069999694824219,12.069999694824219,12.039999961853027,12.0600004196167,2738.0
2024-03-01 10:41:00,CDXS,4.230000019073486,4.230000019073486,4.230000019073486,4.199999809265137,4.199999809265137,3090.0
2024-03-01 10:41:00,CELU,3.7249999046325684,3.7249999046325684,3.7249999046325684,3.7249999046325684,3.7249999046325684,161.0
2024-03-01 10:41:00,CERE,41.189998626708984,41.189998626708984,41.189998626708984,41.189998626708984,41.189998626708984,1274.0
2024-03-01 10:41:00,CERS,2.180000066757202,2.180000066757202,2.180000066757202,2.180000066757202,2.180000066757202,200.0
2024-03-01 10:41:00,CERT,17.940000534057617,17.940000534057617,17.940000534057617,17.8799991607666,17.899999618530273,1809.0
2024-03-01 10:41:00,CGC,3.2298998832702637,3.2298998832702637,3.2298998832702637,3.225800037384033,3.225800037384033,662.0
2024-03-01 10:41:00,CGEM,18.799999237060547,18.799999237060547,18.799999237060547,18.799999237060547,18.799999237060547,175.0
2024-03-01 10:41:00,CGEN,2.684999942779541,2.684999942779541,2.684999942779541,2.6798999309539795,2.680000066757202,1921.0
2024-03-01 10:41:00,CGTX,2.065000057220459,2.065000057220459,2.065000057220459,2.065000057220459,2.065000057220459,730.0
2024-03-01 10:41:00,CHRS,2.309999942779541,2.309999942779541,2.315000057220459,2.309999942779541,2.315000057220459,3571.0
2024-03-01 10:41:00,CING,1.3200000524520874,1.3200000524520874,1.3200000524520874,1.2999999523162842,1.2999999523162842,2370.0
2024-03-01 10:41:00,CJJD,2.76200008392334,2.76200008392334,2.8399999141693115,2.76200008392334,2.8399999141693115,856.0
2024-03-01 10:41:00,CKPT,2.1600000858306885,2.1600000858306885,2.1600000858306885,2.1600000858306885,2.1600000858306885,100.0
2024-03-01 10:41:00,CLDX,52.470001220703125,52.470001220703125,52.494998931884766,52.154998779296875,52.290000915527344,13892.0
2024-03-01 10:41:00,CLNN,0.39500001072883606,0.39500001072883606,0.39500001072883606,0.39500001072883606,0.39500001072883606,1262.0
2024-03-01 10:41:00,CLOV,0.8622000217437744,0.8622000217437744,0.863099992275238,0.8605999946594238,0.8605999946594238,26265.0
2024-03-01 10:41:00,CLPT,6.5,6.5,6.5,6.5,6.5,0.0
2024-03-01 10:41:00,CLRB,4.039999961853027,4.039999961853027,4.039999961853027,4.039999961853027,4.039999961853027,3776.0
2024-03-01 10:41:00,CLSD,1.3799999952316284,1.3799999952316284,1.3799999952316284,1.3799999952316284,1.3799999952316284,282.0
2024-03-01 10:41:00,CMPS,10.65999984741211,10.65999984741211,10.65999984741211,10.65999984741211,10.65999984741211,176.0
2024-03-01 10:41:00,CMRX,1.1299999952316284,1.1299999952316284,1.1299999952316284,1.125,1.125,611.0
2024-03-01 10:41:00,COGT,7.25,7.25,7.269999980926514,7.25,7.25,1076.0
2024-03-01 10:41:00,COLL,37.20500183105469,37.20500183105469,37.2400016784668,37.20500183105469,37.2400016784668,416.0
2024-03-01 10:41:00,CORT,23.809999465942383,23.809999465942383,23.809999465942383,23.809999465942383,23.809999465942383,154.0
2024-03-01 10:41:00,CPRX,17.25,17.25,17.292200088500977,17.25,17.290000915527344,6400.0
2024-03-01 10:41:00,CPSI,9.379799842834473,9.379799842834473,9.399999618530273,9.374300003051758,9.399999618530273,4000.0
2024-03-01 10:41:00,CRBP,31.295400619506836,31.295400619506836,31.385000228881836,31.276899337768555,31.385000228881836,882.0
2024-03-01 10:41:00,CRBU,8.069999694824219,8.069999694824219,8.074999809265137,8.0600004196167,8.0600004196167,1370.0
2024-03-01 10:41:00,CRDF,2.5499000549316406,2.5499000549316406,2.5499000549316406,2.5,2.5113000869750977,38444.0
2024-03-01 10:41:00,CRDL,1.9700000286102295,1.9700000286102295,1.9700000286102295,1.9700000286102295,1.9700000286102295,4865.0
2024-03-01 10:41:00,CRNX,45.34000015258789,45.34000015258789,45.36000061035156,45.33000183105469,45.33000183105469,932.0
2024-03-01 10:41:00,CRSP,86.00499725341797,86.00499725341797,86.05999755859375,86.00499725341797,86.05999755859375,929.0
2024-03-01 10:41:00,CSTL,19.972900390625,19.972900390625,19.972900390625,19.972900390625,19.972900390625,1000.0
2024-03-01 10:41:00,CTKB,8.114999771118164,8.114999771118164,8.11989974975586,8.090200424194336,8.090200424194336,4376.0
2024-03-01 10:41:00,CTMX,2.4719998836517334,2.4719998836517334,2.4719998836517334,2.4719998836517334,2.4719998836517334,0.0
2024-03-01 10:41:00,CUTR,2.3492000102996826,2.3492000102996826,2.349299907684326,2.3492000102996826,2.349299907684326,1592.0
2024-03-01 10:41:00,CVAC,3.4800000190734863,3.4800000190734863,3.4800000190734863,3.4800000190734863,3.4800000190734863,932.0
2024-03-01 10:41:00,CYTK,74.62999725341797,74.62999725341797,74.62999725341797,74.58000183105469,74.58000183105469,635.0
2024-03-01 10:41:00,CYTO,2.319999933242798,2.319999933242798,2.3499999046325684,2.2899999618530273,2.349900007247925,7002.0
2024-03-01 10:41:00,DAWN,16.94499969482422,16.94499969482422,16.94499969482422,16.94499969482422,16.94499969482422,329.0
2024-03-01 10:41:00,DCGO,4.120100021362305,4.120100021362305,4.125,4.105000019073486,4.105000019073486,3878.0
2024-03-01 10:41:00,DCPH,17.024999618530273,17.024999618530273,17.024999618530273,17.020000457763672,17.020000457763672,531.0
2024-03-01 10:41:00,DERM,4.0,4.0,4.0,4.0,4.0,500.0
2024-03-01 10:41:00,DH,9.170000076293945,9.170000076293945,9.170000076293945,9.170000076293945,9.170000076293945,116.0
2024-03-01 10:41:00,DMTK,0.8898000121116638,0.8898000121116638,0.8898000121116638,0.8698999881744385,0.8698999881744385,2851.0
2024-03-01 10:41:00,DNLI,20.684999465942383,20.684999465942383,20.690000534057617,20.65999984741211,20.65999984741211,628.0
2024-03-01 10:41:00,DTIL,12.505000114440918,12.505000114440918,12.600000381469727,12.505000114440918,12.600000381469727,7204.0
2024-03-01 10:41:00,DVAX,12.755000114440918,12.755000114440918,12.760000228881836,12.739999771118164,12.760000228881836,1800.0
2024-03-01 10:41:00,DXCM,118.36000061035156,118.36000061035156,118.38999938964844,118.26000213623047,118.29000091552734,7977.0
2024-03-01 10:41:00,DYN,29.613300323486328,29.613300323486328,29.860000610351562,29.5,29.850000381469727,16769.0
2024-03-01 10:41:00,EDIT,10.864999771118164,10.864999771118164,10.890000343322754,10.854999542236328,10.890000343322754,4007.0
2024-03-01 10:41:00,ELEV,5.119999885559082,5.119999885559082,5.150000095367432,5.070000171661377,5.099999904632568,10562.0
2024-03-01 10:41:00,EMBC,14.40999984741211,14.40999984741211,14.40999984741211,14.40999984741211,14.40999984741211,153.0
2024-03-01 10:41:00,ENLV,3.2899999618530273,3.2899999618530273,3.2899999618530273,3.2899999618530273,3.2899999618530273,466.0
2024-03-01 10:41:00,ENTA,14.979999542236328,14.979999542236328,14.979999542236328,14.979999542236328,14.979999542236328,429.0
2024-03-01 10:41:00,ENTX,1.309999942779541,1.309999942779541,1.309999942779541,1.25,1.309999942779541,16836.0
2024-03-01 10:41:00,ENVB,1.7200000286102295,1.7200000286102295,1.7300000190734863,1.7000000476837158,1.7293000221252441,34979.0
2024-03-01 10:41:00,EOLS,14.699999809265137,14.699999809265137,14.699999809265137,14.699999809265137,14.699999809265137,281.0
2024-03-01 10:41:00,ESPR,2.4800000190734863,2.4800000190734863,2.4839999675750732,2.4800000190734863,2.4800000190734863,1416.0
2024-03-01 10:41:00,ETNB,13.0,13.0,13.010000228881836,12.960000038146973,12.960000038146973,4209.0
2024-03-01 10:41:00,EVO,7.434999942779541,7.434999942779541,7.434999942779541,7.434999942779541,7.434999942779541,1596.0
2024-03-01 10:41:00,EWTX,16.864999771118164,16.864999771118164,16.8700008392334,16.864999771118164,16.8700008392334,392.0
2024-03-01 10:41:00,EXAS,59.93000030517578,59.93000030517578,60.02000045776367,59.91999816894531,60.02000045776367,2712.0
2024-03-01 10:41:00,EXEL,22.434999465942383,22.434999465942383,22.434999465942383,22.424999237060547,22.434999465942383,2843.0
2024-03-01 10:41:00,EYEN,2.1898999214172363,2.1898999214172363,2.1898999214172363,2.180000066757202,2.180000066757202,10826.0
2024-03-01 10:41:00,EYPT,28.479999542236328,28.479999542236328,28.479999542236328,28.420000076293945,28.469999313354492,2343.0
2024-03-01 10:41:00,FATE,7.545000076293945,7.545000076293945,7.545000076293945,7.53000020980835,7.53000020980835,707.0
2024-03-01 10:41:00,FBIOP,15.59000015258789,15.59000015258789,15.59000015258789,15.59000015258789,15.59000015258789,192.0
2024-03-01 10:41:00,FDMT,29.275999069213867,29.275999069213867,29.350000381469727,29.275999069213867,29.350000381469727,1282.0
2024-03-01 10:41:00,FGEN,1.719499945640564,1.719499945640564,1.719499945640564,1.719499945640564,1.719499945640564,4534.0
2024-03-01 10:41:00,FLGT,23.06999969482422,23.06999969482422,23.06999969482422,23.045000076293945,23.05500030517578,667.0
2024-03-01 10:41:00,FOLD,13.489999771118164,13.489999771118164,13.494999885559082,13.489999771118164,13.494999885559082,1867.0
2024-03-01 10:41:00,FULC,10.699999809265137,10.699999809265137,10.699999809265137,10.6850004196167,10.6850004196167,8048.0
2024-03-01 10:41:00,GALT,2.0009000301361084,2.0009000301361084,2.0009000301361084,2.0,2.0,1295.0
2024-03-01 10:41:00,GCTK,0.29910001158714294,0.29910001158714294,0.30000001192092896,0.29910001158714294,0.29910001158714294,726.0
2024-03-01 10:41:00,GDRX,8.270099639892578,8.270099639892578,8.300000190734863,8.270000457763672,8.279999732971191,3688.0
2024-03-01 10:41:00,GERN,2.115000009536743,2.115000009536743,2.119999885559082,2.109999895095825,2.109999895095825,20257.0
2024-03-01 10:41:00,GH,19.200000762939453,19.200000762939453,19.200000762939453,19.200000762939453,19.200000762939453,504.0
2024-03-01 10:41:00,GILD,72.58000183105469,72.58000183105469,72.58000183105469,72.5199966430664,72.5199966430664,4403.0
2024-03-01 10:41:00,GMAB,29.084999084472656,29.084999084472656,29.084999084472656,29.084999084472656,29.084999084472656,384.0
2024-03-01 10:41:00,GOSS,1.3600000143051147,1.3600000143051147,1.3600000143051147,1.3600000143051147,1.3600000143051147,1002.0
2024-03-01 10:41:00,GRFS,6.954999923706055,6.954999923706055,6.960000038146973,6.954999923706055,6.954999923706055,837.0
2024-03-01 10:41:00,GRTS,2.1500000953674316,2.1500000953674316,2.1600000858306885,2.1449999809265137,2.1549999713897705,9072.0
2024-03-01 10:41:00,GRTX,0.2321999967098236,0.2321999967098236,0.2321999967098236,0.2321999967098236,0.2321999967098236,107.0
2024-03-01 10:41:00,GTHX,3.4649999141693115,3.4649999141693115,3.4800000190734863,3.4639999866485596,3.4798998832702637,1166.0
2024-03-01 10:41:00,HALO,41.119998931884766,41.119998931884766,41.179901123046875,41.119998931884766,41.15999984741211,827.0
2024-03-01 10:41:00,HARP,22.940000534057617,22.940000534057617,22.950000762939453,22.940000534057617,22.950000762939453,3800.0
2024-03-01 10:41:00,HCAT,7.960000038146973,7.960000038146973,7.96999979019165,7.960000038146973,7.96999979019165,1033.0
2024-03-01 10:41:00,HCM,15.399999618530273,15.399999618530273,15.399999618530273,15.399999618530273,15.399999618530273,95.0
2024-03-01 10:41:00,HCSG,12.699999809265137,12.699999809265137,12.699999809265137,12.6899995803833,12.6899995803833,593.0
2024-03-01 10:41:00,HCTI,2.390000104904175,2.390000104904175,2.4086999893188477,2.390000104904175,2.390000104904175,1102.0
2024-03-01 10:41:00,HITI,1.7519999742507935,1.7519999742507935,1.7519999742507935,1.7519999742507935,1.7519999742507935,109.0
2024-03-01 10:41:00,HLTH,0.27320000529289246,0.27320000529289246,0.27320000529289246,0.27320000529289246,0.27320000529289246,134.0
2024-03-01 10:41:00,HOOK,0.7799999713897705,0.7799999713897705,0.781000018119812,0.7721999883651733,0.781000018119812,3371.0
2024-03-01 10:41:00,HRMY,31.5049991607666,31.5049991607666,31.5049991607666,31.5049991607666,31.5049991607666,245.0
2024-03-01 10:41:00,HSIC,77.41999816894531,77.41999816894531,77.45999908447266,77.3947982788086,77.3947982788086,804.0
2024-03-01 10:41:00,HUMA,3.130000114440918,3.130000114440918,3.130000114440918,3.125,3.125,2764.0
2024-03-01 10:41:00,IART,36.87300109863281,36.87300109863281,36.880001068115234,36.86000061035156,36.86000061035156,2771.0
2024-03-01 10:41:00,IBRX,4.809999942779541,4.809999942779541,4.809999942779541,4.809999942779541,4.809999942779541,485.0
2024-03-01 10:41:00,ICLR,322.6050109863281,322.6050109863281,322.6600036621094,322.3399963378906,322.5199890136719,6237.0
2024-03-01 10:41:00,ICUI,106.55999755859375,106.55999755859375,106.55999755859375,106.55999755859375,106.55999755859375,508.0
2024-03-01 10:41:00,IDXX,575.25,575.25,575.25,575.2100219726562,575.2100219726562,492.0
2024-03-01 10:41:00,IDYA,45.810001373291016,45.810001373291016,45.93000030517578,45.810001373291016,45.93000030517578,648.0
2024-03-01 10:41:00,IKNA,1.4681999683380127,1.4681999683380127,1.4681999683380127,1.4681999683380127,1.4681999683380127,480.0
2024-03-01 10:41:00,ILMN,140.41000366210938,140.41000366210938,140.50999450683594,140.38499450683594,140.38499450683594,1014.0
2024-03-01 10:41:00,IMAB,1.850000023841858,1.850000023841858,1.850000023841858,1.850000023841858,1.850000023841858,478.0
2024-03-01 10:41:00,IMCR,68.02999877929688,68.02999877929688,68.19000244140625,68.02999877929688,68.19000244140625,911.0
2024-03-01 10:41:00,IMNM,24.985000610351562,24.985000610351562,24.985000610351562,24.959999084472656,24.959999084472656,642.0
2024-03-01 10:41:00,IMNN,1.003999948501587,1.003999948501587,1.0199999809265137,1.0,1.0199999809265137,3189.0
2024-03-01 10:41:00,IMTX,12.989999771118164,12.989999771118164,12.989999771118164,12.989999771118164,12.989999771118164,200.0
2024-03-01 10:41:00,IMUX,1.5225000381469727,1.5225000381469727,1.524999976158142,1.5199999809265137,1.524999976158142,1849.0
2024-03-01 10:41:00,IMVT,36.41999816894531,36.41999816894531,36.41999816894531,36.41999816894531,36.41999816894531,142.0
2024-03-01 10:41:00,INCY,59.07780075073242,59.07780075073242,59.09000015258789,59.06999969482422,59.06999969482422,484.0
2024-03-01 10:41:00,INGN,6.679999828338623,6.679999828338623,6.679999828338623,6.679999828338623,6.679999828338623,349.0
2024-03-01 10:41:00,INMD,22.829999923706055,22.829999923706055,22.829999923706055,22.81999969482422,22.829999923706055,883.0
2024-03-01 10:41:00,INSM,28.25,28.25,28.31999969482422,28.139999389648438,28.31999969482422,12873.0
2024-03-01 10:41:00,INVA,15.430000305175781,15.430000305175781,15.460000038146973,15.430000305175781,15.430000305175781,2975.0
2024-03-01 10:41:00,INZY,6.514999866485596,6.514999866485596,6.514999866485596,6.514999866485596,6.514999866485596,215.0
2024-03-01 10:41:00,IOBT,1.690000057220459,1.690000057220459,1.690000057220459,1.6800999641418457,1.6800999641418457,1393.0
2024-03-01 10:41:00,IONS,45.790000915527344,45.790000915527344,45.81999969482422,45.790000915527344,45.81999969482422,270.0
2024-03-01 10:41:00,IOVA,16.489999771118164,16.489999771118164,16.540000915527344,16.479999542236328,16.520000457763672,21895.0
2024-03-01 10:41:00,IRTC,119.23999786376953,119.23999786376953,119.23999786376953,119.16000366210938,119.16000366210938,557.0
2024-03-01 10:41:00,IRWD,8.96500015258789,8.96500015258789,8.975000381469727,8.9399995803833,8.9399995803833,10210.0
2024-03-01 10:41:00,ISRG,390.8299865722656,390.8299865722656,390.8299865722656,390.6099853515625,390.6099853515625,1127.0
2024-03-01 10:41:00,ITCI,71.25,71.25,71.30999755859375,71.19999694824219,71.30999755859375,2572.0
2024-03-01 10:41:00,JAGX,0.0820000022649765,0.0820000022649765,0.0820000022649765,0.07930000126361847,0.08139999955892563,714619.0
2024-03-01 10:41:00,JANX,46.3650016784668,46.3650016784668,46.70000076293945,46.3650016784668,46.5099983215332,1072.0
2024-03-01 10:41:00,KALV,14.020000457763672,14.020000457763672,14.020000457763672,14.020000457763672,14.020000457763672,113.0
2024-03-01 10:41:00,KNSA,21.860000610351562,21.860000610351562,21.860000610351562,21.860000610351562,21.860000610351562,134.0
2024-03-01 10:41:00,KOD,6.090000152587891,6.090000152587891,6.09499979019165,6.090000152587891,6.09499979019165,216.0
2024-03-01 10:41:00,KPTI,1.184999942779541,1.184999942779541,1.184999942779541,1.1799999475479126,1.184999942779541,785.0
2024-03-01 10:41:00,KRYS,167.88999938964844,167.88999938964844,167.88999938964844,167.8000030517578,167.8000030517578,601.0
2024-03-01 10:41:00,KURA,21.25,21.25,21.309999465942383,21.25,21.290000915527344,5210.0
2024-03-01 10:41:00,KZIA,0.23250000178813934,0.23250000178813934,0.2337999939918518,0.23199999332427979,0.23199999332427979,2582.0
2024-03-01 10:41:00,KZR,1.1294000148773193,1.1294000148773193,1.1294000148773193,1.1200000047683716,1.1200000047683716,6100.0
2024-03-01 10:41:00,LAB,2.3499999046325684,2.3499999046325684,2.3499999046325684,2.3450000286102295,2.3450000286102295,482.0
2024-03-01 10:41:00,LBPH,21.815000534057617,21.815000534057617,21.815000534057617,21.815000534057617,21.815000534057617,853.0
2024-03-01 10:41:00,LEXX,2.5280001163482666,2.5280001163482666,2.569999933242798,2.5280001163482666,2.569999933242798,1781.0
2024-03-01 10:41:00,LFMD,7.949999809265137,7.949999809265137,7.949999809265137,7.921599864959717,7.921599864959717,4326.0
2024-03-01 10:41:00,LFST,7.981200218200684,7.981200218200684,7.989999771118164,7.981200218200684,7.989999771118164,1571.0
2024-03-01 10:41:00,LMAT,67.83999633789062,67.83999633789062,67.83999633789062,67.7802963256836,67.83999633789062,387.0
2024-03-01 10:41:00,LNSR,4.650000095367432,4.650000095367432,4.650000095367432,4.650000095367432,4.650000095367432,230.0
2024-03-01 10:41:00,LPTX,2.8399999141693115,2.8399999141693115,2.8399999141693115,2.8350000381469727,2.8399999141693115,347.0
2024-03-01 10:41:00,LQDA,14.4399995803833,14.4399995803833,14.4399995803833,14.4399995803833,14.4399995803833,197.0
2024-03-01 10:41:00,LRMR,11.010000228881836,11.010000228881836,11.010000228881836,11.010000228881836,11.010000228881836,206.0
2024-03-01 10:41:00,LUNG,9.119999885559082,9.119999885559082,9.119999885559082,9.104999542236328,9.104999542236328,977.0
2024-03-01 10:41:00,LVTX,3.025700092315674,3.025700092315674,3.0899999141693115,3.008500099182129,3.0899999141693115,449.0
2024-03-01 10:41:00,LXRX,2.4149999618530273,2.4149999618530273,2.4200000762939453,2.4100000858306885,2.4100000858306885,139.0
2024-03-01 10:41:00,LYEL,3.1298999786376953,3.1298999786376953,3.1298999786376953,3.1298999786376953,3.1298999786376953,710.0
2024-03-01 10:41:00,MASI,127.13999938964844,127.13999938964844,127.13999938964844,127.0999984741211,127.0999984741211,673.0
2024-03-01 10:41:00,MCRB,1.190000057220459,1.190000057220459,1.190000057220459,1.190000057220459,1.190000057220459,2000.0
2024-03-01 10:41:00,MDRX,5.75,5.75,5.940000057220459,5.75,5.75,5837.0
2024-03-01 10:41:00,MDXG,8.5,8.5,8.5,8.494999885559082,8.5,1126.0
2024-03-01 10:41:00,ME,0.5708000063896179,0.5708000063896179,0.5710999965667725,0.5698999762535095,0.5705000162124634,1864.0
2024-03-01 10:41:00,MEDP,400.5249938964844,400.5249938964844,400.5249938964844,400.5,400.5,778.0
2024-03-01 10:41:00,MESO,2.0199999809265137,2.0199999809265137,2.0199999809265137,2.0199999809265137,2.0199999809265137,200.0
2024-03-01 10:41:00,MGNX,18.950000762939453,18.950000762939453,18.950000762939453,18.90999984741211,18.90999984741211,1063.0
2024-03-01 10:41:00,MIRM,29.43000030517578,29.43000030517578,29.43000030517578,29.43000030517578,29.43000030517578,628.0
2024-03-01 10:41:00,MIST,1.6749999523162842,1.6749999523162842,1.6799999475479126,1.6749999523162842,1.6749999523162842,1525.0
2024-03-01 10:41:00,MLTX,52.29999923706055,52.29999923706055,52.349998474121094,52.25,52.310001373291016,4942.0
2024-03-01 10:41:00,MMSI,76.66500091552734,76.66500091552734,76.66500091552734,76.66000366210938,76.66000366210938,334.0
2024-03-01 10:41:00,MNKD,4.570000171661377,4.570000171661377,4.570000171661377,4.539999961853027,4.539999961853027,20140.0
2024-03-01 10:41:00,MNPR,0.7850000262260437,0.7850000262260437,0.785099983215332,0.7850000262260437,0.785099983215332,2300.0
2024-03-01 10:41:00,MODD,1.9199999570846558,1.9199999570846558,1.934999942779541,1.9199999570846558,1.9249999523162842,2102.0
2024-03-01 10:41:00,MODV,28.18000030517578,28.18000030517578,28.329999923706055,28.18000030517578,28.329999923706055,1168.0
2024-03-01 10:41:00,MOR,17.68000030517578,17.68000030517578,17.68000030517578,17.68000030517578,17.68000030517578,460.0
2024-03-01 10:41:00,MREO,3.8450000286102295,3.8450000286102295,3.8550000190734863,3.8450000286102295,3.8499999046325684,4608.0
2024-03-01 10:41:00,MRNA,94.9749984741211,94.9749984741211,95.12000274658203,94.8499984741211,94.97000122070312,27176.0
2024-03-01 10:41:00,MRNS,9.739999771118164,9.739999771118164,9.739999771118164,9.739999771118164,9.739999771118164,140.0
2024-03-01 10:41:00,MRSN,5.704999923706055,5.704999923706055,5.730000019073486,5.699999809265137,5.730000019073486,3942.0
2024-03-01 10:41:00,MRUS,49.81999969482422,49.81999969482422,49.81999969482422,49.81999969482422,49.81999969482422,314.0
2024-03-01 10:41:00,MYGN,21.31329917907715,21.31329917907715,21.31329917907715,21.31329917907715,21.31329917907715,810.0
2024-03-01 10:41:00,NARI,45.59000015258789,45.59000015258789,45.59000015258789,45.5525016784668,45.5525016784668,316.0
2024-03-01 10:41:00,NAUT,2.694999933242798,2.694999933242798,2.694999933242798,2.694999933242798,2.694999933242798,101.0
2024-03-01 10:41:00,NBIX,130.8975067138672,130.8975067138672,130.94000244140625,130.85000610351562,130.94000244140625,3038.0
2024-03-01 10:41:00,NEOG,17.1299991607666,17.1299991607666,17.1299991607666,17.125,17.125,567.0
2024-03-01 10:41:00,NKTR,0.7315000295639038,0.7315000295639038,0.7315000295639038,0.7315000295639038,0.7315000295639038,900.0
2024-03-01 10:41:00,NKTX,12.45989990234375,12.45989990234375,12.460000038146973,12.444999694824219,12.460000038146973,4205.0
2024-03-01 10:41:00,NNOX,10.920000076293945,10.920000076293945,10.947500228881836,10.899999618530273,10.920100212097168,18681.0
2024-03-01 10:41:00,NOTV,7.688499927520752,7.688499927520752,7.71999979019165,7.688499927520752,7.71999979019165,705.0
2024-03-01 10:41:00,NRC,40.599998474121094,40.599998474121094,40.599998474121094,40.599998474121094,40.599998474121094,102.0
2024-03-01 10:41:00,NRIX,13.21500015258789,13.21500015258789,13.229999542236328,13.21500015258789,13.229999542236328,701.0
2024-03-01 10:41:00,NRXP,0.4296000003814697,0.4296000003814697,0.4399999976158142,0.42010000348091125,0.42010000348091125,48691.0
2024-03-01 10:41:00,NTLA,33.44300079345703,33.44300079345703,33.5,33.439998626708984,33.5,1737.0
2024-03-01 10:41:00,NTRA,89.06999969482422,89.06999969482422,89.09500122070312,88.93000030517578,88.95999908447266,22768.0
2024-03-01 10:41:00,NUTX,0.11309999972581863,0.11309999972581863,0.11400000005960464,0.11309999972581863,0.11400000005960464,9603.0
2024-03-01 10:41:00,NUVL,87.76000213623047,87.76000213623047,87.76000213623047,87.76000213623047,87.76000213623047,209.0
2024-03-01 10:41:00,NUWE,0.5849000215530396,0.5849000215530396,0.5849000215530396,0.5849000215530396,0.5849000215530396,1609.0
2024-03-01 10:41:00,NVAX,5.119900226593018,5.119900226593018,5.119900226593018,5.105000019073486,5.105000019073486,15815.0
2024-03-01 10:41:00,NVCR,15.739999771118164,15.739999771118164,15.75,15.739999771118164,15.739999771118164,511.0
2024-03-01 10:41:00,NVNO,6.5,6.5,6.5,6.489999771118164,6.489999771118164,303.0
2024-03-01 10:41:00,NXTC,1.784999966621399,1.784999966621399,1.784999966621399,1.784999966621399,1.784999966621399,200.0
2024-03-01 10:41:00,OCGN,0.9225999712944031,0.9225999712944031,0.9258999824523926,0.9225000143051147,0.9225999712944031,666.0
2024-03-01 10:41:00,OCUL,10.319999694824219,10.319999694824219,10.335000038146973,10.3193998336792,10.3193998336792,7963.0
2024-03-01 10:41:00,OCUP,2.513700008392334,2.513700008392334,2.513700008392334,2.513700008392334,2.513700008392334,0.0
2024-03-01 10:41:00,OGI,2.059999942779541,2.059999942779541,2.059999942779541,2.059999942779541,2.059999942779541,168.0
2024-03-01 10:41:00,OLK,22.56999969482422,22.56999969482422,22.584999084472656,22.56999969482422,22.584999084472656,2062.0
2024-03-01 10:41:00,OLMA,12.65999984741211,12.65999984741211,12.65999984741211,12.65999984741211,12.65999984741211,200.0
2024-03-01 10:41:00,OM,3.059999942779541,3.059999942779541,3.059999942779541,3.059999942779541,3.059999942779541,214.0
2024-03-01 10:41:00,ONCT,9.550000190734863,9.550000190734863,9.550000190734863,9.550000190734863,9.550000190734863,130.0
2024-03-01 10:41:00,ONVO,1.0269999504089355,1.0269999504089355,1.0269999504089355,1.0269999504089355,1.0269999504089355,507.0
2024-03-01 10:42:00,ABCL,5.119999885559082,5.119999885559082,5.123000144958496,5.119999885559082,5.123000144958496,627.0
2024-03-01 10:42:00,ABSI,5.199999809265137,5.199999809265137,5.230000019073486,5.199999809265137,5.21999979019165,4095.0
2024-03-01 10:42:00,ACAD,24.020000457763672,24.020000457763672,24.029300689697266,24.014999389648438,24.020000457763672,1083.0
2024-03-01 10:42:00,ACB,3.0450000762939453,3.0450000762939453,3.0450000762939453,3.0350000858306885,3.0350000858306885,790.0
2024-03-01 10:42:00,ACET,2.3399999141693115,2.3399999141693115,2.3399999141693115,2.333199977874756,2.333199977874756,2374.0
2024-03-01 10:42:00,ACHC,83.58499908447266,83.58499908447266,83.58499908447266,83.58499908447266,83.58499908447266,200.0
2024-03-01 10:42:00,ACHL,1.3300000429153442,1.3300000429153442,1.3300000429153442,1.3300000429153442,1.3300000429153442,204.0
2024-03-01 10:42:00,ACLX,68.66500091552734,68.66500091552734,68.7300033569336,68.6500015258789,68.6500015258789,478.0
2024-03-01 10:42:00,ACON,0.3750999867916107,0.3750999867916107,0.3750999867916107,0.3750999867916107,0.3750999867916107,3503.0
2024-03-01 10:42:00,ACRS,1.2103999853134155,1.2103999853134155,1.2200000286102295,1.2103999853134155,1.2200000286102295,5570.0
2024-03-01 10:42:00,ADAP,1.5700000524520874,1.5700000524520874,1.5700000524520874,1.559999942779541,1.559999942779541,846.0
2024-03-01 10:42:00,ADIL,3.490000009536743,3.490000009536743,3.5,3.410099983215332,3.410099983215332,88382.0
2024-03-01 10:42:00,ADMA,5.355000019073486,5.355000019073486,5.355000019073486,5.349999904632568,5.355000019073486,759.0
2024-03-01 10:42:00,ADPT,4.170000076293945,4.170000076293945,4.170000076293945,4.170000076293945,4.170000076293945,228.0
2024-03-01 10:42:00,AGEN,0.6715999841690063,0.6715999841690063,0.6715999841690063,0.6700999736785889,0.6715999841690063,2700.0
2024-03-01 10:42:00,AGIO,32.755001068115234,32.755001068115234,32.755001068115234,32.72999954223633,32.72999954223633,705.0
2024-03-01 10:42:00,AHCO,10.619999885559082,10.619999885559082,10.630000114440918,10.619999885559082,10.619999885559082,988.0
2024-03-01 10:42:00,AIMD,0.9995999932289124,0.9995999932289124,0.9995999932289124,0.9995999932289124,0.9995999932289124,4000.0
2024-03-01 10:42:00,AKAN,0.2529999911785126,0.2529999911785126,0.2529999911785126,0.2529999911785126,0.2529999911785126,900.0
2024-03-01 10:42:00,AKBA,1.6299999952316284,1.6299999952316284,1.6349999904632568,1.6299999952316284,1.6299999952316284,600.0
2024-03-01 10:42:00,AKLI,0.34299999475479126,0.34299999475479126,0.34299999475479126,0.34299999475479126,0.34299999475479126,902.0
2024-03-01 10:42:00,AKRO,28.270000457763672,28.270000457763672,28.31999969482422,28.229999542236328,28.264999389648438,4140.0
2024-03-01 10:42:00,ALDX,4.139999866485596,4.139999866485596,4.159999847412109,4.139999866485596,4.150000095367432,1464.0
2024-03-01 10:42:00,ALEC,7.5,7.5,7.537600040435791,7.5,7.53000020980835,1896.0
2024-03-01 10:42:00,ALGN,299.6000061035156,299.6000061035156,299.6000061035156,299.6000061035156,299.6000061035156,431.0
2024-03-01 10:42:00,ALKS,30.15999984741211,30.15999984741211,30.15999984741211,30.149999618530273,30.149999618530273,917.0
2024-03-01 10:42:00,ALLO,4.96999979019165,4.96999979019165,4.96999979019165,4.96999979019165,4.96999979019165,1019.0
2024-03-01 10:42:00,ALNY,154.66000366210938,154.66000366210938,154.8249969482422,154.5399932861328,154.72000122070312,788.0
2024-03-01 10:42:00,ALPN,35.79079818725586,35.79079818725586,35.79079818725586,35.79079818725586,35.79079818725586,200.0
2024-03-01 10:42:00,ALT,12.15999984741211,12.15999984741211,12.170000076293945,12.128999710083008,12.128999710083008,10523.0
2024-03-01 10:42:00,ALVO,15.657500267028809,15.657500267028809,15.657500267028809,15.657500267028809,15.657500267028809,200.0
2024-03-01 10:42:00,AMED,93.37000274658203,93.37000274658203,93.37000274658203,93.30000305175781,93.30000305175781,1168.0
2024-03-01 10:42:00,AMGN,281.1199951171875,281.1199951171875,281.30999755859375,281.1000061035156,281.2099914550781,2066.0
2024-03-01 10:42:00,AMLX,18.81999969482422,18.81999969482422,18.860000610351562,18.81999969482422,18.821699142456055,2411.0
2024-03-01 10:42:00,AMPH,45.814998626708984,45.814998626708984,45.83000183105469,45.810001373291016,45.820098876953125,1319.0
2024-03-01 10:42:00,AMRN,1.0289000272750854,1.0289000272750854,1.0289000272750854,1.0289000272750854,1.0289000272750854,967.0
2024-03-01 10:42:00,ANIP,66.98600006103516,66.98600006103516,66.98600006103516,66.98600006103516,66.98600006103516,284.0
2024-03-01 10:42:00,ANIX,3.509999990463257,3.509999990463257,3.549999952316284,3.509999990463257,3.549999952316284,151.0
2024-03-01 10:42:00,ANNX,5.860000133514404,5.860000133514404,5.869999885559082,5.860000133514404,5.860000133514404,1179.0
2024-03-01 10:42:00,APLS,64.47000122070312,64.47000122070312,64.56999969482422,64.16500091552734,64.16500091552734,9579.0
2024-03-01 10:42:00,APLT,7.235000133514404,7.235000133514404,7.239999771118164,7.220099925994873,7.239999771118164,4720.0
2024-03-01 10:42:00,APTO,1.7999999523162842,1.7999999523162842,1.8200000524520874,1.7999999523162842,1.8200000524520874,754.0
2024-03-01 10:42:00,AQST,4.253699779510498,4.253699779510498,4.269999980926514,4.253699779510498,4.260000228881836,4851.0
2024-03-01 10:42:00,ARAY,2.625,2.625,2.625,2.625,2.625,535.0
2024-03-01 10:42:00,ARCT,39.834999084472656,39.834999084472656,39.88999938964844,39.834999084472656,39.88999938964844,541.0
2024-03-01 10:42:00,ARDX,9.539999961853027,9.539999961853027,9.5600004196167,9.539999961853027,9.555000305175781,6779.0
2024-03-01 10:42:00,ARGX,386.5799865722656,386.5799865722656,386.5799865722656,386.2900085449219,386.2900085449219,1115.0
2024-03-01 10:42:00,ARQT,11.100000381469727,11.100000381469727,11.149999618530273,11.079999923706055,11.100000381469727,9401.0
2024-03-01 10:42:00,ARVN,51.08000183105469,51.08000183105469,51.2400016784668,51.08000183105469,51.2400016784668,1668.0
2024-03-01 10:42:00,ARWR,35.06999969482422,35.06999969482422,35.06999969482422,35.06700134277344,35.06700134277344,457.0
2024-03-01 10:42:00,ASRT,0.9193000197410583,0.9193000197410583,0.9193000197410583,0.9193000197410583,0.9193000197410583,56.0
2024-03-01 10:42:00,ATEC,13.369999885559082,13.369999885559082,13.385000228881836,13.369999885559082,13.385000228881836,3643.0
2024-03-01 10:42:00,ATRA,0.8151000142097473,0.8151000142097473,0.8276000022888184,0.8147000074386597,0.8151999711990356,5806.0
2024-03-01 10:42:00,ATRC,35.71500015258789,35.71500015258789,35.71500015258789,35.71500015258789,35.71500015258789,255.0
2024-03-01 10:42:00,AUPH,5.789999961853027,5.789999961853027,5.789999961853027,5.789999961853027,5.789999961853027,1810.0
2024-03-01 10:42:00,AUTL,6.204999923706055,6.204999923706055,6.210000038146973,6.178899765014648,6.178899765014648,2474.0
2024-03-01 10:42:00,AVDL,12.65999984741211,12.65999984741211,12.670000076293945,12.649999618530273,12.649999618530273,15410.0
2024-03-01 10:42:00,AVIR,4.3231000900268555,4.3231000900268555,4.3231000900268555,4.3231000900268555,4.3231000900268555,1075.0
2024-03-01 10:42:00,AVTE,22.600000381469727,22.600000381469727,22.600000381469727,22.489999771118164,22.489999771118164,1468.0
2024-03-01 10:42:00,AVXL,5.304999828338623,5.304999828338623,5.304999828338623,5.300000190734863,5.300000190734863,976.0
2024-03-01 10:42:00,AXNX,67.44499969482422,67.44499969482422,67.4800033569336,67.44000244140625,67.44000244140625,6246.0
2024-03-01 10:42:00,AXSM,83.94000244140625,83.94000244140625,83.94000244140625,83.87000274658203,83.87000274658203,681.0
2024-03-01 10:42:00,AZN,64.62000274658203,64.62000274658203,64.625,64.62000274658203,64.62000274658203,6165.0
2024-03-01 10:42:00,AZTA,66.44999694824219,66.44999694824219,66.44999694824219,66.44999694824219,66.44999694824219,202.0
2024-03-01 10:42:00,BBIO,35.939998626708984,35.939998626708984,35.95500183105469,35.939998626708984,35.95500183105469,466.0
2024-03-01 10:42:00,BBLG,2.630500078201294,2.630500078201294,2.630500078201294,2.630500078201294,2.630500078201294,471.0
2024-03-01 10:42:00,BCAB,2.805000066757202,2.805000066757202,2.805000066757202,2.805000066757202,2.805000066757202,300.0
2024-03-01 10:42:00,BCDA,0.550000011920929,0.550000011920929,0.5501000285148621,0.550000011920929,0.5501000285148621,8511.0
2024-03-01 10:42:00,BCRX,5.78000020980835,5.78000020980835,5.800000190734863,5.78000020980835,5.800000190734863,14962.0
2024-03-01 10:42:00,BCTX,3.4800000190734863,3.4800000190734863,3.4800000190734863,3.4600000381469727,3.4600000381469727,205.0
2024-03-01 10:42:00,BDTX,5.079999923706055,5.079999923706055,5.079999923706055,5.079999923706055,5.079999923706055,162.0
2024-03-01 10:42:00,BEAM,40.4900016784668,40.4900016784668,40.61000061035156,40.4900016784668,40.560001373291016,2340.0
2024-03-01 10:42:00,BGXX,0.2648000121116638,0.2648000121116638,0.2648000121116638,0.2648000121116638,0.2648000121116638,120.0
2024-03-01 10:42:00,BIAF,2.389899969100952,2.389899969100952,2.389899969100952,2.389899969100952,2.389899969100952,200.0
2024-03-01 10:42:00,BIOL,0.13770000636577606,0.13770000636577606,0.13899999856948853,0.13770000636577606,0.13899999856948853,2960.0
2024-03-01 10:42:00,BIVI,2.4400999546051025,2.4400999546051025,2.4588000774383545,2.4200000762939453,2.450000047683716,81924.0
2024-03-01 10:42:00,BLFS,18.125,18.125,18.219999313354492,18.125,18.15999984741211,2083.0
2024-03-01 10:42:00,BLRX,1.399999976158142,1.399999976158142,1.399999976158142,1.399999976158142,1.399999976158142,4606.0
2024-03-01 10:42:00,BLUE,1.6150000095367432,1.6150000095367432,1.6200000047683716,1.6100000143051147,1.6128000020980835,28088.0
2024-03-01 10:42:00,BMRN,86.51000213623047,86.51000213623047,86.54499816894531,86.51000213623047,86.54499816894531,681.0
2024-03-01 10:42:00,BNGO,1.2549999952316284,1.2549999952316284,1.2549999952316284,1.2549999952316284,1.2549999952316284,402.0
2024-03-01 10:42:00,BNTX,91.62000274658203,91.62000274658203,91.69999694824219,91.62000274658203,91.69000244140625,3843.0
2024-03-01 10:42:00,BPMC,97.3499984741211,97.3499984741211,97.3499984741211,97.29499816894531,97.29499816894531,300.0
2024-03-01 10:42:00,BRKR,87.54000091552734,87.54000091552734,87.62000274658203,87.54000091552734,87.62000274658203,1257.0
2024-03-01 10:42:00,BTTX,0.1679999977350235,0.1679999977350235,0.1688999980688095,0.16769999265670776,0.16779999434947968,15244.0
2024-03-01 10:42:00,BYSI,1.4356000423431396,1.4356000423431396,1.4356000423431396,1.401900053024292,1.401900053024292,1748.0
2024-03-01 10:42:00,CABA,24.049999237060547,24.049999237060547,24.049999237060547,24.030000686645508,24.030000686645508,1335.0
2024-03-01 10:42:00,CAPR,4.590000152587891,4.590000152587891,4.590000152587891,4.590000152587891,4.590000152587891,706.0
2024-03-01 10:42:00,CARA,0.9057000279426575,0.9057000279426575,0.9057000279426575,0.9057000279426575,0.9057000279426575,231.0
2024-03-01 10:42:00,CBAY,32.224998474121094,32.224998474121094,32.22999954223633,32.224998474121094,32.22999954223633,997.0
2024-03-01 10:42:00,CCCC,11.020000457763672,11.020000457763672,11.024999618530273,11.0,11.0,3783.0
2024-03-01 10:42:00,CDMO,8.010000228881836,8.010000228881836,8.010000228881836,7.949999809265137,7.949999809265137,15596.0
2024-03-01 10:42:00,CDNA,12.050000190734863,12.050000190734863,12.069999694824219,12.050000190734863,12.069999694824219,1067.0
2024-03-01 10:42:00,CDXS,4.239999771118164,4.239999771118164,4.239999771118164,4.239999771118164,4.239999771118164,192.0
2024-03-01 10:42:00,CERE,41.19499969482422,41.19499969482422,41.19499969482422,41.19499969482422,41.19499969482422,301.0
2024-03-01 10:42:00,CERS,2.190000057220459,2.190000057220459,2.190000057220459,2.184999942779541,2.184999942779541,199.0
2024-03-01 10:42:00,CERT,17.94499969482422,17.94499969482422,17.94499969482422,17.94499969482422,17.94499969482422,175.0
2024-03-01 10:42:00,CGC,3.2200000286102295,3.2200000286102295,3.228800058364868,3.2200000286102295,3.2249999046325684,1930.0
2024-03-01 10:42:00,CGEM,18.790000915527344,18.790000915527344,18.790000915527344,18.790000915527344,18.790000915527344,201.0
2024-03-01 10:42:00,CGEN,2.6895999908447266,2.6895999908447266,2.6895999908447266,2.6895999908447266,2.6895999908447266,135.0
2024-03-01 10:42:00,CHRS,2.309999942779541,2.309999942779541,2.315000057220459,2.309999942779541,2.315000057220459,1141.0
2024-03-01 10:42:00,CING,1.3200000524520874,1.3200000524520874,1.3200000524520874,1.280400037765503,1.280400037765503,4792.0
2024-03-01 10:42:00,CJJD,2.76200008392334,2.76200008392334,2.76200008392334,2.76200008392334,2.76200008392334,286.0
2024-03-01 10:42:00,CKPT,2.1500000953674316,2.1500000953674316,2.1700000762939453,2.130000114440918,2.1698999404907227,4777.0
2024-03-01 10:42:00,CLDX,52.59000015258789,52.59000015258789,52.599998474121094,52.39500045776367,52.470001220703125,4356.0
2024-03-01 10:42:00,CLOV,0.862500011920929,0.862500011920929,0.8641999959945679,0.862500011920929,0.8641999959945679,0.0
2024-03-01 10:42:00,CLPT,6.4994001388549805,6.4994001388549805,6.4994001388549805,6.4994001388549805,6.4994001388549805,253.0
2024-03-01 10:42:00,CLRB,4.031300067901611,4.031300067901611,4.031300067901611,4.031300067901611,4.031300067901611,0.0
2024-03-01 10:42:00,CMPS,10.645000457763672,10.645000457763672,10.65999984741211,10.645000457763672,10.65999984741211,1432.0
2024-03-01 10:42:00,CNSP,0.3075000047683716,0.3075000047683716,0.3075000047683716,0.3075000047683716,0.3075000047683716,650.0
2024-03-01 10:42:00,COGT,7.244999885559082,7.244999885559082,7.25,7.239999771118164,7.25,1049.0
2024-03-01 10:42:00,COLL,37.16999816894531,37.16999816894531,37.16999816894531,37.16999816894531,37.16999816894531,710.0
2024-03-01 10:42:00,CORT,23.799999237060547,23.799999237060547,23.815000534057617,23.799999237060547,23.809999465942383,695.0
2024-03-01 10:42:00,CPRX,17.270999908447266,17.270999908447266,17.29990005493164,17.219999313354492,17.229999542236328,10943.0
2024-03-01 10:42:00,CPSI,9.385000228881836,9.385000228881836,9.399999618530273,9.364999771118164,9.399999618530273,480.0
2024-03-01 10:42:00,CRBP,31.290000915527344,31.290000915527344,31.299999237060547,31.290000915527344,31.299999237060547,296.0
2024-03-01 10:42:00,CRBU,8.074999809265137,8.074999809265137,8.074999809265137,8.074999809265137,8.074999809265137,481.0
2024-03-01 10:42:00,CRDF,2.5250000953674316,2.5250000953674316,2.5499000549316406,2.5199999809265137,2.5499000549316406,24989.0
2024-03-01 10:42:00,CRDL,1.9753999710083008,1.9753999710083008,1.9800000190734863,1.9500000476837158,1.9500000476837158,5266.0
2024-03-01 10:42:00,CRMD,3.674999952316284,3.674999952316284,3.674999952316284,3.674999952316284,3.674999952316284,1011.0
2024-03-01 10:42:00,CRNX,45.3849983215332,45.3849983215332,45.3849983215332,45.3849983215332,45.3849983215332,125.0
2024-03-01 10:42:00,CRSP,85.92250061035156,85.92250061035156,85.94950103759766,85.87999725341797,85.94950103759766,1710.0
2024-03-01 10:42:00,CSTL,20.023000717163086,20.023000717163086,20.030000686645508,19.979900360107422,19.979900360107422,1366.0
2024-03-01 10:42:00,CTKB,8.069999694824219,8.069999694824219,8.114999771118164,8.0649995803833,8.114999771118164,2389.0
2024-03-01 10:42:00,CTMX,2.4800000190734863,2.4800000190734863,2.490000009536743,2.4749999046325684,2.4800000190734863,2129.0
2024-03-01 10:42:00,CTSO,0.9495999813079834,0.9495999813079834,0.9495999813079834,0.9495999813079834,0.9495999813079834,220.0
2024-03-01 10:42:00,CVRX,19.65999984741211,19.65999984741211,19.65999984741211,19.65999984741211,19.65999984741211,549.0
2024-03-01 10:42:00,CYTK,74.58000183105469,74.58000183105469,74.58000183105469,74.57499694824219,74.57499694824219,306.0
2024-03-01 10:42:00,CYTO,2.240000009536743,2.240000009536743,2.3099000453948975,2.1800999641418457,2.3099000453948975,4218.0
2024-03-01 10:42:00,DAWN,16.920000076293945,16.920000076293945,16.920000076293945,16.920000076293945,16.920000076293945,276.0
2024-03-01 10:42:00,DCGO,4.125,4.125,4.125,4.125,4.125,1023.0
2024-03-01 10:42:00,DCPH,16.969999313354492,16.969999313354492,17.020000457763672,16.969999313354492,17.020000457763672,1069.0
2024-03-01 10:42:00,DERM,4.059800148010254,4.059800148010254,4.059800148010254,4.059800148010254,4.059800148010254,0.0
2024-03-01 10:42:00,DH,9.149999618530273,9.149999618530273,9.15999984741211,9.149999618530273,9.15999984741211,1042.0
2024-03-01 10:42:00,DMTK,0.8883000016212463,0.8883000016212463,0.8883000016212463,0.8876000046730042,0.8883000016212463,2335.0
2024-03-01 10:42:00,DNLI,20.700000762939453,20.700000762939453,20.712900161743164,20.65999984741211,20.65999984741211,879.0
2024-03-01 10:42:00,DTIL,12.59000015258789,12.59000015258789,12.59000015258789,12.50059986114502,12.505000114440918,1357.0
2024-03-01 10:42:00,DVAX,12.750300407409668,12.750300407409668,12.755000114440918,12.750300407409668,12.755000114440918,503.0
2024-03-01 10:42:00,DXCM,118.44000244140625,118.44000244140625,118.44000244140625,118.24500274658203,118.33999633789062,4489.0
2024-03-01 10:42:00,DYAI,1.3200000524520874,1.3200000524520874,1.3200000524520874,1.3200000524520874,1.3200000524520874,1667.0
2024-03-01 10:42:00,DYN,29.559999465942383,29.559999465942383,29.68000030517578,29.559999465942383,29.579999923706055,1288.0
2024-03-01 10:42:00,EDIT,10.845000267028809,10.845000267028809,10.875,10.845000267028809,10.869999885559082,2190.0
2024-03-01 10:42:00,EGRX,6.5,6.5,6.510000228881836,6.5,6.510000228881836,801.0
2024-03-01 10:42:00,EKSO,1.965399980545044,1.965399980545044,1.965399980545044,1.965399980545044,1.965399980545044,212.0
2024-03-01 10:42:00,ELEV,5.059999942779541,5.059999942779541,5.110000133514404,5.0,5.110000133514404,17004.0
2024-03-01 10:42:00,EMBC,14.404999732971191,14.404999732971191,14.404999732971191,14.404999732971191,14.404999732971191,319.0
2024-03-01 10:42:00,ENSG,124.06999969482422,124.06999969482422,124.30000305175781,124.06999969482422,124.30000305175781,1346.0
2024-03-01 10:42:00,ENTA,14.989999771118164,14.989999771118164,14.990099906921387,14.989999771118164,14.990099906921387,1276.0
2024-03-01 10:42:00,ENTX,1.26419997215271,1.26419997215271,1.26419997215271,1.26419997215271,1.26419997215271,6165.0
2024-03-01 10:42:00,ENVB,1.7002999782562256,1.7002999782562256,1.7200000286102295,1.7000000476837158,1.7100000381469727,11605.0
2024-03-01 10:42:00,EOLS,14.710000038146973,14.710000038146973,14.75,14.699999809265137,14.710000038146973,50544.0
2024-03-01 10:42:00,ERAS,2.4649999141693115,2.4649999141693115,2.4700000286102295,2.450000047683716,2.4700000286102295,5732.0
2024-03-01 10:42:00,ESPR,2.4800000190734863,2.4800000190734863,2.4800000190734863,2.4800000190734863,2.4800000190734863,2116.0
2024-03-01 10:42:00,ETNB,12.989999771118164,12.989999771118164,13.005000114440918,12.970000267028809,13.005000114440918,5474.0
2024-03-01 10:42:00,ETON,4.489999771118164,4.489999771118164,4.489999771118164,4.489999771118164,4.489999771118164,200.0
2024-03-01 10:42:00,EVAX,3.5999999046325684,3.5999999046325684,3.5999999046325684,3.5999999046325684,3.5999999046325684,1104.0
2024-03-01 10:42:00,EVO,7.440000057220459,7.440000057220459,7.440000057220459,7.440000057220459,7.440000057220459,0.0
2024-03-01 10:42:00,EWTX,16.875,16.875,16.920000076293945,16.875,16.920000076293945,830.0
2024-03-01 10:42:00,EXAS,59.72999954223633,59.72999954223633,59.92499923706055,59.720001220703125,59.92499923706055,1792.0
2024-03-01 10:42:00,EXEL,22.434999465942383,22.434999465942383,22.440000534057617,22.434999465942383,22.434999465942383,1522.0
2024-03-01 10:42:00,EYEN,2.197999954223633,2.197999954223633,2.197999954223633,2.190000057220459,2.190000057220459,3716.0
2024-03-01 10:42:00,FATE,7.554999828338623,7.554999828338623,7.581200122833252,7.545000076293945,7.545000076293945,1716.0
2024-03-01 10:42:00,FBIO,2.2400999069213867,2.2400999069213867,2.244999885559082,2.2300000190734863,2.2300000190734863,1705.0
2024-03-01 10:42:00,FDMT,29.21179962158203,29.21179962158203,29.344999313354492,29.209999084472656,29.280000686645508,1483.0
2024-03-01 10:42:00,FGEN,1.75,1.75,1.7599999904632568,1.7200000286102295,1.7200000286102295,3778.0
2024-03-01 10:42:00,FHTX,8.425000190734863,8.425000190734863,8.425000190734863,8.425000190734863,8.425000190734863,720.0
2024-03-01 10:42:00,FIXX,0.9399999976158142,0.9399999976158142,0.9399999976158142,0.9399999976158142,0.9399999976158142,102.0
2024-03-01 10:42:00,FLGT,23.079999923706055,23.079999923706055,23.079999923706055,23.079999923706055,23.079999923706055,750.0
2024-03-01 10:42:00,FOLD,13.510000228881836,13.510000228881836,13.520000457763672,13.489999771118164,13.489999771118164,2655.0
2024-03-01 10:42:00,FONR,22.40920066833496,22.40920066833496,22.40920066833496,22.40920066833496,22.40920066833496,275.0
2024-03-01 10:42:00,FULC,10.6899995803833,10.6899995803833,10.699999809265137,10.6899995803833,10.699999809265137,1217.0
2024-03-01 10:42:00,FUSN,12.039899826049805,12.039899826049805,12.039899826049805,12.020000457763672,12.020000457763672,1700.0
2024-03-01 10:42:00,GDRX,8.26990032196045,8.26990032196045,8.26990032196045,8.260000228881836,8.260499954223633,556.0
2024-03-01 10:42:00,GERN,2.115000009536743,2.115000009536743,2.119999885559082,2.113600015640259,2.115000009536743,2754.0
2024-03-01 10:42:00,GH,19.200000762939453,19.200000762939453,19.219999313354492,19.200000762939453,19.209999084472656,2060.0
2024-03-01 10:42:00,GILD,72.5199966430664,72.5199966430664,72.58999633789062,72.51499938964844,72.58000183105469,11883.0
2024-03-01 10:42:00,GLPG,35.15999984741211,35.15999984741211,35.15999984741211,35.15999984741211,35.15999984741211,387.0
2024-03-01 10:42:00,GLTO,0.7229999899864197,0.7229999899864197,0.7229999899864197,0.7229999899864197,0.7229999899864197,5774.0
2024-03-01 10:42:00,GMAB,29.100000381469727,29.100000381469727,29.110000610351562,29.100000381469727,29.110000610351562,1037.0
2024-03-01 10:42:00,GMDA,0.3774000108242035,0.3774000108242035,0.3774000108242035,0.3774000108242035,0.3774000108242035,295.0
2024-03-01 10:42:00,GOSS,1.3600000143051147,1.3600000143051147,1.3600000143051147,1.3600000143051147,1.3600000143051147,1806.0
2024-03-01 10:42:00,GRFS,6.940100193023682,6.940100193023682,6.945000171661377,6.940100193023682,6.945000171661377,671.0
2024-03-01 10:42:00,GRTS,2.1649999618530273,2.1649999618530273,2.1649999618530273,2.141700029373169,2.1449999809265137,5932.0
2024-03-01 10:42:00,GRTX,0.23199999332427979,0.23199999332427979,0.2321999967098236,0.23199999332427979,0.2321999967098236,1054.0
2024-03-01 10:42:00,GTHX,3.4700000286102295,3.4700000286102295,3.4700000286102295,3.4700000286102295,3.4700000286102295,200.0
2024-03-01 10:42:00,HALO,41.150001525878906,41.150001525878906,41.150001525878906,41.150001525878906,41.150001525878906,620.0
2024-03-01 10:42:00,HARP,22.940000534057617,22.940000534057617,22.950000762939453,22.940000534057617,22.950000762939453,6403.0
2024-03-01 10:42:00,HBIO,4.329999923706055,4.329999923706055,4.329999923706055,4.329999923706055,4.329999923706055,151.0
2024-03-01 10:42:00,HCAT,7.960000038146973,7.960000038146973,7.960000038146973,7.960000038146973,7.960000038146973,918.0
2024-03-01 10:42:00,HCSG,12.704999923706055,12.704999923706055,12.704999923706055,12.702500343322754,12.704999923706055,416.0
2024-03-01 10:42:00,HCTI,2.390000104904175,2.390000104904175,2.390000104904175,2.390000104904175,2.390000104904175,272.0
2024-03-01 10:42:00,HEPA,3.1500000953674316,3.1500000953674316,3.1500000953674316,3.1500000953674316,3.1500000953674316,410.0
2024-03-01 10:42:00,HOLX,73.91999816894531,73.91999816894531,73.93000030517578,73.91999816894531,73.93000030517578,851.0
2024-03-01 10:42:00,HROW,10.770000457763672,10.770000457763672,10.770000457763672,10.770000457763672,10.770000457763672,265.0
2024-03-01 10:42:00,HRTX,2.659899950027466,2.659899950027466,2.659899950027466,2.6512999534606934,2.6512999534606934,310.0
2024-03-01 10:42:00,HSIC,77.46499633789062,77.46499633789062,77.46499633789062,77.37000274658203,77.41999816894531,1205.0
2024-03-01 10:42:00,HUMA,3.125,3.125,3.130000114440918,3.125,3.125,11891.0
2024-03-01 10:42:00,IART,36.900001525878906,36.900001525878906,36.900001525878906,36.900001525878906,36.900001525878906,522.0
2024-03-01 10:42:00,IBRX,4.815000057220459,4.815000057220459,4.824999809265137,4.815000057220459,4.824999809265137,4356.0
2024-03-01 10:42:00,ICLR,322.5450134277344,322.5450134277344,322.69000244140625,322.510009765625,322.6099853515625,1941.0
2024-03-01 10:42:00,ICUI,106.75,106.75,106.75,106.56500244140625,106.62999725341797,1234.0
2024-03-01 10:42:00,IDXX,575.239990234375,575.239990234375,575.239990234375,575.239990234375,575.239990234375,195.0
2024-03-01 10:42:00,IGMS,13.743000030517578,13.743000030517578,13.743000030517578,13.743000030517578,13.743000030517578,311.0
2024-03-01 10:42:00,ILMN,140.5749969482422,140.5749969482422,140.5749969482422,140.5,140.5,2045.0
2024-03-01 10:42:00,IMAB,1.8424999713897705,1.8424999713897705,1.850100040435791,1.8424999713897705,1.850000023841858,1961.0
2024-03-01 10:42:00,IMMP,2.2962000370025635,2.2962000370025635,2.2962000370025635,2.2962000370025635,2.2962000370025635,105.0
2024-03-01 10:42:00,IMMX,3.559999942779541,3.559999942779541,3.5799999237060547,3.559999942779541,3.5799999237060547,2350.0
2024-03-01 10:42:00,IMNN,1.0002000331878662,1.0002000331878662,1.0018999576568604,1.0,1.0018999576568604,2560.0
2024-03-01 10:42:00,IMTX,12.970000267028809,12.970000267028809,12.970000267028809,12.970000267028809,12.970000267028809,400.0
2024-03-01 10:42:00,IMUX,1.5199999809265137,1.5199999809265137,1.5199999809265137,1.5199999809265137,1.5199999809265137,313.0
2024-03-01 10:42:00,IMVT,36.380001068115234,36.380001068115234,36.380001068115234,36.380001068115234,36.380001068115234,200.0
2024-03-01 10:42:00,INBX,36.90999984741211,36.90999984741211,36.90999984741211,36.90999984741211,36.90999984741211,318.0
2024-03-01 10:42:00,INCY,59.06999969482422,59.06999969482422,59.099998474121094,59.06999969482422,59.09000015258789,938.0
2024-03-01 10:42:00,INGN,6.699999809265137,6.699999809265137,6.699999809265137,6.690000057220459,6.690000057220459,793.0
2024-03-01 10:42:00,INMD,22.860000610351562,22.860000610351562,22.864999771118164,22.829999923706055,22.829999923706055,2117.0
2024-03-01 10:42:00,INO,8.880000114440918,8.880000114440918,8.880000114440918,8.829999923706055,8.850000381469727,1385.0
2024-03-01 10:42:00,INSM,28.354999542236328,28.354999542236328,28.360000610351562,28.280000686645508,28.280000686645508,1473.0
2024-03-01 10:42:00,INVA,15.425000190734863,15.425000190734863,15.425000190734863,15.425000190734863,15.425000190734863,200.0
2024-03-01 10:42:00,INZY,6.510000228881836,6.510000228881836,6.510000228881836,6.510000228881836,6.510000228881836,224.0
2024-03-01 10:42:00,IOVA,16.4950008392334,16.4950008392334,16.537099838256836,16.485000610351562,16.485000610351562,8735.0
2024-03-01 10:42:00,IRWD,8.96500015258789,8.96500015258789,8.967499732971191,8.954999923706055,8.960000038146973,3400.0
2024-03-01 10:42:00,ISRG,390.7850036621094,390.7850036621094,391.0,390.70001220703125,390.92999267578125,9495.0
2024-03-01 10:42:00,IXHL,5.281000137329102,5.281000137329102,5.281000137329102,5.28000020980835,5.28000020980835,490.0
2024-03-01 10:42:00,JAGX,0.08259999752044678,0.08259999752044678,0.08299999684095383,0.08110000193119049,0.08250000327825546,553835.0
2024-03-01 10:42:00,JANX,46.500099182128906,46.500099182128906,46.51499938964844,46.5,46.5,1090.0
2024-03-01 10:42:00,JAZZ,119.67500305175781,119.67500305175781,119.67500305175781,119.5999984741211,119.5999984741211,289.0
2024-03-01 10:42:00,KALV,14.005000114440918,14.005000114440918,14.005000114440918,14.005000114440918,14.005000114440918,206.0
2024-03-01 10:42:00,KNSA,21.924999237060547,21.924999237060547,21.93000030517578,21.899999618530273,21.90999984741211,1929.0
2024-03-01 10:42:00,KOD,6.090099811553955,6.090099811553955,6.090099811553955,6.090099811553955,6.090099811553955,135.0
2024-03-01 10:42:00,KPRX,0.6851000189781189,0.6851000189781189,0.6851000189781189,0.664900004863739,0.6650000214576721,1169.0
2024-03-01 10:42:00,KPTI,1.184999942779541,1.184999942779541,1.1899000406265259,1.184999942779541,1.1899000406265259,6135.0
2024-03-01 10:42:00,KROS,69.01000213623047,69.01000213623047,69.01000213623047,69.01000213623047,69.01000213623047,289.0
2024-03-01 10:42:00,KRYS,167.94500732421875,167.94500732421875,167.94500732421875,167.94500732421875,167.94500732421875,280.0
2024-03-01 10:42:00,KTRA,0.10109999775886536,0.10109999775886536,0.10109999775886536,0.10100000351667404,0.10100000351667404,100000.0
2024-03-01 10:42:00,KZIA,0.23389999568462372,0.23389999568462372,0.23389999568462372,0.2337999939918518,0.2337999939918518,859.0
2024-03-01 10:42:00,KZR,1.125,1.125,1.125,1.125,1.125,0.0
2024-03-01 10:42:00,LAB,2.3499999046325684,2.3499999046325684,2.3499999046325684,2.3420000076293945,2.3420000076293945,1436.0
2024-03-01 10:42:00,LEGN,65.72000122070312,65.72000122070312,65.77999877929688,65.72000122070312,65.77999877929688,623.0
2024-03-01 10:42:00,LFMD,7.949999809265137,7.949999809265137,7.949999809265137,7.949999809265137,7.949999809265137,248.0
2024-03-01 10:42:00,LFST,7.989999771118164,7.989999771118164,7.989999771118164,7.985000133514404,7.985000133514404,961.0
2024-03-01 10:42:00,LIVN,54.84000015258789,54.84000015258789,54.84000015258789,54.81999969482422,54.84000015258789,1470.0
2024-03-01 10:42:00,LMAT,67.55000305175781,67.55000305175781,68.12989807128906,67.55000305175781,67.83999633789062,907.0
2024-03-01 10:42:00,LQDA,14.449999809265137,14.449999809265137,14.449999809265137,14.4399995803833,14.4399995803833,241.0
2024-03-01 10:42:00,LTRN,4.625,4.625,4.625,4.625,4.625,1000.0
2024-03-01 10:42:00,LUNG,9.140000343322754,9.140000343322754,9.140000343322754,9.140000343322754,9.140000343322754,200.0
2024-03-01 10:42:00,LVTX,3.0450000762939453,3.0450000762939453,3.0450000762939453,3.0450000762939453,3.0450000762939453,2000.0
2024-03-01 10:42:00,LXRX,2.4149999618530273,2.4149999618530273,2.4149999618530273,2.4128000736236572,2.4128000736236572,5287.0
2024-03-01 10:42:00,LYEL,3.125,3.125,3.130000114440918,3.125,3.130000114440918,1162.0
2024-03-01 10:42:00,LYRA,5.5,5.5,5.5,5.5,5.5,238.0
2024-03-01 10:42:00,MBOT,1.2999999523162842,1.2999999523162842,1.2999999523162842,1.2899999618530273,1.2899999618530273,282.0
2024-03-01 10:42:00,MCRB,1.190000057220459,1.190000057220459,1.190000057220459,1.184999942779541,1.184999942779541,504.0
2024-03-01 10:42:00,MDRX,5.940000057220459,5.940000057220459,5.940000057220459,5.730000019073486,5.940000057220459,34668.0
2024-03-01 10:42:00,MDXG,8.494999885559082,8.494999885559082,8.494999885559082,8.494999885559082,8.494999885559082,200.0
2024-03-01 10:42:00,ME,0.5712000131607056,0.5712000131607056,0.5759999752044678,0.570900022983551,0.5712000131607056,34059.0
2024-03-01 10:42:00,MEDP,400.5,400.5,400.5,400.4200134277344,400.4200134277344,297.0
2024-03-01 10:42:00,MGNX,18.989999771118164,18.989999771118164,18.989999771118164,18.90999984741211,18.942800521850586,4592.0
2024-03-01 10:42:00,MIST,1.6749999523162842,1.6749999523162842,1.6749999523162842,1.6749999523162842,1.6749999523162842,1335.0
2024-03-01 10:42:00,MLTX,52.06999969482422,52.06999969482422,52.290000915527344,52.02000045776367,52.28499984741211,3391.0
2024-03-01 10:42:00,MNKD,4.558300018310547,4.558300018310547,4.574999809265137,4.554999828338623,4.574999809265137,7297.0
2024-03-01 10:42:00,MNMD,5.839700222015381,5.839700222015381,5.846099853515625,5.835000038146973,5.845300197601318,3494.0
2024-03-01 10:42:00,MNPR,0.7799999713897705,0.7799999713897705,0.7800999879837036,0.7799999713897705,0.7800999879837036,600.0
2024-03-01 10:42:00,MODD,1.909999966621399,1.909999966621399,1.909999966621399,1.909999966621399,1.909999966621399,50.0
2024-03-01 10:42:00,MOR,17.68000030517578,17.68000030517578,17.68000030517578,17.68000030517578,17.68000030517578,255.0
2024-03-01 10:42:00,MORF,38.099998474121094,38.099998474121094,38.099998474121094,38.099998474121094,38.099998474121094,392.0
2024-03-01 10:42:00,MREO,3.855799913406372,3.855799913406372,3.8589999675750732,3.8450000286102295,3.8450000286102295,6771.0
2024-03-01 10:42:00,MRNA,94.76000213623047,94.76000213623047,95.10479736328125,94.76000213623047,94.99500274658203,18894.0
2024-03-01 10:42:00,MRSN,5.77400016784668,5.77400016784668,5.77400016784668,5.704999923706055,5.704999923706055,5731.0
2024-03-01 10:42:00,MRUS,49.96500015258789,49.96500015258789,49.96500015258789,49.85499954223633,49.85499954223633,618.0
2024-03-01 10:42:00,MRVI,7.769999980926514,7.769999980926514,7.775000095367432,7.769999980926514,7.769999980926514,1475.0
2024-03-01 10:42:00,MTEM,3.800100088119507,3.800100088119507,3.800100088119507,3.800100088119507,3.800100088119507,200.0
2024-03-01 10:42:00,MXCT,4.78000020980835,4.78000020980835,4.78000020980835,4.78000020980835,4.78000020980835,700.0
2024-03-01 10:42:00,MYGN,21.315000534057617,21.315000534057617,21.329999923706055,21.309999465942383,21.329999923706055,1265.0
2024-03-01 10:42:00,NARI,45.40999984741211,45.40999984741211,45.540000915527344,45.40999984741211,45.540000915527344,2774.0
2024-03-01 10:42:00,NAUT,2.6700000762939453,2.6700000762939453,2.6700000762939453,2.6700000762939453,2.6700000762939453,147.0
2024-03-01 10:42:00,NBIX,130.88999938964844,130.88999938964844,130.9499969482422,130.88999938964844,130.9199981689453,1015.0
2024-03-01 10:42:00,NDRA,1.125,1.125,1.125,1.125,1.125,141.0
2024-03-01 10:42:00,NEO,16.030000686645508,16.030000686645508,16.030000686645508,16.030000686645508,16.030000686645508,401.0
2024-03-01 10:42:00,NEOG,17.139999389648438,17.139999389648438,17.139999389648438,17.139999389648438,17.139999389648438,288.0
2024-03-01 10:42:00,NERV,2.4542999267578125,2.4542999267578125,2.559999942779541,2.4542999267578125,2.559999942779541,12862.0
2024-03-01 10:42:00,NEXI,6.53000020980835,6.53000020980835,6.53000020980835,6.53000020980835,6.53000020980835,1121.0
2024-03-01 10:42:00,NGM,1.534999966621399,1.534999966621399,1.5393999814987183,1.534999966621399,1.5393999814987183,524.0
2024-03-01 10:42:00,NKTX,12.470000267028809,12.470000267028809,12.470000267028809,12.43970012664795,12.4399995803833,3791.0
2024-03-01 10:42:00,NNOX,10.920100212097168,10.920100212097168,10.936800003051758,10.920000076293945,10.936800003051758,1992.0
2024-03-01 10:42:00,NOTV,7.760000228881836,7.760000228881836,7.760000228881836,7.730000019073486,7.730000019073486,841.0
2024-03-01 10:42:00,NRIX,13.239999771118164,13.239999771118164,13.239999771118164,13.239999771118164,13.239999771118164,398.0
2024-03-01 10:42:00,NRSN,2.049999952316284,2.049999952316284,2.049999952316284,2.0399999618530273,2.0399999618530273,302.0
2024-03-01 10:42:00,NTLA,33.35499954223633,33.35499954223633,33.459999084472656,33.35499954223633,33.459999084472656,4067.0
2024-03-01 10:42:00,NTRA,89.04000091552734,89.04000091552734,89.11000061035156,89.04000091552734,89.05999755859375,2952.0
2024-03-01 10:42:00,NUTX,0.11309999972581863,0.11309999972581863,0.11479999870061874,0.11309999972581863,0.11479999870061874,5204.0
2024-03-01 10:42:00,NVAX,5.138800144195557,5.138800144195557,5.139999866485596,5.110000133514404,5.114999771118164,44685.0
2024-03-01 10:42:00,OCGN,0.9293000102043152,0.9293000102043152,0.9293000102043152,0.9225000143051147,0.9258999824523926,2581.0
2024-03-01 10:42:00,OCUL,10.359999656677246,10.359999656677246,10.359999656677246,10.329999923706055,10.329999923706055,8882.0
2024-03-01 10:42:00,OLK,22.59000015258789,22.59000015258789,22.59000015258789,22.579999923706055,22.579999923706055,1437.0
2024-03-01 10:42:00,OLMA,12.694999694824219,12.694999694824219,12.694999694824219,12.65999984741211,12.65999984741211,228.0
2024-03-01 10:42:00,OM,3.059999942779541,3.059999942779541,3.059999942779541,3.059999942779541,3.059999942779541,425.0
2024-03-01 10:42:00,OMER,4.71999979019165,4.71999979019165,4.71999979019165,4.71999979019165,4.71999979019165,446.0
2024-03-01 10:42:00,ONCT,9.600000381469727,9.600000381469727,9.600000381469727,9.600000381469727,9.600000381469727,3209.0
2024-03-01 10:43:00,ABCL,5.1209001541137695,5.1209001541137695,5.1209001541137695,5.1209001541137695,5.1209001541137695,282.0
2024-03-01 10:43:00,ABSI,5.199999809265137,5.199999809265137,5.208000183105469,5.199999809265137,5.208000183105469,1103.0
2024-03-01 10:43:00,ABUS,2.7685999870300293,2.7685999870300293,2.7685999870300293,2.7685999870300293,2.7685999870300293,2112.0
2024-03-01 10:43:00,ACAD,24.030000686645508,24.030000686645508,24.030000686645508,24.0,24.010000228881836,1498.0
2024-03-01 10:43:00,ACB,3.0350000858306885,3.0350000858306885,3.0399999618530273,3.0350000858306885,3.0399999618530273,424.0
2024-03-01 10:43:00,ACET,2.3450000286102295,2.3450000286102295,2.3450000286102295,2.3450000286102295,2.3450000286102295,217.0
2024-03-01 10:43:00,ACHC,83.58499908447266,83.58499908447266,83.65170288085938,83.58499908447266,83.65170288085938,608.0
2024-03-01 10:43:00,ACRS,1.2200000286102295,1.2200000286102295,1.2200000286102295,1.2200000286102295,1.2200000286102295,500.0
2024-03-01 10:43:00,ADIL,3.4523000717163086,3.4523000717163086,3.5,3.4000000953674316,3.470099925994873,134288.0
2024-03-01 10:43:00,ADMA,5.355000019073486,5.355000019073486,5.360000133514404,5.349999904632568,5.360000133514404,4810.0
2024-03-01 10:43:00,ADPT,4.170000076293945,4.170000076293945,4.170000076293945,4.170000076293945,4.170000076293945,817.0
2024-03-01 10:43:00,ADVM,1.9199999570846558,1.9199999570846558,1.9249999523162842,1.9199999570846558,1.9249999523162842,763.0
2024-03-01 10:43:00,AGEN,0.6715999841690063,0.6715999841690063,0.6715999841690063,0.6700999736785889,0.6708999872207642,4100.0
2024-03-01 10:43:00,AGIO,32.72999954223633,32.72999954223633,32.7400016784668,32.72999954223633,32.7400016784668,341.0
2024-03-01 10:43:00,AIRS,6.559999942779541,6.559999942779541,6.559999942779541,6.559999942779541,6.559999942779541,170.0
2024-03-01 10:43:00,AKAN,0.25209999084472656,0.25209999084472656,0.2529999911785126,0.25209999084472656,0.2529999911785126,0.0
2024-03-01 10:43:00,AKBA,1.6349999904632568,1.6349999904632568,1.6349999904632568,1.6299999952316284,1.6299999952316284,2712.0
2024-03-01 10:43:00,AKRO,28.270000457763672,28.270000457763672,28.270000457763672,28.270000457763672,28.270000457763672,714.0
2024-03-01 10:43:00,AKYA,5.900000095367432,5.900000095367432,5.900000095367432,5.900000095367432,5.900000095367432,204.0
2024-03-01 10:43:00,ALDX,4.135000228881836,4.135000228881836,4.135000228881836,4.135000228881836,4.135000228881836,107.0
2024-03-01 10:43:00,ALEC,7.5,7.5,7.5,7.5,7.5,1061.0
2024-03-01 10:43:00,ALGN,299.80999755859375,299.80999755859375,299.80999755859375,299.6600036621094,299.6600036621094,890.0
2024-03-01 10:43:00,ALHC,5.75,5.75,5.75,5.718900203704834,5.75,6605.0
2024-03-01 10:43:00,ALKS,30.163799285888672,30.163799285888672,30.165000915527344,30.149999618530273,30.155000686645508,2045.0
2024-03-01 10:43:00,ALLO,4.965000152587891,4.965000152587891,4.965000152587891,4.965000152587891,4.965000152587891,283.0
2024-03-01 10:43:00,ALNY,154.7635040283203,154.7635040283203,154.7635040283203,154.6199951171875,154.69000244140625,603.0
2024-03-01 10:43:00,ALPN,35.83000183105469,35.83000183105469,35.83000183105469,35.790000915527344,35.790000915527344,290.0
2024-03-01 10:43:00,ALT,12.15999984741211,12.15999984741211,12.170000076293945,12.149999618530273,12.149999618530273,3745.0
2024-03-01 10:43:00,AMGN,280.9200134277344,280.9200134277344,281.1099853515625,280.9200134277344,281.1050109863281,3299.0
2024-03-01 10:43:00,AMPH,45.939998626708984,45.939998626708984,45.939998626708984,45.79499816894531,45.79499816894531,1555.0
2024-03-01 10:43:00,AMRN,1.0199999809265137,1.0199999809265137,1.0299999713897705,1.0199999809265137,1.0299999713897705,1516.0
2024-03-01 10:43:00,ANGO,5.425000190734863,5.425000190734863,5.425000190734863,5.425000190734863,5.425000190734863,270.0
2024-03-01 10:43:00,ANNX,5.869999885559082,5.869999885559082,5.869999885559082,5.860000133514404,5.860000133514404,805.0
2024-03-01 10:43:00,ANTX,2.9899001121520996,2.9899001121520996,2.9899001121520996,2.9899001121520996,2.9899001121520996,2590.0
2024-03-01 10:43:00,APLS,64.1500015258789,64.1500015258789,64.66000366210938,64.12000274658203,64.56999969482422,7840.0
2024-03-01 10:43:00,APLT,7.130000114440918,7.130000114440918,7.230000019073486,7.099999904632568,7.230000019073486,11438.0
2024-03-01 10:43:00,APTO,1.809999942779541,1.809999942779541,1.809999942779541,1.809999942779541,1.809999942779541,501.0
2024-03-01 10:43:00,APYX,2.119999885559082,2.119999885559082,2.1214001178741455,2.119999885559082,2.1214001178741455,748.0
2024-03-01 10:43:00,AQST,4.264999866485596,4.264999866485596,4.28000020980835,4.253399848937988,4.253399848937988,13295.0
2024-03-01 10:43:00,ARAY,2.6229000091552734,2.6229000091552734,2.6229000091552734,2.6229000091552734,2.6229000091552734,53.0
2024-03-01 10:43:00,ARDX,9.550000190734863,9.550000190734863,9.550000190734863,9.539999961853027,9.545000076293945,1475.0
2024-03-01 10:43:00,ARGX,386.6000061035156,386.6000061035156,386.6000061035156,386.6000061035156,386.6000061035156,499.0
2024-03-01 10:43:00,ARQT,11.119999885559082,11.119999885559082,11.119999885559082,11.079999923706055,11.079999923706055,10868.0
2024-03-01 10:43:00,ARVN,51.04999923706055,51.04999923706055,51.060001373291016,51.04999923706055,51.060001373291016,804.0
2024-03-01 10:43:00,ARWR,35.066001892089844,35.066001892089844,35.09000015258789,35.060001373291016,35.08000183105469,937.0
2024-03-01 10:43:00,ASND,149.25999450683594,149.25999450683594,149.27200317382812,149.10000610351562,149.11000061035156,707.0
2024-03-01 10:43:00,ATEC,13.380000114440918,13.380000114440918,13.380000114440918,13.359999656677246,13.36989974975586,10014.0
2024-03-01 10:43:00,ATOS,0.9988999962806702,0.9988999962806702,0.9988999962806702,0.9988999962806702,0.9988999962806702,0.0
2024-03-01 10:43:00,ATRA,0.817300021648407,0.817300021648407,0.817300021648407,0.8145999908447266,0.8145999908447266,927.0
2024-03-01 10:43:00,ATRC,35.77000045776367,35.77000045776367,35.77000045776367,35.77000045776367,35.77000045776367,101.0
2024-03-01 10:43:00,ATXS,15.244999885559082,15.244999885559082,15.244999885559082,15.244999885559082,15.244999885559082,149.0
2024-03-01 10:43:00,AUPH,5.804999828338623,5.804999828338623,5.804999828338623,5.800000190734863,5.800000190734863,5076.0
2024-03-01 10:43:00,AVDL,12.630000114440918,12.630000114440918,12.654999732971191,12.625,12.654999732971191,6750.0
2024-03-01 10:43:00,AVTE,22.299999237060547,22.299999237060547,22.649999618530273,22.299999237060547,22.649999618530273,826.0
2024-03-01 10:43:00,AVXL,5.300000190734863,5.300000190734863,5.304999828338623,5.300000190734863,5.304999828338623,341.0
2024-03-01 10:43:00,AXNX,67.51000213623047,67.51000213623047,67.51000213623047,67.47699737548828,67.47699737548828,1022.0
2024-03-01 10:43:00,AXSM,83.98999786376953,83.98999786376953,83.98999786376953,83.74009704589844,83.74009704589844,865.0
2024-03-01 10:43:00,AZN,64.55999755859375,64.55999755859375,64.61000061035156,64.55999755859375,64.61000061035156,7220.0
2024-03-01 10:43:00,AZTA,66.41500091552734,66.41500091552734,66.48999786376953,66.41500091552734,66.43000030517578,1395.0
2024-03-01 10:43:00,BBIO,36.02000045776367,36.02000045776367,36.02000045776367,35.974998474121094,35.977500915527344,910.0
2024-03-01 10:43:00,BBLG,2.6359000205993652,2.6359000205993652,2.6359000205993652,2.630000114440918,2.630000114440918,440.0
2024-03-01 10:43:00,BCAB,2.8190999031066895,2.8190999031066895,2.8190999031066895,2.809999942779541,2.809999942779541,317.0
2024-03-01 10:43:00,BCRX,5.780300140380859,5.780300140380859,5.789599895477295,5.764999866485596,5.769999980926514,9944.0
2024-03-01 10:43:00,BEAM,40.470001220703125,40.470001220703125,40.51499938964844,40.470001220703125,40.4900016784668,701.0
2024-03-01 10:43:00,BGXX,0.26019999384880066,0.26019999384880066,0.26019999384880066,0.26019999384880066,0.26019999384880066,373.0
2024-03-01 10:43:00,BIIB,219.6175994873047,219.6175994873047,219.6175994873047,219.38999938964844,219.38999938964844,1099.0
2024-03-01 10:43:00,BIVI,2.440000057220459,2.440000057220459,2.450000047683716,2.4200000762939453,2.4410998821258545,48986.0
2024-03-01 10:43:00,BLFS,18.1200008392334,18.1200008392334,18.1200008392334,18.1200008392334,18.1200008392334,200.0
2024-03-01 10:43:00,BLUE,1.6299999952316284,1.6299999952316284,1.6299999952316284,1.6100000143051147,1.6150000095367432,13905.0
2024-03-01 10:43:00,BMEA,17.780000686645508,17.780000686645508,17.780000686645508,17.75,17.75,559.0
2024-03-01 10:43:00,BMRN,86.51000213623047,86.51000213623047,86.51000213623047,86.48999786376953,86.51000213623047,1696.0
2024-03-01 10:43:00,BNTX,91.5199966430664,91.5199966430664,91.6500015258789,91.5199966430664,91.6500015258789,1343.0
2024-03-01 10:43:00,BPMC,97.26000213623047,97.26000213623047,97.53389739990234,97.26000213623047,97.53389739990234,1165.0
2024-03-01 10:43:00,BRKR,87.45500183105469,87.45500183105469,87.45500183105469,87.45500183105469,87.45500183105469,505.0
2024-03-01 10:43:00,BRTX,1.4996999502182007,1.4996999502182007,1.4996999502182007,1.4996999502182007,1.4996999502182007,1332.0
2024-03-01 10:43:00,BTTX,0.16769999265670776,0.16769999265670776,0.1687999963760376,0.16769999265670776,0.1679999977350235,9375.0
2024-03-01 10:43:00,BVS,4.684999942779541,4.684999942779541,4.684999942779541,4.684999942779541,4.684999942779541,200.0
2024-03-01 10:43:00,CABA,24.045000076293945,24.045000076293945,24.045000076293945,24.045000076293945,24.045000076293945,208.0
2024-03-01 10:43:00,CADL,1.8200000524520874,1.8200000524520874,1.8200000524520874,1.8200000524520874,1.8200000524520874,200.0
2024-03-01 10:43:00,CARA,0.9199000000953674,0.9199000000953674,0.9199000000953674,0.9172000288963318,0.9172000288963318,671.0
2024-03-01 10:43:00,CBAY,32.22999954223633,32.22999954223633,32.22999954223633,32.224998474121094,32.22999954223633,1850.0
2024-03-01 10:43:00,CCCC,10.975000381469727,10.975000381469727,11.029999732971191,10.970000267028809,11.029999732971191,6157.0
2024-03-01 10:43:00,CCRN,18.030000686645508,18.030000686645508,18.030000686645508,18.030000686645508,18.030000686645508,202.0
2024-03-01 10:43:00,CDMO,8.029999732971191,8.029999732971191,8.029999732971191,8.010000228881836,8.010000228881836,1318.0
2024-03-01 10:43:00,CDNA,12.029999732971191,12.029999732971191,12.039999961853027,12.029999732971191,12.039999961853027,479.0
2024-03-01 10:43:00,CDXS,4.260000228881836,4.260000228881836,4.260000228881836,4.215000152587891,4.215000152587891,2036.0
2024-03-01 10:43:00,CELU,3.700000047683716,3.700000047683716,3.700000047683716,3.700000047683716,3.700000047683716,359.0
2024-03-01 10:43:00,CERE,41.20000076293945,41.20000076293945,41.20000076293945,41.192501068115234,41.192501068115234,300.0
2024-03-01 10:43:00,CERS,2.184999942779541,2.184999942779541,2.184999942779541,2.184999942779541,2.184999942779541,154.0
2024-03-01 10:43:00,CERT,17.854999542236328,17.854999542236328,17.950000762939453,17.84000015258789,17.950000762939453,2260.0
2024-03-01 10:43:00,CGC,3.219899892807007,3.219899892807007,3.219899892807007,3.219899892807007,3.219899892807007,199.0
2024-03-01 10:43:00,CGEM,18.860000610351562,18.860000610351562,18.860000610351562,18.860000610351562,18.860000610351562,185.0
2024-03-01 10:43:00,CHRS,2.315000057220459,2.315000057220459,2.315000057220459,2.309999942779541,2.309999942779541,971.0
2024-03-01 10:43:00,CING,1.3200000524520874,1.3200000524520874,1.350000023841858,1.3200000524520874,1.350000023841858,2439.0
2024-03-01 10:43:00,CKPT,2.1600000858306885,2.1600000858306885,2.1600000858306885,2.1600000858306885,2.1600000858306885,1300.0
2024-03-01 10:43:00,CLDX,52.709999084472656,52.709999084472656,52.7400016784668,52.59000015258789,52.59000015258789,9896.0
2024-03-01 10:43:00,CLNN,0.39500001072883606,0.39500001072883606,0.39500001072883606,0.39500001072883606,0.39500001072883606,1806.0
2024-03-01 10:43:00,CLOV,0.8623999953269958,0.8623999953269958,0.8626000285148621,0.8619999885559082,0.8619999885559082,17795.0
2024-03-01 10:43:00,CNSP,0.3149999976158142,0.3149999976158142,0.3149999976158142,0.3098999857902527,0.3098999857902527,10575.0
2024-03-01 10:43:00,CNTA,10.84000015258789,10.84000015258789,10.84000015258789,10.84000015258789,10.84000015258789,286.0
2024-03-01 10:43:00,COGT,7.239999771118164,7.239999771118164,7.239999771118164,7.239999771118164,7.239999771118164,415.0
2024-03-01 10:43:00,COLL,37.20000076293945,37.20000076293945,37.20000076293945,37.20000076293945,37.20000076293945,368.0
2024-03-01 10:43:00,CORT,23.809999465942383,23.809999465942383,23.809999465942383,23.809999465942383,23.809999465942383,238.0
2024-03-01 10:43:00,CPRX,17.2810001373291,17.2810001373291,17.2810001373291,17.270000457763672,17.274999618530273,3057.0
2024-03-01 10:43:00,CPSI,9.385000228881836,9.385000228881836,9.407899856567383,9.385000228881836,9.407899856567383,2100.0
2024-03-01 10:43:00,CRBU,8.050000190734863,8.050000190734863,8.0600004196167,8.050000190734863,8.0600004196167,471.0
2024-03-01 10:43:00,CRDF,2.5209999084472656,2.5209999084472656,2.529900074005127,2.509999990463257,2.5199999809265137,23458.0
2024-03-01 10:43:00,CRNX,45.3849983215332,45.3849983215332,45.3849983215332,45.3849983215332,45.3849983215332,150.0
2024-03-01 10:43:00,CRSP,85.90010070800781,85.90010070800781,85.92410278320312,85.90010070800781,85.91999816894531,598.0
2024-03-01 10:43:00,CSTL,19.990100860595703,19.990100860595703,19.990100860595703,19.990100860595703,19.990100860595703,407.0
2024-03-01 10:43:00,CTKB,8.085000038146973,8.085000038146973,8.085000038146973,8.055000305175781,8.055000305175781,1360.0
2024-03-01 10:43:00,CTMX,2.4765000343322754,2.4765000343322754,2.4800000190734863,2.4765000343322754,2.4800000190734863,2623.0
2024-03-01 10:43:00,CTXR,0.7894999980926514,0.7894999980926514,0.7896000146865845,0.7802000045776367,0.7802000045776367,3687.0
2024-03-01 10:43:00,CYTH,1.6434999704360962,1.6434999704360962,1.6434999704360962,1.6434999704360962,1.6434999704360962,349.0
2024-03-01 10:43:00,CYTK,74.83000183105469,74.83000183105469,74.83000183105469,74.57499694824219,74.57499694824219,2059.0
2024-03-01 10:43:00,CYTO,2.118499994277954,2.118499994277954,2.200500011444092,2.109999895095825,2.200500011444092,14308.0
2024-03-01 10:43:00,DAWN,16.940000534057617,16.940000534057617,16.940000534057617,16.940000534057617,16.940000534057617,278.0
2024-03-01 10:43:00,DH,9.09000015258789,9.09000015258789,9.149999618530273,9.09000015258789,9.149999618530273,2096.0
2024-03-01 10:43:00,DMTK,0.8600000143051147,0.8600000143051147,0.8883000016212463,0.8600000143051147,0.8883000016212463,639.0
2024-03-01 10:43:00,DNLI,20.65999984741211,20.65999984741211,20.684999465942383,20.65999984741211,20.684999465942383,799.0
2024-03-01 10:43:00,DRMA,0.4507000148296356,0.4507000148296356,0.4507000148296356,0.4507000148296356,0.4507000148296356,100.0
2024-03-01 10:43:00,DTIL,12.520000457763672,12.520000457763672,12.598099708557129,12.520000457763672,12.59000015258789,752.0
2024-03-01 10:43:00,DVAX,12.755000114440918,12.755000114440918,12.760000228881836,12.753499984741211,12.760000228881836,529.0
2024-03-01 10:43:00,DXCM,118.48500061035156,118.48500061035156,118.52999877929688,118.4000015258789,118.4000015258789,11584.0
2024-03-01 10:43:00,DYN,29.510000228881836,29.510000228881836,29.549999237060547,29.5049991607666,29.549999237060547,5640.0
2024-03-01 10:43:00,EDIT,10.850000381469727,10.850000381469727,10.850000381469727,10.84000015258789,10.845000267028809,2313.0
2024-03-01 10:43:00,EFTR,14.609999656677246,14.609999656677246,14.649999618530273,14.609999656677246,14.609999656677246,1723.0
2024-03-01 10:43:00,EGRX,6.474999904632568,6.474999904632568,6.489999771118164,6.46999979019165,6.489999771118164,1606.0
2024-03-01 10:43:00,ELEV,5.059999942779541,5.059999942779541,5.059999942779541,5.0,5.0,1101.0
2024-03-01 10:43:00,ENLV,3.2600998878479004,3.2600998878479004,3.2630999088287354,3.2600998878479004,3.2604000568389893,3005.0
2024-03-01 10:43:00,ENTA,15.029999732971191,15.029999732971191,15.029999732971191,15.0,15.0,487.0
2024-03-01 10:43:00,ENVB,1.7050000429153442,1.7050000429153442,1.7100000381469727,1.7000000476837158,1.7100000381469727,355.0
2024-03-01 10:43:00,EOLS,14.680000305175781,14.680000305175781,14.720000267028809,14.670000076293945,14.720000267028809,1096.0
2024-03-01 10:43:00,EPIX,9.609999656677246,9.609999656677246,9.609999656677246,9.609999656677246,9.609999656677246,632.0
2024-03-01 10:43:00,ERAS,2.484999895095825,2.484999895095825,2.484999895095825,2.4749999046325684,2.4749999046325684,3221.0
2024-03-01 10:43:00,ESPR,2.484999895095825,2.484999895095825,2.484999895095825,2.4816999435424805,2.4816999435424805,1404.0
2024-03-01 10:43:00,ETNB,12.949999809265137,12.949999809265137,12.954999923706055,12.920000076293945,12.954999923706055,3817.0
2024-03-01 10:43:00,EWTX,16.90999984741211,16.90999984741211,16.920000076293945,16.90999984741211,16.920000076293945,1464.0
2024-03-01 10:43:00,EXAS,59.70500183105469,59.70500183105469,59.72999954223633,59.70500183105469,59.72999954223633,538.0
2024-03-01 10:43:00,EXEL,22.440000534057617,22.440000534057617,22.44499969482422,22.440000534057617,22.440000534057617,2545.0
2024-03-01 10:43:00,EYEN,2.1991000175476074,2.1991000175476074,2.1991000175476074,2.1991000175476074,2.1991000175476074,0.0
2024-03-01 10:43:00,EYPT,28.43000030517578,28.43000030517578,28.457500457763672,28.43000030517578,28.457500457763672,837.0
2024-03-01 10:43:00,FATE,7.545000076293945,7.545000076293945,7.559999942779541,7.541299819946289,7.554999828338623,2521.0
2024-03-01 10:43:00,FBIO,2.2404000759124756,2.2404000759124756,2.2404000759124756,2.2404000759124756,2.2404000759124756,404.0
2024-03-01 10:43:00,FDMT,29.25,29.25,29.30500030517578,29.209999084472656,29.209999084472656,1302.0
2024-03-01 10:43:00,FEMY,1.7400000095367432,1.7400000095367432,1.7400000095367432,1.7400000095367432,1.7400000095367432,710.0
2024-03-01 10:43:00,FGEN,1.7549999952316284,1.7549999952316284,1.7599999904632568,1.7549999952316284,1.7599999904632568,1500.0
2024-03-01 10:43:00,FIXX,0.920199990272522,0.920199990272522,0.920199990272522,0.920199990272522,0.920199990272522,17996.0
2024-03-01 10:43:00,FLGT,23.100000381469727,23.100000381469727,23.100000381469727,23.100000381469727,23.100000381469727,200.0
2024-03-01 10:43:00,FOLD,13.5,13.5,13.505000114440918,13.5,13.505000114440918,682.0
2024-03-01 10:43:00,FULC,10.6899995803833,10.6899995803833,10.6899995803833,10.680000305175781,10.680000305175781,330.0
2024-03-01 10:43:00,FUSN,12.050000190734863,12.050000190734863,12.050000190734863,12.015000343322754,12.015000343322754,1757.0
2024-03-01 10:43:00,GBIO,2.4800000190734863,2.4800000190734863,2.4800000190734863,2.4800000190734863,2.4800000190734863,400.0
2024-03-01 10:43:00,GCTK,0.2996000051498413,0.2996000051498413,0.2996000051498413,0.2996000051498413,0.2996000051498413,204.0
2024-03-01 10:43:00,GDRX,8.295000076293945,8.295000076293945,8.295000076293945,8.26099967956543,8.265000343322754,4286.0
2024-03-01 10:43:00,GERN,2.115000009536743,2.115000009536743,2.119999885559082,2.110100030899048,2.115000009536743,5077.0
2024-03-01 10:43:00,GHSI,8.100000381469727,8.100000381469727,8.100000381469727,8.100000381469727,8.100000381469727,2122.0
2024-03-01 10:43:00,GILD,72.48500061035156,72.48500061035156,72.5199966430664,72.4800033569336,72.51000213623047,2356.0
2024-03-01 10:43:00,GLPG,35.185001373291016,35.185001373291016,35.185001373291016,35.185001373291016,35.185001373291016,400.0
2024-03-01 10:43:00,GLTO,0.7404999732971191,0.7404999732971191,0.7404999732971191,0.7351999878883362,0.7351999878883362,300.0
2024-03-01 10:43:00,GMAB,29.09000015258789,29.09000015258789,29.110000610351562,29.09000015258789,29.110000610351562,645.0
2024-03-01 10:43:00,GMDA,0.37720000743865967,0.37720000743865967,0.37720000743865967,0.37720000743865967,0.37720000743865967,107.0
2024-03-01 10:43:00,GOSS,1.3600000143051147,1.3600000143051147,1.3600000143051147,1.3600000143051147,1.3600000143051147,342.0
2024-03-01 10:43:00,GRFS,6.954999923706055,6.954999923706055,6.965000152587891,6.949999809265137,6.949999809265137,4390.0
2024-03-01 10:43:00,GRTS,2.1649999618530273,2.1649999618530273,2.1649999618530273,2.1649999618530273,2.1649999618530273,2895.0
2024-03-01 10:43:00,GTHX,3.4549999237060547,3.4549999237060547,3.4600000381469727,3.4549999237060547,3.4600000381469727,441.0
2024-03-01 10:43:00,HALO,41.08000183105469,41.08000183105469,41.154998779296875,41.06999969482422,41.154998779296875,1580.0
2024-03-01 10:43:00,HARP,22.93000030517578,22.93000030517578,22.950000762939453,22.93000030517578,22.940000534057617,41915.0
2024-03-01 10:43:00,HCSG,12.704999923706055,12.704999923706055,12.704999923706055,12.704999923706055,12.704999923706055,729.0
2024-03-01 10:43:00,HCTI,2.362600088119507,2.362600088119507,2.390000104904175,2.3541998863220215,2.390000104904175,1378.0
2024-03-01 10:43:00,HOLX,73.88999938964844,73.88999938964844,73.91000366210938,73.88999938964844,73.91000366210938,885.0
2024-03-01 10:43:00,HRMY,31.3700008392334,31.3700008392334,31.459999084472656,31.334999084472656,31.459999084472656,556.0
2024-03-01 10:43:00,HRTX,2.6600000858306885,2.6600000858306885,2.6600000858306885,2.6500000953674316,2.6500000953674316,407.0
2024-03-01 10:43:00,HSIC,77.42500305175781,77.42500305175781,77.47000122070312,77.42500305175781,77.47000122070312,475.0
2024-03-01 10:43:00,HUMA,3.130000114440918,3.130000114440918,3.130000114440918,3.125,3.125,3593.0
2024-03-01 10:43:00,IART,36.904998779296875,36.904998779296875,36.93000030517578,36.904998779296875,36.91999816894531,1518.0
2024-03-01 10:43:00,IBRX,4.820000171661377,4.820000171661377,4.820000171661377,4.810100078582764,4.814700126647949,2501.0
2024-03-01 10:43:00,ICCM,1.3200000524520874,1.3200000524520874,1.3200000524520874,1.3200000524520874,1.3200000524520874,108.0
2024-03-01 10:43:00,ICLR,322.2300109863281,322.2300109863281,322.6499938964844,322.2300109863281,322.6499938964844,4515.0
2024-03-01 10:43:00,ICUI,106.79000091552734,106.79000091552734,106.79000091552734,106.75,106.75,341.0
2024-03-01 10:43:00,IDXX,575.6820068359375,575.6820068359375,575.6820068359375,575.2750244140625,575.2750244140625,801.0
2024-03-01 10:43:00,IDYA,45.900001525878906,45.900001525878906,45.900001525878906,45.849998474121094,45.849998474121094,663.0
2024-03-01 10:43:00,IFRX,1.840000033378601,1.840000033378601,1.840000033378601,1.840000033378601,1.840000033378601,201.0
2024-03-01 10:43:00,ILMN,140.4499969482422,140.4499969482422,140.60000610351562,140.4499969482422,140.60000610351562,496.0
2024-03-01 10:43:00,IMAB,1.850000023841858,1.850000023841858,1.850000023841858,1.850000023841858,1.850000023841858,705.0
2024-03-01 10:43:00,IMMP,2.2899999618530273,2.2899999618530273,2.305000066757202,2.2899999618530273,2.29010009765625,3401.0
2024-03-01 10:43:00,IMMX,3.5199999809265137,3.5199999809265137,3.5199999809265137,3.5199999809265137,3.5199999809265137,800.0
2024-03-01 10:43:00,IMTX,12.989999771118164,12.989999771118164,12.989999771118164,12.989999771118164,12.989999771118164,0.0
2024-03-01 10:43:00,IMUX,1.5149999856948853,1.5149999856948853,1.5219999551773071,1.5099999904632568,1.5219999551773071,12869.0
2024-03-01 10:43:00,IMVT,36.39500045776367,36.39500045776367,36.39500045776367,36.39500045776367,36.39500045776367,300.0
2024-03-01 10:43:00,INBX,36.90999984741211,36.90999984741211,36.90999984741211,36.880001068115234,36.88999938964844,1400.0
2024-03-01 10:43:00,INCY,59.189998626708984,59.189998626708984,59.19499969482422,59.11000061035156,59.11000061035156,3423.0
2024-03-01 10:43:00,INGN,6.760000228881836,6.760000228881836,6.760000228881836,6.71999979019165,6.71999979019165,1456.0
2024-03-01 10:43:00,INMD,22.864999771118164,22.864999771118164,22.866600036621094,22.864099502563477,22.866600036621094,1117.0
2024-03-01 10:43:00,INO,8.84000015258789,8.84000015258789,8.84000015258789,8.84000015258789,8.84000015258789,222.0
2024-03-01 10:43:00,INSM,28.309999465942383,28.309999465942383,28.3700008392334,28.309999465942383,28.36989974975586,2795.0
2024-03-01 10:43:00,INVA,15.460000038146973,15.460000038146973,15.460000038146973,15.40999984741211,15.414999961853027,1631.0
2024-03-01 10:43:00,IONS,45.83000183105469,45.83000183105469,45.84000015258789,45.79999923706055,45.79999923706055,1905.0
2024-03-01 10:43:00,IOVA,16.489999771118164,16.489999771118164,16.499099731445312,16.450000762939453,16.4950008392334,11893.0
2024-03-01 10:43:00,IRWD,8.96500015258789,8.96500015258789,8.967499732971191,8.96500015258789,8.967499732971191,409.0
2024-03-01 10:43:00,ISRG,390.68499755859375,390.68499755859375,390.7850036621094,390.68499755859375,390.7850036621094,2023.0
2024-03-01 10:43:00,ITCI,71.25,71.25,71.33999633789062,71.24250030517578,71.25,2763.0
2024-03-01 10:43:00,ITOS,10.739999771118164,10.739999771118164,10.739999771118164,10.739999771118164,10.739999771118164,129.0
2024-03-01 10:43:00,JAGX,0.08489999920129776,0.08489999920129776,0.08579999953508377,0.08250000327825546,0.08299999684095383,1330032.0
2024-03-01 10:43:00,JAZZ,119.67500305175781,119.67500305175781,119.67500305175781,119.67500305175781,119.67500305175781,770.0
2024-03-01 10:43:00,JYNT,9.949999809265137,9.949999809265137,9.949999809265137,9.949999809265137,9.949999809265137,1250.0
2024-03-01 10:43:00,KALA,7.244999885559082,7.244999885559082,7.279900074005127,7.244999885559082,7.279900074005127,2675.0
2024-03-01 10:43:00,KNSA,21.899999618530273,21.899999618530273,21.899999618530273,21.875,21.899999618530273,1770.0
2024-03-01 10:43:00,KNTE,2.6050000190734863,2.6050000190734863,2.6050000190734863,2.6050000190734863,2.6050000190734863,200.0
2024-03-01 10:43:00,KOD,6.079899787902832,6.079899787902832,6.079899787902832,6.079899787902832,6.079899787902832,210.0
2024-03-01 10:43:00,KPTI,1.1950000524520874,1.1950000524520874,1.2000000476837158,1.184999942779541,1.190000057220459,32041.0
2024-03-01 10:43:00,KRBP,2.3499999046325684,2.3499999046325684,2.3499999046325684,2.3499999046325684,2.3499999046325684,550.0
2024-03-01 10:43:00,KRON,1.0399999618530273,1.0399999618530273,1.0449999570846558,1.0399999618530273,1.0399999618530273,2227.0
2024-03-01 10:43:00,KROS,69.2249984741211,69.2249984741211,69.2249984741211,69.12000274658203,69.18000030517578,1388.0
2024-03-01 10:43:00,KRTX,316.19000244140625,316.19000244140625,316.19000244140625,316.19000244140625,316.19000244140625,221.0
2024-03-01 10:43:00,KRYS,168.11000061035156,168.11000061035156,168.11000061035156,168.11000061035156,168.11000061035156,174.0
2024-03-01 10:43:00,KTRA,0.10249999910593033,0.10249999910593033,0.10249999910593033,0.10159999877214432,0.1023000031709671,49100.0
2024-03-01 10:43:00,KYMR,44.40399932861328,44.40399932861328,44.40399932861328,44.40399932861328,44.40399932861328,209.0
2024-03-01 10:43:00,KZR,1.1200000047683716,1.1200000047683716,1.1200000047683716,1.1200000047683716,1.1200000047683716,200.0
2024-03-01 10:43:00,LAB,2.3450000286102295,2.3450000286102295,2.3450000286102295,2.3450000286102295,2.3450000286102295,118.0
2024-03-01 10:43:00,LBPH,21.950000762939453,21.950000762939453,22.020000457763672,21.950000762939453,21.950000762939453,1566.0
2024-03-01 10:43:00,LEXX,2.5350000858306885,2.5350000858306885,2.5350000858306885,2.5350000858306885,2.5350000858306885,400.0
2024-03-01 10:43:00,LIFE,1.9200999736785889,1.9200999736785889,1.9200999736785889,1.9200999736785889,1.9200999736785889,3500.0
2024-03-01 10:43:00,LMAT,67.8499984741211,67.8499984741211,67.8499984741211,67.8499984741211,67.8499984741211,219.0
2024-03-01 10:43:00,LNTH,65.40499877929688,65.40499877929688,65.40499877929688,65.40499877929688,65.40499877929688,193.0
2024-03-01 10:43:00,LQDA,14.4399995803833,14.4399995803833,14.4399995803833,14.4399995803833,14.4399995803833,131.0
2024-03-01 10:43:00,LRMR,11.010100364685059,11.010100364685059,11.010100364685059,11.010100364685059,11.010100364685059,120.0
2024-03-01 10:43:00,LTRN,4.630000114440918,4.630000114440918,4.630000114440918,4.630000114440918,4.630000114440918,0.0
2024-03-01 10:43:00,LUNG,9.170000076293945,9.170000076293945,9.170000076293945,9.140000343322754,9.140000343322754,809.0
2024-03-01 10:43:00,LVTX,3.027600049972534,3.027600049972534,3.027600049972534,3.027600049972534,3.027600049972534,0.0
2024-03-01 10:43:00,LXRX,2.4149999618530273,2.4149999618530273,2.4195001125335693,2.4102001190185547,2.4102001190185547,7668.0
2024-03-01 10:43:00,LYEL,3.125,3.125,3.125,3.125,3.125,200.0
2024-03-01 10:43:00,MASI,127.08999633789062,127.08999633789062,127.08999633789062,127.01000213623047,127.01000213623047,971.0
2024-03-01 10:43:00,MBOT,1.2994999885559082,1.2994999885559082,1.2994999885559082,1.2994999885559082,1.2994999885559082,630.0
2024-03-01 10:43:00,MCRB,1.1800999641418457,1.1800999641418457,1.1800999641418457,1.1800999641418457,1.1800999641418457,1086.0
2024-03-01 10:43:00,MDGL,242.39999389648438,242.39999389648438,242.50999450683594,242.0050048828125,242.50999450683594,1768.0
2024-03-01 10:43:00,MDRX,5.769999980926514,5.769999980926514,5.940000057220459,5.75,5.75,3062.0
2024-03-01 10:43:00,MDXG,8.494999885559082,8.494999885559082,8.505000114440918,8.494999885559082,8.5,4675.0
2024-03-01 10:43:00,ME,0.5716000199317932,0.5716000199317932,0.5716000199317932,0.571399986743927,0.571399986743927,958.0
2024-03-01 10:43:00,MESO,2.0201001167297363,2.0201001167297363,2.0201001167297363,2.0201001167297363,2.0201001167297363,500.0
2024-03-01 10:43:00,MGNX,19.100000381469727,19.100000381469727,19.100000381469727,19.015499114990234,19.020000457763672,4864.0
2024-03-01 10:43:00,MGTX,6.210000038146973,6.210000038146973,6.210000038146973,6.210000038146973,6.210000038146973,120.0
2024-03-01 10:43:00,MIRM,29.459999084472656,29.459999084472656,29.459999084472656,29.459999084472656,29.459999084472656,131.0
2024-03-01 10:43:00,MLTX,52.12990188598633,52.12990188598633,52.12990188598633,52.064998626708984,52.09000015258789,3615.0
2024-03-01 10:43:00,MNKD,4.570099830627441,4.570099830627441,4.570099830627441,4.55109977722168,4.559999942779541,6653.0
2024-03-01 10:43:00,MODD,1.909999966621399,1.909999966621399,1.909999966621399,1.909999966621399,1.909999966621399,500.0
2024-03-01 10:43:00,MOR,17.68000030517578,17.68000030517578,17.68000030517578,17.68000030517578,17.68000030517578,108.0
2024-03-01 10:43:00,MORF,38.11000061035156,38.11000061035156,38.11000061035156,38.11000061035156,38.11000061035156,152.0
2024-03-01 10:43:00,MREO,3.8550000190734863,3.8550000190734863,3.8550000190734863,3.8550000190734863,3.8550000190734863,200.0
2024-03-01 10:43:00,MRNA,94.69499969482422,94.69499969482422,94.76000213623047,94.56999969482422,94.76000213623047,15093.0
2024-03-01 10:43:00,MRNS,9.739999771118164,9.739999771118164,9.739999771118164,9.739999771118164,9.739999771118164,311.0
2024-03-01 10:43:00,MRSN,5.789999961853027,5.789999961853027,5.789999961853027,5.739999771118164,5.764999866485596,6385.0
2024-03-01 10:43:00,MRUS,49.834999084472656,49.834999084472656,49.834999084472656,49.834999084472656,49.834999084472656,301.0
2024-03-01 10:43:00,MRVI,7.764999866485596,7.764999866485596,7.769999980926514,7.764999866485596,7.769999980926514,719.0
2024-03-01 10:43:00,MYGN,21.290000915527344,21.290000915527344,21.30500030517578,21.290000915527344,21.30500030517578,570.0
2024-03-01 10:43:00,NARI,45.38999938964844,45.38999938964844,45.4900016784668,45.38999938964844,45.46500015258789,966.0
2024-03-01 10:43:00,NAUT,2.630000114440918,2.630000114440918,2.694999933242798,2.630000114440918,2.6700000762939453,1580.0
2024-03-01 10:43:00,NBIX,130.9250030517578,130.9250030517578,130.92750549316406,130.88999938964844,130.92750549316406,345.0
2024-03-01 10:43:00,NEO,16.020000457763672,16.020000457763672,16.020000457763672,16.020000457763672,16.020000457763672,186.0
2024-03-01 10:43:00,NEOG,17.1299991607666,17.1299991607666,17.145000457763672,17.1299991607666,17.145000457763672,701.0
2024-03-01 10:43:00,NGM,1.534999966621399,1.534999966621399,1.534999966621399,1.534999966621399,1.534999966621399,146.0
2024-03-01 10:43:00,NKTR,0.7328000068664551,0.7328000068664551,0.7328000068664551,0.7328000068664551,0.7328000068664551,1370.0
2024-03-01 10:43:00,NKTX,12.4399995803833,12.4399995803833,12.4399995803833,12.4399995803833,12.4399995803833,0.0
2024-03-01 10:43:00,NNOX,10.954999923706055,10.954999923706055,10.960000038146973,10.92490005493164,10.929900169372559,2743.0
2024-03-01 10:43:00,NOTV,7.791600227355957,7.791600227355957,7.791600227355957,7.749899864196777,7.769999980926514,4309.0
2024-03-01 10:43:00,NRBO,5.690000057220459,5.690000057220459,5.699999809265137,5.690000057220459,5.699999809265137,986.0
2024-03-01 10:43:00,NRSN,2.01990008354187,2.01990008354187,2.0362000465393066,2.01990008354187,2.0362000465393066,2768.0
2024-03-01 10:43:00,NRXP,0.4399999976158142,0.4399999976158142,0.4399999976158142,0.4390999972820282,0.4390999972820282,6817.0
2024-03-01 10:43:00,NTLA,33.400001525878906,33.400001525878906,33.400001525878906,33.34000015258789,33.364601135253906,1621.0
2024-03-01 10:43:00,NTRA,88.93000030517578,88.93000030517578,89.0199966430664,88.93000030517578,89.00969696044922,2287.0
2024-03-01 10:43:00,NUTX,0.11469999700784683,0.11469999700784683,0.11469999700784683,0.11309999972581863,0.11309999972581863,2993.0
2024-03-01 10:43:00,NUVL,87.8499984741211,87.8499984741211,87.8499984741211,87.8499984741211,87.8499984741211,432.0
2024-03-01 10:43:00,NVAX,5.147299766540527,5.147299766540527,5.153299808502197,5.130000114440918,5.135000228881836,38016.0
2024-03-01 10:43:00,NVCR,15.739999771118164,15.739999771118164,15.739999771118164,15.739999771118164,15.739999771118164,206.0
2024-03-01 10:43:00,NXTC,1.784999966621399,1.784999966621399,1.784999966621399,1.784999966621399,1.784999966621399,3450.0
2024-03-01 10:43:00,OCGN,0.9225999712944031,0.9225999712944031,0.9258999824523926,0.9225000143051147,0.9225000143051147,10467.0
2024-03-01 10:43:00,OCUL,10.375,10.375,10.385000228881836,10.345000267028809,10.345000267028809,11597.0
2024-03-01 10:43:00,OLK,22.59000015258789,22.59000015258789,22.59000015258789,22.59000015258789,22.59000015258789,482.0
2024-03-01 10:43:00,OM,3.049999952316284,3.049999952316284,3.059999942779541,3.049999952316284,3.059999942779541,403.0
2024-03-01 10:43:00,OMCL,26.3799991607666,26.3799991607666,26.3799991607666,26.3799991607666,26.3799991607666,309.0
2024-03-01 10:43:00,ONCT,9.664999961853027,9.664999961853027,9.664999961853027,9.664999961853027,9.664999961853027,208.0
2024-03-01 10:44:00,ABCL,5.130000114440918,5.130000114440918,5.130000114440918,5.125,5.130000114440918,1794.0
2024-03-01 10:44:00,ABEO,7.619999885559082,7.619999885559082,7.710000038146973,7.619999885559082,7.619999885559082,9590.0
2024-03-01 10:44:00,ABOS,4.650000095367432,4.650000095367432,4.650000095367432,4.650000095367432,4.650000095367432,697.0
2024-03-01 10:44:00,ABSI,5.170000076293945,5.170000076293945,5.199999809265137,5.170000076293945,5.195000171661377,2500.0
2024-03-01 10:44:00,ABUS,2.760999917984009,2.760999917984009,2.7672998905181885,2.760999917984009,2.7672998905181885,3061.0
2024-03-01 10:44:00,ACAD,24.024999618530273,24.024999618530273,24.030000686645508,24.0,24.030000686645508,3655.0
2024-03-01 10:44:00,ACB,3.049999952316284,3.049999952316284,3.049999952316284,3.0390000343322754,3.0390000343322754,504.0
2024-03-01 10:44:00,ACCD,10.265000343322754,10.265000343322754,10.265000343322754,10.265000343322754,10.265000343322754,179.0
2024-03-01 10:44:00,ACHL,1.3300000429153442,1.3300000429153442,1.3300000429153442,1.3300000429153442,1.3300000429153442,200.0
2024-03-01 10:44:00,ACON,0.375,0.375,0.37560001015663147,0.375,0.37560001015663147,577.0
2024-03-01 10:44:00,ACRS,1.2300000190734863,1.2300000190734863,1.2300000190734863,1.225000023841858,1.225000023841858,429.0
2024-03-01 10:44:00,ADIL,3.434999942779541,3.434999942779541,3.4700000286102295,3.4100000858306885,3.434999942779541,39201.0
2024-03-01 10:44:00,ADMA,5.355000019073486,5.355000019073486,5.360000133514404,5.355000019073486,5.360000133514404,1107.0
2024-03-01 10:44:00,ADPT,4.179999828338623,4.179999828338623,4.190000057220459,4.170000076293945,4.170000076293945,3306.0
2024-03-01 10:44:00,ADVM,1.9199999570846558,1.9199999570846558,1.9199999570846558,1.9199999570846558,1.9199999570846558,528.0
2024-03-01 10:44:00,AGEN,0.6715999841690063,0.6715999841690063,0.6715999841690063,0.6715999841690063,0.6715999841690063,5774.0
2024-03-01 10:44:00,AGIO,32.65999984741211,32.65999984741211,32.70000076293945,32.65999984741211,32.70000076293945,304.0
2024-03-01 10:44:00,AGRX,0.8399999737739563,0.8399999737739563,0.8399999737739563,0.8399999737739563,0.8399999737739563,200.0
2024-03-01 10:44:00,AIMD,0.949400007724762,0.949400007724762,0.9707000255584717,0.949400007724762,0.9707000255584717,1377.0
2024-03-01 10:44:00,AIRS,6.579999923706055,6.579999923706055,6.579999923706055,6.554999828338623,6.554999828338623,505.0
2024-03-01 10:44:00,AKAN,0.25060001015663147,0.25060001015663147,0.25099998712539673,0.25060001015663147,0.25099998712539673,3002.0
2024-03-01 10:44:00,AKBA,1.6349999904632568,1.6349999904632568,1.6384999752044678,1.6299999952316284,1.6299999952316284,6420.0
2024-03-01 10:44:00,AKRO,28.31999969482422,28.31999969482422,28.3700008392334,28.274999618530273,28.274999618530273,1909.0
2024-03-01 10:44:00,AKTX,2.299999952316284,2.299999952316284,2.299999952316284,2.299999952316284,2.299999952316284,2631.0
2024-03-01 10:44:00,AKYA,5.889999866485596,5.889999866485596,5.889999866485596,5.889999866485596,5.889999866485596,3.0
2024-03-01 10:44:00,ALDX,4.1092000007629395,4.1092000007629395,4.130000114440918,4.1092000007629395,4.130000114440918,2402.0
2024-03-01 10:44:00,ALEC,7.5,7.5,7.510000228881836,7.489999771118164,7.507599830627441,2750.0
2024-03-01 10:44:00,ALGN,299.9549865722656,299.9549865722656,299.9549865722656,299.45001220703125,299.45001220703125,1340.0
2024-03-01 10:44:00,ALGS,1.0099999904632568,1.0099999904632568,1.0099999904632568,1.0099999904632568,1.0099999904632568,2743.0
2024-03-01 10:44:00,ALHC,5.744999885559082,5.744999885559082,5.744999885559082,5.744999885559082,5.744999885559082,49.0
2024-03-01 10:44:00,ALKS,30.170000076293945,30.170000076293945,30.18000030517578,30.170000076293945,30.170000076293945,1243.0
2024-03-01 10:44:00,ALLK,1.5950000286102295,1.5950000286102295,1.5950000286102295,1.5950000286102295,1.5950000286102295,706.0
2024-03-01 10:44:00,ALLO,4.980000019073486,4.980000019073486,4.980000019073486,4.96999979019165,4.96999979019165,3066.0
2024-03-01 10:44:00,ALNY,154.86000061035156,154.86000061035156,154.86000061035156,154.86000061035156,154.86000061035156,156.0
2024-03-01 10:44:00,ALT,12.170000076293945,12.170000076293945,12.179900169372559,12.15999984741211,12.15999984741211,3325.0
2024-03-01 10:44:00,AMGN,280.989990234375,280.989990234375,281.0885009765625,280.88238525390625,281.0400085449219,8749.0
2024-03-01 10:44:00,AMLX,18.82469940185547,18.82469940185547,18.82469940185547,18.82469940185547,18.82469940185547,747.0
2024-03-01 10:44:00,AMPH,45.880001068115234,45.880001068115234,45.939998626708984,45.880001068115234,45.939998626708984,907.0
2024-03-01 10:44:00,AMRN,1.0289000272750854,1.0289000272750854,1.0289000272750854,1.024999976158142,1.024999976158142,1825.0
2024-03-01 10:44:00,ANGO,5.440000057220459,5.440000057220459,5.440000057220459,5.440000057220459,5.440000057220459,605.0
2024-03-01 10:44:00,ANNX,5.886000156402588,5.886000156402588,5.900000095367432,5.860000133514404,5.8790998458862305,1650.0
2024-03-01 10:44:00,APLS,64.2300033569336,64.2300033569336,64.2300033569336,64.13500213623047,64.13999938964844,3065.0
2024-03-01 10:44:00,APLT,7.159999847412109,7.159999847412109,7.159999847412109,7.110000133514404,7.110000133514404,663.0
2024-03-01 10:44:00,AQST,4.259900093078613,4.259900093078613,4.259900093078613,4.25,4.251500129699707,2655.0
2024-03-01 10:44:00,ARAY,2.619999885559082,2.619999885559082,2.625,2.619999885559082,2.625,449.0
2024-03-01 10:44:00,ARCT,39.810001373291016,39.810001373291016,39.810001373291016,39.810001373291016,39.810001373291016,391.0
2024-03-01 10:44:00,ARDX,9.545000076293945,9.545000076293945,9.550000190734863,9.545000076293945,9.545000076293945,1356.0
2024-03-01 10:44:00,ARGX,388.29998779296875,388.29998779296875,388.3399963378906,387.1199951171875,387.1199951171875,1019.0
2024-03-01 10:44:00,ARQT,11.119999885559082,11.119999885559082,11.170000076293945,11.104999542236328,11.119799613952637,19147.0
2024-03-01 10:44:00,ARWR,35.09000015258789,35.09000015258789,35.15999984741211,35.09000015258789,35.09000015258789,13318.0
2024-03-01 10:44:00,ASLN,0.8356000185012817,0.8356000185012817,0.8356000185012817,0.8312000036239624,0.8312000036239624,413.0
2024-03-01 10:44:00,ASMB,13.010000228881836,13.010000228881836,13.010000228881836,13.010000228881836,13.010000228881836,181.0
2024-03-01 10:44:00,ASND,149.05999755859375,149.05999755859375,149.07000732421875,148.91000366210938,149.07000732421875,1482.0
2024-03-01 10:44:00,ATAI,1.9950000047683716,1.9950000047683716,1.999899983406067,1.9903000593185425,1.9950000047683716,4207.0
2024-03-01 10:44:00,ATEC,13.369999885559082,13.369999885559082,13.385000228881836,13.369999885559082,13.385000228881836,2576.0
2024-03-01 10:44:00,ATOS,0.9988999962806702,0.9988999962806702,0.9990000128746033,0.9988999962806702,0.9990000128746033,11000.0
2024-03-01 10:44:00,ATRA,0.8090999722480774,0.8090999722480774,0.8165000081062317,0.8090999722480774,0.8145999908447266,3704.0
2024-03-01 10:44:00,AURA,9.220000267028809,9.220000267028809,9.220000267028809,9.220000267028809,9.220000267028809,302.0
2024-03-01 10:44:00,AUTL,6.224999904632568,6.224999904632568,6.224999904632568,6.199999809265137,6.201200008392334,10793.0
2024-03-01 10:44:00,AVAH,2.3499999046325684,2.3499999046325684,2.3499999046325684,2.3499999046325684,2.3499999046325684,181.0
2024-03-01 10:44:00,AVDL,12.645000457763672,12.645000457763672,12.645000457763672,12.645000457763672,12.645000457763672,100.0
2024-03-01 10:44:00,AVTE,22.34000015258789,22.34000015258789,22.34000015258789,22.34000015258789,22.34000015258789,300.0
2024-03-01 10:44:00,AVXL,5.304500102996826,5.304500102996826,5.304500102996826,5.304500102996826,5.304500102996826,601.0
2024-03-01 10:44:00,AWH,4.099999904632568,4.099999904632568,4.099999904632568,4.099999904632568,4.099999904632568,499.0
2024-03-01 10:44:00,AXGN,10.40999984741211,10.40999984741211,10.40999984741211,10.40999984741211,10.40999984741211,127.0
2024-03-01 10:44:00,AXNX,67.53500366210938,67.53500366210938,67.55000305175781,67.51010131835938,67.55000305175781,3362.0
2024-03-01 10:44:00,AXSM,83.87000274658203,83.87000274658203,83.87000274658203,83.87000274658203,83.87000274658203,564.0
2024-03-01 10:44:00,AZN,64.55999755859375,64.55999755859375,64.5791015625,64.55999755859375,64.55999755859375,3722.0
2024-03-01 10:44:00,BBIO,36.095001220703125,36.095001220703125,36.143001556396484,36.095001220703125,36.143001556396484,1168.0
2024-03-01 10:44:00,BBLG,2.509999990463257,2.509999990463257,2.630000114440918,2.509999990463257,2.630000114440918,2981.0
2024-03-01 10:44:00,BCAB,2.825000047683716,2.825000047683716,2.829400062561035,2.825000047683716,2.829400062561035,700.0
2024-03-01 10:44:00,BCDA,0.5479999780654907,0.5479999780654907,0.5479999780654907,0.5479999780654907,0.5479999780654907,0.0
2024-03-01 10:44:00,BCRX,5.787499904632568,5.787499904632568,5.795000076293945,5.78000020980835,5.784999847412109,7578.0
2024-03-01 10:44:00,BDTX,5.079999923706055,5.079999923706055,5.079999923706055,5.079999923706055,5.079999923706055,121.0
2024-03-01 10:44:00,BEAM,40.5,40.5,40.5880012512207,40.5,40.53499984741211,2616.0
2024-03-01 10:44:00,BGNE,166.88499450683594,166.88499450683594,166.88499450683594,166.47500610351562,166.47500610351562,1501.0
2024-03-01 10:44:00,BIIB,219.86000061035156,219.86000061035156,219.86000061035156,219.5590057373047,219.6699981689453,1479.0
2024-03-01 10:44:00,BIVI,2.4200000762939453,2.4200000762939453,2.4600000381469727,2.4200000762939453,2.4439001083374023,103667.0
2024-03-01 10:44:00,BLFS,18.165000915527344,18.165000915527344,18.165000915527344,18.125,18.15999984741211,604.0
2024-03-01 10:44:00,BLPH,0.051500000059604645,0.051500000059604645,0.051500000059604645,0.051500000059604645,0.051500000059604645,5436.0
2024-03-01 10:44:00,BLUE,1.6301000118255615,1.6301000118255615,1.6399999856948853,1.6205999851226807,1.6205999851226807,17381.0
2024-03-01 10:44:00,BMEA,17.790000915527344,17.790000915527344,17.81920051574707,17.780000686645508,17.790000915527344,2471.0
2024-03-01 10:44:00,BMRN,86.5,86.5,86.52999877929688,86.5,86.51000213623047,680.0
2024-03-01 10:44:00,BNTX,91.59500122070312,91.59500122070312,91.59500122070312,91.59500122070312,91.59500122070312,102.0
2024-03-01 10:44:00,BPMC,97.33999633789062,97.33999633789062,97.33999633789062,97.33999633789062,97.33999633789062,111.0
2024-03-01 10:44:00,BTAI,3.2500998973846436,3.2500998973846436,3.2500998973846436,3.2500998973846436,3.2500998973846436,388.0
2024-03-01 10:44:00,BTTX,0.1670999974012375,0.1670999974012375,0.1670999974012375,0.1665000021457672,0.1665000021457672,20700.0
2024-03-01 10:44:00,CBAY,32.224998474121094,32.224998474121094,32.22999954223633,32.224998474121094,32.22999954223633,2056.0
2024-03-01 10:44:00,CCCC,10.989999771118164,10.989999771118164,11.0,10.979999542236328,10.979999542236328,1425.0
2024-03-01 10:44:00,CCRN,18.0,18.0,18.0,18.0,18.0,200.0
2024-03-01 10:44:00,CDMO,8.010000228881836,8.010000228881836,8.020000457763672,8.010000228881836,8.020000457763672,506.0
2024-03-01 10:44:00,CDNA,12.020000457763672,12.020000457763672,12.03499984741211,12.020000457763672,12.03499984741211,1195.0
2024-03-01 10:44:00,CDTX,0.7214999794960022,0.7214999794960022,0.7214999794960022,0.7214999794960022,0.7214999794960022,200.0
2024-03-01 10:44:00,CDXS,4.28000020980835,4.28000020980835,4.28000020980835,4.260000228881836,4.260000228881836,4490.0
2024-03-01 10:44:00,CELC,15.819999694824219,15.819999694824219,15.859999656677246,15.819999694824219,15.859999656677246,1243.0
2024-03-01 10:44:00,CELU,3.734999895095825,3.734999895095825,3.734999895095825,3.734999895095825,3.734999895095825,441.0
2024-03-01 10:44:00,CERE,41.18000030517578,41.18000030517578,41.20000076293945,41.18000030517578,41.20000076293945,5639.0
2024-03-01 10:44:00,CERT,17.84000015258789,17.84000015258789,17.8700008392334,17.84000015258789,17.8700008392334,1238.0
2024-03-01 10:44:00,CGC,3.228800058364868,3.228800058364868,3.228800058364868,3.2149999141693115,3.2149999141693115,8987.0
2024-03-01 10:44:00,CGEN,2.684999942779541,2.684999942779541,2.690000057220459,2.6800999641418457,2.690000057220459,1783.0
2024-03-01 10:44:00,CHRS,2.309999942779541,2.309999942779541,2.319999933242798,2.309999942779541,2.315000057220459,577.0
2024-03-01 10:44:00,CING,1.3600000143051147,1.3600000143051147,1.3622000217437744,1.3387000560760498,1.3387000560760498,3098.0
2024-03-01 10:44:00,CJJD,2.857599973678589,2.857599973678589,2.857599973678589,2.857599973678589,2.857599973678589,246.0
2024-03-01 10:44:00,CLDX,52.81999969482422,52.81999969482422,52.81999969482422,52.72999954223633,52.75,2363.0
2024-03-01 10:44:00,CLNN,0.3944999873638153,0.3944999873638153,0.3944999873638153,0.3944999873638153,0.3944999873638153,306.0
2024-03-01 10:44:00,CLOV,0.8623999953269958,0.8623999953269958,0.862500011920929,0.8623999953269958,0.862500011920929,6400.0
2024-03-01 10:44:00,CMPS,10.630000114440918,10.630000114440918,10.630000114440918,10.625,10.625,1102.0
2024-03-01 10:44:00,CMPX,1.9049999713897705,1.9049999713897705,1.9049999713897705,1.9049999713897705,1.9049999713897705,432.0
2024-03-01 10:44:00,CMRX,1.1100000143051147,1.1100000143051147,1.1299999952316284,1.1100000143051147,1.1295000314712524,54381.0
2024-03-01 10:44:00,COGT,7.239999771118164,7.239999771118164,7.255000114440918,7.230000019073486,7.230000019073486,2047.0
2024-03-01 10:44:00,CORT,23.799999237060547,23.799999237060547,23.809999465942383,23.799999237060547,23.809999465942383,1971.0
2024-03-01 10:44:00,CPRX,17.219999313354492,17.219999313354492,17.309999465942383,17.219999313354492,17.290000915527344,5404.0
2024-03-01 10:44:00,CPSI,9.399999618530273,9.399999618530273,9.4399995803833,9.385000228881836,9.385000228881836,1225.0
2024-03-01 10:44:00,CRBP,31.270000457763672,31.270000457763672,31.270000457763672,31.270000457763672,31.270000457763672,288.0
2024-03-01 10:44:00,CRBU,8.0600004196167,8.0600004196167,8.0600004196167,8.0600004196167,8.0600004196167,155.0
2024-03-01 10:44:00,CRDF,2.510499954223633,2.510499954223633,2.529900074005127,2.509999990463257,2.5199999809265137,21583.0
2024-03-01 10:44:00,CRMD,3.674999952316284,3.674999952316284,3.674999952316284,3.674999952316284,3.674999952316284,2178.0
2024-03-01 10:44:00,CRNX,45.470001220703125,45.470001220703125,45.5099983215332,45.38999938964844,45.38999938964844,2669.0
2024-03-01 10:44:00,CSTL,20.020000457763672,20.020000457763672,20.020000457763672,20.020000457763672,20.020000457763672,200.0
2024-03-01 10:44:00,CTKB,8.100000381469727,8.100000381469727,8.100000381469727,8.09000015258789,8.09000015258789,620.0
2024-03-01 10:44:00,CUTR,2.3499999046325684,2.3499999046325684,2.3499999046325684,2.3499999046325684,2.3499999046325684,200.0
2024-03-01 10:44:00,CYTK,74.91000366210938,74.91000366210938,74.9800033569336,74.83000183105469,74.83000183105469,2082.0
2024-03-01 10:44:00,CYTO,2.151400089263916,2.151400089263916,2.151400089263916,2.119999885559082,2.119999885559082,965.0
2024-03-01 10:44:00,DCGO,4.110000133514404,4.110000133514404,4.119999885559082,4.110000133514404,4.119999885559082,1930.0
2024-03-01 10:44:00,DCPH,16.989999771118164,16.989999771118164,17.0,16.989999771118164,16.989999771118164,739.0
2024-03-01 10:44:00,DMTK,0.8600999712944031,0.8600999712944031,0.8808000087738037,0.8600000143051147,0.8808000087738037,12294.0
2024-03-01 10:44:00,DNLI,20.719999313354492,20.719999313354492,20.735000610351562,20.690000534057617,20.690000534057617,1855.0
2024-03-01 10:44:00,DRIO,2.025399923324585,2.025399923324585,2.025399923324585,2.025399923324585,2.025399923324585,214.0
2024-03-01 10:44:00,DTIL,12.585000038146973,12.585000038146973,12.600000381469727,12.585000038146973,12.600000381469727,1288.0
2024-03-01 10:44:00,DVAX,12.755000114440918,12.755000114440918,12.755000114440918,12.75,12.755000114440918,421.0
2024-03-01 10:44:00,DXCM,118.54000091552734,118.54000091552734,118.58000183105469,118.41000366210938,118.44999694824219,33687.0
2024-03-01 10:44:00,DYN,29.61750030517578,29.61750030517578,29.6299991607666,29.540000915527344,29.600000381469727,1574.0
2024-03-01 10:44:00,EDIT,10.880000114440918,10.880000114440918,10.890000343322754,10.859999656677246,10.859999656677246,7564.0
2024-03-01 10:44:00,EFTR,14.704999923706055,14.704999923706055,14.704999923706055,14.704999923706055,14.704999923706055,513.0
2024-03-01 10:44:00,ELEV,5.079999923706055,5.079999923706055,5.090000152587891,5.025000095367432,5.03000020980835,7453.0
2024-03-01 10:44:00,EMBC,14.404999732971191,14.404999732971191,14.404999732971191,14.404999732971191,14.404999732971191,768.0
2024-03-01 10:44:00,ENSG,124.1500015258789,124.1500015258789,124.1500015258789,124.1500015258789,124.1500015258789,871.0
2024-03-01 10:44:00,ENTA,14.981200218200684,14.981200218200684,15.010000228881836,14.981200218200684,15.010000228881836,440.0
2024-03-01 10:44:00,ENTX,1.3300000429153442,1.3300000429153442,1.3300000429153442,1.2599999904632568,1.2999999523162842,0.0
2024-03-01 10:44:00,ENVB,1.7100000381469727,1.7100000381469727,1.7100000381469727,1.7000000476837158,1.7000999450683594,22432.0
2024-03-01 10:44:00,EOLS,14.670000076293945,14.670000076293945,14.670000076293945,14.670000076293945,14.670000076293945,548.0
2024-03-01 10:44:00,ERAS,2.4860000610351562,2.4860000610351562,2.4860000610351562,2.4860000610351562,2.4860000610351562,1016.0
2024-03-01 10:44:00,ESPR,2.484999895095825,2.484999895095825,2.484999895095825,2.4800000190734863,2.484999895095825,8757.0
2024-03-01 10:44:00,ESTA,45.6150016784668,45.6150016784668,45.6150016784668,45.6150016784668,45.6150016784668,508.0
2024-03-01 10:44:00,ETNB,12.960000038146973,12.960000038146973,13.010000228881836,12.960000038146973,12.96500015258789,10291.0
2024-03-01 10:44:00,EWTX,16.940000534057617,16.940000534057617,16.940000534057617,16.920000076293945,16.920000076293945,158.0
2024-03-01 10:44:00,EXAS,59.845001220703125,59.845001220703125,59.845001220703125,59.70500183105469,59.70500183105469,4525.0
2024-03-01 10:44:00,EXEL,22.454999923706055,22.454999923706055,22.469999313354492,22.450000762939453,22.450000762939453,3188.0
2024-03-01 10:44:00,EYEN,2.1910998821258545,2.1910998821258545,2.1910998821258545,2.180000066757202,2.180000066757202,1100.0
2024-03-01 10:44:00,FATE,7.534999847412109,7.534999847412109,7.550000190734863,7.534999847412109,7.539999961853027,2588.0
2024-03-01 10:44:00,FDMT,29.25,29.25,29.25,29.2450008392334,29.2450008392334,370.0
2024-03-01 10:44:00,FEMY,1.7200000286102295,1.7200000286102295,1.7200000286102295,1.7200000286102295,1.7200000286102295,696.0
2024-03-01 10:44:00,FGEN,1.7450000047683716,1.7450000047683716,1.7599999904632568,1.7400000095367432,1.7549999952316284,2467.0
2024-03-01 10:44:00,FLGC,1.2237000465393066,1.2237000465393066,1.2237000465393066,1.2237000465393066,1.2237000465393066,233.0
2024-03-01 10:44:00,FLGT,23.100000381469727,23.100000381469727,23.100000381469727,23.076200485229492,23.100000381469727,1077.0
2024-03-01 10:44:00,FOLD,13.505000114440918,13.505000114440918,13.505000114440918,13.505000114440918,13.505000114440918,517.0
2024-03-01 10:44:00,FULC,10.670000076293945,10.670000076293945,10.70300006866455,10.670000076293945,10.6899995803833,1801.0
2024-03-01 10:44:00,FUSN,12.050000190734863,12.050000190734863,12.050000190734863,12.050000190734863,12.050000190734863,188.0
2024-03-01 10:44:00,GBIO,2.4800000190734863,2.4800000190734863,2.4800000190734863,2.4800000190734863,2.4800000190734863,44.0
2024-03-01 10:44:00,GDRX,8.305000305175781,8.305000305175781,8.305000305175781,8.305000305175781,8.305000305175781,151.0
2024-03-01 10:44:00,GERN,2.119999885559082,2.119999885559082,2.119999885559082,2.115000009536743,2.119999885559082,1225.0
2024-03-01 10:44:00,GH,19.229999542236328,19.229999542236328,19.235000610351562,19.219999313354492,19.219999313354492,1451.0
2024-03-01 10:44:00,GILD,72.45999908447266,72.45999908447266,72.5199966430664,72.44999694824219,72.48999786376953,5081.0
2024-03-01 10:44:00,GLMD,0.4000999927520752,0.4000999927520752,0.4050000011920929,0.4000999927520752,0.4000999927520752,2419.0
2024-03-01 10:44:00,GLPG,35.150001525878906,35.150001525878906,35.150001525878906,35.150001525878906,35.150001525878906,0.0
2024-03-01 10:44:00,GLTO,0.7260000109672546,0.7260000109672546,0.7300000190734863,0.7260000109672546,0.7300000190734863,1803.0
2024-03-01 10:44:00,GMAB,29.100000381469727,29.100000381469727,29.104999542236328,29.100000381469727,29.104999542236328,384.0
2024-03-01 10:44:00,GOSS,1.350000023841858,1.350000023841858,1.3600000143051147,1.350000023841858,1.3600000143051147,200.0
2024-03-01 10:44:00,GRFS,6.960000038146973,6.960000038146973,6.960000038146973,6.960000038146973,6.960000038146973,595.0
2024-03-01 10:44:00,GRTS,2.174999952316284,2.174999952316284,2.174999952316284,2.167799949645996,2.1700000762939453,3574.0
2024-03-01 10:44:00,GTHX,3.4600000381469727,3.4600000381469727,3.4600000381469727,3.4600000381469727,3.4600000381469727,3776.0
2024-03-01 10:44:00,HALO,41.15999984741211,41.15999984741211,41.18000030517578,41.11000061035156,41.11000061035156,1546.0
2024-03-01 10:44:00,HARP,22.93000030517578,22.93000030517578,22.93000030517578,22.93000030517578,22.93000030517578,0.0
2024-03-01 10:44:00,HCAT,7.948299884796143,7.948299884796143,7.948299884796143,7.929999828338623,7.929999828338623,861.0
2024-03-01 10:44:00,HCTI,2.3499999046325684,2.3499999046325684,2.369999885559082,2.3499999046325684,2.3550000190734863,850.0
2024-03-01 10:44:00,HLTH,0.2685999870300293,0.2685999870300293,0.2685999870300293,0.2685999870300293,0.2685999870300293,730.0
2024-03-01 10:44:00,HLVX,18.899999618530273,18.899999618530273,18.934999465942383,18.899999618530273,18.934999465942383,204.0
2024-03-01 10:44:00,HOLX,73.92500305175781,73.92500305175781,73.92500305175781,73.91999816894531,73.91999816894531,443.0
2024-03-01 10:44:00,HRMY,31.440000534057617,31.440000534057617,31.440000534057617,31.395000457763672,31.420000076293945,533.0
2024-03-01 10:44:00,HRTX,2.6549999713897705,2.6549999713897705,2.6600000858306885,2.6549999713897705,2.6600000858306885,7589.0
2024-03-01 10:44:00,HSIC,77.31500244140625,77.31500244140625,77.42500305175781,77.31500244140625,77.42500305175781,1162.0
2024-03-01 10:44:00,HSTM,27.6299991607666,27.6299991607666,27.674999237060547,27.6299991607666,27.674999237060547,217.0
2024-03-01 10:44:00,HUMA,3.1600000858306885,3.1600000858306885,3.1600000858306885,3.125,3.130000114440918,15582.0
2024-03-01 10:44:00,IART,36.939998626708984,36.939998626708984,36.939998626708984,36.91999816894531,36.91999816894531,536.0
2024-03-01 10:44:00,IBRX,4.849999904632568,4.849999904632568,4.849999904632568,4.820000171661377,4.820000171661377,1373.0
2024-03-01 10:44:00,ICAD,1.8300000429153442,1.8300000429153442,1.8300000429153442,1.8300000429153442,1.8300000429153442,756.0
2024-03-01 10:44:00,ICLR,322.55999755859375,322.55999755859375,322.55999755859375,322.32000732421875,322.3900146484375,3288.0
2024-03-01 10:44:00,ICUI,106.8499984741211,106.8499984741211,106.8499984741211,106.8499984741211,106.8499984741211,243.0
2024-03-01 10:44:00,IFRX,1.850000023841858,1.850000023841858,1.850000023841858,1.850000023841858,1.850000023841858,765.0
2024-03-01 10:44:00,ILMN,140.5399932861328,140.5399932861328,140.67990112304688,140.5,140.5,1832.0
2024-03-01 10:44:00,IMAB,1.8487000465393066,1.8487000465393066,1.8487000465393066,1.8487000465393066,1.8487000465393066,200.0
2024-03-01 10:44:00,IMTX,12.970000267028809,12.970000267028809,12.989999771118164,12.970000267028809,12.989999771118164,205.0
2024-03-01 10:44:00,IMUX,1.5149999856948853,1.5149999856948853,1.5149999856948853,1.5149999856948853,1.5149999856948853,343.0
2024-03-01 10:44:00,IMVT,36.2599983215332,36.2599983215332,36.380001068115234,36.2400016784668,36.380001068115234,1679.0
2024-03-01 10:44:00,INBX,36.90999984741211,36.90999984741211,36.90999984741211,36.90999984741211,36.90999984741211,77.0
2024-03-01 10:44:00,INCY,59.26499938964844,59.26499938964844,59.26499938964844,59.2400016784668,59.2400016784668,420.0
2024-03-01 10:44:00,INMD,22.905000686645508,22.905000686645508,22.905000686645508,22.868000030517578,22.8700008392334,2136.0
2024-03-01 10:44:00,INO,8.850000381469727,8.850000381469727,8.850000381469727,8.850000381469727,8.850000381469727,217.0
2024-03-01 10:44:00,INSM,28.315000534057617,28.315000534057617,28.315000534057617,28.309999465942383,28.309999465942383,501.0
2024-03-01 10:44:00,INVA,15.454999923706055,15.454999923706055,15.467499732971191,15.454999923706055,15.467499732971191,2048.0
2024-03-01 10:44:00,IONS,45.83000183105469,45.83000183105469,45.849998474121094,45.83000183105469,45.849998474121094,563.0
2024-03-01 10:44:00,IOVA,16.5,16.5,16.53499984741211,16.485000610351562,16.485000610351562,12350.0
2024-03-01 10:44:00,IPSC,3.7300000190734863,3.7300000190734863,3.7300000190734863,3.7300000190734863,3.7300000190734863,216.0
2024-03-01 10:44:00,IRWD,8.954999923706055,8.954999923706055,9.010000228881836,8.954999923706055,8.967499732971191,19815.0
2024-03-01 10:44:00,ISRG,391.0400085449219,391.0400085449219,391.05999755859375,390.6300048828125,390.6300048828125,1815.0
2024-03-01 10:44:00,ITCI,71.19999694824219,71.19999694824219,71.29000091552734,71.19000244140625,71.25,3713.0
2024-03-01 10:44:00,IXHL,5.28000020980835,5.28000020980835,5.28000020980835,5.28000020980835,5.28000020980835,200.0
2024-03-01 10:44:00,JAGX,0.08299999684095383,0.08299999684095383,0.08699999749660492,0.08299999684095383,0.08429999649524689,1114789.0
2024-03-01 10:44:00,JANX,46.54499816894531,46.54499816894531,46.554901123046875,46.5,46.554901123046875,1155.0
2024-03-01 10:44:00,JAZZ,119.79000091552734,119.79000091552734,119.81999969482422,119.71499633789062,119.76000213623047,2990.0
2024-03-01 10:44:00,JYNT,9.949999809265137,9.949999809265137,9.949999809265137,9.930000305175781,9.930000305175781,2810.0
2024-03-01 10:44:00,KALV,14.001500129699707,14.001500129699707,14.001500129699707,13.979999542236328,14.0,953.0
2024-03-01 10:44:00,KNSA,21.84000015258789,21.84000015258789,21.84000015258789,21.84000015258789,21.84000015258789,108.0
2024-03-01 10:44:00,KPTI,1.2000000476837158,1.2000000476837158,1.2000000476837158,1.1950000524520874,1.1950000524520874,141268.0
2024-03-01 10:44:00,KROS,69.34929656982422,69.34929656982422,69.34929656982422,69.19999694824219,69.19999694824219,1183.0
2024-03-01 10:44:00,KRYS,168.17999267578125,168.17999267578125,168.17999267578125,168.17999267578125,168.17999267578125,106.0
2024-03-01 10:44:00,KTRA,0.10100000351667404,0.10100000351667404,0.10100000351667404,0.10100000351667404,0.10100000351667404,4800.0
2024-03-01 10:44:00,KYMR,44.4900016784668,44.4900016784668,44.4900016784668,44.4900016784668,44.4900016784668,321.0
2024-03-01 10:44:00,KZR,1.1256999969482422,1.1256999969482422,1.1299999952316284,1.1200000047683716,1.128000020980835,6521.0
2024-03-01 10:44:00,LAB,2.3499999046325684,2.3499999046325684,2.3499999046325684,2.3450000286102295,2.3450000286102295,800.0
2024-03-01 10:44:00,LABP,6.394999980926514,6.394999980926514,6.394999980926514,6.240099906921387,6.240099906921387,1005.0
2024-03-01 10:44:00,LEGN,65.76000213623047,65.76000213623047,65.76000213623047,65.76000213623047,65.76000213623047,530.0
2024-03-01 10:44:00,LEXX,2.4700000286102295,2.4700000286102295,2.5399999618530273,2.4600000381469727,2.5399999618530273,3353.0
2024-03-01 10:44:00,LFMD,7.954999923706055,7.954999923706055,7.960000038146973,7.949999809265137,7.960000038146973,1417.0
2024-03-01 10:44:00,LFST,8.0,8.0,8.0,7.989999771118164,7.989999771118164,622.0
2024-03-01 10:44:00,LGND,80.58000183105469,80.58000183105469,80.58000183105469,80.58000183105469,80.58000183105469,167.0
2024-03-01 10:44:00,LGVN,0.5412999987602234,0.5412999987602234,0.5412999987602234,0.5412999987602234,0.5412999987602234,1000.0
2024-03-01 10:44:00,LIAN,4.861700057983398,4.861700057983398,4.869999885559082,4.861700057983398,4.869999885559082,1399.0
2024-03-01 10:44:00,LIVN,54.94499969482422,54.94499969482422,54.94499969482422,54.869998931884766,54.869998931884766,1146.0
2024-03-01 10:44:00,LMAT,67.58000183105469,67.58000183105469,67.58000183105469,67.58000183105469,67.58000183105469,120.0
2024-03-01 10:44:00,LQDA,14.460000038146973,14.460000038146973,14.460000038146973,14.460000038146973,14.460000038146973,366.0
2024-03-01 10:44:00,LTRN,4.650000095367432,4.650000095367432,4.650000095367432,4.639999866485596,4.639999866485596,700.0
2024-03-01 10:44:00,LUNG,9.170000076293945,9.170000076293945,9.170000076293945,9.170000076293945,9.170000076293945,162.0
2024-03-01 10:44:00,LVTX,3.079900026321411,3.079900026321411,3.079900026321411,3.0276999473571777,3.0276999473571777,6700.0
2024-03-01 10:44:00,LXRX,2.4200000762939453,2.4200000762939453,2.4200000762939453,2.4200000762939453,2.4200000762939453,1079.0
2024-03-01 10:44:00,LYEL,3.125,3.125,3.125,3.125,3.125,159.0
2024-03-01 10:44:00,MASI,126.91000366210938,126.91000366210938,126.91000366210938,126.91000366210938,126.91000366210938,205.0
2024-03-01 10:44:00,MCRB,1.1799999475479126,1.1799999475479126,1.1799999475479126,1.1799999475479126,1.1799999475479126,802.0
2024-03-01 10:44:00,MDGL,242.2550048828125,242.2550048828125,243.05999755859375,242.2550048828125,242.39999389648438,521.0
2024-03-01 10:44:00,MDRX,5.920000076293945,5.920000076293945,5.920000076293945,5.769999980926514,5.769999980926514,17258.0
2024-03-01 10:44:00,MDXG,8.494999885559082,8.494999885559082,8.5,8.494999885559082,8.5,331.0
2024-03-01 10:44:00,ME,0.5753999948501587,0.5753999948501587,0.5753999948501587,0.5753999948501587,0.5753999948501587,531.0
2024-03-01 10:44:00,MEDP,400.5,400.5,400.5,400.32000732421875,400.32000732421875,354.0
2024-03-01 10:44:00,MEIP,4.264599800109863,4.264599800109863,4.264599800109863,4.264599800109863,4.264599800109863,463.0
2024-03-01 10:44:00,MESO,2.0199999809265137,2.0199999809265137,2.0206000804901123,2.0199999809265137,2.0206000804901123,875.0
2024-03-01 10:44:00,MGNX,19.079999923706055,19.079999923706055,19.129899978637695,19.059999465942383,19.079999923706055,4331.0
2024-03-01 10:44:00,MIRM,29.459999084472656,29.459999084472656,29.459999084472656,29.459999084472656,29.459999084472656,465.0
2024-03-01 10:44:00,MMSI,76.69000244140625,76.69000244140625,76.69000244140625,76.69000244140625,76.69000244140625,201.0
2024-03-01 10:44:00,MNKD,4.566999912261963,4.566999912261963,4.578999996185303,4.566999912261963,4.578999996185303,12856.0
2024-03-01 10:44:00,MNMD,5.869999885559082,5.869999885559082,5.869999885559082,5.840000152587891,5.840000152587891,1326.0
2024-03-01 10:44:00,MNPR,0.7800999879837036,0.7800999879837036,0.7800999879837036,0.7800999879837036,0.7800999879837036,14986.0
2024-03-01 10:44:00,MORF,38.15999984741211,38.15999984741211,38.15999984741211,38.15999984741211,38.15999984741211,626.0
2024-03-01 10:44:00,MRAI,1.5599000453948975,1.5599000453948975,1.5599000453948975,1.5599000453948975,1.5599000453948975,340.0
2024-03-01 10:44:00,MREO,3.8499999046325684,3.8499999046325684,3.8499999046325684,3.8499999046325684,3.8499999046325684,100.0
2024-03-01 10:44:00,MRNA,94.87999725341797,94.87999725341797,94.93000030517578,94.6500015258789,94.6500015258789,7616.0
2024-03-01 10:44:00,MRNS,9.779999732971191,9.779999732971191,9.779999732971191,9.770000457763672,9.770000457763672,406.0
2024-03-01 10:44:00,MRSN,5.804999828338623,5.804999828338623,5.840000152587891,5.800000190734863,5.800000190734863,4609.0
2024-03-01 10:44:00,MRUS,49.84000015258789,49.84000015258789,49.84000015258789,49.84000015258789,49.84000015258789,138.0
2024-03-01 10:44:00,MRVI,7.769999980926514,7.769999980926514,7.769999980926514,7.769999980926514,7.769999980926514,1710.0
2024-03-01 10:44:00,MXCT,4.795000076293945,4.795000076293945,4.795000076293945,4.789999961853027,4.789999961853027,939.0
2024-03-01 10:44:00,MYGN,21.290000915527344,21.290000915527344,21.290000915527344,21.290000915527344,21.290000915527344,225.0
2024-03-01 10:44:00,NARI,45.70500183105469,45.70500183105469,45.70500183105469,45.45500183105469,45.45500183105469,15617.0
2024-03-01 10:44:00,NAUT,2.705899953842163,2.705899953842163,2.719899892807007,2.640000104904175,2.6670000553131104,1000.0
2024-03-01 10:44:00,NBIX,130.89999389648438,130.89999389648438,130.97999572753906,130.88999938964844,130.97000122070312,3634.0
2024-03-01 10:44:00,NEO,16.040000915527344,16.040000915527344,16.040000915527344,16.030000686645508,16.030000686645508,530.0
2024-03-01 10:44:00,NEOG,17.1299991607666,17.1299991607666,17.135000228881836,17.1299991607666,17.135000228881836,365.0
2024-03-01 10:44:00,NEPT,0.44999998807907104,0.44999998807907104,0.44999998807907104,0.44999998807907104,0.44999998807907104,401.0
2024-03-01 10:44:00,NKTR,0.7315000295639038,0.7315000295639038,0.7315000295639038,0.7315000295639038,0.7315000295639038,76.0
2024-03-01 10:44:00,NNOX,10.960000038146973,10.960000038146973,10.960000038146973,10.949700355529785,10.949700355529785,2677.0
2024-03-01 10:44:00,NOTV,7.829999923706055,7.829999923706055,7.829999923706055,7.829999923706055,7.829999923706055,0.0
2024-03-01 10:44:00,NRBO,5.69350004196167,5.69350004196167,5.69350004196167,5.69350004196167,5.69350004196167,101.0
2024-03-01 10:44:00,NRC,40.599998474121094,40.599998474121094,40.599998474121094,40.599998474121094,40.599998474121094,214.0
2024-03-01 10:44:00,NRIX,13.229999542236328,13.229999542236328,13.239999771118164,13.229999542236328,13.239999771118164,615.0
2024-03-01 10:44:00,NRSN,2.009999990463257,2.009999990463257,2.009999990463257,2.009999990463257,2.009999990463257,3041.0
2024-03-01 10:44:00,NRXP,0.4399000108242035,0.4399000108242035,0.4399999976158142,0.4390999972820282,0.4390999972820282,12449.0
2024-03-01 10:44:00,NTLA,33.41999816894531,33.41999816894531,33.459999084472656,33.41999816894531,33.439998626708984,10814.0
2024-03-01 10:44:00,NTRA,89.06999969482422,89.06999969482422,89.13999938964844,88.93000030517578,88.93000030517578,5241.0
2024-03-01 10:44:00,NVAX,5.150000095367432,5.150000095367432,5.150000095367432,5.139999866485596,5.149899959564209,10795.0
2024-03-01 10:44:00,NVCR,15.8100004196167,15.8100004196167,15.8100004196167,15.760000228881836,15.760000228881836,955.0
2024-03-01 10:44:00,OCUL,10.364999771118164,10.364999771118164,10.380000114440918,10.364999771118164,10.380000114440918,838.0
2024-03-01 10:44:00,OFIX,12.970000267028809,12.970000267028809,12.970000267028809,12.9399995803833,12.944999694824219,1278.0
2024-03-01 10:44:00,OGI,2.066999912261963,2.066999912261963,2.066999912261963,2.066999912261963,2.066999912261963,300.0
2024-03-01 10:44:00,OLK,22.600000381469727,22.600000381469727,22.600000381469727,22.600000381469727,22.600000381469727,167.0
2024-03-01 10:44:00,OLMA,12.680000305175781,12.680000305175781,12.680000305175781,12.680000305175781,12.680000305175781,321.0
2024-03-01 10:44:00,OM,3.049999952316284,3.049999952316284,3.049999952316284,3.049999952316284,3.049999952316284,202.0
2024-03-01 10:44:00,OMER,4.71999979019165,4.71999979019165,4.71999979019165,4.71999979019165,4.71999979019165,486.0
2024-03-01 10:44:00,ONCY,1.1200000047683716,1.1200000047683716,1.1200000047683716,1.1100000143051147,1.1100000143051147,5793.0
2024-03-01 10:45:00,ABCL,5.138999938964844,5.138999938964844,5.138999938964844,5.138999938964844,5.138999938964844,310.0
2024-03-01 10:45:00,ABEO,7.652100086212158,7.652100086212158,7.739999771118164,7.652100086212158,7.739999771118164,716.0
2024-03-01 10:45:00,ABOS,4.650000095367432,4.650000095367432,4.670000076293945,4.650000095367432,4.659999847412109,1069.0
2024-03-01 10:45:00,ABSI,5.215000152587891,5.215000152587891,5.21999979019165,5.210000038146973,5.210000038146973,1295.0
2024-03-01 10:45:00,ABUS,2.7750000953674316,2.7750000953674316,2.7760000228881836,2.769200086593628,2.769200086593628,2251.0
2024-03-01 10:45:00,ACAD,24.059999465942383,24.059999465942383,24.059999465942383,24.010000228881836,24.030000686645508,7140.0
2024-03-01 10:45:00,ACB,3.059999942779541,3.059999942779541,3.0701000690460205,3.059999942779541,3.059999942779541,2689.0
2024-03-01 10:45:00,ACCD,10.239999771118164,10.239999771118164,10.265000343322754,10.239999771118164,10.265000343322754,1080.0
2024-03-01 10:45:00,ACET,2.365000009536743,2.365000009536743,2.365000009536743,2.3499999046325684,2.3499999046325684,3459.0
2024-03-01 10:45:00,ACHC,83.6500015258789,83.6500015258789,83.65499877929688,83.6500015258789,83.65499877929688,432.0
2024-03-01 10:45:00,ACHL,1.3300000429153442,1.3300000429153442,1.3300000429153442,1.3300000429153442,1.3300000429153442,100.0
2024-03-01 10:45:00,ACLX,68.7750015258789,68.7750015258789,68.7750015258789,68.7750015258789,68.7750015258789,201.0
2024-03-01 10:45:00,ACRS,1.2300000190734863,1.2300000190734863,1.2300000190734863,1.225000023841858,1.225000023841858,420.0
2024-03-01 10:45:00,ADAP,1.5800000429153442,1.5800000429153442,1.5800000429153442,1.5800000429153442,1.5800000429153442,101.0
2024-03-01 10:45:00,ADIL,3.528700113296509,3.528700113296509,3.559999942779541,3.430000066757202,3.430000066757202,183284.0
2024-03-01 10:45:00,ADMA,5.364999771118164,5.364999771118164,5.364999771118164,5.349999904632568,5.360000133514404,5175.0
2024-03-01 10:45:00,ADPT,4.199999809265137,4.199999809265137,4.199999809265137,4.195000171661377,4.195000171661377,332.0
2024-03-01 10:45:00,ADVM,1.9299999475479126,1.9299999475479126,1.934999942779541,1.9249999523162842,1.9299999475479126,1582.0
2024-03-01 10:45:00,AGEN,0.6715999841690063,0.6715999841690063,0.6715999841690063,0.6715999841690063,0.6715999841690063,93478.0
2024-03-01 10:45:00,AGIO,32.72999954223633,32.72999954223633,32.755001068115234,32.69499969482422,32.6974983215332,2348.0
2024-03-01 10:45:00,AGRX,0.839900016784668,0.839900016784668,0.839900016784668,0.839900016784668,0.839900016784668,15.0
2024-03-01 10:45:00,AHCO,10.609999656677246,10.609999656677246,10.630000114440918,10.609999656677246,10.614999771118164,1700.0
2024-03-01 10:45:00,AIRS,6.590000152587891,6.590000152587891,6.590000152587891,6.590000152587891,6.590000152587891,1.0
2024-03-01 10:45:00,AKAN,0.2500999867916107,0.2500999867916107,0.2508000135421753,0.25,0.2508000135421753,15454.0
2024-03-01 10:45:00,AKBA,1.649999976158142,1.649999976158142,1.649999976158142,1.6299999952316284,1.6299999952316284,2720.0
2024-03-01 10:45:00,AKLI,0.3440999984741211,0.3440999984741211,0.3440999984741211,0.3440999984741211,0.3440999984741211,188.0
2024-03-01 10:45:00,AKRO,28.389999389648438,28.389999389648438,28.5,28.3700008392334,28.3700008392334,5133.0
2024-03-01 10:45:00,ALDX,4.091400146484375,4.091400146484375,4.119900226593018,4.091400146484375,4.119900226593018,12837.0
2024-03-01 10:45:00,ALEC,7.518199920654297,7.518199920654297,7.518199920654297,7.510000228881836,7.510000228881836,1064.0
2024-03-01 10:45:00,ALGN,300.3999938964844,300.3999938964844,300.3999938964844,300.07501220703125,300.07501220703125,920.0
2024-03-01 10:45:00,ALGS,1.0096999406814575,1.0096999406814575,1.0099999904632568,1.0096999406814575,1.0099999904632568,3657.0
2024-03-01 10:45:00,ALHC,5.75,5.75,5.75,5.735000133514404,5.75,6393.0
2024-03-01 10:45:00,ALLO,4.994999885559082,4.994999885559082,4.994999885559082,4.980000019073486,4.980000019073486,1100.0
2024-03-01 10:45:00,ALNY,154.8800048828125,154.8800048828125,154.94000244140625,154.8000030517578,154.8000030517578,905.0
2024-03-01 10:45:00,ALPN,35.959999084472656,35.959999084472656,35.959999084472656,35.83000183105469,35.83000183105469,406.0
2024-03-01 10:45:00,ALT,12.170000076293945,12.170000076293945,12.170000076293945,12.170000076293945,12.170000076293945,903.0
2024-03-01 10:45:00,ALXO,14.875,14.875,14.90999984741211,14.875,14.90999984741211,265.0
2024-03-01 10:45:00,AMGN,281.1025085449219,281.1025085449219,281.1199951171875,280.95001220703125,281.05999755859375,9966.0
2024-03-01 10:45:00,AMPH,45.8650016784668,45.8650016784668,45.970001220703125,45.84000015258789,45.900001525878906,1720.0
2024-03-01 10:45:00,AMRN,1.0298999547958374,1.0298999547958374,1.0298999547958374,1.024999976158142,1.024999976158142,1304.0
2024-03-01 10:45:00,ANGO,5.460000038146973,5.460000038146973,5.460000038146973,5.449999809265137,5.449999809265137,365.0
2024-03-01 10:45:00,ANNX,5.869999885559082,5.869999885559082,5.869999885559082,5.869999885559082,5.869999885559082,841.0
2024-03-01 10:45:00,APDN,0.5759000182151794,0.5759000182151794,0.5759000182151794,0.5759000182151794,0.5759000182151794,200.0
2024-03-01 10:45:00,APLS,64.16999816894531,64.16999816894531,64.38999938964844,64.0999984741211,64.2699966430664,3283.0
2024-03-01 10:45:00,APLT,7.170000076293945,7.170000076293945,7.175000190734863,7.159999847412109,7.170000076293945,1760.0
2024-03-01 10:45:00,AQST,4.239999771118164,4.239999771118164,4.240200042724609,4.230000019073486,4.240200042724609,4235.0
2024-03-01 10:45:00,ARCT,39.810001373291016,39.810001373291016,39.849998474121094,39.810001373291016,39.849998474121094,211.0
2024-03-01 10:45:00,ARDX,9.559700012207031,9.559700012207031,9.5600004196167,9.539999961853027,9.539999961853027,6497.0
2024-03-01 10:45:00,ARGX,389.07000732421875,389.07000732421875,389.07000732421875,388.8299865722656,388.8299865722656,765.0
2024-03-01 10:45:00,ARQT,11.180000305175781,11.180000305175781,11.180000305175781,11.130000114440918,11.130000114440918,3937.0
2024-03-01 10:45:00,ARVN,51.220001220703125,51.220001220703125,51.220001220703125,51.220001220703125,51.220001220703125,378.0
2024-03-01 10:45:00,ARWR,35.10499954223633,35.10499954223633,35.10499954223633,35.040000915527344,35.099998474121094,3172.0
2024-03-01 10:45:00,ASND,149.0,149.0,149.2100067138672,149.0,149.0,703.0
2024-03-01 10:45:00,ATEC,13.399999618530273,13.399999618530273,13.404999732971191,13.380000114440918,13.380000114440918,1886.0
2024-03-01 10:45:00,ATHA,3.9649999141693115,3.9649999141693115,3.9649999141693115,3.9649999141693115,3.9649999141693115,107.0
2024-03-01 10:45:00,ATRA,0.8029000163078308,0.8029000163078308,0.8098999857902527,0.8029000163078308,0.8055999875068665,11790.0
2024-03-01 10:45:00,ATRC,35.7400016784668,35.7400016784668,35.7400016784668,35.73500061035156,35.73500061035156,707.0
2024-03-01 10:45:00,ATXI,0.15279999375343323,0.15279999375343323,0.15279999375343323,0.1527000069618225,0.15279999375343323,6584.0
2024-03-01 10:45:00,ATXS,15.260000228881836,15.260000228881836,15.279000282287598,15.210000038146973,15.244999885559082,3735.0
2024-03-01 10:45:00,AUPH,5.812900066375732,5.812900066375732,5.812900066375732,5.804999828338623,5.804999828338623,1653.0
2024-03-01 10:45:00,AURA,9.220000267028809,9.220000267028809,9.220000267028809,9.220000267028809,9.220000267028809,1002.0
2024-03-01 10:45:00,AUTL,6.233099937438965,6.233099937438965,6.239999771118164,6.230000019073486,6.230000019073486,3362.0
2024-03-01 10:45:00,AVAH,2.3499999046325684,2.3499999046325684,2.3499999046325684,2.3499999046325684,2.3499999046325684,461.0
2024-03-01 10:45:00,AVDL,12.649999618530273,12.649999618530273,12.649999618530273,12.645000457763672,12.645000457763672,600.0
2024-03-01 10:45:00,AVIR,4.340000152587891,4.340000152587891,4.340000152587891,4.329999923706055,4.329999923706055,1230.0
2024-03-01 10:45:00,AVTE,22.350000381469727,22.350000381469727,22.350000381469727,22.350000381469727,22.350000381469727,100.0
2024-03-01 10:45:00,AVXL,5.309999942779541,5.309999942779541,5.309999942779541,5.309999942779541,5.309999942779541,422.0
2024-03-01 10:45:00,AXNX,67.44999694824219,67.44999694824219,67.5199966430664,67.43499755859375,67.5199966430664,2698.0
2024-03-01 10:45:00,AZN,64.56999969482422,64.56999969482422,64.58999633789062,64.55999755859375,64.55999755859375,3396.0
2024-03-01 10:45:00,BBIO,36.11000061035156,36.11000061035156,36.11000061035156,36.099998474121094,36.099998474121094,643.0
2024-03-01 10:45:00,BBLG,2.524899959564209,2.524899959564209,2.524899959564209,2.524899959564209,2.524899959564209,323.0
2024-03-01 10:45:00,BCAB,2.8399999141693115,2.8399999141693115,2.8499999046325684,2.825000047683716,2.8285999298095703,14987.0
2024-03-01 10:45:00,BCDA,0.5498999953269958,0.5498999953269958,0.5498999953269958,0.5498999953269958,0.5498999953269958,0.0
2024-03-01 10:45:00,BCRX,5.815000057220459,5.815000057220459,5.820000171661377,5.789999961853027,5.789999961853027,3284.0
2024-03-01 10:45:00,BEAM,40.5,40.5,40.5099983215332,40.439998626708984,40.5099983215332,1675.0
2024-03-01 10:45:00,BFRI,0.8745999932289124,0.8745999932289124,0.8745999932289124,0.8745999932289124,0.8745999932289124,612.0
2024-03-01 10:45:00,BIIB,219.78500366210938,219.78500366210938,219.78500366210938,219.78500366210938,219.78500366210938,257.0
2024-03-01 10:45:00,BIOL,0.1396999955177307,0.1396999955177307,0.1396999955177307,0.1396999955177307,0.1396999955177307,199.0
2024-03-01 10:45:00,BIOR,1.2295000553131104,1.2295000553131104,1.2295000553131104,1.2295000553131104,1.2295000553131104,105.0
2024-03-01 10:45:00,BIVI,2.4463999271392822,2.4463999271392822,2.4600000381469727,2.4000000953674316,2.4200000762939453,127856.0
2024-03-01 10:45:00,BLFS,18.170000076293945,18.170000076293945,18.170000076293945,18.170000076293945,18.170000076293945,339.0
2024-03-01 10:45:00,BLRX,1.3799999952316284,1.3799999952316284,1.3799999952316284,1.3799999952316284,1.3799999952316284,188.0
2024-03-01 10:45:00,BLUE,1.649999976158142,1.649999976158142,1.649999976158142,1.6349999904632568,1.6399999856948853,19165.0
2024-03-01 10:45:00,BMRN,86.54499816894531,86.54499816894531,86.56500244140625,86.4800033569336,86.5,4775.0
2024-03-01 10:45:00,BNGO,1.2549999952316284,1.2549999952316284,1.2549999952316284,1.2549999952316284,1.2549999952316284,417.0
2024-03-01 10:45:00,BNTX,91.68499755859375,91.68499755859375,91.70500183105469,91.66999816894531,91.68000030517578,1791.0
2024-03-01 10:45:00,BOLT,1.1894999742507935,1.1894999742507935,1.1894999742507935,1.184000015258789,1.1878999471664429,400.0
2024-03-01 10:45:00,BPMC,97.375,97.375,97.375,97.29000091552734,97.375,356.0
2024-03-01 10:45:00,BRKR,87.51499938964844,87.51499938964844,87.53500366210938,87.4800033569336,87.4800033569336,1322.0
2024-03-01 10:45:00,BRTX,1.4901000261306763,1.4901000261306763,1.4901000261306763,1.4901000261306763,1.4901000261306763,934.0
2024-03-01 10:45:00,BTAI,3.2500998973846436,3.2500998973846436,3.2500998973846436,3.2500998973846436,3.2500998973846436,387.0
2024-03-01 10:45:00,BTTX,0.16680000722408295,0.16680000722408295,0.1671999990940094,0.16680000722408295,0.1671999990940094,0.0
2024-03-01 10:45:00,BVS,4.679999828338623,4.679999828338623,4.679999828338623,4.679999828338623,4.679999828338623,2.0
2024-03-01 10:45:00,BYSI,1.4399000406265259,1.4399000406265259,1.4399000406265259,1.4399000406265259,1.4399000406265259,0.0
2024-03-01 10:45:00,CABA,24.020000457763672,24.020000457763672,24.049999237060547,24.020000457763672,24.049999237060547,552.0
2024-03-01 10:45:00,CBAY,32.22999954223633,32.22999954223633,32.22999954223633,32.220001220703125,32.22999954223633,7272.0
2024-03-01 10:45:00,CCCC,11.029999732971191,11.029999732971191,11.03499984741211,10.979999542236328,10.979999542236328,10455.0
2024-03-01 10:45:00,CCRN,18.0,18.0,18.0,18.0,18.0,172.0
2024-03-01 10:45:00,CDMO,8.029999732971191,8.029999732971191,8.029999732971191,8.010000228881836,8.020000457763672,549.0
2024-03-01 10:45:00,CDNA,12.070099830627441,12.070099830627441,12.070099830627441,12.010000228881836,12.015000343322754,2278.0
2024-03-01 10:45:00,CDXS,4.329100131988525,4.329100131988525,4.34499979019165,4.289999961853027,4.289999961853027,5146.0
2024-03-01 10:45:00,CELU,3.744999885559082,3.744999885559082,3.744999885559082,3.7005999088287354,3.734999895095825,1002.0
2024-03-01 10:45:00,CERE,41.16999816894531,41.16999816894531,41.16999816894531,41.15999984741211,41.15999984741211,414.0
2024-03-01 10:45:00,CERS,2.200000047683716,2.200000047683716,2.200000047683716,2.190000057220459,2.190000057220459,3678.0
2024-03-01 10:45:00,CERT,17.84000015258789,17.84000015258789,17.84000015258789,17.81999969482422,17.81999969482422,334.0
2024-03-01 10:45:00,CGC,3.2249999046325684,3.2249999046325684,3.2249999046325684,3.2249999046325684,3.2249999046325684,306.0
2024-03-01 10:45:00,CHRS,2.309999942779541,2.309999942779541,2.315000057220459,2.309999942779541,2.309999942779541,484.0
2024-03-01 10:45:00,CING,1.3600000143051147,1.3600000143051147,1.3799999952316284,1.350000023841858,1.3799999952316284,29402.0
2024-03-01 10:45:00,CKPT,2.1600000858306885,2.1600000858306885,2.1600000858306885,2.1600000858306885,2.1600000858306885,0.0
2024-03-01 10:45:00,CLDX,52.720001220703125,52.720001220703125,52.814998626708984,52.70000076293945,52.75,8427.0
2024-03-01 10:45:00,CLOV,0.8641999959945679,0.8641999959945679,0.8641999959945679,0.8623999953269958,0.862500011920929,14894.0
2024-03-01 10:45:00,CLRB,4.040900230407715,4.040900230407715,4.040900230407715,4.039999961853027,4.039999961853027,559.0
2024-03-01 10:45:00,CMPS,10.65999984741211,10.65999984741211,10.65999984741211,10.65999984741211,10.65999984741211,294.0
2024-03-01 10:45:00,CMPX,1.899999976158142,1.899999976158142,1.899999976158142,1.899999976158142,1.899999976158142,1299.0
2024-03-01 10:45:00,CNSP,0.3050000071525574,0.3050000071525574,0.3149999976158142,0.3050000071525574,0.3050000071525574,5370.0
2024-03-01 10:45:00,CODX,1.1500999927520752,1.1500999927520752,1.1500999927520752,1.1500999927520752,1.1500999927520752,637.0
2024-03-01 10:45:00,COGT,7.25,7.25,7.260000228881836,7.25,7.25,4279.0
2024-03-01 10:45:00,COLL,37.220001220703125,37.220001220703125,37.220001220703125,37.220001220703125,37.220001220703125,558.0
2024-03-01 10:45:00,CORT,23.815000534057617,23.815000534057617,23.815000534057617,23.790000915527344,23.790000915527344,1165.0
2024-03-01 10:45:00,CPRX,17.25,17.25,17.260000228881836,17.200000762939453,17.219999313354492,9637.0
2024-03-01 10:45:00,CPSI,9.399999618530273,9.399999618530273,9.399999618530273,9.399999618530273,9.399999618530273,339.0
2024-03-01 10:45:00,CRBP,31.257400512695312,31.257400512695312,31.274999618530273,31.25,31.270000457763672,760.0
2024-03-01 10:45:00,CRBU,8.09000015258789,8.09000015258789,8.09000015258789,8.069999694824219,8.069999694824219,841.0
2024-03-01 10:45:00,CRDF,2.4149999618530273,2.4149999618530273,2.5192999839782715,2.4100000858306885,2.509999990463257,84086.0
2024-03-01 10:45:00,CRMD,3.6772000789642334,3.6772000789642334,3.6772000789642334,3.6772000789642334,3.6772000789642334,0.0
2024-03-01 10:45:00,CRNX,45.5525016784668,45.5525016784668,45.5525016784668,45.52000045776367,45.52000045776367,508.0
2024-03-01 10:45:00,CRON,2.049999952316284,2.049999952316284,2.049999952316284,2.0450000762939453,2.0450000762939453,202.0
2024-03-01 10:45:00,CRSP,86.1050033569336,86.1050033569336,86.16000366210938,86.05999755859375,86.05999755859375,2181.0
2024-03-01 10:45:00,CRVS,2.180000066757202,2.180000066757202,2.180000066757202,2.180000066757202,2.180000066757202,200.0
2024-03-01 10:45:00,CSTL,20.049999237060547,20.049999237060547,20.049999237060547,20.049999237060547,20.049999237060547,938.0
2024-03-01 10:45:00,CTKB,8.119999885559082,8.119999885559082,8.119999885559082,8.114999771118164,8.119999885559082,491.0
2024-03-01 10:45:00,CUTR,2.3499999046325684,2.3499999046325684,2.3499999046325684,2.3499999046325684,2.3499999046325684,53.0
2024-03-01 10:45:00,CYTK,74.86750030517578,74.86750030517578,74.94999694824219,74.8499984741211,74.91000366210938,2611.0
2024-03-01 10:45:00,CYTO,2.1500000953674316,2.1500000953674316,2.1500000953674316,2.1500000953674316,2.1500000953674316,309.0
2024-03-01 10:45:00,DAWN,16.979999542236328,16.979999542236328,16.979999542236328,16.94499969482422,16.94499969482422,1050.0
2024-03-01 10:45:00,DCGO,4.110000133514404,4.110000133514404,4.118800163269043,4.110000133514404,4.113500118255615,2039.0
2024-03-01 10:45:00,DCPH,16.979999542236328,16.979999542236328,16.989999771118164,16.969999313354492,16.989999771118164,441.0
2024-03-01 10:45:00,DH,9.064499855041504,9.064499855041504,9.069999694824219,9.0600004196167,9.069999694824219,978.0
2024-03-01 10:45:00,DMTK,0.8799999952316284,0.8799999952316284,0.8799999952316284,0.8799999952316284,0.8799999952316284,1200.0
2024-03-01 10:45:00,DNLI,20.719999313354492,20.719999313354492,20.719999313354492,20.719999313354492,20.719999313354492,372.0
2024-03-01 10:45:00,DRRX,1.0049999952316284,1.0049999952316284,1.0049999952316284,1.0049999952316284,1.0049999952316284,101.0
2024-03-01 10:45:00,DRUG,1.7799999713897705,1.7799999713897705,1.7799999713897705,1.7799999713897705,1.7799999713897705,200.0
2024-03-01 10:45:00,DSGN,2.8949999809265137,2.8949999809265137,2.8949999809265137,2.8949999809265137,2.8949999809265137,200.0
2024-03-01 10:45:00,DTIL,12.600000381469727,12.600000381469727,12.600000381469727,12.59749984741211,12.599900245666504,738.0
2024-03-01 10:45:00,DVAX,12.755000114440918,12.755000114440918,12.755000114440918,12.755000114440918,12.755000114440918,156.0
2024-03-01 10:45:00,DXCM,118.75,118.75,118.75,118.48999786376953,118.54000091552734,5029.0
2024-03-01 10:45:00,DYN,29.5049991607666,29.5049991607666,29.709999084472656,29.5049991607666,29.65999984741211,5113.0
2024-03-01 10:45:00,EDIT,10.899999618530273,10.899999618530273,10.90999984741211,10.887900352478027,10.887900352478027,1681.0
2024-03-01 10:45:00,EGRX,6.485099792480469,6.485099792480469,6.485099792480469,6.485099792480469,6.485099792480469,918.0
2024-03-01 10:45:00,ELEV,5.079999923706055,5.079999923706055,5.079999923706055,5.050000190734863,5.079999923706055,1970.0
2024-03-01 10:45:00,EMBC,14.420000076293945,14.420000076293945,14.420000076293945,14.420000076293945,14.420000076293945,795.0
2024-03-01 10:45:00,ENTA,15.010000228881836,15.010000228881836,15.010000228881836,15.010000228881836,15.010000228881836,504.0
2024-03-01 10:45:00,ENVB,1.6900999546051025,1.6900999546051025,1.700600028038025,1.690000057220459,1.7000999450683594,68954.0
2024-03-01 10:45:00,EOLS,14.65999984741211,14.65999984741211,14.670000076293945,14.65999984741211,14.670000076293945,687.0
2024-03-01 10:45:00,ESPR,2.484999895095825,2.484999895095825,2.484999895095825,2.48009991645813,2.484999895095825,6990.0
2024-03-01 10:45:00,ESTA,45.75,45.75,45.75,45.72999954223633,45.72999954223633,325.0
2024-03-01 10:45:00,ETNB,13.005000114440918,13.005000114440918,13.005000114440918,12.960000038146973,12.979999542236328,577.0
2024-03-01 10:45:00,EWTX,16.950000762939453,16.950000762939453,16.950000762939453,16.924999237060547,16.940000534057617,1138.0
2024-03-01 10:45:00,EXAI,6.699999809265137,6.699999809265137,6.699999809265137,6.690000057220459,6.690000057220459,570.0
2024-03-01 10:45:00,EXAS,59.810001373291016,59.810001373291016,59.90999984741211,59.810001373291016,59.869998931884766,2131.0
2024-03-01 10:45:00,EXEL,22.440000534057617,22.440000534057617,22.454999923706055,22.440000534057617,22.454999923706055,1564.0
2024-03-01 10:45:00,EYEN,2.2000999450683594,2.2000999450683594,2.2000999450683594,2.190000057220459,2.199399948120117,4210.0
2024-03-01 10:45:00,FATE,7.525000095367432,7.525000095367432,7.545000076293945,7.505000114440918,7.539999961853027,5801.0
2024-03-01 10:45:00,FBIO,2.240000009536743,2.240000009536743,2.240000009536743,2.240000009536743,2.240000009536743,200.0
2024-03-01 10:45:00,FDMT,29.25,29.25,29.25,29.25,29.25,244.0
2024-03-01 10:45:00,FGEN,1.7400000095367432,1.7400000095367432,1.7450000047683716,1.7400000095367432,1.7400000095367432,2551.0
2024-03-01 10:45:00,FHTX,8.309200286865234,8.309200286865234,8.309200286865234,8.309200286865234,8.309200286865234,0.0
2024-03-01 10:45:00,FLGT,23.139999389648438,23.139999389648438,23.139999389648438,23.139999389648438,23.139999389648438,130.0
2024-03-01 10:45:00,FOLD,13.501799583435059,13.501799583435059,13.510000228881836,13.5,13.5,2449.0
2024-03-01 10:45:00,FULC,10.670000076293945,10.670000076293945,10.680000305175781,10.670000076293945,10.67490005493164,2300.0
2024-03-01 10:45:00,GDRX,8.299500465393066,8.299500465393066,8.3100004196167,8.299500465393066,8.3100004196167,1091.0
2024-03-01 10:45:00,GERN,2.119999885559082,2.119999885559082,2.119999885559082,2.115000009536743,2.115000009536743,1076.0
2024-03-01 10:45:00,GH,19.239999771118164,19.239999771118164,19.25,19.225000381469727,19.225000381469727,1206.0
2024-03-01 10:45:00,GILD,72.49079895019531,72.49079895019531,72.49169921875,72.45999908447266,72.46499633789062,8217.0
2024-03-01 10:45:00,GLPG,35.16999816894531,35.16999816894531,35.18000030517578,35.16999816894531,35.18000030517578,360.0
2024-03-01 10:45:00,GMAB,29.1200008392334,29.1200008392334,29.1200008392334,29.110000610351562,29.110000610351562,781.0
2024-03-01 10:45:00,GMDA,0.3785000145435333,0.3785000145435333,0.3785000145435333,0.37700000405311584,0.37700000405311584,1739.0
2024-03-01 10:45:00,GOSS,1.3600000143051147,1.3600000143051147,1.367799997329712,1.3600000143051147,1.3600000143051147,536.0
2024-03-01 10:45:00,GRFS,6.96999979019165,6.96999979019165,6.96999979019165,6.969900131225586,6.969900131225586,3309.0
2024-03-01 10:45:00,GRPH,3.490000009536743,3.490000009536743,3.490000009536743,3.490000009536743,3.490000009536743,800.0
2024-03-01 10:45:00,GRTS,2.190000057220459,2.190000057220459,2.190000057220459,2.179800033569336,2.179800033569336,16790.0
2024-03-01 10:45:00,GTHX,3.4700000286102295,3.4700000286102295,3.4700000286102295,3.4700000286102295,3.4700000286102295,0.0
2024-03-01 10:45:00,HALO,41.19499969482422,41.19499969482422,41.20000076293945,41.16999816894531,41.16999816894531,979.0
2024-03-01 10:45:00,HARP,22.940000534057617,22.940000534057617,22.940000534057617,22.93000030517578,22.93000030517578,3731.0
2024-03-01 10:45:00,HBIO,4.335000038146973,4.335000038146973,4.353799819946289,4.335000038146973,4.353799819946289,1152.0
2024-03-01 10:45:00,HCAT,7.949999809265137,7.949999809265137,7.965000152587891,7.940000057220459,7.940000057220459,6334.0
2024-03-01 10:45:00,HCM,15.430000305175781,15.430000305175781,15.447500228881836,15.430000305175781,15.447500228881836,400.0
2024-03-01 10:45:00,HCSG,12.710000038146973,12.710000038146973,12.71500015258789,12.710000038146973,12.710000038146973,1320.0
2024-03-01 10:45:00,HCTI,2.3499999046325684,2.3499999046325684,2.3499999046325684,2.3499999046325684,2.3499999046325684,348.0
2024-03-01 10:45:00,HLVX,18.899999618530273,18.899999618530273,18.899999618530273,18.899999618530273,18.899999618530273,121.0
2024-03-01 10:45:00,HOLX,73.93000030517578,73.93000030517578,73.93000030517578,73.93000030517578,73.93000030517578,430.0
2024-03-01 10:45:00,HRTX,2.6500000953674316,2.6500000953674316,2.6600000858306885,2.6500000953674316,2.6500000953674316,2738.0
2024-03-01 10:45:00,HSIC,77.30999755859375,77.30999755859375,77.30999755859375,77.30999755859375,77.30999755859375,364.0
2024-03-01 10:45:00,HUMA,3.1549999713897705,3.1549999713897705,3.1594998836517334,3.1549999713897705,3.1549999713897705,9853.0
2024-03-01 10:45:00,IART,36.959999084472656,36.959999084472656,36.959999084472656,36.959999084472656,36.959999084472656,959.0
2024-03-01 10:45:00,IBRX,4.869999885559082,4.869999885559082,4.880000114440918,4.859000205993652,4.859000205993652,5887.0
2024-03-01 10:45:00,ICLR,322.32000732421875,322.32000732421875,322.5,322.25,322.4200134277344,4882.0
2024-03-01 10:45:00,ICUI,106.77999877929688,106.77999877929688,106.77999877929688,106.77999877929688,106.77999877929688,171.0
2024-03-01 10:45:00,IDYA,46.06999969482422,46.06999969482422,46.06999969482422,45.9900016784668,45.9900016784668,528.0
2024-03-01 10:45:00,IGMS,13.779999732971191,13.779999732971191,13.779999732971191,13.779999732971191,13.779999732971191,183.0
2024-03-01 10:45:00,ILMN,140.83999633789062,140.83999633789062,140.86000061035156,140.8300018310547,140.8300018310547,874.0
2024-03-01 10:45:00,IMAB,1.850000023841858,1.850000023841858,1.850000023841858,1.840000033378601,1.8496999740600586,464.0
2024-03-01 10:45:00,IMCR,68.04000091552734,68.04000091552734,68.04000091552734,68.04000091552734,68.04000091552734,200.0
2024-03-01 10:45:00,IMMX,3.549999952316284,3.549999952316284,3.569999933242798,3.549999952316284,3.569999933242798,400.0
2024-03-01 10:45:00,IMVT,36.33000183105469,36.33000183105469,36.33000183105469,36.275001525878906,36.275001525878906,1559.0
2024-03-01 10:45:00,INCY,59.2400016784668,59.2400016784668,59.290000915527344,59.2400016784668,59.290000915527344,443.0
2024-03-01 10:45:00,INGN,6.769999980926514,6.769999980926514,6.769999980926514,6.769999980926514,6.769999980926514,204.0
2024-03-01 10:45:00,INMD,22.90999984741211,22.90999984741211,22.93000030517578,22.90999984741211,22.912399291992188,4045.0
2024-03-01 10:45:00,INSM,28.34000015258789,28.34000015258789,28.350000381469727,28.31999969482422,28.31999969482422,2274.0
2024-03-01 10:45:00,INVA,15.460000038146973,15.460000038146973,15.460000038146973,15.454999923706055,15.457500457763672,819.0
2024-03-01 10:45:00,INZY,6.510000228881836,6.510000228881836,6.510000228881836,6.510000228881836,6.510000228881836,329.0
2024-03-01 10:45:00,IONS,45.869998931884766,45.869998931884766,45.869998931884766,45.84000015258789,45.84000015258789,710.0
2024-03-01 10:45:00,IOVA,16.479999542236328,16.479999542236328,16.500099182128906,16.479999542236328,16.4950008392334,10490.0
2024-03-01 10:45:00,IRWD,8.920000076293945,8.920000076293945,8.960000038146973,8.920000076293945,8.954999923706055,18816.0
2024-03-01 10:45:00,ISRG,391.2900085449219,391.2900085449219,391.2900085449219,391.1000061035156,391.1000061035156,1026.0
2024-03-01 10:45:00,ITCI,71.08999633789062,71.08999633789062,71.2699966430664,71.08999633789062,71.1500015258789,18957.0
2024-03-01 10:45:00,ITOS,10.760000228881836,10.760000228881836,10.760000228881836,10.760000228881836,10.760000228881836,496.0
2024-03-01 10:45:00,JAGX,0.08049999922513962,0.08049999922513962,0.08299999684095383,0.07999999821186066,0.08250000327825546,636624.0
2024-03-01 10:45:00,JANX,46.470001220703125,46.470001220703125,46.679500579833984,46.470001220703125,46.679500579833984,1373.0
2024-03-01 10:45:00,JAZZ,119.79000091552734,119.79000091552734,119.79000091552734,119.72010040283203,119.72010040283203,15097.0
2024-03-01 10:45:00,JYNT,9.949999809265137,9.949999809265137,9.949999809265137,9.949999809265137,9.949999809265137,126.0
2024-03-01 10:45:00,KALV,13.994999885559082,13.994999885559082,13.994999885559082,13.979999542236328,13.994999885559082,1355.0
2024-03-01 10:45:00,KNSA,21.860000610351562,21.860000610351562,21.8700008392334,21.860000610351562,21.860000610351562,1318.0
2024-03-01 10:45:00,KOD,6.090000152587891,6.090000152587891,6.090000152587891,6.090000152587891,6.090000152587891,407.0
2024-03-01 10:45:00,KPTI,1.2102999687194824,1.2102999687194824,1.215000033378601,1.2050000429153442,1.2100000381469727,0.0
2024-03-01 10:45:00,KRYS,168.18499755859375,168.18499755859375,168.18499755859375,168.18499755859375,168.18499755859375,293.0
2024-03-01 10:45:00,KTRA,0.10100000351667404,0.10100000351667404,0.10100000351667404,0.10100000351667404,0.10100000351667404,2600.0
2024-03-01 10:45:00,KURA,21.270000457763672,21.270000457763672,21.280000686645508,21.239999771118164,21.239999771118164,3094.0
2024-03-01 10:45:00,KYMR,44.47999954223633,44.47999954223633,44.47999954223633,44.47999954223633,44.47999954223633,376.0
2024-03-01 10:45:00,KZIA,0.23350000381469727,0.23350000381469727,0.23350000381469727,0.23350000381469727,0.23350000381469727,800.0
2024-03-01 10:45:00,KZR,1.1298999786376953,1.1298999786376953,1.1299999952316284,1.1200000047683716,1.1200000047683716,3707.0
2024-03-01 10:45:00,LAB,2.3450000286102295,2.3450000286102295,2.3450000286102295,2.3450000286102295,2.3450000286102295,198.0
2024-03-01 10:45:00,LBPH,22.06999969482422,22.06999969482422,22.06999969482422,22.06999969482422,22.06999969482422,173.0
2024-03-01 10:45:00,LEGN,65.77999877929688,65.77999877929688,65.77999877929688,65.77999877929688,65.77999877929688,453.0
2024-03-01 10:45:00,LEXX,2.4684998989105225,2.4684998989105225,2.4684998989105225,2.4684998989105225,2.4684998989105225,1002.0
2024-03-01 10:45:00,LFST,7.994999885559082,7.994999885559082,8.010000228881836,7.990900039672852,8.0,5709.0
2024-03-01 10:45:00,LMAT,67.58000183105469,67.58000183105469,67.58399963378906,67.58000183105469,67.58399963378906,267.0
2024-03-01 10:45:00,LNTH,65.43499755859375,65.43499755859375,65.52999877929688,65.41000366210938,65.48999786376953,1508.0
2024-03-01 10:45:00,LPCN,3.7701001167297363,3.7701001167297363,3.7701001167297363,3.7701001167297363,3.7701001167297363,206.0
2024-03-01 10:45:00,LQDA,14.46500015258789,14.46500015258789,14.46500015258789,14.46500015258789,14.46500015258789,108.0
2024-03-01 10:45:00,LRMR,11.029999732971191,11.029999732971191,11.069999694824219,11.010000228881836,11.010000228881836,1364.0
2024-03-01 10:45:00,LUNG,9.180000305175781,9.180000305175781,9.180000305175781,9.180000305175781,9.180000305175781,624.0
2024-03-01 10:45:00,LVTX,3.0799999237060547,3.0799999237060547,3.0799999237060547,3.0399999618530273,3.049999952316284,0.0
2024-03-01 10:45:00,LXRX,2.430000066757202,2.430000066757202,2.430000066757202,2.4200000762939453,2.4200000762939453,2909.0
2024-03-01 10:45:00,LYEL,3.121500015258789,3.121500015258789,3.130000114440918,3.121500015258789,3.130000114440918,928.0
2024-03-01 10:45:00,MASI,127.02999877929688,127.02999877929688,127.02999877929688,127.02999877929688,127.02999877929688,332.0
2024-03-01 10:45:00,MASS,7.309999942779541,7.309999942779541,7.309999942779541,7.309999942779541,7.309999942779541,389.0
2024-03-01 10:45:00,MCRB,1.1861000061035156,1.1861000061035156,1.1861000061035156,1.1800999641418457,1.1800999641418457,3276.0
2024-03-01 10:45:00,MDGS,2.690000057220459,2.690000057220459,2.6900999546051025,2.690000057220459,2.6900999546051025,305.0
2024-03-01 10:45:00,MDRX,5.769999980926514,5.769999980926514,5.770400047302246,5.769999980926514,5.770400047302246,1190.0
2024-03-01 10:45:00,MDXG,8.505000114440918,8.505000114440918,8.510000228881836,8.494999885559082,8.5,5681.0
2024-03-01 10:45:00,MEDP,400.94000244140625,400.94000244140625,400.94000244140625,400.5,400.5,211.0
2024-03-01 10:45:00,MESO,2.0299999713897705,2.0299999713897705,2.0387001037597656,2.0299999713897705,2.0387001037597656,3098.0
2024-03-01 10:45:00,MGNX,19.09000015258789,19.09000015258789,19.09000015258789,19.049999237060547,19.070499420166016,11775.0
2024-03-01 10:45:00,MLTX,51.89500045776367,51.89500045776367,52.029998779296875,51.89500045776367,52.0099983215332,644.0
2024-03-01 10:45:00,MMSI,76.62999725341797,76.62999725341797,76.69000244140625,76.58999633789062,76.69000244140625,2427.0
2024-03-01 10:45:00,MNKD,4.565000057220459,4.565000057220459,4.570000171661377,4.5609002113342285,4.565000057220459,2626.0
2024-03-01 10:45:00,MNMD,5.859899997711182,5.859899997711182,5.860000133514404,5.849999904632568,5.860000133514404,948.0
2024-03-01 10:45:00,MOR,17.690000534057617,17.690000534057617,17.695899963378906,17.690000534057617,17.695899963378906,1636.0
2024-03-01 10:45:00,MREO,3.8550000190734863,3.8550000190734863,3.8585000038146973,3.8550000190734863,3.8585000038146973,1475.0
2024-03-01 10:45:00,MRNA,95.13999938964844,95.13999938964844,95.16999816894531,94.87999725341797,94.87999725341797,11193.0
2024-03-01 10:45:00,MRSN,5.800000190734863,5.800000190734863,5.840000152587891,5.800000190734863,5.8196001052856445,2559.0
2024-03-01 10:45:00,MRUS,49.880001068115234,49.880001068115234,49.880001068115234,49.845001220703125,49.845001220703125,495.0
2024-03-01 10:45:00,MRVI,7.804999828338623,7.804999828338623,7.804999828338623,7.769999980926514,7.769999980926514,2006.0
2024-03-01 10:45:00,MTEM,3.799999952316284,3.799999952316284,3.799999952316284,3.799999952316284,3.799999952316284,156.0
2024-03-01 10:45:00,MXCT,4.789999961853027,4.789999961853027,4.800000190734863,4.789999961853027,4.800000190734863,3402.0
2024-03-01 10:45:00,MYGN,21.30500030517578,21.30500030517578,21.31999969482422,21.30500030517578,21.31999969482422,651.0
2024-03-01 10:45:00,MYNZ,0.8626999855041504,0.8626999855041504,0.8651000261306763,0.8626999855041504,0.8651000261306763,3000.0
2024-03-01 10:45:00,NARI,45.63999938964844,45.63999938964844,45.779998779296875,45.619998931884766,45.619998931884766,8107.0
2024-03-01 10:45:00,NAUT,2.6686999797821045,2.6686999797821045,2.705399990081787,2.6666998863220215,2.6666998863220215,201.0
2024-03-01 10:45:00,NBIX,130.94000244140625,130.94000244140625,130.94000244140625,130.94000244140625,130.94000244140625,941.0
2024-03-01 10:45:00,NEO,16.030000686645508,16.030000686645508,16.030000686645508,16.020000457763672,16.020000457763672,1144.0
2024-03-01 10:45:00,NEOG,17.170000076293945,17.170000076293945,17.170000076293945,17.135000228881836,17.135000228881836,1643.0
2024-03-01 10:45:00,NERV,2.5144999027252197,2.5144999027252197,2.5144999027252197,2.4851999282836914,2.4851999282836914,0.0
2024-03-01 10:45:00,NKTX,12.470000267028809,12.470000267028809,12.470000267028809,12.470000267028809,12.470000267028809,361.0
2024-03-01 10:45:00,NNOX,10.970000267028809,10.970000267028809,10.979999542236328,10.949999809265137,10.949999809265137,4330.0
2024-03-01 10:45:00,NOTV,7.829999923706055,7.829999923706055,7.829999923706055,7.809999942779541,7.820000171661377,3149.0
2024-03-01 10:45:00,NRC,40.599998474121094,40.599998474121094,40.599998474121094,40.599998474121094,40.599998474121094,700.0
2024-03-01 10:45:00,NRIX,13.25,13.25,13.25,13.25,13.25,285.0
2024-03-01 10:45:00,NRXP,0.42989999055862427,0.42989999055862427,0.4300999939441681,0.42989999055862427,0.4300999939441681,23665.0
2024-03-01 10:45:00,NTLA,33.40999984741211,33.40999984741211,33.470001220703125,33.39500045776367,33.43000030517578,8515.0
2024-03-01 10:45:00,NTRA,89.11000061035156,89.11000061035156,89.16999816894531,89.05000305175781,89.16999816894531,4522.0
2024-03-01 10:45:00,NVAX,5.1691999435424805,5.1691999435424805,5.170000076293945,5.130099773406982,5.149899959564209,26734.0
2024-03-01 10:45:00,NVCR,15.848899841308594,15.848899841308594,15.848899841308594,15.84000015258789,15.84000015258789,559.0
2024-03-01 10:45:00,NVNO,6.470300197601318,6.470300197601318,6.470300197601318,6.470300197601318,6.470300197601318,200.0
2024-03-01 10:45:00,NXTC,1.784999966621399,1.784999966621399,1.784999966621399,1.784999966621399,1.784999966621399,1601.0
2024-03-01 10:45:00,OCUL,10.369999885559082,10.369999885559082,10.369999885559082,10.369999885559082,10.369999885559082,791.0
2024-03-01 10:45:00,OCUP,2.509999990463257,2.509999990463257,2.509999990463257,2.509999990463257,2.509999990463257,200.0
2024-03-01 10:45:00,OFIX,12.994999885559082,12.994999885559082,12.994999885559082,12.989999771118164,12.989999771118164,327.0
2024-03-01 10:45:00,OLMA,12.680000305175781,12.680000305175781,12.680000305175781,12.680000305175781,12.680000305175781,396.0
2024-03-01 10:45:00,OM,3.079900026321411,3.079900026321411,3.079900026321411,3.049999952316284,3.049999952316284,2949.0
2024-03-01 10:45:00,OMCL,26.3799991607666,26.3799991607666,26.3799991607666,26.354999542236328,26.354999542236328,951.0
2024-03-01 10:45:00,OMGA,4.135000228881836,4.135000228881836,4.139999866485596,4.135000228881836,4.139900207519531,1634.0
2024-03-01 10:45:00,ONCT,9.760000228881836,9.760000228881836,9.760000228881836,9.760000228881836,9.760000228881836,496.0
2024-03-01 10:46:00,ABEO,7.696700096130371,7.696700096130371,7.696700096130371,7.640100002288818,7.640100002288818,5600.0
2024-03-01 10:46:00,ABOS,4.659999847412109,4.659999847412109,4.659999847412109,4.659999847412109,4.659999847412109,105.0
2024-03-01 10:46:00,ABSI,5.21999979019165,5.21999979019165,5.230000019073486,5.21999979019165,5.230000019073486,1001.0
2024-03-01 10:46:00,ABUS,2.7750000953674316,2.7750000953674316,2.7750000953674316,2.7750000953674316,2.7750000953674316,2000.0
2024-03-01 10:46:00,ACAD,24.075000762939453,24.075000762939453,24.075000762939453,24.030000686645508,24.039199829101562,1818.0
2024-03-01 10:46:00,ACB,3.0734000205993652,3.0734000205993652,3.0734000205993652,3.059999942779541,3.059999942779541,2575.0
2024-03-01 10:46:00,ACET,2.365000009536743,2.365000009536743,2.365000009536743,2.365000009536743,2.365000009536743,101.0
2024-03-01 10:46:00,ACHC,83.61000061035156,83.61000061035156,83.65499877929688,83.61000061035156,83.6500015258789,3150.0
2024-03-01 10:46:00,ACHL,1.3300000429153442,1.3300000429153442,1.339400053024292,1.3300000429153442,1.339400053024292,3797.0
2024-03-01 10:46:00,ACLX,68.75749969482422,68.75749969482422,68.75749969482422,68.75499725341797,68.75499725341797,604.0
2024-03-01 10:46:00,ACRS,1.2274999618530273,1.2274999618530273,1.2300000190734863,1.2200000286102295,1.2300000190734863,17012.0
2024-03-01 10:46:00,ADIL,3.625,3.625,3.640000104904175,3.5248000621795654,3.5248000621795654,241428.0
2024-03-01 10:46:00,ADMA,5.379799842834473,5.379799842834473,5.380000114440918,5.364999771118164,5.364999771118164,4319.0
2024-03-01 10:46:00,ADPT,4.210000038146973,4.210000038146973,4.210000038146973,4.204999923706055,4.206699848175049,2382.0
2024-03-01 10:46:00,ADVM,1.9299999475479126,1.9299999475479126,1.9299999475479126,1.9299999475479126,1.9299999475479126,598.0
2024-03-01 10:46:00,AFMD,0.6137999892234802,0.6137999892234802,0.6137999892234802,0.6137999892234802,0.6137999892234802,2000.0
2024-03-01 10:46:00,AGEN,0.6715999841690063,0.6715999841690063,0.6715999841690063,0.6715999841690063,0.6715999841690063,11200.0
2024-03-01 10:46:00,AGIO,32.72999954223633,32.72999954223633,32.72999954223633,32.72999954223633,32.72999954223633,105.0
2024-03-01 10:46:00,AIMD,0.9900000095367432,0.9900000095367432,0.9958000183105469,0.9879999756813049,0.9958000183105469,600.0
2024-03-01 10:46:00,AIRS,6.570000171661377,6.570000171661377,6.590000152587891,6.570000171661377,6.590000152587891,671.0
2024-03-01 10:46:00,AKAN,0.25,0.25,0.25,0.25,0.25,0.0
2024-03-01 10:46:00,AKBA,1.6449999809265137,1.6449999809265137,1.649999976158142,1.6449999809265137,1.649999976158142,4437.0
2024-03-01 10:46:00,AKRO,28.395000457763672,28.395000457763672,28.395000457763672,28.34000015258789,28.34000015258789,2414.0
2024-03-01 10:46:00,AKYA,5.880000114440918,5.880000114440918,5.914999961853027,5.880000114440918,5.914999961853027,381.0
2024-03-01 10:46:00,ALDX,4.09499979019165,4.09499979019165,4.09499979019165,4.09499979019165,4.09499979019165,164.0
2024-03-01 10:46:00,ALEC,7.525599956512451,7.525599956512451,7.525599956512451,7.514999866485596,7.514999866485596,530.0
2024-03-01 10:46:00,ALHC,5.764999866485596,5.764999866485596,5.78000020980835,5.75,5.75,3960.0
2024-03-01 10:46:00,ALKS,30.155000686645508,30.155000686645508,30.155000686645508,30.145000457763672,30.149999618530273,1735.0
2024-03-01 10:46:00,ALLO,4.994999885559082,4.994999885559082,4.994999885559082,4.994999885559082,4.994999885559082,139.0
2024-03-01 10:46:00,ALNY,155.0,155.0,155.1300048828125,155.0,155.0500030517578,1113.0
2024-03-01 10:46:00,ALT,12.140000343322754,12.140000343322754,12.170000076293945,12.119999885559082,12.170000076293945,18808.0
2024-03-01 10:46:00,ALVO,15.657500267028809,15.657500267028809,15.657500267028809,15.657500267028809,15.657500267028809,117.0
2024-03-01 10:46:00,AMED,93.3499984741211,93.3499984741211,93.3499984741211,93.3499984741211,93.3499984741211,128.0
2024-03-01 10:46:00,AMGN,281.0150146484375,281.0150146484375,281.1400146484375,280.8800048828125,281.1400146484375,13252.0
2024-03-01 10:46:00,AMLX,18.810100555419922,18.810100555419922,18.850000381469727,18.810100555419922,18.829999923706055,524.0
2024-03-01 10:46:00,AMPH,45.835899353027344,45.835899353027344,45.835899353027344,45.810001373291016,45.81999969482422,939.0
2024-03-01 10:46:00,AMRN,1.024999976158142,1.024999976158142,1.0299999713897705,1.024999976158142,1.024999976158142,13494.0
2024-03-01 10:46:00,ANGO,5.454999923706055,5.454999923706055,5.454999923706055,5.454999923706055,5.454999923706055,131.0
2024-03-01 10:46:00,ANIX,3.555000066757202,3.555000066757202,3.555000066757202,3.555000066757202,3.555000066757202,102.0
2024-03-01 10:46:00,ANNX,5.869999885559082,5.869999885559082,5.909900188446045,5.869999885559082,5.869999885559082,3901.0
2024-03-01 10:46:00,ANTX,2.9600000381469727,2.9600000381469727,2.9600000381469727,2.9600000381469727,2.9600000381469727,152.0
2024-03-01 10:46:00,APLS,64.4175033569336,64.4175033569336,64.4175033569336,64.12000274658203,64.20999908447266,3870.0
2024-03-01 10:46:00,APLT,7.139999866485596,7.139999866485596,7.179999828338623,7.139999866485596,7.170000076293945,2300.0
2024-03-01 10:46:00,AQST,4.230000019073486,4.230000019073486,4.244999885559082,4.230000019073486,4.244999885559082,4962.0
2024-03-01 10:46:00,ARAY,2.625,2.625,2.630000114440918,2.625,2.630000114440918,1560.0
2024-03-01 10:46:00,ARCT,39.84000015258789,39.84000015258789,39.88999938964844,39.84000015258789,39.880001068115234,491.0
2024-03-01 10:46:00,ARDX,9.555000305175781,9.555000305175781,9.5600004196167,9.539999961853027,9.559300422668457,6444.0
2024-03-01 10:46:00,ARGX,389.6824951171875,389.6824951171875,389.68499755859375,389.29998779296875,389.29998779296875,848.0
2024-03-01 10:46:00,ARQT,11.220000267028809,11.220000267028809,11.229999542236328,11.180000305175781,11.180000305175781,10325.0
2024-03-01 10:46:00,ARVN,51.220001220703125,51.220001220703125,51.290000915527344,51.209999084472656,51.209999084472656,847.0
2024-03-01 10:46:00,ARWR,35.095001220703125,35.095001220703125,35.095001220703125,35.095001220703125,35.095001220703125,156.0
2024-03-01 10:46:00,ASLN,0.8399999737739563,0.8399999737739563,0.8399999737739563,0.8399999737739563,0.8399999737739563,997.0
2024-03-01 10:46:00,ASND,149.0,149.0,149.0,149.0,149.0,0.0
2024-03-01 10:46:00,ATEC,13.414999961853027,13.414999961853027,13.414999961853027,13.399999618530273,13.399999618530273,770.0
2024-03-01 10:46:00,ATHA,3.9649999141693115,3.9649999141693115,3.9649999141693115,3.9649999141693115,3.9649999141693115,121.0
2024-03-01 10:46:00,ATOS,0.9900000095367432,0.9900000095367432,0.9900000095367432,0.9810000061988831,0.9810000061988831,0.0
2024-03-01 10:46:00,ATRA,0.8098999857902527,0.8098999857902527,0.8098999857902527,0.8064000010490417,0.8064000010490417,1028.0
2024-03-01 10:46:00,ATRC,35.790000915527344,35.790000915527344,35.790000915527344,35.77000045776367,35.77000045776367,677.0
2024-03-01 10:46:00,ATXI,0.15209999680519104,0.15209999680519104,0.15209999680519104,0.15199999511241913,0.15199999511241913,6322.0
2024-03-01 10:46:00,ATXS,15.270000457763672,15.270000457763672,15.270000457763672,15.239999771118164,15.239999771118164,1448.0
2024-03-01 10:46:00,AUPH,5.815000057220459,5.815000057220459,5.815000057220459,5.815000057220459,5.815000057220459,311.0
2024-03-01 10:46:00,AURA,9.164999961853027,9.164999961853027,9.164999961853027,9.164999961853027,9.164999961853027,125.0
2024-03-01 10:46:00,AUTL,6.235000133514404,6.235000133514404,6.239999771118164,6.235000133514404,6.239999771118164,1920.0
2024-03-01 10:46:00,AVDL,12.531000137329102,12.531000137329102,12.64009952545166,12.529999732971191,12.64009952545166,18258.0
2024-03-01 10:46:00,AVIR,4.349999904632568,4.349999904632568,4.349999904632568,4.349999904632568,4.349999904632568,457.0
2024-03-01 10:46:00,AVTE,22.59000015258789,22.59000015258789,22.59000015258789,22.489999771118164,22.489999771118164,1175.0
2024-03-01 10:46:00,AVXL,5.315000057220459,5.315000057220459,5.315000057220459,5.309999942779541,5.309999942779541,969.0
2024-03-01 10:46:00,AXGN,10.460000038146973,10.460000038146973,10.460000038146973,10.460000038146973,10.460000038146973,1003.0
2024-03-01 10:46:00,AXNX,67.41000366210938,67.41000366210938,67.44000244140625,67.41000366210938,67.43009948730469,1515.0
2024-03-01 10:46:00,AXSM,84.0,84.0,84.01499938964844,84.0,84.01499938964844,520.0
2024-03-01 10:46:00,AZN,64.58999633789062,64.58999633789062,64.5999984741211,64.58000183105469,64.58000183105469,2066.0
2024-03-01 10:46:00,BBIO,36.15999984741211,36.15999984741211,36.15999984741211,36.15999984741211,36.15999984741211,512.0
2024-03-01 10:46:00,BCAB,2.8350000381469727,2.8350000381469727,2.8350000381469727,2.8350000381469727,2.8350000381469727,371.0
2024-03-01 10:46:00,BCEL,0.2718999981880188,0.2718999981880188,0.2718999981880188,0.2718999981880188,0.2718999981880188,1000.0
2024-03-01 10:46:00,BCRX,5.810100078582764,5.810100078582764,5.815000057220459,5.810100078582764,5.815000057220459,2521.0
2024-03-01 10:46:00,BCYC,25.8700008392334,25.8700008392334,25.8700008392334,25.8700008392334,25.8700008392334,303.0
2024-03-01 10:46:00,BDTX,5.105000019073486,5.105000019073486,5.114999771118164,5.09499979019165,5.09499979019165,1254.0
2024-03-01 10:46:00,BEAM,40.65629959106445,40.65629959106445,40.68000030517578,40.470001220703125,40.5,4692.0
2024-03-01 10:46:00,BFRI,0.8748999834060669,0.8748999834060669,0.8748999834060669,0.8748999834060669,0.8748999834060669,231.0
2024-03-01 10:46:00,BGNE,167.0399932861328,167.0399932861328,167.19000244140625,167.0399932861328,167.13499450683594,823.0
2024-03-01 10:46:00,BIAF,2.3399999141693115,2.3399999141693115,2.3399999141693115,2.3399999141693115,2.3399999141693115,146.0
2024-03-01 10:46:00,BIIB,219.99000549316406,219.99000549316406,219.99000549316406,219.72000122070312,219.72000122070312,471.0
2024-03-01 10:46:00,BIOR,1.2115000486373901,1.2115000486373901,1.2115000486373901,1.2115000486373901,1.2115000486373901,488.0
2024-03-01 10:46:00,BIVI,2.4598000049591064,2.4598000049591064,2.4700000286102295,2.43179988861084,2.447499990463257,76471.0
2024-03-01 10:46:00,BLUE,1.6478999853134155,1.6478999853134155,1.649999976158142,1.6401000022888184,1.649999976158142,2464.0
2024-03-01 10:46:00,BMEA,17.790000915527344,17.790000915527344,17.790000915527344,17.790000915527344,17.790000915527344,300.0
2024-03-01 10:46:00,BMRN,86.55000305175781,86.55000305175781,86.58999633789062,86.52999877929688,86.55000305175781,3748.0
2024-03-01 10:46:00,BNOX,1.2300000190734863,1.2300000190734863,1.2300000190734863,1.2300000190734863,1.2300000190734863,600.0
2024-03-01 10:46:00,BNTC,5.079999923706055,5.079999923706055,5.079999923706055,5.077700138092041,5.079999923706055,523.0
2024-03-01 10:46:00,BNTX,91.5199966430664,91.5199966430664,91.58999633789062,91.5199966430664,91.58999633789062,632.0
2024-03-01 10:46:00,BOLT,1.159999966621399,1.159999966621399,1.190000057220459,1.159999966621399,1.190000057220459,10601.0
2024-03-01 10:46:00,BPMC,97.38999938964844,97.38999938964844,97.40499877929688,97.38999938964844,97.40499877929688,367.0
2024-03-01 10:46:00,BRKR,87.61499786376953,87.61499786376953,87.61499786376953,87.55999755859375,87.55999755859375,1240.0
2024-03-01 10:46:00,BRTX,1.4900000095367432,1.4900000095367432,1.499400019645691,1.4900000095367432,1.499400019645691,599.0
2024-03-01 10:46:00,BSGM,0.6700000166893005,0.6700000166893005,0.6700000166893005,0.6700000166893005,0.6700000166893005,324.0
2024-03-01 10:46:00,BTAI,3.259999990463257,3.259999990463257,3.259999990463257,3.259999990463257,3.259999990463257,812.0
2024-03-01 10:46:00,BTTX,0.16779999434947968,0.16779999434947968,0.16779999434947968,0.16779999434947968,0.16779999434947968,999.0
2024-03-01 10:46:00,BWAY,6.619999885559082,6.619999885559082,6.619999885559082,6.619900226593018,6.619900226593018,915.0
2024-03-01 10:46:00,CABA,24.010000228881836,24.010000228881836,24.049999237060547,24.010000228881836,24.020000457763672,2636.0
2024-03-01 10:46:00,CBAY,32.220001220703125,32.220001220703125,32.224998474121094,32.21500015258789,32.224998474121094,1705.0
2024-03-01 10:46:00,CCCC,11.095000267028809,11.095000267028809,11.10990047454834,11.020000457763672,11.03499984741211,25563.0
2024-03-01 10:46:00,CCRN,18.0,18.0,18.0,18.0,18.0,211.0
2024-03-01 10:46:00,CDMO,8.050000190734863,8.050000190734863,8.050000190734863,8.050000190734863,8.050000190734863,205.0
2024-03-01 10:46:00,CDNA,12.037300109863281,12.037300109863281,12.050000190734863,12.037300109863281,12.039999961853027,3096.0
2024-03-01 10:46:00,CDXS,4.375,4.375,4.380000114440918,4.335000038146973,4.335000038146973,7795.0
2024-03-01 10:46:00,CELU,3.76990008354187,3.76990008354187,3.76990008354187,3.76990008354187,3.76990008354187,171.0
2024-03-01 10:46:00,CERE,41.189998626708984,41.189998626708984,41.189998626708984,41.17499923706055,41.17499923706055,795.0
2024-03-01 10:46:00,CERS,2.200000047683716,2.200000047683716,2.200000047683716,2.1910998821258545,2.1910998821258545,2219.0
2024-03-01 10:46:00,CERT,17.84000015258789,17.84000015258789,17.850000381469727,17.84000015258789,17.850000381469727,326.0
2024-03-01 10:46:00,CGC,3.244999885559082,3.244999885559082,3.246000051498413,3.2200000286102295,3.2249999046325684,5389.0
2024-03-01 10:46:00,CLDX,52.70000076293945,52.70000076293945,52.790000915527344,52.689998626708984,52.709999084472656,8238.0
2024-03-01 10:46:00,CLOV,0.8641999959945679,0.8641999959945679,0.8644000291824341,0.8629000186920166,0.8641999959945679,32413.0
2024-03-01 10:46:00,CLPT,6.449999809265137,6.449999809265137,6.449999809265137,6.449999809265137,6.449999809265137,375.0
2024-03-01 10:46:00,CMPS,10.6899995803833,10.6899995803833,10.6899995803833,10.670000076293945,10.680000305175781,2918.0
2024-03-01 10:46:00,CMRX,1.1200000047683716,1.1200000047683716,1.12909996509552,1.1200000047683716,1.12909996509552,0.0
2024-03-01 10:46:00,CNSP,0.3100000023841858,0.3100000023841858,0.3149000108242035,0.3100000023841858,0.3149000108242035,3249.0
2024-03-01 10:46:00,CNTG,0.6700000166893005,0.6700000166893005,0.6700000166893005,0.6700000166893005,0.6700000166893005,309.0
2024-03-01 10:46:00,COGT,7.284999847412109,7.284999847412109,7.284999847412109,7.260000228881836,7.260000228881836,1656.0
2024-03-01 10:46:00,COLL,37.244998931884766,37.244998931884766,37.244998931884766,37.2400016784668,37.244998931884766,1356.0
2024-03-01 10:46:00,CORT,23.81999969482422,23.81999969482422,23.81999969482422,23.799999237060547,23.809999465942383,1659.0
2024-03-01 10:46:00,COSM,0.7688000202178955,0.7688000202178955,0.7688000202178955,0.7687000036239624,0.7687000036239624,1200.0
2024-03-01 10:46:00,CPRX,17.260000228881836,17.260000228881836,17.270000457763672,17.25,17.25,2326.0
2024-03-01 10:46:00,CRBU,8.095000267028809,8.095000267028809,8.095000267028809,8.089400291442871,8.089400291442871,421.0
2024-03-01 10:46:00,CRDF,2.4079999923706055,2.4079999923706055,2.440000057220459,2.369999885559082,2.4100000858306885,118344.0
2024-03-01 10:46:00,CRMD,3.6898999214172363,3.6898999214172363,3.6898999214172363,3.680000066757202,3.680000066757202,2648.0
2024-03-01 10:46:00,CRNX,45.61000061035156,45.61000061035156,45.61000061035156,45.564998626708984,45.564998626708984,576.0
2024-03-01 10:46:00,CRON,2.055000066757202,2.055000066757202,2.055000066757202,2.049999952316284,2.049999952316284,1401.0
2024-03-01 10:46:00,CRSP,86.20130157470703,86.20130157470703,86.30999755859375,86.1050033569336,86.1050033569336,3277.0
2024-03-01 10:46:00,CSTL,20.110000610351562,20.110000610351562,20.110000610351562,20.110000610351562,20.110000610351562,200.0
2024-03-01 10:46:00,CTKB,8.164999961853027,8.164999961853027,8.164999961853027,8.15999984741211,8.15999984741211,203.0
2024-03-01 10:46:00,CTMX,2.4711999893188477,2.4711999893188477,2.4711999893188477,2.4711999893188477,2.4711999893188477,1000.0
2024-03-01 10:46:00,CUE,2.1500000953674316,2.1500000953674316,2.1500000953674316,2.1500000953674316,2.1500000953674316,401.0
2024-03-01 10:46:00,CVAC,3.4800000190734863,3.4800000190734863,3.4800000190734863,3.4800000190734863,3.4800000190734863,935.0
2024-03-01 10:46:00,CYTK,74.83000183105469,74.83000183105469,74.83000183105469,74.83000183105469,74.83000183105469,1159.0
2024-03-01 10:46:00,CYTO,2.1500000953674316,2.1500000953674316,2.180000066757202,2.1500000953674316,2.180000066757202,1917.0
2024-03-01 10:46:00,DARE,0.5799999833106995,0.5799999833106995,0.5799999833106995,0.5799999833106995,0.5799999833106995,868.0
2024-03-01 10:46:00,DAWN,17.0,17.0,17.014999389648438,16.979999542236328,16.979999542236328,1518.0
2024-03-01 10:46:00,DCGO,4.110000133514404,4.110000133514404,4.110000133514404,4.110000133514404,4.110000133514404,193.0
2024-03-01 10:46:00,DCPH,17.030000686645508,17.030000686645508,17.030000686645508,16.989999771118164,16.989999771118164,1675.0
2024-03-01 10:46:00,DH,9.0600004196167,9.0600004196167,9.0600004196167,9.0600004196167,9.0600004196167,200.0
2024-03-01 10:46:00,DMTK,0.8611000180244446,0.8611000180244446,0.8798999786376953,0.8611000180244446,0.8798999786376953,2219.0
2024-03-01 10:46:00,DNLI,20.78499984741211,20.78499984741211,20.790000915527344,20.700000762939453,20.700000762939453,1821.0
2024-03-01 10:46:00,DRUG,1.7783000469207764,1.7783000469207764,1.7783000469207764,1.7783000469207764,1.7783000469207764,79.0
2024-03-01 10:46:00,DSGN,2.890000104904175,2.890000104904175,2.8949999809265137,2.890000104904175,2.8949999809265137,695.0
2024-03-01 10:46:00,DTIL,12.619999885559082,12.619999885559082,12.640000343322754,12.579999923706055,12.600000381469727,8298.0
2024-03-01 10:46:00,DVAX,12.75,12.75,12.75,12.75,12.75,351.0
2024-03-01 10:46:00,DXCM,118.75,118.75,118.81999969482422,118.72000122070312,118.7699966430664,3888.0
2024-03-01 10:46:00,DYN,29.6299991607666,29.6299991607666,29.68000030517578,29.469999313354492,29.6200008392334,20434.0
2024-03-01 10:46:00,EDIT,10.90999984741211,10.90999984741211,10.9350004196167,10.885000228881836,10.890000343322754,4364.0
2024-03-01 10:46:00,ELEV,5.119999885559082,5.119999885559082,5.119999885559082,5.079899787902832,5.079999923706055,226.0
2024-03-01 10:46:00,ENTA,15.024999618530273,15.024999618530273,15.024999618530273,15.024999618530273,15.024999618530273,260.0
2024-03-01 10:46:00,ENVB,1.6698999404907227,1.6698999404907227,1.7000000476837158,1.659999966621399,1.6900999546051025,49413.0
2024-03-01 10:46:00,EOLS,14.65999984741211,14.65999984741211,14.65999984741211,14.65999984741211,14.65999984741211,200.0
2024-03-01 10:46:00,ERAS,2.490000009536743,2.490000009536743,2.490000009536743,2.490000009536743,2.490000009536743,873.0
2024-03-01 10:46:00,ESPR,2.4800000190734863,2.4800000190734863,2.490000009536743,2.4800000190734863,2.490000009536743,540.0
2024-03-01 10:46:00,ESTA,45.72999954223633,45.72999954223633,45.72999954223633,45.72999954223633,45.72999954223633,119.0
2024-03-01 10:46:00,ETNB,12.930000305175781,12.930000305175781,13.0,12.920000076293945,13.0,4138.0
2024-03-01 10:46:00,EWTX,16.950000762939453,16.950000762939453,16.950000762939453,16.940000534057617,16.948999404907227,481.0
2024-03-01 10:46:00,EXAI,6.699999809265137,6.699999809265137,6.699999809265137,6.699999809265137,6.699999809265137,183.0
2024-03-01 10:46:00,EXAS,59.93000030517578,59.93000030517578,59.93000030517578,59.810001373291016,59.867801666259766,1677.0
2024-03-01 10:46:00,EXEL,22.454999923706055,22.454999923706055,22.454999923706055,22.450000762939453,22.450000762939453,1323.0
2024-03-01 10:46:00,EYEN,2.2200000286102295,2.2200000286102295,2.2200000286102295,2.2093000411987305,2.2093000411987305,17878.0
2024-03-01 10:46:00,FATE,7.5,7.5,7.534999847412109,7.480000019073486,7.534999847412109,3279.0
2024-03-01 10:46:00,FBIO,2.2200000286102295,2.2200000286102295,2.2200000286102295,2.213099956512451,2.213099956512451,500.0
2024-03-01 10:46:00,FDMT,29.299999237060547,29.299999237060547,29.329999923706055,29.2450008392334,29.329999923706055,829.0
2024-03-01 10:46:00,FEMY,1.725000023841858,1.725000023841858,1.725000023841858,1.725000023841858,1.725000023841858,202.0
2024-03-01 10:46:00,FGEN,1.75,1.75,1.75,1.75,1.75,708.0
2024-03-01 10:46:00,FLGT,23.170000076293945,23.170000076293945,23.170000076293945,23.170000076293945,23.170000076293945,262.0
2024-03-01 10:46:00,FOLD,13.514399528503418,13.514399528503418,13.514399528503418,13.510000228881836,13.510000228881836,1310.0
2024-03-01 10:46:00,FULC,10.680000305175781,10.680000305175781,10.6899995803833,10.680000305175781,10.6899995803833,1011.0
2024-03-01 10:46:00,FUSN,12.050000190734863,12.050000190734863,12.050000190734863,12.050000190734863,12.050000190734863,275.0
2024-03-01 10:46:00,GBIO,2.5199999809265137,2.5199999809265137,2.5199999809265137,2.490000009536743,2.490000009536743,2576.0
2024-03-01 10:46:00,GDRX,8.300000190734863,8.300000190734863,8.300000190734863,8.289999961853027,8.298500061035156,2119.0
2024-03-01 10:46:00,GERN,2.134999990463257,2.134999990463257,2.140000104904175,2.115000009536743,2.115000009536743,44183.0
2024-03-01 10:46:00,GH,19.2549991607666,19.2549991607666,19.2549991607666,19.235000610351562,19.235000610351562,629.0
2024-03-01 10:46:00,GILD,72.48690032958984,72.48690032958984,72.51000213623047,72.4800033569336,72.5,5959.0
2024-03-01 10:46:00,GLPG,35.2400016784668,35.2400016784668,35.2400016784668,35.2400016784668,35.2400016784668,149.0
2024-03-01 10:46:00,GLTO,0.71670001745224,0.71670001745224,0.71670001745224,0.71670001745224,0.71670001745224,9547.0
2024-03-01 10:46:00,GLYC,2.9549999237060547,2.9549999237060547,2.9549999237060547,2.9549999237060547,2.9549999237060547,222.0
2024-03-01 10:46:00,GMAB,29.170000076293945,29.170000076293945,29.170000076293945,29.149999618530273,29.149999618530273,1277.0
2024-03-01 10:46:00,GMDA,0.3776000142097473,0.3776000142097473,0.3776000142097473,0.3776000142097473,0.3776000142097473,1005.0
2024-03-01 10:46:00,GOSS,1.3600000143051147,1.3600000143051147,1.3600000143051147,1.350000023841858,1.3600000143051147,305.0
2024-03-01 10:46:00,GRFS,6.931300163269043,6.931300163269043,6.954999923706055,6.929999828338623,6.954999923706055,8499.0
2024-03-01 10:46:00,GRPH,3.507999897003174,3.507999897003174,3.507999897003174,3.490000009536743,3.490000009536743,342.0
2024-03-01 10:46:00,GRTS,2.1975998878479004,2.1975998878479004,2.200000047683716,2.1649999618530273,2.184999942779541,23810.0
2024-03-01 10:46:00,GTHX,3.4749999046325684,3.4749999046325684,3.4800000190734863,3.4749999046325684,3.4800000190734863,1184.0
2024-03-01 10:46:00,HALO,41.18000030517578,41.18000030517578,41.18000030517578,41.16999816894531,41.16999816894531,922.0
2024-03-01 10:46:00,HARP,22.934999465942383,22.934999465942383,22.934999465942383,22.93000030517578,22.93000030517578,305.0
2024-03-01 10:46:00,HCAT,7.980000019073486,7.980000019073486,8.010000228881836,7.960000038146973,7.960000038146973,8152.0
2024-03-01 10:46:00,HCTI,2.359999895095825,2.359999895095825,2.36899995803833,2.359999895095825,2.36899995803833,642.0
2024-03-01 10:46:00,HITI,1.7549999952316284,1.7549999952316284,1.7575000524520874,1.7549999952316284,1.7575000524520874,1200.0
2024-03-01 10:46:00,HLTH,0.27300000190734863,0.27300000190734863,0.27300000190734863,0.27300000190734863,0.27300000190734863,0.0
2024-03-01 10:46:00,HOLX,73.93000030517578,73.93000030517578,73.94999694824219,73.91999816894531,73.94999694824219,1069.0
2024-03-01 10:46:00,HQY,82.01000213623047,82.01000213623047,82.01000213623047,82.01000213623047,82.01000213623047,256.0
2024-03-01 10:46:00,HRTX,2.6600000858306885,2.6600000858306885,2.6649999618530273,2.6500000953674316,2.6600000858306885,9863.0
2024-03-01 10:46:00,HSIC,77.2699966430664,77.2699966430664,77.31500244140625,77.2699966430664,77.31500244140625,980.0
2024-03-01 10:46:00,HSTM,27.6299991607666,27.6299991607666,27.6299991607666,27.6299991607666,27.6299991607666,328.0
2024-03-01 10:46:00,HUMA,3.1575000286102295,3.1575000286102295,3.1600000858306885,3.150099992752075,3.150700092315674,9195.0
2024-03-01 10:46:00,IBRX,4.889999866485596,4.889999866485596,4.889999866485596,4.875,4.875,2310.0
2024-03-01 10:46:00,ICAD,1.8301000595092773,1.8301000595092773,1.8301000595092773,1.8301000595092773,1.8301000595092773,2140.0
2024-03-01 10:46:00,ICLR,322.375,322.375,322.375,322.375,322.375,779.0
2024-03-01 10:46:00,ICUI,106.86000061035156,106.86000061035156,106.86000061035156,106.80000305175781,106.80000305175781,271.0
2024-03-01 10:46:00,IDYA,46.08720016479492,46.08720016479492,46.08720016479492,46.08720016479492,46.08720016479492,376.0
2024-03-01 10:46:00,IFRX,1.8481999635696411,1.8481999635696411,1.8481999635696411,1.8481999635696411,1.8481999635696411,324.0
2024-03-01 10:46:00,IGMS,13.604999542236328,13.604999542236328,13.604999542236328,13.604999542236328,13.604999542236328,304.0
2024-03-01 10:46:00,IKNA,1.4600000381469727,1.4600000381469727,1.4600000381469727,1.4600000381469727,1.4600000381469727,180.0
2024-03-01 10:46:00,ILMN,141.17999267578125,141.17999267578125,141.17999267578125,140.97999572753906,140.97999572753906,1226.0
2024-03-01 10:46:00,IMAB,1.8450000286102295,1.8450000286102295,1.8450000286102295,1.8450000286102295,1.8450000286102295,101.0
2024-03-01 10:46:00,IMNM,25.049999237060547,25.049999237060547,25.100000381469727,25.049999237060547,25.079999923706055,3284.0
2024-03-01 10:46:00,IMTX,12.970000267028809,12.970000267028809,12.989999771118164,12.970000267028809,12.989999771118164,550.0
2024-03-01 10:46:00,IMVT,36.36000061035156,36.36000061035156,36.36000061035156,36.36000061035156,36.36000061035156,539.0
2024-03-01 10:46:00,INBX,36.869998931884766,36.869998931884766,36.869998931884766,36.869998931884766,36.869998931884766,276.0
2024-03-01 10:46:00,INCY,59.26499938964844,59.26499938964844,59.29499816894531,59.25,59.29499816894531,2138.0
2024-03-01 10:46:00,INGN,6.769999980926514,6.769999980926514,6.769999980926514,6.769999980926514,6.769999980926514,260.0
2024-03-01 10:46:00,INMD,22.934999465942383,22.934999465942383,22.934999465942383,22.920000076293945,22.929899215698242,1603.0
2024-03-01 10:46:00,INSM,28.3799991607666,28.3799991607666,28.3799991607666,28.34000015258789,28.34000015258789,1196.0
2024-03-01 10:46:00,INVA,15.5,15.5,15.505000114440918,15.467499732971191,15.467499732971191,1978.0
2024-03-01 10:46:00,IONS,45.90999984741211,45.90999984741211,45.90999984741211,45.849998474121094,45.849998474121094,2009.0
2024-03-01 10:46:00,IOVA,16.459999084472656,16.459999084472656,16.4950008392334,16.450000762939453,16.469999313354492,15451.0
2024-03-01 10:46:00,IRTC,119.45500183105469,119.45500183105469,119.45999908447266,119.25,119.45500183105469,2972.0
2024-03-01 10:46:00,IRWD,8.920000076293945,8.920000076293945,8.930000305175781,8.920000076293945,8.920000076293945,7104.0
2024-03-01 10:46:00,ISRG,391.42498779296875,391.42498779296875,391.45001220703125,391.42498779296875,391.45001220703125,1412.0
2024-03-01 10:46:00,ITCI,70.94000244140625,70.94000244140625,71.08999633789062,70.93000030517578,71.08999633789062,1954.0
2024-03-01 10:46:00,JAGX,0.07940000295639038,0.07940000295639038,0.08079999685287476,0.07779999822378159,0.08049999922513962,672098.0
2024-03-01 10:46:00,JANX,46.599998474121094,46.599998474121094,46.63999938964844,46.599998474121094,46.63999938964844,1037.0
2024-03-01 10:46:00,JAZZ,119.97000122070312,119.97000122070312,119.98500061035156,119.87000274658203,119.87000274658203,911.0
2024-03-01 10:46:00,KALV,14.020000457763672,14.020000457763672,14.029999732971191,13.979999542236328,13.979999542236328,1868.0
2024-03-01 10:46:00,KIDS,27.079999923706055,27.079999923706055,27.1200008392334,27.06999969482422,27.114999771118164,2122.0
2024-03-01 10:46:00,KNSA,21.8799991607666,21.8799991607666,21.8799991607666,21.860000610351562,21.8799991607666,532.0
2024-03-01 10:46:00,KNTE,2.609999895095825,2.609999895095825,2.609999895095825,2.609999895095825,2.609999895095825,462.0
2024-03-01 10:46:00,KOD,6.099999904632568,6.099999904632568,6.099999904632568,6.099999904632568,6.099999904632568,301.0
2024-03-01 10:46:00,KPTI,1.2050000429153442,1.2050000429153442,1.215000033378601,1.2000000476837158,1.2101000547409058,1605.0
2024-03-01 10:46:00,KROS,69.21499633789062,69.21499633789062,69.21499633789062,69.21499633789062,69.21499633789062,300.0
2024-03-01 10:46:00,KTRA,0.10249999910593033,0.10249999910593033,0.10249999910593033,0.10249999910593033,0.10249999910593033,7625.0
2024-03-01 10:46:00,KURA,21.290000915527344,21.290000915527344,21.290000915527344,21.280000686645508,21.280000686645508,1105.0
2024-03-01 10:46:00,KYMR,44.54499816894531,44.54499816894531,44.557498931884766,44.44499969482422,44.44499969482422,547.0
2024-03-01 10:46:00,KZR,1.1256999969482422,1.1256999969482422,1.1299999952316284,1.1256999969482422,1.1299999952316284,600.0
2024-03-01 10:46:00,LAB,2.3550000190734863,2.3550000190734863,2.359999895095825,2.3499999046325684,2.3499999046325684,2352.0
2024-03-01 10:46:00,LFLY,2.950000047683716,2.950000047683716,2.950000047683716,2.950000047683716,2.950000047683716,753.0
2024-03-01 10:46:00,LFST,8.03499984741211,8.03499984741211,8.03499984741211,7.994999885559082,7.994999885559082,4867.0
2024-03-01 10:46:00,LGND,79.8499984741211,79.8499984741211,80.55000305175781,79.83999633789062,80.55000305175781,8987.0
2024-03-01 10:46:00,LGVN,0.5498999953269958,0.5498999953269958,0.5498999953269958,0.5498999953269958,0.5498999953269958,1002.0
2024-03-01 10:46:00,LIVN,55.0,55.0,55.0,54.967498779296875,54.967498779296875,682.0
2024-03-01 10:46:00,LMAT,67.80010223388672,67.80010223388672,67.84500122070312,67.80010223388672,67.84500122070312,620.0
2024-03-01 10:46:00,LNTH,65.43499755859375,65.43499755859375,65.43499755859375,65.43499755859375,65.43499755859375,133.0
2024-03-01 10:46:00,LQDA,14.470000267028809,14.470000267028809,14.496199607849121,14.46500015258789,14.46500015258789,1869.0
2024-03-01 10:46:00,LTRN,4.670000076293945,4.670000076293945,4.670000076293945,4.670000076293945,4.670000076293945,253.0
2024-03-01 10:46:00,LXRX,2.420099973678589,2.420099973678589,2.420099973678589,2.4200000762939453,2.4200000762939453,1640.0
2024-03-01 10:46:00,LYEL,3.130000114440918,3.130000114440918,3.130000114440918,3.130000114440918,3.130000114440918,955.0
2024-03-01 10:46:00,MACK,14.75,14.75,14.75,14.75,14.75,201.0
2024-03-01 10:46:00,MASI,126.77999877929688,126.77999877929688,127.0625,126.77999877929688,127.0625,3337.0
2024-03-01 10:46:00,MCRB,1.1899000406265259,1.1899000406265259,1.1899000406265259,1.1799999475479126,1.1799999475479126,2200.0
2024-03-01 10:46:00,MDGL,242.02999877929688,242.02999877929688,242.02999877929688,242.02999877929688,242.02999877929688,647.0
2024-03-01 10:46:00,MDRX,5.78000020980835,5.78000020980835,5.880000114440918,5.78000020980835,5.880000114440918,44105.0
2024-03-01 10:46:00,MDWD,14.449999809265137,14.449999809265137,14.449999809265137,14.449999809265137,14.449999809265137,157.0
2024-03-01 10:46:00,MDXG,8.505000114440918,8.505000114440918,8.505000114440918,8.505000114440918,8.505000114440918,200.0
2024-03-01 10:46:00,ME,0.57669997215271,0.57669997215271,0.57669997215271,0.5734999775886536,0.5752999782562256,19370.0
2024-03-01 10:46:00,MESO,2.0201001167297363,2.0201001167297363,2.0201001167297363,2.0201001167297363,2.0201001167297363,0.0
2024-03-01 10:46:00,MGNX,19.104999542236328,19.104999542236328,19.149999618530273,19.100000381469727,19.100000381469727,2012.0
2024-03-01 10:46:00,MMSI,76.55000305175781,76.55000305175781,76.55000305175781,76.55000305175781,76.55000305175781,232.0
2024-03-01 10:46:00,MNKD,4.565000057220459,4.565000057220459,4.565000057220459,4.561500072479248,4.561500072479248,586.0
2024-03-01 10:46:00,MNMD,5.849999904632568,5.849999904632568,5.849999904632568,5.849999904632568,5.849999904632568,150.0
2024-03-01 10:46:00,MODD,1.8849999904632568,1.8849999904632568,1.8849999904632568,1.8849999904632568,1.8849999904632568,1026.0
2024-03-01 10:46:00,MOR,17.690000534057617,17.690000534057617,17.690000534057617,17.690000534057617,17.690000534057617,2340.0
2024-03-01 10:46:00,MORF,38.2400016784668,38.2400016784668,38.2400016784668,38.2400016784668,38.2400016784668,298.0
2024-03-01 10:46:00,MREO,3.8550000190734863,3.8550000190734863,3.8598999977111816,3.8550000190734863,3.8598999977111816,1302.0
2024-03-01 10:46:00,MRNA,95.18499755859375,95.18499755859375,95.18499755859375,95.18499755859375,95.18499755859375,492.0
2024-03-01 10:46:00,MRSN,5.755000114440918,5.755000114440918,5.78000020980835,5.739999771118164,5.78000020980835,4598.0
2024-03-01 10:46:00,MRUS,50.56639862060547,50.56639862060547,50.56639862060547,50.0,50.0,21058.0
2024-03-01 10:46:00,MRVI,7.824999809265137,7.824999809265137,7.824999809265137,7.809999942779541,7.809999942779541,635.0
2024-03-01 10:46:00,MXCT,4.78000020980835,4.78000020980835,4.784999847412109,4.78000020980835,4.784999847412109,3249.0
2024-03-01 10:46:00,MYGN,21.34000015258789,21.34000015258789,21.34000015258789,21.34000015258789,21.34000015258789,302.0
2024-03-01 10:46:00,MYNZ,0.8604999780654907,0.8604999780654907,0.8605999946594238,0.8604999780654907,0.8605999946594238,0.0
2024-03-01 10:46:00,NAOV,0.9800000190734863,0.9800000190734863,1.0199999809265137,0.9800000190734863,1.0199999809265137,1229.0
2024-03-01 10:46:00,NARI,45.692501068115234,45.692501068115234,45.69620132446289,45.619998931884766,45.63999938964844,1161.0
2024-03-01 10:46:00,NAUT,2.640000104904175,2.640000104904175,2.640000104904175,2.640000104904175,2.640000104904175,121.0
2024-03-01 10:46:00,NBIX,130.88999938964844,130.88999938964844,130.91000366210938,130.8699951171875,130.91000366210938,1860.0
2024-03-01 10:46:00,NCNA,0.3199999928474426,0.3199999928474426,0.3199999928474426,0.3199999928474426,0.3199999928474426,108.0
2024-03-01 10:46:00,NEO,16.06999969482422,16.06999969482422,16.06999969482422,16.049999237060547,16.049999237060547,277.0
2024-03-01 10:46:00,NEPT,0.4438999891281128,0.4438999891281128,0.4438999891281128,0.4438999891281128,0.4438999891281128,2023.0
2024-03-01 10:46:00,NERV,2.509999990463257,2.509999990463257,2.509999990463257,2.509999990463257,2.509999990463257,1500.0
2024-03-01 10:46:00,NEXI,6.559999942779541,6.559999942779541,6.559999942779541,6.5,6.5,1296.0
2024-03-01 10:46:00,NGM,1.5299999713897705,1.5299999713897705,1.5299999713897705,1.5299999713897705,1.5299999713897705,1200.0
2024-03-01 10:46:00,NKTR,0.7315000295639038,0.7315000295639038,0.7315000295639038,0.7315000295639038,0.7315000295639038,662.0
2024-03-01 10:46:00,NKTX,12.475600242614746,12.475600242614746,12.475600242614746,12.475600242614746,12.475600242614746,200.0
2024-03-01 10:46:00,NNOX,10.984999656677246,10.984999656677246,10.989999771118164,10.979999542236328,10.979999542236328,1266.0
2024-03-01 10:46:00,NOTV,7.842800140380859,7.842800140380859,7.849999904632568,7.828499794006348,7.828499794006348,2714.0
2024-03-01 10:46:00,NRIX,13.229999542236328,13.229999542236328,13.229999542236328,13.229999542236328,13.229999542236328,241.0
2024-03-01 10:46:00,NRXP,0.4397999942302704,0.4397999942302704,0.4397999942302704,0.4397999942302704,0.4397999942302704,5201.0
2024-03-01 10:46:00,NTLA,33.46500015258789,33.46500015258789,33.5099983215332,33.45000076293945,33.45000076293945,27761.0
2024-03-01 10:46:00,NTRA,88.79000091552734,88.79000091552734,89.05999755859375,88.79000091552734,89.05999755859375,7472.0
2024-03-01 10:46:00,NVAX,5.170000076293945,5.170000076293945,5.170000076293945,5.159999847412109,5.164999961853027,29599.0
2024-03-01 10:46:00,NVCR,15.869999885559082,15.869999885559082,15.869999885559082,15.829999923706055,15.829999923706055,804.0
2024-03-01 10:46:00,NVOS,0.6378999948501587,0.6378999948501587,0.6378999948501587,0.6378999948501587,0.6378999948501587,101.0
2024-03-01 10:46:00,NXL,0.31029999256134033,0.31029999256134033,0.31029999256134033,0.31029999256134033,0.31029999256134033,200.0
2024-03-01 10:46:00,NXTC,1.7799999713897705,1.7799999713897705,1.7799999713897705,1.7799999713897705,1.7799999713897705,200.0
2024-03-01 10:46:00,OCGN,0.9251999855041504,0.9251999855041504,0.9293000102043152,0.9139000177383423,0.9225000143051147,12787.0
2024-03-01 10:46:00,OCUL,10.378999710083008,10.378999710083008,10.378999710083008,10.367199897766113,10.36989974975586,1429.0
2024-03-01 10:46:00,OFIX,13.010000228881836,13.010000228881836,13.010000228881836,13.010000228881836,13.010000228881836,226.0
2024-03-01 10:46:00,OGI,2.0799999237060547,2.0799999237060547,2.0799999237060547,2.0799999237060547,2.0799999237060547,200.0
2024-03-01 10:46:00,OLK,22.610000610351562,22.610000610351562,22.610000610351562,22.600000381469727,22.600000381469727,877.0
2024-03-01 10:46:00,OLMA,12.65999984741211,12.65999984741211,12.65999984741211,12.65999984741211,12.65999984741211,490.0
2024-03-01 10:46:00,OM,3.0799999237060547,3.0799999237060547,3.0799999237060547,3.075000047683716,3.075000047683716,499.0
2024-03-01 10:46:00,OMCL,26.3799991607666,26.3799991607666,26.399999618530273,26.3799991607666,26.399999618530273,1019.0
2024-03-01 10:46:00,OMER,4.730000019073486,4.730000019073486,4.730000019073486,4.730000019073486,4.730000019073486,310.0
2024-03-01 10:47:00,AADI,1.9600000381469727,1.9600000381469727,1.9799000024795532,1.9600000381469727,1.9700000286102295,2226.0
2024-03-01 10:47:00,ABCL,5.139999866485596,5.139999866485596,5.139999866485596,5.130000114440918,5.130000114440918,278.0
2024-03-01 10:47:00,ABEO,7.519999980926514,7.519999980926514,7.640100002288818,7.519999980926514,7.640100002288818,5399.0
2024-03-01 10:47:00,ABOS,4.659999847412109,4.659999847412109,4.670000076293945,4.659999847412109,4.670000076293945,931.0
2024-03-01 10:47:00,ABSI,5.210000038146973,5.210000038146973,5.21999979019165,5.199999809265137,5.21999979019165,1570.0
2024-03-01 10:47:00,ABUS,2.7750000953674316,2.7750000953674316,2.7799999713897705,2.7750000953674316,2.7799999713897705,361.0
2024-03-01 10:47:00,ACAD,24.1200008392334,24.1200008392334,24.1200008392334,24.059999465942383,24.075000762939453,3604.0
2024-03-01 10:47:00,ACB,3.0896999835968018,3.0896999835968018,3.0899999141693115,3.0896999835968018,3.0899999141693115,1465.0
2024-03-01 10:47:00,ACCD,10.260000228881836,10.260000228881836,10.270000457763672,10.260000228881836,10.260000228881836,1224.0
2024-03-01 10:47:00,ACET,2.375,2.375,2.375,2.369999885559082,2.369999885559082,1700.0
2024-03-01 10:47:00,ACHV,4.130000114440918,4.130000114440918,4.130000114440918,4.130000114440918,4.130000114440918,500.0
2024-03-01 10:47:00,ACLX,68.76000213623047,68.76000213623047,68.76000213623047,68.76000213623047,68.76000213623047,400.0
2024-03-01 10:47:00,ACRS,1.225000023841858,1.225000023841858,1.2300000190734863,1.225000023841858,1.2300000190734863,312.0
2024-03-01 10:47:00,ADAP,1.5801000595092773,1.5801000595092773,1.5801000595092773,1.5801000595092773,1.5801000595092773,400.0
2024-03-01 10:47:00,ADIL,3.5201001167297363,3.5201001167297363,3.640000104904175,3.5199999809265137,3.625,257769.0
2024-03-01 10:47:00,ADMA,5.389999866485596,5.389999866485596,5.389999866485596,5.378600120544434,5.379799842834473,4800.0
2024-03-01 10:47:00,ADUS,92.73500061035156,92.73500061035156,92.73999786376953,92.73500061035156,92.73999786376953,376.0
2024-03-01 10:47:00,ADVM,1.934999942779541,1.934999942779541,1.934999942779541,1.934999942779541,1.934999942779541,215.0
2024-03-01 10:47:00,AFMD,0.6171000003814697,0.6171000003814697,0.6171000003814697,0.6171000003814697,0.6171000003814697,0.0
2024-03-01 10:47:00,AGEN,0.6715999841690063,0.6715999841690063,0.6715999841690063,0.671500027179718,0.6715999841690063,9718.0
2024-03-01 10:47:00,AGIO,32.75,32.75,32.75,32.72999954223633,32.72999954223633,779.0
2024-03-01 10:47:00,AHCO,10.600000381469727,10.600000381469727,10.609999656677246,10.600000381469727,10.609999656677246,652.0
2024-03-01 10:47:00,AIMD,0.949999988079071,0.949999988079071,0.949999988079071,0.949999988079071,0.949999988079071,256.0
2024-03-01 10:47:00,AIRS,6.579999923706055,6.579999923706055,6.579999923706055,6.570000171661377,6.570000171661377,300.0
2024-03-01 10:47:00,AKAN,0.25040000677108765,0.25040000677108765,0.25040000677108765,0.25040000677108765,0.25040000677108765,200.0
2024-03-01 10:47:00,AKBA,1.6449999809265137,1.6449999809265137,1.649999976158142,1.6449999809265137,1.649399995803833,2530.0
2024-03-01 10:47:00,AKRO,28.565000534057617,28.565000534057617,28.565000534057617,28.3799991607666,28.3799991607666,1828.0
2024-03-01 10:47:00,ALDX,4.110000133514404,4.110000133514404,4.110000133514404,4.110000133514404,4.110000133514404,312.0
2024-03-01 10:47:00,ALEC,7.550000190734863,7.550000190734863,7.559999942779541,7.519999980926514,7.53000020980835,3853.0
2024-03-01 10:47:00,ALGN,300.7799987792969,300.7799987792969,300.8424987792969,300.7550048828125,300.7550048828125,813.0
2024-03-01 10:47:00,ALHC,5.769999980926514,5.769999980926514,5.769999980926514,5.769999980926514,5.769999980926514,320.0
2024-03-01 10:47:00,ALKS,30.155000686645508,30.155000686645508,30.155000686645508,30.125,30.139999389648438,3271.0
2024-03-01 10:47:00,ALLK,1.5950000286102295,1.5950000286102295,1.600000023841858,1.5950000286102295,1.600000023841858,13308.0
2024-03-01 10:47:00,ALLO,5.005000114440918,5.005000114440918,5.005000114440918,5.0,5.0,322.0
2024-03-01 10:47:00,ALNY,155.16000366210938,155.16000366210938,155.27999877929688,155.16000366210938,155.27999877929688,408.0
2024-03-01 10:47:00,ALPN,36.11000061035156,36.11000061035156,36.11000061035156,36.11000061035156,36.11000061035156,107.0
2024-03-01 10:47:00,ALT,12.164999961853027,12.164999961853027,12.170000076293945,12.140000343322754,12.149999618530273,4410.0
2024-03-01 10:47:00,ALVR,0.7533000111579895,0.7533000111579895,0.7533000111579895,0.7533000111579895,0.7533000111579895,311.0
2024-03-01 10:47:00,ALXO,14.96500015258789,14.96500015258789,14.96500015258789,14.90999984741211,14.90999984741211,1275.0
2024-03-01 10:47:00,AMED,93.36000061035156,93.36000061035156,93.36000061035156,93.36000061035156,93.36000061035156,328.0
2024-03-01 10:47:00,AMGN,281.0400085449219,281.0400085449219,281.0799865722656,280.875,280.8949890136719,7183.0
2024-03-01 10:47:00,AMLX,18.850000381469727,18.850000381469727,18.850000381469727,18.829999923706055,18.829999923706055,1112.0
2024-03-01 10:47:00,AMPH,45.834999084472656,45.834999084472656,45.880001068115234,45.779998779296875,45.779998779296875,1462.0
2024-03-01 10:47:00,AMRN,1.034999966621399,1.034999966621399,1.034999966621399,1.0299999713897705,1.0299999713897705,8757.0
2024-03-01 10:47:00,ANGO,5.454999923706055,5.454999923706055,5.454999923706055,5.454999923706055,5.454999923706055,309.0
2024-03-01 10:47:00,ANIP,67.25,67.25,67.25,67.25,67.25,547.0
2024-03-01 10:47:00,ANNX,5.920000076293945,5.920000076293945,5.920000076293945,5.889999866485596,5.889999866485596,4700.0
2024-03-01 10:47:00,ANTX,2.950000047683716,2.950000047683716,2.954699993133545,2.944999933242798,2.950000047683716,1535.0
2024-03-01 10:47:00,APLS,64.41000366210938,64.41000366210938,64.41500091552734,64.36000061035156,64.41500091552734,922.0
2024-03-01 10:47:00,APLT,7.170000076293945,7.170000076293945,7.170000076293945,7.1504998207092285,7.159999847412109,304.0
2024-03-01 10:47:00,AQST,4.230000019073486,4.230000019073486,4.230000019073486,4.221099853515625,4.230000019073486,1069.0
2024-03-01 10:47:00,ARAY,2.6301000118255615,2.6301000118255615,2.640000104904175,2.623199939727783,2.623199939727783,8441.0
2024-03-01 10:47:00,ARCT,39.93000030517578,39.93000030517578,39.93000030517578,39.93000030517578,39.93000030517578,171.0
2024-03-01 10:47:00,ARDX,9.555000305175781,9.555000305175781,9.5600004196167,9.555000305175781,9.5600004196167,597.0
2024-03-01 10:47:00,ARGX,389.9750061035156,389.9750061035156,389.9750061035156,389.7550048828125,389.7550048828125,625.0
2024-03-01 10:47:00,ARQT,11.260000228881836,11.260000228881836,11.26990032196045,11.220000267028809,11.220000267028809,5421.0
2024-03-01 10:47:00,ARVN,51.369998931884766,51.369998931884766,51.369998931884766,51.279998779296875,51.290000915527344,1008.0
2024-03-01 10:47:00,ARWR,35.095001220703125,35.095001220703125,35.125,35.095001220703125,35.099998474121094,2831.0
2024-03-01 10:47:00,ASND,149.02000427246094,149.02000427246094,149.25,149.0,149.0,1224.0
2024-03-01 10:47:00,ASRT,0.9199000000953674,0.9199000000953674,0.9200000166893005,0.9199000000953674,0.9200000166893005,4982.0
2024-03-01 10:47:00,ATAI,2.0097999572753906,2.0097999572753906,2.009999990463257,2.0,2.0,6542.0
2024-03-01 10:47:00,ATEC,13.449899673461914,13.449899673461914,13.449899673461914,13.420000076293945,13.420000076293945,1432.0
2024-03-01 10:47:00,ATHA,3.9749999046325684,3.9749999046325684,3.9749999046325684,3.9749999046325684,3.9749999046325684,106.0
2024-03-01 10:47:00,ATOS,0.9810000061988831,0.9810000061988831,0.989799976348877,0.9810000061988831,0.989799976348877,5050.0
2024-03-01 10:47:00,ATRA,0.8098999857902527,0.8098999857902527,0.8098999857902527,0.8037999868392944,0.8037999868392944,2786.0
2024-03-01 10:47:00,ATRC,35.81999969482422,35.81999969482422,35.81999969482422,35.81999969482422,35.81999969482422,587.0
2024-03-01 10:47:00,ATXI,0.15209999680519104,0.15209999680519104,0.15209999680519104,0.15209999680519104,0.15209999680519104,3700.0
2024-03-01 10:47:00,AUPH,5.815000057220459,5.815000057220459,5.815000057220459,5.815000057220459,5.815000057220459,599.0
2024-03-01 10:47:00,AUTL,6.215000152587891,6.215000152587891,6.230000019073486,6.215000152587891,6.230000019073486,517.0
2024-03-01 10:47:00,AVDL,12.614999771118164,12.614999771118164,12.614999771118164,12.550000190734863,12.550000190734863,1540.0
2024-03-01 10:47:00,AVGR,3.799999952316284,3.799999952316284,3.799999952316284,3.799999952316284,3.799999952316284,200.0
2024-03-01 10:47:00,AVRO,1.3200000524520874,1.3200000524520874,1.3200000524520874,1.3200000524520874,1.3200000524520874,476.0
2024-03-01 10:47:00,AVTE,22.530000686645508,22.530000686645508,22.579999923706055,22.530000686645508,22.579999923706055,1385.0
2024-03-01 10:47:00,AVXL,5.315000057220459,5.315000057220459,5.315000057220459,5.315000057220459,5.315000057220459,250.0
2024-03-01 10:47:00,AXDX,0.9900000095367432,0.9900000095367432,0.9900000095367432,0.9900000095367432,0.9900000095367432,104.0
2024-03-01 10:47:00,AXNX,67.44770050048828,67.44770050048828,67.44999694824219,67.4000015258789,67.4000015258789,3143.0
2024-03-01 10:47:00,AXSM,84.04000091552734,84.04000091552734,84.06999969482422,83.9800033569336,84.06999969482422,859.0
2024-03-01 10:47:00,AZN,64.61499786376953,64.61499786376953,64.62000274658203,64.5896987915039,64.5896987915039,3903.0
2024-03-01 10:47:00,BBIO,36.20000076293945,36.20000076293945,36.20000076293945,36.20000076293945,36.20000076293945,292.0
2024-03-01 10:47:00,BBLG,2.5299999713897705,2.5299999713897705,2.630000114440918,2.5299999713897705,2.609999895095825,301.0
2024-03-01 10:47:00,BCAB,2.8399999141693115,2.8399999141693115,2.8399999141693115,2.8350000381469727,2.8350000381469727,658.0
2024-03-01 10:47:00,BCDA,0.5479999780654907,0.5479999780654907,0.550000011920929,0.5479999780654907,0.550000011920929,10193.0
2024-03-01 10:47:00,BCRX,5.815000057220459,5.815000057220459,5.815000057220459,5.815000057220459,5.815000057220459,391.0
2024-03-01 10:47:00,BDTX,5.105000019073486,5.105000019073486,5.125,5.105000019073486,5.105000019073486,670.0
2024-03-01 10:47:00,BEAM,40.68000030517578,40.68000030517578,40.810001373291016,40.654998779296875,40.654998779296875,3024.0
2024-03-01 10:47:00,BGNE,167.41000366210938,167.41000366210938,167.7899932861328,167.41000366210938,167.6300048828125,2092.0
2024-03-01 10:47:00,BIIB,220.03900146484375,220.03900146484375,220.03900146484375,220.00999450683594,220.00999450683594,610.0
2024-03-01 10:47:00,BIOL,0.13899999856948853,0.13899999856948853,0.13950000703334808,0.13899999856948853,0.13950000703334808,3933.0
2024-03-01 10:47:00,BIVI,2.4802000522613525,2.4802000522613525,2.5,2.450500011444092,2.45770001411438,83334.0
2024-03-01 10:47:00,BLFS,17.90060043334961,17.90060043334961,18.1200008392334,17.90060043334961,18.100000381469727,1534.0
2024-03-01 10:47:00,BLRX,1.3990999460220337,1.3990999460220337,1.3990999460220337,1.3899999856948853,1.3899999856948853,523.0
2024-03-01 10:47:00,BLUE,1.649999976158142,1.649999976158142,1.659999966621399,1.6399999856948853,1.649999976158142,37435.0
2024-03-01 10:47:00,BMEA,17.81999969482422,17.81999969482422,17.81999969482422,17.81999969482422,17.81999969482422,366.0
2024-03-01 10:47:00,BMRN,86.5199966430664,86.5199966430664,86.55500030517578,86.5199966430664,86.54000091552734,1422.0
2024-03-01 10:47:00,BNGO,1.2549999952316284,1.2549999952316284,1.2549999952316284,1.2549999952316284,1.2549999952316284,850.0
2024-03-01 10:47:00,BNTX,91.54499816894531,91.54499816894531,91.55000305175781,91.54499816894531,91.55000305175781,670.0
2024-03-01 10:47:00,BPMC,97.30999755859375,97.30999755859375,97.38500213623047,97.20500183105469,97.38500213623047,1657.0
2024-03-01 10:47:00,BRKR,87.58499908447266,87.58499908447266,87.58499908447266,87.58499908447266,87.58499908447266,157.0
2024-03-01 10:47:00,BTTX,0.16769999265670776,0.16769999265670776,0.16769999265670776,0.16750000417232513,0.16750000417232513,4400.0
2024-03-01 10:47:00,BWAY,6.650000095367432,6.650000095367432,6.650000095367432,6.630000114440918,6.630000114440918,584.0
2024-03-01 10:47:00,CABA,24.030000686645508,24.030000686645508,24.030000686645508,23.950000762939453,24.0,4303.0
2024-03-01 10:47:00,CARA,0.913100004196167,0.913100004196167,0.913100004196167,0.913100004196167,0.913100004196167,200.0
2024-03-01 10:47:00,CBAY,32.21500015258789,32.21500015258789,32.220001220703125,32.21500015258789,32.220001220703125,812.0
2024-03-01 10:47:00,CCCC,11.095000267028809,11.095000267028809,11.109999656677246,11.079999923706055,11.109999656677246,10355.0
2024-03-01 10:47:00,CDMO,8.050000190734863,8.050000190734863,8.050000190734863,8.050000190734863,8.050000190734863,114.0
2024-03-01 10:47:00,CDNA,12.149999618530273,12.149999618530273,12.149999618530273,12.050000190734863,12.050000190734863,1712.0
2024-03-01 10:47:00,CDXS,4.355000019073486,4.355000019073486,4.3684000968933105,4.349999904632568,4.3684000968933105,2658.0
2024-03-01 10:47:00,CERE,41.20000076293945,41.20000076293945,41.20500183105469,41.19499969482422,41.19499969482422,7992.0
2024-03-01 10:47:00,CERS,2.200000047683716,2.200000047683716,2.200000047683716,2.200000047683716,2.200000047683716,2030.0
2024-03-01 10:47:00,CERT,17.829999923706055,17.829999923706055,17.844999313354492,17.81999969482422,17.81999969482422,949.0
2024-03-01 10:47:00,CGC,3.2699999809265137,3.2699999809265137,3.2699999809265137,3.2411999702453613,3.2446999549865723,6863.0
2024-03-01 10:47:00,CGEM,18.799999237060547,18.799999237060547,18.799999237060547,18.799999237060547,18.799999237060547,200.0
2024-03-01 10:47:00,CHRS,2.3299999237060547,2.3299999237060547,2.3299999237060547,2.315000057220459,2.315000057220459,2915.0
2024-03-01 10:47:00,CING,1.3700000047683716,1.3700000047683716,1.3700000047683716,1.3250000476837158,1.3250000476837158,1741.0
2024-03-01 10:47:00,CLDX,52.45000076293945,52.45000076293945,52.72999954223633,52.45000076293945,52.72999954223633,4498.0
2024-03-01 10:47:00,CLNN,0.39500001072883606,0.39500001072883606,0.39500001072883606,0.39480000734329224,0.39480000734329224,526.0
2024-03-01 10:47:00,CLOV,0.8679999709129333,0.8679999709129333,0.8680999875068665,0.864300012588501,0.8647000193595886,17265.0
2024-03-01 10:47:00,CLRB,4.050000190734863,4.050000190734863,4.050000190734863,4.050000190734863,4.050000190734863,200.0
2024-03-01 10:47:00,CMPS,10.680000305175781,10.680000305175781,10.687000274658203,10.680000305175781,10.687000274658203,516.0
2024-03-01 10:47:00,CMPX,1.9199999570846558,1.9199999570846558,1.9199999570846558,1.9049999713897705,1.9049999713897705,579.0
2024-03-01 10:47:00,COCP,1.4366999864578247,1.4366999864578247,1.4366999864578247,1.4300999641418457,1.4300999641418457,8823.0
2024-03-01 10:47:00,COGT,7.309999942779541,7.309999942779541,7.309999942779541,7.295000076293945,7.300000190734863,1440.0
2024-03-01 10:47:00,CORT,23.876399993896484,23.876399993896484,23.876399993896484,23.850000381469727,23.850000381469727,406.0
2024-03-01 10:47:00,CPRX,17.260000228881836,17.260000228881836,17.260000228881836,17.239999771118164,17.260000228881836,5373.0
2024-03-01 10:47:00,CPSI,9.399999618530273,9.399999618530273,9.399999618530273,9.399999618530273,9.399999618530273,202.0
2024-03-01 10:47:00,CRBP,31.146900177001953,31.146900177001953,31.146900177001953,31.146900177001953,31.146900177001953,529.0
2024-03-01 10:47:00,CRBU,8.119999885559082,8.119999885559082,8.119999885559082,8.114999771118164,8.114999771118164,411.0
2024-03-01 10:47:00,CRDF,2.490000009536743,2.490000009536743,2.569999933242798,2.390000104904175,2.4005000591278076,104947.0
2024-03-01 10:47:00,CRDL,1.9739999771118164,1.9739999771118164,1.9780000448226929,1.965000033378601,1.976199984550476,786.0
2024-03-01 10:47:00,CRMD,3.690000057220459,3.690000057220459,3.690000057220459,3.690000057220459,3.690000057220459,0.0
2024-03-01 10:47:00,CRON,2.059999942779541,2.059999942779541,2.059999942779541,2.059999942779541,2.059999942779541,300.0
2024-03-01 10:47:00,CRSP,86.19000244140625,86.19000244140625,86.19000244140625,86.15640258789062,86.15750122070312,701.0
2024-03-01 10:47:00,CSTL,20.065000534057617,20.065000534057617,20.065000534057617,20.030000686645508,20.049999237060547,1350.0
2024-03-01 10:47:00,CTKB,8.225000381469727,8.225000381469727,8.229999542236328,8.180000305175781,8.180000305175781,2493.0
2024-03-01 10:47:00,CTMX,2.4899001121520996,2.4899001121520996,2.490000009536743,2.4800000190734863,2.4800000190734863,1502.0
2024-03-01 10:47:00,CUE,2.1549999713897705,2.1549999713897705,2.1549999713897705,2.1549999713897705,2.1549999713897705,800.0
2024-03-01 10:47:00,CYTK,74.83999633789062,74.83999633789062,74.8499984741211,74.83000183105469,74.83000183105469,1650.0
2024-03-01 10:47:00,CYTO,2.1649999618530273,2.1649999618530273,2.1649999618530273,2.1649999618530273,2.1649999618530273,239.0
2024-03-01 10:47:00,DARE,0.5781000256538391,0.5781000256538391,0.5781000256538391,0.5781000256538391,0.5781000256538391,1566.0
2024-03-01 10:47:00,DAWN,17.059999465942383,17.059999465942383,17.059999465942383,17.010000228881836,17.010000228881836,103.0
2024-03-01 10:47:00,DCPH,17.06999969482422,17.06999969482422,17.07379913330078,17.049999237060547,17.049999237060547,450.0
2024-03-01 10:47:00,DH,9.069999694824219,9.069999694824219,9.079999923706055,9.069999694824219,9.069999694824219,1362.0
2024-03-01 10:47:00,DMTK,0.8554999828338623,0.8554999828338623,0.8611000180244446,0.8554999828338623,0.8611000180244446,1269.0
2024-03-01 10:47:00,DNLI,20.81999969482422,20.81999969482422,20.860000610351562,20.799999237060547,20.799999237060547,1977.0
2024-03-01 10:47:00,DRIO,2.009999990463257,2.009999990463257,2.009999990463257,2.009999990463257,2.009999990463257,120.0
2024-03-01 10:47:00,DRRX,1.0,1.0,1.0,1.0,1.0,501.0
2024-03-01 10:47:00,DSGN,2.890000104904175,2.890000104904175,2.890000104904175,2.884999990463257,2.884999990463257,823.0
2024-03-01 10:47:00,DTIL,12.75,12.75,12.819999694824219,12.619999885559082,12.619999885559082,3004.0
2024-03-01 10:47:00,DVAX,12.760000228881836,12.760000228881836,12.760000228881836,12.755000114440918,12.760000228881836,2272.0
2024-03-01 10:47:00,DXCM,119.0199966430664,119.0199966430664,119.06999969482422,118.83000183105469,118.83999633789062,7995.0
2024-03-01 10:47:00,DYN,29.575000762939453,29.575000762939453,29.670000076293945,29.575000762939453,29.635000228881836,4235.0
2024-03-01 10:47:00,EDIT,10.90999984741211,10.90999984741211,10.925000190734863,10.90999984741211,10.90999984741211,5303.0
2024-03-01 10:47:00,ELEV,5.105000019073486,5.105000019073486,5.110000133514404,5.09499979019165,5.110000133514404,6325.0
2024-03-01 10:47:00,EMBC,14.425000190734863,14.425000190734863,14.425000190734863,14.425000190734863,14.425000190734863,352.0
2024-03-01 10:47:00,ENTA,15.119999885559082,15.119999885559082,15.119999885559082,15.119999885559082,15.119999885559082,142.0
2024-03-01 10:47:00,ENVB,1.625,1.625,1.6799999475479126,1.625,1.6610000133514404,78442.0
2024-03-01 10:47:00,EOLS,14.680000305175781,14.680000305175781,14.680000305175781,14.664999961853027,14.679900169372559,838.0
2024-03-01 10:47:00,EQ,2.4800000190734863,2.4800000190734863,2.4800000190734863,2.4700000286102295,2.4700000286102295,861.0
2024-03-01 10:47:00,ESPR,2.484999895095825,2.484999895095825,2.484999895095825,2.4800000190734863,2.484999895095825,3376.0
2024-03-01 10:47:00,ETNB,13.0,13.0,13.010000228881836,12.94480037689209,12.94480037689209,7917.0
2024-03-01 10:47:00,EVLO,0.061500001698732376,0.061500001698732376,0.061500001698732376,0.061500001698732376,0.061500001698732376,137.0
2024-03-01 10:47:00,EWTX,16.94499969482422,16.94499969482422,16.94499969482422,16.94499969482422,16.94499969482422,232.0
2024-03-01 10:47:00,EXAS,59.92499923706055,59.92499923706055,59.959999084472656,59.869998931884766,59.8849983215332,3129.0
2024-03-01 10:47:00,EXEL,22.454999923706055,22.454999923706055,22.475000381469727,22.454999923706055,22.454999923706055,3508.0
2024-03-01 10:47:00,FATE,7.505000114440918,7.505000114440918,7.510000228881836,7.505000114440918,7.505000114440918,1213.0
2024-03-01 10:47:00,FBRX,0.6998999714851379,0.6998999714851379,0.6998999714851379,0.6998999714851379,0.6998999714851379,4000.0
2024-03-01 10:47:00,FDMT,29.2450008392334,29.2450008392334,29.31999969482422,29.2450008392334,29.31999969482422,466.0
2024-03-01 10:47:00,FEMY,1.7400000095367432,1.7400000095367432,1.7400000095367432,1.7400000095367432,1.7400000095367432,3763.0
2024-03-01 10:47:00,FGEN,1.75,1.75,1.75,1.75,1.75,501.0
2024-03-01 10:47:00,FOLD,13.520000457763672,13.520000457763672,13.520000457763672,13.510000228881836,13.515000343322754,791.0
2024-03-01 10:47:00,FONR,22.329999923706055,22.329999923706055,22.329999923706055,22.329999923706055,22.329999923706055,175.0
2024-03-01 10:47:00,FULC,10.6899995803833,10.6899995803833,10.6899995803833,10.6899995803833,10.6899995803833,789.0
2024-03-01 10:47:00,FUSN,12.069999694824219,12.069999694824219,12.069999694824219,12.0600004196167,12.0600004196167,760.0
2024-03-01 10:47:00,GANX,4.598800182342529,4.598800182342529,4.610000133514404,4.598800182342529,4.599800109863281,16508.0
2024-03-01 10:47:00,GBIO,2.549999952316284,2.549999952316284,2.549999952316284,2.5199999809265137,2.5199999809265137,921.0
2024-03-01 10:47:00,GDRX,8.299099922180176,8.299099922180176,8.299099922180176,8.270000457763672,8.288999557495117,3196.0
2024-03-01 10:47:00,GERN,2.134999990463257,2.134999990463257,2.140000104904175,2.134999990463257,2.134999990463257,5457.0
2024-03-01 10:47:00,GH,19.239999771118164,19.239999771118164,19.280000686645508,19.239999771118164,19.239999771118164,2348.0
2024-03-01 10:47:00,GILD,72.50499725341797,72.50499725341797,72.51000213623047,72.4749984741211,72.4800033569336,2188.0
2024-03-01 10:47:00,GLPG,35.189998626708984,35.189998626708984,35.189998626708984,35.189998626708984,35.189998626708984,219.0
2024-03-01 10:47:00,GMAB,29.170000076293945,29.170000076293945,29.18000030517578,29.170000076293945,29.18000030517578,1066.0
2024-03-01 10:47:00,GMDA,0.37940001487731934,0.37940001487731934,0.37940001487731934,0.37940001487731934,0.37940001487731934,8620.0
2024-03-01 10:47:00,GOSS,1.3600000143051147,1.3600000143051147,1.3698999881744385,1.3600000143051147,1.3600000143051147,4393.0
2024-03-01 10:47:00,GRFS,6.900000095367432,6.900000095367432,6.925000190734863,6.894999980926514,6.925000190734863,5675.0
2024-03-01 10:47:00,GRTS,2.199899911880493,2.199899911880493,2.199899911880493,2.191999912261963,2.194999933242798,23332.0
2024-03-01 10:47:00,GTHX,3.4749999046325684,3.4749999046325684,3.484999895095825,3.4749999046325684,3.4749999046325684,4128.0
2024-03-01 10:47:00,HALO,41.303001403808594,41.303001403808594,41.303001403808594,41.209999084472656,41.209999084472656,1198.0
2024-03-01 10:47:00,HARP,22.93000030517578,22.93000030517578,22.93000030517578,22.93000030517578,22.93000030517578,400.0
2024-03-01 10:47:00,HBIO,4.33650016784668,4.33650016784668,4.33650016784668,4.33650016784668,4.33650016784668,600.0
2024-03-01 10:47:00,HCAT,7.980000019073486,7.980000019073486,7.980000019073486,7.96999979019165,7.980000019073486,6354.0
2024-03-01 10:47:00,HCSG,12.720000267028809,12.720000267028809,12.720000267028809,12.71500015258789,12.71500015258789,396.0
2024-03-01 10:47:00,HCTI,2.390000104904175,2.390000104904175,2.390000104904175,2.390000104904175,2.390000104904175,700.0
2024-03-01 10:47:00,HLVX,18.899999618530273,18.899999618530273,18.899999618530273,18.899999618530273,18.899999618530273,528.0
2024-03-01 10:47:00,HOLX,73.94999694824219,73.94999694824219,73.94999694824219,73.94999694824219,73.94999694824219,199.0
2024-03-01 10:47:00,HQY,82.06999969482422,82.06999969482422,82.08000183105469,82.05999755859375,82.08000183105469,1161.0
2024-03-01 10:47:00,HRMY,31.459999084472656,31.459999084472656,31.459999084472656,31.459999084472656,31.459999084472656,375.0
2024-03-01 10:47:00,HRTX,2.6549999713897705,2.6549999713897705,2.660900115966797,2.6500000953674316,2.660900115966797,10193.0
2024-03-01 10:47:00,HSDT,4.880000114440918,4.880000114440918,4.880000114440918,4.880000114440918,4.880000114440918,600.0
2024-03-01 10:47:00,HSIC,77.33000183105469,77.33000183105469,77.33000183105469,77.2249984741211,77.2249984741211,1190.0
2024-03-01 10:47:00,HUMA,3.1549999713897705,3.1549999713897705,3.1549999713897705,3.1549999713897705,3.1549999713897705,2363.0
2024-03-01 10:47:00,IART,37.0,37.0,37.05500030517578,37.0,37.025001525878906,2174.0
2024-03-01 10:47:00,IBRX,4.894999980926514,4.894999980926514,4.894999980926514,4.885000228881836,4.889999866485596,1072.0
2024-03-01 10:47:00,ICLR,322.7449951171875,322.7449951171875,322.7699890136719,322.4150085449219,322.4150085449219,8431.0
2024-03-01 10:47:00,ICUI,106.83000183105469,106.83000183105469,107.05000305175781,106.83000183105469,106.93499755859375,9608.0
2024-03-01 10:47:00,IDYA,46.119998931884766,46.119998931884766,46.119998931884766,46.119998931884766,46.119998931884766,113.0
2024-03-01 10:47:00,IINN,1.6299999952316284,1.6299999952316284,1.6299999952316284,1.6299999952316284,1.6299999952316284,113.0
2024-03-01 10:47:00,ILMN,141.09500122070312,141.09500122070312,141.09500122070312,141.00999450683594,141.00999450683594,984.0
2024-03-01 10:47:00,IMCR,67.9000015258789,67.9000015258789,67.9000015258789,67.9000015258789,67.9000015258789,3.0
2024-03-01 10:47:00,IMMX,3.5136001110076904,3.5136001110076904,3.555000066757202,3.5136001110076904,3.555000066757202,5822.0
2024-03-01 10:47:00,IMNM,25.31999969482422,25.31999969482422,25.31999969482422,25.170000076293945,25.170000076293945,3809.0
2024-03-01 10:47:00,IMTX,12.970000267028809,12.970000267028809,12.989999771118164,12.949999809265137,12.949999809265137,6866.0
2024-03-01 10:47:00,IMUX,1.5199999809265137,1.5199999809265137,1.5199999809265137,1.5199999809265137,1.5199999809265137,789.0
2024-03-01 10:47:00,IMVT,36.369998931884766,36.369998931884766,36.369998931884766,36.369998931884766,36.369998931884766,378.0
2024-03-01 10:47:00,INAB,1.1299999952316284,1.1299999952316284,1.1299999952316284,1.1299999952316284,1.1299999952316284,1091.0
2024-03-01 10:47:00,INBX,36.91999816894531,36.91999816894531,36.97999954223633,36.91999816894531,36.97999954223633,217.0
2024-03-01 10:47:00,INCY,59.23500061035156,59.23500061035156,59.25,59.209999084472656,59.2400016784668,2293.0
2024-03-01 10:47:00,INGN,6.78000020980835,6.78000020980835,6.78000020980835,6.78000020980835,6.78000020980835,351.0
2024-03-01 10:47:00,INMB,11.75,11.75,11.75,11.75,11.75,360.0
2024-03-01 10:47:00,INMD,22.940000534057617,22.940000534057617,22.940000534057617,22.934999465942383,22.934999465942383,689.0
2024-03-01 10:47:00,INO,8.869999885559082,8.869999885559082,8.869999885559082,8.869999885559082,8.869999885559082,633.0
2024-03-01 10:47:00,INSM,28.360000610351562,28.360000610351562,28.360000610351562,28.360000610351562,28.360000610351562,749.0
2024-03-01 10:47:00,INVA,15.539999961853027,15.539999961853027,15.539999961853027,15.510000228881836,15.510000228881836,1639.0
2024-03-01 10:47:00,IOVA,16.469999313354492,16.469999313354492,16.487600326538086,16.440000534057617,16.4507999420166,12892.0
2024-03-01 10:47:00,IRTC,119.49500274658203,119.49500274658203,119.49500274658203,119.3499984741211,119.3499984741211,2301.0
2024-03-01 10:47:00,IRWD,8.890000343322754,8.890000343322754,8.90999984741211,8.890000343322754,8.90999984741211,50464.0
2024-03-01 10:47:00,ISRG,391.7349853515625,391.7349853515625,391.8999938964844,391.7349853515625,391.8999938964844,687.0
2024-03-01 10:47:00,ITCI,71.0999984741211,71.0999984741211,71.12999725341797,71.0,71.05500030517578,7460.0
2024-03-01 10:47:00,IXHL,5.300000190734863,5.300000190734863,5.300000190734863,5.300000190734863,5.300000190734863,5.0
2024-03-01 10:47:00,JAGX,0.0820000022649765,0.0820000022649765,0.08240000158548355,0.07909999787807465,0.07909999787807465,498005.0
2024-03-01 10:47:00,JANX,46.875,46.875,46.97359848022461,46.79999923706055,46.79999923706055,1222.0
2024-03-01 10:47:00,JAZZ,120.05999755859375,120.05999755859375,120.08039855957031,119.93000030517578,120.01000213623047,23295.0
2024-03-01 10:47:00,KALV,14.024999618530273,14.024999618530273,14.029999732971191,14.020000457763672,14.024999618530273,1024.0
2024-03-01 10:47:00,KIDS,27.079999923706055,27.079999923706055,27.110000610351562,27.06999969482422,27.100000381469727,2853.0
2024-03-01 10:47:00,KNSA,21.899999618530273,21.899999618530273,21.899999618530273,21.889999389648438,21.889999389648438,829.0
2024-03-01 10:47:00,KOD,6.105000019073486,6.105000019073486,6.107500076293945,6.105000019073486,6.105000019073486,807.0
2024-03-01 10:47:00,KPTI,1.2050000429153442,1.2050000429153442,1.2050000429153442,1.2050000429153442,1.2050000429153442,5202.0
2024-03-01 10:47:00,KRON,1.034999966621399,1.034999966621399,1.034999966621399,1.0299999713897705,1.0299999713897705,1356.0
2024-03-01 10:47:00,KROS,69.21499633789062,69.21499633789062,69.21499633789062,69.21499633789062,69.21499633789062,5.0
2024-03-01 10:47:00,KRTX,316.1499938964844,316.1499938964844,316.1499938964844,316.1499938964844,316.1499938964844,397.0
2024-03-01 10:47:00,KRYS,168.86500549316406,168.86500549316406,168.86500549316406,168.86500549316406,168.86500549316406,233.0
2024-03-01 10:47:00,KTRA,0.10109999775886536,0.10109999775886536,0.10109999775886536,0.10109999775886536,0.10109999775886536,400.0
2024-03-01 10:47:00,KYMR,44.64500045776367,44.64500045776367,44.64500045776367,44.63999938964844,44.63999938964844,469.0
2024-03-01 10:47:00,KZIA,0.23350000381469727,0.23350000381469727,0.23350000381469727,0.23350000381469727,0.23350000381469727,52.0
2024-03-01 10:47:00,KZR,1.125,1.125,1.1299999952316284,1.125,1.1299999952316284,44448.0
2024-03-01 10:47:00,LAB,2.3550000190734863,2.3550000190734863,2.3550000190734863,2.3550000190734863,2.3550000190734863,460.0
2024-03-01 10:47:00,LFMD,7.989999771118164,7.989999771118164,7.989999771118164,7.989999771118164,7.989999771118164,437.0
2024-03-01 10:47:00,LFST,8.045000076293945,8.045000076293945,8.045000076293945,8.022500038146973,8.03499984741211,8669.0
2024-03-01 10:47:00,LGND,79.69000244140625,79.69000244140625,79.69000244140625,79.69000244140625,79.69000244140625,387.0
2024-03-01 10:47:00,LIVN,54.86000061035156,54.86000061035156,55.0,54.86000061035156,55.0,13997.0
2024-03-01 10:47:00,LMAT,67.7699966430664,67.7699966430664,67.81999969482422,67.7699966430664,67.80000305175781,1708.0
2024-03-01 10:47:00,LNTH,65.55000305175781,65.55000305175781,65.58000183105469,65.5,65.5199966430664,2007.0
2024-03-01 10:47:00,LRMR,11.029999732971191,11.029999732971191,11.130000114440918,11.029999732971191,11.0649995803833,6146.0
2024-03-01 10:47:00,LVTX,3.069999933242798,3.069999933242798,3.069999933242798,3.0,3.0,1633.0
2024-03-01 10:47:00,LXRX,2.430000066757202,2.430000066757202,2.430000066757202,2.430000066757202,2.430000066757202,851.0
2024-03-01 10:47:00,LYEL,3.134999990463257,3.134999990463257,3.134999990463257,3.130000114440918,3.134999990463257,401.0
2024-03-01 10:47:00,MACK,14.765700340270996,14.765700340270996,14.765700340270996,14.765700340270996,14.765700340270996,200.0
2024-03-01 10:47:00,MASI,126.82499694824219,126.82499694824219,126.9000015258789,126.66999816894531,126.66999816894531,587.0
2024-03-01 10:47:00,MBIO,1.2799999713897705,1.2799999713897705,1.3300000429153442,1.2799999713897705,1.309999942779541,4610.0
2024-03-01 10:47:00,MBRX,0.6200000047683716,0.6200000047683716,0.6200000047683716,0.6200000047683716,0.6200000047683716,803.0
2024-03-01 10:47:00,MCRB,1.184999942779541,1.184999942779541,1.184999942779541,1.184999942779541,1.184999942779541,0.0
2024-03-01 10:47:00,MDRX,5.75,5.75,5.880000114440918,5.710000038146973,5.880000114440918,33585.0
2024-03-01 10:47:00,MDXG,8.515000343322754,8.515000343322754,8.515000343322754,8.505000114440918,8.505000114440918,5699.0
2024-03-01 10:47:00,ME,0.5759999752044678,0.5759999752044678,0.5759999752044678,0.5759999752044678,0.5759999752044678,145.0
2024-03-01 10:47:00,MEDP,400.5299987792969,400.5299987792969,400.5299987792969,400.1300048828125,400.5,776.0
2024-03-01 10:47:00,MEDS,9.0,9.0,9.045000076293945,9.0,9.045000076293945,2591.0
2024-03-01 10:47:00,MGNX,19.18000030517578,19.18000030517578,19.18000030517578,19.1200008392334,19.1200008392334,978.0
2024-03-01 10:47:00,MIRM,29.440000534057617,29.440000534057617,29.479999542236328,29.440000534057617,29.479999542236328,361.0
2024-03-01 10:47:00,MIST,1.684999942779541,1.684999942779541,1.684999942779541,1.6799999475479126,1.6799999475479126,3700.0
2024-03-01 10:47:00,MLTX,51.25,51.25,51.779998779296875,51.25,51.72999954223633,6399.0
2024-03-01 10:47:00,MMSI,76.44999694824219,76.44999694824219,76.5,76.44999694824219,76.5,942.0
2024-03-01 10:47:00,MNKD,4.570000171661377,4.570000171661377,4.570000171661377,4.560100078582764,4.560100078582764,1777.0
2024-03-01 10:47:00,MNMD,5.849999904632568,5.849999904632568,5.849999904632568,5.849999904632568,5.849999904632568,245.0
2024-03-01 10:47:00,MOR,17.690000534057617,17.690000534057617,17.690000534057617,17.690000534057617,17.690000534057617,188.0
2024-03-01 10:47:00,MORF,38.29999923706055,38.29999923706055,38.29999923706055,38.29999923706055,38.29999923706055,434.0
2024-03-01 10:47:00,MRAI,1.5470999479293823,1.5470999479293823,1.5470999479293823,1.5470999479293823,1.5470999479293823,1700.0
2024-03-01 10:47:00,MREO,3.859999895095825,3.859999895095825,3.859999895095825,3.8499999046325684,3.8550000190734863,1868.0
2024-03-01 10:47:00,MRNA,95.2699966430664,95.2699966430664,95.3499984741211,95.19999694824219,95.19999694824219,7230.0
2024-03-01 10:47:00,MRNS,9.779999732971191,9.779999732971191,9.779999732971191,9.779999732971191,9.779999732971191,281.0
2024-03-01 10:47:00,MRSN,5.764999866485596,5.764999866485596,5.764999866485596,5.739999771118164,5.739999771118164,2304.0
2024-03-01 10:47:00,MRUS,50.34000015258789,50.34000015258789,50.63999938964844,50.0099983215332,50.41999816894531,33395.0
2024-03-01 10:47:00,MRVI,7.824999809265137,7.824999809265137,7.835000038146973,7.824999809265137,7.824999809265137,1507.0
2024-03-01 10:47:00,MYGN,21.399999618530273,21.399999618530273,21.399999618530273,21.399999618530273,21.399999618530273,372.0
2024-03-01 10:47:00,NARI,45.69499969482422,45.69499969482422,45.69499969482422,45.619998931884766,45.69499969482422,865.0
2024-03-01 10:47:00,NAUT,2.630000114440918,2.630000114440918,2.630000114440918,2.630000114440918,2.630000114440918,101.0
2024-03-01 10:47:00,NBIX,130.8800048828125,130.8800048828125,130.91000366210938,130.8699951171875,130.91000366210938,1305.0
2024-03-01 10:47:00,NEO,16.09000015258789,16.09000015258789,16.09000015258789,16.07979965209961,16.07979965209961,831.0
2024-03-01 10:47:00,NEOG,17.190000534057617,17.190000534057617,17.190000534057617,17.170000076293945,17.170000076293945,1337.0
2024-03-01 10:47:00,NERV,2.4900999069213867,2.4900999069213867,2.4900999069213867,2.4900999069213867,2.4900999069213867,0.0
2024-03-01 10:47:00,NKTR,0.7398999929428101,0.7398999929428101,0.7398999929428101,0.7329000234603882,0.7329000234603882,10844.0
2024-03-01 10:47:00,NKTX,12.475000381469727,12.475000381469727,12.475000381469727,12.475000381469727,12.475000381469727,190.0
2024-03-01 10:47:00,NNOX,11.0,11.0,11.005000114440918,10.979999542236328,10.979999542236328,2976.0
2024-03-01 10:47:00,NOTV,7.864999771118164,7.864999771118164,7.864999771118164,7.864999771118164,7.864999771118164,268.0
2024-03-01 10:47:00,NRIX,13.255000114440918,13.255000114440918,13.260000228881836,13.234000205993652,13.234000205993652,2802.0
2024-03-01 10:47:00,NRSN,2.0199999809265137,2.0199999809265137,2.0199999809265137,2.0199999809265137,2.0199999809265137,900.0
2024-03-01 10:47:00,NRXP,0.4332999885082245,0.4332999885082245,0.4348999857902527,0.4332999885082245,0.4348999857902527,2198.0
2024-03-01 10:47:00,NTLA,33.459999084472656,33.459999084472656,33.53960037231445,33.459999084472656,33.4900016784668,6695.0
2024-03-01 10:47:00,NTRA,88.94090270996094,88.94090270996094,88.95999908447266,88.81999969482422,88.83000183105469,5189.0
2024-03-01 10:47:00,NVAX,5.164999961853027,5.164999961853027,5.170000076293945,5.159999847412109,5.161600112915039,16016.0
2024-03-01 10:47:00,NVCR,15.864999771118164,15.864999771118164,15.880000114440918,15.864999771118164,15.869999885559082,1539.0
2024-03-01 10:47:00,OCGN,0.9215999841690063,0.9215999841690063,0.9215999841690063,0.9215999841690063,0.9215999841690063,0.0
2024-03-01 10:47:00,OCUL,10.380000114440918,10.380000114440918,10.380000114440918,10.359999656677246,10.369999885559082,6589.0
2024-03-01 10:47:00,OCUP,2.515000104904175,2.515000104904175,2.515000104904175,2.515000104904175,2.515000104904175,700.0
2024-03-01 10:47:00,OFIX,13.039999961853027,13.039999961853027,13.039999961853027,13.039999961853027,13.039999961853027,214.0
2024-03-01 10:47:00,OGI,2.0815000534057617,2.0815000534057617,2.0815000534057617,2.0815000534057617,2.0815000534057617,715.0
2024-03-01 10:47:00,OLK,22.6299991607666,22.6299991607666,22.6299991607666,22.6299991607666,22.6299991607666,3589.0
2024-03-01 10:47:00,OLMA,12.694999694824219,12.694999694824219,12.694999694824219,12.694999694824219,12.694999694824219,124.0
2024-03-01 10:47:00,OM,3.0899999141693115,3.0899999141693115,3.0950000286102295,3.0899999141693115,3.0899999141693115,1072.0
2024-03-01 10:47:00,OMER,4.739999771118164,4.739999771118164,4.744999885559082,4.739999771118164,4.744999885559082,326.0
2024-03-01 10:47:00,OMGA,4.130000114440918,4.130000114440918,4.150000095367432,4.130000114440918,4.150000095367432,522.0
2024-03-01 10:47:00,ONCT,9.71500015258789,9.71500015258789,9.71500015258789,9.71500015258789,9.71500015258789,100.0
2024-03-01 10:47:00,ONTX,0.8137000203132629,0.8137000203132629,0.8137000203132629,0.8137000203132629,0.8137000203132629,138.0
2024-03-01 10:48:00,ABCL,5.139999866485596,5.139999866485596,5.139999866485596,5.139999866485596,5.139999866485596,404.0
2024-03-01 10:48:00,ABEO,7.489999771118164,7.489999771118164,7.53000020980835,7.489999771118164,7.500100135803223,6799.0
2024-03-01 10:48:00,ABSI,5.199999809265137,5.199999809265137,5.21999979019165,5.199999809265137,5.21999979019165,1251.0
2024-03-01 10:48:00,ABUS,2.7850000858306885,2.7850000858306885,2.7850000858306885,2.7799999713897705,2.7799999713897705,2605.0
2024-03-01 10:48:00,ACAD,24.09000015258789,24.09000015258789,24.09000015258789,24.084999084472656,24.09000015258789,798.0
2024-03-01 10:48:00,ACB,3.090100049972534,3.090100049972534,3.090100049972534,3.090100049972534,3.090100049972534,538.0
2024-03-01 10:48:00,ACCD,10.26990032196045,10.26990032196045,10.26990032196045,10.26990032196045,10.26990032196045,1001.0
2024-03-01 10:48:00,ACET,2.375,2.375,2.377000093460083,2.375,2.377000093460083,419.0
2024-03-01 10:48:00,ACHC,83.58999633789062,83.58999633789062,83.63500213623047,83.58999633789062,83.63500213623047,851.0
2024-03-01 10:48:00,ACLX,68.5199966430664,68.5199966430664,68.87000274658203,68.36000061035156,68.86990356445312,5927.0
2024-03-01 10:48:00,ACRS,1.2300000190734863,1.2300000190734863,1.2300000190734863,1.221500039100647,1.2300000190734863,1600.0
2024-03-01 10:48:00,ADAP,1.565000057220459,1.565000057220459,1.5800000429153442,1.5499999523162842,1.5800000429153442,28931.0
2024-03-01 10:48:00,ADIL,3.2799999713897705,3.2799999713897705,3.6098999977111816,3.2799999713897705,3.54229998588562,282818.0
2024-03-01 10:48:00,ADMA,5.381499767303467,5.381499767303467,5.389999866485596,5.381499767303467,5.385000228881836,1908.0
2024-03-01 10:48:00,ADPT,4.210000038146973,4.210000038146973,4.210000038146973,4.210000038146973,4.210000038146973,132.0
2024-03-01 10:48:00,AGEN,0.6711999773979187,0.6711999773979187,0.6715999841690063,0.6711999773979187,0.6715999841690063,29260.0
2024-03-01 10:48:00,AGIO,32.72999954223633,32.72999954223633,32.779998779296875,32.72999954223633,32.7599983215332,781.0
2024-03-01 10:48:00,AGRX,0.8399999737739563,0.8399999737739563,0.8399999737739563,0.8399999737739563,0.8399999737739563,1011.0
2024-03-01 10:48:00,AIMD,0.9750000238418579,0.9750000238418579,0.9750000238418579,0.9750000238418579,0.9750000238418579,998.0
2024-03-01 10:48:00,AIRS,6.579999923706055,6.579999923706055,6.579999923706055,6.579999923706055,6.579999923706055,100.0
2024-03-01 10:48:00,AKAN,0.25040000677108765,0.25040000677108765,0.25040000677108765,0.25040000677108765,0.25040000677108765,210.0
2024-03-01 10:48:00,AKBA,1.649999976158142,1.649999976158142,1.649999976158142,1.649999976158142,1.649999976158142,200.0
2024-03-01 10:48:00,AKLI,0.3440000116825104,0.3440000116825104,0.3440000116825104,0.3440000116825104,0.3440000116825104,5050.0
2024-03-01 10:48:00,AKRO,28.729999542236328,28.729999542236328,28.729999542236328,28.565000534057617,28.565000534057617,1543.0
2024-03-01 10:48:00,ALDX,4.110000133514404,4.110000133514404,4.110000133514404,4.110000133514404,4.110000133514404,813.0
2024-03-01 10:48:00,ALEC,7.559999942779541,7.559999942779541,7.559999942779541,7.559999942779541,7.559999942779541,562.0
2024-03-01 10:48:00,ALGN,300.2650146484375,300.2650146484375,300.6499938964844,300.0450134277344,300.4800109863281,4964.0
2024-03-01 10:48:00,ALHC,5.78000020980835,5.78000020980835,5.784999847412109,5.78000020980835,5.784999847412109,629.0
2024-03-01 10:48:00,ALKS,30.147499084472656,30.147499084472656,30.149999618530273,30.139999389648438,30.149999618530273,1333.0
2024-03-01 10:48:00,ALLK,1.6100000143051147,1.6100000143051147,1.6100000143051147,1.5907000303268433,1.5907000303268433,3668.0
2024-03-01 10:48:00,ALLO,5.0,5.0,5.0,4.994999885559082,5.0,1146.0
2024-03-01 10:48:00,ALNY,155.17999267578125,155.17999267578125,155.17999267578125,155.17999267578125,155.17999267578125,731.0
2024-03-01 10:48:00,ALPN,36.154998779296875,36.154998779296875,36.154998779296875,36.154998779296875,36.154998779296875,258.0
2024-03-01 10:48:00,ALT,12.199999809265137,12.199999809265137,12.199999809265137,12.170000076293945,12.170000076293945,4611.0
2024-03-01 10:48:00,ALXO,15.09000015258789,15.09000015258789,15.09000015258789,15.029999732971191,15.039999961853027,1713.0
2024-03-01 10:48:00,AMGN,280.95001220703125,280.95001220703125,281.1000061035156,280.8800048828125,281.1000061035156,6060.0
2024-03-01 10:48:00,AMPH,45.880001068115234,45.880001068115234,45.900001525878906,45.845001220703125,45.880001068115234,1634.0
2024-03-01 10:48:00,AMRN,1.034999966621399,1.034999966621399,1.034999966621399,1.034999966621399,1.034999966621399,500.0
2024-03-01 10:48:00,ANAB,25.56999969482422,25.56999969482422,25.56999969482422,25.56999969482422,25.56999969482422,160.0
2024-03-01 10:48:00,ANGO,5.449999809265137,5.449999809265137,5.454999923706055,5.449999809265137,5.454999923706055,740.0
2024-03-01 10:48:00,ANNX,5.945000171661377,5.945000171661377,5.949999809265137,5.920000076293945,5.920000076293945,4440.0
2024-03-01 10:48:00,ANTX,2.9549999237060547,2.9549999237060547,2.9549999237060547,2.9549999237060547,2.9549999237060547,206.0
2024-03-01 10:48:00,APDN,0.5788999795913696,0.5788999795913696,0.5788999795913696,0.5778999924659729,0.5778999924659729,445.0
2024-03-01 10:48:00,APLS,64.19499969482422,64.19499969482422,64.33999633789062,64.0999984741211,64.33999633789062,4553.0
2024-03-01 10:48:00,APLT,7.179999828338623,7.179999828338623,7.199999809265137,7.164999961853027,7.179900169372559,4584.0
2024-03-01 10:48:00,AQST,4.21999979019165,4.21999979019165,4.2378997802734375,4.210000038146973,4.2378997802734375,2170.0
2024-03-01 10:48:00,ARCT,39.869998931884766,39.869998931884766,39.93000030517578,39.869998931884766,39.90999984741211,489.0
2024-03-01 10:48:00,ARDX,9.539999961853027,9.539999961853027,9.558799743652344,9.529999732971191,9.558799743652344,12079.0
2024-03-01 10:48:00,ARQT,11.260000228881836,11.260000228881836,11.26990032196045,11.248000144958496,11.26990032196045,2989.0
2024-03-01 10:48:00,ARWR,35.125,35.125,35.130001068115234,35.08000183105469,35.095001220703125,3293.0
2024-03-01 10:48:00,ASLN,0.8310999870300293,0.8310999870300293,0.8310999870300293,0.8310999870300293,0.8310999870300293,1895.0
2024-03-01 10:48:00,ATAI,2.0,2.0,2.005000114440918,2.0,2.005000114440918,2382.0
2024-03-01 10:48:00,ATEC,13.460000038146973,13.460000038146973,13.460000038146973,13.4399995803833,13.4399995803833,3644.0
2024-03-01 10:48:00,ATOS,0.9898999929428101,0.9898999929428101,0.9898999929428101,0.9898999929428101,0.9898999929428101,0.0
2024-03-01 10:48:00,ATRA,0.8040000200271606,0.8040000200271606,0.8098999857902527,0.8040000200271606,0.8098999857902527,1967.0
2024-03-01 10:48:00,ATRC,35.849998474121094,35.849998474121094,35.849998474121094,35.849998474121094,35.849998474121094,301.0
2024-03-01 10:48:00,ATXS,15.265000343322754,15.265000343322754,15.265000343322754,15.25,15.25,2627.0
2024-03-01 10:48:00,AUGX,4.554999828338623,4.554999828338623,4.554999828338623,4.554999828338623,4.554999828338623,1400.0
2024-03-01 10:48:00,AUPH,5.820000171661377,5.820000171661377,5.824999809265137,5.820000171661377,5.820000171661377,2499.0
2024-03-01 10:48:00,AUTL,6.215000152587891,6.215000152587891,6.215000152587891,6.210000038146973,6.210000038146973,930.0
2024-03-01 10:48:00,AVDL,12.729999542236328,12.729999542236328,12.729999542236328,12.640000343322754,12.649999618530273,21210.0
2024-03-01 10:48:00,AVGR,3.8499999046325684,3.8499999046325684,3.8499999046325684,3.8499999046325684,3.8499999046325684,100.0
2024-03-01 10:48:00,AVIR,4.360099792480469,4.360099792480469,4.360099792480469,4.360099792480469,4.360099792480469,1045.0
2024-03-01 10:48:00,AVXL,5.320000171661377,5.320000171661377,5.320000171661377,5.320000171661377,5.320000171661377,200.0
2024-03-01 10:48:00,AXNX,67.55000305175781,67.55000305175781,67.55000305175781,67.5,67.55000305175781,2334.0
2024-03-01 10:48:00,AZN,64.61000061035156,64.61000061035156,64.61499786376953,64.6050033569336,64.61499786376953,1303.0
2024-03-01 10:48:00,BBIO,36.209999084472656,36.209999084472656,36.209999084472656,36.13999938964844,36.185001373291016,1176.0
2024-03-01 10:48:00,BBLG,2.5199999809265137,2.5199999809265137,2.5950000286102295,2.5199999809265137,2.5950000286102295,2231.0
2024-03-01 10:48:00,BCAB,2.8350000381469727,2.8350000381469727,2.8350000381469727,2.8350000381469727,2.8350000381469727,50.0
2024-03-01 10:48:00,BCDA,0.5600000023841858,0.5600000023841858,0.5600000023841858,0.5573999881744385,0.5573999881744385,25005.0
2024-03-01 10:48:00,BCRX,5.824999809265137,5.824999809265137,5.824999809265137,5.809999942779541,5.820000171661377,4255.0
2024-03-01 10:48:00,BDSX,1.6799999475479126,1.6799999475479126,1.6799999475479126,1.6799999475479126,1.6799999475479126,200.0
2024-03-01 10:48:00,BEAM,40.650001525878906,40.650001525878906,40.68000030517578,40.595001220703125,40.65999984741211,4487.0
2024-03-01 10:48:00,BGNE,167.8000030517578,167.8000030517578,167.8000030517578,167.69500732421875,167.69500732421875,292.0
2024-03-01 10:48:00,BGXX,0.26980000734329224,0.26980000734329224,0.26980000734329224,0.26899999380111694,0.26899999380111694,3829.0
2024-03-01 10:48:00,BIIB,219.4499969482422,219.4499969482422,219.8249969482422,219.44000244140625,219.82000732421875,3937.0
2024-03-01 10:48:00,BIVI,2.4800000190734863,2.4800000190734863,2.509999990463257,2.4500999450683594,2.481300115585327,130692.0
2024-03-01 10:48:00,BLRX,1.399999976158142,1.399999976158142,1.399999976158142,1.399999976158142,1.399999976158142,2310.0
2024-03-01 10:48:00,BLUE,1.6578999757766724,1.6578999757766724,1.659999966621399,1.649999976158142,1.6549999713897705,9968.0
2024-03-01 10:48:00,BMEA,17.850000381469727,17.850000381469727,17.850000381469727,17.850000381469727,17.850000381469727,116.0
2024-03-01 10:48:00,BMRN,86.52999877929688,86.52999877929688,86.52999877929688,86.49500274658203,86.5199966430664,1640.0
2024-03-01 10:48:00,BNTX,91.48500061035156,91.48500061035156,91.62999725341797,91.4749984741211,91.62999725341797,3881.0
2024-03-01 10:48:00,BPMC,97.0,97.0,97.12000274658203,96.99500274658203,97.08000183105469,1514.0
2024-03-01 10:48:00,BRKR,87.5199966430664,87.5199966430664,87.56999969482422,87.5199966430664,87.56999969482422,1270.0
2024-03-01 10:48:00,BTMD,6.03000020980835,6.03000020980835,6.059999942779541,6.03000020980835,6.059999942779541,774.0
2024-03-01 10:48:00,BTTX,0.1678999960422516,0.1678999960422516,0.1678999960422516,0.16760000586509705,0.16760000586509705,4612.0
2024-03-01 10:48:00,CABA,24.020000457763672,24.020000457763672,24.020000457763672,24.020000457763672,24.020000457763672,200.0
2024-03-01 10:48:00,CBAY,32.224998474121094,32.224998474121094,32.22999954223633,32.220001220703125,32.220001220703125,1529.0
2024-03-01 10:48:00,CCCC,11.114999771118164,11.114999771118164,11.119999885559082,11.085000038146973,11.09000015258789,8002.0
2024-03-01 10:48:00,CDMO,8.069999694824219,8.069999694824219,8.069999694824219,8.069999694824219,8.069999694824219,280.0
2024-03-01 10:48:00,CDNA,12.09000015258789,12.09000015258789,12.112500190734863,12.039999961853027,12.112500190734863,4486.0
2024-03-01 10:48:00,CDXS,4.360000133514404,4.360000133514404,4.380000114440918,4.355000019073486,4.357999801635742,2329.0
2024-03-01 10:48:00,CERE,41.25,41.25,41.26499938964844,41.20000076293945,41.20000076293945,27961.0
2024-03-01 10:48:00,CERS,2.200000047683716,2.200000047683716,2.200000047683716,2.200000047683716,2.200000047683716,1600.0
2024-03-01 10:48:00,CERT,17.844999313354492,17.844999313354492,17.844999313354492,17.780000686645508,17.844999313354492,1343.0
2024-03-01 10:48:00,CGC,3.25,3.25,3.261199951171875,3.25,3.261199951171875,4484.0
2024-03-01 10:48:00,CGEN,2.684999942779541,2.684999942779541,2.684999942779541,2.684999942779541,2.684999942779541,208.0
2024-03-01 10:48:00,CHRS,2.319999933242798,2.319999933242798,2.3299999237060547,2.319999933242798,2.3299999237060547,5603.0
2024-03-01 10:48:00,CLDX,52.51499938964844,52.51499938964844,52.599998474121094,52.41999816894531,52.45000076293945,8319.0
2024-03-01 10:48:00,CLNN,0.39500001072883606,0.39500001072883606,0.39500001072883606,0.39489999413490295,0.39500001072883606,3182.0
2024-03-01 10:48:00,CLOV,0.8679999709129333,0.8679999709129333,0.8679999709129333,0.8679999709129333,0.8679999709129333,1300.0
2024-03-01 10:48:00,CLPT,6.440100193023682,6.440100193023682,6.440100193023682,6.440100193023682,6.440100193023682,1000.0
2024-03-01 10:48:00,CLRB,4.059999942779541,4.059999942779541,4.059999942779541,4.059999942779541,4.059999942779541,200.0
2024-03-01 10:48:00,CLSD,1.3700000047683716,1.3700000047683716,1.3899999856948853,1.3700000047683716,1.3899999856948853,8962.0
2024-03-01 10:48:00,CLVRW,0.04019999876618385,0.04019999876618385,0.040300000458955765,0.04019999876618385,0.040300000458955765,0.0
2024-03-01 10:48:00,CMPS,10.75,10.75,10.760000228881836,10.663800239562988,10.663800239562988,3960.0
2024-03-01 10:48:00,CMPX,1.899999976158142,1.899999976158142,1.9210000038146973,1.899999976158142,1.9210000038146973,2495.0
2024-03-01 10:48:00,CMRX,1.1291999816894531,1.1291999816894531,1.1291999816894531,1.1291999816894531,1.1291999816894531,1035.0
2024-03-01 10:48:00,COGT,7.304999828338623,7.304999828338623,7.309999942779541,7.295000076293945,7.309999942779541,2542.0
2024-03-01 10:48:00,COLL,37.244998931884766,37.244998931884766,37.244998931884766,37.244998931884766,37.244998931884766,269.0
2024-03-01 10:48:00,CORT,23.834999084472656,23.834999084472656,23.860000610351562,23.834999084472656,23.860000610351562,1048.0
2024-03-01 10:48:00,CPRX,17.34000015258789,17.34000015258789,17.34000015258789,17.270000457763672,17.270000457763672,3639.0
2024-03-01 10:48:00,CPSI,9.4399995803833,9.4399995803833,9.4399995803833,9.40999984741211,9.40999984741211,454.0
2024-03-01 10:48:00,CRBU,8.119999885559082,8.119999885559082,8.119999885559082,8.100000381469727,8.109999656677246,1815.0
2024-03-01 10:48:00,CRDF,2.470099925994873,2.470099925994873,2.5099000930786133,2.4700000286102295,2.4995999336242676,45691.0
2024-03-01 10:48:00,CRMD,3.694999933242798,3.694999933242798,3.694999933242798,3.694999933242798,3.694999933242798,522.0
2024-03-01 10:48:00,CRNX,45.560001373291016,45.560001373291016,45.560001373291016,45.560001373291016,45.560001373291016,106.0
2024-03-01 10:48:00,CRON,2.055000066757202,2.055000066757202,2.055000066757202,2.055000066757202,2.055000066757202,157.0
2024-03-01 10:48:00,CRSP,86.21499633789062,86.21499633789062,86.30999755859375,86.12000274658203,86.27999877929688,3649.0
2024-03-01 10:48:00,CRVS,2.180000066757202,2.180000066757202,2.180000066757202,2.180000066757202,2.180000066757202,100.0
2024-03-01 10:48:00,CSTL,20.09000015258789,20.09000015258789,20.09000015258789,20.09000015258789,20.09000015258789,1904.0
2024-03-01 10:48:00,CTKB,8.194999694824219,8.194999694824219,8.220000267028809,8.194999694824219,8.220000267028809,968.0
2024-03-01 10:48:00,CTMX,2.5,2.5,2.505000114440918,2.490000009536743,2.490000009536743,7723.0
2024-03-01 10:48:00,CUTR,2.3550000190734863,2.3550000190734863,2.3550000190734863,2.3550000190734863,2.3550000190734863,300.0
2024-03-01 10:48:00,CYTK,74.83000183105469,74.83000183105469,74.87999725341797,74.80000305175781,74.83000183105469,2301.0
2024-03-01 10:48:00,CYTO,2.1798999309539795,2.1798999309539795,2.1798999309539795,2.1798999309539795,2.1798999309539795,400.0
2024-03-01 10:48:00,DARE,0.5789999961853027,0.5789999961853027,0.5789999961853027,0.5789999961853027,0.5789999961853027,0.0
2024-03-01 10:48:00,DAWN,17.040000915527344,17.040000915527344,17.049999237060547,17.040000915527344,17.049999237060547,826.0
2024-03-01 10:48:00,DCGO,4.105000019073486,4.105000019073486,4.110000133514404,4.105000019073486,4.110000133514404,916.0
2024-03-01 10:48:00,DCPH,17.059999465942383,17.059999465942383,17.059999465942383,17.059999465942383,17.059999465942383,559.0
2024-03-01 10:48:00,DH,9.055000305175781,9.055000305175781,9.0600004196167,9.055000305175781,9.0600004196167,772.0
2024-03-01 10:48:00,DMTK,0.8608999848365784,0.8608999848365784,0.8610000014305115,0.8519999980926514,0.8608999848365784,2031.0
2024-03-01 10:48:00,DNLI,20.837600708007812,20.837600708007812,20.860000610351562,20.809999465942383,20.809999465942383,4284.0
2024-03-01 10:48:00,DTIL,12.869999885559082,12.869999885559082,12.899999618530273,12.772500038146973,12.78499984741211,4234.0
2024-03-01 10:48:00,DVAX,12.800000190734863,12.800000190734863,12.805000305175781,12.765000343322754,12.767499923706055,7088.0
2024-03-01 10:48:00,DXCM,118.87000274658203,118.87000274658203,119.0,118.86000061035156,118.97000122070312,3829.0
2024-03-01 10:48:00,DYN,29.06999969482422,29.06999969482422,29.770000457763672,29.06999969482422,29.75550079345703,23712.0
2024-03-01 10:48:00,EDIT,10.970000267028809,10.970000267028809,10.970000267028809,10.904999732971191,10.904999732971191,7467.0
2024-03-01 10:48:00,ELEV,5.099999904632568,5.099999904632568,5.110000133514404,5.099999904632568,5.105000019073486,863.0
2024-03-01 10:48:00,EMBC,14.420000076293945,14.420000076293945,14.430000305175781,14.420000076293945,14.420000076293945,1012.0
2024-03-01 10:48:00,ENLV,3.259999990463257,3.259999990463257,3.2799999713897705,3.259999990463257,3.2799999713897705,177.0
2024-03-01 10:48:00,ENSG,124.38999938964844,124.38999938964844,124.38999938964844,124.38999938964844,124.38999938964844,115.0
2024-03-01 10:48:00,ENTA,15.114999771118164,15.114999771118164,15.114999771118164,15.114999771118164,15.114999771118164,295.0
2024-03-01 10:48:00,ENVB,1.6217999458312988,1.6217999458312988,1.6299999952316284,1.600000023841858,1.625,83947.0
2024-03-01 10:48:00,EQ,2.4600000381469727,2.4600000381469727,2.4600000381469727,2.4600000381469727,2.4600000381469727,101.0
2024-03-01 10:48:00,ESPR,2.4800000190734863,2.4800000190734863,2.484999895095825,2.4800000190734863,2.484999895095825,1799.0
2024-03-01 10:48:00,ETNB,12.984999656677246,12.984999656677246,13.0,12.979999542236328,13.0,1455.0
2024-03-01 10:48:00,ETON,4.474999904632568,4.474999904632568,4.474999904632568,4.474999904632568,4.474999904632568,232.0
2024-03-01 10:48:00,EWTX,16.989999771118164,16.989999771118164,16.989999771118164,16.979999542236328,16.979999542236328,1156.0
2024-03-01 10:48:00,EXAI,6.709400177001953,6.709400177001953,6.709400177001953,6.709400177001953,6.709400177001953,482.0
2024-03-01 10:48:00,EXAS,59.839599609375,59.839599609375,59.959999084472656,59.78499984741211,59.959999084472656,2618.0
2024-03-01 10:48:00,EXEL,22.5,22.5,22.5,22.454999923706055,22.454999923706055,10616.0
2024-03-01 10:48:00,EYPT,28.440000534057617,28.440000534057617,28.440000534057617,28.440000534057617,28.440000534057617,110.0
2024-03-01 10:48:00,FATE,7.510000228881836,7.510000228881836,7.510000228881836,7.494999885559082,7.5,2335.0
2024-03-01 10:48:00,FBIO,2.2300000190734863,2.2300000190734863,2.2300000190734863,2.2300000190734863,2.2300000190734863,2032.0
2024-03-01 10:48:00,FDMT,29.3700008392334,29.3700008392334,29.3700008392334,29.309999465942383,29.309999465942383,311.0
2024-03-01 10:48:00,FEMY,1.7404999732971191,1.7404999732971191,1.7404999732971191,1.7404999732971191,1.7404999732971191,230.0
2024-03-01 10:48:00,FGEN,1.75,1.75,1.75,1.75,1.75,1127.0
2024-03-01 10:48:00,FIXX,0.9399999976158142,0.9399999976158142,0.9399999976158142,0.9399999976158142,0.9399999976158142,0.0
2024-03-01 10:48:00,FLGT,23.170000076293945,23.170000076293945,23.170000076293945,23.170000076293945,23.170000076293945,200.0
2024-03-01 10:48:00,FNCH,2.6798999309539795,2.6798999309539795,2.680000066757202,2.6600000858306885,2.6600000858306885,2100.0
2024-03-01 10:48:00,FOLD,13.515000343322754,13.515000343322754,13.515000343322754,13.505000114440918,13.510000228881836,1410.0
2024-03-01 10:48:00,FULC,10.699999809265137,10.699999809265137,10.710000038146973,10.699999809265137,10.699999809265137,633.0
2024-03-01 10:48:00,FUSN,12.119999885559082,12.119999885559082,12.130000114440918,12.109999656677246,12.109999656677246,1784.0
2024-03-01 10:48:00,GANX,4.579999923706055,4.579999923706055,4.579999923706055,4.579999923706055,4.579999923706055,0.0
2024-03-01 10:48:00,GBIO,2.549999952316284,2.549999952316284,2.549999952316284,2.549999952316284,2.549999952316284,400.0
2024-03-01 10:48:00,GCTK,0.30000001192092896,0.30000001192092896,0.30000001192092896,0.29910001158714294,0.29910001158714294,1254.0
2024-03-01 10:48:00,GDRX,8.279999732971191,8.279999732971191,8.283599853515625,8.279999732971191,8.283599853515625,490.0
2024-03-01 10:48:00,GERN,2.1387999057769775,2.1387999057769775,2.140000104904175,2.1342999935150146,2.134999990463257,2450.0
2024-03-01 10:48:00,GH,19.239999771118164,19.239999771118164,19.239999771118164,19.239999771118164,19.239999771118164,645.0
2024-03-01 10:48:00,GILD,72.44999694824219,72.44999694824219,72.48999786376953,72.40499877929688,72.48999786376953,11673.0
2024-03-01 10:48:00,GLUE,6.400000095367432,6.400000095367432,6.46999979019165,6.399899959564209,6.400000095367432,4025.0
2024-03-01 10:48:00,GMAB,29.19499969482422,29.19499969482422,29.19499969482422,29.18000030517578,29.18000030517578,445.0
2024-03-01 10:48:00,GMDA,0.37940001487731934,0.37940001487731934,0.37940001487731934,0.37940001487731934,0.37940001487731934,332.0
2024-03-01 10:48:00,GOSS,1.350100040435791,1.350100040435791,1.3600000143051147,1.350100040435791,1.3600000143051147,10101.0
2024-03-01 10:48:00,GRFS,6.914999961853027,6.914999961853027,6.914999961853027,6.889999866485596,6.889999866485596,3535.0
2024-03-01 10:48:00,GRTS,2.180299997329712,2.180299997329712,2.199899911880493,2.180299997329712,2.199899911880493,0.0
2024-03-01 10:48:00,GTHX,3.4800000190734863,3.4800000190734863,3.4800000190734863,3.4800000190734863,3.4800000190734863,200.0
2024-03-01 10:48:00,HALO,41.349998474121094,41.349998474121094,41.349998474121094,41.290000915527344,41.290000915527344,3550.0
2024-03-01 10:48:00,HARP,22.93000030517578,22.93000030517578,22.934999465942383,22.93000030517578,22.934999465942383,506.0
2024-03-01 10:48:00,HCAT,7.980000019073486,7.980000019073486,7.980000019073486,7.960000038146973,7.980000019073486,4780.0
2024-03-01 10:48:00,HCSG,12.725000381469727,12.725000381469727,12.725000381469727,12.725000381469727,12.725000381469727,300.0
2024-03-01 10:48:00,HCTI,2.3975000381469727,2.3975000381469727,2.3975000381469727,2.3975000381469727,2.3975000381469727,5.0
2024-03-01 10:48:00,HOLX,73.92500305175781,73.92500305175781,73.94000244140625,73.92500305175781,73.94000244140625,625.0
2024-03-01 10:48:00,HQY,82.06999969482422,82.06999969482422,82.06999969482422,82.06999969482422,82.06999969482422,326.0
2024-03-01 10:48:00,HRMY,31.434999465942383,31.434999465942383,31.55500030517578,31.434999465942383,31.55500030517578,756.0
2024-03-01 10:48:00,HROW,10.770000457763672,10.770000457763672,10.770000457763672,10.770000457763672,10.770000457763672,222.0
2024-03-01 10:48:00,HRTX,2.6500000953674316,2.6500000953674316,2.6500000953674316,2.6500000953674316,2.6500000953674316,1103.0
2024-03-01 10:48:00,HSDT,4.879700183868408,4.879700183868408,4.879700183868408,4.879700183868408,4.879700183868408,793.0
2024-03-01 10:48:00,HSIC,77.41999816894531,77.41999816894531,77.41999816894531,77.30000305175781,77.36000061035156,1592.0
2024-03-01 10:48:00,HUMA,3.134999990463257,3.134999990463257,3.1549999713897705,3.1315999031066895,3.1549999713897705,15259.0
2024-03-01 10:48:00,IART,36.9900016784668,36.9900016784668,36.9900016784668,36.9900016784668,36.9900016784668,947.0
2024-03-01 10:48:00,IBRX,4.89769983291626,4.89769983291626,4.89769983291626,4.889999866485596,4.889999866485596,977.0
2024-03-01 10:48:00,ICUI,106.62000274658203,106.62000274658203,106.875,106.62000274658203,106.875,1014.0
2024-03-01 10:48:00,IDXX,576.9099731445312,576.9099731445312,576.9099731445312,576.8200073242188,576.8200073242188,627.0
2024-03-01 10:48:00,IDYA,46.20000076293945,46.20000076293945,46.20000076293945,46.107398986816406,46.107398986816406,519.0
2024-03-01 10:48:00,IFRX,1.840000033378601,1.840000033378601,1.8420000076293945,1.840000033378601,1.8420000076293945,943.0
2024-03-01 10:48:00,ILMN,140.97000122070312,140.97000122070312,141.10000610351562,140.97000122070312,141.10000610351562,1115.0
2024-03-01 10:48:00,IMAB,1.8450000286102295,1.8450000286102295,1.8450000286102295,1.8450000286102295,1.8450000286102295,200.0
2024-03-01 10:48:00,IMCR,68.19999694824219,68.19999694824219,68.19999694824219,68.04000091552734,68.04000091552734,13816.0
2024-03-01 10:48:00,IMMX,3.5399999618530273,3.5399999618530273,3.5399999618530273,3.5399999618530273,3.5399999618530273,200.0
2024-03-01 10:48:00,IMNN,1.0049999952316284,1.0049999952316284,1.0049999952316284,1.0049999952316284,1.0049999952316284,1073.0
2024-03-01 10:48:00,IMVT,36.310001373291016,36.310001373291016,36.349998474121094,36.310001373291016,36.334999084472656,855.0
2024-03-01 10:48:00,INBX,36.974998474121094,36.974998474121094,36.97999954223633,36.88999938964844,36.91999816894531,763.0
2024-03-01 10:48:00,INCY,59.209999084472656,59.209999084472656,59.25,59.20000076293945,59.220001220703125,1270.0
2024-03-01 10:48:00,INMD,22.950000762939453,22.950000762939453,22.959999084472656,22.950000762939453,22.959999084472656,1784.0
2024-03-01 10:48:00,INO,8.929900169372559,8.929900169372559,8.929900169372559,8.914999961853027,8.914999961853027,1209.0
2024-03-01 10:48:00,INSM,28.360000610351562,28.360000610351562,28.360000610351562,28.329999923706055,28.350000381469727,473.0
2024-03-01 10:48:00,INVA,15.579999923706055,15.579999923706055,15.59000015258789,15.550000190734863,15.550000190734863,3360.0
2024-03-01 10:48:00,INZY,6.523900032043457,6.523900032043457,6.525000095367432,6.523900032043457,6.525000095367432,1596.0
2024-03-01 10:48:00,IONS,45.95000076293945,45.95000076293945,45.95000076293945,45.880001068115234,45.88999938964844,1595.0
2024-03-01 10:48:00,IOVA,16.475000381469727,16.475000381469727,16.475000381469727,16.420000076293945,16.450000762939453,12373.0
2024-03-01 10:48:00,IRTC,119.61000061035156,119.61000061035156,119.61000061035156,119.45999908447266,119.52249908447266,3761.0
2024-03-01 10:48:00,IRWD,8.90999984741211,8.90999984741211,8.914999961853027,8.880000114440918,8.880000114440918,26068.0
2024-03-01 10:48:00,ISRG,391.17999267578125,391.17999267578125,391.739990234375,391.17999267578125,391.739990234375,2857.0
2024-03-01 10:48:00,ITCI,71.12999725341797,71.12999725341797,71.12999725341797,71.05999755859375,71.08000183105469,757.0
2024-03-01 10:48:00,JAGX,0.08100000023841858,0.08100000023841858,0.0820000022649765,0.08049999922513962,0.0820000022649765,207677.0
2024-03-01 10:48:00,JANX,46.7411994934082,46.7411994934082,46.7411994934082,46.7411994934082,46.7411994934082,613.0
2024-03-01 10:48:00,JAZZ,120.13500213623047,120.13500213623047,120.13500213623047,120.13500213623047,120.13500213623047,333.0
2024-03-01 10:48:00,JSPR,20.770000457763672,20.770000457763672,20.770000457763672,20.770000457763672,20.770000457763672,130.0
2024-03-01 10:48:00,KALV,14.024299621582031,14.024299621582031,14.024299621582031,14.024299621582031,14.024299621582031,485.0
2024-03-01 10:48:00,KNSA,21.875,21.875,21.90999984741211,21.875,21.90999984741211,403.0
2024-03-01 10:48:00,KPTI,1.2050000429153442,1.2050000429153442,1.2200000286102295,1.2000000476837158,1.2050000429153442,22258.0
2024-03-01 10:48:00,KROS,69.21499633789062,69.21499633789062,69.21499633789062,69.21499633789062,69.21499633789062,200.0
2024-03-01 10:48:00,KRYS,169.19000244140625,169.19000244140625,169.19000244140625,168.8699951171875,169.14999389648438,740.0
2024-03-01 10:48:00,KTRA,0.10249999910593033,0.10249999910593033,0.10249999910593033,0.10100000351667404,0.10180000215768814,11118.0
2024-03-01 10:48:00,KURA,21.34000015258789,21.34000015258789,21.350000381469727,21.31999969482422,21.31999969482422,2505.0
2024-03-01 10:48:00,KYMR,44.70000076293945,44.70000076293945,44.77000045776367,44.593101501464844,44.69499969482422,559.0
2024-03-01 10:48:00,KZR,1.1201000213623047,1.1201000213623047,1.1299999952316284,1.1201000213623047,1.1299999952316284,8734.0
2024-03-01 10:48:00,LAB,2.3550000190734863,2.3550000190734863,2.359999895095825,2.3550000190734863,2.359999895095825,1023.0
2024-03-01 10:48:00,LBPH,22.16819953918457,22.16819953918457,22.16819953918457,22.104999542236328,22.104999542236328,489.0
2024-03-01 10:48:00,LEGN,65.91000366210938,65.91000366210938,65.91000366210938,65.83999633789062,65.83999633789062,772.0
2024-03-01 10:48:00,LFMD,7.980000019073486,7.980000019073486,7.980000019073486,7.980000019073486,7.980000019073486,274.0
2024-03-01 10:48:00,LFST,8.03499984741211,8.03499984741211,8.045000076293945,8.03499984741211,8.045000076293945,4976.0
2024-03-01 10:48:00,LMAT,67.80999755859375,67.80999755859375,67.88099670410156,67.80999755859375,67.88099670410156,801.0
2024-03-01 10:48:00,LNTH,65.5,65.5,65.54000091552734,65.5,65.54000091552734,406.0
2024-03-01 10:48:00,LRMR,11.039999961853027,11.039999961853027,11.0600004196167,11.039999961853027,11.0600004196167,473.0
2024-03-01 10:48:00,LTRN,4.755000114440918,4.755000114440918,4.755000114440918,4.755000114440918,4.755000114440918,468.0
2024-03-01 10:48:00,LXRX,2.4209001064300537,2.4209001064300537,2.440000057220459,2.4209001064300537,2.430000066757202,3202.0
2024-03-01 10:48:00,LYEL,3.130000114440918,3.130000114440918,3.130500078201294,3.130000114440918,3.130500078201294,3049.0
2024-03-01 10:48:00,MACK,14.760000228881836,14.760000228881836,14.760000228881836,14.760000228881836,14.760000228881836,337.0
2024-03-01 10:48:00,MASI,126.7300033569336,126.7300033569336,126.83499908447266,126.7300033569336,126.83499908447266,818.0
2024-03-01 10:48:00,MCRB,1.184999942779541,1.184999942779541,1.184999942779541,1.184999942779541,1.184999942779541,200.0
2024-03-01 10:48:00,MDGL,242.74000549316406,242.74000549316406,242.74000549316406,242.1300048828125,242.1300048828125,290.0
2024-03-01 10:48:00,MDRX,5.730000019073486,5.730000019073486,5.869999885559082,5.730000019073486,5.730000019073486,24022.0
2024-03-01 10:48:00,MDXG,8.505000114440918,8.505000114440918,8.510000228881836,8.505000114440918,8.510000228881836,1247.0
2024-03-01 10:48:00,ME,0.578000009059906,0.578000009059906,0.578000009059906,0.5741999745368958,0.5741999745368958,14533.0
2024-03-01 10:48:00,MGNX,19.219900131225586,19.219900131225586,19.219900131225586,19.200000762939453,19.200000762939453,1761.0
2024-03-01 10:48:00,MGTX,6.235000133514404,6.235000133514404,6.235000133514404,6.235000133514404,6.235000133514404,200.0
2024-03-01 10:48:00,MIRM,29.700000762939453,29.700000762939453,29.700000762939453,29.489999771118164,29.489999771118164,3234.0
2024-03-01 10:48:00,MLTX,51.029998779296875,51.029998779296875,51.09000015258789,51.029998779296875,51.09000015258789,478.0
2024-03-01 10:48:00,MNKD,4.574999809265137,4.574999809265137,4.579999923706055,4.565000057220459,4.570000171661377,11905.0
2024-03-01 10:48:00,MNMD,5.880000114440918,5.880000114440918,5.889999866485596,5.880000114440918,5.885000228881836,679.0
2024-03-01 10:48:00,MNPR,0.7800999879837036,0.7800999879837036,0.7800999879837036,0.7800999879837036,0.7800999879837036,0.0
2024-03-01 10:48:00,MODD,1.9199999570846558,1.9199999570846558,1.9199999570846558,1.9199999570846558,1.9199999570846558,537.0
2024-03-01 10:48:00,MODV,28.0,28.0,28.040000915527344,28.0,28.030000686645508,1810.0
2024-03-01 10:48:00,MOR,17.690000534057617,17.690000534057617,17.690000534057617,17.690000534057617,17.690000534057617,190.0
2024-03-01 10:48:00,MORF,38.349998474121094,38.349998474121094,38.349998474121094,38.31999969482422,38.34000015258789,420.0
2024-03-01 10:48:00,MOTS,0.673799991607666,0.673799991607666,0.673799991607666,0.673799991607666,0.673799991607666,760.0
2024-03-01 10:48:00,MREO,3.880000114440918,3.880000114440918,3.880000114440918,3.8701000213623047,3.875,1200.0
2024-03-01 10:48:00,MRNA,95.41000366210938,95.41000366210938,95.41000366210938,95.12999725341797,95.19999694824219,5361.0
2024-03-01 10:48:00,MRNS,9.779999732971191,9.779999732971191,9.779999732971191,9.779999732971191,9.779999732971191,468.0
2024-03-01 10:48:00,MRSN,5.800000190734863,5.800000190734863,5.800000190734863,5.755000114440918,5.764999866485596,3342.0
2024-03-01 10:48:00,MRUS,50.25,50.25,50.29499816894531,50.25,50.29499816894531,1239.0
2024-03-01 10:48:00,MRVI,7.820000171661377,7.820000171661377,7.840000152587891,7.820000171661377,7.824999809265137,1197.0
2024-03-01 10:48:00,MYGN,21.43000030517578,21.43000030517578,21.440000534057617,21.43000030517578,21.440000534057617,732.0
2024-03-01 10:48:00,NARI,45.689998626708984,45.689998626708984,45.77000045776367,45.619998931884766,45.77000045776367,1275.0
2024-03-01 10:48:00,NBIX,130.86500549316406,130.86500549316406,130.90249633789062,130.82000732421875,130.85000610351562,5092.0
2024-03-01 10:48:00,NEO,16.06999969482422,16.06999969482422,16.079999923706055,16.06999969482422,16.079999923706055,242.0
2024-03-01 10:48:00,NEOG,17.15999984741211,17.15999984741211,17.18000030517578,17.15999984741211,17.18000030517578,1206.0
2024-03-01 10:48:00,NERV,2.5299999713897705,2.5299999713897705,2.5299999713897705,2.5299999713897705,2.5299999713897705,100.0
2024-03-01 10:48:00,NGM,1.5299999713897705,1.5299999713897705,1.5299999713897705,1.5299999713897705,1.5299999713897705,223.0
2024-03-01 10:48:00,NKTR,0.7340999841690063,0.7340999841690063,0.739799976348877,0.7340999841690063,0.7397000193595886,3280.0
2024-03-01 10:48:00,NKTX,12.4399995803833,12.4399995803833,12.4399995803833,12.4399995803833,12.4399995803833,507.0
2024-03-01 10:48:00,NNOX,10.949999809265137,10.949999809265137,10.989999771118164,10.949999809265137,10.989999771118164,4172.0
2024-03-01 10:48:00,NOTV,7.796599864959717,7.796599864959717,7.849999904632568,7.789999961853027,7.849999904632568,3307.0
2024-03-01 10:48:00,NRBO,5.675000190734863,5.675000190734863,5.675000190734863,5.675000190734863,5.675000190734863,200.0
2024-03-01 10:48:00,NRIX,13.255000114440918,13.255000114440918,13.255000114440918,13.255000114440918,13.255000114440918,104.0
2024-03-01 10:48:00,NRSN,2.0399999618530273,2.0399999618530273,2.0399999618530273,2.009999990463257,2.009999990463257,1507.0
2024-03-01 10:48:00,NRXP,0.43149998784065247,0.43149998784065247,0.43320000171661377,0.42980000376701355,0.42989999055862427,7336.0
2024-03-01 10:48:00,NTLA,33.470001220703125,33.470001220703125,33.470001220703125,33.459999084472656,33.459999084472656,356.0
2024-03-01 10:48:00,NTRA,89.04000091552734,89.04000091552734,89.05999755859375,88.91999816894531,88.9749984741211,6636.0
2024-03-01 10:48:00,NUVL,87.9000015258789,87.9000015258789,88.02999877929688,87.88999938964844,88.02999877929688,1111.0
2024-03-01 10:48:00,NVAX,5.1707000732421875,5.1707000732421875,5.1707000732421875,5.15500020980835,5.170000076293945,23312.0
2024-03-01 10:48:00,NVCR,15.84000015258789,15.84000015258789,15.84000015258789,15.84000015258789,15.84000015258789,272.0
2024-03-01 10:48:00,NVNO,6.493199825286865,6.493199825286865,6.493199825286865,6.493199825286865,6.493199825286865,13.0
2024-03-01 10:48:00,NXTC,1.7899999618530273,1.7899999618530273,1.7899999618530273,1.7799999713897705,1.7799999713897705,7462.0
2024-03-01 10:48:00,OCGN,0.9139999747276306,0.9139999747276306,0.9139999747276306,0.9139000177383423,0.9139000177383423,1718.0
2024-03-01 10:48:00,OCUL,10.372200012207031,10.372200012207031,10.372200012207031,10.366900444030762,10.370100021362305,12509.0
2024-03-01 10:48:00,OLK,22.610000610351562,22.610000610351562,22.625,22.610000610351562,22.625,724.0
2024-03-01 10:48:00,OLMA,12.694999694824219,12.694999694824219,12.694999694824219,12.694999694824219,12.694999694824219,211.0
2024-03-01 10:48:00,OM,3.0899999141693115,3.0899999141693115,3.0899999141693115,3.0899999141693115,3.0899999141693115,454.0
2024-03-01 10:48:00,OMER,4.739999771118164,4.739999771118164,4.739999771118164,4.739999771118164,4.739999771118164,305.0
2024-03-01 10:48:00,OMGA,4.150000095367432,4.150000095367432,4.150000095367432,4.140100002288818,4.140100002288818,1210.0
2024-03-01 10:48:00,ONCT,9.8100004196167,9.8100004196167,9.850000381469727,9.770000457763672,9.770000457763672,2548.0
2024-03-01 10:48:00,ONCY,1.1200000047683716,1.1200000047683716,1.1200000047683716,1.1200000047683716,1.1200000047683716,2600.0
2024-03-01 10:49:00,ABCL,5.159999847412109,5.159999847412109,5.159999847412109,5.133999824523926,5.135000228881836,2576.0
2024-03-01 10:49:00,ABEO,7.460000038146973,7.460000038146973,7.460000038146973,7.460000038146973,7.460000038146973,428.0
2024-03-01 10:49:00,ABOS,4.679999828338623,4.679999828338623,4.679999828338623,4.659999847412109,4.659999847412109,1207.0
2024-03-01 10:49:00,ABUS,2.789299964904785,2.789299964904785,2.789299964904785,2.7850000858306885,2.7850000858306885,2059.0
2024-03-01 10:49:00,ACAD,24.209999084472656,24.209999084472656,24.209999084472656,24.110000610351562,24.110000610351562,4546.0
2024-03-01 10:49:00,ACB,3.0899999141693115,3.0899999141693115,3.0899999141693115,3.0899999141693115,3.0899999141693115,964.0
2024-03-01 10:49:00,ACCD,10.260000228881836,10.260000228881836,10.260000228881836,10.260000228881836,10.260000228881836,142.0
2024-03-01 10:49:00,ACET,2.384999990463257,2.384999990463257,2.384999990463257,2.375,2.375,1602.0
2024-03-01 10:49:00,ACIU,3.8399999141693115,3.8399999141693115,3.8399999141693115,3.8399999141693115,3.8399999141693115,248.0
2024-03-01 10:49:00,ACON,0.38749998807907104,0.38749998807907104,0.38999998569488525,0.38749998807907104,0.38999998569488525,15430.0
2024-03-01 10:49:00,ACRS,1.2300000190734863,1.2300000190734863,1.2300000190734863,1.2300000190734863,1.2300000190734863,420.0
2024-03-01 10:49:00,ADAG,3.299999952316284,3.299999952316284,3.299999952316284,3.2899999618530273,3.2899999618530273,500.0
2024-03-01 10:49:00,ADIL,3.2300000190734863,3.2300000190734863,3.299999952316284,3.119999885559082,3.2799999713897705,531248.0
2024-03-01 10:49:00,ADMA,5.385000228881836,5.385000228881836,5.389999866485596,5.385000228881836,5.388999938964844,1484.0
2024-03-01 10:49:00,ADPT,4.227700233459473,4.227700233459473,4.227700233459473,4.21999979019165,4.21999979019165,1743.0
2024-03-01 10:49:00,AGEN,0.6711000204086304,0.6711000204086304,0.6711999773979187,0.6711000204086304,0.6711999773979187,49447.0
2024-03-01 10:49:00,AGIO,32.880001068115234,32.880001068115234,32.880001068115234,32.75,32.75,5593.0
2024-03-01 10:49:00,AGRX,0.8220000267028809,0.8220000267028809,0.8489999771118164,0.8220000267028809,0.8479999899864197,3318.0
2024-03-01 10:49:00,AHCO,10.600000381469727,10.600000381469727,10.600000381469727,10.600000381469727,10.600000381469727,472.0
2024-03-01 10:49:00,AIRS,6.559999942779541,6.559999942779541,6.579999923706055,6.550000190734863,6.579999923706055,300.0
2024-03-01 10:49:00,AKBA,1.649999976158142,1.649999976158142,1.649999976158142,1.649999976158142,1.649999976158142,2531.0
2024-03-01 10:49:00,AKRO,28.739999771118164,28.739999771118164,28.790000915527344,28.725000381469727,28.725000381469727,2160.0
2024-03-01 10:49:00,ALDX,4.114999771118164,4.114999771118164,4.114999771118164,4.100599765777588,4.100599765777588,2131.0
2024-03-01 10:49:00,ALEC,7.545000076293945,7.545000076293945,7.570000171661377,7.545000076293945,7.559999942779541,5826.0
2024-03-01 10:49:00,ALGN,300.481689453125,300.481689453125,300.481689453125,300.481689453125,300.481689453125,774.0
2024-03-01 10:49:00,ALGS,0.9900000095367432,0.9900000095367432,1.0049999952316284,0.9900000095367432,1.0049999952316284,1818.0
2024-03-01 10:49:00,ALHC,5.75,5.75,5.784999847412109,5.75,5.784999847412109,3056.0
2024-03-01 10:49:00,ALKS,30.19499969482422,30.19499969482422,30.209999084472656,30.15999984741211,30.15999984741211,2544.0
2024-03-01 10:49:00,ALLK,1.600000023841858,1.600000023841858,1.6100000143051147,1.5950000286102295,1.6100000143051147,29734.0
2024-03-01 10:49:00,ALLO,5.014999866485596,5.014999866485596,5.014999866485596,5.014999866485596,5.014999866485596,259.0
2024-03-01 10:49:00,ALNY,155.5500030517578,155.5500030517578,155.5500030517578,155.41000366210938,155.41000366210938,663.0
2024-03-01 10:49:00,ALPN,36.23609924316406,36.23609924316406,36.25,36.23609924316406,36.25,603.0
2024-03-01 10:49:00,ALT,12.279999732971191,12.279999732971191,12.289999961853027,12.210000038146973,12.210000038146973,4338.0
2024-03-01 10:49:00,ALXO,15.180000305175781,15.180000305175781,15.180000305175781,15.09000015258789,15.09000015258789,7209.0
2024-03-01 10:49:00,AMGN,280.7312927246094,280.7312927246094,280.95001220703125,280.7149963378906,280.95001220703125,3521.0
2024-03-01 10:49:00,AMLX,18.850000381469727,18.850000381469727,18.860000610351562,18.844999313354492,18.844999313354492,2606.0
2024-03-01 10:49:00,AMPH,45.849998474121094,45.849998474121094,45.849998474121094,45.78010177612305,45.78010177612305,1136.0
2024-03-01 10:49:00,AMRN,1.034999966621399,1.034999966621399,1.0399999618530273,1.034999966621399,1.0399999618530273,434.0
2024-03-01 10:49:00,ANAB,25.584999084472656,25.584999084472656,25.6299991607666,25.56999969482422,25.56999969482422,1386.0
2024-03-01 10:49:00,ANIK,24.709999084472656,24.709999084472656,24.709999084472656,24.700000762939453,24.700000762939453,204.0
2024-03-01 10:49:00,ANIX,3.555000066757202,3.555000066757202,3.555000066757202,3.555000066757202,3.555000066757202,160.0
2024-03-01 10:49:00,ANNX,5.940100193023682,5.940100193023682,5.940100193023682,5.940000057220459,5.940000057220459,2285.0
2024-03-01 10:49:00,ANTX,2.9549999237060547,2.9549999237060547,2.9549999237060547,2.9549999237060547,2.9549999237060547,102.0
2024-03-01 10:49:00,APLS,64.5199966430664,64.5199966430664,64.72000122070312,64.2300033569336,64.2300033569336,9812.0
2024-03-01 10:49:00,APLT,7.199999809265137,7.199999809265137,7.21999979019165,7.179999828338623,7.179999828338623,1104.0
2024-03-01 10:49:00,APTO,1.7899999618530273,1.7899999618530273,1.809999942779541,1.7899999618530273,1.809999942779541,400.0
2024-03-01 10:49:00,AQST,4.25600004196167,4.25600004196167,4.260000228881836,4.221499919891357,4.221499919891357,7301.0
2024-03-01 10:49:00,ARAY,2.619999885559082,2.619999885559082,2.619999885559082,2.619999885559082,2.619999885559082,200.0
2024-03-01 10:49:00,ARCT,40.0,40.0,40.040000915527344,39.95000076293945,39.95000076293945,1361.0
2024-03-01 10:49:00,ARDX,9.564000129699707,9.564000129699707,9.569999694824219,9.539999961853027,9.539999961853027,7696.0
2024-03-01 10:49:00,ARGX,391.1300048828125,391.1300048828125,391.17999267578125,391.1300048828125,391.17999267578125,771.0
2024-03-01 10:49:00,ARQT,11.350000381469727,11.350000381469727,11.359999656677246,11.279999732971191,11.279999732971191,4873.0
2024-03-01 10:49:00,ARVN,51.470001220703125,51.470001220703125,51.5099983215332,51.37900161743164,51.37900161743164,2106.0
2024-03-01 10:49:00,ARWR,35.2400016784668,35.2400016784668,35.24399948120117,35.125,35.125,10681.0
2024-03-01 10:49:00,ASRT,0.9200000166893005,0.9200000166893005,0.9200000166893005,0.9200000166893005,0.9200000166893005,201.0
2024-03-01 10:49:00,ATAI,2.007999897003174,2.007999897003174,2.009999990463257,2.0,2.0,15349.0
2024-03-01 10:49:00,ATEC,13.475000381469727,13.475000381469727,13.475000381469727,13.46500015258789,13.46500015258789,1106.0
2024-03-01 10:49:00,ATNF,3.2899999618530273,3.2899999618530273,3.309999942779541,3.2899999618530273,3.299999952316284,1238.0
2024-03-01 10:49:00,ATRA,0.8098999857902527,0.8098999857902527,0.8100000023841858,0.8093000054359436,0.8098999857902527,1863.0
2024-03-01 10:49:00,ATXS,15.265000343322754,15.265000343322754,15.265000343322754,15.25,15.265000343322754,625.0
2024-03-01 10:49:00,AUGX,4.554999828338623,4.554999828338623,4.554999828338623,4.554999828338623,4.554999828338623,11.0
2024-03-01 10:49:00,AUPH,5.829999923706055,5.829999923706055,5.835000038146973,5.829999923706055,5.829999923706055,1356.0
2024-03-01 10:49:00,AUTL,6.230000019073486,6.230000019073486,6.230000019073486,6.21999979019165,6.21999979019165,1172.0
2024-03-01 10:49:00,AVDL,12.770000457763672,12.770000457763672,12.770000457763672,12.71500015258789,12.71500015258789,4423.0
2024-03-01 10:49:00,AVGR,3.8399999141693115,3.8399999141693115,3.8399999141693115,3.8399999141693115,3.8399999141693115,200.0
2024-03-01 10:49:00,AVIR,4.369999885559082,4.369999885559082,4.369999885559082,4.369999885559082,4.369999885559082,859.0
2024-03-01 10:49:00,AVTE,22.559999465942383,22.559999465942383,22.600000381469727,22.559999465942383,22.600000381469727,1166.0
2024-03-01 10:49:00,AVXL,5.335000038146973,5.335000038146973,5.335000038146973,5.320000171661377,5.320000171661377,1038.0
2024-03-01 10:49:00,AXGN,10.494999885559082,10.494999885559082,10.494999885559082,10.494999885559082,10.494999885559082,140.0
2024-03-01 10:49:00,AXNX,67.5,67.5,67.5,67.5,67.5,101.0
2024-03-01 10:49:00,AXSM,84.05000305175781,84.05000305175781,84.0999984741211,84.0,84.0999984741211,15141.0
2024-03-01 10:49:00,AZN,64.64920043945312,64.64920043945312,64.65499877929688,64.62000274658203,64.62000274658203,2784.0
2024-03-01 10:49:00,AZTA,66.58999633789062,66.58999633789062,66.58999633789062,66.56999969482422,66.56999969482422,643.0
2024-03-01 10:49:00,BBIO,36.27000045776367,36.27000045776367,36.27000045776367,36.25,36.25,525.0
2024-03-01 10:49:00,BBLG,2.5199999809265137,2.5199999809265137,2.5199999809265137,2.5199999809265137,2.5199999809265137,180.0
2024-03-01 10:49:00,BCRX,5.829999923706055,5.829999923706055,5.829999923706055,5.821100234985352,5.821100234985352,6379.0
2024-03-01 10:49:00,BDTX,5.104300022125244,5.104300022125244,5.110000133514404,5.104300022125244,5.110000133514404,243.0
2024-03-01 10:49:00,BEAM,40.810001373291016,40.810001373291016,40.88999938964844,40.70000076293945,40.70000076293945,3158.0
2024-03-01 10:49:00,BFRI,0.875,0.875,0.875,0.875,0.875,862.0
2024-03-01 10:49:00,BGNE,167.7635040283203,167.7635040283203,167.7635040283203,167.7635040283203,167.7635040283203,189.0
2024-03-01 10:49:00,BIIB,219.74000549316406,219.74000549316406,219.74000549316406,219.4600067138672,219.4600067138672,989.0
2024-03-01 10:49:00,BIVI,2.4732000827789307,2.4732000827789307,2.5,2.4600000381469727,2.4853999614715576,39925.0
2024-03-01 10:49:00,BLFS,18.0049991607666,18.0049991607666,18.0049991607666,18.0049991607666,18.0049991607666,205.0
2024-03-01 10:49:00,BLRX,1.3799999952316284,1.3799999952316284,1.3799999952316284,1.3799999952316284,1.3799999952316284,19000.0
2024-03-01 10:49:00,BLUE,1.652500033378601,1.652500033378601,1.6699999570846558,1.6518000364303589,1.659999966621399,23350.0
2024-03-01 10:49:00,BMEA,17.90999984741211,17.90999984741211,17.90999984741211,17.850000381469727,17.850000381469727,879.0
2024-03-01 10:49:00,BMRN,86.56999969482422,86.56999969482422,86.62999725341797,86.5250015258789,86.52999877929688,5771.0
2024-03-01 10:49:00,BNOX,1.229599952697754,1.229599952697754,1.229599952697754,1.2200000286102295,1.2200000286102295,69.0
2024-03-01 10:49:00,BNTX,91.54499816894531,91.54499816894531,91.55000305175781,91.51000213623047,91.55000305175781,1331.0
2024-03-01 10:49:00,BPMC,97.43499755859375,97.43499755859375,97.52999877929688,97.0,97.0,3600.0
2024-03-01 10:49:00,BRKR,87.51499938964844,87.51499938964844,87.55999755859375,87.51499938964844,87.55999755859375,401.0
2024-03-01 10:49:00,BTMD,6.049300193786621,6.049300193786621,6.049300193786621,6.019999980926514,6.03000020980835,512.0
2024-03-01 10:49:00,BTTX,0.1678999960422516,0.1678999960422516,0.1679999977350235,0.16769999265670776,0.1679999977350235,4200.0
2024-03-01 10:49:00,BVS,4.684999942779541,4.684999942779541,4.684999942779541,4.684999942779541,4.684999942779541,200.0
2024-03-01 10:49:00,CABA,24.030000686645508,24.030000686645508,24.030000686645508,24.020000457763672,24.020000457763672,667.0
2024-03-01 10:49:00,CADL,1.809999942779541,1.809999942779541,1.809999942779541,1.809999942779541,1.809999942779541,550.0
2024-03-01 10:49:00,CALT,21.625,21.625,21.625,21.625,21.625,161.0
2024-03-01 10:49:00,CBAY,32.22999954223633,32.22999954223633,32.22999954223633,32.22999954223633,32.22999954223633,3602.0
2024-03-01 10:49:00,CCCC,11.095000267028809,11.095000267028809,11.119500160217285,11.095000267028809,11.118800163269043,4280.0
2024-03-01 10:49:00,CCRN,18.030000686645508,18.030000686645508,18.030000686645508,18.020000457763672,18.020000457763672,430.0
2024-03-01 10:49:00,CDMO,8.149999618530273,8.149999618530273,8.149999618530273,8.079999923706055,8.079999923706055,1720.0
2024-03-01 10:49:00,CDNA,12.239999771118164,12.239999771118164,12.239999771118164,12.100000381469727,12.100000381469727,3403.0
2024-03-01 10:49:00,CDXS,4.369999885559082,4.369999885559082,4.369999885559082,4.369999885559082,4.369999885559082,210.0
2024-03-01 10:49:00,CERE,41.275001525878906,41.275001525878906,41.279998779296875,41.244998931884766,41.244998931884766,8330.0
2024-03-01 10:49:00,CERS,2.200000047683716,2.200000047683716,2.200000047683716,2.200000047683716,2.200000047683716,3296.0
2024-03-01 10:49:00,CERT,17.844999313354492,17.844999313354492,17.844999313354492,17.829999923706055,17.829999923706055,268.0
2024-03-01 10:49:00,CGC,3.265000104904175,3.265000104904175,3.2699999809265137,3.25,3.255000114440918,11959.0
2024-03-01 10:49:00,CGEM,18.940000534057617,18.940000534057617,18.940000534057617,18.790000915527344,18.790000915527344,1103.0
2024-03-01 10:49:00,CGEN,2.6828999519348145,2.6828999519348145,2.684999942779541,2.680000066757202,2.680000066757202,2597.0
2024-03-01 10:49:00,CHRS,2.325000047683716,2.325000047683716,2.325000047683716,2.325000047683716,2.325000047683716,346.0
2024-03-01 10:49:00,CLDX,52.709999084472656,52.709999084472656,52.75,52.60499954223633,52.61000061035156,4973.0
2024-03-01 10:49:00,CLNN,0.39500001072883606,0.39500001072883606,0.39500001072883606,0.39500001072883606,0.39500001072883606,200.0
2024-03-01 10:49:00,CLOV,0.8673999905586243,0.8673999905586243,0.8675000071525574,0.866100013256073,0.866100013256073,35466.0
2024-03-01 10:49:00,CLPT,6.492499828338623,6.492499828338623,6.492499828338623,6.492499828338623,6.492499828338623,0.0
2024-03-01 10:49:00,CLRB,4.069900035858154,4.069900035858154,4.069900035858154,4.069900035858154,4.069900035858154,2411.0
2024-03-01 10:49:00,CMPS,10.75,10.75,10.75,10.75,10.75,111.0
2024-03-01 10:49:00,CMPX,1.9199999570846558,1.9199999570846558,1.9199999570846558,1.9199999570846558,1.9199999570846558,197.0
2024-03-01 10:49:00,CMRX,1.125,1.125,1.125,1.125,1.125,131.0
2024-03-01 10:49:00,CNSP,0.3158999979496002,0.3158999979496002,0.3158999979496002,0.3100000023841858,0.3100000023841858,2600.0
2024-03-01 10:49:00,COGT,7.329999923706055,7.329999923706055,7.329999923706055,7.304999828338623,7.304999828338623,2437.0
2024-03-01 10:49:00,COLL,37.27000045776367,37.27000045776367,37.279998779296875,37.27000045776367,37.27000045776367,77245.0
2024-03-01 10:49:00,CORT,23.84000015258789,23.84000015258789,23.84000015258789,23.84000015258789,23.84000015258789,899.0
2024-03-01 10:49:00,CPRX,17.375,17.375,17.395000457763672,17.329999923706055,17.334999084472656,4972.0
2024-03-01 10:49:00,CRBU,8.1899995803833,8.1899995803833,8.199700355529785,8.140000343322754,8.140000343322754,2175.0
2024-03-01 10:49:00,CRDF,2.5199999809265137,2.5199999809265137,2.5199999809265137,2.470099925994873,2.4749999046325684,25934.0
2024-03-01 10:49:00,CRDL,1.9800000190734863,1.9800000190734863,1.9800000190734863,1.965000033378601,1.9799000024795532,1002.0
2024-03-01 10:49:00,CRNX,45.84000015258789,45.84000015258789,45.84000015258789,45.560001373291016,45.560001373291016,2054.0
2024-03-01 10:49:00,CRON,2.055000066757202,2.055000066757202,2.055000066757202,2.055000066757202,2.055000066757202,4012.0
2024-03-01 10:49:00,CRSP,86.5687026977539,86.5687026977539,86.58000183105469,86.2699966430664,86.2699966430664,4846.0
2024-03-01 10:49:00,CTKB,8.229999542236328,8.229999542236328,8.229999542236328,8.210000038146973,8.210000038146973,308.0
2024-03-01 10:49:00,CTMX,2.4995999336242676,2.4995999336242676,2.4995999336242676,2.4995999336242676,2.4995999336242676,333.0
2024-03-01 10:49:00,CTXR,0.7847999930381775,0.7847999930381775,0.7847999930381775,0.7847999930381775,0.7847999930381775,647.0
2024-03-01 10:49:00,CUE,2.180000066757202,2.180000066757202,2.180000066757202,2.1600000858306885,2.1600000858306885,610.0
2024-03-01 10:49:00,CUTR,2.350600004196167,2.350600004196167,2.359999895095825,2.3499999046325684,2.3550000190734863,4958.0
2024-03-01 10:49:00,CVAC,3.484999895095825,3.484999895095825,3.490000009536743,3.484999895095825,3.490000009536743,3995.0
2024-03-01 10:49:00,CYTK,74.95500183105469,74.95500183105469,75.0,74.87000274658203,74.87000274658203,3620.0
2024-03-01 10:49:00,CYTO,2.199899911880493,2.199899911880493,2.199899911880493,2.1700000762939453,2.1700000762939453,8113.0
2024-03-01 10:49:00,DAWN,17.1200008392334,17.1200008392334,17.1299991607666,17.079999923706055,17.079999923706055,1052.0
2024-03-01 10:49:00,DCGO,4.105000019073486,4.105000019073486,4.105000019073486,4.102499961853027,4.105000019073486,510.0
2024-03-01 10:49:00,DCPH,17.125,17.125,17.1299991607666,17.059999465942383,17.079999923706055,2848.0
2024-03-01 10:49:00,DERM,4.067500114440918,4.067500114440918,4.067500114440918,4.067500114440918,4.067500114440918,101.0
2024-03-01 10:49:00,DMTK,0.8600000143051147,0.8600000143051147,0.8608999848365784,0.8555999994277954,0.8555999994277954,1652.0
2024-03-01 10:49:00,DNLI,20.844999313354492,20.844999313354492,20.860000610351562,20.834999084472656,20.84000015258789,508.0
2024-03-01 10:49:00,DTIL,12.890000343322754,12.890000343322754,12.9399995803833,12.8100004196167,12.875,3157.0
2024-03-01 10:49:00,DVAX,12.845000267028809,12.845000267028809,12.845000267028809,12.795000076293945,12.795000076293945,18032.0
2024-03-01 10:49:00,DXCM,118.91999816894531,118.91999816894531,118.91999816894531,118.86000061035156,118.87999725341797,2545.0
2024-03-01 10:49:00,DYN,29.184999465942383,29.184999465942383,29.190000534057617,29.100000381469727,29.190000534057617,1428.0
2024-03-01 10:49:00,EDIT,10.989999771118164,10.989999771118164,11.0,10.975000381469727,10.979999542236328,6429.0
2024-03-01 10:49:00,ELEV,5.070700168609619,5.070700168609619,5.079999923706055,5.0609002113342285,5.079999923706055,2966.0
2024-03-01 10:49:00,EMBC,14.420000076293945,14.420000076293945,14.420000076293945,14.420000076293945,14.420000076293945,633.0
2024-03-01 10:49:00,ENLV,3.259999990463257,3.259999990463257,3.259999990463257,3.2599000930786133,3.2599000930786133,1995.0
2024-03-01 10:49:00,ENSG,124.33000183105469,124.33000183105469,124.33000183105469,124.33000183105469,124.33000183105469,455.0
2024-03-01 10:49:00,ENTA,15.110099792480469,15.110099792480469,15.110099792480469,15.110099792480469,15.110099792480469,1124.0
2024-03-01 10:49:00,ENTX,1.340000033378601,1.340000033378601,1.3700000047683716,1.340000033378601,1.3700000047683716,374.0
2024-03-01 10:49:00,ENVB,1.6491999626159668,1.6491999626159668,1.649999976158142,1.625,1.6289000511169434,16122.0
2024-03-01 10:49:00,EOLS,14.689900398254395,14.689900398254395,14.689900398254395,14.689900398254395,14.689900398254395,522.0
2024-03-01 10:49:00,EQ,2.4858999252319336,2.4858999252319336,2.4858999252319336,2.4858999252319336,2.4858999252319336,313.0
2024-03-01 10:49:00,ERAS,2.5,2.5,2.5,2.5,2.5,655.0
2024-03-01 10:49:00,ESPR,2.490000009536743,2.490000009536743,2.494999885559082,2.484999895095825,2.490000009536743,5757.0
2024-03-01 10:49:00,ETNB,13.050000190734863,13.050000190734863,13.079999923706055,12.989999771118164,12.989999771118164,10055.0
2024-03-01 10:49:00,EVO,7.46999979019165,7.46999979019165,7.46999979019165,7.46999979019165,7.46999979019165,100.0
2024-03-01 10:49:00,EWTX,17.0,17.0,17.0,16.985000610351562,16.985000610351562,613.0
2024-03-01 10:49:00,EXAI,6.71999979019165,6.71999979019165,6.71999979019165,6.704999923706055,6.704999923706055,900.0
2024-03-01 10:49:00,EXAS,59.83000183105469,59.83000183105469,59.869998931884766,59.810001373291016,59.84000015258789,5394.0
2024-03-01 10:49:00,EXEL,22.540000915527344,22.540000915527344,22.540000915527344,22.5,22.5,4997.0
2024-03-01 10:49:00,EYPT,28.4950008392334,28.4950008392334,28.4950008392334,28.450000762939453,28.469999313354492,821.0
2024-03-01 10:49:00,FATE,7.550000190734863,7.550000190734863,7.550000190734863,7.525000095367432,7.525000095367432,705.0
2024-03-01 10:49:00,FBIO,2.240000009536743,2.240000009536743,2.240000009536743,2.2369000911712646,2.2369000911712646,0.0
2024-03-01 10:49:00,FDMT,29.459999084472656,29.459999084472656,29.479999542236328,29.25,29.309999465942383,3197.0
2024-03-01 10:49:00,FGEN,1.7799999713897705,1.7799999713897705,1.7799999713897705,1.7549999952316284,1.7549999952316284,2640.0
2024-03-01 10:49:00,FHTX,8.289999961853027,8.289999961853027,8.289999961853027,8.289999961853027,8.289999961853027,106.0
2024-03-01 10:49:00,FOLD,13.550000190734863,13.550000190734863,13.550000190734863,13.520000457763672,13.520000457763672,2050.0
2024-03-01 10:49:00,FULC,10.734999656677246,10.734999656677246,10.734999656677246,10.699999809265137,10.710000038146973,1594.0
2024-03-01 10:49:00,FUSN,12.114999771118164,12.114999771118164,12.114999771118164,12.114999771118164,12.114999771118164,101.0
2024-03-01 10:49:00,GDRX,8.279199600219727,8.279199600219727,8.279999732971191,8.27910041809082,8.279399871826172,1194.0
2024-03-01 10:49:00,GERN,2.140000104904175,2.140000104904175,2.140000104904175,2.140000104904175,2.140000104904175,317.0
2024-03-01 10:49:00,GH,19.274999618530273,19.274999618530273,19.290000915527344,19.274999618530273,19.280000686645508,531.0
2024-03-01 10:49:00,GILD,72.40879821777344,72.40879821777344,72.47000122070312,72.4000015258789,72.45999908447266,8388.0
2024-03-01 10:49:00,GLYC,2.9600000381469727,2.9600000381469727,2.9600000381469727,2.9600000381469727,2.9600000381469727,140.0
2024-03-01 10:49:00,GMAB,29.200000762939453,29.200000762939453,29.219999313354492,29.199399948120117,29.200000762939453,3539.0
2024-03-01 10:49:00,GMDA,0.37880000472068787,0.37880000472068787,0.37929999828338623,0.37880000472068787,0.37929999828338623,2485.0
2024-03-01 10:49:00,GOSS,1.3600000143051147,1.3600000143051147,1.3681000471115112,1.3600000143051147,1.3600000143051147,0.0
2024-03-01 10:49:00,GRFS,6.913899898529053,6.913899898529053,6.913899898529053,6.911200046539307,6.911200046539307,299.0
2024-03-01 10:49:00,GRTS,2.1882998943328857,2.1882998943328857,2.1882998943328857,2.180000066757202,2.184999942779541,1741.0
2024-03-01 10:49:00,GRTX,0.22830000519752502,0.22830000519752502,0.22830000519752502,0.22830000519752502,0.22830000519752502,202.0
2024-03-01 10:49:00,GTHX,3.4709999561309814,3.4709999561309814,3.4800000190734863,3.4709999561309814,3.4749999046325684,4884.0
2024-03-01 10:49:00,HALO,41.375,41.375,41.380001068115234,41.36000061035156,41.36000061035156,1263.0
2024-03-01 10:49:00,HCAT,8.005000114440918,8.005000114440918,8.010000228881836,7.989999771118164,7.989999771118164,776.0
2024-03-01 10:49:00,HCSG,12.720000267028809,12.720000267028809,12.720000267028809,12.720000267028809,12.720000267028809,386.0
2024-03-01 10:49:00,HCTI,2.3777999877929688,2.3777999877929688,2.3866000175476074,2.359999895095825,2.380000114440918,1281.0
2024-03-01 10:49:00,HITI,1.7519999742507935,1.7519999742507935,1.7519999742507935,1.7519999742507935,1.7519999742507935,100.0
2024-03-01 10:49:00,HOLX,73.93499755859375,73.93499755859375,73.93499755859375,73.93000030517578,73.93000030517578,363.0
2024-03-01 10:49:00,HRMY,31.479999542236328,31.479999542236328,31.479999542236328,31.479999542236328,31.479999542236328,402.0
2024-03-01 10:49:00,HROW,10.859999656677246,10.859999656677246,10.859999656677246,10.800000190734863,10.800000190734863,1228.0
2024-03-01 10:49:00,HRTX,2.6549999713897705,2.6549999713897705,2.6600000858306885,2.6500000953674316,2.6500000953674316,3649.0
2024-03-01 10:49:00,HSIC,77.39749908447266,77.39749908447266,77.39749908447266,77.37000274658203,77.37000274658203,347.0
2024-03-01 10:49:00,HUGE,0.8889999985694885,0.8889999985694885,0.8889999985694885,0.8889999985694885,0.8889999985694885,206.0
2024-03-01 10:49:00,HUMA,3.140000104904175,3.140000104904175,3.1500000953674316,3.134999990463257,3.134999990463257,33511.0
2024-03-01 10:49:00,HYPR,1.1583000421524048,1.1583000421524048,1.1583000421524048,1.1583000421524048,1.1583000421524048,908.0
2024-03-01 10:49:00,IBRX,4.945000171661377,4.945000171661377,4.949999809265137,4.885000228881836,4.889999866485596,11383.0
2024-03-01 10:49:00,ICAD,1.850000023841858,1.850000023841858,1.850000023841858,1.850000023841858,1.850000023841858,107.0
2024-03-01 10:49:00,ICUI,106.47000122070312,106.47000122070312,106.61000061035156,106.47000122070312,106.61000061035156,1762.0
2024-03-01 10:49:00,IDXX,577.1635131835938,577.1635131835938,577.1635131835938,576.8682250976562,576.8682250976562,1273.0
2024-03-01 10:49:00,IDYA,46.290000915527344,46.290000915527344,46.290000915527344,46.275001525878906,46.275001525878906,342.0
2024-03-01 10:49:00,IGMS,13.604999542236328,13.604999542236328,13.614999771118164,13.604999542236328,13.614999771118164,267.0
2024-03-01 10:49:00,IMAB,1.8450000286102295,1.8450000286102295,1.8450000286102295,1.8401000499725342,1.8401000499725342,1953.0
2024-03-01 10:49:00,IMMP,2.29010009765625,2.29010009765625,2.29010009765625,2.29010009765625,2.29010009765625,1502.0
2024-03-01 10:49:00,IMMX,3.509999990463257,3.509999990463257,3.5350000858306885,3.509999990463257,3.509999990463257,2400.0
2024-03-01 10:49:00,IMTX,13.069999694824219,13.069999694824219,13.09000015258789,12.979999542236328,12.989999771118164,4443.0
2024-03-01 10:49:00,IMUX,1.5210000276565552,1.5210000276565552,1.5210000276565552,1.5210000276565552,1.5210000276565552,385.0
2024-03-01 10:49:00,IMVT,36.439998626708984,36.439998626708984,36.439998626708984,36.334999084472656,36.36000061035156,2060.0
2024-03-01 10:49:00,INCY,59.220001220703125,59.220001220703125,59.2599983215332,59.220001220703125,59.2599983215332,1038.0
2024-03-01 10:49:00,INGN,6.78000020980835,6.78000020980835,6.784999847412109,6.78000020980835,6.784999847412109,726.0
2024-03-01 10:49:00,INMD,22.969999313354492,22.969999313354492,22.975000381469727,22.969999313354492,22.969999313354492,1160.0
2024-03-01 10:49:00,INSM,28.43000030517578,28.43000030517578,28.440000534057617,28.3700008392334,28.3700008392334,1629.0
2024-03-01 10:49:00,INVA,15.600000381469727,15.600000381469727,15.600000381469727,15.595000267028809,15.595000267028809,402.0
2024-03-01 10:49:00,INZY,6.53000020980835,6.53000020980835,6.539999961853027,6.53000020980835,6.53000020980835,901.0
2024-03-01 10:49:00,IONS,46.0099983215332,46.0099983215332,46.0099983215332,45.95000076293945,45.95000076293945,778.0
2024-03-01 10:49:00,IOVA,16.53499984741211,16.53499984741211,16.549999237060547,16.4950008392334,16.499799728393555,21391.0
2024-03-01 10:49:00,IRTC,119.70999908447266,119.70999908447266,119.70999908447266,119.63999938964844,119.63999938964844,556.0
2024-03-01 10:49:00,IRWD,8.914999961853027,8.914999961853027,8.920000076293945,8.904999732971191,8.914999961853027,11979.0
2024-03-01 10:49:00,ISRG,391.42999267578125,391.42999267578125,391.42999267578125,391.3399963378906,391.3399963378906,1326.0
2024-03-01 10:49:00,ITCI,71.19000244140625,71.19000244140625,71.19999694824219,71.12999725341797,71.12999725341797,2434.0
2024-03-01 10:49:00,ITOS,10.760000228881836,10.760000228881836,10.760000228881836,10.760000228881836,10.760000228881836,1328.0
2024-03-01 10:49:00,IXHL,5.324999809265137,5.324999809265137,5.324999809265137,5.324999809265137,5.324999809265137,111.0
2024-03-01 10:49:00,JAGX,0.08160000294446945,0.08160000294446945,0.08169999718666077,0.08060000091791153,0.08160000294446945,247452.0
2024-03-01 10:49:00,JAZZ,120.13500213623047,120.13500213623047,120.13500213623047,120.13500213623047,120.13500213623047,413.0
2024-03-01 10:49:00,KALV,14.050000190734863,14.050000190734863,14.050000190734863,14.039999961853027,14.039999961853027,601.0
2024-03-01 10:49:00,KIDS,27.149999618530273,27.149999618530273,27.149999618530273,27.149999618530273,27.149999618530273,737.0
2024-03-01 10:49:00,KNSA,21.899999618530273,21.899999618530273,21.979999542236328,21.889999389648438,21.899999618530273,9264.0
2024-03-01 10:49:00,KOD,6.110000133514404,6.110000133514404,6.110000133514404,6.110000133514404,6.110000133514404,555.0
2024-03-01 10:49:00,KPTI,1.2300000190734863,1.2300000190734863,1.2300000190734863,1.2050000429153442,1.2050000429153442,14467.0
2024-03-01 10:49:00,KROS,69.21499633789062,69.21499633789062,69.21499633789062,69.21499633789062,69.21499633789062,706.0
2024-03-01 10:49:00,KRYS,169.39999389648438,169.39999389648438,169.47999572753906,169.2100067138672,169.2100067138672,1536.0
2024-03-01 10:49:00,KTRA,0.10239999741315842,0.10239999741315842,0.10239999741315842,0.10170000046491623,0.10239999741315842,29954.0
2024-03-01 10:49:00,KURA,21.350000381469727,21.350000381469727,21.350000381469727,21.34000015258789,21.350000381469727,8330.0
2024-03-01 10:49:00,KYMR,44.814998626708984,44.814998626708984,44.970001220703125,44.70500183105469,44.70500183105469,1825.0
2024-03-01 10:49:00,KZIA,0.23350000381469727,0.23350000381469727,0.23350000381469727,0.23350000381469727,0.23350000381469727,2724.0
2024-03-01 10:49:00,KZR,1.1289000511169434,1.1289000511169434,1.1289000511169434,1.125,1.125,0.0
2024-03-01 10:49:00,LAB,2.359999895095825,2.359999895095825,2.359999895095825,2.3550000190734863,2.3550000190734863,200.0
2024-03-01 10:49:00,LBPH,22.170000076293945,22.170000076293945,22.170000076293945,22.170000076293945,22.170000076293945,544.0
2024-03-01 10:49:00,LFLY,2.946000099182129,2.946000099182129,2.946000099182129,2.946000099182129,2.946000099182129,206.0
2024-03-01 10:49:00,LFLYW,0.027000000700354576,0.027000000700354576,0.027000000700354576,0.027000000700354576,0.027000000700354576,0.0
2024-03-01 10:49:00,LFST,8.039999961853027,8.039999961853027,8.039999961853027,8.029999732971191,8.029999732971191,2122.0
2024-03-01 10:49:00,LGVN,0.5407999753952026,0.5407999753952026,0.5408999919891357,0.5407999753952026,0.5408999919891357,9034.0
2024-03-01 10:49:00,LIVN,54.96500015258789,54.96500015258789,54.967498779296875,54.900001525878906,54.900001525878906,1148.0
2024-03-01 10:49:00,LNTH,65.56500244140625,65.56500244140625,65.58000183105469,65.5,65.5,2640.0
2024-03-01 10:49:00,LPTX,2.880000114440918,2.880000114440918,2.890000104904175,2.880000114440918,2.890000104904175,758.0
2024-03-01 10:49:00,LQDA,14.5,14.5,14.500100135803223,14.489999771118164,14.489999771118164,1856.0
2024-03-01 10:49:00,LRMR,11.010000228881836,11.010000228881836,11.079999923706055,11.0,11.041000366210938,15212.0
2024-03-01 10:49:00,LSTA,3.049999952316284,3.049999952316284,3.059999942779541,3.049999952316284,3.059999942779541,678.0
2024-03-01 10:49:00,LUNG,9.210000038146973,9.210000038146973,9.210000038146973,9.1899995803833,9.1899995803833,2023.0
2024-03-01 10:49:00,LVTX,3.0208001136779785,3.0208001136779785,3.0299999713897705,3.0,3.001699924468994,9031.0
2024-03-01 10:49:00,LYEL,3.140000104904175,3.140000104904175,3.140000104904175,3.134999990463257,3.134999990463257,2779.0
2024-03-01 10:49:00,MASI,126.81999969482422,126.81999969482422,126.81999969482422,126.81999969482422,126.81999969482422,172.0
2024-03-01 10:49:00,MASS,7.375,7.375,7.380000114440918,7.360000133514404,7.360000133514404,1003.0
2024-03-01 10:49:00,MCRB,1.184999942779541,1.184999942779541,1.1899000406265259,1.184999942779541,1.184999942779541,795.0
2024-03-01 10:49:00,MDGL,242.80999755859375,242.80999755859375,244.1199951171875,242.47500610351562,242.47500610351562,2619.0
2024-03-01 10:49:00,MDRX,5.869999885559082,5.869999885559082,5.869999885559082,5.730000019073486,5.869999885559082,63099.0
2024-03-01 10:49:00,MDXG,8.529999732971191,8.529999732971191,8.545000076293945,8.505000114440918,8.510000228881836,18084.0
2024-03-01 10:49:00,ME,0.5792999863624573,0.5792999863624573,0.5794000029563904,0.579200029373169,0.579200029373169,5475.0
2024-03-01 10:49:00,MGNX,19.2549991607666,19.2549991607666,19.299999237060547,19.219999313354492,19.219999313354492,3272.0
2024-03-01 10:49:00,MGTX,6.260000228881836,6.260000228881836,6.260000228881836,6.244999885559082,6.244999885559082,984.0
2024-03-01 10:49:00,MIRM,29.829999923706055,29.829999923706055,29.829999923706055,29.670000076293945,29.670000076293945,781.0
2024-03-01 10:49:00,MIST,1.684999942779541,1.684999942779541,1.684999942779541,1.684999942779541,1.684999942779541,497.0
2024-03-01 10:49:00,MLTX,51.39500045776367,51.39500045776367,51.56999969482422,51.02000045776367,51.040000915527344,2908.0
2024-03-01 10:49:00,MNKD,4.59499979019165,4.59499979019165,4.599999904632568,4.579999923706055,4.579999923706055,9904.0
2024-03-01 10:49:00,MNMD,5.900000095367432,5.900000095367432,5.900000095367432,5.880000114440918,5.880000114440918,1885.0
2024-03-01 10:49:00,MNPR,0.7820000052452087,0.7820000052452087,0.7825000286102295,0.7799999713897705,0.7825000286102295,752.0
2024-03-01 10:49:00,MODD,1.8986999988555908,1.8986999988555908,1.909999966621399,1.8899999856948853,1.9005000591278076,3250.0
2024-03-01 10:49:00,MOR,17.69499969482422,17.69499969482422,17.700000762939453,17.690000534057617,17.700000762939453,1547.0
2024-03-01 10:49:00,MORF,38.52000045776367,38.52000045776367,38.52000045776367,38.400001525878906,38.400001525878906,794.0
2024-03-01 10:49:00,MRAI,1.5199999809265137,1.5199999809265137,1.5199999809265137,1.5199999809265137,1.5199999809265137,0.0
2024-03-01 10:49:00,MREO,3.878999948501587,3.878999948501587,3.880000114440918,3.875,3.879699945449829,15371.0
2024-03-01 10:49:00,MRNA,95.43499755859375,95.43499755859375,95.52999877929688,95.36000061035156,95.47000122070312,6167.0
2024-03-01 10:49:00,MRNS,9.819999694824219,9.819999694824219,9.819999694824219,9.8100004196167,9.8100004196167,284.0
2024-03-01 10:49:00,MRSN,5.824999809265137,5.824999809265137,5.829999923706055,5.815000057220459,5.815000057220459,1559.0
2024-03-01 10:49:00,MRUS,50.18000030517578,50.18000030517578,50.29999923706055,50.18000030517578,50.25,1941.0
2024-03-01 10:49:00,MRVI,7.84499979019165,7.84499979019165,7.84499979019165,7.829999923706055,7.829999923706055,968.0
2024-03-01 10:49:00,MXCT,4.784999847412109,4.784999847412109,4.784999847412109,4.78000020980835,4.78000020980835,703.0
2024-03-01 10:49:00,MYGN,21.450000762939453,21.450000762939453,21.450000762939453,21.450000762939453,21.450000762939453,818.0
2024-03-01 10:49:00,NARI,45.599998474121094,45.599998474121094,45.72999954223633,45.54999923706055,45.712100982666016,5210.0
2024-03-01 10:49:00,NAUT,2.630000114440918,2.630000114440918,2.630000114440918,2.630000114440918,2.630000114440918,180.0
2024-03-01 10:49:00,NBIX,130.8800048828125,130.8800048828125,130.9199981689453,130.86000061035156,130.88999938964844,4729.0
2024-03-01 10:49:00,NEO,16.09000015258789,16.09000015258789,16.09000015258789,16.09000015258789,16.09000015258789,101.0
2024-03-01 10:49:00,NKTR,0.7389000058174133,0.7389000058174133,0.739799976348877,0.7369999885559082,0.739799976348877,0.0
2024-03-01 10:49:00,NNOX,10.979999542236328,10.979999542236328,10.979999542236328,10.960000038146973,10.960000038146973,3387.0
2024-03-01 10:49:00,NOTV,7.879899978637695,7.879899978637695,7.879899978637695,7.840000152587891,7.840000152587891,536.0
2024-03-01 10:49:00,NRBO,5.684999942779541,5.684999942779541,5.684999942779541,5.684999942779541,5.684999942779541,403.0
2024-03-01 10:49:00,NRIX,13.300000190734863,13.300000190734863,13.300000190734863,13.270000457763672,13.270000457763672,6911.0
2024-03-01 10:49:00,NRSN,2.0100998878479004,2.0100998878479004,2.0100998878479004,2.0100998878479004,2.0100998878479004,5057.0
2024-03-01 10:49:00,NRXP,0.42969998717308044,0.42969998717308044,0.43160000443458557,0.42969998717308044,0.43160000443458557,12200.0
2024-03-01 10:49:00,NTLA,33.599998474121094,33.599998474121094,33.599998474121094,33.5,33.5099983215332,6118.0
2024-03-01 10:49:00,NTRA,89.04000091552734,89.04000091552734,89.1500015258789,89.02999877929688,89.08000183105469,5541.0
2024-03-01 10:49:00,NUVL,87.90499877929688,87.90499877929688,87.90499877929688,87.9000015258789,87.9000015258789,267.0
2024-03-01 10:49:00,NVAX,5.241399765014648,5.241399765014648,5.25,5.179999828338623,5.179999828338623,76151.0
2024-03-01 10:49:00,NVCR,15.84000015258789,15.84000015258789,15.84000015258789,15.84000015258789,15.84000015258789,421.0
2024-03-01 10:49:00,NVOS,0.6378999948501587,0.6378999948501587,0.6378999948501587,0.6376000046730042,0.6376000046730042,1100.0
2024-03-01 10:49:00,NXTC,1.784999966621399,1.784999966621399,1.784999966621399,1.784999966621399,1.784999966621399,0.0
2024-03-01 10:49:00,OCGN,0.9139999747276306,0.9139999747276306,0.9139999747276306,0.9139999747276306,0.9139999747276306,950.0
2024-03-01 10:49:00,OCUL,10.400099754333496,10.400099754333496,10.40999984741211,10.369999885559082,10.369999885559082,12453.0
2024-03-01 10:49:00,OCUP,2.515000104904175,2.515000104904175,2.515000104904175,2.515000104904175,2.515000104904175,155.0
2024-03-01 10:49:00,OFIX,13.020000457763672,13.020000457763672,13.020000457763672,13.020000457763672,13.020000457763672,1092.0
2024-03-01 10:49:00,OLK,22.604999542236328,22.604999542236328,22.604999542236328,22.600000381469727,22.600000381469727,449.0
2024-03-01 10:49:00,OLMA,12.774999618530273,12.774999618530273,12.774999618530273,12.729999542236328,12.729999542236328,505.0
2024-03-01 10:49:00,OM,3.0999999046325684,3.0999999046325684,3.0999999046325684,3.0999999046325684,3.0999999046325684,1009.0
2024-03-01 10:49:00,OMER,4.739999771118164,4.739999771118164,4.739999771118164,4.739999771118164,4.739999771118164,367.0
2024-03-01 10:49:00,OMGA,4.139999866485596,4.139999866485596,4.139999866485596,4.119999885559082,4.130000114440918,1201.0
2024-03-01 10:50:00,AADI,1.9800000190734863,1.9800000190734863,1.9800000190734863,1.9700000286102295,1.9700000286102295,1234.0
2024-03-01 10:50:00,ABCL,5.159999847412109,5.159999847412109,5.159999847412109,5.159999847412109,5.159999847412109,1032.0
2024-03-01 10:50:00,ABEO,7.445000171661377,7.445000171661377,7.445000171661377,7.445000171661377,7.445000171661377,2571.0
2024-03-01 10:50:00,ABSI,5.215000152587891,5.215000152587891,5.230000019073486,5.215000152587891,5.230000019073486,599.0
2024-03-01 10:50:00,ABUS,2.7950000762939453,2.7950000762939453,2.7964000701904297,2.789400100708008,2.789799928665161,8636.0
2024-03-01 10:50:00,ACAD,24.239999771118164,24.239999771118164,24.260000228881836,24.18000030517578,24.200000762939453,11134.0
2024-03-01 10:50:00,ACB,3.090100049972534,3.090100049972534,3.099900007247925,3.0899999141693115,3.0985000133514404,5304.0
2024-03-01 10:50:00,ACCD,10.25,10.25,10.260000228881836,10.25,10.255000114440918,1124.0
2024-03-01 10:50:00,ACET,2.3949999809265137,2.3949999809265137,2.3949999809265137,2.390000104904175,2.390000104904175,879.0
2024-03-01 10:50:00,ACHC,83.64559936523438,83.64559936523438,83.64559936523438,83.62999725341797,83.62999725341797,522.0
2024-03-01 10:50:00,ACHV,4.190000057220459,4.190000057220459,4.190000057220459,4.139999866485596,4.139999866485596,1510.0
2024-03-01 10:50:00,ACLX,68.82499694824219,68.82499694824219,68.83999633789062,68.70999908447266,68.70999908447266,1133.0
2024-03-01 10:50:00,ACON,0.3799999952316284,0.3799999952316284,0.3799999952316284,0.3799999952316284,0.3799999952316284,2721.0
2024-03-01 10:50:00,ACRS,1.225000023841858,1.225000023841858,1.2300000190734863,1.225000023841858,1.2300000190734863,2300.0
2024-03-01 10:50:00,ADAG,3.240000009536743,3.240000009536743,3.240000009536743,3.240000009536743,3.240000009536743,212.0
2024-03-01 10:50:00,ADIL,3.2799999713897705,3.2799999713897705,3.359999895095825,3.2100000381469727,3.2200000286102295,234658.0
2024-03-01 10:50:00,ADMA,5.389999866485596,5.389999866485596,5.389999866485596,5.385000228881836,5.385000228881836,1301.0
2024-03-01 10:50:00,ADPT,4.230000019073486,4.230000019073486,4.230000019073486,4.230000019073486,4.230000019073486,242.0
2024-03-01 10:50:00,ADVM,1.9249999523162842,1.9249999523162842,1.9299999475479126,1.9249999523162842,1.9299999475479126,440.0
2024-03-01 10:50:00,AGEN,0.6712999939918518,0.6712999939918518,0.6712999939918518,0.6711999773979187,0.6711999773979187,7682.0
2024-03-01 10:50:00,AGIO,32.935001373291016,32.935001373291016,32.935001373291016,32.84000015258789,32.84000015258789,2972.0
2024-03-01 10:50:00,AIRS,6.559999942779541,6.559999942779541,6.559999942779541,6.559999942779541,6.559999942779541,100.0
2024-03-01 10:50:00,AKAN,0.25029999017715454,0.25029999017715454,0.25029999017715454,0.25029999017715454,0.25029999017715454,2000.0
2024-03-01 10:50:00,AKBA,1.6549999713897705,1.6549999713897705,1.6569000482559204,1.6549999713897705,1.6569000482559204,1686.0
2024-03-01 10:50:00,AKRO,28.795000076293945,28.795000076293945,28.795000076293945,28.735000610351562,28.75,1908.0
2024-03-01 10:50:00,ALDX,4.119999885559082,4.119999885559082,4.119999885559082,4.110000133514404,4.119999885559082,951.0
2024-03-01 10:50:00,ALEC,7.545000076293945,7.545000076293945,7.554999828338623,7.545000076293945,7.545000076293945,1792.0
2024-03-01 10:50:00,ALGN,300.7099914550781,300.7099914550781,300.7099914550781,300.7099914550781,300.7099914550781,1477.0
2024-03-01 10:50:00,ALHC,5.75,5.75,5.75,5.740499973297119,5.75,1468.0
2024-03-01 10:50:00,ALIM,3.6500000953674316,3.6500000953674316,3.6500000953674316,3.6500000953674316,3.6500000953674316,630.0
2024-03-01 10:50:00,ALKS,30.239999771118164,30.239999771118164,30.239999771118164,30.209999084472656,30.209999084472656,819.0
2024-03-01 10:50:00,ALLK,1.5950000286102295,1.5950000286102295,1.5950000286102295,1.5950000286102295,1.5950000286102295,700.0
2024-03-01 10:50:00,ALLO,5.028800010681152,5.028800010681152,5.028800010681152,5.028800010681152,5.028800010681152,251.0
2024-03-01 10:50:00,ALNY,155.85000610351562,155.85000610351562,155.85000610351562,155.4149932861328,155.4149932861328,932.0
2024-03-01 10:50:00,ALPN,36.220001220703125,36.220001220703125,36.220001220703125,36.17499923706055,36.17499923706055,441.0
2024-03-01 10:50:00,ALT,12.25,12.25,12.300000190734863,12.238800048828125,12.28969955444336,5872.0
2024-03-01 10:50:00,ALVR,0.7554000020027161,0.7554000020027161,0.7554000020027161,0.7533000111579895,0.7533000111579895,763.0
2024-03-01 10:50:00,ALXO,15.239999771118164,15.239999771118164,15.260000228881836,15.15999984741211,15.199999809265137,1625.0
2024-03-01 10:50:00,AMED,93.41000366210938,93.41000366210938,93.41000366210938,93.38999938964844,93.38999938964844,459.0
2024-03-01 10:50:00,AMGN,280.8664855957031,280.8664855957031,280.92999267578125,280.5199890136719,280.6400146484375,6210.0
2024-03-01 10:50:00,AMLX,18.899999618530273,18.899999618530273,18.899999618530273,18.84000015258789,18.860000610351562,4441.0
2024-03-01 10:50:00,AMPH,45.560001373291016,45.560001373291016,45.77000045776367,45.560001373291016,45.77000045776367,3947.0
2024-03-01 10:50:00,AMRN,1.034999966621399,1.034999966621399,1.0399999618530273,1.034999966621399,1.034999966621399,831.0
2024-03-01 10:50:00,ANGO,5.460000038146973,5.460000038146973,5.460000038146973,5.460000038146973,5.460000038146973,309.0
2024-03-01 10:50:00,ANIK,24.760000228881836,24.760000228881836,24.760000228881836,24.760000228881836,24.760000228881836,200.0
2024-03-01 10:50:00,ANNX,5.940000057220459,5.940000057220459,5.960000038146973,5.940000057220459,5.940000057220459,3211.0
2024-03-01 10:50:00,APLS,64.52999877929688,64.52999877929688,64.62000274658203,64.41000366210938,64.62000274658203,2398.0
2024-03-01 10:50:00,APLT,7.173600196838379,7.173600196838379,7.190000057220459,7.173600196838379,7.190000057220459,310.0
2024-03-01 10:50:00,APTO,1.7906999588012695,1.7906999588012695,1.7906999588012695,1.7906999588012695,1.7906999588012695,900.0
2024-03-01 10:50:00,AQST,4.284999847412109,4.284999847412109,4.291999816894531,4.260000228881836,4.260000228881836,27873.0
2024-03-01 10:50:00,ARAY,2.625,2.625,2.625,2.621000051498413,2.624500036239624,1838.0
2024-03-01 10:50:00,ARCT,39.9900016784668,39.9900016784668,40.040000915527344,39.98500061035156,39.98500061035156,666.0
2024-03-01 10:50:00,ARDX,9.585000038146973,9.585000038146973,9.585000038146973,9.569999694824219,9.569999694824219,3315.0
2024-03-01 10:50:00,ARGX,391.2250061035156,391.2250061035156,391.3399963378906,391.0400085449219,391.3399963378906,1477.0
2024-03-01 10:50:00,ARQT,11.364999771118164,11.364999771118164,11.368800163269043,11.350000381469727,11.350000381469727,7303.0
2024-03-01 10:50:00,ARVN,51.474998474121094,51.474998474121094,51.474998474121094,51.46500015258789,51.470001220703125,478.0
2024-03-01 10:50:00,ARWR,35.19499969482422,35.19499969482422,35.2400016784668,35.19499969482422,35.220001220703125,5150.0
2024-03-01 10:50:00,ASMB,13.289999961853027,13.289999961853027,13.289999961853027,13.25,13.25,210.0
2024-03-01 10:50:00,ASND,149.0449981689453,149.0449981689453,149.0449981689453,149.03250122070312,149.0449981689453,870.0
2024-03-01 10:50:00,ASRT,0.9200000166893005,0.9200000166893005,0.9200000166893005,0.9200000166893005,0.9200000166893005,302.0
2024-03-01 10:50:00,ATAI,2.0000998973846436,2.0000998973846436,2.0000998973846436,2.0000998973846436,2.0000998973846436,0.0
2024-03-01 10:50:00,ATEC,13.475000381469727,13.475000381469727,13.479999542236328,13.469400405883789,13.479999542236328,4041.0
2024-03-01 10:50:00,ATHA,3.9999001026153564,3.9999001026153564,4.0,3.9749999046325684,3.9749999046325684,4271.0
2024-03-01 10:50:00,ATRA,0.8100000023841858,0.8100000023841858,0.8100000023841858,0.8098999857902527,0.8098999857902527,1300.0
2024-03-01 10:50:00,ATXI,0.15209999680519104,0.15209999680519104,0.15209999680519104,0.15209999680519104,0.15209999680519104,3807.0
2024-03-01 10:50:00,AUGX,4.554999828338623,4.554999828338623,4.554999828338623,4.554999828338623,4.554999828338623,150.0
2024-03-01 10:50:00,AUPH,5.835000038146973,5.835000038146973,5.840000152587891,5.835000038146973,5.840000152587891,343.0
2024-03-01 10:50:00,AURA,9.220000267028809,9.220000267028809,9.220000267028809,9.220000267028809,9.220000267028809,314.0
2024-03-01 10:50:00,AUTL,6.230000019073486,6.230000019073486,6.239999771118164,6.224999904632568,6.239999771118164,2740.0
2024-03-01 10:50:00,AVDL,12.779999732971191,12.779999732971191,12.779999732971191,12.779999732971191,12.779999732971191,140.0
2024-03-01 10:50:00,AVRO,1.3250000476837158,1.3250000476837158,1.3250000476837158,1.3250000476837158,1.3250000476837158,138.0
2024-03-01 10:50:00,AVXL,5.349999904632568,5.349999904632568,5.349999904632568,5.34499979019165,5.34499979019165,418.0
2024-03-01 10:50:00,AXNX,67.5,67.5,67.53500366210938,67.4800033569336,67.53500366210938,4906.0
2024-03-01 10:50:00,AXSM,84.06999969482422,84.06999969482422,84.125,83.94000244140625,84.0,2790.0
2024-03-01 10:50:00,AZN,64.66500091552734,64.66500091552734,64.6698989868164,64.6500015258789,64.6500015258789,2466.0
2024-03-01 10:50:00,AZTA,66.6500015258789,66.6500015258789,66.6500015258789,66.60369873046875,66.60369873046875,693.0
2024-03-01 10:50:00,BBIO,36.34000015258789,36.34000015258789,36.404998779296875,36.32500076293945,36.32500076293945,1891.0
2024-03-01 10:50:00,BCAB,2.8350000381469727,2.8350000381469727,2.8350000381469727,2.8301000595092773,2.8301000595092773,4431.0
2024-03-01 10:50:00,BCRX,5.860000133514404,5.860000133514404,5.869999885559082,5.835000038146973,5.835000038146973,6824.0
2024-03-01 10:50:00,BEAM,41.060001373291016,41.060001373291016,41.060001373291016,40.845001220703125,40.845001220703125,6040.0
2024-03-01 10:50:00,BEAT,1.4800000190734863,1.4800000190734863,1.4800000190734863,1.4800000190734863,1.4800000190734863,1056.0
2024-03-01 10:50:00,BGNE,167.8000030517578,167.8000030517578,167.8000030517578,167.78500366210938,167.78500366210938,276.0
2024-03-01 10:50:00,BIOL,0.1386999934911728,0.1386999934911728,0.13950000703334808,0.1386999934911728,0.13950000703334808,3036.0
2024-03-01 10:50:00,BIVI,2.43149995803833,2.43149995803833,2.4800000190734863,2.4200000762939453,2.4800000190734863,67882.0
2024-03-01 10:50:00,BLFS,17.947500228881836,17.947500228881836,17.947500228881836,17.940000534057617,17.940000534057617,206.0
2024-03-01 10:50:00,BLRX,1.381500005722046,1.381500005722046,1.3997999429702759,1.381500005722046,1.3997999429702759,0.0
2024-03-01 10:50:00,BLUE,1.6485999822616577,1.6485999822616577,1.6699999570846558,1.6399999856948853,1.6549999713897705,217327.0
2024-03-01 10:50:00,BMEA,17.899999618530273,17.899999618530273,17.899999618530273,17.860000610351562,17.860000610351562,1755.0
2024-03-01 10:50:00,BMRN,86.66000366210938,86.66000366210938,86.66000366210938,86.58999633789062,86.58999633789062,1503.0
2024-03-01 10:50:00,BNGO,1.2552000284194946,1.2552000284194946,1.2552000284194946,1.2552000284194946,1.2552000284194946,251.0
2024-03-01 10:50:00,BNR,0.8654999732971191,0.8654999732971191,0.8654999732971191,0.8654999732971191,0.8654999732971191,0.0
2024-03-01 10:50:00,BNTC,5.070000171661377,5.070000171661377,5.070000171661377,5.070000171661377,5.070000171661377,220.0
2024-03-01 10:50:00,BNTX,91.59750366210938,91.59750366210938,91.59750366210938,91.54499816894531,91.54499816894531,1453.0
2024-03-01 10:50:00,BOLT,1.1799999475479126,1.1799999475479126,1.1799999475479126,1.1799999475479126,1.1799999475479126,795.0
2024-03-01 10:50:00,BPMC,97.48999786376953,97.48999786376953,97.5,97.4000015258789,97.43499755859375,5258.0
2024-03-01 10:50:00,BRKR,87.5999984741211,87.5999984741211,87.61000061035156,87.55999755859375,87.58000183105469,1298.0
2024-03-01 10:50:00,BTTX,0.16750000417232513,0.16750000417232513,0.16850000619888306,0.16750000417232513,0.16850000619888306,40991.0
2024-03-01 10:50:00,CABA,24.145000457763672,24.145000457763672,24.149999618530273,24.030000686645508,24.030000686645508,2517.0
2024-03-01 10:50:00,CARA,0.9025999903678894,0.9025999903678894,0.902999997138977,0.9018999934196472,0.9025999903678894,7289.0
2024-03-01 10:50:00,CBAY,32.22999954223633,32.22999954223633,32.22999954223633,32.22999954223633,32.22999954223633,855.0
2024-03-01 10:50:00,CCCC,11.059000015258789,11.059000015258789,11.100000381469727,11.055000305175781,11.100000381469727,5676.0
2024-03-01 10:50:00,CCRN,18.0,18.0,18.049999237060547,18.0,18.049999237060547,1650.0
2024-03-01 10:50:00,CDMO,8.170000076293945,8.170000076293945,8.170000076293945,8.170000076293945,8.170000076293945,573.0
2024-03-01 10:50:00,CDNA,12.229999542236328,12.229999542236328,12.25,12.229999542236328,12.25,360.0
2024-03-01 10:50:00,CDXS,4.41949987411499,4.41949987411499,4.41949987411499,4.369999885559082,4.369999885559082,3695.0
2024-03-01 10:50:00,CERE,41.26499938964844,41.26499938964844,41.275001525878906,41.2599983215332,41.275001525878906,1550.0
2024-03-01 10:50:00,CERS,2.2014000415802,2.2014000415802,2.2100000381469727,2.200000047683716,2.200000047683716,3104.0
2024-03-01 10:50:00,CERT,17.864999771118164,17.864999771118164,17.864999771118164,17.84000015258789,17.844999313354492,2758.0
2024-03-01 10:50:00,CGC,3.265000104904175,3.265000104904175,3.2685000896453857,3.261399984359741,3.261399984359741,1671.0
2024-03-01 10:50:00,CGEM,18.979999542236328,18.979999542236328,18.989999771118164,18.8971004486084,18.8971004486084,2216.0
2024-03-01 10:50:00,CGEN,2.690000057220459,2.690000057220459,2.694999933242798,2.684999942779541,2.690000057220459,13200.0
2024-03-01 10:50:00,CHRS,2.3350000381469727,2.3350000381469727,2.3350000381469727,2.3299999237060547,2.3299999237060547,3125.0
2024-03-01 10:50:00,CING,1.3600000143051147,1.3600000143051147,1.3600000143051147,1.3600000143051147,1.3600000143051147,200.0
2024-03-01 10:50:00,CLDX,52.775001525878906,52.775001525878906,52.9900016784668,52.709999084472656,52.709999084472656,6041.0
2024-03-01 10:50:00,CLNN,0.39500001072883606,0.39500001072883606,0.39500001072883606,0.39489999413490295,0.39489999413490295,213.0
2024-03-01 10:50:00,CLOV,0.8675000071525574,0.8675000071525574,0.8676000237464905,0.8671000003814697,0.8672999739646912,15700.0
2024-03-01 10:50:00,CLPT,6.485000133514404,6.485000133514404,6.510000228881836,6.46999979019165,6.490900039672852,2180.0
2024-03-01 10:50:00,CMPS,10.789999961853027,10.789999961853027,10.789999961853027,10.760000228881836,10.760000228881836,893.0
2024-03-01 10:50:00,CNSP,0.3158999979496002,0.3158999979496002,0.3158999979496002,0.3149999976158142,0.3149999976158142,10473.0
2024-03-01 10:50:00,CODX,1.1556999683380127,1.1556999683380127,1.159999966621399,1.1549999713897705,1.1549999713897705,2463.0
2024-03-01 10:50:00,COGT,7.329999923706055,7.329999923706055,7.340000152587891,7.329999923706055,7.329999923706055,2629.0
2024-03-01 10:50:00,CORT,23.860000610351562,23.860000610351562,23.8700008392334,23.850000381469727,23.850000381469727,20245.0
2024-03-01 10:50:00,CPRX,17.31999969482422,17.31999969482422,17.450000762939453,17.280000686645508,17.375,21591.0
2024-03-01 10:50:00,CPSI,9.460000038146973,9.460000038146973,9.460000038146973,9.460000038146973,9.460000038146973,200.0
2024-03-01 10:50:00,CRBU,8.1850004196167,8.1850004196167,8.191200256347656,8.1850004196167,8.191200256347656,1188.0
2024-03-01 10:50:00,CRDF,2.494999885559082,2.494999885559082,2.509999990463257,2.4800000190734863,2.509999990463257,18369.0
2024-03-01 10:50:00,CRDL,1.940000057220459,1.940000057220459,1.9500000476837158,1.940000057220459,1.9500000476837158,7707.0
2024-03-01 10:50:00,CRMD,3.700000047683716,3.700000047683716,3.700000047683716,3.700000047683716,3.700000047683716,101.0
2024-03-01 10:50:00,CRNX,46.060001373291016,46.060001373291016,46.20000076293945,45.84000015258789,45.84000015258789,7343.0
2024-03-01 10:50:00,CRON,2.055000066757202,2.055000066757202,2.055000066757202,2.054500102996826,2.055000066757202,5491.0
2024-03-01 10:50:00,CRSP,86.5770034790039,86.5770034790039,86.63999938964844,86.54000091552734,86.58000183105469,2165.0
2024-03-01 10:50:00,CRVS,2.2049999237060547,2.2049999237060547,2.2049999237060547,2.194999933242798,2.194999933242798,15715.0
2024-03-01 10:50:00,CSTL,20.165000915527344,20.165000915527344,20.184999465942383,20.089799880981445,20.089799880981445,2182.0
2024-03-01 10:50:00,CTKB,8.270000457763672,8.270000457763672,8.270000457763672,8.239999771118164,8.239999771118164,376.0
2024-03-01 10:50:00,CTMX,2.4997000694274902,2.4997000694274902,2.4997000694274902,2.4997000694274902,2.4997000694274902,240.0
2024-03-01 10:50:00,CUE,2.1623001098632812,2.1623001098632812,2.1623001098632812,2.1623001098632812,2.1623001098632812,143.0
2024-03-01 10:50:00,CUTR,2.359999895095825,2.359999895095825,2.359999895095825,2.3499999046325684,2.3499999046325684,4916.0
2024-03-01 10:50:00,CVAC,3.494999885559082,3.494999885559082,3.494999885559082,3.484999895095825,3.490000009536743,1406.0
2024-03-01 10:50:00,CVRX,19.680099487304688,19.680099487304688,19.680099487304688,19.680099487304688,19.680099487304688,177.0
2024-03-01 10:50:00,CYTK,74.94999694824219,74.94999694824219,75.0,74.87999725341797,75.0,4628.0
2024-03-01 10:50:00,CYTO,2.196500062942505,2.196500062942505,2.200000047683716,2.1600000858306885,2.199899911880493,817.0
2024-03-01 10:50:00,DAWN,17.229999542236328,17.229999542236328,17.229999542236328,17.0,17.030000686645508,102930.0
2024-03-01 10:50:00,DCGO,4.105000019073486,4.105000019073486,4.105000019073486,4.099999904632568,4.105000019073486,807.0
2024-03-01 10:50:00,DCPH,17.125,17.125,17.125,17.110000610351562,17.110000610351562,600.0
2024-03-01 10:50:00,DH,9.0600004196167,9.0600004196167,9.0649995803833,9.050000190734863,9.050000190734863,1307.0
2024-03-01 10:50:00,DMTK,0.8600000143051147,0.8600000143051147,0.8600000143051147,0.8550999760627747,0.8600000143051147,21393.0
2024-03-01 10:50:00,DNLI,20.875,20.875,20.899999618530273,20.860000610351562,20.8700008392334,1531.0
2024-03-01 10:50:00,DRIO,2.002000093460083,2.002000093460083,2.002000093460083,2.002000093460083,2.002000093460083,744.0
2024-03-01 10:50:00,DSGN,2.9000000953674316,2.9000000953674316,2.9000000953674316,2.9000000953674316,2.9000000953674316,205.0
2024-03-01 10:50:00,DTIL,12.979999542236328,12.979999542236328,13.0,12.884099960327148,12.884099960327148,12605.0
2024-03-01 10:50:00,DVAX,12.84000015258789,12.84000015258789,12.850000381469727,12.835000038146973,12.850000381469727,3136.0
2024-03-01 10:50:00,DXCM,118.94999694824219,118.94999694824219,119.06999969482422,118.91999816894531,118.91999816894531,3970.0
2024-03-01 10:50:00,DYN,29.399999618530273,29.399999618530273,29.399999618530273,29.184999465942383,29.184999465942383,3733.0
2024-03-01 10:50:00,EDIT,10.982000350952148,10.982000350952148,11.0,10.949999809265137,10.994999885559082,13415.0
2024-03-01 10:50:00,EKSO,1.9600000381469727,1.9600000381469727,1.9600000381469727,1.9600000381469727,1.9600000381469727,1853.0
2024-03-01 10:50:00,ELEV,5.119999885559082,5.119999885559082,5.119999885559082,5.070000171661377,5.070000171661377,13342.0
2024-03-01 10:50:00,ENTA,15.140000343322754,15.140000343322754,15.1850004196167,15.140000343322754,15.1850004196167,2503.0
2024-03-01 10:50:00,ENVB,1.6399999856948853,1.6399999856948853,1.649999976158142,1.63100004196167,1.6390999555587769,5263.0
2024-03-01 10:50:00,EOLS,14.6899995803833,14.6899995803833,14.6899995803833,14.6899995803833,14.6899995803833,1077.0
2024-03-01 10:50:00,ERAS,2.515000104904175,2.515000104904175,2.515000104904175,2.5113000869750977,2.5113000869750977,1041.0
2024-03-01 10:50:00,ESPR,2.494999885559082,2.494999885559082,2.494999885559082,2.490000009536743,2.490000009536743,3249.0
2024-03-01 10:50:00,ESTA,45.720001220703125,45.720001220703125,45.720001220703125,45.597599029541016,45.597599029541016,1510.0
2024-03-01 10:50:00,ETNB,13.020000457763672,13.020000457763672,13.050000190734863,13.0,13.020000457763672,13591.0
2024-03-01 10:50:00,EWTX,17.045000076293945,17.045000076293945,17.045000076293945,16.985000610351562,16.985000610351562,5580.0
2024-03-01 10:50:00,EXAS,59.959999084472656,59.959999084472656,59.959999084472656,59.849998474121094,59.849998474121094,2909.0
2024-03-01 10:50:00,EXEL,22.55500030517578,22.55500030517578,22.56999969482422,22.53499984741211,22.53499984741211,14373.0
2024-03-01 10:50:00,EYEN,2.2100000381469727,2.2100000381469727,2.2149999141693115,2.2100000381469727,2.2149999141693115,1051.0
2024-03-01 10:50:00,EYPT,28.530000686645508,28.530000686645508,28.530000686645508,28.530000686645508,28.530000686645508,273.0
2024-03-01 10:50:00,FATE,7.559999942779541,7.559999942779541,7.574999809265137,7.559999942779541,7.571199893951416,4069.0
2024-03-01 10:50:00,FDMT,29.514999389648438,29.514999389648438,29.540000915527344,29.479999542236328,29.540000915527344,1294.0
2024-03-01 10:50:00,FGEN,1.7949999570846558,1.7949999570846558,1.7949999570846558,1.7799999713897705,1.7799999713897705,1010.0
2024-03-01 10:50:00,FHTX,8.36400032043457,8.36400032043457,8.36400032043457,8.36400032043457,8.36400032043457,151.0
2024-03-01 10:50:00,FLGT,23.165000915527344,23.165000915527344,23.165000915527344,23.165000915527344,23.165000915527344,478.0
2024-03-01 10:50:00,FOLD,13.569999694824219,13.569999694824219,13.569999694824219,13.5600004196167,13.5600004196167,1981.0
2024-03-01 10:50:00,FULC,10.75,10.75,10.75,10.734999656677246,10.734999656677246,508.0
2024-03-01 10:50:00,FUSN,12.114999771118164,12.114999771118164,12.1225004196167,12.114999771118164,12.114999771118164,661.0
2024-03-01 10:50:00,GBIO,2.5799999237060547,2.5799999237060547,2.5799999237060547,2.5799999237060547,2.5799999237060547,400.0
2024-03-01 10:50:00,GDRX,8.279800415039062,8.279800415039062,8.279800415039062,8.274999618530273,8.274999618530273,977.0
2024-03-01 10:50:00,GENE,2.25,2.25,2.25,2.25,2.25,547.0
2024-03-01 10:50:00,GERN,2.1500000953674316,2.1500000953674316,2.1600000858306885,2.140000104904175,2.140000104904175,92753.0
2024-03-01 10:50:00,GH,19.229999542236328,19.229999542236328,19.28499984741211,19.229999542236328,19.280000686645508,2737.0
2024-03-01 10:50:00,GILD,72.44000244140625,72.44000244140625,72.44000244140625,72.4000015258789,72.41000366210938,5487.0
2024-03-01 10:50:00,GMAB,29.204999923706055,29.204999923706055,29.219999313354492,29.190000534057617,29.200000762939453,1292.0
2024-03-01 10:50:00,GOSS,1.3700000047683716,1.3700000047683716,1.3700000047683716,1.3558000326156616,1.3558000326156616,25800.0
2024-03-01 10:50:00,GRFS,6.90500020980835,6.90500020980835,6.90500020980835,6.90500020980835,6.90500020980835,201.0
2024-03-01 10:50:00,GRTS,2.184999942779541,2.184999942779541,2.184999942779541,2.180000066757202,2.184999942779541,3146.0
2024-03-01 10:50:00,GRTX,0.2280000001192093,0.2280000001192093,0.2280000001192093,0.2280000001192093,0.2280000001192093,400.0
2024-03-01 10:50:00,GTHX,3.4749999046325684,3.4749999046325684,3.4800000190734863,3.470099925994873,3.4749999046325684,8453.0
2024-03-01 10:50:00,HALO,41.40999984741211,41.40999984741211,41.40999984741211,41.375,41.380001068115234,1207.0
2024-03-01 10:50:00,HARP,22.93000030517578,22.93000030517578,22.93000030517578,22.93000030517578,22.93000030517578,230.0
2024-03-01 10:50:00,HBIO,4.349999904632568,4.349999904632568,4.349999904632568,4.339000225067139,4.339000225067139,245.0
2024-03-01 10:50:00,HCAT,8.020000457763672,8.020000457763672,8.03499984741211,8.010000228881836,8.010000228881836,1455.0
2024-03-01 10:50:00,HCTI,2.359999895095825,2.359999895095825,2.359999895095825,2.359999895095825,2.359999895095825,51.0
2024-03-01 10:50:00,HITI,1.75,1.75,1.7549999952316284,1.75,1.75,6401.0
2024-03-01 10:50:00,HLTH,0.265500009059906,0.265500009059906,0.265500009059906,0.26109999418258667,0.2621999979019165,12556.0
2024-03-01 10:50:00,HOLX,73.94000244140625,73.94000244140625,73.94000244140625,73.93000030517578,73.93000030517578,292.0
2024-03-01 10:50:00,HOTH,1.3200000524520874,1.3200000524520874,1.3200000524520874,1.3200000524520874,1.3200000524520874,740.0
2024-03-01 10:50:00,HRTX,2.6549999713897705,2.6549999713897705,2.6600000858306885,2.6500000953674316,2.6600000858306885,1477.0
2024-03-01 10:50:00,HSIC,77.38500213623047,77.38500213623047,77.40499877929688,77.30000305175781,77.37000274658203,1649.0
2024-03-01 10:50:00,HUMA,3.1449999809265137,3.1449999809265137,3.1498000621795654,3.144399881362915,3.1449999809265137,2285.0
2024-03-01 10:50:00,IART,36.970001220703125,36.970001220703125,36.970001220703125,36.970001220703125,36.970001220703125,530.0
2024-03-01 10:50:00,IBRX,4.940000057220459,4.940000057220459,4.960000038146973,4.929999828338623,4.941800117492676,41120.0
2024-03-01 10:50:00,ICCM,1.315000057220459,1.315000057220459,1.315000057220459,1.315000057220459,1.315000057220459,100.0
2024-03-01 10:50:00,IDXX,577.64501953125,577.64501953125,578.1300048828125,577.6300048828125,577.8300170898438,3229.0
2024-03-01 10:50:00,IDYA,46.34000015258789,46.34000015258789,46.34000015258789,46.34000015258789,46.34000015258789,124.0
2024-03-01 10:50:00,ILMN,141.33999633789062,141.33999633789062,141.35000610351562,141.19000244140625,141.19000244140625,1001.0
2024-03-01 10:50:00,IMAB,1.8450000286102295,1.8450000286102295,1.8450000286102295,1.8450000286102295,1.8450000286102295,301.0
2024-03-01 10:50:00,IMCR,68.24500274658203,68.24500274658203,68.3499984741211,68.24500274658203,68.24500274658203,7829.0
2024-03-01 10:50:00,IMMX,3.5,3.5,3.5,3.5,3.5,0.0
2024-03-01 10:50:00,IMNM,25.350000381469727,25.350000381469727,25.350000381469727,25.350000381469727,25.350000381469727,101.0
2024-03-01 10:50:00,IMNN,1.0098999738693237,1.0098999738693237,1.0098999738693237,1.0098999738693237,1.0098999738693237,10000.0
2024-03-01 10:50:00,IMTX,13.069999694824219,13.069999694824219,13.100000381469727,13.069999694824219,13.069999694824219,426.0
2024-03-01 10:50:00,IMUX,1.5399999618530273,1.5399999618530273,1.5399999618530273,1.524999976158142,1.524999976158142,2258.0
2024-03-01 10:50:00,IMVT,36.52000045776367,36.52000045776367,36.52000045776367,36.43000030517578,36.43000030517578,1946.0
2024-03-01 10:50:00,INBX,36.99980163574219,36.99980163574219,37.06999969482422,36.880001068115234,36.93000030517578,1394.0
2024-03-01 10:50:00,INCY,59.22999954223633,59.22999954223633,59.27000045776367,59.22999954223633,59.2599983215332,1163.0
2024-03-01 10:50:00,INGN,6.815000057220459,6.815000057220459,6.815000057220459,6.789999961853027,6.789999961853027,966.0
2024-03-01 10:50:00,INMD,22.969999313354492,22.969999313354492,22.979999542236328,22.969999313354492,22.969999313354492,1124.0
2024-03-01 10:50:00,INO,8.949999809265137,8.949999809265137,8.949999809265137,8.949999809265137,8.949999809265137,114.0
2024-03-01 10:50:00,INSM,28.44499969482422,28.44499969482422,28.46500015258789,28.44499969482422,28.450000762939453,1044.0
2024-03-01 10:50:00,INVA,15.609999656677246,15.609999656677246,15.609999656677246,15.600000381469727,15.600000381469727,617.0
2024-03-01 10:50:00,INZY,6.53000020980835,6.53000020980835,6.536399841308594,6.53000020980835,6.53000020980835,1148.0
2024-03-01 10:50:00,IOBT,1.7071000337600708,1.7071000337600708,1.7071000337600708,1.7000000476837158,1.7000000476837158,6972.0
2024-03-01 10:50:00,IONS,45.9900016784668,45.9900016784668,46.06999969482422,45.90999984741211,46.06999969482422,3765.0
2024-03-01 10:50:00,IOVA,16.575000762939453,16.575000762939453,16.578500747680664,16.540000915527344,16.540000915527344,14063.0
2024-03-01 10:50:00,IRTC,119.99500274658203,119.99500274658203,119.99500274658203,119.80000305175781,119.80000305175781,1030.0
2024-03-01 10:50:00,IRWD,8.910599708557129,8.910599708557129,8.914999961853027,8.910599708557129,8.914999961853027,4683.0
2024-03-01 10:50:00,ISRG,391.57000732421875,391.57000732421875,391.989990234375,391.55999755859375,391.55999755859375,2899.0
2024-03-01 10:50:00,ITCI,71.31999969482422,71.31999969482422,71.3499984741211,71.29000091552734,71.29000091552734,1368.0
2024-03-01 10:50:00,ITOS,10.760000228881836,10.760000228881836,10.760000228881836,10.760000228881836,10.760000228881836,1246.0
2024-03-01 10:50:00,ITRM,1.2300000190734863,1.2300000190734863,1.2300000190734863,1.2300000190734863,1.2300000190734863,290.0
2024-03-01 10:50:00,JAGX,0.08429999649524689,0.08429999649524689,0.08429999649524689,0.08030000329017639,0.08139999955892563,1080870.0
2024-03-01 10:50:00,JANX,47.15190124511719,47.15190124511719,47.17499923706055,46.95000076293945,47.0,1521.0
2024-03-01 10:50:00,JAZZ,120.31999969482422,120.31999969482422,120.31999969482422,120.22000122070312,120.22000122070312,919.0
2024-03-01 10:50:00,KALV,14.079999923706055,14.079999923706055,14.079999923706055,14.079999923706055,14.079999923706055,130.0
2024-03-01 10:50:00,KNSA,21.9375,21.9375,21.9375,21.899999618530273,21.905899047851562,817.0
2024-03-01 10:50:00,KOD,6.130000114440918,6.130000114440918,6.130000114440918,6.119999885559082,6.119999885559082,567.0
2024-03-01 10:50:00,KPTI,1.2300000190734863,1.2300000190734863,1.2300000190734863,1.225000023841858,1.225000023841858,13271.0
2024-03-01 10:50:00,KRON,1.034999966621399,1.034999966621399,1.0399999618530273,1.034999966621399,1.034999966621399,11877.0
2024-03-01 10:50:00,KROS,69.3499984741211,69.3499984741211,69.38999938964844,69.21499633789062,69.21499633789062,2977.0
2024-03-01 10:50:00,KRTX,316.260009765625,316.260009765625,316.260009765625,316.19000244140625,316.19000244140625,555.0
2024-03-01 10:50:00,KRYS,169.1199951171875,169.1199951171875,169.47000122070312,169.1199951171875,169.47000122070312,508.0
2024-03-01 10:50:00,KTRA,0.10239999741315842,0.10239999741315842,0.10239999741315842,0.10239999741315842,0.10239999741315842,1900.0
2024-03-01 10:50:00,KURA,21.34000015258789,21.34000015258789,21.354999542236328,21.329999923706055,21.350000381469727,4261.0
2024-03-01 10:50:00,KYMR,44.849998474121094,44.849998474121094,44.900001525878906,44.849998474121094,44.900001525878906,277.0
2024-03-01 10:50:00,KZIA,0.23350000381469727,0.23350000381469727,0.23350000381469727,0.23350000381469727,0.23350000381469727,0.0
2024-03-01 10:50:00,KZR,1.125,1.125,1.125,1.125,1.125,1760.0
2024-03-01 10:50:00,LAB,2.369999885559082,2.369999885559082,2.369999885559082,2.359999895095825,2.359999895095825,1613.0
2024-03-01 10:50:00,LEGN,66.01000213623047,66.01000213623047,66.01000213623047,65.91999816894531,65.91999816894531,837.0
2024-03-01 10:50:00,LEXX,2.5499000549316406,2.5499000549316406,2.5499000549316406,2.5499000549316406,2.5499000549316406,9792.0
2024-03-01 10:50:00,LFLY,3.009999990463257,3.009999990463257,3.009999990463257,3.009999990463257,3.009999990463257,497.0
2024-03-01 10:50:00,LFST,8.020000457763672,8.020000457763672,8.029999732971191,8.020000457763672,8.029999732971191,6250.0
2024-03-01 10:50:00,LGND,79.87000274658203,79.87000274658203,79.87000274658203,79.87000274658203,79.87000274658203,204.0
2024-03-01 10:50:00,LGVN,0.5407999753952026,0.5407999753952026,0.5407999753952026,0.5407999753952026,0.5407999753952026,2067.0
2024-03-01 10:50:00,LIFE,1.929900050163269,1.929900050163269,1.929900050163269,1.929900050163269,1.929900050163269,751.0
2024-03-01 10:50:00,LIVN,55.0099983215332,55.0099983215332,55.0099983215332,54.959999084472656,54.9900016784668,677.0
2024-03-01 10:50:00,LMAT,67.95999908447266,67.95999908447266,68.1500015258789,67.95999908447266,68.02749633789062,3481.0
2024-03-01 10:50:00,LNTH,65.56500244140625,65.56500244140625,65.56500244140625,65.56500244140625,65.56500244140625,504.0
2024-03-01 10:50:00,LRMR,11.09000015258789,11.09000015258789,11.09000015258789,11.0,11.0,1580.0
2024-03-01 10:50:00,LTRN,4.710100173950195,4.710100173950195,4.755000114440918,4.710000038146973,4.755000114440918,344.0
2024-03-01 10:50:00,LUMO,2.9749999046325684,2.9749999046325684,2.9749999046325684,2.9749999046325684,2.9749999046325684,105.0
2024-03-01 10:50:00,LUNG,9.220000267028809,9.220000267028809,9.220000267028809,9.207500457763672,9.207500457763672,703.0
2024-03-01 10:50:00,LVTX,3.0299999713897705,3.0299999713897705,3.0299999713897705,3.009999990463257,3.009999990463257,219.0
2024-03-01 10:50:00,LXRX,2.4410998821258545,2.4410998821258545,2.4410998821258545,2.440000057220459,2.440000057220459,1813.0
2024-03-01 10:50:00,LYEL,3.1500000953674316,3.1500000953674316,3.1500000953674316,3.1500000953674316,3.1500000953674316,212.0
2024-03-01 10:50:00,MASI,126.70999908447266,126.70999908447266,126.70999908447266,126.70999908447266,126.70999908447266,534.0
2024-03-01 10:50:00,MCRB,1.1900999546051025,1.1900999546051025,1.1999000310897827,1.190000057220459,1.190000057220459,7210.0
2024-03-01 10:50:00,MDGL,242.2050018310547,242.2050018310547,243.28089904785156,242.2050018310547,243.28089904785156,411.0
2024-03-01 10:50:00,MDRX,5.849999904632568,5.849999904632568,5.869999885559082,5.730000019073486,5.730000019073486,22548.0
2024-03-01 10:50:00,MDXG,8.510000228881836,8.510000228881836,8.510000228881836,8.510000228881836,8.510000228881836,2423.0
2024-03-01 10:50:00,ME,0.5837000012397766,0.5837000012397766,0.5837000012397766,0.5777000188827515,0.5794000029563904,7500.0
2024-03-01 10:50:00,MGNX,19.260000228881836,19.260000228881836,19.290000915527344,19.260000228881836,19.274999618530273,2820.0
2024-03-01 10:50:00,MIRM,29.763200759887695,29.763200759887695,29.763200759887695,29.763200759887695,29.763200759887695,472.0
2024-03-01 10:50:00,MNKD,4.599999904632568,4.599999904632568,4.599999904632568,4.590000152587891,4.599999904632568,9414.0
2024-03-01 10:50:00,MNMD,5.908899784088135,5.908899784088135,5.908899784088135,5.908899784088135,5.908899784088135,253.0
2024-03-01 10:50:00,MOR,17.690000534057617,17.690000534057617,17.700000762939453,17.690000534057617,17.700000762939453,421.0
2024-03-01 10:50:00,MORF,38.5,38.5,38.5,38.5,38.5,828.0
2024-03-01 10:50:00,MREO,3.880000114440918,3.880000114440918,3.880000114440918,3.875,3.875,865.0
2024-03-01 10:50:00,MRNA,95.53500366210938,95.53500366210938,95.55999755859375,95.44920349121094,95.48999786376953,2203.0
2024-03-01 10:50:00,MRNS,9.819999694824219,9.819999694824219,9.819999694824219,9.819999694824219,9.819999694824219,149.0
2024-03-01 10:50:00,MRSN,5.840000152587891,5.840000152587891,5.84499979019165,5.829999923706055,5.829999923706055,4335.0
2024-03-01 10:50:00,MRUS,49.904998779296875,49.904998779296875,50.08000183105469,49.900001525878906,50.04999923706055,945.0
2024-03-01 10:50:00,MRVI,7.84499979019165,7.84499979019165,7.849999904632568,7.84499979019165,7.849999904632568,1471.0
2024-03-01 10:50:00,MXCT,4.784999847412109,4.784999847412109,4.784999847412109,4.769999980926514,4.784999847412109,850.0
2024-03-01 10:50:00,NARI,45.61000061035156,45.61000061035156,45.7400016784668,45.54999923706055,45.54999923706055,1880.0
2024-03-01 10:50:00,NBIX,130.90499877929688,130.90499877929688,130.9199981689453,130.88999938964844,130.91000366210938,1001.0
2024-03-01 10:50:00,NEO,16.09000015258789,16.09000015258789,16.09000015258789,16.09000015258789,16.09000015258789,246.0
2024-03-01 10:50:00,NEOG,17.200000762939453,17.200000762939453,17.200000762939453,17.18000030517578,17.18000030517578,802.0
2024-03-01 10:50:00,NERV,2.5006000995635986,2.5006000995635986,2.509999990463257,2.5006000995635986,2.509999990463257,2566.0
2024-03-01 10:50:00,NKTR,0.7447999715805054,0.7447999715805054,0.7447999715805054,0.7389000058174133,0.7389000058174133,8128.0
2024-03-01 10:50:00,NKTX,12.48840045928955,12.48840045928955,12.5,12.48009967803955,12.5,1716.0
2024-03-01 10:50:00,NNOX,10.989999771118164,10.989999771118164,10.989999771118164,10.979999542236328,10.989999771118164,609.0
2024-03-01 10:50:00,NOTV,7.863500118255615,7.863500118255615,7.863500118255615,7.863500118255615,7.863500118255615,236.0
2024-03-01 10:50:00,NRIX,13.329999923706055,13.329999923706055,13.329999923706055,13.3100004196167,13.3100004196167,813.0
2024-03-01 10:50:00,NRXP,0.42969998717308044,0.42969998717308044,0.42969998717308044,0.42969998717308044,0.42969998717308044,12105.0
2024-03-01 10:50:00,NTLA,33.54499816894531,33.54499816894531,33.70000076293945,33.5099983215332,33.599998474121094,41069.0
2024-03-01 10:50:00,NTRA,89.12999725341797,89.12999725341797,89.18000030517578,89.05999755859375,89.06999969482422,6114.0
2024-03-01 10:50:00,NURO,4.03000020980835,4.03000020980835,4.059899806976318,4.03000020980835,4.059899806976318,1400.0
2024-03-01 10:50:00,NUTX,0.11309999972581863,0.11309999972581863,0.11309999972581863,0.11309999972581863,0.11309999972581863,1015.0
2024-03-01 10:50:00,NUVL,87.9749984741211,87.9749984741211,87.9749984741211,87.83000183105469,87.91000366210938,505.0
2024-03-01 10:50:00,NVAX,5.260000228881836,5.260000228881836,5.275000095367432,5.239999771118164,5.25,55357.0
2024-03-01 10:50:00,NVCR,15.90999984741211,15.90999984741211,15.90999984741211,15.899999618530273,15.899999618530273,396.0
2024-03-01 10:50:00,NVOS,0.6380000114440918,0.6380000114440918,0.6380000114440918,0.6380000114440918,0.6380000114440918,9469.0
2024-03-01 10:50:00,NXTC,1.784999966621399,1.784999966621399,1.784999966621399,1.784999966621399,1.784999966621399,100.0
2024-03-01 10:50:00,OCGN,0.9293000102043152,0.9293000102043152,0.9293000102043152,0.9217000007629395,0.9217000007629395,660.0
2024-03-01 10:50:00,OCUL,10.413999557495117,10.413999557495117,10.413999557495117,10.399999618530273,10.404999732971191,13247.0
2024-03-01 10:50:00,OGI,2.0850000381469727,2.0850000381469727,2.0850000381469727,2.0850000381469727,2.0850000381469727,401.0
2024-03-01 10:50:00,OLK,22.604999542236328,22.604999542236328,22.604999542236328,22.604999542236328,22.604999542236328,144.0
2024-03-01 10:50:00,OLMA,12.791899681091309,12.791899681091309,12.791899681091309,12.791899681091309,12.791899681091309,270.0
2024-03-01 10:50:00,OM,3.1050000190734863,3.1050000190734863,3.1050000190734863,3.0999999046325684,3.0999999046325684,472.0
2024-03-01 10:50:00,OMER,4.757299900054932,4.757299900054932,4.757299900054932,4.757299900054932,4.757299900054932,8013.0
2024-03-01 10:50:00,OMGA,4.15500020980835,4.15500020980835,4.15500020980835,4.15500020980835,4.15500020980835,200.0
2024-03-01 10:50:00,ONCY,1.125,1.125,1.125,1.1204999685287476,1.125,0.0
2024-03-01 10:50:00,ONVO,1.01010000705719,1.01010000705719,1.01010000705719,1.01010000705719,1.01010000705719,122.0
2024-03-01 10:51:00,ABCL,5.159999847412109,5.159999847412109,5.159999847412109,5.15500020980835,5.159999847412109,1634.0
2024-03-01 10:51:00,ABOS,4.684999942779541,4.684999942779541,4.704999923706055,4.679999828338623,4.690000057220459,6289.0
2024-03-01 10:51:00,ABSI,5.170000076293945,5.170000076293945,5.210000038146973,5.170000076293945,5.210000038146973,2664.0
2024-03-01 10:51:00,ABUS,2.7950000762939453,2.7950000762939453,2.7950000762939453,2.7950000762939453,2.7950000762939453,1422.0
2024-03-01 10:51:00,ACAD,24.21500015258789,24.21500015258789,24.239999771118164,24.19499969482422,24.239999771118164,3590.0
2024-03-01 10:51:00,ACB,3.0905001163482666,3.0905001163482666,3.0950000286102295,3.0850000381469727,3.0950000286102295,1773.0
2024-03-01 10:51:00,ACCD,10.25,10.25,10.25,10.25,10.25,607.0
2024-03-01 10:51:00,ACET,2.384000062942505,2.384000062942505,2.3949999809265137,2.384000062942505,2.3949999809265137,8581.0
2024-03-01 10:51:00,ACHC,83.73999786376953,83.73999786376953,83.73999786376953,83.6500015258789,83.6500015258789,2704.0
2024-03-01 10:51:00,ACHV,4.199999809265137,4.199999809265137,4.199999809265137,4.190000057220459,4.190000057220459,321.0
2024-03-01 10:51:00,ACLX,68.75,68.75,68.75,68.75,68.75,124.0
2024-03-01 10:51:00,ACON,0.39489999413490295,0.39489999413490295,0.39489999413490295,0.39489999413490295,0.39489999413490295,21347.0
2024-03-01 10:51:00,ACRS,1.2300000190734863,1.2300000190734863,1.2300000190734863,1.225000023841858,1.225000023841858,321.0
2024-03-01 10:51:00,ADIL,3.299999952316284,3.299999952316284,3.329900026321411,3.2799999713897705,3.2899999618530273,62050.0
2024-03-01 10:51:00,ADMA,5.385000228881836,5.385000228881836,5.389999866485596,5.385000228881836,5.385000228881836,1176.0
2024-03-01 10:51:00,ADPT,4.239999771118164,4.239999771118164,4.239999771118164,4.239999771118164,4.239999771118164,816.0
2024-03-01 10:51:00,ADVM,1.9299999475479126,1.9299999475479126,1.9299999475479126,1.9299999475479126,1.9299999475479126,136.0
2024-03-01 10:51:00,AGEN,0.6712999939918518,0.6712999939918518,0.6712999939918518,0.6711999773979187,0.6711999773979187,17002.0
2024-03-01 10:51:00,AGIO,32.9900016784668,32.9900016784668,32.9900016784668,32.97999954223633,32.97999954223633,600.0
2024-03-01 10:51:00,AHCO,10.609999656677246,10.609999656677246,10.614999771118164,10.609999656677246,10.614999771118164,631.0
2024-03-01 10:51:00,AIRS,6.539999961853027,6.539999961853027,6.559999942779541,6.519999980926514,6.559999942779541,1562.0
2024-03-01 10:51:00,AKAN,0.25040000677108765,0.25040000677108765,0.25040000677108765,0.25040000677108765,0.25040000677108765,1569.0
2024-03-01 10:51:00,AKBA,1.659999966621399,1.659999966621399,1.659999966621399,1.6598999500274658,1.659999966621399,3252.0
2024-03-01 10:51:00,AKRO,28.799999237060547,28.799999237060547,28.860000610351562,28.760000228881836,28.790000915527344,2743.0
2024-03-01 10:51:00,AKYA,5.96999979019165,5.96999979019165,5.96999979019165,5.96999979019165,5.96999979019165,200.0
2024-03-01 10:51:00,ALEC,7.539999961853027,7.539999961853027,7.545000076293945,7.53000020980835,7.545000076293945,2271.0
2024-03-01 10:51:00,ALGN,300.8599853515625,300.8599853515625,300.8599853515625,300.7300109863281,300.75,1414.0
2024-03-01 10:51:00,ALHC,5.75,5.75,5.75,5.75,5.75,310.0
2024-03-01 10:51:00,ALKS,30.209999084472656,30.209999084472656,30.25,30.209999084472656,30.229999542236328,2131.0
2024-03-01 10:51:00,ALLK,1.6100000143051147,1.6100000143051147,1.6100000143051147,1.600000023841858,1.600000023841858,2108.0
2024-03-01 10:51:00,ALLO,5.03000020980835,5.03000020980835,5.03000020980835,5.027500152587891,5.027500152587891,234.0
2024-03-01 10:51:00,ALNY,155.7949981689453,155.7949981689453,155.91000366210938,155.75999450683594,155.91000366210938,551.0
2024-03-01 10:51:00,ALPN,36.22999954223633,36.22999954223633,36.22999954223633,36.22999954223633,36.22999954223633,229.0
2024-03-01 10:51:00,ALT,12.289999961853027,12.289999961853027,12.300000190734863,12.279800415039062,12.279999732971191,5121.0
2024-03-01 10:51:00,ALVR,0.7555000185966492,0.7555000185966492,0.7555000185966492,0.7555000185966492,0.7555000185966492,400.0
2024-03-01 10:51:00,AMGN,280.7500915527344,280.7500915527344,281.0400085449219,280.75,280.875,6549.0
2024-03-01 10:51:00,AMLX,18.899999618530273,18.899999618530273,18.940000534057617,18.889999389648438,18.889999389648438,4848.0
2024-03-01 10:51:00,AMRN,1.0399999618530273,1.0399999618530273,1.0399999618530273,1.034999966621399,1.0399999618530273,2000.0
2024-03-01 10:51:00,ANAB,25.520000457763672,25.520000457763672,25.520000457763672,25.520000457763672,25.520000457763672,277.0
2024-03-01 10:51:00,ANGO,5.460000038146973,5.460000038146973,5.460000038146973,5.460000038146973,5.460000038146973,315.0
2024-03-01 10:51:00,ANIK,24.735000610351562,24.735000610351562,24.739999771118164,24.735000610351562,24.739999771118164,205.0
2024-03-01 10:51:00,ANNX,5.929999828338623,5.929999828338623,5.960000038146973,5.929999828338623,5.940000057220459,1181.0
2024-03-01 10:51:00,ANTX,2.9600000381469727,2.9600000381469727,2.9600000381469727,2.9600000381469727,2.9600000381469727,235.0
2024-03-01 10:51:00,APLS,64.4916000366211,64.4916000366211,64.4916000366211,64.4000015258789,64.4000015258789,1061.0
2024-03-01 10:51:00,APLT,7.179999828338623,7.179999828338623,7.184999942779541,7.179999828338623,7.184999942779541,2300.0
2024-03-01 10:51:00,APTO,1.7906999588012695,1.7906999588012695,1.7906999588012695,1.7906999588012695,1.7906999588012695,31.0
2024-03-01 10:51:00,AQST,4.275000095367432,4.275000095367432,4.284999847412109,4.275000095367432,4.284999847412109,3764.0
2024-03-01 10:51:00,ARCT,39.97999954223633,39.97999954223633,40.02000045776367,39.97999954223633,40.02000045776367,751.0
2024-03-01 10:51:00,ARDX,9.5649995803833,9.5649995803833,9.579999923706055,9.5600004196167,9.579999923706055,5377.0
2024-03-01 10:51:00,ARGX,392.0050048828125,392.0050048828125,392.0050048828125,392.0050048828125,392.0050048828125,386.0
2024-03-01 10:51:00,ARQT,11.29990005493164,11.29990005493164,11.364999771118164,11.279999732971191,11.359999656677246,11083.0
2024-03-01 10:51:00,ARVN,51.060001373291016,51.060001373291016,51.5,51.04999923706055,51.450801849365234,7459.0
2024-03-01 10:51:00,ARWR,35.189998626708984,35.189998626708984,35.20249938964844,35.18000030517578,35.19499969482422,3732.0
2024-03-01 10:51:00,ASND,149.03250122070312,149.03250122070312,149.0449981689453,149.03250122070312,149.0449981689453,201.0
2024-03-01 10:51:00,ASRT,0.9200999736785889,0.9200999736785889,0.9200999736785889,0.9200999736785889,0.9200999736785889,102.0
2024-03-01 10:51:00,ATAI,2.015000104904175,2.015000104904175,2.015000104904175,2.009999990463257,2.009999990463257,2009.0
2024-03-01 10:51:00,ATEC,13.46500015258789,13.46500015258789,13.489999771118164,13.460700035095215,13.479999542236328,1971.0
2024-03-01 10:51:00,ATHA,3.990600109100342,3.990600109100342,3.990600109100342,3.990600109100342,3.990600109100342,2412.0
2024-03-01 10:51:00,ATRA,0.8156999945640564,0.8156999945640564,0.8299999833106995,0.8100000023841858,0.8100000023841858,63839.0
2024-03-01 10:51:00,ATRC,35.90999984741211,35.90999984741211,35.90999984741211,35.880001068115234,35.880001068115234,719.0
2024-03-01 10:51:00,ATXS,15.260000228881836,15.260000228881836,15.260000228881836,15.25,15.25,351.0
2024-03-01 10:51:00,AUGX,4.53000020980835,4.53000020980835,4.554999828338623,4.53000020980835,4.554999828338623,309.0
2024-03-01 10:51:00,AUPH,5.829999923706055,5.829999923706055,5.831200122833252,5.829999923706055,5.831200122833252,3713.0
2024-03-01 10:51:00,AUTL,6.21999979019165,6.21999979019165,6.21999979019165,6.21999979019165,6.21999979019165,155.0
2024-03-01 10:51:00,AVDL,12.755000114440918,12.755000114440918,12.8100004196167,12.75,12.765000343322754,4068.0
2024-03-01 10:51:00,AVIR,4.369999885559082,4.369999885559082,4.369999885559082,4.369999885559082,4.369999885559082,224.0
2024-03-01 10:51:00,AVXL,5.369999885559082,5.369999885559082,5.369999885559082,5.350900173187256,5.360000133514404,3909.0
2024-03-01 10:51:00,AXSM,83.99199676513672,83.99199676513672,83.99199676513672,83.87999725341797,83.95999908447266,2056.0
2024-03-01 10:51:00,AZN,64.65499877929688,64.65499877929688,64.66999816894531,64.65499877929688,64.66999816894531,5580.0
2024-03-01 10:51:00,AZTA,66.66500091552734,66.66500091552734,66.66500091552734,66.625,66.625,310.0
2024-03-01 10:51:00,BBIO,36.279998779296875,36.279998779296875,36.279998779296875,36.2599983215332,36.279998779296875,873.0
2024-03-01 10:51:00,BCAB,2.8299999237060547,2.8299999237060547,2.8399999141693115,2.8299999237060547,2.8350000381469727,2870.0
2024-03-01 10:51:00,BCDA,0.5600000023841858,0.5600000023841858,0.5600000023841858,0.5600000023841858,0.5600000023841858,10000.0
2024-03-01 10:51:00,BCRX,5.8769001960754395,5.8769001960754395,5.880000114440918,5.864999771118164,5.864999771118164,2823.0
2024-03-01 10:51:00,BDSX,1.649999976158142,1.649999976158142,1.660099983215332,1.649999976158142,1.659999966621399,12400.0
2024-03-01 10:51:00,BDTX,5.079999923706055,5.079999923706055,5.079999923706055,5.079999923706055,5.079999923706055,492.0
2024-03-01 10:51:00,BEAM,40.935001373291016,40.935001373291016,41.099998474121094,40.93000030517578,41.040000915527344,4672.0
2024-03-01 10:51:00,BFRI,0.878000020980835,0.878000020980835,0.878000020980835,0.878000020980835,0.878000020980835,348.0
2024-03-01 10:51:00,BGNE,167.77499389648438,167.77499389648438,168.11000061035156,167.76499938964844,167.89500427246094,2059.0
2024-03-01 10:51:00,BIOR,1.229200005531311,1.229200005531311,1.229200005531311,1.229200005531311,1.229200005531311,305.0
2024-03-01 10:51:00,BIVI,2.382499933242798,2.382499933242798,2.430000066757202,2.359999895095825,2.4200000762939453,210499.0
2024-03-01 10:51:00,BLFS,18.0,18.0,18.0,18.0,18.0,495.0
2024-03-01 10:51:00,BLUE,1.6399999856948853,1.6399999856948853,1.6495000123977661,1.6399999856948853,1.6449999809265137,7322.0
2024-03-01 10:51:00,BMRN,86.7300033569336,86.7300033569336,86.7300033569336,86.66000366210938,86.7300033569336,1213.0
2024-03-01 10:51:00,BNGO,1.2532000541687012,1.2532000541687012,1.256700038909912,1.2532000541687012,1.256700038909912,3258.0
2024-03-01 10:51:00,BNTX,91.66999816894531,91.66999816894531,91.66999816894531,91.62999725341797,91.62999725341797,577.0
2024-03-01 10:51:00,BPMC,97.43000030517578,97.43000030517578,97.55000305175781,97.36000061035156,97.48999786376953,2523.0
2024-03-01 10:51:00,BRKR,87.625,87.625,87.625,87.61000061035156,87.61000061035156,1139.0
2024-03-01 10:51:00,BRTX,1.4950000047683716,1.4950000047683716,1.496899962425232,1.4950000047683716,1.496899962425232,708.0
2024-03-01 10:51:00,BSGM,0.6542999744415283,0.6542999744415283,0.6542999744415283,0.6542999744415283,0.6542999744415283,149.0
2024-03-01 10:51:00,BTAI,3.2614998817443848,3.2614998817443848,3.2614998817443848,3.2614998817443848,3.2614998817443848,700.0
2024-03-01 10:51:00,BTTX,0.1679999977350235,0.1679999977350235,0.1679999977350235,0.16760000586509705,0.16760000586509705,11825.0
2024-03-01 10:51:00,BVS,4.684999942779541,4.684999942779541,4.684999942779541,4.684999942779541,4.684999942779541,29.0
2024-03-01 10:51:00,CABA,24.100000381469727,24.100000381469727,24.170000076293945,24.100000381469727,24.170000076293945,1342.0
2024-03-01 10:51:00,CAPR,4.590000152587891,4.590000152587891,4.590000152587891,4.590000152587891,4.590000152587891,310.0
2024-03-01 10:51:00,CBAY,32.22999954223633,32.22999954223633,32.22999954223633,32.224998474121094,32.224998474121094,1841.0
2024-03-01 10:51:00,CCCC,11.0649995803833,11.0649995803833,11.079899787902832,11.055000305175781,11.0600004196167,1865.0
2024-03-01 10:51:00,CCRN,18.0049991607666,18.0049991607666,18.0049991607666,18.0049991607666,18.0049991607666,281.0
2024-03-01 10:51:00,CDNA,12.300000190734863,12.300000190734863,12.3100004196167,12.25,12.25,4011.0
2024-03-01 10:51:00,CDTX,0.7204999923706055,0.7204999923706055,0.7204999923706055,0.7204999923706055,0.7204999923706055,100.0
2024-03-01 10:51:00,CDXS,4.46999979019165,4.46999979019165,4.474999904632568,4.420000076293945,4.420000076293945,4140.0
2024-03-01 10:51:00,CERE,41.2599983215332,41.2599983215332,41.26499938964844,41.2599983215332,41.26499938964844,201.0
2024-03-01 10:51:00,CERT,17.895000457763672,17.895000457763672,17.93000030517578,17.864999771118164,17.864999771118164,4613.0
2024-03-01 10:51:00,CGC,3.259999990463257,3.259999990463257,3.2699999809265137,3.255000114440918,3.259999990463257,2557.0
2024-03-01 10:51:00,CGEN,2.684999942779541,2.684999942779541,2.690000057220459,2.684999942779541,2.688999891281128,3015.0
2024-03-01 10:51:00,CHRS,2.3350000381469727,2.3350000381469727,2.3350000381469727,2.3299999237060547,2.331199884414673,2028.0
2024-03-01 10:51:00,CING,1.3700000047683716,1.3700000047683716,1.3700000047683716,1.3700000047683716,1.3700000047683716,704.0
2024-03-01 10:51:00,CJJD,2.760999917984009,2.760999917984009,2.760999917984009,2.760999917984009,2.760999917984009,837.0
2024-03-01 10:51:00,CLDX,52.78499984741211,52.78499984741211,52.83000183105469,52.75,52.83000183105469,1073.0
2024-03-01 10:51:00,CLOV,0.8669999837875366,0.8669999837875366,0.8675000071525574,0.8669999837875366,0.8671000003814697,45574.0
2024-03-01 10:51:00,CMPS,10.79010009765625,10.79010009765625,10.84000015258789,10.79010009765625,10.798700332641602,828.0
2024-03-01 10:51:00,CNSP,0.32010000944137573,0.32010000944137573,0.3239000141620636,0.3149000108242035,0.3158999979496002,32489.0
2024-03-01 10:51:00,CNTA,10.71500015258789,10.71500015258789,10.800000190734863,10.71500015258789,10.800000190734863,1220.0
2024-03-01 10:51:00,COGT,7.329999923706055,7.329999923706055,7.329999923706055,7.324999809265137,7.329999923706055,1229.0
2024-03-01 10:51:00,CORT,23.864999771118164,23.864999771118164,23.8700008392334,23.860000610351562,23.864999771118164,6745.0
2024-03-01 10:51:00,COSM,0.7682999968528748,0.7682999968528748,0.7682999968528748,0.7682999968528748,0.7682999968528748,326.0
2024-03-01 10:51:00,CPRX,17.31999969482422,17.31999969482422,17.344999313354492,17.31999969482422,17.344999313354492,1961.0
2024-03-01 10:51:00,CPSI,9.484999656677246,9.484999656677246,9.484999656677246,9.484999656677246,9.484999656677246,1.0
2024-03-01 10:51:00,CRBU,8.164999961853027,8.164999961853027,8.1899995803833,8.164999961853027,8.1899995803833,728.0
2024-03-01 10:51:00,CRDF,2.490000009536743,2.490000009536743,2.5,2.4800000190734863,2.490999937057495,39283.0
2024-03-01 10:51:00,CRDL,1.9599000215530396,1.9599000215530396,1.9599000215530396,1.9599000215530396,1.9599000215530396,1058.0
2024-03-01 10:51:00,CRMD,3.700000047683716,3.700000047683716,3.7100000381469727,3.700000047683716,3.7100000381469727,1101.0
2024-03-01 10:51:00,CRNX,46.59000015258789,46.59000015258789,46.63999938964844,46.20500183105469,46.309898376464844,5264.0
2024-03-01 10:51:00,CRON,2.055000066757202,2.055000066757202,2.059999942779541,2.055000066757202,2.059299945831299,3490.0
2024-03-01 10:51:00,CRSP,86.33999633789062,86.33999633789062,86.61000061035156,86.33999633789062,86.61000061035156,2163.0
2024-03-01 10:51:00,CRVS,2.215399980545044,2.215399980545044,2.215399980545044,2.215399980545044,2.215399980545044,0.0
2024-03-01 10:51:00,CSTL,20.165000915527344,20.165000915527344,20.165000915527344,20.165000915527344,20.165000915527344,228.0
2024-03-01 10:51:00,CTKB,8.3100004196167,8.3100004196167,8.3100004196167,8.274999618530273,8.279999732971191,1188.0
2024-03-01 10:51:00,CUE,2.1796998977661133,2.1796998977661133,2.180000066757202,2.1796998977661133,2.180000066757202,1088.0
2024-03-01 10:51:00,CUTR,2.3499999046325684,2.3499999046325684,2.3540000915527344,2.3499999046325684,2.3499999046325684,1725.0
2024-03-01 10:51:00,CVRX,19.729999542236328,19.729999542236328,19.729999542236328,19.729999542236328,19.729999542236328,130.0
2024-03-01 10:51:00,CYTK,74.83000183105469,74.83000183105469,74.94999694824219,74.83000183105469,74.94999694824219,1945.0
2024-03-01 10:51:00,CYTO,2.1700000762939453,2.1700000762939453,2.190000057220459,2.1700000762939453,2.190000057220459,4316.0
2024-03-01 10:51:00,DAWN,17.270000457763672,17.270000457763672,17.270000457763672,17.239999771118164,17.2549991607666,1075.0
2024-03-01 10:51:00,DCGO,4.125,4.125,4.125,4.099999904632568,4.099999904632568,2207.0
2024-03-01 10:51:00,DCPH,17.125,17.125,17.139999389648438,17.125,17.125,481.0
2024-03-01 10:51:00,DH,9.0600004196167,9.0600004196167,9.0600004196167,9.0600004196167,9.0600004196167,600.0
2024-03-01 10:51:00,DNLI,20.844999313354492,20.844999313354492,20.875,20.844999313354492,20.86750030517578,708.0
2024-03-01 10:51:00,DSGN,2.9049999713897705,2.9049999713897705,2.9049999713897705,2.9049999713897705,2.9049999713897705,110.0
2024-03-01 10:51:00,DTIL,12.89009952545166,12.89009952545166,13.050000190734863,12.89009952545166,12.953499794006348,2300.0
2024-03-01 10:51:00,DVAX,12.850000381469727,12.850000381469727,12.850000381469727,12.849900245666504,12.849900245666504,437.0
2024-03-01 10:51:00,DXCM,119.00499725341797,119.00499725341797,119.30000305175781,118.9800033569336,119.0250015258789,13898.0
2024-03-01 10:51:00,DYN,29.415000915527344,29.415000915527344,29.415000915527344,29.415000915527344,29.415000915527344,939.0
2024-03-01 10:51:00,EDIT,10.96500015258789,10.96500015258789,10.979999542236328,10.9350004196167,10.979999542236328,11858.0
2024-03-01 10:51:00,ELEV,5.125,5.125,5.139999866485596,5.110000133514404,5.110000133514404,2623.0
2024-03-01 10:51:00,EMBC,14.40999984741211,14.40999984741211,14.4350004196167,14.40999984741211,14.4350004196167,866.0
2024-03-01 10:51:00,ENTA,15.210000038146973,15.210000038146973,15.210000038146973,15.210000038146973,15.210000038146973,128.0
2024-03-01 10:51:00,ENVB,1.6394000053405762,1.6394000053405762,1.6399999856948853,1.6299999952316284,1.6399999856948853,4486.0
2024-03-01 10:51:00,ESPR,2.505000114440918,2.505000114440918,2.505000114440918,2.5,2.5,4886.0
2024-03-01 10:51:00,ETNB,13.005000114440918,13.005000114440918,13.029999732971191,13.0,13.020000457763672,2266.0
2024-03-01 10:51:00,EWTX,17.059999465942383,17.059999465942383,17.075000762939453,17.040000915527344,17.049999237060547,2762.0
2024-03-01 10:51:00,EXAS,59.93000030517578,59.93000030517578,59.970001220703125,59.93000030517578,59.970001220703125,1157.0
2024-03-01 10:51:00,EXEL,22.545000076293945,22.545000076293945,22.565000534057617,22.520000457763672,22.559999465942383,8483.0
2024-03-01 10:51:00,EYEN,2.2100000381469727,2.2100000381469727,2.2300000190734863,2.2100000381469727,2.2200000286102295,2646.0
2024-03-01 10:51:00,EYPT,28.440000534057617,28.440000534057617,28.482500076293945,28.440000534057617,28.482500076293945,557.0
2024-03-01 10:51:00,FATE,7.5,7.5,7.570000171661377,7.5,7.559999942779541,5942.0
2024-03-01 10:51:00,FBIO,2.2300000190734863,2.2300000190734863,2.234999895095825,2.2300000190734863,2.234999895095825,741.0
2024-03-01 10:51:00,FDMT,29.479999542236328,29.479999542236328,29.549999237060547,29.469999313354492,29.5,1474.0
2024-03-01 10:51:00,FGEN,1.7805999517440796,1.7805999517440796,1.784999966621399,1.7805999517440796,1.784999966621399,7508.0
2024-03-01 10:51:00,FOLD,13.574999809265137,13.574999809265137,13.574999809265137,13.5649995803833,13.569999694824219,2258.0
2024-03-01 10:51:00,FUSN,12.03499984741211,12.03499984741211,12.109999656677246,12.03499984741211,12.109999656677246,3020.0
2024-03-01 10:51:00,FWBI,8.100099563598633,8.100099563598633,8.100099563598633,8.100099563598633,8.100099563598633,150.0
2024-03-01 10:51:00,GBIO,2.5899999141693115,2.5899999141693115,2.5899999141693115,2.5799999237060547,2.5799999237060547,1432.0
2024-03-01 10:51:00,GDRX,8.295000076293945,8.295000076293945,8.295000076293945,8.279999732971191,8.279999732971191,1271.0
2024-03-01 10:51:00,GERN,2.1449999809265137,2.1449999809265137,2.1500000953674316,2.140000104904175,2.1500000953674316,10436.0
2024-03-01 10:51:00,GH,19.239999771118164,19.239999771118164,19.2450008392334,19.22480010986328,19.22480010986328,2256.0
2024-03-01 10:51:00,GILD,72.47000122070312,72.47000122070312,72.4800033569336,72.43499755859375,72.43499755859375,8390.0
2024-03-01 10:51:00,GLSI,12.100000381469727,12.100000381469727,12.100000381469727,12.100000381469727,12.100000381469727,436.0
2024-03-01 10:51:00,GLTO,0.7166000008583069,0.7166000008583069,0.7166000008583069,0.7166000008583069,0.7166000008583069,0.0
2024-03-01 10:51:00,GLUE,6.480000019073486,6.480000019073486,6.480000019073486,6.480000019073486,6.480000019073486,115.0
2024-03-01 10:51:00,GMAB,29.199899673461914,29.199899673461914,29.219999313354492,29.199899673461914,29.200000762939453,2753.0
2024-03-01 10:51:00,GOSS,1.3700000047683716,1.3700000047683716,1.3799999952316284,1.3700000047683716,1.3798999786376953,4401.0
2024-03-01 10:51:00,GRFS,6.889999866485596,6.889999866485596,6.90500020980835,6.880499839782715,6.90500020980835,5019.0
2024-03-01 10:51:00,GRTS,2.184999942779541,2.184999942779541,2.184999942779541,2.180000066757202,2.180000066757202,692.0
2024-03-01 10:51:00,GTHX,3.4600000381469727,3.4600000381469727,3.4700000286102295,3.4600000381469727,3.4700000286102295,1987.0
2024-03-01 10:51:00,HALO,41.45000076293945,41.45000076293945,41.45000076293945,41.42499923706055,41.42499923706055,429.0
2024-03-01 10:51:00,HARP,22.93000030517578,22.93000030517578,22.93000030517578,22.93000030517578,22.93000030517578,260.0
2024-03-01 10:51:00,HCAT,8.015700340270996,8.015700340270996,8.039999961853027,8.015700340270996,8.039999961853027,1661.0
2024-03-01 10:51:00,HCTI,2.359999895095825,2.359999895095825,2.359999895095825,2.359999895095825,2.359999895095825,210.0
2024-03-01 10:51:00,HLTH,0.265500009059906,0.265500009059906,0.265500009059906,0.265500009059906,0.265500009059906,1.0
2024-03-01 10:51:00,HOLX,74.00800323486328,74.00800323486328,74.00800323486328,73.95999908447266,73.95999908447266,995.0
2024-03-01 10:51:00,HQY,82.02999877929688,82.02999877929688,82.05999755859375,82.02999877929688,82.05999755859375,414.0
2024-03-01 10:51:00,HRTX,2.6600000858306885,2.6600000858306885,2.6649999618530273,2.6600000858306885,2.6600000858306885,12021.0
2024-03-01 10:51:00,HSCS,0.11649999767541885,0.11649999767541885,0.11720000207424164,0.1151999980211258,0.11720000207424164,35499.0
2024-03-01 10:51:00,HSIC,77.37000274658203,77.37000274658203,77.38999938964844,77.34500122070312,77.34500122070312,557.0
2024-03-01 10:51:00,HSTM,27.59000015258789,27.59000015258789,27.59000015258789,27.59000015258789,27.59000015258789,101.0
2024-03-01 10:51:00,HUMA,3.144200086593628,3.144200086593628,3.1475000381469727,3.140000104904175,3.1449999809265137,2496.0
2024-03-01 10:51:00,HYPR,1.1699999570846558,1.1699999570846558,1.1699999570846558,1.1699999570846558,1.1699999570846558,400.0
2024-03-01 10:51:00,IBRX,4.909999847412109,4.909999847412109,4.930099964141846,4.909999847412109,4.930099964141846,2906.0
2024-03-01 10:51:00,ICLR,323.2950134277344,323.2950134277344,323.2950134277344,322.9100036621094,322.9100036621094,4420.0
2024-03-01 10:51:00,IDXX,578.635009765625,578.635009765625,578.6799926757812,577.9299926757812,577.9299926757812,1758.0
2024-03-01 10:51:00,IDYA,46.369998931884766,46.369998931884766,46.369998931884766,46.209999084472656,46.29499816894531,3426.0
2024-03-01 10:51:00,IGMS,13.670000076293945,13.670000076293945,13.670000076293945,13.670000076293945,13.670000076293945,113.0
2024-03-01 10:51:00,ILMN,141.5800018310547,141.5800018310547,141.59669494628906,141.42999267578125,141.42999267578125,2302.0
2024-03-01 10:51:00,IMAB,1.850000023841858,1.850000023841858,1.850000023841858,1.850000023841858,1.850000023841858,205.0
2024-03-01 10:51:00,IMCR,68.2699966430664,68.2699966430664,68.2699966430664,68.2699966430664,68.2699966430664,438.0
2024-03-01 10:51:00,IMMX,3.5399999618530273,3.5399999618530273,3.5699000358581543,3.5000998973846436,3.5000998973846436,405.0
2024-03-01 10:51:00,IMNM,25.415000915527344,25.415000915527344,25.415000915527344,25.290000915527344,25.290000915527344,503.0
2024-03-01 10:51:00,IMNN,1.0010000467300415,1.0010000467300415,1.0010000467300415,1.0010000467300415,1.0010000467300415,0.0
2024-03-01 10:51:00,IMTX,13.069999694824219,13.069999694824219,13.069999694824219,13.069999694824219,13.069999694824219,133.0
2024-03-01 10:51:00,IMUX,1.5400999784469604,1.5400999784469604,1.5405000448226929,1.5399999618530273,1.5399999618530273,2361.0
2024-03-01 10:51:00,IMVT,36.380001068115234,36.380001068115234,36.5,36.380001068115234,36.5,2054.0
2024-03-01 10:51:00,INBX,37.04999923706055,37.04999923706055,37.060001373291016,37.0099983215332,37.060001373291016,1437.0
2024-03-01 10:51:00,INCY,59.56999969482422,59.56999969482422,59.65999984741211,59.27000045776367,59.27000045776367,34065.0
2024-03-01 10:51:00,INDP,2.0199999809265137,2.0199999809265137,2.0199999809265137,2.0199999809265137,2.0199999809265137,500.0
2024-03-01 10:51:00,INGN,6.800000190734863,6.800000190734863,6.809999942779541,6.800000190734863,6.809999942779541,1984.0
2024-03-01 10:51:00,INMD,22.970300674438477,22.970300674438477,22.992900848388672,22.959999084472656,22.959999084472656,2407.0
2024-03-01 10:51:00,INO,8.9399995803833,8.9399995803833,8.9399995803833,8.9399995803833,8.9399995803833,282.0
2024-03-01 10:51:00,INSM,28.440000534057617,28.440000534057617,28.459999084472656,28.440000534057617,28.459999084472656,1041.0
2024-03-01 10:51:00,INVA,15.59000015258789,15.59000015258789,15.61929988861084,15.579999923706055,15.609999656677246,1527.0
2024-03-01 10:51:00,INZY,6.519999980926514,6.519999980926514,6.519999980926514,6.519999980926514,6.519999980926514,13.0
2024-03-01 10:51:00,IOBT,1.7079999446868896,1.7079999446868896,1.7079999446868896,1.7079999446868896,1.7079999446868896,0.0
2024-03-01 10:51:00,IONS,46.03799819946289,46.03799819946289,46.040000915527344,45.959999084472656,45.959999084472656,1110.0
2024-03-01 10:51:00,IOVA,16.594999313354492,16.594999313354492,16.604999542236328,16.56999969482422,16.579999923706055,13612.0
2024-03-01 10:51:00,IRWD,8.929900169372559,8.929900169372559,8.944999694824219,8.899999618530273,8.914999961853027,28156.0
2024-03-01 10:51:00,ISRG,391.760009765625,391.760009765625,391.8900146484375,391.6000061035156,391.6000061035156,1802.0
2024-03-01 10:51:00,ITCI,71.36000061035156,71.36000061035156,71.37000274658203,71.31999969482422,71.31999969482422,1605.0
2024-03-01 10:51:00,ITOS,10.760000228881836,10.760000228881836,10.760000228881836,10.760000228881836,10.760000228881836,676.0
2024-03-01 10:51:00,IVA,3.7100000381469727,3.7100000381469727,3.7100000381469727,3.7100000381469727,3.7100000381469727,241.0
2024-03-01 10:51:00,IXHL,5.340000152587891,5.340000152587891,5.340000152587891,5.340000152587891,5.340000152587891,134.0
2024-03-01 10:51:00,JAGX,0.08479999750852585,0.08479999750852585,0.08550000190734863,0.08299999684095383,0.08429999649524689,646038.0
2024-03-01 10:51:00,JANX,47.150001525878906,47.150001525878906,47.150001525878906,47.150001525878906,47.150001525878906,653.0
2024-03-01 10:51:00,JAZZ,120.36000061035156,120.36000061035156,120.47000122070312,120.36000061035156,120.47000122070312,1047.0
2024-03-01 10:51:00,JYNT,10.020000457763672,10.020000457763672,10.020000457763672,9.994999885559082,9.994999885559082,414.0
2024-03-01 10:51:00,KALV,14.067299842834473,14.067299842834473,14.067299842834473,14.067299842834473,14.067299842834473,380.0
2024-03-01 10:51:00,KIDS,27.155000686645508,27.155000686645508,27.155000686645508,27.155000686645508,27.155000686645508,598.0
2024-03-01 10:51:00,KNSA,21.899999618530273,21.899999618530273,21.94499969482422,21.8799991607666,21.94499969482422,5935.0
2024-03-01 10:51:00,KNTE,2.600399971008301,2.600399971008301,2.600399971008301,2.600399971008301,2.600399971008301,405.0
2024-03-01 10:51:00,KOD,6.130000114440918,6.130000114440918,6.130000114440918,6.130000114440918,6.130000114440918,117.0
2024-03-01 10:51:00,KPTI,1.2300000190734863,1.2300000190734863,1.2300000190734863,1.225000023841858,1.225000023841858,2716.0
2024-03-01 10:51:00,KRON,1.0399999618530273,1.0399999618530273,1.0399999618530273,1.034999966621399,1.034999966621399,3937.0
2024-03-01 10:51:00,KROS,69.36250305175781,69.36250305175781,69.4000015258789,69.30999755859375,69.3499984741211,2698.0
2024-03-01 10:51:00,KRYS,168.92999267578125,168.92999267578125,169.4600067138672,168.89999389648438,169.2899932861328,1401.0
2024-03-01 10:51:00,KTRA,0.10239999741315842,0.10239999741315842,0.10239999741315842,0.10100000351667404,0.10239999741315842,183011.0
2024-03-01 10:51:00,KYMR,44.90999984741211,44.90999984741211,44.93000030517578,44.75,44.849998474121094,1969.0
2024-03-01 10:51:00,KZR,1.1298999786376953,1.1298999786376953,1.1299999952316284,1.1298999786376953,1.1299999952316284,7800.0
2024-03-01 10:51:00,LAB,2.369999885559082,2.369999885559082,2.369999885559082,2.369999885559082,2.369999885559082,478.0
2024-03-01 10:51:00,LFLY,3.009399890899658,3.009399890899658,3.009399890899658,3.009399890899658,3.009399890899658,200.0
2024-03-01 10:51:00,LFLYW,0.025699999183416367,0.025699999183416367,0.025699999183416367,0.025699999183416367,0.025699999183416367,0.0
2024-03-01 10:51:00,LFST,8.010000228881836,8.010000228881836,8.020000457763672,8.010000228881836,8.020000457763672,3996.0
2024-03-01 10:51:00,LGND,79.87000274658203,79.87000274658203,79.87000274658203,79.87000274658203,79.87000274658203,400.0
2024-03-01 10:51:00,LIVN,55.10499954223633,55.10499954223633,55.10499954223633,55.040000915527344,55.040000915527344,832.0
2024-03-01 10:51:00,LMAT,68.05500030517578,68.05500030517578,68.1500015258789,68.05500030517578,68.05500030517578,735.0
2024-03-01 10:51:00,LNTH,65.5999984741211,65.5999984741211,65.5999984741211,65.56500244140625,65.56500244140625,1315.0
2024-03-01 10:51:00,LRMR,11.0,11.0,11.100000381469727,11.0,11.015000343322754,831.0
2024-03-01 10:51:00,LUNG,9.229999542236328,9.229999542236328,9.229999542236328,9.22249984741211,9.229999542236328,1056.0
2024-03-01 10:51:00,LXRX,2.4393999576568604,2.4393999576568604,2.450000047683716,2.434999942779541,2.450000047683716,1238.0
2024-03-01 10:51:00,LYEL,3.1549999713897705,3.1549999713897705,3.1600000858306885,3.1519999504089355,3.1519999504089355,1170.0
2024-03-01 10:51:00,MASI,127.04000091552734,127.04000091552734,127.04000091552734,127.0,127.0,1314.0
2024-03-01 10:51:00,MCRB,1.1950000524520874,1.1950000524520874,1.1950000524520874,1.1900999546051025,1.1900999546051025,1730.0
2024-03-01 10:51:00,MDRX,5.75,5.75,5.849999904632568,5.75,5.75,16877.0
2024-03-01 10:51:00,MDXG,8.505000114440918,8.505000114440918,8.515000343322754,8.505000114440918,8.515000343322754,4076.0
2024-03-01 10:51:00,ME,0.5820000171661377,0.5820000171661377,0.5852000117301941,0.5820000171661377,0.5837000012397766,11922.0
2024-03-01 10:51:00,MEDP,400.5,400.5,400.5,400.5,400.5,732.0
2024-03-01 10:51:00,MESO,2.0201001167297363,2.0201001167297363,2.0201001167297363,2.0201001167297363,2.0201001167297363,755.0
2024-03-01 10:51:00,MGNX,19.187700271606445,19.187700271606445,19.290000915527344,19.187700271606445,19.290000915527344,1051.0
2024-03-01 10:51:00,MGTX,6.260000228881836,6.260000228881836,6.260000228881836,6.260000228881836,6.260000228881836,223.0
2024-03-01 10:51:00,MHUA,0.6800000071525574,0.6800000071525574,0.6800000071525574,0.6800000071525574,0.6800000071525574,562.0
2024-03-01 10:51:00,MIRM,29.850000381469727,29.850000381469727,29.850000381469727,29.850000381469727,29.850000381469727,488.0
2024-03-01 10:51:00,MLTX,51.150001525878906,51.150001525878906,51.189998626708984,51.150001525878906,51.189998626708984,1146.0
2024-03-01 10:51:00,MNKD,4.599999904632568,4.599999904632568,4.599999904632568,4.590099811553955,4.599999904632568,8918.0
2024-03-01 10:51:00,MNMD,5.909999847412109,5.909999847412109,5.918900012969971,5.909999847412109,5.918900012969971,422.0
2024-03-01 10:51:00,MOR,17.690000534057617,17.690000534057617,17.690000534057617,17.690000534057617,17.690000534057617,562.0
2024-03-01 10:51:00,MORF,38.72999954223633,38.72999954223633,38.72999954223633,38.55500030517578,38.55500030517578,769.0
2024-03-01 10:51:00,MREO,3.890000104904175,3.890000104904175,3.9000000953674316,3.880000114440918,3.880000114440918,30908.0
2024-03-01 10:51:00,MRNA,95.5999984741211,95.5999984741211,95.68910217285156,95.52999877929688,95.54000091552734,5321.0
2024-03-01 10:51:00,MRSN,5.809999942779541,5.809999942779541,5.829999923706055,5.809999942779541,5.820000171661377,1222.0
2024-03-01 10:51:00,MRUS,49.915000915527344,49.915000915527344,49.9900016784668,49.904998779296875,49.915000915527344,710.0
2024-03-01 10:51:00,MRVI,7.840000152587891,7.840000152587891,7.84499979019165,7.829999923706055,7.84499979019165,1986.0
2024-03-01 10:51:00,MYGN,21.559999465942383,21.559999465942383,21.559999465942383,21.530000686645508,21.530000686645508,928.0
2024-03-01 10:51:00,NARI,45.61000061035156,45.61000061035156,45.7599983215332,45.61000061035156,45.630001068115234,1153.0
2024-03-01 10:51:00,NAUT,2.619999885559082,2.619999885559082,2.619999885559082,2.619999885559082,2.619999885559082,102.0
2024-03-01 10:51:00,NBIX,131.0,131.0,131.02999877929688,130.88999938964844,130.88999938964844,7594.0
2024-03-01 10:51:00,NCNA,0.3199999928474426,0.3199999928474426,0.3199999928474426,0.3199999928474426,0.3199999928474426,200.0
2024-03-01 10:51:00,NEO,16.09000015258789,16.09000015258789,16.09000015258789,16.09000015258789,16.09000015258789,217.0
2024-03-01 10:51:00,NEOG,17.209999084472656,17.209999084472656,17.209999084472656,17.209999084472656,17.209999084472656,660.0
2024-03-01 10:51:00,NERV,2.490000009536743,2.490000009536743,2.509999990463257,2.490000009536743,2.509999990463257,3319.0
2024-03-01 10:51:00,NGM,1.5299999713897705,1.5299999713897705,1.534999966621399,1.5299999713897705,1.534999966621399,400.0
2024-03-01 10:51:00,NKTR,0.7497000098228455,0.7497000098228455,0.7497000098228455,0.7476000189781189,0.7476000189781189,9452.0
2024-03-01 10:51:00,NKTX,12.529999732971191,12.529999732971191,12.539999961853027,12.5,12.5,2733.0
2024-03-01 10:51:00,NNOX,10.989999771118164,10.989999771118164,11.0,10.989999771118164,10.99899959564209,2064.0
2024-03-01 10:51:00,NOTV,7.855000019073486,7.855000019073486,7.855000019073486,7.830100059509277,7.830100059509277,485.0
2024-03-01 10:51:00,NRBO,5.699999809265137,5.699999809265137,5.699999809265137,5.699999809265137,5.699999809265137,400.0
2024-03-01 10:51:00,NRIX,13.3100004196167,13.3100004196167,13.3100004196167,13.279999732971191,13.3100004196167,3072.0
2024-03-01 10:51:00,NRSN,2.0199999809265137,2.0199999809265137,2.0199999809265137,2.0199999809265137,2.0199999809265137,265.0
2024-03-01 10:51:00,NRXP,0.42969998717308044,0.42969998717308044,0.42969998717308044,0.42969998717308044,0.42969998717308044,188.0
2024-03-01 10:51:00,NTLA,33.529998779296875,33.529998779296875,33.58000183105469,33.470001220703125,33.54499816894531,3905.0
2024-03-01 10:51:00,NTRA,89.2300033569336,89.2300033569336,89.2300033569336,89.0999984741211,89.12999725341797,2648.0
2024-03-01 10:51:00,NUVL,87.91000366210938,87.91000366210938,87.91000366210938,87.91000366210938,87.91000366210938,242.0
2024-03-01 10:51:00,NVAX,5.287499904632568,5.287499904632568,5.300000190734863,5.260000228881836,5.26669979095459,55060.0
2024-03-01 10:51:00,NVCR,15.930000305175781,15.930000305175781,15.930000305175781,15.920000076293945,15.920000076293945,559.0
2024-03-01 10:51:00,NVNO,6.460000038146973,6.460000038146973,6.485000133514404,6.460000038146973,6.482399940490723,2411.0
2024-03-01 10:51:00,NXTC,1.7720999717712402,1.7720999717712402,1.784999966621399,1.7720999717712402,1.784999966621399,10250.0
2024-03-01 10:51:00,OCGN,0.9140999913215637,0.9140999913215637,0.9217000007629395,0.9139999747276306,0.9217000007629395,331.0
2024-03-01 10:51:00,OCUL,10.380000114440918,10.380000114440918,10.40999984741211,10.380000114440918,10.40999984741211,2758.0
2024-03-01 10:51:00,OFIX,13.010000228881836,13.010000228881836,13.010000228881836,13.010000228881836,13.010000228881836,751.0
2024-03-01 10:51:00,OLK,22.610000610351562,22.610000610351562,22.610000610351562,22.610000610351562,22.610000610351562,106.0
2024-03-01 10:51:00,OLMA,12.760000228881836,12.760000228881836,12.760000228881836,12.760000228881836,12.760000228881836,305.0
2024-03-01 10:51:00,OM,3.109999895095825,3.109999895095825,3.109999895095825,3.109999895095825,3.109999895095825,500.0
2024-03-01 10:51:00,OMCL,26.440000534057617,26.440000534057617,26.440000534057617,26.420000076293945,26.420000076293945,1456.0
2024-03-01 10:51:00,OMGA,4.159999847412109,4.159999847412109,4.159999847412109,4.159999847412109,4.159999847412109,222.0
2024-03-01 10:51:00,ONCY,1.125,1.125,1.125,1.125,1.125,198.0
2024-03-01 10:52:00,ABCL,5.150000095367432,5.150000095367432,5.15500020980835,5.150000095367432,5.15500020980835,509.0
2024-03-01 10:52:00,ABEO,7.380000114440918,7.380000114440918,7.409999847412109,7.380000114440918,7.409999847412109,2047.0
2024-03-01 10:52:00,ABOS,4.650000095367432,4.650000095367432,4.670000076293945,4.650000095367432,4.670000076293945,1658.0
2024-03-01 10:52:00,ABSI,5.179999828338623,5.179999828338623,5.1875,5.170000076293945,5.179999828338623,1050.0
2024-03-01 10:52:00,ABUS,2.7950000762939453,2.7950000762939453,2.7950000762939453,2.7950000762939453,2.7950000762939453,0.0
2024-03-01 10:52:00,ABVC,1.1897000074386597,1.1897000074386597,1.1897000074386597,1.1897000074386597,1.1897000074386597,2000.0
2024-03-01 10:52:00,ACAD,24.190000534057617,24.190000534057617,24.209999084472656,24.190000534057617,24.209999084472656,611.0
2024-03-01 10:52:00,ACB,3.0950000286102295,3.0950000286102295,3.0999999046325684,3.0940001010894775,3.0940001010894775,625.0
2024-03-01 10:52:00,ACCD,10.199999809265137,10.199999809265137,10.255000114440918,10.199999809265137,10.255000114440918,2318.0
2024-03-01 10:52:00,ACET,2.380000114440918,2.380000114440918,2.389899969100952,2.380000114440918,2.384999990463257,11453.0
2024-03-01 10:52:00,ACHV,4.25,4.25,4.25,4.25,4.25,151.0
2024-03-01 10:52:00,ACLX,68.37000274658203,68.37000274658203,68.63999938964844,68.37000274658203,68.63999938964844,838.0
2024-03-01 10:52:00,ACRS,1.225000023841858,1.225000023841858,1.2300000190734863,1.225000023841858,1.2300000190734863,420.0
2024-03-01 10:52:00,ADAP,1.590000033378601,1.590000033378601,1.590000033378601,1.5700000524520874,1.5700000524520874,9955.0
2024-03-01 10:52:00,ADIL,3.3301000595092773,3.3301000595092773,3.390000104904175,3.294600009918213,3.309999942779541,115000.0
2024-03-01 10:52:00,ADMA,5.385000228881836,5.385000228881836,5.389999866485596,5.385000228881836,5.385000228881836,2078.0
2024-03-01 10:52:00,ADPT,4.230000019073486,4.230000019073486,4.244999885559082,4.230000019073486,4.244999885559082,2503.0
2024-03-01 10:52:00,ADVM,1.9299999475479126,1.9299999475479126,1.9299999475479126,1.9299999475479126,1.9299999475479126,200.0
2024-03-01 10:52:00,AFMD,0.6100999712944031,0.6100999712944031,0.6100999712944031,0.6100999712944031,0.6100999712944031,2889.0
2024-03-01 10:52:00,AGEN,0.6712999939918518,0.6712999939918518,0.6712999939918518,0.6712999939918518,0.6712999939918518,2242.0
2024-03-01 10:52:00,AGIO,32.994998931884766,32.994998931884766,33.040000915527344,32.994998931884766,33.040000915527344,1094.0
2024-03-01 10:52:00,AHCO,10.59000015258789,10.59000015258789,10.600000381469727,10.579999923706055,10.600000381469727,1512.0
2024-03-01 10:52:00,AIRS,6.514999866485596,6.514999866485596,6.514999866485596,6.514999866485596,6.514999866485596,200.0
2024-03-01 10:52:00,AKAN,0.25040000677108765,0.25040000677108765,0.25040000677108765,0.25040000677108765,0.25040000677108765,0.0
2024-03-01 10:52:00,AKBA,1.659999966621399,1.659999966621399,1.659999966621399,1.659999966621399,1.659999966621399,110.0
2024-03-01 10:52:00,AKRO,28.96500015258789,28.96500015258789,29.0,28.799999237060547,28.799999237060547,2678.0
2024-03-01 10:52:00,ALDX,4.085000038146973,4.085000038146973,4.110000133514404,4.085000038146973,4.110000133514404,3644.0
2024-03-01 10:52:00,ALEC,7.519999980926514,7.519999980926514,7.530200004577637,7.519999980926514,7.53000020980835,851.0
2024-03-01 10:52:00,ALGN,300.54998779296875,300.54998779296875,300.54998779296875,300.54998779296875,300.54998779296875,213.0
2024-03-01 10:52:00,ALKS,30.170000076293945,30.170000076293945,30.200000762939453,30.170000076293945,30.200000762939453,1232.0
2024-03-01 10:52:00,ALLK,1.6050000190734863,1.6050000190734863,1.6050000190734863,1.6050000190734863,1.6050000190734863,2926.0
2024-03-01 10:52:00,ALLO,4.994999885559082,4.994999885559082,5.020599842071533,4.994999885559082,5.020599842071533,3617.0
2024-03-01 10:52:00,ALNY,155.6300048828125,155.6300048828125,155.77000427246094,155.6300048828125,155.77000427246094,1229.0
2024-03-01 10:52:00,ALT,12.246000289916992,12.246000289916992,12.279999732971191,12.246000289916992,12.279999732971191,5468.0
2024-03-01 10:52:00,ALVR,0.7548999786376953,0.7548999786376953,0.7548999786376953,0.7548999786376953,0.7548999786376953,400.0
2024-03-01 10:52:00,ALXO,15.164999961853027,15.164999961853027,15.175000190734863,15.149999618530273,15.149999618530273,405.0
2024-03-01 10:52:00,ALZN,0.9100000262260437,0.9100000262260437,0.9100000262260437,0.9093999862670898,0.9093999862670898,504.0
2024-03-01 10:52:00,AMGN,281.010009765625,281.010009765625,281.0249938964844,280.8699951171875,280.8699951171875,3609.0
2024-03-01 10:52:00,AMLX,18.780000686645508,18.780000686645508,18.8799991607666,18.780000686645508,18.8799991607666,2530.0
2024-03-01 10:52:00,AMPH,45.59000015258789,45.59000015258789,45.59000015258789,45.560001373291016,45.560001373291016,512.0
2024-03-01 10:52:00,AMRN,1.0449999570846558,1.0449999570846558,1.0449999570846558,1.0399999618530273,1.0399999618530273,3325.0
2024-03-01 10:52:00,ANIK,24.739999771118164,24.739999771118164,24.739999771118164,24.739999771118164,24.739999771118164,103.0
2024-03-01 10:52:00,ANIP,67.0,67.0,67.0,67.0,67.0,146.0
2024-03-01 10:52:00,ANNX,5.918000221252441,5.918000221252441,5.929999828338623,5.909999847412109,5.929999828338623,3674.0
2024-03-01 10:52:00,APLS,64.4749984741211,64.4749984741211,64.5250015258789,64.41999816894531,64.44499969482422,1573.0
2024-03-01 10:52:00,APLT,7.149899959564209,7.149899959564209,7.159999847412109,7.119999885559082,7.159999847412109,1034.0
2024-03-01 10:52:00,APVO,0.16009999811649323,0.16009999811649323,0.16009999811649323,0.16009999811649323,0.16009999811649323,5191.0
2024-03-01 10:52:00,AQST,4.261899948120117,4.261899948120117,4.278200149536133,4.260000228881836,4.270500183105469,1790.0
2024-03-01 10:52:00,ARAY,2.625,2.625,2.625,2.625,2.625,1425.0
2024-03-01 10:52:00,ARCT,39.84000015258789,39.84000015258789,39.98500061035156,39.84000015258789,39.98500061035156,351.0
2024-03-01 10:52:00,ARDX,9.555000305175781,9.555000305175781,9.569999694824219,9.555000305175781,9.569999694824219,6538.0
2024-03-01 10:52:00,ARGX,391.6199951171875,391.6199951171875,391.8800048828125,391.5450134277344,391.7099914550781,1079.0
2024-03-01 10:52:00,ARQT,11.234999656677246,11.234999656677246,11.300100326538086,11.229999542236328,11.300100326538086,22241.0
2024-03-01 10:52:00,ARVN,50.68000030517578,50.68000030517578,51.1349983215332,50.68000030517578,51.1349983215332,1548.0
2024-03-01 10:52:00,ARWR,35.099998474121094,35.099998474121094,35.189998626708984,35.099998474121094,35.189998626708984,4662.0
2024-03-01 10:52:00,ASLN,0.839900016784668,0.839900016784668,0.839900016784668,0.839900016784668,0.839900016784668,1013.0
2024-03-01 10:52:00,ASND,149.1300048828125,149.1300048828125,149.1300048828125,149.02999877929688,149.0449981689453,807.0
2024-03-01 10:52:00,ASRT,0.9200000166893005,0.9200000166893005,0.9200000166893005,0.9200000166893005,0.9200000166893005,300.0
2024-03-01 10:52:00,ATAI,2.015000104904175,2.015000104904175,2.01990008354187,2.015000104904175,2.01990008354187,166.0
2024-03-01 10:52:00,ATEC,13.470000267028809,13.470000267028809,13.470000267028809,13.470000267028809,13.470000267028809,453.0
2024-03-01 10:52:00,ATHA,3.990000009536743,3.990000009536743,3.990000009536743,3.990000009536743,3.990000009536743,0.0
2024-03-01 10:52:00,ATHE,1.7899999618530273,1.7899999618530273,1.7899999618530273,1.7899999618530273,1.7899999618530273,2783.0
2024-03-01 10:52:00,ATNF,3.375,3.375,3.375,3.375,3.375,164.0
2024-03-01 10:52:00,ATOS,0.9810000061988831,0.9810000061988831,0.9810000061988831,0.9810000061988831,0.9810000061988831,493.0
2024-03-01 10:52:00,ATRA,0.8252000212669373,0.8252000212669373,0.828000009059906,0.7940999865531921,0.8162000179290771,90856.0
2024-03-01 10:52:00,ATRC,35.869998931884766,35.869998931884766,35.869998931884766,35.869998931884766,35.869998931884766,207.0
2024-03-01 10:52:00,ATXS,15.140000343322754,15.140000343322754,15.260000228881836,15.079999923706055,15.260000228881836,8606.0
2024-03-01 10:52:00,AUPH,5.824999809265137,5.824999809265137,5.829999923706055,5.824999809265137,5.829800128936768,942.0
2024-03-01 10:52:00,AURA,9.289999961853027,9.289999961853027,9.289999961853027,9.289999961853027,9.289999961853027,225.0
2024-03-01 10:52:00,AUTL,6.199999809265137,6.199999809265137,6.210000038146973,6.199999809265137,6.210000038146973,828.0
2024-03-01 10:52:00,AVDL,12.760000228881836,12.760000228881836,12.760000228881836,12.729999542236328,12.75,242395.0
2024-03-01 10:52:00,AVGR,3.819999933242798,3.819999933242798,3.819999933242798,3.819999933242798,3.819999933242798,1900.0
2024-03-01 10:52:00,AVIR,4.368899822235107,4.368899822235107,4.368899822235107,4.364999771118164,4.364999771118164,274.0
2024-03-01 10:52:00,AVTE,22.59000015258789,22.59000015258789,22.799999237060547,22.59000015258789,22.799999237060547,310.0
2024-03-01 10:52:00,AVXL,5.360000133514404,5.360000133514404,5.364999771118164,5.360000133514404,5.364999771118164,2142.0
2024-03-01 10:52:00,AXGN,10.510000228881836,10.510000228881836,10.510000228881836,10.510000228881836,10.510000228881836,137.0
2024-03-01 10:52:00,AXSM,83.93499755859375,83.93499755859375,83.93499755859375,83.93499755859375,83.93499755859375,106.0
2024-03-01 10:52:00,AZN,64.67500305175781,64.67500305175781,64.67500305175781,64.66020202636719,64.66500091552734,3307.0
2024-03-01 10:52:00,AZTA,66.6500015258789,66.6500015258789,66.6500015258789,66.6500015258789,66.6500015258789,120.0
2024-03-01 10:52:00,BBIO,36.21500015258789,36.21500015258789,36.2599983215332,36.18000030517578,36.25,1335.0
2024-03-01 10:52:00,BCEL,0.2662999927997589,0.2662999927997589,0.2662999927997589,0.2662999927997589,0.2662999927997589,0.0
2024-03-01 10:52:00,BCRX,5.875,5.875,5.875,5.8709001541137695,5.875,1751.0
2024-03-01 10:52:00,BDSX,1.6513999700546265,1.6513999700546265,1.6513999700546265,1.6513999700546265,1.6513999700546265,0.0
2024-03-01 10:52:00,BDTX,5.0524001121521,5.0524001121521,5.0528998374938965,5.0524001121521,5.0528998374938965,212.0
2024-03-01 10:52:00,BEAM,40.79970169067383,40.79970169067383,40.935001373291016,40.79970169067383,40.935001373291016,1319.0
2024-03-01 10:52:00,BGXX,0.26249998807907104,0.26249998807907104,0.26249998807907104,0.26249998807907104,0.26249998807907104,200.0
2024-03-01 10:52:00,BIIB,220.0500030517578,220.0500030517578,220.0500030517578,220.0500030517578,220.0500030517578,343.0
2024-03-01 10:52:00,BIVI,2.4000000953674316,2.4000000953674316,2.4200000762939453,2.384999990463257,2.384999990463257,54227.0
2024-03-01 10:52:00,BLFS,17.889999389648438,17.889999389648438,17.940000534057617,17.88800048828125,17.940000534057617,1275.0
2024-03-01 10:52:00,BLUE,1.6398999691009521,1.6398999691009521,1.649999976158142,1.6301000118255615,1.649999976158142,52590.0
2024-03-01 10:52:00,BMEA,17.809999465942383,17.809999465942383,17.860000610351562,17.809999465942383,17.860000610351562,640.0
2024-03-01 10:52:00,BMRN,86.68000030517578,86.68000030517578,86.69999694824219,86.68000030517578,86.69999694824219,571.0
2024-03-01 10:52:00,BNTC,5.070099830627441,5.070099830627441,5.070099830627441,5.070000171661377,5.070000171661377,606.0
2024-03-01 10:52:00,BNTX,91.5999984741211,91.5999984741211,91.5999984741211,91.58999633789062,91.5999984741211,814.0
2024-03-01 10:52:00,BPMC,97.0999984741211,97.0999984741211,97.44499969482422,97.0999984741211,97.43000030517578,3338.0
2024-03-01 10:52:00,BRKR,87.69000244140625,87.69000244140625,87.69000244140625,87.66999816894531,87.66999816894531,2011.0
2024-03-01 10:52:00,BTAI,3.25,3.25,3.259999990463257,3.25,3.259999990463257,757.0
2024-03-01 10:52:00,BTTX,0.16899999976158142,0.16899999976158142,0.17000000178813934,0.1680999994277954,0.1680999994277954,18592.0
2024-03-01 10:52:00,CABA,23.979999542236328,23.979999542236328,24.075000762939453,23.969999313354492,24.059999465942383,2693.0
2024-03-01 10:52:00,CARA,0.9025999903678894,0.9025999903678894,0.9025999903678894,0.8999999761581421,0.8999999761581421,5125.0
2024-03-01 10:52:00,CBAY,32.220001220703125,32.220001220703125,32.22999954223633,32.220001220703125,32.22999954223633,7279.0
2024-03-01 10:52:00,CCCC,11.03499984741211,11.03499984741211,11.0600004196167,11.03499984741211,11.0600004196167,1174.0
2024-03-01 10:52:00,CCRN,18.030000686645508,18.030000686645508,18.030000686645508,18.030000686645508,18.030000686645508,230.0
2024-03-01 10:52:00,CDMO,8.140000343322754,8.140000343322754,8.140000343322754,8.140000343322754,8.140000343322754,411.0
2024-03-01 10:52:00,CDNA,12.199999809265137,12.199999809265137,12.279999732971191,12.199999809265137,12.279999732971191,4451.0
2024-03-01 10:52:00,CDTX,0.7206000089645386,0.7206000089645386,0.7235000133514404,0.7204999923706055,0.7204999923706055,1501.0
2024-03-01 10:52:00,CDXS,4.400000095367432,4.400000095367432,4.434999942779541,4.400000095367432,4.434999942779541,1174.0
2024-03-01 10:52:00,CELU,3.704200029373169,3.704200029373169,3.704200029373169,3.704200029373169,3.704200029373169,441.0
2024-03-01 10:52:00,CERE,41.25,41.25,41.279998779296875,41.244998931884766,41.275001525878906,10253.0
2024-03-01 10:52:00,CERS,2.2049999237060547,2.2049999237060547,2.2049999237060547,2.2049999237060547,2.2049999237060547,317.0
2024-03-01 10:52:00,CGC,3.265000104904175,3.265000104904175,3.265000104904175,3.2600998878479004,3.2600998878479004,2525.0
2024-03-01 10:52:00,CGEM,18.959999084472656,18.959999084472656,18.959999084472656,18.93000030517578,18.93000030517578,423.0
2024-03-01 10:52:00,CGEN,2.684999942779541,2.684999942779541,2.690000057220459,2.684999942779541,2.690000057220459,860.0
2024-03-01 10:52:00,CHRS,2.325000047683716,2.325000047683716,2.3299999237060547,2.325000047683716,2.3299999237060547,5548.0
2024-03-01 10:52:00,CING,1.3600000143051147,1.3600000143051147,1.3600000143051147,1.3600000143051147,1.3600000143051147,0.0
2024-03-01 10:52:00,CLDX,52.540000915527344,52.540000915527344,52.7400016784668,52.540000915527344,52.72999954223633,1685.0
2024-03-01 10:52:00,CLOV,0.8652999997138977,0.8652999997138977,0.8672999739646912,0.8652999997138977,0.8672999739646912,32201.0
2024-03-01 10:52:00,CMPS,10.75,10.75,10.829999923706055,10.75,10.789999961853027,148871.0
2024-03-01 10:52:00,CNSP,0.33559998869895935,0.33559998869895935,0.33559998869895935,0.326200008392334,0.33000001311302185,0.0
2024-03-01 10:52:00,CNTA,10.819999694824219,10.819999694824219,10.819999694824219,10.819999694824219,10.819999694824219,121.0
2024-03-01 10:52:00,COGT,7.295000076293945,7.295000076293945,7.324999809265137,7.295000076293945,7.324999809265137,3929.0
2024-03-01 10:52:00,COLL,37.2599983215332,37.2599983215332,37.2599983215332,37.2599983215332,37.2599983215332,636.0
2024-03-01 10:52:00,CORT,23.850000381469727,23.850000381469727,23.850000381469727,23.850000381469727,23.850000381469727,2794.0
2024-03-01 10:52:00,CPRX,17.364999771118164,17.364999771118164,17.389299392700195,17.309999465942383,17.31999969482422,3631.0
2024-03-01 10:52:00,CPSI,9.484999656677246,9.484999656677246,9.484999656677246,9.484999656677246,9.484999656677246,625.0
2024-03-01 10:52:00,CRBU,8.140000343322754,8.140000343322754,8.15999984741211,8.130000114440918,8.15999984741211,956.0
2024-03-01 10:52:00,CRDF,2.4842000007629395,2.4842000007629395,2.4921998977661133,2.4800000190734863,2.4916999340057373,15276.0
2024-03-01 10:52:00,CRDL,1.909999966621399,1.909999966621399,1.940000057220459,1.909999966621399,1.940000057220459,2580.0
2024-03-01 10:52:00,CRIS,9.960200309753418,9.960200309753418,9.960200309753418,9.960200309753418,9.960200309753418,184.0
2024-03-01 10:52:00,CRMD,3.702899932861328,3.702899932861328,3.7049999237060547,3.702899932861328,3.7049999237060547,5130.0
2024-03-01 10:52:00,CRNX,46.02000045776367,46.02000045776367,46.61989974975586,46.02000045776367,46.59000015258789,5563.0
2024-03-01 10:52:00,CRSP,86.28929901123047,86.28929901123047,86.3906021118164,86.23999786376953,86.375,1255.0
2024-03-01 10:52:00,CRVS,2.2063000202178955,2.2063000202178955,2.2063000202178955,2.2063000202178955,2.2063000202178955,635.0
2024-03-01 10:52:00,CSTL,20.084999084472656,20.084999084472656,20.149999618530273,20.075000762939453,20.149999618530273,3559.0
2024-03-01 10:52:00,CTKB,8.279999732971191,8.279999732971191,8.300000190734863,8.279999732971191,8.300000190734863,743.0
2024-03-01 10:52:00,CTMX,2.5,2.5,2.5,2.4999001026153564,2.5,2480.0
2024-03-01 10:52:00,CTSO,0.9305999875068665,0.9305999875068665,0.9305999875068665,0.9305999875068665,0.9305999875068665,500.0
2024-03-01 10:52:00,CUTR,2.3399999141693115,2.3399999141693115,2.3399999141693115,2.3399999141693115,2.3399999141693115,209.0
2024-03-01 10:52:00,CVAC,3.490000009536743,3.490000009536743,3.490000009536743,3.490000009536743,3.490000009536743,106.0
2024-03-01 10:52:00,CYTK,74.78500366210938,74.78500366210938,74.80500030517578,74.77999877929688,74.80500030517578,946.0
2024-03-01 10:52:00,CYTO,2.119999885559082,2.119999885559082,2.1700000762939453,2.0999999046325684,2.1700000762939453,2775.0
2024-03-01 10:52:00,DAWN,17.280000686645508,17.280000686645508,17.350000381469727,17.280000686645508,17.299999237060547,1273.0
2024-03-01 10:52:00,DCGO,4.144999980926514,4.144999980926514,4.144999980926514,4.125,4.125,3517.0
2024-03-01 10:52:00,DCPH,17.110000610351562,17.110000610351562,17.125,17.110000610351562,17.125,764.0
2024-03-01 10:52:00,DCTH,4.25,4.25,4.25,4.21999979019165,4.21999979019165,2195.0
2024-03-01 10:52:00,DH,9.079999923706055,9.079999923706055,9.079999923706055,9.069999694824219,9.069999694824219,486.0
2024-03-01 10:52:00,DMAC,3.0299999713897705,3.0299999713897705,3.0299999713897705,3.0299999713897705,3.0299999713897705,200.0
2024-03-01 10:52:00,DMTK,0.8525000214576721,0.8525000214576721,0.8598999977111816,0.8500000238418579,0.8501999974250793,17137.0
2024-03-01 10:52:00,DNLI,20.829999923706055,20.829999923706055,20.829999923706055,20.799999237060547,20.81999969482422,1135.0
2024-03-01 10:52:00,DSGN,2.9000000953674316,2.9000000953674316,2.9000000953674316,2.9000000953674316,2.9000000953674316,307.0
2024-03-01 10:52:00,DVAX,12.829999923706055,12.829999923706055,12.850000381469727,12.829999923706055,12.850000381469727,1901.0
2024-03-01 10:52:00,DXCM,118.76000213623047,118.76000213623047,119.0199966430664,118.68499755859375,119.0199966430664,6281.0
2024-03-01 10:52:00,DYN,29.329999923706055,29.329999923706055,29.360000610351562,29.325000762939453,29.350000381469727,1236.0
2024-03-01 10:52:00,EDIT,10.899999618530273,10.899999618530273,10.960000038146973,10.890000343322754,10.960000038146973,2225.0
2024-03-01 10:52:00,EGRX,6.550000190734863,6.550000190734863,6.550000190734863,6.510000228881836,6.510000228881836,251.0
2024-03-01 10:52:00,ELEV,5.114999771118164,5.114999771118164,5.119999885559082,5.114999771118164,5.119999885559082,501.0
2024-03-01 10:52:00,EMBC,14.404999732971191,14.404999732971191,14.420000076293945,14.404999732971191,14.420000076293945,2136.0
2024-03-01 10:52:00,ENTA,15.114999771118164,15.114999771118164,15.130000114440918,15.114999771118164,15.119999885559082,400.0
2024-03-01 10:52:00,ENVB,1.625,1.625,1.6399999856948853,1.6207000017166138,1.6299999952316284,19780.0
2024-03-01 10:52:00,EOLS,14.640000343322754,14.640000343322754,14.680000305175781,14.640000343322754,14.680000305175781,818.0
2024-03-01 10:52:00,ERAS,2.513200044631958,2.513200044631958,2.513200044631958,2.509999990463257,2.509999990463257,348.0
2024-03-01 10:52:00,ESPR,2.490000009536743,2.490000009536743,2.5,2.490000009536743,2.5,4283.0
2024-03-01 10:52:00,ETNB,12.960000038146973,12.960000038146973,13.005000114440918,12.960000038146973,13.005000114440918,2848.0
2024-03-01 10:52:00,EWTX,17.075000762939453,17.075000762939453,17.075000762939453,17.059999465942383,17.059999465942383,306.0
2024-03-01 10:52:00,EXAI,6.730000019073486,6.730000019073486,6.7480998039245605,6.730000019073486,6.7480998039245605,342.0
2024-03-01 10:52:00,EXAS,59.9900016784668,59.9900016784668,60.0099983215332,59.939998626708984,59.970001220703125,4833.0
2024-03-01 10:52:00,EXEL,22.55500030517578,22.55500030517578,22.55500030517578,22.540000915527344,22.549999237060547,4432.0
2024-03-01 10:52:00,EYEN,2.25,2.25,2.2699999809265137,2.2100000381469727,2.2300000190734863,16123.0
2024-03-01 10:52:00,EYPT,28.260000228881836,28.260000228881836,28.420000076293945,28.260000228881836,28.420000076293945,1105.0
2024-03-01 10:52:00,FATE,7.46999979019165,7.46999979019165,7.5,7.46999979019165,7.5,1085.0
2024-03-01 10:52:00,FBIO,2.2200000286102295,2.2200000286102295,2.2200000286102295,2.2200000286102295,2.2200000286102295,4318.0
2024-03-01 10:52:00,FDMT,29.440000534057617,29.440000534057617,29.440000534057617,29.440000534057617,29.440000534057617,376.0
2024-03-01 10:52:00,FEMY,1.7200000286102295,1.7200000286102295,1.749899983406067,1.7200000286102295,1.749899983406067,7762.0
2024-03-01 10:52:00,FGEN,1.784999966621399,1.784999966621399,1.7899999618530273,1.7799999713897705,1.7899999618530273,2353.0
2024-03-01 10:52:00,FHTX,8.300000190734863,8.300000190734863,8.300000190734863,8.300000190734863,8.300000190734863,101.0
2024-03-01 10:52:00,FIXX,0.9399999976158142,0.9399999976158142,0.9399999976158142,0.9399999976158142,0.9399999976158142,46102.0
2024-03-01 10:52:00,FNCH,2.7799999713897705,2.7799999713897705,2.7799999713897705,2.7799999713897705,2.7799999713897705,100.0
2024-03-01 10:52:00,FOLD,13.574999809265137,13.574999809265137,13.595000267028809,13.574999809265137,13.574999809265137,3550.0
2024-03-01 10:52:00,FULC,10.75,10.75,10.75,10.739999771118164,10.75,662.0
2024-03-01 10:52:00,FUSN,12.020000457763672,12.020000457763672,12.029999732971191,12.020000457763672,12.029999732971191,619.0
2024-03-01 10:52:00,GALT,2.0100998878479004,2.0100998878479004,2.0100998878479004,2.0100998878479004,2.0100998878479004,501.0
2024-03-01 10:52:00,GBIO,2.5899999141693115,2.5899999141693115,2.5899999141693115,2.5899999141693115,2.5899999141693115,0.0
2024-03-01 10:52:00,GCTK,0.2996000051498413,0.2996000051498413,0.30000001192092896,0.2996000051498413,0.30000001192092896,0.0
2024-03-01 10:52:00,GDRX,8.289400100708008,8.289400100708008,8.300000190734863,8.28499984741211,8.300000190734863,2319.0
2024-03-01 10:52:00,GERN,2.134999990463257,2.134999990463257,2.1449999809265137,2.130000114440918,2.1449999809265137,23849.0
2024-03-01 10:52:00,GH,19.219999313354492,19.219999313354492,19.235000610351562,19.209999084472656,19.229999542236328,987.0
2024-03-01 10:52:00,GILD,72.49649810791016,72.49649810791016,72.50499725341797,72.46499633789062,72.4800033569336,5856.0
2024-03-01 10:52:00,GLTO,0.7200000286102295,0.7200000286102295,0.7210000157356262,0.7200000286102295,0.7210000157356262,908.0
2024-03-01 10:52:00,GLUE,6.449999809265137,6.449999809265137,6.449999809265137,6.449999809265137,6.449999809265137,158.0
2024-03-01 10:52:00,GMAB,29.190000534057617,29.190000534057617,29.190000534057617,29.170000076293945,29.170000076293945,418.0
2024-03-01 10:52:00,GNFT,3.5999999046325684,3.5999999046325684,3.5999999046325684,3.5999999046325684,3.5999999046325684,128.0
2024-03-01 10:52:00,GNPX,4.489999771118164,4.489999771118164,4.489999771118164,4.489999771118164,4.489999771118164,360.0
2024-03-01 10:52:00,GOSS,1.3700000047683716,1.3700000047683716,1.3799999952316284,1.3700000047683716,1.3700000047683716,1377.0
2024-03-01 10:52:00,GRFS,6.869999885559082,6.869999885559082,6.882500171661377,6.869999885559082,6.882500171661377,0.0
2024-03-01 10:52:00,GRTS,2.1500000953674316,2.1500000953674316,2.188800096511841,2.1449999809265137,2.188800096511841,15917.0
2024-03-01 10:52:00,GRTX,0.22609999775886536,0.22609999775886536,0.22660000622272491,0.22609999775886536,0.22660000622272491,1525.0
2024-03-01 10:52:00,GTHX,3.4200000762939453,3.4200000762939453,3.440000057220459,3.4140000343322754,3.440000057220459,3373.0
2024-03-01 10:52:00,HALO,41.380001068115234,41.380001068115234,41.459999084472656,41.380001068115234,41.459999084472656,2682.0
2024-03-01 10:52:00,HARP,22.93000030517578,22.93000030517578,22.93000030517578,22.93000030517578,22.93000030517578,626.0
2024-03-01 10:52:00,HCAT,8.010000228881836,8.010000228881836,8.024999618530273,8.0,8.024999618530273,1263.0
2024-03-01 10:52:00,HCSG,12.71500015258789,12.71500015258789,12.71500015258789,12.71500015258789,12.71500015258789,136.0
2024-03-01 10:52:00,HLTH,0.27000001072883606,0.27000001072883606,0.27000001072883606,0.27000001072883606,0.27000001072883606,1530.0
2024-03-01 10:52:00,HOLX,74.01000213623047,74.01000213623047,74.04000091552734,74.01000213623047,74.04000091552734,748.0
2024-03-01 10:52:00,HQY,82.04000091552734,82.04000091552734,82.0875015258789,82.04000091552734,82.08499908447266,436.0
2024-03-01 10:52:00,HRMY,31.450000762939453,31.450000762939453,31.469999313354492,31.450000762939453,31.469999313354492,868.0
2024-03-01 10:52:00,HRTX,2.6500000953674316,2.6500000953674316,2.6600000858306885,2.6500000953674316,2.6500000953674316,4819.0
2024-03-01 10:52:00,HSCS,0.11500000208616257,0.11500000208616257,0.11500000208616257,0.11500000208616257,0.11500000208616257,200.0
2024-03-01 10:52:00,HSIC,77.44000244140625,77.44000244140625,77.44000244140625,77.31999969482422,77.31999969482422,595.0
2024-03-01 10:52:00,HUMA,3.1475000381469727,3.1475000381469727,3.1475000381469727,3.140000104904175,3.1449999809265137,1758.0
2024-03-01 10:52:00,IART,36.939998626708984,36.939998626708984,36.95000076293945,36.90999984741211,36.95000076293945,3820.0
2024-03-01 10:52:00,IBRX,4.900000095367432,4.900000095367432,4.910200119018555,4.900000095367432,4.909999847412109,4706.0
2024-03-01 10:52:00,ICAD,1.8301000595092773,1.8301000595092773,1.8301000595092773,1.8301000595092773,1.8301000595092773,260.0
2024-03-01 10:52:00,ICLR,323.82501220703125,323.82501220703125,323.82501220703125,323.42999267578125,323.42999267578125,1018.0
2024-03-01 10:52:00,IDXX,579.1649780273438,579.1649780273438,579.5599975585938,578.60498046875,579.5599975585938,1759.0
2024-03-01 10:52:00,IFRX,1.840000033378601,1.840000033378601,1.840000033378601,1.840000033378601,1.840000033378601,210.0
2024-03-01 10:52:00,IGMS,13.529999732971191,13.529999732971191,13.604999542236328,13.510000228881836,13.604900360107422,4274.0
2024-03-01 10:52:00,ILMN,141.55999755859375,141.55999755859375,141.69000244140625,141.49000549316406,141.69000244140625,2350.0
2024-03-01 10:52:00,IMAB,1.840000033378601,1.840000033378601,1.840000033378601,1.840000033378601,1.840000033378601,1102.0
2024-03-01 10:52:00,IMCR,68.29499816894531,68.29499816894531,68.29499816894531,68.29499816894531,68.29499816894531,189.0
2024-03-01 10:52:00,IMMX,3.5399999618530273,3.5399999618530273,3.5399999618530273,3.5100998878479004,3.5100998878479004,695.0
2024-03-01 10:52:00,IMNM,25.299999237060547,25.299999237060547,25.440000534057617,25.299999237060547,25.440000534057617,3723.0
2024-03-01 10:52:00,IMUX,1.5299999713897705,1.5299999713897705,1.5449999570846558,1.5299999713897705,1.5399999618530273,3308.0
2024-03-01 10:52:00,IMVT,36.36000061035156,36.36000061035156,36.3849983215332,36.349998474121094,36.3849983215332,1108.0
2024-03-01 10:52:00,INBX,36.970001220703125,36.970001220703125,37.04999923706055,36.970001220703125,37.04999923706055,993.0
2024-03-01 10:52:00,INCY,59.54840087890625,59.54840087890625,59.630001068115234,59.52000045776367,59.56999969482422,6146.0
2024-03-01 10:52:00,INDP,2.0299999713897705,2.0299999713897705,2.0299999713897705,2.0299999713897705,2.0299999713897705,200.0
2024-03-01 10:52:00,INGN,6.809999942779541,6.809999942779541,6.809999942779541,6.809999942779541,6.809999942779541,1411.0
2024-03-01 10:52:00,INMD,22.969999313354492,22.969999313354492,23.0,22.969999313354492,22.979999542236328,2058.0
2024-03-01 10:52:00,INO,8.930000305175781,8.930000305175781,8.930000305175781,8.930000305175781,8.930000305175781,288.0
2024-03-01 10:52:00,INSM,28.420000076293945,28.420000076293945,28.420000076293945,28.420000076293945,28.420000076293945,315.0
2024-03-01 10:52:00,INVA,15.550000190734863,15.550000190734863,15.585000038146973,15.539999961853027,15.585000038146973,2756.0
2024-03-01 10:52:00,INVO,1.190000057220459,1.190000057220459,1.190000057220459,1.190000057220459,1.190000057220459,1552.0
2024-03-01 10:52:00,INZY,6.510000228881836,6.510000228881836,6.510000228881836,6.510000228881836,6.510000228881836,161.0
2024-03-01 10:52:00,IONS,46.0099983215332,46.0099983215332,46.0099983215332,46.0099983215332,46.0099983215332,620.0
2024-03-01 10:52:00,IOVA,16.55500030517578,16.55500030517578,16.59000015258789,16.549999237060547,16.59000015258789,12917.0
2024-03-01 10:52:00,IPA,1.8799999952316284,1.8799999952316284,1.8799999952316284,1.8583999872207642,1.8589999675750732,4577.0
2024-03-01 10:52:00,IRTC,119.99500274658203,119.99500274658203,119.99500274658203,119.99500274658203,119.99500274658203,432.0
2024-03-01 10:52:00,IRWD,8.944999694824219,8.944999694824219,8.944999694824219,8.925000190734863,8.927499771118164,7300.0
2024-03-01 10:52:00,ISRG,391.70001220703125,391.70001220703125,391.8999938964844,391.54998779296875,391.8800048828125,2276.0
2024-03-01 10:52:00,ITCI,71.4000015258789,71.4000015258789,71.41000366210938,71.4000015258789,71.41000366210938,385.0
2024-03-01 10:52:00,ITOS,10.739999771118164,10.739999771118164,10.739999771118164,10.739999771118164,10.739999771118164,532.0
2024-03-01 10:52:00,JAGX,0.08730000257492065,0.08730000257492065,0.08799999952316284,0.0835999995470047,0.08410000056028366,2093674.0
2024-03-01 10:52:00,JANX,47.095001220703125,47.095001220703125,47.099998474121094,47.03010177612305,47.03010177612305,1670.0
2024-03-01 10:52:00,JAZZ,120.0199966430664,120.0199966430664,120.23999786376953,120.0199966430664,120.23999786376953,774.0
2024-03-01 10:52:00,KNSA,21.86989974975586,21.86989974975586,21.86989974975586,21.86989974975586,21.86989974975586,218.0
2024-03-01 10:52:00,KNTE,2.6050000190734863,2.6050000190734863,2.6050000190734863,2.6050000190734863,2.6050000190734863,300.0
2024-03-01 10:52:00,KOD,6.119999885559082,6.119999885559082,6.119999885559082,6.119999885559082,6.119999885559082,598.0
2024-03-01 10:52:00,KPTI,1.225000023841858,1.225000023841858,1.225000023841858,1.225000023841858,1.225000023841858,962.0
2024-03-01 10:52:00,KRON,1.0399999618530273,1.0399999618530273,1.0399999618530273,1.034999966621399,1.034999966621399,581.0
2024-03-01 10:52:00,KRTX,316.44000244140625,316.44000244140625,316.44000244140625,316.2449951171875,316.260009765625,1053.0
2024-03-01 10:52:00,KRYS,168.64999389648438,168.64999389648438,168.9199981689453,168.64999389648438,168.9199981689453,821.0
2024-03-01 10:52:00,KTRA,0.10239999741315842,0.10239999741315842,0.10239999741315842,0.10199999809265137,0.10199999809265137,5904.0
2024-03-01 10:52:00,KURA,21.290000915527344,21.290000915527344,21.34000015258789,21.280000686645508,21.34000015258789,10989.0
2024-03-01 10:52:00,KYMR,44.470001220703125,44.470001220703125,44.84000015258789,44.470001220703125,44.84000015258789,4810.0
2024-03-01 10:52:00,KZR,1.125,1.125,1.1349999904632568,1.125,1.1298999786376953,21397.0
2024-03-01 10:52:00,LAB,2.365000009536743,2.365000009536743,2.369999885559082,2.365000009536743,2.369999885559082,1054.0
2024-03-01 10:52:00,LEGN,65.94000244140625,65.94000244140625,66.0,65.94000244140625,66.0,1048.0
2024-03-01 10:52:00,LEXX,2.549999952316284,2.549999952316284,2.549999952316284,2.549999952316284,2.549999952316284,0.0
2024-03-01 10:52:00,LFLY,3.0,3.0,3.0,3.0,3.0,0.0
2024-03-01 10:52:00,LFST,8.0,8.0,8.015000343322754,8.0,8.015000343322754,7661.0
2024-03-01 10:52:00,LIAN,4.860599994659424,4.860599994659424,4.869900226593018,4.860599994659424,4.869900226593018,910.0
2024-03-01 10:52:00,LIVN,55.040000915527344,55.040000915527344,55.09000015258789,55.040000915527344,55.09000015258789,1048.0
2024-03-01 10:52:00,LIXT,2.450000047683716,2.450000047683716,2.450000047683716,2.450000047683716,2.450000047683716,100.0
2024-03-01 10:52:00,LPCN,3.890000104904175,3.890000104904175,3.890000104904175,3.890000104904175,3.890000104904175,276.0
2024-03-01 10:52:00,LPTX,2.869999885559082,2.869999885559082,2.869999885559082,2.869999885559082,2.869999885559082,804.0
2024-03-01 10:52:00,LQDA,14.5,14.5,14.510000228881836,14.5,14.510000228881836,1007.0
2024-03-01 10:52:00,LVTX,2.9800000190734863,2.9800000190734863,3.0065999031066895,2.9800000190734863,3.0,9505.0
2024-03-01 10:52:00,LXRX,2.4200000762939453,2.4200000762939453,2.430999994277954,2.4200000762939453,2.430999994277954,5879.0
2024-03-01 10:52:00,LYEL,3.148900032043457,3.148900032043457,3.1500000953674316,3.1449999809265137,3.1500000953674316,762.0
2024-03-01 10:52:00,MASI,127.01000213623047,127.01000213623047,127.01000213623047,127.0,127.01000213623047,687.0
2024-03-01 10:52:00,MASS,7.369999885559082,7.369999885559082,7.389999866485596,7.369999885559082,7.389999866485596,1114.0
2024-03-01 10:52:00,MCRB,1.2000000476837158,1.2000000476837158,1.2000000476837158,1.190000057220459,1.190000057220459,6214.0
2024-03-01 10:52:00,MDGL,242.00999450683594,242.00999450683594,242.17999267578125,241.85000610351562,242.17999267578125,1202.0
2024-03-01 10:52:00,MDRX,5.75029993057251,5.75029993057251,5.849999904632568,5.75,5.849999904632568,5407.0
2024-03-01 10:52:00,MDXG,8.494999885559082,8.494999885559082,8.515000343322754,8.494999885559082,8.505000114440918,10927.0
2024-03-01 10:52:00,ME,0.5806000232696533,0.5806000232696533,0.5835000276565552,0.5806000232696533,0.5813000202178955,26040.0
2024-03-01 10:52:00,MGNX,19.182899475097656,19.182899475097656,19.204999923706055,19.110000610351562,19.204999923706055,2292.0
2024-03-01 10:52:00,MIRM,29.834999084472656,29.834999084472656,29.8799991607666,29.834999084472656,29.8799991607666,308.0
2024-03-01 10:52:00,MLTX,51.220001220703125,51.220001220703125,51.220001220703125,51.220001220703125,51.220001220703125,262.0
2024-03-01 10:52:00,MNKD,4.572700023651123,4.572700023651123,4.599999904632568,4.570099830627441,4.599999904632568,14971.0
2024-03-01 10:52:00,MNMD,5.889999866485596,5.889999866485596,5.900000095367432,5.889999866485596,5.900000095367432,638.0
2024-03-01 10:52:00,MORF,38.65999984741211,38.65999984741211,38.65999984741211,38.63999938964844,38.65999984741211,688.0
2024-03-01 10:52:00,MOTS,0.67330002784729,0.67330002784729,0.67330002784729,0.67330002784729,0.67330002784729,80.0
2024-03-01 10:52:00,MREO,3.880000114440918,3.880000114440918,3.884999990463257,3.880000114440918,3.884999990463257,6383.0
2024-03-01 10:52:00,MRNA,95.36000061035156,95.36000061035156,95.5999984741211,95.30999755859375,95.5999984741211,6098.0
2024-03-01 10:52:00,MRNS,9.789999961853027,9.789999961853027,9.8100004196167,9.789999961853027,9.8100004196167,480.0
2024-03-01 10:52:00,MRSN,5.795000076293945,5.795000076293945,5.815000057220459,5.75,5.809999942779541,3009.0
2024-03-01 10:52:00,MRUS,49.93000030517578,49.93000030517578,49.970001220703125,49.86000061035156,49.970001220703125,1868.0
2024-03-01 10:52:00,MRVI,7.840000152587891,7.840000152587891,7.840000152587891,7.840000152587891,7.840000152587891,316.0
2024-03-01 10:52:00,MXCT,4.769899845123291,4.769899845123291,4.769899845123291,4.769899845123291,4.769899845123291,200.0
2024-03-01 10:52:00,MYGN,21.559999465942383,21.559999465942383,21.559999465942383,21.520000457763672,21.520000457763672,1466.0
2024-03-01 10:52:00,NARI,45.54999923706055,45.54999923706055,45.619998931884766,45.54999923706055,45.61000061035156,5618.0
2024-03-01 10:52:00,NAUT,2.6500000953674316,2.6500000953674316,2.6500000953674316,2.6500000953674316,2.6500000953674316,200.0
2024-03-01 10:52:00,NBIX,130.97999572753906,130.97999572753906,130.9875030517578,130.97999572753906,130.97999572753906,780.0
2024-03-01 10:52:00,NEO,16.079999923706055,16.079999923706055,16.079999923706055,16.079999923706055,16.079999923706055,126.0
2024-03-01 10:52:00,NEOG,17.19499969482422,17.19499969482422,17.200000762939453,17.19499969482422,17.200000762939453,450.0
2024-03-01 10:52:00,NGM,1.5299999713897705,1.5299999713897705,1.534999966621399,1.5299999713897705,1.534999966621399,870.0
2024-03-01 10:52:00,NKTR,0.7401000261306763,0.7401000261306763,0.7401000261306763,0.7401000261306763,0.7401000261306763,202.0
2024-03-01 10:52:00,NKTX,12.4399995803833,12.4399995803833,12.510000228881836,12.4399995803833,12.510000228881836,1407.0
2024-03-01 10:52:00,NNOX,10.979999542236328,10.979999542236328,11.0,10.971400260925293,10.990099906921387,4747.0
2024-03-01 10:52:00,NOTV,7.909999847412109,7.909999847412109,7.909999847412109,7.900000095367432,7.900000095367432,1340.0
2024-03-01 10:52:00,NRBO,5.690000057220459,5.690000057220459,5.690000057220459,5.690000057220459,5.690000057220459,0.0
2024-03-01 10:52:00,NRIX,13.300000190734863,13.300000190734863,13.309700012207031,13.260000228881836,13.305000305175781,4342.0
2024-03-01 10:52:00,NRSN,1.989400029182434,1.989400029182434,2.0,1.989400029182434,2.0,304.0
2024-03-01 10:52:00,NRXP,0.4399000108242035,0.4399000108242035,0.4399000108242035,0.4350000023841858,0.4350000023841858,2440.0
2024-03-01 10:52:00,NTLA,33.369998931884766,33.369998931884766,33.525001525878906,33.369998931884766,33.525001525878906,2225.0
2024-03-01 10:52:00,NTRA,89.2300033569336,89.2300033569336,89.2699966430664,89.16000366210938,89.16999816894531,3802.0
2024-03-01 10:52:00,NUVL,87.7300033569336,87.7300033569336,87.9800033569336,87.7300033569336,87.9800033569336,679.0
2024-03-01 10:52:00,NVAX,5.230000019073486,5.230000019073486,5.288300037384033,5.230000019073486,5.280099868774414,53339.0
2024-03-01 10:52:00,NVCR,16.030000686645508,16.030000686645508,16.030000686645508,15.920000076293945,15.920000076293945,3613.0
2024-03-01 10:52:00,NXTC,1.784999966621399,1.784999966621399,1.784999966621399,1.784999966621399,1.784999966621399,0.0
2024-03-01 10:52:00,OCUL,10.300000190734863,10.300000190734863,10.362099647521973,10.300000190734863,10.362099647521973,4303.0
2024-03-01 10:52:00,OLMA,12.760000228881836,12.760000228881836,12.760000228881836,12.760000228881836,12.760000228881836,596.0
2024-03-01 10:52:00,OM,3.0899999141693115,3.0899999141693115,3.0999999046325684,3.0899999141693115,3.0999999046325684,1611.0
2024-03-01 10:52:00,OMCL,26.3799991607666,26.3799991607666,26.420000076293945,26.3799991607666,26.420000076293945,1088.0
2024-03-01 10:52:00,OMER,4.730000019073486,4.730000019073486,4.75,4.730000019073486,4.75,630.0
2024-03-01 10:53:00,AADI,1.9900000095367432,1.9900000095367432,1.9900000095367432,1.9800000190734863,1.9800000190734863,508.0
2024-03-01 10:53:00,ABCL,5.1433000564575195,5.1433000564575195,5.150000095367432,5.1433000564575195,5.150000095367432,997.0
2024-03-01 10:53:00,ABEO,7.380000114440918,7.380000114440918,7.425000190734863,7.380000114440918,7.425000190734863,233.0
2024-03-01 10:53:00,ABOS,4.635000228881836,4.635000228881836,4.639999866485596,4.630000114440918,4.639999866485596,5205.0
2024-03-01 10:53:00,ABSI,5.170000076293945,5.170000076293945,5.170000076293945,5.170000076293945,5.170000076293945,546.0
2024-03-01 10:53:00,ABUS,2.7850000858306885,2.7850000858306885,2.7899999618530273,2.7850000858306885,2.7899999618530273,2088.0
2024-03-01 10:53:00,ACAD,24.06999969482422,24.06999969482422,24.170000076293945,24.06999969482422,24.170000076293945,2439.0
2024-03-01 10:53:00,ACB,3.0701000690460205,3.0701000690460205,3.0799999237060547,3.0701000690460205,3.0799999237060547,685.0
2024-03-01 10:53:00,ACCD,10.1899995803833,10.1899995803833,10.1899995803833,10.1899995803833,10.1899995803833,210.0
2024-03-01 10:53:00,ACET,2.375,2.375,2.375,2.375,2.375,359.0
2024-03-01 10:53:00,ACHC,83.88500213623047,83.88500213623047,83.88500213623047,83.88500213623047,83.88500213623047,607.0
2024-03-01 10:53:00,ACLX,68.25,68.25,68.4000015258789,68.25,68.25,17046.0
2024-03-01 10:53:00,ACON,0.39500001072883606,0.39500001072883606,0.39500001072883606,0.39500001072883606,0.39500001072883606,25900.0
2024-03-01 10:53:00,ACRS,1.2300000190734863,1.2300000190734863,1.2300000190734863,1.2300000190734863,1.2300000190734863,731.0
2024-03-01 10:53:00,ADIL,3.3489999771118164,3.3489999771118164,3.3499999046325684,3.2799999713897705,3.3299999237060547,47723.0
2024-03-01 10:53:00,ADMA,5.385000228881836,5.385000228881836,5.389999866485596,5.385000228881836,5.385000228881836,972.0
2024-03-01 10:53:00,ADPT,4.215000152587891,4.215000152587891,4.21999979019165,4.210000038146973,4.21999979019165,954.0
2024-03-01 10:53:00,ADUS,92.80999755859375,92.80999755859375,92.80999755859375,92.80999755859375,92.80999755859375,140.0
2024-03-01 10:53:00,ADVM,1.9299999475479126,1.9299999475479126,1.9299999475479126,1.9199999570846558,1.9258999824523926,1338.0
2024-03-01 10:53:00,AGEN,0.6700000166893005,0.6700000166893005,0.6712999939918518,0.6700000166893005,0.6712999939918518,26492.0
2024-03-01 10:53:00,AGIO,32.93000030517578,32.93000030517578,32.994998931884766,32.93000030517578,32.98400115966797,2071.0
2024-03-01 10:53:00,AHCO,10.600000381469727,10.600000381469727,10.600000381469727,10.595000267028809,10.595000267028809,1781.0
2024-03-01 10:53:00,AIRS,6.514999866485596,6.514999866485596,6.514999866485596,6.514999866485596,6.514999866485596,423.0
2024-03-01 10:53:00,AKAN,0.25060001015663147,0.25060001015663147,0.25060001015663147,0.25049999356269836,0.25049999356269836,1801.0
2024-03-01 10:53:00,AKBA,1.6591999530792236,1.6591999530792236,1.6591999530792236,1.6549999713897705,1.6549999713897705,6736.0
2024-03-01 10:53:00,AKLI,0.3449999988079071,0.3449999988079071,0.3479999899864197,0.3449999988079071,0.3465000092983246,1979.0
2024-03-01 10:53:00,AKRO,29.059999465942383,29.059999465942383,29.059999465942383,28.969999313354492,28.969999313354492,349.0
2024-03-01 10:53:00,ALDX,4.090000152587891,4.090000152587891,4.090099811553955,4.090000152587891,4.090099811553955,5201.0
2024-03-01 10:53:00,ALEC,7.525000095367432,7.525000095367432,7.525000095367432,7.512700080871582,7.519999980926514,800.0
2024-03-01 10:53:00,ALGN,300.82000732421875,300.82000732421875,300.82000732421875,300.82000732421875,300.82000732421875,224.0
2024-03-01 10:53:00,ALGS,1.0,1.0,1.0199999809265137,1.0,1.0199999809265137,500.0
2024-03-01 10:53:00,ALHC,5.739999771118164,5.739999771118164,5.75,5.739999771118164,5.75,515.0
2024-03-01 10:53:00,ALKS,30.149999618530273,30.149999618530273,30.149999618530273,30.149999618530273,30.149999618530273,421.0
2024-03-01 10:53:00,ALLK,1.600000023841858,1.600000023841858,1.6050000190734863,1.600000023841858,1.6050000190734863,1029.0
2024-03-01 10:53:00,ALLO,4.989999771118164,4.989999771118164,4.989999771118164,4.989999771118164,4.989999771118164,858.0
2024-03-01 10:53:00,ALNY,155.49000549316406,155.49000549316406,155.65499877929688,155.49000549316406,155.65499877929688,841.0
2024-03-01 10:53:00,ALPN,36.150001525878906,36.150001525878906,36.15999984741211,36.150001525878906,36.15999984741211,966.0
2024-03-01 10:53:00,ALT,12.260000228881836,12.260000228881836,12.289999961853027,12.239999771118164,12.249699592590332,7174.0
2024-03-01 10:53:00,ALVR,0.7548999786376953,0.7548999786376953,0.7548999786376953,0.7548999786376953,0.7548999786376953,0.0
2024-03-01 10:53:00,ALXO,15.170000076293945,15.170000076293945,15.170000076293945,15.170000076293945,15.170000076293945,123.0
2024-03-01 10:53:00,AMED,93.41999816894531,93.41999816894531,93.41999816894531,93.41999816894531,93.41999816894531,535.0
2024-03-01 10:53:00,AMGN,280.860107421875,280.860107421875,280.989990234375,280.82000732421875,280.989990234375,3140.0
2024-03-01 10:53:00,AMLX,18.770000457763672,18.770000457763672,18.770000457763672,18.75,18.75,381.0
2024-03-01 10:53:00,AMPH,45.5546989440918,45.5546989440918,45.58039855957031,45.54499816894531,45.58039855957031,2759.0
2024-03-01 10:53:00,AMRN,1.0449999570846558,1.0449999570846558,1.0489000082015991,1.0399999618530273,1.0449999570846558,1906.0
2024-03-01 10:53:00,ANGO,5.434999942779541,5.434999942779541,5.454999923706055,5.434999942779541,5.454999923706055,693.0
2024-03-01 10:53:00,ANNX,5.880000114440918,5.880000114440918,5.929999828338623,5.880000114440918,5.929999828338623,6239.0
2024-03-01 10:53:00,ANTX,2.95740008354187,2.95740008354187,2.9598000049591064,2.95740008354187,2.9598000049591064,2859.0
2024-03-01 10:53:00,APLS,64.44499969482422,64.44499969482422,64.4800033569336,64.41000366210938,64.44499969482422,1714.0
2024-03-01 10:53:00,APLT,7.119999885559082,7.119999885559082,7.139100074768066,7.119999885559082,7.139100074768066,1237.0
2024-03-01 10:53:00,AQST,4.269999980926514,4.269999980926514,4.291299819946289,4.260000228881836,4.275000095367432,11330.0
2024-03-01 10:53:00,ARAY,2.6201000213623047,2.6201000213623047,2.6201000213623047,2.6201000213623047,2.6201000213623047,2030.0
2024-03-01 10:53:00,ARCT,39.810001373291016,39.810001373291016,39.83000183105469,39.79999923706055,39.83000183105469,532.0
2024-03-01 10:53:00,ARDX,9.539999961853027,9.539999961853027,9.550000190734863,9.539999961853027,9.550000190734863,2547.0
2024-03-01 10:53:00,ARGX,391.57000732421875,391.57000732421875,391.70001220703125,391.4800109863281,391.69000244140625,949.0
2024-03-01 10:53:00,ARQT,11.1899995803833,11.1899995803833,11.225000381469727,11.1899995803833,11.220000267028809,3694.0
2024-03-01 10:53:00,ARVN,50.685001373291016,50.685001373291016,50.75,50.578399658203125,50.75,936.0
2024-03-01 10:53:00,ARWR,34.97999954223633,34.97999954223633,35.09000015258789,34.93000030517578,35.09000015258789,22085.0
2024-03-01 10:53:00,ASND,148.99000549316406,148.99000549316406,148.99000549316406,148.97000122070312,148.97500610351562,521.0
2024-03-01 10:53:00,ASRT,0.9200000166893005,0.9200000166893005,0.9200000166893005,0.9200000166893005,0.9200000166893005,800.0
2024-03-01 10:53:00,ATAI,2.0130999088287354,2.0130999088287354,2.0130999088287354,2.0130999088287354,2.0130999088287354,200.0
2024-03-01 10:53:00,ATEC,13.449999809265137,13.449999809265137,13.460000038146973,13.449999809265137,13.460000038146973,2596.0
2024-03-01 10:53:00,ATHA,3.984999895095825,3.984999895095825,4.019999980926514,3.984999895095825,3.984999895095825,12610.0
2024-03-01 10:53:00,ATNF,3.3427999019622803,3.3427999019622803,3.3427999019622803,3.3427999019622803,3.3427999019622803,538.0
2024-03-01 10:53:00,ATRA,0.8126999735832214,0.8126999735832214,0.8199999928474426,0.8101999759674072,0.819100022315979,1301.0
2024-03-01 10:53:00,ATRC,35.82500076293945,35.82500076293945,35.82500076293945,35.82500076293945,35.82500076293945,161.0
2024-03-01 10:53:00,ATXS,15.100000381469727,15.100000381469727,15.100000381469727,15.100000381469727,15.100000381469727,265.0
2024-03-01 10:53:00,AUPH,5.809999942779541,5.809999942779541,5.824999809265137,5.809999942779541,5.824999809265137,1915.0
2024-03-01 10:53:00,AUTL,6.139999866485596,6.139999866485596,6.179999828338623,6.139999866485596,6.179999828338623,578.0
2024-03-01 10:53:00,AVAH,2.3550000190734863,2.3550000190734863,2.3550000190734863,2.3550000190734863,2.3550000190734863,783.0
2024-03-01 10:53:00,AVDL,12.75,12.75,12.789999961853027,12.75,12.779999732971191,4575.0
2024-03-01 10:53:00,AVGR,3.759999990463257,3.759999990463257,3.759999990463257,3.759999990463257,3.759999990463257,0.0
2024-03-01 10:53:00,AVIR,4.364999771118164,4.364999771118164,4.364999771118164,4.364999771118164,4.364999771118164,323.0
2024-03-01 10:53:00,AVTE,22.559999465942383,22.559999465942383,22.559999465942383,22.559999465942383,22.559999465942383,200.0
2024-03-01 10:53:00,AVXL,5.335000038146973,5.335000038146973,5.349999904632568,5.335000038146973,5.349999904632568,1450.0
2024-03-01 10:53:00,AXSM,83.93499755859375,83.93499755859375,83.93499755859375,83.93499755859375,83.93499755859375,206.0
2024-03-01 10:53:00,AZN,64.63999938964844,64.63999938964844,64.66000366210938,64.63999938964844,64.66000366210938,1996.0
2024-03-01 10:53:00,AZTA,66.4800033569336,66.4800033569336,66.6449966430664,66.44000244140625,66.56999969482422,3150.0
2024-03-01 10:53:00,BBIO,36.16999816894531,36.16999816894531,36.16999816894531,36.16999816894531,36.16999816894531,132.0
2024-03-01 10:53:00,BCAB,2.819999933242798,2.819999933242798,2.819999933242798,2.819999933242798,2.819999933242798,200.0
2024-03-01 10:53:00,BCDA,0.5598999857902527,0.5598999857902527,0.5600000023841858,0.5550000071525574,0.5550000071525574,47725.0
2024-03-01 10:53:00,BCRX,5.864999771118164,5.864999771118164,5.880000114440918,5.864999771118164,5.880000114440918,4538.0
2024-03-01 10:53:00,BDSX,1.659999966621399,1.659999966621399,1.659999966621399,1.659999966621399,1.659999966621399,110.0
2024-03-01 10:53:00,BDTX,5.0,5.0,5.034999847412109,5.0,5.03000020980835,1093.0
2024-03-01 10:53:00,BEAM,40.595001220703125,40.595001220703125,40.66999816894531,40.4900016784668,40.66999816894531,3652.0
2024-03-01 10:53:00,BIIB,220.1999969482422,220.1999969482422,220.1999969482422,220.0800018310547,220.08999633789062,3360.0
2024-03-01 10:53:00,BIOL,0.13940000534057617,0.13940000534057617,0.13940000534057617,0.13940000534057617,0.13940000534057617,509.0
2024-03-01 10:53:00,BIOR,1.2400000095367432,1.2400000095367432,1.2400000095367432,1.2300000190734863,1.2300000190734863,805.0
2024-03-01 10:53:00,BIVI,2.380000114440918,2.380000114440918,2.405100107192993,2.380000114440918,2.4000000953674316,42512.0
2024-03-01 10:53:00,BLFS,17.8799991607666,17.8799991607666,17.920000076293945,17.8799991607666,17.920000076293945,566.0
2024-03-01 10:53:00,BLUE,1.6150000095367432,1.6150000095367432,1.6305999755859375,1.6150000095367432,1.6305999755859375,0.0
2024-03-01 10:53:00,BMEA,17.719999313354492,17.719999313354492,17.760000228881836,17.719999313354492,17.760000228881836,400.0
2024-03-01 10:53:00,BMRN,86.69000244140625,86.69000244140625,86.69000244140625,86.69000244140625,86.69000244140625,103.0
2024-03-01 10:53:00,BNTC,5.019999980926514,5.019999980926514,5.099999904632568,5.019999980926514,5.099999904632568,800.0
2024-03-01 10:53:00,BNTX,91.6500015258789,91.6500015258789,91.6500015258789,91.6500015258789,91.6500015258789,217.0
2024-03-01 10:53:00,BOLT,1.1800999641418457,1.1800999641418457,1.1800999641418457,1.1800999641418457,1.1800999641418457,5606.0
2024-03-01 10:53:00,BPMC,97.0999984741211,97.0999984741211,97.1500015258789,97.03500366210938,97.09500122070312,4195.0
2024-03-01 10:53:00,BRKR,87.58000183105469,87.58000183105469,87.70999908447266,87.58000183105469,87.66000366210938,1572.0
2024-03-01 10:53:00,BRTX,1.4997999668121338,1.4997999668121338,1.499899983406067,1.4950000047683716,1.499899983406067,991.0
2024-03-01 10:53:00,BTAI,3.2499001026153564,3.2499001026153564,3.25,3.2499001026153564,3.25,1342.0
2024-03-01 10:53:00,BTCY,0.9405999779701233,0.9405999779701233,0.9405999779701233,0.9405999779701233,0.9405999779701233,1000.0
2024-03-01 10:53:00,BTTX,0.16899999976158142,0.16899999976158142,0.16940000653266907,0.16899999976158142,0.16910000145435333,8062.0
2024-03-01 10:53:00,BVS,4.679999828338623,4.679999828338623,4.679999828338623,4.679999828338623,4.679999828338623,274.0
2024-03-01 10:53:00,CABA,23.96500015258789,23.96500015258789,24.0,23.96500015258789,24.0,502.0
2024-03-01 10:53:00,CBAY,32.220001220703125,32.220001220703125,32.220001220703125,32.21500015258789,32.21500015258789,1791.0
2024-03-01 10:53:00,CCCC,11.070099830627441,11.070099830627441,11.070099830627441,11.029999732971191,11.03499984741211,3453.0
2024-03-01 10:53:00,CCRN,18.020000457763672,18.020000457763672,18.020000457763672,18.020000457763672,18.020000457763672,196.0
2024-03-01 10:53:00,CDMO,8.149999618530273,8.149999618530273,8.149999618530273,8.140000343322754,8.140000343322754,1215.0
2024-03-01 10:53:00,CDXS,4.375,4.375,4.414999961853027,4.375,4.414999961853027,717.0
2024-03-01 10:53:00,CERE,41.2400016784668,41.2400016784668,41.244998931884766,41.2400016784668,41.244998931884766,8811.0
2024-03-01 10:53:00,CERS,2.200500011444092,2.200500011444092,2.2049999237060547,2.200500011444092,2.2049999237060547,1200.0
2024-03-01 10:53:00,CGC,3.244999885559082,3.244999885559082,3.265000104904175,3.244999885559082,3.259999990463257,5940.0
2024-03-01 10:53:00,CGEM,18.84000015258789,18.84000015258789,18.84000015258789,18.84000015258789,18.84000015258789,281.0
2024-03-01 10:53:00,CLDX,52.45000076293945,52.45000076293945,52.564998626708984,52.45000076293945,52.5099983215332,1226.0
2024-03-01 10:53:00,CLNN,0.39500001072883606,0.39500001072883606,0.39500001072883606,0.39489999413490295,0.39489999413490295,1688.0
2024-03-01 10:53:00,CLOV,0.8661999702453613,0.8661999702453613,0.8665000200271606,0.8652999997138977,0.8665000200271606,10895.0
2024-03-01 10:53:00,CLPT,6.5,6.5,6.519899845123291,6.5,6.519899845123291,2275.0
2024-03-01 10:53:00,CLRB,4.067699909210205,4.067699909210205,4.067699909210205,4.067699909210205,4.067699909210205,102.0
2024-03-01 10:53:00,CMMB,0.6584500074386597,0.6584500074386597,0.6585000157356262,0.6584500074386597,0.6585000157356262,23954.0
2024-03-01 10:53:00,CMPS,10.75,10.75,10.829999923706055,10.75,10.829999923706055,733.0
2024-03-01 10:53:00,CMPX,1.944000005722046,1.944000005722046,1.944000005722046,1.944000005722046,1.944000005722046,246.0
2024-03-01 10:53:00,CMRX,1.125,1.125,1.125,1.125,1.125,5600.0
2024-03-01 10:53:00,CNSP,0.3296000063419342,0.3296000063419342,0.33559998869895935,0.3296000063419342,0.33009999990463257,8790.0
2024-03-01 10:53:00,COGT,7.284999847412109,7.284999847412109,7.295000076293945,7.28000020980835,7.295000076293945,1538.0
2024-03-01 10:53:00,COLL,37.2599983215332,37.2599983215332,37.2599983215332,37.2599983215332,37.2599983215332,477.0
2024-03-01 10:53:00,CORT,23.790000915527344,23.790000915527344,23.860000610351562,23.770000457763672,23.860000610351562,5898.0
2024-03-01 10:53:00,CPRX,17.299999237060547,17.299999237060547,17.365800857543945,17.299999237060547,17.365800857543945,5217.0
2024-03-01 10:53:00,CRBP,31.489999771118164,31.489999771118164,31.489999771118164,31.489999771118164,31.489999771118164,148.0
2024-03-01 10:53:00,CRBU,8.140000343322754,8.140000343322754,8.140000343322754,8.140000343322754,8.140000343322754,600.0
2024-03-01 10:53:00,CRDF,2.4558000564575195,2.4558000564575195,2.4842000007629395,2.430000066757202,2.4842000007629395,47396.0
2024-03-01 10:53:00,CRDL,1.899999976158142,1.899999976158142,1.9299999475479126,1.899999976158142,1.909999966621399,13360.0
2024-03-01 10:53:00,CRMD,3.684999942779541,3.684999942779541,3.700000047683716,3.684999942779541,3.700000047683716,2469.0
2024-03-01 10:53:00,CRNX,46.040000915527344,46.040000915527344,46.040000915527344,45.994998931884766,45.994998931884766,504.0
2024-03-01 10:53:00,CRON,2.055000066757202,2.055000066757202,2.055000066757202,2.049999952316284,2.055000066757202,2520.0
2024-03-01 10:53:00,CRSP,85.91000366210938,85.91000366210938,86.14600372314453,85.9000015258789,86.12999725341797,5027.0
2024-03-01 10:53:00,CSTL,20.075000762939453,20.075000762939453,20.09000015258789,20.049999237060547,20.075000762939453,1380.0
2024-03-01 10:53:00,CTKB,8.229999542236328,8.229999542236328,8.270000457763672,8.220000267028809,8.270000457763672,1375.0
2024-03-01 10:53:00,CTMX,2.490000009536743,2.490000009536743,2.5,2.490000009536743,2.5,1971.0
2024-03-01 10:53:00,CTSO,0.9900000095367432,0.9900000095367432,0.9900000095367432,0.9603000283241272,0.9603000283241272,2753.0
2024-03-01 10:53:00,CUTR,2.3350000381469727,2.3350000381469727,2.3350000381469727,2.3350000381469727,2.3350000381469727,200.0
2024-03-01 10:53:00,CVAC,3.490000009536743,3.490000009536743,3.490000009536743,3.490000009536743,3.490000009536743,646.0
2024-03-01 10:53:00,CVRX,19.799999237060547,19.799999237060547,19.799999237060547,19.790000915527344,19.790000915527344,349.0
2024-03-01 10:53:00,CYTK,74.76000213623047,74.76000213623047,74.81500244140625,74.76000213623047,74.81500244140625,306.0
2024-03-01 10:53:00,CYTO,2.0299999713897705,2.0299999713897705,2.109999895095825,2.0199999809265137,2.102799892425537,6306.0
2024-03-01 10:53:00,DAWN,17.260000228881836,17.260000228881836,17.280000686645508,17.260000228881836,17.280000686645508,332.0
2024-03-01 10:53:00,DCGO,4.119999885559082,4.119999885559082,4.139999866485596,4.119999885559082,4.139999866485596,4860.0
2024-03-01 10:53:00,DCPH,17.104999542236328,17.104999542236328,17.104999542236328,17.104999542236328,17.104999542236328,293.0
2024-03-01 10:53:00,DH,9.0600004196167,9.0600004196167,9.0600004196167,9.0600004196167,9.0600004196167,1012.0
2024-03-01 10:53:00,DMTK,0.8598999977111816,0.8598999977111816,0.8598999977111816,0.8450999855995178,0.8525000214576721,2911.0
2024-03-01 10:53:00,DNLI,20.795000076293945,20.795000076293945,20.809999465942383,20.795000076293945,20.809999465942383,621.0
2024-03-01 10:53:00,DSGN,2.890000104904175,2.890000104904175,2.8949999809265137,2.890000104904175,2.8949999809265137,802.0
2024-03-01 10:53:00,DTIL,12.86989974975586,12.86989974975586,12.86989974975586,12.86989974975586,12.86989974975586,214.0
2024-03-01 10:53:00,DVAX,12.805000305175781,12.805000305175781,12.810199737548828,12.800000190734863,12.8100004196167,2093.0
2024-03-01 10:53:00,DXCM,118.87000274658203,118.87000274658203,118.9000015258789,118.70999908447266,118.76000213623047,8476.0
2024-03-01 10:53:00,DYN,29.31999969482422,29.31999969482422,29.325000762939453,29.31999969482422,29.325000762939453,490.0
2024-03-01 10:53:00,EDIT,10.880000114440918,10.880000114440918,10.883999824523926,10.869999885559082,10.875,2740.0
2024-03-01 10:53:00,ELEV,5.135000228881836,5.135000228881836,5.135000228881836,5.110000133514404,5.114999771118164,3900.0
2024-03-01 10:53:00,EMBC,14.369999885559082,14.369999885559082,14.369999885559082,14.369999885559082,14.369999885559082,209.0
2024-03-01 10:53:00,ENLV,3.2980000972747803,3.2980000972747803,3.2980000972747803,3.2980000972747803,3.2980000972747803,0.0
2024-03-01 10:53:00,ENSG,124.20999908447266,124.20999908447266,124.20999908447266,124.20999908447266,124.20999908447266,252.0
2024-03-01 10:53:00,ENTA,15.140000343322754,15.140000343322754,15.149999618530273,15.119999885559082,15.149999618530273,253.0
2024-03-01 10:53:00,ENVB,1.629699945449829,1.629699945449829,1.6299999952316284,1.6200000047683716,1.6297999620437622,18389.0
2024-03-01 10:53:00,ERAS,2.5,2.5,2.5,2.5,2.5,3034.0
2024-03-01 10:53:00,ESPR,2.4890999794006348,2.4890999794006348,2.490000009536743,2.484999895095825,2.490000009536743,1244.0
2024-03-01 10:53:00,ESTA,44.970001220703125,44.970001220703125,45.59000015258789,44.970001220703125,45.59000015258789,2217.0
2024-03-01 10:53:00,ETNB,12.970000267028809,12.970000267028809,12.970000267028809,12.9399995803833,12.944000244140625,4965.0
2024-03-01 10:53:00,EVGN,0.914900004863739,0.914900004863739,0.914900004863739,0.914900004863739,0.914900004863739,100.0
2024-03-01 10:53:00,EVO,7.489999771118164,7.489999771118164,7.489999771118164,7.489999771118164,7.489999771118164,300.0
2024-03-01 10:53:00,EWTX,17.040000915527344,17.040000915527344,17.040000915527344,17.030000686645508,17.030000686645508,3484.0
2024-03-01 10:53:00,EXAI,6.71999979019165,6.71999979019165,6.71999979019165,6.71999979019165,6.71999979019165,121.0
2024-03-01 10:53:00,EXAS,59.95500183105469,59.95500183105469,60.02000045776367,59.90999984741211,59.9900016784668,1662.0
2024-03-01 10:53:00,EXEL,22.545000076293945,22.545000076293945,22.559999465942383,22.53499984741211,22.55500030517578,3986.0
2024-03-01 10:53:00,EYEN,2.2009999752044678,2.2009999752044678,2.2249999046325684,2.2009999752044678,2.2249999046325684,1706.0
2024-03-01 10:53:00,EYPT,28.1299991607666,28.1299991607666,28.18000030517578,28.12019920349121,28.18000030517578,1335.0
2024-03-01 10:53:00,FATE,7.479899883270264,7.479899883270264,7.479899883270264,7.46999979019165,7.46999979019165,542.0
2024-03-01 10:53:00,FDMT,29.364999771118164,29.364999771118164,29.399999618530273,29.31999969482422,29.399999618530273,1570.0
2024-03-01 10:53:00,FEMY,1.7253999710083008,1.7253999710083008,1.7253999710083008,1.7253999710083008,1.7253999710083008,0.0
2024-03-01 10:53:00,FGEN,1.7799999713897705,1.7799999713897705,1.7799999713897705,1.774999976158142,1.774999976158142,1097.0
2024-03-01 10:53:00,FIXX,0.9399999976158142,0.9399999976158142,0.9399999976158142,0.9399999976158142,0.9399999976158142,1649.0
2024-03-01 10:53:00,FLGT,23.030000686645508,23.030000686645508,23.1299991607666,23.030000686645508,23.1299991607666,1519.0
2024-03-01 10:53:00,FOLD,13.574999809265137,13.574999809265137,13.579999923706055,13.574999809265137,13.574999809265137,1738.0
2024-03-01 10:53:00,FULC,10.720000267028809,10.720000267028809,10.75,10.720000267028809,10.75,937.0
2024-03-01 10:53:00,FUSN,12.045000076293945,12.045000076293945,12.050000190734863,12.029999732971191,12.029999732971191,525.0
2024-03-01 10:53:00,GBIO,2.569999933242798,2.569999933242798,2.5899999141693115,2.569999933242798,2.5899999141693115,2400.0
2024-03-01 10:53:00,GDRX,8.27929973602295,8.27929973602295,8.289400100708008,8.27929973602295,8.289400100708008,2771.0
2024-03-01 10:53:00,GERN,2.125,2.125,2.134999990463257,2.125,2.134999990463257,19375.0
2024-03-01 10:53:00,GH,19.190000534057617,19.190000534057617,19.209999084472656,19.190000534057617,19.209999084472656,1096.0
2024-03-01 10:53:00,GILD,72.4800033569336,72.4800033569336,72.48999786376953,72.4749984741211,72.48999786376953,3718.0
2024-03-01 10:53:00,GLUE,6.449999809265137,6.449999809265137,6.449999809265137,6.449999809265137,6.449999809265137,128.0
2024-03-01 10:53:00,GMAB,29.190000534057617,29.190000534057617,29.204999923706055,29.190000534057617,29.204999923706055,960.0
2024-03-01 10:53:00,GOSS,1.3700000047683716,1.3700000047683716,1.375,1.3700000047683716,1.3700000047683716,1800.0
2024-03-01 10:53:00,GRFS,6.869999885559082,6.869999885559082,6.879899978637695,6.869999885559082,6.869999885559082,674.0
2024-03-01 10:53:00,GRPH,3.5,3.5,3.5,3.498800039291382,3.498800039291382,268.0
2024-03-01 10:53:00,GRTS,2.159899950027466,2.159899950027466,2.159899950027466,2.1500000953674316,2.1500000953674316,5552.0
2024-03-01 10:53:00,GRTX,0.2321999967098236,0.2321999967098236,0.2321999967098236,0.2321999967098236,0.2321999967098236,0.0
2024-03-01 10:53:00,GTHX,3.424999952316284,3.424999952316284,3.424999952316284,3.4149999618530273,3.4149999618530273,1662.0
2024-03-01 10:53:00,HALO,41.349998474121094,41.349998474121094,41.38330078125,41.345001220703125,41.380001068115234,2168.0
2024-03-01 10:53:00,HARP,22.93000030517578,22.93000030517578,22.93000030517578,22.93000030517578,22.93000030517578,138.0
2024-03-01 10:53:00,HCAT,8.0,8.0,8.0,8.0,8.0,233.0
2024-03-01 10:53:00,HCSG,12.704999923706055,12.704999923706055,12.71500015258789,12.704999923706055,12.71500015258789,1112.0
2024-03-01 10:53:00,HOLX,73.97000122070312,73.97000122070312,73.98999786376953,73.95999908447266,73.98999786376953,936.0
2024-03-01 10:53:00,HQY,82.0199966430664,82.0199966430664,82.02999877929688,82.0199966430664,82.02999877929688,652.0
2024-03-01 10:53:00,HRTX,2.640000104904175,2.640000104904175,2.6500000953674316,2.640000104904175,2.6500000953674316,3597.0
2024-03-01 10:53:00,HSIC,77.3949966430664,77.3949966430664,77.44000244140625,77.39250183105469,77.44000244140625,1162.0
2024-03-01 10:53:00,HSTM,27.59000015258789,27.59000015258789,27.59000015258789,27.59000015258789,27.59000015258789,205.0
2024-03-01 10:53:00,HUMA,3.1475000381469727,3.1475000381469727,3.1475000381469727,3.1401000022888184,3.1401000022888184,4907.0
2024-03-01 10:53:00,IART,36.93000030517578,36.93000030517578,36.93000030517578,36.93000030517578,36.93000030517578,1142.0
2024-03-01 10:53:00,IBRX,4.900000095367432,4.900000095367432,4.909900188446045,4.900000095367432,4.90500020980835,7401.0
2024-03-01 10:53:00,ICLR,323.8800048828125,323.8800048828125,323.8800048828125,323.8800048828125,323.8800048828125,496.0
2024-03-01 10:53:00,ICUI,106.75,106.75,106.7699966430664,106.75,106.7699966430664,1346.0
2024-03-01 10:53:00,IDXX,579.5349731445312,579.5349731445312,579.5349731445312,578.4099731445312,578.4099731445312,993.0
2024-03-01 10:53:00,IDYA,46.29999923706055,46.29999923706055,46.31999969482422,46.290000915527344,46.31999969482422,335.0
2024-03-01 10:53:00,IGMS,13.279999732971191,13.279999732971191,13.444999694824219,13.279999732971191,13.444999694824219,3847.0
2024-03-01 10:53:00,ILMN,141.50999450683594,141.50999450683594,141.6300048828125,141.47999572753906,141.55999755859375,2209.0
2024-03-01 10:53:00,IMAB,1.8300000429153442,1.8300000429153442,1.8300000429153442,1.8300000429153442,1.8300000429153442,200.0
2024-03-01 10:53:00,IMCR,68.03500366210938,68.03500366210938,68.22000122070312,68.03500366210938,68.20999908447266,1615.0
2024-03-01 10:53:00,IMNM,25.25,25.25,25.25,25.229999542236328,25.229999542236328,776.0
2024-03-01 10:53:00,IMTX,13.039999961853027,13.039999961853027,13.089900016784668,13.039999961853027,13.089900016784668,7701.0
2024-03-01 10:53:00,IMUX,1.5099999904632568,1.5099999904632568,1.5299999713897705,1.5099999904632568,1.5299999713897705,2416.0
2024-03-01 10:53:00,IMVT,36.165000915527344,36.165000915527344,36.29999923706055,36.165000915527344,36.29999923706055,871.0
2024-03-01 10:53:00,INBX,36.95000076293945,36.95000076293945,36.95000076293945,36.95000076293945,36.95000076293945,200.0
2024-03-01 10:53:00,INCY,59.47999954223633,59.47999954223633,59.560001373291016,59.47999954223633,59.540000915527344,3666.0
2024-03-01 10:53:00,INGN,6.789999961853027,6.789999961853027,6.800000190734863,6.789999961853027,6.800000190734863,1088.0
2024-03-01 10:53:00,INMD,22.979999542236328,22.979999542236328,22.979999542236328,22.94499969482422,22.969999313354492,1169.0
2024-03-01 10:53:00,INO,8.920000076293945,8.920000076293945,8.920000076293945,8.920000076293945,8.920000076293945,363.0
2024-03-01 10:53:00,INSM,28.3799991607666,28.3799991607666,28.389999389648438,28.3799991607666,28.389999389648438,550.0
2024-03-01 10:53:00,INVA,15.5600004196167,15.5600004196167,15.5600004196167,15.545000076293945,15.555000305175781,2184.0
2024-03-01 10:53:00,INZY,6.489999771118164,6.489999771118164,6.489999771118164,6.489999771118164,6.489999771118164,212.0
2024-03-01 10:53:00,IOBT,1.7098000049591064,1.7098000049591064,1.7098000049591064,1.7094000577926636,1.7094000577926636,806.0
2024-03-01 10:53:00,IONS,45.970001220703125,45.970001220703125,45.970001220703125,45.970001220703125,45.970001220703125,158.0
2024-03-01 10:53:00,IOVA,16.5,16.5,16.559999465942383,16.489999771118164,16.55500030517578,14672.0
2024-03-01 10:53:00,IPA,1.850000023841858,1.850000023841858,1.850000023841858,1.850000023841858,1.850000023841858,5559.0
2024-03-01 10:53:00,IRWD,8.925000190734863,8.925000190734863,8.947500228881836,8.914999961853027,8.940099716186523,18411.0
2024-03-01 10:53:00,ISRG,391.8999938964844,391.8999938964844,391.8999938964844,391.489990234375,391.489990234375,1025.0
2024-03-01 10:53:00,ITCI,71.30500030517578,71.30500030517578,71.30500030517578,71.30000305175781,71.30000305175781,509.0
2024-03-01 10:53:00,IVA,3.680000066757202,3.680000066757202,3.680000066757202,3.680000066757202,3.680000066757202,919.0
2024-03-01 10:53:00,IVVD,4.005000114440918,4.005000114440918,4.019999980926514,4.005000114440918,4.010000228881836,3702.0
2024-03-01 10:53:00,JAGX,0.08420000225305557,0.08420000225305557,0.08760000020265579,0.08330000191926956,0.08730000257492065,716551.0
2024-03-01 10:53:00,JANX,46.68000030517578,46.68000030517578,46.68000030517578,46.68000030517578,46.68000030517578,220.0
2024-03-01 10:53:00,JAZZ,120.0199966430664,120.0199966430664,120.0459976196289,120.0199966430664,120.0459976196289,389.0
2024-03-01 10:53:00,JSPR,20.6299991607666,20.6299991607666,20.799999237060547,20.6299991607666,20.799999237060547,939.0
2024-03-01 10:53:00,KALV,14.069999694824219,14.069999694824219,14.069999694824219,14.069999694824219,14.069999694824219,300.0
2024-03-01 10:53:00,KNTE,2.609999895095825,2.609999895095825,2.609999895095825,2.6050000190734863,2.6050000190734863,4357.0
2024-03-01 10:53:00,KOD,6.097499847412109,6.097499847412109,6.099999904632568,6.097499847412109,6.099999904632568,547.0
2024-03-01 10:53:00,KPTI,1.225000023841858,1.225000023841858,1.225000023841858,1.225000023841858,1.225000023841858,324.0
2024-03-01 10:53:00,KROS,69.23500061035156,69.23500061035156,69.29000091552734,69.22000122070312,69.29000091552734,978.0
2024-03-01 10:53:00,KRYS,168.3000030517578,168.3000030517578,168.4600067138672,168.3000030517578,168.4600067138672,227.0
2024-03-01 10:53:00,KTRA,0.10170000046491623,0.10170000046491623,0.10170000046491623,0.10170000046491623,0.10170000046491623,428.0
2024-03-01 10:53:00,KYMR,44.125,44.125,44.30500030517578,44.125,44.290000915527344,538.0
2024-03-01 10:53:00,KZIA,0.23350000381469727,0.23350000381469727,0.23350000381469727,0.23330000042915344,0.23330000042915344,2287.0
2024-03-01 10:53:00,KZR,1.1252000331878662,1.1252000331878662,1.1299999952316284,1.1252000331878662,1.1299999952316284,3176.0
2024-03-01 10:53:00,LAB,2.365000009536743,2.365000009536743,2.365000009536743,2.365000009536743,2.365000009536743,718.0
2024-03-01 10:53:00,LBPH,22.15999984741211,22.15999984741211,22.15999984741211,22.15999984741211,22.15999984741211,130.0
2024-03-01 10:53:00,LEGN,65.76000213623047,65.76000213623047,65.88999938964844,65.76000213623047,65.88999938964844,1172.0
2024-03-01 10:53:00,LFMD,7.954999923706055,7.954999923706055,7.9670000076293945,7.954999923706055,7.9670000076293945,1512.0
2024-03-01 10:53:00,LFST,7.994999885559082,7.994999885559082,8.0,7.994999885559082,8.0,1114.0
2024-03-01 10:53:00,LGND,79.86000061035156,79.86000061035156,79.86000061035156,79.86000061035156,79.86000061035156,135.0
2024-03-01 10:53:00,LGVN,0.550000011920929,0.550000011920929,0.550000011920929,0.550000011920929,0.550000011920929,101.0
2024-03-01 10:53:00,LIFE,1.9299999475479126,1.9299999475479126,1.9299999475479126,1.9299999475479126,1.9299999475479126,101.0
2024-03-01 10:53:00,LIVN,55.005001068115234,55.005001068115234,55.005001068115234,54.970001220703125,54.970001220703125,296.0
2024-03-01 10:53:00,LNTH,65.55999755859375,65.55999755859375,65.58000183105469,65.55999755859375,65.58000183105469,1054.0
2024-03-01 10:53:00,LQDA,14.484999656677246,14.484999656677246,14.498800277709961,14.479999542236328,14.498800277709961,1000.0
2024-03-01 10:53:00,LSTA,3.0824999809265137,3.0824999809265137,3.0824999809265137,3.0824999809265137,3.0824999809265137,266.0
2024-03-01 10:53:00,LUNG,9.243800163269043,9.243800163269043,9.243800163269043,9.243800163269043,9.243800163269043,625.0
2024-03-01 10:53:00,LVTX,3.0,3.0,3.0,2.9719998836517334,3.0,5940.0
2024-03-01 10:53:00,LXRX,2.4200000762939453,2.4200000762939453,2.4200000762939453,2.4200000762939453,2.4200000762939453,0.0
2024-03-01 10:53:00,LYEL,3.1449999809265137,3.1449999809265137,3.1500000953674316,3.1449999809265137,3.1449999809265137,1102.0
2024-03-01 10:53:00,MACK,14.770000457763672,14.770000457763672,14.770000457763672,14.770000457763672,14.770000457763672,215.0
2024-03-01 10:53:00,MASI,126.75,126.75,126.97000122070312,126.75,126.97000122070312,756.0
2024-03-01 10:53:00,MCRB,1.190000057220459,1.190000057220459,1.198799967765808,1.190000057220459,1.1950000524520874,15255.0
2024-03-01 10:53:00,MDGL,241.24000549316406,241.24000549316406,242.0399932861328,241.24000549316406,242.0399932861328,427.0
2024-03-01 10:53:00,MDRX,5.849999904632568,5.849999904632568,5.849999904632568,5.75,5.75,8091.0
2024-03-01 10:53:00,MDXG,8.505000114440918,8.505000114440918,8.510000228881836,8.494999885559082,8.5,10642.0
2024-03-01 10:53:00,ME,0.5835000276565552,0.5835000276565552,0.5835000276565552,0.5806000232696533,0.5810999870300293,0.0
2024-03-01 10:53:00,MEDP,400.67999267578125,400.67999267578125,401.1050109863281,399.8699951171875,400.92999267578125,5248.0
2024-03-01 10:53:00,MGNX,19.149999618530273,19.149999618530273,19.190000534057617,19.100000381469727,19.190000534057617,4975.0
2024-03-01 10:53:00,MGTX,6.230000019073486,6.230000019073486,6.239999771118164,6.230000019073486,6.239999771118164,266.0
2024-03-01 10:53:00,MIRM,29.815000534057617,29.815000534057617,29.850000381469727,29.790000915527344,29.829999923706055,1991.0
2024-03-01 10:53:00,MLTX,51.02000045776367,51.02000045776367,51.029998779296875,51.02000045776367,51.029998779296875,703.0
2024-03-01 10:53:00,MNKD,4.540999889373779,4.540999889373779,4.570000171661377,4.539999961853027,4.570000171661377,19194.0
2024-03-01 10:53:00,MNMD,5.880000114440918,5.880000114440918,5.880000114440918,5.880000114440918,5.880000114440918,1024.0
2024-03-01 10:53:00,MNOV,1.3600000143051147,1.3600000143051147,1.3600000143051147,1.3600000143051147,1.3600000143051147,1374.0
2024-03-01 10:53:00,MNPR,0.7835000157356262,0.7835000157356262,0.786899983882904,0.7835000157356262,0.786899983882904,1276.0
2024-03-01 10:53:00,MORF,38.630001068115234,38.630001068115234,38.630001068115234,38.630001068115234,38.630001068115234,367.0
2024-03-01 10:53:00,MREO,3.880000114440918,3.880000114440918,3.880000114440918,3.875,3.880000114440918,51676.0
2024-03-01 10:53:00,MRNA,95.30069732666016,95.30069732666016,95.30069732666016,95.30069732666016,95.30069732666016,218.0
2024-03-01 10:53:00,MRSN,5.795000076293945,5.795000076293945,5.795000076293945,5.789999961853027,5.789999961853027,1917.0
2024-03-01 10:53:00,MRUS,49.92499923706055,49.92499923706055,50.0099983215332,49.900001525878906,49.900001525878906,700.0
2024-03-01 10:53:00,MRVI,7.820000171661377,7.820000171661377,7.829999923706055,7.820000171661377,7.829999923706055,624.0
2024-03-01 10:53:00,MXCT,4.760000228881836,4.760000228881836,4.764999866485596,4.760000228881836,4.764999866485596,828.0
2024-03-01 10:53:00,MYGN,21.520000457763672,21.520000457763672,21.559999465942383,21.520000457763672,21.559999465942383,822.0
2024-03-01 10:53:00,NARI,45.560001373291016,45.560001373291016,45.61000061035156,45.54999923706055,45.61000061035156,1516.0
2024-03-01 10:53:00,NAUT,2.6500000953674316,2.6500000953674316,2.6500000953674316,2.6500000953674316,2.6500000953674316,81.0
2024-03-01 10:53:00,NBIX,130.96499633789062,130.96499633789062,131.0500030517578,130.9499969482422,130.98500061035156,7923.0
2024-03-01 10:53:00,NEO,16.075000762939453,16.075000762939453,16.09000015258789,16.075000762939453,16.09000015258789,1230.0
2024-03-01 10:53:00,NEOG,17.190000534057617,17.190000534057617,17.190000534057617,17.190000534057617,17.190000534057617,620.0
2024-03-01 10:53:00,NGM,1.5299999713897705,1.5299999713897705,1.5300999879837036,1.5299999713897705,1.5299999713897705,10325.0
2024-03-01 10:53:00,NNOX,10.93179988861084,10.93179988861084,10.974699974060059,10.93179988861084,10.970000267028809,4316.0
2024-03-01 10:53:00,NOTV,7.880000114440918,7.880000114440918,7.900000095367432,7.880000114440918,7.900000095367432,1465.0
2024-03-01 10:53:00,NRIX,13.30840015411377,13.30840015411377,13.30840015411377,13.270000457763672,13.289999961853027,2087.0
2024-03-01 10:53:00,NRSN,1.9900000095367432,1.9900000095367432,1.9925999641418457,1.9711999893188477,1.9925999641418457,2234.0
2024-03-01 10:53:00,NRXP,0.42010000348091125,0.42010000348091125,0.429500013589859,0.41999998688697815,0.429500013589859,14673.0
2024-03-01 10:53:00,NTLA,33.314998626708984,33.314998626708984,33.33000183105469,33.27000045776367,33.33000183105469,1908.0
2024-03-01 10:53:00,NTRA,88.9800033569336,88.9800033569336,89.29000091552734,88.9800033569336,89.19000244140625,38221.0
2024-03-01 10:53:00,NUVL,87.62999725341797,87.62999725341797,87.62999725341797,87.61000061035156,87.61000061035156,349.0
2024-03-01 10:53:00,NVAX,5.195000171661377,5.195000171661377,5.229899883270264,5.190000057220459,5.229899883270264,27077.0
2024-03-01 10:53:00,NVCR,15.989999771118164,15.989999771118164,16.030000686645508,15.979999542236328,16.030000686645508,2427.0
2024-03-01 10:53:00,NXL,0.3019999861717224,0.3019999861717224,0.3019999861717224,0.3019999861717224,0.3019999861717224,3298.0
2024-03-01 10:53:00,NXTC,1.784999966621399,1.784999966621399,1.7999999523162842,1.784999966621399,1.7999999523162842,300.0
2024-03-01 10:53:00,OCGN,0.9291999936103821,0.9291999936103821,0.9291999936103821,0.916100025177002,0.9222000241279602,5641.0
2024-03-01 10:53:00,OCUL,10.335000038146973,10.335000038146973,10.350000381469727,10.279999732971191,10.289999961853027,22274.0
2024-03-01 10:53:00,OCUP,2.515000104904175,2.515000104904175,2.515000104904175,2.509999990463257,2.509999990463257,458.0
2024-03-01 10:53:00,OLK,22.649999618530273,22.649999618530273,22.649999618530273,22.600000381469727,22.600000381469727,2652.0
2024-03-01 10:53:00,OM,3.0799999237060547,3.0799999237060547,3.0799999237060547,3.0799999237060547,3.0799999237060547,207.0
2024-03-01 10:53:00,OMER,4.699999809265137,4.699999809265137,4.71999979019165,4.699999809265137,4.71999979019165,484.0
2024-03-01 10:53:00,OMGA,4.164999961853027,4.164999961853027,4.179999828338623,4.164999961853027,4.179999828338623,2100.0
2024-03-01 10:54:00,ABCL,5.144999980926514,5.144999980926514,5.144999980926514,5.139999866485596,5.139999866485596,720.0
2024-03-01 10:54:00,ABEO,7.380000114440918,7.380000114440918,7.469900131225586,7.380000114440918,7.469900131225586,810.0
2024-03-01 10:54:00,ABOS,4.632199764251709,4.632199764251709,4.632199764251709,4.632199764251709,4.632199764251709,1205.0
2024-03-01 10:54:00,ABSI,5.140100002288818,5.140100002288818,5.164999961853027,5.139999866485596,5.164999961853027,2387.0
2024-03-01 10:54:00,ABUS,2.7850000858306885,2.7850000858306885,2.7850000858306885,2.7850000858306885,2.7850000858306885,310.0
2024-03-01 10:54:00,ABVC,1.184999942779541,1.184999942779541,1.184999942779541,1.184999942779541,1.184999942779541,252.0
2024-03-01 10:54:00,ACAD,23.950000762939453,23.950000762939453,24.059999465942383,23.950000762939453,24.059999465942383,2335.0
2024-03-01 10:54:00,ACB,3.075000047683716,3.075000047683716,3.075000047683716,3.075000047683716,3.075000047683716,698.0
2024-03-01 10:54:00,ACCD,10.199999809265137,10.199999809265137,10.199999809265137,10.1899995803833,10.1899995803833,851.0
2024-03-01 10:54:00,ACET,2.369999885559082,2.369999885559082,2.369999885559082,2.3606998920440674,2.369999885559082,3617.0
2024-03-01 10:54:00,ACLX,68.375,68.375,68.375,68.12200164794922,68.31999969482422,2777.0
2024-03-01 10:54:00,ACRS,1.2300000190734863,1.2300000190734863,1.2300000190734863,1.225000023841858,1.225000023841858,2865.0
2024-03-01 10:54:00,ADAP,1.5702999830245972,1.5702999830245972,1.5702999830245972,1.5702999830245972,1.5702999830245972,3103.0
2024-03-01 10:54:00,ADIL,3.3399999141693115,3.3399999141693115,3.3499999046325684,3.3101000785827637,3.3290998935699463,30981.0
2024-03-01 10:54:00,ADMA,5.389999866485596,5.389999866485596,5.389999866485596,5.389999866485596,5.389999866485596,118.0
2024-03-01 10:54:00,ADPT,4.210000038146973,4.210000038146973,4.210000038146973,4.204999923706055,4.210000038146973,1594.0
2024-03-01 10:54:00,ADUS,92.62000274658203,92.62000274658203,92.66000366210938,92.62000274658203,92.66000366210938,782.0
2024-03-01 10:54:00,ADVM,1.9199999570846558,1.9199999570846558,1.9199999570846558,1.9199999570846558,1.9199999570846558,200.0
2024-03-01 10:54:00,AGEN,0.6700999736785889,0.6700999736785889,0.6700999736785889,0.6700000166893005,0.6700999736785889,5229.0
2024-03-01 10:54:00,AGIO,32.810001373291016,32.810001373291016,32.849998474121094,32.810001373291016,32.849998474121094,686.0
2024-03-01 10:54:00,AHCO,10.609999656677246,10.609999656677246,10.609999656677246,10.604999542236328,10.604999542236328,337.0
2024-03-01 10:54:00,AIRS,6.46999979019165,6.46999979019165,6.46999979019165,6.434999942779541,6.460000038146973,1269.0
2024-03-01 10:54:00,AKAN,0.25049999356269836,0.25049999356269836,0.25060001015663147,0.25049999356269836,0.25060001015663147,1688.0
2024-03-01 10:54:00,AKBA,1.6549999713897705,1.6549999713897705,1.6549999713897705,1.6549999713897705,1.6549999713897705,1100.0
2024-03-01 10:54:00,AKRO,29.1200008392334,29.1200008392334,29.1299991607666,29.010000228881836,29.010000228881836,41695.0
2024-03-01 10:54:00,AKYA,5.940000057220459,5.940000057220459,5.940000057220459,5.940000057220459,5.940000057220459,0.0
2024-03-01 10:54:00,ALDX,4.09499979019165,4.09499979019165,4.09499979019165,4.079999923706055,4.085000038146973,895.0
2024-03-01 10:54:00,ALEC,7.510000228881836,7.510000228881836,7.510000228881836,7.510000228881836,7.510000228881836,1165.0
2024-03-01 10:54:00,ALGN,301.07000732421875,301.07000732421875,301.07000732421875,301.0,301.0,1091.0
2024-03-01 10:54:00,ALGS,1.0240000486373901,1.0240000486373901,1.0240000486373901,1.0240000486373901,1.0240000486373901,200.0
2024-03-01 10:54:00,ALHC,5.759900093078613,5.759900093078613,5.759900093078613,5.75,5.75,760.0
2024-03-01 10:54:00,ALKS,30.1299991607666,30.1299991607666,30.139999389648438,30.1299991607666,30.1299991607666,1279.0
2024-03-01 10:54:00,ALLO,4.985000133514404,4.985000133514404,4.985000133514404,4.980000019073486,4.980000019073486,425.0
2024-03-01 10:54:00,ALNY,155.32000732421875,155.32000732421875,155.32000732421875,155.32000732421875,155.32000732421875,360.0
2024-03-01 10:54:00,ALPN,36.14500045776367,36.14500045776367,36.14500045776367,36.14500045776367,36.14500045776367,300.0
2024-03-01 10:54:00,ALT,12.229999542236328,12.229999542236328,12.25,12.20199966430664,12.25,4748.0
2024-03-01 10:54:00,ALXO,15.164999961853027,15.164999961853027,15.164999961853027,15.164999961853027,15.164999961853027,292.0
2024-03-01 10:54:00,AMGN,280.69000244140625,280.69000244140625,280.9750061035156,280.69000244140625,280.92498779296875,4854.0
2024-03-01 10:54:00,AMLX,18.799999237060547,18.799999237060547,18.799999237060547,18.760000228881836,18.760000228881836,1079.0
2024-03-01 10:54:00,AMPH,45.5,45.5,45.5099983215332,45.5,45.5099983215332,1724.0
2024-03-01 10:54:00,AMRN,1.030900001525879,1.030900001525879,1.0449999570846558,1.030900001525879,1.0449999570846558,6096.0
2024-03-01 10:54:00,ANAB,25.389999389648438,25.389999389648438,25.399999618530273,25.360000610351562,25.389999389648438,1282.0
2024-03-01 10:54:00,ANGO,5.440000057220459,5.440000057220459,5.440000057220459,5.429999828338623,5.429999828338623,762.0
2024-03-01 10:54:00,ANIP,66.94999694824219,66.94999694824219,67.0,66.94999694824219,66.98999786376953,639.0
2024-03-01 10:54:00,ANNX,5.909999847412109,5.909999847412109,5.909999847412109,5.880000114440918,5.880000114440918,45492.0
2024-03-01 10:54:00,ANTX,2.950000047683716,2.950000047683716,2.950000047683716,2.950000047683716,2.950000047683716,200.0
2024-03-01 10:54:00,APLS,64.47000122070312,64.47000122070312,64.47000122070312,64.33000183105469,64.44499969482422,2400.0
2024-03-01 10:54:00,APLT,7.079999923706055,7.079999923706055,7.119999885559082,7.079999923706055,7.119999885559082,4011.0
2024-03-01 10:54:00,AQST,4.244999885559082,4.244999885559082,4.269999980926514,4.239999771118164,4.269999980926514,10862.0
2024-03-01 10:54:00,ARAY,2.619999885559082,2.619999885559082,2.625,2.619999885559082,2.625,1019.0
2024-03-01 10:54:00,ARCT,39.79779815673828,39.79779815673828,39.79999923706055,39.79779815673828,39.79999923706055,416.0
2024-03-01 10:54:00,ARDX,9.529999732971191,9.529999732971191,9.53499984741211,9.524999618530273,9.529999732971191,10204.0
2024-03-01 10:54:00,ARGX,391.2049865722656,391.2049865722656,391.2049865722656,391.2049865722656,391.2049865722656,450.0
2024-03-01 10:54:00,ARQT,11.099900245666504,11.099900245666504,11.1899995803833,11.039999961853027,11.186100006103516,32387.0
2024-03-01 10:54:00,ARWR,35.11000061035156,35.11000061035156,35.20000076293945,34.95500183105469,34.96500015258789,20688.0
2024-03-01 10:54:00,ASMB,13.242500305175781,13.242500305175781,13.242500305175781,13.242500305175781,13.242500305175781,108.0
2024-03-01 10:54:00,ASRT,0.9200000166893005,0.9200000166893005,0.9200000166893005,0.9143000245094299,0.9143000245094299,0.0
2024-03-01 10:54:00,ATAI,2.0106000900268555,2.0106000900268555,2.0106000900268555,2.0106000900268555,2.0106000900268555,477.0
2024-03-01 10:54:00,ATEC,13.454999923706055,13.454999923706055,13.454999923706055,13.449999809265137,13.449999809265137,662.0
2024-03-01 10:54:00,ATRA,0.8151999711990356,0.8151999711990356,0.8151999711990356,0.8151999711990356,0.8151999711990356,537.0
2024-03-01 10:54:00,ATRC,35.814998626708984,35.814998626708984,35.83000183105469,35.814998626708984,35.83000183105469,713.0
2024-03-01 10:54:00,ATXS,15.109999656677246,15.109999656677246,15.109999656677246,15.100000381469727,15.100000381469727,1116.0
2024-03-01 10:54:00,AUGX,4.559999942779541,4.559999942779541,4.559999942779541,4.559999942779541,4.559999942779541,100.0
2024-03-01 10:54:00,AUPH,5.815000057220459,5.815000057220459,5.815000057220459,5.815000057220459,5.815000057220459,376.0
2024-03-01 10:54:00,AUTL,6.139999866485596,6.139999866485596,6.139999866485596,6.130000114440918,6.130000114440918,1304.0
2024-03-01 10:54:00,AVDL,12.765000343322754,12.765000343322754,12.78499984741211,12.760000228881836,12.78499984741211,2339.0
2024-03-01 10:54:00,AVIR,4.380000114440918,4.380000114440918,4.380000114440918,4.360000133514404,4.364999771118164,17800.0
2024-03-01 10:54:00,AXSM,83.93499755859375,83.93499755859375,83.93499755859375,83.93499755859375,83.93499755859375,214.0
2024-03-01 10:54:00,AZN,64.63999938964844,64.63999938964844,64.6449966430664,64.63999938964844,64.63999938964844,3397.0
2024-03-01 10:54:00,BBIO,36.08000183105469,36.08000183105469,36.150001525878906,36.08000183105469,36.150001525878906,655.0
2024-03-01 10:54:00,BBLG,2.5299999713897705,2.5299999713897705,2.5299999713897705,2.5299999713897705,2.5299999713897705,109.0
2024-03-01 10:54:00,BCRX,5.864999771118164,5.864999771118164,5.864999771118164,5.864999771118164,5.864999771118164,220.0
2024-03-01 10:54:00,BDSX,1.6299999952316284,1.6299999952316284,1.6399999856948853,1.6200000047683716,1.6399999856948853,3766.0
2024-03-01 10:54:00,BDTX,5.000100135803223,5.000100135803223,5.00540018081665,5.000100135803223,5.00540018081665,301.0
2024-03-01 10:54:00,BEAM,40.41749954223633,40.41749954223633,40.41749954223633,40.38999938964844,40.400001525878906,828.0
2024-03-01 10:54:00,BGNE,167.14999389648438,167.14999389648438,167.14999389648438,167.14999389648438,167.14999389648438,231.0
2024-03-01 10:54:00,BGXX,0.2628999948501587,0.2628999948501587,0.26499998569488525,0.2628999948501587,0.2648000121116638,3762.0
2024-03-01 10:54:00,BIIB,220.14999389648438,220.14999389648438,220.1999969482422,220.14999389648438,220.1999969482422,5484.0
2024-03-01 10:54:00,BIOL,0.13940000534057617,0.13940000534057617,0.13940000534057617,0.13940000534057617,0.13940000534057617,18000.0
2024-03-01 10:54:00,BIVI,2.426800012588501,2.426800012588501,2.440000057220459,2.380000114440918,2.380000114440918,93098.0
2024-03-01 10:54:00,BLFS,17.81999969482422,17.81999969482422,17.875,17.81999969482422,17.875,306.0
2024-03-01 10:54:00,BLUE,1.625,1.625,1.6299999952316284,1.6150000095367432,1.6150000095367432,29108.0
2024-03-01 10:54:00,BMEA,17.64080047607422,17.64080047607422,17.719999313354492,17.64080047607422,17.719999313354492,975.0
2024-03-01 10:54:00,BMRN,86.69000244140625,86.69000244140625,86.69499969482422,86.69000244140625,86.69499969482422,248.0
2024-03-01 10:54:00,BNTC,5.000100135803223,5.000100135803223,5.000100135803223,5.000100135803223,5.000100135803223,36.0
2024-03-01 10:54:00,BNTX,91.9800033569336,91.9800033569336,92.01499938964844,91.77899932861328,91.77899932861328,4982.0
2024-03-01 10:54:00,BOLT,1.1699999570846558,1.1699999570846558,1.1799999475479126,1.1699999570846558,1.1799999475479126,400.0
2024-03-01 10:54:00,BPMC,96.91000366210938,96.91000366210938,97.09500122070312,96.86000061035156,96.99500274658203,6892.0
2024-03-01 10:54:00,BRTX,1.4993000030517578,1.4993000030517578,1.4996999502182007,1.4950000047683716,1.4950000047683716,709.0
2024-03-01 10:54:00,BTMD,6.025000095367432,6.025000095367432,6.025000095367432,6.025000095367432,6.025000095367432,147.0
2024-03-01 10:54:00,BTTX,0.16899999976158142,0.16899999976158142,0.17000000178813934,0.16899999976158142,0.17000000178813934,12000.0
2024-03-01 10:54:00,CABA,24.0,24.0,24.010000228881836,23.969999313354492,23.969999313354492,4747.0
2024-03-01 10:54:00,CAPR,4.559999942779541,4.559999942779541,4.559999942779541,4.559999942779541,4.559999942779541,1286.0
2024-03-01 10:54:00,CARA,0.9025999903678894,0.9025999903678894,0.9025999903678894,0.9025999903678894,0.9025999903678894,0.0
2024-03-01 10:54:00,CBAY,32.220001220703125,32.220001220703125,32.220001220703125,32.220001220703125,32.220001220703125,450587.0
2024-03-01 10:54:00,CCCC,11.085000038146973,11.085000038146973,11.09000015258789,11.074999809265137,11.079999923706055,4721.0
2024-03-01 10:54:00,CDMO,8.199999809265137,8.199999809265137,8.199999809265137,8.149999618530273,8.149999618530273,8047.0
2024-03-01 10:54:00,CDNA,12.229999542236328,12.229999542236328,12.229999542236328,12.15999984741211,12.15999984741211,3558.0
2024-03-01 10:54:00,CDXC,1.6449999809265137,1.6449999809265137,1.6449999809265137,1.6449999809265137,1.6449999809265137,311.0
2024-03-01 10:54:00,CDXS,4.40500020980835,4.40500020980835,4.414999961853027,4.375,4.375,5229.0
2024-03-01 10:54:00,CERE,41.23500061035156,41.23500061035156,41.23500061035156,41.22999954223633,41.23500061035156,3083.0
2024-03-01 10:54:00,CERS,2.2074999809265137,2.2074999809265137,2.2074999809265137,2.2074999809265137,2.2074999809265137,54.0
2024-03-01 10:54:00,CERT,17.850000381469727,17.850000381469727,17.8799991607666,17.850000381469727,17.8799991607666,946.0
2024-03-01 10:54:00,CGC,3.25,3.25,3.25,3.25,3.25,1070.0
2024-03-01 10:54:00,CGEM,18.969999313354492,18.969999313354492,18.969999313354492,18.969999313354492,18.969999313354492,110.0
2024-03-01 10:54:00,CHRS,2.315000057220459,2.315000057220459,2.319999933242798,2.315000057220459,2.319999933242798,913.0
2024-03-01 10:54:00,CING,1.3799999952316284,1.3799999952316284,1.3799999952316284,1.3799999952316284,1.3799999952316284,204.0
2024-03-01 10:54:00,CLDX,52.52000045776367,52.52000045776367,52.52000045776367,52.508201599121094,52.52000045776367,1409.0
2024-03-01 10:54:00,CLOV,0.8651999831199646,0.8651999831199646,0.8652999997138977,0.8651999831199646,0.8652999997138977,966.0
2024-03-01 10:54:00,CLPT,6.519999980926514,6.519999980926514,6.53000020980835,6.5,6.5,1524.0
2024-03-01 10:54:00,CLRB,4.059999942779541,4.059999942779541,4.059999942779541,4.059000015258789,4.059000015258789,433.0
2024-03-01 10:54:00,CMPS,10.779999732971191,10.779999732971191,10.789999961853027,10.75,10.755000114440918,1703.0
2024-03-01 10:54:00,CMRX,1.1299999952316284,1.1299999952316284,1.1299999952316284,1.1205999851226807,1.125,10371.0
2024-03-01 10:54:00,CNSP,0.32760000228881836,0.32760000228881836,0.33160001039505005,0.32760000228881836,0.33160001039505005,12569.0
2024-03-01 10:54:00,COLL,37.25,37.25,37.25,37.25,37.25,129.0
2024-03-01 10:54:00,CPRX,17.290000915527344,17.290000915527344,17.299999237060547,17.264999389648438,17.290000915527344,3207.0
2024-03-01 10:54:00,CRBP,31.12820053100586,31.12820053100586,31.12820053100586,31.12820053100586,31.12820053100586,402.0
2024-03-01 10:54:00,CRBU,8.140000343322754,8.140000343322754,8.140000343322754,8.130000114440918,8.130000114440918,765.0
2024-03-01 10:54:00,CRDF,2.4600000381469727,2.4600000381469727,2.4700000286102295,2.450000047683716,2.4598000049591064,13230.0
2024-03-01 10:54:00,CRDL,1.9199999570846558,1.9199999570846558,1.920199990272522,1.9199999570846558,1.9199999570846558,6582.0
2024-03-01 10:54:00,CRMD,3.690000057220459,3.690000057220459,3.690000057220459,3.680000066757202,3.680000066757202,433.0
2024-03-01 10:54:00,CRNX,45.900001525878906,45.900001525878906,46.0099983215332,45.7599983215332,45.959999084472656,711.0
2024-03-01 10:54:00,CRON,2.0450000762939453,2.0450000762939453,2.049999952316284,2.0450000762939453,2.049999952316284,1866.0
2024-03-01 10:54:00,CRSP,85.68009948730469,85.68009948730469,85.95500183105469,85.68009948730469,85.91000366210938,5228.0
2024-03-01 10:54:00,CSTL,20.03499984741211,20.03499984741211,20.059999465942383,19.93720054626465,20.024999618530273,2255.0
2024-03-01 10:54:00,CUE,2.180000066757202,2.180000066757202,2.180000066757202,2.180000066757202,2.180000066757202,1100.0
2024-03-01 10:54:00,CUTR,2.3201000690460205,2.3201000690460205,2.3299999237060547,2.3201000690460205,2.3299999237060547,4032.0
2024-03-01 10:54:00,CYTH,1.625,1.625,1.625,1.625,1.625,187.0
2024-03-01 10:54:00,CYTK,74.66999816894531,74.66999816894531,74.70999908447266,74.66999816894531,74.70999908447266,633.0
2024-03-01 10:54:00,CYTO,2.059999942779541,2.059999942779541,2.089900016784668,2.030100107192993,2.089900016784668,3241.0
2024-03-01 10:54:00,DARE,0.5799000263214111,0.5799000263214111,0.5799999833106995,0.5799000263214111,0.5799000263214111,4178.0
2024-03-01 10:54:00,DCGO,4.105000019073486,4.105000019073486,4.105000019073486,4.099999904632568,4.105000019073486,4200.0
2024-03-01 10:54:00,DCPH,17.07670021057129,17.07670021057129,17.07670021057129,17.07670021057129,17.07670021057129,221.0
2024-03-01 10:54:00,DH,9.0600004196167,9.0600004196167,9.0600004196167,9.0600004196167,9.0600004196167,260.0
2024-03-01 10:54:00,DMTK,0.8500000238418579,0.8500000238418579,0.8550000190734863,0.8500000238418579,0.8549000024795532,4915.0
2024-03-01 10:54:00,DNLI,20.795000076293945,20.795000076293945,20.795000076293945,20.78499984741211,20.78499984741211,517.0
2024-03-01 10:54:00,DTIL,12.734999656677246,12.734999656677246,12.840700149536133,12.625,12.840700149536133,3542.0
2024-03-01 10:54:00,DVAX,12.819999694824219,12.819999694824219,12.819999694824219,12.8149995803833,12.8149995803833,921.0
2024-03-01 10:54:00,DXCM,119.0,119.0,119.04000091552734,118.84500122070312,118.84500122070312,4050.0
2024-03-01 10:54:00,DYN,29.315000534057617,29.315000534057617,29.315000534057617,29.227500915527344,29.25,1878.0
2024-03-01 10:54:00,EDIT,10.875,10.875,10.880000114440918,10.850000381469727,10.869999885559082,6542.0
2024-03-01 10:54:00,EFTR,14.819499969482422,14.819499969482422,14.850000381469727,14.819499969482422,14.84000015258789,940.0
2024-03-01 10:54:00,ELEV,5.099999904632568,5.099999904632568,5.119999885559082,5.099999904632568,5.119999885559082,1569.0
2024-03-01 10:54:00,EMBC,14.369999885559082,14.369999885559082,14.369999885559082,14.369999885559082,14.369999885559082,513.0
2024-03-01 10:54:00,ENSG,124.36000061035156,124.36000061035156,124.36000061035156,124.36000061035156,124.36000061035156,557.0
2024-03-01 10:54:00,ENVB,1.6298999786376953,1.6298999786376953,1.6299999952316284,1.6200000047683716,1.624899983406067,22941.0
2024-03-01 10:54:00,EOLS,14.5600004196167,14.5600004196167,14.609999656677246,14.5600004196167,14.609999656677246,620.0
2024-03-01 10:54:00,ESPR,2.469899892807007,2.469899892807007,2.4800000190734863,2.4649999141693115,2.4800000190734863,5401.0
2024-03-01 10:54:00,ETNB,12.94629955291748,12.94629955291748,12.979999542236328,12.93120002746582,12.979999542236328,2060.0
2024-03-01 10:54:00,EVAX,3.5999999046325684,3.5999999046325684,3.5999999046325684,3.5999999046325684,3.5999999046325684,307.0
2024-03-01 10:54:00,EVOK,0.6162009835243225,0.6162009835243225,0.6162009835243225,0.6161999702453613,0.6161999702453613,11776.0
2024-03-01 10:54:00,EXAI,6.71999979019165,6.71999979019165,6.71999979019165,6.71999979019165,6.71999979019165,148.0
2024-03-01 10:54:00,EXAS,59.900001525878906,59.900001525878906,59.91999816894531,59.89500045776367,59.90999984741211,679.0
2024-03-01 10:54:00,EXEL,22.545000076293945,22.545000076293945,22.549999237060547,22.545000076293945,22.549999237060547,2189.0
2024-03-01 10:54:00,EYEN,2.2007999420166016,2.2007999420166016,2.2007999420166016,2.2007999420166016,2.2007999420166016,327.0
2024-03-01 10:54:00,EYPT,28.155000686645508,28.155000686645508,28.155000686645508,28.120100021362305,28.131900787353516,2687.0
2024-03-01 10:54:00,FATE,7.460000038146973,7.460000038146973,7.46999979019165,7.460000038146973,7.46999979019165,1216.0
2024-03-01 10:54:00,FBIO,2.219899892807007,2.219899892807007,2.2200000286102295,2.219899892807007,2.2200000286102295,9209.0
2024-03-01 10:54:00,FDMT,29.354999542236328,29.354999542236328,29.354999542236328,29.354999542236328,29.354999542236328,134.0
2024-03-01 10:54:00,FEMY,1.7000000476837158,1.7000000476837158,1.7000000476837158,1.7000000476837158,1.7000000476837158,11035.0
2024-03-01 10:54:00,FGEN,1.7699999809265137,1.7699999809265137,1.774999976158142,1.7699999809265137,1.774999976158142,9900.0
2024-03-01 10:54:00,FHTX,8.350000381469727,8.350000381469727,8.350000381469727,8.350000381469727,8.350000381469727,196.0
2024-03-01 10:54:00,FIXX,0.9399999976158142,0.9399999976158142,0.9399999976158142,0.9399999976158142,0.9399999976158142,0.0
2024-03-01 10:54:00,FOLD,13.550000190734863,13.550000190734863,13.574999809265137,13.550000190734863,13.574999809265137,6849.0
2024-03-01 10:54:00,FULC,10.6899995803833,10.6899995803833,10.699999809265137,10.6899995803833,10.699999809265137,747.0
2024-03-01 10:54:00,FUSN,12.045000076293945,12.045000076293945,12.045000076293945,12.045000076293945,12.045000076293945,285.0
2024-03-01 10:54:00,FWBI,8.100000381469727,8.100000381469727,8.100000381469727,8.100000381469727,8.100000381469727,240.0
2024-03-01 10:54:00,GBIO,2.5850000381469727,2.5850000381469727,2.5899999141693115,2.5799999237060547,2.5799999237060547,600.0
2024-03-01 10:54:00,GDRX,8.270000457763672,8.270000457763672,8.279899597167969,8.270000457763672,8.279899597167969,520.0
2024-03-01 10:54:00,GERN,2.125,2.125,2.130000114440918,2.1201000213623047,2.125,3034.0
2024-03-01 10:54:00,GH,19.209999084472656,19.209999084472656,19.209999084472656,19.190000534057617,19.204999923706055,405.0
2024-03-01 10:54:00,GILD,72.45999908447266,72.45999908447266,72.47000122070312,72.44999694824219,72.47000122070312,6465.0
2024-03-01 10:54:00,GLPG,35.154998779296875,35.154998779296875,35.154998779296875,35.154998779296875,35.154998779296875,553.0
2024-03-01 10:54:00,GLUE,6.409999847412109,6.409999847412109,6.42579984664917,6.409999847412109,6.42579984664917,620.0
2024-03-01 10:54:00,GLYC,2.940000057220459,2.940000057220459,2.940200090408325,2.940000057220459,2.940200090408325,700.0
2024-03-01 10:54:00,GMDA,0.3799000084400177,0.3799000084400177,0.3799000084400177,0.3799000084400177,0.3799000084400177,200.0
2024-03-01 10:54:00,GOSS,1.372499942779541,1.372499942779541,1.375,1.3700000047683716,1.3700000047683716,726.0
2024-03-01 10:54:00,GRFS,6.909999847412109,6.909999847412109,6.909999847412109,6.880000114440918,6.880000114440918,4026.0
2024-03-01 10:54:00,GTHX,3.42930006980896,3.42930006980896,3.4298999309539795,3.42930006980896,3.4298999309539795,1620.0
2024-03-01 10:54:00,HALO,41.36000061035156,41.36000061035156,41.36000061035156,41.334999084472656,41.334999084472656,932.0
2024-03-01 10:54:00,HARP,22.93000030517578,22.93000030517578,22.93000030517578,22.93000030517578,22.93000030517578,435.0
2024-03-01 10:54:00,HBIO,4.329999923706055,4.329999923706055,4.329999923706055,4.329999923706055,4.329999923706055,130.0
2024-03-01 10:54:00,HCAT,7.974999904632568,7.974999904632568,7.989999771118164,7.974999904632568,7.989999771118164,3477.0
2024-03-01 10:54:00,HCM,15.449999809265137,15.449999809265137,15.449999809265137,15.449999809265137,15.449999809265137,1.0
2024-03-01 10:54:00,HCSG,12.6899995803833,12.6899995803833,12.6899995803833,12.6899995803833,12.6899995803833,472.0
2024-03-01 10:54:00,HCTI,2.359999895095825,2.359999895095825,2.389899969100952,2.359999895095825,2.389899969100952,1847.0
2024-03-01 10:54:00,HITI,1.7597999572753906,1.7597999572753906,1.7597999572753906,1.7597999572753906,1.7597999572753906,502.0
2024-03-01 10:54:00,HOLX,73.9800033569336,73.9800033569336,73.9800033569336,73.95999908447266,73.9800033569336,998.0
2024-03-01 10:54:00,HOTH,1.3299000263214111,1.3299000263214111,1.3299000263214111,1.3299000263214111,1.3299000263214111,0.0
2024-03-01 10:54:00,HQY,81.87999725341797,81.87999725341797,81.91000366210938,81.875,81.91000366210938,510.0
2024-03-01 10:54:00,HRMY,31.3700008392334,31.3700008392334,31.3700008392334,31.3700008392334,31.3700008392334,590.0
2024-03-01 10:54:00,HRTX,2.640000104904175,2.640000104904175,2.640000104904175,2.640000104904175,2.640000104904175,871.0
2024-03-01 10:54:00,HSCS,0.11659999936819077,0.11659999936819077,0.11659999936819077,0.11659999936819077,0.11659999936819077,2900.0
2024-03-01 10:54:00,HSIC,77.19999694824219,77.19999694824219,77.3499984741211,77.19999694824219,77.3499984741211,2997.0
2024-03-01 10:54:00,HUMA,3.1449999809265137,3.1449999809265137,3.149899959564209,3.140000104904175,3.1449999809265137,1851.0
2024-03-01 10:54:00,HYPR,1.149999976158142,1.149999976158142,1.159999966621399,1.149999976158142,1.159999966621399,379.0
2024-03-01 10:54:00,IART,36.939998626708984,36.939998626708984,36.939998626708984,36.939998626708984,36.939998626708984,232.0
2024-03-01 10:54:00,IBRX,4.90500020980835,4.90500020980835,4.909999847412109,4.90500020980835,4.908199787139893,1749.0
2024-03-01 10:54:00,ICLR,324.44500732421875,324.44500732421875,324.44500732421875,324.2799987792969,324.2799987792969,459.0
2024-03-01 10:54:00,IDXX,579.530029296875,579.530029296875,579.530029296875,579.530029296875,579.530029296875,1433.0
2024-03-01 10:54:00,IGMS,13.279999732971191,13.279999732971191,13.289999961853027,13.279999732971191,13.289999961853027,2566.0
2024-03-01 10:54:00,IINN,1.6299999952316284,1.6299999952316284,1.6301000118255615,1.6200000047683716,1.6299999952316284,4890.0
2024-03-01 10:54:00,ILMN,141.86000061035156,141.86000061035156,141.86000061035156,141.5500030517578,141.5500030517578,1511.0
2024-03-01 10:54:00,IMNM,25.18000030517578,25.18000030517578,25.18000030517578,25.18000030517578,25.18000030517578,458.0
2024-03-01 10:54:00,IMNN,1.0074000358581543,1.0074000358581543,1.0074000358581543,1.0074000358581543,1.0074000358581543,203.0
2024-03-01 10:54:00,IMUX,1.5099999904632568,1.5099999904632568,1.5181000232696533,1.5099999904632568,1.5181000232696533,663.0
2024-03-01 10:54:00,IMVT,36.15999984741211,36.15999984741211,36.15999984741211,36.15999984741211,36.15999984741211,219.0
2024-03-01 10:54:00,INAB,1.1239999532699585,1.1239999532699585,1.1239999532699585,1.1239999532699585,1.1239999532699585,162.0
2024-03-01 10:54:00,INBX,36.93000030517578,36.93000030517578,36.95000076293945,36.93000030517578,36.95000076293945,315.0
2024-03-01 10:54:00,INCY,59.53499984741211,59.53499984741211,59.540000915527344,59.439998626708984,59.45500183105469,5855.0
2024-03-01 10:54:00,INDP,2.0299999713897705,2.0299999713897705,2.0299999713897705,2.0297000408172607,2.0297000408172607,246.0
2024-03-01 10:54:00,INGN,6.800000190734863,6.800000190734863,6.804999828338623,6.800000190734863,6.804999828338623,587.0
2024-03-01 10:54:00,INMD,22.985000610351562,22.985000610351562,22.985000610351562,22.954999923706055,22.975000381469727,1211.0
2024-03-01 10:54:00,INSM,28.34000015258789,28.34000015258789,28.350000381469727,28.34000015258789,28.350000381469727,1473.0
2024-03-01 10:54:00,INVA,15.539999961853027,15.539999961853027,15.550000190734863,15.515000343322754,15.520000457763672,3936.0
2024-03-01 10:54:00,IOBT,1.7100000381469727,1.7100000381469727,1.7279000282287598,1.708299994468689,1.7100000381469727,15412.0
2024-03-01 10:54:00,IONM,0.3449000120162964,0.3449000120162964,0.3449000120162964,0.3449000120162964,0.3449000120162964,200.0
2024-03-01 10:54:00,IONS,45.91999816894531,45.91999816894531,45.91999816894531,45.8849983215332,45.91999816894531,1099.0
2024-03-01 10:54:00,IOVA,16.479999542236328,16.479999542236328,16.4950008392334,16.469999313354492,16.489999771118164,9600.0
2024-03-01 10:54:00,IRIX,2.5799999237060547,2.5799999237060547,2.5799999237060547,2.5799999237060547,2.5799999237060547,100.0
2024-03-01 10:54:00,IRTC,120.12000274658203,120.12000274658203,120.12000274658203,120.12000274658203,120.12000274658203,342.0
2024-03-01 10:54:00,IRWD,8.914999961853027,8.914999961853027,8.925000190734863,8.914999961853027,8.925000190734863,4897.0
2024-03-01 10:54:00,ISRG,391.7449951171875,391.7449951171875,391.989990234375,391.7449951171875,391.8900146484375,1864.0
2024-03-01 10:54:00,IVVD,4.03000020980835,4.03000020980835,4.03000020980835,3.990000009536743,4.0,1236.0
2024-03-01 10:54:00,JAGX,0.08510000258684158,0.08510000258684158,0.0851999968290329,0.08299999684095383,0.08479999750852585,824474.0
2024-03-01 10:54:00,JANX,46.689998626708984,46.689998626708984,47.099998474121094,46.68000030517578,46.81999969482422,2605.0
2024-03-01 10:54:00,JAZZ,120.0,120.0,120.0199966430664,119.94999694824219,119.94999694824219,1406.0
2024-03-01 10:54:00,KALV,14.03499984741211,14.03499984741211,14.0600004196167,14.03499984741211,14.0600004196167,524.0
2024-03-01 10:54:00,KIDS,27.024999618530273,27.024999618530273,27.299999237060547,27.024999618530273,27.299999237060547,5806.0
2024-03-01 10:54:00,KNSA,21.850000381469727,21.850000381469727,21.850000381469727,21.850000381469727,21.850000381469727,109.0
2024-03-01 10:54:00,KPTI,1.2300000190734863,1.2300000190734863,1.2300000190734863,1.225000023841858,1.2280000448226929,3034.0
2024-03-01 10:54:00,KRMD,2.109999895095825,2.109999895095825,2.109999895095825,2.109999895095825,2.109999895095825,193.0
2024-03-01 10:54:00,KRYS,168.44000244140625,168.44000244140625,168.44000244140625,168.19000244140625,168.19000244140625,211.0
2024-03-01 10:54:00,KTRA,0.10100000351667404,0.10100000351667404,0.10109999775886536,0.10100000351667404,0.10109999775886536,42986.0
2024-03-01 10:54:00,KURA,21.270000457763672,21.270000457763672,21.270000457763672,21.25,21.260000228881836,382.0
2024-03-01 10:54:00,KYMR,44.22999954223633,44.22999954223633,44.22999954223633,44.22999954223633,44.22999954223633,251.0
2024-03-01 10:54:00,KZIA,0.23309999704360962,0.23309999704360962,0.23309999704360962,0.23309999704360962,0.23309999704360962,340.0
2024-03-01 10:54:00,KZR,1.1201000213623047,1.1201000213623047,1.1201000213623047,1.1201000213623047,1.1201000213623047,19822.0
2024-03-01 10:54:00,LAB,2.365000009536743,2.365000009536743,2.369999885559082,2.365000009536743,2.369999885559082,300.0
2024-03-01 10:54:00,LBPH,22.065000534057617,22.065000534057617,22.155000686645508,22.049999237060547,22.1200008392334,1910.0
2024-03-01 10:54:00,LFST,7.994999885559082,7.994999885559082,7.994999885559082,7.994999885559082,7.994999885559082,207.0
2024-03-01 10:54:00,LGVN,0.5454000234603882,0.5454000234603882,0.5454000234603882,0.5454000234603882,0.5454000234603882,100.0
2024-03-01 10:54:00,LIAN,4.860000133514404,4.860000133514404,4.860000133514404,4.860000133514404,4.860000133514404,151.0
2024-03-01 10:54:00,LIFE,1.9300999641418457,1.9300999641418457,1.9300999641418457,1.9299999475479126,1.9299999475479126,3450.0
2024-03-01 10:54:00,LIVN,54.94499969482422,54.94499969482422,54.94499969482422,54.939998626708984,54.939998626708984,242.0
2024-03-01 10:54:00,LMAT,68.02999877929688,68.02999877929688,68.13999938964844,68.02999877929688,68.13999938964844,471.0
2024-03-01 10:54:00,LNTH,65.58999633789062,65.58999633789062,65.58999633789062,65.58999633789062,65.58999633789062,261.0
2024-03-01 10:54:00,LQDA,14.449999809265137,14.449999809265137,14.479999542236328,14.449999809265137,14.479999542236328,536.0
2024-03-01 10:54:00,LRMR,11.010000228881836,11.010000228881836,11.010000228881836,11.010000228881836,11.010000228881836,124.0
2024-03-01 10:54:00,LYEL,3.149199962615967,3.149199962615967,3.149199962615967,3.149199962615967,3.149199962615967,2123.0
2024-03-01 10:54:00,LYRA,5.474999904632568,5.474999904632568,5.485000133514404,5.46999979019165,5.485000133514404,1464.0
2024-03-01 10:54:00,MCRB,1.190000057220459,1.190000057220459,1.1950000524520874,1.190000057220459,1.190000057220459,7369.0
2024-03-01 10:54:00,MDGL,241.56500244140625,241.56500244140625,241.56500244140625,241.56500244140625,241.56500244140625,311.0
2024-03-01 10:54:00,MDRX,5.800000190734863,5.800000190734863,5.849999904632568,5.75,5.849999904632568,18990.0
2024-03-01 10:54:00,MDWD,14.425000190734863,14.425000190734863,14.425000190734863,14.425000190734863,14.425000190734863,416.0
2024-03-01 10:54:00,MDXG,8.505000114440918,8.505000114440918,8.505000114440918,8.505000114440918,8.505000114440918,500.0
2024-03-01 10:54:00,ME,0.5806000232696533,0.5806000232696533,0.5835000276565552,0.5806000232696533,0.5835000276565552,704.0
2024-03-01 10:54:00,MESO,2.0299999713897705,2.0299999713897705,2.0299999713897705,2.0299999713897705,2.0299999713897705,179.0
2024-03-01 10:54:00,MGNX,19.145000457763672,19.145000457763672,19.15999984741211,19.13800048828125,19.149999618530273,1447.0
2024-03-01 10:54:00,MIRM,29.860000610351562,29.860000610351562,29.860000610351562,29.850000381469727,29.850000381469727,436.0
2024-03-01 10:54:00,MLTX,51.189998626708984,51.189998626708984,51.34000015258789,50.91999816894531,51.060001373291016,4799.0
2024-03-01 10:54:00,MMSI,76.38999938964844,76.38999938964844,76.41999816894531,76.38999938964844,76.41999816894531,663.0
2024-03-01 10:54:00,MNKD,4.540599822998047,4.540599822998047,4.545000076293945,4.534999847412109,4.545000076293945,4928.0
2024-03-01 10:54:00,MNMD,5.869999885559082,5.869999885559082,5.880000114440918,5.869999885559082,5.880000114440918,377.0
2024-03-01 10:54:00,MOR,17.68630027770996,17.68630027770996,17.690000534057617,17.684999465942383,17.684999465942383,1097.0
2024-03-01 10:54:00,MORF,38.4900016784668,38.4900016784668,38.560001373291016,38.4900016784668,38.52000045776367,813.0
2024-03-01 10:54:00,MREO,3.881200075149536,3.881200075149536,3.884999990463257,3.881200075149536,3.884999990463257,195.0
2024-03-01 10:54:00,MRNA,95.29000091552734,95.29000091552734,95.33999633789062,95.18000030517578,95.26000213623047,5550.0
2024-03-01 10:54:00,MRNS,9.739999771118164,9.739999771118164,9.771300315856934,9.739999771118164,9.771300315856934,2218.0
2024-03-01 10:54:00,MRSN,5.775000095367432,5.775000095367432,5.824999809265137,5.775000095367432,5.795000076293945,7050.0
2024-03-01 10:54:00,MRUS,49.98500061035156,49.98500061035156,49.98500061035156,49.900001525878906,49.900001525878906,1026.0
2024-03-01 10:54:00,MRVI,7.858799934387207,7.858799934387207,7.858799934387207,7.829999923706055,7.829999923706055,2957.0
2024-03-01 10:54:00,MYGN,21.559999465942383,21.559999465942383,21.559999465942383,21.540000915527344,21.540000915527344,830.0
2024-03-01 10:54:00,NARI,45.61000061035156,45.61000061035156,45.61000061035156,45.61000061035156,45.61000061035156,909.0
2024-03-01 10:54:00,NBIX,130.8800048828125,130.8800048828125,131.00250244140625,130.83999633789062,130.96499633789062,6424.0
2024-03-01 10:54:00,NDRA,1.1299999952316284,1.1299999952316284,1.1299999952316284,1.1299999952316284,1.1299999952316284,283.0
2024-03-01 10:54:00,NEO,16.100000381469727,16.100000381469727,16.100000381469727,16.09000015258789,16.09000015258789,840.0
2024-03-01 10:54:00,NERV,2.430000066757202,2.430000066757202,2.5,2.430000066757202,2.5,10768.0
2024-03-01 10:54:00,NKTR,0.7476000189781189,0.7476000189781189,0.7476000189781189,0.7439000010490417,0.7439000010490417,1677.0
2024-03-01 10:54:00,NKTX,12.374500274658203,12.374500274658203,12.374500274658203,12.374500274658203,12.374500274658203,815.0
2024-03-01 10:54:00,NNOX,10.929900169372559,10.929900169372559,10.949999809265137,10.929900169372559,10.9399995803833,3216.0
2024-03-01 10:54:00,NOTV,7.869999885559082,7.869999885559082,7.869999885559082,7.84499979019165,7.869900226593018,6597.0
2024-03-01 10:54:00,NRBO,5.670000076293945,5.670000076293945,5.670000076293945,5.670000076293945,5.670000076293945,203.0
2024-03-01 10:54:00,NRIX,13.295000076293945,13.295000076293945,13.300000190734863,13.279999732971191,13.295000076293945,4139.0
2024-03-01 10:54:00,NRXP,0.43160000443458557,0.43160000443458557,0.4359999895095825,0.41999998688697815,0.41999998688697815,7762.0
2024-03-01 10:54:00,NRXPW,0.1500999927520752,0.1500999927520752,0.1500999927520752,0.1500999927520752,0.1500999927520752,556.0
2024-03-01 10:54:00,NTLA,33.29999923706055,33.29999923706055,33.29999923706055,33.209999084472656,33.29999923706055,4690.0
2024-03-01 10:54:00,NTRA,88.8499984741211,88.8499984741211,88.95999908447266,88.8499984741211,88.95999908447266,2744.0
2024-03-01 10:54:00,NVAX,5.184999942779541,5.184999942779541,5.199999809265137,5.184999942779541,5.190800189971924,15315.0
2024-03-01 10:54:00,NVCR,16.020000457763672,16.020000457763672,16.030000686645508,15.979999542236328,15.984999656677246,2275.0
2024-03-01 10:54:00,NXTC,1.784999966621399,1.784999966621399,1.784999966621399,1.784999966621399,1.784999966621399,100.0
2024-03-01 10:54:00,OCGN,0.9200000166893005,0.9200000166893005,0.9200000166893005,0.9200000166893005,0.9200000166893005,223.0
2024-03-01 10:54:00,OCUL,10.335000038146973,10.335000038146973,10.345000267028809,10.33080005645752,10.33080005645752,1631.0
2024-03-01 10:54:00,OCUP,2.509999990463257,2.509999990463257,2.509999990463257,2.5,2.509999990463257,1270.0
2024-03-01 10:54:00,OFIX,13.0,13.0,13.0,12.989999771118164,12.989999771118164,1607.0
2024-03-01 10:54:00,OLK,22.639999389648438,22.639999389648438,22.639999389648438,22.639999389648438,22.639999389648438,592.0
2024-03-01 10:54:00,OLMA,12.729999542236328,12.729999542236328,12.760000228881836,12.729999542236328,12.760000228881836,560.0
2024-03-01 10:54:00,OM,3.075000047683716,3.075000047683716,3.0799999237060547,3.069999933242798,3.0799999237060547,1900.0
2024-03-01 10:54:00,OMCL,26.399999618530273,26.399999618530273,26.399999618530273,26.399999618530273,26.399999618530273,500.0
2024-03-01 10:54:00,ONCT,9.989899635314941,9.989899635314941,9.989899635314941,9.989899635314941,9.989899635314941,216.0
2024-03-01 10:55:00,AADI,1.9850000143051147,1.9850000143051147,1.9850000143051147,1.9800000190734863,1.9800000190734863,306.0
2024-03-01 10:55:00,ABCL,5.159999847412109,5.159999847412109,5.159999847412109,5.150000095367432,5.150000095367432,1085.0
2024-03-01 10:55:00,ABEO,7.380000114440918,7.380000114440918,7.380000114440918,7.380000114440918,7.380000114440918,366.0
2024-03-01 10:55:00,ABOS,4.659999847412109,4.659999847412109,4.659999847412109,4.639999866485596,4.639999866485596,329.0
2024-03-01 10:55:00,ABSI,5.150000095367432,5.150000095367432,5.150000095367432,5.139999866485596,5.139999866485596,1963.0
2024-03-01 10:55:00,ACAD,24.010000228881836,24.010000228881836,24.010000228881836,23.940000534057617,23.950000762939453,3577.0
2024-03-01 10:55:00,ACB,3.0850000381469727,3.0850000381469727,3.0850000381469727,3.0799999237060547,3.0799999237060547,725.0
2024-03-01 10:55:00,ACCD,10.210000038146973,10.210000038146973,10.210000038146973,10.210000038146973,10.210000038146973,603.0
2024-03-01 10:55:00,ACET,2.380000114440918,2.380000114440918,2.380000114440918,2.3687000274658203,2.3687000274658203,2533.0
2024-03-01 10:55:00,ACHL,1.3696999549865723,1.3696999549865723,1.3696999549865723,1.3696999549865723,1.3696999549865723,1008.0
2024-03-01 10:55:00,ACLX,68.30000305175781,68.30000305175781,68.30000305175781,68.30000305175781,68.30000305175781,652.0
2024-03-01 10:55:00,ACRS,1.2300000190734863,1.2300000190734863,1.2300000190734863,1.2209999561309814,1.2300000190734863,7246.0
2024-03-01 10:55:00,ADIL,3.3362998962402344,3.3362998962402344,3.3399999141693115,3.2899999618530273,3.339900016784668,21986.0
2024-03-01 10:55:00,ADMA,5.389999866485596,5.389999866485596,5.389999866485596,5.385000228881836,5.385000228881836,5067.0
2024-03-01 10:55:00,ADPT,4.235000133514404,4.235000133514404,4.235000133514404,4.210000038146973,4.215000152587891,981.0
2024-03-01 10:55:00,ADVM,1.9299999475479126,1.9299999475479126,1.9299999475479126,1.9249999523162842,1.9249999523162842,292.0
2024-03-01 10:55:00,AGEN,0.6700000166893005,0.6700000166893005,0.6700999736785889,0.6700000166893005,0.6700999736785889,1363.0
2024-03-01 10:55:00,AGIO,32.845001220703125,32.845001220703125,32.849998474121094,32.845001220703125,32.845001220703125,756.0
2024-03-01 10:55:00,AHCO,10.664999961853027,10.664999961853027,10.664999961853027,10.630000114440918,10.630000114440918,701.0
2024-03-01 10:55:00,AIRS,6.510000228881836,6.510000228881836,6.510000228881836,6.480000019073486,6.480000019073486,753.0
2024-03-01 10:55:00,AKAN,0.2506999969482422,0.2506999969482422,0.2506999969482422,0.25060001015663147,0.25060001015663147,762.0
2024-03-01 10:55:00,AKBA,1.659999966621399,1.659999966621399,1.659999966621399,1.659999966621399,1.659999966621399,31.0
2024-03-01 10:55:00,AKLI,0.34779998660087585,0.34779998660087585,0.34790000319480896,0.34779998660087585,0.34790000319480896,352.0
2024-03-01 10:55:00,AKRO,29.3700008392334,29.3700008392334,29.3700008392334,29.059999465942383,29.1200008392334,13029.0
2024-03-01 10:55:00,ALEC,7.514999866485596,7.514999866485596,7.514999866485596,7.510000228881836,7.510000228881836,3110.0
2024-03-01 10:55:00,ALGS,1.004699945449829,1.004699945449829,1.004699945449829,1.004699945449829,1.004699945449829,500.0
2024-03-01 10:55:00,ALHC,5.764999866485596,5.764999866485596,5.764999866485596,5.760000228881836,5.760000228881836,48125.0
2024-03-01 10:55:00,ALKS,30.18000030517578,30.18000030517578,30.18000030517578,30.139999389648438,30.139999389648438,1642.0
2024-03-01 10:55:00,ALLK,1.600000023841858,1.600000023841858,1.600000023841858,1.600000023841858,1.600000023841858,200.0
2024-03-01 10:55:00,ALLO,5.0,5.0,5.0,4.985000133514404,4.989999771118164,4042.0
2024-03-01 10:55:00,ALPN,36.209999084472656,36.209999084472656,36.209999084472656,36.119998931884766,36.119998931884766,1993.0
2024-03-01 10:55:00,ALT,12.279999732971191,12.279999732971191,12.294599533081055,12.246500015258789,12.25,11976.0
2024-03-01 10:55:00,ALVR,0.7548999786376953,0.7548999786376953,0.7548999786376953,0.7548999786376953,0.7548999786376953,201.0
2024-03-01 10:55:00,AMGN,280.635009765625,280.635009765625,280.67498779296875,280.55499267578125,280.67498779296875,4369.0
2024-03-01 10:55:00,AMLX,18.834999084472656,18.834999084472656,18.850000381469727,18.799999237060547,18.809999465942383,1748.0
2024-03-01 10:55:00,AMPH,45.38999938964844,45.38999938964844,45.45000076293945,45.33000183105469,45.45000076293945,3299.0
2024-03-01 10:55:00,AMRN,1.034999966621399,1.034999966621399,1.0399999618530273,1.0311000347137451,1.0399999618530273,2229.0
2024-03-01 10:55:00,ANAB,25.469999313354492,25.469999313354492,25.469999313354492,25.459999084472656,25.459999084472656,282.0
2024-03-01 10:55:00,ANGO,5.460000038146973,5.460000038146973,5.460000038146973,5.445000171661377,5.445000171661377,1644.0
2024-03-01 10:55:00,ANIK,24.7450008392334,24.7450008392334,24.7450008392334,24.739999771118164,24.739999771118164,902.0
2024-03-01 10:55:00,ANIP,66.98500061035156,66.98500061035156,67.0,66.95500183105469,67.0,625.0
2024-03-01 10:55:00,ANNX,5.974999904632568,5.974999904632568,5.986800193786621,5.920000076293945,5.920000076293945,31042.0
2024-03-01 10:55:00,ANTX,2.950000047683716,2.950000047683716,2.950000047683716,2.950000047683716,2.950000047683716,201.0
2024-03-01 10:55:00,APLS,64.4800033569336,64.4800033569336,64.51000213623047,64.41999816894531,64.47000122070312,1377.0
2024-03-01 10:55:00,APLT,7.070000171661377,7.070000171661377,7.110000133514404,7.059999942779541,7.079999923706055,8210.0
2024-03-01 10:55:00,AQST,4.255899906158447,4.255899906158447,4.255899906158447,4.235000133514404,4.239999771118164,15472.0
2024-03-01 10:55:00,ARAY,2.621000051498413,2.621000051498413,2.625,2.6110999584198,2.6110999584198,1691.0
2024-03-01 10:55:00,ARCT,39.959999084472656,39.959999084472656,39.959999084472656,39.79690170288086,39.79690170288086,1786.0
2024-03-01 10:55:00,ARDX,9.545000076293945,9.545000076293945,9.545000076293945,9.520000457763672,9.529999732971191,6514.0
2024-03-01 10:55:00,ARQT,11.151300430297852,11.151300430297852,11.15999984741211,11.100000381469727,11.100000381469727,7441.0
2024-03-01 10:55:00,ARVN,50.64500045776367,50.64500045776367,50.71739959716797,50.61970138549805,50.61970138549805,1363.0
2024-03-01 10:55:00,ARWR,35.119998931884766,35.119998931884766,35.33000183105469,35.099998474121094,35.11000061035156,19259.0
2024-03-01 10:55:00,ASLN,0.8341000080108643,0.8341000080108643,0.8341000080108643,0.8341000080108643,0.8341000080108643,287.0
2024-03-01 10:55:00,ASND,149.02999877929688,149.02999877929688,149.02999877929688,149.02999877929688,149.02999877929688,500.0
2024-03-01 10:55:00,ASRT,0.9200000166893005,0.9200000166893005,0.9200000166893005,0.9200000166893005,0.9200000166893005,300.0
2024-03-01 10:55:00,ATEC,13.470000267028809,13.470000267028809,13.470000267028809,13.454999923706055,13.454999923706055,2699.0
2024-03-01 10:55:00,ATRA,0.8102999925613403,0.8102999925613403,0.8102999925613403,0.8102999925613403,0.8102999925613403,426.0
2024-03-01 10:55:00,ATRC,35.880001068115234,35.880001068115234,35.880001068115234,35.849998474121094,35.849998474121094,1555.0
2024-03-01 10:55:00,ATXI,0.15289999544620514,0.15289999544620514,0.1534000039100647,0.15279999375343323,0.15279999375343323,18224.0
2024-03-01 10:55:00,ATXS,15.125,15.125,15.149999618530273,15.125,15.149999618530273,324.0
2024-03-01 10:55:00,AUGX,4.559999942779541,4.559999942779541,4.559999942779541,4.559999942779541,4.559999942779541,252.0
2024-03-01 10:55:00,AUPH,5.824999809265137,5.824999809265137,5.824999809265137,5.815000057220459,5.815000057220459,1086.0
2024-03-01 10:55:00,AUTL,6.150000095367432,6.150000095367432,6.150000095367432,6.150000095367432,6.150000095367432,581.0
2024-03-01 10:55:00,AVDL,12.789999961853027,12.789999961853027,12.800000190734863,12.770000457763672,12.779999732971191,3474.0
2024-03-01 10:55:00,AVIR,4.380000114440918,4.380000114440918,4.389999866485596,4.380000114440918,4.385000228881836,2034.0
2024-03-01 10:55:00,AVTE,22.75,22.75,22.75,22.600000381469727,22.610000610351562,400.0
2024-03-01 10:55:00,AVXL,5.335000038146973,5.335000038146973,5.340000152587891,5.329999923706055,5.329999923706055,3019.0
2024-03-01 10:55:00,AXGN,10.5,10.5,10.5,10.5,10.5,1024.0
2024-03-01 10:55:00,AXSM,84.02999877929688,84.02999877929688,84.02999877929688,83.93499755859375,83.93499755859375,655.0
2024-03-01 10:55:00,AZN,64.64990234375,64.64990234375,64.64990234375,64.625,64.62999725341797,2327.0
2024-03-01 10:55:00,AZTA,66.55000305175781,66.55000305175781,66.56999969482422,66.5416030883789,66.5416030883789,2826.0
2024-03-01 10:55:00,BBIO,36.16999816894531,36.16999816894531,36.16999816894531,36.029998779296875,36.060001373291016,1728.0
2024-03-01 10:55:00,BCAB,2.815000057220459,2.815000057220459,2.815000057220459,2.805000066757202,2.805000066757202,840.0
2024-03-01 10:55:00,BCEL,0.27149999141693115,0.27149999141693115,0.27149999141693115,0.26840001344680786,0.26840001344680786,17501.0
2024-03-01 10:55:00,BCRX,5.885000228881836,5.885000228881836,5.885000228881836,5.860000133514404,5.860000133514404,3308.0
2024-03-01 10:55:00,BDSX,1.6299999952316284,1.6299999952316284,1.6299999952316284,1.6299999952316284,1.6299999952316284,1084.0
2024-03-01 10:55:00,BDTX,5.059999942779541,5.059999942779541,5.059999942779541,5.014999866485596,5.019999980926514,2698.0
2024-03-01 10:55:00,BEAM,40.560001373291016,40.560001373291016,40.560001373291016,40.369998931884766,40.46049880981445,1654.0
2024-03-01 10:55:00,BGXX,0.2639000117778778,0.2639000117778778,0.2639000117778778,0.26249998807907104,0.26249998807907104,578.0
2024-03-01 10:55:00,BIOL,0.13940000534057617,0.13940000534057617,0.13940000534057617,0.1386999934911728,0.1386999934911728,3800.0
2024-03-01 10:55:00,BIOR,1.2400000095367432,1.2400000095367432,1.25,1.2400000095367432,1.25,1508.0
2024-03-01 10:55:00,BIVI,2.299999952316284,2.299999952316284,2.427299976348877,2.2799999713897705,2.4200000762939453,283454.0
2024-03-01 10:55:00,BLCM,0.08205000311136246,0.08205000311136246,0.08205000311136246,0.08205000311136246,0.08205000311136246,100.0
2024-03-01 10:55:00,BLFS,17.875,17.875,17.875,17.875,17.875,281.0
2024-03-01 10:55:00,BLRX,1.3997000455856323,1.3997000455856323,1.3997000455856323,1.3997000455856323,1.3997000455856323,254.0
2024-03-01 10:55:00,BLUE,1.6349999904632568,1.6349999904632568,1.6399999856948853,1.625,1.6289000511169434,30668.0
2024-03-01 10:55:00,BMEA,17.75,17.75,17.75,17.6299991607666,17.6299991607666,1532.0
2024-03-01 10:55:00,BMRN,86.69999694824219,86.69999694824219,86.69999694824219,86.62000274658203,86.66500091552734,2501.0
2024-03-01 10:55:00,BNTX,92.0,92.0,92.04550170898438,91.91000366210938,91.91999816894531,2767.0
2024-03-01 10:55:00,BPMC,96.94499969482422,96.94499969482422,96.94499969482422,96.8147964477539,96.83999633789062,3644.0
2024-03-01 10:55:00,BRKR,87.7249984741211,87.7249984741211,87.73999786376953,87.6500015258789,87.6500015258789,2346.0
2024-03-01 10:55:00,BRTX,1.4950000047683716,1.4950000047683716,1.4950000047683716,1.4950000047683716,1.4950000047683716,700.0
2024-03-01 10:55:00,BTAI,3.25,3.25,3.25,3.25,3.25,587.0
2024-03-01 10:55:00,BTTX,0.16949999332427979,0.16949999332427979,0.16949999332427979,0.16899999976158142,0.16910000145435333,21600.0
2024-03-01 10:55:00,BVS,4.670000076293945,4.670000076293945,4.670000076293945,4.670000076293945,4.670000076293945,832.0
2024-03-01 10:55:00,CABA,24.040000915527344,24.040000915527344,24.040000915527344,23.920000076293945,23.920000076293945,3963.0
2024-03-01 10:55:00,CARA,0.9025999903678894,0.9025999903678894,0.9025999903678894,0.9025999903678894,0.9025999903678894,2208.0
2024-03-01 10:55:00,CBAY,32.220001220703125,32.220001220703125,32.22999954223633,32.21500015258789,32.220001220703125,5530.0
2024-03-01 10:55:00,CCCC,11.104999542236328,11.104999542236328,11.104999542236328,11.085000038146973,11.09000015258789,3521.0
2024-03-01 10:55:00,CCRN,18.024999618530273,18.024999618530273,18.024999618530273,18.024999618530273,18.024999618530273,160.0
2024-03-01 10:55:00,CDMO,8.220000267028809,8.220000267028809,8.220000267028809,8.199999809265137,8.199999809265137,855.0
2024-03-01 10:55:00,CDNA,12.289999961853027,12.289999961853027,12.300000190734863,12.239999771118164,12.239999771118164,1442.0
2024-03-01 10:55:00,CDXS,4.420000076293945,4.420000076293945,4.445000171661377,4.405200004577637,4.409999847412109,6973.0
2024-03-01 10:55:00,CELC,16.059999465942383,16.059999465942383,16.059999465942383,16.059999465942383,16.059999465942383,109.0
2024-03-01 10:55:00,CERE,41.220001220703125,41.220001220703125,41.224998474121094,41.209999084472656,41.220001220703125,2913.0
2024-03-01 10:55:00,CERS,2.2100000381469727,2.2100000381469727,2.2100000381469727,2.2049999237060547,2.2049999237060547,663.0
2024-03-01 10:55:00,CERT,17.93000030517578,17.93000030517578,17.93000030517578,17.885000228881836,17.885000228881836,965.0
2024-03-01 10:55:00,CGC,3.255000114440918,3.255000114440918,3.255000114440918,3.2509000301361084,3.2509000301361084,2355.0
2024-03-01 10:55:00,CGEM,18.81999969482422,18.81999969482422,18.81999969482422,18.81999969482422,18.81999969482422,200.0
2024-03-01 10:55:00,CGEN,2.690000057220459,2.690000057220459,2.690000057220459,2.680799961090088,2.680799961090088,719.0
2024-03-01 10:55:00,CHRS,2.325000047683716,2.325000047683716,2.325000047683716,2.319999933242798,2.319999933242798,3782.0
2024-03-01 10:55:00,CKPT,2.150099992752075,2.150099992752075,2.150099992752075,2.150099992752075,2.150099992752075,3504.0
2024-03-01 10:55:00,CLDX,52.77000045776367,52.77000045776367,52.77000045776367,52.53499984741211,52.58000183105469,2647.0
2024-03-01 10:55:00,CLNN,0.39489999413490295,0.39489999413490295,0.39489999413490295,0.39489999413490295,0.39489999413490295,128.0
2024-03-01 10:55:00,CLOV,0.8641999959945679,0.8641999959945679,0.8654999732971191,0.8640999794006348,0.8651999831199646,60486.0
2024-03-01 10:55:00,CLVR,3.950000047683716,3.950000047683716,4.079999923706055,3.950000047683716,4.079999923706055,1854.0
2024-03-01 10:55:00,CMPS,10.899999618530273,10.899999618530273,10.899999618530273,10.819999694824219,10.819999694824219,1916.0
2024-03-01 10:55:00,CMRX,1.1299999952316284,1.1299999952316284,1.1299999952316284,1.1201000213623047,1.125,16270.0
2024-03-01 10:55:00,CNSP,0.32010000944137573,0.32010000944137573,0.32030001282691956,0.32010000944137573,0.32010000944137573,5862.0
2024-03-01 10:55:00,COGT,7.300000190734863,7.300000190734863,7.309999942779541,7.284999847412109,7.284999847412109,3492.0
2024-03-01 10:55:00,CORT,23.770000457763672,23.770000457763672,23.790000915527344,23.770000457763672,23.770000457763672,379.0
2024-03-01 10:55:00,CPRX,17.329999923706055,17.329999923706055,17.329999923706055,17.280000686645508,17.28499984741211,4363.0
2024-03-01 10:55:00,CRBP,31.280000686645508,31.280000686645508,31.280000686645508,31.280000686645508,31.280000686645508,165.0
2024-03-01 10:55:00,CRBU,8.154999732971191,8.154999732971191,8.154999732971191,8.135000228881836,8.140000343322754,4496.0
2024-03-01 10:55:00,CRDF,2.4800000190734863,2.4800000190734863,2.5,2.4600000381469727,2.460599899291992,24569.0
2024-03-01 10:55:00,CRDL,1.9320000410079956,1.9320000410079956,1.9320000410079956,1.9299999475479126,1.9299999475479126,569.0
2024-03-01 10:55:00,CRMD,3.690000057220459,3.690000057220459,3.690000057220459,3.690000057220459,3.690000057220459,749.0
2024-03-01 10:55:00,CRNX,46.0099983215332,46.0099983215332,46.0099983215332,45.82500076293945,45.88999938964844,725.0
2024-03-01 10:55:00,CRON,2.049999952316284,2.049999952316284,2.049999952316284,2.049999952316284,2.049999952316284,374.0
2024-03-01 10:55:00,CRSP,85.91000366210938,85.91000366210938,85.91500091552734,85.69999694824219,85.69999694824219,2603.0
2024-03-01 10:55:00,CTKB,8.300000190734863,8.300000190734863,8.305000305175781,8.260000228881836,8.260000228881836,1551.0
2024-03-01 10:55:00,CTMX,2.5,2.5,2.5,2.5,2.5,5094.0
2024-03-01 10:55:00,CUE,2.199899911880493,2.199899911880493,2.199899911880493,2.1707000732421875,2.1707000732421875,2727.0
2024-03-01 10:55:00,CVRX,19.770000457763672,19.770000457763672,19.770000457763672,19.770000457763672,19.770000457763672,109.0
2024-03-01 10:55:00,CYTH,1.6399999856948853,1.6399999856948853,1.6399999856948853,1.6399999856948853,1.6399999856948853,135.0
2024-03-01 10:55:00,CYTK,74.69499969482422,74.69499969482422,74.69499969482422,74.59500122070312,74.5999984741211,1319.0
2024-03-01 10:55:00,CYTO,2.0606000423431396,2.0606000423431396,2.0606000423431396,2.0606000423431396,2.0606000423431396,285.0
2024-03-01 10:55:00,DARE,0.5781000256538391,0.5781000256538391,0.5799000263214111,0.578000009059906,0.5799000263214111,3245.0
2024-03-01 10:55:00,DAWN,17.270000457763672,17.270000457763672,17.270000457763672,17.270000457763672,17.270000457763672,329.0
2024-03-01 10:55:00,DCGO,4.114999771118164,4.114999771118164,4.114999771118164,4.102499961853027,4.105000019073486,0.0
2024-03-01 10:55:00,DCPH,17.100000381469727,17.100000381469727,17.100000381469727,17.079999923706055,17.084999084472656,972.0
2024-03-01 10:55:00,DH,9.079999923706055,9.079999923706055,9.079999923706055,9.079999923706055,9.079999923706055,243.0
2024-03-01 10:55:00,DMTK,0.8500999808311462,0.8500999808311462,0.8525000214576721,0.8500000238418579,0.8525000214576721,7541.0
2024-03-01 10:55:00,DNLI,20.84000015258789,20.84000015258789,20.84000015258789,20.760000228881836,20.760000228881836,2597.0
2024-03-01 10:55:00,DSGN,2.884999990463257,2.884999990463257,2.890000104904175,2.884999990463257,2.890000104904175,300.0
2024-03-01 10:55:00,DTIL,12.50059986114502,12.50059986114502,12.829899787902832,12.50059986114502,12.672499656677246,1365.0
2024-03-01 10:55:00,DVAX,12.8149995803833,12.8149995803833,12.819999694824219,12.8100004196167,12.8149995803833,1290.0
2024-03-01 10:55:00,DXCM,119.11499786376953,119.11499786376953,119.17500305175781,118.96499633789062,119.02999877929688,3624.0
2024-03-01 10:55:00,DYN,29.510000228881836,29.510000228881836,29.510000228881836,29.292499542236328,29.292499542236328,4580.0
2024-03-01 10:55:00,EDIT,10.9399995803833,10.9399995803833,10.9399995803833,10.880000114440918,10.880000114440918,11655.0
2024-03-01 10:55:00,EFTR,14.843000411987305,14.843000411987305,14.843000411987305,14.843000411987305,14.843000411987305,175.0
2024-03-01 10:55:00,EGRX,6.579999923706055,6.579999923706055,6.579999923706055,6.579999923706055,6.579999923706055,176.0
2024-03-01 10:55:00,ELEV,5.139999866485596,5.139999866485596,5.150000095367432,5.079999923706055,5.090000152587891,6608.0
2024-03-01 10:55:00,EMBC,14.390000343322754,14.390000343322754,14.390000343322754,14.380000114440918,14.380000114440918,338.0
2024-03-01 10:55:00,ENVB,1.6289000511169434,1.6289000511169434,1.6298999786376953,1.6200000047683716,1.6200000047683716,0.0
2024-03-01 10:55:00,EOLS,14.595000267028809,14.595000267028809,14.609999656677246,14.595000267028809,14.609999656677246,698.0
2024-03-01 10:55:00,EPIX,9.765000343322754,9.765000343322754,9.765000343322754,9.765000343322754,9.765000343322754,102.0
2024-03-01 10:55:00,ERAS,2.509999990463257,2.509999990463257,2.509999990463257,2.509999990463257,2.509999990463257,3933.0
2024-03-01 10:55:00,ESPR,2.4700000286102295,2.4700000286102295,2.4700000286102295,2.4600000381469727,2.4649999141693115,11354.0
2024-03-01 10:55:00,ETNB,12.979999542236328,12.979999542236328,12.979999542236328,12.944999694824219,12.944999694824219,2175.0
2024-03-01 10:55:00,EWTX,16.950000762939453,16.950000762939453,17.020000457763672,16.950000762939453,17.020000457763672,4437.0
2024-03-01 10:55:00,EXAI,6.730000019073486,6.730000019073486,6.735000133514404,6.730000019073486,6.735000133514404,1323.0
2024-03-01 10:55:00,EXAS,60.005001068115234,60.005001068115234,60.0099983215332,59.900001525878906,59.900001525878906,4095.0
2024-03-01 10:55:00,EXEL,22.530000686645508,22.530000686645508,22.549400329589844,22.510000228881836,22.545000076293945,6518.0
2024-03-01 10:55:00,EYEN,2.2149999141693115,2.2149999141693115,2.2149999141693115,2.2000999450683594,2.2000999450683594,370.0
2024-03-01 10:55:00,EYPT,28.18000030517578,28.18000030517578,28.219999313354492,28.1200008392334,28.1200008392334,2904.0
2024-03-01 10:55:00,FATE,7.485000133514404,7.485000133514404,7.485000133514404,7.460000038146973,7.460000038146973,3726.0
2024-03-01 10:55:00,FBIO,2.2300000190734863,2.2300000190734863,2.2300000190734863,2.2200000286102295,2.2200000286102295,3495.0
2024-03-01 10:55:00,FDMT,29.364999771118164,29.364999771118164,29.364999771118164,29.354999542236328,29.354999542236328,301.0
2024-03-01 10:55:00,FGEN,1.774999976158142,1.774999976158142,1.7799999713897705,1.774999976158142,1.774999976158142,61.0
2024-03-01 10:55:00,FLGT,23.040000915527344,23.040000915527344,23.040000915527344,23.040000915527344,23.040000915527344,684.0
2024-03-01 10:55:00,FOLD,13.550000190734863,13.550000190734863,13.550000190734863,13.539999961853027,13.545000076293945,2793.0
2024-03-01 10:55:00,FULC,10.710000038146973,10.710000038146973,10.710000038146973,10.710000038146973,10.710000038146973,277.0
2024-03-01 10:55:00,FUSN,12.029999732971191,12.029999732971191,12.029999732971191,12.029999732971191,12.029999732971191,152.0
2024-03-01 10:55:00,GBIO,2.5999999046325684,2.5999999046325684,2.5999999046325684,2.5999999046325684,2.5999999046325684,308.0
2024-03-01 10:55:00,GDRX,8.299300193786621,8.299300193786621,8.299300193786621,8.274999618530273,8.279000282287598,1290.0
2024-03-01 10:55:00,GERN,2.130500078201294,2.130500078201294,2.140000104904175,2.125,2.1298999786376953,20745.0
2024-03-01 10:55:00,GH,19.2549991607666,19.2549991607666,19.2549991607666,19.191200256347656,19.200000762939453,4782.0
2024-03-01 10:55:00,GILD,72.4800033569336,72.4800033569336,72.4800033569336,72.43000030517578,72.44999694824219,3900.0
2024-03-01 10:55:00,GLPG,35.150001525878906,35.150001525878906,35.150001525878906,35.150001525878906,35.150001525878906,696.0
2024-03-01 10:55:00,GLUE,6.340099811553955,6.340099811553955,6.400000095367432,6.340099811553955,6.400000095367432,365.0
2024-03-01 10:55:00,GLYC,2.9600000381469727,2.9600000381469727,2.9600000381469727,2.9600000381469727,2.9600000381469727,195.0
2024-03-01 10:55:00,GMAB,29.204999923706055,29.204999923706055,29.204999923706055,29.204999923706055,29.204999923706055,303.0
2024-03-01 10:55:00,GMDA,0.3799000084400177,0.3799000084400177,0.3799000084400177,0.3799000084400177,0.3799000084400177,3704.0
2024-03-01 10:55:00,GOSS,1.3700000047683716,1.3700000047683716,1.3799999952316284,1.3700000047683716,1.375,845.0
2024-03-01 10:55:00,GRFS,6.929999828338623,6.929999828338623,6.949999809265137,6.900100231170654,6.900100231170654,4949.0
2024-03-01 10:55:00,GRTS,2.150899887084961,2.150899887084961,2.150899887084961,2.150899887084961,2.150899887084961,1018.0
2024-03-01 10:55:00,GTHX,3.430000066757202,3.430000066757202,3.430000066757202,3.424999952316284,3.424999952316284,538.0
2024-03-01 10:55:00,HALO,41.41999816894531,41.41999816894531,41.41999816894531,41.369998931884766,41.369998931884766,3877.0
2024-03-01 10:55:00,HARP,22.93000030517578,22.93000030517578,22.93000030517578,22.93000030517578,22.93000030517578,367.0
2024-03-01 10:55:00,HCAT,7.989999771118164,7.989999771118164,7.989999771118164,7.989999771118164,7.989999771118164,2367.0
2024-03-01 10:55:00,HCSG,12.704999923706055,12.704999923706055,12.704999923706055,12.6899995803833,12.6899995803833,913.0
2024-03-01 10:55:00,HCTI,2.369999885559082,2.369999885559082,2.380000114440918,2.369999885559082,2.3798999786376953,1450.0
2024-03-01 10:55:00,HITI,1.7699999809265137,1.7699999809265137,1.7699999809265137,1.7599999904632568,1.7599999904632568,805.0
2024-03-01 10:55:00,HOLX,74.05999755859375,74.05999755859375,74.08999633789062,73.98370361328125,73.98370361328125,1819.0
2024-03-01 10:55:00,HQY,81.95999908447266,81.95999908447266,81.95999908447266,81.95999908447266,81.95999908447266,413.0
2024-03-01 10:55:00,HRMY,31.469999313354492,31.469999313354492,31.469999313354492,31.405000686645508,31.43000030517578,1741.0
2024-03-01 10:55:00,HRTX,2.6449999809265137,2.6449999809265137,2.6449999809265137,2.634999990463257,2.640000104904175,8102.0
2024-03-01 10:55:00,HSCS,0.11580000072717667,0.11580000072717667,0.11580000072717667,0.11580000072717667,0.11580000072717667,226.0
2024-03-01 10:55:00,HSIC,77.25,77.25,77.25,77.16500091552734,77.16999816894531,1149.0
2024-03-01 10:55:00,HUMA,3.1500000953674316,3.1500000953674316,3.1600000858306885,3.140000104904175,3.140000104904175,19141.0
2024-03-01 10:55:00,IART,36.970001220703125,36.970001220703125,36.97999954223633,36.95000076293945,36.95000076293945,1129.0
2024-03-01 10:55:00,IBRX,4.9085001945495605,4.9085001945495605,4.920000076293945,4.900000095367432,4.90500020980835,3500.0
2024-03-01 10:55:00,ICAD,1.842900037765503,1.842900037765503,1.842900037765503,1.842900037765503,1.842900037765503,476.0
2024-03-01 10:55:00,ICUI,107.05000305175781,107.05000305175781,107.05000305175781,106.91000366210938,106.91000366210938,4129.0
2024-03-01 10:55:00,IDXX,580.2100219726562,580.2100219726562,580.2100219726562,580.2100219726562,580.2100219726562,373.0
2024-03-01 10:55:00,IDYA,46.310001373291016,46.310001373291016,46.310001373291016,46.220001220703125,46.2400016784668,1254.0
2024-03-01 10:55:00,IFRX,1.8200000524520874,1.8200000524520874,1.8200000524520874,1.8200000524520874,1.8200000524520874,9773.0
2024-03-01 10:55:00,IGMS,13.25,13.25,13.25,13.210000038146973,13.210000038146973,380.0
2024-03-01 10:55:00,ILMN,142.05999755859375,142.05999755859375,142.05999755859375,141.7050018310547,141.7100067138672,2968.0
2024-03-01 10:55:00,IMAB,1.8300000429153442,1.8300000429153442,1.8300000429153442,1.8300000429153442,1.8300000429153442,46.0
2024-03-01 10:55:00,IMMX,3.5690999031066895,3.5690999031066895,3.5690999031066895,3.5690999031066895,3.5690999031066895,336.0
2024-03-01 10:55:00,IMNM,25.110000610351562,25.110000610351562,25.110000610351562,25.059999465942383,25.059999465942383,485.0
2024-03-01 10:55:00,IMTX,13.050000190734863,13.050000190734863,13.0600004196167,13.039999961853027,13.039999961853027,887.0
2024-03-01 10:55:00,IMUX,1.510699987411499,1.510699987411499,1.510699987411499,1.510699987411499,1.510699987411499,2155.0
2024-03-01 10:55:00,IMVT,36.290000915527344,36.290000915527344,36.290000915527344,36.17499923706055,36.18000030517578,1744.0
2024-03-01 10:55:00,INGN,6.829999923706055,6.829999923706055,6.829999923706055,6.800000190734863,6.800000190734863,1180.0
2024-03-01 10:55:00,INMD,22.989999771118164,22.989999771118164,23.0,22.989999771118164,22.989999771118164,2431.0
2024-03-01 10:55:00,INO,8.906499862670898,8.906499862670898,8.906499862670898,8.906499862670898,8.906499862670898,253.0
2024-03-01 10:55:00,INSM,28.43000030517578,28.43000030517578,28.43000030517578,28.3799991607666,28.3799991607666,1579.0
2024-03-01 10:55:00,INVA,15.555000305175781,15.555000305175781,15.5600004196167,15.550000190734863,15.550000190734863,6943.0
2024-03-01 10:55:00,INZY,6.489999771118164,6.489999771118164,6.489999771118164,6.485000133514404,6.485000133514404,307.0
2024-03-01 10:55:00,IOBT,1.725000023841858,1.725000023841858,1.7300000190734863,1.7108999490737915,1.7108999490737915,628.0
2024-03-01 10:55:00,IONM,0.3409000039100647,0.3409000039100647,0.3409000039100647,0.3409000039100647,0.3409000039100647,0.0
2024-03-01 10:55:00,IONS,45.95000076293945,45.95000076293945,45.95000076293945,45.88999938964844,45.88999938964844,633.0
2024-03-01 10:55:00,IOVA,16.549999237060547,16.549999237060547,16.549999237060547,16.475000381469727,16.475000381469727,6985.0
2024-03-01 10:55:00,IRTC,120.19999694824219,120.19999694824219,120.19999694824219,120.18000030517578,120.18000030517578,465.0
2024-03-01 10:55:00,IRWD,8.9350004196167,8.9350004196167,8.9350004196167,8.90999984741211,8.90999984741211,22264.0
2024-03-01 10:55:00,ISRG,391.7799987792969,391.7799987792969,392.07501220703125,391.7449951171875,391.7449951171875,4508.0
2024-03-01 10:55:00,ITCI,71.19000244140625,71.19000244140625,71.19000244140625,71.15989685058594,71.15989685058594,938.0
2024-03-01 10:55:00,ITOS,10.75,10.75,10.75,10.720000267028809,10.720000267028809,1625.0
2024-03-01 10:55:00,JAGX,0.08879999816417694,0.08879999816417694,0.08889999985694885,0.0851999968290329,0.0851999968290329,1018821.0
2024-03-01 10:55:00,JANX,46.404998779296875,46.404998779296875,46.73749923706055,46.380001068115234,46.73749923706055,2099.0
2024-03-01 10:55:00,JAZZ,120.25890350341797,120.25890350341797,120.2699966430664,120.0999984741211,120.0999984741211,849.0
2024-03-01 10:55:00,KIDS,27.18000030517578,27.18000030517578,27.18000030517578,27.18000030517578,27.18000030517578,290.0
2024-03-01 10:55:00,KNSA,21.815000534057617,21.815000534057617,21.850000381469727,21.815000534057617,21.850000381469727,733.0
2024-03-01 10:55:00,KOD,6.110000133514404,6.110000133514404,6.110000133514404,6.110000133514404,6.110000133514404,792.0
2024-03-01 10:55:00,KPTI,1.25,1.25,1.25,1.225000023841858,1.2300000190734863,12957.0
2024-03-01 10:55:00,KRYS,168.6999969482422,168.6999969482422,168.6999969482422,168.47000122070312,168.47000122070312,950.0
2024-03-01 10:55:00,KTRA,0.10050000250339508,0.10050000250339508,0.10109999775886536,0.10040000081062317,0.10100000351667404,148918.0
2024-03-01 10:55:00,KURA,21.299999237060547,21.299999237060547,21.299999237060547,21.299999237060547,21.299999237060547,1139.0
2024-03-01 10:55:00,KYMR,44.26499938964844,44.26499938964844,44.26499938964844,44.209999084472656,44.2599983215332,828.0
2024-03-01 10:55:00,KZR,1.1299999952316284,1.1299999952316284,1.1299999952316284,1.1299999952316284,1.1299999952316284,1000.0
2024-03-01 10:55:00,LAB,2.369999885559082,2.369999885559082,2.369999885559082,2.3691000938415527,2.369999885559082,1100.0
2024-03-01 10:55:00,LBPH,22.065000534057617,22.065000534057617,22.065000534057617,22.065000534057617,22.065000534057617,4253.0
2024-03-01 10:55:00,LEXX,2.543800115585327,2.543800115585327,2.543800115585327,2.543800115585327,2.543800115585327,236.0
2024-03-01 10:55:00,LFST,8.005000114440918,8.005000114440918,8.010000228881836,7.989999771118164,8.0,8253.0
2024-03-01 10:55:00,LIAN,4.860000133514404,4.860000133514404,4.860000133514404,4.860000133514404,4.860000133514404,200.0
2024-03-01 10:55:00,LIFE,1.9299999475479126,1.9299999475479126,1.9299999475479126,1.9299999475479126,1.9299999475479126,892.0
2024-03-01 10:55:00,LIVN,54.939998626708984,54.939998626708984,54.939998626708984,54.939998626708984,54.939998626708984,241.0
2024-03-01 10:55:00,LMAT,68.01000213623047,68.01000213623047,68.1500015258789,68.01000213623047,68.12999725341797,1732.0
2024-03-01 10:55:00,LNTH,65.6050033569336,65.6050033569336,65.6050033569336,65.5999984741211,65.5999984741211,1688.0
2024-03-01 10:55:00,LQDA,14.470000267028809,14.470000267028809,14.470000267028809,14.470000267028809,14.470000267028809,210.0
2024-03-01 10:55:00,LRMR,10.970000267028809,10.970000267028809,10.989999771118164,10.970000267028809,10.989999771118164,409.0
2024-03-01 10:55:00,LSTA,3.049999952316284,3.049999952316284,3.049999952316284,3.049999952316284,3.049999952316284,1348.0
2024-03-01 10:55:00,LVTX,2.994999885559082,2.994999885559082,2.994999885559082,2.994999885559082,2.994999885559082,100.0
2024-03-01 10:55:00,LXRX,2.4149999618530273,2.4149999618530273,2.4200000762939453,2.4149999618530273,2.4200000762939453,11683.0
2024-03-01 10:55:00,LYEL,3.1500000953674316,3.1500000953674316,3.1500000953674316,3.1500000953674316,3.1500000953674316,6990.0
2024-03-01 10:55:00,LYRA,5.474699974060059,5.474699974060059,5.474699974060059,5.474699974060059,5.474699974060059,100.0
2024-03-01 10:55:00,MASI,126.98999786376953,126.98999786376953,126.98999786376953,126.98999786376953,126.98999786376953,708.0
2024-03-01 10:55:00,MCRB,1.1999000310897827,1.1999000310897827,1.1999000310897827,1.1908999681472778,1.1950000524520874,7644.0
2024-03-01 10:55:00,MDGL,241.5500030517578,241.5500030517578,241.5500030517578,241.5500030517578,241.5500030517578,733.0
2024-03-01 10:55:00,MDRX,5.75,5.75,5.849999904632568,5.75,5.800000190734863,37507.0
2024-03-01 10:55:00,MDXG,8.505000114440918,8.505000114440918,8.520000457763672,8.505000114440918,8.505000114440918,8244.0
2024-03-01 10:55:00,ME,0.5834000110626221,0.5834000110626221,0.5835000276565552,0.5806000232696533,0.5835000276565552,3596.0
2024-03-01 10:55:00,MEDP,399.69000244140625,399.69000244140625,401.125,399.32000732421875,401.0,5305.0
2024-03-01 10:55:00,MGNX,19.200000762939453,19.200000762939453,19.200000762939453,19.145000457763672,19.145000457763672,1145.0
2024-03-01 10:55:00,MIRM,29.864999771118164,29.864999771118164,29.899999618530273,29.864999771118164,29.889999389648438,571.0
2024-03-01 10:55:00,MLTX,51.5099983215332,51.5099983215332,51.5099983215332,51.314998626708984,51.31999969482422,1248.0
2024-03-01 10:55:00,MNKD,4.559999942779541,4.559999942779541,4.559999942779541,4.53000020980835,4.539999961853027,40924.0
2024-03-01 10:55:00,MNMD,5.876200199127197,5.876200199127197,5.876200199127197,5.869999885559082,5.869999885559082,981.0
2024-03-01 10:55:00,MORF,38.56999969482422,38.56999969482422,38.56999969482422,38.53499984741211,38.53499984741211,638.0
2024-03-01 10:55:00,MREO,3.8949999809265137,3.8949999809265137,3.9000000953674316,3.8901000022888184,3.9000000953674316,4903.0
2024-03-01 10:55:00,MRNA,95.47000122070312,95.47000122070312,95.48999786376953,95.29399871826172,95.33000183105469,3151.0
2024-03-01 10:55:00,MRNS,9.739999771118164,9.739999771118164,9.739999771118164,9.725000381469727,9.725000381469727,1588.0
2024-03-01 10:55:00,MRSN,5.795000076293945,5.795000076293945,5.824999809265137,5.78000020980835,5.784999847412109,3707.0
2024-03-01 10:55:00,MRUS,50.029998779296875,50.029998779296875,50.06999969482422,49.915000915527344,49.95500183105469,810.0
2024-03-01 10:55:00,MRVI,7.860000133514404,7.860000133514404,7.860000133514404,7.849999904632568,7.849999904632568,1299.0
2024-03-01 10:55:00,MXCT,4.775000095367432,4.775000095367432,4.775000095367432,4.760000228881836,4.760000228881836,505.0
2024-03-01 10:55:00,MYGN,21.639999389648438,21.639999389648438,21.639999389648438,21.579999923706055,21.579999923706055,1346.0
2024-03-01 10:55:00,NARI,45.48500061035156,45.48500061035156,45.61000061035156,45.459999084472656,45.54999923706055,7027.0
2024-03-01 10:55:00,NAUT,2.6500000953674316,2.6500000953674316,2.6500000953674316,2.6500000953674316,2.6500000953674316,102.0
2024-03-01 10:55:00,NBIX,130.93499755859375,130.93499755859375,130.93499755859375,130.875,130.875,2631.0
2024-03-01 10:55:00,NEO,16.1200008392334,16.1200008392334,16.1200008392334,16.104999542236328,16.104999542236328,655.0
2024-03-01 10:55:00,NEOG,17.231300354003906,17.231300354003906,17.235000610351562,17.184999465942383,17.190000534057617,7620.0
2024-03-01 10:55:00,NEPH,3.1600000858306885,3.1600000858306885,3.1700000762939453,3.1500000953674316,3.1500000953674316,3111.0
2024-03-01 10:55:00,NERV,2.450000047683716,2.450000047683716,2.450000047683716,2.450000047683716,2.450000047683716,435.0
2024-03-01 10:55:00,NKTX,12.40999984741211,12.40999984741211,12.40999984741211,12.40999984741211,12.40999984741211,274.0
2024-03-01 10:55:00,NMTC,1.221500039100647,1.221500039100647,1.221500039100647,1.2200000286102295,1.2200000286102295,1000.0
2024-03-01 10:55:00,NNOX,11.030099868774414,11.030099868774414,11.036999702453613,10.920100212097168,10.925000190734863,4052.0
2024-03-01 10:55:00,NOTV,7.869999885559082,7.869999885559082,7.869999885559082,7.869999885559082,7.869999885559082,2076.0
2024-03-01 10:55:00,NRIX,13.319999694824219,13.319999694824219,13.319999694824219,13.299300193786621,13.3100004196167,2744.0
2024-03-01 10:55:00,NRXP,0.4300000071525574,0.4300000071525574,0.4300000071525574,0.4300000071525574,0.4300000071525574,4000.0
2024-03-01 10:55:00,NTLA,33.41999816894531,33.41999816894531,33.41999816894531,33.29499816894531,33.29499816894531,1480.0
2024-03-01 10:55:00,NTRA,88.88999938964844,88.88999938964844,88.91000366210938,88.78500366210938,88.87000274658203,3269.0
2024-03-01 10:55:00,NURO,4.059899806976318,4.059899806976318,4.059899806976318,4.059899806976318,4.059899806976318,924.0
2024-03-01 10:55:00,NUTX,0.11309999972581863,0.11309999972581863,0.11309999972581863,0.11309999972581863,0.11309999972581863,270.0
2024-03-01 10:55:00,NUVL,87.5,87.5,87.5,87.5,87.5,128.0
2024-03-01 10:55:00,NVAX,5.139999866485596,5.139999866485596,5.190000057220459,5.121399879455566,5.180300235748291,44909.0
2024-03-01 10:55:00,NVCR,16.049999237060547,16.049999237060547,16.049999237060547,16.020000457763672,16.020000457763672,640.0
2024-03-01 10:55:00,NVOS,0.6399999856948853,0.6399999856948853,0.6399999856948853,0.6378999948501587,0.6380000114440918,2116.0
2024-03-01 10:55:00,NXTC,1.784999966621399,1.784999966621399,1.7899999618530273,1.7799999713897705,1.7899999618530273,400.0
2024-03-01 10:55:00,OCGN,0.9200000166893005,0.9200000166893005,0.9243999719619751,0.9200000166893005,0.9200000166893005,2334.0
2024-03-01 10:55:00,OCUL,10.380000114440918,10.380000114440918,10.380000114440918,10.331100463867188,10.331100463867188,2158.0
2024-03-01 10:55:00,OFIX,13.010000228881836,13.010000228881836,13.020000457763672,13.0,13.010000228881836,8356.0
2024-03-01 10:55:00,OGI,2.0850000381469727,2.0850000381469727,2.0850000381469727,2.0850000381469727,2.0850000381469727,555.0
2024-03-01 10:55:00,OLK,22.639999389648438,22.639999389648438,22.639999389648438,22.639999389648438,22.639999389648438,453.0
2024-03-01 10:55:00,OLMA,12.727499961853027,12.727499961853027,12.739999771118164,12.725000381469727,12.729999542236328,1458.0
2024-03-01 10:55:00,OM,3.0899999141693115,3.0899999141693115,3.0899999141693115,3.075000047683716,3.0799999237060547,2851.0
2024-03-01 10:55:00,OMCL,26.459999084472656,26.459999084472656,26.459999084472656,26.440000534057617,26.440000534057617,1002.0
2024-03-01 10:55:00,OMER,4.710000038146973,4.710000038146973,4.710000038146973,4.690000057220459,4.690000057220459,707.0
2024-03-01 10:55:00,OMGA,4.170000076293945,4.170000076293945,4.170000076293945,4.170000076293945,4.170000076293945,0.0
2024-03-01 10:55:00,ONCY,1.1105999946594238,1.1105999946594238,1.1105999946594238,1.1105999946594238,1.1105999946594238,753.0
2024-03-01 10:55:00,ONTX,0.8137999773025513,0.8137999773025513,0.8137999773025513,0.8137999773025513,0.8137999773025513,603.0
2024-03-01 10:56:00,ABCL,5.170000076293945,5.170000076293945,5.170000076293945,5.163700103759766,5.1641998291015625,810.0
2024-03-01 10:56:00,ABEO,7.40500020980835,7.40500020980835,7.40500020980835,7.380000114440918,7.380000114440918,400.0
2024-03-01 10:56:00,ABOS,4.659999847412109,4.659999847412109,4.659999847412109,4.659999847412109,4.659999847412109,364.0
2024-03-01 10:56:00,ABSI,5.139999866485596,5.139999866485596,5.144999980926514,5.139999866485596,5.144999980926514,522.0
2024-03-01 10:56:00,ACAD,23.950000762939453,23.950000762939453,24.0,23.950000762939453,23.989999771118164,2993.0
2024-03-01 10:56:00,ACB,3.0880000591278076,3.0880000591278076,3.0899999141693115,3.0880000591278076,3.0899999141693115,3126.0
2024-03-01 10:56:00,ACCD,10.25,10.25,10.25,10.25,10.25,349.0
2024-03-01 10:56:00,ACHC,83.98999786376953,83.98999786376953,83.98999786376953,83.95500183105469,83.95500183105469,325.0
2024-03-01 10:56:00,ACLX,68.3499984741211,68.3499984741211,68.36000061035156,68.27999877929688,68.27999877929688,1661.0
2024-03-01 10:56:00,ACON,0.38989999890327454,0.38989999890327454,0.38989999890327454,0.38989999890327454,0.38989999890327454,128.0
2024-03-01 10:56:00,ACRS,1.2300000190734863,1.2300000190734863,1.2300000190734863,1.2300000190734863,1.2300000190734863,320.0
2024-03-01 10:56:00,ADIL,3.265000104904175,3.265000104904175,3.315000057220459,3.259999990463257,3.309999942779541,31370.0
2024-03-01 10:56:00,ADMA,5.394999980926514,5.394999980926514,5.400000095367432,5.391300201416016,5.400000095367432,2227.0
2024-03-01 10:56:00,ADPT,4.235000133514404,4.235000133514404,4.235000133514404,4.235000133514404,4.235000133514404,75.0
2024-03-01 10:56:00,ADVM,1.9249999523162842,1.9249999523162842,1.9299999475479126,1.9199999570846558,1.9199999570846558,840.0
2024-03-01 10:56:00,AGEN,0.6694999933242798,0.6694999933242798,0.6700999736785889,0.6694999933242798,0.6700999736785889,10799.0
2024-03-01 10:56:00,AGIO,32.915000915527344,32.915000915527344,32.91999816894531,32.86000061035156,32.88999938964844,971.0
2024-03-01 10:56:00,AKAN,0.2508000135421753,0.2508000135421753,0.2508000135421753,0.2508000135421753,0.2508000135421753,3619.0
2024-03-01 10:56:00,AKBA,1.659999966621399,1.659999966621399,1.659999966621399,1.6502000093460083,1.6502000093460083,4197.0
2024-03-01 10:56:00,AKLI,0.34790000319480896,0.34790000319480896,0.34790000319480896,0.3449999988079071,0.3449999988079071,426.0
2024-03-01 10:56:00,AKRO,29.110000610351562,29.110000610351562,29.3700008392334,29.110000610351562,29.3700008392334,43704.0
2024-03-01 10:56:00,ALDX,4.109899997711182,4.109899997711182,4.109899997711182,4.109899997711182,4.109899997711182,460.0
2024-03-01 10:56:00,ALEC,7.489999771118164,7.489999771118164,7.510000228881836,7.489999771118164,7.510000228881836,894.0
2024-03-01 10:56:00,ALGN,301.2900085449219,301.2900085449219,301.2900085449219,301.2900085449219,301.2900085449219,584.0
2024-03-01 10:56:00,ALHC,5.769999980926514,5.769999980926514,5.789999961853027,5.760000228881836,5.760000228881836,3710.0
2024-03-01 10:56:00,ALKS,30.190000534057617,30.190000534057617,30.200000762939453,30.184999465942383,30.184999465942383,2599.0
2024-03-01 10:56:00,ALLK,1.600000023841858,1.600000023841858,1.600000023841858,1.600000023841858,1.600000023841858,2743.0
2024-03-01 10:56:00,ALLO,5.0,5.0,5.0,5.0,5.0,626.0
2024-03-01 10:56:00,ALPN,36.2599983215332,36.2599983215332,36.2599983215332,36.2400016784668,36.2400016784668,568.0
2024-03-01 10:56:00,ALT,12.239999771118164,12.239999771118164,12.289999961853027,12.239999771118164,12.289999961853027,4809.0
2024-03-01 10:56:00,ALXO,15.109999656677246,15.109999656677246,15.119999885559082,15.109999656677246,15.119999885559082,669.0
2024-03-01 10:56:00,AMGN,280.6099853515625,280.6099853515625,280.7900085449219,280.6040954589844,280.6499938964844,10023.0
2024-03-01 10:56:00,AMLX,18.829999923706055,18.829999923706055,18.829999923706055,18.809999465942383,18.829999923706055,1291.0
2024-03-01 10:56:00,AMPH,45.54999923706055,45.54999923706055,45.54999923706055,45.5099983215332,45.5099983215332,642.0
2024-03-01 10:56:00,AMRN,1.034999966621399,1.034999966621399,1.0399999618530273,1.034999966621399,1.034999966621399,908.0
2024-03-01 10:56:00,ANGO,5.460000038146973,5.460000038146973,5.460000038146973,5.460000038146973,5.460000038146973,110.0
2024-03-01 10:56:00,ANNX,5.96999979019165,5.96999979019165,6.010000228881836,5.96999979019165,6.0,4780.0
2024-03-01 10:56:00,ANTX,2.950000047683716,2.950000047683716,2.950000047683716,2.950000047683716,2.950000047683716,931.0
2024-03-01 10:56:00,APDN,0.5799999833106995,0.5799999833106995,0.5799999833106995,0.5799999833106995,0.5799999833106995,1040.0
2024-03-01 10:56:00,APLS,64.43000030517578,64.43000030517578,64.44000244140625,64.43000030517578,64.44000244140625,1045.0
2024-03-01 10:56:00,APLT,7.130000114440918,7.130000114440918,7.130000114440918,7.079999923706055,7.079999923706055,7681.0
2024-03-01 10:56:00,AQST,4.289999961853027,4.289999961853027,4.300000190734863,4.25,4.25,10692.0
2024-03-01 10:56:00,ARAY,2.621000051498413,2.621000051498413,2.6270999908447266,2.621000051498413,2.621000051498413,1207.0
2024-03-01 10:56:00,ARCT,39.959999084472656,39.959999084472656,39.959999084472656,39.959999084472656,39.959999084472656,213.0
2024-03-01 10:56:00,ARDX,9.545000076293945,9.545000076293945,9.555000305175781,9.545000076293945,9.550000190734863,2952.0
2024-03-01 10:56:00,ARGX,390.25,390.25,391.5,390.25,391.5,1676.0
2024-03-01 10:56:00,ARQT,11.15999984741211,11.15999984741211,11.180000305175781,11.119999885559082,11.180000305175781,6812.0
2024-03-01 10:56:00,ARVN,50.310001373291016,50.310001373291016,50.64500045776367,50.310001373291016,50.64500045776367,2458.0
2024-03-01 10:56:00,ARWR,35.18000030517578,35.18000030517578,35.22999954223633,35.13999938964844,35.21590042114258,3437.0
2024-03-01 10:56:00,ASND,149.0,149.0,149.02999877929688,149.0,149.02999877929688,1801.0
2024-03-01 10:56:00,ASRT,0.9200000166893005,0.9200000166893005,0.9200000166893005,0.9200000166893005,0.9200000166893005,250.0
2024-03-01 10:56:00,ATEC,13.494999885559082,13.494999885559082,13.5,13.489999771118164,13.489999771118164,1297.0
2024-03-01 10:56:00,ATHA,3.994999885559082,3.994999885559082,3.994999885559082,3.994999885559082,3.994999885559082,405.0
2024-03-01 10:56:00,ATOS,0.9898999929428101,0.9898999929428101,0.9898999929428101,0.9898999929428101,0.9898999929428101,101.0
2024-03-01 10:56:00,ATRC,35.94499969482422,35.94499969482422,35.95000076293945,35.90999984741211,35.90999984741211,704.0
2024-03-01 10:56:00,ATXI,0.1535000056028366,0.1535000056028366,0.15600000321865082,0.1535000056028366,0.1535000056028366,2601.0
2024-03-01 10:56:00,ATXS,15.09000015258789,15.09000015258789,15.130000114440918,15.09000015258789,15.130000114440918,2090.0
2024-03-01 10:56:00,AUPH,5.829999923706055,5.829999923706055,5.829999923706055,5.824999809265137,5.829999923706055,14847.0
2024-03-01 10:56:00,AVGR,3.8399999141693115,3.8399999141693115,3.8399999141693115,3.8399999141693115,3.8399999141693115,200.0
2024-03-01 10:56:00,AVTE,22.899999618530273,22.899999618530273,22.899999618530273,22.780000686645508,22.780000686645508,307.0
2024-03-01 10:56:00,AVXL,5.335000038146973,5.335000038146973,5.3379998207092285,5.329999923706055,5.329999923706055,1170.0
2024-03-01 10:56:00,AXGN,10.5378999710083,10.5378999710083,10.5378999710083,10.529999732971191,10.529999732971191,269.0
2024-03-01 10:56:00,AXSM,83.97000122070312,83.97000122070312,84.04499816894531,83.8949966430664,84.01000213623047,6056.0
2024-03-01 10:56:00,AZN,64.65499877929688,64.65499877929688,64.66500091552734,64.6449966430664,64.6449966430664,3255.0
2024-03-01 10:56:00,AZTA,66.55000305175781,66.55000305175781,66.55000305175781,66.55000305175781,66.55000305175781,404.0
2024-03-01 10:56:00,BBIO,36.09000015258789,36.09000015258789,36.22999954223633,36.09000015258789,36.22999954223633,1171.0
2024-03-01 10:56:00,BBLG,2.5399999618530273,2.5399999618530273,2.5399999618530273,2.5399999618530273,2.5399999618530273,200.0
2024-03-01 10:56:00,BCDA,0.5600000023841858,0.5600000023841858,0.5600000023841858,0.5529999732971191,0.5529999732971191,301.0
2024-03-01 10:56:00,BCRX,5.880000114440918,5.880000114440918,5.885000228881836,5.880000114440918,5.880099773406982,5008.0
2024-03-01 10:56:00,BDSX,1.6299999952316284,1.6299999952316284,1.6299999952316284,1.6299999952316284,1.6299999952316284,1200.0
2024-03-01 10:56:00,BDTX,5.079800128936768,5.079800128936768,5.079800128936768,5.067999839782715,5.067999839782715,1612.0
2024-03-01 10:56:00,BEAM,40.56740188598633,40.56740188598633,40.56999969482422,40.540000915527344,40.56999969482422,787.0
2024-03-01 10:56:00,BIIB,220.21499633789062,220.21499633789062,220.47999572753906,220.21499633789062,220.47999572753906,2391.0
2024-03-01 10:56:00,BIOL,0.13809999823570251,0.13809999823570251,0.13809999823570251,0.13809999823570251,0.13809999823570251,4900.0
2024-03-01 10:56:00,BIOR,1.2574000358581543,1.2574000358581543,1.2574000358581543,1.2574000358581543,1.2574000358581543,920.0
2024-03-01 10:56:00,BIVI,2.2950000762939453,2.2950000762939453,2.329900026321411,2.2799999713897705,2.2899999618530273,176129.0
2024-03-01 10:56:00,BLUE,1.6390000581741333,1.6390000581741333,1.6399999856948853,1.6349999904632568,1.6349999904632568,13756.0
2024-03-01 10:56:00,BMEA,17.709999084472656,17.709999084472656,17.735000610351562,17.709999084472656,17.735000610351562,1179.0
2024-03-01 10:56:00,BMRN,86.72000122070312,86.72000122070312,86.72000122070312,86.69999694824219,86.69999694824219,959.0
2024-03-01 10:56:00,BNTX,91.9800033569336,91.9800033569336,91.9800033569336,91.94000244140625,91.94000244140625,1014.0
2024-03-01 10:56:00,BPMC,97.12000274658203,97.12000274658203,97.14990234375,96.94499969482422,97.0,8621.0
2024-03-01 10:56:00,BRKR,87.7699966430664,87.7699966430664,87.7699966430664,87.73999786376953,87.73999786376953,961.0
2024-03-01 10:56:00,BSGM,0.6553999781608582,0.6553999781608582,0.6553999781608582,0.6553999781608582,0.6553999781608582,1108.0
2024-03-01 10:56:00,BTMD,6.050000190734863,6.050000190734863,6.050000190734863,6.050000190734863,6.050000190734863,212.0
2024-03-01 10:56:00,BTTX,0.16920000314712524,0.16920000314712524,0.16920000314712524,0.16899999976158142,0.16920000314712524,0.0
2024-03-01 10:56:00,CABA,23.96500015258789,23.96500015258789,24.020000457763672,23.959999084472656,24.020000457763672,1161.0
2024-03-01 10:56:00,CARA,0.9025999903678894,0.9025999903678894,0.9025999903678894,0.9025999903678894,0.9025999903678894,4913.0
2024-03-01 10:56:00,CBAY,32.224998474121094,32.224998474121094,32.22999954223633,32.220001220703125,32.224998474121094,9526.0
2024-03-01 10:56:00,CCCC,11.101200103759766,11.101200103759766,11.119999885559082,11.101200103759766,11.104999542236328,16370.0
2024-03-01 10:56:00,CCRN,18.0,18.0,18.0,18.0,18.0,472.0
2024-03-01 10:56:00,CDMO,8.210000038146973,8.210000038146973,8.220000267028809,8.210000038146973,8.220000267028809,400.0
2024-03-01 10:56:00,CDNA,12.259900093078613,12.259900093078613,12.259900093078613,12.25,12.25,1293.0
2024-03-01 10:56:00,CDXS,4.414999961853027,4.414999961853027,4.414999961853027,4.399899959564209,4.400000095367432,1441.0
2024-03-01 10:56:00,CELC,15.904999732971191,15.904999732971191,16.0,15.904999732971191,16.0,657.0
2024-03-01 10:56:00,CERE,41.209999084472656,41.209999084472656,41.224998474121094,41.209999084472656,41.220001220703125,1523.0
2024-03-01 10:56:00,CERS,2.2049999237060547,2.2049999237060547,2.2049999237060547,2.2049999237060547,2.2049999237060547,363.0
2024-03-01 10:56:00,CERT,17.93000030517578,17.93000030517578,17.93000030517578,17.93000030517578,17.93000030517578,112.0
2024-03-01 10:56:00,CGC,3.259999990463257,3.259999990463257,3.2625999450683594,3.259999990463257,3.259999990463257,3642.0
2024-03-01 10:56:00,CGEM,18.81999969482422,18.81999969482422,18.81999969482422,18.81999969482422,18.81999969482422,125.0
2024-03-01 10:56:00,CGTX,2.059999942779541,2.059999942779541,2.059999942779541,2.059999942779541,2.059999942779541,102.0
2024-03-01 10:56:00,CING,1.3899999856948853,1.3899999856948853,1.3899999856948853,1.3899999856948853,1.3899999856948853,142.0
2024-03-01 10:56:00,CKPT,2.1600000858306885,2.1600000858306885,2.1600000858306885,2.1600000858306885,2.1600000858306885,200.0
2024-03-01 10:56:00,CLDX,52.83000183105469,52.83000183105469,52.83000183105469,52.775001525878906,52.775001525878906,1212.0
2024-03-01 10:56:00,CLLS,2.5799999237060547,2.5799999237060547,2.5799999237060547,2.5799999237060547,2.5799999237060547,271.0
2024-03-01 10:56:00,CLNN,0.39489999413490295,0.39489999413490295,0.39500001072883606,0.39489999413490295,0.39500001072883606,800.0
2024-03-01 10:56:00,CLOV,0.864300012588501,0.864300012588501,0.864300012588501,0.8641999959945679,0.8641999959945679,0.0
2024-03-01 10:56:00,CMPS,10.945099830627441,10.945099830627441,10.945099830627441,10.916500091552734,10.9399995803833,541.0
2024-03-01 10:56:00,CMRX,1.1299999952316284,1.1299999952316284,1.1299999952316284,1.125,1.125,0.0
2024-03-01 10:56:00,CNSP,0.32760000228881836,0.32760000228881836,0.32760000228881836,0.32760000228881836,0.32760000228881836,4067.0
2024-03-01 10:56:00,CNTA,10.829999923706055,10.829999923706055,10.829999923706055,10.829999923706055,10.829999923706055,161.0
2024-03-01 10:56:00,COGT,7.284999847412109,7.284999847412109,7.295000076293945,7.284999847412109,7.295000076293945,1328.0
2024-03-01 10:56:00,COLL,37.255001068115234,37.255001068115234,37.255001068115234,37.255001068115234,37.255001068115234,348.0
2024-03-01 10:56:00,CORT,23.760000228881836,23.760000228881836,23.780000686645508,23.75,23.780000686645508,2184.0
2024-03-01 10:56:00,CPRX,17.309999465942383,17.309999465942383,17.34000015258789,17.309999465942383,17.34000015258789,2117.0
2024-03-01 10:56:00,CPSI,9.520000457763672,9.520000457763672,9.520000457763672,9.520000457763672,9.520000457763672,200.0
2024-03-01 10:56:00,CRBP,31.280000686645508,31.280000686645508,31.280000686645508,31.280000686645508,31.280000686645508,197.0
2024-03-01 10:56:00,CRBU,8.130000114440918,8.130000114440918,8.154999732971191,8.130000114440918,8.154999732971191,1828.0
2024-03-01 10:56:00,CRDF,2.470900058746338,2.470900058746338,2.489300012588501,2.4600000381469727,2.4800000190734863,22782.0
2024-03-01 10:56:00,CRDL,1.940000057220459,1.940000057220459,1.940000057220459,1.940000057220459,1.940000057220459,270.0
2024-03-01 10:56:00,CRNX,45.61000061035156,45.61000061035156,45.83000183105469,45.61000061035156,45.83000183105469,923.0
2024-03-01 10:56:00,CRSP,85.8499984741211,85.8499984741211,86.03520202636719,85.8499984741211,86.03520202636719,721.0
2024-03-01 10:56:00,CRVS,2.200000047683716,2.200000047683716,2.200000047683716,2.200000047683716,2.200000047683716,200.0
2024-03-01 10:56:00,CTKB,8.300000190734863,8.300000190734863,8.300000190734863,8.300000190734863,8.300000190734863,101.0
2024-03-01 10:56:00,CTXR,0.7847999930381775,0.7847999930381775,0.7847999930381775,0.7847999930381775,0.7847999930381775,2000.0
2024-03-01 10:56:00,CUE,2.184999942779541,2.184999942779541,2.184999942779541,2.184999942779541,2.184999942779541,0.0
2024-03-01 10:56:00,CVAC,3.484999895095825,3.484999895095825,3.490000009536743,3.484999895095825,3.490000009536743,1208.0
2024-03-01 10:56:00,CVRX,19.78499984741211,19.78499984741211,19.78499984741211,19.78499984741211,19.78499984741211,106.0
2024-03-01 10:56:00,CYTK,74.7925033569336,74.7925033569336,74.7925033569336,74.74500274658203,74.74500274658203,516.0
2024-03-01 10:56:00,DARE,0.578000009059906,0.578000009059906,0.578000009059906,0.5756999850273132,0.5758000016212463,11000.0
2024-03-01 10:56:00,DCGO,4.130000114440918,4.130000114440918,4.130000114440918,4.114999771118164,4.119999885559082,1526.0
2024-03-01 10:56:00,DCPH,17.1299991607666,17.1299991607666,17.1299991607666,17.110000610351562,17.110000610351562,441.0
2024-03-01 10:56:00,DMTK,0.8798999786376953,0.8798999786376953,0.8798999786376953,0.862500011920929,0.862500011920929,1300.0
2024-03-01 10:56:00,DNLI,20.81999969482422,20.81999969482422,20.84000015258789,20.81999969482422,20.84000015258789,639.0
2024-03-01 10:56:00,DRUG,1.7799999713897705,1.7799999713897705,1.787500023841858,1.7699999809265137,1.774999976158142,1852.0
2024-03-01 10:56:00,DSGN,2.8949999809265137,2.8949999809265137,2.8949999809265137,2.889899969100952,2.890000104904175,2502.0
2024-03-01 10:56:00,DTIL,12.5600004196167,12.5600004196167,12.5600004196167,12.460000038146973,12.529999732971191,15600.0
2024-03-01 10:56:00,DVAX,12.805000305175781,12.805000305175781,12.815500259399414,12.805000305175781,12.815500259399414,1319.0
2024-03-01 10:56:00,DXCM,119.06999969482422,119.06999969482422,119.20999908447266,119.02999877929688,119.12999725341797,6156.0
2024-03-01 10:56:00,DYN,29.5049991607666,29.5049991607666,29.5049991607666,29.5049991607666,29.5049991607666,196.0
2024-03-01 10:56:00,EDIT,10.910699844360352,10.910699844360352,10.956899642944336,10.90999984741211,10.9399995803833,2640.0
2024-03-01 10:56:00,ELEV,5.1230998039245605,5.1230998039245605,5.138800144195557,5.1230998039245605,5.138800144195557,644.0
2024-03-01 10:56:00,ENTA,15.210000038146973,15.210000038146973,15.210000038146973,15.140000343322754,15.149999618530273,692.0
2024-03-01 10:56:00,ENVB,1.6200000047683716,1.6200000047683716,1.6299999952316284,1.6200000047683716,1.6200000047683716,7699.0
2024-03-01 10:56:00,EOLS,14.614999771118164,14.614999771118164,14.619999885559082,14.609999656677246,14.609999656677246,914.0
2024-03-01 10:56:00,ERAS,2.505000114440918,2.505000114440918,2.505000114440918,2.505000114440918,2.505000114440918,2251.0
2024-03-01 10:56:00,ETNB,12.942899703979492,12.942899703979492,12.979999542236328,12.9399995803833,12.979999542236328,3486.0
2024-03-01 10:56:00,EWTX,16.940000534057617,16.940000534057617,16.940000534057617,16.940000534057617,16.940000534057617,817.0
2024-03-01 10:56:00,EXAS,59.95000076293945,59.95000076293945,60.005001068115234,59.95000076293945,60.005001068115234,1360.0
2024-03-01 10:56:00,EXEL,22.524999618530273,22.524999618530273,22.524999618530273,22.524999618530273,22.524999618530273,1766.0
2024-03-01 10:56:00,FATE,7.485000133514404,7.485000133514404,7.489999771118164,7.474999904632568,7.474999904632568,1964.0
2024-03-01 10:56:00,FBRX,0.699999988079071,0.699999988079071,0.7055000066757202,0.699999988079071,0.7055000066757202,4009.0
2024-03-01 10:56:00,FDMT,29.30500030517578,29.30500030517578,29.3700008392334,29.30500030517578,29.3700008392334,658.0
2024-03-01 10:56:00,FEMY,1.6800999641418457,1.6800999641418457,1.6800999641418457,1.6800999641418457,1.6800999641418457,2004.0
2024-03-01 10:56:00,FGEN,1.7799999713897705,1.7799999713897705,1.784999966621399,1.7799999713897705,1.784999966621399,1899.0
2024-03-01 10:56:00,FLGT,23.075000762939453,23.075000762939453,23.075000762939453,23.075000762939453,23.075000762939453,200.0
2024-03-01 10:56:00,FOLD,13.5600004196167,13.5600004196167,13.5600004196167,13.559900283813477,13.5600004196167,702.0
2024-03-01 10:56:00,FULC,10.729999542236328,10.729999542236328,10.729999542236328,10.729999542236328,10.729999542236328,104.0
2024-03-01 10:56:00,FUSN,12.055000305175781,12.055000305175781,12.055000305175781,12.055000305175781,12.055000305175781,609.0
2024-03-01 10:56:00,GDRX,8.289999961853027,8.289999961853027,8.305000305175781,8.289999961853027,8.300000190734863,5935.0
2024-03-01 10:56:00,GERN,2.1384999752044678,2.1384999752044678,2.1384999752044678,2.134999990463257,2.134999990463257,10567.0
2024-03-01 10:56:00,GH,19.260000228881836,19.260000228881836,19.280000686645508,19.260000228881836,19.280000686645508,539.0
2024-03-01 10:56:00,GILD,72.47000122070312,72.47000122070312,72.4800033569336,72.44999694824219,72.4800033569336,5930.0
2024-03-01 10:56:00,GLMD,0.4000999927520752,0.4000999927520752,0.4050000011920929,0.4000999927520752,0.4025999903678894,10544.0
2024-03-01 10:56:00,GLPG,35.21500015258789,35.21500015258789,35.220001220703125,35.21500015258789,35.220001220703125,553.0
2024-03-01 10:56:00,GLUE,6.400000095367432,6.400000095367432,6.429999828338623,6.400000095367432,6.429999828338623,3434.0
2024-03-01 10:56:00,GLYC,2.950000047683716,2.950000047683716,2.950000047683716,2.950000047683716,2.950000047683716,2252.0
2024-03-01 10:56:00,GMAB,29.225000381469727,29.225000381469727,29.225000381469727,29.219999313354492,29.219999313354492,555.0
2024-03-01 10:56:00,GMDA,0.3799999952316284,0.3799999952316284,0.3799999952316284,0.3799999952316284,0.3799999952316284,9806.0
2024-03-01 10:56:00,GOSS,1.3600000143051147,1.3600000143051147,1.375,1.3600000143051147,1.375,28025.0
2024-03-01 10:56:00,GRFS,6.96999979019165,6.96999979019165,6.96999979019165,6.938799858093262,6.938799858093262,2562.0
2024-03-01 10:56:00,GRTS,2.1552000045776367,2.1552000045776367,2.1552000045776367,2.1512999534606934,2.1512999534606934,6421.0
2024-03-01 10:56:00,GTHX,3.424999952316284,3.424999952316284,3.434999942779541,3.424999952316284,3.434999942779541,3894.0
2024-03-01 10:56:00,HALO,41.32500076293945,41.32500076293945,41.43000030517578,41.32500076293945,41.43000030517578,1316.0
2024-03-01 10:56:00,HARP,22.93000030517578,22.93000030517578,22.93000030517578,22.93000030517578,22.93000030517578,339.0
2024-03-01 10:56:00,HCAT,7.989999771118164,7.989999771118164,7.994999885559082,7.989999771118164,7.994999885559082,461.0
2024-03-01 10:56:00,HCSG,12.71500015258789,12.71500015258789,12.71500015258789,12.71500015258789,12.71500015258789,308.0
2024-03-01 10:56:00,HCTI,2.380000114440918,2.380000114440918,2.380000114440918,2.369999885559082,2.369999885559082,1596.0
2024-03-01 10:56:00,HITI,1.7649999856948853,1.7649999856948853,1.7699999809265137,1.7649999856948853,1.7649999856948853,3700.0
2024-03-01 10:56:00,HOLX,74.06999969482422,74.06999969482422,74.09249877929688,74.06999969482422,74.09249877929688,1308.0
2024-03-01 10:56:00,HOOK,0.7847999930381775,0.7847999930381775,0.7847999930381775,0.7847999930381775,0.7847999930381775,601.0
2024-03-01 10:56:00,HQY,82.08499908447266,82.08499908447266,82.08499908447266,81.99500274658203,82.0,1407.0
2024-03-01 10:56:00,HRTX,2.640000104904175,2.640000104904175,2.6505000591278076,2.640000104904175,2.6500000953674316,6957.0
2024-03-01 10:56:00,HSCS,0.11620000004768372,0.11620000004768372,0.11620000004768372,0.11620000004768372,0.11620000004768372,200.0
2024-03-01 10:56:00,HSIC,77.30999755859375,77.30999755859375,77.30999755859375,77.30999755859375,77.30999755859375,503.0
2024-03-01 10:56:00,HUMA,3.1549999713897705,3.1549999713897705,3.1600000858306885,3.150099992752075,3.150599956512451,5637.0
2024-03-01 10:56:00,IBRX,4.895999908447266,4.895999908447266,4.909999847412109,4.894999980926514,4.90749979019165,863.0
2024-03-01 10:56:00,ICUI,107.21499633789062,107.21499633789062,107.21499633789062,107.21499633789062,107.21499633789062,1033.0
2024-03-01 10:56:00,IDXX,580.9299926757812,580.9299926757812,580.9299926757812,580.9299926757812,580.9299926757812,1199.0
2024-03-01 10:56:00,IDYA,46.10200119018555,46.10200119018555,46.310001373291016,46.04999923706055,46.310001373291016,2844.0
2024-03-01 10:56:00,ILMN,142.10000610351562,142.10000610351562,142.10000610351562,142.03500366210938,142.05999755859375,1978.0
2024-03-01 10:56:00,IMAB,1.840000033378601,1.840000033378601,1.840000033378601,1.840000033378601,1.840000033378601,220.0
2024-03-01 10:56:00,IMMX,3.5450000762939453,3.5450000762939453,3.5450000762939453,3.5450000762939453,3.5450000762939453,200.0
2024-03-01 10:56:00,IMNM,25.14699935913086,25.14699935913086,25.14699935913086,25.14699935913086,25.14699935913086,406.0
2024-03-01 10:56:00,IMTX,13.0600004196167,13.0600004196167,13.0600004196167,13.0600004196167,13.0600004196167,350.0
2024-03-01 10:56:00,IMUX,1.5109000205993652,1.5109000205993652,1.5149999856948853,1.5109000205993652,1.5149999856948853,1993.0
2024-03-01 10:56:00,IMVT,36.27000045776367,36.27000045776367,36.33000183105469,36.27000045776367,36.33000183105469,1041.0
2024-03-01 10:56:00,INBX,36.959999084472656,36.959999084472656,36.959999084472656,36.959999084472656,36.959999084472656,265.0
2024-03-01 10:56:00,INCY,59.4900016784668,59.4900016784668,59.5099983215332,59.45000076293945,59.470001220703125,2789.0
2024-03-01 10:56:00,INMB,11.8725004196167,11.8725004196167,11.8725004196167,11.8725004196167,11.8725004196167,24.0
2024-03-01 10:56:00,INMD,23.020000457763672,23.020000457763672,23.024999618530273,23.014999389648438,23.014999389648438,6353.0
2024-03-01 10:56:00,INVA,15.555000305175781,15.555000305175781,15.5600004196167,15.555000305175781,15.555000305175781,778.0
2024-03-01 10:56:00,INZY,6.480000019073486,6.480000019073486,6.489999771118164,6.480000019073486,6.489999771118164,454.0
2024-03-01 10:56:00,IOBT,1.7300000190734863,1.7300000190734863,1.7300000190734863,1.7300000190734863,1.7300000190734863,279.0
2024-03-01 10:56:00,IONS,45.939998626708984,45.939998626708984,45.939998626708984,45.939998626708984,45.939998626708984,403.0
2024-03-01 10:56:00,IOVA,16.53890037536621,16.53890037536621,16.584999084472656,16.53890037536621,16.565000534057617,4040.0
2024-03-01 10:56:00,IPSC,3.7699999809265137,3.7699999809265137,3.7899999618530273,3.75,3.7699999809265137,1492.0
2024-03-01 10:56:00,IRWD,8.9375,8.9375,8.9375,8.930000305175781,8.9350004196167,1283.0
2024-03-01 10:56:00,ISRG,391.20001220703125,391.20001220703125,391.7900085449219,391.20001220703125,391.7900085449219,3623.0
2024-03-01 10:56:00,ITCI,71.32589721679688,71.32589721679688,71.32589721679688,71.29000091552734,71.29000091552734,1106.0
2024-03-01 10:56:00,ITOS,10.770000457763672,10.770000457763672,10.770000457763672,10.770000457763672,10.770000457763672,181.0
2024-03-01 10:56:00,IXHL,5.340000152587891,5.340000152587891,5.340000152587891,5.340000152587891,5.340000152587891,117.0
2024-03-01 10:56:00,JAGX,0.08739999681711197,0.08739999681711197,0.09030000120401382,0.08569999784231186,0.08879999816417694,1276303.0
2024-03-01 10:56:00,JANX,46.900001525878906,46.900001525878906,46.900001525878906,46.65999984741211,46.720001220703125,3297.0
2024-03-01 10:56:00,JAZZ,120.36499786376953,120.36499786376953,120.51000213623047,120.36000061035156,120.36000061035156,1887.0
2024-03-01 10:56:00,JYNT,10.029999732971191,10.029999732971191,10.029999732971191,10.029999732971191,10.029999732971191,149.0
2024-03-01 10:56:00,KALA,7.210000038146973,7.210000038146973,7.210000038146973,7.210000038146973,7.210000038146973,443.0
2024-03-01 10:56:00,KALV,14.020000457763672,14.020000457763672,14.020000457763672,14.020000457763672,14.020000457763672,125.0
2024-03-01 10:56:00,KIDS,27.18000030517578,27.18000030517578,27.18000030517578,27.18000030517578,27.18000030517578,532.0
2024-03-01 10:56:00,KNSA,21.860000610351562,21.860000610351562,21.860000610351562,21.860000610351562,21.860000610351562,281.0
2024-03-01 10:56:00,KNTE,2.609999895095825,2.609999895095825,2.609999895095825,2.609999895095825,2.609999895095825,210.0
2024-03-01 10:56:00,KPTI,1.25,1.25,1.25,1.2400000095367432,1.25,10364.0
2024-03-01 10:56:00,KRTX,316.489990234375,316.489990234375,316.489990234375,316.489990234375,316.489990234375,610.0
2024-03-01 10:56:00,KTRA,0.1014999970793724,0.1014999970793724,0.1014999970793724,0.1006999984383583,0.1006999984383583,13402.0
2024-03-01 10:56:00,KZIA,0.23330000042915344,0.23330000042915344,0.23340000212192535,0.23330000042915344,0.23340000212192535,1000.0
2024-03-01 10:56:00,KZR,1.1200000047683716,1.1200000047683716,1.1200000047683716,1.1200000047683716,1.1200000047683716,0.0
2024-03-01 10:56:00,LAB,2.369999885559082,2.369999885559082,2.369999885559082,2.369999885559082,2.369999885559082,1543.0
2024-03-01 10:56:00,LBPH,22.065000534057617,22.065000534057617,22.065000534057617,22.065000534057617,22.065000534057617,300.0
2024-03-01 10:56:00,LFST,8.03499984741211,8.03499984741211,8.037500381469727,8.005000114440918,8.005000114440918,2667.0
2024-03-01 10:56:00,LGND,79.87000274658203,79.87000274658203,79.87000274658203,79.87000274658203,79.87000274658203,583.0
2024-03-01 10:56:00,LIAN,4.869999885559082,4.869999885559082,4.869999885559082,4.869999885559082,4.869999885559082,59.0
2024-03-01 10:56:00,LIFE,1.934999942779541,1.934999942779541,1.934999942779541,1.934999942779541,1.934999942779541,0.0
2024-03-01 10:56:00,LIVN,55.02000045776367,55.02000045776367,55.02000045776367,55.0099983215332,55.0099983215332,508.0
2024-03-01 10:56:00,LNTH,65.58999633789062,65.58999633789062,65.6050033569336,65.58999633789062,65.6050033569336,529.0
2024-03-01 10:56:00,LRMR,11.029999732971191,11.029999732971191,11.029999732971191,10.989999771118164,10.989999771118164,315.0
2024-03-01 10:56:00,LSTA,3.1050000190734863,3.1050000190734863,3.1050000190734863,3.0399999618530273,3.0399999618530273,1042.0
2024-03-01 10:56:00,LTRN,4.730000019073486,4.730000019073486,4.730000019073486,4.730000019073486,4.730000019073486,149.0
2024-03-01 10:56:00,LUNG,9.210000038146973,9.210000038146973,9.210000038146973,9.210000038146973,9.210000038146973,208.0
2024-03-01 10:56:00,LVTX,2.994999885559082,2.994999885559082,2.994999885559082,2.9900999069213867,2.991499900817871,2292.0
2024-03-01 10:56:00,LYEL,3.1700000762939453,3.1700000762939453,3.1700000762939453,3.1600000858306885,3.1600000858306885,1657.0
2024-03-01 10:56:00,LYRA,5.485000133514404,5.485000133514404,5.485000133514404,5.485000133514404,5.485000133514404,0.0
2024-03-01 10:56:00,MACK,14.774999618530273,14.774999618530273,14.779999732971191,14.770000457763672,14.770000457763672,553.0
2024-03-01 10:56:00,MBOT,1.2949999570846558,1.2949999570846558,1.2949999570846558,1.2949999570846558,1.2949999570846558,150.0
2024-03-01 10:56:00,MCRB,1.1950000524520874,1.1950000524520874,1.1950000524520874,1.1927000284194946,1.1927000284194946,0.0
2024-03-01 10:56:00,MDRX,5.75,5.75,5.849999904632568,5.75,5.849999904632568,63906.0
2024-03-01 10:56:00,MDXG,8.505000114440918,8.505000114440918,8.505000114440918,8.505000114440918,8.505000114440918,321.0
2024-03-01 10:56:00,ME,0.5827999711036682,0.5827999711036682,0.5835000276565552,0.5820000171661377,0.5820000171661377,9623.0
2024-03-01 10:56:00,MEDP,401.1449890136719,401.1449890136719,401.1449890136719,401.1449890136719,401.1449890136719,583.0
2024-03-01 10:56:00,MGNX,19.204999923706055,19.204999923706055,19.229900360107422,19.204999923706055,19.21500015258789,1897.0
2024-03-01 10:56:00,MGTX,6.260000228881836,6.260000228881836,6.260000228881836,6.235000133514404,6.235000133514404,1767.0
2024-03-01 10:56:00,MIRM,29.829999923706055,29.829999923706055,29.8700008392334,29.81999969482422,29.8700008392334,1664.0
2024-03-01 10:56:00,MLTX,51.83000183105469,51.83000183105469,51.83000183105469,51.599998474121094,51.599998474121094,946.0
2024-03-01 10:56:00,MMSI,76.37000274658203,76.37000274658203,76.37000274658203,76.37000274658203,76.37000274658203,484.0
2024-03-01 10:56:00,MNKD,4.570000171661377,4.570000171661377,4.570000171661377,4.554999828338623,4.559999942779541,8204.0
2024-03-01 10:56:00,MNMD,5.880300045013428,5.880300045013428,5.880300045013428,5.880300045013428,5.880300045013428,416.0
2024-03-01 10:56:00,MNPR,0.7800999879837036,0.7800999879837036,0.7800999879837036,0.7800999879837036,0.7800999879837036,130.0
2024-03-01 10:56:00,MORF,38.54999923706055,38.54999923706055,38.54999923706055,38.52000045776367,38.54999923706055,1031.0
2024-03-01 10:56:00,MOTS,0.6703000068664551,0.6703000068664551,0.6710000038146973,0.6703000068664551,0.6710000038146973,964.0
2024-03-01 10:56:00,MRAI,1.523800015449524,1.523800015449524,1.523800015449524,1.523800015449524,1.523800015449524,11.0
2024-03-01 10:56:00,MREO,3.8424999713897705,3.8424999713897705,3.899899959564209,3.809999942779541,3.899899959564209,32165.0
2024-03-01 10:56:00,MRNA,95.45999908447266,95.45999908447266,95.51499938964844,95.44000244140625,95.51499938964844,2050.0
2024-03-01 10:56:00,MRNS,9.755000114440918,9.755000114440918,9.755000114440918,9.755000114440918,9.755000114440918,182.0
2024-03-01 10:56:00,MRSN,5.739999771118164,5.739999771118164,5.795000076293945,5.71999979019165,5.795000076293945,4848.0
2024-03-01 10:56:00,MRUS,50.060001373291016,50.060001373291016,50.064998626708984,49.97999954223633,50.02000045776367,750.0
2024-03-01 10:56:00,MRVI,7.879899978637695,7.879899978637695,7.879899978637695,7.869999885559082,7.869999885559082,1970.0
2024-03-01 10:56:00,MXCT,4.775000095367432,4.775000095367432,4.775000095367432,4.775000095367432,4.775000095367432,700.0
2024-03-01 10:56:00,MYGN,21.670000076293945,21.670000076293945,21.670000076293945,21.65999984741211,21.65999984741211,210.0
2024-03-01 10:56:00,MYMD,3.4200000762939453,3.4200000762939453,3.4200000762939453,3.4200000762939453,3.4200000762939453,2146.0
2024-03-01 10:56:00,MYNZ,0.8726000189781189,0.8726000189781189,0.8726000189781189,0.8726000189781189,0.8726000189781189,271.0
2024-03-01 10:56:00,NARI,45.395301818847656,45.395301818847656,45.50600051879883,45.38999938964844,45.50600051879883,8317.0
2024-03-01 10:56:00,NBIX,130.8925018310547,130.8925018310547,130.94500732421875,130.8925018310547,130.94500732421875,859.0
2024-03-01 10:56:00,NCNA,0.3303000032901764,0.3303000032901764,0.3303000032901764,0.3199999928474426,0.3199999928474426,3010.0
2024-03-01 10:56:00,NEO,16.126399993896484,16.126399993896484,16.135000228881836,16.100000381469727,16.135000228881836,1990.0
2024-03-01 10:56:00,NEOG,17.239999771118164,17.239999771118164,17.2549991607666,17.239999771118164,17.239999771118164,1955.0
2024-03-01 10:56:00,NERV,2.450000047683716,2.450000047683716,2.4863998889923096,2.430000066757202,2.450000047683716,2621.0
2024-03-01 10:56:00,NKTR,0.7439000010490417,0.7439000010490417,0.7476000189781189,0.7439000010490417,0.7476000189781189,19547.0
2024-03-01 10:56:00,NKTX,12.369999885559082,12.369999885559082,12.369999885559082,12.369999885559082,12.369999885559082,244.0
2024-03-01 10:56:00,NLSP,0.39010000228881836,0.39010000228881836,0.39010000228881836,0.39010000228881836,0.39010000228881836,1509.0
2024-03-01 10:56:00,NNOX,11.079999923706055,11.079999923706055,11.098999977111816,11.03499984741211,11.041899681091309,23929.0
2024-03-01 10:56:00,NOTV,7.894999980926514,7.894999980926514,7.894999980926514,7.878300189971924,7.878300189971924,330.0
2024-03-01 10:56:00,NRIX,13.329999923706055,13.329999923706055,13.329999923706055,13.329999923706055,13.329999923706055,300.0
2024-03-01 10:56:00,NRXP,0.4300000071525574,0.4300000071525574,0.4300000071525574,0.420199990272522,0.420199990272522,18030.0
2024-03-01 10:56:00,NTLA,33.459999084472656,33.459999084472656,33.47999954223633,33.45000076293945,33.45000076293945,1157.0
2024-03-01 10:56:00,NTRA,88.97000122070312,88.97000122070312,88.97000122070312,88.91000366210938,88.91000366210938,1390.0
2024-03-01 10:56:00,NVAX,5.129499912261963,5.129499912261963,5.149899959564209,5.120100021362305,5.130000114440918,22124.0
2024-03-01 10:56:00,NVCR,16.09000015258789,16.09000015258789,16.094999313354492,16.09000015258789,16.09000015258789,897.0
2024-03-01 10:56:00,NXTC,1.7999999523162842,1.7999999523162842,1.7999999523162842,1.7999999523162842,1.7999999523162842,5600.0
2024-03-01 10:56:00,OCUL,10.39799976348877,10.39799976348877,10.404999732971191,10.375200271606445,10.380000114440918,2383.0
2024-03-01 10:56:00,OFIX,13.005000114440918,13.005000114440918,13.005000114440918,13.005000114440918,13.005000114440918,446.0
2024-03-01 10:56:00,OLMA,12.734999656677246,12.734999656677246,12.75,12.729999542236328,12.75,1346.0
2024-03-01 10:56:00,OM,3.0950000286102295,3.0950000286102295,3.0950000286102295,3.0950000286102295,3.0950000286102295,102.0
2024-03-01 10:56:00,OMCL,26.479999542236328,26.479999542236328,26.479999542236328,26.479999542236328,26.479999542236328,163.0
2024-03-01 10:57:00,AADI,1.98989999294281,1.98989999294281,1.98989999294281,1.98989999294281,1.98989999294281,4022.0
2024-03-01 10:57:00,ABCL,5.160999774932861,5.160999774932861,5.160999774932861,5.160999774932861,5.160999774932861,104.0
2024-03-01 10:57:00,ABEO,7.380000114440918,7.380000114440918,7.380000114440918,7.380000114440918,7.380000114440918,130.0
2024-03-01 10:57:00,ABSI,5.114999771118164,5.114999771118164,5.119999885559082,5.114999771118164,5.119999885559082,400.0
2024-03-01 10:57:00,ABUS,2.7850000858306885,2.7850000858306885,2.788599967956543,2.7850000858306885,2.788599967956543,3152.0
2024-03-01 10:57:00,ACAD,23.969999313354492,23.969999313354492,23.979999542236328,23.940000534057617,23.959999084472656,4475.0
2024-03-01 10:57:00,ACET,2.380000114440918,2.380000114440918,2.390000104904175,2.380000114440918,2.390000104904175,5062.0
2024-03-01 10:57:00,ACHC,84.07499694824219,84.07499694824219,84.15070343017578,83.98999786376953,83.98999786376953,2318.0
2024-03-01 10:57:00,ACHL,1.3600000143051147,1.3600000143051147,1.3600000143051147,1.3600000143051147,1.3600000143051147,800.0
2024-03-01 10:57:00,ACLX,68.05000305175781,68.05000305175781,68.19000244140625,68.05000305175781,68.19000244140625,753.0
2024-03-01 10:57:00,ACON,0.3799999952316284,0.3799999952316284,0.3799999952316284,0.3799999952316284,0.3799999952316284,2123.0
2024-03-01 10:57:00,ACRS,1.2300000190734863,1.2300000190734863,1.2300000190734863,1.2300000190734863,1.2300000190734863,834.0
2024-03-01 10:57:00,ADIL,3.2600998878479004,3.2600998878479004,3.2799999713897705,3.25,3.2676000595092773,29542.0
2024-03-01 10:57:00,ADMA,5.375,5.375,5.394999980926514,5.375,5.394999980926514,11806.0
2024-03-01 10:57:00,ADPT,4.230000019073486,4.230000019073486,4.230000019073486,4.230000019073486,4.230000019073486,245.0
2024-03-01 10:57:00,ADVM,1.9249999523162842,1.9249999523162842,1.9299999475479126,1.9249999523162842,1.9282000064849854,597.0
2024-03-01 10:57:00,AGEN,0.66839998960495,0.66839998960495,0.6693999767303467,0.66839998960495,0.6693999767303467,7301.0
2024-03-01 10:57:00,AGIO,32.875,32.875,32.875,32.875,32.875,446.0
2024-03-01 10:57:00,AHCO,10.6899995803833,10.6899995803833,10.6899995803833,10.664999961853027,10.670000076293945,1283.0
2024-03-01 10:57:00,AKAN,0.25110000371932983,0.25110000371932983,0.25130000710487366,0.25110000371932983,0.25130000710487366,0.0
2024-03-01 10:57:00,AKBA,1.6575000286102295,1.6575000286102295,1.6575000286102295,1.6575000286102295,1.6575000286102295,100.0
2024-03-01 10:57:00,AKLI,0.34549999237060547,0.34549999237060547,0.34549999237060547,0.34549999237060547,0.34549999237060547,285.0
2024-03-01 10:57:00,AKRO,29.100000381469727,29.100000381469727,29.104999542236328,28.940000534057617,29.104999542236328,1906.0
2024-03-01 10:57:00,ALDX,4.099999904632568,4.099999904632568,4.099999904632568,4.099999904632568,4.099999904632568,253.0
2024-03-01 10:57:00,ALEC,7.489999771118164,7.489999771118164,7.489999771118164,7.489999771118164,7.489999771118164,126.0
2024-03-01 10:57:00,ALGN,300.44500732421875,300.44500732421875,300.6700134277344,300.360107421875,300.360107421875,1040.0
2024-03-01 10:57:00,ALGS,1.0192999839782715,1.0192999839782715,1.0192999839782715,1.0192999839782715,1.0192999839782715,750.0
2024-03-01 10:57:00,ALHC,5.769999980926514,5.769999980926514,5.769999980926514,5.769999980926514,5.769999980926514,221.0
2024-03-01 10:57:00,ALKS,30.209999084472656,30.209999084472656,30.219999313354492,30.18000030517578,30.190000534057617,4093.0
2024-03-01 10:57:00,ALLK,1.5950000286102295,1.5950000286102295,1.600000023841858,1.5950000286102295,1.600000023841858,480.0
2024-03-01 10:57:00,ALLO,4.994999885559082,4.994999885559082,4.994999885559082,4.989999771118164,4.989999771118164,1121.0
2024-03-01 10:57:00,ALPN,36.209999084472656,36.209999084472656,36.25,36.209999084472656,36.25,517.0
2024-03-01 10:57:00,ALT,12.232999801635742,12.232999801635742,12.25,12.229999542236328,12.229999542236328,5748.0
2024-03-01 10:57:00,ALVO,15.630000114440918,15.630000114440918,15.630000114440918,15.619999885559082,15.619999885559082,1268.0
2024-03-01 10:57:00,ALVR,0.7548999786376953,0.7548999786376953,0.7548999786376953,0.7548999786376953,0.7548999786376953,312.0
2024-03-01 10:57:00,ALXO,15.069999694824219,15.069999694824219,15.09000015258789,15.069999694824219,15.09000015258789,516.0
2024-03-01 10:57:00,AMGN,280.5450134277344,280.5450134277344,280.5899963378906,280.4700012207031,280.5849914550781,2492.0
2024-03-01 10:57:00,AMLX,18.799999237060547,18.799999237060547,18.815000534057617,18.799999237060547,18.815000534057617,1878.0
2024-03-01 10:57:00,AMPH,45.560001373291016,45.560001373291016,45.560001373291016,45.560001373291016,45.560001373291016,120.0
2024-03-01 10:57:00,AMRN,1.034999966621399,1.034999966621399,1.0399999618530273,1.0300999879837036,1.0399999618530273,10350.0
2024-03-01 10:57:00,ANAB,25.40999984741211,25.40999984741211,25.40999984741211,25.40999984741211,25.40999984741211,311.0
2024-03-01 10:57:00,ANGO,5.454999923706055,5.454999923706055,5.465000152587891,5.449999809265137,5.465000152587891,778.0
2024-03-01 10:57:00,ANIP,66.95809936523438,66.95809936523438,66.95809936523438,66.95809936523438,66.95809936523438,925.0
2024-03-01 10:57:00,ANNX,5.96999979019165,5.96999979019165,5.999899864196777,5.96999979019165,5.999899864196777,1048.0
2024-03-01 10:57:00,ANTX,2.940000057220459,2.940000057220459,2.940000057220459,2.940000057220459,2.940000057220459,360.0
2024-03-01 10:57:00,APLS,64.1709976196289,64.1709976196289,64.33000183105469,63.91999816894531,64.33000183105469,5279.0
2024-03-01 10:57:00,APLT,7.139999866485596,7.139999866485596,7.139999866485596,7.110000133514404,7.110000133514404,1399.0
2024-03-01 10:57:00,APYX,2.109999895095825,2.109999895095825,2.109999895095825,2.109999895095825,2.109999895095825,650.0
2024-03-01 10:57:00,AQST,4.244999885559082,4.244999885559082,4.284999847412109,4.221199989318848,4.28000020980835,10960.0
2024-03-01 10:57:00,ARAY,2.6242001056671143,2.6242001056671143,2.6242001056671143,2.619999885559082,2.619999885559082,293.0
2024-03-01 10:57:00,ARDX,9.539999961853027,9.539999961853027,9.545000076293945,9.53499984741211,9.545000076293945,1714.0
2024-03-01 10:57:00,ARQT,11.13010025024414,11.13010025024414,11.15999984741211,11.130000114440918,11.15999984741211,4004.0
2024-03-01 10:57:00,ARVN,50.220001220703125,50.220001220703125,50.30799865722656,50.16999816894531,50.18000030517578,2033.0
2024-03-01 10:57:00,ARWR,35.150001525878906,35.150001525878906,35.220001220703125,35.099998474121094,35.220001220703125,2750.0
2024-03-01 10:57:00,ASND,149.0,149.0,149.0,148.94000244140625,149.0,1316.0
2024-03-01 10:57:00,ASRT,0.9200000166893005,0.9200000166893005,0.9200000166893005,0.9200000166893005,0.9200000166893005,723.0
2024-03-01 10:57:00,ATEC,13.484999656677246,13.484999656677246,13.489999771118164,13.475000381469727,13.489999771118164,2153.0
2024-03-01 10:57:00,ATOS,0.9854000210762024,0.9854000210762024,0.9854000210762024,0.9854000210762024,0.9854000210762024,1082.0
2024-03-01 10:57:00,ATRA,0.8152999877929688,0.8152999877929688,0.8198999762535095,0.8105000257492065,0.8198999762535095,3311.0
2024-03-01 10:57:00,ATRC,35.86000061035156,35.86000061035156,35.94499969482422,35.86000061035156,35.94499969482422,1339.0
2024-03-01 10:57:00,ATXI,0.15520000457763672,0.15520000457763672,0.155799999833107,0.1550000011920929,0.155799999833107,39847.0
2024-03-01 10:57:00,ATXS,15.140000343322754,15.140000343322754,15.140000343322754,15.050000190734863,15.0600004196167,1530.0
2024-03-01 10:57:00,AUPH,5.820000171661377,5.820000171661377,5.829999923706055,5.820000171661377,5.829999923706055,3964.0
2024-03-01 10:57:00,AUTL,6.149899959564209,6.149899959564209,6.159999847412109,6.149899959564209,6.159999847412109,1431.0
2024-03-01 10:57:00,AVDL,12.779999732971191,12.779999732971191,12.779999732971191,12.779999732971191,12.779999732971191,190.0
2024-03-01 10:57:00,AVGR,3.8399999141693115,3.8399999141693115,3.8399999141693115,3.8399999141693115,3.8399999141693115,100.0
2024-03-01 10:57:00,AVXL,5.324999809265137,5.324999809265137,5.329999923706055,5.324999809265137,5.329999923706055,424.0
2024-03-01 10:57:00,AXGN,10.520600318908691,10.520600318908691,10.538000106811523,10.520600318908691,10.538000106811523,636.0
2024-03-01 10:57:00,AXSM,84.02999877929688,84.02999877929688,84.11000061035156,84.0,84.0,3100.0
2024-03-01 10:57:00,AZN,64.68499755859375,64.68499755859375,64.68499755859375,64.66000366210938,64.66000366210938,2280.0
2024-03-01 10:57:00,BBIO,36.06999969482422,36.06999969482422,36.130001068115234,36.04999923706055,36.09000015258789,539.0
2024-03-01 10:57:00,BBLG,2.5999999046325684,2.5999999046325684,2.5999999046325684,2.5299999713897705,2.5299999713897705,130.0
2024-03-01 10:57:00,BCEL,0.2651999890804291,0.2651999890804291,0.27000001072883606,0.2651999890804291,0.27000001072883606,4911.0
2024-03-01 10:57:00,BCRX,5.869999885559082,5.869999885559082,5.880000114440918,5.869999885559082,5.880000114440918,3232.0
2024-03-01 10:57:00,BCTX,3.5199999809265137,3.5199999809265137,3.5199999809265137,3.515000104904175,3.515000104904175,475.0
2024-03-01 10:57:00,BDSX,1.6302000284194946,1.6302000284194946,1.6302000284194946,1.6302000284194946,1.6302000284194946,0.0
2024-03-01 10:57:00,BEAM,40.564998626708984,40.564998626708984,40.564998626708984,40.564998626708984,40.564998626708984,462.0
2024-03-01 10:57:00,BGXX,0.265500009059906,0.265500009059906,0.265500009059906,0.2639000117778778,0.2639000117778778,403.0
2024-03-01 10:57:00,BIOL,0.1379999965429306,0.1379999965429306,0.13819999992847443,0.1379999965429306,0.13819999992847443,2597.0
2024-03-01 10:57:00,BIOR,1.2380000352859497,1.2380000352859497,1.2380000352859497,1.2380000352859497,1.2380000352859497,1000.0
2024-03-01 10:57:00,BIVI,2.3101000785827637,2.3101000785827637,2.319999933242798,2.240000009536743,2.295799970626831,214092.0
2024-03-01 10:57:00,BLFS,17.950000762939453,17.950000762939453,17.950000762939453,17.950000762939453,17.950000762939453,109.0
2024-03-01 10:57:00,BLUE,1.6349999904632568,1.6349999904632568,1.6399999856948853,1.6299999952316284,1.6399999856948853,8955.0
2024-03-01 10:57:00,BMRN,86.7699966430664,86.7699966430664,86.7699966430664,86.69000244140625,86.69999694824219,2207.0
2024-03-01 10:57:00,BNTC,5.0,5.0,5.0,5.0,5.0,216.0
2024-03-01 10:57:00,BNTX,91.91000366210938,91.91000366210938,91.9800033569336,91.91000366210938,91.93000030517578,1129.0
2024-03-01 10:57:00,BPMC,96.13999938964844,96.13999938964844,97.08000183105469,96.13500213623047,97.08000183105469,22206.0
2024-03-01 10:57:00,BRKR,87.7699966430664,87.7699966430664,87.7699966430664,87.73999786376953,87.75,1699.0
2024-03-01 10:57:00,BRTX,1.4989999532699585,1.4989999532699585,1.4989999532699585,1.4989999532699585,1.4989999532699585,14.0
2024-03-01 10:57:00,BTAI,3.240000009536743,3.240000009536743,3.240000009536743,3.240000009536743,3.240000009536743,404.0
2024-03-01 10:57:00,BTTX,0.16750000417232513,0.16750000417232513,0.16899999976158142,0.16750000417232513,0.16899999976158142,3310.0
2024-03-01 10:57:00,CABA,23.96500015258789,23.96500015258789,23.96500015258789,23.96500015258789,23.96500015258789,0.0
2024-03-01 10:57:00,CAPR,4.590000152587891,4.590000152587891,4.599999904632568,4.570000171661377,4.570000171661377,1041.0
2024-03-01 10:57:00,CARA,0.9150000214576721,0.9150000214576721,0.9150000214576721,0.9025999903678894,0.9025999903678894,843.0
2024-03-01 10:57:00,CBAY,32.220001220703125,32.220001220703125,32.22999954223633,32.220001220703125,32.224998474121094,1442.0
2024-03-01 10:57:00,CCCC,11.067500114440918,11.067500114440918,11.100000381469727,11.0649995803833,11.100000381469727,3756.0
2024-03-01 10:57:00,CDMO,8.199999809265137,8.199999809265137,8.220000267028809,8.199999809265137,8.199999809265137,17710.0
2024-03-01 10:57:00,CDNA,12.199999809265137,12.199999809265137,12.239999771118164,12.1899995803833,12.229999542236328,2130.0
2024-03-01 10:57:00,CDXS,4.420000076293945,4.420000076293945,4.420000076293945,4.419899940490723,4.419899940490723,869.0
2024-03-01 10:57:00,CELC,15.944999694824219,15.944999694824219,15.944999694824219,15.819999694824219,15.899999618530273,738.0
2024-03-01 10:57:00,CELU,3.740000009536743,3.740000009536743,3.740000009536743,3.740000009536743,3.740000009536743,219.0
2024-03-01 10:57:00,CERE,41.20000076293945,41.20000076293945,41.209999084472656,41.20000076293945,41.209999084472656,1175.0
2024-03-01 10:57:00,CERS,2.2049999237060547,2.2049999237060547,2.2049999237060547,2.2049999237060547,2.2049999237060547,200.0
2024-03-01 10:57:00,CERT,17.979999542236328,17.979999542236328,17.979999542236328,17.93000030517578,17.93000030517578,1919.0
2024-03-01 10:57:00,CHRS,2.3213000297546387,2.3213000297546387,2.325000047683716,2.3213000297546387,2.325000047683716,1053.0
2024-03-01 10:57:00,CING,1.3799999952316284,1.3799999952316284,1.3799999952316284,1.3708000183105469,1.3708000183105469,1360.0
2024-03-01 10:57:00,CJJD,2.9005000591278076,2.9005000591278076,2.9005000591278076,2.9005000591278076,2.9005000591278076,679.0
2024-03-01 10:57:00,CKPT,2.1698999404907227,2.1698999404907227,2.1698999404907227,2.1698999404907227,2.1698999404907227,25.0
2024-03-01 10:57:00,CLNN,0.39500001072883606,0.39500001072883606,0.39500001072883606,0.39489999413490295,0.39500001072883606,4914.0
2024-03-01 10:57:00,CLOV,0.8641999959945679,0.8641999959945679,0.8641999959945679,0.8640999794006348,0.8641999959945679,4712.0
2024-03-01 10:57:00,CLRB,4.060100078582764,4.060100078582764,4.066999912261963,4.060100078582764,4.065000057220459,757.0
2024-03-01 10:57:00,CMPS,10.880000114440918,10.880000114440918,10.880000114440918,10.880000114440918,10.880000114440918,143.0
2024-03-01 10:57:00,CMRX,1.1299999952316284,1.1299999952316284,1.1299999952316284,1.1200000047683716,1.1299999952316284,6750.0
2024-03-01 10:57:00,CNSP,0.32760000228881836,0.32760000228881836,0.32760000228881836,0.32760000228881836,0.32760000228881836,15033.0
2024-03-01 10:57:00,COGT,7.260000228881836,7.260000228881836,7.269999980926514,7.260000228881836,7.269999980926514,440.0
2024-03-01 10:57:00,COLL,37.130001068115234,37.130001068115234,37.255001068115234,37.130001068115234,37.255001068115234,2053.0
2024-03-01 10:57:00,CORT,23.739999771118164,23.739999771118164,23.760000228881836,23.739999771118164,23.760000228881836,678.0
2024-03-01 10:57:00,CPRX,17.31999969482422,17.31999969482422,17.31999969482422,17.270000457763672,17.299999237060547,4157.0
2024-03-01 10:57:00,CPSI,9.510000228881836,9.510000228881836,9.510000228881836,9.510000228881836,9.510000228881836,141.0
2024-03-01 10:57:00,CRBU,8.095000267028809,8.095000267028809,8.125,8.09000015258789,8.125,1339.0
2024-03-01 10:57:00,CRDF,2.4600000381469727,2.4600000381469727,2.4800000190734863,2.4600000381469727,2.47979998588562,7396.0
2024-03-01 10:57:00,CRMD,3.690000057220459,3.690000057220459,3.690000057220459,3.690000057220459,3.690000057220459,279.0
2024-03-01 10:57:00,CRNX,45.61000061035156,45.61000061035156,45.61000061035156,45.61000061035156,45.61000061035156,168.0
2024-03-01 10:57:00,CRSP,85.76000213623047,85.76000213623047,85.9989013671875,85.73999786376953,85.9989013671875,2367.0
2024-03-01 10:57:00,CRVS,2.200000047683716,2.200000047683716,2.200000047683716,2.200000047683716,2.200000047683716,100.0
2024-03-01 10:57:00,CSTL,20.149999618530273,20.149999618530273,20.149999618530273,20.060100555419922,20.060100555419922,1670.0
2024-03-01 10:57:00,CTKB,8.28499984741211,8.28499984741211,8.289999961853027,8.28499984741211,8.289999961853027,307.0
2024-03-01 10:57:00,CTMX,2.490000009536743,2.490000009536743,2.490000009536743,2.490000009536743,2.490000009536743,427.0
2024-03-01 10:57:00,CTXR,0.7802000045776367,0.7802000045776367,0.7849000096321106,0.7802000045776367,0.7802000045776367,1393.0
2024-03-01 10:57:00,CUE,2.180000066757202,2.180000066757202,2.180000066757202,2.180000066757202,2.180000066757202,200.0
2024-03-01 10:57:00,CUTR,2.3399999141693115,2.3399999141693115,2.3399999141693115,2.3399999141693115,2.3399999141693115,1698.0
2024-03-01 10:57:00,CVRX,19.799999237060547,19.799999237060547,19.799999237060547,19.78499984741211,19.78499984741211,385.0
2024-03-01 10:57:00,CYTK,74.63999938964844,74.63999938964844,74.7750015258789,74.63999938964844,74.7750015258789,1056.0
2024-03-01 10:57:00,CYTO,2.0999999046325684,2.0999999046325684,2.0999999046325684,2.0999999046325684,2.0999999046325684,575.0
2024-03-01 10:57:00,DAWN,17.354999542236328,17.354999542236328,17.354999542236328,17.354999542236328,17.354999542236328,272.0
2024-03-01 10:57:00,DCGO,4.119999885559082,4.119999885559082,4.119999885559082,4.119999885559082,4.119999885559082,200.0
2024-03-01 10:57:00,DERM,4.039999961853027,4.039999961853027,4.039999961853027,4.039999961853027,4.039999961853027,184.0
2024-03-01 10:57:00,DH,9.069999694824219,9.069999694824219,9.069999694824219,9.069999694824219,9.069999694824219,138.0
2024-03-01 10:57:00,DMTK,0.8773999810218811,0.8773999810218811,0.8798999786376953,0.8700000047683716,0.8700000047683716,19657.0
2024-03-01 10:57:00,DNLI,20.780000686645508,20.780000686645508,20.80500030517578,20.774999618530273,20.799999237060547,2795.0
2024-03-01 10:57:00,DRIO,2.01419997215271,2.01419997215271,2.01419997215271,2.01419997215271,2.01419997215271,350.0
2024-03-01 10:57:00,DRUG,1.8144999742507935,1.8144999742507935,1.8144999742507935,1.8144999742507935,1.8144999742507935,228.0
2024-03-01 10:57:00,DSGN,2.899899959564209,2.899899959564209,2.899899959564209,2.899899959564209,2.899899959564209,3195.0
2024-03-01 10:57:00,DTIL,12.71500015258789,12.71500015258789,12.71500015258789,12.645000457763672,12.645000457763672,1293.0
2024-03-01 10:57:00,DVAX,12.79990005493164,12.79990005493164,12.79990005493164,12.795000076293945,12.795000076293945,352.0
2024-03-01 10:57:00,DXCM,119.06500244140625,119.06500244140625,119.08000183105469,118.91999816894531,119.04499816894531,7054.0
2024-03-01 10:57:00,DYN,29.329999923706055,29.329999923706055,29.5049991607666,29.110000610351562,29.5049991607666,12285.0
2024-03-01 10:57:00,EDIT,10.920000076293945,10.920000076293945,10.920000076293945,10.890000343322754,10.899800300598145,1176.0
2024-03-01 10:57:00,EFTR,14.84000015258789,14.84000015258789,14.84000015258789,14.84000015258789,14.84000015258789,182.0
2024-03-01 10:57:00,EGRX,6.550000190734863,6.550000190734863,6.579999923706055,6.550000190734863,6.579999923706055,1550.0
2024-03-01 10:57:00,ELEV,4.96999979019165,4.96999979019165,5.110000133514404,4.900000095367432,5.110000133514404,88031.0
2024-03-01 10:57:00,EMBC,14.395000457763672,14.395000457763672,14.395000457763672,14.395000457763672,14.395000457763672,335.0
2024-03-01 10:57:00,ENVB,1.625,1.625,1.6299999952316284,1.6200000047683716,1.6200000047683716,21185.0
2024-03-01 10:57:00,EPIX,9.734999656677246,9.734999656677246,9.734999656677246,9.734999656677246,9.734999656677246,243.0
2024-03-01 10:57:00,ERAS,2.5,2.5,2.5,2.4800000190734863,2.5,6013.0
2024-03-01 10:57:00,ESPR,2.4549999237060547,2.4549999237060547,2.4700000286102295,2.450700044631958,2.4700000286102295,12178.0
2024-03-01 10:57:00,ETNB,12.880000114440918,12.880000114440918,12.9399995803833,12.880000114440918,12.9399995803833,2735.0
2024-03-01 10:57:00,EWTX,16.8799991607666,16.8799991607666,16.8799991607666,16.8799991607666,16.8799991607666,315.0
2024-03-01 10:57:00,EXAS,59.97999954223633,59.97999954223633,59.97999954223633,59.88999938964844,59.94499969482422,4130.0
2024-03-01 10:57:00,EXEL,22.530000686645508,22.530000686645508,22.530000686645508,22.520000457763672,22.524999618530273,2359.0
2024-03-01 10:57:00,EYPT,28.110000610351562,28.110000610351562,28.110000610351562,28.09000015258789,28.09000015258789,1285.0
2024-03-01 10:57:00,FATE,7.489999771118164,7.489999771118164,7.489999771118164,7.474999904632568,7.480000019073486,1553.0
2024-03-01 10:57:00,FBIO,2.2346999645233154,2.2346999645233154,2.2346999645233154,2.2346999645233154,2.2346999645233154,1867.0
2024-03-01 10:57:00,FBIOP,15.59000015258789,15.59000015258789,15.59000015258789,15.59000015258789,15.59000015258789,5550.0
2024-03-01 10:57:00,FEMY,1.690000057220459,1.690000057220459,1.690000057220459,1.690000057220459,1.690000057220459,943.0
2024-03-01 10:57:00,FGEN,1.774999976158142,1.774999976158142,1.774999976158142,1.7699999809265137,1.774999976158142,1128.0
2024-03-01 10:57:00,FLGT,23.075000762939453,23.075000762939453,23.075000762939453,23.075000762939453,23.075000762939453,100.0
2024-03-01 10:57:00,FOLD,13.545000076293945,13.545000076293945,13.550000190734863,13.545000076293945,13.550000190734863,1639.0
2024-03-01 10:57:00,FONR,22.299999237060547,22.299999237060547,22.299999237060547,22.299999237060547,22.299999237060547,176.0
2024-03-01 10:57:00,FULC,10.710000038146973,10.710000038146973,10.710000038146973,10.699999809265137,10.710000038146973,510.0
2024-03-01 10:57:00,FUSN,12.069999694824219,12.069999694824219,12.069999694824219,12.069999694824219,12.069999694824219,200.0
2024-03-01 10:57:00,GBIO,2.6050000190734863,2.6050000190734863,2.6050000190734863,2.6050000190734863,2.6050000190734863,142.0
2024-03-01 10:57:00,GCTK,0.30000001192092896,0.30000001192092896,0.30000001192092896,0.2994999885559082,0.2994999885559082,600.0
2024-03-01 10:57:00,GDRX,8.299200057983398,8.299200057983398,8.299300193786621,8.289999961853027,8.289999961853027,4089.0
2024-03-01 10:57:00,GERN,2.134999990463257,2.134999990463257,2.136699914932251,2.130000114440918,2.134999990463257,2810.0
2024-03-01 10:57:00,GH,19.2549991607666,19.2549991607666,19.2549991607666,19.2549991607666,19.2549991607666,562.0
2024-03-01 10:57:00,GILD,72.51499938964844,72.51499938964844,72.51499938964844,72.45500183105469,72.46499633789062,6225.0
2024-03-01 10:57:00,GMAB,29.270000457763672,29.270000457763672,29.270000457763672,29.260000228881836,29.260000228881836,509.0
2024-03-01 10:57:00,GOSS,1.3600000143051147,1.3600000143051147,1.3600000143051147,1.3600000143051147,1.3600000143051147,2373.0
2024-03-01 10:57:00,GRFS,6.96999979019165,6.96999979019165,6.980000019073486,6.960000038146973,6.980000019073486,2691.0
2024-03-01 10:57:00,GRTS,2.184999942779541,2.184999942779541,2.184999942779541,2.1600000858306885,2.1600000858306885,10835.0
2024-03-01 10:57:00,GRTX,0.23100000619888306,0.23100000619888306,0.23199999332427979,0.23100000619888306,0.23199999332427979,973.0
2024-03-01 10:57:00,GTHX,3.424999952316284,3.424999952316284,3.424999952316284,3.424999952316284,3.424999952316284,335.0
2024-03-01 10:57:00,HALO,41.31999969482422,41.31999969482422,41.32500076293945,41.31999969482422,41.32500076293945,2412.0
2024-03-01 10:57:00,HARP,22.93000030517578,22.93000030517578,22.93000030517578,22.93000030517578,22.93000030517578,525.0
2024-03-01 10:57:00,HBIO,4.320000171661377,4.320000171661377,4.320000171661377,4.320000171661377,4.320000171661377,472.0
2024-03-01 10:57:00,HCAT,7.960000038146973,7.960000038146973,8.0,7.960000038146973,7.989999771118164,5003.0
2024-03-01 10:57:00,HCM,15.454999923706055,15.454999923706055,15.454999923706055,15.454999923706055,15.454999923706055,241.0
2024-03-01 10:57:00,HITI,1.7661000490188599,1.7661000490188599,1.7698999643325806,1.7599999904632568,1.7649999856948853,10392.0
2024-03-01 10:57:00,HLVX,18.815000534057617,18.815000534057617,18.84000015258789,18.815000534057617,18.84000015258789,1115.0
2024-03-01 10:57:00,HOLX,74.08000183105469,74.08000183105469,74.08000183105469,74.08000183105469,74.08000183105469,520.0
2024-03-01 10:57:00,HOTH,1.3219000101089478,1.3219000101089478,1.3219000101089478,1.3219000101089478,1.3219000101089478,2000.0
2024-03-01 10:57:00,HRTX,2.634999990463257,2.634999990463257,2.640000104904175,2.630000114440918,2.640000104904175,4717.0
2024-03-01 10:57:00,HSCS,0.11659999936819077,0.11659999936819077,0.11659999936819077,0.11659999936819077,0.11659999936819077,65.0
2024-03-01 10:57:00,HSIC,77.31500244140625,77.31500244140625,77.36000061035156,77.25,77.3550033569336,1402.0
2024-03-01 10:57:00,HSTM,27.56999969482422,27.56999969482422,27.56999969482422,27.559999465942383,27.56999969482422,834.0
2024-03-01 10:57:00,HUMA,3.1649999618530273,3.1649999618530273,3.1691999435424805,3.1549999713897705,3.159899950027466,14537.0
2024-03-01 10:57:00,IART,36.93000030517578,36.93000030517578,36.95000076293945,36.93000030517578,36.95000076293945,1249.0
2024-03-01 10:57:00,IBRX,4.880000114440918,4.880000114440918,4.889999866485596,4.880000114440918,4.889999866485596,2105.0
2024-03-01 10:57:00,ICLR,324.7449951171875,324.7449951171875,324.7449951171875,324.7449951171875,324.7449951171875,111.0
2024-03-01 10:57:00,IDXX,580.1199951171875,580.1199951171875,580.1199951171875,580.1199951171875,580.1199951171875,315.0
2024-03-01 10:57:00,IDYA,46.040000915527344,46.040000915527344,46.04999923706055,46.0,46.04999923706055,1641.0
2024-03-01 10:57:00,IGMS,13.324999809265137,13.324999809265137,13.324999809265137,13.324999809265137,13.324999809265137,180.0
2024-03-01 10:57:00,ILMN,142.5050048828125,142.5050048828125,142.5050048828125,142.10000610351562,142.10000610351562,2908.0
2024-03-01 10:57:00,IMCR,68.03500366210938,68.03500366210938,68.03500366210938,68.0199966430664,68.0199966430664,322.0
2024-03-01 10:57:00,IMNM,25.190000534057617,25.190000534057617,25.190000534057617,25.190000534057617,25.190000534057617,144.0
2024-03-01 10:57:00,IMNN,1.0085999965667725,1.0085999965667725,1.0085999965667725,1.0085999965667725,1.0085999965667725,112.0
2024-03-01 10:57:00,IMTX,13.050000190734863,13.050000190734863,13.050000190734863,13.050000190734863,13.050000190734863,511.0
2024-03-01 10:57:00,IMUX,1.5104999542236328,1.5104999542236328,1.5104999542236328,1.5104999542236328,1.5104999542236328,200.0
2024-03-01 10:57:00,IMVT,36.22999954223633,36.22999954223633,36.2400016784668,36.22999954223633,36.2400016784668,681.0
2024-03-01 10:57:00,INAB,1.118399977684021,1.118399977684021,1.118399977684021,1.118399977684021,1.118399977684021,500.0
2024-03-01 10:57:00,INCY,59.52000045776367,59.52000045776367,59.52000045776367,59.439998626708984,59.4900016784668,3103.0
2024-03-01 10:57:00,INGN,6.820000171661377,6.820000171661377,6.820000171661377,6.820000171661377,6.820000171661377,105.0
2024-03-01 10:57:00,INMD,22.979999542236328,22.979999542236328,23.010000228881836,22.969999313354492,23.010000228881836,3046.0
2024-03-01 10:57:00,INO,8.92959976196289,8.92959976196289,8.92959976196289,8.92959976196289,8.92959976196289,260.0
2024-03-01 10:57:00,INSM,28.3799991607666,28.3799991607666,28.395000457763672,28.3799991607666,28.395000457763672,312.0
2024-03-01 10:57:00,INVA,15.515000343322754,15.515000343322754,15.529999732971191,15.510000228881836,15.529999732971191,1858.0
2024-03-01 10:57:00,INZY,6.460000038146973,6.460000038146973,6.460000038146973,6.460000038146973,6.460000038146973,468.0
2024-03-01 10:57:00,IONM,0.33899998664855957,0.33899998664855957,0.3400000035762787,0.33899998664855957,0.3400000035762787,1301.0
2024-03-01 10:57:00,IONS,45.880001068115234,45.880001068115234,45.959999084472656,45.849998474121094,45.959999084472656,809.0
2024-03-01 10:57:00,IOVA,16.520099639892578,16.520099639892578,16.549999237060547,16.491899490356445,16.545000076293945,13151.0
2024-03-01 10:57:00,IRTC,120.13500213623047,120.13500213623047,120.13500213623047,120.13500213623047,120.13500213623047,280.0
2024-03-01 10:57:00,IRWD,8.914999961853027,8.914999961853027,8.9375,8.890000343322754,8.9375,36146.0
2024-03-01 10:57:00,ISRG,391.3399963378906,391.3399963378906,391.5799865722656,391.1700134277344,391.5400085449219,1867.0
2024-03-01 10:57:00,ITOS,10.760000228881836,10.760000228881836,10.760000228881836,10.760000228881836,10.760000228881836,551.0
2024-03-01 10:57:00,JAGX,0.0868000015616417,0.0868000015616417,0.0885000005364418,0.08619999885559082,0.08699999749660492,780612.0
2024-03-01 10:57:00,JANX,46.724998474121094,46.724998474121094,46.724998474121094,46.724998474121094,46.724998474121094,322.0
2024-03-01 10:57:00,JAZZ,120.69999694824219,120.69999694824219,120.69999694824219,120.45500183105469,120.45500183105469,1774.0
2024-03-01 10:57:00,KNSA,21.920000076293945,21.920000076293945,21.920000076293945,21.920000076293945,21.920000076293945,135.0
2024-03-01 10:57:00,KNTE,2.609999895095825,2.609999895095825,2.609999895095825,2.609999895095825,2.609999895095825,600.0
2024-03-01 10:57:00,KOD,6.119999885559082,6.119999885559082,6.119999885559082,6.119999885559082,6.119999885559082,621.0
2024-03-01 10:57:00,KPTI,1.2649999856948853,1.2649999856948853,1.2699999809265137,1.2450000047683716,1.2450000047683716,39019.0
2024-03-01 10:57:00,KRON,1.034999966621399,1.034999966621399,1.0399999618530273,1.034999966621399,1.0399999618530273,3661.0
2024-03-01 10:57:00,KRYS,168.02000427246094,168.02000427246094,168.02000427246094,168.02000427246094,168.02000427246094,482.0
2024-03-01 10:57:00,KYMR,44.26499938964844,44.26499938964844,44.26499938964844,44.26499938964844,44.26499938964844,124.0
2024-03-01 10:57:00,KZR,1.1292999982833862,1.1292999982833862,1.1292999982833862,1.1292999982833862,1.1292999982833862,2000.0
2024-03-01 10:57:00,LAB,2.375,2.375,2.375,2.375,2.375,646.0
2024-03-01 10:57:00,LBPH,21.8700008392334,21.8700008392334,21.8700008392334,21.850000381469727,21.8700008392334,854.0
2024-03-01 10:57:00,LFMD,7.9552001953125,7.9552001953125,7.9552001953125,7.9552001953125,7.9552001953125,450.0
2024-03-01 10:57:00,LFST,8.03499984741211,8.03499984741211,8.03499984741211,8.032600402832031,8.032600402832031,2913.0
2024-03-01 10:57:00,LIFE,1.9399000406265259,1.9399000406265259,1.9399000406265259,1.9399000406265259,1.9399000406265259,339.0
2024-03-01 10:57:00,LIVN,54.88999938964844,54.88999938964844,54.959999084472656,54.88999938964844,54.959999084472656,723.0
2024-03-01 10:57:00,LMAT,67.88999938964844,67.88999938964844,68.01000213623047,67.88999938964844,68.01000213623047,984.0
2024-03-01 10:57:00,LNTH,65.56500244140625,65.56500244140625,65.56999969482422,65.55000305175781,65.55000305175781,717.0
2024-03-01 10:57:00,LQDA,14.430000305175781,14.430000305175781,14.449999809265137,14.430000305175781,14.449999809265137,868.0
2024-03-01 10:57:00,LTRN,4.670000076293945,4.670000076293945,4.670000076293945,4.670000076293945,4.670000076293945,200.0
2024-03-01 10:57:00,LUNG,9.239999771118164,9.239999771118164,9.25,9.239999771118164,9.25,417.0
2024-03-01 10:57:00,LVTX,3.0,3.0,3.029900074005127,3.0,3.029900074005127,1651.0
2024-03-01 10:57:00,LXRX,2.410900115966797,2.410900115966797,2.410900115966797,2.410900115966797,2.410900115966797,200.0
2024-03-01 10:57:00,LYEL,3.1700000762939453,3.1700000762939453,3.1700000762939453,3.163100004196167,3.1649999618530273,2382.0
2024-03-01 10:57:00,MACK,14.770000457763672,14.770000457763672,14.770000457763672,14.770000457763672,14.770000457763672,200.0
2024-03-01 10:57:00,MCRB,1.190000057220459,1.190000057220459,1.190000057220459,1.190000057220459,1.190000057220459,773.0
2024-03-01 10:57:00,MDGL,240.02999877929688,240.02999877929688,241.18499755859375,240.02999877929688,241.18499755859375,2284.0
2024-03-01 10:57:00,MDRX,5.75,5.75,5.75,5.75,5.75,47390.0
2024-03-01 10:57:00,ME,0.5834000110626221,0.5834000110626221,0.5834000110626221,0.5831999778747559,0.583299994468689,11811.0
2024-03-01 10:57:00,MGNX,19.03499984741211,19.03499984741211,19.209999084472656,18.989999771118164,19.209999084472656,21827.0
2024-03-01 10:57:00,MHUA,0.699999988079071,0.699999988079071,0.699999988079071,0.699999988079071,0.699999988079071,529.0
2024-03-01 10:57:00,MIRM,29.81410026550293,29.81410026550293,29.829999923706055,29.790800094604492,29.829999923706055,1422.0
2024-03-01 10:57:00,MIST,1.690000057220459,1.690000057220459,1.7000000476837158,1.690000057220459,1.690000057220459,3800.0
2024-03-01 10:57:00,MNKD,4.579999923706055,4.579999923706055,4.579999923706055,4.574999809265137,4.574999809265137,4263.0
2024-03-01 10:57:00,MNMD,5.88070011138916,5.88070011138916,5.88070011138916,5.88070011138916,5.88070011138916,548.0
2024-03-01 10:57:00,MODD,1.899999976158142,1.899999976158142,1.899999976158142,1.899999976158142,1.899999976158142,1000.0
2024-03-01 10:57:00,MOR,17.668699264526367,17.668699264526367,17.670000076293945,17.668699264526367,17.670000076293945,753.0
2024-03-01 10:57:00,MREO,3.8299999237060547,3.8299999237060547,3.8399999141693115,3.825000047683716,3.8399999141693115,6179.0
2024-03-01 10:57:00,MRNA,95.28500366210938,95.28500366210938,95.55999755859375,95.28500366210938,95.46499633789062,16343.0
2024-03-01 10:57:00,MRSN,5.764999866485596,5.764999866485596,5.769999980926514,5.715000152587891,5.715000152587891,1069.0
2024-03-01 10:57:00,MRUS,49.97999954223633,49.97999954223633,50.060001373291016,49.97999954223633,49.9900016784668,924.0
2024-03-01 10:57:00,MRVI,7.869999885559082,7.869999885559082,7.869999885559082,7.869999885559082,7.869999885559082,926.0
2024-03-01 10:57:00,MTEM,3.759999990463257,3.759999990463257,3.759999990463257,3.759999990463257,3.759999990463257,200.0
2024-03-01 10:57:00,MYGN,21.690000534057617,21.690000534057617,21.690000534057617,21.649999618530273,21.649999618530273,1579.0
2024-03-01 10:57:00,NARI,45.349998474121094,45.349998474121094,45.40999984741211,45.31999969482422,45.40999984741211,8513.0
2024-03-01 10:57:00,NAUT,2.6500000953674316,2.6500000953674316,2.6500000953674316,2.6500000953674316,2.6500000953674316,200.0
2024-03-01 10:57:00,NBIX,130.92999267578125,130.92999267578125,130.92999267578125,130.8800048828125,130.89999389648438,899.0
2024-03-01 10:57:00,NEO,16.110000610351562,16.110000610351562,16.110000610351562,16.110000610351562,16.110000610351562,118.0
2024-03-01 10:57:00,NEOG,17.229999542236328,17.229999542236328,17.229999542236328,17.229999542236328,17.229999542236328,152.0
2024-03-01 10:57:00,NERV,2.450000047683716,2.450000047683716,2.450000047683716,2.450000047683716,2.450000047683716,125.0
2024-03-01 10:57:00,NKTX,12.34000015258789,12.34000015258789,12.34000015258789,12.34000015258789,12.34000015258789,434.0
2024-03-01 10:57:00,NNOX,11.109999656677246,11.109999656677246,11.109999656677246,11.057000160217285,11.079999923706055,4248.0
2024-03-01 10:57:00,NRIX,13.21500015258789,13.21500015258789,13.3100004196167,13.21500015258789,13.3100004196167,9159.0
2024-03-01 10:57:00,NRXP,0.4205000102519989,0.4205000102519989,0.4205000102519989,0.4205000102519989,0.4205000102519989,6546.0
2024-03-01 10:57:00,NTLA,33.47999954223633,33.47999954223633,33.47999954223633,33.42150115966797,33.459999084472656,2034.0
2024-03-01 10:57:00,NTRA,88.93499755859375,88.93499755859375,89.0,88.86000061035156,88.86000061035156,16101.0
2024-03-01 10:57:00,NUVL,87.44999694824219,87.44999694824219,87.61499786376953,87.44999694824219,87.61499786376953,875.0
2024-03-01 10:57:00,NVAX,5.119900226593018,5.119900226593018,5.125,5.099999904632568,5.125,19044.0
2024-03-01 10:57:00,NVCR,16.075000762939453,16.075000762939453,16.075000762939453,16.075000762939453,16.075000762939453,389.0
2024-03-01 10:57:00,NVNO,6.5,6.5,6.5,6.460000038146973,6.480000019073486,1610.0
2024-03-01 10:57:00,NXGL,2.369999885559082,2.369999885559082,2.4149999618530273,2.369999885559082,2.4149999618530273,1988.0
2024-03-01 10:57:00,NXTC,1.7949999570846558,1.7949999570846558,1.7949999570846558,1.7949999570846558,1.7949999570846558,200.0
2024-03-01 10:57:00,OCGN,0.9200999736785889,0.9200999736785889,0.9289000034332275,0.9200999736785889,0.9244999885559082,1328.0
2024-03-01 10:57:00,OCUL,10.380000114440918,10.380000114440918,10.395000457763672,10.380000114440918,10.390000343322754,4900.0
2024-03-01 10:57:00,OLK,22.645000457763672,22.645000457763672,22.649999618530273,22.639999389648438,22.649999618530273,2216.0
2024-03-01 10:57:00,OLMA,12.729999542236328,12.729999542236328,12.729999542236328,12.729999542236328,12.729999542236328,109.0
2024-03-01 10:57:00,OM,3.081899881362915,3.081899881362915,3.09060001373291,3.081899881362915,3.09060001373291,742.0
2024-03-01 10:57:00,OMCL,26.450000762939453,26.450000762939453,26.469999313354492,26.450000762939453,26.450000762939453,544.0
2024-03-01 10:57:00,OMIC,0.5950000286102295,0.5950000286102295,0.5950000286102295,0.5949000120162964,0.5949000120162964,1061.0
2024-03-01 10:57:00,ONTX,0.8101000189781189,0.8101000189781189,0.8101000189781189,0.8101000189781189,0.8101000189781189,100.0
2024-03-01 10:58:00,ABCL,5.160099983215332,5.160099983215332,5.170000076293945,5.160099983215332,5.170000076293945,1768.0
2024-03-01 10:58:00,ABEO,7.380000114440918,7.380000114440918,7.380000114440918,7.380000114440918,7.380000114440918,616.0
2024-03-01 10:58:00,ABOS,4.630000114440918,4.630000114440918,4.650000095367432,4.630000114440918,4.643499851226807,7917.0
2024-03-01 10:58:00,ABSI,5.110000133514404,5.110000133514404,5.111000061035156,5.110000133514404,5.110099792480469,2257.0
2024-03-01 10:58:00,ABUS,2.7850000858306885,2.7850000858306885,2.7850000858306885,2.7850000858306885,2.7850000858306885,260.0
2024-03-01 10:58:00,ABVC,1.190000057220459,1.190000057220459,1.190000057220459,1.190000057220459,1.190000057220459,207.0
2024-03-01 10:58:00,ACAD,23.979999542236328,23.979999542236328,23.979999542236328,23.96500015258789,23.979999542236328,1179.0
2024-03-01 10:58:00,ACB,3.0799999237060547,3.0799999237060547,3.0799999237060547,3.0790998935699463,3.0799999237060547,1807.0
2024-03-01 10:58:00,ACCD,10.260000228881836,10.260000228881836,10.260000228881836,10.260000228881836,10.260000228881836,250.0
2024-03-01 10:58:00,ACET,2.380000114440918,2.380000114440918,2.380000114440918,2.380000114440918,2.380000114440918,1710.0
2024-03-01 10:58:00,ACRS,1.2300000190734863,1.2300000190734863,1.2300000190734863,1.225000023841858,1.2300000190734863,706.0
2024-03-01 10:58:00,ADAP,1.5699000358581543,1.5699000358581543,1.5700000524520874,1.5699000358581543,1.5700000524520874,2384.0
2024-03-01 10:58:00,ADIL,3.309999942779541,3.309999942779541,3.3299999237060547,3.25,3.25,40373.0
2024-03-01 10:58:00,ADMA,5.369999885559082,5.369999885559082,5.374199867248535,5.369999885559082,5.369999885559082,3216.0
2024-03-01 10:58:00,ADPT,4.21999979019165,4.21999979019165,4.224999904632568,4.21999979019165,4.224999904632568,1100.0
2024-03-01 10:58:00,ADVM,1.9299999475479126,1.9299999475479126,1.9299999475479126,1.9249999523162842,1.926300048828125,4730.0
2024-03-01 10:58:00,AGEN,0.6678000092506409,0.6678000092506409,0.6682999730110168,0.6678000092506409,0.6682999730110168,8091.0
2024-03-01 10:58:00,AGIO,32.84000015258789,32.84000015258789,32.84000015258789,32.84000015258789,32.84000015258789,101.0
2024-03-01 10:58:00,AGRX,0.8399999737739563,0.8399999737739563,0.8399999737739563,0.8399999737739563,0.8399999737739563,420.0
2024-03-01 10:58:00,AHCO,10.699999809265137,10.699999809265137,10.699999809265137,10.664999961853027,10.6899995803833,2137.0
2024-03-01 10:58:00,AIRS,6.519999980926514,6.519999980926514,6.519999980926514,6.5,6.519999980926514,512.0
2024-03-01 10:58:00,AKAN,0.25200000405311584,0.25200000405311584,0.25200000405311584,0.25200000405311584,0.25200000405311584,900.0
2024-03-01 10:58:00,AKBA,1.659999966621399,1.659999966621399,1.659999966621399,1.659999966621399,1.659999966621399,35.0
2024-03-01 10:58:00,AKRO,29.1299991607666,29.1299991607666,29.1299991607666,29.1299991607666,29.1299991607666,121.0
2024-03-01 10:58:00,AKYA,5.945000171661377,5.945000171661377,5.945000171661377,5.945000171661377,5.945000171661377,109.0
2024-03-01 10:58:00,ALDX,4.088500022888184,4.088500022888184,4.088500022888184,4.088500022888184,4.088500022888184,200.0
2024-03-01 10:58:00,ALEC,7.489999771118164,7.489999771118164,7.5,7.480000019073486,7.5,3557.0
2024-03-01 10:58:00,ALGN,299.93499755859375,299.93499755859375,300.07000732421875,299.7699890136719,299.92999267578125,855.0
2024-03-01 10:58:00,ALGS,1.0240000486373901,1.0240000486373901,1.0240000486373901,1.0149999856948853,1.0149999856948853,5400.0
2024-03-01 10:58:00,ALHC,5.769999980926514,5.769999980926514,5.775000095367432,5.769999980926514,5.775000095367432,647.0
2024-03-01 10:58:00,ALKS,30.19499969482422,30.19499969482422,30.200000762939453,30.19499969482422,30.200000762939453,1400.0
2024-03-01 10:58:00,ALPN,36.2400016784668,36.2400016784668,36.2598991394043,36.16999816894531,36.2400016784668,2611.0
2024-03-01 10:58:00,ALT,12.239500045776367,12.239500045776367,12.25,12.229999542236328,12.234999656677246,10486.0
2024-03-01 10:58:00,AMGN,280.3500061035156,280.3500061035156,280.6300048828125,280.2900085449219,280.5450134277344,5150.0
2024-03-01 10:58:00,AMLX,18.80500030517578,18.80500030517578,18.80500030517578,18.799999237060547,18.799999237060547,3495.0
2024-03-01 10:58:00,AMPH,45.59000015258789,45.59000015258789,45.59000015258789,45.584999084472656,45.584999084472656,621.0
2024-03-01 10:58:00,AMRN,1.034999966621399,1.034999966621399,1.034999966621399,1.0300999879837036,1.034999966621399,5345.0
2024-03-01 10:58:00,ANAB,25.399999618530273,25.399999618530273,25.399999618530273,25.364999771118164,25.399999618530273,362.0
2024-03-01 10:58:00,ANGO,5.449999809265137,5.449999809265137,5.450099945068359,5.449999809265137,5.450099945068359,815.0
2024-03-01 10:58:00,ANNX,5.980000019073486,5.980000019073486,5.980000019073486,5.965000152587891,5.96999979019165,1680.0
2024-03-01 10:58:00,ANTX,2.940000057220459,2.940000057220459,2.940000057220459,2.940000057220459,2.940000057220459,523.0
2024-03-01 10:58:00,APLS,64.18000030517578,64.18000030517578,64.23999786376953,64.1500015258789,64.2300033569336,2644.0
2024-03-01 10:58:00,APLT,7.144999980926514,7.144999980926514,7.144999980926514,7.125,7.125,1045.0
2024-03-01 10:58:00,APVO,0.16500000655651093,0.16500000655651093,0.16500000655651093,0.16500000655651093,0.16500000655651093,804.0
2024-03-01 10:58:00,AQST,4.25,4.25,4.25,4.239999771118164,4.25,4263.0
2024-03-01 10:58:00,ARDX,9.543899536132812,9.543899536132812,9.549200057983398,9.543899536132812,9.545000076293945,2987.0
2024-03-01 10:58:00,ARGX,390.4100036621094,390.4100036621094,390.4100036621094,390.4100036621094,390.4100036621094,417.0
2024-03-01 10:58:00,ARQT,11.104999542236328,11.104999542236328,11.170000076293945,11.104999542236328,11.135000228881836,7207.0
2024-03-01 10:58:00,ARVN,50.09000015258789,50.09000015258789,50.279998779296875,50.060001373291016,50.279998779296875,1251.0
2024-03-01 10:58:00,ARWR,35.099998474121094,35.099998474121094,35.18000030517578,35.099998474121094,35.18000030517578,1961.0
2024-03-01 10:58:00,ASLN,0.8349999785423279,0.8349999785423279,0.8349999785423279,0.8339999914169312,0.8341000080108643,1000.0
2024-03-01 10:58:00,ATEC,13.46500015258789,13.46500015258789,13.470000267028809,13.46500015258789,13.470000267028809,1135.0
2024-03-01 10:58:00,ATHA,3.9732000827789307,3.9732000827789307,3.9749999046325684,3.9732000827789307,3.9749999046325684,365.0
2024-03-01 10:58:00,ATRA,0.8108000159263611,0.8108000159263611,0.8108000159263611,0.8108000159263611,0.8108000159263611,865.0
2024-03-01 10:58:00,ATRC,35.91999816894531,35.91999816894531,35.91999816894531,35.90999984741211,35.90999984741211,431.0
2024-03-01 10:58:00,ATXI,0.15469999611377716,0.15469999611377716,0.15469999611377716,0.15469999611377716,0.15469999611377716,0.0
2024-03-01 10:58:00,AUPH,5.809999942779541,5.809999942779541,5.809999942779541,5.809999942779541,5.809999942779541,220.0
2024-03-01 10:58:00,AVDL,12.779999732971191,12.779999732971191,12.789999961853027,12.779999732971191,12.779999732971191,1851.0
2024-03-01 10:58:00,AVGR,3.800100088119507,3.800100088119507,3.800100088119507,3.800100088119507,3.800100088119507,100.0
2024-03-01 10:58:00,AVTE,22.700000762939453,22.700000762939453,22.700000762939453,22.600000381469727,22.6299991607666,1142.0
2024-03-01 10:58:00,AVXL,5.324999809265137,5.324999809265137,5.324999809265137,5.324999809265137,5.324999809265137,101.0
2024-03-01 10:58:00,AXGN,10.510000228881836,10.510000228881836,10.520000457763672,10.510000228881836,10.520000457763672,361.0
2024-03-01 10:58:00,AXSM,83.92500305175781,83.92500305175781,83.92500305175781,83.92500305175781,83.92500305175781,182.0
2024-03-01 10:58:00,AZN,64.66999816894531,64.66999816894531,64.68000030517578,64.66000366210938,64.68000030517578,4721.0
2024-03-01 10:58:00,BBIO,36.07500076293945,36.07500076293945,36.08000183105469,36.07500076293945,36.07500076293945,523.0
2024-03-01 10:58:00,BCRX,5.875,5.875,5.875999927520752,5.875,5.875,1107.0
2024-03-01 10:58:00,BDTX,5.060100078582764,5.060100078582764,5.060100078582764,5.060100078582764,5.060100078582764,200.0
2024-03-01 10:58:00,BEAM,40.630001068115234,40.630001068115234,40.630001068115234,40.630001068115234,40.630001068115234,676.0
2024-03-01 10:58:00,BGNE,167.2949981689453,167.2949981689453,167.2949981689453,167.2949981689453,167.2949981689453,363.0
2024-03-01 10:58:00,BGXX,0.265500009059906,0.265500009059906,0.265500009059906,0.265500009059906,0.265500009059906,105.0
2024-03-01 10:58:00,BIIB,219.94000244140625,219.94000244140625,220.0749969482422,219.94000244140625,220.0749969482422,780.0
2024-03-01 10:58:00,BIOL,0.1379999965429306,0.1379999965429306,0.1379999965429306,0.1379999965429306,0.1379999965429306,455.0
2024-03-01 10:58:00,BIOR,1.23989999294281,1.23989999294281,1.23989999294281,1.23989999294281,1.23989999294281,0.0
2024-03-01 10:58:00,BIVI,2.3113999366760254,2.3113999366760254,2.3296000957489014,2.2899999618530273,2.3117001056671143,116350.0
2024-03-01 10:58:00,BLFS,17.999000549316406,17.999000549316406,18.0,17.969999313354492,17.969999313354492,923.0
2024-03-01 10:58:00,BLUE,1.625,1.625,1.6399999856948853,1.625,1.6399999856948853,12378.0
2024-03-01 10:58:00,BMEA,17.68000030517578,17.68000030517578,17.700000762939453,17.68000030517578,17.700000762939453,317.0
2024-03-01 10:58:00,BMRN,86.66999816894531,86.66999816894531,86.77179718017578,86.66999816894531,86.75499725341797,2057.0
2024-03-01 10:58:00,BNTX,91.95980072021484,91.95980072021484,91.95980072021484,91.9000015258789,91.9000015258789,327.0
2024-03-01 10:58:00,BPMC,96.19000244140625,96.19000244140625,96.19000244140625,96.16000366210938,96.16000366210938,947.0
2024-03-01 10:58:00,BPTS,0.46050000190734863,0.46050000190734863,0.4659999907016754,0.46050000190734863,0.4659999907016754,3200.0
2024-03-01 10:58:00,BRKR,87.69999694824219,87.69999694824219,87.76000213623047,87.69999694824219,87.72000122070312,1933.0
2024-03-01 10:58:00,BTAI,3.2300000190734863,3.2300000190734863,3.237499952316284,3.2300000190734863,3.237499952316284,323.0
2024-03-01 10:58:00,BTMD,6.000999927520752,6.000999927520752,6.052499771118164,6.000999927520752,6.034999847412109,4523.0
2024-03-01 10:58:00,CABA,23.93000030517578,23.93000030517578,23.93000030517578,23.93000030517578,23.93000030517578,300.0
2024-03-01 10:58:00,CAPR,4.590000152587891,4.590000152587891,4.590000152587891,4.590000152587891,4.590000152587891,3800.0
2024-03-01 10:58:00,CBAY,32.224998474121094,32.224998474121094,32.224998474121094,32.220001220703125,32.220001220703125,13767.0
2024-03-01 10:58:00,CCCC,11.069999694824219,11.069999694824219,11.069999694824219,11.045000076293945,11.0649995803833,27096.0
2024-03-01 10:58:00,CCRN,18.020000457763672,18.020000457763672,18.020000457763672,18.020000457763672,18.020000457763672,671.0
2024-03-01 10:58:00,CDNA,12.219099998474121,12.219099998474121,12.220000267028809,12.194999694824219,12.194999694824219,2080.0
2024-03-01 10:58:00,CDXS,4.420000076293945,4.420000076293945,4.460000038146973,4.420000076293945,4.429500102996826,5480.0
2024-03-01 10:58:00,CERE,41.19499969482422,41.19499969482422,41.19499969482422,41.192501068115234,41.192501068115234,418.0
2024-03-01 10:58:00,CERS,2.2100000381469727,2.2100000381469727,2.2100000381469727,2.200000047683716,2.200000047683716,1429.0
2024-03-01 10:58:00,CERT,17.93000030517578,17.93000030517578,17.979999542236328,17.93000030517578,17.979999542236328,1268.0
2024-03-01 10:58:00,CGC,3.2500998973846436,3.2500998973846436,3.259999990463257,3.2500998973846436,3.259999990463257,960.0
2024-03-01 10:58:00,CGEN,2.674999952316284,2.674999952316284,2.680000066757202,2.674999952316284,2.680000066757202,1399.0
2024-03-01 10:58:00,CHRS,2.329900026321411,2.329900026321411,2.329900026321411,2.329900026321411,2.329900026321411,1152.0
2024-03-01 10:58:00,CLDX,52.72999954223633,52.72999954223633,52.7599983215332,52.72999954223633,52.7599983215332,1003.0
2024-03-01 10:58:00,CLNN,0.39500001072883606,0.39500001072883606,0.39500001072883606,0.39500001072883606,0.39500001072883606,501.0
2024-03-01 10:58:00,CLOV,0.8636000156402588,0.8636000156402588,0.8641999959945679,0.8634999990463257,0.8641999959945679,15831.0
2024-03-01 10:58:00,CLPT,6.550000190734863,6.550000190734863,6.550000190734863,6.550000190734863,6.550000190734863,659.0
2024-03-01 10:58:00,CLRB,4.065000057220459,4.065000057220459,4.065000057220459,4.065000057220459,4.065000057220459,280.0
2024-03-01 10:58:00,CLSD,1.409999966621399,1.409999966621399,1.409999966621399,1.409999966621399,1.409999966621399,393.0
2024-03-01 10:58:00,CMPS,10.890000343322754,10.890000343322754,10.890000343322754,10.890000343322754,10.890000343322754,114.0
2024-03-01 10:58:00,CMRX,1.1299999952316284,1.1299999952316284,1.1375000476837158,1.1210999488830566,1.1210999488830566,5280.0
2024-03-01 10:58:00,CNSP,0.32760000228881836,0.32760000228881836,0.32760000228881836,0.32760000228881836,0.32760000228881836,309.0
2024-03-01 10:58:00,COGT,7.269999980926514,7.269999980926514,7.269999980926514,7.269999980926514,7.269999980926514,177.0
2024-03-01 10:58:00,CPRX,17.360000610351562,17.360000610351562,17.3700008392334,17.350000381469727,17.360000610351562,4424.0
2024-03-01 10:58:00,CRBP,31.190000534057617,31.190000534057617,31.190000534057617,31.190000534057617,31.190000534057617,140.0
2024-03-01 10:58:00,CRBU,8.074999809265137,8.074999809265137,8.09000015258789,8.074999809265137,8.09000015258789,677.0
2024-03-01 10:58:00,CRDF,2.4600000381469727,2.4600000381469727,2.469399929046631,2.450000047683716,2.4649999141693115,20738.0
2024-03-01 10:58:00,CRON,2.0450000762939453,2.0450000762939453,2.0450000762939453,2.042799949645996,2.042799949645996,6496.0
2024-03-01 10:58:00,CRSP,85.7300033569336,85.7300033569336,85.7300033569336,85.7300033569336,85.7300033569336,101.0
2024-03-01 10:58:00,CSTL,20.149999618530273,20.149999618530273,20.200000762939453,20.149999618530273,20.159900665283203,1590.0
2024-03-01 10:58:00,CTKB,8.300000190734863,8.300000190734863,8.300000190734863,8.289999961853027,8.289999961853027,1532.0
2024-03-01 10:58:00,CUE,2.180000066757202,2.180000066757202,2.180000066757202,2.180000066757202,2.180000066757202,500.0
2024-03-01 10:58:00,CUTR,2.3301000595092773,2.3301000595092773,2.3301000595092773,2.3301000595092773,2.3301000595092773,2959.0
2024-03-01 10:58:00,CVAC,3.4800000190734863,3.4800000190734863,3.490000009536743,3.4800000190734863,3.490000009536743,301.0
2024-03-01 10:58:00,CVRX,19.899999618530273,19.899999618530273,19.899999618530273,19.850000381469727,19.850000381469727,89.0
2024-03-01 10:58:00,CYTO,2.130000114440918,2.130000114440918,2.135200023651123,2.130000114440918,2.135200023651123,398.0
2024-03-01 10:58:00,DARE,0.5778999924659729,0.5778999924659729,0.5778999924659729,0.5778999924659729,0.5778999924659729,0.0
2024-03-01 10:58:00,DCGO,4.110000133514404,4.110000133514404,4.125,4.110000133514404,4.125,2820.0
2024-03-01 10:58:00,DCPH,17.09000015258789,17.09000015258789,17.110000610351562,17.09000015258789,17.110000610351562,775.0
2024-03-01 10:58:00,DMTK,0.8600000143051147,0.8600000143051147,0.8751999735832214,0.8600000143051147,0.8704000115394592,4571.0
2024-03-01 10:58:00,DTIL,12.914999961853027,12.914999961853027,12.930000305175781,12.739999771118164,12.739999771118164,4539.0
2024-03-01 10:58:00,DVAX,12.795000076293945,12.795000076293945,12.795000076293945,12.795000076293945,12.795000076293945,355.0
2024-03-01 10:58:00,DXCM,119.05999755859375,119.05999755859375,119.06500244140625,118.87000274658203,119.06500244140625,10183.0
2024-03-01 10:58:00,DYN,29.191699981689453,29.191699981689453,29.264999389648438,29.18000030517578,29.264999389648438,1733.0
2024-03-01 10:58:00,EDIT,10.920000076293945,10.920000076293945,10.920000076293945,10.920000076293945,10.920000076293945,324.0
2024-03-01 10:58:00,EGRX,6.53000020980835,6.53000020980835,6.530099868774414,6.53000020980835,6.530099868774414,944.0
2024-03-01 10:58:00,ELEV,4.925000190734863,4.925000190734863,4.949999809265137,4.920000076293945,4.945000171661377,6606.0
2024-03-01 10:58:00,ENLV,3.2430999279022217,3.2430999279022217,3.2430999279022217,3.2430999279022217,3.2430999279022217,453.0
2024-03-01 10:58:00,ENTA,15.03499984741211,15.03499984741211,15.1899995803833,14.989999771118164,15.1899995803833,9793.0
2024-03-01 10:58:00,ENVB,1.6398999691009521,1.6398999691009521,1.649999976158142,1.6299999952316284,1.6299999952316284,36728.0
2024-03-01 10:58:00,ERAS,2.494999885559082,2.494999885559082,2.494999885559082,2.4800000190734863,2.494999885559082,3761.0
2024-03-01 10:58:00,ESPR,2.4549999237060547,2.4549999237060547,2.4549999237060547,2.450200080871582,2.4549999237060547,9416.0
2024-03-01 10:58:00,ESTA,45.38169860839844,45.38169860839844,45.38169860839844,45.08000183105469,45.16999816894531,1888.0
2024-03-01 10:58:00,ETNB,12.829999923706055,12.829999923706055,12.84000015258789,12.829999923706055,12.84000015258789,746.0
2024-03-01 10:58:00,EWTX,16.8700008392334,16.8700008392334,16.8799991607666,16.8700008392334,16.8700008392334,332.0
2024-03-01 10:58:00,EXAI,6.724999904632568,6.724999904632568,6.724999904632568,6.710000038146973,6.710000038146973,506.0
2024-03-01 10:58:00,EXAS,60.02000045776367,60.02000045776367,60.03499984741211,59.976200103759766,59.98500061035156,5085.0
2024-03-01 10:58:00,EXEL,22.530000686645508,22.530000686645508,22.53499984741211,22.530000686645508,22.530799865722656,951.0
2024-03-01 10:58:00,EYEN,2.221299886703491,2.221299886703491,2.221299886703491,2.2200000286102295,2.2200000286102295,700.0
2024-03-01 10:58:00,FATE,7.494999885559082,7.494999885559082,7.494999885559082,7.494999885559082,7.494999885559082,374.0
2024-03-01 10:58:00,FDMT,29.239999771118164,29.239999771118164,29.239999771118164,29.229999542236328,29.239999771118164,504.0
2024-03-01 10:58:00,FEMY,1.7200000286102295,1.7200000286102295,1.7200000286102295,1.7200000286102295,1.7200000286102295,0.0
2024-03-01 10:58:00,FGEN,1.774999976158142,1.774999976158142,1.774999976158142,1.7549999952316284,1.7649999856948853,11446.0
2024-03-01 10:58:00,FIXX,0.9300000071525574,0.9300000071525574,0.9399999976158142,0.9300000071525574,0.9363999962806702,6800.0
2024-03-01 10:58:00,FLGT,23.075000762939453,23.075000762939453,23.075000762939453,23.075000762939453,23.075000762939453,309.0
2024-03-01 10:58:00,FOLD,13.539999961853027,13.539999961853027,13.539999961853027,13.539999961853027,13.539999961853027,454.0
2024-03-01 10:58:00,FUSN,12.050000190734863,12.050000190734863,12.050000190734863,12.050000190734863,12.050000190734863,101.0
2024-03-01 10:58:00,GCTK,0.2971000075340271,0.2971000075340271,0.2971000075340271,0.2971000075340271,0.2971000075340271,1619.0
2024-03-01 10:58:00,GDRX,8.299200057983398,8.299200057983398,8.299300193786621,8.289999961853027,8.295000076293945,2671.0
2024-03-01 10:58:00,GERN,2.1301000118255615,2.1301000118255615,2.138700008392334,2.1301000118255615,2.138700008392334,1372.0
2024-03-01 10:58:00,GH,19.2549991607666,19.2549991607666,19.2549991607666,19.2549991607666,19.2549991607666,686.0
2024-03-01 10:58:00,GILD,72.45999908447266,72.45999908447266,72.5199966430664,72.43499755859375,72.51499938964844,5293.0
2024-03-01 10:58:00,GMAB,29.290000915527344,29.290000915527344,29.290000915527344,29.25,29.264999389648438,1863.0
2024-03-01 10:58:00,GOSS,1.3600000143051147,1.3600000143051147,1.3650000095367432,1.3600000143051147,1.3624999523162842,900.0
2024-03-01 10:58:00,GRPH,3.494800090789795,3.494800090789795,3.494800090789795,3.494800090789795,3.494800090789795,1000.0
2024-03-01 10:58:00,GRTS,2.2186999320983887,2.2186999320983887,2.2186999320983887,2.184999942779541,2.184999942779541,8100.0
2024-03-01 10:58:00,GTHX,3.424999952316284,3.424999952316284,3.424999952316284,3.424999952316284,3.424999952316284,310.0
2024-03-01 10:58:00,HALO,41.2599983215332,41.2599983215332,41.2599983215332,41.2599983215332,41.2599983215332,501.0
2024-03-01 10:58:00,HARP,22.93000030517578,22.93000030517578,22.940000534057617,22.93000030517578,22.940000534057617,3803.0
2024-03-01 10:58:00,HCSG,12.710000038146973,12.710000038146973,12.710000038146973,12.710000038146973,12.710000038146973,398.0
2024-03-01 10:58:00,HCTI,2.390000104904175,2.390000104904175,2.390000104904175,2.389899969100952,2.389899969100952,681.0
2024-03-01 10:58:00,HITI,1.7699999809265137,1.7699999809265137,1.7699999809265137,1.7599999904632568,1.7599999904632568,843.0
2024-03-01 10:58:00,HOLX,74.08999633789062,74.08999633789062,74.11000061035156,74.08000183105469,74.11000061035156,1079.0
2024-03-01 10:58:00,HOOK,0.7710000276565552,0.7710000276565552,0.7710000276565552,0.7710000276565552,0.7710000276565552,200.0
2024-03-01 10:58:00,HOTH,1.340000033378601,1.340000033378601,1.340000033378601,1.3300000429153442,1.3300000429153442,0.0
2024-03-01 10:58:00,HQY,81.91999816894531,81.91999816894531,81.93000030517578,81.91999816894531,81.93000030517578,477.0
2024-03-01 10:58:00,HROW,10.829999923706055,10.829999923706055,10.829999923706055,10.819999694824219,10.819999694824219,221.0
2024-03-01 10:58:00,HRTX,2.634999990463257,2.634999990463257,2.634999990463257,2.630000114440918,2.630000114440918,1327.0
2024-03-01 10:58:00,HSIC,77.20999908447266,77.20999908447266,77.31500244140625,77.20999908447266,77.31500244140625,884.0
2024-03-01 10:58:00,HUMA,3.1700000762939453,3.1700000762939453,3.1700000762939453,3.1600000858306885,3.1689000129699707,15647.0
2024-03-01 10:58:00,IART,36.90999984741211,36.90999984741211,36.90999984741211,36.90999984741211,36.90999984741211,662.0
2024-03-01 10:58:00,IBRX,4.869999885559082,4.869999885559082,4.875,4.869999885559082,4.875,1409.0
2024-03-01 10:58:00,ICLR,323.3900146484375,323.3900146484375,324.4150085449219,323.3900146484375,324.4150085449219,2969.0
2024-03-01 10:58:00,IDXX,580.1400146484375,580.1400146484375,580.5700073242188,580.1400146484375,580.5700073242188,920.0
2024-03-01 10:58:00,IGMS,13.345000267028809,13.345000267028809,13.369999885559082,13.345000267028809,13.369999885559082,476.0
2024-03-01 10:58:00,IKNA,1.4700000286102295,1.4700000286102295,1.4700000286102295,1.4700000286102295,1.4700000286102295,200.0
2024-03-01 10:58:00,ILMN,142.32000732421875,142.32000732421875,142.54989624023438,142.22000122070312,142.5,4197.0
2024-03-01 10:58:00,IMAB,1.840000033378601,1.840000033378601,1.840000033378601,1.840000033378601,1.840000033378601,311.0
2024-03-01 10:58:00,IMCR,68.0250015258789,68.0250015258789,68.04499816894531,67.91500091552734,67.91500091552734,679.0
2024-03-01 10:58:00,IMMP,2.319999933242798,2.319999933242798,2.319999933242798,2.319999933242798,2.319999933242798,195.0
2024-03-01 10:58:00,IMMX,3.5450000762939453,3.5450000762939453,3.5450000762939453,3.5450000762939453,3.5450000762939453,100.0
2024-03-01 10:58:00,IMUX,1.5103000402450562,1.5103000402450562,1.5103000402450562,1.5103000402450562,1.5103000402450562,144.0
2024-03-01 10:58:00,INBX,36.90999984741211,36.90999984741211,36.935001373291016,36.90999984741211,36.935001373291016,425.0
2024-03-01 10:58:00,INCY,59.4900016784668,59.4900016784668,59.529998779296875,59.4900016784668,59.529998779296875,3725.0
2024-03-01 10:58:00,INGN,6.820000171661377,6.820000171661377,6.820000171661377,6.815000057220459,6.815000057220459,1050.0
2024-03-01 10:58:00,INMD,22.94499969482422,22.94499969482422,22.959999084472656,22.94499969482422,22.959999084472656,553.0
2024-03-01 10:58:00,INO,8.899999618530273,8.899999618530273,8.899999618530273,8.899999618530273,8.899999618530273,294.0
2024-03-01 10:58:00,INSM,28.389999389648438,28.389999389648438,28.389999389648438,28.389999389648438,28.389999389648438,12967.0
2024-03-01 10:58:00,INVA,15.550000190734863,15.550000190734863,15.550000190734863,15.524999618530273,15.524999618530273,1375.0
2024-03-01 10:58:00,IONS,45.849998474121094,45.849998474121094,45.880001068115234,45.849998474121094,45.880001068115234,2191.0
2024-03-01 10:58:00,IOVA,16.4950008392334,16.4950008392334,16.540000915527344,16.489999771118164,16.53499984741211,8748.0
2024-03-01 10:58:00,IRWD,8.920000076293945,8.920000076293945,8.9399995803833,8.904999732971191,8.90999984741211,20036.0
2024-03-01 10:58:00,ISRG,391.4200134277344,391.4200134277344,391.6000061035156,391.0199890136719,391.489990234375,3852.0
2024-03-01 10:58:00,ITCI,71.29000091552734,71.29000091552734,71.29000091552734,71.29000091552734,71.29000091552734,256.0
2024-03-01 10:58:00,IVVD,4.010000228881836,4.010000228881836,4.019999980926514,4.010000228881836,4.019999980926514,767.0
2024-03-01 10:58:00,JAGX,0.08470000326633453,0.08470000326633453,0.08720000088214874,0.08320000022649765,0.08659999817609787,619079.0
2024-03-01 10:58:00,JANX,47.026798248291016,47.026798248291016,47.026798248291016,46.83000183105469,46.83000183105469,467.0
2024-03-01 10:58:00,JAZZ,120.76499938964844,120.76499938964844,120.88999938964844,120.73999786376953,120.73999786376953,603.0
2024-03-01 10:58:00,KNSA,21.90999984741211,21.90999984741211,21.90999984741211,21.90999984741211,21.90999984741211,278.0
2024-03-01 10:58:00,KOD,6.117499828338623,6.117499828338623,6.117499828338623,6.117499828338623,6.117499828338623,109.0
2024-03-01 10:58:00,KPTI,1.2649999856948853,1.2649999856948853,1.2649999856948853,1.26010000705719,1.26010000705719,2124.0
2024-03-01 10:58:00,KRTX,316.489990234375,316.489990234375,316.489990234375,316.4150085449219,316.4150085449219,674.0
2024-03-01 10:58:00,KYMR,44.09000015258789,44.09000015258789,44.2599983215332,44.09000015258789,44.201698303222656,1672.0
2024-03-01 10:58:00,KZIA,0.23340000212192535,0.23340000212192535,0.23350000381469727,0.23340000212192535,0.23350000381469727,1000.0
2024-03-01 10:58:00,KZR,1.128000020980835,1.128000020980835,1.128000020980835,1.128000020980835,1.128000020980835,0.0
2024-03-01 10:58:00,LAB,2.375,2.375,2.380000114440918,2.375,2.380000114440918,1256.0
2024-03-01 10:58:00,LEXX,2.5490000247955322,2.5490000247955322,2.553499937057495,2.5490000247955322,2.553499937057495,1053.0
2024-03-01 10:58:00,LFST,8.015000343322754,8.015000343322754,8.03499984741211,8.010000228881836,8.03499984741211,4839.0
2024-03-01 10:58:00,LIFE,1.9299999475479126,1.9299999475479126,1.9299999475479126,1.9299999475479126,1.9299999475479126,119.0
2024-03-01 10:58:00,LMAT,67.80000305175781,67.80000305175781,67.80000305175781,67.69879913330078,67.7300033569336,529.0
2024-03-01 10:58:00,LNTH,65.56500244140625,65.56500244140625,65.56500244140625,65.51000213623047,65.56500244140625,1339.0
2024-03-01 10:58:00,LPTX,2.884999990463257,2.884999990463257,2.884999990463257,2.884999990463257,2.884999990463257,108.0
2024-03-01 10:58:00,LQDA,14.40999984741211,14.40999984741211,14.430000305175781,14.40999984741211,14.430000305175781,1215.0
2024-03-01 10:58:00,LRMR,11.0,11.0,11.095000267028809,11.0,11.095000267028809,308.0
2024-03-01 10:58:00,LTRN,4.670000076293945,4.670000076293945,4.670000076293945,4.670000076293945,4.670000076293945,308.0
2024-03-01 10:58:00,LVTX,3.028700113296509,3.028700113296509,3.0299999713897705,3.0199999809265137,3.0199999809265137,854.0
2024-03-01 10:58:00,LXRX,2.4100000858306885,2.4100000858306885,2.4200000762939453,2.4100000858306885,2.4200000762939453,10264.0
2024-03-01 10:58:00,LYEL,3.1689000129699707,3.1689000129699707,3.1700000762939453,3.1649999618530273,3.1700000762939453,590.0
2024-03-01 10:58:00,LYRA,5.4899001121521,5.4899001121521,5.4899001121521,5.4899001121521,5.4899001121521,122.0
2024-03-01 10:58:00,MBRX,0.6200000047683716,0.6200000047683716,0.6200000047683716,0.6200000047683716,0.6200000047683716,185.0
2024-03-01 10:58:00,MCRB,1.1950000524520874,1.1950000524520874,1.1950000524520874,1.1950000524520874,1.1950000524520874,200.0
2024-03-01 10:58:00,MDGL,240.51499938964844,240.51499938964844,240.53500366210938,240.0500030517578,240.53500366210938,1087.0
2024-03-01 10:58:00,MDRX,5.800000190734863,5.800000190734863,5.849999904632568,5.75,5.75,36362.0
2024-03-01 10:58:00,MDXG,8.494999885559082,8.494999885559082,8.505000114440918,8.494999885559082,8.505000114440918,2949.0
2024-03-01 10:58:00,ME,0.583299994468689,0.583299994468689,0.5834000110626221,0.5831000208854675,0.5831000208854675,3748.0
2024-03-01 10:58:00,MGNX,19.09000015258789,19.09000015258789,19.09000015258789,19.020000457763672,19.020000457763672,3988.0
2024-03-01 10:58:00,MGTX,6.260000228881836,6.260000228881836,6.260000228881836,6.260000228881836,6.260000228881836,137.0
2024-03-01 10:58:00,MIRM,29.829999923706055,29.829999923706055,29.829999923706055,29.780000686645508,29.790000915527344,1320.0
2024-03-01 10:58:00,MIST,1.690000057220459,1.690000057220459,1.6974999904632568,1.690000057220459,1.690000057220459,2000.0
2024-03-01 10:58:00,MLTX,51.84989929199219,51.84989929199219,51.86000061035156,51.685001373291016,51.685001373291016,871.0
2024-03-01 10:58:00,MMSI,76.26249694824219,76.26249694824219,76.2699966430664,76.20999908447266,76.2699966430664,410.0
2024-03-01 10:58:00,MNKD,4.609399795532227,4.609399795532227,4.619999885559082,4.571100234985352,4.579999923706055,50791.0
2024-03-01 10:58:00,MNMD,5.860000133514404,5.860000133514404,5.875,5.860000133514404,5.875,780.0
2024-03-01 10:58:00,MOR,17.655000686645508,17.655000686645508,17.65999984741211,17.649999618530273,17.65999984741211,2622.0
2024-03-01 10:58:00,MORF,38.459999084472656,38.459999084472656,38.459999084472656,38.459999084472656,38.459999084472656,160.0
2024-03-01 10:58:00,MREO,3.8299999237060547,3.8299999237060547,3.8496999740600586,3.8299999237060547,3.8350000381469727,8651.0
2024-03-01 10:58:00,MRNA,95.19999694824219,95.19999694824219,95.28780364990234,95.18000030517578,95.28780364990234,2849.0
2024-03-01 10:58:00,MRNS,9.739999771118164,9.739999771118164,9.739999771118164,9.739999771118164,9.739999771118164,315.0
2024-03-01 10:58:00,MRSN,5.769999980926514,5.769999980926514,5.769999980926514,5.755000114440918,5.755000114440918,1066.0
2024-03-01 10:58:00,MRUS,50.08000183105469,50.08000183105469,50.08000183105469,49.97999954223633,49.994998931884766,900.0
2024-03-01 10:58:00,MRVI,7.860000133514404,7.860000133514404,7.875,7.860000133514404,7.875,2637.0
2024-03-01 10:58:00,MXCT,4.78000020980835,4.78000020980835,4.78000020980835,4.775000095367432,4.775000095367432,354.0
2024-03-01 10:58:00,MYGN,21.670000076293945,21.670000076293945,21.69499969482422,21.670000076293945,21.674999237060547,711.0
2024-03-01 10:58:00,MYNZ,0.861299991607666,0.861299991607666,0.861299991607666,0.861299991607666,0.861299991607666,420.0
2024-03-01 10:58:00,NARI,45.31999969482422,45.31999969482422,45.345001220703125,45.290000915527344,45.342498779296875,924.0
2024-03-01 10:58:00,NAUT,2.6500000953674316,2.6500000953674316,2.6549999713897705,2.6500000953674316,2.6549999713897705,126.0
2024-03-01 10:58:00,NBIX,130.74000549316406,130.74000549316406,130.88999938964844,130.74000549316406,130.88999938964844,1686.0
2024-03-01 10:58:00,NEO,16.125,16.125,16.125,16.125,16.125,159.0
2024-03-01 10:58:00,NEOG,17.209999084472656,17.209999084472656,17.225000381469727,17.204999923706055,17.225000381469727,1925.0
2024-03-01 10:58:00,NERV,2.450000047683716,2.450000047683716,2.4600000381469727,2.444999933242798,2.450000047683716,3906.0
2024-03-01 10:58:00,NGM,1.534999966621399,1.534999966621399,1.534999966621399,1.534999966621399,1.534999966621399,1525.0
2024-03-01 10:58:00,NKTR,0.7450000047683716,0.7450000047683716,0.7450000047683716,0.7450000047683716,0.7450000047683716,200.0
2024-03-01 10:58:00,NMTC,1.2199000120162964,1.2199000120162964,1.2199000120162964,1.2199000120162964,1.2199000120162964,1000.0
2024-03-01 10:58:00,NNOX,11.090100288391113,11.090100288391113,11.125,11.09000015258789,11.120100021362305,6328.0
2024-03-01 10:58:00,NOTV,7.90500020980835,7.90500020980835,7.90500020980835,7.855000019073486,7.880000114440918,5265.0
2024-03-01 10:58:00,NRIX,13.200400352478027,13.200400352478027,13.239999771118164,13.200400352478027,13.21500015258789,2242.0
2024-03-01 10:58:00,NRXP,0.4287000000476837,0.4287000000476837,0.4287000000476837,0.4287000000476837,0.4287000000476837,0.0
2024-03-01 10:58:00,NTLA,33.58000183105469,33.58000183105469,33.58000183105469,33.5,33.5,2191.0
2024-03-01 10:58:00,NTRA,88.98500061035156,88.98500061035156,89.11000061035156,88.9800033569336,89.05999755859375,5391.0
2024-03-01 10:58:00,NVAX,5.130000114440918,5.130000114440918,5.139999866485596,5.126800060272217,5.130000114440918,10442.0
2024-03-01 10:58:00,NVCR,16.1299991607666,16.1299991607666,16.1299991607666,16.079999923706055,16.08880043029785,981.0
2024-03-01 10:58:00,NVOS,0.6380000114440918,0.6380000114440918,0.6380000114440918,0.6380000114440918,0.6380000114440918,2346.0
2024-03-01 10:58:00,NXTC,1.7799999713897705,1.7799999713897705,1.7949999570846558,1.7799999713897705,1.7949999570846558,5000.0
2024-03-01 10:58:00,OCGN,0.9223999977111816,0.9223999977111816,0.9223999977111816,0.9200000166893005,0.9200000166893005,1205.0
2024-03-01 10:58:00,OCUL,10.380000114440918,10.380000114440918,10.380000114440918,10.380000114440918,10.380000114440918,121.0
2024-03-01 10:58:00,OFIX,12.989999771118164,12.989999771118164,12.989999771118164,12.989999771118164,12.989999771118164,1384.0
2024-03-01 10:58:00,OLK,22.625,22.625,22.639999389648438,22.625,22.639999389648438,1318.0
2024-03-01 10:58:00,OLMA,12.78499984741211,12.78499984741211,12.78499984741211,12.729999542236328,12.729999542236328,6125.0
2024-03-01 10:58:00,OM,3.0899999141693115,3.0899999141693115,3.0999999046325684,3.0850000381469727,3.0850000381469727,7017.0
2024-03-01 10:58:00,OMCL,26.450000762939453,26.450000762939453,26.450000762939453,26.450000762939453,26.450000762939453,139.0
2024-03-01 10:58:00,ONCY,1.1100000143051147,1.1100000143051147,1.1100000143051147,1.1100000143051147,1.1100000143051147,4000.0
2024-03-01 10:59:00,ABCL,5.150000095367432,5.150000095367432,5.164999961853027,5.149799823760986,5.164999961853027,4119.0
2024-03-01 10:59:00,ABEO,7.385000228881836,7.385000228881836,7.385000228881836,7.385000228881836,7.385000228881836,135.0
2024-03-01 10:59:00,ABOS,4.63040018081665,4.63040018081665,4.644999980926514,4.630000114440918,4.644999980926514,5465.0
2024-03-01 10:59:00,ABUS,2.7750000953674316,2.7750000953674316,2.7885000705718994,2.7750000953674316,2.7850000858306885,4903.0
2024-03-01 10:59:00,ACAD,23.959999084472656,23.959999084472656,23.989999771118164,23.959999084472656,23.979999542236328,1996.0
2024-03-01 10:59:00,ACB,3.075000047683716,3.075000047683716,3.0799999237060547,3.075000047683716,3.0799999237060547,1344.0
2024-03-01 10:59:00,ACCD,10.239999771118164,10.239999771118164,10.289999961853027,10.229999542236328,10.274999618530273,7288.0
2024-03-01 10:59:00,ACHC,83.98999786376953,83.98999786376953,84.06500244140625,83.98999786376953,84.06500244140625,1053.0
2024-03-01 10:59:00,ACHV,4.2399001121521,4.2399001121521,4.239999771118164,4.2399001121521,4.239999771118164,2156.0
2024-03-01 10:59:00,ACLX,67.6500015258789,67.6500015258789,67.81999969482422,67.6500015258789,67.81999969482422,889.0
2024-03-01 10:59:00,ACON,0.3871000111103058,0.3871000111103058,0.3871000111103058,0.3871000111103058,0.3871000111103058,0.0
2024-03-01 10:59:00,ACRS,1.2300000190734863,1.2300000190734863,1.2300000190734863,1.225000023841858,1.2300000190734863,1970.0
2024-03-01 10:59:00,ACXP,2.9800000190734863,2.9800000190734863,2.9800000190734863,2.9800000190734863,2.9800000190734863,453.0
2024-03-01 10:59:00,ADIL,3.329900026321411,3.329900026321411,3.329900026321411,3.2799999713897705,3.2899999618530273,34350.0
2024-03-01 10:59:00,ADMA,5.364999771118164,5.364999771118164,5.364999771118164,5.364999771118164,5.364999771118164,1009.0
2024-03-01 10:59:00,ADPT,4.215000152587891,4.215000152587891,4.21999979019165,4.215000152587891,4.21999979019165,2335.0
2024-03-01 10:59:00,ADUS,92.81999969482422,92.81999969482422,92.81999969482422,92.81999969482422,92.81999969482422,241.0
2024-03-01 10:59:00,ADVM,1.9199999570846558,1.9199999570846558,1.9249999523162842,1.9199999570846558,1.9249999523162842,802.0
2024-03-01 10:59:00,AGEN,0.6671000123023987,0.6671000123023987,0.6678000092506409,0.6671000123023987,0.6678000092506409,49664.0
2024-03-01 10:59:00,AGIO,32.80500030517578,32.80500030517578,32.875,32.80500030517578,32.875,580.0
2024-03-01 10:59:00,AHCO,10.699999809265137,10.699999809265137,10.699999809265137,10.6899995803833,10.699999809265137,492.0
2024-03-01 10:59:00,AKAN,0.25110000371932983,0.25110000371932983,0.25119999051094055,0.25110000371932983,0.25119999051094055,317.0
2024-03-01 10:59:00,AKLI,0.34299999475479126,0.34299999475479126,0.34299999475479126,0.34299999475479126,0.34299999475479126,1152.0
2024-03-01 10:59:00,AKRO,29.25,29.25,29.25,29.155000686645508,29.15999984741211,2142.0
2024-03-01 10:59:00,ALDX,4.079999923706055,4.079999923706055,4.080100059509277,4.079999923706055,4.080100059509277,1128.0
2024-03-01 10:59:00,ALEC,7.491799831390381,7.491799831390381,7.550000190734863,7.491799831390381,7.5,39240.0
2024-03-01 10:59:00,ALGN,299.94000244140625,299.94000244140625,299.94000244140625,299.92999267578125,299.92999267578125,596.0
2024-03-01 10:59:00,ALGS,1.0099999904632568,1.0099999904632568,1.0099999904632568,1.0099999904632568,1.0099999904632568,0.0
2024-03-01 10:59:00,ALHC,5.800000190734863,5.800000190734863,5.800000190734863,5.760000228881836,5.784999847412109,29502.0
2024-03-01 10:59:00,ALKS,30.174999237060547,30.174999237060547,30.19499969482422,30.174999237060547,30.19499969482422,1965.0
2024-03-01 10:59:00,ALLO,4.989999771118164,4.989999771118164,4.994999885559082,4.989999771118164,4.994999885559082,806.0
2024-03-01 10:59:00,ALNY,155.43499755859375,155.43499755859375,155.43499755859375,155.43499755859375,155.43499755859375,289.0
2024-03-01 10:59:00,ALPN,36.16999816894531,36.16999816894531,36.20000076293945,36.16999816894531,36.20000076293945,705.0
2024-03-01 10:59:00,ALT,12.210000038146973,12.210000038146973,12.229999542236328,12.210000038146973,12.229999542236328,3631.0
2024-03-01 10:59:00,ALVR,0.7526000142097473,0.7526000142097473,0.7534000277519226,0.7526000142097473,0.7534000277519226,1281.0
2024-03-01 10:59:00,ALXO,15.0,15.0,15.0,15.0,15.0,593.0
2024-03-01 10:59:00,AMED,93.4209976196289,93.4209976196289,93.4209976196289,93.4209976196289,93.4209976196289,739.0
2024-03-01 10:59:00,AMGN,280.42999267578125,280.42999267578125,280.42999267578125,280.239990234375,280.2799987792969,2498.0
2024-03-01 10:59:00,AMLX,18.829999923706055,18.829999923706055,18.829999923706055,18.809999465942383,18.809999465942383,1166.0
2024-03-01 10:59:00,AMPH,45.56999969482422,45.56999969482422,45.56999969482422,45.540000915527344,45.56890106201172,886.0
2024-03-01 10:59:00,AMRN,1.034999966621399,1.034999966621399,1.0398999452590942,1.034999966621399,1.0398999452590942,551.0
2024-03-01 10:59:00,ANAB,25.350000381469727,25.350000381469727,25.350000381469727,25.350000381469727,25.350000381469727,173.0
2024-03-01 10:59:00,ANNX,5.960000038146973,5.960000038146973,5.960000038146973,5.960000038146973,5.960000038146973,5793.0
2024-03-01 10:59:00,ANTX,2.930000066757202,2.930000066757202,2.930000066757202,2.930000066757202,2.930000066757202,103.0
2024-03-01 10:59:00,APLS,63.98500061035156,63.98500061035156,64.20999908447266,63.90999984741211,64.16500091552734,5569.0
2024-03-01 10:59:00,APLT,7.110000133514404,7.110000133514404,7.159999847412109,7.110000133514404,7.159999847412109,2745.0
2024-03-01 10:59:00,APTO,1.7899999618530273,1.7899999618530273,1.7984999418258667,1.7899999618530273,1.7984999418258667,4087.0
2024-03-01 10:59:00,AQST,4.239999771118164,4.239999771118164,4.25,4.239999771118164,4.25,879.0
2024-03-01 10:59:00,ARAY,2.625999927520752,2.625999927520752,2.625999927520752,2.623199939727783,2.625999927520752,1563.0
2024-03-01 10:59:00,ARCT,39.7400016784668,39.7400016784668,39.849998474121094,39.650001525878906,39.849998474121094,1862.0
2024-03-01 10:59:00,ARDX,9.53499984741211,9.53499984741211,9.549799919128418,9.524999618530273,9.543399810791016,4740.0
2024-03-01 10:59:00,ARGX,389.06500244140625,389.06500244140625,390.1600036621094,389.06500244140625,390.1600036621094,995.0
2024-03-01 10:59:00,ARQT,10.989899635314941,10.989899635314941,11.109999656677246,10.979999542236328,11.104999542236328,10121.0
2024-03-01 10:59:00,ARVN,50.209999084472656,50.209999084472656,50.2599983215332,50.15999984741211,50.15999984741211,2097.0
2024-03-01 10:59:00,ARWR,35.029998779296875,35.029998779296875,35.11000061035156,35.029998779296875,35.08000183105469,1475.0
2024-03-01 10:59:00,ASND,149.10000610351562,149.10000610351562,149.10000610351562,149.10000610351562,149.10000610351562,298.0
2024-03-01 10:59:00,ATEC,13.479999542236328,13.479999542236328,13.479999542236328,13.470000267028809,13.470000267028809,248.0
2024-03-01 10:59:00,ATHE,1.7799999713897705,1.7799999713897705,1.7799999713897705,1.7799999713897705,1.7799999713897705,200.0
2024-03-01 10:59:00,ATRA,0.817799985408783,0.817799985408783,0.8199999928474426,0.8127999901771545,0.8127999901771545,1857.0
2024-03-01 10:59:00,ATXS,15.149999618530273,15.149999618530273,15.149999618530273,15.149999618530273,15.149999618530273,454.0
2024-03-01 10:59:00,AUPH,5.809999942779541,5.809999942779541,5.809999942779541,5.809999942779541,5.809999942779541,1026.0
2024-03-01 10:59:00,AUTL,6.139999866485596,6.139999866485596,6.139999866485596,6.139999866485596,6.139999866485596,248.0
2024-03-01 10:59:00,AVDL,12.779999732971191,12.779999732971191,12.8100004196167,12.77239990234375,12.774999618530273,4954.0
2024-03-01 10:59:00,AVXL,5.320000171661377,5.320000171661377,5.324999809265137,5.320000171661377,5.324999809265137,1289.0
2024-03-01 10:59:00,AXNX,67.4000015258789,67.4000015258789,67.4000015258789,67.4000015258789,67.4000015258789,2756.0
2024-03-01 10:59:00,AXSM,83.95999908447266,83.95999908447266,84.01000213623047,83.82499694824219,83.95210266113281,13792.0
2024-03-01 10:59:00,AZN,64.68499755859375,64.68499755859375,64.68499755859375,64.66999816894531,64.66999816894531,2265.0
2024-03-01 10:59:00,BBIO,36.029998779296875,36.029998779296875,36.029998779296875,36.02000045776367,36.02000045776367,493.0
2024-03-01 10:59:00,BBLG,2.5460000038146973,2.5460000038146973,2.5460000038146973,2.5100998878479004,2.5100998878479004,3909.0
2024-03-01 10:59:00,BCEL,0.26840001344680786,0.26840001344680786,0.26840001344680786,0.26840001344680786,0.26840001344680786,1715.0
2024-03-01 10:59:00,BCRX,5.864999771118164,5.864999771118164,5.869999885559082,5.864999771118164,5.869999885559082,6518.0
2024-03-01 10:59:00,BCYC,25.90999984741211,25.90999984741211,25.90999984741211,25.84000015258789,25.84000015258789,236.0
2024-03-01 10:59:00,BDTX,5.034999847412109,5.034999847412109,5.059999942779541,5.034999847412109,5.059999942779541,2926.0
2024-03-01 10:59:00,BEAM,40.52000045776367,40.52000045776367,40.52000045776367,40.494998931884766,40.494998931884766,832.0
2024-03-01 10:59:00,BGNE,167.07000732421875,167.07000732421875,167.07000732421875,167.0449981689453,167.0449981689453,570.0
2024-03-01 10:59:00,BIIB,219.7550048828125,219.7550048828125,219.7550048828125,219.7550048828125,219.7550048828125,521.0
2024-03-01 10:59:00,BIOR,1.2300000190734863,1.2300000190734863,1.2400000095367432,1.2300000190734863,1.2400000095367432,651.0
2024-03-01 10:59:00,BIVI,2.234999895095825,2.234999895095825,2.319999933242798,2.2200000286102295,2.314199924468994,174114.0
2024-03-01 10:59:00,BLFS,17.893999099731445,17.893999099731445,17.950000762939453,17.893999099731445,17.950000762939453,669.0
2024-03-01 10:59:00,BLRX,1.3899999856948853,1.3899999856948853,1.3899999856948853,1.3899999856948853,1.3899999856948853,298.0
2024-03-01 10:59:00,BLUE,1.6115000247955322,1.6115000247955322,1.625,1.6101000308990479,1.625,31149.0
2024-03-01 10:59:00,BMEA,17.68000030517578,17.68000030517578,17.690000534057617,17.6299991607666,17.65999984741211,1320.0
2024-03-01 10:59:00,BMRN,86.66000366210938,86.66000366210938,86.66999816894531,86.6449966430664,86.6500015258789,846.0
2024-03-01 10:59:00,BNR,0.8600999712944031,0.8600999712944031,0.8600999712944031,0.8600999712944031,0.8600999712944031,100.0
2024-03-01 10:59:00,BNTX,91.70010375976562,91.70010375976562,91.70010375976562,91.70010375976562,91.70010375976562,153.0
2024-03-01 10:59:00,BPMC,96.23500061035156,96.23500061035156,96.23500061035156,96.23500061035156,96.23500061035156,127.0
2024-03-01 10:59:00,BRKR,87.70500183105469,87.70500183105469,87.70500183105469,87.66000366210938,87.66000366210938,3293.0
2024-03-01 10:59:00,BRTX,1.5,1.5,1.5,1.5,1.5,300.0
2024-03-01 10:59:00,BTMD,6.039999961853027,6.039999961853027,6.039999961853027,6.019999980926514,6.019999980926514,0.0
2024-03-01 10:59:00,CABA,23.920000076293945,23.920000076293945,23.920000076293945,23.920000076293945,23.920000076293945,253.0
2024-03-01 10:59:00,CAPR,4.590000152587891,4.590000152587891,4.590000152587891,4.590000152587891,4.590000152587891,252.0
2024-03-01 10:59:00,CARA,0.9150000214576721,0.9150000214576721,0.9150000214576721,0.9053999781608582,0.9053999781608582,674.0
2024-03-01 10:59:00,CBAY,32.224998474121094,32.224998474121094,32.224998474121094,32.224998474121094,32.224998474121094,849.0
2024-03-01 10:59:00,CCCC,11.050000190734863,11.050000190734863,11.0600004196167,11.029999732971191,11.0600004196167,1394.0
2024-03-01 10:59:00,CCRN,18.010000228881836,18.010000228881836,18.010000228881836,18.010000228881836,18.010000228881836,146.0
2024-03-01 10:59:00,CDMO,8.180000305175781,8.180000305175781,8.220000267028809,8.180000305175781,8.220000267028809,505.0
2024-03-01 10:59:00,CDNA,12.145000457763672,12.145000457763672,12.199399948120117,12.145000457763672,12.199399948120117,1419.0
2024-03-01 10:59:00,CDXC,1.649899959564209,1.649899959564209,1.649899959564209,1.649899959564209,1.649899959564209,200.0
2024-03-01 10:59:00,CDXS,4.389999866485596,4.389999866485596,4.410600185394287,4.389999866485596,4.410600185394287,26981.0
2024-03-01 10:59:00,CERE,41.18000030517578,41.18000030517578,41.189998626708984,41.18000030517578,41.189998626708984,1020.0
2024-03-01 10:59:00,CERS,2.2049999237060547,2.2049999237060547,2.2049999237060547,2.2049999237060547,2.2049999237060547,700.0
2024-03-01 10:59:00,CERT,17.959999084472656,17.959999084472656,17.959999084472656,17.93000030517578,17.93000030517578,1278.0
2024-03-01 10:59:00,CGC,3.2500998973846436,3.2500998973846436,3.25570011138916,3.25,3.25570011138916,2947.0
2024-03-01 10:59:00,CGEN,2.6898999214172363,2.6898999214172363,2.6898999214172363,2.680000066757202,2.680000066757202,821.0
2024-03-01 10:59:00,CHRS,2.3299999237060547,2.3299999237060547,2.3299999237060547,2.3208000659942627,2.325000047683716,358.0
2024-03-01 10:59:00,CLDX,52.45000076293945,52.45000076293945,52.63999938964844,52.40999984741211,52.63999938964844,2052.0
2024-03-01 10:59:00,CLNN,0.39500001072883606,0.39500001072883606,0.39500001072883606,0.39500001072883606,0.39500001072883606,896.0
2024-03-01 10:59:00,CLOV,0.8626999855041504,0.8626999855041504,0.8633999824523926,0.8626999855041504,0.8633999824523926,4916.0
2024-03-01 10:59:00,CMPS,10.9399995803833,10.9399995803833,10.9399995803833,10.863900184631348,10.863900184631348,4153.0
2024-03-01 10:59:00,CNTA,10.680000305175781,10.680000305175781,10.680000305175781,10.680000305175781,10.680000305175781,101.0
2024-03-01 10:59:00,COGT,7.239999771118164,7.239999771118164,7.260000228881836,7.239999771118164,7.260000228881836,1774.0
2024-03-01 10:59:00,COLL,37.095001220703125,37.095001220703125,37.099998474121094,37.060001373291016,37.08000183105469,648.0
2024-03-01 10:59:00,CORT,23.764999389648438,23.764999389648438,23.770000457763672,23.71500015258789,23.719999313354492,4690.0
2024-03-01 10:59:00,COSM,0.753000020980835,0.753000020980835,0.753000020980835,0.753000020980835,0.753000020980835,1701.0
2024-03-01 10:59:00,CPRX,17.350000381469727,17.350000381469727,17.350000381469727,17.31999969482422,17.344999313354492,4454.0
2024-03-01 10:59:00,CRBP,31.40999984741211,31.40999984741211,31.40999984741211,31.40999984741211,31.40999984741211,235.0
2024-03-01 10:59:00,CRBU,8.069999694824219,8.069999694824219,8.079999923706055,8.039999961853027,8.0600004196167,4283.0
2024-03-01 10:59:00,CRDF,2.4800000190734863,2.4800000190734863,2.4885001182556152,2.4590001106262207,2.4590001106262207,9092.0
2024-03-01 10:59:00,CRDL,1.9214999675750732,1.9214999675750732,1.9214999675750732,1.9214999675750732,1.9214999675750732,3200.0
2024-03-01 10:59:00,CRMD,3.690000057220459,3.690000057220459,3.690000057220459,3.684999942779541,3.684999942779541,423.0
2024-03-01 10:59:00,CRNX,45.599998474121094,45.599998474121094,45.70000076293945,45.529998779296875,45.66899871826172,1878.0
2024-03-01 10:59:00,CRON,2.0423998832702637,2.0423998832702637,2.0423998832702637,2.0423998832702637,2.0423998832702637,1076.0
2024-03-01 10:59:00,CRSP,85.86000061035156,85.86000061035156,85.93000030517578,85.76000213623047,85.76000213623047,1639.0
2024-03-01 10:59:00,CRVS,2.200000047683716,2.200000047683716,2.200000047683716,2.200000047683716,2.200000047683716,66.0
2024-03-01 10:59:00,CTKB,8.3100004196167,8.3100004196167,8.3100004196167,8.3100004196167,8.3100004196167,876.0
2024-03-01 10:59:00,CTMX,2.5,2.5,2.5,2.5,2.5,1686.0
2024-03-01 10:59:00,CUE,2.170599937438965,2.170599937438965,2.170599937438965,2.170599937438965,2.170599937438965,410.0
2024-03-01 10:59:00,CUTR,2.3350000381469727,2.3350000381469727,2.3399999141693115,2.3301000595092773,2.339900016784668,381.0
2024-03-01 10:59:00,CVAC,3.4700000286102295,3.4700000286102295,3.4800000190734863,3.4700000286102295,3.4800000190734863,1073.0
2024-03-01 10:59:00,CYTK,74.6500015258789,74.6500015258789,74.68000030517578,74.6500015258789,74.68000030517578,813.0
2024-03-01 10:59:00,CYTO,2.1073999404907227,2.1073999404907227,2.1073999404907227,2.0999999046325684,2.0999999046325684,449.0
2024-03-01 10:59:00,DAWN,17.354999542236328,17.354999542236328,17.354999542236328,17.354999542236328,17.354999542236328,372.0
2024-03-01 10:59:00,DCGO,4.105000019073486,4.105000019073486,4.110000133514404,4.105000019073486,4.110000133514404,3237.0
2024-03-01 10:59:00,DCPH,17.040000915527344,17.040000915527344,17.06999969482422,17.03499984741211,17.06999969482422,680.0
2024-03-01 10:59:00,DH,9.100000381469727,9.100000381469727,9.100000381469727,9.0600004196167,9.0600004196167,5552.0
2024-03-01 10:59:00,DMTK,0.8600999712944031,0.8600999712944031,0.8748999834060669,0.8600000143051147,0.8600000143051147,2963.0
2024-03-01 10:59:00,DNLI,20.75,20.75,20.760000228881836,20.739999771118164,20.760000228881836,1011.0
2024-03-01 10:59:00,DSGN,2.8949999809265137,2.8949999809265137,2.8949999809265137,2.8949999809265137,2.8949999809265137,207.0
2024-03-01 10:59:00,DTIL,12.895000457763672,12.895000457763672,12.960000038146973,12.895000457763672,12.955100059509277,2020.0
2024-03-01 10:59:00,DVAX,12.795000076293945,12.795000076293945,12.795000076293945,12.795000076293945,12.795000076293945,125.0
2024-03-01 10:59:00,DXCM,119.08499908447266,119.08499908447266,119.08999633789062,118.98999786376953,118.98999786376953,4830.0
2024-03-01 10:59:00,DYN,29.020000457763672,29.020000457763672,29.158000946044922,28.920000076293945,29.139999389648438,3845.0
2024-03-01 10:59:00,EDIT,10.920000076293945,10.920000076293945,10.92080020904541,10.899999618530273,10.92080020904541,10007.0
2024-03-01 10:59:00,ELEV,4.869999885559082,4.869999885559082,4.929500102996826,4.860000133514404,4.925000190734863,5921.0
2024-03-01 10:59:00,ENVB,1.649999976158142,1.649999976158142,1.659999966621399,1.6324000358581543,1.639299988746643,17832.0
2024-03-01 10:59:00,EOLS,14.59119987487793,14.59119987487793,14.600000381469727,14.59119987487793,14.600000381469727,576.0
2024-03-01 10:59:00,ERAS,2.494999885559082,2.494999885559082,2.494999885559082,2.494999885559082,2.494999885559082,100.0
2024-03-01 10:59:00,ESPR,2.4549999237060547,2.4549999237060547,2.4600000381469727,2.4516000747680664,2.4549999237060547,2830.0
2024-03-01 10:59:00,ETNB,12.729999542236328,12.729999542236328,12.819999694824219,12.729999542236328,12.800000190734863,4262.0
2024-03-01 10:59:00,EWTX,16.8799991607666,16.8799991607666,16.8799991607666,16.860000610351562,16.860000610351562,562.0
2024-03-01 10:59:00,EXAS,60.0099983215332,60.0099983215332,60.03499984741211,59.9900016784668,60.02000045776367,2149.0
2024-03-01 10:59:00,EXEL,22.489999771118164,22.489999771118164,22.520000457763672,22.489999771118164,22.520000457763672,1478.0
2024-03-01 10:59:00,EYPT,28.08139991760254,28.08139991760254,28.08139991760254,28.059999465942383,28.059999465942383,680.0
2024-03-01 10:59:00,FATE,7.489999771118164,7.489999771118164,7.5,7.489999771118164,7.5,558.0
2024-03-01 10:59:00,FDMT,29.18000030517578,29.18000030517578,29.239999771118164,29.18000030517578,29.239999771118164,1775.0
2024-03-01 10:59:00,FEMY,1.7200000286102295,1.7200000286102295,1.7200000286102295,1.7200000286102295,1.7200000286102295,714.0
2024-03-01 10:59:00,FGEN,1.7699999809265137,1.7699999809265137,1.774999976158142,1.7699999809265137,1.774999976158142,962.0
2024-03-01 10:59:00,FHTX,8.420000076293945,8.420000076293945,8.420000076293945,8.420000076293945,8.420000076293945,262.0
2024-03-01 10:59:00,FIXX,0.9300000071525574,0.9300000071525574,0.9300000071525574,0.9300000071525574,0.9300000071525574,0.0
2024-03-01 10:59:00,FOLD,13.520000457763672,13.520000457763672,13.53499984741211,13.515000343322754,13.53499984741211,5409.0
2024-03-01 10:59:00,FUSN,12.010000228881836,12.010000228881836,12.050000190734863,12.010000228881836,12.050000190734863,2604.0
2024-03-01 10:59:00,GCTK,0.29989999532699585,0.29989999532699585,0.29989999532699585,0.29989999532699585,0.29989999532699585,146.0
2024-03-01 10:59:00,GDRX,8.295000076293945,8.295000076293945,8.295000076293945,8.295000076293945,8.295000076293945,1044.0
2024-03-01 10:59:00,GERN,2.130000114440918,2.130000114440918,2.138200044631958,2.130000114440918,2.134999990463257,6223.0
2024-03-01 10:59:00,GH,19.239999771118164,19.239999771118164,19.2549991607666,19.239999771118164,19.2549991607666,588.0
2024-03-01 10:59:00,GILD,72.48500061035156,72.48500061035156,72.48500061035156,72.45999908447266,72.45999908447266,8741.0
2024-03-01 10:59:00,GMAB,29.295000076293945,29.295000076293945,29.299999237060547,29.280000686645508,29.280000686645508,535.0
2024-03-01 10:59:00,GMDA,0.3799999952316284,0.3799999952316284,0.3799999952316284,0.3799999952316284,0.3799999952316284,117.0
2024-03-01 10:59:00,GOSS,1.3600000143051147,1.3600000143051147,1.3624999523162842,1.3600000143051147,1.3600000143051147,1020.0
2024-03-01 10:59:00,GRFS,6.988800048828125,6.988800048828125,6.988800048828125,6.954999923706055,6.958799839019775,3554.0
2024-03-01 10:59:00,GRPH,3.5,3.5,3.5,3.5,3.5,0.0
2024-03-01 10:59:00,GRTS,2.240000009536743,2.240000009536743,2.240000009536743,2.2200000286102295,2.2200000286102295,4454.0
2024-03-01 10:59:00,GRTX,0.22699999809265137,0.22699999809265137,0.23000000417232513,0.22699999809265137,0.23000000417232513,4400.0
2024-03-01 10:59:00,GTHX,3.424999952316284,3.424999952316284,3.430000066757202,3.424999952316284,3.430000066757202,204.0
2024-03-01 10:59:00,HARP,22.93000030517578,22.93000030517578,22.93000030517578,22.93000030517578,22.93000030517578,204.0
2024-03-01 10:59:00,HCAT,7.968400001525879,7.968400001525879,7.968400001525879,7.968400001525879,7.968400001525879,519.0
2024-03-01 10:59:00,HCTI,2.3864998817443848,2.3864998817443848,2.3864998817443848,2.3864998817443848,2.3864998817443848,283.0
2024-03-01 10:59:00,HEPA,3.2200000286102295,3.2200000286102295,3.2200000286102295,3.2200000286102295,3.2200000286102295,603.0
2024-03-01 10:59:00,HITI,1.7793999910354614,1.7793999910354614,1.7793999910354614,1.774999976158142,1.774999976158142,1300.0
2024-03-01 10:59:00,HOLX,74.06999969482422,74.06999969482422,74.06999969482422,74.02999877929688,74.05999755859375,794.0
2024-03-01 10:59:00,HOOK,0.7730000019073486,0.7730000019073486,0.7730000019073486,0.7730000019073486,0.7730000019073486,916.0
2024-03-01 10:59:00,HQY,81.93000030517578,81.93000030517578,81.93000030517578,81.93000030517578,81.93000030517578,266.0
2024-03-01 10:59:00,HRTX,2.6389999389648438,2.6389999389648438,2.6389999389648438,2.630000114440918,2.630000114440918,5382.0
2024-03-01 10:59:00,HSIC,77.1500015258789,77.1500015258789,77.19000244140625,77.1500015258789,77.1500015258789,929.0
2024-03-01 10:59:00,HUMA,3.1649999618530273,3.1649999618530273,3.1700000762939453,3.162400007247925,3.1649999618530273,1853.0
2024-03-01 10:59:00,IART,36.814998626708984,36.814998626708984,36.814998626708984,36.790000915527344,36.814998626708984,892.0
2024-03-01 10:59:00,IBRX,4.864999771118164,4.864999771118164,4.864999771118164,4.85290002822876,4.860000133514404,1438.0
2024-03-01 10:59:00,ICUI,107.06999969482422,107.06999969482422,107.06999969482422,107.06999969482422,107.06999969482422,489.0
2024-03-01 10:59:00,IDXX,580.6649780273438,580.6649780273438,580.6649780273438,580.2349853515625,580.2349853515625,805.0
2024-03-01 10:59:00,IDYA,46.02000045776367,46.02000045776367,46.02000045776367,46.02000045776367,46.02000045776367,300.0
2024-03-01 10:59:00,IGMS,13.404999732971191,13.404999732971191,13.404999732971191,13.390000343322754,13.390000343322754,683.0
2024-03-01 10:59:00,IKNA,1.4608999490737915,1.4608999490737915,1.4608999490737915,1.4601000547409058,1.4601000547409058,5569.0
2024-03-01 10:59:00,ILMN,142.14999389648438,142.14999389648438,142.1699981689453,142.14999389648438,142.15499877929688,1639.0
2024-03-01 10:59:00,IMCR,68.05999755859375,68.05999755859375,68.05999755859375,68.0199966430664,68.0199966430664,6111.0
2024-03-01 10:59:00,IMMP,2.3199000358581543,2.3199000358581543,2.3199000358581543,2.3199000358581543,2.3199000358581543,200.0
2024-03-01 10:59:00,IMMX,3.5450000762939453,3.5450000762939453,3.5450000762939453,3.5450000762939453,3.5450000762939453,1.0
2024-03-01 10:59:00,IMNM,25.15999984741211,25.15999984741211,25.15999984741211,25.15999984741211,25.15999984741211,175.0
2024-03-01 10:59:00,IMUX,1.4900000095367432,1.4900000095367432,1.51010000705719,1.4900000095367432,1.5099999904632568,12095.0
2024-03-01 10:59:00,IMVT,36.15999984741211,36.15999984741211,36.18000030517578,36.15999984741211,36.18000030517578,427.0
2024-03-01 10:59:00,INAB,1.100000023841858,1.100000023841858,1.100000023841858,1.100000023841858,1.100000023841858,751.0
2024-03-01 10:59:00,INBX,36.90999984741211,36.90999984741211,36.93000030517578,36.90999984741211,36.93000030517578,520.0
2024-03-01 10:59:00,INCY,59.400001525878906,59.400001525878906,59.459999084472656,59.369998931884766,59.459999084472656,1524.0
2024-03-01 10:59:00,INGN,6.78000020980835,6.78000020980835,6.800000190734863,6.78000020980835,6.800000190734863,2092.0
2024-03-01 10:59:00,INMD,22.920000076293945,22.920000076293945,22.950000762939453,22.905000686645508,22.950000762939453,2366.0
2024-03-01 10:59:00,INO,8.919899940490723,8.919899940490723,8.919899940490723,8.919899940490723,8.919899940490723,3010.0
2024-03-01 10:59:00,INSM,28.360000610351562,28.360000610351562,28.375,28.34000015258789,28.375,3781.0
2024-03-01 10:59:00,INVA,15.579999923706055,15.579999923706055,15.579999923706055,15.555000305175781,15.555000305175781,3780.0
2024-03-01 10:59:00,IONM,0.34060001373291016,0.34060001373291016,0.34060001373291016,0.34060001373291016,0.34060001373291016,150.0
2024-03-01 10:59:00,IONS,45.880001068115234,45.880001068115234,45.880001068115234,45.880001068115234,45.880001068115234,260.0
2024-03-01 10:59:00,IOVA,16.475000381469727,16.475000381469727,16.5,16.469999313354492,16.5,9871.0
2024-03-01 10:59:00,IRTC,120.1500015258789,120.1500015258789,120.1500015258789,120.09500122070312,120.09500122070312,710.0
2024-03-01 10:59:00,IRWD,8.944999694824219,8.944999694824219,8.954999923706055,8.914999961853027,8.930000305175781,20384.0
2024-03-01 10:59:00,ISRG,391.42999267578125,391.42999267578125,391.42999267578125,391.05010986328125,391.05010986328125,551.0
2024-03-01 10:59:00,ITCI,71.2699966430664,71.2699966430664,71.2699966430664,71.2699966430664,71.2699966430664,429.0
2024-03-01 10:59:00,IVVD,4.002999782562256,4.002999782562256,4.010000228881836,4.0,4.010000228881836,829.0
2024-03-01 10:59:00,JAGX,0.08799999952316284,0.08799999952316284,0.0885000005364418,0.08460000157356262,0.08460000157356262,464649.0
2024-03-01 10:59:00,JANX,46.33000183105469,46.33000183105469,46.61640167236328,46.2599983215332,46.45000076293945,3111.0
2024-03-01 10:59:00,JAZZ,120.77999877929688,120.77999877929688,120.77999877929688,120.63999938964844,120.65679931640625,2669.0
2024-03-01 10:59:00,JSPR,20.834999084472656,20.834999084472656,20.834999084472656,20.834999084472656,20.834999084472656,140.0
2024-03-01 10:59:00,KALV,13.9399995803833,13.9399995803833,13.949999809265137,13.9399995803833,13.949999809265137,531.0
2024-03-01 10:59:00,KNSA,21.90999984741211,21.90999984741211,22.0,21.850000381469727,21.850000381469727,10684.0
2024-03-01 10:59:00,KNTE,2.6019999980926514,2.6019999980926514,2.6050000190734863,2.6012001037597656,2.6012001037597656,500.0
2024-03-01 10:59:00,KOD,6.110000133514404,6.110000133514404,6.110000133514404,6.110000133514404,6.110000133514404,310.0
2024-03-01 10:59:00,KPTI,1.2649999856948853,1.2649999856948853,1.2699999809265137,1.2649999856948853,1.2699999809265137,6738.0
2024-03-01 10:59:00,KROS,69.02999877929688,69.02999877929688,69.02999877929688,69.02999877929688,69.02999877929688,339.0
2024-03-01 10:59:00,KRYS,167.30999755859375,167.30999755859375,167.30999755859375,167.30999755859375,167.30999755859375,348.0
2024-03-01 10:59:00,KTRA,0.10090000182390213,0.10090000182390213,0.10090000182390213,0.10050000250339508,0.1005999967455864,7400.0
2024-03-01 10:59:00,KURA,21.2450008392334,21.2450008392334,21.25,21.2450008392334,21.25,481.0
2024-03-01 10:59:00,KYMR,44.095001220703125,44.095001220703125,44.095001220703125,44.064998626708984,44.064998626708984,537.0
2024-03-01 10:59:00,KZIA,0.23350000381469727,0.23350000381469727,0.23350000381469727,0.23350000381469727,0.23350000381469727,300.0
2024-03-01 10:59:00,KZR,1.121000051498413,1.121000051498413,1.1292999982833862,1.1204999685287476,1.128000020980835,12031.0
2024-03-01 10:59:00,LAB,2.375,2.375,2.380000114440918,2.375,2.380000114440918,300.0
2024-03-01 10:59:00,LEGN,65.88500213623047,65.88500213623047,65.88500213623047,65.88500213623047,65.88500213623047,655.0
2024-03-01 10:59:00,LFST,8.015000343322754,8.015000343322754,8.015000343322754,8.010600090026855,8.015000343322754,2114.0
2024-03-01 10:59:00,LIFE,1.9299999475479126,1.9299999475479126,1.9299999475479126,1.9299999475479126,1.9299999475479126,108.0
2024-03-01 10:59:00,LMAT,67.66000366210938,67.66000366210938,67.66000366210938,67.66000366210938,67.66000366210938,287.0
2024-03-01 10:59:00,LQDA,14.40999984741211,14.40999984741211,14.40999984741211,14.40999984741211,14.40999984741211,243.0
2024-03-01 10:59:00,LRMR,11.114999771118164,11.114999771118164,11.114999771118164,11.114999771118164,11.114999771118164,200.0
2024-03-01 10:59:00,LVTX,3.009999990463257,3.009999990463257,3.0285000801086426,3.009999990463257,3.009999990463257,566.0
2024-03-01 10:59:00,LXRX,2.3949999809265137,2.3949999809265137,2.4100000858306885,2.3949999809265137,2.4100000858306885,7323.0
2024-03-01 10:59:00,LYEL,3.1500000953674316,3.1500000953674316,3.1649999618530273,3.1449999809265137,3.160099983215332,4960.0
2024-03-01 10:59:00,LYRA,5.46999979019165,5.46999979019165,5.46999979019165,5.46999979019165,5.46999979019165,386.0
2024-03-01 10:59:00,MACK,14.760700225830078,14.760700225830078,14.760700225830078,14.760700225830078,14.760700225830078,58.0
2024-03-01 10:59:00,MASI,127.01499938964844,127.01499938964844,127.01499938964844,127.01499938964844,127.01499938964844,1226.0
2024-03-01 10:59:00,MCRB,1.1900999546051025,1.1900999546051025,1.1950000524520874,1.190000057220459,1.1950000524520874,253.0
2024-03-01 10:59:00,MDGL,240.02000427246094,240.02000427246094,240.02000427246094,240.02000427246094,240.02000427246094,225.0
2024-03-01 10:59:00,MDRX,5.75,5.75,5.849999904632568,5.75,5.849999904632568,6025.0
2024-03-01 10:59:00,MDXG,8.494999885559082,8.494999885559082,8.494999885559082,8.494999885559082,8.494999885559082,242.0
2024-03-01 10:59:00,ME,0.5806999802589417,0.5806999802589417,0.583299994468689,0.5806000232696533,0.583299994468689,32108.0
2024-03-01 10:59:00,MEDP,399.54998779296875,399.54998779296875,400.4700012207031,399.54998779296875,400.4700012207031,967.0
2024-03-01 10:59:00,MGNX,19.07990074157715,19.07990074157715,19.07990074157715,19.03499984741211,19.079500198364258,893.0
2024-03-01 10:59:00,MGTX,6.239999771118164,6.239999771118164,6.239999771118164,6.239999771118164,6.239999771118164,437.0
2024-03-01 10:59:00,MIRM,29.81999969482422,29.81999969482422,29.81999969482422,29.81999969482422,29.81999969482422,187.0
2024-03-01 10:59:00,MLTX,51.70000076293945,51.70000076293945,51.70000076293945,51.70000076293945,51.70000076293945,577.0
2024-03-01 10:59:00,MMSI,76.13999938964844,76.13999938964844,76.27999877929688,76.13999938964844,76.20999908447266,477.0
2024-03-01 10:59:00,MNKD,4.610000133514404,4.610000133514404,4.610000133514404,4.609899997711182,4.610000133514404,3618.0
2024-03-01 10:59:00,MNMD,5.8480000495910645,5.8480000495910645,5.860000133514404,5.841100215911865,5.860000133514404,1627.0
2024-03-01 10:59:00,MNPR,0.7889999747276306,0.7889999747276306,0.7889999747276306,0.7889999747276306,0.7889999747276306,5114.0
2024-03-01 10:59:00,MODD,1.9012000560760498,1.9012000560760498,1.9012000560760498,1.9012000560760498,1.9012000560760498,342.0
2024-03-01 10:59:00,MOR,17.649999618530273,17.649999618530273,17.658199310302734,17.649999618530273,17.658199310302734,521.0
2024-03-01 10:59:00,MORF,38.400001525878906,38.400001525878906,38.51499938964844,38.400001525878906,38.51499938964844,1024.0
2024-03-01 10:59:00,MREO,3.809999942779541,3.809999942779541,3.8299999237060547,3.809000015258789,3.829900026321411,8747.0
2024-03-01 10:59:00,MRNA,95.26000213623047,95.26000213623047,95.29000091552734,95.12000274658203,95.25499725341797,9863.0
2024-03-01 10:59:00,MRNS,9.729999542236328,9.729999542236328,9.729999542236328,9.729999542236328,9.729999542236328,394.0
2024-03-01 10:59:00,MRSN,5.75,5.75,5.775000095367432,5.739999771118164,5.769999980926514,2669.0
2024-03-01 10:59:00,MRUS,49.939998626708984,49.939998626708984,50.03499984741211,49.939998626708984,49.95000076293945,310.0
2024-03-01 10:59:00,MRVI,7.864999771118164,7.864999771118164,7.869999885559082,7.855000019073486,7.855000019073486,1582.0
2024-03-01 10:59:00,MXCT,4.775000095367432,4.775000095367432,4.78000020980835,4.775000095367432,4.78000020980835,798.0
2024-03-01 10:59:00,MYGN,21.610000610351562,21.610000610351562,21.649999618530273,21.610000610351562,21.649999618530273,1341.0
2024-03-01 10:59:00,MYNZ,0.8799999952316284,0.8799999952316284,0.8799999952316284,0.8799999952316284,0.8799999952316284,411.0
2024-03-01 10:59:00,NARI,45.189998626708984,45.189998626708984,45.29999923706055,45.189998626708984,45.29330062866211,3335.0
2024-03-01 10:59:00,NAUT,2.6447999477386475,2.6447999477386475,2.6447999477386475,2.6447999477386475,2.6447999477386475,2000.0
2024-03-01 10:59:00,NBIX,130.67999267578125,130.67999267578125,130.77499389648438,130.6199951171875,130.77499389648438,2451.0
2024-03-01 10:59:00,NEO,16.139999389648438,16.139999389648438,16.139999389648438,16.1299991607666,16.139999389648438,908.0
2024-03-01 10:59:00,NGM,1.534999966621399,1.534999966621399,1.534999966621399,1.5299999713897705,1.534999966621399,1826.0
2024-03-01 10:59:00,NKTR,0.7401999831199646,0.7401999831199646,0.7401999831199646,0.7401000261306763,0.7401000261306763,16629.0
2024-03-01 10:59:00,NKTX,12.319999694824219,12.319999694824219,12.322099685668945,12.319999694824219,12.322099685668945,262.0
2024-03-01 10:59:00,NMTC,1.2279000282287598,1.2279000282287598,1.2279000282287598,1.2279000282287598,1.2279000282287598,0.0
2024-03-01 10:59:00,NNOX,11.086600303649902,11.086600303649902,11.109999656677246,11.079999923706055,11.095000267028809,12262.0
2024-03-01 10:59:00,NRIX,13.095000267028809,13.095000267028809,13.199999809265137,13.095000267028809,13.199999809265137,2158.0
2024-03-01 10:59:00,NRSN,1.999400019645691,1.999400019645691,1.999400019645691,1.9850000143051147,1.9850000143051147,2450.0
2024-03-01 10:59:00,NTLA,33.439998626708984,33.439998626708984,33.540000915527344,33.41999816894531,33.529998779296875,5018.0
2024-03-01 10:59:00,NTRA,88.92500305175781,88.92500305175781,88.92500305175781,88.81999969482422,88.91500091552734,1772.0
2024-03-01 10:59:00,NUVL,87.22000122070312,87.22000122070312,87.36000061035156,87.22000122070312,87.36000061035156,387.0
2024-03-01 10:59:00,NVAX,5.15500020980835,5.15500020980835,5.159999847412109,5.139100074768066,5.139100074768066,16155.0
2024-03-01 10:59:00,NVCR,16.209999084472656,16.209999084472656,16.209999084472656,16.125,16.125,6221.0
2024-03-01 10:59:00,NXTC,1.7949999570846558,1.7949999570846558,1.7949999570846558,1.7949999570846558,1.7949999570846558,0.0
2024-03-01 10:59:00,OCGN,0.9200000166893005,0.9200000166893005,0.9200000166893005,0.9200000166893005,0.9200000166893005,462.0
2024-03-01 10:59:00,OCUL,10.324999809265137,10.324999809265137,10.370699882507324,10.319999694824219,10.370699882507324,5855.0
2024-03-01 10:59:00,OKYO,1.440000057220459,1.440000057220459,1.440000057220459,1.440000057220459,1.440000057220459,102.0
2024-03-01 10:59:00,OLK,22.610000610351562,22.610000610351562,22.6200008392334,22.610000610351562,22.6200008392334,536.0
2024-03-01 10:59:00,OM,3.0804998874664307,3.0804998874664307,3.0950000286102295,3.0804998874664307,3.0850000381469727,1131.0
2024-03-01 10:59:00,OMER,4.71999979019165,4.71999979019165,4.71999979019165,4.71999979019165,4.71999979019165,422.0
2024-03-01 11:00:00,ABCL,5.15500020980835,5.15500020980835,5.15500020980835,5.15500020980835,5.15500020980835,236.0
2024-03-01 11:00:00,ABEO,7.380000114440918,7.380000114440918,7.380000114440918,7.380000114440918,7.380000114440918,105.0
2024-03-01 11:00:00,ABOS,4.659999847412109,4.659999847412109,4.659999847412109,4.639999866485596,4.639999866485596,459.0
2024-03-01 11:00:00,ABSI,5.110000133514404,5.110000133514404,5.110000133514404,5.110000133514404,5.110000133514404,329.0
2024-03-01 11:00:00,ABUS,2.7699999809265137,2.7699999809265137,2.7699999809265137,2.7699999809265137,2.7699999809265137,790.0
2024-03-01 11:00:00,ACAD,23.90999984741211,23.90999984741211,23.979999542236328,23.90999984741211,23.959999084472656,1507.0
2024-03-01 11:00:00,ACB,3.0850000381469727,3.0850000381469727,3.0850000381469727,3.0799999237060547,3.0799999237060547,650.0
2024-03-01 11:00:00,ACCD,10.255000114440918,10.255000114440918,10.255000114440918,10.255000114440918,10.255000114440918,601.0
2024-03-01 11:00:00,ACHC,83.91000366210938,83.91000366210938,83.98999786376953,83.91000366210938,83.98999786376953,2766.0
2024-03-01 11:00:00,ACHL,1.3698999881744385,1.3698999881744385,1.3698999881744385,1.3698999881744385,1.3698999881744385,400.0
2024-03-01 11:00:00,ACHV,4.210000038146973,4.210000038146973,4.210000038146973,4.210000038146973,4.210000038146973,69.0
2024-03-01 11:00:00,ACRS,1.2300000190734863,1.2300000190734863,1.2300000190734863,1.225000023841858,1.225000023841858,1127.0
2024-03-01 11:00:00,ACXP,2.9800000190734863,2.9800000190734863,3.0,2.9800000190734863,3.0,340.0
2024-03-01 11:00:00,ADIL,3.309999942779541,3.309999942779541,3.319999933242798,3.2899999618530273,3.319999933242798,33995.0
2024-03-01 11:00:00,ADPT,4.224999904632568,4.224999904632568,4.224999904632568,4.21999979019165,4.21999979019165,526.0
2024-03-01 11:00:00,ADUS,92.88999938964844,92.88999938964844,92.88999938964844,92.88999938964844,92.88999938964844,216.0
2024-03-01 11:00:00,ADVM,1.9299999475479126,1.9299999475479126,1.9299999475479126,1.9299999475479126,1.9299999475479126,497.0
2024-03-01 11:00:00,AFMD,0.6100000143051147,0.6100000143051147,0.6100000143051147,0.6025000214576721,0.6100000143051147,18900.0
2024-03-01 11:00:00,AGEN,0.6672000288963318,0.6672000288963318,0.6672000288963318,0.6672000288963318,0.6672000288963318,0.0
2024-03-01 11:00:00,AHCO,10.720000267028809,10.720000267028809,10.720000267028809,10.70009994506836,10.70009994506836,4733.0
2024-03-01 11:00:00,AIRS,6.53000020980835,6.53000020980835,6.53000020980835,6.53000020980835,6.53000020980835,147.0
2024-03-01 11:00:00,AKBA,1.659999966621399,1.659999966621399,1.659999966621399,1.649999976158142,1.6549999713897705,2913.0
2024-03-01 11:00:00,AKRO,29.200000762939453,29.200000762939453,29.25,29.200000762939453,29.25,617.0
2024-03-01 11:00:00,ALDX,4.065000057220459,4.065000057220459,4.079999923706055,4.050000190734863,4.079999923706055,4183.0
2024-03-01 11:00:00,ALEC,7.5,7.5,7.5,7.5,7.5,928.0
2024-03-01 11:00:00,ALGN,299.9849853515625,299.9849853515625,299.9849853515625,299.9849853515625,299.9849853515625,288.0
2024-03-01 11:00:00,ALHC,5.809999942779541,5.809999942779541,5.820000171661377,5.800000190734863,5.809999942779541,2608.0
2024-03-01 11:00:00,ALKS,30.190000534057617,30.190000534057617,30.190000534057617,30.174999237060547,30.174999237060547,1155.0
2024-03-01 11:00:00,ALLK,1.5950000286102295,1.5950000286102295,1.5950000286102295,1.5950000286102295,1.5950000286102295,0.0
2024-03-01 11:00:00,ALLO,4.989999771118164,4.989999771118164,4.989999771118164,4.985000133514404,4.985000133514404,591.0
2024-03-01 11:00:00,ALPN,36.09000015258789,36.09000015258789,36.15999984741211,36.09000015258789,36.15999984741211,2529.0
2024-03-01 11:00:00,ALT,12.199999809265137,12.199999809265137,12.217700004577637,12.1899995803833,12.210000038146973,6516.0
2024-03-01 11:00:00,ALVR,0.7524999976158142,0.7524999976158142,0.7524999976158142,0.7524999976158142,0.7524999976158142,691.0
2024-03-01 11:00:00,AMGN,280.4849853515625,280.4849853515625,280.4849853515625,280.3699951171875,280.4150085449219,1194.0
2024-03-01 11:00:00,AMLX,18.809999465942383,18.809999465942383,18.809999465942383,18.809999465942383,18.809999465942383,625.0
2024-03-01 11:00:00,AMPH,45.51089859008789,45.51089859008789,45.51089859008789,45.51089859008789,45.51089859008789,572.0
2024-03-01 11:00:00,AMRN,1.0399999618530273,1.0399999618530273,1.0399999618530273,1.034999966621399,1.034999966621399,6082.0
2024-03-01 11:00:00,ANNX,5.920000076293945,5.920000076293945,5.949999809265137,5.900000095367432,5.949999809265137,21842.0
2024-03-01 11:00:00,APDN,0.5857999920845032,0.5857999920845032,0.5857999920845032,0.5857999920845032,0.5857999920845032,200.0
2024-03-01 11:00:00,APLS,63.970001220703125,63.970001220703125,64.06999969482422,63.959999084472656,64.05999755859375,3053.0
2024-03-01 11:00:00,APLT,7.11329984664917,7.11329984664917,7.11329984664917,7.11329984664917,7.11329984664917,534.0
2024-03-01 11:00:00,APVO,0.16580000519752502,0.16580000519752502,0.16580000519752502,0.16580000519752502,0.16580000519752502,384.0
2024-03-01 11:00:00,AQST,4.230000019073486,4.230000019073486,4.239999771118164,4.221099853515625,4.230000019073486,2320.0
2024-03-01 11:00:00,ARAY,2.619999885559082,2.619999885559082,2.625,2.609999895095825,2.6236000061035156,2164.0
2024-03-01 11:00:00,ARDX,9.529999732971191,9.529999732971191,9.539999961853027,9.529999732971191,9.539999961853027,2290.0
2024-03-01 11:00:00,ARGX,389.510009765625,389.510009765625,389.7774963378906,388.70001220703125,388.70001220703125,2596.0
2024-03-01 11:00:00,ARQT,11.096799850463867,11.096799850463867,11.100000381469727,10.984999656677246,10.984999656677246,7047.0
2024-03-01 11:00:00,ARVN,50.11000061035156,50.11000061035156,50.220001220703125,50.11000061035156,50.150001525878906,1654.0
2024-03-01 11:00:00,ARWR,35.119998931884766,35.119998931884766,35.119998931884766,35.06999969482422,35.095001220703125,1573.0
2024-03-01 11:00:00,ASLN,0.8299999833106995,0.8299999833106995,0.8349999785423279,0.8299999833106995,0.8349999785423279,1754.0
2024-03-01 11:00:00,ASND,149.10000610351562,149.10000610351562,149.10000610351562,149.10000610351562,149.10000610351562,486.0
2024-03-01 11:00:00,ASRT,0.9199000000953674,0.9199000000953674,0.9200000166893005,0.9199000000953674,0.9199000000953674,717.0
2024-03-01 11:00:00,ATAI,2.008699893951416,2.008699893951416,2.009999990463257,2.008699893951416,2.009999990463257,1141.0
2024-03-01 11:00:00,ATEC,13.479999542236328,13.479999542236328,13.479999542236328,13.479999542236328,13.479999542236328,286.0
2024-03-01 11:00:00,ATNF,3.2799999713897705,3.2799999713897705,3.2899999618530273,3.2799999713897705,3.2899999618530273,259.0
2024-03-01 11:00:00,ATRA,0.817799985408783,0.817799985408783,0.817799985408783,0.817799985408783,0.817799985408783,1954.0
2024-03-01 11:00:00,ATRC,35.89500045776367,35.89500045776367,35.89500045776367,35.89500045776367,35.89500045776367,291.0
2024-03-01 11:00:00,ATXS,15.149999618530273,15.149999618530273,15.149999618530273,15.149999618530273,15.149999618530273,120.0
2024-03-01 11:00:00,AUPH,5.820000171661377,5.820000171661377,5.820000171661377,5.809999942779541,5.809999942779541,1177.0
2024-03-01 11:00:00,AVDL,12.779999732971191,12.779999732971191,12.789999961853027,12.76990032196045,12.789999961853027,8774.0
2024-03-01 11:00:00,AVIR,4.380000114440918,4.380000114440918,4.380000114440918,4.380000114440918,4.380000114440918,1399.0
2024-03-01 11:00:00,AVRO,1.3250000476837158,1.3250000476837158,1.3250000476837158,1.3200000524520874,1.3200000524520874,4645.0
2024-03-01 11:00:00,AVTE,22.700000762939453,22.700000762939453,22.700000762939453,22.700000762939453,22.700000762939453,400.0
2024-03-01 11:00:00,AVXL,5.320000171661377,5.320000171661377,5.320000171661377,5.320000171661377,5.320000171661377,666.0
2024-03-01 11:00:00,AXNX,67.36000061035156,67.36000061035156,67.4000015258789,67.36000061035156,67.4000015258789,5321.0
2024-03-01 11:00:00,AXSM,83.95500183105469,83.95500183105469,83.95500183105469,83.7699966430664,83.81629943847656,1948.0
2024-03-01 11:00:00,AZN,64.68499755859375,64.68499755859375,64.69989776611328,64.68000030517578,64.68000030517578,11961.0
2024-03-01 11:00:00,AZTA,66.52999877929688,66.52999877929688,66.52999877929688,66.52999877929688,66.52999877929688,240.0
2024-03-01 11:00:00,BBIO,35.994998931884766,35.994998931884766,35.994998931884766,35.951499938964844,35.951499938964844,1214.0
2024-03-01 11:00:00,BBLG,2.509999990463257,2.509999990463257,2.509999990463257,2.509999990463257,2.509999990463257,100.0
2024-03-01 11:00:00,BCRX,5.875,5.875,5.875,5.869999885559082,5.869999885559082,585.0
2024-03-01 11:00:00,BEAM,40.470001220703125,40.470001220703125,40.52000045776367,40.470001220703125,40.52000045776367,3183.0
2024-03-01 11:00:00,BGXX,0.26350000500679016,0.26350000500679016,0.26350000500679016,0.26350000500679016,0.26350000500679016,435.0
2024-03-01 11:00:00,BIIB,219.84500122070312,219.84500122070312,219.86000061035156,219.84500122070312,219.85000610351562,569.0
2024-03-01 11:00:00,BIMI,3.7899999618530273,3.7899999618530273,3.7899999618530273,3.7899999618530273,3.7899999618530273,5246.0
2024-03-01 11:00:00,BIVI,2.219899892807007,2.219899892807007,2.2399001121520996,2.1600000858306885,2.2309000492095947,265573.0
2024-03-01 11:00:00,BLFS,17.84000015258789,17.84000015258789,17.84000015258789,17.84000015258789,17.84000015258789,100.0
2024-03-01 11:00:00,BLUE,1.600000023841858,1.600000023841858,1.6150000095367432,1.600000023841858,1.6150000095367432,16087.0
2024-03-01 11:00:00,BMEA,17.690000534057617,17.690000534057617,17.709999084472656,17.690000534057617,17.709999084472656,1315.0
2024-03-01 11:00:00,BMRN,86.68000030517578,86.68000030517578,86.69999694824219,86.68000030517578,86.69999694824219,612.0
2024-03-01 11:00:00,BNTX,91.83000183105469,91.83000183105469,91.86000061035156,91.79530334472656,91.79530334472656,4437.0
2024-03-01 11:00:00,BOLT,1.1859999895095825,1.1859999895095825,1.1859999895095825,1.1859999895095825,1.1859999895095825,400.0
2024-03-01 11:00:00,BPMC,96.23999786376953,96.23999786376953,96.25,96.23999786376953,96.25,476.0
2024-03-01 11:00:00,BRKR,87.8550033569336,87.8550033569336,87.8550033569336,87.73999786376953,87.73999786376953,1241.0
2024-03-01 11:00:00,BRTX,1.5,1.5,1.5,1.5,1.5,560.0
2024-03-01 11:00:00,BTTX,0.1673000007867813,0.1673000007867813,0.1678999960422516,0.1673000007867813,0.16740000247955322,3371.0
2024-03-01 11:00:00,BYSI,1.4283000230789185,1.4283000230789185,1.4283000230789185,1.4283000230789185,1.4283000230789185,200.0
2024-03-01 11:00:00,CABA,23.950000762939453,23.950000762939453,23.950000762939453,23.950000762939453,23.950000762939453,413.0
2024-03-01 11:00:00,CBAY,32.224998474121094,32.224998474121094,32.22999954223633,32.224998474121094,32.224998474121094,1397.0
2024-03-01 11:00:00,CCCC,11.069999694824219,11.069999694824219,11.079999923706055,11.055000305175781,11.055000305175781,2464.0
2024-03-01 11:00:00,CDMO,8.220000267028809,8.220000267028809,8.220000267028809,8.220000267028809,8.220000267028809,540.0
2024-03-01 11:00:00,CDNA,12.25,12.25,12.279999732971191,12.15999984741211,12.15999984741211,2413.0
2024-03-01 11:00:00,CDXS,4.429999828338623,4.429999828338623,4.429999828338623,4.380000114440918,4.380000114440918,34653.0
2024-03-01 11:00:00,CERE,41.18000030517578,41.18000030517578,41.18000030517578,41.18000030517578,41.18000030517578,1102.0
2024-03-01 11:00:00,CERS,2.2049999237060547,2.2049999237060547,2.2049999237060547,2.2049999237060547,2.2049999237060547,5.0
2024-03-01 11:00:00,CERT,17.940000534057617,17.940000534057617,17.940000534057617,17.940000534057617,17.940000534057617,265.0
2024-03-01 11:00:00,CGC,3.25,3.25,3.25,3.25,3.25,286.0
2024-03-01 11:00:00,CGEN,2.680000066757202,2.680000066757202,2.684999942779541,2.680000066757202,2.684999942779541,451.0
2024-03-01 11:00:00,CHRS,2.3299999237060547,2.3299999237060547,2.3299999237060547,2.3203001022338867,2.3203001022338867,715.0
2024-03-01 11:00:00,CING,1.4036999940872192,1.4036999940872192,1.409999966621399,1.3899999856948853,1.3899999856948853,2237.0
2024-03-01 11:00:00,CLDX,52.53499984741211,52.53499984741211,52.540000915527344,52.48500061035156,52.48500061035156,978.0
2024-03-01 11:00:00,CLNN,0.39500001072883606,0.39500001072883606,0.39500001072883606,0.39500001072883606,0.39500001072883606,1941.0
2024-03-01 11:00:00,CLOV,0.8628000020980835,0.8628000020980835,0.8628000020980835,0.8626999855041504,0.8628000020980835,5008.0
2024-03-01 11:00:00,CLRB,4.065000057220459,4.065000057220459,4.065000057220459,4.065000057220459,4.065000057220459,4000.0
2024-03-01 11:00:00,CLSD,1.389299988746643,1.389299988746643,1.389299988746643,1.389299988746643,1.389299988746643,255.0
2024-03-01 11:00:00,CMPS,10.906999588012695,10.906999588012695,10.906999588012695,10.906999588012695,10.906999588012695,134.0
2024-03-01 11:00:00,CMRX,1.1299999952316284,1.1299999952316284,1.1299999952316284,1.1299999952316284,1.1299999952316284,110.0
2024-03-01 11:00:00,CNSP,0.32749998569488525,0.32749998569488525,0.32760000228881836,0.32010000944137573,0.32010000944137573,30398.0
2024-03-01 11:00:00,COGT,7.239999771118164,7.239999771118164,7.239999771118164,7.21999979019165,7.231200218200684,1275.0
2024-03-01 11:00:00,COLL,37.130001068115234,37.130001068115234,37.130001068115234,37.06999969482422,37.130001068115234,726.0
2024-03-01 11:00:00,CORT,23.7450008392334,23.7450008392334,23.760000228881836,23.7450008392334,23.760000228881836,2040.0
2024-03-01 11:00:00,CPRX,17.31999969482422,17.31999969482422,17.360000610351562,17.31999969482422,17.360000610351562,2952.0
2024-03-01 11:00:00,CPSI,9.53499984741211,9.53499984741211,9.53499984741211,9.53499984741211,9.53499984741211,201.0
2024-03-01 11:00:00,CRBP,31.149999618530273,31.149999618530273,31.149999618530273,31.149999618530273,31.149999618530273,122.0
2024-03-01 11:00:00,CRBU,8.074999809265137,8.074999809265137,8.09000015258789,8.069999694824219,8.079999923706055,4734.0
2024-03-01 11:00:00,CRDF,2.549999952316284,2.549999952316284,2.569999933242798,2.4700000286102295,2.4800000190734863,87073.0
2024-03-01 11:00:00,CRNX,45.59000015258789,45.59000015258789,45.65999984741211,45.530799865722656,45.530799865722656,870.0
2024-03-01 11:00:00,CRON,2.049999952316284,2.049999952316284,2.049999952316284,2.049999952316284,2.049999952316284,105.0
2024-03-01 11:00:00,CRSP,85.9000015258789,85.9000015258789,85.9000015258789,85.81009674072266,85.81009674072266,449.0
2024-03-01 11:00:00,CTKB,8.34000015258789,8.34000015258789,8.34000015258789,8.329999923706055,8.329999923706055,1080.0
2024-03-01 11:00:00,CTMX,2.5,2.5,2.5,2.5,2.5,1002.0
2024-03-01 11:00:00,CUTR,2.3308000564575195,2.3308000564575195,2.3308000564575195,2.3308000564575195,2.3308000564575195,453.0
2024-03-01 11:00:00,CVAC,3.4600000381469727,3.4600000381469727,3.4700000286102295,3.4600000381469727,3.4700000286102295,1618.0
2024-03-01 11:00:00,CVRX,19.915000915527344,19.915000915527344,19.915000915527344,19.915000915527344,19.915000915527344,295.0
2024-03-01 11:00:00,CYTK,74.62000274658203,74.62000274658203,74.62000274658203,74.62000274658203,74.62000274658203,135.0
2024-03-01 11:00:00,DARE,0.5778999924659729,0.5778999924659729,0.5778999924659729,0.5778999924659729,0.5778999924659729,550.0
2024-03-01 11:00:00,DAWN,17.329999923706055,17.329999923706055,17.360000610351562,17.329999923706055,17.360000610351562,1463.0
2024-03-01 11:00:00,DCGO,4.119999885559082,4.119999885559082,4.119999885559082,4.099999904632568,4.105000019073486,1810.0
2024-03-01 11:00:00,DCTH,4.200099945068359,4.200099945068359,4.200099945068359,4.200099945068359,4.200099945068359,1002.0
2024-03-01 11:00:00,DH,9.100000381469727,9.100000381469727,9.100000381469727,9.100000381469727,9.100000381469727,219.0
2024-03-01 11:00:00,DMTK,0.8798999786376953,0.8798999786376953,0.8798999786376953,0.8600000143051147,0.8600999712944031,2500.0
2024-03-01 11:00:00,DNLI,20.7549991607666,20.7549991607666,20.7549991607666,20.729999542236328,20.729999542236328,1156.0
2024-03-01 11:00:00,DRIO,2.0199999809265137,2.0199999809265137,2.0199999809265137,2.0199999809265137,2.0199999809265137,762.0
2024-03-01 11:00:00,DSGN,2.8949999809265137,2.8949999809265137,2.8949999809265137,2.8949999809265137,2.8949999809265137,1014.0
2024-03-01 11:00:00,DTIL,12.9350004196167,12.9350004196167,12.95989990234375,12.9350004196167,12.949999809265137,604.0
2024-03-01 11:00:00,DVAX,12.800000190734863,12.800000190734863,12.800000190734863,12.795000076293945,12.800000190734863,3464.0
2024-03-01 11:00:00,DXCM,118.93000030517578,118.93000030517578,119.12000274658203,118.93000030517578,119.08000183105469,5638.0
2024-03-01 11:00:00,DYN,29.022499084472656,29.022499084472656,29.024999618530273,28.90999984741211,28.90999984741211,1238.0
2024-03-01 11:00:00,EDIT,10.94950008392334,10.94950008392334,10.949999809265137,10.92770004272461,10.92770004272461,4107.0
2024-03-01 11:00:00,EFTR,14.84000015258789,14.84000015258789,14.84000015258789,14.84000015258789,14.84000015258789,842.0
2024-03-01 11:00:00,ELEV,4.914999961853027,4.914999961853027,4.928999900817871,4.849999904632568,4.849999904632568,8024.0
2024-03-01 11:00:00,EMBC,14.430000305175781,14.430000305175781,14.430000305175781,14.430000305175781,14.430000305175781,375.0
2024-03-01 11:00:00,ENTA,15.050000190734863,15.050000190734863,15.050000190734863,15.050000190734863,15.050000190734863,332.0
2024-03-01 11:00:00,ENVB,1.6592999696731567,1.6592999696731567,1.659999966621399,1.6495000123977661,1.6496000289916992,21194.0
2024-03-01 11:00:00,ERAS,2.505000114440918,2.505000114440918,2.505000114440918,2.5,2.5,3835.0
2024-03-01 11:00:00,ESPR,2.4549999237060547,2.4549999237060547,2.4549999237060547,2.450000047683716,2.4500999450683594,5963.0
2024-03-01 11:00:00,ESTA,45.64500045776367,45.64500045776367,45.64500045776367,45.51499938964844,45.51499938964844,720.0
2024-03-01 11:00:00,ETNB,12.729999542236328,12.729999542236328,12.75,12.729999542236328,12.729999542236328,1730.0
2024-03-01 11:00:00,EXAS,59.959999084472656,59.959999084472656,60.0099983215332,59.959999084472656,60.0,1147.0
2024-03-01 11:00:00,EXEL,22.5,22.5,22.5,22.479999542236328,22.479999542236328,2342.0
2024-03-01 11:00:00,EYEN,2.240000009536743,2.240000009536743,2.240000009536743,2.2200000286102295,2.2298998832702637,1880.0
2024-03-01 11:00:00,EYPT,28.020000457763672,28.020000457763672,28.020000457763672,28.020000457763672,28.020000457763672,293.0
2024-03-01 11:00:00,FATE,7.514999866485596,7.514999866485596,7.514999866485596,7.489999771118164,7.489999771118164,2001.0
2024-03-01 11:00:00,FDMT,29.084999084472656,29.084999084472656,29.110000610351562,29.030000686645508,29.06999969482422,2833.0
2024-03-01 11:00:00,FEMY,1.7200000286102295,1.7200000286102295,1.7200000286102295,1.7100000381469727,1.7200000286102295,2410.0
2024-03-01 11:00:00,FGEN,1.774999976158142,1.774999976158142,1.774999976158142,1.7649999856948853,1.7649999856948853,1612.0
2024-03-01 11:00:00,FLGT,23.09000015258789,23.09000015258789,23.1200008392334,23.09000015258789,23.100000381469727,825.0
2024-03-01 11:00:00,FOLD,13.515000343322754,13.515000343322754,13.515000343322754,13.510000228881836,13.515000343322754,1638.0
2024-03-01 11:00:00,FULC,10.65999984741211,10.65999984741211,10.680000305175781,10.65999984741211,10.680000305175781,829.0
2024-03-01 11:00:00,GERN,2.134999990463257,2.134999990463257,2.134999990463257,2.130000114440918,2.134999990463257,507.0
2024-03-01 11:00:00,GH,19.270000457763672,19.270000457763672,19.270000457763672,19.239999771118164,19.25,1274.0
2024-03-01 11:00:00,GILD,72.44000244140625,72.44000244140625,72.5,72.44000244140625,72.48500061035156,6580.0
2024-03-01 11:00:00,GLPG,35.16999816894531,35.16999816894531,35.16999816894531,35.16999816894531,35.16999816894531,186.0
2024-03-01 11:00:00,GMAB,29.260000228881836,29.260000228881836,29.274999618530273,29.260000228881836,29.274999618530273,697.0
2024-03-01 11:00:00,GMDA,0.3799999952316284,0.3799999952316284,0.3799999952316284,0.3799999952316284,0.3799999952316284,1508.0
2024-03-01 11:00:00,GOSS,1.3624999523162842,1.3624999523162842,1.3650000095367432,1.3600000143051147,1.3600000143051147,1277.0
2024-03-01 11:00:00,GRFS,6.989999771118164,6.989999771118164,6.989999771118164,6.970099925994873,6.980000019073486,4418.0
2024-03-01 11:00:00,GRTS,2.2300000190734863,2.2300000190734863,2.240000009536743,2.2300000190734863,2.240000009536743,12762.0
2024-03-01 11:00:00,GRTX,0.23000000417232513,0.23000000417232513,0.23000000417232513,0.23000000417232513,0.23000000417232513,0.0
2024-03-01 11:00:00,GTBP,4.28000020980835,4.28000020980835,4.28000020980835,4.28000020980835,4.28000020980835,415.0
2024-03-01 11:00:00,GTHX,3.4649999141693115,3.4649999141693115,3.4700000286102295,3.424999952316284,3.424999952316284,6567.0
2024-03-01 11:00:00,HALO,41.2400016784668,41.2400016784668,41.2400016784668,41.220001220703125,41.220001220703125,801.0
2024-03-01 11:00:00,HARP,22.940000534057617,22.940000534057617,22.940000534057617,22.93000030517578,22.93000030517578,1040.0
2024-03-01 11:00:00,HCAT,7.974999904632568,7.974999904632568,7.974999904632568,7.96999979019165,7.96999979019165,1888.0
2024-03-01 11:00:00,HCM,15.359999656677246,15.359999656677246,15.369999885559082,15.359999656677246,15.369999885559082,384.0
2024-03-01 11:00:00,HCSG,12.71500015258789,12.71500015258789,12.71500015258789,12.71500015258789,12.71500015258789,200.0
2024-03-01 11:00:00,HITI,1.7699999809265137,1.7699999809265137,1.7798999547958374,1.7699999809265137,1.7781000137329102,2622.0
2024-03-01 11:00:00,HLVX,18.885000228881836,18.885000228881836,18.885000228881836,18.885000228881836,18.885000228881836,140.0
2024-03-01 11:00:00,HOLX,74.05000305175781,74.05000305175781,74.05000305175781,74.05000305175781,74.05000305175781,463.0
2024-03-01 11:00:00,HRMY,31.415000915527344,31.415000915527344,31.415000915527344,31.415000915527344,31.415000915527344,523.0
2024-03-01 11:00:00,HRTX,2.630000114440918,2.630000114440918,2.634999990463257,2.630000114440918,2.630000114440918,0.0
2024-03-01 11:00:00,HSIC,77.15499877929688,77.15499877929688,77.19999694824219,77.15499877929688,77.19000244140625,872.0
2024-03-01 11:00:00,HUMA,3.1649999618530273,3.1649999618530273,3.1700000762939453,3.1649999618530273,3.1649999618530273,3976.0
2024-03-01 11:00:00,IBRX,4.840000152587891,4.840000152587891,4.855599880218506,4.840000152587891,4.855599880218506,3622.0
2024-03-01 11:00:00,ICAD,1.850000023841858,1.850000023841858,1.850000023841858,1.8300000429153442,1.839400053024292,525.0
2024-03-01 11:00:00,IDXX,580.635009765625,580.635009765625,580.635009765625,580.010009765625,580.010009765625,496.0
2024-03-01 11:00:00,IDYA,46.07500076293945,46.07500076293945,46.07500076293945,46.07500076293945,46.07500076293945,2.0
2024-03-01 11:00:00,IKT,2.1500000953674316,2.1500000953674316,2.1500000953674316,2.1500000953674316,2.1500000953674316,1702.0
2024-03-01 11:00:00,IMAB,1.840000033378601,1.840000033378601,1.840000033378601,1.840000033378601,1.840000033378601,600.0
2024-03-01 11:00:00,IMCR,68.12000274658203,68.12000274658203,68.12000274658203,68.0,68.0,427.0
2024-03-01 11:00:00,IMMX,3.5450000762939453,3.5450000762939453,3.5699000358581543,3.5450000762939453,3.5699000358581543,556.0
2024-03-01 11:00:00,IMTX,13.029999732971191,13.029999732971191,13.069999694824219,13.029999732971191,13.055000305175781,12297.0
2024-03-01 11:00:00,IMUX,1.4950000047683716,1.4950000047683716,1.499899983406067,1.4924999475479126,1.4924999475479126,5467.0
2024-03-01 11:00:00,INCY,59.43000030517578,59.43000030517578,59.45000076293945,59.369998931884766,59.380001068115234,5186.0
2024-03-01 11:00:00,INGN,6.789999961853027,6.789999961853027,6.789999961853027,6.789999961853027,6.789999961853027,688.0
2024-03-01 11:00:00,INMD,22.93000030517578,22.93000030517578,22.940000534057617,22.93000030517578,22.93000030517578,2486.0
2024-03-01 11:00:00,INSM,28.325000762939453,28.325000762939453,28.3799991607666,28.325000762939453,28.364999771118164,1775.0
2024-03-01 11:00:00,INVA,15.539999961853027,15.539999961853027,15.569999694824219,15.539999961853027,15.569999694824219,1710.0
2024-03-01 11:00:00,IOBT,1.75,1.75,1.75,1.7300000190734863,1.7300000190734863,3589.0
2024-03-01 11:00:00,IOVA,16.459999084472656,16.459999084472656,16.489999771118164,16.454999923706055,16.475000381469727,13756.0
2024-03-01 11:00:00,IRWD,8.9350004196167,8.9350004196167,8.944999694824219,8.9350004196167,8.944999694824219,3095.0
2024-03-01 11:00:00,ISRG,391.7699890136719,391.7699890136719,391.7699890136719,391.31500244140625,391.489990234375,3457.0
2024-03-01 11:00:00,ITCI,71.13999938964844,71.13999938964844,71.15499877929688,71.11000061035156,71.12999725341797,884.0
2024-03-01 11:00:00,IVVD,4.019999980926514,4.019999980926514,4.019999980926514,4.019999980926514,4.019999980926514,101.0
2024-03-01 11:00:00,IXHL,5.340000152587891,5.340000152587891,5.340000152587891,5.340000152587891,5.340000152587891,165.0
2024-03-01 11:00:00,JAGX,0.09000000357627869,0.09000000357627869,0.09300000220537186,0.08789999783039093,0.08799999952316284,822045.0
2024-03-01 11:00:00,JAZZ,120.76000213623047,120.76000213623047,120.76000213623047,120.76000213623047,120.76000213623047,470.0
2024-03-01 11:00:00,JYNT,10.079999923706055,10.079999923706055,10.079999923706055,10.079999923706055,10.079999923706055,391.0
2024-03-01 11:00:00,KALV,13.9399995803833,13.9399995803833,13.9399995803833,13.9399995803833,13.9399995803833,300.0
2024-03-01 11:00:00,KNSA,21.84000015258789,21.84000015258789,21.940000534057617,21.84000015258789,21.90999984741211,1618.0
2024-03-01 11:00:00,KNTE,2.6098999977111816,2.6098999977111816,2.609999895095825,2.6050000190734863,2.6050000190734863,1584.0
2024-03-01 11:00:00,KPTI,1.2649999856948853,1.2649999856948853,1.2649999856948853,1.2649999856948853,1.2649999856948853,416.0
2024-03-01 11:00:00,KTRA,0.10040000081062317,0.10040000081062317,0.10090000182390213,0.10019999742507935,0.10090000182390213,20138.0
2024-03-01 11:00:00,KYMR,44.099998474121094,44.099998474121094,44.099998474121094,44.099998474121094,44.099998474121094,226.0
2024-03-01 11:00:00,KZR,1.125,1.125,1.125,1.125,1.125,400.0
2024-03-01 11:00:00,LAB,2.380000114440918,2.380000114440918,2.380000114440918,2.380000114440918,2.380000114440918,411.0
2024-03-01 11:00:00,LBPH,21.59000015258789,21.59000015258789,21.849899291992188,21.5,21.65999984741211,796.0
2024-03-01 11:00:00,LEXX,2.5899999141693115,2.5899999141693115,2.5899999141693115,2.5601000785827637,2.569999933242798,3388.0
2024-03-01 11:00:00,LFST,8.005000114440918,8.005000114440918,8.015000343322754,8.0,8.015000343322754,2906.0
2024-03-01 11:00:00,LIXT,2.5099000930786133,2.5099000930786133,2.5099000930786133,2.5099000930786133,2.5099000930786133,236.0
2024-03-01 11:00:00,LMAT,67.69999694824219,67.69999694824219,67.79000091552734,67.69999694824219,67.79000091552734,214.0
2024-03-01 11:00:00,LNTH,65.56500244140625,65.56500244140625,65.5999984741211,65.56500244140625,65.5999984741211,599.0
2024-03-01 11:00:00,LQDA,14.420000076293945,14.420000076293945,14.420000076293945,14.40999984741211,14.40999984741211,814.0
2024-03-01 11:00:00,LRMR,11.104999542236328,11.104999542236328,11.104999542236328,11.104999542236328,11.104999542236328,20.0
2024-03-01 11:00:00,LTRN,4.789999961853027,4.789999961853027,4.789999961853027,4.730000019073486,4.730000019073486,222.0
2024-03-01 11:00:00,LUCD,1.2200000286102295,1.2200000286102295,1.2200000286102295,1.2200000286102295,1.2200000286102295,173.0
2024-03-01 11:00:00,LUNG,9.229999542236328,9.229999542236328,9.229999542236328,9.229999542236328,9.229999542236328,101.0
2024-03-01 11:00:00,LVTX,3.009999990463257,3.009999990463257,3.009999990463257,3.009999990463257,3.009999990463257,596.0
2024-03-01 11:00:00,LXRX,2.3991000652313232,2.3991000652313232,2.3991000652313232,2.390000104904175,2.390000104904175,3313.0
2024-03-01 11:00:00,LYEL,3.1549999713897705,3.1549999713897705,3.1549999713897705,3.1549999713897705,3.1549999713897705,405.0
2024-03-01 11:00:00,MASS,7.369999885559082,7.369999885559082,7.369999885559082,7.369999885559082,7.369999885559082,771.0
2024-03-01 11:00:00,MCRB,1.180899977684021,1.180899977684021,1.1901999711990356,1.180899977684021,1.1901999711990356,3602.0
2024-03-01 11:00:00,MDGL,240.2100067138672,240.2100067138672,240.26849365234375,240.14500427246094,240.26849365234375,1507.0
2024-03-01 11:00:00,MDRX,5.849999904632568,5.849999904632568,5.849999904632568,5.75,5.750199794769287,19849.0
2024-03-01 11:00:00,MDXG,8.505000114440918,8.505000114440918,8.505000114440918,8.5,8.5,2096.0
2024-03-01 11:00:00,ME,0.5834000110626221,0.5834000110626221,0.5834000110626221,0.58160001039505,0.582099974155426,32956.0
2024-03-01 11:00:00,MGNX,19.116300582885742,19.116300582885742,19.1299991607666,19.0,19.0,2900.0
2024-03-01 11:00:00,MIRM,29.829999923706055,29.829999923706055,29.829999923706055,29.829999923706055,29.829999923706055,139.0
2024-03-01 11:00:00,MIST,1.6929999589920044,1.6929999589920044,1.6929999589920044,1.6929999589920044,1.6929999589920044,600.0
2024-03-01 11:00:00,MLTX,51.529998779296875,51.529998779296875,51.529998779296875,51.43000030517578,51.43000030517578,300.0
2024-03-01 11:00:00,MMSI,76.05999755859375,76.05999755859375,76.15499877929688,76.05999755859375,76.08999633789062,524.0
2024-03-01 11:00:00,MNKD,4.579999923706055,4.579999923706055,4.610000133514404,4.579999923706055,4.605000019073486,13876.0
2024-03-01 11:00:00,MNMD,5.849999904632568,5.849999904632568,5.849999904632568,5.849999904632568,5.849999904632568,317.0
2024-03-01 11:00:00,MOR,17.640899658203125,17.640899658203125,17.640899658203125,17.640899658203125,17.640899658203125,353.0
2024-03-01 11:00:00,MREO,3.805000066757202,3.805000066757202,3.8050999641418457,3.7899999618530273,3.799999952316284,11868.0
2024-03-01 11:00:00,MRNA,95.30010223388672,95.30010223388672,95.46119689941406,95.30010223388672,95.33000183105469,3857.0
2024-03-01 11:00:00,MRSN,5.744999885559082,5.744999885559082,5.760000228881836,5.739999771118164,5.760000228881836,3500.0
2024-03-01 11:00:00,MRUS,49.935001373291016,49.935001373291016,50.0,49.91999816894531,49.93000030517578,1403.0
2024-03-01 11:00:00,MRVI,7.880000114440918,7.880000114440918,7.880000114440918,7.880000114440918,7.880000114440918,240.0
2024-03-01 11:00:00,NARI,45.099998474121094,45.099998474121094,45.244998931884766,45.099998474121094,45.22999954223633,3014.0
2024-03-01 11:00:00,NAUT,2.6500000953674316,2.6500000953674316,2.6500000953674316,2.6500000953674316,2.6500000953674316,0.0
2024-03-01 11:00:00,NBIX,130.6699981689453,130.6699981689453,130.67999267578125,130.60000610351562,130.60000610351562,2356.0
2024-03-01 11:00:00,NCNA,0.335099995136261,0.335099995136261,0.335099995136261,0.335099995136261,0.335099995136261,300.0
2024-03-01 11:00:00,NEO,16.145000457763672,16.145000457763672,16.145000457763672,16.1299991607666,16.1299991607666,398.0
2024-03-01 11:00:00,NEOG,17.219999313354492,17.219999313354492,17.219999313354492,17.219999313354492,17.219999313354492,946.0
2024-03-01 11:00:00,NERV,2.444999933242798,2.444999933242798,2.450000047683716,2.444999933242798,2.448699951171875,2270.0
2024-03-01 11:00:00,NKTX,12.369999885559082,12.369999885559082,12.369999885559082,12.34000015258789,12.34000015258789,1052.0
2024-03-01 11:00:00,NNOX,11.111599922180176,11.111599922180176,11.129899978637695,11.09000015258789,11.09000015258789,5223.0
2024-03-01 11:00:00,NOTV,7.920000076293945,7.920000076293945,7.920000076293945,7.920000076293945,7.920000076293945,203.0
2024-03-01 11:00:00,NRIX,13.1899995803833,13.1899995803833,13.1899995803833,13.119999885559082,13.119999885559082,4051.0
2024-03-01 11:00:00,NRSN,2.0,2.0,2.0,2.0,2.0,389.0
2024-03-01 11:00:00,NRXP,0.4291999936103821,0.4291999936103821,0.4291999936103821,0.4205000102519989,0.4205000102519989,15366.0
2024-03-01 11:00:00,NTLA,33.4900016784668,33.4900016784668,33.4900016784668,33.459999084472656,33.470001220703125,1490.0
2024-03-01 11:00:00,NTRA,89.07499694824219,89.07499694824219,89.08000183105469,88.9749984741211,88.9749984741211,2560.0
2024-03-01 11:00:00,NVAX,5.1707000732421875,5.1707000732421875,5.199900150299072,5.159999847412109,5.159999847412109,25275.0
2024-03-01 11:00:00,NVCR,16.239999771118164,16.239999771118164,16.239999771118164,16.200000762939453,16.209999084472656,1567.0
2024-03-01 11:00:00,NXTC,1.7949999570846558,1.7949999570846558,1.7999999523162842,1.7899999618530273,1.7949999570846558,1000.0
2024-03-01 11:00:00,OCGN,0.9200000166893005,0.9200000166893005,0.9200000166893005,0.9200000166893005,0.9200000166893005,322.0
2024-03-01 11:00:00,OCUL,10.329299926757812,10.329299926757812,10.350000381469727,10.3100004196167,10.3100004196167,0.0
2024-03-01 11:00:00,OCUP,2.509999990463257,2.509999990463257,2.509999990463257,2.5,2.5,239.0
2024-03-01 11:00:00,OLMA,12.789999961853027,12.789999961853027,12.789999961853027,12.789999961853027,12.789999961853027,296.0
2024-03-01 11:00:00,OMER,4.71999979019165,4.71999979019165,4.71999979019165,4.71999979019165,4.71999979019165,421.0
2024-03-01 11:00:00,OMGA,4.159999847412109,4.159999847412109,4.159999847412109,4.159999847412109,4.159999847412109,200.0
2024-03-01 11:00:00,ONCY,1.1122000217437744,1.1122000217437744,1.1122000217437744,1.1122000217437744,1.1122000217437744,0.0
2024-03-01 11:01:00,AADI,1.9801000356674194,1.9801000356674194,1.9801000356674194,1.9801000356674194,1.9801000356674194,0.0
2024-03-01 11:01:00,ABOS,4.670100212097168,4.670100212097168,4.675000190734863,4.670000076293945,4.670000076293945,3212.0
2024-03-01 11:01:00,ABSI,5.110000133514404,5.110000133514404,5.119100093841553,5.110000133514404,5.119100093841553,605.0
2024-03-01 11:01:00,ABUS,2.765000104904175,2.765000104904175,2.7699999809265137,2.765000104904175,2.7699999809265137,915.0
2024-03-01 11:01:00,ACAD,23.920000076293945,23.920000076293945,23.940000534057617,23.920000076293945,23.93000030517578,1306.0
2024-03-01 11:01:00,ACB,3.0950000286102295,3.0950000286102295,3.0950000286102295,3.089900016784668,3.089900016784668,3094.0
2024-03-01 11:01:00,ACET,2.377000093460083,2.377000093460083,2.380000114440918,2.377000093460083,2.380000114440918,320.0
2024-03-01 11:01:00,ACHC,83.96499633789062,83.96499633789062,84.01399993896484,83.96499633789062,84.01399993896484,0.0
2024-03-01 11:01:00,ACLX,67.74500274658203,67.74500274658203,67.78500366210938,67.74500274658203,67.75,1354.0
2024-03-01 11:01:00,ACRS,1.2300000190734863,1.2300000190734863,1.2300000190734863,1.2300000190734863,1.2300000190734863,1293.0
2024-03-01 11:01:00,ACXP,2.9800000190734863,2.9800000190734863,3.0,2.9800000190734863,3.0,450.0
2024-03-01 11:01:00,ADIL,3.2699999809265137,3.2699999809265137,3.299999952316284,3.25,3.2799999713897705,24752.0
2024-03-01 11:01:00,ADMA,5.36899995803833,5.36899995803833,5.369900226593018,5.364999771118164,5.369900226593018,1240.0
2024-03-01 11:01:00,ADPT,4.230000019073486,4.230000019073486,4.230000019073486,4.230000019073486,4.230000019073486,592.0
2024-03-01 11:01:00,ADUS,92.98500061035156,92.98500061035156,92.98500061035156,92.98500061035156,92.98500061035156,138.0
2024-03-01 11:01:00,ADVM,1.9199999570846558,1.9199999570846558,1.9225000143051147,1.9199999570846558,1.9199999570846558,1169.0
2024-03-01 11:01:00,AFMD,0.6061999797821045,0.6061999797821045,0.6061999797821045,0.6029999852180481,0.6029999852180481,0.0
2024-03-01 11:01:00,AGEN,0.6672000288963318,0.6672000288963318,0.6672000288963318,0.6672000288963318,0.6672000288963318,602.0
2024-03-01 11:01:00,AGIO,32.81999969482422,32.81999969482422,32.81999969482422,32.81999969482422,32.81999969482422,107.0
2024-03-01 11:01:00,AGRX,0.8500000238418579,0.8500000238418579,0.8500000238418579,0.8500000238418579,0.8500000238418579,390.0
2024-03-01 11:01:00,AIRS,6.510000228881836,6.510000228881836,6.539999961853027,6.5,6.539999961853027,2389.0
2024-03-01 11:01:00,AKBA,1.659999966621399,1.659999966621399,1.659999966621399,1.659999966621399,1.659999966621399,121.0
2024-03-01 11:01:00,AKRO,29.184999465942383,29.184999465942383,29.200000762939453,29.184999465942383,29.190000534057617,655.0
2024-03-01 11:01:00,AKYA,5.945000171661377,5.945000171661377,5.945000171661377,5.945000171661377,5.945000171661377,225.0
2024-03-01 11:01:00,ALDX,4.065000057220459,4.065000057220459,4.065000057220459,4.060299873352051,4.060299873352051,511.0
2024-03-01 11:01:00,ALGN,299.7149963378906,299.7149963378906,299.8599853515625,299.5199890136719,299.8599853515625,653.0
2024-03-01 11:01:00,ALHC,5.829999923706055,5.829999923706055,5.840000152587891,5.793300151824951,5.819300174713135,58273.0
2024-03-01 11:01:00,ALKS,30.190000534057617,30.190000534057617,30.200000762939453,30.184999465942383,30.190000534057617,2402.0
2024-03-01 11:01:00,ALLK,1.590000033378601,1.590000033378601,1.597499966621399,1.590000033378601,1.597499966621399,2300.0
2024-03-01 11:01:00,ALLO,5.0,5.0,5.0,5.0,5.0,417.0
2024-03-01 11:01:00,ALNY,155.39999389648438,155.39999389648438,155.39999389648438,155.39999389648438,155.39999389648438,139.0
2024-03-01 11:01:00,ALPN,36.13999938964844,36.13999938964844,36.18000030517578,36.11000061035156,36.11000061035156,1064.0
2024-03-01 11:01:00,ALT,12.220000267028809,12.220000267028809,12.220000267028809,12.1899995803833,12.1899995803833,1779.0
2024-03-01 11:01:00,ALVR,0.7534000277519226,0.7534000277519226,0.7534000277519226,0.7534000277519226,0.7534000277519226,1100.0
2024-03-01 11:01:00,AMGN,280.5150146484375,280.5150146484375,280.5199890136719,280.3599853515625,280.510009765625,5738.0
2024-03-01 11:01:00,AMLX,18.829999923706055,18.829999923706055,18.829999923706055,18.829999923706055,18.829999923706055,145.0
2024-03-01 11:01:00,AMPH,45.57600021362305,45.57600021362305,45.58000183105469,45.57600021362305,45.58000183105469,1705.0
2024-03-01 11:01:00,AMRN,1.034999966621399,1.034999966621399,1.034999966621399,1.034999966621399,1.034999966621399,428.0
2024-03-01 11:01:00,ANAB,25.290000915527344,25.290000915527344,25.290000915527344,25.290000915527344,25.290000915527344,260.0
2024-03-01 11:01:00,ANGO,5.449999809265137,5.449999809265137,5.449999809265137,5.449999809265137,5.449999809265137,212.0
2024-03-01 11:01:00,ANNX,5.940000057220459,5.940000057220459,5.940000057220459,5.900000095367432,5.921000003814697,59223.0
2024-03-01 11:01:00,ANTX,2.940700054168701,2.940700054168701,2.940700054168701,2.940700054168701,2.940700054168701,295.0
2024-03-01 11:01:00,APLS,63.959999084472656,63.959999084472656,64.0199966430664,63.94499969482422,63.94499969482422,852.0
2024-03-01 11:01:00,APLT,7.114999771118164,7.114999771118164,7.114999771118164,7.100100040435791,7.10260009765625,1335.0
2024-03-01 11:01:00,AQST,4.230000019073486,4.230000019073486,4.230000019073486,4.230000019073486,4.230000019073486,247.0
2024-03-01 11:01:00,ARAY,2.615000009536743,2.615000009536743,2.615000009536743,2.611299991607666,2.615000009536743,891.0
2024-03-01 11:01:00,ARCT,39.60499954223633,39.60499954223633,39.64500045776367,39.595001220703125,39.64500045776367,666.0
2024-03-01 11:01:00,ARDX,9.53499984741211,9.53499984741211,9.53600025177002,9.520000457763672,9.520000457763672,2516.0
2024-03-01 11:01:00,ARGX,389.57000732421875,389.57000732421875,389.57000732421875,389.57000732421875,389.57000732421875,218.0
2024-03-01 11:01:00,ARQT,11.10990047454834,11.10990047454834,11.119999885559082,11.089699745178223,11.095000267028809,7745.0
2024-03-01 11:01:00,ARVN,50.189998626708984,50.189998626708984,50.2400016784668,50.189998626708984,50.189998626708984,1662.0
2024-03-01 11:01:00,ARWR,35.1150016784668,35.1150016784668,35.119998931884766,35.08000183105469,35.09000015258789,1057.0
2024-03-01 11:01:00,ASMB,13.0,13.0,13.029999732971191,13.0,13.029999732971191,925.0
2024-03-01 11:01:00,ASND,149.11000061035156,149.11000061035156,149.11500549316406,149.11000061035156,149.11500549316406,311.0
2024-03-01 11:01:00,ASRT,0.9182000160217285,0.9182000160217285,0.9200000166893005,0.9182000160217285,0.9200000166893005,705.0
2024-03-01 11:01:00,ATAI,2.005000114440918,2.005000114440918,2.005000114440918,2.005000114440918,2.005000114440918,631.0
2024-03-01 11:01:00,ATEC,13.489999771118164,13.489999771118164,13.489999771118164,13.479999542236328,13.479999542236328,466.0
2024-03-01 11:01:00,ATRA,0.8179000020027161,0.8179000020027161,0.8179000020027161,0.8179000020027161,0.8179000020027161,466.0
2024-03-01 11:01:00,ATRC,35.87990188598633,35.87990188598633,35.87990188598633,35.87990188598633,35.87990188598633,455.0
2024-03-01 11:01:00,ATXS,15.090100288391113,15.090100288391113,15.130000114440918,15.090100288391113,15.130000114440918,1008.0
2024-03-01 11:01:00,AUTL,6.170000076293945,6.170000076293945,6.170000076293945,6.139999866485596,6.139999866485596,1230.0
2024-03-01 11:01:00,AVDL,12.760000228881836,12.760000228881836,12.789999961853027,12.760000228881836,12.779999732971191,252847.0
2024-03-01 11:01:00,AVGR,3.814500093460083,3.814500093460083,3.814500093460083,3.799999952316284,3.799999952316284,4856.0
2024-03-01 11:01:00,AVTE,22.700000762939453,22.700000762939453,22.700000762939453,22.700000762939453,22.700000762939453,200.0
2024-03-01 11:01:00,AVXL,5.324999809265137,5.324999809265137,5.327899932861328,5.320099830627441,5.327899932861328,1343.0
2024-03-01 11:01:00,AXGN,10.520000457763672,10.520000457763672,10.520000457763672,10.520000457763672,10.520000457763672,836.0
2024-03-01 11:01:00,AXSM,83.95500183105469,83.95500183105469,83.95500183105469,83.95500183105469,83.95500183105469,1424.0
2024-03-01 11:01:00,AZN,64.66999816894531,64.66999816894531,64.69499969482422,64.66500091552734,64.69000244140625,6624.0
2024-03-01 11:01:00,AZTA,66.49500274658203,66.49500274658203,66.51000213623047,66.49500274658203,66.51000213623047,733.0
2024-03-01 11:01:00,BBIO,36.040000915527344,36.040000915527344,36.060001373291016,36.040000915527344,36.040000915527344,576.0
2024-03-01 11:01:00,BBLG,2.5,2.5,2.5850000381469727,2.5,2.5850000381469727,212.0
2024-03-01 11:01:00,BCDA,0.5598999857902527,0.5598999857902527,0.5598999857902527,0.5598999857902527,0.5598999857902527,103.0
2024-03-01 11:01:00,BCEL,0.26989999413490295,0.26989999413490295,0.27000001072883606,0.26989999413490295,0.27000001072883606,1682.0
2024-03-01 11:01:00,BCRX,5.885000228881836,5.885000228881836,5.885000228881836,5.877500057220459,5.877500057220459,1659.0
2024-03-01 11:01:00,BDTX,5.039999961853027,5.039999961853027,5.039999961853027,5.039999961853027,5.039999961853027,317.0
2024-03-01 11:01:00,BEAM,40.474998474121094,40.474998474121094,40.52000045776367,40.46500015258789,40.47999954223633,1444.0
2024-03-01 11:01:00,BIOL,0.1379999965429306,0.1379999965429306,0.1379999965429306,0.1379999965429306,0.1379999965429306,10335.0
2024-03-01 11:01:00,BIVI,2.2100000381469727,2.2100000381469727,2.25,2.200000047683716,2.218600034713745,106262.0
2024-03-01 11:01:00,BLFS,17.854999542236328,17.854999542236328,17.854999542236328,17.854999542236328,17.854999542236328,100.0
2024-03-01 11:01:00,BLUE,1.5917999744415283,1.5917999744415283,1.6059999465942383,1.5901000499725342,1.6059999465942383,100232.0
2024-03-01 11:01:00,BMEA,17.64579963684082,17.64579963684082,17.64579963684082,17.64579963684082,17.64579963684082,667.0
2024-03-01 11:01:00,BMRN,86.68499755859375,86.68499755859375,86.68499755859375,86.68499755859375,86.68499755859375,540.0
2024-03-01 11:01:00,BNGO,1.2549999952316284,1.2549999952316284,1.2549999952316284,1.2549999952316284,1.2549999952316284,2101.0
2024-03-01 11:01:00,BNOX,1.2490999698638916,1.2490999698638916,1.2490999698638916,1.2490999698638916,1.2490999698638916,1384.0
2024-03-01 11:01:00,BNTX,91.8550033569336,91.8550033569336,91.87999725341797,91.77999877929688,91.77999877929688,2864.0
2024-03-01 11:01:00,BPMC,96.4000015258789,96.4000015258789,96.4000015258789,96.25,96.37999725341797,1143.0
2024-03-01 11:01:00,BRKR,87.86000061035156,87.86000061035156,87.87000274658203,87.81999969482422,87.8499984741211,1552.0
2024-03-01 11:01:00,BTAI,3.2400999069213867,3.2400999069213867,3.2400999069213867,3.2300000190734863,3.2300000190734863,2791.0
2024-03-01 11:01:00,BTTX,0.1673000007867813,0.1673000007867813,0.16850000619888306,0.1673000007867813,0.16850000619888306,1606.0
2024-03-01 11:01:00,BVS,4.670000076293945,4.670000076293945,4.670000076293945,4.669899940490723,4.669899940490723,1673.0
2024-03-01 11:01:00,CABA,23.959999084472656,23.959999084472656,23.969999313354492,23.950000762939453,23.950000762939453,1350.0
2024-03-01 11:01:00,CAPR,4.574999809265137,4.574999809265137,4.574999809265137,4.574999809265137,4.574999809265137,24.0
2024-03-01 11:01:00,CBAY,32.22999954223633,32.22999954223633,32.22999954223633,32.22999954223633,32.22999954223633,418.0
2024-03-01 11:01:00,CCCC,11.069999694824219,11.069999694824219,11.079999923706055,11.0649995803833,11.074999809265137,4361.0
2024-03-01 11:01:00,CDMO,8.220000267028809,8.220000267028809,8.220000267028809,8.180000305175781,8.1899995803833,696.0
2024-03-01 11:01:00,CDNA,12.279999732971191,12.279999732971191,12.29010009765625,12.270500183105469,12.29010009765625,4858.0
2024-03-01 11:01:00,CDXS,4.445000171661377,4.445000171661377,4.449999809265137,4.434999942779541,4.445000171661377,1625.0
2024-03-01 11:01:00,CERE,41.189998626708984,41.189998626708984,41.189998626708984,41.18000030517578,41.18000030517578,1747.0
2024-03-01 11:01:00,CERS,2.2049999237060547,2.2049999237060547,2.2100000381469727,2.2049999237060547,2.2049999237060547,6392.0
2024-03-01 11:01:00,CERT,17.829999923706055,17.829999923706055,17.934999465942383,17.829999923706055,17.934999465942383,2933.0
2024-03-01 11:01:00,CGC,3.265000104904175,3.265000104904175,3.265000104904175,3.244999885559082,3.244999885559082,3965.0
2024-03-01 11:01:00,CGEM,18.829999923706055,18.829999923706055,18.829999923706055,18.829999923706055,18.829999923706055,491.0
2024-03-01 11:01:00,CGEN,2.682499885559082,2.682499885559082,2.682499885559082,2.682499885559082,2.682499885559082,6000.0
2024-03-01 11:01:00,CHRS,2.3299999237060547,2.3299999237060547,2.3299999237060547,2.325000047683716,2.3299999237060547,1258.0
2024-03-01 11:01:00,CING,1.409999966621399,1.409999966621399,1.5,1.409999966621399,1.4199999570846558,26764.0
2024-03-01 11:01:00,CLDX,52.630001068115234,52.630001068115234,52.650001525878906,52.53499984741211,52.53499984741211,1924.0
2024-03-01 11:01:00,CLNN,0.39500001072883606,0.39500001072883606,0.39500001072883606,0.39500001072883606,0.39500001072883606,0.0
2024-03-01 11:01:00,CLOV,0.8628000020980835,0.8628000020980835,0.8628000020980835,0.8626999855041504,0.8628000020980835,31393.0
2024-03-01 11:01:00,CLRB,4.065000057220459,4.065000057220459,4.070000171661377,4.059999942779541,4.059999942779541,1799.0
2024-03-01 11:01:00,CMPS,10.885000228881836,10.885000228881836,10.918000221252441,10.869999885559082,10.885000228881836,1064.0
2024-03-01 11:01:00,CMPX,1.9149999618530273,1.9149999618530273,1.9149999618530273,1.9149999618530273,1.9149999618530273,221.0
2024-03-01 11:01:00,CNSP,0.3100000023841858,0.3100000023841858,0.32010000944137573,0.3100000023841858,0.32010000944137573,0.0
2024-03-01 11:01:00,CNTA,10.654999732971191,10.654999732971191,10.654999732971191,10.59000015258789,10.600000381469727,5244.0
2024-03-01 11:01:00,CNTB,1.1799999475479126,1.1799999475479126,1.1799999475479126,1.1799999475479126,1.1799999475479126,325.0
2024-03-01 11:01:00,COGT,7.239999771118164,7.239999771118164,7.239999771118164,7.224999904632568,7.224999904632568,1474.0
2024-03-01 11:01:00,COLL,37.18000030517578,37.18000030517578,37.189998626708984,37.18000030517578,37.189998626708984,300.0
2024-03-01 11:01:00,CORT,23.770000457763672,23.770000457763672,23.774999618530273,23.75,23.75309944152832,2650.0
2024-03-01 11:01:00,CPRX,17.359800338745117,17.359800338745117,17.360000610351562,17.31999969482422,17.31999969482422,3118.0
2024-03-01 11:01:00,CPSI,9.515000343322754,9.515000343322754,9.520000457763672,9.510000228881836,9.510000228881836,3212.0
2024-03-01 11:01:00,CRBP,31.270000457763672,31.270000457763672,31.270000457763672,31.270000457763672,31.270000457763672,154.0
2024-03-01 11:01:00,CRBU,8.090700149536133,8.090700149536133,8.104999542236328,8.079999923706055,8.079999923706055,4153.0
2024-03-01 11:01:00,CRDF,2.5007998943328857,2.5007998943328857,2.5499000549316406,2.4700000286102295,2.546099901199341,55482.0
2024-03-01 11:01:00,CRDL,1.9299999475479126,1.9299999475479126,1.9299999475479126,1.9299999475479126,1.9299999475479126,0.0
2024-03-01 11:01:00,CRNX,45.814998626708984,45.814998626708984,45.88990020751953,45.65999984741211,45.65999984741211,1805.0
2024-03-01 11:01:00,CRSP,85.91999816894531,85.91999816894531,86.01000213623047,85.9000015258789,85.9000015258789,1533.0
2024-03-01 11:01:00,CSTL,20.15999984741211,20.15999984741211,20.15999984741211,20.15999984741211,20.15999984741211,961.0
2024-03-01 11:01:00,CTKB,8.335000038146973,8.335000038146973,8.34000015258789,8.335000038146973,8.34000015258789,299.0
2024-03-01 11:01:00,CTSO,0.9309999942779541,0.9309999942779541,0.9309999942779541,0.9309999942779541,0.9309999942779541,200.0
2024-03-01 11:01:00,CUE,2.174999952316284,2.174999952316284,2.174999952316284,2.174999952316284,2.174999952316284,805.0
2024-03-01 11:01:00,CUTR,2.3399999141693115,2.3399999141693115,2.3399999141693115,2.3399999141693115,2.3399999141693115,101.0
2024-03-01 11:01:00,CYTK,74.62000274658203,74.62000274658203,74.62000274658203,74.5999984741211,74.5999984741211,861.0
2024-03-01 11:01:00,DAWN,17.469999313354492,17.469999313354492,17.5,17.309999465942383,17.338499069213867,4679.0
2024-03-01 11:01:00,DCPH,17.030000686645508,17.030000686645508,17.049999237060547,17.030000686645508,17.049999237060547,205.0
2024-03-01 11:01:00,DMTK,0.8700000047683716,0.8700000047683716,0.8700000047683716,0.8700000047683716,0.8700000047683716,4000.0
2024-03-01 11:01:00,DNLI,20.84000015258789,20.84000015258789,20.84000015258789,20.7549991607666,20.7549991607666,3438.0
2024-03-01 11:01:00,DTIL,12.830100059509277,12.830100059509277,12.9399995803833,12.829999923706055,12.9350004196167,3031.0
2024-03-01 11:01:00,DVAX,12.795000076293945,12.795000076293945,12.795000076293945,12.795000076293945,12.795000076293945,233.0
2024-03-01 11:01:00,DXCM,118.86000061035156,118.86000061035156,119.06999969482422,118.86000061035156,118.94000244140625,8370.0
2024-03-01 11:01:00,DYN,29.049999237060547,29.049999237060547,29.049999237060547,29.049999237060547,29.049999237060547,1737.0
2024-03-01 11:01:00,EDIT,10.979999542236328,10.979999542236328,10.989999771118164,10.949999809265137,10.949999809265137,17915.0
2024-03-01 11:01:00,ELEV,4.914999961853027,4.914999961853027,4.929999828338623,4.900000095367432,4.926599979400635,1456.0
2024-03-01 11:01:00,EMBC,14.45989990234375,14.45989990234375,14.45989990234375,14.45989990234375,14.45989990234375,703.0
2024-03-01 11:01:00,ENVB,1.659999966621399,1.659999966621399,1.6698999404907227,1.6518000364303589,1.659999966621399,4605.0
2024-03-01 11:01:00,ERAS,2.505000114440918,2.505000114440918,2.505000114440918,2.505000114440918,2.505000114440918,322.0
2024-03-01 11:01:00,ESPR,2.4549999237060547,2.4549999237060547,2.4549999237060547,2.450000047683716,2.4500999450683594,6391.0
2024-03-01 11:01:00,ETNB,12.75,12.75,12.779999732971191,12.728899955749512,12.729999542236328,9260.0
2024-03-01 11:01:00,EVO,7.480000019073486,7.480000019073486,7.480000019073486,7.480000019073486,7.480000019073486,300.0
2024-03-01 11:01:00,EWTX,16.8700008392334,16.8700008392334,16.91990089416504,16.84000015258789,16.91990089416504,5732.0
2024-03-01 11:01:00,EXAS,60.0,60.0,60.02000045776367,59.972999572753906,60.0,3459.0
2024-03-01 11:01:00,EXEL,22.5049991607666,22.5049991607666,22.5049991607666,22.5049991607666,22.5049991607666,346.0
2024-03-01 11:01:00,FATE,7.514999866485596,7.514999866485596,7.519999980926514,7.5,7.514999866485596,5691.0
2024-03-01 11:01:00,FDMT,29.09000015258789,29.09000015258789,29.09000015258789,29.09000015258789,29.09000015258789,177.0
2024-03-01 11:01:00,FGEN,1.7711999416351318,1.7711999416351318,1.7711999416351318,1.7711999416351318,1.7711999416351318,2000.0
2024-03-01 11:01:00,FLGT,23.049999237060547,23.049999237060547,23.092899322509766,23.049999237060547,23.092899322509766,1526.0
2024-03-01 11:01:00,FOLD,13.539999961853027,13.539999961853027,13.539999961853027,13.515000343322754,13.515000343322754,4212.0
2024-03-01 11:01:00,FONR,22.299999237060547,22.299999237060547,22.299999237060547,22.299999237060547,22.299999237060547,191.0
2024-03-01 11:01:00,FULC,10.649999618530273,10.649999618530273,10.649999618530273,10.649999618530273,10.649999618530273,221.0
2024-03-01 11:01:00,FUSN,11.994999885559082,11.994999885559082,12.0,11.970000267028809,11.970000267028809,823.0
2024-03-01 11:01:00,GBIO,2.619999885559082,2.619999885559082,2.619999885559082,2.5899999141693115,2.609999895095825,2835.0
2024-03-01 11:01:00,GCTK,0.29919999837875366,0.29919999837875366,0.29919999837875366,0.296999990940094,0.296999990940094,1200.0
2024-03-01 11:01:00,GDRX,8.279999732971191,8.279999732971191,8.3100004196167,8.279999732971191,8.300000190734863,27816.0
2024-03-01 11:01:00,GERN,2.134999990463257,2.134999990463257,2.140000104904175,2.130000114440918,2.134999990463257,6299.0
2024-03-01 11:01:00,GH,19.270000457763672,19.270000457763672,19.280000686645508,19.2549991607666,19.2549991607666,1924.0
2024-03-01 11:01:00,GILD,72.43499755859375,72.43499755859375,72.44000244140625,72.4000015258789,72.44000244140625,6884.0
2024-03-01 11:01:00,GMDA,0.3797999918460846,0.3797999918460846,0.3799999952316284,0.3797999918460846,0.3799999952316284,3800.0
2024-03-01 11:01:00,GNPX,4.420000076293945,4.420000076293945,4.454999923706055,4.420000076293945,4.454999923706055,327.0
2024-03-01 11:01:00,GOSS,1.3650000095367432,1.3650000095367432,1.3650000095367432,1.3600000143051147,1.3600000143051147,2625.0
2024-03-01 11:01:00,GRFS,7.0,7.0,7.0,6.985000133514404,6.994999885559082,5216.0
2024-03-01 11:01:00,GRTS,2.2200000286102295,2.2200000286102295,2.220099925994873,2.2200000286102295,2.2200000286102295,2600.0
2024-03-01 11:01:00,GTHX,3.446000099182129,3.446000099182129,3.4600000381469727,3.444999933242798,3.4600000381469727,11926.0
2024-03-01 11:01:00,HALO,41.220001220703125,41.220001220703125,41.2400016784668,41.220001220703125,41.22999954223633,818.0
2024-03-01 11:01:00,HARP,22.9325008392334,22.9325008392334,22.9325008392334,22.9325008392334,22.9325008392334,109.0
2024-03-01 11:01:00,HCAT,7.969799995422363,7.969799995422363,7.96999979019165,7.960000038146973,7.96999979019165,1633.0
2024-03-01 11:01:00,HCSG,12.710000038146973,12.710000038146973,12.710000038146973,12.710000038146973,12.710000038146973,137.0
2024-03-01 11:01:00,HITI,1.7699999809265137,1.7699999809265137,1.7799999713897705,1.7699999809265137,1.7799999713897705,6168.0
2024-03-01 11:01:00,HOLX,74.06999969482422,74.06999969482422,74.06999969482422,74.05000305175781,74.06999969482422,1221.0
2024-03-01 11:01:00,HPCO,0.2590000033378601,0.2590000033378601,0.2590000033378601,0.25769999623298645,0.25769999623298645,599.0
2024-03-01 11:01:00,HQY,81.93000030517578,81.93000030517578,81.93000030517578,81.93000030517578,81.93000030517578,180.0
2024-03-01 11:01:00,HRMY,31.420000076293945,31.420000076293945,31.420000076293945,31.420000076293945,31.420000076293945,165.0
2024-03-01 11:01:00,HRTX,2.640000104904175,2.640000104904175,2.640000104904175,2.630000114440918,2.630000114440918,1303.0
2024-03-01 11:01:00,HSIC,77.125,77.125,77.125,77.11000061035156,77.11000061035156,457.0
2024-03-01 11:01:00,HSTM,27.55500030517578,27.55500030517578,27.55500030517578,27.55500030517578,27.55500030517578,617.0
2024-03-01 11:01:00,HUMA,3.1649999618530273,3.1649999618530273,3.1700000762939453,3.1630001068115234,3.1649999618530273,8471.0
2024-03-01 11:01:00,IART,36.70000076293945,36.70000076293945,36.810001373291016,36.70000076293945,36.810001373291016,1152.0
2024-03-01 11:01:00,IBRX,4.834000110626221,4.834000110626221,4.834000110626221,4.824999809265137,4.824999809265137,1508.0
2024-03-01 11:01:00,IDXX,580.9000244140625,580.9000244140625,580.9000244140625,580.625,580.625,1656.0
2024-03-01 11:01:00,IDYA,46.04499816894531,46.04499816894531,46.08000183105469,46.040000915527344,46.06999969482422,1144.0
2024-03-01 11:01:00,IFRX,1.8200000524520874,1.8200000524520874,1.8200000524520874,1.8200000524520874,1.8200000524520874,576.0
2024-03-01 11:01:00,IGMS,13.420000076293945,13.420000076293945,13.420000076293945,13.420000076293945,13.420000076293945,192.0
2024-03-01 11:01:00,IINN,1.6299999952316284,1.6299999952316284,1.6299999952316284,1.6299999952316284,1.6299999952316284,104.0
2024-03-01 11:01:00,ILMN,142.0749969482422,142.0749969482422,142.1199951171875,142.0749969482422,142.11500549316406,2585.0
2024-03-01 11:01:00,IMAB,1.840000033378601,1.840000033378601,1.840000033378601,1.840000033378601,1.840000033378601,0.0
2024-03-01 11:01:00,IMCR,68.13500213623047,68.13500213623047,68.13500213623047,68.13500213623047,68.13500213623047,105.0
2024-03-01 11:01:00,IMMX,3.5199999809265137,3.5199999809265137,3.5199999809265137,3.5199999809265137,3.5199999809265137,200.0
2024-03-01 11:01:00,IMNM,25.1299991607666,25.1299991607666,25.149999618530273,25.079999923706055,25.1200008392334,1462.0
2024-03-01 11:01:00,IMNN,1.0098999738693237,1.0098999738693237,1.0099999904632568,1.0049999952316284,1.009600043296814,3900.0
2024-03-01 11:01:00,IMUX,1.4808000326156616,1.4808000326156616,1.4950000047683716,1.4800000190734863,1.4950000047683716,5013.0
2024-03-01 11:01:00,IMVT,36.119998931884766,36.119998931884766,36.119998931884766,36.10499954223633,36.10499954223633,468.0
2024-03-01 11:01:00,INCY,59.41999816894531,59.41999816894531,59.439998626708984,59.404998779296875,59.43000030517578,2254.0
2024-03-01 11:01:00,INMD,22.959999084472656,22.959999084472656,22.959999084472656,22.940000534057617,22.940000534057617,1579.0
2024-03-01 11:01:00,INSM,28.354999542236328,28.354999542236328,28.354999542236328,28.329999923706055,28.329999923706055,1225.0
2024-03-01 11:01:00,INVA,15.529999732971191,15.529999732971191,15.550000190734863,15.529999732971191,15.529999732971191,1430.0
2024-03-01 11:01:00,INZY,6.465000152587891,6.465000152587891,6.465000152587891,6.465000152587891,6.465000152587891,421.0
2024-03-01 11:01:00,IOBT,1.749899983406067,1.749899983406067,1.749899983406067,1.749899983406067,1.749899983406067,2149.0
2024-03-01 11:01:00,IOVA,16.4950008392334,16.4950008392334,16.53499984741211,16.46500015258789,16.46500015258789,13190.0
2024-03-01 11:01:00,IRWD,8.944999694824219,8.944999694824219,8.954999923706055,8.930100440979004,8.93809986114502,10317.0
2024-03-01 11:01:00,ISRG,391.6199951171875,391.6199951171875,391.79998779296875,391.5899963378906,391.70001220703125,2125.0
2024-03-01 11:01:00,IXHL,5.280099868774414,5.280099868774414,5.280099868774414,5.280099868774414,5.280099868774414,600.0
2024-03-01 11:01:00,JAGX,0.09139999747276306,0.09139999747276306,0.0917000025510788,0.08879999816417694,0.09059999883174896,473531.0
2024-03-01 11:01:00,JANX,46.55500030517578,46.55500030517578,46.55500030517578,46.53499984741211,46.53499984741211,620.0
2024-03-01 11:01:00,JAZZ,120.28500366210938,120.28500366210938,120.69000244140625,120.28500366210938,120.61000061035156,2526.0
2024-03-01 11:01:00,KALV,13.9399995803833,13.9399995803833,13.9399995803833,13.9399995803833,13.9399995803833,100.0
2024-03-01 11:01:00,KOD,6.139999866485596,6.139999866485596,6.139999866485596,6.119999885559082,6.119999885559082,955.0
2024-03-01 11:01:00,KPTI,1.2649999856948853,1.2649999856948853,1.2649999856948853,1.2649999856948853,1.2649999856948853,2330.0
2024-03-01 11:01:00,KRTX,316.5,316.5,316.5199890136719,316.5,316.5199890136719,416.0
2024-03-01 11:01:00,KRYS,167.6999969482422,167.6999969482422,167.7100067138672,167.6999969482422,167.7100067138672,328.0
2024-03-01 11:01:00,KTRA,0.10029999911785126,0.10029999911785126,0.10040000081062317,0.10029999911785126,0.10040000081062317,115101.0
2024-03-01 11:01:00,KYMR,44.099998474121094,44.099998474121094,44.099998474121094,44.099998474121094,44.099998474121094,322.0
2024-03-01 11:01:00,KZR,1.1200000047683716,1.1200000047683716,1.1200000047683716,1.1200000047683716,1.1200000047683716,510.0
2024-03-01 11:01:00,LAB,2.380000114440918,2.380000114440918,2.380000114440918,2.375,2.375,528.0
2024-03-01 11:01:00,LBPH,21.584999084472656,21.584999084472656,21.584999084472656,21.584999084472656,21.584999084472656,200.0
2024-03-01 11:01:00,LEXX,2.630000114440918,2.630000114440918,2.630000114440918,2.6298999786376953,2.6298999786376953,650.0
2024-03-01 11:01:00,LFMD,7.974999904632568,7.974999904632568,7.974999904632568,7.954999923706055,7.96999979019165,1658.0
2024-03-01 11:01:00,LFST,8.005000114440918,8.005000114440918,8.010000228881836,8.0,8.005000114440918,11010.0
2024-03-01 11:01:00,LIAN,4.860000133514404,4.860000133514404,4.860000133514404,4.860000133514404,4.860000133514404,200.0
2024-03-01 11:01:00,LMAT,67.75,67.75,67.75,67.75,67.75,377.0
2024-03-01 11:01:00,LNTH,65.56500244140625,65.56500244140625,65.56500244140625,65.56500244140625,65.56500244140625,578.0
2024-03-01 11:01:00,LTRN,4.7596001625061035,4.7596001625061035,4.7596001625061035,4.7596001625061035,4.7596001625061035,329.0
2024-03-01 11:01:00,LVTX,3.0199999809265137,3.0199999809265137,3.0299999713897705,3.0199999809265137,3.0299999713897705,2635.0
2024-03-01 11:01:00,LXRX,2.4000000953674316,2.4000000953674316,2.4049999713897705,2.390000104904175,2.3949999809265137,27084.0
2024-03-01 11:01:00,LYEL,3.1549999713897705,3.1549999713897705,3.1549999713897705,3.1538000106811523,3.1538000106811523,360.0
2024-03-01 11:01:00,MACK,14.760000228881836,14.760000228881836,14.765000343322754,14.760000228881836,14.760000228881836,927.0
2024-03-01 11:01:00,MBOT,1.2914999723434448,1.2914999723434448,1.2914999723434448,1.2914999723434448,1.2914999723434448,420.0
2024-03-01 11:01:00,MCRB,1.1800999641418457,1.1800999641418457,1.1800999641418457,1.1800999641418457,1.1800999641418457,121.0
2024-03-01 11:01:00,MDGL,240.5399932861328,240.5399932861328,240.5449981689453,240.39999389648438,240.39999389648438,412.0
2024-03-01 11:01:00,MDRX,5.800000190734863,5.800000190734863,5.849999904632568,5.75,5.849999904632568,17787.0
2024-03-01 11:01:00,MDXG,8.505000114440918,8.505000114440918,8.505000114440918,8.505000114440918,8.505000114440918,736.0
2024-03-01 11:01:00,ME,0.5802000164985657,0.5802000164985657,0.5831999778747559,0.5802000164985657,0.582099974155426,52015.0
2024-03-01 11:01:00,MESO,2.0399999618530273,2.0399999618530273,2.0399999618530273,2.0399999618530273,2.0399999618530273,600.0
2024-03-01 11:01:00,MGNX,19.079999923706055,19.079999923706055,19.110000610351562,19.07110023498535,19.100000381469727,2229.0
2024-03-01 11:01:00,MIRM,29.790000915527344,29.790000915527344,29.81999969482422,29.790000915527344,29.81999969482422,999.0
2024-03-01 11:01:00,MIST,1.6950000524520874,1.6950000524520874,1.6950000524520874,1.690000057220459,1.690000057220459,4700.0
2024-03-01 11:01:00,MLTX,51.15999984741211,51.15999984741211,51.15999984741211,51.15999984741211,51.15999984741211,200.0
2024-03-01 11:01:00,MNKD,4.585000038146973,4.585000038146973,4.585000038146973,4.579999923706055,4.579999923706055,1010.0
2024-03-01 11:01:00,MNMD,5.86899995803833,5.86899995803833,5.86899995803833,5.86899995803833,5.86899995803833,250.0
2024-03-01 11:01:00,MOR,17.6299991607666,17.6299991607666,17.6299991607666,17.6200008392334,17.6200008392334,1496.0
2024-03-01 11:01:00,MREO,3.799799919128418,3.799799919128418,3.805000066757202,3.7899999618530273,3.805000066757202,5219.0
2024-03-01 11:01:00,MRNA,95.5,95.5,95.5,95.37999725341797,95.37999725341797,2883.0
2024-03-01 11:01:00,MRSN,5.724999904632568,5.724999904632568,5.764999866485596,5.724999904632568,5.744999885559082,7232.0
2024-03-01 11:01:00,MRUS,49.974998474121094,49.974998474121094,49.974998474121094,49.974998474121094,49.974998474121094,110.0
2024-03-01 11:01:00,MRVI,7.864999771118164,7.864999771118164,7.880000114440918,7.864999771118164,7.880000114440918,716.0
2024-03-01 11:01:00,MXCT,4.78000020980835,4.78000020980835,4.78000020980835,4.78000020980835,4.78000020980835,400.0
2024-03-01 11:01:00,MYGN,21.6200008392334,21.6200008392334,21.6200008392334,21.600000381469727,21.610000610351562,812.0
2024-03-01 11:01:00,NARI,45.209999084472656,45.209999084472656,45.22999954223633,45.11000061035156,45.15999984741211,3642.0
2024-03-01 11:01:00,NBIX,130.61000061035156,130.61000061035156,130.61000061035156,130.61000061035156,130.61000061035156,487.0
2024-03-01 11:01:00,NEO,16.15999984741211,16.15999984741211,16.15999984741211,16.15999984741211,16.15999984741211,125.0
2024-03-01 11:01:00,NERV,2.450000047683716,2.450000047683716,2.450000047683716,2.450000047683716,2.450000047683716,2170.0
2024-03-01 11:01:00,NNOX,11.225000381469727,11.225000381469727,11.239999771118164,11.12600040435791,11.128000259399414,169272.0
2024-03-01 11:01:00,NRXP,0.43700000643730164,0.43700000643730164,0.43700000643730164,0.4325999915599823,0.43479999899864197,9200.0
2024-03-01 11:01:00,NTLA,33.439998626708984,33.439998626708984,33.5099983215332,33.439998626708984,33.47999954223633,2975.0
2024-03-01 11:01:00,NTRA,89.05999755859375,89.05999755859375,89.05999755859375,89.05999755859375,89.05999755859375,365.0
2024-03-01 11:01:00,NUVL,87.41999816894531,87.41999816894531,87.41999816894531,87.33999633789062,87.33999633789062,755.0
2024-03-01 11:01:00,NUWE,0.5789999961853027,0.5789999961853027,0.5789999961853027,0.5789999961853027,0.5789999961853027,2000.0
2024-03-01 11:01:00,NVAX,5.170000076293945,5.170000076293945,5.189899921417236,5.170000076293945,5.179900169372559,12632.0
2024-03-01 11:01:00,NVCR,16.219999313354492,16.219999313354492,16.280000686645508,16.209999084472656,16.280000686645508,3630.0
2024-03-01 11:01:00,NVCT,10.350000381469727,10.350000381469727,10.505000114440918,10.350000381469727,10.5,1606.0
2024-03-01 11:01:00,NVNO,6.420000076293945,6.420000076293945,6.420000076293945,6.420000076293945,6.420000076293945,200.0
2024-03-01 11:01:00,OCGN,0.9179999828338623,0.9179999828338623,0.9179999828338623,0.9179999828338623,0.9179999828338623,4992.0
2024-03-01 11:01:00,OCUL,10.329999923706055,10.329999923706055,10.329999923706055,10.319999694824219,10.319999694824219,544.0
2024-03-01 11:01:00,OFIX,12.949999809265137,12.949999809265137,12.960000038146973,12.949999809265137,12.960000038146973,1171.0
2024-03-01 11:01:00,OLK,22.614999771118164,22.614999771118164,22.6200008392334,22.614999771118164,22.614999771118164,459.0
2024-03-01 11:01:00,OLMA,12.789999961853027,12.789999961853027,12.789999961853027,12.770000457763672,12.770000457763672,220.0
2024-03-01 11:01:00,OM,3.115000009536743,3.115000009536743,3.130000114440918,3.0899999141693115,3.0899999141693115,8260.0
2024-03-01 11:01:00,OMCL,26.459999084472656,26.459999084472656,26.459999084472656,26.459999084472656,26.459999084472656,216.0
2024-03-01 11:01:00,OMGA,4.170000076293945,4.170000076293945,4.170000076293945,4.170000076293945,4.170000076293945,102.0
2024-03-01 11:01:00,OMIC,0.6000000238418579,0.6000000238418579,0.6000000238418579,0.6000000238418579,0.6000000238418579,196.0
2024-03-01 11:01:00,ONCY,1.1291999816894531,1.1291999816894531,1.1291999816894531,1.1273000240325928,1.1273000240325928,685.0
2024-03-01 11:02:00,ABOS,4.675000190734863,4.675000190734863,4.675000190734863,4.675000190734863,4.675000190734863,0.0
2024-03-01 11:02:00,ABSI,5.110000133514404,5.110000133514404,5.114999771118164,5.110000133514404,5.114999771118164,1288.0
2024-03-01 11:02:00,ABUS,2.765000104904175,2.765000104904175,2.765000104904175,2.765000104904175,2.765000104904175,160.0
2024-03-01 11:02:00,ACAD,23.940000534057617,23.940000534057617,23.950000762939453,23.905000686645508,23.920000076293945,4865.0
2024-03-01 11:02:00,ACB,3.0899999141693115,3.0899999141693115,3.0899999141693115,3.0899999141693115,3.0899999141693115,1025.0
2024-03-01 11:02:00,ACCD,10.25,10.25,10.26200008392334,10.25,10.26200008392334,710.0
2024-03-01 11:02:00,ACET,2.369999885559082,2.369999885559082,2.369999885559082,2.369999885559082,2.369999885559082,1539.0
2024-03-01 11:02:00,ACHC,83.96499633789062,83.96499633789062,83.96499633789062,83.91999816894531,83.91999816894531,1550.0
2024-03-01 11:02:00,ACHL,1.3631000518798828,1.3631000518798828,1.3631000518798828,1.3631000518798828,1.3631000518798828,1600.0
2024-03-01 11:02:00,ACHV,4.21999979019165,4.21999979019165,4.230000019073486,4.21999979019165,4.230000019073486,0.0
2024-03-01 11:02:00,ACON,0.3799999952316284,0.3799999952316284,0.38100001215934753,0.3799999952316284,0.38100001215934753,518.0
2024-03-01 11:02:00,ACRS,1.2300000190734863,1.2300000190734863,1.2300000190734863,1.2300000190734863,1.2300000190734863,921.0
2024-03-01 11:02:00,ADIL,3.225800037384033,3.225800037384033,3.289900064468384,3.200000047683716,3.25,73532.0
2024-03-01 11:02:00,ADPT,4.215000152587891,4.215000152587891,4.230000019073486,4.215000152587891,4.230000019073486,1408.0
2024-03-01 11:02:00,ADVM,1.9199999570846558,1.9199999570846558,1.9199999570846558,1.9199999570846558,1.9199999570846558,256.0
2024-03-01 11:02:00,AGEN,0.6672000288963318,0.6672000288963318,0.6672000288963318,0.6671000123023987,0.6671000123023987,13342.0
2024-03-01 11:02:00,AGIO,32.779998779296875,32.779998779296875,32.81999969482422,32.779998779296875,32.81999969482422,385.0
2024-03-01 11:02:00,AGRX,0.8399999737739563,0.8399999737739563,0.8399999737739563,0.8399999737739563,0.8399999737739563,0.0
2024-03-01 11:02:00,AHCO,10.739999771118164,10.739999771118164,10.739999771118164,10.725000381469727,10.729999542236328,1399.0
2024-03-01 11:02:00,AIMD,0.9599999785423279,0.9599999785423279,0.9668999910354614,0.9599999785423279,0.9668999910354614,1600.0
2024-03-01 11:02:00,AIRS,6.5,6.5,6.525000095367432,6.5,6.525000095367432,2535.0
2024-03-01 11:02:00,AKAN,0.25119999051094055,0.25119999051094055,0.25119999051094055,0.25110000371932983,0.25110000371932983,2818.0
2024-03-01 11:02:00,AKBA,1.659999966621399,1.659999966621399,1.659999966621399,1.6510000228881836,1.659999966621399,910.0
2024-03-01 11:02:00,AKRO,29.274999618530273,29.274999618530273,29.274999618530273,29.17460060119629,29.184999465942383,3023.0
2024-03-01 11:02:00,ALDX,4.061999797821045,4.061999797821045,4.065000057220459,4.059999942779541,4.063600063323975,2953.0
2024-03-01 11:02:00,ALEC,7.460000038146973,7.460000038146973,7.5,7.460000038146973,7.5,20879.0
2024-03-01 11:02:00,ALGN,299.69500732421875,299.69500732421875,299.7099914550781,299.69500732421875,299.7099914550781,1269.0
2024-03-01 11:02:00,ALHC,5.829999923706055,5.829999923706055,5.860000133514404,5.820700168609619,5.829999923706055,0.0
2024-03-01 11:02:00,ALKS,30.174999237060547,30.174999237060547,30.190000534057617,30.174999237060547,30.190000534057617,2069.0
2024-03-01 11:02:00,ALLK,1.5800000429153442,1.5800000429153442,1.590000033378601,1.5800000429153442,1.590000033378601,9121.0
2024-03-01 11:02:00,ALLO,4.994999885559082,4.994999885559082,5.005000114440918,4.994999885559082,5.005000114440918,1014.0
2024-03-01 11:02:00,ALNY,155.21499633789062,155.21499633789062,155.21499633789062,155.21499633789062,155.21499633789062,447.0
2024-03-01 11:02:00,ALPN,36.02000045776367,36.02000045776367,36.08000183105469,36.02000045776367,36.08000183105469,701.0
2024-03-01 11:02:00,ALT,12.180000305175781,12.180000305175781,12.229999542236328,12.180000305175781,12.229999542236328,3181.0
2024-03-01 11:02:00,ALVO,15.630000114440918,15.630000114440918,15.630000114440918,15.625,15.625,476.0
2024-03-01 11:02:00,ALVR,0.7534000277519226,0.7534000277519226,0.7534000277519226,0.7534000277519226,0.7534000277519226,508.0
2024-03-01 11:02:00,AMGN,280.4490051269531,280.4490051269531,280.5199890136719,280.44000244140625,280.5150146484375,1453.0
2024-03-01 11:02:00,AMLX,18.81999969482422,18.81999969482422,18.81999969482422,18.81999969482422,18.81999969482422,430.0
2024-03-01 11:02:00,AMRN,1.034999966621399,1.034999966621399,1.034999966621399,1.034999966621399,1.034999966621399,300.0
2024-03-01 11:02:00,ANNX,5.920000076293945,5.920000076293945,5.96999979019165,5.920000076293945,5.920000076293945,566.0
2024-03-01 11:02:00,APLS,64.44999694824219,64.44999694824219,64.44999694824219,63.849998474121094,63.849998474121094,3888.0
2024-03-01 11:02:00,APLT,7.110000133514404,7.110000133514404,7.110000133514404,7.090000152587891,7.099999904632568,3646.0
2024-03-01 11:02:00,APYX,2.100600004196167,2.100600004196167,2.100600004196167,2.100600004196167,2.100600004196167,2034.0
2024-03-01 11:02:00,AQST,4.228700160980225,4.228700160980225,4.235000133514404,4.228700160980225,4.230100154876709,2752.0
2024-03-01 11:02:00,ARAY,2.611299991607666,2.611299991607666,2.615000009536743,2.611299991607666,2.611299991607666,978.0
2024-03-01 11:02:00,ARDX,9.53499984741211,9.53499984741211,9.539999961853027,9.53499984741211,9.539999961853027,3152.0
2024-03-01 11:02:00,ARQT,11.10990047454834,11.10990047454834,11.119999885559082,11.079999923706055,11.100000381469727,5374.0
2024-03-01 11:02:00,ARVN,50.08000183105469,50.08000183105469,50.27009963989258,50.08000183105469,50.20500183105469,1784.0
2024-03-01 11:02:00,ARWR,35.13999938964844,35.13999938964844,35.13999938964844,35.03010177612305,35.03010177612305,1781.0
2024-03-01 11:02:00,ASND,149.11000061035156,149.11000061035156,149.11000061035156,149.11000061035156,149.11000061035156,176.0
2024-03-01 11:02:00,ATAI,2.005000114440918,2.005000114440918,2.005000114440918,2.005000114440918,2.005000114440918,173.0
2024-03-01 11:02:00,ATEC,13.487500190734863,13.487500190734863,13.487500190734863,13.484999656677246,13.484999656677246,483.0
2024-03-01 11:02:00,ATXS,15.0600004196167,15.0600004196167,15.0600004196167,15.0600004196167,15.0600004196167,254.0
2024-03-01 11:02:00,AUGX,4.559999942779541,4.559999942779541,4.559999942779541,4.559999942779541,4.559999942779541,201.0
2024-03-01 11:02:00,AURA,9.300000190734863,9.300000190734863,9.300000190734863,9.300000190734863,9.300000190734863,135.0
2024-03-01 11:02:00,AUTL,6.164999961853027,6.164999961853027,6.164999961853027,6.159999847412109,6.159999847412109,528.0
2024-03-01 11:02:00,AVDL,12.760000228881836,12.760000228881836,12.760000228881836,12.760000228881836,12.760000228881836,545.0
2024-03-01 11:02:00,AXGN,10.529999732971191,10.529999732971191,10.529999732971191,10.529000282287598,10.529000282287598,217.0
2024-03-01 11:02:00,AXNX,67.33999633789062,67.33999633789062,67.3499984741211,67.33999633789062,67.3499984741211,793.0
2024-03-01 11:02:00,AZN,64.66000366210938,64.66000366210938,64.68000030517578,64.6594009399414,64.66999816894531,3346.0
2024-03-01 11:02:00,AZTA,66.48999786376953,66.48999786376953,66.48999786376953,66.48999786376953,66.48999786376953,300.0
2024-03-01 11:02:00,BBIO,36.06999969482422,36.06999969482422,36.109901428222656,36.06999969482422,36.109901428222656,979.0
2024-03-01 11:02:00,BBLG,2.4100000858306885,2.4100000858306885,2.450000047683716,2.4000000953674316,2.431999921798706,2316.0
2024-03-01 11:02:00,BCRX,5.860000133514404,5.860000133514404,5.889999866485596,5.860000133514404,5.889999866485596,3691.0
2024-03-01 11:02:00,BDSX,1.6486999988555908,1.6486999988555908,1.6486999988555908,1.6486999988555908,1.6486999988555908,400.0
2024-03-01 11:02:00,BDTX,5.050000190734863,5.050000190734863,5.059999942779541,5.03000020980835,5.03000020980835,799.0
2024-03-01 11:02:00,BEAM,40.38999938964844,40.38999938964844,40.46009826660156,40.38999938964844,40.46009826660156,2291.0
2024-03-01 11:02:00,BIOR,1.25,1.25,1.25,1.25,1.25,140.0
2024-03-01 11:02:00,BIVI,2.1898999214172363,2.1898999214172363,2.2200000286102295,2.1700000762939453,2.2100000381469727,139222.0
2024-03-01 11:02:00,BLFS,17.899999618530273,17.899999618530273,17.899999618530273,17.854999542236328,17.854999542236328,550.0
2024-03-01 11:02:00,BLRX,1.3899999856948853,1.3899999856948853,1.3899999856948853,1.3899999856948853,1.3899999856948853,103.0
2024-03-01 11:02:00,BLUE,1.590000033378601,1.590000033378601,1.5961999893188477,1.5800000429153442,1.5961999893188477,67233.0
2024-03-01 11:02:00,BMRA,1.2110999822616577,1.2110999822616577,1.2110999822616577,1.2110999822616577,1.2110999822616577,801.0
2024-03-01 11:02:00,BMRN,86.66999816894531,86.66999816894531,86.66999816894531,86.66999816894531,86.66999816894531,350.0
2024-03-01 11:02:00,BNGO,1.2519999742507935,1.2519999742507935,1.2519999742507935,1.2519999742507935,1.2519999742507935,312.0
2024-03-01 11:02:00,BNOX,1.2496999502182007,1.2496999502182007,1.2496999502182007,1.2496999502182007,1.2496999502182007,0.0
2024-03-01 11:02:00,BNTX,91.77999877929688,91.77999877929688,91.91000366210938,91.77999877929688,91.91000366210938,689.0
2024-03-01 11:02:00,BPMC,96.71499633789062,96.71499633789062,96.7699966430664,96.44000244140625,96.52999877929688,3152.0
2024-03-01 11:02:00,BRKR,87.87000274658203,87.87000274658203,87.9000015258789,87.84500122070312,87.88999938964844,2236.0
2024-03-01 11:02:00,BRTX,1.5,1.5,1.5,1.5,1.5,630.0
2024-03-01 11:02:00,BTCY,0.9405999779701233,0.9405999779701233,0.9405999779701233,0.9405999779701233,0.9405999779701233,200.0
2024-03-01 11:02:00,BTMD,6.039999961853027,6.039999961853027,6.039999961853027,6.03000020980835,6.03000020980835,1077.0
2024-03-01 11:02:00,BTTX,0.16769999265670776,0.16769999265670776,0.16899999976158142,0.16769999265670776,0.1678999960422516,14400.0
2024-03-01 11:02:00,CABA,23.950000762939453,23.950000762939453,23.989999771118164,23.950000762939453,23.989999771118164,229.0
2024-03-01 11:02:00,CADL,1.7920000553131104,1.7920000553131104,1.7920000553131104,1.7920000553131104,1.7920000553131104,227.0
2024-03-01 11:02:00,CARA,0.9200000166893005,0.9200000166893005,0.9200000166893005,0.9200000166893005,0.9200000166893005,1383.0
2024-03-01 11:02:00,CBAY,32.22999954223633,32.22999954223633,32.22999954223633,32.224998474121094,32.22999954223633,2063.0
2024-03-01 11:02:00,CCCC,11.045100212097168,11.045100212097168,11.069999694824219,11.045000076293945,11.061200141906738,3432.0
2024-03-01 11:02:00,CCRN,18.010000228881836,18.010000228881836,18.010000228881836,18.010000228881836,18.010000228881836,140.0
2024-03-01 11:02:00,CDMO,8.210000038146973,8.210000038146973,8.210000038146973,8.210000038146973,8.210000038146973,200.0
2024-03-01 11:02:00,CDNA,12.300000190734863,12.300000190734863,12.300000190734863,12.260000228881836,12.270000457763672,1414.0
2024-03-01 11:02:00,CDXC,1.6299999952316284,1.6299999952316284,1.6299999952316284,1.6299999952316284,1.6299999952316284,42.0
2024-03-01 11:02:00,CDXS,4.460000038146973,4.460000038146973,4.460000038146973,4.440000057220459,4.440000057220459,1642.0
2024-03-01 11:02:00,CELU,3.700000047683716,3.700000047683716,3.7100000381469727,3.700000047683716,3.7100000381469727,4353.0
2024-03-01 11:02:00,CERE,41.2333984375,41.2333984375,41.2333984375,41.189998626708984,41.189998626708984,1597.0
2024-03-01 11:02:00,CERS,2.2100000381469727,2.2100000381469727,2.2100000381469727,2.2100000381469727,2.2100000381469727,4490.0
2024-03-01 11:02:00,CGC,3.259999990463257,3.259999990463257,3.2699999809265137,3.259999990463257,3.2699999809265137,5769.0
2024-03-01 11:02:00,CGEN,2.6835999488830566,2.6835999488830566,2.6835999488830566,2.6835999488830566,2.6835999488830566,35.0
2024-03-01 11:02:00,CHRS,2.3299999237060547,2.3299999237060547,2.3299999237060547,2.325000047683716,2.325000047683716,820.0
2024-03-01 11:02:00,CING,1.499899983406067,1.499899983406067,1.5,1.4199999570846558,1.434999942779541,10474.0
2024-03-01 11:02:00,CLDX,52.540000915527344,52.540000915527344,52.58000183105469,52.540000915527344,52.58000183105469,716.0
2024-03-01 11:02:00,CLOV,0.8628000020980835,0.8628000020980835,0.8628000020980835,0.8626999855041504,0.8628000020980835,12400.0
2024-03-01 11:02:00,CLRB,4.070000171661377,4.070000171661377,4.070000171661377,4.070000171661377,4.070000171661377,103.0
2024-03-01 11:02:00,CMPS,10.904999732971191,10.904999732971191,10.904999732971191,10.904999732971191,10.904999732971191,525.0
2024-03-01 11:02:00,CMPX,1.909999966621399,1.909999966621399,1.909999966621399,1.909999966621399,1.909999966621399,120.0
2024-03-01 11:02:00,CNSP,0.32010000944137573,0.32010000944137573,0.32010000944137573,0.32010000944137573,0.32010000944137573,0.0
2024-03-01 11:02:00,CNTA,10.600000381469727,10.600000381469727,10.640000343322754,10.59000015258789,10.600000381469727,2637.0
2024-03-01 11:02:00,COGT,7.199999809265137,7.199999809265137,7.21999979019165,7.199999809265137,7.21999979019165,1190.0
2024-03-01 11:02:00,COLL,37.13999938964844,37.13999938964844,37.185001373291016,37.099998474121094,37.185001373291016,1443.0
2024-03-01 11:02:00,CORT,23.760000228881836,23.760000228881836,23.760000228881836,23.75,23.760000228881836,1157.0
2024-03-01 11:02:00,CPRX,17.37929916381836,17.37929916381836,17.37929916381836,17.34000015258789,17.354999542236328,3048.0
2024-03-01 11:02:00,CPSI,9.5,9.5,9.569999694824219,9.5,9.510000228881836,2146.0
2024-03-01 11:02:00,CRBU,8.09000015258789,8.09000015258789,8.09000015258789,8.085000038146973,8.09000015258789,79.0
2024-03-01 11:02:00,CRDF,2.5,2.5,2.515199899673462,2.48009991645813,2.5143001079559326,18577.0
2024-03-01 11:02:00,CRDL,1.9219000339508057,1.9219000339508057,1.9280999898910522,1.9219000339508057,1.9280999898910522,2157.0
2024-03-01 11:02:00,CRNX,45.689998626708984,45.689998626708984,45.75,45.68000030517578,45.75,939.0
2024-03-01 11:02:00,CRON,2.049999952316284,2.049999952316284,2.049999952316284,2.049999952316284,2.049999952316284,162.0
2024-03-01 11:02:00,CRSP,85.8550033569336,85.8550033569336,85.8550033569336,85.8550033569336,85.8550033569336,314.0
2024-03-01 11:02:00,CSTL,19.969999313354492,19.969999313354492,20.1299991607666,19.969999313354492,20.1200008392334,2914.0
2024-03-01 11:02:00,CTKB,8.3100004196167,8.3100004196167,8.319999694824219,8.3100004196167,8.319999694824219,1166.0
2024-03-01 11:02:00,CTMX,2.5,2.5,2.5,2.497999906539917,2.497999906539917,300.0
2024-03-01 11:02:00,CTXR,0.7849000096321106,0.7849000096321106,0.7849000096321106,0.7849000096321106,0.7849000096321106,273.0
2024-03-01 11:02:00,CUTR,2.3399999141693115,2.3399999141693115,2.3399999141693115,2.3399999141693115,2.3399999141693115,372.0
2024-03-01 11:02:00,CVAC,3.450000047683716,3.450000047683716,3.4600000381469727,3.450000047683716,3.4600000381469727,796.0
2024-03-01 11:02:00,CYTK,74.66000366210938,74.66000366210938,74.66000366210938,74.66000366210938,74.66000366210938,487.0
2024-03-01 11:02:00,CYTO,2.1026999950408936,2.1026999950408936,2.119999885559082,2.0999999046325684,2.119999885559082,4131.0
2024-03-01 11:02:00,DARE,0.5777999758720398,0.5777999758720398,0.5777999758720398,0.5777999758720398,0.5777999758720398,1353.0
2024-03-01 11:02:00,DAWN,17.46500015258789,17.46500015258789,17.489999771118164,17.459999084472656,17.479999542236328,864.0
2024-03-01 11:02:00,DCGO,4.119999885559082,4.119999885559082,4.130000114440918,4.114999771118164,4.119999885559082,10752.0
2024-03-01 11:02:00,DCPH,17.045000076293945,17.045000076293945,17.045000076293945,17.045000076293945,17.045000076293945,269.0
2024-03-01 11:02:00,DH,9.100000381469727,9.100000381469727,9.100000381469727,9.100000381469727,9.100000381469727,200.0
2024-03-01 11:02:00,DMTK,0.8700000047683716,0.8700000047683716,0.8700000047683716,0.8698999881744385,0.8700000047683716,0.0
2024-03-01 11:02:00,DNLI,20.78499984741211,20.78499984741211,20.790000915527344,20.78499984741211,20.790000915527344,1363.0
2024-03-01 11:02:00,DRIO,2.009999990463257,2.009999990463257,2.009999990463257,2.009999990463257,2.009999990463257,200.0
2024-03-01 11:02:00,DTIL,12.829999923706055,12.829999923706055,12.877300262451172,12.829999923706055,12.877300262451172,1840.0
2024-03-01 11:02:00,DVAX,12.789999961853027,12.789999961853027,12.789999961853027,12.78499984741211,12.789999961853027,1024.0
2024-03-01 11:02:00,DXCM,119.02999877929688,119.02999877929688,119.02999877929688,118.76000213623047,118.87000274658203,15592.0
2024-03-01 11:02:00,DYN,28.93000030517578,28.93000030517578,29.030000686645508,28.780500411987305,28.959999084472656,4582.0
2024-03-01 11:02:00,EDIT,10.999899864196777,10.999899864196777,11.0,10.989999771118164,11.0,8261.0
2024-03-01 11:02:00,ELEV,4.909999847412109,4.909999847412109,4.96999979019165,4.909999847412109,4.9243998527526855,12532.0
2024-03-01 11:02:00,EMBC,14.460000038146973,14.460000038146973,14.460000038146973,14.460000038146973,14.460000038146973,116.0
2024-03-01 11:02:00,ENSC,0.9203000068664551,0.9203000068664551,0.9203000068664551,0.9203000068664551,0.9203000068664551,322.0
2024-03-01 11:02:00,ENSG,124.12000274658203,124.12000274658203,124.12000274658203,124.12000274658203,124.12000274658203,208.0
2024-03-01 11:02:00,ENVB,1.6500999927520752,1.6500999927520752,1.6699999570846558,1.649999976158142,1.6649999618530273,9720.0
2024-03-01 11:02:00,ESPR,2.4574999809265137,2.4574999809265137,2.4574999809265137,2.4500999450683594,2.4500999450683594,1901.0
2024-03-01 11:02:00,ESTA,45.665000915527344,45.665000915527344,45.720001220703125,45.665000915527344,45.70000076293945,1427.0
2024-03-01 11:02:00,ETNB,12.8100004196167,12.8100004196167,12.829999923706055,12.8100004196167,12.829999923706055,2456.0
2024-03-01 11:02:00,EWTX,16.884199142456055,16.884199142456055,16.884199142456055,16.860000610351562,16.875,2099.0
2024-03-01 11:02:00,EXAS,59.97999954223633,59.97999954223633,59.97999954223633,59.959999084472656,59.970001220703125,684.0
2024-03-01 11:02:00,EXEL,22.510000228881836,22.510000228881836,22.514999389648438,22.510000228881836,22.510000228881836,3412.0
2024-03-01 11:02:00,FATE,7.494999885559082,7.494999885559082,7.514999866485596,7.494999885559082,7.514999866485596,1045.0
2024-03-01 11:02:00,FBIO,2.259999990463257,2.259999990463257,2.259999990463257,2.240000009536743,2.240000009536743,580.0
2024-03-01 11:02:00,FDMT,29.010099411010742,29.010099411010742,29.040000915527344,29.010099411010742,29.040000915527344,329.0
2024-03-01 11:02:00,FEMY,1.7300000190734863,1.7300000190734863,1.7300000190734863,1.7210999727249146,1.729699969291687,1700.0
2024-03-01 11:02:00,FGEN,1.7799999713897705,1.7799999713897705,1.7799999713897705,1.774999976158142,1.774999976158142,0.0
2024-03-01 11:02:00,FIXX,0.9398999810218811,0.9398999810218811,0.9398999810218811,0.9398999810218811,0.9398999810218811,1300.0
2024-03-01 11:02:00,FOLD,13.53499984741211,13.53499984741211,13.539999961853027,13.53499984741211,13.539999961853027,970.0
2024-03-01 11:02:00,FULC,10.65999984741211,10.65999984741211,10.65999984741211,10.65999984741211,10.65999984741211,581.0
2024-03-01 11:02:00,FUSN,12.015000343322754,12.015000343322754,12.029999732971191,11.994999885559082,11.994999885559082,459.0
2024-03-01 11:02:00,GCTK,0.30000001192092896,0.30000001192092896,0.30000001192092896,0.30000001192092896,0.30000001192092896,72.0
2024-03-01 11:02:00,GDRX,8.270000457763672,8.270000457763672,8.289199829101562,8.239999771118164,8.289199829101562,18982.0
2024-03-01 11:02:00,GERN,2.134999990463257,2.134999990463257,2.140000104904175,2.130000114440918,2.134999990463257,6116.0
2024-03-01 11:02:00,GH,19.260000228881836,19.260000228881836,19.274999618530273,19.260000228881836,19.274999618530273,915.0
2024-03-01 11:02:00,GILD,72.4000015258789,72.4000015258789,72.46499633789062,72.375,72.43499755859375,8519.0
2024-03-01 11:02:00,GLYC,2.940000057220459,2.940000057220459,2.940000057220459,2.940000057220459,2.940000057220459,135.0
2024-03-01 11:02:00,GMAB,29.264999389648438,29.264999389648438,29.264999389648438,29.25,29.25,477.0
2024-03-01 11:02:00,GOSS,1.3600000143051147,1.3600000143051147,1.3687000274658203,1.3600000143051147,1.3600000143051147,1452.0
2024-03-01 11:02:00,GRFS,7.005000114440918,7.005000114440918,7.010000228881836,7.0,7.010000228881836,2460.0
2024-03-01 11:02:00,GRPH,3.5,3.5,3.5,3.494999885559082,3.494999885559082,1075.0
2024-03-01 11:02:00,GRTS,2.2100000381469727,2.2100000381469727,2.2295000553131104,2.2100000381469727,2.2295000553131104,9254.0
2024-03-01 11:02:00,GRTX,0.23090000450611115,0.23090000450611115,0.23090000450611115,0.23090000450611115,0.23090000450611115,14921.0
2024-03-01 11:02:00,GTHX,3.444999933242798,3.444999933242798,3.449899911880493,3.440000057220459,3.444999933242798,1843.0
2024-03-01 11:02:00,HALO,41.25,41.25,41.27000045776367,41.22999954223633,41.23500061035156,2890.0
2024-03-01 11:02:00,HARP,22.93000030517578,22.93000030517578,22.93000030517578,22.93000030517578,22.93000030517578,200.0
2024-03-01 11:02:00,HCAT,7.960000038146973,7.960000038146973,7.960000038146973,7.960000038146973,7.960000038146973,269.0
2024-03-01 11:02:00,HCSG,12.710000038146973,12.710000038146973,12.710000038146973,12.710000038146973,12.710000038146973,334.0
2024-03-01 11:02:00,HCTI,2.390000104904175,2.390000104904175,2.390000104904175,2.38919997215271,2.38919997215271,962.0
2024-03-01 11:02:00,HITI,1.7699999809265137,1.7699999809265137,1.7843999862670898,1.7699999809265137,1.7843999862670898,2336.0
2024-03-01 11:02:00,HOLX,74.11000061035156,74.11000061035156,74.11000061035156,74.08999633789062,74.0999984741211,1001.0
2024-03-01 11:02:00,HOOK,0.7847999930381775,0.7847999930381775,0.7847999930381775,0.7847999930381775,0.7847999930381775,0.0
2024-03-01 11:02:00,HPCO,0.25,0.25,0.2554999887943268,0.25,0.2554999887943268,1734.0
2024-03-01 11:02:00,HRMY,31.469999313354492,31.469999313354492,31.469999313354492,31.459999084472656,31.459999084472656,1093.0
2024-03-01 11:02:00,HROW,10.8100004196167,10.8100004196167,10.8100004196167,10.800000190734863,10.800000190734863,417.0
2024-03-01 11:02:00,HRTX,2.6449999809265137,2.6449999809265137,2.6500000953674316,2.640000104904175,2.640000104904175,3919.0
2024-03-01 11:02:00,HSIC,77.12999725341797,77.12999725341797,77.12999725341797,77.12999725341797,77.12999725341797,192.0
2024-03-01 11:02:00,HUMA,3.174999952316284,3.174999952316284,3.174999952316284,3.170099973678589,3.171299934387207,1477.0
2024-03-01 11:02:00,IART,36.7400016784668,36.7400016784668,36.75,36.70000076293945,36.70000076293945,9468.0
2024-03-01 11:02:00,IBRX,4.820000171661377,4.820000171661377,4.826900005340576,4.820000171661377,4.826900005340576,616.0
2024-03-01 11:02:00,ICCC,5.369999885559082,5.369999885559082,5.369999885559082,5.369999885559082,5.369999885559082,313.0
2024-03-01 11:02:00,ICCM,1.3200000524520874,1.3200000524520874,1.3200000524520874,1.3200000524520874,1.3200000524520874,200.0
2024-03-01 11:02:00,ICUI,107.2300033569336,107.2300033569336,107.25499725341797,107.2300033569336,107.25499725341797,240.0
2024-03-01 11:02:00,IDYA,45.92499923706055,45.92499923706055,46.029998779296875,45.92499923706055,46.029998779296875,1213.0
2024-03-01 11:02:00,ILMN,141.7100067138672,141.7100067138672,141.85000610351562,141.69500732421875,141.85000610351562,766.0
2024-03-01 11:02:00,IMMX,3.5199999809265137,3.5199999809265137,3.5450000762939453,3.5199999809265137,3.5450000762939453,332.0
2024-03-01 11:02:00,IMNM,25.135000228881836,25.135000228881836,25.135000228881836,25.135000228881836,25.135000228881836,603.0
2024-03-01 11:02:00,IMNN,1.0399999618530273,1.0399999618530273,1.0399999618530273,1.0099999904632568,1.0099999904632568,1221.0
2024-03-01 11:02:00,IMTX,13.050000190734863,13.050000190734863,13.09000015258789,13.050000190734863,13.050000190734863,7384.0
2024-03-01 11:02:00,IMUX,1.4891999959945679,1.4891999959945679,1.4891999959945679,1.4800000190734863,1.4800000190734863,8689.0
2024-03-01 11:02:00,IMVT,36.119998931884766,36.119998931884766,36.14289855957031,36.119998931884766,36.119998931884766,642.0
2024-03-01 11:02:00,INCY,59.43000030517578,59.43000030517578,59.45000076293945,59.43000030517578,59.45000076293945,605.0
2024-03-01 11:02:00,INGN,6.784999847412109,6.784999847412109,6.784999847412109,6.784999847412109,6.784999847412109,264.0
2024-03-01 11:02:00,INMD,22.950000762939453,22.950000762939453,22.969900131225586,22.950000762939453,22.969900131225586,356.0
2024-03-01 11:02:00,INVA,15.555000305175781,15.555000305175781,15.5600004196167,15.53499984741211,15.53499984741211,2066.0
2024-03-01 11:02:00,IOBT,1.75,1.75,1.75,1.75,1.75,900.0
2024-03-01 11:02:00,IONS,45.92499923706055,45.92499923706055,45.92499923706055,45.904998779296875,45.904998779296875,362.0
2024-03-01 11:02:00,IOVA,16.485000610351562,16.485000610351562,16.510000228881836,16.485000610351562,16.5,4658.0
2024-03-01 11:02:00,IRTC,120.0999984741211,120.0999984741211,120.0999984741211,120.0999984741211,120.0999984741211,209.0
2024-03-01 11:02:00,IRWD,8.944999694824219,8.944999694824219,8.954999923706055,8.944999694824219,8.949999809265137,6367.0
2024-03-01 11:02:00,ISRG,391.79998779296875,391.79998779296875,391.79998779296875,391.618896484375,391.618896484375,1845.0
2024-03-01 11:02:00,ITCI,71.16500091552734,71.16500091552734,71.16500091552734,71.12000274658203,71.16000366210938,1436.0
2024-03-01 11:02:00,ITOS,10.729999542236328,10.729999542236328,10.729999542236328,10.729999542236328,10.729999542236328,165.0
2024-03-01 11:02:00,ITRM,1.225000023841858,1.225000023841858,1.2295000553131104,1.225000023841858,1.2295000553131104,2907.0
2024-03-01 11:02:00,IVVD,4.019999980926514,4.019999980926514,4.019999980926514,4.019999980926514,4.019999980926514,180.0
2024-03-01 11:02:00,JAGX,0.08940000087022781,0.08940000087022781,0.09139999747276306,0.08900000154972076,0.0908999964594841,506246.0
2024-03-01 11:02:00,JANX,46.41999816894531,46.41999816894531,46.470001220703125,46.41999816894531,46.470001220703125,2234.0
2024-03-01 11:02:00,JAZZ,120.2874984741211,120.2874984741211,120.2874984741211,120.2874984741211,120.2874984741211,190.0
2024-03-01 11:02:00,KALV,13.9399995803833,13.9399995803833,13.9399995803833,13.9399995803833,13.9399995803833,242.0
2024-03-01 11:02:00,KNTE,2.615000009536743,2.615000009536743,2.615000009536743,2.615000009536743,2.615000009536743,200.0
2024-03-01 11:02:00,KOD,6.125,6.125,6.125,6.125,6.125,312.0
2024-03-01 11:02:00,KRON,1.0399999618530273,1.0399999618530273,1.0399999618530273,1.0399999618530273,1.0399999618530273,265.0
2024-03-01 11:02:00,KROS,69.05500030517578,69.05500030517578,69.05500030517578,68.87999725341797,68.87999725341797,573.0
2024-03-01 11:02:00,KRYS,167.61000061035156,167.61000061035156,167.61000061035156,167.61000061035156,167.61000061035156,156.0
2024-03-01 11:02:00,KTRA,0.10090000182390213,0.10090000182390213,0.10199999809265137,0.10080000013113022,0.10109999775886536,10172.0
2024-03-01 11:02:00,KTTA,7.820000171661377,7.820000171661377,7.820000171661377,7.820000171661377,7.820000171661377,122.0
2024-03-01 11:02:00,KURA,21.239999771118164,21.239999771118164,21.239999771118164,21.239999771118164,21.239999771118164,313.0
2024-03-01 11:02:00,KYMR,44.10499954223633,44.10499954223633,44.10499954223633,44.10499954223633,44.10499954223633,325.0
2024-03-01 11:02:00,KZR,1.1200000047683716,1.1200000047683716,1.1298999786376953,1.1200000047683716,1.1298999786376953,6238.0
2024-03-01 11:02:00,LAB,2.380000114440918,2.380000114440918,2.380000114440918,2.380000114440918,2.380000114440918,476.0
2024-03-01 11:02:00,LBPH,21.625,21.625,21.725000381469727,21.625,21.725000381469727,105.0
2024-03-01 11:02:00,LEGN,65.86000061035156,65.86000061035156,65.86000061035156,65.86000061035156,65.86000061035156,269.0
2024-03-01 11:02:00,LEXX,2.640000104904175,2.640000104904175,2.640000104904175,2.6210999488830566,2.6210999488830566,2273.0
2024-03-01 11:02:00,LFMD,7.985000133514404,7.985000133514404,7.985000133514404,7.960000038146973,7.960000038146973,333.0
2024-03-01 11:02:00,LFST,7.989999771118164,7.989999771118164,8.005000114440918,7.989999771118164,8.005000114440918,1676.0
2024-03-01 11:02:00,LGVN,0.5401999950408936,0.5401999950408936,0.5401999950408936,0.5401999950408936,0.5401999950408936,200.0
2024-03-01 11:02:00,LIAN,4.860000133514404,4.860000133514404,4.860000133514404,4.860000133514404,4.860000133514404,486.0
2024-03-01 11:02:00,LIVN,54.939998626708984,54.939998626708984,54.939998626708984,54.93000030517578,54.93000030517578,330.0
2024-03-01 11:02:00,LMAT,67.61000061035156,67.61000061035156,67.61000061035156,67.61000061035156,67.61000061035156,274.0
2024-03-01 11:02:00,LRMR,11.079999923706055,11.079999923706055,11.079999923706055,11.0,11.055000305175781,760.0
2024-03-01 11:02:00,LUCD,1.2101000547409058,1.2101000547409058,1.2101000547409058,1.2101000547409058,1.2101000547409058,190.0
2024-03-01 11:02:00,LUNG,9.210000038146973,9.210000038146973,9.220000267028809,9.210000038146973,9.210000038146973,2590.0
2024-03-01 11:02:00,LVTX,3.0299999713897705,3.0299999713897705,3.0299999713897705,3.0199999809265137,3.0199999809265137,217.0
2024-03-01 11:02:00,LXRX,2.390000104904175,2.390000104904175,2.4000000953674316,2.390000104904175,2.4000000953674316,13289.0
2024-03-01 11:02:00,LYEL,3.140000104904175,3.140000104904175,3.1500000953674316,3.140000104904175,3.1500000953674316,25762.0
2024-03-01 11:02:00,MCRB,1.1899000406265259,1.1899000406265259,1.1899000406265259,1.1899000406265259,1.1899000406265259,653.0
2024-03-01 11:02:00,MDGL,240.5399932861328,240.5399932861328,240.5399932861328,240.5399932861328,240.5399932861328,343.0
2024-03-01 11:02:00,MDRX,5.800000190734863,5.800000190734863,5.800000190734863,5.75,5.800000190734863,13472.0
2024-03-01 11:02:00,MDXG,8.505000114440918,8.505000114440918,8.507499694824219,8.503499984741211,8.505000114440918,346.0
2024-03-01 11:02:00,MDXH,3.609999895095825,3.609999895095825,3.619999885559082,3.5799999237060547,3.619999885559082,1371.0
2024-03-01 11:02:00,ME,0.5813000202178955,0.5813000202178955,0.5849999785423279,0.5803999900817871,0.5803999900817871,82224.0
2024-03-01 11:02:00,MESO,2.0399999618530273,2.0399999618530273,2.0399999618530273,2.0399999618530273,2.0399999618530273,0.0
2024-03-01 11:02:00,MGNX,19.155000686645508,19.155000686645508,19.155000686645508,19.145000457763672,19.149999618530273,1806.0
2024-03-01 11:02:00,MGTX,6.244999885559082,6.244999885559082,6.244999885559082,6.244999885559082,6.244999885559082,300.0
2024-03-01 11:02:00,MIRM,29.75,29.75,29.75,29.75,29.75,504.0
2024-03-01 11:02:00,MIST,1.6950000524520874,1.6950000524520874,1.7000000476837158,1.6950000524520874,1.6950000524520874,950.0
2024-03-01 11:02:00,MLTX,51.165000915527344,51.165000915527344,51.209999084472656,51.13999938964844,51.13999938964844,2738.0
2024-03-01 11:02:00,MMSI,76.16000366210938,76.16000366210938,76.16000366210938,76.16000366210938,76.16000366210938,474.0
2024-03-01 11:02:00,MNKD,4.5894999504089355,4.5894999504089355,4.5894999504089355,4.585000038146973,4.585000038146973,200.0
2024-03-01 11:02:00,MNMD,5.864999771118164,5.864999771118164,5.864999771118164,5.860000133514404,5.860000133514404,370.0
2024-03-01 11:02:00,MODD,1.9198999404907227,1.9198999404907227,1.9198999404907227,1.9049999713897705,1.9049999713897705,4683.0
2024-03-01 11:02:00,MODV,27.844999313354492,27.844999313354492,27.844999313354492,27.844999313354492,27.844999313354492,5010.0
2024-03-01 11:02:00,MREO,3.7950000762939453,3.7950000762939453,3.809999942779541,3.7950000762939453,3.799999952316284,4674.0
2024-03-01 11:02:00,MRNA,95.47000122070312,95.47000122070312,95.56999969482422,95.36000061035156,95.56999969482422,6288.0
2024-03-01 11:02:00,MRNS,9.760000228881836,9.760000228881836,9.768400192260742,9.760000228881836,9.768400192260742,640.0
2024-03-01 11:02:00,MRSN,5.724999904632568,5.724999904632568,5.735000133514404,5.71999979019165,5.730000019073486,4102.0
2024-03-01 11:02:00,MRUS,49.95500183105469,49.95500183105469,50.099998474121094,49.94499969482422,49.959999084472656,1000.0
2024-03-01 11:02:00,MRVI,7.855000019073486,7.855000019073486,7.860000133514404,7.855000019073486,7.860000133514404,2300.0
2024-03-01 11:02:00,MXCT,4.78000020980835,4.78000020980835,4.789999961853027,4.78000020980835,4.789999961853027,953.0
2024-03-01 11:02:00,MYGN,21.559999465942383,21.559999465942383,21.59000015258789,21.559999465942383,21.59000015258789,1130.0
2024-03-01 11:02:00,NARI,45.2599983215332,45.2599983215332,45.36000061035156,45.18000030517578,45.209999084472656,6509.0
2024-03-01 11:02:00,NAUT,2.6500000953674316,2.6500000953674316,2.6500000953674316,2.6500000953674316,2.6500000953674316,95.0
2024-03-01 11:02:00,NBIX,130.67999267578125,130.67999267578125,130.74000549316406,130.6699981689453,130.6699981689453,2841.0
2024-03-01 11:02:00,NCNA,0.3199999928474426,0.3199999928474426,0.32199999690055847,0.3199999928474426,0.32199999690055847,22337.0
2024-03-01 11:02:00,NEO,16.149999618530273,16.149999618530273,16.149999618530273,16.139999389648438,16.149999618530273,637.0
2024-03-01 11:02:00,NEOG,17.219999313354492,17.219999313354492,17.219999313354492,17.219999313354492,17.219999313354492,2251.0
2024-03-01 11:02:00,NERV,2.450000047683716,2.450000047683716,2.450000047683716,2.4493000507354736,2.4493000507354736,903.0
2024-03-01 11:02:00,NKTR,0.7429999709129333,0.7429999709129333,0.7429999709129333,0.7429999709129333,0.7429999709129333,894.0
2024-03-01 11:02:00,NNOX,11.210100173950195,11.210100173950195,11.279899597167969,11.210000038146973,11.249899864196777,13567.0
2024-03-01 11:02:00,NRBO,5.639999866485596,5.639999866485596,5.639999866485596,5.639999866485596,5.639999866485596,210.0
2024-03-01 11:02:00,NRC,40.709999084472656,40.709999084472656,40.709999084472656,40.650001525878906,40.650001525878906,557.0
2024-03-01 11:02:00,NRIX,13.199999809265137,13.199999809265137,13.229999542236328,13.199999809265137,13.210000038146973,405.0
2024-03-01 11:02:00,NRXP,0.43299999833106995,0.43299999833106995,0.43299999833106995,0.4205000102519989,0.4205000102519989,15116.0
2024-03-01 11:02:00,NTLA,33.41999816894531,33.41999816894531,33.46500015258789,33.41999816894531,33.46500015258789,547.0
2024-03-01 11:02:00,NTRA,89.01499938964844,89.01499938964844,89.08999633789062,88.97000122070312,89.06999969482422,4162.0
2024-03-01 11:02:00,NUVL,87.38500213623047,87.38500213623047,87.38500213623047,87.3499984741211,87.3499984741211,473.0
2024-03-01 11:02:00,NVAX,5.130000114440918,5.130000114440918,5.159999847412109,5.130000114440918,5.159999847412109,14026.0
2024-03-01 11:02:00,NVCR,16.229799270629883,16.229799270629883,16.229799270629883,16.209999084472656,16.219999313354492,1443.0
2024-03-01 11:02:00,NVCT,10.5,10.5,10.5,10.460000038146973,10.460000038146973,202.0
2024-03-01 11:02:00,NVNO,6.429999828338623,6.429999828338623,6.429999828338623,6.429999828338623,6.429999828338623,165.0
2024-03-01 11:02:00,NXTC,1.7999999523162842,1.7999999523162842,1.7999999523162842,1.7999999523162842,1.7999999523162842,1900.0
2024-03-01 11:02:00,OCGN,0.9180999994277954,0.9180999994277954,0.9180999994277954,0.916100025177002,0.916100025177002,7179.0
2024-03-01 11:02:00,OCUL,10.34000015258789,10.34000015258789,10.34000015258789,10.339500427246094,10.339500427246094,754.0
2024-03-01 11:02:00,OLMA,12.850000381469727,12.850000381469727,12.850000381469727,12.760000228881836,12.789999961853027,2510.0
2024-03-01 11:03:00,ABCL,5.150000095367432,5.150000095367432,5.15500020980835,5.150000095367432,5.15500020980835,1401.0
2024-03-01 11:03:00,ABOS,4.659999847412109,4.659999847412109,4.659999847412109,4.659999847412109,4.659999847412109,114.0
2024-03-01 11:03:00,ABSI,5.139999866485596,5.139999866485596,5.139999866485596,5.110000133514404,5.119999885559082,2408.0
2024-03-01 11:03:00,ABUS,2.765000104904175,2.765000104904175,2.765000104904175,2.765000104904175,2.765000104904175,1093.0
2024-03-01 11:03:00,ABVC,1.1816999912261963,1.1816999912261963,1.1816999912261963,1.1816999912261963,1.1816999912261963,181.0
2024-03-01 11:03:00,ACAD,23.920000076293945,23.920000076293945,23.985000610351562,23.920000076293945,23.950000762939453,3240.0
2024-03-01 11:03:00,ACB,3.0850000381469727,3.0850000381469727,3.0899999141693115,3.0850000381469727,3.0899999141693115,440.0
2024-03-01 11:03:00,ACET,2.375,2.375,2.377000093460083,2.375,2.377000093460083,320.0
2024-03-01 11:03:00,ACHC,83.93450164794922,83.93450164794922,83.93450164794922,83.81999969482422,83.91000366210938,3276.0
2024-03-01 11:03:00,ACHV,4.230000019073486,4.230000019073486,4.230000019073486,4.230000019073486,4.230000019073486,557.0
2024-03-01 11:03:00,ACLX,67.60749816894531,67.60749816894531,67.67500305175781,67.60749816894531,67.6500015258789,1000.0
2024-03-01 11:03:00,ACRS,1.2300000190734863,1.2300000190734863,1.2300000190734863,1.225000023841858,1.2300000190734863,780.0
2024-03-01 11:03:00,ADAG,3.259999990463257,3.259999990463257,3.259999990463257,3.2300000190734863,3.240000009536743,1565.0
2024-03-01 11:03:00,ADAP,1.5700000524520874,1.5700000524520874,1.5700000524520874,1.5700000524520874,1.5700000524520874,1581.0
2024-03-01 11:03:00,ADIL,3.2297000885009766,3.2297000885009766,3.2690000534057617,3.2200000286102295,3.2202999591827393,27838.0
2024-03-01 11:03:00,ADMA,5.368100166320801,5.368100166320801,5.368100166320801,5.364999771118164,5.364999771118164,600.0
2024-03-01 11:03:00,ADPT,4.204999923706055,4.204999923706055,4.215000152587891,4.204999923706055,4.215000152587891,1225.0
2024-03-01 11:03:00,ADVM,1.9249999523162842,1.9249999523162842,1.9249999523162842,1.9249999523162842,1.9249999523162842,838.0
2024-03-01 11:03:00,AGEN,0.6672000288963318,0.6672000288963318,0.6672000288963318,0.6672000288963318,0.6672000288963318,2210.0
2024-03-01 11:03:00,AGIO,32.7599983215332,32.7599983215332,32.779998779296875,32.7599983215332,32.779998779296875,632.0
2024-03-01 11:03:00,AHCO,10.71500015258789,10.71500015258789,10.739999771118164,10.71500015258789,10.739999771118164,1929.0
2024-03-01 11:03:00,AKAN,0.25110000371932983,0.25110000371932983,0.25110000371932983,0.25110000371932983,0.25110000371932983,4239.0
2024-03-01 11:03:00,AKBA,1.6549999713897705,1.6549999713897705,1.6575000286102295,1.649999976158142,1.6575000286102295,3400.0
2024-03-01 11:03:00,AKRO,29.264999389648438,29.264999389648438,29.327999114990234,29.25,29.27750015258789,2246.0
2024-03-01 11:03:00,ALDX,4.059999942779541,4.059999942779541,4.059999942779541,4.059999942779541,4.059999942779541,567.0
2024-03-01 11:03:00,ALEC,7.46999979019165,7.46999979019165,7.46999979019165,7.46999979019165,7.46999979019165,482.0
2024-03-01 11:03:00,ALGN,299.7699890136719,299.7699890136719,300.0,299.70001220703125,299.70001220703125,1594.0
2024-03-01 11:03:00,ALHC,5.849999904632568,5.849999904632568,5.849999904632568,5.849999904632568,5.849999904632568,2548.0
2024-03-01 11:03:00,ALKS,30.190000534057617,30.190000534057617,30.190000534057617,30.18000030517578,30.18000030517578,1846.0
2024-03-01 11:03:00,ALLK,1.5850000381469727,1.5850000381469727,1.5850000381469727,1.5850000381469727,1.5850000381469727,5.0
2024-03-01 11:03:00,ALLO,4.989999771118164,4.989999771118164,4.998799800872803,4.989999771118164,4.998799800872803,1563.0
2024-03-01 11:03:00,ALNY,155.16000366210938,155.16000366210938,155.16000366210938,155.16000366210938,155.16000366210938,747.0
2024-03-01 11:03:00,ALPN,36.0099983215332,36.0099983215332,36.02000045776367,36.0099983215332,36.02000045776367,244.0
2024-03-01 11:03:00,ALT,12.140000343322754,12.140000343322754,12.179800033569336,12.140000343322754,12.175000190734863,10385.0
2024-03-01 11:03:00,ALVO,15.640000343322754,15.640000343322754,15.640000343322754,15.640000343322754,15.640000343322754,641.0
2024-03-01 11:03:00,ALVR,0.7533000111579895,0.7533000111579895,0.7533000111579895,0.7533000111579895,0.7533000111579895,1301.0
2024-03-01 11:03:00,AMGN,280.57000732421875,280.57000732421875,280.7850036621094,280.4977111816406,280.5199890136719,13223.0
2024-03-01 11:03:00,AMLX,18.809999465942383,18.809999465942383,18.829999923706055,18.809999465942383,18.829999923706055,741.0
2024-03-01 11:03:00,AMPH,45.58000183105469,45.58000183105469,45.68000030517578,45.58000183105469,45.59000015258789,2809.0
2024-03-01 11:03:00,AMRN,1.034999966621399,1.034999966621399,1.034999966621399,1.0299999713897705,1.034999966621399,2557.0
2024-03-01 11:03:00,ANAB,25.364999771118164,25.364999771118164,25.364999771118164,25.364999771118164,25.364999771118164,203.0
2024-03-01 11:03:00,ANTX,2.940000057220459,2.940000057220459,2.944999933242798,2.934999942779541,2.940000057220459,1551.0
2024-03-01 11:03:00,APLS,64.30000305175781,64.30000305175781,64.3499984741211,64.23999786376953,64.30500030517578,2229.0
2024-03-01 11:03:00,APLT,7.114999771118164,7.114999771118164,7.114999771118164,7.102399826049805,7.102399826049805,1677.0
2024-03-01 11:03:00,AQST,4.2307000160217285,4.2307000160217285,4.2307000160217285,4.230100154876709,4.230599880218506,647.0
2024-03-01 11:03:00,ARDX,9.520000457763672,9.520000457763672,9.53499984741211,9.520000457763672,9.53499984741211,960.0
2024-03-01 11:03:00,ARGX,389.1400146484375,389.1400146484375,389.1400146484375,389.1400146484375,389.1400146484375,602.0
2024-03-01 11:03:00,ARQT,11.059900283813477,11.059900283813477,11.114999771118164,11.055000305175781,11.109999656677246,7221.0
2024-03-01 11:03:00,ARVN,49.709999084472656,49.709999084472656,50.04999923706055,49.709999084472656,50.04999923706055,1982.0
2024-03-01 11:03:00,ARWR,35.095001220703125,35.095001220703125,35.101200103759766,35.095001220703125,35.099998474121094,891.0
2024-03-01 11:03:00,ASRT,0.9121000170707703,0.9121000170707703,0.9164000153541565,0.9121000170707703,0.9162999987602234,30403.0
2024-03-01 11:03:00,ATAI,2.0,2.0,2.0000998973846436,2.0,2.0000998973846436,5406.0
2024-03-01 11:03:00,ATEC,13.494999885559082,13.494999885559082,13.505000114440918,13.489999771118164,13.489999771118164,2831.0
2024-03-01 11:03:00,ATOS,0.9898999929428101,0.9898999929428101,0.9898999929428101,0.9898999929428101,0.9898999929428101,591.0
2024-03-01 11:03:00,ATRA,0.817799985408783,0.817799985408783,0.817799985408783,0.817799985408783,0.817799985408783,1163.0
2024-03-01 11:03:00,ATRC,35.81999969482422,35.81999969482422,35.83000183105469,35.81999969482422,35.83000183105469,622.0
2024-03-01 11:03:00,ATXS,15.079999923706055,15.079999923706055,15.079999923706055,15.079999923706055,15.079999923706055,335.0
2024-03-01 11:03:00,AUGX,4.559999942779541,4.559999942779541,4.559999942779541,4.559999942779541,4.559999942779541,200.0
2024-03-01 11:03:00,AUPH,5.815000057220459,5.815000057220459,5.815000057220459,5.809999942779541,5.809999942779541,1034.0
2024-03-01 11:03:00,AURA,9.329999923706055,9.329999923706055,9.329999923706055,9.329999923706055,9.329999923706055,209.0
2024-03-01 11:03:00,AUTL,6.139999866485596,6.139999866485596,6.159999847412109,6.139999866485596,6.159999847412109,364.0
2024-03-01 11:03:00,AVDL,12.760000228881836,12.760000228881836,12.760000228881836,12.760000228881836,12.760000228881836,71.0
2024-03-01 11:03:00,AVIR,4.375,4.375,4.375,4.375,4.375,218.0
2024-03-01 11:03:00,AVXL,5.324999809265137,5.324999809265137,5.324999809265137,5.324999809265137,5.324999809265137,312.0
2024-03-01 11:03:00,AWH,4.184999942779541,4.184999942779541,4.184999942779541,4.184999942779541,4.184999942779541,202.0
2024-03-01 11:03:00,AXNX,67.29000091552734,67.29000091552734,67.29000091552734,67.29000091552734,67.29000091552734,252.0
2024-03-01 11:03:00,AZN,64.63999938964844,64.63999938964844,64.68000030517578,64.63999938964844,64.66999816894531,4042.0
2024-03-01 11:03:00,AZTA,66.44000244140625,66.44000244140625,66.44999694824219,66.44000244140625,66.44999694824219,574.0
2024-03-01 11:03:00,BBIO,36.06999969482422,36.06999969482422,36.06999969482422,36.06999969482422,36.06999969482422,348.0
2024-03-01 11:03:00,BBLG,2.4000000953674316,2.4000000953674316,2.4010000228881836,2.4000000953674316,2.4010000228881836,326.0
2024-03-01 11:03:00,BCAB,2.7799999713897705,2.7799999713897705,2.7799999713897705,2.7799999713897705,2.7799999713897705,215.0
2024-03-01 11:03:00,BCEL,0.27000001072883606,0.27000001072883606,0.27000001072883606,0.27000001072883606,0.27000001072883606,265.0
2024-03-01 11:03:00,BCLI,0.350600004196167,0.350600004196167,0.350600004196167,0.350600004196167,0.350600004196167,2000.0
2024-03-01 11:03:00,BCRX,5.840000152587891,5.840000152587891,5.849999904632568,5.840000152587891,5.849999904632568,1399.0
2024-03-01 11:03:00,BDSX,1.6405999660491943,1.6405999660491943,1.649999976158142,1.6405999660491943,1.649999976158142,1935.0
2024-03-01 11:03:00,BDTX,5.04010009765625,5.04010009765625,5.059999942779541,5.039999961853027,5.059999942779541,4755.0
2024-03-01 11:03:00,BEAM,40.4286003112793,40.4286003112793,40.43000030517578,40.33000183105469,40.43000030517578,1692.0
2024-03-01 11:03:00,BGNE,167.30999755859375,167.30999755859375,167.39999389648438,167.08999633789062,167.08999633789062,2876.0
2024-03-01 11:03:00,BIIB,219.94000244140625,219.94000244140625,219.94000244140625,219.94000244140625,219.94000244140625,331.0
2024-03-01 11:03:00,BIOR,1.2587000131607056,1.2587000131607056,1.2587000131607056,1.2587000131607056,1.2587000131607056,515.0
2024-03-01 11:03:00,BIVI,2.1303000450134277,2.1303000450134277,2.190000057220459,2.109999895095825,2.184999942779541,312070.0
2024-03-01 11:03:00,BLFS,17.96500015258789,17.96500015258789,17.96500015258789,17.924999237060547,17.924999237060547,154.0
2024-03-01 11:03:00,BLRX,1.3600000143051147,1.3600000143051147,1.3801000118255615,1.3600000143051147,1.3799999952316284,9230.0
2024-03-01 11:03:00,BLUE,1.5850000381469727,1.5850000381469727,1.590000033378601,1.5800000429153442,1.5806000232696533,19632.0
2024-03-01 11:03:00,BMEA,17.665000915527344,17.665000915527344,17.665000915527344,17.65999984741211,17.65999984741211,793.0
2024-03-01 11:03:00,BMRN,86.6449966430664,86.6449966430664,86.68000030517578,86.62999725341797,86.66000366210938,2207.0
2024-03-01 11:03:00,BNGO,1.2512999773025513,1.2512999773025513,1.2512999773025513,1.25,1.25,5938.0
2024-03-01 11:03:00,BNTX,91.83999633789062,91.83999633789062,91.83999633789062,91.83999633789062,91.83999633789062,184.0
2024-03-01 11:03:00,BPMC,96.6500015258789,96.6500015258789,96.7300033569336,96.54000091552734,96.71499633789062,1446.0
2024-03-01 11:03:00,BRKR,87.86000061035156,87.86000061035156,87.9000015258789,87.86000061035156,87.88999938964844,1079.0
2024-03-01 11:03:00,BRTX,1.4900000095367432,1.4900000095367432,1.4900000095367432,1.4900000095367432,1.4900000095367432,1066.0
2024-03-01 11:03:00,BSGM,0.6499999761581421,0.6499999761581421,0.6499999761581421,0.6499999761581421,0.6499999761581421,675.0
2024-03-01 11:03:00,BTAI,3.240000009536743,3.240000009536743,3.240000009536743,3.240000009536743,3.240000009536743,1408.0
2024-03-01 11:03:00,BTMD,6.0,6.0,6.0,6.0,6.0,0.0
2024-03-01 11:03:00,BTTX,0.16769999265670776,0.16769999265670776,0.16820000112056732,0.16769999265670776,0.16769999265670776,8009.0
2024-03-01 11:03:00,BVS,4.679999828338623,4.679999828338623,4.679999828338623,4.679999828338623,4.679999828338623,201.0
2024-03-01 11:03:00,CABA,23.969900131225586,23.969900131225586,23.969900131225586,23.969900131225586,23.969900131225586,846.0
2024-03-01 11:03:00,CAPR,4.574999809265137,4.574999809265137,4.574999809265137,4.574999809265137,4.574999809265137,3200.0
2024-03-01 11:03:00,CARA,0.9200000166893005,0.9200000166893005,0.9200000166893005,0.9200000166893005,0.9200000166893005,763.0
2024-03-01 11:03:00,CBAY,32.22999954223633,32.22999954223633,32.22999954223633,32.224998474121094,32.22999954223633,1781.0
2024-03-01 11:03:00,CCCC,11.0,11.0,11.039999961853027,11.0,11.039999961853027,4499.0
2024-03-01 11:03:00,CCRN,18.014999389648438,18.014999389648438,18.014999389648438,18.014999389648438,18.014999389648438,313.0
2024-03-01 11:03:00,CDNA,12.289999961853027,12.289999961853027,12.329999923706055,12.289999961853027,12.3100004196167,1908.0
2024-03-01 11:03:00,CDTX,0.7221999764442444,0.7221999764442444,0.724399983882904,0.7221999764442444,0.724399983882904,320.0
2024-03-01 11:03:00,CDXS,4.449999809265137,4.449999809265137,4.449999809265137,4.429999828338623,4.445000171661377,1211.0
2024-03-01 11:03:00,CERS,2.2049999237060547,2.2049999237060547,2.2049999237060547,2.2049999237060547,2.2049999237060547,787.0
2024-03-01 11:03:00,CERT,17.7450008392334,17.7450008392334,17.829999923706055,17.7450008392334,17.829999923706055,1978.0
2024-03-01 11:03:00,CGC,3.265000104904175,3.265000104904175,3.265000104904175,3.259999990463257,3.259999990463257,617.0
2024-03-01 11:03:00,CHRS,2.3299999237060547,2.3299999237060547,2.3299999237060547,2.3299999237060547,2.3299999237060547,487.0
2024-03-01 11:03:00,CING,1.479599952697754,1.479599952697754,1.4960999488830566,1.440000057220459,1.4960999488830566,4065.0
2024-03-01 11:03:00,CLDX,52.36009979248047,52.36009979248047,52.5,52.36009979248047,52.5,2366.0
2024-03-01 11:03:00,CLNN,0.39500001072883606,0.39500001072883606,0.39500001072883606,0.39500001072883606,0.39500001072883606,580.0
2024-03-01 11:03:00,CLOV,0.8628000020980835,0.8628000020980835,0.8628000020980835,0.8626999855041504,0.8626999855041504,7773.0
2024-03-01 11:03:00,CLPT,6.534999847412109,6.534999847412109,6.569499969482422,6.534999847412109,6.569499969482422,200.0
2024-03-01 11:03:00,CLRB,4.078800201416016,4.078800201416016,4.078800201416016,4.078800201416016,4.078800201416016,102.0
2024-03-01 11:03:00,CMPS,10.949999809265137,10.949999809265137,10.989999771118164,10.899999618530273,10.899999618530273,2967.0
2024-03-01 11:03:00,CMRX,1.1399999856948853,1.1399999856948853,1.1399999856948853,1.1399999856948853,1.1399999856948853,2000.0
2024-03-01 11:03:00,CNSP,0.3199999928474426,0.3199999928474426,0.32739999890327454,0.3199999928474426,0.32739999890327454,2101.0
2024-03-01 11:03:00,CNTA,10.59000015258789,10.59000015258789,10.59000015258789,10.59000015258789,10.59000015258789,141.0
2024-03-01 11:03:00,COGT,7.179999828338623,7.179999828338623,7.21999979019165,7.179999828338623,7.21999979019165,1114.0
2024-03-01 11:03:00,COLL,37.099998474121094,37.099998474121094,37.147499084472656,37.08000183105469,37.14500045776367,3017.0
2024-03-01 11:03:00,CORT,23.780000686645508,23.780000686645508,23.78499984741211,23.760000228881836,23.770000457763672,4727.0
2024-03-01 11:03:00,CPRX,17.3799991607666,17.3799991607666,17.420000076293945,17.3700008392334,17.3799991607666,4696.0
2024-03-01 11:03:00,CPSI,9.510000228881836,9.510000228881836,9.510000228881836,9.5,9.5,807.0
2024-03-01 11:03:00,CRBU,8.069999694824219,8.069999694824219,8.079999923706055,8.0649995803833,8.079999923706055,676.0
2024-03-01 11:03:00,CRDF,2.5288000106811523,2.5288000106811523,2.5399999618530273,2.4911999702453613,2.509399890899658,45335.0
2024-03-01 11:03:00,CRDL,1.9323999881744385,1.9323999881744385,1.9399000406265259,1.9200999736785889,1.9200999736785889,3513.0
2024-03-01 11:03:00,CRMD,3.680000066757202,3.680000066757202,3.680000066757202,3.680000066757202,3.680000066757202,533.0
2024-03-01 11:03:00,CRNX,45.650001525878906,45.650001525878906,45.650001525878906,45.650001525878906,45.650001525878906,151.0
2024-03-01 11:03:00,CRON,2.049999952316284,2.049999952316284,2.049999952316284,2.0487000942230225,2.0487000942230225,576.0
2024-03-01 11:03:00,CRSP,85.7750015258789,85.7750015258789,85.83000183105469,85.7699966430664,85.83000183105469,1842.0
2024-03-01 11:03:00,CSTL,19.860000610351562,19.860000610351562,19.8700008392334,19.760000228881836,19.8700008392334,1726.0
2024-03-01 11:03:00,CTKB,8.300000190734863,8.300000190734863,8.305000305175781,8.295000076293945,8.295000076293945,721.0
2024-03-01 11:03:00,CTMX,2.5,2.5,2.5,2.5,2.5,1.0
2024-03-01 11:03:00,CTXR,0.7847999930381775,0.7847999930381775,0.7847999930381775,0.7847999930381775,0.7847999930381775,2009.0
2024-03-01 11:03:00,CYTK,74.5999984741211,74.5999984741211,74.66999816894531,74.5999984741211,74.66999816894531,851.0
2024-03-01 11:03:00,CYTO,2.109999895095825,2.109999895095825,2.109999895095825,2.1098999977111816,2.1098999977111816,769.0
2024-03-01 11:03:00,DAWN,17.459999084472656,17.459999084472656,17.479999542236328,17.459999084472656,17.46500015258789,1561.0
2024-03-01 11:03:00,DCGO,4.114999771118164,4.114999771118164,4.114999771118164,4.110000133514404,4.110000133514404,4466.0
2024-03-01 11:03:00,DCPH,17.045000076293945,17.045000076293945,17.045000076293945,17.045000076293945,17.045000076293945,200.0
2024-03-01 11:03:00,DH,9.0600004196167,9.0600004196167,9.100000381469727,9.0600004196167,9.100000381469727,1367.0
2024-03-01 11:03:00,DMTK,0.8600999712944031,0.8600999712944031,0.8700000047683716,0.8600000143051147,0.8700000047683716,3918.0
2024-03-01 11:03:00,DNLI,20.75,20.75,20.780000686645508,20.75,20.780000686645508,362.0
2024-03-01 11:03:00,DRRX,1.0049999952316284,1.0049999952316284,1.0049999952316284,1.0,1.0010000467300415,806.0
2024-03-01 11:03:00,DSGN,2.8949999809265137,2.8949999809265137,2.8949999809265137,2.8949999809265137,2.8949999809265137,290.0
2024-03-01 11:03:00,DTIL,12.850000381469727,12.850000381469727,12.850000381469727,12.789999961853027,12.789999961853027,6965.0
2024-03-01 11:03:00,DVAX,12.789999961853027,12.789999961853027,12.789999961853027,12.789999961853027,12.789999961853027,1084.0
2024-03-01 11:03:00,DXCM,119.08999633789062,119.08999633789062,119.19000244140625,119.05000305175781,119.05000305175781,8470.0
2024-03-01 11:03:00,DYN,28.7549991607666,28.7549991607666,28.860000610351562,28.670000076293945,28.860000610351562,2989.0
2024-03-01 11:03:00,EDIT,11.0,11.0,11.005000114440918,10.989999771118164,11.0,3127.0
2024-03-01 11:03:00,EFTR,15.050000190734863,15.050000190734863,15.050000190734863,14.803799629211426,14.803799629211426,7019.0
2024-03-01 11:03:00,EGRX,6.480000019073486,6.480000019073486,6.531899929046631,6.480000019073486,6.531899929046631,1559.0
2024-03-01 11:03:00,ELEV,4.928199768066406,4.928199768066406,4.929999828338623,4.909999847412109,4.925000190734863,1190.0
2024-03-01 11:03:00,ENLV,3.2699999809265137,3.2699999809265137,3.2699999809265137,3.2699999809265137,3.2699999809265137,400.0
2024-03-01 11:03:00,ENSC,0.9351999759674072,0.9351999759674072,0.9351999759674072,0.9351999759674072,0.9351999759674072,39.0
2024-03-01 11:03:00,ENSG,124.0199966430664,124.0199966430664,124.12000274658203,124.01000213623047,124.12000274658203,1826.0
2024-03-01 11:03:00,ENVB,1.6405999660491943,1.6405999660491943,1.6526000499725342,1.6399999856948853,1.6526000499725342,13593.0
2024-03-01 11:03:00,EOLS,14.59000015258789,14.59000015258789,14.59000015258789,14.59000015258789,14.59000015258789,534.0
2024-03-01 11:03:00,EQ,2.4807000160217285,2.4807000160217285,2.4807000160217285,2.4800000190734863,2.4800000190734863,411.0
2024-03-01 11:03:00,ERAS,2.505000114440918,2.505000114440918,2.505000114440918,2.5,2.5,633.0
2024-03-01 11:03:00,ESPR,2.4549999237060547,2.4549999237060547,2.4549999237060547,2.450000047683716,2.4549999237060547,2365.0
2024-03-01 11:03:00,ESTA,45.665000915527344,45.665000915527344,45.665000915527344,45.665000915527344,45.665000915527344,231.0
2024-03-01 11:03:00,ETNB,12.819999694824219,12.819999694824219,12.819999694824219,12.8100004196167,12.819999694824219,1236.0
2024-03-01 11:03:00,EWTX,16.8700008392334,16.8700008392334,16.889999389648438,16.850000381469727,16.86009979248047,2438.0
2024-03-01 11:03:00,EXAS,59.90999984741211,59.90999984741211,60.02000045776367,59.90999984741211,60.0099983215332,7408.0
2024-03-01 11:03:00,EXEL,22.510000228881836,22.510000228881836,22.520000457763672,22.5049991607666,22.5049991607666,4168.0
2024-03-01 11:03:00,EYEN,2.2300000190734863,2.2300000190734863,2.2300000190734863,2.2300000190734863,2.2300000190734863,454.0
2024-03-01 11:03:00,EYPT,28.03499984741211,28.03499984741211,28.03499984741211,28.03499984741211,28.03499984741211,102.0
2024-03-01 11:03:00,FATE,7.480000019073486,7.480000019073486,7.489999771118164,7.480000019073486,7.489999771118164,1388.0
2024-03-01 11:03:00,FBIO,2.255000114440918,2.255000114440918,2.255000114440918,2.255000114440918,2.255000114440918,260.0
2024-03-01 11:03:00,FEMY,1.7400000095367432,1.7400000095367432,1.7400000095367432,1.729699969291687,1.729699969291687,200.0
2024-03-01 11:03:00,FGEN,1.7699999809265137,1.7699999809265137,1.774999976158142,1.7699999809265137,1.774999976158142,824.0
2024-03-01 11:03:00,FOLD,13.505000114440918,13.505000114440918,13.53499984741211,13.505000114440918,13.53499984741211,2451.0
2024-03-01 11:03:00,FUSN,12.039999961853027,12.039999961853027,12.039999961853027,12.015000343322754,12.015000343322754,207.0
2024-03-01 11:03:00,GBIO,2.619999885559082,2.619999885559082,2.619999885559082,2.5999999046325684,2.5999999046325684,797.0
2024-03-01 11:03:00,GDRX,8.270000457763672,8.270000457763672,8.279999732971191,8.270000457763672,8.279600143432617,1321.0
2024-03-01 11:03:00,GENE,2.25,2.25,2.25,2.25,2.25,218.0
2024-03-01 11:03:00,GERN,2.137500047683716,2.137500047683716,2.137500047683716,2.1301000118255615,2.134999990463257,4717.0
2024-03-01 11:03:00,GH,19.2549991607666,19.2549991607666,19.274999618530273,19.239999771118164,19.260000228881836,1447.0
2024-03-01 11:03:00,GILD,72.4000015258789,72.4000015258789,72.44000244140625,72.4000015258789,72.41000366210938,7463.0
2024-03-01 11:03:00,GMAB,29.280000686645508,29.280000686645508,29.280000686645508,29.280000686645508,29.280000686645508,568.0
2024-03-01 11:03:00,GNPX,4.449999809265137,4.449999809265137,4.449999809265137,4.449999809265137,4.449999809265137,201.0
2024-03-01 11:03:00,GOSS,1.3600000143051147,1.3600000143051147,1.3650000095367432,1.3600000143051147,1.3650000095367432,1400.0
2024-03-01 11:03:00,GRFS,6.970600128173828,6.970600128173828,6.989999771118164,6.970600128173828,6.989999771118164,2206.0
2024-03-01 11:03:00,GRTS,2.184999942779541,2.184999942779541,2.2049999237060547,2.184999942779541,2.2049999237060547,2552.0
2024-03-01 11:03:00,GRTX,0.23090000450611115,0.23090000450611115,0.23090000450611115,0.23090000450611115,0.23090000450611115,15304.0
2024-03-01 11:03:00,GTHX,3.434999942779541,3.434999942779541,3.440000057220459,3.434999942779541,3.440000057220459,879.0
2024-03-01 11:03:00,HALO,41.220001220703125,41.220001220703125,41.255001068115234,41.220001220703125,41.255001068115234,2051.0
2024-03-01 11:03:00,HARP,22.93000030517578,22.93000030517578,22.93000030517578,22.93000030517578,22.93000030517578,100.0
2024-03-01 11:03:00,HCAT,7.960000038146973,7.960000038146973,7.965000152587891,7.960000038146973,7.965000152587891,640.0
2024-03-01 11:03:00,HCSG,12.694999694824219,12.694999694824219,12.710000038146973,12.694999694824219,12.710000038146973,784.0
2024-03-01 11:03:00,HCTI,2.380000114440918,2.380000114440918,2.380000114440918,2.380000114440918,2.380000114440918,197.0
2024-03-01 11:03:00,HOLX,74.11000061035156,74.11000061035156,74.11000061035156,74.11000061035156,74.11000061035156,505.0
2024-03-01 11:03:00,HPCO,0.23999999463558197,0.23999999463558197,0.23999999463558197,0.23999999463558197,0.23999999463558197,9863.0
2024-03-01 11:03:00,HROW,10.800000190734863,10.800000190734863,10.819999694824219,10.800000190734863,10.800000190734863,402.0
2024-03-01 11:03:00,HRTX,2.6600000858306885,2.6600000858306885,2.6600000858306885,2.6600000858306885,2.6600000858306885,200.0
2024-03-01 11:03:00,HSIC,77.02999877929688,77.02999877929688,77.16000366210938,77.02999877929688,77.16000366210938,1703.0
2024-03-01 11:03:00,HUMA,3.184999942779541,3.184999942779541,3.1898999214172363,3.174999952316284,3.174999952316284,10174.0
2024-03-01 11:03:00,IART,36.7400016784668,36.7400016784668,36.75,36.72999954223633,36.75,1347.0
2024-03-01 11:03:00,IBRX,4.809999942779541,4.809999942779541,4.824999809265137,4.809999942779541,4.815000057220459,3201.0
2024-03-01 11:03:00,ICLR,322.6199951171875,322.6199951171875,322.6199951171875,322.6199951171875,322.6199951171875,823.0
2024-03-01 11:03:00,ICUI,107.16000366210938,107.16000366210938,107.16000366210938,107.16000366210938,107.16000366210938,142.0
2024-03-01 11:03:00,IDXX,579.6099853515625,579.6099853515625,580.5700073242188,579.6099853515625,580.5700073242188,954.0
2024-03-01 11:03:00,IFRX,1.809999942779541,1.809999942779541,1.809999942779541,1.809999942779541,1.809999942779541,1712.0
2024-03-01 11:03:00,ILMN,141.55499267578125,141.55499267578125,141.55499267578125,141.55499267578125,141.55499267578125,1380.0
2024-03-01 11:03:00,IMAB,1.8393000364303589,1.8393000364303589,1.8393000364303589,1.8393000364303589,1.8393000364303589,105.0
2024-03-01 11:03:00,IMCR,68.13999938964844,68.13999938964844,68.13999938964844,67.91459655761719,67.91459655761719,473.0
2024-03-01 11:03:00,IMMX,3.5350000858306885,3.5350000858306885,3.5350000858306885,3.5350000858306885,3.5350000858306885,200.0
2024-03-01 11:03:00,IMNN,1.0565999746322632,1.0565999746322632,1.0565999746322632,1.0565999746322632,1.0565999746322632,400.0
2024-03-01 11:03:00,IMTX,13.074999809265137,13.074999809265137,13.074999809265137,13.074999809265137,13.074999809265137,200.0
2024-03-01 11:03:00,IMUX,1.4850000143051147,1.4850000143051147,1.4900000095367432,1.4850000143051147,1.4900000095367432,1755.0
2024-03-01 11:03:00,IMVT,36.25,36.25,36.25,36.150001525878906,36.150001525878906,1457.0
2024-03-01 11:03:00,INCR,1.9600000381469727,1.9600000381469727,1.9600000381469727,1.9600000381469727,1.9600000381469727,0.0
2024-03-01 11:03:00,INCY,59.42499923706055,59.42499923706055,59.42499923706055,59.400001525878906,59.400001525878906,604.0
2024-03-01 11:03:00,INGN,6.784999847412109,6.784999847412109,6.784999847412109,6.784999847412109,6.784999847412109,210.0
2024-03-01 11:03:00,INMD,22.920000076293945,22.920000076293945,22.959999084472656,22.920000076293945,22.959999084472656,2646.0
2024-03-01 11:03:00,INO,8.916500091552734,8.916500091552734,8.916500091552734,8.916500091552734,8.916500091552734,756.0
2024-03-01 11:03:00,INSM,28.360000610351562,28.360000610351562,28.3799991607666,28.360000610351562,28.3700008392334,1023.0
2024-03-01 11:03:00,INVA,15.555000305175781,15.555000305175781,15.5600004196167,15.555000305175781,15.5600004196167,504.0
2024-03-01 11:03:00,IONS,45.904998779296875,45.904998779296875,45.915000915527344,45.86000061035156,45.915000915527344,850.0
2024-03-01 11:03:00,IOVA,16.485000610351562,16.485000610351562,16.489999771118164,16.479999542236328,16.489999771118164,7492.0
2024-03-01 11:03:00,IRWD,8.944999694824219,8.944999694824219,8.948800086975098,8.944999694824219,8.944999694824219,1868.0
2024-03-01 11:03:00,ISPC,0.4449999928474426,0.4449999928474426,0.4449999928474426,0.4449999928474426,0.4449999928474426,200.0
2024-03-01 11:03:00,ISRG,391.7650146484375,391.7650146484375,391.95001220703125,391.5799865722656,391.7699890136719,1893.0
2024-03-01 11:03:00,ITOS,10.75,10.75,10.75,10.75,10.75,163.0
2024-03-01 11:03:00,ITRM,1.2211999893188477,1.2211999893188477,1.2211999893188477,1.2211999893188477,1.2211999893188477,150.0
2024-03-01 11:03:00,JAGX,0.08869999647140503,0.08869999647140503,0.08940000087022781,0.08699999749660492,0.08940000087022781,688627.0
2024-03-01 11:03:00,JANX,46.377498626708984,46.377498626708984,46.40999984741211,46.08000183105469,46.279998779296875,4745.0
2024-03-01 11:03:00,JAZZ,120.33000183105469,120.33000183105469,120.33499908447266,120.23999786376953,120.33000183105469,1116.0
2024-03-01 11:03:00,KNSA,21.93000030517578,21.93000030517578,21.93000030517578,21.93000030517578,21.93000030517578,111.0
2024-03-01 11:03:00,KOD,6.119999885559082,6.119999885559082,6.119999885559082,6.114999771118164,6.114999771118164,533.0
2024-03-01 11:03:00,KPTI,1.2649999856948853,1.2649999856948853,1.2649999856948853,1.2649999856948853,1.2649999856948853,328.0
2024-03-01 11:03:00,KROS,68.93499755859375,68.93499755859375,68.94999694824219,68.93499755859375,68.94999694824219,336.0
2024-03-01 11:03:00,KRYS,167.25689697265625,167.25689697265625,167.25689697265625,167.25689697265625,167.25689697265625,225.0
2024-03-01 11:03:00,KTRA,0.10029999911785126,0.10029999911785126,0.10119999945163727,0.10019999742507935,0.10119999945163727,3725.0
2024-03-01 11:03:00,KTTA,7.300000190734863,7.300000190734863,7.300000190734863,7.300000190734863,7.300000190734863,0.0
2024-03-01 11:03:00,KURA,21.239999771118164,21.239999771118164,21.239999771118164,21.239999771118164,21.239999771118164,500.0
2024-03-01 11:03:00,KYMR,44.10499954223633,44.10499954223633,44.10499954223633,44.10499954223633,44.10499954223633,209.0
2024-03-01 11:03:00,KZR,1.1050000190734863,1.1050000190734863,1.1200000047683716,1.1035000085830688,1.1200000047683716,2374.0
2024-03-01 11:03:00,LAB,2.375,2.375,2.380000114440918,2.375,2.380000114440918,664.0
2024-03-01 11:03:00,LBPH,21.610000610351562,21.610000610351562,21.6299991607666,21.610000610351562,21.6299991607666,492.0
2024-03-01 11:03:00,LEXX,2.6098999977111816,2.6098999977111816,2.6098999977111816,2.6098999977111816,2.6098999977111816,59.0
2024-03-01 11:03:00,LFST,7.985000133514404,7.985000133514404,7.994999885559082,7.985000133514404,7.994999885559082,2446.0
2024-03-01 11:03:00,LIVN,55.04499816894531,55.04499816894531,55.04499816894531,54.97999954223633,54.97999954223633,540.0
2024-03-01 11:03:00,LMAT,66.94999694824219,66.94999694824219,67.51000213623047,66.94999694824219,67.51000213623047,1134.0
2024-03-01 11:03:00,LNTH,65.55999755859375,65.55999755859375,65.61000061035156,65.55999755859375,65.61000061035156,2945.0
2024-03-01 11:03:00,LQDA,14.399999618530273,14.399999618530273,14.40999984741211,14.399999618530273,14.40999984741211,1443.0
2024-03-01 11:03:00,LRMR,11.0649995803833,11.0649995803833,11.085000038146973,11.010000228881836,11.085000038146973,120.0
2024-03-01 11:03:00,LUMO,2.9600000381469727,2.9600000381469727,2.9600000381469727,2.9600000381469727,2.9600000381469727,546.0
2024-03-01 11:03:00,LUNG,9.210000038146973,9.210000038146973,9.210000038146973,9.199999809265137,9.210000038146973,1023.0
2024-03-01 11:03:00,LVTX,3.0299999713897705,3.0299999713897705,3.0399999618530273,3.0299999713897705,3.0399999618530273,402.0
2024-03-01 11:03:00,LXRX,2.399899959564209,2.399899959564209,2.399899959564209,2.399899959564209,2.399899959564209,0.0
2024-03-01 11:03:00,LYEL,3.1449999809265137,3.1449999809265137,3.1500000953674316,3.1449999809265137,3.1500000953674316,0.0
2024-03-01 11:03:00,MASI,126.87999725341797,126.87999725341797,127.0250015258789,126.87999725341797,127.0250015258789,258.0
2024-03-01 11:03:00,MDRX,5.75,5.75,5.849999904632568,5.75,5.800000190734863,1236812.0
2024-03-01 11:03:00,MDXG,8.494999885559082,8.494999885559082,8.505000114440918,8.494999885559082,8.505000114440918,3091.0
2024-03-01 11:03:00,ME,0.5824999809265137,0.5824999809265137,0.5841000080108643,0.5813000202178955,0.5813000202178955,0.0
2024-03-01 11:03:00,MEDP,400.260009765625,400.260009765625,400.6499938964844,400.260009765625,400.55999755859375,488.0
2024-03-01 11:03:00,MESO,2.0399999618530273,2.0399999618530273,2.0399999618530273,2.0399999618530273,2.0399999618530273,616.0
2024-03-01 11:03:00,MGNX,19.189899444580078,19.189899444580078,19.189899444580078,19.18000030517578,19.18000030517578,391.0
2024-03-01 11:03:00,MGTX,6.244999885559082,6.244999885559082,6.244999885559082,6.244999885559082,6.244999885559082,106.0
2024-03-01 11:03:00,MIRM,29.790000915527344,29.790000915527344,29.790000915527344,29.770000457763672,29.770000457763672,440.0
2024-03-01 11:03:00,MNKD,4.579999923706055,4.579999923706055,4.59499979019165,4.579999923706055,4.590000152587891,12870.0
2024-03-01 11:03:00,MOR,17.6200008392334,17.6200008392334,17.6299991607666,17.6200008392334,17.6299991607666,1695.0
2024-03-01 11:03:00,MORF,38.380001068115234,38.380001068115234,38.380001068115234,38.380001068115234,38.380001068115234,194.0
2024-03-01 11:03:00,MREO,3.799999952316284,3.799999952316284,3.799999952316284,3.7999000549316406,3.7999000549316406,769.0
2024-03-01 11:03:00,MRNA,95.52200317382812,95.52200317382812,95.52200317382812,95.38999938964844,95.47000122070312,2335.0
2024-03-01 11:03:00,MRNS,9.75,9.75,9.75,9.75,9.75,210.0
2024-03-01 11:03:00,MRSN,5.715000152587891,5.715000152587891,5.735000133514404,5.699999809265137,5.730000019073486,3949.0
2024-03-01 11:03:00,MRUS,49.9900016784668,49.9900016784668,50.0,49.90999984741211,49.91999816894531,897.0
2024-03-01 11:03:00,MRVI,7.840000152587891,7.840000152587891,7.864999771118164,7.824999809265137,7.860000133514404,7773.0
2024-03-01 11:03:00,MXCT,4.769999980926514,4.769999980926514,4.775000095367432,4.769999980926514,4.775000095367432,396.0
2024-03-01 11:03:00,MYGN,21.545000076293945,21.545000076293945,21.545000076293945,21.510000228881836,21.510000228881836,600.0
2024-03-01 11:03:00,NARI,45.25299835205078,45.25299835205078,45.36989974975586,45.2400016784668,45.310001373291016,5860.0
2024-03-01 11:03:00,NBIX,130.5500030517578,130.5500030517578,130.6300048828125,130.5500030517578,130.6300048828125,2352.0
2024-03-01 11:03:00,NEO,16.1299991607666,16.1299991607666,16.139999389648438,16.1299991607666,16.139999389648438,760.0
2024-03-01 11:03:00,NEOG,17.204999923706055,17.204999923706055,17.209999084472656,17.204999923706055,17.209999084472656,737.0
2024-03-01 11:03:00,NERV,2.4800000190734863,2.4800000190734863,2.4800000190734863,2.450000047683716,2.450000047683716,5438.0
2024-03-01 11:03:00,NEXI,6.424799919128418,6.424799919128418,6.429999828338623,6.424799919128418,6.429999828338623,1341.0
2024-03-01 11:03:00,NKTX,12.369999885559082,12.369999885559082,12.390000343322754,12.369999885559082,12.390000343322754,802.0
2024-03-01 11:03:00,NNOX,11.140000343322754,11.140000343322754,11.210000038146973,11.140000343322754,11.210000038146973,4695.0
2024-03-01 11:03:00,NOTV,7.820000171661377,7.820000171661377,7.880000114440918,7.820000171661377,7.880000114440918,949.0
2024-03-01 11:03:00,NRC,40.724998474121094,40.724998474121094,40.724998474121094,40.724998474121094,40.724998474121094,105.0
2024-03-01 11:03:00,NRIX,13.194999694824219,13.194999694824219,13.239999771118164,13.194999694824219,13.210000038146973,786.0
2024-03-01 11:03:00,NRXP,0.43299999833106995,0.43299999833106995,0.43299999833106995,0.43299999833106995,0.43299999833106995,5302.0
2024-03-01 11:03:00,NTLA,33.400001525878906,33.400001525878906,33.439998626708984,33.37519836425781,33.439998626708984,1115.0
2024-03-01 11:03:00,NTRA,89.05500030517578,89.05500030517578,89.0999984741211,89.0,89.04499816894531,2508.0
2024-03-01 11:03:00,NUTX,0.11309999972581863,0.11309999972581863,0.11479999870061874,0.11309999972581863,0.11400000005960464,13331.0
2024-03-01 11:03:00,NVAX,5.149899959564209,5.149899959564209,5.149899959564209,5.130000114440918,5.130000114440918,19914.0
2024-03-01 11:03:00,NVCR,16.139999389648438,16.139999389648438,16.209999084472656,16.127700805664062,16.209999084472656,1998.0
2024-03-01 11:03:00,NVOS,0.6298999786376953,0.6298999786376953,0.6298999786376953,0.6298999786376953,0.6298999786376953,115.0
2024-03-01 11:03:00,NXTC,1.7899999618530273,1.7899999618530273,1.7949999570846558,1.784999966621399,1.7949999570846558,115.0
2024-03-01 11:03:00,OCGN,0.9161999821662903,0.9161999821662903,0.9192000031471252,0.9161999821662903,0.9186999797821045,1396.0
2024-03-01 11:03:00,OCUL,10.369999885559082,10.369999885559082,10.369999885559082,10.34000015258789,10.34000015258789,1493.0
2024-03-01 11:03:00,OFIX,12.960000038146973,12.960000038146973,12.970000267028809,12.949999809265137,12.960000038146973,1716.0
2024-03-01 11:03:00,OGI,2.0950000286102295,2.0950000286102295,2.0950000286102295,2.0950000286102295,2.0950000286102295,195.0
2024-03-01 11:03:00,OMCL,26.469999313354492,26.469999313354492,26.469999313354492,26.469999313354492,26.469999313354492,732.0
2024-03-01 11:03:00,OMER,4.744999885559082,4.744999885559082,4.75,4.744999885559082,4.75,308.0
2024-03-01 11:03:00,ONVO,1.020799994468689,1.020799994468689,1.020799994468689,1.020799994468689,1.020799994468689,200.0
2024-03-01 11:04:00,ABCL,5.15500020980835,5.15500020980835,5.15500020980835,5.15500020980835,5.15500020980835,602.0
2024-03-01 11:04:00,ABEO,7.420000076293945,7.420000076293945,7.420000076293945,7.380000114440918,7.380000114440918,743.0
2024-03-01 11:04:00,ABOS,4.659999847412109,4.659999847412109,4.659999847412109,4.659999847412109,4.659999847412109,133.0
2024-03-01 11:04:00,ABSI,5.144999980926514,5.144999980926514,5.159999847412109,5.139999866485596,5.150000095367432,2635.0
2024-03-01 11:04:00,ABVC,1.1848000288009644,1.1848000288009644,1.1898000240325928,1.1799999475479126,1.1799999475479126,5534.0
2024-03-01 11:04:00,ACAD,23.94499969482422,23.94499969482422,23.959999084472656,23.940000534057617,23.950000762939453,1649.0
2024-03-01 11:04:00,ACB,3.0999999046325684,3.0999999046325684,3.0999999046325684,3.0899999141693115,3.0899999141693115,508.0
2024-03-01 11:04:00,ACCD,10.270000457763672,10.270000457763672,10.270000457763672,10.270000457763672,10.270000457763672,288.0
2024-03-01 11:04:00,ACET,2.375,2.375,2.375,2.371500015258789,2.371500015258789,465.0
2024-03-01 11:04:00,ACHC,83.80000305175781,83.80000305175781,83.95059967041016,83.80000305175781,83.95059967041016,694.0
2024-03-01 11:04:00,ACHL,1.3600000143051147,1.3600000143051147,1.3600000143051147,1.3600000143051147,1.3600000143051147,0.0
2024-03-01 11:04:00,ACLX,67.65249633789062,67.65249633789062,67.68000030517578,67.58000183105469,67.6449966430664,1217.0
2024-03-01 11:04:00,ACON,0.38749998807907104,0.38749998807907104,0.38749998807907104,0.38749998807907104,0.38749998807907104,2000.0
2024-03-01 11:04:00,ACRS,1.2300000190734863,1.2300000190734863,1.2300000190734863,1.2300000190734863,1.2300000190734863,1065.0
2024-03-01 11:04:00,ADIL,3.230600118637085,3.230600118637085,3.289900064468384,3.2200000286102295,3.2300000190734863,25576.0
2024-03-01 11:04:00,ADUS,93.02999877929688,93.02999877929688,93.02999877929688,93.02999877929688,93.02999877929688,213.0
2024-03-01 11:04:00,ADVM,1.9199999570846558,1.9199999570846558,1.9249999523162842,1.9199999570846558,1.9249999523162842,2420.0
2024-03-01 11:04:00,AFMD,0.6025999784469604,0.6025999784469604,0.6025999784469604,0.6025999784469604,0.6025999784469604,169.0
2024-03-01 11:04:00,AGEN,0.6672000288963318,0.6672000288963318,0.6672000288963318,0.6672000288963318,0.6672000288963318,13668.0
2024-03-01 11:04:00,AGIO,32.7400016784668,32.7400016784668,32.7400016784668,32.7400016784668,32.7400016784668,238.0
2024-03-01 11:04:00,AHCO,10.744999885559082,10.744999885559082,10.744999885559082,10.720000267028809,10.720000267028809,3123.0
2024-03-01 11:04:00,AIMD,0.9599999785423279,0.9599999785423279,0.9599999785423279,0.9599999785423279,0.9599999785423279,0.0
2024-03-01 11:04:00,AKAN,0.25099998712539673,0.25099998712539673,0.25099998712539673,0.25099998712539673,0.25099998712539673,2920.0
2024-03-01 11:04:00,AKBA,1.6449999809265137,1.6449999809265137,1.6500999927520752,1.6399999856948853,1.6500999927520752,8765.0
2024-03-01 11:04:00,AKRO,29.270000457763672,29.270000457763672,29.270000457763672,29.264999389648438,29.264999389648438,1000.0
2024-03-01 11:04:00,ALDX,4.065000057220459,4.065000057220459,4.065000057220459,4.059999942779541,4.059999942779541,405.0
2024-03-01 11:04:00,ALEC,7.474999904632568,7.474999904632568,7.480000019073486,7.46999979019165,7.46999979019165,2772.0
2024-03-01 11:04:00,ALGN,300.0400085449219,300.0400085449219,300.0400085449219,299.94500732421875,299.94500732421875,709.0
2024-03-01 11:04:00,ALHC,5.860000133514404,5.860000133514404,5.869999885559082,5.84499979019165,5.860000133514404,2582.0
2024-03-01 11:04:00,ALKS,30.200000762939453,30.200000762939453,30.200000762939453,30.184999465942383,30.184999465942383,2211.0
2024-03-01 11:04:00,ALLK,1.5850000381469727,1.5850000381469727,1.5850000381469727,1.5850000381469727,1.5850000381469727,502.0
2024-03-01 11:04:00,ALLO,4.980000019073486,4.980000019073486,4.980000019073486,4.980000019073486,4.980000019073486,842.0
2024-03-01 11:04:00,ALNY,154.63499450683594,154.63499450683594,154.63499450683594,154.63499450683594,154.63499450683594,101.0
2024-03-01 11:04:00,ALPN,36.01620101928711,36.01620101928711,36.01620101928711,36.005001068115234,36.005001068115234,9108.0
2024-03-01 11:04:00,ALT,12.15410041809082,12.15410041809082,12.164999961853027,12.123499870300293,12.130000114440918,13639.0
2024-03-01 11:04:00,ALVR,0.7544000148773193,0.7544000148773193,0.7544000148773193,0.7526000142097473,0.7526000142097473,1039.0
2024-03-01 11:04:00,ALXO,15.055000305175781,15.055000305175781,15.119999885559082,15.0,15.0,2310.0
2024-03-01 11:04:00,AMGN,280.57501220703125,280.57501220703125,280.6199951171875,280.5299987792969,280.6199951171875,1515.0
2024-03-01 11:04:00,AMLX,18.825000762939453,18.825000762939453,18.825000762939453,18.81089973449707,18.81089973449707,5515.0
2024-03-01 11:04:00,AMPH,45.599998474121094,45.599998474121094,45.599998474121094,45.510101318359375,45.510101318359375,447.0
2024-03-01 11:04:00,AMRN,1.034999966621399,1.034999966621399,1.0398999452590942,1.034999966621399,1.0389000177383423,2200.0
2024-03-01 11:04:00,ANAB,25.34000015258789,25.34000015258789,25.375,25.34000015258789,25.360000610351562,1413.0
2024-03-01 11:04:00,ANGO,5.454999923706055,5.454999923706055,5.454999923706055,5.454999923706055,5.454999923706055,1809.0
2024-03-01 11:04:00,ANNX,6.005000114440918,6.005000114440918,6.005000114440918,5.920000076293945,5.920000076293945,5422.0
2024-03-01 11:04:00,ANTX,2.934999942779541,2.934999942779541,2.934999942779541,2.934999942779541,2.934999942779541,145.0
2024-03-01 11:04:00,APLS,64.31999969482422,64.31999969482422,64.37999725341797,64.12059783935547,64.13999938964844,1770.0
2024-03-01 11:04:00,APLT,7.150000095367432,7.150000095367432,7.150000095367432,7.125,7.130000114440918,973.0
2024-03-01 11:04:00,AQST,4.224699974060059,4.224699974060059,4.239999771118164,4.21999979019165,4.239999771118164,10751.0
2024-03-01 11:04:00,ARAY,2.615000009536743,2.615000009536743,2.619999885559082,2.615000009536743,2.6198999881744385,1646.0
2024-03-01 11:04:00,ARCT,39.665000915527344,39.665000915527344,39.665000915527344,39.665000915527344,39.665000915527344,121.0
2024-03-01 11:04:00,ARDX,9.545000076293945,9.545000076293945,9.545000076293945,9.529999732971191,9.529999732971191,2349.0
2024-03-01 11:04:00,ARQT,11.055999755859375,11.055999755859375,11.109999656677246,11.024999618530273,11.050000190734863,11810.0
2024-03-01 11:04:00,ARVN,49.650001525878906,49.650001525878906,49.8650016784668,49.650001525878906,49.720001220703125,1573.0
2024-03-01 11:04:00,ARWR,35.11000061035156,35.11000061035156,35.11000061035156,35.040000915527344,35.09000015258789,3726.0
2024-03-01 11:04:00,ASND,149.1199951171875,149.1199951171875,149.25999450683594,149.11500549316406,149.11500549316406,717.0
2024-03-01 11:04:00,ASRT,0.9200000166893005,0.9200000166893005,0.9200000166893005,0.9200000166893005,0.9200000166893005,200.0
2024-03-01 11:04:00,ATAI,1.9993000030517578,1.9993000030517578,1.9993000030517578,1.9993000030517578,1.9993000030517578,320.0
2024-03-01 11:04:00,ATEC,13.505000114440918,13.505000114440918,13.505000114440918,13.5,13.5,359.0
2024-03-01 11:04:00,ATRA,0.8188999891281128,0.8188999891281128,0.8199999928474426,0.8162999749183655,0.8199999928474426,11001.0
2024-03-01 11:04:00,ATRC,35.849998474121094,35.849998474121094,35.849998474121094,35.849998474121094,35.849998474121094,474.0
2024-03-01 11:04:00,AUGX,4.554999828338623,4.554999828338623,4.554999828338623,4.554999828338623,4.554999828338623,111.0
2024-03-01 11:04:00,AUPH,5.815000057220459,5.815000057220459,5.815000057220459,5.809999942779541,5.809999942779541,718.0
2024-03-01 11:04:00,AVDL,12.710000038146973,12.710000038146973,12.760000228881836,12.710000038146973,12.760000228881836,3914.0
2024-03-01 11:04:00,AVTE,22.670000076293945,22.670000076293945,22.670000076293945,22.670000076293945,22.670000076293945,10.0
2024-03-01 11:04:00,AVXL,5.335000038146973,5.335000038146973,5.335000038146973,5.329999923706055,5.329999923706055,997.0
2024-03-01 11:04:00,AXDX,1.0199999809265137,1.0199999809265137,1.0199999809265137,1.0199999809265137,1.0199999809265137,107.0
2024-03-01 11:04:00,AXNX,67.27999877929688,67.27999877929688,67.31999969482422,67.27999877929688,67.31120300292969,1819.0
2024-03-01 11:04:00,AZN,64.62000274658203,64.62000274658203,64.63999938964844,64.62000274658203,64.62999725341797,1400.0
2024-03-01 11:04:00,AZTA,66.47000122070312,66.47000122070312,66.47000122070312,66.44999694824219,66.44999694824219,977.0
2024-03-01 11:04:00,BBIO,36.130001068115234,36.130001068115234,36.150001525878906,36.11000061035156,36.11000061035156,1012.0
2024-03-01 11:04:00,BBLG,2.4000000953674316,2.4000000953674316,2.4000000953674316,2.4000000953674316,2.4000000953674316,600.0
2024-03-01 11:04:00,BCAB,2.7750000953674316,2.7750000953674316,2.7750000953674316,2.7750000953674316,2.7750000953674316,135.0
2024-03-01 11:04:00,BCRX,5.849899768829346,5.849899768829346,5.849899768829346,5.835000038146973,5.835000038146973,1268.0
2024-03-01 11:04:00,BCYC,25.90999984741211,25.90999984741211,25.90999984741211,25.90999984741211,25.90999984741211,134.0
2024-03-01 11:04:00,BDTX,5.065000057220459,5.065000057220459,5.065000057220459,5.050000190734863,5.050000190734863,1259.0
2024-03-01 11:04:00,BEAM,40.34000015258789,40.34000015258789,40.369998931884766,40.34000015258789,40.369998931884766,473.0
2024-03-01 11:04:00,BIIB,219.52000427246094,219.52000427246094,219.7100067138672,219.52000427246094,219.69000244140625,2081.0
2024-03-01 11:04:00,BIOL,0.1388999968767166,0.1388999968767166,0.1388999968767166,0.1388999968767166,0.1388999968767166,559.0
2024-03-01 11:04:00,BIOR,1.2400000095367432,1.2400000095367432,1.246000051498413,1.2400000095367432,1.246000051498413,1252.0
2024-03-01 11:04:00,BIVI,2.180000066757202,2.180000066757202,2.190000057220459,2.130000114440918,2.140000104904175,144709.0
2024-03-01 11:04:00,BLRX,1.3890000581741333,1.3890000581741333,1.3890000581741333,1.3799999952316284,1.3799999952316284,0.0
2024-03-01 11:04:00,BLUE,1.5850000381469727,1.5850000381469727,1.590000033378601,1.5800000429153442,1.5800000429153442,17245.0
2024-03-01 11:04:00,BMEA,17.690000534057617,17.690000534057617,17.690000534057617,17.665000915527344,17.665000915527344,615.0
2024-03-01 11:04:00,BMRN,86.66000366210938,86.66000366210938,86.66999816894531,86.63500213623047,86.63500213623047,772.0
2024-03-01 11:04:00,BNGO,1.2537000179290771,1.2537000179290771,1.2537000179290771,1.250100016593933,1.250100016593933,5392.0
2024-03-01 11:04:00,BNTC,5.070000171661377,5.070000171661377,5.070000171661377,5.039999961853027,5.039999961853027,300.0
2024-03-01 11:04:00,BNTX,91.80500030517578,91.80500030517578,91.80999755859375,91.75,91.75,1229.0
2024-03-01 11:04:00,BOLT,1.1878000497817993,1.1878000497817993,1.1878000497817993,1.1878000497817993,1.1878000497817993,200.0
2024-03-01 11:04:00,BPMC,96.74500274658203,96.74500274658203,96.74500274658203,96.66000366210938,96.66000366210938,1650.0
2024-03-01 11:04:00,BRKR,87.86499786376953,87.86499786376953,87.87999725341797,87.83499908447266,87.83499908447266,700.0
2024-03-01 11:04:00,BRTX,1.4900000095367432,1.4900000095367432,1.4900000095367432,1.4900000095367432,1.4900000095367432,639.0
2024-03-01 11:04:00,CABA,23.950000762939453,23.950000762939453,23.979999542236328,23.940000534057617,23.954999923706055,1535.0
2024-03-01 11:04:00,CAPR,4.554999828338623,4.554999828338623,4.554999828338623,4.554999828338623,4.554999828338623,0.0
2024-03-01 11:04:00,CARA,0.9300000071525574,0.9300000071525574,0.9300000071525574,0.9300000071525574,0.9300000071525574,510.0
2024-03-01 11:04:00,CBAY,32.23500061035156,32.23500061035156,32.2400016784668,32.22999954223633,32.22999954223633,3635.0
2024-03-01 11:04:00,CCCC,11.0,11.0,11.015000343322754,11.0,11.015000343322754,828.0
2024-03-01 11:04:00,CDMO,8.149999618530273,8.149999618530273,8.180000305175781,8.149999618530273,8.180000305175781,2424.0
2024-03-01 11:04:00,CDNA,12.265000343322754,12.265000343322754,12.3100004196167,12.250300407409668,12.300000190734863,3766.0
2024-03-01 11:04:00,CDXS,4.460000038146973,4.460000038146973,4.460400104522705,4.439899921417236,4.460400104522705,6584.0
2024-03-01 11:04:00,CELU,3.7249999046325684,3.7249999046325684,3.7249999046325684,3.7249999046325684,3.7249999046325684,239.0
2024-03-01 11:04:00,CERE,41.22999954223633,41.22999954223633,41.22999954223633,41.220001220703125,41.220001220703125,784.0
2024-03-01 11:04:00,CERT,17.760000228881836,17.760000228881836,17.760000228881836,17.75,17.760000228881836,1650.0
2024-03-01 11:04:00,CGC,3.279900074005127,3.279900074005127,3.279900074005127,3.2699999809265137,3.2699999809265137,2978.0
2024-03-01 11:04:00,CGEM,18.739999771118164,18.739999771118164,18.799999237060547,18.739999771118164,18.799999237060547,836.0
2024-03-01 11:04:00,CGEN,2.6898999214172363,2.6898999214172363,2.6898999214172363,2.6898999214172363,2.6898999214172363,748.0
2024-03-01 11:04:00,CGTX,2.0799999237060547,2.0799999237060547,2.0799999237060547,2.069999933242798,2.069999933242798,800.0
2024-03-01 11:04:00,CHRS,2.3201000690460205,2.3201000690460205,2.3299999237060547,2.3201000690460205,2.325000047683716,1423.0
2024-03-01 11:04:00,CING,1.4500000476837158,1.4500000476837158,1.4797999858856201,1.4199999570846558,1.4700000286102295,5553.0
2024-03-01 11:04:00,CKPT,2.1600000858306885,2.1600000858306885,2.1600000858306885,2.1600000858306885,2.1600000858306885,600.0
2024-03-01 11:04:00,CLDX,52.27000045776367,52.27000045776367,52.43000030517578,52.27000045776367,52.41999816894531,3901.0
2024-03-01 11:04:00,CLNN,0.39489999413490295,0.39489999413490295,0.39500001072883606,0.39489999413490295,0.39500001072883606,15300.0
2024-03-01 11:04:00,CLOV,0.8626999855041504,0.8626999855041504,0.8628000020980835,0.8626999855041504,0.8628000020980835,9098.0
2024-03-01 11:04:00,CLRB,4.079999923706055,4.079999923706055,4.085000038146973,4.074999809265137,4.079899787902832,4260.0
2024-03-01 11:04:00,CLVR,3.940000057220459,3.940000057220459,3.940000057220459,3.940000057220459,3.940000057220459,841.0
2024-03-01 11:04:00,CMPS,10.975000381469727,10.975000381469727,10.975000381469727,10.949999809265137,10.956000328063965,1185.0
2024-03-01 11:04:00,CNTX,1.1699999570846558,1.1699999570846558,1.1699999570846558,1.1699999570846558,1.1699999570846558,779.0
2024-03-01 11:04:00,COGT,7.199999809265137,7.199999809265137,7.199999809265137,7.179999828338623,7.190000057220459,2686.0
2024-03-01 11:04:00,COLL,37.02000045776367,37.02000045776367,37.16999816894531,37.02000045776367,37.11709976196289,3590.0
2024-03-01 11:04:00,CORT,23.780000686645508,23.780000686645508,23.799999237060547,23.780000686645508,23.799999237060547,300.0
2024-03-01 11:04:00,CPRX,17.350000381469727,17.350000381469727,17.3799991607666,17.350000381469727,17.3799991607666,6081.0
2024-03-01 11:04:00,CPSI,9.485600471496582,9.485600471496582,9.485600471496582,9.485600471496582,9.485600471496582,859.0
2024-03-01 11:04:00,CRBU,8.079999923706055,8.079999923706055,8.085000038146973,8.0600004196167,8.0600004196167,2086.0
2024-03-01 11:04:00,CRDF,2.5023999214172363,2.5023999214172363,2.5299999713897705,2.4800000190734863,2.5288000106811523,24416.0
2024-03-01 11:04:00,CRDL,1.922700047492981,1.922700047492981,1.922700047492981,1.922700047492981,1.922700047492981,3000.0
2024-03-01 11:04:00,CRMD,3.680000066757202,3.680000066757202,3.680000066757202,3.6700000762939453,3.6700000762939453,1302.0
2024-03-01 11:04:00,CRNX,45.904998779296875,45.904998779296875,45.90999984741211,45.584999084472656,45.584999084472656,3458.0
2024-03-01 11:04:00,CRSP,85.70010375976562,85.70010375976562,85.81999969482422,85.70010375976562,85.72000122070312,1583.0
2024-03-01 11:04:00,CSTL,19.815000534057617,19.815000534057617,19.864999771118164,19.780000686645508,19.864999771118164,2644.0
2024-03-01 11:04:00,CTMX,2.490000009536743,2.490000009536743,2.5,2.490000009536743,2.5,301.0
2024-03-01 11:04:00,CTXR,0.7802000045776367,0.7802000045776367,0.7802000045776367,0.7802000045776367,0.7802000045776367,11627.0
2024-03-01 11:04:00,CUE,2.180000066757202,2.180000066757202,2.180000066757202,2.180000066757202,2.180000066757202,200.0
2024-03-01 11:04:00,CUTR,2.3350000381469727,2.3350000381469727,2.3350000381469727,2.3350000381469727,2.3350000381469727,200.0
2024-03-01 11:04:00,CVAC,3.450000047683716,3.450000047683716,3.450000047683716,3.450000047683716,3.450000047683716,601.0
2024-03-01 11:04:00,CYCN,3.059999942779541,3.059999942779541,3.059999942779541,3.059999942779541,3.059999942779541,715.0
2024-03-01 11:04:00,CYTK,74.66500091552734,74.66500091552734,74.66999816894531,74.5999984741211,74.65750122070312,1743.0
2024-03-01 11:04:00,DAWN,17.459999084472656,17.459999084472656,17.475000381469727,17.459999084472656,17.475000381469727,207.0
2024-03-01 11:04:00,DCGO,4.119999885559082,4.119999885559082,4.119999885559082,4.114999771118164,4.114999771118164,15.0
2024-03-01 11:04:00,DCPH,17.030000686645508,17.030000686645508,17.030000686645508,17.030000686645508,17.030000686645508,354.0
2024-03-01 11:04:00,DH,9.069999694824219,9.069999694824219,9.069999694824219,9.069999694824219,9.069999694824219,212.0
2024-03-01 11:04:00,DMTK,0.879800021648407,0.879800021648407,0.8798999786376953,0.8500999808311462,0.8650000095367432,16012.0
2024-03-01 11:04:00,DNLI,20.764999389648438,20.764999389648438,20.764999389648438,20.739999771118164,20.739999771118164,912.0
2024-03-01 11:04:00,DTIL,12.906800270080566,12.906800270080566,12.90999984741211,12.841500282287598,12.841500282287598,1469.0
2024-03-01 11:04:00,DVAX,12.8149995803833,12.8149995803833,12.819999694824219,12.795000076293945,12.795000076293945,2720.0
2024-03-01 11:04:00,DXCM,119.1050033569336,119.1050033569336,119.11750030517578,119.0199966430664,119.08999633789062,5651.0
2024-03-01 11:04:00,DYN,28.7450008392334,28.7450008392334,28.760000228881836,28.7450008392334,28.760000228881836,1085.0
2024-03-01 11:04:00,EDIT,11.029999732971191,11.029999732971191,11.050000190734863,11.010000228881836,11.010000228881836,3961.0
2024-03-01 11:04:00,EFTR,15.149999618530273,15.149999618530273,15.149999618530273,15.0,15.0,1100.0
2024-03-01 11:04:00,EGRX,6.5,6.5,6.5,6.5,6.5,110.0
2024-03-01 11:04:00,ELEV,4.934999942779541,4.934999942779541,4.940000057220459,4.920000076293945,4.920000076293945,709.0
2024-03-01 11:04:00,ENTA,15.085000038146973,15.085000038146973,15.085000038146973,15.085000038146973,15.085000038146973,145.0
2024-03-01 11:04:00,ENVB,1.6301000118255615,1.6301000118255615,1.649999976158142,1.6299999952316284,1.6416000127792358,13297.0
2024-03-01 11:04:00,EPIX,9.60509967803955,9.60509967803955,9.60509967803955,9.60509967803955,9.60509967803955,172.0
2024-03-01 11:04:00,ESPR,2.4649999141693115,2.4649999141693115,2.4649999141693115,2.4549999237060547,2.4549999237060547,12114.0
2024-03-01 11:04:00,ESTA,45.56999969482422,45.56999969482422,45.56999969482422,45.56999969482422,45.56999969482422,196.0
2024-03-01 11:04:00,ETNB,12.829999923706055,12.829999923706055,12.859999656677246,12.829999923706055,12.829999923706055,3049.0
2024-03-01 11:04:00,EVGN,0.9200000166893005,0.9200000166893005,0.9200000166893005,0.9150000214576721,0.9150000214576721,2010.0
2024-03-01 11:04:00,EVLO,0.054499998688697815,0.054499998688697815,0.054499998688697815,0.054499998688697815,0.054499998688697815,1201.0
2024-03-01 11:04:00,EVO,7.480000019073486,7.480000019073486,7.480000019073486,7.480000019073486,7.480000019073486,200.0
2024-03-01 11:04:00,EWTX,16.889999389648438,16.889999389648438,16.889999389648438,16.8799991607666,16.8799991607666,452.0
2024-03-01 11:04:00,EXAS,59.97999954223633,59.97999954223633,60.0,59.939998626708984,59.939998626708984,1154.0
2024-03-01 11:04:00,EXEL,22.520000457763672,22.520000457763672,22.520000457763672,22.510000228881836,22.510000228881836,840.0
2024-03-01 11:04:00,EYPT,28.010000228881836,28.010000228881836,28.010099411010742,28.010000228881836,28.010099411010742,2078.0
2024-03-01 11:04:00,FATE,7.479700088500977,7.479700088500977,7.480000019073486,7.474999904632568,7.480000019073486,2665.0
2024-03-01 11:04:00,FBIO,2.259700059890747,2.259700059890747,2.259700059890747,2.259700059890747,2.259700059890747,0.0
2024-03-01 11:04:00,FDMT,29.07270050048828,29.07270050048828,29.07270050048828,29.07270050048828,29.07270050048828,230.0
2024-03-01 11:04:00,FGEN,1.7649999856948853,1.7649999856948853,1.7699999809265137,1.7599999904632568,1.7649999856948853,1382.0
2024-03-01 11:04:00,FOLD,13.510000228881836,13.510000228881836,13.510000228881836,13.505000114440918,13.510000228881836,987.0
2024-03-01 11:04:00,FULC,10.649999618530273,10.649999618530273,10.649999618530273,10.610400199890137,10.610400199890137,1559.0
2024-03-01 11:04:00,FUSN,12.029999732971191,12.029999732971191,12.029999732971191,12.010000228881836,12.015000343322754,326.0
2024-03-01 11:04:00,GANX,4.590000152587891,4.590000152587891,4.590000152587891,4.590000152587891,4.590000152587891,466.0
2024-03-01 11:04:00,GDRX,8.251099586486816,8.251099586486816,8.260000228881836,8.251099586486816,8.260000228881836,1421.0
2024-03-01 11:04:00,GERN,2.130000114440918,2.130000114440918,2.140000104904175,2.130000114440918,2.134999990463257,7870.0
2024-03-01 11:04:00,GH,19.260000228881836,19.260000228881836,19.269899368286133,19.25,19.25,875.0
2024-03-01 11:04:00,GILD,72.4000015258789,72.4000015258789,72.41999816894531,72.37000274658203,72.4000015258789,7014.0
2024-03-01 11:04:00,GLMD,0.4025999903678894,0.4025999903678894,0.4025999903678894,0.4025999903678894,0.4025999903678894,100.0
2024-03-01 11:04:00,GNPX,4.440000057220459,4.440000057220459,4.440000057220459,4.440000057220459,4.440000057220459,158.0
2024-03-01 11:04:00,GOSS,1.3600000143051147,1.3600000143051147,1.3650000095367432,1.3600000143051147,1.3650000095367432,0.0
2024-03-01 11:04:00,GRFS,6.974999904632568,6.974999904632568,6.974999904632568,6.965000152587891,6.96999979019165,3856.0
2024-03-01 11:04:00,GRTS,2.184999942779541,2.184999942779541,2.1898000240325928,2.184999942779541,2.184999942779541,2000.0
2024-03-01 11:04:00,GRTX,0.23090000450611115,0.23090000450611115,0.23090000450611115,0.23090000450611115,0.23090000450611115,719.0
2024-03-01 11:04:00,GTHX,3.444999933242798,3.444999933242798,3.444999933242798,3.424999952316284,3.430000066757202,1547.0
2024-03-01 11:04:00,HALO,41.25,41.25,41.255001068115234,41.22999954223633,41.22999954223633,1214.0
2024-03-01 11:04:00,HARP,22.93000030517578,22.93000030517578,22.93000030517578,22.93000030517578,22.93000030517578,263.0
2024-03-01 11:04:00,HCAT,7.960000038146973,7.960000038146973,7.96999979019165,7.960000038146973,7.96999979019165,432.0
2024-03-01 11:04:00,HCSG,12.694999694824219,12.694999694824219,12.694999694824219,12.694999694824219,12.694999694824219,247.0
2024-03-01 11:04:00,HCTI,2.4100000858306885,2.4100000858306885,2.4100000858306885,2.4100000858306885,2.4100000858306885,125.0
2024-03-01 11:04:00,HOLX,74.05999755859375,74.05999755859375,74.0999984741211,74.05999755859375,74.08000183105469,2906.0
2024-03-01 11:04:00,HQY,81.91000366210938,81.91000366210938,81.91000366210938,81.91000366210938,81.91000366210938,600.0
2024-03-01 11:04:00,HRMY,31.450000762939453,31.450000762939453,31.450000762939453,31.450000762939453,31.450000762939453,437.0
2024-03-01 11:04:00,HRTX,2.6695001125335693,2.6695001125335693,2.6700000762939453,2.6600000858306885,2.6600000858306885,9388.0
2024-03-01 11:04:00,HSIC,77.08000183105469,77.08000183105469,77.08000183105469,76.9800033569336,77.02999877929688,979.0
2024-03-01 11:04:00,HUMA,3.1898999214172363,3.1898999214172363,3.1898999214172363,3.184999942779541,3.1898999214172363,650.0
2024-03-01 11:04:00,IART,36.834999084472656,36.834999084472656,36.834999084472656,36.7599983215332,36.7599983215332,832.0
2024-03-01 11:04:00,IBRX,4.809999942779541,4.809999942779541,4.809999942779541,4.801199913024902,4.804999828338623,935.0
2024-03-01 11:04:00,ICAD,1.8300000429153442,1.8300000429153442,1.8300000429153442,1.8300000429153442,1.8300000429153442,7033.0
2024-03-01 11:04:00,ICUI,107.04499816894531,107.04499816894531,107.04499816894531,107.04499816894531,107.04499816894531,142.0
2024-03-01 11:04:00,IDXX,580.3900146484375,580.3900146484375,580.3900146484375,579.9299926757812,579.9299926757812,496.0
2024-03-01 11:04:00,IDYA,46.060001373291016,46.060001373291016,46.060001373291016,45.98500061035156,45.98500061035156,489.0
2024-03-01 11:04:00,ILMN,141.5749969482422,141.5749969482422,141.5749969482422,141.4199981689453,141.5449981689453,2027.0
2024-03-01 11:04:00,IMAB,1.840000033378601,1.840000033378601,1.840000033378601,1.840000033378601,1.840000033378601,110.0
2024-03-01 11:04:00,IMCR,68.09500122070312,68.09500122070312,68.09500122070312,67.91000366210938,67.95999908447266,630.0
2024-03-01 11:04:00,IMNN,1.0449999570846558,1.0449999570846558,1.0449999570846558,1.0449999570846558,1.0449999570846558,1261.0
2024-03-01 11:04:00,IMTX,13.069999694824219,13.069999694824219,13.069999694824219,13.069999694824219,13.069999694824219,100.0
2024-03-01 11:04:00,IMUX,1.4850000143051147,1.4850000143051147,1.4850000143051147,1.4850000143051147,1.4850000143051147,294.0
2024-03-01 11:04:00,IMVT,36.220001220703125,36.220001220703125,36.279998779296875,36.220001220703125,36.22999954223633,4166.0
2024-03-01 11:04:00,INAB,1.100000023841858,1.100000023841858,1.100000023841858,1.100000023841858,1.100000023841858,1077.0
2024-03-01 11:04:00,INCY,59.43000030517578,59.43000030517578,59.45100021362305,59.400001525878906,59.400001525878906,2517.0
2024-03-01 11:04:00,INDP,2.0,2.0,2.0199999809265137,2.0,2.0199999809265137,150.0
2024-03-01 11:04:00,INMD,22.8799991607666,22.8799991607666,22.889999389648438,22.860000610351562,22.889999389648438,2056.0
2024-03-01 11:04:00,INSM,28.399999618530273,28.399999618530273,28.399999618530273,28.344999313354492,28.344999313354492,1226.0
2024-03-01 11:04:00,INVA,15.53499984741211,15.53499984741211,15.539999961853027,15.53499984741211,15.539999961853027,574.0
2024-03-01 11:04:00,IOBT,1.7537000179290771,1.7537000179290771,1.7537000179290771,1.7537000179290771,1.7537000179290771,352.0
2024-03-01 11:04:00,IOVA,16.434999465942383,16.434999465942383,16.53499984741211,16.423200607299805,16.489900588989258,26482.0
2024-03-01 11:04:00,IRWD,8.954999923706055,8.954999923706055,8.960000038146973,8.944999694824219,8.944999694824219,15328.0
2024-03-01 11:04:00,ISRG,392.2900085449219,392.2900085449219,392.32000732421875,391.875,392.1000061035156,3584.0
2024-03-01 11:04:00,ITCI,71.06999969482422,71.06999969482422,71.18000030517578,71.06999969482422,71.18000030517578,780.0
2024-03-01 11:04:00,JAGX,0.08579999953508377,0.08579999953508377,0.08869999647140503,0.08569999784231186,0.08869999647140503,740134.0
2024-03-01 11:04:00,JANX,46.47999954223633,46.47999954223633,46.47999954223633,46.345001220703125,46.47999954223633,1128.0
2024-03-01 11:04:00,JAZZ,120.41999816894531,120.41999816894531,120.41999816894531,120.33000183105469,120.33000183105469,902.0
2024-03-01 11:04:00,KNSA,21.93000030517578,21.93000030517578,21.93000030517578,21.89459991455078,21.89459991455078,414.0
2024-03-01 11:04:00,KOD,6.119999885559082,6.119999885559082,6.119999885559082,6.1107001304626465,6.1107001304626465,848.0
2024-03-01 11:04:00,KPTI,1.2649999856948853,1.2649999856948853,1.2680000066757202,1.2649999856948853,1.2680000066757202,3203.0
2024-03-01 11:04:00,KROS,69.01000213623047,69.01000213623047,69.02999877929688,69.0,69.0,1831.0
2024-03-01 11:04:00,KTRA,0.10080000013113022,0.10080000013113022,0.10080000013113022,0.10040000081062317,0.10040000081062317,4433.0
2024-03-01 11:04:00,KURA,21.219999313354492,21.219999313354492,21.270000457763672,21.219999313354492,21.270000457763672,157.0
2024-03-01 11:04:00,KYMR,43.9900016784668,43.9900016784668,44.11000061035156,43.97999954223633,44.11000061035156,6055.0
2024-03-01 11:04:00,KZIA,0.24040000140666962,0.24040000140666962,0.24040000140666962,0.24040000140666962,0.24040000140666962,100.0
2024-03-01 11:04:00,KZR,1.1050000190734863,1.1050000190734863,1.1050000190734863,1.100000023841858,1.1050000190734863,11100.0
2024-03-01 11:04:00,LBPH,21.604999542236328,21.604999542236328,21.604999542236328,21.604999542236328,21.604999542236328,242.0
2024-03-01 11:04:00,LEGN,65.79000091552734,65.79000091552734,65.8499984741211,65.79000091552734,65.83499908447266,2457.0
2024-03-01 11:04:00,LEXX,2.700000047683716,2.700000047683716,2.700000047683716,2.6500000953674316,2.6500000953674316,1721.0
2024-03-01 11:04:00,LFMD,7.9770002365112305,7.9770002365112305,7.9770002365112305,7.965000152587891,7.96999979019165,1570.0
2024-03-01 11:04:00,LFST,8.010000228881836,8.010000228881836,8.015000343322754,7.985000133514404,7.985000133514404,11829.0
2024-03-01 11:04:00,LIVN,55.040000915527344,55.040000915527344,55.040000915527344,55.040000915527344,55.040000915527344,210.0
2024-03-01 11:04:00,LNTH,65.56999969482422,65.56999969482422,65.63999938964844,65.55500030517578,65.61000061035156,1614.0
2024-03-01 11:04:00,LPTX,2.865000009536743,2.865000009536743,2.865000009536743,2.865000009536743,2.865000009536743,16390.0
2024-03-01 11:04:00,LRMR,11.130000114440918,11.130000114440918,11.130000114440918,11.130000114440918,11.130000114440918,1900.0
2024-03-01 11:04:00,LUCD,1.2200000286102295,1.2200000286102295,1.2300000190734863,1.2200000286102295,1.2300000190734863,295.0
2024-03-01 11:04:00,LUNG,9.210000038146973,9.210000038146973,9.220000267028809,9.199999809265137,9.210000038146973,1610.0
2024-03-01 11:04:00,LVTX,3.0283000469207764,3.0283000469207764,3.029900074005127,3.0283000469207764,3.029900074005127,652.0
2024-03-01 11:04:00,LXRX,2.399899959564209,2.399899959564209,2.399899959564209,2.3901000022888184,2.3949999809265137,947.0
2024-03-01 11:04:00,LYEL,3.1500000953674316,3.1500000953674316,3.1500000953674316,3.1500000953674316,3.1500000953674316,1853.0
2024-03-01 11:04:00,MASI,126.96630096435547,126.96630096435547,126.96630096435547,126.96630096435547,126.96630096435547,302.0
2024-03-01 11:04:00,MCRB,1.1799999475479126,1.1799999475479126,1.1799999475479126,1.1799999475479126,1.1799999475479126,107.0
2024-03-01 11:04:00,MDGL,240.21499633789062,240.21499633789062,240.21499633789062,240.21499633789062,240.21499633789062,435.0
2024-03-01 11:04:00,MDRX,5.800000190734863,5.800000190734863,5.889999866485596,5.75,5.849999904632568,195385.0
2024-03-01 11:04:00,MDXG,8.515000343322754,8.515000343322754,8.515000343322754,8.494999885559082,8.5,5685.0
2024-03-01 11:04:00,MDXH,3.7200000286102295,3.7200000286102295,3.7200000286102295,3.690000057220459,3.690000057220459,2100.0
2024-03-01 11:04:00,ME,0.5831000208854675,0.5831000208854675,0.583299994468689,0.5824999809265137,0.5824999809265137,1095.0
2024-03-01 11:04:00,MGNX,19.25,19.25,19.25,19.190000534057617,19.190000534057617,1679.0
2024-03-01 11:04:00,MGTX,6.24429988861084,6.24429988861084,6.244999885559082,6.24429988861084,6.244999885559082,614.0
2024-03-01 11:04:00,MIRM,29.795000076293945,29.795000076293945,29.799999237060547,29.790000915527344,29.790000915527344,857.0
2024-03-01 11:04:00,MLTX,51.279998779296875,51.279998779296875,51.29999923706055,51.16999816894531,51.16999816894531,1464.0
2024-03-01 11:04:00,MMSI,76.23500061035156,76.23500061035156,76.26499938964844,76.16999816894531,76.2300033569336,1038.0
2024-03-01 11:04:00,MNKD,4.585000038146973,4.585000038146973,4.585000038146973,4.571000099182129,4.574999809265137,5197.0
2024-03-01 11:04:00,MNMD,5.849999904632568,5.849999904632568,5.860000133514404,5.849999904632568,5.860000133514404,659.0
2024-03-01 11:04:00,MODV,28.010000228881836,28.010000228881836,28.010000228881836,27.770000457763672,27.770000457763672,384.0
2024-03-01 11:04:00,MORF,38.3849983215332,38.3849983215332,38.3849983215332,38.3849983215332,38.3849983215332,151.0
2024-03-01 11:04:00,MREO,3.799999952316284,3.799999952316284,3.8076000213623047,3.7915000915527344,3.799999952316284,5762.0
2024-03-01 11:04:00,MRNA,95.4800033569336,95.4800033569336,95.5,95.3499984741211,95.4000015258789,6222.0
2024-03-01 11:04:00,MRSN,5.744999885559082,5.744999885559082,5.755000114440918,5.715000152587891,5.715000152587891,4932.0
2024-03-01 11:04:00,MRUS,49.915000915527344,49.915000915527344,49.915000915527344,49.915000915527344,49.915000915527344,100.0
2024-03-01 11:04:00,MRVI,7.835000038146973,7.835000038146973,7.850500106811523,7.835000038146973,7.849999904632568,1404.0
2024-03-01 11:04:00,NARI,45.25199890136719,45.25199890136719,45.312198638916016,45.2400016784668,45.3025016784668,795.0
2024-03-01 11:04:00,NBIX,130.648193359375,130.648193359375,130.64999389648438,130.63999938964844,130.63999938964844,824.0
2024-03-01 11:04:00,NEO,16.145000457763672,16.145000457763672,16.145000457763672,16.145000457763672,16.145000457763672,222.0
2024-03-01 11:04:00,NEOG,17.219999313354492,17.219999313354492,17.219999313354492,17.219999313354492,17.219999313354492,566.0
2024-03-01 11:04:00,NGM,1.5299999713897705,1.5299999713897705,1.5299999713897705,1.5299999713897705,1.5299999713897705,169.0
2024-03-01 11:04:00,NKTR,0.7401000261306763,0.7401000261306763,0.7401000261306763,0.7401000261306763,0.7401000261306763,0.0
2024-03-01 11:04:00,NKTX,12.380000114440918,12.380000114440918,12.380000114440918,12.369999885559082,12.369999885559082,1281.0
2024-03-01 11:04:00,NMTC,1.2100000381469727,1.2100000381469727,1.2100000381469727,1.2100000381469727,1.2100000381469727,307.0
2024-03-01 11:04:00,NNOX,11.149999618530273,11.149999618530273,11.170000076293945,11.130000114440918,11.130000114440918,960.0
2024-03-01 11:04:00,NOTV,7.840099811553955,7.840099811553955,7.855000019073486,7.822800159454346,7.831600189208984,9222.0
2024-03-01 11:04:00,NRBO,5.639999866485596,5.639999866485596,5.639999866485596,5.639999866485596,5.639999866485596,108.0
2024-03-01 11:04:00,NRIX,13.220000267028809,13.220000267028809,13.220000267028809,13.220000267028809,13.220000267028809,894.0
2024-03-01 11:04:00,NRXP,0.43299999833106995,0.43299999833106995,0.43299999833106995,0.4205999970436096,0.4300000071525574,2425.0
2024-03-01 11:04:00,NTLA,33.470001220703125,33.470001220703125,33.470001220703125,33.369998931884766,33.369998931884766,2555.0
2024-03-01 11:04:00,NTRA,89.11000061035156,89.11000061035156,89.11000061035156,89.04000091552734,89.04000091552734,2034.0
2024-03-01 11:04:00,NURO,4.045000076293945,4.045000076293945,4.045000076293945,4.030099868774414,4.030099868774414,500.0
2024-03-01 11:04:00,NVAX,5.150000095367432,5.150000095367432,5.159900188446045,5.141200065612793,5.144999980926514,7878.0
2024-03-01 11:04:00,NVCR,16.173799514770508,16.173799514770508,16.173799514770508,16.170000076293945,16.170000076293945,690.0
2024-03-01 11:04:00,NXTC,1.7949999570846558,1.7949999570846558,1.7949999570846558,1.7949999570846558,1.7949999570846558,230.0
2024-03-01 11:04:00,OCGN,0.9182000160217285,0.9182000160217285,0.9187999963760376,0.9180999994277954,0.9180999994277954,6157.0
2024-03-01 11:04:00,OCUL,10.399999618530273,10.399999618530273,10.399999618530273,10.380000114440918,10.380000114440918,1670.0
2024-03-01 11:04:00,OLK,22.614999771118164,22.614999771118164,22.614999771118164,22.614999771118164,22.614999771118164,200.0
2024-03-01 11:04:00,OLMA,12.829999923706055,12.829999923706055,12.829999923706055,12.829999923706055,12.829999923706055,1800.0
2024-03-01 11:04:00,OM,3.130000114440918,3.130000114440918,3.130000114440918,3.119999885559082,3.119999885559082,489.0
2024-03-01 11:04:00,OMER,4.762899875640869,4.762899875640869,4.762899875640869,4.762899875640869,4.762899875640869,492.0
2024-03-01 11:05:00,ABCL,5.159999847412109,5.159999847412109,5.159999847412109,5.150000095367432,5.15500020980835,2519.0
2024-03-01 11:05:00,ABSI,5.148600101470947,5.148600101470947,5.150000095367432,5.139999866485596,5.150000095367432,2128.0
2024-03-01 11:05:00,ACAD,23.94059944152832,23.94059944152832,23.94059944152832,23.94059944152832,23.94059944152832,605.0
2024-03-01 11:05:00,ACB,3.10509991645813,3.10509991645813,3.109999895095825,3.0999999046325684,3.0999999046325684,1401.0
2024-03-01 11:05:00,ACET,2.375,2.375,2.375,2.375,2.375,111.0
2024-03-01 11:05:00,ACHC,83.77999877929688,83.77999877929688,83.80999755859375,83.77999877929688,83.80999755859375,485.0
2024-03-01 11:05:00,ACLX,67.66000366210938,67.66000366210938,67.66000366210938,67.66000366210938,67.66000366210938,357.0
2024-03-01 11:05:00,ACRS,1.225000023841858,1.225000023841858,1.2300000190734863,1.225000023841858,1.225000023841858,1156.0
2024-03-01 11:05:00,ADAG,3.319999933242798,3.319999933242798,3.319999933242798,3.299999952316284,3.299999952316284,1010.0
2024-03-01 11:05:00,ADIL,3.212399959564209,3.212399959564209,3.25,3.2105000019073486,3.25,20117.0
2024-03-01 11:05:00,ADMA,5.359099864959717,5.359099864959717,5.37529993057251,5.359099864959717,5.364999771118164,11528.0
2024-03-01 11:05:00,AFMD,0.6100000143051147,0.6100000143051147,0.6100000143051147,0.6100000143051147,0.6100000143051147,101.0
2024-03-01 11:05:00,AGEN,0.6672000288963318,0.6672000288963318,0.6672000288963318,0.6671000123023987,0.6672000288963318,3370.0
2024-03-01 11:05:00,AGIO,32.720001220703125,32.720001220703125,32.720001220703125,32.720001220703125,32.720001220703125,694.0
2024-03-01 11:05:00,AHCO,10.744999885559082,10.744999885559082,10.744999885559082,10.739999771118164,10.739999771118164,1039.0
2024-03-01 11:05:00,AKAN,0.25110000371932983,0.25110000371932983,0.25110000371932983,0.25110000371932983,0.25110000371932983,515.0
2024-03-01 11:05:00,AKBA,1.6549999713897705,1.6549999713897705,1.6549999713897705,1.6449999809265137,1.6449999809265137,9168.0
2024-03-01 11:05:00,AKRO,29.270000457763672,29.270000457763672,29.309999465942383,29.270000457763672,29.270000457763672,4303.0
2024-03-01 11:05:00,ALDX,4.085000038146973,4.085000038146973,4.085000038146973,4.070000171661377,4.070000171661377,1107.0
2024-03-01 11:05:00,ALHC,5.869999885559082,5.869999885559082,5.869999885559082,5.840000152587891,5.840099811553955,8061.0
2024-03-01 11:05:00,ALKS,30.190000534057617,30.190000534057617,30.200000762939453,30.190000534057617,30.200000762939453,816.0
2024-03-01 11:05:00,ALLO,4.985000133514404,4.985000133514404,4.985000133514404,4.985000133514404,4.985000133514404,128.0
2024-03-01 11:05:00,ALNY,154.97500610351562,154.97500610351562,154.97500610351562,154.64199829101562,154.69000244140625,842.0
2024-03-01 11:05:00,ALT,12.14009952545166,12.14009952545166,12.149999618530273,12.14009952545166,12.149999618530273,3076.0
2024-03-01 11:05:00,ALVO,15.649999618530273,15.649999618530273,15.649999618530273,15.649999618530273,15.649999618530273,0.0
2024-03-01 11:05:00,AMGN,280.8900146484375,280.8900146484375,280.8900146484375,280.5899963378906,280.6099853515625,21143.0
2024-03-01 11:05:00,AMLX,18.854999542236328,18.854999542236328,18.8700008392334,18.829999923706055,18.850000381469727,3085.0
2024-03-01 11:05:00,AMPH,45.5625,45.5625,45.59830093383789,45.5625,45.59349822998047,1316.0
2024-03-01 11:05:00,AMRN,1.034999966621399,1.034999966621399,1.034999966621399,1.034999966621399,1.034999966621399,187.0
2024-03-01 11:05:00,ANGO,5.460000038146973,5.460000038146973,5.460000038146973,5.460000038146973,5.460000038146973,132.0
2024-03-01 11:05:00,ANIP,67.20999908447266,67.20999908447266,67.20999908447266,66.7699966430664,67.0,3251.0
2024-03-01 11:05:00,ANNX,5.96999979019165,5.96999979019165,6.019999980926514,5.96999979019165,5.980000019073486,629.0
2024-03-01 11:05:00,APLS,64.2300033569336,64.2300033569336,64.38999938964844,64.22000122070312,64.31999969482422,13651.0
2024-03-01 11:05:00,APLT,7.150000095367432,7.150000095367432,7.159999847412109,7.150000095367432,7.159999847412109,3893.0
2024-03-01 11:05:00,APVO,0.1647000014781952,0.1647000014781952,0.1647000014781952,0.1647000014781952,0.1647000014781952,1099.0
2024-03-01 11:05:00,AQST,4.221799850463867,4.221799850463867,4.229300022125244,4.21999979019165,4.220099925994873,14480.0
2024-03-01 11:05:00,ARAY,2.625,2.625,2.625,2.6110999584198,2.6110999584198,1014.0
2024-03-01 11:05:00,ARCT,39.625,39.625,39.66999816894531,39.625,39.665000915527344,905.0
2024-03-01 11:05:00,ARDX,9.545000076293945,9.545000076293945,9.545000076293945,9.53499984741211,9.545000076293945,7238.0
2024-03-01 11:05:00,ARGX,388.6549987792969,388.6549987792969,388.7850036621094,388.6549987792969,388.7850036621094,1136.0
2024-03-01 11:05:00,ARQT,10.984999656677246,10.984999656677246,11.050000190734863,10.984999656677246,11.050000190734863,2457.0
2024-03-01 11:05:00,ARVN,49.599098205566406,49.599098205566406,49.67499923706055,49.43000030517578,49.67499923706055,1332.0
2024-03-01 11:05:00,ARWR,35.099998474121094,35.099998474121094,35.099998474121094,35.029998779296875,35.06999969482422,1500.0
2024-03-01 11:05:00,ASRT,0.9200000166893005,0.9200000166893005,0.9200000166893005,0.9121000170707703,0.9121000170707703,194.0
2024-03-01 11:05:00,ATAI,1.9900000095367432,1.9900000095367432,1.9900000095367432,1.9900000095367432,1.9900000095367432,0.0
2024-03-01 11:05:00,ATEC,13.524999618530273,13.524999618530273,13.53499984741211,13.510000228881836,13.510000228881836,3510.0
2024-03-01 11:05:00,ATRA,0.8162999749183655,0.8162999749183655,0.8190000057220459,0.8162999749183655,0.8180000185966492,1333.0
2024-03-01 11:05:00,AUTL,6.139999866485596,6.139999866485596,6.139999866485596,6.139999866485596,6.139999866485596,200.0
2024-03-01 11:05:00,AVDL,12.6899995803833,12.6899995803833,12.699999809265137,12.680000305175781,12.699999809265137,375.0
2024-03-01 11:05:00,AVXL,5.340000152587891,5.340000152587891,5.340000152587891,5.340000152587891,5.340000152587891,632.0
2024-03-01 11:05:00,AXGN,10.539999961853027,10.539999961853027,10.539999961853027,10.539999961853027,10.539999961853027,147.0
2024-03-01 11:05:00,AZN,64.5999984741211,64.5999984741211,64.62000274658203,64.58999633789062,64.62000274658203,1105.0
2024-03-01 11:05:00,AZTA,66.48999786376953,66.48999786376953,66.48999786376953,66.48999786376953,66.48999786376953,139.0
2024-03-01 11:05:00,BBIO,36.060001373291016,36.060001373291016,36.130001068115234,36.060001373291016,36.130001068115234,1761.0
2024-03-01 11:05:00,BBLG,2.3499999046325684,2.3499999046325684,2.4200000762939453,2.349900007247925,2.4200000762939453,11469.0
2024-03-01 11:05:00,BCRX,5.849999904632568,5.849999904632568,5.855000019073486,5.849299907684326,5.849299907684326,2360.0
2024-03-01 11:05:00,BCTX,3.509999990463257,3.509999990463257,3.509999990463257,3.509999990463257,3.509999990463257,200.0
2024-03-01 11:05:00,BDSX,1.6449999809265137,1.6449999809265137,1.6449999809265137,1.6449999809265137,1.6449999809265137,1854.0
2024-03-01 11:05:00,BDTX,5.090000152587891,5.090000152587891,5.090000152587891,5.070000171661377,5.074999809265137,697.0
2024-03-01 11:05:00,BEAM,40.31999969482422,40.31999969482422,40.369998931884766,40.31999969482422,40.369998931884766,297.0
2024-03-01 11:05:00,BFRI,0.8600000143051147,0.8600000143051147,0.8600000143051147,0.8600000143051147,0.8600000143051147,3000.0
2024-03-01 11:05:00,BGXX,0.2619999945163727,0.2619999945163727,0.26249998807907104,0.2619999945163727,0.26249998807907104,585.0
2024-03-01 11:05:00,BIVI,2.2200000286102295,2.2200000286102295,2.2300000190734863,2.1700000762939453,2.1791999340057373,199192.0
2024-03-01 11:05:00,BLUE,1.590000033378601,1.590000033378601,1.590000033378601,1.5800000429153442,1.5800000429153442,40402.0
2024-03-01 11:05:00,BMRN,86.69999694824219,86.69999694824219,86.69999694824219,86.66999816894531,86.69000244140625,889.0
2024-03-01 11:05:00,BNTC,5.050000190734863,5.050000190734863,5.050000190734863,5.050000190734863,5.050000190734863,380.0
2024-03-01 11:05:00,BNTX,91.81500244140625,91.81500244140625,91.8499984741211,91.81500244140625,91.8499984741211,588.0
2024-03-01 11:05:00,BOLT,1.1877000331878662,1.1877000331878662,1.190000057220459,1.184999942779541,1.184999942779541,807.0
2024-03-01 11:05:00,BPMC,96.72000122070312,96.72000122070312,96.86000061035156,96.5199966430664,96.75499725341797,4375.0
2024-03-01 11:05:00,BRKR,87.94000244140625,87.94000244140625,87.94000244140625,87.91000366210938,87.91000366210938,1229.0
2024-03-01 11:05:00,BRTX,1.5,1.5,1.5,1.5,1.5,536.0
2024-03-01 11:05:00,BTAI,3.2300000190734863,3.2300000190734863,3.244999885559082,3.2300000190734863,3.244999885559082,2223.0
2024-03-01 11:05:00,BTTX,0.1673000007867813,0.1673000007867813,0.1688999980688095,0.1673000007867813,0.1688999980688095,17265.0
2024-03-01 11:05:00,BVS,4.679999828338623,4.679999828338623,4.679999828338623,4.679999828338623,4.679999828338623,368.0
2024-03-01 11:05:00,BWAY,6.630000114440918,6.630000114440918,6.630000114440918,6.630000114440918,6.630000114440918,186.0
2024-03-01 11:05:00,CBAY,32.2400016784668,32.2400016784668,32.2400016784668,32.23500061035156,32.2400016784668,1991.0
2024-03-01 11:05:00,CCCC,11.005000114440918,11.005000114440918,11.010000228881836,10.98859977722168,10.98859977722168,5446.0
2024-03-01 11:05:00,CCRN,18.049999237060547,18.049999237060547,18.049999237060547,18.010000228881836,18.010000228881836,3734.0
2024-03-01 11:05:00,CDMO,8.130000114440918,8.130000114440918,8.149999618530273,8.130000114440918,8.149999618530273,600.0
2024-03-01 11:05:00,CDNA,12.204999923706055,12.204999923706055,12.270000457763672,12.204999923706055,12.270000457763672,1300.0
2024-03-01 11:05:00,CDXS,4.445000171661377,4.445000171661377,4.46999979019165,4.445000171661377,4.451099872589111,5814.0
2024-03-01 11:05:00,CGC,3.2750000953674316,3.2750000953674316,3.2750000953674316,3.2701001167297363,3.2701001167297363,867.0
2024-03-01 11:05:00,CGEN,2.679500102996826,2.679500102996826,2.690000057220459,2.679500102996826,2.690000057220459,182.0
2024-03-01 11:05:00,CHRS,2.325000047683716,2.325000047683716,2.325000047683716,2.325000047683716,2.325000047683716,379.0
2024-03-01 11:05:00,CING,1.4290000200271606,1.4290000200271606,1.4501999616622925,1.4199999570846558,1.4501999616622925,1886.0
2024-03-01 11:05:00,CLDX,52.2599983215332,52.2599983215332,52.31999969482422,52.2599983215332,52.27000045776367,951.0
2024-03-01 11:05:00,CLNN,0.39489999413490295,0.39489999413490295,0.39489999413490295,0.39489999413490295,0.39489999413490295,170.0
2024-03-01 11:05:00,CLOV,0.8626999855041504,0.8626999855041504,0.8628000020980835,0.8626999855041504,0.8626999855041504,34988.0
2024-03-01 11:05:00,CLPT,6.559999942779541,6.559999942779541,6.559999942779541,6.525000095367432,6.525000095367432,1016.0
2024-03-01 11:05:00,CLRB,4.090000152587891,4.090000152587891,4.090000152587891,4.085000038146973,4.085000038146973,1301.0
2024-03-01 11:05:00,CMPS,11.020000457763672,11.020000457763672,11.029999732971191,10.989999771118164,10.989999771118164,7577.0
2024-03-01 11:05:00,CNTB,1.1785999536514282,1.1785999536514282,1.1785999536514282,1.1785999536514282,1.1785999536514282,1023.0
2024-03-01 11:05:00,COGT,7.199999809265137,7.199999809265137,7.199999809265137,7.199999809265137,7.199999809265137,325.0
2024-03-01 11:05:00,COLL,37.02000045776367,37.02000045776367,37.098899841308594,37.02000045776367,37.098899841308594,1815.0
2024-03-01 11:05:00,CORT,23.80500030517578,23.80500030517578,23.80500030517578,23.78499984741211,23.78499984741211,1316.0
2024-03-01 11:05:00,CPRX,17.34000015258789,17.34000015258789,17.350000381469727,17.31999969482422,17.350000381469727,4805.0
2024-03-01 11:05:00,CPSI,9.5,9.5,9.5600004196167,9.5,9.520000457763672,2104.0
2024-03-01 11:05:00,CRBU,8.079999923706055,8.079999923706055,8.079999923706055,8.079999923706055,8.079999923706055,2048.0
2024-03-01 11:05:00,CRDF,2.5899999141693115,2.5899999141693115,2.5899999141693115,2.5,2.506700038909912,100658.0
2024-03-01 11:05:00,CRIS,10.049200057983398,10.049200057983398,10.049200057983398,10.049200057983398,10.049200057983398,539.0
2024-03-01 11:05:00,CRMD,3.685699939727783,3.685699939727783,3.685699939727783,3.685699939727783,3.685699939727783,203.0
2024-03-01 11:05:00,CRNX,45.875,45.875,46.0098991394043,45.869998931884766,46.0098991394043,2068.0
2024-03-01 11:05:00,CRON,2.049999952316284,2.049999952316284,2.049999952316284,2.049999952316284,2.049999952316284,693.0
2024-03-01 11:05:00,CRVS,2.200000047683716,2.200000047683716,2.219899892807007,2.200000047683716,2.219899892807007,12557.0
2024-03-01 11:05:00,CSTL,19.854999542236328,19.854999542236328,19.854999542236328,19.854999542236328,19.854999542236328,479.0
2024-03-01 11:05:00,CTKB,8.270000457763672,8.270000457763672,8.270000457763672,8.265000343322754,8.265000343322754,410.0
2024-03-01 11:05:00,CTMX,2.494999885559082,2.494999885559082,2.494999885559082,2.490000009536743,2.494999885559082,1126.0
2024-03-01 11:05:00,CTSO,0.9351000189781189,0.9351000189781189,0.9351000189781189,0.9351000189781189,0.9351000189781189,213.0
2024-03-01 11:05:00,CTXR,0.7802000045776367,0.7802000045776367,0.7802000045776367,0.7802000045776367,0.7802000045776367,200.0
2024-03-01 11:05:00,CUE,2.187999963760376,2.187999963760376,2.187999963760376,2.187999963760376,2.187999963760376,54.0
2024-03-01 11:05:00,CUTR,2.319999933242798,2.319999933242798,2.3299999237060547,2.319999933242798,2.3299999237060547,545.0
2024-03-01 11:05:00,CYTK,74.5999984741211,74.5999984741211,74.5999984741211,74.5999984741211,74.5999984741211,464.0
2024-03-01 11:05:00,CYTO,2.1500000953674316,2.1500000953674316,2.1500000953674316,2.140000104904175,2.140000104904175,1269.0
2024-03-01 11:05:00,DARE,0.5699999928474426,0.5699999928474426,0.5701000094413757,0.5699999928474426,0.5701000094413757,978.0
2024-03-01 11:05:00,DAWN,17.479999542236328,17.479999542236328,17.479999542236328,17.479999542236328,17.479999542236328,238.0
2024-03-01 11:05:00,DCGO,4.119999885559082,4.119999885559082,4.119999885559082,4.119999885559082,4.119999885559082,200.0
2024-03-01 11:05:00,DH,9.069999694824219,9.069999694824219,9.069999694824219,9.0600004196167,9.0600004196167,329.0
2024-03-01 11:05:00,DMTK,0.879800021648407,0.879800021648407,0.879800021648407,0.8648999929428101,0.8648999929428101,798.0
2024-03-01 11:05:00,DNLI,20.780000686645508,20.780000686645508,20.790000915527344,20.780000686645508,20.780000686645508,768.0
2024-03-01 11:05:00,DSGN,2.8949999809265137,2.8949999809265137,2.9000000953674316,2.8949999809265137,2.9000000953674316,493.0
2024-03-01 11:05:00,DTIL,12.920000076293945,12.920000076293945,12.920000076293945,12.880000114440918,12.880000114440918,583.0
2024-03-01 11:05:00,DVAX,12.819999694824219,12.819999694824219,12.819999694824219,12.819999694824219,12.819999694824219,40.0
2024-03-01 11:05:00,DXCM,119.07749938964844,119.07749938964844,119.1050033569336,119.0199966430664,119.1050033569336,8135.0
2024-03-01 11:05:00,DYN,29.0,29.0,29.0,28.7549991607666,28.770000457763672,6593.0
2024-03-01 11:05:00,EDIT,11.010000228881836,11.010000228881836,11.03499984741211,10.994999885559082,11.03499984741211,9479.0
2024-03-01 11:05:00,EFTR,15.104700088500977,15.104700088500977,15.199999809265137,15.104700088500977,15.149999618530273,5633.0
2024-03-01 11:05:00,EGRX,6.534800052642822,6.534800052642822,6.534800052642822,6.53000020980835,6.53000020980835,340.0
2024-03-01 11:05:00,ELEV,4.914999961853027,4.914999961853027,4.920000076293945,4.90500020980835,4.920000076293945,555.0
2024-03-01 11:05:00,EMBC,14.444999694824219,14.444999694824219,14.444999694824219,14.444999694824219,14.444999694824219,532.0
2024-03-01 11:05:00,ENLV,3.2411999702453613,3.2411999702453613,3.2411999702453613,3.2411999702453613,3.2411999702453613,0.0
2024-03-01 11:05:00,ENVB,1.6311999559402466,1.6311999559402466,1.6398999691009521,1.63100004196167,1.6398999691009521,3149.0
2024-03-01 11:05:00,ERAS,2.505000114440918,2.505000114440918,2.505000114440918,2.505000114440918,2.505000114440918,200.0
2024-03-01 11:05:00,ESPR,2.4749999046325684,2.4749999046325684,2.4749999046325684,2.4649999141693115,2.469899892807007,32578.0
2024-03-01 11:05:00,ETNB,12.850000381469727,12.850000381469727,12.850000381469727,12.850000381469727,12.850000381469727,243.0
2024-03-01 11:05:00,EVO,7.5,7.5,7.5,7.489999771118164,7.489999771118164,2026.0
2024-03-01 11:05:00,EWTX,16.959999084472656,16.959999084472656,16.959999084472656,16.905000686645508,16.905000686645508,918.0
2024-03-01 11:05:00,EXAS,60.0,60.0,60.0099983215332,59.97999954223633,59.97999954223633,1315.0
2024-03-01 11:05:00,EXEL,22.524999618530273,22.524999618530273,22.524999618530273,22.520000457763672,22.520000457763672,736.0
2024-03-01 11:05:00,EYEN,2.2399001121520996,2.2399001121520996,2.240000009536743,2.239000082015991,2.239000082015991,3617.0
2024-03-01 11:05:00,FATE,7.4807000160217285,7.4807000160217285,7.485000133514404,7.4807000160217285,7.485000133514404,477.0
2024-03-01 11:05:00,FDMT,29.0,29.0,29.0,29.0,29.0,399.0
2024-03-01 11:05:00,FEMY,1.7200000286102295,1.7200000286102295,1.7200000286102295,1.7200000286102295,1.7200000286102295,314.0
2024-03-01 11:05:00,FGEN,1.7649999856948853,1.7649999856948853,1.7649999856948853,1.7649999856948853,1.7649999856948853,1212.0
2024-03-01 11:05:00,FOLD,13.524999618530273,13.524999618530273,13.524999618530273,13.515000343322754,13.515000343322754,1843.0
2024-03-01 11:05:00,FULC,10.649999618530273,10.649999618530273,10.649999618530273,10.649999618530273,10.649999618530273,304.0
2024-03-01 11:05:00,FUSN,12.029999732971191,12.029999732971191,12.029999732971191,12.029999732971191,12.029999732971191,200.0
2024-03-01 11:05:00,GCTK,0.30000001192092896,0.30000001192092896,0.30000001192092896,0.299699991941452,0.29989999532699585,1528.0
2024-03-01 11:05:00,GDRX,8.209400177001953,8.209400177001953,8.255000114440918,8.180000305175781,8.255000114440918,17416.0
2024-03-01 11:05:00,GERN,2.130000114440918,2.130000114440918,2.140000104904175,2.125,2.130000114440918,9987.0
2024-03-01 11:05:00,GH,19.239999771118164,19.239999771118164,19.270000457763672,19.239999771118164,19.270000457763672,1535.0
2024-03-01 11:05:00,GILD,72.38999938964844,72.38999938964844,72.41000366210938,72.37999725341797,72.4000015258789,5119.0
2024-03-01 11:05:00,GLTO,0.7260000109672546,0.7260000109672546,0.7260000109672546,0.7260000109672546,0.7260000109672546,562.0
2024-03-01 11:05:00,GMAB,29.31999969482422,29.31999969482422,29.31999969482422,29.315000534057617,29.315000534057617,337.0
2024-03-01 11:05:00,GMDA,0.37689998745918274,0.37689998745918274,0.37689998745918274,0.37689998745918274,0.37689998745918274,1020.0
2024-03-01 11:05:00,GOSS,1.3600000143051147,1.3600000143051147,1.3600000143051147,1.3600000143051147,1.3600000143051147,596.0
2024-03-01 11:05:00,GRTS,2.190000057220459,2.190000057220459,2.190000057220459,2.182499885559082,2.182499885559082,206.0
2024-03-01 11:05:00,GTHX,3.444999933242798,3.444999933242798,3.449899911880493,3.444999933242798,3.449899911880493,5866.0
2024-03-01 11:05:00,HALO,41.26499938964844,41.26499938964844,41.26499938964844,41.25,41.25,749.0
2024-03-01 11:05:00,HARP,22.93000030517578,22.93000030517578,22.93000030517578,22.93000030517578,22.93000030517578,100.0
2024-03-01 11:05:00,HCAT,7.940000057220459,7.940000057220459,7.965000152587891,7.940000057220459,7.965000152587891,1607.0
2024-03-01 11:05:00,HOLX,74.01000213623047,74.01000213623047,74.05999755859375,73.98999786376953,74.05999755859375,7255.0
2024-03-01 11:05:00,HOOK,0.7699999809265137,0.7699999809265137,0.7699999809265137,0.7699999809265137,0.7699999809265137,177.0
2024-03-01 11:05:00,HQY,81.91000366210938,81.91000366210938,81.91000366210938,81.91000366210938,81.91000366210938,425.0
2024-03-01 11:05:00,HRTX,2.6700000762939453,2.6700000762939453,2.6700000762939453,2.6700000762939453,2.6700000762939453,0.0
2024-03-01 11:05:00,HSIC,77.05999755859375,77.05999755859375,77.05999755859375,77.05999755859375,77.05999755859375,199.0
2024-03-01 11:05:00,HUMA,3.1888999938964844,3.1888999938964844,3.190000057220459,3.1807000637054443,3.184999942779541,3864.0
2024-03-01 11:05:00,IART,36.915000915527344,36.915000915527344,36.91999816894531,36.869998931884766,36.869998931884766,2399.0
2024-03-01 11:05:00,IBRX,4.815000057220459,4.815000057220459,4.820000171661377,4.804999828338623,4.809299945831299,2144.0
2024-03-01 11:05:00,ICAD,1.840000033378601,1.840000033378601,1.840000033378601,1.840000033378601,1.840000033378601,1245.0
2024-03-01 11:05:00,ICUI,107.05000305175781,107.05000305175781,107.05000305175781,106.93000030517578,106.93000030517578,1098.0
2024-03-01 11:05:00,IDYA,46.120201110839844,46.120201110839844,46.120201110839844,46.120201110839844,46.120201110839844,220.0
2024-03-01 11:05:00,IKNA,1.465000033378601,1.465000033378601,1.465000033378601,1.465000033378601,1.465000033378601,219.0
2024-03-01 11:05:00,IKT,2.140000104904175,2.140000104904175,2.140000104904175,2.140000104904175,2.140000104904175,201.0
2024-03-01 11:05:00,ILMN,141.5,141.5,141.5850067138672,141.5,141.5850067138672,754.0
2024-03-01 11:05:00,IMCR,68.18000030517578,68.18000030517578,68.18000030517578,68.18000030517578,68.18000030517578,497.0
2024-03-01 11:05:00,IMMX,3.5350000858306885,3.5350000858306885,3.5350000858306885,3.5350000858306885,3.5350000858306885,100.0
2024-03-01 11:05:00,IMTX,13.069999694824219,13.069999694824219,13.069999694824219,13.069999694824219,13.069999694824219,1.0
2024-03-01 11:05:00,IMUX,1.4800000190734863,1.4800000190734863,1.4850000143051147,1.4800000190734863,1.4850000143051147,2221.0
2024-03-01 11:05:00,IMVT,36.279998779296875,36.279998779296875,36.279998779296875,36.25,36.25,329.0
2024-03-01 11:05:00,INAB,1.100000023841858,1.100000023841858,1.100000023841858,1.100000023841858,1.100000023841858,1004.0
2024-03-01 11:05:00,INBX,36.91999816894531,36.91999816894531,36.91999816894531,36.91999816894531,36.91999816894531,1483.0
2024-03-01 11:05:00,INCY,59.474998474121094,59.474998474121094,59.47999954223633,59.470001220703125,59.47999954223633,862.0
2024-03-01 11:05:00,INGN,6.769999980926514,6.769999980926514,6.769999980926514,6.769999980926514,6.769999980926514,213.0
2024-03-01 11:05:00,INMD,22.834999084472656,22.834999084472656,22.889999389648438,22.825199127197266,22.889999389648438,796.0
2024-03-01 11:05:00,INO,8.930000305175781,8.930000305175781,8.930000305175781,8.930000305175781,8.930000305175781,419.0
2024-03-01 11:05:00,INSM,28.385000228881836,28.385000228881836,28.385000228881836,28.385000228881836,28.385000228881836,243.0
2024-03-01 11:05:00,INVA,15.5649995803833,15.5649995803833,15.569999694824219,15.539999961853027,15.539999961853027,4854.0
2024-03-01 11:05:00,IOVA,16.420000076293945,16.420000076293945,16.438800811767578,16.40999984741211,16.424999237060547,9591.0
2024-03-01 11:05:00,IPSC,3.759999990463257,3.759999990463257,3.7699999809265137,3.75,3.759999990463257,29203.0
2024-03-01 11:05:00,IRWD,8.9350004196167,8.9350004196167,8.954999923706055,8.930000305175781,8.954999923706055,13266.0
2024-03-01 11:05:00,ISRG,392.3450012207031,392.3450012207031,392.3450012207031,392.29998779296875,392.29998779296875,1613.0
2024-03-01 11:05:00,ITCI,71.13999938964844,71.13999938964844,71.13999938964844,71.13999938964844,71.13999938964844,138.0
2024-03-01 11:05:00,IVVD,4.0,4.0,4.0,3.9700000286102295,4.0,1534.0
2024-03-01 11:05:00,JAGX,0.0820000022649765,0.0820000022649765,0.0868000015616417,0.0820000022649765,0.08590000122785568,611504.0
2024-03-01 11:05:00,JANX,46.43479919433594,46.43479919433594,46.43479919433594,46.345001220703125,46.345001220703125,1483.0
2024-03-01 11:05:00,JAZZ,120.47000122070312,120.47000122070312,120.54000091552734,120.47000122070312,120.50779724121094,3748.0
2024-03-01 11:05:00,JSPR,20.645000457763672,20.645000457763672,20.645000457763672,20.620100021362305,20.620100021362305,1381.0
2024-03-01 11:05:00,KALV,13.90999984741211,13.90999984741211,13.90999984741211,13.90999984741211,13.90999984741211,265.0
2024-03-01 11:05:00,KNTE,2.609999895095825,2.609999895095825,2.609999895095825,2.609999895095825,2.609999895095825,1332.0
2024-03-01 11:05:00,KPTI,1.2599999904632568,1.2599999904632568,1.2649999856948853,1.2599999904632568,1.2649999856948853,2111.0
2024-03-01 11:05:00,KROS,68.83999633789062,68.83999633789062,68.98999786376953,68.83999633789062,68.98999786376953,632.0
2024-03-01 11:05:00,KURA,21.270000457763672,21.270000457763672,21.270000457763672,21.270000457763672,21.270000457763672,103.0
2024-03-01 11:05:00,KYMR,44.04499816894531,44.04499816894531,44.04499816894531,44.04499816894531,44.04499816894531,363.0
2024-03-01 11:05:00,KZR,1.1050000190734863,1.1050000190734863,1.1094000339508057,1.100000023841858,1.1094000339508057,3532.0
2024-03-01 11:05:00,LAB,2.375,2.375,2.380000114440918,2.369999885559082,2.369999885559082,597.0
2024-03-01 11:05:00,LBPH,21.454999923706055,21.454999923706055,21.459999084472656,21.454999923706055,21.459999084472656,301.0
2024-03-01 11:05:00,LEXX,2.6970999240875244,2.6970999240875244,2.6970999240875244,2.6970999240875244,2.6970999240875244,0.0
2024-03-01 11:05:00,LFMD,7.958399772644043,7.958399772644043,7.958399772644043,7.958399772644043,7.958399772644043,205.0
2024-03-01 11:05:00,LFST,8.0,8.0,8.015000343322754,8.0,8.015000343322754,1617.0
2024-03-01 11:05:00,LGVN,0.5421000123023987,0.5421000123023987,0.5421000123023987,0.5421000123023987,0.5421000123023987,843.0
2024-03-01 11:05:00,LIAN,4.860000133514404,4.860000133514404,4.860000133514404,4.860000133514404,4.860000133514404,100.0
2024-03-01 11:05:00,LIFE,1.934999942779541,1.934999942779541,1.934999942779541,1.934999942779541,1.934999942779541,1358.0
2024-03-01 11:05:00,LIVN,55.07500076293945,55.07500076293945,55.07500076293945,55.07500076293945,55.07500076293945,266.0
2024-03-01 11:05:00,LNTH,65.62000274658203,65.62000274658203,65.62000274658203,65.62000274658203,65.62000274658203,909.0
2024-03-01 11:05:00,LQDA,14.359999656677246,14.359999656677246,14.359999656677246,14.359999656677246,14.359999656677246,286.0
2024-03-01 11:05:00,LRMR,11.079999923706055,11.079999923706055,11.079999923706055,11.029999732971191,11.029999732971191,0.0
2024-03-01 11:05:00,LUNG,9.1899995803833,9.1899995803833,9.1899995803833,9.1899995803833,9.1899995803833,300.0
2024-03-01 11:05:00,LVTX,3.029400110244751,3.029400110244751,3.029400110244751,3.029400110244751,3.029400110244751,109.0
2024-03-01 11:05:00,LXRX,2.391200065612793,2.391200065612793,2.391200065612793,2.391200065612793,2.391200065612793,1177.0
2024-03-01 11:05:00,MCRB,1.1899000406265259,1.1899000406265259,1.1899000406265259,1.1799999475479126,1.1799999475479126,3711.0
2024-03-01 11:05:00,MDGL,239.881103515625,239.881103515625,239.881103515625,239.881103515625,239.881103515625,200.0
2024-03-01 11:05:00,MDRX,5.849999904632568,5.849999904632568,5.849999904632568,5.800000190734863,5.849999904632568,45162.0
2024-03-01 11:05:00,MDXG,8.579999923706055,8.579999923706055,8.579999923706055,8.510000228881836,8.515000343322754,3980.0
2024-03-01 11:05:00,MDXH,3.7200000286102295,3.7200000286102295,3.7200000286102295,3.7200000286102295,3.7200000286102295,0.0
2024-03-01 11:05:00,ME,0.5831000208854675,0.5831000208854675,0.5831000208854675,0.5831000208854675,0.5831000208854675,2256.0
2024-03-01 11:05:00,MGNX,19.25,19.25,19.25,19.25,19.25,855.0
2024-03-01 11:05:00,MIRM,29.809999465942383,29.809999465942383,29.84000015258789,29.790000915527344,29.790000915527344,4740.0
2024-03-01 11:05:00,MIST,1.6950000524520874,1.6950000524520874,1.6950000524520874,1.6950000524520874,1.6950000524520874,4100.0
2024-03-01 11:05:00,MMSI,76.15750122070312,76.15750122070312,76.31999969482422,76.13999938964844,76.30999755859375,1815.0
2024-03-01 11:05:00,MNKD,4.590000152587891,4.590000152587891,4.59499979019165,4.585000038146973,4.588699817657471,5685.0
2024-03-01 11:05:00,MNMD,5.855000019073486,5.855000019073486,5.855000019073486,5.855000019073486,5.855000019073486,195.0
2024-03-01 11:05:00,MODV,27.850000381469727,27.850000381469727,27.850000381469727,27.850000381469727,27.850000381469727,423.0
2024-03-01 11:05:00,MORF,38.45000076293945,38.45000076293945,38.45000076293945,38.41999816894531,38.41999816894531,669.0
2024-03-01 11:05:00,MREO,3.805000066757202,3.805000066757202,3.809999942779541,3.799999952316284,3.809999942779541,526.0
2024-03-01 11:05:00,MRNA,95.55000305175781,95.55000305175781,95.5999984741211,95.55000305175781,95.56999969482422,692.0
2024-03-01 11:05:00,MRNS,9.760000228881836,9.760000228881836,9.760000228881836,9.760000228881836,9.760000228881836,200.0
2024-03-01 11:05:00,MRSN,5.739999771118164,5.739999771118164,5.744999885559082,5.739999771118164,5.744999885559082,770.0
2024-03-01 11:05:00,MRUS,49.97999954223633,49.97999954223633,49.9900016784668,49.90999984741211,49.90999984741211,643.0
2024-03-01 11:05:00,MRVI,7.864999771118164,7.864999771118164,7.864999771118164,7.824999809265137,7.835000038146973,7710.0
2024-03-01 11:05:00,MTEM,3.759999990463257,3.759999990463257,3.759999990463257,3.759999990463257,3.759999990463257,8.0
2024-03-01 11:05:00,MYGN,21.57859992980957,21.57859992980957,21.57859992980957,21.540000915527344,21.540000915527344,934.0
2024-03-01 11:05:00,NARI,45.38999938964844,45.38999938964844,45.459999084472656,45.25,45.30500030517578,7768.0
2024-03-01 11:05:00,NBIX,130.61000061035156,130.61000061035156,130.61000061035156,130.61000061035156,130.61000061035156,430.0
2024-03-01 11:05:00,NDRA,1.149999976158142,1.149999976158142,1.159999966621399,1.1449999809265137,1.1449999809265137,725.0
2024-03-01 11:05:00,NEO,16.15999984741211,16.15999984741211,16.15999984741211,16.15999984741211,16.15999984741211,128.0
2024-03-01 11:05:00,NKTR,0.7430999875068665,0.7430999875068665,0.7430999875068665,0.7429999709129333,0.7429999709129333,692.0
2024-03-01 11:05:00,NKTX,12.40999984741211,12.40999984741211,12.40999984741211,12.399999618530273,12.399999618530273,400.0
2024-03-01 11:05:00,NNOX,11.140000343322754,11.140000343322754,11.154999732971191,11.119999885559082,11.149999618530273,12012.0
2024-03-01 11:05:00,NOTV,7.752900123596191,7.752900123596191,7.800000190734863,7.752900123596191,7.800000190734863,1642.0
2024-03-01 11:05:00,NRIX,13.260000228881836,13.260000228881836,13.260000228881836,13.229999542236328,13.260000228881836,1939.0
2024-03-01 11:05:00,NRSN,1.9950000047683716,1.9950000047683716,1.999899983406067,1.9950000047683716,1.999899983406067,1370.0
2024-03-01 11:05:00,NRXP,0.43299999833106995,0.43299999833106995,0.43299999833106995,0.4300000071525574,0.4300000071525574,1100.0
2024-03-01 11:05:00,NTLA,33.5099983215332,33.5099983215332,33.5099983215332,33.5099983215332,33.5099983215332,427.0
2024-03-01 11:05:00,NTRA,89.12999725341797,89.12999725341797,89.12999725341797,89.12999725341797,89.12999725341797,129.0
2024-03-01 11:05:00,NUTX,0.11469999700784683,0.11469999700784683,0.11469999700784683,0.11309999972581863,0.11469999700784683,5463.0
2024-03-01 11:05:00,NVAX,5.149899959564209,5.149899959564209,5.159900188446045,5.144999980926514,5.150000095367432,8835.0
2024-03-01 11:05:00,NVOS,0.6299999952316284,0.6299999952316284,0.6299999952316284,0.6299999952316284,0.6299999952316284,3000.0
2024-03-01 11:05:00,NXTC,1.7999999523162842,1.7999999523162842,1.7999999523162842,1.7999999523162842,1.7999999523162842,300.0
2024-03-01 11:05:00,OCGN,0.9236000180244446,0.9236000180244446,0.9236000180244446,0.9186999797821045,0.9186999797821045,5333.0
2024-03-01 11:05:00,OCUL,10.40999984741211,10.40999984741211,10.40999984741211,10.39009952545166,10.390999794006348,630.0
2024-03-01 11:05:00,OCUP,2.509999990463257,2.509999990463257,2.509999990463257,2.5000998973846436,2.509999990463257,2600.0
2024-03-01 11:05:00,OFIX,12.979999542236328,12.979999542236328,12.979999542236328,12.979999542236328,12.979999542236328,526.0
2024-03-01 11:05:00,OLMA,12.9399995803833,12.9399995803833,12.9399995803833,12.859999656677246,12.859999656677246,1544.0
2024-03-01 11:05:00,OM,3.130000114440918,3.130000114440918,3.130000114440918,3.130000114440918,3.130000114440918,2336.0
2024-03-01 11:05:00,OMER,4.75,4.75,4.755000114440918,4.75,4.755000114440918,771.0
2024-03-01 11:05:00,ONCT,9.878499984741211,9.878499984741211,9.878499984741211,9.878499984741211,9.878499984741211,201.0
2024-03-01 11:06:00,AADI,1.9800000190734863,1.9800000190734863,1.9812999963760376,1.9800000190734863,1.9812999963760376,1138.0
2024-03-01 11:06:00,ABCL,5.150300025939941,5.150300025939941,5.150300025939941,5.150300025939941,5.150300025939941,3000.0
2024-03-01 11:06:00,ABOS,4.670000076293945,4.670000076293945,4.670000076293945,4.659999847412109,4.659999847412109,335.0
2024-03-01 11:06:00,ABSI,5.130000114440918,5.130000114440918,5.139999866485596,5.130000114440918,5.139999866485596,4625.0
2024-03-01 11:06:00,ABUS,2.765000104904175,2.765000104904175,2.765000104904175,2.765000104904175,2.765000104904175,427.0
2024-03-01 11:06:00,ACAD,23.969999313354492,23.969999313354492,23.969999313354492,23.94179916381836,23.950000762939453,1514.0
2024-03-01 11:06:00,ACB,3.1085000038146973,3.1085000038146973,3.1085000038146973,3.0999999046325684,3.100100040435791,942.0
2024-03-01 11:06:00,ACCD,10.279999732971191,10.279999732971191,10.279999732971191,10.279999732971191,10.279999732971191,855.0
2024-03-01 11:06:00,ACET,2.375,2.375,2.375,2.369999885559082,2.375,525.0
2024-03-01 11:06:00,ACHC,83.83000183105469,83.83000183105469,83.87999725341797,83.80000305175781,83.80000305175781,1989.0
2024-03-01 11:06:00,ACRS,1.2300000190734863,1.2300000190734863,1.2300000190734863,1.225000023841858,1.2300000190734863,1046.0
2024-03-01 11:06:00,ADAP,1.5713000297546387,1.5713000297546387,1.5713000297546387,1.5713000297546387,1.5713000297546387,2084.0
2024-03-01 11:06:00,ADIL,3.0350000858306885,3.0350000858306885,3.210200071334839,3.009999990463257,3.2100000381469727,258605.0
2024-03-01 11:06:00,ADMA,5.349999904632568,5.349999904632568,5.359399795532227,5.34499979019165,5.359399795532227,27457.0
2024-03-01 11:06:00,ADPT,4.204999923706055,4.204999923706055,4.204999923706055,4.204999923706055,4.204999923706055,364.0
2024-03-01 11:06:00,ADVM,1.9199999570846558,1.9199999570846558,1.9249999523162842,1.9199999570846558,1.9199999570846558,1523.0
2024-03-01 11:06:00,AGEN,0.6672000288963318,0.6672000288963318,0.6672000288963318,0.6672000288963318,0.6672000288963318,5343.0
2024-03-01 11:06:00,AGIO,32.75,32.75,32.75,32.75,32.75,308.0
2024-03-01 11:06:00,AKAN,0.25099998712539673,0.25099998712539673,0.25110000371932983,0.25099998712539673,0.25110000371932983,10917.0
2024-03-01 11:06:00,AKBA,1.649999976158142,1.649999976158142,1.649999976158142,1.649999976158142,1.649999976158142,200.0
2024-03-01 11:06:00,AKRO,29.6299991607666,29.6299991607666,29.6299991607666,29.200000762939453,29.238000869750977,8059.0
2024-03-01 11:06:00,ALEC,7.485000133514404,7.485000133514404,7.489999771118164,7.485000133514404,7.489999771118164,891.0
2024-03-01 11:06:00,ALGN,300.04998779296875,300.04998779296875,300.1700134277344,300.04998779296875,300.07000732421875,1913.0
2024-03-01 11:06:00,ALHC,5.875,5.875,5.875,5.875,5.875,548.0
2024-03-01 11:06:00,ALKS,30.184999465942383,30.184999465942383,30.184999465942383,30.174999237060547,30.184999465942383,1590.0
2024-03-01 11:06:00,ALLO,4.980000019073486,4.980000019073486,4.989999771118164,4.980000019073486,4.989999771118164,266.0
2024-03-01 11:06:00,ALNY,154.97500610351562,154.97500610351562,154.97500610351562,154.97500610351562,154.97500610351562,208.0
2024-03-01 11:06:00,ALPN,36.02000045776367,36.02000045776367,36.02000045776367,36.0099983215332,36.0099983215332,706.0
2024-03-01 11:06:00,ALT,12.144399642944336,12.144399642944336,12.15939998626709,12.144399642944336,12.149999618530273,2274.0
2024-03-01 11:06:00,ALVO,15.649999618530273,15.649999618530273,15.65999984741211,15.649999618530273,15.649999618530273,766.0
2024-03-01 11:06:00,ALVR,0.7554000020027161,0.7554000020027161,0.7554000020027161,0.7554000020027161,0.7554000020027161,301.0
2024-03-01 11:06:00,ALXO,15.149999618530273,15.149999618530273,15.149999618530273,15.114999771118164,15.119999885559082,1179.0
2024-03-01 11:06:00,AMGN,280.8299865722656,280.8299865722656,280.9200134277344,280.8299865722656,280.875,10578.0
2024-03-01 11:06:00,AMPH,45.596900939941406,45.596900939941406,45.596900939941406,45.571998596191406,45.571998596191406,438.0
2024-03-01 11:06:00,ANGO,5.460000038146973,5.460000038146973,5.460000038146973,5.460000038146973,5.460000038146973,200.0
2024-03-01 11:06:00,ANNX,5.96999979019165,5.96999979019165,5.96999979019165,5.96999979019165,5.96999979019165,339.0
2024-03-01 11:06:00,ANTX,2.940000057220459,2.940000057220459,2.940000057220459,2.934999942779541,2.934999942779541,2813.0
2024-03-01 11:06:00,APLS,64.44000244140625,64.44000244140625,64.44999694824219,64.22000122070312,64.22000122070312,3658.0
2024-03-01 11:06:00,APLT,7.150000095367432,7.150000095367432,7.150000095367432,7.139999866485596,7.150000095367432,802.0
2024-03-01 11:06:00,AQST,4.224999904632568,4.224999904632568,4.228700160980225,4.223100185394287,4.223100185394287,0.0
2024-03-01 11:06:00,ARAY,2.624500036239624,2.624500036239624,2.630000114440918,2.6201000213623047,2.624799966812134,1023.0
2024-03-01 11:06:00,ARCT,39.65250015258789,39.65250015258789,39.65250015258789,39.65250015258789,39.65250015258789,557.0
2024-03-01 11:06:00,ARDX,9.545000076293945,9.545000076293945,9.550000190734863,9.545000076293945,9.547300338745117,1887.0
2024-03-01 11:06:00,ARQT,10.88010025024414,10.88010025024414,10.979999542236328,10.845000267028809,10.979999542236328,7186.0
2024-03-01 11:06:00,ARVN,49.02000045776367,49.02000045776367,49.369998931884766,49.02000045776367,49.369998931884766,6746.0
2024-03-01 11:06:00,ARWR,35.11000061035156,35.11000061035156,35.11000061035156,35.11000061035156,35.11000061035156,184.0
2024-03-01 11:06:00,ASLN,0.8299999833106995,0.8299999833106995,0.8299999833106995,0.8299999833106995,0.8299999833106995,439.0
2024-03-01 11:06:00,ASND,149.1199951171875,149.1199951171875,149.1199951171875,149.1199951171875,149.1199951171875,105.0
2024-03-01 11:06:00,ATAI,1.9900000095367432,1.9900000095367432,1.9900000095367432,1.9900000095367432,1.9900000095367432,200.0
2024-03-01 11:06:00,ATEC,13.529999732971191,13.529999732971191,13.529999732971191,13.524999618530273,13.524999618530273,777.0
2024-03-01 11:06:00,ATHA,3.9649999141693115,3.9649999141693115,3.9649999141693115,3.9649999141693115,3.9649999141693115,129.0
2024-03-01 11:06:00,ATXS,15.069999694824219,15.069999694824219,15.069999694824219,15.069999694824219,15.069999694824219,162.0
2024-03-01 11:06:00,AUGX,4.554999828338623,4.554999828338623,4.554999828338623,4.554999828338623,4.554999828338623,500.0
2024-03-01 11:06:00,AUPH,5.820000171661377,5.820000171661377,5.820000171661377,5.811299800872803,5.820000171661377,2142.0
2024-03-01 11:06:00,AUTL,6.140600204467773,6.140600204467773,6.140600204467773,6.140600204467773,6.140600204467773,1340.0
2024-03-01 11:06:00,AVDL,12.619999885559082,12.619999885559082,12.680000305175781,12.619999885559082,12.680000305175781,800.0
2024-03-01 11:06:00,AVIR,4.369999885559082,4.369999885559082,4.369999885559082,4.369999885559082,4.369999885559082,307.0
2024-03-01 11:06:00,AVRO,1.3250000476837158,1.3250000476837158,1.3250000476837158,1.3200000524520874,1.3200000524520874,1610.0
2024-03-01 11:06:00,AVXL,5.340000152587891,5.340000152587891,5.34499979019165,5.340000152587891,5.34499979019165,2870.0
2024-03-01 11:06:00,AXNX,67.25,67.25,67.25,67.25,67.25,112.0
2024-03-01 11:06:00,AXSM,83.86000061035156,83.86000061035156,83.86000061035156,83.86000061035156,83.86000061035156,325.0
2024-03-01 11:06:00,AZN,64.61499786376953,64.61499786376953,64.61499786376953,64.59500122070312,64.5999984741211,7977.0
2024-03-01 11:06:00,BBIO,35.9900016784668,35.9900016784668,36.060001373291016,35.9900016784668,36.060001373291016,960.0
2024-03-01 11:06:00,BBLG,2.3499999046325684,2.3499999046325684,2.380000114440918,2.3499999046325684,2.380000114440918,449.0
2024-03-01 11:06:00,BCDA,0.5521000027656555,0.5521000027656555,0.5521000027656555,0.5521000027656555,0.5521000027656555,200.0
2024-03-01 11:06:00,BCLI,0.35499998927116394,0.35499998927116394,0.35499998927116394,0.35499998927116394,0.35499998927116394,0.0
2024-03-01 11:06:00,BCRX,5.847499847412109,5.847499847412109,5.849999904632568,5.840000152587891,5.849999904632568,613.0
2024-03-01 11:06:00,BDSX,1.649999976158142,1.649999976158142,1.649999976158142,1.649999976158142,1.649999976158142,0.0
2024-03-01 11:06:00,BDTX,5.090000152587891,5.090000152587891,5.090000152587891,5.090000152587891,5.090000152587891,528.0
2024-03-01 11:06:00,BEAM,40.400001525878906,40.400001525878906,40.43000030517578,40.36000061035156,40.36000061035156,3144.0
2024-03-01 11:06:00,BFRI,0.864300012588501,0.864300012588501,0.864300012588501,0.864300012588501,0.864300012588501,0.0
2024-03-01 11:06:00,BGXX,0.2605000138282776,0.2605000138282776,0.2619999945163727,0.2605000138282776,0.2619999945163727,1171.0
2024-03-01 11:06:00,BIVI,2.221400022506714,2.221400022506714,2.259999990463257,2.2100000381469727,2.2200000286102295,202807.0
2024-03-01 11:06:00,BLFS,18.020000457763672,18.020000457763672,18.030000686645508,17.989999771118164,18.030000686645508,3477.0
2024-03-01 11:06:00,BLRX,1.375,1.375,1.375,1.375,1.375,125.0
2024-03-01 11:06:00,BLUE,1.5850000381469727,1.5850000381469727,1.590000033378601,1.5800000429153442,1.5850000381469727,31611.0
2024-03-01 11:06:00,BMEA,17.709999084472656,17.709999084472656,17.709999084472656,17.709999084472656,17.709999084472656,218.0
2024-03-01 11:06:00,BMRN,86.72000122070312,86.72000122070312,86.7249984741211,86.70999908447266,86.7249984741211,487.0
2024-03-01 11:06:00,BNTC,5.000100135803223,5.000100135803223,5.000100135803223,5.000100135803223,5.000100135803223,400.0
2024-03-01 11:06:00,BNTX,91.91000366210938,91.91000366210938,91.91000366210938,91.88999938964844,91.89910125732422,1041.0
2024-03-01 11:06:00,BPMC,96.8499984741211,96.8499984741211,96.8499984741211,96.61499786376953,96.7300033569336,1165.0
2024-03-01 11:06:00,BRKR,88.04000091552734,88.04000091552734,88.04000091552734,87.94999694824219,87.94999694824219,2990.0
2024-03-01 11:06:00,BSGM,0.64410001039505,0.64410001039505,0.64410001039505,0.64410001039505,0.64410001039505,2543.0
2024-03-01 11:06:00,BTCY,0.9498999714851379,0.9498999714851379,0.9498999714851379,0.9498999714851379,0.9498999714851379,6340.0
2024-03-01 11:06:00,BTTX,0.1673000007867813,0.1673000007867813,0.1673000007867813,0.1673000007867813,0.1673000007867813,0.0
2024-03-01 11:06:00,CABA,23.985000610351562,23.985000610351562,24.0,23.985000610351562,23.989999771118164,2420.0
2024-03-01 11:06:00,CADL,1.7949999570846558,1.7949999570846558,1.7949999570846558,1.7949999570846558,1.7949999570846558,100.0
2024-03-01 11:06:00,CARA,0.9300000071525574,0.9300000071525574,0.9399999976158142,0.9211000204086304,0.9399999976158142,1351.0
2024-03-01 11:06:00,CBAY,32.2400016784668,32.2400016784668,32.2400016784668,32.23500061035156,32.2400016784668,1056.0
2024-03-01 11:06:00,CCCC,11.005000114440918,11.005000114440918,11.010000228881836,10.994999885559082,11.0,5279.0
2024-03-01 11:06:00,CCRN,18.049999237060547,18.049999237060547,18.049999237060547,18.049999237060547,18.049999237060547,218.0
2024-03-01 11:06:00,CDMO,8.100000381469727,8.100000381469727,8.119999885559082,8.100000381469727,8.119999885559082,301.0
2024-03-01 11:06:00,CDNA,12.25,12.25,12.25,12.219099998474121,12.219099998474121,1468.0
2024-03-01 11:06:00,CDXS,4.445000171661377,4.445000171661377,4.450099945068359,4.445000171661377,4.449699878692627,855.0
2024-03-01 11:06:00,CERE,41.209999084472656,41.209999084472656,41.23500061035156,41.209999084472656,41.23500061035156,870.0
2024-03-01 11:06:00,CERT,17.684999465942383,17.684999465942383,17.760000228881836,17.684999465942383,17.760000228881836,2375.0
2024-03-01 11:06:00,CGC,3.2750000953674316,3.2750000953674316,3.2750000953674316,3.2699999809265137,3.2723000049591064,928.0
2024-03-01 11:06:00,CGEN,2.690000057220459,2.690000057220459,2.690000057220459,2.690000057220459,2.690000057220459,6534.0
2024-03-01 11:06:00,CHRS,2.325000047683716,2.325000047683716,2.325000047683716,2.319999933242798,2.325000047683716,364.0
2024-03-01 11:06:00,CING,1.4299999475479126,1.4299999475479126,1.4600000381469727,1.4107999801635742,1.4199999570846558,5110.0
2024-03-01 11:06:00,CKPT,2.1600000858306885,2.1600000858306885,2.1600000858306885,2.1600000858306885,2.1600000858306885,3647.0
2024-03-01 11:06:00,CLDX,52.16999816894531,52.16999816894531,52.220001220703125,52.16999816894531,52.220001220703125,1538.0
2024-03-01 11:06:00,CLOV,0.8623999953269958,0.8623999953269958,0.8626999855041504,0.8623999953269958,0.8626999855041504,9707.0
2024-03-01 11:06:00,CLRB,4.090000152587891,4.090000152587891,4.090000152587891,4.090000152587891,4.090000152587891,2722.0
2024-03-01 11:06:00,CMPS,10.970000267028809,10.970000267028809,10.970000267028809,10.940099716186523,10.946499824523926,1446.0
2024-03-01 11:06:00,CMPX,1.8985999822616577,1.8985999822616577,1.8985999822616577,1.8799999952316284,1.8799999952316284,1277.0
2024-03-01 11:06:00,CMRX,1.1360000371932983,1.1360000371932983,1.1380000114440918,1.1299999952316284,1.1299999952316284,1418.0
2024-03-01 11:06:00,CNSP,0.3212999999523163,0.3212999999523163,0.3212999999523163,0.3212999999523163,0.3212999999523163,600.0
2024-03-01 11:06:00,CNTG,0.6620000004768372,0.6620000004768372,0.6620000004768372,0.6618000268936157,0.6620000004768372,427.0
2024-03-01 11:06:00,COGT,7.210000038146973,7.210000038146973,7.210000038146973,7.193900108337402,7.199999809265137,2191.0
2024-03-01 11:06:00,COLL,37.084999084472656,37.084999084472656,37.09000015258789,37.084999084472656,37.09000015258789,656.0
2024-03-01 11:06:00,COSM,0.7669000029563904,0.7669000029563904,0.7669000029563904,0.7669000029563904,0.7669000029563904,338.0
2024-03-01 11:06:00,CPRX,17.364999771118164,17.364999771118164,17.364999771118164,17.299999237060547,17.344999313354492,4189.0
2024-03-01 11:06:00,CRBU,8.079999923706055,8.079999923706055,8.079999923706055,8.079999923706055,8.079999923706055,350.0
2024-03-01 11:06:00,CRDF,2.5713000297546387,2.5713000297546387,2.6298999786376953,2.5299999713897705,2.572000026702881,127248.0
2024-03-01 11:06:00,CRDL,1.940000057220459,1.940000057220459,1.940000057220459,1.940000057220459,1.940000057220459,0.0
2024-03-01 11:06:00,CRNX,45.7599983215332,45.7599983215332,45.88999938964844,45.7599983215332,45.88999938964844,3336.0
2024-03-01 11:06:00,CRON,2.0450000762939453,2.0450000762939453,2.0450000762939453,2.0450000762939453,2.0450000762939453,1000.0
2024-03-01 11:06:00,CRSP,85.76000213623047,85.76000213623047,85.76920318603516,85.76000213623047,85.76920318603516,768.0
2024-03-01 11:06:00,CTKB,8.265000343322754,8.265000343322754,8.265000343322754,8.265000343322754,8.265000343322754,254.0
2024-03-01 11:06:00,CTMX,2.505000114440918,2.505000114440918,2.505000114440918,2.5,2.5,2277.0
2024-03-01 11:06:00,CTXR,0.7849000096321106,0.7849000096321106,0.7849000096321106,0.7849000096321106,0.7849000096321106,240.0
2024-03-01 11:06:00,CUTR,2.3299999237060547,2.3299999237060547,2.3299999237060547,2.3299999237060547,2.3299999237060547,200.0
2024-03-01 11:06:00,CYTK,74.61000061035156,74.61000061035156,74.61000061035156,74.58000183105469,74.59500122070312,1613.0
2024-03-01 11:06:00,CYTO,2.149899959564209,2.149899959564209,2.149899959564209,2.149899959564209,2.149899959564209,0.0
2024-03-01 11:06:00,DARE,0.5600000023841858,0.5600000023841858,0.5602999925613403,0.5600000023841858,0.5602999925613403,151.0
2024-03-01 11:06:00,DAWN,17.476499557495117,17.476499557495117,17.476499557495117,17.476499557495117,17.476499557495117,472.0
2024-03-01 11:06:00,DCGO,4.119999885559082,4.119999885559082,4.119999885559082,4.119999885559082,4.119999885559082,200.0
2024-03-01 11:06:00,DH,9.079999923706055,9.079999923706055,9.079999923706055,9.069999694824219,9.069999694824219,501.0
2024-03-01 11:06:00,DMTK,0.864300012588501,0.864300012588501,0.878600001335144,0.8600000143051147,0.8600999712944031,13765.0
2024-03-01 11:06:00,DSGN,2.9100000858306885,2.9100000858306885,2.9100000858306885,2.9000000953674316,2.9000000953674316,654.0
2024-03-01 11:06:00,DVAX,12.829999923706055,12.829999923706055,12.829999923706055,12.820099830627441,12.829999923706055,2144.0
2024-03-01 11:06:00,DXCM,119.11000061035156,119.11000061035156,119.11000061035156,119.06999969482422,119.06999969482422,2810.0
2024-03-01 11:06:00,DYN,29.030000686645508,29.030000686645508,29.099700927734375,29.030000686645508,29.099700927734375,1760.0
2024-03-01 11:06:00,EDIT,11.010000228881836,11.010000228881836,11.010000228881836,11.005000114440918,11.010000228881836,954.0
2024-03-01 11:06:00,EFTR,15.050000190734863,15.050000190734863,15.050000190734863,15.050000190734863,15.050000190734863,0.0
2024-03-01 11:06:00,ELEV,4.980000019073486,4.980000019073486,4.980000019073486,4.914999961853027,4.914999961853027,4141.0
2024-03-01 11:06:00,ENTA,15.119999885559082,15.119999885559082,15.119999885559082,15.119999885559082,15.119999885559082,216.0
2024-03-01 11:06:00,ENVB,1.6349999904632568,1.6349999904632568,1.6399999856948853,1.6299999952316284,1.6305999755859375,6342.0
2024-03-01 11:06:00,ESPR,2.4800000190734863,2.4800000190734863,2.4800000190734863,2.4749999046325684,2.4749999046325684,1457.0
2024-03-01 11:06:00,ETNB,12.789999961853027,12.789999961853027,12.835000038146973,12.789999961853027,12.835000038146973,3187.0
2024-03-01 11:06:00,EVGN,0.9200000166893005,0.9200000166893005,0.9200000166893005,0.9200000166893005,0.9200000166893005,1332.0
2024-03-01 11:06:00,EXAS,59.98500061035156,59.98500061035156,59.98500061035156,59.959999084472656,59.97999954223633,989.0
2024-03-01 11:06:00,EXEL,22.524999618530273,22.524999618530273,22.524999618530273,22.524999618530273,22.524999618530273,828.0
2024-03-01 11:06:00,EYEN,2.239000082015991,2.239000082015991,2.25,2.239000082015991,2.25,2806.0
2024-03-01 11:06:00,EYPT,27.989900588989258,27.989900588989258,28.0,27.950000762939453,28.0,1614.0
2024-03-01 11:06:00,FATE,7.485000133514404,7.485000133514404,7.489999771118164,7.480100154876709,7.480100154876709,952.0
2024-03-01 11:06:00,FDMT,28.989999771118164,28.989999771118164,29.0,28.989999771118164,28.989999771118164,820.0
2024-03-01 11:06:00,FEMY,1.700600028038025,1.700600028038025,1.7100000381469727,1.700600028038025,1.7100000381469727,2016.0
2024-03-01 11:06:00,FGEN,1.7699999809265137,1.7699999809265137,1.7699999809265137,1.7608000040054321,1.7608000040054321,1931.0
2024-03-01 11:06:00,FLGT,23.0,23.0,23.010000228881836,23.0,23.010000228881836,448.0
2024-03-01 11:06:00,FOLD,13.515000343322754,13.515000343322754,13.520000457763672,13.515000343322754,13.520000457763672,1000.0
2024-03-01 11:06:00,FULC,10.630000114440918,10.630000114440918,10.640000343322754,10.630000114440918,10.640000343322754,1031.0
2024-03-01 11:06:00,FUSN,12.027000427246094,12.027000427246094,12.029999732971191,11.990099906921387,11.990099906921387,673.0
2024-03-01 11:06:00,GDRX,8.210100173950195,8.210100173950195,8.21500015258789,8.210100173950195,8.21500015258789,217.0
2024-03-01 11:06:00,GERN,2.125,2.125,2.125,2.125,2.125,301.0
2024-03-01 11:06:00,GH,19.219999313354492,19.219999313354492,19.2450008392334,19.209999084472656,19.2450008392334,733.0
2024-03-01 11:06:00,GHRS,8.9350004196167,8.9350004196167,8.9350004196167,8.9350004196167,8.9350004196167,841.0
2024-03-01 11:06:00,GILD,72.41000366210938,72.41000366210938,72.41999816894531,72.3949966430664,72.4000015258789,3859.0
2024-03-01 11:06:00,GLPG,35.14500045776367,35.14500045776367,35.14500045776367,35.14500045776367,35.14500045776367,198.0
2024-03-01 11:06:00,GMAB,29.300100326538086,29.300100326538086,29.310100555419922,29.299999237060547,29.310100555419922,716.0
2024-03-01 11:06:00,GOSS,1.3650000095367432,1.3650000095367432,1.368899941444397,1.3600000143051147,1.3600000143051147,2195.0
2024-03-01 11:06:00,GRFS,6.980000019073486,6.980000019073486,6.980000019073486,6.980000019073486,6.980000019073486,225.0
2024-03-01 11:06:00,GRTS,2.190000057220459,2.190000057220459,2.200000047683716,2.190000057220459,2.190000057220459,1972.0
2024-03-01 11:06:00,GTHX,3.444999933242798,3.444999933242798,3.450000047683716,3.444999933242798,3.450000047683716,404.0
2024-03-01 11:06:00,HALO,41.27000045776367,41.27000045776367,41.27000045776367,41.25,41.25,651.0
2024-03-01 11:06:00,HARP,22.93000030517578,22.93000030517578,22.93000030517578,22.93000030517578,22.93000030517578,324.0
2024-03-01 11:06:00,HCTI,2.380000114440918,2.380000114440918,2.4398999214172363,2.380000114440918,2.4398999214172363,6850.0
2024-03-01 11:06:00,HITI,1.7699999809265137,1.7699999809265137,1.7705999612808228,1.7699999809265137,1.7705999612808228,1010.0
2024-03-01 11:06:00,HOLX,74.0,74.0,74.01000213623047,74.0,74.0,888.0
2024-03-01 11:06:00,HROW,10.818599700927734,10.818599700927734,10.818599700927734,10.818599700927734,10.818599700927734,202.0
2024-03-01 11:06:00,HRTX,2.6700000762939453,2.6700000762939453,2.6700000762939453,2.6700000762939453,2.6700000762939453,400.0
2024-03-01 11:06:00,HSIC,77.02999877929688,77.02999877929688,77.02999877929688,77.02999877929688,77.02999877929688,220.0
2024-03-01 11:06:00,HUMA,3.180000066757202,3.180000066757202,3.189300060272217,3.180000066757202,3.184999942779541,1759.0
2024-03-01 11:06:00,IBRX,4.815000057220459,4.815000057220459,4.815000057220459,4.815000057220459,4.815000057220459,102.0
2024-03-01 11:06:00,ICCM,1.3109999895095825,1.3109999895095825,1.3109999895095825,1.309999942779541,1.309999942779541,2884.0
2024-03-01 11:06:00,ICUI,106.97000122070312,106.97000122070312,106.97000122070312,106.8499984741211,106.93000030517578,2310.0
2024-03-01 11:06:00,IDXX,580.489990234375,580.489990234375,580.489990234375,579.239990234375,579.239990234375,538.0
2024-03-01 11:06:00,IFRX,1.8300000429153442,1.8300000429153442,1.8300000429153442,1.8300000429153442,1.8300000429153442,0.0
2024-03-01 11:06:00,ILMN,141.83999633789062,141.83999633789062,141.83999633789062,141.61000061035156,141.61000061035156,2551.0
2024-03-01 11:06:00,IMAB,1.8350000381469727,1.8350000381469727,1.8350000381469727,1.8350000381469727,1.8350000381469727,166.0
2024-03-01 11:06:00,IMTX,13.069999694824219,13.069999694824219,13.075400352478027,13.066100120544434,13.069999694824219,600.0
2024-03-01 11:06:00,IMUX,1.4889999628067017,1.4889999628067017,1.4895000457763672,1.4889999628067017,1.4895000457763672,634.0
2024-03-01 11:06:00,IMVT,36.255001068115234,36.255001068115234,36.255001068115234,36.255001068115234,36.255001068115234,101.0
2024-03-01 11:06:00,INCY,59.380001068115234,59.380001068115234,59.45000076293945,59.34000015258789,59.45000076293945,3732.0
2024-03-01 11:06:00,INGN,6.809999942779541,6.809999942779541,6.809999942779541,6.769999980926514,6.769999980926514,3072.0
2024-03-01 11:06:00,INMB,11.96500015258789,11.96500015258789,11.96500015258789,11.96500015258789,11.96500015258789,579.0
2024-03-01 11:06:00,INMD,22.875,22.875,22.875,22.84000015258789,22.84000015258789,978.0
2024-03-01 11:06:00,INSM,28.375,28.375,28.389999389648438,28.3700008392334,28.389999389648438,1548.0
2024-03-01 11:06:00,INVA,15.595000267028809,15.595000267028809,15.604999542236328,15.569999694824219,15.579999923706055,3789.0
2024-03-01 11:06:00,IOBT,1.785099983215332,1.785099983215332,1.785099983215332,1.785099983215332,1.785099983215332,179.0
2024-03-01 11:06:00,IONS,45.900001525878906,45.900001525878906,45.934200286865234,45.880001068115234,45.934200286865234,1584.0
2024-03-01 11:06:00,IOVA,16.459999084472656,16.459999084472656,16.46500015258789,16.415000915527344,16.415000915527344,27791.0
2024-03-01 11:06:00,IPSC,3.799999952316284,3.799999952316284,3.799999952316284,3.799999952316284,3.799999952316284,123.0
2024-03-01 11:06:00,IRTC,120.26000213623047,120.26000213623047,120.26000213623047,120.26000213623047,120.26000213623047,515.0
2024-03-01 11:06:00,IRWD,8.930000305175781,8.930000305175781,8.9350004196167,8.930000305175781,8.9350004196167,2358.0
2024-03-01 11:06:00,ISRG,392.2799987792969,392.2799987792969,392.32000732421875,392.1700134277344,392.19000244140625,1564.0
2024-03-01 11:06:00,ITCI,71.1500015258789,71.1500015258789,71.1500015258789,71.1500015258789,71.1500015258789,139.0
2024-03-01 11:06:00,ITOS,10.75,10.75,10.75,10.75,10.75,103.0
2024-03-01 11:06:00,IXHL,5.320000171661377,5.320000171661377,5.320000171661377,5.320000171661377,5.320000171661377,118.0
2024-03-01 11:06:00,JAGX,0.0835999995470047,0.0835999995470047,0.08389999717473984,0.08100000023841858,0.08250000327825546,686589.0
2024-03-01 11:06:00,JANX,46.45050048828125,46.45050048828125,46.4900016784668,46.45050048828125,46.47999954223633,3629.0
2024-03-01 11:06:00,KNSA,21.93000030517578,21.93000030517578,21.940000534057617,21.84000015258789,21.940000534057617,600.0
2024-03-01 11:06:00,KPTI,1.2549999952316284,1.2549999952316284,1.2599999904632568,1.25,1.2599999904632568,4114.0
2024-03-01 11:06:00,KRTX,316.4849853515625,316.4849853515625,316.4849853515625,316.4849853515625,316.4849853515625,453.0
2024-03-01 11:06:00,KRYS,167.25,167.25,167.5850067138672,167.25,167.5850067138672,765.0
2024-03-01 11:06:00,KTRA,0.10029999911785126,0.10029999911785126,0.10080000013113022,0.10029999911785126,0.10080000013113022,5594.0
2024-03-01 11:06:00,KURA,21.270000457763672,21.270000457763672,21.270000457763672,21.270000457763672,21.270000457763672,556.0
2024-03-01 11:06:00,KYMR,44.04499816894531,44.04499816894531,44.04499816894531,44.029998779296875,44.029998779296875,449.0
2024-03-01 11:06:00,KZR,1.100100040435791,1.100100040435791,1.1100000143051147,1.100100040435791,1.1094000339508057,14026.0
2024-03-01 11:06:00,LAB,2.375,2.375,2.375,2.375,2.375,500.0
2024-03-01 11:06:00,LBPH,21.3799991607666,21.3799991607666,21.459999084472656,21.3799991607666,21.459999084472656,1550.0
2024-03-01 11:06:00,LFST,8.005000114440918,8.005000114440918,8.005000114440918,8.005000114440918,8.005000114440918,3343.0
2024-03-01 11:06:00,LIAN,4.860000133514404,4.860000133514404,4.860000133514404,4.860000133514404,4.860000133514404,100.0
2024-03-01 11:06:00,LQDA,14.359999656677246,14.359999656677246,14.359999656677246,14.359999656677246,14.359999656677246,352.0
2024-03-01 11:06:00,LRMR,11.029999732971191,11.029999732971191,11.125,11.029999732971191,11.09000015258789,603.0
2024-03-01 11:06:00,LUNG,9.1899995803833,9.1899995803833,9.1899995803833,9.180000305175781,9.1899995803833,992.0
2024-03-01 11:06:00,LVTX,3.030900001525879,3.030900001525879,3.030900001525879,3.0299999713897705,3.0299999713897705,675.0
2024-03-01 11:06:00,LXRX,2.3949999809265137,2.3949999809265137,2.3949999809265137,2.3949999809265137,2.3949999809265137,346.0
2024-03-01 11:06:00,LYRA,5.5,5.5,5.519999980926514,5.449999809265137,5.449999809265137,20861.0
2024-03-01 11:06:00,MASI,126.87999725341797,126.87999725341797,126.87999725341797,126.87999725341797,126.87999725341797,126.0
2024-03-01 11:06:00,MCRB,1.1899000406265259,1.1899000406265259,1.1899000406265259,1.1799999475479126,1.1799999475479126,0.0
2024-03-01 11:06:00,MDGL,239.91000366210938,239.91000366210938,239.91000366210938,239.91000366210938,239.91000366210938,164.0
2024-03-01 11:06:00,MDRX,5.849999904632568,5.849999904632568,5.849999904632568,5.820000171661377,5.849999904632568,68685.0
2024-03-01 11:06:00,MDXG,8.609999656677246,8.609999656677246,8.609999656677246,8.579999923706055,8.579999923706055,1412.0
2024-03-01 11:06:00,ME,0.5837000012397766,0.5837000012397766,0.5841000080108643,0.5834000110626221,0.5834000110626221,3391.0
2024-03-01 11:06:00,MESO,2.04010009765625,2.04010009765625,2.04010009765625,2.04010009765625,2.04010009765625,200.0
2024-03-01 11:06:00,MGNX,19.235000610351562,19.235000610351562,19.235000610351562,19.235000610351562,19.235000610351562,240.0
2024-03-01 11:06:00,MHUA,0.6851000189781189,0.6851000189781189,0.6851000189781189,0.6851000189781189,0.6851000189781189,412.0
2024-03-01 11:06:00,MIRM,29.850000381469727,29.850000381469727,29.850000381469727,29.850000381469727,29.850000381469727,514.0
2024-03-01 11:06:00,MIST,1.6950000524520874,1.6950000524520874,1.6950000524520874,1.690000057220459,1.6950000524520874,11117.0
2024-03-01 11:06:00,MMSI,76.2249984741211,76.2249984741211,76.30000305175781,76.11000061035156,76.13999938964844,2047.0
2024-03-01 11:06:00,MNKD,4.585000038146973,4.585000038146973,4.590000152587891,4.579999923706055,4.590000152587891,53263.0
2024-03-01 11:06:00,MNPR,0.8098999857902527,0.8098999857902527,0.8098999857902527,0.8098999857902527,0.8098999857902527,866.0
2024-03-01 11:06:00,MRAI,1.5399999618530273,1.5399999618530273,1.5399999618530273,1.5399999618530273,1.5399999618530273,474.0
2024-03-01 11:06:00,MREO,3.790800094604492,3.790800094604492,3.805000066757202,3.790800094604492,3.799999952316284,26639.0
2024-03-01 11:06:00,MRNA,95.69000244140625,95.69000244140625,95.69000244140625,95.56999969482422,95.5999984741211,6186.0
2024-03-01 11:06:00,MRSN,5.744999885559082,5.744999885559082,5.75,5.724999904632568,5.744999885559082,3448.0
2024-03-01 11:06:00,MRVI,7.860000133514404,7.860000133514404,7.864999771118164,7.860000133514404,7.864999771118164,1620.0
2024-03-01 11:06:00,NARI,45.43000030517578,45.43000030517578,45.459999084472656,45.38999938964844,45.459999084472656,4012.0
2024-03-01 11:06:00,NAUT,2.6500000953674316,2.6500000953674316,2.680799961090088,2.6500000953674316,2.680799961090088,3360.0
2024-03-01 11:06:00,NBIX,130.66000366210938,130.66000366210938,130.66000366210938,130.66000366210938,130.66000366210938,425.0
2024-03-01 11:06:00,NBSE,0.8774999976158142,0.8774999976158142,0.8774999976158142,0.8774999976158142,0.8774999976158142,15000.0
2024-03-01 11:06:00,NDRA,1.1299999952316284,1.1299999952316284,1.1305999755859375,1.1299999952316284,1.1305999755859375,1600.0
2024-03-01 11:06:00,NEO,16.149999618530273,16.149999618530273,16.149999618530273,16.139999389648438,16.139999389648438,323.0
2024-03-01 11:06:00,NEOG,17.239999771118164,17.239999771118164,17.239999771118164,17.229999542236328,17.229999542236328,724.0
2024-03-01 11:06:00,NKTR,0.7430999875068665,0.7430999875068665,0.7430999875068665,0.7430999875068665,0.7430999875068665,1629.0
2024-03-01 11:06:00,NKTX,12.4399995803833,12.4399995803833,12.449999809265137,12.4399995803833,12.447999954223633,782.0
2024-03-01 11:06:00,NNOX,11.140000343322754,11.140000343322754,11.140000343322754,11.130000114440918,11.140000343322754,793.0
2024-03-01 11:06:00,NRIX,13.279999732971191,13.279999732971191,13.289999961853027,13.279999732971191,13.289999961853027,290.0
2024-03-01 11:06:00,NRSN,1.999899983406067,1.999899983406067,2.0,1.9940999746322632,1.9940999746322632,1826.0
2024-03-01 11:06:00,NRXP,0.42890000343322754,0.42890000343322754,0.42890000343322754,0.42890000343322754,0.42890000343322754,3850.0
2024-03-01 11:06:00,NTLA,33.54999923706055,33.54999923706055,33.54999923706055,33.52000045776367,33.52000045776367,1375.0
2024-03-01 11:06:00,NTRA,89.12000274658203,89.12000274658203,89.18000030517578,89.06500244140625,89.16999816894531,5535.0
2024-03-01 11:06:00,NUTX,0.11309999972581863,0.11309999972581863,0.11309999972581863,0.11309999972581863,0.11309999972581863,342.0
2024-03-01 11:06:00,NVAX,5.109300136566162,5.109300136566162,5.150000095367432,5.109300136566162,5.144999980926514,29602.0
2024-03-01 11:06:00,NVCR,16.170000076293945,16.170000076293945,16.18000030517578,16.170000076293945,16.18000030517578,1641.0
2024-03-01 11:06:00,NVCT,10.539999961853027,10.539999961853027,10.569999694824219,10.414999961853027,10.5,7022.0
2024-03-01 11:06:00,NXTC,1.809999942779541,1.809999942779541,1.809999942779541,1.7949999570846558,1.7949999570846558,200.0
2024-03-01 11:06:00,NYXH,14.399999618530273,14.399999618530273,14.5,14.399999618530273,14.5,1073.0
2024-03-01 11:06:00,OCUL,10.414999961853027,10.414999961853027,10.414999961853027,10.390000343322754,10.393600463867188,1707.0
2024-03-01 11:06:00,OCUP,2.509999990463257,2.509999990463257,2.518199920654297,2.502000093460083,2.518199920654297,1410.0
2024-03-01 11:06:00,OMCL,26.420000076293945,26.420000076293945,26.469999313354492,26.420000076293945,26.469999313354492,1117.0
2024-03-01 11:06:00,OMER,4.71999979019165,4.71999979019165,4.744999885559082,4.71999979019165,4.744999885559082,7616.0
2024-03-01 11:06:00,OMGA,4.190000057220459,4.190000057220459,4.190000057220459,4.170000076293945,4.170000076293945,1733.0
2024-03-01 11:07:00,ABCL,5.15500020980835,5.15500020980835,5.15500020980835,5.15500020980835,5.15500020980835,0.0
2024-03-01 11:07:00,ABOS,4.679999828338623,4.679999828338623,4.695000171661377,4.679999828338623,4.679999828338623,8652.0
2024-03-01 11:07:00,ABSI,5.135000228881836,5.135000228881836,5.135499954223633,5.119999885559082,5.119999885559082,9756.0
2024-03-01 11:07:00,ABUS,2.7692999839782715,2.7692999839782715,2.7692999839782715,2.7692999839782715,2.7692999839782715,2419.0
2024-03-01 11:07:00,ACAD,24.010000228881836,24.010000228881836,24.010000228881836,23.960500717163086,23.960500717163086,1347.0
2024-03-01 11:07:00,ACB,3.1087000370025635,3.1087000370025635,3.1087000370025635,3.0899999141693115,3.0999999046325684,1351.0
2024-03-01 11:07:00,ACHC,83.87999725341797,83.87999725341797,83.87999725341797,83.87999725341797,83.87999725341797,481.0
2024-03-01 11:07:00,ACHV,4.239999771118164,4.239999771118164,4.239999771118164,4.239999771118164,4.239999771118164,2293.0
2024-03-01 11:07:00,ACLX,67.76000213623047,67.76000213623047,67.76000213623047,67.66500091552734,67.68000030517578,2090.0
2024-03-01 11:07:00,ACON,0.3930000066757202,0.3930000066757202,0.3930000066757202,0.3912999927997589,0.3912999927997589,1480.0
2024-03-01 11:07:00,ACRS,1.218000054359436,1.218000054359436,1.2300000190734863,1.218000054359436,1.2300000190734863,21355.0
2024-03-01 11:07:00,ADAG,3.2799999713897705,3.2799999713897705,3.325000047683716,3.259999990463257,3.2699999809265137,1556.0
2024-03-01 11:07:00,ADAP,1.5700000524520874,1.5700000524520874,1.5700000524520874,1.5700000524520874,1.5700000524520874,3500.0
2024-03-01 11:07:00,ADIL,3.0850000381469727,3.0850000381469727,3.119999885559082,3.0199999809265137,3.0380001068115234,68730.0
2024-03-01 11:07:00,ADMA,5.348999977111816,5.348999977111816,5.348999977111816,5.3460001945495605,5.3460001945495605,4259.0
2024-03-01 11:07:00,ADPT,4.210000038146973,4.210000038146973,4.210000038146973,4.210000038146973,4.210000038146973,528.0
2024-03-01 11:07:00,ADVM,1.9199999570846558,1.9199999570846558,1.9200999736785889,1.9199999570846558,1.9200999736785889,4210.0
2024-03-01 11:07:00,AGEN,0.6672000288963318,0.6672000288963318,0.6672000288963318,0.6672000288963318,0.6672000288963318,12001.0
2024-03-01 11:07:00,AGIO,32.849998474121094,32.849998474121094,32.849998474121094,32.75,32.779998779296875,1645.0
2024-03-01 11:07:00,AHCO,10.744999885559082,10.744999885559082,10.770000457763672,10.734999656677246,10.75,9246.0
2024-03-01 11:07:00,AKAN,0.25,0.25,0.25099998712539673,0.25,0.25099998712539673,17443.0
2024-03-01 11:07:00,AKBA,1.6549999713897705,1.6549999713897705,1.6549999713897705,1.6549999713897705,1.6549999713897705,3795.0
2024-03-01 11:07:00,AKLI,0.3400000035762787,0.3400000035762787,0.3400000035762787,0.3400000035762787,0.3400000035762787,2282.0
2024-03-01 11:07:00,AKRO,29.6200008392334,29.6200008392334,29.6299991607666,29.53529930114746,29.6299991607666,956.0
2024-03-01 11:07:00,ALDX,4.130000114440918,4.130000114440918,4.135000228881836,4.109000205993652,4.109000205993652,2800.0
2024-03-01 11:07:00,ALEC,7.494999885559082,7.494999885559082,7.494999885559082,7.489999771118164,7.489999771118164,1455.0
2024-03-01 11:07:00,ALGN,299.92999267578125,299.92999267578125,299.9549865722656,299.760009765625,299.8999938964844,1324.0
2024-03-01 11:07:00,ALHC,5.889900207519531,5.889900207519531,5.889999866485596,5.889900207519531,5.889999866485596,5739.0
2024-03-01 11:07:00,ALKS,30.200000762939453,30.200000762939453,30.200000762939453,30.190000534057617,30.190000534057617,632.0
2024-03-01 11:07:00,ALLK,1.5850000381469727,1.5850000381469727,1.5850000381469727,1.5850000381469727,1.5850000381469727,101.0
2024-03-01 11:07:00,ALLO,5.0,5.0,5.0,4.983500003814697,4.985000133514404,5628.0
2024-03-01 11:07:00,ALNY,155.16000366210938,155.16000366210938,155.33999633789062,154.91000366210938,154.91000366210938,1864.0
2024-03-01 11:07:00,ALPN,36.064998626708984,36.064998626708984,36.09619903564453,36.05500030517578,36.09619903564453,500.0
2024-03-01 11:07:00,ALT,12.140000343322754,12.140000343322754,12.170000076293945,12.135000228881836,12.170000076293945,9374.0
2024-03-01 11:07:00,ALVO,15.664999961853027,15.664999961853027,15.670000076293945,15.65999984741211,15.65999984741211,300.0
2024-03-01 11:07:00,AMGN,280.82000732421875,280.82000732421875,280.8699951171875,280.54998779296875,280.8699951171875,21036.0
2024-03-01 11:07:00,AMLX,18.864999771118164,18.864999771118164,18.864999771118164,18.850000381469727,18.850000381469727,1089.0
2024-03-01 11:07:00,AMPH,45.59000015258789,45.59000015258789,45.59000015258789,45.59000015258789,45.59000015258789,188.0
2024-03-01 11:07:00,AMRN,1.0399999618530273,1.0399999618530273,1.0399999618530273,1.034999966621399,1.034999966621399,7801.0
2024-03-01 11:07:00,ANAB,25.3700008392334,25.3700008392334,25.3700008392334,25.31999969482422,25.31999969482422,457.0
2024-03-01 11:07:00,ANGO,5.489999771118164,5.489999771118164,5.489999771118164,5.46999979019165,5.46999979019165,2407.0
2024-03-01 11:07:00,ANIP,67.05999755859375,67.05999755859375,67.05999755859375,67.05999755859375,67.05999755859375,105.0
2024-03-01 11:07:00,ANIX,3.5450000762939453,3.5450000762939453,3.5450000762939453,3.5450000762939453,3.5450000762939453,107.0
2024-03-01 11:07:00,ANNX,6.005000114440918,6.005000114440918,6.005000114440918,5.96999979019165,5.980000019073486,671.0
2024-03-01 11:07:00,ANTX,2.950000047683716,2.950000047683716,2.950000047683716,2.950000047683716,2.950000047683716,308.0
2024-03-01 11:07:00,APLS,64.38500213623047,64.38500213623047,64.52999877929688,64.37000274658203,64.44000244140625,2041.0
2024-03-01 11:07:00,APLT,7.150000095367432,7.150000095367432,7.150000095367432,7.150000095367432,7.150000095367432,580.0
2024-03-01 11:07:00,AQST,4.220099925994873,4.220099925994873,4.228400230407715,4.21999979019165,4.220600128173828,2207.0
2024-03-01 11:07:00,ARAY,2.6201000213623047,2.6201000213623047,2.625,2.619999885559082,2.624500036239624,422.0
2024-03-01 11:07:00,ARDX,9.5649995803833,9.5649995803833,9.5649995803833,9.550000190734863,9.550000190734863,3125.0
2024-03-01 11:07:00,ARQT,10.979700088500977,10.979700088500977,10.979700088500977,10.885000228881836,10.885000228881836,9636.0
2024-03-01 11:07:00,ARVN,49.18000030517578,49.18000030517578,49.22999954223633,49.04999923706055,49.04999923706055,3342.0
2024-03-01 11:07:00,ARWR,35.189998626708984,35.189998626708984,35.19499969482422,35.099998474121094,35.099998474121094,1542.0
2024-03-01 11:07:00,ASND,149.25,149.25,149.25,149.1199951171875,149.1199951171875,960.0
2024-03-01 11:07:00,ATAI,2.0,2.0,2.0,1.9950000047683716,1.9950000047683716,1110.0
2024-03-01 11:07:00,ATEC,13.529999732971191,13.529999732971191,13.529999732971191,13.524999618530273,13.524999618530273,402.0
2024-03-01 11:07:00,ATHA,3.9649999141693115,3.9649999141693115,3.9649999141693115,3.9649999141693115,3.9649999141693115,120.0
2024-03-01 11:07:00,ATOS,0.989799976348877,0.989799976348877,0.989799976348877,0.989799976348877,0.989799976348877,136.0
2024-03-01 11:07:00,ATRA,0.8170999884605408,0.8170999884605408,0.8170999884605408,0.8170999884605408,0.8170999884605408,1800.0
2024-03-01 11:07:00,ATRC,35.900001525878906,35.900001525878906,35.900001525878906,35.834999084472656,35.834999084472656,1144.0
2024-03-01 11:07:00,ATXS,15.175000190734863,15.175000190734863,15.175000190734863,15.09000015258789,15.095000267028809,6946.0
2024-03-01 11:07:00,AUGX,4.559999942779541,4.559999942779541,4.559999942779541,4.559999942779541,4.559999942779541,200.0
2024-03-01 11:07:00,AUPH,5.815000057220459,5.815000057220459,5.815000057220459,5.815000057220459,5.815000057220459,876.0
2024-03-01 11:07:00,AUTL,6.170000076293945,6.170000076293945,6.170000076293945,6.159999847412109,6.159999847412109,545.0
2024-03-01 11:07:00,AVDL,12.645000457763672,12.645000457763672,12.645000457763672,12.645000457763672,12.645000457763672,100.0
2024-03-01 11:07:00,AVIR,4.394999980926514,4.394999980926514,4.394999980926514,4.380000114440918,4.380000114440918,1282.0
2024-03-01 11:07:00,AVRO,1.3250000476837158,1.3250000476837158,1.3250000476837158,1.3250000476837158,1.3250000476837158,0.0
2024-03-01 11:07:00,AVTX,4.340000152587891,4.340000152587891,4.340000152587891,4.340000152587891,4.340000152587891,1606.0
2024-03-01 11:07:00,AVXL,5.355999946594238,5.355999946594238,5.355999946594238,5.340000152587891,5.340000152587891,1301.0
2024-03-01 11:07:00,AXGN,10.557499885559082,10.557499885559082,10.557499885559082,10.557499885559082,10.557499885559082,213.0
2024-03-01 11:07:00,AXNX,67.2300033569336,67.2300033569336,67.28970336914062,67.19999694824219,67.23500061035156,10915.0
2024-03-01 11:07:00,AZN,64.63500213623047,64.63500213623047,64.63500213623047,64.5999984741211,64.61000061035156,1573.0
2024-03-01 11:07:00,BBIO,36.09000015258789,36.09000015258789,36.09000015258789,36.02000045776367,36.02000045776367,1032.0
2024-03-01 11:07:00,BBLG,2.3894999027252197,2.3894999027252197,2.3894999027252197,2.3894999027252197,2.3894999027252197,493.0
2024-03-01 11:07:00,BCAB,2.7750000953674316,2.7750000953674316,2.7750000953674316,2.7750000953674316,2.7750000953674316,231.0
2024-03-01 11:07:00,BCDA,0.5559999942779541,0.5559999942779541,0.5559999942779541,0.5559999942779541,0.5559999942779541,30.0
2024-03-01 11:07:00,BCRX,5.84499979019165,5.84499979019165,5.849999904632568,5.84499979019165,5.84499979019165,1323.0
2024-03-01 11:07:00,BDTX,5.099999904632568,5.099999904632568,5.105000019073486,5.09499979019165,5.099999904632568,719.0
2024-03-01 11:07:00,BEAM,40.459999084472656,40.459999084472656,40.459999084472656,40.41999816894531,40.41999816894531,426.0
2024-03-01 11:07:00,BEAT,1.48989999294281,1.48989999294281,1.48989999294281,1.48989999294281,1.48989999294281,100.0
2024-03-01 11:07:00,BIIB,219.52999877929688,219.52999877929688,219.52999877929688,219.52999877929688,219.52999877929688,852.0
2024-03-01 11:07:00,BIOL,0.13920000195503235,0.13920000195503235,0.13920000195503235,0.13920000195503235,0.13920000195503235,1000.0
2024-03-01 11:07:00,BIVI,2.2012999057769775,2.2012999057769775,2.240000009536743,2.1700000762939453,2.240000009536743,110726.0
2024-03-01 11:07:00,BJDX,0.7724999785423279,0.7724999785423279,0.7724999785423279,0.7724999785423279,0.7724999785423279,1707.0
2024-03-01 11:07:00,BLFS,18.024999618530273,18.024999618530273,18.024999618530273,18.024999618530273,18.024999618530273,141.0
2024-03-01 11:07:00,BLUE,1.589900016784668,1.589900016784668,1.5950000286102295,1.5800000429153442,1.589900016784668,34650.0
2024-03-01 11:07:00,BMRN,86.78130340576172,86.78130340576172,86.78130340576172,86.75599670410156,86.75599670410156,544.0
2024-03-01 11:07:00,BNTC,5.000100135803223,5.000100135803223,5.000100135803223,5.000100135803223,5.000100135803223,4.0
2024-03-01 11:07:00,BNTX,91.91500091552734,91.91500091552734,91.91500091552734,91.87000274658203,91.9000015258789,7027.0
2024-03-01 11:07:00,BPMC,96.6449966430664,96.6449966430664,96.88999938964844,96.6449966430664,96.77999877929688,3349.0
2024-03-01 11:07:00,BRKR,88.08000183105469,88.08000183105469,88.08000183105469,87.98999786376953,88.02999877929688,2046.0
2024-03-01 11:07:00,BRTX,1.5199999809265137,1.5199999809265137,1.5199999809265137,1.499899983406067,1.499899983406067,3894.0
2024-03-01 11:07:00,BTAI,3.240000009536743,3.240000009536743,3.240000009536743,3.240000009536743,3.240000009536743,309.0
2024-03-01 11:07:00,BTTX,0.1671999990940094,0.1671999990940094,0.1673000007867813,0.1671999990940094,0.1673000007867813,1842.0
2024-03-01 11:07:00,BVS,4.690000057220459,4.690000057220459,4.690000057220459,4.690000057220459,4.690000057220459,393.0
2024-03-01 11:07:00,CABA,24.024999618530273,24.024999618530273,24.059999465942383,24.0,24.010000228881836,2335.0
2024-03-01 11:07:00,CBAY,32.23500061035156,32.23500061035156,32.23500061035156,32.23500061035156,32.23500061035156,3504.0
2024-03-01 11:07:00,CCCC,11.010000228881836,11.010000228881836,11.015000343322754,11.005000114440918,11.005000114440918,2075.0
2024-03-01 11:07:00,CCRN,18.049999237060547,18.049999237060547,18.049999237060547,18.049999237060547,18.049999237060547,2193.0
2024-03-01 11:07:00,CDMO,8.100000381469727,8.100000381469727,8.100000381469727,8.100000381469727,8.100000381469727,101.0
2024-03-01 11:07:00,CDNA,12.279999732971191,12.279999732971191,12.279999732971191,12.270000457763672,12.270000457763672,1050.0
2024-03-01 11:07:00,CDTX,0.7265999913215637,0.7265999913215637,0.7265999913215637,0.7245000004768372,0.7245000004768372,319.0
2024-03-01 11:07:00,CDXC,1.6349999904632568,1.6349999904632568,1.6349999904632568,1.6349999904632568,1.6349999904632568,379.0
2024-03-01 11:07:00,CDXS,4.485000133514404,4.485000133514404,4.489999771118164,4.46999979019165,4.46999979019165,1412.0
2024-03-01 11:07:00,CELC,15.920000076293945,15.920000076293945,15.920000076293945,15.920000076293945,15.920000076293945,217.0
2024-03-01 11:07:00,CERE,41.189998626708984,41.189998626708984,41.189998626708984,41.18000030517578,41.18000030517578,942.0
2024-03-01 11:07:00,CERT,17.709999084472656,17.709999084472656,17.709999084472656,17.709999084472656,17.709999084472656,11525.0
2024-03-01 11:07:00,CGC,3.2699999809265137,3.2699999809265137,3.2699999809265137,3.2699999809265137,3.2699999809265137,2157.0
2024-03-01 11:07:00,CGEM,18.739999771118164,18.739999771118164,18.739999771118164,18.739999771118164,18.739999771118164,200.0
2024-03-01 11:07:00,CHRS,2.325000047683716,2.325000047683716,2.3299999237060547,2.319999933242798,2.325000047683716,1327.0
2024-03-01 11:07:00,CING,1.4565999507904053,1.4565999507904053,1.4565999507904053,1.4565999507904053,1.4565999507904053,650.0
2024-03-01 11:07:00,CKPT,2.1600000858306885,2.1600000858306885,2.1600000858306885,2.1600000858306885,2.1600000858306885,479.0
2024-03-01 11:07:00,CLDX,52.16999816894531,52.16999816894531,52.290000915527344,51.959999084472656,52.220001220703125,6657.0
2024-03-01 11:07:00,CLNN,0.39500001072883606,0.39500001072883606,0.39500001072883606,0.39500001072883606,0.39500001072883606,9281.0
2024-03-01 11:07:00,CLOV,0.8626000285148621,0.8626000285148621,0.8626999855041504,0.8623999953269958,0.8626000285148621,1839.0
2024-03-01 11:07:00,CLPT,6.590000152587891,6.590000152587891,6.590000152587891,6.590000152587891,6.590000152587891,112.0
2024-03-01 11:07:00,CLRB,4.110000133514404,4.110000133514404,4.110000133514404,4.099999904632568,4.099999904632568,4327.0
2024-03-01 11:07:00,CMRX,1.1299999952316284,1.1299999952316284,1.1399999856948853,1.1299999952316284,1.1399999856948853,0.0
2024-03-01 11:07:00,CNTG,0.6830000281333923,0.6830000281333923,0.6830000281333923,0.6700000166893005,0.6700000166893005,2619.0
2024-03-01 11:07:00,COGT,7.199999809265137,7.199999809265137,7.199999809265137,7.199999809265137,7.199999809265137,435.0
2024-03-01 11:07:00,CORT,23.857999801635742,23.857999801635742,23.857999801635742,23.857999801635742,23.857999801635742,112.0
2024-03-01 11:07:00,CPRX,17.3799991607666,17.3799991607666,17.395000457763672,17.360000610351562,17.364999771118164,4023.0
2024-03-01 11:07:00,CRBU,8.095000267028809,8.095000267028809,8.095000267028809,8.069999694824219,8.069999694824219,1642.0
2024-03-01 11:07:00,CRDF,2.5799999237060547,2.5799999237060547,2.5899999141693115,2.5399999618530273,2.5699000358581543,43661.0
2024-03-01 11:07:00,CRMD,3.694999933242798,3.694999933242798,3.700000047683716,3.6898999214172363,3.690000057220459,3389.0
2024-03-01 11:07:00,CRNX,45.810001373291016,45.810001373291016,45.810001373291016,45.59000015258789,45.6150016784668,1003.0
2024-03-01 11:07:00,CRSP,85.8499984741211,85.8499984741211,85.90499877929688,85.76000213623047,85.88999938964844,5474.0
2024-03-01 11:07:00,CSTL,19.790000915527344,19.790000915527344,19.790000915527344,19.790000915527344,19.790000915527344,379.0
2024-03-01 11:07:00,CTKB,8.319999694824219,8.319999694824219,8.319999694824219,8.289999961853027,8.289999961853027,796.0
2024-03-01 11:07:00,CTMX,2.5,2.5,2.515000104904175,2.5,2.509999990463257,68325.0
2024-03-01 11:07:00,CUE,2.184999942779541,2.184999942779541,2.184999942779541,2.184999942779541,2.184999942779541,200.0
2024-03-01 11:07:00,CUTR,2.3350000381469727,2.3350000381469727,2.3350000381469727,2.3350000381469727,2.3350000381469727,179.0
2024-03-01 11:07:00,CYTK,74.68499755859375,74.68499755859375,74.68499755859375,74.6500015258789,74.6500015258789,1145.0
2024-03-01 11:07:00,CYTO,2.140000104904175,2.140000104904175,2.140000104904175,2.140000104904175,2.140000104904175,9.0
2024-03-01 11:07:00,DAWN,17.5049991607666,17.5049991607666,17.5049991607666,17.489999771118164,17.489999771118164,541.0
2024-03-01 11:07:00,DCGO,4.125,4.125,4.125,4.119999885559082,4.119999885559082,400.0
2024-03-01 11:07:00,DCPH,17.020000457763672,17.020000457763672,17.020000457763672,17.020000457763672,17.020000457763672,263.0
2024-03-01 11:07:00,DH,9.079999923706055,9.079999923706055,9.079999923706055,9.079999923706055,9.079999923706055,540.0
2024-03-01 11:07:00,DMTK,0.8651999831199646,0.8651999831199646,0.8784999847412109,0.8651999831199646,0.8784999847412109,1842.0
2024-03-01 11:07:00,DNLI,20.799999237060547,20.799999237060547,20.799999237060547,20.790000915527344,20.790000915527344,1386.0
2024-03-01 11:07:00,DTIL,12.772500038146973,12.772500038146973,12.875,12.772500038146973,12.875,1533.0
2024-03-01 11:07:00,DVAX,12.824999809265137,12.824999809265137,12.829999923706055,12.824999809265137,12.825400352478027,602.0
2024-03-01 11:07:00,DXCM,119.0,119.0,119.05000305175781,118.93000030517578,119.05000305175781,3502.0
2024-03-01 11:07:00,DYN,29.030000686645508,29.030000686645508,29.099899291992188,29.030000686645508,29.099899291992188,10447.0
2024-03-01 11:07:00,EDIT,11.050000190734863,11.050000190734863,11.050000190734863,11.01990032196045,11.01990032196045,9871.0
2024-03-01 11:07:00,EFTR,15.085000038146973,15.085000038146973,15.085000038146973,15.078900337219238,15.078900337219238,1500.0
2024-03-01 11:07:00,EGRX,6.500400066375732,6.500400066375732,6.500400066375732,6.5,6.5,958.0
2024-03-01 11:07:00,ELEV,4.991000175476074,4.991000175476074,5.0,4.980000019073486,5.0,1899.0
2024-03-01 11:07:00,ENSG,124.0,124.0,124.0,124.0,124.0,159.0
2024-03-01 11:07:00,ENVB,1.6504000425338745,1.6504000425338745,1.659500002861023,1.6299999952316284,1.6299999952316284,17449.0
2024-03-01 11:07:00,ERAS,2.515000104904175,2.515000104904175,2.515000104904175,2.509999990463257,2.509999990463257,1506.0
2024-03-01 11:07:00,ESPR,2.4800000190734863,2.4800000190734863,2.4800000190734863,2.4800000190734863,2.4800000190734863,1547.0
2024-03-01 11:07:00,ETNB,12.845000267028809,12.845000267028809,12.845000267028809,12.829999923706055,12.829999923706055,4735.0
2024-03-01 11:07:00,EVGN,0.9248999953269958,0.9248999953269958,0.9248999953269958,0.9200000166893005,0.9200000166893005,2727.0
2024-03-01 11:07:00,EWTX,17.010000228881836,17.010000228881836,17.010000228881836,16.989999771118164,16.989999771118164,1052.0
2024-03-01 11:07:00,EXAI,6.730000019073486,6.730000019073486,6.730000019073486,6.730000019073486,6.730000019073486,202.0
2024-03-01 11:07:00,EXAS,60.0,60.0,60.02000045776367,59.959999084472656,59.959999084472656,1964.0
2024-03-01 11:07:00,EXEL,22.524999618530273,22.524999618530273,22.53499984741211,22.524999618530273,22.530000686645508,3522.0
2024-03-01 11:07:00,EYEN,2.2381999492645264,2.2381999492645264,2.2381999492645264,2.2381999492645264,2.2381999492645264,148.0
2024-03-01 11:07:00,EYPT,27.950000762939453,27.950000762939453,27.972200393676758,27.90999984741211,27.90999984741211,1833.0
2024-03-01 11:07:00,FATE,7.5,7.5,7.5,7.489999771118164,7.489999771118164,1222.0
2024-03-01 11:07:00,FGEN,1.7649999856948853,1.7649999856948853,1.7649999856948853,1.7649999856948853,1.7649999856948853,837.0
2024-03-01 11:07:00,FIXX,0.9300000071525574,0.9300000071525574,0.9300000071525574,0.9300000071525574,0.9300000071525574,400.0
2024-03-01 11:07:00,FLGT,23.00200080871582,23.00200080871582,23.00200080871582,23.00200080871582,23.00200080871582,249.0
2024-03-01 11:07:00,FOLD,13.520000457763672,13.520000457763672,13.520000457763672,13.515000343322754,13.520000457763672,1288.0
2024-03-01 11:07:00,FULC,10.680000305175781,10.680000305175781,10.680000305175781,10.649999618530273,10.649999618530273,1003.0
2024-03-01 11:07:00,FUSN,12.010000228881836,12.010000228881836,12.010000228881836,12.010000228881836,12.010000228881836,371.0
2024-03-01 11:07:00,GDRX,8.218999862670898,8.218999862670898,8.218999862670898,8.21500015258789,8.21500015258789,1846.0
2024-03-01 11:07:00,GERN,2.135999917984009,2.135999917984009,2.140000104904175,2.125,2.125,27654.0
2024-03-01 11:07:00,GH,19.204999923706055,19.204999923706055,19.219999313354492,19.204999923706055,19.219999313354492,928.0
2024-03-01 11:07:00,GILD,72.38999938964844,72.38999938964844,72.40750122070312,72.38500213623047,72.40750122070312,6668.0
2024-03-01 11:07:00,GLMD,0.4025999903678894,0.4025999903678894,0.4050999879837036,0.4025999903678894,0.4050999879837036,200.0
2024-03-01 11:07:00,GLYC,2.944999933242798,2.944999933242798,2.944999933242798,2.944999933242798,2.944999933242798,136.0
2024-03-01 11:07:00,GMAB,29.364999771118164,29.364999771118164,29.364999771118164,29.360000610351562,29.360000610351562,667.0
2024-03-01 11:07:00,GOSS,1.3600000143051147,1.3600000143051147,1.3650000095367432,1.3600000143051147,1.3600000143051147,1124.0
2024-03-01 11:07:00,GRFS,6.994999885559082,6.994999885559082,6.994999885559082,6.989999771118164,6.989999771118164,800.0
2024-03-01 11:07:00,GRTS,2.234999895095825,2.234999895095825,2.234999895095825,2.194999933242798,2.194999933242798,12004.0
2024-03-01 11:07:00,GTHX,3.4600000381469727,3.4600000381469727,3.4600000381469727,3.450000047683716,3.450000047683716,971.0
2024-03-01 11:07:00,HALO,41.29499816894531,41.29499816894531,41.29999923706055,41.279998779296875,41.279998779296875,1094.0
2024-03-01 11:07:00,HARP,22.934999465942383,22.934999465942383,22.934999465942383,22.93000030517578,22.93000030517578,1948.0
2024-03-01 11:07:00,HCAT,7.940000057220459,7.940000057220459,7.940000057220459,7.940000057220459,7.940000057220459,553.0
2024-03-01 11:07:00,HCSG,12.720000267028809,12.720000267028809,12.720000267028809,12.720000267028809,12.720000267028809,585.0
2024-03-01 11:07:00,HCTI,2.380000114440918,2.380000114440918,2.380000114440918,2.380000114440918,2.380000114440918,905.0
2024-03-01 11:07:00,HLVX,18.739999771118164,18.739999771118164,18.739999771118164,18.739999771118164,18.739999771118164,555.0
2024-03-01 11:07:00,HOLX,73.98500061035156,73.98500061035156,74.01000213623047,73.98500061035156,74.0,1178.0
2024-03-01 11:07:00,HQY,81.86000061035156,81.86000061035156,81.9000015258789,81.86000061035156,81.9000015258789,1459.0
2024-03-01 11:07:00,HRMY,31.479999542236328,31.479999542236328,31.489999771118164,31.479999542236328,31.489999771118164,582.0
2024-03-01 11:07:00,HRTX,2.6489999294281006,2.6489999294281006,2.6649999618530273,2.6489999294281006,2.6649999618530273,10934.0
2024-03-01 11:07:00,HSDT,4.868599891662598,4.868599891662598,4.868599891662598,4.868599891662598,4.868599891662598,156.0
2024-03-01 11:07:00,HSIC,76.98500061035156,76.98500061035156,77.02999877929688,76.94000244140625,76.97000122070312,2522.0
2024-03-01 11:07:00,HUMA,3.194999933242798,3.194999933242798,3.200000047683716,3.180000066757202,3.184999942779541,10990.0
2024-03-01 11:07:00,IART,36.88999938964844,36.88999938964844,36.91999816894531,36.869998931884766,36.900001525878906,2628.0
2024-03-01 11:07:00,IBRX,4.829999923706055,4.829999923706055,4.829999923706055,4.815000057220459,4.815000057220459,1601.0
2024-03-01 11:07:00,ICAD,1.8490999937057495,1.8490999937057495,1.8490999937057495,1.8490999937057495,1.8490999937057495,397.0
2024-03-01 11:07:00,ICUI,106.9207992553711,106.9207992553711,106.93499755859375,106.77999877929688,106.93499755859375,3505.0
2024-03-01 11:07:00,IDXX,581.0399780273438,581.0399780273438,581.0399780273438,580.1749877929688,580.52001953125,1384.0
2024-03-01 11:07:00,IDYA,46.099998474121094,46.099998474121094,46.099998474121094,46.029998779296875,46.029998779296875,918.0
2024-03-01 11:07:00,IGMS,13.415200233459473,13.415200233459473,13.415200233459473,13.34000015258789,13.350000381469727,941.0
2024-03-01 11:07:00,IINN,1.6390999555587769,1.6390999555587769,1.6398999691009521,1.6390999555587769,1.6398999691009521,231.0
2024-03-01 11:07:00,IMAB,1.839400053024292,1.839400053024292,1.839400053024292,1.839400053024292,1.839400053024292,174.0
2024-03-01 11:07:00,IMMX,3.5350000858306885,3.5350000858306885,3.5350000858306885,3.5350000858306885,3.5350000858306885,100.0
2024-03-01 11:07:00,IMNN,1.0700000524520874,1.0700000524520874,1.090000033378601,1.0580999851226807,1.0580999851226807,5606.0
2024-03-01 11:07:00,IMTX,13.069999694824219,13.069999694824219,13.074999809265137,13.0600004196167,13.069999694824219,1663.0
2024-03-01 11:07:00,IMUX,1.489300012588501,1.489300012588501,1.489300012588501,1.4850000143051147,1.4850000143051147,1587.0
2024-03-01 11:07:00,IMVT,36.2400016784668,36.2400016784668,36.2400016784668,36.2400016784668,36.2400016784668,103.0
2024-03-01 11:07:00,INCY,59.34000015258789,59.34000015258789,59.369998931884766,59.34000015258789,59.369998931884766,263.0
2024-03-01 11:07:00,INGN,6.800000190734863,6.800000190734863,6.8119001388549805,6.800000190734863,6.800099849700928,3512.0
2024-03-01 11:07:00,INMD,22.8700008392334,22.8700008392334,22.894100189208984,22.8700008392334,22.894100189208984,861.0
2024-03-01 11:07:00,INO,9.0,9.0,9.0,8.989999771118164,8.989999771118164,774.0
2024-03-01 11:07:00,INSM,28.399999618530273,28.399999618530273,28.40999984741211,28.375,28.375,1736.0
2024-03-01 11:07:00,INVA,15.595000267028809,15.595000267028809,15.600000381469727,15.595000267028809,15.600000381469727,414.0
2024-03-01 11:07:00,INZY,6.480000019073486,6.480000019073486,6.480000019073486,6.480000019073486,6.480000019073486,335.0
2024-03-01 11:07:00,IOBT,1.7827999591827393,1.7827999591827393,1.7827999591827393,1.7827999591827393,1.7827999591827393,200.0
2024-03-01 11:07:00,IONS,45.869998931884766,45.869998931884766,45.869998931884766,45.869998931884766,45.869998931884766,281.0
2024-03-01 11:07:00,IOVA,16.475000381469727,16.475000381469727,16.4950008392334,16.459999084472656,16.459999084472656,8809.0
2024-03-01 11:07:00,IPSC,3.8299999237060547,3.8299999237060547,3.8299999237060547,3.8299999237060547,3.8299999237060547,994.0
2024-03-01 11:07:00,IRWD,8.944999694824219,8.944999694824219,8.960000038146973,8.930000305175781,8.9350004196167,27477.0
2024-03-01 11:07:00,ISRG,392.3280029296875,392.3280029296875,392.5,392.0801086425781,392.2749938964844,3736.0
2024-03-01 11:07:00,ITCI,71.25,71.25,71.25,71.19999694824219,71.19999694824219,619.0
2024-03-01 11:07:00,JAGX,0.08150000125169754,0.08150000125169754,0.0835999995470047,0.08129999786615372,0.08349999785423279,269126.0
2024-03-01 11:07:00,JANX,46.489898681640625,46.489898681640625,46.4900016784668,46.250099182128906,46.47999954223633,1334.0
2024-03-01 11:07:00,JAZZ,120.52999877929688,120.52999877929688,120.52999877929688,120.52999877929688,120.52999877929688,207.0
2024-03-01 11:07:00,KALV,14.0,14.0,14.0,13.9399995803833,13.9399995803833,1133.0
2024-03-01 11:07:00,KNSA,21.940000534057617,21.940000534057617,21.959999084472656,21.90999984741211,21.94499969482422,2319.0
2024-03-01 11:07:00,KPTI,1.2649999856948853,1.2649999856948853,1.2649999856948853,1.2549999952316284,1.2549999952316284,3795.0
2024-03-01 11:07:00,KROS,69.05500030517578,69.05500030517578,69.05500030517578,69.0,69.0,680.0
2024-03-01 11:07:00,KRTX,316.4849853515625,316.4849853515625,316.4849853515625,316.4849853515625,316.4849853515625,508.0
2024-03-01 11:07:00,KRYS,167.97000122070312,167.97000122070312,167.97000122070312,167.875,167.8800048828125,752.0
2024-03-01 11:07:00,KTRA,0.10029999911785126,0.10029999911785126,0.10080000013113022,0.10029999911785126,0.10080000013113022,2538.0
2024-03-01 11:07:00,KURA,21.309999465942383,21.309999465942383,21.309999465942383,21.270000457763672,21.270000457763672,1754.0
2024-03-01 11:07:00,KYMR,43.939998626708984,43.939998626708984,44.04999923706055,43.880001068115234,44.04999923706055,2835.0
2024-03-01 11:07:00,KZR,1.1050000190734863,1.1050000190734863,1.1050000190734863,1.1050000190734863,1.1050000190734863,0.0
2024-03-01 11:07:00,LAB,2.380000114440918,2.380000114440918,2.380000114440918,2.375,2.380000114440918,1941.0
2024-03-01 11:07:00,LBPH,21.377099990844727,21.377099990844727,21.479999542236328,21.375,21.479999542236328,651.0
2024-03-01 11:07:00,LEGN,65.82499694824219,65.82499694824219,65.82499694824219,65.82499694824219,65.82499694824219,200.0
2024-03-01 11:07:00,LFMD,7.960000038146973,7.960000038146973,7.960000038146973,7.960000038146973,7.960000038146973,400.0
2024-03-01 11:07:00,LFST,7.994999885559082,7.994999885559082,8.005000114440918,7.994999885559082,8.005000114440918,2530.0
2024-03-01 11:07:00,LGND,80.06999969482422,80.06999969482422,80.08999633789062,80.05000305175781,80.08999633789062,492.0
2024-03-01 11:07:00,LGVN,0.5450000166893005,0.5450000166893005,0.5450000166893005,0.5450000166893005,0.5450000166893005,267.0
2024-03-01 11:07:00,LNTH,65.61750030517578,65.61750030517578,65.61750030517578,65.56999969482422,65.61499786376953,1433.0
2024-03-01 11:07:00,LPTX,2.878000020980835,2.878000020980835,2.878000020980835,2.878000020980835,2.878000020980835,0.0
2024-03-01 11:07:00,LRMR,11.029999732971191,11.029999732971191,11.119999885559082,11.029999732971191,11.079999923706055,311.0
2024-03-01 11:07:00,LVTX,3.049999952316284,3.049999952316284,3.049999952316284,3.049999952316284,3.049999952316284,104.0
2024-03-01 11:07:00,LXRX,2.3949999809265137,2.3949999809265137,2.3949999809265137,2.3949999809265137,2.3949999809265137,449.0
2024-03-01 11:07:00,LYEL,3.1600000858306885,3.1600000858306885,3.1600000858306885,3.1600000858306885,3.1600000858306885,101.0
2024-03-01 11:07:00,LYRA,5.5,5.5,5.5,5.5,5.5,1400.0
2024-03-01 11:07:00,MASI,126.87000274658203,126.87000274658203,126.87999725341797,126.87000274658203,126.87999725341797,596.0
2024-03-01 11:07:00,MBOT,1.2901999950408936,1.2901999950408936,1.2949999570846558,1.2900999784469604,1.2949999570846558,4043.0
2024-03-01 11:07:00,MCRB,1.1799999475479126,1.1799999475479126,1.1799999475479126,1.1799999475479126,1.1799999475479126,103.0
2024-03-01 11:07:00,MDGL,240.5399932861328,240.5399932861328,240.5399932861328,240.13999938964844,240.13999938964844,1304.0
2024-03-01 11:07:00,MDGS,2.6898999214172363,2.6898999214172363,2.6898999214172363,2.6898999214172363,2.6898999214172363,1835.0
2024-03-01 11:07:00,MDRX,5.849999904632568,5.849999904632568,5.900000095367432,5.849999904632568,5.900000095367432,4517.0
2024-03-01 11:07:00,MDXG,8.630000114440918,8.630000114440918,8.640000343322754,8.609999656677246,8.609999656677246,445.0
2024-03-01 11:07:00,ME,0.5831999778747559,0.5831999778747559,0.5841000080108643,0.5827999711036682,0.5841000080108643,45125.0
2024-03-01 11:07:00,MGNX,19.264999389648438,19.264999389648438,19.264999389648438,19.209999084472656,19.209999084472656,821.0
2024-03-01 11:07:00,MGTX,6.28000020980835,6.28000020980835,6.28000020980835,6.28000020980835,6.28000020980835,105.0
2024-03-01 11:07:00,MIRM,29.8700008392334,29.8700008392334,29.8700008392334,29.850000381469727,29.850000381469727,714.0
2024-03-01 11:07:00,MLTX,51.400001525878906,51.400001525878906,51.400001525878906,51.349998474121094,51.349998474121094,457.0
2024-03-01 11:07:00,MMSI,76.19000244140625,76.19000244140625,76.20999908447266,76.09500122070312,76.20999908447266,1918.0
2024-03-01 11:07:00,MNKD,4.599999904632568,4.599999904632568,4.599999904632568,4.590000152587891,4.590000152587891,20441.0
2024-03-01 11:07:00,MNMD,5.880000114440918,5.880000114440918,5.880000114440918,5.880000114440918,5.880000114440918,232.0
2024-03-01 11:07:00,MORF,38.72999954223633,38.72999954223633,38.72999954223633,38.560001373291016,38.560001373291016,540.0
2024-03-01 11:07:00,MREO,3.799999952316284,3.799999952316284,3.799999952316284,3.7999000549316406,3.7999000549316406,3737.0
2024-03-01 11:07:00,MRNA,95.73999786376953,95.73999786376953,95.76499938964844,95.63999938964844,95.63999938964844,4924.0
2024-03-01 11:07:00,MRNS,9.770000457763672,9.770000457763672,9.770000457763672,9.770000457763672,9.770000457763672,534.0
2024-03-01 11:07:00,MRSN,5.804999828338623,5.804999828338623,5.804999828338623,5.75,5.75,4782.0
2024-03-01 11:07:00,MRUS,50.060001373291016,50.060001373291016,50.064998626708984,50.04999923706055,50.064998626708984,697.0
2024-03-01 11:07:00,MRVI,7.869999885559082,7.869999885559082,7.869999885559082,7.860000133514404,7.860000133514404,1503.0
2024-03-01 11:07:00,MXCT,4.755000114440918,4.755000114440918,4.755000114440918,4.755000114440918,4.755000114440918,16.0
2024-03-01 11:07:00,MYGN,21.639999389648438,21.639999389648438,21.639999389648438,21.56999969482422,21.56999969482422,1955.0
2024-03-01 11:07:00,NARI,45.45100021362305,45.45100021362305,45.52000045776367,45.435001373291016,45.47930145263672,7471.0
2024-03-01 11:07:00,NBIX,130.67999267578125,130.67999267578125,130.67999267578125,130.65499877929688,130.65499877929688,890.0
2024-03-01 11:07:00,NBSE,0.8949999809265137,0.8949999809265137,0.8949999809265137,0.8949999809265137,0.8949999809265137,0.0
2024-03-01 11:07:00,NEO,16.149999618530273,16.149999618530273,16.149999618530273,16.149999618530273,16.149999618530273,115.0
2024-03-01 11:07:00,NNOX,11.139800071716309,11.139800071716309,11.15999984741211,11.130000114440918,11.140000343322754,4876.0
2024-03-01 11:07:00,NRC,40.724998474121094,40.724998474121094,40.724998474121094,40.724998474121094,40.724998474121094,200.0
2024-03-01 11:07:00,NRIX,13.289999961853027,13.289999961853027,13.289999961853027,13.289999961853027,13.289999961853027,465.0
2024-03-01 11:07:00,NRXP,0.4284999966621399,0.4284999966621399,0.4284999966621399,0.4284999966621399,0.4284999966621399,0.0
2024-03-01 11:07:00,NTLA,33.599998474121094,33.599998474121094,33.599998474121094,33.52009963989258,33.54499816894531,3217.0
2024-03-01 11:07:00,NTRA,89.16000366210938,89.16000366210938,89.16000366210938,89.12000274658203,89.12000274658203,1002.0
2024-03-01 11:07:00,NUTX,0.11389999836683273,0.11389999836683273,0.11460000276565552,0.11389999836683273,0.11389999836683273,2260.0
2024-03-01 11:07:00,NUVL,87.80000305175781,87.80000305175781,87.80000305175781,87.48999786376953,87.5,832.0
2024-03-01 11:07:00,NUWE,0.5848000049591064,0.5848000049591064,0.5848000049591064,0.5800999999046326,0.5800999999046326,9750.0
2024-03-01 11:07:00,NVAX,5.130000114440918,5.130000114440918,5.139999866485596,5.110000133514404,5.110000133514404,29096.0
2024-03-01 11:07:00,NVCR,16.18000030517578,16.18000030517578,16.18000030517578,16.170000076293945,16.170000076293945,323.0
2024-03-01 11:07:00,NVOS,0.6305000185966492,0.6305000185966492,0.6305000185966492,0.6305000185966492,0.6305000185966492,800.0
2024-03-01 11:07:00,NXTC,1.7949999570846558,1.7949999570846558,1.7949999570846558,1.7949999570846558,1.7949999570846558,200.0
2024-03-01 11:07:00,OCUL,10.41759967803955,10.41759967803955,10.420700073242188,10.411199569702148,10.411199569702148,2644.0
2024-03-01 11:07:00,OM,3.140000104904175,3.140000104904175,3.140000104904175,3.130199909210205,3.130199909210205,700.0
2024-03-01 11:07:00,OMER,4.739999771118164,4.739999771118164,4.739999771118164,4.739999771118164,4.739999771118164,105.0
2024-03-01 11:07:00,OMGA,4.190000057220459,4.190000057220459,4.210000038146973,4.170000076293945,4.170000076293945,7258.0
2024-03-01 11:07:00,ONCY,1.128999948501587,1.128999948501587,1.128999948501587,1.1200000047683716,1.121999979019165,3000.0
2024-03-01 11:08:00,ABCL,5.159999847412109,5.159999847412109,5.164999961853027,5.159999847412109,5.159999847412109,2168.0
2024-03-01 11:08:00,ABOS,4.684999942779541,4.684999942779541,4.684999942779541,4.679999828338623,4.679999828338623,635.0
2024-03-01 11:08:00,ABSI,5.130000114440918,5.130000114440918,5.138899803161621,5.130000114440918,5.130000114440918,3062.0
2024-03-01 11:08:00,ACAD,24.0,24.0,24.020000457763672,23.989999771118164,24.0,3177.0
2024-03-01 11:08:00,ACCD,10.29990005493164,10.29990005493164,10.3100004196167,10.289999961853027,10.289999961853027,1385.0
2024-03-01 11:08:00,ACET,2.375,2.375,2.375,2.375,2.375,365.0
2024-03-01 11:08:00,ACHC,83.8550033569336,83.8550033569336,83.8550033569336,83.8550033569336,83.8550033569336,325.0
2024-03-01 11:08:00,ACON,0.388700008392334,0.388700008392334,0.388700008392334,0.388700008392334,0.388700008392334,300.0
2024-03-01 11:08:00,ACRS,1.215000033378601,1.215000033378601,1.215000033378601,1.215000033378601,1.215000033378601,220.0
2024-03-01 11:08:00,ADAP,1.5700000524520874,1.5700000524520874,1.5700000524520874,1.5700000524520874,1.5700000524520874,0.0
2024-03-01 11:08:00,ADIL,3.0999999046325684,3.0999999046325684,3.0999999046325684,3.0299999713897705,3.069999933242798,39772.0
2024-03-01 11:08:00,ADMA,5.34499979019165,5.34499979019165,5.34499979019165,5.340199947357178,5.34499979019165,2567.0
2024-03-01 11:08:00,ADPT,4.210000038146973,4.210000038146973,4.230000019073486,4.210000038146973,4.21999979019165,3783.0
2024-03-01 11:08:00,ADTX,3.4639999866485596,3.4639999866485596,3.4639999866485596,3.4639999866485596,3.4639999866485596,101.0
2024-03-01 11:08:00,ADUS,93.12000274658203,93.12000274658203,93.12000274658203,93.12000274658203,93.12000274658203,118.0
2024-03-01 11:08:00,ADVM,1.9199999570846558,1.9199999570846558,1.9299999475479126,1.9199999570846558,1.9200999736785889,4847.0
2024-03-01 11:08:00,AGEN,0.6672000288963318,0.6672000288963318,0.6672000288963318,0.6671000123023987,0.6672000288963318,22934.0
2024-03-01 11:08:00,AGIO,32.959999084472656,32.959999084472656,32.959999084472656,32.959999084472656,32.959999084472656,389.0
2024-03-01 11:08:00,AHCO,10.8100004196167,10.8100004196167,10.8149995803833,10.739999771118164,10.739999771118164,20942.0
2024-03-01 11:08:00,AIMD,0.9401000142097473,0.9401000142097473,0.9753000140190125,0.9399999976158142,0.9506999850273132,16320.0
2024-03-01 11:08:00,AKAN,0.2500999867916107,0.2500999867916107,0.2500999867916107,0.2500999867916107,0.2500999867916107,0.0
2024-03-01 11:08:00,AKBA,1.6549999713897705,1.6549999713897705,1.6549999713897705,1.6549999713897705,1.6549999713897705,0.0
2024-03-01 11:08:00,AKLI,0.33570000529289246,0.33570000529289246,0.3398999869823456,0.33570000529289246,0.3398999869823456,2621.0
2024-03-01 11:08:00,AKRO,29.6299991607666,29.6299991607666,29.76799964904785,29.6200008392334,29.6200008392334,3096.0
2024-03-01 11:08:00,ALDX,4.139999866485596,4.139999866485596,4.139999866485596,4.130000114440918,4.130000114440918,403.0
2024-03-01 11:08:00,ALEC,7.494999885559082,7.494999885559082,7.5,7.489999771118164,7.5,2507.0
2024-03-01 11:08:00,ALGN,299.93499755859375,299.93499755859375,299.93499755859375,299.8999938964844,299.8999938964844,588.0
2024-03-01 11:08:00,ALHC,5.885000228881836,5.885000228881836,5.889999866485596,5.874599933624268,5.885000228881836,699.0
2024-03-01 11:08:00,ALKS,30.170000076293945,30.170000076293945,30.209999084472656,30.15999984741211,30.209999084472656,2488.0
2024-03-01 11:08:00,ALLO,5.010000228881836,5.010000228881836,5.010000228881836,5.010000228881836,5.010000228881836,2350.0
2024-03-01 11:08:00,ALPN,36.17499923706055,36.17499923706055,36.20000076293945,36.07500076293945,36.07500076293945,1916.0
2024-03-01 11:08:00,ALT,12.127900123596191,12.127900123596191,12.140000343322754,12.125,12.135000228881836,7223.0
2024-03-01 11:08:00,ALVR,0.7548999786376953,0.7548999786376953,0.7548999786376953,0.7548999786376953,0.7548999786376953,244.0
2024-03-01 11:08:00,ALXO,15.164999961853027,15.164999961853027,15.1899995803833,15.164999961853027,15.1899995803833,792.0
2024-03-01 11:08:00,AMED,93.48500061035156,93.48500061035156,93.48500061035156,93.48500061035156,93.48500061035156,194.0
2024-03-01 11:08:00,AMGN,280.7149963378906,280.7149963378906,280.8900146484375,280.7149963378906,280.7300109863281,4226.0
2024-03-01 11:08:00,AMLX,18.860000610351562,18.860000610351562,18.8799991607666,18.860000610351562,18.8799991607666,408.0
2024-03-01 11:08:00,AMPH,45.61000061035156,45.61000061035156,45.77000045776367,45.61000061035156,45.619998931884766,1774.0
2024-03-01 11:08:00,AMRN,1.0509999990463257,1.0509999990463257,1.058899998664856,1.0399999618530273,1.0399999618530273,10249.0
2024-03-01 11:08:00,ANGO,5.485000133514404,5.485000133514404,5.485000133514404,5.485000133514404,5.485000133514404,500.0
2024-03-01 11:08:00,ANIP,67.05500030517578,67.05500030517578,67.05500030517578,67.05500030517578,67.05500030517578,439.0
2024-03-01 11:08:00,ANNX,5.940000057220459,5.940000057220459,6.03000020980835,5.940000057220459,6.014999866485596,8622.0
2024-03-01 11:08:00,APDN,0.5740000009536743,0.5740000009536743,0.5740000009536743,0.5740000009536743,0.5740000009536743,3314.0
2024-03-01 11:08:00,APLS,64.61000061035156,64.61000061035156,64.61000061035156,64.44999694824219,64.44999694824219,1846.0
2024-03-01 11:08:00,APLT,7.09499979019165,7.09499979019165,7.159999847412109,7.090000152587891,7.150000095367432,2288.0
2024-03-01 11:08:00,AQST,4.223400115966797,4.223400115966797,4.223400115966797,4.223400115966797,4.223400115966797,199.0
2024-03-01 11:08:00,ARAY,2.619999885559082,2.619999885559082,2.625,2.619999885559082,2.623800039291382,2338.0
2024-03-01 11:08:00,ARDX,9.555000305175781,9.555000305175781,9.569999694824219,9.555000305175781,9.569999694824219,1285.0
2024-03-01 11:08:00,ARQT,11.010000228881836,11.010000228881836,11.015800476074219,10.975000381469727,10.975000381469727,9292.0
2024-03-01 11:08:00,ARVN,49.2400016784668,49.2400016784668,49.470001220703125,49.2400016784668,49.27000045776367,4372.0
2024-03-01 11:08:00,ARWR,35.189998626708984,35.189998626708984,35.23680114746094,35.189998626708984,35.20000076293945,2761.0
2024-03-01 11:08:00,ASLN,0.8202000260353088,0.8202000260353088,0.8202000260353088,0.8202000260353088,0.8202000260353088,2459.0
2024-03-01 11:08:00,ASND,149.2899932861328,149.2899932861328,149.2899932861328,149.2899932861328,149.2899932861328,282.0
2024-03-01 11:08:00,ATAI,2.0,2.0,2.0000998973846436,2.0,2.0000998973846436,7034.0
2024-03-01 11:08:00,ATEC,13.524999618530273,13.524999618530273,13.529999732971191,13.524999618530273,13.529999732971191,366.0
2024-03-01 11:08:00,ATHA,3.9800000190734863,3.9800000190734863,3.9800000190734863,3.9690001010894775,3.9690001010894775,604.0
2024-03-01 11:08:00,ATRA,0.8137999773025513,0.8137999773025513,0.8177000284194946,0.8137999773025513,0.8170999884605408,1482.0
2024-03-01 11:08:00,ATRC,35.880001068115234,35.880001068115234,35.880001068115234,35.880001068115234,35.880001068115234,799.0
2024-03-01 11:08:00,ATXS,15.210000038146973,15.210000038146973,15.289999961853027,15.1899995803833,15.1899995803833,2764.0
2024-03-01 11:08:00,AUPH,5.815000057220459,5.815000057220459,5.815000057220459,5.815000057220459,5.815000057220459,250.0
2024-03-01 11:08:00,AURA,9.28499984741211,9.28499984741211,9.28499984741211,9.28499984741211,9.28499984741211,109.0
2024-03-01 11:08:00,AUTL,6.179999828338623,6.179999828338623,6.179999828338623,6.170000076293945,6.170000076293945,202.0
2024-03-01 11:08:00,AVDL,12.640000343322754,12.640000343322754,12.645000457763672,12.619999885559082,12.645000457763672,641.0
2024-03-01 11:08:00,AVXL,5.360000133514404,5.360000133514404,5.360000133514404,5.360000133514404,5.360000133514404,698.0
2024-03-01 11:08:00,AXDX,1.0099999904632568,1.0099999904632568,1.0099999904632568,1.0099999904632568,1.0099999904632568,1524.0
2024-03-01 11:08:00,AXGN,10.539999961853027,10.539999961853027,10.539999961853027,10.539999961853027,10.539999961853027,334.0
2024-03-01 11:08:00,AXSM,83.80000305175781,83.80000305175781,83.88500213623047,83.80000305175781,83.88500213623047,974.0
2024-03-01 11:08:00,AZN,64.66999816894531,64.66999816894531,64.67539978027344,64.64790344238281,64.64790344238281,3663.0
2024-03-01 11:08:00,AZTA,66.50499725341797,66.50499725341797,66.50499725341797,66.50499725341797,66.50499725341797,180.0
2024-03-01 11:08:00,BBIO,36.095001220703125,36.095001220703125,36.11000061035156,36.095001220703125,36.11000061035156,718.0
2024-03-01 11:08:00,BBLG,2.375,2.375,2.375,2.375,2.375,108.0
2024-03-01 11:08:00,BCAB,2.7699999809265137,2.7699999809265137,2.7699999809265137,2.7699999809265137,2.7699999809265137,425.0
2024-03-01 11:08:00,BCYC,25.920000076293945,25.920000076293945,25.920000076293945,25.90999984741211,25.90999984741211,357.0
2024-03-01 11:08:00,BEAM,40.41999816894531,40.41999816894531,40.459999084472656,40.41999816894531,40.459999084472656,1388.0
2024-03-01 11:08:00,BIOL,0.13920000195503235,0.13920000195503235,0.13920000195503235,0.1387999951839447,0.13910000026226044,44400.0
2024-03-01 11:08:00,BIVI,2.2100000381469727,2.2100000381469727,2.25,2.200000047683716,2.2100000381469727,94276.0
2024-03-01 11:08:00,BLFS,18.0,18.0,18.049999237060547,18.0,18.049999237060547,846.0
2024-03-01 11:08:00,BLRX,1.3890000581741333,1.3890000581741333,1.3890000581741333,1.3890000581741333,1.3890000581741333,102.0
2024-03-01 11:08:00,BLUE,1.5850000381469727,1.5850000381469727,1.589900016784668,1.5801000595092773,1.5850000381469727,10177.0
2024-03-01 11:08:00,BMEA,17.7450008392334,17.7450008392334,17.7450008392334,17.719999313354492,17.739999771118164,1188.0
2024-03-01 11:08:00,BMRN,86.7249984741211,86.7249984741211,86.7249984741211,86.7249984741211,86.7249984741211,387.0
2024-03-01 11:08:00,BNTX,92.06999969482422,92.06999969482422,92.12339782714844,91.94000244140625,91.94000244140625,3770.0
2024-03-01 11:08:00,BPMC,96.66999816894531,96.66999816894531,96.74500274658203,96.66000366210938,96.74500274658203,1755.0
2024-03-01 11:08:00,BRKR,88.05999755859375,88.05999755859375,88.13500213623047,88.05999755859375,88.06500244140625,2268.0
2024-03-01 11:08:00,BRTX,1.5154999494552612,1.5154999494552612,1.5154999494552612,1.5154999494552612,1.5154999494552612,0.0
2024-03-01 11:08:00,BTAI,3.240000009536743,3.240000009536743,3.240000009536743,3.240000009536743,3.240000009536743,93.0
2024-03-01 11:08:00,CABA,24.020000457763672,24.020000457763672,24.049999237060547,24.020000457763672,24.049999237060547,725.0
2024-03-01 11:08:00,CAPR,4.599999904632568,4.599999904632568,4.599999904632568,4.599999904632568,4.599999904632568,5176.0
2024-03-01 11:08:00,CARA,0.9300000071525574,0.9300000071525574,0.9300000071525574,0.9300000071525574,0.9300000071525574,500.0
2024-03-01 11:08:00,CBAY,32.23500061035156,32.23500061035156,32.2400016784668,32.23500061035156,32.2400016784668,134.0
2024-03-01 11:08:00,CCCC,10.989999771118164,10.989999771118164,11.010000228881836,10.989999771118164,11.010000228881836,4705.0
2024-03-01 11:08:00,CCRN,18.200000762939453,18.200000762939453,18.200000762939453,18.049999237060547,18.049999237060547,5224.0
2024-03-01 11:08:00,CDMO,8.100000381469727,8.100000381469727,8.114999771118164,8.100000381469727,8.100000381469727,1716.0
2024-03-01 11:08:00,CDNA,12.279999732971191,12.279999732971191,12.289999961853027,12.279999732971191,12.28499984741211,1325.0
2024-03-01 11:08:00,CDXS,4.489999771118164,4.489999771118164,4.489999771118164,4.480000019073486,4.480000019073486,1332.0
2024-03-01 11:08:00,CERE,41.244998931884766,41.244998931884766,41.244998931884766,41.189998626708984,41.189998626708984,26430.0
2024-03-01 11:08:00,CERS,2.2049999237060547,2.2049999237060547,2.2049999237060547,2.2049999237060547,2.2049999237060547,623.0
2024-03-01 11:08:00,CERT,17.725000381469727,17.725000381469727,17.739999771118164,17.725000381469727,17.739999771118164,236.0
2024-03-01 11:08:00,CGC,3.2600998878479004,3.2600998878479004,3.2699999809265137,3.2600998878479004,3.265000104904175,3188.0
2024-03-01 11:08:00,CGEM,18.799999237060547,18.799999237060547,18.799999237060547,18.799999237060547,18.799999237060547,388.0
2024-03-01 11:08:00,CHRS,2.325000047683716,2.325000047683716,2.3299999237060547,2.319999933242798,2.325000047683716,1221.0
2024-03-01 11:08:00,CLDX,52.11000061035156,52.11000061035156,52.150001525878906,52.04999923706055,52.1172981262207,3371.0
2024-03-01 11:08:00,CLOV,0.8626999855041504,0.8626999855041504,0.863099992275238,0.8623999953269958,0.8626000285148621,18030.0
2024-03-01 11:08:00,CLRB,4.110000133514404,4.110000133514404,4.110000133514404,4.110000133514404,4.110000133514404,2012.0
2024-03-01 11:08:00,CMPS,10.880000114440918,10.880000114440918,10.899999618530273,10.880000114440918,10.899999618530273,250.0
2024-03-01 11:08:00,CNSP,0.3215000033378601,0.3215000033378601,0.3215000033378601,0.3215000033378601,0.3215000033378601,0.0
2024-03-01 11:08:00,CNTA,10.640000343322754,10.640000343322754,10.640000343322754,10.640000343322754,10.640000343322754,741.0
2024-03-01 11:08:00,COLL,37.0,37.0,37.0,37.0,37.0,141.0
2024-03-01 11:08:00,CORT,23.860000610351562,23.860000610351562,23.860000610351562,23.859899520874023,23.859899520874023,794.0
2024-03-01 11:08:00,CPRX,17.440000534057617,17.440000534057617,17.440000534057617,17.3799991607666,17.3799991607666,3256.0
2024-03-01 11:08:00,CRBP,31.280000686645508,31.280000686645508,31.280000686645508,31.280000686645508,31.280000686645508,217.0
2024-03-01 11:08:00,CRBU,8.095000267028809,8.095000267028809,8.100000381469727,8.095000267028809,8.095000267028809,1894.0
2024-03-01 11:08:00,CRDF,2.6010000705718994,2.6010000705718994,2.619999885559082,2.530100107192993,2.5799999237060547,78006.0
2024-03-01 11:08:00,CRDL,1.940000057220459,1.940000057220459,1.940000057220459,1.934999942779541,1.934999942779541,1928.0
2024-03-01 11:08:00,CRMD,3.690000057220459,3.690000057220459,3.699899911880493,3.690000057220459,3.699899911880493,420.0
2024-03-01 11:08:00,CRNX,45.75,45.75,45.75,45.685001373291016,45.685001373291016,399.0
2024-03-01 11:08:00,CRON,2.049999952316284,2.049999952316284,2.049999952316284,2.049999952316284,2.049999952316284,0.0
2024-03-01 11:08:00,CRSP,85.9000015258789,85.9000015258789,85.9520034790039,85.83000183105469,85.95050048828125,1646.0
2024-03-01 11:08:00,CRVS,2.200000047683716,2.200000047683716,2.200000047683716,2.200000047683716,2.200000047683716,33.0
2024-03-01 11:08:00,CSTL,20.010000228881836,20.010000228881836,20.010000228881836,19.850000381469727,19.889999389648438,2763.0
2024-03-01 11:08:00,CTKB,8.319999694824219,8.319999694824219,8.319999694824219,8.319999694824219,8.319999694824219,311.0
2024-03-01 11:08:00,CTMX,2.509999990463257,2.509999990463257,2.509999990463257,2.494999885559082,2.494999885559082,29647.0
2024-03-01 11:08:00,CTXR,0.7803000211715698,0.7803000211715698,0.7803000211715698,0.7803000211715698,0.7803000211715698,196.0
2024-03-01 11:08:00,CUTR,2.339900016784668,2.339900016784668,2.3399999141693115,2.339900016784668,2.3399999141693115,2727.0
2024-03-01 11:08:00,CVRX,19.86440086364746,19.86440086364746,19.86440086364746,19.86440086364746,19.86440086364746,212.0
2024-03-01 11:08:00,CYTK,74.6500015258789,74.6500015258789,74.68800354003906,74.63999938964844,74.68499755859375,725.0
2024-03-01 11:08:00,DAWN,17.459999084472656,17.459999084472656,17.5049991607666,17.440000534057617,17.5049991607666,716.0
2024-03-01 11:08:00,DCGO,4.119999885559082,4.119999885559082,4.125,4.119999885559082,4.122499942779541,503.0
2024-03-01 11:08:00,DERM,4.0920000076293945,4.0920000076293945,4.0920000076293945,4.0920000076293945,4.0920000076293945,273.0
2024-03-01 11:08:00,DH,9.050000190734863,9.050000190734863,9.079999923706055,9.039999961853027,9.079999923706055,2331.0
2024-03-01 11:08:00,DMTK,0.8600999712944031,0.8600999712944031,0.878600001335144,0.8600999712944031,0.878600001335144,3166.0
2024-03-01 11:08:00,DNLI,20.829999923706055,20.829999923706055,20.850000381469727,20.829999923706055,20.829999923706055,1383.0
2024-03-01 11:08:00,DSGN,2.9100000858306885,2.9100000858306885,2.9100000858306885,2.9100000858306885,2.9100000858306885,545.0
2024-03-01 11:08:00,DTIL,12.739999771118164,12.739999771118164,12.739999771118164,12.739999771118164,12.739999771118164,0.0
2024-03-01 11:08:00,DVAX,12.824999809265137,12.824999809265137,12.829999923706055,12.822500228881836,12.829999923706055,525.0
2024-03-01 11:08:00,DXCM,118.91000366210938,118.91000366210938,119.02999877929688,118.8499984741211,118.9800033569336,11184.0
2024-03-01 11:08:00,DYN,29.040000915527344,29.040000915527344,29.040000915527344,29.040000915527344,29.040000915527344,738.0
2024-03-01 11:08:00,EDIT,11.024999618530273,11.024999618530273,11.050000190734863,11.020000457763672,11.050000190734863,7031.0
2024-03-01 11:08:00,EFTR,15.094900131225586,15.094900131225586,15.219900131225586,14.97249984741211,15.078900337219238,1363.0
2024-03-01 11:08:00,ELEV,4.989999771118164,4.989999771118164,5.010000228881836,4.96999979019165,5.0,12204.0
2024-03-01 11:08:00,ENSG,124.07499694824219,124.07499694824219,124.19000244140625,123.94999694824219,123.9749984741211,2199.0
2024-03-01 11:08:00,ENTA,15.09000015258789,15.09000015258789,15.09000015258789,15.09000015258789,15.09000015258789,105.0
2024-03-01 11:08:00,ENVB,1.690000057220459,1.690000057220459,1.7000000476837158,1.649999976158142,1.659999966621399,48684.0
2024-03-01 11:08:00,EPIX,9.569999694824219,9.569999694824219,9.619999885559082,9.5600004196167,9.59469985961914,4861.0
2024-03-01 11:08:00,ERAS,2.515000104904175,2.515000104904175,2.515000104904175,2.515000104904175,2.515000104904175,503.0
2024-03-01 11:08:00,ESPR,2.484999895095825,2.484999895095825,2.484999895095825,2.484999895095825,2.484999895095825,531.0
2024-03-01 11:08:00,ESTA,45.599998474121094,45.599998474121094,45.70000076293945,45.599998474121094,45.70000076293945,368.0
2024-03-01 11:08:00,ETON,4.431000232696533,4.431000232696533,4.431000232696533,4.429999828338623,4.430200099945068,1175.0
2024-03-01 11:08:00,EVLO,0.061500001698732376,0.061500001698732376,0.061500001698732376,0.061500001698732376,0.061500001698732376,5000.0
2024-03-01 11:08:00,EVO,7.495200157165527,7.495200157165527,7.495200157165527,7.495200157165527,7.495200157165527,0.0
2024-03-01 11:08:00,EWTX,16.979999542236328,16.979999542236328,17.00749969482422,16.979999542236328,17.00749969482422,890.0
2024-03-01 11:08:00,EXAI,6.739999771118164,6.739999771118164,6.739999771118164,6.7357001304626465,6.7357001304626465,479.0
2024-03-01 11:08:00,EXAS,59.93000030517578,59.93000030517578,60.0,59.93000030517578,60.0,3215.0
2024-03-01 11:08:00,EXEL,22.524999618530273,22.524999618530273,22.524999618530273,22.520000457763672,22.524999618530273,642.0
2024-03-01 11:08:00,EYPT,27.959999084472656,27.959999084472656,27.969999313354492,27.93000030517578,27.93000030517578,1703.0
2024-03-01 11:08:00,FATE,7.480000019073486,7.480000019073486,7.5,7.480000019073486,7.5,1683.0
2024-03-01 11:08:00,FBIO,2.25,2.25,2.25,2.25,2.25,226.0
2024-03-01 11:08:00,FBRX,0.7199990153312683,0.7199990153312683,0.7200000286102295,0.7199990153312683,0.7200000286102295,105484.0
2024-03-01 11:08:00,FGEN,1.7649999856948853,1.7649999856948853,1.7699999809265137,1.7649999856948853,1.7699999809265137,250.0
2024-03-01 11:08:00,FLGC,1.2299000024795532,1.2299000024795532,1.2299000024795532,1.2299000024795532,1.2299000024795532,286.0
2024-03-01 11:08:00,FLGT,23.100000381469727,23.100000381469727,23.100000381469727,23.040000915527344,23.040000915527344,1305.0
2024-03-01 11:08:00,FNCH,2.680000066757202,2.680000066757202,2.680000066757202,2.680000066757202,2.680000066757202,520.0
2024-03-01 11:08:00,FOLD,13.510000228881836,13.510000228881836,13.529999732971191,13.510000228881836,13.529999732971191,1188.0
2024-03-01 11:08:00,FULC,10.680000305175781,10.680000305175781,10.680000305175781,10.670000076293945,10.670000076293945,939.0
2024-03-01 11:08:00,FUSN,12.0600004196167,12.0600004196167,12.079999923706055,12.020000457763672,12.020000457763672,1458.0
2024-03-01 11:08:00,GCTK,0.2994999885559082,0.2994999885559082,0.2994999885559082,0.2994999885559082,0.2994999885559082,0.0
2024-03-01 11:08:00,GEG,1.9900000095367432,1.9900000095367432,1.9900000095367432,1.9900000095367432,1.9900000095367432,200.0
2024-03-01 11:08:00,GERN,2.140000104904175,2.140000104904175,2.140000104904175,2.130000114440918,2.13700008392334,2527.0
2024-03-01 11:08:00,GH,19.212499618530273,19.212499618530273,19.219999313354492,19.212499618530273,19.219999313354492,799.0
2024-03-01 11:08:00,GILD,72.40670013427734,72.40670013427734,72.42500305175781,72.37999725341797,72.38500213623047,7775.0
2024-03-01 11:08:00,GLMD,0.4000000059604645,0.4000000059604645,0.4000999927520752,0.4000000059604645,0.4000999927520752,9690.0
2024-03-01 11:08:00,GLYC,2.9700000286102295,2.9700000286102295,2.9700000286102295,2.949700117111206,2.949700117111206,4026.0
2024-03-01 11:08:00,GMAB,29.399999618530273,29.399999618530273,29.399999618530273,29.399999618530273,29.399999618530273,306.0
2024-03-01 11:08:00,GMDA,0.37700000405311584,0.37700000405311584,0.37700000405311584,0.37700000405311584,0.37700000405311584,793.0
2024-03-01 11:08:00,GOSS,1.3624999523162842,1.3624999523162842,1.3650000095367432,1.3600000143051147,1.3600000143051147,2600.0
2024-03-01 11:08:00,GRFS,7.0,7.0,7.0,6.994999885559082,6.994999885559082,421.0
2024-03-01 11:08:00,GRTS,2.2600998878479004,2.2600998878479004,2.2600998878479004,2.23009991645813,2.240000009536743,3421.0
2024-03-01 11:08:00,GTHX,3.4749999046325684,3.4749999046325684,3.4800000190734863,3.4649999141693115,3.467600107192993,6014.0
2024-03-01 11:08:00,HALO,41.275001525878906,41.275001525878906,41.31999969482422,41.2599983215332,41.310001373291016,1847.0
2024-03-01 11:08:00,HARP,22.93000030517578,22.93000030517578,22.93000030517578,22.93000030517578,22.93000030517578,0.0
2024-03-01 11:08:00,HCAT,7.925000190734863,7.925000190734863,7.929999828338623,7.925000190734863,7.929999828338623,1966.0
2024-03-01 11:08:00,HCSG,12.720000267028809,12.720000267028809,12.729999542236328,12.720000267028809,12.729999542236328,460.0
2024-03-01 11:08:00,HCTI,2.380000114440918,2.380000114440918,2.442199945449829,2.380000114440918,2.380000114440918,900.0
2024-03-01 11:08:00,HEPA,3.2499001026153564,3.2499001026153564,3.2499001026153564,3.1619999408721924,3.1619999408721924,211.0
2024-03-01 11:08:00,HITI,1.7699999809265137,1.7699999809265137,1.7710000276565552,1.7699999809265137,1.7710000276565552,300.0
2024-03-01 11:08:00,HOLX,74.02999877929688,74.02999877929688,74.03500366210938,73.99749755859375,73.99749755859375,637.0
2024-03-01 11:08:00,HQY,81.9000015258789,81.9000015258789,81.9000015258789,81.9000015258789,81.9000015258789,101.0
2024-03-01 11:08:00,HROW,10.829999923706055,10.829999923706055,10.829999923706055,10.819999694824219,10.819999694824219,612.0
2024-03-01 11:08:00,HRTX,2.6549999713897705,2.6549999713897705,2.6600000858306885,2.6500000953674316,2.6500000953674316,2151.0
2024-03-01 11:08:00,HSIC,77.02999877929688,77.02999877929688,77.02999877929688,76.98999786376953,77.01000213623047,695.0
2024-03-01 11:08:00,HUMA,3.194999933242798,3.194999933242798,3.200000047683716,3.190000057220459,3.197499990463257,1666.0
2024-03-01 11:08:00,IBRX,4.835000038146973,4.835000038146973,4.84499979019165,4.835000038146973,4.840000152587891,1790.0
2024-03-01 11:08:00,ICAD,1.8799999952316284,1.8799999952316284,1.8799999952316284,1.850000023841858,1.850000023841858,2557.0
2024-03-01 11:08:00,ICCM,1.3006000518798828,1.3006000518798828,1.3006000518798828,1.3006000518798828,1.3006000518798828,54.0
2024-03-01 11:08:00,ICLR,322.92498779296875,322.92498779296875,322.92498779296875,322.875,322.875,521.0
2024-03-01 11:08:00,ICUI,106.88500213623047,106.88500213623047,106.91999816894531,106.87999725341797,106.91999816894531,785.0
2024-03-01 11:08:00,IDXX,581.0850219726562,581.0850219726562,581.0850219726562,581.0399780273438,581.0399780273438,1957.0
2024-03-01 11:08:00,IDYA,46.25,46.25,46.25,46.150001525878906,46.150001525878906,999.0
2024-03-01 11:08:00,IFRX,1.8499000072479248,1.8499000072479248,1.8499000072479248,1.8499000072479248,1.8499000072479248,1522.0
2024-03-01 11:08:00,IKNA,1.4800000190734863,1.4800000190734863,1.4800000190734863,1.4800000190734863,1.4800000190734863,673.0
2024-03-01 11:08:00,ILMN,141.88999938964844,141.88999938964844,141.91250610351562,141.82000732421875,141.83999633789062,1240.0
2024-03-01 11:08:00,IMMX,3.5350000858306885,3.5350000858306885,3.5350000858306885,3.5350000858306885,3.5350000858306885,32.0
2024-03-01 11:08:00,IMNM,25.350000381469727,25.350000381469727,25.350000381469727,25.235000610351562,25.280000686645508,453.0
2024-03-01 11:08:00,IMNN,1.070099949836731,1.070099949836731,1.070099949836731,1.070099949836731,1.070099949836731,2788.0
2024-03-01 11:08:00,IMUX,1.4850000143051147,1.4850000143051147,1.4850000143051147,1.4850000143051147,1.4850000143051147,245.0
2024-03-01 11:08:00,IMVT,36.185001373291016,36.185001373291016,36.2400016784668,36.18000030517578,36.2400016784668,1661.0
2024-03-01 11:08:00,INBX,36.849998474121094,36.849998474121094,36.849998474121094,36.849998474121094,36.849998474121094,0.0
2024-03-01 11:08:00,INCY,59.349998474121094,59.349998474121094,59.349998474121094,59.29999923706055,59.31999969482422,754.0
2024-03-01 11:08:00,INMD,22.895000457763672,22.895000457763672,22.90999984741211,22.8700008392334,22.8700008392334,2021.0
2024-03-01 11:08:00,INSM,28.395000457763672,28.395000457763672,28.405000686645508,28.395000457763672,28.405000686645508,767.0
2024-03-01 11:08:00,INVA,15.604999542236328,15.604999542236328,15.604999542236328,15.595000267028809,15.595000267028809,909.0
2024-03-01 11:08:00,INZY,6.46999979019165,6.46999979019165,6.46999979019165,6.46999979019165,6.46999979019165,101.0
2024-03-01 11:08:00,IONM,0.33500000834465027,0.33500000834465027,0.3398999869823456,0.33500000834465027,0.3398999869823456,11400.0
2024-03-01 11:08:00,IONS,45.88999938964844,45.88999938964844,45.89500045776367,45.880001068115234,45.880001068115234,954.0
2024-03-01 11:08:00,IOVA,16.440000534057617,16.440000534057617,16.5,16.434999465942383,16.479700088500977,11832.0
2024-03-01 11:08:00,IRTC,120.30000305175781,120.30000305175781,120.30000305175781,120.29000091552734,120.29000091552734,358.0
2024-03-01 11:08:00,IRWD,8.934800148010254,8.934800148010254,8.944999694824219,8.934800148010254,8.944999694824219,3977.0
2024-03-01 11:08:00,ISRG,392.5799865722656,392.5799865722656,392.5799865722656,392.3900146484375,392.4800109863281,3092.0
2024-03-01 11:08:00,ITCI,71.12000274658203,71.12000274658203,71.22000122070312,71.12000274658203,71.22000122070312,2451.0
2024-03-01 11:08:00,ITOS,10.75,10.75,10.75,10.75,10.75,401.0
2024-03-01 11:08:00,ITRM,1.2299000024795532,1.2299000024795532,1.2300000190734863,1.2299000024795532,1.2299000024795532,3800.0
2024-03-01 11:08:00,IVVD,3.994999885559082,3.994999885559082,4.010000228881836,3.9800000190734863,3.994999885559082,1683.0
2024-03-01 11:08:00,JAGX,0.08269999921321869,0.08269999921321869,0.08299999684095383,0.08070000261068344,0.08100000023841858,362312.0
2024-03-01 11:08:00,JAZZ,120.56999969482422,120.56999969482422,120.6050033569336,120.53500366210938,120.6050033569336,898.0
2024-03-01 11:08:00,KALV,13.994999885559082,13.994999885559082,14.0,13.970000267028809,13.979999542236328,1394.0
2024-03-01 11:08:00,KNSA,21.940000534057617,21.940000534057617,21.940000534057617,21.940000534057617,21.940000534057617,167.0
2024-03-01 11:08:00,KNTE,2.6050000190734863,2.6050000190734863,2.6050000190734863,2.6050000190734863,2.6050000190734863,12.0
2024-03-01 11:08:00,KPTI,1.2604999542236328,1.2604999542236328,1.2649999856948853,1.2604999542236328,1.2649999856948853,828.0
2024-03-01 11:08:00,KROS,68.9749984741211,68.9749984741211,68.9749984741211,68.9749984741211,68.9749984741211,8.0
2024-03-01 11:08:00,KRYS,167.8000030517578,167.8000030517578,168.1300048828125,167.8000030517578,168.1300048828125,604.0
2024-03-01 11:08:00,KURA,21.31999969482422,21.31999969482422,21.327499389648438,21.295000076293945,21.309999465942383,1389.0
2024-03-01 11:08:00,KYMR,43.939998626708984,43.939998626708984,43.94499969482422,43.880001068115234,43.939998626708984,415.0
2024-03-01 11:08:00,KZR,1.1050000190734863,1.1050000190734863,1.1050000190734863,1.100100040435791,1.100100040435791,397.0
2024-03-01 11:08:00,LAB,2.380000114440918,2.380000114440918,2.380000114440918,2.375,2.380000114440918,600.0
2024-03-01 11:08:00,LBPH,21.530399322509766,21.530399322509766,21.604999542236328,21.499900817871094,21.499900817871094,2259.0
2024-03-01 11:08:00,LEXX,2.6500000953674316,2.6500000953674316,2.6700000762939453,2.6500000953674316,2.6700000762939453,1405.0
2024-03-01 11:08:00,LFMD,7.949999809265137,7.949999809265137,7.949999809265137,7.949999809265137,7.949999809265137,80.0
2024-03-01 11:08:00,LFST,7.994999885559082,7.994999885559082,7.994999885559082,7.994999885559082,7.994999885559082,644.0
2024-03-01 11:08:00,LGND,80.08499908447266,80.08499908447266,80.08499908447266,80.08499908447266,80.08499908447266,323.0
2024-03-01 11:08:00,LIAN,4.860000133514404,4.860000133514404,4.860000133514404,4.860000133514404,4.860000133514404,100.0
2024-03-01 11:08:00,LIVN,55.060001373291016,55.060001373291016,55.060001373291016,55.060001373291016,55.060001373291016,229.0
2024-03-01 11:08:00,LMAT,66.91999816894531,66.91999816894531,66.91999816894531,66.91999816894531,66.91999816894531,215.0
2024-03-01 11:08:00,LNTH,65.56999969482422,65.56999969482422,65.61499786376953,65.56999969482422,65.61499786376953,1154.0
2024-03-01 11:08:00,LQDA,14.40999984741211,14.40999984741211,14.40999984741211,14.390000343322754,14.390000343322754,1000.0
2024-03-01 11:08:00,LVTX,3.0487000942230225,3.0487000942230225,3.0487000942230225,3.0487000942230225,3.0487000942230225,611.0
2024-03-01 11:08:00,LXRX,2.3949999809265137,2.3949999809265137,2.3949999809265137,2.3949999809265137,2.3949999809265137,5.0
2024-03-01 11:08:00,LYEL,3.1449999809265137,3.1449999809265137,3.1600000858306885,3.1449999809265137,3.1600000858306885,774.0
2024-03-01 11:08:00,LYRA,5.510000228881836,5.510000228881836,5.510000228881836,5.510000228881836,5.510000228881836,400.0
2024-03-01 11:08:00,MASI,126.87000274658203,126.87000274658203,126.87000274658203,126.87000274658203,126.87000274658203,101.0
2024-03-01 11:08:00,MCRB,1.1799999475479126,1.1799999475479126,1.1799999475479126,1.1799999475479126,1.1799999475479126,130.0
2024-03-01 11:08:00,MDGL,240.34500122070312,240.34500122070312,240.34500122070312,240.34500122070312,240.34500122070312,118.0
2024-03-01 11:08:00,MDRX,5.849999904632568,5.849999904632568,6.0,5.849999904632568,5.849999904632568,33680.0
2024-03-01 11:08:00,MDXG,8.635000228881836,8.635000228881836,8.635000228881836,8.635000228881836,8.635000228881836,328.0
2024-03-01 11:08:00,ME,0.583299994468689,0.583299994468689,0.5835000276565552,0.5827999711036682,0.5835000276565552,46234.0
2024-03-01 11:08:00,MGNX,19.260000228881836,19.260000228881836,19.299999237060547,19.260000228881836,19.26650047302246,4130.0
2024-03-01 11:08:00,MGTX,6.300000190734863,6.300000190734863,6.320000171661377,6.289999961853027,6.309999942779541,1696.0
2024-03-01 11:08:00,MHUA,0.6851999759674072,0.6851999759674072,0.6851999759674072,0.6851999759674072,0.6851999759674072,0.0
2024-03-01 11:08:00,MIRM,29.889999389648438,29.889999389648438,29.889999389648438,29.889999389648438,29.889999389648438,633.0
2024-03-01 11:08:00,MIST,1.690000057220459,1.690000057220459,1.690000057220459,1.6799999475479126,1.6832000017166138,3000.0
2024-03-01 11:08:00,MNKD,4.59499979019165,4.59499979019165,4.610000133514404,4.59499979019165,4.59499979019165,11384.0
2024-03-01 11:08:00,MNMD,5.908400058746338,5.908400058746338,5.908400058746338,5.889999866485596,5.889999866485596,1903.0
2024-03-01 11:08:00,MNPR,0.8098999857902527,0.8098999857902527,0.8098999857902527,0.8098999857902527,0.8098999857902527,0.0
2024-03-01 11:08:00,MODV,28.09000015258789,28.09000015258789,28.09000015258789,28.09000015258789,28.09000015258789,295.0
2024-03-01 11:08:00,MOR,17.610000610351562,17.610000610351562,17.610000610351562,17.610000610351562,17.610000610351562,248.0
2024-03-01 11:08:00,MREO,3.799999952316284,3.799999952316284,3.805000066757202,3.799999952316284,3.805000066757202,2582.0
2024-03-01 11:08:00,MRNA,95.5,95.5,95.7406005859375,95.5,95.73999786376953,7650.0
2024-03-01 11:08:00,MRNS,9.800000190734863,9.800000190734863,9.800000190734863,9.800000190734863,9.800000190734863,352.0
2024-03-01 11:08:00,MRSN,5.829999923706055,5.829999923706055,5.829999923706055,5.809299945831299,5.809999942779541,2579.0
2024-03-01 11:08:00,MRVI,7.860000133514404,7.860000133514404,7.864999771118164,7.860000133514404,7.864999771118164,700.0
2024-03-01 11:08:00,MXCT,4.75,4.75,4.755000114440918,4.75,4.755000114440918,1248.0
2024-03-01 11:08:00,MYGN,21.639999389648438,21.639999389648438,21.639999389648438,21.6200008392334,21.6200008392334,527.0
2024-03-01 11:08:00,MYNZ,0.8622999787330627,0.8622999787330627,0.8622999787330627,0.8622999787330627,0.8622999787330627,399.0
2024-03-01 11:08:00,NARI,45.439998626708984,45.439998626708984,45.50270080566406,45.439998626708984,45.494998931884766,652.0
2024-03-01 11:08:00,NBIX,130.32000732421875,130.32000732421875,130.66000366210938,130.2899932861328,130.6300048828125,4178.0
2024-03-01 11:08:00,NEO,16.110000610351562,16.110000610351562,16.15999984741211,16.110000610351562,16.15999984741211,2020.0
2024-03-01 11:08:00,NEOG,17.25,17.25,17.25,17.25,17.25,1022.0
2024-03-01 11:08:00,NERV,2.549999952316284,2.549999952316284,2.549999952316284,2.549999952316284,2.549999952316284,1000.0
2024-03-01 11:08:00,NGM,1.5299999713897705,1.5299999713897705,1.5299999713897705,1.5299999713897705,1.5299999713897705,200.0
2024-03-01 11:08:00,NKTR,0.7458999752998352,0.7458999752998352,0.7459999918937683,0.7401999831199646,0.7430999875068665,83389.0
2024-03-01 11:08:00,NKTX,12.430000305175781,12.430000305175781,12.445799827575684,12.430000305175781,12.445799827575684,3062.0
2024-03-01 11:08:00,NNOX,11.119999885559082,11.119999885559082,11.140000343322754,11.100000381469727,11.140000343322754,3350.0
2024-03-01 11:08:00,NOTV,7.775000095367432,7.775000095367432,7.775000095367432,7.775000095367432,7.775000095367432,470.0
2024-03-01 11:08:00,NRC,40.724998474121094,40.724998474121094,40.724998474121094,40.724998474121094,40.724998474121094,45.0
2024-03-01 11:08:00,NRIX,13.314599990844727,13.314599990844727,13.314599990844727,13.314599990844727,13.314599990844727,400.0
2024-03-01 11:08:00,NRXP,0.42480000853538513,0.42480000853538513,0.42480000853538513,0.42480000853538513,0.42480000853538513,1002.0
2024-03-01 11:08:00,NTLA,33.54999923706055,33.54999923706055,33.584999084472656,33.54999923706055,33.584999084472656,1163.0
2024-03-01 11:08:00,NTRA,89.13999938964844,89.13999938964844,89.16000366210938,89.1050033569336,89.16000366210938,5251.0
2024-03-01 11:08:00,NURO,4.053699970245361,4.053699970245361,4.053699970245361,4.053699970245361,4.053699970245361,304.0
2024-03-01 11:08:00,NUTX,0.11400000005960464,0.11400000005960464,0.11400000005960464,0.11400000005960464,0.11400000005960464,108.0
2024-03-01 11:08:00,NUVL,87.77999877929688,87.77999877929688,87.81999969482422,87.75749969482422,87.81999969482422,479.0
2024-03-01 11:08:00,NUWE,0.5774000287055969,0.5774000287055969,0.5831000208854675,0.5774000287055969,0.5831000208854675,0.0
2024-03-01 11:08:00,NVAX,5.119999885559082,5.119999885559082,5.1367998123168945,5.119900226593018,5.130000114440918,8236.0
2024-03-01 11:08:00,NVCR,16.200000762939453,16.200000762939453,16.200000762939453,16.200000762939453,16.200000762939453,302.0
2024-03-01 11:08:00,NXTC,1.7949999570846558,1.7949999570846558,1.7949999570846558,1.7949999570846558,1.7949999570846558,100.0
2024-03-01 11:08:00,OCGN,0.9236999750137329,0.9236999750137329,0.9236999750137329,0.9236000180244446,0.9236000180244446,5253.0
2024-03-01 11:08:00,OCUL,10.38010025024414,10.38010025024414,10.40999984741211,10.38010025024414,10.40999984741211,6972.0
2024-03-01 11:08:00,OGI,2.1052000522613525,2.1052000522613525,2.1052000522613525,2.0999999046325684,2.0999999046325684,1101.0
2024-03-01 11:08:00,OLK,22.665000915527344,22.665000915527344,22.670000076293945,22.6200008392334,22.6200008392334,2336.0
2024-03-01 11:08:00,OLMA,13.024999618530273,13.024999618530273,13.024999618530273,13.020000457763672,13.020000457763672,300.0
2024-03-01 11:08:00,OM,3.1449999809265137,3.1449999809265137,3.1449999809265137,3.140000104904175,3.140000104904175,982.0
2024-03-01 11:08:00,OMGA,4.190000057220459,4.190000057220459,4.199999809265137,4.190000057220459,4.199999809265137,310.0
2024-03-01 11:08:00,ONCY,1.1200000047683716,1.1200000047683716,1.1200000047683716,1.1200000047683716,1.1200000047683716,0.0
2024-03-01 11:08:00,ONVO,1.0199999809265137,1.0199999809265137,1.0199999809265137,1.0199999809265137,1.0199999809265137,185.0
2024-03-01 11:09:00,ABCL,5.150000095367432,5.150000095367432,5.150000095367432,5.150000095367432,5.150000095367432,228.0
2024-03-01 11:09:00,ABSI,5.110000133514404,5.110000133514404,5.130000114440918,5.110000133514404,5.130000114440918,1379.0
2024-03-01 11:09:00,ABVC,1.184999942779541,1.184999942779541,1.184999942779541,1.184999942779541,1.184999942779541,41796.0
2024-03-01 11:09:00,ACAD,23.959999084472656,23.959999084472656,23.989999771118164,23.950000762939453,23.989999771118164,5634.0
2024-03-01 11:09:00,ACB,3.0999999046325684,3.0999999046325684,3.0999999046325684,3.0999999046325684,3.0999999046325684,672.0
2024-03-01 11:09:00,ACCD,10.26990032196045,10.26990032196045,10.279999732971191,10.26990032196045,10.279999732971191,1124.0
2024-03-01 11:09:00,ACET,2.375,2.375,2.375,2.369999885559082,2.369999885559082,1500.0
2024-03-01 11:09:00,ACLX,67.80000305175781,67.80000305175781,67.80000305175781,67.80000305175781,67.80000305175781,238.0
2024-03-01 11:09:00,ACRS,1.215000033378601,1.215000033378601,1.215000033378601,1.215000033378601,1.215000033378601,680.0
2024-03-01 11:09:00,ADIL,3.0906999111175537,3.0906999111175537,3.139899969100952,3.069999933242798,3.0850000381469727,38351.0
2024-03-01 11:09:00,ADMA,5.340000152587891,5.340000152587891,5.340000152587891,5.340000152587891,5.340000152587891,309.0
2024-03-01 11:09:00,ADPT,4.204999923706055,4.204999923706055,4.204999923706055,4.199999809265137,4.199999809265137,533.0
2024-03-01 11:09:00,ADUS,93.11000061035156,93.11000061035156,93.11000061035156,93.11000061035156,93.11000061035156,274.0
2024-03-01 11:09:00,ADVM,1.9199999570846558,1.9199999570846558,1.9199999570846558,1.9199999570846558,1.9199999570846558,401.0
2024-03-01 11:09:00,AGEN,0.6672000288963318,0.6672000288963318,0.6672000288963318,0.6672000288963318,0.6672000288963318,1276.0
2024-03-01 11:09:00,AGIO,32.89500045776367,32.89500045776367,32.89500045776367,32.89500045776367,32.89500045776367,270.0
2024-03-01 11:09:00,AGRX,0.8374000191688538,0.8374000191688538,0.8374000191688538,0.8374000191688538,0.8374000191688538,278.0
2024-03-01 11:09:00,AHCO,10.835000038146973,10.835000038146973,10.835000038146973,10.819999694824219,10.819999694824219,640.0
2024-03-01 11:09:00,AIMD,0.9700000286102295,0.9700000286102295,0.9700000286102295,0.9700000286102295,0.9700000286102295,507.0
2024-03-01 11:09:00,AKLI,0.33160001039505005,0.33160001039505005,0.33570000529289246,0.33160001039505005,0.33570000529289246,5300.0
2024-03-01 11:09:00,AKRO,29.655000686645508,29.655000686645508,29.655000686645508,29.655000686645508,29.655000686645508,192.0
2024-03-01 11:09:00,AKYA,5.945400238037109,5.945400238037109,5.945400238037109,5.945400238037109,5.945400238037109,1105.0
2024-03-01 11:09:00,ALDX,4.130000114440918,4.130000114440918,4.130000114440918,4.130000114440918,4.130000114440918,749.0
2024-03-01 11:09:00,ALEC,7.489999771118164,7.489999771118164,7.489999771118164,7.480000019073486,7.489999771118164,1173.0
2024-03-01 11:09:00,ALGN,299.8699951171875,299.8699951171875,300.0299987792969,299.8699951171875,299.8900146484375,885.0
2024-03-01 11:09:00,ALGS,1.0399999618530273,1.0399999618530273,1.0399999618530273,1.0392999649047852,1.0392999649047852,6958.0
2024-03-01 11:09:00,ALHC,5.900000095367432,5.900000095367432,5.900000095367432,5.885000228881836,5.900000095367432,611.0
2024-03-01 11:09:00,ALKS,30.190000534057617,30.190000534057617,30.204999923706055,30.18000030517578,30.18000030517578,1722.0
2024-03-01 11:09:00,ALNY,154.96499633789062,154.96499633789062,155.02999877929688,154.96499633789062,155.02999877929688,524.0
2024-03-01 11:09:00,ALPN,36.130001068115234,36.130001068115234,36.130001068115234,36.119998931884766,36.130001068115234,511.0
2024-03-01 11:09:00,ALT,12.12600040435791,12.12600040435791,12.135000228881836,12.109999656677246,12.135000228881836,3053.0
2024-03-01 11:09:00,ALVO,15.65999984741211,15.65999984741211,15.664999961853027,15.65999984741211,15.664999961853027,513.0
2024-03-01 11:09:00,ALVR,0.7554000020027161,0.7554000020027161,0.7554000020027161,0.7554000020027161,0.7554000020027161,39.0
2024-03-01 11:09:00,ALXO,15.180000305175781,15.180000305175781,15.180000305175781,15.180000305175781,15.180000305175781,0.0
2024-03-01 11:09:00,AMGN,280.44500732421875,280.44500732421875,280.5899963378906,280.44500732421875,280.5899963378906,2788.0
2024-03-01 11:09:00,AMLX,18.81999969482422,18.81999969482422,18.84000015258789,18.81999969482422,18.84000015258789,1275.0
2024-03-01 11:09:00,AMPH,45.79999923706055,45.79999923706055,45.79999923706055,45.79999923706055,45.79999923706055,411.0
2024-03-01 11:09:00,AMRN,1.0499999523162842,1.0499999523162842,1.0549999475479126,1.0499999523162842,1.0549999475479126,2283.0
2024-03-01 11:09:00,ANGO,5.485000133514404,5.485000133514404,5.485000133514404,5.482999801635742,5.482999801635742,126.0
2024-03-01 11:09:00,APLS,64.6050033569336,64.6050033569336,64.68000030517578,64.41999816894531,64.41999816894531,2117.0
2024-03-01 11:09:00,APLT,7.059999942779541,7.059999942779541,7.09499979019165,7.059999942779541,7.079999923706055,1279.0
2024-03-01 11:09:00,AQST,4.224999904632568,4.224999904632568,4.230000019073486,4.224999904632568,4.230000019073486,1198.0
2024-03-01 11:09:00,ARAY,2.610100030899048,2.610100030899048,2.610100030899048,2.610100030899048,2.610100030899048,105.0
2024-03-01 11:09:00,ARDX,9.555000305175781,9.555000305175781,9.555000305175781,9.550000190734863,9.555000305175781,2079.0
2024-03-01 11:09:00,ARGX,387.80999755859375,387.80999755859375,388.3800048828125,387.80999755859375,388.3800048828125,475.0
2024-03-01 11:09:00,ARQT,11.100000381469727,11.100000381469727,11.100000381469727,10.979999542236328,11.009900093078613,5448.0
2024-03-01 11:09:00,ARVN,49.2599983215332,49.2599983215332,49.2599983215332,49.18000030517578,49.2400016784668,1375.0
2024-03-01 11:09:00,ARWR,35.2400016784668,35.2400016784668,35.2400016784668,35.150001525878906,35.150001525878906,897.0
2024-03-01 11:09:00,ASRT,0.9121000170707703,0.9121000170707703,0.9121000170707703,0.9121000170707703,0.9121000170707703,243.0
2024-03-01 11:09:00,ATAI,2.0,2.0,2.0,2.0,2.0,1496.0
2024-03-01 11:09:00,ATEC,13.510000228881836,13.510000228881836,13.524999618530273,13.510000228881836,13.524999618530273,1877.0
2024-03-01 11:09:00,ATRA,0.8051000237464905,0.8051000237464905,0.8137999773025513,0.8051000237464905,0.8098999857902527,1825.0
2024-03-01 11:09:00,ATXS,15.239999771118164,15.239999771118164,15.239999771118164,15.239999771118164,15.239999771118164,500.0
2024-03-01 11:09:00,AUGX,4.559999942779541,4.559999942779541,4.559999942779541,4.554999828338623,4.554999828338623,340.0
2024-03-01 11:09:00,AUPH,5.809999942779541,5.809999942779541,5.817500114440918,5.809999942779541,5.815000057220459,612.0
2024-03-01 11:09:00,AVDL,12.699999809265137,12.699999809265137,12.699999809265137,12.619999885559082,12.619999885559082,4488.0
2024-03-01 11:09:00,AVRO,1.3200000524520874,1.3200000524520874,1.3250000476837158,1.3200000524520874,1.3250000476837158,1255.0
2024-03-01 11:09:00,AVTE,22.950000762939453,22.950000762939453,22.950000762939453,22.950000762939453,22.950000762939453,545.0
2024-03-01 11:09:00,AXSM,83.95989990234375,83.95989990234375,83.95989990234375,83.83999633789062,83.83999633789062,261.0
2024-03-01 11:09:00,AZN,64.66500091552734,64.66500091552734,64.68000030517578,64.65499877929688,64.66999816894531,5516.0
2024-03-01 11:09:00,AZTA,66.48999786376953,66.48999786376953,66.48999786376953,66.48999786376953,66.48999786376953,194.0
2024-03-01 11:09:00,BCAB,2.759999990463257,2.759999990463257,2.759999990463257,2.759999990463257,2.759999990463257,115.0
2024-03-01 11:09:00,BCRX,5.849999904632568,5.849999904632568,5.849999904632568,5.84499979019165,5.84499979019165,837.0
2024-03-01 11:09:00,BDSX,1.6358000040054321,1.6358000040054321,1.6358000040054321,1.6313999891281128,1.6313999891281128,1973.0
2024-03-01 11:09:00,BDTX,5.119999885559082,5.119999885559082,5.119999885559082,5.105000019073486,5.105000019073486,403.0
2024-03-01 11:09:00,BEAM,40.35499954223633,40.35499954223633,40.35499954223633,40.31760025024414,40.349998474121094,821.0
2024-03-01 11:09:00,BIIB,219.41000366210938,219.41000366210938,219.41000366210938,219.36000061035156,219.36000061035156,413.0
2024-03-01 11:09:00,BIOL,0.13860000669956207,0.13860000669956207,0.13860000669956207,0.13850000500679016,0.13860000669956207,4604.0
2024-03-01 11:09:00,BIVI,2.1988000869750977,2.1988000869750977,2.2200000286102295,2.1700000762939453,2.2100000381469727,52583.0
2024-03-01 11:09:00,BLFS,17.959999084472656,17.959999084472656,18.0,17.959999084472656,18.0,456.0
2024-03-01 11:09:00,BLRX,1.3849999904632568,1.3849999904632568,1.3849999904632568,1.350000023841858,1.3600000143051147,10529.0
2024-03-01 11:09:00,BLUE,1.5850000381469727,1.5850000381469727,1.5850000381469727,1.5850000381469727,1.5850000381469727,1543.0
2024-03-01 11:09:00,BMEA,17.719999313354492,17.719999313354492,17.719999313354492,17.719999313354492,17.719999313354492,1084.0
2024-03-01 11:09:00,BMRN,86.68000030517578,86.68000030517578,86.70999908447266,86.66000366210938,86.70999908447266,1683.0
2024-03-01 11:09:00,BNGO,1.2549999952316284,1.2549999952316284,1.2549999952316284,1.2549999952316284,1.2549999952316284,125.0
2024-03-01 11:09:00,BNTC,5.000100135803223,5.000100135803223,5.000100135803223,5.000100135803223,5.000100135803223,204.0
2024-03-01 11:09:00,BNTX,91.90499877929688,91.90499877929688,92.0999984741211,91.88999938964844,92.06500244140625,2110.0
2024-03-01 11:09:00,BPMC,96.29499816894531,96.29499816894531,96.5999984741211,96.29499816894531,96.5999984741211,1767.0
2024-03-01 11:09:00,BRKR,88.0199966430664,88.0199966430664,88.0199966430664,87.98999786376953,88.0199966430664,1591.0
2024-03-01 11:09:00,BRTX,1.5104999542236328,1.5104999542236328,1.5104999542236328,1.5104999542236328,1.5104999542236328,277.0
2024-03-01 11:09:00,BTAI,3.2300000190734863,3.2300000190734863,3.2300000190734863,3.2300000190734863,3.2300000190734863,828.0
2024-03-01 11:09:00,BTTX,0.16850000619888306,0.16850000619888306,0.16850000619888306,0.16850000619888306,0.16850000619888306,1416.0
2024-03-01 11:09:00,CABA,24.010000228881836,24.010000228881836,24.010000228881836,24.010000228881836,24.010000228881836,100.0
2024-03-01 11:09:00,CARA,0.9314000010490417,0.9314000010490417,0.9314000010490417,0.9229000210762024,0.9314000010490417,8225.0
2024-03-01 11:09:00,CBAY,32.23500061035156,32.23500061035156,32.23500061035156,32.23500061035156,32.23500061035156,1126.0
2024-03-01 11:09:00,CCCC,11.010000228881836,11.010000228881836,11.010000228881836,10.994999885559082,10.996899604797363,6327.0
2024-03-01 11:09:00,CCRN,18.190000534057617,18.190000534057617,18.190000534057617,18.190000534057617,18.190000534057617,696.0
2024-03-01 11:09:00,CDMO,8.069999694824219,8.069999694824219,8.079999923706055,8.069999694824219,8.079999923706055,351.0
2024-03-01 11:09:00,CDNA,12.3100004196167,12.3100004196167,12.3100004196167,12.274999618530273,12.274999618530273,1748.0
2024-03-01 11:09:00,CDXS,4.545000076293945,4.545000076293945,4.550000190734863,4.5,4.5,7030.0
2024-03-01 11:09:00,CELC,15.779999732971191,15.779999732971191,15.779999732971191,15.779999732971191,15.779999732971191,713.0
2024-03-01 11:09:00,CERE,41.255001068115234,41.255001068115234,41.2599983215332,41.22999954223633,41.24250030517578,42743.0
2024-03-01 11:09:00,CERS,2.2100000381469727,2.2100000381469727,2.2100000381469727,2.2100000381469727,2.2100000381469727,100.0
2024-03-01 11:09:00,CERT,17.68000030517578,17.68000030517578,17.709999084472656,17.68000030517578,17.709999084472656,636.0
2024-03-01 11:09:00,CGC,3.2697999477386475,3.2697999477386475,3.2697999477386475,3.2697999477386475,3.2697999477386475,541.0
2024-03-01 11:09:00,CHRS,2.329900026321411,2.329900026321411,2.3299999237060547,2.319999933242798,2.3299999237060547,1089.0
2024-03-01 11:09:00,CING,1.4537999629974365,1.4537999629974365,1.4537999629974365,1.4499000310897827,1.4499000310897827,3432.0
2024-03-01 11:09:00,CKPT,2.1600000858306885,2.1600000858306885,2.1600000858306885,2.1600000858306885,2.1600000858306885,391.0
2024-03-01 11:09:00,CLDX,52.08000183105469,52.08000183105469,52.13999938964844,52.02000045776367,52.13999938964844,2589.0
2024-03-01 11:09:00,CLOV,0.8658000230789185,0.8658000230789185,0.8658000230789185,0.8633999824523926,0.8634999990463257,13164.0
2024-03-01 11:09:00,CLPT,6.574100017547607,6.574100017547607,6.574100017547607,6.574100017547607,6.574100017547607,268.0
2024-03-01 11:09:00,CMPS,10.90999984741211,10.90999984741211,10.90999984741211,10.86989974975586,10.86989974975586,1021.0
2024-03-01 11:09:00,CMPX,1.8799999952316284,1.8799999952316284,1.8799999952316284,1.8799999952316284,1.8799999952316284,100.0
2024-03-01 11:09:00,CNSP,0.3199000060558319,0.3199000060558319,0.32739999890327454,0.31790000200271606,0.32739999890327454,6331.0
2024-03-01 11:09:00,COGT,7.190000057220459,7.190000057220459,7.210000038146973,7.190000057220459,7.190000057220459,777.0
2024-03-01 11:09:00,COLL,36.939998626708984,36.939998626708984,36.97999954223633,36.939998626708984,36.97999954223633,827.0
2024-03-01 11:09:00,CORT,23.8700008392334,23.8700008392334,23.899999618530273,23.864999771118164,23.8700008392334,3451.0
2024-03-01 11:09:00,CPRX,17.389999389648438,17.389999389648438,17.450000762939453,17.3799991607666,17.450000762939453,3764.0
2024-03-01 11:09:00,CRBP,31.375,31.375,31.375,31.375,31.375,295.0
2024-03-01 11:09:00,CRBU,8.095000267028809,8.095000267028809,8.095000267028809,8.095000267028809,8.095000267028809,251.0
2024-03-01 11:09:00,CRDF,2.619999885559082,2.619999885559082,2.630000114440918,2.569999933242798,2.6084001064300537,121936.0
2024-03-01 11:09:00,CRDL,1.9591000080108643,1.9591000080108643,1.9591000080108643,1.9591000080108643,1.9591000080108643,451.0
2024-03-01 11:09:00,CRNX,45.83000183105469,45.83000183105469,45.83000183105469,45.72999954223633,45.77000045776367,1497.0
2024-03-01 11:09:00,CRON,2.049099922180176,2.049099922180176,2.049099922180176,2.0434000492095947,2.0434000492095947,1109.0
2024-03-01 11:09:00,CRSP,85.83999633789062,85.83999633789062,85.87000274658203,85.73999786376953,85.83000183105469,1548.0
2024-03-01 11:09:00,CSTL,19.979999542236328,19.979999542236328,19.979999542236328,19.979999542236328,19.979999542236328,2457.0
2024-03-01 11:09:00,CTMX,2.509999990463257,2.509999990463257,2.515000104904175,2.509999990463257,2.509999990463257,2231.0
2024-03-01 11:09:00,CUTR,2.3299999237060547,2.3299999237060547,2.3450000286102295,2.3299999237060547,2.3399999141693115,2412.0
2024-03-01 11:09:00,CYTK,74.66999816894531,74.66999816894531,74.66999816894531,74.61000061035156,74.6500015258789,1463.0
2024-03-01 11:09:00,DAWN,17.45009994506836,17.45009994506836,17.459999084472656,17.45009994506836,17.459999084472656,304.0
2024-03-01 11:09:00,DCGO,4.119999885559082,4.119999885559082,4.125,4.119999885559082,4.119999885559082,500.0
2024-03-01 11:09:00,DCPH,17.045000076293945,17.045000076293945,17.045000076293945,17.045000076293945,17.045000076293945,447.0
2024-03-01 11:09:00,DH,9.050000190734863,9.050000190734863,9.050000190734863,9.050000190734863,9.050000190734863,141.0
2024-03-01 11:09:00,DMTK,0.8557000160217285,0.8557000160217285,0.8579999804496765,0.8557000160217285,0.8579999804496765,702.0
2024-03-01 11:09:00,DNLI,20.825000762939453,20.825000762939453,20.829999923706055,20.825000762939453,20.825000762939453,566.0
2024-03-01 11:09:00,DSGN,2.9000000953674316,2.9000000953674316,2.9000000953674316,2.9000000953674316,2.9000000953674316,523.0
2024-03-01 11:09:00,DTIL,12.8100004196167,12.8100004196167,12.8100004196167,12.79069995880127,12.79069995880127,445.0
2024-03-01 11:09:00,DVAX,12.824999809265137,12.824999809265137,12.829999923706055,12.824999809265137,12.824999809265137,724.0
2024-03-01 11:09:00,DXCM,118.98999786376953,118.98999786376953,119.0199966430664,118.86000061035156,118.9000015258789,5175.0
2024-03-01 11:09:00,DYN,28.93000030517578,28.93000030517578,28.954999923706055,28.899999618530273,28.93000030517578,1623.0
2024-03-01 11:09:00,EDIT,11.050000190734863,11.050000190734863,11.050000190734863,11.015000343322754,11.020000457763672,2536.0
2024-03-01 11:09:00,EFTR,15.080100059509277,15.080100059509277,15.080100059509277,15.080100059509277,15.080100059509277,100.0
2024-03-01 11:09:00,EGRX,6.53000020980835,6.53000020980835,6.53000020980835,6.53000020980835,6.53000020980835,0.0
2024-03-01 11:09:00,ELEV,4.972400188446045,4.972400188446045,4.980000019073486,4.972400188446045,4.980000019073486,280.0
2024-03-01 11:09:00,ENSC,0.949999988079071,0.949999988079071,0.949999988079071,0.9498999714851379,0.9498999714851379,40905.0
2024-03-01 11:09:00,ENSG,124.19499969482422,124.19499969482422,124.19499969482422,124.19499969482422,124.19499969482422,205.0
2024-03-01 11:09:00,ENVB,1.6799999475479126,1.6799999475479126,1.7099000215530396,1.6799999475479126,1.684999942779541,48900.0
2024-03-01 11:09:00,ERAS,2.511199951171875,2.511199951171875,2.511199951171875,2.511199951171875,2.511199951171875,183.0
2024-03-01 11:09:00,ESPR,2.484999895095825,2.484999895095825,2.484999895095825,2.484999895095825,2.484999895095825,2351.0
2024-03-01 11:09:00,ESTA,45.56999969482422,45.56999969482422,45.56999969482422,45.56999969482422,45.56999969482422,1544.0
2024-03-01 11:09:00,ETNB,12.846699714660645,12.846699714660645,12.846699714660645,12.845000267028809,12.845000267028809,5814.0
2024-03-01 11:09:00,EVO,7.5,7.5,7.5,7.5,7.5,400.0
2024-03-01 11:09:00,EWTX,16.989999771118164,16.989999771118164,16.989999771118164,16.979999542236328,16.979999542236328,260.0
2024-03-01 11:09:00,EXAI,6.732399940490723,6.732399940490723,6.732399940490723,6.732399940490723,6.732399940490723,388.0
2024-03-01 11:09:00,EXAS,59.959999084472656,59.959999084472656,59.959999084472656,59.91999816894531,59.91999816894531,371.0
2024-03-01 11:09:00,EXEL,22.475000381469727,22.475000381469727,22.520000457763672,22.475000381469727,22.520000457763672,7663.0
2024-03-01 11:09:00,EYEN,2.220099925994873,2.220099925994873,2.220099925994873,2.220099925994873,2.220099925994873,420.0
2024-03-01 11:09:00,FDMT,28.954999923706055,28.954999923706055,29.010000228881836,28.954999923706055,29.010000228881836,267.0
2024-03-01 11:09:00,FGEN,1.7649999856948853,1.7649999856948853,1.7699999809265137,1.7649999856948853,1.7649999856948853,1122.0
2024-03-01 11:09:00,FHTX,8.34000015258789,8.34000015258789,8.34000015258789,8.34000015258789,8.34000015258789,607.0
2024-03-01 11:09:00,FIXX,0.9399999976158142,0.9399999976158142,0.9399999976158142,0.9350000023841858,0.9350000023841858,2304.0
2024-03-01 11:09:00,FLGT,23.130199432373047,23.130199432373047,23.130199432373047,23.100000381469727,23.110000610351562,708.0
2024-03-01 11:09:00,FOLD,13.489999771118164,13.489999771118164,13.510000228881836,13.479999542236328,13.510000228881836,1800.0
2024-03-01 11:09:00,FULC,10.710000038146973,10.710000038146973,10.720000267028809,10.6850004196167,10.6850004196167,5744.0
2024-03-01 11:09:00,FUSN,12.09000015258789,12.09000015258789,12.09000015258789,12.069999694824219,12.069999694824219,849.0
2024-03-01 11:09:00,GDRX,8.239999771118164,8.239999771118164,8.245100021362305,8.219900131225586,8.219900131225586,3538.0
2024-03-01 11:09:00,GERN,2.140000104904175,2.140000104904175,2.140000104904175,2.134999990463257,2.140000104904175,1479.0
2024-03-01 11:09:00,GH,19.200000762939453,19.200000762939453,19.200000762939453,19.18000030517578,19.200000762939453,2447.0
2024-03-01 11:09:00,GILD,72.38500213623047,72.38500213623047,72.4000015258789,72.37000274658203,72.4000015258789,4310.0
2024-03-01 11:09:00,GLPG,35.1349983215332,35.1349983215332,35.1349983215332,35.1349983215332,35.1349983215332,384.0
2024-03-01 11:09:00,GLYC,2.990000009536743,2.990000009536743,2.990000009536743,2.9700000286102295,2.9700000286102295,525.0
2024-03-01 11:09:00,GMAB,29.399999618530273,29.399999618530273,29.399999618530273,29.399999618530273,29.399999618530273,788.0
2024-03-01 11:09:00,GNPX,4.489999771118164,4.489999771118164,4.489999771118164,4.480000019073486,4.480000019073486,203.0
2024-03-01 11:09:00,GOSS,1.3600000143051147,1.3600000143051147,1.3650000095367432,1.3600000143051147,1.3600000143051147,2572.0
2024-03-01 11:09:00,GRFS,7.010000228881836,7.010000228881836,7.010000228881836,7.0,7.0,4524.0
2024-03-01 11:09:00,GRTS,2.265000104904175,2.265000104904175,2.2699999809265137,2.259999990463257,2.265000104904175,12399.0
2024-03-01 11:09:00,GTHX,3.4749999046325684,3.4749999046325684,3.4749999046325684,3.4749999046325684,3.4749999046325684,602.0
2024-03-01 11:09:00,HALO,41.27000045776367,41.27000045776367,41.27000045776367,41.27000045776367,41.27000045776367,830.0
2024-03-01 11:09:00,HARP,22.930400848388672,22.930400848388672,22.930400848388672,22.93000030517578,22.93000030517578,502.0
2024-03-01 11:09:00,HCAT,7.925000190734863,7.925000190734863,7.929999828338623,7.920000076293945,7.920000076293945,2920.0
2024-03-01 11:09:00,HOLX,74.0199966430664,74.0199966430664,74.0250015258789,74.0,74.01000213623047,1806.0
2024-03-01 11:09:00,HRMY,31.479999542236328,31.479999542236328,31.479999542236328,31.479999542236328,31.479999542236328,837.0
2024-03-01 11:09:00,HRTX,2.6500000953674316,2.6500000953674316,2.6549999713897705,2.6500000953674316,2.6549999713897705,969.0
2024-03-01 11:09:00,HSCS,0.11749999970197678,0.11749999970197678,0.11749999970197678,0.11749999970197678,0.11749999970197678,966.0
2024-03-01 11:09:00,HSIC,76.98999786376953,76.98999786376953,76.98999786376953,76.97000122070312,76.98999786376953,712.0
2024-03-01 11:09:00,HSTM,27.600000381469727,27.600000381469727,27.600000381469727,27.600000381469727,27.600000381469727,100.0
2024-03-01 11:09:00,HUMA,3.200000047683716,3.200000047683716,3.200000047683716,3.1942999362945557,3.194999933242798,13439.0
2024-03-01 11:09:00,HYPR,1.1299999952316284,1.1299999952316284,1.1299999952316284,1.1299999952316284,1.1299999952316284,383.0
2024-03-01 11:09:00,IART,36.88999938964844,36.88999938964844,36.88999938964844,36.86000061035156,36.88999938964844,608.0
2024-03-01 11:09:00,IBRX,4.835000038146973,4.835000038146973,4.84499979019165,4.829999923706055,4.84499979019165,5616.0
2024-03-01 11:09:00,ICCC,5.230000019073486,5.230000019073486,5.230000019073486,5.230000019073486,5.230000019073486,346.0
2024-03-01 11:09:00,ICLR,322.8699951171875,322.8699951171875,322.8699951171875,322.8699951171875,322.8699951171875,442.0
2024-03-01 11:09:00,ICUI,106.97000122070312,106.97000122070312,106.97000122070312,106.97000122070312,106.97000122070312,156.0
2024-03-01 11:09:00,IDYA,46.27000045776367,46.27000045776367,46.27000045776367,46.27000045776367,46.27000045776367,395.0
2024-03-01 11:09:00,IFRX,1.8499000072479248,1.8499000072479248,1.850000023841858,1.8300000429153442,1.8300000429153442,9347.0
2024-03-01 11:09:00,ILMN,141.73500061035156,141.73500061035156,141.80499267578125,141.64999389648438,141.7100067138672,1406.0
2024-03-01 11:09:00,IMCR,68.1449966430664,68.1449966430664,68.3499984741211,68.04499816894531,68.3499984741211,2860.0
2024-03-01 11:09:00,IMMP,2.319999933242798,2.319999933242798,2.319999933242798,2.319999933242798,2.319999933242798,3.0
2024-03-01 11:09:00,IMNM,25.272499084472656,25.272499084472656,25.272499084472656,25.270000457763672,25.270000457763672,263.0
2024-03-01 11:09:00,IMNN,1.0700000524520874,1.0700000524520874,1.0700000524520874,1.0700000524520874,1.0700000524520874,0.0
2024-03-01 11:09:00,IMRX,6.190000057220459,6.190000057220459,6.190000057220459,6.190000057220459,6.190000057220459,258.0
2024-03-01 11:09:00,INCY,59.310001373291016,59.310001373291016,59.34000015258789,59.310001373291016,59.34000015258789,395.0
2024-03-01 11:09:00,INMD,22.899999618530273,22.899999618530273,22.899999618530273,22.889999389648438,22.889999389648438,2160.0
2024-03-01 11:09:00,INSM,28.299999237060547,28.299999237060547,28.395000457763672,28.299999237060547,28.395000457763672,1172.0
2024-03-01 11:09:00,INVA,15.664999961853027,15.664999961853027,15.664999961853027,15.600000381469727,15.600000381469727,2473.0
2024-03-01 11:09:00,INZY,6.46999979019165,6.46999979019165,6.46999979019165,6.46999979019165,6.46999979019165,323.0
2024-03-01 11:09:00,IOBT,1.7524000406265259,1.7524000406265259,1.7699999809265137,1.7524000406265259,1.7524000406265259,2400.0
2024-03-01 11:09:00,IONS,45.83000183105469,45.83000183105469,45.869998931884766,45.83000183105469,45.869998931884766,553.0
2024-03-01 11:09:00,IOVA,16.434999465942383,16.434999465942383,16.434999465942383,16.42009925842285,16.43000030517578,4550.0
2024-03-01 11:09:00,IRTC,120.2750015258789,120.2750015258789,120.2750015258789,120.2750015258789,120.2750015258789,111.0
2024-03-01 11:09:00,IRWD,8.979999542236328,8.979999542236328,8.979999542236328,8.930000305175781,8.9375,17300.0
2024-03-01 11:09:00,ISRG,392.375,392.375,392.55999755859375,392.3299865722656,392.4599914550781,3128.0
2024-03-01 11:09:00,ITCI,71.08000183105469,71.08000183105469,71.08999633789062,71.08000183105469,71.08999633789062,409.0
2024-03-01 11:09:00,ITRM,1.2300000190734863,1.2300000190734863,1.2400000095367432,1.2300000190734863,1.2300000190734863,23568.0
2024-03-01 11:09:00,IVVD,3.9800000190734863,3.9800000190734863,3.9800000190734863,3.9800000190734863,3.9800000190734863,728.0
2024-03-01 11:09:00,JAGX,0.08169999718666077,0.08169999718666077,0.08290000259876251,0.08129999786615372,0.08290000259876251,265724.0
2024-03-01 11:09:00,KALV,14.010000228881836,14.010000228881836,14.010000228881836,14.010000228881836,14.010000228881836,158.0
2024-03-01 11:09:00,KNSA,21.899999618530273,21.899999618530273,21.954999923706055,21.899999618530273,21.954999923706055,3557.0
2024-03-01 11:09:00,KOD,6.130000114440918,6.130000114440918,6.130000114440918,6.130000114440918,6.130000114440918,330.0
2024-03-01 11:09:00,KPTI,1.2549999952316284,1.2549999952316284,1.2649999856948853,1.2549999952316284,1.2649999856948853,5086.0
2024-03-01 11:09:00,KRON,1.0399999618530273,1.0399999618530273,1.0399999618530273,1.0399999618530273,1.0399999618530273,200.0
2024-03-01 11:09:00,KROS,69.08000183105469,69.08000183105469,69.08000183105469,69.08000183105469,69.08000183105469,179.0
2024-03-01 11:09:00,KRYS,167.9600067138672,167.9600067138672,167.9600067138672,167.9600067138672,167.9600067138672,235.0
2024-03-01 11:09:00,KYMR,43.939998626708984,43.939998626708984,43.939998626708984,43.939998626708984,43.939998626708984,120.0
2024-03-01 11:09:00,KZR,1.1100000143051147,1.1100000143051147,1.1100000143051147,1.1100000143051147,1.1100000143051147,316.0
2024-03-01 11:09:00,LAB,2.380000114440918,2.380000114440918,2.380000114440918,2.372499942779541,2.372499942779541,243.0
2024-03-01 11:09:00,LBPH,21.402000427246094,21.402000427246094,21.479999542236328,21.402000427246094,21.479999542236328,432.0
2024-03-01 11:09:00,LEGN,65.8550033569336,65.8550033569336,65.8550033569336,65.8550033569336,65.8550033569336,5.0
2024-03-01 11:09:00,LEXX,2.559999942779541,2.559999942779541,2.567699909210205,2.559999942779541,2.567699909210205,500.0
2024-03-01 11:09:00,LFMD,7.952099800109863,7.952099800109863,7.952099800109863,7.952099800109863,7.952099800109863,0.0
2024-03-01 11:09:00,LFST,7.994999885559082,7.994999885559082,7.994999885559082,7.989999771118164,7.989999771118164,1622.0
2024-03-01 11:09:00,LIXT,2.4800000190734863,2.4800000190734863,2.4800000190734863,2.4800000190734863,2.4800000190734863,4185.0
2024-03-01 11:09:00,LNTH,65.61000061035156,65.61000061035156,65.61000061035156,65.61000061035156,65.61000061035156,304.0
2024-03-01 11:09:00,LQDA,14.390000343322754,14.390000343322754,14.390000343322754,14.390000343322754,14.390000343322754,327.0
2024-03-01 11:09:00,LTRN,4.786399841308594,4.786399841308594,4.786399841308594,4.786399841308594,4.786399841308594,110.0
2024-03-01 11:09:00,LVTX,3.0441999435424805,3.0441999435424805,3.049999952316284,3.0199999809265137,3.049999952316284,3492.0
2024-03-01 11:09:00,LXRX,2.4049999713897705,2.4049999713897705,2.4049999713897705,2.390899896621704,2.3949999809265137,5512.0
2024-03-01 11:09:00,LYEL,3.146199941635132,3.146199941635132,3.1500000953674316,3.1449999809265137,3.1500000953674316,1620.0
2024-03-01 11:09:00,LYRA,5.494999885559082,5.494999885559082,5.494999885559082,5.494999885559082,5.494999885559082,770.0
2024-03-01 11:09:00,MASI,126.7699966430664,126.7699966430664,126.88999938964844,126.7699966430664,126.88999938964844,880.0
2024-03-01 11:09:00,MCRB,1.1799999475479126,1.1799999475479126,1.190000057220459,1.1799999475479126,1.190000057220459,386.0
2024-03-01 11:09:00,MDGL,240.3350067138672,240.3350067138672,240.3350067138672,240.3350067138672,240.3350067138672,119.0
2024-03-01 11:09:00,MDRX,6.0,6.0,6.0,5.800000190734863,6.0,96954.0
2024-03-01 11:09:00,MDXG,8.649999618530273,8.649999618530273,8.649999618530273,8.630000114440918,8.635000228881836,2208.0
2024-03-01 11:09:00,ME,0.5831999778747559,0.5831999778747559,0.5835000276565552,0.5831999778747559,0.5834000110626221,2884.0
2024-03-01 11:09:00,MEDP,400.260009765625,400.260009765625,400.260009765625,400.260009765625,400.260009765625,401.0
2024-03-01 11:09:00,MESO,2.0399999618530273,2.0399999618530273,2.040800094604492,2.0399999618530273,2.040800094604492,101.0
2024-03-01 11:09:00,MGNX,19.299999237060547,19.299999237060547,19.299999237060547,19.28499984741211,19.28499984741211,996.0
2024-03-01 11:09:00,MIRM,29.93000030517578,29.93000030517578,29.93000030517578,29.889999389648438,29.899999618530273,1956.0
2024-03-01 11:09:00,MIST,1.690000057220459,1.690000057220459,1.690000057220459,1.690000057220459,1.690000057220459,400.0
2024-03-01 11:09:00,MLTX,51.53499984741211,51.53499984741211,51.53499984741211,51.53499984741211,51.53499984741211,200.0
2024-03-01 11:09:00,MNKD,4.591100215911865,4.591100215911865,4.599999904632568,4.590000152587891,4.59499979019165,15726.0
2024-03-01 11:09:00,MNMD,5.900000095367432,5.900000095367432,5.900000095367432,5.900000095367432,5.900000095367432,101.0
2024-03-01 11:09:00,MNPR,0.7900000214576721,0.7900000214576721,0.7936000227928162,0.7900000214576721,0.7936000227928162,697.0
2024-03-01 11:09:00,MRNA,95.55500030517578,95.55500030517578,95.55500030517578,95.5,95.50189971923828,5117.0
2024-03-01 11:09:00,MRNS,9.779999732971191,9.779999732971191,9.779999732971191,9.779999732971191,9.779999732971191,612.0
2024-03-01 11:09:00,MRSN,5.835000038146973,5.835000038146973,5.835000038146973,5.820000171661377,5.829999923706055,3095.0
2024-03-01 11:09:00,MRUS,50.119998931884766,50.119998931884766,50.15999984741211,50.060001373291016,50.06999969482422,2033.0
2024-03-01 11:09:00,MRVI,7.84499979019165,7.84499979019165,7.849999904632568,7.84499979019165,7.849999904632568,500.0
2024-03-01 11:09:00,MXCT,4.744999885559082,4.744999885559082,4.744999885559082,4.739999771118164,4.739999771118164,202.0
2024-03-01 11:09:00,MYGN,21.6200008392334,21.6200008392334,21.6200008392334,21.600000381469727,21.600000381469727,300.0
2024-03-01 11:09:00,NARI,45.494998931884766,45.494998931884766,45.529998779296875,45.494998931884766,45.494998931884766,1011.0
2024-03-01 11:09:00,NBIX,129.9499969482422,129.9499969482422,130.3300018310547,129.9499969482422,130.2899932861328,19210.0
2024-03-01 11:09:00,NEOG,17.239999771118164,17.239999771118164,17.242000579833984,17.239999771118164,17.242000579833984,826.0
2024-03-01 11:09:00,NEXI,6.619999885559082,6.619999885559082,6.619999885559082,6.619999885559082,6.619999885559082,0.0
2024-03-01 11:09:00,NGM,1.5322999954223633,1.5322999954223633,1.5322999954223633,1.5299999713897705,1.5299999713897705,7244.0
2024-03-01 11:09:00,NKTR,0.7430999875068665,0.7430999875068665,0.7458999752998352,0.7430999875068665,0.7430999875068665,0.0
2024-03-01 11:09:00,NNOX,11.104999542236328,11.104999542236328,11.129799842834473,11.09000015258789,11.129799842834473,2254.0
2024-03-01 11:09:00,NOTV,7.769999980926514,7.769999980926514,7.804999828338623,7.769999980926514,7.804999828338623,667.0
2024-03-01 11:09:00,NRIX,13.319999694824219,13.319999694824219,13.319999694824219,13.300000190734863,13.3100004196167,293.0
2024-03-01 11:09:00,NTLA,33.525001525878906,33.525001525878906,33.529998779296875,33.525001525878906,33.529998779296875,762.0
2024-03-01 11:09:00,NTRA,89.22000122070312,89.22000122070312,89.25,89.13999938964844,89.13999938964844,3128.0
2024-03-01 11:09:00,NUVL,87.83989715576172,87.83989715576172,87.83989715576172,87.83989715576172,87.83989715576172,324.0
2024-03-01 11:09:00,NVAX,5.125,5.125,5.130000114440918,5.119999885559082,5.130000114440918,5660.0
2024-03-01 11:09:00,NVCR,16.190000534057617,16.190000534057617,16.190000534057617,16.190000534057617,16.190000534057617,481.0
2024-03-01 11:09:00,NVNO,6.46999979019165,6.46999979019165,6.474999904632568,6.46999979019165,6.474999904632568,217.0
2024-03-01 11:09:00,NXTC,1.7949999570846558,1.7949999570846558,1.7949999570846558,1.7949999570846558,1.7949999570846558,100.0
2024-03-01 11:09:00,OCGN,0.923799991607666,0.923799991607666,0.923799991607666,0.923799991607666,0.923799991607666,2052.0
2024-03-01 11:09:00,OCUL,10.359999656677246,10.359999656677246,10.385000228881836,10.359999656677246,10.385000228881836,1231.0
2024-03-01 11:09:00,OFIX,12.970000267028809,12.970000267028809,12.979999542236328,12.970000267028809,12.979999542236328,1976.0
2024-03-01 11:09:00,OGI,2.1050000190734863,2.1050000190734863,2.1050000190734863,2.1050000190734863,2.1050000190734863,43.0
2024-03-01 11:09:00,OLMA,12.979999542236328,12.979999542236328,12.984999656677246,12.979999542236328,12.979999542236328,535.0
2024-03-01 11:09:00,OMGA,4.199900150299072,4.199900150299072,4.199900150299072,4.199900150299072,4.199900150299072,3001.0
2024-03-01 11:09:00,OMIC,0.5950999855995178,0.5950999855995178,0.5950999855995178,0.5950999855995178,0.5950999855995178,1700.0
2024-03-01 11:09:00,ONCY,1.125,1.125,1.125,1.125,1.125,236.0
2024-03-01 11:10:00,ABCL,5.15500020980835,5.15500020980835,5.15500020980835,5.15500020980835,5.15500020980835,406.0
2024-03-01 11:10:00,ABOS,4.699999809265137,4.699999809265137,4.704999923706055,4.690000057220459,4.690000057220459,3881.0
2024-03-01 11:10:00,ABSI,5.110000133514404,5.110000133514404,5.114999771118164,5.099999904632568,5.110000133514404,6758.0
2024-03-01 11:10:00,ABUS,2.7699999809265137,2.7699999809265137,2.7699999809265137,2.7699999809265137,2.7699999809265137,1024.0
2024-03-01 11:10:00,ACAD,23.969999313354492,23.969999313354492,23.969999313354492,23.954999923706055,23.959999084472656,1586.0
2024-03-01 11:10:00,ACCD,10.26930046081543,10.26930046081543,10.26930046081543,10.26930046081543,10.26930046081543,504.0
2024-03-01 11:10:00,ACET,2.3949999809265137,2.3949999809265137,2.3949999809265137,2.375,2.375,3262.0
2024-03-01 11:10:00,ACLX,67.80000305175781,67.80000305175781,67.80000305175781,67.79499816894531,67.79499816894531,769.0
2024-03-01 11:10:00,ACRS,1.215000033378601,1.215000033378601,1.215000033378601,1.215000033378601,1.215000033378601,300.0
2024-03-01 11:10:00,ADAP,1.559999942779541,1.559999942779541,1.5700000524520874,1.559999942779541,1.5700000524520874,273.0
2024-03-01 11:10:00,ADIL,3.0927000045776367,3.0927000045776367,3.130000114440918,3.0799999237060547,3.0934998989105225,16103.0
2024-03-01 11:10:00,ADMA,5.34499979019165,5.34499979019165,5.34499979019165,5.34499979019165,5.34499979019165,386.0
2024-03-01 11:10:00,ADPT,4.204999923706055,4.204999923706055,4.204999923706055,4.204999923706055,4.204999923706055,425.0
2024-03-01 11:10:00,ADUS,93.20999908447266,93.20999908447266,93.20999908447266,93.20999908447266,93.20999908447266,379.0
2024-03-01 11:10:00,ADVM,1.9249999523162842,1.9249999523162842,1.9249999523162842,1.9249999523162842,1.9249999523162842,148.0
2024-03-01 11:10:00,AGEN,0.6672000288963318,0.6672000288963318,0.6672000288963318,0.6672000288963318,0.6672000288963318,2867.0
2024-03-01 11:10:00,AGIO,32.89500045776367,32.89500045776367,32.897499084472656,32.89500045776367,32.897499084472656,232.0
2024-03-01 11:10:00,AHCO,10.829999923706055,10.829999923706055,10.829999923706055,10.824999809265137,10.829999923706055,1604.0
2024-03-01 11:10:00,AIRS,6.480000019073486,6.480000019073486,6.480000019073486,6.480000019073486,6.480000019073486,200.0
2024-03-01 11:10:00,AKAN,0.24699999392032623,0.24699999392032623,0.2500999867916107,0.24699999392032623,0.2500999867916107,7940.0
2024-03-01 11:10:00,AKBA,1.6649999618530273,1.6649999618530273,1.6649999618530273,1.659999966621399,1.659999966621399,1116.0
2024-03-01 11:10:00,AKLI,0.3400000035762787,0.3400000035762787,0.3400000035762787,0.33160001039505005,0.33160001039505005,5982.0
2024-03-01 11:10:00,AKRO,29.655000686645508,29.655000686645508,29.719999313354492,29.655000686645508,29.719999313354492,1131.0
2024-03-01 11:10:00,AKYA,6.0,6.0,6.0,5.96999979019165,5.96999979019165,1399.0
2024-03-01 11:10:00,ALEC,7.480000019073486,7.480000019073486,7.480000019073486,7.480000019073486,7.480000019073486,1407.0
2024-03-01 11:10:00,ALGN,299.875,299.875,299.8800048828125,299.875,299.8800048828125,216.0
2024-03-01 11:10:00,ALGS,1.0399999618530273,1.0399999618530273,1.0499999523162842,1.0399999618530273,1.0499000549316406,9021.0
2024-03-01 11:10:00,ALHC,5.889999866485596,5.889999866485596,5.889999866485596,5.869999885559082,5.880000114440918,2276.0
2024-03-01 11:10:00,ALKS,30.197999954223633,30.197999954223633,30.197999954223633,30.174999237060547,30.174999237060547,1201.0
2024-03-01 11:10:00,ALLK,1.5850000381469727,1.5850000381469727,1.590000033378601,1.5850000381469727,1.590000033378601,700.0
2024-03-01 11:10:00,ALLO,5.014999866485596,5.014999866485596,5.014999866485596,5.010000228881836,5.010000228881836,1111.0
2024-03-01 11:10:00,ALNY,154.9600067138672,154.9600067138672,154.9600067138672,154.9600067138672,154.9600067138672,188.0
2024-03-01 11:10:00,ALPN,36.130001068115234,36.130001068115234,36.1349983215332,36.130001068115234,36.1349983215332,485.0
2024-03-01 11:10:00,ALT,12.170000076293945,12.170000076293945,12.18019962310791,12.130000114440918,12.130000114440918,8876.0
2024-03-01 11:10:00,ALVO,15.664999961853027,15.664999961853027,15.664999961853027,15.664999961853027,15.664999961853027,170.0
2024-03-01 11:10:00,AMED,93.45500183105469,93.45500183105469,93.45500183105469,93.45500183105469,93.45500183105469,384.0
2024-03-01 11:10:00,AMGN,280.69500732421875,280.69500732421875,280.7099914550781,280.5,280.5,5691.0
2024-03-01 11:10:00,AMLX,18.829999923706055,18.829999923706055,18.850000381469727,18.81999969482422,18.81999969482422,3603.0
2024-03-01 11:10:00,AMPH,45.72010040283203,45.72010040283203,45.7400016784668,45.72010040283203,45.7400016784668,271.0
2024-03-01 11:10:00,AMRN,1.0499999523162842,1.0499999523162842,1.0599000453948975,1.0499999523162842,1.0599000453948975,12395.0
2024-03-01 11:10:00,ANGO,5.489999771118164,5.489999771118164,5.489999771118164,5.489999771118164,5.489999771118164,667.0
2024-03-01 11:10:00,ANIK,24.809999465942383,24.809999465942383,24.809999465942383,24.809999465942383,24.809999465942383,0.0
2024-03-01 11:10:00,ANNX,5.949999809265137,5.949999809265137,5.960000038146973,5.940000057220459,5.949999809265137,1080.0
2024-03-01 11:10:00,APLS,64.4800033569336,64.4800033569336,64.66500091552734,64.4800033569336,64.66500091552734,7493.0
2024-03-01 11:10:00,APLT,7.079999923706055,7.079999923706055,7.090000152587891,7.074999809265137,7.074999809265137,7173.0
2024-03-01 11:10:00,AQST,4.224699974060059,4.224699974060059,4.229800224304199,4.220099925994873,4.220099925994873,1700.0
2024-03-01 11:10:00,ARAY,2.619999885559082,2.619999885559082,2.619999885559082,2.619999885559082,2.619999885559082,636.0
2024-03-01 11:10:00,ARCT,39.650001525878906,39.650001525878906,39.650001525878906,39.650001525878906,39.650001525878906,109.0
2024-03-01 11:10:00,ARDX,9.5600004196167,9.5600004196167,9.5649995803833,9.555000305175781,9.5600004196167,8208.0
2024-03-01 11:10:00,ARQT,11.130000114440918,11.130000114440918,11.140000343322754,11.104999542236328,11.104999542236328,6521.0
2024-03-01 11:10:00,ARVN,49.27000045776367,49.27000045776367,49.27000045776367,49.13999938964844,49.13999938964844,390.0
2024-03-01 11:10:00,ARWR,35.2400016784668,35.2400016784668,35.2400016784668,35.22999954223633,35.22999954223633,638.0
2024-03-01 11:10:00,ASRT,0.9160000085830688,0.9160000085830688,0.9160000085830688,0.9160000085830688,0.9160000085830688,200.0
2024-03-01 11:10:00,ATAI,2.0,2.0,2.0,2.0,2.0,2001.0
2024-03-01 11:10:00,ATEC,13.515000343322754,13.515000343322754,13.520000457763672,13.510000228881836,13.510000228881836,1086.0
2024-03-01 11:10:00,ATHA,3.999000072479248,3.999000072479248,3.999000072479248,3.999000072479248,3.999000072479248,123.0
2024-03-01 11:10:00,ATNF,3.2934000492095947,3.2934000492095947,3.2934000492095947,3.2934000492095947,3.2934000492095947,353.0
2024-03-01 11:10:00,ATOS,0.9879999756813049,0.9879999756813049,0.9879999756813049,0.9879999756813049,0.9879999756813049,146.0
2024-03-01 11:10:00,ATRC,35.93000030517578,35.93000030517578,35.939998626708984,35.88999938964844,35.88999938964844,1181.0
2024-03-01 11:10:00,ATXS,15.210000038146973,15.210000038146973,15.210000038146973,15.210000038146973,15.210000038146973,101.0
2024-03-01 11:10:00,AUTL,6.179999828338623,6.179999828338623,6.179999828338623,6.170000076293945,6.170000076293945,300.0
2024-03-01 11:10:00,AVDL,12.649999618530273,12.649999618530273,12.6899995803833,12.649999618530273,12.6899995803833,6995.0
2024-03-01 11:10:00,AVIR,4.400000095367432,4.400000095367432,4.400000095367432,4.389999866485596,4.400000095367432,16683.0
2024-03-01 11:10:00,AVTE,23.020000457763672,23.020000457763672,23.020000457763672,22.899999618530273,22.93000030517578,1191.0
2024-03-01 11:10:00,AVXL,5.369999885559082,5.369999885559082,5.369999885559082,5.369999885559082,5.369999885559082,325.0
2024-03-01 11:10:00,AXNX,67.2699966430664,67.2699966430664,67.2699966430664,67.21499633789062,67.21499633789062,1868.0
2024-03-01 11:10:00,AZN,64.69000244140625,64.69000244140625,64.71499633789062,64.67500305175781,64.67500305175781,6711.0
2024-03-01 11:10:00,BBIO,36.13999938964844,36.13999938964844,36.13999938964844,36.130001068115234,36.130001068115234,600.0
2024-03-01 11:10:00,BBLG,2.3712000846862793,2.3712000846862793,2.3712000846862793,2.359999895095825,2.359999895095825,510.0
2024-03-01 11:10:00,BCAB,2.765000104904175,2.765000104904175,2.765000104904175,2.765000104904175,2.765000104904175,330.0
2024-03-01 11:10:00,BCRX,5.855000019073486,5.855000019073486,5.855000019073486,5.8414998054504395,5.847499847412109,2287.0
2024-03-01 11:10:00,BCTX,3.5,3.5,3.5,3.5,3.5,200.0
2024-03-01 11:10:00,BDSX,1.6399999856948853,1.6399999856948853,1.6399999856948853,1.6399999856948853,1.6399999856948853,0.0
2024-03-01 11:10:00,BDTX,5.119999885559082,5.119999885559082,5.128900051116943,5.114999771118164,5.128900051116943,1393.0
2024-03-01 11:10:00,BEAM,40.31999969482422,40.31999969482422,40.35499954223633,40.290000915527344,40.35499954223633,1809.0
2024-03-01 11:10:00,BIIB,219.36740112304688,219.36740112304688,219.36740112304688,219.36740112304688,219.36740112304688,287.0
2024-03-01 11:10:00,BIOL,0.13860000669956207,0.13860000669956207,0.13860000669956207,0.13860000669956207,0.13860000669956207,195.0
2024-03-01 11:10:00,BIVI,2.194999933242798,2.194999933242798,2.200000047683716,2.174999952316284,2.199899911880493,59005.0
2024-03-01 11:10:00,BLFS,17.899999618530273,17.899999618530273,17.899999618530273,17.899999618530273,17.899999618530273,171.0
2024-03-01 11:10:00,BLRX,1.3871999979019165,1.3871999979019165,1.3871999979019165,1.3871999979019165,1.3871999979019165,1025.0
2024-03-01 11:10:00,BLUE,1.5850000381469727,1.5850000381469727,1.590000033378601,1.5801000595092773,1.5885000228881836,29527.0
2024-03-01 11:10:00,BMEA,17.68000030517578,17.68000030517578,17.735000610351562,17.65999984741211,17.735000610351562,2623.0
2024-03-01 11:10:00,BMRN,86.76000213623047,86.76000213623047,86.76000213623047,86.7249984741211,86.7249984741211,506.0
2024-03-01 11:10:00,BNGO,1.2549999952316284,1.2549999952316284,1.2549999952316284,1.2549999952316284,1.2549999952316284,162.0
2024-03-01 11:10:00,BNR,0.8600999712944031,0.8600999712944031,0.8600999712944031,0.8600999712944031,0.8600999712944031,200.0
2024-03-01 11:10:00,BNTX,91.91000366210938,91.91000366210938,91.91000366210938,91.91000366210938,91.91000366210938,384.0
2024-03-01 11:10:00,BPMC,96.81999969482422,96.81999969482422,96.81999969482422,96.43000030517578,96.44999694824219,2207.0
2024-03-01 11:10:00,BRKR,88.08999633789062,88.08999633789062,88.08999633789062,88.08999633789062,88.08999633789062,221.0
2024-03-01 11:10:00,BTAI,3.2298998832702637,3.2298998832702637,3.2298998832702637,3.2298998832702637,3.2298998832702637,316.0
2024-03-01 11:10:00,CABA,24.020000457763672,24.020000457763672,24.020000457763672,24.020000457763672,24.020000457763672,616.0
2024-03-01 11:10:00,CAPR,4.590000152587891,4.590000152587891,4.590000152587891,4.590000152587891,4.590000152587891,100.0
2024-03-01 11:10:00,CARA,0.9314000010490417,0.9314000010490417,0.9399999976158142,0.9228000044822693,0.9399999976158142,1441.0
2024-03-01 11:10:00,CBAY,32.2400016784668,32.2400016784668,32.2400016784668,32.230098724365234,32.23500061035156,1877.0
2024-03-01 11:10:00,CCCC,11.005000114440918,11.005000114440918,11.024999618530273,10.99120044708252,11.010000228881836,5301.0
2024-03-01 11:10:00,CCRN,18.239999771118164,18.239999771118164,18.239999771118164,18.190000534057617,18.190000534057617,618.0
2024-03-01 11:10:00,CDMO,8.119999885559082,8.119999885559082,8.119999885559082,8.079999923706055,8.079999923706055,4938.0
2024-03-01 11:10:00,CDNA,12.279999732971191,12.279999732971191,12.369999885559082,12.279999732971191,12.329999923706055,2359.0
2024-03-01 11:10:00,CDXC,1.6374000310897827,1.6374000310897827,1.6374000310897827,1.6374000310897827,1.6374000310897827,200.0
2024-03-01 11:10:00,CDXS,4.545000076293945,4.545000076293945,4.545000076293945,4.545000076293945,4.545000076293945,1000.0
2024-03-01 11:10:00,CERE,41.275001525878906,41.275001525878906,41.279998779296875,41.2599983215332,41.2599983215332,0.0
2024-03-01 11:10:00,CERS,2.2049999237060547,2.2049999237060547,2.2049999237060547,2.2049999237060547,2.2049999237060547,1200.0
2024-03-01 11:10:00,CERT,17.700000762939453,17.700000762939453,17.709999084472656,17.670000076293945,17.670000076293945,837.0
2024-03-01 11:10:00,CGC,3.2699999809265137,3.2699999809265137,3.2750000953674316,3.26990008354187,3.2699999809265137,2198.0
2024-03-01 11:10:00,CGEM,18.770000457763672,18.770000457763672,18.770000457763672,18.770000457763672,18.770000457763672,450.0
2024-03-01 11:10:00,CGEN,2.690000057220459,2.690000057220459,2.690000057220459,2.689500093460083,2.689500093460083,947.0
2024-03-01 11:10:00,CHRS,2.325000047683716,2.325000047683716,2.325000047683716,2.325000047683716,2.325000047683716,874.0
2024-03-01 11:10:00,CLDX,52.099998474121094,52.099998474121094,52.099998474121094,52.04999923706055,52.095001220703125,782.0
2024-03-01 11:10:00,CLNN,0.39500001072883606,0.39500001072883606,0.39500001072883606,0.39500001072883606,0.39500001072883606,595.0
2024-03-01 11:10:00,CLOV,0.8654000163078308,0.8654000163078308,0.8658000230789185,0.8654000163078308,0.8657000064849854,24831.0
2024-03-01 11:10:00,CLRB,4.105000019073486,4.105000019073486,4.105000019073486,4.105000019073486,4.105000019073486,150.0
2024-03-01 11:10:00,CMPS,10.973699569702148,10.973699569702148,10.973699569702148,10.930000305175781,10.930000305175781,1044.0
2024-03-01 11:10:00,COGT,7.204999923706055,7.204999923706055,7.210000038146973,7.190000057220459,7.190000057220459,4485.0
2024-03-01 11:10:00,COLL,37.0,37.0,37.040000915527344,37.0,37.029998779296875,2135.0
2024-03-01 11:10:00,CORT,23.895000457763672,23.895000457763672,23.909900665283203,23.895000457763672,23.895000457763672,390.0
2024-03-01 11:10:00,CPRX,17.364999771118164,17.364999771118164,17.3799991607666,17.354999542236328,17.3799991607666,2633.0
2024-03-01 11:10:00,CPSI,9.649999618530273,9.649999618530273,9.670000076293945,9.59000015258789,9.59000015258789,1741.0
2024-03-01 11:10:00,CRBP,31.5,31.5,31.5,31.5,31.5,802.0
2024-03-01 11:10:00,CRBU,8.119999885559082,8.119999885559082,8.125,8.100000381469727,8.100000381469727,7051.0
2024-03-01 11:10:00,CRDF,2.642199993133545,2.642199993133545,2.6500000953674316,2.590100049972534,2.6194000244140625,168672.0
2024-03-01 11:10:00,CRDL,1.9600000381469727,1.9600000381469727,1.9600000381469727,1.9600000381469727,1.9600000381469727,131.0
2024-03-01 11:10:00,CRMD,3.690000057220459,3.690000057220459,3.690000057220459,3.690000057220459,3.690000057220459,205.0
2024-03-01 11:10:00,CRNX,45.7400016784668,45.7400016784668,45.76499938964844,45.68000030517578,45.744998931884766,1247.0
2024-03-01 11:10:00,CRON,2.055000066757202,2.055000066757202,2.059999942779541,2.049999952316284,2.049999952316284,17354.0
2024-03-01 11:10:00,CRSP,85.86000061035156,85.86000061035156,85.91000366210938,85.73999786376953,85.80500030517578,1514.0
2024-03-01 11:10:00,CRVS,2.2100000381469727,2.2100000381469727,2.2200000286102295,2.2100000381469727,2.2137999534606934,2334.0
2024-03-01 11:10:00,CSTL,20.040000915527344,20.040000915527344,20.040000915527344,20.040000915527344,20.040000915527344,331.0
2024-03-01 11:10:00,CTKB,8.399999618530273,8.399999618530273,8.399999618530273,8.329999923706055,8.329999923706055,1960.0
2024-03-01 11:10:00,CTMX,2.509999990463257,2.509999990463257,2.509999990463257,2.509999990463257,2.509999990463257,125722.0
2024-03-01 11:10:00,CUE,2.184999942779541,2.184999942779541,2.184999942779541,2.184999942779541,2.184999942779541,2.0
2024-03-01 11:10:00,CUTR,2.319999933242798,2.319999933242798,2.3299999237060547,2.319999933242798,2.3299999237060547,1520.0
2024-03-01 11:10:00,CYTK,74.69000244140625,74.69000244140625,74.69999694824219,74.66000366210938,74.66000366210938,444.0
2024-03-01 11:10:00,CYTO,2.119999885559082,2.119999885559082,2.140000104904175,2.119999885559082,2.140000104904175,2300.0
2024-03-01 11:10:00,DARE,0.5523999929428101,0.5523999929428101,0.5600000023841858,0.5523999929428101,0.5600000023841858,11169.0
2024-03-01 11:10:00,DAWN,17.479999542236328,17.479999542236328,17.489999771118164,17.450000762939453,17.469999313354492,654.0
2024-03-01 11:10:00,DCGO,4.119999885559082,4.119999885559082,4.119999885559082,4.119999885559082,4.119999885559082,258.0
2024-03-01 11:10:00,DCPH,17.05500030517578,17.05500030517578,17.05500030517578,17.03499984741211,17.045000076293945,598.0
2024-03-01 11:10:00,DH,9.069999694824219,9.069999694824219,9.069999694824219,9.0600004196167,9.0600004196167,1229.0
2024-03-01 11:10:00,DMTK,0.8557000160217285,0.8557000160217285,0.8600000143051147,0.8557000160217285,0.8578000068664551,1396.0
2024-03-01 11:10:00,DNLI,20.80590057373047,20.80590057373047,20.80590057373047,20.80590057373047,20.80590057373047,227.0
2024-03-01 11:10:00,DRIO,2.005000114440918,2.005000114440918,2.005000114440918,2.005000114440918,2.005000114440918,277.0
2024-03-01 11:10:00,DRUG,1.8250000476837158,1.8250000476837158,1.8250000476837158,1.8250000476837158,1.8250000476837158,220.0
2024-03-01 11:10:00,DSGN,2.9000000953674316,2.9000000953674316,2.9000000953674316,2.9000000953674316,2.9000000953674316,385.0
2024-03-01 11:10:00,DVAX,12.835000038146973,12.835000038146973,12.84000015258789,12.824999809265137,12.824999809265137,3186.0
2024-03-01 11:10:00,DXCM,118.94999694824219,118.94999694824219,118.98999786376953,118.88999938964844,118.97000122070312,11889.0
2024-03-01 11:10:00,DYN,29.009899139404297,29.009899139404297,29.009899139404297,28.899999618530273,28.959999084472656,2590.0
2024-03-01 11:10:00,EDIT,11.050000190734863,11.050000190734863,11.055000305175781,11.045000076293945,11.055000305175781,2826.0
2024-03-01 11:10:00,EGRX,6.53000020980835,6.53000020980835,6.539999961853027,6.53000020980835,6.53000020980835,500.0
2024-03-01 11:10:00,ELEV,4.969900131225586,4.969900131225586,4.96999979019165,4.969900131225586,4.96999979019165,4902.0
2024-03-01 11:10:00,ENSC,0.947700023651123,0.947700023651123,0.949999988079071,0.9451000094413757,0.949999988079071,0.0
2024-03-01 11:10:00,ENSG,124.27999877929688,124.27999877929688,124.29000091552734,124.19999694824219,124.19999694824219,1245.0
2024-03-01 11:10:00,ENTA,15.130000114440918,15.130000114440918,15.130000114440918,15.130000114440918,15.130000114440918,124.0
2024-03-01 11:10:00,ENVB,1.6899000406265259,1.6899000406265259,1.690000057220459,1.6799999475479126,1.690000057220459,19023.0
2024-03-01 11:10:00,EOLS,14.635000228881836,14.635000228881836,14.635000228881836,14.609999656677246,14.609999656677246,1722.0
2024-03-01 11:10:00,ESPR,2.484999895095825,2.484999895095825,2.484999895095825,2.480299949645996,2.484999895095825,30979.0
2024-03-01 11:10:00,ETNB,12.890000343322754,12.890000343322754,12.890000343322754,12.859999656677246,12.859999656677246,1080.0
2024-03-01 11:10:00,ETON,4.429999828338623,4.429999828338623,4.429999828338623,4.429999828338623,4.429999828338623,4077.0
2024-03-01 11:10:00,EWTX,16.985000610351562,16.985000610351562,16.989999771118164,16.985000610351562,16.989999771118164,387.0
2024-03-01 11:10:00,EXAS,60.119998931884766,60.119998931884766,60.13999938964844,59.970001220703125,59.970001220703125,12185.0
2024-03-01 11:10:00,EXEL,22.489999771118164,22.489999771118164,22.489999771118164,22.479999542236328,22.479999542236328,1573.0
2024-03-01 11:10:00,EYEN,2.2274999618530273,2.2274999618530273,2.2300000190734863,2.2249999046325684,2.2249999046325684,1275.0
2024-03-01 11:10:00,EYPT,28.084999084472656,28.084999084472656,28.084999084472656,27.979999542236328,28.0,4059.0
2024-03-01 11:10:00,FATE,7.489999771118164,7.489999771118164,7.489999771118164,7.470200061798096,7.474999904632568,8781.0
2024-03-01 11:10:00,FBIO,2.25,2.25,2.25,2.2499001026153564,2.25,4972.0
2024-03-01 11:10:00,FGEN,1.7649999856948853,1.7649999856948853,1.7662999629974365,1.7649999856948853,1.7649999856948853,1589.0
2024-03-01 11:10:00,FLGT,23.200000762939453,23.200000762939453,23.219999313354492,23.190000534057617,23.190000534057617,575.0
2024-03-01 11:10:00,FOLD,13.5,13.5,13.5,13.489999771118164,13.489999771118164,1761.0
2024-03-01 11:10:00,FULC,10.71500015258789,10.71500015258789,10.71500015258789,10.71500015258789,10.71500015258789,382.0
2024-03-01 11:10:00,FUSN,12.100000381469727,12.100000381469727,12.130000114440918,12.100000381469727,12.100000381469727,466.0
2024-03-01 11:10:00,FWBI,8.0,8.0,8.0,8.0,8.0,134.0
2024-03-01 11:10:00,GCTK,0.296999990940094,0.296999990940094,0.296999990940094,0.296999990940094,0.296999990940094,120.0
2024-03-01 11:10:00,GDRX,8.25,8.25,8.25,8.244999885559082,8.249199867248535,1537.0
2024-03-01 11:10:00,GERN,2.130000114440918,2.130000114440918,2.140000104904175,2.130000114440918,2.140000104904175,2422.0
2024-03-01 11:10:00,GH,19.299999237060547,19.299999237060547,19.299999237060547,19.219999313354492,19.219999313354492,1437.0
2024-03-01 11:10:00,GILD,72.40750122070312,72.40750122070312,72.41000366210938,72.37000274658203,72.38999938964844,10501.0
2024-03-01 11:10:00,GLPG,35.119998931884766,35.119998931884766,35.119998931884766,35.119998931884766,35.119998931884766,471.0
2024-03-01 11:10:00,GLSI,12.154999732971191,12.154999732971191,12.15999984741211,12.154999732971191,12.15999984741211,1362.0
2024-03-01 11:10:00,GLYC,3.0,3.0,3.0,2.9800000190734863,2.9800000190734863,216.0
2024-03-01 11:10:00,GMAB,29.40999984741211,29.40999984741211,29.40999984741211,29.40999984741211,29.40999984741211,469.0
2024-03-01 11:10:00,GOSS,1.3600000143051147,1.3600000143051147,1.3600000143051147,1.3600000143051147,1.3600000143051147,400.0
2024-03-01 11:10:00,GRFS,7.005000114440918,7.005000114440918,7.005000114440918,7.0,7.005000114440918,2778.0
2024-03-01 11:10:00,GRTS,2.244999885559082,2.244999885559082,2.2699999809265137,2.244999885559082,2.265000104904175,9993.0
2024-03-01 11:10:00,GRTX,0.2320999950170517,0.2320999950170517,0.2320999950170517,0.2320999950170517,0.2320999950170517,100.0
2024-03-01 11:10:00,GTHX,3.4800000190734863,3.4800000190734863,3.4800000190734863,3.4800000190734863,3.4800000190734863,203.0
2024-03-01 11:10:00,HALO,41.33000183105469,41.33000183105469,41.33000183105469,41.27000045776367,41.27000045776367,1130.0
2024-03-01 11:10:00,HARP,22.93000030517578,22.93000030517578,22.93000030517578,22.93000030517578,22.93000030517578,239.0
2024-03-01 11:10:00,HCAT,7.929999828338623,7.929999828338623,7.929999828338623,7.920000076293945,7.920000076293945,1640.0
2024-03-01 11:10:00,HQY,81.9000015258789,81.9000015258789,81.9000015258789,81.9000015258789,81.9000015258789,378.0
2024-03-01 11:10:00,HRMY,31.459999084472656,31.459999084472656,31.459999084472656,31.459999084472656,31.459999084472656,1902.0
2024-03-01 11:10:00,HSIC,76.97000122070312,76.97000122070312,76.98999786376953,76.93000030517578,76.95999908447266,2423.0
2024-03-01 11:10:00,HUMA,3.2049999237060547,3.2049999237060547,3.2093000411987305,3.194999933242798,3.194999933242798,7536.0
2024-03-01 11:10:00,IART,36.849998474121094,36.849998474121094,36.869998931884766,36.849998474121094,36.869998931884766,201.0
2024-03-01 11:10:00,IBRX,4.840000152587891,4.840000152587891,4.840000152587891,4.840000152587891,4.840000152587891,284.0
2024-03-01 11:10:00,ICAD,1.899999976158142,1.899999976158142,1.899999976158142,1.8899999856948853,1.8899999856948853,1030.0
2024-03-01 11:10:00,ICCC,5.260000228881836,5.260000228881836,5.260000228881836,5.239999771118164,5.239999771118164,248.0
2024-03-01 11:10:00,ICUI,106.91999816894531,106.91999816894531,106.91999816894531,106.91999816894531,106.91999816894531,602.0
2024-03-01 11:10:00,IDYA,46.279998779296875,46.279998779296875,46.279998779296875,46.209999084472656,46.220001220703125,403.0
2024-03-01 11:10:00,IFRX,1.820099949836731,1.820099949836731,1.820099949836731,1.820099949836731,1.820099949836731,0.0
2024-03-01 11:10:00,IINN,1.6299999952316284,1.6299999952316284,1.6299999952316284,1.6299999952316284,1.6299999952316284,483.0
2024-03-01 11:10:00,ILMN,141.72000122070312,141.72000122070312,141.72000122070312,141.72000122070312,141.72000122070312,417.0
2024-03-01 11:10:00,IMCR,68.22000122070312,68.22000122070312,68.22000122070312,68.16999816894531,68.16999816894531,3140.0
2024-03-01 11:10:00,IMMX,3.5399999618530273,3.5399999618530273,3.5399999618530273,3.5399999618530273,3.5399999618530273,100.0
2024-03-01 11:10:00,IMNM,25.274999618530273,25.274999618530273,25.274999618530273,25.274999618530273,25.274999618530273,303.0
2024-03-01 11:10:00,IMNN,1.1200000047683716,1.1200000047683716,1.1200000047683716,1.1200000047683716,1.1200000047683716,2140.0
2024-03-01 11:10:00,IMTX,13.069999694824219,13.069999694824219,13.069999694824219,13.069999694824219,13.069999694824219,699.0
2024-03-01 11:10:00,IMVT,36.209999084472656,36.209999084472656,36.209999084472656,36.209999084472656,36.209999084472656,300.0
2024-03-01 11:10:00,INCY,59.380001068115234,59.380001068115234,59.38999938964844,59.31999969482422,59.31999969482422,3286.0
2024-03-01 11:10:00,INGN,6.809999942779541,6.809999942779541,6.820000171661377,6.809999942779541,6.820000171661377,330.0
2024-03-01 11:10:00,INMD,22.90999984741211,22.90999984741211,22.920000076293945,22.899999618530273,22.900800704956055,2497.0
2024-03-01 11:10:00,INSM,28.299999237060547,28.299999237060547,28.309999465942383,28.299999237060547,28.30500030517578,709.0
2024-03-01 11:10:00,INVA,15.675000190734863,15.675000190734863,15.675000190734863,15.670000076293945,15.670000076293945,515.0
2024-03-01 11:10:00,INZY,6.480000019073486,6.480000019073486,6.480000019073486,6.480000019073486,6.480000019073486,348.0
2024-03-01 11:10:00,IOBT,1.7699999809265137,1.7699999809265137,1.7699999809265137,1.75,1.7697999477386475,6821.0
2024-03-01 11:10:00,IONS,45.900001525878906,45.900001525878906,45.900001525878906,45.84000015258789,45.84000015258789,1505.0
2024-03-01 11:10:00,IOVA,16.479999542236328,16.479999542236328,16.479999542236328,16.424999237060547,16.439899444580078,14295.0
2024-03-01 11:10:00,IPSC,3.799999952316284,3.799999952316284,3.809999942779541,3.799999952316284,3.809999942779541,537.0
2024-03-01 11:10:00,IRTC,120.38999938964844,120.38999938964844,120.38999938964844,120.37000274658203,120.37000274658203,424.0
2024-03-01 11:10:00,IRWD,8.98009967803955,8.98009967803955,9.0,8.98009967803955,8.984999656677246,11634.0
2024-03-01 11:10:00,ISRG,392.885009765625,392.885009765625,392.885009765625,392.3800048828125,392.3800048828125,2721.0
2024-03-01 11:10:00,ITCI,71.05999755859375,71.05999755859375,71.1449966430664,71.0250015258789,71.1449966430664,3197.0
2024-03-01 11:10:00,ITOS,10.751199722290039,10.751199722290039,10.751199722290039,10.751199722290039,10.751199722290039,218.0
2024-03-01 11:10:00,IXHL,5.28000020980835,5.28000020980835,5.28000020980835,5.28000020980835,5.28000020980835,192.0
2024-03-01 11:10:00,JAGX,0.08330000191926956,0.08330000191926956,0.08330000191926956,0.08129999786615372,0.08190000057220459,215371.0
2024-03-01 11:10:00,JANX,46.4900016784668,46.4900016784668,46.4900016784668,46.489898681640625,46.489898681640625,949.0
2024-03-01 11:10:00,JAZZ,120.56999969482422,120.56999969482422,120.58000183105469,120.4800033569336,120.54630279541016,892.0
2024-03-01 11:10:00,KALV,14.029999732971191,14.029999732971191,14.029999732971191,14.0,14.0,1211.0
2024-03-01 11:10:00,KIDS,27.155000686645508,27.155000686645508,27.155000686645508,27.155000686645508,27.155000686645508,315.0
2024-03-01 11:10:00,KNSA,21.90999984741211,21.90999984741211,21.90999984741211,21.90999984741211,21.90999984741211,58.0
2024-03-01 11:10:00,KOD,6.139999866485596,6.139999866485596,6.139999866485596,6.139999866485596,6.139999866485596,399.0
2024-03-01 11:10:00,KPTI,1.2549999952316284,1.2549999952316284,1.2549999952316284,1.25,1.2549999952316284,100.0
2024-03-01 11:10:00,KROS,69.0,69.0,69.0,69.0,69.0,357.0
2024-03-01 11:10:00,KTRA,0.10090000182390213,0.10090000182390213,0.10090000182390213,0.10090000182390213,0.10090000182390213,431.0
2024-03-01 11:10:00,KURA,21.329999923706055,21.329999923706055,21.329999923706055,21.329999923706055,21.329999923706055,395.0
2024-03-01 11:10:00,KYMR,43.95000076293945,43.95000076293945,43.95000076293945,43.939998626708984,43.939998626708984,591.0
2024-03-01 11:10:00,KZR,1.1200000047683716,1.1200000047683716,1.1200000047683716,1.1100000143051147,1.1100000143051147,539.0
2024-03-01 11:10:00,LAB,2.375,2.375,2.375,2.371000051498413,2.375,1712.0
2024-03-01 11:10:00,LBPH,21.440000534057617,21.440000534057617,21.440000534057617,21.340099334716797,21.40999984741211,2266.0
2024-03-01 11:10:00,LEGN,66.0,66.0,66.0,65.91999816894531,65.91999816894531,523.0
2024-03-01 11:10:00,LFMD,7.954999923706055,7.954999923706055,7.954999923706055,7.954999923706055,7.954999923706055,170.0
2024-03-01 11:10:00,LFST,7.994999885559082,7.994999885559082,8.005000114440918,7.994999885559082,7.994999885559082,8160.0
2024-03-01 11:10:00,LIAN,4.860000133514404,4.860000133514404,4.860000133514404,4.860000133514404,4.860000133514404,0.0
2024-03-01 11:10:00,LIVN,55.11000061035156,55.11000061035156,55.14500045776367,55.099998474121094,55.099998474121094,821.0
2024-03-01 11:10:00,LMAT,67.20999908447266,67.20999908447266,67.20999908447266,67.13999938964844,67.13999938964844,2208.0
2024-03-01 11:10:00,LNTH,65.61000061035156,65.61000061035156,65.66000366210938,65.6050033569336,65.6500015258789,2726.0
2024-03-01 11:10:00,LQDA,14.40999984741211,14.40999984741211,14.40999984741211,14.399999618530273,14.399999618530273,1290.0
2024-03-01 11:10:00,LRMR,11.045000076293945,11.045000076293945,11.119999885559082,11.039999961853027,11.109999656677246,1808.0
2024-03-01 11:10:00,LVTX,3.0237998962402344,3.0237998962402344,3.0237998962402344,3.0237998962402344,3.0237998962402344,172.0
2024-03-01 11:10:00,LXRX,2.4149999618530273,2.4149999618530273,2.4149999618530273,2.4075000286102295,2.4075000286102295,1162.0
2024-03-01 11:10:00,LYEL,3.1500000953674316,3.1500000953674316,3.1500000953674316,3.1500000953674316,3.1500000953674316,1350.0
2024-03-01 11:10:00,LYRA,5.590000152587891,5.590000152587891,5.590000152587891,5.510000228881836,5.510000228881836,24849.0
2024-03-01 11:10:00,MACK,14.739999771118164,14.739999771118164,14.739999771118164,14.739999771118164,14.739999771118164,670.0
2024-03-01 11:10:00,MASI,126.9000015258789,126.9000015258789,126.9000015258789,126.9000015258789,126.9000015258789,349.0
2024-03-01 11:10:00,MCRB,1.1799999475479126,1.1799999475479126,1.1799999475479126,1.1799999475479126,1.1799999475479126,200.0
2024-03-01 11:10:00,MDGL,240.38999938964844,240.38999938964844,240.38999938964844,240.36000061035156,240.36000061035156,429.0
2024-03-01 11:10:00,MDRX,5.849999904632568,5.849999904632568,6.0,5.849999904632568,5.900000095367432,29768.0
2024-03-01 11:10:00,MDXG,8.630000114440918,8.630000114440918,8.654999732971191,8.630000114440918,8.654999732971191,5536.0
2024-03-01 11:10:00,ME,0.5835000276565552,0.5835000276565552,0.5835000276565552,0.5831999778747559,0.5835000276565552,7404.0
2024-03-01 11:10:00,MGNX,19.350000381469727,19.350000381469727,19.350000381469727,19.329999923706055,19.329999923706055,475.0
2024-03-01 11:10:00,MIRM,29.950000762939453,29.950000762939453,29.950000762939453,29.93000030517578,29.940000534057617,1320.0
2024-03-01 11:10:00,MLTX,51.689998626708984,51.689998626708984,51.689998626708984,51.404998779296875,51.404998779296875,1281.0
2024-03-01 11:10:00,MNKD,4.605000019073486,4.605000019073486,4.605000019073486,4.599999904632568,4.599999904632568,6791.0
2024-03-01 11:10:00,MNMD,5.9191999435424805,5.9191999435424805,5.920000076293945,5.9191999435424805,5.920000076293945,708.0
2024-03-01 11:10:00,MNOV,1.3595000505447388,1.3595000505447388,1.3595000505447388,1.3595000505447388,1.3595000505447388,4130.0
2024-03-01 11:10:00,MODD,1.9199999570846558,1.9199999570846558,1.9199999570846558,1.9199999570846558,1.9199999570846558,186.0
2024-03-01 11:10:00,MODV,27.94499969482422,27.94499969482422,27.94499969482422,27.94499969482422,27.94499969482422,384.0
2024-03-01 11:10:00,MOR,17.610000610351562,17.610000610351562,17.610000610351562,17.604999542236328,17.604999542236328,211.0
2024-03-01 11:10:00,MREO,3.799999952316284,3.799999952316284,3.805000066757202,3.7950000762939453,3.797600030899048,3114.0
2024-03-01 11:10:00,MRNA,95.61000061035156,95.61000061035156,95.64240264892578,95.48639678955078,95.5,14292.0
2024-03-01 11:10:00,MRNS,9.789999961853027,9.789999961853027,9.789999961853027,9.789999961853027,9.789999961853027,100.0
2024-03-01 11:10:00,MRSN,5.820000171661377,5.820000171661377,5.849999904632568,5.820000171661377,5.840000152587891,2704.0
2024-03-01 11:10:00,MRUS,50.25,50.25,50.307498931884766,50.16999816894531,50.16999816894531,1885.0
2024-03-01 11:10:00,MRVI,7.849999904632568,7.849999904632568,7.849999904632568,7.84499979019165,7.84499979019165,1578.0
2024-03-01 11:10:00,MXCT,4.744999885559082,4.744999885559082,4.744999885559082,4.740099906921387,4.744999885559082,422.0
2024-03-01 11:10:00,MYGN,21.6200008392334,21.6200008392334,21.655000686645508,21.6200008392334,21.6299991607666,938.0
2024-03-01 11:10:00,NARI,45.54999923706055,45.54999923706055,45.54999923706055,45.494998931884766,45.494998931884766,3036.0
2024-03-01 11:10:00,NBIX,130.14999389648438,130.14999389648438,130.32000732421875,129.97000122070312,130.02000427246094,18599.0
2024-03-01 11:10:00,NEO,16.100000381469727,16.100000381469727,16.100000381469727,16.09480094909668,16.09480094909668,310.0
2024-03-01 11:10:00,NEOG,17.264999389648438,17.264999389648438,17.264999389648438,17.239999771118164,17.239999771118164,1220.0
2024-03-01 11:10:00,NERV,2.509999990463257,2.509999990463257,2.5299999713897705,2.509999990463257,2.5299999713897705,424.0
2024-03-01 11:10:00,NGM,1.5299999713897705,1.5299999713897705,1.5299999713897705,1.5299999713897705,1.5299999713897705,200.0
2024-03-01 11:10:00,NKTR,0.7402999997138977,0.7402999997138977,0.7430999875068665,0.7401999831199646,0.7430999875068665,21428.0
2024-03-01 11:10:00,NNOX,11.085000038146973,11.085000038146973,11.10990047454834,11.081199645996094,11.100099563598633,11586.0
2024-03-01 11:10:00,NOTV,7.78000020980835,7.78000020980835,7.78000020980835,7.77400016784668,7.77400016784668,1603.0
2024-03-01 11:10:00,NRIX,13.300000190734863,13.300000190734863,13.300000190734863,13.300000190734863,13.300000190734863,1545.0
2024-03-01 11:10:00,NRSN,1.9912999868392944,1.9912999868392944,1.9912999868392944,1.9912999868392944,1.9912999868392944,303.0
2024-03-01 11:10:00,NTLA,33.5,33.5,33.52989959716797,33.470001220703125,33.525001525878906,1697.0
2024-03-01 11:10:00,NTRA,89.55999755859375,89.55999755859375,89.55999755859375,89.22000122070312,89.22000122070312,6450.0
2024-03-01 11:10:00,NUTX,0.11400000005960464,0.11400000005960464,0.11460000276565552,0.11400000005960464,0.11460000276565552,1302.0
2024-03-01 11:10:00,NVAX,5.139999866485596,5.139999866485596,5.139999866485596,5.121200084686279,5.130000114440918,7917.0
2024-03-01 11:10:00,NVCR,16.184999465942383,16.184999465942383,16.184999465942383,16.18000030517578,16.18000030517578,203.0
2024-03-01 11:10:00,NXTC,1.7949999570846558,1.7949999570846558,1.7949999570846558,1.7949999570846558,1.7949999570846558,100.0
2024-03-01 11:10:00,OCGN,0.9264000058174133,0.9264000058174133,0.9290000200271606,0.9236999750137329,0.9236999750137329,9704.0
2024-03-01 11:10:00,OCUL,10.399999618530273,10.399999618530273,10.399999618530273,10.364999771118164,10.364999771118164,1505.0
2024-03-01 11:10:00,OCUP,2.509999990463257,2.509999990463257,2.509999990463257,2.5,2.5,300.0
2024-03-01 11:10:00,OFIX,13.0,13.0,13.0,12.989999771118164,12.989999771118164,737.0
2024-03-01 11:10:00,OLK,22.649999618530273,22.649999618530273,22.65999984741211,22.649999618530273,22.65999984741211,1703.0
2024-03-01 11:10:00,OLMA,13.015000343322754,13.015000343322754,13.015000343322754,13.015000343322754,13.015000343322754,200.0
2024-03-01 11:10:00,OM,3.140000104904175,3.140000104904175,3.140000104904175,3.140000104904175,3.140000104904175,737.0
2024-03-01 11:10:00,OMCL,26.469999313354492,26.469999313354492,26.469999313354492,26.450000762939453,26.459999084472656,1144.0
2024-03-01 11:10:00,OMER,4.769999980926514,4.769999980926514,4.769999980926514,4.75,4.75,686.0
2024-03-01 11:10:00,OMIC,0.5950999855995178,0.5950999855995178,0.5950999855995178,0.5950999855995178,0.5950999855995178,0.0
2024-03-01 11:11:00,ABCL,5.159999847412109,5.159999847412109,5.159999847412109,5.159999847412109,5.159999847412109,764.0
2024-03-01 11:11:00,ABOS,4.699999809265137,4.699999809265137,4.699999809265137,4.699999809265137,4.699999809265137,501.0
2024-03-01 11:11:00,ABSI,5.125,5.125,5.130000114440918,5.105000019073486,5.105000019073486,4240.0
2024-03-01 11:11:00,ABUS,2.76990008354187,2.76990008354187,2.76990008354187,2.76990008354187,2.76990008354187,200.0
2024-03-01 11:11:00,ACAD,23.959999084472656,23.959999084472656,23.96500015258789,23.95009994506836,23.96500015258789,2007.0
2024-03-01 11:11:00,ACB,3.1010000705718994,3.1010000705718994,3.109999895095825,3.1010000705718994,3.109999895095825,2162.0
2024-03-01 11:11:00,ACCD,10.279999732971191,10.279999732971191,10.289999961853027,10.279999732971191,10.289999961853027,1358.0
2024-03-01 11:11:00,ACET,2.3949999809265137,2.3949999809265137,2.3949999809265137,2.390000104904175,2.3949999809265137,6098.0
2024-03-01 11:11:00,ACHV,4.2399001121521,4.2399001121521,4.2399001121521,4.2399001121521,4.2399001121521,1000.0
2024-03-01 11:11:00,ADIL,3.0199999809265137,3.0199999809265137,3.109999895095825,3.0199999809265137,3.0899999141693115,61679.0
2024-03-01 11:11:00,ADMA,5.34499979019165,5.34499979019165,5.349699974060059,5.340000152587891,5.349699974060059,2726.0
2024-03-01 11:11:00,ADPT,4.204999923706055,4.204999923706055,4.204999923706055,4.204999923706055,4.204999923706055,576.0
2024-03-01 11:11:00,ADVM,1.9299999475479126,1.9299999475479126,1.940000057220459,1.9299999475479126,1.9299999475479126,504.0
2024-03-01 11:11:00,AFIB,0.20880000293254852,0.20880000293254852,0.20880000293254852,0.20880000293254852,0.20880000293254852,580.0
2024-03-01 11:11:00,AGEN,0.6671000123023987,0.6671000123023987,0.6672000288963318,0.6669999957084656,0.6672000288963318,32419.0
2024-03-01 11:11:00,AGIO,32.86000061035156,32.86000061035156,32.87099838256836,32.86000061035156,32.87099838256836,622.0
2024-03-01 11:11:00,AHCO,10.829999923706055,10.829999923706055,10.829999923706055,10.829999923706055,10.829999923706055,1616.0
2024-03-01 11:11:00,AKAN,0.2361000031232834,0.2361000031232834,0.24500000476837158,0.23510000109672546,0.24500000476837158,30492.0
2024-03-01 11:11:00,AKBA,1.6649999618530273,1.6649999618530273,1.6649999618530273,1.6649999618530273,1.6649999618530273,216.0
2024-03-01 11:11:00,AKLI,0.33160001039505005,0.33160001039505005,0.3398999869823456,0.33160001039505005,0.3398999869823456,620.0
2024-03-01 11:11:00,AKRO,29.719999313354492,29.719999313354492,29.719999313354492,29.68000030517578,29.68000030517578,1021.0
2024-03-01 11:11:00,ALGN,299.875,299.875,299.885009765625,299.875,299.885009765625,921.0
2024-03-01 11:11:00,ALGS,1.0499999523162842,1.0499999523162842,1.0499999523162842,1.0399999618530273,1.0399999618530273,0.0
2024-03-01 11:11:00,ALHC,5.880099773406982,5.880099773406982,5.880099773406982,5.880099773406982,5.880099773406982,3989.0
2024-03-01 11:11:00,ALKS,30.219999313354492,30.219999313354492,30.225000381469727,30.209999084472656,30.209999084472656,971.0
2024-03-01 11:11:00,ALLK,1.600000023841858,1.600000023841858,1.600000023841858,1.5850000381469727,1.5850000381469727,2400.0
2024-03-01 11:11:00,ALLO,5.010000228881836,5.010000228881836,5.010000228881836,5.010000228881836,5.010000228881836,1197.0
2024-03-01 11:11:00,ALNY,154.67750549316406,154.67750549316406,154.9499969482422,154.67750549316406,154.7949981689453,612.0
2024-03-01 11:11:00,ALPN,36.155601501464844,36.155601501464844,36.155601501464844,36.155601501464844,36.155601501464844,414.0
2024-03-01 11:11:00,ALT,12.160099983215332,12.160099983215332,12.160099983215332,12.160099983215332,12.160099983215332,1624.0
2024-03-01 11:11:00,ALXO,15.1850004196167,15.1850004196167,15.1850004196167,15.1850004196167,15.1850004196167,200.0
2024-03-01 11:11:00,AMGN,280.7900085449219,280.7900085449219,280.7900085449219,280.57000732421875,280.5799865722656,6391.0
2024-03-01 11:11:00,AMPH,45.82500076293945,45.82500076293945,45.82500076293945,45.82500076293945,45.82500076293945,226.0
2024-03-01 11:11:00,AMRN,1.0499999523162842,1.0499999523162842,1.0599000453948975,1.0499999523162842,1.0599000453948975,606.0
2024-03-01 11:11:00,ANAB,25.31999969482422,25.31999969482422,25.31999969482422,25.31999969482422,25.31999969482422,105.0
2024-03-01 11:11:00,ANGO,5.494999885559082,5.494999885559082,5.494999885559082,5.494999885559082,5.494999885559082,312.0
2024-03-01 11:11:00,ANIP,67.22000122070312,67.22000122070312,67.22000122070312,67.22000122070312,67.22000122070312,147.0
2024-03-01 11:11:00,ANNX,6.0,6.0,6.010000228881836,5.96999979019165,5.974999904632568,31690.0
2024-03-01 11:11:00,APLS,64.44000244140625,64.44000244140625,64.45500183105469,64.3499984741211,64.3499984741211,3136.0
2024-03-01 11:11:00,APLT,7.079999923706055,7.079999923706055,7.079999923706055,7.079999923706055,7.079999923706055,411.0
2024-03-01 11:11:00,APVO,0.1647000014781952,0.1647000014781952,0.1647000014781952,0.1647000014781952,0.1647000014781952,200.0
2024-03-01 11:11:00,AQST,4.230000019073486,4.230000019073486,4.230000019073486,4.229000091552734,4.229000091552734,2169.0
2024-03-01 11:11:00,ARCT,39.7400016784668,39.7400016784668,39.7400016784668,39.7400016784668,39.7400016784668,131.0
2024-03-01 11:11:00,ARDX,9.555000305175781,9.555000305175781,9.5600004196167,9.550000190734863,9.559900283813477,1851.0
2024-03-01 11:11:00,ARGX,387.977294921875,387.977294921875,388.0299987792969,387.95001220703125,387.95001220703125,879.0
2024-03-01 11:11:00,ARQT,11.11240005493164,11.11240005493164,11.15999984741211,11.104999542236328,11.15999984741211,10393.0
2024-03-01 11:11:00,ARVN,49.20000076293945,49.20000076293945,49.29999923706055,49.20000076293945,49.29999923706055,309.0
2024-03-01 11:11:00,ARWR,35.209999084472656,35.209999084472656,35.25,35.209999084472656,35.25,1551.0
2024-03-01 11:11:00,ASLN,0.8199999928474426,0.8199999928474426,0.8201000094413757,0.8199999928474426,0.8201000094413757,4375.0
2024-03-01 11:11:00,ASND,149.8300018310547,149.8300018310547,149.8300018310547,149.8300018310547,149.8300018310547,200.0
2024-03-01 11:11:00,ASRT,0.9021000266075134,0.9021000266075134,0.916100025177002,0.9021000266075134,0.916100025177002,17305.0
2024-03-01 11:11:00,ATAI,1.9900000095367432,1.9900000095367432,1.9900000095367432,1.9900000095367432,1.9900000095367432,206.0
2024-03-01 11:11:00,ATEC,13.520000457763672,13.520000457763672,13.520000457763672,13.515000343322754,13.515000343322754,402.0
2024-03-01 11:11:00,ATHA,3.990000009536743,3.990000009536743,3.9900999069213867,3.990000009536743,3.9900999069213867,3447.0
2024-03-01 11:11:00,ATHE,1.8141000270843506,1.8141000270843506,1.8141000270843506,1.8141000270843506,1.8141000270843506,1940.0
2024-03-01 11:11:00,ATRC,35.8650016784668,35.8650016784668,35.93000030517578,35.81999969482422,35.93000030517578,9776.0
2024-03-01 11:11:00,ATXI,0.15410000085830688,0.15410000085830688,0.15410000085830688,0.1535000056028366,0.1535000056028366,4703.0
2024-03-01 11:11:00,AUTL,6.190000057220459,6.190000057220459,6.190000057220459,6.190000057220459,6.190000057220459,283.0
2024-03-01 11:11:00,AVDL,12.539999961853027,12.539999961853027,12.65250015258789,12.539999961853027,12.649999618530273,29053.0
2024-03-01 11:11:00,AVIR,4.409999847412109,4.409999847412109,4.425000190734863,4.409999847412109,4.409999847412109,2105.0
2024-03-01 11:11:00,AXNX,67.3499984741211,67.3499984741211,67.3499984741211,67.31500244140625,67.31500244140625,1311.0
2024-03-01 11:11:00,AXSM,83.87999725341797,83.87999725341797,83.87999725341797,83.84320068359375,83.84320068359375,656.0
2024-03-01 11:11:00,AZN,64.68499755859375,64.68499755859375,64.68499755859375,64.68000030517578,64.68000030517578,2035.0
2024-03-01 11:11:00,BBIO,36.15999984741211,36.15999984741211,36.15999984741211,36.11000061035156,36.11000061035156,782.0
2024-03-01 11:11:00,BBLG,2.3798999786376953,2.3798999786376953,2.380000114440918,2.369999885559082,2.369999885559082,550.0
2024-03-01 11:11:00,BCRX,5.860000133514404,5.860000133514404,5.860000133514404,5.855000019073486,5.855000019073486,364.0
2024-03-01 11:11:00,BCTX,3.5199999809265137,3.5199999809265137,3.6600000858306885,3.4000000953674316,3.5097999572753906,27856.0
2024-03-01 11:11:00,BEAM,40.31999969482422,40.31999969482422,40.31999969482422,40.2599983215332,40.29999923706055,390.0
2024-03-01 11:11:00,BIIB,219.49000549316406,219.49000549316406,219.49000549316406,219.49000549316406,219.49000549316406,402.0
2024-03-01 11:11:00,BIOR,1.2410000562667847,1.2410000562667847,1.2410000562667847,1.2410000562667847,1.2410000562667847,690.0
2024-03-01 11:11:00,BIVI,2.2100000381469727,2.2100000381469727,2.2200000286102295,2.1756999492645264,2.190000057220459,41353.0
2024-03-01 11:11:00,BLFS,17.934999465942383,17.934999465942383,17.934999465942383,17.934999465942383,17.934999465942383,108.0
2024-03-01 11:11:00,BLUE,1.582200050354004,1.582200050354004,1.589900016784668,1.5800000429153442,1.5850000381469727,21961.0
2024-03-01 11:11:00,BMEA,17.725000381469727,17.725000381469727,17.725000381469727,17.704999923706055,17.704999923706055,507.0
2024-03-01 11:11:00,BMRN,86.79000091552734,86.79000091552734,86.79000091552734,86.71499633789062,86.75,3298.0
2024-03-01 11:11:00,BNTX,92.0,92.0,92.0,91.94999694824219,92.0,1998.0
2024-03-01 11:11:00,BPMC,96.42500305175781,96.42500305175781,96.5999984741211,96.42500305175781,96.5999984741211,2584.0
2024-03-01 11:11:00,BRKR,88.0999984741211,88.0999984741211,88.0999984741211,88.06999969482422,88.06999969482422,822.0
2024-03-01 11:11:00,BRTX,1.5199999809265137,1.5199999809265137,1.5199999809265137,1.5199999809265137,1.5199999809265137,1058.0
2024-03-01 11:11:00,BTAI,3.220099925994873,3.220099925994873,3.220099925994873,3.220099925994873,3.220099925994873,194.0
2024-03-01 11:11:00,CABA,24.014999389648438,24.014999389648438,24.014999389648438,24.014999389648438,24.014999389648438,400.0
2024-03-01 11:11:00,CAPR,4.550000190734863,4.550000190734863,4.559999942779541,4.550000190734863,4.559999942779541,2443.0
2024-03-01 11:11:00,CARA,0.9229000210762024,0.9229000210762024,0.9229000210762024,0.9228000044822693,0.9228000044822693,3785.0
2024-03-01 11:11:00,CBAY,32.2400016784668,32.2400016784668,32.2400016784668,32.23500061035156,32.23500061035156,505.0
2024-03-01 11:11:00,CCCC,10.9399995803833,10.9399995803833,11.010000228881836,10.9399995803833,11.005000114440918,3641.0
2024-03-01 11:11:00,CDMO,8.140000343322754,8.140000343322754,8.140000343322754,8.140000343322754,8.140000343322754,305.0
2024-03-01 11:11:00,CDNA,12.319999694824219,12.319999694824219,12.319999694824219,12.282400131225586,12.282400131225586,1706.0
2024-03-01 11:11:00,CDXC,1.6399999856948853,1.6399999856948853,1.6399999856948853,1.6399999856948853,1.6399999856948853,5622.0
2024-03-01 11:11:00,CDXS,4.565000057220459,4.565000057220459,4.565000057220459,4.550000190734863,4.550000190734863,3198.0
2024-03-01 11:11:00,CELU,3.680000066757202,3.680000066757202,3.680000066757202,3.680000066757202,3.680000066757202,1226.0
2024-03-01 11:11:00,CERE,41.255001068115234,41.255001068115234,41.27000045776367,41.25,41.27000045776367,8737.0
2024-03-01 11:11:00,CERS,2.2049999237060547,2.2049999237060547,2.2049999237060547,2.2049999237060547,2.2049999237060547,0.0
2024-03-01 11:11:00,CERT,17.709999084472656,17.709999084472656,17.729999542236328,17.709999084472656,17.729999542236328,499.0
2024-03-01 11:11:00,CGEM,18.799999237060547,18.799999237060547,18.799999237060547,18.799999237060547,18.799999237060547,190.0
2024-03-01 11:11:00,CGEN,2.684999942779541,2.684999942779541,2.690000057220459,2.684999942779541,2.690000057220459,213.0
2024-03-01 11:11:00,CHRS,2.3399999141693115,2.3399999141693115,2.3399999141693115,2.3299999237060547,2.3299999237060547,4228.0
2024-03-01 11:11:00,CING,1.4200999736785889,1.4200999736785889,1.4200999736785889,1.4200999736785889,1.4200999736785889,4986.0
2024-03-01 11:11:00,CKPT,2.180000066757202,2.180000066757202,2.180000066757202,2.1700000762939453,2.1700000762939453,684.0
2024-03-01 11:11:00,CLDX,52.099998474121094,52.099998474121094,52.099998474121094,52.04999923706055,52.04999923706055,507.0
2024-03-01 11:11:00,CLNN,0.39489999413490295,0.39489999413490295,0.39500001072883606,0.39489999413490295,0.39500001072883606,300.0
2024-03-01 11:11:00,CLOV,0.8657000064849854,0.8657000064849854,0.8658000230789185,0.8618999719619751,0.8657000064849854,25200.0
2024-03-01 11:11:00,CMPS,11.09000015258789,11.09000015258789,11.09000015258789,11.0,11.0,4761.0
2024-03-01 11:11:00,CNSP,0.3199999928474426,0.3199999928474426,0.3199999928474426,0.3199999928474426,0.3199999928474426,1136.0
2024-03-01 11:11:00,COLL,37.04999923706055,37.04999923706055,37.06999969482422,37.0099983215332,37.06999969482422,547.0
2024-03-01 11:11:00,CORT,23.899999618530273,23.899999618530273,23.90999984741211,23.899999618530273,23.90999984741211,1193.0
2024-03-01 11:11:00,CPRX,17.34000015258789,17.34000015258789,17.360000610351562,17.309999465942383,17.360000610351562,2619.0
2024-03-01 11:11:00,CPSI,9.635000228881836,9.635000228881836,9.680000305175781,9.635000228881836,9.649999618530273,1101.0
2024-03-01 11:11:00,CRBU,8.114999771118164,8.114999771118164,8.114999771118164,8.104999542236328,8.109999656677246,1847.0
2024-03-01 11:11:00,CRDF,2.6198999881744385,2.6198999881744385,2.6500000953674316,2.609999895095825,2.6500000953674316,122589.0
2024-03-01 11:11:00,CRMD,3.700000047683716,3.700000047683716,3.700000047683716,3.700000047683716,3.700000047683716,1210.0
2024-03-01 11:11:00,CRNX,45.71500015258789,45.71500015258789,45.77000045776367,45.689998626708984,45.689998626708984,1635.0
2024-03-01 11:11:00,CRON,2.055000066757202,2.055000066757202,2.055000066757202,2.055000066757202,2.055000066757202,101.0
2024-03-01 11:11:00,CRSP,85.79499816894531,85.79499816894531,85.83999633789062,85.79499816894531,85.83999633789062,1471.0
2024-03-01 11:11:00,CTKB,8.390000343322754,8.390000343322754,8.390000343322754,8.390000343322754,8.390000343322754,272.0
2024-03-01 11:11:00,CTMX,2.5274999141693115,2.5274999141693115,2.5399999618530273,2.5250000953674316,2.5250000953674316,2337.0
2024-03-01 11:11:00,CUTR,2.319999933242798,2.319999933242798,2.3299999237060547,2.319999933242798,2.3299999237060547,4106.0
2024-03-01 11:11:00,CVAC,3.4549999237060547,3.4549999237060547,3.4549999237060547,3.4549999237060547,3.4549999237060547,400.0
2024-03-01 11:11:00,CYTK,74.47000122070312,74.47000122070312,74.65499877929688,74.47000122070312,74.65499877929688,2182.0
2024-03-01 11:11:00,CYTO,2.140000104904175,2.140000104904175,2.140000104904175,2.119999885559082,2.119999885559082,1613.0
2024-03-01 11:11:00,DAWN,17.450000762939453,17.450000762939453,17.475000381469727,17.450000762939453,17.459999084472656,914.0
2024-03-01 11:11:00,DCGO,4.125,4.125,4.125,4.119999885559082,4.119999885559082,569.0
2024-03-01 11:11:00,DERM,4.039999961853027,4.039999961853027,4.039999961853027,4.039999961853027,4.039999961853027,118.0
2024-03-01 11:11:00,DH,9.09000015258789,9.09000015258789,9.09000015258789,9.079999923706055,9.079999923706055,409.0
2024-03-01 11:11:00,DMTK,0.8550000190734863,0.8550000190734863,0.8550000190734863,0.8550000190734863,0.8550000190734863,151.0
2024-03-01 11:11:00,DNLI,20.829999923706055,20.829999923706055,20.829999923706055,20.829999923706055,20.829999923706055,131.0
2024-03-01 11:11:00,DVAX,12.835000038146973,12.835000038146973,12.84000015258789,12.835000038146973,12.835000038146973,321.0
2024-03-01 11:11:00,DXCM,118.91999816894531,118.91999816894531,118.97000122070312,118.87999725341797,118.94999694824219,9499.0
2024-03-01 11:11:00,DYN,29.114999771118164,29.114999771118164,29.15999984741211,28.950000762939453,28.950000762939453,6944.0
2024-03-01 11:11:00,EDIT,11.029999732971191,11.029999732971191,11.055000305175781,11.024999618530273,11.055000305175781,1879.0
2024-03-01 11:11:00,EFTR,15.149999618530273,15.149999618530273,15.149999618530273,15.069999694824219,15.069999694824219,6000.0
2024-03-01 11:11:00,EGRX,6.559999942779541,6.559999942779541,6.565000057220459,6.559999942779541,6.565000057220459,836.0
2024-03-01 11:11:00,ELEV,4.969900131225586,4.969900131225586,4.969900131225586,4.969900131225586,4.969900131225586,0.0
2024-03-01 11:11:00,ENLV,3.2999000549316406,3.2999000549316406,3.299999952316284,3.2960000038146973,3.2960000038146973,1707.0
2024-03-01 11:11:00,ENSC,0.9200000166893005,0.9200000166893005,0.949999988079071,0.9200000166893005,0.949999988079071,16103.0
2024-03-01 11:11:00,ENTA,15.125,15.125,15.149999618530273,15.125,15.130000114440918,771.0
2024-03-01 11:11:00,ENVB,1.7000000476837158,1.7000000476837158,1.7000000476837158,1.684999942779541,1.6875,11982.0
2024-03-01 11:11:00,EPIX,9.5649995803833,9.5649995803833,9.568300247192383,9.5649995803833,9.568300247192383,600.0
2024-03-01 11:11:00,EQ,2.450000047683716,2.450000047683716,2.450000047683716,2.450000047683716,2.450000047683716,119.0
2024-03-01 11:11:00,ESPR,2.490000009536743,2.490000009536743,2.490000009536743,2.484999895095825,2.484999895095825,368.0
2024-03-01 11:11:00,ESTA,45.65999984741211,45.65999984741211,45.7599983215332,45.65999984741211,45.70000076293945,807.0
2024-03-01 11:11:00,ETNB,12.890000343322754,12.890000343322754,12.890000343322754,12.864999771118164,12.864999771118164,1534.0
2024-03-01 11:11:00,EWTX,16.969999313354492,16.969999313354492,16.969999313354492,16.969999313354492,16.969999313354492,539.0
2024-03-01 11:11:00,EXAS,60.09000015258789,60.09000015258789,60.14500045776367,60.09000015258789,60.13999938964844,2036.0
2024-03-01 11:11:00,EXEL,22.4950008392334,22.4950008392334,22.5,22.4950008392334,22.5,1574.0
2024-03-01 11:11:00,EYPT,28.100000381469727,28.100000381469727,28.100000381469727,28.100000381469727,28.100000381469727,496.0
2024-03-01 11:11:00,FATE,7.480000019073486,7.480000019073486,7.485000133514404,7.46999979019165,7.485000133514404,1969.0
2024-03-01 11:11:00,FDMT,28.979999542236328,28.979999542236328,29.010000228881836,28.979999542236328,29.010000228881836,641.0
2024-03-01 11:11:00,FGEN,1.7599999904632568,1.7599999904632568,1.7649999856948853,1.7599999904632568,1.7649999856948853,7919.0
2024-03-01 11:11:00,FLGT,23.200000762939453,23.200000762939453,23.200000762939453,23.200000762939453,23.200000762939453,943.0
2024-03-01 11:11:00,FOLD,13.505000114440918,13.505000114440918,13.505000114440918,13.505000114440918,13.505000114440918,558.0
2024-03-01 11:11:00,FONR,22.258800506591797,22.258800506591797,22.258800506591797,22.258800506591797,22.258800506591797,2861.0
2024-03-01 11:11:00,FULC,10.739999771118164,10.739999771118164,10.748000144958496,10.720000267028809,10.720000267028809,1676.0
2024-03-01 11:11:00,FUSN,12.100000381469727,12.100000381469727,12.130000114440918,12.100000381469727,12.100000381469727,340.0
2024-03-01 11:11:00,GCTK,0.29989999532699585,0.29989999532699585,0.29989999532699585,0.29989999532699585,0.29989999532699585,200.0
2024-03-01 11:11:00,GDRX,8.244999885559082,8.244999885559082,8.260000228881836,8.244999885559082,8.260000228881836,1560.0
2024-03-01 11:11:00,GERN,2.1500000953674316,2.1500000953674316,2.1500000953674316,2.134999990463257,2.140000104904175,20379.0
2024-03-01 11:11:00,GH,19.30500030517578,19.30500030517578,19.31999969482422,19.30500030517578,19.31999969482422,302.0
2024-03-01 11:11:00,GILD,72.48999786376953,72.48999786376953,72.48999786376953,72.41719818115234,72.41719818115234,3845.0
2024-03-01 11:11:00,GLYC,2.9800000190734863,2.9800000190734863,2.9800000190734863,2.9800000190734863,2.9800000190734863,300.0
2024-03-01 11:11:00,GMAB,29.42009925842285,29.42009925842285,29.42009925842285,29.42009925842285,29.42009925842285,148.0
2024-03-01 11:11:00,GMDA,0.37709999084472656,0.37709999084472656,0.37709999084472656,0.37709999084472656,0.37709999084472656,437.0
2024-03-01 11:11:00,GOSS,1.3650000095367432,1.3650000095367432,1.3650000095367432,1.3600000143051147,1.3600000143051147,1705.0
2024-03-01 11:11:00,GRFS,7.03000020980835,7.03000020980835,7.03000020980835,7.005000114440918,7.005000114440918,1779.0
2024-03-01 11:11:00,GRPH,3.509999990463257,3.509999990463257,3.509999990463257,3.5,3.5,1263.0
2024-03-01 11:11:00,GRTS,2.2249999046325684,2.2249999046325684,2.2400999069213867,2.2200000286102295,2.2400999069213867,3721.0
2024-03-01 11:11:00,GRTX,0.23100000619888306,0.23100000619888306,0.2320999950170517,0.23100000619888306,0.2320999950170517,23692.0
2024-03-01 11:11:00,GTHX,3.4800000190734863,3.4800000190734863,3.4800000190734863,3.4800000190734863,3.4800000190734863,152.0
2024-03-01 11:11:00,HALO,41.34000015258789,41.34000015258789,41.34000015258789,41.34000015258789,41.34000015258789,340.0
2024-03-01 11:11:00,HARP,22.93000030517578,22.93000030517578,22.93000030517578,22.93000030517578,22.93000030517578,300.0
2024-03-01 11:11:00,HCAT,7.949999809265137,7.949999809265137,7.949999809265137,7.949999809265137,7.949999809265137,249.0
2024-03-01 11:11:00,HCSG,12.725000381469727,12.725000381469727,12.725000381469727,12.720000267028809,12.720000267028809,321.0
2024-03-01 11:11:00,HCTI,2.450000047683716,2.450000047683716,2.450000047683716,2.4149999618530273,2.4149999618530273,1794.0
2024-03-01 11:11:00,HITI,1.7649999856948853,1.7649999856948853,1.7699999809265137,1.7649999856948853,1.7699999809265137,259.0
2024-03-01 11:11:00,HOLX,74.0199966430664,74.0199966430664,74.0199966430664,74.0,74.01000213623047,6338.0
2024-03-01 11:11:00,HQY,81.80999755859375,81.80999755859375,81.9000015258789,81.80999755859375,81.9000015258789,1558.0
2024-03-01 11:11:00,HRMY,31.479999542236328,31.479999542236328,31.5,31.469999313354492,31.479999542236328,1172.0
2024-03-01 11:11:00,HSIC,76.95999908447266,76.95999908447266,77.0,76.95999908447266,77.0,11708.0
2024-03-01 11:11:00,HUMA,3.234999895095825,3.234999895095825,3.2397000789642334,3.2049999237060547,3.2049999237060547,22097.0
2024-03-01 11:11:00,IART,36.849998474121094,36.849998474121094,36.849998474121094,36.849998474121094,36.849998474121094,330.0
2024-03-01 11:11:00,IBRX,4.868800163269043,4.868800163269043,4.868800163269043,4.849999904632568,4.849999904632568,1127.0
2024-03-01 11:11:00,ICAD,1.899999976158142,1.899999976158142,1.899999976158142,1.899999976158142,1.899999976158142,3250.0
2024-03-01 11:11:00,ICLR,323.32000732421875,323.32000732421875,323.32000732421875,323.2200012207031,323.2200012207031,1355.0
2024-03-01 11:11:00,IDYA,46.20000076293945,46.20000076293945,46.22999954223633,46.119998931884766,46.22999954223633,3453.0
2024-03-01 11:11:00,IGMS,13.354999542236328,13.354999542236328,13.354999542236328,13.354999542236328,13.354999542236328,124.0
2024-03-01 11:11:00,ILMN,141.72000122070312,141.72000122070312,141.72000122070312,141.72000122070312,141.72000122070312,448.0
2024-03-01 11:11:00,IMCR,68.19999694824219,68.19999694824219,68.19999694824219,68.18000030517578,68.18000030517578,236.0
2024-03-01 11:11:00,IMMX,3.5399999618530273,3.5399999618530273,3.5399999618530273,3.5399999618530273,3.5399999618530273,200.0
2024-03-01 11:11:00,IMNM,25.299999237060547,25.299999237060547,25.3799991607666,25.260000228881836,25.3799991607666,1076.0
2024-03-01 11:11:00,IMTX,13.069999694824219,13.069999694824219,13.069999694824219,13.069999694824219,13.069999694824219,239.0
2024-03-01 11:11:00,IMVT,36.220001220703125,36.220001220703125,36.220001220703125,36.220001220703125,36.220001220703125,101.0
2024-03-01 11:11:00,INAB,1.0801000595092773,1.0801000595092773,1.0801000595092773,1.0801000595092773,1.0801000595092773,1000.0
2024-03-01 11:11:00,INBX,36.834999084472656,36.834999084472656,36.834999084472656,36.7599983215332,36.7599983215332,242.0
2024-03-01 11:11:00,INCY,59.40999984741211,59.40999984741211,59.40999984741211,59.380001068115234,59.39500045776367,1586.0
2024-03-01 11:11:00,INGN,6.820000171661377,6.820000171661377,6.829999923706055,6.820000171661377,6.820000171661377,1923.0
2024-03-01 11:11:00,INMB,11.765000343322754,11.765000343322754,11.765000343322754,11.765000343322754,11.765000343322754,200.0
2024-03-01 11:11:00,INMD,22.899999618530273,22.899999618530273,22.920000076293945,22.895000457763672,22.920000076293945,5540.0
2024-03-01 11:11:00,INVA,15.639900207519531,15.639900207519531,15.670000076293945,15.639900207519531,15.670000076293945,1890.0
2024-03-01 11:11:00,IONM,0.3400000035762787,0.3400000035762787,0.3400000035762787,0.3314000070095062,0.3325999975204468,47758.0
2024-03-01 11:11:00,IONS,45.8849983215332,45.8849983215332,45.90999984741211,45.8849983215332,45.90999984741211,259.0
2024-03-01 11:11:00,IOVA,16.44499969482422,16.44499969482422,16.5,16.44499969482422,16.489999771118164,5649.0
2024-03-01 11:11:00,IPSC,3.799999952316284,3.799999952316284,3.799999952316284,3.799999952316284,3.799999952316284,291.0
2024-03-01 11:11:00,IRWD,8.984999656677246,8.984999656677246,8.984999656677246,8.979999542236328,8.984999656677246,6023.0
2024-03-01 11:11:00,ISRG,392.8900146484375,392.8900146484375,392.8900146484375,392.6199951171875,392.885009765625,3080.0
2024-03-01 11:11:00,ITCI,71.13500213623047,71.13500213623047,71.13500213623047,71.125,71.125,449.0
2024-03-01 11:11:00,IVVD,3.9700000286102295,3.9700000286102295,3.9800000190734863,3.9700000286102295,3.9700000286102295,1250.0
2024-03-01 11:11:00,IXHL,5.320000171661377,5.320000171661377,5.320000171661377,5.320000171661377,5.320000171661377,225.0
2024-03-01 11:11:00,JAGX,0.08460000157356262,0.08460000157356262,0.08569999784231186,0.08219999819993973,0.08309999853372574,841718.0
2024-03-01 11:11:00,JANX,46.3849983215332,46.3849983215332,46.3849983215332,46.3849983215332,46.3849983215332,276.0
2024-03-01 11:11:00,JAZZ,120.7699966430664,120.7699966430664,120.77999877929688,120.68000030517578,120.68000030517578,1584.0
2024-03-01 11:11:00,KIDS,27.229999542236328,27.229999542236328,27.229999542236328,27.229999542236328,27.229999542236328,854.0
2024-03-01 11:11:00,KNTE,2.619999885559082,2.619999885559082,2.619999885559082,2.610100030899048,2.610100030899048,4815.0
2024-03-01 11:11:00,KOD,6.139999866485596,6.139999866485596,6.139999866485596,6.139999866485596,6.139999866485596,121.0
2024-03-01 11:11:00,KPTI,1.2450000047683716,1.2450000047683716,1.2549999952316284,1.2450000047683716,1.2549999952316284,7321.0
2024-03-01 11:11:00,KRYS,167.64999389648438,167.64999389648438,167.9499969482422,167.64999389648438,167.9499969482422,15233.0
2024-03-01 11:11:00,KTRA,0.10090000182390213,0.10090000182390213,0.10090000182390213,0.10080000013113022,0.10080000013113022,6768.0
2024-03-01 11:11:00,KYMR,43.900001525878906,43.900001525878906,43.95500183105469,43.900001525878906,43.9536018371582,861.0
2024-03-01 11:11:00,KZR,1.100000023841858,1.100000023841858,1.1100000143051147,1.100000023841858,1.1100000143051147,1257.0
2024-03-01 11:11:00,LAB,2.384999990463257,2.384999990463257,2.390000104904175,2.380000114440918,2.380000114440918,8377.0
2024-03-01 11:11:00,LEGN,65.87999725341797,65.87999725341797,65.87999725341797,65.87999725341797,65.87999725341797,368.0
2024-03-01 11:11:00,LFST,7.994999885559082,7.994999885559082,8.0,7.994999885559082,8.0,1098.0
2024-03-01 11:11:00,LIFE,1.940000057220459,1.940000057220459,1.940000057220459,1.934999942779541,1.934999942779541,7000.0
2024-03-01 11:11:00,LIVN,55.060001373291016,55.060001373291016,55.10100173950195,55.029998779296875,55.10100173950195,970.0
2024-03-01 11:11:00,LNTH,65.6415023803711,65.6415023803711,65.6500015258789,65.6415023803711,65.6500015258789,528.0
2024-03-01 11:11:00,LQDA,14.399999618530273,14.399999618530273,14.399999618530273,14.399999618530273,14.399999618530273,552.0
2024-03-01 11:11:00,LRMR,11.119999885559082,11.119999885559082,11.130000114440918,11.119999885559082,11.130000114440918,495.0
2024-03-01 11:11:00,LXRX,2.4200000762939453,2.4200000762939453,2.4200000762939453,2.4200000762939453,2.4200000762939453,2528.0
2024-03-01 11:11:00,LYEL,3.1549999713897705,3.1549999713897705,3.1549999713897705,3.1549999713897705,3.1549999713897705,274.0
2024-03-01 11:11:00,MACK,14.725000381469727,14.725000381469727,14.725000381469727,14.725000381469727,14.725000381469727,200.0
2024-03-01 11:11:00,MBRX,0.631600022315979,0.631600022315979,0.631600022315979,0.631600022315979,0.631600022315979,14485.0
2024-03-01 11:11:00,MCRB,1.1799999475479126,1.1799999475479126,1.184999942779541,1.1799999475479126,1.1801999807357788,1356.0
2024-03-01 11:11:00,MDGL,240.75999450683594,240.75999450683594,240.75999450683594,240.75999450683594,240.75999450683594,702.0
2024-03-01 11:11:00,MDRX,5.849999904632568,5.849999904632568,5.849999904632568,5.849999904632568,5.849999904632568,1504.0
2024-03-01 11:11:00,MDXG,8.635000228881836,8.635000228881836,8.635000228881836,8.630000114440918,8.630000114440918,10173.0
2024-03-01 11:11:00,ME,0.5835999846458435,0.5835999846458435,0.5845999717712402,0.5834000110626221,0.5834000110626221,34262.0
2024-03-01 11:11:00,MEDP,400.7699890136719,400.7699890136719,400.7699890136719,400.7699890136719,400.7699890136719,861.0
2024-03-01 11:11:00,MESO,2.0450000762939453,2.0450000762939453,2.0450000762939453,2.0450000762939453,2.0450000762939453,1400.0
2024-03-01 11:11:00,MGNX,19.339000701904297,19.339000701904297,19.350000381469727,19.339000701904297,19.34000015258789,1169.0
2024-03-01 11:11:00,MGTX,6.289999961853027,6.289999961853027,6.289999961853027,6.269999980926514,6.289999961853027,306.0
2024-03-01 11:11:00,MIST,1.690000057220459,1.690000057220459,1.690000057220459,1.6799999475479126,1.6799999475479126,312.0
2024-03-01 11:11:00,MNKD,4.610000133514404,4.610000133514404,4.610000133514404,4.604800224304199,4.609899997711182,57025.0
2024-03-01 11:11:00,MNMD,5.909999847412109,5.909999847412109,5.909999847412109,5.909999847412109,5.909999847412109,308.0
2024-03-01 11:11:00,MORF,38.724998474121094,38.724998474121094,38.849998474121094,38.665000915527344,38.709999084472656,2455.0
2024-03-01 11:11:00,MREO,3.8099000453948975,3.8099000453948975,3.8099000453948975,3.799999952316284,3.799999952316284,1227.0
2024-03-01 11:11:00,MRNA,95.69000244140625,95.69000244140625,95.69000244140625,95.63999938964844,95.6500015258789,3344.0
2024-03-01 11:11:00,MRNS,9.789999961853027,9.789999961853027,9.789999961853027,9.789999961853027,9.789999961853027,195.0
2024-03-01 11:11:00,MRSN,5.855000019073486,5.855000019073486,5.860000133514404,5.820000171661377,5.824999809265137,6562.0
2024-03-01 11:11:00,MRUS,50.470001220703125,50.470001220703125,50.470001220703125,50.369998931884766,50.369998931884766,806.0
2024-03-01 11:11:00,MRVI,7.855000019073486,7.855000019073486,7.860000133514404,7.855000019073486,7.860000133514404,341.0
2024-03-01 11:11:00,MXCT,4.744999885559082,4.744999885559082,4.744999885559082,4.744999885559082,4.744999885559082,200.0
2024-03-01 11:11:00,MYGN,21.65999984741211,21.65999984741211,21.65999984741211,21.65999984741211,21.65999984741211,277.0
2024-03-01 11:11:00,NARI,45.54999923706055,45.54999923706055,45.54999923706055,45.54999923706055,45.54999923706055,696.0
2024-03-01 11:11:00,NBIX,130.125,130.125,130.125,130.125,130.125,347.0
2024-03-01 11:11:00,NEO,16.125,16.125,16.13990020751953,16.110000610351562,16.110000610351562,1276.0
2024-03-01 11:11:00,NEOG,17.264999389648438,17.264999389648438,17.270000457763672,17.2549991607666,17.270000457763672,829.0
2024-03-01 11:11:00,NGM,1.5299999713897705,1.5299999713897705,1.5299999713897705,1.5299999713897705,1.5299999713897705,55.0
2024-03-01 11:11:00,NNOX,11.130000114440918,11.130000114440918,11.130000114440918,11.095000267028809,11.095000267028809,2888.0
2024-03-01 11:11:00,NOTV,7.800000190734863,7.800000190734863,7.809999942779541,7.795000076293945,7.795000076293945,357.0
2024-03-01 11:11:00,NRIX,13.319999694824219,13.319999694824219,13.319999694824219,13.319999694824219,13.319999694824219,216.0
2024-03-01 11:11:00,NRSN,2.0023999214172363,2.0023999214172363,2.0023999214172363,2.0023999214172363,2.0023999214172363,125.0
2024-03-01 11:11:00,NRXP,0.42480000853538513,0.42480000853538513,0.42480000853538513,0.42480000853538513,0.42480000853538513,200.0
2024-03-01 11:11:00,NTLA,33.5099983215332,33.5099983215332,33.5099983215332,33.48500061035156,33.5,1637.0
2024-03-01 11:11:00,NTRA,89.5199966430664,89.5199966430664,89.58000183105469,89.51499938964844,89.56999969482422,4388.0
2024-03-01 11:11:00,NUTX,0.11389999836683273,0.11389999836683273,0.11389999836683273,0.11389999836683273,0.11389999836683273,327.0
2024-03-01 11:11:00,NVAX,5.125,5.125,5.150000095367432,5.125,5.150000095367432,13874.0
2024-03-01 11:11:00,NVCR,16.20829963684082,16.20829963684082,16.20829963684082,16.200000762939453,16.200000762939453,566.0
2024-03-01 11:11:00,OCGN,0.923799991607666,0.923799991607666,0.923799991607666,0.923799991607666,0.923799991607666,1000.0
2024-03-01 11:11:00,OCUL,10.413999557495117,10.413999557495117,10.420000076293945,10.413999557495117,10.420000076293945,457.0
2024-03-01 11:11:00,OCUP,2.5199999809265137,2.5199999809265137,2.5199999809265137,2.5199999809265137,2.5199999809265137,0.0
2024-03-01 11:11:00,OFIX,13.029999732971191,13.029999732971191,13.029999732971191,13.010000228881836,13.010000228881836,10218.0
2024-03-01 11:11:00,OGI,2.1050000190734863,2.1050000190734863,2.1050000190734863,2.1050000190734863,2.1050000190734863,2519.0
2024-03-01 11:11:00,OLMA,12.960000038146973,12.960000038146973,12.960000038146973,12.9399995803833,12.949999809265137,1345.0
2024-03-01 11:11:00,OM,3.1449999809265137,3.1449999809265137,3.149899959564209,3.1449999809265137,3.149899959564209,3241.0
2024-03-01 11:11:00,OMER,4.75,4.75,4.775000095367432,4.75,4.775000095367432,2606.0
2024-03-01 11:11:00,OMGA,4.199999809265137,4.199999809265137,4.199999809265137,4.199999809265137,4.199999809265137,518.0
2024-03-01 11:11:00,OMIC,0.5950999855995178,0.5950999855995178,0.5950999855995178,0.5950999855995178,0.5950999855995178,6902.0
2024-03-01 11:12:00,ABCL,5.159999847412109,5.159999847412109,5.159999847412109,5.159999847412109,5.159999847412109,1479.0
2024-03-01 11:12:00,ABEO,7.440000057220459,7.440000057220459,7.465000152587891,7.440000057220459,7.465000152587891,1284.0
2024-03-01 11:12:00,ABOS,4.679999828338623,4.679999828338623,4.690000057220459,4.679999828338623,4.690000057220459,798.0
2024-03-01 11:12:00,ABSI,5.139999866485596,5.139999866485596,5.139999866485596,5.125,5.125,1307.0
2024-03-01 11:12:00,ABUS,2.765000104904175,2.765000104904175,2.765000104904175,2.765000104904175,2.765000104904175,397.0
2024-03-01 11:12:00,ACAD,23.90999984741211,23.90999984741211,23.96500015258789,23.889999389648438,23.96500015258789,2749.0
2024-03-01 11:12:00,ACB,3.0999999046325684,3.0999999046325684,3.1096999645233154,3.0999999046325684,3.1096999645233154,1301.0
2024-03-01 11:12:00,ACET,2.3949999809265137,2.3949999809265137,2.3949999809265137,2.3949999809265137,2.3949999809265137,117.0
2024-03-01 11:12:00,ACLX,67.68000030517578,67.68000030517578,67.68000030517578,67.62000274658203,67.68000030517578,1168.0
2024-03-01 11:12:00,ADIL,3.0250000953674316,3.0250000953674316,3.0599000453948975,2.930000066757202,3.009999990463257,145898.0
2024-03-01 11:12:00,ADMA,5.344099998474121,5.344099998474121,5.345900058746338,5.340000152587891,5.340000152587891,15991.0
2024-03-01 11:12:00,ADPT,4.199999809265137,4.199999809265137,4.199999809265137,4.199999809265137,4.199999809265137,101.0
2024-03-01 11:12:00,ADTX,3.4700000286102295,3.4700000286102295,3.4700000286102295,3.4700000286102295,3.4700000286102295,299.0
2024-03-01 11:12:00,ADVM,1.940000057220459,1.940000057220459,1.940000057220459,1.934999942779541,1.940000057220459,1100.0
2024-03-01 11:12:00,AGEN,0.6669999957084656,0.6669999957084656,0.6671000123023987,0.6669999957084656,0.6671000123023987,64651.0
2024-03-01 11:12:00,AGIO,32.81999969482422,32.81999969482422,32.86000061035156,32.81999969482422,32.86000061035156,572.0
2024-03-01 11:12:00,AHCO,10.8149995803833,10.8149995803833,10.831600189208984,10.8149995803833,10.831600189208984,1177.0
2024-03-01 11:12:00,AKAN,0.2361000031232834,0.2361000031232834,0.23980000615119934,0.2361000031232834,0.2361000031232834,42996.0
2024-03-01 11:12:00,AKBA,1.6749999523162842,1.6749999523162842,1.6749999523162842,1.6649999618530273,1.6649999618530273,43811.0
2024-03-01 11:12:00,AKRO,29.690000534057617,29.690000534057617,29.690000534057617,29.639999389648438,29.639999389648438,1116.0
2024-03-01 11:12:00,AKYA,6.070000171661377,6.070000171661377,6.070000171661377,6.0,6.019999980926514,12582.0
2024-03-01 11:12:00,ALDX,4.135000228881836,4.135000228881836,4.139999866485596,4.135000228881836,4.139999866485596,350.0
2024-03-01 11:12:00,ALEC,7.460000038146973,7.460000038146973,7.480000019073486,7.460000038146973,7.480000019073486,2210.0
2024-03-01 11:12:00,ALGS,1.0399999618530273,1.0399999618530273,1.090000033378601,1.0399999618530273,1.0399999618530273,17198.0
2024-03-01 11:12:00,ALKS,30.200000762939453,30.200000762939453,30.200000762939453,30.190000534057617,30.200000762939453,1620.0
2024-03-01 11:12:00,ALLK,1.600000023841858,1.600000023841858,1.600000023841858,1.600000023841858,1.600000023841858,200.0
2024-03-01 11:12:00,ALNY,154.92999267578125,154.92999267578125,154.92999267578125,154.92999267578125,154.92999267578125,467.0
2024-03-01 11:12:00,ALPN,36.04499816894531,36.04499816894531,36.06999969482422,36.04499816894531,36.06999969482422,692.0
2024-03-01 11:12:00,ALT,12.095800399780273,12.095800399780273,12.170000076293945,12.095000267028809,12.170000076293945,14386.0
2024-03-01 11:12:00,ALVR,0.7516000270843506,0.7516000270843506,0.7549999952316284,0.7516000270843506,0.7549999952316284,20415.0
2024-03-01 11:12:00,ALXO,15.114999771118164,15.114999771118164,15.180000305175781,15.109999656677246,15.170000076293945,1743.0
2024-03-01 11:12:00,AMED,93.51499938964844,93.51499938964844,93.51499938964844,93.51000213623047,93.51000213623047,202.0
2024-03-01 11:12:00,AMGN,280.8399963378906,280.8399963378906,280.8599853515625,280.70880126953125,280.7799987792969,3677.0
2024-03-01 11:12:00,AMLX,18.780000686645508,18.780000686645508,18.81999969482422,18.780000686645508,18.81999969482422,1201.0
2024-03-01 11:12:00,AMPH,45.689998626708984,45.689998626708984,45.7400016784668,45.689998626708984,45.72999954223633,1076.0
2024-03-01 11:12:00,AMRN,1.0598000288009644,1.0598000288009644,1.059999942779541,1.0499999523162842,1.059999942779541,11480.0
2024-03-01 11:12:00,ANAB,25.3700008392334,25.3700008392334,25.3700008392334,25.3700008392334,25.3700008392334,1352.0
2024-03-01 11:12:00,ANIP,67.16000366210938,67.16000366210938,67.16999816894531,67.16000366210938,67.16999816894531,919.0
2024-03-01 11:12:00,ANNX,5.96999979019165,5.96999979019165,6.0,5.96999979019165,6.0,1242.0
2024-03-01 11:12:00,APLS,64.375,64.375,64.4800033569336,64.375,64.38999938964844,1807.0
2024-03-01 11:12:00,APLT,7.079999923706055,7.079999923706055,7.079999923706055,7.070000171661377,7.070000171661377,1738.0
2024-03-01 11:12:00,AQST,4.235000133514404,4.235000133514404,4.235000133514404,4.235000133514404,4.235000133514404,410.0
2024-03-01 11:12:00,ARAY,2.6301000118255615,2.6301000118255615,2.6301000118255615,2.6301000118255615,2.6301000118255615,1006.0
2024-03-01 11:12:00,ARCT,39.65999984741211,39.65999984741211,39.65999984741211,39.65999984741211,39.65999984741211,810.0
2024-03-01 11:12:00,ARDX,9.510000228881836,9.510000228881836,9.555000305175781,9.510000228881836,9.550000190734863,5709.0
2024-03-01 11:12:00,ARGX,387.4200134277344,387.4200134277344,387.489990234375,387.4049987792969,387.489990234375,499.0
2024-03-01 11:12:00,ARQT,10.971199989318848,10.971199989318848,11.130000114440918,10.971199989318848,11.114999771118164,12206.0
2024-03-01 11:12:00,ARVN,48.95000076293945,48.95000076293945,49.244998931884766,48.869998931884766,49.244998931884766,1551.0
2024-03-01 11:12:00,ARWR,35.150001525878906,35.150001525878906,35.209999084472656,35.130001068115234,35.209999084472656,2407.0
2024-03-01 11:12:00,ASLN,0.8399999737739563,0.8399999737739563,0.8399999737739563,0.8399999737739563,0.8399999737739563,0.0
2024-03-01 11:12:00,ASND,149.2899932861328,149.2899932861328,149.51499938964844,149.2899932861328,149.51499938964844,644.0
2024-03-01 11:12:00,ASRT,0.910099983215332,0.910099983215332,0.910099983215332,0.9000999927520752,0.9000999927520752,534.0
2024-03-01 11:12:00,ATAI,1.9900000095367432,1.9900000095367432,1.9900000095367432,1.9900000095367432,1.9900000095367432,902.0
2024-03-01 11:12:00,ATEC,13.505000114440918,13.505000114440918,13.51990032196045,13.505000114440918,13.51990032196045,5254.0
2024-03-01 11:12:00,ATRA,0.8051999807357788,0.8051999807357788,0.8051999807357788,0.8051999807357788,0.8051999807357788,200.0
2024-03-01 11:12:00,ATRC,35.74250030517578,35.74250030517578,35.81999969482422,35.7400016784668,35.81999969482422,1198.0
2024-03-01 11:12:00,ATXS,15.25,15.25,15.270000457763672,15.207500457763672,15.239999771118164,1893.0
2024-03-01 11:12:00,AUPH,5.809999942779541,5.809999942779541,5.8125,5.809999942779541,5.8125,2047.0
2024-03-01 11:12:00,AURA,9.300000190734863,9.300000190734863,9.300000190734863,9.300000190734863,9.300000190734863,106.0
2024-03-01 11:12:00,AUTL,6.150000095367432,6.150000095367432,6.190000057220459,6.150000095367432,6.190000057220459,630.0
2024-03-01 11:12:00,AVDL,12.481900215148926,12.481900215148926,12.539999961853027,12.466500282287598,12.539999961853027,4731.0
2024-03-01 11:12:00,AVIR,4.40500020980835,4.40500020980835,4.425000190734863,4.400000095367432,4.425000190734863,5200.0
2024-03-01 11:12:00,AXGN,10.539999961853027,10.539999961853027,10.539999961853027,10.539999961853027,10.539999961853027,500.0
2024-03-01 11:12:00,AXNX,67.33000183105469,67.33000183105469,67.33000183105469,67.33000183105469,67.33000183105469,575.0
2024-03-01 11:12:00,AXSM,83.69999694824219,83.69999694824219,83.72000122070312,83.66000366210938,83.72000122070312,1437.0
2024-03-01 11:12:00,AZN,64.63999938964844,64.63999938964844,64.66999816894531,64.63999938964844,64.66999816894531,1894.0
2024-03-01 11:12:00,AZTA,66.43000030517578,66.43000030517578,66.43000030517578,66.4000015258789,66.4000015258789,484.0
2024-03-01 11:12:00,BBIO,36.125,36.125,36.125,36.125,36.125,150.0
2024-03-01 11:12:00,BBLG,2.359999895095825,2.359999895095825,2.369999885559082,2.359999895095825,2.369999885559082,2100.0
2024-03-01 11:12:00,BCAB,2.7692999839782715,2.7692999839782715,2.7692999839782715,2.7606000900268555,2.7606000900268555,1253.0
2024-03-01 11:12:00,BCRX,5.84499979019165,5.84499979019165,5.859899997711182,5.84499979019165,5.855000019073486,3151.0
2024-03-01 11:12:00,BDTX,5.110000133514404,5.110000133514404,5.119999885559082,5.110000133514404,5.119999885559082,777.0
2024-03-01 11:12:00,BEAM,40.2599983215332,40.2599983215332,40.27170181274414,40.2599983215332,40.27170181274414,768.0
2024-03-01 11:12:00,BEAT,1.4800000190734863,1.4800000190734863,1.4800000190734863,1.4800000190734863,1.4800000190734863,590.0
2024-03-01 11:12:00,BIIB,219.4499969482422,219.4499969482422,219.5800018310547,219.4499969482422,219.51499938964844,774.0
2024-03-01 11:12:00,BIVI,2.1939001083374023,2.1939001083374023,2.2200000286102295,2.180000066757202,2.217099905014038,60107.0
2024-03-01 11:12:00,BLFS,18.0,18.0,18.0,17.90999984741211,17.90999984741211,4465.0
2024-03-01 11:12:00,BLUE,1.5720000267028809,1.5720000267028809,1.590000033378601,1.5700000524520874,1.587499976158142,26043.0
2024-03-01 11:12:00,BMEA,17.690000534057617,17.690000534057617,17.690000534057617,17.690000534057617,17.690000534057617,650.0
2024-03-01 11:12:00,BMRA,1.2100000381469727,1.2100000381469727,1.2100000381469727,1.2100000381469727,1.2100000381469727,1087.0
2024-03-01 11:12:00,BMRN,86.75,86.75,86.7699966430664,86.7249984741211,86.76499938964844,647.0
2024-03-01 11:12:00,BNTC,5.075799942016602,5.075799942016602,5.075799942016602,5.075799942016602,5.075799942016602,1026.0
2024-03-01 11:12:00,BNTX,91.88999938964844,91.88999938964844,92.0,91.88999938964844,91.93000030517578,1503.0
2024-03-01 11:12:00,BPMC,96.09480285644531,96.09480285644531,96.43499755859375,96.08999633789062,96.43499755859375,4075.0
2024-03-01 11:12:00,BRKR,88.04000091552734,88.04000091552734,88.04000091552734,88.04000091552734,88.04000091552734,304.0
2024-03-01 11:12:00,BRTX,1.5298999547958374,1.5298999547958374,1.5298999547958374,1.5298999547958374,1.5298999547958374,0.0
2024-03-01 11:12:00,BTTX,0.16850000619888306,0.16850000619888306,0.16850000619888306,0.16850000619888306,0.16850000619888306,10803.0
2024-03-01 11:12:00,BWAY,6.585599899291992,6.585599899291992,6.585599899291992,6.585599899291992,6.585599899291992,699.0
2024-03-01 11:12:00,BYSI,1.399999976158142,1.399999976158142,1.440000057220459,1.399999976158142,1.4199999570846558,1402.0
2024-03-01 11:12:00,CABA,23.950000762939453,23.950000762939453,24.014999389648438,23.950000762939453,24.014999389648438,2190.0
2024-03-01 11:12:00,CARA,0.9399999976158142,0.9399999976158142,0.9399999976158142,0.9229000210762024,0.935699999332428,0.0
2024-03-01 11:12:00,CBAY,32.2400016784668,32.2400016784668,32.2400016784668,32.23500061035156,32.23500061035156,1155.0
2024-03-01 11:12:00,CCCC,10.890000343322754,10.890000343322754,10.930000305175781,10.880000114440918,10.930000305175781,20479.0
2024-03-01 11:12:00,CDNA,12.260000228881836,12.260000228881836,12.3100004196167,12.260000228881836,12.3100004196167,1707.0
2024-03-01 11:12:00,CDXS,4.505000114440918,4.505000114440918,4.565000057220459,4.505000114440918,4.565000057220459,10818.0
2024-03-01 11:12:00,CELC,15.710000038146973,15.710000038146973,15.710000038146973,15.710000038146973,15.710000038146973,107.0
2024-03-01 11:12:00,CERE,41.255001068115234,41.255001068115234,41.259498596191406,41.252498626708984,41.259498596191406,1073.0
2024-03-01 11:12:00,CERS,2.2100000381469727,2.2100000381469727,2.2100000381469727,2.2000999450683594,2.2049999237060547,14397.0
2024-03-01 11:12:00,CERT,17.549999237060547,17.549999237060547,17.735000610351562,17.549999237060547,17.735000610351562,4604.0
2024-03-01 11:12:00,CGC,3.259999990463257,3.259999990463257,3.26990008354187,3.259999990463257,3.265000104904175,4576.0
2024-03-01 11:12:00,CGEM,18.729999542236328,18.729999542236328,18.739999771118164,18.729999542236328,18.739999771118164,390.0
2024-03-01 11:12:00,CGEN,2.688800096511841,2.688800096511841,2.689500093460083,2.688800096511841,2.689500093460083,1594.0
2024-03-01 11:12:00,CHRS,2.3299999237060547,2.3299999237060547,2.339900016784668,2.3299999237060547,2.339900016784668,1218.0
2024-03-01 11:12:00,CING,1.4164999723434448,1.4164999723434448,1.4199999570846558,1.4164999723434448,1.4199999570846558,0.0
2024-03-01 11:12:00,CLDX,52.0,52.0,52.099998474121094,52.0,52.099998474121094,2146.0
2024-03-01 11:12:00,CLNN,0.39489999413490295,0.39489999413490295,0.39500001072883606,0.39489999413490295,0.39500001072883606,500.0
2024-03-01 11:12:00,CLOV,0.866100013256073,0.866100013256073,0.8666999936103821,0.8648999929428101,0.8654000163078308,33747.0
2024-03-01 11:12:00,CLRB,4.099999904632568,4.099999904632568,4.099999904632568,4.099999904632568,4.099999904632568,2000.0
2024-03-01 11:12:00,CMAX,7.858699798583984,7.858699798583984,7.858699798583984,7.858699798583984,7.858699798583984,344.0
2024-03-01 11:12:00,CMPS,11.069999694824219,11.069999694824219,11.100000381469727,11.0649995803833,11.090200424194336,3418.0
2024-03-01 11:12:00,CMPX,1.8799999952316284,1.8799999952316284,1.8799999952316284,1.8799999952316284,1.8799999952316284,101.0
2024-03-01 11:12:00,CMRX,1.1399999856948853,1.1399999856948853,1.1399999856948853,1.1398999691009521,1.1398999691009521,2408.0
2024-03-01 11:12:00,CNTA,10.720000267028809,10.720000267028809,10.720000267028809,10.720000267028809,10.720000267028809,101.0
2024-03-01 11:12:00,COGT,7.150000095367432,7.150000095367432,7.199999809265137,7.150000095367432,7.199999809265137,2890.0
2024-03-01 11:12:00,COLL,36.90999984741211,36.90999984741211,37.02000045776367,36.90999984741211,37.02000045776367,1238.0
2024-03-01 11:12:00,CORT,23.8700008392334,23.8700008392334,23.889999389648438,23.8700008392334,23.889999389648438,988.0
2024-03-01 11:12:00,CPRX,17.295000076293945,17.295000076293945,17.341400146484375,17.295000076293945,17.33009910583496,3382.0
2024-03-01 11:12:00,CPSI,9.569999694824219,9.569999694824219,9.630000114440918,9.569999694824219,9.620100021362305,2253.0
2024-03-01 11:12:00,CRBU,8.09000015258789,8.09000015258789,8.109999656677246,8.09000015258789,8.109999656677246,927.0
2024-03-01 11:12:00,CRDF,2.659899950027466,2.659899950027466,2.659899950027466,2.5199999809265137,2.619999885559082,321194.0
2024-03-01 11:12:00,CRMD,3.7049999237060547,3.7049999237060547,3.7049999237060547,3.7049999237060547,3.7049999237060547,616.0
2024-03-01 11:12:00,CRNX,45.7599983215332,45.7599983215332,45.779998779296875,45.63999938964844,45.68000030517578,1429.0
2024-03-01 11:12:00,CRON,2.050299882888794,2.050299882888794,2.055000066757202,2.050299882888794,2.055000066757202,2025.0
2024-03-01 11:12:00,CRSP,85.5374984741211,85.5374984741211,85.7699966430664,85.5374984741211,85.76000213623047,2995.0
2024-03-01 11:12:00,CSTL,19.9950008392334,19.9950008392334,20.0,19.979999542236328,20.0,1316.0
2024-03-01 11:12:00,CTKB,8.380000114440918,8.380000114440918,8.380000114440918,8.369999885559082,8.375,1165.0
2024-03-01 11:12:00,CTMX,2.5399999618530273,2.5399999618530273,2.5399999618530273,2.537600040435791,2.537600040435791,443.0
2024-03-01 11:12:00,CTXR,0.7847999930381775,0.7847999930381775,0.7847999930381775,0.7847999930381775,0.7847999930381775,200.0
2024-03-01 11:12:00,CUTR,2.3498001098632812,2.3498001098632812,2.3498001098632812,2.3498001098632812,2.3498001098632812,2456.0
2024-03-01 11:12:00,CVRX,19.920000076293945,19.920000076293945,19.920000076293945,19.920000076293945,19.920000076293945,135.0
2024-03-01 11:12:00,CYTH,1.649899959564209,1.649899959564209,1.649899959564209,1.649899959564209,1.649899959564209,919.0
2024-03-01 11:12:00,CYTK,74.20999908447266,74.20999908447266,74.38999938964844,74.20999908447266,74.38999938964844,1252.0
2024-03-01 11:12:00,CYTO,2.1649999618530273,2.1649999618530273,2.180000066757202,2.140000104904175,2.140000104904175,1177.0
2024-03-01 11:12:00,DARE,0.5575000047683716,0.5575000047683716,0.5575000047683716,0.5575000047683716,0.5575000047683716,2000.0
2024-03-01 11:12:00,DAWN,17.459999084472656,17.459999084472656,17.459999084472656,17.459999084472656,17.459999084472656,307.0
2024-03-01 11:12:00,DCGO,4.119999885559082,4.119999885559082,4.119999885559082,4.119999885559082,4.119999885559082,301.0
2024-03-01 11:12:00,DCPH,16.985000610351562,16.985000610351562,17.049999237060547,16.985000610351562,17.049999237060547,1434.0
2024-03-01 11:12:00,DH,9.079999923706055,9.079999923706055,9.079999923706055,9.079999923706055,9.079999923706055,440.0
2024-03-01 11:12:00,DNLI,20.799999237060547,20.799999237060547,20.829999923706055,20.799999237060547,20.829999923706055,1126.0
2024-03-01 11:12:00,DRUG,1.7999999523162842,1.7999999523162842,1.7999999523162842,1.7999999523162842,1.7999999523162842,0.0
2024-03-01 11:12:00,DSGN,2.9000000953674316,2.9000000953674316,2.9000000953674316,2.9000000953674316,2.9000000953674316,217.0
2024-03-01 11:12:00,DVAX,12.821100234985352,12.821100234985352,12.835000038146973,12.821100234985352,12.835000038146973,1618.0
2024-03-01 11:12:00,DXCM,118.88500213623047,118.88500213623047,118.9800033569336,118.86000061035156,118.93499755859375,10288.0
2024-03-01 11:12:00,DYN,28.959999084472656,28.959999084472656,29.114999771118164,28.959999084472656,29.114999771118164,6651.0
2024-03-01 11:12:00,EDAP,6.775400161743164,6.775400161743164,6.775400161743164,6.775400161743164,6.775400161743164,200.0
2024-03-01 11:12:00,EDIT,10.975000381469727,10.975000381469727,11.027000427246094,10.975000381469727,11.027000427246094,5204.0
2024-03-01 11:12:00,ELEV,4.985000133514404,4.985000133514404,5.0,4.965000152587891,4.9653000831604,6340.0
2024-03-01 11:12:00,EMBC,14.444999694824219,14.444999694824219,14.444999694824219,14.444999694824219,14.444999694824219,289.0
2024-03-01 11:12:00,ENSC,0.9230999946594238,0.9230999946594238,0.9230999946594238,0.9230999946594238,0.9230999946594238,0.0
2024-03-01 11:12:00,ENSG,123.96499633789062,123.96499633789062,124.05999755859375,123.96499633789062,124.0426025390625,1339.0
2024-03-01 11:12:00,ENTA,15.204999923706055,15.204999923706055,15.204999923706055,15.159899711608887,15.159899711608887,1076.0
2024-03-01 11:12:00,ENVB,1.6799999475479126,1.6799999475479126,1.684999942779541,1.6699999570846558,1.6799999475479126,18197.0
2024-03-01 11:12:00,EOLS,14.640000343322754,14.640000343322754,14.640000343322754,14.640000343322754,14.640000343322754,108.0
2024-03-01 11:12:00,EPIX,9.550000190734863,9.550000190734863,9.619999885559082,9.550000190734863,9.619999885559082,1813.0
2024-03-01 11:12:00,EQ,2.4800000190734863,2.4800000190734863,2.4800000190734863,2.4500999450683594,2.4500999450683594,1251.0
2024-03-01 11:12:00,ESPR,2.4749999046325684,2.4749999046325684,2.4800000190734863,2.4749999046325684,2.4800000190734863,4237.0
2024-03-01 11:12:00,ESTA,45.564998626708984,45.564998626708984,45.564998626708984,45.564998626708984,45.564998626708984,210.0
2024-03-01 11:12:00,ETNB,12.8100004196167,12.8100004196167,12.899999618530273,12.8100004196167,12.899999618530273,3405.0
2024-03-01 11:12:00,EVLO,0.0637499988079071,0.0637499988079071,0.06894999742507935,0.0637499988079071,0.06894999742507935,12500.0
2024-03-01 11:12:00,EWTX,16.920000076293945,16.920000076293945,16.96500015258789,16.920000076293945,16.96500015258789,1643.0
2024-03-01 11:12:00,EXAS,60.029998779296875,60.029998779296875,60.04029846191406,60.029998779296875,60.04029846191406,2044.0
2024-03-01 11:12:00,EXEL,22.459999084472656,22.459999084472656,22.5,22.459999084472656,22.5,3881.0
2024-03-01 11:12:00,EYEN,2.239500045776367,2.239500045776367,2.239500045776367,2.239500045776367,2.239500045776367,749.0
2024-03-01 11:12:00,EYPT,28.0,28.0,28.079999923706055,28.0,28.079999923706055,700.0
2024-03-01 11:12:00,FATE,7.460000038146973,7.460000038146973,7.480000019073486,7.460000038146973,7.480000019073486,2125.0
2024-03-01 11:12:00,FBIO,2.260999917984009,2.260999917984009,2.260999917984009,2.260999917984009,2.260999917984009,489.0
2024-03-01 11:12:00,FDMT,28.854999542236328,28.854999542236328,28.985000610351562,28.854999542236328,28.985000610351562,1744.0
2024-03-01 11:12:00,FGEN,1.75,1.75,1.75,1.75,1.75,5850.0
2024-03-01 11:12:00,FOLD,13.454999923706055,13.454999923706055,13.5,13.454999923706055,13.5,3614.0
2024-03-01 11:12:00,FULC,10.747200012207031,10.747200012207031,10.747200012207031,10.738800048828125,10.739999771118164,605.0
2024-03-01 11:12:00,FUSN,12.100000381469727,12.100000381469727,12.100000381469727,12.100000381469727,12.100000381469727,322.0
2024-03-01 11:12:00,FWBI,8.000499725341797,8.000499725341797,8.095000267028809,8.000499725341797,8.095000267028809,258.0
2024-03-01 11:12:00,GANX,4.590000152587891,4.590000152587891,4.590000152587891,4.590000152587891,4.590000152587891,538.0
2024-03-01 11:12:00,GCTK,0.29980000853538513,0.29980000853538513,0.29980000853538513,0.29980000853538513,0.29980000853538513,100.0
2024-03-01 11:12:00,GDRX,8.240699768066406,8.240699768066406,8.25,8.239999771118164,8.25,2540.0
2024-03-01 11:12:00,GERN,2.1500000953674316,2.1500000953674316,2.1500000953674316,2.140500068664551,2.1500000953674316,5664.0
2024-03-01 11:12:00,GH,19.309999465942383,19.309999465942383,19.315200805664062,19.290000915527344,19.30500030517578,4729.0
2024-03-01 11:12:00,GILD,72.43499755859375,72.43499755859375,72.48999786376953,72.43000030517578,72.48999786376953,6305.0
2024-03-01 11:12:00,GLPG,35.04999923706055,35.04999923706055,35.11000061035156,35.04999923706055,35.11000061035156,548.0
2024-03-01 11:12:00,GMAB,29.389999389648438,29.389999389648438,29.43000030517578,29.389999389648438,29.43000030517578,1615.0
2024-03-01 11:12:00,GOSS,1.3600000143051147,1.3600000143051147,1.3698999881744385,1.3600000143051147,1.3650000095367432,1180.0
2024-03-01 11:12:00,GRFS,7.058000087738037,7.058000087738037,7.059999942779541,7.045000076293945,7.050000190734863,1946.0
2024-03-01 11:12:00,GRTS,2.219899892807007,2.219899892807007,2.2200000286102295,2.2149999141693115,2.2200000286102295,1630.0
2024-03-01 11:12:00,GTHX,3.490000009536743,3.490000009536743,3.490000009536743,3.4700000286102295,3.4800000190734863,6326.0
2024-03-01 11:12:00,HALO,41.29999923706055,41.29999923706055,41.33000183105469,41.29999923706055,41.33000183105469,1666.0
2024-03-01 11:12:00,HARP,22.93000030517578,22.93000030517578,22.93000030517578,22.93000030517578,22.93000030517578,100.0
2024-03-01 11:12:00,HCAT,7.940000057220459,7.940000057220459,7.940000057220459,7.940000057220459,7.940000057220459,312.0
2024-03-01 11:12:00,HCSG,12.720000267028809,12.720000267028809,12.725000381469727,12.720000267028809,12.725000381469727,444.0
2024-03-01 11:12:00,HCTI,2.4428999423980713,2.4428999423980713,2.449899911880493,2.380000114440918,2.380000114440918,1453.0
2024-03-01 11:12:00,HITI,1.7599999904632568,1.7599999904632568,1.76010000705719,1.7599999904632568,1.76010000705719,10478.0
2024-03-01 11:12:00,HLVX,18.739999771118164,18.739999771118164,18.75,18.739999771118164,18.75,260.0
2024-03-01 11:12:00,HOLX,74.0,74.0,74.0250015258789,74.0,74.0250015258789,1667.0
2024-03-01 11:12:00,HOWL,6.980000019073486,6.980000019073486,6.980000019073486,6.980000019073486,6.980000019073486,217.0
2024-03-01 11:12:00,HQY,81.6500015258789,81.6500015258789,81.6500015258789,81.6500015258789,81.6500015258789,347.0
2024-03-01 11:12:00,HRMY,31.389999389648438,31.389999389648438,31.440000534057617,31.389999389648438,31.440000534057617,1035.0
2024-03-01 11:12:00,HRTX,2.6500000953674316,2.6500000953674316,2.6600000858306885,2.6500000953674316,2.6500000953674316,1622.0
2024-03-01 11:12:00,HSIC,76.87000274658203,76.87000274658203,77.01000213623047,76.87000274658203,77.01000213623047,1398.0
2024-03-01 11:12:00,HSTM,27.537799835205078,27.537799835205078,27.56999969482422,27.537799835205078,27.56999969482422,351.0
2024-03-01 11:12:00,HUMA,3.244999885559082,3.244999885559082,3.25,3.240000009536743,3.240000009536743,9517.0
2024-03-01 11:12:00,IART,36.8650016784668,36.8650016784668,36.8650016784668,36.83000183105469,36.84000015258789,778.0
2024-03-01 11:12:00,IBRX,4.860000133514404,4.860000133514404,4.864999771118164,4.860000133514404,4.864999771118164,2097.0
2024-03-01 11:12:00,ICAD,1.899999976158142,1.899999976158142,1.899999976158142,1.899999976158142,1.899999976158142,7406.0
2024-03-01 11:12:00,ICLR,323.57501220703125,323.57501220703125,323.57501220703125,323.57501220703125,323.57501220703125,1855.0
2024-03-01 11:12:00,ICUI,106.83999633789062,106.83999633789062,106.88999938964844,106.83999633789062,106.88999938964844,256.0
2024-03-01 11:12:00,IDYA,46.025001525878906,46.025001525878906,46.084999084472656,46.025001525878906,46.08250045776367,862.0
2024-03-01 11:12:00,IFRX,1.8200000524520874,1.8200000524520874,1.8200000524520874,1.8200000524520874,1.8200000524520874,192.0
2024-03-01 11:12:00,IGMS,13.279999732971191,13.279999732971191,13.380000114440918,13.279999732971191,13.367500305175781,5385.0
2024-03-01 11:12:00,ILMN,141.80999755859375,141.80999755859375,141.80999755859375,141.72000122070312,141.72000122070312,924.0
2024-03-01 11:12:00,IMCR,68.1500015258789,68.1500015258789,68.1500015258789,68.1500015258789,68.1500015258789,203.0
2024-03-01 11:12:00,IMNM,25.25,25.25,25.25,25.190000534057617,25.25,2331.0
2024-03-01 11:12:00,IMNN,1.125,1.125,1.125,1.125,1.125,1105.0
2024-03-01 11:12:00,IMTX,13.069999694824219,13.069999694824219,13.069999694824219,13.069999694824219,13.069999694824219,1750.0
2024-03-01 11:12:00,IMUX,1.4895000457763672,1.4895000457763672,1.4900000095367432,1.4895000457763672,1.4900000095367432,1608.0
2024-03-01 11:12:00,IMVT,36.189998626708984,36.189998626708984,36.19499969482422,36.189998626708984,36.19499969482422,1055.0
2024-03-01 11:12:00,INAB,1.1050000190734863,1.1050000190734863,1.1050000190734863,1.1050000190734863,1.1050000190734863,200.0
2024-03-01 11:12:00,INBX,36.95000076293945,36.95000076293945,36.95000076293945,36.95000076293945,36.95000076293945,1381.0
2024-03-01 11:12:00,INCY,59.29499816894531,59.29499816894531,59.400001525878906,59.27000045776367,59.400001525878906,3405.0
2024-03-01 11:12:00,INGN,6.834199905395508,6.834199905395508,6.834199905395508,6.834199905395508,6.834199905395508,136.0
2024-03-01 11:12:00,INMD,22.860000610351562,22.860000610351562,22.899999618530273,22.860000610351562,22.899900436401367,5098.0
2024-03-01 11:12:00,INO,9.0,9.0,9.0,9.0,9.0,464.0
2024-03-01 11:12:00,INSM,28.170000076293945,28.170000076293945,28.260000228881836,28.170000076293945,28.260000228881836,1615.0
2024-03-01 11:12:00,INVA,15.675000190734863,15.675000190734863,15.675000190734863,15.635000228881836,15.635000228881836,2228.0
2024-03-01 11:12:00,IONS,45.84000015258789,45.84000015258789,45.88999938964844,45.84000015258789,45.88999938964844,1527.0
2024-03-01 11:12:00,IOVA,16.425399780273438,16.425399780273438,16.450000762939453,16.425399780273438,16.450000762939453,6160.0
2024-03-01 11:12:00,IPSC,3.799999952316284,3.799999952316284,3.799999952316284,3.7950000762939453,3.799999952316284,700.0
2024-03-01 11:12:00,IRMD,41.599998474121094,41.599998474121094,41.66999816894531,41.56999969482422,41.66999816894531,2191.0
2024-03-01 11:12:00,IRTC,120.16000366210938,120.16000366210938,120.16999816894531,120.1500015258789,120.16999816894531,912.0
2024-03-01 11:12:00,IRWD,9.074999809265137,9.074999809265137,9.079999923706055,8.984999656677246,8.984999656677246,23331.0
2024-03-01 11:12:00,ISRG,392.79998779296875,392.79998779296875,392.82000732421875,392.79998779296875,392.82000732421875,660.0
2024-03-01 11:12:00,IVVD,3.950000047683716,3.950000047683716,3.9800000190734863,3.950000047683716,3.9800000190734863,4642.0
2024-03-01 11:12:00,JAGX,0.08389999717473984,0.08389999717473984,0.08550000190734863,0.08330000191926956,0.08540000021457672,631346.0
2024-03-01 11:12:00,JANX,46.3849983215332,46.3849983215332,46.3849983215332,46.3849983215332,46.3849983215332,422.0
2024-03-01 11:12:00,KNSA,21.850000381469727,21.850000381469727,21.915000915527344,21.850000381469727,21.915000915527344,1209.0
2024-03-01 11:12:00,KOD,6.135000228881836,6.135000228881836,6.144999980926514,6.135000228881836,6.144999980926514,387.0
2024-03-01 11:12:00,KPTI,1.2300000190734863,1.2300000190734863,1.25,1.2300000190734863,1.2450000047683716,2860.0
2024-03-01 11:12:00,KRMD,2.125,2.125,2.125,2.125,2.125,520.0
2024-03-01 11:12:00,KRTX,316.4750061035156,316.4750061035156,316.4750061035156,316.4750061035156,316.4750061035156,360.0
2024-03-01 11:12:00,KRYS,166.47000122070312,166.47000122070312,167.94000244140625,166.47000122070312,167.94000244140625,1686.0
2024-03-01 11:12:00,KTRA,0.10080000013113022,0.10080000013113022,0.10080000013113022,0.10080000013113022,0.10080000013113022,0.0
2024-03-01 11:12:00,KURA,21.309999465942383,21.309999465942383,21.31999969482422,21.309999465942383,21.31999969482422,771.0
2024-03-01 11:12:00,KYMR,43.869998931884766,43.869998931884766,43.88999938964844,43.869998931884766,43.88999938964844,383.0
2024-03-01 11:12:00,LAB,2.390000104904175,2.390000104904175,2.4000000953674316,2.390000104904175,2.390000104904175,10346.0
2024-03-01 11:12:00,LBPH,21.3799991607666,21.3799991607666,21.3799991607666,21.3799991607666,21.3799991607666,123.0
2024-03-01 11:12:00,LEGN,65.91000366210938,65.91000366210938,65.91000366210938,65.91000366210938,65.91000366210938,237.0
2024-03-01 11:12:00,LFMD,7.954999923706055,7.954999923706055,7.954999923706055,7.954999923706055,7.954999923706055,129.0
2024-03-01 11:12:00,LFST,8.005000114440918,8.005000114440918,8.005000114440918,7.989999771118164,7.998000144958496,11163.0
2024-03-01 11:12:00,LGND,79.95999908447266,79.95999908447266,79.95999908447266,79.95999908447266,79.95999908447266,262.0
2024-03-01 11:12:00,LGVN,0.5458999872207642,0.5458999872207642,0.5458999872207642,0.5458999872207642,0.5458999872207642,101.0
2024-03-01 11:12:00,LIFE,1.934999942779541,1.934999942779541,1.934999942779541,1.934999942779541,1.934999942779541,334.0
2024-03-01 11:12:00,LIVN,55.0099983215332,55.0099983215332,55.040000915527344,55.0099983215332,55.040000915527344,610.0
2024-03-01 11:12:00,LMAT,66.63999938964844,66.63999938964844,67.06999969482422,66.63999938964844,67.06999969482422,1220.0
2024-03-01 11:12:00,LNTH,65.55000305175781,65.55000305175781,65.5999984741211,65.55000305175781,65.5999984741211,662.0
2024-03-01 11:12:00,LQDA,14.380000114440918,14.380000114440918,14.390000343322754,14.380000114440918,14.390000343322754,1152.0
2024-03-01 11:12:00,LUCY,0.39399999380111694,0.39399999380111694,0.39399999380111694,0.39399999380111694,0.39399999380111694,5147.0
2024-03-01 11:12:00,LVTX,3.0299999713897705,3.0299999713897705,3.0299999713897705,3.009999990463257,3.0199999809265137,1475.0
2024-03-01 11:12:00,LXRX,2.4030001163482666,2.4030001163482666,2.4130001068115234,2.4030001163482666,2.4130001068115234,3302.0
2024-03-01 11:12:00,LYEL,3.1500000953674316,3.1500000953674316,3.1500000953674316,3.1500000953674316,3.1500000953674316,551.0
2024-03-01 11:12:00,MACK,14.720000267028809,14.720000267028809,14.720000267028809,14.720000267028809,14.720000267028809,451.0
2024-03-01 11:12:00,MASI,126.83999633789062,126.83999633789062,126.83999633789062,126.83999633789062,126.83999633789062,367.0
2024-03-01 11:12:00,MASS,7.420000076293945,7.420000076293945,7.420000076293945,7.420000076293945,7.420000076293945,191.0
2024-03-01 11:12:00,MCRB,1.1799999475479126,1.1799999475479126,1.1799999475479126,1.1799999475479126,1.1799999475479126,202.0
2024-03-01 11:12:00,MDGL,240.22999572753906,240.22999572753906,240.22999572753906,240.22999572753906,240.22999572753906,505.0
2024-03-01 11:12:00,MDRX,6.0,6.0,6.0,5.849999904632568,6.0,15469.0
2024-03-01 11:12:00,MDXG,8.635000228881836,8.635000228881836,8.635000228881836,8.635000228881836,8.635000228881836,205.0
2024-03-01 11:12:00,ME,0.5834000110626221,0.5834000110626221,0.5870000123977661,0.5834000110626221,0.5870000123977661,26809.0
2024-03-01 11:12:00,MGNX,19.219999313354492,19.219999313354492,19.350000381469727,19.219999313354492,19.329999923706055,3525.0
2024-03-01 11:12:00,MIRM,29.950000762939453,29.950000762939453,29.950000762939453,29.950000762939453,29.950000762939453,751.0
2024-03-01 11:12:00,MLTX,51.619998931884766,51.619998931884766,51.619998931884766,51.619998931884766,51.619998931884766,116.0
2024-03-01 11:12:00,MMSI,76.0,76.0,76.11000061035156,76.0,76.11000061035156,1130.0
2024-03-01 11:12:00,MNKD,4.610000133514404,4.610000133514404,4.610000133514404,4.605000019073486,4.610000133514404,2404.0
2024-03-01 11:12:00,MNMD,5.909999847412109,5.909999847412109,5.910099983215332,5.909999847412109,5.910099983215332,872.0
2024-03-01 11:12:00,MOR,17.610000610351562,17.610000610351562,17.6200008392334,17.610000610351562,17.6200008392334,600.0
2024-03-01 11:12:00,MORF,38.709999084472656,38.709999084472656,38.709999084472656,38.709999084472656,38.709999084472656,131.0
2024-03-01 11:12:00,MRAI,1.5333000421524048,1.5333000421524048,1.5333000421524048,1.5333000421524048,1.5333000421524048,6003.0
2024-03-01 11:12:00,MREO,3.799999952316284,3.799999952316284,3.8099000453948975,3.799999952316284,3.8099000453948975,1610.0
2024-03-01 11:12:00,MRNA,95.54000091552734,95.54000091552734,95.70999908447266,95.54000091552734,95.70600128173828,16956.0
2024-03-01 11:12:00,MRNS,9.76990032196045,9.76990032196045,9.779999732971191,9.76990032196045,9.779999732971191,402.0
2024-03-01 11:12:00,MRSN,5.819399833679199,5.819399833679199,5.855000019073486,5.815000057220459,5.855000019073486,2716.0
2024-03-01 11:12:00,MRUS,50.275001525878906,50.275001525878906,50.380001068115234,50.25,50.25,2971.0
2024-03-01 11:12:00,MRVI,7.860000133514404,7.860000133514404,7.860000133514404,7.860000133514404,7.860000133514404,407.0
2024-03-01 11:12:00,MXCT,4.744999885559082,4.744999885559082,4.744999885559082,4.744999885559082,4.744999885559082,200.0
2024-03-01 11:12:00,MYGN,21.625,21.625,21.65999984741211,21.610000610351562,21.65999984741211,1790.0
2024-03-01 11:12:00,NARI,45.459999084472656,45.459999084472656,45.58000183105469,45.459999084472656,45.58000183105469,4719.0
2024-03-01 11:12:00,NAUT,2.6342999935150146,2.6342999935150146,2.6342999935150146,2.6342999935150146,2.6342999935150146,507.0
2024-03-01 11:12:00,NBIX,129.89999389648438,129.89999389648438,130.16000366210938,129.8800048828125,130.14999389648438,4127.0
2024-03-01 11:12:00,NEO,16.079999923706055,16.079999923706055,16.110000610351562,16.079999923706055,16.110000610351562,338.0
2024-03-01 11:12:00,NEOG,17.25200080871582,17.25200080871582,17.260000228881836,17.25200080871582,17.260000228881836,262.0
2024-03-01 11:12:00,NKTR,0.7430999875068665,0.7430999875068665,0.7430999875068665,0.7430999875068665,0.7430999875068665,617.0
2024-03-01 11:12:00,NKTX,12.420000076293945,12.420000076293945,12.420000076293945,12.420000076293945,12.420000076293945,116.0
2024-03-01 11:12:00,NNOX,11.10669994354248,11.10669994354248,11.169899940490723,11.10669994354248,11.140000343322754,8911.0
2024-03-01 11:12:00,NOTV,7.791399955749512,7.791399955749512,7.809999942779541,7.78000020980835,7.800000190734863,1418.0
2024-03-01 11:12:00,NRBO,5.619999885559082,5.619999885559082,5.619999885559082,5.610000133514404,5.610000133514404,559.0
2024-03-01 11:12:00,NRIX,13.300000190734863,13.300000190734863,13.34000015258789,13.300000190734863,13.319999694824219,1933.0
2024-03-01 11:12:00,NRXP,0.4205999970436096,0.4205999970436096,0.4205999970436096,0.4205999970436096,0.4205999970436096,100.0
2024-03-01 11:12:00,NTLA,33.51499938964844,33.51499938964844,33.51499938964844,33.51250076293945,33.51250076293945,488.0
2024-03-01 11:12:00,NTRA,89.41999816894531,89.41999816894531,89.55439758300781,89.41999816894531,89.51329803466797,5006.0
2024-03-01 11:12:00,NUVL,87.70500183105469,87.70500183105469,87.70500183105469,87.70500183105469,87.70500183105469,126.0
2024-03-01 11:12:00,NVAX,5.09499979019165,5.09499979019165,5.125,5.090000152587891,5.125,23514.0
2024-03-01 11:12:00,NVCR,16.190000534057617,16.190000534057617,16.190000534057617,16.174400329589844,16.174400329589844,662.0
2024-03-01 11:12:00,NVNO,6.46999979019165,6.46999979019165,6.46999979019165,6.46999979019165,6.46999979019165,332.0
2024-03-01 11:12:00,NVOS,0.6201000213623047,0.6201000213623047,0.6201000213623047,0.6201000213623047,0.6201000213623047,1984.0
2024-03-01 11:12:00,NXTC,1.7949999570846558,1.7949999570846558,1.7949999570846558,1.7949999570846558,1.7949999570846558,300.0
2024-03-01 11:12:00,OCGN,0.9291999936103821,0.9291999936103821,0.9291999936103821,0.9289000034332275,0.9290000200271606,3348.0
2024-03-01 11:12:00,OCUL,10.399999618530273,10.399999618530273,10.429100036621094,10.399999618530273,10.420000076293945,1029.0
2024-03-01 11:12:00,OCUP,2.5199999809265137,2.5199999809265137,2.5199999809265137,2.5199999809265137,2.5199999809265137,200.0
2024-03-01 11:12:00,OFIX,12.994999885559082,12.994999885559082,13.010000228881836,12.994999885559082,13.010000228881836,499.0
2024-03-01 11:12:00,OGI,2.100100040435791,2.100100040435791,2.100100040435791,2.100100040435791,2.100100040435791,1005.0
2024-03-01 11:12:00,OLK,22.649999618530273,22.649999618530273,22.655000686645508,22.649999618530273,22.655000686645508,641.0
2024-03-01 11:12:00,OLMA,12.930000305175781,12.930000305175781,12.960000038146973,12.930000305175781,12.960000038146973,415.0
2024-03-01 11:12:00,OMER,4.739999771118164,4.739999771118164,4.739999771118164,4.739999771118164,4.739999771118164,105.0
2024-03-01 11:12:00,OMGA,4.19980001449585,4.19980001449585,4.19980001449585,4.19980001449585,4.19980001449585,190.0
2024-03-01 11:13:00,ABCL,5.15500020980835,5.15500020980835,5.15500020980835,5.15500020980835,5.15500020980835,200.0
2024-03-01 11:13:00,ABEO,7.445000171661377,7.445000171661377,7.459700107574463,7.440000057220459,7.440000057220459,564.0
2024-03-01 11:13:00,ABSI,5.130000114440918,5.130000114440918,5.130000114440918,5.130000114440918,5.130000114440918,1165.0
2024-03-01 11:13:00,ACAD,23.889999389648438,23.889999389648438,23.899999618530273,23.889999389648438,23.895000457763672,1728.0
2024-03-01 11:13:00,ACB,3.119999885559082,3.119999885559082,3.119999885559082,3.1050000190734863,3.1050000190734863,1041.0
2024-03-01 11:13:00,ACCD,10.295000076293945,10.295000076293945,10.295000076293945,10.279999732971191,10.279999732971191,670.0
2024-03-01 11:13:00,ACET,2.3949999809265137,2.3949999809265137,2.3949999809265137,2.390000104904175,2.390000104904175,1571.0
2024-03-01 11:13:00,ACHC,83.81999969482422,83.81999969482422,83.81999969482422,83.81999969482422,83.81999969482422,295.0
2024-03-01 11:13:00,ACLX,67.68000030517578,67.68000030517578,67.68000030517578,67.68000030517578,67.68000030517578,715.0
2024-03-01 11:13:00,ACONW,0.05000000074505806,0.05000000074505806,0.05000000074505806,0.05000000074505806,0.05000000074505806,2600.0
2024-03-01 11:13:00,ACRS,1.2200000286102295,1.2200000286102295,1.2200000286102295,1.2200000286102295,1.2200000286102295,600.0
2024-03-01 11:13:00,ACST,3.40939998626709,3.40939998626709,3.40939998626709,3.4000000953674316,3.4000000953674316,1198.0
2024-03-01 11:13:00,ADIL,3.0,3.0,3.049999952316284,2.9900999069213867,3.0199999809265137,33970.0
2024-03-01 11:13:00,ADMA,5.335000038146973,5.335000038146973,5.340000152587891,5.335000038146973,5.340000152587891,3922.0
2024-03-01 11:13:00,ADPT,4.210000038146973,4.210000038146973,4.210000038146973,4.195000171661377,4.199999809265137,2631.0
2024-03-01 11:13:00,ADVM,1.940000057220459,1.940000057220459,1.940000057220459,1.940000057220459,1.940000057220459,250.0
2024-03-01 11:13:00,AFMD,0.6100000143051147,0.6100000143051147,0.6100000143051147,0.6000000238418579,0.6026999950408936,1558.0
2024-03-01 11:13:00,AGEN,0.6671000123023987,0.6671000123023987,0.6671000123023987,0.6669999957084656,0.6671000123023987,22387.0
2024-03-01 11:13:00,AGIO,32.83000183105469,32.83000183105469,32.83000183105469,32.814998626708984,32.814998626708984,628.0
2024-03-01 11:13:00,AHCO,10.819999694824219,10.819999694824219,10.819999694824219,10.819999694824219,10.819999694824219,412.0
2024-03-01 11:13:00,AIMD,1.0,1.0,1.0,1.0,1.0,101.0
2024-03-01 11:13:00,AKAN,0.2370000034570694,0.2370000034570694,0.2370000034570694,0.2370000034570694,0.2370000034570694,1260.0
2024-03-01 11:13:00,AKBA,1.684999942779541,1.684999942779541,1.684999942779541,1.6713000535964966,1.6749999523162842,27176.0
2024-03-01 11:13:00,AKRO,29.71500015258789,29.71500015258789,29.769500732421875,29.59000015258789,29.6299991607666,2319.0
2024-03-01 11:13:00,ALDX,4.130000114440918,4.130000114440918,4.130000114440918,4.130000114440918,4.130000114440918,304.0
2024-03-01 11:13:00,ALGN,299.62799072265625,299.62799072265625,299.69000244140625,299.62799072265625,299.69000244140625,842.0
2024-03-01 11:13:00,ALGS,1.0399999618530273,1.0399999618530273,1.0399999618530273,1.0399999618530273,1.0399999618530273,1900.0
2024-03-01 11:13:00,ALHC,5.889999866485596,5.889999866485596,5.889999866485596,5.880000114440918,5.880000114440918,811.0
2024-03-01 11:13:00,ALKS,30.200000762939453,30.200000762939453,30.204999923706055,30.200000762939453,30.204999923706055,1259.0
2024-03-01 11:13:00,ALLK,1.600000023841858,1.600000023841858,1.600000023841858,1.600000023841858,1.600000023841858,182.0
2024-03-01 11:13:00,ALLO,5.014999866485596,5.014999866485596,5.014999866485596,5.0,5.0,1570.0
2024-03-01 11:13:00,ALPN,35.9900016784668,35.9900016784668,36.27000045776367,35.9900016784668,36.060001373291016,23149.0
2024-03-01 11:13:00,ALT,12.109999656677246,12.109999656677246,12.119999885559082,12.095000267028809,12.095000267028809,5365.0
2024-03-01 11:13:00,ALVO,15.664999961853027,15.664999961853027,15.664999961853027,15.664999961853027,15.664999961853027,200.0
2024-03-01 11:13:00,ALZN,0.9399999976158142,0.9399999976158142,0.9399999976158142,0.9399999976158142,0.9399999976158142,225.0
2024-03-01 11:13:00,AMED,93.5199966430664,93.5199966430664,93.5199966430664,93.5199966430664,93.5199966430664,315.0
2024-03-01 11:13:00,AMGN,280.8599853515625,280.8599853515625,280.8599853515625,280.65008544921875,280.7799987792969,5558.0
2024-03-01 11:13:00,AMLX,18.780000686645508,18.780000686645508,18.795000076293945,18.780000686645508,18.795000076293945,980.0
2024-03-01 11:13:00,AMPH,45.77000045776367,45.77000045776367,45.77000045776367,45.70500183105469,45.70500183105469,2695.0
2024-03-01 11:13:00,AMRN,1.0499999523162842,1.0499999523162842,1.0549999475479126,1.0499999523162842,1.0549999475479126,658.0
2024-03-01 11:13:00,ANGO,5.5,5.5,5.5,5.5,5.5,222.0
2024-03-01 11:13:00,ANIX,3.530100107192993,3.530100107192993,3.530100107192993,3.530100107192993,3.530100107192993,466.0
2024-03-01 11:13:00,ANNX,5.974999904632568,5.974999904632568,5.97730016708374,5.960000038146973,5.960000038146973,1215.0
2024-03-01 11:13:00,ANTX,2.940000057220459,2.940000057220459,2.944999933242798,2.940000057220459,2.944999933242798,400.0
2024-03-01 11:13:00,APLS,64.36499786376953,64.36499786376953,64.41000366210938,64.33999633789062,64.36499786376953,21043.0
2024-03-01 11:13:00,APLT,7.065000057220459,7.065000057220459,7.090000152587891,7.065000057220459,7.070000171661377,1889.0
2024-03-01 11:13:00,AQST,4.195000171661377,4.195000171661377,4.235000133514404,4.195000171661377,4.230000019073486,7609.0
2024-03-01 11:13:00,ARAY,2.625,2.625,2.6301000118255615,2.625,2.630000114440918,1537.0
2024-03-01 11:13:00,ARDX,9.520000457763672,9.520000457763672,9.520000457763672,9.515000343322754,9.518899917602539,2167.0
2024-03-01 11:13:00,ARGX,387.6050109863281,387.6050109863281,387.67999267578125,387.6050109863281,387.67999267578125,646.0
2024-03-01 11:13:00,ARQT,11.039999961853027,11.039999961853027,11.039999961853027,10.975000381469727,10.975000381469727,3764.0
2024-03-01 11:13:00,ARVN,48.79999923706055,48.79999923706055,48.880001068115234,48.709999084472656,48.849998474121094,9414.0
2024-03-01 11:13:00,ARWR,35.22999954223633,35.22999954223633,35.22999954223633,35.150001525878906,35.15999984741211,3121.0
2024-03-01 11:13:00,ASND,149.1699981689453,149.1699981689453,149.1699981689453,149.1699981689453,149.1699981689453,200.0
2024-03-01 11:13:00,ATAI,1.9900000095367432,1.9900000095367432,1.9900000095367432,1.9900000095367432,1.9900000095367432,2969.0
2024-03-01 11:13:00,ATEC,13.510000228881836,13.510000228881836,13.510000228881836,13.505000114440918,13.505000114440918,1443.0
2024-03-01 11:13:00,ATHA,3.984999895095825,3.984999895095825,3.984999895095825,3.984999895095825,3.984999895095825,101.0
2024-03-01 11:13:00,ATRA,0.8051999807357788,0.8051999807357788,0.8051999807357788,0.8004999756813049,0.8004999756813049,2075.0
2024-03-01 11:13:00,ATRC,35.79999923706055,35.79999923706055,35.79999923706055,35.75,35.75,836.0
2024-03-01 11:13:00,ATXS,15.21500015258789,15.21500015258789,15.259900093078613,15.21500015258789,15.259900093078613,4448.0
2024-03-01 11:13:00,AUGX,4.570000171661377,4.570000171661377,4.570000171661377,4.570000171661377,4.570000171661377,129.0
2024-03-01 11:13:00,AUPH,5.820000171661377,5.820000171661377,5.820000171661377,5.804999828338623,5.804999828338623,2911.0
2024-03-01 11:13:00,AUTL,6.170000076293945,6.170000076293945,6.170000076293945,6.150000095367432,6.150000095367432,1340.0
2024-03-01 11:13:00,AVDL,12.489999771118164,12.489999771118164,12.489999771118164,12.489999771118164,12.489999771118164,175.0
2024-03-01 11:13:00,AVIR,4.409999847412109,4.409999847412109,4.409999847412109,4.40500020980835,4.40500020980835,630.0
2024-03-01 11:13:00,AVXL,5.380000114440918,5.380000114440918,5.380000114440918,5.369999885559082,5.369999885559082,3207.0
2024-03-01 11:13:00,AXGN,10.529999732971191,10.529999732971191,10.529999732971191,10.529999732971191,10.529999732971191,101.0
2024-03-01 11:13:00,AXNX,67.27999877929688,67.27999877929688,67.27999877929688,67.27999877929688,67.27999877929688,321.0
2024-03-01 11:13:00,AXSM,83.51499938964844,83.51499938964844,83.5199966430664,83.51499938964844,83.5199966430664,619.0
2024-03-01 11:13:00,AZN,64.63500213623047,64.63500213623047,64.6500015258789,64.625,64.63999938964844,5669.0
2024-03-01 11:13:00,BBIO,36.060001373291016,36.060001373291016,36.125,35.97999954223633,36.125,2562.0
2024-03-01 11:13:00,BBLG,2.3499999046325684,2.3499999046325684,2.359999895095825,2.3499999046325684,2.359999895095825,0.0
2024-03-01 11:13:00,BCDA,0.5649999976158142,0.5649999976158142,0.5649999976158142,0.5559999942779541,0.5559999942779541,1687.0
2024-03-01 11:13:00,BDTX,5.130000114440918,5.130000114440918,5.130000114440918,5.110000133514404,5.110000133514404,1245.0
2024-03-01 11:13:00,BEAM,40.345001220703125,40.345001220703125,40.36000061035156,40.22999954223633,40.22999954223633,3953.0
2024-03-01 11:13:00,BIAF,2.369999885559082,2.369999885559082,2.369999885559082,2.369999885559082,2.369999885559082,200.0
2024-03-01 11:13:00,BIIB,219.375,219.375,219.375,219.375,219.375,318.0
2024-03-01 11:13:00,BIVI,2.202500104904175,2.202500104904175,2.2100000381469727,2.194999933242798,2.194999933242798,25644.0
2024-03-01 11:13:00,BLUE,1.5700000524520874,1.5700000524520874,1.5772000551223755,1.5700000524520874,1.570099949836731,7949.0
2024-03-01 11:13:00,BMEA,17.700000762939453,17.700000762939453,17.75,17.690000534057617,17.690000534057617,3460.0
2024-03-01 11:13:00,BMRN,86.80000305175781,86.80000305175781,86.83999633789062,86.70999908447266,86.75,8166.0
2024-03-01 11:13:00,BNGO,1.259600043296814,1.259600043296814,1.259600043296814,1.259600043296814,1.259600043296814,517.0
2024-03-01 11:13:00,BNTC,5.070099830627441,5.070099830627441,5.085000038146973,5.070099830627441,5.085000038146973,1200.0
2024-03-01 11:13:00,BNTX,91.91000366210938,91.91000366210938,91.93000030517578,91.86000061035156,91.93000030517578,667.0
2024-03-01 11:13:00,BPMC,96.0,96.0,96.05999755859375,96.0,96.05999755859375,2108.0
2024-03-01 11:13:00,BTTX,0.16740000247955322,0.16740000247955322,0.16750000417232513,0.16740000247955322,0.16750000417232513,0.0
2024-03-01 11:13:00,BWAY,6.619999885559082,6.619999885559082,6.619999885559082,6.619999885559082,6.619999885559082,0.0
2024-03-01 11:13:00,CABA,23.959999084472656,23.959999084472656,23.959999084472656,23.940000534057617,23.950000762939453,880.0
2024-03-01 11:13:00,CAPR,4.55019998550415,4.55019998550415,4.55019998550415,4.55019998550415,4.55019998550415,200.0
2024-03-01 11:13:00,CBAY,32.2400016784668,32.2400016784668,32.2400016784668,32.2400016784668,32.2400016784668,701.0
2024-03-01 11:13:00,CCCC,10.954999923706055,10.954999923706055,10.964699745178223,10.880000114440918,10.880000114440918,8349.0
2024-03-01 11:13:00,CCRN,18.235000610351562,18.235000610351562,18.235000610351562,18.235000610351562,18.235000610351562,575.0
2024-03-01 11:13:00,CDMO,8.170000076293945,8.170000076293945,8.170000076293945,8.170000076293945,8.170000076293945,107.0
2024-03-01 11:13:00,CDNA,12.270000457763672,12.270000457763672,12.270000457763672,12.239999771118164,12.239999771118164,2050.0
2024-03-01 11:13:00,CDXS,4.474999904632568,4.474999904632568,4.494999885559082,4.460000038146973,4.494999885559082,656.0
2024-03-01 11:13:00,CERE,41.23500061035156,41.23500061035156,41.2400016784668,41.23249816894531,41.2400016784668,583.0
2024-03-01 11:13:00,CERS,2.2200000286102295,2.2200000286102295,2.2200000286102295,2.2149999141693115,2.2149999141693115,392.0
2024-03-01 11:13:00,CERT,17.639999389648438,17.639999389648438,17.639999389648438,17.610000610351562,17.610000610351562,620.0
2024-03-01 11:13:00,CGEN,2.6800999641418457,2.6800999641418457,2.6800999641418457,2.6800999641418457,2.6800999641418457,4212.0
2024-03-01 11:13:00,CGTX,2.049999952316284,2.049999952316284,2.049999952316284,2.049999952316284,2.049999952316284,213.0
2024-03-01 11:13:00,CHRS,2.3399999141693115,2.3399999141693115,2.3399999141693115,2.3299999237060547,2.3399999141693115,685.0
2024-03-01 11:13:00,CING,1.3899999856948853,1.3899999856948853,1.3899999856948853,1.3605999946594238,1.3899999856948853,8996.0
2024-03-01 11:13:00,CLDX,52.130001068115234,52.130001068115234,52.130001068115234,51.97999954223633,52.029998779296875,7975.0
2024-03-01 11:13:00,CLNN,0.39500001072883606,0.39500001072883606,0.39500001072883606,0.39500001072883606,0.39500001072883606,0.0
2024-03-01 11:13:00,CLOV,0.8666999936103821,0.8666999936103821,0.8668000102043152,0.866100013256073,0.8666999936103821,10106.0
2024-03-01 11:13:00,CLRB,4.09499979019165,4.09499979019165,4.099899768829346,4.09499979019165,4.099899768829346,6691.0
2024-03-01 11:13:00,CMPS,11.09000015258789,11.09000015258789,11.109999656677246,11.029999732971191,11.079999923706055,2115.0
2024-03-01 11:13:00,CNTA,10.640000343322754,10.640000343322754,10.640000343322754,10.640000343322754,10.640000343322754,1000.0
2024-03-01 11:13:00,COGT,7.159999847412109,7.159999847412109,7.170000076293945,7.144999980926514,7.159999847412109,3258.0
2024-03-01 11:13:00,COLL,36.880001068115234,36.880001068115234,36.88999938964844,36.880001068115234,36.88999938964844,679.0
2024-03-01 11:13:00,CORT,23.899999618530273,23.899999618530273,23.899999618530273,23.8700008392334,23.8700008392334,2360.0
2024-03-01 11:13:00,CPRX,17.350000381469727,17.350000381469727,17.350000381469727,17.290000915527344,17.290000915527344,2850.0
2024-03-01 11:13:00,CPSI,9.550000190734863,9.550000190734863,9.550000190734863,9.550000190734863,9.550000190734863,3436.0
2024-03-01 11:13:00,CRBU,8.109999656677246,8.109999656677246,8.109999656677246,8.095000267028809,8.095000267028809,1488.0
2024-03-01 11:13:00,CRDF,2.609999895095825,2.609999895095825,2.6549999713897705,2.5899999141693115,2.6549999713897705,110293.0
2024-03-01 11:13:00,CRDL,1.979699969291687,1.979699969291687,1.979699969291687,1.979699969291687,1.979699969291687,1093.0
2024-03-01 11:13:00,CRMD,3.684999942779541,3.684999942779541,3.690000057220459,3.684999942779541,3.690000057220459,2800.0
2024-03-01 11:13:00,CRNX,45.77000045776367,45.77000045776367,45.77000045776367,45.63999938964844,45.70000076293945,1531.0
2024-03-01 11:13:00,CRON,2.055000066757202,2.055000066757202,2.055000066757202,2.050100088119507,2.050100088119507,501.0
2024-03-01 11:13:00,CRSP,85.7300033569336,85.7300033569336,85.73500061035156,85.48999786376953,85.5199966430664,2789.0
2024-03-01 11:13:00,CTKB,8.40999984741211,8.40999984741211,8.40999984741211,8.369999885559082,8.369999885559082,923.0
2024-03-01 11:13:00,CTMX,2.5399999618530273,2.5399999618530273,2.5399999618530273,2.5350000858306885,2.5350000858306885,217.0
2024-03-01 11:13:00,CTXR,0.7849000096321106,0.7849000096321106,0.7849000096321106,0.7849000096321106,0.7849000096321106,526.0
2024-03-01 11:13:00,CUE,2.184999942779541,2.184999942779541,2.184999942779541,2.184999942779541,2.184999942779541,848.0
2024-03-01 11:13:00,CUTR,2.3499999046325684,2.3499999046325684,2.3499999046325684,2.3499999046325684,2.3499999046325684,0.0
2024-03-01 11:13:00,CVAC,3.450000047683716,3.450000047683716,3.450000047683716,3.450000047683716,3.450000047683716,0.0
2024-03-01 11:13:00,CYTK,74.26000213623047,74.26000213623047,74.26000213623047,74.25499725341797,74.25499725341797,957.0
2024-03-01 11:13:00,CYTO,2.109999895095825,2.109999895095825,2.184999942779541,2.109999895095825,2.1538000106811523,8337.0
2024-03-01 11:13:00,DAWN,17.4375,17.4375,17.440000534057617,17.420000076293945,17.420000076293945,854.0
2024-03-01 11:13:00,DCGO,4.125,4.125,4.125,4.119999885559082,4.119999885559082,913.0
2024-03-01 11:13:00,DMTK,0.8579999804496765,0.8579999804496765,0.8596000075340271,0.8579999804496765,0.8596000075340271,1251.0
2024-03-01 11:13:00,DNLI,20.850000381469727,20.850000381469727,20.850000381469727,20.805999755859375,20.809999465942383,2243.0
2024-03-01 11:13:00,DVAX,12.829999923706055,12.829999923706055,12.829999923706055,12.824999809265137,12.824999809265137,651.0
2024-03-01 11:13:00,DXCM,119.11000061035156,119.11000061035156,119.12000274658203,118.83999633789062,118.87000274658203,26371.0
2024-03-01 11:13:00,DYN,29.0,29.0,29.0,28.989999771118164,29.0,1725.0
2024-03-01 11:13:00,EDIT,11.0,11.0,11.0,10.970000267028809,10.970000267028809,3237.0
2024-03-01 11:13:00,EFTR,15.199999809265137,15.199999809265137,15.199999809265137,15.186699867248535,15.186699867248535,468.0
2024-03-01 11:13:00,ELDN,1.840000033378601,1.840000033378601,1.840000033378601,1.840000033378601,1.840000033378601,2600.0
2024-03-01 11:13:00,ELEV,4.96999979019165,4.96999979019165,5.0,4.960000038146973,4.989999771118164,2072.0
2024-03-01 11:13:00,EMBC,14.449999809265137,14.449999809265137,14.449999809265137,14.449999809265137,14.449999809265137,2000.0
2024-03-01 11:13:00,ENSG,123.97000122070312,123.97000122070312,123.9800033569336,123.91000366210938,123.91000366210938,313.0
2024-03-01 11:13:00,ENTA,15.220000267028809,15.220000267028809,15.220000267028809,15.220000267028809,15.220000267028809,229.0
2024-03-01 11:13:00,ENVB,1.6500999927520752,1.6500999927520752,1.6799999475479126,1.639799952507019,1.6699999570846558,22823.0
2024-03-01 11:13:00,EOLS,14.649999618530273,14.649999618530273,14.649999618530273,14.649999618530273,14.649999618530273,579.0
2024-03-01 11:13:00,ERAS,2.515000104904175,2.515000104904175,2.515000104904175,2.515000104904175,2.515000104904175,750.0
2024-03-01 11:13:00,ESPR,2.4749999046325684,2.4749999046325684,2.4800000190734863,2.470099925994873,2.470099925994873,11073.0
2024-03-01 11:13:00,ESTA,45.56999969482422,45.56999969482422,45.56999969482422,45.49250030517578,45.49250030517578,351.0
2024-03-01 11:13:00,ETNB,12.800000190734863,12.800000190734863,12.800000190734863,12.776000022888184,12.779999732971191,2727.0
2024-03-01 11:13:00,EXAI,6.739999771118164,6.739999771118164,6.739999771118164,6.735000133514404,6.735000133514404,226.0
2024-03-01 11:13:00,EXAS,60.17499923706055,60.17499923706055,60.17499923706055,60.029998779296875,60.029998779296875,1914.0
2024-03-01 11:13:00,EXEL,22.479999542236328,22.479999542236328,22.479999542236328,22.469999313354492,22.469999313354492,781.0
2024-03-01 11:13:00,EYEN,2.230299949645996,2.230299949645996,2.230299949645996,2.230299949645996,2.230299949645996,1911.0
2024-03-01 11:13:00,FATE,7.454999923706055,7.454999923706055,7.460000038146973,7.449999809265137,7.454999923706055,6170.0
2024-03-01 11:13:00,FDMT,29.09000015258789,29.09000015258789,29.100000381469727,28.829999923706055,28.850000381469727,3902.0
2024-03-01 11:13:00,FGEN,1.7350000143051147,1.7350000143051147,1.7400000095367432,1.7350000143051147,1.7400000095367432,1706.0
2024-03-01 11:13:00,FOLD,13.442000389099121,13.442000389099121,13.444999694824219,13.425000190734863,13.430000305175781,2044.0
2024-03-01 11:13:00,FULC,10.75,10.75,10.75,10.739999771118164,10.739999771118164,1525.0
2024-03-01 11:13:00,FUSN,12.100000381469727,12.100000381469727,12.100000381469727,12.100000381469727,12.100000381469727,422.0
2024-03-01 11:13:00,GALT,2.009999990463257,2.009999990463257,2.009999990463257,2.009999990463257,2.009999990463257,200.0
2024-03-01 11:13:00,GERN,2.141900062561035,2.141900062561035,2.1500000953674316,2.141900062561035,2.1449999809265137,2757.0
2024-03-01 11:13:00,GH,19.34000015258789,19.34000015258789,19.34000015258789,19.30500030517578,19.30500030517578,869.0
2024-03-01 11:13:00,GILD,72.44499969482422,72.44499969482422,72.4749984741211,72.43000030517578,72.43000030517578,4712.0
2024-03-01 11:13:00,GLMD,0.3919999897480011,0.3919999897480011,0.39800000190734863,0.3919999897480011,0.39640000462532043,1407.0
2024-03-01 11:13:00,GLPG,35.060001373291016,35.060001373291016,35.060001373291016,35.04999923706055,35.060001373291016,797.0
2024-03-01 11:13:00,GOSS,1.3600000143051147,1.3600000143051147,1.3698999881744385,1.3600000143051147,1.3600000143051147,472.0
2024-03-01 11:13:00,GRFS,7.099999904632568,7.099999904632568,7.099999904632568,7.070000171661377,7.070000171661377,16170.0
2024-03-01 11:13:00,GRPH,3.502700090408325,3.502700090408325,3.502700090408325,3.502700090408325,3.502700090408325,1000.0
2024-03-01 11:13:00,GRTS,2.2049999237060547,2.2049999237060547,2.2100000381469727,2.2000999450683594,2.2100000381469727,1254.0
2024-03-01 11:13:00,GTHX,3.494999885559082,3.494999885559082,3.5,3.494999885559082,3.5,520.0
2024-03-01 11:13:00,HALO,41.27000045776367,41.27000045776367,41.27000045776367,41.27000045776367,41.27000045776367,1253.0
2024-03-01 11:13:00,HARP,22.93000030517578,22.93000030517578,22.93000030517578,22.93000030517578,22.93000030517578,20.0
2024-03-01 11:13:00,HCAT,7.940000057220459,7.940000057220459,7.940000057220459,7.940000057220459,7.940000057220459,401.0
2024-03-01 11:13:00,HCSG,12.710000038146973,12.710000038146973,12.710000038146973,12.710000038146973,12.710000038146973,313.0
2024-03-01 11:13:00,HCTI,2.447700023651123,2.447700023651123,2.447700023651123,2.380000114440918,2.380000114440918,1181.0
2024-03-01 11:13:00,HITI,1.7699999809265137,1.7699999809265137,1.7699999809265137,1.7699999809265137,1.7699999809265137,0.0
2024-03-01 11:13:00,HLVX,18.729999542236328,18.729999542236328,18.729999542236328,18.709999084472656,18.709999084472656,394.0
2024-03-01 11:13:00,HOLX,74.01000213623047,74.01000213623047,74.01000213623047,73.9800033569336,73.9800033569336,2374.0
2024-03-01 11:13:00,HPCO,0.2500999867916107,0.2500999867916107,0.2500999867916107,0.25,0.25,3411.0
2024-03-01 11:13:00,HQY,81.63999938964844,81.63999938964844,81.63999938964844,81.63999938964844,81.63999938964844,288.0
2024-03-01 11:13:00,HRMY,31.350000381469727,31.350000381469727,31.3799991607666,31.350000381469727,31.360000610351562,628.0
2024-03-01 11:13:00,HSDT,4.849999904632568,4.849999904632568,4.849999904632568,4.849999904632568,4.849999904632568,200.0
2024-03-01 11:13:00,HSIC,76.75,76.75,76.86370086669922,76.75,76.83000183105469,993.0
2024-03-01 11:13:00,HUMA,3.244999885559082,3.244999885559082,3.25,3.2411000728607178,3.244999885559082,10007.0
2024-03-01 11:13:00,IART,36.81999969482422,36.81999969482422,36.8650016784668,36.77000045776367,36.849998474121094,40132.0
2024-03-01 11:13:00,IBRX,4.875,4.875,4.875,4.864999771118164,4.864999771118164,440.0
2024-03-01 11:13:00,ICLR,323.29998779296875,323.29998779296875,323.57000732421875,323.2850036621094,323.57000732421875,2057.0
2024-03-01 11:13:00,ICUI,106.98999786376953,106.98999786376953,106.98999786376953,106.75,106.88999938964844,1569.0
2024-03-01 11:13:00,IINN,1.6298999786376953,1.6298999786376953,1.6298999786376953,1.6298999786376953,1.6298999786376953,2095.0
2024-03-01 11:13:00,ILMN,141.8000030517578,141.8000030517578,141.82000732421875,141.64999389648438,141.7449951171875,3965.0
2024-03-01 11:13:00,IMAB,1.8487999439239502,1.8487999439239502,1.8487999439239502,1.840000033378601,1.840000033378601,402.0
2024-03-01 11:13:00,IMMX,3.509999990463257,3.509999990463257,3.5399999618530273,3.509999990463257,3.5399999618530273,702.0
2024-03-01 11:13:00,IMRX,6.184999942779541,6.184999942779541,6.184999942779541,6.184999942779541,6.184999942779541,384.0
2024-03-01 11:13:00,IMTX,13.0600004196167,13.0600004196167,13.069999694824219,13.050000190734863,13.069999694824219,1384.0
2024-03-01 11:13:00,IMVT,36.209999084472656,36.209999084472656,36.209999084472656,36.13999938964844,36.13999938964844,452.0
2024-03-01 11:13:00,INCY,59.349998474121094,59.349998474121094,59.36000061035156,59.31999969482422,59.31999969482422,2038.0
2024-03-01 11:13:00,INGN,6.829999923706055,6.829999923706055,6.829999923706055,6.829999923706055,6.829999923706055,294.0
2024-03-01 11:13:00,INMD,22.899999618530273,22.899999618530273,22.899999618530273,22.8799991607666,22.8799991607666,901.0
2024-03-01 11:13:00,INO,9.050000190734863,9.050000190734863,9.050000190734863,9.020000457763672,9.020000457763672,601.0
2024-03-01 11:13:00,INSM,28.100000381469727,28.100000381469727,28.149999618530273,28.059999465942383,28.149999618530273,1138.0
2024-03-01 11:13:00,INVA,15.670000076293945,15.670000076293945,15.680000305175781,15.670000076293945,15.670000076293945,609.0
2024-03-01 11:13:00,INZY,6.480000019073486,6.480000019073486,6.480000019073486,6.465000152587891,6.465000152587891,487.0
2024-03-01 11:13:00,IONS,45.83000183105469,45.83000183105469,45.83000183105469,45.81999969482422,45.81999969482422,453.0
2024-03-01 11:13:00,IOVA,16.485000610351562,16.485000610351562,16.485000610351562,16.424999237060547,16.425600051879883,6132.0
2024-03-01 11:13:00,IPSC,3.799999952316284,3.799999952316284,3.799999952316284,3.799999952316284,3.799999952316284,326.0
2024-03-01 11:13:00,IRWD,9.045000076293945,9.045000076293945,9.085000038146973,9.015000343322754,9.085000038146973,25260.0
2024-03-01 11:13:00,ISRG,392.9599914550781,392.9599914550781,392.9599914550781,392.6499938964844,392.6700134277344,2298.0
2024-03-01 11:13:00,JAGX,0.08129999786615372,0.08129999786615372,0.08349999785423279,0.08129999786615372,0.08349999785423279,378006.0
2024-03-01 11:13:00,JANX,46.397499084472656,46.397499084472656,46.4900016784668,46.290000915527344,46.29999923706055,2721.0
2024-03-01 11:13:00,JAZZ,120.80750274658203,120.80750274658203,120.80750274658203,120.80750274658203,120.80750274658203,219.0
2024-03-01 11:13:00,KALV,13.984999656677246,13.984999656677246,13.984999656677246,13.984999656677246,13.984999656677246,128.0
2024-03-01 11:13:00,KNTE,2.6201000213623047,2.6201000213623047,2.6201000213623047,2.6201000213623047,2.6201000213623047,1785.0
2024-03-01 11:13:00,KOD,6.135000228881836,6.135000228881836,6.135000228881836,6.135000228881836,6.135000228881836,200.0
2024-03-01 11:13:00,KPTI,1.2350000143051147,1.2350000143051147,1.2350000143051147,1.2350000143051147,1.2350000143051147,613.0
2024-03-01 11:13:00,KRMD,2.140000104904175,2.140000104904175,2.140000104904175,2.130000114440918,2.134000062942505,1280.0
2024-03-01 11:13:00,KRYS,166.60499572753906,166.60499572753906,166.60499572753906,166.60499572753906,166.60499572753906,158.0
2024-03-01 11:13:00,KTRA,0.10090000182390213,0.10090000182390213,0.10090000182390213,0.10029999911785126,0.10029999911785126,409.0
2024-03-01 11:13:00,KURA,21.350000381469727,21.350000381469727,21.350000381469727,21.350000381469727,21.350000381469727,118.0
2024-03-01 11:13:00,KYMR,43.94499969482422,43.94499969482422,43.959999084472656,43.89500045776367,43.89500045776367,1027.0
2024-03-01 11:13:00,KZIA,0.23340000212192535,0.23340000212192535,0.23999999463558197,0.23330000042915344,0.23999999463558197,25243.0
2024-03-01 11:13:00,KZR,1.1100000143051147,1.1100000143051147,1.1100000143051147,1.100000023841858,1.100000023841858,415.0
2024-03-01 11:13:00,LAB,2.4000000953674316,2.4000000953674316,2.4000000953674316,2.3949999809265137,2.3949999809265137,607.0
2024-03-01 11:13:00,LBPH,21.579999923706055,21.579999923706055,21.579999923706055,21.5,21.5,1391.0
2024-03-01 11:13:00,LEXX,2.6600000858306885,2.6600000858306885,2.690000057220459,2.634999990463257,2.690000057220459,688.0
2024-03-01 11:13:00,LFMD,7.954999923706055,7.954999923706055,7.954999923706055,7.954999923706055,7.954999923706055,193.0
2024-03-01 11:13:00,LFST,8.015000343322754,8.015000343322754,8.015000343322754,8.005000114440918,8.005000114440918,2637.0
2024-03-01 11:13:00,LIAN,4.860000133514404,4.860000133514404,4.860000133514404,4.860000133514404,4.860000133514404,200.0
2024-03-01 11:13:00,LIVN,55.02000045776367,55.02000045776367,55.04499816894531,55.02000045776367,55.04499816894531,251.0
2024-03-01 11:13:00,LMAT,66.73500061035156,66.73500061035156,66.73500061035156,66.73500061035156,66.73500061035156,218.0
2024-03-01 11:13:00,LNTH,65.54000091552734,65.54000091552734,65.54000091552734,65.54000091552734,65.54000091552734,76.0
2024-03-01 11:13:00,LTRN,4.730000019073486,4.730000019073486,4.730000019073486,4.730000019073486,4.730000019073486,551.0
2024-03-01 11:13:00,LUNG,9.15999984741211,9.15999984741211,9.15999984741211,9.15999984741211,9.15999984741211,136.0
2024-03-01 11:13:00,LVTX,3.0299999713897705,3.0299999713897705,3.0487000942230225,3.0299999713897705,3.0487000942230225,1810.0
2024-03-01 11:13:00,LXRX,2.4049999713897705,2.4049999713897705,2.4049999713897705,2.4000000953674316,2.400099992752075,683.0
2024-03-01 11:13:00,LYRA,5.579999923706055,5.579999923706055,5.579999923706055,5.559999942779541,5.559999942779541,564.0
2024-03-01 11:13:00,MACK,14.699999809265137,14.699999809265137,14.699999809265137,14.699999809265137,14.699999809265137,171.0
2024-03-01 11:13:00,MCRB,1.1886999607086182,1.1886999607086182,1.1886999607086182,1.1800999641418457,1.184999942779541,10861.0
2024-03-01 11:13:00,MDGL,239.7050018310547,239.7050018310547,239.7050018310547,239.6750030517578,239.6750030517578,433.0
2024-03-01 11:13:00,MDRX,5.849999904632568,5.849999904632568,6.0,5.849999904632568,6.0,6506.0
2024-03-01 11:13:00,MDXG,8.635000228881836,8.635000228881836,8.637499809265137,8.635000228881836,8.635000228881836,400.0
2024-03-01 11:13:00,ME,0.5863000154495239,0.5863000154495239,0.5870000123977661,0.5863000154495239,0.586899995803833,800.0
2024-03-01 11:13:00,MGNX,19.209999084472656,19.209999084472656,19.209999084472656,19.19499969482422,19.209999084472656,1350.0
2024-03-01 11:13:00,MNKD,4.610000133514404,4.610000133514404,4.610000133514404,4.600100040435791,4.610000133514404,44126.0
2024-03-01 11:13:00,MNMD,5.909999847412109,5.909999847412109,5.909999847412109,5.90500020980835,5.90500020980835,2116.0
2024-03-01 11:13:00,MOR,17.604999542236328,17.604999542236328,17.604999542236328,17.600000381469727,17.600000381469727,178.0
2024-03-01 11:13:00,MORF,38.599998474121094,38.599998474121094,38.68000030517578,38.58000183105469,38.61000061035156,3033.0
2024-03-01 11:13:00,MREO,3.7950000762939453,3.7950000762939453,3.7995998859405518,3.7950000762939453,3.7950000762939453,1905.0
2024-03-01 11:13:00,MRNA,95.41000366210938,95.41000366210938,95.48999786376953,95.41000366210938,95.48999786376953,4707.0
2024-03-01 11:13:00,MRNS,9.770000457763672,9.770000457763672,9.770000457763672,9.760000228881836,9.760000228881836,4048.0
2024-03-01 11:13:00,MRSN,5.849999904632568,5.849999904632568,5.849999904632568,5.824999809265137,5.824999809265137,1420.0
2024-03-01 11:13:00,MRVI,7.840000152587891,7.840000152587891,7.849999904632568,7.840000152587891,7.849999904632568,417.0
2024-03-01 11:13:00,MTEM,3.759999990463257,3.759999990463257,3.759999990463257,3.759999990463257,3.759999990463257,119.0
2024-03-01 11:13:00,MXCT,4.739999771118164,4.739999771118164,4.744999885559082,4.735000133514404,4.744999885559082,3692.0
2024-03-01 11:13:00,MYGN,21.625,21.625,21.625,21.625,21.625,251.0
2024-03-01 11:13:00,NARI,45.719398498535156,45.719398498535156,45.719398498535156,45.459999084472656,45.47809982299805,6186.0
2024-03-01 11:13:00,NBIX,129.97000122070312,129.97000122070312,130.02000427246094,129.97000122070312,130.0,1515.0
2024-03-01 11:13:00,NDRA,1.1298999786376953,1.1298999786376953,1.1298999786376953,1.1298999786376953,1.1298999786376953,7770.0
2024-03-01 11:13:00,NEO,16.06999969482422,16.06999969482422,16.06999969482422,16.06999969482422,16.06999969482422,402.0
2024-03-01 11:13:00,NEOG,17.270000457763672,17.270000457763672,17.270000457763672,17.25,17.25,834.0
2024-03-01 11:13:00,NERV,2.490000009536743,2.490000009536743,2.509999990463257,2.490000009536743,2.509999990463257,1912.0
2024-03-01 11:13:00,NKTX,12.449999809265137,12.449999809265137,12.449999809265137,12.40999984741211,12.430000305175781,1333.0
2024-03-01 11:13:00,NNOX,11.110099792480469,11.110099792480469,11.119999885559082,11.100000381469727,11.100000381469727,5161.0
2024-03-01 11:13:00,NRIX,13.305000305175781,13.305000305175781,13.305000305175781,13.279999732971191,13.300000190734863,3902.0
2024-03-01 11:13:00,NRSN,2.0,2.0,2.0,2.0,2.0,398.0
2024-03-01 11:13:00,NRXP,0.42669999599456787,0.42669999599456787,0.42669999599456787,0.42669999599456787,0.42669999599456787,900.0
2024-03-01 11:13:00,NRXPW,0.1599999964237213,0.1599999964237213,0.1599999964237213,0.15710000693798065,0.15710000693798065,4736.0
2024-03-01 11:13:00,NTLA,33.54999923706055,33.54999923706055,33.54999923706055,33.51499938964844,33.51499938964844,1142.0
2024-03-01 11:13:00,NTRA,89.43499755859375,89.43499755859375,89.52999877929688,89.41999816894531,89.44000244140625,5506.0
2024-03-01 11:13:00,NUTX,0.11410000175237656,0.11410000175237656,0.11460000276565552,0.11410000175237656,0.11460000276565552,1288.0
2024-03-01 11:13:00,NUVL,87.70500183105469,87.70500183105469,87.70999908447266,87.58999633789062,87.70999908447266,2162.0
2024-03-01 11:13:00,NVAX,5.125,5.125,5.125,5.090000152587891,5.099100112915039,20073.0
2024-03-01 11:13:00,NVCR,16.191699981689453,16.191699981689453,16.19230079650879,16.184999465942383,16.184999465942383,729.0
2024-03-01 11:13:00,NXTC,1.7949999570846558,1.7949999570846558,1.7949999570846558,1.7949999570846558,1.7949999570846558,100.0
2024-03-01 11:13:00,OCGN,0.9235000014305115,0.9235000014305115,0.929099977016449,0.9235000014305115,0.929099977016449,10662.0
2024-03-01 11:13:00,OCUL,10.449999809265137,10.449999809265137,10.460000038146973,10.399999618530273,10.399999618530273,18281.0
2024-03-01 11:13:00,OLK,22.6299991607666,22.6299991607666,22.655000686645508,22.6299991607666,22.655000686645508,680.0
2024-03-01 11:13:00,OLMA,12.960000038146973,12.960000038146973,12.960000038146973,12.960000038146973,12.960000038146973,200.0
2024-03-01 11:13:00,OM,3.1449999809265137,3.1449999809265137,3.1449999809265137,3.1449999809265137,3.1449999809265137,101.0
2024-03-01 11:13:00,OMCL,26.459999084472656,26.459999084472656,26.459999084472656,26.459999084472656,26.459999084472656,101.0
2024-03-01 11:13:00,OMER,4.730000019073486,4.730000019073486,4.730000019073486,4.730000019073486,4.730000019073486,408.0
2024-03-01 11:13:00,OMGA,4.199999809265137,4.199999809265137,4.199999809265137,4.199999809265137,4.199999809265137,200.0
2024-03-01 11:13:00,ONCY,1.1200000047683716,1.1200000047683716,1.1200000047683716,1.1200000047683716,1.1200000047683716,3648.0
2024-03-01 11:14:00,ABCL,5.15500020980835,5.15500020980835,5.164999961853027,5.15500020980835,5.15500020980835,4969.0
2024-03-01 11:14:00,ABOS,4.690000057220459,4.690000057220459,4.690000057220459,4.690000057220459,4.690000057220459,612.0
2024-03-01 11:14:00,ABSI,5.139999866485596,5.139999866485596,5.150000095367432,5.132699966430664,5.132699966430664,1059.0
2024-03-01 11:14:00,ACAD,23.889999389648438,23.889999389648438,23.889999389648438,23.889999389648438,23.889999389648438,563.0
2024-03-01 11:14:00,ACB,3.119999885559082,3.119999885559082,3.119999885559082,3.119999885559082,3.119999885559082,503.0
2024-03-01 11:14:00,ACCD,10.305000305175781,10.305000305175781,10.3100004196167,10.289999961853027,10.289999961853027,1379.0
2024-03-01 11:14:00,ACET,2.4000000953674316,2.4000000953674316,2.4049999713897705,2.3949999809265137,2.3989999294281006,4945.0
2024-03-01 11:14:00,ACHC,83.79000091552734,83.79000091552734,83.8550033569336,83.79000091552734,83.83000183105469,944.0
2024-03-01 11:14:00,ACHV,4.239999771118164,4.239999771118164,4.239999771118164,4.239999771118164,4.239999771118164,914.0
2024-03-01 11:14:00,ACLX,67.68000030517578,67.68000030517578,67.68000030517578,67.68000030517578,67.68000030517578,429.0
2024-03-01 11:14:00,ACRS,1.215000033378601,1.215000033378601,1.215000033378601,1.215000033378601,1.215000033378601,0.0
2024-03-01 11:14:00,ACST,3.409899950027466,3.409899950027466,3.409899950027466,3.409899950027466,3.409899950027466,0.0
2024-03-01 11:14:00,ACXP,2.944999933242798,2.944999933242798,2.944999933242798,2.944999933242798,2.944999933242798,693.0
2024-03-01 11:14:00,ADIL,2.940000057220459,2.940000057220459,3.029900074005127,2.9200000762939453,3.029900074005127,88646.0
2024-03-01 11:14:00,ADMA,5.335599899291992,5.335599899291992,5.340000152587891,5.335599899291992,5.340000152587891,681.0
2024-03-01 11:14:00,ADVM,1.940000057220459,1.940000057220459,1.940000057220459,1.934999942779541,1.940000057220459,600.0
2024-03-01 11:14:00,AGEN,0.6671000123023987,0.6671000123023987,0.6671000123023987,0.6671000123023987,0.6671000123023987,18440.0
2024-03-01 11:14:00,AGIO,32.869998931884766,32.869998931884766,32.869998931884766,32.869998931884766,32.869998931884766,798.0
2024-03-01 11:14:00,AHCO,10.835000038146973,10.835000038146973,10.835000038146973,10.835000038146973,10.835000038146973,671.0
2024-03-01 11:14:00,AKAN,0.24799999594688416,0.24799999594688416,0.24809999763965607,0.2409999966621399,0.2409999966621399,19526.0
2024-03-01 11:14:00,AKBA,1.6699999570846558,1.6699999570846558,1.6899000406265259,1.6699999570846558,1.6800999641418457,39587.0
2024-03-01 11:14:00,AKRO,29.709999084472656,29.709999084472656,29.709999084472656,29.709999084472656,29.709999084472656,318.0
2024-03-01 11:14:00,ALEC,7.5,7.5,7.5,7.449999809265137,7.449999809265137,3618.0
2024-03-01 11:14:00,ALHC,5.880000114440918,5.880000114440918,5.889999866485596,5.880000114440918,5.889999866485596,514.0
2024-03-01 11:14:00,ALKS,30.209999084472656,30.209999084472656,30.209999084472656,30.204999923706055,30.204999923706055,1045.0
2024-03-01 11:14:00,ALLK,1.600000023841858,1.600000023841858,1.600000023841858,1.600000023841858,1.600000023841858,700.0
2024-03-01 11:14:00,ALNY,154.7100067138672,154.7100067138672,154.7949981689453,154.7100067138672,154.7949981689453,303.0
2024-03-01 11:14:00,ALPN,36.060001373291016,36.060001373291016,36.06999969482422,36.040000915527344,36.05619812011719,692.0
2024-03-01 11:14:00,ALT,12.109999656677246,12.109999656677246,12.112000465393066,12.100000381469727,12.109999656677246,1159.0
2024-03-01 11:14:00,ALVO,15.65999984741211,15.65999984741211,15.670000076293945,15.65999984741211,15.670000076293945,1029.0
2024-03-01 11:14:00,ALVR,0.7519999742507935,0.7519999742507935,0.7519999742507935,0.7519999742507935,0.7519999742507935,2502.0
2024-03-01 11:14:00,ALXO,15.100000381469727,15.100000381469727,15.100000381469727,15.0600004196167,15.0600004196167,300.0
2024-03-01 11:14:00,AMGN,280.7950134277344,280.7950134277344,280.8599853515625,280.7950134277344,280.8599853515625,1468.0
2024-03-01 11:14:00,AMLX,18.809999465942383,18.809999465942383,18.82990074157715,18.799999237060547,18.799999237060547,2998.0
2024-03-01 11:14:00,AMRN,1.0500999689102173,1.0500999689102173,1.0587999820709229,1.0499999523162842,1.0499999523162842,1205.0
2024-03-01 11:14:00,ANNX,5.960000038146973,5.960000038146973,5.989999771118164,5.960000038146973,5.960000038146973,3592.0
2024-03-01 11:14:00,ANTX,2.940000057220459,2.940000057220459,2.944999933242798,2.940000057220459,2.944999933242798,125.0
2024-03-01 11:14:00,APLS,64.4625015258789,64.4625015258789,64.5,64.38500213623047,64.38500213623047,3214.0
2024-03-01 11:14:00,APLT,7.110000133514404,7.110000133514404,7.119999885559082,7.074999809265137,7.079999923706055,12320.0
2024-03-01 11:14:00,AQST,4.199999809265137,4.199999809265137,4.199999809265137,4.199999809265137,4.199999809265137,350.0
2024-03-01 11:14:00,ARAY,2.625,2.625,2.640000104904175,2.621000051498413,2.630000114440918,5162.0
2024-03-01 11:14:00,ARCT,39.63999938964844,39.63999938964844,39.65530014038086,39.63999938964844,39.65530014038086,266.0
2024-03-01 11:14:00,ARDX,9.520000457763672,9.520000457763672,9.524999618530273,9.520000457763672,9.524999618530273,662.0
2024-03-01 11:14:00,ARQT,11.050000190734863,11.050000190734863,11.050000190734863,10.994999885559082,11.029999732971191,12601.0
2024-03-01 11:14:00,ARVN,48.849998474121094,48.849998474121094,49.119998931884766,48.77000045776367,48.79999923706055,3615.0
2024-03-01 11:14:00,ARWR,35.33000183105469,35.33000183105469,35.33000183105469,35.21500015258789,35.220001220703125,4377.0
2024-03-01 11:14:00,ASLN,0.8259999752044678,0.8259999752044678,0.8259999752044678,0.8259999752044678,0.8259999752044678,100.0
2024-03-01 11:14:00,ASND,149.22500610351562,149.22500610351562,149.5,149.22500610351562,149.5,352.0
2024-03-01 11:14:00,ATEC,13.520000457763672,13.520000457763672,13.520000457763672,13.520000457763672,13.520000457763672,404.0
2024-03-01 11:14:00,ATOS,0.9932000041007996,0.9932000041007996,0.9932000041007996,0.9932000041007996,0.9932000041007996,500.0
2024-03-01 11:14:00,ATRA,0.8027999997138977,0.8027999997138977,0.8051999807357788,0.8027999997138977,0.8051999807357788,4996.0
2024-03-01 11:14:00,ATXS,15.229999542236328,15.229999542236328,15.229999542236328,15.229999542236328,15.229999542236328,268.0
2024-03-01 11:14:00,AUGX,4.570000171661377,4.570000171661377,4.570000171661377,4.570000171661377,4.570000171661377,124.0
2024-03-01 11:14:00,AVDL,12.604999542236328,12.604999542236328,12.604999542236328,12.460000038146973,12.460000038146973,22141.0
2024-03-01 11:14:00,AXNX,67.31999969482422,67.31999969482422,67.34880065917969,67.27999877929688,67.28500366210938,29037.0
2024-03-01 11:14:00,AXSM,83.51529693603516,83.51529693603516,83.51529693603516,83.47000122070312,83.47000122070312,623.0
2024-03-01 11:14:00,AZN,64.6500015258789,64.6500015258789,64.6500015258789,64.63999938964844,64.63999938964844,970.0
2024-03-01 11:14:00,BBLG,2.380000114440918,2.380000114440918,2.380000114440918,2.3559999465942383,2.359999895095825,2112.0
2024-03-01 11:14:00,BCDA,0.5619999766349792,0.5619999766349792,0.5619999766349792,0.5619999766349792,0.5619999766349792,616.0
2024-03-01 11:14:00,BCLI,0.35989999771118164,0.35989999771118164,0.35989999771118164,0.35989999771118164,0.35989999771118164,21492.0
2024-03-01 11:14:00,BCRX,5.855000019073486,5.855000019073486,5.855000019073486,5.849999904632568,5.849999904632568,1496.0
2024-03-01 11:14:00,BDSX,1.6299999952316284,1.6299999952316284,1.6495000123977661,1.6299999952316284,1.6495000123977661,2152.0
2024-03-01 11:14:00,BEAM,40.310001373291016,40.310001373291016,40.327999114990234,40.29499816894531,40.32500076293945,2297.0
2024-03-01 11:14:00,BEAT,1.4900000095367432,1.4900000095367432,1.4900000095367432,1.4900000095367432,1.4900000095367432,1831.0
2024-03-01 11:14:00,BIIB,219.3657989501953,219.3657989501953,219.49000549316406,219.3657989501953,219.375,1110.0
2024-03-01 11:14:00,BIOL,0.13850000500679016,0.13850000500679016,0.13860000669956207,0.13850000500679016,0.13860000669956207,1900.0
2024-03-01 11:14:00,BIVI,2.1900999546051025,2.1900999546051025,2.2100000381469727,2.190000057220459,2.200000047683716,44837.0
2024-03-01 11:14:00,BLFS,18.03499984741211,18.03499984741211,18.03499984741211,18.03499984741211,18.03499984741211,128.0
2024-03-01 11:14:00,BLRX,1.3799999952316284,1.3799999952316284,1.381500005722046,1.3799999952316284,1.381500005722046,1445.0
2024-03-01 11:14:00,BLUE,1.570099949836731,1.570099949836731,1.5799000263214111,1.5700000524520874,1.5799000263214111,13791.0
2024-03-01 11:14:00,BMEA,17.8799991607666,17.8799991607666,17.889999389648438,17.760000228881836,17.760000228881836,4162.0
2024-03-01 11:14:00,BMRN,86.81500244140625,86.81500244140625,86.83999633789062,86.80000305175781,86.80000305175781,4974.0
2024-03-01 11:14:00,BNGO,1.2584999799728394,1.2584999799728394,1.2584999799728394,1.250100016593933,1.250100016593933,1514.0
2024-03-01 11:14:00,BNTC,5.070099830627441,5.070099830627441,5.090000152587891,5.070099830627441,5.090000152587891,171.0
2024-03-01 11:14:00,BNTX,91.83999633789062,91.83999633789062,91.88999938964844,91.83999633789062,91.88999938964844,720.0
2024-03-01 11:14:00,BSGM,0.64410001039505,0.64410001039505,0.64410001039505,0.64410001039505,0.64410001039505,538.0
2024-03-01 11:14:00,BTTX,0.1673000007867813,0.1673000007867813,0.1673000007867813,0.1673000007867813,0.1673000007867813,0.0
2024-03-01 11:14:00,CABA,23.976600646972656,23.976600646972656,23.976600646972656,23.976600646972656,23.976600646972656,732.0
2024-03-01 11:14:00,CARA,0.935699999332428,0.935699999332428,0.9399999976158142,0.935699999332428,0.9399999976158142,753.0
2024-03-01 11:14:00,CBAY,32.23500061035156,32.23500061035156,32.2400016784668,32.23500061035156,32.2400016784668,5350.0
2024-03-01 11:14:00,CCCC,10.989999771118164,10.989999771118164,10.989999771118164,10.96500015258789,10.979999542236328,3017.0
2024-03-01 11:14:00,CDMO,8.170000076293945,8.170000076293945,8.180000305175781,8.170000076293945,8.180000305175781,3554.0
2024-03-01 11:14:00,CDNA,12.34000015258789,12.34000015258789,12.34000015258789,12.289999961853027,12.289999961853027,1006.0
2024-03-01 11:14:00,CDTX,0.7246999740600586,0.7246999740600586,0.7246999740600586,0.7246999740600586,0.7246999740600586,360.0
2024-03-01 11:14:00,CDXS,4.454999923706055,4.454999923706055,4.46999979019165,4.454999923706055,4.46999979019165,1230.0
2024-03-01 11:14:00,CERE,41.23500061035156,41.23500061035156,41.23500061035156,41.23500061035156,41.23500061035156,362.0
2024-03-01 11:14:00,CERS,2.2281999588012695,2.2281999588012695,2.2281999588012695,2.2281999588012695,2.2281999588012695,2050.0
2024-03-01 11:14:00,CERT,17.690000534057617,17.690000534057617,17.690000534057617,17.655000686645508,17.655000686645508,638.0
2024-03-01 11:14:00,CGC,3.272900104522705,3.272900104522705,3.2750000953674316,3.2699999809265137,3.2699999809265137,3352.0
2024-03-01 11:14:00,CGEM,18.729999542236328,18.729999542236328,18.729999542236328,18.729999542236328,18.729999542236328,221.0
2024-03-01 11:14:00,CGEN,2.690000057220459,2.690000057220459,2.690000057220459,2.690000057220459,2.690000057220459,122.0
2024-03-01 11:14:00,CHRS,2.3350000381469727,2.3350000381469727,2.3399999141693115,2.3350000381469727,2.3399999141693115,300.0
2024-03-01 11:14:00,CJJD,2.9298999309539795,2.9298999309539795,2.9298999309539795,2.9000000953674316,2.9000000953674316,24571.0
2024-03-01 11:14:00,CLDX,52.27000045776367,52.27000045776367,52.27000045776367,52.029998779296875,52.04999923706055,3614.0
2024-03-01 11:14:00,CLOV,0.867900013923645,0.867900013923645,0.867900013923645,0.8668000102043152,0.8668000102043152,9142.0
2024-03-01 11:14:00,CMPS,11.085000038146973,11.085000038146973,11.09000015258789,11.0600004196167,11.09000015258789,1021.0
2024-03-01 11:14:00,CNSP,0.3151000142097473,0.3151000142097473,0.31540000438690186,0.3149999976158142,0.31540000438690186,14076.0
2024-03-01 11:14:00,CNTA,10.59000015258789,10.59000015258789,10.720000267028809,10.59000015258789,10.720000267028809,2903.0
2024-03-01 11:14:00,COGT,7.170000076293945,7.170000076293945,7.170000076293945,7.159999847412109,7.159999847412109,1164.0
2024-03-01 11:14:00,CORT,23.93000030517578,23.93000030517578,23.93000030517578,23.899999618530273,23.899999618530273,855.0
2024-03-01 11:14:00,CPRX,17.299999237060547,17.299999237060547,17.350000381469727,17.290000915527344,17.350000381469727,20418.0
2024-03-01 11:14:00,CPSI,9.545000076293945,9.545000076293945,9.550000190734863,9.545000076293945,9.550000190734863,3600.0
2024-03-01 11:14:00,CRBU,8.114999771118164,8.114999771118164,8.114999771118164,8.109999656677246,8.109999656677246,837.0
2024-03-01 11:14:00,CRDF,2.580199956893921,2.580199956893921,2.609999895095825,2.569999933242798,2.609999895095825,98053.0
2024-03-01 11:14:00,CRMD,3.690000057220459,3.690000057220459,3.690000057220459,3.690000057220459,3.690000057220459,0.0
2024-03-01 11:14:00,CRNX,45.720001220703125,45.720001220703125,45.720001220703125,45.68000030517578,45.68000030517578,410.0
2024-03-01 11:14:00,CRON,2.058799982070923,2.058799982070923,2.059999942779541,2.049999952316284,2.055000066757202,15100.0
2024-03-01 11:14:00,CRSP,85.80000305175781,85.80000305175781,85.83399963378906,85.68009948730469,85.77010345458984,3377.0
2024-03-01 11:14:00,CRVS,2.2249999046325684,2.2249999046325684,2.2249999046325684,2.2249999046325684,2.2249999046325684,200.0
2024-03-01 11:14:00,CSTL,20.110000610351562,20.110000610351562,20.139999389648438,20.040000915527344,20.06999969482422,1279.0
2024-03-01 11:14:00,CTKB,8.420000076293945,8.420000076293945,8.430000305175781,8.420000076293945,8.430000305175781,526.0
2024-03-01 11:14:00,CTMX,2.5350000858306885,2.5350000858306885,2.539900064468384,2.530600070953369,2.5350000858306885,9505.0
2024-03-01 11:14:00,CUTR,2.3550000190734863,2.3550000190734863,2.359999895095825,2.3499999046325684,2.3499999046325684,2472.0
2024-03-01 11:14:00,CYTK,74.25499725341797,74.25499725341797,74.26000213623047,74.25499725341797,74.26000213623047,328.0
2024-03-01 11:14:00,DAWN,17.44969940185547,17.44969940185547,17.44969940185547,17.43000030517578,17.43000030517578,509.0
2024-03-01 11:14:00,DCGO,4.122499942779541,4.122499942779541,4.122499942779541,4.119999885559082,4.122499942779541,970.0
2024-03-01 11:14:00,DCPH,16.959999084472656,16.959999084472656,16.959999084472656,16.959999084472656,16.959999084472656,137.0
2024-03-01 11:14:00,DMTK,0.8500000238418579,0.8500000238418579,0.8579999804496765,0.8500000238418579,0.8500000238418579,3700.0
2024-03-01 11:14:00,DRRX,1.0149999856948853,1.0149999856948853,1.0149999856948853,1.0,1.0,648.0
2024-03-01 11:14:00,DTIL,12.649999618530273,12.649999618530273,12.760000228881836,12.649999618530273,12.760000228881836,1945.0
2024-03-01 11:14:00,DXCM,119.06500244140625,119.06500244140625,119.1500015258789,119.0636978149414,119.1500015258789,6097.0
2024-03-01 11:14:00,DYN,28.979999542236328,28.979999542236328,28.979999542236328,28.979999542236328,28.979999542236328,225.0
2024-03-01 11:14:00,EDAP,6.78439998626709,6.78439998626709,6.78439998626709,6.78439998626709,6.78439998626709,100.0
2024-03-01 11:14:00,EDIT,11.045000076293945,11.045000076293945,11.050100326538086,10.989999771118164,10.995100021362305,7156.0
2024-03-01 11:14:00,EFTR,15.199999809265137,15.199999809265137,15.199999809265137,15.029999732971191,15.154800415039062,3400.0
2024-03-01 11:14:00,ELEV,4.96999979019165,4.96999979019165,4.96999979019165,4.965000152587891,4.965000152587891,1211.0
2024-03-01 11:14:00,EMBC,14.449999809265137,14.449999809265137,14.449999809265137,14.449999809265137,14.449999809265137,0.0
2024-03-01 11:14:00,ENSG,123.93499755859375,123.93499755859375,123.93499755859375,123.81999969482422,123.86000061035156,700.0
2024-03-01 11:14:00,ENVB,1.659999966621399,1.659999966621399,1.659999966621399,1.649999976158142,1.659999966621399,1026.0
2024-03-01 11:14:00,ESPR,2.4830000400543213,2.4830000400543213,2.494999885559082,2.4800000190734863,2.490000009536743,16334.0
2024-03-01 11:14:00,ETNB,12.819999694824219,12.819999694824219,12.819999694824219,12.8100004196167,12.8100004196167,1443.0
2024-03-01 11:14:00,EWTX,16.940000534057617,16.940000534057617,16.940000534057617,16.93000030517578,16.940000534057617,1030.0
2024-03-01 11:14:00,EXAI,6.739999771118164,6.739999771118164,6.75,6.739999771118164,6.75,803.0
2024-03-01 11:14:00,EXAS,60.20000076293945,60.20000076293945,60.20000076293945,60.16999816894531,60.18000030517578,1371.0
2024-03-01 11:14:00,EXEL,22.4950008392334,22.4950008392334,22.4950008392334,22.489999771118164,22.489999771118164,1607.0
2024-03-01 11:14:00,EYPT,27.969999313354492,27.969999313354492,27.969999313354492,27.969999313354492,27.969999313354492,253.0
2024-03-01 11:14:00,FATE,7.454999923706055,7.454999923706055,7.454999923706055,7.454999923706055,7.454999923706055,166.0
2024-03-01 11:14:00,FBIO,2.2683000564575195,2.2683000564575195,2.2683000564575195,2.2683000564575195,2.2683000564575195,253.0
2024-03-01 11:14:00,FDMT,29.09000015258789,29.09000015258789,29.139999389648438,29.079999923706055,29.079999923706055,1408.0
2024-03-01 11:14:00,FGEN,1.7350000143051147,1.7350000143051147,1.7350000143051147,1.7301000356674194,1.7301000356674194,910.0
2024-03-01 11:14:00,FLGT,23.22010040283203,23.22010040283203,23.2549991607666,23.22010040283203,23.25,1267.0
2024-03-01 11:14:00,FNCH,2.734999895095825,2.734999895095825,2.734999895095825,2.734999895095825,2.734999895095825,200.0
2024-03-01 11:14:00,FULC,10.770000457763672,10.770000457763672,10.770000457763672,10.75,10.75,2601.0
2024-03-01 11:14:00,GBIO,2.619999885559082,2.619999885559082,2.630000114440918,2.619999885559082,2.625,21460.0
2024-03-01 11:14:00,GDRX,8.258999824523926,8.258999824523926,8.258999824523926,8.25,8.25,451.0
2024-03-01 11:14:00,GERN,2.149899959564209,2.149899959564209,2.1500000953674316,2.140000104904175,2.1500000953674316,4593.0
2024-03-01 11:14:00,GH,19.354999542236328,19.354999542236328,19.354999542236328,19.350000381469727,19.350000381469727,433.0
2024-03-01 11:14:00,GILD,72.41999816894531,72.41999816894531,72.45999908447266,72.41500091552734,72.44999694824219,2893.0
2024-03-01 11:14:00,GMAB,29.40999984741211,29.40999984741211,29.40999984741211,29.3799991607666,29.3799991607666,845.0
2024-03-01 11:14:00,GMDA,0.37929999828338623,0.37929999828338623,0.37929999828338623,0.37929999828338623,0.37929999828338623,310.0
2024-03-01 11:14:00,GOSS,1.3550000190734863,1.3550000190734863,1.368899941444397,1.3550000190734863,1.368899941444397,2415.0
2024-03-01 11:14:00,GRFS,7.119999885559082,7.119999885559082,7.130000114440918,7.099800109863281,7.099800109863281,24558.0
2024-03-01 11:14:00,GRPH,3.504300117492676,3.504300117492676,3.504300117492676,3.504300117492676,3.504300117492676,0.0
2024-03-01 11:14:00,GRTS,2.194999933242798,2.194999933242798,2.2098000049591064,2.194999933242798,2.2049999237060547,11388.0
2024-03-01 11:14:00,GRTX,0.2290000021457672,0.2290000021457672,0.23100000619888306,0.2290000021457672,0.23100000619888306,2679.0
2024-03-01 11:14:00,GTHX,3.515000104904175,3.515000104904175,3.5199999809265137,3.5,3.5,12231.0
2024-03-01 11:14:00,HALO,41.310001373291016,41.310001373291016,41.33000183105469,41.273799896240234,41.275001525878906,2432.0
2024-03-01 11:14:00,HARP,22.93000030517578,22.93000030517578,22.93000030517578,22.93000030517578,22.93000030517578,200.0
2024-03-01 11:14:00,HCAT,7.940000057220459,7.940000057220459,7.940000057220459,7.940000057220459,7.940000057220459,215.0
2024-03-01 11:14:00,HCM,15.387499809265137,15.387499809265137,15.387499809265137,15.387499809265137,15.387499809265137,107.0
2024-03-01 11:14:00,HCSG,12.71500015258789,12.71500015258789,12.71500015258789,12.710000038146973,12.710000038146973,273.0
2024-03-01 11:14:00,HCTI,2.380000114440918,2.380000114440918,2.4000000953674316,2.380000114440918,2.4000000953674316,8014.0
2024-03-01 11:14:00,HOOK,0.7710000276565552,0.7710000276565552,0.7710000276565552,0.7710000276565552,0.7710000276565552,28764.0
2024-03-01 11:14:00,HQY,81.69499969482422,81.69499969482422,81.69499969482422,81.69499969482422,81.69499969482422,200.0
2024-03-01 11:14:00,HRMY,31.40999984741211,31.40999984741211,31.459999084472656,31.3700008392334,31.40999984741211,2184.0
2024-03-01 11:14:00,HSIC,76.75,76.75,76.81999969482422,76.75,76.79000091552734,1257.0
2024-03-01 11:14:00,HSTM,27.565000534057617,27.565000534057617,27.610000610351562,27.565000534057617,27.610000610351562,823.0
2024-03-01 11:14:00,HUMA,3.2750000953674316,3.2750000953674316,3.2799999713897705,3.244999885559082,3.244999885559082,27895.0
2024-03-01 11:14:00,IART,36.7599983215332,36.7599983215332,36.78499984741211,36.7599983215332,36.78499984741211,699.0
2024-03-01 11:14:00,IBRX,4.885000228881836,4.885000228881836,4.885000228881836,4.875,4.875,917.0
2024-03-01 11:14:00,ICAD,1.9098999500274658,1.9098999500274658,1.9098999500274658,1.9098999500274658,1.9098999500274658,1060.0
2024-03-01 11:14:00,IDXX,580.22998046875,580.22998046875,580.22998046875,580.22998046875,580.22998046875,323.0
2024-03-01 11:14:00,IDYA,46.04999923706055,46.04999923706055,46.04999923706055,46.04999923706055,46.04999923706055,185.0
2024-03-01 11:14:00,IGMS,13.3100004196167,13.3100004196167,13.390000343322754,13.3100004196167,13.369999885559082,896.0
2024-03-01 11:14:00,IMCR,68.1500015258789,68.1500015258789,68.1500015258789,68.1500015258789,68.1500015258789,315.0
2024-03-01 11:14:00,IMMX,3.5399999618530273,3.5399999618530273,3.5399999618530273,3.509999990463257,3.509999990463257,0.0
2024-03-01 11:14:00,IMTX,13.109999656677246,13.109999656677246,13.109999656677246,13.0600004196167,13.0600004196167,2114.0
2024-03-01 11:14:00,IMVT,36.224998474121094,36.224998474121094,36.224998474121094,36.224998474121094,36.224998474121094,331.0
2024-03-01 11:14:00,INCY,59.40999984741211,59.40999984741211,59.41999816894531,59.380001068115234,59.380001068115234,2398.0
2024-03-01 11:14:00,INGN,6.820000171661377,6.820000171661377,6.820000171661377,6.820000171661377,6.820000171661377,707.0
2024-03-01 11:14:00,INMD,22.899999618530273,22.899999618530273,22.90999984741211,22.899999618530273,22.899999618530273,3841.0
2024-03-01 11:14:00,INO,9.0600004196167,9.0600004196167,9.0600004196167,9.0600004196167,9.0600004196167,254.0
2024-03-01 11:14:00,INSM,28.09000015258789,28.09000015258789,28.09000015258789,28.09000015258789,28.09000015258789,215.0
2024-03-01 11:14:00,INVA,15.680000305175781,15.680000305175781,15.680000305175781,15.670000076293945,15.670000076293945,745.0
2024-03-01 11:14:00,IONS,45.83000183105469,45.83000183105469,45.849998474121094,45.83000183105469,45.849998474121094,797.0
2024-03-01 11:14:00,IOVA,16.475000381469727,16.475000381469727,16.510000228881836,16.475000381469727,16.485000610351562,8433.0
2024-03-01 11:14:00,IRIX,2.574199914932251,2.574199914932251,2.574199914932251,2.574199914932251,2.574199914932251,1167.0
2024-03-01 11:14:00,IRTC,120.05500030517578,120.05500030517578,120.05500030517578,120.05500030517578,120.05500030517578,164.0
2024-03-01 11:14:00,IRWD,9.029999732971191,9.029999732971191,9.067500114440918,9.024999618530273,9.039999961853027,11234.0
2024-03-01 11:14:00,ISRG,393.0,393.0,393.0,392.8450012207031,392.8450012207031,1377.0
2024-03-01 11:14:00,ITCI,71.05999755859375,71.05999755859375,71.05999755859375,71.05999755859375,71.05999755859375,478.0
2024-03-01 11:14:00,JAGX,0.08160000294446945,0.08160000294446945,0.0820000022649765,0.08110000193119049,0.08139999955892563,338770.0
2024-03-01 11:14:00,JANX,46.38999938964844,46.38999938964844,46.47999954223633,46.38999938964844,46.47999954223633,612.0
2024-03-01 11:14:00,JAZZ,120.73999786376953,120.73999786376953,120.73999786376953,120.73999786376953,120.73999786376953,1066.0
2024-03-01 11:14:00,KALV,13.979999542236328,13.979999542236328,13.979999542236328,13.979999542236328,13.979999542236328,119.0
2024-03-01 11:14:00,KNTE,2.625,2.625,2.625,2.625,2.625,160.0
2024-03-01 11:14:00,KOD,6.135000228881836,6.135000228881836,6.135000228881836,6.135000228881836,6.135000228881836,101.0
2024-03-01 11:14:00,KPTI,1.2384999990463257,1.2384999990463257,1.2400000095367432,1.2350000143051147,1.2350000143051147,1304.0
2024-03-01 11:14:00,KRMD,2.1500000953674316,2.1500000953674316,2.1500000953674316,2.1500000953674316,2.1500000953674316,93.0
2024-03-01 11:14:00,KROS,69.02999877929688,69.02999877929688,69.13999938964844,69.0,69.03500366210938,2187.0
2024-03-01 11:14:00,KTRA,0.10040000081062317,0.10040000081062317,0.10040000081062317,0.10029999911785126,0.10029999911785126,365.0
2024-03-01 11:14:00,KURA,21.34000015258789,21.34000015258789,21.350000381469727,21.34000015258789,21.350000381469727,1721.0
2024-03-01 11:14:00,KYMR,43.974998474121094,43.974998474121094,44.057498931884766,43.91999816894531,43.974998474121094,3963.0
2024-03-01 11:14:00,KZR,1.1100000143051147,1.1100000143051147,1.1100000143051147,1.1050000190734863,1.1100000143051147,4300.0
2024-03-01 11:14:00,LAB,2.4049999713897705,2.4049999713897705,2.4100000858306885,2.4049999713897705,2.4100000858306885,303.0
2024-03-01 11:14:00,LABP,6.523799896240234,6.523799896240234,6.523799896240234,6.523799896240234,6.523799896240234,302.0
2024-03-01 11:14:00,LBPH,21.780000686645508,21.780000686645508,21.780000686645508,21.6299991607666,21.6299991607666,27491.0
2024-03-01 11:14:00,LEGN,65.96499633789062,65.96499633789062,65.96499633789062,65.96499633789062,65.96499633789062,374.0
2024-03-01 11:14:00,LEXX,2.6940999031066895,2.6940999031066895,2.6940999031066895,2.671099901199341,2.671099901199341,1992.0
2024-03-01 11:14:00,LFLY,2.990000009536743,2.990000009536743,2.990000009536743,2.990000009536743,2.990000009536743,106.0
2024-03-01 11:14:00,LFST,8.005000114440918,8.005000114440918,8.01930046081543,8.0,8.015000343322754,6534.0
2024-03-01 11:14:00,LIAN,4.860000133514404,4.860000133514404,4.860000133514404,4.860000133514404,4.860000133514404,100.0
2024-03-01 11:14:00,LIFE,1.9299999475479126,1.9299999475479126,1.934999942779541,1.9299999475479126,1.934999942779541,307.0
2024-03-01 11:14:00,LIVN,55.005001068115234,55.005001068115234,55.0099983215332,55.005001068115234,55.0099983215332,456.0
2024-03-01 11:14:00,LNTH,65.52880096435547,65.52880096435547,65.52880096435547,65.52880096435547,65.52880096435547,176.0
2024-03-01 11:14:00,LQDA,14.355199813842773,14.355199813842773,14.355199813842773,14.355199813842773,14.355199813842773,1002.0
2024-03-01 11:14:00,LRMR,11.13599967956543,11.13599967956543,11.13599967956543,11.13599967956543,11.13599967956543,155.0
2024-03-01 11:14:00,LUNG,9.172499656677246,9.172499656677246,9.180000305175781,9.15999984741211,9.180000305175781,2601.0
2024-03-01 11:14:00,LVTX,3.0399999618530273,3.0399999618530273,3.0399999618530273,3.009999990463257,3.009999990463257,0.0
2024-03-01 11:14:00,LXRX,2.4049999713897705,2.4049999713897705,2.409899950027466,2.4049999713897705,2.4049999713897705,2495.0
2024-03-01 11:14:00,LYEL,3.1600000858306885,3.1600000858306885,3.1600000858306885,3.1600000858306885,3.1600000858306885,133.0
2024-03-01 11:14:00,LYRA,5.630000114440918,5.630000114440918,5.630000114440918,5.599999904632568,5.619999885559082,320.0
2024-03-01 11:14:00,MACK,14.71090030670166,14.71090030670166,14.71090030670166,14.71090030670166,14.71090030670166,154.0
2024-03-01 11:14:00,MCRB,1.184999942779541,1.184999942779541,1.184999942779541,1.184999942779541,1.184999942779541,111.0
2024-03-01 11:14:00,MDRX,5.949999809265137,5.949999809265137,6.0,5.849999904632568,6.0,12839.0
2024-03-01 11:14:00,MDXG,8.649999618530273,8.649999618530273,8.649999618530273,8.630000114440918,8.635000228881836,4955.0
2024-03-01 11:14:00,ME,0.5864999890327454,0.5864999890327454,0.5864999890327454,0.5864999890327454,0.5864999890327454,130.0
2024-03-01 11:14:00,MEDP,401.0,401.0,401.0,400.7799987792969,400.7799987792969,887.0
2024-03-01 11:14:00,MESO,2.04010009765625,2.04010009765625,2.04010009765625,2.04010009765625,2.04010009765625,0.0
2024-03-01 11:14:00,MGNX,19.299999237060547,19.299999237060547,19.299999237060547,19.27989959716797,19.27989959716797,352.0
2024-03-01 11:14:00,MIRM,30.020000457763672,30.020000457763672,30.020000457763672,29.979999542236328,29.979999542236328,1348.0
2024-03-01 11:14:00,MLTX,51.599998474121094,51.599998474121094,51.685001373291016,51.599998474121094,51.685001373291016,637.0
2024-03-01 11:14:00,MMSI,75.98999786376953,75.98999786376953,75.98999786376953,75.98999786376953,75.98999786376953,224.0
2024-03-01 11:14:00,MNKD,4.614999771118164,4.614999771118164,4.619999885559082,4.614999771118164,4.614999771118164,3331.0
2024-03-01 11:14:00,MNMD,5.889999866485596,5.889999866485596,5.900000095367432,5.889999866485596,5.900000095367432,983.0
2024-03-01 11:14:00,MODD,1.8910000324249268,1.8910000324249268,1.9049999713897705,1.8910000324249268,1.8931000232696533,1296.0
2024-03-01 11:14:00,MREO,3.809999942779541,3.809999942779541,3.8199000358581543,3.7950000762939453,3.799499988555908,4794.0
2024-03-01 11:14:00,MRNA,95.48999786376953,95.48999786376953,95.51000213623047,95.46499633789062,95.51000213623047,1842.0
2024-03-01 11:14:00,MRSN,5.849999904632568,5.849999904632568,5.849999904632568,5.840000152587891,5.840000152587891,1429.0
2024-03-01 11:14:00,MRUS,50.47999954223633,50.47999954223633,50.47999954223633,50.30500030517578,50.30500030517578,310.0
2024-03-01 11:14:00,MRVI,7.835000038146973,7.835000038146973,7.855000019073486,7.835000038146973,7.849999904632568,2290.0
2024-03-01 11:14:00,MYGN,21.632699966430664,21.632699966430664,21.632699966430664,21.632699966430664,21.632699966430664,507.0
2024-03-01 11:14:00,NARI,45.79499816894531,45.79499816894531,45.79999923706055,45.68000030517578,45.73440170288086,5276.0
2024-03-01 11:14:00,NBIX,129.97500610351562,129.97500610351562,129.97500610351562,129.97500610351562,129.97500610351562,237.0
2024-03-01 11:14:00,NEO,16.09000015258789,16.09000015258789,16.09000015258789,16.059999465942383,16.059999465942383,547.0
2024-03-01 11:14:00,NERV,2.51990008354187,2.51990008354187,2.51990008354187,2.490299940109253,2.490299940109253,7884.0
2024-03-01 11:14:00,NGM,1.5299999713897705,1.5299999713897705,1.5299999713897705,1.5299999713897705,1.5299999713897705,599.0
2024-03-01 11:14:00,NKTR,0.7444000244140625,0.7444000244140625,0.7459999918937683,0.7440000176429749,0.7440000176429749,6432.0
2024-03-01 11:14:00,NKTX,12.45989990234375,12.45989990234375,12.45989990234375,12.430000305175781,12.4350004196167,720.0
2024-03-01 11:14:00,NNOX,11.121199607849121,11.121199607849121,11.121199607849121,11.109999656677246,11.119000434875488,1368.0
2024-03-01 11:14:00,NOTV,7.809999942779541,7.809999942779541,7.809999942779541,7.809999942779541,7.809999942779541,102.0
2024-03-01 11:14:00,NRIX,13.305000305175781,13.305000305175781,13.319999694824219,13.305000305175781,13.305000305175781,151.0
2024-03-01 11:14:00,NRXP,0.4350000023841858,0.4350000023841858,0.4350000023841858,0.4287000000476837,0.4327000081539154,4356.0
2024-03-01 11:14:00,NRXPW,0.1599999964237213,0.1599999964237213,0.1599999964237213,0.1599999964237213,0.1599999964237213,31320.0
2024-03-01 11:14:00,NTLA,33.56999969482422,33.56999969482422,33.56999969482422,33.564998626708984,33.564998626708984,759.0
2024-03-01 11:14:00,NTRA,89.5,89.5,89.56999969482422,89.48919677734375,89.48919677734375,2568.0
2024-03-01 11:14:00,NUVL,87.70500183105469,87.70500183105469,87.70500183105469,87.70500183105469,87.70500183105469,188.0
2024-03-01 11:14:00,NVAX,5.125,5.125,5.130000114440918,5.120100021362305,5.125,2656.0
2024-03-01 11:14:00,NVCR,16.211000442504883,16.211000442504883,16.211000442504883,16.209999084472656,16.209999084472656,503.0
2024-03-01 11:14:00,NXTC,1.7949999570846558,1.7949999570846558,1.7949999570846558,1.7949999570846558,1.7949999570846558,100.0
2024-03-01 11:14:00,OCGN,0.923799991607666,0.923799991607666,0.923799991607666,0.9182000160217285,0.9182000160217285,1464.0
2024-03-01 11:14:00,OCUL,10.470000267028809,10.470000267028809,10.479999542236328,10.44629955291748,10.449999809265137,18951.0
2024-03-01 11:14:00,OCUP,2.509999990463257,2.509999990463257,2.509999990463257,2.507999897003174,2.507999897003174,2518.0
2024-03-01 11:14:00,OLMA,12.960000038146973,12.960000038146973,12.960000038146973,12.960000038146973,12.960000038146973,165.0
2024-03-01 11:14:00,OM,3.1500000953674316,3.1500000953674316,3.1500000953674316,3.1500000953674316,3.1500000953674316,997.0
2024-03-01 11:14:00,OMCL,26.469999313354492,26.469999313354492,26.469999313354492,26.469999313354492,26.469999313354492,644.0
2024-03-01 11:14:00,ONTX,0.8101999759674072,0.8101999759674072,0.8101999759674072,0.8101999759674072,0.8101999759674072,347.0
2024-03-01 11:15:00,ABCL,5.175000190734863,5.175000190734863,5.179999828338623,5.164999961853027,5.164999961853027,2158.0
2024-03-01 11:15:00,ABSI,5.144999980926514,5.144999980926514,5.159900188446045,5.144999980926514,5.159900188446045,1253.0
2024-03-01 11:15:00,ABUS,2.7750000953674316,2.7750000953674316,2.7750000953674316,2.7699999809265137,2.7699999809265137,1868.0
2024-03-01 11:15:00,ACAD,23.899999618530273,23.899999618530273,23.899999618530273,23.8799991607666,23.8799991607666,1232.0
2024-03-01 11:15:00,ACB,3.1210999488830566,3.1210999488830566,3.1210999488830566,3.119999885559082,3.120300054550171,6215.0
2024-03-01 11:15:00,ACCD,10.300000190734863,10.300000190734863,10.300000190734863,10.300000190734863,10.300000190734863,359.0
2024-03-01 11:15:00,ACET,2.3949999809265137,2.3949999809265137,2.3949999809265137,2.3949999809265137,2.3949999809265137,300.0
2024-03-01 11:15:00,ACHL,1.3550000190734863,1.3550000190734863,1.3550000190734863,1.3550000190734863,1.3550000190734863,3000.0
2024-03-01 11:15:00,ACLX,67.79499816894531,67.79499816894531,67.79499816894531,67.7699966430664,67.7699966430664,1249.0
2024-03-01 11:15:00,ACON,0.3799999952316284,0.3799999952316284,0.38760000467300415,0.3799999952316284,0.38760000467300415,167545.0
2024-03-01 11:15:00,ACRS,1.215000033378601,1.215000033378601,1.215000033378601,1.215000033378601,1.215000033378601,520.0
2024-03-01 11:15:00,ACXP,2.9700000286102295,2.9700000286102295,2.9700000286102295,2.9700000286102295,2.9700000286102295,17713.0
2024-03-01 11:15:00,ADAG,3.2799999713897705,3.2799999713897705,3.2899999618530273,3.2799999713897705,3.2899999618530273,500.0
2024-03-01 11:15:00,ADAP,1.5800000429153442,1.5800000429153442,1.5800000429153442,1.5800000429153442,1.5800000429153442,470.0
2024-03-01 11:15:00,ADIL,2.9214000701904297,2.9214000701904297,2.950000047683716,2.880000114440918,2.948499917984009,115930.0
2024-03-01 11:15:00,ADMA,5.335000038146973,5.335000038146973,5.335000038146973,5.335000038146973,5.335000038146973,246.0
2024-03-01 11:15:00,ADPT,4.224999904632568,4.224999904632568,4.224999904632568,4.215000152587891,4.21999979019165,1079.0
2024-03-01 11:15:00,ADVM,1.940000057220459,1.940000057220459,1.940000057220459,1.934999942779541,1.934999942779541,4011.0
2024-03-01 11:15:00,AGEN,0.6671000123023987,0.6671000123023987,0.6671000123023987,0.6671000123023987,0.6671000123023987,8871.0
2024-03-01 11:15:00,AGIO,32.88999938964844,32.88999938964844,32.88999938964844,32.88999938964844,32.88999938964844,217.0
2024-03-01 11:15:00,AHCO,10.829999923706055,10.829999923706055,10.835000038146973,10.819999694824219,10.835000038146973,2812.0
2024-03-01 11:15:00,AIRS,6.519999980926514,6.519999980926514,6.519999980926514,6.519999980926514,6.519999980926514,14386.0
2024-03-01 11:15:00,AKAN,0.24809999763965607,0.24809999763965607,0.249099999666214,0.24799999594688416,0.24809999763965607,15897.0
2024-03-01 11:15:00,AKBA,1.679900050163269,1.679900050163269,1.679900050163269,1.679900050163269,1.679900050163269,2000.0
2024-03-01 11:15:00,AKLI,0.3400000035762787,0.3400000035762787,0.3400000035762787,0.33500000834465027,0.33500000834465027,4574.0
2024-03-01 11:15:00,ALDX,4.1433000564575195,4.1433000564575195,4.144999980926514,4.1433000564575195,4.144999980926514,1200.0
2024-03-01 11:15:00,ALEC,7.519999980926514,7.519999980926514,7.519999980926514,7.510000228881836,7.510000228881836,826.0
2024-03-01 11:15:00,ALGN,299.81500244140625,299.81500244140625,299.81500244140625,299.6600036621094,299.6600036621094,560.0
2024-03-01 11:15:00,ALGS,1.059999942779541,1.059999942779541,1.059999942779541,1.0499999523162842,1.0499999523162842,2708.0
2024-03-01 11:15:00,ALKS,30.229999542236328,30.229999542236328,30.239999771118164,30.229999542236328,30.229999542236328,1220.0
2024-03-01 11:15:00,ALLK,1.5950000286102295,1.5950000286102295,1.600000023841858,1.5950000286102295,1.600000023841858,260.0
2024-03-01 11:15:00,ALLO,5.025000095367432,5.025000095367432,5.025000095367432,5.019999980926514,5.019999980926514,903.0
2024-03-01 11:15:00,ALNY,154.71499633789062,154.71499633789062,154.88499450683594,154.71499633789062,154.88499450683594,442.0
2024-03-01 11:15:00,ALPN,36.20000076293945,36.20000076293945,36.20000076293945,36.16999816894531,36.16999816894531,269.0
2024-03-01 11:15:00,ALT,12.077899932861328,12.077899932861328,12.114999771118164,12.069999694824219,12.114999771118164,6843.0
2024-03-01 11:15:00,ALVO,15.640000343322754,15.640000343322754,15.657500267028809,15.640000343322754,15.657500267028809,437.0
2024-03-01 11:15:00,ALXO,15.130000114440918,15.130000114440918,15.149999618530273,15.069999694824219,15.069999694824219,2882.0
2024-03-01 11:15:00,AMGN,281.17999267578125,281.17999267578125,281.1859130859375,280.8699951171875,280.8699951171875,3413.0
2024-03-01 11:15:00,AMLX,18.825000762939453,18.825000762939453,18.84000015258789,18.825000762939453,18.825000762939453,897.0
2024-03-01 11:15:00,AMPH,45.915000915527344,45.915000915527344,45.915000915527344,45.915000915527344,45.915000915527344,690.0
2024-03-01 11:15:00,AMRN,1.0499999523162842,1.0499999523162842,1.0549999475479126,1.0499999523162842,1.0499999523162842,2.0
2024-03-01 11:15:00,ANAB,25.520000457763672,25.520000457763672,25.520000457763672,25.424999237060547,25.43000030517578,10755.0
2024-03-01 11:15:00,ANGO,5.510000228881836,5.510000228881836,5.519999980926514,5.510000228881836,5.510000228881836,1006.0
2024-03-01 11:15:00,ANIX,3.509999990463257,3.509999990463257,3.509999990463257,3.509999990463257,3.509999990463257,0.0
2024-03-01 11:15:00,ANNX,6.043000221252441,6.043000221252441,6.043000221252441,5.960000038146973,5.960000038146973,64838.0
2024-03-01 11:15:00,ANTX,2.949899911880493,2.949899911880493,2.949899911880493,2.944999933242798,2.944999933242798,2190.0
2024-03-01 11:15:00,APLS,64.66000366210938,64.66000366210938,64.73500061035156,64.4800033569336,64.4800033569336,4162.0
2024-03-01 11:15:00,APLT,7.114999771118164,7.114999771118164,7.119999885559082,7.110000133514404,7.119999885559082,2315.0
2024-03-01 11:15:00,AQST,4.179999828338623,4.179999828338623,4.199900150299072,4.170599937438965,4.190000057220459,7586.0
2024-03-01 11:15:00,ARCT,39.61000061035156,39.61000061035156,39.61000061035156,39.61000061035156,39.61000061035156,313.0
2024-03-01 11:15:00,ARDX,9.550000190734863,9.550000190734863,9.550000190734863,9.529999732971191,9.529999732971191,1620.0
2024-03-01 11:15:00,ARQT,11.024999618530273,11.024999618530273,11.0600004196167,11.010000228881836,11.050000190734863,7126.0
2024-03-01 11:15:00,ARVN,49.10499954223633,49.10499954223633,49.10499954223633,48.90999984741211,49.05849838256836,2021.0
2024-03-01 11:15:00,ARWR,35.40999984741211,35.40999984741211,35.40999984741211,35.40999984741211,35.40999984741211,539.0
2024-03-01 11:15:00,ASLN,0.8251000046730042,0.8251000046730042,0.8251000046730042,0.8251000046730042,0.8251000046730042,0.0
2024-03-01 11:15:00,ASND,149.22500610351562,149.22500610351562,149.22500610351562,149.22500610351562,149.22500610351562,25.0
2024-03-01 11:15:00,ASRT,0.910099983215332,0.910099983215332,0.910099983215332,0.910099983215332,0.910099983215332,101.0
2024-03-01 11:15:00,ATEC,13.524999618530273,13.524999618530273,13.524999618530273,13.520000457763672,13.520000457763672,776.0
2024-03-01 11:15:00,ATNF,3.3015999794006348,3.3015999794006348,3.3015999794006348,3.3015999794006348,3.3015999794006348,7350.0
2024-03-01 11:15:00,ATRA,0.8016999959945679,0.8016999959945679,0.8027999997138977,0.8004999756813049,0.8016999959945679,3909.0
2024-03-01 11:15:00,ATRC,35.900001525878906,35.900001525878906,35.900001525878906,35.81999969482422,35.81999969482422,2501.0
2024-03-01 11:15:00,ATXI,0.1535000056028366,0.1535000056028366,0.15389999747276306,0.1535000056028366,0.15389999747276306,575.0
2024-03-01 11:15:00,ATXS,15.25,15.25,15.25,15.25,15.25,231.0
2024-03-01 11:15:00,AUPH,5.824999809265137,5.824999809265137,5.824999809265137,5.824999809265137,5.824999809265137,1203.0
2024-03-01 11:15:00,AVDL,12.649999618530273,12.649999618530273,12.649999618530273,12.550000190734863,12.600000381469727,21710.0
2024-03-01 11:15:00,AVTE,23.149999618530273,23.149999618530273,23.280000686645508,23.149999618530273,23.200000762939453,485.0
2024-03-01 11:15:00,AVXL,5.387199878692627,5.387199878692627,5.387199878692627,5.387199878692627,5.387199878692627,1076.0
2024-03-01 11:15:00,AXNX,67.29000091552734,67.29000091552734,67.3499984741211,67.27999877929688,67.31500244140625,6571.0
2024-03-01 11:15:00,AXSM,83.33999633789062,83.33999633789062,83.43000030517578,83.33999633789062,83.43000030517578,658.0
2024-03-01 11:15:00,AZN,64.66000366210938,64.66000366210938,64.66999816894531,64.6449966430664,64.6449966430664,4888.0
2024-03-01 11:15:00,AZTA,66.47000122070312,66.47000122070312,66.47000122070312,66.47000122070312,66.47000122070312,443.0
2024-03-01 11:15:00,BBIO,36.125,36.125,36.125,36.119998931884766,36.119998931884766,368.0
2024-03-01 11:15:00,BCAB,2.765000104904175,2.765000104904175,2.765000104904175,2.765000104904175,2.765000104904175,312.0
2024-03-01 11:15:00,BCDA,0.5699999928474426,0.5699999928474426,0.5699999928474426,0.5699999928474426,0.5699999928474426,1000.0
2024-03-01 11:15:00,BDTX,5.170000076293945,5.170000076293945,5.170000076293945,5.170000076293945,5.170000076293945,109.0
2024-03-01 11:15:00,BEAM,40.369998931884766,40.369998931884766,40.379798889160156,40.310001373291016,40.310001373291016,4178.0
2024-03-01 11:15:00,BGNE,167.3249969482422,167.3249969482422,167.3249969482422,167.3249969482422,167.3249969482422,295.0
2024-03-01 11:15:00,BGXX,0.265500009059906,0.265500009059906,0.26899999380111694,0.265500009059906,0.26899999380111694,3050.0
2024-03-01 11:15:00,BIIB,219.3699951171875,219.3699951171875,219.3699951171875,219.3699951171875,219.3699951171875,356.0
2024-03-01 11:15:00,BIOL,0.13850000500679016,0.13850000500679016,0.13850000500679016,0.13850000500679016,0.13850000500679016,401.0
2024-03-01 11:15:00,BIVI,2.190000057220459,2.190000057220459,2.200000047683716,2.180000066757202,2.198699951171875,48722.0
2024-03-01 11:15:00,BLFS,18.200000762939453,18.200000762939453,18.200000762939453,18.100000381469727,18.100000381469727,781.0
2024-03-01 11:15:00,BLUE,1.5750000476837158,1.5750000476837158,1.5800000429153442,1.5750000476837158,1.5750000476837158,4538.0
2024-03-01 11:15:00,BMEA,17.915000915527344,17.915000915527344,17.940000534057617,17.915000915527344,17.940000534057617,927.0
2024-03-01 11:15:00,BMRA,1.2000000476837158,1.2000000476837158,1.2000000476837158,1.2000000476837158,1.2000000476837158,200.0
2024-03-01 11:15:00,BMRN,86.81999969482422,86.81999969482422,86.81999969482422,86.81999969482422,86.81999969482422,188.0
2024-03-01 11:15:00,BNGO,1.2549999952316284,1.2549999952316284,1.2549999952316284,1.25,1.2549999952316284,1784.0
2024-03-01 11:15:00,BNTC,5.070099830627441,5.070099830627441,5.070099830627441,5.070099830627441,5.070099830627441,258.0
2024-03-01 11:15:00,BNTX,92.04000091552734,92.04000091552734,92.0999984741211,91.91000366210938,91.93000030517578,5273.0
2024-03-01 11:15:00,BPMC,96.125,96.125,96.125,95.94000244140625,96.06500244140625,10462.0
2024-03-01 11:15:00,BRKR,87.98999786376953,87.98999786376953,87.98999786376953,87.98999786376953,87.98999786376953,254.0
2024-03-01 11:15:00,BRTX,1.5199999809265137,1.5199999809265137,1.5199999809265137,1.5099999904632568,1.5199999809265137,1254.0
2024-03-01 11:15:00,BTAI,3.2149999141693115,3.2149999141693115,3.2200000286102295,3.2149999141693115,3.2200000286102295,633.0
2024-03-01 11:15:00,BTTX,0.16769999265670776,0.16769999265670776,0.16899999976158142,0.16769999265670776,0.16850000619888306,11044.0
2024-03-01 11:15:00,CABA,24.0049991607666,24.0049991607666,24.0049991607666,23.969999313354492,24.0,1336.0
2024-03-01 11:15:00,CARA,0.9300000071525574,0.9300000071525574,0.9300000071525574,0.9300000071525574,0.9300000071525574,800.0
2024-03-01 11:15:00,CBAY,32.2400016784668,32.2400016784668,32.2400016784668,32.2400016784668,32.2400016784668,4268.0
2024-03-01 11:15:00,CCCC,10.990099906921387,10.990099906921387,11.0,10.989999771118164,10.989999771118164,1870.0
2024-03-01 11:15:00,CDMO,8.1899995803833,8.1899995803833,8.1899995803833,8.1899995803833,8.1899995803833,201.0
2024-03-01 11:15:00,CDNA,12.3100004196167,12.3100004196167,12.329999923706055,12.3100004196167,12.329999923706055,2735.0
2024-03-01 11:15:00,CELU,3.5999999046325684,3.5999999046325684,3.5999999046325684,3.5999999046325684,3.5999999046325684,264.0
2024-03-01 11:15:00,CERE,41.2400016784668,41.2400016784668,41.255001068115234,41.2400016784668,41.25,2592.0
2024-03-01 11:15:00,CERS,2.2249999046325684,2.2249999046325684,2.2249999046325684,2.2200000286102295,2.2200000286102295,1600.0
2024-03-01 11:15:00,CGC,3.2750000953674316,3.2750000953674316,3.2750000953674316,3.2750000953674316,3.2750000953674316,480.0
2024-03-01 11:15:00,CGEN,2.684999942779541,2.684999942779541,2.684999942779541,2.684999942779541,2.684999942779541,109.0
2024-03-01 11:15:00,CHRS,2.3350000381469727,2.3350000381469727,2.3399999141693115,2.3350000381469727,2.3399999141693115,800.0
2024-03-01 11:15:00,CING,1.3600000143051147,1.3600000143051147,1.3899999856948853,1.3600000143051147,1.3700000047683716,280.0
2024-03-01 11:15:00,CLDX,52.310001373291016,52.310001373291016,52.310001373291016,52.255001068115234,52.255001068115234,2172.0
2024-03-01 11:15:00,CLOV,0.8689000010490417,0.8689000010490417,0.8690999746322632,0.8669999837875366,0.8669999837875366,1091.0
2024-03-01 11:15:00,CLSD,1.3799999952316284,1.3799999952316284,1.3799999952316284,1.3799999952316284,1.3799999952316284,220.0
2024-03-01 11:15:00,CMPS,11.09000015258789,11.09000015258789,11.113800048828125,11.09000015258789,11.113800048828125,350.0
2024-03-01 11:15:00,CMPX,1.8799999952316284,1.8799999952316284,1.8799999952316284,1.8799999952316284,1.8799999952316284,102.0
2024-03-01 11:15:00,CNSP,0.3100000023841858,0.3100000023841858,0.3181999921798706,0.3100000023841858,0.3149999976158142,2325.0
2024-03-01 11:15:00,COGT,7.179999828338623,7.179999828338623,7.179999828338623,7.170000076293945,7.170000076293945,2559.0
2024-03-01 11:15:00,CPRX,17.280000686645508,17.280000686645508,17.334999084472656,17.280000686645508,17.309999465942383,5837.0
2024-03-01 11:15:00,CPSI,9.545000076293945,9.545000076293945,9.545000076293945,9.545000076293945,9.545000076293945,0.0
2024-03-01 11:15:00,CRBU,8.129899978637695,8.129899978637695,8.129899978637695,8.119999885559082,8.119999885559082,1232.0
2024-03-01 11:15:00,CRDF,2.5601999759674072,2.5601999759674072,2.5999999046325684,2.509999990463257,2.5850000381469727,90772.0
2024-03-01 11:15:00,CRMD,3.692500114440918,3.692500114440918,3.692500114440918,3.692500114440918,3.692500114440918,1000.0
2024-03-01 11:15:00,CRNX,45.689998626708984,45.689998626708984,45.689998626708984,45.689998626708984,45.689998626708984,202.0
2024-03-01 11:15:00,CRON,2.059999942779541,2.059999942779541,2.059999942779541,2.059999942779541,2.059999942779541,136.0
2024-03-01 11:15:00,CRSP,85.79499816894531,85.79499816894531,85.80000305175781,85.73999786376953,85.80000305175781,627.0
2024-03-01 11:15:00,CRVS,2.2174999713897705,2.2174999713897705,2.2174999713897705,2.2174999713897705,2.2174999713897705,244.0
2024-03-01 11:15:00,CSTL,20.18000030517578,20.18000030517578,20.18000030517578,20.149999618530273,20.149999618530273,494.0
2024-03-01 11:15:00,CTKB,8.399999618530273,8.399999618530273,8.399999618530273,8.399999618530273,8.399999618530273,609.0
2024-03-01 11:15:00,CTMX,2.549999952316284,2.549999952316284,2.549999952316284,2.5399999618530273,2.5399999618530273,200.0
2024-03-01 11:15:00,CTXR,0.7849000096321106,0.7849000096321106,0.7849000096321106,0.7849000096321106,0.7849000096321106,367.0
2024-03-01 11:15:00,CUE,2.184999942779541,2.184999942779541,2.184999942779541,2.184999942779541,2.184999942779541,160.0
2024-03-01 11:15:00,CUTR,2.4000000953674316,2.4000000953674316,2.4000000953674316,2.359999895095825,2.359999895095825,8241.0
2024-03-01 11:15:00,CVRX,20.09000015258789,20.09000015258789,20.09000015258789,19.969999313354492,19.975000381469727,1746.0
2024-03-01 11:15:00,CYTK,74.33999633789062,74.33999633789062,74.33999633789062,74.31999969482422,74.31999969482422,292.0
2024-03-01 11:15:00,CYTO,2.0999999046325684,2.0999999046325684,2.0999999046325684,2.0999999046325684,2.0999999046325684,300.0
2024-03-01 11:15:00,DARE,0.5648999810218811,0.5648999810218811,0.5648999810218811,0.5648999810218811,0.5648999810218811,0.0
2024-03-01 11:15:00,DAWN,17.459999084472656,17.459999084472656,17.459999084472656,17.450000762939453,17.450000762939453,531.0
2024-03-01 11:15:00,DCGO,4.144999980926514,4.144999980926514,4.144999980926514,4.130000114440918,4.130000114440918,2244.0
2024-03-01 11:15:00,DCPH,17.0,17.0,17.0,17.0,17.0,116.0
2024-03-01 11:15:00,DERM,4.089399814605713,4.089399814605713,4.089399814605713,4.089399814605713,4.089399814605713,186.0
2024-03-01 11:15:00,DMTK,0.8597999811172485,0.8597999811172485,0.8597999811172485,0.8597999811172485,0.8597999811172485,1580.0
2024-03-01 11:15:00,DNLI,20.90999984741211,20.90999984741211,20.90999984741211,20.899999618530273,20.899999618530273,510.0
2024-03-01 11:15:00,DTIL,12.720600128173828,12.720600128173828,12.729999542236328,12.720000267028809,12.72070026397705,1345.0
2024-03-01 11:15:00,DXCM,119.12000274658203,119.12000274658203,119.22000122070312,118.9000015258789,119.02999877929688,58181.0
2024-03-01 11:15:00,DYN,28.860000610351562,28.860000610351562,29.0049991607666,28.860000610351562,29.0,5286.0
2024-03-01 11:15:00,EDAP,6.78439998626709,6.78439998626709,6.78439998626709,6.78439998626709,6.78439998626709,10.0
2024-03-01 11:15:00,EDIT,11.010000228881836,11.010000228881836,11.050000190734863,11.010000228881836,11.050000190734863,10216.0
2024-03-01 11:15:00,EFTR,15.094599723815918,15.094599723815918,15.094599723815918,15.094599723815918,15.094599723815918,812.0
2024-03-01 11:15:00,EGRX,6.550000190734863,6.550000190734863,6.550000190734863,6.550000190734863,6.550000190734863,450.0
2024-03-01 11:15:00,EIGR,6.150000095367432,6.150000095367432,6.150000095367432,6.150000095367432,6.150000095367432,829.0
2024-03-01 11:15:00,ELEV,4.930300235748291,4.930300235748291,4.96999979019165,4.930099964141846,4.969799995422363,3561.0
2024-03-01 11:15:00,ENSC,0.9200000166893005,0.9200000166893005,0.9230999946594238,0.9200000166893005,0.9200000166893005,0.0
2024-03-01 11:15:00,ENSG,123.90499877929688,123.90499877929688,123.90499877929688,123.90499877929688,123.90499877929688,122.0
2024-03-01 11:15:00,ENTA,15.239999771118164,15.239999771118164,15.239999771118164,15.229999542236328,15.229999542236328,318.0
2024-03-01 11:15:00,ENTX,1.3105000257492065,1.3105000257492065,1.3105000257492065,1.3105000257492065,1.3105000257492065,1878.0
2024-03-01 11:15:00,ENVB,1.6598999500274658,1.6598999500274658,1.659999966621399,1.6299999952316284,1.6490999460220337,29533.0
2024-03-01 11:15:00,EOLS,14.65999984741211,14.65999984741211,14.670000076293945,14.600000381469727,14.619999885559082,43867.0
2024-03-01 11:15:00,EQ,2.4516000747680664,2.4516000747680664,2.4516000747680664,2.4516000747680664,2.4516000747680664,419.0
2024-03-01 11:15:00,ERAS,2.5199999809265137,2.5199999809265137,2.5199999809265137,2.5199999809265137,2.5199999809265137,681.0
2024-03-01 11:15:00,ESPR,2.484999895095825,2.484999895095825,2.484999895095825,2.484999895095825,2.484999895095825,102.0
2024-03-01 11:15:00,ESTA,45.48749923706055,45.48749923706055,45.48749923706055,45.48749923706055,45.48749923706055,103.0
2024-03-01 11:15:00,ETNB,12.850000381469727,12.850000381469727,12.850000381469727,12.84000015258789,12.84000015258789,700.0
2024-03-01 11:15:00,EWTX,16.950000762939453,16.950000762939453,16.954999923706055,16.950000762939453,16.954999923706055,579.0
2024-03-01 11:15:00,EXAI,6.760000228881836,6.760000228881836,6.760000228881836,6.75,6.75,745.0
2024-03-01 11:15:00,EXAS,60.16999816894531,60.16999816894531,60.20000076293945,60.16999816894531,60.20000076293945,792.0
2024-03-01 11:15:00,EXEL,22.489999771118164,22.489999771118164,22.5,22.481199264526367,22.5,3114.0
2024-03-01 11:15:00,EYEN,2.25,2.25,2.25,2.234999895095825,2.2399001121520996,2105.0
2024-03-01 11:15:00,EYPT,27.975000381469727,27.975000381469727,27.975000381469727,27.975000381469727,27.975000381469727,417.0
2024-03-01 11:15:00,FATE,7.460000038146973,7.460000038146973,7.460000038146973,7.434999942779541,7.449999809265137,6946.0
2024-03-01 11:15:00,FBIO,2.263200044631958,2.263200044631958,2.263200044631958,2.263200044631958,2.263200044631958,600.0
2024-03-01 11:15:00,FDMT,29.09000015258789,29.09000015258789,29.09000015258789,29.09000015258789,29.09000015258789,495.0
2024-03-01 11:15:00,FGEN,1.7350000143051147,1.7350000143051147,1.73989999294281,1.7301000356674194,1.7301000356674194,718.0
2024-03-01 11:15:00,FOLD,13.46500015258789,13.46500015258789,13.469200134277344,13.454999923706055,13.454999923706055,1469.0
2024-03-01 11:15:00,FULC,10.770000457763672,10.770000457763672,10.779999732971191,10.770000457763672,10.779999732971191,3849.0
2024-03-01 11:15:00,FWBI,8.029999732971191,8.029999732971191,8.029999732971191,8.010000228881836,8.010000228881836,9955.0
2024-03-01 11:15:00,GALT,2.0100998878479004,2.0100998878479004,2.0100998878479004,2.0100998878479004,2.0100998878479004,993.0
2024-03-01 11:15:00,GANX,4.570000171661377,4.570000171661377,4.570000171661377,4.570000171661377,4.570000171661377,2399.0
2024-03-01 11:15:00,GCTK,0.30000001192092896,0.30000001192092896,0.30000001192092896,0.30000001192092896,0.30000001192092896,4990.0
2024-03-01 11:15:00,GDRX,8.259300231933594,8.259300231933594,8.260000228881836,8.255000114440918,8.255000114440918,1130.0
2024-03-01 11:15:00,GERN,2.1500000953674316,2.1500000953674316,2.1600000858306885,2.1449999809265137,2.1500000953674316,42462.0
2024-03-01 11:15:00,GH,19.3700008392334,19.3700008392334,19.3700008392334,19.34000015258789,19.360000610351562,1255.0
2024-03-01 11:15:00,GILD,72.45030212402344,72.45030212402344,72.45999908447266,72.43499755859375,72.43499755859375,3087.0
2024-03-01 11:15:00,GMDA,0.3792000114917755,0.3792000114917755,0.37929999828338623,0.37880000472068787,0.37880000472068787,916.0
2024-03-01 11:15:00,GOSS,1.3600000143051147,1.3600000143051147,1.3600000143051147,1.350000023841858,1.350000023841858,2499.0
2024-03-01 11:15:00,GRFS,7.130000114440918,7.130000114440918,7.130000114440918,7.121200084686279,7.121200084686279,5336.0
2024-03-01 11:15:00,GRTS,2.2149999141693115,2.2149999141693115,2.219899892807007,2.194999933242798,2.194999933242798,6510.0
2024-03-01 11:15:00,GTHX,3.5111000537872314,3.5111000537872314,3.5199999809265137,3.5088999271392822,3.515000104904175,32831.0
2024-03-01 11:15:00,HALO,41.33000183105469,41.33000183105469,41.33000183105469,41.22999954223633,41.310001373291016,10603.0
2024-03-01 11:15:00,HARP,22.93000030517578,22.93000030517578,22.93000030517578,22.93000030517578,22.93000030517578,110.0
2024-03-01 11:15:00,HCAT,7.940000057220459,7.940000057220459,7.940000057220459,7.940000057220459,7.940000057220459,352.0
2024-03-01 11:15:00,HCSG,12.720000267028809,12.720000267028809,12.720000267028809,12.720000267028809,12.720000267028809,386.0
2024-03-01 11:15:00,HCTI,2.4200000762939453,2.4200000762939453,2.4200000762939453,2.380000114440918,2.380000114440918,3150.0
2024-03-01 11:15:00,HITI,1.7699999809265137,1.7699999809265137,1.7899999618530273,1.7699999809265137,1.7699999809265137,52514.0
2024-03-01 11:15:00,HOLX,74.02999877929688,74.02999877929688,74.02999877929688,74.0,74.0250015258789,794.0
2024-03-01 11:15:00,HOWL,7.045000076293945,7.045000076293945,7.045000076293945,7.045000076293945,7.045000076293945,188.0
2024-03-01 11:15:00,HQY,81.7699966430664,81.7699966430664,81.7699966430664,81.68000030517578,81.68000030517578,1079.0
2024-03-01 11:15:00,HRTX,2.640000104904175,2.640000104904175,2.6449999809265137,2.640000104904175,2.640000104904175,20796.0
2024-03-01 11:15:00,HSDT,4.85260009765625,4.85260009765625,4.85260009765625,4.849999904632568,4.849999904632568,980.0
2024-03-01 11:15:00,HSIC,76.83000183105469,76.83000183105469,76.83999633789062,76.75,76.75,1146.0
2024-03-01 11:15:00,HUMA,3.2750000953674316,3.2750000953674316,3.2792000770568848,3.2750000953674316,3.278700113296509,1601.0
2024-03-01 11:15:00,HYPR,1.100100040435791,1.100100040435791,1.1100000143051147,1.100100040435791,1.1100000143051147,9573.0
2024-03-01 11:15:00,IART,36.7400016784668,36.7400016784668,36.77000045776367,36.720001220703125,36.77000045776367,862.0
2024-03-01 11:15:00,IBRX,4.889999866485596,4.889999866485596,4.889999866485596,4.889999866485596,4.889999866485596,163.0
2024-03-01 11:15:00,ICAD,1.906599998474121,1.906599998474121,1.906599998474121,1.906599998474121,1.906599998474121,2470.0
2024-03-01 11:15:00,ICUI,106.98999786376953,106.98999786376953,107.0999984741211,106.92500305175781,106.92500305175781,927.0
2024-03-01 11:15:00,IDXX,580.8300170898438,580.8300170898438,580.8300170898438,580.8300170898438,580.8300170898438,420.0
2024-03-01 11:15:00,IDYA,46.0343017578125,46.0343017578125,46.0343017578125,46.0343017578125,46.0343017578125,230.0
2024-03-01 11:15:00,IKT,2.174999952316284,2.174999952316284,2.174999952316284,2.174999952316284,2.174999952316284,4102.0
2024-03-01 11:15:00,ILMN,141.7949981689453,141.7949981689453,141.7949981689453,141.7949981689453,141.7949981689453,208.0
2024-03-01 11:15:00,IMAB,1.8600000143051147,1.8600000143051147,1.8600000143051147,1.850000023841858,1.850000023841858,1029.0
2024-03-01 11:15:00,IMNM,25.290000915527344,25.290000915527344,25.290000915527344,25.290000915527344,25.290000915527344,179.0
2024-03-01 11:15:00,IMTX,13.119999885559082,13.119999885559082,13.119999885559082,13.119999885559082,13.119999885559082,376.0
2024-03-01 11:15:00,IMUX,1.4800000190734863,1.4800000190734863,1.4850000143051147,1.4800000190734863,1.4850000143051147,417.0
2024-03-01 11:15:00,IMVT,36.220001220703125,36.220001220703125,36.220001220703125,36.220001220703125,36.220001220703125,101.0
2024-03-01 11:15:00,INBX,36.900001525878906,36.900001525878906,36.900001525878906,36.880001068115234,36.900001525878906,2836.0
2024-03-01 11:15:00,INCY,59.380001068115234,59.380001068115234,59.41999816894531,59.375,59.41999816894531,1270.0
2024-03-01 11:15:00,INGN,6.820000171661377,6.820000171661377,6.820000171661377,6.820000171661377,6.820000171661377,503.0
2024-03-01 11:15:00,INMD,22.899999618530273,22.899999618530273,22.899999618530273,22.8700008392334,22.899999618530273,2252.0
2024-03-01 11:15:00,INO,9.044099807739258,9.044099807739258,9.044099807739258,9.044099807739258,9.044099807739258,236.0
2024-03-01 11:15:00,INSM,28.135000228881836,28.135000228881836,28.135000228881836,28.110000610351562,28.110000610351562,978.0
2024-03-01 11:15:00,INVA,15.675000190734863,15.675000190734863,15.675000190734863,15.675000190734863,15.675000190734863,108.0
2024-03-01 11:15:00,IONM,0.3400000035762787,0.3400000035762787,0.3400000035762787,0.3400000035762787,0.3400000035762787,0.0
2024-03-01 11:15:00,IONS,45.84000015258789,45.84000015258789,45.84000015258789,45.84000015258789,45.84000015258789,111.0
2024-03-01 11:15:00,IOVA,16.485000610351562,16.485000610351562,16.5,16.475000381469727,16.475000381469727,6409.0
2024-03-01 11:15:00,IRWD,9.0649995803833,9.0649995803833,9.069999694824219,9.024999618530273,9.029999732971191,9018.0
2024-03-01 11:15:00,ISRG,393.2149963378906,393.2149963378906,393.260009765625,392.8800048828125,392.98040771484375,6580.0
2024-03-01 11:15:00,ITCI,70.91000366210938,70.91000366210938,71.01000213623047,70.86750030517578,71.01000213623047,1939.0
2024-03-01 11:15:00,ITOS,10.75,10.75,10.75,10.75,10.75,1538.0
2024-03-01 11:15:00,IVVD,3.9649999141693115,3.9649999141693115,3.9649999141693115,3.9649999141693115,3.9649999141693115,204.0
2024-03-01 11:15:00,IXHL,5.260000228881836,5.260000228881836,5.260000228881836,5.260000228881836,5.260000228881836,164.0
2024-03-01 11:15:00,JAGX,0.08079999685287476,0.08079999685287476,0.08179999887943268,0.07999999821186066,0.08179999887943268,1037761.0
2024-03-01 11:15:00,JANX,46.57500076293945,46.57500076293945,46.7140007019043,46.38999938964844,46.38999938964844,2826.0
2024-03-01 11:15:00,JSPR,20.6299991607666,20.6299991607666,20.700000762939453,20.6299991607666,20.700000762939453,325.0
2024-03-01 11:15:00,KALV,14.020000457763672,14.020000457763672,14.020000457763672,14.020000457763672,14.020000457763672,305.0
2024-03-01 11:15:00,KNSA,21.885000228881836,21.885000228881836,21.885000228881836,21.885000228881836,21.885000228881836,170.0
2024-03-01 11:15:00,KOD,6.139999866485596,6.139999866485596,6.139999866485596,6.131899833679199,6.135000228881836,1050.0
2024-03-01 11:15:00,KPTI,1.2415000200271606,1.2415000200271606,1.2415000200271606,1.2415000200271606,1.2415000200271606,1529.0
2024-03-01 11:15:00,KRMD,2.1579999923706055,2.1579999923706055,2.1600000858306885,2.1565001010894775,2.1579999923706055,1500.0
2024-03-01 11:15:00,KRYS,167.16000366210938,167.16000366210938,167.34500122070312,167.0800018310547,167.0800018310547,1444.0
2024-03-01 11:15:00,KTRA,0.10029999911785126,0.10029999911785126,0.10090000182390213,0.10029999911785126,0.10090000182390213,3204.0
2024-03-01 11:15:00,KURA,21.350000381469727,21.350000381469727,21.360000610351562,21.34000015258789,21.350000381469727,9000.0
2024-03-01 11:15:00,KYMR,44.0099983215332,44.0099983215332,44.060001373291016,43.92179870605469,43.92179870605469,5193.0
2024-03-01 11:15:00,KZR,1.1050000190734863,1.1050000190734863,1.1050000190734863,1.1013000011444092,1.1013000011444092,1747.0
2024-03-01 11:15:00,LAB,2.4100000858306885,2.4100000858306885,2.4100000858306885,2.4049999713897705,2.4100000858306885,621.0
2024-03-01 11:15:00,LEXX,2.6500000953674316,2.6500000953674316,2.6500000953674316,2.6500000953674316,2.6500000953674316,5805.0
2024-03-01 11:15:00,LFST,8.010000228881836,8.010000228881836,8.029999732971191,7.994999885559082,8.005000114440918,13387.0
2024-03-01 11:15:00,LIAN,4.860000133514404,4.860000133514404,4.860000133514404,4.860000133514404,4.860000133514404,100.0
2024-03-01 11:15:00,LNTH,65.5199966430664,65.5199966430664,65.55500030517578,65.5199966430664,65.55500030517578,582.0
2024-03-01 11:15:00,LPTX,2.859999895095825,2.859999895095825,2.859999895095825,2.859999895095825,2.859999895095825,228.0
2024-03-01 11:15:00,LQDA,14.34000015258789,14.34000015258789,14.34000015258789,14.34000015258789,14.34000015258789,439.0
2024-03-01 11:15:00,LRMR,11.039999961853027,11.039999961853027,11.039999961853027,11.039999961853027,11.039999961853027,0.0
2024-03-01 11:15:00,LUNG,9.15999984741211,9.15999984741211,9.15999984741211,9.149999618530273,9.149999618530273,341.0
2024-03-01 11:15:00,LXRX,2.4149999618530273,2.4149999618530273,2.419100046157837,2.4100000858306885,2.4100000858306885,2976.0
2024-03-01 11:15:00,LYEL,3.1649999618530273,3.1649999618530273,3.1649999618530273,3.1600000858306885,3.1600000858306885,703.0
2024-03-01 11:15:00,LYRA,5.600100040435791,5.600100040435791,5.619999885559082,5.600100040435791,5.619999885559082,611.0
2024-03-01 11:15:00,MASS,7.429999828338623,7.429999828338623,7.429999828338623,7.429999828338623,7.429999828338623,238.0
2024-03-01 11:15:00,MCRB,1.1799999475479126,1.1799999475479126,1.184999942779541,1.1799999475479126,1.184999942779541,416.0
2024-03-01 11:15:00,MDGL,239.59500122070312,239.59500122070312,240.10499572753906,239.51100158691406,240.10499572753906,3473.0
2024-03-01 11:15:00,MDRX,5.920000076293945,5.920000076293945,5.949999809265137,5.869999885559082,5.949999809265137,54203.0
2024-03-01 11:15:00,MDXG,8.654999732971191,8.654999732971191,8.65999984741211,8.649999618530273,8.649999618530273,4778.0
2024-03-01 11:15:00,ME,0.5843999981880188,0.5843999981880188,0.5859000086784363,0.5837000012397766,0.5859000086784363,29809.0
2024-03-01 11:15:00,MGNX,19.329999923706055,19.329999923706055,19.329999923706055,19.299999237060547,19.299999237060547,454.0
2024-03-01 11:15:00,MIRM,30.040000915527344,30.040000915527344,30.040000915527344,30.010000228881836,30.020000457763672,937.0
2024-03-01 11:15:00,MMSI,75.95999908447266,75.95999908447266,75.9800033569336,75.95999908447266,75.9800033569336,616.0
2024-03-01 11:15:00,MNKD,4.630000114440918,4.630000114440918,4.635000228881836,4.610000133514404,4.614999771118164,65682.0
2024-03-01 11:15:00,MNMD,5.900000095367432,5.900000095367432,5.900000095367432,5.900000095367432,5.900000095367432,499.0
2024-03-01 11:15:00,MNPR,0.800000011920929,0.800000011920929,0.800000011920929,0.800000011920929,0.800000011920929,197.0
2024-03-01 11:15:00,MODD,1.9198999404907227,1.9198999404907227,1.9198999404907227,1.9198999404907227,1.9198999404907227,0.0
2024-03-01 11:15:00,MODV,27.96500015258789,27.96500015258789,27.96500015258789,27.96500015258789,27.96500015258789,219.0
2024-03-01 11:15:00,MOR,17.610000610351562,17.610000610351562,17.610000610351562,17.600099563598633,17.600099563598633,263.0
2024-03-01 11:15:00,MORF,38.61000061035156,38.61000061035156,38.61000061035156,38.61000061035156,38.61000061035156,525.0
2024-03-01 11:15:00,MOTS,0.6898999810218811,0.6898999810218811,0.6898999810218811,0.6898999810218811,0.6898999810218811,400.0
2024-03-01 11:15:00,MREO,3.8173000812530518,3.8173000812530518,3.8350000381469727,3.809999942779541,3.8299999237060547,13915.0
2024-03-01 11:15:00,MRNA,95.62999725341797,95.62999725341797,95.6500015258789,95.48500061035156,95.51000213623047,9168.0
2024-03-01 11:15:00,MRNS,9.789999961853027,9.789999961853027,9.789999961853027,9.789999961853027,9.789999961853027,406.0
2024-03-01 11:15:00,MRSN,5.880000114440918,5.880000114440918,5.885000228881836,5.860000133514404,5.860000133514404,2319.0
2024-03-01 11:15:00,MRUS,50.345001220703125,50.345001220703125,50.47999954223633,50.345001220703125,50.47999954223633,327.0
2024-03-01 11:15:00,MRVI,7.835000038146973,7.835000038146973,7.835000038146973,7.835000038146973,7.835000038146973,285.0
2024-03-01 11:15:00,MXCT,4.739999771118164,4.739999771118164,4.750800132751465,4.739999771118164,4.75,2425.0
2024-03-01 11:15:00,NAOV,0.9900000095367432,0.9900000095367432,0.9900000095367432,0.9900000095367432,0.9900000095367432,2005.0
2024-03-01 11:15:00,NARI,46.29990005493164,46.29990005493164,46.29990005493164,45.79999923706055,45.869998931884766,2670.0
2024-03-01 11:15:00,NAUT,2.6500000953674316,2.6500000953674316,2.6500000953674316,2.6500000953674316,2.6500000953674316,727.0
2024-03-01 11:15:00,NBIX,129.6199951171875,129.6199951171875,129.97000122070312,129.6199951171875,129.97000122070312,4913.0
2024-03-01 11:15:00,NBSE,0.8604999780654907,0.8604999780654907,0.8604999780654907,0.8604999780654907,0.8604999780654907,3939.0
2024-03-01 11:15:00,NEO,16.1200008392334,16.1200008392334,16.1200008392334,16.100000381469727,16.100000381469727,362.0
2024-03-01 11:15:00,NEOG,17.290000915527344,17.290000915527344,17.295000076293945,17.290000915527344,17.290000915527344,908.0
2024-03-01 11:15:00,NKTR,0.753000020980835,0.753000020980835,0.753000020980835,0.7466999888420105,0.7466999888420105,10417.0
2024-03-01 11:15:00,NKTX,12.484999656677246,12.484999656677246,12.484999656677246,12.434100151062012,12.434100151062012,1257.0
2024-03-01 11:15:00,NNOX,11.149999618530273,11.149999618530273,11.149999618530273,11.129899978637695,11.129899978637695,3709.0
2024-03-01 11:15:00,NOTV,7.849999904632568,7.849999904632568,7.849999904632568,7.829999923706055,7.829999923706055,833.0
2024-03-01 11:15:00,NPCE,16.270000457763672,16.270000457763672,16.290000915527344,16.270000457763672,16.290000915527344,2708.0
2024-03-01 11:15:00,NRIX,13.319999694824219,13.319999694824219,13.319999694824219,13.319999694824219,13.319999694824219,488.0
2024-03-01 11:15:00,NRXP,0.4293000102043152,0.4293000102043152,0.4293000102043152,0.4293000102043152,0.4293000102043152,200.0
2024-03-01 11:15:00,NTLA,33.599998474121094,33.599998474121094,33.619998931884766,33.599998474121094,33.61000061035156,1178.0
2024-03-01 11:15:00,NTRA,89.47000122070312,89.47000122070312,89.5199966430664,89.45999908447266,89.4800033569336,3040.0
2024-03-01 11:15:00,NVAX,5.135000228881836,5.135000228881836,5.139999866485596,5.130000114440918,5.130000114440918,8626.0
2024-03-01 11:15:00,NVCR,16.209999084472656,16.209999084472656,16.21500015258789,16.209999084472656,16.21500015258789,1047.0
2024-03-01 11:15:00,NXTC,1.7949999570846558,1.7949999570846558,1.7949999570846558,1.7949999570846558,1.7949999570846558,200.0
2024-03-01 11:15:00,OCGN,0.9293000102043152,0.9293000102043152,0.9293000102043152,0.9291999936103821,0.9291999936103821,456.0
2024-03-01 11:15:00,OCUL,10.489999771118164,10.489999771118164,10.489999771118164,10.467499732971191,10.479999542236328,9246.0
2024-03-01 11:15:00,OGI,2.100100040435791,2.100100040435791,2.100100040435791,2.100100040435791,2.100100040435791,2000.0
2024-03-01 11:15:00,OLMA,12.96500015258789,12.96500015258789,12.96500015258789,12.96500015258789,12.96500015258789,716.0
2024-03-01 11:15:00,OMCL,26.459999084472656,26.459999084472656,26.459999084472656,26.459999084472656,26.459999084472656,201.0
2024-03-01 11:15:00,OMGA,4.199999809265137,4.199999809265137,4.199999809265137,4.199999809265137,4.199999809265137,48.0
2024-03-01 11:15:00,ONCY,1.1208000183105469,1.1208000183105469,1.1208000183105469,1.1208000183105469,1.1208000183105469,0.0
2024-03-01 11:16:00,AADI,1.975000023841858,1.975000023841858,1.975000023841858,1.975000023841858,1.975000023841858,562.0
2024-03-01 11:16:00,ABEO,7.485000133514404,7.485000133514404,7.485000133514404,7.46999979019165,7.46999979019165,3742.0
2024-03-01 11:16:00,ABSI,5.175000190734863,5.175000190734863,5.175000190734863,5.139999866485596,5.150000095367432,2965.0
2024-03-01 11:16:00,ACAD,23.889999389648438,23.889999389648438,23.90999984741211,23.8799991607666,23.90999984741211,2229.0
2024-03-01 11:16:00,ACB,3.121500015258789,3.121500015258789,3.125,3.115000009536743,3.121000051498413,3412.0
2024-03-01 11:16:00,ACET,2.3949999809265137,2.3949999809265137,2.3949999809265137,2.390000104904175,2.390000104904175,1221.0
2024-03-01 11:16:00,ACHC,83.83000183105469,83.83000183105469,83.83000183105469,83.83000183105469,83.83000183105469,214.0
2024-03-01 11:16:00,ADAP,1.5729000568389893,1.5729000568389893,1.5729000568389893,1.5729000568389893,1.5729000568389893,795.0
2024-03-01 11:16:00,ADIL,2.9500999450683594,2.9500999450683594,2.9700000286102295,2.9200000762939453,2.921299934387207,30428.0
2024-03-01 11:16:00,ADMA,5.329999923706055,5.329999923706055,5.335000038146973,5.329999923706055,5.335000038146973,1869.0
2024-03-01 11:16:00,ADUS,93.23999786376953,93.23999786376953,93.23999786376953,93.23999786376953,93.23999786376953,4278.0
2024-03-01 11:16:00,ADVM,1.940000057220459,1.940000057220459,1.9500000476837158,1.940000057220459,1.9500000476837158,697.0
2024-03-01 11:16:00,AFIB,0.20890000462532043,0.20890000462532043,0.20890000462532043,0.20890000462532043,0.20890000462532043,7245.0
2024-03-01 11:16:00,AGEN,0.6671000123023987,0.6671000123023987,0.6671000123023987,0.6669999957084656,0.6671000123023987,6519.0
2024-03-01 11:16:00,AHCO,10.864999771118164,10.864999771118164,10.869999885559082,10.84000015258789,10.84000015258789,8783.0
2024-03-01 11:16:00,AKAN,0.24809999763965607,0.24809999763965607,0.24809999763965607,0.24809999763965607,0.24809999763965607,589.0
2024-03-01 11:16:00,AKBA,1.6749999523162842,1.6749999523162842,1.6799999475479126,1.6705000400543213,1.6749999523162842,18047.0
2024-03-01 11:16:00,AKLI,0.3398999869823456,0.3398999869823456,0.3400000035762787,0.3398999869823456,0.3400000035762787,13127.0
2024-03-01 11:16:00,AKRO,29.709999084472656,29.709999084472656,29.75,29.709999084472656,29.75,748.0
2024-03-01 11:16:00,ALDX,4.150000095367432,4.150000095367432,4.150000095367432,4.150000095367432,4.150000095367432,0.0
2024-03-01 11:16:00,ALEC,7.514999866485596,7.514999866485596,7.514999866485596,7.514999866485596,7.514999866485596,700.0
2024-03-01 11:16:00,ALGN,300.0400085449219,300.0400085449219,300.0400085449219,300.0400085449219,300.0400085449219,1066.0
2024-03-01 11:16:00,ALHC,5.889999866485596,5.889999866485596,5.889999866485596,5.889999866485596,5.889999866485596,703.0
2024-03-01 11:16:00,ALKS,30.229999542236328,30.229999542236328,30.229999542236328,30.229999542236328,30.229999542236328,300.0
2024-03-01 11:16:00,ALLK,1.600000023841858,1.600000023841858,1.600000023841858,1.5950000286102295,1.5950000286102295,570.0
2024-03-01 11:16:00,ALLO,5.030799865722656,5.030799865722656,5.030799865722656,5.03000020980835,5.03000020980835,1421.0
2024-03-01 11:16:00,ALPN,36.18000030517578,36.18000030517578,36.2333984375,36.18000030517578,36.2333984375,1063.0
2024-03-01 11:16:00,ALT,12.119999885559082,12.119999885559082,12.119999885559082,12.079999923706055,12.079999923706055,1649.0
2024-03-01 11:16:00,AMGN,281.2650146484375,281.2650146484375,281.3782958984375,281.1700134277344,281.1700134277344,3313.0
2024-03-01 11:16:00,AMPH,45.974998474121094,45.974998474121094,45.974998474121094,45.96500015258789,45.96500015258789,633.0
2024-03-01 11:16:00,AMRN,1.0499999523162842,1.0499999523162842,1.0499999523162842,1.0499999523162842,1.0499999523162842,205.0
2024-03-01 11:16:00,ANNX,6.019999980926514,6.019999980926514,6.03000020980835,6.010000228881836,6.03000020980835,867.0
2024-03-01 11:16:00,ANTX,2.949899911880493,2.949899911880493,2.949899911880493,2.949899911880493,2.949899911880493,10.0
2024-03-01 11:16:00,APLS,64.61000061035156,64.61000061035156,64.66000366210938,64.5999984741211,64.66000366210938,1809.0
2024-03-01 11:16:00,APLT,7.090000152587891,7.090000152587891,7.099999904632568,7.085000038146973,7.099999904632568,2770.0
2024-03-01 11:16:00,AQST,4.139999866485596,4.139999866485596,4.179999828338623,4.119999885559082,4.179999828338623,14580.0
2024-03-01 11:16:00,ARAY,2.6449999809265137,2.6449999809265137,2.6449999809265137,2.630000114440918,2.630000114440918,2958.0
2024-03-01 11:16:00,ARDX,9.550000190734863,9.550000190734863,9.550000190734863,9.545000076293945,9.545000076293945,1082.0
2024-03-01 11:16:00,ARQT,11.055000305175781,11.055000305175781,11.055000305175781,11.020000457763672,11.029999732971191,3053.0
2024-03-01 11:16:00,ARVN,49.18939971923828,49.18939971923828,49.18939971923828,49.11000061035156,49.11000061035156,600.0
2024-03-01 11:16:00,ARWR,35.45000076293945,35.45000076293945,35.459999084472656,35.42499923706055,35.42499923706055,772.0
2024-03-01 11:16:00,ASRT,0.910099983215332,0.910099983215332,0.9150999784469604,0.910099983215332,0.9150999784469604,3424.0
2024-03-01 11:16:00,ATAI,2.009999990463257,2.009999990463257,2.009999990463257,2.0,2.0,1315.0
2024-03-01 11:16:00,ATEC,13.539999961853027,13.539999961853027,13.539999961853027,13.539999961853027,13.539999961853027,1099.0
2024-03-01 11:16:00,ATHA,3.988800048828125,3.988800048828125,3.988800048828125,3.988800048828125,3.988800048828125,115.0
2024-03-01 11:16:00,ATHE,1.7900999784469604,1.7900999784469604,1.7900999784469604,1.7900999784469604,1.7900999784469604,0.0
2024-03-01 11:16:00,ATOS,0.9950000047683716,0.9950000047683716,0.9950000047683716,0.9950000047683716,0.9950000047683716,0.0
2024-03-01 11:16:00,ATRA,0.8073999881744385,0.8073999881744385,0.8098000288009644,0.8001000285148621,0.8027999997138977,16254.0
2024-03-01 11:16:00,ATRC,36.025001525878906,36.025001525878906,36.025001525878906,35.9900016784668,35.9900016784668,4294.0
2024-03-01 11:16:00,ATXI,0.1535000056028366,0.1535000056028366,0.15399999916553497,0.1535000056028366,0.15399999916553497,1239.0
2024-03-01 11:16:00,ATXS,15.229999542236328,15.229999542236328,15.229999542236328,15.229999542236328,15.229999542236328,229.0
2024-03-01 11:16:00,AUPH,5.829999923706055,5.829999923706055,5.829999923706055,5.824999809265137,5.8267998695373535,530.0
2024-03-01 11:16:00,AURA,9.255000114440918,9.255000114440918,9.255000114440918,9.255000114440918,9.255000114440918,3326.0
2024-03-01 11:16:00,AUTL,6.21999979019165,6.21999979019165,6.21999979019165,6.187600135803223,6.187600135803223,5507.0
2024-03-01 11:16:00,AVDL,12.609999656677246,12.609999656677246,12.65999984741211,12.609999656677246,12.65999984741211,6183.0
2024-03-01 11:16:00,AVTE,23.260000228881836,23.260000228881836,23.274999618530273,23.149999618530273,23.149999618530273,1849.0
2024-03-01 11:16:00,AXGN,10.569999694824219,10.569999694824219,10.569999694824219,10.5600004196167,10.5600004196167,1309.0
2024-03-01 11:16:00,AXNX,67.34500122070312,67.34500122070312,67.3499984741211,67.30000305175781,67.30000305175781,3616.0
2024-03-01 11:16:00,AZN,64.63999938964844,64.63999938964844,64.6604995727539,64.63999938964844,64.65499877929688,11319.0
2024-03-01 11:16:00,AZTA,66.5199966430664,66.5199966430664,66.5199966430664,66.470703125,66.470703125,632.0
2024-03-01 11:16:00,BBIO,36.13999938964844,36.13999938964844,36.15999984741211,36.13999938964844,36.15999984741211,614.0
2024-03-01 11:16:00,BCAB,2.7950000762939453,2.7950000762939453,2.799999952316284,2.7799999713897705,2.7799999713897705,3557.0
2024-03-01 11:16:00,BCDA,0.5699999928474426,0.5699999928474426,0.5699999928474426,0.554099977016449,0.554099977016449,902.0
2024-03-01 11:16:00,BCEL,0.27000001072883606,0.27000001072883606,0.27000001072883606,0.26759999990463257,0.26759999990463257,9500.0
2024-03-01 11:16:00,BCRX,5.860000133514404,5.860000133514404,5.860000133514404,5.855000019073486,5.855000019073486,855.0
2024-03-01 11:16:00,BDSX,1.6370999813079834,1.6370999813079834,1.6370999813079834,1.6370999813079834,1.6370999813079834,1130.0
2024-03-01 11:16:00,BDTX,5.164999961853027,5.164999961853027,5.164999961853027,5.164999961853027,5.164999961853027,178.0
2024-03-01 11:16:00,BEAM,40.3650016784668,40.3650016784668,40.3650016784668,40.349998474121094,40.349998474121094,439.0
2024-03-01 11:16:00,BGXX,0.26759999990463257,0.26759999990463257,0.26759999990463257,0.26759999990463257,0.26759999990463257,0.0
2024-03-01 11:16:00,BIAF,2.3399999141693115,2.3399999141693115,2.3399999141693115,2.3399999141693115,2.3399999141693115,541.0
2024-03-01 11:16:00,BIIB,219.27000427246094,219.27000427246094,219.3699951171875,219.0800018310547,219.3699951171875,2816.0
2024-03-01 11:16:00,BIOL,0.13860000669956207,0.13860000669956207,0.13860000669956207,0.13850000500679016,0.13850000500679016,5413.0
2024-03-01 11:16:00,BIOR,1.2450000047683716,1.2450000047683716,1.2450000047683716,1.2450000047683716,1.2450000047683716,53143.0
2024-03-01 11:16:00,BIVI,2.1500000953674316,2.1500000953674316,2.194999933242798,2.140000104904175,2.1909000873565674,108948.0
2024-03-01 11:16:00,BLFS,18.190000534057617,18.190000534057617,18.2549991607666,18.18000030517578,18.229999542236328,3607.0
2024-03-01 11:16:00,BLUE,1.5750000476837158,1.5750000476837158,1.5800000429153442,1.5700000524520874,1.5700000524520874,24728.0
2024-03-01 11:16:00,BMEA,17.924999237060547,17.924999237060547,17.924999237060547,17.924999237060547,17.924999237060547,106.0
2024-03-01 11:16:00,BMRA,1.23989999294281,1.23989999294281,1.23989999294281,1.23989999294281,1.23989999294281,500.0
2024-03-01 11:16:00,BMRN,86.8949966430664,86.8949966430664,86.93000030517578,86.8499984741211,86.8499984741211,5616.0
2024-03-01 11:16:00,BNGO,1.2549999952316284,1.2549999952316284,1.2549999952316284,1.25,1.25,1322.0
2024-03-01 11:16:00,BNTC,5.090000152587891,5.090000152587891,5.090000152587891,5.085000038146973,5.085000038146973,591.0
2024-03-01 11:16:00,BNTX,92.12000274658203,92.12000274658203,92.12000274658203,92.06999969482422,92.0999984741211,2667.0
2024-03-01 11:16:00,BPMC,96.05999755859375,96.05999755859375,96.16000366210938,96.05999755859375,96.16000366210938,545.0
2024-03-01 11:16:00,BRKR,87.90499877929688,87.90499877929688,88.04000091552734,87.90499877929688,88.04000091552734,2235.0
2024-03-01 11:16:00,BTAI,3.2200000286102295,3.2200000286102295,3.2200000286102295,3.2200000286102295,3.2200000286102295,251.0
2024-03-01 11:16:00,BVS,4.679999828338623,4.679999828338623,4.679999828338623,4.679999828338623,4.679999828338623,3899.0
2024-03-01 11:16:00,CABA,24.020000457763672,24.020000457763672,24.05500030517578,24.0,24.0,1947.0
2024-03-01 11:16:00,CARA,0.9200000166893005,0.9200000166893005,0.9264000058174133,0.9200000166893005,0.9264000058174133,5170.0
2024-03-01 11:16:00,CBAY,32.25,32.25,32.25,32.2400016784668,32.2400016784668,4652.0
2024-03-01 11:16:00,CCCC,10.960000038146973,10.960000038146973,11.0,10.960000038146973,11.0,1009.0
2024-03-01 11:16:00,CDMO,8.175000190734863,8.175000190734863,8.1899995803833,8.170100212097168,8.170100212097168,20867.0
2024-03-01 11:16:00,CDNA,12.319999694824219,12.319999694824219,12.319999694824219,12.319999694824219,12.319999694824219,588.0
2024-03-01 11:16:00,CDTX,0.7247999906539917,0.7247999906539917,0.7247999906539917,0.7247999906539917,0.7247999906539917,697.0
2024-03-01 11:16:00,CDXS,4.485000133514404,4.485000133514404,4.489999771118164,4.460000038146973,4.460000038146973,3312.0
2024-03-01 11:16:00,CELC,15.770000457763672,15.770000457763672,15.770000457763672,15.770000457763672,15.770000457763672,117.0
2024-03-01 11:16:00,CERE,41.2400016784668,41.2400016784668,41.255001068115234,41.2400016784668,41.255001068115234,636.0
2024-03-01 11:16:00,CERT,17.719999313354492,17.719999313354492,17.719999313354492,17.700000762939453,17.700000762939453,617.0
2024-03-01 11:16:00,CGC,3.2899999618530273,3.2899999618530273,3.2899999618530273,3.2799999713897705,3.2799999713897705,5144.0
2024-03-01 11:16:00,CGEM,18.729999542236328,18.729999542236328,18.729999542236328,18.729999542236328,18.729999542236328,200.0
2024-03-01 11:16:00,CHRS,2.3598999977111816,2.3598999977111816,2.3598999977111816,2.3389999866485596,2.3399999141693115,6490.0
2024-03-01 11:16:00,CING,1.350000023841858,1.350000023841858,1.350000023841858,1.350000023841858,1.350000023841858,212.0
2024-03-01 11:16:00,CLDX,52.35499954223633,52.35499954223633,52.35499954223633,52.31999969482422,52.31999969482422,400.0
2024-03-01 11:16:00,CLOV,0.869700014591217,0.869700014591217,0.8708000183105469,0.8677999973297119,0.867900013923645,5438.0
2024-03-01 11:16:00,CLPT,6.610000133514404,6.610000133514404,6.610000133514404,6.590000152587891,6.590000152587891,1358.0
2024-03-01 11:16:00,CMPS,11.109999656677246,11.109999656677246,11.130000114440918,11.109999656677246,11.119999885559082,1055.0
2024-03-01 11:16:00,CNSP,0.3100999891757965,0.3100999891757965,0.3100999891757965,0.3100999891757965,0.3100999891757965,910.0
2024-03-01 11:16:00,CNTA,10.59000015258789,10.59000015258789,10.59000015258789,10.59000015258789,10.59000015258789,117.0
2024-03-01 11:16:00,COGT,7.179999828338623,7.179999828338623,7.179999828338623,7.179999828338623,7.179999828338623,201.0
2024-03-01 11:16:00,COLL,36.900001525878906,36.900001525878906,36.900001525878906,36.880001068115234,36.880001068115234,409.0
2024-03-01 11:16:00,CORT,23.9862003326416,23.9862003326416,23.9862003326416,23.9862003326416,23.9862003326416,307.0
2024-03-01 11:16:00,COSM,0.7530999779701233,0.7530999779701233,0.7530999779701233,0.7530999779701233,0.7530999779701233,532.0
2024-03-01 11:16:00,CPRX,17.269500732421875,17.269500732421875,17.269500732421875,17.269500732421875,17.269500732421875,211.0
2024-03-01 11:16:00,CPSI,9.550000190734863,9.550000190734863,9.550000190734863,9.545000076293945,9.545000076293945,5527.0
2024-03-01 11:16:00,CRBU,8.130000114440918,8.130000114440918,8.135000228881836,8.125,8.125,2350.0
2024-03-01 11:16:00,CRDF,2.569200038909912,2.569200038909912,2.579900026321411,2.5199999809265137,2.551300048828125,70034.0
2024-03-01 11:16:00,CRDL,1.9896999597549438,1.9896999597549438,1.9896999597549438,1.9896999597549438,1.9896999597549438,232.0
2024-03-01 11:16:00,CRMD,3.6993000507354736,3.6993000507354736,3.6993000507354736,3.6993000507354736,3.6993000507354736,0.0
2024-03-01 11:16:00,CRNX,45.9900016784668,45.9900016784668,45.9900016784668,45.7599983215332,45.7599983215332,3072.0
2024-03-01 11:16:00,CRON,2.055000066757202,2.055000066757202,2.0553998947143555,2.055000066757202,2.0553998947143555,690.0
2024-03-01 11:16:00,CRSP,85.93000030517578,85.93000030517578,86.00029754638672,85.83999633789062,85.83999633789062,2441.0
2024-03-01 11:16:00,CSTL,20.139999389648438,20.139999389648438,20.140600204467773,20.1200008392334,20.140600204467773,1674.0
2024-03-01 11:16:00,CTKB,8.4399995803833,8.4399995803833,8.4399995803833,8.4399995803833,8.4399995803833,302.0
2024-03-01 11:16:00,CTMX,2.5450000762939453,2.5450000762939453,2.549999952316284,2.5450000762939453,2.549999952316284,2160.0
2024-03-01 11:16:00,CUTR,2.400899887084961,2.400899887084961,2.450000047683716,2.400899887084961,2.424999952316284,13734.0
2024-03-01 11:16:00,CVRX,20.100000381469727,20.100000381469727,20.1299991607666,20.100000381469727,20.127500534057617,747.0
2024-03-01 11:16:00,CYCC,2.5000998973846436,2.5000998973846436,2.5000998973846436,2.5000998973846436,2.5000998973846436,1501.0
2024-03-01 11:16:00,CYTK,74.33999633789062,74.33999633789062,74.4000015258789,74.33290100097656,74.33290100097656,1521.0
2024-03-01 11:16:00,DARE,0.5648999810218811,0.5648999810218811,0.5648999810218811,0.5648999810218811,0.5648999810218811,4.0
2024-03-01 11:16:00,DAWN,17.487499237060547,17.487499237060547,17.487499237060547,17.479999542236328,17.479999542236328,448.0
2024-03-01 11:16:00,DCGO,4.139999866485596,4.139999866485596,4.139999866485596,4.139999866485596,4.139999866485596,12.0
2024-03-01 11:16:00,DCPH,17.040000915527344,17.040000915527344,17.040000915527344,17.020000457763672,17.020000457763672,916.0
2024-03-01 11:16:00,DH,9.130000114440918,9.130000114440918,9.140000343322754,9.09000015258789,9.09000015258789,7872.0
2024-03-01 11:16:00,DMTK,0.8500000238418579,0.8500000238418579,0.8500000238418579,0.8500000238418579,0.8500000238418579,310.0
2024-03-01 11:16:00,DNLI,20.93000030517578,20.93000030517578,20.93000030517578,20.93000030517578,20.93000030517578,316.0
2024-03-01 11:16:00,DRIO,2.0099000930786133,2.0099000930786133,2.0099000930786133,2.0099000930786133,2.0099000930786133,530.0
2024-03-01 11:16:00,DTIL,12.779999732971191,12.779999732971191,12.789999961853027,12.59000015258789,12.720100402832031,5387.0
2024-03-01 11:16:00,DVAX,12.835000038146973,12.835000038146973,12.84000015258789,12.835000038146973,12.84000015258789,216.0
2024-03-01 11:16:00,DXCM,119.13999938964844,119.13999938964844,119.16999816894531,119.0999984741211,119.1449966430664,5465.0
2024-03-01 11:16:00,DYN,28.829999923706055,28.829999923706055,28.829999923706055,28.82900047302246,28.82900047302246,987.0
2024-03-01 11:16:00,EDIT,10.989999771118164,10.989999771118164,11.020000457763672,10.984999656677246,11.020000457763672,5103.0
2024-03-01 11:16:00,EGRX,6.599999904632568,6.599999904632568,6.599999904632568,6.570000171661377,6.579999923706055,596.0
2024-03-01 11:16:00,ELEV,4.960000038146973,4.960000038146973,4.96999979019165,4.934999942779541,4.934999942779541,11601.0
2024-03-01 11:16:00,ENLV,3.399899959564209,3.399899959564209,3.399899959564209,3.399899959564209,3.399899959564209,400.0
2024-03-01 11:16:00,ENSG,123.96499633789062,123.96499633789062,124.01000213623047,123.96499633789062,124.01000213623047,906.0
2024-03-01 11:16:00,ENTA,15.179200172424316,15.179200172424316,15.22249984741211,15.170000076293945,15.210000038146973,3156.0
2024-03-01 11:16:00,ENVB,1.6691999435424805,1.6691999435424805,1.6699999570846558,1.649999976158142,1.6507999897003174,12731.0
2024-03-01 11:16:00,EOLS,14.630000114440918,14.630000114440918,14.649999618530273,14.619999885559082,14.649999618530273,2330.0
2024-03-01 11:16:00,ESPR,2.48009991645813,2.48009991645813,2.484999895095825,2.48009991645813,2.484999895095825,3420.0
2024-03-01 11:16:00,ESTA,45.45000076293945,45.45000076293945,45.45000076293945,45.45000076293945,45.45000076293945,265.0
2024-03-01 11:16:00,ETNB,12.890000343322754,12.890000343322754,12.890000343322754,12.84000015258789,12.84000015258789,1589.0
2024-03-01 11:16:00,EVO,7.5,7.5,7.5,7.5,7.5,100.0
2024-03-01 11:16:00,EXAI,6.789999961853027,6.789999961853027,6.789999961853027,6.784999847412109,6.784999847412109,603.0
2024-03-01 11:16:00,EXAS,60.20000076293945,60.20000076293945,60.220001220703125,60.165000915527344,60.165000915527344,1904.0
2024-03-01 11:16:00,EXEL,22.459999084472656,22.459999084472656,22.479999542236328,22.459999084472656,22.479999542236328,3838.0
2024-03-01 11:16:00,EYEN,2.2699999809265137,2.2699999809265137,2.2699999809265137,2.259500026702881,2.259999990463257,14375.0
2024-03-01 11:16:00,FATE,7.46999979019165,7.46999979019165,7.46999979019165,7.465000152587891,7.465000152587891,1002.0
2024-03-01 11:16:00,FBIO,2.262700080871582,2.262700080871582,2.262700080871582,2.262700080871582,2.262700080871582,2700.0
2024-03-01 11:16:00,FGEN,1.7300000190734863,1.7300000190734863,1.7350000143051147,1.7300000190734863,1.7301000356674194,802.0
2024-03-01 11:16:00,FLGC,1.2101000547409058,1.2101000547409058,1.2109999656677246,1.2101000547409058,1.2109999656677246,448.0
2024-03-01 11:16:00,FOLD,13.468999862670898,13.468999862670898,13.470000267028809,13.46500015258789,13.469900131225586,1285.0
2024-03-01 11:16:00,FULC,10.829000473022461,10.829000473022461,10.829000473022461,10.800000190734863,10.800000190734863,1061.0
2024-03-01 11:16:00,FUSN,12.100000381469727,12.100000381469727,12.1225004196167,12.100000381469727,12.1225004196167,951.0
2024-03-01 11:16:00,GCTK,0.30000001192092896,0.30000001192092896,0.30000001192092896,0.30000001192092896,0.30000001192092896,220.0
2024-03-01 11:16:00,GDRX,8.274999618530273,8.274999618530273,8.274999618530273,8.260000228881836,8.260000228881836,979.0
2024-03-01 11:16:00,GERN,2.1549999713897705,2.1549999713897705,2.1600000858306885,2.1549999713897705,2.1549999713897705,7115.0
2024-03-01 11:16:00,GH,19.38010025024414,19.38010025024414,19.38010025024414,19.3799991607666,19.3799991607666,511.0
2024-03-01 11:16:00,GILD,72.41500091552734,72.41500091552734,72.43499755859375,72.4000015258789,72.43000030517578,6622.0
2024-03-01 11:16:00,GLTO,0.722000002861023,0.722000002861023,0.722000002861023,0.722000002861023,0.722000002861023,0.0
2024-03-01 11:16:00,GLYC,3.0,3.0,3.0,2.9707000255584717,2.9707000255584717,500.0
2024-03-01 11:16:00,GMAB,29.40999984741211,29.40999984741211,29.43000030517578,29.40999984741211,29.420000076293945,1055.0
2024-03-01 11:16:00,GOSS,1.3600000143051147,1.3600000143051147,1.3600000143051147,1.3600000143051147,1.3600000143051147,2592.0
2024-03-01 11:16:00,GRFS,7.070000171661377,7.070000171661377,7.135000228881836,7.059999942779541,7.135000228881836,16492.0
2024-03-01 11:16:00,GRPH,3.5199999809265137,3.5199999809265137,3.5199999809265137,3.509999990463257,3.509999990463257,3771.0
2024-03-01 11:16:00,GRTS,2.2239999771118164,2.2239999771118164,2.2300000190734863,2.2100000381469727,2.2149999141693115,9570.0
2024-03-01 11:16:00,HALO,41.380001068115234,41.380001068115234,41.380001068115234,41.33000183105469,41.33000183105469,657.0
2024-03-01 11:16:00,HARP,22.93000030517578,22.93000030517578,22.940000534057617,22.93000030517578,22.940000534057617,2947.0
2024-03-01 11:16:00,HCAT,7.929999828338623,7.929999828338623,7.940000057220459,7.929999828338623,7.940000057220459,281.0
2024-03-01 11:16:00,HCSG,12.71500015258789,12.71500015258789,12.720000267028809,12.71500015258789,12.720000267028809,1191.0
2024-03-01 11:16:00,HCTI,2.4000000953674316,2.4000000953674316,2.4000000953674316,2.380000114440918,2.380000114440918,0.0
2024-03-01 11:16:00,HLVX,18.760000228881836,18.760000228881836,18.760000228881836,18.709999084472656,18.709999084472656,895.0
2024-03-01 11:16:00,HOLX,73.98999786376953,73.98999786376953,74.02999877929688,73.98999786376953,74.02999877929688,2138.0
2024-03-01 11:16:00,HOWL,7.065000057220459,7.065000057220459,7.065000057220459,7.039999961853027,7.039999961853027,1759.0
2024-03-01 11:16:00,HQY,81.87999725341797,81.87999725341797,81.87999725341797,81.87999725341797,81.87999725341797,228.0
2024-03-01 11:16:00,HSIC,76.9000015258789,76.9000015258789,76.9000015258789,76.83999633789062,76.86000061035156,4007.0
2024-03-01 11:16:00,HSTM,27.56999969482422,27.56999969482422,27.56999969482422,27.565000534057617,27.565000534057617,4243.0
2024-03-01 11:16:00,HUMA,3.2850000858306885,3.2850000858306885,3.2899999618530273,3.2799999713897705,3.2799999713897705,11604.0
2024-03-01 11:16:00,HYPR,1.1100000143051147,1.1100000143051147,1.1100000143051147,1.0700000524520874,1.1100000143051147,38691.0
2024-03-01 11:16:00,IART,36.880001068115234,36.880001068115234,36.880001068115234,36.7400016784668,36.7400016784668,3827.0
2024-03-01 11:16:00,IBRX,4.889999866485596,4.889999866485596,4.889999866485596,4.889999866485596,4.889999866485596,418.0
2024-03-01 11:16:00,ICAD,1.9035999774932861,1.9035999774932861,1.9035999774932861,1.9035999774932861,1.9035999774932861,0.0
2024-03-01 11:16:00,ICLR,323.5350036621094,323.5350036621094,323.5350036621094,323.5350036621094,323.5350036621094,266.0
2024-03-01 11:16:00,ICUI,106.9800033569336,106.9800033569336,106.9800033569336,106.9800033569336,106.9800033569336,106.0
2024-03-01 11:16:00,IDXX,580.530029296875,580.530029296875,580.530029296875,580.530029296875,580.530029296875,486.0
2024-03-01 11:16:00,IDYA,46.125,46.125,46.125,46.09000015258789,46.09000015258789,615.0
2024-03-01 11:16:00,IFRX,1.8450000286102295,1.8450000286102295,1.8450000286102295,1.8450000286102295,1.8450000286102295,101.0
2024-03-01 11:16:00,IINN,1.6299999952316284,1.6299999952316284,1.6299999952316284,1.6299999952316284,1.6299999952316284,2000.0
2024-03-01 11:16:00,ILMN,142.0500030517578,142.0500030517578,142.0500030517578,141.8699951171875,141.8699951171875,1082.0
2024-03-01 11:16:00,IMCR,67.98999786376953,67.98999786376953,68.29750061035156,67.98999786376953,68.28500366210938,2802.0
2024-03-01 11:16:00,IMMX,3.5100998878479004,3.5100998878479004,3.5100998878479004,3.5100998878479004,3.5100998878479004,282.0
2024-03-01 11:16:00,IMTX,13.145000457763672,13.145000457763672,13.145000457763672,13.145000457763672,13.145000457763672,12.0
2024-03-01 11:16:00,IMUX,1.4850000143051147,1.4850000143051147,1.4850000143051147,1.4850000143051147,1.4850000143051147,55.0
2024-03-01 11:16:00,IMVT,36.22999954223633,36.22999954223633,36.2599983215332,36.220001220703125,36.220001220703125,994.0
2024-03-01 11:16:00,INCY,59.369998931884766,59.369998931884766,59.369998931884766,59.36000061035156,59.36000061035156,572.0
2024-03-01 11:16:00,INGN,6.829999923706055,6.829999923706055,6.829999923706055,6.822000026702881,6.829899787902832,6270.0
2024-03-01 11:16:00,INMB,12.0,12.0,12.09000015258789,11.984999656677246,11.984999656677246,1806.0
2024-03-01 11:16:00,INMD,22.895000457763672,22.895000457763672,22.899999618530273,22.895000457763672,22.899999618530273,839.0
2024-03-01 11:16:00,INO,9.029999732971191,9.029999732971191,9.029999732971191,9.0,9.029999732971191,2214.0
2024-03-01 11:16:00,INSM,28.1200008392334,28.1200008392334,28.149999618530273,28.1200008392334,28.135000228881836,393.0
2024-03-01 11:16:00,INVA,15.664999961853027,15.664999961853027,15.680000305175781,15.664999961853027,15.680000305175781,1215.0
2024-03-01 11:16:00,INZY,6.5,6.5,6.5,6.5,6.5,111.0
2024-03-01 11:16:00,IONS,45.849998474121094,45.849998474121094,45.849998474121094,45.849998474121094,45.849998474121094,217.0
2024-03-01 11:16:00,IOVA,16.484800338745117,16.484800338745117,16.5,16.479999542236328,16.485000610351562,6944.0
2024-03-01 11:16:00,IRTC,120.33000183105469,120.33000183105469,120.33000183105469,120.23999786376953,120.23999786376953,1428.0
2024-03-01 11:16:00,IRWD,9.03499984741211,9.03499984741211,9.0649995803833,9.033100128173828,9.0649995803833,7310.0
2024-03-01 11:16:00,ISRG,393.0899963378906,393.0899963378906,393.0899963378906,393.0899963378906,393.0899963378906,198.0
2024-03-01 11:16:00,ITOS,10.779999732971191,10.779999732971191,10.800000190734863,10.770000457763672,10.770000457763672,1715.0
2024-03-01 11:16:00,IVVD,3.9800000190734863,3.9800000190734863,3.9800000190734863,3.950000047683716,3.953000068664551,1475.0
2024-03-01 11:16:00,JAGX,0.08110000193119049,0.08110000193119049,0.08160000294446945,0.08049999922513962,0.08070000261068344,474940.0
2024-03-01 11:16:00,JANX,46.599998474121094,46.599998474121094,46.75,46.58000183105469,46.650001525878906,2748.0
2024-03-01 11:16:00,KNSA,21.885000228881836,21.885000228881836,21.90999984741211,21.885000228881836,21.90999984741211,655.0
2024-03-01 11:16:00,KNTE,2.625,2.625,2.625,2.619999885559082,2.6219000816345215,5490.0
2024-03-01 11:16:00,KPTI,1.2450000047683716,1.2450000047683716,1.2450000047683716,1.2450000047683716,1.2450000047683716,402.0
2024-03-01 11:16:00,KRMD,2.1600000858306885,2.1600000858306885,2.1600000858306885,2.1559998989105225,2.1559998989105225,537.0
2024-03-01 11:16:00,KRTX,316.5,316.5,316.5,316.5,316.5,101.0
2024-03-01 11:16:00,KTRA,0.10029999911785126,0.10029999911785126,0.10029999911785126,0.10029999911785126,0.10029999911785126,47.0
2024-03-01 11:16:00,KURA,21.459999084472656,21.459999084472656,21.459999084472656,21.3799991607666,21.3799991607666,812.0
2024-03-01 11:16:00,KYMR,44.060001373291016,44.060001373291016,44.09000015258789,43.9900016784668,44.0099983215332,3070.0
2024-03-01 11:16:00,KZR,1.1100000143051147,1.1100000143051147,1.1100000143051147,1.1050000190734863,1.1050000190734863,3000.0
2024-03-01 11:16:00,LEGN,66.02999877929688,66.02999877929688,66.02999877929688,66.02999877929688,66.02999877929688,260.0
2024-03-01 11:16:00,LEXX,2.655100107192993,2.655100107192993,2.680000066757202,2.655100107192993,2.680000066757202,1528.0
2024-03-01 11:16:00,LFMD,7.980000019073486,7.980000019073486,7.980000019073486,7.960000038146973,7.96999979019165,2111.0
2024-03-01 11:16:00,LFST,8.010000228881836,8.010000228881836,8.015000343322754,8.010000228881836,8.015000343322754,438.0
2024-03-01 11:16:00,LGND,80.12999725341797,80.12999725341797,80.12999725341797,80.12999725341797,80.12999725341797,484.0
2024-03-01 11:16:00,LGVN,0.5421000123023987,0.5421000123023987,0.5421000123023987,0.5421000123023987,0.5421000123023987,103.0
2024-03-01 11:16:00,LIVN,55.08000183105469,55.08000183105469,55.20000076293945,55.04999923706055,55.06999969482422,92298.0
2024-03-01 11:16:00,LMAT,67.27999877929688,67.27999877929688,67.27999877929688,66.95999908447266,66.95999908447266,1696.0
2024-03-01 11:16:00,LNTH,65.58999633789062,65.58999633789062,65.62999725341797,65.5,65.58910369873047,13051.0
2024-03-01 11:16:00,LRMR,11.039999961853027,11.039999961853027,11.039999961853027,11.039999961853027,11.039999961853027,106.0
2024-03-01 11:16:00,LUNG,9.15999984741211,9.15999984741211,9.15999984741211,9.15999984741211,9.15999984741211,238.0
2024-03-01 11:16:00,LVTX,3.009999990463257,3.009999990463257,3.0199999809265137,2.989799976348877,2.990000009536743,9600.0
2024-03-01 11:16:00,LXRX,2.4200000762939453,2.4200000762939453,2.4200000762939453,2.419100046157837,2.419100046157837,0.0
2024-03-01 11:16:00,LYEL,3.1549999713897705,3.1549999713897705,3.1649999618530273,3.1549999713897705,3.1649999618530273,6242.0
2024-03-01 11:16:00,LYRA,5.630000114440918,5.630000114440918,5.630000114440918,5.590000152587891,5.599999904632568,503.0
2024-03-01 11:16:00,MACK,14.725000381469727,14.725000381469727,14.725000381469727,14.725000381469727,14.725000381469727,390.0
2024-03-01 11:16:00,MASI,126.7699966430664,126.7699966430664,126.7699966430664,126.7699966430664,126.7699966430664,455.0
2024-03-01 11:16:00,MASS,7.429999828338623,7.429999828338623,7.440000057220459,7.429999828338623,7.440000057220459,465.0
2024-03-01 11:16:00,MBOT,1.2949999570846558,1.2949999570846558,1.2949999570846558,1.2949999570846558,1.2949999570846558,2371.0
2024-03-01 11:16:00,MCRB,1.1799999475479126,1.1799999475479126,1.184000015258789,1.1799999475479126,1.184000015258789,1012.0
2024-03-01 11:16:00,MDRX,5.900000095367432,5.900000095367432,5.949999809265137,5.900000095367432,5.900000095367432,49337.0
2024-03-01 11:16:00,MDWD,14.350000381469727,14.350000381469727,14.350000381469727,14.350000381469727,14.350000381469727,1402.0
2024-03-01 11:16:00,MDXG,8.654999732971191,8.654999732971191,8.654999732971191,8.654999732971191,8.654999732971191,211.0
2024-03-01 11:16:00,ME,0.5837000012397766,0.5837000012397766,0.5838000178337097,0.5835999846458435,0.5838000178337097,10142.0
2024-03-01 11:16:00,MEDP,401.0050048828125,401.0050048828125,401.0050048828125,401.0,401.0,451.0
2024-03-01 11:16:00,MGNX,19.359899520874023,19.359899520874023,19.359899520874023,19.305999755859375,19.309999465942383,896.0
2024-03-01 11:16:00,MHUA,0.6851999759674072,0.6851999759674072,0.6851999759674072,0.6851999759674072,0.6851999759674072,14389.0
2024-03-01 11:16:00,MIST,1.7000000476837158,1.7000000476837158,1.7000000476837158,1.7000000476837158,1.7000000476837158,20000.0
2024-03-01 11:16:00,MLTX,51.880001068115234,51.880001068115234,51.974998474121094,51.66999816894531,51.66999816894531,907.0
2024-03-01 11:16:00,MNKD,4.625,4.625,4.639999866485596,4.619999885559082,4.635000228881836,5663.0
2024-03-01 11:16:00,MNMD,5.919899940490723,5.919899940490723,5.919899940490723,5.911099910736084,5.911099910736084,5490.0
2024-03-01 11:16:00,MNPR,0.8100000023841858,0.8100000023841858,0.8100000023841858,0.8100000023841858,0.8100000023841858,1500.0
2024-03-01 11:16:00,MOR,17.610000610351562,17.610000610351562,17.610000610351562,17.604999542236328,17.610000610351562,608.0
2024-03-01 11:16:00,MORF,38.68000030517578,38.68000030517578,38.68000030517578,38.68000030517578,38.68000030517578,199.0
2024-03-01 11:16:00,MOTS,0.6801999807357788,0.6801999807357788,0.6801999807357788,0.6801999807357788,0.6801999807357788,107.0
2024-03-01 11:16:00,MREO,3.818000078201294,3.818000078201294,3.819999933242798,3.809999942779541,3.815000057220459,9442.0
2024-03-01 11:16:00,MRNA,95.69000244140625,95.69000244140625,95.71160125732422,95.5999984741211,95.63999938964844,3180.0
2024-03-01 11:16:00,MRSN,5.880000114440918,5.880000114440918,5.887199878692627,5.880000114440918,5.887199878692627,1288.0
2024-03-01 11:16:00,MRUS,50.52000045776367,50.52000045776367,50.55500030517578,50.5,50.5,1558.0
2024-03-01 11:16:00,MRVI,7.835000038146973,7.835000038146973,7.840000152587891,7.835000038146973,7.840000152587891,1068.0
2024-03-01 11:16:00,MYGN,21.690000534057617,21.690000534057617,21.690000534057617,21.68000030517578,21.68000030517578,219.0
2024-03-01 11:16:00,NARI,46.29679870605469,46.29679870605469,46.31999969482422,46.20000076293945,46.28860092163086,2265.0
2024-03-01 11:16:00,NAUT,2.7139999866485596,2.7139999866485596,2.7139999866485596,2.7139999866485596,2.7139999866485596,745.0
2024-03-01 11:16:00,NBIX,129.33999633789062,129.33999633789062,129.61000061035156,129.32000732421875,129.61000061035156,3736.0
2024-03-01 11:16:00,NEO,16.139999389648438,16.139999389648438,16.139999389648438,16.139999389648438,16.139999389648438,435.0
2024-03-01 11:16:00,NEOG,17.309999465942383,17.309999465942383,17.309999465942383,17.309999465942383,17.309999465942383,592.0
2024-03-01 11:16:00,NERV,2.51990008354187,2.51990008354187,2.51990008354187,2.51990008354187,2.51990008354187,105.0
2024-03-01 11:16:00,NEXI,6.598400115966797,6.598400115966797,6.598400115966797,6.449999809265137,6.449999809265137,4455.0
2024-03-01 11:16:00,NKTR,0.7495999932289124,0.7495999932289124,0.753000020980835,0.7495999932289124,0.753000020980835,313.0
2024-03-01 11:16:00,NKTX,12.550000190734863,12.550000190734863,12.550000190734863,12.54990005493164,12.54990005493164,341.0
2024-03-01 11:16:00,NNOX,11.166899681091309,11.166899681091309,11.170000076293945,11.149900436401367,11.15999984741211,7569.0
2024-03-01 11:16:00,NOTV,7.866099834442139,7.866099834442139,7.866099834442139,7.866099834442139,7.866099834442139,190.0
2024-03-01 11:16:00,NRC,40.7400016784668,40.7400016784668,40.7400016784668,40.7400016784668,40.7400016784668,289.0
2024-03-01 11:16:00,NRIX,13.329999923706055,13.329999923706055,13.329999923706055,13.301300048828125,13.3100004196167,1425.0
2024-03-01 11:16:00,NRSN,1.9989999532699585,1.9989999532699585,1.9989999532699585,1.9989999532699585,1.9989999532699585,801.0
2024-03-01 11:16:00,NTLA,33.57500076293945,33.57500076293945,33.61000061035156,33.56999969482422,33.61000061035156,1476.0
2024-03-01 11:16:00,NTRA,89.30999755859375,89.30999755859375,89.44499969482422,89.30999755859375,89.43000030517578,1493.0
2024-03-01 11:16:00,NUVL,87.93499755859375,87.93499755859375,87.93499755859375,87.72000122070312,87.72000122070312,1386.0
2024-03-01 11:16:00,NVAX,5.150000095367432,5.150000095367432,5.150000095367432,5.130000114440918,5.139999866485596,13500.0
2024-03-01 11:16:00,NVCR,16.1299991607666,16.1299991607666,16.209999084472656,16.1299991607666,16.209999084472656,5416.0
2024-03-01 11:16:00,NVNO,6.489999771118164,6.489999771118164,6.5,6.489999771118164,6.5,301.0
2024-03-01 11:16:00,NXTC,1.8200000524520874,1.8200000524520874,1.8200000524520874,1.7949999570846558,1.7949999570846558,1939.0
2024-03-01 11:16:00,OCUL,10.489999771118164,10.489999771118164,10.489999771118164,10.479999542236328,10.479999542236328,3622.0
2024-03-01 11:16:00,OCUP,2.509999990463257,2.509999990463257,2.518399953842163,2.509999990463257,2.518399953842163,1112.0
2024-03-01 11:16:00,OGI,2.119999885559082,2.119999885559082,2.119999885559082,2.119999885559082,2.119999885559082,0.0
2024-03-01 11:16:00,OLMA,13.059900283813477,13.059900283813477,13.059900283813477,12.96500015258789,12.96500015258789,5555.0
2024-03-01 11:16:00,OM,3.1649999618530273,3.1649999618530273,3.1649999618530273,3.1600000858306885,3.1600000858306885,506.0
2024-03-01 11:16:00,OMCL,26.479999542236328,26.479999542236328,26.479999542236328,26.479999542236328,26.479999542236328,765.0
2024-03-01 11:16:00,OMER,4.75,4.75,4.75,4.75,4.75,1483.0
2024-03-01 11:16:00,OMGA,4.230000019073486,4.230000019073486,4.25,4.199999809265137,4.199999809265137,2317.0
2024-03-01 11:16:00,ONCY,1.1298999786376953,1.1298999786376953,1.1298999786376953,1.1298999786376953,1.1298999786376953,5900.0
2024-03-01 11:16:00,ONVO,1.0299999713897705,1.0299999713897705,1.0299999713897705,1.0299999713897705,1.0299999713897705,400.0
2024-03-01 11:17:00,AADI,1.975000023841858,1.975000023841858,1.975000023841858,1.975000023841858,1.975000023841858,21309.0
2024-03-01 11:17:00,ABCL,5.195000171661377,5.195000171661377,5.195000171661377,5.179999828338623,5.179999828338623,2148.0
2024-03-01 11:17:00,ABEO,7.494999885559082,7.494999885559082,7.510000228881836,7.485000133514404,7.510000228881836,3409.0
2024-03-01 11:17:00,ABOS,4.695000171661377,4.695000171661377,4.699999809265137,4.690000057220459,4.699999809265137,1284.0
2024-03-01 11:17:00,ABSI,5.1894001960754395,5.1894001960754395,5.1992998123168945,5.1894001960754395,5.190000057220459,4382.0
2024-03-01 11:17:00,ACAD,23.881000518798828,23.881000518798828,23.889999389648438,23.881000518798828,23.889999389648438,710.0
2024-03-01 11:17:00,ACB,3.140000104904175,3.140000104904175,3.140000104904175,3.1201000213623047,3.1298999786376953,2166.0
2024-03-01 11:17:00,ACCD,10.319999694824219,10.319999694824219,10.319999694824219,10.319999694824219,10.319999694824219,127.0
2024-03-01 11:17:00,ACET,2.4049999713897705,2.4049999713897705,2.4049999713897705,2.4000000953674316,2.4000000953674316,2149.0
2024-03-01 11:17:00,ACHC,83.87000274658203,83.87000274658203,83.87000274658203,83.83000183105469,83.83000183105469,651.0
2024-03-01 11:17:00,ACHL,1.3680000305175781,1.3680000305175781,1.3680000305175781,1.3600000143051147,1.3600000143051147,0.0
2024-03-01 11:17:00,ACHV,4.289999961853027,4.289999961853027,4.289999961853027,4.289999961853027,4.289999961853027,200.0
2024-03-01 11:17:00,ACLX,67.71499633789062,67.71499633789062,67.71499633789062,67.71499633789062,67.71499633789062,303.0
2024-03-01 11:17:00,ACRS,1.2200000286102295,1.2200000286102295,1.2200000286102295,1.2200000286102295,1.2200000286102295,350.0
2024-03-01 11:17:00,ADIL,2.9600000381469727,2.9600000381469727,2.9700000286102295,2.940000057220459,2.950000047683716,36435.0
2024-03-01 11:17:00,ADMA,5.329999923706055,5.329999923706055,5.340000152587891,5.329999923706055,5.329999923706055,2201.0
2024-03-01 11:17:00,ADPT,4.230000019073486,4.230000019073486,4.230000019073486,4.230000019073486,4.230000019073486,1275.0
2024-03-01 11:17:00,ADVM,1.9500000476837158,1.9500000476837158,1.9500000476837158,1.9500000476837158,1.9500000476837158,226.0
2024-03-01 11:17:00,AGEN,0.6672999858856201,0.6672999858856201,0.6678000092506409,0.6671000123023987,0.6671000123023987,271626.0
2024-03-01 11:17:00,AGIO,32.900001525878906,32.900001525878906,32.90999984741211,32.900001525878906,32.90999984741211,902.0
2024-03-01 11:17:00,AHCO,10.895000457763672,10.895000457763672,10.895000457763672,10.869999885559082,10.869999885559082,6634.0
2024-03-01 11:17:00,AKAN,0.24699999392032623,0.24699999392032623,0.24699999392032623,0.24699999392032623,0.24699999392032623,7481.0
2024-03-01 11:17:00,AKBA,1.6690000295639038,1.6690000295639038,1.6749999523162842,1.6605000495910645,1.6699999570846558,36875.0
2024-03-01 11:17:00,AKLI,0.33980000019073486,0.33980000019073486,0.33980000019073486,0.3375000059604645,0.3375000059604645,2002.0
2024-03-01 11:17:00,AKRO,29.83989906311035,29.83989906311035,29.84000015258789,29.75,29.75,1651.0
2024-03-01 11:17:00,ALDX,4.169899940490723,4.169899940490723,4.170000076293945,4.149700164794922,4.149700164794922,11484.0
2024-03-01 11:17:00,ALEC,7.514999866485596,7.514999866485596,7.514999866485596,7.514999866485596,7.514999866485596,445.0
2024-03-01 11:17:00,ALGN,299.9200134277344,299.9200134277344,299.95001220703125,299.760009765625,299.95001220703125,1610.0
2024-03-01 11:17:00,ALGS,1.0800000429153442,1.0800000429153442,1.0800000429153442,1.065000057220459,1.065000057220459,2300.0
2024-03-01 11:17:00,ALKS,30.19499969482422,30.19499969482422,30.219999313354492,30.19499969482422,30.219999313354492,1583.0
2024-03-01 11:17:00,ALLK,1.600000023841858,1.600000023841858,1.600000023841858,1.600000023841858,1.600000023841858,304.0
2024-03-01 11:17:00,ALLO,5.034999847412109,5.034999847412109,5.034999847412109,5.034999847412109,5.034999847412109,0.0
2024-03-01 11:17:00,ALRN,5.089900016784668,5.089900016784668,5.089900016784668,5.089900016784668,5.089900016784668,7429.0
2024-03-01 11:17:00,ALT,12.15999984741211,12.15999984741211,12.15999984741211,12.102299690246582,12.102299690246582,5633.0
2024-03-01 11:17:00,AMGN,281.1050109863281,281.1050109863281,281.2049865722656,281.05999755859375,281.0899963378906,897.0
2024-03-01 11:17:00,AMLX,18.850000381469727,18.850000381469727,18.850000381469727,18.84000015258789,18.84000015258789,1445.0
2024-03-01 11:17:00,AMPH,45.970001220703125,45.970001220703125,46.029998779296875,45.970001220703125,46.029998779296875,420.0
2024-03-01 11:17:00,AMRN,1.0499999523162842,1.0499999523162842,1.0499999523162842,1.0499999523162842,1.0499999523162842,309.0
2024-03-01 11:17:00,ANGO,5.5,5.5,5.5,5.5,5.5,264.0
2024-03-01 11:17:00,ANNX,6.099999904632568,6.099999904632568,6.119999885559082,6.039999961853027,6.039999961853027,4283.0
2024-03-01 11:17:00,APLS,64.83000183105469,64.83000183105469,64.83000183105469,64.61000061035156,64.72000122070312,6179.0
2024-03-01 11:17:00,APLT,7.090000152587891,7.090000152587891,7.090000152587891,7.090000152587891,7.090000152587891,1900.0
2024-03-01 11:17:00,AQST,4.170000076293945,4.170000076293945,4.170000076293945,4.150000095367432,4.150000095367432,2337.0
2024-03-01 11:17:00,ARCT,39.73500061035156,39.73500061035156,39.75,39.63999938964844,39.75,729.0
2024-03-01 11:17:00,ARDX,9.550000190734863,9.550000190734863,9.550000190734863,9.550000190734863,9.550000190734863,1153.0
2024-03-01 11:17:00,ARQT,11.069999694824219,11.069999694824219,11.100000381469727,11.050299644470215,11.050299644470215,3720.0
2024-03-01 11:17:00,ARVN,49.20989990234375,49.20989990234375,49.20989990234375,49.11000061035156,49.11000061035156,701.0
2024-03-01 11:17:00,ARWR,35.56999969482422,35.56999969482422,35.56999969482422,35.45000076293945,35.45000076293945,5470.0
2024-03-01 11:17:00,ASMB,13.253499984741211,13.253499984741211,13.253499984741211,13.253499984741211,13.253499984741211,7499.0
2024-03-01 11:17:00,ASND,149.5,149.5,149.5,149.5,149.5,715.0
2024-03-01 11:17:00,ASRT,0.9150999784469604,0.9150999784469604,0.9150999784469604,0.9150000214576721,0.9150000214576721,599.0
2024-03-01 11:17:00,ATEC,13.53499984741211,13.53499984741211,13.53499984741211,13.53499984741211,13.53499984741211,262.0
2024-03-01 11:17:00,ATHA,3.984999895095825,3.984999895095825,3.990000009536743,3.984999895095825,3.984999895095825,506.0
2024-03-01 11:17:00,ATRA,0.8025000095367432,0.8025000095367432,0.8025000095367432,0.8025000095367432,0.8025000095367432,600.0
2024-03-01 11:17:00,ATRC,36.08000183105469,36.08000183105469,36.099998474121094,36.08000183105469,36.08000183105469,463.0
2024-03-01 11:17:00,AUGX,4.570000171661377,4.570000171661377,4.570000171661377,4.570000171661377,4.570000171661377,197.0
2024-03-01 11:17:00,AUPH,5.829999923706055,5.829999923706055,5.829999923706055,5.829999923706055,5.829999923706055,415.0
2024-03-01 11:17:00,AUTL,6.235000133514404,6.235000133514404,6.235000133514404,6.224999904632568,6.224999904632568,1200.0
2024-03-01 11:17:00,AVDL,12.619999885559082,12.619999885559082,12.630000114440918,12.600000381469727,12.614999771118164,7040.0
2024-03-01 11:17:00,AVIR,4.429999828338623,4.429999828338623,4.429999828338623,4.429999828338623,4.429999828338623,1297.0
2024-03-01 11:17:00,AVRO,1.3250000476837158,1.3250000476837158,1.3250000476837158,1.3250000476837158,1.3250000476837158,202.0
2024-03-01 11:17:00,AVXL,5.389999866485596,5.389999866485596,5.389999866485596,5.385000228881836,5.385000228881836,1515.0
2024-03-01 11:17:00,AXNX,67.33000183105469,67.33000183105469,67.3550033569336,67.30680084228516,67.35009765625,2953.0
2024-03-01 11:17:00,AXSM,83.41999816894531,83.41999816894531,83.41999816894531,83.41999816894531,83.41999816894531,231.0
2024-03-01 11:17:00,AZN,64.6094970703125,64.6094970703125,64.63999938964844,64.6094970703125,64.63999938964844,6887.0
2024-03-01 11:17:00,BBIO,36.16999816894531,36.16999816894531,36.16999816894531,36.15999984741211,36.15999984741211,231.0
2024-03-01 11:17:00,BBLG,2.3499999046325684,2.3499999046325684,2.3499999046325684,2.3499999046325684,2.3499999046325684,290.0
2024-03-01 11:17:00,BCDA,0.5615000128746033,0.5615000128746033,0.5615000128746033,0.5615000128746033,0.5615000128746033,200.0
2024-03-01 11:17:00,BCEL,0.2651999890804291,0.2651999890804291,0.2651999890804291,0.2651999890804291,0.2651999890804291,360.0
2024-03-01 11:17:00,BCRX,5.855000019073486,5.855000019073486,5.855000019073486,5.855000019073486,5.855000019073486,200.0
2024-03-01 11:17:00,BDTX,5.179999828338623,5.179999828338623,5.179999828338623,5.164999961853027,5.164999961853027,307.0
2024-03-01 11:17:00,BEAM,40.459999084472656,40.459999084472656,40.4900016784668,40.369998931884766,40.369998931884766,3386.0
2024-03-01 11:17:00,BGXX,0.26809999346733093,0.26809999346733093,0.26809999346733093,0.26809999346733093,0.26809999346733093,220.0
2024-03-01 11:17:00,BIIB,219.21499633789062,219.21499633789062,219.27000427246094,219.21499633789062,219.27000427246094,575.0
2024-03-01 11:17:00,BIOL,0.13850000500679016,0.13850000500679016,0.13850000500679016,0.13850000500679016,0.13850000500679016,7577.0
2024-03-01 11:17:00,BIVI,2.199899911880493,2.199899911880493,2.200000047683716,2.1500000953674316,2.1500000953674316,65862.0
2024-03-01 11:17:00,BLFS,18.170000076293945,18.170000076293945,18.19499969482422,18.139999389648438,18.19499969482422,1356.0
2024-03-01 11:17:00,BLUE,1.5994000434875488,1.5994000434875488,1.600000023841858,1.5743999481201172,1.5750000476837158,18782.0
2024-03-01 11:17:00,BMEA,18.0,18.0,18.020000457763672,17.934999465942383,17.934999465942383,3031.0
2024-03-01 11:17:00,BMRN,86.81999969482422,86.81999969482422,86.91999816894531,86.81999969482422,86.88999938964844,3005.0
2024-03-01 11:17:00,BNTC,5.085000038146973,5.085000038146973,5.085000038146973,5.085000038146973,5.085000038146973,0.0
2024-03-01 11:17:00,BNTX,92.06999969482422,92.06999969482422,92.06999969482422,92.06999969482422,92.06999969482422,1296.0
2024-03-01 11:17:00,BPMC,96.16429901123047,96.16429901123047,96.16429901123047,96.1500015258789,96.1500015258789,581.0
2024-03-01 11:17:00,BRKR,87.93000030517578,87.93000030517578,87.93000030517578,87.9000015258789,87.9000015258789,1023.0
2024-03-01 11:17:00,BTAI,3.259999990463257,3.259999990463257,3.259999990463257,3.2300000190734863,3.2300000190734863,2713.0
2024-03-01 11:17:00,BYSI,1.4600000381469727,1.4600000381469727,1.4600000381469727,1.399999976158142,1.4199999570846558,8855.0
2024-03-01 11:17:00,CARA,0.9189000129699707,0.9189000129699707,0.9214000105857849,0.9150000214576721,0.9214000105857849,8837.0
2024-03-01 11:17:00,CBAY,32.244998931884766,32.244998931884766,32.244998931884766,32.244998931884766,32.244998931884766,601.0
2024-03-01 11:17:00,CCCC,10.979999542236328,10.979999542236328,11.0,10.96500015258789,10.96500015258789,1873.0
2024-03-01 11:17:00,CDMO,8.1899995803833,8.1899995803833,8.1899995803833,8.1899995803833,8.1899995803833,0.0
2024-03-01 11:17:00,CDNA,12.350000381469727,12.350000381469727,12.350000381469727,12.34000015258789,12.34000015258789,1046.0
2024-03-01 11:17:00,CDXS,4.491199970245361,4.491199970245361,4.491199970245361,4.491199970245361,4.491199970245361,299.0
2024-03-01 11:17:00,CERE,41.21500015258789,41.21500015258789,41.23500061035156,41.21500015258789,41.23500061035156,440.0
2024-03-01 11:17:00,CGC,3.305000066757202,3.305000066757202,3.305000066757202,3.2950000762939453,3.2950000762939453,4693.0
2024-03-01 11:17:00,CGEM,18.84000015258789,18.84000015258789,18.860000610351562,18.78499984741211,18.78499984741211,1830.0
2024-03-01 11:17:00,CGTX,2.069999933242798,2.069999933242798,2.069999933242798,2.069999933242798,2.069999933242798,320.0
2024-03-01 11:17:00,CHRS,2.359999895095825,2.359999895095825,2.359999895095825,2.359999895095825,2.359999895095825,223.0
2024-03-01 11:17:00,CING,1.350000023841858,1.350000023841858,1.350000023841858,1.350000023841858,1.350000023841858,222.0
2024-03-01 11:17:00,CLDX,52.41749954223633,52.41749954223633,52.459999084472656,52.33000183105469,52.33000183105469,2048.0
2024-03-01 11:17:00,CLNN,0.39500001072883606,0.39500001072883606,0.39500001072883606,0.39500001072883606,0.39500001072883606,400.0
2024-03-01 11:17:00,CLOV,0.8708999752998352,0.8708999752998352,0.8723000288009644,0.8690000176429749,0.8708999752998352,38796.0
2024-03-01 11:17:00,CLRB,4.09499979019165,4.09499979019165,4.09499979019165,4.09499979019165,4.09499979019165,1125.0
2024-03-01 11:17:00,CMPS,11.095000267028809,11.095000267028809,11.095000267028809,11.07450008392334,11.088000297546387,1054.0
2024-03-01 11:17:00,CNTA,10.59000015258789,10.59000015258789,10.59000015258789,10.59000015258789,10.59000015258789,200.0
2024-03-01 11:17:00,COGT,7.179999828338623,7.179999828338623,7.190000057220459,7.179999828338623,7.190000057220459,400.0
2024-03-01 11:17:00,COLL,36.97999954223633,36.97999954223633,36.97999954223633,36.959999084472656,36.959999084472656,907.0
2024-03-01 11:17:00,CORT,23.940000534057617,23.940000534057617,23.959999084472656,23.940000534057617,23.959999084472656,2432.0
2024-03-01 11:17:00,CPRX,17.274999618530273,17.274999618530273,17.280000686645508,17.239999771118164,17.280000686645508,5728.0
2024-03-01 11:17:00,CPSI,9.494999885559082,9.494999885559082,9.550000190734863,9.494999885559082,9.550000190734863,1239.0
2024-03-01 11:17:00,CRBP,31.5,31.5,31.5,31.361099243164062,31.361099243164062,1146.0
2024-03-01 11:17:00,CRBU,8.145000457763672,8.145000457763672,8.145000457763672,8.140000343322754,8.140000343322754,483.0
2024-03-01 11:17:00,CRDF,2.6198999881744385,2.6198999881744385,2.619999885559082,2.549999952316284,2.569200038909912,100290.0
2024-03-01 11:17:00,CRIS,9.91100025177002,9.91100025177002,10.0,9.91100025177002,10.0,1220.0
2024-03-01 11:17:00,CRNX,45.88999938964844,45.88999938964844,45.97999954223633,45.880001068115234,45.959999084472656,1599.0
2024-03-01 11:17:00,CRON,2.059999942779541,2.059999942779541,2.059999942779541,2.059999942779541,2.059999942779541,200.0
2024-03-01 11:17:00,CRSP,86.0,86.0,86.0,85.8832015991211,85.91000366210938,3503.0
2024-03-01 11:17:00,CSTL,20.081199645996094,20.081199645996094,20.081199645996094,20.081199645996094,20.081199645996094,209.0
2024-03-01 11:17:00,CTKB,8.454999923706055,8.454999923706055,8.454999923706055,8.454999923706055,8.454999923706055,251.0
2024-03-01 11:17:00,CTMX,2.555000066757202,2.555000066757202,2.555000066757202,2.555000066757202,2.555000066757202,400.0
2024-03-01 11:17:00,CTSO,0.9898999929428101,0.9898999929428101,0.9898999929428101,0.9898999929428101,0.9898999929428101,212.0
2024-03-01 11:17:00,CUE,2.1700000762939453,2.1700000762939453,2.180000066757202,2.1700000762939453,2.180000066757202,2458.0
2024-03-01 11:17:00,CUTR,2.4100000858306885,2.4100000858306885,2.4100000858306885,2.400899887084961,2.400899887084961,2749.0
2024-03-01 11:17:00,CVAC,3.4700000286102295,3.4700000286102295,3.4700000286102295,3.4600000381469727,3.4600000381469727,2167.0
2024-03-01 11:17:00,CYTK,74.33999633789062,74.33999633789062,74.33999633789062,74.27999877929688,74.27999877929688,1148.0
2024-03-01 11:17:00,DCGO,4.15500020980835,4.15500020980835,4.15500020980835,4.142499923706055,4.142499923706055,3678.0
2024-03-01 11:17:00,DCPH,17.040000915527344,17.040000915527344,17.040000915527344,17.040000915527344,17.040000915527344,698.0
2024-03-01 11:17:00,DH,9.149999618530273,9.149999618530273,9.149999618530273,9.130000114440918,9.130000114440918,1640.0
2024-03-01 11:17:00,DMTK,0.8450000286102295,0.8450000286102295,0.8544999957084656,0.8450000286102295,0.8544999957084656,382.0
2024-03-01 11:17:00,DNLI,20.975000381469727,20.975000381469727,20.975000381469727,20.950000762939453,20.969999313354492,2431.0
2024-03-01 11:17:00,DTIL,12.5,12.5,12.747400283813477,12.5,12.747400283813477,1886.0
2024-03-01 11:17:00,DVAX,12.835000038146973,12.835000038146973,12.835000038146973,12.835000038146973,12.835000038146973,300.0
2024-03-01 11:17:00,DXCM,119.22000122070312,119.22000122070312,119.23999786376953,119.13999938964844,119.13999938964844,6405.0
2024-03-01 11:17:00,DYN,28.8799991607666,28.8799991607666,28.8799991607666,28.829999923706055,28.829999923706055,3126.0
2024-03-01 11:17:00,EDAP,6.849999904632568,6.849999904632568,6.849999904632568,6.849999904632568,6.849999904632568,300.0
2024-03-01 11:17:00,EDIT,11.005000114440918,11.005000114440918,11.005000114440918,10.990099906921387,10.990099906921387,666.0
2024-03-01 11:17:00,EGRX,6.579999923706055,6.579999923706055,6.599999904632568,6.579999923706055,6.599999904632568,931.0
2024-03-01 11:17:00,ELEV,4.960000038146973,4.960000038146973,4.96999979019165,4.960000038146973,4.960000038146973,5229.0
2024-03-01 11:17:00,ENLV,3.3942999839782715,3.3942999839782715,3.3942999839782715,3.3942999839782715,3.3942999839782715,1800.0
2024-03-01 11:17:00,ENTA,15.196599960327148,15.196599960327148,15.204999923706055,15.196599960327148,15.204999923706055,236.0
2024-03-01 11:17:00,ENVB,1.646299958229065,1.646299958229065,1.6699999570846558,1.6399999856948853,1.6699999570846558,20951.0
2024-03-01 11:17:00,EOLS,14.649999618530273,14.649999618530273,14.649999618530273,14.649999618530273,14.649999618530273,368.0
2024-03-01 11:17:00,ESPR,2.4828999042510986,2.4828999042510986,2.4828999042510986,2.48009991645813,2.48009991645813,5558.0
2024-03-01 11:17:00,ESTA,45.505001068115234,45.505001068115234,45.505001068115234,45.505001068115234,45.505001068115234,103.0
2024-03-01 11:17:00,ETNB,12.890000343322754,12.890000343322754,12.890000343322754,12.890000343322754,12.890000343322754,191.0
2024-03-01 11:17:00,EWTX,16.985000610351562,16.985000610351562,16.985000610351562,16.959999084472656,16.959999084472656,305.0
2024-03-01 11:17:00,EXAS,60.18000030517578,60.18000030517578,60.2400016784668,60.18000030517578,60.20000076293945,2732.0
2024-03-01 11:17:00,EXEL,22.46500015258789,22.46500015258789,22.46500015258789,22.46500015258789,22.46500015258789,263.0
2024-03-01 11:17:00,FATE,7.5,7.5,7.5,7.489999771118164,7.489999771118164,777.0
2024-03-01 11:17:00,FBIO,2.259999990463257,2.259999990463257,2.259999990463257,2.2525999546051025,2.2525999546051025,0.0
2024-03-01 11:17:00,FDMT,29.15999984741211,29.15999984741211,29.15999984741211,29.094999313354492,29.094999313354492,1110.0
2024-03-01 11:17:00,FEMY,1.7000000476837158,1.7000000476837158,1.7000000476837158,1.7000000476837158,1.7000000476837158,200.0
2024-03-01 11:17:00,FENC,9.760000228881836,9.760000228881836,9.760000228881836,9.739999771118164,9.739999771118164,563.0
2024-03-01 11:17:00,FLGC,1.200600028038025,1.200600028038025,1.200600028038025,1.200600028038025,1.200600028038025,1561.0
2024-03-01 11:17:00,FLGT,23.270000457763672,23.270000457763672,23.290000915527344,23.270000457763672,23.270000457763672,523.0
2024-03-01 11:17:00,FOLD,13.475000381469727,13.475000381469727,13.475000381469727,13.468899726867676,13.468899726867676,464.0
2024-03-01 11:17:00,FULC,10.837900161743164,10.837900161743164,10.837900161743164,10.835000038146973,10.835000038146973,300.0
2024-03-01 11:17:00,FUSN,12.100000381469727,12.100000381469727,12.100000381469727,12.100000381469727,12.100000381469727,388.0
2024-03-01 11:17:00,GCTK,0.30000001192092896,0.30000001192092896,0.30000001192092896,0.30000001192092896,0.30000001192092896,1390.0
2024-03-01 11:17:00,GDRX,8.295000076293945,8.295000076293945,8.295000076293945,8.274999618530273,8.274999618530273,1605.0
2024-03-01 11:17:00,GERN,2.1700000762939453,2.1700000762939453,2.1700000762939453,2.1600000858306885,2.1600000858306885,35671.0
2024-03-01 11:17:00,GH,19.3799991607666,19.3799991607666,19.399999618530273,19.3700008392334,19.3700008392334,3579.0
2024-03-01 11:17:00,GILD,72.42500305175781,72.42500305175781,72.42500305175781,72.4000015258789,72.41500091552734,4273.0
2024-03-01 11:17:00,GLMD,0.4099999964237213,0.4099999964237213,0.4099999964237213,0.4099999964237213,0.4099999964237213,29875.0
2024-03-01 11:17:00,GMAB,29.399999618530273,29.399999618530273,29.399999618530273,29.399999618530273,29.399999618530273,128.0
2024-03-01 11:17:00,GMDA,0.3797000050544739,0.3797000050544739,0.3797000050544739,0.3790999948978424,0.3790999948978424,223.0
2024-03-01 11:17:00,GOSS,1.3600000143051147,1.3600000143051147,1.3600000143051147,1.3600000143051147,1.3600000143051147,258.0
2024-03-01 11:17:00,GRFS,7.079999923706055,7.079999923706055,7.101099967956543,7.070000171661377,7.070000171661377,3977.0
2024-03-01 11:17:00,GRPH,3.5199999809265137,3.5199999809265137,3.5199999809265137,3.5199999809265137,3.5199999809265137,8699.0
2024-03-01 11:17:00,GRTS,2.240000009536743,2.240000009536743,2.240000009536743,2.2300000190734863,2.2300000190734863,9593.0
2024-03-01 11:17:00,GRTX,0.22599999606609344,0.22599999606609344,0.22599999606609344,0.22599999606609344,0.22599999606609344,1600.0
2024-03-01 11:17:00,GTHX,3.5367000102996826,3.5367000102996826,3.5399999618530273,3.515000104904175,3.51990008354187,22979.0
2024-03-01 11:17:00,HALO,41.400001525878906,41.400001525878906,41.400001525878906,41.380001068115234,41.380001068115234,1051.0
2024-03-01 11:17:00,HARP,22.93000030517578,22.93000030517578,22.93000030517578,22.93000030517578,22.93000030517578,200.0
2024-03-01 11:17:00,HCAT,7.96999979019165,7.96999979019165,7.96999979019165,7.949999809265137,7.949999809265137,3944.0
2024-03-01 11:17:00,HCM,15.40999984741211,15.40999984741211,15.40999984741211,15.40999984741211,15.40999984741211,142.0
2024-03-01 11:17:00,HCSG,12.720000267028809,12.720000267028809,12.720000267028809,12.720000267028809,12.720000267028809,159.0
2024-03-01 11:17:00,HCTI,2.4000000953674316,2.4000000953674316,2.4460999965667725,2.4000000953674316,2.4460999965667725,1239.0
2024-03-01 11:17:00,HLVX,18.75,18.75,18.75,18.75,18.75,251.0
2024-03-01 11:17:00,HOLX,74.0,74.0,74.0199966430664,74.0,74.0,2697.0
2024-03-01 11:17:00,HOWL,7.070000171661377,7.070000171661377,7.130000114440918,7.070000171661377,7.089900016784668,2316.0
2024-03-01 11:17:00,HRMY,31.52750015258789,31.52750015258789,31.52750015258789,31.5,31.5,674.0
2024-03-01 11:17:00,HRTX,2.6449999809265137,2.6449999809265137,2.6500000953674316,2.640000104904175,2.640000104904175,1728.0
2024-03-01 11:17:00,HSIC,76.86000061035156,76.86000061035156,76.86000061035156,76.85449981689453,76.85449981689453,956.0
2024-03-01 11:17:00,HUGE,0.8801000118255615,0.8801000118255615,0.8801000118255615,0.8801000118255615,0.8801000118255615,5740.0
2024-03-01 11:17:00,HUMA,3.255000114440918,3.255000114440918,3.2897000312805176,3.2509000301361084,3.2850000858306885,7444.0
2024-03-01 11:17:00,HYPR,1.06850004196167,1.06850004196167,1.06850004196167,1.06850004196167,1.06850004196167,0.0
2024-03-01 11:17:00,IART,36.93000030517578,36.93000030517578,36.93000030517578,36.93000030517578,36.93000030517578,662.0
2024-03-01 11:17:00,IBRX,4.880000114440918,4.880000114440918,4.889999866485596,4.880000114440918,4.889999866485596,1520.0
2024-03-01 11:17:00,ICCC,5.369999885559082,5.369999885559082,5.369999885559082,5.369999885559082,5.369999885559082,1821.0
2024-03-01 11:17:00,ICLR,323.2300109863281,323.2300109863281,323.2300109863281,323.2300109863281,323.2300109863281,190.0
2024-03-01 11:17:00,ICUI,107.0250015258789,107.0250015258789,107.05000305175781,106.97000122070312,107.05000305175781,930.0
2024-03-01 11:17:00,IDXX,580.969970703125,580.969970703125,580.969970703125,580.969970703125,580.969970703125,316.0
2024-03-01 11:17:00,IDYA,46.20000076293945,46.20000076293945,46.20500183105469,46.15999984741211,46.15999984741211,1421.0
2024-03-01 11:17:00,IGMS,13.390000343322754,13.390000343322754,13.390000343322754,13.390000343322754,13.390000343322754,752.0
2024-03-01 11:17:00,ILMN,142.13999938964844,142.13999938964844,142.13999938964844,142.13999938964844,142.13999938964844,341.0
2024-03-01 11:17:00,IMAB,1.8600000143051147,1.8600000143051147,1.8688000440597534,1.8600000143051147,1.8688000440597534,504.0
2024-03-01 11:17:00,IMCR,68.11499786376953,68.11499786376953,68.11499786376953,68.0,68.0,1024.0
2024-03-01 11:17:00,IMMP,2.319999933242798,2.319999933242798,2.319999933242798,2.319999933242798,2.319999933242798,17430.0
2024-03-01 11:17:00,IMMX,3.5100998878479004,3.5100998878479004,3.5100998878479004,3.5100998878479004,3.5100998878479004,500.0
2024-03-01 11:17:00,IMRX,6.210000038146973,6.210000038146973,6.210000038146973,6.210000038146973,6.210000038146973,927.0
2024-03-01 11:17:00,IMTX,13.145000457763672,13.145000457763672,13.149999618530273,13.130000114440918,13.130000114440918,919.0
2024-03-01 11:17:00,IMUX,1.4800000190734863,1.4800000190734863,1.480299949645996,1.4800000190734863,1.480299949645996,2099.0
2024-03-01 11:17:00,IMVT,36.26499938964844,36.26499938964844,36.26499938964844,36.26499938964844,36.26499938964844,120.0
2024-03-01 11:17:00,INBX,36.970001220703125,36.970001220703125,36.970001220703125,36.970001220703125,36.970001220703125,400.0
2024-03-01 11:17:00,INCY,59.31999969482422,59.31999969482422,59.31999969482422,59.31999969482422,59.31999969482422,402.0
2024-03-01 11:17:00,INMB,11.9350004196167,11.9350004196167,11.9350004196167,11.9350004196167,11.9350004196167,0.0
2024-03-01 11:17:00,INMD,22.8700008392334,22.8700008392334,22.8700008392334,22.8700008392334,22.8700008392334,1507.0
2024-03-01 11:17:00,INO,9.04010009765625,9.04010009765625,9.04010009765625,9.04010009765625,9.04010009765625,196.0
2024-03-01 11:17:00,INSM,28.170000076293945,28.170000076293945,28.170000076293945,28.149999618530273,28.149999618530273,805.0
2024-03-01 11:17:00,INVA,15.71500015258789,15.71500015258789,15.720000267028809,15.670000076293945,15.670000076293945,3496.0
2024-03-01 11:17:00,INZY,6.510000228881836,6.510000228881836,6.510000228881836,6.505000114440918,6.505000114440918,923.0
2024-03-01 11:17:00,IONS,45.869998931884766,45.869998931884766,45.8849983215332,45.86000061035156,45.86000061035156,2414.0
2024-03-01 11:17:00,IOVA,16.509899139404297,16.509899139404297,16.509899139404297,16.485000610351562,16.485000610351562,4156.0
2024-03-01 11:17:00,IRWD,9.029999732971191,9.029999732971191,9.039999961853027,9.029999732971191,9.03499984741211,4597.0
2024-03-01 11:17:00,ISPC,0.4350000023841858,0.4350000023841858,0.4350000023841858,0.4350000023841858,0.4350000023841858,4964.0
2024-03-01 11:17:00,ISRG,392.9150085449219,392.9150085449219,393.17999267578125,392.8699951171875,393.17999267578125,2290.0
2024-03-01 11:17:00,ITCI,71.01499938964844,71.01499938964844,71.01499938964844,71.0,71.0,322.0
2024-03-01 11:17:00,IVVD,3.979300022125244,3.979300022125244,3.979300022125244,3.979300022125244,3.979300022125244,199.0
2024-03-01 11:17:00,JAGX,0.08100000023841858,0.08100000023841858,0.08169999718666077,0.08079999685287476,0.0812000036239624,159989.0
2024-03-01 11:17:00,JANX,46.5,46.5,46.599998474121094,46.349998474121094,46.599998474121094,1821.0
2024-03-01 11:17:00,KALV,14.029999732971191,14.029999732971191,14.039999961853027,14.029999732971191,14.029999732971191,529.0
2024-03-01 11:17:00,KIDS,27.399999618530273,27.399999618530273,27.399999618530273,27.399999618530273,27.399999618530273,31077.0
2024-03-01 11:17:00,KNSA,21.8799991607666,21.8799991607666,21.90999984741211,21.8799991607666,21.90999984741211,472.0
2024-03-01 11:17:00,KNTE,2.620300054550171,2.620300054550171,2.640000104904175,2.6201000213623047,2.6201000213623047,13232.0
2024-03-01 11:17:00,KOD,6.150000095367432,6.150000095367432,6.150000095367432,6.150000095367432,6.150000095367432,599.0
2024-03-01 11:17:00,KPTI,1.2549999952316284,1.2549999952316284,1.2549999952316284,1.2450000047683716,1.2450000047683716,3438.0
2024-03-01 11:17:00,KROS,69.1449966430664,69.1449966430664,69.1500015258789,69.125,69.125,326.0
2024-03-01 11:17:00,KRTX,316.4700012207031,316.4700012207031,316.6099853515625,316.4700012207031,316.6099853515625,1045.0
2024-03-01 11:17:00,KURA,21.475000381469727,21.475000381469727,21.5,21.475000381469727,21.5,1881.0
2024-03-01 11:17:00,KYMR,44.18000030517578,44.18000030517578,44.189998626708984,44.130001068115234,44.130001068115234,833.0
2024-03-01 11:17:00,KZIA,0.23890000581741333,0.23890000581741333,0.23890000581741333,0.23890000581741333,0.23890000581741333,0.0
2024-03-01 11:17:00,KZR,1.100000023841858,1.100000023841858,1.100000023841858,1.100000023841858,1.100000023841858,0.0
2024-03-01 11:17:00,LAB,2.4149999618530273,2.4149999618530273,2.4200000762939453,2.4100000858306885,2.4100000858306885,2354.0
2024-03-01 11:17:00,LEGN,66.0,66.0,66.00499725341797,66.0,66.00499725341797,377.0
2024-03-01 11:17:00,LFMD,7.974999904632568,7.974999904632568,7.980000019073486,7.974999904632568,7.980000019073486,485.0
2024-03-01 11:17:00,LFST,8.0,8.0,8.010000228881836,8.0,8.010000228881836,5984.0
2024-03-01 11:17:00,LIFE,1.934999942779541,1.934999942779541,1.934999942779541,1.934999942779541,1.934999942779541,1048.0
2024-03-01 11:17:00,LIVN,55.19499969482422,55.19499969482422,55.19499969482422,55.19499969482422,55.19499969482422,200.0
2024-03-01 11:17:00,LQDA,14.34000015258789,14.34000015258789,14.341099739074707,14.34000015258789,14.341099739074707,573.0
2024-03-01 11:17:00,LTRN,4.7256999015808105,4.7256999015808105,4.7256999015808105,4.7256999015808105,4.7256999015808105,179.0
2024-03-01 11:17:00,LUNG,9.229999542236328,9.229999542236328,9.229999542236328,9.15999984741211,9.180000305175781,1330.0
2024-03-01 11:17:00,LVTX,3.0,3.0,3.009999990463257,2.9707999229431152,2.9707999229431152,2257.0
2024-03-01 11:17:00,LXRX,2.4205000400543213,2.4205000400543213,2.422100067138672,2.4200000762939453,2.4200000762939453,611.0
2024-03-01 11:17:00,LYEL,3.1549999713897705,3.1549999713897705,3.1593000888824463,3.1549999713897705,3.1593000888824463,1890.0
2024-03-01 11:17:00,MASS,7.434999942779541,7.434999942779541,7.434999942779541,7.434999942779541,7.434999942779541,127.0
2024-03-01 11:17:00,MBOT,1.2927000522613525,1.2927000522613525,1.2949999570846558,1.2927000522613525,1.2949999570846558,1679.0
2024-03-01 11:17:00,MCRB,1.184999942779541,1.184999942779541,1.184999942779541,1.184999942779541,1.184999942779541,105.0
2024-03-01 11:17:00,MDGL,239.59500122070312,239.59500122070312,239.59500122070312,239.59500122070312,239.59500122070312,703.0
2024-03-01 11:17:00,MDRX,5.949999809265137,5.949999809265137,5.949999809265137,5.869999885559082,5.900000095367432,101236.0
2024-03-01 11:17:00,MDXG,8.664999961853027,8.664999961853027,8.664999961853027,8.654999732971191,8.654999732971191,6269.0
2024-03-01 11:17:00,ME,0.5837000012397766,0.5837000012397766,0.5837000012397766,0.5835999846458435,0.5837000012397766,19226.0
2024-03-01 11:17:00,MEDP,400.82000732421875,400.82000732421875,400.94000244140625,400.82000732421875,400.94000244140625,25844.0
2024-03-01 11:17:00,MGNX,19.309999465942383,19.309999465942383,19.309999465942383,19.309999465942383,19.309999465942383,329.0
2024-03-01 11:17:00,MIRM,30.079999923706055,30.079999923706055,30.09000015258789,30.079999923706055,30.09000015258789,620.0
2024-03-01 11:17:00,MIST,1.690000057220459,1.690000057220459,1.6986000537872314,1.690000057220459,1.6986000537872314,0.0
2024-03-01 11:17:00,MNKD,4.639999866485596,4.639999866485596,4.639999866485596,4.625,4.625,3926.0
2024-03-01 11:17:00,MNPR,0.8100000023841858,0.8100000023841858,0.8100000023841858,0.8100000023841858,0.8100000023841858,521.0
2024-03-01 11:17:00,MODV,28.15999984741211,28.15999984741211,28.15999984741211,28.09000015258789,28.09000015258789,22092.0
2024-03-01 11:17:00,MOR,17.614999771118164,17.614999771118164,17.614999771118164,17.614999771118164,17.614999771118164,114.0
2024-03-01 11:17:00,MOVE,0.5997999906539917,0.5997999906539917,0.5997999906539917,0.593999981880188,0.593999981880188,4329.0
2024-03-01 11:17:00,MREO,3.815000057220459,3.815000057220459,3.819999933242798,3.809999942779541,3.809999942779541,2354.0
2024-03-01 11:17:00,MRNA,95.77400207519531,95.77400207519531,95.80999755859375,95.70010375976562,95.70999908447266,6012.0
2024-03-01 11:17:00,MRSN,5.900000095367432,5.900000095367432,5.900000095367432,5.880000114440918,5.880000114440918,685.0
2024-03-01 11:17:00,MRVI,7.850299835205078,7.850299835205078,7.855000019073486,7.835000038146973,7.835000038146973,1869.0
2024-03-01 11:17:00,MXCT,4.735000133514404,4.735000133514404,4.735000133514404,4.735000133514404,4.735000133514404,440.0
2024-03-01 11:17:00,MYGN,21.729999542236328,21.729999542236328,21.739999771118164,21.690000534057617,21.690000534057617,1308.0
2024-03-01 11:17:00,NAOV,0.9900000095367432,0.9900000095367432,0.9900000095367432,0.9900000095367432,0.9900000095367432,0.0
2024-03-01 11:17:00,NARI,46.41999816894531,46.41999816894531,46.429901123046875,46.290000915527344,46.429901123046875,1519.0
2024-03-01 11:17:00,NBIX,129.19000244140625,129.19000244140625,129.4499969482422,129.17999267578125,129.33999633789062,6539.0
2024-03-01 11:17:00,NEO,16.139999389648438,16.139999389648438,16.149999618530273,16.139999389648438,16.149999618530273,246.0
2024-03-01 11:17:00,NGM,1.5299999713897705,1.5299999713897705,1.5299999713897705,1.5299999713897705,1.5299999713897705,256.0
2024-03-01 11:17:00,NKTR,0.7531999945640564,0.7531999945640564,0.7531999945640564,0.7531999945640564,0.7531999945640564,444.0
2024-03-01 11:17:00,NKTX,12.569999694824219,12.569999694824219,12.619999885559082,12.56879997253418,12.56879997253418,9226.0
2024-03-01 11:17:00,NNOX,11.151000022888184,11.151000022888184,11.151000022888184,11.140199661254883,11.150899887084961,4100.0
2024-03-01 11:17:00,NRIX,13.329999923706055,13.329999923706055,13.34000015258789,13.319999694824219,13.319999694824219,372.0
2024-03-01 11:17:00,NRSN,1.976199984550476,1.976199984550476,1.9980000257492065,1.976199984550476,1.98989999294281,3410.0
2024-03-01 11:17:00,NRXP,0.43290001153945923,0.43290001153945923,0.43290001153945923,0.421999990940094,0.421999990940094,2022.0
2024-03-01 11:17:00,NTLA,33.599998474121094,33.599998474121094,33.60499954223633,33.58000183105469,33.59000015258789,2405.0
2024-03-01 11:17:00,NTRA,89.33999633789062,89.33999633789062,89.33999633789062,89.30000305175781,89.31999969482422,1306.0
2024-03-01 11:17:00,NUTX,0.11410000175237656,0.11410000175237656,0.1143999993801117,0.11410000175237656,0.1143999993801117,2339.0
2024-03-01 11:17:00,NUVL,87.9000015258789,87.9000015258789,87.9000015258789,87.9000015258789,87.9000015258789,380.0
2024-03-01 11:17:00,NUWE,0.573199987411499,0.573199987411499,0.573199987411499,0.573199987411499,0.573199987411499,234.0
2024-03-01 11:17:00,NVAX,5.15500020980835,5.15500020980835,5.170000076293945,5.144999980926514,5.144999980926514,21089.0
2024-03-01 11:17:00,NVCR,16.040000915527344,16.040000915527344,16.1299991607666,16.010000228881836,16.114999771118164,9020.0
2024-03-01 11:17:00,NVCT,10.5,10.5,10.5,10.5,10.5,2340.0
2024-03-01 11:17:00,NXTC,1.8250000476837158,1.8250000476837158,1.8250000476837158,1.8250000476837158,1.8250000476837158,120.0
2024-03-01 11:17:00,OCGN,0.9282000064849854,0.9282000064849854,0.9282000064849854,0.9282000064849854,0.9282000064849854,3001.0
2024-03-01 11:17:00,OCUL,10.489999771118164,10.489999771118164,10.489999771118164,10.486800193786621,10.486800193786621,3951.0
2024-03-01 11:17:00,OCUP,2.509999990463257,2.509999990463257,2.509999990463257,2.509999990463257,2.509999990463257,121.0
2024-03-01 11:17:00,OFIX,13.029999732971191,13.029999732971191,13.029999732971191,13.029999732971191,13.029999732971191,152.0
2024-03-01 11:17:00,OM,3.1700000762939453,3.1700000762939453,3.1700000762939453,3.1700000762939453,3.1700000762939453,333.0
2024-03-01 11:17:00,OMCL,26.5,26.5,26.5,26.489999771118164,26.489999771118164,1529.0
2024-03-01 11:17:00,OMER,4.75,4.75,4.75,4.75,4.75,1271.0
2024-03-01 11:18:00,ABIO,1.6376999616622925,1.6376999616622925,1.6376999616622925,1.6376999616622925,1.6376999616622925,808.0
2024-03-01 11:18:00,ABOS,4.695000171661377,4.695000171661377,4.695000171661377,4.695000171661377,4.695000171661377,200.0
2024-03-01 11:18:00,ABSI,5.159999847412109,5.159999847412109,5.190000057220459,5.159999847412109,5.190000057220459,2887.0
2024-03-01 11:18:00,ABUS,2.7850000858306885,2.7850000858306885,2.7850000858306885,2.7799999713897705,2.7799999713897705,4750.0
2024-03-01 11:18:00,ACAD,23.889999389648438,23.889999389648438,23.889999389648438,23.863100051879883,23.8799991607666,4109.0
2024-03-01 11:18:00,ACB,3.1438000202178955,3.1438000202178955,3.1438000202178955,3.1438000202178955,3.1438000202178955,204.0
2024-03-01 11:18:00,ACCD,10.319999694824219,10.319999694824219,10.329999923706055,10.3193998336792,10.329999923706055,1311.0
2024-03-01 11:18:00,ACET,2.4049999713897705,2.4049999713897705,2.4049999713897705,2.4049999713897705,2.4049999713897705,380.0
2024-03-01 11:18:00,ACHC,84.05999755859375,84.05999755859375,84.05999755859375,83.88999938964844,83.88999938964844,1716.0
2024-03-01 11:18:00,ACIU,3.8399999141693115,3.8399999141693115,3.8399999141693115,3.8299999237060547,3.8299999237060547,6553.0
2024-03-01 11:18:00,ACLX,67.58999633789062,67.58999633789062,67.71499633789062,67.58999633789062,67.71499633789062,1394.0
2024-03-01 11:18:00,ADIL,2.9393999576568604,2.9393999576568604,2.9567999839782715,2.930000066757202,2.950000047683716,17884.0
2024-03-01 11:18:00,ADMA,5.340000152587891,5.340000152587891,5.340000152587891,5.329999923706055,5.329999923706055,1047.0
2024-03-01 11:18:00,ADVM,1.9450000524520874,1.9450000524520874,1.9500000476837158,1.9450000524520874,1.9500000476837158,2773.0
2024-03-01 11:18:00,AFMD,0.6122999787330627,0.6122999787330627,0.6122999787330627,0.6122999787330627,0.6122999787330627,50242.0
2024-03-01 11:18:00,AGEN,0.6687999963760376,0.6687999963760376,0.6700999736785889,0.6676999926567078,0.6676999926567078,201533.0
2024-03-01 11:18:00,AGIO,32.880001068115234,32.880001068115234,32.900001525878906,32.880001068115234,32.900001525878906,565.0
2024-03-01 11:18:00,AHCO,10.869999885559082,10.869999885559082,10.895000457763672,10.869999885559082,10.895000457763672,3252.0
2024-03-01 11:18:00,AKAN,0.24500000476837158,0.24500000476837158,0.24500000476837158,0.24500000476837158,0.24500000476837158,986.0
2024-03-01 11:18:00,AKBA,1.659999966621399,1.659999966621399,1.6649999618530273,1.659999966621399,1.6649999618530273,18134.0
2024-03-01 11:18:00,AKRO,29.860000610351562,29.860000610351562,29.889999389648438,29.809999465942383,29.829999923706055,3638.0
2024-03-01 11:18:00,ALEC,7.510000228881836,7.510000228881836,7.514999866485596,7.510000228881836,7.514999866485596,352.0
2024-03-01 11:18:00,ALGN,299.9750061035156,299.9750061035156,299.9750061035156,299.9750061035156,299.9750061035156,191.0
2024-03-01 11:18:00,ALGS,1.089900016784668,1.089900016784668,1.089900016784668,1.089900016784668,1.089900016784668,915.0
2024-03-01 11:18:00,ALHC,5.880000114440918,5.880000114440918,5.880000114440918,5.880000114440918,5.880000114440918,125.0
2024-03-01 11:18:00,ALKS,30.19499969482422,30.19499969482422,30.200000762939453,30.19499969482422,30.19499969482422,1427.0
2024-03-01 11:18:00,ALLK,1.600000023841858,1.600000023841858,1.600000023841858,1.600000023841858,1.600000023841858,301.0
2024-03-01 11:18:00,ALLO,5.034999847412109,5.034999847412109,5.034999847412109,5.034999847412109,5.034999847412109,158.0
2024-03-01 11:18:00,ALNY,154.7449951171875,154.7449951171875,154.7449951171875,154.7449951171875,154.7449951171875,122.0
2024-03-01 11:18:00,ALT,12.180000305175781,12.180000305175781,12.180000305175781,12.15999984741211,12.15999984741211,7292.0
2024-03-01 11:18:00,ALXO,15.1899995803833,15.1899995803833,15.199999809265137,15.1899995803833,15.199999809265137,312.0
2024-03-01 11:18:00,AMED,93.5250015258789,93.5250015258789,93.5250015258789,93.5250015258789,93.5250015258789,200.0
2024-03-01 11:18:00,AMGN,281.1099853515625,281.1099853515625,281.1799011230469,281.07000732421875,281.1300048828125,3139.0
2024-03-01 11:18:00,AMLX,18.844999313354492,18.844999313354492,18.850000381469727,18.829999923706055,18.84000015258789,1120.0
2024-03-01 11:18:00,AMPH,46.05400085449219,46.05400085449219,46.05400085449219,45.9900016784668,46.02000045776367,1355.0
2024-03-01 11:18:00,AMRN,1.0500999689102173,1.0500999689102173,1.0549999475479126,1.0500999689102173,1.0549999475479126,8753.0
2024-03-01 11:18:00,ANGO,5.505000114440918,5.505000114440918,5.505000114440918,5.505000114440918,5.505000114440918,875.0
2024-03-01 11:18:00,ANNX,6.059999942779541,6.059999942779541,6.090000152587891,6.045000076293945,6.079999923706055,33561.0
2024-03-01 11:18:00,ANTX,2.950000047683716,2.950000047683716,2.950000047683716,2.950000047683716,2.950000047683716,503.0
2024-03-01 11:18:00,APLS,65.0199966430664,65.0199966430664,65.0199966430664,64.7699966430664,64.80999755859375,5203.0
2024-03-01 11:18:00,APLT,7.099999904632568,7.099999904632568,7.099999904632568,7.090000152587891,7.090000152587891,1262.0
2024-03-01 11:18:00,AQST,4.170000076293945,4.170000076293945,4.170000076293945,4.159999847412109,4.170000076293945,2238.0
2024-03-01 11:18:00,ARAY,2.640000104904175,2.640000104904175,2.640000104904175,2.640000104904175,2.640000104904175,301.0
2024-03-01 11:18:00,ARCT,39.564998626708984,39.564998626708984,39.564998626708984,39.54999923706055,39.54999923706055,469.0
2024-03-01 11:18:00,ARDX,9.548800468444824,9.548800468444824,9.5600004196167,9.548800468444824,9.5600004196167,2148.0
2024-03-01 11:18:00,ARGX,387.67999267578125,387.67999267578125,387.760009765625,387.67999267578125,387.760009765625,525.0
2024-03-01 11:18:00,ARQT,11.069999694824219,11.069999694824219,11.079999923706055,11.0649995803833,11.079999923706055,13920.0
2024-03-01 11:18:00,ARVN,48.9900016784668,48.9900016784668,49.209999084472656,48.9900016784668,49.119998931884766,2024.0
2024-03-01 11:18:00,ARWR,35.650001525878906,35.650001525878906,35.650001525878906,35.61000061035156,35.630001068115234,881.0
2024-03-01 11:18:00,ASLN,0.8251500129699707,0.8251500129699707,0.8251500129699707,0.8251500129699707,0.8251500129699707,0.0
2024-03-01 11:18:00,ASND,149.5449981689453,149.5449981689453,149.5449981689453,149.5,149.5,434.0
2024-03-01 11:18:00,ATEC,13.53499984741211,13.53499984741211,13.53499984741211,13.53499984741211,13.53499984741211,700.0
2024-03-01 11:18:00,ATRA,0.8098000288009644,0.8098000288009644,0.8098000288009644,0.8062000274658203,0.8062000274658203,4220.0
2024-03-01 11:18:00,ATRC,36.03499984741211,36.03499984741211,36.08000183105469,36.025001525878906,36.08000183105469,2331.0
2024-03-01 11:18:00,AUPH,5.835000038146973,5.835000038146973,5.840000152587891,5.835000038146973,5.840000152587891,468.0
2024-03-01 11:18:00,AUTL,6.235000133514404,6.235000133514404,6.235000133514404,6.230000019073486,6.235000133514404,1087.0
2024-03-01 11:18:00,AVDL,12.600000381469727,12.600000381469727,12.630000114440918,12.600000381469727,12.630000114440918,79583.0
2024-03-01 11:18:00,AVIR,4.434999942779541,4.434999942779541,4.434999942779541,4.429999828338623,4.429999828338623,3505.0
2024-03-01 11:18:00,AVXL,5.400000095367432,5.400000095367432,5.409999847412109,5.394999980926514,5.394999980926514,3215.0
2024-03-01 11:18:00,AXNX,67.33000183105469,67.33000183105469,67.33000183105469,67.33000183105469,67.33000183105469,683.0
2024-03-01 11:18:00,AXSM,83.41000366210938,83.41000366210938,83.41000366210938,83.41000366210938,83.41000366210938,156.0
2024-03-01 11:18:00,AZN,64.58000183105469,64.58000183105469,64.5999984741211,64.57499694824219,64.5999984741211,1269.0
2024-03-01 11:18:00,AZTA,66.44999694824219,66.44999694824219,66.47000122070312,66.44999694824219,66.47000122070312,431.0
2024-03-01 11:18:00,BBIO,36.119998931884766,36.119998931884766,36.13999938964844,36.09000015258789,36.13999938964844,1501.0
2024-03-01 11:18:00,BCAB,2.805000066757202,2.805000066757202,2.805000066757202,2.805000066757202,2.805000066757202,107.0
2024-03-01 11:18:00,BCDA,0.5615000128746033,0.5615000128746033,0.5688999891281128,0.554099977016449,0.5688999891281128,2100.0
2024-03-01 11:18:00,BCRX,5.84499979019165,5.84499979019165,5.860000133514404,5.840000152587891,5.860000133514404,2442.0
2024-03-01 11:18:00,BCYC,25.989999771118164,25.989999771118164,25.989999771118164,25.989999771118164,25.989999771118164,865.0
2024-03-01 11:18:00,BDTX,5.159999847412109,5.159999847412109,5.170000076293945,5.159999847412109,5.170000076293945,1231.0
2024-03-01 11:18:00,BEAM,40.290000915527344,40.290000915527344,40.41999816894531,40.2400016784668,40.41999816894531,4997.0
2024-03-01 11:18:00,BGNE,167.58999633789062,167.58999633789062,167.58999633789062,167.34500122070312,167.34500122070312,409.0
2024-03-01 11:18:00,BGXX,0.2680000066757202,0.2680000066757202,0.2680000066757202,0.2680000066757202,0.2680000066757202,16841.0
2024-03-01 11:18:00,BIIB,219.2100067138672,219.2100067138672,219.24440002441406,219.2100067138672,219.24440002441406,534.0
2024-03-01 11:18:00,BIOL,0.13860000669956207,0.13860000669956207,0.13860000669956207,0.13860000669956207,0.13860000669956207,378.0
2024-03-01 11:18:00,BIVI,2.2300000190734863,2.2300000190734863,2.240000009536743,2.18969988822937,2.199899911880493,158063.0
2024-03-01 11:18:00,BLFS,18.049999237060547,18.049999237060547,18.110000610351562,18.040000915527344,18.079999923706055,3033.0
2024-03-01 11:18:00,BLUE,1.5980000495910645,1.5980000495910645,1.600000023841858,1.5907000303268433,1.600000023841858,47185.0
2024-03-01 11:18:00,BMEA,17.959999084472656,17.959999084472656,17.96500015258789,17.93000030517578,17.96500015258789,1705.0
2024-03-01 11:18:00,BMRN,86.81500244140625,86.81500244140625,86.81500244140625,86.81500244140625,86.81500244140625,584.0
2024-03-01 11:18:00,BNGO,1.2503000497817993,1.2503000497817993,1.2549999952316284,1.2503000497817993,1.2509000301361084,2017.0
2024-03-01 11:18:00,BNOX,1.25,1.25,1.25,1.25,1.25,7446.0
2024-03-01 11:18:00,BNTX,92.05999755859375,92.05999755859375,92.05999755859375,92.05999755859375,92.05999755859375,1126.0
2024-03-01 11:18:00,BPMC,96.20999908447266,96.20999908447266,96.20999908447266,96.11000061035156,96.11000061035156,566.0
2024-03-01 11:18:00,BPTS,0.46000000834465027,0.46000000834465027,0.460099995136261,0.46000000834465027,0.460099995136261,17394.0
2024-03-01 11:18:00,CABA,24.014999389648438,24.014999389648438,24.014999389648438,24.014999389648438,24.014999389648438,354.0
2024-03-01 11:18:00,CARA,0.910099983215332,0.910099983215332,0.9150000214576721,0.9054999947547913,0.9150000214576721,4865.0
2024-03-01 11:18:00,CBAY,32.244998931884766,32.244998931884766,32.25,32.244998931884766,32.25,1063.0
2024-03-01 11:18:00,CCCC,10.970000267028809,10.970000267028809,10.970000267028809,10.954999923706055,10.963399887084961,3114.0
2024-03-01 11:18:00,CCRN,18.264999389648438,18.264999389648438,18.264999389648438,18.264999389648438,18.264999389648438,458.0
2024-03-01 11:18:00,CDMO,8.15999984741211,8.15999984741211,8.15999984741211,8.15999984741211,8.15999984741211,106.0
2024-03-01 11:18:00,CDNA,12.359999656677246,12.359999656677246,12.359999656677246,12.359999656677246,12.359999656677246,467.0
2024-03-01 11:18:00,CDXS,4.473899841308594,4.473899841308594,4.485000133514404,4.46999979019165,4.485000133514404,1571.0
2024-03-01 11:18:00,CERE,41.21500015258789,41.21500015258789,41.21500015258789,41.209999084472656,41.209999084472656,545.0
2024-03-01 11:18:00,CERS,2.2249999046325684,2.2249999046325684,2.2249999046325684,2.2249999046325684,2.2249999046325684,0.0
2024-03-01 11:18:00,CERT,17.690000534057617,17.690000534057617,17.760000228881836,17.690000534057617,17.729999542236328,14689.0
2024-03-01 11:18:00,CGC,3.2850000858306885,3.2850000858306885,3.305000066757202,3.2850000858306885,3.299999952316284,9873.0
2024-03-01 11:18:00,CGEM,18.829999923706055,18.829999923706055,18.829999923706055,18.829999923706055,18.829999923706055,300.0
2024-03-01 11:18:00,CGEN,2.68969988822937,2.68969988822937,2.690000057220459,2.68969988822937,2.6898999214172363,4904.0
2024-03-01 11:18:00,CGTX,2.049999952316284,2.049999952316284,2.049999952316284,2.049999952316284,2.049999952316284,500.0
2024-03-01 11:18:00,CHRS,2.359999895095825,2.359999895095825,2.359999895095825,2.3550000190734863,2.359999895095825,1465.0
2024-03-01 11:18:00,CKPT,2.1854000091552734,2.1854000091552734,2.190000057220459,2.180000066757202,2.190000057220459,9488.0
2024-03-01 11:18:00,CLDX,52.27000045776367,52.27000045776367,52.459999084472656,52.27000045776367,52.459999084472656,1767.0
2024-03-01 11:18:00,CLNN,0.39489999413490295,0.39489999413490295,0.39489999413490295,0.39489999413490295,0.39489999413490295,7.0
2024-03-01 11:18:00,CLOV,0.8704000115394592,0.8704000115394592,0.8723000288009644,0.8697999715805054,0.8697999715805054,4375.0
2024-03-01 11:18:00,CLPT,6.619999885559082,6.619999885559082,6.619999885559082,6.619999885559082,6.619999885559082,3375.0
2024-03-01 11:18:00,CLRB,4.110000133514404,4.110000133514404,4.110000133514404,4.090000152587891,4.090000152587891,4145.0
2024-03-01 11:18:00,CLSD,1.399999976158142,1.399999976158142,1.399999976158142,1.399999976158142,1.399999976158142,890.0
2024-03-01 11:18:00,CMPS,11.069999694824219,11.069999694824219,11.09000015258789,11.069999694824219,11.09000015258789,451.0
2024-03-01 11:18:00,CNTB,1.1699999570846558,1.1699999570846558,1.1699999570846558,1.1699999570846558,1.1699999570846558,2758.0
2024-03-01 11:18:00,COGT,7.179999828338623,7.179999828338623,7.184999942779541,7.170000076293945,7.170000076293945,676.0
2024-03-01 11:18:00,CORT,23.946199417114258,23.946199417114258,23.946199417114258,23.93000030517578,23.93000030517578,1326.0
2024-03-01 11:18:00,CPRX,17.290000915527344,17.290000915527344,17.30500030517578,17.25,17.260000228881836,3178.0
2024-03-01 11:18:00,CPSI,9.505000114440918,9.505000114440918,9.505000114440918,9.505000114440918,9.505000114440918,301.0
2024-03-01 11:18:00,CRBP,31.5,31.5,31.5,31.434999465942383,31.434999465942383,638.0
2024-03-01 11:18:00,CRBU,8.130000114440918,8.130000114440918,8.149999618530273,8.130000114440918,8.149999618530273,1531.0
2024-03-01 11:18:00,CRDF,2.450000047683716,2.450000047683716,2.619999885559082,2.390000104904175,2.6050000190734863,346976.0
2024-03-01 11:18:00,CRDL,1.9900000095367432,1.9900000095367432,1.9900000095367432,1.9900000095367432,1.9900000095367432,440.0
2024-03-01 11:18:00,CRMD,3.700000047683716,3.700000047683716,3.700000047683716,3.700000047683716,3.700000047683716,201.0
2024-03-01 11:18:00,CRNX,45.95930099487305,45.95930099487305,45.970001220703125,45.900001525878906,45.900001525878906,322.0
2024-03-01 11:18:00,CRON,2.059999942779541,2.059999942779541,2.065000057220459,2.059999942779541,2.059999942779541,9566.0
2024-03-01 11:18:00,CRSP,85.97000122070312,85.97000122070312,86.01000213623047,85.90750122070312,86.0,1644.0
2024-03-01 11:18:00,CSTL,20.08009910583496,20.08009910583496,20.08009910583496,20.08009910583496,20.08009910583496,570.0
2024-03-01 11:18:00,CTMX,2.559999942779541,2.559999942779541,2.559999942779541,2.555000066757202,2.555000066757202,647.0
2024-03-01 11:18:00,CTSO,0.9350000023841858,0.9350000023841858,0.9350000023841858,0.9350000023841858,0.9350000023841858,2218.0
2024-03-01 11:18:00,CUTR,2.4189999103546143,2.4189999103546143,2.4189999103546143,2.418600082397461,2.418600082397461,2387.0
2024-03-01 11:18:00,CVRX,20.079999923706055,20.079999923706055,20.079999923706055,20.079999923706055,20.079999923706055,156.0
2024-03-01 11:18:00,CYTK,74.26000213623047,74.26000213623047,74.26000213623047,74.26000213623047,74.26000213623047,111.0
2024-03-01 11:18:00,CYTO,2.109999895095825,2.109999895095825,2.109999895095825,2.109999895095825,2.109999895095825,1940.0
2024-03-01 11:18:00,DARE,0.5600000023841858,0.5600000023841858,0.5600000023841858,0.5600000023841858,0.5600000023841858,300.0
2024-03-01 11:18:00,DAWN,17.510000228881836,17.510000228881836,17.540000915527344,17.510000228881836,17.530000686645508,2540.0
2024-03-01 11:18:00,DCGO,4.146599769592285,4.146599769592285,4.150000095367432,4.144999980926514,4.150000095367432,1937.0
2024-03-01 11:18:00,DCPH,17.040000915527344,17.040000915527344,17.040000915527344,17.040000915527344,17.040000915527344,300.0
2024-03-01 11:18:00,DH,9.15999984741211,9.15999984741211,9.15999984741211,9.15999984741211,9.15999984741211,164.0
2024-03-01 11:18:00,DMTK,0.8450000286102295,0.8450000286102295,0.857699990272522,0.8450000286102295,0.857699990272522,1090.0
2024-03-01 11:18:00,DNLI,20.969999313354492,20.969999313354492,20.969999313354492,20.959999084472656,20.959999084472656,676.0
2024-03-01 11:18:00,DSGN,2.9000000953674316,2.9000000953674316,2.9000000953674316,2.9000000953674316,2.9000000953674316,18797.0
2024-03-01 11:18:00,DTIL,12.574999809265137,12.574999809265137,12.574999809265137,12.574999809265137,12.574999809265137,577.0
2024-03-01 11:18:00,DVAX,12.831000328063965,12.831000328063965,12.84000015258789,12.831000328063965,12.84000015258789,1604.0
2024-03-01 11:18:00,DXCM,119.22000122070312,119.22000122070312,119.33000183105469,119.20999908447266,119.2300033569336,5943.0
2024-03-01 11:18:00,DYN,28.8700008392334,28.8700008392334,28.91990089416504,28.8700008392334,28.91990089416504,1428.0
2024-03-01 11:18:00,ECOR,6.930099964141846,6.930099964141846,6.930099964141846,6.930099964141846,6.930099964141846,1186.0
2024-03-01 11:18:00,EDAP,6.783699989318848,6.783699989318848,6.783699989318848,6.783699989318848,6.783699989318848,25.0
2024-03-01 11:18:00,EDIT,10.949999809265137,10.949999809265137,11.0,10.949999809265137,11.0,4740.0
2024-03-01 11:18:00,EFTR,15.145000457763672,15.145000457763672,15.145000457763672,15.145000457763672,15.145000457763672,151.0
2024-03-01 11:18:00,ELDN,1.8499000072479248,1.8499000072479248,1.8499000072479248,1.8499000072479248,1.8499000072479248,600.0
2024-03-01 11:18:00,ELEV,4.889999866485596,4.889999866485596,4.949999809265137,4.869999885559082,4.949999809265137,3767.0
2024-03-01 11:18:00,EMBC,14.489999771118164,14.489999771118164,14.489999771118164,14.470000267028809,14.470000267028809,1279.0
2024-03-01 11:18:00,ENSG,123.95999908447266,123.95999908447266,123.98999786376953,123.95999908447266,123.98999786376953,15328.0
2024-03-01 11:18:00,ENVB,1.6399999856948853,1.6399999856948853,1.6495000123977661,1.6399999856948853,1.6495000123977661,5896.0
2024-03-01 11:18:00,EOLS,14.649999618530273,14.649999618530273,14.649999618530273,14.649999618530273,14.649999618530273,57377.0
2024-03-01 11:18:00,ERAS,2.549999952316284,2.549999952316284,2.555000066757202,2.5299999713897705,2.5299999713897705,9941.0
2024-03-01 11:18:00,ESPR,2.505000114440918,2.505000114440918,2.505000114440918,2.484999895095825,2.484999895095825,4360.0
2024-03-01 11:18:00,ESTA,45.56999969482422,45.56999969482422,45.56999969482422,45.45000076293945,45.45000076293945,1255.0
2024-03-01 11:18:00,ETNB,12.889100074768066,12.889100074768066,12.890000343322754,12.880000114440918,12.880000114440918,827.0
2024-03-01 11:18:00,EVGN,0.9225999712944031,0.9225999712944031,0.9225999712944031,0.9225999712944031,0.9225999712944031,4090.0
2024-03-01 11:18:00,EWTX,16.989599227905273,16.989599227905273,16.989599227905273,16.969999313354492,16.969999313354492,1135.0
2024-03-01 11:18:00,EXAS,60.21500015258789,60.21500015258789,60.21500015258789,60.20000076293945,60.21500015258789,864.0
2024-03-01 11:18:00,EXEL,22.450000762939453,22.450000762939453,22.459999084472656,22.440000534057617,22.459999084472656,2710.0
2024-03-01 11:18:00,EYEN,2.2701001167297363,2.2701001167297363,2.2799999713897705,2.2701001167297363,2.2799999713897705,2841.0
2024-03-01 11:18:00,EYPT,28.020000457763672,28.020000457763672,28.020000457763672,28.0,28.0,1358.0
2024-03-01 11:18:00,FATE,7.449999809265137,7.449999809265137,7.489999771118164,7.449999809265137,7.489999771118164,7930.0
2024-03-01 11:18:00,FDMT,29.184999465942383,29.184999465942383,29.184999465942383,29.145000457763672,29.170000076293945,620.0
2024-03-01 11:18:00,FEMY,1.7089999914169312,1.7089999914169312,1.7089999914169312,1.7089999914169312,1.7089999914169312,93.0
2024-03-01 11:18:00,FENC,9.739999771118164,9.739999771118164,9.739999771118164,9.729999542236328,9.739999771118164,1100.0
2024-03-01 11:18:00,FGEN,1.7301000356674194,1.7301000356674194,1.7350000143051147,1.7301000356674194,1.7350000143051147,2490.0
2024-03-01 11:18:00,FLGT,23.309999465942383,23.309999465942383,23.309999465942383,23.28499984741211,23.28499984741211,516.0
2024-03-01 11:18:00,FOLD,13.4399995803833,13.4399995803833,13.470000267028809,13.4399995803833,13.470000267028809,3543.0
2024-03-01 11:18:00,FUSN,12.100000381469727,12.100000381469727,12.130000114440918,12.100000381469727,12.114999771118164,2801.0
2024-03-01 11:18:00,GCTK,0.30000001192092896,0.30000001192092896,0.30000001192092896,0.30000001192092896,0.30000001192092896,40.0
2024-03-01 11:18:00,GDRX,8.295000076293945,8.295000076293945,8.295000076293945,8.295000076293945,8.295000076293945,293.0
2024-03-01 11:18:00,GERN,2.1649999618530273,2.1649999618530273,2.1700000762939453,2.1600000858306885,2.1700000762939453,34005.0
2024-03-01 11:18:00,GH,19.354999542236328,19.354999542236328,19.354999542236328,19.34000015258789,19.350000381469727,1197.0
2024-03-01 11:18:00,GHRS,8.84000015258789,8.84000015258789,8.84000015258789,8.84000015258789,8.84000015258789,1952.0
2024-03-01 11:18:00,GILD,72.4000015258789,72.4000015258789,72.43000030517578,72.4000015258789,72.42500305175781,3478.0
2024-03-01 11:18:00,GLYC,2.990000009536743,2.990000009536743,2.990000009536743,2.990000009536743,2.990000009536743,100.0
2024-03-01 11:18:00,GMAB,29.350000381469727,29.350000381469727,29.3700008392334,29.350000381469727,29.3700008392334,796.0
2024-03-01 11:18:00,GMDA,0.3790999948978424,0.3790999948978424,0.3799999952316284,0.3790999948978424,0.3799000084400177,1614.0
2024-03-01 11:18:00,GRFS,7.070000171661377,7.070000171661377,7.074999809265137,7.039999961853027,7.074999809265137,11099.0
2024-03-01 11:18:00,GRTS,2.220099925994873,2.220099925994873,2.247999906539917,2.220099925994873,2.2411000728607178,14481.0
2024-03-01 11:18:00,GRTX,0.2257000058889389,0.2257000058889389,0.2257000058889389,0.22550000250339508,0.22550000250339508,200.0
2024-03-01 11:18:00,GTHX,3.5399999618530273,3.5399999618530273,3.5399999618530273,3.5299999713897705,3.5399999618530273,9775.0
2024-03-01 11:18:00,HALO,41.38999938964844,41.38999938964844,41.41999816894531,41.38999938964844,41.400001525878906,2232.0
2024-03-01 11:18:00,HARP,22.934999465942383,22.934999465942383,22.934999465942383,22.93000030517578,22.93000030517578,201.0
2024-03-01 11:18:00,HCAT,7.96999979019165,7.96999979019165,7.96999979019165,7.96999979019165,7.96999979019165,321.0
2024-03-01 11:18:00,HLVX,18.71500015258789,18.71500015258789,18.829999923706055,18.71500015258789,18.829999923706055,23430.0
2024-03-01 11:18:00,HOLX,74.01000213623047,74.01000213623047,74.0250015258789,74.01000213623047,74.0199966430664,703.0
2024-03-01 11:18:00,HOWL,7.045000076293945,7.045000076293945,7.059999942779541,7.010000228881836,7.059999942779541,1470.0
2024-03-01 11:18:00,HQY,81.80000305175781,81.80000305175781,81.80000305175781,81.80000305175781,81.80000305175781,201.0
2024-03-01 11:18:00,HROW,10.819999694824219,10.819999694824219,10.819999694824219,10.819999694824219,10.819999694824219,9627.0
2024-03-01 11:18:00,HRTX,2.640000104904175,2.640000104904175,2.6500000953674316,2.640000104904175,2.6500000953674316,1543.0
2024-03-01 11:18:00,HSCS,0.11749999970197678,0.11749999970197678,0.11749999970197678,0.11749999970197678,0.11749999970197678,921.0
2024-03-01 11:18:00,HSDT,4.829999923706055,4.829999923706055,4.8846001625061035,4.829999923706055,4.849999904632568,20.0
2024-03-01 11:18:00,HSIC,76.7699966430664,76.7699966430664,76.80000305175781,76.74500274658203,76.80000305175781,867.0
2024-03-01 11:18:00,HUMA,3.244999885559082,3.244999885559082,3.2599000930786133,3.244999885559082,3.255000114440918,22448.0
2024-03-01 11:18:00,IBRX,4.880000114440918,4.880000114440918,4.880000114440918,4.880000114440918,4.880000114440918,2090.0
2024-03-01 11:18:00,ICCM,1.309999942779541,1.309999942779541,1.309999942779541,1.309999942779541,1.309999942779541,101.0
2024-03-01 11:18:00,IDYA,46.20000076293945,46.20000076293945,46.20000076293945,46.130001068115234,46.20000076293945,3810.0
2024-03-01 11:18:00,IGMS,13.390000343322754,13.390000343322754,13.390000343322754,13.390000343322754,13.390000343322754,20026.0
2024-03-01 11:18:00,ILMN,141.94000244140625,141.94000244140625,141.9600067138672,141.8699951171875,141.9600067138672,1255.0
2024-03-01 11:18:00,IMCC,0.3296000063419342,0.3296000063419342,0.3296000063419342,0.3296000063419342,0.3296000063419342,5009.0
2024-03-01 11:18:00,IMCR,68.13749694824219,68.13749694824219,68.1500015258789,68.11000061035156,68.11000061035156,455.0
2024-03-01 11:18:00,IMNM,25.389999389648438,25.389999389648438,25.440000534057617,25.350000381469727,25.350000381469727,1670.0
2024-03-01 11:18:00,IMRN,1.6699999570846558,1.6699999570846558,1.6699999570846558,1.6699999570846558,1.6699999570846558,321.0
2024-03-01 11:18:00,IMRX,6.210000038146973,6.210000038146973,6.235000133514404,6.210000038146973,6.235000133514404,212.0
2024-03-01 11:18:00,IMTX,13.149999618530273,13.149999618530273,13.149999618530273,13.149999618530273,13.149999618530273,253.0
2024-03-01 11:18:00,IMVT,36.310001373291016,36.310001373291016,36.310001373291016,36.29999923706055,36.29999923706055,549.0
2024-03-01 11:18:00,INAB,1.090000033378601,1.090000033378601,1.090000033378601,1.090000033378601,1.090000033378601,1900.0
2024-03-01 11:18:00,INBX,36.95000076293945,36.95000076293945,36.95000076293945,36.95000076293945,36.95000076293945,160.0
2024-03-01 11:18:00,INCY,59.25,59.25,59.279998779296875,59.25,59.279998779296875,2270.0
2024-03-01 11:18:00,INGN,6.829999923706055,6.829999923706055,6.829999923706055,6.820000171661377,6.820000171661377,8339.0
2024-03-01 11:18:00,INMB,11.944999694824219,11.944999694824219,11.944999694824219,11.944999694824219,11.944999694824219,546.0
2024-03-01 11:18:00,INMD,22.8700008392334,22.8700008392334,22.899999618530273,22.8700008392334,22.899999618530273,3922.0
2024-03-01 11:18:00,INSM,28.06999969482422,28.06999969482422,28.1299991607666,28.06999969482422,28.1299991607666,3633.0
2024-03-01 11:18:00,INZY,6.5,6.5,6.510000228881836,6.5,6.510000228881836,587.0
2024-03-01 11:18:00,IONS,45.86000061035156,45.86000061035156,45.86000061035156,45.86000061035156,45.86000061035156,590.0
2024-03-01 11:18:00,IOVA,16.48590087890625,16.48590087890625,16.510000228881836,16.485000610351562,16.500099182128906,5044.0
2024-03-01 11:18:00,IRWD,9.024999618530273,9.024999618530273,9.039999961853027,9.024999618530273,9.03499984741211,6381.0
2024-03-01 11:18:00,ISRG,392.75,392.75,393.010009765625,392.6600036621094,393.010009765625,11633.0
2024-03-01 11:18:00,ITCI,70.9800033569336,70.9800033569336,70.9800033569336,70.95999908447266,70.95999908447266,568.0
2024-03-01 11:18:00,IVA,3.823699951171875,3.823699951171875,3.823699951171875,3.823699951171875,3.823699951171875,226.0
2024-03-01 11:18:00,IVVD,3.9749999046325684,3.9749999046325684,3.9800000190734863,3.9749999046325684,3.9800000190734863,668.0
2024-03-01 11:18:00,JAGX,0.08009999990463257,0.08009999990463257,0.08100000023841858,0.07999999821186066,0.08079999685287476,574123.0
2024-03-01 11:18:00,JANX,46.5,46.5,46.5,46.38249969482422,46.407501220703125,1671.0
2024-03-01 11:18:00,JSPR,20.889999389648438,20.889999389648438,20.889999389648438,20.8799991607666,20.8799991607666,4337.0
2024-03-01 11:18:00,KOD,6.150000095367432,6.150000095367432,6.150000095367432,6.150000095367432,6.150000095367432,667.0
2024-03-01 11:18:00,KPTI,1.249400019645691,1.249400019645691,1.2599999904632568,1.249400019645691,1.2599999904632568,4632.0
2024-03-01 11:18:00,KRBP,2.385999917984009,2.385999917984009,2.385999917984009,2.385999917984009,2.385999917984009,271.0
2024-03-01 11:18:00,KROS,69.13999938964844,69.13999938964844,69.13999938964844,69.13999938964844,69.13999938964844,245.0
2024-03-01 11:18:00,KRYS,167.7899932861328,167.7899932861328,167.7899932861328,167.7899932861328,167.7899932861328,242.0
2024-03-01 11:18:00,KURA,21.469999313354492,21.469999313354492,21.469999313354492,21.469999313354492,21.469999313354492,193.0
2024-03-01 11:18:00,KYMR,44.17499923706055,44.17499923706055,44.17499923706055,44.17499923706055,44.17499923706055,201.0
2024-03-01 11:18:00,KZIA,0.2361000031232834,0.2361000031232834,0.2361000031232834,0.2361000031232834,0.2361000031232834,180190.0
2024-03-01 11:18:00,KZR,1.1050000190734863,1.1050000190734863,1.1050000190734863,1.1050000190734863,1.1050000190734863,500.0
2024-03-01 11:18:00,LAB,2.4200000762939453,2.4200000762939453,2.4200000762939453,2.4200000762939453,2.4200000762939453,700.0
2024-03-01 11:18:00,LEGN,65.91000366210938,65.91000366210938,66.00499725341797,65.91000366210938,66.00499725341797,1060.0
2024-03-01 11:18:00,LEXX,2.691999912261963,2.691999912261963,2.70989990234375,2.691999912261963,2.70989990234375,500.0
2024-03-01 11:18:00,LFST,7.989999771118164,7.989999771118164,7.989999771118164,7.989999771118164,7.989999771118164,508.0
2024-03-01 11:18:00,LIVN,55.154998779296875,55.154998779296875,55.154998779296875,55.154998779296875,55.154998779296875,100.0
2024-03-01 11:18:00,LNTH,65.49500274658203,65.49500274658203,65.5,65.49500274658203,65.5,1280.0
2024-03-01 11:18:00,LRMR,11.095000267028809,11.095000267028809,11.100000381469727,11.039999961853027,11.100000381469727,500.0
2024-03-01 11:18:00,LUNG,9.1899995803833,9.1899995803833,9.220000267028809,9.1899995803833,9.220000267028809,833.0
2024-03-01 11:18:00,LVTX,2.977400064468384,2.977400064468384,2.990000009536743,2.977400064468384,2.984999895095825,2099.0
2024-03-01 11:18:00,LXRX,2.4149999618530273,2.4149999618530273,2.4200000762939453,2.4149999618530273,2.4200000762939453,4294.0
2024-03-01 11:18:00,LYEL,3.1500000953674316,3.1500000953674316,3.150099992752075,3.1500000953674316,3.150099992752075,813.0
2024-03-01 11:18:00,MASS,7.420000076293945,7.420000076293945,7.429999828338623,7.420000076293945,7.429999828338623,212.0
2024-03-01 11:18:00,MCRB,1.184999942779541,1.184999942779541,1.184999942779541,1.1799999475479126,1.1799999475479126,254.0
2024-03-01 11:18:00,MDRX,5.900000095367432,5.900000095367432,5.949999809265137,5.900000095367432,5.900000095367432,13270.0
2024-03-01 11:18:00,MDXG,8.654999732971191,8.654999732971191,8.664999961853027,8.652999877929688,8.664999961853027,3921.0
2024-03-01 11:18:00,ME,0.5889999866485596,0.5889999866485596,0.5889999866485596,0.5837000012397766,0.5837000012397766,16400.0
2024-03-01 11:18:00,MGNX,19.239999771118164,19.239999771118164,19.347999572753906,19.239999771118164,19.347999572753906,2095.0
2024-03-01 11:18:00,MGTX,6.300000190734863,6.300000190734863,6.300000190734863,6.300000190734863,6.300000190734863,200.0
2024-03-01 11:18:00,MLTX,51.97999954223633,51.97999954223633,51.97999954223633,51.97999954223633,51.97999954223633,395.0
2024-03-01 11:18:00,MMSI,76.02999877929688,76.02999877929688,76.02999877929688,76.02999877929688,76.02999877929688,113.0
2024-03-01 11:18:00,MNKD,4.635000228881836,4.635000228881836,4.635000228881836,4.635000228881836,4.635000228881836,435.0
2024-03-01 11:18:00,MNMD,5.920000076293945,5.920000076293945,5.920000076293945,5.910099983215332,5.910099983215332,1139.0
2024-03-01 11:18:00,MNPR,0.8100000023841858,0.8100000023841858,0.8100000023841858,0.8100000023841858,0.8100000023841858,256.0
2024-03-01 11:18:00,MORF,38.720001220703125,38.720001220703125,38.720001220703125,38.720001220703125,38.720001220703125,273.0
2024-03-01 11:18:00,MRNA,95.625,95.625,95.80000305175781,95.58000183105469,95.78820037841797,11850.0
2024-03-01 11:18:00,MRNS,9.84000015258789,9.84000015258789,9.84000015258789,9.84000015258789,9.84000015258789,200.0
2024-03-01 11:18:00,MRSN,5.894999980926514,5.894999980926514,5.899899959564209,5.889999866485596,5.899899959564209,1539.0
2024-03-01 11:18:00,MRUS,50.4900016784668,50.4900016784668,50.4900016784668,50.4900016784668,50.4900016784668,476.0
2024-03-01 11:18:00,MRVI,7.84499979019165,7.84499979019165,7.855000019073486,7.840000152587891,7.855000019073486,783.0
2024-03-01 11:18:00,MYGN,21.670000076293945,21.670000076293945,21.68000030517578,21.670000076293945,21.68000030517578,381.0
2024-03-01 11:18:00,NBIX,129.14999389648438,129.14999389648438,129.27000427246094,129.14999389648438,129.27000427246094,2515.0
2024-03-01 11:18:00,NEO,16.110000610351562,16.110000610351562,16.1200008392334,16.110000610351562,16.1200008392334,850.0
2024-03-01 11:18:00,NEOG,17.31999969482422,17.31999969482422,17.325000762939453,17.31999969482422,17.325000762939453,322.0
2024-03-01 11:18:00,NERV,2.509999990463257,2.509999990463257,2.509999990463257,2.509999990463257,2.509999990463257,202.0
2024-03-01 11:18:00,NKTR,0.7563999891281128,0.7563999891281128,0.7563999891281128,0.7531999945640564,0.7531999945640564,500.0
2024-03-01 11:18:00,NKTX,12.579999923706055,12.579999923706055,12.640000343322754,12.579999923706055,12.640000343322754,6620.0
2024-03-01 11:18:00,NNOX,11.104999542236328,11.104999542236328,11.130000114440918,11.095399856567383,11.130000114440918,1128.0
2024-03-01 11:18:00,NRBO,5.644100189208984,5.644100189208984,5.644100189208984,5.644100189208984,5.644100189208984,261.0
2024-03-01 11:18:00,NRIX,13.34000015258789,13.34000015258789,13.34000015258789,13.324999809265137,13.324999809265137,2156.0
2024-03-01 11:18:00,NRSN,1.9981000423431396,1.9981000423431396,1.9981000423431396,1.9981000423431396,1.9981000423431396,900.0
2024-03-01 11:18:00,NTLA,33.529998779296875,33.529998779296875,33.56999969482422,33.529998779296875,33.56999969482422,3086.0
2024-03-01 11:18:00,NTRA,89.42500305175781,89.42500305175781,89.42500305175781,89.33999633789062,89.33999633789062,6391.0
2024-03-01 11:18:00,NVAX,5.150000095367432,5.150000095367432,5.159999847412109,5.144000053405762,5.15500020980835,14143.0
2024-03-01 11:18:00,NVCR,16.030000686645508,16.030000686645508,16.045000076293945,16.030000686645508,16.045000076293945,721.0
2024-03-01 11:18:00,NVNO,6.485000133514404,6.485000133514404,6.485000133514404,6.470099925994873,6.470099925994873,475.0
2024-03-01 11:18:00,NXTC,1.8250000476837158,1.8250000476837158,1.8250000476837158,1.809999942779541,1.8250000476837158,2600.0
2024-03-01 11:18:00,NYXH,14.520000457763672,14.520000457763672,14.520000457763672,14.520000457763672,14.520000457763672,1000.0
2024-03-01 11:18:00,OCGN,0.9291999936103821,0.9291999936103821,0.9293000102043152,0.9265999794006348,0.9265999794006348,817.0
2024-03-01 11:18:00,OCUL,10.449999809265137,10.449999809265137,10.49020004272461,10.449999809265137,10.489999771118164,2854.0
2024-03-01 11:18:00,OCUP,2.490000009536743,2.490000009536743,2.509999990463257,2.490000009536743,2.5,13524.0
2024-03-01 11:18:00,OFIX,13.039999961853027,13.039999961853027,13.039999961853027,13.039999961853027,13.039999961853027,1128.0
2024-03-01 11:18:00,OGI,2.125,2.125,2.125,2.125,2.125,1088.0
2024-03-01 11:18:00,OLK,22.649999618530273,22.649999618530273,22.649999618530273,22.635000228881836,22.635000228881836,1593.0
2024-03-01 11:18:00,OLMA,13.0600004196167,13.0600004196167,13.0600004196167,13.0600004196167,13.0600004196167,780.0
2024-03-01 11:18:00,OM,3.1600000858306885,3.1600000858306885,3.170099973678589,3.1600000858306885,3.170099973678589,5197.0
2024-03-01 11:18:00,OMER,4.739999771118164,4.739999771118164,4.739999771118164,4.739999771118164,4.739999771118164,664.0
2024-03-01 11:18:00,OMGA,4.23960018157959,4.23960018157959,4.239999771118164,4.23960018157959,4.239999771118164,488.0
2024-03-01 11:18:00,ONCY,1.1200000047683716,1.1200000047683716,1.1200000047683716,1.1200000047683716,1.1200000047683716,47491.0
2024-03-01 11:19:00,ABCL,5.190000057220459,5.190000057220459,5.190000057220459,5.190000057220459,5.190000057220459,1262.0
2024-03-01 11:19:00,ABEO,7.510000228881836,7.510000228881836,7.539899826049805,7.489999771118164,7.539899826049805,10307.0
2024-03-01 11:19:00,ABOS,4.679999828338623,4.679999828338623,4.690299987792969,4.679999828338623,4.690299987792969,2305.0
2024-03-01 11:19:00,ABSI,5.150000095367432,5.150000095367432,5.150000095367432,5.150000095367432,5.150000095367432,238.0
2024-03-01 11:19:00,ACAD,23.897600173950195,23.897600173950195,23.897600173950195,23.897600173950195,23.897600173950195,348.0
2024-03-01 11:19:00,ACB,3.125,3.125,3.130000114440918,3.125,3.130000114440918,881.0
2024-03-01 11:19:00,ACCD,10.319999694824219,10.319999694824219,10.319999694824219,10.289999961853027,10.3100004196167,1584.0
2024-03-01 11:19:00,ACET,2.4049999713897705,2.4049999713897705,2.4049999713897705,2.4049999713897705,2.4049999713897705,499.0
2024-03-01 11:19:00,ACHC,84.09500122070312,84.09500122070312,84.09500122070312,84.09500122070312,84.09500122070312,292.0
2024-03-01 11:19:00,ACLX,67.6050033569336,67.6050033569336,67.6050033569336,67.6050033569336,67.6050033569336,1891.0
2024-03-01 11:19:00,ACRS,1.218000054359436,1.218000054359436,1.218000054359436,1.218000054359436,1.218000054359436,421.0
2024-03-01 11:19:00,ADAP,1.600000023841858,1.600000023841858,1.600000023841858,1.5700000524520874,1.5799000263214111,29760.0
2024-03-01 11:19:00,ADIL,2.9000000953674316,2.9000000953674316,2.940000057220459,2.859999895095825,2.930000066757202,88802.0
2024-03-01 11:19:00,ADMA,5.339900016784668,5.339900016784668,5.339900016784668,5.329999923706055,5.335000038146973,2204.0
2024-03-01 11:19:00,ADTX,3.460099935531616,3.460099935531616,3.460099935531616,3.460099935531616,3.460099935531616,2109.0
2024-03-01 11:19:00,ADVM,1.9500000476837158,1.9500000476837158,1.9500000476837158,1.9450000524520874,1.9500000476837158,400.0
2024-03-01 11:19:00,AGEN,0.6700000166893005,0.6700000166893005,0.6700000166893005,0.6694999933242798,0.6694999933242798,0.0
2024-03-01 11:19:00,AHCO,10.875,10.875,10.875,10.869999885559082,10.869999885559082,565.0
2024-03-01 11:19:00,AKAN,0.23999999463558197,0.23999999463558197,0.24250000715255737,0.23999999463558197,0.24250000715255737,1238.0
2024-03-01 11:19:00,AKBA,1.6649999618530273,1.6649999618530273,1.6649999618530273,1.6549999713897705,1.659999966621399,13898.0
2024-03-01 11:19:00,AKRO,29.690000534057617,29.690000534057617,29.8700008392334,29.690000534057617,29.860000610351562,5271.0
2024-03-01 11:19:00,ALDX,4.174699783325195,4.174699783325195,4.179999828338623,4.174699783325195,4.179999828338623,2637.0
2024-03-01 11:19:00,ALEC,7.510000228881836,7.510000228881836,7.510000228881836,7.510000228881836,7.510000228881836,1046.0
2024-03-01 11:19:00,ALGN,299.67999267578125,299.67999267578125,299.67999267578125,299.67999267578125,299.67999267578125,933.0
2024-03-01 11:19:00,ALGS,1.0866999626159668,1.0866999626159668,1.0866999626159668,1.0866999626159668,1.0866999626159668,2000.0
2024-03-01 11:19:00,ALHC,5.880000114440918,5.880000114440918,5.889999866485596,5.880000114440918,5.880000114440918,28438.0
2024-03-01 11:19:00,ALKS,30.19499969482422,30.19499969482422,30.19499969482422,30.19499969482422,30.19499969482422,300.0
2024-03-01 11:19:00,ALLK,1.600000023841858,1.600000023841858,1.600000023841858,1.5902999639511108,1.600000023841858,887.0
2024-03-01 11:19:00,ALLO,5.039999961853027,5.039999961853027,5.039999961853027,5.034999847412109,5.034999847412109,6127.0
2024-03-01 11:19:00,ALPN,36.29010009765625,36.29010009765625,36.29010009765625,36.16999816894531,36.16999816894531,2294.0
2024-03-01 11:19:00,ALT,12.1899995803833,12.1899995803833,12.1899995803833,12.180000305175781,12.180100440979004,1893.0
2024-03-01 11:19:00,AMED,93.5199966430664,93.5199966430664,93.58999633789062,93.5199966430664,93.58999633789062,429.0
2024-03-01 11:19:00,AMGN,281.17999267578125,281.17999267578125,281.17999267578125,281.1099853515625,281.13641357421875,1801.0
2024-03-01 11:19:00,AMLX,18.885000228881836,18.885000228881836,18.885000228881836,18.84000015258789,18.84000015258789,3488.0
2024-03-01 11:19:00,AMRN,1.0514999628067017,1.0514999628067017,1.059999942779541,1.0499999523162842,1.0598000288009644,29091.0
2024-03-01 11:19:00,ANNX,6.03000020980835,6.03000020980835,6.059999942779541,6.010000228881836,6.050000190734863,55441.0
2024-03-01 11:19:00,ANTX,2.9739999771118164,2.9739999771118164,2.9739999771118164,2.9600000381469727,2.9600000381469727,454.0
2024-03-01 11:19:00,APLS,65.0,65.0,65.1500015258789,65.0,65.0199966430664,27540.0
2024-03-01 11:19:00,APLT,7.100100040435791,7.100100040435791,7.110000133514404,7.100100040435791,7.105000019073486,3000.0
2024-03-01 11:19:00,AQST,4.168099880218506,4.168099880218506,4.178999900817871,4.159999847412109,4.178999900817871,5462.0
2024-03-01 11:19:00,ARAY,2.640000104904175,2.640000104904175,2.640000104904175,2.640000104904175,2.640000104904175,613.0
2024-03-01 11:19:00,ARCT,39.63249969482422,39.63249969482422,39.650001525878906,39.63249969482422,39.650001525878906,379.0
2024-03-01 11:19:00,ARDX,9.5600004196167,9.5600004196167,9.574999809265137,9.550000190734863,9.550000190734863,5855.0
2024-03-01 11:19:00,ARGX,387.4700012207031,387.4700012207031,387.4700012207031,387.4700012207031,387.4700012207031,349.0
2024-03-01 11:19:00,ARQT,11.050000190734863,11.050000190734863,11.074999809265137,11.042499542236328,11.0649995803833,11293.0
2024-03-01 11:19:00,ARVN,48.91999816894531,48.91999816894531,49.02000045776367,48.83000183105469,49.02000045776367,1370.0
2024-03-01 11:19:00,ARWR,35.689998626708984,35.689998626708984,35.689998626708984,35.6150016784668,35.6150016784668,2612.0
2024-03-01 11:19:00,ASRT,0.9199000000953674,0.9199000000953674,0.9200000166893005,0.910099983215332,0.9200000166893005,1326.0
2024-03-01 11:19:00,ATAI,2.005000114440918,2.005000114440918,2.005000114440918,2.005000114440918,2.005000114440918,1733.0
2024-03-01 11:19:00,ATEC,13.539999961853027,13.539999961853027,13.539999961853027,13.529999732971191,13.53499984741211,4548.0
2024-03-01 11:19:00,ATHA,4.0,4.0,4.0,4.0,4.0,177.0
2024-03-01 11:19:00,ATRA,0.8098999857902527,0.8098999857902527,0.8100000023841858,0.8098000288009644,0.8098000288009644,1700.0
2024-03-01 11:19:00,ATXS,15.149999618530273,15.149999618530273,15.220000267028809,15.109999656677246,15.220000267028809,74173.0
2024-03-01 11:19:00,AUGX,4.570000171661377,4.570000171661377,4.570000171661377,4.570000171661377,4.570000171661377,404.0
2024-03-01 11:19:00,AUPH,5.835000038146973,5.835000038146973,5.835000038146973,5.835000038146973,5.835000038146973,788.0
2024-03-01 11:19:00,AUTL,6.224999904632568,6.224999904632568,6.230000019073486,6.21999979019165,6.230000019073486,460.0
2024-03-01 11:19:00,AVDL,12.600000381469727,12.600000381469727,12.609999656677246,12.600000381469727,12.600000381469727,11779.0
2024-03-01 11:19:00,AVTE,23.299999237060547,23.299999237060547,23.299999237060547,23.299999237060547,23.299999237060547,285.0
2024-03-01 11:19:00,AVXL,5.40500020980835,5.40500020980835,5.40500020980835,5.389999866485596,5.389999866485596,3220.0
2024-03-01 11:19:00,AWH,4.264999866485596,4.264999866485596,4.264999866485596,4.177499771118164,4.177499771118164,5335.0
2024-03-01 11:19:00,AXNX,67.30000305175781,67.30000305175781,67.31999969482422,67.30000305175781,67.30999755859375,845.0
2024-03-01 11:19:00,AXSM,83.33000183105469,83.33000183105469,83.33000183105469,83.33000183105469,83.33000183105469,484.0
2024-03-01 11:19:00,AZN,64.5999984741211,64.5999984741211,64.5999984741211,64.58000183105469,64.58989715576172,3719.0
2024-03-01 11:19:00,AZTA,66.43000030517578,66.43000030517578,66.43000030517578,66.43000030517578,66.43000030517578,508.0
2024-03-01 11:19:00,BBIO,36.09000015258789,36.09000015258789,36.10499954223633,36.09000015258789,36.099998474121094,3046.0
2024-03-01 11:19:00,BCDA,0.5615000128746033,0.5615000128746033,0.5615000128746033,0.5615000128746033,0.5615000128746033,1.0
2024-03-01 11:19:00,BCRX,5.84499979019165,5.84499979019165,5.84499979019165,5.841300010681152,5.84499979019165,538.0
2024-03-01 11:19:00,BDTX,5.130000114440918,5.130000114440918,5.170000076293945,5.130000114440918,5.170000076293945,4650.0
2024-03-01 11:19:00,BEAM,40.29999923706055,40.29999923706055,40.29999923706055,40.22999954223633,40.2400016784668,2207.0
2024-03-01 11:19:00,BEAT,1.4800000190734863,1.4800000190734863,1.4800000190734863,1.4800000190734863,1.4800000190734863,5523.0
2024-03-01 11:19:00,BGNE,167.19000244140625,167.19000244140625,167.19000244140625,167.19000244140625,167.19000244140625,155.0
2024-03-01 11:19:00,BIIB,219.23500061035156,219.23500061035156,219.32000732421875,219.16000366210938,219.16000366210938,2425.0
2024-03-01 11:19:00,BIVI,2.25,2.25,2.2799999713897705,2.2300000190734863,2.2360999584198,120677.0
2024-03-01 11:19:00,BLRX,1.350000023841858,1.350000023841858,1.3600000143051147,1.350000023841858,1.3600000143051147,48462.0
2024-03-01 11:19:00,BLUE,1.5996999740600586,1.5996999740600586,1.600000023841858,1.5901000499725342,1.600000023841858,20627.0
2024-03-01 11:19:00,BMEA,18.020000457763672,18.020000457763672,18.020000457763672,17.969999313354492,17.969999313354492,1055.0
2024-03-01 11:19:00,BMRN,86.8499984741211,86.8499984741211,86.8499984741211,86.81500244140625,86.81500244140625,2624.0
2024-03-01 11:19:00,BNGO,1.25,1.25,1.25,1.25,1.25,465.0
2024-03-01 11:19:00,BNTC,5.085000038146973,5.085000038146973,5.085000038146973,5.085000038146973,5.085000038146973,8851.0
2024-03-01 11:19:00,BNTX,91.94000244140625,91.94000244140625,92.0,91.87999725341797,91.97000122070312,3233.0
2024-03-01 11:19:00,BPMC,96.5199966430664,96.5199966430664,96.58999633789062,96.29000091552734,96.29000091552734,1856.0
2024-03-01 11:19:00,BRKR,87.87000274658203,87.87000274658203,87.9000015258789,87.87000274658203,87.9000015258789,979.0
2024-03-01 11:19:00,BRTX,1.51010000705719,1.51010000705719,1.5103000402450562,1.5099999904632568,1.5099999904632568,1656.0
2024-03-01 11:19:00,BTAI,3.265000104904175,3.265000104904175,3.265000104904175,3.261199951171875,3.261199951171875,1619.0
2024-03-01 11:19:00,BTMD,6.025199890136719,6.025199890136719,6.025199890136719,6.025199890136719,6.025199890136719,342.0
2024-03-01 11:19:00,BTTX,0.16760000586509705,0.16760000586509705,0.16760000586509705,0.16760000586509705,0.16760000586509705,1512.0
2024-03-01 11:19:00,BYSI,1.4700000286102295,1.4700000286102295,1.476699948310852,1.4700000286102295,1.476699948310852,10729.0
2024-03-01 11:19:00,CABA,24.020000457763672,24.020000457763672,24.030000686645508,24.0,24.0049991607666,2613.0
2024-03-01 11:19:00,CBAY,32.244998931884766,32.244998931884766,32.25,32.2400016784668,32.244998931884766,2363.0
2024-03-01 11:19:00,CCCC,10.960000038146973,10.960000038146973,10.979999542236328,10.960000038146973,10.979999542236328,858.0
2024-03-01 11:19:00,CDMO,8.15999984741211,8.15999984741211,8.164999961853027,8.149999618530273,8.164999961853027,2370.0
2024-03-01 11:19:00,CDNA,12.369999885559082,12.369999885559082,12.369999885559082,12.35949993133545,12.35949993133545,857.0
2024-03-01 11:19:00,CDTX,0.7253000140190125,0.7253000140190125,0.7253000140190125,0.7247999906539917,0.7247999906539917,800.0
2024-03-01 11:19:00,CDXS,4.4604997634887695,4.4604997634887695,4.465000152587891,4.4604997634887695,4.465000152587891,312.0
2024-03-01 11:19:00,CERE,41.20000076293945,41.20000076293945,41.21500015258789,41.20000076293945,41.21500015258789,810.0
2024-03-01 11:19:00,CERS,2.2300000190734863,2.2300000190734863,2.2300000190734863,2.2300000190734863,2.2300000190734863,0.0
2024-03-01 11:19:00,CERT,17.68000030517578,17.68000030517578,17.690000534057617,17.610000610351562,17.65999984741211,2241.0
2024-03-01 11:19:00,CGC,3.2850000858306885,3.2850000858306885,3.285399913787842,3.2799999713897705,3.2799999713897705,12886.0
2024-03-01 11:19:00,CGEM,18.81999969482422,18.81999969482422,18.84000015258789,18.81999969482422,18.84000015258789,429.0
2024-03-01 11:19:00,CGEN,2.6895999908447266,2.6895999908447266,2.6895999908447266,2.6895999908447266,2.6895999908447266,1137.0
2024-03-01 11:19:00,CHRS,2.3550000190734863,2.3550000190734863,2.3550000190734863,2.3550000190734863,2.3550000190734863,298.0
2024-03-01 11:19:00,CING,1.3499000072479248,1.3499000072479248,1.3499000072479248,1.3499000072479248,1.3499000072479248,4106.0
2024-03-01 11:19:00,CKPT,2.180799961090088,2.180799961090088,2.180799961090088,2.180799961090088,2.180799961090088,203.0
2024-03-01 11:19:00,CLDX,52.43000030517578,52.43000030517578,52.43000030517578,52.36000061035156,52.36000061035156,1633.0
2024-03-01 11:19:00,CLOV,0.8708000183105469,0.8708000183105469,0.8723000288009644,0.8705000281333923,0.8723000288009644,18003.0
2024-03-01 11:19:00,CLPT,6.650000095367432,6.650000095367432,6.659999847412109,6.650000095367432,6.650000095367432,500.0
2024-03-01 11:19:00,CLRB,4.119999885559082,4.119999885559082,4.119999885559082,4.119999885559082,4.119999885559082,200.0
2024-03-01 11:19:00,CLSD,1.3809000253677368,1.3809000253677368,1.3809000253677368,1.3809000253677368,1.3809000253677368,4379.0
2024-03-01 11:19:00,CMPS,11.0600004196167,11.0600004196167,11.0600004196167,11.0600004196167,11.0600004196167,102.0
2024-03-01 11:19:00,CMRA,0.041999999433755875,0.041999999433755875,0.041999999433755875,0.041999999433755875,0.041999999433755875,200.0
2024-03-01 11:19:00,CNSP,0.3100000023841858,0.3100000023841858,0.3100000023841858,0.3100000023841858,0.3100000023841858,4716.0
2024-03-01 11:19:00,CNTA,10.520000457763672,10.520000457763672,10.609999656677246,10.510000228881836,10.607500076293945,25476.0
2024-03-01 11:19:00,COGT,7.21999979019165,7.21999979019165,7.21999979019165,7.179999828338623,7.179999828338623,14537.0
2024-03-01 11:19:00,CORT,23.940000534057617,23.940000534057617,23.949899673461914,23.940000534057617,23.949899673461914,524.0
2024-03-01 11:19:00,CPRX,17.280000686645508,17.280000686645508,17.29800033569336,17.280000686645508,17.29800033569336,1513.0
2024-03-01 11:19:00,CPSI,9.494999885559082,9.494999885559082,9.500900268554688,9.489999771118164,9.5,4364.0
2024-03-01 11:19:00,CRBU,8.119999885559082,8.119999885559082,8.119999885559082,8.104999542236328,8.109999656677246,3107.0
2024-03-01 11:19:00,CRDF,2.452500104904175,2.452500104904175,2.5,2.430000066757202,2.450000047683716,107850.0
2024-03-01 11:19:00,CRDL,1.9651000499725342,1.9651000499725342,1.9651000499725342,1.9651000499725342,1.9651000499725342,2000.0
2024-03-01 11:19:00,CRMD,3.7039999961853027,3.7039999961853027,3.7039999961853027,3.7039999961853027,3.7039999961853027,200.0
2024-03-01 11:19:00,CRNX,46.08000183105469,46.08000183105469,46.11000061035156,45.95000076293945,46.0,3031.0
2024-03-01 11:19:00,CRON,2.065000057220459,2.065000057220459,2.0699000358581543,2.0601000785827637,2.0601000785827637,3462.0
2024-03-01 11:19:00,CRSP,85.98500061035156,85.98500061035156,86.0,85.9000015258789,85.94200134277344,1302.0
2024-03-01 11:19:00,CSTL,20.030000686645508,20.030000686645508,20.084999084472656,20.030000686645508,20.08139991760254,1604.0
2024-03-01 11:19:00,CTKB,8.489999771118164,8.489999771118164,8.489999771118164,8.460000038146973,8.460000038146973,1168.0
2024-03-01 11:19:00,CTMX,2.565000057220459,2.565000057220459,2.569999933242798,2.555000066757202,2.555000066757202,10105.0
2024-03-01 11:19:00,CTXR,0.7849000096321106,0.7849000096321106,0.7849000096321106,0.7849000096321106,0.7849000096321106,400.0
2024-03-01 11:19:00,CUTR,2.4600000381469727,2.4600000381469727,2.4600000381469727,2.4001998901367188,2.4198999404907227,12063.0
2024-03-01 11:19:00,CVAC,3.4609999656677246,3.4609999656677246,3.4609999656677246,3.4609999656677246,3.4609999656677246,167.0
2024-03-01 11:19:00,CYTK,74.27999877929688,74.27999877929688,74.27999877929688,74.27999877929688,74.27999877929688,107.0
2024-03-01 11:19:00,DAWN,17.530000686645508,17.530000686645508,17.530000686645508,17.530000686645508,17.530000686645508,271.0
2024-03-01 11:19:00,DCGO,4.139999866485596,4.139999866485596,4.139999866485596,4.139999866485596,4.139999866485596,104.0
2024-03-01 11:19:00,DCPH,17.03499984741211,17.03499984741211,17.03499984741211,17.03499984741211,17.03499984741211,300.0
2024-03-01 11:19:00,DH,9.140000343322754,9.140000343322754,9.140000343322754,9.140000343322754,9.140000343322754,303.0
2024-03-01 11:19:00,DNLI,20.959999084472656,20.959999084472656,20.959999084472656,20.950000762939453,20.950000762939453,603.0
2024-03-01 11:19:00,DVAX,12.84000015258789,12.84000015258789,12.84000015258789,12.835000038146973,12.835000038146973,1038.0
2024-03-01 11:19:00,DXCM,119.44999694824219,119.44999694824219,119.5,119.26249694824219,119.26499938964844,6816.0
2024-03-01 11:19:00,DYN,28.93000030517578,28.93000030517578,28.93000030517578,28.920000076293945,28.920000076293945,623.0
2024-03-01 11:19:00,EDAP,6.783699989318848,6.783699989318848,6.783699989318848,6.783699989318848,6.783699989318848,200.0
2024-03-01 11:19:00,EDIT,11.020000457763672,11.020000457763672,11.020000457763672,10.954999923706055,10.954999923706055,2672.0
2024-03-01 11:19:00,EFTR,15.09000015258789,15.09000015258789,15.09000015258789,15.09000015258789,15.09000015258789,180.0
2024-03-01 11:19:00,ELEV,4.860000133514404,4.860000133514404,4.889999866485596,4.860000133514404,4.889999866485596,1112.0
2024-03-01 11:19:00,EMBC,14.510000228881836,14.510000228881836,14.510000228881836,14.510000228881836,14.510000228881836,480.0
2024-03-01 11:19:00,ENLV,3.3450000286102295,3.3450000286102295,3.3450000286102295,3.3450000286102295,3.3450000286102295,433.0
2024-03-01 11:19:00,ENVB,1.659999966621399,1.659999966621399,1.659999966621399,1.6449999809265137,1.649999976158142,4822.0
2024-03-01 11:19:00,EPIX,9.550000190734863,9.550000190734863,9.550000190734863,9.550000190734863,9.550000190734863,4160.0
2024-03-01 11:19:00,ERAS,2.5399999618530273,2.5399999618530273,2.5399999618530273,2.5399999618530273,2.5399999618530273,1577.0
2024-03-01 11:19:00,ESPR,2.515000104904175,2.515000104904175,2.515000104904175,2.509999990463257,2.509999990463257,3982.0
2024-03-01 11:19:00,ESTA,45.51750183105469,45.51750183105469,45.51750183105469,45.51750183105469,45.51750183105469,172.0
2024-03-01 11:19:00,ETNB,12.869999885559082,12.869999885559082,12.890000343322754,12.859999656677246,12.865599632263184,2612.0
2024-03-01 11:19:00,EVGN,0.925000011920929,0.925000011920929,0.925000011920929,0.925000011920929,0.925000011920929,1400.0
2024-03-01 11:19:00,EXAS,60.15999984741211,60.15999984741211,60.209999084472656,60.15999984741211,60.209999084472656,3857.0
2024-03-01 11:19:00,EXEL,22.46500015258789,22.46500015258789,22.46500015258789,22.459999084472656,22.459999084472656,758.0
2024-03-01 11:19:00,EYEN,2.2799999713897705,2.2799999713897705,2.2799999713897705,2.27810001373291,2.27810001373291,1153.0
2024-03-01 11:19:00,EYPT,28.0049991607666,28.0049991607666,28.0049991607666,28.0049991607666,28.0049991607666,200.0
2024-03-01 11:19:00,FATE,7.460000038146973,7.460000038146973,7.460000038146973,7.445000171661377,7.445000171661377,1983.0
2024-03-01 11:19:00,FDMT,29.155000686645508,29.155000686645508,29.209999084472656,29.139999389648438,29.139999389648438,1499.0
2024-03-01 11:19:00,FENC,9.765000343322754,9.765000343322754,9.765000343322754,9.765000343322754,9.765000343322754,100.0
2024-03-01 11:19:00,FGEN,1.7389999628067017,1.7389999628067017,1.7389999628067017,1.7301000356674194,1.7350000143051147,936.0
2024-03-01 11:19:00,FLGC,1.2145999670028687,1.2145999670028687,1.2145999670028687,1.2000000476837158,1.2000000476837158,13966.0
2024-03-01 11:19:00,FLGT,23.315000534057617,23.315000534057617,23.315000534057617,23.315000534057617,23.315000534057617,500.0
2024-03-01 11:19:00,FULC,10.85099983215332,10.85099983215332,10.869999885559082,10.850000381469727,10.850000381469727,989.0
2024-03-01 11:19:00,FUSN,12.124799728393555,12.124799728393555,12.124799728393555,12.124799728393555,12.124799728393555,109.0
2024-03-01 11:19:00,GCTK,0.2994999885559082,0.2994999885559082,0.2994999885559082,0.2994999885559082,0.2994999885559082,251.0
2024-03-01 11:19:00,GDRX,8.300000190734863,8.300000190734863,8.305000305175781,8.29539966583252,8.300000190734863,2354.0
2024-03-01 11:19:00,GENE,2.1500000953674316,2.1500000953674316,2.1500000953674316,2.1500000953674316,2.1500000953674316,835.0
2024-03-01 11:19:00,GERN,2.1700000762939453,2.1700000762939453,2.1700000762939453,2.1600000858306885,2.1649999618530273,15213.0
2024-03-01 11:19:00,GH,19.34000015258789,19.34000015258789,19.360000610351562,19.34000015258789,19.354999542236328,2952.0
2024-03-01 11:19:00,GILD,72.41500091552734,72.41500091552734,72.41500091552734,72.38999938964844,72.40499877929688,12075.0
2024-03-01 11:19:00,GLPG,35.060001373291016,35.060001373291016,35.060001373291016,35.04199981689453,35.04750061035156,1201.0
2024-03-01 11:19:00,GLYC,2.9800000190734863,2.9800000190734863,3.0,2.9800000190734863,3.0,180.0
2024-03-01 11:19:00,GMDA,0.3790999948978424,0.3790999948978424,0.3799999952316284,0.3790999948978424,0.3799999952316284,10800.0
2024-03-01 11:19:00,GNPX,4.445000171661377,4.445000171661377,4.445000171661377,4.445000171661377,4.445000171661377,1347.0
2024-03-01 11:19:00,GOVX,2.5899999141693115,2.5899999141693115,2.5899999141693115,2.552799940109253,2.552799940109253,2384.0
2024-03-01 11:19:00,GRFS,7.019999980926514,7.019999980926514,7.070000171661377,7.019999980926514,7.069900035858154,10248.0
2024-03-01 11:19:00,GRTS,2.2249999046325684,2.2249999046325684,2.2298998832702637,2.2249999046325684,2.2249999046325684,8618.0
2024-03-01 11:19:00,GRTX,0.2249000072479248,0.2249000072479248,0.22599999606609344,0.2249000072479248,0.22599999606609344,103.0
2024-03-01 11:19:00,GTHX,3.5399999618530273,3.5399999618530273,3.5399999618530273,3.5399999618530273,3.5399999618530273,430.0
2024-03-01 11:19:00,HBIO,4.355000019073486,4.355000019073486,4.355000019073486,4.355000019073486,4.355000019073486,114.0
2024-03-01 11:19:00,HCAT,7.940000057220459,7.940000057220459,7.96999979019165,7.940000057220459,7.96999979019165,1093.0
2024-03-01 11:19:00,HCM,15.34000015258789,15.34000015258789,15.34000015258789,15.34000015258789,15.34000015258789,110.0
2024-03-01 11:19:00,HCSG,12.725000381469727,12.725000381469727,12.725000381469727,12.725000381469727,12.725000381469727,230.0
2024-03-01 11:19:00,HCTI,2.450000047683716,2.450000047683716,2.450000047683716,2.434999942779541,2.434999942779541,1300.0
2024-03-01 11:19:00,HLTH,0.26989999413490295,0.26989999413490295,0.27000001072883606,0.26989999413490295,0.27000001072883606,126006.0
2024-03-01 11:19:00,HOLX,74.02999877929688,74.02999877929688,74.02999877929688,74.01000213623047,74.01000213623047,2045.0
2024-03-01 11:19:00,HQY,81.7699966430664,81.7699966430664,81.7699966430664,81.76000213623047,81.76000213623047,992.0
2024-03-01 11:19:00,HRMY,31.540000915527344,31.540000915527344,31.540000915527344,31.540000915527344,31.540000915527344,128.0
2024-03-01 11:19:00,HRTX,2.6500000953674316,2.6500000953674316,2.6500000953674316,2.6449999809265137,2.6449999809265137,300.0
2024-03-01 11:19:00,HSIC,76.79000091552734,76.79000091552734,76.79000091552734,76.77339935302734,76.77339935302734,1063.0
2024-03-01 11:19:00,HUMA,3.244999885559082,3.244999885559082,3.244999885559082,3.244999885559082,3.244999885559082,4372.0
2024-03-01 11:19:00,HYPR,1.1298999786376953,1.1298999786376953,1.1298999786376953,1.1298999786376953,1.1298999786376953,14193.0
2024-03-01 11:19:00,IART,36.84000015258789,36.84000015258789,36.95000076293945,36.84000015258789,36.95000076293945,14994.0
2024-03-01 11:19:00,IBRX,4.885000228881836,4.885000228881836,4.889999866485596,4.885000228881836,4.889999866485596,315.0
2024-03-01 11:19:00,ICAD,1.899999976158142,1.899999976158142,1.909999966621399,1.8997000455856323,1.8997000455856323,24951.0
2024-03-01 11:19:00,ICUI,107.00499725341797,107.00499725341797,107.11000061035156,106.91000366210938,107.11000061035156,2459.0
2024-03-01 11:19:00,IDXX,580.885009765625,580.885009765625,581.0399780273438,580.27001953125,581.0399780273438,1561.0
2024-03-01 11:19:00,IDYA,46.20000076293945,46.20000076293945,46.20000076293945,46.20000076293945,46.20000076293945,403.0
2024-03-01 11:19:00,IINN,1.6269999742507935,1.6269999742507935,1.6269999742507935,1.6269999742507935,1.6269999742507935,200.0
2024-03-01 11:19:00,ILMN,142.05999755859375,142.05999755859375,142.09500122070312,141.87429809570312,142.00999450683594,2421.0
2024-03-01 11:19:00,IMAB,1.860700011253357,1.860700011253357,1.860700011253357,1.860700011253357,1.860700011253357,270.0
2024-03-01 11:19:00,IMCR,68.16000366210938,68.16000366210938,68.16000366210938,68.16000366210938,68.16000366210938,139.0
2024-03-01 11:19:00,IMMX,3.5399999618530273,3.5399999618530273,3.5399999618530273,3.5399999618530273,3.5399999618530273,201.0
2024-03-01 11:19:00,IMTX,13.130000114440918,13.130000114440918,13.130000114440918,13.130000114440918,13.130000114440918,204.0
2024-03-01 11:19:00,IMUX,1.4701000452041626,1.4701000452041626,1.4800000190734863,1.4700000286102295,1.4800000190734863,9796.0
2024-03-01 11:19:00,IMVT,36.33000183105469,36.33000183105469,36.33000183105469,36.30500030517578,36.33000183105469,645.0
2024-03-01 11:19:00,INBX,36.88999938964844,36.88999938964844,36.95000076293945,36.88999938964844,36.95000076293945,326.0
2024-03-01 11:19:00,INCY,59.2692985534668,59.2692985534668,59.2692985534668,59.220001220703125,59.22999954223633,1101.0
2024-03-01 11:19:00,INGN,6.849999904632568,6.849999904632568,6.855000019073486,6.840000152587891,6.840000152587891,2530.0
2024-03-01 11:19:00,INM,0.4049000144004822,0.4049000144004822,0.4049000144004822,0.4049000144004822,0.4049000144004822,422.0
2024-03-01 11:19:00,INMB,11.890000343322754,11.890000343322754,11.890000343322754,11.890000343322754,11.890000343322754,200.0
2024-03-01 11:19:00,INSM,28.100000381469727,28.100000381469727,28.1200008392334,28.09000015258789,28.09000015258789,575.0
2024-03-01 11:19:00,INVA,15.699999809265137,15.699999809265137,15.710000038146973,15.694999694824219,15.710000038146973,500.0
2024-03-01 11:19:00,IONM,0.3400000035762787,0.3400000035762787,0.3400000035762787,0.3400000035762787,0.3400000035762787,0.0
2024-03-01 11:19:00,IONS,45.834999084472656,45.834999084472656,45.834999084472656,45.810001373291016,45.834999084472656,543.0
2024-03-01 11:19:00,IOVA,16.524999618530273,16.524999618530273,16.52829933166504,16.479999542236328,16.479999542236328,4493.0
2024-03-01 11:19:00,IRTC,120.95500183105469,120.95500183105469,120.95500183105469,120.5,120.5,484.0
2024-03-01 11:19:00,IRWD,9.024999618530273,9.024999618530273,9.029999732971191,9.0,9.020000457763672,24563.0
2024-03-01 11:19:00,ISRG,393.0,393.0,393.0,392.7049865722656,392.7049865722656,4185.0
2024-03-01 11:19:00,ITCI,70.88929748535156,70.88929748535156,71.0,70.88929748535156,71.0,1066.0
2024-03-01 11:19:00,ITOS,10.800000190734863,10.800000190734863,10.800000190734863,10.800000190734863,10.800000190734863,519.0
2024-03-01 11:19:00,IVVD,3.9739999771118164,3.9739999771118164,3.9739999771118164,3.9739999771118164,3.9739999771118164,179.0
2024-03-01 11:19:00,JAGX,0.0820000022649765,0.0820000022649765,0.08299999684095383,0.07999999821186066,0.07999999821186066,803477.0
2024-03-01 11:19:00,JYNT,10.109999656677246,10.109999656677246,10.109999656677246,10.109999656677246,10.109999656677246,8542.0
2024-03-01 11:19:00,KALV,14.024999618530273,14.024999618530273,14.024999618530273,14.024999618530273,14.024999618530273,182.0
2024-03-01 11:19:00,KNSA,21.90999984741211,21.90999984741211,21.90999984741211,21.8799991607666,21.8799991607666,634.0
2024-03-01 11:19:00,KNTE,2.625,2.625,2.625,2.625,2.625,0.0
2024-03-01 11:19:00,KOD,6.15500020980835,6.15500020980835,6.15500020980835,6.15500020980835,6.15500020980835,230.0
2024-03-01 11:19:00,KPTI,1.2401000261306763,1.2401000261306763,1.2401000261306763,1.2401000261306763,1.2401000261306763,2914.0
2024-03-01 11:19:00,KRTX,316.4700012207031,316.4700012207031,316.4700012207031,316.4700012207031,316.4700012207031,16594.0
2024-03-01 11:19:00,KRYS,167.6300048828125,167.6300048828125,167.72999572753906,167.6300048828125,167.6300048828125,37463.0
2024-03-01 11:19:00,KTRA,0.10040000081062317,0.10040000081062317,0.10040000081062317,0.10040000081062317,0.10040000081062317,6890.0
2024-03-01 11:19:00,KURA,21.485000610351562,21.485000610351562,21.5,21.475000381469727,21.5,1284.0
2024-03-01 11:19:00,KYMR,44.17499923706055,44.17499923706055,44.17499923706055,44.17499923706055,44.17499923706055,100.0
2024-03-01 11:19:00,KZR,1.1050000190734863,1.1050000190734863,1.1093000173568726,1.1050000190734863,1.1093000173568726,96.0
2024-03-01 11:19:00,LAB,2.4200000762939453,2.4200000762939453,2.4200000762939453,2.4200000762939453,2.4200000762939453,2199.0
2024-03-01 11:19:00,LEXX,2.6649999618530273,2.6649999618530273,2.6649999618530273,2.6649999618530273,2.6649999618530273,100.0
2024-03-01 11:19:00,LFMD,7.974999904632568,7.974999904632568,7.974999904632568,7.974999904632568,7.974999904632568,420.0
2024-03-01 11:19:00,LFST,7.985000133514404,7.985000133514404,7.989999771118164,7.985000133514404,7.989999771118164,2750.0
2024-03-01 11:19:00,LGND,79.7300033569336,79.7300033569336,79.86000061035156,79.72000122070312,79.77999877929688,13101.0
2024-03-01 11:19:00,LIVN,55.25,55.25,55.25,55.25,55.25,328.0
2024-03-01 11:19:00,LMAT,67.55999755859375,67.55999755859375,67.55999755859375,67.37999725341797,67.37999725341797,486.0
2024-03-01 11:19:00,LNTH,65.41999816894531,65.41999816894531,65.5,65.41999816894531,65.45999908447266,1218.0
2024-03-01 11:19:00,LQDA,14.345399856567383,14.345399856567383,14.345399856567383,14.345399856567383,14.345399856567383,220.0
2024-03-01 11:19:00,LRMR,11.149999618530273,11.149999618530273,11.239999771118164,11.140000343322754,11.140000343322754,2410.0
2024-03-01 11:19:00,LUCD,1.2300000190734863,1.2300000190734863,1.2300000190734863,1.2300000190734863,1.2300000190734863,630.0
2024-03-01 11:19:00,LUNG,9.170000076293945,9.170000076293945,9.170000076293945,9.170000076293945,9.170000076293945,249.0
2024-03-01 11:19:00,LVTX,2.994999885559082,2.994999885559082,3.0,2.9700000286102295,2.9700000286102295,4603.0
2024-03-01 11:19:00,LXRX,2.4149999618530273,2.4149999618530273,2.4149999618530273,2.4149999618530273,2.4149999618530273,219.0
2024-03-01 11:19:00,MASI,126.80999755859375,126.80999755859375,126.80999755859375,126.70999908447266,126.70999908447266,546.0
2024-03-01 11:19:00,MASS,7.409999847412109,7.409999847412109,7.409999847412109,7.409999847412109,7.409999847412109,21341.0
2024-03-01 11:19:00,MBOT,1.2899999618530273,1.2899999618530273,1.2899999618530273,1.2899999618530273,1.2899999618530273,0.0
2024-03-01 11:19:00,MCRB,1.1799999475479126,1.1799999475479126,1.190000057220459,1.1799999475479126,1.1799999475479126,407.0
2024-03-01 11:19:00,MDGL,239.91000366210938,239.91000366210938,240.05999755859375,239.91000366210938,240.05999755859375,431.0
2024-03-01 11:19:00,MDRX,5.949999809265137,5.949999809265137,5.949999809265137,5.900000095367432,5.900000095367432,9785.0
2024-03-01 11:19:00,MDXG,8.654999732971191,8.654999732971191,8.654999732971191,8.654999732971191,8.654999732971191,44.0
2024-03-01 11:19:00,MDXH,3.7200000286102295,3.7200000286102295,3.7249999046325684,3.7200000286102295,3.7249999046325684,632.0
2024-03-01 11:19:00,ME,0.5842999815940857,0.5842999815940857,0.5842999815940857,0.5842999815940857,0.5842999815940857,4910.0
2024-03-01 11:19:00,MESO,2.0406999588012695,2.0406999588012695,2.0406999588012695,2.0406999588012695,2.0406999588012695,20.0
2024-03-01 11:19:00,MGNX,19.249000549316406,19.249000549316406,19.260000228881836,19.239999771118164,19.239999771118164,1109.0
2024-03-01 11:19:00,MGTX,6.309999942779541,6.309999942779541,6.309999942779541,6.309999942779541,6.309999942779541,58.0
2024-03-01 11:19:00,MIRM,30.100000381469727,30.100000381469727,30.100000381469727,30.06599998474121,30.06599998474121,643.0
2024-03-01 11:19:00,MIST,1.690000057220459,1.690000057220459,1.690000057220459,1.690000057220459,1.690000057220459,412.0
2024-03-01 11:19:00,MLTX,51.93000030517578,51.93000030517578,51.93000030517578,51.88999938964844,51.88999938964844,267.0
2024-03-01 11:19:00,MMSI,76.01499938964844,76.01499938964844,76.02999877929688,76.01499938964844,76.02999877929688,482.0
2024-03-01 11:19:00,MNKD,4.635000228881836,4.635000228881836,4.639999866485596,4.630000114440918,4.630000114440918,2736.0
2024-03-01 11:19:00,MNMD,5.900000095367432,5.900000095367432,5.909999847412109,5.900000095367432,5.909999847412109,299.0
2024-03-01 11:19:00,MODD,1.940000057220459,1.940000057220459,1.940000057220459,1.940000057220459,1.940000057220459,380.0
2024-03-01 11:19:00,MOR,17.610000610351562,17.610000610351562,17.610000610351562,17.610000610351562,17.610000610351562,114.0
2024-03-01 11:19:00,MORF,38.71500015258789,38.71500015258789,38.71500015258789,38.71500015258789,38.71500015258789,204.0
2024-03-01 11:19:00,MOVE,0.5884000062942505,0.5884000062942505,0.5884000062942505,0.5881999731063843,0.5881999731063843,411.0
2024-03-01 11:19:00,MREO,3.805000066757202,3.805000066757202,3.815000057220459,3.799999952316284,3.809999942779541,7291.0
2024-03-01 11:19:00,MRNA,95.76850128173828,95.76850128173828,95.81999969482422,95.61799621582031,95.62000274658203,5579.0
2024-03-01 11:19:00,MRNS,9.84000015258789,9.84000015258789,9.84000015258789,9.84000015258789,9.84000015258789,324.0
2024-03-01 11:19:00,MRSN,5.920000076293945,5.920000076293945,5.920000076293945,5.894999980926514,5.894999980926514,4960.0
2024-03-01 11:19:00,MRVI,7.894999980926514,7.894999980926514,7.894999980926514,7.84499979019165,7.84499979019165,5538.0
2024-03-01 11:19:00,MXCT,4.735000133514404,4.735000133514404,4.735000133514404,4.735000133514404,4.735000133514404,157.0
2024-03-01 11:19:00,MYGN,21.6200008392334,21.6200008392334,21.639999389648438,21.6200008392334,21.639999389648438,1055.0
2024-03-01 11:19:00,MYNZ,0.8622999787330627,0.8622999787330627,0.8622999787330627,0.8622999787330627,0.8622999787330627,14196.0
2024-03-01 11:19:00,NARI,46.54679870605469,46.54679870605469,46.56999969482422,46.28070068359375,46.33000183105469,3581.0
2024-03-01 11:19:00,NBSE,0.8949999809265137,0.8949999809265137,0.8949999809265137,0.8949999809265137,0.8949999809265137,0.0
2024-03-01 11:19:00,NEO,16.100000381469727,16.100000381469727,16.100000381469727,16.100000381469727,16.100000381469727,144.0
2024-03-01 11:19:00,NEOG,17.350000381469727,17.350000381469727,17.350000381469727,17.31999969482422,17.31999969482422,2404.0
2024-03-01 11:19:00,NKTR,0.7533000111579895,0.7533000111579895,0.7533000111579895,0.7533000111579895,0.7533000111579895,598.0
2024-03-01 11:19:00,NKTX,12.680000305175781,12.680000305175781,12.680000305175781,12.649999618530273,12.649999618530273,6887.0
2024-03-01 11:19:00,NMTC,1.190000057220459,1.190000057220459,1.190000057220459,1.190000057220459,1.190000057220459,8802.0
2024-03-01 11:19:00,NNOX,11.100099563598633,11.100099563598633,11.119000434875488,11.100000381469727,11.109999656677246,6780.0
2024-03-01 11:19:00,NOTV,7.919899940490723,7.919899940490723,7.920000076293945,7.889999866485596,7.889999866485596,1698.0
2024-03-01 11:19:00,NRIX,13.324999809265137,13.324999809265137,13.324999809265137,13.324999809265137,13.324999809265137,659.0
2024-03-01 11:19:00,NRSN,2.0,2.0,2.0,2.0,2.0,0.0
2024-03-01 11:19:00,NRXP,0.43299999833106995,0.43299999833106995,0.43299999833106995,0.4259999990463257,0.4259999990463257,19101.0
2024-03-01 11:19:00,NTLA,33.57500076293945,33.57500076293945,33.58000183105469,33.53070068359375,33.540000915527344,4452.0
2024-03-01 11:19:00,NTRA,89.44210052490234,89.44210052490234,89.44210052490234,89.37999725341797,89.4000015258789,1757.0
2024-03-01 11:19:00,NURO,4.050000190734863,4.050000190734863,4.050000190734863,4.050000190734863,4.050000190734863,1641.0
2024-03-01 11:19:00,NUTX,0.11400000005960464,0.11400000005960464,0.11400000005960464,0.11389999836683273,0.11389999836683273,1252.0
2024-03-01 11:19:00,NVAX,5.164999961853027,5.164999961853027,5.170000076293945,5.151700019836426,5.151700019836426,3437.0
2024-03-01 11:19:00,NVCR,16.020000457763672,16.020000457763672,16.049999237060547,16.010000228881836,16.030000686645508,5305.0
2024-03-01 11:19:00,NVCT,10.619999885559082,10.619999885559082,10.619999885559082,10.550000190734863,10.550000190734863,1446.0
2024-03-01 11:19:00,NXTC,1.8200000524520874,1.8200000524520874,1.8200000524520874,1.8200000524520874,1.8200000524520874,100.0
2024-03-01 11:19:00,OCGN,0.9190999865531921,0.9190999865531921,0.9293000102043152,0.9190999865531921,0.9293000102043152,1400.0
2024-03-01 11:19:00,OCUL,10.446200370788574,10.446200370788574,10.446200370788574,10.420100212097168,10.420100212097168,1917.0
2024-03-01 11:19:00,OCUP,2.5,2.5,2.5,2.490000009536743,2.490000009536743,300.0
2024-03-01 11:19:00,OFIX,13.039999961853027,13.039999961853027,13.039999961853027,13.039999961853027,13.039999961853027,247.0
2024-03-01 11:19:00,OLK,22.68000030517578,22.68000030517578,22.700000762939453,22.655000686645508,22.670000076293945,6476.0
2024-03-01 11:19:00,OMCL,26.510000228881836,26.510000228881836,26.510000228881836,26.469999313354492,26.5,35899.0
2024-03-01 11:19:00,ONTX,0.8137000203132629,0.8137000203132629,0.8137999773025513,0.8137000203132629,0.8137999773025513,655.0
2024-03-01 11:20:00,ABCL,5.198699951171875,5.198699951171875,5.198699951171875,5.195000171661377,5.195000171661377,1249.0
2024-03-01 11:20:00,ABEO,7.489999771118164,7.489999771118164,7.489999771118164,7.489999771118164,7.489999771118164,42683.0
2024-03-01 11:20:00,ABOS,4.6880998611450195,4.6880998611450195,4.6880998611450195,4.6880998611450195,4.6880998611450195,730.0
2024-03-01 11:20:00,ABSI,5.167699813842773,5.167699813842773,5.170000076293945,5.150599956512451,5.150599956512451,2050.0
2024-03-01 11:20:00,ACAD,23.889999389648438,23.889999389648438,23.889999389648438,23.8799991607666,23.8799991607666,1207.0
2024-03-01 11:20:00,ACET,2.4049999713897705,2.4049999713897705,2.4049999713897705,2.4049999713897705,2.4049999713897705,420.0
2024-03-01 11:20:00,ACHC,84.1449966430664,84.1449966430664,84.1449966430664,84.02999877929688,84.04000091552734,23755.0
2024-03-01 11:20:00,ACHL,1.3600000143051147,1.3600000143051147,1.3600000143051147,1.3600000143051147,1.3600000143051147,1101.0
2024-03-01 11:20:00,ACHV,4.289999961853027,4.289999961853027,4.289999961853027,4.289999961853027,4.289999961853027,55.0
2024-03-01 11:20:00,ACLX,67.61000061035156,67.61000061035156,67.61000061035156,67.61000061035156,67.61000061035156,377.0
2024-03-01 11:20:00,ACRS,1.2200000286102295,1.2200000286102295,1.2200000286102295,1.2200000286102295,1.2200000286102295,133.0
2024-03-01 11:20:00,ADAP,1.5994000434875488,1.5994000434875488,1.600000023841858,1.590000033378601,1.590000033378601,3044.0
2024-03-01 11:20:00,ADIL,2.960099935531616,2.960099935531616,2.9700000286102295,2.900599956512451,2.9100000858306885,45826.0
2024-03-01 11:20:00,ADMA,5.355000019073486,5.355000019073486,5.355000019073486,5.335000038146973,5.335000038146973,6803.0
2024-03-01 11:20:00,ADPT,4.235000133514404,4.235000133514404,4.235000133514404,4.235000133514404,4.235000133514404,290.0
2024-03-01 11:20:00,ADVM,1.9500000476837158,1.9500000476837158,1.9500000476837158,1.9450000524520874,1.9500000476837158,3226.0
2024-03-01 11:20:00,AGEN,0.6694999933242798,0.6694999933242798,0.6700999736785889,0.6694999933242798,0.6694999933242798,2290.0
2024-03-01 11:20:00,AGIO,32.90999984741211,32.90999984741211,32.93000030517578,32.90999984741211,32.93000030517578,266.0
2024-03-01 11:20:00,AKAN,0.24379999935626984,0.24379999935626984,0.24500000476837158,0.2409999966621399,0.2409999966621399,3892.0
2024-03-01 11:20:00,AKBA,1.6649999618530273,1.6649999618530273,1.6649999618530273,1.6649999618530273,1.6649999618530273,222.0
2024-03-01 11:20:00,AKRO,29.670000076293945,29.670000076293945,29.674999237060547,29.670000076293945,29.670000076293945,818.0
2024-03-01 11:20:00,ALDX,4.179999828338623,4.179999828338623,4.179999828338623,4.179999828338623,4.179999828338623,200.0
2024-03-01 11:20:00,ALEC,7.510000228881836,7.510000228881836,7.510000228881836,7.510000228881836,7.510000228881836,214.0
2024-03-01 11:20:00,ALGN,300.0299987792969,300.0299987792969,300.0299987792969,300.0299987792969,300.0299987792969,496.0
2024-03-01 11:20:00,ALGS,1.079800009727478,1.079800009727478,1.079800009727478,1.0499999523162842,1.0678000450134277,1300.0
2024-03-01 11:20:00,ALHC,5.869999885559082,5.869999885559082,5.880000114440918,5.869999885559082,5.869999885559082,1138.0
2024-03-01 11:20:00,ALKS,30.184999465942383,30.184999465942383,30.190000534057617,30.1825008392334,30.190000534057617,1379.0
2024-03-01 11:20:00,ALLK,1.600000023841858,1.600000023841858,1.600000023841858,1.600000023841858,1.600000023841858,200.0
2024-03-01 11:20:00,ALLO,5.03000020980835,5.03000020980835,5.039999961853027,5.03000020980835,5.039999961853027,476.0
2024-03-01 11:20:00,ALNY,154.72999572753906,154.72999572753906,154.86500549316406,154.72000122070312,154.72000122070312,3626.0
2024-03-01 11:20:00,ALT,12.210000038146973,12.210000038146973,12.219400405883789,12.180000305175781,12.180000305175781,4225.0
2024-03-01 11:20:00,ALVR,0.7498999834060669,0.7498999834060669,0.7498999834060669,0.7498999834060669,0.7498999834060669,0.0
2024-03-01 11:20:00,ALXO,15.220000267028809,15.220000267028809,15.220000267028809,15.220000267028809,15.220000267028809,15180.0
2024-03-01 11:20:00,AMGN,281.114990234375,281.114990234375,281.18499755859375,281.0199890136719,281.1700134277344,3330.0
2024-03-01 11:20:00,AMLX,18.8799991607666,18.8799991607666,18.899999618530273,18.8700008392334,18.8700008392334,5444.0
2024-03-01 11:20:00,AMPH,45.900001525878906,45.900001525878906,45.90999984741211,45.880001068115234,45.90999984741211,1400.0
2024-03-01 11:20:00,AMRN,1.0549999475479126,1.0549999475479126,1.0549999475479126,1.0499999523162842,1.0499999523162842,336.0
2024-03-01 11:20:00,ANGO,5.510000228881836,5.510000228881836,5.514999866485596,5.510000228881836,5.514999866485596,420.0
2024-03-01 11:20:00,ANNX,6.099999904632568,6.099999904632568,6.119999885559082,6.099999904632568,6.099999904632568,2196.0
2024-03-01 11:20:00,ANTX,2.9983999729156494,2.9983999729156494,2.9983999729156494,2.9800000190734863,2.9800000190734863,749.0
2024-03-01 11:20:00,APLS,64.91999816894531,64.91999816894531,64.93000030517578,64.91000366210938,64.93000030517578,1199.0
2024-03-01 11:20:00,APLT,7.110000133514404,7.110000133514404,7.110000133514404,7.110000133514404,7.110000133514404,736.0
2024-03-01 11:20:00,AQST,4.199999809265137,4.199999809265137,4.199999809265137,4.164999961853027,4.164999961853027,6533.0
2024-03-01 11:20:00,ARAY,2.6489999294281006,2.6489999294281006,2.6489999294281006,2.6401000022888184,2.6401000022888184,418.0
2024-03-01 11:20:00,ARCT,39.6150016784668,39.6150016784668,39.6150016784668,39.6150016784668,39.6150016784668,192.0
2024-03-01 11:20:00,ARDX,9.5600004196167,9.5600004196167,9.5649995803833,9.555000305175781,9.5649995803833,1244.0
2024-03-01 11:20:00,ARGX,387.3900146484375,387.3900146484375,387.3900146484375,387.1600036621094,387.2900085449219,420.0
2024-03-01 11:20:00,ARQT,11.0600004196167,11.0600004196167,11.0600004196167,11.03499984741211,11.050000190734863,2042.0
2024-03-01 11:20:00,ARVN,48.849998474121094,48.849998474121094,48.997501373291016,48.849998474121094,48.997501373291016,930.0
2024-03-01 11:20:00,ARWR,35.619998931884766,35.619998931884766,35.689998626708984,35.599998474121094,35.689998626708984,1225.0
2024-03-01 11:20:00,ASND,149.61000061035156,149.61000061035156,149.61000061035156,149.61000061035156,149.61000061035156,345.0
2024-03-01 11:20:00,ASRT,0.910099983215332,0.910099983215332,0.9200000166893005,0.910099983215332,0.9200000166893005,18619.0
2024-03-01 11:20:00,ATEC,13.545000076293945,13.545000076293945,13.545000076293945,13.539999961853027,13.545000076293945,1124.0
2024-03-01 11:20:00,ATHA,4.0,4.0,4.014999866485596,4.0,4.014999866485596,1084.0
2024-03-01 11:20:00,ATRA,0.8029999732971191,0.8029999732971191,0.8029999732971191,0.8029999732971191,0.8029999732971191,902.0
2024-03-01 11:20:00,ATRC,36.06999969482422,36.06999969482422,36.06999969482422,36.06999969482422,36.06999969482422,44629.0
2024-03-01 11:20:00,AUPH,5.835000038146973,5.835000038146973,5.835000038146973,5.835000038146973,5.835000038146973,161.0
2024-03-01 11:20:00,AVDL,12.550000190734863,12.550000190734863,12.600000381469727,12.539999961853027,12.600000381469727,9962.0
2024-03-01 11:20:00,AVIR,4.425000190734863,4.425000190734863,4.425000190734863,4.420100212097168,4.425000190734863,1916.0
2024-03-01 11:20:00,AVTE,23.450000762939453,23.450000762939453,23.450000762939453,23.450000762939453,23.450000762939453,14713.0
2024-03-01 11:20:00,AVXL,5.408999919891357,5.408999919891357,5.408999919891357,5.408999919891357,5.408999919891357,88826.0
2024-03-01 11:20:00,AXGN,10.577500343322754,10.577500343322754,10.577500343322754,10.577500343322754,10.577500343322754,181.0
2024-03-01 11:20:00,AXNX,67.24500274658203,67.24500274658203,67.2699966430664,67.19999694824219,67.2699966430664,3328.0
2024-03-01 11:20:00,AXSM,83.05000305175781,83.05000305175781,83.33000183105469,83.0,83.33000183105469,6182.0
2024-03-01 11:20:00,AZN,64.5999984741211,64.5999984741211,64.5999984741211,64.59500122070312,64.59500122070312,2893.0
2024-03-01 11:20:00,BBIO,36.07500076293945,36.07500076293945,36.09000015258789,36.06159973144531,36.09000015258789,1842.0
2024-03-01 11:20:00,BCDA,0.5601999759674072,0.5601999759674072,0.5601999759674072,0.5601999759674072,0.5601999759674072,700.0
2024-03-01 11:20:00,BCRX,5.84499979019165,5.84499979019165,5.84499979019165,5.84499979019165,5.84499979019165,426.0
2024-03-01 11:20:00,BDSX,1.6497999429702759,1.6497999429702759,1.6497999429702759,1.6399999856948853,1.6399999856948853,4468.0
2024-03-01 11:20:00,BDTX,5.135000228881836,5.135000228881836,5.135000228881836,5.135000228881836,5.135000228881836,209.0
2024-03-01 11:20:00,BEAM,40.20500183105469,40.20500183105469,40.27000045776367,40.20500183105469,40.27000045776367,2105.0
2024-03-01 11:20:00,BGXX,0.26980000734329224,0.26980000734329224,0.26980000734329224,0.26980000734329224,0.26980000734329224,0.0
2024-03-01 11:20:00,BIOL,0.1379999965429306,0.1379999965429306,0.1379999965429306,0.1379999965429306,0.1379999965429306,9200.0
2024-03-01 11:20:00,BIVI,2.2839999198913574,2.2839999198913574,2.2899999618530273,2.240000009536743,2.2499001026153564,68410.0
2024-03-01 11:20:00,BLFS,17.980100631713867,17.980100631713867,17.980100631713867,17.979999542236328,17.979999542236328,306.0
2024-03-01 11:20:00,BLUE,1.5994000434875488,1.5994000434875488,1.600000023841858,1.5950000286102295,1.600000023841858,9399.0
2024-03-01 11:20:00,BMRN,86.8499984741211,86.8499984741211,86.8550033569336,86.80999755859375,86.83000183105469,8216.0
2024-03-01 11:20:00,BNTX,92.04000091552734,92.04000091552734,92.04000091552734,91.9000015258789,91.91999816894531,1936.0
2024-03-01 11:20:00,BPMC,96.54000091552734,96.54000091552734,96.54000091552734,96.54000091552734,96.54000091552734,124.0
2024-03-01 11:20:00,BPTH,6.135200023651123,6.135200023651123,6.135200023651123,6.135200023651123,6.135200023651123,423.0
2024-03-01 11:20:00,BRKR,87.87000274658203,87.87000274658203,87.87000274658203,87.83000183105469,87.83000183105469,47493.0
2024-03-01 11:20:00,BSGM,0.6470000147819519,0.6470000147819519,0.6470000147819519,0.6470000147819519,0.6470000147819519,200.0
2024-03-01 11:20:00,BTAI,3.2699999809265137,3.2699999809265137,3.2699999809265137,3.2690000534057617,3.2690000534057617,2779.0
2024-03-01 11:20:00,BTMD,6.03000020980835,6.03000020980835,6.059999942779541,6.010000228881836,6.050000190734863,715.0
2024-03-01 11:20:00,BYSI,1.4700000286102295,1.4700000286102295,1.4700000286102295,1.4700000286102295,1.4700000286102295,20943.0
2024-03-01 11:20:00,CABA,24.0049991607666,24.0049991607666,24.0049991607666,24.0049991607666,24.0049991607666,374.0
2024-03-01 11:20:00,CAPR,4.579999923706055,4.579999923706055,4.579999923706055,4.579999923706055,4.579999923706055,200.0
2024-03-01 11:20:00,CARA,0.9004999995231628,0.9004999995231628,0.9117000102996826,0.9004999995231628,0.9110000133514404,16095.0
2024-03-01 11:20:00,CBAY,32.244998931884766,32.244998931884766,32.25,32.244998931884766,32.25,786.0
2024-03-01 11:20:00,CCCC,10.96500015258789,10.96500015258789,10.96500015258789,10.958700180053711,10.958700180053711,2121.0
2024-03-01 11:20:00,CCRN,18.260000228881836,18.260000228881836,18.260000228881836,18.25,18.260000228881836,23816.0
2024-03-01 11:20:00,CDNA,12.390000343322754,12.390000343322754,12.390000343322754,12.380000114440918,12.380000114440918,697.0
2024-03-01 11:20:00,CDTX,0.7250000238418579,0.7250000238418579,0.7253000140190125,0.7250000238418579,0.7250999808311462,3496.0
2024-03-01 11:20:00,CDXS,4.46999979019165,4.46999979019165,4.46999979019165,4.46999979019165,4.46999979019165,220.0
2024-03-01 11:20:00,CELC,15.869999885559082,15.869999885559082,15.869999885559082,15.850000381469727,15.850000381469727,2804.0
2024-03-01 11:20:00,CELU,3.6489999294281006,3.6489999294281006,3.6489999294281006,3.6489999294281006,3.6489999294281006,102.0
2024-03-01 11:20:00,CERE,41.20249938964844,41.20249938964844,41.20249938964844,41.20249938964844,41.20249938964844,227.0
2024-03-01 11:20:00,CERS,2.234999895095825,2.234999895095825,2.240000009536743,2.2300000190734863,2.2300000190734863,192118.0
2024-03-01 11:20:00,CERT,17.670000076293945,17.670000076293945,17.68000030517578,17.670000076293945,17.68000030517578,880.0
2024-03-01 11:20:00,CGEM,18.81999969482422,18.81999969482422,18.81999969482422,18.81999969482422,18.81999969482422,102.0
2024-03-01 11:20:00,CGTX,2.0299999713897705,2.0299999713897705,2.0299999713897705,2.0299999713897705,2.0299999713897705,0.0
2024-03-01 11:20:00,CHRS,2.3499999046325684,2.3499999046325684,2.359999895095825,2.3499999046325684,2.359999895095825,1497.0
2024-03-01 11:20:00,CING,1.3600000143051147,1.3600000143051147,1.3600000143051147,1.3600000143051147,1.3600000143051147,361.0
2024-03-01 11:20:00,CLDX,52.375,52.375,52.43000030517578,52.375,52.41999816894531,2393.0
2024-03-01 11:20:00,CLOV,0.8741999864578247,0.8741999864578247,0.8741999864578247,0.8715000152587891,0.8715000152587891,14810.0
2024-03-01 11:20:00,CLPT,6.710000038146973,6.710000038146973,6.710000038146973,6.610000133514404,6.610000133514404,4444.0
2024-03-01 11:20:00,CLRB,4.130000114440918,4.130000114440918,4.138000011444092,4.130000114440918,4.130000114440918,2345.0
2024-03-01 11:20:00,CMPS,11.085000038146973,11.085000038146973,11.085000038146973,11.0600004196167,11.0600004196167,745.0
2024-03-01 11:20:00,CMPX,1.899999976158142,1.899999976158142,1.899999976158142,1.899999976158142,1.899999976158142,200.0
2024-03-01 11:20:00,CNTA,10.5600004196167,10.5600004196167,10.625,10.550000190734863,10.600000381469727,12858.0
2024-03-01 11:20:00,COGT,7.21999979019165,7.21999979019165,7.21999979019165,7.21999979019165,7.21999979019165,497.0
2024-03-01 11:20:00,COLL,36.79999923706055,36.79999923706055,36.93149948120117,36.79499816894531,36.93149948120117,1150.0
2024-03-01 11:20:00,CORT,23.934999465942383,23.934999465942383,23.950000762939453,23.934999465942383,23.950000762939453,1496.0
2024-03-01 11:20:00,CPRX,17.30500030517578,17.30500030517578,17.30500030517578,17.274999618530273,17.280000686645508,2263.0
2024-03-01 11:20:00,CPSI,9.479999542236328,9.479999542236328,9.479999542236328,9.430000305175781,9.479999542236328,2220.0
2024-03-01 11:20:00,CRBU,8.125,8.125,8.130000114440918,8.125,8.130000114440918,1479.0
2024-03-01 11:20:00,CRDF,2.4600000381469727,2.4600000381469727,2.4899001121520996,2.450000047683716,2.4600000381469727,37892.0
2024-03-01 11:20:00,CRMD,3.7083001136779785,3.7083001136779785,3.7083001136779785,3.7083001136779785,3.7083001136779785,299.0
2024-03-01 11:20:00,CRNX,46.040000915527344,46.040000915527344,46.09000015258789,45.97999954223633,46.04499816894531,1581.0
2024-03-01 11:20:00,CRSP,85.93499755859375,85.93499755859375,86.02999877929688,85.89320373535156,86.02999877929688,1102.0
2024-03-01 11:20:00,CRVS,2.2399001121520996,2.2399001121520996,2.240000009536743,2.2300000190734863,2.2300000190734863,1104.0
2024-03-01 11:20:00,CSTL,20.1200008392334,20.1200008392334,20.18000030517578,20.083799362182617,20.083799362182617,2073.0
2024-03-01 11:20:00,CTKB,8.494999885559082,8.494999885559082,8.5,8.494999885559082,8.5,242.0
2024-03-01 11:20:00,CTMX,2.549999952316284,2.549999952316284,2.5799999237060547,2.549999952316284,2.565000057220459,59649.0
2024-03-01 11:20:00,CUTR,2.4200000762939453,2.4200000762939453,2.450000047683716,2.4200000762939453,2.450000047683716,0.0
2024-03-01 11:20:00,CYTK,74.2750015258789,74.2750015258789,74.2750015258789,74.2750015258789,74.2750015258789,303.0
2024-03-01 11:20:00,DARE,0.5501000285148621,0.5501000285148621,0.5501000285148621,0.5501000285148621,0.5501000285148621,10363.0
2024-03-01 11:20:00,DAWN,17.524999618530273,17.524999618530273,17.53569984436035,17.524999618530273,17.53499984741211,523.0
2024-03-01 11:20:00,DCGO,4.149799823760986,4.149799823760986,4.149799823760986,4.139999866485596,4.139999866485596,890.0
2024-03-01 11:20:00,DCPH,17.030000686645508,17.030000686645508,17.030000686645508,17.030000686645508,17.030000686645508,54.0
2024-03-01 11:20:00,DMAC,3.109100103378296,3.109100103378296,3.109100103378296,3.059999942779541,3.059999942779541,3303.0
2024-03-01 11:20:00,DNLI,20.989999771118164,20.989999771118164,21.0,20.944799423217773,20.944799423217773,2407.0
2024-03-01 11:20:00,DTIL,12.555000305175781,12.555000305175781,12.585000038146973,12.555000305175781,12.585000038146973,375.0
2024-03-01 11:20:00,DVAX,12.845000267028809,12.845000267028809,12.850000381469727,12.84000015258789,12.84000015258789,1891.0
2024-03-01 11:20:00,DXCM,119.25,119.25,119.51000213623047,119.20999908447266,119.4800033569336,20596.0
2024-03-01 11:20:00,EDAP,6.680099964141846,6.680099964141846,6.680099964141846,6.680099964141846,6.680099964141846,915.0
2024-03-01 11:20:00,EDIT,11.024999618530273,11.024999618530273,11.029999732971191,11.020000457763672,11.024999618530273,15012.0
2024-03-01 11:20:00,EFTR,15.100000381469727,15.100000381469727,15.100000381469727,15.100000381469727,15.100000381469727,152.0
2024-03-01 11:20:00,EGRX,6.610000133514404,6.610000133514404,6.630000114440918,6.610000133514404,6.630000114440918,1236.0
2024-03-01 11:20:00,ELEV,4.889999866485596,4.889999866485596,4.889999866485596,4.869999885559082,4.880000114440918,899.0
2024-03-01 11:20:00,ENVB,1.5805000066757202,1.5805000066757202,1.659999966621399,1.559999942779541,1.6500999927520752,111892.0
2024-03-01 11:20:00,ERAS,2.5399999618530273,2.5399999618530273,2.5399999618530273,2.5399999618530273,2.5399999618530273,300.0
2024-03-01 11:20:00,ESPR,2.515000104904175,2.515000104904175,2.5162999629974365,2.514699935913086,2.514699935913086,5279.0
2024-03-01 11:20:00,ETNB,12.8100004196167,12.8100004196167,12.881999969482422,12.8100004196167,12.881999969482422,13157.0
2024-03-01 11:20:00,EVAX,3.640000104904175,3.640000104904175,3.640000104904175,3.640000104904175,3.640000104904175,384.0
2024-03-01 11:20:00,EVGN,0.9447000026702881,0.9447000026702881,0.9447000026702881,0.925000011920929,0.9251000285148621,16889.0
2024-03-01 11:20:00,EWTX,16.979999542236328,16.979999542236328,16.979999542236328,16.979999542236328,16.979999542236328,200.0
2024-03-01 11:20:00,EXAI,6.8109002113342285,6.8109002113342285,6.829999923706055,6.8109002113342285,6.829999923706055,3160.0
2024-03-01 11:20:00,EXAS,60.32500076293945,60.32500076293945,60.32500076293945,60.13999938964844,60.15999984741211,3512.0
2024-03-01 11:20:00,EXEL,22.459999084472656,22.459999084472656,22.46500015258789,22.459999084472656,22.46500015258789,1535.0
2024-03-01 11:20:00,EYEN,2.2878000736236572,2.2878000736236572,2.289900064468384,2.2739999294281006,2.289900064468384,31033.0
2024-03-01 11:20:00,EYPT,28.0,28.0,28.030000686645508,28.0,28.030000686645508,686.0
2024-03-01 11:20:00,FATE,7.454999923706055,7.454999923706055,7.460000038146973,7.454999923706055,7.460000038146973,381.0
2024-03-01 11:20:00,FDMT,29.15999984741211,29.15999984741211,29.200000762939453,29.15999984741211,29.200000762939453,795.0
2024-03-01 11:20:00,FENC,9.79990005493164,9.79990005493164,9.79990005493164,9.760000228881836,9.770000457763672,1321.0
2024-03-01 11:20:00,FGEN,1.7649999856948853,1.7649999856948853,1.7699999809265137,1.7400000095367432,1.7400000095367432,15657.0
2024-03-01 11:20:00,FHTX,8.34000015258789,8.34000015258789,8.34000015258789,8.335000038146973,8.335000038146973,607.0
2024-03-01 11:20:00,FLGT,23.34000015258789,23.34000015258789,23.34000015258789,23.34000015258789,23.34000015258789,0.0
2024-03-01 11:20:00,FNCH,2.700000047683716,2.700000047683716,2.700000047683716,2.700000047683716,2.700000047683716,1001.0
2024-03-01 11:20:00,FOLD,13.430000305175781,13.430000305175781,13.449999809265137,13.430000305175781,13.449999809265137,1320.0
2024-03-01 11:20:00,FULC,10.850000381469727,10.850000381469727,10.869999885559082,10.850000381469727,10.850000381469727,1340.0
2024-03-01 11:20:00,FUSN,12.119999885559082,12.119999885559082,12.119999885559082,12.109999656677246,12.109999656677246,472.0
2024-03-01 11:20:00,GCTK,0.30000001192092896,0.30000001192092896,0.30000001192092896,0.30000001192092896,0.30000001192092896,250.0
2024-03-01 11:20:00,GERN,2.174999952316284,2.174999952316284,2.180000066757202,2.1603000164031982,2.1700000762939453,74065.0
2024-03-01 11:20:00,GH,19.34000015258789,19.34000015258789,19.34000015258789,19.34000015258789,19.34000015258789,606.0
2024-03-01 11:20:00,GILD,72.37999725341797,72.37999725341797,72.41000366210938,72.37000274658203,72.41000366210938,8746.0
2024-03-01 11:20:00,GLYC,2.990000009536743,2.990000009536743,2.990000009536743,2.990000009536743,2.990000009536743,4789.0
2024-03-01 11:20:00,GMAB,29.360000610351562,29.360000610351562,29.360000610351562,29.360000610351562,29.360000610351562,678.0
2024-03-01 11:20:00,GMDA,0.3790999948978424,0.3790999948978424,0.3790999948978424,0.3790999948978424,0.3790999948978424,4.0
2024-03-01 11:20:00,GOSS,1.3550000190734863,1.3550000190734863,1.3550000190734863,1.3550000190734863,1.3550000190734863,900.0
2024-03-01 11:20:00,GRFS,7.065000057220459,7.065000057220459,7.065000057220459,7.03000020980835,7.03000020980835,815.0
2024-03-01 11:20:00,GRTS,2.229099988937378,2.229099988937378,2.229099988937378,2.2249999046325684,2.2249999046325684,4195.0
2024-03-01 11:20:00,GTHX,3.5399999618530273,3.5399999618530273,3.5399999618530273,3.5399999618530273,3.5399999618530273,288.0
2024-03-01 11:20:00,HALO,41.400001525878906,41.400001525878906,41.400001525878906,41.400001525878906,41.400001525878906,175.0
2024-03-01 11:20:00,HARP,22.93000030517578,22.93000030517578,22.93000030517578,22.93000030517578,22.93000030517578,200.0
2024-03-01 11:20:00,HCAT,7.940000057220459,7.940000057220459,7.945000171661377,7.940000057220459,7.945000171661377,501.0
2024-03-01 11:20:00,HCSG,12.729999542236328,12.729999542236328,12.729999542236328,12.729999542236328,12.729999542236328,238.0
2024-03-01 11:20:00,HCTI,2.440000057220459,2.440000057220459,2.440000057220459,2.440000057220459,2.440000057220459,0.0
2024-03-01 11:20:00,HOLX,74.01000213623047,74.01000213623047,74.03900146484375,74.0,74.03900146484375,2101.0
2024-03-01 11:20:00,HQY,81.66000366210938,81.66000366210938,81.66000366210938,81.66000366210938,81.66000366210938,316.0
2024-03-01 11:20:00,HRMY,31.576400756835938,31.576400756835938,31.608999252319336,31.520000457763672,31.608999252319336,42837.0
2024-03-01 11:20:00,HRTX,2.6401000022888184,2.6401000022888184,2.6401000022888184,2.640000104904175,2.640000104904175,574.0
2024-03-01 11:20:00,HSIC,76.77999877929688,76.77999877929688,76.77999877929688,76.77999877929688,76.77999877929688,1429.0
2024-03-01 11:20:00,HUMA,3.244999885559082,3.244999885559082,3.25,3.240000009536743,3.244999885559082,6155.0
2024-03-01 11:20:00,IART,36.83000183105469,36.83000183105469,36.849998474121094,36.83000183105469,36.849998474121094,544.0
2024-03-01 11:20:00,IBRX,4.880000114440918,4.880000114440918,4.880099773406982,4.880000114440918,4.880099773406982,1737.0
2024-03-01 11:20:00,ICLR,323.489990234375,323.489990234375,323.489990234375,323.29998779296875,323.29998779296875,354.0
2024-03-01 11:20:00,ICUI,106.81999969482422,106.81999969482422,106.81999969482422,106.81999969482422,106.81999969482422,397.0
2024-03-01 11:20:00,IDXX,580.2999877929688,580.2999877929688,580.2999877929688,580.2999877929688,580.2999877929688,33806.0
2024-03-01 11:20:00,IDYA,46.20000076293945,46.20000076293945,46.20000076293945,46.20000076293945,46.20000076293945,48912.0
2024-03-01 11:20:00,ILMN,142.02999877929688,142.02999877929688,142.02999877929688,142.02999877929688,142.02999877929688,449.0
2024-03-01 11:20:00,IMNM,25.389999389648438,25.389999389648438,25.389999389648438,25.389999389648438,25.389999389648438,303.0
2024-03-01 11:20:00,IMUX,1.4700000286102295,1.4700000286102295,1.4799000024795532,1.4700000286102295,1.4799000024795532,208137.0
2024-03-01 11:20:00,IMVT,36.36000061035156,36.36000061035156,36.36000061035156,36.36000061035156,36.36000061035156,204.0
2024-03-01 11:20:00,INAB,1.100000023841858,1.100000023841858,1.100000023841858,1.0989999771118164,1.0989999771118164,9771.0
2024-03-01 11:20:00,INBX,36.869998931884766,36.869998931884766,36.869998931884766,36.869998931884766,36.869998931884766,35710.0
2024-03-01 11:20:00,INCY,59.27000045776367,59.27000045776367,59.290000915527344,59.25,59.27000045776367,2737.0
2024-03-01 11:20:00,INGN,6.849999904632568,6.849999904632568,6.855000019073486,6.849999904632568,6.849999904632568,1387.0
2024-03-01 11:20:00,INM,0.3950999975204468,0.3950999975204468,0.3950999975204468,0.3950999975204468,0.3950999975204468,7438.0
2024-03-01 11:20:00,INMD,22.889999389648438,22.889999389648438,22.889999389648438,22.889999389648438,22.889999389648438,336.0
2024-03-01 11:20:00,INO,9.055000305175781,9.055000305175781,9.069999694824219,9.055000305175781,9.069999694824219,348.0
2024-03-01 11:20:00,INSM,28.145000457763672,28.145000457763672,28.170000076293945,28.1200008392334,28.125,4222.0
2024-03-01 11:20:00,INVA,15.694999694824219,15.694999694824219,15.704999923706055,15.6899995803833,15.699999809265137,2258.0
2024-03-01 11:20:00,IONS,45.834999084472656,45.834999084472656,45.834999084472656,45.834999084472656,45.834999084472656,341.0
2024-03-01 11:20:00,IOVA,16.4950008392334,16.4950008392334,16.527700424194336,16.489999771118164,16.527700424194336,8350.0
2024-03-01 11:20:00,IRWD,9.055000305175781,9.055000305175781,9.074999809265137,9.024999618530273,9.024999618530273,19560.0
2024-03-01 11:20:00,ISRG,393.45001220703125,393.45001220703125,393.45001220703125,393.0899963378906,393.3399963378906,2660.0
2024-03-01 11:20:00,ITCI,71.03500366210938,71.03500366210938,71.0999984741211,70.91000366210938,70.91000366210938,4127.0
2024-03-01 11:20:00,ITOS,10.779999732971191,10.779999732971191,10.789999961853027,10.779999732971191,10.779999732971191,3014.0
2024-03-01 11:20:00,IXHL,5.340000152587891,5.340000152587891,5.340000152587891,5.329999923706055,5.329999923706055,19434.0
2024-03-01 11:20:00,JAGX,0.08240000158548355,0.08240000158548355,0.08449999988079071,0.08229999989271164,0.08299999684095383,502711.0
2024-03-01 11:20:00,JAZZ,120.73999786376953,120.73999786376953,120.73999786376953,120.73999786376953,120.73999786376953,654.0
2024-03-01 11:20:00,KALV,14.039999961853027,14.039999961853027,14.050000190734863,14.039999961853027,14.050000190734863,292.0
2024-03-01 11:20:00,KNSA,21.90999984741211,21.90999984741211,21.90999984741211,21.8799991607666,21.90999984741211,321.0
2024-03-01 11:20:00,KOD,6.159999847412109,6.159999847412109,6.159999847412109,6.159999847412109,6.159999847412109,379.0
2024-03-01 11:20:00,KPTI,1.2450000047683716,1.2450000047683716,1.2450000047683716,1.2401000261306763,1.2401000261306763,1802.0
2024-03-01 11:20:00,KRMD,2.109999895095825,2.109999895095825,2.109999895095825,2.109999895095825,2.109999895095825,0.0
2024-03-01 11:20:00,KRON,1.034999966621399,1.034999966621399,1.034999966621399,1.034999966621399,1.034999966621399,36719.0
2024-03-01 11:20:00,KURA,21.47010040283203,21.47010040283203,21.5,21.47010040283203,21.485000610351562,426.0
2024-03-01 11:20:00,KYMR,44.165000915527344,44.165000915527344,44.16999816894531,44.165000915527344,44.16999816894531,125.0
2024-03-01 11:20:00,KZR,1.1050000190734863,1.1050000190734863,1.1050000190734863,1.1050000190734863,1.1050000190734863,176.0
2024-03-01 11:20:00,LAB,2.424999952316284,2.424999952316284,2.424999952316284,2.4200000762939453,2.4200000762939453,589.0
2024-03-01 11:20:00,LFLY,2.930000066757202,2.930000066757202,2.930000066757202,2.930000066757202,2.930000066757202,2323.0
2024-03-01 11:20:00,LFMD,7.96999979019165,7.96999979019165,7.96999979019165,7.96999979019165,7.96999979019165,630.0
2024-03-01 11:20:00,LFST,7.989999771118164,7.989999771118164,7.989999771118164,7.989999771118164,7.989999771118164,132.0
2024-03-01 11:20:00,LGVN,0.5418000221252441,0.5418000221252441,0.5418000221252441,0.5418000221252441,0.5418000221252441,9151.0
2024-03-01 11:20:00,LIFE,1.940000057220459,1.940000057220459,1.940000057220459,1.934999942779541,1.934999942779541,11278.0
2024-03-01 11:20:00,LQDA,14.369999885559082,14.369999885559082,14.369999885559082,14.369999885559082,14.369999885559082,339.0
2024-03-01 11:20:00,LRMR,11.15999984741211,11.15999984741211,11.15999984741211,11.15999984741211,11.15999984741211,25.0
2024-03-01 11:20:00,LVTX,2.990000009536743,2.990000009536743,2.994999885559082,2.990000009536743,2.994999885559082,2400.0
2024-03-01 11:20:00,LXRX,2.4149999618530273,2.4149999618530273,2.4149999618530273,2.4100000858306885,2.4149999618530273,1330.0
2024-03-01 11:20:00,LYEL,3.1549999713897705,3.1549999713897705,3.1549999713897705,3.1549999713897705,3.1549999713897705,200.0
2024-03-01 11:20:00,LYRA,5.619999885559082,5.619999885559082,5.619999885559082,5.619999885559082,5.619999885559082,14761.0
2024-03-01 11:20:00,MASI,126.83499908447266,126.83499908447266,126.83499908447266,126.83499908447266,126.83499908447266,29482.0
2024-03-01 11:20:00,MCRB,1.1800999641418457,1.1800999641418457,1.1837999820709229,1.1799999475479126,1.1799999475479126,1904.0
2024-03-01 11:20:00,MDRX,5.909999847412109,5.909999847412109,5.949999809265137,5.900000095367432,5.900000095367432,15650.0
2024-03-01 11:20:00,MDXG,8.664999961853027,8.664999961853027,8.670000076293945,8.654999732971191,8.654999732971191,4383.0
2024-03-01 11:20:00,ME,0.5874999761581421,0.5874999761581421,0.5874999761581421,0.5874999761581421,0.5874999761581421,184.0
2024-03-01 11:20:00,MESO,2.0450000762939453,2.0450000762939453,2.0450000762939453,2.0450000762939453,2.0450000762939453,451.0
2024-03-01 11:20:00,MGNX,19.25,19.25,19.250099182128906,19.2450008392334,19.25,1262.0
2024-03-01 11:20:00,MIRM,30.100000381469727,30.100000381469727,30.100000381469727,30.06999969482422,30.06999969482422,459.0
2024-03-01 11:20:00,MLTX,52.0099983215332,52.0099983215332,52.0099983215332,51.9900016784668,51.9900016784668,862.0
2024-03-01 11:20:00,MNKD,4.644999980926514,4.644999980926514,4.650000095367432,4.635000228881836,4.635000228881836,16740.0
2024-03-01 11:20:00,MNMD,5.909999847412109,5.909999847412109,5.909999847412109,5.900000095367432,5.900000095367432,1590.0
2024-03-01 11:20:00,MODD,1.9199999570846558,1.9199999570846558,1.9199999570846558,1.899999976158142,1.909999966621399,6235.0
2024-03-01 11:20:00,MREO,3.799999952316284,3.799999952316284,3.799999952316284,3.799999952316284,3.799999952316284,360.0
2024-03-01 11:20:00,MRNA,95.80000305175781,95.80000305175781,95.83000183105469,95.76000213623047,95.76000213623047,2814.0
2024-03-01 11:20:00,MRSN,5.900100231170654,5.900100231170654,5.914999961853027,5.900000095367432,5.914999961853027,1190.0
2024-03-01 11:20:00,MRUS,50.709999084472656,50.709999084472656,50.709999084472656,50.52000045776367,50.529998779296875,712.0
2024-03-01 11:20:00,MRVI,7.875,7.875,7.889999866485596,7.875,7.889999866485596,1018.0
2024-03-01 11:20:00,NARI,46.63999938964844,46.63999938964844,46.63999938964844,46.529998779296875,46.60319900512695,2239.0
2024-03-01 11:20:00,NBIX,129.88999938964844,129.88999938964844,129.88999938964844,129.17999267578125,129.17999267578125,6240.0
2024-03-01 11:20:00,NBSE,0.8600999712944031,0.8600999712944031,0.8600999712944031,0.8600999712944031,0.8600999712944031,4103.0
2024-03-01 11:20:00,NEO,16.1200008392334,16.1200008392334,16.1200008392334,16.104999542236328,16.104999542236328,43090.0
2024-03-01 11:20:00,NEOG,17.350000381469727,17.350000381469727,17.350000381469727,17.350000381469727,17.350000381469727,369.0
2024-03-01 11:20:00,NERV,2.5199999809265137,2.5199999809265137,2.5199999809265137,2.5199999809265137,2.5199999809265137,80458.0
2024-03-01 11:20:00,NGM,1.5312000513076782,1.5312000513076782,1.5312000513076782,1.5312000513076782,1.5312000513076782,400.0
2024-03-01 11:20:00,NKTR,0.7534999847412109,0.7534999847412109,0.7570000290870667,0.7531999945640564,0.7570000290870667,7104.0
2024-03-01 11:20:00,NKTX,12.630000114440918,12.630000114440918,12.675999641418457,12.630000114440918,12.675999641418457,792.0
2024-03-01 11:20:00,NNOX,11.100000381469727,11.100000381469727,11.109999656677246,11.100000381469727,11.109999656677246,851.0
2024-03-01 11:20:00,NRIX,13.260000228881836,13.260000228881836,13.300000190734863,13.248900413513184,13.300000190734863,1915.0
2024-03-01 11:20:00,NRSN,1.9993000030517578,1.9993000030517578,1.9993000030517578,1.9993000030517578,1.9993000030517578,200.0
2024-03-01 11:20:00,NRXP,0.42750000953674316,0.42750000953674316,0.42750000953674316,0.42750000953674316,0.42750000953674316,0.0
2024-03-01 11:20:00,NTLA,33.599998474121094,33.599998474121094,33.599998474121094,33.56999969482422,33.57500076293945,2406.0
2024-03-01 11:20:00,NTRA,89.5,89.5,89.5,89.44499969482422,89.44499969482422,2494.0
2024-03-01 11:20:00,NUVL,87.91000366210938,87.91000366210938,87.91000366210938,87.77999877929688,87.79000091552734,15081.0
2024-03-01 11:20:00,NUWE,0.5733000040054321,0.5733000040054321,0.5733000040054321,0.5733000040054321,0.5733000040054321,883.0
2024-03-01 11:20:00,NVAX,5.190000057220459,5.190000057220459,5.190000057220459,5.160099983215332,5.160099983215332,9797.0
2024-03-01 11:20:00,NVCR,16.030000686645508,16.030000686645508,16.040000915527344,16.024999618530273,16.040000915527344,2138.0
2024-03-01 11:20:00,NVCT,10.609999656677246,10.609999656677246,10.640000343322754,10.609999656677246,10.640000343322754,201.0
2024-03-01 11:20:00,OCGN,0.9291999936103821,0.9291999936103821,0.9291999936103821,0.9241999983787537,0.9241999983787537,157.0
2024-03-01 11:20:00,OCUL,10.460000038146973,10.460000038146973,10.460000038146973,10.449999809265137,10.449999809265137,901.0
2024-03-01 11:20:00,OLMA,13.095000267028809,13.095000267028809,13.095000267028809,13.095000267028809,13.095000267028809,312.0
2024-03-01 11:20:00,OM,3.1600000858306885,3.1600000858306885,3.1600000858306885,3.1600000858306885,3.1600000858306885,105.0
2024-03-01 11:20:00,OMGA,4.233699798583984,4.233699798583984,4.233699798583984,4.233699798583984,4.233699798583984,600.0
2024-03-01 11:20:00,ONVO,1.034999966621399,1.034999966621399,1.034999966621399,1.034999966621399,1.034999966621399,4271.0
2024-03-01 11:21:00,ABSI,5.179999828338623,5.179999828338623,5.179999828338623,5.170000076293945,5.170000076293945,0.0
2024-03-01 11:21:00,ABUS,2.7850000858306885,2.7850000858306885,2.7850000858306885,2.7850000858306885,2.7850000858306885,95863.0
2024-03-01 11:21:00,ACAD,23.8799991607666,23.8799991607666,23.898000717163086,23.8799991607666,23.889999389648438,2071.0
2024-03-01 11:21:00,ACB,3.125,3.125,3.125,3.125,3.125,299.0
2024-03-01 11:21:00,ACCD,10.300000190734863,10.300000190734863,10.300000190734863,10.300000190734863,10.300000190734863,135.0
2024-03-01 11:21:00,ACET,2.4049999713897705,2.4049999713897705,2.4049999713897705,2.4049999713897705,2.4049999713897705,468.0
2024-03-01 11:21:00,ACLX,67.58499908447266,67.58499908447266,67.58999633789062,67.5199966430664,67.5199966430664,3338.0
2024-03-01 11:21:00,ACONW,0.051500000059604645,0.051500000059604645,0.051500000059604645,0.051500000059604645,0.051500000059604645,0.0
2024-03-01 11:21:00,ACRS,1.2100000381469727,1.2100000381469727,1.2200000286102295,1.2100000381469727,1.2200000286102295,578.0
2024-03-01 11:21:00,ADAP,1.5958000421524048,1.5958000421524048,1.600000023841858,1.5800000429153442,1.600000023841858,20849.0
2024-03-01 11:21:00,ADIL,3.0399999618530273,3.0399999618530273,3.0399999618530273,2.9600000381469727,2.9700000286102295,66522.0
2024-03-01 11:21:00,ADMA,5.349999904632568,5.349999904632568,5.360000133514404,5.349999904632568,5.355000019073486,1331.0
2024-03-01 11:21:00,ADPT,4.235000133514404,4.235000133514404,4.235000133514404,4.235000133514404,4.235000133514404,103.0
2024-03-01 11:21:00,ADVM,1.9500000476837158,1.9500000476837158,1.9500000476837158,1.9400999546051025,1.9500000476837158,5378.0
2024-03-01 11:21:00,AGEN,0.6700000166893005,0.6700000166893005,0.6700000166893005,0.6687999963760376,0.6687999963760376,9714.0
2024-03-01 11:21:00,AGIO,32.88999938964844,32.88999938964844,32.90999984741211,32.88999938964844,32.88999938964844,715.0
2024-03-01 11:21:00,AHCO,10.84000015258789,10.84000015258789,10.875,10.84000015258789,10.875,3043.0
2024-03-01 11:21:00,AKAN,0.24009999632835388,0.24009999632835388,0.24500000476837158,0.24009999632835388,0.24500000476837158,0.0
2024-03-01 11:21:00,AKBA,1.6649999618530273,1.6649999618530273,1.6699999570846558,1.6649999618530273,1.6699999570846558,10905.0
2024-03-01 11:21:00,AKLI,0.3398999869823456,0.3398999869823456,0.3398999869823456,0.3398999869823456,0.3398999869823456,221808.0
2024-03-01 11:21:00,AKRO,29.7450008392334,29.7450008392334,29.7450008392334,29.649999618530273,29.649999618530273,1782.0
2024-03-01 11:21:00,ALDX,4.177499771118164,4.177499771118164,4.179999828338623,4.177499771118164,4.179999828338623,201.0
2024-03-01 11:21:00,ALEC,7.510000228881836,7.510000228881836,7.510000228881836,7.5,7.5,329.0
2024-03-01 11:21:00,ALGN,300.0899963378906,300.0899963378906,300.0899963378906,300.0899963378906,300.0899963378906,49124.0
2024-03-01 11:21:00,ALHC,5.860000133514404,5.860000133514404,5.860000133514404,5.860000133514404,5.860000133514404,323.0
2024-03-01 11:21:00,ALKS,30.200000762939453,30.200000762939453,30.200000762939453,30.145000457763672,30.184999465942383,10750.0
2024-03-01 11:21:00,ALLK,1.600000023841858,1.600000023841858,1.600000023841858,1.5950000286102295,1.5950000286102295,318.0
2024-03-01 11:21:00,ALLO,5.034999847412109,5.034999847412109,5.034999847412109,5.034999847412109,5.034999847412109,553.0
2024-03-01 11:21:00,ALNY,155.05999755859375,155.05999755859375,155.05999755859375,154.8800048828125,154.8800048828125,34116.0
2024-03-01 11:21:00,ALPN,36.25,36.25,36.25,36.25,36.25,201.0
2024-03-01 11:21:00,ALT,12.238499641418457,12.238499641418457,12.239999771118164,12.220000267028809,12.225000381469727,21717.0
2024-03-01 11:21:00,ALVO,15.619999885559082,15.619999885559082,15.619999885559082,15.619999885559082,15.619999885559082,500.0
2024-03-01 11:21:00,ALVR,0.7476999759674072,0.7476999759674072,0.7476999759674072,0.7476999759674072,0.7476999759674072,28129.0
2024-03-01 11:21:00,AMGN,281.05999755859375,281.05999755859375,281.1600036621094,280.9599914550781,281.1499938964844,3185.0
2024-03-01 11:21:00,AMLX,18.90999984741211,18.90999984741211,18.929899215698242,18.907699584960938,18.929899215698242,88482.0
2024-03-01 11:21:00,AMPH,45.900001525878906,45.900001525878906,45.939998626708984,45.900001525878906,45.939998626708984,96654.0
2024-03-01 11:21:00,AMRN,1.0499999523162842,1.0499999523162842,1.0549999475479126,1.0499999523162842,1.0549999475479126,2510.0
2024-03-01 11:21:00,ANIP,67.0,67.0,67.0,67.0,67.0,218.0
2024-03-01 11:21:00,ANNX,6.139999866485596,6.139999866485596,6.139999866485596,6.099999904632568,6.099999904632568,2365.0
2024-03-01 11:21:00,ANTX,2.9999001026153564,2.9999001026153564,2.9999001026153564,2.9999001026153564,2.9999001026153564,49911.0
2024-03-01 11:21:00,APLS,64.98500061035156,64.98500061035156,65.0999984741211,64.83999633789062,64.83999633789062,5247.0
2024-03-01 11:21:00,APLT,7.090000152587891,7.090000152587891,7.119999885559082,7.090000152587891,7.099999904632568,7656.0
2024-03-01 11:21:00,APVO,0.16580000519752502,0.16580000519752502,0.16580000519752502,0.164900004863739,0.16580000519752502,18244.0
2024-03-01 11:21:00,AQST,4.215000152587891,4.215000152587891,4.218299865722656,4.195000171661377,4.195000171661377,17586.0
2024-03-01 11:21:00,ARDX,9.539999961853027,9.539999961853027,9.5600004196167,9.539999961853027,9.5600004196167,5015.0
2024-03-01 11:21:00,ARGX,387.82000732421875,387.82000732421875,387.8999938964844,387.5,387.5,1849.0
2024-03-01 11:21:00,ARQT,11.1850004196167,11.1850004196167,11.197500228881836,11.0600004196167,11.0600004196167,131697.0
2024-03-01 11:21:00,ARVN,48.93000030517578,48.93000030517578,48.97999954223633,48.76499938964844,48.845001220703125,3906.0
2024-03-01 11:21:00,ARWR,35.60499954223633,35.60499954223633,35.619998931884766,35.60499954223633,35.619998931884766,186167.0
2024-03-01 11:21:00,ASND,149.61749267578125,149.61749267578125,149.61749267578125,149.51499938964844,149.51499938964844,500.0
2024-03-01 11:21:00,ASRT,0.9150999784469604,0.9150999784469604,0.9150999784469604,0.9150999784469604,0.9150999784469604,491.0
2024-03-01 11:21:00,ATAI,2.0009000301361084,2.0009000301361084,2.001499891281128,2.0009000301361084,2.001499891281128,2206.0
2024-03-01 11:21:00,ATEC,13.515000343322754,13.515000343322754,13.53499984741211,13.515000343322754,13.53499984741211,8438.0
2024-03-01 11:21:00,ATHA,4.010000228881836,4.010000228881836,4.010000228881836,3.994999885559082,3.994999885559082,601.0
2024-03-01 11:21:00,ATOS,0.9998999834060669,0.9998999834060669,0.9998999834060669,0.9998999834060669,0.9998999834060669,28879.0
2024-03-01 11:21:00,ATRA,0.8100000023841858,0.8100000023841858,0.8100000023841858,0.8100000023841858,0.8100000023841858,600.0
2024-03-01 11:21:00,AUGX,4.570000171661377,4.570000171661377,4.570000171661377,4.570000171661377,4.570000171661377,6580.0
2024-03-01 11:21:00,AUPH,5.840000152587891,5.840000152587891,5.840000152587891,5.830100059509277,5.831900119781494,648.0
2024-03-01 11:21:00,AVDL,12.619999885559082,12.619999885559082,12.619999885559082,12.529999732971191,12.550000190734863,16448.0
2024-03-01 11:21:00,AVIR,4.425000190734863,4.425000190734863,4.425000190734863,4.420000076293945,4.420000076293945,43796.0
2024-03-01 11:21:00,AVRO,1.3250000476837158,1.3250000476837158,1.3250000476837158,1.3250000476837158,1.3250000476837158,12710.0
2024-03-01 11:21:00,AXSM,82.7699966430664,82.7699966430664,82.95999908447266,82.72000122070312,82.91999816894531,5180.0
2024-03-01 11:21:00,AZN,64.59500122070312,64.59500122070312,64.59500122070312,64.58499908447266,64.58999633789062,3021.0
2024-03-01 11:21:00,AZTA,66.48999786376953,66.48999786376953,66.48999786376953,66.48999786376953,66.48999786376953,26190.0
2024-03-01 11:21:00,BBIO,35.939998626708984,35.939998626708984,36.07500076293945,35.939998626708984,36.07500076293945,6530.0
2024-03-01 11:21:00,BBLG,2.280100107192993,2.280100107192993,2.340399980545044,2.2799999713897705,2.3399999141693115,7909.0
2024-03-01 11:21:00,BCDA,0.5601999759674072,0.5601999759674072,0.5601999759674072,0.5601999759674072,0.5601999759674072,500.0
2024-03-01 11:21:00,BCEL,0.26759999990463257,0.26759999990463257,0.26759999990463257,0.26759999990463257,0.26759999990463257,36185.0
2024-03-01 11:21:00,BCRX,5.840000152587891,5.840000152587891,5.849999904632568,5.840000152587891,5.84499979019165,827.0
2024-03-01 11:21:00,BDTX,5.099999904632568,5.099999904632568,5.110000133514404,5.099999904632568,5.110000133514404,316.0
2024-03-01 11:21:00,BEAM,40.310001373291016,40.310001373291016,40.310001373291016,40.220001220703125,40.220001220703125,1723.0
2024-03-01 11:21:00,BFRI,0.8711000084877014,0.8711000084877014,0.8711000084877014,0.8711000084877014,0.8711000084877014,200.0
2024-03-01 11:21:00,BGNE,167.30499267578125,167.30499267578125,167.30499267578125,167.30499267578125,167.30499267578125,18583.0
2024-03-01 11:21:00,BGXX,0.27000001072883606,0.27000001072883606,0.27000001072883606,0.27000001072883606,0.27000001072883606,120.0
2024-03-01 11:21:00,BIIB,219.1199951171875,219.1199951171875,219.23500061035156,219.1199951171875,219.23500061035156,407.0
2024-03-01 11:21:00,BIVI,2.251199960708618,2.251199960708618,2.3092000484466553,2.25,2.285599946975708,155072.0
2024-03-01 11:21:00,BLFS,18.0,18.0,18.0,18.0,18.0,100.0
2024-03-01 11:21:00,BLUE,1.5950000286102295,1.5950000286102295,1.600000023841858,1.5950000286102295,1.5950000286102295,24934.0
2024-03-01 11:21:00,BMEA,18.0049991607666,18.0049991607666,18.0049991607666,17.975000381469727,17.975000381469727,255.0
2024-03-01 11:21:00,BMRN,86.83000183105469,86.83000183105469,86.87000274658203,86.80500030517578,86.8499984741211,8583.0
2024-03-01 11:21:00,BNGO,1.25,1.25,1.2509000301361084,1.25,1.2509000301361084,2227.0
2024-03-01 11:21:00,BNR,0.8600999712944031,0.8600999712944031,0.8600999712944031,0.8600999712944031,0.8600999712944031,0.0
2024-03-01 11:21:00,BNTX,91.9749984741211,91.9749984741211,92.04000091552734,91.9749984741211,92.02999877929688,1193.0
2024-03-01 11:21:00,BPMC,96.43000030517578,96.43000030517578,96.43000030517578,96.43000030517578,96.43000030517578,5054.0
2024-03-01 11:21:00,BTAI,3.259999990463257,3.259999990463257,3.2699999809265137,3.259999990463257,3.2699999809265137,85285.0
2024-03-01 11:21:00,BTMD,6.019999980926514,6.019999980926514,6.019999980926514,6.010000228881836,6.010000228881836,19661.0
2024-03-01 11:21:00,BTTX,0.1673000007867813,0.1673000007867813,0.1673000007867813,0.1673000007867813,0.1673000007867813,1045.0
2024-03-01 11:21:00,CAPR,4.53000020980835,4.53000020980835,4.587600231170654,4.53000020980835,4.587600231170654,85338.0
2024-03-01 11:21:00,CARA,0.9039000272750854,0.9039000272750854,0.9039000272750854,0.9039000272750854,0.9039000272750854,232176.0
2024-03-01 11:21:00,CBAY,32.244998931884766,32.244998931884766,32.244998931884766,32.24409866333008,32.244998931884766,1299.0
2024-03-01 11:21:00,CCCC,10.920000076293945,10.920000076293945,10.960000038146973,10.920000076293945,10.960000038146973,1515.0
2024-03-01 11:21:00,CDMO,8.170000076293945,8.170000076293945,8.170000076293945,8.170000076293945,8.170000076293945,48531.0
2024-03-01 11:21:00,CDNA,12.399999618530273,12.399999618530273,12.399999618530273,12.399800300598145,12.399800300598145,2938.0
2024-03-01 11:21:00,CDTX,0.7251999974250793,0.7251999974250793,0.7251999974250793,0.7250000238418579,0.7251999974250793,1800.0
2024-03-01 11:21:00,CDXS,4.480000019073486,4.480000019073486,4.480000019073486,4.480000019073486,4.480000019073486,200.0
2024-03-01 11:21:00,CERE,41.21500015258789,41.21500015258789,41.21989822387695,41.20989990234375,41.20989990234375,5990.0
2024-03-01 11:21:00,CERT,17.65999984741211,17.65999984741211,17.670000076293945,17.65999984741211,17.670000076293945,528.0
2024-03-01 11:21:00,CHRS,2.350100040435791,2.350100040435791,2.359999895095825,2.350100040435791,2.359999895095825,5515.0
2024-03-01 11:21:00,CING,1.3350000381469727,1.3350000381469727,1.3350000381469727,1.3350000381469727,1.3350000381469727,701.0
2024-03-01 11:21:00,CLDX,52.2599983215332,52.2599983215332,52.375,52.220001220703125,52.375,2196.0
2024-03-01 11:21:00,CLOV,0.8730999827384949,0.8730999827384949,0.875,0.8726000189781189,0.8737999796867371,7070.0
2024-03-01 11:21:00,CLRB,4.148099899291992,4.148099899291992,4.149899959564209,4.139999866485596,4.149899959564209,0.0
2024-03-01 11:21:00,CMAX,7.889999866485596,7.889999866485596,7.889999866485596,7.8420000076293945,7.8420000076293945,1120.0
2024-03-01 11:21:00,CMPS,11.085000038146973,11.085000038146973,11.100000381469727,11.039999961853027,11.039999961853027,4315.0
2024-03-01 11:21:00,CMPX,1.899999976158142,1.899999976158142,1.899999976158142,1.899999976158142,1.899999976158142,28785.0
2024-03-01 11:21:00,CNTA,10.600000381469727,10.600000381469727,10.649999618530273,10.5600004196167,10.600000381469727,4605.0
2024-03-01 11:21:00,COGT,7.204999923706055,7.204999923706055,7.210000038146973,7.204999923706055,7.210000038146973,1228.0
2024-03-01 11:21:00,COLL,36.79999923706055,36.79999923706055,36.79999923706055,36.79999923706055,36.79999923706055,36341.0
2024-03-01 11:21:00,CORT,23.985000610351562,23.985000610351562,24.0,23.950000762939453,23.950000762939453,6673.0
2024-03-01 11:21:00,CPRX,17.309999465942383,17.309999465942383,17.32979965209961,17.299999237060547,17.299999237060547,4473.0
2024-03-01 11:21:00,CPSI,9.472700119018555,9.472700119018555,9.510000228881836,9.423500061035156,9.479999542236328,4376.0
2024-03-01 11:21:00,CRBP,31.399999618530273,31.399999618530273,31.5,31.399999618530273,31.5,23248.0
2024-03-01 11:21:00,CRBU,8.109999656677246,8.109999656677246,8.119999885559082,8.109999656677246,8.119999885559082,1670.0
2024-03-01 11:21:00,CRDF,2.4600000381469727,2.4600000381469727,2.4800000190734863,2.450000047683716,2.4600000381469727,24605.0
2024-03-01 11:21:00,CRDL,1.9900000095367432,1.9900000095367432,1.9900000095367432,1.9900000095367432,1.9900000095367432,800.0
2024-03-01 11:21:00,CRMD,3.7200000286102295,3.7200000286102295,3.7200000286102295,3.7100000381469727,3.7100000381469727,84948.0
2024-03-01 11:21:00,CRON,2.065000057220459,2.065000057220459,2.065000057220459,2.0643999576568604,2.0643999576568604,1115.0
2024-03-01 11:21:00,CRSP,85.9800033569336,85.9800033569336,85.9800033569336,85.86000061035156,85.88890075683594,2215.0
2024-03-01 11:21:00,CRVS,2.265000104904175,2.265000104904175,2.265000104904175,2.265000104904175,2.265000104904175,220.0
2024-03-01 11:21:00,CSTL,20.170000076293945,20.170000076293945,20.170000076293945,20.170000076293945,20.170000076293945,80398.0
2024-03-01 11:21:00,CTKB,8.5,8.5,8.5,8.479999542236328,8.489999771118164,2788.0
2024-03-01 11:21:00,CTMX,2.565000057220459,2.565000057220459,2.565000057220459,2.5499000549316406,2.5499000549316406,7976.0
2024-03-01 11:21:00,CTXR,0.7699999809265137,0.7699999809265137,0.7892000079154968,0.7699999809265137,0.7802000045776367,1432.0
2024-03-01 11:21:00,CUE,2.1700000762939453,2.1700000762939453,2.1700000762939453,2.1700000762939453,2.1700000762939453,215.0
2024-03-01 11:21:00,CUTR,2.410900115966797,2.410900115966797,2.420599937438965,2.4100000858306885,2.4100000858306885,1401.0
2024-03-01 11:21:00,CVAC,3.4649999141693115,3.4649999141693115,3.4649999141693115,3.4649999141693115,3.4649999141693115,106.0
2024-03-01 11:21:00,CVRX,20.010000228881836,20.010000228881836,20.049999237060547,20.010000228881836,20.049999237060547,8125.0
2024-03-01 11:21:00,CYTK,74.27999877929688,74.27999877929688,74.27999877929688,74.27999877929688,74.27999877929688,120.0
2024-03-01 11:21:00,CYTO,2.100100040435791,2.100100040435791,2.100100040435791,2.100100040435791,2.100100040435791,110023.0
2024-03-01 11:21:00,DAWN,17.5,17.5,17.520000457763672,17.5,17.520000457763672,1016.0
2024-03-01 11:21:00,DCGO,4.139999866485596,4.139999866485596,4.142499923706055,4.139999866485596,4.142499923706055,54.0
2024-03-01 11:21:00,DCPH,17.014999389648438,17.014999389648438,17.025400161743164,17.014999389648438,17.020000457763672,871.0
2024-03-01 11:21:00,DCTH,4.21999979019165,4.21999979019165,4.21999979019165,4.21999979019165,4.21999979019165,1737.0
2024-03-01 11:21:00,DMTK,0.8600000143051147,0.8600000143051147,0.8600000143051147,0.8500000238418579,0.8500000238418579,506840.0
2024-03-01 11:21:00,DNLI,20.979999542236328,20.979999542236328,20.9950008392334,20.969999313354492,20.9950008392334,797.0
2024-03-01 11:21:00,DTIL,12.569999694824219,12.569999694824219,12.569999694824219,12.550000190734863,12.555000305175781,3180.0
2024-03-01 11:21:00,DVAX,12.845000267028809,12.845000267028809,12.845000267028809,12.84000015258789,12.84000015258789,1332.0
2024-03-01 11:21:00,DXCM,119.16999816894531,119.16999816894531,119.25,119.12000274658203,119.25,2495.0
2024-03-01 11:21:00,DYN,28.969999313354492,28.969999313354492,28.989999771118164,28.905000686645508,28.905000686645508,2279.0
2024-03-01 11:21:00,EDIT,11.024999618530273,11.024999618530273,11.024999618530273,10.994999885559082,11.010000228881836,6516.0
2024-03-01 11:21:00,EDSA,4.928999900817871,4.928999900817871,4.928999900817871,4.928999900817871,4.928999900817871,3962.0
2024-03-01 11:21:00,EFTR,15.019700050354004,15.019700050354004,15.079999923706055,15.019700050354004,15.079999923706055,1105.0
2024-03-01 11:21:00,EGRX,6.612100124359131,6.612100124359131,6.612100124359131,6.612100124359131,6.612100124359131,900.0
2024-03-01 11:21:00,EKSO,1.9780000448226929,1.9780000448226929,1.9780000448226929,1.9700000286102295,1.9700000286102295,9694.0
2024-03-01 11:21:00,ELEV,4.929999828338623,4.929999828338623,4.929999828338623,4.900000095367432,4.900000095367432,12801.0
2024-03-01 11:21:00,EMBC,14.529999732971191,14.529999732971191,14.529999732971191,14.505000114440918,14.505000114440918,477.0
2024-03-01 11:21:00,ENTA,15.239999771118164,15.239999771118164,15.239999771118164,15.204999923706055,15.204999923706055,25223.0
2024-03-01 11:21:00,ENVB,1.570099949836731,1.570099949836731,1.590000033378601,1.5606000423431396,1.5815000534057617,30306.0
2024-03-01 11:21:00,ESPR,2.509999990463257,2.509999990463257,2.509999990463257,2.509999990463257,2.509999990463257,10025.0
2024-03-01 11:21:00,ESTA,45.532501220703125,45.532501220703125,45.532501220703125,45.532501220703125,45.532501220703125,200.0
2024-03-01 11:21:00,ETNB,12.814399719238281,12.814399719238281,12.814399719238281,12.8100004196167,12.8100004196167,879.0
2024-03-01 11:21:00,EVGN,0.949999988079071,0.949999988079071,0.949999988079071,0.9399999976158142,0.944599986076355,5003.0
2024-03-01 11:21:00,EWTX,16.979999542236328,16.979999542236328,16.979999542236328,16.979999542236328,16.979999542236328,123.0
2024-03-01 11:21:00,EXAI,6.82289981842041,6.82289981842041,6.827600002288818,6.82289981842041,6.827600002288818,700.0
2024-03-01 11:21:00,EXAS,60.31999969482422,60.31999969482422,60.31999969482422,60.275001525878906,60.29999923706055,880.0
2024-03-01 11:21:00,EXEL,22.459999084472656,22.459999084472656,22.459999084472656,22.459999084472656,22.459999084472656,1355.0
2024-03-01 11:21:00,EYEN,2.2869999408721924,2.2869999408721924,2.2869999408721924,2.281399965286255,2.281399965286255,0.0
2024-03-01 11:21:00,EYPT,28.01609992980957,28.01609992980957,28.01609992980957,28.01609992980957,28.01609992980957,260.0
2024-03-01 11:21:00,FATE,7.434999942779541,7.434999942779541,7.449999809265137,7.434999942779541,7.449999809265137,2285.0
2024-03-01 11:21:00,FBIO,2.259999990463257,2.259999990463257,2.259999990463257,2.25,2.25,85206.0
2024-03-01 11:21:00,FDMT,29.15999984741211,29.15999984741211,29.15999984741211,29.15999984741211,29.15999984741211,101.0
2024-03-01 11:21:00,FEMY,1.701200008392334,1.701200008392334,1.7100000381469727,1.701200008392334,1.7100000381469727,2300.0
2024-03-01 11:21:00,FGEN,1.7649999856948853,1.7649999856948853,1.7699999809265137,1.7649999856948853,1.7649999856948853,1025.0
2024-03-01 11:21:00,FOLD,13.430000305175781,13.430000305175781,13.430000305175781,13.430000305175781,13.430000305175781,281.0
2024-03-01 11:21:00,FULC,10.845000267028809,10.845000267028809,10.857999801635742,10.829999923706055,10.857999801635742,1810.0
2024-03-01 11:21:00,FUSN,12.109000205993652,12.109000205993652,12.109999656677246,12.100000381469727,12.109999656677246,1079.0
2024-03-01 11:21:00,GDRX,8.295000076293945,8.295000076293945,8.300000190734863,8.295000076293945,8.300000190734863,220.0
2024-03-01 11:21:00,GERN,2.180000066757202,2.180000066757202,2.180000066757202,2.1700000762939453,2.174999952316284,9441.0
2024-03-01 11:21:00,GH,19.31999969482422,19.31999969482422,19.34000015258789,19.309999465942383,19.329999923706055,2954.0
2024-03-01 11:21:00,GILD,72.37000274658203,72.37000274658203,72.37999725341797,72.3550033569336,72.37999725341797,3585.0
2024-03-01 11:21:00,GLPG,35.060001373291016,35.060001373291016,35.06999969482422,35.060001373291016,35.06999969482422,7096.0
2024-03-01 11:21:00,GMAB,29.350000381469727,29.350000381469727,29.354999542236328,29.350000381469727,29.354999542236328,72627.0
2024-03-01 11:21:00,GMDA,0.37959998846054077,0.37959998846054077,0.37959998846054077,0.37959998846054077,0.37959998846054077,236725.0
2024-03-01 11:21:00,GNPX,4.480000019073486,4.480000019073486,4.480000019073486,4.480000019073486,4.480000019073486,0.0
2024-03-01 11:21:00,GOSS,1.3550000190734863,1.3550000190734863,1.3550000190734863,1.3550000190734863,1.3550000190734863,1449.0
2024-03-01 11:21:00,GRFS,7.054999828338623,7.054999828338623,7.059999942779541,7.054999828338623,7.059999942779541,628.0
2024-03-01 11:21:00,GRTS,2.210099935531616,2.210099935531616,2.2249999046325684,2.210099935531616,2.2249999046325684,8430.0
2024-03-01 11:21:00,GTH,3.9100000858306885,3.9100000858306885,3.9100000858306885,3.9100000858306885,3.9100000858306885,186.0
2024-03-01 11:21:00,GTHX,3.5399999618530273,3.5399999618530273,3.5399999618530273,3.5399999618530273,3.5399999618530273,256.0
2024-03-01 11:21:00,HARP,22.93000030517578,22.93000030517578,22.93000030517578,22.93000030517578,22.93000030517578,1.0
2024-03-01 11:21:00,HCAT,7.940000057220459,7.940000057220459,7.940000057220459,7.929999828338623,7.929999828338623,355.0
2024-03-01 11:21:00,HCM,15.375,15.375,15.375,15.375,15.375,3849.0
2024-03-01 11:21:00,HCSG,12.732500076293945,12.732500076293945,12.732500076293945,12.729999542236328,12.729999542236328,503.0
2024-03-01 11:21:00,HCTI,2.450000047683716,2.450000047683716,2.4593000411987305,2.450000047683716,2.4593000411987305,700.0
2024-03-01 11:21:00,HOLX,74.0,74.0,74.0,74.0,74.0,65321.0
2024-03-01 11:21:00,HQY,81.68000030517578,81.68000030517578,81.68000030517578,81.58999633789062,81.58999633789062,313.0
2024-03-01 11:21:00,HRTX,2.640000104904175,2.640000104904175,2.640000104904175,2.640000104904175,2.640000104904175,654.0
2024-03-01 11:21:00,HSDT,4.849999904632568,4.849999904632568,4.849999904632568,4.829999923706055,4.829999923706055,2000.0
2024-03-01 11:21:00,HUMA,3.2249999046325684,3.2249999046325684,3.25,3.2200000286102295,3.244999885559082,1983135.0
2024-03-01 11:21:00,IART,36.86000061035156,36.86000061035156,36.90999984741211,36.84000015258789,36.845001220703125,86836.0
2024-03-01 11:21:00,IBRX,4.875,4.875,4.880000114440918,4.872000217437744,4.880000114440918,3406.0
2024-03-01 11:21:00,ICLR,323.5199890136719,323.5199890136719,323.5199890136719,323.5199890136719,323.5199890136719,396.0
2024-03-01 11:21:00,ICUI,106.9000015258789,106.9000015258789,106.9000015258789,106.9000015258789,106.9000015258789,47953.0
2024-03-01 11:21:00,ILMN,142.10000610351562,142.10000610351562,142.10000610351562,141.88999938964844,141.88999938964844,132980.0
2024-03-01 11:21:00,IMAB,1.8601000308990479,1.8601000308990479,1.8650000095367432,1.8600000143051147,1.8650000095367432,1417.0
2024-03-01 11:21:00,IMCR,68.05500030517578,68.05500030517578,68.05500030517578,68.05500030517578,68.05500030517578,115.0
2024-03-01 11:21:00,IMNM,25.43000030517578,25.43000030517578,25.43000030517578,25.329999923706055,25.329999923706055,37972.0
2024-03-01 11:21:00,IMTX,13.154999732971191,13.154999732971191,13.154999732971191,13.154999732971191,13.154999732971191,113.0
2024-03-01 11:21:00,IMVT,36.27000045776367,36.27000045776367,36.33000183105469,36.27000045776367,36.33000183105469,1193.0
2024-03-01 11:21:00,INCY,59.255001068115234,59.255001068115234,59.2599983215332,59.255001068115234,59.2599983215332,489.0
2024-03-01 11:21:00,INGN,6.849999904632568,6.849999904632568,6.869999885559082,6.849999904632568,6.869999885559082,65252.0
2024-03-01 11:21:00,INMB,12.0,12.0,12.0,11.895500183105469,11.989999771118164,687.0
2024-03-01 11:21:00,INMD,22.8700008392334,22.8700008392334,22.881200790405273,22.8700008392334,22.881200790405273,588.0
2024-03-01 11:21:00,INSM,28.155000686645508,28.155000686645508,28.155000686645508,28.155000686645508,28.155000686645508,400.0
2024-03-01 11:21:00,INVA,15.704999923706055,15.704999923706055,15.704999923706055,15.699999809265137,15.699999809265137,679.0
2024-03-01 11:21:00,IOBT,1.7400000095367432,1.7400000095367432,1.7400000095367432,1.7400000095367432,1.7400000095367432,600.0
2024-03-01 11:21:00,IOVA,16.4950008392334,16.4950008392334,16.4950008392334,16.4950008392334,16.4950008392334,1775.0
2024-03-01 11:21:00,IRWD,9.024999618530273,9.024999618530273,9.055000305175781,9.015000343322754,9.055000305175781,8508.0
2024-03-01 11:21:00,ISRG,393.1549987792969,393.1549987792969,393.364990234375,393.1499938964844,393.364990234375,134324.0
2024-03-01 11:21:00,ITCI,71.05999755859375,71.05999755859375,71.12999725341797,71.05999755859375,71.08999633789062,49471.0
2024-03-01 11:21:00,ITOS,10.78499984741211,10.78499984741211,10.78499984741211,10.78499984741211,10.78499984741211,200.0
2024-03-01 11:21:00,JAGX,0.08100000023841858,0.08100000023841858,0.08290000259876251,0.08100000023841858,0.08269999921321869,224188.0
2024-03-01 11:21:00,JANX,46.540000915527344,46.540000915527344,46.540000915527344,46.540000915527344,46.540000915527344,116218.0
2024-03-01 11:21:00,JAZZ,121.18499755859375,121.18499755859375,121.25,120.73999786376953,121.18499755859375,129496.0
2024-03-01 11:21:00,KNSA,21.8799991607666,21.8799991607666,21.90999984741211,21.8799991607666,21.90999984741211,300.0
2024-03-01 11:21:00,KNTE,2.619999885559082,2.619999885559082,2.625,2.619999885559082,2.625,3311.0
2024-03-01 11:21:00,KPRX,0.6851000189781189,0.6851000189781189,0.6851000189781189,0.6851000189781189,0.6851000189781189,8377.0
2024-03-01 11:21:00,KPTI,1.2450000047683716,1.2450000047683716,1.2450000047683716,1.2450000047683716,1.2450000047683716,1844.0
2024-03-01 11:21:00,KTRA,0.10029999911785126,0.10029999911785126,0.10029999911785126,0.10029999911785126,0.10029999911785126,1216103.0
2024-03-01 11:21:00,KURA,21.5,21.5,21.5,21.485000610351562,21.489999771118164,46474.0
2024-03-01 11:21:00,KYMR,44.15999984741211,44.15999984741211,44.15999984741211,44.150001525878906,44.15999984741211,329.0
2024-03-01 11:21:00,KZR,1.1050000190734863,1.1050000190734863,1.1050000190734863,1.1050000190734863,1.1050000190734863,131.0
2024-03-01 11:21:00,LAB,2.430000066757202,2.430000066757202,2.430000066757202,2.424999952316284,2.424999952316284,134.0
2024-03-01 11:21:00,LFMD,7.960000038146973,7.960000038146973,7.960000038146973,7.960000038146973,7.960000038146973,19300.0
2024-03-01 11:21:00,LFST,8.0,8.0,8.0,7.994999885559082,7.994999885559082,1318.0
2024-03-01 11:21:00,LIAN,4.868199825286865,4.868199825286865,4.868199825286865,4.860000133514404,4.860000133514404,1027.0
2024-03-01 11:21:00,LIVN,55.33000183105469,55.33000183105469,55.33000183105469,55.33000183105469,55.33000183105469,200.0
2024-03-01 11:21:00,LMAT,67.375,67.375,67.375,67.375,67.375,23268.0
2024-03-01 11:21:00,LNTH,65.37999725341797,65.37999725341797,65.44000244140625,65.37999725341797,65.44000244140625,207.0
2024-03-01 11:21:00,LQDA,14.34000015258789,14.34000015258789,14.34000015258789,14.34000015258789,14.34000015258789,114.0
2024-03-01 11:21:00,LRMR,11.164999961853027,11.164999961853027,11.164999961853027,11.164999961853027,11.164999961853027,28851.0
2024-03-01 11:21:00,LSTA,3.1647000312805176,3.1647000312805176,3.1647000312805176,3.1647000312805176,3.1647000312805176,2273.0
2024-03-01 11:21:00,LTRN,4.660099983215332,4.660099983215332,4.660099983215332,4.660099983215332,4.660099983215332,32431.0
2024-03-01 11:21:00,LUCD,1.2300000190734863,1.2300000190734863,1.2300000190734863,1.2300000190734863,1.2300000190734863,23290.0
2024-03-01 11:21:00,LUNG,9.170000076293945,9.170000076293945,9.170000076293945,9.170000076293945,9.170000076293945,134.0
2024-03-01 11:21:00,LVTX,3.0,3.0,3.0,2.994999885559082,2.997499942779541,1800.0
2024-03-01 11:21:00,LXRX,2.4100000858306885,2.4100000858306885,2.4114999771118164,2.4100000858306885,2.4114999771118164,407.0
2024-03-01 11:21:00,LYEL,3.1500000953674316,3.1500000953674316,3.1500000953674316,3.1500000953674316,3.1500000953674316,216.0
2024-03-01 11:21:00,MACK,14.729999542236328,14.729999542236328,14.729999542236328,14.729999542236328,14.729999542236328,11001.0
2024-03-01 11:21:00,MCRB,1.1799999475479126,1.1799999475479126,1.1799999475479126,1.1799999475479126,1.1799999475479126,219015.0
2024-03-01 11:21:00,MDRX,5.949999809265137,5.949999809265137,5.949999809265137,5.909999847412109,5.909999847412109,6197.0
2024-03-01 11:21:00,MDXG,8.654999732971191,8.654999732971191,8.664999961853027,8.649999618530273,8.664999961853027,2857.0
2024-03-01 11:21:00,MDXH,3.799999952316284,3.799999952316284,3.799999952316284,3.7300000190734863,3.7300000190734863,2125.0
2024-03-01 11:21:00,ME,0.5848000049591064,0.5848000049591064,0.5882999897003174,0.5839999914169312,0.5882999897003174,15030.0
2024-03-01 11:21:00,MGNX,19.2450008392334,19.2450008392334,19.260000228881836,19.2450008392334,19.260000228881836,2808.0
2024-03-01 11:21:00,MIRM,30.09000015258789,30.09000015258789,30.100000381469727,30.09000015258789,30.100000381469727,567.0
2024-03-01 11:21:00,MIST,1.6950000524520874,1.6950000524520874,1.6984000205993652,1.690000057220459,1.6984000205993652,49053.0
2024-03-01 11:21:00,MLTX,51.959999084472656,51.959999084472656,52.0,51.959999084472656,52.0,1930.0
2024-03-01 11:21:00,MMSI,76.2699966430664,76.2699966430664,76.2699966430664,75.98999786376953,75.98999786376953,45827.0
2024-03-01 11:21:00,MNKD,4.650000095367432,4.650000095367432,4.650000095367432,4.644999980926514,4.644999980926514,4701.0
2024-03-01 11:21:00,MNMD,5.909999847412109,5.909999847412109,5.909999847412109,5.909999847412109,5.909999847412109,94263.0
2024-03-01 11:21:00,MODD,1.9010000228881836,1.9010000228881836,1.9012000560760498,1.899999976158142,1.9012000560760498,5900.0
2024-03-01 11:21:00,MORF,38.709999084472656,38.709999084472656,38.709999084472656,38.650001525878906,38.650001525878906,37720.0
2024-03-01 11:21:00,MOTS,0.6883000135421753,0.6883000135421753,0.6883000135421753,0.6801000237464905,0.6801999807357788,750.0
2024-03-01 11:21:00,MOVE,0.5881999731063843,0.5881999731063843,0.5881999731063843,0.5881999731063843,0.5881999731063843,4671.0
2024-03-01 11:21:00,MREO,3.8099000453948975,3.8099000453948975,3.8099000453948975,3.805000066757202,3.805000066757202,1272.0
2024-03-01 11:21:00,MRNA,95.92980194091797,95.92980194091797,95.92980194091797,95.79000091552734,95.83999633789062,8319.0
2024-03-01 11:21:00,MRNS,9.839900016784668,9.839900016784668,9.839900016784668,9.824999809265137,9.824999809265137,21175.0
2024-03-01 11:21:00,MRSN,5.92609977722168,5.92609977722168,5.929999828338623,5.900000095367432,5.900000095367432,3828.0
2024-03-01 11:21:00,MRUS,50.7400016784668,50.7400016784668,50.7400016784668,50.67169952392578,50.67169952392578,89912.0
2024-03-01 11:21:00,MRVI,7.875,7.875,7.875,7.864999771118164,7.869999885559082,838.0
2024-03-01 11:21:00,MTEM,3.759999990463257,3.759999990463257,3.759999990463257,3.759999990463257,3.759999990463257,100.0
2024-03-01 11:21:00,MXCT,4.735000133514404,4.735000133514404,4.735000133514404,4.735000133514404,4.735000133514404,278.0
2024-03-01 11:21:00,MYGN,21.594999313354492,21.594999313354492,21.594999313354492,21.594999313354492,21.594999313354492,151.0
2024-03-01 11:21:00,NARI,46.47999954223633,46.47999954223633,46.61000061035156,46.470001220703125,46.61000061035156,6237.0
2024-03-01 11:21:00,NAUT,2.684999942779541,2.684999942779541,2.684999942779541,2.684999942779541,2.684999942779541,9431.0
2024-03-01 11:21:00,NBIX,129.8300018310547,129.8300018310547,129.8300018310547,129.8300018310547,129.8300018310547,407.0
2024-03-01 11:21:00,NEOG,17.329999923706055,17.329999923706055,17.34000015258789,17.329999923706055,17.34000015258789,1080.0
2024-03-01 11:21:00,NGM,1.5299999713897705,1.5299999713897705,1.538699984550476,1.5299999713897705,1.5302000045776367,85455.0
2024-03-01 11:21:00,NKTR,0.7541000247001648,0.7541000247001648,0.7590000033378601,0.7531999945640564,0.7531999945640564,9287.0
2024-03-01 11:21:00,NKTX,12.640000343322754,12.640000343322754,12.640000343322754,12.640000343322754,12.640000343322754,621.0
2024-03-01 11:21:00,NNOX,11.050000190734863,11.050000190734863,11.100099563598633,11.029999732971191,11.100099563598633,14337.0
2024-03-01 11:21:00,NOTV,7.860000133514404,7.860000133514404,7.860000133514404,7.860000133514404,7.860000133514404,530.0
2024-03-01 11:21:00,NRBO,5.664999961853027,5.664999961853027,5.664999961853027,5.664999961853027,5.664999961853027,200.0
2024-03-01 11:21:00,NRIX,13.239999771118164,13.239999771118164,13.239999771118164,13.239999771118164,13.239999771118164,388.0
2024-03-01 11:21:00,NRSN,1.9982000589370728,1.9982000589370728,1.9982000589370728,1.9982000589370728,1.9982000589370728,292.0
2024-03-01 11:21:00,NRXP,0.42500001192092896,0.42500001192092896,0.42500001192092896,0.42500001192092896,0.42500001192092896,3200.0
2024-03-01 11:21:00,NSPR,2.6449999809265137,2.6449999809265137,2.6449999809265137,2.6449999809265137,2.6449999809265137,7481.0
2024-03-01 11:21:00,NTLA,33.65999984741211,33.65999984741211,33.65999984741211,33.619998931884766,33.619998931884766,934.0
2024-03-01 11:21:00,NTRA,89.48999786376953,89.48999786376953,89.5,89.4800033569336,89.48999786376953,2378.0
2024-03-01 11:21:00,NUTX,0.11299999803304672,0.11299999803304672,0.11389999836683273,0.11299999803304672,0.11320000141859055,176682.0
2024-03-01 11:21:00,NUWE,0.5849000215530396,0.5849000215530396,0.5849000215530396,0.5849000215530396,0.5849000215530396,0.0
2024-03-01 11:21:00,NVAX,5.179999828338623,5.179999828338623,5.199999809265137,5.170000076293945,5.183000087738037,26726.0
2024-03-01 11:21:00,NVCR,16.020000457763672,16.020000457763672,16.020000457763672,15.989999771118164,15.989999771118164,2127.0
2024-03-01 11:21:00,NVCT,10.699999809265137,10.699999809265137,10.699999809265137,10.6899995803833,10.6899995803833,27341.0
2024-03-01 11:21:00,NVOS,0.6252999901771545,0.6252999901771545,0.6252999901771545,0.6252999901771545,0.6252999901771545,58182.0
2024-03-01 11:21:00,NXTC,1.7899999618530273,1.7899999618530273,1.8200000524520874,1.7899999618530273,1.8200000524520874,3112.0
2024-03-01 11:21:00,OCGN,0.9190999865531921,0.9190999865531921,0.9293000102043152,0.9190999865531921,0.9293000102043152,756.0
2024-03-01 11:21:00,OCUL,10.444999694824219,10.444999694824219,10.454899787902832,10.444999694824219,10.454899787902832,660.0
2024-03-01 11:21:00,OFIX,13.0,13.0,13.020000457763672,13.0,13.020000457763672,23942.0
2024-03-01 11:21:00,OGI,2.119999885559082,2.119999885559082,2.130000114440918,2.119999885559082,2.125,119095.0
2024-03-01 11:21:00,OLK,22.690000534057617,22.690000534057617,22.690000534057617,22.690000534057617,22.690000534057617,322.0
2024-03-01 11:21:00,OLMA,13.0649995803833,13.0649995803833,13.109999656677246,13.0649995803833,13.109999656677246,402.0
2024-03-01 11:21:00,OMER,4.744999885559082,4.744999885559082,4.744999885559082,4.744999885559082,4.744999885559082,2100.0
2024-03-01 11:21:00,OMGA,4.25,4.25,4.28000020980835,4.239999771118164,4.239999771118164,10452.0
2024-03-01 11:22:00,ABCL,5.195000171661377,5.195000171661377,5.195000171661377,5.195000171661377,5.195000171661377,118807.0
2024-03-01 11:22:00,ABOS,4.682799816131592,4.682799816131592,4.682799816131592,4.682799816131592,4.682799816131592,113836.0
2024-03-01 11:22:00,ABSI,5.195000171661377,5.195000171661377,5.199999809265137,5.182000160217285,5.182000160217285,382449.0
2024-03-01 11:22:00,ACAD,23.90999984741211,23.90999984741211,23.90999984741211,23.899999618530273,23.899999618530273,160285.0
2024-03-01 11:22:00,ACB,3.125,3.125,3.1287999153137207,3.125,3.1287999153137207,269849.0
2024-03-01 11:22:00,ACCD,10.295000076293945,10.295000076293945,10.295000076293945,10.295000076293945,10.295000076293945,50704.0
2024-03-01 11:22:00,ACET,2.4049999713897705,2.4049999713897705,2.4049999713897705,2.4000000953674316,2.4000000953674316,86529.0
2024-03-01 11:22:00,ACHC,84.09010314941406,84.09010314941406,84.09010314941406,84.09010314941406,84.09010314941406,117.0
2024-03-01 11:22:00,ACLX,67.58999633789062,67.58999633789062,67.70999908447266,67.5199966430664,67.5199966430664,56100.0
2024-03-01 11:22:00,ACRS,1.215000033378601,1.215000033378601,1.2200000286102295,1.215000033378601,1.2200000286102295,230154.0
2024-03-01 11:22:00,ADIL,3.04010009765625,3.04010009765625,3.04010009765625,3.0399999618530273,3.04010009765625,21048120.0
2024-03-01 11:22:00,ADMA,5.355000019073486,5.355000019073486,5.360000133514404,5.355000019073486,5.360000133514404,254566.0
2024-03-01 11:22:00,ADPT,4.235000133514404,4.235000133514404,4.235000133514404,4.235000133514404,4.235000133514404,128997.0
2024-03-01 11:22:00,ADVM,1.9500000476837158,1.9500000476837158,1.9500000476837158,1.9450000524520874,1.9450000524520874,42102.0
2024-03-01 11:22:00,AGEN,0.6700000166893005,0.6700000166893005,0.6700000166893005,0.6697999835014343,0.6700000166893005,1013625.0
2024-03-01 11:22:00,AGIO,32.93000030517578,32.93000030517578,32.93000030517578,32.90999984741211,32.90999984741211,59070.0
2024-03-01 11:22:00,AGRX,0.8389999866485596,0.8389999866485596,0.8389999866485596,0.8389999866485596,0.8389999866485596,36873.0
2024-03-01 11:22:00,AHCO,10.789999961853027,10.789999961853027,10.829999923706055,10.789999961853027,10.829999923706055,121191.0
2024-03-01 11:22:00,AIMD,0.9399999976158142,0.9399999976158142,0.9501000046730042,0.9399999976158142,0.949999988079071,36684.0
2024-03-01 11:22:00,AIRS,6.519999980926514,6.519999980926514,6.519999980926514,6.519999980926514,6.519999980926514,101.0
2024-03-01 11:22:00,AKAN,0.24010099470615387,0.24010099470615387,0.24010099470615387,0.24009999632835388,0.24009999632835388,5099539.0
2024-03-01 11:22:00,AKBA,1.6699999570846558,1.6699999570846558,1.6699999570846558,1.659999966621399,1.6649999618530273,492245.0
2024-03-01 11:22:00,AKRO,29.84000015258789,29.84000015258789,29.864999771118164,29.788000106811523,29.788000106811523,293118.0
2024-03-01 11:22:00,ALDX,4.170000076293945,4.170000076293945,4.179999828338623,4.170000076293945,4.179999828338623,183377.0
2024-03-01 11:22:00,ALEC,7.510000228881836,7.510000228881836,7.510000228881836,7.510000228881836,7.510000228881836,108228.0
2024-03-01 11:22:00,ALGS,1.0700000524520874,1.0700000524520874,1.0700000524520874,1.0700000524520874,1.0700000524520874,46108.0
2024-03-01 11:22:00,ALHC,5.860000133514404,5.860000133514404,5.869999885559082,5.860000133514404,5.860099792480469,96098.0
2024-03-01 11:22:00,ALKS,30.18000030517578,30.18000030517578,30.200000762939453,30.170000076293945,30.200000762939453,87000.0
2024-03-01 11:22:00,ALLO,5.050000190734863,5.050000190734863,5.054999828338623,5.034999847412109,5.034999847412109,149434.0
2024-03-01 11:22:00,ALPN,36.220001220703125,36.220001220703125,36.2599983215332,36.220001220703125,36.2599983215332,63284.0
2024-03-01 11:22:00,ALRN,4.980000019073486,4.980000019073486,4.980000019073486,4.980000019073486,4.980000019073486,420.0
2024-03-01 11:22:00,ALT,12.276200294494629,12.276200294494629,12.276200294494629,12.199999809265137,12.220000267028809,729713.0
2024-03-01 11:22:00,AMED,93.58999633789062,93.58999633789062,93.58999633789062,93.55999755859375,93.55999755859375,16400.0
2024-03-01 11:22:00,AMGN,281.0450134277344,281.0450134277344,281.1086120605469,281.0450134277344,281.1086120605469,405988.0
2024-03-01 11:22:00,AMLX,18.90999984741211,18.90999984741211,18.929899215698242,18.90999984741211,18.929899215698242,392.0
2024-03-01 11:22:00,AMRN,1.0499999523162842,1.0499999523162842,1.0549999475479126,1.0499999523162842,1.0499999523162842,642685.0
2024-03-01 11:22:00,ANGO,5.510000228881836,5.510000228881836,5.514999866485596,5.505000114440918,5.505000114440918,57424.0
2024-03-01 11:22:00,ANIP,67.11000061035156,67.11000061035156,67.11000061035156,66.95999908447266,67.08999633789062,20749.0
2024-03-01 11:22:00,ANIX,3.509999990463257,3.509999990463257,3.509999990463257,3.509999990463257,3.509999990463257,12866.0
2024-03-01 11:22:00,ANNX,6.099999904632568,6.099999904632568,6.099999904632568,6.099999904632568,6.099999904632568,190207.0
2024-03-01 11:22:00,APLS,64.97000122070312,64.97000122070312,65.06999969482422,64.97000122070312,64.97000122070312,217136.0
2024-03-01 11:22:00,APLT,7.119999885559082,7.119999885559082,7.119999885559082,7.119999885559082,7.119999885559082,235459.0
2024-03-01 11:22:00,APTO,1.7899999618530273,1.7899999618530273,1.7899999618530273,1.7899999618530273,1.7899999618530273,2963.0
2024-03-01 11:22:00,AQST,4.210100173950195,4.210100173950195,4.230000019073486,4.210100173950195,4.21999979019165,669856.0
2024-03-01 11:22:00,ARAY,2.6482999324798584,2.6482999324798584,2.6482999324798584,2.6449999809265137,2.6482999324798584,53875.0
2024-03-01 11:22:00,ARCT,39.6150016784668,39.6150016784668,39.6150016784668,39.6150016784668,39.6150016784668,27945.0
2024-03-01 11:22:00,ARDX,9.550000190734863,9.550000190734863,9.5600004196167,9.545000076293945,9.545000076293945,475738.0
2024-03-01 11:22:00,ARGX,388.6449890136719,388.6449890136719,388.6449890136719,388.04998779296875,388.04998779296875,34029.0
2024-03-01 11:22:00,ARQT,11.239999771118164,11.239999771118164,11.239999771118164,11.1899995803833,11.194999694824219,792503.0
2024-03-01 11:22:00,ARVN,48.939998626708984,48.939998626708984,49.040000915527344,48.900001525878906,48.900001525878906,103078.0
2024-03-01 11:22:00,ARWR,35.86000061035156,35.86000061035156,35.86000061035156,35.630001068115234,35.630001068115234,16870.0
2024-03-01 11:22:00,ASND,149.5,149.5,149.5,149.5,149.5,22281.0
2024-03-01 11:22:00,ASRT,0.9120000004768372,0.9120000004768372,0.9200000166893005,0.9120000004768372,0.9200000166893005,93247.0
2024-03-01 11:22:00,ATAI,2.005000114440918,2.005000114440918,2.005000114440918,2.005000114440918,2.005000114440918,113312.0
2024-03-01 11:22:00,ATEC,13.505000114440918,13.505000114440918,13.505000114440918,13.5,13.505000114440918,259963.0
2024-03-01 11:22:00,ATHA,4.010000228881836,4.010000228881836,4.019999980926514,4.010000228881836,4.019999980926514,27252.0
2024-03-01 11:22:00,ATNF,3.4600000381469727,3.4600000381469727,3.4600000381469727,3.4600000381469727,3.4600000381469727,919.0
2024-03-01 11:22:00,ATRA,0.8030999898910522,0.8030999898910522,0.8083000183105469,0.8030999898910522,0.8083000183105469,411727.0
2024-03-01 11:22:00,ATRC,36.029998779296875,36.029998779296875,36.029998779296875,36.029998779296875,36.029998779296875,151.0
2024-03-01 11:22:00,ATXI,0.15369999408721924,0.15369999408721924,0.15369999408721924,0.1535000056028366,0.1535000056028366,175626.0
2024-03-01 11:22:00,AUPH,5.835000038146973,5.835000038146973,5.835000038146973,5.835000038146973,5.835000038146973,202033.0
2024-03-01 11:22:00,AUTL,6.230000019073486,6.230000019073486,6.230000019073486,6.230000019073486,6.230000019073486,82506.0
2024-03-01 11:22:00,AVDL,12.654999732971191,12.654999732971191,12.654999732971191,12.649999618530273,12.649999618530273,158194.0
2024-03-01 11:22:00,AVTX,4.5,4.5,4.5,4.5,4.5,345.0
2024-03-01 11:22:00,AXGN,10.5600004196167,10.5600004196167,10.5600004196167,10.5600004196167,10.5600004196167,9548.0
2024-03-01 11:22:00,AXNX,67.26000213623047,67.26000213623047,67.26000213623047,67.26000213623047,67.26000213623047,80272.0
2024-03-01 11:22:00,AXSM,82.91999816894531,82.91999816894531,82.91999816894531,82.75,82.75,39480.0
2024-03-01 11:22:00,AZN,64.56999969482422,64.56999969482422,64.58999633789062,64.55999755859375,64.58999633789062,546769.0
2024-03-01 11:22:00,AZTA,66.4800033569336,66.4800033569336,66.4800033569336,66.4800033569336,66.4800033569336,144.0
2024-03-01 11:22:00,BBIO,35.959999084472656,35.959999084472656,35.959999084472656,35.92499923706055,35.93000030517578,50612.0
2024-03-01 11:22:00,BBLG,2.299999952316284,2.299999952316284,2.299999952316284,2.299999952316284,2.299999952316284,782347.0
2024-03-01 11:22:00,BCAB,2.805000066757202,2.805000066757202,2.809999942779541,2.805000066757202,2.809999942779541,32856.0
2024-03-01 11:22:00,BCRX,5.864999771118164,5.864999771118164,5.864999771118164,5.864999771118164,5.864999771118164,285089.0
2024-03-01 11:22:00,BDTX,5.099999904632568,5.099999904632568,5.099999904632568,5.09499979019165,5.099999904632568,56143.0
2024-03-01 11:22:00,BEAM,40.290000915527344,40.290000915527344,40.310001373291016,40.279998779296875,40.29499816894531,137757.0
2024-03-01 11:22:00,BFRI,0.878000020980835,0.878000020980835,0.878000020980835,0.878000020980835,0.878000020980835,2900.0
2024-03-01 11:22:00,BGNE,167.0,167.0,167.0,167.0,167.0,516.0
2024-03-01 11:22:00,BGXX,0.27300000190734863,0.27300000190734863,0.27300000190734863,0.2694000005722046,0.2694000005722046,150461.0
2024-03-01 11:22:00,BIAF,2.29010009765625,2.29010009765625,2.29010009765625,2.29010009765625,2.29010009765625,400.0
2024-03-01 11:22:00,BIIB,219.46470642089844,219.46470642089844,219.5399932861328,219.2550048828125,219.35000610351562,66464.0
2024-03-01 11:22:00,BIOL,0.13809999823570251,0.13809999823570251,0.13809999823570251,0.1379999965429306,0.13809999823570251,284909.0
2024-03-01 11:22:00,BIVI,2.2613000869750977,2.2613000869750977,2.2799999713897705,2.25,2.251300096511841,26187428.0
2024-03-01 11:22:00,BLFS,18.0,18.0,18.0,18.0,18.0,159003.0
2024-03-01 11:22:00,BLUE,1.600000023841858,1.600000023841858,1.600000023841858,1.590000033378601,1.5994999408721924,2250284.0
2024-03-01 11:22:00,BMEA,17.950000762939453,17.950000762939453,17.975000381469727,17.950000762939453,17.975000381469727,61108.0
2024-03-01 11:22:00,BMRN,86.7699966430664,86.7699966430664,86.8499984741211,86.76000213623047,86.8499984741211,73652.0
2024-03-01 11:22:00,BNGO,1.25,1.25,1.2599999904632568,1.25,1.2599999904632568,151912.0
2024-03-01 11:22:00,BNTX,91.97010040283203,91.97010040283203,92.05000305175781,91.97010040283203,92.05000305175781,101701.0
2024-03-01 11:22:00,BPMC,96.38999938964844,96.38999938964844,96.45999908447266,96.36499786376953,96.45999908447266,86609.0
2024-03-01 11:22:00,BRKR,87.79000091552734,87.79000091552734,87.79000091552734,87.77999877929688,87.79000091552734,643.0
2024-03-01 11:22:00,BSGM,0.6470000147819519,0.6470000147819519,0.6470000147819519,0.6470000147819519,0.6470000147819519,58768.0
2024-03-01 11:22:00,BTTX,0.1688999980688095,0.1688999980688095,0.1688999980688095,0.1688999980688095,0.1688999980688095,2001.0
2024-03-01 11:22:00,CABA,23.969999313354492,23.969999313354492,23.979999542236328,23.969999313354492,23.979999542236328,69650.0
2024-03-01 11:22:00,CARA,0.9226999878883362,0.9226999878883362,0.9226999878883362,0.9226999878883362,0.9226999878883362,200.0
2024-03-01 11:22:00,CBAY,32.244998931884766,32.244998931884766,32.25,32.244998931884766,32.244998931884766,457835.0
2024-03-01 11:22:00,CCCC,10.921099662780762,10.921099662780762,10.925000190734863,10.921099662780762,10.925000190734863,263750.0
2024-03-01 11:22:00,CCEL,5.149700164794922,5.149700164794922,5.149700164794922,5.149700164794922,5.149700164794922,0.0
2024-03-01 11:22:00,CDNA,12.4399995803833,12.4399995803833,12.4399995803833,12.404999732971191,12.404999732971191,283746.0
2024-03-01 11:22:00,CDTX,0.7249000072479248,0.7249000072479248,0.7250000238418579,0.7249000072479248,0.7250000238418579,9424.0
2024-03-01 11:22:00,CDXS,4.460000038146973,4.460000038146973,4.465000152587891,4.460000038146973,4.460000038146973,253029.0
2024-03-01 11:22:00,CELC,15.9399995803833,15.9399995803833,15.9399995803833,15.9399995803833,15.9399995803833,15257.0
2024-03-01 11:22:00,CELU,3.5999999046325684,3.5999999046325684,3.5999999046325684,3.5999999046325684,3.5999999046325684,11955.0
2024-03-01 11:22:00,CERE,41.20000076293945,41.20000076293945,41.220001220703125,41.20000076293945,41.220001220703125,131249.0
2024-03-01 11:22:00,CERS,2.234999895095825,2.234999895095825,2.234999895095825,2.234999895095825,2.234999895095825,427.0
2024-03-01 11:22:00,CERT,17.719999313354492,17.719999313354492,17.719999313354492,17.719999313354492,17.719999313354492,118637.0
2024-03-01 11:22:00,CGC,3.2799999713897705,3.2799999713897705,3.2799999713897705,3.2799999713897705,3.2799999713897705,844471.0
2024-03-01 11:22:00,CGEM,18.81999969482422,18.81999969482422,18.844999313354492,18.81999969482422,18.844999313354492,50583.0
2024-03-01 11:22:00,CGEN,2.684999942779541,2.684999942779541,2.684999942779541,2.684999942779541,2.684999942779541,140285.0
2024-03-01 11:22:00,CHRS,2.3499999046325684,2.3499999046325684,2.3550000190734863,2.3499999046325684,2.3550000190734863,208009.0
2024-03-01 11:22:00,CING,1.3200000524520874,1.3200000524520874,1.3300000429153442,1.3200000524520874,1.3300000429153442,183309.0
2024-03-01 11:22:00,CKPT,2.190000057220459,2.190000057220459,2.2100000381469727,2.184999942779541,2.184999942779541,106859.0
2024-03-01 11:22:00,CLDX,52.209999084472656,52.209999084472656,52.28499984741211,52.209999084472656,52.28499984741211,366799.0
2024-03-01 11:22:00,CLOV,0.8766999840736389,0.8766999840736389,0.8766999840736389,0.8730999827384949,0.875,650408.0
2024-03-01 11:22:00,CLPT,6.710000038146973,6.710000038146973,6.710000038146973,6.710000038146973,6.710000038146973,46454.0
2024-03-01 11:22:00,CMPS,11.199999809265137,11.199999809265137,11.210000038146973,11.109999656677246,11.109999656677246,80043.0
2024-03-01 11:22:00,CMPX,1.9049999713897705,1.9049999713897705,1.9049999713897705,1.9049999713897705,1.9049999713897705,283.0
2024-03-01 11:22:00,CNSP,0.3149999976158142,0.3149999976158142,0.3149999976158142,0.3149999976158142,0.3149999976158142,180953.0
2024-03-01 11:22:00,CNTA,10.635000228881836,10.635000228881836,10.635000228881836,10.579999923706055,10.579999923706055,654.0
2024-03-01 11:22:00,COGT,7.21999979019165,7.21999979019165,7.21999979019165,7.204999923706055,7.204999923706055,104208.0
2024-03-01 11:22:00,COLL,36.900001525878906,36.900001525878906,36.900001525878906,36.81990051269531,36.81990051269531,10975.0
2024-03-01 11:22:00,CORT,23.979999542236328,23.979999542236328,23.979999542236328,23.969999313354492,23.969999313354492,90834.0
2024-03-01 11:22:00,COSM,0.7687000036239624,0.7687000036239624,0.7687000036239624,0.7530999779701233,0.7530999779701233,21774.0
2024-03-01 11:22:00,CPRX,17.309999465942383,17.309999465942383,17.31999969482422,17.301000595092773,17.309999465942383,478850.0
2024-03-01 11:22:00,CPSI,9.510000228881836,9.510000228881836,9.510000228881836,9.510000228881836,9.510000228881836,49540.0
2024-03-01 11:22:00,CRBU,8.069999694824219,8.069999694824219,8.109999656677246,8.069999694824219,8.109999656677246,188155.0
2024-03-01 11:22:00,CRDF,2.449700117111206,2.449700117111206,2.469899892807007,2.440000057220459,2.4649999141693115,9822050.0
2024-03-01 11:22:00,CRMD,3.7300000190734863,3.7300000190734863,3.7300000190734863,3.7300000190734863,3.7300000190734863,100.0
2024-03-01 11:22:00,CRNX,46.005001068115234,46.005001068115234,46.08000183105469,45.88999938964844,46.0099983215332,102936.0
2024-03-01 11:22:00,CRSP,86.0,86.0,86.02999877929688,85.96499633789062,86.0,169882.0
2024-03-01 11:22:00,CRVS,2.265000104904175,2.265000104904175,2.265000104904175,2.265000104904175,2.265000104904175,28273.0
2024-03-01 11:22:00,CTKB,8.515000343322754,8.515000343322754,8.515000343322754,8.515000343322754,8.515000343322754,89333.0
2024-03-01 11:22:00,CTMX,2.565000057220459,2.565000057220459,2.565000057220459,2.565000057220459,2.565000057220459,312166.0
2024-03-01 11:22:00,CTXR,0.7799999713897705,0.7799999713897705,0.7799999713897705,0.7799999713897705,0.7799999713897705,34528.0
2024-03-01 11:22:00,CUE,2.180000066757202,2.180000066757202,2.180000066757202,2.1700000762939453,2.180000066757202,23936.0
2024-03-01 11:22:00,CUTR,2.430000066757202,2.430000066757202,2.430000066757202,2.430000066757202,2.430000066757202,128244.0
2024-03-01 11:22:00,CYTK,74.2750015258789,74.2750015258789,74.27999877929688,74.25,74.27999877929688,157997.0
2024-03-01 11:22:00,CYTO,2.101799964904785,2.101799964904785,2.101799964904785,2.101799964904785,2.101799964904785,118.0
2024-03-01 11:22:00,DARE,0.5575000047683716,0.5575000047683716,0.5575000047683716,0.5575000047683716,0.5575000047683716,94434.0
2024-03-01 11:22:00,DAWN,17.510000228881836,17.510000228881836,17.520000457763672,17.510000228881836,17.520000457763672,28301.0
2024-03-01 11:22:00,DCGO,4.164999961853027,4.164999961853027,4.164999961853027,4.150000095367432,4.150000095367432,179648.0
2024-03-01 11:22:00,DCPH,17.014999389648438,17.014999389648438,17.014999389648438,17.014999389648438,17.014999389648438,32572.0
2024-03-01 11:22:00,DH,9.130000114440918,9.130000114440918,9.130000114440918,9.130000114440918,9.130000114440918,42185.0
2024-03-01 11:22:00,DMTK,0.8600000143051147,0.8600000143051147,0.8600000143051147,0.8600000143051147,0.8600000143051147,137.0
2024-03-01 11:22:00,DNLI,20.989999771118164,20.989999771118164,21.020000457763672,20.979999542236328,21.0,108759.0
2024-03-01 11:22:00,DTIL,12.694999694824219,12.694999694824219,12.694999694824219,12.5,12.569999694824219,339962.0
2024-03-01 11:22:00,DVAX,12.850000381469727,12.850000381469727,12.850000381469727,12.845000267028809,12.845000267028809,116293.0
2024-03-01 11:22:00,DXCM,119.12999725341797,119.12999725341797,119.27249908447266,119.0999984741211,119.16999816894531,350914.0
2024-03-01 11:22:00,DYN,29.0,29.0,29.0,29.0,29.0,361384.0
2024-03-01 11:22:00,EDIT,11.020000457763672,11.020000457763672,11.039999961853027,11.015000343322754,11.020000457763672,343148.0
2024-03-01 11:22:00,EFTR,15.079999923706055,15.079999923706055,15.079999923706055,15.079999923706055,15.079999923706055,29086.0
2024-03-01 11:22:00,EGRX,6.594699859619141,6.594699859619141,6.594699859619141,6.594699859619141,6.594699859619141,15300.0
2024-03-01 11:22:00,ELDN,1.8358999490737915,1.8358999490737915,1.8358999490737915,1.8358999490737915,1.8358999490737915,2716.0
2024-03-01 11:22:00,ELEV,4.980000019073486,4.980000019073486,4.980000019073486,4.940000057220459,4.940000057220459,479347.0
2024-03-01 11:22:00,EMBC,14.479999542236328,14.479999542236328,14.489999771118164,14.479999542236328,14.489999771118164,19718.0
2024-03-01 11:22:00,ENVB,1.559399962425232,1.559399962425232,1.5703999996185303,1.5399999618530273,1.5703999996185303,4510716.0
2024-03-01 11:22:00,EQ,2.5,2.5,2.5092999935150146,2.5,2.5092999935150146,16961.0
2024-03-01 11:22:00,ERAS,2.5399999618530273,2.5399999618530273,2.5399999618530273,2.5399999618530273,2.5399999618530273,147865.0
2024-03-01 11:22:00,ESPR,2.515000104904175,2.515000104904175,2.515000104904175,2.512500047683716,2.515000104904175,431407.0
2024-03-01 11:22:00,ESTA,45.584999084472656,45.584999084472656,45.584999084472656,45.4900016784668,45.4900016784668,39353.0
2024-03-01 11:22:00,ETNB,12.885000228881836,12.885000228881836,12.885000228881836,12.813799858093262,12.813799858093262,173741.0
2024-03-01 11:22:00,EVGN,0.949999988079071,0.949999988079071,0.9537000060081482,0.949999988079071,0.949999988079071,5135.0
2024-03-01 11:22:00,EWTX,17.024999618530273,17.024999618530273,17.024999618530273,16.989999771118164,16.989999771118164,49775.0
2024-03-01 11:22:00,EXAS,60.20000076293945,60.20000076293945,60.244998931884766,60.20000076293945,60.244998931884766,184600.0
2024-03-01 11:22:00,EXEL,22.454999923706055,22.454999923706055,22.46500015258789,22.454999923706055,22.459999084472656,213237.0
2024-03-01 11:22:00,EYEN,2.2701001167297363,2.2701001167297363,2.289099931716919,2.2701001167297363,2.289099931716919,249614.0
2024-03-01 11:22:00,EYPT,27.979999542236328,27.979999542236328,28.014999389648438,27.979999542236328,27.979999542236328,61482.0
2024-03-01 11:22:00,FATE,7.460000038146973,7.460000038146973,7.460000038146973,7.434999942779541,7.434999942779541,264345.0
2024-03-01 11:22:00,FBIO,2.25,2.25,2.265000104904175,2.246000051498413,2.25,3495.0
2024-03-01 11:22:00,FDMT,29.18000030517578,29.18000030517578,29.18000030517578,29.145000457763672,29.145000457763672,36082.0
2024-03-01 11:22:00,FENC,9.760000228881836,9.760000228881836,9.79990005493164,9.760000228881836,9.79990005493164,7179.0
2024-03-01 11:22:00,FGEN,1.7649999856948853,1.7649999856948853,1.7649999856948853,1.7604999542236328,1.7604999542236328,227591.0
2024-03-01 11:22:00,FHTX,8.34000015258789,8.34000015258789,8.34000015258789,8.34000015258789,8.34000015258789,14970.0
2024-03-01 11:22:00,FLGC,1.159999966621399,1.159999966621399,1.159999966621399,1.159999966621399,1.159999966621399,270.0
2024-03-01 11:22:00,FLGT,23.34000015258789,23.34000015258789,23.34000015258789,23.30470085144043,23.30470085144043,40263.0
2024-03-01 11:22:00,FOLD,13.40999984741211,13.40999984741211,13.430000305175781,13.40999984741211,13.430000305175781,161582.0
2024-03-01 11:22:00,FULC,10.859999656677246,10.859999656677246,10.859999656677246,10.850000381469727,10.859999656677246,75019.0
2024-03-01 11:22:00,FUSN,12.109999656677246,12.109999656677246,12.109999656677246,12.109999656677246,12.109999656677246,45507.0
2024-03-01 11:22:00,GALT,2.009999990463257,2.009999990463257,2.019200086593628,2.009999990463257,2.019200086593628,14675.0
2024-03-01 11:22:00,GDRX,8.300000190734863,8.300000190734863,8.300000190734863,8.295000076293945,8.295000076293945,717570.0
2024-03-01 11:22:00,GERN,2.1798999309539795,2.1798999309539795,2.180000066757202,2.1798999309539795,2.180000066757202,953794.0
2024-03-01 11:22:00,GH,19.329999923706055,19.329999923706055,19.334999084472656,19.329999923706055,19.329999923706055,1958.0
2024-03-01 11:22:00,GILD,72.37999725341797,72.37999725341797,72.41000366210938,72.37999725341797,72.37999725341797,518111.0
2024-03-01 11:22:00,GMAB,29.350000381469727,29.350000381469727,29.350000381469727,29.350000381469727,29.350000381469727,320.0
2024-03-01 11:22:00,GMDA,0.37959998846054077,0.37959998846054077,0.37959998846054077,0.37959998846054077,0.37959998846054077,244.0
2024-03-01 11:22:00,GOSS,1.3550000190734863,1.3550000190734863,1.3550000190734863,1.3550000190734863,1.3550000190734863,180560.0
2024-03-01 11:22:00,GRFS,7.050000190734863,7.050000190734863,7.065000057220459,7.050000190734863,7.065000057220459,928055.0
2024-03-01 11:22:00,GRTS,2.2100000381469727,2.2100000381469727,2.219899892807007,2.2100000381469727,2.219899892807007,964954.0
2024-03-01 11:22:00,GRTX,0.22654999792575836,0.22654999792575836,0.22660000622272491,0.22310000658035278,0.2249000072479248,234632.0
2024-03-01 11:22:00,GTHX,3.539900064468384,3.539900064468384,3.5399999618530273,3.5350000858306885,3.5350000858306885,207543.0
2024-03-01 11:22:00,HALO,41.40999984741211,41.40999984741211,41.41999816894531,41.40999984741211,41.41999816894531,99819.0
2024-03-01 11:22:00,HARP,22.93000030517578,22.93000030517578,22.93000030517578,22.93000030517578,22.93000030517578,269290.0
2024-03-01 11:22:00,HBIO,4.370200157165527,4.370200157165527,4.370200157165527,4.370200157165527,4.370200157165527,1782.0
2024-03-01 11:22:00,HCAT,7.920000076293945,7.920000076293945,7.940000057220459,7.920000076293945,7.940000057220459,67484.0
2024-03-01 11:22:00,HCSG,12.720000267028809,12.720000267028809,12.720000267028809,12.720000267028809,12.720000267028809,25807.0
2024-03-01 11:22:00,HCTI,2.4412999153137207,2.4412999153137207,2.450000047683716,2.440000057220459,2.450000047683716,470867.0
2024-03-01 11:22:00,HEPA,3.140000104904175,3.140000104904175,3.190000057220459,3.140000104904175,3.190000057220459,807.0
2024-03-01 11:22:00,HOLX,74.01000213623047,74.01000213623047,74.01000213623047,74.0,74.01000213623047,1651.0
2024-03-01 11:22:00,HOWL,6.949999809265137,6.949999809265137,7.050000190734863,6.900000095367432,7.050000190734863,22431.0
2024-03-01 11:22:00,HQY,81.62999725341797,81.62999725341797,81.62999725341797,81.62999725341797,81.62999725341797,21033.0
2024-03-01 11:22:00,HRTX,2.640000104904175,2.640000104904175,2.640000104904175,2.640000104904175,2.640000104904175,248370.0
2024-03-01 11:22:00,HSCS,0.11760000139474869,0.11760000139474869,0.11760000139474869,0.11760000139474869,0.11760000139474869,135485.0
2024-03-01 11:22:00,HSDT,4.849999904632568,4.849999904632568,4.849999904632568,4.849999904632568,4.849999904632568,4504.0
2024-03-01 11:22:00,HSIC,76.80999755859375,76.80999755859375,76.86000061035156,76.80999755859375,76.86000061035156,75905.0
2024-03-01 11:22:00,HUMA,3.2249999046325684,3.2249999046325684,3.2298998832702637,3.2249999046325684,3.2249999046325684,2740.0
2024-03-01 11:22:00,IBRX,4.878499984741211,4.878499984741211,4.878499984741211,4.871200084686279,4.871200084686279,423259.0
2024-03-01 11:22:00,ICCM,1.315000057220459,1.315000057220459,1.315000057220459,1.315000057220459,1.315000057220459,200.0
2024-03-01 11:22:00,ICLR,323.6000061035156,323.6000061035156,323.6000061035156,323.6000061035156,323.6000061035156,46777.0
2024-03-01 11:22:00,IINN,1.6200000047683716,1.6200000047683716,1.6200000047683716,1.6200000047683716,1.6200000047683716,91218.0
2024-03-01 11:22:00,ILMN,142.09500122070312,142.09500122070312,142.09500122070312,142.09500122070312,142.09500122070312,156.0
2024-03-01 11:22:00,IMAB,1.8550000190734863,1.8550000190734863,1.8550000190734863,1.8550000190734863,1.8550000190734863,30302.0
2024-03-01 11:22:00,IMCR,67.94000244140625,67.94000244140625,68.02999877929688,67.94000244140625,68.02999877929688,36890.0
2024-03-01 11:22:00,IMMP,2.319999933242798,2.319999933242798,2.319999933242798,2.319999933242798,2.319999933242798,101.0
2024-03-01 11:22:00,IMMX,3.5399999618530273,3.5399999618530273,3.5399999618530273,3.5399999618530273,3.5399999618530273,18747.0
2024-03-01 11:22:00,IMRX,6.204999923706055,6.204999923706055,6.204999923706055,6.204999923706055,6.204999923706055,5687.0
2024-03-01 11:22:00,IMTX,13.154999732971191,13.154999732971191,13.154999732971191,13.149999618530273,13.154999732971191,41384.0
2024-03-01 11:22:00,IMVT,36.26499938964844,36.26499938964844,36.279998779296875,36.26499938964844,36.279998779296875,96835.0
2024-03-01 11:22:00,INCY,59.25,59.25,59.25,59.25,59.25,130012.0
2024-03-01 11:22:00,INDP,2.059999942779541,2.059999942779541,2.059999942779541,2.059999942779541,2.059999942779541,6792.0
2024-03-01 11:22:00,INGN,6.855400085449219,6.855400085449219,6.855400085449219,6.855000019073486,6.855000019073486,1873.0
2024-03-01 11:22:00,INMD,22.860000610351562,22.860000610351562,22.8700008392334,22.850000381469727,22.8700008392334,162962.0
2024-03-01 11:22:00,INO,9.100000381469727,9.100000381469727,9.100000381469727,9.100000381469727,9.100000381469727,40331.0
2024-03-01 11:22:00,INSM,28.139999389648438,28.139999389648438,28.155000686645508,28.1200008392334,28.155000686645508,89692.0
2024-03-01 11:22:00,INVA,15.765000343322754,15.765000343322754,15.765000343322754,15.765000343322754,15.765000343322754,196246.0
2024-03-01 11:22:00,INZY,6.5,6.5,6.5,6.5,6.5,17352.0
2024-03-01 11:22:00,IONS,45.82749938964844,45.82749938964844,45.834999084472656,45.82749938964844,45.834999084472656,51906.0
2024-03-01 11:22:00,IOVA,16.485000610351562,16.485000610351562,16.53499984741211,16.485000610351562,16.4950008392334,1419739.0
2024-03-01 11:22:00,IPSC,3.799999952316284,3.799999952316284,3.799999952316284,3.799999952316284,3.799999952316284,5777.0
2024-03-01 11:22:00,IRTC,120.7437973022461,120.7437973022461,120.7437973022461,120.7437973022461,120.7437973022461,17687.0
2024-03-01 11:22:00,IRWD,8.975000381469727,8.975000381469727,9.020000457763672,8.970000267028809,9.020000457763672,1703530.0
2024-03-01 11:22:00,ISRG,393.126708984375,393.126708984375,393.126708984375,393.126708984375,393.126708984375,370.0
2024-03-01 11:22:00,ITOS,10.78499984741211,10.78499984741211,10.78499984741211,10.78499984741211,10.78499984741211,19964.0
2024-03-01 11:22:00,IVVD,3.9600000381469727,3.9600000381469727,3.9649999141693115,3.9600000381469727,3.9600000381469727,13967.0
2024-03-01 11:22:00,JAGX,0.08070000261068344,0.08070000261068344,0.08129999786615372,0.08020000159740448,0.08129999786615372,68828398.0
2024-03-01 11:22:00,JSPR,20.795000076293945,20.795000076293945,20.90999984741211,20.795000076293945,20.795000076293945,376.0
2024-03-01 11:22:00,KALV,14.015000343322754,14.015000343322754,14.015000343322754,14.015000343322754,14.015000343322754,31104.0
2024-03-01 11:22:00,KNSA,21.90999984741211,21.90999984741211,21.90999984741211,21.8799991607666,21.90999984741211,41256.0
2024-03-01 11:22:00,KNTE,2.619999885559082,2.619999885559082,2.625,2.619999885559082,2.625,400.0
2024-03-01 11:22:00,KOD,6.170000076293945,6.170000076293945,6.170000076293945,6.170000076293945,6.170000076293945,67228.0
2024-03-01 11:22:00,KPTI,1.25,1.25,1.25,1.25,1.25,267082.0
2024-03-01 11:22:00,KROS,69.1449966430664,69.1449966430664,69.1449966430664,69.1449966430664,69.1449966430664,24546.0
2024-03-01 11:22:00,KURA,21.459999084472656,21.459999084472656,21.459999084472656,21.459999084472656,21.459999084472656,4046.0
2024-03-01 11:22:00,KYMR,44.15999984741211,44.15999984741211,44.1875,44.11000061035156,44.18000030517578,58298.0
2024-03-01 11:22:00,KZR,1.100000023841858,1.100000023841858,1.100000023841858,1.100000023841858,1.100000023841858,138275.0
2024-03-01 11:22:00,LAB,2.434999942779541,2.434999942779541,2.434999942779541,2.430000066757202,2.434999942779541,153807.0
2024-03-01 11:22:00,LBPH,21.83099937438965,21.83099937438965,21.83099937438965,21.75,21.75,246.0
2024-03-01 11:22:00,LEGN,65.95999908447266,65.95999908447266,65.95999908447266,65.95999908447266,65.95999908447266,34769.0
2024-03-01 11:22:00,LEXX,2.680000066757202,2.680000066757202,2.680000066757202,2.680000066757202,2.680000066757202,446373.0
2024-03-01 11:22:00,LFST,7.994999885559082,7.994999885559082,8.0,7.994999885559082,8.0,268944.0
2024-03-01 11:22:00,LIAN,4.869999885559082,4.869999885559082,4.869999885559082,4.869999885559082,4.869999885559082,40407.0
2024-03-01 11:22:00,LMAT,67.5199966430664,67.5199966430664,67.5199966430664,67.5199966430664,67.5199966430664,146.0
2024-03-01 11:22:00,LNSR,4.699999809265137,4.699999809265137,4.71999979019165,4.699999809265137,4.71999979019165,5816.0
2024-03-01 11:22:00,LNTH,65.37999725341797,65.37999725341797,65.44499969482422,65.37999725341797,65.44499969482422,29793.0
2024-03-01 11:22:00,LQDA,14.345399856567383,14.345399856567383,14.345399856567383,14.34000015258789,14.34000015258789,37090.0
2024-03-01 11:22:00,LUNG,9.210000038146973,9.210000038146973,9.229999542236328,9.1899995803833,9.210000038146973,30816.0
2024-03-01 11:22:00,LVTX,3.0299999713897705,3.0299999713897705,3.0299999713897705,3.0,3.0,456717.0
2024-03-01 11:22:00,LXRX,2.4198999404907227,2.4198999404907227,2.4198999404907227,2.4198999404907227,2.4198999404907227,464386.0
2024-03-01 11:22:00,LYEL,3.1549999713897705,3.1549999713897705,3.1549999713897705,3.1549999713897705,3.1549999713897705,119265.0
2024-03-01 11:22:00,MASI,126.83000183105469,126.83000183105469,126.83999633789062,126.83000183105469,126.83000183105469,535.0
2024-03-01 11:22:00,MCRB,1.1800999641418457,1.1800999641418457,1.1800999641418457,1.1799999475479126,1.1799999475479126,5405.0
2024-03-01 11:22:00,MDGL,240.64010620117188,240.64010620117188,240.9199981689453,240.4499969482422,240.4499969482422,39679.0
2024-03-01 11:22:00,MDRX,5.920000076293945,5.920000076293945,5.949999809265137,5.920000076293945,5.920000076293945,44052.0
2024-03-01 11:22:00,MDXG,8.630000114440918,8.630000114440918,8.640000343322754,8.630000114440918,8.640000343322754,121944.0
2024-03-01 11:22:00,ME,0.58160001039505,0.58160001039505,0.5845000147819519,0.58160001039505,0.5845000147819519,643914.0
2024-03-01 11:22:00,MESO,2.049999952316284,2.049999952316284,2.049999952316284,2.049999952316284,2.049999952316284,5144.0
2024-03-01 11:22:00,MGNX,19.2549991607666,19.2549991607666,19.2549991607666,19.2549991607666,19.2549991607666,157922.0
2024-03-01 11:22:00,MGTX,6.309999942779541,6.309999942779541,6.309999942779541,6.309999942779541,6.309999942779541,9493.0
2024-03-01 11:22:00,MIRM,30.170000076293945,30.170000076293945,30.170000076293945,30.100000381469727,30.100000381469727,51982.0
2024-03-01 11:22:00,MLTX,51.95500183105469,51.95500183105469,51.95500183105469,51.95500183105469,51.95500183105469,117942.0
2024-03-01 11:22:00,MNKD,4.644999980926514,4.644999980926514,4.659999847412109,4.644999980926514,4.65500020980835,1109280.0
2024-03-01 11:22:00,MODD,1.9002000093460083,1.9002000093460083,1.909999966621399,1.899999976158142,1.899999976158142,89202.0
2024-03-01 11:22:00,MODV,28.094999313354492,28.094999313354492,28.094999313354492,28.094999313354492,28.094999313354492,298.0
2024-03-01 11:22:00,MOR,17.614999771118164,17.614999771118164,17.614999771118164,17.614999771118164,17.614999771118164,77154.0
2024-03-01 11:22:00,MORF,38.709999084472656,38.709999084472656,38.709999084472656,38.709999084472656,38.709999084472656,110.0
2024-03-01 11:22:00,MOTS,0.6751999855041504,0.6751999855041504,0.6899999976158142,0.6751999855041504,0.6801999807357788,23541.0
2024-03-01 11:22:00,MREO,3.805000066757202,3.805000066757202,3.805000066757202,3.805000066757202,3.805000066757202,256930.0
2024-03-01 11:22:00,MRNA,95.75,95.75,95.77999877929688,95.75,95.77999877929688,359843.0
2024-03-01 11:22:00,MRSN,5.934999942779541,5.934999942779541,5.934999942779541,5.920000076293945,5.920000076293945,423672.0
2024-03-01 11:22:00,MRUS,50.709999084472656,50.709999084472656,50.709999084472656,50.709999084472656,50.709999084472656,210.0
2024-03-01 11:22:00,MRVI,7.849999904632568,7.849999904632568,7.869999885559082,7.849999904632568,7.869999885559082,263634.0
2024-03-01 11:22:00,MYGN,21.610000610351562,21.610000610351562,21.61440086364746,21.610000610351562,21.61440086364746,38211.0
2024-03-01 11:22:00,NARI,46.40999984741211,46.40999984741211,46.5099983215332,46.38999938964844,46.5,237237.0
2024-03-01 11:22:00,NBIX,129.9530029296875,129.9530029296875,129.9530029296875,129.8350067138672,129.8350067138672,100764.0
2024-03-01 11:22:00,NEO,16.084999084472656,16.084999084472656,16.100000381469727,16.084999084472656,16.100000381469727,685.0
2024-03-01 11:22:00,NEOG,17.334999084472656,17.334999084472656,17.34000015258789,17.329999923706055,17.34000015258789,136643.0
2024-03-01 11:22:00,NGM,1.5299999713897705,1.5299999713897705,1.5299999713897705,1.5299999713897705,1.5299999713897705,712.0
2024-03-01 11:22:00,NKTR,0.7583000063896179,0.7583000063896179,0.7583000063896179,0.756600022315979,0.7580999732017517,138422.0
2024-03-01 11:22:00,NKTX,12.729999542236328,12.729999542236328,12.729999542236328,12.729999542236328,12.729999542236328,71430.0
2024-03-01 11:22:00,NMRD,0.07620000094175339,0.07620000094175339,0.07620000094175339,0.07620000094175339,0.07620000094175339,3003.0
2024-03-01 11:22:00,NNOX,11.099599838256836,11.099599838256836,11.100000381469727,11.050000190734863,11.050000190734863,380834.0
2024-03-01 11:22:00,NOTV,7.872799873352051,7.872799873352051,7.872799873352051,7.872799873352051,7.872799873352051,58242.0
2024-03-01 11:22:00,NRC,40.724998474121094,40.724998474121094,40.724998474121094,40.724998474121094,40.724998474121094,2982.0
2024-03-01 11:22:00,NRIX,13.270000457763672,13.270000457763672,13.270000457763672,13.25,13.25,56499.0
2024-03-01 11:22:00,NRXP,0.42809998989105225,0.42809998989105225,0.42809998989105225,0.42809998989105225,0.42809998989105225,585982.0
2024-03-01 11:22:00,NTLA,33.79249954223633,33.79249954223633,33.810001373291016,33.665000915527344,33.665000915527344,163565.0
2024-03-01 11:22:00,NTRA,89.55000305175781,89.55000305175781,89.55000305175781,89.47000122070312,89.5199966430664,192679.0
2024-03-01 11:22:00,NVAX,5.164999961853027,5.164999961853027,5.179999828338623,5.159999847412109,5.175000190734863,2031393.0
2024-03-01 11:22:00,NVCR,16.010000228881836,16.010000228881836,16.030000686645508,16.010000228881836,16.020000457763672,97657.0
2024-03-01 11:22:00,NXTC,1.7999999523162842,1.7999999523162842,1.7999999523162842,1.7999999523162842,1.7999999523162842,33214.0
2024-03-01 11:22:00,OCGN,0.9192000031471252,0.9192000031471252,0.9192000031471252,0.9190999865531921,0.9190999865531921,437313.0
2024-03-01 11:22:00,OCUL,10.460000038146973,10.460000038146973,10.460000038146973,10.449999809265137,10.449999809265137,265700.0
2024-03-01 11:22:00,OCUP,2.497999906539917,2.497999906539917,2.5002999305725098,2.490000009536743,2.494999885559082,13714.0
2024-03-01 11:22:00,OLMA,13.0649995803833,13.0649995803833,13.0649995803833,13.0649995803833,13.0649995803833,27328.0
2024-03-01 11:22:00,OM,3.1649999618530273,3.1649999618530273,3.1649999618530273,3.1649999618530273,3.1649999618530273,91836.0
2024-03-01 11:22:00,OMER,4.740099906921387,4.740099906921387,4.742499828338623,4.739999771118164,4.739999771118164,30474.0
2024-03-01 11:22:00,OMGA,4.269000053405762,4.269000053405762,4.269100189208984,4.260000228881836,4.269100189208984,67845.0
2024-03-01 11:22:00,ONCT,9.989899635314941,9.989899635314941,9.989999771118164,9.885000228881836,9.885000228881836,6521.0
2024-03-01 11:23:00,ABCL,5.190000057220459,5.190000057220459,5.199900150299072,5.190000057220459,5.195000171661377,12227.0
2024-03-01 11:23:00,ABOS,4.684999942779541,4.684999942779541,4.684999942779541,4.679999828338623,4.679999828338623,3743.0
2024-03-01 11:23:00,ABSI,5.179999828338623,5.179999828338623,5.203400135040283,5.179999828338623,5.190100193023682,2960.0
2024-03-01 11:23:00,ACAD,23.829999923706055,23.829999923706055,23.90999984741211,23.829999923706055,23.899999618530273,4308.0
2024-03-01 11:23:00,ACB,3.115000009536743,3.115000009536743,3.119999885559082,3.115000009536743,3.119999885559082,2969.0
2024-03-01 11:23:00,ACCD,10.289999961853027,10.289999961853027,10.289999961853027,10.289999961853027,10.289999961853027,213.0
2024-03-01 11:23:00,ACET,2.4049999713897705,2.4049999713897705,2.4049999713897705,2.4049999713897705,2.4049999713897705,616.0
2024-03-01 11:23:00,ACHC,84.12999725341797,84.12999725341797,84.12999725341797,84.06999969482422,84.12999725341797,817.0
2024-03-01 11:23:00,ACHL,1.3601000308990479,1.3601000308990479,1.3601000308990479,1.3601000308990479,1.3601000308990479,45116.0
2024-03-01 11:23:00,ACHV,4.309999942779541,4.309999942779541,4.309999942779541,4.295000076293945,4.295000076293945,27693.0
2024-03-01 11:23:00,ACLX,67.5999984741211,67.5999984741211,67.68499755859375,67.58999633789062,67.58999633789062,1511.0
2024-03-01 11:23:00,ACRS,1.2174999713897705,1.2174999713897705,1.2200000286102295,1.2174999713897705,1.2200000286102295,446.0
2024-03-01 11:23:00,ADAP,1.600000023841858,1.600000023841858,1.600000023841858,1.600000023841858,1.600000023841858,165318.0
2024-03-01 11:23:00,ADIL,3.0299999713897705,3.0299999713897705,3.059999942779541,3.009999990463257,3.0399999618530273,45441.0
2024-03-01 11:23:00,ADMA,5.340000152587891,5.340000152587891,5.349999904632568,5.340000152587891,5.340000152587891,21154.0
2024-03-01 11:23:00,ADPT,4.21999979019165,4.21999979019165,4.230000019073486,4.215000152587891,4.230000019073486,4029.0
2024-03-01 11:23:00,ADUS,93.30999755859375,93.30999755859375,93.30999755859375,93.30999755859375,93.30999755859375,357.0
2024-03-01 11:23:00,ADVM,1.934999942779541,1.934999942779541,1.9500000476837158,1.9299999475479126,1.9500000476837158,15679.0
2024-03-01 11:23:00,AGEN,0.6700000166893005,0.6700000166893005,0.6700000166893005,0.6699000000953674,0.6700000166893005,4376.0
2024-03-01 11:23:00,AGIO,32.869998931884766,32.869998931884766,32.94499969482422,32.869998931884766,32.94499969482422,1346.0
2024-03-01 11:23:00,AHCO,10.795000076293945,10.795000076293945,10.805000305175781,10.789999961853027,10.789999961853027,2169.0
2024-03-01 11:23:00,AIMD,0.9351000189781189,0.9351000189781189,0.9351000189781189,0.9351000189781189,0.9351000189781189,1103.0
2024-03-01 11:23:00,AKBA,1.6699999570846558,1.6699999570846558,1.6699999570846558,1.659999966621399,1.659999966621399,10720.0
2024-03-01 11:23:00,AKLI,0.33239999413490295,0.33239999413490295,0.33239999413490295,0.33219999074935913,0.33219999074935913,1201.0
2024-03-01 11:23:00,AKRO,29.80500030517578,29.80500030517578,29.84000015258789,29.80500030517578,29.829999923706055,732.0
2024-03-01 11:23:00,AKYA,6.059999942779541,6.059999942779541,6.059999942779541,5.989999771118164,6.025000095367432,1191.0
2024-03-01 11:23:00,ALDX,4.159999847412109,4.159999847412109,4.170000076293945,4.159999847412109,4.170000076293945,1751.0
2024-03-01 11:23:00,ALEC,7.489999771118164,7.489999771118164,7.5,7.489999771118164,7.5,6752.0
2024-03-01 11:23:00,ALGN,299.9049987792969,299.9049987792969,300.0299987792969,299.7699890136719,299.7699890136719,611.0
2024-03-01 11:23:00,ALGS,1.0520999431610107,1.0520999431610107,1.0520999431610107,1.0499999523162842,1.0499999523162842,1480.0
2024-03-01 11:23:00,ALHC,5.840000152587891,5.840000152587891,5.869999885559082,5.840000152587891,5.869999885559082,146465.0
2024-03-01 11:23:00,ALKS,30.190000534057617,30.190000534057617,30.200000762939453,30.18000030517578,30.18000030517578,2625.0
2024-03-01 11:23:00,ALLK,1.600000023841858,1.600000023841858,1.600000023841858,1.590000033378601,1.600000023841858,107912.0
2024-03-01 11:23:00,ALLO,5.039999961853027,5.039999961853027,5.050000190734863,5.039999961853027,5.050000190734863,1790.0
2024-03-01 11:23:00,ALNY,154.80999755859375,154.80999755859375,154.80999755859375,154.77000427246094,154.77000427246094,1148.0
2024-03-01 11:23:00,ALPN,36.214500427246094,36.214500427246094,36.214500427246094,36.15999984741211,36.20000076293945,1216.0
2024-03-01 11:23:00,ALT,12.260000228881836,12.260000228881836,12.300000190734863,12.251099586486816,12.28499984741211,33133.0
2024-03-01 11:23:00,ALVO,15.635000228881836,15.635000228881836,15.635000228881836,15.635000228881836,15.635000228881836,22141.0
2024-03-01 11:23:00,ALXO,15.1899995803833,15.1899995803833,15.1899995803833,15.1899995803833,15.1899995803833,300.0
2024-03-01 11:23:00,AMED,93.70999908447266,93.70999908447266,93.70999908447266,93.58999633789062,93.58999633789062,2150.0
2024-03-01 11:23:00,AMGN,281.0400085449219,281.0400085449219,281.07000732421875,280.9800109863281,281.0450134277344,4264.0
2024-03-01 11:23:00,AMLX,18.895000457763672,18.895000457763672,18.899999618530273,18.889999389648438,18.899999618530273,4628.0
2024-03-01 11:23:00,AMPH,45.96500015258789,45.96500015258789,45.96500015258789,45.93000030517578,45.93000030517578,1235.0
2024-03-01 11:23:00,AMRN,1.05840003490448,1.05840003490448,1.05840003490448,1.0499999523162842,1.0499999523162842,1253.0
2024-03-01 11:23:00,ANGO,5.489999771118164,5.489999771118164,5.505000114440918,5.489999771118164,5.505000114440918,1704.0
2024-03-01 11:23:00,ANIK,24.899999618530273,24.899999618530273,24.899999618530273,24.899999618530273,24.899999618530273,10156.0
2024-03-01 11:23:00,ANIX,3.511899948120117,3.511899948120117,3.511899948120117,3.511899948120117,3.511899948120117,489.0
2024-03-01 11:23:00,ANNX,6.150000095367432,6.150000095367432,6.150000095367432,6.090000152587891,6.090000152587891,17845.0
2024-03-01 11:23:00,APLS,65.0199966430664,65.0199966430664,65.0199966430664,65.0199966430664,65.0199966430664,1931.0
2024-03-01 11:23:00,APLT,7.139999866485596,7.139999866485596,7.149899959564209,7.119999885559082,7.119999885559082,4934.0
2024-03-01 11:23:00,AQST,4.228700160980225,4.228700160980225,4.229499816894531,4.210000038146973,4.229499816894531,4204.0
2024-03-01 11:23:00,ARCT,39.540000915527344,39.540000915527344,39.54499816894531,39.540000915527344,39.54499816894531,821.0
2024-03-01 11:23:00,ARDX,9.529999732971191,9.529999732971191,9.550000190734863,9.529999732971191,9.550000190734863,2301.0
2024-03-01 11:23:00,ARGX,388.2099914550781,388.2099914550781,388.2099914550781,388.20001220703125,388.20001220703125,428.0
2024-03-01 11:23:00,ARQT,11.180100440979004,11.180100440979004,11.270000457763672,11.180100440979004,11.239999771118164,7300.0
2024-03-01 11:23:00,ARVN,48.935001373291016,48.935001373291016,48.935001373291016,48.93000030517578,48.93000030517578,300.0
2024-03-01 11:23:00,ARWR,35.904998779296875,35.904998779296875,35.970001220703125,35.86000061035156,35.869998931884766,6926.0
2024-03-01 11:23:00,ASND,150.24000549316406,150.24000549316406,150.24000549316406,149.72000122070312,149.8300018310547,1635.0
2024-03-01 11:23:00,ASRT,0.9121999740600586,0.9121999740600586,0.9121999740600586,0.9121999740600586,0.9121999740600586,1091.0
2024-03-01 11:23:00,ATAI,2.0,2.0,2.009999990463257,2.0,2.0,3822.0
2024-03-01 11:23:00,ATEC,13.494999885559082,13.494999885559082,13.510000228881836,13.494999885559082,13.505000114440918,3219.0
2024-03-01 11:23:00,ATOS,0.9998000264167786,0.9998000264167786,0.9998000264167786,0.9998000264167786,0.9998000264167786,699.0
2024-03-01 11:23:00,ATRA,0.8065000176429749,0.8065000176429749,0.8065000176429749,0.8065000176429749,0.8065000176429749,245.0
2024-03-01 11:23:00,ATRC,36.025001525878906,36.025001525878906,36.04999923706055,36.025001525878906,36.029998779296875,1015.0
2024-03-01 11:23:00,AUPH,5.835000038146973,5.835000038146973,5.840000152587891,5.835000038146973,5.840000152587891,1227.0
2024-03-01 11:23:00,AUTL,6.230000019073486,6.230000019073486,6.230000019073486,6.230000019073486,6.230000019073486,200.0
2024-03-01 11:23:00,AVIR,4.425000190734863,4.425000190734863,4.425000190734863,4.425000190734863,4.425000190734863,202.0
2024-03-01 11:23:00,AVTE,23.600000381469727,23.600000381469727,23.600000381469727,23.299999237060547,23.600000381469727,410.0
2024-03-01 11:23:00,AVXL,5.390600204467773,5.390600204467773,5.400000095367432,5.390600204467773,5.390600204467773,2863.0
2024-03-01 11:23:00,AXGN,10.550000190734863,10.550000190734863,10.550000190734863,10.550000190734863,10.550000190734863,270.0
2024-03-01 11:23:00,AXNX,67.24500274658203,67.24500274658203,67.25,67.24500274658203,67.25,376.0
2024-03-01 11:23:00,AXSM,82.94249725341797,82.94249725341797,83.01000213623047,82.94249725341797,83.0,999.0
2024-03-01 11:23:00,AZN,64.53500366210938,64.53500366210938,64.55999755859375,64.53500366210938,64.55999755859375,5709.0
2024-03-01 11:23:00,AZTA,66.47000122070312,66.47000122070312,66.47000122070312,66.47000122070312,66.47000122070312,797.0
2024-03-01 11:23:00,BBIO,35.959999084472656,35.959999084472656,35.9900016784668,35.95000076293945,35.97999954223633,1114.0
2024-03-01 11:23:00,BBLG,2.2945001125335693,2.2945001125335693,2.2945001125335693,2.2945001125335693,2.2945001125335693,182.0
2024-03-01 11:23:00,BCAB,2.805000066757202,2.805000066757202,2.805000066757202,2.805000066757202,2.805000066757202,255.0
2024-03-01 11:23:00,BCDA,0.5609999895095825,0.5609999895095825,0.5609999895095825,0.5609999895095825,0.5609999895095825,41894.0
2024-03-01 11:23:00,BCRX,5.860000133514404,5.860000133514404,5.860000133514404,5.860000133514404,5.860000133514404,5303.0
2024-03-01 11:23:00,BCYC,25.985000610351562,25.985000610351562,25.985000610351562,25.985000610351562,25.985000610351562,7383.0
2024-03-01 11:23:00,BDSX,1.6299999952316284,1.6299999952316284,1.6299999952316284,1.6299999952316284,1.6299999952316284,144663.0
2024-03-01 11:23:00,BDTX,5.055600166320801,5.055600166320801,5.080100059509277,5.03000020980835,5.080100059509277,15113.0
2024-03-01 11:23:00,BEAM,40.150001525878906,40.150001525878906,40.290000915527344,40.150001525878906,40.27000045776367,3349.0
2024-03-01 11:23:00,BGXX,0.27300000190734863,0.27300000190734863,0.27300000190734863,0.27300000190734863,0.27300000190734863,600.0
2024-03-01 11:23:00,BIAF,2.3315000534057617,2.3315000534057617,2.3315000534057617,2.3315000534057617,2.3315000534057617,1054.0
2024-03-01 11:23:00,BIIB,219.22999572753906,219.22999572753906,219.47000122070312,219.2100067138672,219.47000122070312,4125.0
2024-03-01 11:23:00,BIOL,0.13989999890327454,0.13989999890327454,0.13989999890327454,0.13809999823570251,0.13809999823570251,20445.0
2024-03-01 11:23:00,BIVI,2.2200000286102295,2.2200000286102295,2.2699999809265137,2.2100000381469727,2.2607998847961426,90980.0
2024-03-01 11:23:00,BLFS,18.013999938964844,18.013999938964844,18.013999938964844,18.013999938964844,18.013999938964844,498.0
2024-03-01 11:23:00,BLUE,1.590000033378601,1.590000033378601,1.600000023841858,1.590000033378601,1.5950000286102295,5786.0
2024-03-01 11:23:00,BMEA,17.969999313354492,17.969999313354492,17.969999313354492,17.969999313354492,17.969999313354492,451.0
2024-03-01 11:23:00,BMRA,1.1800999641418457,1.1800999641418457,1.1800999641418457,1.1800999641418457,1.1800999641418457,642.0
2024-03-01 11:23:00,BMRN,86.71499633789062,86.71499633789062,86.71499633789062,86.71499633789062,86.71499633789062,3244.0
2024-03-01 11:23:00,BNGO,1.25,1.25,1.25,1.25,1.25,954.0
2024-03-01 11:23:00,BNR,0.8603000044822693,0.8603000044822693,0.8654999732971191,0.8603000044822693,0.8654999732971191,18370.0
2024-03-01 11:23:00,BOLT,1.190000057220459,1.190000057220459,1.190000057220459,1.184999942779541,1.1886999607086182,26991.0
2024-03-01 11:23:00,BPMC,96.4800033569336,96.4800033569336,96.4800033569336,96.43000030517578,96.43000030517578,1842.0
2024-03-01 11:23:00,BRTX,1.5,1.5,1.5099999904632568,1.5,1.5099999904632568,73875.0
2024-03-01 11:23:00,BSGM,0.64410001039505,0.64410001039505,0.64410001039505,0.64410001039505,0.64410001039505,300.0
2024-03-01 11:23:00,CAPR,4.510000228881836,4.510000228881836,4.510000228881836,4.510000228881836,4.510000228881836,253.0
2024-03-01 11:23:00,CARA,0.921999990940094,0.921999990940094,0.921999990940094,0.9139000177383423,0.9139000177383423,2006.0
2024-03-01 11:23:00,CBAY,32.244998931884766,32.244998931884766,32.25,32.24399948120117,32.244998931884766,7219.0
2024-03-01 11:23:00,CCCC,10.9399995803833,10.9399995803833,10.954999923706055,10.930000305175781,10.930000305175781,2921.0
2024-03-01 11:23:00,CDMO,8.15999984741211,8.15999984741211,8.15999984741211,8.149999618530273,8.15999984741211,686.0
2024-03-01 11:23:00,CDNA,12.430000305175781,12.430000305175781,12.4399995803833,12.390000343322754,12.4399995803833,5196.0
2024-03-01 11:23:00,CDXS,4.425000190734863,4.425000190734863,4.460000038146973,4.420000076293945,4.460000038146973,1637.0
2024-03-01 11:23:00,CERE,41.19499969482422,41.19499969482422,41.19499969482422,41.19499969482422,41.19499969482422,125.0
2024-03-01 11:23:00,CERS,2.220099925994873,2.220099925994873,2.2300000190734863,2.220099925994873,2.2300000190734863,4056.0
2024-03-01 11:23:00,CERT,17.700000762939453,17.700000762939453,17.700000762939453,17.700000762939453,17.700000762939453,1406.0
2024-03-01 11:23:00,CGC,3.2750000953674316,3.2750000953674316,3.2850000858306885,3.2750000953674316,3.2799999713897705,6407.0
2024-03-01 11:23:00,CGEM,18.850000381469727,18.850000381469727,18.8799991607666,18.850000381469727,18.8700008392334,1311.0
2024-03-01 11:23:00,CGEN,2.680000066757202,2.680000066757202,2.680000066757202,2.680000066757202,2.680000066757202,100.0
2024-03-01 11:23:00,CGTX,2.0299999713897705,2.0299999713897705,2.0299999713897705,2.0299999713897705,2.0299999713897705,18356.0
2024-03-01 11:23:00,CHRS,2.3450000286102295,2.3450000286102295,2.3499999046325684,2.3403000831604004,2.3450000286102295,3102.0
2024-03-01 11:23:00,CING,1.3200000524520874,1.3200000524520874,1.3200000524520874,1.3200000524520874,1.3200000524520874,368.0
2024-03-01 11:23:00,CLDX,52.310001373291016,52.310001373291016,52.334999084472656,52.21099853515625,52.21099853515625,4723.0
2024-03-01 11:23:00,CLNN,0.3949500024318695,0.3949500024318695,0.39500001072883606,0.3949500024318695,0.39500001072883606,140968.0
2024-03-01 11:23:00,CLOV,0.8763250112533569,0.8763250112533569,0.8763250112533569,0.8752999901771545,0.8762999773025513,1034.0
2024-03-01 11:23:00,CLRB,4.139999866485596,4.139999866485596,4.139999866485596,4.139999866485596,4.139999866485596,77602.0
2024-03-01 11:23:00,CMAX,7.737599849700928,7.737599849700928,7.737599849700928,7.737599849700928,7.737599849700928,520.0
2024-03-01 11:23:00,CMPS,11.204999923706055,11.204999923706055,11.220000267028809,11.163299560546875,11.180000305175781,4755.0
2024-03-01 11:23:00,CMRX,1.1399999856948853,1.1399999856948853,1.1399999856948853,1.1399999856948853,1.1399999856948853,80279.0
2024-03-01 11:23:00,CNSP,0.3148989975452423,0.3148989975452423,0.3149000108242035,0.3148989975452423,0.3149000108242035,1000.0
2024-03-01 11:23:00,CNTA,10.65999984741211,10.65999984741211,10.65999984741211,10.600000381469727,10.600000381469727,15221.0
2024-03-01 11:23:00,COGT,7.199999809265137,7.199999809265137,7.210000038146973,7.199999809265137,7.210000038146973,1257.0
2024-03-01 11:23:00,COLL,36.900001525878906,36.900001525878906,36.900001525878906,36.900001525878906,36.900001525878906,289.0
2024-03-01 11:23:00,CORT,23.954999923706055,23.954999923706055,23.959999084472656,23.954999923706055,23.959999084472656,934.0
2024-03-01 11:23:00,CPRX,17.25,17.25,17.309999465942383,17.25,17.309999465942383,7603.0
2024-03-01 11:23:00,CRBU,8.079999923706055,8.079999923706055,8.095000267028809,8.069999694824219,8.069999694824219,3068.0
2024-03-01 11:23:00,CRDF,2.436000108718872,2.436000108718872,2.4600000381469727,2.430000066757202,2.4409000873565674,47326.0
2024-03-01 11:23:00,CRNX,45.9900016784668,45.9900016784668,46.060001373291016,45.95000076293945,45.95000076293945,738.0
2024-03-01 11:23:00,CRON,2.055000066757202,2.055000066757202,2.065000057220459,2.055000066757202,2.065000057220459,180547.0
2024-03-01 11:23:00,CRSP,86.06990051269531,86.06990051269531,86.08999633789062,85.94999694824219,86.06999969482422,2241.0
2024-03-01 11:23:00,CTKB,8.449999809265137,8.449999809265137,8.53499984741211,8.449999809265137,8.520000457763672,7072.0
2024-03-01 11:23:00,CUTR,2.4200000762939453,2.4200000762939453,2.4200000762939453,2.410900115966797,2.4200000762939453,1308.0
2024-03-01 11:23:00,CVAC,3.4649999141693115,3.4649999141693115,3.4649999141693115,3.4649999141693115,3.4649999141693115,75153.0
2024-03-01 11:23:00,CYTK,74.23999786376953,74.23999786376953,74.31999969482422,74.16000366210938,74.27999877929688,4680.0
2024-03-01 11:23:00,DARE,0.550000011920929,0.550000011920929,0.5575000047683716,0.550000011920929,0.5575000047683716,1862.0
2024-03-01 11:23:00,DAWN,17.5,17.5,17.52989959716797,17.5,17.52989959716797,793.0
2024-03-01 11:23:00,DCGO,4.159900188446045,4.159900188446045,4.159999847412109,4.15500020980835,4.159999847412109,4431.0
2024-03-01 11:23:00,DCPH,17.014999389648438,17.014999389648438,17.014999389648438,17.014999389648438,17.014999389648438,292.0
2024-03-01 11:23:00,DERM,4.065000057220459,4.065000057220459,4.065000057220459,4.065000057220459,4.065000057220459,10883.0
2024-03-01 11:23:00,DH,9.130000114440918,9.130000114440918,9.130000114440918,9.130000114440918,9.130000114440918,101.0
2024-03-01 11:23:00,DMTK,0.8598999977111816,0.8598999977111816,0.8600000143051147,0.8598999977111816,0.8600000143051147,770.0
2024-03-01 11:23:00,DNLI,20.934999465942383,20.934999465942383,21.0,20.934999465942383,20.979999542236328,5299.0
2024-03-01 11:23:00,DTIL,12.680000305175781,12.680000305175781,12.680000305175781,12.59000015258789,12.619999885559082,3825.0
2024-03-01 11:23:00,DVAX,12.854999542236328,12.854999542236328,12.854999542236328,12.854999542236328,12.854999542236328,395.0
2024-03-01 11:23:00,DXCM,119.16000366210938,119.16000366210938,119.16000366210938,118.98999786376953,119.05999755859375,16278.0
2024-03-01 11:23:00,DYN,28.989999771118164,28.989999771118164,29.049999237060547,28.967500686645508,29.0,19322.0
2024-03-01 11:23:00,EDIT,10.989999771118164,10.989999771118164,11.0,10.989999771118164,11.0,3674.0
2024-03-01 11:23:00,EGRX,6.614999771118164,6.614999771118164,6.614999771118164,6.591700077056885,6.591700077056885,309.0
2024-03-01 11:23:00,ELEV,4.96999979019165,4.96999979019165,4.980000019073486,4.949999809265137,4.980000019073486,3836.0
2024-03-01 11:23:00,ENTA,15.239999771118164,15.239999771118164,15.239999771118164,15.210000038146973,15.210000038146973,200.0
2024-03-01 11:23:00,ENVB,1.5750000476837158,1.5750000476837158,1.589900016784668,1.5399999618530273,1.5592000484466553,47372.0
2024-03-01 11:23:00,EOLS,14.640000343322754,14.640000343322754,14.640000343322754,14.640000343322754,14.640000343322754,336.0
2024-03-01 11:23:00,ERAS,2.5350000858306885,2.5350000858306885,2.5399999618530273,2.5350000858306885,2.5399999618530273,321.0
2024-03-01 11:23:00,ESPR,2.518699884414673,2.518699884414673,2.518699884414673,2.518699884414673,2.518699884414673,4863.0
2024-03-01 11:23:00,ESTA,45.532501220703125,45.532501220703125,45.532501220703125,45.532501220703125,45.532501220703125,128.0
2024-03-01 11:23:00,ETNB,12.899999618530273,12.899999618530273,12.920000076293945,12.899999618530273,12.899999618530273,3710.0
2024-03-01 11:23:00,EVGN,0.9696000218391418,0.9696000218391418,0.9696000218391418,0.9696000218391418,0.9696000218391418,47011.0
2024-03-01 11:23:00,EWTX,16.989999771118164,16.989999771118164,16.989999771118164,16.989999771118164,16.989999771118164,2809.0
2024-03-01 11:23:00,EXAI,6.815000057220459,6.815000057220459,6.815000057220459,6.815000057220459,6.815000057220459,40412.0
2024-03-01 11:23:00,EXAS,60.125,60.125,60.20000076293945,60.11000061035156,60.20000076293945,3440.0
2024-03-01 11:23:00,EXEL,22.450000762939453,22.450000762939453,22.459999084472656,22.450000762939453,22.459999084472656,4286.0
2024-03-01 11:23:00,EYEN,2.2785000801086426,2.2785000801086426,2.2785000801086426,2.2699999809265137,2.2699999809265137,1790.0
2024-03-01 11:23:00,EYPT,27.969999313354492,27.969999313354492,27.989999771118164,27.969999313354492,27.979999542236328,1634.0
2024-03-01 11:23:00,FATE,7.425000190734863,7.425000190734863,7.445000171661377,7.425000190734863,7.445000171661377,1062.0
2024-03-01 11:23:00,FDMT,29.209999084472656,29.209999084472656,29.209999084472656,29.122499465942383,29.18000030517578,3603.0
2024-03-01 11:23:00,FEMY,1.7200000286102295,1.7200000286102295,1.7200000286102295,1.7100000381469727,1.7100000381469727,73808.0
2024-03-01 11:23:00,FGEN,1.7699999809265137,1.7699999809265137,1.7799999713897705,1.7699999809265137,1.7799999713897705,10984.0
2024-03-01 11:23:00,FLGT,23.34000015258789,23.34000015258789,23.34000015258789,23.34000015258789,23.34000015258789,100.0
2024-03-01 11:23:00,FOLD,13.399999618530273,13.399999618530273,13.40999984741211,13.399999618530273,13.40999984741211,1334.0
2024-03-01 11:23:00,FULC,10.800000190734863,10.800000190734863,10.850000381469727,10.800000190734863,10.84000015258789,1612.0
2024-03-01 11:23:00,FUSN,12.109999656677246,12.109999656677246,12.109999656677246,12.109999656677246,12.109999656677246,4054.0
2024-03-01 11:23:00,GANX,4.625999927520752,4.625999927520752,4.625999927520752,4.625999927520752,4.625999927520752,338.0
2024-03-01 11:23:00,GDRX,8.295000076293945,8.295000076293945,8.295000076293945,8.27929973602295,8.295000076293945,8465.0
2024-03-01 11:23:00,GERN,2.180000066757202,2.180000066757202,2.180000066757202,2.1700000762939453,2.180000066757202,10699.0
2024-03-01 11:23:00,GH,19.299999237060547,19.299999237060547,19.329999923706055,19.299999237060547,19.325000762939453,99902.0
2024-03-01 11:23:00,GHRS,8.84000015258789,8.84000015258789,8.899999618530273,8.84000015258789,8.899999618530273,356.0
2024-03-01 11:23:00,GILD,72.37999725341797,72.37999725341797,72.40499877929688,72.37000274658203,72.38009643554688,10015.0
2024-03-01 11:23:00,GLMD,0.40400001406669617,0.40400001406669617,0.40400001406669617,0.40400001406669617,0.40400001406669617,268.0
2024-03-01 11:23:00,GLYC,2.994999885559082,2.994999885559082,2.994999885559082,2.994999885559082,2.994999885559082,327.0
2024-03-01 11:23:00,GMAB,29.34000015258789,29.34000015258789,29.34000015258789,29.34000015258789,29.34000015258789,847.0
2024-03-01 11:23:00,GMDA,0.3779999911785126,0.3779999911785126,0.3799999952316284,0.3779999911785126,0.3799999952316284,6393.0
2024-03-01 11:23:00,GNPX,4.489999771118164,4.489999771118164,4.489999771118164,4.489999771118164,4.489999771118164,18532.0
2024-03-01 11:23:00,GOSS,1.3550000190734863,1.3550000190734863,1.3550000190734863,1.3550000190734863,1.3550000190734863,100.0
2024-03-01 11:23:00,GRFS,7.079999923706055,7.079999923706055,7.079999923706055,7.045000076293945,7.045000076293945,3205.0
2024-03-01 11:23:00,GRTS,2.2149999141693115,2.2149999141693115,2.2149999141693115,2.194999933242798,2.2049999237060547,40953.0
2024-03-01 11:23:00,GTHX,3.559999942779541,3.559999942779541,3.559999942779541,3.559999942779541,3.559999942779541,6271.0
2024-03-01 11:23:00,HALO,41.375,41.375,41.43000030517578,41.375,41.43000030517578,3026.0
2024-03-01 11:23:00,HBIO,4.349999904632568,4.349999904632568,4.349999904632568,4.349999904632568,4.349999904632568,367.0
2024-03-01 11:23:00,HCAT,7.929999828338623,7.929999828338623,7.929999828338623,7.929999828338623,7.929999828338623,5280.0
2024-03-01 11:23:00,HCSG,12.6899995803833,12.6899995803833,12.699999809265137,12.6899995803833,12.699999809265137,383.0
2024-03-01 11:23:00,HCTI,2.457900047302246,2.457900047302246,2.4591000080108643,2.440999984741211,2.450000047683716,1052.0
2024-03-01 11:23:00,HOLX,73.98999786376953,73.98999786376953,74.01000213623047,73.98999786376953,74.0,1818.0
2024-03-01 11:23:00,HOWL,6.949999809265137,6.949999809265137,6.972499847412109,6.949999809265137,6.949999809265137,1307.0
2024-03-01 11:23:00,HQY,81.5999984741211,81.5999984741211,81.5999984741211,81.5999984741211,81.5999984741211,189.0
2024-03-01 11:23:00,HRMY,31.530000686645508,31.530000686645508,31.530000686645508,31.530000686645508,31.530000686645508,1094.0
2024-03-01 11:23:00,HROW,10.829999923706055,10.829999923706055,10.84000015258789,10.829999923706055,10.84000015258789,1224.0
2024-03-01 11:23:00,HRTX,2.630000114440918,2.630000114440918,2.6500000953674316,2.630000114440918,2.6449999809265137,5162.0
2024-03-01 11:23:00,HSCS,0.11760000139474869,0.11760000139474869,0.11760000139474869,0.11760000139474869,0.11760000139474869,1000.0
2024-03-01 11:23:00,HSIC,76.76000213623047,76.76000213623047,76.76000213623047,76.76000213623047,76.76000213623047,1143.0
2024-03-01 11:23:00,HUMA,3.2750000953674316,3.2750000953674316,3.2799999713897705,3.2249999046325684,3.2249999046325684,41457.0
2024-03-01 11:23:00,IART,36.79999923706055,36.79999923706055,36.79999923706055,36.79999923706055,36.79999923706055,1039.0
2024-03-01 11:23:00,IBRX,4.849999904632568,4.849999904632568,4.875,4.849999904632568,4.875,4763.0
2024-03-01 11:23:00,ICCM,1.3200000524520874,1.3200000524520874,1.3200000524520874,1.3200000524520874,1.3200000524520874,18876.0
2024-03-01 11:23:00,ICLR,323.2998962402344,323.2998962402344,323.2998962402344,323.2998962402344,323.2998962402344,4706.0
2024-03-01 11:23:00,ICUI,106.7300033569336,106.7300033569336,106.7300033569336,106.7300033569336,106.7300033569336,508.0
2024-03-01 11:23:00,IDXX,578.6799926757812,578.6799926757812,580.2000122070312,578.6799926757812,580.2000122070312,1410.0
2024-03-01 11:23:00,IDYA,46.130001068115234,46.130001068115234,46.189998626708984,46.119998931884766,46.189998626708984,1418.0
2024-03-01 11:23:00,IFRX,1.8200000524520874,1.8200000524520874,1.8200000524520874,1.8200000524520874,1.8200000524520874,13948.0
2024-03-01 11:23:00,IINN,1.6299999952316284,1.6299999952316284,1.6299999952316284,1.6299999952316284,1.6299999952316284,540.0
2024-03-01 11:23:00,IKNA,1.4800000190734863,1.4800000190734863,1.4800000190734863,1.4800000190734863,1.4800000190734863,41818.0
2024-03-01 11:23:00,ILMN,141.86000061035156,141.86000061035156,141.86000061035156,141.86000061035156,141.86000061035156,5536.0
2024-03-01 11:23:00,IMCR,67.87000274658203,67.87000274658203,67.9000015258789,67.86000061035156,67.86000061035156,579.0
2024-03-01 11:23:00,IMNM,25.4950008392334,25.4950008392334,25.4950008392334,25.4950008392334,25.4950008392334,182.0
2024-03-01 11:23:00,IMTX,13.130000114440918,13.130000114440918,13.130000114440918,13.130000114440918,13.130000114440918,3161.0
2024-03-01 11:23:00,IMVT,36.27000045776367,36.27000045776367,36.27000045776367,36.27000045776367,36.27000045776367,1531.0
2024-03-01 11:23:00,INBX,36.91999816894531,36.91999816894531,36.91999816894531,36.91999816894531,36.91999816894531,261.0
2024-03-01 11:23:00,INCR,1.9600000381469727,1.9600000381469727,1.9600000381469727,1.9600000381469727,1.9600000381469727,8334.0
2024-03-01 11:23:00,INCY,59.15999984741211,59.15999984741211,59.22999954223633,59.15999984741211,59.22999954223633,2010.0
2024-03-01 11:23:00,INGN,6.860000133514404,6.860000133514404,6.880000114440918,6.860000133514404,6.869999885559082,1928.0
2024-03-01 11:23:00,INMB,12.020000457763672,12.020000457763672,12.020000457763672,12.020000457763672,12.020000457763672,5347.0
2024-03-01 11:23:00,INMD,22.790000915527344,22.790000915527344,22.84000015258789,22.790000915527344,22.84000015258789,2536.0
2024-03-01 11:23:00,INO,9.0600004196167,9.0600004196167,9.0600004196167,9.0600004196167,9.0600004196167,822.0
2024-03-01 11:23:00,INSM,28.174999237060547,28.174999237060547,28.190000534057617,28.149999618530273,28.15999984741211,4726.0
2024-03-01 11:23:00,INVA,15.744999885559082,15.744999885559082,15.770000457763672,15.744999885559082,15.770000457763672,2933.0
2024-03-01 11:23:00,INZY,6.5,6.5,6.5,6.5,6.5,568.0
2024-03-01 11:23:00,IONS,45.849998474121094,45.849998474121094,45.869998931884766,45.849998474121094,45.86000061035156,2509.0
2024-03-01 11:23:00,IOVA,16.465999603271484,16.465999603271484,16.514999389648438,16.46500015258789,16.485000610351562,10552.0
2024-03-01 11:23:00,IPSC,3.799999952316284,3.799999952316284,3.799999952316284,3.799999952316284,3.799999952316284,100.0
2024-03-01 11:23:00,IRTC,120.4800033569336,120.4800033569336,120.5999984741211,120.4800033569336,120.5999984741211,1457.0
2024-03-01 11:23:00,IRWD,8.970000267028809,8.970000267028809,8.975000381469727,8.970000267028809,8.970000267028809,1585.0
2024-03-01 11:23:00,ISRG,393.0950012207031,393.0950012207031,393.30999755859375,393.0400085449219,393.1499938964844,3729.0
2024-03-01 11:23:00,ITCI,71.12000274658203,71.12000274658203,71.12000274658203,71.12000274658203,71.12000274658203,550.0
2024-03-01 11:23:00,ITOS,10.78499984741211,10.78499984741211,10.78499984741211,10.78499984741211,10.78499984741211,200.0
2024-03-01 11:23:00,IVVD,3.950000047683716,3.950000047683716,3.9600000381469727,3.950000047683716,3.9600000381469727,489.0
2024-03-01 11:23:00,JAGX,0.0803999975323677,0.0803999975323677,0.08209999650716782,0.0803999975323677,0.08070000261068344,423444.0
2024-03-01 11:23:00,JANX,46.51959991455078,46.51959991455078,46.540000915527344,46.3400993347168,46.540000915527344,995.0
2024-03-01 11:23:00,JAZZ,120.94000244140625,120.94000244140625,120.94000244140625,120.94000244140625,120.94000244140625,4422.0
2024-03-01 11:23:00,JYNT,10.135000228881836,10.135000228881836,10.135000228881836,10.119999885559082,10.119999885559082,300.0
2024-03-01 11:23:00,KALV,14.03499984741211,14.03499984741211,14.03499984741211,14.010000228881836,14.010000228881836,401.0
2024-03-01 11:23:00,KNSA,21.8700008392334,21.8700008392334,21.8799991607666,21.8700008392334,21.8799991607666,1406.0
2024-03-01 11:23:00,KNTE,2.615000009536743,2.615000009536743,2.619999885559082,2.609999895095825,2.619999885559082,255388.0
2024-03-01 11:23:00,KOD,6.175000190734863,6.175000190734863,6.179999828338623,6.175000190734863,6.175000190734863,388.0
2024-03-01 11:23:00,KPTI,1.2450000047683716,1.2450000047683716,1.2450000047683716,1.2450000047683716,1.2450000047683716,500.0
2024-03-01 11:23:00,KROS,68.86000061035156,68.86000061035156,69.05999755859375,68.86000061035156,69.04000091552734,1427.0
2024-03-01 11:23:00,KRYS,167.69500732421875,167.69500732421875,167.86000061035156,167.69500732421875,167.75,813.0
2024-03-01 11:23:00,KTRA,0.10010000318288803,0.10010000318288803,0.10029999911785126,0.10010000318288803,0.10010000318288803,27073.0
2024-03-01 11:23:00,KURA,21.5049991607666,21.5049991607666,21.5049991607666,21.469999313354492,21.469999313354492,867.0
2024-03-01 11:23:00,KYMR,44.0099983215332,44.0099983215332,44.04999923706055,44.0099983215332,44.04999923706055,3393.0
2024-03-01 11:23:00,KZR,1.1023000478744507,1.1023000478744507,1.1050000190734863,1.1023000478744507,1.1050000190734863,1285.0
2024-03-01 11:23:00,LAB,2.4149999618530273,2.4149999618530273,2.434999942779541,2.4100000858306885,2.430000066757202,37728.0
2024-03-01 11:23:00,LBPH,21.75,21.75,21.75,21.670000076293945,21.670000076293945,217.0
2024-03-01 11:23:00,LEGN,66.05500030517578,66.05500030517578,66.06500244140625,65.95999908447266,65.95999908447266,1815.0
2024-03-01 11:23:00,LEXX,2.6738998889923096,2.6738998889923096,2.6738998889923096,2.6738998889923096,2.6738998889923096,264.0
2024-03-01 11:23:00,LFMDP,19.71500015258789,19.71500015258789,20.170000076293945,19.71500015258789,20.170000076293945,1005.0
2024-03-01 11:23:00,LFST,8.0,8.0,8.010000228881836,7.994999885559082,8.0,7545.0
2024-03-01 11:23:00,LGND,79.57499694824219,79.57499694824219,79.57499694824219,79.57499694824219,79.57499694824219,295.0
2024-03-01 11:23:00,LIAN,4.860000133514404,4.860000133514404,4.860000133514404,4.860000133514404,4.860000133514404,155.0
2024-03-01 11:23:00,LIFE,1.9299999475479126,1.9299999475479126,1.9399000406265259,1.9299999475479126,1.9399000406265259,3100.0
2024-03-01 11:23:00,LIVN,55.29999923706055,55.29999923706055,55.34000015258789,55.29999923706055,55.31999969482422,21910.0
2024-03-01 11:23:00,LMAT,67.3949966430664,67.3949966430664,67.3949966430664,67.3949966430664,67.3949966430664,285.0
2024-03-01 11:23:00,LNTH,65.33000183105469,65.33000183105469,65.3499984741211,65.33000183105469,65.3499984741211,1587.0
2024-03-01 11:23:00,LQDA,14.354999542236328,14.354999542236328,14.354999542236328,14.354999542236328,14.354999542236328,130.0
2024-03-01 11:23:00,LVTX,3.0,3.0,3.015000104904175,3.0,3.015000104904175,300.0
2024-03-01 11:23:00,LXRX,2.418800115585327,2.418800115585327,2.418800115585327,2.418800115585327,2.418800115585327,174.0
2024-03-01 11:23:00,LYEL,3.1549999713897705,3.1549999713897705,3.1549999713897705,3.1500000953674316,3.1549999713897705,7665.0
2024-03-01 11:23:00,MASI,126.80999755859375,126.80999755859375,126.80999755859375,126.80999755859375,126.80999755859375,575.0
2024-03-01 11:23:00,MCRB,1.1886999607086182,1.1886999607086182,1.1886999607086182,1.1799999475479126,1.1799999475479126,1467.0
2024-03-01 11:23:00,MDGL,241.03500366210938,241.03500366210938,241.03500366210938,241.03500366210938,241.03500366210938,1468.0
2024-03-01 11:23:00,MDRX,5.949999809265137,5.949999809265137,5.949999809265137,5.920000076293945,5.949999809265137,9326.0
2024-03-01 11:23:00,MDXG,8.635000228881836,8.635000228881836,8.635000228881836,8.619999885559082,8.619999885559082,2921.0
2024-03-01 11:23:00,ME,0.5802000164985657,0.5802000164985657,0.5803999900817871,0.5799999833106995,0.5800999999046326,16832.0
2024-03-01 11:23:00,MEDP,400.75,400.75,400.75,400.7300109863281,400.75,1278.0
2024-03-01 11:23:00,MGNX,19.200000762939453,19.200000762939453,19.2549991607666,19.200000762939453,19.2549991607666,2723.0
2024-03-01 11:23:00,MGTX,6.300000190734863,6.300000190734863,6.300000190734863,6.300000190734863,6.300000190734863,832.0
2024-03-01 11:23:00,MIRM,30.190000534057617,30.190000534057617,30.209999084472656,30.170000076293945,30.170000076293945,2525.0
2024-03-01 11:23:00,MLTX,51.70000076293945,51.70000076293945,51.90999984741211,51.70000076293945,51.900001525878906,2458.0
2024-03-01 11:23:00,MMSI,76.0999984741211,76.0999984741211,76.22000122070312,76.0999984741211,76.22000122070312,2542.0
2024-03-01 11:23:00,MNKD,4.644999980926514,4.644999980926514,4.65500020980835,4.639999866485596,4.644999980926514,38843.0
2024-03-01 11:23:00,MNMD,5.909999847412109,5.909999847412109,5.909999847412109,5.909999847412109,5.909999847412109,2101.0
2024-03-01 11:23:00,MNPR,0.8199989795684814,0.8199989795684814,0.8199999928474426,0.8199989795684814,0.8199999928474426,257232.0
2024-03-01 11:23:00,MODD,1.899999976158142,1.899999976158142,1.9083000421524048,1.899999976158142,1.899999976158142,3352.0
2024-03-01 11:23:00,MORF,38.689998626708984,38.689998626708984,38.709999084472656,38.689998626708984,38.709999084472656,564.0
2024-03-01 11:23:00,MOTS,0.6801000237464905,0.6801000237464905,0.6801000237464905,0.6801000237464905,0.6801000237464905,217.0
2024-03-01 11:23:00,MREO,3.805000066757202,3.805000066757202,3.815000057220459,3.805000066757202,3.809999942779541,11389.0
2024-03-01 11:23:00,MRNA,95.625,95.625,95.625,95.625,95.625,5382.0
2024-03-01 11:23:00,MRNS,9.850000381469727,9.850000381469727,9.850000381469727,9.850000381469727,9.850000381469727,313.0
2024-03-01 11:23:00,MRSN,5.929999828338623,5.929999828338623,5.949999809265137,5.929999828338623,5.940000057220459,1823.0
2024-03-01 11:23:00,MRUS,50.75,50.75,50.75,50.75,50.75,1539.0
2024-03-01 11:23:00,MRVI,7.829999923706055,7.829999923706055,7.849999904632568,7.829999923706055,7.84499979019165,1685.0
2024-03-01 11:23:00,MXCT,4.744999885559082,4.744999885559082,4.744999885559082,4.739999771118164,4.739999771118164,60661.0
2024-03-01 11:23:00,NARI,46.2400016784668,46.2400016784668,46.349998474121094,46.2400016784668,46.349998474121094,3553.0
2024-03-01 11:23:00,NBIX,129.84500122070312,129.84500122070312,129.92999267578125,129.7550048828125,129.92999267578125,2495.0
2024-03-01 11:23:00,NEO,16.075000762939453,16.075000762939453,16.075000762939453,16.059999465942383,16.06999969482422,619.0
2024-03-01 11:23:00,NEOG,17.31999969482422,17.31999969482422,17.325000762939453,17.31999969482422,17.325000762939453,1030.0
2024-03-01 11:23:00,NERV,2.515000104904175,2.515000104904175,2.515000104904175,2.515000104904175,2.515000104904175,400.0
2024-03-01 11:23:00,NEXI,6.429999828338623,6.429999828338623,6.449999809265137,6.429999828338623,6.449999809265137,617.0
2024-03-01 11:23:00,NGM,1.5299999713897705,1.5299999713897705,1.534999966621399,1.5299999713897705,1.534999966621399,1119.0
2024-03-01 11:23:00,NKTR,0.7602009773254395,0.7602009773254395,0.7689999938011169,0.7577000260353088,0.758400022983551,12851.0
2024-03-01 11:23:00,NKTX,12.6899995803833,12.6899995803833,12.729999542236328,12.6899995803833,12.710000038146973,1250.0
2024-03-01 11:23:00,NNOX,11.109999656677246,11.109999656677246,11.130000114440918,11.100000381469727,11.100000381469727,6719.0
2024-03-01 11:23:00,NRIX,13.220000267028809,13.220000267028809,13.270000457763672,13.220000267028809,13.255000114440918,1307.0
2024-03-01 11:23:00,NRSN,2.0299999713897705,2.0299999713897705,2.0299999713897705,1.9974000453948975,1.9980000257492065,76549.0
2024-03-01 11:23:00,NTLA,33.709999084472656,33.709999084472656,33.810001373291016,33.709999084472656,33.810001373291016,8855.0
2024-03-01 11:23:00,NTRA,89.62000274658203,89.62000274658203,89.62000274658203,89.61000061035156,89.61000061035156,11374.0
2024-03-01 11:23:00,NUTX,0.11299999803304672,0.11299999803304672,0.11320000141859055,0.11299999803304672,0.11320000141859055,514.0
2024-03-01 11:23:00,NUWE,0.573199987411499,0.573199987411499,0.5800999999046326,0.573199987411499,0.5800999999046326,348753.0
2024-03-01 11:23:00,NVAX,5.170000076293945,5.170000076293945,5.199900150299072,5.164999961853027,5.1691999435424805,47482.0
2024-03-01 11:23:00,NVCR,15.970000267028809,15.970000267028809,16.010000228881836,15.970000267028809,16.010000228881836,1483.0
2024-03-01 11:23:00,NVCT,10.699999809265137,10.699999809265137,10.699999809265137,10.699999809265137,10.699999809265137,2900.0
2024-03-01 11:23:00,NVNO,6.474999904632568,6.474999904632568,6.474999904632568,6.474999904632568,6.474999904632568,41949.0
2024-03-01 11:23:00,NXTC,1.7999999523162842,1.7999999523162842,1.7999999523162842,1.7999999523162842,1.7999999523162842,218.0
2024-03-01 11:23:00,OCGN,0.9192000031471252,0.9192000031471252,0.9291999936103821,0.9190999865531921,0.9291999936103821,1310.0
2024-03-01 11:23:00,OCUL,10.40999984741211,10.40999984741211,10.4399995803833,10.40999984741211,10.4399995803833,1884.0
2024-03-01 11:23:00,OCUP,2.490000009536743,2.490000009536743,2.490000009536743,2.490000009536743,2.490000009536743,203.0
2024-03-01 11:23:00,OGI,2.119999885559082,2.119999885559082,2.120300054550171,2.119999885559082,2.120300054550171,2185.0
2024-03-01 11:23:00,OLK,22.684999465942383,22.684999465942383,22.684999465942383,22.68000030517578,22.68000030517578,72113.0
2024-03-01 11:23:00,OLMA,13.069999694824219,13.069999694824219,13.069999694824219,13.069999694824219,13.069999694824219,228.0
2024-03-01 11:23:00,OM,3.1600000858306885,3.1600000858306885,3.1600000858306885,3.1600000858306885,3.1600000858306885,843.0
2024-03-01 11:23:00,OMCL,26.40999984741211,26.40999984741211,26.479999542236328,26.40999984741211,26.459999084472656,2976.0
2024-03-01 11:23:00,OMER,4.730000019073486,4.730000019073486,4.739999771118164,4.730000019073486,4.739999771118164,2818.0
2024-03-01 11:23:00,OMGA,4.21999979019165,4.21999979019165,4.21999979019165,4.21999979019165,4.21999979019165,4926.0
2024-03-01 11:23:00,ONCT,9.890000343322754,9.890000343322754,9.90060043334961,9.780099868774414,9.90060043334961,376.0
2024-03-01 11:23:00,ONTX,0.8101000189781189,0.8101000189781189,0.8137009739875793,0.8101000189781189,0.8137000203132629,16861.0
2024-03-01 11:24:00,ABOS,4.684999942779541,4.684999942779541,4.684999942779541,4.684999942779541,4.684999942779541,902.0
2024-03-01 11:24:00,ACAD,23.829999923706055,23.829999923706055,23.829999923706055,23.829999923706055,23.829999923706055,591.0
2024-03-01 11:24:00,ACB,3.110100030899048,3.110100030899048,3.115000009536743,3.110100030899048,3.115000009536743,967.0
2024-03-01 11:24:00,ACCD,10.279999732971191,10.279999732971191,10.289999961853027,10.279999732971191,10.28600025177002,948.0
2024-03-01 11:24:00,ACET,2.4049999713897705,2.4049999713897705,2.4049999713897705,2.4049999713897705,2.4049999713897705,457.0
2024-03-01 11:24:00,ACHC,84.16000366210938,84.16000366210938,84.16000366210938,84.16000366210938,84.16000366210938,125.0
2024-03-01 11:24:00,ACLX,67.66999816894531,67.66999816894531,67.66999816894531,67.66999816894531,67.66999816894531,123.0
2024-03-01 11:24:00,ACRS,1.2200000286102295,1.2200000286102295,1.2200000286102295,1.215000033378601,1.2200000286102295,820.0
2024-03-01 11:24:00,ACST,3.369999885559082,3.369999885559082,3.369999885559082,3.369999885559082,3.369999885559082,982.0
2024-03-01 11:24:00,ADAP,1.590000033378601,1.590000033378601,1.590000033378601,1.589900016784668,1.589900016784668,2020.0
2024-03-01 11:24:00,ADIL,3.0399999618530273,3.0399999618530273,3.0399999618530273,3.030100107192993,3.030100107192993,43209.0
2024-03-01 11:24:00,ADMA,5.335999965667725,5.335999965667725,5.339700222015381,5.335999965667725,5.339700222015381,902.0
2024-03-01 11:24:00,ADPT,4.215000152587891,4.215000152587891,4.215000152587891,4.215000152587891,4.215000152587891,702.0
2024-03-01 11:24:00,ADTX,3.4600000381469727,3.4600000381469727,3.4600000381469727,3.4600000381469727,3.4600000381469727,470.0
2024-03-01 11:24:00,ADVM,1.934999942779541,1.934999942779541,1.934999942779541,1.934999942779541,1.934999942779541,155.0
2024-03-01 11:24:00,AGEN,0.6699749827384949,0.6699749827384949,0.6700000166893005,0.669950008392334,0.6700000166893005,3001.0
2024-03-01 11:24:00,AGIO,32.810001373291016,32.810001373291016,32.8849983215332,32.810001373291016,32.85100173950195,1431.0
2024-03-01 11:24:00,AHCO,10.795000076293945,10.795000076293945,10.795000076293945,10.795000076293945,10.795000076293945,412.0
2024-03-01 11:24:00,AKAN,0.25369998812675476,0.25369998812675476,0.25369998812675476,0.249099999666214,0.249099999666214,18758.0
2024-03-01 11:24:00,AKBA,1.6649999618530273,1.6649999618530273,1.6698999404907227,1.6649999618530273,1.6649999618530273,3361.0
2024-03-01 11:24:00,AKLI,0.33219999074935913,0.33219999074935913,0.33219999074935913,0.33219999074935913,0.33219999074935913,748.0
2024-03-01 11:24:00,AKRO,29.6299991607666,29.6299991607666,29.80500030517578,29.6200008392334,29.80500030517578,3904.0
2024-03-01 11:24:00,AKYA,6.050000190734863,6.050000190734863,6.050000190734863,6.050000190734863,6.050000190734863,201.0
2024-03-01 11:24:00,ALDX,4.150000095367432,4.150000095367432,4.159999847412109,4.150000095367432,4.159999847412109,343.0
2024-03-01 11:24:00,ALGN,299.8999938964844,299.8999938964844,299.8999938964844,299.8999938964844,299.8999938964844,427.0
2024-03-01 11:24:00,ALHC,5.880000114440918,5.880000114440918,5.885000228881836,5.849999904632568,5.849999904632568,9234.0
2024-03-01 11:24:00,ALKS,30.190000534057617,30.190000534057617,30.19499969482422,30.190000534057617,30.190000534057617,7535.0
2024-03-01 11:24:00,ALLK,1.600000023841858,1.600000023841858,1.600000023841858,1.597499966621399,1.597499966621399,410.0
2024-03-01 11:24:00,ALLO,5.039999961853027,5.039999961853027,5.039999961853027,5.039999961853027,5.039999961853027,110.0
2024-03-01 11:24:00,ALNY,154.72999572753906,154.72999572753906,154.72999572753906,154.72999572753906,154.72999572753906,336.0
2024-03-01 11:24:00,ALPN,36.099998474121094,36.099998474121094,36.099998474121094,36.099998474121094,36.099998474121094,962.0
2024-03-01 11:24:00,ALT,12.213600158691406,12.213600158691406,12.239999771118164,12.213600158691406,12.239999771118164,4192.0
2024-03-01 11:24:00,AMGN,280.8800048828125,280.8800048828125,280.92999267578125,280.8800048828125,280.92999267578125,7547.0
2024-03-01 11:24:00,AMLX,18.896299362182617,18.896299362182617,18.896299362182617,18.896299362182617,18.896299362182617,225.0
2024-03-01 11:24:00,AMPH,45.86000061035156,45.86000061035156,45.900001525878906,45.81999969482422,45.869998931884766,2362.0
2024-03-01 11:24:00,AMRN,1.0499999523162842,1.0499999523162842,1.0549999475479126,1.0499999523162842,1.0549999475479126,1230.0
2024-03-01 11:24:00,ANGO,5.489999771118164,5.489999771118164,5.489999771118164,5.480000019073486,5.485000133514404,1594.0
2024-03-01 11:24:00,ANIK,24.829999923706055,24.829999923706055,24.829999923706055,24.829999923706055,24.829999923706055,191.0
2024-03-01 11:24:00,ANNX,6.099999904632568,6.099999904632568,6.125,6.099999904632568,6.125,1100.0
2024-03-01 11:24:00,APLS,64.94000244140625,64.94000244140625,64.94000244140625,64.94000244140625,64.94000244140625,1547.0
2024-03-01 11:24:00,APLT,7.150000095367432,7.150000095367432,7.150000095367432,7.150000095367432,7.150000095367432,216.0
2024-03-01 11:24:00,APVO,0.16619999706745148,0.16619999706745148,0.16619999706745148,0.16580000519752502,0.16580000519752502,2490.0
2024-03-01 11:24:00,AQST,4.224999904632568,4.224999904632568,4.224999904632568,4.223999977111816,4.224999904632568,403.0
2024-03-01 11:24:00,ARCT,39.3849983215332,39.3849983215332,39.52000045776367,39.3849983215332,39.52000045776367,909.0
2024-03-01 11:24:00,ARDX,9.545000076293945,9.545000076293945,9.545000076293945,9.530099868774414,9.530099868774414,3402.0
2024-03-01 11:24:00,ARQT,11.199999809265137,11.199999809265137,11.220000267028809,11.1899995803833,11.1899995803833,7631.0
2024-03-01 11:24:00,ARVN,48.93000030517578,48.93000030517578,48.94139862060547,48.849998474121094,48.94139862060547,1343.0
2024-03-01 11:24:00,ARWR,35.93000030517578,35.93000030517578,35.93000030517578,35.880001068115234,35.880001068115234,4211.0
2024-03-01 11:24:00,ASND,150.1875,150.1875,150.1875,150.1875,150.1875,221.0
2024-03-01 11:24:00,ASRT,0.9121000170707703,0.9121000170707703,0.9121999740600586,0.9121000170707703,0.9121999740600586,1209.0
2024-03-01 11:24:00,ATAI,2.0,2.0,2.0,2.0,2.0,340.0
2024-03-01 11:24:00,ATEC,13.460000038146973,13.460000038146973,13.494999885559082,13.460000038146973,13.494999885559082,7100.0
2024-03-01 11:24:00,ATHA,3.994999885559082,3.994999885559082,3.999799966812134,3.994999885559082,3.994999885559082,2015.0
2024-03-01 11:24:00,ATHE,1.7999999523162842,1.7999999523162842,1.7999999523162842,1.7999999523162842,1.7999999523162842,7377.0
2024-03-01 11:24:00,ATRC,36.099998474121094,36.099998474121094,36.119998931884766,36.040000915527344,36.04999923706055,7189.0
2024-03-01 11:24:00,AUGX,4.570000171661377,4.570000171661377,4.570000171661377,4.570000171661377,4.570000171661377,209.0
2024-03-01 11:24:00,AUPH,5.829999923706055,5.829999923706055,5.835000038146973,5.829999923706055,5.835000038146973,10789.0
2024-03-01 11:24:00,AUTL,6.230000019073486,6.230000019073486,6.230000019073486,6.224999904632568,6.224999904632568,782.0
2024-03-01 11:24:00,AVIR,4.440000057220459,4.440000057220459,4.445000171661377,4.425000190734863,4.425000190734863,5249.0
2024-03-01 11:24:00,AVTE,23.34000015258789,23.34000015258789,23.510000228881836,23.34000015258789,23.510000228881836,803.0
2024-03-01 11:24:00,AVTX,4.550000190734863,4.550000190734863,4.550000190734863,4.550000190734863,4.550000190734863,720.0
2024-03-01 11:24:00,AVXL,5.389999866485596,5.389999866485596,5.389999866485596,5.389999866485596,5.389999866485596,2147.0
2024-03-01 11:24:00,AXGN,10.529999732971191,10.529999732971191,10.529999732971191,10.529999732971191,10.529999732971191,245.0
2024-03-01 11:24:00,AXNX,67.25,67.25,67.25,67.25,67.25,201.0
2024-03-01 11:24:00,AXSM,82.97000122070312,82.97000122070312,82.97000122070312,82.97000122070312,82.97000122070312,719.0
2024-03-01 11:24:00,AZN,64.52999877929688,64.52999877929688,64.54000091552734,64.52999877929688,64.52999877929688,3989.0
2024-03-01 11:24:00,AZTA,66.44750213623047,66.44750213623047,66.44750213623047,66.44750213623047,66.44750213623047,161.0
2024-03-01 11:24:00,BBIO,35.959999084472656,35.959999084472656,35.959999084472656,35.959999084472656,35.959999084472656,588.0
2024-03-01 11:24:00,BBLG,2.319999933242798,2.319999933242798,2.319999933242798,2.3199000358581543,2.3199000358581543,446.0
2024-03-01 11:24:00,BCAB,2.805000066757202,2.805000066757202,2.805000066757202,2.805000066757202,2.805000066757202,100.0
2024-03-01 11:24:00,BCDA,0.5680000185966492,0.5680000185966492,0.5680000185966492,0.5680000185966492,0.5680000185966492,506.0
2024-03-01 11:24:00,BCRX,5.820000171661377,5.820000171661377,5.849999904632568,5.820000171661377,5.849999904632568,12951.0
2024-03-01 11:24:00,BCTX,3.460099935531616,3.460099935531616,3.460099935531616,3.460099935531616,3.460099935531616,15339.0
2024-03-01 11:24:00,BDTX,5.070099830627441,5.070099830627441,5.070099830627441,5.050000190734863,5.054999828338623,1787.0
2024-03-01 11:24:00,BEAM,40.09749984741211,40.09749984741211,40.149898529052734,40.09749984741211,40.130001068115234,1579.0
2024-03-01 11:24:00,BGNE,166.66000366210938,166.66000366210938,166.66000366210938,166.66000366210938,166.66000366210938,591.0
2024-03-01 11:24:00,BGXX,0.27038800716400146,0.27038800716400146,0.27300000190734863,0.27000001072883606,0.27000001072883606,1315.0
2024-03-01 11:24:00,BIIB,219.1999969482422,219.1999969482422,219.1999969482422,219.1999969482422,219.1999969482422,510.0
2024-03-01 11:24:00,BIOL,0.13950000703334808,0.13950000703334808,0.13950000703334808,0.13950000703334808,0.13950000703334808,1580.0
2024-03-01 11:24:00,BIOR,1.2484999895095825,1.2484999895095825,1.2484999895095825,1.2484999895095825,1.2484999895095825,824.0
2024-03-01 11:24:00,BIVI,2.2599000930786133,2.2599000930786133,2.259999990463257,2.2200000286102295,2.2300000190734863,83985.0
2024-03-01 11:24:00,BLFS,17.967199325561523,17.967199325561523,17.967199325561523,17.967199325561523,17.967199325561523,390.0
2024-03-01 11:24:00,BLUE,1.5950000286102295,1.5950000286102295,1.597499966621399,1.590000033378601,1.597499966621399,14476.0
2024-03-01 11:24:00,BMEA,18.06999969482422,18.06999969482422,18.06999969482422,17.969999313354492,17.969999313354492,2482.0
2024-03-01 11:24:00,BMRN,86.66999816894531,86.66999816894531,86.69000244140625,86.66999816894531,86.69000244140625,1392.0
2024-03-01 11:24:00,BNGO,1.25,1.25,1.25,1.25,1.25,45831.0
2024-03-01 11:24:00,BNR,0.8654999732971191,0.8654999732971191,0.8654999732971191,0.8654999732971191,0.8654999732971191,100.0
2024-03-01 11:24:00,BNTX,91.94499969482422,91.94499969482422,91.97000122070312,91.94499969482422,91.94999694824219,728.0
2024-03-01 11:24:00,BPMC,96.30999755859375,96.30999755859375,96.30999755859375,96.30999755859375,96.30999755859375,577.0
2024-03-01 11:24:00,BRTX,1.5,1.5,1.5099999904632568,1.5,1.5099999904632568,400.0
2024-03-01 11:24:00,BTAI,3.255000114440918,3.255000114440918,3.255000114440918,3.255000114440918,3.255000114440918,149.0
2024-03-01 11:24:00,BTMD,6.05679988861084,6.05679988861084,6.05679988861084,6.05679988861084,6.05679988861084,482.0
2024-03-01 11:24:00,BTTX,0.1671999990940094,0.1671999990940094,0.1671999990940094,0.1671999990940094,0.1671999990940094,1744060.0
2024-03-01 11:24:00,BVS,4.699999809265137,4.699999809265137,4.699999809265137,4.679999828338623,4.679999828338623,275.0
2024-03-01 11:24:00,CABA,23.969999313354492,23.969999313354492,23.969999313354492,23.969999313354492,23.969999313354492,203.0
2024-03-01 11:24:00,CAPR,4.568399906158447,4.568399906158447,4.568399906158447,4.568399906158447,4.568399906158447,305.0
2024-03-01 11:24:00,CBAY,32.244998931884766,32.244998931884766,32.25,32.244998931884766,32.244998931884766,1078.0
2024-03-01 11:24:00,CCCC,10.944999694824219,10.944999694824219,10.954999923706055,10.933799743652344,10.933799743652344,2004.0
2024-03-01 11:24:00,CCRN,18.209999084472656,18.209999084472656,18.209999084472656,18.209999084472656,18.209999084472656,1994.0
2024-03-01 11:24:00,CDMO,8.15999984741211,8.15999984741211,8.15999984741211,8.15999984741211,8.15999984741211,210.0
2024-03-01 11:24:00,CDNA,12.385000228881836,12.385000228881836,12.420000076293945,12.385000228881836,12.420000076293945,1904.0
2024-03-01 11:24:00,CDXS,4.425000190734863,4.425000190734863,4.425000190734863,4.425000190734863,4.425000190734863,1010.0
2024-03-01 11:24:00,CERE,41.18000030517578,41.18000030517578,41.19499969482422,41.18000030517578,41.189998626708984,552.0
2024-03-01 11:24:00,CERS,2.2200000286102295,2.2200000286102295,2.2200000286102295,2.2200000286102295,2.2200000286102295,300.0
2024-03-01 11:24:00,CERT,17.69499969482422,17.69499969482422,17.69499969482422,17.69499969482422,17.69499969482422,328.0
2024-03-01 11:24:00,CGC,3.2774999141693115,3.2774999141693115,3.2774999141693115,3.2774999141693115,3.2774999141693115,154.0
2024-03-01 11:24:00,CGEM,18.850000381469727,18.850000381469727,18.850000381469727,18.849199295043945,18.850000381469727,1413.0
2024-03-01 11:24:00,CGEN,2.6898999214172363,2.6898999214172363,2.6898999214172363,2.6898999214172363,2.6898999214172363,554.0
2024-03-01 11:24:00,CHRS,2.3450000286102295,2.3450000286102295,2.349900007247925,2.3450000286102295,2.3450000286102295,1526.0
2024-03-01 11:24:00,CLDX,52.23500061035156,52.23500061035156,52.2599983215332,52.189998626708984,52.25,4488.0
2024-03-01 11:24:00,CLLS,2.569999933242798,2.569999933242798,2.569999933242798,2.569999933242798,2.569999933242798,5861.0
2024-03-01 11:24:00,CLNN,0.3949500024318695,0.3949500024318695,0.39500001072883606,0.3949500024318695,0.39500001072883606,4022.0
2024-03-01 11:24:00,CLOV,0.8763250112533569,0.8763250112533569,0.8763250112533569,0.8752999901771545,0.8762999773025513,10093.0
2024-03-01 11:24:00,CMPS,11.109999656677246,11.109999656677246,11.180000305175781,11.109999656677246,11.15999984741211,688.0
2024-03-01 11:24:00,CMRX,1.1399999856948853,1.1399999856948853,1.1399999856948853,1.1349999904632568,1.1349999904632568,5737.0
2024-03-01 11:24:00,CNSP,0.3149999976158142,0.3149999976158142,0.3149999976158142,0.3149000108242035,0.3149999976158142,4015.0
2024-03-01 11:24:00,CNTA,10.680000305175781,10.680000305175781,10.680000305175781,10.59000015258789,10.600000381469727,3435.0
2024-03-01 11:24:00,COGT,7.199999809265137,7.199999809265137,7.210000038146973,7.199999809265137,7.199999809265137,1862.0
2024-03-01 11:24:00,CORT,23.969999313354492,23.969999313354492,23.975000381469727,23.969999313354492,23.975000381469727,631.0
2024-03-01 11:24:00,CPRX,17.15999984741211,17.15999984741211,17.239999771118164,17.15999984741211,17.239999771118164,9292.0
2024-03-01 11:24:00,CRBP,31.43000030517578,31.43000030517578,31.43000030517578,31.43000030517578,31.43000030517578,104.0
2024-03-01 11:24:00,CRBU,8.095000267028809,8.095000267028809,8.095000267028809,8.070300102233887,8.074999809265137,2478.0
2024-03-01 11:24:00,CRDF,2.4502999782562256,2.4502999782562256,2.4600000381469727,2.430000066757202,2.4382998943328857,43473.0
2024-03-01 11:24:00,CRDL,2.009999990463257,2.009999990463257,2.009999990463257,2.009999990463257,2.009999990463257,156478.0
2024-03-01 11:24:00,CRMD,3.7200000286102295,3.7200000286102295,3.7249999046325684,3.7200000286102295,3.7249999046325684,901.0
2024-03-01 11:24:00,CRNX,46.029998779296875,46.029998779296875,46.029998779296875,45.935001373291016,45.935001373291016,660.0
2024-03-01 11:24:00,CRON,2.055000066757202,2.055000066757202,2.055000066757202,2.055000066757202,2.055000066757202,589.0
2024-03-01 11:24:00,CRSP,85.9800033569336,85.9800033569336,86.05999755859375,85.95999908447266,86.05999755859375,2984.0
2024-03-01 11:24:00,CSTL,20.15999984741211,20.15999984741211,20.15999984741211,20.139999389648438,20.139999389648438,657.0
2024-03-01 11:24:00,CTKB,8.479999542236328,8.479999542236328,8.479999542236328,8.460000038146973,8.460000038146973,1256.0
2024-03-01 11:24:00,CTMX,2.569999933242798,2.569999933242798,2.569999933242798,2.550100088119507,2.550100088119507,960.0
2024-03-01 11:24:00,CUTR,2.390000104904175,2.390000104904175,2.4238998889923096,2.390000104904175,2.4200000762939453,4007.0
2024-03-01 11:24:00,CVAC,3.4649999141693115,3.4649999141693115,3.4649999141693115,3.4649999141693115,3.4649999141693115,359.0
2024-03-01 11:24:00,CYTK,74.1050033569336,74.1050033569336,74.19000244140625,74.1050033569336,74.19000244140625,1486.0
2024-03-01 11:24:00,DAWN,17.519699096679688,17.519699096679688,17.519899368286133,17.519699096679688,17.519699096679688,534.0
2024-03-01 11:24:00,DCGO,4.159999847412109,4.159999847412109,4.159999847412109,4.159999847412109,4.159999847412109,3182.0
2024-03-01 11:24:00,DCPH,17.0,17.0,17.0,17.0,17.0,534.0
2024-03-01 11:24:00,DH,9.119999885559082,9.119999885559082,9.119999885559082,9.119999885559082,9.119999885559082,106.0
2024-03-01 11:24:00,DMTK,0.8575999736785889,0.8575999736785889,0.8598999977111816,0.8575999736785889,0.8598999977111816,3150.0
2024-03-01 11:24:00,DNLI,20.920000076293945,20.920000076293945,20.940000534057617,20.889999389648438,20.940000534057617,1236.0
2024-03-01 11:24:00,DRIO,2.005000114440918,2.005000114440918,2.009999990463257,2.005000114440918,2.009999990463257,1885.0
2024-03-01 11:24:00,DSGN,2.9049999713897705,2.9049999713897705,2.9049999713897705,2.9049999713897705,2.9049999713897705,833.0
2024-03-01 11:24:00,DTIL,12.539999961853027,12.539999961853027,12.670000076293945,12.539999961853027,12.558500289916992,801.0
2024-03-01 11:24:00,DXCM,119.18250274658203,119.18250274658203,119.2300033569336,119.13999938964844,119.19999694824219,5749.0
2024-03-01 11:24:00,DYN,28.989999771118164,28.989999771118164,28.99970054626465,28.979999542236328,28.979999542236328,858.0
2024-03-01 11:24:00,EDIT,10.970000267028809,10.970000267028809,10.979999542236328,10.970000267028809,10.979999542236328,1058.0
2024-03-01 11:24:00,EFTR,15.010000228881836,15.010000228881836,15.010000228881836,15.010000228881836,15.010000228881836,320.0
2024-03-01 11:24:00,EGRX,6.614999771118164,6.614999771118164,6.614999771118164,6.614999771118164,6.614999771118164,192.0
2024-03-01 11:24:00,ELEV,4.994999885559082,4.994999885559082,5.010000228881836,4.96999979019165,4.980000019073486,47622.0
2024-03-01 11:24:00,ENSG,123.99500274658203,123.99500274658203,123.99500274658203,123.9800033569336,123.98999786376953,1652.0
2024-03-01 11:24:00,ENTA,15.255000114440918,15.255000114440918,15.279999732971191,15.25,15.25,2354.0
2024-03-01 11:24:00,ENTX,1.3522000312805176,1.3522000312805176,1.3522000312805176,1.3522000312805176,1.3522000312805176,7419.0
2024-03-01 11:24:00,ENVB,1.5305999517440796,1.5305999517440796,1.5800000429153442,1.5099999904632568,1.5785000324249268,39896.0
2024-03-01 11:24:00,EOLS,14.640000343322754,14.640000343322754,14.640000343322754,14.640000343322754,14.640000343322754,1577.0
2024-03-01 11:24:00,ESPR,2.515000104904175,2.515000104904175,2.515000104904175,2.509999990463257,2.515000104904175,2597.0
2024-03-01 11:24:00,ESTA,45.709999084472656,45.709999084472656,45.779998779296875,45.439998626708984,45.709999084472656,4563.0
2024-03-01 11:24:00,ETNB,12.890000343322754,12.890000343322754,12.890000343322754,12.890000343322754,12.890000343322754,242.0
2024-03-01 11:24:00,EVAX,3.625,3.625,3.625,3.5899999141693115,3.625,6611.0
2024-03-01 11:24:00,EVGN,0.9598510265350342,0.9598510265350342,0.964123010635376,0.949999988079071,0.960099995136261,30100.0
2024-03-01 11:24:00,EWTX,16.989999771118164,16.989999771118164,16.989999771118164,16.989999771118164,16.989999771118164,400.0
2024-03-01 11:24:00,EXAI,6.800000190734863,6.800000190734863,6.800000190734863,6.800000190734863,6.800000190734863,217.0
2024-03-01 11:24:00,EXAS,60.119998931884766,60.119998931884766,60.130001068115234,60.11000061035156,60.130001068115234,1253.0
2024-03-01 11:24:00,EXEL,22.44499969482422,22.44499969482422,22.454999923706055,22.440000534057617,22.450000762939453,6681.0
2024-03-01 11:24:00,EYEN,2.2701001167297363,2.2701001167297363,2.279900074005127,2.2699999809265137,2.279900074005127,8854.0
2024-03-01 11:24:00,EYPT,28.025999069213867,28.025999069213867,28.025999069213867,27.969999313354492,27.979999542236328,8478.0
2024-03-01 11:24:00,FATE,7.425000190734863,7.425000190734863,7.425000190734863,7.425000190734863,7.425000190734863,333.0
2024-03-01 11:24:00,FDMT,29.18000030517578,29.18000030517578,29.18000030517578,29.174999237060547,29.174999237060547,537.0
2024-03-01 11:24:00,FEMY,1.7293000221252441,1.7293000221252441,1.7293000221252441,1.7293000221252441,1.7293000221252441,204.0
2024-03-01 11:24:00,FENC,9.760000228881836,9.760000228881836,9.770000457763672,9.760000228881836,9.770000457763672,227.0
2024-03-01 11:24:00,FGEN,1.7699999809265137,1.7699999809265137,1.7699999809265137,1.7699999809265137,1.7699999809265137,948.0
2024-03-01 11:24:00,FHTX,8.329999923706055,8.329999923706055,8.329999923706055,8.329999923706055,8.329999923706055,152.0
2024-03-01 11:24:00,FLGT,23.34000015258789,23.34000015258789,23.34000015258789,23.34000015258789,23.34000015258789,110.0
2024-03-01 11:24:00,FOLD,13.369999885559082,13.369999885559082,13.385000228881836,13.369999885559082,13.385000228881836,2626.0
2024-03-01 11:24:00,FUSN,12.119999885559082,12.119999885559082,12.130000114440918,12.100000381469727,12.100000381469727,3774.0
2024-03-01 11:24:00,GCTK,0.30000001192092896,0.30000001192092896,0.30000001192092896,0.30000001192092896,0.30000001192092896,3971.0
2024-03-01 11:24:00,GDRX,8.291000366210938,8.291000366210938,8.295000076293945,8.29069995880127,8.29069995880127,2382.0
2024-03-01 11:24:00,GERN,2.180000066757202,2.180000066757202,2.180000066757202,2.170099973678589,2.174999952316284,4655.0
2024-03-01 11:24:00,GHRS,8.84000015258789,8.84000015258789,8.84000015258789,8.84000015258789,8.84000015258789,324.0
2024-03-01 11:24:00,GILD,72.36000061035156,72.36000061035156,72.37000274658203,72.3550033569336,72.37000274658203,4162.0
2024-03-01 11:24:00,GLPG,35.064998626708984,35.064998626708984,35.064998626708984,35.064998626708984,35.064998626708984,301.0
2024-03-01 11:24:00,GMAB,29.31999969482422,29.31999969482422,29.34000015258789,29.31999969482422,29.34000015258789,1291.0
2024-03-01 11:24:00,GMDA,0.3790000081062317,0.3790000081062317,0.3790000081062317,0.3790000081062317,0.3790000081062317,3182.0
2024-03-01 11:24:00,GOSS,1.3550000190734863,1.3550000190734863,1.3600000143051147,1.3550000190734863,1.3550000190734863,700.0
2024-03-01 11:24:00,GRFS,7.065000057220459,7.065000057220459,7.081200122833252,7.059999942779541,7.081200122833252,6393.0
2024-03-01 11:24:00,GRTS,2.2149999141693115,2.2149999141693115,2.2200000286102295,2.2100000381469727,2.2167999744415283,1168.0
2024-03-01 11:24:00,GTHX,3.565000057220459,3.565000057220459,3.575000047683716,3.565000057220459,3.565000057220459,2260.0
2024-03-01 11:24:00,HALO,41.314998626708984,41.314998626708984,41.33000183105469,41.30500030517578,41.33000183105469,975.0
2024-03-01 11:24:00,HARP,22.93000030517578,22.93000030517578,22.93000030517578,22.93000030517578,22.93000030517578,200.0
2024-03-01 11:24:00,HCAT,7.929999828338623,7.929999828338623,7.929999828338623,7.929999828338623,7.929999828338623,1845.0
2024-03-01 11:24:00,HCSG,12.680000305175781,12.680000305175781,12.6850004196167,12.680000305175781,12.6850004196167,262.0
2024-03-01 11:24:00,HCTI,2.45989990234375,2.45989990234375,2.45989990234375,2.440000057220459,2.440000057220459,1091.0
2024-03-01 11:24:00,HLTH,0.2718000113964081,0.2718000113964081,0.2718000113964081,0.2718000113964081,0.2718000113964081,500.0
2024-03-01 11:24:00,HOLX,73.91999816894531,73.91999816894531,74.0,73.88999938964844,74.0,10868.0
2024-03-01 11:24:00,HOWL,6.860000133514404,6.860000133514404,7.0,6.860000133514404,7.0,7429.0
2024-03-01 11:24:00,HQY,81.57499694824219,81.57499694824219,81.57499694824219,81.52999877929688,81.52999877929688,505.0
2024-03-01 11:24:00,HRMY,31.3700008392334,31.3700008392334,31.6200008392334,31.3700008392334,31.540000915527344,11766.0
2024-03-01 11:24:00,HRTX,2.630000114440918,2.630000114440918,2.634999990463257,2.630000114440918,2.630000114440918,8254.0
2024-03-01 11:24:00,HSCS,0.11760000139474869,0.11760000139474869,0.11800000071525574,0.11760000139474869,0.11760000139474869,1182.0
2024-03-01 11:24:00,HSIC,76.79000091552734,76.79000091552734,76.79000091552734,76.79000091552734,76.79000091552734,320.0
2024-03-01 11:24:00,HUMA,3.2899999618530273,3.2899999618530273,3.2899999618530273,3.2701001167297363,3.2750000953674316,9963.0
2024-03-01 11:24:00,IART,36.79999923706055,36.79999923706055,36.79999923706055,36.79999923706055,36.79999923706055,447.0
2024-03-01 11:24:00,IBRX,4.855000019073486,4.855000019073486,4.855000019073486,4.849999904632568,4.855000019073486,352.0
2024-03-01 11:24:00,ILMN,141.9499969482422,141.9499969482422,141.9499969482422,141.86000061035156,141.86000061035156,634.0
2024-03-01 11:24:00,IMCR,68.0,68.0,68.0199966430664,67.88999938964844,68.0199966430664,0.0
2024-03-01 11:24:00,IMMX,3.5399999618530273,3.5399999618530273,3.5399999618530273,3.5399999618530273,3.5399999618530273,102.0
2024-03-01 11:24:00,IMNM,25.560199737548828,25.560199737548828,25.560199737548828,25.560199737548828,25.560199737548828,11583.0
2024-03-01 11:24:00,IMNN,1.1200000047683716,1.1200000047683716,1.1200000047683716,1.1200000047683716,1.1200000047683716,43824.0
2024-03-01 11:24:00,IMTX,13.100000381469727,13.100000381469727,13.119999885559082,13.100000381469727,13.119999885559082,1785.0
2024-03-01 11:24:00,IMVT,36.2400016784668,36.2400016784668,36.25,36.2400016784668,36.25,1344.0
2024-03-01 11:24:00,INCR,1.9700000286102295,1.9700000286102295,1.9700000286102295,1.9430999755859375,1.9500999450683594,2370.0
2024-03-01 11:24:00,INCY,59.130001068115234,59.130001068115234,59.150001525878906,59.099998474121094,59.099998474121094,2451.0
2024-03-01 11:24:00,INGN,6.869999885559082,6.869999885559082,6.869999885559082,6.869999885559082,6.869999885559082,608.0
2024-03-01 11:24:00,INMD,22.770000457763672,22.770000457763672,22.770000457763672,22.75,22.770000457763672,2792.0
2024-03-01 11:24:00,INO,9.119999885559082,9.119999885559082,9.119999885559082,9.100000381469727,9.100000381469727,4714.0
2024-03-01 11:24:00,INSM,28.165000915527344,28.165000915527344,28.174999237060547,28.149999618530273,28.174999237060547,402.0
2024-03-01 11:24:00,INVA,15.744999885559082,15.744999885559082,15.75,15.729999542236328,15.739999771118164,4368.0
2024-03-01 11:24:00,IONS,45.83000183105469,45.83000183105469,45.85499954223633,45.83000183105469,45.85499954223633,268.0
2024-03-01 11:24:00,IOVA,16.46500015258789,16.46500015258789,16.475000381469727,16.459999084472656,16.46500015258789,5782.0
2024-03-01 11:24:00,IRWD,8.984999656677246,8.984999656677246,9.0,8.970000267028809,8.979999542236328,62453.0
2024-03-01 11:24:00,ISRG,393.1300048828125,393.1300048828125,393.19000244140625,393.1300048828125,393.19000244140625,1760.0
2024-03-01 11:24:00,ITCI,71.06999969482422,71.06999969482422,71.06999969482422,71.05999755859375,71.06999969482422,736.0
2024-03-01 11:24:00,ITOS,10.765000343322754,10.765000343322754,10.765000343322754,10.765000343322754,10.765000343322754,895.0
2024-03-01 11:24:00,IVVD,3.9549999237060547,3.9549999237060547,3.9549999237060547,3.9549999237060547,3.9549999237060547,223.0
2024-03-01 11:24:00,IXHL,5.320000171661377,5.320000171661377,5.320000171661377,5.309999942779541,5.309999942779541,630.0
2024-03-01 11:24:00,JAGX,0.08020000159740448,0.08020000159740448,0.08060000091791153,0.07819999754428864,0.0803999975323677,2001656.0
2024-03-01 11:24:00,JANX,46.73080062866211,46.73080062866211,46.88999938964844,46.73080062866211,46.88999938964844,2691.0
2024-03-01 11:24:00,JYNT,10.119999885559082,10.119999885559082,10.119999885559082,10.119999885559082,10.119999885559082,257.0
2024-03-01 11:24:00,KNSA,21.8799991607666,21.8799991607666,21.889999389648438,21.8799991607666,21.889999389648438,684.0
2024-03-01 11:24:00,KOD,6.175000190734863,6.175000190734863,6.179999828338623,6.175000190734863,6.179999828338623,1409.0
2024-03-01 11:24:00,KPRX,0.6851999759674072,0.6851999759674072,0.6851999759674072,0.6851999759674072,0.6851999759674072,251.0
2024-03-01 11:24:00,KPTI,1.2450000047683716,1.2450000047683716,1.2450000047683716,1.2450000047683716,1.2450000047683716,820.0
2024-03-01 11:24:00,KROS,69.06500244140625,69.06500244140625,69.06500244140625,69.06500244140625,69.06500244140625,890.0
2024-03-01 11:24:00,KTRA,0.10010000318288803,0.10010000318288803,0.10010000318288803,0.10000000149011612,0.10010000318288803,77208.0
2024-03-01 11:24:00,KURA,21.5,21.5,21.5,21.5,21.5,836.0
2024-03-01 11:24:00,KYMR,43.97999954223633,43.97999954223633,43.97999954223633,43.97999954223633,43.97999954223633,542.0
2024-03-01 11:24:00,KZR,1.1050000190734863,1.1050000190734863,1.1050000190734863,1.1050000190734863,1.1050000190734863,100.0
2024-03-01 11:24:00,LAB,2.4100000858306885,2.4100000858306885,2.4100000858306885,2.4100000858306885,2.4100000858306885,500.0
2024-03-01 11:24:00,LBPH,21.81999969482422,21.81999969482422,21.81999969482422,21.81999969482422,21.81999969482422,144.0
2024-03-01 11:24:00,LEGN,66.05999755859375,66.05999755859375,66.05999755859375,66.05999755859375,66.05999755859375,247.0
2024-03-01 11:24:00,LEXX,2.6500000953674316,2.6500000953674316,2.6649999618530273,2.6500000953674316,2.6500000953674316,1452.0
2024-03-01 11:24:00,LFST,8.0,8.0,8.010000228881836,7.989999771118164,8.010000228881836,3977.0
2024-03-01 11:24:00,LIAN,4.860000133514404,4.860000133514404,4.860000133514404,4.860000133514404,4.860000133514404,100.0
2024-03-01 11:24:00,LIVN,55.209999084472656,55.209999084472656,55.2400016784668,55.209999084472656,55.2400016784668,850.0
2024-03-01 11:24:00,LMAT,67.36699676513672,67.36699676513672,67.36699676513672,67.36699676513672,67.36699676513672,200.0
2024-03-01 11:24:00,LQDA,14.34000015258789,14.34000015258789,14.34000015258789,14.34000015258789,14.34000015258789,426.0
2024-03-01 11:24:00,LRMR,11.15999984741211,11.15999984741211,11.15999984741211,11.15999984741211,11.15999984741211,1475.0
2024-03-01 11:24:00,LTRN,4.679999828338623,4.679999828338623,4.690999984741211,4.679999828338623,4.690999984741211,230.0
2024-03-01 11:24:00,LUCD,1.2300000190734863,1.2300000190734863,1.2300000190734863,1.2300000190734863,1.2300000190734863,300.0
2024-03-01 11:24:00,LUNG,9.194999694824219,9.194999694824219,9.210000038146973,9.180000305175781,9.199999809265137,2896.0
2024-03-01 11:24:00,LVTX,3.0299999713897705,3.0299999713897705,3.0299999713897705,3.002700090408325,3.002700090408325,638.0
2024-03-01 11:24:00,LXRX,2.4130001068115234,2.4130001068115234,2.4200000762939453,2.4100000858306885,2.4200000762939453,2333.0
2024-03-01 11:24:00,LYEL,3.1549999713897705,3.1549999713897705,3.1575000286102295,3.1500000953674316,3.1549999713897705,2473.0
2024-03-01 11:24:00,MASI,126.80999755859375,126.80999755859375,126.80999755859375,126.80999755859375,126.80999755859375,215.0
2024-03-01 11:24:00,MBRX,0.6201000213623047,0.6201000213623047,0.6201000213623047,0.6201000213623047,0.6201000213623047,1092.0
2024-03-01 11:24:00,MCRB,1.190000057220459,1.190000057220459,1.190000057220459,1.1815999746322632,1.1815999746322632,690.0
2024-03-01 11:24:00,MDRX,5.920000076293945,5.920000076293945,5.949999809265137,5.920000076293945,5.949999809265137,12248.0
2024-03-01 11:24:00,MDXG,8.630000114440918,8.630000114440918,8.635000228881836,8.630000114440918,8.635000228881836,370.0
2024-03-01 11:24:00,ME,0.5785499811172485,0.5785499811172485,0.5800999999046326,0.5785499811172485,0.5800999999046326,11718.0
2024-03-01 11:24:00,MEDP,401.0199890136719,401.0199890136719,401.0199890136719,401.0199890136719,401.0199890136719,540.0
2024-03-01 11:24:00,MGNX,19.170000076293945,19.170000076293945,19.170000076293945,19.170000076293945,19.170000076293945,224.0
2024-03-01 11:24:00,MIST,1.6950000524520874,1.6950000524520874,1.6950000524520874,1.6950000524520874,1.6950000524520874,589.0
2024-03-01 11:24:00,MLTX,51.70000076293945,51.70000076293945,51.70000076293945,51.70000076293945,51.70000076293945,895.0
2024-03-01 11:24:00,MNKD,4.650000095367432,4.650000095367432,4.650000095367432,4.644999980926514,4.644999980926514,2131.0
2024-03-01 11:24:00,MNMD,5.940000057220459,5.940000057220459,5.940000057220459,5.909999847412109,5.909999847412109,9669.0
2024-03-01 11:24:00,MNOV,1.3592000007629395,1.3592000007629395,1.3592000007629395,1.3592000007629395,1.3592000007629395,505.0
2024-03-01 11:24:00,MODD,1.899999976158142,1.899999976158142,1.899999976158142,1.899999976158142,1.899999976158142,1949.0
2024-03-01 11:24:00,MOR,17.614999771118164,17.614999771118164,17.614999771118164,17.614999771118164,17.614999771118164,275.0
2024-03-01 11:24:00,MORF,38.61000061035156,38.61000061035156,38.654998779296875,38.61000061035156,38.654998779296875,786.0
2024-03-01 11:24:00,MREO,3.7950000762939453,3.7950000762939453,3.805000066757202,3.7950000762939453,3.799999952316284,960.0
2024-03-01 11:24:00,MRNA,95.66999816894531,95.66999816894531,95.70999908447266,95.61000061035156,95.62010192871094,5489.0
2024-03-01 11:24:00,MRSN,5.909999847412109,5.909999847412109,5.929999828338623,5.909999847412109,5.920100212097168,3088.0
2024-03-01 11:24:00,MRUS,50.77000045776367,50.77000045776367,50.77000045776367,50.71500015258789,50.71500015258789,507.0
2024-03-01 11:24:00,MRVI,7.835000038146973,7.835000038146973,7.835000038146973,7.820000171661377,7.820000171661377,3285.0
2024-03-01 11:24:00,MXCT,4.75,4.75,4.75,4.75,4.75,2291.0
2024-03-01 11:24:00,MYGN,21.56999969482422,21.56999969482422,21.56999969482422,21.56999969482422,21.56999969482422,1296.0
2024-03-01 11:24:00,NARI,46.29499816894531,46.29499816894531,46.36000061035156,46.27000045776367,46.36000061035156,5215.0
2024-03-01 11:24:00,NBIX,129.72000122070312,129.72000122070312,129.85000610351562,129.72000122070312,129.75,1757.0
2024-03-01 11:24:00,NEO,16.059999465942383,16.059999465942383,16.079999923706055,16.059999465942383,16.079999923706055,400.0
2024-03-01 11:24:00,NEOG,17.3174991607666,17.3174991607666,17.3174991607666,17.30500030517578,17.30500030517578,911.0
2024-03-01 11:24:00,NGM,1.5299999713897705,1.5299999713897705,1.534000039100647,1.5299999713897705,1.534000039100647,1426.0
2024-03-01 11:24:00,NKTR,0.7651000022888184,0.7651000022888184,0.7651000022888184,0.7651000022888184,0.7651000022888184,513.0
2024-03-01 11:24:00,NKTX,12.720000267028809,12.720000267028809,12.720000267028809,12.710000038146973,12.718299865722656,1606.0
2024-03-01 11:24:00,NMTC,1.1917999982833862,1.1917999982833862,1.2000000476837158,1.1917999982833862,1.1917999982833862,5456.0
2024-03-01 11:24:00,NNOX,11.130000114440918,11.130000114440918,11.130000114440918,11.093500137329102,11.100000381469727,12924.0
2024-03-01 11:24:00,NOTV,7.870100021362305,7.870100021362305,7.870100021362305,7.870100021362305,7.870100021362305,262.0
2024-03-01 11:24:00,NPCE,16.075000762939453,16.075000762939453,16.075000762939453,16.075000762939453,16.075000762939453,2059.0
2024-03-01 11:24:00,NRIX,13.229999542236328,13.229999542236328,13.229999542236328,13.229999542236328,13.229999542236328,267.0
2024-03-01 11:24:00,NRSN,2.015000104904175,2.015000104904175,2.029900074005127,2.015000104904175,2.029900074005127,1794.0
2024-03-01 11:24:00,NRXP,0.4300000071525574,0.4300000071525574,0.4300000071525574,0.427498996257782,0.42750000953674316,11551.0
2024-03-01 11:24:00,NTLA,33.720001220703125,33.720001220703125,33.72999954223633,33.720001220703125,33.72999954223633,1101.0
2024-03-01 11:24:00,NTRA,89.54000091552734,89.54000091552734,89.62000274658203,89.52999877929688,89.62000274658203,1743.0
2024-03-01 11:24:00,NUTX,0.11299999803304672,0.11299999803304672,0.11320000141859055,0.11299999803304672,0.11320000141859055,617.0
2024-03-01 11:24:00,NUVL,87.66500091552734,87.66500091552734,87.66999816894531,87.66500091552734,87.66999816894531,1223.0
2024-03-01 11:24:00,NVAX,5.170000076293945,5.170000076293945,5.170000076293945,5.159999847412109,5.167300224304199,1924.0
2024-03-01 11:24:00,NVCR,15.960000038146973,15.960000038146973,15.979999542236328,15.960000038146973,15.975000381469727,1135.0
2024-03-01 11:24:00,NVCT,10.699999809265137,10.699999809265137,10.699999809265137,10.699999809265137,10.699999809265137,1292.0
2024-03-01 11:24:00,NVOS,0.6305000185966492,0.6305000185966492,0.6305000185966492,0.6301000118255615,0.6301000118255615,11395.0
2024-03-01 11:24:00,NXTC,1.7999999523162842,1.7999999523162842,1.7999999523162842,1.7999999523162842,1.7999999523162842,3101.0
2024-03-01 11:24:00,OCGN,0.9293000102043152,0.9293000102043152,0.9293000102043152,0.9200000166893005,0.9200000166893005,6918.0
2024-03-01 11:24:00,OCUL,10.390000343322754,10.390000343322754,10.40999984741211,10.380000114440918,10.399999618530273,3938.0
2024-03-01 11:24:00,OCUP,2.473400115966797,2.473400115966797,2.4800000190734863,2.473400115966797,2.4800000190734863,2920.0
2024-03-01 11:24:00,OFIX,12.9931001663208,12.9931001663208,12.9931001663208,12.9931001663208,12.9931001663208,630.0
2024-03-01 11:24:00,OLMA,12.949999809265137,12.949999809265137,13.0,12.949999809265137,12.949999809265137,6589.0
2024-03-01 11:24:00,OM,3.1500000953674316,3.1500000953674316,3.1500000953674316,3.1500000953674316,3.1500000953674316,704.0
2024-03-01 11:24:00,OMCL,26.40999984741211,26.40999984741211,26.40999984741211,26.40999984741211,26.40999984741211,1014.0
2024-03-01 11:24:00,OMGA,4.21999979019165,4.21999979019165,4.230000019073486,4.210000038146973,4.230000019073486,1124.0
2024-03-01 11:24:00,ONCY,1.1201000213623047,1.1201000213623047,1.1201000213623047,1.1201000213623047,1.1201000213623047,702.0
2024-03-01 11:25:00,ABCL,5.179999828338623,5.179999828338623,5.182499885559082,5.179999828338623,5.179999828338623,414.0
2024-03-01 11:25:00,ABSI,5.130000114440918,5.130000114440918,5.170000076293945,5.130000114440918,5.170000076293945,3456.0
2024-03-01 11:25:00,ABUS,2.7850000858306885,2.7850000858306885,2.7899999618530273,2.7850000858306885,2.7850000858306885,1136.0
2024-03-01 11:25:00,ACAD,23.825000762939453,23.825000762939453,23.825000762939453,23.799999237060547,23.81999969482422,5010.0
2024-03-01 11:25:00,ACB,3.115000009536743,3.115000009536743,3.1198999881744385,3.109999895095825,3.109999895095825,1427.0
2024-03-01 11:25:00,ACCD,10.265000343322754,10.265000343322754,10.265000343322754,10.265000343322754,10.265000343322754,239.0
2024-03-01 11:25:00,ACET,2.4049999713897705,2.4049999713897705,2.4049999713897705,2.4049999713897705,2.4049999713897705,622.0
2024-03-01 11:25:00,ACHV,4.335000038146973,4.335000038146973,4.335000038146973,4.310100078582764,4.310100078582764,1313.0
2024-03-01 11:25:00,ACRS,1.2200000286102295,1.2200000286102295,1.2200000286102295,1.2200000286102295,1.2200000286102295,320.0
2024-03-01 11:25:00,ADAP,1.600000023841858,1.600000023841858,1.600000023841858,1.590000033378601,1.590000033378601,36595.0
2024-03-01 11:25:00,ADIL,3.0399999618530273,3.0399999618530273,3.059999942779541,3.0399999618530273,3.049999952316284,17441.0
2024-03-01 11:25:00,ADMA,5.338900089263916,5.338900089263916,5.338900089263916,5.329999923706055,5.335000038146973,792.0
2024-03-01 11:25:00,ADPT,4.215000152587891,4.215000152587891,4.215000152587891,4.210000038146973,4.215000152587891,355.0
2024-03-01 11:25:00,ADTX,3.4700000286102295,3.4700000286102295,3.4700000286102295,3.4700000286102295,3.4700000286102295,476.0
2024-03-01 11:25:00,ADVM,1.9299999475479126,1.9299999475479126,1.934999942779541,1.9299999475479126,1.934999942779541,653.0
2024-03-01 11:25:00,AGEN,0.6699749827384949,0.6699749827384949,0.6700000166893005,0.6699000000953674,0.6700000166893005,5970.0
2024-03-01 11:25:00,AGIO,32.790000915527344,32.790000915527344,32.82500076293945,32.790000915527344,32.82500076293945,713.0
2024-03-01 11:25:00,AHCO,10.789999961853027,10.789999961853027,10.789999961853027,10.789999961853027,10.789999961853027,325.0
2024-03-01 11:25:00,AKAN,0.2492000013589859,0.2492000013589859,0.25369998812675476,0.2460000067949295,0.25369998812675476,8334.0
2024-03-01 11:25:00,AKBA,1.6649999618530273,1.6649999618530273,1.6649999618530273,1.6649999618530273,1.6649999618530273,2762.0
2024-03-01 11:25:00,AKLI,0.33899998664855957,0.33899998664855957,0.3400000035762787,0.33899998664855957,0.3400000035762787,1967.0
2024-03-01 11:25:00,AKRO,29.3799991607666,29.3799991607666,29.489999771118164,29.3799991607666,29.440000534057617,5420.0
2024-03-01 11:25:00,AKYA,6.019999980926514,6.019999980926514,6.019999980926514,6.019999980926514,6.019999980926514,101.0
2024-03-01 11:25:00,ALDX,4.151000022888184,4.151000022888184,4.158999919891357,4.151000022888184,4.15500020980835,2537.0
2024-03-01 11:25:00,ALEC,7.489999771118164,7.489999771118164,7.489999771118164,7.489999771118164,7.489999771118164,2114.0
2024-03-01 11:25:00,ALGN,299.5400085449219,299.5400085449219,299.5400085449219,299.5400085449219,299.5400085449219,2250.0
2024-03-01 11:25:00,ALHC,5.869999885559082,5.869999885559082,5.869999885559082,5.869999885559082,5.869999885559082,603.0
2024-03-01 11:25:00,ALKS,30.190000534057617,30.190000534057617,30.19499969482422,30.139999389648438,30.18000030517578,22320.0
2024-03-01 11:25:00,ALLK,1.590000033378601,1.590000033378601,1.600000023841858,1.590000033378601,1.597499966621399,400.0
2024-03-01 11:25:00,ALLO,5.034999847412109,5.034999847412109,5.045000076293945,5.034999847412109,5.045000076293945,3029.0
2024-03-01 11:25:00,ALLR,0.4087499976158142,0.4087499976158142,0.40880000591278076,0.4087499976158142,0.40880000591278076,2301.0
2024-03-01 11:25:00,ALNY,154.72000122070312,154.72000122070312,154.7899932861328,154.69000244140625,154.69000244140625,453.0
2024-03-01 11:25:00,ALPN,36.0,36.0,36.0901985168457,36.0,36.0901985168457,2250.0
2024-03-01 11:25:00,ALT,12.199999809265137,12.199999809265137,12.220000267028809,12.181099891662598,12.210000038146973,6395.0
2024-03-01 11:25:00,ALXO,15.15999984741211,15.15999984741211,15.199999809265137,15.140000343322754,15.1899995803833,3050.0
2024-03-01 11:25:00,AMGN,280.885009765625,280.885009765625,280.9898986816406,280.8299865722656,280.93499755859375,6432.0
2024-03-01 11:25:00,AMLX,18.81999969482422,18.81999969482422,18.8799991607666,18.81999969482422,18.8799991607666,3560.0
2024-03-01 11:25:00,AMRN,1.0549999475479126,1.0549999475479126,1.0549999475479126,1.0499999523162842,1.0549999475479126,934.0
2024-03-01 11:25:00,ANAB,25.399999618530273,25.399999618530273,25.399999618530273,25.399999618530273,25.399999618530273,1556.0
2024-03-01 11:25:00,ANGO,5.489999771118164,5.489999771118164,5.489999771118164,5.489999771118164,5.489999771118164,896.0
2024-03-01 11:25:00,ANNX,6.105000019073486,6.105000019073486,6.125,6.099999904632568,6.099999904632568,6000.0
2024-03-01 11:25:00,ANTX,2.992000102996826,2.992000102996826,2.992000102996826,2.992000102996826,2.992000102996826,1122.0
2024-03-01 11:25:00,APLS,64.87999725341797,64.87999725341797,64.87999725341797,64.87999725341797,64.87999725341797,1159.0
2024-03-01 11:25:00,APLT,7.164999961853027,7.164999961853027,7.179999828338623,7.144999980926514,7.144999980926514,1035.0
2024-03-01 11:25:00,AQST,4.21999979019165,4.21999979019165,4.224999904632568,4.215000152587891,4.224999904632568,2106.0
2024-03-01 11:25:00,ARAY,2.640000104904175,2.640000104904175,2.6401000022888184,2.640000104904175,2.6401000022888184,1268.0
2024-03-01 11:25:00,ARCT,39.369998931884766,39.369998931884766,39.380001068115234,39.369998931884766,39.380001068115234,368.0
2024-03-01 11:25:00,ARDX,9.524999618530273,9.524999618530273,9.524999618530273,9.524999618530273,9.524999618530273,1335.0
2024-03-01 11:25:00,ARQT,11.180000305175781,11.180000305175781,11.234999656677246,11.180000305175781,11.1899995803833,13256.0
2024-03-01 11:25:00,ARVN,48.93000030517578,48.93000030517578,48.959999084472656,48.93000030517578,48.959999084472656,344.0
2024-03-01 11:25:00,ARWR,35.75,35.75,35.75,35.75,35.75,17215.0
2024-03-01 11:25:00,ASLN,0.839900016784668,0.839900016784668,0.839900016784668,0.839900016784668,0.839900016784668,136155.0
2024-03-01 11:25:00,ASND,150.18499755859375,150.18499755859375,150.18499755859375,150.18499755859375,150.18499755859375,200.0
2024-03-01 11:25:00,ASRT,0.9120000004768372,0.9120000004768372,0.9121999740600586,0.9120000004768372,0.9121000170707703,4530.0
2024-03-01 11:25:00,ATAI,2.009999990463257,2.009999990463257,2.009999990463257,2.005000114440918,2.005000114440918,500.0
2024-03-01 11:25:00,ATEC,13.5,13.5,13.505000114440918,13.454999923706055,13.460000038146973,11096.0
2024-03-01 11:25:00,ATOS,0.9901999831199646,0.9901999831199646,0.9901999831199646,0.9901999831199646,0.9901999831199646,1205.0
2024-03-01 11:25:00,ATXS,15.149999618530273,15.149999618530273,15.154399871826172,15.149999618530273,15.149999618530273,580.0
2024-03-01 11:25:00,AUPH,5.824999809265137,5.824999809265137,5.824999809265137,5.820000171661377,5.824999809265137,1608.0
2024-03-01 11:25:00,AUTL,6.235000133514404,6.235000133514404,6.235000133514404,6.235000133514404,6.235000133514404,585.0
2024-03-01 11:25:00,AVDL,12.675000190734863,12.675000190734863,12.675000190734863,12.649999618530273,12.675000190734863,881.0
2024-03-01 11:25:00,AXNX,67.25,67.25,67.25,67.25,67.25,211.0
2024-03-01 11:25:00,AXSM,82.91999816894531,82.91999816894531,82.91999816894531,82.91999816894531,82.91999816894531,203.0
2024-03-01 11:25:00,AZN,64.51000213623047,64.51000213623047,64.51000213623047,64.51000213623047,64.51000213623047,5732.0
2024-03-01 11:25:00,AZTA,66.44000244140625,66.44000244140625,66.47000122070312,66.44000244140625,66.47000122070312,625.0
2024-03-01 11:25:00,BBIO,35.93000030517578,35.93000030517578,35.93000030517578,35.93000030517578,35.93000030517578,576.0
2024-03-01 11:25:00,BBLG,2.2899999618530273,2.2899999618530273,2.299999952316284,2.2899999618530273,2.299999952316284,1115.0
2024-03-01 11:25:00,BCAB,2.805000066757202,2.805000066757202,2.805000066757202,2.805000066757202,2.805000066757202,152.0
2024-03-01 11:25:00,BCRX,5.820000171661377,5.820000171661377,5.822700023651123,5.815000057220459,5.822700023651123,7603.0
2024-03-01 11:25:00,BDTX,5.070000171661377,5.070000171661377,5.070000171661377,5.070000171661377,5.070000171661377,312.0
2024-03-01 11:25:00,BEAM,40.029998779296875,40.029998779296875,40.11009979248047,40.029998779296875,40.09000015258789,2749.0
2024-03-01 11:25:00,BGXX,0.2728999853134155,0.2728999853134155,0.2728999853134155,0.2728999853134155,0.2728999853134155,222.0
2024-03-01 11:25:00,BIOR,1.2483999729156494,1.2483999729156494,1.2483999729156494,1.2483999729156494,1.2483999729156494,581.0
2024-03-01 11:25:00,BIVI,2.309999942779541,2.309999942779541,2.309999942779541,2.309999942779541,2.309999942779541,192937.0
2024-03-01 11:25:00,BLFS,17.959999084472656,17.959999084472656,17.959999084472656,17.959999084472656,17.959999084472656,348.0
2024-03-01 11:25:00,BLUE,1.5850000381469727,1.5850000381469727,1.590000033378601,1.5850000381469727,1.590000033378601,19013.0
2024-03-01 11:25:00,BMEA,18.03499984741211,18.03499984741211,18.03499984741211,18.0,18.030000686645508,1746.0
2024-03-01 11:25:00,BMRN,86.66500091552734,86.66500091552734,86.66500091552734,86.6500015258789,86.6500015258789,770.0
2024-03-01 11:25:00,BNGO,1.25,1.25,1.2549999952316284,1.25,1.25,4025.0
2024-03-01 11:25:00,BNR,0.8654999732971191,0.8654999732971191,0.8654999732971191,0.8654999732971191,0.8654999732971191,100.0
2024-03-01 11:25:00,BNTX,91.93000030517578,91.93000030517578,91.9375,91.87000274658203,91.9000015258789,2727.0
2024-03-01 11:25:00,BPMC,96.19999694824219,96.19999694824219,96.19999694824219,96.16999816894531,96.16999816894531,668.0
2024-03-01 11:25:00,BRKR,87.6500015258789,87.6500015258789,87.6500015258789,87.63999938964844,87.63999938964844,431.0
2024-03-01 11:25:00,BRTX,1.4850000143051147,1.4850000143051147,1.500100016593933,1.4850000143051147,1.500100016593933,7562.0
2024-03-01 11:25:00,BTAI,3.252500057220459,3.252500057220459,3.252500057220459,3.25,3.25,2653.0
2024-03-01 11:25:00,BTTX,0.1671999990940094,0.1671999990940094,0.1671999990940094,0.1671999990940094,0.1671999990940094,120.0
2024-03-01 11:25:00,CARA,0.9189000129699707,0.9189000129699707,0.9189000129699707,0.9189000129699707,0.9189000129699707,3000.0
2024-03-01 11:25:00,CASI,5.510000228881836,5.510000228881836,5.510000228881836,5.510000228881836,5.510000228881836,405.0
2024-03-01 11:25:00,CBAY,32.244998931884766,32.244998931884766,32.25,32.24449920654297,32.244998931884766,1732.0
2024-03-01 11:25:00,CCCC,10.920000076293945,10.920000076293945,10.949999809265137,10.920000076293945,10.949999809265137,1859.0
2024-03-01 11:25:00,CDMO,8.140000343322754,8.140000343322754,8.140000343322754,8.140000343322754,8.140000343322754,401.0
2024-03-01 11:25:00,CDNA,12.399999618530273,12.399999618530273,12.399999618530273,12.399999618530273,12.399999618530273,3525.0
2024-03-01 11:25:00,CDTX,0.7253000140190125,0.7253000140190125,0.7253000140190125,0.7249000072479248,0.7249000072479248,16480.0
2024-03-01 11:25:00,CDXS,4.409999847412109,4.409999847412109,4.420000076293945,4.409999847412109,4.420000076293945,1861.0
2024-03-01 11:25:00,CELC,15.9399995803833,15.9399995803833,15.9399995803833,15.819999694824219,15.819999694824219,300.0
2024-03-01 11:25:00,CERE,41.18000030517578,41.18000030517578,41.189998626708984,41.18000030517578,41.185001373291016,1296.0
2024-03-01 11:25:00,CERS,2.2249999046325684,2.2249999046325684,2.2249999046325684,2.2249999046325684,2.2249999046325684,301.0
2024-03-01 11:25:00,CERT,17.639999389648438,17.639999389648438,17.69499969482422,17.639999389648438,17.69499969482422,2405.0
2024-03-01 11:25:00,CGC,3.265000104904175,3.265000104904175,3.2699999809265137,3.265000104904175,3.2699999809265137,5383.0
2024-03-01 11:25:00,CGEM,18.809999465942383,18.809999465942383,18.84000015258789,18.809999465942383,18.809999465942383,259.0
2024-03-01 11:25:00,CGEN,2.684999942779541,2.684999942779541,2.684999942779541,2.684999942779541,2.684999942779541,228.0
2024-03-01 11:25:00,CGTX,2.049999952316284,2.049999952316284,2.049999952316284,2.049999952316284,2.049999952316284,202.0
2024-03-01 11:25:00,CHRS,2.3299999237060547,2.3299999237060547,2.3399999141693115,2.3299999237060547,2.3399999141693115,12750.0
2024-03-01 11:25:00,CING,1.3004000186920166,1.3004000186920166,1.3004000186920166,1.3004000186920166,1.3004000186920166,1451.0
2024-03-01 11:25:00,CJJD,2.8201000690460205,2.8201000690460205,2.8201000690460205,2.8201000690460205,2.8201000690460205,1299.0
2024-03-01 11:25:00,CLDX,52.19350051879883,52.19350051879883,52.23500061035156,52.18000030517578,52.18000030517578,400.0
2024-03-01 11:25:00,CLOV,0.8756999969482422,0.8756999969482422,0.8766999840736389,0.8752999901771545,0.8766999840736389,39908.0
2024-03-01 11:25:00,CLPT,6.710000038146973,6.710000038146973,6.710000038146973,6.710000038146973,6.710000038146973,200.0
2024-03-01 11:25:00,CLRB,4.130000114440918,4.130000114440918,4.139900207519531,4.125,4.130000114440918,4925.0
2024-03-01 11:25:00,CMPS,11.15999984741211,11.15999984741211,11.15999984741211,11.15999984741211,11.15999984741211,814.0
2024-03-01 11:25:00,CMRX,1.1349999904632568,1.1349999904632568,1.1349999904632568,1.1349999904632568,1.1349999904632568,109.0
2024-03-01 11:25:00,CNTA,10.65999984741211,10.65999984741211,10.65999984741211,10.65999984741211,10.65999984741211,2933.0
2024-03-01 11:25:00,COGT,7.175000190734863,7.175000190734863,7.190000057220459,7.175000190734863,7.190000057220459,2093.0
2024-03-01 11:25:00,CORT,23.93000030517578,23.93000030517578,23.969999313354492,23.93000030517578,23.959999084472656,2577.0
2024-03-01 11:25:00,COSM,0.7609009742736816,0.7609009742736816,0.7609009742736816,0.7609000205993652,0.7609000205993652,1010.0
2024-03-01 11:25:00,CPRX,17.079999923706055,17.079999923706055,17.170000076293945,17.079999923706055,17.149999618530273,13927.0
2024-03-01 11:25:00,CPSI,9.479999542236328,9.479999542236328,9.510000228881836,9.479999542236328,9.510000228881836,225.0
2024-03-01 11:25:00,CRBP,31.699899673461914,31.699899673461914,31.699899673461914,31.699899673461914,31.699899673461914,358.0
2024-03-01 11:25:00,CRBU,8.079999923706055,8.079999923706055,8.09000015258789,8.079999923706055,8.080300331115723,1235.0
2024-03-01 11:25:00,CRDF,2.4700000286102295,2.4700000286102295,2.4700000286102295,2.440000057220459,2.4560000896453857,17109.0
2024-03-01 11:25:00,CRMD,3.7200000286102295,3.7200000286102295,3.7249999046325684,3.7200000286102295,3.7249999046325684,934.0
2024-03-01 11:25:00,CRSP,85.88999938964844,85.88999938964844,85.91000366210938,85.83999633789062,85.87310028076172,2799.0
2024-03-01 11:25:00,CSTL,20.149999618530273,20.149999618530273,20.18000030517578,20.110000610351562,20.15999984741211,2675.0
2024-03-01 11:25:00,CTKB,8.454999923706055,8.454999923706055,8.470000267028809,8.454999923706055,8.470000267028809,1166.0
2024-03-01 11:25:00,CTMX,2.549999952316284,2.549999952316284,2.569999933242798,2.549999952316284,2.565000057220459,11285.0
2024-03-01 11:25:00,CUE,2.190000057220459,2.190000057220459,2.190000057220459,2.190000057220459,2.190000057220459,154.0
2024-03-01 11:25:00,CUTR,2.400899887084961,2.400899887084961,2.400899887084961,2.400899887084961,2.400899887084961,385.0
2024-03-01 11:25:00,CVRX,19.969999313354492,19.969999313354492,19.969999313354492,19.969999313354492,19.969999313354492,322.0
2024-03-01 11:25:00,CYTK,73.98999786376953,73.98999786376953,74.06999969482422,73.98999786376953,74.06999969482422,1632.0
2024-03-01 11:25:00,CYTO,2.110100030899048,2.110100030899048,2.1171000003814697,2.110100030899048,2.110100030899048,726.0
2024-03-01 11:25:00,DARE,0.5525010228157043,0.5525010228157043,0.5550000071525574,0.5525000095367432,0.5550000071525574,1641.0
2024-03-01 11:25:00,DCGO,4.150000095367432,4.150000095367432,4.158999919891357,4.150000095367432,4.158999919891357,201.0
2024-03-01 11:25:00,DCPH,16.975000381469727,16.975000381469727,16.975000381469727,16.959999084472656,16.97100067138672,3839.0
2024-03-01 11:25:00,DH,9.119999885559082,9.119999885559082,9.119999885559082,9.109999656677246,9.119999885559082,1974.0
2024-03-01 11:25:00,DMTK,0.8598999977111816,0.8598999977111816,0.8598999977111816,0.8500000238418579,0.8575999736785889,12765.0
2024-03-01 11:25:00,DNLI,20.90999984741211,20.90999984741211,20.93000030517578,20.90999984741211,20.93000030517578,449.0
2024-03-01 11:25:00,DSGN,2.8949999809265137,2.8949999809265137,2.8949999809265137,2.8949999809265137,2.8949999809265137,141.0
2024-03-01 11:25:00,DTIL,12.519499778747559,12.519499778747559,12.53499984741211,12.519499778747559,12.520000457763672,4244.0
2024-03-01 11:25:00,DVAX,12.845000267028809,12.845000267028809,12.854999542236328,12.845000267028809,12.854999542236328,3809.0
2024-03-01 11:25:00,DXCM,118.91000366210938,118.91000366210938,119.0,118.91000366210938,119.0,5518.0
2024-03-01 11:25:00,DYN,29.0,29.0,29.0,28.9950008392334,29.0,1094.0
2024-03-01 11:25:00,EDIT,10.960000038146973,10.960000038146973,10.970000267028809,10.960000038146973,10.970000267028809,1938.0
2024-03-01 11:25:00,EGRX,6.599999904632568,6.599999904632568,6.639999866485596,6.599999904632568,6.614999771118164,869.0
2024-03-01 11:25:00,EKSO,1.9700000286102295,1.9700000286102295,1.9799000024795532,1.9686000347137451,1.9799000024795532,2422.0
2024-03-01 11:25:00,ELEV,4.989999771118164,4.989999771118164,4.989999771118164,4.989999771118164,4.989999771118164,2167.0
2024-03-01 11:25:00,EMBC,14.420000076293945,14.420000076293945,14.4399995803833,14.420000076293945,14.4399995803833,700.0
2024-03-01 11:25:00,ENSG,123.5,123.5,123.9800033569336,123.5,123.97000122070312,5702.0
2024-03-01 11:25:00,ENTA,15.265000343322754,15.265000343322754,15.265000343322754,15.220100402832031,15.220100402832031,1179.0
2024-03-01 11:25:00,ENVB,1.5700000524520874,1.5700000524520874,1.5700000524520874,1.5291999578475952,1.5384999513626099,17189.0
2024-03-01 11:25:00,ERAS,2.5350000858306885,2.5350000858306885,2.5350000858306885,2.5299999713897705,2.5299999713897705,1682.0
2024-03-01 11:25:00,ESPR,2.515000104904175,2.515000104904175,2.515000104904175,2.515000104904175,2.515000104904175,1910.0
2024-03-01 11:25:00,ESTA,45.845001220703125,45.845001220703125,45.90999984741211,45.810001373291016,45.869998931884766,3847.0
2024-03-01 11:25:00,ETNB,12.920000076293945,12.920000076293945,12.920000076293945,12.920000076293945,12.920000076293945,107.0
2024-03-01 11:25:00,EVAX,3.5799999237060547,3.5799999237060547,3.5799999237060547,3.5799999237060547,3.5799999237060547,100.0
2024-03-01 11:25:00,EVGN,0.9574990272521973,0.9574990272521973,0.9598489999771118,0.9574990272521973,0.9598000049591064,9000.0
2024-03-01 11:25:00,EVO,7.5,7.5,7.5,7.5,7.5,32987.0
2024-03-01 11:25:00,EWTX,16.969999313354492,16.969999313354492,16.969999313354492,16.969999313354492,16.969999313354492,1270.0
2024-03-01 11:25:00,EXAS,60.05500030517578,60.05500030517578,60.11000061035156,60.04999923706055,60.11000061035156,2954.0
2024-03-01 11:25:00,EXEL,22.415000915527344,22.415000915527344,22.440000534057617,22.40999984741211,22.440000534057617,3487.0
2024-03-01 11:25:00,EYEN,2.240000009536743,2.240000009536743,2.240000009536743,2.240000009536743,2.240000009536743,6550.0
2024-03-01 11:25:00,FATE,7.429999828338623,7.429999828338623,7.429999828338623,7.420000076293945,7.420000076293945,5772.0
2024-03-01 11:25:00,FDMT,29.125,29.125,29.190000534057617,29.125,29.139999389648438,2084.0
2024-03-01 11:25:00,FGEN,1.784999966621399,1.784999966621399,1.784999966621399,1.7799999713897705,1.7799999713897705,2617.0
2024-03-01 11:25:00,FIXX,0.9394999742507935,0.9394999742507935,0.9394999742507935,0.9394999742507935,0.9394999742507935,7004.0
2024-03-01 11:25:00,FLGT,23.34000015258789,23.34000015258789,23.34000015258789,23.34000015258789,23.34000015258789,385.0
2024-03-01 11:25:00,FOLD,13.375,13.375,13.375,13.375,13.375,592.0
2024-03-01 11:25:00,FULC,10.755000114440918,10.755000114440918,10.789999961853027,10.75,10.779999732971191,1400.0
2024-03-01 11:25:00,FUSN,12.11240005493164,12.11240005493164,12.11240005493164,12.11240005493164,12.11240005493164,150.0
2024-03-01 11:25:00,FWBI,8.095000267028809,8.095000267028809,8.095000267028809,8.095000267028809,8.095000267028809,100.0
2024-03-01 11:25:00,GALT,2.019200086593628,2.019200086593628,2.019200086593628,2.009999990463257,2.012700080871582,799.0
2024-03-01 11:25:00,GBIO,2.630000114440918,2.630000114440918,2.630000114440918,2.630000114440918,2.630000114440918,100.0
2024-03-01 11:25:00,GDRX,8.295000076293945,8.295000076293945,8.295000076293945,8.295000076293945,8.295000076293945,155.0
2024-03-01 11:25:00,GERN,2.170099973678589,2.170099973678589,2.180000066757202,2.1649999618530273,2.174999952316284,58620.0
2024-03-01 11:25:00,GH,19.299999237060547,19.299999237060547,19.299999237060547,19.295000076293945,19.295000076293945,722.0
2024-03-01 11:25:00,GILD,72.32499694824219,72.32499694824219,72.36000061035156,72.30999755859375,72.36000061035156,11204.0
2024-03-01 11:25:00,GLMD,0.39149999618530273,0.39149999618530273,0.39149999618530273,0.39149999618530273,0.39149999618530273,100.0
2024-03-01 11:25:00,GLUE,6.360000133514404,6.360000133514404,6.360000133514404,6.360000133514404,6.360000133514404,394.0
2024-03-01 11:25:00,GMDA,0.3790000081062317,0.3790000081062317,0.3790000081062317,0.3790000081062317,0.3790000081062317,185.0
2024-03-01 11:25:00,GOSS,1.350000023841858,1.350000023841858,1.350000023841858,1.350000023841858,1.350000023841858,100.0
2024-03-01 11:25:00,GRFS,7.070000171661377,7.070000171661377,7.079999923706055,7.054999828338623,7.068299770355225,10764.0
2024-03-01 11:25:00,GRTS,2.240000009536743,2.240000009536743,2.240000009536743,2.240000009536743,2.240000009536743,24234.0
2024-03-01 11:25:00,GTHX,3.575000047683716,3.575000047683716,3.5799999237060547,3.569999933242798,3.575000047683716,3231.0
2024-03-01 11:25:00,HALO,41.314998626708984,41.314998626708984,41.31999969482422,41.314998626708984,41.314998626708984,1044.0
2024-03-01 11:25:00,HARP,22.940000534057617,22.940000534057617,22.940000534057617,22.93000030517578,22.940000534057617,255.0
2024-03-01 11:25:00,HBIO,4.349999904632568,4.349999904632568,4.349999904632568,4.349999904632568,4.349999904632568,135.0
2024-03-01 11:25:00,HCAT,7.925000190734863,7.925000190734863,7.929999828338623,7.925000190734863,7.929999828338623,1150.0
2024-03-01 11:25:00,HCSG,12.670000076293945,12.670000076293945,12.670000076293945,12.670000076293945,12.670000076293945,670.0
2024-03-01 11:25:00,HCTI,2.4881999492645264,2.4881999492645264,2.4881999492645264,2.45989990234375,2.4600000381469727,5312.0
2024-03-01 11:25:00,HITI,1.7649999856948853,1.7649999856948853,1.7699999809265137,1.7649999856948853,1.7699999809265137,1159.0
2024-03-01 11:25:00,HLTH,0.2750999927520752,0.2750999927520752,0.2750999927520752,0.27489998936653137,0.27489998936653137,10966.0
2024-03-01 11:25:00,HOLX,73.87000274658203,73.87000274658203,73.97000122070312,73.8499984741211,73.94000244140625,7690.0
2024-03-01 11:25:00,HOWL,6.840000152587891,6.840000152587891,6.914999961853027,6.840000152587891,6.860000133514404,2069.0
2024-03-01 11:25:00,HRTX,2.6298999786376953,2.6298999786376953,2.6298999786376953,2.6298999786376953,2.6298999786376953,26114.0
2024-03-01 11:25:00,HSIC,76.79000091552734,76.79000091552734,76.80000305175781,76.76000213623047,76.79000091552734,592.0
2024-03-01 11:25:00,HUMA,3.2750000953674316,3.2750000953674316,3.2899999618530273,3.2699999809265137,3.2850000858306885,88783.0
2024-03-01 11:25:00,IART,36.79999923706055,36.79999923706055,36.79999923706055,36.79999923706055,36.79999923706055,579.0
2024-03-01 11:25:00,IBRX,4.855000019073486,4.855000019073486,4.855000019073486,4.849999904632568,4.855000019073486,1822.0
2024-03-01 11:25:00,ICLR,322.9150085449219,322.9150085449219,322.9150085449219,322.9150085449219,322.9150085449219,901.0
2024-03-01 11:25:00,ICUI,106.5,106.5,106.5,106.5,106.5,2311.0
2024-03-01 11:25:00,IDXX,579.260009765625,579.260009765625,579.260009765625,579.260009765625,579.260009765625,392.0
2024-03-01 11:25:00,IDYA,46.11000061035156,46.11000061035156,46.11000061035156,46.11000061035156,46.11000061035156,350.0
2024-03-01 11:25:00,IGMS,13.34000015258789,13.34000015258789,13.40999984741211,13.34000015258789,13.40999984741211,1428.0
2024-03-01 11:25:00,ILMN,141.875,141.875,141.875,141.84500122070312,141.84500122070312,1069.0
2024-03-01 11:25:00,IMCR,68.01000213623047,68.01000213623047,68.01000213623047,67.93000030517578,67.93000030517578,4478.0
2024-03-01 11:25:00,IMMX,3.5250000953674316,3.5250000953674316,3.5250000953674316,3.5250000953674316,3.5250000953674316,200.0
2024-03-01 11:25:00,IMNM,25.549999237060547,25.549999237060547,25.639999389648438,25.479999542236328,25.635000228881836,4044.0
2024-03-01 11:25:00,IMNN,1.1100000143051147,1.1100000143051147,1.1100000143051147,1.1100000143051147,1.1100000143051147,585.0
2024-03-01 11:25:00,IMUX,1.4709999561309814,1.4709999561309814,1.472100019454956,1.4600000381469727,1.4600000381469727,15821.0
2024-03-01 11:25:00,IMVT,36.209999084472656,36.209999084472656,36.25,36.209999084472656,36.25,1637.0
2024-03-01 11:25:00,INCY,59.099998474121094,59.099998474121094,59.099998474121094,59.099998474121094,59.099998474121094,1555.0
2024-03-01 11:25:00,INGN,6.880000114440918,6.880000114440918,6.880000114440918,6.880000114440918,6.880000114440918,113.0
2024-03-01 11:25:00,INMB,12.0,12.0,12.0,11.914999961853027,11.914999961853027,260.0
2024-03-01 11:25:00,INMD,22.729999542236328,22.729999542236328,22.770000457763672,22.729999542236328,22.770000457763672,1307.0
2024-03-01 11:25:00,INO,9.140000343322754,9.140000343322754,9.149999618530273,9.140000343322754,9.149999618530273,6316.0
2024-03-01 11:25:00,INSM,28.155000686645508,28.155000686645508,28.15999984741211,28.149999618530273,28.149999618530273,561.0
2024-03-01 11:25:00,INVA,15.739999771118164,15.739999771118164,15.744999885559082,15.739999771118164,15.739999771118164,653.0
2024-03-01 11:25:00,INZY,6.480000019073486,6.480000019073486,6.489999771118164,6.479899883270264,6.480000019073486,1491.0
2024-03-01 11:25:00,IOBT,1.7599999904632568,1.7599999904632568,1.7599999904632568,1.7599999904632568,1.7599999904632568,14037.0
2024-03-01 11:25:00,IONS,45.79999923706055,45.79999923706055,45.83000183105469,45.79999923706055,45.83000183105469,1742.0
2024-03-01 11:25:00,IOVA,16.466999053955078,16.466999053955078,16.469999313354492,16.450000762939453,16.459999084472656,6381.0
2024-03-01 11:25:00,IRWD,8.975000381469727,8.975000381469727,8.984999656677246,8.975000381469727,8.984999656677246,6383.0
2024-03-01 11:25:00,ISRG,393.05999755859375,393.05999755859375,393.2699890136719,393.05999755859375,393.25,1737.0
2024-03-01 11:25:00,ITCI,71.0999984741211,71.0999984741211,71.12999725341797,71.0999984741211,71.12999725341797,307.0
2024-03-01 11:25:00,ITRM,1.2400000095367432,1.2400000095367432,1.2400000095367432,1.2400000095367432,1.2400000095367432,162.0
2024-03-01 11:25:00,IXHL,5.340000152587891,5.340000152587891,5.340000152587891,5.340000152587891,5.340000152587891,1284.0
2024-03-01 11:25:00,JAGX,0.08030000329017639,0.08030000329017639,0.08100000023841858,0.08009999990463257,0.08030000329017639,195484.0
2024-03-01 11:25:00,JANX,46.71500015258789,46.71500015258789,46.71659851074219,46.71500015258789,46.71500015258789,1241.0
2024-03-01 11:25:00,JAZZ,120.86000061035156,120.86000061035156,120.86000061035156,120.86000061035156,120.86000061035156,736.0
2024-03-01 11:25:00,KIDS,27.389999389648438,27.389999389648438,27.399999618530273,27.389999389648438,27.399999618530273,1231.0
2024-03-01 11:25:00,KOD,6.159999847412109,6.159999847412109,6.170000076293945,6.159999847412109,6.170000076293945,1354.0
2024-03-01 11:25:00,KPTI,1.2350000143051147,1.2350000143051147,1.2450000047683716,1.2300000190734863,1.2450000047683716,4816.0
2024-03-01 11:25:00,KRMD,2.109999895095825,2.109999895095825,2.109999895095825,2.109999895095825,2.109999895095825,6981.0
2024-03-01 11:25:00,KRTX,316.5050048828125,316.5050048828125,316.5050048828125,316.42999267578125,316.5050048828125,998.0
2024-03-01 11:25:00,KRYS,167.69500732421875,167.69500732421875,167.69500732421875,167.69500732421875,167.69500732421875,537.0
2024-03-01 11:25:00,KTRA,0.0989999994635582,0.0989999994635582,0.10000099986791611,0.0989999994635582,0.10000000149011612,552645.0
2024-03-01 11:25:00,KURA,21.440000534057617,21.440000534057617,21.4950008392334,21.440000534057617,21.4950008392334,1549.0
2024-03-01 11:25:00,KYMR,43.93000030517578,43.93000030517578,43.93000030517578,43.93000030517578,43.93000030517578,397.0
2024-03-01 11:25:00,KZR,1.1050000190734863,1.1050000190734863,1.1050000190734863,1.1050000190734863,1.1050000190734863,400.0
2024-03-01 11:25:00,LAB,2.450000047683716,2.450000047683716,2.4549999237060547,2.4149999618530273,2.4149999618530273,40251.0
2024-03-01 11:25:00,LBPH,21.675199508666992,21.675199508666992,21.675199508666992,21.675199508666992,21.675199508666992,659.0
2024-03-01 11:25:00,LEGN,66.04000091552734,66.04000091552734,66.04000091552734,66.04000091552734,66.04000091552734,138.0
2024-03-01 11:25:00,LFST,7.96999979019165,7.96999979019165,7.994999885559082,7.96999979019165,7.994999885559082,6882.0
2024-03-01 11:25:00,LGND,79.0199966430664,79.0199966430664,79.0199966430664,79.0199966430664,79.0199966430664,869.0
2024-03-01 11:25:00,LIFE,1.934999942779541,1.934999942779541,1.934999942779541,1.934999942779541,1.934999942779541,1200.0
2024-03-01 11:25:00,LIVN,55.119998931884766,55.119998931884766,55.209999084472656,55.11000061035156,55.209999084472656,2411.0
2024-03-01 11:25:00,LMAT,67.43699645996094,67.43699645996094,67.43699645996094,67.43699645996094,67.43699645996094,320.0
2024-03-01 11:25:00,LQDA,14.34000015258789,14.34000015258789,14.369999885559082,14.34000015258789,14.354999542236328,841.0
2024-03-01 11:25:00,LUCD,1.2201000452041626,1.2201000452041626,1.2201000452041626,1.2201000452041626,1.2201000452041626,412.0
2024-03-01 11:25:00,LUNG,9.25,9.25,9.25,9.21500015258789,9.229999542236328,2672.0
2024-03-01 11:25:00,LXRX,2.4198999404907227,2.4198999404907227,2.4198999404907227,2.4198999404907227,2.4198999404907227,1028.0
2024-03-01 11:25:00,LYEL,3.1500000953674316,3.1500000953674316,3.1549999713897705,3.1500000953674316,3.1500000953674316,337.0
2024-03-01 11:25:00,LYRA,5.625,5.625,5.625,5.625,5.625,310.0
2024-03-01 11:25:00,MACK,14.729999542236328,14.729999542236328,14.729999542236328,14.729999542236328,14.729999542236328,278.0
2024-03-01 11:25:00,MASI,126.80500030517578,126.80500030517578,126.80500030517578,126.80500030517578,126.80500030517578,298.0
2024-03-01 11:25:00,MCRB,1.1799999475479126,1.1799999475479126,1.1899000406265259,1.1799999475479126,1.1899000406265259,3811.0
2024-03-01 11:25:00,MDRX,5.949999809265137,5.949999809265137,5.949999809265137,5.940000057220459,5.949999809265137,4200.0
2024-03-01 11:25:00,MDXG,8.619999885559082,8.619999885559082,8.630000114440918,8.619999885559082,8.630000114440918,2758.0
2024-03-01 11:25:00,ME,0.5741999745368958,0.5741999745368958,0.5784000158309937,0.5733000040054321,0.5784000158309937,43281.0
2024-03-01 11:25:00,MEDP,401.0199890136719,401.0199890136719,401.0199890136719,401.0199890136719,401.0199890136719,455.0
2024-03-01 11:25:00,MGNX,19.174999237060547,19.174999237060547,19.200000762939453,19.15999984741211,19.170000076293945,2408.0
2024-03-01 11:25:00,MIRM,30.19499969482422,30.19499969482422,30.19499969482422,30.19499969482422,30.19499969482422,123.0
2024-03-01 11:25:00,MIST,1.690000057220459,1.690000057220459,1.6950000524520874,1.690000057220459,1.6950000524520874,6018.0
2024-03-01 11:25:00,MNKD,4.650000095367432,4.650000095367432,4.650000095367432,4.644999980926514,4.650000095367432,6208.0
2024-03-01 11:25:00,MODD,1.899999976158142,1.899999976158142,1.899999976158142,1.899999976158142,1.899999976158142,1000.0
2024-03-01 11:25:00,MODV,28.045000076293945,28.045000076293945,28.045000076293945,27.954999923706055,27.954999923706055,201.0
2024-03-01 11:25:00,MOR,17.610000610351562,17.610000610351562,17.610000610351562,17.610000610351562,17.610000610351562,299.0
2024-03-01 11:25:00,MORF,38.54999923706055,38.54999923706055,38.54999923706055,38.54999923706055,38.54999923706055,628.0
2024-03-01 11:25:00,MOTS,0.6790000200271606,0.6790000200271606,0.6790000200271606,0.6751999855041504,0.6751999855041504,450.0
2024-03-01 11:25:00,MREO,3.7988998889923096,3.7988998889923096,3.7988998889923096,3.7988998889923096,3.7988998889923096,636.0
2024-03-01 11:25:00,MRNA,95.66889953613281,95.66889953613281,95.70999908447266,95.6449966430664,95.66999816894531,2391.0
2024-03-01 11:25:00,MRNS,9.84000015258789,9.84000015258789,9.84000015258789,9.84000015258789,9.84000015258789,476.0
2024-03-01 11:25:00,MRSN,5.934999942779541,5.934999942779541,5.945000171661377,5.90500020980835,5.909999847412109,3957.0
2024-03-01 11:25:00,MRUS,50.7599983215332,50.7599983215332,50.83000183105469,50.7599983215332,50.83000183105469,300.0
2024-03-01 11:25:00,MRVI,7.835000038146973,7.835000038146973,7.835000038146973,7.829999923706055,7.829999923706055,2170.0
2024-03-01 11:25:00,MXCT,4.75,4.75,4.75,4.75,4.75,353.0
2024-03-01 11:25:00,MYGN,21.56999969482422,21.56999969482422,21.56999969482422,21.56999969482422,21.56999969482422,310.0
2024-03-01 11:25:00,NARI,46.27000045776367,46.27000045776367,46.279998779296875,46.27000045776367,46.279998779296875,340.0
2024-03-01 11:25:00,NAUT,2.6500000953674316,2.6500000953674316,2.6500000953674316,2.6500000953674316,2.6500000953674316,101.0
2024-03-01 11:25:00,NBIX,129.5800018310547,129.5800018310547,129.72000122070312,129.5800018310547,129.72000122070312,1921.0
2024-03-01 11:25:00,NEO,16.040000915527344,16.040000915527344,16.059999465942383,16.040000915527344,16.059999465942383,662.0
2024-03-01 11:25:00,NEOG,17.299999237060547,17.299999237060547,17.299999237060547,17.299999237060547,17.299999237060547,2026.0
2024-03-01 11:25:00,NERV,2.5299999713897705,2.5299999713897705,2.5299999713897705,2.5299999713897705,2.5299999713897705,300.0
2024-03-01 11:25:00,NKTR,0.7549999952316284,0.7549999952316284,0.760200023651123,0.7549999952316284,0.7599999904632568,27788.0
2024-03-01 11:25:00,NKTX,12.700400352478027,12.700400352478027,12.720000267028809,12.680000305175781,12.720000267028809,1003.0
2024-03-01 11:25:00,NNOX,11.119999885559082,11.119999885559082,11.119999885559082,11.119999885559082,11.119999885559082,4801.0
2024-03-01 11:25:00,NRBO,5.610000133514404,5.610000133514404,5.610000133514404,5.610000133514404,5.610000133514404,46755.0
2024-03-01 11:25:00,NRIX,13.199999809265137,13.199999809265137,13.220000267028809,13.1899995803833,13.210000038146973,551.0
2024-03-01 11:25:00,NRSN,2.0299999713897705,2.0299999713897705,2.0299999713897705,2.0299999713897705,2.0299999713897705,296.0
2024-03-01 11:25:00,NRXP,0.4300000071525574,0.4300000071525574,0.4375,0.4250999987125397,0.4375,13076.0
2024-03-01 11:25:00,NTLA,33.689998626708984,33.689998626708984,33.739898681640625,33.689998626708984,33.720001220703125,2865.0
2024-03-01 11:25:00,NTRA,89.5250015258789,89.5250015258789,89.5250015258789,89.5,89.5,4333.0
2024-03-01 11:25:00,NVAX,5.159999847412109,5.159999847412109,5.179999828338623,5.159999847412109,5.164999961853027,15068.0
2024-03-01 11:25:00,NVCR,15.979999542236328,15.979999542236328,15.989999771118164,15.960000038146973,15.960000038146973,5138.0
2024-03-01 11:25:00,NVCT,10.699999809265137,10.699999809265137,10.699999809265137,10.699999809265137,10.699999809265137,827.0
2024-03-01 11:25:00,NVNO,6.449999809265137,6.449999809265137,6.449999809265137,6.449999809265137,6.449999809265137,3318.0
2024-03-01 11:25:00,NXTC,1.8049999475479126,1.8049999475479126,1.8049999475479126,1.7999999523162842,1.7999999523162842,3633.0
2024-03-01 11:25:00,NYXH,14.4399995803833,14.4399995803833,14.4399995803833,14.4399995803833,14.4399995803833,3026.0
2024-03-01 11:25:00,OCUL,10.399999618530273,10.399999618530273,10.420000076293945,10.395000457763672,10.395000457763672,4890.0
2024-03-01 11:25:00,OFIX,12.979999542236328,12.979999542236328,12.979999542236328,12.979999542236328,12.979999542236328,531.0
2024-03-01 11:25:00,OGI,2.1201999187469482,2.1201999187469482,2.1201999187469482,2.1201999187469482,2.1201999187469482,1000.0
2024-03-01 11:25:00,OLK,22.670000076293945,22.670000076293945,22.670000076293945,22.670000076293945,22.670000076293945,2302.0
2024-03-01 11:25:00,OLMA,13.010000228881836,13.010000228881836,13.0600004196167,12.960000038146973,12.962499618530273,720636.0
2024-03-01 11:25:00,OM,3.140000104904175,3.140000104904175,3.140000104904175,3.140000104904175,3.140000104904175,102.0
2024-03-01 11:25:00,OMER,4.710000038146973,4.710000038146973,4.710000038146973,4.710000038146973,4.710000038146973,110.0
2024-03-01 11:25:00,ONCT,9.979999542236328,9.979999542236328,10.0,9.979999542236328,10.0,556.0
2024-03-01 11:26:00,ABCL,5.175000190734863,5.175000190734863,5.179999828338623,5.175000190734863,5.179999828338623,7030.0
2024-03-01 11:26:00,ABOS,4.695000171661377,4.695000171661377,4.699999809265137,4.679999828338623,4.679999828338623,13009.0
2024-03-01 11:26:00,ABSI,5.159999847412109,5.159999847412109,5.159999847412109,5.119999885559082,5.135000228881836,1832.0
2024-03-01 11:26:00,ABUS,2.7899999618530273,2.7899999618530273,2.7899999618530273,2.7899999618530273,2.7899999618530273,106.0
2024-03-01 11:26:00,ACAD,23.8700008392334,23.8700008392334,23.8700008392334,23.8700008392334,23.8700008392334,4032.0
2024-03-01 11:26:00,ACB,3.115000009536743,3.115000009536743,3.119800090789795,3.115000009536743,3.118499994277954,1564.0
2024-03-01 11:26:00,ACCD,10.270000457763672,10.270000457763672,10.270000457763672,10.270000457763672,10.270000457763672,326.0
2024-03-01 11:26:00,ACET,2.4049999713897705,2.4049999713897705,2.4049999713897705,2.4049999713897705,2.4049999713897705,539.0
2024-03-01 11:26:00,ACHC,84.26000213623047,84.26000213623047,84.26499938964844,84.26000213623047,84.26499938964844,220.0
2024-03-01 11:26:00,ACLX,67.6500015258789,67.6500015258789,67.6500015258789,67.6500015258789,67.6500015258789,770.0
2024-03-01 11:26:00,ACRS,1.215000033378601,1.215000033378601,1.2200000286102295,1.215000033378601,1.215000033378601,859.0
2024-03-01 11:26:00,ACXP,3.0,3.0,3.0,3.0,3.0,164.0
2024-03-01 11:26:00,ADAP,1.6100000143051147,1.6100000143051147,1.6100000143051147,1.6065000295639038,1.6098999977111816,2200.0
2024-03-01 11:26:00,ADIL,3.0399999618530273,3.0399999618530273,3.049999952316284,3.0399999618530273,3.049999952316284,24112.0
2024-03-01 11:26:00,ADMA,5.340000152587891,5.340000152587891,5.340000152587891,5.335000038146973,5.340000152587891,1454.0
2024-03-01 11:26:00,ADPT,4.215000152587891,4.215000152587891,4.215000152587891,4.215000152587891,4.215000152587891,604.0
2024-03-01 11:26:00,AFIB,0.20229999721050262,0.20229999721050262,0.20890000462532043,0.20229999721050262,0.20890000462532043,3130.0
2024-03-01 11:26:00,AFMD,0.6288999915122986,0.6288999915122986,0.6288999915122986,0.6209999918937683,0.6209999918937683,9900.0
2024-03-01 11:26:00,AGEN,0.669950008392334,0.669950008392334,0.6700000166893005,0.6699000000953674,0.6700000166893005,4803.0
2024-03-01 11:26:00,AGIO,32.83000183105469,32.83000183105469,32.83000183105469,32.79999923706055,32.80500030517578,1045.0
2024-03-01 11:26:00,AGRX,0.8305000066757202,0.8305000066757202,0.8305000066757202,0.8210999965667725,0.8210999965667725,616.0
2024-03-01 11:26:00,AHCO,10.774999618530273,10.774999618530273,10.774999618530273,10.774999618530273,10.774999618530273,4803.0
2024-03-01 11:26:00,AKAN,0.24199999868869781,0.24199999868869781,0.2460000067949295,0.24009999632835388,0.2460000067949295,7497.0
2024-03-01 11:26:00,AKBA,1.6649999618530273,1.6649999618530273,1.6699999570846558,1.659999966621399,1.6699999570846558,18705.0
2024-03-01 11:26:00,AKRO,29.325000762939453,29.325000762939453,29.3799991607666,29.30500030517578,29.3799991607666,2905.0
2024-03-01 11:26:00,AKYA,6.019999980926514,6.019999980926514,6.019999980926514,6.019999980926514,6.019999980926514,122.0
2024-03-01 11:26:00,ALDX,4.159999847412109,4.159999847412109,4.159999847412109,4.159999847412109,4.159999847412109,613.0
2024-03-01 11:26:00,ALEC,7.489999771118164,7.489999771118164,7.489999771118164,7.489999771118164,7.489999771118164,861.0
2024-03-01 11:26:00,ALHC,5.8703999519348145,5.8703999519348145,5.8703999519348145,5.8703999519348145,5.8703999519348145,4608.0
2024-03-01 11:26:00,ALKS,30.200000762939453,30.200000762939453,30.200000762939453,30.184999465942383,30.190000534057617,2951.0
2024-03-01 11:26:00,ALLK,1.600000023841858,1.600000023841858,1.600000023841858,1.590000033378601,1.590000033378601,700.0
2024-03-01 11:26:00,ALLO,5.050000190734863,5.050000190734863,5.050000190734863,5.050000190734863,5.050000190734863,4419.0
2024-03-01 11:26:00,ALNY,154.75,154.75,154.75,154.75,154.75,1254.0
2024-03-01 11:26:00,ALPN,36.04999923706055,36.04999923706055,36.04999923706055,36.0,36.0,2645.0
2024-03-01 11:26:00,ALT,12.220000267028809,12.220000267028809,12.229999542236328,12.19629955291748,12.208900451660156,3857.0
2024-03-01 11:26:00,ALXO,15.109999656677246,15.109999656677246,15.119999885559082,15.109999656677246,15.119999885559082,669.0
2024-03-01 11:26:00,AMED,93.70999908447266,93.70999908447266,93.70999908447266,93.70999908447266,93.70999908447266,6080.0
2024-03-01 11:26:00,AMGN,280.7325134277344,280.7325134277344,280.864990234375,280.6600036621094,280.8599853515625,31407.0
2024-03-01 11:26:00,AMLX,18.815000534057617,18.815000534057617,18.815000534057617,18.815000534057617,18.815000534057617,350.0
2024-03-01 11:26:00,AMPH,45.790000915527344,45.790000915527344,45.84000015258789,45.779998779296875,45.81019973754883,1898.0
2024-03-01 11:26:00,AMRN,1.0549999475479126,1.0549999475479126,1.0549999475479126,1.0500999689102173,1.0500999689102173,2759.0
2024-03-01 11:26:00,ANIP,67.0250015258789,67.0250015258789,67.0250015258789,67.0250015258789,67.0250015258789,249.0
2024-03-01 11:26:00,ANNX,6.090000152587891,6.090000152587891,6.114299774169922,6.050000190734863,6.114299774169922,10754.0
2024-03-01 11:26:00,ANTX,2.990000009536743,2.990000009536743,2.990000009536743,2.9802000522613525,2.990000009536743,534.0
2024-03-01 11:26:00,APLS,64.9749984741211,64.9749984741211,64.9749984741211,64.83000183105469,64.9000015258789,2646.0
2024-03-01 11:26:00,APLT,7.164999961853027,7.164999961853027,7.179999828338623,7.150000095367432,7.179999828338623,779.0
2024-03-01 11:26:00,AQST,4.21999979019165,4.21999979019165,4.21999979019165,4.210000038146973,4.21999979019165,6809.0
2024-03-01 11:26:00,ARAY,2.640000104904175,2.640000104904175,2.640000104904175,2.634999990463257,2.634999990463257,203.0
2024-03-01 11:26:00,ARCT,39.41999816894531,39.41999816894531,39.45000076293945,39.3650016784668,39.3650016784668,1356.0
2024-03-01 11:26:00,ARDX,9.529999732971191,9.529999732971191,9.529999732971191,9.529999732971191,9.529999732971191,102.0
2024-03-01 11:26:00,ARGX,388.1499938964844,388.1499938964844,388.1499938964844,388.1499938964844,388.1499938964844,111.0
2024-03-01 11:26:00,ARQT,11.1899995803833,11.1899995803833,11.199999809265137,11.1850004196167,11.199999809265137,19969.0
2024-03-01 11:26:00,ARVN,48.790000915527344,48.790000915527344,48.935001373291016,48.720001220703125,48.935001373291016,2341.0
2024-03-01 11:26:00,ARWR,35.81999969482422,35.81999969482422,35.849998474121094,35.81999969482422,35.849998474121094,3416.0
2024-03-01 11:26:00,ASND,150.125,150.125,150.125,150.1199951171875,150.1199951171875,487.0
2024-03-01 11:26:00,ASRT,0.9075000286102295,0.9075000286102295,0.9121999740600586,0.9075000286102295,0.910099983215332,1287.0
2024-03-01 11:26:00,ATAI,2.0,2.0,2.0,2.0,2.0,1553.0
2024-03-01 11:26:00,ATEC,13.529999732971191,13.529999732971191,13.529999732971191,13.494999885559082,13.5,3685.0
2024-03-01 11:26:00,ATOS,0.9900100231170654,0.9900100231170654,0.9900100231170654,0.9900100231170654,0.9900100231170654,295.0
2024-03-01 11:26:00,ATRA,0.8029999732971191,0.8029999732971191,0.8029999732971191,0.8029999732971191,0.8029999732971191,314.0
2024-03-01 11:26:00,ATXI,0.15369999408721924,0.15369999408721924,0.15369999408721924,0.1535000056028366,0.15369999408721924,730.0
2024-03-01 11:26:00,ATXS,15.1850004196167,15.1850004196167,15.204999923706055,15.1850004196167,15.199999809265137,6012.0
2024-03-01 11:26:00,AUGX,4.550000190734863,4.550000190734863,4.579999923706055,4.550000190734863,4.570000171661377,3092.0
2024-03-01 11:26:00,AUPH,5.835000038146973,5.835000038146973,5.835000038146973,5.829999923706055,5.829999923706055,5762.0
2024-03-01 11:26:00,AVDL,12.65999984741211,12.65999984741211,12.65999984741211,12.65999984741211,12.65999984741211,255.0
2024-03-01 11:26:00,AVIR,4.445000171661377,4.445000171661377,4.445000171661377,4.445000171661377,4.445000171661377,100.0
2024-03-01 11:26:00,AVXL,5.380000114440918,5.380000114440918,5.380000114440918,5.380000114440918,5.380000114440918,1700.0
2024-03-01 11:26:00,AXNX,67.30999755859375,67.30999755859375,67.30999755859375,67.2699966430664,67.2699966430664,2230.0
2024-03-01 11:26:00,AXSM,82.9761962890625,82.9761962890625,82.9761962890625,82.9761962890625,82.9761962890625,171.0
2024-03-01 11:26:00,AZN,64.5199966430664,64.5199966430664,64.5199966430664,64.5199966430664,64.5199966430664,9047.0
2024-03-01 11:26:00,BBIO,35.92250061035156,35.92250061035156,35.959999084472656,35.92250061035156,35.935001373291016,1114.0
2024-03-01 11:26:00,BBLG,2.3299999237060547,2.3299999237060547,2.3499999046325684,2.299999952316284,2.299999952316284,1374.0
2024-03-01 11:26:00,BCEL,0.2709999978542328,0.2709999978542328,0.2709999978542328,0.2709999978542328,0.2709999978542328,34523.0
2024-03-01 11:26:00,BCLI,0.35989999771118164,0.35989999771118164,0.35989999771118164,0.35989999771118164,0.35989999771118164,556.0
2024-03-01 11:26:00,BCRX,5.820000171661377,5.820000171661377,5.820000171661377,5.820000171661377,5.820000171661377,1278.0
2024-03-01 11:26:00,BDSX,1.6492999792099,1.6492999792099,1.649999976158142,1.6492999792099,1.649999976158142,1455.0
2024-03-01 11:26:00,BDTX,5.078000068664551,5.078000068664551,5.079999923706055,5.059999942779541,5.074999809265137,2711.0
2024-03-01 11:26:00,BEAM,40.209999084472656,40.209999084472656,40.220001220703125,40.040000915527344,40.040000915527344,4820.0
2024-03-01 11:26:00,BGXX,0.2725670039653778,0.2725670039653778,0.27300000190734863,0.2725670039653778,0.27300000190734863,611.0
2024-03-01 11:26:00,BIIB,219.2100067138672,219.2100067138672,219.2100067138672,219.2100067138672,219.2100067138672,283.0
2024-03-01 11:26:00,BIOL,0.1394989937543869,0.1394989937543869,0.13950000703334808,0.1379999965429306,0.13950000703334808,1357.0
2024-03-01 11:26:00,BIOR,1.2482000589370728,1.2482000589370728,1.2482000589370728,1.2482000589370728,1.2482000589370728,327.0
2024-03-01 11:26:00,BIVI,2.3350000381469727,2.3350000381469727,2.3399999141693115,2.2799999713897705,2.309999942779541,190393.0
2024-03-01 11:26:00,BLFS,18.010000228881836,18.010000228881836,18.010000228881836,17.969999313354492,17.969999313354492,533.0
2024-03-01 11:26:00,BLRX,1.354599952697754,1.354599952697754,1.3799999952316284,1.354599952697754,1.378000020980835,942.0
2024-03-01 11:26:00,BLUE,1.590000033378601,1.590000033378601,1.590000033378601,1.5800000429153442,1.5800000429153442,3069.0
2024-03-01 11:26:00,BMEA,17.940000534057617,17.940000534057617,18.0,17.940000534057617,18.0,1719.0
2024-03-01 11:26:00,BMRN,86.69000244140625,86.69000244140625,86.69999694824219,86.6500015258789,86.66999816894531,2301.0
2024-03-01 11:26:00,BNTC,5.085000038146973,5.085000038146973,5.085000038146973,5.085000038146973,5.085000038146973,600.0
2024-03-01 11:26:00,BNTX,91.88999938964844,91.88999938964844,91.88999938964844,91.88999938964844,91.88999938964844,2210.0
2024-03-01 11:26:00,BPMC,96.08000183105469,96.08000183105469,96.08999633789062,96.06999969482422,96.06999969482422,604.0
2024-03-01 11:26:00,BRKR,87.58000183105469,87.58000183105469,87.58000183105469,87.52050018310547,87.58000183105469,3670.0
2024-03-01 11:26:00,BSGM,0.6309999823570251,0.6309999823570251,0.6439999938011169,0.6309999823570251,0.6439999938011169,4115.0
2024-03-01 11:26:00,BTAI,3.240000009536743,3.240000009536743,3.240000009536743,3.240000009536743,3.240000009536743,2915.0
2024-03-01 11:26:00,BTTX,0.16899999976158142,0.16899999976158142,0.16899999976158142,0.16899999976158142,0.16899999976158142,2000.0
2024-03-01 11:26:00,CABA,23.940000534057617,23.940000534057617,23.940000534057617,23.940000534057617,23.940000534057617,2066.0
2024-03-01 11:26:00,CADL,1.75,1.75,1.75,1.75,1.75,10774.0
2024-03-01 11:26:00,CARA,0.9050999879837036,0.9050999879837036,0.9050999879837036,0.9050999879837036,0.9050999879837036,276.0
2024-03-01 11:26:00,CBAY,32.25,32.25,32.25,32.244998931884766,32.244998931884766,1963.0
2024-03-01 11:26:00,CCCC,10.970000267028809,10.970000267028809,10.970000267028809,10.920000076293945,10.920000076293945,4084.0
2024-03-01 11:26:00,CDMO,8.130000114440918,8.130000114440918,8.130000114440918,8.130000114440918,8.130000114440918,1032.0
2024-03-01 11:26:00,CDNA,12.430000305175781,12.430000305175781,12.430000305175781,12.430000305175781,12.430000305175781,2281.0
2024-03-01 11:26:00,CDXS,4.420000076293945,4.420000076293945,4.420000076293945,4.4197001457214355,4.4197001457214355,1009.0
2024-03-01 11:26:00,CELC,15.84000015258789,15.84000015258789,15.9399995803833,15.84000015258789,15.9399995803833,200.0
2024-03-01 11:26:00,CERE,41.18000030517578,41.18000030517578,41.189998626708984,41.16999816894531,41.16999816894531,2026.0
2024-03-01 11:26:00,CERS,2.2249999046325684,2.2249999046325684,2.2249999046325684,2.2200000286102295,2.2200000286102295,900.0
2024-03-01 11:26:00,CGC,3.2799999713897705,3.2799999713897705,3.2799999713897705,3.265000104904175,3.2692999839782715,6773.0
2024-03-01 11:26:00,CGEM,18.809999465942383,18.809999465942383,18.809999465942383,18.809999465942383,18.809999465942383,836.0
2024-03-01 11:26:00,CHRS,2.3350000381469727,2.3350000381469727,2.3350000381469727,2.3299999237060547,2.3299999237060547,905.0
2024-03-01 11:26:00,CING,1.350000023841858,1.350000023841858,1.350000023841858,1.2949999570846558,1.2949999570846558,31437.0
2024-03-01 11:26:00,CLDX,52.11000061035156,52.11000061035156,52.209999084472656,52.11000061035156,52.209999084472656,8347.0
2024-03-01 11:26:00,CLNN,0.39489999413490295,0.39489999413490295,0.39489999413490295,0.39489999413490295,0.39489999413490295,101.0
2024-03-01 11:26:00,CLOV,0.8766250014305115,0.8766250014305115,0.8769999742507935,0.8766000270843506,0.8769999742507935,622.0
2024-03-01 11:26:00,CLPT,6.675000190734863,6.675000190734863,6.710000038146973,6.639999866485596,6.699999809265137,12325.0
2024-03-01 11:26:00,CLRB,4.133800029754639,4.133800029754639,4.133800029754639,4.133800029754639,4.133800029754639,1030.0
2024-03-01 11:26:00,CLSD,1.3799999952316284,1.3799999952316284,1.3799999952316284,1.3799999952316284,1.3799999952316284,2868.0
2024-03-01 11:26:00,CMPS,11.1899995803833,11.1899995803833,11.1899995803833,11.13599967956543,11.13599967956543,2345.0
2024-03-01 11:26:00,CMRX,1.149999976158142,1.149999976158142,1.149999976158142,1.1399999856948853,1.1399999856948853,1536.0
2024-03-01 11:26:00,CNTA,10.680000305175781,10.680000305175781,10.680000305175781,10.670000076293945,10.670000076293945,613.0
2024-03-01 11:26:00,COGT,7.175000190734863,7.175000190734863,7.190000057220459,7.175000190734863,7.190000057220459,588.0
2024-03-01 11:26:00,CORT,23.90999984741211,23.90999984741211,23.90999984741211,23.90999984741211,23.90999984741211,103.0
2024-03-01 11:26:00,CPRX,17.084999084472656,17.084999084472656,17.084999084472656,17.084999084472656,17.084999084472656,5885.0
2024-03-01 11:26:00,CRBU,8.104999542236328,8.104999542236328,8.104999542236328,8.079500198364258,8.079500198364258,5157.0
2024-03-01 11:26:00,CRDF,2.4700000286102295,2.4700000286102295,2.4800000190734863,2.4600000381469727,2.460200071334839,32067.0
2024-03-01 11:26:00,CRDL,1.972499966621399,1.972499966621399,2.001499891281128,1.9600000381469727,2.001499891281128,7033.0
2024-03-01 11:26:00,CRMD,3.738100051879883,3.738100051879883,3.738100051879883,3.7249999046325684,3.7249999046325684,1236.0
2024-03-01 11:26:00,CRNX,45.9900016784668,45.9900016784668,45.994998931884766,45.9900016784668,45.994998931884766,462.0
2024-03-01 11:26:00,CRON,2.052000045776367,2.052000045776367,2.052000045776367,2.052000045776367,2.052000045776367,276.0
2024-03-01 11:26:00,CRSP,85.98999786376953,85.98999786376953,85.98999786376953,85.98999786376953,85.98999786376953,2699.0
2024-03-01 11:26:00,CRVS,2.265000104904175,2.265000104904175,2.265000104904175,2.265000104904175,2.265000104904175,160.0
2024-03-01 11:26:00,CSTL,20.200000762939453,20.200000762939453,20.219999313354492,20.165000915527344,20.170000076293945,3438.0
2024-03-01 11:26:00,CTKB,8.489999771118164,8.489999771118164,8.489999771118164,8.489999771118164,8.489999771118164,1672.0
2024-03-01 11:26:00,CUTR,2.4200000762939453,2.4200000762939453,2.4200000762939453,2.400099992752075,2.4049999713897705,7382.0
2024-03-01 11:26:00,CYCC,2.549999952316284,2.549999952316284,2.549999952316284,2.549999952316284,2.549999952316284,1627.0
2024-03-01 11:26:00,CYTK,73.66999816894531,73.66999816894531,74.02999877929688,73.66000366210938,74.0,17502.0
2024-03-01 11:26:00,DAWN,17.530000686645508,17.530000686645508,17.530000686645508,17.489999771118164,17.530000686645508,1611.0
2024-03-01 11:26:00,DCGO,4.154699802398682,4.154699802398682,4.159999847412109,4.154699802398682,4.159999847412109,670.0
2024-03-01 11:26:00,DCTH,4.230000019073486,4.230000019073486,4.230000019073486,4.230000019073486,4.230000019073486,1002.0
2024-03-01 11:26:00,DH,9.109999656677246,9.109999656677246,9.109999656677246,9.109999656677246,9.109999656677246,494.0
2024-03-01 11:26:00,DNLI,20.959999084472656,20.959999084472656,20.959999084472656,20.924999237060547,20.940000534057617,2037.0
2024-03-01 11:26:00,DTIL,12.529999732971191,12.529999732971191,12.529999732971191,12.5,12.5,3557.0
2024-03-01 11:26:00,DVAX,12.845000267028809,12.845000267028809,12.850000381469727,12.845000267028809,12.845000267028809,1350.0
2024-03-01 11:26:00,DXCM,118.87000274658203,118.87000274658203,118.91999816894531,118.87000274658203,118.91999816894531,9853.0
2024-03-01 11:26:00,DYN,28.94499969482422,28.94499969482422,29.0,28.94499969482422,29.0,10153.0
2024-03-01 11:26:00,EDIT,10.989999771118164,10.989999771118164,10.989999771118164,10.960000038146973,10.960000038146973,2694.0
2024-03-01 11:26:00,EFTR,14.984999656677246,14.984999656677246,14.984999656677246,14.984999656677246,14.984999656677246,212.0
2024-03-01 11:26:00,EGRX,6.614999771118164,6.614999771118164,6.614999771118164,6.614999771118164,6.614999771118164,200.0
2024-03-01 11:26:00,ELEV,4.929999828338623,4.929999828338623,4.980000019073486,4.929999828338623,4.980000019073486,3243.0
2024-03-01 11:26:00,ENSC,0.9329149723052979,0.9329149723052979,0.9329149723052979,0.9329149723052979,0.9329149723052979,43995.0
2024-03-01 11:26:00,ENSG,123.19999694824219,123.19999694824219,123.19999694824219,123.19999694824219,123.19999694824219,1341.0
2024-03-01 11:26:00,ENTA,15.319999694824219,15.319999694824219,15.319999694824219,15.25,15.25,1526.0
2024-03-01 11:26:00,ENVB,1.5750000476837158,1.5750000476837158,1.5800000429153442,1.565000057220459,1.5700000524520874,19005.0
2024-03-01 11:26:00,ERAS,2.5299999713897705,2.5299999713897705,2.5390000343322754,2.5299999713897705,2.5350000858306885,1134.0
2024-03-01 11:26:00,ESPR,2.5199999809265137,2.5199999809265137,2.5199999809265137,2.509999990463257,2.515000104904175,4671.0
2024-03-01 11:26:00,ETNB,12.920000076293945,12.920000076293945,12.920000076293945,12.920000076293945,12.920000076293945,275.0
2024-03-01 11:26:00,EVGN,0.964900016784668,0.964900016784668,0.964900016784668,0.964900016784668,0.964900016784668,167.0
2024-03-01 11:26:00,EXAI,6.809999942779541,6.809999942779541,6.809999942779541,6.800000190734863,6.805200099945068,3221.0
2024-03-01 11:26:00,EXAS,60.130001068115234,60.130001068115234,60.150001525878906,60.029998779296875,60.03499984741211,17908.0
2024-03-01 11:26:00,EXEL,22.424999237060547,22.424999237060547,22.424999237060547,22.40999984741211,22.420000076293945,4825.0
2024-03-01 11:26:00,EYEN,2.2799999713897705,2.2799999713897705,2.2850000858306885,2.2300000190734863,2.240000009536743,36909.0
2024-03-01 11:26:00,EYPT,27.911699295043945,27.911699295043945,27.93000030517578,27.911699295043945,27.93000030517578,3092.0
2024-03-01 11:26:00,FATE,7.449999809265137,7.449999809265137,7.449999809265137,7.425000190734863,7.429999828338623,4363.0
2024-03-01 11:26:00,FBIO,2.240000009536743,2.240000009536743,2.25,2.240000009536743,2.25,597.0
2024-03-01 11:26:00,FBRX,0.7198989987373352,0.7198989987373352,0.7199000120162964,0.7198989987373352,0.7199000120162964,513.0
2024-03-01 11:26:00,FGEN,1.7899999618530273,1.7899999618530273,1.7899999618530273,1.7899999618530273,1.7899999618530273,1978.0
2024-03-01 11:26:00,FLGT,23.415000915527344,23.415000915527344,23.450000762939453,23.329999923706055,23.364999771118164,3776.0
2024-03-01 11:26:00,FOLD,13.380000114440918,13.380000114440918,13.385000228881836,13.375,13.380000114440918,5870.0
2024-03-01 11:26:00,FULC,10.75,10.75,10.760000228881836,10.75,10.75,698.0
2024-03-01 11:26:00,FUSN,12.130000114440918,12.130000114440918,12.130000114440918,12.130000114440918,12.130000114440918,2517.0
2024-03-01 11:26:00,GANX,4.659999847412109,4.659999847412109,4.659999847412109,4.639999866485596,4.639999866485596,2051.0
2024-03-01 11:26:00,GCTK,0.30000001192092896,0.30000001192092896,0.30000001192092896,0.2999570071697235,0.30000001192092896,1100.0
2024-03-01 11:26:00,GDRX,8.295000076293945,8.295000076293945,8.295000076293945,8.295000076293945,8.295000076293945,333.0
2024-03-01 11:26:00,GERN,2.180000066757202,2.180000066757202,2.180000066757202,2.180000066757202,2.180000066757202,8581.0
2024-03-01 11:26:00,GH,19.329999923706055,19.329999923706055,19.329999923706055,19.295000076293945,19.295000076293945,2274.0
2024-03-01 11:26:00,GILD,72.37000274658203,72.37000274658203,72.37000274658203,72.37000274658203,72.37000274658203,9673.0
2024-03-01 11:26:00,GLMD,0.3972490131855011,0.3972490131855011,0.3972490131855011,0.39719998836517334,0.39719998836517334,204.0
2024-03-01 11:26:00,GMAB,29.309999465942383,29.309999465942383,29.309999465942383,29.309999465942383,29.309999465942383,1907.0
2024-03-01 11:26:00,GOSS,1.3550000190734863,1.3550000190734863,1.3550000190734863,1.3550000190734863,1.3550000190734863,490.0
2024-03-01 11:26:00,GRFS,7.065000057220459,7.065000057220459,7.065000057220459,7.054999828338623,7.059999942779541,3413.0
2024-03-01 11:26:00,GRTS,2.240000009536743,2.240000009536743,2.249799966812134,2.240000009536743,2.240000009536743,10410.0
2024-03-01 11:26:00,GRTX,0.22994999587535858,0.22994999587535858,0.23000000417232513,0.22994999587535858,0.23000000417232513,2280.0
2024-03-01 11:26:00,GTHX,3.5710999965667725,3.5710999965667725,3.5850000381469727,3.569999933242798,3.579900026321411,11269.0
2024-03-01 11:26:00,HALO,41.27000045776367,41.27000045776367,41.290000915527344,41.27000045776367,41.290000915527344,973.0
2024-03-01 11:26:00,HARP,22.93000030517578,22.93000030517578,22.93000030517578,22.93000030517578,22.93000030517578,4503.0
2024-03-01 11:26:00,HCAT,7.929999828338623,7.929999828338623,7.929999828338623,7.929999828338623,7.929999828338623,1409.0
2024-03-01 11:26:00,HCSG,12.65999984741211,12.65999984741211,12.65999984741211,12.654999732971191,12.65999984741211,655.0
2024-03-01 11:26:00,HCTI,2.549999952316284,2.549999952316284,2.5899999141693115,2.4800000190734863,2.4999001026153564,28997.0
2024-03-01 11:26:00,HITI,1.7649999856948853,1.7649999856948853,1.7698999643325806,1.7599999904632568,1.76010000705719,5700.0
2024-03-01 11:26:00,HLVX,18.729999542236328,18.729999542236328,18.729999542236328,18.729999542236328,18.729999542236328,160.0
2024-03-01 11:26:00,HOLX,73.7699966430664,73.7699966430664,73.7699966430664,73.7699966430664,73.7699966430664,3238.0
2024-03-01 11:26:00,HQY,81.4749984741211,81.4749984741211,81.4749984741211,81.4749984741211,81.4749984741211,633.0
2024-03-01 11:26:00,HRMY,31.434999465942383,31.434999465942383,31.5,31.40999984741211,31.420000076293945,4223.0
2024-03-01 11:26:00,HRTX,2.634999990463257,2.634999990463257,2.640000104904175,2.634999990463257,2.640000104904175,1450.0
2024-03-01 11:26:00,HSIC,76.76499938964844,76.76499938964844,76.81999969482422,76.75,76.76000213623047,3457.0
2024-03-01 11:26:00,HSTM,27.59000015258789,27.59000015258789,27.59000015258789,27.59000015258789,27.59000015258789,349.0
2024-03-01 11:26:00,HUMA,3.2750000953674316,3.2750000953674316,3.2797999382019043,3.2701001167297363,3.271199941635132,4737.0
2024-03-01 11:26:00,IART,36.75,36.75,36.75,36.75,36.75,433.0
2024-03-01 11:26:00,IBRX,4.889999866485596,4.889999866485596,4.889999866485596,4.849999904632568,4.855199813842773,6837.0
2024-03-01 11:26:00,ICCC,5.309999942779541,5.309999942779541,5.340000152587891,5.309999942779541,5.309999942779541,264.0
2024-03-01 11:26:00,ICUI,106.37000274658203,106.37000274658203,106.37000274658203,106.37000274658203,106.37000274658203,1330.0
2024-03-01 11:26:00,IDXX,579.0050048828125,579.0050048828125,579.0050048828125,579.0050048828125,579.0050048828125,988.0
2024-03-01 11:26:00,IDYA,46.060001373291016,46.060001373291016,46.060001373291016,46.060001373291016,46.060001373291016,276.0
2024-03-01 11:26:00,IFRX,1.8495999574661255,1.8495999574661255,1.8495999574661255,1.8495999574661255,1.8495999574661255,211.0
2024-03-01 11:26:00,IINN,1.6201000213623047,1.6201000213623047,1.6201000213623047,1.6201000213623047,1.6201000213623047,2506.0
2024-03-01 11:26:00,ILMN,141.8000030517578,141.8000030517578,141.8000030517578,141.8000030517578,141.8000030517578,2665.0
2024-03-01 11:26:00,IMCR,67.94999694824219,67.94999694824219,68.05000305175781,67.93499755859375,67.93499755859375,1142.0
2024-03-01 11:26:00,IMMX,3.5399999618530273,3.5399999618530273,3.5399999618530273,3.5399999618530273,3.5399999618530273,313.0
2024-03-01 11:26:00,IMNN,1.090000033378601,1.090000033378601,1.090000033378601,1.090000033378601,1.090000033378601,199.0
2024-03-01 11:26:00,IMVT,36.209999084472656,36.209999084472656,36.209999084472656,36.209999084472656,36.209999084472656,746.0
2024-03-01 11:26:00,INBX,36.91999816894531,36.91999816894531,36.91999816894531,36.91999816894531,36.91999816894531,100.0
2024-03-01 11:26:00,INCY,59.16999816894531,59.16999816894531,59.16999816894531,59.08000183105469,59.095001220703125,4931.0
2024-03-01 11:26:00,INMB,12.029000282287598,12.029000282287598,12.038800239562988,11.941900253295898,12.038800239562988,800.0
2024-03-01 11:26:00,INMD,22.739999771118164,22.739999771118164,22.75,22.729999542236328,22.730100631713867,2220.0
2024-03-01 11:26:00,INO,9.140000343322754,9.140000343322754,9.140000343322754,9.140000343322754,9.140000343322754,382.0
2024-03-01 11:26:00,INSM,28.149999618530273,28.149999618530273,28.170000076293945,28.09000015258789,28.170000076293945,7247.0
2024-03-01 11:26:00,INVA,15.71500015258789,15.71500015258789,15.725000381469727,15.704999923706055,15.725000381469727,7150.0
2024-03-01 11:26:00,INZY,6.5,6.5,6.5,6.5,6.5,510.0
2024-03-01 11:26:00,IONS,45.790000915527344,45.790000915527344,45.79999923706055,45.755001068115234,45.79499816894531,4161.0
2024-03-01 11:26:00,IOVA,16.485000610351562,16.485000610351562,16.489999771118164,16.459999084472656,16.46500015258789,16860.0
2024-03-01 11:26:00,IRWD,8.994999885559082,8.994999885559082,8.994999885559082,8.994999885559082,8.994999885559082,30068.0
2024-03-01 11:26:00,ISRG,393.2850036621094,393.2850036621094,393.3299865722656,393.1199951171875,393.3299865722656,4181.0
2024-03-01 11:26:00,ITCI,71.08000183105469,71.08000183105469,71.11000061035156,71.05999755859375,71.0999984741211,1761.0
2024-03-01 11:26:00,IVA,3.819999933242798,3.819999933242798,3.819999933242798,3.819999933242798,3.819999933242798,3968.0
2024-03-01 11:26:00,IVVD,3.9600000381469727,3.9600000381469727,3.9600000381469727,3.9600000381469727,3.9600000381469727,407.0
2024-03-01 11:26:00,JAGX,0.08020000159740448,0.08020000159740448,0.08070000261068344,0.0794999971985817,0.08030000329017639,313776.0
2024-03-01 11:26:00,JANX,46.90999984741211,46.90999984741211,46.90999984741211,46.724998474121094,46.724998474121094,3589.0
2024-03-01 11:26:00,JAZZ,120.7699966430664,120.7699966430664,120.8499984741211,120.62999725341797,120.8499984741211,2834.0
2024-03-01 11:26:00,JYNT,10.149999618530273,10.149999618530273,10.149999618530273,10.140000343322754,10.140000343322754,744.0
2024-03-01 11:26:00,KALV,14.039999961853027,14.039999961853027,14.039999961853027,14.039999961853027,14.039999961853027,105.0
2024-03-01 11:26:00,KNSA,21.889999389648438,21.889999389648438,21.920000076293945,21.889999389648438,21.920000076293945,1350.0
2024-03-01 11:26:00,KPRX,0.6762999892234802,0.6762999892234802,0.6762999892234802,0.6700000166893005,0.6700000166893005,616.0
2024-03-01 11:26:00,KPTI,1.2350000143051147,1.2350000143051147,1.2350000143051147,1.2350000143051147,1.2350000143051147,643.0
2024-03-01 11:26:00,KRON,1.0299999713897705,1.0299999713897705,1.0398999452590942,1.0299999713897705,1.034999966621399,10471.0
2024-03-01 11:26:00,KRTX,316.4700012207031,316.4700012207031,316.4700012207031,316.4700012207031,316.4700012207031,739.0
2024-03-01 11:26:00,KTRA,0.09839999675750732,0.09839999675750732,0.0989999994635582,0.09839999675750732,0.0989999994635582,13500.0
2024-03-01 11:26:00,KURA,21.389999389648438,21.389999389648438,21.440000534057617,21.3799991607666,21.440000534057617,8278.0
2024-03-01 11:26:00,KYMR,43.935001373291016,43.935001373291016,43.95000076293945,43.93000030517578,43.935001373291016,400.0
2024-03-01 11:26:00,KZR,1.1050000190734863,1.1050000190734863,1.1100000143051147,1.100000023841858,1.1050000190734863,4372.0
2024-03-01 11:26:00,LAB,2.440000057220459,2.440000057220459,2.4549999237060547,2.440000057220459,2.4549999237060547,19211.0
2024-03-01 11:26:00,LBPH,21.68000030517578,21.68000030517578,21.68000030517578,21.68000030517578,21.68000030517578,722.0
2024-03-01 11:26:00,LEXX,2.6631999015808105,2.6631999015808105,2.6700000762939453,2.6600000858306885,2.669800043106079,5704.0
2024-03-01 11:26:00,LFMD,7.980000019073486,7.980000019073486,7.985000133514404,7.960000038146973,7.960000038146973,2416.0
2024-03-01 11:26:00,LFST,7.980000019073486,7.980000019073486,7.989999771118164,7.980000019073486,7.980000019073486,2087.0
2024-03-01 11:26:00,LGVN,0.5458999872207642,0.5458999872207642,0.5458999872207642,0.5458999872207642,0.5458999872207642,101.0
2024-03-01 11:26:00,LIAN,4.864999771118164,4.864999771118164,4.869100093841553,4.860000133514404,4.869100093841553,3045.0
2024-03-01 11:26:00,LIFE,1.934999942779541,1.934999942779541,1.934999942779541,1.934999942779541,1.934999942779541,7694.0
2024-03-01 11:26:00,LIVN,55.189998626708984,55.189998626708984,55.189998626708984,55.130001068115234,55.130001068115234,1446.0
2024-03-01 11:26:00,LMAT,67.41999816894531,67.41999816894531,67.41999816894531,67.41999816894531,67.41999816894531,517.0
2024-03-01 11:26:00,LNTH,65.26499938964844,65.26499938964844,65.29000091552734,65.26499938964844,65.29000091552734,1065.0
2024-03-01 11:26:00,LPTX,2.859999895095825,2.859999895095825,2.859999895095825,2.859999895095825,2.859999895095825,25430.0
2024-03-01 11:26:00,LQDA,14.369999885559082,14.369999885559082,14.369999885559082,14.369999885559082,14.369999885559082,456.0
2024-03-01 11:26:00,LSTA,3.0799999237060547,3.0799999237060547,3.0799999237060547,3.0799999237060547,3.0799999237060547,220.0
2024-03-01 11:26:00,LTRN,4.659999847412109,4.659999847412109,4.659999847412109,4.659999847412109,4.659999847412109,200.0
2024-03-01 11:26:00,LUCD,1.2300000190734863,1.2300000190734863,1.2300000190734863,1.2300000190734863,1.2300000190734863,100.0
2024-03-01 11:26:00,LUNG,9.220000267028809,9.220000267028809,9.220000267028809,9.220000267028809,9.220000267028809,143.0
2024-03-01 11:26:00,LVTX,3.0299999713897705,3.0299999713897705,3.0299999713897705,3.0027999877929688,3.0027999877929688,725.0
2024-03-01 11:26:00,LXRX,2.4149999618530273,2.4149999618530273,2.4149999618530273,2.4149999618530273,2.4149999618530273,704.0
2024-03-01 11:26:00,LYEL,3.1549999713897705,3.1549999713897705,3.1549999713897705,3.1549999713897705,3.1549999713897705,1100.0
2024-03-01 11:26:00,LYRA,5.600599765777588,5.600599765777588,5.610000133514404,5.600599765777588,5.610000133514404,1021.0
2024-03-01 11:26:00,MASI,126.94000244140625,126.94000244140625,126.94000244140625,126.87000274658203,126.87000274658203,2863.0
2024-03-01 11:26:00,MCRB,1.1799999475479126,1.1799999475479126,1.1799999475479126,1.1799999475479126,1.1799999475479126,101.0
2024-03-01 11:26:00,MDGL,241.52000427246094,241.52000427246094,241.52000427246094,241.52000427246094,241.52000427246094,1586.0
2024-03-01 11:26:00,MDRX,6.0,6.0,6.0,5.940000057220459,5.949999809265137,100645.0
2024-03-01 11:26:00,MDXG,8.609999656677246,8.609999656677246,8.619999885559082,8.609999656677246,8.619999885559082,707.0
2024-03-01 11:26:00,ME,0.5748999714851379,0.5748999714851379,0.5756000280380249,0.5738000273704529,0.574999988079071,23775.0
2024-03-01 11:26:00,MEDP,401.0199890136719,401.0199890136719,401.0199890136719,400.69500732421875,400.75,1866.0
2024-03-01 11:26:00,MGNX,19.18000030517578,19.18000030517578,19.190000534057617,19.15999984741211,19.15999984741211,1254.0
2024-03-01 11:26:00,MIRM,30.19499969482422,30.19499969482422,30.229999542236328,30.19499969482422,30.19499969482422,718.0
2024-03-01 11:26:00,MIST,1.6950000524520874,1.6950000524520874,1.6950000524520874,1.6950000524520874,1.6950000524520874,149.0
2024-03-01 11:26:00,MNKD,4.649799823760986,4.649799823760986,4.650000095367432,4.639999866485596,4.644999980926514,2961.0
2024-03-01 11:26:00,MNMD,5.940000057220459,5.940000057220459,5.940000057220459,5.940000057220459,5.940000057220459,1400.0
2024-03-01 11:26:00,MNOV,1.3600000143051147,1.3600000143051147,1.3600000143051147,1.3600000143051147,1.3600000143051147,102.0
2024-03-01 11:26:00,MNPR,0.8100000023841858,0.8100000023841858,0.8100000023841858,0.8100000023841858,0.8100000023841858,210.0
2024-03-01 11:26:00,MODD,1.8806999921798706,1.8806999921798706,1.8899999856948853,1.8806999921798706,1.8899999856948853,660.0
2024-03-01 11:26:00,MODV,27.940000534057617,27.940000534057617,28.049999237060547,27.940000534057617,28.020000457763672,2105.0
2024-03-01 11:26:00,MOR,17.610000610351562,17.610000610351562,17.610000610351562,17.610000610351562,17.610000610351562,372.0
2024-03-01 11:26:00,MORF,38.5099983215332,38.5099983215332,38.5099983215332,38.5099983215332,38.5099983215332,179.0
2024-03-01 11:26:00,MREO,3.7899999618530273,3.7899999618530273,3.797600030899048,3.7899999618530273,3.797600030899048,550.0
2024-03-01 11:26:00,MRNA,95.7300033569336,95.7300033569336,95.76000213623047,95.7300033569336,95.76000213623047,11280.0
2024-03-01 11:26:00,MRNS,9.84000015258789,9.84000015258789,9.84000015258789,9.84000015258789,9.84000015258789,181.0
2024-03-01 11:26:00,MRSN,5.980000019073486,5.980000019073486,5.980000019073486,5.980000019073486,5.980000019073486,6718.0
2024-03-01 11:26:00,MRUS,50.81999969482422,50.81999969482422,50.81999969482422,50.81999969482422,50.81999969482422,231.0
2024-03-01 11:26:00,MYGN,21.530000686645508,21.530000686645508,21.530000686645508,21.530000686645508,21.530000686645508,416.0
2024-03-01 11:26:00,NARI,46.400001525878906,46.400001525878906,46.400001525878906,46.400001525878906,46.400001525878906,5536.0
2024-03-01 11:26:00,NBIX,129.99000549316406,129.99000549316406,130.00999450683594,129.67999267578125,129.67999267578125,3259.0
2024-03-01 11:26:00,NEO,16.010000228881836,16.010000228881836,16.020000457763672,16.010000228881836,16.020000457763672,647.0
2024-03-01 11:26:00,NEOG,17.30500030517578,17.30500030517578,17.30500030517578,17.290000915527344,17.290000915527344,1546.0
2024-03-01 11:26:00,NGM,1.5299999713897705,1.5299999713897705,1.5299999713897705,1.5299999713897705,1.5299999713897705,729.0
2024-03-01 11:26:00,NKTR,0.7599999904632568,0.7599999904632568,0.7599999904632568,0.755050003528595,0.7551000118255615,18176.0
2024-03-01 11:26:00,NKTX,12.720000267028809,12.720000267028809,12.729999542236328,12.720000267028809,12.729999542236328,455.0
2024-03-01 11:26:00,NNOX,11.0600004196167,11.0600004196167,11.109999656677246,11.045000076293945,11.109999656677246,4580.0
2024-03-01 11:26:00,NOTV,7.900000095367432,7.900000095367432,7.914999961853027,7.900000095367432,7.909999847412109,765.0
2024-03-01 11:26:00,NRC,40.525001525878906,40.525001525878906,40.59000015258789,40.525001525878906,40.59000015258789,1006.0
2024-03-01 11:26:00,NRIX,13.207500457763672,13.207500457763672,13.229999542236328,13.204999923706055,13.220000267028809,668.0
2024-03-01 11:26:00,NRSN,2.0239999294281006,2.0239999294281006,2.0239999294281006,2.0239999294281006,2.0239999294281006,1000.0
2024-03-01 11:26:00,NRXP,0.43380001187324524,0.43380001187324524,0.43380001187324524,0.43380001187324524,0.43380001187324524,2051.0
2024-03-01 11:26:00,NTLA,33.869998931884766,33.869998931884766,33.869998931884766,33.84000015258789,33.84000015258789,4524.0
2024-03-01 11:26:00,NTRA,89.55000305175781,89.55000305175781,89.55000305175781,89.51000213623047,89.51000213623047,2427.0
2024-03-01 11:26:00,NUVL,87.61000061035156,87.61000061035156,87.61000061035156,87.61000061035156,87.61000061035156,112.0
2024-03-01 11:26:00,NVAX,5.170000076293945,5.170000076293945,5.170000076293945,5.151100158691406,5.158899784088135,24776.0
2024-03-01 11:26:00,NVCR,16.0,16.0,16.0049991607666,16.0,16.0,1558.0
2024-03-01 11:26:00,NVCT,10.727499961853027,10.727499961853027,10.727499961853027,10.699999809265137,10.699999809265137,1028.0
2024-03-01 11:26:00,NXTC,1.8099000453948975,1.8099000453948975,1.809999942779541,1.8099000453948975,1.809999942779541,2395.0
2024-03-01 11:26:00,NYXH,14.489999771118164,14.489999771118164,14.489999771118164,14.489999771118164,14.489999771118164,286.0
2024-03-01 11:26:00,OCGN,0.9200000166893005,0.9200000166893005,0.9200000166893005,0.9200000166893005,0.9200000166893005,2665.0
2024-03-01 11:26:00,OCUL,10.399999618530273,10.399999618530273,10.399999618530273,10.390000343322754,10.390000343322754,1903.0
2024-03-01 11:26:00,OCUP,2.4700000286102295,2.4700000286102295,2.4700000286102295,2.4700000286102295,2.4700000286102295,100.0
2024-03-01 11:26:00,OGI,2.119999885559082,2.119999885559082,2.119999885559082,2.119999885559082,2.119999885559082,800.0
2024-03-01 11:26:00,OLK,22.65999984741211,22.65999984741211,22.670000076293945,22.65999984741211,22.670000076293945,658.0
2024-03-01 11:26:00,OLMA,13.140000343322754,13.140000343322754,13.140000343322754,13.024999618530273,13.050000190734863,3274.0
2024-03-01 11:26:00,OMER,4.71999979019165,4.71999979019165,4.71999979019165,4.71999979019165,4.71999979019165,125.0
2024-03-01 11:26:00,OMGA,4.21999979019165,4.21999979019165,4.21999979019165,4.21999979019165,4.21999979019165,350.0
2024-03-01 11:26:00,ONCY,1.128999948501587,1.128999948501587,1.128999948501587,1.128999948501587,1.128999948501587,587.0
2024-03-01 11:27:00,ABCL,5.184999942779541,5.184999942779541,5.184999942779541,5.179999828338623,5.179999828338623,6314.0
2024-03-01 11:27:00,ABEO,7.53000020980835,7.53000020980835,7.53000020980835,7.53000020980835,7.53000020980835,342.0
2024-03-01 11:27:00,ABOS,4.695000171661377,4.695000171661377,4.6992998123168945,4.695000171661377,4.6992998123168945,1445.0
2024-03-01 11:27:00,ABSI,5.179999828338623,5.179999828338623,5.179999828338623,5.179999828338623,5.179999828338623,228.0
2024-03-01 11:27:00,ABUS,2.7850000858306885,2.7850000858306885,2.7850000858306885,2.7850000858306885,2.7850000858306885,493.0
2024-03-01 11:27:00,ACAD,23.850000381469727,23.850000381469727,23.8799991607666,23.850000381469727,23.8799991607666,1574.0
2024-03-01 11:27:00,ACB,3.1500000953674316,3.1500000953674316,3.1500000953674316,3.115000009536743,3.115000009536743,10366.0
2024-03-01 11:27:00,ACCD,10.279999732971191,10.279999732971191,10.279999732971191,10.279999732971191,10.279999732971191,166.0
2024-03-01 11:27:00,ACET,2.4000000953674316,2.4000000953674316,2.4049999713897705,2.4000000953674316,2.4049999713897705,773.0
2024-03-01 11:27:00,ACHC,84.13500213623047,84.13500213623047,84.26180267333984,84.12000274658203,84.26180267333984,1287.0
2024-03-01 11:27:00,ACRS,1.2200000286102295,1.2200000286102295,1.2200000286102295,1.215000033378601,1.215000033378601,1550.0
2024-03-01 11:27:00,ADAP,1.6098999977111816,1.6098999977111816,1.6098999977111816,1.6098999977111816,1.6098999977111816,3075.0
2024-03-01 11:27:00,ADIL,3.0350000858306885,3.0350000858306885,3.0350000858306885,3.030100107192993,3.030100107192993,19321.0
2024-03-01 11:27:00,ADMA,5.335000038146973,5.335000038146973,5.335000038146973,5.335000038146973,5.335000038146973,750.0
2024-03-01 11:27:00,ADVM,1.9299999475479126,1.9299999475479126,1.934999942779541,1.9299999475479126,1.934999942779541,4042.0
2024-03-01 11:27:00,AFIB,0.20890000462532043,0.20890000462532043,0.20890000462532043,0.20890000462532043,0.20890000462532043,516.0
2024-03-01 11:27:00,AGEN,0.669950008392334,0.669950008392334,0.6700000166893005,0.669950008392334,0.6700000166893005,11701.0
2024-03-01 11:27:00,AIRS,6.474999904632568,6.474999904632568,6.474999904632568,6.474999904632568,6.474999904632568,156.0
2024-03-01 11:27:00,AKBA,1.659999966621399,1.659999966621399,1.6675000190734863,1.659999966621399,1.6649999618530273,27939.0
2024-03-01 11:27:00,AKLI,0.3398990035057068,0.3398990035057068,0.3398999869823456,0.33899998664855957,0.3398999869823456,5500.0
2024-03-01 11:27:00,AKRO,29.190000534057617,29.190000534057617,29.315000534057617,29.190000534057617,29.315000534057617,3108.0
2024-03-01 11:27:00,ALDX,4.164999961853027,4.164999961853027,4.164999961853027,4.164999961853027,4.164999961853027,140.0
2024-03-01 11:27:00,ALGN,299.9200134277344,299.9200134277344,299.9200134277344,299.9200134277344,299.9200134277344,1724.0
2024-03-01 11:27:00,ALGS,1.0699000358581543,1.0699000358581543,1.0699000358581543,1.0699000358581543,1.0699000358581543,10000.0
2024-03-01 11:27:00,ALKS,30.184999465942383,30.184999465942383,30.190000534057617,30.184999465942383,30.190000534057617,2960.0
2024-03-01 11:27:00,ALLK,1.600000023841858,1.600000023841858,1.600000023841858,1.600000023841858,1.600000023841858,320.0
2024-03-01 11:27:00,ALLO,5.039999961853027,5.039999961853027,5.050000190734863,5.039999961853027,5.050000190734863,1815.0
2024-03-01 11:27:00,ALNY,154.20249938964844,154.20249938964844,154.39999389648438,154.20249938964844,154.39999389648438,1172.0
2024-03-01 11:27:00,ALPN,36.029998779296875,36.029998779296875,36.075599670410156,36.029998779296875,36.075599670410156,314.0
2024-03-01 11:27:00,ALT,12.199999809265137,12.199999809265137,12.211000442504883,12.199999809265137,12.210000038146973,8764.0
2024-03-01 11:27:00,ALXO,15.140000343322754,15.140000343322754,15.140000343322754,15.109999656677246,15.140000343322754,324.0
2024-03-01 11:27:00,AMGN,280.82000732421875,280.82000732421875,280.82000732421875,280.6300048828125,280.739990234375,11193.0
2024-03-01 11:27:00,AMLX,18.799999237060547,18.799999237060547,18.800100326538086,18.799999237060547,18.800100326538086,723.0
2024-03-01 11:27:00,AMPH,45.83000183105469,45.83000183105469,45.83000183105469,45.83000183105469,45.83000183105469,145.0
2024-03-01 11:27:00,AMRN,1.0499999523162842,1.0499999523162842,1.059999942779541,1.0499999523162842,1.0549999475479126,2031.0
2024-03-01 11:27:00,ANGO,5.485000133514404,5.485000133514404,5.489999771118164,5.485000133514404,5.485000133514404,270.0
2024-03-01 11:27:00,ANNX,5.989999771118164,5.989999771118164,6.050000190734863,5.980000019073486,6.050000190734863,14753.0
2024-03-01 11:27:00,ANTX,2.9800000190734863,2.9800000190734863,2.990000009536743,2.9800000190734863,2.990000009536743,233.0
2024-03-01 11:27:00,APLS,64.80999755859375,64.80999755859375,64.9000015258789,64.80999755859375,64.83999633789062,2972.0
2024-03-01 11:27:00,APLT,7.110000133514404,7.110000133514404,7.164999961853027,7.110000133514404,7.150000095367432,5055.0
2024-03-01 11:27:00,AQST,4.215000152587891,4.215000152587891,4.215000152587891,4.210299968719482,4.210299968719482,650.0
2024-03-01 11:27:00,ARAY,2.634999990463257,2.634999990463257,2.634999990463257,2.634999990463257,2.634999990463257,566.0
2024-03-01 11:27:00,ARCT,39.48500061035156,39.48500061035156,39.48500061035156,39.48500061035156,39.48500061035156,165.0
2024-03-01 11:27:00,ARDX,9.520000457763672,9.520000457763672,9.524999618530273,9.510000228881836,9.524999618530273,3414.0
2024-03-01 11:27:00,ARGX,387.7900085449219,387.7900085449219,387.7900085449219,387.7900085449219,387.7900085449219,981.0
2024-03-01 11:27:00,ARQT,11.199999809265137,11.199999809265137,11.199999809265137,11.1850004196167,11.199999809265137,1383.0
2024-03-01 11:27:00,ARVN,48.72999954223633,48.72999954223633,48.869998931884766,48.72999954223633,48.79999923706055,748.0
2024-03-01 11:27:00,ARWR,35.790000915527344,35.790000915527344,35.810001373291016,35.790000915527344,35.810001373291016,1338.0
2024-03-01 11:27:00,ASRT,0.9000999927520752,0.9000999927520752,0.9060999751091003,0.9000999927520752,0.9060999751091003,2272.0
2024-03-01 11:27:00,ATEC,13.529999732971191,13.529999732971191,13.529999732971191,13.524999618530273,13.524999618530273,1986.0
2024-03-01 11:27:00,ATHA,3.994999885559082,3.994999885559082,3.994999885559082,3.994999885559082,3.994999885559082,291.0
2024-03-01 11:27:00,ATOS,0.994500994682312,0.994500994682312,0.994500994682312,0.9944999814033508,0.9944999814033508,216.0
2024-03-01 11:27:00,ATRA,0.8065000176429749,0.8065000176429749,0.8065000176429749,0.8029999732971191,0.8029999732971191,952.0
2024-03-01 11:27:00,ATRC,36.08000183105469,36.08000183105469,36.09000015258789,36.06999969482422,36.06999969482422,1295.0
2024-03-01 11:27:00,ATXS,15.25,15.25,15.25,15.25,15.25,5458.0
2024-03-01 11:27:00,AUPH,5.835000038146973,5.835000038146973,5.835000038146973,5.835000038146973,5.835000038146973,331.0
2024-03-01 11:27:00,AURA,9.295000076293945,9.295000076293945,9.319999694824219,9.295000076293945,9.319999694824219,201.0
2024-03-01 11:27:00,AUTL,6.230000019073486,6.230000019073486,6.230000019073486,6.230000019073486,6.230000019073486,589.0
2024-03-01 11:27:00,AVDL,12.680000305175781,12.680000305175781,12.699999809265137,12.680000305175781,12.6899995803833,1124.0
2024-03-01 11:27:00,AVIR,4.440700054168701,4.440700054168701,4.440700054168701,4.440299987792969,4.440299987792969,1200.0
2024-03-01 11:27:00,AXGN,10.489999771118164,10.489999771118164,10.489999771118164,10.489999771118164,10.489999771118164,576.0
2024-03-01 11:27:00,AXNX,67.30999755859375,67.30999755859375,67.32499694824219,67.30999755859375,67.31500244140625,1288.0
2024-03-01 11:27:00,AZN,64.52999877929688,64.52999877929688,64.52999877929688,64.51000213623047,64.5199966430664,4477.0
2024-03-01 11:27:00,AZTA,66.41999816894531,66.41999816894531,66.41999816894531,66.41999816894531,66.41999816894531,239.0
2024-03-01 11:27:00,BBIO,35.95000076293945,35.95000076293945,35.95000076293945,35.95000076293945,35.95000076293945,657.0
2024-03-01 11:27:00,BBLG,2.319999933242798,2.319999933242798,2.359999895095825,2.319999933242798,2.3350000381469727,1667.0
2024-03-01 11:27:00,BCRX,5.815000057220459,5.815000057220459,5.819900035858154,5.809999942779541,5.819900035858154,7565.0
2024-03-01 11:27:00,BCTX,3.4700000286102295,3.4700000286102295,3.5299999713897705,3.4700000286102295,3.5299999713897705,638.0
2024-03-01 11:27:00,BDTX,5.050000190734863,5.050000190734863,5.070000171661377,5.050000190734863,5.070000171661377,866.0
2024-03-01 11:27:00,BEAM,40.21500015258789,40.21500015258789,40.21500015258789,40.21500015258789,40.21500015258789,122.0
2024-03-01 11:27:00,BFRI,0.8726000189781189,0.8726000189781189,0.8726000189781189,0.8726000189781189,0.8726000189781189,5746.0
2024-03-01 11:27:00,BIIB,219.2449951171875,219.2449951171875,219.2449951171875,219.2449951171875,219.2449951171875,864.0
2024-03-01 11:27:00,BIOL,0.13940000534057617,0.13940000534057617,0.13950000703334808,0.13910000026226044,0.13910000026226044,3695.0
2024-03-01 11:27:00,BIVI,2.2899999618530273,2.2899999618530273,2.299999952316284,2.2899999618530273,2.299999952316284,270369.0
2024-03-01 11:27:00,BLUE,1.5950000286102295,1.5950000286102295,1.6050000190734863,1.589400053024292,1.589400053024292,126722.0
2024-03-01 11:27:00,BMEA,17.975000381469727,17.975000381469727,17.975000381469727,17.975000381469727,17.975000381469727,580.0
2024-03-01 11:27:00,BMRN,86.62999725341797,86.62999725341797,86.66999816894531,86.62999725341797,86.66999816894531,1050.0
2024-03-01 11:27:00,BNGO,1.2549999952316284,1.2549999952316284,1.2549999952316284,1.25,1.25,280.0
2024-03-01 11:27:00,BNR,0.8654999732971191,0.8654999732971191,0.8654999732971191,0.8654999732971191,0.8654999732971191,100.0
2024-03-01 11:27:00,BNTC,5.099999904632568,5.099999904632568,5.099999904632568,5.099999904632568,5.099999904632568,2019.0
2024-03-01 11:27:00,BNTX,91.9000015258789,91.9000015258789,91.9000015258789,91.9000015258789,91.9000015258789,240.0
2024-03-01 11:27:00,BPMC,96.05000305175781,96.05000305175781,96.06500244140625,95.94000244140625,96.06500244140625,2468.0
2024-03-01 11:27:00,BRKR,87.54000091552734,87.54000091552734,87.55999755859375,87.54000091552734,87.55999755859375,700.0
2024-03-01 11:27:00,BTAI,3.240000009536743,3.240000009536743,3.241300106048584,3.240000009536743,3.240000009536743,1786.0
2024-03-01 11:27:00,BTTX,0.1673000007867813,0.1673000007867813,0.1679999977350235,0.1673000007867813,0.1679999977350235,3100.0
2024-03-01 11:27:00,BYSI,1.5,1.5,1.5,1.4900000095367432,1.4900000095367432,5525.0
2024-03-01 11:27:00,CABA,23.979999542236328,23.979999542236328,23.979999542236328,23.979999542236328,23.979999542236328,5359.0
2024-03-01 11:27:00,CADL,1.753999948501587,1.753999948501587,1.770300030708313,1.7532999515533447,1.7532999515533447,10049.0
2024-03-01 11:27:00,CBAY,32.244998931884766,32.244998931884766,32.25,32.244998931884766,32.25,3404.0
2024-03-01 11:27:00,CCCC,10.984999656677246,10.984999656677246,11.0,10.979999542236328,10.984999656677246,6518.0
2024-03-01 11:27:00,CCRN,18.209999084472656,18.209999084472656,18.209999084472656,18.209999084472656,18.209999084472656,675.0
2024-03-01 11:27:00,CDMO,8.149999618530273,8.149999618530273,8.149999618530273,8.140000343322754,8.140000343322754,453.0
2024-03-01 11:27:00,CDNA,12.4399995803833,12.4399995803833,12.4399995803833,12.4399995803833,12.4399995803833,279.0
2024-03-01 11:27:00,CDXS,4.429999828338623,4.429999828338623,4.429999828338623,4.420000076293945,4.429999828338623,410.0
2024-03-01 11:27:00,CELU,3.559999942779541,3.559999942779541,3.559999942779541,3.559999942779541,3.559999942779541,180.0
2024-03-01 11:27:00,CERE,41.162498474121094,41.162498474121094,41.18000030517578,41.15999984741211,41.18000030517578,1201.0
2024-03-01 11:27:00,CERT,17.6299991607666,17.6299991607666,17.639999389648438,17.6299991607666,17.639999389648438,991.0
2024-03-01 11:27:00,CGC,3.2699999809265137,3.2699999809265137,3.2797000408172607,3.2699999809265137,3.2701001167297363,861.0
2024-03-01 11:27:00,CHRS,2.3350000381469727,2.3350000381469727,2.3399999141693115,2.3350000381469727,2.3350000381469727,729.0
2024-03-01 11:27:00,CKPT,2.190000057220459,2.190000057220459,2.190000057220459,2.190000057220459,2.190000057220459,414.0
2024-03-01 11:27:00,CLDX,51.98500061035156,51.98500061035156,52.08000183105469,51.900001525878906,52.08000183105469,12600.0
2024-03-01 11:27:00,CLOV,0.87704998254776,0.87704998254776,0.8770999908447266,0.8751999735832214,0.8762000203132629,2235.0
2024-03-01 11:27:00,CLPT,6.709400177001953,6.709400177001953,6.710000038146973,6.709400177001953,6.710000038146973,840.0
2024-03-01 11:27:00,CLRB,4.130000114440918,4.130000114440918,4.131499767303467,4.130000114440918,4.131499767303467,1055.0
2024-03-01 11:27:00,CMAX,7.889900207519531,7.889900207519531,7.889900207519531,7.889900207519531,7.889900207519531,505.0
2024-03-01 11:27:00,CMPS,11.1899995803833,11.1899995803833,11.1899995803833,11.180000305175781,11.1899995803833,402.0
2024-03-01 11:27:00,CMRX,1.1449999809265137,1.1449999809265137,1.1449999809265137,1.1449999809265137,1.1449999809265137,1005.0
2024-03-01 11:27:00,CORT,23.920000076293945,23.920000076293945,23.940000534057617,23.920000076293945,23.93000030517578,4122.0
2024-03-01 11:27:00,CPRX,17.040000915527344,17.040000915527344,17.100000381469727,17.040000915527344,17.09000015258789,7628.0
2024-03-01 11:27:00,CPSI,9.510000228881836,9.510000228881836,9.510000228881836,9.479999542236328,9.479999542236328,400.0
2024-03-01 11:27:00,CRBP,31.5,31.5,31.5,31.5,31.5,1782.0
2024-03-01 11:27:00,CRBU,8.079999923706055,8.079999923706055,8.114999771118164,8.079999923706055,8.109999656677246,2475.0
2024-03-01 11:27:00,CRDF,2.460099935531616,2.460099935531616,2.4800000190734863,2.4600000381469727,2.4749999046325684,45975.0
2024-03-01 11:27:00,CRMD,3.730299949645996,3.730299949645996,3.734999895095825,3.730299949645996,3.734999895095825,318.0
2024-03-01 11:27:00,CRNX,46.04999923706055,46.04999923706055,46.06999969482422,45.970001220703125,46.04999923706055,1754.0
2024-03-01 11:27:00,CRSP,85.80999755859375,85.80999755859375,85.91000366210938,85.80999755859375,85.91000366210938,1042.0
2024-03-01 11:27:00,CRVS,2.2702999114990234,2.2702999114990234,2.2702999114990234,2.2702999114990234,2.2702999114990234,129.0
2024-03-01 11:27:00,CTKB,8.484999656677246,8.484999656677246,8.489999771118164,8.479999542236328,8.489999771118164,924.0
2024-03-01 11:27:00,CTMX,2.5399999618530273,2.5399999618530273,2.5699000358581543,2.509999990463257,2.549999952316284,12487.0
2024-03-01 11:27:00,CTXR,0.7699999809265137,0.7699999809265137,0.7706009745597839,0.7699999809265137,0.7706000208854675,6357.0
2024-03-01 11:27:00,CUE,2.1700000762939453,2.1700000762939453,2.1700000762939453,2.1700000762939453,2.1700000762939453,11173.0
2024-03-01 11:27:00,CYTK,73.66999816894531,73.66999816894531,73.66999816894531,73.66999816894531,73.66999816894531,1242.0
2024-03-01 11:27:00,DAWN,17.520000457763672,17.520000457763672,17.520000457763672,17.520000457763672,17.520000457763672,590.0
2024-03-01 11:27:00,DCGO,4.1596999168396,4.1596999168396,4.1596999168396,4.150000095367432,4.150000095367432,1242.0
2024-03-01 11:27:00,DH,9.100000381469727,9.100000381469727,9.100000381469727,9.100000381469727,9.100000381469727,982.0
2024-03-01 11:27:00,DMTK,0.8500000238418579,0.8500000238418579,0.8600000143051147,0.8399999737739563,0.8598999977111816,13708.0
2024-03-01 11:27:00,DNLI,20.954999923706055,20.954999923706055,20.959999084472656,20.950000762939453,20.950000762939453,919.0
2024-03-01 11:27:00,DRIO,2.0299999713897705,2.0299999713897705,2.0299999713897705,2.0199999809265137,2.0199999809265137,3285.0
2024-03-01 11:27:00,DRRX,1.0149999856948853,1.0149999856948853,1.0149999856948853,1.0149999856948853,1.0149999856948853,3732.0
2024-03-01 11:27:00,DTIL,12.50059986114502,12.50059986114502,12.524999618530273,12.5,12.5,4511.0
2024-03-01 11:27:00,DVAX,12.859999656677246,12.859999656677246,12.859999656677246,12.850000381469727,12.859999656677246,1414.0
2024-03-01 11:27:00,DXCM,118.9000015258789,118.9000015258789,118.90499877929688,118.75,118.87000274658203,8842.0
2024-03-01 11:27:00,DYN,28.864999771118164,28.864999771118164,29.0,28.864999771118164,28.989999771118164,13841.0
2024-03-01 11:27:00,EDIT,10.984999656677246,10.984999656677246,11.0,10.984999656677246,10.994999885559082,2795.0
2024-03-01 11:27:00,EGRX,6.639999866485596,6.639999866485596,6.639999866485596,6.639999866485596,6.639999866485596,290.0
2024-03-01 11:27:00,ELEV,4.925000190734863,4.925000190734863,4.929999828338623,4.925000190734863,4.929999828338623,882.0
2024-03-01 11:27:00,ENTX,1.350000023841858,1.350000023841858,1.350000023841858,1.350000023841858,1.350000023841858,250.0
2024-03-01 11:27:00,ENVB,1.5800000429153442,1.5800000429153442,1.590000033378601,1.5794999599456787,1.5800000429153442,8872.0
2024-03-01 11:27:00,EOLS,14.630000114440918,14.630000114440918,14.630000114440918,14.630000114440918,14.630000114440918,311.0
2024-03-01 11:27:00,EQ,2.490000009536743,2.490000009536743,2.5,2.490000009536743,2.490000009536743,499.0
2024-03-01 11:27:00,ERAS,2.5399999618530273,2.5399999618530273,2.5399999618530273,2.5350000858306885,2.5350000858306885,390.0
2024-03-01 11:27:00,ESPR,2.515000104904175,2.515000104904175,2.5199999809265137,2.509999990463257,2.5199999809265137,7158.0
2024-03-01 11:27:00,ESTA,45.814998626708984,45.814998626708984,45.814998626708984,45.814998626708984,45.814998626708984,107.0
2024-03-01 11:27:00,ETNB,12.850000381469727,12.850000381469727,12.920000076293945,12.850000381469727,12.920000076293945,4826.0
2024-03-01 11:27:00,EWTX,16.93000030517578,16.93000030517578,16.93000030517578,16.93000030517578,16.93000030517578,915.0
2024-03-01 11:27:00,EXAI,6.809999942779541,6.809999942779541,6.809999942779541,6.809999942779541,6.809999942779541,653.0
2024-03-01 11:27:00,EXAS,60.125,60.125,60.15999984741211,60.119998931884766,60.125,621.0
2024-03-01 11:27:00,EXEL,22.450000762939453,22.450000762939453,22.450000762939453,22.424999237060547,22.424999237060547,6522.0
2024-03-01 11:27:00,EYEN,2.2732999324798584,2.2732999324798584,2.2799999713897705,2.2732999324798584,2.2799999713897705,990.0
2024-03-01 11:27:00,EYPT,27.969999313354492,27.969999313354492,27.969999313354492,27.969999313354492,27.969999313354492,124.0
2024-03-01 11:27:00,FATE,7.440000057220459,7.440000057220459,7.445000171661377,7.440000057220459,7.445000171661377,1369.0
2024-03-01 11:27:00,FBIO,2.2335000038146973,2.2335000038146973,2.2335000038146973,2.2335000038146973,2.2335000038146973,558.0
2024-03-01 11:27:00,FDMT,29.200000762939453,29.200000762939453,29.200000762939453,29.145000457763672,29.171199798583984,1789.0
2024-03-01 11:27:00,FGEN,1.7949999570846558,1.7949999570846558,1.7949999570846558,1.7899999618530273,1.7899999618530273,2396.0
2024-03-01 11:27:00,FHTX,8.3100004196167,8.3100004196167,8.3100004196167,8.3100004196167,8.3100004196167,1593.0
2024-03-01 11:27:00,FOLD,13.369999885559082,13.369999885559082,13.380000114440918,13.369999885559082,13.380000114440918,1942.0
2024-03-01 11:27:00,FULC,10.755000114440918,10.755000114440918,10.755000114440918,10.75,10.75,417.0
2024-03-01 11:27:00,FUSN,12.119999885559082,12.119999885559082,12.130000114440918,12.119999885559082,12.130000114440918,1044.0
2024-03-01 11:27:00,GDRX,8.28909969329834,8.28909969329834,8.319999694824219,8.279999732971191,8.300000190734863,26472.0
2024-03-01 11:27:00,GEG,1.9701000452041626,1.9701000452041626,1.9701000452041626,1.9701000452041626,1.9701000452041626,1983.0
2024-03-01 11:27:00,GERN,2.180000066757202,2.180000066757202,2.180000066757202,2.1700000762939453,2.180000066757202,16483.0
2024-03-01 11:27:00,GH,19.350000381469727,19.350000381469727,19.350000381469727,19.34000015258789,19.350000381469727,824.0
2024-03-01 11:27:00,GILD,72.4000015258789,72.4000015258789,72.4000015258789,72.36000061035156,72.37000274658203,5305.0
2024-03-01 11:27:00,GLYC,2.984999895095825,2.984999895095825,2.990000009536743,2.9800000190734863,2.9800000190734863,651.0
2024-03-01 11:27:00,GOSS,1.3550000190734863,1.3550000190734863,1.3550000190734863,1.3550000190734863,1.3550000190734863,1500.0
2024-03-01 11:27:00,GRFS,7.085000038146973,7.085000038146973,7.090000152587891,7.065000057220459,7.065000057220459,2824.0
2024-03-01 11:27:00,GRPH,3.509999990463257,3.509999990463257,3.509999990463257,3.509999990463257,3.509999990463257,110.0
2024-03-01 11:27:00,GRTS,2.2225000858306885,2.2225000858306885,2.240000009536743,2.2225000858306885,2.240000009536743,34317.0
2024-03-01 11:27:00,GTHX,3.537899971008301,3.537899971008301,3.579900026321411,3.5350000858306885,3.579900026321411,9133.0
2024-03-01 11:27:00,HALO,41.26499938964844,41.26499938964844,41.26499938964844,41.26499938964844,41.26499938964844,444.0
2024-03-01 11:27:00,HARP,22.93000030517578,22.93000030517578,22.93400001525879,22.93000030517578,22.93400001525879,1076.0
2024-03-01 11:27:00,HCAT,7.929999828338623,7.929999828338623,7.934999942779541,7.929999828338623,7.929999828338623,796.0
2024-03-01 11:27:00,HCTI,2.5899999141693115,2.5899999141693115,2.6791999340057373,2.5390000343322754,2.5390000343322754,22882.0
2024-03-01 11:27:00,HOLX,73.73999786376953,73.73999786376953,73.76000213623047,73.73999786376953,73.73999786376953,2476.0
2024-03-01 11:27:00,HROW,10.824999809265137,10.824999809265137,10.824999809265137,10.810099601745605,10.810099601745605,475.0
2024-03-01 11:27:00,HRTX,2.634999990463257,2.634999990463257,2.634999990463257,2.634999990463257,2.634999990463257,421.0
2024-03-01 11:27:00,HSIC,76.8499984741211,76.8499984741211,76.8499984741211,76.8499984741211,76.8499984741211,1401.0
2024-03-01 11:27:00,HSTM,27.579999923706055,27.579999923706055,27.579999923706055,27.579999923706055,27.579999923706055,162.0
2024-03-01 11:27:00,HUMA,3.2699999809265137,3.2699999809265137,3.2725000381469727,3.2699999809265137,3.2725000381469727,1790.0
2024-03-01 11:27:00,IART,36.68000030517578,36.68000030517578,36.75,36.68000030517578,36.75,1545.0
2024-03-01 11:27:00,IBRX,4.898799896240234,4.898799896240234,4.898799896240234,4.894999980926514,4.894999980926514,5054.0
2024-03-01 11:27:00,ICUI,106.45999908447266,106.45999908447266,106.45999908447266,106.45999908447266,106.45999908447266,499.0
2024-03-01 11:27:00,IDXX,578.4849853515625,578.4849853515625,578.7899780273438,578.4849853515625,578.7899780273438,818.0
2024-03-01 11:27:00,IDYA,46.05500030517578,46.05500030517578,46.05500030517578,46.05500030517578,46.05500030517578,263.0
2024-03-01 11:27:00,IFRX,1.8200000524520874,1.8200000524520874,1.8200000524520874,1.8200000524520874,1.8200000524520874,100.0
2024-03-01 11:27:00,IINN,1.625,1.625,1.625,1.625,1.625,1000.0
2024-03-01 11:27:00,ILMN,141.75,141.75,141.75,141.75,141.75,295.0
2024-03-01 11:27:00,IMCR,68.1500015258789,68.1500015258789,68.1500015258789,68.1500015258789,68.1500015258789,994.0
2024-03-01 11:27:00,IMMX,3.5399999618530273,3.5399999618530273,3.5399999618530273,3.5399999618530273,3.5399999618530273,323.0
2024-03-01 11:27:00,IMNM,25.549999237060547,25.549999237060547,25.549999237060547,25.549999237060547,25.549999237060547,558.0
2024-03-01 11:27:00,INBX,36.91999816894531,36.91999816894531,36.91999816894531,36.900001525878906,36.900001525878906,545.0
2024-03-01 11:27:00,INCY,59.19499969482422,59.19499969482422,59.19499969482422,59.15999984741211,59.189998626708984,3056.0
2024-03-01 11:27:00,INDP,2.015199899673462,2.015199899673462,2.015199899673462,2.015199899673462,2.015199899673462,444.0
2024-03-01 11:27:00,INGN,6.880000114440918,6.880000114440918,6.880000114440918,6.880000114440918,6.880000114440918,203.0
2024-03-01 11:27:00,INMB,12.020000457763672,12.020000457763672,12.027600288391113,11.887999534606934,11.914999961853027,800.0
2024-03-01 11:27:00,INMD,22.684999465942383,22.684999465942383,22.75,22.684999465942383,22.75,6687.0
2024-03-01 11:27:00,INO,9.260299682617188,9.260299682617188,9.260299682617188,9.25,9.25,11859.0
2024-03-01 11:27:00,INSM,28.155000686645508,28.155000686645508,28.155000686645508,28.149999618530273,28.149999618530273,247.0
2024-03-01 11:27:00,INVA,15.720000267028809,15.720000267028809,15.725000381469727,15.71500015258789,15.71500015258789,2722.0
2024-03-01 11:27:00,IONS,45.85499954223633,45.85499954223633,45.869998931884766,45.78499984741211,45.78499984741211,5648.0
2024-03-01 11:27:00,IOVA,16.490299224853516,16.490299224853516,16.510000228881836,16.485000610351562,16.489999771118164,9622.0
2024-03-01 11:27:00,IRWD,8.969900131225586,8.969900131225586,8.994999885559082,8.96500015258789,8.994999885559082,21206.0
2024-03-01 11:27:00,ISRG,393.30999755859375,393.30999755859375,393.3399963378906,393.2149963378906,393.29998779296875,3395.0
2024-03-01 11:27:00,ITCI,71.05999755859375,71.05999755859375,71.12000274658203,71.05999755859375,71.12000274658203,511.0
2024-03-01 11:27:00,JAGX,0.0794999971985817,0.0794999971985817,0.08070000261068344,0.07900000363588333,0.08070000261068344,457040.0
2024-03-01 11:27:00,JANX,46.709999084472656,46.709999084472656,47.105201721191406,46.709999084472656,46.98500061035156,12057.0
2024-03-01 11:27:00,JAZZ,120.77999877929688,120.77999877929688,120.80149841308594,120.70999908447266,120.80149841308594,1912.0
2024-03-01 11:27:00,JSPR,20.850000381469727,20.850000381469727,20.850000381469727,20.850000381469727,20.850000381469727,289.0
2024-03-01 11:27:00,KALV,14.010000228881836,14.010000228881836,14.010000228881836,14.010000228881836,14.010000228881836,135.0
2024-03-01 11:27:00,KIDS,27.299999237060547,27.299999237060547,27.299999237060547,27.299999237060547,27.299999237060547,571.0
2024-03-01 11:27:00,KNTE,2.615000009536743,2.615000009536743,2.615000009536743,2.609999895095825,2.609999895095825,525.0
2024-03-01 11:27:00,KPTI,1.2350000143051147,1.2350000143051147,1.2350000143051147,1.2350000143051147,1.2350000143051147,910.0
2024-03-01 11:27:00,KRYS,167.69000244140625,167.69000244140625,167.69000244140625,167.69000244140625,167.69000244140625,149.0
2024-03-01 11:27:00,KTRA,0.09899900108575821,0.09899900108575821,0.0989999994635582,0.09899900108575821,0.0989999994635582,200.0
2024-03-01 11:27:00,KURA,21.3799991607666,21.3799991607666,21.3799991607666,21.3799991607666,21.3799991607666,1342.0
2024-03-01 11:27:00,KYMR,43.79499816894531,43.79499816894531,43.90999984741211,43.75,43.90999984741211,2045.0
2024-03-01 11:27:00,KZR,1.100000023841858,1.100000023841858,1.1050000190734863,1.100000023841858,1.100000023841858,5884.0
2024-03-01 11:27:00,LAB,2.444999933242798,2.444999933242798,2.444999933242798,2.444999933242798,2.444999933242798,140.0
2024-03-01 11:27:00,LEGN,66.06999969482422,66.06999969482422,66.06999969482422,66.06999969482422,66.06999969482422,106.0
2024-03-01 11:27:00,LEXX,2.6538000106811523,2.6538000106811523,2.6538000106811523,2.6538000106811523,2.6538000106811523,100.0
2024-03-01 11:27:00,LFMD,7.96999979019165,7.96999979019165,7.985000133514404,7.96999979019165,7.985000133514404,661.0
2024-03-01 11:27:00,LFST,7.994999885559082,7.994999885559082,7.994999885559082,7.994999885559082,7.994999885559082,129.0
2024-03-01 11:27:00,LGVN,0.5401999950408936,0.5401999950408936,0.5401999950408936,0.5401999950408936,0.5401999950408936,1000.0
2024-03-01 11:27:00,LIAN,4.860000133514404,4.860000133514404,4.860000133514404,4.860000133514404,4.860000133514404,200.0
2024-03-01 11:27:00,LMAT,67.43000030517578,67.43000030517578,67.43000030517578,67.43000030517578,67.43000030517578,207.0
2024-03-01 11:27:00,LNTH,65.20999908447266,65.20999908447266,65.20999908447266,65.20999908447266,65.20999908447266,352.0
2024-03-01 11:27:00,LRMR,11.100000381469727,11.100000381469727,11.100000381469727,11.100000381469727,11.100000381469727,200.0
2024-03-01 11:27:00,LUNG,9.220000267028809,9.220000267028809,9.220000267028809,9.220000267028809,9.220000267028809,315.0
2024-03-01 11:27:00,LVTX,3.0299999713897705,3.0299999713897705,3.0299999713897705,3.0299999713897705,3.0299999713897705,162.0
2024-03-01 11:27:00,LXRX,2.4102001190185547,2.4102001190185547,2.4149999618530273,2.4100000858306885,2.4149999618530273,2601.0
2024-03-01 11:27:00,LYEL,3.1500000953674316,3.1500000953674316,3.1575000286102295,3.1500000953674316,3.1549999713897705,464.0
2024-03-01 11:27:00,MACK,14.729999542236328,14.729999542236328,14.729999542236328,14.729999542236328,14.729999542236328,321.0
2024-03-01 11:27:00,MCRB,1.184999942779541,1.184999942779541,1.184999942779541,1.184999942779541,1.184999942779541,141.0
2024-03-01 11:27:00,MDGL,242.19000244140625,242.19000244140625,242.19000244140625,242.13999938964844,242.19000244140625,390.0
2024-03-01 11:27:00,MDRX,5.949999809265137,5.949999809265137,6.0,5.929999828338623,5.929999828338623,25434.0
2024-03-01 11:27:00,MDXG,8.619999885559082,8.619999885559082,8.625,8.619999885559082,8.625,479.0
2024-03-01 11:27:00,ME,0.5756000280380249,0.5756000280380249,0.5756000280380249,0.5756000280380249,0.5756000280380249,200.0
2024-03-01 11:27:00,MEDP,400.75,400.75,400.75,400.75,400.75,497.0
2024-03-01 11:27:00,MIRM,30.174999237060547,30.174999237060547,30.19499969482422,30.149999618530273,30.170000076293945,2162.0
2024-03-01 11:27:00,MLTX,51.47999954223633,51.47999954223633,51.599998474121094,51.47999954223633,51.599998474121094,555.0
2024-03-01 11:27:00,MNKD,4.650000095367432,4.650000095367432,4.650000095367432,4.64109992980957,4.644999980926514,6990.0
2024-03-01 11:27:00,MNMD,5.940000057220459,5.940000057220459,5.940000057220459,5.938499927520752,5.938499927520752,1565.0
2024-03-01 11:27:00,MNOV,1.3600000143051147,1.3600000143051147,1.3600000143051147,1.350000023841858,1.3598999977111816,4349.0
2024-03-01 11:27:00,MODV,27.940000534057617,27.940000534057617,28.03499984741211,27.940000534057617,28.03499984741211,248.0
2024-03-01 11:27:00,MOR,17.610000610351562,17.610000610351562,17.6200008392334,17.610000610351562,17.6200008392334,1037.0
2024-03-01 11:27:00,MREO,3.7950000762939453,3.7950000762939453,3.7950000762939453,3.79010009765625,3.79010009765625,5129.0
2024-03-01 11:27:00,MRNA,95.79000091552734,95.79000091552734,95.81999969482422,95.73500061035156,95.75,3542.0
2024-03-01 11:27:00,MRNS,9.850000381469727,9.850000381469727,9.850000381469727,9.850000381469727,9.850000381469727,217.0
2024-03-01 11:27:00,MRSN,5.96999979019165,5.96999979019165,5.96999979019165,5.960000038146973,5.96999979019165,1843.0
2024-03-01 11:27:00,MRUS,50.7599983215332,50.7599983215332,50.84000015258789,50.7599983215332,50.83000183105469,628.0
2024-03-01 11:27:00,MRVI,7.835000038146973,7.835000038146973,7.835000038146973,7.835000038146973,7.835000038146973,212.0
2024-03-01 11:27:00,MXCT,4.755000114440918,4.755000114440918,4.755000114440918,4.755000114440918,4.755000114440918,106.0
2024-03-01 11:27:00,NARI,46.39500045776367,46.39500045776367,46.400001525878906,46.39500045776367,46.400001525878906,751.0
2024-03-01 11:27:00,NAUT,2.684999942779541,2.684999942779541,2.7100000381469727,2.684999942779541,2.7100000381469727,449.0
2024-03-01 11:27:00,NBSE,0.8600999712944031,0.8600999712944031,0.8600999712944031,0.8600999712944031,0.8600999712944031,200.0
2024-03-01 11:27:00,NEO,16.020000457763672,16.020000457763672,16.059999465942383,16.020000457763672,16.049999237060547,1045.0
2024-03-01 11:27:00,NEOG,17.30500030517578,17.30500030517578,17.309999465942383,17.30500030517578,17.309999465942383,205.0
2024-03-01 11:27:00,NERV,2.490000009536743,2.490000009536743,2.5,2.490000009536743,2.5,10733.0
2024-03-01 11:27:00,NKTR,0.7601500153541565,0.7601500153541565,0.760200023651123,0.7601000070571899,0.7601000070571899,2428.0
2024-03-01 11:27:00,NKTX,12.699999809265137,12.699999809265137,12.699999809265137,12.699999809265137,12.699999809265137,310.0
2024-03-01 11:27:00,NNOX,11.01259994506836,11.01259994506836,11.050000190734863,11.01259994506836,11.050000190734863,8952.0
2024-03-01 11:27:00,NOTV,7.940000057220459,7.940000057220459,7.940000057220459,7.940000057220459,7.940000057220459,1368.0
2024-03-01 11:27:00,NRBO,5.599999904632568,5.599999904632568,5.610000133514404,5.599999904632568,5.610000133514404,674.0
2024-03-01 11:27:00,NRIX,13.229999542236328,13.229999542236328,13.229999542236328,13.229999542236328,13.229999542236328,106.0
2024-03-01 11:27:00,NRSN,2.010499954223633,2.010499954223633,2.0399999618530273,2.010499954223633,2.010499954223633,2000.0
2024-03-01 11:27:00,NRXP,0.43380001187324524,0.43380001187324524,0.43380001187324524,0.43380001187324524,0.43380001187324524,3680.0
2024-03-01 11:27:00,NTLA,33.760398864746094,33.760398864746094,33.880001068115234,33.760398864746094,33.880001068115234,5921.0
2024-03-01 11:27:00,NTRA,89.18000030517578,89.18000030517578,89.19999694824219,89.18000030517578,89.19999694824219,5061.0
2024-03-01 11:27:00,NUVL,87.56999969482422,87.56999969482422,87.56999969482422,87.56999969482422,87.56999969482422,329.0
2024-03-01 11:27:00,NVAX,5.164999961853027,5.164999961853027,5.170000076293945,5.159999847412109,5.161200046539307,4401.0
2024-03-01 11:27:00,NYXH,14.382699966430664,14.382699966430664,14.382699966430664,14.382699966430664,14.382699966430664,300.0
2024-03-01 11:27:00,OCGN,0.9200999736785889,0.9200999736785889,0.9264029860496521,0.9190999865531921,0.9192000031471252,1812.0
2024-03-01 11:27:00,OCUL,10.395000457763672,10.395000457763672,10.395000457763672,10.380000114440918,10.380000114440918,4486.0
2024-03-01 11:27:00,OGI,2.1201000213623047,2.1201000213623047,2.125,2.1201000213623047,2.125,317.0
2024-03-01 11:27:00,OLK,22.6299991607666,22.6299991607666,22.65999984741211,22.6200008392334,22.65999984741211,6421.0
2024-03-01 11:27:00,OM,3.1449999809265137,3.1449999809265137,3.1500000953674316,3.140000104904175,3.140000104904175,2085.0
2024-03-01 11:27:00,OMGA,4.224999904632568,4.224999904632568,4.224999904632568,4.21999979019165,4.21999979019165,353.0
2024-03-01 11:27:00,ONTX,0.8130000233650208,0.8130000233650208,0.8130000233650208,0.8130000233650208,0.8130000233650208,200.0
2024-03-01 11:28:00,ABCL,5.179999828338623,5.179999828338623,5.179999828338623,5.179999828338623,5.179999828338623,1935.0
2024-03-01 11:28:00,ABOS,4.695000171661377,4.695000171661377,4.695000171661377,4.695000171661377,4.695000171661377,634.0
2024-03-01 11:28:00,ABSI,5.139999866485596,5.139999866485596,5.179999828338623,5.139999866485596,5.179999828338623,1868.0
2024-03-01 11:28:00,ACAD,23.809999465942383,23.809999465942383,23.84000015258789,23.809999465942383,23.84000015258789,1652.0
2024-03-01 11:28:00,ACB,3.140000104904175,3.140000104904175,3.1449999809265137,3.140000104904175,3.1449999809265137,954.0
2024-03-01 11:28:00,ACET,2.4049999713897705,2.4049999713897705,2.4049999713897705,2.4049999713897705,2.4049999713897705,548.0
2024-03-01 11:28:00,ACHC,84.16000366210938,84.16000366210938,84.16000366210938,84.16000366210938,84.16000366210938,460.0
2024-03-01 11:28:00,ACHV,4.260000228881836,4.260000228881836,4.309999942779541,4.260000228881836,4.309999942779541,1634.0
2024-03-01 11:28:00,ACON,0.38749998807907104,0.38749998807907104,0.38749998807907104,0.38749998807907104,0.38749998807907104,400.0
2024-03-01 11:28:00,ACRS,1.215000033378601,1.215000033378601,1.215000033378601,1.2100000381469727,1.2103999853134155,2236.0
2024-03-01 11:28:00,ADIL,2.9860000610351562,2.9860000610351562,3.0390000343322754,2.9600000381469727,3.0299999713897705,86298.0
2024-03-01 11:28:00,ADMA,5.329999923706055,5.329999923706055,5.335000038146973,5.329999923706055,5.335000038146973,1160.0
2024-03-01 11:28:00,ADPT,4.195000171661377,4.195000171661377,4.210000038146973,4.195000171661377,4.210000038146973,1601.0
2024-03-01 11:28:00,ADVM,1.934999942779541,1.934999942779541,1.934999942779541,1.909999966621399,1.9299999475479126,24521.0
2024-03-01 11:28:00,AFMD,0.6220999956130981,0.6220999956130981,0.6220999956130981,0.6220999956130981,0.6220999956130981,400.0
2024-03-01 11:28:00,AGEN,0.6699749827384949,0.6699749827384949,0.6700000166893005,0.669950008392334,0.6700000166893005,2612.0
2024-03-01 11:28:00,AGIO,32.810001373291016,32.810001373291016,32.810001373291016,32.810001373291016,32.810001373291016,849.0
2024-03-01 11:28:00,AHCO,10.789999961853027,10.789999961853027,10.795000076293945,10.78499984741211,10.789999961853027,3028.0
2024-03-01 11:28:00,AKAN,0.24500000476837158,0.24500000476837158,0.24500000476837158,0.24199999868869781,0.24199999868869781,7761.0
2024-03-01 11:28:00,AKBA,1.649999976158142,1.649999976158142,1.659999966621399,1.649999976158142,1.659999966621399,13570.0
2024-03-01 11:28:00,AKLI,0.33997398614883423,0.33997398614883423,0.33997398614883423,0.33997398614883423,0.33997398614883423,229.0
2024-03-01 11:28:00,AKRO,29.200000762939453,29.200000762939453,29.219999313354492,29.190000534057617,29.190000534057617,2300.0
2024-03-01 11:28:00,ALDX,4.15500020980835,4.15500020980835,4.170000076293945,4.15500020980835,4.170000076293945,412.0
2024-03-01 11:28:00,ALGN,300.3900146484375,300.3900146484375,300.3900146484375,300.07000732421875,300.2200012207031,1047.0
2024-03-01 11:28:00,ALGS,1.0700000524520874,1.0700000524520874,1.0700000524520874,1.0700000524520874,1.0700000524520874,100.0
2024-03-01 11:28:00,ALHC,5.880000114440918,5.880000114440918,5.885000228881836,5.870100021362305,5.870100021362305,5791.0
2024-03-01 11:28:00,ALKS,30.15999984741211,30.15999984741211,30.184999465942383,30.15999984741211,30.184999465942383,1967.0
2024-03-01 11:28:00,ALLK,1.597499966621399,1.597499966621399,1.597499966621399,1.597499966621399,1.597499966621399,312.0
2024-03-01 11:28:00,ALLO,5.039999961853027,5.039999961853027,5.039999961853027,5.039999961853027,5.039999961853027,7117.0
2024-03-01 11:28:00,ALNY,154.38999938964844,154.38999938964844,154.38999938964844,154.1999969482422,154.3000030517578,1202.0
2024-03-01 11:28:00,ALPN,36.0099983215332,36.0099983215332,36.0099983215332,36.0,36.0,879.0
2024-03-01 11:28:00,ALT,12.160099983215332,12.160099983215332,12.210000038146973,12.15999984741211,12.210000038146973,28799.0
2024-03-01 11:28:00,ALXO,15.100000381469727,15.100000381469727,15.100000381469727,15.100000381469727,15.100000381469727,100.0
2024-03-01 11:28:00,AMED,93.69000244140625,93.69000244140625,93.69000244140625,93.69000244140625,93.69000244140625,104.0
2024-03-01 11:28:00,AMGN,280.80999755859375,280.80999755859375,280.95001220703125,280.75,280.8399963378906,11834.0
2024-03-01 11:28:00,AMLX,18.81999969482422,18.81999969482422,18.81999969482422,18.81999969482422,18.81999969482422,262.0
2024-03-01 11:28:00,AMPH,45.755001068115234,45.755001068115234,45.779998779296875,45.755001068115234,45.779998779296875,1314.0
2024-03-01 11:28:00,AMRN,1.0499999523162842,1.0499999523162842,1.0549999475479126,1.0499999523162842,1.0499999523162842,408.0
2024-03-01 11:28:00,ANGO,5.519999980926514,5.519999980926514,5.519999980926514,5.5,5.5,4129.0
2024-03-01 11:28:00,ANNX,5.980000019073486,5.980000019073486,6.0,5.980000019073486,6.0,1414.0
2024-03-01 11:28:00,ANTX,2.990000009536743,2.990000009536743,2.990000009536743,2.990000009536743,2.990000009536743,269.0
2024-03-01 11:28:00,APLS,64.7300033569336,64.7300033569336,64.8499984741211,64.6500015258789,64.8499984741211,9836.0
2024-03-01 11:28:00,APLT,7.119999885559082,7.119999885559082,7.119999885559082,7.119999885559082,7.119999885559082,3569.0
2024-03-01 11:28:00,APVO,0.16589200496673584,0.16589200496673584,0.16589200496673584,0.16589200496673584,0.16589200496673584,194.0
2024-03-01 11:28:00,AQST,4.21999979019165,4.21999979019165,4.21999979019165,4.215000152587891,4.215000152587891,1060.0
2024-03-01 11:28:00,ARAY,2.634999990463257,2.634999990463257,2.634999990463257,2.634999990463257,2.634999990463257,1505.0
2024-03-01 11:28:00,ARCT,39.3849983215332,39.3849983215332,39.3849983215332,39.3849983215332,39.3849983215332,1058.0
2024-03-01 11:28:00,ARDX,9.489999771118164,9.489999771118164,9.520000457763672,9.489999771118164,9.489999771118164,7520.0
2024-03-01 11:28:00,ARQT,11.210000038146973,11.210000038146973,11.210000038146973,11.199999809265137,11.199999809265137,6595.0
2024-03-01 11:28:00,ARVN,48.779998779296875,48.779998779296875,48.82500076293945,48.709999084472656,48.779998779296875,1967.0
2024-03-01 11:28:00,ARWR,35.599998474121094,35.599998474121094,35.75,35.599998474121094,35.75,2473.0
2024-03-01 11:28:00,ASND,149.86000061035156,149.86000061035156,150.0,149.75,150.0,1211.0
2024-03-01 11:28:00,ATAI,2.005000114440918,2.005000114440918,2.009999990463257,2.000200033187866,2.000200033187866,989.0
2024-03-01 11:28:00,ATEC,13.555000305175781,13.555000305175781,13.555000305175781,13.539999961853027,13.539999961853027,2725.0
2024-03-01 11:28:00,ATRA,0.8065000176429749,0.8065000176429749,0.8065000176429749,0.8065000176429749,0.8065000176429749,570.0
2024-03-01 11:28:00,ATRC,36.06999969482422,36.06999969482422,36.06999969482422,36.06999969482422,36.06999969482422,1302.0
2024-03-01 11:28:00,ATXS,15.25,15.25,15.266599655151367,15.25,15.266599655151367,813.0
2024-03-01 11:28:00,AUGX,4.559999942779541,4.559999942779541,4.559999942779541,4.559999942779541,4.559999942779541,597.0
2024-03-01 11:28:00,AUPH,5.820000171661377,5.820000171661377,5.829999923706055,5.820000171661377,5.829999923706055,4128.0
2024-03-01 11:28:00,AUTL,6.21999979019165,6.21999979019165,6.21999979019165,6.21999979019165,6.21999979019165,300.0
2024-03-01 11:28:00,AVDL,12.720000267028809,12.720000267028809,12.720000267028809,12.710000038146973,12.710000038146973,533.0
2024-03-01 11:28:00,AVIR,4.429999828338623,4.429999828338623,4.440000057220459,4.429999828338623,4.440000057220459,2324.0
2024-03-01 11:28:00,AVXL,5.380000114440918,5.380000114440918,5.385000228881836,5.380000114440918,5.385000228881836,353.0
2024-03-01 11:28:00,AXNX,67.29000091552734,67.29000091552734,67.29000091552734,67.29000091552734,67.29000091552734,4809.0
2024-03-01 11:28:00,AXSM,82.94999694824219,82.94999694824219,82.94999694824219,82.91999816894531,82.91999816894531,201.0
2024-03-01 11:28:00,AZN,64.51499938964844,64.51499938964844,64.52999877929688,64.51499938964844,64.5250015258789,1794.0
2024-03-01 11:28:00,BBIO,35.869998931884766,35.869998931884766,35.880001068115234,35.869998931884766,35.880001068115234,808.0
2024-03-01 11:28:00,BBLG,2.3350000381469727,2.3350000381469727,2.3350000381469727,2.3350000381469727,2.3350000381469727,106.0
2024-03-01 11:28:00,BCAB,2.7950000762939453,2.7950000762939453,2.805000066757202,2.7950000762939453,2.799999952316284,847.0
2024-03-01 11:28:00,BCDA,0.5601000189781189,0.5601000189781189,0.5680000185966492,0.5601000189781189,0.5680000185966492,3125.0
2024-03-01 11:28:00,BCRX,5.804999828338623,5.804999828338623,5.809999942779541,5.804999828338623,5.809999942779541,4798.0
2024-03-01 11:28:00,BDTX,5.045000076293945,5.045000076293945,5.050000190734863,5.039999961853027,5.045000076293945,2915.0
2024-03-01 11:28:00,BEAM,40.17499923706055,40.17499923706055,40.25,40.16999816894531,40.220001220703125,3012.0
2024-03-01 11:28:00,BGNE,166.72500610351562,166.72500610351562,166.72500610351562,166.72500610351562,166.72500610351562,290.0
2024-03-01 11:28:00,BIIB,219.0399932861328,219.0399932861328,219.32000732421875,219.0,219.3000030517578,5724.0
2024-03-01 11:28:00,BIVI,2.3208000659942627,2.3208000659942627,2.3399999141693115,2.285399913787842,2.2899999618530273,99500.0
2024-03-01 11:28:00,BLFS,18.010000228881836,18.010000228881836,18.010000228881836,18.010000228881836,18.010000228881836,354.0
2024-03-01 11:28:00,BLUE,1.590000033378601,1.590000033378601,1.590000033378601,1.590000033378601,1.590000033378601,11368.0
2024-03-01 11:28:00,BMEA,17.899999618530273,17.899999618530273,17.940000534057617,17.899999618530273,17.940000534057617,783.0
2024-03-01 11:28:00,BMRN,86.56999969482422,86.56999969482422,86.61000061035156,86.56999969482422,86.61000061035156,1788.0
2024-03-01 11:28:00,BNR,0.8654999732971191,0.8654999732971191,0.8654999732971191,0.8654999732971191,0.8654999732971191,100.0
2024-03-01 11:28:00,BNTX,91.94999694824219,91.94999694824219,91.94999694824219,91.94999694824219,91.94999694824219,198.0
2024-03-01 11:28:00,BPMC,95.9000015258789,95.9000015258789,95.9800033569336,95.8550033569336,95.93000030517578,986.0
2024-03-01 11:28:00,BRKR,87.56999969482422,87.56999969482422,87.56999969482422,87.4800033569336,87.55000305175781,2462.0
2024-03-01 11:28:00,BRTX,1.4850000143051147,1.4850000143051147,1.4850000143051147,1.4850000143051147,1.4850000143051147,538.0
2024-03-01 11:28:00,BTTX,0.16899999976158142,0.16899999976158142,0.16899999976158142,0.16899999976158142,0.16899999976158142,1000.0
2024-03-01 11:28:00,BYSI,1.5499999523162842,1.5499999523162842,1.5499999523162842,1.4950000047683716,1.5,8847.0
2024-03-01 11:28:00,CAPR,4.559999942779541,4.559999942779541,4.559999942779541,4.559999942779541,4.559999942779541,260.0
2024-03-01 11:28:00,CARA,0.900600016117096,0.900600016117096,0.9100000262260437,0.900600016117096,0.9100000262260437,4695.0
2024-03-01 11:28:00,CBAY,32.2400016784668,32.2400016784668,32.2400016784668,32.2400016784668,32.2400016784668,1731.0
2024-03-01 11:28:00,CCCC,10.960000038146973,10.960000038146973,10.979999542236328,10.954999923706055,10.979999542236328,531.0
2024-03-01 11:28:00,CDMO,8.149999618530273,8.149999618530273,8.149999618530273,8.149999618530273,8.149999618530273,309.0
2024-03-01 11:28:00,CDNA,12.444999694824219,12.444999694824219,12.454999923706055,12.4399995803833,12.449999809265137,3130.0
2024-03-01 11:28:00,CDTX,0.7200000286102295,0.7200000286102295,0.7200000286102295,0.7200000286102295,0.7200000286102295,2878.0
2024-03-01 11:28:00,CDXS,4.414999961853027,4.414999961853027,4.425000190734863,4.414999961853027,4.420000076293945,3290.0
2024-03-01 11:28:00,CELC,15.9399995803833,15.9399995803833,15.9399995803833,15.829999923706055,15.829999923706055,206.0
2024-03-01 11:28:00,CELU,3.559999942779541,3.559999942779541,3.559999942779541,3.559999942779541,3.559999942779541,142.0
2024-03-01 11:28:00,CERE,41.17499923706055,41.17499923706055,41.17499923706055,41.15999984741211,41.16999816894531,1882.0
2024-03-01 11:28:00,CERS,2.2200000286102295,2.2200000286102295,2.2249999046325684,2.2200000286102295,2.2200000286102295,602.0
2024-03-01 11:28:00,CERT,17.600000381469727,17.600000381469727,17.600000381469727,17.600000381469727,17.600000381469727,248.0
2024-03-01 11:28:00,CGC,3.2750000953674316,3.2750000953674316,3.2750000953674316,3.2750000953674316,3.2750000953674316,723.0
2024-03-01 11:28:00,CHRS,2.3299999237060547,2.3299999237060547,2.3399999141693115,2.3299999237060547,2.3350000381469727,6270.0
2024-03-01 11:28:00,CLDX,51.7599983215332,51.7599983215332,52.0099983215332,51.75,52.0099983215332,3456.0
2024-03-01 11:28:00,CLNN,0.39500001072883606,0.39500001072883606,0.39500001072883606,0.39500001072883606,0.39500001072883606,12296.0
2024-03-01 11:28:00,CLOV,0.8760489821434021,0.8760489821434021,0.8769000172615051,0.8759999871253967,0.8769000172615051,2541.0
2024-03-01 11:28:00,CMPS,11.210000038146973,11.210000038146973,11.210000038146973,11.1850004196167,11.1899995803833,869.0
2024-03-01 11:28:00,CMRX,1.1449999809265137,1.1449999809265137,1.1449999809265137,1.1449999809265137,1.1449999809265137,319.0
2024-03-01 11:28:00,CNTA,10.729999542236328,10.729999542236328,10.729999542236328,10.710000038146973,10.710000038146973,2672.0
2024-03-01 11:28:00,COGT,7.159999847412109,7.159999847412109,7.159999847412109,7.159999847412109,7.159999847412109,906.0
2024-03-01 11:28:00,COLL,36.85499954223633,36.85499954223633,36.85499954223633,36.810001373291016,36.810001373291016,596.0
2024-03-01 11:28:00,CORT,23.899999618530273,23.899999618530273,23.899999618530273,23.899999618530273,23.899999618530273,1188.0
2024-03-01 11:28:00,CPRX,17.100000381469727,17.100000381469727,17.100000381469727,17.09000015258789,17.09000015258789,7052.0
2024-03-01 11:28:00,CPSI,9.510000228881836,9.510000228881836,9.510000228881836,9.479999542236328,9.479999542236328,687.0
2024-03-01 11:28:00,CRBU,8.079999923706055,8.079999923706055,8.085000038146973,8.074999809265137,8.074999809265137,3305.0
2024-03-01 11:28:00,CRDF,2.450000047683716,2.450000047683716,2.4700000286102295,2.450000047683716,2.4649999141693115,13870.0
2024-03-01 11:28:00,CRMD,3.7200000286102295,3.7200000286102295,3.7300000190734863,3.7200000286102295,3.7300000190734863,4817.0
2024-03-01 11:28:00,CRNX,46.04999923706055,46.04999923706055,46.04999923706055,45.95000076293945,46.005001068115234,1774.0
2024-03-01 11:28:00,CRON,2.0513999462127686,2.0513999462127686,2.0513999462127686,2.0513999462127686,2.0513999462127686,1900.0
2024-03-01 11:28:00,CRSP,85.73999786376953,85.73999786376953,85.8102035522461,85.73999786376953,85.80000305175781,1276.0
2024-03-01 11:28:00,CSTL,20.235000610351562,20.235000610351562,20.239999771118164,20.229999542236328,20.229999542236328,1110.0
2024-03-01 11:28:00,CTKB,8.510000228881836,8.510000228881836,8.510000228881836,8.489999771118164,8.489999771118164,3511.0
2024-03-01 11:28:00,CTMX,2.5488998889923096,2.5488998889923096,2.5488998889923096,2.5399999618530273,2.5399999618530273,2012.0
2024-03-01 11:28:00,CUE,2.1700000762939453,2.1700000762939453,2.1700000762939453,2.1700000762939453,2.1700000762939453,100.0
2024-03-01 11:28:00,CUTR,2.4191999435424805,2.4191999435424805,2.4191999435424805,2.4191999435424805,2.4191999435424805,4500.0
2024-03-01 11:28:00,CVRX,19.940000534057617,19.940000534057617,19.940000534057617,19.920000076293945,19.920000076293945,614.0
2024-03-01 11:28:00,CYCC,2.549999952316284,2.549999952316284,2.549999952316284,2.549999952316284,2.549999952316284,1356.0
2024-03-01 11:28:00,CYTO,2.110100030899048,2.110100030899048,2.110100030899048,2.110100030899048,2.110100030899048,319.0
2024-03-01 11:28:00,DARE,0.5537499785423279,0.5537499785423279,0.5537999868392944,0.5537499785423279,0.5537999868392944,490.0
2024-03-01 11:28:00,DAWN,17.5,17.5,17.5,17.5,17.5,307.0
2024-03-01 11:28:00,DCGO,4.150000095367432,4.150000095367432,4.150000095367432,4.150000095367432,4.150000095367432,834.0
2024-03-01 11:28:00,DH,9.085000038146973,9.085000038146973,9.085000038146973,9.079999923706055,9.079999923706055,1220.0
2024-03-01 11:28:00,DMTK,0.8399999737739563,0.8399999737739563,0.8497999906539917,0.8399999737739563,0.8497999906539917,1293.0
2024-03-01 11:28:00,DNLI,20.915000915527344,20.915000915527344,20.940000534057617,20.915000915527344,20.920900344848633,1059.0
2024-03-01 11:28:00,DSGN,2.890000104904175,2.890000104904175,2.890000104904175,2.890000104904175,2.890000104904175,100.0
2024-03-01 11:28:00,DTIL,12.510000228881836,12.510000228881836,12.520000457763672,12.5,12.500100135803223,7000.0
2024-03-01 11:28:00,DVAX,12.850000381469727,12.850000381469727,12.850000381469727,12.850000381469727,12.850000381469727,2171.0
2024-03-01 11:28:00,DXCM,118.75,118.75,118.94000244140625,118.73999786376953,118.94000244140625,14544.0
2024-03-01 11:28:00,DYN,29.0,29.0,29.0,28.700000762939453,28.700000762939453,12458.0
2024-03-01 11:28:00,EDIT,10.975000381469727,10.975000381469727,11.0,10.975000381469727,10.989999771118164,7127.0
2024-03-01 11:28:00,EGRX,6.614999771118164,6.614999771118164,6.614999771118164,6.614999771118164,6.614999771118164,1200.0
2024-03-01 11:28:00,ELEV,4.940000057220459,4.940000057220459,4.940000057220459,4.940000057220459,4.940000057220459,359.0
2024-03-01 11:28:00,EMBC,14.420000076293945,14.420000076293945,14.420000076293945,14.420000076293945,14.420000076293945,200.0
2024-03-01 11:28:00,ENSG,123.41000366210938,123.41000366210938,123.43000030517578,123.4000015258789,123.4000015258789,1899.0
2024-03-01 11:28:00,ENVB,1.5799000263214111,1.5799000263214111,1.5799000263214111,1.5700000524520874,1.5705000162124634,2730.0
2024-03-01 11:28:00,EPIX,9.640000343322754,9.640000343322754,9.640000343322754,9.560999870300293,9.560999870300293,712.0
2024-03-01 11:28:00,ERAS,2.5299999713897705,2.5299999713897705,2.539900064468384,2.5299999713897705,2.5350000858306885,6413.0
2024-03-01 11:28:00,ESPR,2.515000104904175,2.515000104904175,2.515000104904175,2.509999990463257,2.515000104904175,20534.0
2024-03-01 11:28:00,ESTA,45.834999084472656,45.834999084472656,45.834999084472656,45.834999084472656,45.834999084472656,444.0
2024-03-01 11:28:00,ETNB,12.829999923706055,12.829999923706055,12.859999656677246,12.829999923706055,12.859999656677246,1446.0
2024-03-01 11:28:00,EVAX,3.567199945449829,3.567199945449829,3.567199945449829,3.567199945449829,3.567199945449829,2021.0
2024-03-01 11:28:00,EWTX,16.905000686645508,16.905000686645508,16.920000076293945,16.905000686645508,16.90999984741211,619.0
2024-03-01 11:28:00,EXAI,6.809999942779541,6.809999942779541,6.809999942779541,6.809999942779541,6.809999942779541,126.0
2024-03-01 11:28:00,EXAS,60.08000183105469,60.08000183105469,60.125,60.06999969482422,60.125,1807.0
2024-03-01 11:28:00,EXEL,22.44499969482422,22.44499969482422,22.450000762939453,22.44499969482422,22.44499969482422,2577.0
2024-03-01 11:28:00,EYEN,2.2780001163482666,2.2780001163482666,2.2799999713897705,2.2780001163482666,2.2799999713897705,12005.0
2024-03-01 11:28:00,EYPT,27.979999542236328,27.979999542236328,27.979999542236328,27.93000030517578,27.93000030517578,729.0
2024-03-01 11:28:00,FATE,7.429999828338623,7.429999828338623,7.440000057220459,7.429999828338623,7.440000057220459,1686.0
2024-03-01 11:28:00,FDMT,29.229999542236328,29.229999542236328,29.229999542236328,29.229999542236328,29.229999542236328,1762.0
2024-03-01 11:28:00,FGEN,1.7999999523162842,1.7999999523162842,1.7999999523162842,1.7949999570846558,1.7949999570846558,1006.0
2024-03-01 11:28:00,FLGT,23.424999237060547,23.424999237060547,23.424999237060547,23.424999237060547,23.424999237060547,156.0
2024-03-01 11:28:00,FOLD,13.319999694824219,13.319999694824219,13.359999656677246,13.319999694824219,13.359999656677246,1944.0
2024-03-01 11:28:00,FUSN,12.119999885559082,12.119999885559082,12.119999885559082,12.114999771118164,12.119999885559082,560.0
2024-03-01 11:28:00,GALT,2.009999990463257,2.009999990463257,2.009999990463257,2.009999990463257,2.009999990463257,1126.0
2024-03-01 11:28:00,GANX,4.699999809265137,4.699999809265137,4.699999809265137,4.699999809265137,4.699999809265137,202.0
2024-03-01 11:28:00,GBIO,2.619999885559082,2.619999885559082,2.630000114440918,2.5999999046325684,2.630000114440918,19335.0
2024-03-01 11:28:00,GDRX,8.28499984741211,8.28499984741211,8.288999557495117,8.280099868774414,8.280099868774414,2302.0
2024-03-01 11:28:00,GERN,2.1600000858306885,2.1600000858306885,2.1760001182556152,2.1600000858306885,2.1760001182556152,103740.0
2024-03-01 11:28:00,GH,19.309999465942383,19.309999465942383,19.34000015258789,19.309999465942383,19.34000015258789,1919.0
2024-03-01 11:28:00,GHSI,8.380000114440918,8.380000114440918,8.380000114440918,8.300000190734863,8.300000190734863,1229.0
2024-03-01 11:28:00,GILD,72.4000015258789,72.4000015258789,72.41500091552734,72.38999938964844,72.40119934082031,15195.0
2024-03-01 11:28:00,GLTO,0.722100019454956,0.722100019454956,0.722100019454956,0.722100019454956,0.722100019454956,93587.0
2024-03-01 11:28:00,GMAB,29.309999465942383,29.309999465942383,29.31999969482422,29.309999465942383,29.315000534057617,2866.0
2024-03-01 11:28:00,GOSS,1.350000023841858,1.350000023841858,1.350000023841858,1.350000023841858,1.350000023841858,1254.0
2024-03-01 11:28:00,GRFS,7.090000152587891,7.090000152587891,7.099999904632568,7.070000171661377,7.085000038146973,19262.0
2024-03-01 11:28:00,GRPH,3.5,3.5,3.5,3.5,3.5,1515.0
2024-03-01 11:28:00,GRTS,2.240000009536743,2.240000009536743,2.255000114440918,2.240000009536743,2.244999885559082,23784.0
2024-03-01 11:28:00,GRTX,0.23649999499320984,0.23649999499320984,0.23649999499320984,0.23649999499320984,0.23649999499320984,5024.0
2024-03-01 11:28:00,GTHX,3.5399999618530273,3.5399999618530273,3.5399999618530273,3.5299999713897705,3.539900064468384,6392.0
2024-03-01 11:28:00,HALO,41.23500061035156,41.23500061035156,41.2599983215332,41.23500061035156,41.2599983215332,702.0
2024-03-01 11:28:00,HARP,22.940000534057617,22.940000534057617,22.940000534057617,22.940000534057617,22.940000534057617,551.0
2024-03-01 11:28:00,HCAT,7.920000076293945,7.920000076293945,7.920000076293945,7.920000076293945,7.920000076293945,935.0
2024-03-01 11:28:00,HCSG,12.65999984741211,12.65999984741211,12.65999984741211,12.65999984741211,12.65999984741211,386.0
2024-03-01 11:28:00,HCTI,2.674999952316284,2.674999952316284,2.680000066757202,2.5899999141693115,2.659899950027466,10518.0
2024-03-01 11:28:00,HITI,1.7699999809265137,1.7699999809265137,1.7699999809265137,1.7699999809265137,1.7699999809265137,300.0
2024-03-01 11:28:00,HOLX,73.73999786376953,73.73999786376953,73.77999877929688,73.7300033569336,73.7699966430664,3754.0
2024-03-01 11:28:00,HRTX,2.631700038909912,2.631700038909912,2.6394999027252197,2.631700038909912,2.631700038909912,468.0
2024-03-01 11:28:00,HSIC,76.91000366210938,76.91000366210938,76.93499755859375,76.83000183105469,76.8499984741211,2347.0
2024-03-01 11:28:00,HSTM,27.55500030517578,27.55500030517578,27.55500030517578,27.55500030517578,27.55500030517578,119.0
2024-03-01 11:28:00,HUGE,0.8799999952316284,0.8799999952316284,0.8799999952316284,0.8799999952316284,0.8799999952316284,1752.0
2024-03-01 11:28:00,HUMA,3.265000104904175,3.265000104904175,3.265000104904175,3.261199951171875,3.261199951171875,5654.0
2024-03-01 11:28:00,IART,36.59000015258789,36.59000015258789,36.66999816894531,36.59000015258789,36.66999816894531,1842.0
2024-03-01 11:28:00,IBRX,4.90500020980835,4.90500020980835,4.90500020980835,4.90500020980835,4.90500020980835,2996.0
2024-03-01 11:28:00,ICAD,1.899999976158142,1.899999976158142,1.899999976158142,1.899999976158142,1.899999976158142,1287.0
2024-03-01 11:28:00,ICCM,1.3003000020980835,1.3003000020980835,1.3003000020980835,1.3003000020980835,1.3003000020980835,493.0
2024-03-01 11:28:00,ICLR,322.6000061035156,322.6000061035156,322.7699890136719,322.6000061035156,322.7699890136719,1776.0
2024-03-01 11:28:00,ICUI,106.30000305175781,106.30000305175781,106.33999633789062,106.30000305175781,106.33999633789062,1953.0
2024-03-01 11:28:00,IDXX,578.760009765625,578.760009765625,578.760009765625,578.75,578.75,670.0
2024-03-01 11:28:00,IDYA,46.040000915527344,46.040000915527344,46.05500030517578,45.994998931884766,46.05500030517578,1023.0
2024-03-01 11:28:00,IFRX,1.8350000381469727,1.8350000381469727,1.8350000381469727,1.8350000381469727,1.8350000381469727,246.0
2024-03-01 11:28:00,IGMS,13.34000015258789,13.34000015258789,13.34000015258789,13.34000015258789,13.34000015258789,153.0
2024-03-01 11:28:00,IINN,1.625,1.625,1.625,1.625,1.625,180.0
2024-03-01 11:28:00,ILMN,141.8699951171875,141.8699951171875,141.8699951171875,141.80499267578125,141.80499267578125,1566.0
2024-03-01 11:28:00,IMCC,0.3199999928474426,0.3199999928474426,0.3199999928474426,0.3199999928474426,0.3199999928474426,352.0
2024-03-01 11:28:00,IMMX,3.549999952316284,3.549999952316284,3.549999952316284,3.549999952316284,3.549999952316284,100.0
2024-03-01 11:28:00,IMNM,25.559999465942383,25.559999465942383,25.559999465942383,25.520000457763672,25.520000457763672,567.0
2024-03-01 11:28:00,IMNN,1.1100000143051147,1.1100000143051147,1.1100000143051147,1.1100000143051147,1.1100000143051147,1388.0
2024-03-01 11:28:00,IMTX,13.100000381469727,13.100000381469727,13.100000381469727,13.09939956665039,13.09939956665039,658.0
2024-03-01 11:28:00,IMUX,1.4700000286102295,1.4700000286102295,1.4700000286102295,1.4700000286102295,1.4700000286102295,104.0
2024-03-01 11:28:00,IMVT,36.17499923706055,36.17499923706055,36.189998626708984,36.17499923706055,36.189998626708984,1156.0
2024-03-01 11:28:00,INBX,36.84000015258789,36.84000015258789,36.84000015258789,36.84000015258789,36.84000015258789,1220.0
2024-03-01 11:28:00,INCY,59.13999938964844,59.13999938964844,59.20000076293945,59.13999938964844,59.189998626708984,2755.0
2024-03-01 11:28:00,INGN,6.880000114440918,6.880000114440918,6.880000114440918,6.880000114440918,6.880000114440918,308.0
2024-03-01 11:28:00,INMB,12.029999732971191,12.029999732971191,12.029999732971191,11.914999961853027,11.914999961853027,404.0
2024-03-01 11:28:00,INMD,22.704999923706055,22.704999923706055,22.709999084472656,22.690000534057617,22.700000762939453,2835.0
2024-03-01 11:28:00,INO,9.25,9.25,9.25,9.25,9.25,1149.0
2024-03-01 11:28:00,INSM,28.145000457763672,28.145000457763672,28.155000686645508,28.145000457763672,28.155000686645508,695.0
2024-03-01 11:28:00,INVA,15.710000038146973,15.710000038146973,15.710000038146973,15.710000038146973,15.710000038146973,328.0
2024-03-01 11:28:00,INZY,6.480000019073486,6.480000019073486,6.485000133514404,6.480000019073486,6.485000133514404,232.0
2024-03-01 11:28:00,IONS,45.79999923706055,45.79999923706055,45.84000015258789,45.79999923706055,45.84000015258789,1499.0
2024-03-01 11:28:00,IOVA,16.489999771118164,16.489999771118164,16.489999771118164,16.489999771118164,16.489999771118164,7250.0
2024-03-01 11:28:00,IRWD,8.96500015258789,8.96500015258789,8.96500015258789,8.954999923706055,8.96500015258789,19925.0
2024-03-01 11:28:00,ISRG,393.1300048828125,393.1300048828125,393.1600036621094,393.1300048828125,393.1600036621094,3184.0
2024-03-01 11:28:00,ITCI,71.05999755859375,71.05999755859375,71.08000183105469,71.01000213623047,71.05999755859375,3970.0
2024-03-01 11:28:00,ITRM,1.2400000095367432,1.2400000095367432,1.2400000095367432,1.2400000095367432,1.2400000095367432,100.0
2024-03-01 11:28:00,JAGX,0.07919999957084656,0.07919999957084656,0.07970000058412552,0.07909999787807465,0.0794999971985817,365032.0
2024-03-01 11:28:00,JANX,46.56999969482422,46.56999969482422,46.779998779296875,46.5,46.779998779296875,1924.0
2024-03-01 11:28:00,JAZZ,120.78500366210938,120.78500366210938,120.86000061035156,120.77999877929688,120.86000061035156,2469.0
2024-03-01 11:28:00,KNSA,21.93000030517578,21.93000030517578,21.93000030517578,21.93000030517578,21.93000030517578,306.0
2024-03-01 11:28:00,KNTE,2.615000009536743,2.615000009536743,2.615000009536743,2.615000009536743,2.615000009536743,100.0
2024-03-01 11:28:00,KOD,6.159999847412109,6.159999847412109,6.159999847412109,6.159999847412109,6.159999847412109,102.0
2024-03-01 11:28:00,KPTI,1.2350000143051147,1.2350000143051147,1.2350000143051147,1.2350000143051147,1.2350000143051147,2801.0
2024-03-01 11:28:00,KRON,1.034999966621399,1.034999966621399,1.034999966621399,1.034999966621399,1.034999966621399,500.0
2024-03-01 11:28:00,KROS,68.94000244140625,68.94000244140625,68.94000244140625,68.94000244140625,68.94000244140625,368.0
2024-03-01 11:28:00,KRYS,167.7899932861328,167.7899932861328,167.7899932861328,167.1999969482422,167.67999267578125,2357.0
2024-03-01 11:28:00,KTRA,0.09860000014305115,0.09860000014305115,0.09889999777078629,0.09860000014305115,0.09889999777078629,375.0
2024-03-01 11:28:00,KURA,21.360000610351562,21.360000610351562,21.360000610351562,21.360000610351562,21.360000610351562,757.0
2024-03-01 11:28:00,KYMR,43.7400016784668,43.7400016784668,43.79499816894531,43.7400016784668,43.79499816894531,1203.0
2024-03-01 11:28:00,LBPH,21.7450008392334,21.7450008392334,21.7450008392334,21.7450008392334,21.7450008392334,371.0
2024-03-01 11:28:00,LEGN,66.08000183105469,66.08000183105469,66.08000183105469,66.08000183105469,66.08000183105469,111.0
2024-03-01 11:28:00,LEXX,2.6600000858306885,2.6600000858306885,2.6600000858306885,2.6600000858306885,2.6600000858306885,108.0
2024-03-01 11:28:00,LFST,7.994999885559082,7.994999885559082,7.994999885559082,7.989999771118164,7.989999771118164,1463.0
2024-03-01 11:28:00,LGVN,0.5400999784469604,0.5400999784469604,0.5401999950408936,0.5400999784469604,0.5401999950408936,1345.0
2024-03-01 11:28:00,LIFE,1.9394999742507935,1.9394999742507935,1.9394999742507935,1.9394999742507935,1.9394999742507935,190.0
2024-03-01 11:28:00,LIVN,55.16999816894531,55.16999816894531,55.16999816894531,55.16999816894531,55.16999816894531,531.0
2024-03-01 11:28:00,LMAT,67.43000030517578,67.43000030517578,67.43000030517578,67.39399719238281,67.39399719238281,310.0
2024-03-01 11:28:00,LNTH,65.25749969482422,65.25749969482422,65.29000091552734,65.25749969482422,65.29000091552734,1499.0
2024-03-01 11:28:00,LQDA,14.329999923706055,14.329999923706055,14.359999656677246,14.329999923706055,14.359999656677246,2340.0
2024-03-01 11:28:00,LRMR,11.149999618530273,11.149999618530273,11.149999618530273,11.09000015258789,11.09000015258789,3379.0
2024-03-01 11:28:00,LTRN,4.659999847412109,4.659999847412109,4.659999847412109,4.659999847412109,4.659999847412109,100.0
2024-03-01 11:28:00,LUCD,1.2300000190734863,1.2300000190734863,1.2300000190734863,1.2300000190734863,1.2300000190734863,291.0
2024-03-01 11:28:00,LUNG,9.210000038146973,9.210000038146973,9.210000038146973,9.210000038146973,9.210000038146973,399.0
2024-03-01 11:28:00,LVTX,3.0,3.0,3.0,3.0,3.0,3170.0
2024-03-01 11:28:00,LXRX,2.402100086212158,2.402100086212158,2.4175000190734863,2.400899887084961,2.4175000190734863,10444.0
2024-03-01 11:28:00,LYEL,3.1500000953674316,3.1500000953674316,3.1500000953674316,3.1500000953674316,3.1500000953674316,1906.0
2024-03-01 11:28:00,LYRA,5.599999904632568,5.599999904632568,5.610000133514404,5.599999904632568,5.610000133514404,1215.0
2024-03-01 11:28:00,MASI,126.93000030517578,126.93000030517578,127.0199966430664,126.93000030517578,127.0199966430664,458.0
2024-03-01 11:28:00,MCRB,1.184999942779541,1.184999942779541,1.1886999607086182,1.1799999475479126,1.1799999475479126,1841.0
2024-03-01 11:28:00,MDGL,241.6300048828125,241.6300048828125,242.68719482421875,241.6300048828125,242.68719482421875,1411.0
2024-03-01 11:28:00,MDRX,5.949999809265137,5.949999809265137,6.0,5.949999809265137,6.0,27012.0
2024-03-01 11:28:00,MDXG,8.600000381469727,8.600000381469727,8.619999885559082,8.600000381469727,8.619999885559082,5925.0
2024-03-01 11:28:00,ME,0.5734000205993652,0.5734000205993652,0.5734000205993652,0.5734000205993652,0.5734000205993652,48502.0
2024-03-01 11:28:00,MEDP,400.2900085449219,400.2900085449219,400.2900085449219,400.2900085449219,400.2900085449219,201.0
2024-03-01 11:28:00,MGNX,19.200000762939453,19.200000762939453,19.200000762939453,19.200000762939453,19.200000762939453,3836.0
2024-03-01 11:28:00,MIRM,30.172500610351562,30.172500610351562,30.172500610351562,30.172500610351562,30.172500610351562,114.0
2024-03-01 11:28:00,MLTX,51.540000915527344,51.540000915527344,51.540000915527344,51.540000915527344,51.540000915527344,213.0
2024-03-01 11:28:00,MNKD,4.614999771118164,4.614999771118164,4.650000095367432,4.610000133514404,4.642000198364258,60814.0
2024-03-01 11:28:00,MNMD,5.940000057220459,5.940000057220459,5.940000057220459,5.939700126647949,5.939700126647949,354.0
2024-03-01 11:28:00,MNOV,1.3600000143051147,1.3600000143051147,1.3600000143051147,1.3598999977111816,1.3600000143051147,2473.0
2024-03-01 11:28:00,MNPR,0.8001009821891785,0.8001009821891785,0.8001009821891785,0.800000011920929,0.800000011920929,2367.0
2024-03-01 11:28:00,MOR,17.594999313354492,17.594999313354492,17.594999313354492,17.594999313354492,17.594999313354492,517.0
2024-03-01 11:28:00,MORF,38.540000915527344,38.540000915527344,38.540000915527344,38.540000915527344,38.540000915527344,326.0
2024-03-01 11:28:00,MOTS,0.6800000071525574,0.6800000071525574,0.6801000237464905,0.6800000071525574,0.6801000237464905,3110.0
2024-03-01 11:28:00,MREO,3.805000066757202,3.805000066757202,3.809999942779541,3.799999952316284,3.799999952316284,2180.0
2024-03-01 11:28:00,MRNA,95.69999694824219,95.69999694824219,95.69999694824219,95.69999694824219,95.69999694824219,3392.0
2024-03-01 11:28:00,MRSN,5.985000133514404,5.985000133514404,5.989999771118164,5.96999979019165,5.96999979019165,4417.0
2024-03-01 11:28:00,MRUS,50.90999984741211,50.90999984741211,50.90999984741211,50.84000015258789,50.84000015258789,787.0
2024-03-01 11:28:00,MRVI,7.824999809265137,7.824999809265137,7.835000038146973,7.824999809265137,7.835000038146973,1192.0
2024-03-01 11:28:00,MXCT,4.755000114440918,4.755000114440918,4.755000114440918,4.755000114440918,4.755000114440918,100.0
2024-03-01 11:28:00,MYGN,21.514999389648438,21.514999389648438,21.530000686645508,21.514999389648438,21.530000686645508,742.0
2024-03-01 11:28:00,NAOV,1.0098999738693237,1.0098999738693237,1.0098999738693237,0.9900000095367432,0.9900000095367432,10757.0
2024-03-01 11:28:00,NARI,46.25,46.25,46.39500045776367,46.25,46.39500045776367,6012.0
2024-03-01 11:28:00,NBIX,129.9250030517578,129.9250030517578,129.9250030517578,129.9250030517578,129.9250030517578,799.0
2024-03-01 11:28:00,NBSE,0.8939999938011169,0.8939999938011169,0.8939999938011169,0.8939999938011169,0.8939999938011169,100.0
2024-03-01 11:28:00,NEO,16.0,16.0,16.0,16.0,16.0,1222.0
2024-03-01 11:28:00,NEOG,17.295000076293945,17.295000076293945,17.30500030517578,17.295000076293945,17.299999237060547,1976.0
2024-03-01 11:28:00,NGM,1.5299999713897705,1.5299999713897705,1.5299999713897705,1.5299999713897705,1.5299999713897705,100.0
2024-03-01 11:28:00,NKTR,0.7601100206375122,0.7601100206375122,0.760200023651123,0.7601100206375122,0.760200023651123,2000.0
2024-03-01 11:28:00,NKTX,12.680000305175781,12.680000305175781,12.680000305175781,12.680000305175781,12.680000305175781,518.0
2024-03-01 11:28:00,NNOX,10.979999542236328,10.979999542236328,11.010000228881836,10.970000267028809,11.010000228881836,11305.0
2024-03-01 11:28:00,NOTV,7.949999809265137,7.949999809265137,7.949999809265137,7.949999809265137,7.949999809265137,1624.0
2024-03-01 11:28:00,NRBO,5.659999847412109,5.659999847412109,5.659999847412109,5.659999847412109,5.659999847412109,258.0
2024-03-01 11:28:00,NRIX,13.199999809265137,13.199999809265137,13.224699974060059,13.15999984741211,13.199999809265137,4362.0
2024-03-01 11:28:00,NRSN,2.0387001037597656,2.0387001037597656,2.0387001037597656,2.0387001037597656,2.0387001037597656,230.0
2024-03-01 11:28:00,NTLA,33.70500183105469,33.70500183105469,33.810001373291016,33.70000076293945,33.79499816894531,4860.0
2024-03-01 11:28:00,NTRA,89.1500015258789,89.1500015258789,89.1500015258789,89.13999938964844,89.1500015258789,1210.0
2024-03-01 11:28:00,NURO,4.03000020980835,4.03000020980835,4.03000020980835,4.03000020980835,4.03000020980835,1101.0
2024-03-01 11:28:00,NVAX,5.139999866485596,5.139999866485596,5.159999847412109,5.139999866485596,5.159999847412109,22149.0
2024-03-01 11:28:00,NVCR,15.979999542236328,15.979999542236328,15.989999771118164,15.979999542236328,15.989999771118164,926.0
2024-03-01 11:28:00,NVOS,0.6340000033378601,0.6340000033378601,0.6340000033378601,0.633899986743927,0.6340000033378601,10000.0
2024-03-01 11:28:00,NXTC,1.7999999523162842,1.7999999523162842,1.7999999523162842,1.7999999523162842,1.7999999523162842,100.0
2024-03-01 11:28:00,NYXH,14.619999885559082,14.619999885559082,14.619999885559082,14.380000114440918,14.380000114440918,3919.0
2024-03-01 11:28:00,OCGN,0.9200999736785889,0.9200999736785889,0.9200999736785889,0.9200999736785889,0.9200999736785889,2619.0
2024-03-01 11:28:00,OCUL,10.420000076293945,10.420000076293945,10.430000305175781,10.395000457763672,10.398699760437012,8790.0
2024-03-01 11:28:00,OCUP,2.497999906539917,2.497999906539917,2.497999906539917,2.497999906539917,2.497999906539917,100.0
2024-03-01 11:28:00,OFIX,12.949999809265137,12.949999809265137,12.949999809265137,12.949999809265137,12.949999809265137,699.0
2024-03-01 11:28:00,OGI,2.1201000213623047,2.1201000213623047,2.120800018310547,2.119999885559082,2.120800018310547,2001.0
2024-03-01 11:28:00,OLK,22.6299991607666,22.6299991607666,22.6299991607666,22.6299991607666,22.6299991607666,502.0
2024-03-01 11:28:00,OLMA,13.300000190734863,13.300000190734863,13.300000190734863,13.180000305175781,13.180000305175781,17954.0
2024-03-01 11:28:00,OM,3.140000104904175,3.140000104904175,3.140000104904175,3.140000104904175,3.140000104904175,228.0
2024-03-01 11:28:00,OMCL,26.350000381469727,26.350000381469727,26.399999618530273,26.350000381469727,26.3700008392334,554.0
2024-03-01 11:28:00,OMER,4.71999979019165,4.71999979019165,4.71999979019165,4.71999979019165,4.71999979019165,1245.0
2024-03-01 11:28:00,OMGA,4.21999979019165,4.21999979019165,4.21999979019165,4.21999979019165,4.21999979019165,1760.0
2024-03-01 11:28:00,ONVO,1.0398999452590942,1.0398999452590942,1.0398999452590942,1.0398999452590942,1.0398999452590942,5000.0
2024-03-01 11:29:00,ABEO,7.53000020980835,7.53000020980835,7.53000020980835,7.53000020980835,7.53000020980835,250.0
2024-03-01 11:29:00,ABOS,4.695000171661377,4.695000171661377,4.695000171661377,4.695000171661377,4.695000171661377,521.0
2024-03-01 11:29:00,ABSI,5.170000076293945,5.170000076293945,5.170000076293945,5.159999847412109,5.159999847412109,1763.0
2024-03-01 11:29:00,ACAD,23.81999969482422,23.81999969482422,23.81999969482422,23.799999237060547,23.799999237060547,2945.0
2024-03-01 11:29:00,ACB,3.134999990463257,3.134999990463257,3.1394999027252197,3.134999990463257,3.134999990463257,1075.0
2024-03-01 11:29:00,ACCD,10.270000457763672,10.270000457763672,10.270000457763672,10.270000457763672,10.270000457763672,548.0
2024-03-01 11:29:00,ACET,2.390000104904175,2.390000104904175,2.4049999713897705,2.390000104904175,2.4049999713897705,7494.0
2024-03-01 11:29:00,ACHL,1.3601000308990479,1.3601000308990479,1.3601000308990479,1.3601000308990479,1.3601000308990479,387.0
2024-03-01 11:29:00,ACHV,4.25,4.25,4.25,4.240499973297119,4.25,616.0
2024-03-01 11:29:00,ACON,0.38749998807907104,0.38749998807907104,0.38749998807907104,0.38749998807907104,0.38749998807907104,2800.0
2024-03-01 11:29:00,ACONW,0.05000000074505806,0.05000000074505806,0.05010100081562996,0.05000000074505806,0.05009999871253967,4071.0
2024-03-01 11:29:00,ACRS,1.215000033378601,1.215000033378601,1.2200000286102295,1.215000033378601,1.2200000286102295,722.0
2024-03-01 11:29:00,ADAP,1.5908000469207764,1.5908000469207764,1.5908000469207764,1.5908000469207764,1.5908000469207764,205.0
2024-03-01 11:29:00,ADIL,3.0,3.0,3.009999990463257,2.950000047683716,2.9800000190734863,68154.0
2024-03-01 11:29:00,ADMA,5.329999923706055,5.329999923706055,5.329999923706055,5.329999923706055,5.329999923706055,410.0
2024-03-01 11:29:00,ADPT,4.199999809265137,4.199999809265137,4.199999809265137,4.195000171661377,4.199999809265137,4819.0
2024-03-01 11:29:00,ADVM,1.940000057220459,1.940000057220459,1.940000057220459,1.934999942779541,1.940000057220459,201.0
2024-03-01 11:29:00,AFMD,0.621999979019165,0.621999979019165,0.6220999956130981,0.6200000047683716,0.6200000047683716,3400.0
2024-03-01 11:29:00,AGEN,0.6669999957084656,0.6669999957084656,0.6700000166893005,0.6669999957084656,0.6700000166893005,58237.0
2024-03-01 11:29:00,AGIO,32.779998779296875,32.779998779296875,32.779998779296875,32.779998779296875,32.779998779296875,356.0
2024-03-01 11:29:00,AHCO,10.800000190734863,10.800000190734863,10.805000305175781,10.800000190734863,10.800000190734863,2701.0
2024-03-01 11:29:00,AKAN,0.24699999392032623,0.24699999392032623,0.24699999392032623,0.24699999392032623,0.24699999392032623,100.0
2024-03-01 11:29:00,AKBA,1.656000018119812,1.656000018119812,1.656000018119812,1.6549999713897705,1.6549999713897705,3033.0
2024-03-01 11:29:00,AKLI,0.3400000035762787,0.3400000035762787,0.3400000035762787,0.3400000035762787,0.3400000035762787,195.0
2024-03-01 11:29:00,AKRO,29.19499969482422,29.19499969482422,29.19499969482422,29.19499969482422,29.19499969482422,1520.0
2024-03-01 11:29:00,AKYA,6.039999961853027,6.039999961853027,6.04610013961792,6.039999961853027,6.04610013961792,1478.0
2024-03-01 11:29:00,ALDX,4.159999847412109,4.159999847412109,4.159999847412109,4.159999847412109,4.159999847412109,275.0
2024-03-01 11:29:00,ALEC,7.489999771118164,7.489999771118164,7.489999771118164,7.489999771118164,7.489999771118164,550.0
2024-03-01 11:29:00,ALGN,300.1400146484375,300.1400146484375,300.3299865722656,300.1400146484375,300.3299865722656,857.0
2024-03-01 11:29:00,ALGS,1.0600999593734741,1.0600999593734741,1.0800000429153442,1.0600999593734741,1.0600999593734741,452.0
2024-03-01 11:29:00,ALKS,30.170000076293945,30.170000076293945,30.170000076293945,30.170000076293945,30.170000076293945,3579.0
2024-03-01 11:29:00,ALLK,1.5800000429153442,1.5800000429153442,1.600000023841858,1.5800000429153442,1.600000023841858,4194.0
2024-03-01 11:29:00,ALLO,5.031199932098389,5.031199932098389,5.034999847412109,5.031199932098389,5.034999847412109,246.0
2024-03-01 11:29:00,ALNY,154.25999450683594,154.25999450683594,154.39999389648438,154.25999450683594,154.39999389648438,312.0
2024-03-01 11:29:00,ALPN,35.970001220703125,35.970001220703125,36.0099983215332,35.970001220703125,35.97999954223633,649.0
2024-03-01 11:29:00,ALT,12.180000305175781,12.180000305175781,12.180000305175781,12.180000305175781,12.180000305175781,7314.0
2024-03-01 11:29:00,ALXO,15.100000381469727,15.100000381469727,15.100000381469727,15.100000381469727,15.100000381469727,347.0
2024-03-01 11:29:00,AMED,93.70999908447266,93.70999908447266,93.70999908447266,93.70999908447266,93.70999908447266,1308.0
2024-03-01 11:29:00,AMGN,280.9798889160156,280.9798889160156,281.0,280.760009765625,280.7601013183594,6680.0
2024-03-01 11:29:00,AMLX,18.81999969482422,18.81999969482422,18.81999969482422,18.81999969482422,18.81999969482422,369.0
2024-03-01 11:29:00,AMPH,45.75,45.75,45.75,45.75,45.75,438.0
2024-03-01 11:29:00,AMRN,1.0549999475479126,1.0549999475479126,1.0599000453948975,1.0499999523162842,1.0549999475479126,2001.0
2024-03-01 11:29:00,ANAB,25.399999618530273,25.399999618530273,25.399999618530273,25.399999618530273,25.399999618530273,104.0
2024-03-01 11:29:00,ANGO,5.510000228881836,5.510000228881836,5.510000228881836,5.510000228881836,5.510000228881836,678.0
2024-03-01 11:29:00,ANNX,5.96999979019165,5.96999979019165,5.96999979019165,5.960000038146973,5.96999979019165,606.0
2024-03-01 11:29:00,APLS,64.66999816894531,64.66999816894531,64.6875,64.5999984741211,64.6875,30329.0
2024-03-01 11:29:00,APLT,7.119999885559082,7.119999885559082,7.119999885559082,7.099999904632568,7.119999885559082,4597.0
2024-03-01 11:29:00,AQST,4.230000019073486,4.230000019073486,4.230000019073486,4.230000019073486,4.230000019073486,9658.0
2024-03-01 11:29:00,ARDX,9.479999542236328,9.479999542236328,9.489999771118164,9.460000038146973,9.484999656677246,28581.0
2024-03-01 11:29:00,ARGX,387.69000244140625,387.69000244140625,387.70001220703125,387.69000244140625,387.70001220703125,606.0
2024-03-01 11:29:00,ARQT,11.1899995803833,11.1899995803833,11.1899995803833,11.180000305175781,11.1899995803833,12395.0
2024-03-01 11:29:00,ARVN,48.810001373291016,48.810001373291016,48.88999938964844,48.75,48.81999969482422,2768.0
2024-03-01 11:29:00,ARWR,35.5,35.5,35.61989974975586,35.5,35.61989974975586,3237.0
2024-03-01 11:29:00,ASRT,0.9120000004768372,0.9120000004768372,0.9120000004768372,0.9000999927520752,0.9000999927520752,2365.0
2024-03-01 11:29:00,ATAI,2.0,2.0,2.0,2.0,2.0,312.0
2024-03-01 11:29:00,ATEC,13.550000190734863,13.550000190734863,13.550000190734863,13.545000076293945,13.550000190734863,3063.0
2024-03-01 11:29:00,ATRA,0.8030999898910522,0.8030999898910522,0.8065000176429749,0.8030999898910522,0.8030999898910522,1101.0
2024-03-01 11:29:00,ATRC,36.06999969482422,36.06999969482422,36.06999969482422,36.06999969482422,36.06999969482422,107.0
2024-03-01 11:29:00,AUPH,5.815000057220459,5.815000057220459,5.815000057220459,5.815000057220459,5.815000057220459,299.0
2024-03-01 11:29:00,AURA,9.399999618530273,9.399999618530273,9.399999618530273,9.295000076293945,9.295000076293945,4383.0
2024-03-01 11:29:00,AUTL,6.21999979019165,6.21999979019165,6.21999979019165,6.21999979019165,6.21999979019165,100.0
2024-03-01 11:29:00,AVGR,3.8010001182556152,3.8010001182556152,3.8010001182556152,3.8010001182556152,3.8010001182556152,120.0
2024-03-01 11:29:00,AVIR,4.425000190734863,4.425000190734863,4.425000190734863,4.425000190734863,4.425000190734863,325.0
2024-03-01 11:29:00,AVXL,5.389900207519531,5.389900207519531,5.389900207519531,5.380000114440918,5.380000114440918,5735.0
2024-03-01 11:29:00,AXNX,67.25,67.25,67.25,67.25,67.25,530.0
2024-03-01 11:29:00,AXSM,82.98999786376953,82.98999786376953,82.98999786376953,82.85260009765625,82.85260009765625,569.0
2024-03-01 11:29:00,AZN,64.5199966430664,64.5199966430664,64.5250015258789,64.5199966430664,64.5199966430664,5081.0
2024-03-01 11:29:00,BBIO,35.849998474121094,35.849998474121094,35.849998474121094,35.849998474121094,35.849998474121094,268.0
2024-03-01 11:29:00,BBLG,2.3399999141693115,2.3399999141693115,2.3399999141693115,2.3399999141693115,2.3399999141693115,321.0
2024-03-01 11:29:00,BCAB,2.7799999713897705,2.7799999713897705,2.7899999618530273,2.7799999713897705,2.7899999618530273,743.0
2024-03-01 11:29:00,BCEL,0.27000001072883606,0.27000001072883606,0.27000001072883606,0.27000001072883606,0.27000001072883606,3430.0
2024-03-01 11:29:00,BCRX,5.800000190734863,5.800000190734863,5.809999942779541,5.800000190734863,5.801700115203857,2012.0
2024-03-01 11:29:00,BCYC,25.989999771118164,25.989999771118164,25.989999771118164,25.989999771118164,25.989999771118164,246.0
2024-03-01 11:29:00,BDTX,5.065000057220459,5.065000057220459,5.065000057220459,5.045000076293945,5.049900054931641,8843.0
2024-03-01 11:29:00,BEAM,40.16389846801758,40.16389846801758,40.20000076293945,40.16389846801758,40.17499923706055,1378.0
2024-03-01 11:29:00,BGNE,166.74000549316406,166.74000549316406,166.74000549316406,166.74000549316406,166.74000549316406,109.0
2024-03-01 11:29:00,BIIB,219.00999450683594,219.00999450683594,219.0500030517578,219.00999450683594,219.00999450683594,711.0
2024-03-01 11:29:00,BIVI,2.334199905395508,2.334199905395508,2.3399999141693115,2.3299999237060547,2.3350000381469727,219848.0
2024-03-01 11:29:00,BLFS,18.010000228881836,18.010000228881836,18.010000228881836,17.979999542236328,17.979999542236328,405.0
2024-03-01 11:29:00,BLRX,1.3799999952316284,1.3799999952316284,1.3799999952316284,1.3791999816894531,1.3799999952316284,1375.0
2024-03-01 11:29:00,BLUE,1.589900016784668,1.589900016784668,1.590000033378601,1.580199956893921,1.5822999477386475,7350.0
2024-03-01 11:29:00,BMRN,86.56009674072266,86.56009674072266,86.56999969482422,86.56009674072266,86.56999969482422,1422.0
2024-03-01 11:29:00,BNR,0.8654999732971191,0.8654999732971191,0.8654999732971191,0.8654999732971191,0.8654999732971191,100.0
2024-03-01 11:29:00,BNTX,91.9000015258789,91.9000015258789,91.94999694824219,91.9000015258789,91.94999694824219,1288.0
2024-03-01 11:29:00,BPMC,95.9800033569336,95.9800033569336,96.04000091552734,95.93499755859375,96.0,1673.0
2024-03-01 11:29:00,BRKR,87.56500244140625,87.56500244140625,87.56500244140625,87.56500244140625,87.56500244140625,771.0
2024-03-01 11:29:00,BSGM,0.6359999775886536,0.6359999775886536,0.6359999775886536,0.6200000047683716,0.6200000047683716,5215.0
2024-03-01 11:29:00,BTAI,3.2300000190734863,3.2300000190734863,3.2300000190734863,3.2300000190734863,3.2300000190734863,291.0
2024-03-01 11:29:00,BTTX,0.16899999976158142,0.16899999976158142,0.16899999976158142,0.16899999976158142,0.16899999976158142,301.0
2024-03-01 11:29:00,BWAY,6.653200149536133,6.653200149536133,6.653200149536133,6.653200149536133,6.653200149536133,3088.0
2024-03-01 11:29:00,BYSI,1.5319000482559204,1.5319000482559204,1.5319000482559204,1.5319000482559204,1.5319000482559204,564.0
2024-03-01 11:29:00,CABA,24.0049991607666,24.0049991607666,24.020000457763672,23.989999771118164,23.989999771118164,2667.0
2024-03-01 11:29:00,CARA,0.9068999886512756,0.9068999886512756,0.9068999886512756,0.9068999886512756,0.9068999886512756,365.0
2024-03-01 11:29:00,CBAY,32.244998931884766,32.244998931884766,32.25,32.2400016784668,32.244998931884766,1453.0
2024-03-01 11:29:00,CCCC,10.960000038146973,10.960000038146973,10.968999862670898,10.960000038146973,10.968999862670898,370.0
2024-03-01 11:29:00,CCRN,18.200000762939453,18.200000762939453,18.229999542236328,18.200000762939453,18.229999542236328,892.0
2024-03-01 11:29:00,CDMO,8.140000343322754,8.140000343322754,8.140000343322754,8.140000343322754,8.140000343322754,101.0
2024-03-01 11:29:00,CDNA,12.460000038146973,12.460000038146973,12.460000038146973,12.449999809265137,12.449999809265137,1993.0
2024-03-01 11:29:00,CDXS,4.420000076293945,4.420000076293945,4.420000076293945,4.40500020980835,4.409999847412109,896.0
2024-03-01 11:29:00,CELC,15.84000015258789,15.84000015258789,15.84000015258789,15.84000015258789,15.84000015258789,237.0
2024-03-01 11:29:00,CERE,41.18000030517578,41.18000030517578,41.18000030517578,41.18000030517578,41.18000030517578,512.0
2024-03-01 11:29:00,CERS,2.2200000286102295,2.2200000286102295,2.2200000286102295,2.2200000286102295,2.2200000286102295,104.0
2024-03-01 11:29:00,CERT,17.56999969482422,17.56999969482422,17.59000015258789,17.56999969482422,17.56999969482422,411.0
2024-03-01 11:29:00,CGC,3.2699999809265137,3.2699999809265137,3.2750000953674316,3.2699999809265137,3.2750000953674316,9262.0
2024-03-01 11:29:00,CGTX,2.049999952316284,2.049999952316284,2.049999952316284,2.0299999713897705,2.049999952316284,2123.0
2024-03-01 11:29:00,CHRS,2.3299999237060547,2.3299999237060547,2.3350000381469727,2.3299999237060547,2.3299999237060547,1790.0
2024-03-01 11:29:00,CING,1.3838000297546387,1.3838000297546387,1.386199951171875,1.3838000297546387,1.386199951171875,275.0
2024-03-01 11:29:00,CLDX,51.8849983215332,51.8849983215332,51.8849983215332,51.849998474121094,51.86000061035156,501.0
2024-03-01 11:29:00,CLNN,0.39500001072883606,0.39500001072883606,0.39500001072883606,0.39500001072883606,0.39500001072883606,17604.0
2024-03-01 11:29:00,CLOV,0.8769000172615051,0.8769000172615051,0.8769000172615051,0.8754000067710876,0.8754000067710876,1193.0
2024-03-01 11:29:00,CLPT,6.709799766540527,6.709799766540527,6.709799766540527,6.709799766540527,6.709799766540527,902.0
2024-03-01 11:29:00,CMAX,7.670000076293945,7.670000076293945,7.883999824523926,7.670000076293945,7.883999824523926,606.0
2024-03-01 11:29:00,CMPS,11.199999809265137,11.199999809265137,11.210000038146973,11.15999984741211,11.197099685668945,2655.0
2024-03-01 11:29:00,CMRX,1.1449999809265137,1.1449999809265137,1.1449999809265137,1.1449999809265137,1.1449999809265137,100.0
2024-03-01 11:29:00,CODX,1.159999966621399,1.159999966621399,1.159999966621399,1.15910005569458,1.159999966621399,483.0
2024-03-01 11:29:00,COGT,7.159999847412109,7.159999847412109,7.170000076293945,7.150000095367432,7.159999847412109,2580.0
2024-03-01 11:29:00,CORT,23.8799991607666,23.8799991607666,23.899999618530273,23.8799991607666,23.899999618530273,1430.0
2024-03-01 11:29:00,CPRX,17.075000762939453,17.075000762939453,17.104999542236328,17.075000762939453,17.104999542236328,3273.0
2024-03-01 11:29:00,CRBP,31.450000762939453,31.450000762939453,31.450000762939453,31.440000534057617,31.440000534057617,1827.0
2024-03-01 11:29:00,CRBU,8.069999694824219,8.069999694824219,8.074999809265137,8.069999694824219,8.074999809265137,868.0
2024-03-01 11:29:00,CRDF,2.4100000858306885,2.4100000858306885,2.4100000858306885,2.4100000858306885,2.4100000858306885,78986.0
2024-03-01 11:29:00,CRDL,1.940000057220459,1.940000057220459,1.940000057220459,1.940000057220459,1.940000057220459,168.0
2024-03-01 11:29:00,CRMD,3.7100000381469727,3.7100000381469727,3.7149999141693115,3.7100000381469727,3.7149999141693115,625.0
2024-03-01 11:29:00,CRNX,46.02000045776367,46.02000045776367,46.060001373291016,45.974998474121094,45.992000579833984,1893.0
2024-03-01 11:29:00,CRON,2.055000066757202,2.055000066757202,2.0599000453948975,2.055000066757202,2.055000066757202,853.0
2024-03-01 11:29:00,CRSP,85.75,85.75,85.75,85.75,85.75,3613.0
2024-03-01 11:29:00,CSTL,20.260000228881836,20.260000228881836,20.260000228881836,20.260000228881836,20.260000228881836,289.0
2024-03-01 11:29:00,CTKB,8.479999542236328,8.479999542236328,8.5,8.479999542236328,8.5,1623.0
2024-03-01 11:29:00,CTMX,2.5399999618530273,2.5399999618530273,2.5399999618530273,2.5399999618530273,2.5399999618530273,215.0
2024-03-01 11:29:00,CUE,2.1700000762939453,2.1700000762939453,2.1700000762939453,2.1700000762939453,2.1700000762939453,119.0
2024-03-01 11:29:00,CUTR,2.410099983215332,2.410099983215332,2.4200000762939453,2.410099983215332,2.4200000762939453,6239.0
2024-03-01 11:29:00,CVRX,19.940000534057617,19.940000534057617,19.940000534057617,19.940000534057617,19.940000534057617,214.0
2024-03-01 11:29:00,CYTK,73.68000030517578,73.68000030517578,73.68000030517578,73.56999969482422,73.5999984741211,2863.0
2024-03-01 11:29:00,CYTO,2.109999895095825,2.109999895095825,2.109999895095825,2.109999895095825,2.109999895095825,140.0
2024-03-01 11:29:00,DARE,0.5548999905586243,0.5548999905586243,0.5548999905586243,0.5548999905586243,0.5548999905586243,1001.0
2024-03-01 11:29:00,DCGO,4.150000095367432,4.150000095367432,4.15500020980835,4.150000095367432,4.154399871826172,1794.0
2024-03-01 11:29:00,DH,9.055000305175781,9.055000305175781,9.069999694824219,9.055000305175781,9.069999694824219,296.0
2024-03-01 11:29:00,DMTK,0.8598999977111816,0.8598999977111816,0.8600000143051147,0.8399999737739563,0.8399999737739563,4866.0
2024-03-01 11:29:00,DNLI,20.899999618530273,20.899999618530273,20.917499542236328,20.899999618530273,20.917499542236328,692.0
2024-03-01 11:29:00,DRRX,1.0099999904632568,1.0099999904632568,1.0099999904632568,1.0099999904632568,1.0099999904632568,410.0
2024-03-01 11:29:00,DSGN,2.890000104904175,2.890000104904175,2.890000104904175,2.890000104904175,2.890000104904175,416.0
2024-03-01 11:29:00,DTIL,12.595000267028809,12.595000267028809,12.654999732971191,12.510000228881836,12.510000228881836,12436.0
2024-03-01 11:29:00,DVAX,12.84000015258789,12.84000015258789,12.845000267028809,12.835000038146973,12.845000267028809,3911.0
2024-03-01 11:29:00,DXCM,118.68000030517578,118.68000030517578,118.68000030517578,118.68000030517578,118.68000030517578,1483.0
2024-03-01 11:29:00,EDIT,10.99899959564209,10.99899959564209,10.99899959564209,10.975000381469727,10.9798002243042,2457.0
2024-03-01 11:29:00,EGRX,6.639999866485596,6.639999866485596,6.639999866485596,6.639999866485596,6.639999866485596,194.0
2024-03-01 11:29:00,ELEV,4.96999979019165,4.96999979019165,4.96999979019165,4.929999828338623,4.934999942779541,1062.0
2024-03-01 11:29:00,EMBC,14.390000343322754,14.390000343322754,14.390000343322754,14.390000343322754,14.390000343322754,101.0
2024-03-01 11:29:00,ENTA,15.270000457763672,15.270000457763672,15.270000457763672,15.25409984588623,15.25409984588623,762.0
2024-03-01 11:29:00,ENVB,1.5800000429153442,1.5800000429153442,1.5800000429153442,1.570199966430664,1.570199966430664,3383.0
2024-03-01 11:29:00,ESPR,2.509999990463257,2.509999990463257,2.509999990463257,2.509999990463257,2.509999990463257,3640.0
2024-03-01 11:29:00,ETNB,12.829999923706055,12.829999923706055,12.84000015258789,12.829999923706055,12.84000015258789,1543.0
2024-03-01 11:29:00,EXAS,59.99250030517578,59.99250030517578,59.99250030517578,59.99250030517578,59.99250030517578,2991.0
2024-03-01 11:29:00,EXEL,22.454999923706055,22.454999923706055,22.454999923706055,22.450000762939453,22.450000762939453,1197.0
2024-03-01 11:29:00,EYPT,28.020000457763672,28.020000457763672,28.020000457763672,28.0,28.0,2268.0
2024-03-01 11:29:00,FATE,7.434999942779541,7.434999942779541,7.434999942779541,7.423999786376953,7.423999786376953,2642.0
2024-03-01 11:29:00,FDMT,29.260000228881836,29.260000228881836,29.260000228881836,29.260000228881836,29.260000228881836,1447.0
2024-03-01 11:29:00,FGEN,1.7999999523162842,1.7999999523162842,1.7999999523162842,1.7999999523162842,1.7999999523162842,900.0
2024-03-01 11:29:00,FLGC,1.2100000381469727,1.2100000381469727,1.2100000381469727,1.2100000381469727,1.2100000381469727,120.0
2024-03-01 11:29:00,FLGT,23.424999237060547,23.424999237060547,23.424999237060547,23.424999237060547,23.424999237060547,130.0
2024-03-01 11:29:00,FOLD,13.3149995803833,13.3149995803833,13.324999809265137,13.3149995803833,13.32349967956543,3136.0
2024-03-01 11:29:00,FULC,10.755000114440918,10.755000114440918,10.755000114440918,10.755000114440918,10.755000114440918,1234.0
2024-03-01 11:29:00,FUSN,12.260000228881836,12.260000228881836,12.260000228881836,12.119999885559082,12.119999885559082,11641.0
2024-03-01 11:29:00,GANX,4.6940999031066895,4.6940999031066895,4.6940999031066895,4.6940999031066895,4.6940999031066895,300.0
2024-03-01 11:29:00,GBIO,2.615000009536743,2.615000009536743,2.619999885559082,2.615000009536743,2.619999885559082,2345.0
2024-03-01 11:29:00,GDRX,8.28909969329834,8.28909969329834,8.28909969329834,8.28909969329834,8.28909969329834,5336.0
2024-03-01 11:29:00,GERN,2.1700000762939453,2.1700000762939453,2.1700000762939453,2.1649999618530273,2.1700000762939453,3856.0
2024-03-01 11:29:00,GH,19.280000686645508,19.280000686645508,19.299999237060547,19.280000686645508,19.295000076293945,738.0
2024-03-01 11:29:00,GILD,72.42250061035156,72.42250061035156,72.42250061035156,72.41999816894531,72.41999816894531,7611.0
2024-03-01 11:29:00,GLSI,12.529999732971191,12.529999732971191,12.529999732971191,12.154999732971191,12.15999984741211,531.0
2024-03-01 11:29:00,GOSS,1.350000023841858,1.350000023841858,1.3598999977111816,1.350000023841858,1.3550000190734863,3154.0
2024-03-01 11:29:00,GRFS,7.139999866485596,7.139999866485596,7.15500020980835,7.099999904632568,7.099999904632568,4788.0
2024-03-01 11:29:00,GRTS,2.23009991645813,2.23009991645813,2.234999895095825,2.23009991645813,2.23009991645813,5753.0
2024-03-01 11:29:00,GTHX,3.549999952316284,3.549999952316284,3.549999952316284,3.549999952316284,3.549999952316284,3157.0
2024-03-01 11:29:00,HALO,41.15999984741211,41.15999984741211,41.19499969482422,41.15999984741211,41.19499969482422,837.0
2024-03-01 11:29:00,HARP,22.93000030517578,22.93000030517578,22.93000030517578,22.93000030517578,22.93000030517578,102.0
2024-03-01 11:29:00,HCAT,7.929999828338623,7.929999828338623,7.929999828338623,7.909999847412109,7.909999847412109,2282.0
2024-03-01 11:29:00,HCM,15.34000015258789,15.34000015258789,15.34000015258789,15.34000015258789,15.34000015258789,100.0
2024-03-01 11:29:00,HCTI,2.569999933242798,2.569999933242798,2.690000057220459,2.549999952316284,2.6798999309539795,23524.0
2024-03-01 11:29:00,HLVX,18.729999542236328,18.729999542236328,18.729999542236328,18.729999542236328,18.729999542236328,424.0
2024-03-01 11:29:00,HOLX,73.68000030517578,73.68000030517578,73.68000030517578,73.68000030517578,73.68000030517578,2214.0
2024-03-01 11:29:00,HOTH,1.3200000524520874,1.3200000524520874,1.3224999904632568,1.3200000524520874,1.3224999904632568,6210.0
2024-03-01 11:29:00,HOWL,6.980000019073486,6.980000019073486,6.980000019073486,6.980000019073486,6.980000019073486,156.0
2024-03-01 11:29:00,HQY,81.47000122070312,81.47000122070312,81.47000122070312,81.47000122070312,81.47000122070312,673.0
2024-03-01 11:29:00,HRMY,31.424999237060547,31.424999237060547,31.424999237060547,31.424999237060547,31.424999237060547,620.0
2024-03-01 11:29:00,HSIC,76.91999816894531,76.91999816894531,76.91999816894531,76.91999816894531,76.91999816894531,794.0
2024-03-01 11:29:00,HUGE,0.8797000050544739,0.8797000050544739,0.8799999952316284,0.8797000050544739,0.8799999952316284,5273.0
2024-03-01 11:29:00,HUMA,3.265000104904175,3.265000104904175,3.269200086593628,3.259999990463257,3.261199951171875,3874.0
2024-03-01 11:29:00,IART,36.599998474121094,36.599998474121094,36.599998474121094,36.599998474121094,36.599998474121094,406.0
2024-03-01 11:29:00,IBRX,4.915999889373779,4.915999889373779,4.915999889373779,4.90500020980835,4.90500020980835,3580.0
2024-03-01 11:29:00,ICLR,322.6000061035156,322.6000061035156,322.6000061035156,322.489990234375,322.489990234375,876.0
2024-03-01 11:29:00,ILMN,141.78500366210938,141.78500366210938,141.78500366210938,141.78500366210938,141.78500366210938,203.0
2024-03-01 11:29:00,IMAB,1.850100040435791,1.850100040435791,1.850100040435791,1.850000023841858,1.850000023841858,976.0
2024-03-01 11:29:00,IMCR,68.30570220947266,68.30570220947266,68.47000122070312,68.30570220947266,68.44000244140625,40940.0
2024-03-01 11:29:00,IMMX,3.5199999809265137,3.5199999809265137,3.549999952316284,3.5199999809265137,3.549999952316284,1472.0
2024-03-01 11:29:00,IMTX,13.105500221252441,13.105500221252441,13.105500221252441,13.105500221252441,13.105500221252441,3257.0
2024-03-01 11:29:00,IMUX,1.475000023841858,1.475000023841858,1.475000023841858,1.475000023841858,1.475000023841858,1006.0
2024-03-01 11:29:00,IMVT,36.16999816894531,36.16999816894531,36.16999816894531,36.16999816894531,36.16999816894531,230.0
2024-03-01 11:29:00,INCY,59.064998626708984,59.064998626708984,59.099998474121094,59.060001373291016,59.099998474121094,1602.0
2024-03-01 11:29:00,INMB,11.970000267028809,11.970000267028809,11.970000267028809,11.970000267028809,11.970000267028809,100.0
2024-03-01 11:29:00,INMD,22.735000610351562,22.735000610351562,22.739999771118164,22.719999313354492,22.719999313354492,1307.0
2024-03-01 11:29:00,INO,9.24899959564209,9.24899959564209,9.24899959564209,9.24899959564209,9.24899959564209,1415.0
2024-03-01 11:29:00,INSM,28.149999618530273,28.149999618530273,28.149999618530273,28.143699645996094,28.143699645996094,466.0
2024-03-01 11:29:00,INVA,15.699999809265137,15.699999809265137,15.699999809265137,15.699999809265137,15.699999809265137,3408.0
2024-03-01 11:29:00,IONM,0.3499000072479248,0.3499000072479248,0.3499000072479248,0.3499000072479248,0.3499000072479248,71465.0
2024-03-01 11:29:00,IONS,45.779998779296875,45.779998779296875,45.779998779296875,45.7599983215332,45.77000045776367,1495.0
2024-03-01 11:29:00,IOVA,16.44499969482422,16.44499969482422,16.489999771118164,16.440000534057617,16.485000610351562,23652.0
2024-03-01 11:29:00,IPSC,3.7799999713897705,3.7799999713897705,3.7799999713897705,3.7799999713897705,3.7799999713897705,123.0
2024-03-01 11:29:00,IRWD,8.970000267028809,8.970000267028809,8.979999542236328,8.954999923706055,8.954999923706055,27783.0
2024-03-01 11:29:00,ISRG,393.2698974609375,393.2698974609375,393.2698974609375,393.0299987792969,393.0299987792969,1489.0
2024-03-01 11:29:00,JAGX,0.07930000126361847,0.07930000126361847,0.08079999685287476,0.07919999957084656,0.07940000295639038,605785.0
2024-03-01 11:29:00,JANX,46.54909896850586,46.54909896850586,46.54909896850586,46.38999938964844,46.38999938964844,2521.0
2024-03-01 11:29:00,JAZZ,120.76499938964844,120.76499938964844,120.78500366210938,120.70999908447266,120.70999908447266,1226.0
2024-03-01 11:29:00,KALV,14.020000457763672,14.020000457763672,14.020000457763672,14.020000457763672,14.020000457763672,356.0
2024-03-01 11:29:00,KNSA,21.920000076293945,21.920000076293945,21.920000076293945,21.920000076293945,21.920000076293945,334.0
2024-03-01 11:29:00,KOD,6.15500020980835,6.15500020980835,6.159999847412109,6.15500020980835,6.159999847412109,363.0
2024-03-01 11:29:00,KPTI,1.2350000143051147,1.2350000143051147,1.2350000143051147,1.2350000143051147,1.2350000143051147,851.0
2024-03-01 11:29:00,KRMD,2.119999885559082,2.119999885559082,2.119999885559082,2.119999885559082,2.119999885559082,536.0
2024-03-01 11:29:00,KRON,1.0399999618530273,1.0399999618530273,1.0399999618530273,1.034999966621399,1.0399999618530273,2273.0
2024-03-01 11:29:00,KROS,69.0,69.0,69.0,69.0,69.0,616.0
2024-03-01 11:29:00,KRYS,167.1999969482422,167.1999969482422,167.23500061035156,167.1999969482422,167.23500061035156,454.0
2024-03-01 11:29:00,KTRA,0.09870000183582306,0.09870000183582306,0.0989999994635582,0.09870000183582306,0.09889999777078629,1645.0
2024-03-01 11:29:00,KTTA,7.315100193023682,7.315100193023682,7.315100193023682,7.315100193023682,7.315100193023682,1071.0
2024-03-01 11:29:00,KURA,21.3799991607666,21.3799991607666,21.3799991607666,21.3799991607666,21.3799991607666,447.0
2024-03-01 11:29:00,KYMR,43.71500015258789,43.71500015258789,43.71500015258789,43.71500015258789,43.71500015258789,404.0
2024-03-01 11:29:00,KZR,1.0800000429153442,1.0800000429153442,1.090000033378601,1.0800000429153442,1.090000033378601,11829.0
2024-03-01 11:29:00,LAB,2.4200000762939453,2.4200000762939453,2.444999933242798,2.4200000762939453,2.440000057220459,23109.0
2024-03-01 11:29:00,LEGN,66.08999633789062,66.08999633789062,66.08999633789062,66.08999633789062,66.08999633789062,521.0
2024-03-01 11:29:00,LEXX,2.663599967956543,2.663599967956543,2.663599967956543,2.663599967956543,2.663599967956543,270.0
2024-03-01 11:29:00,LFMD,7.960000038146973,7.960000038146973,7.96999979019165,7.960000038146973,7.96999979019165,337.0
2024-03-01 11:29:00,LFST,7.989999771118164,7.989999771118164,7.989999771118164,7.989999771118164,7.989999771118164,101.0
2024-03-01 11:29:00,LGND,78.80999755859375,78.80999755859375,78.80999755859375,78.80999755859375,78.80999755859375,1157.0
2024-03-01 11:29:00,LIAN,4.860000133514404,4.860000133514404,4.860000133514404,4.860000133514404,4.860000133514404,222.0
2024-03-01 11:29:00,LIFE,1.9299999475479126,1.9299999475479126,1.9300999641418457,1.9299999475479126,1.9300999641418457,200.0
2024-03-01 11:29:00,LMAT,67.43000030517578,67.43000030517578,67.43000030517578,67.43000030517578,67.43000030517578,293.0
2024-03-01 11:29:00,LNTH,65.26499938964844,65.26499938964844,65.26499938964844,65.26499938964844,65.26499938964844,219.0
2024-03-01 11:29:00,LQDA,14.350000381469727,14.350000381469727,14.350000381469727,14.350000381469727,14.350000381469727,706.0
2024-03-01 11:29:00,LRMR,11.0,11.0,11.0,11.0,11.0,367.0
2024-03-01 11:29:00,LXRX,2.408900022506714,2.408900022506714,2.408900022506714,2.390000104904175,2.4000000953674316,24355.0
2024-03-01 11:29:00,LYEL,3.1424999237060547,3.1424999237060547,3.1424999237060547,3.1424999237060547,3.1424999237060547,129.0
2024-03-01 11:29:00,MACK,14.699999809265137,14.699999809265137,14.699999809265137,14.699999809265137,14.699999809265137,324.0
2024-03-01 11:29:00,MCRB,1.1950000524520874,1.1950000524520874,1.2000000476837158,1.1950000524520874,1.2000000476837158,40416.0
2024-03-01 11:29:00,MDRX,5.949999809265137,5.949999809265137,6.0,5.949999809265137,6.0,1917.0
2024-03-01 11:29:00,MDXG,8.600000381469727,8.600000381469727,8.604999542236328,8.600000381469727,8.604999542236328,444.0
2024-03-01 11:29:00,ME,0.5716000199317932,0.5716000199317932,0.5733000040054321,0.5716000199317932,0.5724999904632568,25506.0
2024-03-01 11:29:00,MEDP,401.0,401.0,401.0,401.0,401.0,580.0
2024-03-01 11:29:00,MESO,2.0499000549316406,2.0499000549316406,2.0499000549316406,2.0499000549316406,2.0499000549316406,100.0
2024-03-01 11:29:00,MGNX,19.209999084472656,19.209999084472656,19.209999084472656,19.190000534057617,19.190000534057617,398.0
2024-03-01 11:29:00,MIRM,30.174999237060547,30.174999237060547,30.174999237060547,30.174999237060547,30.174999237060547,326.0
2024-03-01 11:29:00,MIST,1.6899000406265259,1.6899000406265259,1.690000057220459,1.684999942779541,1.690000057220459,3653.0
2024-03-01 11:29:00,MLTX,51.400001525878906,51.400001525878906,51.5,51.400001525878906,51.5,1588.0
2024-03-01 11:29:00,MMSI,76.13999938964844,76.13999938964844,76.13999938964844,76.12999725341797,76.12999725341797,1036.0
2024-03-01 11:29:00,MNKD,4.614999771118164,4.614999771118164,4.619999885559082,4.614999771118164,4.618199825286865,3660.0
2024-03-01 11:29:00,MNMD,5.929999828338623,5.929999828338623,5.940000057220459,5.929999828338623,5.940000057220459,630.0
2024-03-01 11:29:00,MODD,1.8899999856948853,1.8899999856948853,1.8899999856948853,1.8899999856948853,1.8899999856948853,800.0
2024-03-01 11:29:00,MOR,17.610000610351562,17.610000610351562,17.610000610351562,17.600000381469727,17.600000381469727,1915.0
2024-03-01 11:29:00,MOTS,0.6715999841690063,0.6715999841690063,0.6715999841690063,0.671500027179718,0.671500027179718,890.0
2024-03-01 11:29:00,MREO,3.805000066757202,3.805000066757202,3.805000066757202,3.805000066757202,3.805000066757202,727.0
2024-03-01 11:29:00,MRNA,95.6500015258789,95.6500015258789,95.69999694824219,95.56999969482422,95.69999694824219,8725.0
2024-03-01 11:29:00,MRSN,5.980000019073486,5.980000019073486,5.989999771118164,5.974999904632568,5.985000133514404,3848.0
2024-03-01 11:29:00,MRUS,50.90999984741211,50.90999984741211,50.90999984741211,50.900001525878906,50.900001525878906,469.0
2024-03-01 11:29:00,MRVI,7.824999809265137,7.824999809265137,7.824999809265137,7.820000171661377,7.820000171661377,1850.0
2024-03-01 11:29:00,MXCT,4.755000114440918,4.755000114440918,4.755000114440918,4.755000114440918,4.755000114440918,400.0
2024-03-01 11:29:00,MYNZ,0.8693490028381348,0.8693490028381348,0.8693490028381348,0.8693000078201294,0.8693000078201294,119.0
2024-03-01 11:29:00,NARI,46.3650016784668,46.3650016784668,46.36750030517578,46.33000183105469,46.33000183105469,1483.0
2024-03-01 11:29:00,NAUT,2.7100000381469727,2.7100000381469727,2.7100000381469727,2.7100000381469727,2.7100000381469727,100.0
2024-03-01 11:29:00,NBIX,130.1750030517578,130.1750030517578,130.1750030517578,130.0850067138672,130.11000061035156,1069.0
2024-03-01 11:29:00,NEOG,17.290000915527344,17.290000915527344,17.299999237060547,17.290000915527344,17.290000915527344,1084.0
2024-03-01 11:29:00,NEPT,0.4496999979019165,0.4496999979019165,0.4496999979019165,0.4496999979019165,0.4496999979019165,10008.0
2024-03-01 11:29:00,NERV,2.5,2.5,2.5250000953674316,2.5,2.5250000953674316,5200.0
2024-03-01 11:29:00,NGM,1.5299999713897705,1.5299999713897705,1.534999966621399,1.5299999713897705,1.534999966621399,2389.0
2024-03-01 11:29:00,NKTR,0.7601000070571899,0.7601000070571899,0.7601000070571899,0.7601000070571899,0.7601000070571899,502.0
2024-03-01 11:29:00,NNOX,11.005000114440918,11.005000114440918,11.009900093078613,10.981200218200684,10.989999771118164,6182.0
2024-03-01 11:29:00,NOTV,7.949999809265137,7.949999809265137,7.949999809265137,7.949999809265137,7.949999809265137,1237.0
2024-03-01 11:29:00,NRIX,13.220000267028809,13.220000267028809,13.220000267028809,13.210000038146973,13.210000038146973,1479.0
2024-03-01 11:29:00,NRXP,0.429500013589859,0.429500013589859,0.43369999527931213,0.429500013589859,0.43369999527931213,8201.0
2024-03-01 11:29:00,NTLA,33.720001220703125,33.720001220703125,33.720001220703125,33.720001220703125,33.720001220703125,1210.0
2024-03-01 11:29:00,NUVL,87.53500366210938,87.53500366210938,87.53500366210938,87.53500366210938,87.53500366210938,121.0
2024-03-01 11:29:00,NVAX,5.139999866485596,5.139999866485596,5.150000095367432,5.139999866485596,5.140100002288818,19992.0
2024-03-01 11:29:00,NVCR,15.925000190734863,15.925000190734863,15.9399995803833,15.925000190734863,15.930000305175781,720.0
2024-03-01 11:29:00,NVNO,6.409999847412109,6.409999847412109,6.409999847412109,6.409999847412109,6.409999847412109,887.0
2024-03-01 11:29:00,NXTC,1.7999999523162842,1.7999999523162842,1.809999942779541,1.7999999523162842,1.809999942779541,2101.0
2024-03-01 11:29:00,NYXH,14.539999961853027,14.539999961853027,14.619999885559082,14.539999961853027,14.619999885559082,1274.0
2024-03-01 11:29:00,OCGN,0.9247000217437744,0.9247000217437744,0.9247000217437744,0.920199990272522,0.920199990272522,1184.0
2024-03-01 11:29:00,OCUL,10.420000076293945,10.420000076293945,10.425000190734863,10.420000076293945,10.425000190734863,2160.0
2024-03-01 11:29:00,OCUP,2.4200000762939453,2.4200000762939453,2.5,2.4200000762939453,2.490000009536743,15446.0
2024-03-01 11:29:00,OGI,2.119999885559082,2.119999885559082,2.119999885559082,2.119999885559082,2.119999885559082,4965.0
2024-03-01 11:29:00,OLK,22.625,22.625,22.625,22.625,22.625,120.0
2024-03-01 11:29:00,OLMA,13.300000190734863,13.300000190734863,13.300000190734863,13.300000190734863,13.300000190734863,101.0
2024-03-01 11:29:00,OMCL,26.399999618530273,26.399999618530273,26.399999618530273,26.399999618530273,26.399999618530273,921.0
2024-03-01 11:29:00,OMER,4.699999809265137,4.699999809265137,4.710000038146973,4.690000057220459,4.710000038146973,9268.0
2024-03-01 11:29:00,ONTX,0.8101999759674072,0.8101999759674072,0.8101999759674072,0.8101000189781189,0.8101000189781189,456.0
2024-03-01 11:30:00,ABCL,5.179999828338623,5.179999828338623,5.179999828338623,5.179999828338623,5.179999828338623,1031.0
2024-03-01 11:30:00,ABOS,4.695000171661377,4.695000171661377,4.695000171661377,4.695000171661377,4.695000171661377,713.0
2024-03-01 11:30:00,ABSI,5.170000076293945,5.170000076293945,5.170000076293945,5.159999847412109,5.159999847412109,2440.0
2024-03-01 11:30:00,ACAD,23.825000762939453,23.825000762939453,23.829999923706055,23.809999465942383,23.81999969482422,2690.0
2024-03-01 11:30:00,ACB,3.1350998878479004,3.1350998878479004,3.1387999057769775,3.1350998878479004,3.1387999057769775,817.0
2024-03-01 11:30:00,ACCD,10.270000457763672,10.270000457763672,10.270000457763672,10.270000457763672,10.270000457763672,490.0
2024-03-01 11:30:00,ACET,2.380000114440918,2.380000114440918,2.3949999809265137,2.380000114440918,2.3949999809265137,6478.0
2024-03-01 11:30:00,ACHL,1.3600000143051147,1.3600000143051147,1.3650000095367432,1.3600000143051147,1.3604999780654907,1350.0
2024-03-01 11:30:00,ACLX,67.62999725341797,67.62999725341797,67.62999725341797,67.62999725341797,67.62999725341797,325.0
2024-03-01 11:30:00,ACON,0.38749998807907104,0.38749998807907104,0.38749998807907104,0.38749998807907104,0.38749998807907104,344.0
2024-03-01 11:30:00,ACRS,1.215000033378601,1.215000033378601,1.2200000286102295,1.2100000381469727,1.215000033378601,920.0
2024-03-01 11:30:00,ADIL,3.062000036239624,3.062000036239624,3.069999933242798,2.9939000606536865,2.9939000606536865,58213.0
2024-03-01 11:30:00,ADMA,5.340000152587891,5.340000152587891,5.340000152587891,5.329999923706055,5.335000038146973,2459.0
2024-03-01 11:30:00,ADPT,4.195000171661377,4.195000171661377,4.195000171661377,4.195000171661377,4.195000171661377,395.0
2024-03-01 11:30:00,ADVM,1.934999942779541,1.934999942779541,1.934999942779541,1.934999942779541,1.934999942779541,167.0
2024-03-01 11:30:00,AFMD,0.6220999956130981,0.6220999956130981,0.6220999956130981,0.6220999956130981,0.6220999956130981,160.0
2024-03-01 11:30:00,AGEN,0.6671500205993652,0.6671500205993652,0.6672000288963318,0.6671000123023987,0.6672000288963318,5310.0
2024-03-01 11:30:00,AGIO,32.779998779296875,32.779998779296875,32.779998779296875,32.77000045776367,32.77000045776367,391.0
2024-03-01 11:30:00,AGRX,0.8399999737739563,0.8399999737739563,0.8399999737739563,0.8399999737739563,0.8399999737739563,102.0
2024-03-01 11:30:00,AHCO,10.774999618530273,10.774999618530273,10.795000076293945,10.774999618530273,10.789999961853027,2192.0
2024-03-01 11:30:00,AIMD,0.9750000238418579,0.9750000238418579,0.9750000238418579,0.9750000238418579,0.9750000238418579,100.0
2024-03-01 11:30:00,AIRS,6.480000019073486,6.480000019073486,6.480000019073486,6.465000152587891,6.465000152587891,544.0
2024-03-01 11:30:00,AKAN,0.24690000712871552,0.24690000712871552,0.24740000069141388,0.24210000038146973,0.24210000038146973,4947.0
2024-03-01 11:30:00,AKBA,1.6549999713897705,1.6549999713897705,1.6549999713897705,1.6549999713897705,1.6549999713897705,3144.0
2024-03-01 11:30:00,AKRO,29.174999237060547,29.174999237060547,29.19499969482422,29.139999389648438,29.19499969482422,5279.0
2024-03-01 11:30:00,ALDX,4.1585001945495605,4.1585001945495605,4.1585001945495605,4.1585001945495605,4.1585001945495605,250.0
2024-03-01 11:30:00,ALEC,7.474999904632568,7.474999904632568,7.480000019073486,7.474999904632568,7.480000019073486,2185.0
2024-03-01 11:30:00,ALHC,5.880000114440918,5.880000114440918,5.880000114440918,5.880000114440918,5.880000114440918,107.0
2024-03-01 11:30:00,ALKS,30.19499969482422,30.19499969482422,30.19499969482422,30.170000076293945,30.170000076293945,1081.0
2024-03-01 11:30:00,ALLK,1.5850000381469727,1.5850000381469727,1.5850000381469727,1.5850000381469727,1.5850000381469727,100.0
2024-03-01 11:30:00,ALLO,5.034999847412109,5.034999847412109,5.034999847412109,5.03000020980835,5.034999847412109,404.0
2024-03-01 11:30:00,ALPN,35.970001220703125,35.970001220703125,35.970001220703125,35.970001220703125,35.970001220703125,1898.0
2024-03-01 11:30:00,ALT,12.149999618530273,12.149999618530273,12.170000076293945,12.140000343322754,12.140000343322754,2824.0
2024-03-01 11:30:00,ALXO,15.069999694824219,15.069999694824219,15.109999656677246,15.029999732971191,15.100000381469727,2172.0
2024-03-01 11:30:00,AMED,93.69000244140625,93.69000244140625,93.69000244140625,93.66999816894531,93.66999816894531,889.0
2024-03-01 11:30:00,AMGN,281.0199890136719,281.0199890136719,281.0400085449219,280.91900634765625,281.0,4367.0
2024-03-01 11:30:00,AMLX,18.815000534057617,18.815000534057617,18.84000015258789,18.809999465942383,18.81999969482422,1401.0
2024-03-01 11:30:00,AMPH,45.75,45.75,45.75,45.75,45.75,710.0
2024-03-01 11:30:00,AMRN,1.0549999475479126,1.0549999475479126,1.0549999475479126,1.0499999523162842,1.0509999990463257,13572.0
2024-03-01 11:30:00,ANAB,25.399999618530273,25.399999618530273,25.399999618530273,25.399999618530273,25.399999618530273,412.0
2024-03-01 11:30:00,ANNX,5.989999771118164,5.989999771118164,6.0,5.989999771118164,6.0,2223.0
2024-03-01 11:30:00,APLS,64.86000061035156,64.86000061035156,64.86000061035156,64.66999816894531,64.66999816894531,5104.0
2024-03-01 11:30:00,APLT,7.125,7.125,7.125,7.125,7.125,251.0
2024-03-01 11:30:00,AQST,4.260000228881836,4.260000228881836,4.260000228881836,4.230000019073486,4.230000019073486,11585.0
2024-03-01 11:30:00,ARAY,2.630000114440918,2.630000114440918,2.630000114440918,2.630000114440918,2.630000114440918,127.0
2024-03-01 11:30:00,ARDX,9.46500015258789,9.46500015258789,9.479999542236328,9.46500015258789,9.475000381469727,6129.0
2024-03-01 11:30:00,ARGX,389.25,389.25,389.25,389.25,389.25,3959.0
2024-03-01 11:30:00,ARQT,11.229399681091309,11.229399681091309,11.229999542236328,11.180000305175781,11.180000305175781,7397.0
2024-03-01 11:30:00,ARVN,48.78499984741211,48.78499984741211,48.85499954223633,48.78499984741211,48.85499954223633,489.0
2024-03-01 11:30:00,ARWR,35.59000015258789,35.59000015258789,35.599998474121094,35.4900016784668,35.5,6678.0
2024-03-01 11:30:00,ASLN,0.8397989869117737,0.8397989869117737,0.8398000001907349,0.8397989869117737,0.8398000001907349,1000.0
2024-03-01 11:30:00,ASRT,0.9060999751091003,0.9060999751091003,0.9060999751091003,0.9060999751091003,0.9060999751091003,1237.0
2024-03-01 11:30:00,ATAI,2.0,2.0,2.0,2.0,2.0,434.0
2024-03-01 11:30:00,ATEC,13.59000015258789,13.59000015258789,13.59000015258789,13.5600004196167,13.5600004196167,4113.0
2024-03-01 11:30:00,ATHA,3.994999885559082,3.994999885559082,3.994999885559082,3.994999885559082,3.994999885559082,218.0
2024-03-01 11:30:00,ATRA,0.8065000176429749,0.8065000176429749,0.8065000176429749,0.8029999732971191,0.8065000176429749,1571.0
2024-03-01 11:30:00,ATRC,36.08000183105469,36.08000183105469,36.08000183105469,36.08000183105469,36.08000183105469,1992.0
2024-03-01 11:30:00,ATXI,0.15199999511241913,0.15199999511241913,0.1535000056028366,0.15199999511241913,0.1535000056028366,45597.0
2024-03-01 11:30:00,AUGX,4.550000190734863,4.550000190734863,4.550000190734863,4.550000190734863,4.550000190734863,197.0
2024-03-01 11:30:00,AUPH,5.809999942779541,5.809999942779541,5.815000057220459,5.809999942779541,5.815000057220459,956.0
2024-03-01 11:30:00,AURA,9.359999656677246,9.359999656677246,9.359999656677246,9.359999656677246,9.359999656677246,789.0
2024-03-01 11:30:00,AUTL,6.25,6.25,6.25,6.25,6.25,1313.0
2024-03-01 11:30:00,AVDL,12.75,12.75,12.75,12.739999771118164,12.739999771118164,1703.0
2024-03-01 11:30:00,AVGR,3.759999990463257,3.759999990463257,3.801100015640259,3.759999990463257,3.801100015640259,683.0
2024-03-01 11:30:00,AVIR,4.425000190734863,4.425000190734863,4.425000190734863,4.425000190734863,4.425000190734863,100.0
2024-03-01 11:30:00,AVXL,5.389800071716309,5.389800071716309,5.389800071716309,5.380000114440918,5.380000114440918,1024.0
2024-03-01 11:30:00,AXGN,10.460000038146973,10.460000038146973,10.470000267028809,10.460000038146973,10.470000267028809,417.0
2024-03-01 11:30:00,AXNX,67.25,67.25,67.25499725341797,67.25,67.25499725341797,1300.0
2024-03-01 11:30:00,AXSM,82.91999816894531,82.91999816894531,82.91999816894531,82.91999816894531,82.91999816894531,147.0
2024-03-01 11:30:00,AZN,64.5199966430664,64.5199966430664,64.54499816894531,64.48999786376953,64.5199966430664,39085.0
2024-03-01 11:30:00,AZTA,66.45999908447266,66.45999908447266,66.45999908447266,66.41000366210938,66.45999908447266,245.0
2024-03-01 11:30:00,BBIO,35.869998931884766,35.869998931884766,35.869998931884766,35.83000183105469,35.849998474121094,1219.0
2024-03-01 11:30:00,BCAB,2.7799999713897705,2.7799999713897705,2.7799999713897705,2.7799999713897705,2.7799999713897705,360.0
2024-03-01 11:30:00,BCDA,0.5645999908447266,0.5645999908447266,0.5645999908447266,0.5645999908447266,0.5645999908447266,230.0
2024-03-01 11:30:00,BCEL,0.27090001106262207,0.27090001106262207,0.27090001106262207,0.27090001106262207,0.27090001106262207,186.0
2024-03-01 11:30:00,BCLI,0.3504999876022339,0.3504999876022339,0.3504999876022339,0.3504999876022339,0.3504999876022339,967.0
2024-03-01 11:30:00,BCRX,5.800000190734863,5.800000190734863,5.804999828338623,5.800000190734863,5.800000190734863,782.0
2024-03-01 11:30:00,BDSX,1.6299999952316284,1.6299999952316284,1.6299999952316284,1.6299999952316284,1.6299999952316284,100.0
2024-03-01 11:30:00,BDTX,5.059999942779541,5.059999942779541,5.059999942779541,5.059999942779541,5.059999942779541,655.0
2024-03-01 11:30:00,BEAM,40.19499969482422,40.19499969482422,40.20000076293945,40.150001525878906,40.165000915527344,1646.0
2024-03-01 11:30:00,BGXX,0.2743000090122223,0.2743000090122223,0.2743000090122223,0.27300000190734863,0.27300000190734863,5107.0
2024-03-01 11:30:00,BIIB,219.41000366210938,219.41000366210938,219.41000366210938,219.00999450683594,219.00999450683594,9121.0
2024-03-01 11:30:00,BIOR,1.2300000190734863,1.2300000190734863,1.249899983406067,1.2300000190734863,1.249899983406067,1854.0
2024-03-01 11:30:00,BIVI,2.3183000087738037,2.3183000087738037,2.359999895095825,2.309999942779541,2.3397998809814453,92254.0
2024-03-01 11:30:00,BLFS,17.979999542236328,17.979999542236328,17.979999542236328,17.979999542236328,17.979999542236328,203.0
2024-03-01 11:30:00,BLUE,1.582200050354004,1.582200050354004,1.589900016784668,1.5800000429153442,1.589900016784668,2692.0
2024-03-01 11:30:00,BMRN,86.68000030517578,86.68000030517578,86.68000030517578,86.61000061035156,86.62000274658203,1553.0
2024-03-01 11:30:00,BNTX,91.88999938964844,91.88999938964844,91.88999938964844,91.86000061035156,91.86000061035156,1341.0
2024-03-01 11:30:00,BRKR,87.55500030517578,87.55500030517578,87.55500030517578,87.55500030517578,87.55500030517578,592.0
2024-03-01 11:30:00,BRTX,1.4850000143051147,1.4850000143051147,1.5,1.4701000452041626,1.4701000452041626,7834.0
2024-03-01 11:30:00,BSGM,0.6200000047683716,0.6200000047683716,0.6200000047683716,0.6200000047683716,0.6200000047683716,987.0
2024-03-01 11:30:00,BTAI,3.2300000190734863,3.2300000190734863,3.2300000190734863,3.2300000190734863,3.2300000190734863,197.0
2024-03-01 11:30:00,BTMD,6.059999942779541,6.059999942779541,6.059999942779541,6.059999942779541,6.059999942779541,240.0
2024-03-01 11:30:00,BTTX,0.16930000483989716,0.16930000483989716,0.16930000483989716,0.16740000247955322,0.16740000247955322,3906.0
2024-03-01 11:30:00,BVS,4.690000057220459,4.690000057220459,4.690000057220459,4.690000057220459,4.690000057220459,102.0
2024-03-01 11:30:00,CAPR,4.570000171661377,4.570000171661377,4.570000171661377,4.570000171661377,4.570000171661377,310.0
2024-03-01 11:30:00,CBAY,32.23059844970703,32.23059844970703,32.25,32.22999954223633,32.25,12753.0
2024-03-01 11:30:00,CCCC,10.9399995803833,10.9399995803833,10.949999809265137,10.9350004196167,10.9399995803833,2216.0
2024-03-01 11:30:00,CCRN,18.15999984741211,18.15999984741211,18.190000534057617,18.15999984741211,18.190000534057617,2095.0
2024-03-01 11:30:00,CDMO,8.130000114440918,8.130000114440918,8.130000114440918,8.119999885559082,8.119999885559082,764.0
2024-03-01 11:30:00,CDNA,12.4399995803833,12.4399995803833,12.449999809265137,12.4399995803833,12.449999809265137,3915.0
2024-03-01 11:30:00,CDXS,4.420000076293945,4.420000076293945,4.420000076293945,4.420000076293945,4.420000076293945,3881.0
2024-03-01 11:30:00,CELC,15.819999694824219,15.819999694824219,15.819999694824219,15.819999694824219,15.819999694824219,2152.0
2024-03-01 11:30:00,CERE,41.189998626708984,41.189998626708984,41.189998626708984,41.18000030517578,41.18000030517578,1091.0
2024-03-01 11:30:00,CERT,17.600000381469727,17.600000381469727,17.600000381469727,17.600000381469727,17.600000381469727,527.0
2024-03-01 11:30:00,CGC,3.2699999809265137,3.2699999809265137,3.2750000953674316,3.265000104904175,3.2699999809265137,12603.0
2024-03-01 11:30:00,CGTX,2.0399999618530273,2.0399999618530273,2.0399999618530273,2.0399999618530273,2.0399999618530273,201.0
2024-03-01 11:30:00,CHRS,2.3299999237060547,2.3299999237060547,2.3350000381469727,2.3299999237060547,2.3350000381469727,24234.0
2024-03-01 11:30:00,CLDX,51.89250183105469,51.89250183105469,51.91999816894531,51.849998474121094,51.849998474121094,3325.0
2024-03-01 11:30:00,CLNN,0.39489999413490295,0.39489999413490295,0.39489999413490295,0.39489999413490295,0.39489999413490295,716.0
2024-03-01 11:30:00,CLOV,0.8754000067710876,0.8754000067710876,0.8769000172615051,0.8751999735832214,0.8769000172615051,531.0
2024-03-01 11:30:00,CLRB,4.138800144195557,4.138800144195557,4.138800144195557,4.138800144195557,4.138800144195557,246.0
2024-03-01 11:30:00,CMPS,11.199999809265137,11.199999809265137,11.199999809265137,11.199999809265137,11.199999809265137,3067.0
2024-03-01 11:30:00,CMRX,1.1449999809265137,1.1449999809265137,1.1449999809265137,1.1412999629974365,1.1412999629974365,396.0
2024-03-01 11:30:00,CNSP,0.3100000023841858,0.3100000023841858,0.3100000023841858,0.3100000023841858,0.3100000023841858,1850.0
2024-03-01 11:30:00,CNTB,1.1699999570846558,1.1699999570846558,1.1699999570846558,1.1699999570846558,1.1699999570846558,271.0
2024-03-01 11:30:00,COGT,7.159999847412109,7.159999847412109,7.170000076293945,7.159999847412109,7.170000076293945,2818.0
2024-03-01 11:30:00,CORT,23.899999618530273,23.899999618530273,23.899999618530273,23.875,23.875,3311.0
2024-03-01 11:30:00,CPRX,17.0,17.0,17.0,17.0,17.0,8227.0
2024-03-01 11:30:00,CRBU,8.074999809265137,8.074999809265137,8.079999923706055,8.050000190734863,8.074999809265137,2866.0
2024-03-01 11:30:00,CRDF,2.430999994277954,2.430999994277954,2.440000057220459,2.4100000858306885,2.4149999618530273,27221.0
2024-03-01 11:30:00,CRMD,3.7200000286102295,3.7200000286102295,3.7200000286102295,3.7200000286102295,3.7200000286102295,100.0
2024-03-01 11:30:00,CRNX,46.064998626708984,46.064998626708984,46.073001861572266,45.97999954223633,45.97999954223633,754.0
2024-03-01 11:30:00,CRON,2.055000066757202,2.055000066757202,2.055000066757202,2.055000066757202,2.055000066757202,816.0
2024-03-01 11:30:00,CRSP,85.71499633789062,85.71499633789062,85.75,85.63150024414062,85.75,453.0
2024-03-01 11:30:00,CTKB,8.475000381469727,8.475000381469727,8.475000381469727,8.475000381469727,8.475000381469727,129.0
2024-03-01 11:30:00,CUE,2.1700000762939453,2.1700000762939453,2.1700000762939453,2.1700000762939453,2.1700000762939453,715.0
2024-03-01 11:30:00,CUTR,2.430000066757202,2.430000066757202,2.430000066757202,2.430000066757202,2.430000066757202,100.0
2024-03-01 11:30:00,CVRX,19.989999771118164,19.989999771118164,19.989999771118164,19.959999084472656,19.959999084472656,554.0
2024-03-01 11:30:00,CYTK,73.62000274658203,73.62000274658203,73.62000274658203,73.58000183105469,73.61000061035156,1958.0
2024-03-01 11:30:00,CYTO,2.1500000953674316,2.1500000953674316,2.1500000953674316,2.1500000953674316,2.1500000953674316,101.0
2024-03-01 11:30:00,DARE,0.5550000071525574,0.5550000071525574,0.5550000071525574,0.5539000034332275,0.5550000071525574,5901.0
2024-03-01 11:30:00,DAWN,17.5049991607666,17.5049991607666,17.5049991607666,17.5049991607666,17.5049991607666,325.0
2024-03-01 11:30:00,DCGO,4.150000095367432,4.150000095367432,4.150000095367432,4.150000095367432,4.150000095367432,300.0
2024-03-01 11:30:00,DH,9.079999923706055,9.079999923706055,9.09000015258789,9.029999732971191,9.057499885559082,15248.0
2024-03-01 11:30:00,DMTK,0.8500000238418579,0.8500000238418579,0.8500000238418579,0.8500000238418579,0.8500000238418579,1000.0
2024-03-01 11:30:00,DNLI,20.899999618530273,20.899999618530273,20.899999618530273,20.889999389648438,20.895000457763672,809.0
2024-03-01 11:30:00,DRIO,2.049999952316284,2.049999952316284,2.049999952316284,2.0,2.0,1551.0
2024-03-01 11:30:00,DTIL,12.5,12.5,12.555000305175781,12.5,12.550000190734863,1418.0
2024-03-01 11:30:00,DVAX,12.835000038146973,12.835000038146973,12.835000038146973,12.835000038146973,12.835000038146973,104.0
2024-03-01 11:30:00,DXCM,118.65499877929688,118.65499877929688,118.70999908447266,118.62999725341797,118.70999908447266,3164.0
2024-03-01 11:30:00,DYN,28.68000030517578,28.68000030517578,28.68000030517578,28.68000030517578,28.68000030517578,248.0
2024-03-01 11:30:00,EDIT,10.970000267028809,10.970000267028809,10.979999542236328,10.970000267028809,10.979999542236328,2618.0
2024-03-01 11:30:00,ELEV,4.980000019073486,4.980000019073486,4.980000019073486,4.980000019073486,4.980000019073486,241.0
2024-03-01 11:30:00,EMBC,14.390000343322754,14.390000343322754,14.390000343322754,14.390000343322754,14.390000343322754,257.0
2024-03-01 11:30:00,ENTA,15.255000114440918,15.255000114440918,15.324999809265137,15.255000114440918,15.270000457763672,698.0
2024-03-01 11:30:00,ENVB,1.590000033378601,1.590000033378601,1.590000033378601,1.590000033378601,1.590000033378601,16473.0
2024-03-01 11:30:00,ERAS,2.5199999809265137,2.5199999809265137,2.5201001167297363,2.5199999809265137,2.5199999809265137,601.0
2024-03-01 11:30:00,ESPR,2.505000114440918,2.505000114440918,2.515000104904175,2.5,2.5130999088287354,30271.0
2024-03-01 11:30:00,ETNB,12.800000190734863,12.800000190734863,12.850000381469727,12.789999961853027,12.8100004196167,5018.0
2024-03-01 11:30:00,EXAS,60.022499084472656,60.022499084472656,60.022499084472656,59.96500015258789,59.98500061035156,3170.0
2024-03-01 11:30:00,EXEL,22.434999465942383,22.434999465942383,22.459999084472656,22.434999465942383,22.454999923706055,4274.0
2024-03-01 11:30:00,FATE,7.429999828338623,7.429999828338623,7.429999828338623,7.429999828338623,7.429999828338623,1473.0
2024-03-01 11:30:00,FBIO,2.2300000190734863,2.2300000190734863,2.2300000190734863,2.2300000190734863,2.2300000190734863,155.0
2024-03-01 11:30:00,FDMT,29.31999969482422,29.31999969482422,29.31999969482422,29.209999084472656,29.2549991607666,5558.0
2024-03-01 11:30:00,FENC,9.760000228881836,9.760000228881836,9.760000228881836,9.760000228881836,9.760000228881836,100.0
2024-03-01 11:30:00,FGEN,1.799399971961975,1.799399971961975,1.7999999523162842,1.799399971961975,1.7999000549316406,1679.0
2024-03-01 11:30:00,FLGT,23.424999237060547,23.424999237060547,23.424999237060547,23.424999237060547,23.424999237060547,288.0
2024-03-01 11:30:00,FOLD,13.319999694824219,13.319999694824219,13.319999694824219,13.3100004196167,13.3149995803833,2366.0
2024-03-01 11:30:00,FULC,10.800000190734863,10.800000190734863,10.800000190734863,10.800000190734863,10.800000190734863,1200.0
2024-03-01 11:30:00,FUSN,12.1899995803833,12.1899995803833,12.199999809265137,12.1899995803833,12.199999809265137,2952.0
2024-03-01 11:30:00,FWBI,8.09000015258789,8.09000015258789,8.09000015258789,8.09000015258789,8.09000015258789,100.0
2024-03-01 11:30:00,GANX,4.682300090789795,4.682300090789795,4.682300090789795,4.682300090789795,4.682300090789795,3575.0
2024-03-01 11:30:00,GBIO,2.5999999046325684,2.5999999046325684,2.609999895095825,2.5999999046325684,2.609999895095825,2136.0
2024-03-01 11:30:00,GCTK,0.2971000075340271,0.2971000075340271,0.2971000075340271,0.2971000075340271,0.2971000075340271,1432.0
2024-03-01 11:30:00,GDRX,8.289999961853027,8.289999961853027,8.300000190734863,8.28499984741211,8.28499984741211,3828.0
2024-03-01 11:30:00,GERN,2.1700000762939453,2.1700000762939453,2.1700000762939453,2.1649999618530273,2.1700000762939453,20613.0
2024-03-01 11:30:00,GH,19.280000686645508,19.280000686645508,19.290000915527344,19.264999389648438,19.280000686645508,756.0
2024-03-01 11:30:00,GILD,72.38999938964844,72.38999938964844,72.41500091552734,72.38999938964844,72.41500091552734,9127.0
2024-03-01 11:30:00,GLPG,35.0,35.0,35.0,35.0,35.0,2953.0
2024-03-01 11:30:00,GMAB,29.299999237060547,29.299999237060547,29.299999237060547,29.299999237060547,29.299999237060547,354.0
2024-03-01 11:30:00,GOSS,1.3600000143051147,1.3600000143051147,1.3600000143051147,1.3550000190734863,1.3550000190734863,1800.0
2024-03-01 11:30:00,GRFS,7.159999847412109,7.159999847412109,7.159999847412109,7.135000228881836,7.135000228881836,4587.0
2024-03-01 11:30:00,GRPH,3.5,3.5,3.5,3.4946999549865723,3.4946999549865723,700.0
2024-03-01 11:30:00,GRTS,2.2100000381469727,2.2100000381469727,2.234999895095825,2.2100000381469727,2.2300000190734863,6806.0
2024-03-01 11:30:00,GTHX,3.559999942779541,3.559999942779541,3.569999933242798,3.549999952316284,3.569999933242798,3849.0
2024-03-01 11:30:00,HALO,41.095001220703125,41.095001220703125,41.119998931884766,41.095001220703125,41.1150016784668,524.0
2024-03-01 11:30:00,HARP,22.940000534057617,22.940000534057617,22.940000534057617,22.940000534057617,22.940000534057617,114861.0
2024-03-01 11:30:00,HCAT,7.958399772644043,7.958399772644043,7.960000038146973,7.920000076293945,7.929999828338623,2641.0
2024-03-01 11:30:00,HCM,15.289999961853027,15.289999961853027,15.329999923706055,15.279999732971191,15.329999923706055,1267.0
2024-03-01 11:30:00,HCTI,2.7300000190734863,2.7300000190734863,2.7899999618530273,2.569999933242798,2.60479998588562,25437.0
2024-03-01 11:30:00,HITI,1.76010000705719,1.76010000705719,1.7649999856948853,1.76010000705719,1.7649999856948853,1200.0
2024-03-01 11:30:00,HOLX,73.69000244140625,73.69000244140625,73.70500183105469,73.69000244140625,73.69000244140625,3405.0
2024-03-01 11:30:00,HOWL,6.850100040435791,6.850100040435791,6.860000133514404,6.849999904632568,6.860000133514404,2539.0
2024-03-01 11:30:00,HRTX,2.640000104904175,2.640000104904175,2.640000104904175,2.634999990463257,2.634999990463257,389.0
2024-03-01 11:30:00,HSIC,76.93000030517578,76.93000030517578,76.93000030517578,76.93000030517578,76.93000030517578,419.0
2024-03-01 11:30:00,HUGE,0.8799999952316284,0.8799999952316284,0.8799999952316284,0.878849983215332,0.8799999952316284,8774.0
2024-03-01 11:30:00,HUMA,3.265000104904175,3.265000104904175,3.299999952316284,3.265000104904175,3.265000104904175,34906.0
2024-03-01 11:30:00,IART,36.599998474121094,36.599998474121094,36.599998474121094,36.599998474121094,36.599998474121094,22737.0
2024-03-01 11:30:00,IBRX,4.920000076293945,4.920000076293945,4.920000076293945,4.909999847412109,4.914999961853027,3539.0
2024-03-01 11:30:00,ICAD,1.9149999618530273,1.9149999618530273,1.9149999618530273,1.9027999639511108,1.902899980545044,1549.0
2024-03-01 11:30:00,ICLR,322.68499755859375,322.68499755859375,322.8399963378906,322.68499755859375,322.739990234375,1112.0
2024-03-01 11:30:00,ICUI,106.06999969482422,106.06999969482422,106.16000366210938,106.06999969482422,106.16000366210938,637.0
2024-03-01 11:30:00,IDXX,579.8350219726562,579.8350219726562,579.8350219726562,578.780029296875,578.780029296875,1833.0
2024-03-01 11:30:00,IDYA,46.04499816894531,46.04499816894531,46.04499816894531,46.04499816894531,46.04499816894531,274.0
2024-03-01 11:30:00,IINN,1.6298999786376953,1.6298999786376953,1.6298999786376953,1.6298999786376953,1.6298999786376953,5000.0
2024-03-01 11:30:00,IKNA,1.4800000190734863,1.4800000190734863,1.4800000190734863,1.4800000190734863,1.4800000190734863,1186.0
2024-03-01 11:30:00,ILMN,141.72000122070312,141.72000122070312,141.72000122070312,141.67999267578125,141.6999969482422,2361.0
2024-03-01 11:30:00,IMCR,68.27999877929688,68.27999877929688,68.30999755859375,68.27999877929688,68.30500030517578,1042.0
2024-03-01 11:30:00,IMMX,3.5350000858306885,3.5350000858306885,3.5350000858306885,3.505000114440918,3.505000114440918,3235.0
2024-03-01 11:30:00,IMUX,1.4700000286102295,1.4700000286102295,1.475000023841858,1.4700000286102295,1.4700000286102295,912.0
2024-03-01 11:30:00,INCY,59.04999923706055,59.04999923706055,59.04999923706055,59.04999923706055,59.04999923706055,3248.0
2024-03-01 11:30:00,INGN,6.864999771118164,6.864999771118164,6.880000114440918,6.864999771118164,6.880000114440918,361.0
2024-03-01 11:30:00,INMB,12.050000190734863,12.050000190734863,12.050000190734863,12.050000190734863,12.050000190734863,100.0
2024-03-01 11:30:00,INMD,22.739999771118164,22.739999771118164,22.739999771118164,22.729999542236328,22.729999542236328,1041.0
2024-03-01 11:30:00,INO,9.239999771118164,9.239999771118164,9.239999771118164,9.239999771118164,9.239999771118164,580.0
2024-03-01 11:30:00,INSM,28.149999618530273,28.149999618530273,28.149999618530273,28.139999389648438,28.139999389648438,945.0
2024-03-01 11:30:00,INVA,15.694999694824219,15.694999694824219,15.699999809265137,15.6899995803833,15.699999809265137,2058.0
2024-03-01 11:30:00,INZY,6.46999979019165,6.46999979019165,6.46999979019165,6.46999979019165,6.46999979019165,358.0
2024-03-01 11:30:00,IONS,45.79999923706055,45.79999923706055,45.79999923706055,45.779998779296875,45.779998779296875,975.0
2024-03-01 11:30:00,IOVA,16.485000610351562,16.485000610351562,16.489999771118164,16.44499969482422,16.44499969482422,12611.0
2024-03-01 11:30:00,IPSC,3.7899999618530273,3.7899999618530273,3.799999952316284,3.7899999618530273,3.799999952316284,401.0
2024-03-01 11:30:00,IRWD,8.977800369262695,8.977800369262695,8.977800369262695,8.970000267028809,8.975000381469727,2858.0
2024-03-01 11:30:00,ISRG,393.1300048828125,393.1300048828125,393.239990234375,393.010009765625,393.135009765625,1526.0
2024-03-01 11:30:00,ITCI,71.07499694824219,71.07499694824219,71.0999984741211,71.06999969482422,71.06999969482422,10528.0
2024-03-01 11:30:00,JAGX,0.07980000227689743,0.07980000227689743,0.08049999922513962,0.07930000126361847,0.08020000159740448,299202.0
2024-03-01 11:30:00,JANX,46.439998626708984,46.439998626708984,46.68899917602539,46.30500030517578,46.38420104980469,4593.0
2024-03-01 11:30:00,JAZZ,120.51000213623047,120.51000213623047,120.58999633789062,120.51000213623047,120.58999633789062,15138.0
2024-03-01 11:30:00,JYNT,10.125,10.125,10.15999984741211,10.119999885559082,10.15999984741211,3014.0
2024-03-01 11:30:00,KALV,13.949999809265137,13.949999809265137,14.010000228881836,13.949999809265137,14.010000228881836,1595.0
2024-03-01 11:30:00,KNSA,21.93000030517578,21.93000030517578,21.93000030517578,21.905000686645508,21.93000030517578,760.0
2024-03-01 11:30:00,KNTE,2.615000009536743,2.615000009536743,2.615000009536743,2.615000009536743,2.615000009536743,575.0
2024-03-01 11:30:00,KOD,6.1508002281188965,6.1508002281188965,6.1508002281188965,6.1508002281188965,6.1508002281188965,211.0
2024-03-01 11:30:00,KPTI,1.2200000286102295,1.2200000286102295,1.2350000143051147,1.2200000286102295,1.2309000492095947,8955.0
2024-03-01 11:30:00,KROS,69.0,69.0,69.0,69.0,69.0,803.0
2024-03-01 11:30:00,KTRA,0.0986500009894371,0.0986500009894371,0.09870000183582306,0.0986500009894371,0.09870000183582306,403.0
2024-03-01 11:30:00,KURA,21.350000381469727,21.350000381469727,21.350000381469727,21.350000381469727,21.350000381469727,116.0
2024-03-01 11:30:00,KYMR,43.724998474121094,43.724998474121094,43.724998474121094,43.720001220703125,43.720001220703125,317.0
2024-03-01 11:30:00,KZR,1.0800000429153442,1.0800000429153442,1.0800000429153442,1.0750000476837158,1.0750000476837158,1653.0
2024-03-01 11:30:00,LAB,2.424999952316284,2.424999952316284,2.430000066757202,2.4200000762939453,2.424999952316284,4016.0
2024-03-01 11:30:00,LBPH,21.7549991607666,21.7549991607666,21.84000015258789,21.7549991607666,21.809999465942383,929.0
2024-03-01 11:30:00,LEGN,65.8499984741211,65.8499984741211,65.8499984741211,65.8499984741211,65.8499984741211,2603.0
2024-03-01 11:30:00,LFMD,7.96999979019165,7.96999979019165,7.96999979019165,7.96999979019165,7.96999979019165,113.0
2024-03-01 11:30:00,LFMDP,20.190000534057617,20.190000534057617,20.190000534057617,20.190000534057617,20.190000534057617,1079.0
2024-03-01 11:30:00,LFST,7.990200042724609,7.990200042724609,7.990200042724609,7.990200042724609,7.990200042724609,1549.0
2024-03-01 11:30:00,LIAN,4.860000133514404,4.860000133514404,4.860000133514404,4.860000133514404,4.860000133514404,518.0
2024-03-01 11:30:00,LIFE,1.934999942779541,1.934999942779541,1.934999942779541,1.9299999475479126,1.934999942779541,3100.0
2024-03-01 11:30:00,LNTH,65.19999694824219,65.19999694824219,65.19999694824219,65.19999694824219,65.19999694824219,1891.0
2024-03-01 11:30:00,LQDA,14.350000381469727,14.350000381469727,14.350000381469727,14.329999923706055,14.329999923706055,1393.0
2024-03-01 11:30:00,LRMR,11.100000381469727,11.100000381469727,11.100000381469727,11.100000381469727,11.100000381469727,129.0
2024-03-01 11:30:00,LTRN,4.660399913787842,4.660399913787842,4.660399913787842,4.660399913787842,4.660399913787842,520.0
2024-03-01 11:30:00,LUCD,1.2300000190734863,1.2300000190734863,1.2300000190734863,1.2300000190734863,1.2300000190734863,100.0
2024-03-01 11:30:00,LUNG,9.210000038146973,9.210000038146973,9.210000038146973,9.210000038146973,9.210000038146973,100.0
2024-03-01 11:30:00,LXRX,2.4000000953674316,2.4000000953674316,2.4054999351501465,2.4000000953674316,2.4054999351501465,2929.0
2024-03-01 11:30:00,LYRA,5.59499979019165,5.59499979019165,5.599999904632568,5.59499979019165,5.599999904632568,984.0
2024-03-01 11:30:00,MASI,127.02999877929688,127.02999877929688,127.02999877929688,127.0199966430664,127.02999877929688,441.0
2024-03-01 11:30:00,MCRB,1.1950000524520874,1.1950000524520874,1.1950000524520874,1.1900999546051025,1.1950000524520874,6120.0
2024-03-01 11:30:00,MDRX,5.949999809265137,5.949999809265137,5.949999809265137,5.949999809265137,5.949999809265137,4918.0
2024-03-01 11:30:00,MDXG,8.585000038146973,8.585000038146973,8.59000015258789,8.585000038146973,8.59000015258789,1725.0
2024-03-01 11:30:00,ME,0.5728899836540222,0.5728899836540222,0.5733000040054321,0.5702999830245972,0.5705000162124634,42482.0
2024-03-01 11:30:00,MEDP,400.0400085449219,400.0400085449219,400.0400085449219,400.0400085449219,400.0400085449219,6525.0
2024-03-01 11:30:00,MEDS,9.15999984741211,9.15999984741211,9.15999984741211,9.15999984741211,9.15999984741211,500.0
2024-03-01 11:30:00,MEIP,4.269899845123291,4.269899845123291,4.269899845123291,4.269899845123291,4.269899845123291,2091.0
2024-03-01 11:30:00,MGNX,19.165000915527344,19.165000915527344,19.170000076293945,19.165000915527344,19.170000076293945,404.0
2024-03-01 11:30:00,MIRM,30.110000610351562,30.110000610351562,30.1299991607666,30.06999969482422,30.1299991607666,2872.0
2024-03-01 11:30:00,MIST,1.6825000047683716,1.6825000047683716,1.690000057220459,1.6799999475479126,1.6799999475479126,18723.0
2024-03-01 11:30:00,MLTX,51.23500061035156,51.23500061035156,51.400001525878906,51.209999084472656,51.400001525878906,2117.0
2024-03-01 11:30:00,MNKD,4.644999980926514,4.644999980926514,4.644999980926514,4.614999771118164,4.614999771118164,24162.0
2024-03-01 11:30:00,MNMD,5.920000076293945,5.920000076293945,5.930200099945068,5.920000076293945,5.930200099945068,1903.0
2024-03-01 11:30:00,MOR,17.600000381469727,17.600000381469727,17.600000381469727,17.600000381469727,17.600000381469727,116.0
2024-03-01 11:30:00,MREO,3.799999952316284,3.799999952316284,3.805000066757202,3.799999952316284,3.805000066757202,311.0
2024-03-01 11:30:00,MRNA,95.66999816894531,95.66999816894531,95.70999908447266,95.6500015258789,95.69000244140625,2867.0
2024-03-01 11:30:00,MRNS,9.84000015258789,9.84000015258789,9.84000015258789,9.84000015258789,9.84000015258789,386.0
2024-03-01 11:30:00,MRSN,6.0,6.0,6.005000114440918,5.995200157165527,6.0,16562.0
2024-03-01 11:30:00,MRUS,50.849998474121094,50.849998474121094,50.88999938964844,50.849998474121094,50.849998474121094,1317.0
2024-03-01 11:30:00,MRVI,7.824999809265137,7.824999809265137,7.824999809265137,7.815000057220459,7.820000171661377,3105.0
2024-03-01 11:30:00,MTEM,3.7300000190734863,3.7300000190734863,3.759999990463257,3.7300000190734863,3.759999990463257,2595.0
2024-03-01 11:30:00,MXCT,4.739999771118164,4.739999771118164,4.755000114440918,4.739999771118164,4.755000114440918,2864.0
2024-03-01 11:30:00,MYNZ,0.8600000143051147,0.8600000143051147,0.8600000143051147,0.8600000143051147,0.8600000143051147,900.0
2024-03-01 11:30:00,NARI,46.29999923706055,46.29999923706055,46.29999923706055,46.29999923706055,46.29999923706055,8690.0
2024-03-01 11:30:00,NAUT,2.684999942779541,2.684999942779541,2.684999942779541,2.6600000858306885,2.6600000858306885,233.0
2024-03-01 11:30:00,NBIX,130.28500366210938,130.28500366210938,130.35000610351562,130.13999938964844,130.13999938964844,1458.0
2024-03-01 11:30:00,NEO,16.030000686645508,16.030000686645508,16.030000686645508,16.0049991607666,16.010000228881836,2720.0
2024-03-01 11:30:00,NEOG,17.264999389648438,17.264999389648438,17.280000686645508,17.264999389648438,17.280000686645508,2472.0
2024-03-01 11:30:00,NERV,2.515000104904175,2.515000104904175,2.515000104904175,2.515000104904175,2.515000104904175,240.0
2024-03-01 11:30:00,NKTR,0.7551000118255615,0.7551000118255615,0.7601000070571899,0.75,0.7601000070571899,17240.0
2024-03-01 11:30:00,NKTX,12.739999771118164,12.739999771118164,12.739999771118164,12.699999809265137,12.699999809265137,3704.0
2024-03-01 11:30:00,NNOX,11.010000228881836,11.010000228881836,11.010000228881836,10.989999771118164,10.989999771118164,2303.0
2024-03-01 11:30:00,NOTV,8.0,8.0,8.0,7.949999809265137,7.949999809265137,15145.0
2024-03-01 11:30:00,NRIX,13.199999809265137,13.199999809265137,13.210000038146973,13.199999809265137,13.210000038146973,802.0
2024-03-01 11:30:00,NRSN,2.009999990463257,2.009999990463257,2.009999990463257,2.009999990463257,2.009999990463257,615.0
2024-03-01 11:30:00,NTLA,33.72999954223633,33.72999954223633,33.7599983215332,33.68000030517578,33.68000030517578,2389.0
2024-03-01 11:30:00,NTRA,89.31999969482422,89.31999969482422,89.33000183105469,89.12999725341797,89.19000244140625,6636.0
2024-03-01 11:30:00,NUVL,87.46499633789062,87.46499633789062,87.46499633789062,87.46499633789062,87.46499633789062,315.0
2024-03-01 11:30:00,NUWE,0.5848000049591064,0.5848000049591064,0.5848000049591064,0.5848000049591064,0.5848000049591064,503.0
2024-03-01 11:30:00,NVAX,5.170000076293945,5.170000076293945,5.170000076293945,5.135000228881836,5.135000228881836,12340.0
2024-03-01 11:30:00,NVCR,15.905099868774414,15.905099868774414,15.90999984741211,15.899999618530273,15.90999984741211,1220.0
2024-03-01 11:30:00,NVOS,0.6201000213623047,0.6201000213623047,0.625,0.6201000213623047,0.625,2090.0
2024-03-01 11:30:00,NXTC,1.8049999475479126,1.8049999475479126,1.8049999475479126,1.8049999475479126,1.8049999475479126,113.0
2024-03-01 11:30:00,OCGN,0.9247000217437744,0.9247000217437744,0.9247000217437744,0.9247000217437744,0.9247000217437744,7650.0
2024-03-01 11:30:00,OCUL,10.449999809265137,10.449999809265137,10.449999809265137,10.449999809265137,10.449999809265137,6533.0
2024-03-01 11:30:00,OCUP,2.455199956893921,2.455199956893921,2.455199956893921,2.455199956893921,2.455199956893921,500.0
2024-03-01 11:30:00,OLMA,13.364999771118164,13.364999771118164,13.399999618530273,13.300000190734863,13.300000190734863,7897.0
2024-03-01 11:30:00,OM,3.1389000415802,3.1389000415802,3.1389000415802,3.1389000415802,3.1389000415802,156.0
2024-03-01 11:30:00,OMER,4.704999923706055,4.704999923706055,4.704999923706055,4.704999923706055,4.704999923706055,527.0
2024-03-01 11:30:00,OMGA,4.21999979019165,4.21999979019165,4.21999979019165,4.210000038146973,4.210000038146973,1009.0
2024-03-01 11:30:00,ONVO,1.0399999618530273,1.0399999618530273,1.0399999618530273,1.0397000312805176,1.0398000478744507,2148.0
2024-03-01 11:31:00,ABCL,5.189899921417236,5.189899921417236,5.189899921417236,5.189899921417236,5.189899921417236,431.0
2024-03-01 11:31:00,ABEO,7.554999828338623,7.554999828338623,7.554999828338623,7.550000190734863,7.550000190734863,1442.0
2024-03-01 11:31:00,ABOS,4.698299884796143,4.698299884796143,4.698299884796143,4.698299884796143,4.698299884796143,1074.0
2024-03-01 11:31:00,ABSI,5.190000057220459,5.190000057220459,5.190000057220459,5.159999847412109,5.175000190734863,1074.0
2024-03-01 11:31:00,ACAD,23.84000015258789,23.84000015258789,23.84000015258789,23.84000015258789,23.84000015258789,670.0
2024-03-01 11:31:00,ACB,3.1500000953674316,3.1500000953674316,3.1500000953674316,3.140000104904175,3.140000104904175,1504.0
2024-03-01 11:31:00,ACCD,10.279999732971191,10.279999732971191,10.279999732971191,10.279999732971191,10.279999732971191,372.0
2024-03-01 11:31:00,ACET,2.369999885559082,2.369999885559082,2.384999990463257,2.369999885559082,2.384999990463257,10784.0
2024-03-01 11:31:00,ACHL,1.3650000095367432,1.3650000095367432,1.3650000095367432,1.3650000095367432,1.3650000095367432,2000.0
2024-03-01 11:31:00,ACHV,4.25,4.25,4.260000228881836,4.235000133514404,4.235000133514404,2309.0
2024-03-01 11:31:00,ACRS,1.2200000286102295,1.2200000286102295,1.2200000286102295,1.2100000381469727,1.2200000286102295,1006.0
2024-03-01 11:31:00,ADIL,3.0230000019073486,3.0230000019073486,3.0699000358581543,3.0,3.059999942779541,23007.0
2024-03-01 11:31:00,ADMA,5.329999923706055,5.329999923706055,5.335000038146973,5.329999923706055,5.335000038146973,1863.0
2024-03-01 11:31:00,ADPT,4.190000057220459,4.190000057220459,4.190000057220459,4.190000057220459,4.190000057220459,100.0
2024-03-01 11:31:00,ADVM,1.9299999475479126,1.9299999475479126,1.934999942779541,1.9299999475479126,1.934999942779541,430.0
2024-03-01 11:31:00,AFIB,0.20890000462532043,0.20890000462532043,0.20890000462532043,0.20890000462532043,0.20890000462532043,361.0
2024-03-01 11:31:00,AFMD,0.6217129826545715,0.6217129826545715,0.6217129826545715,0.6216999888420105,0.6216999888420105,1000.0
2024-03-01 11:31:00,AGEN,0.6671500205993652,0.6671500205993652,0.6672000288963318,0.6671500205993652,0.6672000288963318,3120.0
2024-03-01 11:31:00,AGIO,32.779998779296875,32.779998779296875,32.79990005493164,32.779998779296875,32.779998779296875,722.0
2024-03-01 11:31:00,AHCO,10.779999732971191,10.779999732971191,10.779999732971191,10.779999732971191,10.779999732971191,333.0
2024-03-01 11:31:00,AKBA,1.6649999618530273,1.6649999618530273,1.6649999618530273,1.659999966621399,1.659999966621399,9034.0
2024-03-01 11:31:00,AKLI,0.33899998664855957,0.33899998664855957,0.33899998664855957,0.33899998664855957,0.33899998664855957,1410.0
2024-03-01 11:31:00,AKRO,29.155000686645508,29.155000686645508,29.155000686645508,29.13629913330078,29.13629913330078,260.0
2024-03-01 11:31:00,ALDX,4.151500225067139,4.151500225067139,4.151500225067139,4.151500225067139,4.151500225067139,760.0
2024-03-01 11:31:00,ALEC,7.5,7.5,7.5,7.5,7.5,3276.0
2024-03-01 11:31:00,ALGS,1.0700000524520874,1.0700000524520874,1.0700000524520874,1.0700000524520874,1.0700000524520874,1001.0
2024-03-01 11:31:00,ALHC,5.860000133514404,5.860000133514404,5.860000133514404,5.860000133514404,5.860000133514404,10544.0
2024-03-01 11:31:00,ALKS,30.204999923706055,30.204999923706055,30.21500015258789,30.200000762939453,30.200000762939453,999.0
2024-03-01 11:31:00,ALLK,1.5800000429153442,1.5800000429153442,1.590000033378601,1.5800000429153442,1.590000033378601,3710.0
2024-03-01 11:31:00,ALLO,5.034999847412109,5.034999847412109,5.034999847412109,5.034999847412109,5.034999847412109,482.0
2024-03-01 11:31:00,ALNY,154.3000030517578,154.3000030517578,154.3000030517578,154.11500549316406,154.11500549316406,268.0
2024-03-01 11:31:00,ALPN,35.880001068115234,35.880001068115234,35.880001068115234,35.880001068115234,35.880001068115234,1023.0
2024-03-01 11:31:00,ALT,12.15999984741211,12.15999984741211,12.179699897766113,12.149999618530273,12.149999618530273,8395.0
2024-03-01 11:31:00,AMGN,281.1199951171875,281.1199951171875,281.1600036621094,280.989990234375,281.0003967285156,5143.0
2024-03-01 11:31:00,AMLX,18.84000015258789,18.84000015258789,18.860000610351562,18.809999465942383,18.809999465942383,8585.0
2024-03-01 11:31:00,AMPH,45.790000915527344,45.790000915527344,45.790000915527344,45.70009994506836,45.70009994506836,1670.0
2024-03-01 11:31:00,AMRN,1.0549999475479126,1.0549999475479126,1.059999942779541,1.0499999523162842,1.059999942779541,1767.0
2024-03-01 11:31:00,ANGO,5.514999866485596,5.514999866485596,5.514999866485596,5.514999866485596,5.514999866485596,106.0
2024-03-01 11:31:00,ANIP,66.94999694824219,66.94999694824219,66.94999694824219,66.94999694824219,66.94999694824219,241.0
2024-03-01 11:31:00,ANIX,3.5,3.5,3.5,3.5,3.5,4226.0
2024-03-01 11:31:00,ANNX,6.010000228881836,6.010000228881836,6.010000228881836,5.999499797821045,6.0,3915.0
2024-03-01 11:31:00,APLS,64.87999725341797,64.87999725341797,64.87999725341797,64.87999725341797,64.87999725341797,346.0
2024-03-01 11:31:00,APLT,7.139999866485596,7.139999866485596,7.159999847412109,7.130000114440918,7.139999866485596,1226.0
2024-03-01 11:31:00,AQST,4.26609992980957,4.26609992980957,4.267000198364258,4.260000228881836,4.260000228881836,3441.0
2024-03-01 11:31:00,ARCT,39.29999923706055,39.29999923706055,39.29999923706055,39.29999923706055,39.29999923706055,350.0
2024-03-01 11:31:00,ARDX,9.460000038146973,9.460000038146973,9.470000267028809,9.460000038146973,9.46500015258789,7666.0
2024-03-01 11:31:00,ARQT,11.289999961853027,11.289999961853027,11.295000076293945,11.239999771118164,11.239999771118164,8392.0
2024-03-01 11:31:00,ARVN,48.849998474121094,48.849998474121094,48.849998474121094,48.779998779296875,48.779998779296875,744.0
2024-03-01 11:31:00,ARWR,35.619998931884766,35.619998931884766,35.709999084472656,35.619998931884766,35.709999084472656,3513.0
2024-03-01 11:31:00,ASLN,0.8309999704360962,0.8309999704360962,0.839900016784668,0.8309999704360962,0.839900016784668,5100.0
2024-03-01 11:31:00,ASRT,0.9060999751091003,0.9060999751091003,0.911899983882904,0.9060999751091003,0.9060999751091003,222.0
2024-03-01 11:31:00,ATAI,2.0,2.0,2.0,2.0,2.0,304.0
2024-03-01 11:31:00,ATEC,13.619999885559082,13.619999885559082,13.619999885559082,13.619999885559082,13.619999885559082,4167.0
2024-03-01 11:31:00,ATHA,3.994999885559082,3.994999885559082,3.994999885559082,3.994999885559082,3.994999885559082,220.0
2024-03-01 11:31:00,ATRA,0.8056250214576721,0.8056250214576721,0.8065000176429749,0.8029999732971191,0.8029999732971191,3100.0
2024-03-01 11:31:00,ATRC,36.07500076293945,36.07500076293945,36.07500076293945,36.07500076293945,36.07500076293945,100.0
2024-03-01 11:31:00,AUPH,5.815000057220459,5.815000057220459,5.815000057220459,5.815000057220459,5.815000057220459,911.0
2024-03-01 11:31:00,AURA,9.399999618530273,9.399999618530273,9.399999618530273,9.390000343322754,9.390000343322754,2885.0
2024-03-01 11:31:00,AVDL,12.760000228881836,12.760000228881836,12.760000228881836,12.760000228881836,12.760000228881836,300.0
2024-03-01 11:31:00,AVXL,5.375,5.375,5.38070011138916,5.375,5.38070011138916,6721.0
2024-03-01 11:31:00,AXNX,67.2699966430664,67.2699966430664,67.2699966430664,67.2699966430664,67.2699966430664,526.0
2024-03-01 11:31:00,AXSM,82.91999816894531,82.91999816894531,82.91999816894531,82.91999816894531,82.91999816894531,217.0
2024-03-01 11:31:00,AYTU,2.940000057220459,2.940000057220459,2.9489998817443848,2.930000066757202,2.9489998817443848,482.0
2024-03-01 11:31:00,AZN,64.5199966430664,64.5199966430664,64.5199966430664,64.5199966430664,64.5199966430664,4614.0
2024-03-01 11:31:00,AZTA,66.41999816894531,66.41999816894531,66.41999816894531,66.41999816894531,66.41999816894531,1788.0
2024-03-01 11:31:00,BBIO,35.849998474121094,35.849998474121094,35.875,35.849998474121094,35.875,1515.0
2024-03-01 11:31:00,BCEL,0.27000001072883606,0.27000001072883606,0.27090001106262207,0.27000001072883606,0.27090001106262207,503.0
2024-03-01 11:31:00,BCRX,5.804999828338623,5.804999828338623,5.804999828338623,5.800000190734863,5.800000190734863,2645.0
2024-03-01 11:31:00,BDSX,1.6299999952316284,1.6299999952316284,1.6299999952316284,1.6299999952316284,1.6299999952316284,559.0
2024-03-01 11:31:00,BDTX,5.069900035858154,5.069900035858154,5.070000171661377,5.065000057220459,5.070000171661377,1857.0
2024-03-01 11:31:00,BEAM,40.189998626708984,40.189998626708984,40.22999954223633,40.189998626708984,40.224998474121094,660.0
2024-03-01 11:31:00,BFRI,0.8726000189781189,0.8726000189781189,0.8726000189781189,0.8726000189781189,0.8726000189781189,100.0
2024-03-01 11:31:00,BGNE,166.6300048828125,166.6300048828125,166.6300048828125,166.6300048828125,166.6300048828125,183.0
2024-03-01 11:31:00,BIIB,219.27000427246094,219.27000427246094,219.47500610351562,219.27000427246094,219.47500610351562,700.0
2024-03-01 11:31:00,BIOL,0.1379999965429306,0.1379999965429306,0.1379999965429306,0.13750000298023224,0.13750000298023224,10100.0
2024-03-01 11:31:00,BIVI,2.310800075531006,2.310800075531006,2.3299999237060547,2.2899999618530273,2.3264000415802,79369.0
2024-03-01 11:31:00,BLUE,1.5822999477386475,1.5822999477386475,1.590000033378601,1.5801000595092773,1.5850000381469727,11993.0
2024-03-01 11:31:00,BMEA,17.86009979248047,17.86009979248047,17.899999618530273,17.860000610351562,17.8700008392334,1250.0
2024-03-01 11:31:00,BMRA,1.2100000381469727,1.2100000381469727,1.2100000381469727,1.2100000381469727,1.2100000381469727,642.0
2024-03-01 11:31:00,BMRN,86.68000030517578,86.68000030517578,86.68499755859375,86.66000366210938,86.68499755859375,10820.0
2024-03-01 11:31:00,BNGO,1.25,1.25,1.25,1.25,1.25,2444.0
2024-03-01 11:31:00,BNR,0.8600999712944031,0.8600999712944031,0.8604000210762024,0.8600999712944031,0.8604000210762024,200.0
2024-03-01 11:31:00,BPMC,96.03500366210938,96.03500366210938,96.03500366210938,96.03500366210938,96.03500366210938,327.0
2024-03-01 11:31:00,BRKR,87.69999694824219,87.69999694824219,87.75,87.57499694824219,87.5999984741211,7815.0
2024-03-01 11:31:00,BRTX,1.4982000589370728,1.4982000589370728,1.4991999864578247,1.4982000589370728,1.4991999864578247,1000.0
2024-03-01 11:31:00,BSGM,0.6209999918937683,0.6209999918937683,0.628000020980835,0.6200000047683716,0.628000020980835,300.0
2024-03-01 11:31:00,BTAI,3.2300000190734863,3.2300000190734863,3.2300000190734863,3.2300000190734863,3.2300000190734863,511.0
2024-03-01 11:31:00,BTMD,6.074999809265137,6.074999809265137,6.074999809265137,6.074999809265137,6.074999809265137,149.0
2024-03-01 11:31:00,BTTX,0.1679999977350235,0.1679999977350235,0.16899999976158142,0.1679999977350235,0.16899999976158142,5250.0
2024-03-01 11:31:00,BVS,4.690000057220459,4.690000057220459,4.690000057220459,4.690000057220459,4.690000057220459,102.0
2024-03-01 11:31:00,CBAY,32.244998931884766,32.244998931884766,32.244998931884766,32.2307014465332,32.2400016784668,5763.0
2024-03-01 11:31:00,CCCC,10.979000091552734,10.979000091552734,10.979000091552734,10.949999809265137,10.949999809265137,1795.0
2024-03-01 11:31:00,CDNA,12.539999961853027,12.539999961853027,12.539999961853027,12.4399995803833,12.449999809265137,23054.0
2024-03-01 11:31:00,CDXS,4.440000057220459,4.440000057220459,4.440000057220459,4.440000057220459,4.440000057220459,1749.0
2024-03-01 11:31:00,CELC,15.824999809265137,15.824999809265137,15.824999809265137,15.824999809265137,15.824999809265137,117.0
2024-03-01 11:31:00,CELU,3.549999952316284,3.549999952316284,3.5606000423431396,3.549999952316284,3.5606000423431396,556.0
2024-03-01 11:31:00,CERE,41.16999816894531,41.16999816894531,41.189998626708984,41.16999816894531,41.18000030517578,1630.0
2024-03-01 11:31:00,CERS,2.2249999046325684,2.2249999046325684,2.2249999046325684,2.2249999046325684,2.2249999046325684,415.0
2024-03-01 11:31:00,CERT,17.65999984741211,17.65999984741211,17.65999984741211,17.65999984741211,17.65999984741211,1580.0
2024-03-01 11:31:00,CGC,3.265000104904175,3.265000104904175,3.2750000953674316,3.265000104904175,3.2699999809265137,18072.0
2024-03-01 11:31:00,CGEN,2.684999942779541,2.684999942779541,2.684999942779541,2.684999942779541,2.684999942779541,1305.0
2024-03-01 11:31:00,CGTX,2.009999990463257,2.009999990463257,2.009999990463257,2.009999990463257,2.009999990463257,208.0
2024-03-01 11:31:00,CHRS,2.3299999237060547,2.3299999237060547,2.3350000381469727,2.3299999237060547,2.3350000381469727,6885.0
2024-03-01 11:31:00,CING,1.350000023841858,1.350000023841858,1.3551000356674194,1.350000023841858,1.3551000356674194,400.0
2024-03-01 11:31:00,CKPT,2.174999952316284,2.174999952316284,2.190000057220459,2.1500000953674316,2.190000057220459,5907.0
2024-03-01 11:31:00,CLDX,52.029998779296875,52.029998779296875,52.06999969482422,51.900001525878906,51.93000030517578,4837.0
2024-03-01 11:31:00,CLNN,0.3949500024318695,0.3949500024318695,0.39500001072883606,0.3949500024318695,0.39500001072883606,2077.0
2024-03-01 11:31:00,CLOV,0.8769000172615051,0.8769000172615051,0.8769000172615051,0.8760499954223633,0.8761000037193298,951.0
2024-03-01 11:31:00,CLPT,6.710000038146973,6.710000038146973,6.710000038146973,6.654699802398682,6.654699802398682,489.0
2024-03-01 11:31:00,CMAX,7.736999988555908,7.736999988555908,7.736999988555908,7.736999988555908,7.736999988555908,513.0
2024-03-01 11:31:00,CMPS,11.270000457763672,11.270000457763672,11.270000457763672,11.210000038146973,11.210000038146973,2331.0
2024-03-01 11:31:00,COGT,7.150000095367432,7.150000095367432,7.150000095367432,7.150000095367432,7.150000095367432,131.0
2024-03-01 11:31:00,COLL,36.869998931884766,36.869998931884766,36.869998931884766,36.869998931884766,36.869998931884766,678.0
2024-03-01 11:31:00,CORT,23.940000534057617,23.940000534057617,23.940000534057617,23.940000534057617,23.940000534057617,100.0
2024-03-01 11:31:00,CPRX,16.989999771118164,16.989999771118164,17.010000228881836,16.985599517822266,16.985599517822266,2128.0
2024-03-01 11:31:00,CPSI,9.484999656677246,9.484999656677246,9.510000228881836,9.479999542236328,9.510000228881836,1873.0
2024-03-01 11:31:00,CRBU,8.074999809265137,8.074999809265137,8.074999809265137,8.074999809265137,8.074999809265137,188.0
2024-03-01 11:31:00,CRDF,2.4200000762939453,2.4200000762939453,2.440000057220459,2.4100000858306885,2.4398999214172363,53773.0
2024-03-01 11:31:00,CRMD,3.7200000286102295,3.7200000286102295,3.7200000286102295,3.7200000286102295,3.7200000286102295,321.0
2024-03-01 11:31:00,CRNX,46.29999923706055,46.29999923706055,46.369998931884766,46.0099983215332,46.06999969482422,8314.0
2024-03-01 11:31:00,CRSP,85.71499633789062,85.71499633789062,85.79000091552734,85.64009857177734,85.6500015258789,2792.0
2024-03-01 11:31:00,CRVS,2.265000104904175,2.265000104904175,2.2771999835968018,2.265000104904175,2.265000104904175,3531.0
2024-03-01 11:31:00,CSTL,20.239999771118164,20.239999771118164,20.239999771118164,20.239999771118164,20.239999771118164,1125.0
2024-03-01 11:31:00,CTKB,8.510000228881836,8.510000228881836,8.510000228881836,8.479999542236328,8.479999542236328,1411.0
2024-03-01 11:31:00,CTMX,2.5299999713897705,2.5299999713897705,2.5399999618530273,2.5,2.5399999618530273,11386.0
2024-03-01 11:31:00,CUE,2.1600000858306885,2.1600000858306885,2.1600000858306885,2.1600000858306885,2.1600000858306885,520.0
2024-03-01 11:31:00,CUTR,2.400099992752075,2.400099992752075,2.4105000495910645,2.390000104904175,2.4105000495910645,15574.0
2024-03-01 11:31:00,CVRX,20.03499984741211,20.03499984741211,20.06999969482422,20.03499984741211,20.06999969482422,2391.0
2024-03-01 11:31:00,CYTK,73.75,73.75,73.75,73.68499755859375,73.68499755859375,2486.0
2024-03-01 11:31:00,DARE,0.5550000071525574,0.5550000071525574,0.5550000071525574,0.5550000071525574,0.5550000071525574,1164.0
2024-03-01 11:31:00,DCGO,4.150000095367432,4.150000095367432,4.158400058746338,4.150000095367432,4.150000095367432,364.0
2024-03-01 11:31:00,DCPH,16.985000610351562,16.985000610351562,16.985000610351562,16.985000610351562,16.985000610351562,100.0
2024-03-01 11:31:00,DMTK,0.8575980067253113,0.8575980067253113,0.8575980067253113,0.8500000238418579,0.8500000238418579,1458.0
2024-03-01 11:31:00,DNLI,20.899999618530273,20.899999618530273,20.899999618530273,20.8799991607666,20.8799991607666,1692.0
2024-03-01 11:31:00,DTIL,12.529999732971191,12.529999732971191,12.550000190734863,12.51200008392334,12.525799751281738,4083.0
2024-03-01 11:31:00,DVAX,12.835000038146973,12.835000038146973,12.835000038146973,12.835000038146973,12.835000038146973,140.0
2024-03-01 11:31:00,DXCM,118.58000183105469,118.58000183105469,118.63500213623047,118.58000183105469,118.63500213623047,5216.0
2024-03-01 11:31:00,DYN,28.665000915527344,28.665000915527344,28.709999084472656,28.665000915527344,28.709999084472656,857.0
2024-03-01 11:31:00,EDIT,10.989999771118164,10.989999771118164,11.0,10.979999542236328,10.979999542236328,1915.0
2024-03-01 11:31:00,EFTR,14.977999687194824,14.977999687194824,15.0,14.977999687194824,15.0,2699.0
2024-03-01 11:31:00,EGRX,6.614999771118164,6.614999771118164,6.639999866485596,6.614999771118164,6.639999866485596,204.0
2024-03-01 11:31:00,ELDN,1.8300000429153442,1.8300000429153442,1.8300000429153442,1.8300000429153442,1.8300000429153442,443.0
2024-03-01 11:31:00,ELEV,4.980000019073486,4.980000019073486,4.980000019073486,4.966000080108643,4.966000080108643,585.0
2024-03-01 11:31:00,EMBC,14.369999885559082,14.369999885559082,14.390000343322754,14.369999885559082,14.390000343322754,272.0
2024-03-01 11:31:00,ENSG,123.6500015258789,123.6500015258789,123.6500015258789,123.63999938964844,123.63999938964844,1106.0
2024-03-01 11:31:00,ENTX,1.350000023841858,1.350000023841858,1.350000023841858,1.350000023841858,1.350000023841858,1080.0
2024-03-01 11:31:00,ENVB,1.5800000429153442,1.5800000429153442,1.590000033378601,1.5800000429153442,1.5872000455856323,8073.0
2024-03-01 11:31:00,EPIX,9.550000190734863,9.550000190734863,9.550000190734863,9.550000190734863,9.550000190734863,412.0
2024-03-01 11:31:00,ERAS,2.5250000953674316,2.5250000953674316,2.5250000953674316,2.5250000953674316,2.5250000953674316,346.0
2024-03-01 11:31:00,ESPR,2.509999990463257,2.509999990463257,2.509999990463257,2.509999990463257,2.509999990463257,15924.0
2024-03-01 11:31:00,ESTA,45.7400016784668,45.7400016784668,45.84000015258789,45.72999954223633,45.84000015258789,2015.0
2024-03-01 11:31:00,ETNB,12.84000015258789,12.84000015258789,12.84000015258789,12.800000190734863,12.800000190734863,4561.0
2024-03-01 11:31:00,EVGN,0.9503999948501587,0.9503999948501587,0.9599999785423279,0.9503999948501587,0.9599999785423279,1174.0
2024-03-01 11:31:00,EVO,7.4899001121521,7.4899001121521,7.4899001121521,7.4899001121521,7.4899001121521,100.0
2024-03-01 11:31:00,EWTX,16.915000915527344,16.915000915527344,16.915000915527344,16.915000915527344,16.915000915527344,200.0
2024-03-01 11:31:00,EXAS,60.0099983215332,60.0099983215332,60.029998779296875,60.0,60.0,1943.0
2024-03-01 11:31:00,EXEL,22.440000534057617,22.440000534057617,22.440000534057617,22.440000534057617,22.440000534057617,5849.0
2024-03-01 11:31:00,EYEN,2.244999885559082,2.244999885559082,2.259999990463257,2.244999885559082,2.259999990463257,1257.0
2024-03-01 11:31:00,EYPT,28.030000686645508,28.030000686645508,28.030000686645508,28.030000686645508,28.030000686645508,136.0
2024-03-01 11:31:00,FATE,7.425000190734863,7.425000190734863,7.425000190734863,7.425000190734863,7.425000190734863,110.0
2024-03-01 11:31:00,FBRX,0.7200000286102295,0.7200000286102295,0.7200000286102295,0.7200000286102295,0.7200000286102295,1000.0
2024-03-01 11:31:00,FDMT,29.309999465942383,29.309999465942383,29.31999969482422,29.309999465942383,29.31999969482422,325.0
2024-03-01 11:31:00,FEMY,1.7000000476837158,1.7000000476837158,1.7000000476837158,1.7000000476837158,1.7000000476837158,274.0
2024-03-01 11:31:00,FGEN,1.7999999523162842,1.7999999523162842,1.8049999475479126,1.7999000549316406,1.7999000549316406,10195.0
2024-03-01 11:31:00,FHTX,8.279999732971191,8.279999732971191,8.3100004196167,8.279999732971191,8.279999732971191,398.0
2024-03-01 11:31:00,FLGC,1.2200000286102295,1.2200000286102295,1.2200000286102295,1.2200000286102295,1.2200000286102295,575.0
2024-03-01 11:31:00,FLGT,23.479999542236328,23.479999542236328,23.479999542236328,23.479999542236328,23.479999542236328,631.0
2024-03-01 11:31:00,FOLD,13.319999694824219,13.319999694824219,13.329999923706055,13.319999694824219,13.320300102233887,3828.0
2024-03-01 11:31:00,FONR,22.405000686645508,22.405000686645508,22.405000686645508,22.405000686645508,22.405000686645508,243.0
2024-03-01 11:31:00,FULC,10.800000190734863,10.800000190734863,10.8100004196167,10.75,10.8100004196167,13057.0
2024-03-01 11:31:00,FUSN,12.135000228881836,12.135000228881836,12.1899995803833,12.135000228881836,12.1899995803833,1099.0
2024-03-01 11:31:00,FWBI,8.09000015258789,8.09000015258789,8.09000015258789,8.09000015258789,8.09000015258789,766.0
2024-03-01 11:31:00,GBIO,2.609999895095825,2.609999895095825,2.609999895095825,2.609999895095825,2.609999895095825,2329.0
2024-03-01 11:31:00,GERN,2.1649999618530273,2.1649999618530273,2.1649999618530273,2.160099983215332,2.1640000343322754,9385.0
2024-03-01 11:31:00,GH,19.274999618530273,19.274999618530273,19.28499984741211,19.270000457763672,19.28499984741211,1172.0
2024-03-01 11:31:00,GILD,72.43000030517578,72.43000030517578,72.43000030517578,72.42500305175781,72.42500305175781,3637.0
2024-03-01 11:31:00,GMAB,29.299999237060547,29.299999237060547,29.299999237060547,29.299999237060547,29.299999237060547,965.0
2024-03-01 11:31:00,GMDA,0.3799000084400177,0.3799000084400177,0.3799000084400177,0.3799000084400177,0.3799000084400177,527.0
2024-03-01 11:31:00,GNFT,3.680000066757202,3.680000066757202,3.700000047683716,3.680000066757202,3.700000047683716,851.0
2024-03-01 11:31:00,GOSS,1.350000023841858,1.350000023841858,1.3550000190734863,1.350000023841858,1.3550000190734863,736.0
2024-03-01 11:31:00,GRFS,7.15500020980835,7.15500020980835,7.179999828338623,7.150100231170654,7.170000076293945,9478.0
2024-03-01 11:31:00,GRTS,2.2049999237060547,2.2049999237060547,2.2149999141693115,2.190000057220459,2.2149999141693115,15513.0
2024-03-01 11:31:00,GTHX,3.5699000358581543,3.5699000358581543,3.569999933242798,3.5699000358581543,3.569999933242798,2151.0
2024-03-01 11:31:00,HALO,41.11000061035156,41.11000061035156,41.11000061035156,41.11000061035156,41.11000061035156,212.0
2024-03-01 11:31:00,HARP,22.940000534057617,22.940000534057617,22.940000534057617,22.940000534057617,22.940000534057617,2044.0
2024-03-01 11:31:00,HBIO,4.36460018157959,4.36460018157959,4.36460018157959,4.36460018157959,4.36460018157959,450.0
2024-03-01 11:31:00,HCAT,7.949999809265137,7.949999809265137,7.949999809265137,7.949999809265137,7.949999809265137,215.0
2024-03-01 11:31:00,HCTI,2.7100000381469727,2.7100000381469727,2.7799999713897705,2.7100000381469727,2.7300000190734863,49282.0
2024-03-01 11:31:00,HLTH,0.2786000072956085,0.2786000072956085,0.2786000072956085,0.2786000072956085,0.2786000072956085,426.0
2024-03-01 11:31:00,HOLX,73.72000122070312,73.72000122070312,73.72000122070312,73.66999816894531,73.68000030517578,3390.0
2024-03-01 11:31:00,HRMY,31.43000030517578,31.43000030517578,31.43000030517578,31.43000030517578,31.43000030517578,728.0
2024-03-01 11:31:00,HRTX,2.630000114440918,2.630000114440918,2.640000104904175,2.630000114440918,2.640000104904175,4937.0
2024-03-01 11:31:00,HSIC,76.97000122070312,76.97000122070312,76.97000122070312,76.93000030517578,76.93000030517578,2012.0
2024-03-01 11:31:00,HSTM,27.59000015258789,27.59000015258789,27.59000015258789,27.59000015258789,27.59000015258789,474.0
2024-03-01 11:31:00,HUMA,3.255000114440918,3.255000114440918,3.265000104904175,3.255000114440918,3.265000104904175,2345.0
2024-03-01 11:31:00,IART,36.599998474121094,36.599998474121094,36.599998474121094,36.59000015258789,36.59000015258789,904.0
2024-03-01 11:31:00,IBRX,4.910099983215332,4.910099983215332,4.915999889373779,4.910099983215332,4.915999889373779,1187.0
2024-03-01 11:31:00,ICLR,322.9100036621094,322.9100036621094,322.9100036621094,322.9100036621094,322.9100036621094,1900.0
2024-03-01 11:31:00,ICUI,105.79499816894531,105.79499816894531,105.79499816894531,105.79499816894531,105.79499816894531,2145.0
2024-03-01 11:31:00,IINN,1.6200000047683716,1.6200000047683716,1.625100016593933,1.6200000047683716,1.625100016593933,354.0
2024-03-01 11:31:00,ILMN,141.69000244140625,141.69000244140625,141.69000244140625,141.69000244140625,141.69000244140625,746.0
2024-03-01 11:31:00,IMAB,1.8550000190734863,1.8550000190734863,1.8592000007629395,1.8550000190734863,1.8592000007629395,602.0
2024-03-01 11:31:00,IMCC,0.329598993062973,0.329598993062973,0.3296000063419342,0.329598993062973,0.3296000063419342,100.0
2024-03-01 11:31:00,IMCR,68.32499694824219,68.32499694824219,68.32499694824219,68.31500244140625,68.32499694824219,605.0
2024-03-01 11:31:00,IMMP,2.319999933242798,2.319999933242798,2.319999933242798,2.319999933242798,2.319999933242798,120.0
2024-03-01 11:31:00,IMNM,25.44499969482422,25.44499969482422,25.489999771118164,25.420000076293945,25.489999771118164,1369.0
2024-03-01 11:31:00,IMTX,13.079999923706055,13.079999923706055,13.114999771118164,13.069999694824219,13.114999771118164,2325.0
2024-03-01 11:31:00,IMUX,1.4700000286102295,1.4700000286102295,1.4700000286102295,1.4601000547409058,1.4700000286102295,8603.0
2024-03-01 11:31:00,IMVT,36.09000015258789,36.09000015258789,36.09000015258789,36.09000015258789,36.09000015258789,5120.0
2024-03-01 11:31:00,INBX,36.845001220703125,36.845001220703125,36.845001220703125,36.845001220703125,36.845001220703125,142.0
2024-03-01 11:31:00,INCY,59.02000045776367,59.02000045776367,59.04999923706055,59.02000045776367,59.04999923706055,834.0
2024-03-01 11:31:00,INGN,6.864999771118164,6.864999771118164,6.864999771118164,6.864999771118164,6.864999771118164,1010.0
2024-03-01 11:31:00,INMB,11.954999923706055,11.954999923706055,12.04990005493164,11.954999923706055,12.04990005493164,500.0
2024-03-01 11:31:00,INMD,22.75,22.75,22.75,22.735000610351562,22.739999771118164,1237.0
2024-03-01 11:31:00,INO,9.319000244140625,9.319000244140625,9.319000244140625,9.279999732971191,9.288599967956543,4788.0
2024-03-01 11:31:00,INSM,28.18000030517578,28.18000030517578,28.18000030517578,28.18000030517578,28.18000030517578,132.0
2024-03-01 11:31:00,INVA,15.694999694824219,15.694999694824219,15.710000038146973,15.694999694824219,15.699999809265137,1966.0
2024-03-01 11:31:00,IONS,45.77000045776367,45.77000045776367,45.77000045776367,45.77000045776367,45.77000045776367,122.0
2024-03-01 11:31:00,IOVA,16.459999084472656,16.459999084472656,16.489999771118164,16.459999084472656,16.489999771118164,10409.0
2024-03-01 11:31:00,IRWD,8.957500457763672,8.957500457763672,8.957500457763672,8.949999809265137,8.949999809265137,22456.0
2024-03-01 11:31:00,ISRG,392.94000244140625,392.94000244140625,393.1499938964844,392.94000244140625,393.1099853515625,4208.0
2024-03-01 11:31:00,ITCI,71.12999725341797,71.12999725341797,71.12999725341797,71.12999725341797,71.12999725341797,506.0
2024-03-01 11:31:00,IVA,3.7300000190734863,3.7300000190734863,3.7300000190734863,3.7300000190734863,3.7300000190734863,211.0
2024-03-01 11:31:00,IXHL,5.349999904632568,5.349999904632568,5.349999904632568,5.349999904632568,5.349999904632568,1973.0
2024-03-01 11:31:00,JAGX,0.08030000329017639,0.08030000329017639,0.0820000022649765,0.07970000058412552,0.07970000058412552,577851.0
2024-03-01 11:31:00,JANX,46.40999984741211,46.40999984741211,46.619998931884766,46.20000076293945,46.20000076293945,6912.0
2024-03-01 11:31:00,JAZZ,120.08499908447266,120.08499908447266,120.37000274658203,120.0,120.37000274658203,4591.0
2024-03-01 11:31:00,JYNT,10.125,10.125,10.125,10.125,10.125,658.0
2024-03-01 11:31:00,KALV,13.9399995803833,13.9399995803833,13.9399995803833,13.9399995803833,13.9399995803833,201.0
2024-03-01 11:31:00,KNTE,2.615000009536743,2.615000009536743,2.615000009536743,2.615000009536743,2.615000009536743,291.0
2024-03-01 11:31:00,KOD,6.150300025939941,6.150300025939941,6.15500020980835,6.150300025939941,6.15500020980835,237.0
2024-03-01 11:31:00,KPTI,1.225000023841858,1.225000023841858,1.225000023841858,1.225000023841858,1.225000023841858,300.0
2024-03-01 11:31:00,KRYS,167.4949951171875,167.4949951171875,167.4949951171875,167.4949951171875,167.4949951171875,197.0
2024-03-01 11:31:00,KTRA,0.09889999777078629,0.09889999777078629,0.09889999777078629,0.09870000183582306,0.09870000183582306,42243.0
2024-03-01 11:31:00,KURA,21.389999389648438,21.389999389648438,21.389999389648438,21.389999389648438,21.389999389648438,109.0
2024-03-01 11:31:00,KYMR,43.72999954223633,43.72999954223633,43.72999954223633,43.72999954223633,43.72999954223633,442.0
2024-03-01 11:31:00,KZR,1.0850000381469727,1.0850000381469727,1.0850000381469727,1.0800000429153442,1.0800000429153442,300.0
2024-03-01 11:31:00,LAB,2.4200000762939453,2.4200000762939453,2.424999952316284,2.4200000762939453,2.424999952316284,1855.0
2024-03-01 11:31:00,LBPH,21.795000076293945,21.795000076293945,21.795000076293945,21.795000076293945,21.795000076293945,102.0
2024-03-01 11:31:00,LEXX,2.6600000858306885,2.6600000858306885,2.6700000762939453,2.6600000858306885,2.6700000762939453,748.0
2024-03-01 11:31:00,LFMD,7.960000038146973,7.960000038146973,7.960000038146973,7.960000038146973,7.960000038146973,242.0
2024-03-01 11:31:00,LGND,78.45999908447266,78.45999908447266,78.52999877929688,78.45999908447266,78.52999877929688,807.0
2024-03-01 11:31:00,LMAT,67.43000030517578,67.43000030517578,67.43000030517578,67.43000030517578,67.43000030517578,227.0
2024-03-01 11:31:00,LNTH,65.16439819335938,65.16439819335938,65.19999694824219,65.16439819335938,65.16999816894531,918.0
2024-03-01 11:31:00,LQDA,14.332799911499023,14.332799911499023,14.350000381469727,14.332799911499023,14.332799911499023,1362.0
2024-03-01 11:31:00,LUCD,1.2300000190734863,1.2300000190734863,1.2300000190734863,1.2300000190734863,1.2300000190734863,200.0
2024-03-01 11:31:00,LUNG,9.239999771118164,9.239999771118164,9.25,9.239999771118164,9.239999771118164,1295.0
2024-03-01 11:31:00,LVTX,3.0,3.0,3.0299999713897705,2.994999885559082,3.0,12072.0
2024-03-01 11:31:00,LXRX,2.400899887084961,2.400899887084961,2.400899887084961,2.400899887084961,2.400899887084961,232.0
2024-03-01 11:31:00,LYEL,3.1449999809265137,3.1449999809265137,3.1449999809265137,3.1449999809265137,3.1449999809265137,115.0
2024-03-01 11:31:00,LYRA,5.599999904632568,5.599999904632568,5.599999904632568,5.599999904632568,5.599999904632568,97054.0
2024-03-01 11:31:00,MCRB,1.190000057220459,1.190000057220459,1.198699951171875,1.190000057220459,1.190000057220459,6614.0
2024-03-01 11:31:00,MDGL,241.66000366210938,241.66000366210938,241.7550048828125,241.66000366210938,241.7550048828125,569.0
2024-03-01 11:31:00,MDRX,6.0,6.0,6.0,5.949999809265137,5.949999809265137,29729.0
2024-03-01 11:31:00,MDXG,8.579999923706055,8.579999923706055,8.585000038146973,8.579999923706055,8.585000038146973,581.0
2024-03-01 11:31:00,ME,0.5715000033378601,0.5715000033378601,0.5715000033378601,0.5715000033378601,0.5715000033378601,43610.0
2024-03-01 11:31:00,MEDP,400.3900146484375,400.3900146484375,400.3900146484375,399.8900146484375,400.3900146484375,974.0
2024-03-01 11:31:00,MESO,2.0406999588012695,2.0406999588012695,2.0406999588012695,2.0406999588012695,2.0406999588012695,101.0
2024-03-01 11:31:00,MGNX,19.1200008392334,19.1200008392334,19.1200008392334,19.1200008392334,19.1200008392334,3228.0
2024-03-01 11:31:00,MHUA,0.6852999925613403,0.6852999925613403,0.6852999925613403,0.6852999925613403,0.6852999925613403,125.0
2024-03-01 11:31:00,MIST,1.6799999475479126,1.6799999475479126,1.684999942779541,1.6799999475479126,1.684999942779541,25163.0
2024-03-01 11:31:00,MLTX,51.2400016784668,51.2400016784668,51.2400016784668,51.2400016784668,51.2400016784668,201.0
2024-03-01 11:31:00,MMSI,76.16999816894531,76.16999816894531,76.19000244140625,76.16999816894531,76.1875,1123.0
2024-03-01 11:31:00,MNKD,4.630000114440918,4.630000114440918,4.650000095367432,4.630000114440918,4.646900177001953,15184.0
2024-03-01 11:31:00,MNMD,5.929900169372559,5.929900169372559,5.929900169372559,5.929900169372559,5.929900169372559,536.0
2024-03-01 11:31:00,MNPR,0.8191900253295898,0.8191900253295898,0.8191999793052673,0.8191900253295898,0.8191999793052673,122.0
2024-03-01 11:31:00,MODV,27.954999923706055,27.954999923706055,28.040000915527344,27.954999923706055,28.040000915527344,200.0
2024-03-01 11:31:00,MORF,38.599998474121094,38.599998474121094,38.599998474121094,38.599998474121094,38.599998474121094,619.0
2024-03-01 11:31:00,MOTS,0.6800000071525574,0.6800000071525574,0.6800000071525574,0.6800000071525574,0.6800000071525574,100.0
2024-03-01 11:31:00,MREO,3.8099000453948975,3.8099000453948975,3.8099000453948975,3.8099000453948975,3.8099000453948975,500.0
2024-03-01 11:31:00,MRNA,95.76000213623047,95.76000213623047,95.7699966430664,95.66000366210938,95.66000366210938,3375.0
2024-03-01 11:31:00,MRSN,6.0,6.0,6.010000228881836,5.980000019073486,5.994999885559082,18555.0
2024-03-01 11:31:00,MRUS,51.095001220703125,51.095001220703125,51.095001220703125,50.93000030517578,51.0,5827.0
2024-03-01 11:31:00,MRVI,7.820000171661377,7.820000171661377,7.820000171661377,7.820000171661377,7.820000171661377,1125.0
2024-03-01 11:31:00,MXCT,4.744999885559082,4.744999885559082,4.75,4.730000019073486,4.739999771118164,2883.0
2024-03-01 11:31:00,MYGN,21.485000610351562,21.485000610351562,21.485000610351562,21.485000610351562,21.485000610351562,100.0
2024-03-01 11:31:00,MYNZ,0.8600999712944031,0.8600999712944031,0.8600999712944031,0.8600999712944031,0.8600999712944031,5300.0
2024-03-01 11:31:00,NARI,46.33000183105469,46.33000183105469,46.364498138427734,46.33000183105469,46.364498138427734,344.0
2024-03-01 11:31:00,NBIX,130.25999450683594,130.25999450683594,130.33999633789062,130.25999450683594,130.33999633789062,1561.0
2024-03-01 11:31:00,NDRA,1.1299999952316284,1.1299999952316284,1.1299999952316284,1.1299999952316284,1.1299999952316284,500.0
2024-03-01 11:31:00,NEO,16.020000457763672,16.020000457763672,16.049999237060547,16.020000457763672,16.049999237060547,201.0
2024-03-01 11:31:00,NEOG,17.264999389648438,17.264999389648438,17.264999389648438,17.264999389648438,17.264999389648438,244.0
2024-03-01 11:31:00,NERV,2.515000104904175,2.515000104904175,2.5174999237060547,2.515000104904175,2.5174999237060547,1677.0
2024-03-01 11:31:00,NKTR,0.7551000118255615,0.7551000118255615,0.7551000118255615,0.7551000118255615,0.7551000118255615,806.0
2024-03-01 11:31:00,NKTX,12.75,12.75,12.75,12.75,12.75,1617.0
2024-03-01 11:31:00,NNOX,11.050000190734863,11.050000190734863,11.050000190734863,11.010000228881836,11.020000457763672,49388.0
2024-03-01 11:31:00,NOTV,7.997200012207031,7.997200012207031,8.020000457763672,7.98199987411499,8.0,5835.0
2024-03-01 11:31:00,NRBO,5.710000038146973,5.710000038146973,5.710000038146973,5.624599933624268,5.670000076293945,1063.0
2024-03-01 11:31:00,NRSN,2.009999990463257,2.009999990463257,2.009999990463257,2.009999990463257,2.009999990463257,508.0
2024-03-01 11:31:00,NRXP,0.4252229928970337,0.4252229928970337,0.4252229928970337,0.4250999987125397,0.4251999855041504,5388.0
2024-03-01 11:31:00,NTLA,33.63999938964844,33.63999938964844,33.73970031738281,33.63999938964844,33.709999084472656,5454.0
2024-03-01 11:31:00,NTRA,89.41500091552734,89.41500091552734,89.41500091552734,89.3499984741211,89.37000274658203,4736.0
2024-03-01 11:31:00,NUVL,87.55000305175781,87.55000305175781,87.55000305175781,87.55000305175781,87.55000305175781,358.0
2024-03-01 11:31:00,NVAX,5.163400173187256,5.163400173187256,5.170000076293945,5.159999847412109,5.170000076293945,12862.0
2024-03-01 11:31:00,NVCR,15.899999618530273,15.899999618530273,15.899999618530273,15.899999618530273,15.899999618530273,3542.0
2024-03-01 11:31:00,NVCT,10.657099723815918,10.657099723815918,10.657099723815918,10.657099723815918,10.657099723815918,458.0
2024-03-01 11:31:00,NXTC,1.8049999475479126,1.8049999475479126,1.8049999475479126,1.8049999475479126,1.8049999475479126,200.0
2024-03-01 11:31:00,OCGN,0.9247000217437744,0.9247000217437744,0.9247000217437744,0.9247000217437744,0.9247000217437744,574.0
2024-03-01 11:31:00,OCUP,2.4727001190185547,2.4727001190185547,2.4727001190185547,2.4600000381469727,2.4600000381469727,300.0
2024-03-01 11:31:00,OLMA,13.232000350952148,13.232000350952148,13.369999885559082,13.232000350952148,13.369999885559082,6441.0
2024-03-01 11:31:00,OM,3.140000104904175,3.140000104904175,3.140000104904175,3.140000104904175,3.140000104904175,119.0
2024-03-01 11:31:00,OMGA,4.210000038146973,4.210000038146973,4.210999965667725,4.210000038146973,4.210999965667725,3300.0
2024-03-01 11:32:00,ABEO,7.550000190734863,7.550000190734863,7.550000190734863,7.550000190734863,7.550000190734863,532.0
2024-03-01 11:32:00,ABOS,4.695000171661377,4.695000171661377,4.699999809265137,4.690000057220459,4.699999809265137,8688.0
2024-03-01 11:32:00,ABSI,5.190000057220459,5.190000057220459,5.2093000411987305,5.190000057220459,5.199999809265137,6929.0
2024-03-01 11:32:00,ABUS,2.7899999618530273,2.7899999618530273,2.7899999618530273,2.7850000858306885,2.7850000858306885,1411.0
2024-03-01 11:32:00,ACAD,23.885000228881836,23.885000228881836,23.885000228881836,23.8799991607666,23.8799991607666,2333.0
2024-03-01 11:32:00,ACB,3.140000104904175,3.140000104904175,3.148699998855591,3.140000104904175,3.148699998855591,588.0
2024-03-01 11:32:00,ACET,2.375,2.375,2.375,2.369999885559082,2.375,3200.0
2024-03-01 11:32:00,ACHC,84.13500213623047,84.13500213623047,84.19000244140625,84.13500213623047,84.19000244140625,2446.0
2024-03-01 11:32:00,ACHL,1.3600000143051147,1.3600000143051147,1.3600000143051147,1.3600000143051147,1.3600000143051147,488.0
2024-03-01 11:32:00,ACHV,4.25,4.25,4.25,4.25,4.25,255.0
2024-03-01 11:32:00,ACLX,67.62999725341797,67.62999725341797,67.63500213623047,67.62000274658203,67.62999725341797,431.0
2024-03-01 11:32:00,ACON,0.38873299956321716,0.38873299956321716,0.38873299956321716,0.38873299956321716,0.38873299956321716,580.0
2024-03-01 11:32:00,ACRS,1.2200000286102295,1.2200000286102295,1.2200000286102295,1.2100000381469727,1.215000033378601,820.0
2024-03-01 11:32:00,ADIL,3.0199999809265137,3.0199999809265137,3.0399999618530273,3.0199999809265137,3.038100004196167,7614.0
2024-03-01 11:32:00,ADMA,5.329999923706055,5.329999923706055,5.340000152587891,5.329999923706055,5.340000152587891,5124.0
2024-03-01 11:32:00,ADPT,4.179999828338623,4.179999828338623,4.204999923706055,4.179999828338623,4.204999923706055,36391.0
2024-03-01 11:32:00,ADUS,93.41999816894531,93.41999816894531,93.41999816894531,93.41999816894531,93.41999816894531,196.0
2024-03-01 11:32:00,ADVM,1.934999942779541,1.934999942779541,1.940000057220459,1.934999942779541,1.940000057220459,1957.0
2024-03-01 11:32:00,AFIB,0.20880000293254852,0.20880000293254852,0.20880000293254852,0.20880000293254852,0.20880000293254852,1159.0
2024-03-01 11:32:00,AGEN,0.6671500205993652,0.6671500205993652,0.6672000288963318,0.6671500205993652,0.6672000288963318,11897.0
2024-03-01 11:32:00,AGIO,32.81999969482422,32.81999969482422,32.81999969482422,32.79999923706055,32.79999923706055,2346.0
2024-03-01 11:32:00,AIMD,0.949999988079071,0.949999988079071,0.949999988079071,0.949999988079071,0.949999988079071,210.0
2024-03-01 11:32:00,AIRS,6.440000057220459,6.440000057220459,6.474999904632568,6.420000076293945,6.474999904632568,7041.0
2024-03-01 11:32:00,AKAN,0.24480000138282776,0.24480000138282776,0.24480000138282776,0.24480000138282776,0.24480000138282776,202.0
2024-03-01 11:32:00,AKBA,1.669100046157837,1.669100046157837,1.669100046157837,1.659999966621399,1.659999966621399,11491.0
2024-03-01 11:32:00,AKLI,0.33899998664855957,0.33899998664855957,0.33899998664855957,0.33500000834465027,0.3352999985218048,2480.0
2024-03-01 11:32:00,AKRO,29.239999771118164,29.239999771118164,29.239999771118164,29.15999984741211,29.15999984741211,2987.0
2024-03-01 11:32:00,ALDX,4.151199817657471,4.151199817657471,4.159999847412109,4.151199817657471,4.151199817657471,1201.0
2024-03-01 11:32:00,ALEC,7.5,7.5,7.5,7.5,7.5,5451.0
2024-03-01 11:32:00,ALGN,300.8800048828125,300.8800048828125,300.8800048828125,300.8800048828125,300.8800048828125,1743.0
2024-03-01 11:32:00,ALGS,1.0800000429153442,1.0800000429153442,1.0800000429153442,1.0800000429153442,1.0800000429153442,1005.0
2024-03-01 11:32:00,ALKS,30.219999313354492,30.219999313354492,30.219999313354492,30.209999084472656,30.209999084472656,677.0
2024-03-01 11:32:00,ALLK,1.590000033378601,1.590000033378601,1.590000033378601,1.590000033378601,1.590000033378601,271.0
2024-03-01 11:32:00,ALLO,5.054999828338623,5.054999828338623,5.054999828338623,5.039999961853027,5.039999961853027,3384.0
2024-03-01 11:32:00,ALLR,0.41499999165534973,0.41499999165534973,0.41499999165534973,0.4099999964237213,0.4099999964237213,21005.0
2024-03-01 11:32:00,ALNY,154.23500061035156,154.23500061035156,154.2899932861328,154.14500427246094,154.14500427246094,317.0
2024-03-01 11:32:00,ALPN,35.810001373291016,35.810001373291016,35.810001373291016,35.810001373291016,35.810001373291016,198.0
2024-03-01 11:32:00,ALT,12.15999984741211,12.15999984741211,12.1899995803833,12.149999618530273,12.170000076293945,8990.0
2024-03-01 11:32:00,ALXO,15.020000457763672,15.020000457763672,15.029999732971191,15.020000457763672,15.020000457763672,870.0
2024-03-01 11:32:00,AMGN,281.1520080566406,281.1520080566406,281.1520080566406,281.05999755859375,281.1499938964844,4432.0
2024-03-01 11:32:00,AMLX,18.850000381469727,18.850000381469727,18.860000610351562,18.81999969482422,18.81999969482422,3485.0
2024-03-01 11:32:00,AMRN,1.0549999475479126,1.0549999475479126,1.059999942779541,1.0499999523162842,1.0514999628067017,24589.0
2024-03-01 11:32:00,ANAB,25.450000762939453,25.450000762939453,25.450000762939453,25.450000762939453,25.450000762939453,2502.0
2024-03-01 11:32:00,ANGO,5.515200138092041,5.515200138092041,5.519999980926514,5.510000228881836,5.510000228881836,1018.0
2024-03-01 11:32:00,ANNX,6.010000228881836,6.010000228881836,6.010000228881836,6.0,6.0,30340.0
2024-03-01 11:32:00,APLS,65.0,65.0,65.0,65.0,65.0,5290.0
2024-03-01 11:32:00,APLT,7.1656999588012695,7.1656999588012695,7.1656999588012695,7.147500038146973,7.147500038146973,570.0
2024-03-01 11:32:00,AQST,4.269999980926514,4.269999980926514,4.28000020980835,4.269000053405762,4.269999980926514,4406.0
2024-03-01 11:32:00,ARCT,39.39500045776367,39.39500045776367,39.39500045776367,39.330101013183594,39.330101013183594,1245.0
2024-03-01 11:32:00,ARDX,9.475000381469727,9.475000381469727,9.475799560546875,9.460000038146973,9.460000038146973,6620.0
2024-03-01 11:32:00,ARQT,11.289999961853027,11.289999961853027,11.300000190734863,11.260000228881836,11.300000190734863,11195.0
2024-03-01 11:32:00,ARVN,48.81999969482422,48.81999969482422,48.86000061035156,48.75,48.77000045776367,3111.0
2024-03-01 11:32:00,ARWR,35.52000045776367,35.52000045776367,35.619998931884766,35.52000045776367,35.61000061035156,4369.0
2024-03-01 11:32:00,ASND,150.0,150.0,150.03500366210938,149.83999633789062,150.02999877929688,2311.0
2024-03-01 11:32:00,ASRT,0.9003000259399414,0.9003000259399414,0.9100000262260437,0.9003000259399414,0.9050999879837036,1315.0
2024-03-01 11:32:00,ATEC,13.619999885559082,13.619999885559082,13.625,13.609999656677246,13.614999771118164,3504.0
2024-03-01 11:32:00,ATHA,3.994999885559082,3.994999885559082,3.994999885559082,3.994999885559082,3.994999885559082,199.0
2024-03-01 11:32:00,ATRA,0.8065000176429749,0.8065000176429749,0.8065000176429749,0.8047999739646912,0.8047999739646912,864.0
2024-03-01 11:32:00,ATRC,36.06999969482422,36.06999969482422,36.06999969482422,36.04999923706055,36.06999969482422,344.0
2024-03-01 11:32:00,ATXI,0.1500999927520752,0.1500999927520752,0.15360000729560852,0.1500999927520752,0.15360000729560852,1789.0
2024-03-01 11:32:00,AUPH,5.815000057220459,5.815000057220459,5.815000057220459,5.815000057220459,5.815000057220459,531.0
2024-03-01 11:32:00,AUTL,6.264999866485596,6.264999866485596,6.264999866485596,6.25,6.25,2273.0
2024-03-01 11:32:00,AVDL,12.75,12.75,12.75,12.729999542236328,12.75,1420.0
2024-03-01 11:32:00,AVIR,4.425000190734863,4.425000190734863,4.425000190734863,4.420000076293945,4.425000190734863,860.0
2024-03-01 11:32:00,AVXL,5.385000228881836,5.385000228881836,5.385000228881836,5.380000114440918,5.380000114440918,1457.0
2024-03-01 11:32:00,AXGN,10.4399995803833,10.4399995803833,10.4399995803833,10.4399995803833,10.4399995803833,339.0
2024-03-01 11:32:00,AXNX,67.27999877929688,67.27999877929688,67.30000305175781,67.2699966430664,67.2699966430664,1834.0
2024-03-01 11:32:00,AXSM,83.04000091552734,83.04000091552734,83.04000091552734,82.98999786376953,82.98999786376953,2620.0
2024-03-01 11:32:00,AZN,64.5199966430664,64.5199966430664,64.5250015258789,64.5199966430664,64.5199966430664,8064.0
2024-03-01 11:32:00,BBIO,35.85499954223633,35.85499954223633,35.85499954223633,35.83000183105469,35.83000183105469,1036.0
2024-03-01 11:32:00,BBLG,2.309999942779541,2.309999942779541,2.3299999237060547,2.309999942779541,2.3299999237060547,790.0
2024-03-01 11:32:00,BCAB,2.7850000858306885,2.7850000858306885,2.7881999015808105,2.7850000858306885,2.7881999015808105,1374.0
2024-03-01 11:32:00,BCDA,0.5699999928474426,0.5699999928474426,0.5699999928474426,0.5680000185966492,0.5680000185966492,600.0
2024-03-01 11:32:00,BCRX,5.809999942779541,5.809999942779541,5.820000171661377,5.809999942779541,5.820000171661377,14724.0
2024-03-01 11:32:00,BCYC,25.934999465942383,25.934999465942383,25.934999465942383,25.934999465942383,25.934999465942383,100.0
2024-03-01 11:32:00,BDTX,5.070000171661377,5.070000171661377,5.070000171661377,5.065000057220459,5.065000057220459,424.0
2024-03-01 11:32:00,BEAM,40.244998931884766,40.244998931884766,40.27000045776367,40.20000076293945,40.20000076293945,2571.0
2024-03-01 11:32:00,BGNE,166.7550048828125,166.7550048828125,166.7550048828125,166.75,166.7550048828125,251.0
2024-03-01 11:32:00,BIIB,219.32009887695312,219.32009887695312,219.32009887695312,219.32009887695312,219.32009887695312,373.0
2024-03-01 11:32:00,BIOL,0.13950000703334808,0.13950000703334808,0.13950000703334808,0.13950000703334808,0.13950000703334808,209.0
2024-03-01 11:32:00,BIVI,2.2899999618530273,2.2899999618530273,2.319999933242798,2.2799999713897705,2.3108999729156494,70871.0
2024-03-01 11:32:00,BJDX,0.7799999713897705,0.7799999713897705,0.7799999713897705,0.7799999713897705,0.7799999713897705,300.0
2024-03-01 11:32:00,BLFS,18.010000228881836,18.010000228881836,18.010000228881836,17.969999313354492,18.010000228881836,308.0
2024-03-01 11:32:00,BLUE,1.5850000381469727,1.5850000381469727,1.590000033378601,1.5800000429153442,1.590000033378601,14611.0
2024-03-01 11:32:00,BMEA,17.899999618530273,17.899999618530273,17.929000854492188,17.8799991607666,17.889999389648438,1369.0
2024-03-01 11:32:00,BMRN,86.80000305175781,86.80000305175781,86.80999755859375,86.77999877929688,86.77999877929688,16153.0
2024-03-01 11:32:00,BNOX,1.2400000095367432,1.2400000095367432,1.2400000095367432,1.2400000095367432,1.2400000095367432,263.0
2024-03-01 11:32:00,BNR,0.8607000112533569,0.8607000112533569,0.8607000112533569,0.8604000210762024,0.8604000210762024,1000.0
2024-03-01 11:32:00,BNTX,91.91999816894531,91.91999816894531,91.94000244140625,91.83319854736328,91.83319854736328,2493.0
2024-03-01 11:32:00,BPMC,96.26000213623047,96.26000213623047,96.26000213623047,96.26000213623047,96.26000213623047,1741.0
2024-03-01 11:32:00,BRKR,87.76000213623047,87.76000213623047,87.7699966430664,87.69000244140625,87.73999786376953,1101.0
2024-03-01 11:32:00,BSGM,0.6219000220298767,0.6219000220298767,0.6219000220298767,0.6219000220298767,0.6219000220298767,4693.0
2024-03-01 11:32:00,BVS,4.68149995803833,4.68149995803833,4.68149995803833,4.68149995803833,4.68149995803833,302.0
2024-03-01 11:32:00,BYSI,1.5499999523162842,1.5499999523162842,1.5499999523162842,1.5499999523162842,1.5499999523162842,3545.0
2024-03-01 11:32:00,CABA,24.030000686645508,24.030000686645508,24.040000915527344,23.989999771118164,23.989999771118164,2254.0
2024-03-01 11:32:00,CARA,0.9009000062942505,0.9009000062942505,0.9009000062942505,0.9009000062942505,0.9009000062942505,460.0
2024-03-01 11:32:00,CBAY,32.244998931884766,32.244998931884766,32.244998931884766,32.23500061035156,32.2400016784668,1482.0
2024-03-01 11:32:00,CCCC,10.989999771118164,10.989999771118164,10.989999771118164,10.989999771118164,10.989999771118164,3063.0
2024-03-01 11:32:00,CDMO,8.170000076293945,8.170000076293945,8.170000076293945,8.15999984741211,8.170000076293945,3482.0
2024-03-01 11:32:00,CDNA,12.569999694824219,12.569999694824219,12.579999923706055,12.529999732971191,12.539999961853027,7078.0
2024-03-01 11:32:00,CDTX,0.7200000286102295,0.7200000286102295,0.7200000286102295,0.7200000286102295,0.7200000286102295,1387.0
2024-03-01 11:32:00,CDXS,4.474999904632568,4.474999904632568,4.474999904632568,4.449999809265137,4.449999809265137,959.0
2024-03-01 11:32:00,CELC,15.8100004196167,15.8100004196167,15.8100004196167,15.8100004196167,15.8100004196167,116.0
2024-03-01 11:32:00,CELU,3.5999999046325684,3.5999999046325684,3.5999999046325684,3.5999999046325684,3.5999999046325684,149.0
2024-03-01 11:32:00,CERE,41.150001525878906,41.150001525878906,41.16999816894531,41.13999938964844,41.16999816894531,2449.0
2024-03-01 11:32:00,CERS,2.2200000286102295,2.2200000286102295,2.2249999046325684,2.2200000286102295,2.2249999046325684,355.0
2024-03-01 11:32:00,CERT,17.65999984741211,17.65999984741211,17.65999984741211,17.65999984741211,17.65999984741211,240.0
2024-03-01 11:32:00,CGC,3.265000104904175,3.265000104904175,3.2699999809265137,3.259999990463257,3.2600998878479004,3117.0
2024-03-01 11:32:00,CGEN,2.6898999214172363,2.6898999214172363,2.6898999214172363,2.684999942779541,2.684999942779541,945.0
2024-03-01 11:32:00,CGTX,2.0299999713897705,2.0299999713897705,2.049999952316284,2.0299999713897705,2.049999952316284,1946.0
2024-03-01 11:32:00,CHEK,2.2100000381469727,2.2100000381469727,2.2100000381469727,2.200000047683716,2.2100000381469727,704.0
2024-03-01 11:32:00,CHRS,2.3350000381469727,2.3350000381469727,2.3350000381469727,2.3299999237060547,2.3306000232696533,7622.0
2024-03-01 11:32:00,CING,1.3895000219345093,1.3895000219345093,1.3895000219345093,1.3895000219345093,1.3895000219345093,900.0
2024-03-01 11:32:00,CLDX,52.09000015258789,52.09000015258789,52.119998931884766,52.029998779296875,52.029998779296875,3230.0
2024-03-01 11:32:00,CLGN,5.210000038146973,5.210000038146973,5.210000038146973,5.210000038146973,5.210000038146973,2530.0
2024-03-01 11:32:00,CLNN,0.39500001072883606,0.39500001072883606,0.39500001072883606,0.39500001072883606,0.39500001072883606,736.0
2024-03-01 11:32:00,CLOV,0.875,0.875,0.8769000172615051,0.875,0.8761000037193298,11951.0
2024-03-01 11:32:00,CLSD,1.394700050354004,1.394700050354004,1.394700050354004,1.3799999952316284,1.3799999952316284,6383.0
2024-03-01 11:32:00,CMPS,11.289999961853027,11.289999961853027,11.300000190734863,11.273500442504883,11.273500442504883,1516.0
2024-03-01 11:32:00,COGT,7.190000057220459,7.190000057220459,7.190000057220459,7.190000057220459,7.190000057220459,7350.0
2024-03-01 11:32:00,COLL,37.0,37.0,37.0,36.939998626708984,36.939998626708984,1038.0
2024-03-01 11:32:00,CORT,23.959999084472656,23.959999084472656,23.959999084472656,23.959999084472656,23.959999084472656,432.0
2024-03-01 11:32:00,CPRX,17.0049991607666,17.0049991607666,17.024999618530273,16.979999542236328,16.979999542236328,6792.0
2024-03-01 11:32:00,CPSI,9.529999732971191,9.529999732971191,9.529999732971191,9.484999656677246,9.484999656677246,801.0
2024-03-01 11:32:00,CRBU,8.074999809265137,8.074999809265137,8.079999923706055,8.069999694824219,8.069999694824219,2433.0
2024-03-01 11:32:00,CRDF,2.4200000762939453,2.4200000762939453,2.424999952316284,2.4100000858306885,2.4200000762939453,15089.0
2024-03-01 11:32:00,CRIS,9.90999984741211,9.90999984741211,9.989999771118164,9.90999984741211,9.989999771118164,3221.0
2024-03-01 11:32:00,CRMD,3.7249999046325684,3.7249999046325684,3.7249999046325684,3.7249999046325684,3.7249999046325684,128.0
2024-03-01 11:32:00,CRNX,46.2599983215332,46.2599983215332,46.369998931884766,46.209999084472656,46.29999923706055,2639.0
2024-03-01 11:32:00,CRON,2.055000066757202,2.055000066757202,2.059999942779541,2.055000066757202,2.059999942779541,949.0
2024-03-01 11:32:00,CRSP,85.63999938964844,85.63999938964844,85.80000305175781,85.63500213623047,85.63999938964844,2669.0
2024-03-01 11:32:00,CSTL,20.260000228881836,20.260000228881836,20.260000228881836,20.25,20.25,1266.0
2024-03-01 11:32:00,CTKB,8.5,8.5,8.529999732971191,8.5,8.5,5768.0
2024-03-01 11:32:00,CTXR,0.7749999761581421,0.7749999761581421,0.7749999761581421,0.7700999975204468,0.7700999975204468,620.0
2024-03-01 11:32:00,CUE,2.1500000953674316,2.1500000953674316,2.1500000953674316,2.1500000953674316,2.1500000953674316,100.0
2024-03-01 11:32:00,CUTR,2.4000000953674316,2.4000000953674316,2.4298999309539795,2.4000000953674316,2.422499895095825,10385.0
2024-03-01 11:32:00,CVRX,20.079999923706055,20.079999923706055,20.079999923706055,20.079999923706055,20.079999923706055,184.0
2024-03-01 11:32:00,CYTK,73.9749984741211,73.9749984741211,73.9749984741211,73.9749984741211,73.9749984741211,1903.0
2024-03-01 11:32:00,CYTO,2.1500000953674316,2.1500000953674316,2.1500000953674316,2.1500000953674316,2.1500000953674316,100.0
2024-03-01 11:32:00,DARE,0.5598000288009644,0.5598000288009644,0.5598000288009644,0.5598000288009644,0.5598000288009644,1024.0
2024-03-01 11:32:00,DAWN,17.510000228881836,17.510000228881836,17.530000686645508,17.5049991607666,17.530000686645508,1423.0
2024-03-01 11:32:00,DCGO,4.150100231170654,4.150100231170654,4.150100231170654,4.150000095367432,4.150000095367432,3352.0
2024-03-01 11:32:00,DCPH,17.030000686645508,17.030000686645508,17.030000686645508,17.0,17.0,3015.0
2024-03-01 11:32:00,DERM,4.119999885559082,4.119999885559082,4.119999885559082,4.089600086212158,4.090000152587891,1050.0
2024-03-01 11:32:00,DH,9.079999923706055,9.079999923706055,9.083999633789062,9.079999923706055,9.083999633789062,716.0
2024-03-01 11:32:00,DMTK,0.8598989844322205,0.8598989844322205,0.8598999977111816,0.8500000238418579,0.8500000238418579,4525.0
2024-03-01 11:32:00,DNLI,20.950000762939453,20.950000762939453,20.959999084472656,20.8799991607666,20.899999618530273,4465.0
2024-03-01 11:32:00,DSGN,2.890000104904175,2.890000104904175,2.890000104904175,2.890000104904175,2.890000104904175,886.0
2024-03-01 11:32:00,DTIL,12.539999961853027,12.539999961853027,12.550000190734863,12.535200119018555,12.539999961853027,1788.0
2024-03-01 11:32:00,DVAX,12.8302001953125,12.8302001953125,12.8302001953125,12.829999923706055,12.8302001953125,811.0
2024-03-01 11:32:00,DXCM,118.55000305175781,118.55000305175781,118.5999984741211,118.5,118.54000091552734,6147.0
2024-03-01 11:32:00,DXR,7.889999866485596,7.889999866485596,7.889999866485596,7.889999866485596,7.889999866485596,1159.0
2024-03-01 11:32:00,DYN,28.665000915527344,28.665000915527344,28.735000610351562,28.665000915527344,28.709999084472656,20773.0
2024-03-01 11:32:00,EDIT,10.979999542236328,10.979999542236328,11.0,10.970000267028809,10.979999542236328,7987.0
2024-03-01 11:32:00,EGRX,6.614999771118164,6.614999771118164,6.614999771118164,6.614999771118164,6.614999771118164,505.0
2024-03-01 11:32:00,ELEV,4.980000019073486,4.980000019073486,4.980000019073486,4.980000019073486,4.980000019073486,150.0
2024-03-01 11:32:00,EMBC,14.369999885559082,14.369999885559082,14.369999885559082,14.369999885559082,14.369999885559082,427.0
2024-03-01 11:32:00,ENSG,123.81999969482422,123.81999969482422,123.81999969482422,123.69999694824219,123.69999694824219,1113.0
2024-03-01 11:32:00,ENTA,15.225000381469727,15.225000381469727,15.229999542236328,15.173299789428711,15.229999542236328,1005.0
2024-03-01 11:32:00,ENVB,1.559999942779541,1.559999942779541,1.5750000476837158,1.559999942779541,1.5750000476837158,8133.0
2024-03-01 11:32:00,EOLS,14.649999618530273,14.649999618530273,14.649999618530273,14.649999618530273,14.649999618530273,635.0
2024-03-01 11:32:00,EPIX,9.550000190734863,9.550000190734863,9.550000190734863,9.550000190734863,9.550000190734863,169.0
2024-03-01 11:32:00,ERAS,2.5199999809265137,2.5199999809265137,2.5299999713897705,2.515000104904175,2.5250000953674316,27582.0
2024-03-01 11:32:00,ESPR,2.5199999809265137,2.5199999809265137,2.5250000953674316,2.5199999809265137,2.5199999809265137,14638.0
2024-03-01 11:32:00,ESTA,45.78499984741211,45.78499984741211,45.78499984741211,45.70000076293945,45.72999954223633,3769.0
2024-03-01 11:32:00,ETNB,12.850000381469727,12.850000381469727,12.850000381469727,12.835000038146973,12.835000038146973,1696.0
2024-03-01 11:32:00,EWTX,16.989999771118164,16.989999771118164,16.989999771118164,16.915000915527344,16.915000915527344,1652.0
2024-03-01 11:32:00,EXAI,6.809999942779541,6.809999942779541,6.809999942779541,6.809999942779541,6.809999942779541,1267.0
2024-03-01 11:32:00,EXAS,60.0,60.0,60.022499084472656,59.97999954223633,59.9900016784668,2751.0
2024-03-01 11:32:00,EXEL,22.44499969482422,22.44499969482422,22.44499969482422,22.440000534057617,22.440000534057617,3913.0
2024-03-01 11:32:00,EYEN,2.244999885559082,2.244999885559082,2.2595999240875244,2.244999885559082,2.2595999240875244,1044.0
2024-03-01 11:32:00,EYPT,27.985000610351562,27.985000610351562,27.985000610351562,27.985000610351562,27.985000610351562,4324.0
2024-03-01 11:32:00,FATE,7.440000057220459,7.440000057220459,7.440000057220459,7.414999961853027,7.440000057220459,3085.0
2024-03-01 11:32:00,FDMT,29.350000381469727,29.350000381469727,29.350000381469727,29.350000381469727,29.350000381469727,320.0
2024-03-01 11:32:00,FENC,9.770000457763672,9.770000457763672,9.770000457763672,9.75,9.760000228881836,817.0
2024-03-01 11:32:00,FGEN,1.809999942779541,1.809999942779541,1.809999942779541,1.809999942779541,1.809999942779541,416.0
2024-03-01 11:32:00,FOLD,13.354999542236328,13.354999542236328,13.359999656677246,13.354999542236328,13.359999656677246,20111.0
2024-03-01 11:32:00,FULC,10.84000015258789,10.84000015258789,10.84000015258789,10.84000015258789,10.84000015258789,344.0
2024-03-01 11:32:00,FUSN,12.1899995803833,12.1899995803833,12.1899995803833,12.1899995803833,12.1899995803833,6537.0
2024-03-01 11:32:00,GBIO,2.609999895095825,2.609999895095825,2.609999895095825,2.609999895095825,2.609999895095825,4896.0
2024-03-01 11:32:00,GDRX,8.274999618530273,8.274999618530273,8.279999732971191,8.271300315856934,8.279999732971191,1559.0
2024-03-01 11:32:00,GERN,2.1649999618530273,2.1649999618530273,2.1700000762939453,2.1600000858306885,2.1600000858306885,10351.0
2024-03-01 11:32:00,GH,19.280000686645508,19.280000686645508,19.280000686645508,19.270000457763672,19.270000457763672,1421.0
2024-03-01 11:32:00,GILD,72.44000244140625,72.44000244140625,72.45999908447266,72.44000244140625,72.44000244140625,9759.0
2024-03-01 11:32:00,GLPG,35.019901275634766,35.019901275634766,35.019901275634766,35.005001068115234,35.005001068115234,510.0
2024-03-01 11:32:00,GMAB,29.33060073852539,29.33060073852539,29.34000015258789,29.33060073852539,29.34000015258789,537.0
2024-03-01 11:32:00,GMDA,0.37940001487731934,0.37940001487731934,0.37940001487731934,0.37940001487731934,0.37940001487731934,18199.0
2024-03-01 11:32:00,GNPX,4.489999771118164,4.489999771118164,4.489999771118164,4.489999771118164,4.489999771118164,399.0
2024-03-01 11:32:00,GOSS,1.3600000143051147,1.3600000143051147,1.3600000143051147,1.3600000143051147,1.3600000143051147,8582.0
2024-03-01 11:32:00,GRFS,7.15500020980835,7.15500020980835,7.170000076293945,7.125,7.15500020980835,23807.0
2024-03-01 11:32:00,GRTS,2.2200000286102295,2.2200000286102295,2.2200000286102295,2.2149999141693115,2.2149999141693115,18998.0
2024-03-01 11:32:00,GTHX,3.581199884414673,3.581199884414673,3.581199884414673,3.569999933242798,3.569999933242798,1625.0
2024-03-01 11:32:00,HALO,41.189998626708984,41.189998626708984,41.22999954223633,41.130001068115234,41.130001068115234,6788.0
2024-03-01 11:32:00,HARP,22.93000030517578,22.93000030517578,22.93000030517578,22.93000030517578,22.93000030517578,111.0
2024-03-01 11:32:00,HCAT,7.949999809265137,7.949999809265137,7.949999809265137,7.949999809265137,7.949999809265137,241.0
2024-03-01 11:32:00,HCSG,12.635000228881836,12.635000228881836,12.652999877929688,12.635000228881836,12.652999877929688,676.0
2024-03-01 11:32:00,HCTI,2.630000114440918,2.630000114440918,2.749500036239624,2.630000114440918,2.7100000381469727,38341.0
2024-03-01 11:32:00,HOLX,73.76000213623047,73.76000213623047,73.76000213623047,73.73999786376953,73.75,2805.0
2024-03-01 11:32:00,HOOK,0.7994999885559082,0.7994999885559082,0.7994999885559082,0.7994999885559082,0.7994999885559082,239.0
2024-03-01 11:32:00,HQY,81.4749984741211,81.4749984741211,81.4749984741211,81.4749984741211,81.4749984741211,101.0
2024-03-01 11:32:00,HRMY,31.415000915527344,31.415000915527344,31.440000534057617,31.415000915527344,31.440000534057617,394.0
2024-03-01 11:32:00,HROW,10.800000190734863,10.800000190734863,10.800000190734863,10.800000190734863,10.800000190734863,1051.0
2024-03-01 11:32:00,HRTX,2.638200044631958,2.638200044631958,2.638200044631958,2.625,2.630000114440918,10364.0
2024-03-01 11:32:00,HSIC,77.04499816894531,77.04499816894531,77.04499816894531,76.9749984741211,76.98999786376953,2982.0
2024-03-01 11:32:00,HUMA,3.259999990463257,3.259999990463257,3.259999990463257,3.2509000301361084,3.255000114440918,3318.0
2024-03-01 11:32:00,IART,36.560001373291016,36.560001373291016,36.58000183105469,36.55500030517578,36.560001373291016,10034.0
2024-03-01 11:32:00,IBRX,4.920000076293945,4.920000076293945,4.920000076293945,4.909999847412109,4.913300037384033,2427.0
2024-03-01 11:32:00,ICAD,1.8901000022888184,1.8901000022888184,1.9067000150680542,1.8901000022888184,1.9067000150680542,1993.0
2024-03-01 11:32:00,ICLR,322.93499755859375,322.93499755859375,322.94000244140625,322.93499755859375,322.94000244140625,961.0
2024-03-01 11:32:00,IDXX,579.77001953125,579.77001953125,579.77001953125,579.77001953125,579.77001953125,210.0
2024-03-01 11:32:00,IDYA,46.13999938964844,46.13999938964844,46.16999816894531,46.13999938964844,46.16999816894531,2004.0
2024-03-01 11:32:00,IFRX,1.840000033378601,1.840000033378601,1.840000033378601,1.8300000429153442,1.840000033378601,600.0
2024-03-01 11:32:00,IGMS,13.352499961853027,13.352499961853027,13.352499961853027,13.345000267028809,13.345000267028809,500.0
2024-03-01 11:32:00,ILMN,141.74000549316406,141.74000549316406,141.80999755859375,141.61000061035156,141.6199951171875,3451.0
2024-03-01 11:32:00,IMAB,1.850000023841858,1.850000023841858,1.8593000173568726,1.850000023841858,1.8593000173568726,996.0
2024-03-01 11:32:00,IMCC,0.3294999897480011,0.3294999897480011,0.3294999897480011,0.3294999897480011,0.3294999897480011,302.0
2024-03-01 11:32:00,IMMX,3.5350000858306885,3.5350000858306885,3.5350000858306885,3.5350000858306885,3.5350000858306885,100.0
2024-03-01 11:32:00,IMNM,25.479999542236328,25.479999542236328,25.479999542236328,25.43000030517578,25.44499969482422,1242.0
2024-03-01 11:32:00,IMUX,1.4700000286102295,1.4700000286102295,1.4700000286102295,1.4600000381469727,1.4600000381469727,714.0
2024-03-01 11:32:00,IMVT,36.189998626708984,36.189998626708984,36.20000076293945,36.119998931884766,36.119998931884766,3098.0
2024-03-01 11:32:00,INBX,36.849998474121094,36.849998474121094,36.86000061035156,36.849998474121094,36.86000061035156,870.0
2024-03-01 11:32:00,INCY,59.040000915527344,59.040000915527344,59.05500030517578,59.0099983215332,59.0099983215332,2861.0
2024-03-01 11:32:00,INGN,6.840000152587891,6.840000152587891,6.872499942779541,6.840000152587891,6.864999771118164,18558.0
2024-03-01 11:32:00,INMB,12.0,12.0,12.0,12.0,12.0,100.0
2024-03-01 11:32:00,INMD,22.719999313354492,22.719999313354492,22.75,22.719999313354492,22.729999542236328,2341.0
2024-03-01 11:32:00,INO,9.329999923706055,9.329999923706055,9.349499702453613,9.319100379943848,9.319100379943848,2723.0
2024-03-01 11:32:00,INSM,28.149999618530273,28.149999618530273,28.149999618530273,28.149999618530273,28.149999618530273,1146.0
2024-03-01 11:32:00,INVA,15.670000076293945,15.670000076293945,15.710000038146973,15.670000076293945,15.670000076293945,5631.0
2024-03-01 11:32:00,INVO,1.159999966621399,1.159999966621399,1.159999966621399,1.159999966621399,1.159999966621399,473.0
2024-03-01 11:32:00,INZY,6.480000019073486,6.480000019073486,6.480000019073486,6.46999979019165,6.46999979019165,856.0
2024-03-01 11:32:00,IONS,45.83000183105469,45.83000183105469,45.83000183105469,45.810001373291016,45.81999969482422,1379.0
2024-03-01 11:32:00,IOVA,16.479999542236328,16.479999542236328,16.479999542236328,16.479999542236328,16.479999542236328,11276.0
2024-03-01 11:32:00,IPSC,3.799999952316284,3.799999952316284,3.799999952316284,3.799999952316284,3.799999952316284,300.0
2024-03-01 11:32:00,IRWD,8.949999809265137,8.949999809265137,8.96500015258789,8.949999809265137,8.954999923706055,25700.0
2024-03-01 11:32:00,ISRG,392.6400146484375,392.6400146484375,392.760009765625,392.6400146484375,392.760009765625,5695.0
2024-03-01 11:32:00,ITCI,71.31999969482422,71.31999969482422,71.31999969482422,71.19000244140625,71.19000244140625,1225.0
2024-03-01 11:32:00,IVVD,3.9700000286102295,3.9700000286102295,3.9800000190734863,3.9700000286102295,3.9700000286102295,451.0
2024-03-01 11:32:00,IXHL,5.360000133514404,5.360000133514404,5.360000133514404,5.360000133514404,5.360000133514404,332.0
2024-03-01 11:32:00,JAGX,0.08030000329017639,0.08030000329017639,0.08150000125169754,0.08030000329017639,0.08100000023841858,178951.0
2024-03-01 11:32:00,JANX,46.40999984741211,46.40999984741211,46.40999984741211,46.404998779296875,46.407501220703125,3821.0
2024-03-01 11:32:00,JAZZ,119.79000091552734,119.79000091552734,120.0,119.69999694824219,120.0,2382.0
2024-03-01 11:32:00,JYNT,10.149999618530273,10.149999618530273,10.149999618530273,10.125,10.140000343322754,1230.0
2024-03-01 11:32:00,KALV,13.899999618530273,13.899999618530273,13.9399995803833,13.899999618530273,13.9399995803833,1658.0
2024-03-01 11:32:00,KOD,6.150000095367432,6.150000095367432,6.150000095367432,6.135000228881836,6.150000095367432,1194.0
2024-03-01 11:32:00,KPTI,1.2200000286102295,1.2200000286102295,1.225000023841858,1.2200000286102295,1.225000023841858,2137.0
2024-03-01 11:32:00,KROS,69.02999877929688,69.02999877929688,69.06999969482422,69.0,69.01000213623047,3955.0
2024-03-01 11:32:00,KRTX,316.5050048828125,316.5050048828125,316.5050048828125,316.45001220703125,316.4700012207031,1135.0
2024-03-01 11:32:00,KTRA,0.09880000352859497,0.09880000352859497,0.09889999777078629,0.09880000352859497,0.09889999777078629,49834.0
2024-03-01 11:32:00,KURA,21.360000610351562,21.360000610351562,21.360000610351562,21.360000610351562,21.360000610351562,510.0
2024-03-01 11:32:00,KYMR,43.810001373291016,43.810001373291016,43.810001373291016,43.810001373291016,43.810001373291016,1647.0
2024-03-01 11:32:00,KZIA,0.23330000042915344,0.23330000042915344,0.23340000212192535,0.23330000042915344,0.23340000212192535,751.0
2024-03-01 11:32:00,KZR,1.090000033378601,1.090000033378601,1.090000033378601,1.0850000381469727,1.090000033378601,400.0
2024-03-01 11:32:00,LAB,2.4200000762939453,2.4200000762939453,2.424999952316284,2.4200000762939453,2.4200000762939453,1713.0
2024-03-01 11:32:00,LBPH,21.719999313354492,21.719999313354492,21.719999313354492,21.719999313354492,21.719999313354492,110.0
2024-03-01 11:32:00,LEGN,65.93499755859375,65.93499755859375,65.94000244140625,65.89250183105469,65.94000244140625,634.0
2024-03-01 11:32:00,LFST,7.989999771118164,7.989999771118164,8.005000114440918,7.989999771118164,7.994999885559082,19268.0
2024-03-01 11:32:00,LGND,78.29000091552734,78.29000091552734,78.29000091552734,78.29000091552734,78.29000091552734,243.0
2024-03-01 11:32:00,LIFE,1.9299999475479126,1.9299999475479126,1.9299999475479126,1.9299999475479126,1.9299999475479126,400.0
2024-03-01 11:32:00,LQDA,14.324999809265137,14.324999809265137,14.329999923706055,14.324999809265137,14.329999923706055,1364.0
2024-03-01 11:32:00,LUCD,1.2300000190734863,1.2300000190734863,1.2300000190734863,1.2300000190734863,1.2300000190734863,1400.0
2024-03-01 11:32:00,LVTX,3.0,3.0,3.0,3.0,3.0,1113.0
2024-03-01 11:32:00,LXRX,2.4049999713897705,2.4049999713897705,2.4049999713897705,2.4049999713897705,2.4049999713897705,388.0
2024-03-01 11:32:00,LYEL,3.1549999713897705,3.1549999713897705,3.1600000858306885,3.1500000953674316,3.1500000953674316,2579.0
2024-03-01 11:32:00,MASI,127.04499816894531,127.04499816894531,127.05500030517578,126.93000030517578,126.93000030517578,2573.0
2024-03-01 11:32:00,MBOT,1.2984999418258667,1.2984999418258667,1.2984999418258667,1.2984999418258667,1.2984999418258667,28456.0
2024-03-01 11:32:00,MCRB,1.1950000524520874,1.1950000524520874,1.1985000371932983,1.1950000524520874,1.1950000524520874,1650.0
2024-03-01 11:32:00,MDGL,241.13999938964844,241.13999938964844,241.27999877929688,241.13999938964844,241.27999877929688,908.0
2024-03-01 11:32:00,MDRX,5.949999809265137,5.949999809265137,6.0,5.949999809265137,6.0,17246.0
2024-03-01 11:32:00,MDXG,8.579999923706055,8.579999923706055,8.585000038146973,8.579999923706055,8.579999923706055,878.0
2024-03-01 11:32:00,ME,0.5740000009536743,0.5740000009536743,0.5740000009536743,0.5727499723434448,0.5740000009536743,1814.0
2024-03-01 11:32:00,MEDP,400.5199890136719,400.5199890136719,400.5199890136719,400.2049865722656,400.2049865722656,1486.0
2024-03-01 11:32:00,MGNX,19.219999313354492,19.219999313354492,19.239999771118164,19.18000030517578,19.18000030517578,3120.0
2024-03-01 11:32:00,MGTX,6.300000190734863,6.300000190734863,6.309999942779541,6.295000076293945,6.309999942779541,1816.0
2024-03-01 11:32:00,MIRM,30.07990074157715,30.07990074157715,30.07990074157715,30.07990074157715,30.07990074157715,245.0
2024-03-01 11:32:00,MIST,1.6799999475479126,1.6799999475479126,1.6799999475479126,1.6799999475479126,1.6799999475479126,11843.0
2024-03-01 11:32:00,MLTX,51.209999084472656,51.209999084472656,51.209999084472656,51.209999084472656,51.209999084472656,645.0
2024-03-01 11:32:00,MMSI,76.17500305175781,76.17500305175781,76.17500305175781,76.17500305175781,76.17500305175781,177.0
2024-03-01 11:32:00,MNKD,4.626999855041504,4.626999855041504,4.639999866485596,4.625,4.625,25743.0
2024-03-01 11:32:00,MNMD,5.949999809265137,5.949999809265137,5.960000038146973,5.949999809265137,5.949999809265137,13830.0
2024-03-01 11:32:00,MNOV,1.3650000095367432,1.3650000095367432,1.3650000095367432,1.3650000095367432,1.3650000095367432,143.0
2024-03-01 11:32:00,MODD,1.9098000526428223,1.9098000526428223,1.9098000526428223,1.9098000526428223,1.9098000526428223,1100.0
2024-03-01 11:32:00,MODV,27.940000534057617,27.940000534057617,27.940000534057617,27.940000534057617,27.940000534057617,182.0
2024-03-01 11:32:00,MOR,17.604999542236328,17.604999542236328,17.604999542236328,17.604999542236328,17.604999542236328,100.0
2024-03-01 11:32:00,MORF,38.599998474121094,38.599998474121094,38.599998474121094,38.59000015258789,38.599998474121094,774.0
2024-03-01 11:32:00,MREO,3.805000066757202,3.805000066757202,3.805000066757202,3.805000066757202,3.805000066757202,277.0
2024-03-01 11:32:00,MRNA,95.83999633789062,95.83999633789062,95.9000015258789,95.70999908447266,95.73999786376953,10019.0
2024-03-01 11:32:00,MRSN,6.005000114440918,6.005000114440918,6.009500026702881,5.989999771118164,5.989999771118164,5059.0
2024-03-01 11:32:00,MRUS,51.0,51.0,51.16999816894531,51.0,51.16999816894531,402.0
2024-03-01 11:32:00,MRVI,7.84499979019165,7.84499979019165,7.860000133514404,7.824999809265137,7.824999809265137,4378.0
2024-03-01 11:32:00,MXCT,4.739999771118164,4.739999771118164,4.739999771118164,4.730000019073486,4.735000133514404,3057.0
2024-03-01 11:32:00,MYGN,21.530000686645508,21.530000686645508,21.530000686645508,21.450000762939453,21.530000686645508,647.0
2024-03-01 11:32:00,NARI,46.11000061035156,46.11000061035156,46.310001373291016,46.11000061035156,46.310001373291016,21378.0
2024-03-01 11:32:00,NBIX,130.25,130.25,130.36000061035156,130.25,130.30999755859375,1924.0
2024-03-01 11:32:00,NBSE,0.8600999712944031,0.8600999712944031,0.8600999712944031,0.8600999712944031,0.8600999712944031,1323.0
2024-03-01 11:32:00,NDRA,1.1298999786376953,1.1298999786376953,1.1299999952316284,1.1298999786376953,1.1299999952316284,2510.0
2024-03-01 11:32:00,NEO,16.040000915527344,16.040000915527344,16.040000915527344,16.040000915527344,16.040000915527344,1142.0
2024-03-01 11:32:00,NEOG,17.235000610351562,17.235000610351562,17.260000228881836,17.235000610351562,17.260000228881836,6156.0
2024-03-01 11:32:00,NGM,1.5300999879837036,1.5300999879837036,1.5300999879837036,1.5299999713897705,1.5299999713897705,1241.0
2024-03-01 11:32:00,NKTR,0.7581999897956848,0.7581999897956848,0.7581999897956848,0.7549999952316284,0.7551000118255615,11500.0
2024-03-01 11:32:00,NKTX,12.710000038146973,12.710000038146973,12.729999542236328,12.710000038146973,12.729999542236328,934.0
2024-03-01 11:32:00,NNOX,11.015000343322754,11.015000343322754,11.055000305175781,11.015000343322754,11.039999961853027,2790.0
2024-03-01 11:32:00,NOTV,8.069999694824219,8.069999694824219,8.069999694824219,8.069999694824219,8.069999694824219,2890.0
2024-03-01 11:32:00,NRBO,5.730000019073486,5.730000019073486,5.730000019073486,5.710000038146973,5.710000038146973,421.0
2024-03-01 11:32:00,NRIX,13.220000267028809,13.220000267028809,13.220000267028809,13.1899995803833,13.199999809265137,2687.0
2024-03-01 11:32:00,NRXP,0.4178999960422516,0.4178999960422516,0.4251999855041504,0.4178999960422516,0.42500001192092896,39730.0
2024-03-01 11:32:00,NTLA,33.70500183105469,33.70500183105469,33.7400016784668,33.63999938964844,33.650001525878906,5831.0
2024-03-01 11:32:00,NTRA,89.53500366210938,89.53500366210938,89.53500366210938,89.37999725341797,89.38999938964844,3922.0
2024-03-01 11:32:00,NUVL,87.59500122070312,87.59500122070312,87.59500122070312,87.59500122070312,87.59500122070312,205.0
2024-03-01 11:32:00,NVAX,5.190000057220459,5.190000057220459,5.190000057220459,5.190000057220459,5.190000057220459,26987.0
2024-03-01 11:32:00,NVCR,15.899999618530273,15.899999618530273,15.899999618530273,15.899999618530273,15.899999618530273,102.0
2024-03-01 11:32:00,NXTC,1.8009999990463257,1.8009999990463257,1.8009999990463257,1.8009999990463257,1.8009999990463257,250.0
2024-03-01 11:32:00,OCGN,0.9247000217437744,0.9247000217437744,0.9247000217437744,0.9247000217437744,0.9247000217437744,362.0
2024-03-01 11:32:00,OCUL,10.449999809265137,10.449999809265137,10.449999809265137,10.437000274658203,10.4399995803833,1218.0
2024-03-01 11:32:00,OCUP,2.4700000286102295,2.4700000286102295,2.490000009536743,2.4700000286102295,2.490000009536743,1470.0
2024-03-01 11:32:00,OGI,2.1115000247955322,2.1115000247955322,2.115000009536743,2.1115000247955322,2.115000009536743,1591.0
2024-03-01 11:32:00,OLK,22.565000534057617,22.565000534057617,22.625,22.565000534057617,22.625,6833.0
2024-03-01 11:32:00,OLMA,13.25,13.25,13.272000312805176,13.234999656677246,13.25,2386.0
2024-03-01 11:32:00,OM,3.140000104904175,3.140000104904175,3.140000104904175,3.140000104904175,3.140000104904175,538.0
2024-03-01 11:32:00,OMCL,26.375,26.375,26.375,26.375,26.375,421.0
2024-03-01 11:32:00,OMER,4.710000038146973,4.710000038146973,4.710000038146973,4.710000038146973,4.710000038146973,506.0
2024-03-01 11:32:00,OMGA,4.21999979019165,4.21999979019165,4.21999979019165,4.199999809265137,4.21999979019165,1511.0
2024-03-01 11:33:00,ABOS,4.69920015335083,4.69920015335083,4.69920015335083,4.69920015335083,4.69920015335083,610.0
2024-03-01 11:33:00,ABSI,5.199999809265137,5.199999809265137,5.199999809265137,5.190000057220459,5.190000057220459,1281.0
2024-03-01 11:33:00,ABUS,2.780900001525879,2.780900001525879,2.780900001525879,2.780900001525879,2.780900001525879,1282.0
2024-03-01 11:33:00,ACAD,23.90999984741211,23.90999984741211,23.924999237060547,23.889999389648438,23.889999389648438,2554.0
2024-03-01 11:33:00,ACB,3.140000104904175,3.140000104904175,3.1500000953674316,3.140000104904175,3.1449999809265137,4445.0
2024-03-01 11:33:00,ACET,2.390000104904175,2.390000104904175,2.390000104904175,2.375,2.380000114440918,4823.0
2024-03-01 11:33:00,ACHC,84.18289947509766,84.18289947509766,84.18289947509766,84.05999755859375,84.11499786376953,826.0
2024-03-01 11:33:00,ACLX,67.63500213623047,67.63500213623047,67.63500213623047,67.63500213623047,67.63500213623047,440.0
2024-03-01 11:33:00,ACON,0.38499999046325684,0.38499999046325684,0.38499999046325684,0.38499999046325684,0.38499999046325684,100.0
2024-03-01 11:33:00,ACRS,1.2100000381469727,1.2100000381469727,1.2200000286102295,1.2100000381469727,1.2200000286102295,1426.0
2024-03-01 11:33:00,ADAP,1.590000033378601,1.590000033378601,1.5950000286102295,1.590000033378601,1.590000033378601,2862.0
2024-03-01 11:33:00,ADIL,2.98009991645813,2.98009991645813,2.98009991645813,2.9700000286102295,2.9700000286102295,41164.0
2024-03-01 11:33:00,ADMA,5.329999923706055,5.329999923706055,5.340000152587891,5.329999923706055,5.329999923706055,1971.0
2024-03-01 11:33:00,ADPT,4.179999828338623,4.179999828338623,4.184999942779541,4.179999828338623,4.184999942779541,2149.0
2024-03-01 11:33:00,ADVM,1.934999942779541,1.934999942779541,1.934999942779541,1.934999942779541,1.934999942779541,272.0
2024-03-01 11:33:00,AFMD,0.622098982334137,0.622098982334137,0.6220999956130981,0.6200000047683716,0.6220999956130981,735.0
2024-03-01 11:33:00,AGEN,0.6671000123023987,0.6671000123023987,0.6671000123023987,0.6670500040054321,0.6671000123023987,7686.0
2024-03-01 11:33:00,AGIO,32.95000076293945,32.95000076293945,32.95500183105469,32.88999938964844,32.88999938964844,725.0
2024-03-01 11:33:00,AHCO,10.774999618530273,10.774999618530273,10.774999618530273,10.774999618530273,10.774999618530273,102.0
2024-03-01 11:33:00,AKAN,0.2433999925851822,0.2433999925851822,0.2433999925851822,0.24269999563694,0.2433999925851822,4288.0
2024-03-01 11:33:00,AKBA,1.6686999797821045,1.6686999797821045,1.6686999797821045,1.659999966621399,1.660099983215332,5929.0
2024-03-01 11:33:00,AKLI,0.33899998664855957,0.33899998664855957,0.33899998664855957,0.33878499269485474,0.33880001306533813,710.0
2024-03-01 11:33:00,AKRO,29.225000381469727,29.225000381469727,29.309999465942383,29.225000381469727,29.25,2340.0
2024-03-01 11:33:00,AKYA,6.039999961853027,6.039999961853027,6.039999961853027,6.003499984741211,6.039999961853027,500.0
2024-03-01 11:33:00,ALDX,4.149199962615967,4.149199962615967,4.149199962615967,4.130000114440918,4.130000114440918,5201.0
2024-03-01 11:33:00,ALEC,7.519999980926514,7.519999980926514,7.519999980926514,7.5,7.5,4727.0
2024-03-01 11:33:00,ALGS,1.0799000263214111,1.0799000263214111,1.0799000263214111,1.0787999629974365,1.0791000127792358,10228.0
2024-03-01 11:33:00,ALHC,5.760000228881836,5.760000228881836,5.849999904632568,5.760000228881836,5.849999904632568,9534.0
2024-03-01 11:33:00,ALKS,30.209999084472656,30.209999084472656,30.21500015258789,30.209999084472656,30.21500015258789,428.0
2024-03-01 11:33:00,ALLK,1.5850000381469727,1.5850000381469727,1.5850000381469727,1.5850000381469727,1.5850000381469727,400.0
2024-03-01 11:33:00,ALLR,0.4025999903678894,0.4025999903678894,0.4025999903678894,0.4025999903678894,0.4025999903678894,272.0
2024-03-01 11:33:00,ALNY,154.23500061035156,154.23500061035156,154.3300018310547,154.23500061035156,154.23500061035156,406.0
2024-03-01 11:33:00,ALPN,35.790000915527344,35.790000915527344,35.82500076293945,35.779998779296875,35.810001373291016,613.0
2024-03-01 11:33:00,ALT,12.168100357055664,12.168100357055664,12.170000076293945,12.149999618530273,12.15999984741211,3807.0
2024-03-01 11:33:00,ALXO,15.024999618530273,15.024999618530273,15.024999618530273,15.020000457763672,15.024999618530273,404.0
2024-03-01 11:33:00,AMED,93.69000244140625,93.69000244140625,93.69000244140625,93.69000244140625,93.69000244140625,151.0
2024-03-01 11:33:00,AMGN,281.1000061035156,281.1000061035156,281.1700134277344,281.1000061035156,281.1700134277344,1542.0
2024-03-01 11:33:00,AMLX,18.84000015258789,18.84000015258789,18.84000015258789,18.84000015258789,18.84000015258789,705.0
2024-03-01 11:33:00,AMPH,45.720001220703125,45.720001220703125,45.720001220703125,45.720001220703125,45.720001220703125,694.0
2024-03-01 11:33:00,AMRN,1.0499999523162842,1.0499999523162842,1.0549999475479126,1.0499999523162842,1.0549999475479126,507.0
2024-03-01 11:33:00,ANAB,25.469999313354492,25.469999313354492,25.469999313354492,25.469999313354492,25.469999313354492,101.0
2024-03-01 11:33:00,ANGO,5.514999866485596,5.514999866485596,5.514999866485596,5.510000228881836,5.510000228881836,448.0
2024-03-01 11:33:00,ANIP,66.94999694824219,66.94999694824219,67.0,66.80999755859375,66.83999633789062,2126.0
2024-03-01 11:33:00,ANNX,6.0,6.0,6.029900074005127,6.0,6.029900074005127,56106.0
2024-03-01 11:33:00,APLS,65.09500122070312,65.09500122070312,65.11000061035156,65.0,65.0,4782.0
2024-03-01 11:33:00,APLT,7.139999866485596,7.139999866485596,7.139999866485596,7.139999866485596,7.139999866485596,248.0
2024-03-01 11:33:00,AQST,4.278500080108643,4.278500080108643,4.278500080108643,4.269999980926514,4.269999980926514,3833.0
2024-03-01 11:33:00,ARAY,2.625,2.625,2.630000114440918,2.625,2.630000114440918,4612.0
2024-03-01 11:33:00,ARCT,39.5099983215332,39.5099983215332,39.5099983215332,39.41999816894531,39.41999816894531,2461.0
2024-03-01 11:33:00,ARDX,9.479999542236328,9.479999542236328,9.489999771118164,9.470100402832031,9.470100402832031,7006.0
2024-03-01 11:33:00,ARGX,389.3900146484375,389.3900146484375,389.3999938964844,389.3699951171875,389.3900146484375,998.0
2024-03-01 11:33:00,ARQT,11.260000228881836,11.260000228881836,11.279999732971191,11.25,11.255000114440918,6399.0
2024-03-01 11:33:00,ARVN,48.81999969482422,48.81999969482422,48.81999969482422,48.70000076293945,48.70000076293945,203.0
2024-03-01 11:33:00,ARWR,35.525001525878906,35.525001525878906,35.525001525878906,35.5099983215332,35.525001525878906,410.0
2024-03-01 11:33:00,ASND,150.125,150.125,150.125,150.0,150.125,502.0
2024-03-01 11:33:00,ASRT,0.9010999798774719,0.9010999798774719,0.9010999798774719,0.9010999798774719,0.9010999798774719,100.0
2024-03-01 11:33:00,ATAI,2.009000062942505,2.009000062942505,2.009000062942505,2.009000062942505,2.009000062942505,500.0
2024-03-01 11:33:00,ATEC,13.595000267028809,13.595000267028809,13.614999771118164,13.595000267028809,13.614999771118164,4723.0
2024-03-01 11:33:00,ATHE,1.7799999713897705,1.7799999713897705,1.809999942779541,1.7649999856948853,1.7799999713897705,4716.0
2024-03-01 11:33:00,ATRA,0.8047500252723694,0.8047500252723694,0.8047999739646912,0.8047500252723694,0.8047999739646912,210.0
2024-03-01 11:33:00,ATRC,36.06999969482422,36.06999969482422,36.06999969482422,36.06999969482422,36.06999969482422,459.0
2024-03-01 11:33:00,ATXS,15.279999732971191,15.279999732971191,15.279999732971191,15.279999732971191,15.279999732971191,476.0
2024-03-01 11:33:00,AUPH,5.8125,5.8125,5.8125,5.8125,5.8125,127.0
2024-03-01 11:33:00,AUTL,6.264999866485596,6.264999866485596,6.264999866485596,6.264999866485596,6.264999866485596,200.0
2024-03-01 11:33:00,AVDL,12.760000228881836,12.760000228881836,12.760000228881836,12.760000228881836,12.760000228881836,200.0
2024-03-01 11:33:00,AVIR,4.449999809265137,4.449999809265137,4.449999809265137,4.429999828338623,4.429999828338623,3222.0
2024-03-01 11:33:00,AVXL,5.389999866485596,5.389999866485596,5.389999866485596,5.389999866485596,5.389999866485596,896.0
2024-03-01 11:33:00,AXDX,1.0199999809265137,1.0199999809265137,1.0199999809265137,1.0049999952316284,1.0049999952316284,5467.0
2024-03-01 11:33:00,AXGN,10.449999809265137,10.449999809265137,10.460000038146973,10.449999809265137,10.460000038146973,314.0
2024-03-01 11:33:00,AXNX,67.30000305175781,67.30000305175781,67.30000305175781,67.27999877929688,67.27999877929688,4126.0
2024-03-01 11:33:00,AXSM,83.06999969482422,83.06999969482422,83.125,82.95999908447266,83.125,3747.0
2024-03-01 11:33:00,AZN,64.5250015258789,64.5250015258789,64.52999877929688,64.5250015258789,64.52999877929688,9224.0
2024-03-01 11:33:00,AZTA,66.43000030517578,66.43000030517578,66.43000030517578,66.43000030517578,66.43000030517578,639.0
2024-03-01 11:33:00,BBIO,35.86000061035156,35.86000061035156,35.86249923706055,35.86000061035156,35.86249923706055,1083.0
2024-03-01 11:33:00,BBLG,2.309999942779541,2.309999942779541,2.3499999046325684,2.309999942779541,2.3299999237060547,1864.0
2024-03-01 11:33:00,BCAB,2.7850000858306885,2.7850000858306885,2.7850000858306885,2.7806999683380127,2.7806999683380127,587.0
2024-03-01 11:33:00,BCEL,0.26759999990463257,0.26759999990463257,0.2700999975204468,0.26759999990463257,0.27000001072883606,15328.0
2024-03-01 11:33:00,BCRX,5.809999942779541,5.809999942779541,5.809999942779541,5.809999942779541,5.809999942779541,148.0
2024-03-01 11:33:00,BCYC,25.950000762939453,25.950000762939453,26.040000915527344,25.934999465942383,25.934999465942383,757.0
2024-03-01 11:33:00,BDSX,1.6398999691009521,1.6398999691009521,1.6398999691009521,1.6398999691009521,1.6398999691009521,171.0
2024-03-01 11:33:00,BDTX,5.070000171661377,5.070000171661377,5.070000171661377,5.070000171661377,5.070000171661377,308.0
2024-03-01 11:33:00,BEAM,40.209999084472656,40.209999084472656,40.2843017578125,40.209999084472656,40.25,1343.0
2024-03-01 11:33:00,BFRI,0.878000020980835,0.878000020980835,0.878000020980835,0.878000020980835,0.878000020980835,1000.0
2024-03-01 11:33:00,BGNE,166.77000427246094,166.77000427246094,166.77000427246094,166.77000427246094,166.77000427246094,110.0
2024-03-01 11:33:00,BIIB,219.66000366210938,219.66000366210938,219.66000366210938,219.42999267578125,219.42999267578125,769.0
2024-03-01 11:33:00,BIOL,0.13699999451637268,0.13699999451637268,0.13699999451637268,0.13699999451637268,0.13699999451637268,150.0
2024-03-01 11:33:00,BIOR,1.2381000518798828,1.2381000518798828,1.2390999794006348,1.2381000518798828,1.2390999794006348,756.0
2024-03-01 11:33:00,BIVI,2.3299999237060547,2.3299999237060547,2.3399999141693115,2.296600103378296,2.299999952316284,69685.0
2024-03-01 11:33:00,BLFS,18.079999923706055,18.079999923706055,18.079999923706055,18.010000228881836,18.010000228881836,5422.0
2024-03-01 11:33:00,BLRX,1.3799999952316284,1.3799999952316284,1.3883999586105347,1.3799999952316284,1.3883999586105347,329.0
2024-03-01 11:33:00,BLUE,1.5950000286102295,1.5950000286102295,1.5950000286102295,1.590000033378601,1.590000033378601,23800.0
2024-03-01 11:33:00,BMRN,86.83999633789062,86.83999633789062,86.83999633789062,86.80000305175781,86.80000305175781,7251.0
2024-03-01 11:33:00,BNGO,1.25,1.25,1.2599999904632568,1.25,1.2583999633789062,2759.0
2024-03-01 11:33:00,BNTX,92.07150268554688,92.07150268554688,92.12000274658203,91.9800033569336,91.9800033569336,2523.0
2024-03-01 11:33:00,BPMC,96.20999908447266,96.20999908447266,96.20999908447266,96.20999908447266,96.20999908447266,545.0
2024-03-01 11:33:00,BRKR,87.77999877929688,87.77999877929688,87.77999877929688,87.7699966430664,87.7699966430664,729.0
2024-03-01 11:33:00,BTCY,0.9405500292778015,0.9405500292778015,0.9405999779701233,0.9405500292778015,0.9405999779701233,118.0
2024-03-01 11:33:00,BTTX,0.1679999977350235,0.1679999977350235,0.1679999977350235,0.1679999977350235,0.1679999977350235,7000.0
2024-03-01 11:33:00,BYSI,1.5776000022888184,1.5776000022888184,1.5776000022888184,1.5499999523162842,1.5499999523162842,4410.0
2024-03-01 11:33:00,CABA,23.979999542236328,23.979999542236328,24.010000228881836,23.979999542236328,24.010000228881836,504.0
2024-03-01 11:33:00,CADL,1.7699999809265137,1.7699999809265137,1.7699999809265137,1.7589000463485718,1.7699999809265137,6447.0
2024-03-01 11:33:00,CBAY,32.244998931884766,32.244998931884766,32.244998931884766,32.244998931884766,32.244998931884766,1004.0
2024-03-01 11:33:00,CCCC,10.989999771118164,10.989999771118164,10.989999771118164,10.989999771118164,10.989999771118164,523.0
2024-03-01 11:33:00,CDMO,8.180000305175781,8.180000305175781,8.180000305175781,8.180000305175781,8.180000305175781,636.0
2024-03-01 11:33:00,CDNA,12.550000190734863,12.550000190734863,12.569999694824219,12.550000190734863,12.569999694824219,2796.0
2024-03-01 11:33:00,CDXS,4.445000171661377,4.445000171661377,4.480000019073486,4.445000171661377,4.472799777984619,4345.0
2024-03-01 11:33:00,CERE,41.130001068115234,41.130001068115234,41.13999938964844,41.130001068115234,41.13999938964844,1293.0
2024-03-01 11:33:00,CERS,2.2149999141693115,2.2149999141693115,2.2200000286102295,2.2100000381469727,2.2200000286102295,12122.0
2024-03-01 11:33:00,CERT,17.665000915527344,17.665000915527344,17.670000076293945,17.665000915527344,17.670000076293945,818.0
2024-03-01 11:33:00,CGC,3.259999990463257,3.259999990463257,3.2699999809265137,3.259999990463257,3.2699999809265137,8969.0
2024-03-01 11:33:00,CGEM,18.809999465942383,18.809999465942383,18.809999465942383,18.809999465942383,18.809999465942383,200.0
2024-03-01 11:33:00,CGTX,2.0299999713897705,2.0299999713897705,2.0299999713897705,2.0299999713897705,2.0299999713897705,7775.0
2024-03-01 11:33:00,CHEK,2.200000047683716,2.200000047683716,2.200000047683716,2.200000047683716,2.200000047683716,1899.0
2024-03-01 11:33:00,CHRS,2.3299999237060547,2.3299999237060547,2.3350000381469727,2.3299999237060547,2.3299999237060547,6099.0
2024-03-01 11:33:00,CLDX,52.09000015258789,52.09000015258789,52.09000015258789,52.09000015258789,52.09000015258789,460.0
2024-03-01 11:33:00,CLNN,0.39489999413490295,0.39489999413490295,0.39489999413490295,0.39489999413490295,0.39489999413490295,1200.0
2024-03-01 11:33:00,CLOV,0.8697999715805054,0.8697999715805054,0.8755000233650208,0.8697999715805054,0.8755000233650208,16791.0
2024-03-01 11:33:00,CLRB,4.144999980926514,4.144999980926514,4.144999980926514,4.135000228881836,4.135000228881836,4118.0
2024-03-01 11:33:00,CMPS,11.180000305175781,11.180000305175781,11.3100004196167,11.140000343322754,11.280099868774414,15113.0
2024-03-01 11:33:00,CNSP,0.3149999976158142,0.3149999976158142,0.3149999976158142,0.3149999976158142,0.3149999976158142,4844.0
2024-03-01 11:33:00,CNTB,1.1399999856948853,1.1399999856948853,1.1399999856948853,1.1399999856948853,1.1399999856948853,216.0
2024-03-01 11:33:00,COGT,7.210000038146973,7.210000038146973,7.210000038146973,7.199999809265137,7.199999809265137,1672.0
2024-03-01 11:33:00,CORT,23.90999984741211,23.90999984741211,23.940000534057617,23.90999984741211,23.940000534057617,3174.0
2024-03-01 11:33:00,COSM,0.7688000202178955,0.7688000202178955,0.7688000202178955,0.7609000205993652,0.7609000205993652,1110.0
2024-03-01 11:33:00,CPRX,17.059999465942383,17.059999465942383,17.059999465942383,17.007999420166016,17.007999420166016,2317.0
2024-03-01 11:33:00,CRBP,31.450000762939453,31.450000762939453,31.524999618530273,31.190000534057617,31.309999465942383,3757.0
2024-03-01 11:33:00,CRBU,8.050000190734863,8.050000190734863,8.050100326538086,8.050000190734863,8.050100326538086,7139.0
2024-03-01 11:33:00,CRDF,2.428800106048584,2.428800106048584,2.430000066757202,2.4102001190185547,2.4200000762939453,24230.0
2024-03-01 11:33:00,CRMD,3.7200000286102295,3.7200000286102295,3.7200000286102295,3.7200000286102295,3.7200000286102295,200.0
2024-03-01 11:33:00,CRNX,46.22999954223633,46.22999954223633,46.27000045776367,46.099998474121094,46.18000030517578,3026.0
2024-03-01 11:33:00,CRON,2.069999933242798,2.069999933242798,2.069999933242798,2.059999942779541,2.059999942779541,22728.0
2024-03-01 11:33:00,CRSP,85.7300033569336,85.7300033569336,85.76000213623047,85.6583023071289,85.76000213623047,2831.0
2024-03-01 11:33:00,CRVS,2.2799999713897705,2.2799999713897705,2.2799999713897705,2.2799999713897705,2.2799999713897705,250.0
2024-03-01 11:33:00,CTKB,8.5,8.5,8.5,8.479999542236328,8.479999542236328,1204.0
2024-03-01 11:33:00,CTMX,2.5499000549316406,2.5499000549316406,2.5499000549316406,2.5499000549316406,2.5499000549316406,300.0
2024-03-01 11:33:00,CUE,2.1500000953674316,2.1500000953674316,2.1500000953674316,2.1500000953674316,2.1500000953674316,216.0
2024-03-01 11:33:00,CUTR,2.4100000858306885,2.4100000858306885,2.4200000762939453,2.4100000858306885,2.4200000762939453,1252.0
2024-03-01 11:33:00,CVAC,3.4600000381469727,3.4600000381469727,3.4600000381469727,3.4600000381469727,3.4600000381469727,127.0
2024-03-01 11:33:00,CYTK,73.95500183105469,73.95500183105469,74.0,73.95500183105469,74.0,847.0
2024-03-01 11:33:00,CYTO,2.149899959564209,2.149899959564209,2.149899959564209,2.149899959564209,2.149899959564209,114.0
2024-03-01 11:33:00,DAWN,17.539899826049805,17.539899826049805,17.549999237060547,17.530000686645508,17.540000915527344,2160.0
2024-03-01 11:33:00,DCGO,4.159900188446045,4.159900188446045,4.159900188446045,4.150000095367432,4.150100231170654,1095.0
2024-03-01 11:33:00,DCPH,17.020000457763672,17.020000457763672,17.020000457763672,17.020000457763672,17.020000457763672,192.0
2024-03-01 11:33:00,DH,9.09000015258789,9.09000015258789,9.09000015258789,9.079999923706055,9.079999923706055,200.0
2024-03-01 11:33:00,DMTK,0.8500000238418579,0.8500000238418579,0.8550000190734863,0.8500000238418579,0.8503000140190125,5457.0
2024-03-01 11:33:00,DNLI,20.969999313354492,20.969999313354492,20.969999313354492,20.969999313354492,20.969999313354492,954.0
2024-03-01 11:33:00,DRMA,0.4490000009536743,0.4490000009536743,0.4490000009536743,0.4490000009536743,0.4490000009536743,2389.0
2024-03-01 11:33:00,DTIL,12.569899559020996,12.569899559020996,12.6899995803833,12.530099868774414,12.539999961853027,2653.0
2024-03-01 11:33:00,DVAX,12.859999656677246,12.859999656677246,12.859999656677246,12.835000038146973,12.84000015258789,5419.0
2024-03-01 11:33:00,DXCM,118.55000305175781,118.55000305175781,118.63999938964844,118.55000305175781,118.5999984741211,7469.0
2024-03-01 11:33:00,DYN,28.719999313354492,28.719999313354492,28.719999313354492,28.665000915527344,28.709999084472656,1538.0
2024-03-01 11:33:00,EDIT,10.949999809265137,10.949999809265137,10.975000381469727,10.949999809265137,10.975000381469727,2561.0
2024-03-01 11:33:00,EGRX,6.639999866485596,6.639999866485596,6.639999866485596,6.639999866485596,6.639999866485596,100.0
2024-03-01 11:33:00,ELDN,1.8200000524520874,1.8200000524520874,1.8209999799728394,1.8200000524520874,1.8200000524520874,2000.0
2024-03-01 11:33:00,ELEV,4.980000019073486,4.980000019073486,4.980000019073486,4.970399856567383,4.980000019073486,451.0
2024-03-01 11:33:00,ENVB,1.5499999523162842,1.5499999523162842,1.5700000524520874,1.5499999523162842,1.5600999593734741,8435.0
2024-03-01 11:33:00,ERAS,2.515000104904175,2.515000104904175,2.515000104904175,2.515000104904175,2.515000104904175,379.0
2024-03-01 11:33:00,ESTA,45.900001525878906,45.900001525878906,45.93000030517578,45.78499984741211,45.78499984741211,2696.0
2024-03-01 11:33:00,ETNB,12.90999984741211,12.90999984741211,12.90999984741211,12.90999984741211,12.90999984741211,3773.0
2024-03-01 11:33:00,EVGN,0.9503999948501587,0.9503999948501587,0.9503999948501587,0.9503999948501587,0.9503999948501587,100.0
2024-03-01 11:33:00,EVO,7.489999771118164,7.489999771118164,7.489999771118164,7.489999771118164,7.489999771118164,100.0
2024-03-01 11:33:00,EWTX,17.0,17.0,17.0,16.969999313354492,16.989999771118164,1837.0
2024-03-01 11:33:00,EXAI,6.800000190734863,6.800000190734863,6.804999828338623,6.800000190734863,6.800000190734863,3136.0
2024-03-01 11:33:00,EXAS,59.91999816894531,59.91999816894531,59.91999816894531,59.91999816894531,59.91999816894531,4760.0
2024-03-01 11:33:00,EXEL,22.4596004486084,22.4596004486084,22.459999084472656,22.44499969482422,22.44499969482422,4752.0
2024-03-01 11:33:00,EYEN,2.259999990463257,2.259999990463257,2.259999990463257,2.253999948501587,2.257999897003174,520.0
2024-03-01 11:33:00,FATE,7.429999828338623,7.429999828338623,7.440000057220459,7.429999828338623,7.440000057220459,1135.0
2024-03-01 11:33:00,FBIO,2.2300000190734863,2.2300000190734863,2.2300000190734863,2.2300000190734863,2.2300000190734863,302.0
2024-03-01 11:33:00,FDMT,29.325000762939453,29.325000762939453,29.3799991607666,29.325000762939453,29.325000762939453,547.0
2024-03-01 11:33:00,FGEN,1.809999942779541,1.809999942779541,1.809999942779541,1.809999942779541,1.809999942779541,6574.0
2024-03-01 11:33:00,FLGT,23.459999084472656,23.459999084472656,23.489999771118164,23.459999084472656,23.489999771118164,1118.0
2024-03-01 11:33:00,FOLD,13.34000015258789,13.34000015258789,13.350000381469727,13.34000015258789,13.350000381469727,1176.0
2024-03-01 11:33:00,FULC,10.800000190734863,10.800000190734863,10.8100004196167,10.760000228881836,10.8100004196167,31506.0
2024-03-01 11:33:00,FUSN,12.210000038146973,12.210000038146973,12.21969985961914,12.204999923706055,12.204999923706055,8558.0
2024-03-01 11:33:00,GBIO,2.609999895095825,2.609999895095825,2.609999895095825,2.609999895095825,2.609999895095825,200.0
2024-03-01 11:33:00,GDRX,8.270899772644043,8.270899772644043,8.279999732971191,8.270899772644043,8.279199600219727,1260.0
2024-03-01 11:33:00,GERN,2.174999952316284,2.174999952316284,2.180000066757202,2.1649999618530273,2.1649999618530273,54908.0
2024-03-01 11:33:00,GH,19.280000686645508,19.280000686645508,19.280000686645508,19.280000686645508,19.280000686645508,102.0
2024-03-01 11:33:00,GILD,72.41999816894531,72.41999816894531,72.41999816894531,72.41999816894531,72.41999816894531,7410.0
2024-03-01 11:33:00,GLPG,35.029998779296875,35.029998779296875,35.08000183105469,35.0099983215332,35.060001373291016,4962.0
2024-03-01 11:33:00,GMAB,29.354999542236328,29.354999542236328,29.3700008392334,29.350000381469727,29.354999542236328,1697.0
2024-03-01 11:33:00,GNTA,4.142499923706055,4.142499923706055,4.179999828338623,4.099999904632568,4.179999828338623,1010.0
2024-03-01 11:33:00,GOSS,1.3600000143051147,1.3600000143051147,1.3600000143051147,1.3600000143051147,1.3600000143051147,154.0
2024-03-01 11:33:00,GRFS,7.139999866485596,7.139999866485596,7.159999847412109,7.135000228881836,7.159999847412109,4198.0
2024-03-01 11:33:00,GRTS,2.2149999141693115,2.2149999141693115,2.2200000286102295,2.2149999141693115,2.2200000286102295,5653.0
2024-03-01 11:33:00,GRTX,0.22499999403953552,0.22499999403953552,0.22499999403953552,0.22499999403953552,0.22499999403953552,781.0
2024-03-01 11:33:00,GTHX,3.5850000381469727,3.5850000381469727,3.5899999141693115,3.5799999237060547,3.5899999141693115,5778.0
2024-03-01 11:33:00,HALO,41.15999984741211,41.15999984741211,41.20000076293945,41.15999984741211,41.15999984741211,1251.0
2024-03-01 11:33:00,HARP,22.940000534057617,22.940000534057617,22.940000534057617,22.940000534057617,22.940000534057617,276.0
2024-03-01 11:33:00,HCAT,7.949999809265137,7.949999809265137,7.949999809265137,7.940000057220459,7.949999809265137,303.0
2024-03-01 11:33:00,HCSG,12.630000114440918,12.630000114440918,12.630000114440918,12.630000114440918,12.630000114440918,124.0
2024-03-01 11:33:00,HCTI,2.630000114440918,2.630000114440918,2.680000066757202,2.5999999046325684,2.6600000858306885,9385.0
2024-03-01 11:33:00,HITI,1.7599999904632568,1.7599999904632568,1.7613999843597412,1.7599999904632568,1.7613999843597412,281.0
2024-03-01 11:33:00,HLTH,0.2770000100135803,0.2770000100135803,0.2770000100135803,0.2770000100135803,0.2770000100135803,131.0
2024-03-01 11:33:00,HOLX,73.73999786376953,73.73999786376953,73.7699966430664,73.73999786376953,73.7699966430664,2527.0
2024-03-01 11:33:00,HOOK,0.7990000247955322,0.7990000247955322,0.7990000247955322,0.7990000247955322,0.7990000247955322,222.0
2024-03-01 11:33:00,HQY,81.41000366210938,81.41000366210938,81.48500061035156,81.41000366210938,81.48500061035156,981.0
2024-03-01 11:33:00,HRMY,31.420000076293945,31.420000076293945,31.420000076293945,31.420000076293945,31.420000076293945,221.0
2024-03-01 11:33:00,HROW,10.792499542236328,10.792499542236328,10.792499542236328,10.792499542236328,10.792499542236328,356.0
2024-03-01 11:33:00,HRTX,2.634999990463257,2.634999990463257,2.640000104904175,2.634999990463257,2.634999990463257,1726.0
2024-03-01 11:33:00,HSIC,77.04989624023438,77.04989624023438,77.04989624023438,77.04989624023438,77.04989624023438,218.0
2024-03-01 11:33:00,HUMA,3.251199960708618,3.251199960708618,3.259999990463257,3.25,3.25,3615.0
2024-03-01 11:33:00,IART,36.529998779296875,36.529998779296875,36.560001373291016,36.529998779296875,36.560001373291016,11619.0
2024-03-01 11:33:00,IBRX,4.894999980926514,4.894999980926514,4.912099838256836,4.894999980926514,4.912099838256836,6125.0
2024-03-01 11:33:00,ICAD,1.8600000143051147,1.8600000143051147,1.8907999992370605,1.8600000143051147,1.8907999992370605,10840.0
2024-03-01 11:33:00,ICLR,322.8599853515625,322.8599853515625,322.8599853515625,322.53009033203125,322.53009033203125,537.0
2024-03-01 11:33:00,IDXX,579.635009765625,579.635009765625,579.75,579.635009765625,579.75,2479.0
2024-03-01 11:33:00,IGMS,13.354999542236328,13.354999542236328,13.3951997756958,13.354999542236328,13.3951997756958,623.0
2024-03-01 11:33:00,IKT,2.141900062561035,2.141900062561035,2.141900062561035,2.141900062561035,2.141900062561035,219.0
2024-03-01 11:33:00,ILMN,141.80999755859375,141.80999755859375,141.80999755859375,141.75,141.75,591.0
2024-03-01 11:33:00,IMMX,3.5350000858306885,3.5350000858306885,3.5350000858306885,3.5350000858306885,3.5350000858306885,700.0
2024-03-01 11:33:00,IMNM,25.540000915527344,25.540000915527344,25.559999465942383,25.520000457763672,25.540000915527344,768.0
2024-03-01 11:33:00,IMUX,1.4606000185012817,1.4606000185012817,1.465000033378601,1.4606000185012817,1.4616999626159668,3879.0
2024-03-01 11:33:00,IMVT,36.15999984741211,36.15999984741211,36.15999984741211,36.15999984741211,36.15999984741211,194.0
2024-03-01 11:33:00,INBX,36.86000061035156,36.86000061035156,36.86000061035156,36.86000061035156,36.86000061035156,365.0
2024-03-01 11:33:00,INCY,59.040000915527344,59.040000915527344,59.06999969482422,59.040000915527344,59.040000915527344,1557.0
2024-03-01 11:33:00,INGN,6.835000038146973,6.835000038146973,6.840000152587891,6.829999923706055,6.840000152587891,2057.0
2024-03-01 11:33:00,INMB,12.0600004196167,12.0600004196167,12.0600004196167,12.050000190734863,12.050000190734863,432.0
2024-03-01 11:33:00,INMD,22.700000762939453,22.700000762939453,22.729999542236328,22.700000762939453,22.724199295043945,2744.0
2024-03-01 11:33:00,INO,9.3100004196167,9.3100004196167,9.329999923706055,9.3100004196167,9.329999923706055,1575.0
2024-03-01 11:33:00,INSM,28.149999618530273,28.149999618530273,28.18000030517578,28.139999389648438,28.149999618530273,6500.0
2024-03-01 11:33:00,INVA,15.699999809265137,15.699999809265137,15.699999809265137,15.699999809265137,15.699999809265137,4656.0
2024-03-01 11:33:00,INVO,1.1699999570846558,1.1699999570846558,1.1699999570846558,1.169700026512146,1.169700026512146,5116.0
2024-03-01 11:33:00,IONS,45.810001373291016,45.810001373291016,45.83000183105469,45.810001373291016,45.83000183105469,868.0
2024-03-01 11:33:00,IOVA,16.485000610351562,16.485000610351562,16.5,16.475000381469727,16.475000381469727,7807.0
2024-03-01 11:33:00,IRMD,41.310001373291016,41.310001373291016,41.310001373291016,41.310001373291016,41.310001373291016,114.0
2024-03-01 11:33:00,IRTC,120.6500015258789,120.6500015258789,120.6500015258789,120.51000213623047,120.51000213623047,817.0
2024-03-01 11:33:00,IRWD,8.954999923706055,8.954999923706055,8.960000038146973,8.95009994506836,8.954999923706055,2823.0
2024-03-01 11:33:00,ISRG,392.635009765625,392.635009765625,392.75,392.489990234375,392.489990234375,1956.0
2024-03-01 11:33:00,ITCI,71.37000274658203,71.37000274658203,71.37999725341797,71.33499908447266,71.36000061035156,1504.0
2024-03-01 11:33:00,ITOS,10.78499984741211,10.78499984741211,10.78499984741211,10.78499984741211,10.78499984741211,3647.0
2024-03-01 11:33:00,IVVD,3.990000009536743,3.990000009536743,3.990000009536743,3.990000009536743,3.990000009536743,151.0
2024-03-01 11:33:00,IXHL,5.355000019073486,5.355000019073486,5.355000019073486,5.355000019073486,5.355000019073486,159.0
2024-03-01 11:33:00,JAGX,0.0803999975323677,0.0803999975323677,0.08150000125169754,0.0803999975323677,0.08089999854564667,338371.0
2024-03-01 11:33:00,JANX,46.40999984741211,46.40999984741211,46.40999984741211,46.404998779296875,46.404998779296875,8162.0
2024-03-01 11:33:00,JAZZ,119.83999633789062,119.83999633789062,119.98999786376953,119.77999877929688,119.86000061035156,4126.0
2024-03-01 11:33:00,KALV,13.904999732971191,13.904999732971191,13.904999732971191,13.890000343322754,13.899999618530273,2234.0
2024-03-01 11:33:00,KNSA,21.905000686645508,21.905000686645508,21.905000686645508,21.8799991607666,21.8799991607666,259.0
2024-03-01 11:33:00,KPTI,1.225000023841858,1.225000023841858,1.225000023841858,1.225000023841858,1.225000023841858,700.0
2024-03-01 11:33:00,KROS,69.02999877929688,69.02999877929688,69.02999877929688,69.02999877929688,69.02999877929688,337.0
2024-03-01 11:33:00,KRTX,316.5,316.5,316.5,316.42999267578125,316.42999267578125,695.0
2024-03-01 11:33:00,KRYS,167.48500061035156,167.48500061035156,167.48500061035156,167.48500061035156,167.48500061035156,314.0
2024-03-01 11:33:00,KTRA,0.09870000183582306,0.09870000183582306,0.09889999777078629,0.09870000183582306,0.09889999777078629,17476.0
2024-03-01 11:33:00,KURA,21.329999923706055,21.329999923706055,21.360000610351562,21.329999923706055,21.350000381469727,1899.0
2024-03-01 11:33:00,KYMR,43.915000915527344,43.915000915527344,43.915000915527344,43.869998931884766,43.869998931884766,868.0
2024-03-01 11:33:00,KZIA,0.23330000042915344,0.23330000042915344,0.23330000042915344,0.23330000042915344,0.23330000042915344,150.0
2024-03-01 11:33:00,KZR,1.090000033378601,1.090000033378601,1.090000033378601,1.090000033378601,1.090000033378601,25561.0
2024-03-01 11:33:00,LAB,2.4200000762939453,2.4200000762939453,2.430000066757202,2.4200000762939453,2.4200000762939453,14827.0
2024-03-01 11:33:00,LEXX,2.6449999809265137,2.6449999809265137,2.6449999809265137,2.6449999809265137,2.6449999809265137,1067.0
2024-03-01 11:33:00,LFST,7.985000133514404,7.985000133514404,7.985000133514404,7.980000019073486,7.985000133514404,1459.0
2024-03-01 11:33:00,LGVN,0.5458999872207642,0.5458999872207642,0.5458999872207642,0.5458999872207642,0.5458999872207642,100.0
2024-03-01 11:33:00,LIVN,55.224998474121094,55.224998474121094,55.224998474121094,55.224998474121094,55.224998474121094,159.0
2024-03-01 11:33:00,LMAT,67.43000030517578,67.43000030517578,67.43000030517578,67.2699966430664,67.43000030517578,376.0
2024-03-01 11:33:00,LQDA,14.324999809265137,14.324999809265137,14.324999809265137,14.300000190734863,14.300000190734863,446.0
2024-03-01 11:33:00,LRMR,11.09000015258789,11.09000015258789,11.09000015258789,11.079999923706055,11.079999923706055,2017.0
2024-03-01 11:33:00,LTRN,4.650000095367432,4.650000095367432,4.650000095367432,4.650000095367432,4.650000095367432,2569.0
2024-03-01 11:33:00,LUCD,1.2300000190734863,1.2300000190734863,1.2300000190734863,1.2300000190734863,1.2300000190734863,193.0
2024-03-01 11:33:00,LUNG,9.270000457763672,9.270000457763672,9.270000457763672,9.270000457763672,9.270000457763672,521.0
2024-03-01 11:33:00,LVTX,3.0,3.0,3.009999990463257,3.0,3.0,1417.0
2024-03-01 11:33:00,LYRA,5.590000152587891,5.590000152587891,5.590000152587891,5.590000152587891,5.590000152587891,100.0
2024-03-01 11:33:00,MACK,14.710000038146973,14.710000038146973,14.710000038146973,14.710000038146973,14.710000038146973,560.0
2024-03-01 11:33:00,MDGL,241.1699981689453,241.1699981689453,241.1699981689453,241.1699981689453,241.1699981689453,221.0
2024-03-01 11:33:00,MDRX,5.949999809265137,5.949999809265137,6.0,5.949999809265137,5.949999809265137,15150.0
2024-03-01 11:33:00,MDXG,8.579999923706055,8.579999923706055,8.579999923706055,8.579999923706055,8.579999923706055,1630.0
2024-03-01 11:33:00,ME,0.5740000009536743,0.5740000009536743,0.5740000009536743,0.5722000002861023,0.5722000002861023,5495.0
2024-03-01 11:33:00,MEDS,9.1899995803833,9.1899995803833,9.1899995803833,9.1899995803833,9.1899995803833,164.0
2024-03-01 11:33:00,MGTX,6.309999942779541,6.309999942779541,6.309999942779541,6.309999942779541,6.309999942779541,120.0
2024-03-01 11:33:00,MIRM,30.048200607299805,30.048200607299805,30.048200607299805,30.048200607299805,30.048200607299805,1000.0
2024-03-01 11:33:00,MNKD,4.65500020980835,4.65500020980835,4.65500020980835,4.635000228881836,4.639999866485596,21044.0
2024-03-01 11:33:00,MNMD,5.956200122833252,5.956200122833252,5.960000038146973,5.956200122833252,5.960000038146973,329.0
2024-03-01 11:33:00,MNPR,0.800000011920929,0.800000011920929,0.8009999990463257,0.800000011920929,0.8009999990463257,1363.0
2024-03-01 11:33:00,MOR,17.59000015258789,17.59000015258789,17.604999542236328,17.59000015258789,17.600000381469727,592.0
2024-03-01 11:33:00,MORF,38.56999969482422,38.56999969482422,38.625,38.56999969482422,38.599998474121094,2059.0
2024-03-01 11:33:00,MOTS,0.6708999872207642,0.6708999872207642,0.671500027179718,0.6708999872207642,0.671500027179718,402.0
2024-03-01 11:33:00,MREO,3.799999952316284,3.799999952316284,3.805000066757202,3.799999952316284,3.799999952316284,1549.0
2024-03-01 11:33:00,MRNA,96.0425033569336,96.0425033569336,96.06829833984375,95.83999633789062,95.83999633789062,35393.0
2024-03-01 11:33:00,MRSN,6.010000228881836,6.010000228881836,6.019999980926514,6.0,6.005000114440918,23436.0
2024-03-01 11:33:00,MRUS,51.25,51.25,51.25,51.189998626708984,51.20000076293945,4295.0
2024-03-01 11:33:00,MRVI,7.835000038146973,7.835000038146973,7.840000152587891,7.835000038146973,7.840000152587891,1393.0
2024-03-01 11:33:00,MTEM,3.7300000190734863,3.7300000190734863,3.7300000190734863,3.7300000190734863,3.7300000190734863,443.0
2024-03-01 11:33:00,MXCT,4.730000019073486,4.730000019073486,4.739999771118164,4.730000019073486,4.739999771118164,1428.0
2024-03-01 11:33:00,MYGN,21.55500030517578,21.55500030517578,21.55500030517578,21.520000457763672,21.520000457763672,1011.0
2024-03-01 11:33:00,MYNZ,0.8601999878883362,0.8601999878883362,0.8601999878883362,0.8600999712944031,0.8601999878883362,700.0
2024-03-01 11:33:00,NARI,46.070098876953125,46.070098876953125,46.11000061035156,46.06999969482422,46.11000061035156,1570.0
2024-03-01 11:33:00,NAUT,2.6401000022888184,2.6401000022888184,2.6401000022888184,2.6401000022888184,2.6401000022888184,920.0
2024-03-01 11:33:00,NBIX,130.19000244140625,130.19000244140625,130.27000427246094,130.1300048828125,130.14999389648438,3044.0
2024-03-01 11:33:00,NEO,16.0585994720459,16.0585994720459,16.0585994720459,16.049999237060547,16.049999237060547,405.0
2024-03-01 11:33:00,NEOG,17.225000381469727,17.225000381469727,17.235000610351562,17.225000381469727,17.235000610351562,914.0
2024-03-01 11:33:00,NKTR,0.7573000192642212,0.7573000192642212,0.7599999904632568,0.7573000192642212,0.7599999904632568,2700.0
2024-03-01 11:33:00,NKTX,12.6899995803833,12.6899995803833,12.6899995803833,12.6899995803833,12.6899995803833,272.0
2024-03-01 11:33:00,NMTC,1.190000057220459,1.190000057220459,1.190000057220459,1.190000057220459,1.190000057220459,1070.0
2024-03-01 11:33:00,NNOX,10.994999885559082,10.994999885559082,11.029899597167969,10.994999885559082,11.020000457763672,5211.0
2024-03-01 11:33:00,NOTV,8.079999923706055,8.079999923706055,8.079999923706055,8.069999694824219,8.069999694824219,801.0
2024-03-01 11:33:00,NRBO,5.71999979019165,5.71999979019165,5.71999979019165,5.71999979019165,5.71999979019165,100.0
2024-03-01 11:33:00,NRIX,13.199999809265137,13.199999809265137,13.199999809265137,13.1899995803833,13.1899995803833,327.0
2024-03-01 11:33:00,NRSN,2.009999990463257,2.009999990463257,2.009999990463257,2.009999990463257,2.009999990463257,3237.0
2024-03-01 11:33:00,NRXP,0.4171000123023987,0.4171000123023987,0.41999998688697815,0.4171000123023987,0.41999998688697815,6548.0
2024-03-01 11:33:00,NTLA,33.68550109863281,33.68550109863281,33.70989990234375,33.650001525878906,33.68000030517578,1239.0
2024-03-01 11:33:00,NTRA,89.48999786376953,89.48999786376953,89.48999786376953,89.48999786376953,89.48999786376953,897.0
2024-03-01 11:33:00,NURO,4.03000020980835,4.03000020980835,4.03000020980835,4.03000020980835,4.03000020980835,300.0
2024-03-01 11:33:00,NVAX,5.199999809265137,5.199999809265137,5.204999923706055,5.179999828338623,5.180600166320801,50474.0
2024-03-01 11:33:00,NVCR,15.90999984741211,15.90999984741211,15.90999984741211,15.90999984741211,15.90999984741211,351.0
2024-03-01 11:33:00,NVCT,10.699999809265137,10.699999809265137,10.699999809265137,10.699999809265137,10.699999809265137,327.0
2024-03-01 11:33:00,NXTC,1.8049999475479126,1.8049999475479126,1.809999942779541,1.8049999475479126,1.809999942779541,401.0
2024-03-01 11:33:00,OCGN,0.9281499981880188,0.9281499981880188,0.9282000064849854,0.9269999861717224,0.9269999861717224,1505.0
2024-03-01 11:33:00,OCUL,10.454999923706055,10.454999923706055,10.46500015258789,10.454999923706055,10.460000038146973,3182.0
2024-03-01 11:33:00,OFIX,12.9399995803833,12.9399995803833,12.9399995803833,12.9399995803833,12.9399995803833,605.0
2024-03-01 11:33:00,OGI,2.119999885559082,2.119999885559082,2.119999885559082,2.119999885559082,2.119999885559082,100.0
2024-03-01 11:33:00,OLK,22.614999771118164,22.614999771118164,22.614999771118164,22.610000610351562,22.610000610351562,504.0
2024-03-01 11:33:00,OLMA,13.269000053405762,13.269000053405762,13.270000457763672,13.229999542236328,13.25,2462.0
2024-03-01 11:33:00,OMCL,26.375,26.375,26.375,26.375,26.375,270.0
2024-03-01 11:33:00,OMGA,4.210000038146973,4.210000038146973,4.210000038146973,4.210000038146973,4.210000038146973,207.0
2024-03-01 11:33:00,ONCY,1.125,1.125,1.1288000345230103,1.125,1.1288000345230103,1437.0
2024-03-01 11:34:00,ABEO,7.570000171661377,7.570000171661377,7.570000171661377,7.570000171661377,7.570000171661377,334.0
2024-03-01 11:34:00,ABSI,5.210000038146973,5.210000038146973,5.210000038146973,5.196800231933594,5.196800231933594,2699.0
2024-03-01 11:34:00,ACAD,23.91320037841797,23.91320037841797,23.91320037841797,23.905000686645508,23.905000686645508,506.0
2024-03-01 11:34:00,ACB,3.140000104904175,3.140000104904175,3.140000104904175,3.140000104904175,3.140000104904175,273.0
2024-03-01 11:34:00,ACCD,10.25,10.25,10.279999732971191,10.25,10.279999732971191,1593.0
2024-03-01 11:34:00,ACET,2.390000104904175,2.390000104904175,2.390000104904175,2.390000104904175,2.390000104904175,135.0
2024-03-01 11:34:00,ACHC,84.18000030517578,84.18000030517578,84.18000030517578,84.18000030517578,84.18000030517578,1246.0
2024-03-01 11:34:00,ACHL,1.3600000143051147,1.3600000143051147,1.3600000143051147,1.3600000143051147,1.3600000143051147,397.0
2024-03-01 11:34:00,ACLX,67.5199966430664,67.5199966430664,67.54000091552734,67.5199966430664,67.54000091552734,2555.0
2024-03-01 11:34:00,ACON,0.38749998807907104,0.38749998807907104,0.38749998807907104,0.38749998807907104,0.38749998807907104,400.0
2024-03-01 11:34:00,ACRS,1.215000033378601,1.215000033378601,1.2200000286102295,1.2100000381469727,1.2100000381469727,600.0
2024-03-01 11:34:00,ADAP,1.5793999433517456,1.5793999433517456,1.5793999433517456,1.5793999433517456,1.5793999433517456,1647.0
2024-03-01 11:34:00,ADIL,3.0,3.0,3.009999990463257,2.9800000190734863,2.9800000190734863,4845.0
2024-03-01 11:34:00,ADMA,5.360000133514404,5.360000133514404,5.360000133514404,5.329999923706055,5.329999923706055,25202.0
2024-03-01 11:34:00,ADTX,3.450000047683716,3.450000047683716,3.4500999450683594,3.450000047683716,3.4500999450683594,530.0
2024-03-01 11:34:00,AFMD,0.6200000047683716,0.6200000047683716,0.6200000047683716,0.6200000047683716,0.6200000047683716,103.0
2024-03-01 11:34:00,AGEN,0.6670500040054321,0.6670500040054321,0.6671000123023987,0.6670500040054321,0.6671000123023987,3300.0
2024-03-01 11:34:00,AGIO,32.89500045776367,32.89500045776367,32.89500045776367,32.880001068115234,32.880001068115234,1335.0
2024-03-01 11:34:00,AHCO,10.744999885559082,10.744999885559082,10.774999618530273,10.744999885559082,10.774999618530273,3388.0
2024-03-01 11:34:00,AIMD,0.9501000046730042,0.9501000046730042,0.9501000046730042,0.949999988079071,0.949999988079071,2866.0
2024-03-01 11:34:00,AKAN,0.24300000071525574,0.24300000071525574,0.24400000274181366,0.24300000071525574,0.24400000274181366,14977.0
2024-03-01 11:34:00,AKBA,1.6649999618530273,1.6649999618530273,1.6649999618530273,1.6649999618530273,1.6649999618530273,712.0
2024-03-01 11:34:00,AKRO,29.225000381469727,29.225000381469727,29.225000381469727,29.225000381469727,29.225000381469727,310.0
2024-03-01 11:34:00,AKYA,6.014999866485596,6.014999866485596,6.014999866485596,6.014999866485596,6.014999866485596,104.0
2024-03-01 11:34:00,ALDX,4.170000076293945,4.170000076293945,4.170000076293945,4.170000076293945,4.170000076293945,14547.0
2024-03-01 11:34:00,ALEC,7.519999980926514,7.519999980926514,7.519999980926514,7.510000228881836,7.510000228881836,1575.0
2024-03-01 11:34:00,ALGN,300.43499755859375,300.43499755859375,300.7300109863281,300.43499755859375,300.43499755859375,947.0
2024-03-01 11:34:00,ALGS,1.0750000476837158,1.0750000476837158,1.0831999778747559,1.0750000476837158,1.0831999778747559,2130.0
2024-03-01 11:34:00,ALHC,5.760000228881836,5.760000228881836,5.760000228881836,5.760000228881836,5.760000228881836,418.0
2024-03-01 11:34:00,ALKS,30.209999084472656,30.209999084472656,30.209999084472656,30.209999084472656,30.209999084472656,1030.0
2024-03-01 11:34:00,ALLK,1.590000033378601,1.590000033378601,1.590000033378601,1.590000033378601,1.590000033378601,4561.0
2024-03-01 11:34:00,ALLO,5.050000190734863,5.050000190734863,5.050000190734863,5.050000190734863,5.050000190734863,153.0
2024-03-01 11:34:00,ALNY,154.27999877929688,154.27999877929688,154.27999877929688,154.2550048828125,154.2550048828125,517.0
2024-03-01 11:34:00,ALPN,35.82500076293945,35.82500076293945,35.82500076293945,35.79999923706055,35.79999923706055,530.0
2024-03-01 11:34:00,ALT,12.181500434875488,12.181500434875488,12.1899995803833,12.170000076293945,12.174799919128418,2392.0
2024-03-01 11:34:00,AMGN,281.2300109863281,281.2300109863281,281.2300109863281,281.2300109863281,281.2300109863281,3270.0
2024-03-01 11:34:00,AMLX,18.834999084472656,18.834999084472656,18.850000381469727,18.820100784301758,18.84000015258789,3030.0
2024-03-01 11:34:00,AMPH,45.737998962402344,45.737998962402344,45.737998962402344,45.737998962402344,45.737998962402344,439.0
2024-03-01 11:34:00,AMRN,1.058899998664856,1.058899998664856,1.059000015258789,1.0499999523162842,1.0499999523162842,5303.0
2024-03-01 11:34:00,ANGO,5.514999866485596,5.514999866485596,5.514999866485596,5.514999866485596,5.514999866485596,465.0
2024-03-01 11:34:00,ANIX,3.490000009536743,3.490000009536743,3.490000009536743,3.490000009536743,3.490000009536743,3435.0
2024-03-01 11:34:00,ANNX,6.010000228881836,6.010000228881836,6.03000020980835,6.010000228881836,6.03000020980835,7067.0
2024-03-01 11:34:00,ANTX,2.990000009536743,2.990000009536743,2.990000009536743,2.990000009536743,2.990000009536743,510.0
2024-03-01 11:34:00,APLS,65.07499694824219,65.07499694824219,65.07499694824219,65.07499694824219,65.07499694824219,887.0
2024-03-01 11:34:00,APLT,7.15500020980835,7.15500020980835,7.15500020980835,7.15500020980835,7.15500020980835,301.0
2024-03-01 11:34:00,AQST,4.275000095367432,4.275000095367432,4.275000095367432,4.272500038146973,4.272500038146973,390.0
2024-03-01 11:34:00,ARDX,9.479999542236328,9.479999542236328,9.489999771118164,9.479999542236328,9.489999771118164,5476.0
2024-03-01 11:34:00,ARGX,389.6400146484375,389.6400146484375,389.6400146484375,389.0199890136719,389.3999938964844,2226.0
2024-03-01 11:34:00,ARQT,11.260000228881836,11.260000228881836,11.319999694824219,11.25,11.25,36447.0
2024-03-01 11:34:00,ARVN,48.7400016784668,48.7400016784668,48.845001220703125,48.7400016784668,48.7400016784668,677.0
2024-03-01 11:34:00,ARWR,35.540000915527344,35.540000915527344,35.54999923706055,35.5,35.5,4164.0
2024-03-01 11:34:00,ASLN,0.8199999928474426,0.8199999928474426,0.8199999928474426,0.8199999928474426,0.8199999928474426,741.0
2024-03-01 11:34:00,ASND,149.88999938964844,149.88999938964844,150.125,149.88999938964844,150.125,1740.0
2024-03-01 11:34:00,ASRT,0.9099000096321106,0.9099000096321106,0.9099000096321106,0.9055500030517578,0.9056000113487244,1213.0
2024-03-01 11:34:00,ATAI,2.001499891281128,2.001499891281128,2.009999990463257,2.001499891281128,2.009000062942505,7886.0
2024-03-01 11:34:00,ATEC,13.604999542236328,13.604999542236328,13.604999542236328,13.585000038146973,13.585000038146973,2612.0
2024-03-01 11:34:00,ATRC,36.04999923706055,36.04999923706055,36.06999969482422,36.04999923706055,36.06999969482422,1079.0
2024-03-01 11:34:00,AUPH,5.809999942779541,5.809999942779541,5.813000202178955,5.809999942779541,5.813000202178955,3260.0
2024-03-01 11:34:00,AVDL,12.765000343322754,12.765000343322754,12.765000343322754,12.760000228881836,12.765000343322754,610.0
2024-03-01 11:34:00,AVIR,4.460000038146973,4.460000038146973,4.460000038146973,4.460000038146973,4.460000038146973,152.0
2024-03-01 11:34:00,AVXL,5.394999980926514,5.394999980926514,5.400000095367432,5.394999980926514,5.400000095367432,415.0
2024-03-01 11:34:00,AXDX,1.0199999809265137,1.0199999809265137,1.0199999809265137,1.0199999809265137,1.0199999809265137,1179.0
2024-03-01 11:34:00,AXNX,67.26000213623047,67.26000213623047,67.30400085449219,67.26000213623047,67.28500366210938,4742.0
2024-03-01 11:34:00,AXSM,82.98999786376953,82.98999786376953,82.98999786376953,82.98999786376953,82.98999786376953,314.0
2024-03-01 11:34:00,AZN,64.50499725341797,64.50499725341797,64.50499725341797,64.5,64.5,73812.0
2024-03-01 11:34:00,AZTA,66.31999969482422,66.31999969482422,66.44000244140625,66.31999969482422,66.43000030517578,3443.0
2024-03-01 11:34:00,BBIO,35.880001068115234,35.880001068115234,35.880001068115234,35.83000183105469,35.837501525878906,966.0
2024-03-01 11:34:00,BCDA,0.5680000185966492,0.5680000185966492,0.5699999928474426,0.5680000185966492,0.5680000185966492,8879.0
2024-03-01 11:34:00,BCRX,5.809999942779541,5.809999942779541,5.815000057220459,5.809999942779541,5.815000057220459,1173.0
2024-03-01 11:34:00,BCTX,3.470099925994873,3.470099925994873,3.470099925994873,3.470099925994873,3.470099925994873,236.0
2024-03-01 11:34:00,BDTX,5.079999923706055,5.079999923706055,5.079999923706055,5.074999809265137,5.074999809265137,643.0
2024-03-01 11:34:00,BEAM,40.19499969482422,40.19499969482422,40.23500061035156,40.189998626708984,40.209999084472656,2193.0
2024-03-01 11:34:00,BFRI,0.878000020980835,0.878000020980835,0.878000020980835,0.878000020980835,0.878000020980835,115.0
2024-03-01 11:34:00,BGNE,166.77999877929688,166.77999877929688,166.77999877929688,166.77499389648438,166.77499389648438,326.0
2024-03-01 11:34:00,BIOL,0.1379999965429306,0.1379999965429306,0.13950000703334808,0.13699999451637268,0.13940000534057617,33699.0
2024-03-01 11:34:00,BIOR,1.220900058746338,1.220900058746338,1.220900058746338,1.220900058746338,1.220900058746338,500.0
2024-03-01 11:34:00,BIVI,2.3187999725341797,2.3187999725341797,2.3299999237060547,2.309999942779541,2.3254001140594482,23163.0
2024-03-01 11:34:00,BLFS,18.190000534057617,18.190000534057617,18.190000534057617,18.040000915527344,18.040000915527344,2647.0
2024-03-01 11:34:00,BLUE,1.600000023841858,1.600000023841858,1.600000023841858,1.5950000286102295,1.600000023841858,5624.0
2024-03-01 11:34:00,BMEA,17.899999618530273,17.899999618530273,17.899999618530273,17.899999618530273,17.899999618530273,607.0
2024-03-01 11:34:00,BMRN,86.87999725341797,86.87999725341797,86.87999725341797,86.87999725341797,86.87999725341797,1169.0
2024-03-01 11:34:00,BNGO,1.25,1.25,1.25,1.25,1.25,1944.0
2024-03-01 11:34:00,BPMC,96.2249984741211,96.2249984741211,96.2249984741211,96.2249984741211,96.2249984741211,249.0
2024-03-01 11:34:00,BRKR,87.83999633789062,87.83999633789062,87.8499984741211,87.76000213623047,87.76000213623047,3676.0
2024-03-01 11:34:00,BRTX,1.4850000143051147,1.4850000143051147,1.4850000143051147,1.4850000143051147,1.4850000143051147,533.0
2024-03-01 11:34:00,BSGM,0.6325749754905701,0.6325749754905701,0.6326000094413757,0.6325749754905701,0.6326000094413757,338.0
2024-03-01 11:34:00,BVS,4.690000057220459,4.690000057220459,4.690000057220459,4.690000057220459,4.690000057220459,986.0
2024-03-01 11:34:00,CABA,24.0,24.0,24.0,24.0,24.0,455.0
2024-03-01 11:34:00,CADL,1.7200000286102295,1.7200000286102295,1.75,1.7200000286102295,1.75,6810.0
2024-03-01 11:34:00,CBAY,32.2400016784668,32.2400016784668,32.244998931884766,32.220001220703125,32.244998931884766,78066.0
2024-03-01 11:34:00,CCCC,10.954999923706055,10.954999923706055,10.989999771118164,10.954999923706055,10.984999656677246,3226.0
2024-03-01 11:34:00,CDMO,8.15999984741211,8.15999984741211,8.15999984741211,8.15999984741211,8.15999984741211,284.0
2024-03-01 11:34:00,CDXS,4.440000057220459,4.440000057220459,4.445000171661377,4.429999828338623,4.445000171661377,1837.0
2024-03-01 11:34:00,CELC,15.845000267028809,15.845000267028809,15.845000267028809,15.8100004196167,15.8100004196167,371.0
2024-03-01 11:34:00,CERE,41.13999938964844,41.13999938964844,41.13999938964844,41.130001068115234,41.13999938964844,1442.0
2024-03-01 11:34:00,CERS,2.2100000381469727,2.2100000381469727,2.2149999141693115,2.2100000381469727,2.2100000381469727,6148.0
2024-03-01 11:34:00,CERT,17.690000534057617,17.690000534057617,17.690000534057617,17.68000030517578,17.690000534057617,1538.0
2024-03-01 11:34:00,CGC,3.265000104904175,3.265000104904175,3.2699999809265137,3.259999990463257,3.265000104904175,1655.0
2024-03-01 11:34:00,CGEM,18.834999084472656,18.834999084472656,18.834999084472656,18.834999084472656,18.834999084472656,227.0
2024-03-01 11:34:00,CGEN,2.6898999214172363,2.6898999214172363,2.6898999214172363,2.689500093460083,2.689500093460083,1738.0
2024-03-01 11:34:00,CHRS,2.3299999237060547,2.3299999237060547,2.3389999866485596,2.3299999237060547,2.3389999866485596,6541.0
2024-03-01 11:34:00,CING,1.3600000143051147,1.3600000143051147,1.3600000143051147,1.3600000143051147,1.3600000143051147,485.0
2024-03-01 11:34:00,CLDX,52.15999984741211,52.15999984741211,52.189998626708984,52.04499816894531,52.04499816894531,8288.0
2024-03-01 11:34:00,CLNN,0.39489999413490295,0.39489999413490295,0.39500001072883606,0.39489999413490295,0.39500001072883606,1248.0
2024-03-01 11:34:00,CLOV,0.8699359893798828,0.8699359893798828,0.8701000213623047,0.8697999715805054,0.8697999715805054,985.0
2024-03-01 11:34:00,CLPT,6.659999847412109,6.659999847412109,6.659999847412109,6.659999847412109,6.659999847412109,400.0
2024-03-01 11:34:00,CLRB,4.150000095367432,4.150000095367432,4.150000095367432,4.150000095367432,4.150000095367432,7737.0
2024-03-01 11:34:00,CMAX,7.900000095367432,7.900000095367432,7.900000095367432,7.832200050354004,7.832200050354004,806.0
2024-03-01 11:34:00,CMPS,11.25,11.25,11.25,11.229999542236328,11.239999771118164,1427.0
2024-03-01 11:34:00,CNSP,0.3100999891757965,0.3100999891757965,0.3199999928474426,0.3100999891757965,0.3199000060558319,15978.0
2024-03-01 11:34:00,CNTA,10.760000228881836,10.760000228881836,10.760000228881836,10.760000228881836,10.760000228881836,100.0
2024-03-01 11:34:00,COGT,7.210000038146973,7.210000038146973,7.210000038146973,7.210000038146973,7.210000038146973,223.0
2024-03-01 11:34:00,COLL,36.970001220703125,36.970001220703125,37.0099983215332,36.970001220703125,36.9900016784668,947.0
2024-03-01 11:34:00,CORT,23.90999984741211,23.90999984741211,23.90999984741211,23.90999984741211,23.90999984741211,122.0
2024-03-01 11:34:00,CPRX,17.014999389648438,17.014999389648438,17.049999237060547,17.014999389648438,17.049999237060547,7306.0
2024-03-01 11:34:00,CPSI,9.484999656677246,9.484999656677246,9.520000457763672,9.484999656677246,9.514300346374512,1544.0
2024-03-01 11:34:00,CRBP,31.510000228881836,31.510000228881836,31.510000228881836,31.510000228881836,31.510000228881836,263.0
2024-03-01 11:34:00,CRBU,8.024999618530273,8.024999618530273,8.039999961853027,8.020000457763672,8.039999961853027,3876.0
2024-03-01 11:34:00,CRDF,2.4149999618530273,2.4149999618530273,2.428800106048584,2.4149999618530273,2.424999952316284,8670.0
2024-03-01 11:34:00,CRMD,3.716399908065796,3.716399908065796,3.7200000286102295,3.716399908065796,3.7200000286102295,1384.0
2024-03-01 11:34:00,CRNX,46.18000030517578,46.18000030517578,46.29999923706055,46.17499923706055,46.209999084472656,1678.0
2024-03-01 11:34:00,CRON,2.069999933242798,2.069999933242798,2.069999933242798,2.063999891281128,2.069999933242798,26413.0
2024-03-01 11:34:00,CRSP,85.7699966430664,85.7699966430664,85.80000305175781,85.7300033569336,85.80000305175781,1514.0
2024-03-01 11:34:00,CSTL,20.09000015258789,20.09000015258789,20.219999313354492,20.09000015258789,20.219999313354492,2434.0
2024-03-01 11:34:00,CTKB,8.489999771118164,8.489999771118164,8.489999771118164,8.484999656677246,8.489999771118164,479.0
2024-03-01 11:34:00,CTMX,2.5399999618530273,2.5399999618530273,2.5399999618530273,2.530900001525879,2.530900001525879,1508.0
2024-03-01 11:34:00,CUE,2.150099992752075,2.150099992752075,2.150099992752075,2.150099992752075,2.150099992752075,1498.0
2024-03-01 11:34:00,CUTR,2.4000000953674316,2.4000000953674316,2.4200000762939453,2.4000000953674316,2.4200000762939453,5986.0
2024-03-01 11:34:00,CYCC,2.632499933242798,2.632499933242798,2.632499933242798,2.632499933242798,2.632499933242798,192.0
2024-03-01 11:34:00,CYTK,73.89199829101562,73.89199829101562,73.89199829101562,73.88999938964844,73.88999938964844,1418.0
2024-03-01 11:34:00,CYTO,2.1500000953674316,2.1500000953674316,2.1500000953674316,2.1500000953674316,2.1500000953674316,147.0
2024-03-01 11:34:00,DARE,0.5579000115394592,0.5579000115394592,0.5579000115394592,0.5579000115394592,0.5579000115394592,101.0
2024-03-01 11:34:00,DCGO,4.150000095367432,4.150000095367432,4.15500020980835,4.150000095367432,4.15500020980835,892.0
2024-03-01 11:34:00,DH,9.050000190734863,9.050000190734863,9.100000381469727,9.050000190734863,9.079999923706055,15991.0
2024-03-01 11:34:00,DMTK,0.8309999704360962,0.8309999704360962,0.8500000238418579,0.8309999704360962,0.8500000238418579,24257.0
2024-03-01 11:34:00,DNLI,20.959999084472656,20.959999084472656,20.959999084472656,20.950000762939453,20.950000762939453,819.0
2024-03-01 11:34:00,DTIL,12.574999809265137,12.574999809265137,12.574999809265137,12.574999809265137,12.574999809265137,231.0
2024-03-01 11:34:00,DVAX,12.864999771118164,12.864999771118164,12.864999771118164,12.854999542236328,12.855999946594238,1946.0
2024-03-01 11:34:00,DXCM,118.80000305175781,118.80000305175781,118.81999969482422,118.58499908447266,118.58499908447266,14794.0
2024-03-01 11:34:00,DYN,28.600000381469727,28.600000381469727,28.600000381469727,28.600000381469727,28.600000381469727,1631.0
2024-03-01 11:34:00,EDIT,10.944999694824219,10.944999694824219,10.949999809265137,10.944999694824219,10.949999809265137,1455.0
2024-03-01 11:34:00,EFTR,15.0600004196167,15.0600004196167,15.0600004196167,15.0600004196167,15.0600004196167,236.0
2024-03-01 11:34:00,EGRX,6.630000114440918,6.630000114440918,6.630000114440918,6.619999885559082,6.619999885559082,310.0
2024-03-01 11:34:00,ELEV,4.980000019073486,4.980000019073486,4.980000019073486,4.980000019073486,4.980000019073486,500.0
2024-03-01 11:34:00,ENSG,123.87000274658203,123.87000274658203,123.87000274658203,123.87000274658203,123.87000274658203,199.0
2024-03-01 11:34:00,ENTA,15.225000381469727,15.225000381469727,15.225000381469727,15.225000381469727,15.225000381469727,100.0
2024-03-01 11:34:00,ENVB,1.5592999458312988,1.5592999458312988,1.5592999458312988,1.5592999458312988,1.5592999458312988,5474.0
2024-03-01 11:34:00,ERAS,2.5155999660491943,2.5155999660491943,2.5155999660491943,2.5155999660491943,2.5155999660491943,180.0
2024-03-01 11:34:00,ESTA,45.88999938964844,45.88999938964844,45.88999938964844,45.88999938964844,45.88999938964844,153.0
2024-03-01 11:34:00,ETNB,12.930000305175781,12.930000305175781,12.930000305175781,12.930000305175781,12.930000305175781,1093.0
2024-03-01 11:34:00,EVO,7.489999771118164,7.489999771118164,7.489999771118164,7.489999771118164,7.489999771118164,127.0
2024-03-01 11:34:00,EWTX,17.010000228881836,17.010000228881836,17.010000228881836,17.010000228881836,17.010000228881836,1431.0
2024-03-01 11:34:00,EXAI,6.800000190734863,6.800000190734863,6.800000190734863,6.800000190734863,6.800000190734863,520.0
2024-03-01 11:34:00,EXAS,59.88999938964844,59.88999938964844,59.900001525878906,59.869998931884766,59.900001525878906,1784.0
2024-03-01 11:34:00,EXEL,22.459999084472656,22.459999084472656,22.459999084472656,22.454999923706055,22.459999084472656,2768.0
2024-03-01 11:34:00,EYEN,2.25,2.25,2.259999990463257,2.25,2.259999990463257,1417.0
2024-03-01 11:34:00,EYPT,28.0,28.0,28.0049991607666,27.959999084472656,27.959999084472656,1255.0
2024-03-01 11:34:00,FATE,7.440000057220459,7.440000057220459,7.440000057220459,7.429999828338623,7.433599948883057,2421.0
2024-03-01 11:34:00,FBRX,0.7193999886512756,0.7193999886512756,0.7195000052452087,0.718999981880188,0.718999981880188,601.0
2024-03-01 11:34:00,FDMT,29.350000381469727,29.350000381469727,29.375,29.350000381469727,29.375,788.0
2024-03-01 11:34:00,FENC,9.760000228881836,9.760000228881836,9.760000228881836,9.760000228881836,9.760000228881836,160.0
2024-03-01 11:34:00,FGEN,1.809999942779541,1.809999942779541,1.809999942779541,1.809999942779541,1.809999942779541,6672.0
2024-03-01 11:34:00,FHTX,8.21500015258789,8.21500015258789,8.260000228881836,8.21500015258789,8.260000228881836,1706.0
2024-03-01 11:34:00,FLGT,23.420000076293945,23.420000076293945,23.440000534057617,23.420000076293945,23.420000076293945,705.0
2024-03-01 11:34:00,FOLD,13.329999923706055,13.329999923706055,13.34000015258789,13.329999923706055,13.329999923706055,818.0
2024-03-01 11:34:00,FULC,10.8100004196167,10.8100004196167,10.8100004196167,10.8100004196167,10.8100004196167,999.0
2024-03-01 11:34:00,FUSN,12.210000038146973,12.210000038146973,12.210000038146973,12.210000038146973,12.210000038146973,230.0
2024-03-01 11:34:00,GBIO,2.619999885559082,2.619999885559082,2.619999885559082,2.619999885559082,2.619999885559082,100.0
2024-03-01 11:34:00,GCTK,0.30000001192092896,0.30000001192092896,0.30000001192092896,0.30000001192092896,0.30000001192092896,607.0
2024-03-01 11:34:00,GDRX,8.258999824523926,8.258999824523926,8.270000457763672,8.25,8.270000457763672,12291.0
2024-03-01 11:34:00,GERN,2.174999952316284,2.174999952316284,2.1798999309539795,2.170300006866455,2.174999952316284,4767.0
2024-03-01 11:34:00,GH,19.280000686645508,19.280000686645508,19.280000686645508,19.280000686645508,19.280000686645508,568.0
2024-03-01 11:34:00,GILD,72.41999816894531,72.41999816894531,72.43000030517578,72.41999816894531,72.41999816894531,7499.0
2024-03-01 11:34:00,GLPG,35.06999969482422,35.06999969482422,35.06999969482422,35.05500030517578,35.05500030517578,6748.0
2024-03-01 11:34:00,GLUE,6.329999923706055,6.329999923706055,6.360000133514404,6.320000171661377,6.360000133514404,2130.0
2024-03-01 11:34:00,GLYC,2.990000009536743,2.990000009536743,2.990000009536743,2.990000009536743,2.990000009536743,100.0
2024-03-01 11:34:00,GNPX,4.4969000816345215,4.4969000816345215,4.5,4.4969000816345215,4.499899864196777,2748.0
2024-03-01 11:34:00,GRFS,7.135000228881836,7.135000228881836,7.137800216674805,7.135000228881836,7.135000228881836,1701.0
2024-03-01 11:34:00,GRTS,2.2249999046325684,2.2249999046325684,2.2300000190734863,2.2149999141693115,2.2149999141693115,20458.0
2024-03-01 11:34:00,GRTX,0.23270000517368317,0.23270000517368317,0.23270000517368317,0.23270000517368317,0.23270000517368317,2245.0
2024-03-01 11:34:00,GTHX,3.615000009536743,3.615000009536743,3.630000114440918,3.5850000381469727,3.5899999141693115,32545.0
2024-03-01 11:34:00,HALO,41.13999938964844,41.13999938964844,41.185001373291016,41.13999938964844,41.16999816894531,2085.0
2024-03-01 11:34:00,HCAT,7.960000038146973,7.960000038146973,7.960000038146973,7.949999809265137,7.960000038146973,329.0
2024-03-01 11:34:00,HCSG,12.630000114440918,12.630000114440918,12.630000114440918,12.630000114440918,12.630000114440918,202.0
2024-03-01 11:34:00,HCTI,2.700000047683716,2.700000047683716,2.7300000190734863,2.6768999099731445,2.6798999309539795,6362.0
2024-03-01 11:34:00,HOLX,73.76499938964844,73.76499938964844,73.76499938964844,73.75,73.75,1749.0
2024-03-01 11:34:00,HOWL,6.800000190734863,6.800000190734863,6.804999828338623,6.7600998878479,6.804999828338623,940.0
2024-03-01 11:34:00,HQY,81.33999633789062,81.33999633789062,81.33999633789062,81.33999633789062,81.33999633789062,105.0
2024-03-01 11:34:00,HROW,10.800000190734863,10.800000190734863,10.800000190734863,10.800000190734863,10.800000190734863,768.0
2024-03-01 11:34:00,HSIC,77.0,77.0,77.0,77.0,77.0,1988.0
2024-03-01 11:34:00,HUMA,3.2899999618530273,3.2899999618530273,3.2899999618530273,3.2850000858306885,3.2899999618530273,18132.0
2024-03-01 11:34:00,IART,36.5099983215332,36.5099983215332,36.529998779296875,36.4900016784668,36.4900016784668,901.0
2024-03-01 11:34:00,IBRX,4.894999980926514,4.894999980926514,4.900000095367432,4.894999980926514,4.900000095367432,3941.0
2024-03-01 11:34:00,ICCM,1.2899999618530273,1.2899999618530273,1.2999999523162842,1.2899999618530273,1.2999999523162842,4600.0
2024-03-01 11:34:00,ICLR,322.9549865722656,322.9549865722656,323.07000732421875,322.8349914550781,322.9674987792969,1622.0
2024-03-01 11:34:00,ICUI,105.69000244140625,105.69000244140625,105.7699966430664,105.69000244140625,105.71499633789062,2318.0
2024-03-01 11:34:00,IDXX,579.219970703125,579.219970703125,579.219970703125,579.219970703125,579.219970703125,496.0
2024-03-01 11:34:00,IDYA,46.095001220703125,46.095001220703125,46.099998474121094,46.095001220703125,46.099998474121094,1049.0
2024-03-01 11:34:00,ILMN,141.77499389648438,141.77499389648438,141.77499389648438,141.77499389648438,141.77499389648438,1717.0
2024-03-01 11:34:00,IMAB,1.8507000207901,1.8507000207901,1.8507000207901,1.8507000207901,1.8507000207901,101.0
2024-03-01 11:34:00,IMNM,25.47010040283203,25.47010040283203,25.47010040283203,25.47010040283203,25.47010040283203,290.0
2024-03-01 11:34:00,IMRX,6.144999980926514,6.144999980926514,6.159999847412109,6.144999980926514,6.159999847412109,5246.0
2024-03-01 11:34:00,IMTX,13.0600004196167,13.0600004196167,13.0600004196167,13.0600004196167,13.0600004196167,358.0
2024-03-01 11:34:00,IMUX,1.4600000381469727,1.4600000381469727,1.465000033378601,1.4600000381469727,1.4600000381469727,210.0
2024-03-01 11:34:00,IMVT,36.16999816894531,36.16999816894531,36.189998626708984,36.16999816894531,36.189998626708984,308.0
2024-03-01 11:34:00,INCY,59.095001220703125,59.095001220703125,59.095001220703125,59.04999923706055,59.04999923706055,1412.0
2024-03-01 11:34:00,INGN,6.829999923706055,6.829999923706055,6.829999923706055,6.829999923706055,6.829999923706055,556.0
2024-03-01 11:34:00,INKT,0.9399999976158142,0.9399999976158142,0.9399999976158142,0.9399999976158142,0.9399999976158142,348.0
2024-03-01 11:34:00,INMD,22.700000762939453,22.700000762939453,22.700000762939453,22.690000534057617,22.700000762939453,3039.0
2024-03-01 11:34:00,INO,9.300100326538086,9.300100326538086,9.313300132751465,9.300100326538086,9.300100326538086,1020.0
2024-03-01 11:34:00,INSM,28.145000457763672,28.145000457763672,28.149999618530273,28.1200008392334,28.149999618530273,2675.0
2024-03-01 11:34:00,IONM,0.3497999906539917,0.3497999906539917,0.3497999906539917,0.3497999906539917,0.3497999906539917,100.0
2024-03-01 11:34:00,IONS,45.84000015258789,45.84000015258789,45.84000015258789,45.810001373291016,45.810001373291016,2079.0
2024-03-01 11:34:00,IOVA,16.475000381469727,16.475000381469727,16.5,16.475000381469727,16.485000610351562,15157.0
2024-03-01 11:34:00,IRTC,120.83999633789062,120.83999633789062,120.83999633789062,120.83999633789062,120.83999633789062,254.0
2024-03-01 11:34:00,IRWD,8.9399995803833,8.9399995803833,8.957500457763672,8.9399995803833,8.954999923706055,25879.0
2024-03-01 11:34:00,ISRG,392.95001220703125,392.95001220703125,392.95001220703125,392.75,392.75,3172.0
2024-03-01 11:34:00,ITCI,71.3949966430664,71.3949966430664,71.3949966430664,71.37000274658203,71.37000274658203,10009.0
2024-03-01 11:34:00,IVVD,4.0,4.0,4.0,4.0,4.0,400.0
2024-03-01 11:34:00,IXHL,5.400000095367432,5.400000095367432,5.400000095367432,5.389999866485596,5.389999866485596,845.0
2024-03-01 11:34:00,JAGX,0.08139999955892563,0.08139999955892563,0.08150000125169754,0.08089999854564667,0.08089999854564667,194293.0
2024-03-01 11:34:00,JANX,46.375,46.375,46.40999984741211,46.20000076293945,46.400001525878906,3489.0
2024-03-01 11:34:00,JAZZ,119.63999938964844,119.63999938964844,119.80000305175781,119.63999938964844,119.69000244140625,5009.0
2024-03-01 11:34:00,KALV,13.890000343322754,13.890000343322754,13.890000343322754,13.890000343322754,13.890000343322754,500.0
2024-03-01 11:34:00,KNSA,21.924999237060547,21.924999237060547,21.924999237060547,21.924999237060547,21.924999237060547,230.0
2024-03-01 11:34:00,KNTE,2.615000009536743,2.615000009536743,2.615000009536743,2.615000009536743,2.615000009536743,200.0
2024-03-01 11:34:00,KOD,6.150000095367432,6.150000095367432,6.150000095367432,6.150000095367432,6.150000095367432,239.0
2024-03-01 11:34:00,KPRX,0.6597030162811279,0.6597030162811279,0.6620000004768372,0.6579999923706055,0.6610000133514404,5996.0
2024-03-01 11:34:00,KPTI,1.218000054359436,1.218000054359436,1.218000054359436,1.218000054359436,1.218000054359436,9191.0
2024-03-01 11:34:00,KTRA,0.09884899854660034,0.09884899854660034,0.0989999994635582,0.09880000352859497,0.09880000352859497,56517.0
2024-03-01 11:34:00,KURA,21.334999084472656,21.334999084472656,21.334999084472656,21.334999084472656,21.334999084472656,100.0
2024-03-01 11:34:00,KYMR,43.75,43.75,43.875,43.75,43.75,1679.0
2024-03-01 11:34:00,KZIA,0.23330000042915344,0.23330000042915344,0.23330000042915344,0.23330000042915344,0.23330000042915344,120.0
2024-03-01 11:34:00,KZR,1.0700000524520874,1.0700000524520874,1.090000033378601,1.0700000524520874,1.090000033378601,28187.0
2024-03-01 11:34:00,LAB,2.4200000762939453,2.4200000762939453,2.424999952316284,2.4200000762939453,2.424999952316284,2097.0
2024-03-01 11:34:00,LBPH,21.729999542236328,21.729999542236328,21.729999542236328,21.729999542236328,21.729999542236328,212.0
2024-03-01 11:34:00,LEGN,65.94000244140625,65.94000244140625,65.95999908447266,65.94000244140625,65.94000244140625,414.0
2024-03-01 11:34:00,LEXX,2.6396000385284424,2.6396000385284424,2.640000104904175,2.6308000087738037,2.640000104904175,3052.0
2024-03-01 11:34:00,LIFE,1.934999942779541,1.934999942779541,1.934999942779541,1.934999942779541,1.934999942779541,209.0
2024-03-01 11:34:00,LMAT,67.33000183105469,67.33000183105469,67.38500213623047,67.33000183105469,67.38500213623047,358.0
2024-03-01 11:34:00,LNTH,65.18499755859375,65.18499755859375,65.18499755859375,65.12999725341797,65.18499755859375,426.0
2024-03-01 11:34:00,LTRN,4.653900146484375,4.653900146484375,4.653900146484375,4.650000095367432,4.653900146484375,1038.0
2024-03-01 11:34:00,LUNG,9.270000457763672,9.270000457763672,9.270000457763672,9.270000457763672,9.270000457763672,215.0
2024-03-01 11:34:00,LVTX,3.015000104904175,3.015000104904175,3.015000104904175,3.015000104904175,3.015000104904175,307.0
2024-03-01 11:34:00,LXRX,2.390000104904175,2.390000104904175,2.4049999713897705,2.390000104904175,2.4049999713897705,33667.0
2024-03-01 11:34:00,LYEL,3.1600000858306885,3.1600000858306885,3.1600000858306885,3.1549999713897705,3.1549999713897705,1165.0
2024-03-01 11:34:00,LYRA,5.625,5.625,5.625,5.610000133514404,5.610000133514404,1871.0
2024-03-01 11:34:00,MASS,7.400000095367432,7.400000095367432,7.400000095367432,7.400000095367432,7.400000095367432,821.0
2024-03-01 11:34:00,MCRB,1.1900999546051025,1.1900999546051025,1.1900999546051025,1.1900999546051025,1.1900999546051025,301.0
2024-03-01 11:34:00,MDGL,241.0,241.0,241.0,241.0,241.0,560.0
2024-03-01 11:34:00,MDRX,5.949999809265137,5.949999809265137,6.0,5.949999809265137,6.0,13820.0
2024-03-01 11:34:00,MDXG,8.574999809265137,8.574999809265137,8.579999923706055,8.574999809265137,8.574999809265137,395.0
2024-03-01 11:34:00,ME,0.5738999843597412,0.5738999843597412,0.5740000009536743,0.5728999972343445,0.5740000009536743,8560.0
2024-03-01 11:34:00,MEDP,401.0,401.0,401.0,401.0,401.0,388.0
2024-03-01 11:34:00,MESO,2.0406999588012695,2.0406999588012695,2.0406999588012695,2.0406999588012695,2.0406999588012695,101.0
2024-03-01 11:34:00,MGNX,19.25,19.25,19.25,19.25,19.25,1091.0
2024-03-01 11:34:00,MIRM,30.020000457763672,30.020000457763672,30.06999969482422,30.020000457763672,30.06999969482422,756.0
2024-03-01 11:34:00,MLTX,51.209999084472656,51.209999084472656,51.209999084472656,51.209999084472656,51.209999084472656,499.0
2024-03-01 11:34:00,MNKD,4.659999847412109,4.659999847412109,4.659999847412109,4.655700206756592,4.655700206756592,2442.0
2024-03-01 11:34:00,MNMD,5.96999979019165,5.96999979019165,5.980000019073486,5.960000038146973,5.96999979019165,5355.0
2024-03-01 11:34:00,MNOV,1.3600000143051147,1.3600000143051147,1.3700000047683716,1.3600000143051147,1.3700000047683716,7324.0
2024-03-01 11:34:00,MODV,27.770000457763672,27.770000457763672,27.940000534057617,27.704999923706055,27.940000534057617,2126.0
2024-03-01 11:34:00,MORF,38.540000915527344,38.540000915527344,38.54999923706055,38.540000915527344,38.54999923706055,311.0
2024-03-01 11:34:00,MREO,3.7850000858306885,3.7850000858306885,3.805000066757202,3.7850000858306885,3.800100088119507,6029.0
2024-03-01 11:34:00,MRNA,96.22000122070312,96.22000122070312,96.2249984741211,96.0199966430664,96.06999969482422,9846.0
2024-03-01 11:34:00,MRNS,9.84000015258789,9.84000015258789,9.84000015258789,9.838000297546387,9.838000297546387,433.0
2024-03-01 11:34:00,MRSN,5.974999904632568,5.974999904632568,6.0,5.9704999923706055,6.0,7075.0
2024-03-01 11:34:00,MRUS,51.16999816894531,51.16999816894531,51.16999816894531,51.16999816894531,51.16999816894531,8714.0
2024-03-01 11:34:00,MRVI,7.829999923706055,7.829999923706055,7.829999923706055,7.829999923706055,7.829999923706055,160.0
2024-03-01 11:34:00,MYGN,21.56999969482422,21.56999969482422,21.56999969482422,21.55500030517578,21.55500030517578,250.0
2024-03-01 11:34:00,NARI,46.06999969482422,46.06999969482422,46.10770034790039,46.06999969482422,46.095001220703125,6865.0
2024-03-01 11:34:00,NBIX,130.3000030517578,130.3000030517578,130.3000030517578,130.11000061035156,130.11000061035156,1349.0
2024-03-01 11:34:00,NEO,16.045000076293945,16.045000076293945,16.045000076293945,16.045000076293945,16.045000076293945,200.0
2024-03-01 11:34:00,NEOG,17.204999923706055,17.204999923706055,17.219999313354492,17.204999923706055,17.219999313354492,6970.0
2024-03-01 11:34:00,NGM,1.5299999713897705,1.5299999713897705,1.534999966621399,1.5299999713897705,1.5299999713897705,735.0
2024-03-01 11:34:00,NKTR,0.7595999836921692,0.7595999836921692,0.7595999836921692,0.7549999952316284,0.7573000192642212,2842.0
2024-03-01 11:34:00,NNOX,10.984999656677246,10.984999656677246,10.994999885559082,10.979999542236328,10.994999885559082,2981.0
2024-03-01 11:34:00,NOTV,8.070799827575684,8.070799827575684,8.097100257873535,8.047900199890137,8.079999923706055,6267.0
2024-03-01 11:34:00,NRBO,5.739999771118164,5.739999771118164,5.739999771118164,5.739999771118164,5.739999771118164,1397.0
2024-03-01 11:34:00,NRIX,13.194999694824219,13.194999694824219,13.197500228881836,13.194999694824219,13.194999694824219,631.0
2024-03-01 11:34:00,NTLA,33.619998931884766,33.619998931884766,33.640098571777344,33.619998931884766,33.619998931884766,1270.0
2024-03-01 11:34:00,NTRA,89.30000305175781,89.30000305175781,89.43000030517578,89.2699966430664,89.43000030517578,2700.0
2024-03-01 11:34:00,NUTX,0.11299999803304672,0.11299999803304672,0.11309999972581863,0.11299999803304672,0.11309999972581863,4110.0
2024-03-01 11:34:00,NUVL,87.58000183105469,87.58000183105469,87.58000183105469,87.58000183105469,87.58000183105469,521.0
2024-03-01 11:34:00,NVAX,5.195000171661377,5.195000171661377,5.204999923706055,5.190000057220459,5.204999923706055,16902.0
2024-03-01 11:34:00,NVCR,15.899999618530273,15.899999618530273,15.899999618530273,15.899999618530273,15.899999618530273,899.0
2024-03-01 11:34:00,OCGN,0.9281499981880188,0.9281499981880188,0.9291999936103821,0.9280999898910522,0.9282000064849854,3536.0
2024-03-01 11:34:00,OCUL,10.4399995803833,10.4399995803833,10.451499938964844,10.4399995803833,10.451499938964844,3269.0
2024-03-01 11:34:00,OFIX,12.925000190734863,12.925000190734863,12.925000190734863,12.925000190734863,12.925000190734863,500.0
2024-03-01 11:34:00,OGI,2.1113998889923096,2.1113998889923096,2.115000009536743,2.1113998889923096,2.115000009536743,2851.0
2024-03-01 11:34:00,OLMA,13.255200386047363,13.255200386047363,13.255200386047363,13.255200386047363,13.255200386047363,227.0
2024-03-01 11:34:00,OMER,4.71999979019165,4.71999979019165,4.71999979019165,4.71999979019165,4.71999979019165,110.0
2024-03-01 11:35:00,ABCL,5.184999942779541,5.184999942779541,5.184999942779541,5.179999828338623,5.181000232696533,705.0
2024-03-01 11:35:00,ABEO,7.550000190734863,7.550000190734863,7.550000190734863,7.550000190734863,7.550000190734863,282.0
2024-03-01 11:35:00,ABOS,4.695000171661377,4.695000171661377,4.695000171661377,4.695000171661377,4.695000171661377,280.0
2024-03-01 11:35:00,ABSI,5.190000057220459,5.190000057220459,5.210000038146973,5.190000057220459,5.199999809265137,4265.0
2024-03-01 11:35:00,ABUS,2.7799999713897705,2.7799999713897705,2.7850000858306885,2.7799999713897705,2.7799999713897705,3641.0
2024-03-01 11:35:00,ACAD,23.889999389648438,23.889999389648438,23.899999618530273,23.889999389648438,23.899999618530273,1552.0
2024-03-01 11:35:00,ACB,3.134999990463257,3.134999990463257,3.134999990463257,3.134999990463257,3.134999990463257,284.0
2024-03-01 11:35:00,ACCD,10.229999542236328,10.229999542236328,10.239999771118164,10.229999542236328,10.239999771118164,978.0
2024-03-01 11:35:00,ACET,2.384999990463257,2.384999990463257,2.384999990463257,2.384999990463257,2.384999990463257,242.0
2024-03-01 11:35:00,ACHC,84.08000183105469,84.08000183105469,84.09500122070312,84.0199966430664,84.0199966430664,1031.0
2024-03-01 11:35:00,ACLX,67.55999755859375,67.55999755859375,67.5999984741211,67.5199966430664,67.53240203857422,1738.0
2024-03-01 11:35:00,ACON,0.38499999046325684,0.38499999046325684,0.3869999945163727,0.38499999046325684,0.3869999945163727,700.0
2024-03-01 11:35:00,ACRS,1.2050000429153442,1.2050000429153442,1.215000033378601,1.2000000476837158,1.2100000381469727,51996.0
2024-03-01 11:35:00,ADIL,3.007999897003174,3.007999897003174,3.0199999809265137,2.9700000286102295,3.009999990463257,23958.0
2024-03-01 11:35:00,ADMA,5.375,5.375,5.380000114440918,5.375,5.380000114440918,10940.0
2024-03-01 11:35:00,ADPT,4.169899940490723,4.169899940490723,4.190000057220459,4.159999847412109,4.184999942779541,4438.0
2024-03-01 11:35:00,ADTX,3.4600000381469727,3.4600000381469727,3.4600000381469727,3.430000066757202,3.4600000381469727,5749.0
2024-03-01 11:35:00,ADUS,93.47000122070312,93.47000122070312,93.47000122070312,93.16000366210938,93.29000091552734,2897.0
2024-03-01 11:35:00,ADVM,1.9500000476837158,1.9500000476837158,1.9500000476837158,1.934999942779541,1.934999942779541,1923.0
2024-03-01 11:35:00,AGEN,0.6670500040054321,0.6670500040054321,0.6671000123023987,0.6670500040054321,0.6671000123023987,10685.0
2024-03-01 11:35:00,AGIO,32.90999984741211,32.90999984741211,32.92499923706055,32.90999984741211,32.92499923706055,305.0
2024-03-01 11:35:00,AHCO,10.734999656677246,10.734999656677246,10.739999771118164,10.734999656677246,10.739999771118164,465.0
2024-03-01 11:35:00,AIMD,1.0,1.0,1.0,0.949999988079071,1.0,760.0
2024-03-01 11:35:00,AIRS,6.389999866485596,6.389999866485596,6.40500020980835,6.389999866485596,6.40500020980835,1703.0
2024-03-01 11:35:00,AKAN,0.2460000067949295,0.2460000067949295,0.2460000067949295,0.24250000715255737,0.2460000067949295,2448.0
2024-03-01 11:35:00,AKBA,1.659999966621399,1.659999966621399,1.669100046157837,1.659999966621399,1.6601999998092651,23699.0
2024-03-01 11:35:00,AKRO,29.079999923706055,29.079999923706055,29.1200008392334,29.06999969482422,29.06999969482422,7123.0
2024-03-01 11:35:00,ALDX,4.15910005569458,4.15910005569458,4.159999847412109,4.15500020980835,4.159999847412109,1677.0
2024-03-01 11:35:00,ALEC,7.510000228881836,7.510000228881836,7.510000228881836,7.510000228881836,7.510000228881836,220.0
2024-03-01 11:35:00,ALHC,5.739999771118164,5.739999771118164,5.75,5.730000019073486,5.75,2883.0
2024-03-01 11:35:00,ALKS,30.209999084472656,30.209999084472656,30.21500015258789,30.209999084472656,30.209999084472656,12578.0
2024-03-01 11:35:00,ALLK,1.5950000286102295,1.5950000286102295,1.600000023841858,1.5950000286102295,1.5950000286102295,444.0
2024-03-01 11:35:00,ALLO,5.059999942779541,5.059999942779541,5.059999942779541,5.050000190734863,5.050000190734863,5463.0
2024-03-01 11:35:00,ALPN,35.77000045776367,35.77000045776367,35.82500076293945,35.77000045776367,35.77000045776367,935.0
2024-03-01 11:35:00,ALT,12.149999618530273,12.149999618530273,12.180000305175781,12.149999618530273,12.180000305175781,2214.0
2024-03-01 11:35:00,AMED,93.62999725341797,93.62999725341797,93.69000244140625,93.61000061035156,93.69000244140625,6011.0
2024-03-01 11:35:00,AMGN,281.0859069824219,281.0859069824219,281.29998779296875,281.0101013183594,281.29998779296875,7778.0
2024-03-01 11:35:00,AMLX,18.834999084472656,18.834999084472656,18.834999084472656,18.834999084472656,18.834999084472656,641.0
2024-03-01 11:35:00,AMPH,45.63999938964844,45.63999938964844,45.709999084472656,45.63999938964844,45.709999084472656,2087.0
2024-03-01 11:35:00,AMRN,1.0499999523162842,1.0499999523162842,1.0549999475479126,1.0499999523162842,1.0499999523162842,3338.0
2024-03-01 11:35:00,ANAB,25.479999542236328,25.479999542236328,25.479999542236328,25.479999542236328,25.479999542236328,239.0
2024-03-01 11:35:00,ANGO,5.525000095367432,5.525000095367432,5.525000095367432,5.514999866485596,5.519999980926514,1072.0
2024-03-01 11:35:00,ANIK,24.770000457763672,24.770000457763672,24.770000457763672,24.770000457763672,24.770000457763672,543.0
2024-03-01 11:35:00,ANNX,6.012499809265137,6.012499809265137,6.019899845123291,6.005000114440918,6.005000114440918,6349.0
2024-03-01 11:35:00,ANTX,2.990000009536743,2.990000009536743,2.990000009536743,2.990000009536743,2.990000009536743,435.0
2024-03-01 11:35:00,APDN,0.5699999928474426,0.5699999928474426,0.5730000138282776,0.5699999928474426,0.5730000138282776,11695.0
2024-03-01 11:35:00,APLS,65.06999969482422,65.06999969482422,65.06999969482422,64.99500274658203,65.0,5139.0
2024-03-01 11:35:00,APLT,7.139999866485596,7.139999866485596,7.170000076293945,7.139999866485596,7.140100002288818,3454.0
2024-03-01 11:35:00,APRE,8.126299858093262,8.126299858093262,8.126299858093262,8.126299858093262,8.126299858093262,885.0
2024-03-01 11:35:00,APVO,0.1599999964237213,0.1599999964237213,0.1599999964237213,0.1599999964237213,0.1599999964237213,2532.0
2024-03-01 11:35:00,AQST,4.275000095367432,4.275000095367432,4.275000095367432,4.275000095367432,4.275000095367432,222.0
2024-03-01 11:35:00,ARDX,9.489999771118164,9.489999771118164,9.489999771118164,9.479999542236328,9.479999542236328,4737.0
2024-03-01 11:35:00,ARGX,388.80499267578125,388.80499267578125,388.9200134277344,388.6600036621094,388.9200134277344,1955.0
2024-03-01 11:35:00,ARQT,11.300000190734863,11.300000190734863,11.300000190734863,11.244999885559082,11.255000114440918,17317.0
2024-03-01 11:35:00,ARVN,48.79999923706055,48.79999923706055,48.814998626708984,48.79999923706055,48.79999923706055,257.0
2024-03-01 11:35:00,ARWR,35.75199890136719,35.75199890136719,35.76499938964844,35.650001525878906,35.650001525878906,5145.0
2024-03-01 11:35:00,ASLN,0.8001009821891785,0.8001009821891785,0.8209999799728394,0.800000011920929,0.8209999799728394,26507.0
2024-03-01 11:35:00,ASND,149.97999572753906,149.97999572753906,149.97999572753906,149.7100067138672,149.7100067138672,659.0
2024-03-01 11:35:00,ASRT,0.9100000262260437,0.9100000262260437,0.9100000262260437,0.9060500264167786,0.9060999751091003,1318.0
2024-03-01 11:35:00,ATAI,2.009999990463257,2.009999990463257,2.018699884414673,2.005000114440918,2.005000114440918,20752.0
2024-03-01 11:35:00,ATEC,13.59000015258789,13.59000015258789,13.604999542236328,13.585000038146973,13.600000381469727,2800.0
2024-03-01 11:35:00,ATRA,0.8047500252723694,0.8047500252723694,0.8047999739646912,0.8047500252723694,0.8047999739646912,100.0
2024-03-01 11:35:00,ATRC,36.060001373291016,36.060001373291016,36.064998626708984,36.060001373291016,36.064998626708984,952.0
2024-03-01 11:35:00,ATXS,15.149999618530273,15.149999618530273,15.25,15.149999618530273,15.25,2497.0
2024-03-01 11:35:00,AUGX,4.554999828338623,4.554999828338623,4.554999828338623,4.545000076293945,4.550000190734863,1952.0
2024-03-01 11:35:00,AUPH,5.804999828338623,5.804999828338623,5.809999942779541,5.801300048828125,5.809999942779541,3799.0
2024-03-01 11:35:00,AUTL,6.255000114440918,6.255000114440918,6.260000228881836,6.25,6.260000228881836,1433.0
2024-03-01 11:35:00,AVAH,2.390000104904175,2.390000104904175,2.390000104904175,2.390000104904175,2.390000104904175,537.0
2024-03-01 11:35:00,AVDL,12.720000267028809,12.720000267028809,12.760000228881836,12.699999809265137,12.720000267028809,8185.0
2024-03-01 11:35:00,AVXL,5.38129997253418,5.38129997253418,5.389999866485596,5.38129997253418,5.389999866485596,1573.0
2024-03-01 11:35:00,AXNX,67.2300033569336,67.2300033569336,67.25,67.2249984741211,67.25,3771.0
2024-03-01 11:35:00,AXSM,82.7300033569336,82.7300033569336,82.93000030517578,82.7300033569336,82.93000030517578,1739.0
2024-03-01 11:35:00,AZN,64.5,64.5,64.5,64.5,64.5,25350.0
2024-03-01 11:35:00,AZTA,66.26000213623047,66.26000213623047,66.30999755859375,66.26000213623047,66.30999755859375,903.0
2024-03-01 11:35:00,BBIO,35.8650016784668,35.8650016784668,35.880001068115234,35.8650016784668,35.869998931884766,1396.0
2024-03-01 11:35:00,BBLG,2.3499999046325684,2.3499999046325684,2.3499999046325684,2.3499999046325684,2.3499999046325684,875.0
2024-03-01 11:35:00,BCAB,2.7850000858306885,2.7850000858306885,2.7850000858306885,2.7850000858306885,2.7850000858306885,253.0
2024-03-01 11:35:00,BCDA,0.5698999762535095,0.5698999762535095,0.5698999762535095,0.5698999762535095,0.5698999762535095,141.0
2024-03-01 11:35:00,BCRX,5.800000190734863,5.800000190734863,5.815000057220459,5.800000190734863,5.815000057220459,3215.0
2024-03-01 11:35:00,BCTX,3.5199999809265137,3.5199999809265137,3.5199999809265137,3.5199999809265137,3.5199999809265137,115.0
2024-03-01 11:35:00,BDTX,5.070000171661377,5.070000171661377,5.070000171661377,5.070000171661377,5.070000171661377,459.0
2024-03-01 11:35:00,BEAM,40.119998931884766,40.119998931884766,40.165000915527344,40.11000061035156,40.125,1495.0
2024-03-01 11:35:00,BGXX,0.27057498693466187,0.27057498693466187,0.27057498693466187,0.27057498693466187,0.27057498693466187,840.0
2024-03-01 11:35:00,BIIB,219.58999633789062,219.58999633789062,219.58999633789062,219.58999633789062,219.58999633789062,1255.0
2024-03-01 11:35:00,BIOR,1.2381000518798828,1.2381000518798828,1.2381000518798828,1.2381000518798828,1.2381000518798828,110.0
2024-03-01 11:35:00,BIVI,2.3018999099731445,2.3018999099731445,2.3299999237060547,2.2899999618530273,2.3199000358581543,113955.0
2024-03-01 11:35:00,BLFS,18.110000610351562,18.110000610351562,18.190000534057617,18.110000610351562,18.190000534057617,4154.0
2024-03-01 11:35:00,BLUE,1.5999000072479248,1.5999000072479248,1.600000023841858,1.5996999740600586,1.5996999740600586,5055.0
2024-03-01 11:35:00,BMEA,17.924999237060547,17.924999237060547,17.924999237060547,17.924999237060547,17.924999237060547,344.0
2024-03-01 11:35:00,BMRN,86.9000015258789,86.9000015258789,86.93000030517578,86.9000015258789,86.91999816894531,1706.0
2024-03-01 11:35:00,BNTX,92.09549713134766,92.09549713134766,92.12000274658203,92.09549713134766,92.11000061035156,539.0
2024-03-01 11:35:00,BPMC,96.49500274658203,96.49500274658203,96.56999969482422,96.33000183105469,96.51000213623047,2654.0
2024-03-01 11:35:00,BRKR,87.87000274658203,87.87000274658203,87.87000274658203,87.80999755859375,87.83999633789062,3886.0
2024-03-01 11:35:00,BRTX,1.499899983406067,1.499899983406067,1.499899983406067,1.499899983406067,1.499899983406067,1000.0
2024-03-01 11:35:00,BTAI,3.2300000190734863,3.2300000190734863,3.2300000190734863,3.2300000190734863,3.2300000190734863,296.0
2024-03-01 11:35:00,BTMD,6.070000171661377,6.070000171661377,6.070000171661377,6.070000171661377,6.070000171661377,334.0
2024-03-01 11:35:00,BTTX,0.1679999977350235,0.1679999977350235,0.1679999977350235,0.1673000007867813,0.1679999977350235,14056.0
2024-03-01 11:35:00,CABA,24.0,24.0,24.0,23.989999771118164,24.0,937.0
2024-03-01 11:35:00,CBAY,32.2400016784668,32.2400016784668,32.2400016784668,32.2400016784668,32.2400016784668,232.0
2024-03-01 11:35:00,CCCC,10.960000038146973,10.960000038146973,10.979999542236328,10.960000038146973,10.979999542236328,524.0
2024-03-01 11:35:00,CDMO,8.180000305175781,8.180000305175781,8.180000305175781,8.170000076293945,8.170000076293945,200.0
2024-03-01 11:35:00,CDNA,12.520000457763672,12.520000457763672,12.569999694824219,12.520000457763672,12.569999694824219,768209.0
2024-03-01 11:35:00,CDXS,4.429999828338623,4.429999828338623,4.448800086975098,4.414999961853027,4.440000057220459,2248.0
2024-03-01 11:35:00,CELC,15.854999542236328,15.854999542236328,15.854999542236328,15.854999542236328,15.854999542236328,100.0
2024-03-01 11:35:00,CELU,3.559999942779541,3.559999942779541,3.559999942779541,3.549999952316284,3.559999942779541,1160.0
2024-03-01 11:35:00,CERE,41.130001068115234,41.130001068115234,41.130001068115234,41.130001068115234,41.130001068115234,2654.0
2024-03-01 11:35:00,CERS,2.2049999237060547,2.2049999237060547,2.2149999141693115,2.200000047683716,2.2100000381469727,5257.0
2024-03-01 11:35:00,CERT,17.670000076293945,17.670000076293945,17.700000762939453,17.65999984741211,17.700000762939453,3377.0
2024-03-01 11:35:00,CGC,3.265000104904175,3.265000104904175,3.265000104904175,3.259999990463257,3.265000104904175,7776.0
2024-03-01 11:35:00,CGEM,18.770000457763672,18.770000457763672,18.809999465942383,18.770000457763672,18.809999465942383,665.0
2024-03-01 11:35:00,CGEN,2.684999942779541,2.684999942779541,2.684999942779541,2.680000066757202,2.680000066757202,700.0
2024-03-01 11:35:00,CHRS,2.3350000381469727,2.3350000381469727,2.3350000381469727,2.3299999237060547,2.3299999237060547,1141.0
2024-03-01 11:35:00,CLDX,52.21500015258789,52.21500015258789,52.220001220703125,52.13100051879883,52.13100051879883,5046.0
2024-03-01 11:35:00,CLNN,0.39489999413490295,0.39489999413490295,0.39489999413490295,0.39489999413490295,0.39489999413490295,150.0
2024-03-01 11:35:00,CLOV,0.8697999715805054,0.8697999715805054,0.870199978351593,0.8697999715805054,0.8700000047683716,5000.0
2024-03-01 11:35:00,CLPT,6.650000095367432,6.650000095367432,6.659999847412109,6.650000095367432,6.650000095367432,204.0
2024-03-01 11:35:00,CLRB,4.14300012588501,4.14300012588501,4.14300012588501,4.14300012588501,4.14300012588501,571.0
2024-03-01 11:35:00,CLVR,4.171800136566162,4.171800136566162,4.171800136566162,4.171800136566162,4.171800136566162,802.0
2024-03-01 11:35:00,CMPS,11.260000228881836,11.260000228881836,11.260000228881836,11.174500465393066,11.260000228881836,1223.0
2024-03-01 11:35:00,COGT,7.195000171661377,7.195000171661377,7.210000038146973,7.195000171661377,7.210000038146973,2237.0
2024-03-01 11:35:00,CORT,23.8700008392334,23.8700008392334,23.915000915527344,23.8700008392334,23.899999618530273,1625.0
2024-03-01 11:35:00,CPRX,17.024999618530273,17.024999618530273,17.024999618530273,17.024999618530273,17.024999618530273,5068.0
2024-03-01 11:35:00,CRBU,8.015000343322754,8.015000343322754,8.020000457763672,8.005000114440918,8.020000457763672,2104.0
2024-03-01 11:35:00,CRDF,2.418299913406372,2.418299913406372,2.4200000762939453,2.4103000164031982,2.4198999404907227,7871.0
2024-03-01 11:35:00,CRDL,1.9900000095367432,1.9900000095367432,2.009999990463257,1.9700000286102295,1.9700000286102295,6044.0
2024-03-01 11:35:00,CRNX,46.18000030517578,46.18000030517578,46.279998779296875,46.15999984741211,46.15999984741211,2208.0
2024-03-01 11:35:00,CRON,2.065000057220459,2.065000057220459,2.065000057220459,2.0613999366760254,2.065000057220459,2079.0
2024-03-01 11:35:00,CRSP,85.68000030517578,85.68000030517578,85.7750015258789,85.68000030517578,85.69000244140625,2429.0
2024-03-01 11:35:00,CRVS,2.25,2.25,2.25,2.25,2.25,100.0
2024-03-01 11:35:00,CSTL,20.030000686645508,20.030000686645508,20.079999923706055,20.030000686645508,20.079999923706055,747.0
2024-03-01 11:35:00,CTKB,8.454999923706055,8.454999923706055,8.5,8.454999923706055,8.489999771118164,3268.0
2024-03-01 11:35:00,CTMX,2.5399999618530273,2.5399999618530273,2.5399999618530273,2.5399999618530273,2.5399999618530273,545.0
2024-03-01 11:35:00,CTXR,0.7724000215530396,0.7724000215530396,0.7724000215530396,0.7700999975204468,0.7700999975204468,439.0
2024-03-01 11:35:00,CUE,2.1500000953674316,2.1500000953674316,2.1600000858306885,2.1500000953674316,2.1600000858306885,804.0
2024-03-01 11:35:00,CUTR,2.400099992752075,2.400099992752075,2.400099992752075,2.400099992752075,2.400099992752075,1000.0
2024-03-01 11:35:00,CVAC,3.4600000381469727,3.4600000381469727,3.4600000381469727,3.4600000381469727,3.4600000381469727,184.0
2024-03-01 11:35:00,CYTK,73.8550033569336,73.8550033569336,73.87999725341797,73.8499984741211,73.87999725341797,983.0
2024-03-01 11:35:00,DARE,0.5649999976158142,0.5649999976158142,0.5649999976158142,0.5648999810218811,0.5648999810218811,5037.0
2024-03-01 11:35:00,DAWN,17.520000457763672,17.520000457763672,17.53499984741211,17.520000457763672,17.53499984741211,1175.0
2024-03-01 11:35:00,DCGO,4.135000228881836,4.135000228881836,4.150000095367432,4.130000114440918,4.150000095367432,5501.0
2024-03-01 11:35:00,DCPH,17.020000457763672,17.020000457763672,17.020000457763672,17.020000457763672,17.020000457763672,949.0
2024-03-01 11:35:00,DH,9.020000457763672,9.020000457763672,9.050399780273438,9.020000457763672,9.050399780273438,1749.0
2024-03-01 11:35:00,DMTK,0.8399999737739563,0.8399999737739563,0.8502900004386902,0.8299999833106995,0.8309999704360962,7809.0
2024-03-01 11:35:00,DNLI,20.959999084472656,20.959999084472656,20.959999084472656,20.940000534057617,20.940000534057617,592.0
2024-03-01 11:35:00,DRMA,0.4505999982357025,0.4505999982357025,0.4505999982357025,0.4505999982357025,0.4505999982357025,247.0
2024-03-01 11:35:00,DTIL,12.579299926757812,12.579299926757812,12.579299926757812,12.579299926757812,12.579299926757812,101.0
2024-03-01 11:35:00,DVAX,12.859999656677246,12.859999656677246,12.859999656677246,12.854999542236328,12.859999656677246,2361.0
2024-03-01 11:35:00,DXCM,118.79499816894531,118.79499816894531,118.86000061035156,118.75,118.86000061035156,6667.0
2024-03-01 11:35:00,DYN,28.690000534057617,28.690000534057617,28.695199966430664,28.649999618530273,28.665000915527344,8902.0
2024-03-01 11:35:00,EDIT,10.899999618530273,10.899999618530273,10.9399995803833,10.895000457763672,10.9399995803833,4435.0
2024-03-01 11:35:00,EGRX,6.639999866485596,6.639999866485596,6.639999866485596,6.619999885559082,6.639999866485596,2348.0
2024-03-01 11:35:00,ELEV,4.972499847412109,4.972499847412109,4.980000019073486,4.965000152587891,4.980000019073486,2550.0
2024-03-01 11:35:00,EMBC,14.350000381469727,14.350000381469727,14.350000381469727,14.350000381469727,14.350000381469727,160.0
2024-03-01 11:35:00,ENSC,0.9399999976158142,0.9399999976158142,0.9399999976158142,0.9399999976158142,0.9399999976158142,305.0
2024-03-01 11:35:00,ENSG,123.70999908447266,123.70999908447266,123.70999908447266,123.70999908447266,123.70999908447266,852.0
2024-03-01 11:35:00,ENTA,15.225000381469727,15.225000381469727,15.225000381469727,15.225000381469727,15.225000381469727,126.0
2024-03-01 11:35:00,ENTX,1.3899999856948853,1.3899999856948853,1.3899999856948853,1.350000023841858,1.350000023841858,1800.0
2024-03-01 11:35:00,ENVB,1.5700000524520874,1.5700000524520874,1.5800000429153442,1.5439000129699707,1.5800000429153442,2328.0
2024-03-01 11:35:00,ERAS,2.515000104904175,2.515000104904175,2.515000104904175,2.515000104904175,2.515000104904175,245.0
2024-03-01 11:35:00,ESPR,2.5199999809265137,2.5199999809265137,2.5199999809265137,2.5199999809265137,2.5199999809265137,14048.0
2024-03-01 11:35:00,ESTA,45.91999816894531,45.91999816894531,45.91999816894531,45.88999938964844,45.88999938964844,3879.0
2024-03-01 11:35:00,ETNB,12.949999809265137,12.949999809265137,12.960000038146973,12.949999809265137,12.960000038146973,1320.0
2024-03-01 11:35:00,EWTX,16.979999542236328,16.979999542236328,17.0,16.979999542236328,17.0,1904.0
2024-03-01 11:35:00,EXAI,6.800000190734863,6.800000190734863,6.800000190734863,6.800000190734863,6.800000190734863,503.0
2024-03-01 11:35:00,EXAS,59.79029846191406,59.79029846191406,59.79029846191406,59.79029846191406,59.79029846191406,4953.0
2024-03-01 11:35:00,EXEL,22.450000762939453,22.450000762939453,22.459999084472656,22.44499969482422,22.459999084472656,7478.0
2024-03-01 11:35:00,EYEN,2.25,2.25,2.25,2.25,2.25,212.0
2024-03-01 11:35:00,FATE,7.434999942779541,7.434999942779541,7.449999809265137,7.434999942779541,7.445000171661377,1236.0
2024-03-01 11:35:00,FBIO,2.2100000381469727,2.2100000381469727,2.2200000286102295,2.2100000381469727,2.2200000286102295,6512.0
2024-03-01 11:35:00,FGEN,1.809999942779541,1.809999942779541,1.809999942779541,1.8000999689102173,1.8000999689102173,528.0
2024-03-01 11:35:00,FLGT,23.385000228881836,23.385000228881836,23.389999389648438,23.385000228881836,23.389999389648438,1488.0
2024-03-01 11:35:00,FOLD,13.319999694824219,13.319999694824219,13.34000015258789,13.319999694824219,13.329999923706055,4718.0
2024-03-01 11:35:00,FUSN,12.239999771118164,12.239999771118164,12.265399932861328,12.199999809265137,12.199999809265137,7002.0
2024-03-01 11:35:00,GANX,4.689599990844727,4.689599990844727,4.689599990844727,4.689599990844727,4.689599990844727,115.0
2024-03-01 11:35:00,GBIO,2.619999885559082,2.619999885559082,2.619999885559082,2.619999885559082,2.619999885559082,100.0
2024-03-01 11:35:00,GDRX,8.259099960327148,8.259099960327148,8.269200325012207,8.250100135803223,8.250499725341797,13871.0
2024-03-01 11:35:00,GENE,2.2249999046325684,2.2249999046325684,2.2249999046325684,2.2249999046325684,2.2249999046325684,4980.0
2024-03-01 11:35:00,GERN,2.1775999069213867,2.1775999069213867,2.180000066757202,2.1700000762939453,2.1700000762939453,18286.0
2024-03-01 11:35:00,GH,19.2549991607666,19.2549991607666,19.260000228881836,19.235000610351562,19.2549991607666,1282.0
2024-03-01 11:35:00,GILD,72.38500213623047,72.38500213623047,72.42500305175781,72.33000183105469,72.42500305175781,26487.0
2024-03-01 11:35:00,GLPG,35.02000045776367,35.02000045776367,35.08000183105469,35.0099983215332,35.04999923706055,6054.0
2024-03-01 11:35:00,GLYC,2.9800000190734863,2.9800000190734863,2.9800000190734863,2.9800000190734863,2.9800000190734863,157.0
2024-03-01 11:35:00,GMAB,29.31999969482422,29.31999969482422,29.344999313354492,29.31999969482422,29.344999313354492,1924.0
2024-03-01 11:35:00,GMDA,0.3806000053882599,0.3806000053882599,0.3806000053882599,0.3799000084400177,0.3799999952316284,10238.0
2024-03-01 11:35:00,GNPX,4.479899883270264,4.479899883270264,4.5,4.46999979019165,4.46999979019165,1287.0
2024-03-01 11:35:00,GRFS,7.135000228881836,7.135000228881836,7.139900207519531,7.130000114440918,7.139900207519531,1428.0
2024-03-01 11:35:00,GRPH,3.5,3.5,3.5,3.48009991645813,3.48009991645813,351.0
2024-03-01 11:35:00,GRTS,2.2100000381469727,2.2100000381469727,2.2249999046325684,2.2100000381469727,2.2200000286102295,10383.0
2024-03-01 11:35:00,GTHX,3.609999895095825,3.609999895095825,3.630000114440918,3.609999895095825,3.619999885559082,9254.0
2024-03-01 11:35:00,HALO,41.130001068115234,41.130001068115234,41.130001068115234,41.099998474121094,41.130001068115234,2182.0
2024-03-01 11:35:00,HARP,22.940000534057617,22.940000534057617,22.940000534057617,22.940000534057617,22.940000534057617,1724.0
2024-03-01 11:35:00,HCAT,7.929999828338623,7.929999828338623,7.949999809265137,7.929999828338623,7.949999809265137,2884.0
2024-03-01 11:35:00,HCSG,12.611000061035156,12.611000061035156,12.630000114440918,12.604999542236328,12.630000114440918,861.0
2024-03-01 11:35:00,HCTI,2.7195000648498535,2.7195000648498535,2.719899892807007,2.6733999252319336,2.6733999252319336,6040.0
2024-03-01 11:35:00,HLTH,0.2770499885082245,0.2770499885082245,0.27709999680519104,0.2770499885082245,0.27709999680519104,800.0
2024-03-01 11:35:00,HOLX,73.75,73.75,73.77999877929688,73.73500061035156,73.7699966430664,4520.0
2024-03-01 11:35:00,HOOK,0.7990000247955322,0.7990000247955322,0.7990000247955322,0.7990000247955322,0.7990000247955322,300.0
2024-03-01 11:35:00,HOWL,6.840000152587891,6.840000152587891,6.840000152587891,6.840000152587891,6.840000152587891,205.0
2024-03-01 11:35:00,HQY,81.22000122070312,81.22000122070312,81.29000091552734,81.20999908447266,81.2699966430664,2925.0
2024-03-01 11:35:00,HRMY,31.329999923706055,31.329999923706055,31.399999618530273,31.329999923706055,31.329999923706055,1820.0
2024-03-01 11:35:00,HROW,10.770000457763672,10.770000457763672,10.795000076293945,10.770000457763672,10.795000076293945,1236.0
2024-03-01 11:35:00,HSIC,76.9800033569336,76.9800033569336,77.04000091552734,76.9800033569336,77.00499725341797,1803.0
2024-03-01 11:35:00,HUMA,3.315000057220459,3.315000057220459,3.319999933242798,3.2839999198913574,3.2850000858306885,25780.0
2024-03-01 11:35:00,IART,36.47999954223633,36.47999954223633,36.5099983215332,36.470001220703125,36.470001220703125,1098.0
2024-03-01 11:35:00,IBRX,4.900000095367432,4.900000095367432,4.90500020980835,4.894999980926514,4.894999980926514,2026.0
2024-03-01 11:35:00,ICLR,322.614990234375,322.614990234375,322.8500061035156,322.5375061035156,322.75,2764.0
2024-03-01 11:35:00,ICUI,105.69000244140625,105.69000244140625,105.69999694824219,105.61000061035156,105.66999816894531,1950.0
2024-03-01 11:35:00,IDXX,579.1400146484375,579.1400146484375,579.2449951171875,579.0399780273438,579.1400146484375,735.0
2024-03-01 11:35:00,IDYA,46.06999969482422,46.06999969482422,46.099998474121094,46.02000045776367,46.095001220703125,3822.0
2024-03-01 11:35:00,IINN,1.6299999952316284,1.6299999952316284,1.6299999952316284,1.6299999952316284,1.6299999952316284,770.0
2024-03-01 11:35:00,ILMN,141.597900390625,141.597900390625,141.83999633789062,141.50999450683594,141.83999633789062,2314.0
2024-03-01 11:35:00,IMAB,1.850000023841858,1.850000023841858,1.850000023841858,1.850000023841858,1.850000023841858,100.0
2024-03-01 11:35:00,IMNM,25.610000610351562,25.610000610351562,25.6200008392334,25.530000686645508,25.610000610351562,1140.0
2024-03-01 11:35:00,IMUX,1.4694000482559204,1.4694000482559204,1.4700000286102295,1.4694000482559204,1.4700000286102295,577.0
2024-03-01 11:35:00,IMVT,36.13999938964844,36.13999938964844,36.14500045776367,36.130001068115234,36.130001068115234,1395.0
2024-03-01 11:35:00,INCY,59.060001373291016,59.060001373291016,59.11000061035156,59.04999923706055,59.099998474121094,4788.0
2024-03-01 11:35:00,INGN,6.800000190734863,6.800000190734863,6.820000171661377,6.800000190734863,6.820000171661377,1479.0
2024-03-01 11:35:00,INMB,12.100000381469727,12.100000381469727,12.100000381469727,12.079999923706055,12.100000381469727,300.0
2024-03-01 11:35:00,INMD,22.690000534057617,22.690000534057617,22.690000534057617,22.68000030517578,22.690000534057617,2819.0
2024-03-01 11:35:00,INO,9.268500328063965,9.268500328063965,9.319700241088867,9.229999542236328,9.3100004196167,4137.0
2024-03-01 11:35:00,INSM,28.139999389648438,28.139999389648438,28.15999984741211,28.139999389648438,28.149999618530273,2121.0
2024-03-01 11:35:00,INVA,15.654999732971191,15.654999732971191,15.6899995803833,15.645000457763672,15.6899995803833,3854.0
2024-03-01 11:35:00,INZY,6.480000019073486,6.480000019073486,6.480000019073486,6.480000019073486,6.480000019073486,887.0
2024-03-01 11:35:00,IONS,45.845001220703125,45.845001220703125,45.845001220703125,45.83000183105469,45.83000183105469,655.0
2024-03-01 11:35:00,IOVA,16.5049991607666,16.5049991607666,16.56999969482422,16.469999313354492,16.479999542236328,48301.0
2024-03-01 11:35:00,IPSC,3.799999952316284,3.799999952316284,3.799999952316284,3.799999952316284,3.799999952316284,182.0
2024-03-01 11:35:00,IRTC,120.66000366210938,120.66000366210938,120.66000366210938,120.55999755859375,120.62000274658203,1730.0
2024-03-01 11:35:00,IRWD,8.930100440979004,8.930100440979004,8.944999694824219,8.930000305175781,8.944999694824219,7363.0
2024-03-01 11:35:00,ISRG,392.6600036621094,392.6600036621094,392.6600036621094,392.6600036621094,392.6600036621094,3850.0
2024-03-01 11:35:00,ITCI,71.33999633789062,71.33999633789062,71.33999633789062,71.33999633789062,71.33999633789062,277.0
2024-03-01 11:35:00,ITOS,10.729999542236328,10.729999542236328,10.75,10.729999542236328,10.739999771118164,569.0
2024-03-01 11:35:00,ITRM,1.2401000261306763,1.2401000261306763,1.2401000261306763,1.2401000261306763,1.2401000261306763,2002.0
2024-03-01 11:35:00,IVVD,3.9800000190734863,3.9800000190734863,4.0,3.9800000190734863,4.0,402.0
2024-03-01 11:35:00,IXHL,5.400000095367432,5.400000095367432,5.400000095367432,5.394700050354004,5.394700050354004,288.0
2024-03-01 11:35:00,JAGX,0.08089999854564667,0.08089999854564667,0.08139999955892563,0.0803999975323677,0.08139999955892563,433263.0
2024-03-01 11:35:00,JANX,46.40999984741211,46.40999984741211,46.40999984741211,46.40999984741211,46.40999984741211,310.0
2024-03-01 11:35:00,JAZZ,119.5199966430664,119.5199966430664,119.5199966430664,119.33000183105469,119.3949966430664,9631.0
2024-03-01 11:35:00,JYNT,10.109999656677246,10.109999656677246,10.130000114440918,10.109999656677246,10.130000114440918,1217.0
2024-03-01 11:35:00,KALV,13.904999732971191,13.904999732971191,13.904999732971191,13.895000457763672,13.895000457763672,201.0
2024-03-01 11:35:00,KNTE,2.615000009536743,2.615000009536743,2.615000009536743,2.615000009536743,2.615000009536743,332.0
2024-03-01 11:35:00,KOD,6.139999866485596,6.139999866485596,6.139999866485596,6.139999866485596,6.139999866485596,496.0
2024-03-01 11:35:00,KPTI,1.215000033378601,1.215000033378601,1.215000033378601,1.215000033378601,1.215000033378601,212.0
2024-03-01 11:35:00,KROS,68.94000244140625,68.94000244140625,68.94000244140625,68.93000030517578,68.93000030517578,752.0
2024-03-01 11:35:00,KRTX,316.4700012207031,316.4700012207031,316.4700012207031,316.4700012207031,316.4700012207031,736.0
2024-03-01 11:35:00,KRYS,167.47500610351562,167.47500610351562,167.47500610351562,167.1999969482422,167.1999969482422,545.0
2024-03-01 11:35:00,KTRA,0.09880000352859497,0.09880000352859497,0.09880000352859497,0.09870000183582306,0.09880000352859497,8750.0
2024-03-01 11:35:00,KURA,21.309999465942383,21.309999465942383,21.325000762939453,21.309999465942383,21.31999969482422,2183.0
2024-03-01 11:35:00,KYMR,43.80500030517578,43.80500030517578,43.80500030517578,43.779998779296875,43.790000915527344,484.0
2024-03-01 11:35:00,KZR,1.090000033378601,1.090000033378601,1.090000033378601,1.0800000429153442,1.0800000429153442,210.0
2024-03-01 11:35:00,LAB,2.4149999618530273,2.4149999618530273,2.424999952316284,2.4100000858306885,2.424999952316284,15419.0
2024-03-01 11:35:00,LBPH,21.729999542236328,21.729999542236328,21.729999542236328,21.729999542236328,21.729999542236328,486.0
2024-03-01 11:35:00,LEGN,65.88999938964844,65.88999938964844,65.93499755859375,65.88999938964844,65.93499755859375,1304.0
2024-03-01 11:35:00,LEXX,2.6175999641418457,2.6175999641418457,2.6175999641418457,2.6175999641418457,2.6175999641418457,1252.0
2024-03-01 11:35:00,LFMD,7.960000038146973,7.960000038146973,7.960000038146973,7.960000038146973,7.960000038146973,1298.0
2024-03-01 11:35:00,LFST,7.980000019073486,7.980000019073486,7.980000019073486,7.980000019073486,7.980000019073486,1143.0
2024-03-01 11:35:00,LIAN,4.860000133514404,4.860000133514404,4.860000133514404,4.860000133514404,4.860000133514404,942.0
2024-03-01 11:35:00,LIVN,55.16999816894531,55.16999816894531,55.189998626708984,55.15999984741211,55.189998626708984,2015.0
2024-03-01 11:35:00,LNTH,65.05999755859375,65.05999755859375,65.12000274658203,65.05999755859375,65.12000274658203,1191.0
2024-03-01 11:35:00,LQDA,14.319999694824219,14.319999694824219,14.319999694824219,14.300000190734863,14.319999694824219,670.0
2024-03-01 11:35:00,LTRN,4.650000095367432,4.650000095367432,4.650000095367432,4.650000095367432,4.650000095367432,115.0
2024-03-01 11:35:00,LVTX,3.015000104904175,3.015000104904175,3.015000104904175,3.015000104904175,3.015000104904175,104.0
2024-03-01 11:35:00,LXRX,2.3901000022888184,2.3901000022888184,2.3949999809265137,2.3901000022888184,2.3949999809265137,6179.0
2024-03-01 11:35:00,LYEL,3.1500000953674316,3.1500000953674316,3.1549999713897705,3.1500000953674316,3.1549999713897705,860.0
2024-03-01 11:35:00,LYRA,5.625,5.625,5.639999866485596,5.625,5.625,668.0
2024-03-01 11:35:00,MASI,126.7699966430664,126.7699966430664,127.0,126.7699966430664,126.9000015258789,4814.0
2024-03-01 11:35:00,MASS,7.369999885559082,7.369999885559082,7.369999885559082,7.360000133514404,7.369999885559082,423.0
2024-03-01 11:35:00,MBOT,1.2899999618530273,1.2899999618530273,1.2899999618530273,1.2899999618530273,1.2899999618530273,303.0
2024-03-01 11:35:00,MCRB,1.1950000524520874,1.1950000524520874,1.1950000524520874,1.190000057220459,1.190000057220459,31531.0
2024-03-01 11:35:00,MDRX,5.980000019073486,5.980000019073486,6.0,5.980000019073486,6.0,19541.0
2024-03-01 11:35:00,MDXG,8.5600004196167,8.5600004196167,8.569999694824219,8.5600004196167,8.569999694824219,1142.0
2024-03-01 11:35:00,ME,0.5710009932518005,0.5710009932518005,0.5738999843597412,0.5709999799728394,0.5738999843597412,34239.0
2024-03-01 11:35:00,MEDP,401.0,401.0,401.0,401.0,401.0,319.0
2024-03-01 11:35:00,MGNX,19.219200134277344,19.219200134277344,19.219200134277344,19.209999084472656,19.209999084472656,1101.0
2024-03-01 11:35:00,MGTX,6.295000076293945,6.295000076293945,6.295000076293945,6.295000076293945,6.295000076293945,212.0
2024-03-01 11:35:00,MHUA,0.6852999925613403,0.6852999925613403,0.6852999925613403,0.6852999925613403,0.6852999925613403,800.0
2024-03-01 11:35:00,MIRM,30.020000457763672,30.020000457763672,30.020000457763672,30.020000457763672,30.020000457763672,281.0
2024-03-01 11:35:00,MLTX,51.27000045776367,51.27000045776367,51.31999969482422,51.220001220703125,51.220001220703125,2673.0
2024-03-01 11:35:00,MMSI,76.16500091552734,76.16500091552734,76.16500091552734,76.16000366210938,76.16000366210938,20859.0
2024-03-01 11:35:00,MNKD,4.650000095367432,4.650000095367432,4.659999847412109,4.650000095367432,4.65500020980835,29702.0
2024-03-01 11:35:00,MNMD,5.979899883270264,5.979899883270264,5.979899883270264,5.979899883270264,5.979899883270264,269.0
2024-03-01 11:35:00,MODD,1.909999966621399,1.909999966621399,1.909999966621399,1.909999966621399,1.909999966621399,100.0
2024-03-01 11:35:00,MODV,27.649999618530273,27.649999618530273,27.719999313354492,27.649999618530273,27.68000030517578,693.0
2024-03-01 11:35:00,MOR,17.59000015258789,17.59000015258789,17.59000015258789,17.59000015258789,17.59000015258789,300.0
2024-03-01 11:35:00,MREO,3.785399913787842,3.785399913787842,3.785399913787842,3.785399913787842,3.785399913787842,459.0
2024-03-01 11:35:00,MRNA,96.06099700927734,96.06099700927734,96.2300033569336,96.05000305175781,96.21099853515625,17153.0
2024-03-01 11:35:00,MRNS,9.835000038146973,9.835000038146973,9.84000015258789,9.829999923706055,9.84000015258789,979.0
2024-03-01 11:35:00,MRSN,5.980000019073486,5.980000019073486,6.0,5.980000019073486,6.0,10816.0
2024-03-01 11:35:00,MRUS,51.15999984741211,51.15999984741211,51.15999984741211,51.15999984741211,51.15999984741211,140.0
2024-03-01 11:35:00,MRVI,7.824999809265137,7.824999809265137,7.835000038146973,7.824999809265137,7.835000038146973,1056.0
2024-03-01 11:35:00,MXCT,4.735000133514404,4.735000133514404,4.735000133514404,4.735000133514404,4.735000133514404,383.0
2024-03-01 11:35:00,MYGN,21.4950008392334,21.4950008392334,21.530000686645508,21.489999771118164,21.530000686645508,2673.0
2024-03-01 11:35:00,NARI,46.06999969482422,46.06999969482422,46.099998474121094,46.02000045776367,46.099998474121094,3447.0
2024-03-01 11:35:00,NBIX,130.28500366210938,130.28500366210938,130.2899932861328,130.19500732421875,130.25999450683594,1594.0
2024-03-01 11:35:00,NEO,16.020000457763672,16.020000457763672,16.040000915527344,16.020000457763672,16.040000915527344,1521.0
2024-03-01 11:35:00,NEOG,17.174999237060547,17.174999237060547,17.204999923706055,17.174999237060547,17.204999923706055,1989.0
2024-03-01 11:35:00,NERV,2.490000009536743,2.490000009536743,2.5,2.490000009536743,2.5,10938.0
2024-03-01 11:35:00,NEXI,6.623700141906738,6.623700141906738,6.623700141906738,6.623700141906738,6.623700141906738,580.0
2024-03-01 11:35:00,NKTR,0.7623999714851379,0.7623999714851379,0.7623999714851379,0.7573000192642212,0.7573000192642212,10821.0
2024-03-01 11:35:00,NNOX,10.970000267028809,10.970000267028809,10.984999656677246,10.970000267028809,10.984999656677246,6268.0
2024-03-01 11:35:00,NOTV,8.069999694824219,8.069999694824219,8.069999694824219,8.0649995803833,8.0649995803833,415.0
2024-03-01 11:35:00,NPCE,16.190000534057617,16.190000534057617,16.190000534057617,16.190000534057617,16.190000534057617,419.0
2024-03-01 11:35:00,NRBO,5.739999771118164,5.739999771118164,5.739999771118164,5.739999771118164,5.739999771118164,358.0
2024-03-01 11:35:00,NRIX,13.194999694824219,13.194999694824219,13.194999694824219,13.1899995803833,13.1899995803833,3866.0
2024-03-01 11:35:00,NRXP,0.41999998688697815,0.41999998688697815,0.41999998688697815,0.4171000123023987,0.4171000123023987,25023.0
2024-03-01 11:35:00,NSPR,2.6308000087738037,2.6308000087738037,2.6308000087738037,2.6308000087738037,2.6308000087738037,448.0
2024-03-01 11:35:00,NTLA,33.625,33.625,33.625,33.625,33.625,2784.0
2024-03-01 11:35:00,NTRA,89.23989868164062,89.23989868164062,89.31999969482422,89.18000030517578,89.27999877929688,2305.0
2024-03-01 11:35:00,NUTX,0.11299999803304672,0.11299999803304672,0.11389999836683273,0.11299999803304672,0.11389999836683273,12778.0
2024-03-01 11:35:00,NUVL,87.58000183105469,87.58000183105469,87.58000183105469,87.58000183105469,87.58000183105469,271.0
2024-03-01 11:35:00,NVAX,5.184999942779541,5.184999942779541,5.199999809265137,5.170000076293945,5.199900150299072,23762.0
2024-03-01 11:35:00,NVCR,15.859999656677246,15.859999656677246,15.890000343322754,15.859999656677246,15.890000343322754,1444.0
2024-03-01 11:35:00,NVOS,0.6262999773025513,0.6262999773025513,0.6262999773025513,0.6262999773025513,0.6262999773025513,115.0
2024-03-01 11:35:00,NXTC,1.8049999475479126,1.8049999475479126,1.8049999475479126,1.8049999475479126,1.8049999475479126,100.0
2024-03-01 11:35:00,OCGN,0.9293000102043152,0.9293000102043152,0.9293000102043152,0.9281499981880188,0.9282000064849854,7054.0
2024-03-01 11:35:00,OCUL,10.414400100708008,10.414400100708008,10.449999809265137,10.414400100708008,10.449999809265137,2644.0
2024-03-01 11:35:00,OCUP,2.4749999046325684,2.4749999046325684,2.4863998889923096,2.4749999046325684,2.4863998889923096,300.0
2024-03-01 11:35:00,OFIX,12.920000076293945,12.920000076293945,12.920000076293945,12.920000076293945,12.920000076293945,822.0
2024-03-01 11:35:00,OGI,2.115000009536743,2.115000009536743,2.115000009536743,2.115000009536743,2.115000009536743,126.0
2024-03-01 11:35:00,OKYO,1.3899999856948853,1.3899999856948853,1.399999976158142,1.3899999856948853,1.3899999856948853,8850.0
2024-03-01 11:35:00,OM,3.1301000118255615,3.1301000118255615,3.1301000118255615,3.130000114440918,3.1301000118255615,547.0
2024-03-01 11:35:00,OMCL,26.334999084472656,26.334999084472656,26.350000381469727,26.329999923706055,26.334999084472656,1408.0
2024-03-01 11:35:00,OMER,4.71999979019165,4.71999979019165,4.724999904632568,4.71999979019165,4.724999904632568,1899.0
2024-03-01 11:35:00,OMGA,4.230000019073486,4.230000019073486,4.230000019073486,4.21999979019165,4.21999979019165,927.0
2024-03-01 11:35:00,ONCY,1.1200000047683716,1.1200000047683716,1.1200000047683716,1.1200000047683716,1.1200000047683716,189.0
2024-03-01 11:36:00,ABEO,7.550000190734863,7.550000190734863,7.550000190734863,7.550000190734863,7.550000190734863,301.0
2024-03-01 11:36:00,ABOS,4.699900150299072,4.699900150299072,4.699900150299072,4.699900150299072,4.699900150299072,275.0
2024-03-01 11:36:00,ABSI,5.199999809265137,5.199999809265137,5.199999809265137,5.199999809265137,5.199999809265137,1019.0
2024-03-01 11:36:00,ACAD,23.901199340820312,23.901199340820312,23.905000686645508,23.889999389648438,23.899999618530273,1871.0
2024-03-01 11:36:00,ACB,3.140000104904175,3.140000104904175,3.140000104904175,3.140000104904175,3.140000104904175,539.0
2024-03-01 11:36:00,ACET,2.390000104904175,2.390000104904175,2.390000104904175,2.390000104904175,2.390000104904175,290.0
2024-03-01 11:36:00,ACHC,84.05999755859375,84.05999755859375,84.05999755859375,84.05999755859375,84.05999755859375,142.0
2024-03-01 11:36:00,ACHV,4.25,4.25,4.25,4.25,4.25,200.0
2024-03-01 11:36:00,ACLX,67.58999633789062,67.58999633789062,67.61000061035156,67.55999755859375,67.55999755859375,4460.0
2024-03-01 11:36:00,ACRS,1.2050000429153442,1.2050000429153442,1.2050000429153442,1.2000000476837158,1.2050000429153442,4015.0
2024-03-01 11:36:00,ADIL,2.990000009536743,2.990000009536743,3.0195999145507812,2.9800000190734863,2.9800000190734863,18039.0
2024-03-01 11:36:00,ADMA,5.375,5.375,5.380000114440918,5.369999885559082,5.380000114440918,9733.0
2024-03-01 11:36:00,ADPT,4.184999942779541,4.184999942779541,4.184999942779541,4.164999961853027,4.164999961853027,8710.0
2024-03-01 11:36:00,ADTX,3.4600000381469727,3.4600000381469727,3.4600000381469727,3.4600000381469727,3.4600000381469727,1393.0
2024-03-01 11:36:00,ADVM,1.9700000286102295,1.9700000286102295,1.975000023841858,1.9500000476837158,1.9500000476837158,12847.0
2024-03-01 11:36:00,AGEN,0.6672000288963318,0.6672000288963318,0.6674000024795532,0.6670500040054321,0.6671000123023987,22323.0
2024-03-01 11:36:00,AGIO,32.932498931884766,32.932498931884766,32.95000076293945,32.915000915527344,32.95000076293945,1236.0
2024-03-01 11:36:00,AHCO,10.739999771118164,10.739999771118164,10.739999771118164,10.739999771118164,10.739999771118164,227.0
2024-03-01 11:36:00,AIMD,0.949999988079071,0.949999988079071,0.949999988079071,0.949999988079071,0.949999988079071,232.0
2024-03-01 11:36:00,AKAN,0.2460000067949295,0.2460000067949295,0.2460000067949295,0.2460000067949295,0.2460000067949295,131.0
2024-03-01 11:36:00,AKBA,1.6549999713897705,1.6549999713897705,1.6649999618530273,1.6549999713897705,1.659999966621399,6758.0
2024-03-01 11:36:00,AKRO,29.0049991607666,29.0049991607666,29.114999771118164,28.989999771118164,29.09000015258789,8144.0
2024-03-01 11:36:00,AKYA,6.014999866485596,6.014999866485596,6.014999866485596,6.014999866485596,6.014999866485596,100.0
2024-03-01 11:36:00,ALDX,4.179999828338623,4.179999828338623,4.179999828338623,4.159999847412109,4.170000076293945,1920.0
2024-03-01 11:36:00,ALEC,7.510000228881836,7.510000228881836,7.510000228881836,7.510000228881836,7.510000228881836,697.0
2024-03-01 11:36:00,ALGN,300.4700012207031,300.4700012207031,300.4700012207031,300.3500061035156,300.3500061035156,899.0
2024-03-01 11:36:00,ALHC,5.739999771118164,5.739999771118164,5.739999771118164,5.739999771118164,5.739999771118164,285.0
2024-03-01 11:36:00,ALKS,30.21500015258789,30.21500015258789,30.225000381469727,30.21500015258789,30.219999313354492,1353.0
2024-03-01 11:36:00,ALLK,1.5950000286102295,1.5950000286102295,1.600000023841858,1.5950000286102295,1.600000023841858,343.0
2024-03-01 11:36:00,ALLO,5.059999942779541,5.059999942779541,5.059999942779541,5.054999828338623,5.054999828338623,1125.0
2024-03-01 11:36:00,ALNY,154.14999389648438,154.14999389648438,154.14999389648438,154.14999389648438,154.14999389648438,162.0
2024-03-01 11:36:00,ALPN,35.74250030517578,35.74250030517578,35.74250030517578,35.74250030517578,35.74250030517578,241.0
2024-03-01 11:36:00,ALT,12.179400444030762,12.179400444030762,12.179400444030762,12.140000343322754,12.140000343322754,4608.0
2024-03-01 11:36:00,ALXO,15.010000228881836,15.010000228881836,15.010000228881836,14.960000038146973,14.960000038146973,233.0
2024-03-01 11:36:00,ALZN,0.9100000262260437,0.9100000262260437,0.9100000262260437,0.9100000262260437,0.9100000262260437,2144.0
2024-03-01 11:36:00,AMGN,281.0249938964844,281.0249938964844,281.1300048828125,281.0,281.0950012207031,4276.0
2024-03-01 11:36:00,AMLX,18.829999923706055,18.829999923706055,18.860000610351562,18.829999923706055,18.850000381469727,5887.0
2024-03-01 11:36:00,AMPH,45.595001220703125,45.595001220703125,45.650001525878906,45.552398681640625,45.650001525878906,2551.0
2024-03-01 11:36:00,AMRN,1.0549999475479126,1.0549999475479126,1.0599000453948975,1.0499999523162842,1.0599000453948975,5900.0
2024-03-01 11:36:00,ANIP,66.80500030517578,66.80500030517578,66.80500030517578,66.80500030517578,66.80500030517578,642.0
2024-03-01 11:36:00,ANNX,6.0,6.0,6.019999980926514,5.989999771118164,6.005000114440918,9159.0
2024-03-01 11:36:00,APLS,65.0999984741211,65.0999984741211,65.19000244140625,64.98999786376953,65.0,5833.0
2024-03-01 11:36:00,APLT,7.139999866485596,7.139999866485596,7.170000076293945,7.125,7.15500020980835,6656.0
2024-03-01 11:36:00,APVO,0.1550000011920929,0.1550000011920929,0.163100004196167,0.1550000011920929,0.163100004196167,36649.0
2024-03-01 11:36:00,APYX,2.0999999046325684,2.0999999046325684,2.100100040435791,2.0999999046325684,2.0999999046325684,16402.0
2024-03-01 11:36:00,AQST,4.28000020980835,4.28000020980835,4.28000020980835,4.275000095367432,4.279900074005127,1627.0
2024-03-01 11:36:00,ARAY,2.625,2.625,2.625,2.625,2.625,104.0
2024-03-01 11:36:00,ARCT,39.40999984741211,39.40999984741211,39.40999984741211,39.40999984741211,39.40999984741211,101.0
2024-03-01 11:36:00,ARDX,9.484999656677246,9.484999656677246,9.489999771118164,9.479999542236328,9.484999656677246,17266.0
2024-03-01 11:36:00,ARGX,389.20001220703125,389.20001220703125,389.29998779296875,388.7200012207031,388.7200012207031,1272.0
2024-03-01 11:36:00,ARQT,11.300000190734863,11.300000190734863,11.307700157165527,11.270000457763672,11.300000190734863,8896.0
2024-03-01 11:36:00,ARVN,48.7599983215332,48.7599983215332,48.7599983215332,48.7599983215332,48.7599983215332,100.0
2024-03-01 11:36:00,ARWR,35.75,35.75,35.75,35.68550109863281,35.724998474121094,1133.0
2024-03-01 11:36:00,ASND,150.0850067138672,150.0850067138672,150.0850067138672,150.0850067138672,150.0850067138672,204.0
2024-03-01 11:36:00,ASRT,0.9003000259399414,0.9003000259399414,0.9021000266075134,0.9003000259399414,0.9021000266075134,2606.0
2024-03-01 11:36:00,ATAI,2.015000104904175,2.015000104904175,2.015000104904175,2.015000104904175,2.015000104904175,1720.0
2024-03-01 11:36:00,ATEC,13.59000015258789,13.59000015258789,13.604999542236328,13.585000038146973,13.585000038146973,3979.0
2024-03-01 11:36:00,ATRA,0.8065000176429749,0.8065000176429749,0.8065000176429749,0.8029999732971191,0.8029999732971191,1896.0
2024-03-01 11:36:00,ATRC,36.06999969482422,36.06999969482422,36.089599609375,36.06999969482422,36.089599609375,1001.0
2024-03-01 11:36:00,AUGX,4.570000171661377,4.570000171661377,4.579999923706055,4.550000190734863,4.559999942779541,868.0
2024-03-01 11:36:00,AUPH,5.795000076293945,5.795000076293945,5.804999828338623,5.795000076293945,5.800000190734863,4028.0
2024-03-01 11:36:00,AURA,9.430000305175781,9.430000305175781,9.430000305175781,9.430000305175781,9.430000305175781,748.0
2024-03-01 11:36:00,AUTL,6.260000228881836,6.260000228881836,6.260000228881836,6.260000228881836,6.260000228881836,140.0
2024-03-01 11:36:00,AVDL,12.6850004196167,12.6850004196167,12.729999542236328,12.680000305175781,12.729999542236328,7509.0
2024-03-01 11:36:00,AVRO,1.3250000476837158,1.3250000476837158,1.3250000476837158,1.3250000476837158,1.3250000476837158,102.0
2024-03-01 11:36:00,AVXL,5.388500213623047,5.388500213623047,5.388500213623047,5.388500213623047,5.388500213623047,1177.0
2024-03-01 11:36:00,AXNX,67.2300033569336,67.2300033569336,67.2300033569336,67.2300033569336,67.2300033569336,802.0
2024-03-01 11:36:00,AXSM,82.61000061035156,82.61000061035156,82.66000366210938,82.61000061035156,82.62000274658203,152424.0
2024-03-01 11:36:00,AZN,64.49500274658203,64.49500274658203,64.51000213623047,64.49500274658203,64.50499725341797,6285.0
2024-03-01 11:36:00,AZTA,66.29499816894531,66.29499816894531,66.29499816894531,66.29499816894531,66.29499816894531,103.0
2024-03-01 11:36:00,BBIO,35.8650016784668,35.8650016784668,35.8650016784668,35.8650016784668,35.8650016784668,156.0
2024-03-01 11:36:00,BBLG,2.309999942779541,2.309999942779541,2.3464999198913574,2.309999942779541,2.3464999198913574,320.0
2024-03-01 11:36:00,BCAB,2.7850000858306885,2.7850000858306885,2.7850000858306885,2.7850000858306885,2.7850000858306885,227.0
2024-03-01 11:36:00,BCEL,0.27090001106262207,0.27090001106262207,0.27090001106262207,0.2700999975204468,0.2700999975204468,1100.0
2024-03-01 11:36:00,BCRX,5.800000190734863,5.800000190734863,5.809899806976318,5.800000190734863,5.804999828338623,3397.0
2024-03-01 11:36:00,BCYC,25.924999237060547,25.924999237060547,25.924999237060547,25.924999237060547,25.924999237060547,410.0
2024-03-01 11:36:00,BDTX,5.059999942779541,5.059999942779541,5.059999942779541,5.059999942779541,5.059999942779541,338.0
2024-03-01 11:36:00,BEAM,40.119998931884766,40.119998931884766,40.130001068115234,40.099998474121094,40.130001068115234,617.0
2024-03-01 11:36:00,BGNE,166.60000610351562,166.60000610351562,166.61000061035156,166.60000610351562,166.60000610351562,373.0
2024-03-01 11:36:00,BGXX,0.27469998598098755,0.27469998598098755,0.27469998598098755,0.2728999853134155,0.2728999853134155,2000.0
2024-03-01 11:36:00,BIIB,219.77999877929688,219.77999877929688,219.8300018310547,219.60000610351562,219.60000610351562,1720.0
2024-03-01 11:36:00,BIVI,2.2899999618530273,2.2899999618530273,2.319999933242798,2.2799999713897705,2.309999942779541,97908.0
2024-03-01 11:36:00,BLFS,18.21500015258789,18.21500015258789,18.21500015258789,18.1299991607666,18.1299991607666,3578.0
2024-03-01 11:36:00,BLUE,1.600000023841858,1.600000023841858,1.600000023841858,1.5982999801635742,1.600000023841858,18372.0
2024-03-01 11:36:00,BMEA,17.934999465942383,17.934999465942383,17.934999465942383,17.93000030517578,17.93000030517578,560.0
2024-03-01 11:36:00,BMRN,86.94999694824219,86.94999694824219,86.94999694824219,86.94999694824219,86.94999694824219,847.0
2024-03-01 11:36:00,BNGO,1.25,1.25,1.2549999952316284,1.25,1.2549999952316284,1463.0
2024-03-01 11:36:00,BNTX,92.21499633789062,92.21499633789062,92.21499633789062,92.11000061035156,92.12999725341797,3014.0
2024-03-01 11:36:00,BPMC,96.54499816894531,96.54499816894531,96.54499816894531,96.49500274658203,96.49500274658203,475.0
2024-03-01 11:36:00,BRKR,87.86000061035156,87.86000061035156,87.87000274658203,87.83000183105469,87.8499984741211,1790.0
2024-03-01 11:36:00,BWAY,6.610000133514404,6.610000133514404,6.610000133514404,6.599999904632568,6.600100040435791,2900.0
2024-03-01 11:36:00,BYSI,1.5700000524520874,1.5700000524520874,1.5773999691009521,1.5700000524520874,1.5773999691009521,2865.0
2024-03-01 11:36:00,CABA,23.98069953918457,23.98069953918457,23.98069953918457,23.98069953918457,23.98069953918457,374.0
2024-03-01 11:36:00,CADL,1.7000000476837158,1.7000000476837158,1.7300000190734863,1.7000000476837158,1.7200000286102295,21550.0
2024-03-01 11:36:00,CBAY,32.244998931884766,32.244998931884766,32.244998931884766,32.23500061035156,32.23500061035156,4104.0
2024-03-01 11:36:00,CCCC,10.970000267028809,10.970000267028809,10.970000267028809,10.949999809265137,10.958800315856934,1285.0
2024-03-01 11:36:00,CCRN,18.139999389648438,18.139999389648438,18.139999389648438,18.139999389648438,18.139999389648438,339.0
2024-03-01 11:36:00,CDMO,8.180000305175781,8.180000305175781,8.199999809265137,8.15999984741211,8.180000305175781,2283.0
2024-03-01 11:36:00,CDNA,12.5600004196167,12.5600004196167,12.5600004196167,12.545000076293945,12.545000076293945,427.0
2024-03-01 11:36:00,CELU,3.5999999046325684,3.5999999046325684,3.5999999046325684,3.549999952316284,3.549999952316284,1506.0
2024-03-01 11:36:00,CERE,41.150001525878906,41.150001525878906,41.150001525878906,41.130001068115234,41.130001068115234,1516.0
2024-03-01 11:36:00,CERS,2.2049999237060547,2.2049999237060547,2.2100000381469727,2.2049999237060547,2.2049999237060547,301.0
2024-03-01 11:36:00,CERT,17.649999618530273,17.649999618530273,17.649999618530273,17.649999618530273,17.649999618530273,879.0
2024-03-01 11:36:00,CGC,3.2699999809265137,3.2699999809265137,3.2750000953674316,3.259999990463257,3.2699999809265137,19583.0
2024-03-01 11:36:00,CGEM,18.815000534057617,18.815000534057617,18.85890007019043,18.815000534057617,18.85890007019043,682.0
2024-03-01 11:36:00,CGEN,2.684999942779541,2.684999942779541,2.684999942779541,2.6802000999450684,2.6802000999450684,2001.0
2024-03-01 11:36:00,CGTX,2.049999952316284,2.049999952316284,2.049999952316284,2.049999952316284,2.049999952316284,200.0
2024-03-01 11:36:00,CHRS,2.3399999141693115,2.3399999141693115,2.3399999141693115,2.3299999237060547,2.3350000381469727,1458.0
2024-03-01 11:36:00,CJJD,2.927500009536743,2.927500009536743,2.927500009536743,2.927500009536743,2.927500009536743,1114.0
2024-03-01 11:36:00,CKPT,2.200000047683716,2.200000047683716,2.200000047683716,2.174999952316284,2.190000057220459,1670.0
2024-03-01 11:36:00,CLDX,52.27000045776367,52.27000045776367,52.310001373291016,52.176300048828125,52.21500015258789,3554.0
2024-03-01 11:36:00,CLNN,0.39489999413490295,0.39489999413490295,0.39500001072883606,0.3944999873638153,0.39500001072883606,17102.0
2024-03-01 11:36:00,CLOV,0.8697999715805054,0.8697999715805054,0.870199978351593,0.8697999715805054,0.8698999881744385,5854.0
2024-03-01 11:36:00,CLRB,4.139999866485596,4.139999866485596,4.148799896240234,4.139999866485596,4.148799896240234,1484.0
2024-03-01 11:36:00,CMPS,11.270000457763672,11.270000457763672,11.270000457763672,11.20009994506836,11.260000228881836,1908.0
2024-03-01 11:36:00,COGT,7.21999979019165,7.21999979019165,7.21999979019165,7.195000171661377,7.199999809265137,2000.0
2024-03-01 11:36:00,COLL,36.994998931884766,36.994998931884766,36.994998931884766,36.994998931884766,36.994998931884766,182.0
2024-03-01 11:36:00,CORT,23.8799991607666,23.8799991607666,23.8799991607666,23.864999771118164,23.864999771118164,1426.0
2024-03-01 11:36:00,CPRX,17.020000457763672,17.020000457763672,17.040000915527344,17.020000457763672,17.040000915527344,2559.0
2024-03-01 11:36:00,CRBP,31.540000915527344,31.540000915527344,31.540000915527344,31.540000915527344,31.540000915527344,170.0
2024-03-01 11:36:00,CRBU,8.010000228881836,8.010000228881836,8.024999618530273,8.010000228881836,8.020000457763672,2558.0
2024-03-01 11:36:00,CRDF,2.3949999809265137,2.3949999809265137,2.4298999309539795,2.390000104904175,2.4107000827789307,56994.0
2024-03-01 11:36:00,CRDL,2.009999990463257,2.009999990463257,2.009999990463257,1.9900000095367432,1.9900000095367432,9552.0
2024-03-01 11:36:00,CRMD,3.7149999141693115,3.7149999141693115,3.7149999141693115,3.7149999141693115,3.7149999141693115,571.0
2024-03-01 11:36:00,CRNX,46.209999084472656,46.209999084472656,46.27000045776367,46.09000015258789,46.09000015258789,967.0
2024-03-01 11:36:00,CRON,2.065000057220459,2.065000057220459,2.0655999183654785,2.059999942779541,2.059999942779541,22249.0
2024-03-01 11:36:00,CRSP,85.7249984741211,85.7249984741211,85.7249984741211,85.68000030517578,85.68000030517578,415.0
2024-03-01 11:36:00,CRVS,2.2662999629974365,2.2662999629974365,2.2662999629974365,2.25,2.25,749.0
2024-03-01 11:36:00,CSTL,20.0,20.0,20.065000534057617,20.0,20.065000534057617,1893.0
2024-03-01 11:36:00,CTKB,8.444999694824219,8.444999694824219,8.460000038146973,8.444999694824219,8.460000038146973,962.0
2024-03-01 11:36:00,CTMX,2.559999942779541,2.559999942779541,2.559999942779541,2.549999952316284,2.549999952316284,1854.0
2024-03-01 11:36:00,CUTR,2.369999885559082,2.369999885559082,2.402899980545044,2.369999885559082,2.4000000953674316,20672.0
2024-03-01 11:36:00,CVRX,20.110000610351562,20.110000610351562,20.110000610351562,20.10650062561035,20.10650062561035,1772.0
2024-03-01 11:36:00,CYTK,73.92500305175781,73.92500305175781,73.92500305175781,73.8550033569336,73.86000061035156,1733.0
2024-03-01 11:36:00,DARE,0.5640000104904175,0.5640000104904175,0.5649999976158142,0.5640000104904175,0.5649999976158142,2044.0
2024-03-01 11:36:00,DAWN,17.520000457763672,17.520000457763672,17.530000686645508,17.510000228881836,17.530000686645508,4863.0
2024-03-01 11:36:00,DCGO,4.130000114440918,4.130000114440918,4.132199764251709,4.130000114440918,4.132199764251709,1362.0
2024-03-01 11:36:00,DCPH,17.03499984741211,17.03499984741211,17.03499984741211,17.03499984741211,17.03499984741211,128.0
2024-03-01 11:36:00,DH,9.0,9.0,9.0,9.0,9.0,507.0
2024-03-01 11:36:00,DMTK,0.8497989773750305,0.8497989773750305,0.8500000238418579,0.8425999879837036,0.8425999879837036,3713.0
2024-03-01 11:36:00,DNLI,20.90999984741211,20.90999984741211,20.950000762939453,20.899999618530273,20.940000534057617,4336.0
2024-03-01 11:36:00,DRMA,0.4507000148296356,0.4507000148296356,0.4507000148296356,0.4507000148296356,0.4507000148296356,216.0
2024-03-01 11:36:00,DRUG,1.850000023841858,1.850000023841858,1.850000023841858,1.850000023841858,1.850000023841858,6863.0
2024-03-01 11:36:00,DTIL,12.564499855041504,12.564499855041504,12.59000015258789,12.564499855041504,12.59000015258789,441.0
2024-03-01 11:36:00,DVAX,12.854999542236328,12.854999542236328,12.854999542236328,12.854999542236328,12.854999542236328,263.0
2024-03-01 11:36:00,DXCM,118.88999938964844,118.88999938964844,118.88999938964844,118.79499816894531,118.83000183105469,6231.0
2024-03-01 11:36:00,DYN,28.889999389648438,28.889999389648438,28.889999389648438,28.700000762939453,28.700000762939453,6434.0
2024-03-01 11:36:00,EDIT,10.899999618530273,10.899999618530273,10.90999984741211,10.899999618530273,10.90999984741211,2898.0
2024-03-01 11:36:00,ELEV,5.019999980926514,5.019999980926514,5.039999961853027,4.972499847412109,4.980000019073486,36895.0
2024-03-01 11:36:00,ENTX,1.3899999856948853,1.3899999856948853,1.3899999856948853,1.3100999593734741,1.3899999856948853,2600.0
2024-03-01 11:36:00,ENVB,1.5700000524520874,1.5700000524520874,1.5700000524520874,1.5424000024795532,1.5424000024795532,2700.0
2024-03-01 11:36:00,ESPR,2.5250000953674316,2.5250000953674316,2.5250000953674316,2.5250000953674316,2.5250000953674316,440.0
2024-03-01 11:36:00,ESTA,45.810001373291016,45.810001373291016,45.84000015258789,45.810001373291016,45.84000015258789,820.0
2024-03-01 11:36:00,ETNB,12.940899848937988,12.940899848937988,12.960000038146973,12.940899848937988,12.960000038146973,1881.0
2024-03-01 11:36:00,EWTX,16.985000610351562,16.985000610351562,17.0,16.985000610351562,17.0,215.0
2024-03-01 11:36:00,EXAS,59.790000915527344,59.790000915527344,59.814998626708984,59.790000915527344,59.814998626708984,1206.0
2024-03-01 11:36:00,EXEL,22.46500015258789,22.46500015258789,22.469999313354492,22.459999084472656,22.459999084472656,5285.0
2024-03-01 11:36:00,EYEN,2.255000114440918,2.255000114440918,2.255000114440918,2.2502999305725098,2.2502999305725098,1762.0
2024-03-01 11:36:00,EYPT,28.110000610351562,28.110000610351562,28.15999984741211,27.9950008392334,27.9950008392334,14051.0
2024-03-01 11:36:00,FATE,7.449999809265137,7.449999809265137,7.449999809265137,7.449999809265137,7.449999809265137,253.0
2024-03-01 11:36:00,FBIO,2.2200000286102295,2.2200000286102295,2.2200000286102295,2.2200000286102295,2.2200000286102295,1512.0
2024-03-01 11:36:00,FDMT,29.329999923706055,29.329999923706055,29.329999923706055,29.329999923706055,29.329999923706055,300.0
2024-03-01 11:36:00,FENC,9.8100004196167,9.8100004196167,9.8100004196167,9.800000190734863,9.800000190734863,1458.0
2024-03-01 11:36:00,FGEN,1.7999999523162842,1.7999999523162842,1.8049999475479126,1.7999999523162842,1.8049999475479126,5658.0
2024-03-01 11:36:00,FHTX,8.149999618530273,8.149999618530273,8.149999618530273,8.149999618530273,8.149999618530273,103.0
2024-03-01 11:36:00,FLGT,23.40999984741211,23.40999984741211,23.40999984741211,23.399999618530273,23.399999618530273,617.0
2024-03-01 11:36:00,FNCH,2.7899999618530273,2.7899999618530273,2.7899999618530273,2.744999885559082,2.744999885559082,5343.0
2024-03-01 11:36:00,FOLD,13.34000015258789,13.34000015258789,13.34000015258789,13.329999923706055,13.329999923706055,3872.0
2024-03-01 11:36:00,FULC,10.829999923706055,10.829999923706055,10.829999923706055,10.819999694824219,10.829999923706055,925.0
2024-03-01 11:36:00,FUSN,12.23799991607666,12.23799991607666,12.23799991607666,12.220000267028809,12.229999542236328,912.0
2024-03-01 11:36:00,FWBI,8.095000267028809,8.095000267028809,8.095000267028809,8.095000267028809,8.095000267028809,100.0
2024-03-01 11:36:00,GANX,4.685400009155273,4.685400009155273,4.699999809265137,4.685400009155273,4.699999809265137,1216.0
2024-03-01 11:36:00,GBIO,2.619999885559082,2.619999885559082,2.619999885559082,2.619999885559082,2.619999885559082,100.0
2024-03-01 11:36:00,GERN,2.174999952316284,2.174999952316284,2.180000066757202,2.1700000762939453,2.170099973678589,15463.0
2024-03-01 11:36:00,GH,19.264999389648438,19.264999389648438,19.264999389648438,19.229999542236328,19.229999542236328,2575.0
2024-03-01 11:36:00,GILD,72.41000366210938,72.41000366210938,72.41999816894531,72.37999725341797,72.38999938964844,11590.0
2024-03-01 11:36:00,GLMD,0.3919000029563904,0.3919000029563904,0.3919000029563904,0.3919000029563904,0.3919000029563904,114.0
2024-03-01 11:36:00,GLYC,3.0,3.0,3.0,3.0,3.0,120.0
2024-03-01 11:36:00,GNPX,4.539999961853027,4.539999961853027,4.539999961853027,4.494999885559082,4.494999885559082,410.0
2024-03-01 11:36:00,GOSS,1.3600000143051147,1.3600000143051147,1.3600000143051147,1.3600000143051147,1.3600000143051147,21526.0
2024-03-01 11:36:00,GRFS,7.130000114440918,7.130000114440918,7.139500141143799,7.130000114440918,7.130000114440918,3244.0
2024-03-01 11:36:00,GRTS,2.2291998863220215,2.2291998863220215,2.2291998863220215,2.2100000381469727,2.2160000801086426,34069.0
2024-03-01 11:36:00,GRTX,0.23280000686645508,0.23280000686645508,0.23280000686645508,0.23280000686645508,0.23280000686645508,104.0
2024-03-01 11:36:00,GTHX,3.615000009536743,3.615000009536743,3.619999885559082,3.6003000736236572,3.6050000190734863,5163.0
2024-03-01 11:36:00,HALO,41.1349983215332,41.1349983215332,41.1411018371582,41.1150016784668,41.130001068115234,1451.0
2024-03-01 11:36:00,HARP,22.940000534057617,22.940000534057617,22.940000534057617,22.940000534057617,22.940000534057617,206.0
2024-03-01 11:36:00,HCAT,7.920000076293945,7.920000076293945,7.920000076293945,7.920000076293945,7.920000076293945,814.0
2024-03-01 11:36:00,HCSG,12.619999885559082,12.619999885559082,12.619999885559082,12.619999885559082,12.619999885559082,730.0
2024-03-01 11:36:00,HCTI,2.680000066757202,2.680000066757202,2.700000047683716,2.6700000762939453,2.670099973678589,6340.0
2024-03-01 11:36:00,HITI,1.7649999856948853,1.7649999856948853,1.7699999809265137,1.7649999856948853,1.7699999809265137,2282.0
2024-03-01 11:36:00,HOLX,73.75,73.75,73.7699966430664,73.7300033569336,73.75,2721.0
2024-03-01 11:36:00,HOOK,0.7699999809265137,0.7699999809265137,0.7753099799156189,0.7699999809265137,0.7753000259399414,1103.0
2024-03-01 11:36:00,HQY,81.26000213623047,81.26000213623047,81.2699966430664,81.26000213623047,81.2699966430664,434.0
2024-03-01 11:36:00,HRTX,2.640000104904175,2.640000104904175,2.640000104904175,2.630000114440918,2.630000114440918,315.0
2024-03-01 11:36:00,HSCS,0.11710000038146973,0.11710000038146973,0.11710000038146973,0.11710000038146973,0.11710000038146973,100.0
2024-03-01 11:36:00,HSIC,77.04000091552734,77.04000091552734,77.04000091552734,77.02989959716797,77.02999877929688,1095.0
2024-03-01 11:36:00,HUMA,3.315000057220459,3.315000057220459,3.319999933242798,3.309999942779541,3.315000057220459,1000.0
2024-03-01 11:36:00,IART,36.4900016784668,36.4900016784668,36.494998931884766,36.470001220703125,36.47999954223633,1540.0
2024-03-01 11:36:00,IBRX,4.908100128173828,4.908100128173828,4.908100128173828,4.90500020980835,4.90500020980835,1200.0
2024-03-01 11:36:00,ICCM,1.2999999523162842,1.2999999523162842,1.2999999523162842,1.2999999523162842,1.2999999523162842,1062.0
2024-03-01 11:36:00,ICUI,105.77999877929688,105.77999877929688,105.77999877929688,105.70999908447266,105.70999908447266,799.0
2024-03-01 11:36:00,IDYA,46.04999923706055,46.04999923706055,46.04999923706055,46.04999923706055,46.04999923706055,189.0
2024-03-01 11:36:00,ILMN,141.61000061035156,141.61000061035156,141.61000061035156,141.58999633789062,141.61000061035156,1557.0
2024-03-01 11:36:00,IMMX,3.5350000858306885,3.5350000858306885,3.5350000858306885,3.5350000858306885,3.5350000858306885,100.0
2024-03-01 11:36:00,IMNM,25.450000762939453,25.450000762939453,25.68000030517578,25.450000762939453,25.600000381469727,4197.0
2024-03-01 11:36:00,IMNN,1.1098999977111816,1.1098999977111816,1.1098999977111816,1.1098999977111816,1.1098999977111816,201.0
2024-03-01 11:36:00,IMUX,1.465000033378601,1.465000033378601,1.465000033378601,1.4600000381469727,1.4600000381469727,200.0
2024-03-01 11:36:00,IMVT,36.209999084472656,36.209999084472656,36.209999084472656,36.150001525878906,36.15999984741211,1932.0
2024-03-01 11:36:00,INBX,36.86000061035156,36.86000061035156,36.86000061035156,36.86000061035156,36.86000061035156,164.0
2024-03-01 11:36:00,INCY,59.0,59.0,59.029998779296875,59.0,59.029998779296875,1295.0
2024-03-01 11:36:00,INGN,6.789999961853027,6.789999961853027,6.800000190734863,6.78000020980835,6.800000190734863,3714.0
2024-03-01 11:36:00,INMD,22.670000076293945,22.670000076293945,22.68000030517578,22.670000076293945,22.68000030517578,848.0
2024-03-01 11:36:00,INSM,28.139999389648438,28.139999389648438,28.139999389648438,28.139999389648438,28.139999389648438,131.0
2024-03-01 11:36:00,INVA,15.649999618530273,15.649999618530273,15.649999618530273,15.649999618530273,15.649999618530273,637.0
2024-03-01 11:36:00,INZY,6.489999771118164,6.489999771118164,6.489999771118164,6.485000133514404,6.485000133514404,320.0
2024-03-01 11:36:00,IONM,0.349700003862381,0.349700003862381,0.349700003862381,0.349700003862381,0.349700003862381,161.0
2024-03-01 11:36:00,IONS,45.86000061035156,45.86000061035156,45.86000061035156,45.84000015258789,45.84000015258789,1017.0
2024-03-01 11:36:00,IOVA,16.510000228881836,16.510000228881836,16.55500030517578,16.510000228881836,16.510000228881836,18683.0
2024-03-01 11:36:00,IPSC,3.809999942779541,3.809999942779541,3.809999942779541,3.809999942779541,3.809999942779541,105.0
2024-03-01 11:36:00,IRTC,120.6500015258789,120.6500015258789,120.6500015258789,120.6500015258789,120.6500015258789,100.0
2024-03-01 11:36:00,IRWD,8.9399995803833,8.9399995803833,8.9399995803833,8.930000305175781,8.9399995803833,3221.0
2024-03-01 11:36:00,ISRG,392.94000244140625,392.94000244140625,392.94000244140625,392.8399963378906,392.8399963378906,1123.0
2024-03-01 11:36:00,ITCI,71.25,71.25,71.31999969482422,71.25,71.30999755859375,1547.0
2024-03-01 11:36:00,IVVD,3.990000009536743,3.990000009536743,4.010000228881836,3.990000009536743,4.0,2117.0
2024-03-01 11:36:00,IXHL,5.400000095367432,5.400000095367432,5.400000095367432,5.398099899291992,5.398099899291992,334.0
2024-03-01 11:36:00,JAGX,0.07980000227689743,0.07980000227689743,0.08089999854564667,0.0794999971985817,0.08060000091791153,508161.0
2024-03-01 11:36:00,JANX,46.73500061035156,46.73500061035156,46.790000915527344,46.5,46.560001373291016,5049.0
2024-03-01 11:36:00,JAZZ,119.55999755859375,119.55999755859375,119.62000274658203,119.44000244140625,119.44000244140625,1893.0
2024-03-01 11:36:00,JYNT,10.100000381469727,10.100000381469727,10.100000381469727,10.100000381469727,10.100000381469727,565.0
2024-03-01 11:36:00,KALV,13.895000457763672,13.895000457763672,13.895000457763672,13.895000457763672,13.895000457763672,138.0
2024-03-01 11:36:00,KNSA,21.8799991607666,21.8799991607666,21.8799991607666,21.8799991607666,21.8799991607666,422.0
2024-03-01 11:36:00,KNTE,2.615000009536743,2.615000009536743,2.615000009536743,2.609999895095825,2.615000009536743,300.0
2024-03-01 11:36:00,KPTI,1.2109999656677246,1.2109999656677246,1.215000033378601,1.2109999656677246,1.215000033378601,2300.0
2024-03-01 11:36:00,KRYS,167.3300018310547,167.3300018310547,167.3300018310547,167.3300018310547,167.3300018310547,256.0
2024-03-01 11:36:00,KURA,21.327600479125977,21.327600479125977,21.327600479125977,21.309999465942383,21.309999465942383,560.0
2024-03-01 11:36:00,KYMR,43.810001373291016,43.810001373291016,43.810001373291016,43.810001373291016,43.810001373291016,300.0
2024-03-01 11:36:00,KZR,1.090000033378601,1.090000033378601,1.090000033378601,1.090000033378601,1.090000033378601,2027.0
2024-03-01 11:36:00,LAB,2.4200000762939453,2.4200000762939453,2.434999942779541,2.4200000762939453,2.4200000762939453,20674.0
2024-03-01 11:36:00,LBPH,21.719999313354492,21.719999313354492,21.760000228881836,21.719999313354492,21.725000381469727,1753.0
2024-03-01 11:36:00,LEXX,2.6500000953674316,2.6500000953674316,2.6500000953674316,2.6500000953674316,2.6500000953674316,2124.0
2024-03-01 11:36:00,LFMD,7.960000038146973,7.960000038146973,7.960000038146973,7.960000038146973,7.960000038146973,100.0
2024-03-01 11:36:00,LFST,7.980000019073486,7.980000019073486,7.985000133514404,7.974999904632568,7.974999904632568,2362.0
2024-03-01 11:36:00,LIAN,4.860000133514404,4.860000133514404,4.860000133514404,4.860000133514404,4.860000133514404,136.0
2024-03-01 11:36:00,LMAT,67.55000305175781,67.55000305175781,67.55000305175781,67.54000091552734,67.54000091552734,316.0
2024-03-01 11:36:00,LNSR,4.800000190734863,4.800000190734863,4.800000190734863,4.699999809265137,4.699999809265137,896.0
2024-03-01 11:36:00,LNTH,65.04010009765625,65.04010009765625,65.12999725341797,65.04010009765625,65.12999725341797,1338.0
2024-03-01 11:36:00,LPTX,2.859999895095825,2.859999895095825,2.859999895095825,2.859999895095825,2.859999895095825,616.0
2024-03-01 11:36:00,LQDA,14.319999694824219,14.319999694824219,14.319999694824219,14.3100004196167,14.3100004196167,765.0
2024-03-01 11:36:00,LTRN,4.650000095367432,4.650000095367432,4.699900150299072,4.650000095367432,4.699900150299072,700.0
2024-03-01 11:36:00,LVTX,3.009999990463257,3.009999990463257,3.009999990463257,3.0,3.0,381.0
2024-03-01 11:36:00,LYEL,3.1549999713897705,3.1549999713897705,3.1600000858306885,3.1549999713897705,3.1600000858306885,341.0
2024-03-01 11:36:00,MASI,126.73999786376953,126.73999786376953,126.73999786376953,126.73500061035156,126.73500061035156,802.0
2024-03-01 11:36:00,MASS,7.349999904632568,7.349999904632568,7.349999904632568,7.349999904632568,7.349999904632568,103.0
2024-03-01 11:36:00,MCRB,1.1950000524520874,1.1950000524520874,1.1950000524520874,1.1950000524520874,1.1950000524520874,300.0
2024-03-01 11:36:00,MDGL,242.0,242.0,242.0,241.24000549316406,241.24000549316406,1877.0
2024-03-01 11:36:00,MDRX,6.0,6.0,6.0,5.980000019073486,5.980000019073486,18173.0
2024-03-01 11:36:00,MDWD,14.350299835205078,14.350299835205078,14.350299835205078,14.350299835205078,14.350299835205078,180.0
2024-03-01 11:36:00,ME,0.5737000107765198,0.5737000107765198,0.5737000107765198,0.571399986743927,0.5723999738693237,1212.0
2024-03-01 11:36:00,MEDP,401.0,401.0,401.0,401.0,401.0,135.0
2024-03-01 11:36:00,MGNX,19.263999938964844,19.263999938964844,19.264999389648438,19.209999084472656,19.209999084472656,2299.0
2024-03-01 11:36:00,MIST,1.684999942779541,1.684999942779541,1.684999942779541,1.684999942779541,1.684999942779541,200.0
2024-03-01 11:36:00,MLTX,51.470001220703125,51.470001220703125,51.470001220703125,51.27000045776367,51.27000045776367,5223.0
2024-03-01 11:36:00,MMSI,76.25499725341797,76.25499725341797,76.25499725341797,76.12999725341797,76.13999938964844,2108.0
2024-03-01 11:36:00,MNKD,4.6585001945495605,4.6585001945495605,4.6585001945495605,4.650000095367432,4.650000095367432,3612.0
2024-03-01 11:36:00,MNMD,5.979899883270264,5.979899883270264,5.980000019073486,5.96999979019165,5.96999979019165,865.0
2024-03-01 11:36:00,MNOV,1.3700000047683716,1.3700000047683716,1.3700000047683716,1.3650000095367432,1.3650000095367432,1349.0
2024-03-01 11:36:00,MODD,1.909999966621399,1.909999966621399,1.909999966621399,1.909999966621399,1.909999966621399,100.0
2024-03-01 11:36:00,MOR,17.59000015258789,17.59000015258789,17.600000381469727,17.59000015258789,17.600000381469727,200.0
2024-03-01 11:36:00,MORF,38.54499816894531,38.54499816894531,38.54499816894531,38.54499816894531,38.54499816894531,102.0
2024-03-01 11:36:00,MREO,3.7799999713897705,3.7799999713897705,3.7799999713897705,3.7799999713897705,3.7799999713897705,100.0
2024-03-01 11:36:00,MRNA,96.19999694824219,96.19999694824219,96.19999694824219,96.05999755859375,96.11799621582031,5755.0
2024-03-01 11:36:00,MRSN,5.989999771118164,5.989999771118164,5.994999885559082,5.974999904632568,5.989999771118164,8238.0
2024-03-01 11:36:00,MRUS,51.040000915527344,51.040000915527344,51.14500045776367,51.040000915527344,51.092498779296875,586.0
2024-03-01 11:36:00,MRVI,7.820000171661377,7.820000171661377,7.829999923706055,7.815000057220459,7.820000171661377,6201.0
2024-03-01 11:36:00,MXCT,4.730000019073486,4.730000019073486,4.739999771118164,4.730000019073486,4.739999771118164,1659.0
2024-03-01 11:36:00,MYGN,21.520000457763672,21.520000457763672,21.520000457763672,21.520000457763672,21.520000457763672,725.0
2024-03-01 11:36:00,NARI,46.06999969482422,46.06999969482422,46.119998931884766,46.064998626708984,46.06999969482422,29302.0
2024-03-01 11:36:00,NBIX,130.30499267578125,130.30499267578125,130.3800048828125,130.17999267578125,130.27999877929688,1540.0
2024-03-01 11:36:00,NEO,16.024999618530273,16.024999618530273,16.03499984741211,16.014999389648438,16.014999389648438,1331.0
2024-03-01 11:36:00,NEOG,17.184999465942383,17.184999465942383,17.184999465942383,17.174999237060547,17.174999237060547,6104.0
2024-03-01 11:36:00,NGM,1.5299999713897705,1.5299999713897705,1.530500054359436,1.5299999713897705,1.530500054359436,5377.0
2024-03-01 11:36:00,NKTR,0.76419997215271,0.76419997215271,0.76419997215271,0.7615000009536743,0.7615000009536743,1400.0
2024-03-01 11:36:00,NKTX,12.680000305175781,12.680000305175781,12.680000305175781,12.680000305175781,12.680000305175781,1172.0
2024-03-01 11:36:00,NNOX,10.999899864196777,10.999899864196777,11.024999618530273,10.96500015258789,10.970000267028809,8642.0
2024-03-01 11:36:00,NOTV,8.0600004196167,8.0600004196167,8.0600004196167,8.0600004196167,8.0600004196167,536.0
2024-03-01 11:36:00,NPCE,15.970000267028809,15.970000267028809,15.970000267028809,15.970000267028809,15.970000267028809,597.0
2024-03-01 11:36:00,NRIX,13.1899995803833,13.1899995803833,13.194999694824219,13.1899995803833,13.194999694824219,272.0
2024-03-01 11:36:00,NRSNW,0.29260000586509705,0.29260000586509705,0.29260000586509705,0.28999999165534973,0.29260000586509705,0.0
2024-03-01 11:36:00,NRXP,0.423550009727478,0.423550009727478,0.4235999882221222,0.423550009727478,0.4235999882221222,11904.0
2024-03-01 11:36:00,NTLA,33.564998626708984,33.564998626708984,33.59000015258789,33.560001373291016,33.59000015258789,3126.0
2024-03-01 11:36:00,NTRA,89.16000366210938,89.16000366210938,89.25,89.13500213623047,89.1500015258789,6228.0
2024-03-01 11:36:00,NURO,4.030200004577637,4.030200004577637,4.030200004577637,4.030200004577637,4.030200004577637,8000.0
2024-03-01 11:36:00,NUVL,87.58000183105469,87.58000183105469,87.58000183105469,87.58000183105469,87.58000183105469,206.0
2024-03-01 11:36:00,NUWE,0.5789999961853027,0.5789999961853027,0.5789999961853027,0.5789999961853027,0.5789999961853027,344.0
2024-03-01 11:36:00,NVAX,5.190000057220459,5.190000057220459,5.201000213623047,5.179999828338623,5.189899921417236,42109.0
2024-03-01 11:36:00,NVCR,15.850000381469727,15.850000381469727,15.850000381469727,15.850000381469727,15.850000381469727,506.0
2024-03-01 11:36:00,NVCT,10.699999809265137,10.699999809265137,10.699999809265137,10.649999618530273,10.649999618530273,876.0
2024-03-01 11:36:00,OCGN,0.9287499785423279,0.9287499785423279,0.9293000102043152,0.9281499981880188,0.9282000064849854,2642.0
2024-03-01 11:36:00,OCUL,10.414899826049805,10.414899826049805,10.430000305175781,10.40999984741211,10.420000076293945,2497.0
2024-03-01 11:36:00,OCUP,2.4600000381469727,2.4600000381469727,2.4600000381469727,2.4600000381469727,2.4600000381469727,141.0
2024-03-01 11:36:00,OGI,2.115000009536743,2.115000009536743,2.119999885559082,2.0999999046325684,2.115000009536743,17928.0
2024-03-01 11:36:00,OKYO,1.3799999952316284,1.3799999952316284,1.3799999952316284,1.3799999952316284,1.3799999952316284,1397.0
2024-03-01 11:36:00,OLK,22.614999771118164,22.614999771118164,22.614999771118164,22.610000610351562,22.610000610351562,2095.0
2024-03-01 11:36:00,OLMA,13.300000190734863,13.300000190734863,13.329999923706055,13.289999961853027,13.289999961853027,2234.0
2024-03-01 11:36:00,OM,3.134999990463257,3.134999990463257,3.134999990463257,3.134999990463257,3.134999990463257,236.0
2024-03-01 11:36:00,OMCL,26.34000015258789,26.34000015258789,26.360000610351562,26.34000015258789,26.350000381469727,2152.0
2024-03-01 11:36:00,OMER,4.720099925994873,4.720099925994873,4.720099925994873,4.720099925994873,4.720099925994873,1104.0
2024-03-01 11:36:00,ONTX,0.8130000233650208,0.8130000233650208,0.8130000233650208,0.8130000233650208,0.8130000233650208,195.0
2024-03-01 11:37:00,ABCL,5.184999942779541,5.184999942779541,5.184999942779541,5.179999828338623,5.184999942779541,977.0
2024-03-01 11:37:00,ABEO,7.530099868774414,7.530099868774414,7.530099868774414,7.530099868774414,7.530099868774414,288.0
2024-03-01 11:37:00,ABIO,1.649999976158142,1.649999976158142,1.649999976158142,1.649999976158142,1.649999976158142,100.0
2024-03-01 11:37:00,ABOS,4.695000171661377,4.695000171661377,4.702499866485596,4.690000057220459,4.699999809265137,3841.0
2024-03-01 11:37:00,ABSI,5.21999979019165,5.21999979019165,5.21999979019165,5.204999923706055,5.205999851226807,1700.0
2024-03-01 11:37:00,ACAD,23.889999389648438,23.889999389648438,23.915000915527344,23.889999389648438,23.90999984741211,3216.0
2024-03-01 11:37:00,ACB,3.1449999809265137,3.1449999809265137,3.1449999809265137,3.140000104904175,3.140000104904175,786.0
2024-03-01 11:37:00,ACCD,10.260000228881836,10.260000228881836,10.260000228881836,10.25,10.25,717.0
2024-03-01 11:37:00,ACET,2.4100000858306885,2.4100000858306885,2.4100000858306885,2.390000104904175,2.390000104904175,2418.0
2024-03-01 11:37:00,ACHC,84.05999755859375,84.05999755859375,84.05999755859375,84.05999755859375,84.05999755859375,100.0
2024-03-01 11:37:00,ACHL,1.350000023841858,1.350000023841858,1.350000023841858,1.350000023841858,1.350000023841858,398.0
2024-03-01 11:37:00,ACHV,4.235000133514404,4.235000133514404,4.235000133514404,4.235000133514404,4.235000133514404,105.0
2024-03-01 11:37:00,ACLX,67.67500305175781,67.67500305175781,67.7300033569336,67.58999633789062,67.58999633789062,1778.0
2024-03-01 11:37:00,ACON,0.3869999945163727,0.3869999945163727,0.3869999945163727,0.3869999945163727,0.3869999945163727,101.0
2024-03-01 11:37:00,ACRS,1.2050000429153442,1.2050000429153442,1.2100000381469727,1.2050000429153442,1.2050000429153442,3486.0
2024-03-01 11:37:00,ADIL,3.0195000171661377,3.0195000171661377,3.0199999809265137,2.9800000190734863,2.9800000190734863,25179.0
2024-03-01 11:37:00,ADMA,5.381899833679199,5.381899833679199,5.385000228881836,5.380000114440918,5.380000114440918,2693.0
2024-03-01 11:37:00,ADPT,4.184999942779541,4.184999942779541,4.184999942779541,4.184999942779541,4.184999942779541,406.0
2024-03-01 11:37:00,ADUS,93.61000061035156,93.61000061035156,93.61000061035156,93.61000061035156,93.61000061035156,330.0
2024-03-01 11:37:00,ADVM,1.9700000286102295,1.9700000286102295,1.9700000286102295,1.9700000286102295,1.9700000286102295,1063.0
2024-03-01 11:37:00,AGEN,0.6672000288963318,0.6672000288963318,0.6672000288963318,0.6671000123023987,0.6672000288963318,29201.0
2024-03-01 11:37:00,AGIO,32.92499923706055,32.92499923706055,32.95000076293945,32.92499923706055,32.95000076293945,371.0
2024-03-01 11:37:00,AGRX,0.8402000069618225,0.8402000069618225,0.8402000069618225,0.8402000069618225,0.8402000069618225,277.0
2024-03-01 11:37:00,AHCO,10.75,10.75,10.75,10.739999771118164,10.739999771118164,1305.0
2024-03-01 11:37:00,AKBA,1.659999966621399,1.659999966621399,1.6649999618530273,1.6549999713897705,1.6598999500274658,13963.0
2024-03-01 11:37:00,AKLI,0.33500000834465027,0.33500000834465027,0.33500000834465027,0.33500000834465027,0.33500000834465027,3030.0
2024-03-01 11:37:00,AKRO,29.06999969482422,29.06999969482422,29.079999923706055,29.0,29.020000457763672,12505.0
2024-03-01 11:37:00,ALEC,7.510000228881836,7.510000228881836,7.519999980926514,7.510000228881836,7.510000228881836,1259.0
2024-03-01 11:37:00,ALGN,300.3699951171875,300.3699951171875,300.57000732421875,300.3699951171875,300.57000732421875,1290.0
2024-03-01 11:37:00,ALHC,5.739999771118164,5.739999771118164,5.739999771118164,5.739999771118164,5.739999771118164,341.0
2024-03-01 11:37:00,ALKS,30.200000762939453,30.200000762939453,30.225000381469727,30.200000762939453,30.219999313354492,2830.0
2024-03-01 11:37:00,ALLK,1.600000023841858,1.600000023841858,1.600000023841858,1.600000023841858,1.600000023841858,230.0
2024-03-01 11:37:00,ALLO,5.060999870300293,5.060999870300293,5.070000171661377,5.060999870300293,5.065000057220459,5760.0
2024-03-01 11:37:00,ALLR,0.4074999988079071,0.4074999988079071,0.4074999988079071,0.4074999988079071,0.4074999988079071,308.0
2024-03-01 11:37:00,ALNY,154.4149932861328,154.4149932861328,154.43499755859375,154.2949981689453,154.43499755859375,4819.0
2024-03-01 11:37:00,ALPN,35.77000045776367,35.77000045776367,35.77000045776367,35.76499938964844,35.76499938964844,1252.0
2024-03-01 11:37:00,ALT,12.21500015258789,12.21500015258789,12.220000267028809,12.180000305175781,12.180000305175781,9861.0
2024-03-01 11:37:00,ALVO,15.619999885559082,15.619999885559082,15.630000114440918,15.619999885559082,15.630000114440918,672.0
2024-03-01 11:37:00,ALXO,15.020000457763672,15.020000457763672,15.020000457763672,14.989999771118164,15.020000457763672,322.0
2024-03-01 11:37:00,AMED,93.6500015258789,93.6500015258789,93.6500015258789,93.61000061035156,93.62000274658203,2681.0
2024-03-01 11:37:00,AMGN,281.3800048828125,281.3800048828125,281.3800048828125,281.0799865722656,281.0799865722656,11492.0
2024-03-01 11:37:00,AMLX,18.790000915527344,18.790000915527344,18.850000381469727,18.790000915527344,18.829999923706055,6982.0
2024-03-01 11:37:00,AMPH,45.605098724365234,45.605098724365234,45.605098724365234,45.605098724365234,45.605098724365234,563.0
2024-03-01 11:37:00,AMRN,1.059999942779541,1.059999942779541,1.059999942779541,1.0549999475479126,1.0549999475479126,228.0
2024-03-01 11:37:00,ANGO,5.519999980926514,5.519999980926514,5.519999980926514,5.519999980926514,5.519999980926514,291.0
2024-03-01 11:37:00,ANNX,6.0,6.0,6.005000114440918,5.989999771118164,6.0,161283.0
2024-03-01 11:37:00,ANTX,3.0,3.0,3.0,3.0,3.0,100.0
2024-03-01 11:37:00,APLS,65.08000183105469,65.08000183105469,65.11000061035156,65.04499816894531,65.04499816894531,1434.0
2024-03-01 11:37:00,APLT,7.139999866485596,7.139999866485596,7.150000095367432,7.139999866485596,7.150000095367432,3301.0
2024-03-01 11:37:00,APVO,0.16489900648593903,0.16489900648593903,0.16489900648593903,0.16489900648593903,0.16489900648593903,1775.0
2024-03-01 11:37:00,APYX,2.049999952316284,2.049999952316284,2.100100040435791,2.049999952316284,2.0999999046325684,8707.0
2024-03-01 11:37:00,AQST,4.289999961853027,4.289999961853027,4.289999961853027,4.284999847412109,4.289899826049805,1315.0
2024-03-01 11:37:00,ARCT,39.3650016784668,39.3650016784668,39.37139892578125,39.3650016784668,39.37139892578125,3149.0
2024-03-01 11:37:00,ARDX,9.494999885559082,9.494999885559082,9.5,9.484999656677246,9.489999771118164,14952.0
2024-03-01 11:37:00,ARGX,389.2099914550781,389.2099914550781,389.2099914550781,389.2099914550781,389.2099914550781,379.0
2024-03-01 11:37:00,ARQT,11.359999656677246,11.359999656677246,11.380000114440918,11.300000190734863,11.300000190734863,22644.0
2024-03-01 11:37:00,ARVN,48.720001220703125,48.720001220703125,48.82500076293945,48.66999816894531,48.79999923706055,3178.0
2024-03-01 11:37:00,ARWR,35.87070083618164,35.87070083618164,35.87070083618164,35.75,35.75,2504.0
2024-03-01 11:37:00,ASLN,0.8004999756813049,0.8004999756813049,0.8004999756813049,0.8004999756813049,0.8004999756813049,2021.0
2024-03-01 11:37:00,ASND,150.08999633789062,150.08999633789062,150.08999633789062,150.08999633789062,150.08999633789062,1152.0
2024-03-01 11:37:00,ASRT,0.9100000262260437,0.9100000262260437,0.9100000262260437,0.9100000262260437,0.9100000262260437,100.0
2024-03-01 11:37:00,ATAI,2.0199999809265137,2.0199999809265137,2.0199999809265137,2.0188000202178955,2.0199999809265137,824.0
2024-03-01 11:37:00,ATEC,13.614999771118164,13.614999771118164,13.614999771118164,13.579999923706055,13.59000015258789,34301.0
2024-03-01 11:37:00,ATHA,4.0,4.0,4.0,4.0,4.0,301.0
2024-03-01 11:37:00,ATHE,1.7599999904632568,1.7599999904632568,1.7599999904632568,1.7599999904632568,1.7599999904632568,201.0
2024-03-01 11:37:00,ATOS,0.9932000041007996,0.9932000041007996,0.9932000041007996,0.9932000041007996,0.9932000041007996,348.0
2024-03-01 11:37:00,ATRC,36.099998474121094,36.099998474121094,36.099998474121094,36.099998474121094,36.099998474121094,705.0
2024-03-01 11:37:00,ATXS,15.130000114440918,15.130000114440918,15.130000114440918,15.130000114440918,15.130000114440918,100.0
2024-03-01 11:37:00,AUGX,4.570000171661377,4.570000171661377,4.570000171661377,4.560100078582764,4.560100078582764,802.0
2024-03-01 11:37:00,AUPH,5.800000190734863,5.800000190734863,5.800000190734863,5.800000190734863,5.800000190734863,813.0
2024-03-01 11:37:00,AURA,9.430000305175781,9.430000305175781,9.430000305175781,9.430000305175781,9.430000305175781,700.0
2024-03-01 11:37:00,AUTL,6.269999980926514,6.269999980926514,6.275000095367432,6.260000228881836,6.260000228881836,4128.0
2024-03-01 11:37:00,AVXL,5.389999866485596,5.389999866485596,5.389999866485596,5.389999866485596,5.389999866485596,3074.0
2024-03-01 11:37:00,AXNX,67.29000091552734,67.29000091552734,67.29000091552734,67.25,67.25,2682.0
2024-03-01 11:37:00,AZN,64.5199966430664,64.5199966430664,64.5250015258789,64.49500274658203,64.5,12100.0
2024-03-01 11:37:00,AZTA,66.29499816894531,66.29499816894531,66.29499816894531,66.2699966430664,66.2699966430664,392.0
2024-03-01 11:37:00,BBIO,35.89500045776367,35.89500045776367,35.91999816894531,35.88999938964844,35.900001525878906,1304.0
2024-03-01 11:37:00,BCAB,2.7850000858306885,2.7850000858306885,2.7899999618530273,2.7850000858306885,2.7899999618530273,300.0
2024-03-01 11:37:00,BCRX,5.804999828338623,5.804999828338623,5.8059000968933105,5.800000190734863,5.804999828338623,791.0
2024-03-01 11:37:00,BCYC,25.924999237060547,25.924999237060547,25.924999237060547,25.924999237060547,25.924999237060547,343.0
2024-03-01 11:37:00,BDSX,1.6308000087738037,1.6308000087738037,1.6308000087738037,1.6299999952316284,1.6299999952316284,1060.0
2024-03-01 11:37:00,BDTX,5.065000057220459,5.065000057220459,5.070000171661377,5.060800075531006,5.070000171661377,1502.0
2024-03-01 11:37:00,BEAM,40.20500183105469,40.20500183105469,40.209999084472656,40.130001068115234,40.130001068115234,2812.0
2024-03-01 11:37:00,BEAT,1.4909000396728516,1.4909000396728516,1.4953999519348145,1.4909000396728516,1.4953999519348145,3096.0
2024-03-01 11:37:00,BGXX,0.2700999975204468,0.2700999975204468,0.2700999975204468,0.2700999975204468,0.2700999975204468,5152.0
2024-03-01 11:37:00,BIIB,220.0,220.0,220.02999877929688,219.99000549316406,220.0,1793.0
2024-03-01 11:37:00,BIOL,0.13940000534057617,0.13940000534057617,0.13940000534057617,0.13908599317073822,0.13908599317073822,2630.0
2024-03-01 11:37:00,BIVI,2.2184998989105225,2.2184998989105225,2.2799999713897705,2.2100000381469727,2.2799999713897705,211257.0
2024-03-01 11:37:00,BLFS,18.239999771118164,18.239999771118164,18.25,18.21500015258789,18.21500015258789,3001.0
2024-03-01 11:37:00,BLUE,1.5968999862670898,1.5968999862670898,1.600000023841858,1.5950000286102295,1.600000023841858,32899.0
2024-03-01 11:37:00,BMEA,17.920000076293945,17.920000076293945,17.93000030517578,17.920000076293945,17.93000030517578,722.0
2024-03-01 11:37:00,BMRN,87.0250015258789,87.0250015258789,87.0250015258789,86.98999786376953,86.98999786376953,3451.0
2024-03-01 11:37:00,BNR,0.8625500202178955,0.8625500202178955,0.8625500202178955,0.8625500202178955,0.8625500202178955,113.0
2024-03-01 11:37:00,BNTX,92.27989959716797,92.27989959716797,92.27989959716797,92.19999694824219,92.2300033569336,1617.0
2024-03-01 11:37:00,BPMC,96.68000030517578,96.68000030517578,96.68000030517578,96.48999786376953,96.48999786376953,6185.0
2024-03-01 11:37:00,BRTX,1.4722000360488892,1.4722000360488892,1.499899983406067,1.4722000360488892,1.499899983406067,1605.0
2024-03-01 11:37:00,BSGM,0.6298999786376953,0.6298999786376953,0.6299999952316284,0.6201000213623047,0.6201000213623047,10854.0
2024-03-01 11:37:00,CABA,24.0,24.0,24.020000457763672,24.0,24.0,779.0
2024-03-01 11:37:00,CADL,1.7000000476837158,1.7000000476837158,1.7000000476837158,1.7000000476837158,1.7000000476837158,13478.0
2024-03-01 11:37:00,CARA,0.9009000062942505,0.9009000062942505,0.9009000062942505,0.9009000062942505,0.9009000062942505,200.0
2024-03-01 11:37:00,CBAY,32.2400016784668,32.2400016784668,32.25,32.2400016784668,32.244998931884766,7932.0
2024-03-01 11:37:00,CCCC,10.994999885559082,10.994999885559082,10.994999885559082,10.96150016784668,10.96150016784668,1493.0
2024-03-01 11:37:00,CDMO,8.15999984741211,8.15999984741211,8.15999984741211,8.15999984741211,8.15999984741211,104.0
2024-03-01 11:37:00,CDNA,12.579999923706055,12.579999923706055,12.579999923706055,12.529999732971191,12.5600004196167,4913.0
2024-03-01 11:37:00,CDXC,1.6399999856948853,1.6399999856948853,1.6399999856948853,1.6399999856948853,1.6399999856948853,200.0
2024-03-01 11:37:00,CDXS,4.445000171661377,4.445000171661377,4.445000171661377,4.440000057220459,4.440000057220459,1524.0
2024-03-01 11:37:00,CELC,15.899999618530273,15.899999618530273,15.899999618530273,15.899999618530273,15.899999618530273,256.0
2024-03-01 11:37:00,CERE,41.13999938964844,41.13999938964844,41.14500045776367,41.13999938964844,41.13999938964844,2086.0
2024-03-01 11:37:00,CERS,2.2100000381469727,2.2100000381469727,2.2100000381469727,2.2100000381469727,2.2100000381469727,155.0
2024-03-01 11:37:00,CERT,17.65999984741211,17.65999984741211,17.674999237060547,17.65999984741211,17.670000076293945,1088.0
2024-03-01 11:37:00,CGC,3.2699999809265137,3.2699999809265137,3.2797000408172607,3.2699999809265137,3.2699999809265137,1304.0
2024-03-01 11:37:00,CGEM,18.780000686645508,18.780000686645508,18.815000534057617,18.770000457763672,18.815000534057617,710.0
2024-03-01 11:37:00,CGTX,2.049999952316284,2.049999952316284,2.049999952316284,2.049999952316284,2.049999952316284,825.0
2024-03-01 11:37:00,CHRS,2.3299999237060547,2.3299999237060547,2.3399999141693115,2.3299999237060547,2.3399999141693115,3633.0
2024-03-01 11:37:00,CING,1.350000023841858,1.350000023841858,1.350000023841858,1.350000023841858,1.350000023841858,234.0
2024-03-01 11:37:00,CKPT,2.190000057220459,2.190000057220459,2.190000057220459,2.190000057220459,2.190000057220459,401.0
2024-03-01 11:37:00,CLDX,52.33000183105469,52.33000183105469,52.36000061035156,52.279998779296875,52.279998779296875,3253.0
2024-03-01 11:37:00,CLNN,0.3944999873638153,0.3944999873638153,0.3944999873638153,0.3944999873638153,0.3944999873638153,300.0
2024-03-01 11:37:00,CLOV,0.8698999881744385,0.8698999881744385,0.8701000213623047,0.8697999715805054,0.8700000047683716,25331.0
2024-03-01 11:37:00,CLRB,4.139999866485596,4.139999866485596,4.139999866485596,4.135000228881836,4.135000228881836,500.0
2024-03-01 11:37:00,CMAX,7.775000095367432,7.775000095367432,7.775000095367432,7.775000095367432,7.775000095367432,509.0
2024-03-01 11:37:00,CMPS,11.25,11.25,11.270000457763672,11.25,11.270000457763672,693.0
2024-03-01 11:37:00,CMPX,1.8899999856948853,1.8899999856948853,1.8899999856948853,1.8899999856948853,1.8899999856948853,1000.0
2024-03-01 11:37:00,COGT,7.239999771118164,7.239999771118164,7.25,7.230000019073486,7.239999771118164,2117.0
2024-03-01 11:37:00,CORT,23.864999771118164,23.864999771118164,23.889999389648438,23.864999771118164,23.8799991607666,2529.0
2024-03-01 11:37:00,CPRX,17.040000915527344,17.040000915527344,17.05500030517578,17.030000686645508,17.030000686645508,9965.0
2024-03-01 11:37:00,CPSI,9.449999809265137,9.449999809265137,9.479999542236328,9.449999809265137,9.470000267028809,4965.0
2024-03-01 11:37:00,CRBP,31.559999465942383,31.559999465942383,31.559999465942383,31.549999237060547,31.549999237060547,687.0
2024-03-01 11:37:00,CRBU,8.015800476074219,8.015800476074219,8.024999618530273,8.015000343322754,8.020000457763672,3603.0
2024-03-01 11:37:00,CRDF,2.449899911880493,2.449899911880493,2.4600000381469727,2.390000104904175,2.3903000354766846,40111.0
2024-03-01 11:37:00,CRDL,2.0,2.0,2.009999990463257,1.9900000095367432,2.009999990463257,10041.0
2024-03-01 11:37:00,CRNX,46.380001068115234,46.380001068115234,46.38999938964844,46.209999084472656,46.209999084472656,3238.0
2024-03-01 11:37:00,CRON,2.065000057220459,2.065000057220459,2.065000057220459,2.065000057220459,2.065000057220459,972.0
2024-03-01 11:37:00,CRSP,85.7750015258789,85.7750015258789,85.79000091552734,85.69999694824219,85.69999694824219,1534.0
2024-03-01 11:37:00,CRVS,2.2325000762939453,2.2325000762939453,2.2325000762939453,2.2325000762939453,2.2325000762939453,156.0
2024-03-01 11:37:00,CSTL,20.0,20.0,20.100000381469727,20.0,20.020000457763672,22541.0
2024-03-01 11:37:00,CTKB,8.420000076293945,8.420000076293945,8.4350004196167,8.420000076293945,8.430000305175781,1578.0
2024-03-01 11:37:00,CTMX,2.569999933242798,2.569999933242798,2.569999933242798,2.559999942779541,2.569999933242798,1701.0
2024-03-01 11:37:00,CUE,2.149399995803833,2.149399995803833,2.1500000953674316,2.130000114440918,2.1500000953674316,873.0
2024-03-01 11:37:00,CUTR,2.4000000953674316,2.4000000953674316,2.4049999713897705,2.380000114440918,2.380000114440918,7857.0
2024-03-01 11:37:00,CVAC,3.4649999141693115,3.4649999141693115,3.4649999141693115,3.4600000381469727,3.4600000381469727,234.0
2024-03-01 11:37:00,CVRX,20.110000610351562,20.110000610351562,20.149999618530273,20.030000686645508,20.149999618530273,21462.0
2024-03-01 11:37:00,CYTK,73.91000366210938,73.91000366210938,73.94999694824219,73.91000366210938,73.94999694824219,890.0
2024-03-01 11:37:00,CYTO,2.1500000953674316,2.1500000953674316,2.1500000953674316,2.1500000953674316,2.1500000953674316,171.0
2024-03-01 11:37:00,DCGO,4.130000114440918,4.130000114440918,4.130000114440918,4.130000114440918,4.130000114440918,303.0
2024-03-01 11:37:00,DCPH,17.049999237060547,17.049999237060547,17.049999237060547,17.049999237060547,17.049999237060547,318.0
2024-03-01 11:37:00,DH,9.020000457763672,9.020000457763672,9.029999732971191,9.020000457763672,9.029999732971191,1320.0
2024-03-01 11:37:00,DMTK,0.8439000248908997,0.8439000248908997,0.8497999906539917,0.8439000248908997,0.8497999906539917,428.0
2024-03-01 11:37:00,DNLI,20.899999618530273,20.899999618530273,20.940000534057617,20.899999618530273,20.920000076293945,4442.0
2024-03-01 11:37:00,DRUG,1.7999999523162842,1.7999999523162842,1.8300000429153442,1.7999999523162842,1.8300000429153442,2544.0
2024-03-01 11:37:00,DSGN,2.9000000953674316,2.9000000953674316,2.9000000953674316,2.9000000953674316,2.9000000953674316,991.0
2024-03-01 11:37:00,DVAX,12.880000114440918,12.880000114440918,12.885000228881836,12.859999656677246,12.859999656677246,6258.0
2024-03-01 11:37:00,DXCM,118.7300033569336,118.7300033569336,118.98999786376953,118.7300033569336,118.87999725341797,8647.0
2024-03-01 11:37:00,DYN,28.889999389648438,28.889999389648438,28.889999389648438,28.889999389648438,28.889999389648438,750.0
2024-03-01 11:37:00,EDIT,10.899999618530273,10.899999618530273,10.930000305175781,10.880000114440918,10.90999984741211,31141.0
2024-03-01 11:37:00,EDSA,4.889999866485596,4.889999866485596,4.889999866485596,4.880000114440918,4.880000114440918,1454.0
2024-03-01 11:37:00,ELDN,1.8202999830245972,1.8202999830245972,1.8202999830245972,1.8202999830245972,1.8202999830245972,3057.0
2024-03-01 11:37:00,ELEV,5.019999980926514,5.019999980926514,5.019999980926514,5.010000228881836,5.010000228881836,205.0
2024-03-01 11:37:00,ENSG,123.51000213623047,123.51000213623047,123.51000213623047,123.4800033569336,123.4800033569336,442.0
2024-03-01 11:37:00,ENTA,15.229999542236328,15.229999542236328,15.229999542236328,15.229999542236328,15.229999542236328,124.0
2024-03-01 11:37:00,ENTX,1.3200000524520874,1.3200000524520874,1.3899999856948853,1.3200000524520874,1.3899999856948853,5200.0
2024-03-01 11:37:00,ENVB,1.5399999618530273,1.5399999618530273,1.559999942779541,1.5399999618530273,1.5503000020980835,6199.0
2024-03-01 11:37:00,EOLS,14.630000114440918,14.630000114440918,14.630000114440918,14.630000114440918,14.630000114440918,144.0
2024-03-01 11:37:00,ERAS,2.5250000953674316,2.5250000953674316,2.5250000953674316,2.515000104904175,2.515000104904175,9106.0
2024-03-01 11:37:00,ESPR,2.5299999713897705,2.5299999713897705,2.5299999713897705,2.5250000953674316,2.5250000953674316,2176.0
2024-03-01 11:37:00,ETNB,12.960000038146973,12.960000038146973,12.960000038146973,12.949999809265137,12.960000038146973,1692.0
2024-03-01 11:37:00,EWTX,16.985000610351562,16.985000610351562,16.985000610351562,16.985000610351562,16.985000610351562,397.0
2024-03-01 11:37:00,EXAI,6.819200038909912,6.819200038909912,6.819200038909912,6.809999942779541,6.809999942779541,773.0
2024-03-01 11:37:00,EXAS,59.810001373291016,59.810001373291016,59.83000183105469,59.79999923706055,59.810001373291016,4473.0
2024-03-01 11:37:00,EXEL,22.489999771118164,22.489999771118164,22.489999771118164,22.469999313354492,22.469999313354492,3523.0
2024-03-01 11:37:00,EYEN,2.255000114440918,2.255000114440918,2.255000114440918,2.255000114440918,2.255000114440918,541.0
2024-03-01 11:37:00,EYPT,28.1200008392334,28.1200008392334,28.1200008392334,28.1200008392334,28.1200008392334,281.0
2024-03-01 11:37:00,FATE,7.440000057220459,7.440000057220459,7.454999923706055,7.440000057220459,7.449999809265137,12995.0
2024-03-01 11:37:00,FDMT,29.3799991607666,29.3799991607666,29.3799991607666,29.3799991607666,29.3799991607666,200.0
2024-03-01 11:37:00,FGEN,1.815000057220459,1.815000057220459,1.815000057220459,1.7999999523162842,1.7999999523162842,7602.0
2024-03-01 11:37:00,FLGT,23.399999618530273,23.399999618530273,23.399999618530273,23.399999618530273,23.399999618530273,125.0
2024-03-01 11:37:00,FOLD,13.350000381469727,13.350000381469727,13.350000381469727,13.335000038146973,13.335000038146973,2895.0
2024-03-01 11:37:00,FULC,10.859999656677246,10.859999656677246,10.869999885559082,10.850000381469727,10.850000381469727,6012.0
2024-03-01 11:37:00,FUSN,12.25,12.25,12.25,12.229999542236328,12.229999542236328,1443.0
2024-03-01 11:37:00,GBIO,2.619999885559082,2.619999885559082,2.619999885559082,2.619999885559082,2.619999885559082,100.0
2024-03-01 11:37:00,GDRX,8.25,8.25,8.25,8.25,8.25,338.0
2024-03-01 11:37:00,GERN,2.180000066757202,2.180000066757202,2.180000066757202,2.1700000762939453,2.1700000762939453,20598.0
2024-03-01 11:37:00,GH,19.260000228881836,19.260000228881836,19.270000457763672,19.2549991607666,19.2549991607666,1449.0
2024-03-01 11:37:00,GILD,72.5,72.5,72.51000213623047,72.41999816894531,72.41999816894531,9300.0
2024-03-01 11:37:00,GLPG,35.07500076293945,35.07500076293945,35.07500076293945,35.07500076293945,35.07500076293945,100.0
2024-03-01 11:37:00,GLYC,3.0299999713897705,3.0299999713897705,3.0299999713897705,3.0,3.0,10964.0
2024-03-01 11:37:00,GMDA,0.3806000053882599,0.3806000053882599,0.3806000053882599,0.3806000053882599,0.3806000053882599,122.0
2024-03-01 11:37:00,GNPX,4.458099842071533,4.458099842071533,4.458099842071533,4.458099842071533,4.458099842071533,1102.0
2024-03-01 11:37:00,GOSS,1.3597999811172485,1.3597999811172485,1.3600000143051147,1.3595000505447388,1.3600000143051147,4111.0
2024-03-01 11:37:00,GRFS,7.150000095367432,7.150000095367432,7.150000095367432,7.135000228881836,7.135000228881836,9288.0
2024-03-01 11:37:00,GRTS,2.200000047683716,2.200000047683716,2.2249999046325684,2.190000057220459,2.2249999046325684,64739.0
2024-03-01 11:37:00,GTHX,3.619999885559082,3.619999885559082,3.630000114440918,3.615000009536743,3.619499921798706,6463.0
2024-03-01 11:37:00,HALO,41.095001220703125,41.095001220703125,41.189998626708984,41.08000183105469,41.16999816894531,2362.0
2024-03-01 11:37:00,HCAT,7.929999828338623,7.929999828338623,7.929999828338623,7.920000076293945,7.920000076293945,4519.0
2024-03-01 11:37:00,HCSG,12.625200271606445,12.625200271606445,12.630000114440918,12.625200271606445,12.630000114440918,1247.0
2024-03-01 11:37:00,HCTI,2.6700000762939453,2.6700000762939453,2.6886000633239746,2.6700000762939453,2.680000066757202,2025.0
2024-03-01 11:37:00,HOLX,73.76499938964844,73.76499938964844,73.77999877929688,73.76000213623047,73.7699966430664,2134.0
2024-03-01 11:37:00,HOTH,1.3200000524520874,1.3200000524520874,1.3200000524520874,1.3200000524520874,1.3200000524520874,217.0
2024-03-01 11:37:00,HOWL,6.849999904632568,6.849999904632568,6.849999904632568,6.849999904632568,6.849999904632568,319.0
2024-03-01 11:37:00,HQY,81.37999725341797,81.37999725341797,81.44999694824219,81.27999877929688,81.27999877929688,2744.0
2024-03-01 11:37:00,HROW,10.789999961853027,10.789999961853027,10.789999961853027,10.789999961853027,10.789999961853027,529.0
2024-03-01 11:37:00,HRTX,2.640000104904175,2.640000104904175,2.640000104904175,2.6391000747680664,2.640000104904175,704.0
2024-03-01 11:37:00,HSCS,0.11720000207424164,0.11720000207424164,0.11720000207424164,0.11720000207424164,0.11720000207424164,657.0
2024-03-01 11:37:00,HSIC,77.05999755859375,77.05999755859375,77.08000183105469,77.0250015258789,77.0250015258789,3570.0
2024-03-01 11:37:00,HUMA,3.309999942779541,3.309999942779541,3.315000057220459,3.300100088119507,3.315000057220459,9791.0
2024-03-01 11:37:00,IART,36.47999954223633,36.47999954223633,36.4900016784668,36.470001220703125,36.470001220703125,2957.0
2024-03-01 11:37:00,IBRX,4.929900169372559,4.929900169372559,4.929900169372559,4.909999847412109,4.909999847412109,4353.0
2024-03-01 11:37:00,ICLR,322.8299865722656,322.8299865722656,322.8299865722656,322.7699890136719,322.7699890136719,2317.0
2024-03-01 11:37:00,ICUI,105.94999694824219,105.94999694824219,105.94999694824219,105.87999725341797,105.87999725341797,1056.0
2024-03-01 11:37:00,IDXX,579.8599853515625,579.8599853515625,580.0499877929688,579.8499755859375,579.8499755859375,1406.0
2024-03-01 11:37:00,IDYA,46.20000076293945,46.20000076293945,46.20000076293945,46.11000061035156,46.11000061035156,1144.0
2024-03-01 11:37:00,IKT,2.183799982070923,2.183799982070923,2.183799982070923,2.183799982070923,2.183799982070923,266.0
2024-03-01 11:37:00,ILMN,141.8800048828125,141.8800048828125,141.8800048828125,141.67999267578125,141.67999267578125,1351.0
2024-03-01 11:37:00,IMCC,0.3249000012874603,0.3249000012874603,0.3249000012874603,0.3248000144958496,0.3249000012874603,5000.0
2024-03-01 11:37:00,IMCR,68.63999938964844,68.63999938964844,68.75,68.41999816894531,68.47000122070312,2938.0
2024-03-01 11:37:00,IMUX,1.465000033378601,1.465000033378601,1.465000033378601,1.465000033378601,1.465000033378601,318.0
2024-03-01 11:37:00,IMVT,36.2599983215332,36.2599983215332,36.2599983215332,36.2599983215332,36.2599983215332,763.0
2024-03-01 11:37:00,INAB,1.1100000143051147,1.1100000143051147,1.1100000143051147,1.1100000143051147,1.1100000143051147,2167.0
2024-03-01 11:37:00,INBX,36.86000061035156,36.86000061035156,36.86000061035156,36.86000061035156,36.86000061035156,350.0
2024-03-01 11:37:00,INCY,59.0,59.0,59.02000045776367,59.0,59.0099983215332,1244.0
2024-03-01 11:37:00,INGN,6.860000133514404,6.860000133514404,6.860000133514404,6.800000190734863,6.800000190734863,4817.0
2024-03-01 11:37:00,INMB,12.0,12.0,12.083900451660156,12.0,12.0,390.0
2024-03-01 11:37:00,INMD,22.729999542236328,22.729999542236328,22.729999542236328,22.678499221801758,22.678499221801758,4174.0
2024-03-01 11:37:00,INO,9.350000381469727,9.350000381469727,9.350000381469727,9.309800148010254,9.309800148010254,2793.0
2024-03-01 11:37:00,INSM,28.15999984741211,28.15999984741211,28.15999984741211,28.15999984741211,28.15999984741211,1100.0
2024-03-01 11:37:00,INVA,15.675000190734863,15.675000190734863,15.680000305175781,15.649999618530273,15.649999618530273,3339.0
2024-03-01 11:37:00,INZY,6.5,6.5,6.505000114440918,6.5,6.5,644.0
2024-03-01 11:37:00,IONS,45.904998779296875,45.904998779296875,45.904998779296875,45.869998931884766,45.869998931884766,852.0
2024-03-01 11:37:00,IOVA,16.520000457763672,16.520000457763672,16.56999969482422,16.510000228881836,16.514999389648438,9329.0
2024-03-01 11:37:00,IRMD,41.8650016784668,41.8650016784668,41.8650016784668,41.8650016784668,41.8650016784668,127.0
2024-03-01 11:37:00,IRTC,120.69499969482422,120.69499969482422,120.69499969482422,120.69499969482422,120.69499969482422,423.0
2024-03-01 11:37:00,IRWD,8.949999809265137,8.949999809265137,8.960000038146973,8.930000305175781,8.9399995803833,99991.0
2024-03-01 11:37:00,ISRG,393.0679931640625,393.0679931640625,393.0799865722656,392.94000244140625,392.94000244140625,2440.0
2024-03-01 11:37:00,ITCI,71.375,71.375,71.375,71.2699966430664,71.2699966430664,466.0
2024-03-01 11:37:00,ITOS,10.75,10.75,10.75,10.75,10.75,971.0
2024-03-01 11:37:00,IVVD,4.070000171661377,4.070000171661377,4.070000171661377,4.010000228881836,4.010000228881836,4159.0
2024-03-01 11:37:00,IXHL,5.400000095367432,5.400000095367432,5.400000095367432,5.389999866485596,5.389999866485596,439.0
2024-03-01 11:37:00,JAGX,0.07999999821186066,0.07999999821186066,0.07999999821186066,0.0794999971985817,0.07999999821186066,220650.0
2024-03-01 11:37:00,JANX,46.7400016784668,46.7400016784668,46.7400016784668,46.7400016784668,46.7400016784668,299.0
2024-03-01 11:37:00,JAZZ,119.41000366210938,119.41000366210938,119.51499938964844,119.41000366210938,119.51499938964844,919.0
2024-03-01 11:37:00,JSPR,20.850000381469727,20.850000381469727,20.979999542236328,20.850000381469727,20.850000381469727,866.0
2024-03-01 11:37:00,JYNT,10.076899528503418,10.076899528503418,10.076899528503418,10.076899528503418,10.076899528503418,1741.0
2024-03-01 11:37:00,KALV,14.010000228881836,14.010000228881836,14.010000228881836,13.920000076293945,13.920000076293945,3245.0
2024-03-01 11:37:00,KNSA,21.920000076293945,21.920000076293945,21.93000030517578,21.8799991607666,21.93000030517578,590.0
2024-03-01 11:37:00,KNTE,2.615000009536743,2.615000009536743,2.615000009536743,2.615000009536743,2.615000009536743,300.0
2024-03-01 11:37:00,KPTI,1.215000033378601,1.215000033378601,1.215000033378601,1.215000033378601,1.215000033378601,600.0
2024-03-01 11:37:00,KROS,69.0,69.0,69.0,68.88999938964844,69.0,530.0
2024-03-01 11:37:00,KRTX,316.510009765625,316.510009765625,316.57000732421875,316.5,316.510009765625,999.0
2024-03-01 11:37:00,KRYS,167.47500610351562,167.47500610351562,167.47500610351562,167.47500610351562,167.47500610351562,346.0
2024-03-01 11:37:00,KTRA,0.09880000352859497,0.09880000352859497,0.09920000284910202,0.09870000183582306,0.09880000352859497,3927.0
2024-03-01 11:37:00,KURA,21.34000015258789,21.34000015258789,21.350000381469727,21.34000015258789,21.34000015258789,2917.0
2024-03-01 11:37:00,KYMR,43.810001373291016,43.810001373291016,43.810001373291016,43.810001373291016,43.810001373291016,348.0
2024-03-01 11:37:00,KZR,1.090000033378601,1.090000033378601,1.090000033378601,1.0850000381469727,1.0850000381469727,2009.0
2024-03-01 11:37:00,LAB,2.440000057220459,2.440000057220459,2.440000057220459,2.430000066757202,2.430000066757202,3001.0
2024-03-01 11:37:00,LEGN,66.0,66.0,66.0199966430664,65.9800033569336,66.0199966430664,1068.0
2024-03-01 11:37:00,LEXX,2.619999885559082,2.619999885559082,2.640000104904175,2.619999885559082,2.640000104904175,1392.0
2024-03-01 11:37:00,LFMD,7.96999979019165,7.96999979019165,7.96999979019165,7.960000038146973,7.960000038146973,813.0
2024-03-01 11:37:00,LFST,7.994999885559082,7.994999885559082,7.994999885559082,7.989999771118164,7.989999771118164,2141.0
2024-03-01 11:37:00,LGVN,0.5329999923706055,0.5329999923706055,0.5329999923706055,0.5329999923706055,0.5329999923706055,100.0
2024-03-01 11:37:00,LIAN,4.860000133514404,4.860000133514404,4.860000133514404,4.860000133514404,4.860000133514404,100.0
2024-03-01 11:37:00,LMAT,67.38880157470703,67.38880157470703,67.38880157470703,67.38880157470703,67.38880157470703,299.0
2024-03-01 11:37:00,LNTH,65.12999725341797,65.12999725341797,65.16999816894531,65.11000061035156,65.11000061035156,600.0
2024-03-01 11:37:00,LQDA,14.3302001953125,14.3302001953125,14.3302001953125,14.3149995803833,14.3149995803833,2259.0
2024-03-01 11:37:00,LTRN,4.60290002822876,4.60290002822876,4.608500003814697,4.60290002822876,4.608500003814697,624.0
2024-03-01 11:37:00,LUCD,1.2300000190734863,1.2300000190734863,1.2300000190734863,1.2300000190734863,1.2300000190734863,116.0
2024-03-01 11:37:00,LUNG,9.260000228881836,9.260000228881836,9.260000228881836,9.260000228881836,9.260000228881836,756.0
2024-03-01 11:37:00,LXRX,2.4110000133514404,2.4110000133514404,2.4149999618530273,2.4000000953674316,2.4000000953674316,6463.0
2024-03-01 11:37:00,LYEL,3.1600000858306885,3.1600000858306885,3.1700000762939453,3.1600000858306885,3.1600000858306885,1495.0
2024-03-01 11:37:00,MASI,126.73999786376953,126.73999786376953,126.73999786376953,126.73999786376953,126.73999786376953,450.0
2024-03-01 11:37:00,MASS,7.355000019073486,7.355000019073486,7.389999866485596,7.355000019073486,7.389999866485596,739.0
2024-03-01 11:37:00,MBIO,1.3515000343322754,1.3515000343322754,1.3515000343322754,1.3515000343322754,1.3515000343322754,219.0
2024-03-01 11:37:00,MCRB,1.1990000009536743,1.1990000009536743,1.1999000310897827,1.1990000009536743,1.1999000310897827,749.0
2024-03-01 11:37:00,MDGL,242.0,242.0,242.0,242.0,242.0,245.0
2024-03-01 11:37:00,MDRX,5.980000019073486,5.980000019073486,6.0,5.980000019073486,6.0,22618.0
2024-03-01 11:37:00,MDXG,8.569999694824219,8.569999694824219,8.579999923706055,8.569999694824219,8.569999694824219,5253.0
2024-03-01 11:37:00,ME,0.573074996471405,0.573074996471405,0.5737000107765198,0.5727999806404114,0.5737000107765198,15881.0
2024-03-01 11:37:00,MESO,2.0492000579833984,2.0492000579833984,2.0492000579833984,2.0492000579833984,2.0492000579833984,500.0
2024-03-01 11:37:00,MGNX,19.260000228881836,19.260000228881836,19.274999618530273,19.260000228881836,19.274999618530273,870.0
2024-03-01 11:37:00,MIRM,30.094999313354492,30.094999313354492,30.104999542236328,30.059999465942383,30.059999465942383,3459.0
2024-03-01 11:37:00,MMSI,76.34500122070312,76.34500122070312,76.41500091552734,76.30999755859375,76.30999755859375,974.0
2024-03-01 11:37:00,MNKD,4.657899856567383,4.657899856567383,4.657899856567383,4.65500020980835,4.65500020980835,589.0
2024-03-01 11:37:00,MODD,1.909999966621399,1.909999966621399,1.909999966621399,1.909999966621399,1.909999966621399,300.0
2024-03-01 11:37:00,MODV,27.645000457763672,27.645000457763672,27.645000457763672,27.645000457763672,27.645000457763672,213.0
2024-03-01 11:37:00,MOR,17.6200008392334,17.6200008392334,17.6200008392334,17.600000381469727,17.600000381469727,1459.0
2024-03-01 11:37:00,MORF,38.560001373291016,38.560001373291016,38.560001373291016,38.560001373291016,38.560001373291016,200.0
2024-03-01 11:37:00,MREO,3.8087000846862793,3.8087000846862793,3.815000057220459,3.7899999618530273,3.7899999618530273,29354.0
2024-03-01 11:37:00,MRNA,96.19999694824219,96.19999694824219,96.33999633789062,96.19000244140625,96.19999694824219,14230.0
2024-03-01 11:37:00,MRNS,9.859999656677246,9.859999656677246,9.859999656677246,9.850000381469727,9.850000381469727,1305.0
2024-03-01 11:37:00,MRSN,6.005000114440918,6.005000114440918,6.03000020980835,5.994999885559082,5.994999885559082,19613.0
2024-03-01 11:37:00,MRUS,51.1349983215332,51.1349983215332,51.20000076293945,51.060001373291016,51.1349983215332,833.0
2024-03-01 11:37:00,MRVI,7.835000038146973,7.835000038146973,7.835000038146973,7.829999923706055,7.829999923706055,1067.0
2024-03-01 11:37:00,MXCT,4.744999885559082,4.744999885559082,4.75,4.744999885559082,4.75,524.0
2024-03-01 11:37:00,NARI,46.25,46.25,46.25,46.06999969482422,46.099998474121094,4244.0
2024-03-01 11:37:00,NBIX,130.61000061035156,130.61000061035156,130.64999389648438,130.4250030517578,130.4499969482422,1899.0
2024-03-01 11:37:00,NEOG,17.184999465942383,17.184999465942383,17.190000534057617,17.184999465942383,17.184999465942383,1407.0
2024-03-01 11:37:00,NEPT,0.4449999928474426,0.4449999928474426,0.4449999928474426,0.4449999928474426,0.4449999928474426,2378.0
2024-03-01 11:37:00,NKTR,0.7653999924659729,0.7653999924659729,0.7677000164985657,0.7631000280380249,0.7631000280380249,4922.0
2024-03-01 11:37:00,NKTX,12.744999885559082,12.744999885559082,12.75,12.699999809265137,12.699999809265137,3636.0
2024-03-01 11:37:00,NNOX,11.029899597167969,11.029899597167969,11.029899597167969,11.005000114440918,11.005000114440918,973.0
2024-03-01 11:37:00,NOTV,8.09000015258789,8.09000015258789,8.09000015258789,8.09000015258789,8.09000015258789,473.0
2024-03-01 11:37:00,NRC,40.459999084472656,40.459999084472656,40.459999084472656,40.459999084472656,40.459999084472656,288.0
2024-03-01 11:37:00,NRIX,13.229999542236328,13.229999542236328,13.229999542236328,13.210000038146973,13.210000038146973,1603.0
2024-03-01 11:37:00,NRSNW,0.2800000011920929,0.2800000011920929,0.2800000011920929,0.2800000011920929,0.2800000011920929,0.0
2024-03-01 11:37:00,NRXP,0.4171000123023987,0.4171000123023987,0.4235999882221222,0.4171000123023987,0.4235999882221222,2588.0
2024-03-01 11:37:00,NTLA,33.630001068115234,33.630001068115234,33.630001068115234,33.563899993896484,33.599998474121094,1564.0
2024-03-01 11:37:00,NTRA,89.26000213623047,89.26000213623047,89.26000213623047,89.13999938964844,89.13999938964844,818.0
2024-03-01 11:37:00,NURO,4.03000020980835,4.03000020980835,4.031000137329102,4.03000020980835,4.031000137329102,2449.0
2024-03-01 11:37:00,NUVL,87.58000183105469,87.58000183105469,87.58000183105469,87.58000183105469,87.58000183105469,288.0
2024-03-01 11:37:00,NVAX,5.210000038146973,5.210000038146973,5.21999979019165,5.191199779510498,5.191199779510498,52353.0
2024-03-01 11:37:00,NVCR,15.859999656677246,15.859999656677246,15.859999656677246,15.850000381469727,15.850000381469727,1676.0
2024-03-01 11:37:00,NVNO,6.499899864196777,6.499899864196777,6.499899864196777,6.499899864196777,6.499899864196777,1000.0
2024-03-01 11:37:00,NXTC,1.8049999475479126,1.8049999475479126,1.8049999475479126,1.8049999475479126,1.8049999475479126,100.0
2024-03-01 11:37:00,OCGN,0.9282000064849854,0.9282000064849854,0.9287499785423279,0.9282000064849854,0.9282000064849854,548.0
2024-03-01 11:37:00,OCUL,10.449999809265137,10.449999809265137,10.449999809265137,10.420000076293945,10.420000076293945,2339.0
2024-03-01 11:37:00,OFIX,12.904999732971191,12.904999732971191,12.930000305175781,12.899999618530273,12.930000305175781,2433.0
2024-03-01 11:37:00,OGI,2.115000009536743,2.115000009536743,2.115000009536743,2.115000009536743,2.115000009536743,262.0
2024-03-01 11:37:00,OLK,22.579999923706055,22.579999923706055,22.6299991607666,22.579999923706055,22.6200008392334,2947.0
2024-03-01 11:37:00,OLMA,13.380000114440918,13.380000114440918,13.380000114440918,13.324999809265137,13.324999809265137,2756.0
2024-03-01 11:37:00,OM,3.132499933242798,3.132499933242798,3.132499933242798,3.132499933242798,3.132499933242798,100.0
2024-03-01 11:37:00,OMGA,4.230000019073486,4.230000019073486,4.239999771118164,4.230000019073486,4.230000019073486,812.0
2024-03-01 11:37:00,ONCY,1.1296000480651855,1.1296000480651855,1.1296000480651855,1.1296000480651855,1.1296000480651855,233.0
2024-03-01 11:37:00,ONVO,1.0434999465942383,1.0434999465942383,1.0434999465942383,1.0434999465942383,1.0434999465942383,1002.0
2024-03-01 11:38:00,ABCL,5.184999942779541,5.184999942779541,5.184999942779541,5.184999942779541,5.184999942779541,350.0
2024-03-01 11:38:00,ABSI,5.199999809265137,5.199999809265137,5.21999979019165,5.199999809265137,5.21999979019165,336.0
2024-03-01 11:38:00,ABUS,2.779900074005127,2.779900074005127,2.7799999713897705,2.7750000953674316,2.779900074005127,1593.0
2024-03-01 11:38:00,ACAD,23.8700008392334,23.8700008392334,23.8700008392334,23.8700008392334,23.8700008392334,416.0
2024-03-01 11:38:00,ACB,3.140000104904175,3.140000104904175,3.1500000953674316,3.140000104904175,3.1500000953674316,2451.0
2024-03-01 11:38:00,ACET,2.4049999713897705,2.4049999713897705,2.4049999713897705,2.4000000953674316,2.4049999713897705,1061.0
2024-03-01 11:38:00,ACHC,83.93160247802734,83.93160247802734,83.93160247802734,83.93160247802734,83.93160247802734,316.0
2024-03-01 11:38:00,ACLX,67.58999633789062,67.58999633789062,67.62000274658203,67.54000091552734,67.62000274658203,1064.0
2024-03-01 11:38:00,ACON,0.3869999945163727,0.3869999945163727,0.3869999945163727,0.3869999945163727,0.3869999945163727,218.0
2024-03-01 11:38:00,ADIL,2.994999885559082,2.994999885559082,3.0299999713897705,2.9600000381469727,3.0020999908447266,28287.0
2024-03-01 11:38:00,ADMA,5.387499809265137,5.387499809265137,5.389999866485596,5.380000114440918,5.389999866485596,1318.0
2024-03-01 11:38:00,ADPT,4.195000171661377,4.195000171661377,4.195000171661377,4.190000057220459,4.190000057220459,562.0
2024-03-01 11:38:00,ADVM,1.9700000286102295,1.9700000286102295,1.9700000286102295,1.9700000286102295,1.9700000286102295,500.0
2024-03-01 11:38:00,AGEN,0.6700000166893005,0.6700000166893005,0.6711999773979187,0.6672000288963318,0.6672000288963318,90953.0
2024-03-01 11:38:00,AGIO,32.93000030517578,32.93000030517578,32.93000030517578,32.92499923706055,32.92499923706055,791.0
2024-03-01 11:38:00,AIMD,0.949999988079071,0.949999988079071,0.949999988079071,0.949999988079071,0.949999988079071,110.0
2024-03-01 11:38:00,AKAN,0.24250000715255737,0.24250000715255737,0.2460000067949295,0.24120000004768372,0.24500000476837158,2701.0
2024-03-01 11:38:00,AKBA,1.659999966621399,1.659999966621399,1.659999966621399,1.659999966621399,1.659999966621399,608.0
2024-03-01 11:38:00,AKLI,0.33510100841522217,0.33510100841522217,0.3361999988555908,0.33510100841522217,0.3361999988555908,4176.0
2024-03-01 11:38:00,AKRO,28.979999542236328,28.979999542236328,29.049999237060547,28.950000762939453,29.045000076293945,31850.0
2024-03-01 11:38:00,AKYA,6.039999961853027,6.039999961853027,6.039999961853027,6.0,6.019999980926514,2198.0
2024-03-01 11:38:00,ALDX,4.179900169372559,4.179900169372559,4.179900169372559,4.179900169372559,4.179900169372559,590.0
2024-03-01 11:38:00,ALEC,7.510000228881836,7.510000228881836,7.510000228881836,7.510000228881836,7.510000228881836,311.0
2024-03-01 11:38:00,ALGN,300.19000244140625,300.19000244140625,300.19000244140625,300.0627136230469,300.0627136230469,2608.0
2024-03-01 11:38:00,ALHC,5.730000019073486,5.730000019073486,5.75,5.730000019073486,5.75,1332.0
2024-03-01 11:38:00,ALKS,30.200000762939453,30.200000762939453,30.209999084472656,30.200000762939453,30.200000762939453,1601.0
2024-03-01 11:38:00,ALLK,1.590000033378601,1.590000033378601,1.5950000286102295,1.590000033378601,1.5950000286102295,1284.0
2024-03-01 11:38:00,ALLO,5.059999942779541,5.059999942779541,5.06879997253418,5.059999942779541,5.06879997253418,1840.0
2024-03-01 11:38:00,ALPN,35.775001525878906,35.775001525878906,35.784000396728516,35.77000045776367,35.77000045776367,3332.0
2024-03-01 11:38:00,ALT,12.1899995803833,12.1899995803833,12.210000038146973,12.1899995803833,12.20009994506836,2491.0
2024-03-01 11:38:00,AMED,93.62999725341797,93.62999725341797,93.62999725341797,93.61499786376953,93.62999725341797,541.0
2024-03-01 11:38:00,AMGN,281.3500061035156,281.3500061035156,281.375,281.32000732421875,281.364990234375,6283.0
2024-03-01 11:38:00,AMPH,45.584999084472656,45.584999084472656,45.584999084472656,45.584999084472656,45.584999084472656,710.0
2024-03-01 11:38:00,AMRN,1.0549999475479126,1.0549999475479126,1.0599000453948975,1.0499999523162842,1.0549999475479126,3109.0
2024-03-01 11:38:00,ANGO,5.529900074005127,5.529900074005127,5.529900074005127,5.529300212860107,5.529300212860107,805.0
2024-03-01 11:38:00,ANNX,5.989999771118164,5.989999771118164,6.0,5.989999771118164,6.0,239424.0
2024-03-01 11:38:00,ANTX,3.0199999809265137,3.0199999809265137,3.0199999809265137,3.0,3.0,2883.0
2024-03-01 11:38:00,APLS,65.13999938964844,65.13999938964844,65.16000366210938,65.08000183105469,65.08000183105469,1217.0
2024-03-01 11:38:00,APLT,7.139999866485596,7.139999866485596,7.139999866485596,7.139999866485596,7.139999866485596,252.0
2024-03-01 11:38:00,AQST,4.299900054931641,4.299900054931641,4.304999828338623,4.295000076293945,4.295000076293945,13766.0
2024-03-01 11:38:00,ARAY,2.630000114440918,2.630000114440918,2.630000114440918,2.630000114440918,2.630000114440918,2693.0
2024-03-01 11:38:00,ARDX,9.470000267028809,9.470000267028809,9.494999885559082,9.470000267028809,9.489999771118164,8098.0
2024-03-01 11:38:00,ARGX,388.739990234375,388.739990234375,389.0400085449219,388.7300109863281,389.0400085449219,1388.0
2024-03-01 11:38:00,ARQT,11.350000381469727,11.350000381469727,11.375300407409668,11.350000381469727,11.369999885559082,7353.0
2024-03-01 11:38:00,ARVN,48.61000061035156,48.61000061035156,48.689998626708984,48.61000061035156,48.689998626708984,1510.0
2024-03-01 11:38:00,ARWR,35.81999969482422,35.81999969482422,35.849998474121094,35.81999969482422,35.849998474121094,1110.0
2024-03-01 11:38:00,ASLN,0.781000018119812,0.781000018119812,0.8004999756813049,0.781000018119812,0.8004999756813049,21700.0
2024-03-01 11:38:00,ASND,149.88999938964844,149.88999938964844,149.9199981689453,149.88999938964844,149.9199981689453,435.0
2024-03-01 11:38:00,ASRT,0.9100000262260437,0.9100000262260437,0.9100000262260437,0.9055500030517578,0.9055500030517578,201.0
2024-03-01 11:38:00,ATAI,2.0299999713897705,2.0299999713897705,2.0299999713897705,2.0199999809265137,2.0199999809265137,16795.0
2024-03-01 11:38:00,ATEC,13.630000114440918,13.630000114440918,13.630000114440918,13.609999656677246,13.614999771118164,5159.0
2024-03-01 11:38:00,ATHA,4.005000114440918,4.005000114440918,4.005000114440918,4.005000114440918,4.005000114440918,439.0
2024-03-01 11:38:00,ATRA,0.8047500252723694,0.8047500252723694,0.8065000176429749,0.8047500252723694,0.8047999739646912,609.0
2024-03-01 11:38:00,ATRC,36.11000061035156,36.11000061035156,36.11000061035156,36.11000061035156,36.11000061035156,1040.0
2024-03-01 11:38:00,ATXI,0.15360000729560852,0.15360000729560852,0.15360000729560852,0.15360000729560852,0.15360000729560852,1971.0
2024-03-01 11:38:00,AUGX,4.570000171661377,4.570000171661377,4.570000171661377,4.570000171661377,4.570000171661377,100.0
2024-03-01 11:38:00,AUPH,5.789999961853027,5.789999961853027,5.804999828338623,5.789999961853027,5.795000076293945,18657.0
2024-03-01 11:38:00,AUTL,6.260000228881836,6.260000228881836,6.260000228881836,6.260000228881836,6.260000228881836,410.0
2024-03-01 11:38:00,AVDL,12.6850004196167,12.6850004196167,12.6850004196167,12.680000305175781,12.680000305175781,200.0
2024-03-01 11:38:00,AVTE,23.530000686645508,23.530000686645508,23.530000686645508,23.530000686645508,23.530000686645508,101.0
2024-03-01 11:38:00,AVXL,5.385000228881836,5.385000228881836,5.389999866485596,5.385000228881836,5.389999866485596,2419.0
2024-03-01 11:38:00,AXDX,1.0,1.0,1.0,1.0,1.0,152.0
2024-03-01 11:38:00,AXSM,82.63999938964844,82.63999938964844,82.63999938964844,82.63500213623047,82.63500213623047,378.0
2024-03-01 11:38:00,AZN,64.50849914550781,64.50849914550781,64.5199966430664,64.49500274658203,64.5199966430664,13439.0
2024-03-01 11:38:00,AZTA,66.29499816894531,66.29499816894531,66.29499816894531,66.27999877929688,66.27999877929688,374.0
2024-03-01 11:38:00,BBIO,35.834999084472656,35.834999084472656,35.89500045776367,35.83000183105469,35.89500045776367,1708.0
2024-03-01 11:38:00,BBLG,2.3299999237060547,2.3299999237060547,2.3299999237060547,2.3299999237060547,2.3299999237060547,1071.0
2024-03-01 11:38:00,BCAB,2.7850000858306885,2.7850000858306885,2.7850000858306885,2.7850000858306885,2.7850000858306885,110.0
2024-03-01 11:38:00,BCDA,0.5680000185966492,0.5680000185966492,0.5680000185966492,0.5680000185966492,0.5680000185966492,100.0
2024-03-01 11:38:00,BCEL,0.2702000141143799,0.2702000141143799,0.2702000141143799,0.2702000141143799,0.2702000141143799,100.0
2024-03-01 11:38:00,BCRX,5.800000190734863,5.800000190734863,5.809899806976318,5.800000190734863,5.804999828338623,957.0
2024-03-01 11:38:00,BDTX,5.045000076293945,5.045000076293945,5.062399864196777,5.04010009765625,5.062399864196777,6559.0
2024-03-01 11:38:00,BEAM,40.209999084472656,40.209999084472656,40.28990173339844,40.209999084472656,40.25749969482422,598.0
2024-03-01 11:38:00,BFRI,0.8600000143051147,0.8600000143051147,0.8600000143051147,0.8600000143051147,0.8600000143051147,100.0
2024-03-01 11:38:00,BIOL,0.13950000703334808,0.13950000703334808,0.13950000703334808,0.13950000703334808,0.13950000703334808,1111.0
2024-03-01 11:38:00,BIVI,2.2402000427246094,2.2402000427246094,2.25,2.2100000381469727,2.2200000286102295,101750.0
2024-03-01 11:38:00,BLUE,1.600000023841858,1.600000023841858,1.600000023841858,1.590000033378601,1.600000023841858,16494.0
2024-03-01 11:38:00,BMEA,17.940000534057617,17.940000534057617,17.940000534057617,17.940000534057617,17.940000534057617,511.0
2024-03-01 11:38:00,BMRN,86.94999694824219,86.94999694824219,87.0250015258789,86.94000244140625,87.0250015258789,4139.0
2024-03-01 11:38:00,BNOX,1.235700011253357,1.235700011253357,1.235700011253357,1.235700011253357,1.235700011253357,150.0
2024-03-01 11:38:00,BPMC,96.5999984741211,96.5999984741211,96.61000061035156,96.5999984741211,96.61000061035156,757.0
2024-03-01 11:38:00,BRKR,87.91000366210938,87.91000366210938,87.91000366210938,87.91000366210938,87.91000366210938,264.0
2024-03-01 11:38:00,BTAI,3.240000009536743,3.240000009536743,3.240000009536743,3.2399001121520996,3.2399001121520996,2534.0
2024-03-01 11:38:00,CADL,1.6799999475479126,1.6799999475479126,1.6900999546051025,1.6799999475479126,1.690000057220459,2845.0
2024-03-01 11:38:00,CARA,0.9009000062942505,0.9009000062942505,0.9009000062942505,0.8801000118255615,0.9009000062942505,2296.0
2024-03-01 11:38:00,CBAY,32.244998931884766,32.244998931884766,32.244998931884766,32.240501403808594,32.244998931884766,842.0
2024-03-01 11:38:00,CCCC,10.960000038146973,10.960000038146973,10.989999771118164,10.960000038146973,10.989999771118164,3358.0
2024-03-01 11:38:00,CDNA,12.609999656677246,12.609999656677246,12.609999656677246,12.59000015258789,12.59000015258789,1497.0
2024-03-01 11:38:00,CDXS,4.445000171661377,4.445000171661377,4.4481000900268555,4.440000057220459,4.4481000900268555,2641.0
2024-03-01 11:38:00,CERE,41.130001068115234,41.130001068115234,41.14500045776367,41.130001068115234,41.13999938964844,1502.0
2024-03-01 11:38:00,CERS,2.2100000381469727,2.2100000381469727,2.2100000381469727,2.2100000381469727,2.2100000381469727,1515.0
2024-03-01 11:38:00,CERT,17.635000228881836,17.635000228881836,17.649999618530273,17.635000228881836,17.649999618530273,894.0
2024-03-01 11:38:00,CGC,3.2699999809265137,3.2699999809265137,3.2750000953674316,3.2699999809265137,3.2699999809265137,5276.0
2024-03-01 11:38:00,CGEN,2.684999942779541,2.684999942779541,2.684999942779541,2.684999942779541,2.684999942779541,954.0
2024-03-01 11:38:00,CGTX,2.049999952316284,2.049999952316284,2.049999952316284,2.049999952316284,2.049999952316284,301.0
2024-03-01 11:38:00,CHRS,2.3299999237060547,2.3299999237060547,2.3399999141693115,2.3299999237060547,2.3399999141693115,867.0
2024-03-01 11:38:00,CING,1.3700000047683716,1.3700000047683716,1.3700000047683716,1.3600000143051147,1.3600000143051147,1348.0
2024-03-01 11:38:00,CJJD,2.930000066757202,2.930000066757202,2.930000066757202,2.9240000247955322,2.9240000247955322,2014.0
2024-03-01 11:38:00,CKPT,2.190000057220459,2.190000057220459,2.190000057220459,2.190000057220459,2.190000057220459,123.0
2024-03-01 11:38:00,CLDX,52.34000015258789,52.34000015258789,52.369998931884766,52.33000183105469,52.33000183105469,2109.0
2024-03-01 11:38:00,CLNN,0.39500001072883606,0.39500001072883606,0.39500001072883606,0.3947489857673645,0.3947489857673645,1153.0
2024-03-01 11:38:00,CLRB,4.135000228881836,4.135000228881836,4.135000228881836,4.135000228881836,4.135000228881836,1250.0
2024-03-01 11:38:00,CMPS,11.274999618530273,11.274999618530273,11.289999961853027,11.255000114440918,11.270000457763672,2729.0
2024-03-01 11:38:00,COGT,7.25,7.25,7.25,7.25,7.25,150.0
2024-03-01 11:38:00,CORT,23.875,23.875,23.875,23.875,23.875,232.0
2024-03-01 11:38:00,CPRX,17.040000915527344,17.040000915527344,17.049999237060547,17.040000915527344,17.040000915527344,3276.0
2024-03-01 11:38:00,CPSI,9.489999771118164,9.489999771118164,9.489999771118164,9.489999771118164,9.489999771118164,201.0
2024-03-01 11:38:00,CRBP,31.559999465942383,31.559999465942383,31.559999465942383,31.559999465942383,31.559999465942383,144.0
2024-03-01 11:38:00,CRBU,8.010000228881836,8.010000228881836,8.024999618530273,8.0,8.010000228881836,8617.0
2024-03-01 11:38:00,CRDF,2.440000057220459,2.440000057220459,2.4493000507354736,2.430000066757202,2.4493000507354736,18634.0
2024-03-01 11:38:00,CRDL,2.0055999755859375,2.0055999755859375,2.0055999755859375,2.0055999755859375,2.0055999755859375,954.0
2024-03-01 11:38:00,CRNX,46.25,46.25,46.31999969482422,46.18000030517578,46.31999969482422,1151.0
2024-03-01 11:38:00,CRON,2.065000057220459,2.065000057220459,2.0659000873565674,2.065000057220459,2.065000057220459,501.0
2024-03-01 11:38:00,CRSP,85.76499938964844,85.76499938964844,85.77999877929688,85.76499938964844,85.7750015258789,1090.0
2024-03-01 11:38:00,CSTL,20.014999389648438,20.014999389648438,20.014999389648438,19.959999084472656,20.0,3109.0
2024-03-01 11:38:00,CTMX,2.5799999237060547,2.5799999237060547,2.5799999237060547,2.565000057220459,2.569999933242798,2285.0
2024-03-01 11:38:00,CUE,2.140000104904175,2.140000104904175,2.140000104904175,2.140000104904175,2.140000104904175,326.0
2024-03-01 11:38:00,CVRX,20.1200008392334,20.1200008392334,20.139999389648438,20.06999969482422,20.06999969482422,3076.0
2024-03-01 11:38:00,CYTK,73.92500305175781,73.92500305175781,73.98500061035156,73.91500091552734,73.91500091552734,2674.0
2024-03-01 11:38:00,CYTO,2.130000114440918,2.130000114440918,2.130000114440918,2.130000114440918,2.130000114440918,594.0
2024-03-01 11:38:00,DCGO,4.123000144958496,4.123000144958496,4.135000228881836,4.119999885559082,4.130000114440918,3871.0
2024-03-01 11:38:00,DCPH,17.100000381469727,17.100000381469727,17.110000610351562,17.06999969482422,17.06999969482422,1707.0
2024-03-01 11:38:00,DCTH,4.210000038146973,4.210000038146973,4.210000038146973,4.210000038146973,4.210000038146973,397.0
2024-03-01 11:38:00,DH,9.020000457763672,9.020000457763672,9.020000457763672,9.020000457763672,9.020000457763672,102.0
2024-03-01 11:38:00,DMTK,0.8497999906539917,0.8497999906539917,0.8497999906539917,0.8497999906539917,0.8497999906539917,222.0
2024-03-01 11:38:00,DNLI,20.860000610351562,20.860000610351562,20.8799991607666,20.860000610351562,20.8799991607666,520.0
2024-03-01 11:38:00,DTIL,12.5600004196167,12.5600004196167,12.619999885559082,12.5600004196167,12.619999885559082,346.0
2024-03-01 11:38:00,DVAX,12.859999656677246,12.859999656677246,12.888999938964844,12.850000381469727,12.88070011138916,6952.0
2024-03-01 11:38:00,DXCM,118.80999755859375,118.80999755859375,118.83999633789062,118.68000030517578,118.72000122070312,6076.0
2024-03-01 11:38:00,DYN,28.889999389648438,28.889999389648438,28.889999389648438,28.889999389648438,28.889999389648438,261.0
2024-03-01 11:38:00,EDIT,10.895000457763672,10.895000457763672,10.904999732971191,10.890000343322754,10.899999618530273,14294.0
2024-03-01 11:38:00,EFTR,15.113499641418457,15.113499641418457,15.113499641418457,14.979999542236328,14.979999542236328,1303.0
2024-03-01 11:38:00,EGRX,6.684999942779541,6.684999942779541,6.684999942779541,6.684999942779541,6.684999942779541,100.0
2024-03-01 11:38:00,EIGR,6.269999980926514,6.269999980926514,6.269999980926514,6.269999980926514,6.269999980926514,107.0
2024-03-01 11:38:00,ELEV,4.960000038146973,4.960000038146973,5.019999980926514,4.949999809265137,5.010000228881836,38993.0
2024-03-01 11:38:00,ENSC,0.9498999714851379,0.9498999714851379,0.949999988079071,0.9498999714851379,0.949999988079071,8008.0
2024-03-01 11:38:00,ENSG,123.55500030517578,123.55500030517578,123.55500030517578,123.55500030517578,123.55500030517578,170.0
2024-03-01 11:38:00,ENTA,15.225000381469727,15.225000381469727,15.225000381469727,15.1899995803833,15.201000213623047,1237.0
2024-03-01 11:38:00,ENVB,1.5800000429153442,1.5800000429153442,1.5801000595092773,1.5399999618530273,1.5399999618530273,19427.0
2024-03-01 11:38:00,EOLS,14.630000114440918,14.630000114440918,14.630000114440918,14.630000114440918,14.630000114440918,180.0
2024-03-01 11:38:00,ERAS,2.5250000953674316,2.5250000953674316,2.5250000953674316,2.5250000953674316,2.5250000953674316,150.0
2024-03-01 11:38:00,ESPR,2.5250000953674316,2.5250000953674316,2.5299999713897705,2.5250000953674316,2.5250000953674316,1548.0
2024-03-01 11:38:00,ETNB,12.960000038146973,12.960000038146973,12.960000038146973,12.960000038146973,12.960000038146973,633.0
2024-03-01 11:38:00,ETON,4.449999809265137,4.449999809265137,4.449999809265137,4.449999809265137,4.449999809265137,327.0
2024-03-01 11:38:00,EVGN,0.9603999853134155,0.9603999853134155,0.9603999853134155,0.9603999853134155,0.9603999853134155,100.0
2024-03-01 11:38:00,EXAI,6.815000057220459,6.815000057220459,6.815000057220459,6.815000057220459,6.815000057220459,1140.0
2024-03-01 11:38:00,EXAS,59.775001525878906,59.775001525878906,59.80099868774414,59.775001525878906,59.80099868774414,2826.0
2024-03-01 11:38:00,EXEL,22.4950008392334,22.4950008392334,22.5,22.4950008392334,22.4950008392334,1706.0
2024-03-01 11:38:00,EYEN,2.25,2.25,2.25,2.25,2.25,342.0
2024-03-01 11:38:00,EYPT,28.149999618530273,28.149999618530273,28.149999618530273,28.149999618530273,28.149999618530273,420.0
2024-03-01 11:38:00,FATE,7.430500030517578,7.430500030517578,7.449999809265137,7.430500030517578,7.449999809265137,1035.0
2024-03-01 11:38:00,FBRX,0.710099995136261,0.710099995136261,0.710099995136261,0.710099995136261,0.710099995136261,1420.0
2024-03-01 11:38:00,FDMT,29.385000228881836,29.385000228881836,29.43000030517578,29.34000015258789,29.344999313354492,4302.0
2024-03-01 11:38:00,FGEN,1.809999942779541,1.809999942779541,1.8136999607086182,1.809999942779541,1.8112000226974487,2997.0
2024-03-01 11:38:00,FLGT,23.43000030517578,23.43000030517578,23.43000030517578,23.43000030517578,23.43000030517578,100.0
2024-03-01 11:38:00,FOLD,13.350000381469727,13.350000381469727,13.350000381469727,13.350000381469727,13.350000381469727,231.0
2024-03-01 11:38:00,FULC,10.850000381469727,10.850000381469727,10.859999656677246,10.850000381469727,10.859999656677246,11531.0
2024-03-01 11:38:00,FUSN,12.25,12.25,12.25,12.239999771118164,12.239999771118164,9298.0
2024-03-01 11:38:00,GALT,2.009999990463257,2.009999990463257,2.009999990463257,2.009999990463257,2.009999990463257,200.0
2024-03-01 11:38:00,GBIO,2.619999885559082,2.619999885559082,2.619999885559082,2.619999885559082,2.619999885559082,200.0
2024-03-01 11:38:00,GERN,2.174999952316284,2.174999952316284,2.180000066757202,2.1700000762939453,2.174999952316284,10488.0
2024-03-01 11:38:00,GH,19.260000228881836,19.260000228881836,19.260000228881836,19.2549991607666,19.2549991607666,604.0
2024-03-01 11:38:00,GHRS,8.895000457763672,8.895000457763672,8.895000457763672,8.895000457763672,8.895000457763672,1302.0
2024-03-01 11:38:00,GILD,72.44999694824219,72.44999694824219,72.50499725341797,72.44000244140625,72.5,11359.0
2024-03-01 11:38:00,GLPG,35.08000183105469,35.08000183105469,35.08000183105469,35.07500076293945,35.07500076293945,426.0
2024-03-01 11:38:00,GLYC,3.0299999713897705,3.0299999713897705,3.0299999713897705,3.0299999713897705,3.0299999713897705,123.0
2024-03-01 11:38:00,GMAB,29.344999313354492,29.344999313354492,29.349899291992188,29.320100784301758,29.320100784301758,1299.0
2024-03-01 11:38:00,GMDA,0.38089999556541443,0.38089999556541443,0.3815999925136566,0.38089999556541443,0.38100001215934753,13965.0
2024-03-01 11:38:00,GOSS,1.3600000143051147,1.3600000143051147,1.3600000143051147,1.3600000143051147,1.3600000143051147,100.0
2024-03-01 11:38:00,GRFS,7.139999866485596,7.139999866485596,7.144999980926514,7.135000228881836,7.139999866485596,7062.0
2024-03-01 11:38:00,GRTS,2.190000057220459,2.190000057220459,2.2090001106262207,2.190000057220459,2.2049999237060547,8537.0
2024-03-01 11:38:00,GTHX,3.6222000122070312,3.6222000122070312,3.630000114440918,3.6222000122070312,3.630000114440918,420.0
2024-03-01 11:38:00,HALO,41.10169982910156,41.10169982910156,41.10169982910156,41.06999969482422,41.07500076293945,637.0
2024-03-01 11:38:00,HARP,22.940000534057617,22.940000534057617,22.940000534057617,22.940000534057617,22.940000534057617,465.0
2024-03-01 11:38:00,HBIO,4.320000171661377,4.320000171661377,4.320000171661377,4.320000171661377,4.320000171661377,176.0
2024-03-01 11:38:00,HCAT,7.920000076293945,7.920000076293945,7.939899921417236,7.920000076293945,7.920000076293945,3452.0
2024-03-01 11:38:00,HCTI,2.700000047683716,2.700000047683716,2.7021000385284424,2.6500000953674316,2.6500000953674316,1591.0
2024-03-01 11:38:00,HOLX,73.75,73.75,73.7699966430664,73.73999786376953,73.75,2848.0
2024-03-01 11:38:00,HOTH,1.2999999523162842,1.2999999523162842,1.2999999523162842,1.2999999523162842,1.2999999523162842,134.0
2024-03-01 11:38:00,HQY,81.38999938964844,81.38999938964844,81.44999694824219,81.33000183105469,81.37999725341797,6340.0
2024-03-01 11:38:00,HRTX,2.640000104904175,2.640000104904175,2.640000104904175,2.634399890899658,2.639899969100952,1004.0
2024-03-01 11:38:00,HSIC,77.03500366210938,77.03500366210938,77.05999755859375,77.02999877929688,77.04000091552734,4029.0
2024-03-01 11:38:00,HSTM,27.510000228881836,27.510000228881836,27.530000686645508,27.510000228881836,27.530000686645508,1016.0
2024-03-01 11:38:00,HUMA,3.319200038909912,3.319200038909912,3.319999933242798,3.309999942779541,3.309999942779541,19469.0
2024-03-01 11:38:00,IART,36.45000076293945,36.45000076293945,36.459999084472656,36.45000076293945,36.459999084472656,941.0
2024-03-01 11:38:00,IBRX,4.901199817657471,4.901199817657471,4.920000076293945,4.901199817657471,4.920000076293945,3703.0
2024-03-01 11:38:00,ICLR,322.3599853515625,322.3599853515625,322.6099853515625,322.3599853515625,322.6099853515625,1140.0
2024-03-01 11:38:00,ICUI,105.88999938964844,105.88999938964844,105.88999938964844,105.83999633789062,105.83999633789062,357.0
2024-03-01 11:38:00,IDYA,46.189998626708984,46.189998626708984,46.19499969482422,46.189998626708984,46.19499969482422,241.0
2024-03-01 11:38:00,IFRX,1.8350000381469727,1.8350000381469727,1.8350000381469727,1.8350000381469727,1.8350000381469727,163.0
2024-03-01 11:38:00,IINN,1.6399999856948853,1.6399999856948853,1.6399999856948853,1.6399999856948853,1.6399999856948853,765.0
2024-03-01 11:38:00,ILMN,141.86000061035156,141.86000061035156,141.86000061035156,141.86000061035156,141.86000061035156,549.0
2024-03-01 11:38:00,IMAB,1.8550000190734863,1.8550000190734863,1.8600000143051147,1.8550000190734863,1.8550000190734863,2600.0
2024-03-01 11:38:00,IMCC,0.3240000009536743,0.3240000009536743,0.3249000012874603,0.3240000009536743,0.3249000012874603,587.0
2024-03-01 11:38:00,IMCR,68.70999908447266,68.70999908447266,68.70999908447266,68.70999908447266,68.70999908447266,144.0
2024-03-01 11:38:00,IMMX,3.5350000858306885,3.5350000858306885,3.5350000858306885,3.5350000858306885,3.5350000858306885,163.0
2024-03-01 11:38:00,IMNM,25.479999542236328,25.479999542236328,25.489999771118164,25.479999542236328,25.489999771118164,1105.0
2024-03-01 11:38:00,IMNN,1.0750000476837158,1.0750000476837158,1.0750000476837158,1.0750000476837158,1.0750000476837158,358.0
2024-03-01 11:38:00,IMUX,1.4700000286102295,1.4700000286102295,1.4700000286102295,1.465000033378601,1.4699000120162964,1277.0
2024-03-01 11:38:00,IMVT,36.28499984741211,36.28499984741211,36.290000915527344,36.28499984741211,36.290000915527344,262.0
2024-03-01 11:38:00,INCY,59.0099983215332,59.0099983215332,59.02000045776367,58.9900016784668,59.0,1542.0
2024-03-01 11:38:00,INGN,6.864999771118164,6.864999771118164,6.864999771118164,6.864999771118164,6.864999771118164,131.0
2024-03-01 11:38:00,INMB,12.005000114440918,12.005000114440918,12.119999885559082,12.005000114440918,12.109999656677246,664.0
2024-03-01 11:38:00,INMD,22.729999542236328,22.729999542236328,22.729999542236328,22.729999542236328,22.729999542236328,108.0
2024-03-01 11:38:00,INO,9.369999885559082,9.369999885559082,9.369999885559082,9.369999885559082,9.369999885559082,226.0
2024-03-01 11:38:00,INSM,28.1299991607666,28.1299991607666,28.149999618530273,28.1200008392334,28.149999618530273,1882.0
2024-03-01 11:38:00,INVA,15.699999809265137,15.699999809265137,15.699999809265137,15.680000305175781,15.680000305175781,2989.0
2024-03-01 11:38:00,IONS,45.900001525878906,45.900001525878906,45.900001525878906,45.89500045776367,45.89500045776367,396.0
2024-03-01 11:38:00,IOVA,16.540000915527344,16.540000915527344,16.540000915527344,16.514999389648438,16.520000457763672,12457.0
2024-03-01 11:38:00,IRIX,2.5799999237060547,2.5799999237060547,2.5999999046325684,2.5799999237060547,2.5999999046325684,3283.0
2024-03-01 11:38:00,IRWD,8.9399995803833,8.9399995803833,8.949999809265137,8.9399995803833,8.949999809265137,5687.0
2024-03-01 11:38:00,ISRG,392.9599914550781,392.9599914550781,393.0,392.7799987792969,392.92999267578125,1960.0
2024-03-01 11:38:00,ITOS,10.739999771118164,10.739999771118164,10.739999771118164,10.739999771118164,10.739999771118164,109.0
2024-03-01 11:38:00,IVVD,4.070000171661377,4.070000171661377,4.070000171661377,4.070000171661377,4.070000171661377,427.0
2024-03-01 11:38:00,JAGX,0.07959999889135361,0.07959999889135361,0.07999999821186066,0.07900000363588333,0.07999999821186066,1361442.0
2024-03-01 11:38:00,JANX,47.029998779296875,47.029998779296875,47.029998779296875,46.81999969482422,46.81999969482422,1963.0
2024-03-01 11:38:00,JAZZ,119.52999877929688,119.52999877929688,119.52999877929688,119.41000366210938,119.44999694824219,1632.0
2024-03-01 11:38:00,JSPR,20.850000381469727,20.850000381469727,20.989999771118164,20.850000381469727,20.850000381469727,534.0
2024-03-01 11:38:00,JYNT,10.0600004196167,10.0600004196167,10.0600004196167,10.0600004196167,10.0600004196167,220.0
2024-03-01 11:38:00,KALV,13.989999771118164,13.989999771118164,14.015000343322754,13.970000267028809,13.970000267028809,597.0
2024-03-01 11:38:00,KNSA,21.887500762939453,21.887500762939453,21.920000076293945,21.8700008392334,21.920000076293945,4355.0
2024-03-01 11:38:00,KNTE,2.615000009536743,2.615000009536743,2.615000009536743,2.615000009536743,2.615000009536743,300.0
2024-03-01 11:38:00,KPTI,1.218999981880188,1.218999981880188,1.2200000286102295,1.215000033378601,1.215000033378601,4737.0
2024-03-01 11:38:00,KROS,68.98500061035156,68.98500061035156,68.98500061035156,68.98500061035156,68.98500061035156,119.0
2024-03-01 11:38:00,KRTX,316.4200134277344,316.4200134277344,316.44000244140625,316.4200134277344,316.44000244140625,742.0
2024-03-01 11:38:00,KURA,21.34000015258789,21.34000015258789,21.354999542236328,21.34000015258789,21.354999542236328,504.0
2024-03-01 11:38:00,KZR,1.0950000286102295,1.0950000286102295,1.0950000286102295,1.090000033378601,1.090000033378601,3400.0
2024-03-01 11:38:00,LAB,2.440000057220459,2.440000057220459,2.440000057220459,2.434999942779541,2.434999942779541,3400.0
2024-03-01 11:38:00,LBPH,21.71500015258789,21.71500015258789,21.8799991607666,21.71500015258789,21.8799991607666,588.0
2024-03-01 11:38:00,LEGN,66.0250015258789,66.0250015258789,66.0250015258789,65.97920227050781,65.97920227050781,335.0
2024-03-01 11:38:00,LEXX,2.639899969100952,2.639899969100952,2.639899969100952,2.639899969100952,2.639899969100952,2401.0
2024-03-01 11:38:00,LFMD,7.96999979019165,7.96999979019165,7.96999979019165,7.96999979019165,7.96999979019165,100.0
2024-03-01 11:38:00,LFST,7.999899864196777,7.999899864196777,8.0,7.994999885559082,8.0,846.0
2024-03-01 11:38:00,LIAN,4.860000133514404,4.860000133514404,4.860000133514404,4.860000133514404,4.860000133514404,136.0
2024-03-01 11:38:00,LIVN,55.13999938964844,55.13999938964844,55.150001525878906,55.13999938964844,55.150001525878906,319.0
2024-03-01 11:38:00,LMAT,67.56999969482422,67.56999969482422,67.56999969482422,67.56999969482422,67.56999969482422,100.0
2024-03-01 11:38:00,LNTH,65.12999725341797,65.12999725341797,65.18000030517578,65.12999725341797,65.12999725341797,550.0
2024-03-01 11:38:00,LQDA,14.329999923706055,14.329999923706055,14.329999923706055,14.319999694824219,14.329999923706055,948.0
2024-03-01 11:38:00,LRMR,11.279999732971191,11.279999732971191,11.300000190734863,11.270000457763672,11.270000457763672,1513.0
2024-03-01 11:38:00,LVTX,3.0850000381469727,3.0850000381469727,3.0999999046325684,3.009999990463257,3.009999990463257,12442.0
2024-03-01 11:38:00,LXRX,2.4100000858306885,2.4100000858306885,2.4100000858306885,2.4100000858306885,2.4100000858306885,850.0
2024-03-01 11:38:00,LYEL,3.1649999618530273,3.1649999618530273,3.1649999618530273,3.1649999618530273,3.1649999618530273,211.0
2024-03-01 11:38:00,LYRA,5.625,5.625,5.625,5.625,5.625,104.0
2024-03-01 11:38:00,MACK,14.699999809265137,14.699999809265137,14.699999809265137,14.699999809265137,14.699999809265137,158.0
2024-03-01 11:38:00,MCRB,1.1999000310897827,1.1999000310897827,1.1999000310897827,1.1950000524520874,1.1950000524520874,1200.0
2024-03-01 11:38:00,MDRX,6.0,6.0,6.050000190734863,5.980000019073486,6.050000190734863,16335.0
2024-03-01 11:38:00,MDXG,8.585000038146973,8.585000038146973,8.59000015258789,8.574999809265137,8.574999809265137,3666.0
2024-03-01 11:38:00,ME,0.5703340172767639,0.5703340172767639,0.5730249881744385,0.5703340172767639,0.5730249881744385,1251.0
2024-03-01 11:38:00,MESO,2.049999952316284,2.049999952316284,2.049999952316284,2.0399999618530273,2.0399999618530273,1622.0
2024-03-01 11:38:00,MGNX,19.260000228881836,19.260000228881836,19.260000228881836,19.260000228881836,19.260000228881836,266.0
2024-03-01 11:38:00,MHUA,0.7038999795913696,0.7038999795913696,0.7038999795913696,0.7038999795913696,0.7038999795913696,347.0
2024-03-01 11:38:00,MIRM,30.094999313354492,30.094999313354492,30.100000381469727,30.094999313354492,30.100000381469727,1945.0
2024-03-01 11:38:00,MLTX,51.6349983215332,51.6349983215332,51.6349983215332,51.470001220703125,51.470001220703125,634.0
2024-03-01 11:38:00,MMSI,76.34500122070312,76.34500122070312,76.34500122070312,76.34500122070312,76.34500122070312,289.0
2024-03-01 11:38:00,MNKD,4.679999828338623,4.679999828338623,4.679999828338623,4.6504998207092285,4.6504998207092285,66683.0
2024-03-01 11:38:00,MNMD,5.9710001945495605,5.9710001945495605,5.978799819946289,5.9710001945495605,5.978799819946289,1158.0
2024-03-01 11:38:00,MNPR,0.800000011920929,0.800000011920929,0.8100000023841858,0.800000011920929,0.8100000023841858,1298.0
2024-03-01 11:38:00,MODD,1.909999966621399,1.909999966621399,1.909999966621399,1.909999966621399,1.909999966621399,200.0
2024-03-01 11:38:00,MODV,27.520000457763672,27.520000457763672,27.579999923706055,27.520000457763672,27.579999923706055,812.0
2024-03-01 11:38:00,MORF,38.54999923706055,38.54999923706055,38.54999923706055,38.54999923706055,38.54999923706055,398.0
2024-03-01 11:38:00,MREO,3.799999952316284,3.799999952316284,3.805000066757202,3.799999952316284,3.805000066757202,4687.0
2024-03-01 11:38:00,MRNA,96.32520294189453,96.32520294189453,96.36000061035156,96.2300033569336,96.27999877929688,7220.0
2024-03-01 11:38:00,MRSN,6.0,6.0,6.005000114440918,6.0,6.005000114440918,538.0
2024-03-01 11:38:00,MRUS,51.130001068115234,51.130001068115234,51.130001068115234,51.060001373291016,51.060001373291016,450.0
2024-03-01 11:38:00,MRVI,7.840000152587891,7.840000152587891,7.840000152587891,7.835000038146973,7.835000038146973,958.0
2024-03-01 11:38:00,MXCT,4.730000019073486,4.730000019073486,4.744999885559082,4.730000019073486,4.744999885559082,2731.0
2024-03-01 11:38:00,MYGN,21.530000686645508,21.530000686645508,21.530000686645508,21.530000686645508,21.530000686645508,347.0
2024-03-01 11:38:00,NARI,46.25,46.25,46.29999923706055,46.25,46.29999923706055,1413.0
2024-03-01 11:38:00,NEOG,17.184999465942383,17.184999465942383,17.184999465942383,17.174999237060547,17.184999465942383,2710.0
2024-03-01 11:38:00,NERV,2.5,2.5,2.509399890899658,2.5,2.509399890899658,1351.0
2024-03-01 11:38:00,NKTX,12.789999961853027,12.789999961853027,12.789999961853027,12.75,12.75,1619.0
2024-03-01 11:38:00,NNOX,11.024999618530273,11.024999618530273,11.039999961853027,11.024999618530273,11.029999732971191,3155.0
2024-03-01 11:38:00,NOTV,8.085000038146973,8.085000038146973,8.097800254821777,8.0600004196167,8.09000015258789,5236.0
2024-03-01 11:38:00,NRIX,13.220000267028809,13.220000267028809,13.220000267028809,13.220000267028809,13.220000267028809,1073.0
2024-03-01 11:38:00,NRXP,0.4194360077381134,0.4194360077381134,0.4194360077381134,0.4171000123023987,0.4171000123023987,1900.0
2024-03-01 11:38:00,NTLA,33.630001068115234,33.630001068115234,33.630001068115234,33.630001068115234,33.630001068115234,569.0
2024-03-01 11:38:00,NTRA,89.19999694824219,89.19999694824219,89.19999694824219,89.19999694824219,89.19999694824219,325.0
2024-03-01 11:38:00,NUTX,0.11309999972581863,0.11309999972581863,0.11309999972581863,0.11309999972581863,0.11309999972581863,118.0
2024-03-01 11:38:00,NVAX,5.215000152587891,5.215000152587891,5.21999979019165,5.210000038146973,5.215000152587891,17698.0
2024-03-01 11:38:00,NVCR,15.8725004196167,15.8725004196167,15.8725004196167,15.8725004196167,15.8725004196167,136.0
2024-03-01 11:38:00,NVOS,0.6262999773025513,0.6262999773025513,0.6262999773025513,0.6262999773025513,0.6262999773025513,100.0
2024-03-01 11:38:00,NXTC,1.8049999475479126,1.8049999475479126,1.8049999475479126,1.8049999475479126,1.8049999475479126,200.0
2024-03-01 11:38:00,OCGN,0.9282000064849854,0.9282000064849854,0.9287499785423279,0.9282000064849854,0.9282000064849854,3960.0
2024-03-01 11:38:00,OCUL,10.454999923706055,10.454999923706055,10.463000297546387,10.454999923706055,10.460000038146973,5139.0
2024-03-01 11:38:00,OFIX,12.890000343322754,12.890000343322754,12.890000343322754,12.890000343322754,12.890000343322754,257.0
2024-03-01 11:38:00,OLK,22.6299991607666,22.6299991607666,22.635000228881836,22.59000015258789,22.59000015258789,3489.0
2024-03-01 11:38:00,OLMA,13.395000457763672,13.395000457763672,13.395000457763672,13.364999771118164,13.364999771118164,790.0
2024-03-01 11:38:00,OM,3.140000104904175,3.140000104904175,3.140000104904175,3.134999990463257,3.134999990463257,207.0
2024-03-01 11:38:00,OMCL,26.32379913330078,26.32379913330078,26.32379913330078,26.32379913330078,26.32379913330078,221.0
2024-03-01 11:38:00,OMER,4.739999771118164,4.739999771118164,4.739999771118164,4.739999771118164,4.739999771118164,420.0
2024-03-01 11:38:00,OMGA,4.230000019073486,4.230000019073486,4.230000019073486,4.230000019073486,4.230000019073486,1531.0
2024-03-01 11:38:00,ONCT,10.249300003051758,10.249300003051758,10.249300003051758,10.100000381469727,10.100000381469727,1490.0
2024-03-01 11:38:00,ONTX,0.8130000233650208,0.8130000233650208,0.8130000233650208,0.8130000233650208,0.8130000233650208,631.0
2024-03-01 11:39:00,ABCL,5.179999828338623,5.179999828338623,5.190000057220459,5.179999828338623,5.190000057220459,3933.0
2024-03-01 11:39:00,ABEO,7.570000171661377,7.570000171661377,7.570000171661377,7.550000190734863,7.550000190734863,1432.0
2024-03-01 11:39:00,ABOS,4.684999942779541,4.684999942779541,4.690000057220459,4.679999828338623,4.690000057220459,3833.0
2024-03-01 11:39:00,ABSI,5.210000038146973,5.210000038146973,5.210000038146973,5.199999809265137,5.199999809265137,1230.0
2024-03-01 11:39:00,ABUS,2.7799999713897705,2.7799999713897705,2.7799999713897705,2.7799999713897705,2.7799999713897705,1357.0
2024-03-01 11:39:00,ACAD,23.8700008392334,23.8700008392334,23.8700008392334,23.8700008392334,23.8700008392334,152.0
2024-03-01 11:39:00,ACB,3.140000104904175,3.140000104904175,3.140000104904175,3.140000104904175,3.140000104904175,785.0
2024-03-01 11:39:00,ACET,2.4049999713897705,2.4049999713897705,2.407900094985962,2.4049999713897705,2.4049999713897705,3955.0
2024-03-01 11:39:00,ACLX,67.5199966430664,67.5199966430664,67.6050033569336,67.5199966430664,67.6050033569336,1541.0
2024-03-01 11:39:00,ACON,0.3869999945163727,0.3869999945163727,0.3869999945163727,0.3869999945163727,0.3869999945163727,522.0
2024-03-01 11:39:00,ACRS,1.2100000381469727,1.2100000381469727,1.2100000381469727,1.2050000429153442,1.2050000429153442,4890.0
2024-03-01 11:39:00,ADIL,2.9700000286102295,2.9700000286102295,3.009999990463257,2.9600000381469727,2.9700000286102295,14152.0
2024-03-01 11:39:00,ADMA,5.385000228881836,5.385000228881836,5.385000228881836,5.383500099182129,5.385000228881836,3003.0
2024-03-01 11:39:00,ADPT,4.195000171661377,4.195000171661377,4.195000171661377,4.195000171661377,4.195000171661377,116.0
2024-03-01 11:39:00,ADVM,1.965000033378601,1.965000033378601,1.9800000190734863,1.965000033378601,1.9700000286102295,5792.0
2024-03-01 11:39:00,AFMD,0.6209999918937683,0.6209999918937683,0.6209999918937683,0.6209999918937683,0.6209999918937683,211.0
2024-03-01 11:39:00,AGEN,0.670799970626831,0.670799970626831,0.6710990071296692,0.6704999804496765,0.6704999804496765,3574.0
2024-03-01 11:39:00,AGIO,32.92499923706055,32.92499923706055,32.92499923706055,32.92499923706055,32.92499923706055,329.0
2024-03-01 11:39:00,AHCO,10.767999649047852,10.767999649047852,10.767999649047852,10.744999885559082,10.744999885559082,3111.0
2024-03-01 11:39:00,AKBA,1.659999966621399,1.659999966621399,1.660599946975708,1.659999966621399,1.660099983215332,28000.0
2024-03-01 11:39:00,AKRO,28.905000686645508,28.905000686645508,28.979999542236328,28.905000686645508,28.950000762939453,3146.0
2024-03-01 11:39:00,AKYA,6.052199840545654,6.052199840545654,6.065000057220459,6.052199840545654,6.065000057220459,418.0
2024-03-01 11:39:00,ALDX,4.195000171661377,4.195000171661377,4.199999809265137,4.170000076293945,4.170000076293945,10737.0
2024-03-01 11:39:00,ALEC,7.510000228881836,7.510000228881836,7.510000228881836,7.510000228881836,7.510000228881836,111.0
2024-03-01 11:39:00,ALGN,300.55999755859375,300.55999755859375,300.55999755859375,300.3999938964844,300.3999938964844,925.0
2024-03-01 11:39:00,ALGS,1.0700000524520874,1.0700000524520874,1.0700000524520874,1.0700000524520874,1.0700000524520874,223.0
2024-03-01 11:39:00,ALHC,5.730000019073486,5.730000019073486,5.730000019073486,5.730000019073486,5.730000019073486,2340.0
2024-03-01 11:39:00,ALKS,30.229999542236328,30.229999542236328,30.229999542236328,30.190000534057617,30.200000762939453,2932.0
2024-03-01 11:39:00,ALLK,1.5950000286102295,1.5950000286102295,1.600000023841858,1.590000033378601,1.5999000072479248,1180.0
2024-03-01 11:39:00,ALLO,5.064000129699707,5.064000129699707,5.064000129699707,5.054999828338623,5.054999828338623,2163.0
2024-03-01 11:39:00,ALLR,0.4074999988079071,0.4074999988079071,0.4074999988079071,0.4074999988079071,0.4074999988079071,206.0
2024-03-01 11:39:00,ALNY,154.4550018310547,154.4550018310547,154.4550018310547,154.31500244140625,154.31500244140625,363.0
2024-03-01 11:39:00,ALT,12.1899995803833,12.1899995803833,12.1899995803833,12.170000076293945,12.170000076293945,1400.0
2024-03-01 11:39:00,ALVR,0.7486000061035156,0.7486000061035156,0.7499499917030334,0.7486000061035156,0.7499499917030334,353.0
2024-03-01 11:39:00,ALXO,14.979999542236328,14.979999542236328,15.015000343322754,14.970000267028809,14.979999542236328,696.0
2024-03-01 11:39:00,AMED,93.41999816894531,93.41999816894531,93.62999725341797,93.41999816894531,93.62000274658203,13086.0
2024-03-01 11:39:00,AMGN,281.3399963378906,281.3399963378906,281.3500061035156,281.2900085449219,281.2950134277344,2569.0
2024-03-01 11:39:00,AMLX,18.7549991607666,18.7549991607666,18.780000686645508,18.7549991607666,18.780000686645508,2389.0
2024-03-01 11:39:00,AMPH,45.52000045776367,45.52000045776367,45.560001373291016,45.52000045776367,45.560001373291016,787.0
2024-03-01 11:39:00,AMRN,1.0499999523162842,1.0499999523162842,1.0549999475479126,1.0499999523162842,1.0549999475479126,565.0
2024-03-01 11:39:00,ANIP,66.82749938964844,66.82749938964844,66.82749938964844,66.82749938964844,66.82749938964844,199.0
2024-03-01 11:39:00,ANNX,5.989999771118164,5.989999771118164,6.0,5.989999771118164,6.0,1036.0
2024-03-01 11:39:00,ANTX,3.0199999809265137,3.0199999809265137,3.0199999809265137,3.0199999809265137,3.0199999809265137,439.0
2024-03-01 11:39:00,APLS,65.22000122070312,65.22000122070312,65.2750015258789,65.11000061035156,65.13999938964844,4261.0
2024-03-01 11:39:00,APLT,7.099999904632568,7.099999904632568,7.150000095367432,7.090000152587891,7.14169979095459,9369.0
2024-03-01 11:39:00,AQST,4.300000190734863,4.300000190734863,4.309999942779541,4.299799919128418,4.299799919128418,10934.0
2024-03-01 11:39:00,ARAY,2.634999990463257,2.634999990463257,2.634999990463257,2.634999990463257,2.634999990463257,100.0
2024-03-01 11:39:00,ARCT,39.334999084472656,39.334999084472656,39.38999938964844,39.334999084472656,39.369998931884766,1011.0
2024-03-01 11:39:00,ARDX,9.484999656677246,9.484999656677246,9.494999885559082,9.475000381469727,9.475000381469727,10710.0
2024-03-01 11:39:00,ARGX,388.5799865722656,388.5799865722656,388.5799865722656,388.5799865722656,388.5799865722656,267.0
2024-03-01 11:39:00,ARQT,11.359999656677246,11.359999656677246,11.369999885559082,11.350099563598633,11.359999656677246,6100.0
2024-03-01 11:39:00,ARVN,48.59000015258789,48.59000015258789,48.599998474121094,48.5,48.5,506.0
2024-03-01 11:39:00,ARWR,35.790000915527344,35.790000915527344,35.790000915527344,35.790000915527344,35.790000915527344,397.0
2024-03-01 11:39:00,ASND,149.82000732421875,149.82000732421875,149.82000732421875,149.75,149.75,486.0
2024-03-01 11:39:00,ASRT,0.9055500030517578,0.9055500030517578,0.9055500030517578,0.9055500030517578,0.9055500030517578,232.0
2024-03-01 11:39:00,ATAI,2.030100107192993,2.030100107192993,2.030100107192993,2.030100107192993,2.030100107192993,156.0
2024-03-01 11:39:00,ATEC,13.630000114440918,13.630000114440918,13.630000114440918,13.630000114440918,13.630000114440918,839.0
2024-03-01 11:39:00,ATRA,0.8032500147819519,0.8032500147819519,0.8065000176429749,0.8009300231933594,0.8029999732971191,6501.0
2024-03-01 11:39:00,ATRC,36.10499954223633,36.10499954223633,36.10499954223633,36.10499954223633,36.10499954223633,643.0
2024-03-01 11:39:00,ATXS,15.130000114440918,15.130000114440918,15.15999984741211,15.079999923706055,15.157699584960938,5625.0
2024-03-01 11:39:00,AUGX,4.570000171661377,4.570000171661377,4.570000171661377,4.570000171661377,4.570000171661377,200.0
2024-03-01 11:39:00,AUPH,5.809999942779541,5.809999942779541,5.809999942779541,5.795000076293945,5.800000190734863,3227.0
2024-03-01 11:39:00,AURA,9.40999984741211,9.40999984741211,9.40999984741211,9.395000457763672,9.40999984741211,2734.0
2024-03-01 11:39:00,AVDL,12.649999618530273,12.649999618530273,12.670000076293945,12.640000343322754,12.670000076293945,4915.0
2024-03-01 11:39:00,AVTE,23.19499969482422,23.19499969482422,23.19499969482422,23.19499969482422,23.19499969482422,140.0
2024-03-01 11:39:00,AVXL,5.380000114440918,5.380000114440918,5.380000114440918,5.380000114440918,5.380000114440918,1705.0
2024-03-01 11:39:00,AXGN,10.449999809265137,10.449999809265137,10.449999809265137,10.449999809265137,10.449999809265137,100.0
2024-03-01 11:39:00,AXSM,82.6240005493164,82.6240005493164,82.63999938964844,82.6240005493164,82.63999938964844,798.0
2024-03-01 11:39:00,AZN,64.51000213623047,64.51000213623047,64.51000213623047,64.5,64.5,8704.0
2024-03-01 11:39:00,AZTA,66.27999877929688,66.27999877929688,66.27999877929688,66.27999877929688,66.27999877929688,342.0
2024-03-01 11:39:00,BBIO,35.85449981689453,35.85449981689453,35.85449981689453,35.85449981689453,35.85449981689453,605.0
2024-03-01 11:39:00,BBLG,2.319999933242798,2.319999933242798,2.319999933242798,2.309999942779541,2.309999942779541,801.0
2024-03-01 11:39:00,BCAB,2.7850000858306885,2.7850000858306885,2.7850000858306885,2.7850000858306885,2.7850000858306885,100.0
2024-03-01 11:39:00,BCDA,0.5680000185966492,0.5680000185966492,0.5699999928474426,0.5680000185966492,0.5699999928474426,1100.0
2024-03-01 11:39:00,BCEL,0.2702000141143799,0.2702000141143799,0.2702000141143799,0.2702000141143799,0.2702000141143799,4000.0
2024-03-01 11:39:00,BCRX,5.804999828338623,5.804999828338623,5.809999942779541,5.800000190734863,5.804999828338623,1997.0
2024-03-01 11:39:00,BCYC,25.799999237060547,25.799999237060547,25.90999984741211,25.799999237060547,25.829999923706055,1076.0
2024-03-01 11:39:00,BDTX,5.045000076293945,5.045000076293945,5.059999942779541,5.045000076293945,5.059999942779541,758.0
2024-03-01 11:39:00,BEAM,40.2400016784668,40.2400016784668,40.2400016784668,40.209999084472656,40.209999084472656,817.0
2024-03-01 11:39:00,BGNE,166.875,166.875,166.875,166.875,166.875,628.0
2024-03-01 11:39:00,BIIB,220.1699981689453,220.1699981689453,220.1699981689453,220.0800018310547,220.0800018310547,912.0
2024-03-01 11:39:00,BIVI,2.240000009536743,2.240000009536743,2.249000072479248,2.221299886703491,2.23009991645813,29577.0
2024-03-01 11:39:00,BLRX,1.3899999856948853,1.3899999856948853,1.3899999856948853,1.3899999856948853,1.3899999856948853,2002.0
2024-03-01 11:39:00,BLUE,1.600000023841858,1.600000023841858,1.600000023841858,1.5901000499725342,1.5950000286102295,14794.0
2024-03-01 11:39:00,BMEA,17.950000762939453,17.950000762939453,17.950000762939453,17.950000762939453,17.950000762939453,290.0
2024-03-01 11:39:00,BNGO,1.25,1.25,1.2599999904632568,1.25,1.2599999904632568,2495.0
2024-03-01 11:39:00,BNR,0.8625500202178955,0.8625500202178955,0.8625500202178955,0.8607000112533569,0.8607000112533569,300.0
2024-03-01 11:39:00,BNTC,5.099999904632568,5.099999904632568,5.099999904632568,5.099999904632568,5.099999904632568,100.0
2024-03-01 11:39:00,BNTX,92.26000213623047,92.26000213623047,92.27999877929688,92.26000213623047,92.26000213623047,2149.0
2024-03-01 11:39:00,BOLT,1.1799999475479126,1.1799999475479126,1.1799999475479126,1.1799999475479126,1.1799999475479126,100.0
2024-03-01 11:39:00,BPMC,96.58999633789062,96.58999633789062,96.64749908447266,96.58999633789062,96.64749908447266,994.0
2024-03-01 11:39:00,BRKR,87.88500213623047,87.88500213623047,87.88500213623047,87.88500213623047,87.88500213623047,326.0
2024-03-01 11:39:00,BSGM,0.6299999952316284,0.6299999952316284,0.6299999952316284,0.6299999952316284,0.6299999952316284,10929.0
2024-03-01 11:39:00,BTTX,0.1679999977350235,0.1679999977350235,0.1679999977350235,0.1676499992609024,0.1676499992609024,20000.0
2024-03-01 11:39:00,BWAY,6.554999828338623,6.554999828338623,6.554999828338623,6.554999828338623,6.554999828338623,136.0
2024-03-01 11:39:00,CABA,23.969999313354492,23.969999313354492,24.0,23.969999313354492,23.989999771118164,2260.0
2024-03-01 11:39:00,CBAY,32.2400016784668,32.2400016784668,32.25,32.2400016784668,32.244998931884766,980.0
2024-03-01 11:39:00,CCCC,10.949999809265137,10.949999809265137,10.968799591064453,10.949999809265137,10.960000038146973,2636.0
2024-03-01 11:39:00,CCRN,18.139999389648438,18.139999389648438,18.139999389648438,18.139999389648438,18.139999389648438,711.0
2024-03-01 11:39:00,CDMO,8.1899995803833,8.1899995803833,8.1899995803833,8.180000305175781,8.1899995803833,538.0
2024-03-01 11:39:00,CDNA,12.600000381469727,12.600000381469727,12.619999885559082,12.600000381469727,12.618300437927246,3547.0
2024-03-01 11:39:00,CDXS,4.449999809265137,4.449999809265137,4.449999809265137,4.449999809265137,4.449999809265137,1401.0
2024-03-01 11:39:00,CELC,15.920000076293945,15.920000076293945,15.920000076293945,15.899999618530273,15.899999618530273,537.0
2024-03-01 11:39:00,CERE,41.119998931884766,41.119998931884766,41.119998931884766,41.119998931884766,41.119998931884766,112.0
2024-03-01 11:39:00,CERT,17.649999618530273,17.649999618530273,17.65999984741211,17.649999618530273,17.65999984741211,405.0
2024-03-01 11:39:00,CGC,3.2699999809265137,3.2699999809265137,3.2799999713897705,3.2699999809265137,3.2799999713897705,7165.0
2024-03-01 11:39:00,CGEN,2.684999942779541,2.684999942779541,2.684999942779541,2.684999942779541,2.684999942779541,205.0
2024-03-01 11:39:00,CGTX,2.049999952316284,2.049999952316284,2.049999952316284,2.049999952316284,2.049999952316284,200.0
2024-03-01 11:39:00,CHRS,2.3350000381469727,2.3350000381469727,2.3399999141693115,2.3299999237060547,2.3299999237060547,3415.0
2024-03-01 11:39:00,CJJD,2.930000066757202,2.930000066757202,2.930000066757202,2.9240000247955322,2.9240000247955322,423.0
2024-03-01 11:39:00,CLDX,52.310001373291016,52.310001373291016,52.349998474121094,52.279998779296875,52.334999084472656,4938.0
2024-03-01 11:39:00,CLNN,0.3949950039386749,0.3949950039386749,0.39500001072883606,0.3949950039386749,0.39500001072883606,1420.0
2024-03-01 11:39:00,CLOV,0.869949996471405,0.869949996471405,0.8700000047683716,0.8697999715805054,0.8697999715805054,26882.0
2024-03-01 11:39:00,CLPT,6.678299903869629,6.678299903869629,6.678299903869629,6.678299903869629,6.678299903869629,480.0
2024-03-01 11:39:00,CLRB,4.139999866485596,4.139999866485596,4.150000095367432,4.130000114440918,4.139999866485596,8131.0
2024-03-01 11:39:00,CMAX,7.900000095367432,7.900000095367432,7.900000095367432,7.900000095367432,7.900000095367432,775.0
2024-03-01 11:39:00,CMPS,11.300000190734863,11.300000190734863,11.305000305175781,11.287699699401855,11.289999961853027,2252.0
2024-03-01 11:39:00,CMPX,1.8799999952316284,1.8799999952316284,1.8799999952316284,1.8799999952316284,1.8799999952316284,131.0
2024-03-01 11:39:00,CMRX,1.1495000123977661,1.1495000123977661,1.1495000123977661,1.1495000123977661,1.1495000123977661,1076.0
2024-03-01 11:39:00,CNSP,0.3150489926338196,0.3150489926338196,0.3150489926338196,0.3149999976158142,0.3149999976158142,1053.0
2024-03-01 11:39:00,COGT,7.25,7.25,7.25,7.239999771118164,7.244999885559082,1405.0
2024-03-01 11:39:00,COLL,36.994998931884766,36.994998931884766,36.994998931884766,36.994998931884766,36.994998931884766,166.0
2024-03-01 11:39:00,CORT,23.860000610351562,23.860000610351562,23.875,23.860000610351562,23.875,668.0
2024-03-01 11:39:00,CPRX,17.045000076293945,17.045000076293945,17.059999465942383,17.045000076293945,17.049999237060547,5612.0
2024-03-01 11:39:00,CPSI,9.5,9.5,9.5,9.5,9.5,179.0
2024-03-01 11:39:00,CRBP,31.575000762939453,31.575000762939453,31.575000762939453,31.575000762939453,31.575000762939453,101.0
2024-03-01 11:39:00,CRBU,8.015000343322754,8.015000343322754,8.020000457763672,8.010000228881836,8.010000228881836,2306.0
2024-03-01 11:39:00,CRDF,2.4200000762939453,2.4200000762939453,2.4402999877929688,2.4200000762939453,2.440200090408325,9587.0
2024-03-01 11:39:00,CRMD,3.7149999141693115,3.7149999141693115,3.7149999141693115,3.7149999141693115,3.7149999141693115,231.0
2024-03-01 11:39:00,CRNX,46.165000915527344,46.165000915527344,46.165000915527344,46.060001373291016,46.060001373291016,304.0
2024-03-01 11:39:00,CRON,2.065000057220459,2.065000057220459,2.065000057220459,2.065000057220459,2.065000057220459,302.0
2024-03-01 11:39:00,CRSP,85.82969665527344,85.82969665527344,85.82969665527344,85.7699966430664,85.7699966430664,549.0
2024-03-01 11:39:00,CTKB,8.410099983215332,8.410099983215332,8.420000076293945,8.40999984741211,8.40999984741211,2482.0
2024-03-01 11:39:00,CTMX,2.5799999237060547,2.5799999237060547,2.5799999237060547,2.5799999237060547,2.5799999237060547,1580.0
2024-03-01 11:39:00,CTSO,0.9399999976158142,0.9399999976158142,0.9399999976158142,0.9399999976158142,0.9399999976158142,2148.0
2024-03-01 11:39:00,CTXR,0.7720000147819519,0.7720000147819519,0.7720000147819519,0.7720000147819519,0.7720000147819519,110.0
2024-03-01 11:39:00,CUE,2.140000104904175,2.140000104904175,2.140000104904175,2.140000104904175,2.140000104904175,100.0
2024-03-01 11:39:00,CUTR,2.380000114440918,2.380000114440918,2.400099992752075,2.380000114440918,2.4000000953674316,14153.0
2024-03-01 11:39:00,CVRX,20.1299991607666,20.1299991607666,20.1299991607666,20.1299991607666,20.1299991607666,100.0
2024-03-01 11:39:00,CYTK,73.83000183105469,73.83000183105469,73.92749786376953,73.83000183105469,73.92500305175781,973.0
2024-03-01 11:39:00,DARE,0.5600000023841858,0.5600000023841858,0.5600000023841858,0.5600000023841858,0.5600000023841858,135.0
2024-03-01 11:39:00,DCGO,4.119999885559082,4.119999885559082,4.119999885559082,4.119999885559082,4.119999885559082,203.0
2024-03-01 11:39:00,DCPH,17.1200008392334,17.1200008392334,17.1200008392334,17.1200008392334,17.1200008392334,134.0
2024-03-01 11:39:00,DH,9.010000228881836,9.010000228881836,9.015000343322754,9.010000228881836,9.015000343322754,507.0
2024-03-01 11:39:00,DMTK,0.8497999906539917,0.8497999906539917,0.8497999906539917,0.8299999833106995,0.8496999740600586,22927.0
2024-03-01 11:39:00,DNLI,20.854999542236328,20.854999542236328,20.885000228881836,20.854999542236328,20.8799991607666,413.0
2024-03-01 11:39:00,DRRX,1.0195000171661377,1.0195000171661377,1.0195000171661377,1.0195000171661377,1.0195000171661377,505.0
2024-03-01 11:39:00,DSGN,2.9100000858306885,2.9100000858306885,2.9100000858306885,2.9100000858306885,2.9100000858306885,632.0
2024-03-01 11:39:00,DTIL,12.5600004196167,12.5600004196167,12.59000015258789,12.5600004196167,12.59000015258789,705.0
2024-03-01 11:39:00,DVAX,12.850000381469727,12.850000381469727,12.850000381469727,12.850000381469727,12.850000381469727,615.0
2024-03-01 11:39:00,DXCM,118.95999908447266,118.95999908447266,118.95999908447266,118.77999877929688,118.80999755859375,6170.0
2024-03-01 11:39:00,DYN,28.889999389648438,28.889999389648438,28.889999389648438,28.889999389648438,28.889999389648438,3740.0
2024-03-01 11:39:00,EDIT,10.925000190734863,10.925000190734863,10.925000190734863,10.890000343322754,10.895000457763672,5492.0
2024-03-01 11:39:00,EDSA,4.699999809265137,4.699999809265137,4.699999809265137,4.699999809265137,4.699999809265137,100.0
2024-03-01 11:39:00,EKSO,1.965000033378601,1.965000033378601,1.965000033378601,1.965000033378601,1.965000033378601,592.0
2024-03-01 11:39:00,ELEV,4.960000038146973,4.960000038146973,4.970600128173828,4.960000038146973,4.967599868774414,1656.0
2024-03-01 11:39:00,EMBC,14.300000190734863,14.300000190734863,14.300000190734863,14.300000190734863,14.300000190734863,265.0
2024-03-01 11:39:00,ENLV,3.390000104904175,3.390000104904175,3.4000000953674316,3.380000114440918,3.380000114440918,11132.0
2024-03-01 11:39:00,ENSG,123.5250015258789,123.5250015258789,123.63999938964844,123.5199966430664,123.55000305175781,6734.0
2024-03-01 11:39:00,ENTA,15.202300071716309,15.202300071716309,15.202300071716309,15.202300071716309,15.202300071716309,131.0
2024-03-01 11:39:00,ENTX,1.3849999904632568,1.3849999904632568,1.3849999904632568,1.3849999904632568,1.3849999904632568,100.0
2024-03-01 11:39:00,ENVB,1.590000033378601,1.590000033378601,1.590000033378601,1.5800000429153442,1.5850000381469727,2372.0
2024-03-01 11:39:00,EPIX,9.600000381469727,9.600000381469727,9.600000381469727,9.600000381469727,9.600000381469727,205.0
2024-03-01 11:39:00,ERAS,2.5202999114990234,2.5202999114990234,2.5250000953674316,2.5202999114990234,2.5250000953674316,4808.0
2024-03-01 11:39:00,ESPR,2.5199999809265137,2.5199999809265137,2.5250000953674316,2.5199999809265137,2.5250000953674316,2003.0
2024-03-01 11:39:00,ETNB,12.930000305175781,12.930000305175781,12.944999694824219,12.930000305175781,12.944999694824219,914.0
2024-03-01 11:39:00,EVAX,3.5899999141693115,3.5899999141693115,3.5899999141693115,3.5899999141693115,3.5899999141693115,362.0
2024-03-01 11:39:00,EWTX,16.989999771118164,16.989999771118164,16.989999771118164,16.989999771118164,16.989999771118164,220.0
2024-03-01 11:39:00,EXAS,59.84000015258789,59.84000015258789,59.86000061035156,59.790000915527344,59.790000915527344,2355.0
2024-03-01 11:39:00,EXEL,22.514999389648438,22.514999389648438,22.514999389648438,22.4950008392334,22.5,3814.0
2024-03-01 11:39:00,EYEN,2.2300000190734863,2.2300000190734863,2.258699893951416,2.2300000190734863,2.258699893951416,2695.0
2024-03-01 11:39:00,EYPT,28.165000915527344,28.165000915527344,28.190000534057617,28.137699127197266,28.137699127197266,4847.0
2024-03-01 11:39:00,FATE,7.445000171661377,7.445000171661377,7.445000171661377,7.434999942779541,7.434999942779541,2049.0
2024-03-01 11:39:00,FDMT,29.34000015258789,29.34000015258789,29.344999313354492,29.309999465942383,29.34000015258789,1741.0
2024-03-01 11:39:00,FGEN,1.8100999593734741,1.8100999593734741,1.8200000524520874,1.809999942779541,1.809999942779541,2908.0
2024-03-01 11:39:00,FHTX,8.149999618530273,8.149999618530273,8.149999618530273,8.149999618530273,8.149999618530273,214.0
2024-03-01 11:39:00,FLGT,23.3700008392334,23.3700008392334,23.399999618530273,23.350000381469727,23.360000610351562,1661.0
2024-03-01 11:39:00,FOLD,13.345000267028809,13.345000267028809,13.350000381469727,13.345000267028809,13.350000381469727,761.0
2024-03-01 11:39:00,FULC,10.850000381469727,10.850000381469727,10.869999885559082,10.850000381469727,10.859999656677246,759.0
2024-03-01 11:39:00,FUSN,12.239999771118164,12.239999771118164,12.270000457763672,12.239999771118164,12.255000114440918,2832.0
2024-03-01 11:39:00,FWBI,8.1899995803833,8.1899995803833,8.1899995803833,8.170000076293945,8.170000076293945,1040.0
2024-03-01 11:39:00,GALT,2.0,2.0,2.009999990463257,2.0,2.009999990463257,6965.0
2024-03-01 11:39:00,GBIO,2.630000114440918,2.630000114440918,2.630000114440918,2.630000114440918,2.630000114440918,325.0
2024-03-01 11:39:00,GDRX,8.255000114440918,8.255000114440918,8.258700370788574,8.255000114440918,8.258700370788574,409.0
2024-03-01 11:39:00,GERN,2.1700000762939453,2.1700000762939453,2.180000066757202,2.1700000762939453,2.174999952316284,33501.0
2024-03-01 11:39:00,GH,19.280000686645508,19.280000686645508,19.280000686645508,19.270000457763672,19.270000457763672,386.0
2024-03-01 11:39:00,GILD,72.44999694824219,72.44999694824219,72.45999908447266,72.43499755859375,72.44999694824219,8783.0
2024-03-01 11:39:00,GMAB,29.3700008392334,29.3700008392334,29.3700008392334,29.350000381469727,29.350000381469727,937.0
2024-03-01 11:39:00,GMDA,0.38179999589920044,0.38179999589920044,0.38260000944137573,0.3813000023365021,0.3815999925136566,2151.0
2024-03-01 11:39:00,GOSS,1.350000023841858,1.350000023841858,1.3600000143051147,1.350000023841858,1.3600000143051147,20858.0
2024-03-01 11:39:00,GRFS,7.14900016784668,7.14900016784668,7.14900016784668,7.14900016784668,7.14900016784668,260.0
2024-03-01 11:39:00,GRPH,3.5,3.5,3.5,3.4999001026153564,3.4999001026153564,930.0
2024-03-01 11:39:00,GRTS,2.2049999237060547,2.2049999237060547,2.2100000381469727,2.180000066757202,2.180000066757202,30229.0
2024-03-01 11:39:00,GTH,3.9100000858306885,3.9100000858306885,3.9100000858306885,3.9100000858306885,3.9100000858306885,500.0
2024-03-01 11:39:00,GTHX,3.630000114440918,3.630000114440918,3.630000114440918,3.630000114440918,3.630000114440918,10537.0
2024-03-01 11:39:00,HALO,41.1349983215332,41.1349983215332,41.15999984741211,41.099998474121094,41.11000061035156,3186.0
2024-03-01 11:39:00,HCAT,7.920000076293945,7.920000076293945,7.920000076293945,7.920000076293945,7.920000076293945,306.0
2024-03-01 11:39:00,HCSG,12.640000343322754,12.640000343322754,12.640000343322754,12.640000343322754,12.640000343322754,291.0
2024-03-01 11:39:00,HCTI,2.6700000762939453,2.6700000762939453,2.699899911880493,2.6500000953674316,2.698899984359741,7606.0
2024-03-01 11:39:00,HLVX,18.725000381469727,18.725000381469727,18.780000686645508,18.725000381469727,18.725000381469727,692.0
2024-03-01 11:39:00,HOLX,73.77999877929688,73.77999877929688,73.77999877929688,73.75,73.76000213623047,1430.0
2024-03-01 11:39:00,HRMY,31.299999237060547,31.299999237060547,31.329999923706055,31.299999237060547,31.329999923706055,301.0
2024-03-01 11:39:00,HRTX,2.628000020980835,2.628000020980835,2.630000114440918,2.625,2.630000114440918,4438.0
2024-03-01 11:39:00,HSIC,77.08000183105469,77.08000183105469,77.08000183105469,77.0199966430664,77.05999755859375,3360.0
2024-03-01 11:39:00,HSTM,27.510000228881836,27.510000228881836,27.510000228881836,27.510000228881836,27.510000228881836,309.0
2024-03-01 11:39:00,HUMA,3.319999933242798,3.319999933242798,3.319999933242798,3.311199903488159,3.315000057220459,17158.0
2024-03-01 11:39:00,IART,36.45000076293945,36.45000076293945,36.45000076293945,36.45000076293945,36.45000076293945,501.0
2024-03-01 11:39:00,IBRX,4.90500020980835,4.90500020980835,4.909999847412109,4.90500020980835,4.909999847412109,1253.0
2024-03-01 11:39:00,ICUI,105.94000244140625,105.94000244140625,105.94000244140625,105.94000244140625,105.94000244140625,312.0
2024-03-01 11:39:00,IDXX,579.510009765625,579.510009765625,580.0050048828125,579.510009765625,580.0050048828125,861.0
2024-03-01 11:39:00,IDYA,46.1349983215332,46.1349983215332,46.15999984741211,46.11000061035156,46.15999984741211,2901.0
2024-03-01 11:39:00,IGMS,13.399999618530273,13.399999618530273,13.399999618530273,13.375,13.375,1690.0
2024-03-01 11:39:00,IINN,1.6399999856948853,1.6399999856948853,1.6399999856948853,1.6399999856948853,1.6399999856948853,609.0
2024-03-01 11:39:00,ILMN,141.85000610351562,141.85000610351562,141.9199981689453,141.85000610351562,141.9199981689453,671.0
2024-03-01 11:39:00,IMAB,1.850000023841858,1.850000023841858,1.8550000190734863,1.850000023841858,1.8550000190734863,400.0
2024-03-01 11:39:00,IMCC,0.32089999318122864,0.32089999318122864,0.32100000977516174,0.32010000944137573,0.3201009929180145,5002.0
2024-03-01 11:39:00,IMCR,68.6449966430664,68.6449966430664,68.72000122070312,68.55999755859375,68.72000122070312,2494.0
2024-03-01 11:39:00,IMMX,3.5350000858306885,3.5350000858306885,3.5350000858306885,3.5350000858306885,3.5350000858306885,501.0
2024-03-01 11:39:00,IMVT,36.28499984741211,36.28499984741211,36.290000915527344,36.25,36.290000915527344,535.0
2024-03-01 11:39:00,INBX,36.849998474121094,36.849998474121094,36.86000061035156,36.84000015258789,36.86000061035156,1079.0
2024-03-01 11:39:00,INCY,59.08000183105469,59.08000183105469,59.130001068115234,58.9900016784668,59.005001068115234,5249.0
2024-03-01 11:39:00,INGN,6.900000095367432,6.900000095367432,6.900000095367432,6.869999885559082,6.869999885559082,5395.0
2024-03-01 11:39:00,INMB,12.024999618530273,12.024999618530273,12.024999618530273,12.024999618530273,12.024999618530273,100.0
2024-03-01 11:39:00,INMD,22.725000381469727,22.725000381469727,22.725000381469727,22.725000381469727,22.725000381469727,537.0
2024-03-01 11:39:00,INO,9.37399959564209,9.37399959564209,9.37399959564209,9.319999694824219,9.350000381469727,4559.0
2024-03-01 11:39:00,INSM,28.110000610351562,28.110000610351562,28.1200008392334,28.110000610351562,28.114999771118164,949.0
2024-03-01 11:39:00,INVA,15.699999809265137,15.699999809265137,15.704999923706055,15.699999809265137,15.704999923706055,1281.0
2024-03-01 11:39:00,INZY,6.490200042724609,6.490200042724609,6.490200042724609,6.490200042724609,6.490200042724609,685.0
2024-03-01 11:39:00,IONS,45.95000076293945,45.95000076293945,45.95000076293945,45.88999938964844,45.88999938964844,1762.0
2024-03-01 11:39:00,IOVA,16.635000228881836,16.635000228881836,16.670000076293945,16.53499984741211,16.53499984741211,32609.0
2024-03-01 11:39:00,IPSC,3.7899999618530273,3.7899999618530273,3.7899999618530273,3.7899999618530273,3.7899999618530273,114.0
2024-03-01 11:39:00,IRWD,8.949999809265137,8.949999809265137,8.970000267028809,8.9399995803833,8.944999694824219,36144.0
2024-03-01 11:39:00,ISRG,392.875,392.875,392.9700012207031,392.6700134277344,392.9599914550781,3833.0
2024-03-01 11:39:00,ITCI,71.31999969482422,71.31999969482422,71.31999969482422,71.29000091552734,71.29000091552734,1236.0
2024-03-01 11:39:00,ITOS,10.744999885559082,10.744999885559082,10.744999885559082,10.744999885559082,10.744999885559082,393.0
2024-03-01 11:39:00,IVVD,4.039999961853027,4.039999961853027,4.070000171661377,4.039999961853027,4.059999942779541,2640.0
2024-03-01 11:39:00,IXHL,5.370100021362305,5.370100021362305,5.370100021362305,5.370100021362305,5.370100021362305,130.0
2024-03-01 11:39:00,JAGX,0.07810000330209732,0.07810000330209732,0.07970000058412552,0.07800000160932541,0.07959999889135361,1004493.0
2024-03-01 11:39:00,JANX,46.845001220703125,46.845001220703125,47.04999923706055,46.83000183105469,47.02000045776367,1604.0
2024-03-01 11:39:00,JAZZ,119.63999938964844,119.63999938964844,119.74939727783203,119.55000305175781,119.63999938964844,2434.0
2024-03-01 11:39:00,JYNT,10.079999923706055,10.079999923706055,10.079999923706055,10.079999923706055,10.079999923706055,213.0
2024-03-01 11:39:00,KALV,13.994999885559082,13.994999885559082,13.994999885559082,13.994999885559082,13.994999885559082,215.0
2024-03-01 11:39:00,KMDA,6.34499979019165,6.34499979019165,6.34499979019165,6.34499979019165,6.34499979019165,759.0
2024-03-01 11:39:00,KNTE,2.6208999156951904,2.6208999156951904,2.6208999156951904,2.615000009536743,2.615000009536743,4705.0
2024-03-01 11:39:00,KOD,6.144999980926514,6.144999980926514,6.144999980926514,6.144999980926514,6.144999980926514,284.0
2024-03-01 11:39:00,KPTI,1.225000023841858,1.225000023841858,1.225000023841858,1.215000033378601,1.215000033378601,6884.0
2024-03-01 11:39:00,KRON,1.0399999618530273,1.0399999618530273,1.0399999618530273,1.0399999618530273,1.0399999618530273,110.0
2024-03-01 11:39:00,KRTX,316.4700012207031,316.4700012207031,316.4700012207031,316.45001220703125,316.4599914550781,1712.0
2024-03-01 11:39:00,KRYS,167.47500610351562,167.47500610351562,167.47500610351562,167.47500610351562,167.47500610351562,175.0
2024-03-01 11:39:00,KTRA,0.09989999979734421,0.09989999979734421,0.09989999979734421,0.09939999878406525,0.09939999878406525,1030.0
2024-03-01 11:39:00,KURA,21.360000610351562,21.360000610351562,21.360000610351562,21.360000610351562,21.360000610351562,101.0
2024-03-01 11:39:00,KZR,1.0950000286102295,1.0950000286102295,1.0950000286102295,1.0950000286102295,1.0950000286102295,101.0
2024-03-01 11:39:00,LBPH,21.700000762939453,21.700000762939453,21.795000076293945,21.700000762939453,21.719999313354492,1268.0
2024-03-01 11:39:00,LFST,7.994999885559082,7.994999885559082,7.994999885559082,7.994999885559082,7.994999885559082,231.0
2024-03-01 11:39:00,LMAT,67.38500213623047,67.38500213623047,67.38500213623047,67.38500213623047,67.38500213623047,640.0
2024-03-01 11:39:00,LPTX,2.8698999881744385,2.8698999881744385,2.8698999881744385,2.8698999881744385,2.8698999881744385,126.0
2024-03-01 11:39:00,LQDA,14.324999809265137,14.324999809265137,14.345000267028809,14.300000190734863,14.328499794006348,3023.0
2024-03-01 11:39:00,LRMR,11.319999694824219,11.319999694824219,11.319999694824219,11.319999694824219,11.319999694824219,458.0
2024-03-01 11:39:00,LUNG,9.239999771118164,9.239999771118164,9.260000228881836,9.239999771118164,9.260000228881836,425.0
2024-03-01 11:39:00,LVTX,3.100100040435791,3.100100040435791,3.100100040435791,3.100100040435791,3.100100040435791,876.0
2024-03-01 11:39:00,LXRX,2.4100000858306885,2.4100000858306885,2.4184999465942383,2.4100000858306885,2.4149999618530273,3538.0
2024-03-01 11:39:00,LYEL,3.1649999618530273,3.1649999618530273,3.1649999618530273,3.1649999618530273,3.1649999618530273,132.0
2024-03-01 11:39:00,LYRA,5.639999866485596,5.639999866485596,5.639999866485596,5.619999885559082,5.619999885559082,567.0
2024-03-01 11:39:00,MASI,126.875,126.875,127.01000213623047,126.8499984741211,126.8499984741211,3179.0
2024-03-01 11:39:00,MCRB,1.1950000524520874,1.1950000524520874,1.1950000524520874,1.1950000524520874,1.1950000524520874,150.0
2024-03-01 11:39:00,MDGL,242.1999969482422,242.1999969482422,242.1999969482422,242.1999969482422,242.1999969482422,280.0
2024-03-01 11:39:00,MDRX,6.050000190734863,6.050000190734863,6.050000190734863,6.0,6.050000190734863,8028.0
2024-03-01 11:39:00,MDXG,8.574999809265137,8.574999809265137,8.585000038146973,8.569999694824219,8.585000038146973,2287.0
2024-03-01 11:39:00,ME,0.5719000101089478,0.5719000101089478,0.5723249912261963,0.5703999996185303,0.5723249912261963,1416.0
2024-03-01 11:39:00,MEDP,401.05499267578125,401.05499267578125,401.05499267578125,401.05499267578125,401.05499267578125,108.0
2024-03-01 11:39:00,MGNX,19.270000457763672,19.270000457763672,19.270000457763672,19.270000457763672,19.270000457763672,110.0
2024-03-01 11:39:00,MIRM,30.059999465942383,30.059999465942383,30.059999465942383,30.059999465942383,30.059999465942383,533.0
2024-03-01 11:39:00,MNKD,4.690000057220459,4.690000057220459,4.690000057220459,4.679900169372559,4.679999828338623,4723.0
2024-03-01 11:39:00,MNMD,6.010000228881836,6.010000228881836,6.010000228881836,5.978899955749512,5.978899955749512,16931.0
2024-03-01 11:39:00,MNPR,0.8050000071525574,0.8050000071525574,0.8199999928474426,0.8050000071525574,0.8050000071525574,6652.0
2024-03-01 11:39:00,MODD,1.9199999570846558,1.9199999570846558,1.9199999570846558,1.9199999570846558,1.9199999570846558,962.0
2024-03-01 11:39:00,MODV,27.610000610351562,27.610000610351562,27.610000610351562,27.600000381469727,27.600000381469727,599.0
2024-03-01 11:39:00,MORF,38.560001373291016,38.560001373291016,38.599998474121094,38.560001373291016,38.599998474121094,425.0
2024-03-01 11:39:00,MOTS,0.6724830269813538,0.6724830269813538,0.6724830269813538,0.6703000068664551,0.6703000068664551,720.0
2024-03-01 11:39:00,MREO,3.819999933242798,3.819999933242798,3.819999933242798,3.805000066757202,3.809999942779541,2045.0
2024-03-01 11:39:00,MRNA,96.41000366210938,96.41000366210938,96.45999908447266,96.33999633789062,96.37000274658203,6850.0
2024-03-01 11:39:00,MRSN,6.014999866485596,6.014999866485596,6.03000020980835,6.005000114440918,6.005000114440918,3814.0
2024-03-01 11:39:00,MRUS,51.0,51.0,51.130001068115234,50.96500015258789,51.06999969482422,3162.0
2024-03-01 11:39:00,MRVI,7.820000171661377,7.820000171661377,7.84499979019165,7.809999942779541,7.84499979019165,5697.0
2024-03-01 11:39:00,MTEM,3.7100000381469727,3.7100000381469727,3.7100000381469727,3.7100000381469727,3.7100000381469727,128.0
2024-03-01 11:39:00,MYGN,21.56999969482422,21.56999969482422,21.56999969482422,21.56999969482422,21.56999969482422,342.0
2024-03-01 11:39:00,NARI,46.20009994506836,46.20009994506836,46.25,46.20009994506836,46.25,1728.0
2024-03-01 11:39:00,NBIX,130.5800018310547,130.5800018310547,130.91000366210938,130.5500030517578,130.61000061035156,7564.0
2024-03-01 11:39:00,NEO,16.059999465942383,16.059999465942383,16.059999465942383,16.030000686645508,16.049999237060547,1405.0
2024-03-01 11:39:00,NEOG,17.184999465942383,17.184999465942383,17.184999465942383,17.184999465942383,17.184999465942383,510.0
2024-03-01 11:39:00,NERV,2.5,2.5,2.5,2.5,2.5,143.0
2024-03-01 11:39:00,NGM,1.5299999713897705,1.5299999713897705,1.5299999713897705,1.5299999713897705,1.5299999713897705,526.0
2024-03-01 11:39:00,NKTR,0.7677000164985657,0.7677000164985657,0.7677000164985657,0.7677000164985657,0.7677000164985657,800.0
2024-03-01 11:39:00,NKTX,12.75,12.75,12.75,12.75,12.75,102.0
2024-03-01 11:39:00,NNOX,10.989999771118164,10.989999771118164,11.024999618530273,10.989999771118164,11.024999618530273,1844.0
2024-03-01 11:39:00,NOTV,8.069999694824219,8.069999694824219,8.074999809265137,8.069999694824219,8.074999809265137,1542.0
2024-03-01 11:39:00,NRSN,2.0250000953674316,2.0250000953674316,2.0250000953674316,2.0250000953674316,2.0250000953674316,1159.0
2024-03-01 11:39:00,NRXP,0.4169999957084656,0.4169999957084656,0.41999998688697815,0.4169999957084656,0.41999998688697815,4000.0
2024-03-01 11:39:00,NTLA,33.58000183105469,33.58000183105469,33.58000183105469,33.58000183105469,33.58000183105469,248.0
2024-03-01 11:39:00,NTRA,89.2699966430664,89.2699966430664,89.29000091552734,89.23999786376953,89.23999786376953,3836.0
2024-03-01 11:39:00,NUTX,0.11429999768733978,0.11429999768733978,0.11429999768733978,0.11389999836683273,0.11389999836683273,576.0
2024-03-01 11:39:00,NUVL,87.59500122070312,87.59500122070312,87.59500122070312,87.59500122070312,87.59500122070312,257.0
2024-03-01 11:39:00,NVAX,5.190000057220459,5.190000057220459,5.21999979019165,5.190000057220459,5.215000152587891,13413.0
2024-03-01 11:39:00,NVCR,15.8725004196167,15.8725004196167,15.8725004196167,15.8725004196167,15.8725004196167,131.0
2024-03-01 11:39:00,NXTC,1.8049999475479126,1.8049999475479126,1.8049999475479126,1.8049999475479126,1.8049999475479126,200.0
2024-03-01 11:39:00,OCGN,0.928600013256073,0.928600013256073,0.9287499785423279,0.9282000064849854,0.9287499785423279,850.0
2024-03-01 11:39:00,OCUL,10.46500015258789,10.46500015258789,10.475000381469727,10.46500015258789,10.46500015258789,996.0
2024-03-01 11:39:00,OGI,2.119999885559082,2.119999885559082,2.119999885559082,2.119999885559082,2.119999885559082,535.0
2024-03-01 11:39:00,OLMA,13.399999618530273,13.399999618530273,13.399999618530273,13.390000343322754,13.390000343322754,448.0
2024-03-01 11:39:00,OM,3.134999990463257,3.134999990463257,3.134999990463257,3.134999990463257,3.134999990463257,113.0
2024-03-01 11:39:00,OMCL,26.299999237060547,26.299999237060547,26.31999969482422,26.299999237060547,26.31999969482422,551.0
2024-03-01 11:39:00,OMER,4.739999771118164,4.739999771118164,4.739999771118164,4.739999771118164,4.739999771118164,200.0
2024-03-01 11:39:00,OMGA,4.230000019073486,4.230000019073486,4.239299774169922,4.230000019073486,4.239299774169922,5053.0
2024-03-01 11:39:00,ONVO,1.0299999713897705,1.0299999713897705,1.0400999784469604,1.0299999713897705,1.0399999618530273,1373.0
2024-03-01 11:40:00,AADI,1.9800000190734863,1.9800000190734863,1.9800000190734863,1.975000023841858,1.9771000146865845,1500.0
2024-03-01 11:40:00,ABIO,1.649999976158142,1.649999976158142,1.649999976158142,1.649999976158142,1.649999976158142,100.0
2024-03-01 11:40:00,ABOS,4.690000057220459,4.690000057220459,4.699999809265137,4.690000057220459,4.690000057220459,2361.0
2024-03-01 11:40:00,ABSI,5.190000057220459,5.190000057220459,5.199999809265137,5.190000057220459,5.199999809265137,2958.0
2024-03-01 11:40:00,ACAD,23.8700008392334,23.8700008392334,23.8700008392334,23.860000610351562,23.8700008392334,594.0
2024-03-01 11:40:00,ACB,3.140000104904175,3.140000104904175,3.148699998855591,3.140000104904175,3.1449999809265137,8670.0
2024-03-01 11:40:00,ACCD,10.289899826049805,10.289899826049805,10.289999961853027,10.270000457763672,10.289999961853027,754.0
2024-03-01 11:40:00,ACET,2.4049999713897705,2.4049999713897705,2.4049999713897705,2.4049999713897705,2.4049999713897705,323.0
2024-03-01 11:40:00,ACHC,83.95500183105469,83.95500183105469,84.00499725341797,83.95500183105469,84.00499725341797,210.0
2024-03-01 11:40:00,ACLX,67.55500030517578,67.55500030517578,67.55500030517578,67.5199966430664,67.55500030517578,2361.0
2024-03-01 11:40:00,ACRS,1.2100000381469727,1.2100000381469727,1.2100000381469727,1.2050000429153442,1.2100000381469727,961.0
2024-03-01 11:40:00,ADIL,3.049999952316284,3.049999952316284,3.069999933242798,2.9700000286102295,2.9700000286102295,77029.0
2024-03-01 11:40:00,ADMA,5.385000228881836,5.385000228881836,5.389999866485596,5.385000228881836,5.389999866485596,382.0
2024-03-01 11:40:00,ADPT,4.190000057220459,4.190000057220459,4.190000057220459,4.190000057220459,4.190000057220459,439.0
2024-03-01 11:40:00,ADTX,3.38700008392334,3.38700008392334,3.38700008392334,3.38700008392334,3.38700008392334,424.0
2024-03-01 11:40:00,ADVM,1.9700000286102295,1.9700000286102295,1.9700000286102295,1.9700000286102295,1.9700000286102295,300.0
2024-03-01 11:40:00,AGEN,0.6711500287055969,0.6711500287055969,0.6711999773979187,0.670799970626831,0.670799970626831,7660.0
2024-03-01 11:40:00,AGIO,32.93000030517578,32.93000030517578,32.93000030517578,32.93000030517578,32.93000030517578,575.0
2024-03-01 11:40:00,AHCO,10.770000457763672,10.770000457763672,10.770000457763672,10.770000457763672,10.770000457763672,304.0
2024-03-01 11:40:00,AIMD,0.949999988079071,0.949999988079071,0.9599999785423279,0.949999988079071,0.9599999785423279,501.0
2024-03-01 11:40:00,AKAN,0.24199999868869781,0.24199999868869781,0.24199999868869781,0.24120000004768372,0.24120000004768372,372.0
2024-03-01 11:40:00,AKBA,1.6649999618530273,1.6649999618530273,1.6694999933242798,1.659999966621399,1.659999966621399,21640.0
2024-03-01 11:40:00,AKLI,0.33500000834465027,0.33500000834465027,0.3390139937400818,0.33500000834465027,0.3390139937400818,2158.0
2024-03-01 11:40:00,AKRO,28.969999313354492,28.969999313354492,29.001699447631836,28.950000762939453,28.950000762939453,1262.0
2024-03-01 11:40:00,AKYA,6.090000152587891,6.090000152587891,6.090000152587891,6.090000152587891,6.090000152587891,181.0
2024-03-01 11:40:00,ALDX,4.184999942779541,4.184999942779541,4.190000057220459,4.175000190734863,4.190000057220459,42239.0
2024-03-01 11:40:00,ALEC,7.510000228881836,7.510000228881836,7.510000228881836,7.510000228881836,7.510000228881836,378.0
2024-03-01 11:40:00,ALGN,300.70001220703125,300.70001220703125,300.70001220703125,300.6000061035156,300.6000061035156,691.0
2024-03-01 11:40:00,ALGS,1.0800000429153442,1.0800000429153442,1.0800000429153442,1.065000057220459,1.065000057220459,5877.0
2024-03-01 11:40:00,ALHC,5.710000038146973,5.710000038146973,5.724999904632568,5.710000038146973,5.724999904632568,1690.0
2024-03-01 11:40:00,ALKS,30.25,30.25,30.25,30.239999771118164,30.239999771118164,562.0
2024-03-01 11:40:00,ALLK,1.600000023841858,1.600000023841858,1.600000023841858,1.5950000286102295,1.5950000286102295,333.0
2024-03-01 11:40:00,ALNY,154.25,154.25,154.25,154.25,154.25,254.0
2024-03-01 11:40:00,ALPN,35.775001525878906,35.775001525878906,35.775001525878906,35.775001525878906,35.775001525878906,297.0
2024-03-01 11:40:00,ALT,12.229900360107422,12.229900360107422,12.229900360107422,12.194999694824219,12.194999694824219,3295.0
2024-03-01 11:40:00,ALXO,14.979999542236328,14.979999542236328,14.979999542236328,14.979999542236328,14.979999542236328,129.0
2024-03-01 11:40:00,AMED,93.30999755859375,93.30999755859375,93.33999633789062,93.30999755859375,93.33999633789062,557.0
2024-03-01 11:40:00,AMGN,281.3500061035156,281.3500061035156,281.3599853515625,281.2699890136719,281.3251953125,3123.0
2024-03-01 11:40:00,AMLX,18.739999771118164,18.739999771118164,18.739999771118164,18.729999542236328,18.739999771118164,5815.0
2024-03-01 11:40:00,AMPH,45.744998931884766,45.744998931884766,45.744998931884766,45.529998779296875,45.529998779296875,7083.0
2024-03-01 11:40:00,AMRN,1.0549999475479126,1.0549999475479126,1.0549999475479126,1.0549999475479126,1.0549999475479126,453.0
2024-03-01 11:40:00,ANGO,5.539999961853027,5.539999961853027,5.539999961853027,5.53000020980835,5.53000020980835,2366.0
2024-03-01 11:40:00,ANNX,5.980000019073486,5.980000019073486,6.0,5.980000019073486,5.989999771118164,3817.0
2024-03-01 11:40:00,ANTX,3.019399881362915,3.019399881362915,3.0199999809265137,3.015000104904175,3.015000104904175,1231.0
2024-03-01 11:40:00,APLS,65.17500305175781,65.17500305175781,65.31990051269531,65.17500305175781,65.31990051269531,9873.0
2024-03-01 11:40:00,APLT,7.139999866485596,7.139999866485596,7.139999866485596,7.090000152587891,7.090000152587891,4524.0
2024-03-01 11:40:00,APVO,0.1550000011920929,0.1550000011920929,0.16089899837970734,0.1550000011920929,0.16089899837970734,2666.0
2024-03-01 11:40:00,AQST,4.309899806976318,4.309899806976318,4.309999942779541,4.300000190734863,4.304999828338623,6551.0
2024-03-01 11:40:00,ARAY,2.630000114440918,2.630000114440918,2.630000114440918,2.630000114440918,2.630000114440918,161.0
2024-03-01 11:40:00,ARCT,39.34000015258789,39.34000015258789,39.34000015258789,39.34000015258789,39.34000015258789,192.0
2024-03-01 11:40:00,ARDX,9.494999885559082,9.494999885559082,9.5,9.460000038146973,9.489999771118164,63058.0
2024-03-01 11:40:00,ARGX,388.7799987792969,388.7799987792969,388.7799987792969,388.7799987792969,388.7799987792969,116.0
2024-03-01 11:40:00,ARQT,11.34000015258789,11.34000015258789,11.385000228881836,11.319999694824219,11.350000381469727,24581.0
2024-03-01 11:40:00,ARVN,48.56999969482422,48.56999969482422,48.650001525878906,48.56999969482422,48.59000015258789,879.0
2024-03-01 11:40:00,ARWR,35.895999908447266,35.895999908447266,35.900001525878906,35.790000915527344,35.84000015258789,2836.0
2024-03-01 11:40:00,ASLN,0.781499981880188,0.781499981880188,0.7892150282859802,0.781499981880188,0.7892150282859802,2477.0
2024-03-01 11:40:00,ASND,149.94000244140625,149.94000244140625,149.94000244140625,149.85499572753906,149.85499572753906,358.0
2024-03-01 11:40:00,ASRT,0.9100000262260437,0.9100000262260437,0.9100000262260437,0.9010999798774719,0.9074000120162964,304.0
2024-03-01 11:40:00,ATAI,2.0399999618530273,2.0399999618530273,2.0399999618530273,2.0397000312805176,2.0397000312805176,647.0
2024-03-01 11:40:00,ATEC,13.630000114440918,13.630000114440918,13.630000114440918,13.625,13.625,1168.0
2024-03-01 11:40:00,ATRA,0.8032500147819519,0.8032500147819519,0.8065000176429749,0.800000011920929,0.8032500147819519,2294.0
2024-03-01 11:40:00,ATRC,36.13999938964844,36.13999938964844,36.13999938964844,36.13999938964844,36.13999938964844,285.0
2024-03-01 11:40:00,ATXI,0.15360000729560852,0.15360000729560852,0.15360000729560852,0.15360000729560852,0.15360000729560852,7886.0
2024-03-01 11:40:00,ATXS,15.0600004196167,15.0600004196167,15.0600004196167,15.0600004196167,15.0600004196167,172.0
2024-03-01 11:40:00,AUGX,4.570000171661377,4.570000171661377,4.570000171661377,4.570000171661377,4.570000171661377,327.0
2024-03-01 11:40:00,AUPH,5.804999828338623,5.804999828338623,5.804999828338623,5.804999828338623,5.804999828338623,149.0
2024-03-01 11:40:00,AUTL,6.269999980926514,6.269999980926514,6.269999980926514,6.269999980926514,6.269999980926514,433.0
2024-03-01 11:40:00,AVDL,12.620599746704102,12.620599746704102,12.650099754333496,12.619999885559082,12.649999618530273,14609.0
2024-03-01 11:40:00,AVIR,4.460000038146973,4.460000038146973,4.465000152587891,4.460000038146973,4.465000152587891,462.0
2024-03-01 11:40:00,AVXL,5.374000072479248,5.374000072479248,5.374000072479248,5.374000072479248,5.374000072479248,308.0
2024-03-01 11:40:00,AXGN,10.449999809265137,10.449999809265137,10.449999809265137,10.449999809265137,10.449999809265137,130.0
2024-03-01 11:40:00,AZN,64.54000091552734,64.54000091552734,64.54000091552734,64.51000213623047,64.51000213623047,3653.0
2024-03-01 11:40:00,AZTA,66.31999969482422,66.31999969482422,66.33999633789062,66.30000305175781,66.30000305175781,3101.0
2024-03-01 11:40:00,BBIO,35.869998931884766,35.869998931884766,35.869998931884766,35.869998931884766,35.869998931884766,204.0
2024-03-01 11:40:00,BBLG,2.315000057220459,2.315000057220459,2.315000057220459,2.315000057220459,2.315000057220459,201.0
2024-03-01 11:40:00,BCDA,0.5680000185966492,0.5680000185966492,0.5680000185966492,0.5680000185966492,0.5680000185966492,102.0
2024-03-01 11:40:00,BCEL,0.26899999380111694,0.26899999380111694,0.2702000141143799,0.26899999380111694,0.2702000141143799,8878.0
2024-03-01 11:40:00,BCRX,5.804999828338623,5.804999828338623,5.804999828338623,5.800000190734863,5.800000190734863,1440.0
2024-03-01 11:40:00,BCYC,25.739999771118164,25.739999771118164,25.739999771118164,25.739999771118164,25.739999771118164,122.0
2024-03-01 11:40:00,BDTX,5.050000190734863,5.050000190734863,5.050000190734863,5.039999961853027,5.039999961853027,929.0
2024-03-01 11:40:00,BEAM,40.22999954223633,40.22999954223633,40.244998931884766,40.209999084472656,40.2400016784668,3022.0
2024-03-01 11:40:00,BFRI,0.8600000143051147,0.8600000143051147,0.8640999794006348,0.8600000143051147,0.8640999794006348,455.0
2024-03-01 11:40:00,BGXX,0.2721000015735626,0.2721000015735626,0.2721000015735626,0.2721000015735626,0.2721000015735626,700.0
2024-03-01 11:40:00,BIIB,220.1898956298828,220.1898956298828,220.1898956298828,220.02999877929688,220.02999877929688,387.0
2024-03-01 11:40:00,BIVI,2.26990008354187,2.26990008354187,2.2699999809265137,2.2300000190734863,2.2325000762939453,68482.0
2024-03-01 11:40:00,BLFS,18.235000610351562,18.235000610351562,18.235000610351562,18.22209930419922,18.22209930419922,774.0
2024-03-01 11:40:00,BLUE,1.600000023841858,1.600000023841858,1.600000023841858,1.5950000286102295,1.600000023841858,4806.0
2024-03-01 11:40:00,BMRN,86.98600006103516,86.98600006103516,86.98600006103516,86.98600006103516,86.98600006103516,206.0
2024-03-01 11:40:00,BNGO,1.25,1.25,1.2517999410629272,1.25,1.2517999410629272,737.0
2024-03-01 11:40:00,BNR,0.861299991607666,0.861299991607666,0.861299991607666,0.861299991607666,0.861299991607666,100.0
2024-03-01 11:40:00,BNTX,92.27999877929688,92.27999877929688,92.30950164794922,92.27999877929688,92.30950164794922,896.0
2024-03-01 11:40:00,BPMC,96.68000030517578,96.68000030517578,96.68000030517578,96.68000030517578,96.68000030517578,233.0
2024-03-01 11:40:00,BRKR,87.94999694824219,87.94999694824219,87.94999694824219,87.94000244140625,87.94000244140625,888.0
2024-03-01 11:40:00,BSGM,0.6299999952316284,0.6299999952316284,0.6299999952316284,0.6299999952316284,0.6299999952316284,317.0
2024-03-01 11:40:00,BTAI,3.240000009536743,3.240000009536743,3.240000009536743,3.240000009536743,3.240000009536743,233.0
2024-03-01 11:40:00,BTCY,0.9405500292778015,0.9405500292778015,0.9405500292778015,0.9405500292778015,0.9405500292778015,539.0
2024-03-01 11:40:00,BWAY,6.599999904632568,6.599999904632568,6.599999904632568,6.599999904632568,6.599999904632568,500.0
2024-03-01 11:40:00,BYSI,1.535599946975708,1.535599946975708,1.535599946975708,1.535599946975708,1.535599946975708,154.0
2024-03-01 11:40:00,CABA,23.979999542236328,23.979999542236328,23.979999542236328,23.979999542236328,23.979999542236328,100.0
2024-03-01 11:40:00,CADL,1.7000000476837158,1.7000000476837158,1.7000000476837158,1.7000000476837158,1.7000000476837158,200.0
2024-03-01 11:40:00,CARA,0.9217000007629395,0.9217000007629395,0.9217000007629395,0.9217000007629395,0.9217000007629395,550.0
2024-03-01 11:40:00,CBAY,32.244998931884766,32.244998931884766,32.25,32.244998931884766,32.244998931884766,1098.0
2024-03-01 11:40:00,CCCC,10.954999923706055,10.954999923706055,10.954999923706055,10.954999923706055,10.954999923706055,316.0
2024-03-01 11:40:00,CDNA,12.585000038146973,12.585000038146973,12.600000381469727,12.585000038146973,12.600000381469727,1915.0
2024-03-01 11:40:00,CDXS,4.451200008392334,4.451200008392334,4.460000038146973,4.451200008392334,4.460000038146973,410.0
2024-03-01 11:40:00,CELC,15.949999809265137,15.949999809265137,16.010000228881836,15.90999984741211,15.90999984741211,480.0
2024-03-01 11:40:00,CERE,41.125,41.125,41.125,41.119998931884766,41.119998931884766,1094.0
2024-03-01 11:40:00,CERS,2.2049999237060547,2.2049999237060547,2.2049999237060547,2.2049999237060547,2.2049999237060547,159.0
2024-03-01 11:40:00,CERT,17.65999984741211,17.65999984741211,17.670000076293945,17.65999984741211,17.665000915527344,778.0
2024-03-01 11:40:00,CGC,3.2699999809265137,3.2699999809265137,3.2799999713897705,3.2699999809265137,3.2699999809265137,10913.0
2024-03-01 11:40:00,CGEM,18.780000686645508,18.780000686645508,18.832199096679688,18.780000686645508,18.790000915527344,1478.0
2024-03-01 11:40:00,CGEN,2.684999942779541,2.684999942779541,2.690000057220459,2.684999942779541,2.6895999908447266,2159.0
2024-03-01 11:40:00,CGTX,2.049999952316284,2.049999952316284,2.049999952316284,2.049999952316284,2.049999952316284,525.0
2024-03-01 11:40:00,CHEK,2.1700000762939453,2.1700000762939453,2.190000057220459,2.1600000858306885,2.190000057220459,13985.0
2024-03-01 11:40:00,CHRS,2.3350000381469727,2.3350000381469727,2.3399999141693115,2.3299999237060547,2.3299999237060547,846.0
2024-03-01 11:40:00,CJJD,2.940000057220459,2.940000057220459,2.940000057220459,2.930000066757202,2.930000066757202,793.0
2024-03-01 11:40:00,CLDX,52.40999984741211,52.40999984741211,52.40999984741211,52.314998626708984,52.314998626708984,4820.0
2024-03-01 11:40:00,CLNN,0.39500001072883606,0.39500001072883606,0.39500001072883606,0.39500001072883606,0.39500001072883606,253.0
2024-03-01 11:40:00,CLOV,0.8698999881744385,0.8698999881744385,0.8700000047683716,0.869700014591217,0.8698999881744385,39682.0
2024-03-01 11:40:00,CLRB,4.139999866485596,4.139999866485596,4.139999866485596,4.139999866485596,4.139999866485596,138.0
2024-03-01 11:40:00,CMPS,11.329999923706055,11.329999923706055,11.329999923706055,11.300000190734863,11.3100004196167,1101.0
2024-03-01 11:40:00,CNTA,10.729999542236328,10.729999542236328,10.729999542236328,10.729999542236328,10.729999542236328,265.0
2024-03-01 11:40:00,COGT,7.230000019073486,7.230000019073486,7.239999771118164,7.21999979019165,7.230000019073486,4203.0
2024-03-01 11:40:00,CORT,23.885000228881836,23.885000228881836,23.885000228881836,23.885000228881836,23.885000228881836,296.0
2024-03-01 11:40:00,CPRX,17.079999923706055,17.079999923706055,17.084999084472656,17.010000228881836,17.040000915527344,8739.0
2024-03-01 11:40:00,CRBP,31.579999923706055,31.579999923706055,31.579999923706055,31.579999923706055,31.579999923706055,131.0
2024-03-01 11:40:00,CRBU,8.015000343322754,8.015000343322754,8.015000343322754,8.010000228881836,8.015000343322754,1340.0
2024-03-01 11:40:00,CRDF,2.4356000423431396,2.4356000423431396,2.440000057220459,2.4100000858306885,2.421799898147583,12010.0
2024-03-01 11:40:00,CRNX,46.27000045776367,46.27000045776367,46.36000061035156,46.11000061035156,46.18000030517578,3329.0
2024-03-01 11:40:00,CRON,2.065000057220459,2.065000057220459,2.065000057220459,2.065000057220459,2.065000057220459,583.0
2024-03-01 11:40:00,CRSP,85.81800079345703,85.81800079345703,85.81800079345703,85.7699966430664,85.7699966430664,3024.0
2024-03-01 11:40:00,CSTL,19.969999313354492,19.969999313354492,19.969999313354492,19.969999313354492,19.969999313354492,221.0
2024-03-01 11:40:00,CTKB,8.454999923706055,8.454999923706055,8.460000038146973,8.420000076293945,8.420000076293945,2764.0
2024-03-01 11:40:00,CTMX,2.5850000381469727,2.5850000381469727,2.5899999141693115,2.5799999237060547,2.5880000591278076,5084.0
2024-03-01 11:40:00,CTSO,0.9869999885559082,0.9869999885559082,0.9869999885559082,0.9869999885559082,0.9869999885559082,411.0
2024-03-01 11:40:00,CUE,2.1449999809265137,2.1449999809265137,2.1449999809265137,2.1449999809265137,2.1449999809265137,100.0
2024-03-01 11:40:00,CVAC,3.4649999141693115,3.4649999141693115,3.4649999141693115,3.4649999141693115,3.4649999141693115,105.0
2024-03-01 11:40:00,CVRX,20.229999542236328,20.229999542236328,20.229999542236328,20.084999084472656,20.09000015258789,6776.0
2024-03-01 11:40:00,CYTK,73.83999633789062,73.83999633789062,73.88500213623047,73.83999633789062,73.88500213623047,889.0
2024-03-01 11:40:00,DARE,0.5601000189781189,0.5601000189781189,0.5648999810218811,0.5601000189781189,0.5648999810218811,420.0
2024-03-01 11:40:00,DAWN,17.5,17.5,17.520000457763672,17.5,17.519800186157227,2014.0
2024-03-01 11:40:00,DCGO,4.119999885559082,4.119999885559082,4.119999885559082,4.119999885559082,4.119999885559082,713.0
2024-03-01 11:40:00,DCPH,17.117700576782227,17.117700576782227,17.149999618530273,17.117700576782227,17.149999618530273,308.0
2024-03-01 11:40:00,DH,9.020000457763672,9.020000457763672,9.020000457763672,9.020000457763672,9.020000457763672,100.0
2024-03-01 11:40:00,DMTK,0.8300999999046326,0.8300999999046326,0.8497999906539917,0.8300999999046326,0.8497999906539917,7156.0
2024-03-01 11:40:00,DNLI,20.875,20.875,20.875,20.860000610351562,20.875,514.0
2024-03-01 11:40:00,DRMA,0.459199994802475,0.459199994802475,0.459199994802475,0.459199994802475,0.459199994802475,500.0
2024-03-01 11:40:00,DTIL,12.529999732971191,12.529999732971191,12.585000038146973,12.529999732971191,12.585000038146973,959.0
2024-03-01 11:40:00,DVAX,12.854999542236328,12.854999542236328,12.859999656677246,12.854999542236328,12.859999656677246,722.0
2024-03-01 11:40:00,DXCM,118.9800033569336,118.9800033569336,119.00499725341797,118.91999816894531,118.9749984741211,2743.0
2024-03-01 11:40:00,DYN,29.014999389648438,29.014999389648438,29.06999969482422,28.8799991607666,28.8799991607666,15907.0
2024-03-01 11:40:00,EDIT,10.9399995803833,10.9399995803833,10.9399995803833,10.930000305175781,10.930000305175781,764.0
2024-03-01 11:40:00,EFTR,14.949999809265137,14.949999809265137,15.0,14.949999809265137,15.0,1159.0
2024-03-01 11:40:00,EGRX,6.670000076293945,6.670000076293945,6.670000076293945,6.670000076293945,6.670000076293945,101.0
2024-03-01 11:40:00,EMBC,14.329999923706055,14.329999923706055,14.359999656677246,14.329999923706055,14.359999656677246,229.0
2024-03-01 11:40:00,ENSC,0.9498999714851379,0.9498999714851379,0.9498999714851379,0.9498999714851379,0.9498999714851379,800.0
2024-03-01 11:40:00,ENSG,123.58999633789062,123.58999633789062,123.58999633789062,123.56999969482422,123.56999969482422,1099.0
2024-03-01 11:40:00,ENTA,15.204999923706055,15.204999923706055,15.204999923706055,15.188799858093262,15.188799858093262,200.0
2024-03-01 11:40:00,ENTX,1.3899999856948853,1.3899999856948853,1.3899999856948853,1.3899999856948853,1.3899999856948853,1400.0
2024-03-01 11:40:00,ENVB,1.590000033378601,1.590000033378601,1.590000033378601,1.5800000429153442,1.5850000381469727,2932.0
2024-03-01 11:40:00,EOLS,14.630000114440918,14.630000114440918,14.630000114440918,14.630000114440918,14.630000114440918,707.0
2024-03-01 11:40:00,ERAS,2.5299999713897705,2.5299999713897705,2.5299999713897705,2.5299999713897705,2.5299999713897705,201.0
2024-03-01 11:40:00,ESPR,2.5299999713897705,2.5299999713897705,2.5299999713897705,2.5250000953674316,2.5250000953674316,1649.0
2024-03-01 11:40:00,ESTA,45.904998779296875,45.904998779296875,45.904998779296875,45.904998779296875,45.904998779296875,715.0
2024-03-01 11:40:00,ETNB,12.960000038146973,12.960000038146973,12.960000038146973,12.944999694824219,12.944999694824219,1531.0
2024-03-01 11:40:00,EXAS,59.849998474121094,59.849998474121094,59.880001068115234,59.849998474121094,59.86000061035156,543.0
2024-03-01 11:40:00,EXEL,22.540000915527344,22.540000915527344,22.545000076293945,22.520000457763672,22.520000457763672,4087.0
2024-03-01 11:40:00,FATE,7.44189977645874,7.44189977645874,7.449999809265137,7.44189977645874,7.449999809265137,1267.0
2024-03-01 11:40:00,FDMT,29.344999313354492,29.344999313354492,29.399999618530273,29.344999313354492,29.399999618530273,854.0
2024-03-01 11:40:00,FGEN,1.8200000524520874,1.8200000524520874,1.8200000524520874,1.8200000524520874,1.8200000524520874,911.0
2024-03-01 11:40:00,FLGT,23.3799991607666,23.3799991607666,23.3799991607666,23.310100555419922,23.344999313354492,924.0
2024-03-01 11:40:00,FOLD,13.350000381469727,13.350000381469727,13.350000381469727,13.345000267028809,13.350000381469727,1754.0
2024-03-01 11:40:00,FONR,22.360000610351562,22.360000610351562,22.360000610351562,22.360000610351562,22.360000610351562,771.0
2024-03-01 11:40:00,FULC,10.869999885559082,10.869999885559082,10.880000114440918,10.850000381469727,10.859999656677246,13906.0
2024-03-01 11:40:00,FUSN,12.300000190734863,12.300000190734863,12.300000190734863,12.25,12.25,1910.0
2024-03-01 11:40:00,FWBI,8.07409954071045,8.07409954071045,8.07409954071045,8.07409954071045,8.07409954071045,262.0
2024-03-01 11:40:00,GANX,4.679999828338623,4.679999828338623,4.679999828338623,4.679999828338623,4.679999828338623,134.0
2024-03-01 11:40:00,GBIO,2.619999885559082,2.619999885559082,2.619999885559082,2.619999885559082,2.619999885559082,100.0
2024-03-01 11:40:00,GDRX,8.279999732971191,8.279999732971191,8.289999961853027,8.244999885559082,8.25,12080.0
2024-03-01 11:40:00,GERN,2.1700000762939453,2.1700000762939453,2.180000066757202,2.1700000762939453,2.180000066757202,9202.0
2024-03-01 11:40:00,GH,19.270000457763672,19.270000457763672,19.270000457763672,19.270000457763672,19.270000457763672,220.0
2024-03-01 11:40:00,GILD,72.43000030517578,72.43000030517578,72.45500183105469,72.43000030517578,72.45500183105469,6249.0
2024-03-01 11:40:00,GLUE,6.289999961853027,6.289999961853027,6.289999961853027,6.289999961853027,6.289999961853027,102.0
2024-03-01 11:40:00,GLYC,3.015000104904175,3.015000104904175,3.0199999809265137,3.009999990463257,3.0199999809265137,2435.0
2024-03-01 11:40:00,GMAB,29.3700008392334,29.3700008392334,29.3700008392334,29.350000381469727,29.3700008392334,1159.0
2024-03-01 11:40:00,GOSS,1.350000023841858,1.350000023841858,1.350000023841858,1.350000023841858,1.350000023841858,437.0
2024-03-01 11:40:00,GRFS,7.140999794006348,7.140999794006348,7.150000095367432,7.139999866485596,7.144999980926514,13524.0
2024-03-01 11:40:00,GRPH,3.5,3.5,3.5,3.5,3.5,133.0
2024-03-01 11:40:00,GRTS,2.2002999782562256,2.2002999782562256,2.2049999237060547,2.200000047683716,2.2049999237060547,5064.0
2024-03-01 11:40:00,GRTX,0.23000000417232513,0.23000000417232513,0.23000000417232513,0.2281000018119812,0.2281000018119812,2187.0
2024-03-01 11:40:00,GTH,3.9100000858306885,3.9100000858306885,3.9100000858306885,3.9100000858306885,3.9100000858306885,1000.0
2024-03-01 11:40:00,GTHX,3.6449999809265137,3.6449999809265137,3.6449999809265137,3.630000114440918,3.638000011444092,5419.0
2024-03-01 11:40:00,HALO,41.16999816894531,41.16999816894531,41.16999816894531,41.150001525878906,41.150001525878906,1292.0
2024-03-01 11:40:00,HARP,22.9325008392334,22.9325008392334,22.940000534057617,22.93000030517578,22.934999465942383,401.0
2024-03-01 11:40:00,HCAT,7.923399925231934,7.923399925231934,7.923399925231934,7.909999847412109,7.920000076293945,1566.0
2024-03-01 11:40:00,HCTI,2.6500000953674316,2.6500000953674316,2.6700000762939453,2.630000114440918,2.65120005607605,1130.0
2024-03-01 11:40:00,HLTH,0.27709999680519104,0.27709999680519104,0.27709999680519104,0.27709999680519104,0.27709999680519104,855.0
2024-03-01 11:40:00,HOLX,73.7750015258789,73.7750015258789,73.79000091552734,73.7750015258789,73.78500366210938,723.0
2024-03-01 11:40:00,HRMY,31.329999923706055,31.329999923706055,31.329999923706055,31.329999923706055,31.329999923706055,404.0
2024-03-01 11:40:00,HRTX,2.619999885559082,2.619999885559082,2.625,2.619999885559082,2.619999885559082,952.0
2024-03-01 11:40:00,HSIC,77.0999984741211,77.0999984741211,77.0999984741211,77.08499908447266,77.08499908447266,1738.0
2024-03-01 11:40:00,HUMA,3.3499999046325684,3.3499999046325684,3.3499999046325684,3.319999933242798,3.319999933242798,12411.0
2024-03-01 11:40:00,IART,36.45000076293945,36.45000076293945,36.45000076293945,36.43000030517578,36.43000030517578,1239.0
2024-03-01 11:40:00,IBRX,4.920000076293945,4.920000076293945,4.920000076293945,4.920000076293945,4.920000076293945,157.0
2024-03-01 11:40:00,ICLR,322.57000732421875,322.57000732421875,322.57000732421875,322.54998779296875,322.54998779296875,408.0
2024-03-01 11:40:00,IGMS,13.442500114440918,13.442500114440918,13.442500114440918,13.442500114440918,13.442500114440918,113.0
2024-03-01 11:40:00,IKNA,1.4700000286102295,1.4700000286102295,1.5,1.4700000286102295,1.4800000190734863,17355.0
2024-03-01 11:40:00,IMCR,68.44999694824219,68.44999694824219,68.55000305175781,68.44000244140625,68.55000305175781,1647.0
2024-03-01 11:40:00,IMTX,13.039999961853027,13.039999961853027,13.055000305175781,13.039999961853027,13.050000190734863,740.0
2024-03-01 11:40:00,IMUX,1.4701000452041626,1.4701000452041626,1.4701000452041626,1.4701000452041626,1.4701000452041626,1003.0
2024-03-01 11:40:00,IMVT,36.209999084472656,36.209999084472656,36.2599983215332,36.209999084472656,36.2599983215332,1569.0
2024-03-01 11:40:00,INCY,59.09000015258789,59.09000015258789,59.10499954223633,59.08000183105469,59.10499954223633,1701.0
2024-03-01 11:40:00,INGN,6.929999828338623,6.929999828338623,6.940000057220459,6.920000076293945,6.920000076293945,1029.0
2024-03-01 11:40:00,INMB,12.149999618530273,12.149999618530273,12.149999618530273,12.0,12.0,282.0
2024-03-01 11:40:00,INMD,22.7450008392334,22.7450008392334,22.7450008392334,22.725000381469727,22.725000381469727,1743.0
2024-03-01 11:40:00,INO,9.279999732971191,9.279999732971191,9.350000381469727,9.279999732971191,9.350000381469727,5104.0
2024-03-01 11:40:00,INSM,28.110000610351562,28.110000610351562,28.110000610351562,28.110000610351562,28.110000610351562,717.0
2024-03-01 11:40:00,IONS,45.94499969482422,45.94499969482422,45.94499969482422,45.93000030517578,45.93000030517578,589.0
2024-03-01 11:40:00,IOVA,16.704999923706055,16.704999923706055,16.704999923706055,16.635000228881836,16.635000228881836,9837.0
2024-03-01 11:40:00,IRWD,8.944999694824219,8.944999694824219,8.949999809265137,8.9399995803833,8.949999809265137,1534.0
2024-03-01 11:40:00,ISRG,392.6400146484375,392.6400146484375,392.6400146484375,392.625,392.6300048828125,1851.0
2024-03-01 11:40:00,IVVD,4.019999980926514,4.019999980926514,4.050000190734863,4.019999980926514,4.039999961853027,8741.0
2024-03-01 11:40:00,JAGX,0.07620000094175339,0.07620000094175339,0.07850000262260437,0.07509999722242355,0.07800000160932541,1768630.0
2024-03-01 11:40:00,JYNT,10.039999961853027,10.039999961853027,10.039999961853027,10.039999961853027,10.039999961853027,105.0
2024-03-01 11:40:00,KALA,7.170000076293945,7.170000076293945,7.170000076293945,7.170000076293945,7.170000076293945,579.0
2024-03-01 11:40:00,KALV,13.994999885559082,13.994999885559082,13.994999885559082,13.994999885559082,13.994999885559082,105.0
2024-03-01 11:40:00,KNSA,21.885000228881836,21.885000228881836,21.885000228881836,21.885000228881836,21.885000228881836,260.0
2024-03-01 11:40:00,KPTI,1.2299000024795532,1.2299000024795532,1.2299000024795532,1.2204999923706055,1.225000023841858,10558.0
2024-03-01 11:40:00,KRON,1.0399999618530273,1.0399999618530273,1.0399999618530273,1.0399999618530273,1.0399999618530273,3106.0
2024-03-01 11:40:00,KROS,69.55500030517578,69.55500030517578,69.55500030517578,68.94000244140625,69.0,13836.0
2024-03-01 11:40:00,KTRA,0.09989999979734421,0.09989999979734421,0.09989999979734421,0.09989999979734421,0.09989999979734421,1010.0
2024-03-01 11:40:00,KURA,21.34000015258789,21.34000015258789,21.34000015258789,21.34000015258789,21.34000015258789,120.0
2024-03-01 11:40:00,KZIA,0.23319999873638153,0.23319999873638153,0.23319999873638153,0.23319999873638153,0.23319999873638153,4000.0
2024-03-01 11:40:00,KZR,1.0950000286102295,1.0950000286102295,1.0950000286102295,1.0950000286102295,1.0950000286102295,2000.0
2024-03-01 11:40:00,LAB,2.444999933242798,2.444999933242798,2.444999933242798,2.444999933242798,2.444999933242798,275.0
2024-03-01 11:40:00,LBPH,21.690000534057617,21.690000534057617,21.690000534057617,21.690000534057617,21.690000534057617,334.0
2024-03-01 11:40:00,LEGN,66.0,66.0,66.0,66.0,66.0,114.0
2024-03-01 11:40:00,LFMD,7.96999979019165,7.96999979019165,7.96999979019165,7.960000038146973,7.960000038146973,580.0
2024-03-01 11:40:00,LGVN,0.5458999872207642,0.5458999872207642,0.5458999872207642,0.5458999872207642,0.5458999872207642,117.0
2024-03-01 11:40:00,LIVN,55.165000915527344,55.165000915527344,55.165000915527344,55.165000915527344,55.165000915527344,182.0
2024-03-01 11:40:00,LMAT,67.41200256347656,67.41200256347656,67.56999969482422,67.41200256347656,67.41999816894531,6051.0
2024-03-01 11:40:00,LNTH,65.26000213623047,65.26000213623047,65.26000213623047,65.1449966430664,65.18000030517578,2796.0
2024-03-01 11:40:00,LQDA,14.300000190734863,14.300000190734863,14.309900283813477,14.300000190734863,14.300000190734863,1429.0
2024-03-01 11:40:00,LSTA,3.077199935913086,3.077199935913086,3.077199935913086,3.077199935913086,3.077199935913086,331.0
2024-03-01 11:40:00,LTRN,4.619999885559082,4.619999885559082,4.619999885559082,4.619999885559082,4.619999885559082,245.0
2024-03-01 11:40:00,LXRX,2.4149999618530273,2.4149999618530273,2.4149999618530273,2.4149999618530273,2.4149999618530273,256.0
2024-03-01 11:40:00,LYEL,3.1600000858306885,3.1600000858306885,3.1649999618530273,3.1600000858306885,3.1649999618530273,280.0
2024-03-01 11:40:00,LYRA,5.635000228881836,5.635000228881836,5.659999847412109,5.619999885559082,5.645999908447266,544.0
2024-03-01 11:40:00,MACK,14.720000267028809,14.720000267028809,14.720000267028809,14.710000038146973,14.710000038146973,596.0
2024-03-01 11:40:00,MASI,127.02999877929688,127.02999877929688,127.02999877929688,127.0250015258789,127.0250015258789,660.0
2024-03-01 11:40:00,MCRB,1.1950000524520874,1.1950000524520874,1.1999000310897827,1.1950000524520874,1.1999000310897827,953.0
2024-03-01 11:40:00,MDGL,242.27999877929688,242.27999877929688,242.27999877929688,242.27999877929688,242.27999877929688,377.0
2024-03-01 11:40:00,MDRX,6.0,6.0,6.050000190734863,6.0,6.050000190734863,23142.0
2024-03-01 11:40:00,ME,0.5703999996185303,0.5703999996185303,0.5719000101089478,0.5703999996185303,0.5719000101089478,920.0
2024-03-01 11:40:00,MEDP,401.05499267578125,401.05499267578125,401.05499267578125,401.05499267578125,401.05499267578125,276.0
2024-03-01 11:40:00,MGNX,19.270000457763672,19.270000457763672,19.270000457763672,19.246200561523438,19.246200561523438,5076.0
2024-03-01 11:40:00,MGTX,6.28000020980835,6.28000020980835,6.28000020980835,6.28000020980835,6.28000020980835,122.0
2024-03-01 11:40:00,MIRM,30.079999923706055,30.079999923706055,30.09000015258789,30.040000915527344,30.049999237060547,2430.0
2024-03-01 11:40:00,MLTX,51.650001525878906,51.650001525878906,51.650001525878906,51.59000015258789,51.59000015258789,553.0
2024-03-01 11:40:00,MMSI,76.43000030517578,76.43000030517578,76.44000244140625,76.41999816894531,76.41999816894531,873.0
2024-03-01 11:40:00,MNKD,4.684999942779541,4.684999942779541,4.695000171661377,4.684999942779541,4.690000057220459,30997.0
2024-03-01 11:40:00,MNMD,6.019999980926514,6.019999980926514,6.03000020980835,6.018799781799316,6.019999980926514,9236.0
2024-03-01 11:40:00,MNPR,0.800000011920929,0.800000011920929,0.800000011920929,0.800000011920929,0.800000011920929,139.0
2024-03-01 11:40:00,MODV,27.604999542236328,27.604999542236328,27.604999542236328,27.604999542236328,27.604999542236328,362.0
2024-03-01 11:40:00,MOR,17.610000610351562,17.610000610351562,17.610000610351562,17.610000610351562,17.610000610351562,111.0
2024-03-01 11:40:00,MREO,3.815000057220459,3.815000057220459,3.8299999237060547,3.815000057220459,3.819999933242798,3321.0
2024-03-01 11:40:00,MRNA,96.41000366210938,96.41000366210938,96.45999908447266,96.38760375976562,96.45999908447266,2847.0
2024-03-01 11:40:00,MRSN,6.025000095367432,6.025000095367432,6.03000020980835,6.019999980926514,6.019999980926514,629.0
2024-03-01 11:40:00,MRUS,51.060001373291016,51.060001373291016,51.060001373291016,50.95500183105469,50.95500183105469,329.0
2024-03-01 11:40:00,MRVI,7.815000057220459,7.815000057220459,7.815000057220459,7.815000057220459,7.815000057220459,101.0
2024-03-01 11:40:00,MXCT,4.735000133514404,4.735000133514404,4.735000133514404,4.735000133514404,4.735000133514404,147.0
2024-03-01 11:40:00,NARI,46.224998474121094,46.224998474121094,46.25,46.15999984741211,46.25,2114.0
2024-03-01 11:40:00,NAUT,2.7100000381469727,2.7100000381469727,2.7100000381469727,2.6500000953674316,2.6500000953674316,306.0
2024-03-01 11:40:00,NBIX,130.5749969482422,130.5749969482422,130.6300048828125,130.5749969482422,130.5800018310547,831.0
2024-03-01 11:40:00,NEOG,17.18000030517578,17.18000030517578,17.184999465942383,17.18000030517578,17.184999465942383,545.0
2024-03-01 11:40:00,NGM,1.5299999713897705,1.5299999713897705,1.5299999713897705,1.5299999713897705,1.5299999713897705,210.0
2024-03-01 11:40:00,NKTR,0.7733500003814697,0.7733500003814697,0.7789999842643738,0.765500009059906,0.7677000164985657,18107.0
2024-03-01 11:40:00,NKTX,12.770000457763672,12.770000457763672,12.770000457763672,12.75,12.752799987792969,1340.0
2024-03-01 11:40:00,NMTC,1.2000000476837158,1.2000000476837158,1.2000000476837158,1.2000000476837158,1.2000000476837158,224.0
2024-03-01 11:40:00,NNOX,10.994999885559082,10.994999885559082,11.000200271606445,10.994999885559082,11.000200271606445,1274.0
2024-03-01 11:40:00,NOTV,8.140000343322754,8.140000343322754,8.140000343322754,8.029999732971191,8.050000190734863,9213.0
2024-03-01 11:40:00,NRXP,0.4171009957790375,0.4171009957790375,0.4171009957790375,0.4169999957084656,0.4169999957084656,877.0
2024-03-01 11:40:00,NTLA,33.56999969482422,33.56999969482422,33.61000061035156,33.54999923706055,33.56480026245117,4477.0
2024-03-01 11:40:00,NTRA,89.36000061035156,89.36000061035156,89.36000061035156,89.29000091552734,89.29000091552734,3203.0
2024-03-01 11:40:00,NUTX,0.11389999836683273,0.11389999836683273,0.11429999768733978,0.11389999836683273,0.11400000005960464,5824.0
2024-03-01 11:40:00,NVAX,5.199999809265137,5.199999809265137,5.199999809265137,5.190000057220459,5.1915998458862305,5365.0
2024-03-01 11:40:00,NVCR,15.879899978637695,15.879899978637695,15.879899978637695,15.864999771118164,15.864999771118164,558.0
2024-03-01 11:40:00,NVCT,10.699999809265137,10.699999809265137,10.699999809265137,10.699999809265137,10.699999809265137,390.0
2024-03-01 11:40:00,NVNO,6.410099983215332,6.410099983215332,6.410099983215332,6.410099983215332,6.410099983215332,152.0
2024-03-01 11:40:00,OCGN,0.928600013256073,0.928600013256073,0.928600013256073,0.928600013256073,0.928600013256073,348.0
2024-03-01 11:40:00,OCUL,10.475000381469727,10.475000381469727,10.475000381469727,10.46500015258789,10.470000267028809,724.0
2024-03-01 11:40:00,OFIX,12.859999656677246,12.859999656677246,12.885000228881836,12.859999656677246,12.885000228881836,1024.0
2024-03-01 11:40:00,OGI,2.125,2.125,2.130000114440918,2.119999885559082,2.119999885559082,5145.0
2024-03-01 11:40:00,OLMA,13.454999923706055,13.454999923706055,13.484999656677246,13.420000076293945,13.420000076293945,3271.0
2024-03-01 11:40:00,OM,3.134999990463257,3.134999990463257,3.140000104904175,3.134999990463257,3.140000104904175,304.0
2024-03-01 11:40:00,OMCL,26.360000610351562,26.360000610351562,26.360000610351562,26.34000015258789,26.34000015258789,1795.0
2024-03-01 11:40:00,OMER,4.739999771118164,4.739999771118164,4.739999771118164,4.739999771118164,4.739999771118164,199.0
2024-03-01 11:40:00,OMGA,4.230000019073486,4.230000019073486,4.230000019073486,4.224999904632568,4.230000019073486,616.0
2024-03-01 11:41:00,AADI,1.975000023841858,1.975000023841858,1.975000023841858,1.975000023841858,1.975000023841858,250.0
2024-03-01 11:41:00,ABCL,5.184999942779541,5.184999942779541,5.184999942779541,5.184999942779541,5.184999942779541,203.0
2024-03-01 11:41:00,ABIO,1.6799999475479126,1.6799999475479126,1.6799999475479126,1.6799999475479126,1.6799999475479126,149.0
2024-03-01 11:41:00,ABSI,5.199999809265137,5.199999809265137,5.210000038146973,5.190000057220459,5.195000171661377,2826.0
2024-03-01 11:41:00,ACAD,23.8700008392334,23.8700008392334,23.8799991607666,23.8700008392334,23.8700008392334,633.0
2024-03-01 11:41:00,ACB,3.141700029373169,3.141700029373169,3.149199962615967,3.130000114440918,3.134999990463257,13476.0
2024-03-01 11:41:00,ACET,2.4049999713897705,2.4049999713897705,2.4100000858306885,2.4049999713897705,2.4049999713897705,2034.0
2024-03-01 11:41:00,ACHC,83.94000244140625,83.94000244140625,83.95999908447266,83.94000244140625,83.95999908447266,734.0
2024-03-01 11:41:00,ACHL,1.340000033378601,1.340000033378601,1.350100040435791,1.340000033378601,1.350100040435791,1203.0
2024-03-01 11:41:00,ACLX,67.5199966430664,67.5199966430664,67.5199966430664,67.5199966430664,67.5199966430664,569.0
2024-03-01 11:41:00,ACRS,1.2094000577926636,1.2094000577926636,1.2100000381469727,1.2050000429153442,1.2100000381469727,5837.0
2024-03-01 11:41:00,ADAG,3.2699999809265137,3.2699999809265137,3.2699999809265137,3.2699999809265137,3.2699999809265137,2084.0
2024-03-01 11:41:00,ADAP,1.600000023841858,1.600000023841858,1.600000023841858,1.600000023841858,1.600000023841858,260.0
2024-03-01 11:41:00,ADIL,3.049999952316284,3.049999952316284,3.0899999141693115,3.030100107192993,3.0387001037597656,54577.0
2024-03-01 11:41:00,ADMA,5.389999866485596,5.389999866485596,5.389999866485596,5.389900207519531,5.389900207519531,256.0
2024-03-01 11:41:00,ADUS,93.66500091552734,93.66500091552734,93.66500091552734,93.66500091552734,93.66500091552734,163.0
2024-03-01 11:41:00,ADVM,1.9700000286102295,1.9700000286102295,1.9700000286102295,1.9700000286102295,1.9700000286102295,1082.0
2024-03-01 11:41:00,AGEN,0.6711999773979187,0.6711999773979187,0.6711999773979187,0.6711999773979187,0.6711999773979187,13306.0
2024-03-01 11:41:00,AGIO,32.93000030517578,32.93000030517578,32.93000030517578,32.93000030517578,32.93000030517578,200.0
2024-03-01 11:41:00,AKBA,1.659999966621399,1.659999966621399,1.6649999618530273,1.659999966621399,1.6649999618530273,42169.0
2024-03-01 11:41:00,AKRO,28.989999771118164,28.989999771118164,29.0,28.969999313354492,29.0,694.0
2024-03-01 11:41:00,ALDX,4.184999942779541,4.184999942779541,4.184999942779541,4.184999942779541,4.184999942779541,322.0
2024-03-01 11:41:00,ALEC,7.505000114440918,7.505000114440918,7.510000228881836,7.5,7.510000228881836,2820.0
2024-03-01 11:41:00,ALGN,300.5,300.5,300.5,300.5,300.5,518.0
2024-03-01 11:41:00,ALHC,5.71999979019165,5.71999979019165,5.71999979019165,5.699999809265137,5.710000038146973,4263.0
2024-03-01 11:41:00,ALKS,30.239999771118164,30.239999771118164,30.249900817871094,30.229999542236328,30.249900817871094,2703.0
2024-03-01 11:41:00,ALLK,1.600000023841858,1.600000023841858,1.600000023841858,1.600000023841858,1.600000023841858,234.0
2024-03-01 11:41:00,ALNY,154.1999969482422,154.1999969482422,154.3300018310547,154.1999969482422,154.3300018310547,318.0
2024-03-01 11:41:00,ALT,12.229999542236328,12.229999542236328,12.229999542236328,12.210000038146973,12.220000267028809,5330.0
2024-03-01 11:41:00,ALVR,0.7480000257492065,0.7480000257492065,0.7480000257492065,0.7480000257492065,0.7480000257492065,148.0
2024-03-01 11:41:00,ALXO,15.015000343322754,15.015000343322754,15.015000343322754,14.979999542236328,14.979999542236328,501.0
2024-03-01 11:41:00,AMED,93.23999786376953,93.23999786376953,93.3550033569336,93.23999786376953,93.3550033569336,8782.0
2024-03-01 11:41:00,AMGN,281.2799987792969,281.2799987792969,281.4049987792969,281.2799987792969,281.3299865722656,8511.0
2024-03-01 11:41:00,AMRN,1.0549999475479126,1.0549999475479126,1.0549999475479126,1.0549999475479126,1.0549999475479126,400.0
2024-03-01 11:41:00,ANGO,5.549900054931641,5.549900054931641,5.549900054931641,5.539999961853027,5.539999961853027,301.0
2024-03-01 11:41:00,ANNX,6.0,6.0,6.0,5.980000019073486,5.980000019073486,5156.0
2024-03-01 11:41:00,ANTX,3.009999990463257,3.009999990463257,3.009999990463257,3.009999990463257,3.009999990463257,144.0
2024-03-01 11:41:00,APLS,65.31999969482422,65.31999969482422,65.37000274658203,65.16999816894531,65.16999816894531,5709.0
2024-03-01 11:41:00,APLT,7.130000114440918,7.130000114440918,7.130000114440918,7.130000114440918,7.130000114440918,105.0
2024-03-01 11:41:00,APRE,8.369999885559082,8.369999885559082,8.369999885559082,8.369999885559082,8.369999885559082,155.0
2024-03-01 11:41:00,APVO,0.1550000011920929,0.1550000011920929,0.1579499989748001,0.1550000011920929,0.1579499989748001,2922.0
2024-03-01 11:41:00,AQST,4.3028998374938965,4.3028998374938965,4.315000057220459,4.3028998374938965,4.315000057220459,3446.0
2024-03-01 11:41:00,ARCT,39.271400451660156,39.271400451660156,39.271400451660156,39.271400451660156,39.271400451660156,1051.0
2024-03-01 11:41:00,ARDX,9.53499984741211,9.53499984741211,9.53499984741211,9.494999885559082,9.494999885559082,31860.0
2024-03-01 11:41:00,ARGX,388.25,388.25,388.6199951171875,388.25,388.6199951171875,418.0
2024-03-01 11:41:00,ARQT,11.380000114440918,11.380000114440918,11.380000114440918,11.335000038146973,11.34000015258789,4746.0
2024-03-01 11:41:00,ARVN,48.608001708984375,48.608001708984375,48.61000061035156,48.560001373291016,48.59000015258789,2097.0
2024-03-01 11:41:00,ARWR,35.93000030517578,35.93000030517578,35.93000030517578,35.880001068115234,35.900001525878906,1452.0
2024-03-01 11:41:00,ASLN,0.8245000243186951,0.8245000243186951,0.8245000243186951,0.8245000243186951,0.8245000243186951,1367.0
2024-03-01 11:41:00,ASND,149.94500732421875,149.94500732421875,149.94500732421875,149.94500732421875,149.94500732421875,285.0
2024-03-01 11:41:00,ASRT,0.9055500030517578,0.9055500030517578,0.9100000262260437,0.9055500030517578,0.9077749848365784,346.0
2024-03-01 11:41:00,ATAI,2.0450000762939453,2.0450000762939453,2.0450000762939453,2.039900064468384,2.039900064468384,23021.0
2024-03-01 11:41:00,ATRA,0.8032500147819519,0.8032500147819519,0.8065000176429749,0.800000011920929,0.800000011920929,1400.0
2024-03-01 11:41:00,ATRC,36.08000183105469,36.08000183105469,36.119998931884766,36.06999969482422,36.11000061035156,2154.0
2024-03-01 11:41:00,ATXI,0.15389899909496307,0.15389899909496307,0.15389899909496307,0.15389899909496307,0.15389899909496307,1081.0
2024-03-01 11:41:00,ATXS,15.09000015258789,15.09000015258789,15.09000015258789,15.0600004196167,15.0600004196167,2429.0
2024-03-01 11:41:00,AUPH,5.804999828338623,5.804999828338623,5.804999828338623,5.804999828338623,5.804999828338623,171.0
2024-03-01 11:41:00,AVAH,2.386399984359741,2.386399984359741,2.386399984359741,2.386399984359741,2.386399984359741,180.0
2024-03-01 11:41:00,AVDL,12.739500045776367,12.739500045776367,12.75,12.649999618530273,12.65999984741211,15147.0
2024-03-01 11:41:00,AVIR,4.460999965667725,4.460999965667725,4.460999965667725,4.460999965667725,4.460999965667725,100.0
2024-03-01 11:41:00,AXNX,67.25,67.25,67.2699966430664,67.23999786376953,67.2699966430664,2529.0
2024-03-01 11:41:00,AXSM,82.56999969482422,82.56999969482422,82.56999969482422,82.52999877929688,82.55999755859375,2245.0
2024-03-01 11:41:00,AZN,64.56500244140625,64.56500244140625,64.56500244140625,64.53500366210938,64.54000091552734,4420.0
2024-03-01 11:41:00,AZTA,66.2699966430664,66.2699966430664,66.31999969482422,66.2699966430664,66.30999755859375,1060.0
2024-03-01 11:41:00,BBIO,35.880001068115234,35.880001068115234,35.900001525878906,35.869998931884766,35.88990020751953,3291.0
2024-03-01 11:41:00,BBLG,2.319999933242798,2.319999933242798,2.319999933242798,2.319999933242798,2.319999933242798,121.0
2024-03-01 11:41:00,BCAB,2.7850000858306885,2.7850000858306885,2.7850000858306885,2.7850000858306885,2.7850000858306885,154.0
2024-03-01 11:41:00,BCEL,0.26899999380111694,0.26899999380111694,0.26899999380111694,0.26899999380111694,0.26899999380111694,103.0
2024-03-01 11:41:00,BCRX,5.809999942779541,5.809999942779541,5.809999942779541,5.800000190734863,5.806399822235107,1004.0
2024-03-01 11:41:00,BDTX,5.047500133514404,5.047500133514404,5.050000190734863,5.039999961853027,5.050000190734863,999.0
2024-03-01 11:41:00,BEAM,40.165000915527344,40.165000915527344,40.224998474121094,40.15999984741211,40.224998474121094,2081.0
2024-03-01 11:41:00,BIIB,220.16000366210938,220.16000366210938,220.16000366210938,220.16000366210938,220.16000366210938,702.0
2024-03-01 11:41:00,BIVI,2.2544000148773193,2.2544000148773193,2.2699999809265137,2.2200000286102295,2.25,90156.0
2024-03-01 11:41:00,BLFS,18.239999771118164,18.239999771118164,18.25,18.239999771118164,18.239999771118164,573.0
2024-03-01 11:41:00,BLUE,1.5990999937057495,1.5990999937057495,1.600000023841858,1.5902999639511108,1.5950000286102295,5137.0
2024-03-01 11:41:00,BMEA,17.93000030517578,17.93000030517578,17.93000030517578,17.899999618530273,17.899999618530273,495.0
2024-03-01 11:41:00,BMRN,87.0,87.0,87.01000213623047,86.9800033569336,86.98500061035156,1995.0
2024-03-01 11:41:00,BNR,0.8571000099182129,0.8571000099182129,0.8600999712944031,0.8571000099182129,0.8600999712944031,4400.0
2024-03-01 11:41:00,BNTC,5.099999904632568,5.099999904632568,5.099999904632568,5.099999904632568,5.099999904632568,274.0
2024-03-01 11:41:00,BNTX,92.2750015258789,92.2750015258789,92.2750015258789,92.2750015258789,92.2750015258789,502.0
2024-03-01 11:41:00,BPMC,97.0,97.0,97.0,96.68000030517578,96.68000030517578,2520.0
2024-03-01 11:41:00,BTMD,6.070000171661377,6.070000171661377,6.070000171661377,6.065000057220459,6.065000057220459,589.0
2024-03-01 11:41:00,BTTX,0.1679999977350235,0.1679999977350235,0.1679999977350235,0.1673000007867813,0.1676499992609024,12391.0
2024-03-01 11:41:00,BWAY,6.648600101470947,6.648600101470947,6.648600101470947,6.648600101470947,6.648600101470947,588.0
2024-03-01 11:41:00,CABA,23.959999084472656,23.959999084472656,23.979999542236328,23.959999084472656,23.979999542236328,428.0
2024-03-01 11:41:00,CARA,0.8799999952316284,0.8799999952316284,0.8799999952316284,0.8799999952316284,0.8799999952316284,493.0
2024-03-01 11:41:00,CBAY,32.244998931884766,32.244998931884766,32.25,32.240501403808594,32.240501403808594,2315.0
2024-03-01 11:41:00,CCCC,10.979999542236328,10.979999542236328,10.979999542236328,10.970000267028809,10.970000267028809,2285.0
2024-03-01 11:41:00,CDMO,8.145000457763672,8.145000457763672,8.170000076293945,8.145000457763672,8.170000076293945,871.0
2024-03-01 11:41:00,CDNA,12.5600004196167,12.5600004196167,12.579999923706055,12.500100135803223,12.579999923706055,6657.0
2024-03-01 11:41:00,CDTX,0.7248610258102417,0.7248610258102417,0.7248610258102417,0.7248610258102417,0.7248610258102417,425.0
2024-03-01 11:41:00,CDXC,1.6399999856948853,1.6399999856948853,1.6399999856948853,1.6399999856948853,1.6399999856948853,126.0
2024-03-01 11:41:00,CDXS,4.460000038146973,4.460000038146973,4.460000038146973,4.460000038146973,4.460000038146973,102.0
2024-03-01 11:41:00,CELU,3.5999999046325684,3.5999999046325684,3.5999999046325684,3.5899999141693115,3.5899999141693115,2124.0
2024-03-01 11:41:00,CERE,41.119998931884766,41.119998931884766,41.125,41.119998931884766,41.125,909.0
2024-03-01 11:41:00,CERS,2.2149999141693115,2.2149999141693115,2.2149999141693115,2.2100000381469727,2.2100000381469727,3999.0
2024-03-01 11:41:00,CERT,17.639999389648438,17.639999389648438,17.68000030517578,17.639999389648438,17.670000076293945,2703.0
2024-03-01 11:41:00,CGC,3.2750000953674316,3.2750000953674316,3.2799999713897705,3.2699999809265137,3.2750000953674316,3351.0
2024-03-01 11:41:00,CGEN,2.6884000301361084,2.6884000301361084,2.690000057220459,2.6884000301361084,2.690000057220459,839.0
2024-03-01 11:41:00,CGTX,2.049999952316284,2.049999952316284,2.049999952316284,2.049999952316284,2.049999952316284,225.0
2024-03-01 11:41:00,CHRS,2.3299999237060547,2.3299999237060547,2.3299999237060547,2.3299999237060547,2.3299999237060547,280.0
2024-03-01 11:41:00,CING,1.3650000095367432,1.3650000095367432,1.3700000047683716,1.350000023841858,1.3700000047683716,3195.0
2024-03-01 11:41:00,CKPT,2.1700000762939453,2.1700000762939453,2.180000066757202,2.1500000953674316,2.180000066757202,12000.0
2024-03-01 11:41:00,CLDX,52.6349983215332,52.6349983215332,52.63999938964844,52.375,52.375,4786.0
2024-03-01 11:41:00,CLOV,0.8679999709129333,0.8679999709129333,0.8689000010490417,0.8679999709129333,0.8689000010490417,26713.0
2024-03-01 11:41:00,CLRB,4.120999813079834,4.120999813079834,4.130000114440918,4.119999885559082,4.130000114440918,3706.0
2024-03-01 11:41:00,CMPS,11.329999923706055,11.329999923706055,11.329999923706055,11.326000213623047,11.329999923706055,965.0
2024-03-01 11:41:00,COGT,7.239999771118164,7.239999771118164,7.239999771118164,7.239999771118164,7.239999771118164,122.0
2024-03-01 11:41:00,COLL,36.994998931884766,36.994998931884766,36.994998931884766,36.994998931884766,36.994998931884766,100.0
2024-03-01 11:41:00,CORT,23.8799991607666,23.8799991607666,23.8799991607666,23.8700008392334,23.8700008392334,673.0
2024-03-01 11:41:00,CPRX,17.05500030517578,17.05500030517578,17.079999923706055,17.040000915527344,17.079999923706055,4369.0
2024-03-01 11:41:00,CRBP,31.59000015258789,31.59000015258789,31.59000015258789,31.59000015258789,31.59000015258789,323.0
2024-03-01 11:41:00,CRBU,8.024999618530273,8.024999618530273,8.027999877929688,8.0,8.010000228881836,7259.0
2024-03-01 11:41:00,CRDF,2.4707000255584717,2.4707000255584717,2.4800000190734863,2.430000066757202,2.440000057220459,51911.0
2024-03-01 11:41:00,CRDL,1.9948999881744385,1.9948999881744385,1.9948999881744385,1.9948999881744385,1.9948999881744385,148.0
2024-03-01 11:41:00,CRNX,46.189998626708984,46.189998626708984,46.290000915527344,46.189998626708984,46.27000045776367,1106.0
2024-03-01 11:41:00,CRON,2.065000057220459,2.065000057220459,2.065000057220459,2.065000057220459,2.065000057220459,214.0
2024-03-01 11:41:00,CRSP,85.83999633789062,85.83999633789062,85.87999725341797,85.79000091552734,85.79000091552734,3023.0
2024-03-01 11:41:00,CSTL,19.93000030517578,19.93000030517578,19.959999084472656,19.93000030517578,19.959999084472656,951.0
2024-03-01 11:41:00,CTKB,8.449999809265137,8.449999809265137,8.460000038146973,8.444999694824219,8.449999809265137,1109.0
2024-03-01 11:41:00,CTMX,2.5850000381469727,2.5850000381469727,2.5899999141693115,2.5850000381469727,2.5850000381469727,3650.0
2024-03-01 11:41:00,CTXR,0.7724000215530396,0.7724000215530396,0.7724000215530396,0.7713000178337097,0.7713000178337097,1597.0
2024-03-01 11:41:00,CUE,2.140000104904175,2.140000104904175,2.140000104904175,2.140000104904175,2.140000104904175,134.0
2024-03-01 11:41:00,DARE,0.5648999810218811,0.5648999810218811,0.5648999810218811,0.5648999810218811,0.5648999810218811,100.0
2024-03-01 11:41:00,DCGO,4.119999885559082,4.119999885559082,4.119999885559082,4.119999885559082,4.119999885559082,402.0
2024-03-01 11:41:00,DCTH,4.210000038146973,4.210000038146973,4.210000038146973,4.210000038146973,4.210000038146973,200.0
2024-03-01 11:41:00,DH,9.020000457763672,9.020000457763672,9.020000457763672,9.010000228881836,9.010000228881836,592.0
2024-03-01 11:41:00,DMTK,0.8399999737739563,0.8399999737739563,0.8496999740600586,0.8399999737739563,0.8496999740600586,3134.0
2024-03-01 11:41:00,DNLI,20.815000534057617,20.815000534057617,20.875,20.809999465942383,20.850000381469727,3256.0
2024-03-01 11:41:00,DRMA,0.452798992395401,0.452798992395401,0.452798992395401,0.452798992395401,0.452798992395401,515.0
2024-03-01 11:41:00,DXCM,119.1500015258789,119.1500015258789,119.1500015258789,118.9800033569336,118.98999786376953,6915.0
2024-03-01 11:41:00,DYN,29.190000534057617,29.190000534057617,29.415000915527344,29.059999465942383,29.06999969482422,11611.0
2024-03-01 11:41:00,EDIT,10.9350004196167,10.9350004196167,10.9399995803833,10.9350004196167,10.9399995803833,490.0
2024-03-01 11:41:00,EFTR,14.770000457763672,14.770000457763672,14.960000038146973,14.760000228881836,14.770000457763672,2004.0
2024-03-01 11:41:00,EGRX,6.699999809265137,6.699999809265137,6.699999809265137,6.699999809265137,6.699999809265137,187.0
2024-03-01 11:41:00,ELEV,4.980000019073486,4.980000019073486,4.980000019073486,4.96999979019165,4.96999979019165,1539.0
2024-03-01 11:41:00,ENLV,3.4000000953674316,3.4000000953674316,3.4000000953674316,3.4000000953674316,3.4000000953674316,1070.0
2024-03-01 11:41:00,ENTA,15.229999542236328,15.229999542236328,15.229999542236328,15.204999923706055,15.204999923706055,740.0
2024-03-01 11:41:00,ENTX,1.3899999856948853,1.3899999856948853,1.3899999856948853,1.3899999856948853,1.3899999856948853,700.0
2024-03-01 11:41:00,ENVB,1.5800000429153442,1.5800000429153442,1.590000033378601,1.5800000429153442,1.5850000381469727,1446.0
2024-03-01 11:41:00,ESPR,2.530100107192993,2.530100107192993,2.5350000858306885,2.5250000953674316,2.5299999713897705,7155.0
2024-03-01 11:41:00,ETNB,12.960000038146973,12.960000038146973,12.960000038146973,12.960000038146973,12.960000038146973,2475.0
2024-03-01 11:41:00,EVGN,0.9502999782562256,0.9502999782562256,0.9502999782562256,0.9502999782562256,0.9502999782562256,500.0
2024-03-01 11:41:00,EWTX,17.0049991607666,17.0049991607666,17.0049991607666,17.0049991607666,17.0049991607666,101.0
2024-03-01 11:41:00,EXAS,59.790000915527344,59.790000915527344,59.83100128173828,59.790000915527344,59.83000183105469,1159.0
2024-03-01 11:41:00,EXEL,22.510000228881836,22.510000228881836,22.53499984741211,22.510000228881836,22.53499984741211,6460.0
2024-03-01 11:41:00,EYEN,2.2300000190734863,2.2300000190734863,2.2300000190734863,2.2300000190734863,2.2300000190734863,924.0
2024-03-01 11:41:00,FATE,7.445000171661377,7.445000171661377,7.449999809265137,7.434999942779541,7.440000057220459,1567.0
2024-03-01 11:41:00,FDMT,29.309999465942383,29.309999465942383,29.309999465942383,29.309999465942383,29.309999465942383,177.0
2024-03-01 11:41:00,FEMY,1.7297999858856201,1.7297999858856201,1.7297999858856201,1.7297999858856201,1.7297999858856201,656.0
2024-03-01 11:41:00,FIXX,0.9371600151062012,0.9371600151062012,0.9371600151062012,0.9301000237464905,0.9301000237464905,1171.0
2024-03-01 11:41:00,FNCH,2.7950000762939453,2.7950000762939453,2.7950000762939453,2.7950000762939453,2.7950000762939453,100.0
2024-03-01 11:41:00,FOLD,13.350000381469727,13.350000381469727,13.350000381469727,13.345000267028809,13.345000267028809,1588.0
2024-03-01 11:41:00,FULC,10.869999885559082,10.869999885559082,10.869999885559082,10.869999885559082,10.869999885559082,591.0
2024-03-01 11:41:00,FUSN,12.34000015258789,12.34000015258789,12.34000015258789,12.319999694824219,12.319999694824219,320.0
2024-03-01 11:41:00,GBIO,2.619999885559082,2.619999885559082,2.619999885559082,2.609999895095825,2.609999895095825,239.0
2024-03-01 11:41:00,GDRX,8.295000076293945,8.295000076293945,8.305000305175781,8.28499984741211,8.289999961853027,4328.0
2024-03-01 11:41:00,GERN,2.180000066757202,2.180000066757202,2.180000066757202,2.1700000762939453,2.177500009536743,3385.0
2024-03-01 11:41:00,GH,19.270000457763672,19.270000457763672,19.270000457763672,19.260000228881836,19.270000457763672,566.0
2024-03-01 11:41:00,GILD,72.4000015258789,72.4000015258789,72.43000030517578,72.38500213623047,72.43000030517578,7840.0
2024-03-01 11:41:00,GLPG,35.185001373291016,35.185001373291016,35.185001373291016,35.185001373291016,35.185001373291016,476.0
2024-03-01 11:41:00,GLUE,6.309999942779541,6.309999942779541,6.309999942779541,6.309999942779541,6.309999942779541,390.0
2024-03-01 11:41:00,GMAB,29.375,29.375,29.375,29.364999771118164,29.364999771118164,577.0
2024-03-01 11:41:00,GMDA,0.3831999897956848,0.3831999897956848,0.3831999897956848,0.38100001215934753,0.38100001215934753,22984.0
2024-03-01 11:41:00,GOSS,1.350000023841858,1.350000023841858,1.3600000143051147,1.350000023841858,1.350000023841858,7111.0
2024-03-01 11:41:00,GRFS,7.144999980926514,7.144999980926514,7.144999980926514,7.144999980926514,7.144999980926514,243.0
2024-03-01 11:41:00,GRPH,3.5,3.5,3.5,3.5,3.5,115.0
2024-03-01 11:41:00,GRTS,2.200200080871582,2.200200080871582,2.2049999237060547,2.200000047683716,2.2049999237060547,20755.0
2024-03-01 11:41:00,GRTX,0.23280000686645508,0.23280000686645508,0.23280000686645508,0.23000000417232513,0.23000000417232513,3757.0
2024-03-01 11:41:00,GTH,3.9100000858306885,3.9100000858306885,3.9100000858306885,3.9100000858306885,3.9100000858306885,1000.0
2024-03-01 11:41:00,GTHX,3.619999885559082,3.619999885559082,3.6382999420166016,3.619999885559082,3.6382999420166016,3511.0
2024-03-01 11:41:00,HALO,41.150001525878906,41.150001525878906,41.18000030517578,41.14500045776367,41.18000030517578,1635.0
2024-03-01 11:41:00,HARP,22.9325008392334,22.9325008392334,22.940000534057617,22.9325008392334,22.940000534057617,240.0
2024-03-01 11:41:00,HCAT,7.920000076293945,7.920000076293945,7.920000076293945,7.920000076293945,7.920000076293945,412.0
2024-03-01 11:41:00,HCM,15.380000114440918,15.380000114440918,15.380000114440918,15.380000114440918,15.380000114440918,242.0
2024-03-01 11:41:00,HCTI,2.5999999046325684,2.5999999046325684,2.649899959564209,2.5999999046325684,2.649899959564209,8459.0
2024-03-01 11:41:00,HEPA,3.1600000858306885,3.1600000858306885,3.1600000858306885,3.1600000858306885,3.1600000858306885,24194.0
2024-03-01 11:41:00,HITI,1.7699999809265137,1.7699999809265137,1.7699999809265137,1.7699999809265137,1.7699999809265137,710.0
2024-03-01 11:41:00,HOLX,73.77999877929688,73.77999877929688,73.80000305175781,73.77999877929688,73.77999877929688,1000.0
2024-03-01 11:41:00,HOWL,6.849999904632568,6.849999904632568,6.849999904632568,6.849999904632568,6.849999904632568,375.0
2024-03-01 11:41:00,HQY,81.25,81.25,81.25,81.23999786376953,81.23999786376953,410.0
2024-03-01 11:41:00,HRMY,31.34000015258789,31.34000015258789,31.350000381469727,31.34000015258789,31.350000381469727,1134.0
2024-03-01 11:41:00,HROW,10.779999732971191,10.779999732971191,10.779999732971191,10.779999732971191,10.779999732971191,102.0
2024-03-01 11:41:00,HRTX,2.619999885559082,2.619999885559082,2.625,2.619999885559082,2.625,419.0
2024-03-01 11:41:00,HSCS,0.11710000038146973,0.11710000038146973,0.11715000122785568,0.11710000038146973,0.11715000122785568,5045.0
2024-03-01 11:41:00,HSIC,77.08499908447266,77.08499908447266,77.09500122070312,77.05999755859375,77.09500122070312,4627.0
2024-03-01 11:41:00,HUMA,3.390000104904175,3.390000104904175,3.3949999809265137,3.3450000286102295,3.3450000286102295,27069.0
2024-03-01 11:41:00,IBRX,4.90939998626709,4.90939998626709,4.914999961853027,4.900000095367432,4.909999847412109,4036.0
2024-03-01 11:41:00,ICLR,322.93499755859375,322.93499755859375,322.93499755859375,322.5950012207031,322.5950012207031,1510.0
2024-03-01 11:41:00,IDYA,46.099998474121094,46.099998474121094,46.099998474121094,46.099998474121094,46.099998474121094,629.0
2024-03-01 11:41:00,IFRX,1.8350000381469727,1.8350000381469727,1.8350000381469727,1.8350000381469727,1.8350000381469727,900.0
2024-03-01 11:41:00,IGMS,13.449999809265137,13.449999809265137,13.449999809265137,13.449999809265137,13.449999809265137,100.0
2024-03-01 11:41:00,ILMN,141.72999572753906,141.72999572753906,141.85000610351562,141.72999572753906,141.85000610351562,1716.0
2024-03-01 11:41:00,IMAB,1.850000023841858,1.850000023841858,1.850000023841858,1.850000023841858,1.850000023841858,120.0
2024-03-01 11:41:00,IMCR,68.1500015258789,68.1500015258789,68.45500183105469,68.1500015258789,68.44000244140625,6068.0
2024-03-01 11:41:00,IMMP,2.319999933242798,2.319999933242798,2.319999933242798,2.319999933242798,2.319999933242798,1109.0
2024-03-01 11:41:00,IMMX,3.5350000858306885,3.5350000858306885,3.5350000858306885,3.509999990463257,3.509999990463257,237.0
2024-03-01 11:41:00,IMTX,13.039999961853027,13.039999961853027,13.039999961853027,13.039999961853027,13.039999961853027,115.0
2024-03-01 11:41:00,IMUX,1.4799000024795532,1.4799000024795532,1.4799000024795532,1.4799000024795532,1.4799000024795532,2607.0
2024-03-01 11:41:00,INCY,59.060001373291016,59.060001373291016,59.08000183105469,59.060001373291016,59.08000183105469,1114.0
2024-03-01 11:41:00,INGN,6.929999828338623,6.929999828338623,6.933300018310547,6.929999828338623,6.929999828338623,1058.0
2024-03-01 11:41:00,INMB,12.172300338745117,12.172300338745117,12.172300338745117,12.172300338745117,12.172300338745117,125.0
2024-03-01 11:41:00,INMD,22.735000610351562,22.735000610351562,22.739999771118164,22.735000610351562,22.739999771118164,1901.0
2024-03-01 11:41:00,INO,9.350000381469727,9.350000381469727,9.350000381469727,9.343400001525879,9.350000381469727,831.0
2024-03-01 11:41:00,INSM,28.1200008392334,28.1200008392334,28.1200008392334,28.09000015258789,28.110000610351562,4031.0
2024-03-01 11:41:00,INVA,15.699999809265137,15.699999809265137,15.704999923706055,15.699899673461914,15.699899673461914,2853.0
2024-03-01 11:41:00,INZY,6.510000228881836,6.510000228881836,6.510000228881836,6.494999885559082,6.494999885559082,1228.0
2024-03-01 11:41:00,IONS,45.935001373291016,45.935001373291016,45.935001373291016,45.91999816894531,45.93000030517578,1289.0
2024-03-01 11:41:00,IOVA,16.696800231933594,16.696800231933594,16.719999313354492,16.681100845336914,16.704999923706055,17332.0
2024-03-01 11:41:00,IRWD,8.9350004196167,8.9350004196167,8.947500228881836,8.9350004196167,8.944999694824219,10360.0
2024-03-01 11:41:00,ISRG,392.67999267578125,392.67999267578125,392.67999267578125,392.44000244140625,392.6050109863281,806.0
2024-03-01 11:41:00,ITRM,1.25,1.25,1.25,1.25,1.25,200.0
2024-03-01 11:41:00,IVVD,4.010000228881836,4.010000228881836,4.03000020980835,4.010000228881836,4.03000020980835,1321.0
2024-03-01 11:41:00,JAGX,0.07649999856948853,0.07649999856948853,0.07769999653100967,0.07599999755620956,0.07660000026226044,673340.0
2024-03-01 11:41:00,JANX,46.845001220703125,46.845001220703125,46.845001220703125,46.845001220703125,46.845001220703125,433.0
2024-03-01 11:41:00,JAZZ,119.49500274658203,119.49500274658203,119.5999984741211,119.48999786376953,119.55000305175781,3030.0
2024-03-01 11:41:00,JYNT,10.039999961853027,10.039999961853027,10.039999961853027,10.039999961853027,10.039999961853027,100.0
2024-03-01 11:41:00,KALV,14.010000228881836,14.010000228881836,14.010000228881836,13.979999542236328,13.979999542236328,249.0
2024-03-01 11:41:00,KNTE,2.630000114440918,2.630000114440918,2.630000114440918,2.630000114440918,2.630000114440918,570.0
2024-03-01 11:41:00,KOD,6.150000095367432,6.150000095367432,6.150000095367432,6.144999980926514,6.144999980926514,219.0
2024-03-01 11:41:00,KPTI,1.2300000190734863,1.2300000190734863,1.2300000190734863,1.225000023841858,1.225000023841858,7968.0
2024-03-01 11:41:00,KRYS,167.47500610351562,167.47500610351562,167.47500610351562,167.47500610351562,167.47500610351562,373.0
2024-03-01 11:41:00,KURA,21.360000610351562,21.360000610351562,21.360000610351562,21.360000610351562,21.360000610351562,212.0
2024-03-01 11:41:00,KZR,1.090000033378601,1.090000033378601,1.100000023841858,1.090000033378601,1.100000023841858,5870.0
2024-03-01 11:41:00,LAB,2.440000057220459,2.440000057220459,2.450000047683716,2.440000057220459,2.444999933242798,6375.0
2024-03-01 11:41:00,LBPH,21.68000030517578,21.68000030517578,21.68000030517578,21.65999984741211,21.68000030517578,853.0
2024-03-01 11:41:00,LEGN,66.0,66.0,66.00499725341797,66.0,66.0,459.0
2024-03-01 11:41:00,LEXX,2.640000104904175,2.640000104904175,2.640000104904175,2.6280999183654785,2.6280999183654785,7066.0
2024-03-01 11:41:00,LFST,7.989999771118164,7.989999771118164,7.989999771118164,7.985000133514404,7.989999771118164,3954.0
2024-03-01 11:41:00,LIFE,1.9300999641418457,1.9300999641418457,1.9300999641418457,1.9300999641418457,1.9300999641418457,1000.0
2024-03-01 11:41:00,LIVN,55.150001525878906,55.150001525878906,55.150001525878906,55.150001525878906,55.150001525878906,266.0
2024-03-01 11:41:00,LMAT,67.33000183105469,67.33000183105469,67.33000183105469,67.19999694824219,67.29000091552734,2261.0
2024-03-01 11:41:00,LNTH,65.30999755859375,65.30999755859375,65.30999755859375,65.26000213623047,65.26000213623047,1397.0
2024-03-01 11:41:00,LQDA,14.300000190734863,14.300000190734863,14.300000190734863,14.300000190734863,14.300000190734863,101.0
2024-03-01 11:41:00,LUCD,1.2300000190734863,1.2300000190734863,1.2300000190734863,1.2300000190734863,1.2300000190734863,167.0
2024-03-01 11:41:00,LVTX,3.0999999046325684,3.0999999046325684,3.0999999046325684,3.075000047683716,3.075000047683716,201.0
2024-03-01 11:41:00,LXRX,2.4107000827789307,2.4107000827789307,2.4107000827789307,2.4100000858306885,2.4100000858306885,3214.0
2024-03-01 11:41:00,LYEL,3.1649999618530273,3.1649999618530273,3.1700000762939453,3.1649999618530273,3.1649999618530273,831.0
2024-03-01 11:41:00,MASI,127.0,127.0,127.0,127.0,127.0,2525.0
2024-03-01 11:41:00,MCRB,1.2000000476837158,1.2000000476837158,1.2000000476837158,1.1986000537872314,1.1986000537872314,3004.0
2024-03-01 11:41:00,MDRX,6.0,6.0,6.050000190734863,6.0,6.050000190734863,31115.0
2024-03-01 11:41:00,ME,0.5702999830245972,0.5702999830245972,0.5719000101089478,0.5702000260353088,0.5719000101089478,13657.0
2024-03-01 11:41:00,MEDP,401.05499267578125,401.05499267578125,401.05499267578125,401.05499267578125,401.05499267578125,211.0
2024-03-01 11:41:00,MGNX,19.09950065612793,19.09950065612793,19.260000228881836,19.079999923706055,19.260000228881836,34096.0
2024-03-01 11:41:00,MIST,1.684999942779541,1.684999942779541,1.690000057220459,1.684999942779541,1.684999942779541,2168.0
2024-03-01 11:41:00,MLTX,51.619998931884766,51.619998931884766,51.619998931884766,51.619998931884766,51.619998931884766,200.0
2024-03-01 11:41:00,MNKD,4.690000057220459,4.690000057220459,4.690000057220459,4.680099964141846,4.690000057220459,5932.0
2024-03-01 11:41:00,MNMD,6.039999961853027,6.039999961853027,6.045000076293945,6.019999980926514,6.024499893188477,6210.0
2024-03-01 11:41:00,MNPR,0.8131999969482422,0.8131999969482422,0.8131999969482422,0.8100000023841858,0.8100000023841858,840.0
2024-03-01 11:41:00,MOR,17.614999771118164,17.614999771118164,17.614999771118164,17.614999771118164,17.614999771118164,100.0
2024-03-01 11:41:00,MORF,38.595001220703125,38.595001220703125,38.595001220703125,38.595001220703125,38.595001220703125,181.0
2024-03-01 11:41:00,MREO,3.819999933242798,3.819999933242798,3.819999933242798,3.815000057220459,3.815000057220459,1318.0
2024-03-01 11:41:00,MRNA,96.38999938964844,96.38999938964844,96.41000366210938,96.38999938964844,96.41000366210938,1922.0
2024-03-01 11:41:00,MRSN,6.005000114440918,6.005000114440918,6.03000020980835,6.0,6.019999980926514,3196.0
2024-03-01 11:41:00,MRUS,50.932498931884766,50.932498931884766,50.932498931884766,50.932498931884766,50.932498931884766,237.0
2024-03-01 11:41:00,MRVI,7.809999942779541,7.809999942779541,7.815000057220459,7.809999942779541,7.809999942779541,700.0
2024-03-01 11:41:00,MYGN,21.559999465942383,21.559999465942383,21.559999465942383,21.559999465942383,21.559999465942383,120.0
2024-03-01 11:41:00,NARI,46.22999954223633,46.22999954223633,46.22999954223633,46.160099029541016,46.224998474121094,1083.0
2024-03-01 11:41:00,NAUT,2.6700000762939453,2.6700000762939453,2.6700000762939453,2.6700000762939453,2.6700000762939453,103.0
2024-03-01 11:41:00,NBIX,130.5749969482422,130.5749969482422,130.5749969482422,130.5749969482422,130.5749969482422,188.0
2024-03-01 11:41:00,NEOG,17.190000534057617,17.190000534057617,17.190000534057617,17.184999465942383,17.184999465942383,5590.0
2024-03-01 11:41:00,NERV,2.5,2.5,2.5,2.5,2.5,370.0
2024-03-01 11:41:00,NGM,1.5299999713897705,1.5299999713897705,1.534999966621399,1.5299999713897705,1.534999966621399,1601.0
2024-03-01 11:41:00,NKTR,0.7733500003814697,0.7733500003814697,0.7733500003814697,0.766700029373169,0.766700029373169,4527.0
2024-03-01 11:41:00,NKTX,12.800000190734863,12.800000190734863,12.800000190734863,12.779899597167969,12.779899597167969,1333.0
2024-03-01 11:41:00,NNOX,11.0,11.0,11.0,10.990099906921387,10.990099906921387,2252.0
2024-03-01 11:41:00,NOTV,8.15999984741211,8.15999984741211,8.15999984741211,8.137100219726562,8.140000343322754,24969.0
2024-03-01 11:41:00,NRIX,13.229999542236328,13.229999542236328,13.229999542236328,13.220000267028809,13.220000267028809,271.0
2024-03-01 11:41:00,NRSN,2.0320000648498535,2.0320000648498535,2.0320000648498535,2.0299999713897705,2.0299999713897705,1784.0
2024-03-01 11:41:00,NRXP,0.41499999165534973,0.41499999165534973,0.41999998688697815,0.41499999165534973,0.4169999957084656,14298.0
2024-03-01 11:41:00,NTLA,33.45000076293945,33.45000076293945,33.540000915527344,33.45000076293945,33.540000915527344,4406.0
2024-03-01 11:41:00,NTRA,89.54000091552734,89.54000091552734,89.58000183105469,89.36000061035156,89.36000061035156,6890.0
2024-03-01 11:41:00,NUWE,0.5792999863624573,0.5792999863624573,0.5819979906082153,0.5740000009536743,0.5800470113754272,8498.0
2024-03-01 11:41:00,NVAX,5.184999942779541,5.184999942779541,5.190000057220459,5.179999828338623,5.190000057220459,18377.0
2024-03-01 11:41:00,NVCR,15.875,15.875,15.875,15.875,15.875,100.0
2024-03-01 11:41:00,NVOS,0.6262999773025513,0.6262999773025513,0.6262999773025513,0.6262999773025513,0.6262999773025513,206.0
2024-03-01 11:41:00,NXTC,1.7999999523162842,1.7999999523162842,1.7999999523162842,1.7999999523162842,1.7999999523162842,200.0
2024-03-01 11:41:00,OCGN,0.9289000034332275,0.9289000034332275,0.9289000034332275,0.928600013256073,0.928600013256073,8834.0
2024-03-01 11:41:00,OCUL,10.484999656677246,10.484999656677246,10.489999771118164,10.470100402832031,10.471599578857422,4317.0
2024-03-01 11:41:00,OCUP,2.476799964904785,2.476799964904785,2.476799964904785,2.476799964904785,2.476799964904785,3113.0
2024-03-01 11:41:00,OGI,2.120300054550171,2.120300054550171,2.125,2.120300054550171,2.125,977.0
2024-03-01 11:41:00,OLK,22.625,22.625,22.625,22.625,22.625,518.0
2024-03-01 11:41:00,OLMA,13.457099914550781,13.457099914550781,13.457099914550781,13.457099914550781,13.457099914550781,234.0
2024-03-01 11:41:00,OM,3.140000104904175,3.140000104904175,3.140000104904175,3.140000104904175,3.140000104904175,143.0
2024-03-01 11:41:00,OMCL,26.3700008392334,26.3700008392334,26.3700008392334,26.3700008392334,26.3700008392334,304.0
2024-03-01 11:41:00,OMGA,4.230000019073486,4.230000019073486,4.239099979400635,4.230000019073486,4.230000019073486,534.0
2024-03-01 11:41:00,ONCT,10.329899787902832,10.329899787902832,10.329999923706055,10.319999694824219,10.319999694824219,1036.0
2024-03-01 11:41:00,ONCY,1.1299999952316284,1.1299999952316284,1.1299999952316284,1.1298999786376953,1.1299999952316284,20730.0
2024-03-01 11:42:00,ABCL,5.195000171661377,5.195000171661377,5.195000171661377,5.184999942779541,5.184999942779541,1256.0
2024-03-01 11:42:00,ABEO,7.559999942779541,7.559999942779541,7.579999923706055,7.559999942779541,7.579999923706055,283.0
2024-03-01 11:42:00,ABSI,5.218500137329102,5.218500137329102,5.21999979019165,5.210000038146973,5.210000038146973,8242.0
2024-03-01 11:42:00,ACAD,23.850000381469727,23.850000381469727,23.889999389648438,23.850000381469727,23.8799991607666,4828.0
2024-03-01 11:42:00,ACB,3.1449999809265137,3.1449999809265137,3.1449999809265137,3.1449999809265137,3.1449999809265137,278.0
2024-03-01 11:42:00,ACCD,10.289999961853027,10.289999961853027,10.289999961853027,10.289999961853027,10.289999961853027,570.0
2024-03-01 11:42:00,ACET,2.4049999713897705,2.4049999713897705,2.4049999713897705,2.4049999713897705,2.4049999713897705,829.0
2024-03-01 11:42:00,ACHC,84.02120208740234,84.02120208740234,84.02120208740234,83.88999938964844,83.96029663085938,1530.0
2024-03-01 11:42:00,ACLX,67.58499908447266,67.58499908447266,67.625,67.58499908447266,67.58999633789062,2734.0
2024-03-01 11:42:00,ACRS,1.2200000286102295,1.2200000286102295,1.2200000286102295,1.2100000381469727,1.2100000381469727,4848.0
2024-03-01 11:42:00,ADIL,3.0699000358581543,3.0699000358581543,3.0799999237060547,3.0399999618530273,3.0557000637054443,26696.0
2024-03-01 11:42:00,ADMA,5.389900207519531,5.389900207519531,5.389999866485596,5.385000228881836,5.389999866485596,401.0
2024-03-01 11:42:00,ADPT,4.200799942016602,4.200799942016602,4.204999923706055,4.199999809265137,4.199999809265137,1010.0
2024-03-01 11:42:00,ADVM,1.9800000190734863,1.9800000190734863,1.9800000190734863,1.9700000286102295,1.9700000286102295,1181.0
2024-03-01 11:42:00,AGEN,0.6711999773979187,0.6711999773979187,0.6711999773979187,0.6711500287055969,0.6711999773979187,1499.0
2024-03-01 11:42:00,AGIO,32.93000030517578,32.93000030517578,32.93000030517578,32.93000030517578,32.93000030517578,338.0
2024-03-01 11:42:00,AHCO,10.744999885559082,10.744999885559082,10.765000343322754,10.739999771118164,10.765000343322754,5518.0
2024-03-01 11:42:00,AKAN,0.2460000067949295,0.2460000067949295,0.2460000067949295,0.2460000067949295,0.2460000067949295,119.0
2024-03-01 11:42:00,AKBA,1.6699999570846558,1.6699999570846558,1.6749999523162842,1.6649999618530273,1.6649999618530273,193707.0
2024-03-01 11:42:00,AKRO,29.045000076293945,29.045000076293945,29.045000076293945,29.0,29.0,1237.0
2024-03-01 11:42:00,ALDX,4.190000057220459,4.190000057220459,4.190000057220459,4.184999942779541,4.190000057220459,2425.0
2024-03-01 11:42:00,ALEC,7.5,7.5,7.505000114440918,7.494999885559082,7.505000114440918,2755.0
2024-03-01 11:42:00,ALHC,5.710000038146973,5.710000038146973,5.710000038146973,5.710000038146973,5.710000038146973,184.0
2024-03-01 11:42:00,ALKS,30.219999313354492,30.219999313354492,30.229999542236328,30.219999313354492,30.229999542236328,1971.0
2024-03-01 11:42:00,ALLK,1.6050000190734863,1.6050000190734863,1.6050000190734863,1.5950000286102295,1.600000023841858,9577.0
2024-03-01 11:42:00,ALLO,5.065000057220459,5.065000057220459,5.065000057220459,5.065000057220459,5.065000057220459,1030.0
2024-03-01 11:42:00,ALNY,154.3800048828125,154.3800048828125,154.57000732421875,154.3000030517578,154.47000122070312,3897.0
2024-03-01 11:42:00,ALPN,35.775001525878906,35.775001525878906,35.775001525878906,35.775001525878906,35.775001525878906,824.0
2024-03-01 11:42:00,ALT,12.220000267028809,12.220000267028809,12.260000228881836,12.21500015258789,12.229999542236328,6631.0
2024-03-01 11:42:00,ALXO,14.954999923706055,14.954999923706055,15.050000190734863,14.90999984741211,15.039999961853027,3772.0
2024-03-01 11:42:00,AMGN,281.3450012207031,281.3450012207031,281.3500061035156,281.3450012207031,281.3500061035156,364.0
2024-03-01 11:42:00,AMLX,18.739999771118164,18.739999771118164,18.7450008392334,18.739999771118164,18.7450008392334,566.0
2024-03-01 11:42:00,AMPH,45.45000076293945,45.45000076293945,45.68000030517578,45.45000076293945,45.68000030517578,3171.0
2024-03-01 11:42:00,AMRN,1.0549999475479126,1.0549999475479126,1.0599000453948975,1.0549999475479126,1.0599000453948975,300.0
2024-03-01 11:42:00,ANGO,5.550000190734863,5.550000190734863,5.550000190734863,5.550000190734863,5.550000190734863,1048.0
2024-03-01 11:42:00,ANIP,66.91999816894531,66.91999816894531,66.94000244140625,66.87999725341797,66.93499755859375,694.0
2024-03-01 11:42:00,ANIX,3.5100998878479004,3.5100998878479004,3.5100998878479004,3.494999885559082,3.5,1825.0
2024-03-01 11:42:00,ANNX,5.989999771118164,5.989999771118164,6.0,5.989999771118164,6.0,3711.0
2024-03-01 11:42:00,ANTX,3.0199999809265137,3.0199999809265137,3.0199999809265137,3.015000104904175,3.019200086593628,776.0
2024-03-01 11:42:00,APLS,65.5199966430664,65.5199966430664,65.52999877929688,65.31559753417969,65.31999969482422,6727.0
2024-03-01 11:42:00,APRE,8.399999618530273,8.399999618530273,8.399999618530273,8.399999618530273,8.399999618530273,250.0
2024-03-01 11:42:00,AQST,4.309999942779541,4.309999942779541,4.309999942779541,4.289999961853027,4.309999942779541,4059.0
2024-03-01 11:42:00,ARDX,9.559900283813477,9.559900283813477,9.5600004196167,9.539999961853027,9.539999961853027,12438.0
2024-03-01 11:42:00,ARGX,388.010009765625,388.010009765625,388.010009765625,388.010009765625,388.010009765625,983.0
2024-03-01 11:42:00,ARQT,11.429900169372559,11.429900169372559,11.429900169372559,11.380000114440918,11.380000114440918,9689.0
2024-03-01 11:42:00,ARVN,48.58000183105469,48.58000183105469,48.70000076293945,48.54999923706055,48.65999984741211,3739.0
2024-03-01 11:42:00,ARWR,35.849998474121094,35.849998474121094,35.93000030517578,35.81999969482422,35.89500045776367,9485.0
2024-03-01 11:42:00,ASND,150.01499938964844,150.01499938964844,150.19000244140625,149.9600067138672,150.0,1740.0
2024-03-01 11:42:00,ASRT,0.9100000262260437,0.9100000262260437,0.9100000262260437,0.9010999798774719,0.9010999798774719,2291.0
2024-03-01 11:42:00,ATAI,2.048099994659424,2.048099994659424,2.0487000942230225,2.0399999618530273,2.0450000762939453,1054.0
2024-03-01 11:42:00,ATEC,13.635000228881836,13.635000228881836,13.635000228881836,13.630000114440918,13.630000114440918,1131.0
2024-03-01 11:42:00,ATRA,0.8065000176429749,0.8065000176429749,0.8065000176429749,0.8065000176429749,0.8065000176429749,200.0
2024-03-01 11:42:00,ATRC,36.08000183105469,36.08000183105469,36.099998474121094,36.08000183105469,36.099998474121094,411.0
2024-03-01 11:42:00,AUPH,5.809999942779541,5.809999942779541,5.815000057220459,5.809999942779541,5.809999942779541,2070.0
2024-03-01 11:42:00,AUTL,6.264999866485596,6.264999866485596,6.264999866485596,6.264999866485596,6.264999866485596,210.0
2024-03-01 11:42:00,AVDL,12.739999771118164,12.739999771118164,12.75,12.739999771118164,12.739999771118164,830.0
2024-03-01 11:42:00,AVIR,4.4604997634887695,4.4604997634887695,4.4604997634887695,4.460000038146973,4.460000038146973,300.0
2024-03-01 11:42:00,AVRO,1.3250000476837158,1.3250000476837158,1.3300000429153442,1.3250000476837158,1.3300000429153442,1000.0
2024-03-01 11:42:00,AVTX,4.5,4.5,4.5,4.5,4.5,100.0
2024-03-01 11:42:00,AVXL,5.388299942016602,5.388299942016602,5.388299942016602,5.380000114440918,5.380000114440918,9102.0
2024-03-01 11:42:00,AXGN,10.470000267028809,10.470000267028809,10.470000267028809,10.449999809265137,10.470000267028809,1614.0
2024-03-01 11:42:00,AXSM,82.91000366210938,82.91000366210938,82.91000366210938,82.69000244140625,82.69000244140625,5620.0
2024-03-01 11:42:00,AZN,64.56500244140625,64.56500244140625,64.56500244140625,64.55999755859375,64.56500244140625,8487.0
2024-03-01 11:42:00,AZTA,66.29499816894531,66.29499816894531,66.29499816894531,66.29499816894531,66.29499816894531,214.0
2024-03-01 11:42:00,BBIO,35.900001525878906,35.900001525878906,35.900001525878906,35.880001068115234,35.880001068115234,414.0
2024-03-01 11:42:00,BBLG,2.319999933242798,2.319999933242798,2.330399990081787,2.319999933242798,2.330399990081787,484.0
2024-03-01 11:42:00,BCAB,2.7850000858306885,2.7850000858306885,2.7850000858306885,2.7850000858306885,2.7850000858306885,100.0
2024-03-01 11:42:00,BCRX,5.815000057220459,5.815000057220459,5.815000057220459,5.804999828338623,5.804999828338623,7704.0
2024-03-01 11:42:00,BDTX,5.045000076293945,5.045000076293945,5.050000190734863,5.045000076293945,5.045000076293945,3174.0
2024-03-01 11:42:00,BEAM,40.20000076293945,40.20000076293945,40.209999084472656,40.165000915527344,40.165000915527344,2865.0
2024-03-01 11:42:00,BGXX,0.2721000015735626,0.2721000015735626,0.2721000015735626,0.2721000015735626,0.2721000015735626,100.0
2024-03-01 11:42:00,BIIB,220.13999938964844,220.13999938964844,220.22999572753906,220.0,220.19000244140625,3173.0
2024-03-01 11:42:00,BIVI,2.240000009536743,2.240000009536743,2.2699999809265137,2.240000009536743,2.25,55987.0
2024-03-01 11:42:00,BLFS,18.234500885009766,18.234500885009766,18.239999771118164,18.234500885009766,18.239999771118164,308.0
2024-03-01 11:42:00,BLRX,1.3801000118255615,1.3801000118255615,1.3801000118255615,1.3799999952316284,1.3799999952316284,7636.0
2024-03-01 11:42:00,BLUE,1.590000033378601,1.590000033378601,1.600000023841858,1.5850000381469727,1.5950000286102295,31634.0
2024-03-01 11:42:00,BMEA,17.96500015258789,17.96500015258789,17.979999542236328,17.959999084472656,17.959999084472656,1951.0
2024-03-01 11:42:00,BMRN,87.0,87.0,87.01000213623047,87.0,87.01000213623047,602.0
2024-03-01 11:42:00,BNR,0.8500000238418579,0.8500000238418579,0.8571000099182129,0.8500000238418579,0.8571000099182129,1405.0
2024-03-01 11:42:00,BNTX,92.30999755859375,92.30999755859375,92.30999755859375,92.30999755859375,92.30999755859375,276.0
2024-03-01 11:42:00,BPMC,97.0,97.0,97.125,97.0,97.04000091552734,1289.0
2024-03-01 11:42:00,BRKR,87.94999694824219,87.94999694824219,87.94999694824219,87.94999694824219,87.94999694824219,683.0
2024-03-01 11:42:00,BRTX,1.4701000452041626,1.4701000452041626,1.4701000452041626,1.4701000452041626,1.4701000452041626,2027.0
2024-03-01 11:42:00,BTAI,3.2400999069213867,3.2400999069213867,3.2499001026153564,3.2400999069213867,3.2499001026153564,2876.0
2024-03-01 11:42:00,BTMD,6.099999904632568,6.099999904632568,6.099999904632568,6.070000171661377,6.070000171661377,890.0
2024-03-01 11:42:00,BTTX,0.1679999977350235,0.1679999977350235,0.1679999977350235,0.1676499992609024,0.1679999977350235,2378.0
2024-03-01 11:42:00,BWAY,6.574999809265137,6.574999809265137,6.574999809265137,6.574999809265137,6.574999809265137,299.0
2024-03-01 11:42:00,CABA,24.0,24.0,24.010000228881836,23.989999771118164,23.989999771118164,1907.0
2024-03-01 11:42:00,CADL,1.7000000476837158,1.7000000476837158,1.7000000476837158,1.7000000476837158,1.7000000476837158,250.0
2024-03-01 11:42:00,CARA,0.9218000173568726,0.9218000173568726,0.9218000173568726,0.9218000173568726,0.9218000173568726,1086.0
2024-03-01 11:42:00,CBAY,32.24599838256836,32.24599838256836,32.25,32.244998931884766,32.25,2191.0
2024-03-01 11:42:00,CCCC,10.988800048828125,10.988800048828125,10.988800048828125,10.975000381469727,10.979999542236328,1450.0
2024-03-01 11:42:00,CDMO,8.210000038146973,8.210000038146973,8.210000038146973,8.149999618530273,8.149999618530273,3884.0
2024-03-01 11:42:00,CDNA,12.550000190734863,12.550000190734863,12.550000190734863,12.550000190734863,12.550000190734863,869.0
2024-03-01 11:42:00,CDXS,4.489999771118164,4.489999771118164,4.489999771118164,4.460000038146973,4.460000038146973,3428.0
2024-03-01 11:42:00,CELC,16.010000228881836,16.010000228881836,16.110000610351562,15.920000076293945,16.110000610351562,596.0
2024-03-01 11:42:00,CERE,41.1150016784668,41.1150016784668,41.1150016784668,41.11000061035156,41.11000061035156,707.0
2024-03-01 11:42:00,CERS,2.2149999141693115,2.2149999141693115,2.2149999141693115,2.2100000381469727,2.2149999141693115,409.0
2024-03-01 11:42:00,CGC,3.2799999713897705,3.2799999713897705,3.2850000858306885,3.2699999809265137,3.279900074005127,15001.0
2024-03-01 11:42:00,CGEM,18.8799991607666,18.8799991607666,18.899999618530273,18.850000381469727,18.850000381469727,2560.0
2024-03-01 11:42:00,CGEN,2.690000057220459,2.690000057220459,2.690000057220459,2.690000057220459,2.690000057220459,333.0
2024-03-01 11:42:00,CGTX,2.049999952316284,2.049999952316284,2.049999952316284,2.049999952316284,2.049999952316284,100.0
2024-03-01 11:42:00,CHRS,2.3373000621795654,2.3373000621795654,2.3399999141693115,2.3299999237060547,2.3399999141693115,1989.0
2024-03-01 11:42:00,CING,1.3700000047683716,1.3700000047683716,1.3700000047683716,1.3700000047683716,1.3700000047683716,140.0
2024-03-01 11:42:00,CJJD,2.913800001144409,2.913800001144409,2.913800001144409,2.913800001144409,2.913800001144409,1125.0
2024-03-01 11:42:00,CKPT,2.184999942779541,2.184999942779541,2.184999942779541,2.184999942779541,2.184999942779541,434.0
2024-03-01 11:42:00,CLDX,52.64500045776367,52.64500045776367,52.709999084472656,52.63999938964844,52.63999938964844,1405.0
2024-03-01 11:42:00,CLNN,0.39500001072883606,0.39500001072883606,0.39500001072883606,0.39500001072883606,0.39500001072883606,30273.0
2024-03-01 11:42:00,CLOV,0.8680899739265442,0.8680899739265442,0.8680999875068665,0.8679999709129333,0.8680899739265442,32286.0
2024-03-01 11:42:00,CLRB,4.120800018310547,4.120800018310547,4.120800018310547,4.120800018310547,4.120800018310547,2664.0
2024-03-01 11:42:00,CMPS,11.359999656677246,11.359999656677246,11.359999656677246,11.32129955291748,11.32129955291748,2134.0
2024-03-01 11:42:00,CMPX,1.8899999856948853,1.8899999856948853,1.8899999856948853,1.8799999952316284,1.8799999952316284,821.0
2024-03-01 11:42:00,COGT,7.230000019073486,7.230000019073486,7.239999771118164,7.230000019073486,7.239999771118164,520.0
2024-03-01 11:42:00,COLL,36.994998931884766,36.994998931884766,36.994998931884766,36.994998931884766,36.994998931884766,100.0
2024-03-01 11:42:00,CORT,23.850000381469727,23.850000381469727,23.8799991607666,23.850000381469727,23.8799991607666,2334.0
2024-03-01 11:42:00,CPRX,17.049999237060547,17.049999237060547,17.049999237060547,17.040000915527344,17.049999237060547,502.0
2024-03-01 11:42:00,CPSI,9.4399995803833,9.4399995803833,9.449999809265137,9.4399995803833,9.4399995803833,1968.0
2024-03-01 11:42:00,CRBP,31.684999465942383,31.684999465942383,31.684999465942383,31.68000030517578,31.68000030517578,217.0
2024-03-01 11:42:00,CRBU,8.029999732971191,8.029999732971191,8.029999732971191,8.024999618530273,8.024999618530273,1737.0
2024-03-01 11:42:00,CRDF,2.494999885559082,2.494999885559082,2.5095999240875244,2.4600000381469727,2.4693000316619873,55574.0
2024-03-01 11:42:00,CRMD,3.7200000286102295,3.7200000286102295,3.7200000286102295,3.7200000286102295,3.7200000286102295,242.0
2024-03-01 11:42:00,CRNX,46.20000076293945,46.20000076293945,46.290000915527344,46.119998931884766,46.119998931884766,1514.0
2024-03-01 11:42:00,CRON,2.065000057220459,2.065000057220459,2.069999933242798,2.0608999729156494,2.0608999729156494,2437.0
2024-03-01 11:42:00,CRSP,85.88999938964844,85.88999938964844,85.88999938964844,85.81999969482422,85.87999725341797,2038.0
2024-03-01 11:42:00,CTKB,8.460000038146973,8.460000038146973,8.460000038146973,8.460000038146973,8.460000038146973,306.0
2024-03-01 11:42:00,CTMX,2.5850000381469727,2.5850000381469727,2.5899999141693115,2.5850000381469727,2.5850000381469727,1448.0
2024-03-01 11:42:00,CUE,2.1600000858306885,2.1600000858306885,2.1600000858306885,2.140000104904175,2.140000104904175,2215.0
2024-03-01 11:42:00,CUTR,2.3901000022888184,2.3901000022888184,2.3901000022888184,2.390000104904175,2.390000104904175,3192.0
2024-03-01 11:42:00,CVAC,3.469899892807007,3.469899892807007,3.469899892807007,3.469899892807007,3.469899892807007,500.0
2024-03-01 11:42:00,CYTK,73.94000244140625,73.94000244140625,73.94000244140625,73.8499984741211,73.8499984741211,1147.0
2024-03-01 11:42:00,DAWN,17.540000915527344,17.540000915527344,17.540000915527344,17.530000686645508,17.530000686645508,1071.0
2024-03-01 11:42:00,DCGO,4.119999885559082,4.119999885559082,4.119999885559082,4.119999885559082,4.119999885559082,302.0
2024-03-01 11:42:00,DCPH,17.139999389648438,17.139999389648438,17.139999389648438,17.139999389648438,17.139999389648438,200.0
2024-03-01 11:42:00,DERM,4.119999885559082,4.119999885559082,4.119999885559082,4.1194000244140625,4.1194000244140625,659.0
2024-03-01 11:42:00,DH,9.010000228881836,9.010000228881836,9.029999732971191,9.0,9.029999732971191,12719.0
2024-03-01 11:42:00,DMTK,0.8492000102996826,0.8492000102996826,0.8496000170707703,0.8399999737739563,0.8465999960899353,3227.0
2024-03-01 11:42:00,DNLI,20.799999237060547,20.799999237060547,20.81999969482422,20.799999237060547,20.815000534057617,1428.0
2024-03-01 11:42:00,DRIO,2.0199999809265137,2.0199999809265137,2.0199999809265137,2.0199999809265137,2.0199999809265137,132.0
2024-03-01 11:42:00,DTIL,12.420000076293945,12.420000076293945,12.545000076293945,12.40999984741211,12.545000076293945,7770.0
2024-03-01 11:42:00,DVAX,12.850000381469727,12.850000381469727,12.859999656677246,12.850000381469727,12.859999656677246,477.0
2024-03-01 11:42:00,DXCM,119.40499877929688,119.40499877929688,119.40499877929688,119.13500213623047,119.13500213623047,9853.0
2024-03-01 11:42:00,EDIT,10.90999984741211,10.90999984741211,10.949999809265137,10.90999984741211,10.9399995803833,5650.0
2024-03-01 11:42:00,EGRX,6.695000171661377,6.695000171661377,6.699999809265137,6.695000171661377,6.699999809265137,350.0
2024-03-01 11:42:00,ELDN,1.820099949836731,1.820099949836731,1.820099949836731,1.820099949836731,1.820099949836731,2000.0
2024-03-01 11:42:00,ELEV,4.985000133514404,4.985000133514404,4.9899001121521,4.96999979019165,4.985000133514404,566.0
2024-03-01 11:42:00,ENLV,3.399899959564209,3.399899959564209,3.399899959564209,3.399899959564209,3.399899959564209,588.0
2024-03-01 11:42:00,ENTX,1.3899999856948853,1.3899999856948853,1.3899999856948853,1.3899999856948853,1.3899999856948853,7581.0
2024-03-01 11:42:00,ENVB,1.5888999700546265,1.5888999700546265,1.590000033378601,1.5800000429153442,1.5800000429153442,5740.0
2024-03-01 11:42:00,EQ,2.4600000381469727,2.4600000381469727,2.4600000381469727,2.4600000381469727,2.4600000381469727,120.0
2024-03-01 11:42:00,ERAS,2.5250000953674316,2.5250000953674316,2.5250000953674316,2.5250000953674316,2.5250000953674316,171.0
2024-03-01 11:42:00,ESPR,2.5350000858306885,2.5350000858306885,2.5374999046325684,2.5299999713897705,2.5374999046325684,580.0
2024-03-01 11:42:00,ESTA,45.779998779296875,45.779998779296875,45.779998779296875,45.779998779296875,45.779998779296875,100.0
2024-03-01 11:42:00,ETNB,12.970000267028809,12.970000267028809,12.970000267028809,12.960000038146973,12.960000038146973,917.0
2024-03-01 11:42:00,EWTX,17.010000228881836,17.010000228881836,17.020000457763672,17.0,17.010000228881836,5491.0
2024-03-01 11:42:00,EXAS,59.81999969482422,59.81999969482422,59.84000015258789,59.81999969482422,59.84000015258789,692.0
2024-03-01 11:42:00,EXEL,22.53499984741211,22.53499984741211,22.540000915527344,22.514999389648438,22.514999389648438,1778.0
2024-03-01 11:42:00,EYEN,2.25,2.25,2.25,2.240000009536743,2.240000009536743,3031.0
2024-03-01 11:42:00,EYPT,28.167499542236328,28.167499542236328,28.200000762939453,28.165000915527344,28.200000762939453,2194.0
2024-03-01 11:42:00,FATE,7.449999809265137,7.449999809265137,7.454999923706055,7.449999809265137,7.449999809265137,1156.0
2024-03-01 11:42:00,FBIO,2.228600025177002,2.228600025177002,2.228600025177002,2.228600025177002,2.228600025177002,100.0
2024-03-01 11:42:00,FDMT,29.405000686645508,29.405000686645508,29.40999984741211,29.405000686645508,29.405000686645508,421.0
2024-03-01 11:42:00,FEMY,1.7206000089645386,1.7206000089645386,1.7206000089645386,1.7200000286102295,1.7200000286102295,522.0
2024-03-01 11:42:00,FGEN,1.8001999855041504,1.8001999855041504,1.815000057220459,1.8001999855041504,1.815000057220459,11783.0
2024-03-01 11:42:00,FLGT,23.364999771118164,23.364999771118164,23.364999771118164,23.364999771118164,23.364999771118164,127.0
2024-03-01 11:42:00,FOLD,13.354999542236328,13.354999542236328,13.369999885559082,13.350000381469727,13.350000381469727,5074.0
2024-03-01 11:42:00,FULC,10.869999885559082,10.869999885559082,10.869999885559082,10.869999885559082,10.869999885559082,100.0
2024-03-01 11:42:00,FUSN,12.369999885559082,12.369999885559082,12.40999984741211,12.34000015258789,12.34000015258789,1956.0
2024-03-01 11:42:00,GBIO,2.619999885559082,2.619999885559082,2.619999885559082,2.619999885559082,2.619999885559082,215.0
2024-03-01 11:42:00,GDRX,8.295000076293945,8.295000076293945,8.305000305175781,8.295000076293945,8.300000190734863,6439.0
2024-03-01 11:42:00,GENE,2.2047998905181885,2.2047998905181885,2.2047998905181885,2.2047998905181885,2.2047998905181885,376.0
2024-03-01 11:42:00,GERN,2.174999952316284,2.174999952316284,2.180000066757202,2.1700000762939453,2.174999952316284,16500.0
2024-03-01 11:42:00,GH,19.28499984741211,19.28499984741211,19.290000915527344,19.270000457763672,19.270000457763672,2653.0
2024-03-01 11:42:00,GILD,72.41999816894531,72.41999816894531,72.43000030517578,72.4000015258789,72.40149688720703,11746.0
2024-03-01 11:42:00,GMAB,29.3700008392334,29.3700008392334,29.3700008392334,29.3700008392334,29.3700008392334,389.0
2024-03-01 11:42:00,GMDA,0.3824000060558319,0.3824000060558319,0.3837999999523163,0.38100001215934753,0.38100001215934753,5121.0
2024-03-01 11:42:00,GOSS,1.3450000286102295,1.3450000286102295,1.3590999841690063,1.340000033378601,1.3590999841690063,4535.0
2024-03-01 11:42:00,GRFS,7.099999904632568,7.099999904632568,7.139999866485596,7.090000152587891,7.139999866485596,7546.0
2024-03-01 11:42:00,GRPH,3.5,3.5,3.5,3.5,3.5,100.0
2024-03-01 11:42:00,GRTS,2.190000057220459,2.190000057220459,2.2100000381469727,2.180000066757202,2.200700044631958,43106.0
2024-03-01 11:42:00,GTH,3.9100000858306885,3.9100000858306885,3.9100000858306885,3.9100000858306885,3.9100000858306885,2601.0
2024-03-01 11:42:00,GTHX,3.625,3.625,3.6298999786376953,3.625,3.6298999786376953,692.0
2024-03-01 11:42:00,HALO,41.130001068115234,41.130001068115234,41.150001525878906,41.130001068115234,41.130001068115234,1053.0
2024-03-01 11:42:00,HARP,22.9325008392334,22.9325008392334,22.9325008392334,22.9325008392334,22.9325008392334,110.0
2024-03-01 11:42:00,HCAT,7.920000076293945,7.920000076293945,7.920000076293945,7.920000076293945,7.920000076293945,326.0
2024-03-01 11:42:00,HCSG,12.635000228881836,12.635000228881836,12.635000228881836,12.635000228881836,12.635000228881836,100.0
2024-03-01 11:42:00,HCTI,2.549999952316284,2.549999952316284,2.609999895095825,2.460099935531616,2.609999895095825,22222.0
2024-03-01 11:42:00,HITI,1.7799999713897705,1.7799999713897705,1.7799999713897705,1.7799999713897705,1.7799999713897705,810.0
2024-03-01 11:42:00,HOLX,73.77999877929688,73.77999877929688,73.79900360107422,73.77999877929688,73.79499816894531,1365.0
2024-03-01 11:42:00,HQY,81.22000122070312,81.22000122070312,81.22000122070312,81.22000122070312,81.22000122070312,103.0
2024-03-01 11:42:00,HRMY,31.3799991607666,31.3799991607666,31.3799991607666,31.3799991607666,31.3799991607666,751.0
2024-03-01 11:42:00,HROW,10.760000228881836,10.760000228881836,10.760000228881836,10.760000228881836,10.760000228881836,471.0
2024-03-01 11:42:00,HRTX,2.634999990463257,2.634999990463257,2.634999990463257,2.619999885559082,2.619999885559082,9301.0
2024-03-01 11:42:00,HSCS,0.11710000038146973,0.11710000038146973,0.11720000207424164,0.11710000038146973,0.11710000038146973,12500.0
2024-03-01 11:42:00,HSIC,77.11000061035156,77.11000061035156,77.11000061035156,77.06999969482422,77.06999969482422,1205.0
2024-03-01 11:42:00,HSTM,27.479999542236328,27.479999542236328,27.479999542236328,27.469999313354492,27.479999542236328,670.0
2024-03-01 11:42:00,HUMA,3.4100000858306885,3.4100000858306885,3.4100000858306885,3.3814001083374023,3.390000104904175,65349.0
2024-03-01 11:42:00,IART,36.43000030517578,36.43000030517578,36.47999954223633,36.40999984741211,36.439998626708984,10024.0
2024-03-01 11:42:00,IBRX,4.90500020980835,4.90500020980835,4.909999847412109,4.90369987487793,4.90500020980835,4976.0
2024-03-01 11:42:00,ICAD,1.8700000047683716,1.8700000047683716,1.8700000047683716,1.8700000047683716,1.8700000047683716,152.0
2024-03-01 11:42:00,ICUI,105.9229965209961,105.9229965209961,106.0,105.91999816894531,105.91999816894531,1859.0
2024-03-01 11:42:00,IDYA,46.11000061035156,46.11000061035156,46.13999938964844,46.099998474121094,46.119998931884766,2090.0
2024-03-01 11:42:00,IGMS,13.399999618530273,13.399999618530273,13.449999809265137,13.399999618530273,13.449999809265137,719.0
2024-03-01 11:42:00,ILMN,141.75999450683594,141.75999450683594,141.84500122070312,141.75999450683594,141.84500122070312,714.0
2024-03-01 11:42:00,IMCR,68.1500015258789,68.1500015258789,68.1500015258789,68.1500015258789,68.1500015258789,979.0
2024-03-01 11:42:00,IMRX,6.119999885559082,6.119999885559082,6.150000095367432,6.119999885559082,6.139999866485596,1172.0
2024-03-01 11:42:00,IMUX,1.4700000286102295,1.4700000286102295,1.4785000085830688,1.4700000286102295,1.4785000085830688,1330.0
2024-03-01 11:42:00,IMVT,36.2599983215332,36.2599983215332,36.2599983215332,36.2400016784668,36.25,1859.0
2024-03-01 11:42:00,INBX,36.86000061035156,36.86000061035156,36.86000061035156,36.849998474121094,36.86000061035156,511.0
2024-03-01 11:42:00,INCY,59.130001068115234,59.130001068115234,59.13999938964844,59.099998474121094,59.099998474121094,935.0
2024-03-01 11:42:00,INDP,2.0199999809265137,2.0199999809265137,2.0299999713897705,2.0199999809265137,2.0299999713897705,814.0
2024-03-01 11:42:00,INMB,12.029999732971191,12.029999732971191,12.1899995803833,12.029999732971191,12.1899995803833,230.0
2024-03-01 11:42:00,INMD,22.735000610351562,22.735000610351562,22.735000610351562,22.71500015258789,22.730300903320312,2569.0
2024-03-01 11:42:00,INO,9.350000381469727,9.350000381469727,9.350000381469727,9.343400001525879,9.343400001525879,2115.0
2024-03-01 11:42:00,INSM,28.145000457763672,28.145000457763672,28.145000457763672,28.1200008392334,28.1200008392334,1081.0
2024-03-01 11:42:00,INVA,15.680000305175781,15.680000305175781,15.704999923706055,15.680000305175781,15.704999923706055,1120.0
2024-03-01 11:42:00,INZY,6.519999980926514,6.519999980926514,6.519999980926514,6.514999866485596,6.514999866485596,752.0
2024-03-01 11:42:00,IONS,45.95000076293945,45.95000076293945,45.959999084472656,45.93000030517578,45.939998626708984,1563.0
2024-03-01 11:42:00,IOVA,16.75,16.75,16.770000457763672,16.69499969482422,16.69499969482422,34489.0
2024-03-01 11:42:00,IRTC,120.83000183105469,120.83000183105469,120.83000183105469,120.83000183105469,120.83000183105469,344.0
2024-03-01 11:42:00,IRWD,8.975000381469727,8.975000381469727,8.979999542236328,8.9350004196167,8.9350004196167,42589.0
2024-03-01 11:42:00,ISRG,392.79998779296875,392.79998779296875,392.82000732421875,392.75,392.75,4130.0
2024-03-01 11:42:00,ITCI,71.45999908447266,71.45999908447266,71.4800033569336,71.45999908447266,71.46499633789062,1134.0
2024-03-01 11:42:00,ITOS,10.75,10.75,10.760000228881836,10.75,10.760000228881836,1553.0
2024-03-01 11:42:00,IVVD,4.010000228881836,4.010000228881836,4.010000228881836,4.010000228881836,4.010000228881836,476.0
2024-03-01 11:42:00,IXHL,5.400000095367432,5.400000095367432,5.400000095367432,5.400000095367432,5.400000095367432,101.0
2024-03-01 11:42:00,JAGX,0.07540100067853928,0.07540100067853928,0.07660000026226044,0.07540000230073929,0.0763000026345253,432768.0
2024-03-01 11:42:00,JYNT,9.979999542236328,9.979999542236328,9.989999771118164,9.979999542236328,9.989999771118164,200.0
2024-03-01 11:42:00,KNSA,21.885000228881836,21.885000228881836,21.885000228881836,21.885000228881836,21.885000228881836,553.0
2024-03-01 11:42:00,KOD,6.150000095367432,6.150000095367432,6.150000095367432,6.150000095367432,6.150000095367432,176.0
2024-03-01 11:42:00,KPTI,1.225000023841858,1.225000023841858,1.225000023841858,1.225000023841858,1.225000023841858,2381.0
2024-03-01 11:42:00,KROS,69.77999877929688,69.77999877929688,69.77999877929688,69.77999877929688,69.77999877929688,268.0
2024-03-01 11:42:00,KRTX,316.510009765625,316.510009765625,316.510009765625,316.510009765625,316.510009765625,415.0
2024-03-01 11:42:00,KRYS,167.13999938964844,167.13999938964844,167.47500610351562,167.13999938964844,167.47500610351562,2321.0
2024-03-01 11:42:00,KTRA,0.09960000216960907,0.09960000216960907,0.09969999641180038,0.09870000183582306,0.09969999641180038,62032.0
2024-03-01 11:42:00,KURA,21.360000610351562,21.360000610351562,21.360000610351562,21.360000610351562,21.360000610351562,385.0
2024-03-01 11:42:00,KYMR,43.875,43.875,43.875,43.84000015258789,43.84000015258789,340.0
2024-03-01 11:42:00,KZR,1.0800000429153442,1.0800000429153442,1.0800000429153442,1.0800000429153442,1.0800000429153442,100.0
2024-03-01 11:42:00,LAB,2.444999933242798,2.444999933242798,2.444999933242798,2.440000057220459,2.440000057220459,17000.0
2024-03-01 11:42:00,LBPH,21.600000381469727,21.600000381469727,21.600000381469727,21.600000381469727,21.600000381469727,1236.0
2024-03-01 11:42:00,LEGN,66.01499938964844,66.01499938964844,66.01499938964844,66.01499938964844,66.01499938964844,638.0
2024-03-01 11:42:00,LEXX,2.640000104904175,2.640000104904175,2.640000104904175,2.640000104904175,2.640000104904175,612.0
2024-03-01 11:42:00,LFST,7.989999771118164,7.989999771118164,8.005000114440918,7.989999771118164,8.0,10208.0
2024-03-01 11:42:00,LGND,78.22000122070312,78.22000122070312,78.23500061035156,78.22000122070312,78.23500061035156,926.0
2024-03-01 11:42:00,LIAN,4.860000133514404,4.860000133514404,4.860000133514404,4.860000133514404,4.860000133514404,300.0
2024-03-01 11:42:00,LIVN,55.209999084472656,55.209999084472656,55.209999084472656,55.18000030517578,55.18000030517578,1956.0
2024-03-01 11:42:00,LMAT,67.2699966430664,67.2699966430664,67.31230163574219,67.20999908447266,67.20999908447266,600.0
2024-03-01 11:42:00,LNTH,65.36000061035156,65.36000061035156,65.36000061035156,65.27999877929688,65.30999755859375,894.0
2024-03-01 11:42:00,LQDA,14.300000190734863,14.300000190734863,14.307299613952637,14.300000190734863,14.307299613952637,506.0
2024-03-01 11:42:00,LUCD,1.2289999723434448,1.2289999723434448,1.2289999723434448,1.2289999723434448,1.2289999723434448,163.0
2024-03-01 11:42:00,LVTX,3.075000047683716,3.075000047683716,3.075000047683716,3.075000047683716,3.075000047683716,4775.0
2024-03-01 11:42:00,LXRX,2.424999952316284,2.424999952316284,2.424999952316284,2.4200000762939453,2.4200000762939453,5547.0
2024-03-01 11:42:00,LYRA,5.644999980926514,5.644999980926514,5.659999847412109,5.644999980926514,5.644999980926514,871.0
2024-03-01 11:42:00,MASI,126.99500274658203,126.99500274658203,127.0199966430664,126.87000274658203,126.87000274658203,3408.0
2024-03-01 11:42:00,MASS,7.340000152587891,7.340000152587891,7.349999904632568,7.340000152587891,7.340000152587891,707.0
2024-03-01 11:42:00,MCRB,1.2000999450683594,1.2000999450683594,1.2100000381469727,1.1950000524520874,1.2000000476837158,72845.0
2024-03-01 11:42:00,MDGL,243.3000030517578,243.3000030517578,243.3000030517578,242.3300018310547,242.3300018310547,1558.0
2024-03-01 11:42:00,MDRX,6.0,6.0,6.050000190734863,6.0,6.0,18806.0
2024-03-01 11:42:00,MDXG,8.5600004196167,8.5600004196167,8.574999809265137,8.5600004196167,8.574999809265137,5424.0
2024-03-01 11:42:00,ME,0.5695000290870667,0.5695000290870667,0.5709999799728394,0.5695000290870667,0.5702000260353088,54003.0
2024-03-01 11:42:00,MGNX,19.020000457763672,19.020000457763672,19.1200008392334,19.020000457763672,19.075199127197266,5758.0
2024-03-01 11:42:00,MGTX,6.309999942779541,6.309999942779541,6.328999996185303,6.300000190734863,6.300000190734863,4491.0
2024-03-01 11:42:00,MIRM,30.1299991607666,30.1299991607666,30.1299991607666,30.1299991607666,30.1299991607666,221.0
2024-03-01 11:42:00,MIST,1.690000057220459,1.690000057220459,1.6950000524520874,1.690000057220459,1.690000057220459,1789.0
2024-03-01 11:42:00,MLTX,51.56999969482422,51.56999969482422,51.6349983215332,51.56999969482422,51.6349983215332,504.0
2024-03-01 11:42:00,MMSI,76.55500030517578,76.55500030517578,76.55500030517578,76.5,76.5,931.0
2024-03-01 11:42:00,MNKD,4.679999828338623,4.679999828338623,4.690000057220459,4.679999828338623,4.690000057220459,11600.0
2024-03-01 11:42:00,MNMD,6.070000171661377,6.070000171661377,6.070000171661377,6.039999961853027,6.039999961853027,26503.0
2024-03-01 11:42:00,MODD,1.9198999404907227,1.9198999404907227,1.9199999570846558,1.9198999404907227,1.9199999570846558,9963.0
2024-03-01 11:42:00,MOLN,4.440000057220459,4.440000057220459,4.440000057220459,4.440000057220459,4.440000057220459,0.0
2024-03-01 11:42:00,MOR,17.614999771118164,17.614999771118164,17.614999771118164,17.614999771118164,17.614999771118164,107.0
2024-03-01 11:42:00,MORF,38.65999984741211,38.65999984741211,38.65999984741211,38.630001068115234,38.630001068115234,1074.0
2024-03-01 11:42:00,MOTS,0.6762999892234802,0.6762999892234802,0.6762999892234802,0.6762999892234802,0.6762999892234802,1000.0
2024-03-01 11:42:00,MREO,3.8399999141693115,3.8399999141693115,3.8399999141693115,3.819999933242798,3.819999933242798,3647.0
2024-03-01 11:42:00,MRNA,96.41000366210938,96.41000366210938,96.44000244140625,96.37000274658203,96.38999938964844,7844.0
2024-03-01 11:42:00,MRSN,6.00600004196167,6.00600004196167,6.010000228881836,6.005000114440918,6.010000228881836,2241.0
2024-03-01 11:42:00,MRUS,51.04999923706055,51.04999923706055,51.04999923706055,50.890098571777344,50.970001220703125,1276.0
2024-03-01 11:42:00,MRVI,7.815000057220459,7.815000057220459,7.820000171661377,7.815000057220459,7.820000171661377,4495.0
2024-03-01 11:42:00,MYGN,21.565000534057617,21.565000534057617,21.565000534057617,21.565000534057617,21.565000534057617,117.0
2024-03-01 11:42:00,MYNZ,0.8787000179290771,0.8787000179290771,0.8787000179290771,0.8787000179290771,0.8787000179290771,500.0
2024-03-01 11:42:00,NARI,46.18000030517578,46.18000030517578,46.290000915527344,46.18000030517578,46.290000915527344,1130.0
2024-03-01 11:42:00,NAUT,2.6600000858306885,2.6600000858306885,2.6600000858306885,2.6600000858306885,2.6600000858306885,114.0
2024-03-01 11:42:00,NBIX,130.5749969482422,130.5749969482422,130.6300048828125,130.5,130.52999877929688,1489.0
2024-03-01 11:42:00,NEO,16.05500030517578,16.05500030517578,16.059999465942383,16.05500030517578,16.059999465942383,533.0
2024-03-01 11:42:00,NEOG,17.209999084472656,17.209999084472656,17.209999084472656,17.184999465942383,17.184999465942383,6065.0
2024-03-01 11:42:00,NEPH,3.180000066757202,3.180000066757202,3.180000066757202,3.1700000762939453,3.1700000762939453,1309.0
2024-03-01 11:42:00,NKTR,0.7668009996414185,0.7668009996414185,0.777999997138977,0.7668009996414185,0.777999997138977,3851.0
2024-03-01 11:42:00,NMTC,1.2000000476837158,1.2000000476837158,1.2000000476837158,1.2000000476837158,1.2000000476837158,3002.0
2024-03-01 11:42:00,NNOX,11.024999618530273,11.024999618530273,11.024999618530273,11.0,11.0,1355.0
2024-03-01 11:42:00,NOTV,8.229999542236328,8.229999542236328,8.239999771118164,8.163000106811523,8.180000305175781,3041.0
2024-03-01 11:42:00,NRIX,13.229999542236328,13.229999542236328,13.229999542236328,13.229999542236328,13.229999542236328,224.0
2024-03-01 11:42:00,NRSN,2.0399999618530273,2.0399999618530273,2.0399999618530273,2.0399999618530273,2.0399999618530273,100.0
2024-03-01 11:42:00,NRXP,0.41510000824928284,0.41510000824928284,0.41510000824928284,0.41440001130104065,0.41499999165534973,31000.0
2024-03-01 11:42:00,NTLA,33.5,33.5,33.505001068115234,33.45000076293945,33.470001220703125,1526.0
2024-03-01 11:42:00,NTRA,89.45999908447266,89.45999908447266,89.55000305175781,89.44999694824219,89.55000305175781,5259.0
2024-03-01 11:42:00,NUVL,87.71749877929688,87.71749877929688,87.76000213623047,87.69000244140625,87.69000244140625,3307.0
2024-03-01 11:42:00,NVAX,5.175000190734863,5.175000190734863,5.190000057220459,5.170000076293945,5.190000057220459,16731.0
2024-03-01 11:42:00,NVCR,15.880000114440918,15.880000114440918,15.890000343322754,15.864999771118164,15.869999885559082,7143.0
2024-03-01 11:42:00,NXTC,1.7999999523162842,1.7999999523162842,1.8049999475479126,1.7999999523162842,1.8049999475479126,500.0
2024-03-01 11:42:00,OCGN,0.9289000034332275,0.9289000034332275,0.9289000034332275,0.9286999702453613,0.9286999702453613,1122.0
2024-03-01 11:42:00,OCUL,10.5,10.5,10.520000457763672,10.484999656677246,10.484999656677246,30106.0
2024-03-01 11:42:00,OCUP,2.4798998832702637,2.4798998832702637,2.4800000190734863,2.4798998832702637,2.4800000190734863,900.0
2024-03-01 11:42:00,OGI,2.125,2.125,2.125,2.125,2.125,350.0
2024-03-01 11:42:00,OLMA,13.509900093078613,13.509900093078613,13.529999732971191,13.475000381469727,13.48490047454834,2931.0
2024-03-01 11:42:00,OM,3.140000104904175,3.140000104904175,3.140000104904175,3.140000104904175,3.140000104904175,1200.0
2024-03-01 11:42:00,OMCL,26.3799991607666,26.3799991607666,26.3799991607666,26.3700008392334,26.3700008392334,1232.0
2024-03-01 11:42:00,OMER,4.735000133514404,4.735000133514404,4.75,4.735000133514404,4.75,7941.0
2024-03-01 11:43:00,ABCL,5.215000152587891,5.215000152587891,5.215000152587891,5.199999809265137,5.199999809265137,24051.0
2024-03-01 11:43:00,ABOS,4.695000171661377,4.695000171661377,4.695000171661377,4.695000171661377,4.695000171661377,493.0
2024-03-01 11:43:00,ABSI,5.190000057220459,5.190000057220459,5.210000038146973,5.190000057220459,5.210000038146973,3473.0
2024-03-01 11:43:00,ACAD,23.850000381469727,23.850000381469727,23.850000381469727,23.850000381469727,23.850000381469727,475.0
2024-03-01 11:43:00,ACB,3.1449999809265137,3.1449999809265137,3.149899959564209,3.1449999809265137,3.149899959564209,897.0
2024-03-01 11:43:00,ACET,2.4049999713897705,2.4049999713897705,2.4049999713897705,2.4049999713897705,2.4049999713897705,570.0
2024-03-01 11:43:00,ACHC,83.9800033569336,83.9800033569336,83.9800033569336,83.9800033569336,83.9800033569336,100.0
2024-03-01 11:43:00,ACHL,1.3300000429153442,1.3300000429153442,1.3320000171661377,1.3300000429153442,1.3320000171661377,2704.0
2024-03-01 11:43:00,ACLX,67.54000091552734,67.54000091552734,67.6500015258789,67.5,67.6500015258789,2451.0
2024-03-01 11:43:00,ACRS,1.215000033378601,1.215000033378601,1.215000033378601,1.215000033378601,1.215000033378601,1865.0
2024-03-01 11:43:00,ADAG,3.25,3.25,3.25,3.2249999046325684,3.25,1801.0
2024-03-01 11:43:00,ADAP,1.600000023841858,1.600000023841858,1.600000023841858,1.600000023841858,1.600000023841858,200.0
2024-03-01 11:43:00,ADIL,3.077699899673462,3.077699899673462,3.0799999237060547,3.049999952316284,3.059999942779541,9218.0
2024-03-01 11:43:00,ADMA,5.389999866485596,5.389999866485596,5.389999866485596,5.380000114440918,5.385000228881836,569.0
2024-03-01 11:43:00,ADPT,4.199999809265137,4.199999809265137,4.204999923706055,4.199999809265137,4.204999923706055,216.0
2024-03-01 11:43:00,ADUS,93.6500015258789,93.6500015258789,93.6500015258789,93.6500015258789,93.6500015258789,264.0
2024-03-01 11:43:00,ADVM,1.9800000190734863,1.9800000190734863,1.9800000190734863,1.9799000024795532,1.9800000190734863,6090.0
2024-03-01 11:43:00,AGEN,0.6711999773979187,0.6711999773979187,0.6711999773979187,0.6711000204086304,0.6711500287055969,2489.0
2024-03-01 11:43:00,AGIO,32.93000030517578,32.93000030517578,32.939998626708984,32.915000915527344,32.93000030517578,2323.0
2024-03-01 11:43:00,AHCO,10.75,10.75,10.75,10.734999656677246,10.739999771118164,1977.0
2024-03-01 11:43:00,AKAN,0.24250000715255737,0.24250000715255737,0.2460000067949295,0.24250000715255737,0.2460000067949295,3414.0
2024-03-01 11:43:00,AKBA,1.6690000295639038,1.6690000295639038,1.669100046157837,1.6608999967575073,1.6608999967575073,4711.0
2024-03-01 11:43:00,AKLI,0.3352000117301941,0.3352000117301941,0.3352000117301941,0.335099995136261,0.335099995136261,845.0
2024-03-01 11:43:00,AKRO,29.110000610351562,29.110000610351562,29.19499969482422,29.079999923706055,29.079999923706055,19387.0
2024-03-01 11:43:00,ALDX,4.184999942779541,4.184999942779541,4.184999942779541,4.181700229644775,4.181700229644775,1976.0
2024-03-01 11:43:00,ALEC,7.489999771118164,7.489999771118164,7.5,7.489999771118164,7.489999771118164,421.0
2024-03-01 11:43:00,ALGN,300.4200134277344,300.4200134277344,300.54998779296875,300.4200134277344,300.54998779296875,1805.0
2024-03-01 11:43:00,ALGS,1.0799000263214111,1.0799000263214111,1.0799000263214111,1.0799000263214111,1.0799000263214111,301.0
2024-03-01 11:43:00,ALHC,5.6803998947143555,5.6803998947143555,5.710000038146973,5.670000076293945,5.710000038146973,12736.0
2024-03-01 11:43:00,ALKS,30.219999313354492,30.219999313354492,30.229999542236328,30.21500015258789,30.225000381469727,4936.0
2024-03-01 11:43:00,ALLK,1.6074999570846558,1.6074999570846558,1.6074999570846558,1.6074999570846558,1.6074999570846558,200.0
2024-03-01 11:43:00,ALNY,154.1699981689453,154.1699981689453,154.2100067138672,154.1699981689453,154.2100067138672,881.0
2024-03-01 11:43:00,ALPN,35.8849983215332,35.8849983215332,35.91999816894531,35.75,35.775001525878906,20223.0
2024-03-01 11:43:00,ALT,12.210000038146973,12.210000038146973,12.210000038146973,12.210000038146973,12.210000038146973,155.0
2024-03-01 11:43:00,ALXO,14.869999885559082,14.869999885559082,14.869999885559082,14.869999885559082,14.869999885559082,240.0
2024-03-01 11:43:00,AMED,93.23999786376953,93.23999786376953,93.30999755859375,93.23999786376953,93.30999755859375,4429.0
2024-03-01 11:43:00,AMGN,281.0950012207031,281.0950012207031,281.3450012207031,281.0591125488281,281.3450012207031,15055.0
2024-03-01 11:43:00,AMPH,45.34000015258789,45.34000015258789,45.36000061035156,45.34000015258789,45.36000061035156,772.0
2024-03-01 11:43:00,AMRN,1.0499999523162842,1.0499999523162842,1.059999942779541,1.0499999523162842,1.0549999475479126,10345.0
2024-03-01 11:43:00,ANGO,5.554999828338623,5.554999828338623,5.554999828338623,5.545000076293945,5.549900054931641,7001.0
2024-03-01 11:43:00,ANIP,67.19999694824219,67.19999694824219,67.20500183105469,66.86000061035156,66.9364013671875,3964.0
2024-03-01 11:43:00,ANNX,5.980000019073486,5.980000019073486,5.980000019073486,5.980000019073486,5.980000019073486,136.0
2024-03-01 11:43:00,ANTX,3.009999990463257,3.009999990463257,3.015000104904175,3.009999990463257,3.015000104904175,1426.0
2024-03-01 11:43:00,APDN,0.5649999976158142,0.5649999976158142,0.5649999976158142,0.5649999976158142,0.5649999976158142,100.0
2024-03-01 11:43:00,APLS,65.66000366210938,65.66000366210938,65.67169952392578,65.5199966430664,65.56999969482422,3034.0
2024-03-01 11:43:00,APLT,7.119999885559082,7.119999885559082,7.130000114440918,7.110000133514404,7.130000114440918,2461.0
2024-03-01 11:43:00,APTO,1.7854000329971313,1.7854000329971313,1.7854000329971313,1.7854000329971313,1.7854000329971313,289.0
2024-03-01 11:43:00,APVO,0.1550000011920929,0.1550000011920929,0.1550000011920929,0.1550000011920929,0.1550000011920929,183.0
2024-03-01 11:43:00,AQST,4.315000057220459,4.315000057220459,4.320000171661377,4.315000057220459,4.319900035858154,1054.0
2024-03-01 11:43:00,ARAY,2.634999990463257,2.634999990463257,2.6500000953674316,2.630000114440918,2.634999990463257,12800.0
2024-03-01 11:43:00,ARCT,39.375,39.375,39.375,39.375,39.375,311.0
2024-03-01 11:43:00,ARDX,9.5600004196167,9.5600004196167,9.5649995803833,9.545000076293945,9.550000190734863,18294.0
2024-03-01 11:43:00,ARQT,11.400099754333496,11.400099754333496,11.430000305175781,11.399999618530273,11.42710018157959,1824.0
2024-03-01 11:43:00,ARVN,48.529998779296875,48.529998779296875,48.584999084472656,48.529998779296875,48.584999084472656,733.0
2024-03-01 11:43:00,ARWR,35.91999816894531,35.91999816894531,35.91999816894531,35.810001373291016,35.81999969482422,3950.0
2024-03-01 11:43:00,ASND,149.9250030517578,149.9250030517578,149.97500610351562,149.77000427246094,149.97500610351562,1122.0
2024-03-01 11:43:00,ASRT,0.9100000262260437,0.9100000262260437,0.9100000262260437,0.9010999798774719,0.9010999798774719,4248.0
2024-03-01 11:43:00,ATAI,2.0450000762939453,2.0450000762939453,2.0494000911712646,2.0450000762939453,2.0494000911712646,5622.0
2024-03-01 11:43:00,ATEC,13.604999542236328,13.604999542236328,13.640000343322754,13.604999542236328,13.640000343322754,7264.0
2024-03-01 11:43:00,ATRA,0.8041999936103821,0.8041999936103821,0.8065000176429749,0.800000011920929,0.8065000176429749,11586.0
2024-03-01 11:43:00,ATRC,36.08000183105469,36.08000183105469,36.09859848022461,36.08000183105469,36.08000183105469,967.0
2024-03-01 11:43:00,ATXS,15.09000015258789,15.09000015258789,15.09000015258789,15.09000015258789,15.09000015258789,100.0
2024-03-01 11:43:00,AUPH,5.815000057220459,5.815000057220459,5.820000171661377,5.815000057220459,5.820000171661377,780.0
2024-03-01 11:43:00,AUTL,6.264999866485596,6.264999866485596,6.264999866485596,6.260000228881836,6.260000228881836,1498.0
2024-03-01 11:43:00,AVDL,12.725000381469727,12.725000381469727,12.75,12.720000267028809,12.75,1749.0
2024-03-01 11:43:00,AVIR,4.460000038146973,4.460000038146973,4.460000038146973,4.454999923706055,4.460000038146973,1119.0
2024-03-01 11:43:00,AVRO,1.3250000476837158,1.3250000476837158,1.3250000476837158,1.3250000476837158,1.3250000476837158,100.0
2024-03-01 11:43:00,AVXL,5.385000228881836,5.385000228881836,5.385000228881836,5.385000228881836,5.385000228881836,244.0
2024-03-01 11:43:00,AXNX,67.2750015258789,67.2750015258789,67.2750015258789,67.2750015258789,67.2750015258789,320.0
2024-03-01 11:43:00,AZN,64.55500030517578,64.55500030517578,64.55999755859375,64.55000305175781,64.55999755859375,1887.0
2024-03-01 11:43:00,AZTA,66.2699966430664,66.2699966430664,66.29499816894531,66.2699966430664,66.29499816894531,284.0
2024-03-01 11:43:00,BBIO,35.880001068115234,35.880001068115234,35.880001068115234,35.880001068115234,35.880001068115234,502.0
2024-03-01 11:43:00,BCEL,0.2685000002384186,0.2685000002384186,0.2685000002384186,0.2685000002384186,0.2685000002384186,120.0
2024-03-01 11:43:00,BCRX,5.804999828338623,5.804999828338623,5.815000057220459,5.804999828338623,5.815000057220459,2389.0
2024-03-01 11:43:00,BCYC,25.741500854492188,25.741500854492188,25.809999465942383,25.741500854492188,25.809999465942383,303.0
2024-03-01 11:43:00,BEAM,40.19499969482422,40.19499969482422,40.20000076293945,40.19499969482422,40.20000076293945,802.0
2024-03-01 11:43:00,BGXX,0.2731499969959259,0.2731499969959259,0.2731499969959259,0.2731499969959259,0.2731499969959259,588.0
2024-03-01 11:43:00,BIAF,2.380000114440918,2.380000114440918,2.380000114440918,2.380000114440918,2.380000114440918,246.0
2024-03-01 11:43:00,BIIB,220.1699981689453,220.1699981689453,220.1699981689453,219.91009521484375,219.91009521484375,621.0
2024-03-01 11:43:00,BIOR,1.2300000190734863,1.2300000190734863,1.2300000190734863,1.225000023841858,1.2300000190734863,4500.0
2024-03-01 11:43:00,BIVI,2.240000009536743,2.240000009536743,2.2500998973846436,2.2200000286102295,2.240999937057495,70986.0
2024-03-01 11:43:00,BLFS,18.239999771118164,18.239999771118164,18.239999771118164,18.239999771118164,18.239999771118164,885.0
2024-03-01 11:43:00,BLRX,1.3899999856948853,1.3899999856948853,1.3899999856948853,1.3899999856948853,1.3899999856948853,285.0
2024-03-01 11:43:00,BLUE,1.587499976158142,1.587499976158142,1.587499976158142,1.5850000381469727,1.5850000381469727,3789.0
2024-03-01 11:43:00,BMEA,17.940000534057617,17.940000534057617,17.940000534057617,17.93000030517578,17.940000534057617,2540.0
2024-03-01 11:43:00,BMRN,86.9749984741211,86.9749984741211,87.0,86.9749984741211,87.0,793.0
2024-03-01 11:43:00,BNR,0.8514999747276306,0.8514999747276306,0.8521999716758728,0.8500000238418579,0.8521999716758728,1095.0
2024-03-01 11:43:00,BNTX,92.26499938964844,92.26499938964844,92.31300354003906,92.25,92.31300354003906,1701.0
2024-03-01 11:43:00,BPMC,97.1500015258789,97.1500015258789,97.1500015258789,96.98500061035156,96.98500061035156,1401.0
2024-03-01 11:43:00,BRKR,87.87000274658203,87.87000274658203,87.9000015258789,87.87000274658203,87.9000015258789,1355.0
2024-03-01 11:43:00,BRTX,1.4800000190734863,1.4800000190734863,1.4900000095367432,1.4800000190734863,1.4850000143051147,1244.0
2024-03-01 11:43:00,BTMD,6.110000133514404,6.110000133514404,6.110000133514404,6.110000133514404,6.110000133514404,2985.0
2024-03-01 11:43:00,BTTX,0.16949999332427979,0.16949999332427979,0.16949999332427979,0.1680999994277954,0.1680999994277954,1499.0
2024-03-01 11:43:00,BWAY,6.605000019073486,6.605000019073486,6.605000019073486,6.574999809265137,6.599999904632568,541.0
2024-03-01 11:43:00,BYSI,1.569000005722046,1.569000005722046,1.569000005722046,1.569000005722046,1.569000005722046,284.0
2024-03-01 11:43:00,CARA,0.9218000173568726,0.9218000173568726,0.9218000173568726,0.9218000173568726,0.9218000173568726,128.0
2024-03-01 11:43:00,CBAY,32.25,32.25,32.25,32.244998931884766,32.244998931884766,1332.0
2024-03-01 11:43:00,CCCC,10.979999542236328,10.979999542236328,10.979999542236328,10.979999542236328,10.979999542236328,754.0
2024-03-01 11:43:00,CDMO,8.210000038146973,8.210000038146973,8.210000038146973,8.180000305175781,8.180000305175781,500.0
2024-03-01 11:43:00,CDNA,12.5649995803833,12.5649995803833,12.5649995803833,12.529999732971191,12.5600004196167,3442.0
2024-03-01 11:43:00,CDXS,4.46999979019165,4.46999979019165,4.480000019073486,4.46999979019165,4.480000019073486,1383.0
2024-03-01 11:43:00,CERE,41.1150016784668,41.1150016784668,41.119998931884766,41.11000061035156,41.119998931884766,972.0
2024-03-01 11:43:00,CERS,2.2149999141693115,2.2149999141693115,2.2149999141693115,2.2149999141693115,2.2149999141693115,237.0
2024-03-01 11:43:00,CERT,17.648099899291992,17.648099899291992,17.649999618530273,17.648099899291992,17.649999618530273,859.0
2024-03-01 11:43:00,CGC,3.2720000743865967,3.2720000743865967,3.2850000858306885,3.2720000743865967,3.2799999713897705,10835.0
2024-03-01 11:43:00,CGEM,18.929899215698242,18.929899215698242,18.929899215698242,18.809999465942383,18.889999389648438,3369.0
2024-03-01 11:43:00,CGEN,2.684999942779541,2.684999942779541,2.690000057220459,2.684999942779541,2.690000057220459,7721.0
2024-03-01 11:43:00,CGTX,2.049999952316284,2.049999952316284,2.049999952316284,2.049999952316284,2.049999952316284,429.0
2024-03-01 11:43:00,CHRS,2.3299999237060547,2.3299999237060547,2.3350000381469727,2.3299999237060547,2.3299999237060547,1242.0
2024-03-01 11:43:00,CLDX,52.630001068115234,52.630001068115234,52.63999938964844,52.53499984741211,52.570098876953125,6360.0
2024-03-01 11:43:00,CLNN,0.39500001072883606,0.39500001072883606,0.39500001072883606,0.39500001072883606,0.39500001072883606,300.0
2024-03-01 11:43:00,CLOV,0.8679999709129333,0.8679999709129333,0.8680999875068665,0.8679999709129333,0.8679999709129333,19269.0
2024-03-01 11:43:00,CMPS,11.359999656677246,11.359999656677246,11.359999656677246,11.319999694824219,11.319999694824219,1350.0
2024-03-01 11:43:00,CNTA,10.890000343322754,10.890000343322754,10.890000343322754,10.890000343322754,10.890000343322754,186.0
2024-03-01 11:43:00,COGT,7.239999771118164,7.239999771118164,7.239999771118164,7.21999979019165,7.239999771118164,314.0
2024-03-01 11:43:00,COLL,36.974998474121094,36.974998474121094,36.974998474121094,36.974998474121094,36.974998474121094,221.0
2024-03-01 11:43:00,CORT,23.850000381469727,23.850000381469727,23.850000381469727,23.850000381469727,23.850000381469727,362.0
2024-03-01 11:43:00,CPRX,17.0049991607666,17.0049991607666,17.049999237060547,17.0,17.049999237060547,3234.0
2024-03-01 11:43:00,CPSI,9.430000305175781,9.430000305175781,9.430000305175781,9.430000305175781,9.430000305175781,187.0
2024-03-01 11:43:00,CRBP,31.700000762939453,31.700000762939453,31.700000762939453,31.69499969482422,31.69499969482422,229.0
2024-03-01 11:43:00,CRBU,8.039199829101562,8.039199829101562,8.039199829101562,8.033699989318848,8.033699989318848,1521.0
2024-03-01 11:43:00,CRDF,2.460400104522705,2.460400104522705,2.4909000396728516,2.4500999450683594,2.4909000396728516,21343.0
2024-03-01 11:43:00,CRMD,3.7149999141693115,3.7149999141693115,3.7149999141693115,3.7149999141693115,3.7149999141693115,201.0
2024-03-01 11:43:00,CRNX,46.06999969482422,46.06999969482422,46.20000076293945,46.040000915527344,46.119998931884766,1878.0
2024-03-01 11:43:00,CRON,2.065000057220459,2.065000057220459,2.069999933242798,2.065000057220459,2.069999933242798,600.0
2024-03-01 11:43:00,CRSP,85.88999938964844,85.88999938964844,85.88999938964844,85.87999725341797,85.87999725341797,499.0
2024-03-01 11:43:00,CTKB,8.449999809265137,8.449999809265137,8.449999809265137,8.449999809265137,8.449999809265137,376.0
2024-03-01 11:43:00,CTMX,2.569999933242798,2.569999933242798,2.5899999141693115,2.569999933242798,2.5850000381469727,6108.0
2024-03-01 11:43:00,CTXR,0.7767999768257141,0.7767999768257141,0.7767999768257141,0.7767999768257141,0.7767999768257141,367.0
2024-03-01 11:43:00,CUE,2.1549999713897705,2.1549999713897705,2.1549999713897705,2.1549999713897705,2.1549999713897705,390.0
2024-03-01 11:43:00,CVAC,3.4549999237060547,3.4549999237060547,3.4700000286102295,3.4549999237060547,3.4600000381469727,12289.0
2024-03-01 11:43:00,CYTK,73.91000366210938,73.91000366210938,73.91000366210938,73.86000061035156,73.91000366210938,2188.0
2024-03-01 11:43:00,DAWN,17.530000686645508,17.530000686645508,17.545000076293945,17.530000686645508,17.545000076293945,824.0
2024-03-01 11:43:00,DCGO,4.110000133514404,4.110000133514404,4.110000133514404,4.110000133514404,4.110000133514404,1200.0
2024-03-01 11:43:00,DCPH,17.200000762939453,17.200000762939453,17.260000228881836,17.100000381469727,17.100000381469727,28545.0
2024-03-01 11:43:00,DCTH,4.210000038146973,4.210000038146973,4.210000038146973,4.210000038146973,4.210000038146973,425.0
2024-03-01 11:43:00,DH,9.024999618530273,9.024999618530273,9.024999618530273,9.0,9.010000228881836,3212.0
2024-03-01 11:43:00,DMTK,0.8349999785423279,0.8349999785423279,0.839900016784668,0.8349999785423279,0.839900016784668,6350.0
2024-03-01 11:43:00,DNLI,20.782400131225586,20.782400131225586,20.809999465942383,20.782400131225586,20.799999237060547,2501.0
2024-03-01 11:43:00,DTIL,12.3858003616333,12.3858003616333,12.420000076293945,12.329999923706055,12.414999961853027,7787.0
2024-03-01 11:43:00,DVAX,12.854999542236328,12.854999542236328,12.854999542236328,12.854999542236328,12.854999542236328,511.0
2024-03-01 11:43:00,DXCM,119.36000061035156,119.36000061035156,119.41999816894531,119.3499984741211,119.36000061035156,11897.0
2024-03-01 11:43:00,DYN,29.415000915527344,29.415000915527344,29.415000915527344,29.2450008392334,29.2450008392334,12204.0
2024-03-01 11:43:00,EDIT,10.920000076293945,10.920000076293945,10.925000190734863,10.914999961853027,10.914999961853027,3503.0
2024-03-01 11:43:00,EDSA,4.699999809265137,4.699999809265137,4.699999809265137,4.699999809265137,4.699999809265137,237.0
2024-03-01 11:43:00,EFTR,15.0,15.0,15.0,15.0,15.0,551.0
2024-03-01 11:43:00,EGRX,6.695000171661377,6.695000171661377,6.71999979019165,6.695000171661377,6.71999979019165,960.0
2024-03-01 11:43:00,EIGR,6.150000095367432,6.150000095367432,6.150000095367432,6.150000095367432,6.150000095367432,661.0
2024-03-01 11:43:00,ELDN,1.8200000524520874,1.8200000524520874,1.8200000524520874,1.8200000524520874,1.8200000524520874,100.0
2024-03-01 11:43:00,ELEV,4.989999771118164,4.989999771118164,5.0,4.985000133514404,4.985000133514404,821.0
2024-03-01 11:43:00,EMBC,14.359999656677246,14.359999656677246,14.359999656677246,14.359999656677246,14.359999656677246,183.0
2024-03-01 11:43:00,ENLV,3.399899959564209,3.399899959564209,3.399899959564209,3.399899959564209,3.399899959564209,500.0
2024-03-01 11:43:00,ENSC,0.9415199756622314,0.9415199756622314,0.9415199756622314,0.9415199756622314,0.9415199756622314,500.0
2024-03-01 11:43:00,ENSG,123.5,123.5,123.5,123.45999908447266,123.5,2182.0
2024-03-01 11:43:00,ENTA,15.210000038146973,15.210000038146973,15.210000038146973,15.210000038146973,15.210000038146973,211.0
2024-03-01 11:43:00,ENVB,1.590000033378601,1.590000033378601,1.590000033378601,1.5800000429153442,1.5801000595092773,15995.0
2024-03-01 11:43:00,ERAS,2.5299999713897705,2.5299999713897705,2.5299999713897705,2.5299999713897705,2.5299999713897705,505.0
2024-03-01 11:43:00,ESPR,2.5399999618530273,2.5399999618530273,2.5399999618530273,2.5250000953674316,2.5299999713897705,16623.0
2024-03-01 11:43:00,ESTA,45.72999954223633,45.72999954223633,45.77000045776367,45.72999954223633,45.77000045776367,1134.0
2024-03-01 11:43:00,ETNB,12.984999656677246,12.984999656677246,13.029999732971191,12.970000267028809,12.970000267028809,11140.0
2024-03-01 11:43:00,EXAS,59.7599983215332,59.7599983215332,59.849998474121094,59.75,59.810001373291016,3147.0
2024-03-01 11:43:00,EXEL,22.545000076293945,22.545000076293945,22.545000076293945,22.524999618530273,22.530000686645508,3991.0
2024-03-01 11:43:00,EYEN,2.2699999809265137,2.2699999809265137,2.2699999809265137,2.259999990463257,2.259999990463257,7203.0
2024-03-01 11:43:00,EYPT,28.239999771118164,28.239999771118164,28.239999771118164,28.200000762939453,28.200000762939453,1157.0
2024-03-01 11:43:00,FATE,7.454999923706055,7.454999923706055,7.460000038146973,7.449999809265137,7.449999809265137,753.0
2024-03-01 11:43:00,FBIO,2.2200000286102295,2.2200000286102295,2.2200000286102295,2.2200000286102295,2.2200000286102295,346.0
2024-03-01 11:43:00,FDMT,29.354999542236328,29.354999542236328,29.354999542236328,29.354999542236328,29.354999542236328,325.0
2024-03-01 11:43:00,FEMY,1.7300000190734863,1.7300000190734863,1.7300000190734863,1.7300000190734863,1.7300000190734863,100.0
2024-03-01 11:43:00,FGEN,1.7949999570846558,1.7949999570846558,1.8049999475479126,1.7949999570846558,1.8049999475479126,7277.0
2024-03-01 11:43:00,FHTX,8.140000343322754,8.140000343322754,8.140000343322754,8.140000343322754,8.140000343322754,155.0
2024-03-01 11:43:00,FULC,10.930000305175781,10.930000305175781,10.930000305175781,10.850000381469727,10.869999885559082,7834.0
2024-03-01 11:43:00,FUSN,12.369600296020508,12.369600296020508,12.404999732971191,12.369600296020508,12.390000343322754,1370.0
2024-03-01 11:43:00,FWBI,8.199999809265137,8.199999809265137,8.199999809265137,8.199999809265137,8.199999809265137,228.0
2024-03-01 11:43:00,GANX,4.699999809265137,4.699999809265137,4.699999809265137,4.699999809265137,4.699999809265137,619.0
2024-03-01 11:43:00,GBIO,2.619999885559082,2.619999885559082,2.619999885559082,2.609999895095825,2.619999885559082,300.0
2024-03-01 11:43:00,GDRX,8.284000396728516,8.284000396728516,8.289999961853027,8.284000396728516,8.289999961853027,2520.0
2024-03-01 11:43:00,GERN,2.1700000762939453,2.1700000762939453,2.180000066757202,2.1700000762939453,2.180000066757202,4276.0
2024-03-01 11:43:00,GH,19.270000457763672,19.270000457763672,19.280000686645508,19.270000457763672,19.280000686645508,430.0
2024-03-01 11:43:00,GILD,72.41999816894531,72.41999816894531,72.41999816894531,72.4000015258789,72.41999816894531,6269.0
2024-03-01 11:43:00,GLYC,3.005000114440918,3.005000114440918,3.015000104904175,3.005000114440918,3.009999990463257,1268.0
2024-03-01 11:43:00,GMAB,29.3799991607666,29.3799991607666,29.3799991607666,29.3799991607666,29.3799991607666,229.0
2024-03-01 11:43:00,GMDA,0.38350000977516174,0.38350000977516174,0.38350000977516174,0.38269999623298645,0.382999986410141,1450.0
2024-03-01 11:43:00,GOSS,1.3450000286102295,1.3450000286102295,1.3450000286102295,1.3450000286102295,1.3450000286102295,731.0
2024-03-01 11:43:00,GRFS,7.09499979019165,7.09499979019165,7.09499979019165,7.09499979019165,7.09499979019165,501.0
2024-03-01 11:43:00,GRTS,2.200000047683716,2.200000047683716,2.200000047683716,2.194999933242798,2.198499917984009,1505.0
2024-03-01 11:43:00,GTH,3.9149999618530273,3.9149999618530273,3.9149999618530273,3.9100000858306885,3.9100000858306885,2100.0
2024-03-01 11:43:00,GTHX,3.630000114440918,3.630000114440918,3.630000114440918,3.6298999786376953,3.6298999786376953,982.0
2024-03-01 11:43:00,HALO,41.130001068115234,41.130001068115234,41.150001525878906,41.130001068115234,41.150001525878906,1318.0
2024-03-01 11:43:00,HARP,22.940000534057617,22.940000534057617,22.940000534057617,22.9325008392334,22.9325008392334,510.0
2024-03-01 11:43:00,HCAT,7.909999847412109,7.909999847412109,7.920000076293945,7.909999847412109,7.920000076293945,701.0
2024-03-01 11:43:00,HCSG,12.600000381469727,12.600000381469727,12.630000114440918,12.600000381469727,12.630000114440918,764.0
2024-03-01 11:43:00,HCTI,2.589900016784668,2.589900016784668,2.589900016784668,2.549999952316284,2.549999952316284,4996.0
2024-03-01 11:43:00,HOLX,73.7699966430664,73.7699966430664,73.80000305175781,73.7699966430664,73.7699966430664,2775.0
2024-03-01 11:43:00,HPCO,0.2551000118255615,0.2551000118255615,0.2551000118255615,0.2551000118255615,0.2551000118255615,14971.0
2024-03-01 11:43:00,HRTX,2.634999990463257,2.634999990463257,2.634999990463257,2.6328999996185303,2.6328999996185303,1059.0
2024-03-01 11:43:00,HSCS,0.11819999665021896,0.11819999665021896,0.11819999665021896,0.11720000207424164,0.11720000207424164,3441.0
2024-03-01 11:43:00,HSIC,77.06999969482422,77.06999969482422,77.11000061035156,77.06999969482422,77.11000061035156,1160.0
2024-03-01 11:43:00,HUMA,3.444999933242798,3.444999933242798,3.449899911880493,3.4000000953674316,3.4100000858306885,81132.0
2024-03-01 11:43:00,IART,36.45000076293945,36.45000076293945,36.459999084472656,36.41999816894531,36.44499969482422,2969.0
2024-03-01 11:43:00,IBRX,4.90500020980835,4.90500020980835,4.90500020980835,4.90500020980835,4.90500020980835,854.0
2024-03-01 11:43:00,IDYA,46.099998474121094,46.099998474121094,46.099998474121094,46.099998474121094,46.099998474121094,213.0
2024-03-01 11:43:00,IFRX,1.8300000429153442,1.8300000429153442,1.8300000429153442,1.8300000429153442,1.8300000429153442,216.0
2024-03-01 11:43:00,IGMS,13.390000343322754,13.390000343322754,13.430000305175781,13.390000343322754,13.430000305175781,200.0
2024-03-01 11:43:00,ILMN,141.6501007080078,141.6501007080078,141.76220703125,141.6501007080078,141.76220703125,1307.0
2024-03-01 11:43:00,IMCC,0.3294000029563904,0.3294000029563904,0.3294000029563904,0.3294000029563904,0.3294000029563904,106.0
2024-03-01 11:43:00,IMMX,3.5350000858306885,3.5350000858306885,3.5350000858306885,3.5350000858306885,3.5350000858306885,100.0
2024-03-01 11:43:00,IMUX,1.4731999635696411,1.4731999635696411,1.4731999635696411,1.4700000286102295,1.4700000286102295,440.0
2024-03-01 11:43:00,IMVT,36.25,36.25,36.25,36.25,36.25,429.0
2024-03-01 11:43:00,INBX,36.849998474121094,36.849998474121094,36.849998474121094,36.849998474121094,36.849998474121094,100.0
2024-03-01 11:43:00,INCY,59.09000015258789,59.09000015258789,59.130001068115234,59.08000183105469,59.130001068115234,4690.0
2024-03-01 11:43:00,INGN,6.901500225067139,6.901500225067139,6.920000076293945,6.900000095367432,6.920000076293945,2730.0
2024-03-01 11:43:00,INKT,0.9204999804496765,0.9204999804496765,0.9204999804496765,0.9204999804496765,0.9204999804496765,747.0
2024-03-01 11:43:00,INMB,12.149999618530273,12.149999618530273,12.149999618530273,12.149999618530273,12.149999618530273,105.0
2024-03-01 11:43:00,INMD,22.735000610351562,22.735000610351562,22.739999771118164,22.729999542236328,22.735000610351562,1665.0
2024-03-01 11:43:00,INO,9.3100004196167,9.3100004196167,9.350000381469727,9.3100004196167,9.350000381469727,907.0
2024-03-01 11:43:00,INSM,28.149999618530273,28.149999618530273,28.149999618530273,28.145000457763672,28.145000457763672,414.0
2024-03-01 11:43:00,INVA,15.670000076293945,15.670000076293945,15.670000076293945,15.670000076293945,15.670000076293945,326.0
2024-03-01 11:43:00,IONS,45.939998626708984,45.939998626708984,45.939998626708984,45.90999984741211,45.93000030517578,1506.0
2024-03-01 11:43:00,IOVA,16.810100555419922,16.810100555419922,16.81999969482422,16.7450008392334,16.759899139404297,33436.0
2024-03-01 11:43:00,IRMD,41.880001068115234,41.880001068115234,41.880001068115234,41.880001068115234,41.880001068115234,168.0
2024-03-01 11:43:00,IRWD,9.050000190734863,9.050000190734863,9.050000190734863,8.975000381469727,8.975000381469727,49781.0
2024-03-01 11:43:00,ISRG,392.7300109863281,392.7300109863281,392.9100036621094,392.6300048828125,392.79998779296875,5981.0
2024-03-01 11:43:00,ITCI,71.41999816894531,71.41999816894531,71.41999816894531,71.38999938964844,71.38999938964844,1011.0
2024-03-01 11:43:00,ITRM,1.25,1.25,1.25,1.25,1.25,319.0
2024-03-01 11:43:00,IVVD,4.0,4.0,4.010000228881836,4.0,4.001999855041504,1082.0
2024-03-01 11:43:00,IXHL,5.396200180053711,5.396200180053711,5.396200180053711,5.396200180053711,5.396200180053711,1105.0
2024-03-01 11:43:00,JAGX,0.07660000026226044,0.07660000026226044,0.07660000026226044,0.07530000060796738,0.07559999823570251,816820.0
2024-03-01 11:43:00,JANX,47.0,47.0,47.0,46.849998474121094,46.849998474121094,1849.0
2024-03-01 11:43:00,JAZZ,119.41000366210938,119.41000366210938,119.49500274658203,119.41000366210938,119.41000366210938,699.0
2024-03-01 11:43:00,JYNT,9.949999809265137,9.949999809265137,9.949999809265137,9.9399995803833,9.949999809265137,300.0
2024-03-01 11:43:00,KNSA,21.8700008392334,21.8700008392334,21.8700008392334,21.850000381469727,21.8700008392334,3297.0
2024-03-01 11:43:00,KOD,6.144999980926514,6.144999980926514,6.144999980926514,6.144999980926514,6.144999980926514,328.0
2024-03-01 11:43:00,KPTI,1.225000023841858,1.225000023841858,1.225000023841858,1.225000023841858,1.225000023841858,800.0
2024-03-01 11:43:00,KROS,70.19999694824219,70.19999694824219,70.2300033569336,69.875,69.88999938964844,2240.0
2024-03-01 11:43:00,KRTX,316.4700012207031,316.4700012207031,316.4700012207031,316.4700012207031,316.4700012207031,372.0
2024-03-01 11:43:00,KRYS,167.13999938964844,167.13999938964844,167.13999938964844,167.13999938964844,167.13999938964844,204.0
2024-03-01 11:43:00,KTRA,0.09870000183582306,0.09870000183582306,0.09870000183582306,0.09860000014305115,0.09870000183582306,62112.0
2024-03-01 11:43:00,KURA,21.3700008392334,21.3700008392334,21.3700008392334,21.350000381469727,21.350000381469727,333.0
2024-03-01 11:43:00,KYMR,43.89500045776367,43.89500045776367,43.89500045776367,43.89500045776367,43.89500045776367,275.0
2024-03-01 11:43:00,LAB,2.450000047683716,2.450000047683716,2.450000047683716,2.450000047683716,2.450000047683716,210.0
2024-03-01 11:43:00,LBPH,21.6200008392334,21.6200008392334,21.6299991607666,21.583999633789062,21.583999633789062,2869.0
2024-03-01 11:43:00,LEGN,65.99500274658203,65.99500274658203,66.0,65.99500274658203,66.0,533.0
2024-03-01 11:43:00,LEXX,2.640000104904175,2.640000104904175,2.640000104904175,2.640000104904175,2.640000104904175,449.0
2024-03-01 11:43:00,LIAN,4.860000133514404,4.860000133514404,4.860000133514404,4.860000133514404,4.860000133514404,100.0
2024-03-01 11:43:00,LIFE,1.93149995803833,1.93149995803833,1.93149995803833,1.93149995803833,1.93149995803833,2565.0
2024-03-01 11:43:00,LIVN,55.209999084472656,55.209999084472656,55.209999084472656,55.189998626708984,55.189998626708984,2143.0
2024-03-01 11:43:00,LMAT,67.25,67.25,67.25,67.25,67.25,173.0
2024-03-01 11:43:00,LNTH,65.38500213623047,65.38500213623047,65.38500213623047,65.38500213623047,65.38500213623047,316.0
2024-03-01 11:43:00,LPTX,2.880000114440918,2.880000114440918,2.880000114440918,2.865000009536743,2.865000009536743,274.0
2024-03-01 11:43:00,LQDA,14.300000190734863,14.300000190734863,14.300000190734863,14.300000190734863,14.300000190734863,597.0
2024-03-01 11:43:00,LUNG,9.239999771118164,9.239999771118164,9.239999771118164,9.239999771118164,9.239999771118164,156.0
2024-03-01 11:43:00,LVTX,3.069999933242798,3.069999933242798,3.1080000400543213,3.069999933242798,3.075000047683716,5266.0
2024-03-01 11:43:00,LYEL,3.1649999618530273,3.1649999618530273,3.1649999618530273,3.1649999618530273,3.1649999618530273,100.0
2024-03-01 11:43:00,LYRA,5.644999980926514,5.644999980926514,5.644999980926514,5.619999885559082,5.619999885559082,300.0
2024-03-01 11:43:00,MASI,126.98999786376953,126.98999786376953,126.98999786376953,126.98999786376953,126.98999786376953,1586.0
2024-03-01 11:43:00,MCRB,1.2050000429153442,1.2050000429153442,1.2050000429153442,1.2000000476837158,1.2050000429153442,2050.0
2024-03-01 11:43:00,MDGL,243.97999572753906,243.97999572753906,243.97999572753906,243.80999755859375,243.80999755859375,967.0
2024-03-01 11:43:00,MDRX,6.050000190734863,6.050000190734863,6.099999904632568,6.0,6.050000190734863,57879.0
2024-03-01 11:43:00,MDXG,8.5649995803833,8.5649995803833,8.5649995803833,8.5649995803833,8.5649995803833,127.0
2024-03-01 11:43:00,ME,0.5673999786376953,0.5673999786376953,0.5697000026702881,0.5673999786376953,0.5696499943733215,23102.0
2024-03-01 11:43:00,MGNX,19.010000228881836,19.010000228881836,19.03499984741211,19.010000228881836,19.010000228881836,3248.0
2024-03-01 11:43:00,MGTX,6.324999809265137,6.324999809265137,6.324999809265137,6.324999809265137,6.324999809265137,514.0
2024-03-01 11:43:00,MIRM,30.1299991607666,30.1299991607666,30.1299991607666,30.1299991607666,30.1299991607666,804.0
2024-03-01 11:43:00,MIST,1.6937999725341797,1.6937999725341797,1.6937999725341797,1.6937999725341797,1.6937999725341797,100.0
2024-03-01 11:43:00,MLTX,51.790000915527344,51.790000915527344,51.869998931884766,51.650001525878906,51.650001525878906,2820.0
2024-03-01 11:43:00,MMSI,76.49299621582031,76.49299621582031,76.49299621582031,76.49299621582031,76.49299621582031,519.0
2024-03-01 11:43:00,MNKD,4.690000057220459,4.690000057220459,4.690000057220459,4.684999942779541,4.684999942779541,3141.0
2024-03-01 11:43:00,MNMD,6.03000020980835,6.03000020980835,6.070000171661377,6.03000020980835,6.069900035858154,6747.0
2024-03-01 11:43:00,MODD,1.9199999570846558,1.9199999570846558,1.9199999570846558,1.9199999570846558,1.9199999570846558,300.0
2024-03-01 11:43:00,MODV,27.43000030517578,27.43000030517578,27.67930030822754,27.415000915527344,27.67930030822754,8801.0
2024-03-01 11:43:00,MOR,17.6200008392334,17.6200008392334,17.6200008392334,17.6200008392334,17.6200008392334,540.0
2024-03-01 11:43:00,MREO,3.8399999141693115,3.8399999141693115,3.8399999141693115,3.8399999141693115,3.8399999141693115,1364.0
2024-03-01 11:43:00,MRNA,96.44989776611328,96.44989776611328,96.44989776611328,96.30999755859375,96.41500091552734,17357.0
2024-03-01 11:43:00,MRNS,9.899999618530273,9.899999618530273,9.899999618530273,9.890000343322754,9.890000343322754,322.0
2024-03-01 11:43:00,MRSN,6.019999980926514,6.019999980926514,6.019999980926514,6.005000114440918,6.005000114440918,1459.0
2024-03-01 11:43:00,MRUS,51.150001525878906,51.150001525878906,51.150001525878906,51.0,51.04999923706055,5018.0
2024-03-01 11:43:00,MRVI,7.815000057220459,7.815000057220459,7.815000057220459,7.815000057220459,7.815000057220459,1100.0
2024-03-01 11:43:00,MXCT,4.735000133514404,4.735000133514404,4.735000133514404,4.735000133514404,4.735000133514404,100.0
2024-03-01 11:43:00,MYGN,21.565000534057617,21.565000534057617,21.565000534057617,21.565000534057617,21.565000534057617,159.0
2024-03-01 11:43:00,MYMD,3.4600000381469727,3.4600000381469727,3.4600000381469727,3.4600000381469727,3.4600000381469727,261.0
2024-03-01 11:43:00,NARI,46.22999954223633,46.22999954223633,46.27000045776367,46.22999954223633,46.25,1335.0
2024-03-01 11:43:00,NBIX,130.6300048828125,130.6300048828125,130.6300048828125,130.6300048828125,130.6300048828125,141.0
2024-03-01 11:43:00,NBSE,0.8899999856948853,0.8899999856948853,0.8899999856948853,0.8899999856948853,0.8899999856948853,100.0
2024-03-01 11:43:00,NEO,16.05500030517578,16.05500030517578,16.05500030517578,16.05500030517578,16.05500030517578,350.0
2024-03-01 11:43:00,NEOG,17.209999084472656,17.209999084472656,17.219999313354492,17.204999923706055,17.209999084472656,5313.0
2024-03-01 11:43:00,NEPT,0.44999998807907104,0.44999998807907104,0.44999998807907104,0.44999998807907104,0.44999998807907104,5511.0
2024-03-01 11:43:00,NGM,1.5299999713897705,1.5299999713897705,1.5306999683380127,1.5299999713897705,1.5306999683380127,623.0
2024-03-01 11:43:00,NKTR,0.779699981212616,0.779699981212616,0.779699981212616,0.7738000154495239,0.7739999890327454,2000.0
2024-03-01 11:43:00,NKTX,12.779999732971191,12.779999732971191,12.789999961853027,12.779999732971191,12.789999961853027,503.0
2024-03-01 11:43:00,NNOX,11.069999694824219,11.069999694824219,11.069999694824219,11.026599884033203,11.026599884033203,2312.0
2024-03-01 11:43:00,NOTV,8.194700241088867,8.194700241088867,8.194700241088867,8.194700241088867,8.194700241088867,101.0
2024-03-01 11:43:00,NRSN,2.0399999618530273,2.0399999618530273,2.0399999618530273,2.0397000312805176,2.0397000312805176,3101.0
2024-03-01 11:43:00,NRXP,0.41999998688697815,0.41999998688697815,0.41999998688697815,0.4101000130176544,0.4101000130176544,25256.0
2024-03-01 11:43:00,NTLA,33.494998931884766,33.494998931884766,33.540000915527344,33.494998931884766,33.540000915527344,597.0
2024-03-01 11:43:00,NTRA,89.44999694824219,89.44999694824219,89.52999877929688,89.44000244140625,89.51000213623047,4593.0
2024-03-01 11:43:00,NURO,3.990299940109253,3.990299940109253,3.990299940109253,3.9902000427246094,3.9902000427246094,2000.0
2024-03-01 11:43:00,NUTX,0.11389999836683273,0.11389999836683273,0.11420000344514847,0.11379999667406082,0.11420000344514847,24155.0
2024-03-01 11:43:00,NUWE,0.5734999775886536,0.5734999775886536,0.5738999843597412,0.5734999775886536,0.5738999843597412,937.0
2024-03-01 11:43:00,NVAX,5.15500020980835,5.15500020980835,5.175000190734863,5.150000095367432,5.170100212097168,13252.0
2024-03-01 11:43:00,NVNO,6.454999923706055,6.454999923706055,6.454999923706055,6.454999923706055,6.454999923706055,350.0
2024-03-01 11:43:00,OCGN,0.9284999966621399,0.9284999966621399,0.928600013256073,0.9282000064849854,0.9282000064849854,1132.0
2024-03-01 11:43:00,OCUL,10.511500358581543,10.511500358581543,10.520000457763672,10.5,10.505000114440918,2406.0
2024-03-01 11:43:00,OCUP,2.484999895095825,2.484999895095825,2.484999895095825,2.4800000190734863,2.4800000190734863,749.0
2024-03-01 11:43:00,OLK,22.6200008392334,22.6200008392334,22.6200008392334,22.6200008392334,22.6200008392334,224.0
2024-03-01 11:43:00,OLMA,13.420000076293945,13.420000076293945,13.485400199890137,13.369999885559082,13.485400199890137,10146.0
2024-03-01 11:43:00,OM,3.125,3.125,3.140000104904175,3.125,3.140000104904175,3029.0
2024-03-01 11:43:00,OMGA,4.230000019073486,4.230000019073486,4.230000019073486,4.230000019073486,4.230000019073486,245.0
2024-03-01 11:44:00,ABCL,5.210000038146973,5.210000038146973,5.224999904632568,5.210000038146973,5.218800067901611,3835.0
2024-03-01 11:44:00,ACAD,23.84000015258789,23.84000015258789,23.850000381469727,23.834999084472656,23.850000381469727,2078.0
2024-03-01 11:44:00,ACB,3.168800115585327,3.168800115585327,3.168800115585327,3.1500000953674316,3.1500000953674316,7257.0
2024-03-01 11:44:00,ACCD,10.270000457763672,10.270000457763672,10.270000457763672,10.270000457763672,10.270000457763672,442.0
2024-03-01 11:44:00,ACET,2.4000000953674316,2.4000000953674316,2.4049999713897705,2.4000000953674316,2.4049999713897705,3652.0
2024-03-01 11:44:00,ACHC,83.93000030517578,83.93000030517578,83.93000030517578,83.91000366210938,83.91000366210938,682.0
2024-03-01 11:44:00,ACHV,4.244999885559082,4.244999885559082,4.25,4.244999885559082,4.25,1144.0
2024-03-01 11:44:00,ACLX,67.58999633789062,67.58999633789062,67.58999633789062,67.5199966430664,67.5199966430664,6102.0
2024-03-01 11:44:00,ACRS,1.2200000286102295,1.2200000286102295,1.2200000286102295,1.2200000286102295,1.2200000286102295,220.0
2024-03-01 11:44:00,ADAP,1.600000023841858,1.600000023841858,1.600000023841858,1.590000033378601,1.600000023841858,10380.0
2024-03-01 11:44:00,ADIL,3.079900026321411,3.079900026321411,3.0799999237060547,3.059999942779541,3.059999942779541,20316.0
2024-03-01 11:44:00,ADMA,5.380000114440918,5.380000114440918,5.388000011444092,5.380000114440918,5.380000114440918,1029.0
2024-03-01 11:44:00,ADPT,4.195000171661377,4.195000171661377,4.199999809265137,4.195000171661377,4.199999809265137,500.0
2024-03-01 11:44:00,ADTX,3.490000009536743,3.490000009536743,3.490000009536743,3.4700000286102295,3.4700000286102295,2049.0
2024-03-01 11:44:00,ADVM,1.9800000190734863,1.9800000190734863,1.9800000190734863,1.9800000190734863,1.9800000190734863,645.0
2024-03-01 11:44:00,AFIB,0.20880000293254852,0.20880000293254852,0.20880000293254852,0.20880000293254852,0.20880000293254852,434.0
2024-03-01 11:44:00,AFMD,0.6209999918937683,0.6209999918937683,0.6209999918937683,0.6209999918937683,0.6209999918937683,200.0
2024-03-01 11:44:00,AGEN,0.6711999773979187,0.6711999773979187,0.6711999773979187,0.6711500287055969,0.6711999773979187,3144.0
2024-03-01 11:44:00,AGIO,32.94499969482422,32.94499969482422,32.959999084472656,32.94499969482422,32.95000076293945,629.0
2024-03-01 11:44:00,AHCO,10.725000381469727,10.725000381469727,10.739999771118164,10.725000381469727,10.739999771118164,2333.0
2024-03-01 11:44:00,AIRS,6.420000076293945,6.420000076293945,6.420000076293945,6.420000076293945,6.420000076293945,522.0
2024-03-01 11:44:00,AKAN,0.2460000067949295,0.2460000067949295,0.2460000067949295,0.2460000067949295,0.2460000067949295,1240.0
2024-03-01 11:44:00,AKBA,1.659999966621399,1.659999966621399,1.6698999404907227,1.659999966621399,1.6698999404907227,4190.0
2024-03-01 11:44:00,AKRO,29.184999465942383,29.184999465942383,29.219999313354492,29.15999984741211,29.15999984741211,3343.0
2024-03-01 11:44:00,ALDX,4.170000076293945,4.170000076293945,4.181099891662598,4.170000076293945,4.181099891662598,1648.0
2024-03-01 11:44:00,ALEC,7.5,7.5,7.5,7.489999771118164,7.5,1232.0
2024-03-01 11:44:00,ALGN,300.6000061035156,300.6000061035156,300.6000061035156,300.6000061035156,300.6000061035156,449.0
2024-03-01 11:44:00,ALHC,5.690000057220459,5.690000057220459,5.710000038146973,5.690000057220459,5.690000057220459,103174.0
2024-03-01 11:44:00,ALKS,30.200000762939453,30.200000762939453,30.219999313354492,30.200000762939453,30.219999313354492,3538.0
2024-03-01 11:44:00,ALLK,1.5950000286102295,1.5950000286102295,1.6100000143051147,1.5950000286102295,1.6100000143051147,5656.0
2024-03-01 11:44:00,ALLO,5.059999942779541,5.059999942779541,5.065000057220459,5.059999942779541,5.065000057220459,2107.0
2024-03-01 11:44:00,ALNY,154.22999572753906,154.22999572753906,154.22999572753906,154.1988067626953,154.1988067626953,286.0
2024-03-01 11:44:00,ALPN,35.88999938964844,35.88999938964844,35.97909927368164,35.88999938964844,35.94499969482422,2197.0
2024-03-01 11:44:00,ALT,12.199999809265137,12.199999809265137,12.239999771118164,12.199999809265137,12.229999542236328,5189.0
2024-03-01 11:44:00,ALVO,15.640000343322754,15.640000343322754,15.640000343322754,15.619999885559082,15.619999885559082,600.0
2024-03-01 11:44:00,AMED,93.33000183105469,93.33000183105469,93.37000274658203,93.22000122070312,93.25,14630.0
2024-03-01 11:44:00,AMGN,281.1600036621094,281.1600036621094,281.1650085449219,281.0840148925781,281.0840148925781,3305.0
2024-03-01 11:44:00,AMLX,18.75,18.75,18.767000198364258,18.7450008392334,18.75,4400.0
2024-03-01 11:44:00,AMPH,45.27330017089844,45.27330017089844,45.349998474121094,45.20009994506836,45.349998474121094,2918.0
2024-03-01 11:44:00,AMRN,1.059999942779541,1.059999942779541,1.059999942779541,1.0549999475479126,1.0549999475479126,815.0
2024-03-01 11:44:00,ANAB,25.469999313354492,25.469999313354492,25.469999313354492,25.469999313354492,25.469999313354492,101.0
2024-03-01 11:44:00,ANGO,5.554999828338623,5.554999828338623,5.554999828338623,5.554999828338623,5.554999828338623,108.0
2024-03-01 11:44:00,ANNX,6.010000228881836,6.010000228881836,6.010000228881836,5.980000019073486,5.980000019073486,30293.0
2024-03-01 11:44:00,APLS,65.58999633789062,65.58999633789062,65.72000122070312,65.58999633789062,65.69000244140625,6535.0
2024-03-01 11:44:00,APLT,7.099999904632568,7.099999904632568,7.110000133514404,7.099999904632568,7.099999904632568,300.0
2024-03-01 11:44:00,AQST,4.324999809265137,4.324999809265137,4.329999923706055,4.320000171661377,4.320000171661377,8680.0
2024-03-01 11:44:00,ARAY,2.634999990463257,2.634999990463257,2.634999990463257,2.634999990463257,2.634999990463257,124.0
2024-03-01 11:44:00,ARCT,39.31999969482422,39.31999969482422,39.375,39.31999969482422,39.375,813.0
2024-03-01 11:44:00,ARDX,9.5600004196167,9.5600004196167,9.579999923706055,9.5600004196167,9.569999694824219,17226.0
2024-03-01 11:44:00,ARQT,11.399999618530273,11.399999618530273,11.4399995803833,11.395000457763672,11.420000076293945,9683.0
2024-03-01 11:44:00,ARVN,48.61000061035156,48.61000061035156,48.650001525878906,48.54999923706055,48.54999923706055,505.0
2024-03-01 11:44:00,ARWR,35.880001068115234,35.880001068115234,35.93000030517578,35.880001068115234,35.91630172729492,2619.0
2024-03-01 11:44:00,ASND,149.94500732421875,149.94500732421875,149.94500732421875,149.94500732421875,149.94500732421875,123.0
2024-03-01 11:44:00,ASRT,0.9100000262260437,0.9100000262260437,0.9100000262260437,0.9100000262260437,0.9100000262260437,100.0
2024-03-01 11:44:00,ATAI,2.0299999713897705,2.0299999713897705,2.0399999618530273,2.0299999713897705,2.0399999618530273,14900.0
2024-03-01 11:44:00,ATEC,13.600000381469727,13.600000381469727,13.600000381469727,13.600000381469727,13.600000381469727,1263.0
2024-03-01 11:44:00,ATRA,0.7998999953269958,0.7998999953269958,0.8041999936103821,0.7998999953269958,0.8019999861717224,6819.0
2024-03-01 11:44:00,ATRC,36.064998626708984,36.064998626708984,36.099998474121094,36.05500030517578,36.099998474121094,2473.0
2024-03-01 11:44:00,ATXS,15.119999885559082,15.119999885559082,15.15999984741211,15.109999656677246,15.109999656677246,4607.0
2024-03-01 11:44:00,AUGX,4.559999942779541,4.559999942779541,4.579999923706055,4.559999942779541,4.579999923706055,472.0
2024-03-01 11:44:00,AUPH,5.815000057220459,5.815000057220459,5.820000171661377,5.815000057220459,5.820000171661377,707.0
2024-03-01 11:44:00,AUTL,6.25,6.25,6.260000228881836,6.25,6.260000228881836,1209.0
2024-03-01 11:44:00,AVDL,12.680000305175781,12.680000305175781,12.710000038146973,12.680000305175781,12.710000038146973,2957.0
2024-03-01 11:44:00,AVIR,4.465000152587891,4.465000152587891,4.465000152587891,4.460000038146973,4.460000038146973,1179.0
2024-03-01 11:44:00,AVTX,4.5,4.5,4.5,4.5,4.5,344.0
2024-03-01 11:44:00,AVXL,5.380000114440918,5.380000114440918,5.389900207519531,5.380000114440918,5.389900207519531,1529.0
2024-03-01 11:44:00,AXGN,10.489999771118164,10.489999771118164,10.490500450134277,10.489999771118164,10.490500450134277,1840.0
2024-03-01 11:44:00,AXSM,82.91429901123047,82.91429901123047,82.91429901123047,82.91429901123047,82.91429901123047,1448.0
2024-03-01 11:44:00,AZN,64.54499816894531,64.54499816894531,64.55000305175781,64.54000091552734,64.55000305175781,11574.0
2024-03-01 11:44:00,AZTA,66.2300033569336,66.2300033569336,66.31999969482422,66.2300033569336,66.31880187988281,3959.0
2024-03-01 11:44:00,BBIO,35.880001068115234,35.880001068115234,35.880001068115234,35.880001068115234,35.880001068115234,321.0
2024-03-01 11:44:00,BBLG,2.4000000953674316,2.4000000953674316,2.4000000953674316,2.3499999046325684,2.3499999046325684,1280.0
2024-03-01 11:44:00,BCAB,2.7850000858306885,2.7850000858306885,2.7850000858306885,2.7850000858306885,2.7850000858306885,100.0
2024-03-01 11:44:00,BCEL,0.2685000002384186,0.2685000002384186,0.2685999870300293,0.2685000002384186,0.2685000002384186,2300.0
2024-03-01 11:44:00,BCRX,5.809999942779541,5.809999942779541,5.815000057220459,5.804999828338623,5.804999828338623,7453.0
2024-03-01 11:44:00,BDTX,5.039999961853027,5.039999961853027,5.039999961853027,5.034999847412109,5.039999961853027,2597.0
2024-03-01 11:44:00,BEAM,40.15999984741211,40.15999984741211,40.19499969482422,40.15999984741211,40.19499969482422,1505.0
2024-03-01 11:44:00,BGNE,167.08999633789062,167.08999633789062,167.08999633789062,166.88499450683594,166.88499450683594,1942.0
2024-03-01 11:44:00,BGXX,0.27250000834465027,0.27250000834465027,0.27250000834465027,0.27250000834465027,0.27250000834465027,970.0
2024-03-01 11:44:00,BIIB,219.9250030517578,219.9250030517578,220.19000244140625,219.9250030517578,220.19000244140625,1082.0
2024-03-01 11:44:00,BIOR,1.2272000312805176,1.2272000312805176,1.2272000312805176,1.2272000312805176,1.2272000312805176,607.0
2024-03-01 11:44:00,BIVI,2.200000047683716,2.200000047683716,2.240000009536743,2.180000066757202,2.240000009536743,80691.0
2024-03-01 11:44:00,BLFS,18.239999771118164,18.239999771118164,18.27899932861328,18.239999771118164,18.25,1265.0
2024-03-01 11:44:00,BLUE,1.5850000381469727,1.5850000381469727,1.590000033378601,1.5850000381469727,1.587499976158142,5721.0
2024-03-01 11:44:00,BMEA,17.90999984741211,17.90999984741211,17.93000030517578,17.8799991607666,17.93000030517578,2465.0
2024-03-01 11:44:00,BMRN,86.94000244140625,86.94000244140625,86.98999786376953,86.93499755859375,86.97000122070312,3175.0
2024-03-01 11:44:00,BNGO,1.2599999904632568,1.2599999904632568,1.2599999904632568,1.2532000541687012,1.2532000541687012,746.0
2024-03-01 11:44:00,BNR,0.8367000222206116,0.8367000222206116,0.8529999852180481,0.8367000222206116,0.8448500037193298,4472.0
2024-03-01 11:44:00,BNTX,92.10009765625,92.10009765625,92.2300033569336,92.10009765625,92.20999908447266,5606.0
2024-03-01 11:44:00,BPMC,97.25,97.25,97.27999877929688,97.25,97.27999877929688,250.0
2024-03-01 11:44:00,BRKR,87.94000244140625,87.94000244140625,87.94000244140625,87.86499786376953,87.86499786376953,1557.0
2024-03-01 11:44:00,BRTX,1.499899983406067,1.499899983406067,1.499899983406067,1.4850000143051147,1.4850000143051147,4500.0
2024-03-01 11:44:00,BSGM,0.6237999796867371,0.6237999796867371,0.6237999796867371,0.6237999796867371,0.6237999796867371,1008.0
2024-03-01 11:44:00,BTAI,3.244999885559082,3.244999885559082,3.244999885559082,3.244999885559082,3.244999885559082,500.0
2024-03-01 11:44:00,CABA,23.985000610351562,23.985000610351562,24.020000457763672,23.985000610351562,24.0,2008.0
2024-03-01 11:44:00,CAPR,4.570000171661377,4.570000171661377,4.570000171661377,4.570000171661377,4.570000171661377,364.0
2024-03-01 11:44:00,CARA,0.9006999731063843,0.9006999731063843,0.9006999731063843,0.9006999731063843,0.9006999731063843,102.0
2024-03-01 11:44:00,CBAY,32.25,32.25,32.25,32.244998931884766,32.244998931884766,1049.0
2024-03-01 11:44:00,CCCC,10.960000038146973,10.960000038146973,10.989999771118164,10.960000038146973,10.989999771118164,5129.0
2024-03-01 11:44:00,CCRN,18.170000076293945,18.170000076293945,18.170000076293945,18.170000076293945,18.170000076293945,468.0
2024-03-01 11:44:00,CDNA,12.520000457763672,12.520000457763672,12.569999694824219,12.5,12.5600004196167,3327.0
2024-03-01 11:44:00,CDXC,1.6399999856948853,1.6399999856948853,1.6399999856948853,1.6399999856948853,1.6399999856948853,326.0
2024-03-01 11:44:00,CDXS,4.465000152587891,4.465000152587891,4.465000152587891,4.465000152587891,4.465000152587891,401.0
2024-03-01 11:44:00,CERE,41.1150016784668,41.1150016784668,41.1150016784668,41.11000061035156,41.11000061035156,1315.0
2024-03-01 11:44:00,CERS,2.2100000381469727,2.2100000381469727,2.2149999141693115,2.2100000381469727,2.2149999141693115,2641.0
2024-03-01 11:44:00,CGC,3.2750000953674316,3.2750000953674316,3.2799999713897705,3.2750000953674316,3.2799999713897705,8567.0
2024-03-01 11:44:00,CGEM,18.93000030517578,18.93000030517578,18.940000534057617,18.8799991607666,18.93000030517578,1298.0
2024-03-01 11:44:00,CGEN,2.690000057220459,2.690000057220459,2.690000057220459,2.684999942779541,2.690000057220459,5215.0
2024-03-01 11:44:00,CGTX,2.049999952316284,2.049999952316284,2.049999952316284,2.049999952316284,2.049999952316284,200.0
2024-03-01 11:44:00,CHRS,2.3299999237060547,2.3299999237060547,2.3299999237060547,2.3299999237060547,2.3299999237060547,3413.0
2024-03-01 11:44:00,CING,1.3700000047683716,1.3700000047683716,1.3700000047683716,1.350000023841858,1.350000023841858,1398.0
2024-03-01 11:44:00,CLDX,52.63999938964844,52.63999938964844,52.63999938964844,52.630001068115234,52.630001068115234,1217.0
2024-03-01 11:44:00,CLNN,0.39500001072883606,0.39500001072883606,0.39500001072883606,0.39489999413490295,0.39500001072883606,39774.0
2024-03-01 11:44:00,CLOV,0.8679999709129333,0.8679999709129333,0.8680999875068665,0.8679999709129333,0.8679999709129333,28701.0
2024-03-01 11:44:00,CLRB,4.116300106048584,4.116300106048584,4.116300106048584,4.112400054931641,4.112400054931641,2133.0
2024-03-01 11:44:00,CMPS,11.319999694824219,11.319999694824219,11.359999656677246,11.319999694824219,11.359999656677246,1125.0
2024-03-01 11:44:00,CMRX,1.149899959564209,1.149899959564209,1.149899959564209,1.149899959564209,1.149899959564209,154.0
2024-03-01 11:44:00,COGT,7.230000019073486,7.230000019073486,7.230000019073486,7.210000038146973,7.21999979019165,2930.0
2024-03-01 11:44:00,COLL,36.966800689697266,36.966800689697266,37.0098991394043,36.966800689697266,37.0098991394043,1321.0
2024-03-01 11:44:00,CORT,23.854999542236328,23.854999542236328,23.8700008392334,23.850000381469727,23.850000381469727,2504.0
2024-03-01 11:44:00,CPRX,17.0,17.0,17.014999389648438,17.0,17.008800506591797,5282.0
2024-03-01 11:44:00,CRBP,31.604999542236328,31.604999542236328,31.604999542236328,31.604999542236328,31.604999542236328,656.0
2024-03-01 11:44:00,CRBU,8.010000228881836,8.010000228881836,8.029999732971191,8.010000228881836,8.029999732971191,1959.0
2024-03-01 11:44:00,CRDF,2.4702000617980957,2.4702000617980957,2.4800000190734863,2.4600000381469727,2.460099935531616,8599.0
2024-03-01 11:44:00,CRDL,1.9600000381469727,1.9600000381469727,1.9701000452041626,1.9500000476837158,1.9700000286102295,2332.0
2024-03-01 11:44:00,CRMD,3.7100000381469727,3.7100000381469727,3.7100000381469727,3.7100000381469727,3.7100000381469727,167.0
2024-03-01 11:44:00,CRNX,46.029998779296875,46.029998779296875,46.060001373291016,46.0099983215332,46.029998779296875,1413.0
2024-03-01 11:44:00,CRON,2.0450000762939453,2.0450000762939453,2.065000057220459,2.0450000762939453,2.065000057220459,49739.0
2024-03-01 11:44:00,CRSP,85.75,85.75,85.94000244140625,85.70999908447266,85.94000244140625,2385.0
2024-03-01 11:44:00,CTKB,8.460000038146973,8.460000038146973,8.460000038146973,8.444999694824219,8.449999809265137,3783.0
2024-03-01 11:44:00,CTMX,2.5899999141693115,2.5899999141693115,2.5899999141693115,2.5899999141693115,2.5899999141693115,200.0
2024-03-01 11:44:00,CTXR,0.7750999927520752,0.7750999927520752,0.7750999927520752,0.7750999927520752,0.7750999927520752,299.0
2024-03-01 11:44:00,CUE,2.1600000858306885,2.1600000858306885,2.1600000858306885,2.1600000858306885,2.1600000858306885,466.0
2024-03-01 11:44:00,CUTR,2.3949999809265137,2.3949999809265137,2.3949999809265137,2.390000104904175,2.3949999809265137,4362.0
2024-03-01 11:44:00,CYTK,73.91000366210938,73.91000366210938,74.0,73.91000366210938,73.94000244140625,4553.0
2024-03-01 11:44:00,CYTO,2.140000104904175,2.140000104904175,2.140000104904175,2.100100040435791,2.100100040435791,706.0
2024-03-01 11:44:00,DAWN,17.459999084472656,17.459999084472656,17.530000686645508,17.459999084472656,17.530000686645508,1881.0
2024-03-01 11:44:00,DCGO,4.110000133514404,4.110000133514404,4.114999771118164,4.110000133514404,4.110000133514404,1603.0
2024-03-01 11:44:00,DCPH,17.20050048828125,17.20050048828125,17.249900817871094,17.18000030517578,17.2273006439209,20503.0
2024-03-01 11:44:00,DERM,4.100100040435791,4.100100040435791,4.100100040435791,4.100100040435791,4.100100040435791,200.0
2024-03-01 11:44:00,DH,9.0,9.0,9.020000457763672,9.0,9.020000457763672,4018.0
2024-03-01 11:44:00,DMTK,0.8299999833106995,0.8299999833106995,0.839900016784668,0.8299999833106995,0.839900016784668,46045.0
2024-03-01 11:44:00,DNLI,20.739999771118164,20.739999771118164,20.790000915527344,20.739999771118164,20.790000915527344,1716.0
2024-03-01 11:44:00,DTIL,12.364999771118164,12.364999771118164,12.364999771118164,12.329999923706055,12.329999923706055,354.0
2024-03-01 11:44:00,DVAX,12.859999656677246,12.859999656677246,12.859999656677246,12.845000267028809,12.859999656677246,4783.0
2024-03-01 11:44:00,DXCM,119.56999969482422,119.56999969482422,119.56999969482422,119.36000061035156,119.36000061035156,10033.0
2024-03-01 11:44:00,DYN,29.395000457763672,29.395000457763672,29.510000228881836,29.395000457763672,29.510000228881836,2522.0
2024-03-01 11:44:00,EDIT,10.929900169372559,10.929900169372559,10.944999694824219,10.920000076293945,10.920000076293945,8870.0
2024-03-01 11:44:00,EGRX,6.710000038146973,6.710000038146973,6.710000038146973,6.710000038146973,6.710000038146973,120.0
2024-03-01 11:44:00,ELEV,5.0,5.0,5.0,4.999800205230713,5.0,1160.0
2024-03-01 11:44:00,EMBC,14.350000381469727,14.350000381469727,14.380000114440918,14.335000038146973,14.359999656677246,2586.0
2024-03-01 11:44:00,ENSC,0.9399999976158142,0.9399999976158142,0.9399999976158142,0.9399999976158142,0.9399999976158142,200.0
2024-03-01 11:44:00,ENSG,123.41000366210938,123.41000366210938,123.43499755859375,123.36000061035156,123.43499755859375,1063.0
2024-03-01 11:44:00,ENTA,15.229999542236328,15.229999542236328,15.229999542236328,15.229999542236328,15.229999542236328,164.0
2024-03-01 11:44:00,ENVB,1.590000033378601,1.590000033378601,1.590000033378601,1.5800000429153442,1.5800000429153442,3628.0
2024-03-01 11:44:00,EPIX,9.630000114440918,9.630000114440918,9.630000114440918,9.630000114440918,9.630000114440918,2519.0
2024-03-01 11:44:00,ESPR,2.5299999713897705,2.5299999713897705,2.5350000858306885,2.5299999713897705,2.5350000858306885,1234.0
2024-03-01 11:44:00,ESTA,45.75,45.75,45.75,45.68000030517578,45.68000030517578,305.0
2024-03-01 11:44:00,ETNB,13.0,13.0,13.0,13.0,13.0,304.0
2024-03-01 11:44:00,EWTX,17.010000228881836,17.010000228881836,17.040000915527344,17.010000228881836,17.014999389648438,2682.0
2024-03-01 11:44:00,EXAI,6.820000171661377,6.820000171661377,6.820000171661377,6.815000057220459,6.815000057220459,3113.0
2024-03-01 11:44:00,EXAS,59.720001220703125,59.720001220703125,59.79999923706055,59.709999084472656,59.744998931884766,4421.0
2024-03-01 11:44:00,EXEL,22.540000915527344,22.540000915527344,22.549999237060547,22.540000915527344,22.549999237060547,5168.0
2024-03-01 11:44:00,EYEN,2.2899999618530273,2.2899999618530273,2.2899999618530273,2.2701001167297363,2.2701001167297363,10862.0
2024-03-01 11:44:00,EYPT,28.239999771118164,28.239999771118164,28.2544002532959,28.239999771118164,28.2450008392334,901.0
2024-03-01 11:44:00,FATE,7.429999828338623,7.429999828338623,7.454999923706055,7.429999828338623,7.454999923706055,4079.0
2024-03-01 11:44:00,FDMT,29.354999542236328,29.354999542236328,29.354999542236328,29.354999542236328,29.354999542236328,641.0
2024-03-01 11:44:00,FEMY,1.7200000286102295,1.7200000286102295,1.7200000286102295,1.7200000286102295,1.7200000286102295,15721.0
2024-03-01 11:44:00,FGEN,1.7999999523162842,1.7999999523162842,1.7999999523162842,1.7949999570846558,1.7949999570846558,1219.0
2024-03-01 11:44:00,FNCH,2.890000104904175,2.890000104904175,2.890000104904175,2.890000104904175,2.890000104904175,100.0
2024-03-01 11:44:00,FOLD,13.329999923706055,13.329999923706055,13.354999542236328,13.329999923706055,13.354999542236328,2821.0
2024-03-01 11:44:00,FULC,10.949999809265137,10.949999809265137,10.949999809265137,10.949999809265137,10.949999809265137,258.0
2024-03-01 11:44:00,FUSN,12.399999618530273,12.399999618530273,12.430000305175781,12.395000457763672,12.420000076293945,966.0
2024-03-01 11:44:00,GBIO,2.619999885559082,2.619999885559082,2.619999885559082,2.619999885559082,2.619999885559082,100.0
2024-03-01 11:44:00,GDRX,8.289299964904785,8.289299964904785,8.289299964904785,8.274999618530273,8.28600025177002,5633.0
2024-03-01 11:44:00,GERN,2.174999952316284,2.174999952316284,2.180000066757202,2.1700000762939453,2.1796998977661133,9445.0
2024-03-01 11:44:00,GH,19.25,19.25,19.274999618530273,19.25,19.274999618530273,1422.0
2024-03-01 11:44:00,GILD,72.42500305175781,72.42500305175781,72.43000030517578,72.41519927978516,72.41519927978516,3600.0
2024-03-01 11:44:00,GLYC,3.0035998821258545,3.0035998821258545,3.005000114440918,3.0,3.005000114440918,1375.0
2024-03-01 11:44:00,GMAB,29.3700008392334,29.3700008392334,29.3799991607666,29.3700008392334,29.3799991607666,1461.0
2024-03-01 11:44:00,GMDA,0.38260000944137573,0.38260000944137573,0.3837999999523163,0.38260000944137573,0.3837999999523163,3507.0
2024-03-01 11:44:00,GNPX,4.549900054931641,4.549900054931641,4.549900054931641,4.549900054931641,4.549900054931641,122.0
2024-03-01 11:44:00,GOSS,1.340000033378601,1.340000033378601,1.3450000286102295,1.340000033378601,1.3450000286102295,200.0
2024-03-01 11:44:00,GRFS,7.091899871826172,7.091899871826172,7.091899871826172,7.091899871826172,7.091899871826172,1000.0
2024-03-01 11:44:00,GRPH,3.5,3.5,3.5,3.5,3.5,100.0
2024-03-01 11:44:00,GRTS,2.190000057220459,2.190000057220459,2.200000047683716,2.190000057220459,2.200000047683716,2806.0
2024-03-01 11:44:00,GTH,3.9149999618530273,3.9149999618530273,3.9149999618530273,3.9100000858306885,3.9100000858306885,3194.0
2024-03-01 11:44:00,GTHX,3.640000104904175,3.640000104904175,3.6549999713897705,3.640000104904175,3.6500000953674316,6617.0
2024-03-01 11:44:00,HALO,41.09000015258789,41.09000015258789,41.1349983215332,41.09000015258789,41.1349983215332,864.0
2024-03-01 11:44:00,HARP,22.9325008392334,22.9325008392334,22.9325008392334,22.9325008392334,22.9325008392334,105.0
2024-03-01 11:44:00,HCAT,7.894999980926514,7.894999980926514,7.909999847412109,7.894999980926514,7.909999847412109,1953.0
2024-03-01 11:44:00,HCSG,12.600000381469727,12.600000381469727,12.600000381469727,12.600000381469727,12.600000381469727,104.0
2024-03-01 11:44:00,HCTI,2.589900016784668,2.589900016784668,2.5899999141693115,2.589900016784668,2.5899999141693115,1361.0
2024-03-01 11:44:00,HITI,1.7599999904632568,1.7599999904632568,1.7599999904632568,1.7599999904632568,1.7599999904632568,653.0
2024-03-01 11:44:00,HLTH,0.27709999680519104,0.27709999680519104,0.27709999680519104,0.27709999680519104,0.27709999680519104,140.0
2024-03-01 11:44:00,HOLX,73.7699966430664,73.7699966430664,73.7699966430664,73.73999786376953,73.75,1447.0
2024-03-01 11:44:00,HOOK,0.7994999885559082,0.7994999885559082,0.7994999885559082,0.7994999885559082,0.7994999885559082,312.0
2024-03-01 11:44:00,HOWL,6.929999828338623,6.929999828338623,6.929999828338623,6.929999828338623,6.929999828338623,338.0
2024-03-01 11:44:00,HPCO,0.2549999952316284,0.2549999952316284,0.2549999952316284,0.2549999952316284,0.2549999952316284,221.0
2024-03-01 11:44:00,HRMY,31.360000610351562,31.360000610351562,31.360000610351562,31.360000610351562,31.360000610351562,477.0
2024-03-01 11:44:00,HRTX,2.640000104904175,2.640000104904175,2.640000104904175,2.640000104904175,2.640000104904175,100.0
2024-03-01 11:44:00,HSCS,0.11729999631643295,0.11729999631643295,0.11729999631643295,0.11729999631643295,0.11729999631643295,188.0
2024-03-01 11:44:00,HSIC,77.08000183105469,77.08000183105469,77.0999984741211,77.08000183105469,77.08499908447266,1022.0
2024-03-01 11:44:00,HSTM,27.43000030517578,27.43000030517578,27.43000030517578,27.43000030517578,27.43000030517578,234.0
2024-03-01 11:44:00,HUMA,3.508699893951416,3.508699893951416,3.509999990463257,3.4400999546051025,3.4433999061584473,106168.0
2024-03-01 11:44:00,IART,36.459999084472656,36.459999084472656,36.459999084472656,36.45000076293945,36.45000076293945,1184.0
2024-03-01 11:44:00,IBRX,4.894999980926514,4.894999980926514,4.909999847412109,4.889999866485596,4.90500020980835,3701.0
2024-03-01 11:44:00,IDXX,580.8300170898438,580.8300170898438,580.8300170898438,580.5499877929688,580.5499877929688,429.0
2024-03-01 11:44:00,IDYA,46.04499816894531,46.04499816894531,46.099998474121094,46.04499816894531,46.099998474121094,1234.0
2024-03-01 11:44:00,IGMS,13.390000343322754,13.390000343322754,13.390000343322754,13.390000343322754,13.390000343322754,204.0
2024-03-01 11:44:00,IKNA,1.4700000286102295,1.4700000286102295,1.485700011253357,1.4700000286102295,1.485700011253357,4720.0
2024-03-01 11:44:00,ILMN,141.97000122070312,141.97000122070312,141.97000122070312,141.7449951171875,141.7449951171875,2891.0
2024-03-01 11:44:00,IMCR,68.06999969482422,68.06999969482422,68.19999694824219,68.05999755859375,68.19999694824219,18125.0
2024-03-01 11:44:00,IMMX,3.5299999713897705,3.5299999713897705,3.5299999713897705,3.5199999809265137,3.5199999809265137,203.0
2024-03-01 11:44:00,IMNM,25.5,25.5,25.5,25.5,25.5,254.0
2024-03-01 11:44:00,IMTX,13.045000076293945,13.045000076293945,13.045000076293945,13.045000076293945,13.045000076293945,200.0
2024-03-01 11:44:00,IMUX,1.4700000286102295,1.4700000286102295,1.4700000286102295,1.4700000286102295,1.4700000286102295,1511.0
2024-03-01 11:44:00,IMVT,36.33000183105469,36.33000183105469,36.34000015258789,36.29999923706055,36.29999923706055,1733.0
2024-03-01 11:44:00,INBX,36.83000183105469,36.83000183105469,36.849998474121094,36.83000183105469,36.849998474121094,2087.0
2024-03-01 11:44:00,INCY,59.04999923706055,59.04999923706055,59.09000015258789,59.04999923706055,59.08000183105469,1355.0
2024-03-01 11:44:00,INGN,6.900000095367432,6.900000095367432,6.900000095367432,6.900000095367432,6.900000095367432,464.0
2024-03-01 11:44:00,INMD,22.7450008392334,22.7450008392334,22.75,22.735000610351562,22.735000610351562,1308.0
2024-03-01 11:44:00,INO,9.279999732971191,9.279999732971191,9.3100004196167,9.279999732971191,9.3100004196167,816.0
2024-03-01 11:44:00,INSM,28.1299991607666,28.1299991607666,28.190000534057617,28.1299991607666,28.15999984741211,4344.0
2024-03-01 11:44:00,INVA,15.654999732971191,15.654999732971191,15.65999984741211,15.654999732971191,15.65999984741211,2171.0
2024-03-01 11:44:00,INZY,6.519999980926514,6.519999980926514,6.519999980926514,6.519999980926514,6.519999980926514,217.0
2024-03-01 11:44:00,IONS,45.91999816894531,45.91999816894531,45.91999816894531,45.91999816894531,45.91999816894531,306.0
2024-03-01 11:44:00,IOVA,16.760000228881836,16.760000228881836,16.829999923706055,16.7450008392334,16.81999969482422,32788.0
2024-03-01 11:44:00,IPSC,3.7899999618530273,3.7899999618530273,3.7899999618530273,3.7899999618530273,3.7899999618530273,100.0
2024-03-01 11:44:00,IRWD,9.0600004196167,9.0600004196167,9.0600004196167,9.055000305175781,9.055000305175781,4126.0
2024-03-01 11:44:00,ISRG,392.94000244140625,392.94000244140625,392.94000244140625,392.67999267578125,392.79998779296875,2826.0
2024-03-01 11:44:00,ITCI,71.4000015258789,71.4000015258789,71.4000015258789,71.36000061035156,71.37000274658203,1441.0
2024-03-01 11:44:00,IVA,3.819999933242798,3.819999933242798,3.819999933242798,3.819999933242798,3.819999933242798,1079.0
2024-03-01 11:44:00,IVVD,4.010000228881836,4.010000228881836,4.010000228881836,4.010000228881836,4.010000228881836,419.0
2024-03-01 11:44:00,JAGX,0.07589899748563766,0.07589899748563766,0.07660000026226044,0.0754999965429306,0.0763000026345253,261396.0
2024-03-01 11:44:00,JANX,46.894901275634766,46.894901275634766,46.894901275634766,46.894901275634766,46.894901275634766,812.0
2024-03-01 11:44:00,JAZZ,119.49500274658203,119.49500274658203,119.49500274658203,119.49500274658203,119.49500274658203,127.0
2024-03-01 11:44:00,JYNT,9.975000381469727,9.975000381469727,10.010000228881836,9.975000381469727,10.010000228881836,605.0
2024-03-01 11:44:00,KNSA,21.850000381469727,21.850000381469727,21.860000610351562,21.84000015258789,21.850000381469727,1564.0
2024-03-01 11:44:00,KOD,6.130000114440918,6.130000114440918,6.139999866485596,6.130000114440918,6.139999866485596,372.0
2024-03-01 11:44:00,KPRX,0.6610490083694458,0.6610490083694458,0.6610490083694458,0.6610490083694458,0.6610490083694458,693.0
2024-03-01 11:44:00,KPTI,1.225000023841858,1.225000023841858,1.225000023841858,1.225000023841858,1.225000023841858,850.0
2024-03-01 11:44:00,KROS,69.79000091552734,69.79000091552734,70.2699966430664,69.79000091552734,70.2699966430664,5768.0
2024-03-01 11:44:00,KRTX,316.4649963378906,316.4649963378906,316.4649963378906,316.4649963378906,316.4649963378906,938.0
2024-03-01 11:44:00,KRYS,167.36000061035156,167.36000061035156,167.47000122070312,167.1199951171875,167.39999389648438,2004.0
2024-03-01 11:44:00,KTRA,0.09849999845027924,0.09849999845027924,0.09870000183582306,0.09849999845027924,0.09870000183582306,29667.0
2024-03-01 11:44:00,KURA,21.34000015258789,21.34000015258789,21.360000610351562,21.34000015258789,21.350000381469727,1863.0
2024-03-01 11:44:00,KYMR,43.92499923706055,43.92499923706055,43.92499923706055,43.92499923706055,43.92499923706055,384.0
2024-03-01 11:44:00,KZIA,0.23330000042915344,0.23330000042915344,0.23330000042915344,0.23330000042915344,0.23330000042915344,401.0
2024-03-01 11:44:00,KZR,1.070199966430664,1.070199966430664,1.0800000429153442,1.070199966430664,1.0800000429153442,5826.0
2024-03-01 11:44:00,LAB,2.450000047683716,2.450000047683716,2.450000047683716,2.440000057220459,2.450000047683716,3699.0
2024-03-01 11:44:00,LBPH,21.649999618530273,21.649999618530273,21.649999618530273,21.649999618530273,21.649999618530273,100.0
2024-03-01 11:44:00,LEGN,65.94000244140625,65.94000244140625,66.0,65.94000244140625,65.96499633789062,846.0
2024-03-01 11:44:00,LEXX,2.649899959564209,2.649899959564209,2.649899959564209,2.619999885559082,2.640000104904175,2600.0
2024-03-01 11:44:00,LFST,7.989999771118164,7.989999771118164,7.989999771118164,7.989999771118164,7.989999771118164,131.0
2024-03-01 11:44:00,LIVN,55.20000076293945,55.20000076293945,55.20000076293945,55.20000076293945,55.20000076293945,207.0
2024-03-01 11:44:00,LMAT,67.30000305175781,67.30000305175781,67.3499984741211,67.30000305175781,67.3499984741211,598.0
2024-03-01 11:44:00,LNTH,65.33999633789062,65.33999633789062,65.33999633789062,65.33999633789062,65.33999633789062,216.0
2024-03-01 11:44:00,LTRN,4.6875,4.6875,4.6875,4.6875,4.6875,293.0
2024-03-01 11:44:00,LUNG,9.239999771118164,9.239999771118164,9.25,9.239999771118164,9.239999771118164,1652.0
2024-03-01 11:44:00,LVTX,3.0899999141693115,3.0899999141693115,3.0899999141693115,3.0899999141693115,3.0899999141693115,241.0
2024-03-01 11:44:00,LXRX,2.4200000762939453,2.4200000762939453,2.4210000038146973,2.4200000762939453,2.4210000038146973,451.0
2024-03-01 11:44:00,LYEL,3.174999952316284,3.174999952316284,3.180000066757202,3.1700000762939453,3.1700000762939453,3327.0
2024-03-01 11:44:00,LYRA,5.579999923706055,5.579999923706055,5.659999847412109,5.564000129699707,5.619999885559082,6274.0
2024-03-01 11:44:00,MASI,126.94999694824219,126.94999694824219,126.94999694824219,126.94999694824219,126.94999694824219,167.0
2024-03-01 11:44:00,MCRB,1.2050000429153442,1.2050000429153442,1.2050000429153442,1.2050000429153442,1.2050000429153442,530.0
2024-03-01 11:44:00,MDRX,6.099999904632568,6.099999904632568,6.099999904632568,6.0,6.0,30462.0
2024-03-01 11:44:00,MDXG,8.5600004196167,8.5600004196167,8.5649995803833,8.5600004196167,8.5649995803833,2041.0
2024-03-01 11:44:00,MDXH,3.7300000190734863,3.7300000190734863,3.7876999378204346,3.7300000190734863,3.7876999378204346,19825.0
2024-03-01 11:44:00,ME,0.5745999813079834,0.5745999813079834,0.5745999813079834,0.5670999884605408,0.5670999884605408,66283.0
2024-03-01 11:44:00,MGNX,18.959999084472656,18.959999084472656,19.029300689697266,18.959999084472656,19.020000457763672,6343.0
2024-03-01 11:44:00,MIRM,30.09000015258789,30.09000015258789,30.09000015258789,30.09000015258789,30.09000015258789,368.0
2024-03-01 11:44:00,MIST,1.690000057220459,1.690000057220459,1.690000057220459,1.690000057220459,1.690000057220459,111.0
2024-03-01 11:44:00,MLTX,51.70000076293945,51.70000076293945,51.939998626708984,51.70000076293945,51.939998626708984,4480.0
2024-03-01 11:44:00,MNKD,4.688899993896484,4.688899993896484,4.690000057220459,4.684999942779541,4.6890997886657715,3211.0
2024-03-01 11:44:00,MNMD,6.039999961853027,6.039999961853027,6.039999961853027,6.03000020980835,6.039899826049805,3738.0
2024-03-01 11:44:00,MNOV,1.3698999881744385,1.3698999881744385,1.3700000047683716,1.3698999881744385,1.3700000047683716,967.0
2024-03-01 11:44:00,MNPR,0.8100000023841858,0.8100000023841858,0.8100000023841858,0.8100000023841858,0.8100000023841858,244.0
2024-03-01 11:44:00,MODD,1.9199999570846558,1.9199999570846558,1.9199999570846558,1.9199999570846558,1.9199999570846558,554.0
2024-03-01 11:44:00,MODV,27.610000610351562,27.610000610351562,27.670000076293945,27.5049991607666,27.607200622558594,5625.0
2024-03-01 11:44:00,MORF,38.599998474121094,38.599998474121094,38.72999954223633,38.599998474121094,38.72999954223633,396.0
2024-03-01 11:44:00,MOTS,0.6726999878883362,0.6726999878883362,0.6762999892234802,0.6725000143051147,0.6762999892234802,2530.0
2024-03-01 11:44:00,MREO,3.8350000381469727,3.8350000381469727,3.8350000381469727,3.8350000381469727,3.8350000381469727,838.0
2024-03-01 11:44:00,MRNA,96.2300033569336,96.2300033569336,96.42970275878906,96.22000122070312,96.39569854736328,7399.0
2024-03-01 11:44:00,MRNS,9.899999618530273,9.899999618530273,9.899999618530273,9.899999618530273,9.899999618530273,130.0
2024-03-01 11:44:00,MRSN,6.025000095367432,6.025000095367432,6.027500152587891,6.019999980926514,6.019999980926514,2018.0
2024-03-01 11:44:00,MRUS,51.2400016784668,51.2400016784668,51.25,51.20000076293945,51.220001220703125,4351.0
2024-03-01 11:44:00,MRVI,7.820000171661377,7.820000171661377,7.824999809265137,7.809999942779541,7.815000057220459,2228.0
2024-03-01 11:44:00,MTEM,3.8399999141693115,3.8399999141693115,3.8399999141693115,3.8399999141693115,3.8399999141693115,252.0
2024-03-01 11:44:00,MXCT,4.735000133514404,4.735000133514404,4.735000133514404,4.735000133514404,4.735000133514404,510.0
2024-03-01 11:44:00,MYGN,21.479999542236328,21.479999542236328,21.59000015258789,21.479999542236328,21.559999465942383,1998.0
2024-03-01 11:44:00,NARI,46.279998779296875,46.279998779296875,46.31999969482422,46.224998474121094,46.224998474121094,21299.0
2024-03-01 11:44:00,NAUT,2.6600000858306885,2.6600000858306885,2.6600000858306885,2.6600000858306885,2.6600000858306885,126.0
2024-03-01 11:44:00,NBIX,130.6649932861328,130.6649932861328,130.6649932861328,130.5,130.5,1819.0
2024-03-01 11:44:00,NEO,16.059999465942383,16.059999465942383,16.059999465942383,16.059999465942383,16.059999465942383,492.0
2024-03-01 11:44:00,NEOG,17.260000228881836,17.260000228881836,17.280000686645508,17.209999084472656,17.209999084472656,6934.0
2024-03-01 11:44:00,NEPT,0.44999998807907104,0.44999998807907104,0.44999998807907104,0.44999998807907104,0.44999998807907104,1259.0
2024-03-01 11:44:00,NGM,1.5299999713897705,1.5299999713897705,1.5305999517440796,1.5299999713897705,1.5305999517440796,1493.0
2024-03-01 11:44:00,NKTR,0.779699981212616,0.779699981212616,0.779699981212616,0.7754499912261963,0.7754499912261963,534.0
2024-03-01 11:44:00,NKTX,12.779999732971191,12.779999732971191,12.79990005493164,12.779999732971191,12.789999961853027,2395.0
2024-03-01 11:44:00,NLSP,0.38999998569488525,0.38999998569488525,0.38999998569488525,0.38999998569488525,0.38999998569488525,6574.0
2024-03-01 11:44:00,NNOX,11.07800006866455,11.07800006866455,11.109999656677246,11.07800006866455,11.079999923706055,6225.0
2024-03-01 11:44:00,NOTV,8.15999984741211,8.15999984741211,8.220000267028809,8.141400337219238,8.199999809265137,1999.0
2024-03-01 11:44:00,NRIX,13.21500015258789,13.21500015258789,13.21500015258789,13.210000038146973,13.210000038146973,446.0
2024-03-01 11:44:00,NRSN,2.049999952316284,2.049999952316284,2.049999952316284,2.0100998878479004,2.0100998878479004,390.0
2024-03-01 11:44:00,NRXP,0.4101000130176544,0.4101000130176544,0.4101000130176544,0.4101000130176544,0.4101000130176544,271.0
2024-03-01 11:44:00,NTLA,33.43000030517578,33.43000030517578,33.5,33.43000030517578,33.5,2765.0
2024-03-01 11:44:00,NTRA,89.30000305175781,89.30000305175781,89.41000366210938,89.30000305175781,89.375,3699.0
2024-03-01 11:44:00,NUVL,87.56999969482422,87.56999969482422,87.68000030517578,87.56999969482422,87.68000030517578,1442.0
2024-03-01 11:44:00,NVAX,5.1057000160217285,5.1057000160217285,5.159999847412109,5.099999904632568,5.15500020980835,58308.0
2024-03-01 11:44:00,NVCR,15.880000114440918,15.880000114440918,15.890000343322754,15.859999656677246,15.880000114440918,2527.0
2024-03-01 11:44:00,NVNO,6.499899864196777,6.499899864196777,6.499899864196777,6.499899864196777,6.499899864196777,175.0
2024-03-01 11:44:00,NXTC,1.8049999475479126,1.8049999475479126,1.8049999475479126,1.7799999713897705,1.7999999523162842,10698.0
2024-03-01 11:44:00,NYXH,15.970000267028809,15.970000267028809,15.970000267028809,15.970000267028809,15.970000267028809,634.0
2024-03-01 11:44:00,OCGN,0.9285500049591064,0.9285500049591064,0.9287909865379333,0.9285500049591064,0.9285500049591064,1865.0
2024-03-01 11:44:00,OCUL,10.505000114440918,10.505000114440918,10.515000343322754,10.505000114440918,10.515000343322754,2118.0
2024-03-01 11:44:00,OLK,22.604999542236328,22.604999542236328,22.610000610351562,22.604999542236328,22.610000610351562,695.0
2024-03-01 11:44:00,OMER,4.735000133514404,4.735000133514404,4.735000133514404,4.735000133514404,4.735000133514404,100.0
2024-03-01 11:44:00,ONCY,1.1299999952316284,1.1299999952316284,1.1299999952316284,1.1299999952316284,1.1299999952316284,3753.0
2024-03-01 11:45:00,ABCL,5.210000038146973,5.210000038146973,5.210000038146973,5.204999923706055,5.204999923706055,3391.0
2024-03-01 11:45:00,ABOS,4.659999847412109,4.659999847412109,4.690000057220459,4.659999847412109,4.690000057220459,5754.0
2024-03-01 11:45:00,ABSI,5.175000190734863,5.175000190734863,5.179999828338623,5.175000190734863,5.179999828338623,2096.0
2024-03-01 11:45:00,ABUS,2.7799999713897705,2.7799999713897705,2.7799999713897705,2.7799999713897705,2.7799999713897705,731.0
2024-03-01 11:45:00,ACAD,23.829999923706055,23.829999923706055,23.850000381469727,23.829999923706055,23.84000015258789,2531.0
2024-03-01 11:45:00,ACB,3.150099992752075,3.150099992752075,3.1600000858306885,3.1500000953674316,3.1600000858306885,2243.0
2024-03-01 11:45:00,ACET,2.3949999809265137,2.3949999809265137,2.3949999809265137,2.3949999809265137,2.3949999809265137,211.0
2024-03-01 11:45:00,ACHC,83.93000030517578,83.93000030517578,83.95999908447266,83.93000030517578,83.93000030517578,942.0
2024-03-01 11:45:00,ACHL,1.340000033378601,1.340000033378601,1.340000033378601,1.340000033378601,1.340000033378601,536.0
2024-03-01 11:45:00,ACLX,67.5199966430664,67.5199966430664,67.56999969482422,67.5199966430664,67.56999969482422,2763.0
2024-03-01 11:45:00,ACOR,13.619999885559082,13.619999885559082,13.619999885559082,13.619999885559082,13.619999885559082,731.0
2024-03-01 11:45:00,ACRS,1.2100000381469727,1.2100000381469727,1.2200000286102295,1.2000000476837158,1.2200000286102295,47275.0
2024-03-01 11:45:00,ADAP,1.6100000143051147,1.6100000143051147,1.6100000143051147,1.6100000143051147,1.6100000143051147,125.0
2024-03-01 11:45:00,ADIL,3.0599000453948975,3.0599000453948975,3.0799999237060547,3.0199999809265137,3.0799999237060547,38910.0
2024-03-01 11:45:00,ADMA,5.364999771118164,5.364999771118164,5.386000156402588,5.364999771118164,5.385000228881836,32976.0
2024-03-01 11:45:00,ADPT,4.195000171661377,4.195000171661377,4.195000171661377,4.195000171661377,4.195000171661377,682.0
2024-03-01 11:45:00,ADVM,1.9800000190734863,1.9800000190734863,1.9800000190734863,1.975000023841858,1.9800000190734863,1170.0
2024-03-01 11:45:00,AFMD,0.6220999956130981,0.6220999956130981,0.6220999956130981,0.6220999956130981,0.6220999956130981,223.0
2024-03-01 11:45:00,AGEN,0.6711999773979187,0.6711999773979187,0.6711999773979187,0.6711000204086304,0.6711999773979187,9344.0
2024-03-01 11:45:00,AGIO,32.94499969482422,32.94499969482422,32.94499969482422,32.94499969482422,32.94499969482422,310.0
2024-03-01 11:45:00,AHCO,10.734999656677246,10.734999656677246,10.734999656677246,10.720000267028809,10.725000381469727,8031.0
2024-03-01 11:45:00,AKBA,1.6614999771118164,1.6614999771118164,1.6614999771118164,1.6614999771118164,1.6614999771118164,2010.0
2024-03-01 11:45:00,AKRO,29.165000915527344,29.165000915527344,29.19499969482422,29.1299991607666,29.174999237060547,1540.0
2024-03-01 11:45:00,ALDX,4.168799877166748,4.168799877166748,4.168799877166748,4.168799877166748,4.168799877166748,131.0
2024-03-01 11:45:00,ALEC,7.46999979019165,7.46999979019165,7.5,7.46999979019165,7.5,4902.0
2024-03-01 11:45:00,ALGS,1.0785000324249268,1.0785000324249268,1.0785000324249268,1.0785000324249268,1.0785000324249268,525.0
2024-03-01 11:45:00,ALHC,5.679999828338623,5.679999828338623,5.679999828338623,5.679999828338623,5.679999828338623,1074.0
2024-03-01 11:45:00,ALKS,30.19499969482422,30.19499969482422,30.209999084472656,30.19499969482422,30.200000762939453,2700.0
2024-03-01 11:45:00,ALLK,1.5950000286102295,1.5950000286102295,1.600000023841858,1.5920000076293945,1.600000023841858,1200.0
2024-03-01 11:45:00,ALLO,5.059999942779541,5.059999942779541,5.059999942779541,5.054999828338623,5.059199810028076,4363.0
2024-03-01 11:45:00,ALPN,35.95500183105469,35.95500183105469,35.970001220703125,35.8849983215332,35.8849983215332,3118.0
2024-03-01 11:45:00,ALT,12.180000305175781,12.180000305175781,12.199999809265137,12.180000305175781,12.199999809265137,3076.0
2024-03-01 11:45:00,AMED,93.31500244140625,93.31500244140625,93.31999969482422,93.29000091552734,93.31999969482422,768.0
2024-03-01 11:45:00,AMGN,281.0400085449219,281.0400085449219,281.2300109863281,281.0400085449219,281.1499938964844,4426.0
2024-03-01 11:45:00,AMLX,18.729999542236328,18.729999542236328,18.739999771118164,18.729999542236328,18.739999771118164,1020.0
2024-03-01 11:45:00,AMPH,45.27519989013672,45.27519989013672,45.27519989013672,45.27519989013672,45.27519989013672,507.0
2024-03-01 11:45:00,AMRN,1.0499999523162842,1.0499999523162842,1.059999942779541,1.0499999523162842,1.0499999523162842,1754.0
2024-03-01 11:45:00,ANAB,25.469999313354492,25.469999313354492,25.469999313354492,25.469999313354492,25.469999313354492,229.0
2024-03-01 11:45:00,ANGO,5.550000190734863,5.550000190734863,5.550000190734863,5.550000190734863,5.550000190734863,1129.0
2024-03-01 11:45:00,ANNX,5.980000019073486,5.980000019073486,6.0,5.980000019073486,5.980000019073486,1033.0
2024-03-01 11:45:00,APDN,0.5699999928474426,0.5699999928474426,0.5699999928474426,0.5699999928474426,0.5699999928474426,465.0
2024-03-01 11:45:00,APLS,65.6050033569336,65.6050033569336,65.6050033569336,65.55000305175781,65.55000305175781,1185.0
2024-03-01 11:45:00,APLT,7.099999904632568,7.099999904632568,7.119999885559082,7.090000152587891,7.102499961853027,6574.0
2024-03-01 11:45:00,APTO,1.7799999713897705,1.7799999713897705,1.7799999713897705,1.7799999713897705,1.7799999713897705,887.0
2024-03-01 11:45:00,APVO,0.1550000011920929,0.1550000011920929,0.1550000011920929,0.1550000011920929,0.1550000011920929,140.0
2024-03-01 11:45:00,AQST,4.329599857330322,4.329599857330322,4.329999923706055,4.324999809265137,4.329999923706055,8565.0
2024-03-01 11:45:00,ARAY,2.634999990463257,2.634999990463257,2.634999990463257,2.634999990463257,2.634999990463257,235.0
2024-03-01 11:45:00,ARCT,39.255001068115234,39.255001068115234,39.33000183105469,39.255001068115234,39.2599983215332,796.0
2024-03-01 11:45:00,ARDX,9.539999961853027,9.539999961853027,9.550999641418457,9.539999961853027,9.550999641418457,4194.0
2024-03-01 11:45:00,ARQT,11.444999694824219,11.444999694824219,11.444999694824219,11.388999938964844,11.395000457763672,12148.0
2024-03-01 11:45:00,ARVN,48.595001220703125,48.595001220703125,48.595001220703125,48.59000015258789,48.595001220703125,863.0
2024-03-01 11:45:00,ARWR,35.81999969482422,35.81999969482422,35.88999938964844,35.81999969482422,35.849998474121094,3674.0
2024-03-01 11:45:00,ASND,149.9550018310547,149.9550018310547,149.9550018310547,149.9550018310547,149.9550018310547,264.0
2024-03-01 11:45:00,ASRT,0.9100000262260437,0.9100000262260437,0.9100000262260437,0.9100000262260437,0.9100000262260437,4696.0
2024-03-01 11:45:00,ATAI,2.0350000858306885,2.0350000858306885,2.0350000858306885,2.0299999713897705,2.0299999713897705,755.0
2024-03-01 11:45:00,ATEC,13.595000267028809,13.595000267028809,13.595000267028809,13.595000267028809,13.595000267028809,1353.0
2024-03-01 11:45:00,ATHA,4.000100135803223,4.000100135803223,4.005000114440918,4.0,4.005000114440918,1144.0
2024-03-01 11:45:00,ATRA,0.8021500110626221,0.8021500110626221,0.8021500110626221,0.7983999848365784,0.8016999959945679,2971.0
2024-03-01 11:45:00,ATRC,36.05500030517578,36.05500030517578,36.05500030517578,36.05500030517578,36.05500030517578,852.0
2024-03-01 11:45:00,ATXS,15.069999694824219,15.069999694824219,15.069999694824219,15.069999694824219,15.069999694824219,228.0
2024-03-01 11:45:00,AUPH,5.804999828338623,5.804999828338623,5.8109002113342285,5.804999828338623,5.8109002113342285,3129.0
2024-03-01 11:45:00,AUTL,6.230000019073486,6.230000019073486,6.239999771118164,6.230000019073486,6.239999771118164,468.0
2024-03-01 11:45:00,AVIR,4.465000152587891,4.465000152587891,4.465000152587891,4.465000152587891,4.465000152587891,100.0
2024-03-01 11:45:00,AVXL,5.369999885559082,5.369999885559082,5.369999885559082,5.369999885559082,5.369999885559082,1228.0
2024-03-01 11:45:00,AYTU,2.8701999187469482,2.8701999187469482,2.8701999187469482,2.8701999187469482,2.8701999187469482,391.0
2024-03-01 11:45:00,AZN,64.54499816894531,64.54499816894531,64.55999755859375,64.54499816894531,64.54499816894531,10279.0
2024-03-01 11:45:00,BBIO,35.900001525878906,35.900001525878906,35.900001525878906,35.880001068115234,35.880001068115234,562.0
2024-03-01 11:45:00,BBLG,2.309999942779541,2.309999942779541,2.309999942779541,2.309999942779541,2.309999942779541,187.0
2024-03-01 11:45:00,BCAB,2.7850000858306885,2.7850000858306885,2.7850000858306885,2.7850000858306885,2.7850000858306885,117.0
2024-03-01 11:45:00,BCDA,0.5659999847412109,0.5659999847412109,0.5659999847412109,0.5659999847412109,0.5659999847412109,106.0
2024-03-01 11:45:00,BCRX,5.809999942779541,5.809999942779541,5.809999942779541,5.809999942779541,5.809999942779541,650.0
2024-03-01 11:45:00,BDTX,5.03000020980835,5.03000020980835,5.039999961853027,5.03000020980835,5.039999961853027,830.0
2024-03-01 11:45:00,BEAM,40.15999984741211,40.15999984741211,40.15999984741211,40.130001068115234,40.130001068115234,341.0
2024-03-01 11:45:00,BGXX,0.27160000801086426,0.27160000801086426,0.27160000801086426,0.27160000801086426,0.27160000801086426,708.0
2024-03-01 11:45:00,BIIB,220.08999633789062,220.08999633789062,220.08999633789062,220.08999633789062,220.08999633789062,1578.0
2024-03-01 11:45:00,BIOL,0.13929900527000427,0.13929900527000427,0.13929900527000427,0.13929900527000427,0.13929900527000427,502.0
2024-03-01 11:45:00,BIVI,2.2070999145507812,2.2070999145507812,2.2200000286102295,2.180000066757202,2.2200000286102295,90705.0
2024-03-01 11:45:00,BLFS,18.239999771118164,18.239999771118164,18.239999771118164,18.239999771118164,18.239999771118164,307.0
2024-03-01 11:45:00,BLRX,1.3799999952316284,1.3799999952316284,1.3799999952316284,1.3799999952316284,1.3799999952316284,250.0
2024-03-01 11:45:00,BLUE,1.5850000381469727,1.5850000381469727,1.5850000381469727,1.5850000381469727,1.5850000381469727,961.0
2024-03-01 11:45:00,BMEA,17.904300689697266,17.904300689697266,17.904300689697266,17.8799991607666,17.8799991607666,519.0
2024-03-01 11:45:00,BMRN,86.94860076904297,86.94860076904297,86.94860076904297,86.91000366210938,86.94000244140625,3465.0
2024-03-01 11:45:00,BNGO,1.25,1.25,1.2599999904632568,1.25,1.25,1619.0
2024-03-01 11:45:00,BNOX,1.2400000095367432,1.2400000095367432,1.2400000095367432,1.2400000095367432,1.2400000095367432,105.0
2024-03-01 11:45:00,BNTX,92.125,92.125,92.125,92.0999984741211,92.0999984741211,719.0
2024-03-01 11:45:00,BPMC,97.25,97.25,97.2699966430664,97.25,97.2699966430664,458.0
2024-03-01 11:45:00,BRKR,87.96499633789062,87.96499633789062,88.02999877929688,87.94999694824219,87.94999694824219,2480.0
2024-03-01 11:45:00,BRTX,1.5300999879837036,1.5300999879837036,1.559999942779541,1.4900000095367432,1.5,13107.0
2024-03-01 11:45:00,BTAI,3.240000009536743,3.240000009536743,3.2400999069213867,3.240000009536743,3.2400999069213867,3006.0
2024-03-01 11:45:00,BVS,4.679999828338623,4.679999828338623,4.695000171661377,4.679999828338623,4.695000171661377,322.0
2024-03-01 11:45:00,BWAY,6.565000057220459,6.565000057220459,6.565000057220459,6.565000057220459,6.565000057220459,100.0
2024-03-01 11:45:00,CABA,23.969999313354492,23.969999313354492,23.979999542236328,23.969999313354492,23.979999542236328,560.0
2024-03-01 11:45:00,CAPR,4.569499969482422,4.569499969482422,4.569499969482422,4.569499969482422,4.569499969482422,4228.0
2024-03-01 11:45:00,CARA,0.9000999927520752,0.9000999927520752,0.9000999927520752,0.8999999761581421,0.8999999761581421,422.0
2024-03-01 11:45:00,CBAY,32.244998931884766,32.244998931884766,32.25,32.2400016784668,32.244998931884766,2292.0
2024-03-01 11:45:00,CCCC,10.920000076293945,10.920000076293945,10.949999809265137,10.914999961853027,10.949999809265137,3190.0
2024-03-01 11:45:00,CDMO,8.199999809265137,8.199999809265137,8.210000038146973,8.184100151062012,8.210000038146973,4262.0
2024-03-01 11:45:00,CDNA,12.4350004196167,12.4350004196167,12.520000457763672,12.4350004196167,12.520000457763672,3765.0
2024-03-01 11:45:00,CDTX,0.7258999943733215,0.7258999943733215,0.7258999943733215,0.7258999943733215,0.7258999943733215,4500.0
2024-03-01 11:45:00,CDXS,4.454999923706055,4.454999923706055,4.465000152587891,4.449999809265137,4.465000152587891,3634.0
2024-03-01 11:45:00,CERE,41.1150016784668,41.1150016784668,41.119998931884766,41.099998474121094,41.11000061035156,4361.0
2024-03-01 11:45:00,CERS,2.200000047683716,2.200000047683716,2.2049999237060547,2.200000047683716,2.2049999237060547,6189.0
2024-03-01 11:45:00,CERT,17.670000076293945,17.670000076293945,17.670000076293945,17.65999984741211,17.65999984741211,2098.0
2024-03-01 11:45:00,CGC,3.275599956512451,3.275599956512451,3.2797999382019043,3.2699999809265137,3.2764999866485596,7743.0
2024-03-01 11:45:00,CGEN,2.690000057220459,2.690000057220459,2.690000057220459,2.690000057220459,2.690000057220459,200.0
2024-03-01 11:45:00,CHRS,2.3299999237060547,2.3299999237060547,2.3299999237060547,2.3299999237060547,2.3299999237060547,1034.0
2024-03-01 11:45:00,CLDX,52.63999938964844,52.63999938964844,52.65340042114258,52.63999938964844,52.64500045776367,644.0
2024-03-01 11:45:00,CLNN,0.3944999873638153,0.3944999873638153,0.39489999413490295,0.3944999873638153,0.39489999413490295,692.0
2024-03-01 11:45:00,CLOV,0.8680499792098999,0.8680499792098999,0.8680999875068665,0.8679999709129333,0.8680999875068665,18483.0
2024-03-01 11:45:00,CLPT,6.660999774932861,6.660999774932861,6.670000076293945,6.660999774932861,6.670000076293945,715.0
2024-03-01 11:45:00,CLRB,4.119999885559082,4.119999885559082,4.119999885559082,4.119999885559082,4.119999885559082,500.0
2024-03-01 11:45:00,CMPS,11.260000228881836,11.260000228881836,11.279999732971191,11.225000381469727,11.279999732971191,3379.0
2024-03-01 11:45:00,COGT,7.215000152587891,7.215000152587891,7.21999979019165,7.210000038146973,7.210000038146973,1881.0
2024-03-01 11:45:00,CORT,23.850000381469727,23.850000381469727,23.850000381469727,23.84000015258789,23.84000015258789,942.0
2024-03-01 11:45:00,CPRX,16.989900588989258,16.989900588989258,17.010000228881836,16.979999542236328,17.0,10202.0
2024-03-01 11:45:00,CRBU,8.015000343322754,8.015000343322754,8.015000343322754,8.010000228881836,8.015000343322754,796.0
2024-03-01 11:45:00,CRDF,2.4649999141693115,2.4649999141693115,2.4800000190734863,2.450000047683716,2.470099925994873,32075.0
2024-03-01 11:45:00,CRON,2.0450000762939453,2.0450000762939453,2.049999952316284,2.0450000762939453,2.049999952316284,4164.0
2024-03-01 11:45:00,CRSP,85.5916976928711,85.5916976928711,85.70500183105469,85.54000091552734,85.70500183105469,3795.0
2024-03-01 11:45:00,CSTL,19.920000076293945,19.920000076293945,19.920000076293945,19.920000076293945,19.920000076293945,131.0
2024-03-01 11:45:00,CTKB,8.484999656677246,8.484999656677246,8.5,8.460000038146973,8.460000038146973,2980.0
2024-03-01 11:45:00,CTMX,2.589099884033203,2.589099884033203,2.589099884033203,2.589099884033203,2.589099884033203,371.0
2024-03-01 11:45:00,CUE,2.1600000858306885,2.1600000858306885,2.1600000858306885,2.1600000858306885,2.1600000858306885,100.0
2024-03-01 11:45:00,CUTR,2.390000104904175,2.390000104904175,2.399899959564209,2.390000104904175,2.390000104904175,5769.0
2024-03-01 11:45:00,CYTK,73.8499984741211,73.8499984741211,73.88999938964844,73.8499984741211,73.88999938964844,1417.0
2024-03-01 11:45:00,CYTO,2.140000104904175,2.140000104904175,2.1500000953674316,2.140000104904175,2.1500000953674316,521.0
2024-03-01 11:45:00,DCGO,4.099999904632568,4.099999904632568,4.110000133514404,4.099999904632568,4.110000133514404,2424.0
2024-03-01 11:45:00,DCPH,17.190000534057617,17.190000534057617,17.21940040588379,17.190000534057617,17.2185001373291,6320.0
2024-03-01 11:45:00,DERM,4.100100040435791,4.100100040435791,4.100100040435791,4.100100040435791,4.100100040435791,266.0
2024-03-01 11:45:00,DH,9.0,9.0,9.020000457763672,8.979999542236328,9.0,42353.0
2024-03-01 11:45:00,DMTK,0.8398000001907349,0.8398000001907349,0.839900016784668,0.8299999833106995,0.839900016784668,3956.0
2024-03-01 11:45:00,DNLI,20.75,20.75,20.769899368286133,20.75,20.769899368286133,966.0
2024-03-01 11:45:00,DTIL,12.364999771118164,12.364999771118164,12.399999618530273,12.329999923706055,12.34000015258789,2001.0
2024-03-01 11:45:00,DVAX,12.869999885559082,12.869999885559082,12.869999885559082,12.859999656677246,12.859999656677246,1822.0
2024-03-01 11:45:00,DXCM,119.47000122070312,119.47000122070312,119.58000183105469,119.44000244140625,119.58000183105469,12672.0
2024-03-01 11:45:00,DYN,29.395000457763672,29.395000457763672,29.395000457763672,29.395000457763672,29.395000457763672,1069.0
2024-03-01 11:45:00,EDIT,10.9399995803833,10.9399995803833,10.949999809265137,10.930000305175781,10.930000305175781,2099.0
2024-03-01 11:45:00,ELEV,4.989999771118164,4.989999771118164,4.989999771118164,4.980000019073486,4.980000019073486,220.0
2024-03-01 11:45:00,ENSG,123.37000274658203,123.37000274658203,123.37000274658203,123.37000274658203,123.37000274658203,100.0
2024-03-01 11:45:00,ENTA,15.204999923706055,15.204999923706055,15.204999923706055,15.204999923706055,15.204999923706055,100.0
2024-03-01 11:45:00,ENVB,1.5987999439239502,1.5987999439239502,1.5999000072479248,1.591599941253662,1.591599941253662,710.0
2024-03-01 11:45:00,EOLS,14.630000114440918,14.630000114440918,14.640000343322754,14.630000114440918,14.640000343322754,1574.0
2024-03-01 11:45:00,EQ,2.4700000286102295,2.4700000286102295,2.4700000286102295,2.4600000381469727,2.4600000381469727,1141.0
2024-03-01 11:45:00,ERAS,2.5250000953674316,2.5250000953674316,2.5250000953674316,2.5250000953674316,2.5250000953674316,193.0
2024-03-01 11:45:00,ESPR,2.530100107192993,2.530100107192993,2.530100107192993,2.5299999713897705,2.5299999713897705,980.0
2024-03-01 11:45:00,ETNB,12.859999656677246,12.859999656677246,12.970000267028809,12.859999656677246,12.970000267028809,6947.0
2024-03-01 11:45:00,EVGN,0.9599999785423279,0.9599999785423279,0.9599999785423279,0.9599999785423279,0.9599999785423279,7883.0
2024-03-01 11:45:00,EXAI,6.815000057220459,6.815000057220459,6.815000057220459,6.815000057220459,6.815000057220459,460.0
2024-03-01 11:45:00,EXAS,59.650001525878906,59.650001525878906,59.71500015258789,59.59000015258789,59.71500015258789,6640.0
2024-03-01 11:45:00,EXEL,22.540000915527344,22.540000915527344,22.540000915527344,22.534000396728516,22.540000915527344,1907.0
2024-03-01 11:45:00,FATE,7.414999961853027,7.414999961853027,7.425000190734863,7.414999961853027,7.425000190734863,1966.0
2024-03-01 11:45:00,FDMT,29.290000915527344,29.290000915527344,29.299999237060547,29.260000228881836,29.299999237060547,3891.0
2024-03-01 11:45:00,FGEN,1.7949999570846558,1.7949999570846558,1.7949999570846558,1.7949999570846558,1.7949999570846558,328.0
2024-03-01 11:45:00,FLGT,23.372400283813477,23.372400283813477,23.372400283813477,23.372400283813477,23.372400283813477,343.0
2024-03-01 11:45:00,FOLD,13.324999809265137,13.324999809265137,13.329999923706055,13.324999809265137,13.329999923706055,1666.0
2024-03-01 11:45:00,FULC,10.920000076293945,10.920000076293945,10.9399995803833,10.920000076293945,10.9399995803833,1402.0
2024-03-01 11:45:00,FUSN,12.449999809265137,12.449999809265137,12.460000038146973,12.369999885559082,12.430000305175781,7164.0
2024-03-01 11:45:00,GBIO,2.640000104904175,2.640000104904175,2.640000104904175,2.619999885559082,2.619999885559082,4564.0
2024-03-01 11:45:00,GERN,2.1700000762939453,2.1700000762939453,2.180000066757202,2.1700000762939453,2.180000066757202,24293.0
2024-03-01 11:45:00,GH,19.239999771118164,19.239999771118164,19.239999771118164,19.239999771118164,19.239999771118164,627.0
2024-03-01 11:45:00,GILD,72.4000015258789,72.4000015258789,72.43150329589844,72.4000015258789,72.42500305175781,7336.0
2024-03-01 11:45:00,GLMD,0.40290001034736633,0.40290001034736633,0.40290001034736633,0.40290001034736633,0.40290001034736633,149.0
2024-03-01 11:45:00,GLYC,3.0,3.0,3.0,3.0,3.0,617.0
2024-03-01 11:45:00,GMAB,29.420000076293945,29.420000076293945,29.420000076293945,29.389999389648438,29.389999389648438,1319.0
2024-03-01 11:45:00,GMDA,0.3833000063896179,0.3833000063896179,0.38339900970458984,0.382999986410141,0.38339900970458984,7826.0
2024-03-01 11:45:00,GOSS,1.340000033378601,1.340000033378601,1.3424999713897705,1.340000033378601,1.340000033378601,644.0
2024-03-01 11:45:00,GRFS,7.09499979019165,7.09499979019165,7.099999904632568,7.09499979019165,7.099899768829346,7222.0
2024-03-01 11:45:00,GRPH,3.5,3.5,3.5,3.5,3.5,100.0
2024-03-01 11:45:00,GRTS,2.1900999546051025,2.1900999546051025,2.200000047683716,2.180000066757202,2.184999942779541,17706.0
2024-03-01 11:45:00,GTHX,3.6210999488830566,3.6210999488830566,3.6389999389648438,3.6210999488830566,3.630000114440918,6155.0
2024-03-01 11:45:00,HALO,41.09000015258789,41.09000015258789,41.09000015258789,41.09000015258789,41.09000015258789,289.0
2024-03-01 11:45:00,HARP,22.940000534057617,22.940000534057617,22.940000534057617,22.9325008392334,22.934999465942383,619.0
2024-03-01 11:45:00,HCAT,7.880000114440918,7.880000114440918,7.889999866485596,7.869999885559082,7.880000114440918,3053.0
2024-03-01 11:45:00,HCSG,12.600000381469727,12.600000381469727,12.600000381469727,12.600000381469727,12.600000381469727,665.0
2024-03-01 11:45:00,HCTI,2.569999933242798,2.569999933242798,2.5790998935699463,2.569999933242798,2.569999933242798,940.0
2024-03-01 11:45:00,HLTH,0.2766999900341034,0.2766999900341034,0.2766999900341034,0.2766999900341034,0.2766999900341034,220.0
2024-03-01 11:45:00,HOLX,73.81999969482422,73.81999969482422,73.81999969482422,73.77999877929688,73.77999877929688,2967.0
2024-03-01 11:45:00,HOOK,0.7994999885559082,0.7994999885559082,0.7994999885559082,0.7699999809265137,0.7699999809265137,569.0
2024-03-01 11:45:00,HQY,81.23500061035156,81.23500061035156,81.23500061035156,81.23500061035156,81.23500061035156,433.0
2024-03-01 11:45:00,HRTX,2.640000104904175,2.640000104904175,2.640000104904175,2.630000114440918,2.640000104904175,725.0
2024-03-01 11:45:00,HSCS,0.11699999868869781,0.11699999868869781,0.11729999631643295,0.11699999868869781,0.11729999631643295,2250.0
2024-03-01 11:45:00,HSIC,77.08000183105469,77.08000183105469,77.12000274658203,77.06999969482422,77.0999984741211,4844.0
2024-03-01 11:45:00,HUMA,3.4711999893188477,3.4711999893188477,3.509999990463257,3.450000047683716,3.509999990463257,35632.0
2024-03-01 11:45:00,IART,36.459999084472656,36.459999084472656,36.459999084472656,36.44499969482422,36.44499969482422,775.0
2024-03-01 11:45:00,IBRX,4.900000095367432,4.900000095367432,4.90500020980835,4.900000095367432,4.900000095367432,4148.0
2024-03-01 11:45:00,ICLR,322.9800109863281,322.9800109863281,322.9800109863281,322.7699890136719,322.7699890136719,505.0
2024-03-01 11:45:00,IINN,1.649999976158142,1.649999976158142,1.649999976158142,1.6449999809265137,1.6449999809265137,1987.0
2024-03-01 11:45:00,IKNA,1.4900000095367432,1.4900000095367432,1.4900000095367432,1.4850000143051147,1.4850000143051147,300.0
2024-03-01 11:45:00,ILMN,141.82000732421875,141.82000732421875,141.88999938964844,141.82000732421875,141.88999938964844,778.0
2024-03-01 11:45:00,IMAB,1.850000023841858,1.850000023841858,1.850000023841858,1.850000023841858,1.850000023841858,700.0
2024-03-01 11:45:00,IMCC,0.3294999897480011,0.3294999897480011,0.3294999897480011,0.3294999897480011,0.3294999897480011,815.0
2024-03-01 11:45:00,IMCR,68.13999938964844,68.13999938964844,68.13999938964844,68.13999938964844,68.13999938964844,200.0
2024-03-01 11:45:00,IMNM,25.454999923706055,25.454999923706055,25.479999542236328,25.454999923706055,25.479999542236328,1874.0
2024-03-01 11:45:00,IMTX,13.039999961853027,13.039999961853027,13.039999961853027,13.039999961853027,13.039999961853027,1145.0
2024-03-01 11:45:00,IMVT,36.34000015258789,36.34000015258789,36.36000061035156,36.34000015258789,36.36000061035156,657.0
2024-03-01 11:45:00,INCR,1.9536999464035034,1.9536999464035034,1.9536999464035034,1.9536999464035034,1.9536999464035034,478.0
2024-03-01 11:45:00,INCY,59.09000015258789,59.09000015258789,59.09000015258789,59.04999923706055,59.08000183105469,3247.0
2024-03-01 11:45:00,INMB,12.029999732971191,12.029999732971191,12.059200286865234,12.029999732971191,12.059200286865234,945.0
2024-03-01 11:45:00,INMD,22.75,22.75,22.75,22.7450008392334,22.7450008392334,2320.0
2024-03-01 11:45:00,INO,9.244999885559082,9.244999885559082,9.244999885559082,9.244999885559082,9.244999885559082,674.0
2024-03-01 11:45:00,INSM,28.110000610351562,28.110000610351562,28.125,28.104999542236328,28.125,877.0
2024-03-01 11:45:00,INVA,15.640000343322754,15.640000343322754,15.640000343322754,15.640000343322754,15.640000343322754,761.0
2024-03-01 11:45:00,INZY,6.510000228881836,6.510000228881836,6.5100998878479,6.510000228881836,6.5100998878479,819.0
2024-03-01 11:45:00,IONS,45.91999816894531,45.91999816894531,45.91999816894531,45.900001525878906,45.900001525878906,264.0
2024-03-01 11:45:00,IOVA,16.75,16.75,16.790000915527344,16.739999771118164,16.770000457763672,22794.0
2024-03-01 11:45:00,IRWD,9.039999961853027,9.039999961853027,9.074999809265137,9.030099868774414,9.055000305175781,47324.0
2024-03-01 11:45:00,ISRG,393.510009765625,393.510009765625,393.510009765625,392.95001220703125,392.95001220703125,4513.0
2024-03-01 11:45:00,ITOS,10.760000228881836,10.760000228881836,10.760000228881836,10.760000228881836,10.760000228881836,145.0
2024-03-01 11:45:00,IXHL,5.429999828338623,5.429999828338623,5.429999828338623,5.385000228881836,5.385000228881836,2384.0
2024-03-01 11:45:00,JAGX,0.0723000019788742,0.0723000019788742,0.07590000331401825,0.07209999859333038,0.07590000331401825,1518111.0
2024-03-01 11:45:00,JANX,46.887901306152344,46.887901306152344,46.96500015258789,46.887901306152344,46.96500015258789,1422.0
2024-03-01 11:45:00,JAZZ,119.51499938964844,119.51499938964844,119.61000061035156,119.51499938964844,119.56999969482422,2468.0
2024-03-01 11:45:00,KALV,14.0,14.0,14.0,14.0,14.0,262.0
2024-03-01 11:45:00,KNSA,21.809999465942383,21.809999465942383,21.84000015258789,21.809999465942383,21.84000015258789,1004.0
2024-03-01 11:45:00,KOD,6.139999866485596,6.139999866485596,6.139999866485596,6.135000228881836,6.135000228881836,577.0
2024-03-01 11:45:00,KPTI,1.215000033378601,1.215000033378601,1.225000023841858,1.215000033378601,1.225000023841858,3883.0
2024-03-01 11:45:00,KROS,69.70999908447266,69.70999908447266,70.0,69.70999908447266,69.81999969482422,31159.0
2024-03-01 11:45:00,KRYS,166.5,166.5,167.1300048828125,166.5,167.1300048828125,1961.0
2024-03-01 11:45:00,KTRA,0.09859000146389008,0.09859000146389008,0.09859900176525116,0.09849999845027924,0.09849999845027924,1783.0
2024-03-01 11:45:00,KURA,21.329999923706055,21.329999923706055,21.329999923706055,21.329999923706055,21.329999923706055,812.0
2024-03-01 11:45:00,KYMR,43.93000030517578,43.93000030517578,44.0099983215332,43.92499923706055,43.92499923706055,1067.0
2024-03-01 11:45:00,KZR,1.0800000429153442,1.0800000429153442,1.090000033378601,1.0800000429153442,1.090000033378601,1016.0
2024-03-01 11:45:00,LAB,2.441499948501587,2.441499948501587,2.450000047683716,2.441499948501587,2.450000047683716,3277.0
2024-03-01 11:45:00,LBPH,21.62299919128418,21.62299919128418,21.62299919128418,21.62299919128418,21.62299919128418,1226.0
2024-03-01 11:45:00,LEGN,65.90499877929688,65.90499877929688,65.90499877929688,65.90499877929688,65.90499877929688,100.0
2024-03-01 11:45:00,LEXX,2.630000114440918,2.630000114440918,2.6491000652313232,2.6117000579833984,2.6491000652313232,2054.0
2024-03-01 11:45:00,LFST,7.980000019073486,7.980000019073486,7.989999771118164,7.980000019073486,7.989999771118164,2611.0
2024-03-01 11:45:00,LIAN,4.860000133514404,4.860000133514404,4.860000133514404,4.860000133514404,4.860000133514404,300.0
2024-03-01 11:45:00,LIFE,1.909999966621399,1.909999966621399,1.9299999475479126,1.909999966621399,1.9299999475479126,21627.0
2024-03-01 11:45:00,LIVN,55.189998626708984,55.189998626708984,55.189998626708984,55.189998626708984,55.189998626708984,226.0
2024-03-01 11:45:00,LNTH,65.34500122070312,65.34500122070312,65.34500122070312,65.30999755859375,65.30999755859375,1143.0
2024-03-01 11:45:00,LTRN,4.6855998039245605,4.6855998039245605,4.6855998039245605,4.659999847412109,4.659999847412109,822.0
2024-03-01 11:45:00,LUCD,1.2300000190734863,1.2300000190734863,1.2300000190734863,1.2300000190734863,1.2300000190734863,122.0
2024-03-01 11:45:00,LUNG,9.229999542236328,9.229999542236328,9.239999771118164,9.229999542236328,9.239999771118164,1936.0
2024-03-01 11:45:00,LVTX,3.160099983215332,3.160099983215332,3.180000066757202,3.0899999141693115,3.0999999046325684,11695.0
2024-03-01 11:45:00,LXRX,2.4149999618530273,2.4149999618530273,2.427500009536743,2.4149999618530273,2.427500009536743,10256.0
2024-03-01 11:45:00,LYRA,5.599999904632568,5.599999904632568,5.599999904632568,5.599999904632568,5.599999904632568,100.0
2024-03-01 11:45:00,MCRB,1.2100000381469727,1.2100000381469727,1.2100000381469727,1.2050000429153442,1.2099000215530396,1315.0
2024-03-01 11:45:00,MDGL,243.2899932861328,243.2899932861328,243.77999877929688,243.07000732421875,243.7050018310547,2209.0
2024-03-01 11:45:00,MDRX,6.099999904632568,6.099999904632568,6.099999904632568,6.050000190734863,6.099999904632568,13384.0
2024-03-01 11:45:00,MDXG,8.574999809265137,8.574999809265137,8.574999809265137,8.5600004196167,8.5600004196167,5151.0
2024-03-01 11:45:00,ME,0.5717999935150146,0.5717999935150146,0.5745999813079834,0.5717999935150146,0.5727999806404114,22129.0
2024-03-01 11:45:00,MGNX,18.93000030517578,18.93000030517578,18.969999313354492,18.93000030517578,18.950000762939453,2960.0
2024-03-01 11:45:00,MIRM,30.020099639892578,30.020099639892578,30.100000381469727,30.020099639892578,30.100000381469727,1910.0
2024-03-01 11:45:00,MLTX,51.68000030517578,51.68000030517578,51.68000030517578,51.68000030517578,51.68000030517578,524.0
2024-03-01 11:45:00,MNKD,4.690000057220459,4.690000057220459,4.690000057220459,4.679999828338623,4.690000057220459,3461.0
2024-03-01 11:45:00,MNMD,6.050000190734863,6.050000190734863,6.054999828338623,6.039999961853027,6.039999961853027,9084.0
2024-03-01 11:45:00,MNPR,0.8240000009536743,0.8240000009536743,0.8240000009536743,0.8199999928474426,0.8199999928474426,2063.0
2024-03-01 11:45:00,MODD,1.9199999570846558,1.9199999570846558,1.9199999570846558,1.9199999570846558,1.9199999570846558,446.0
2024-03-01 11:45:00,MODV,27.729299545288086,27.729299545288086,27.75,27.600000381469727,27.600000381469727,5505.0
2024-03-01 11:45:00,MORF,38.72999954223633,38.72999954223633,38.72999954223633,38.72999954223633,38.72999954223633,200.0
2024-03-01 11:45:00,MRAI,1.5449999570846558,1.5449999570846558,1.559999942779541,1.5299999713897705,1.5449999570846558,4682.0
2024-03-01 11:45:00,MREO,3.8399999141693115,3.8399999141693115,3.8399999141693115,3.8350000381469727,3.839900016784668,6422.0
2024-03-01 11:45:00,MRNA,96.26000213623047,96.26000213623047,96.33989715576172,96.2249984741211,96.24500274658203,4328.0
2024-03-01 11:45:00,MRNS,9.899999618530273,9.899999618530273,9.899999618530273,9.899999618530273,9.899999618530273,422.0
2024-03-01 11:45:00,MRSN,6.001100063323975,6.001100063323975,6.025000095367432,6.001100063323975,6.025000095367432,3498.0
2024-03-01 11:45:00,MRUS,51.33000183105469,51.33000183105469,51.34000015258789,51.22999954223633,51.2400016784668,3448.0
2024-03-01 11:45:00,MRVI,7.820000171661377,7.820000171661377,7.820199966430664,7.820000171661377,7.820199966430664,207.0
2024-03-01 11:45:00,MXCT,4.724999904632568,4.724999904632568,4.730000019073486,4.724999904632568,4.730000019073486,935.0
2024-03-01 11:45:00,MYGN,21.464399337768555,21.464399337768555,21.469999313354492,21.464399337768555,21.469999313354492,1224.0
2024-03-01 11:45:00,NARI,46.2400016784668,46.2400016784668,46.279998779296875,46.2400016784668,46.279998779296875,1207.0
2024-03-01 11:45:00,NEO,16.059999465942383,16.059999465942383,16.059999465942383,16.059999465942383,16.059999465942383,657.0
2024-03-01 11:45:00,NEOG,17.269899368286133,17.269899368286133,17.269899368286133,17.2549991607666,17.260000228881836,908.0
2024-03-01 11:45:00,NGM,1.5299999713897705,1.5299999713897705,1.5299999713897705,1.5299999713897705,1.5299999713897705,1026.0
2024-03-01 11:45:00,NKTR,0.7754499912261963,0.7754499912261963,0.7754499912261963,0.7712010145187378,0.7754499912261963,300.0
2024-03-01 11:45:00,NKTX,12.774999618530273,12.774999618530273,12.774999618530273,12.774999618530273,12.774999618530273,348.0
2024-03-01 11:45:00,NNOX,11.070099830627441,11.070099830627441,11.079999923706055,11.069999694824219,11.069999694824219,2958.0
2024-03-01 11:45:00,NOTV,8.130000114440918,8.130000114440918,8.146499633789062,8.130000114440918,8.146499633789062,1698.0
2024-03-01 11:45:00,NRIX,13.220000267028809,13.220000267028809,13.220000267028809,13.1899995803833,13.199999809265137,1656.0
2024-03-01 11:45:00,NRXP,0.4101000130176544,0.4101000130176544,0.4147999882698059,0.4101000130176544,0.4101000130176544,26200.0
2024-03-01 11:45:00,NTLA,33.439998626708984,33.439998626708984,33.45000076293945,33.4005012512207,33.45000076293945,1980.0
2024-03-01 11:45:00,NTRA,89.20999908447266,89.20999908447266,89.33999633789062,89.19999694824219,89.33999633789062,4801.0
2024-03-01 11:45:00,NUVL,87.5999984741211,87.5999984741211,87.5999984741211,87.5999984741211,87.5999984741211,580.0
2024-03-01 11:45:00,NVAX,5.114999771118164,5.114999771118164,5.119999885559082,5.110000133514404,5.110000133514404,33309.0
2024-03-01 11:45:00,NVCR,15.850000381469727,15.850000381469727,15.859999656677246,15.850000381469727,15.859999656677246,1270.0
2024-03-01 11:45:00,NXTC,1.8049999475479126,1.8049999475479126,1.8049999475479126,1.8049999475479126,1.8049999475479126,257.0
2024-03-01 11:45:00,NYXH,14.949999809265137,14.949999809265137,15.010000228881836,14.949999809265137,15.0,401.0
2024-03-01 11:45:00,OCGN,0.9287999868392944,0.9287999868392944,0.9289000034332275,0.9283000230789185,0.9288899898529053,4027.0
2024-03-01 11:45:00,OCUL,10.479999542236328,10.479999542236328,10.5,10.479999542236328,10.5,2498.0
2024-03-01 11:45:00,OKYO,1.440000057220459,1.440000057220459,1.440000057220459,1.4299999475479126,1.4299999475479126,500.0
2024-03-01 11:45:00,OLMA,13.4399995803833,13.4399995803833,13.4399995803833,13.397100448608398,13.420000076293945,3024.0
2024-03-01 11:45:00,ONCY,1.1299999952316284,1.1299999952316284,1.1299999952316284,1.1299999952316284,1.1299999952316284,100.0
2024-03-01 11:46:00,ABCL,5.213600158691406,5.213600158691406,5.213600158691406,5.213600158691406,5.213600158691406,131.0
2024-03-01 11:46:00,ABOS,4.659999847412109,4.659999847412109,4.659999847412109,4.659999847412109,4.659999847412109,1557.0
2024-03-01 11:46:00,ABSI,5.170000076293945,5.170000076293945,5.179999828338623,5.170000076293945,5.170000076293945,2910.0
2024-03-01 11:46:00,ABUS,2.7799999713897705,2.7799999713897705,2.7799999713897705,2.7799999713897705,2.7799999713897705,1272.0
2024-03-01 11:46:00,ACAD,23.815000534057617,23.815000534057617,23.829999923706055,23.815000534057617,23.829999923706055,1144.0
2024-03-01 11:46:00,ACB,3.1500000953674316,3.1500000953674316,3.1500000953674316,3.1500000953674316,3.1500000953674316,415.0
2024-03-01 11:46:00,ACCD,10.239999771118164,10.239999771118164,10.279999732971191,10.239999771118164,10.279999732971191,1603.0
2024-03-01 11:46:00,ACET,2.3949999809265137,2.3949999809265137,2.3949999809265137,2.3945999145507812,2.3949999809265137,615.0
2024-03-01 11:46:00,ACHC,83.9800033569336,83.9800033569336,83.9800033569336,83.9800033569336,83.9800033569336,193.0
2024-03-01 11:46:00,ACIU,3.889899969100952,3.889899969100952,3.889899969100952,3.8399999141693115,3.8399999141693115,1239.0
2024-03-01 11:46:00,ACLX,67.5199966430664,67.5199966430664,67.5199966430664,67.5199966430664,67.5199966430664,287.0
2024-03-01 11:46:00,ACON,0.3799999952316284,0.3799999952316284,0.38100001215934753,0.3799999952316284,0.38100001215934753,11268.0
2024-03-01 11:46:00,ACRS,1.2100000381469727,1.2100000381469727,1.2100000381469727,1.190000057220459,1.2050000429153442,102677.0
2024-03-01 11:46:00,ADIL,3.049999952316284,3.049999952316284,3.069200038909912,3.0199999809265137,3.059999942779541,18724.0
2024-03-01 11:46:00,ADMA,5.368899822235107,5.368899822235107,5.368899822235107,5.364999771118164,5.364999771118164,3100.0
2024-03-01 11:46:00,ADPT,4.195000171661377,4.195000171661377,4.195000171661377,4.195000171661377,4.195000171661377,207.0
2024-03-01 11:46:00,ADVM,1.9800000190734863,1.9800000190734863,1.9800000190734863,1.975000023841858,1.9800000190734863,1576.0
2024-03-01 11:46:00,AFMD,0.625,0.625,0.625,0.625,0.625,1794.0
2024-03-01 11:46:00,AGEN,0.6711999773979187,0.6711999773979187,0.6711999773979187,0.6711750030517578,0.6711750030517578,1601.0
2024-03-01 11:46:00,AGIO,32.88999938964844,32.88999938964844,32.94499969482422,32.88999938964844,32.94499969482422,1866.0
2024-03-01 11:46:00,AHCO,10.760000228881836,10.760000228881836,10.760000228881836,10.739999771118164,10.739999771118164,1880.0
2024-03-01 11:46:00,AIMD,0.949999988079071,0.949999988079071,0.949999988079071,0.949999988079071,0.949999988079071,1674.0
2024-03-01 11:46:00,AKAN,0.24199999868869781,0.24199999868869781,0.24199999868869781,0.24199999868869781,0.24199999868869781,181.0
2024-03-01 11:46:00,AKBA,1.6684999465942383,1.6684999465942383,1.6684999465942383,1.6684999465942383,1.6684999465942383,305.0
2024-03-01 11:46:00,AKLI,0.3352999985218048,0.3352999985218048,0.3375990092754364,0.3352000117301941,0.3375990092754364,1282.0
2024-03-01 11:46:00,AKRO,29.170000076293945,29.170000076293945,29.200000762939453,29.170000076293945,29.200000762939453,330.0
2024-03-01 11:46:00,ALDX,4.159999847412109,4.159999847412109,4.159999847412109,4.159999847412109,4.159999847412109,2080.0
2024-03-01 11:46:00,ALEC,7.479499816894531,7.479499816894531,7.479499816894531,7.46999979019165,7.4710001945495605,694.0
2024-03-01 11:46:00,ALGN,300.3900146484375,300.3900146484375,300.6099853515625,300.3900146484375,300.5299987792969,1855.0
2024-03-01 11:46:00,ALGS,1.0800000429153442,1.0800000429153442,1.0800000429153442,1.0612000226974487,1.0612000226974487,2350.0
2024-03-01 11:46:00,ALHC,5.690000057220459,5.690000057220459,5.690000057220459,5.679999828338623,5.679999828338623,5838.0
2024-03-01 11:46:00,ALKS,30.200000762939453,30.200000762939453,30.200000762939453,30.19499969482422,30.19499969482422,800.0
2024-03-01 11:46:00,ALLK,1.590000033378601,1.590000033378601,1.600000023841858,1.590000033378601,1.600000023841858,400.0
2024-03-01 11:46:00,ALLO,5.050000190734863,5.050000190734863,5.050000190734863,5.045000076293945,5.050000190734863,4276.0
2024-03-01 11:46:00,ALNY,153.88999938964844,153.88999938964844,154.10000610351562,153.88999938964844,154.10000610351562,1971.0
2024-03-01 11:46:00,ALPN,35.88999938964844,35.88999938964844,35.95500183105469,35.877498626708984,35.915000915527344,5107.0
2024-03-01 11:46:00,ALT,12.149999618530273,12.149999618530273,12.180000305175781,12.149999618530273,12.180000305175781,5597.0
2024-03-01 11:46:00,ALVO,15.619999885559082,15.619999885559082,15.619999885559082,15.619999885559082,15.619999885559082,315.0
2024-03-01 11:46:00,ALXO,14.899999618530273,14.899999618530273,14.920000076293945,14.899999618530273,14.920000076293945,318.0
2024-03-01 11:46:00,AMED,93.29000091552734,93.29000091552734,93.33000183105469,93.29000091552734,93.33000183105469,2106.0
2024-03-01 11:46:00,AMGN,280.9049987792969,280.9049987792969,281.2300109863281,280.8800048828125,281.1099853515625,21752.0
2024-03-01 11:46:00,AMLX,18.725000381469727,18.725000381469727,18.725000381469727,18.725000381469727,18.725000381469727,124.0
2024-03-01 11:46:00,AMPH,45.209999084472656,45.209999084472656,45.30149841308594,45.209999084472656,45.30149841308594,2378.0
2024-03-01 11:46:00,AMRN,1.0549999475479126,1.0549999475479126,1.059999942779541,1.0499999523162842,1.059999942779541,5090.0
2024-03-01 11:46:00,ANNX,5.980000019073486,5.980000019073486,6.0,5.980000019073486,5.980000019073486,402.0
2024-03-01 11:46:00,ANTX,3.0,3.0,3.0,3.0,3.0,171.0
2024-03-01 11:46:00,APLS,65.59500122070312,65.59500122070312,65.63970184326172,65.56999969482422,65.61000061035156,1698.0
2024-03-01 11:46:00,APLT,7.139999866485596,7.139999866485596,7.139999866485596,7.099999904632568,7.099999904632568,1957.0
2024-03-01 11:46:00,APVO,0.15500999987125397,0.15500999987125397,0.15500999987125397,0.15500999987125397,0.15500999987125397,1000.0
2024-03-01 11:46:00,AQST,4.340000152587891,4.340000152587891,4.340000152587891,4.324999809265137,4.329999923706055,9093.0
2024-03-01 11:46:00,ARAY,2.634999990463257,2.634999990463257,2.634999990463257,2.634999990463257,2.634999990463257,100.0
2024-03-01 11:46:00,ARDX,9.567700386047363,9.567700386047363,9.569899559020996,9.550000190734863,9.550000190734863,4130.0
2024-03-01 11:46:00,ARGX,388.0899963378906,388.0899963378906,388.0899963378906,388.04998779296875,388.04998779296875,474.0
2024-03-01 11:46:00,ARQT,11.410200119018555,11.410200119018555,11.444999694824219,11.410200119018555,11.444999694824219,34253.0
2024-03-01 11:46:00,ARVN,48.57500076293945,48.57500076293945,48.58000183105469,48.57500076293945,48.58000183105469,250.0
2024-03-01 11:46:00,ARWR,35.7599983215332,35.7599983215332,35.79999923706055,35.7599983215332,35.79999923706055,2033.0
2024-03-01 11:46:00,ASRT,0.9100000262260437,0.9100000262260437,0.9100000262260437,0.9057000279426575,0.9100000262260437,5734.0
2024-03-01 11:46:00,ATAI,2.0309998989105225,2.0309998989105225,2.0309998989105225,2.0309998989105225,2.0309998989105225,383.0
2024-03-01 11:46:00,ATEC,13.555000305175781,13.555000305175781,13.59000015258789,13.555000305175781,13.59000015258789,4305.0
2024-03-01 11:46:00,ATHA,3.9800000190734863,3.9800000190734863,3.994999885559082,3.9800000190734863,3.994999885559082,4879.0
2024-03-01 11:46:00,ATOS,0.9990000128746033,0.9990000128746033,0.9990000128746033,0.9990000128746033,0.9990000128746033,4001.0
2024-03-01 11:46:00,ATXS,15.100000381469727,15.100000381469727,15.100000381469727,15.100000381469727,15.100000381469727,698.0
2024-03-01 11:46:00,AURA,9.444999694824219,9.444999694824219,9.444999694824219,9.444999694824219,9.444999694824219,202.0
2024-03-01 11:46:00,AVDL,12.619999885559082,12.619999885559082,12.680000305175781,12.619999885559082,12.680000305175781,3071.0
2024-03-01 11:46:00,AVRO,1.3250000476837158,1.3250000476837158,1.3250000476837158,1.3250000476837158,1.3250000476837158,157.0
2024-03-01 11:46:00,AVTE,23.559999465942383,23.559999465942383,23.75,23.3799991607666,23.489999771118164,2342.0
2024-03-01 11:46:00,AXGN,10.489999771118164,10.489999771118164,10.489999771118164,10.489999771118164,10.489999771118164,504.0
2024-03-01 11:46:00,AXNX,67.26499938964844,67.26499938964844,67.26499938964844,67.26499938964844,67.26499938964844,194.0
2024-03-01 11:46:00,AZN,64.55010223388672,64.55010223388672,64.55999755859375,64.54010009765625,64.54010009765625,12572.0
2024-03-01 11:46:00,AZTA,66.2699966430664,66.2699966430664,66.2699966430664,66.2699966430664,66.2699966430664,248.0
2024-03-01 11:46:00,BBIO,35.86000061035156,35.86000061035156,35.86000061035156,35.86000061035156,35.86000061035156,175.0
2024-03-01 11:46:00,BCRX,5.804999828338623,5.804999828338623,5.804999828338623,5.800000190734863,5.800000190734863,771.0
2024-03-01 11:46:00,BCYC,25.80500030517578,25.80500030517578,25.80500030517578,25.80500030517578,25.80500030517578,429.0
2024-03-01 11:46:00,BDTX,5.019999980926514,5.019999980926514,5.019999980926514,5.014999866485596,5.019999980926514,1315.0
2024-03-01 11:46:00,BEAM,40.18989944458008,40.18989944458008,40.18989944458008,40.130001068115234,40.1619987487793,812.0
2024-03-01 11:46:00,BGXX,0.2694999873638153,0.2694999873638153,0.2700999975204468,0.2694999873638153,0.2700999975204468,10863.0
2024-03-01 11:46:00,BIIB,220.10000610351562,220.10000610351562,220.10000610351562,220.07000732421875,220.07000732421875,476.0
2024-03-01 11:46:00,BIVI,2.2049999237060547,2.2049999237060547,2.2100000381469727,2.190000057220459,2.20169997215271,57167.0
2024-03-01 11:46:00,BLTE,46.36090087890625,46.36090087890625,46.36090087890625,46.36090087890625,46.36090087890625,600.0
2024-03-01 11:46:00,BLUE,1.5800000429153442,1.5800000429153442,1.590000033378601,1.5800000429153442,1.5850000381469727,3554.0
2024-03-01 11:46:00,BMRN,86.94999694824219,86.94999694824219,86.94999694824219,86.94000244140625,86.94000244140625,747.0
2024-03-01 11:46:00,BNGO,1.2549999952316284,1.2549999952316284,1.2549999952316284,1.2549999952316284,1.2549999952316284,626.0
2024-03-01 11:46:00,BNTX,92.125,92.125,92.125,92.125,92.125,1170.0
2024-03-01 11:46:00,BPMC,97.13999938964844,97.13999938964844,97.22000122070312,97.13999938964844,97.22000122070312,1099.0
2024-03-01 11:46:00,BWAY,6.559999942779541,6.559999942779541,6.559999942779541,6.559999942779541,6.559999942779541,200.0
2024-03-01 11:46:00,CABA,23.959999084472656,23.959999084472656,23.969999313354492,23.959999084472656,23.969999313354492,1582.0
2024-03-01 11:46:00,CBAY,32.244998931884766,32.244998931884766,32.25,32.244998931884766,32.244998931884766,1104.0
2024-03-01 11:46:00,CCCC,10.928799629211426,10.928799629211426,10.930000305175781,10.925000190734863,10.930000305175781,1110.0
2024-03-01 11:46:00,CDNA,12.210000038146973,12.210000038146973,12.426799774169922,12.20009994506836,12.426799774169922,9210.0
2024-03-01 11:46:00,CDXS,4.449999809265137,4.449999809265137,4.454999923706055,4.440000057220459,4.449999809265137,5734.0
2024-03-01 11:46:00,CERE,41.1150016784668,41.1150016784668,41.119998931884766,41.1150016784668,41.1150016784668,1342.0
2024-03-01 11:46:00,CERS,2.194999933242798,2.194999933242798,2.200000047683716,2.194999933242798,2.200000047683716,25792.0
2024-03-01 11:46:00,CERT,17.65999984741211,17.65999984741211,17.670000076293945,17.655000686645508,17.670000076293945,2384.0
2024-03-01 11:46:00,CGC,3.265000104904175,3.265000104904175,3.2701001167297363,3.265000104904175,3.2701001167297363,18798.0
2024-03-01 11:46:00,CGEN,2.690000057220459,2.690000057220459,2.690000057220459,2.690000057220459,2.690000057220459,263.0
2024-03-01 11:46:00,CHRS,2.3301000595092773,2.3301000595092773,2.3350000381469727,2.3299999237060547,2.3299999237060547,28194.0
2024-03-01 11:46:00,CING,1.3698999881744385,1.3698999881744385,1.3698999881744385,1.3698999881744385,1.3698999881744385,946.0
2024-03-01 11:46:00,CKPT,2.1700000762939453,2.1700000762939453,2.1700000762939453,2.1700000762939453,2.1700000762939453,671.0
2024-03-01 11:46:00,CLDX,52.529998779296875,52.529998779296875,52.69499969482422,52.529998779296875,52.64500045776367,4785.0
2024-03-01 11:46:00,CLNN,0.39320001006126404,0.39320001006126404,0.3946000039577484,0.39320001006126404,0.3944999873638153,25705.0
2024-03-01 11:46:00,CLOV,0.8679999709129333,0.8679999709129333,0.8680999875068665,0.8679999709129333,0.8680499792098999,18346.0
2024-03-01 11:46:00,CLRB,4.110099792480469,4.110099792480469,4.110099792480469,4.110099792480469,4.110099792480469,250.0
2024-03-01 11:46:00,CMPS,11.350000381469727,11.350000381469727,11.350000381469727,11.270000457763672,11.270000457763672,1669.0
2024-03-01 11:46:00,CMPX,1.8799999952316284,1.8799999952316284,1.8799999952316284,1.8799999952316284,1.8799999952316284,102.0
2024-03-01 11:46:00,CMRX,1.1490000486373901,1.1490000486373901,1.1490000486373901,1.1490000486373901,1.1490000486373901,123.0
2024-03-01 11:46:00,COGT,7.210000038146973,7.210000038146973,7.21999979019165,7.210000038146973,7.210000038146973,662.0
2024-03-01 11:46:00,CORT,23.852500915527344,23.852500915527344,23.852500915527344,23.829999923706055,23.844999313354492,1650.0
2024-03-01 11:46:00,CPRX,16.9950008392334,16.9950008392334,17.0049991607666,16.989999771118164,16.9950008392334,3125.0
2024-03-01 11:46:00,CPSI,9.430000305175781,9.430000305175781,9.460000038146973,9.430000305175781,9.460000038146973,412.0
2024-03-01 11:46:00,CRBU,8.010000228881836,8.010000228881836,8.020000457763672,8.010000228881836,8.015000343322754,3998.0
2024-03-01 11:46:00,CRDF,2.4800000190734863,2.4800000190734863,2.490000009536743,2.4649999141693115,2.4800000190734863,28409.0
2024-03-01 11:46:00,CRDL,1.9325000047683716,1.9325000047683716,1.9325000047683716,1.9325000047683716,1.9325000047683716,2053.0
2024-03-01 11:46:00,CRMD,3.7100000381469727,3.7100000381469727,3.7100000381469727,3.7100000381469727,3.7100000381469727,1747.0
2024-03-01 11:46:00,CRON,2.0450000762939453,2.0450000762939453,2.0450000762939453,2.0399999618530273,2.0450000762939453,36691.0
2024-03-01 11:46:00,CRSP,85.5199966430664,85.5199966430664,85.60299682617188,85.5199966430664,85.60299682617188,2368.0
2024-03-01 11:46:00,CRVS,2.240000009536743,2.240000009536743,2.240000009536743,2.240000009536743,2.240000009536743,567.0
2024-03-01 11:46:00,CSTL,19.950000762939453,19.950000762939453,19.950000762939453,19.920000076293945,19.920000076293945,804.0
2024-03-01 11:46:00,CTSO,0.9714630246162415,0.9714630246162415,0.9900000095367432,0.9649999737739563,0.9649999737739563,978.0
2024-03-01 11:46:00,CTXR,0.7784000039100647,0.7784000039100647,0.7784000039100647,0.7784000039100647,0.7784000039100647,120.0
2024-03-01 11:46:00,CUE,2.1600000858306885,2.1600000858306885,2.1600000858306885,2.1600000858306885,2.1600000858306885,199.0
2024-03-01 11:46:00,CUTR,2.4000000953674316,2.4000000953674316,2.4000000953674316,2.4000000953674316,2.4000000953674316,147.0
2024-03-01 11:46:00,CVAC,3.450000047683716,3.450000047683716,3.450000047683716,3.450000047683716,3.450000047683716,100.0
2024-03-01 11:46:00,CYTK,73.80999755859375,73.80999755859375,73.84500122070312,73.80999755859375,73.84500122070312,902.0
2024-03-01 11:46:00,DARE,0.5649999976158142,0.5649999976158142,0.5650100111961365,0.5648999810218811,0.5648999810218811,4264.0
2024-03-01 11:46:00,DCGO,4.099999904632568,4.099999904632568,4.099999904632568,4.099999904632568,4.099999904632568,250.0
2024-03-01 11:46:00,DCPH,17.349899291992188,17.349899291992188,17.350000381469727,17.209999084472656,17.218700408935547,8762.0
2024-03-01 11:46:00,DH,9.010000228881836,9.010000228881836,9.010000228881836,9.0,9.0,1470.0
2024-03-01 11:46:00,DMTK,0.839900016784668,0.839900016784668,0.839900016784668,0.8299999833106995,0.8349000215530396,6169.0
2024-03-01 11:46:00,DNLI,20.719999313354492,20.719999313354492,20.75,20.719999313354492,20.75,2771.0
2024-03-01 11:46:00,DRIO,2.0199999809265137,2.0199999809265137,2.0199999809265137,2.0199999809265137,2.0199999809265137,239.0
2024-03-01 11:46:00,DTIL,12.359999656677246,12.359999656677246,12.399999618530273,12.329999923706055,12.329999923706055,8870.0
2024-03-01 11:46:00,DXCM,119.33999633789062,119.33999633789062,119.46499633789062,119.33999633789062,119.45999908447266,6635.0
2024-03-01 11:46:00,DYN,29.3799991607666,29.3799991607666,29.3799991607666,29.3799991607666,29.3799991607666,385.0
2024-03-01 11:46:00,EDIT,10.920000076293945,10.920000076293945,10.944999694824219,10.920000076293945,10.944999694824219,1799.0
2024-03-01 11:46:00,EGRX,6.664999961853027,6.664999961853027,6.670000076293945,6.650000095367432,6.670000076293945,2477.0
2024-03-01 11:46:00,ELEV,5.0,5.0,5.0,4.989999771118164,4.989999771118164,422.0
2024-03-01 11:46:00,ENSC,0.9401010274887085,0.9401010274887085,0.9401010274887085,0.9401010274887085,0.9401010274887085,1050.0
2024-03-01 11:46:00,ENSG,123.31999969482422,123.31999969482422,123.4000015258789,123.2300033569336,123.36000061035156,3838.0
2024-03-01 11:46:00,ENTA,15.199999809265137,15.199999809265137,15.199999809265137,15.199999809265137,15.199999809265137,100.0
2024-03-01 11:46:00,ENVB,1.6299999952316284,1.6299999952316284,1.6399999856948853,1.600000023841858,1.600000023841858,39925.0
2024-03-01 11:46:00,EQ,2.4649999141693115,2.4649999141693115,2.4649999141693115,2.4649999141693115,2.4649999141693115,180.0
2024-03-01 11:46:00,ESPR,2.5250000953674316,2.5250000953674316,2.5299999713897705,2.5250000953674316,2.5299999713897705,10423.0
2024-03-01 11:46:00,ESTA,45.650001525878906,45.650001525878906,45.650001525878906,45.650001525878906,45.650001525878906,574.0
2024-03-01 11:46:00,ETNB,12.920000076293945,12.920000076293945,12.920000076293945,12.885000228881836,12.899999618530273,2412.0
2024-03-01 11:46:00,EWTX,16.989999771118164,16.989999771118164,17.0,16.989999771118164,17.0,1918.0
2024-03-01 11:46:00,EXAS,59.720001220703125,59.720001220703125,59.720001220703125,59.619998931884766,59.619998931884766,2755.0
2024-03-01 11:46:00,EXEL,22.545000076293945,22.545000076293945,22.545000076293945,22.540000915527344,22.540000915527344,1423.0
2024-03-01 11:46:00,EYEN,2.2699999809265137,2.2699999809265137,2.2699999809265137,2.2699999809265137,2.2699999809265137,36496.0
2024-03-01 11:46:00,EYPT,28.235000610351562,28.235000610351562,28.235000610351562,28.235000610351562,28.235000610351562,612.0
2024-03-01 11:46:00,FATE,7.394999980926514,7.394999980926514,7.409999847412109,7.394999980926514,7.409999847412109,1511.0
2024-03-01 11:46:00,FDMT,29.170000076293945,29.170000076293945,29.239999771118164,29.170000076293945,29.239999771118164,2235.0
2024-03-01 11:46:00,FGEN,1.7899999618530273,1.7899999618530273,1.7999999523162842,1.7899999618530273,1.7949999570846558,1587.0
2024-03-01 11:46:00,FOLD,13.3100004196167,13.3100004196167,13.324999809265137,13.3100004196167,13.324999809265137,2434.0
2024-03-01 11:46:00,FUSN,12.430000305175781,12.430000305175781,12.449999809265137,12.430000305175781,12.449999809265137,325.0
2024-03-01 11:46:00,GALT,1.9950000047683716,1.9950000047683716,1.9950000047683716,1.9950000047683716,1.9950000047683716,290.0
2024-03-01 11:46:00,GCTK,0.3009999990463257,0.3009999990463257,0.3009999990463257,0.2994999885559082,0.30000001192092896,721.0
2024-03-01 11:46:00,GDRX,8.281000137329102,8.281000137329102,8.281000137329102,8.281000137329102,8.281000137329102,185.0
2024-03-01 11:46:00,GENE,2.2499001026153564,2.2499001026153564,2.25,2.240000009536743,2.240000009536743,2348.0
2024-03-01 11:46:00,GERN,2.1600000858306885,2.1600000858306885,2.1721999645233154,2.1600000858306885,2.1700000762939453,27454.0
2024-03-01 11:46:00,GH,19.229999542236328,19.229999542236328,19.239999771118164,19.229999542236328,19.235000610351562,1213.0
2024-03-01 11:46:00,GILD,72.375,72.375,72.4000015258789,72.37000274658203,72.4000015258789,10094.0
2024-03-01 11:46:00,GMAB,29.39189910888672,29.39189910888672,29.40999984741211,29.39189910888672,29.40999984741211,1200.0
2024-03-01 11:46:00,GMDA,0.3833000063896179,0.3833000063896179,0.38350000977516174,0.3833000063896179,0.3833000063896179,5601.0
2024-03-01 11:46:00,GOSS,1.340000033378601,1.340000033378601,1.350000023841858,1.340000033378601,1.350000023841858,26900.0
2024-03-01 11:46:00,GRFS,7.09499979019165,7.09499979019165,7.099899768829346,7.090099811553955,7.099899768829346,3396.0
2024-03-01 11:46:00,GRTS,2.194999933242798,2.194999933242798,2.199899911880493,2.190000057220459,2.194999933242798,6876.0
2024-03-01 11:46:00,GTHX,3.6298999786376953,3.6298999786376953,3.630000114440918,3.625999927520752,3.625999927520752,2622.0
2024-03-01 11:46:00,HARP,22.9325008392334,22.9325008392334,22.9325008392334,22.9325008392334,22.9325008392334,112.0
2024-03-01 11:46:00,HCAT,7.909999847412109,7.909999847412109,7.909999847412109,7.889999866485596,7.889999866485596,6272.0
2024-03-01 11:46:00,HCTI,2.5199999809265137,2.5199999809265137,2.5899999141693115,2.5199999809265137,2.5899999141693115,2914.0
2024-03-01 11:46:00,HLTH,0.27399998903274536,0.27399998903274536,0.2752000093460083,0.27399998903274536,0.2752000093460083,392.0
2024-03-01 11:46:00,HOLX,73.81999969482422,73.81999969482422,73.81999969482422,73.81999969482422,73.81999969482422,157.0
2024-03-01 11:46:00,HOWL,6.920000076293945,6.920000076293945,6.920000076293945,6.920000076293945,6.920000076293945,240.0
2024-03-01 11:46:00,HQY,81.30999755859375,81.30999755859375,81.30999755859375,81.23999786376953,81.23999786376953,1779.0
2024-03-01 11:46:00,HROW,10.75,10.75,10.770000457763672,10.75,10.770000457763672,1624.0
2024-03-01 11:46:00,HRTX,2.640000104904175,2.640000104904175,2.640000104904175,2.640000104904175,2.640000104904175,100.0
2024-03-01 11:46:00,HSCS,0.11749999970197678,0.11749999970197678,0.11749999970197678,0.11749999970197678,0.11749999970197678,335.0
2024-03-01 11:46:00,HSIC,77.1050033569336,77.1050033569336,77.1050033569336,77.09750366210938,77.0999984741211,1726.0
2024-03-01 11:46:00,HUMA,3.4549999237060547,3.4549999237060547,3.4800000190734863,3.4549999237060547,3.4749999046325684,50545.0
2024-03-01 11:46:00,IART,36.45000076293945,36.45000076293945,36.45000076293945,36.45000076293945,36.45000076293945,115.0
2024-03-01 11:46:00,IBRX,4.889999866485596,4.889999866485596,4.890100002288818,4.889999866485596,4.890100002288818,1632.0
2024-03-01 11:46:00,IDXX,580.0599975585938,580.0599975585938,580.7825927734375,580.0599975585938,580.4985961914062,977.0
2024-03-01 11:46:00,ILMN,141.92999267578125,141.92999267578125,141.92999267578125,141.85000610351562,141.86599731445312,1798.0
2024-03-01 11:46:00,IMCR,68.13999938964844,68.13999938964844,68.13999938964844,68.13999938964844,68.13999938964844,100.0
2024-03-01 11:46:00,IMMX,3.5299999713897705,3.5299999713897705,3.5299999713897705,3.5299999713897705,3.5299999713897705,148.0
2024-03-01 11:46:00,IMNM,25.485000610351562,25.485000610351562,25.485000610351562,25.40999984741211,25.454999923706055,506.0
2024-03-01 11:46:00,IMTX,13.020000457763672,13.020000457763672,13.020000457763672,13.020000457763672,13.020000457763672,100.0
2024-03-01 11:46:00,IMUX,1.475000023841858,1.475000023841858,1.4789999723434448,1.475000023841858,1.475000023841858,2306.0
2024-03-01 11:46:00,INBX,36.810001373291016,36.810001373291016,36.810001373291016,36.810001373291016,36.810001373291016,757.0
2024-03-01 11:46:00,INCY,59.08000183105469,59.08000183105469,59.08000183105469,59.08000183105469,59.08000183105469,1761.0
2024-03-01 11:46:00,INGN,6.880000114440918,6.880000114440918,6.889999866485596,6.880000114440918,6.889999866485596,1358.0
2024-03-01 11:46:00,INMB,12.029999732971191,12.029999732971191,12.029999732971191,12.029999732971191,12.029999732971191,334.0
2024-03-01 11:46:00,INMD,22.7450008392334,22.7450008392334,22.75,22.7450008392334,22.75,461.0
2024-03-01 11:46:00,INO,9.319999694824219,9.319999694824219,9.319999694824219,9.300000190734863,9.300000190734863,1828.0
2024-03-01 11:46:00,INSM,28.104999542236328,28.104999542236328,28.104999542236328,28.100000381469727,28.100000381469727,1230.0
2024-03-01 11:46:00,INVA,15.630000114440918,15.630000114440918,15.630000114440918,15.630000114440918,15.630000114440918,1158.0
2024-03-01 11:46:00,INZY,6.509099960327148,6.509099960327148,6.509099960327148,6.509099960327148,6.509099960327148,200.0
2024-03-01 11:46:00,IONS,45.91999816894531,45.91999816894531,45.91999816894531,45.91999816894531,45.91999816894531,353.0
2024-03-01 11:46:00,IOVA,16.729999542236328,16.729999542236328,16.75,16.719999313354492,16.747699737548828,15212.0
2024-03-01 11:46:00,IRWD,9.041099548339844,9.041099548339844,9.0600004196167,9.029999732971191,9.029999732971191,17847.0
2024-03-01 11:46:00,ISRG,393.5400085449219,393.5400085449219,393.5899963378906,393.37921142578125,393.37921142578125,1493.0
2024-03-01 11:46:00,ITCI,71.37999725341797,71.37999725341797,71.37999725341797,71.37000274658203,71.37000274658203,346.0
2024-03-01 11:46:00,ITOS,10.760000228881836,10.760000228881836,10.760000228881836,10.760000228881836,10.760000228881836,100.0
2024-03-01 11:46:00,IVVD,4.019999980926514,4.019999980926514,4.019999980926514,4.010000228881836,4.019999980926514,1260.0
2024-03-01 11:46:00,IXHL,5.462500095367432,5.462500095367432,5.462500095367432,5.440000057220459,5.440000057220459,3535.0
2024-03-01 11:46:00,JAGX,0.07190000265836716,0.07190000265836716,0.0738999992609024,0.0714000016450882,0.0723000019788742,1978235.0
2024-03-01 11:46:00,JANX,46.82500076293945,46.82500076293945,46.82500076293945,46.82500076293945,46.82500076293945,237.0
2024-03-01 11:46:00,JAZZ,119.51000213623047,119.51000213623047,119.56999969482422,119.51000213623047,119.56999969482422,363.0
2024-03-01 11:46:00,KALV,13.970000267028809,13.970000267028809,13.979999542236328,13.970000267028809,13.979999542236328,352.0
2024-03-01 11:46:00,KNSA,21.770000457763672,21.770000457763672,21.809999465942383,21.770000457763672,21.809999465942383,959.0
2024-03-01 11:46:00,KPTI,1.215000033378601,1.215000033378601,1.215000033378601,1.2100000381469727,1.215000033378601,1274.0
2024-03-01 11:46:00,KROS,69.4000015258789,69.4000015258789,69.5999984741211,69.4000015258789,69.5999984741211,926.0
2024-03-01 11:46:00,KRYS,166.1699981689453,166.1699981689453,166.5,166.1699981689453,166.5,1371.0
2024-03-01 11:46:00,KTRA,0.09860000014305115,0.09860000014305115,0.09860000014305115,0.09849999845027924,0.09860000014305115,8103.0
2024-03-01 11:46:00,KURA,21.309999465942383,21.309999465942383,21.31999969482422,21.309999465942383,21.31999969482422,334.0
2024-03-01 11:46:00,KYMR,43.81999969482422,43.81999969482422,43.92499923706055,43.81999969482422,43.849998474121094,2543.0
2024-03-01 11:46:00,KZIA,0.23330000042915344,0.23330000042915344,0.23330000042915344,0.23330000042915344,0.23330000042915344,468.0
2024-03-01 11:46:00,KZR,1.0800000429153442,1.0800000429153442,1.0800000429153442,1.0800000429153442,1.0800000429153442,8380.0
2024-03-01 11:46:00,LAB,2.434999942779541,2.434999942779541,2.450000047683716,2.430000066757202,2.450000047683716,22867.0
2024-03-01 11:46:00,LEGN,65.91999816894531,65.91999816894531,65.91999816894531,65.91999816894531,65.91999816894531,488.0
2024-03-01 11:46:00,LEXX,2.6463000774383545,2.6463000774383545,2.6500000953674316,2.6401000022888184,2.6401000022888184,1250.0
2024-03-01 11:46:00,LFMD,7.960000038146973,7.960000038146973,7.960000038146973,7.960000038146973,7.960000038146973,102.0
2024-03-01 11:46:00,LFST,7.988800048828125,7.988800048828125,7.988800048828125,7.988800048828125,7.988800048828125,150.0
2024-03-01 11:46:00,LGND,78.18000030517578,78.18000030517578,78.18000030517578,78.18000030517578,78.18000030517578,590.0
2024-03-01 11:46:00,LIAN,4.860000133514404,4.860000133514404,4.860000133514404,4.860000133514404,4.860000133514404,100.0
2024-03-01 11:46:00,LMAT,67.30000305175781,67.30000305175781,67.30000305175781,67.16999816894531,67.23500061035156,427.0
2024-03-01 11:46:00,LNTH,65.29499816894531,65.29499816894531,65.29499816894531,65.29000091552734,65.29000091552734,330.0
2024-03-01 11:46:00,LQDA,14.300000190734863,14.300000190734863,14.300000190734863,14.289999961853027,14.289999961853027,424.0
2024-03-01 11:46:00,LTRN,4.679999828338623,4.679999828338623,4.679999828338623,4.679999828338623,4.679999828338623,100.0
2024-03-01 11:46:00,LUCD,1.2300000190734863,1.2300000190734863,1.2300000190734863,1.2300000190734863,1.2300000190734863,207.0
2024-03-01 11:46:00,LVTX,3.200000047683716,3.200000047683716,3.200000047683716,3.130000114440918,3.1600000858306885,15923.0
2024-03-01 11:46:00,LXRX,2.4200000762939453,2.4200000762939453,2.4200000762939453,2.4149999618530273,2.4149999618530273,4072.0
2024-03-01 11:46:00,LYEL,3.1712000370025635,3.1712000370025635,3.174999952316284,3.1712000370025635,3.174999952316284,200.0
2024-03-01 11:46:00,LYRA,5.559999942779541,5.559999942779541,5.559999942779541,5.559999942779541,5.559999942779541,121.0
2024-03-01 11:46:00,MASI,126.88500213623047,126.88500213623047,126.88500213623047,126.88500213623047,126.88500213623047,314.0
2024-03-01 11:46:00,MCRB,1.201200008392334,1.201200008392334,1.201200008392334,1.2000999450683594,1.2000999450683594,424.0
2024-03-01 11:46:00,MDGL,242.24000549316406,242.24000549316406,242.24000549316406,242.24000549316406,242.24000549316406,1340.0
2024-03-01 11:46:00,MDRX,6.050000190734863,6.050000190734863,6.099999904632568,6.050000190734863,6.050000190734863,15397.0
2024-03-01 11:46:00,MDWD,14.33489990234375,14.33489990234375,14.33489990234375,14.33489990234375,14.33489990234375,587.0
2024-03-01 11:46:00,MDXG,8.579999923706055,8.579999923706055,8.579999923706055,8.574999809265137,8.574999809265137,569.0
2024-03-01 11:46:00,ME,0.5705999732017517,0.5705999732017517,0.5726500153541565,0.5705999732017517,0.5717999935150146,3366.0
2024-03-01 11:46:00,MGNX,18.899999618530273,18.899999618530273,18.920000076293945,18.895000457763672,18.920000076293945,2941.0
2024-03-01 11:46:00,MGTX,6.324999809265137,6.324999809265137,6.324999809265137,6.324999809265137,6.324999809265137,141.0
2024-03-01 11:46:00,MHUA,0.6901000142097473,0.6901000142097473,0.6901000142097473,0.6901000142097473,0.6901000142097473,300.0
2024-03-01 11:46:00,MNKD,4.644999980926514,4.644999980926514,4.690000057220459,4.639999866485596,4.680099964141846,79074.0
2024-03-01 11:46:00,MNMD,6.097700119018555,6.097700119018555,6.097700119018555,6.059999942779541,6.059999942779541,9798.0
2024-03-01 11:46:00,MODD,1.899999976158142,1.899999976158142,1.909999966621399,1.899999976158142,1.909999966621399,3115.0
2024-03-01 11:46:00,MORF,38.650001525878906,38.650001525878906,38.650001525878906,38.650001525878906,38.650001525878906,246.0
2024-03-01 11:46:00,MREO,3.8399999141693115,3.8399999141693115,3.8399999141693115,3.8399999141693115,3.8399999141693115,317.0
2024-03-01 11:46:00,MRNA,96.35600280761719,96.35600280761719,96.36000061035156,96.26000213623047,96.2699966430664,6387.0
2024-03-01 11:46:00,MRSN,6.005000114440918,6.005000114440918,6.010000228881836,6.005000114440918,6.005000114440918,4438.0
2024-03-01 11:46:00,MRUS,51.630001068115234,51.630001068115234,51.630001068115234,51.349998474121094,51.369998931884766,1846.0
2024-03-01 11:46:00,MRVI,7.820000171661377,7.820000171661377,7.824999809265137,7.820000171661377,7.824999809265137,418.0
2024-03-01 11:46:00,MXCT,4.724999904632568,4.724999904632568,4.724999904632568,4.724999904632568,4.724999904632568,310.0
2024-03-01 11:46:00,MYGN,21.479999542236328,21.479999542236328,21.479999542236328,21.440000534057617,21.440000534057617,1000.0
2024-03-01 11:46:00,NARI,46.23500061035156,46.23500061035156,46.23500061035156,46.23500061035156,46.23500061035156,303.0
2024-03-01 11:46:00,NAUT,2.6600000858306885,2.6600000858306885,2.690000057220459,2.6600000858306885,2.6600000858306885,912.0
2024-03-01 11:46:00,NEO,16.040000915527344,16.040000915527344,16.059999465942383,16.040000915527344,16.059999465942383,1390.0
2024-03-01 11:46:00,NEOG,17.264999389648438,17.264999389648438,17.264999389648438,17.264999389648438,17.264999389648438,460.0
2024-03-01 11:46:00,NERV,2.5,2.5,2.5,2.5,2.5,1300.0
2024-03-01 11:46:00,NGM,1.5299999713897705,1.5299999713897705,1.5299999713897705,1.5299999713897705,1.5299999713897705,1413.0
2024-03-01 11:46:00,NKTR,0.7746000289916992,0.7746000289916992,0.779699981212616,0.7746000289916992,0.779699981212616,3171.0
2024-03-01 11:46:00,NKTX,12.78499984741211,12.78499984741211,12.800000190734863,12.78499984741211,12.789999961853027,524.0
2024-03-01 11:46:00,NNOX,11.069999694824219,11.069999694824219,11.079999923706055,11.069999694824219,11.079999923706055,1504.0
2024-03-01 11:46:00,NOTV,8.10569953918457,8.10569953918457,8.130000114440918,8.10569953918457,8.130000114440918,860.0
2024-03-01 11:46:00,NPCE,16.15999984741211,16.15999984741211,16.18000030517578,16.034900665283203,16.18000030517578,798.0
2024-03-01 11:46:00,NRBO,5.800000190734863,5.800000190734863,5.800000190734863,5.789999961853027,5.789999961853027,1105.0
2024-03-01 11:46:00,NRC,40.54499816894531,40.54499816894531,40.54499816894531,40.54499816894531,40.54499816894531,487.0
2024-03-01 11:46:00,NRIX,13.199999809265137,13.199999809265137,13.199999809265137,13.1899995803833,13.1899995803833,763.0
2024-03-01 11:46:00,NRXP,0.41999998688697815,0.41999998688697815,0.41999998688697815,0.41999998688697815,0.41999998688697815,203.0
2024-03-01 11:46:00,NTLA,33.41999816894531,33.41999816894531,33.435001373291016,33.41999816894531,33.435001373291016,844.0
2024-03-01 11:46:00,NTRA,89.12999725341797,89.12999725341797,89.20999908447266,89.11000061035156,89.16500091552734,4110.0
2024-03-01 11:46:00,NURO,3.950200080871582,3.950200080871582,3.990000009536743,3.950200080871582,3.990000009536743,1350.0
2024-03-01 11:46:00,NVAX,5.110000133514404,5.110000133514404,5.119900226593018,5.105000019073486,5.114999771118164,28132.0
2024-03-01 11:46:00,NVOS,0.6262999773025513,0.6262999773025513,0.6263999938964844,0.6262999773025513,0.6263999938964844,1202.0
2024-03-01 11:46:00,NYXH,15.5600004196167,15.5600004196167,15.5600004196167,15.5600004196167,15.5600004196167,122.0
2024-03-01 11:46:00,OCGN,0.9285500049591064,0.9285500049591064,0.9285500049591064,0.9285500049591064,0.9285500049591064,779.0
2024-03-01 11:46:00,OCUL,10.489999771118164,10.489999771118164,10.489999771118164,10.479999542236328,10.48069953918457,2311.0
2024-03-01 11:46:00,OCUP,2.5,2.5,2.5,2.5,2.5,400.0
2024-03-01 11:46:00,OFIX,12.885000228881836,12.885000228881836,12.885000228881836,12.885000228881836,12.885000228881836,304.0
2024-03-01 11:46:00,OGI,2.119999885559082,2.119999885559082,2.121000051498413,2.119999885559082,2.121000051498413,1538.0
2024-03-01 11:46:00,OLMA,13.430000305175781,13.430000305175781,13.430000305175781,13.430000305175781,13.430000305175781,255.0
2024-03-01 11:46:00,OMER,4.724999904632568,4.724999904632568,4.735000133514404,4.724999904632568,4.735000133514404,1279.0
2024-03-01 11:46:00,OMGA,4.21999979019165,4.21999979019165,4.227099895477295,4.21999979019165,4.21999979019165,2636.0
2024-03-01 11:47:00,ABCL,5.210000038146973,5.210000038146973,5.210000038146973,5.210000038146973,5.210000038146973,1892.0
2024-03-01 11:47:00,ABEO,7.574999809265137,7.574999809265137,7.574999809265137,7.574999809265137,7.574999809265137,110.0
2024-03-01 11:47:00,ABSI,5.179999828338623,5.179999828338623,5.179999828338623,5.175000190734863,5.179999828338623,404.0
2024-03-01 11:47:00,ABUS,2.7750000953674316,2.7750000953674316,2.7750000953674316,2.7750000953674316,2.7750000953674316,231.0
2024-03-01 11:47:00,ACAD,23.81999969482422,23.81999969482422,23.829999923706055,23.809999465942383,23.809999465942383,3515.0
2024-03-01 11:47:00,ACB,3.1500000953674316,3.1500000953674316,3.1500000953674316,3.1486001014709473,3.1500000953674316,749.0
2024-03-01 11:47:00,ACET,2.3949999809265137,2.3949999809265137,2.3949999809265137,2.3949999809265137,2.3949999809265137,496.0
2024-03-01 11:47:00,ACHC,83.9800033569336,83.9800033569336,83.9800033569336,83.9800033569336,83.9800033569336,476.0
2024-03-01 11:47:00,ACHV,4.25,4.25,4.25,4.25,4.25,206.0
2024-03-01 11:47:00,ACLX,67.31999969482422,67.31999969482422,67.5199966430664,67.31999969482422,67.5199966430664,1757.0
2024-03-01 11:47:00,ACRS,1.2100000381469727,1.2100000381469727,1.2100000381469727,1.2100000381469727,1.2100000381469727,3508.0
2024-03-01 11:47:00,ADAP,1.6100000143051147,1.6100000143051147,1.6100000143051147,1.5800000429153442,1.5950000286102295,1457.0
2024-03-01 11:47:00,ADIL,3.0399999618530273,3.0399999618530273,3.059999942779541,3.0299999713897705,3.050299882888794,13822.0
2024-03-01 11:47:00,ADMA,5.360000133514404,5.360000133514404,5.364999771118164,5.360000133514404,5.360000133514404,1594.0
2024-03-01 11:47:00,ADPT,4.179999828338623,4.179999828338623,4.190000057220459,4.179999828338623,4.190000057220459,1705.0
2024-03-01 11:47:00,ADUS,93.66000366210938,93.66000366210938,93.7699966430664,93.66000366210938,93.66999816894531,911.0
2024-03-01 11:47:00,ADVM,1.9800000190734863,1.9800000190734863,1.9800000190734863,1.9800000190734863,1.9800000190734863,1450.0
2024-03-01 11:47:00,AGEN,0.6711750030517578,0.6711750030517578,0.6711999773979187,0.6711000204086304,0.6711999773979187,9465.0
2024-03-01 11:47:00,AGIO,32.869998931884766,32.869998931884766,32.88999938964844,32.849998474121094,32.88100051879883,761.0
2024-03-01 11:47:00,AHCO,10.760000228881836,10.760000228881836,10.765000343322754,10.760000228881836,10.765000343322754,364.0
2024-03-01 11:47:00,AIMD,0.9419999718666077,0.9419999718666077,0.9438999891281128,0.9419999718666077,0.9419999718666077,2300.0
2024-03-01 11:47:00,AIRS,6.420000076293945,6.420000076293945,6.420000076293945,6.420000076293945,6.420000076293945,100.0
2024-03-01 11:47:00,AKAN,0.2420009970664978,0.2420009970664978,0.2420009970664978,0.2420009970664978,0.2420009970664978,184.0
2024-03-01 11:47:00,AKBA,1.659999966621399,1.659999966621399,1.6699999570846558,1.659999966621399,1.6699999570846558,431.0
2024-03-01 11:47:00,AKRO,29.18000030517578,29.18000030517578,29.18000030517578,29.170000076293945,29.170000076293945,1527.0
2024-03-01 11:47:00,ALDX,4.139999866485596,4.139999866485596,4.1508002281188965,4.139999866485596,4.1508002281188965,3727.0
2024-03-01 11:47:00,ALEC,7.46999979019165,7.46999979019165,7.480000019073486,7.46999979019165,7.46999979019165,800.0
2024-03-01 11:47:00,ALGS,1.0800000429153442,1.0800000429153442,1.0800000429153442,1.0750000476837158,1.0750000476837158,2700.0
2024-03-01 11:47:00,ALHC,5.699999809265137,5.699999809265137,5.71999979019165,5.690000057220459,5.690000057220459,6449.0
2024-03-01 11:47:00,ALKS,30.200000762939453,30.200000762939453,30.200000762939453,30.200000762939453,30.200000762939453,1153.0
2024-03-01 11:47:00,ALLK,1.5950000286102295,1.5950000286102295,1.600000023841858,1.5950000286102295,1.600000023841858,843.0
2024-03-01 11:47:00,ALLO,5.045000076293945,5.045000076293945,5.045000076293945,5.039999961853027,5.039999961853027,914.0
2024-03-01 11:47:00,ALNY,153.8000030517578,153.8000030517578,153.8699951171875,153.70140075683594,153.70140075683594,1159.0
2024-03-01 11:47:00,ALPN,35.91999816894531,35.91999816894531,35.91999816894531,35.849998474121094,35.880001068115234,6998.0
2024-03-01 11:47:00,ALT,12.130000114440918,12.130000114440918,12.149999618530273,12.130000114440918,12.149999618530273,2461.0
2024-03-01 11:47:00,ALXO,14.925000190734863,14.925000190734863,14.930000305175781,14.84000015258789,14.869999885559082,4134.0
2024-03-01 11:47:00,AMED,93.2300033569336,93.2300033569336,93.28500366210938,93.19000244140625,93.28500366210938,1395.0
2024-03-01 11:47:00,AMGN,280.6199951171875,280.6199951171875,280.92999267578125,280.55499267578125,280.875,15453.0
2024-03-01 11:47:00,AMLX,18.68000030517578,18.68000030517578,18.719999313354492,18.68000030517578,18.719999313354492,8038.0
2024-03-01 11:47:00,AMPH,45.259300231933594,45.259300231933594,45.290000915527344,45.244998931884766,45.244998931884766,1766.0
2024-03-01 11:47:00,AMRN,1.0549999475479126,1.0549999475479126,1.0549999475479126,1.0499999523162842,1.0499999523162842,1295.0
2024-03-01 11:47:00,ANGO,5.510000228881836,5.510000228881836,5.539999961853027,5.510000228881836,5.539999961853027,4508.0
2024-03-01 11:47:00,ANIP,67.02999877929688,67.02999877929688,67.05999755859375,67.02999877929688,67.05999755859375,583.0
2024-03-01 11:47:00,ANNX,5.989999771118164,5.989999771118164,5.989999771118164,5.980000019073486,5.980000019073486,648.0
2024-03-01 11:47:00,ANTX,2.990000009536743,2.990000009536743,2.990000009536743,2.990000009536743,2.990000009536743,464.0
2024-03-01 11:47:00,APLS,65.45999908447266,65.45999908447266,65.59500122070312,65.44000244140625,65.59500122070312,8223.0
2024-03-01 11:47:00,APLT,7.150000095367432,7.150000095367432,7.150000095367432,7.139999866485596,7.139999866485596,839.0
2024-03-01 11:47:00,APVO,0.16089999675750732,0.16089999675750732,0.16089999675750732,0.16089999675750732,0.16089999675750732,3510.0
2024-03-01 11:47:00,AQST,4.335000038146973,4.335000038146973,4.349999904632568,4.329999923706055,4.349999904632568,9457.0
2024-03-01 11:47:00,ARAY,2.630000114440918,2.630000114440918,2.630000114440918,2.630000114440918,2.630000114440918,2967.0
2024-03-01 11:47:00,ARCT,39.16999816894531,39.16999816894531,39.16999816894531,39.16999816894531,39.16999816894531,100.0
2024-03-01 11:47:00,ARDX,9.574999809265137,9.574999809265137,9.574999809265137,9.5649995803833,9.5649995803833,3622.0
2024-03-01 11:47:00,ARQT,11.42240047454834,11.42240047454834,11.42240047454834,11.37339973449707,11.40999984741211,9562.0
2024-03-01 11:47:00,ARVN,48.529998779296875,48.529998779296875,48.584999084472656,48.529998779296875,48.584999084472656,731.0
2024-03-01 11:47:00,ARWR,35.683998107910156,35.683998107910156,35.7599983215332,35.683998107910156,35.7599983215332,1722.0
2024-03-01 11:47:00,ASRT,0.9100000262260437,0.9100000262260437,0.9100000262260437,0.9100000262260437,0.9100000262260437,1191.0
2024-03-01 11:47:00,ATEC,13.5600004196167,13.5600004196167,13.569999694824219,13.5600004196167,13.5600004196167,3400.0
2024-03-01 11:47:00,ATRA,0.8001000285148621,0.8001000285148621,0.805899977684021,0.8001000285148621,0.8029500246047974,550.0
2024-03-01 11:47:00,ATRC,35.880001068115234,35.880001068115234,36.029998779296875,35.849998474121094,36.029998779296875,20458.0
2024-03-01 11:47:00,ATXS,15.020000457763672,15.020000457763672,15.069999694824219,14.970000267028809,15.069999694824219,18553.0
2024-03-01 11:47:00,AUGX,4.590000152587891,4.590000152587891,4.590000152587891,4.590000152587891,4.590000152587891,100.0
2024-03-01 11:47:00,AUPH,5.809999942779541,5.809999942779541,5.809999942779541,5.804999828338623,5.8069000244140625,2157.0
2024-03-01 11:47:00,AVAH,2.369999885559082,2.369999885559082,2.369999885559082,2.369999885559082,2.369999885559082,468.0
2024-03-01 11:47:00,AVDL,12.65999984741211,12.65999984741211,12.65999984741211,12.625800132751465,12.625800132751465,623.0
2024-03-01 11:47:00,AVGR,3.774199962615967,3.774199962615967,3.774199962615967,3.774199962615967,3.774199962615967,181.0
2024-03-01 11:47:00,AVIR,4.460000038146973,4.460000038146973,4.460000038146973,4.460000038146973,4.460000038146973,1257.0
2024-03-01 11:47:00,AVTE,23.450000762939453,23.450000762939453,23.700000762939453,23.350000381469727,23.700000762939453,2608.0
2024-03-01 11:47:00,AVXL,5.360000133514404,5.360000133514404,5.360000133514404,5.360000133514404,5.360000133514404,1019.0
2024-03-01 11:47:00,AXNX,67.26499938964844,67.26499938964844,67.26499938964844,67.26499938964844,67.26499938964844,542.0
2024-03-01 11:47:00,AXSM,82.95500183105469,82.95500183105469,82.95500183105469,82.95500183105469,82.95500183105469,485.0
2024-03-01 11:47:00,AZN,64.52999877929688,64.52999877929688,64.5530014038086,64.5250015258789,64.5530014038086,13528.0
2024-03-01 11:47:00,AZTA,66.2300033569336,66.2300033569336,66.26499938964844,66.2300033569336,66.26499938964844,237.0
2024-03-01 11:47:00,BBIO,35.810001373291016,35.810001373291016,35.86000061035156,35.810001373291016,35.86000061035156,2203.0
2024-03-01 11:47:00,BBLG,2.3334999084472656,2.3334999084472656,2.3334999084472656,2.3334999084472656,2.3334999084472656,214.0
2024-03-01 11:47:00,BCAB,2.7699999809265137,2.7699999809265137,2.7799999713897705,2.7699999809265137,2.7799999713897705,898.0
2024-03-01 11:47:00,BCDA,0.5699999928474426,0.5699999928474426,0.5699999928474426,0.5699999928474426,0.5699999928474426,2008.0
2024-03-01 11:47:00,BCEL,0.2653000056743622,0.2653000056743622,0.2653000056743622,0.2653000056743622,0.2653000056743622,500.0
2024-03-01 11:47:00,BCLI,0.350600004196167,0.350600004196167,0.350600004196167,0.350600004196167,0.350600004196167,1000.0
2024-03-01 11:47:00,BCRX,5.784999847412109,5.784999847412109,5.804999828338623,5.78000020980835,5.804999828338623,8237.0
2024-03-01 11:47:00,BDSX,1.6399999856948853,1.6399999856948853,1.6399999856948853,1.6399999856948853,1.6399999856948853,1000.0
2024-03-01 11:47:00,BDTX,5.014999866485596,5.014999866485596,5.019999980926514,5.010000228881836,5.010000228881836,1472.0
2024-03-01 11:47:00,BEAM,40.14500045776367,40.14500045776367,40.17509841918945,40.11970138549805,40.119998931884766,1293.0
2024-03-01 11:47:00,BGNE,167.0850067138672,167.0850067138672,167.0850067138672,167.0850067138672,167.0850067138672,693.0
2024-03-01 11:47:00,BGXX,0.2680000066757202,0.2680000066757202,0.2680000066757202,0.2680000066757202,0.2680000066757202,431.0
2024-03-01 11:47:00,BIIB,219.6699981689453,219.6699981689453,220.09500122070312,219.63999938964844,220.09500122070312,7525.0
2024-03-01 11:47:00,BIOL,0.1378999948501587,0.1378999948501587,0.1378999948501587,0.1370999962091446,0.1370999962091446,4551.0
2024-03-01 11:47:00,BIVI,2.2300000190734863,2.2300000190734863,2.240000009536743,2.190000057220459,2.200000047683716,30829.0
2024-03-01 11:47:00,BLFS,18.24799919128418,18.24799919128418,18.24799919128418,18.239999771118164,18.239999771118164,818.0
2024-03-01 11:47:00,BLTE,46.5,46.5,46.5,46.16279983520508,46.16279983520508,4536.0
2024-03-01 11:47:00,BLUE,1.5800000429153442,1.5800000429153442,1.5800000429153442,1.5700000524520874,1.5800000429153442,33032.0
2024-03-01 11:47:00,BMEA,17.84000015258789,17.84000015258789,17.8799991607666,17.84000015258789,17.8799991607666,1307.0
2024-03-01 11:47:00,BMRN,86.9000015258789,86.9000015258789,86.91999816894531,86.88500213623047,86.91999816894531,1762.0
2024-03-01 11:47:00,BNGO,1.25,1.25,1.25,1.25,1.25,659.0
2024-03-01 11:47:00,BNTX,91.95999908447266,91.95999908447266,92.0999984741211,91.95999908447266,92.0999984741211,2447.0
2024-03-01 11:47:00,BPMC,97.16999816894531,97.16999816894531,97.16999816894531,97.11000061035156,97.16500091552734,617.0
2024-03-01 11:47:00,BRKR,87.91000366210938,87.91000366210938,87.93000030517578,87.9000015258789,87.91000366210938,1037.0
2024-03-01 11:47:00,BRTX,1.5298999547958374,1.5298999547958374,1.5299999713897705,1.5049999952316284,1.5299999713897705,2830.0
2024-03-01 11:47:00,BTTX,0.16940000653266907,0.16940000653266907,0.16940000653266907,0.16869999468326569,0.16869999468326569,11194.0
2024-03-01 11:47:00,BWAY,6.559999942779541,6.559999942779541,6.559999942779541,6.559999942779541,6.559999942779541,100.0
2024-03-01 11:47:00,CABA,23.969999313354492,23.969999313354492,23.975000381469727,23.94499969482422,23.94499969482422,2297.0
2024-03-01 11:47:00,CARA,0.9218000173568726,0.9218000173568726,0.9218000173568726,0.9218000173568726,0.9218000173568726,1302.0
2024-03-01 11:47:00,CBAY,32.244998931884766,32.244998931884766,32.25,32.244998931884766,32.244998931884766,3014.0
2024-03-01 11:47:00,CCCC,10.90999984741211,10.90999984741211,10.925000190734863,10.90999984741211,10.925000190734863,2579.0
2024-03-01 11:47:00,CDMO,8.180000305175781,8.180000305175781,8.180000305175781,8.180000305175781,8.180000305175781,300.0
2024-03-01 11:47:00,CDNA,12.232000350952148,12.232000350952148,12.232000350952148,12.210000038146973,12.21500015258789,7575.0
2024-03-01 11:47:00,CDXS,4.460000038146973,4.460000038146973,4.460000038146973,4.449999809265137,4.449999809265137,1500.0
2024-03-01 11:47:00,CERE,41.1150016784668,41.1150016784668,41.1150016784668,41.1150016784668,41.1150016784668,281.0
2024-03-01 11:47:00,CERS,2.194999933242798,2.194999933242798,2.200000047683716,2.194999933242798,2.200000047683716,1229.0
2024-03-01 11:47:00,CERT,17.68000030517578,17.68000030517578,17.68000030517578,17.670000076293945,17.670000076293945,1173.0
2024-03-01 11:47:00,CGC,3.265000104904175,3.265000104904175,3.26990008354187,3.259999990463257,3.265000104904175,4895.0
2024-03-01 11:47:00,CGEM,18.84000015258789,18.84000015258789,18.920000076293945,18.84000015258789,18.920000076293945,976.0
2024-03-01 11:47:00,CGTX,2.049999952316284,2.049999952316284,2.049999952316284,2.049999952316284,2.049999952316284,354.0
2024-03-01 11:47:00,CHRS,2.3299999237060547,2.3299999237060547,2.3350000381469727,2.3299999237060547,2.3301000595092773,8178.0
2024-03-01 11:47:00,CING,1.350000023841858,1.350000023841858,1.3580000400543213,1.350000023841858,1.3580000400543213,1120.0
2024-03-01 11:47:00,CKPT,2.200000047683716,2.200000047683716,2.200000047683716,2.180000066757202,2.180000066757202,519.0
2024-03-01 11:47:00,CLDX,52.54999923706055,52.54999923706055,52.54999923706055,52.45100021362305,52.47999954223633,2622.0
2024-03-01 11:47:00,CLNN,0.3949989974498749,0.3949989974498749,0.3949989974498749,0.3949989974498749,0.3949989974498749,100.0
2024-03-01 11:47:00,CLOV,0.8679999709129333,0.8679999709129333,0.8680999875068665,0.8679999709129333,0.8680999875068665,11000.0
2024-03-01 11:47:00,CMPS,11.359999656677246,11.359999656677246,11.359999656677246,11.34000015258789,11.350000381469727,1133.0
2024-03-01 11:47:00,COGT,7.190000057220459,7.190000057220459,7.210000038146973,7.190000057220459,7.210000038146973,3125.0
2024-03-01 11:47:00,CORT,23.790000915527344,23.790000915527344,23.844999313354492,23.790000915527344,23.844999313354492,3100.0
2024-03-01 11:47:00,CPRX,16.9950008392334,16.9950008392334,17.0049991607666,16.985000610351562,16.9950008392334,6484.0
2024-03-01 11:47:00,CPSI,9.460000038146973,9.460000038146973,9.460000038146973,9.4399995803833,9.4399995803833,771.0
2024-03-01 11:47:00,CRBU,7.989999771118164,7.989999771118164,8.010000228881836,7.989999771118164,8.010000228881836,1913.0
2024-03-01 11:47:00,CRDF,2.450200080871582,2.450200080871582,2.4800000190734863,2.450000047683716,2.4700000286102295,16114.0
2024-03-01 11:47:00,CRMD,3.7049999237060547,3.7049999237060547,3.7049999237060547,3.7049999237060547,3.7049999237060547,1093.0
2024-03-01 11:47:00,CRON,2.0450000762939453,2.0450000762939453,2.049999952316284,2.0450000762939453,2.049299955368042,19062.0
2024-03-01 11:47:00,CRSP,85.37999725341797,85.37999725341797,85.5250015258789,85.29000091552734,85.5250015258789,3765.0
2024-03-01 11:47:00,CRVS,2.259999990463257,2.259999990463257,2.259999990463257,2.2200000286102295,2.25,4211.0
2024-03-01 11:47:00,CSTL,20.0049991607666,20.0049991607666,20.09000015258789,19.969999313354492,19.989999771118164,11469.0
2024-03-01 11:47:00,CTKB,8.454999923706055,8.454999923706055,8.479999542236328,8.454999923706055,8.479999542236328,2522.0
2024-03-01 11:47:00,CTXR,0.7750999927520752,0.7750999927520752,0.7750999927520752,0.7750999927520752,0.7750999927520752,216.0
2024-03-01 11:47:00,CUE,2.1600000858306885,2.1600000858306885,2.1600000858306885,2.1600000858306885,2.1600000858306885,125.0
2024-03-01 11:47:00,CVAC,3.450000047683716,3.450000047683716,3.450000047683716,3.450000047683716,3.450000047683716,114.0
2024-03-01 11:47:00,CVRX,20.25,20.25,20.25,20.25,20.25,202.0
2024-03-01 11:47:00,CYTK,73.83000183105469,73.83000183105469,73.83000183105469,73.79000091552734,73.80999755859375,2088.0
2024-03-01 11:47:00,DAWN,17.40999984741211,17.40999984741211,17.449899673461914,17.40999984741211,17.440000534057617,2000.0
2024-03-01 11:47:00,DCGO,4.119999885559082,4.119999885559082,4.119999885559082,4.099999904632568,4.099999904632568,4670.0
2024-03-01 11:47:00,DCPH,17.291400909423828,17.291400909423828,17.350000381469727,17.260000228881836,17.345699310302734,8596.0
2024-03-01 11:47:00,DH,8.994999885559082,8.994999885559082,9.0,8.989999771118164,9.0,3410.0
2024-03-01 11:47:00,DMTK,0.839900016784668,0.839900016784668,0.839900016784668,0.839900016784668,0.839900016784668,121.0
2024-03-01 11:47:00,DNLI,20.739999771118164,20.739999771118164,20.739999771118164,20.719999313354492,20.735000610351562,546.0
2024-03-01 11:47:00,DSGN,2.890000104904175,2.890000104904175,2.9000000953674316,2.890000104904175,2.9000000953674316,1655.0
2024-03-01 11:47:00,DTIL,12.3302001953125,12.3302001953125,12.359999656677246,12.3302001953125,12.345000267028809,3600.0
2024-03-01 11:47:00,DVAX,12.859999656677246,12.859999656677246,12.859999656677246,12.859999656677246,12.859999656677246,1581.0
2024-03-01 11:47:00,DXCM,119.5,119.5,119.52999877929688,119.36000061035156,119.36000061035156,12158.0
2024-03-01 11:47:00,DYN,29.2549991607666,29.2549991607666,29.3799991607666,29.2549991607666,29.3799991607666,1916.0
2024-03-01 11:47:00,EDIT,10.859999656677246,10.859999656677246,10.90999984741211,10.859999656677246,10.90999984741211,3346.0
2024-03-01 11:47:00,ELDN,1.8301000595092773,1.8301000595092773,1.8301000595092773,1.8300000429153442,1.8300000429153442,204.0
2024-03-01 11:47:00,ELEV,4.989999771118164,4.989999771118164,5.0,4.989999771118164,5.0,524.0
2024-03-01 11:47:00,EMBC,14.345000267028809,14.345000267028809,14.350000381469727,14.345000267028809,14.350000381469727,411.0
2024-03-01 11:47:00,ENSC,0.949999988079071,0.949999988079071,0.949999988079071,0.9490000009536743,0.9490000009536743,450.0
2024-03-01 11:47:00,ENSG,123.31999969482422,123.31999969482422,123.31999969482422,123.31390380859375,123.31390380859375,1416.0
2024-03-01 11:47:00,ENTA,15.229999542236328,15.229999542236328,15.229999542236328,15.204999923706055,15.204999923706055,1049.0
2024-03-01 11:47:00,ENVB,1.6002000570297241,1.6002000570297241,1.6296000480651855,1.600100040435791,1.6296000480651855,4884.0
2024-03-01 11:47:00,EOLS,14.619999885559082,14.619999885559082,14.619999885559082,14.619999885559082,14.619999885559082,871.0
2024-03-01 11:47:00,ERAS,2.5250000953674316,2.5250000953674316,2.5250000953674316,2.5250000953674316,2.5250000953674316,615.0
2024-03-01 11:47:00,ESPR,2.5199999809265137,2.5199999809265137,2.5199999809265137,2.5199999809265137,2.5199999809265137,1560.0
2024-03-01 11:47:00,ETNB,12.90999984741211,12.90999984741211,12.920000076293945,12.890000343322754,12.920000076293945,2032.0
2024-03-01 11:47:00,EWTX,17.0,17.0,17.0,17.0,17.0,218.0
2024-03-01 11:47:00,EXAI,6.809999942779541,6.809999942779541,6.810100078582764,6.809999942779541,6.810100078582764,2365.0
2024-03-01 11:47:00,EXAS,59.68000030517578,59.68000030517578,59.72999954223633,59.68000030517578,59.72999954223633,2808.0
2024-03-01 11:47:00,EXEL,22.549999237060547,22.549999237060547,22.549999237060547,22.53499984741211,22.545000076293945,7614.0
2024-03-01 11:47:00,EYEN,2.2755000591278076,2.2755000591278076,2.2755000591278076,2.2755000591278076,2.2755000591278076,437.0
2024-03-01 11:47:00,FATE,7.400000095367432,7.400000095367432,7.400000095367432,7.389999866485596,7.400000095367432,522.0
2024-03-01 11:47:00,FBRX,0.7200000286102295,0.7200000286102295,0.7200000286102295,0.7200000286102295,0.7200000286102295,8245.0
2024-03-01 11:47:00,FDMT,29.03499984741211,29.03499984741211,29.1200008392334,29.03499984741211,29.1200008392334,471.0
2024-03-01 11:47:00,FGEN,1.795799970626831,1.795799970626831,1.795799970626831,1.7799999713897705,1.7899999618530273,6549.0
2024-03-01 11:47:00,FHTX,8.140000343322754,8.140000343322754,8.140000343322754,8.140000343322754,8.140000343322754,1238.0
2024-03-01 11:47:00,FLGT,23.334999084472656,23.334999084472656,23.389999389648438,23.329999923706055,23.389999389648438,1605.0
2024-03-01 11:47:00,FOLD,13.295000076293945,13.295000076293945,13.3149995803833,13.295000076293945,13.3149995803833,1394.0
2024-03-01 11:47:00,FULC,10.930000305175781,10.930000305175781,10.930000305175781,10.930000305175781,10.930000305175781,125.0
2024-03-01 11:47:00,FUSN,12.34000015258789,12.34000015258789,12.470000267028809,12.34000015258789,12.449999809265137,8694.0
2024-03-01 11:47:00,GCTK,0.30250000953674316,0.30250000953674316,0.30250000953674316,0.30250000953674316,0.30250000953674316,170.0
2024-03-01 11:47:00,GDRX,8.28499984741211,8.28499984741211,8.28499984741211,8.28499984741211,8.28499984741211,600.0
2024-03-01 11:47:00,GERN,2.1549999713897705,2.1549999713897705,2.1700000762939453,2.1540000438690186,2.1600000858306885,90832.0
2024-03-01 11:47:00,GH,19.229999542236328,19.229999542236328,19.229999542236328,19.219999313354492,19.219999313354492,1153.0
2024-03-01 11:47:00,GILD,72.33000183105469,72.33000183105469,72.375,72.31999969482422,72.375,12565.0
2024-03-01 11:47:00,GMAB,29.3799991607666,29.3799991607666,29.399999618530273,29.3799991607666,29.399999618530273,1319.0
2024-03-01 11:47:00,GMDA,0.3833000063896179,0.3833000063896179,0.38350000977516174,0.3833000063896179,0.38350000977516174,28250.0
2024-03-01 11:47:00,GOSS,1.3450000286102295,1.3450000286102295,1.3450000286102295,1.340000033378601,1.340000033378601,200551.0
2024-03-01 11:47:00,GRFS,7.090099811553955,7.090099811553955,7.09499979019165,7.090099811553955,7.09499979019165,250.0
2024-03-01 11:47:00,GRPH,3.5,3.5,3.5,3.5,3.5,200.0
2024-03-01 11:47:00,GRTS,2.190000057220459,2.190000057220459,2.194999933242798,2.190000057220459,2.190000057220459,2110.0
2024-03-01 11:47:00,GTHX,3.630000114440918,3.630000114440918,3.634999990463257,3.630000114440918,3.630000114440918,5730.0
2024-03-01 11:47:00,HALO,41.095001220703125,41.095001220703125,41.095001220703125,41.095001220703125,41.095001220703125,355.0
2024-03-01 11:47:00,HCAT,7.894999980926514,7.894999980926514,7.900000095367432,7.894999980926514,7.900000095367432,634.0
2024-03-01 11:47:00,HCTI,2.5199999809265137,2.5199999809265137,2.5899999141693115,2.5199999809265137,2.589900016784668,3632.0
2024-03-01 11:47:00,HLTH,0.274399995803833,0.274399995803833,0.274399995803833,0.274399995803833,0.274399995803833,300.0
2024-03-01 11:47:00,HOLX,73.7699966430664,73.7699966430664,73.80999755859375,73.76000213623047,73.80999755859375,2471.0
2024-03-01 11:47:00,HOOK,0.7538999915122986,0.7538999915122986,0.7700999975204468,0.7538999915122986,0.7700999975204468,20061.0
2024-03-01 11:47:00,HQY,81.25,81.25,81.25,81.25,81.25,356.0
2024-03-01 11:47:00,HRMY,31.31999969482422,31.31999969482422,31.329999923706055,31.299999237060547,31.329999923706055,838.0
2024-03-01 11:47:00,HRTX,2.622299909591675,2.622299909591675,2.640000104904175,2.619999885559082,2.640000104904175,2375.0
2024-03-01 11:47:00,HSIC,77.12999725341797,77.12999725341797,77.12999725341797,77.12999725341797,77.12999725341797,258.0
2024-03-01 11:47:00,HSTM,27.3799991607666,27.3799991607666,27.3799991607666,27.3799991607666,27.3799991607666,107.0
2024-03-01 11:47:00,HUMA,3.4407999515533447,3.4407999515533447,3.459199905395508,3.440000057220459,3.4549999237060547,6522.0
2024-03-01 11:47:00,IART,36.40999984741211,36.40999984741211,36.45000076293945,36.40999984741211,36.45000076293945,2017.0
2024-03-01 11:47:00,IBRX,4.880300045013428,4.880300045013428,4.889999866485596,4.880300045013428,4.885000228881836,3636.0
2024-03-01 11:47:00,ICLR,322.6000061035156,322.6000061035156,322.7799987792969,322.6000061035156,322.7799987792969,1297.0
2024-03-01 11:47:00,ICUI,105.98999786376953,105.98999786376953,106.01000213623047,105.83999633789062,105.8499984741211,3820.0
2024-03-01 11:47:00,IDXX,580.3250122070312,580.3250122070312,580.72998046875,580.3250122070312,580.72998046875,1173.0
2024-03-01 11:47:00,IDYA,46.029998779296875,46.029998779296875,46.09000015258789,46.029998779296875,46.09000015258789,553.0
2024-03-01 11:47:00,IINN,1.6598999500274658,1.6598999500274658,1.6598999500274658,1.6598999500274658,1.6598999500274658,500.0
2024-03-01 11:47:00,ILMN,141.74000549316406,141.74000549316406,141.80999755859375,141.6999969482422,141.77000427246094,1501.0
2024-03-01 11:47:00,IMCR,68.15059661865234,68.15059661865234,68.18000030517578,68.09500122070312,68.13999938964844,843.0
2024-03-01 11:47:00,IMMX,3.5299999713897705,3.5299999713897705,3.5299999713897705,3.5132999420166016,3.5132999420166016,767.0
2024-03-01 11:47:00,IMTX,13.020000457763672,13.020000457763672,13.020000457763672,13.020000457763672,13.020000457763672,531.0
2024-03-01 11:47:00,IMUX,1.4700000286102295,1.4700000286102295,1.4754999876022339,1.4700000286102295,1.475000023841858,1591.0
2024-03-01 11:47:00,IMVT,36.334999084472656,36.334999084472656,36.334999084472656,36.334999084472656,36.334999084472656,119.0
2024-03-01 11:47:00,INCY,59.08000183105469,59.08000183105469,59.08000183105469,59.04999923706055,59.06999969482422,5114.0
2024-03-01 11:47:00,INGN,6.880000114440918,6.880000114440918,6.880000114440918,6.880000114440918,6.880000114440918,203.0
2024-03-01 11:47:00,INMB,12.100000381469727,12.100000381469727,12.100000381469727,12.100000381469727,12.100000381469727,475.0
2024-03-01 11:47:00,INMD,22.7450008392334,22.7450008392334,22.75,22.7450008392334,22.75,763.0
2024-03-01 11:47:00,INO,9.289999961853027,9.289999961853027,9.291799545288086,9.289999961853027,9.291799545288086,765.0
2024-03-01 11:47:00,INSM,28.1200008392334,28.1200008392334,28.1200008392334,28.09000015258789,28.100000381469727,4385.0
2024-03-01 11:47:00,INVA,15.675000190734863,15.675000190734863,15.680000305175781,15.625,15.625,3284.0
2024-03-01 11:47:00,INZY,6.5,6.5,6.5,6.5,6.5,975.0
2024-03-01 11:47:00,IONS,45.81999969482422,45.81999969482422,45.900001525878906,45.81999969482422,45.900001525878906,3782.0
2024-03-01 11:47:00,IOVA,16.690000534057617,16.690000534057617,16.735000610351562,16.684999465942383,16.73189926147461,22017.0
2024-03-01 11:47:00,IRMD,41.34479904174805,41.34479904174805,41.34479904174805,41.34479904174805,41.34479904174805,532.0
2024-03-01 11:47:00,IRTC,120.54000091552734,120.54000091552734,120.55000305175781,120.38999938964844,120.55000305175781,2352.0
2024-03-01 11:47:00,IRWD,9.050000190734863,9.050000190734863,9.0600004196167,9.020000457763672,9.045000076293945,37157.0
2024-03-01 11:47:00,ISPC,0.45899999141693115,0.45899999141693115,0.45899999141693115,0.45899999141693115,0.45899999141693115,200.0
2024-03-01 11:47:00,ISRG,393.5350036621094,393.5350036621094,393.6700134277344,393.5350036621094,393.6600036621094,4222.0
2024-03-01 11:47:00,ITCI,71.33499908447266,71.33499908447266,71.33999633789062,71.20999908447266,71.33999633789062,2023.0
2024-03-01 11:47:00,ITOS,10.739999771118164,10.739999771118164,10.75,10.739999771118164,10.75,614.0
2024-03-01 11:47:00,IXHL,5.46999979019165,5.46999979019165,5.46999979019165,5.460000038146973,5.460000038146973,465.0
2024-03-01 11:47:00,JAGX,0.07270000129938126,0.07270000129938126,0.07370000332593918,0.07159999758005142,0.07190000265836716,1121280.0
2024-03-01 11:47:00,JAZZ,119.71499633789062,119.71499633789062,119.77999877929688,119.51000213623047,119.51000213623047,3880.0
2024-03-01 11:47:00,KALA,7.1072001457214355,7.1072001457214355,7.1072001457214355,7.1072001457214355,7.1072001457214355,1389.0
2024-03-01 11:47:00,KNSA,21.700000762939453,21.700000762939453,21.729999542236328,21.700000762939453,21.729999542236328,501.0
2024-03-01 11:47:00,KOD,6.119999885559082,6.119999885559082,6.135000228881836,6.119999885559082,6.135000228881836,655.0
2024-03-01 11:47:00,KPTI,1.215000033378601,1.215000033378601,1.215000033378601,1.215000033378601,1.215000033378601,700.0
2024-03-01 11:47:00,KROS,69.33999633789062,69.33999633789062,69.44999694824219,69.33999633789062,69.38999938964844,897.0
2024-03-01 11:47:00,KRTX,316.4649963378906,316.4649963378906,316.4649963378906,316.4599914550781,316.4599914550781,351.0
2024-03-01 11:47:00,KTRA,0.09860000014305115,0.09860000014305115,0.09860000014305115,0.09849999845027924,0.09860000014305115,35508.0
2024-03-01 11:47:00,KURA,21.280000686645508,21.280000686645508,21.309999465942383,21.280000686645508,21.309999465942383,1916.0
2024-03-01 11:47:00,KYMR,43.81999969482422,43.81999969482422,43.81999969482422,43.81999969482422,43.81999969482422,490.0
2024-03-01 11:47:00,KZR,1.090000033378601,1.090000033378601,1.090000033378601,1.0800000429153442,1.0800000429153442,400.0
2024-03-01 11:47:00,LAB,2.434999942779541,2.434999942779541,2.434999942779541,2.430000066757202,2.430000066757202,1340.0
2024-03-01 11:47:00,LEGN,65.8499984741211,65.8499984741211,65.86000061035156,65.8499984741211,65.86000061035156,283.0
2024-03-01 11:47:00,LEXX,2.7100000381469727,2.7100000381469727,2.7100000381469727,2.6500000953674316,2.6500000953674316,19688.0
2024-03-01 11:47:00,LFST,7.985000133514404,7.985000133514404,7.985000133514404,7.985000133514404,7.985000133514404,924.0
2024-03-01 11:47:00,LIFE,1.9049999713897705,1.9049999713897705,1.9049999713897705,1.9049999713897705,1.9049999713897705,368.0
2024-03-01 11:47:00,LIVN,55.13999938964844,55.13999938964844,55.189998626708984,55.13999938964844,55.189998626708984,1609.0
2024-03-01 11:47:00,LMAT,67.30000305175781,67.30000305175781,67.30000305175781,67.30000305175781,67.30000305175781,150.0
2024-03-01 11:47:00,LNTH,65.33499908447266,65.33499908447266,65.33499908447266,65.33499908447266,65.33499908447266,221.0
2024-03-01 11:47:00,LQDA,14.300000190734863,14.300000190734863,14.300000190734863,14.300000190734863,14.300000190734863,240.0
2024-03-01 11:47:00,LRMR,11.489999771118164,11.489999771118164,11.489999771118164,11.489999771118164,11.489999771118164,321.0
2024-03-01 11:47:00,LTRN,4.610000133514404,4.610000133514404,4.610000133514404,4.610000133514404,4.610000133514404,200.0
2024-03-01 11:47:00,LUNG,9.210000038146973,9.210000038146973,9.210000038146973,9.210000038146973,9.210000038146973,100.0
2024-03-01 11:47:00,LVTX,3.200000047683716,3.200000047683716,3.200000047683716,3.1700000762939453,3.200000047683716,4944.0
2024-03-01 11:47:00,LXRX,2.4149999618530273,2.4149999618530273,2.4149999618530273,2.4149999618530273,2.4149999618530273,408.0
2024-03-01 11:47:00,LYEL,3.1600000858306885,3.1600000858306885,3.1700000762939453,3.1600000858306885,3.1700000762939453,4748.0
2024-03-01 11:47:00,MACK,14.699999809265137,14.699999809265137,14.699999809265137,14.699999809265137,14.699999809265137,323.0
2024-03-01 11:47:00,MCRB,1.2050000429153442,1.2050000429153442,1.2099000215530396,1.2050000429153442,1.2099000215530396,2241.0
2024-03-01 11:47:00,MDRX,6.050000190734863,6.050000190734863,6.099999904632568,6.050000190734863,6.050000190734863,15468.0
2024-03-01 11:47:00,MDXG,8.589900016784668,8.589900016784668,8.59000015258789,8.574999809265137,8.574999809265137,6236.0
2024-03-01 11:47:00,MEDP,400.4800109863281,400.4800109863281,401.05499267578125,400.0,401.05499267578125,2506.0
2024-03-01 11:47:00,MHUA,0.6901000142097473,0.6901000142097473,0.6901000142097473,0.6901000142097473,0.6901000142097473,300.0
2024-03-01 11:47:00,MIRM,30.020000457763672,30.020000457763672,30.030000686645508,30.020000457763672,30.030000686645508,797.0
2024-03-01 11:47:00,MLTX,51.55059814453125,51.55059814453125,51.599998474121094,51.55059814453125,51.599998474121094,2461.0
2024-03-01 11:47:00,MNKD,4.625,4.625,4.649899959564209,4.625,4.644999980926514,12460.0
2024-03-01 11:47:00,MNMD,6.0991997718811035,6.0991997718811035,6.129899978637695,6.079999923706055,6.099999904632568,10566.0
2024-03-01 11:47:00,MNPR,0.8185999989509583,0.8185999989509583,0.8185999989509583,0.8185999989509583,0.8185999989509583,114.0
2024-03-01 11:47:00,MOR,17.625,17.625,17.625,17.625,17.625,112.0
2024-03-01 11:47:00,MORF,38.650001525878906,38.650001525878906,38.650001525878906,38.650001525878906,38.650001525878906,177.0
2024-03-01 11:47:00,MOTS,0.6499999761581421,0.6499999761581421,0.6703000068664551,0.6499999761581421,0.6703000068664551,19250.0
2024-03-01 11:47:00,MREO,3.8299999237060547,3.8299999237060547,3.8350000381469727,3.8299999237060547,3.8299999237060547,1977.0
2024-03-01 11:47:00,MRKR,3.630000114440918,3.630000114440918,3.630000114440918,3.630000114440918,3.630000114440918,309.0
2024-03-01 11:47:00,MRNA,96.26000213623047,96.26000213623047,96.3499984741211,96.16000366210938,96.33999633789062,31146.0
2024-03-01 11:47:00,MRNS,9.880000114440918,9.880000114440918,9.880000114440918,9.880000114440918,9.880000114440918,1615.0
2024-03-01 11:47:00,MRSN,6.00029993057251,6.00029993057251,6.005000114440918,5.994999885559082,6.005000114440918,3813.0
2024-03-01 11:47:00,MRUS,51.564998626708984,51.564998626708984,51.689998626708984,51.540000915527344,51.54999923706055,15334.0
2024-03-01 11:47:00,MRVI,7.815000057220459,7.815000057220459,7.820000171661377,7.809999942779541,7.820000171661377,2510.0
2024-03-01 11:47:00,MXCT,4.71999979019165,4.71999979019165,4.724999904632568,4.71999979019165,4.71999979019165,638.0
2024-03-01 11:47:00,MYGN,21.5,21.5,21.5,21.469999313354492,21.469999313354492,1223.0
2024-03-01 11:47:00,NAOV,0.9900000095367432,0.9900000095367432,0.9900000095367432,0.9900000095367432,0.9900000095367432,6999.0
2024-03-01 11:47:00,NARI,46.130001068115234,46.130001068115234,46.2400016784668,46.125,46.2400016784668,11969.0
2024-03-01 11:47:00,NAUT,2.6500000953674316,2.6500000953674316,2.6500000953674316,2.6500000953674316,2.6500000953674316,307.0
2024-03-01 11:47:00,NBIX,130.63499450683594,130.63499450683594,130.63999938964844,130.61500549316406,130.61500549316406,461.0
2024-03-01 11:47:00,NEO,16.0,16.0,16.030000686645508,15.960000038146973,16.020000457763672,15774.0
2024-03-01 11:47:00,NEOG,17.264999389648438,17.264999389648438,17.264999389648438,17.2549991607666,17.260000228881836,1526.0
2024-03-01 11:47:00,NERV,2.5199999809265137,2.5199999809265137,2.5199999809265137,2.5199999809265137,2.5199999809265137,5000.0
2024-03-01 11:47:00,NGM,1.5299999713897705,1.5299999713897705,1.5299999713897705,1.5299999713897705,1.5299999713897705,2242.0
2024-03-01 11:47:00,NKTR,0.779699981212616,0.779699981212616,0.779699981212616,0.777571976184845,0.779699981212616,5235.0
2024-03-01 11:47:00,NKTX,12.6899995803833,12.6899995803833,12.789999961853027,12.6899995803833,12.789999961853027,1975.0
2024-03-01 11:47:00,NNOX,11.0600004196167,11.0600004196167,11.074999809265137,11.050100326538086,11.074999809265137,3546.0
2024-03-01 11:47:00,NOTV,8.074999809265137,8.074999809265137,8.100000381469727,8.0600004196167,8.100000381469727,1809.0
2024-03-01 11:47:00,NRIX,13.199999809265137,13.199999809265137,13.199999809265137,13.180000305175781,13.199999809265137,5905.0
2024-03-01 11:47:00,NRSN,2.043800115585327,2.043800115585327,2.049999952316284,2.043800115585327,2.049999952316284,1945.0
2024-03-01 11:47:00,NRXP,0.4099999964237213,0.4099999964237213,0.41999998688697815,0.4099999964237213,0.41999998688697815,11905.0
2024-03-01 11:47:00,NTLA,33.38999938964844,33.38999938964844,33.43000030517578,33.380001068115234,33.43000030517578,5971.0
2024-03-01 11:47:00,NTRA,89.16500091552734,89.16500091552734,89.16500091552734,89.1500015258789,89.1500015258789,427.0
2024-03-01 11:47:00,NUVL,87.72000122070312,87.72000122070312,87.72000122070312,87.69999694824219,87.69999694824219,807.0
2024-03-01 11:47:00,NVAX,5.105000019073486,5.105000019073486,5.110199928283691,5.099999904632568,5.110199928283691,17148.0
2024-03-01 11:47:00,NVCR,15.84000015258789,15.84000015258789,15.862500190734863,15.84000015258789,15.862500190734863,804.0
2024-03-01 11:47:00,NVOS,0.6263999938964844,0.6263999938964844,0.6263999938964844,0.6263999938964844,0.6263999938964844,2400.0
2024-03-01 11:47:00,NXTC,1.7949999570846558,1.7949999570846558,1.7999999523162842,1.7949999570846558,1.7999999523162842,2112.0
2024-03-01 11:47:00,NYXH,15.289999961853027,15.289999961853027,15.34000015258789,15.289999961853027,15.34000015258789,410.0
2024-03-01 11:47:00,OCGN,0.9290000200271606,0.9290000200271606,0.9300000071525574,0.9285500049591064,0.9285500049591064,60903.0
2024-03-01 11:47:00,OCUL,10.569999694824219,10.569999694824219,10.59000015258789,10.480999946594238,10.480999946594238,26737.0
2024-03-01 11:47:00,OFIX,12.819999694824219,12.819999694824219,12.859999656677246,12.819999694824219,12.850000381469727,673.0
2024-03-01 11:47:00,OGI,2.125,2.125,2.125,2.125,2.125,300.0
2024-03-01 11:47:00,OLK,22.610000610351562,22.610000610351562,22.610000610351562,22.610000610351562,22.610000610351562,673.0
2024-03-01 11:47:00,OLMA,13.390000343322754,13.390000343322754,13.450499534606934,13.390000343322754,13.449999809265137,3490.0
2024-03-01 11:47:00,OM,3.119999885559082,3.119999885559082,3.119999885559082,3.119999885559082,3.119999885559082,403.0
2024-03-01 11:47:00,OMCL,26.3799991607666,26.3799991607666,26.3799991607666,26.3799991607666,26.3799991607666,761.0
2024-03-01 11:47:00,OMER,4.715000152587891,4.715000152587891,4.71999979019165,4.715000152587891,4.71999979019165,1397.0
2024-03-01 11:47:00,OMGA,4.210100173950195,4.210100173950195,4.210100173950195,4.210100173950195,4.210100173950195,164.0
2024-03-01 11:47:00,ONCY,1.125,1.125,1.125,1.125,1.125,200.0
2024-03-01 11:48:00,ABOS,4.670000076293945,4.670000076293945,4.670000076293945,4.659999847412109,4.659999847412109,761.0
2024-03-01 11:48:00,ABSI,5.190000057220459,5.190000057220459,5.199999809265137,5.170000076293945,5.170000076293945,2831.0
2024-03-01 11:48:00,ABUS,2.7699999809265137,2.7699999809265137,2.7699999809265137,2.7699999809265137,2.7699999809265137,438.0
2024-03-01 11:48:00,ACAD,23.862300872802734,23.862300872802734,23.8700008392334,23.81999969482422,23.81999969482422,3530.0
2024-03-01 11:48:00,ACET,2.3949999809265137,2.3949999809265137,2.4000000953674316,2.3949999809265137,2.4000000953674316,412.0
2024-03-01 11:48:00,ACLX,67.38999938964844,67.38999938964844,67.38999938964844,67.38999938964844,67.38999938964844,411.0
2024-03-01 11:48:00,ACON,0.3869999945163727,0.3869999945163727,0.3869999945163727,0.3869999945163727,0.3869999945163727,2000.0
2024-03-01 11:48:00,ACRS,1.2200000286102295,1.2200000286102295,1.2200000286102295,1.2200000286102295,1.2200000286102295,366.0
2024-03-01 11:48:00,ADIL,3.049999952316284,3.049999952316284,3.049999952316284,3.0118000507354736,3.043600082397461,33706.0
2024-03-01 11:48:00,ADMA,5.369999885559082,5.369999885559082,5.369999885559082,5.360000133514404,5.366000175476074,14235.0
2024-03-01 11:48:00,ADPT,4.179999828338623,4.179999828338623,4.184999942779541,4.179999828338623,4.184999942779541,623.0
2024-03-01 11:48:00,ADUS,93.69999694824219,93.69999694824219,93.69999694824219,93.69999694824219,93.69999694824219,197.0
2024-03-01 11:48:00,AGEN,0.6711750030517578,0.6711750030517578,0.6711750030517578,0.6711500287055969,0.6711750030517578,1400.0
2024-03-01 11:48:00,AGIO,32.869998931884766,32.869998931884766,32.869998931884766,32.84000015258789,32.869998931884766,837.0
2024-03-01 11:48:00,AHCO,10.765000343322754,10.765000343322754,10.765000343322754,10.765000343322754,10.765000343322754,206.0
2024-03-01 11:48:00,AIRS,6.420000076293945,6.420000076293945,6.420000076293945,6.420000076293945,6.420000076293945,101.0
2024-03-01 11:48:00,AKAN,0.2425999939441681,0.2425999939441681,0.24379299581050873,0.24199999868869781,0.24379299581050873,3371.0
2024-03-01 11:48:00,AKBA,1.6649999618530273,1.6649999618530273,1.6649999618530273,1.6649999618530273,1.6649999618530273,100.0
2024-03-01 11:48:00,AKRO,29.350000381469727,29.350000381469727,29.350000381469727,29.200000762939453,29.209999084472656,2765.0
2024-03-01 11:48:00,ALDX,4.15500020980835,4.15500020980835,4.15500020980835,4.144999980926514,4.144999980926514,1025.0
2024-03-01 11:48:00,ALEC,7.474999904632568,7.474999904632568,7.480000019073486,7.474999904632568,7.474999904632568,3553.0
2024-03-01 11:48:00,ALGN,300.20001220703125,300.20001220703125,300.3599853515625,300.20001220703125,300.3599853515625,938.0
2024-03-01 11:48:00,ALGS,1.0602999925613403,1.0602999925613403,1.0602999925613403,1.0602999925613403,1.0602999925613403,300.0
2024-03-01 11:48:00,ALKS,30.229999542236328,30.229999542236328,30.235000610351562,30.209999084472656,30.209999084472656,3950.0
2024-03-01 11:48:00,ALLK,1.5950000286102295,1.5950000286102295,1.600000023841858,1.5950000286102295,1.600000023841858,500.0
2024-03-01 11:48:00,ALLO,5.04010009765625,5.04010009765625,5.04010009765625,5.04010009765625,5.04010009765625,394.0
2024-03-01 11:48:00,ALNY,153.8699951171875,153.8699951171875,153.8699951171875,153.8699951171875,153.8699951171875,112.0
2024-03-01 11:48:00,ALPN,35.935001373291016,35.935001373291016,35.96390151977539,35.880001068115234,35.93989944458008,2963.0
2024-03-01 11:48:00,ALT,12.128000259399414,12.128000259399414,12.140000343322754,12.119999885559082,12.119999885559082,5680.0
2024-03-01 11:48:00,ALVR,0.7505999803543091,0.7505999803543091,0.7519000172615051,0.7495999932289124,0.7519000172615051,3080.0
2024-03-01 11:48:00,ALXO,14.930000305175781,14.930000305175781,14.949999809265137,14.930000305175781,14.949999809265137,1045.0
2024-03-01 11:48:00,AMED,93.23500061035156,93.23500061035156,93.2750015258789,93.19100189208984,93.2300033569336,8991.0
2024-03-01 11:48:00,AMGN,280.7950134277344,280.7950134277344,280.8299865722656,280.5683898925781,280.6300048828125,8811.0
2024-03-01 11:48:00,AMLX,18.690000534057617,18.690000534057617,18.690000534057617,18.690000534057617,18.690000534057617,723.0
2024-03-01 11:48:00,AMPH,45.29999923706055,45.29999923706055,45.400001525878906,45.22999954223633,45.22999954223633,3333.0
2024-03-01 11:48:00,AMRN,1.059999942779541,1.059999942779541,1.059999942779541,1.0499999523162842,1.0549999475479126,2401.0
2024-03-01 11:48:00,ANGO,5.514999866485596,5.514999866485596,5.519999980926514,5.514999866485596,5.519999980926514,1375.0
2024-03-01 11:48:00,ANIP,66.87999725341797,66.87999725341797,67.0,66.87999725341797,67.0,627.0
2024-03-01 11:48:00,ANNX,6.0,6.0,6.010000228881836,5.980000019073486,5.980000019073486,10805.0
2024-03-01 11:48:00,APLS,65.6500015258789,65.6500015258789,65.73999786376953,65.5,65.5,4409.0
2024-03-01 11:48:00,APLT,7.15500020980835,7.15500020980835,7.15500020980835,7.15500020980835,7.15500020980835,306.0
2024-03-01 11:48:00,APVO,0.1550000011920929,0.1550000011920929,0.1550000011920929,0.1550000011920929,0.1550000011920929,100.0
2024-03-01 11:48:00,AQST,4.335000038146973,4.335000038146973,4.340000152587891,4.330399990081787,4.340000152587891,3194.0
2024-03-01 11:48:00,ARAY,2.631200075149536,2.631200075149536,2.631200075149536,2.631200075149536,2.631200075149536,255.0
2024-03-01 11:48:00,ARCT,39.25,39.25,39.25,39.25,39.25,492.0
2024-03-01 11:48:00,ARDX,9.595000267028809,9.595000267028809,9.595000267028809,9.574999809265137,9.579899787902832,8847.0
2024-03-01 11:48:00,ARGX,387.9100036621094,387.9100036621094,388.30499267578125,387.9100036621094,388.30499267578125,623.0
2024-03-01 11:48:00,ARQT,11.470000267028809,11.470000267028809,11.474900245666504,11.4399995803833,11.4399995803833,5887.0
2024-03-01 11:48:00,ARVN,48.540000915527344,48.540000915527344,48.540000915527344,48.494998931884766,48.525001525878906,1548.0
2024-03-01 11:48:00,ARWR,35.724998474121094,35.724998474121094,35.7400016784668,35.690101623535156,35.70000076293945,2800.0
2024-03-01 11:48:00,ASLN,0.7922999858856201,0.7922999858856201,0.7922999858856201,0.7922999858856201,0.7922999858856201,1980.0
2024-03-01 11:48:00,ASND,150.0,150.0,150.0449981689453,149.8350067138672,150.0,5201.0
2024-03-01 11:48:00,ASRT,0.9100000262260437,0.9100000262260437,0.9100000262260437,0.9100000262260437,0.9100000262260437,311.0
2024-03-01 11:48:00,ATAI,2.0299999713897705,2.0299999713897705,2.0350000858306885,2.0299999713897705,2.0350000858306885,2058.0
2024-03-01 11:48:00,ATEC,13.600000381469727,13.600000381469727,13.600000381469727,13.569999694824219,13.569999694824219,4963.0
2024-03-01 11:48:00,ATHA,3.9709999561309814,3.9709999561309814,3.9749999046325684,3.9709999561309814,3.9749999046325684,201.0
2024-03-01 11:48:00,ATOS,0.9998999834060669,0.9998999834060669,0.9998999834060669,0.9998999834060669,0.9998999834060669,100.0
2024-03-01 11:48:00,ATRA,0.8027999997138977,0.8027999997138977,0.805899977684021,0.800000011920929,0.800000011920929,4283.0
2024-03-01 11:48:00,ATRC,36.04999923706055,36.04999923706055,36.04999923706055,35.85499954223633,35.880001068115234,7486.0
2024-03-01 11:48:00,ATXI,0.15199999511241913,0.15199999511241913,0.15199999511241913,0.15199999511241913,0.15199999511241913,137.0
2024-03-01 11:48:00,ATXS,14.930000305175781,14.930000305175781,15.010000228881836,14.930000305175781,14.983699798583984,6152.0
2024-03-01 11:48:00,AUPH,5.809999942779541,5.809999942779541,5.815000057220459,5.809999942779541,5.809999942779541,2108.0
2024-03-01 11:48:00,AUTL,6.260000228881836,6.260000228881836,6.260000228881836,6.235000133514404,6.235000133514404,3876.0
2024-03-01 11:48:00,AVDL,12.609999656677246,12.609999656677246,12.609999656677246,12.609999656677246,12.609999656677246,120.0
2024-03-01 11:48:00,AVIR,4.465000152587891,4.465000152587891,4.465000152587891,4.465000152587891,4.465000152587891,102.0
2024-03-01 11:48:00,AVTE,23.350000381469727,23.350000381469727,23.610000610351562,23.350000381469727,23.3700008392334,1048.0
2024-03-01 11:48:00,AVXL,5.360000133514404,5.360000133514404,5.360000133514404,5.355000019073486,5.360000133514404,5841.0
2024-03-01 11:48:00,AXGN,10.489999771118164,10.489999771118164,10.489999771118164,10.489999771118164,10.489999771118164,436.0
2024-03-01 11:48:00,AXSM,82.54000091552734,82.54000091552734,83.01499938964844,82.54000091552734,83.0,15076.0
2024-03-01 11:48:00,AZN,64.54000091552734,64.54000091552734,64.54409790039062,64.53500366210938,64.54000091552734,3744.0
2024-03-01 11:48:00,AZTA,66.23999786376953,66.23999786376953,66.23999786376953,66.23999786376953,66.23999786376953,222.0
2024-03-01 11:48:00,BBIO,35.875,35.875,35.880001068115234,35.810001373291016,35.810001373291016,2145.0
2024-03-01 11:48:00,BBLG,2.3499999046325684,2.3499999046325684,2.3499999046325684,2.3299999237060547,2.3299999237060547,639.0
2024-03-01 11:48:00,BCAB,2.765000104904175,2.765000104904175,2.7699999809265137,2.765000104904175,2.7699999809265137,976.0
2024-03-01 11:48:00,BCEL,0.2653000056743622,0.2653000056743622,0.2653000056743622,0.2653000056743622,0.2653000056743622,212.0
2024-03-01 11:48:00,BCLI,0.35989999771118164,0.35989999771118164,0.35989999771118164,0.35989999771118164,0.35989999771118164,1443.0
2024-03-01 11:48:00,BCRX,5.789999961853027,5.789999961853027,5.789999961853027,5.784999847412109,5.784999847412109,5460.0
2024-03-01 11:48:00,BDTX,5.034999847412109,5.034999847412109,5.034999847412109,5.019999980926514,5.019999980926514,836.0
2024-03-01 11:48:00,BEAM,40.14500045776367,40.14500045776367,40.18000030517578,40.11000061035156,40.14500045776367,6125.0
2024-03-01 11:48:00,BGXX,0.26809999346733093,0.26809999346733093,0.26809999346733093,0.26809999346733093,0.26809999346733093,147.0
2024-03-01 11:48:00,BIVI,2.2399001121520996,2.2399001121520996,2.25,2.2200000286102295,2.2399001121520996,47093.0
2024-03-01 11:48:00,BLFS,18.200000762939453,18.200000762939453,18.209999084472656,18.18000030517578,18.209999084472656,3846.0
2024-03-01 11:48:00,BLTE,46.540000915527344,46.540000915527344,46.540000915527344,46.540000915527344,46.540000915527344,227.0
2024-03-01 11:48:00,BLUE,1.5750000476837158,1.5750000476837158,1.5800000429153442,1.5700000524520874,1.5800000429153442,11454.0
2024-03-01 11:48:00,BMEA,17.889999389648438,17.889999389648438,17.889999389648438,17.81999969482422,17.81999969482422,4367.0
2024-03-01 11:48:00,BMRN,86.9000015258789,86.9000015258789,86.91000366210938,86.89540100097656,86.89540100097656,1169.0
2024-03-01 11:48:00,BNGO,1.25,1.25,1.259600043296814,1.25,1.2549999952316284,979.0
2024-03-01 11:48:00,BNR,0.8460500240325928,0.8460500240325928,0.8460500240325928,0.8460500240325928,0.8460500240325928,100.0
2024-03-01 11:48:00,BNTX,91.98999786376953,91.98999786376953,92.08000183105469,91.95999908447266,92.01000213623047,2549.0
2024-03-01 11:48:00,BPMC,97.37999725341797,97.37999725341797,97.37999725341797,97.24500274658203,97.24500274658203,2150.0
2024-03-01 11:48:00,BRKR,87.90499877929688,87.90499877929688,87.90499877929688,87.90499877929688,87.90499877929688,198.0
2024-03-01 11:48:00,BSGM,0.6359000205993652,0.6359000205993652,0.6359999775886536,0.6359000205993652,0.6359999775886536,260.0
2024-03-01 11:48:00,BTTX,0.16930000483989716,0.16930000483989716,0.16930000483989716,0.16930000483989716,0.16930000483989716,150.0
2024-03-01 11:48:00,BWAY,6.599999904632568,6.599999904632568,6.639999866485596,6.599999904632568,6.599999904632568,900.0
2024-03-01 11:48:00,BYSI,1.5299999713897705,1.5299999713897705,1.5403000116348267,1.5299999713897705,1.5403000116348267,3201.0
2024-03-01 11:48:00,CABA,23.9950008392334,23.9950008392334,24.010000228881836,23.989999771118164,23.989999771118164,5082.0
2024-03-01 11:48:00,CARA,0.9218000173568726,0.9218000173568726,0.9218000173568726,0.9218000173568726,0.9218000173568726,147.0
2024-03-01 11:48:00,CBAY,32.244998931884766,32.244998931884766,32.25,32.244998931884766,32.244998931884766,10258.0
2024-03-01 11:48:00,CCCC,10.940099716186523,10.940099716186523,10.940099716186523,10.90999984741211,10.920000076293945,6094.0
2024-03-01 11:48:00,CCRN,18.170000076293945,18.170000076293945,18.170000076293945,18.170000076293945,18.170000076293945,366.0
2024-03-01 11:48:00,CDMO,8.199999809265137,8.199999809265137,8.199999809265137,8.199999809265137,8.199999809265137,325.0
2024-03-01 11:48:00,CDNA,12.300000190734863,12.300000190734863,12.300000190734863,12.222599983215332,12.222599983215332,4990.0
2024-03-01 11:48:00,CDTX,0.7258999943733215,0.7258999943733215,0.7258999943733215,0.7258999943733215,0.7258999943733215,126.0
2024-03-01 11:48:00,CDXS,4.481200218200684,4.481200218200684,4.4899001121521,4.449999809265137,4.449999809265137,2791.0
2024-03-01 11:48:00,CELC,16.014999389648438,16.014999389648438,16.014999389648438,16.014999389648438,16.014999389648438,300.0
2024-03-01 11:48:00,CERE,41.125,41.125,41.125,41.11000061035156,41.119998931884766,1896.0
2024-03-01 11:48:00,CERS,2.194999933242798,2.194999933242798,2.194999933242798,2.194999933242798,2.194999933242798,1848.0
2024-03-01 11:48:00,CERT,17.700000762939453,17.700000762939453,17.700000762939453,17.690000534057617,17.690000534057617,1381.0
2024-03-01 11:48:00,CGC,3.260999917984009,3.260999917984009,3.2618000507354736,3.260999917984009,3.2618000507354736,1136.0
2024-03-01 11:48:00,CGEM,18.850000381469727,18.850000381469727,18.850000381469727,18.850000381469727,18.850000381469727,164.0
2024-03-01 11:48:00,CHEK,2.1600000858306885,2.1600000858306885,2.1600000858306885,2.1600000858306885,2.1600000858306885,295.0
2024-03-01 11:48:00,CHRS,2.3350000381469727,2.3350000381469727,2.3350000381469727,2.3350000381469727,2.3350000381469727,315.0
2024-03-01 11:48:00,CJJD,2.932499885559082,2.932499885559082,2.932499885559082,2.932499885559082,2.932499885559082,1020.0
2024-03-01 11:48:00,CLDX,52.61000061035156,52.61000061035156,52.61000061035156,52.54999923706055,52.54999923706055,2522.0
2024-03-01 11:48:00,CLNN,0.39409899711608887,0.39409899711608887,0.39409899711608887,0.39409899711608887,0.39409899711608887,2000.0
2024-03-01 11:48:00,CLOV,0.8679999709129333,0.8679999709129333,0.8680999875068665,0.8679999709129333,0.8680999875068665,7811.0
2024-03-01 11:48:00,CLRB,4.114999771118164,4.114999771118164,4.114999771118164,4.114999771118164,4.114999771118164,1013.0
2024-03-01 11:48:00,CMPS,11.380000114440918,11.380000114440918,11.380000114440918,11.359999656677246,11.359999656677246,723.0
2024-03-01 11:48:00,CMRX,1.1449999809265137,1.1449999809265137,1.1449999809265137,1.1449999809265137,1.1449999809265137,510.0
2024-03-01 11:48:00,CODX,1.1549999713897705,1.1549999713897705,1.1549999713897705,1.1549999713897705,1.1549999713897705,163.0
2024-03-01 11:48:00,COGT,7.230000019073486,7.230000019073486,7.230000019073486,7.190000057220459,7.190000057220459,11710.0
2024-03-01 11:48:00,CORT,23.770000457763672,23.770000457763672,23.793699264526367,23.760000228881836,23.760000228881836,10154.0
2024-03-01 11:48:00,CPRX,17.020000457763672,17.020000457763672,17.02400016784668,17.0,17.010000228881836,5205.0
2024-03-01 11:48:00,CPSI,9.4399995803833,9.4399995803833,9.470000267028809,9.4399995803833,9.470000267028809,1073.0
2024-03-01 11:48:00,CRBP,31.540000915527344,31.540000915527344,31.540000915527344,31.540000915527344,31.540000915527344,305.0
2024-03-01 11:48:00,CRBU,8.039999961853027,8.039999961853027,8.039999961853027,8.0,8.0,9312.0
2024-03-01 11:48:00,CRDF,2.450000047683716,2.450000047683716,2.4700000286102295,2.440000057220459,2.4600000381469727,12604.0
2024-03-01 11:48:00,CRDL,1.940000057220459,1.940000057220459,1.940000057220459,1.930999994277954,1.930999994277954,383.0
2024-03-01 11:48:00,CRMD,3.7200000286102295,3.7200000286102295,3.7200000286102295,3.7100000381469727,3.7100000381469727,850.0
2024-03-01 11:48:00,CRNX,46.25,46.25,46.31999969482422,46.040000915527344,46.040000915527344,5620.0
2024-03-01 11:48:00,CRON,2.0450000762939453,2.0450000762939453,2.0450000762939453,2.0399999618530273,2.0399999618530273,35258.0
2024-03-01 11:48:00,CRSP,85.4749984741211,85.4749984741211,85.5,85.30000305175781,85.3499984741211,4396.0
2024-03-01 11:48:00,CRVS,2.259999990463257,2.259999990463257,2.259999990463257,2.259999990463257,2.259999990463257,100.0
2024-03-01 11:48:00,CSTL,20.020000457763672,20.020000457763672,20.110000610351562,19.96500015258789,20.0,17116.0
2024-03-01 11:48:00,CTKB,8.454999923706055,8.454999923706055,8.454999923706055,8.454999923706055,8.454999923706055,161.0
2024-03-01 11:48:00,CTMX,2.589900016784668,2.589900016784668,2.5899999141693115,2.589900016784668,2.5899999141693115,989.0
2024-03-01 11:48:00,CUE,2.1649999618530273,2.1649999618530273,2.1649999618530273,2.1649999618530273,2.1649999618530273,126.0
2024-03-01 11:48:00,CUTR,2.4000000953674316,2.4000000953674316,2.4000000953674316,2.390000104904175,2.390000104904175,983.0
2024-03-01 11:48:00,CVAC,3.4549999237060547,3.4549999237060547,3.4549999237060547,3.450000047683716,3.450000047683716,221.0
2024-03-01 11:48:00,CYTK,73.87999725341797,73.87999725341797,73.90499877929688,73.87000274658203,73.87000274658203,840.0
2024-03-01 11:48:00,DARE,0.5649999976158142,0.5649999976158142,0.5649999976158142,0.5649999976158142,0.5649999976158142,250.0
2024-03-01 11:48:00,DAWN,17.440000534057617,17.440000534057617,17.452199935913086,17.440000534057617,17.440000534057617,2039.0
2024-03-01 11:48:00,DCGO,4.119999885559082,4.119999885559082,4.125,4.110000133514404,4.125,1921.0
2024-03-01 11:48:00,DCPH,17.450000762939453,17.450000762939453,17.459999084472656,17.309999465942383,17.309999465942383,14932.0
2024-03-01 11:48:00,DCTH,4.210000038146973,4.210000038146973,4.210000038146973,4.210000038146973,4.210000038146973,104.0
2024-03-01 11:48:00,DH,8.994999885559082,8.994999885559082,8.994999885559082,8.994999885559082,8.994999885559082,701.0
2024-03-01 11:48:00,DMTK,0.8300999999046326,0.8300999999046326,0.839900016784668,0.8199999928474426,0.8349490165710449,8600.0
2024-03-01 11:48:00,DNLI,20.770000457763672,20.770000457763672,20.78499984741211,20.719999313354492,20.735000610351562,4452.0
2024-03-01 11:48:00,DRIO,2.0,2.0,2.0,2.0,2.0,216.0
2024-03-01 11:48:00,DRRX,1.0149999856948853,1.0149999856948853,1.0149999856948853,1.0149999856948853,1.0149999856948853,106.0
2024-03-01 11:48:00,DTIL,12.369999885559082,12.369999885559082,12.399999618530273,12.329999923706055,12.345000267028809,5050.0
2024-03-01 11:48:00,DVAX,12.864999771118164,12.864999771118164,12.864999771118164,12.859999656677246,12.859999656677246,691.0
2024-03-01 11:48:00,DXCM,119.73999786376953,119.73999786376953,119.73999786376953,119.43499755859375,119.51000213623047,22316.0
2024-03-01 11:48:00,DYN,29.290000915527344,29.290000915527344,29.290000915527344,29.290000915527344,29.290000915527344,667.0
2024-03-01 11:48:00,EDIT,10.880000114440918,10.880000114440918,10.890000343322754,10.859999656677246,10.859999656677246,4719.0
2024-03-01 11:48:00,EFTR,14.999899864196777,14.999899864196777,14.999899864196777,14.89430046081543,14.89430046081543,352.0
2024-03-01 11:48:00,ELEV,4.989999771118164,4.989999771118164,4.989999771118164,4.980000019073486,4.989999771118164,4166.0
2024-03-01 11:48:00,EMBC,14.36460018157959,14.36460018157959,14.36460018157959,14.36460018157959,14.36460018157959,263.0
2024-03-01 11:48:00,ENSG,123.37999725341797,123.37999725341797,123.44000244140625,123.37000274658203,123.41999816894531,568.0
2024-03-01 11:48:00,ENTA,15.220000267028809,15.220000267028809,15.220000267028809,15.204999923706055,15.204999923706055,558.0
2024-03-01 11:48:00,ENTX,1.4199999570846558,1.4199999570846558,1.4199999570846558,1.399999976158142,1.399999976158142,2300.0
2024-03-01 11:48:00,ENVB,1.6100000143051147,1.6100000143051147,1.6200000047683716,1.6066999435424805,1.6066999435424805,3687.0
2024-03-01 11:48:00,ERAS,2.5199999809265137,2.5199999809265137,2.5250000953674316,2.5199999809265137,2.5250000953674316,247.0
2024-03-01 11:48:00,ESPR,2.5199999809265137,2.5199999809265137,2.5199999809265137,2.5199999809265137,2.5199999809265137,3078.0
2024-03-01 11:48:00,ETNB,12.930000305175781,12.930000305175781,12.9399995803833,12.90999984741211,12.90999984741211,3009.0
2024-03-01 11:48:00,EWTX,17.0,17.0,17.0,17.0,17.0,381.0
2024-03-01 11:48:00,EXAI,6.800000190734863,6.800000190734863,6.809700012207031,6.800000190734863,6.809700012207031,1138.0
2024-03-01 11:48:00,EXAS,59.68000030517578,59.68000030517578,59.71950149536133,59.66999816894531,59.69990158081055,2782.0
2024-03-01 11:48:00,EXEL,22.559999465942383,22.559999465942383,22.559999465942383,22.559900283813477,22.559900283813477,749.0
2024-03-01 11:48:00,EYEN,2.259999990463257,2.259999990463257,2.259999990463257,2.259999990463257,2.259999990463257,1613.0
2024-03-01 11:48:00,EYPT,28.309999465942383,28.309999465942383,28.309999465942383,28.27389907836914,28.27389907836914,693.0
2024-03-01 11:48:00,FATE,7.428999900817871,7.428999900817871,7.429999828338623,7.400000095367432,7.400000095367432,8051.0
2024-03-01 11:48:00,FDMT,29.045000076293945,29.045000076293945,29.045000076293945,29.03499984741211,29.040000915527344,526.0
2024-03-01 11:48:00,FEMY,1.7300000190734863,1.7300000190734863,1.7300000190734863,1.7300000190734863,1.7300000190734863,218.0
2024-03-01 11:48:00,FGEN,1.7949999570846558,1.7949999570846558,1.7949999570846558,1.7899999618530273,1.7899999618530273,950.0
2024-03-01 11:48:00,FHTX,8.149999618530273,8.149999618530273,8.204999923706055,8.149999618530273,8.204999923706055,565.0
2024-03-01 11:48:00,FOLD,13.3149995803833,13.3149995803833,13.319999694824219,13.295000076293945,13.295000076293945,7495.0
2024-03-01 11:48:00,FULC,10.960000038146973,10.960000038146973,10.960000038146973,10.949999809265137,10.949999809265137,660.0
2024-03-01 11:48:00,FUSN,12.375,12.375,12.379899978637695,12.300000190734863,12.319999694824219,2026.0
2024-03-01 11:48:00,GDRX,8.289999961853027,8.289999961853027,8.295700073242188,8.279999732971191,8.28909969329834,9951.0
2024-03-01 11:48:00,GERN,2.1549999713897705,2.1549999713897705,2.1600000858306885,2.1500000953674316,2.1600000858306885,10549.0
2024-03-01 11:48:00,GH,19.260000228881836,19.260000228881836,19.260000228881836,19.229999542236328,19.229999542236328,1866.0
2024-03-01 11:48:00,GILD,72.31089782714844,72.31089782714844,72.33999633789062,72.30999755859375,72.31999969482422,20564.0
2024-03-01 11:48:00,GLSI,12.199999809265137,12.199999809265137,12.199999809265137,12.199999809265137,12.199999809265137,241.0
2024-03-01 11:48:00,GMDA,0.38350000977516174,0.38350000977516174,0.38350000977516174,0.3831999897956848,0.3831999897956848,822.0
2024-03-01 11:48:00,GOSS,1.3600000143051147,1.3600000143051147,1.3600000143051147,1.3450000286102295,1.3450000286102295,3772.0
2024-03-01 11:48:00,GRFS,7.09499979019165,7.09499979019165,7.099999904632568,7.09499979019165,7.099999904632568,4479.0
2024-03-01 11:48:00,GRPH,3.5,3.5,3.5,3.5,3.5,4212.0
2024-03-01 11:48:00,GRTS,2.2049999237060547,2.2049999237060547,2.2049999237060547,2.190000057220459,2.194999933242798,11184.0
2024-03-01 11:48:00,GRTX,0.23019999265670776,0.23019999265670776,0.23019999265670776,0.23019999265670776,0.23019999265670776,100.0
2024-03-01 11:48:00,GTHX,3.639899969100952,3.639899969100952,3.6449999809265137,3.639899969100952,3.640000104904175,10516.0
2024-03-01 11:48:00,HALO,41.209999084472656,41.209999084472656,41.209999084472656,41.11000061035156,41.11000061035156,2230.0
2024-03-01 11:48:00,HARP,22.9325008392334,22.9325008392334,22.940000534057617,22.9325008392334,22.940000534057617,212.0
2024-03-01 11:48:00,HCAT,7.894999980926514,7.894999980926514,7.894999980926514,7.894999980926514,7.894999980926514,405.0
2024-03-01 11:48:00,HCM,15.390000343322754,15.390000343322754,15.390000343322754,15.390000343322754,15.390000343322754,207.0
2024-03-01 11:48:00,HCTI,2.509999990463257,2.509999990463257,2.589900016784668,2.509999990463257,2.589900016784668,1668.0
2024-03-01 11:48:00,HLTH,0.27399998903274536,0.27399998903274536,0.274399995803833,0.27399998903274536,0.274399995803833,1331.0
2024-03-01 11:48:00,HLVX,18.764999389648438,18.764999389648438,18.764999389648438,18.764999389648438,18.764999389648438,249.0
2024-03-01 11:48:00,HOLX,73.81500244140625,73.81500244140625,73.81500244140625,73.79000091552734,73.79000091552734,2707.0
2024-03-01 11:48:00,HOWL,6.923299789428711,6.923299789428711,6.923299789428711,6.909999847412109,6.909999847412109,353.0
2024-03-01 11:48:00,HQY,81.37999725341797,81.37999725341797,81.38999938964844,81.30999755859375,81.30999755859375,2296.0
2024-03-01 11:48:00,HRMY,31.31999969482422,31.31999969482422,31.329999923706055,31.31999969482422,31.329999923706055,695.0
2024-03-01 11:48:00,HRTX,2.628999948501587,2.628999948501587,2.628999948501587,2.628999948501587,2.628999948501587,100.0
2024-03-01 11:48:00,HSIC,77.18000030517578,77.18000030517578,77.18000030517578,77.12999725341797,77.12999725341797,1980.0
2024-03-01 11:48:00,HUMA,3.444999933242798,3.444999933242798,3.450000047683716,3.440000057220459,3.440000057220459,2967.0
2024-03-01 11:48:00,IART,36.46500015258789,36.46500015258789,36.470001220703125,36.45000076293945,36.45000076293945,2572.0
2024-03-01 11:48:00,IBRX,4.895999908447266,4.895999908447266,4.895999908447266,4.880000114440918,4.885000228881836,3234.0
2024-03-01 11:48:00,ICAD,1.8899999856948853,1.8899999856948853,1.8899999856948853,1.8899999856948853,1.8899999856948853,229.0
2024-03-01 11:48:00,ICUI,106.25,106.25,106.25,106.12999725341797,106.16999816894531,1290.0
2024-03-01 11:48:00,IDXX,580.3350219726562,580.3350219726562,580.3350219726562,579.97998046875,579.97998046875,1336.0
2024-03-01 11:48:00,IKNA,1.4800000190734863,1.4800000190734863,1.4800000190734863,1.4700000286102295,1.4800000190734863,6242.0
2024-03-01 11:48:00,ILMN,141.83999633789062,141.83999633789062,141.83999633789062,141.77999877929688,141.77999877929688,943.0
2024-03-01 11:48:00,IMAB,1.8550000190734863,1.8550000190734863,1.8550000190734863,1.850000023841858,1.850000023841858,542.0
2024-03-01 11:48:00,IMCR,68.13999938964844,68.13999938964844,68.19999694824219,68.04000091552734,68.07499694824219,1282.0
2024-03-01 11:48:00,IMRN,1.749899983406067,1.749899983406067,1.749899983406067,1.749899983406067,1.749899983406067,299.0
2024-03-01 11:48:00,IMTX,13.015000343322754,13.015000343322754,13.015000343322754,13.0,13.015000343322754,1217.0
2024-03-01 11:48:00,IMUX,1.4795000553131104,1.4795000553131104,1.4799000024795532,1.475000023841858,1.475000023841858,2454.0
2024-03-01 11:48:00,IMVT,36.36000061035156,36.36000061035156,36.3650016784668,36.36000061035156,36.36000061035156,1937.0
2024-03-01 11:48:00,INBX,36.78990173339844,36.78990173339844,36.78990173339844,36.78990173339844,36.78990173339844,301.0
2024-03-01 11:48:00,INCY,59.05500030517578,59.05500030517578,59.09000015258789,59.04999923706055,59.06999969482422,2214.0
2024-03-01 11:48:00,INGN,6.889999866485596,6.889999866485596,6.889999866485596,6.889999866485596,6.889999866485596,245.0
2024-03-01 11:48:00,INMD,22.799999237060547,22.799999237060547,22.799999237060547,22.75,22.75,3109.0
2024-03-01 11:48:00,INO,9.229999542236328,9.229999542236328,9.279999732971191,9.229999542236328,9.279999732971191,4196.0
2024-03-01 11:48:00,INSM,28.15999984741211,28.15999984741211,28.15999984741211,28.1200008392334,28.1200008392334,1632.0
2024-03-01 11:48:00,INVA,15.6850004196167,15.6850004196167,15.6850004196167,15.6850004196167,15.6850004196167,120.0
2024-03-01 11:48:00,IONS,45.93000030517578,45.93000030517578,45.93000030517578,45.84000015258789,45.84000015258789,2455.0
2024-03-01 11:48:00,IOVA,16.735000610351562,16.735000610351562,16.739999771118164,16.670000076293945,16.690000534057617,19826.0
2024-03-01 11:48:00,IRTC,120.58999633789062,120.58999633789062,120.58999633789062,120.58999633789062,120.58999633789062,1303.0
2024-03-01 11:48:00,IRWD,9.079999923706055,9.079999923706055,9.079999923706055,9.055000305175781,9.055000305175781,9482.0
2024-03-01 11:48:00,ISPC,0.45899999141693115,0.45899999141693115,0.45899999141693115,0.45899999141693115,0.45899999141693115,249.0
2024-03-01 11:48:00,ISRG,393.7200012207031,393.7200012207031,393.7200012207031,393.5350036621094,393.5350036621094,1545.0
2024-03-01 11:48:00,ITCI,71.30000305175781,71.30000305175781,71.30000305175781,71.26000213623047,71.2699966430664,1512.0
2024-03-01 11:48:00,IXHL,5.489999771118164,5.489999771118164,5.489999771118164,5.449999809265137,5.449999809265137,445.0
2024-03-01 11:48:00,JAGX,0.07259999960660934,0.07259999960660934,0.07370000332593918,0.07240000367164612,0.07339999824762344,776750.0
2024-03-01 11:48:00,JANX,46.869998931884766,46.869998931884766,46.869998931884766,46.869998931884766,46.869998931884766,225.0
2024-03-01 11:48:00,JAZZ,119.80500030517578,119.80500030517578,119.80500030517578,119.77999877929688,119.77999877929688,604.0
2024-03-01 11:48:00,JYNT,10.005000114440918,10.005000114440918,10.005000114440918,9.970000267028809,10.0,497.0
2024-03-01 11:48:00,KNSA,21.65999984741211,21.65999984741211,21.65999984741211,21.65999984741211,21.65999984741211,269.0
2024-03-01 11:48:00,KOD,6.125,6.125,6.125,6.119999885559082,6.119999885559082,1172.0
2024-03-01 11:48:00,KPTI,1.215000033378601,1.215000033378601,1.215000033378601,1.215000033378601,1.215000033378601,610.0
2024-03-01 11:48:00,KRTX,316.510009765625,316.510009765625,316.510009765625,316.4800109863281,316.510009765625,1764.0
2024-03-01 11:48:00,KRYS,166.6699981689453,166.6699981689453,166.6699981689453,166.66000366210938,166.66000366210938,1129.0
2024-03-01 11:48:00,KURA,21.34000015258789,21.34000015258789,21.34000015258789,21.309999465942383,21.309999465942383,2019.0
2024-03-01 11:48:00,KYMR,43.877498626708984,43.877498626708984,43.880001068115234,43.877498626708984,43.880001068115234,449.0
2024-03-01 11:48:00,KZR,1.0750000476837158,1.0750000476837158,1.090000033378601,1.0750000476837158,1.0879000425338745,4161.0
2024-03-01 11:48:00,LAB,2.4549999237060547,2.4549999237060547,2.4549999237060547,2.434999942779541,2.434999942779541,11224.0
2024-03-01 11:48:00,LEGN,65.79000091552734,65.79000091552734,65.81500244140625,65.79000091552734,65.81500244140625,248.0
2024-03-01 11:48:00,LFMD,7.985000133514404,7.985000133514404,7.989999771118164,7.96999979019165,7.96999979019165,2910.0
2024-03-01 11:48:00,LFST,7.989999771118164,7.989999771118164,7.989999771118164,7.985000133514404,7.985000133514404,7063.0
2024-03-01 11:48:00,LGVN,0.5415999889373779,0.5415999889373779,0.5458999872207642,0.5414999723434448,0.5458999872207642,1430.0
2024-03-01 11:48:00,LIVN,55.15999984741211,55.15999984741211,55.189998626708984,55.13999938964844,55.154998779296875,1796.0
2024-03-01 11:48:00,LMAT,67.3114013671875,67.3114013671875,67.3114013671875,67.08999633789062,67.30000305175781,3343.0
2024-03-01 11:48:00,LNTH,65.3499984741211,65.3499984741211,65.3499984741211,65.3499984741211,65.3499984741211,332.0
2024-03-01 11:48:00,LPTX,2.869999885559082,2.869999885559082,2.890000104904175,2.865000009536743,2.865000009536743,3601.0
2024-03-01 11:48:00,LQDA,14.289999961853027,14.289999961853027,14.300000190734863,14.289999961853027,14.300000190734863,1579.0
2024-03-01 11:48:00,LRMR,11.510000228881836,11.510000228881836,11.510000228881836,11.510000228881836,11.510000228881836,100.0
2024-03-01 11:48:00,LTRN,4.610000133514404,4.610000133514404,4.610000133514404,4.610000133514404,4.610000133514404,235.0
2024-03-01 11:48:00,LUNG,9.210000038146973,9.210000038146973,9.210000038146973,9.210000038146973,9.210000038146973,153.0
2024-03-01 11:48:00,LVTX,3.1305999755859375,3.1305999755859375,3.1700000762939453,3.130000114440918,3.1600000858306885,6593.0
2024-03-01 11:48:00,LXRX,2.4200000762939453,2.4200000762939453,2.4200000762939453,2.4200000762939453,2.4200000762939453,2605.0
2024-03-01 11:48:00,LYEL,3.1700000762939453,3.1700000762939453,3.1700000762939453,3.1600000858306885,3.1600000858306885,1652.0
2024-03-01 11:48:00,LYRA,5.570000171661377,5.570000171661377,5.598999977111816,5.570000171661377,5.598999977111816,800.0
2024-03-01 11:48:00,MASI,127.0,127.0,127.04499816894531,127.0,127.0,1994.0
2024-03-01 11:48:00,MASS,7.309999942779541,7.309999942779541,7.309999942779541,7.309999942779541,7.309999942779541,121.0
2024-03-01 11:48:00,MDRX,6.150000095367432,6.150000095367432,6.150000095367432,6.050000190734863,6.050000190734863,43922.0
2024-03-01 11:48:00,MDXG,8.59000015258789,8.59000015258789,8.595000267028809,8.579999923706055,8.59000015258789,4929.0
2024-03-01 11:48:00,ME,0.5677000284194946,0.5677000284194946,0.5716000199317932,0.5673999786376953,0.5716000199317932,500.0
2024-03-01 11:48:00,MGNX,18.90999984741211,18.90999984741211,18.90999984741211,18.90999984741211,18.90999984741211,1658.0
2024-03-01 11:48:00,MHUA,0.6901000142097473,0.6901000142097473,0.6901000142097473,0.6901000142097473,0.6901000142097473,300.0
2024-03-01 11:48:00,MIRM,30.09000015258789,30.09000015258789,30.09000015258789,30.059999465942383,30.059999465942383,1384.0
2024-03-01 11:48:00,MLTX,51.61000061035156,51.61000061035156,51.61000061035156,51.61000061035156,51.61000061035156,113.0
2024-03-01 11:48:00,MMSI,76.57489776611328,76.57489776611328,76.57489776611328,76.57489776611328,76.57489776611328,221.0
2024-03-01 11:48:00,MNKD,4.599999904632568,4.599999904632568,4.630000114440918,4.599999904632568,4.625,31257.0
2024-03-01 11:48:00,MNMD,6.110000133514404,6.110000133514404,6.110000133514404,6.090000152587891,6.099899768829346,2578.0
2024-03-01 11:48:00,MNPR,0.8271999955177307,0.8271999955177307,0.8271999955177307,0.8271999955177307,0.8271999955177307,118.0
2024-03-01 11:48:00,MODD,1.8899999856948853,1.8899999856948853,1.8899999856948853,1.8899999856948853,1.8899999856948853,6010.0
2024-03-01 11:48:00,MODV,27.84000015258789,27.84000015258789,27.84000015258789,27.635000228881836,27.635000228881836,2207.0
2024-03-01 11:48:00,MOR,17.6200008392334,17.6200008392334,17.625,17.6200008392334,17.625,450.0
2024-03-01 11:48:00,MORF,38.665000915527344,38.665000915527344,38.665000915527344,38.665000915527344,38.665000915527344,141.0
2024-03-01 11:48:00,MOTS,0.660099983215332,0.660099983215332,0.660099983215332,0.660099983215332,0.660099983215332,600.0
2024-03-01 11:48:00,MREO,3.8299999237060547,3.8299999237060547,3.8299999237060547,3.8299999237060547,3.8299999237060547,2220.0
2024-03-01 11:48:00,MRNA,96.33999633789062,96.33999633789062,96.37999725341797,96.24800109863281,96.26000213623047,3835.0
2024-03-01 11:48:00,MRSN,5.994999885559082,5.994999885559082,6.0,5.989999771118164,6.0,1206.0
2024-03-01 11:48:00,MRUS,51.34000015258789,51.34000015258789,51.57500076293945,51.34000015258789,51.57500076293945,1903.0
2024-03-01 11:48:00,MRVI,7.820000171661377,7.820000171661377,7.820000171661377,7.820000171661377,7.820000171661377,2718.0
2024-03-01 11:48:00,MXCT,4.735000133514404,4.735000133514404,4.735000133514404,4.724999904632568,4.724999904632568,2755.0
2024-03-01 11:48:00,MYGN,21.5049991607666,21.5049991607666,21.510000228881836,21.5049991607666,21.510000228881836,235.0
2024-03-01 11:48:00,MYNZ,0.8604000210762024,0.8604000210762024,0.8604999780654907,0.8604000210762024,0.8604000210762024,600.0
2024-03-01 11:48:00,NARI,46.189998626708984,46.189998626708984,46.209999084472656,46.119998931884766,46.150001525878906,22263.0
2024-03-01 11:48:00,NAUT,2.6500000953674316,2.6500000953674316,2.6500000953674316,2.6500000953674316,2.6500000953674316,612.0
2024-03-01 11:48:00,NBIX,130.88999938964844,130.88999938964844,130.99000549316406,130.63999938964844,130.6649932861328,2707.0
2024-03-01 11:48:00,NEO,16.03499984741211,16.03499984741211,16.03499984741211,15.989999771118164,15.989999771118164,2068.0
2024-03-01 11:48:00,NEOG,17.295000076293945,17.295000076293945,17.295000076293945,17.270000457763672,17.270000457763672,892.0
2024-03-01 11:48:00,NERV,2.5,2.5,2.5,2.5,2.5,100.0
2024-03-01 11:48:00,NGM,1.5299999713897705,1.5299999713897705,1.5299999713897705,1.5299999713897705,1.5299999713897705,1781.0
2024-03-01 11:48:00,NKTR,0.7689999938011169,0.7689999938011169,0.7740989923477173,0.7689999938011169,0.7740989923477173,5985.0
2024-03-01 11:48:00,NKTX,12.699999809265137,12.699999809265137,12.699999809265137,12.6899995803833,12.6899995803833,407.0
2024-03-01 11:48:00,NNOX,11.079999923706055,11.079999923706055,11.079999923706055,11.0600004196167,11.069999694824219,5499.0
2024-03-01 11:48:00,NOTV,8.080100059509277,8.080100059509277,8.09000015258789,8.077199935913086,8.077199935913086,834.0
2024-03-01 11:48:00,NPCE,16.19499969482422,16.19499969482422,16.19499969482422,16.139999389648438,16.139999389648438,1754.0
2024-03-01 11:48:00,NRIX,13.210000038146973,13.210000038146973,13.210000038146973,13.199999809265137,13.199999809265137,971.0
2024-03-01 11:48:00,NRXP,0.4189999997615814,0.4189999997615814,0.4189999997615814,0.4099999964237213,0.4101000130176544,10123.0
2024-03-01 11:48:00,NTLA,33.380001068115234,33.380001068115234,33.47999954223633,33.349998474121094,33.40999984741211,14689.0
2024-03-01 11:48:00,NTRA,89.2300033569336,89.2300033569336,89.2300033569336,89.12000274658203,89.16500091552734,2418.0
2024-03-01 11:48:00,NUVL,87.72000122070312,87.72000122070312,87.72000122070312,87.67500305175781,87.69999694824219,1085.0
2024-03-01 11:48:00,NVAX,5.130000114440918,5.130000114440918,5.130000114440918,5.099999904632568,5.110000133514404,26507.0
2024-03-01 11:48:00,NVCR,15.850000381469727,15.850000381469727,15.850000381469727,15.850000381469727,15.850000381469727,1242.0
2024-03-01 11:48:00,NVNO,6.499899864196777,6.499899864196777,6.499899864196777,6.499899864196777,6.499899864196777,500.0
2024-03-01 11:48:00,NVOS,0.6263999938964844,0.6263999938964844,0.6263999938964844,0.6263999938964844,0.6263999938964844,500.0
2024-03-01 11:48:00,NXTC,1.7999999523162842,1.7999999523162842,1.7999999523162842,1.7999999523162842,1.7999999523162842,100.0
2024-03-01 11:48:00,OCGN,0.932699978351593,0.932699978351593,0.936398983001709,0.9300000071525574,0.932699978351593,11271.0
2024-03-01 11:48:00,OCUL,10.649999618530273,10.649999618530273,10.649999618530273,10.570699691772461,10.570699691772461,19658.0
2024-03-01 11:48:00,OFIX,12.84000015258789,12.84000015258789,12.84000015258789,12.84000015258789,12.84000015258789,1595.0
2024-03-01 11:48:00,OGI,2.125,2.125,2.125,2.125,2.125,515.0
2024-03-01 11:48:00,OLK,22.610000610351562,22.610000610351562,22.610000610351562,22.610000610351562,22.610000610351562,400.0
2024-03-01 11:48:00,OLMA,13.430000305175781,13.430000305175781,13.430000305175781,13.399999618530273,13.399999618530273,735.0
2024-03-01 11:48:00,OM,3.115000009536743,3.115000009536743,3.115000009536743,3.115000009536743,3.115000009536743,252.0
2024-03-01 11:48:00,OMCL,26.420000076293945,26.420000076293945,26.420000076293945,26.399999618530273,26.399999618530273,1100.0
2024-03-01 11:48:00,OMIC,0.5900999903678894,0.5900999903678894,0.5900999903678894,0.5900999903678894,0.5900999903678894,101.0
2024-03-01 11:48:00,ONCY,1.1200000047683716,1.1200000047683716,1.1200000047683716,1.1200000047683716,1.1200000047683716,300.0
2024-03-01 11:49:00,AADI,1.975000023841858,1.975000023841858,1.975000023841858,1.975000023841858,1.975000023841858,285.0
2024-03-01 11:49:00,ABSI,5.204999923706055,5.204999923706055,5.210000038146973,5.190000057220459,5.190000057220459,5367.0
2024-03-01 11:49:00,ACAD,23.8700008392334,23.8700008392334,23.877599716186523,23.8700008392334,23.877599716186523,432.0
2024-03-01 11:49:00,ACET,2.3949999809265137,2.3949999809265137,2.3949999809265137,2.3949999809265137,2.3949999809265137,511.0
2024-03-01 11:49:00,ACHV,4.25,4.25,4.25,4.25,4.25,759.0
2024-03-01 11:49:00,ACLX,67.48999786376953,67.48999786376953,67.5,67.41500091552734,67.45999908447266,1801.0
2024-03-01 11:49:00,ADAP,1.5979000329971313,1.5979000329971313,1.5979000329971313,1.5979000329971313,1.5979000329971313,633.0
2024-03-01 11:49:00,ADIL,3.0594000816345215,3.0594000816345215,3.0799999237060547,3.0213000774383545,3.031399965286255,63445.0
2024-03-01 11:49:00,ADMA,5.380000114440918,5.380000114440918,5.380000114440918,5.375,5.380000114440918,13176.0
2024-03-01 11:49:00,ADPT,4.179999828338623,4.179999828338623,4.184999942779541,4.179999828338623,4.184999942779541,200.0
2024-03-01 11:49:00,ADVM,1.9800000190734863,1.9800000190734863,1.9800000190734863,1.9800000190734863,1.9800000190734863,991.0
2024-03-01 11:49:00,AGEN,0.6711750030517578,0.6711750030517578,0.6711999773979187,0.6711500287055969,0.6711750030517578,10107.0
2024-03-01 11:49:00,AGIO,32.880001068115234,32.880001068115234,32.880001068115234,32.84000015258789,32.84000015258789,1700.0
2024-03-01 11:49:00,AHCO,10.75,10.75,10.760000228881836,10.75,10.760000228881836,1005.0
2024-03-01 11:49:00,AIRS,6.420000076293945,6.420000076293945,6.420000076293945,6.420000076293945,6.420000076293945,101.0
2024-03-01 11:49:00,AKBA,1.6608999967575073,1.6608999967575073,1.6649999618530273,1.6608999967575073,1.6649999618530273,856.0
2024-03-01 11:49:00,AKLI,0.3352000117301941,0.3352000117301941,0.3352000117301941,0.3352000117301941,0.3352000117301941,5000.0
2024-03-01 11:49:00,AKRO,29.389999389648438,29.389999389648438,29.389999389648438,29.389999389648438,29.389999389648438,331.0
2024-03-01 11:49:00,AKYA,6.070000171661377,6.070000171661377,6.070000171661377,6.059999942779541,6.070000171661377,2288.0
2024-03-01 11:49:00,ALDX,4.150000095367432,4.150000095367432,4.15500020980835,4.150000095367432,4.15500020980835,2829.0
2024-03-01 11:49:00,ALGN,300.42999267578125,300.42999267578125,300.42999267578125,300.42999267578125,300.42999267578125,228.0
2024-03-01 11:49:00,ALGS,1.059999942779541,1.059999942779541,1.059999942779541,1.059999942779541,1.059999942779541,200.0
2024-03-01 11:49:00,ALHC,5.715000152587891,5.715000152587891,5.715000152587891,5.715000152587891,5.715000152587891,1003.0
2024-03-01 11:49:00,ALKS,30.19499969482422,30.19499969482422,30.225000381469727,30.190000534057617,30.225000381469727,3775.0
2024-03-01 11:49:00,ALLK,1.600000023841858,1.600000023841858,1.600000023841858,1.600000023841858,1.600000023841858,200.0
2024-03-01 11:49:00,ALLO,5.039999961853027,5.039999961853027,5.039999961853027,5.039999961853027,5.039999961853027,985.0
2024-03-01 11:49:00,ALLR,0.4124999940395355,0.4124999940395355,0.4124999940395355,0.4124999940395355,0.4124999940395355,122.0
2024-03-01 11:49:00,ALNY,153.90330505371094,153.90330505371094,153.90330505371094,153.75999450683594,153.75999450683594,561.0
2024-03-01 11:49:00,ALPN,35.869998931884766,35.869998931884766,35.9099006652832,35.86000061035156,35.86000061035156,4026.0
2024-03-01 11:49:00,ALT,12.140000343322754,12.140000343322754,12.140000343322754,12.104999542236328,12.130000114440918,12251.0
2024-03-01 11:49:00,ALVR,0.7512999773025513,0.7512999773025513,0.7512999773025513,0.7512999773025513,0.7512999773025513,601.0
2024-03-01 11:49:00,ALZN,0.910099983215332,0.910099983215332,0.910099983215332,0.9100000262260437,0.9100000262260437,1138.0
2024-03-01 11:49:00,AMED,93.23500061035156,93.23500061035156,93.27999877929688,93.23500061035156,93.27999877929688,335.0
2024-03-01 11:49:00,AMGN,281.0,281.0,281.0,280.885009765625,280.885009765625,3830.0
2024-03-01 11:49:00,AMLX,18.719999313354492,18.719999313354492,18.729999542236328,18.68000030517578,18.68000030517578,5014.0
2024-03-01 11:49:00,AMPH,45.5,45.5,45.5,45.387001037597656,45.387001037597656,1550.0
2024-03-01 11:49:00,AMRN,1.0499999523162842,1.0499999523162842,1.0549999475479126,1.0499999523162842,1.0549999475479126,4906.0
2024-03-01 11:49:00,ANGO,5.514999866485596,5.514999866485596,5.514999866485596,5.514999866485596,5.514999866485596,404.0
2024-03-01 11:49:00,ANNX,6.0,6.0,6.0,5.980000019073486,5.989999771118164,7372.0
2024-03-01 11:49:00,ANTX,2.990000009536743,2.990000009536743,2.990000009536743,2.990000009536743,2.990000009536743,100.0
2024-03-01 11:49:00,APDN,0.5699999928474426,0.5699999928474426,0.5699999928474426,0.5698999762535095,0.5699999928474426,12476.0
2024-03-01 11:49:00,APLS,65.63999938964844,65.63999938964844,65.63999938964844,65.63999938964844,65.63999938964844,528.0
2024-03-01 11:49:00,APLT,7.150000095367432,7.150000095367432,7.170000076293945,7.139999866485596,7.15500020980835,2312.0
2024-03-01 11:49:00,AQST,4.3358001708984375,4.3358001708984375,4.340000152587891,4.3358001708984375,4.340000152587891,2166.0
2024-03-01 11:49:00,ARCT,39.28499984741211,39.28499984741211,39.28499984741211,39.28499984741211,39.28499984741211,104.0
2024-03-01 11:49:00,ARDX,9.600000381469727,9.600000381469727,9.600000381469727,9.59000015258789,9.59000015258789,2551.0
2024-03-01 11:49:00,ARQT,11.478099822998047,11.478099822998047,11.510000228881836,11.460100173950195,11.470000267028809,24865.0
2024-03-01 11:49:00,ARVN,48.54499816894531,48.54499816894531,48.61000061035156,48.53499984741211,48.540000915527344,5955.0
2024-03-01 11:49:00,ARWR,35.70000076293945,35.70000076293945,35.749900817871094,35.70000076293945,35.749900817871094,626.0
2024-03-01 11:49:00,ASLN,0.7888000011444092,0.7888000011444092,0.7888000011444092,0.7888000011444092,0.7888000011444092,317.0
2024-03-01 11:49:00,ASND,149.9949951171875,149.9949951171875,149.9949951171875,149.85000610351562,149.85000610351562,605.0
2024-03-01 11:49:00,ASRT,0.9100000262260437,0.9100000262260437,0.9100000262260437,0.9100000262260437,0.9100000262260437,296.0
2024-03-01 11:49:00,ATAI,2.0302999019622803,2.0302999019622803,2.0302999019622803,2.0302999019622803,2.0302999019622803,4044.0
2024-03-01 11:49:00,ATEC,13.600000381469727,13.600000381469727,13.600000381469727,13.600000381469727,13.600000381469727,102.0
2024-03-01 11:49:00,ATOS,0.9998900294303894,0.9998900294303894,0.9998900294303894,0.9998900294303894,0.9998900294303894,1000.0
2024-03-01 11:49:00,ATRA,0.7989500164985657,0.7989500164985657,0.8027999997138977,0.7983999848365784,0.8027999997138977,6007.0
2024-03-01 11:49:00,ATRC,36.04999923706055,36.04999923706055,36.04999923706055,36.04999923706055,36.04999923706055,631.0
2024-03-01 11:49:00,ATXS,14.930000305175781,14.930000305175781,14.930000305175781,14.930000305175781,14.930000305175781,978.0
2024-03-01 11:49:00,AUGX,4.574999809265137,4.574999809265137,4.574999809265137,4.574999809265137,4.574999809265137,146.0
2024-03-01 11:49:00,AUPH,5.809999942779541,5.809999942779541,5.809999942779541,5.809999942779541,5.809999942779541,4506.0
2024-03-01 11:49:00,AVDL,12.609999656677246,12.609999656677246,12.609999656677246,12.609999656677246,12.609999656677246,522.0
2024-03-01 11:49:00,AVTE,23.399999618530273,23.399999618530273,23.399999618530273,23.399999618530273,23.399999618530273,420.0
2024-03-01 11:49:00,AVXL,5.355000019073486,5.355000019073486,5.355000019073486,5.355000019073486,5.355000019073486,239.0
2024-03-01 11:49:00,AXGN,10.489999771118164,10.489999771118164,10.5,10.489999771118164,10.489999771118164,538.0
2024-03-01 11:49:00,AXNX,67.30999755859375,67.30999755859375,67.31999969482422,67.29000091552734,67.29000091552734,2194.0
2024-03-01 11:49:00,AXSM,82.31999969482422,82.31999969482422,82.44000244140625,82.26000213623047,82.44000244140625,1613.0
2024-03-01 11:49:00,AZN,64.55999755859375,64.55999755859375,64.56999969482422,64.54499816894531,64.54499816894531,6396.0
2024-03-01 11:49:00,BBIO,35.900001525878906,35.900001525878906,35.900001525878906,35.85499954223633,35.872501373291016,1184.0
2024-03-01 11:49:00,BCAB,2.759999990463257,2.759999990463257,2.759999990463257,2.759999990463257,2.759999990463257,110.0
2024-03-01 11:49:00,BCEL,0.26829999685287476,0.26829999685287476,0.26829999685287476,0.2651999890804291,0.2651999890804291,1510.0
2024-03-01 11:49:00,BCYC,25.80500030517578,25.80500030517578,25.80500030517578,25.80500030517578,25.80500030517578,207.0
2024-03-01 11:49:00,BDSX,1.6399999856948853,1.6399999856948853,1.6399999856948853,1.6394000053405762,1.6394000053405762,315.0
2024-03-01 11:49:00,BDTX,5.025000095367432,5.025000095367432,5.03000020980835,5.025000095367432,5.03000020980835,451.0
2024-03-01 11:49:00,BEAM,40.13999938964844,40.13999938964844,40.150001525878906,40.11000061035156,40.11000061035156,2484.0
2024-03-01 11:49:00,BGXX,0.26809999346733093,0.26809999346733093,0.26809999346733093,0.26809999346733093,0.26809999346733093,553.0
2024-03-01 11:49:00,BIVI,2.2149999141693115,2.2149999141693115,2.240000009536743,2.2100000381469727,2.240000009536743,22081.0
2024-03-01 11:49:00,BLFS,18.18000030517578,18.18000030517578,18.18000030517578,18.079999923706055,18.170000076293945,7908.0
2024-03-01 11:49:00,BLRX,1.3898999691009521,1.3898999691009521,1.3898999691009521,1.3898999691009521,1.3898999691009521,119.0
2024-03-01 11:49:00,BLUE,1.570099949836731,1.570099949836731,1.579200029373169,1.5700000524520874,1.5750000476837158,10481.0
2024-03-01 11:49:00,BMEA,17.8700008392334,17.8700008392334,17.899999618530273,17.8700008392334,17.899999618530273,603.0
2024-03-01 11:49:00,BMRN,86.88500213623047,86.88500213623047,86.91999816894531,86.88500213623047,86.9000015258789,828.0
2024-03-01 11:49:00,BNGO,1.25,1.25,1.250100016593933,1.25,1.250100016593933,403.0
2024-03-01 11:49:00,BNTX,92.0250015258789,92.0250015258789,92.0250015258789,92.0199966430664,92.0199966430664,858.0
2024-03-01 11:49:00,BPMC,97.33999633789062,97.33999633789062,97.38999938964844,97.29000091552734,97.29000091552734,458.0
2024-03-01 11:49:00,BPTH,5.965000152587891,5.965000152587891,5.965000152587891,5.965000152587891,5.965000152587891,440.0
2024-03-01 11:49:00,BRKR,87.91000366210938,87.91000366210938,87.94000244140625,87.91000366210938,87.94000244140625,1452.0
2024-03-01 11:49:00,BSGM,0.6359000205993652,0.6359000205993652,0.6359000205993652,0.6359000205993652,0.6359000205993652,125.0
2024-03-01 11:49:00,BTAI,3.2300000190734863,3.2300000190734863,3.240000009536743,3.2300000190734863,3.240000009536743,549.0
2024-03-01 11:49:00,BTTX,0.16869999468326569,0.16869999468326569,0.16869999468326569,0.16869999468326569,0.16869999468326569,1000.0
2024-03-01 11:49:00,BYSI,1.5199999809265137,1.5199999809265137,1.5299999713897705,1.5199999809265137,1.5299999713897705,1915.0
2024-03-01 11:49:00,CABA,24.0,24.0,24.0,24.0,24.0,1674.0
2024-03-01 11:49:00,CAPR,4.570000171661377,4.570000171661377,4.575799942016602,4.570000171661377,4.575799942016602,2090.0
2024-03-01 11:49:00,CBAY,32.244998931884766,32.244998931884766,32.25,32.244998931884766,32.244998931884766,2153.0
2024-03-01 11:49:00,CCCC,10.944999694824219,10.944999694824219,10.944999694824219,10.9399995803833,10.9399995803833,879.0
2024-03-01 11:49:00,CCRN,18.15999984741211,18.15999984741211,18.15999984741211,18.15999984741211,18.15999984741211,943.0
2024-03-01 11:49:00,CDMO,8.175000190734863,8.175000190734863,8.175000190734863,8.175000190734863,8.175000190734863,100.0
2024-03-01 11:49:00,CDNA,12.34000015258789,12.34000015258789,12.348899841308594,12.310199737548828,12.321000099182129,4346.0
2024-03-01 11:49:00,CDXS,4.504000186920166,4.504000186920166,4.504000186920166,4.480800151824951,4.488399982452393,6608.0
2024-03-01 11:49:00,CELC,16.014999389648438,16.014999389648438,16.014999389648438,16.014999389648438,16.014999389648438,215.0
2024-03-01 11:49:00,CERE,41.13999938964844,41.13999938964844,41.13999938964844,41.125,41.125,2246.0
2024-03-01 11:49:00,CERT,17.68000030517578,17.68000030517578,17.690000534057617,17.65999984741211,17.690000534057617,1783.0
2024-03-01 11:49:00,CGEN,2.6895999908447266,2.6895999908447266,2.6895999908447266,2.689500093460083,2.689500093460083,550.0
2024-03-01 11:49:00,CHRS,2.3450000286102295,2.3450000286102295,2.3450000286102295,2.3299999237060547,2.3299999237060547,8246.0
2024-03-01 11:49:00,CING,1.3550000190734863,1.3550000190734863,1.3550000190734863,1.3550000190734863,1.3550000190734863,250.0
2024-03-01 11:49:00,CLDX,52.56999969482422,52.56999969482422,52.599998474121094,52.529998779296875,52.560001373291016,3858.0
2024-03-01 11:49:00,CLLS,2.5343000888824463,2.5343000888824463,2.5343000888824463,2.5343000888824463,2.5343000888824463,696.0
2024-03-01 11:49:00,CLOV,0.8680499792098999,0.8680499792098999,0.8680999875068665,0.8679999709129333,0.8680899739265442,39339.0
2024-03-01 11:49:00,CMPS,11.380000114440918,11.380000114440918,11.390000343322754,11.380000114440918,11.390000343322754,967.0
2024-03-01 11:49:00,CMPX,1.8899999856948853,1.8899999856948853,1.8899999856948853,1.8799999952316284,1.8799999952316284,658.0
2024-03-01 11:49:00,COGT,7.230000019073486,7.230000019073486,7.230000019073486,7.230000019073486,7.230000019073486,1491.0
2024-03-01 11:49:00,COLL,36.974998474121094,36.974998474121094,37.0098991394043,36.974998474121094,37.0098991394043,367.0
2024-03-01 11:49:00,CORT,23.739999771118164,23.739999771118164,23.770000457763672,23.729999542236328,23.770000457763672,1887.0
2024-03-01 11:49:00,COSM,0.7573000192642212,0.7573000192642212,0.7573000192642212,0.7573000192642212,0.7573000192642212,265.0
2024-03-01 11:49:00,CPRX,17.010000228881836,17.010000228881836,17.020000457763672,17.010000228881836,17.020000457763672,2540.0
2024-03-01 11:49:00,CPSI,9.4399995803833,9.4399995803833,9.4399995803833,9.4399995803833,9.4399995803833,2733.0
2024-03-01 11:49:00,CRBP,31.5,31.5,31.540000915527344,31.5,31.540000915527344,623.0
2024-03-01 11:49:00,CRBU,8.024999618530273,8.024999618530273,8.029999732971191,8.020000457763672,8.029999732971191,883.0
2024-03-01 11:49:00,CRDF,2.4500999450683594,2.4500999450683594,2.4600000381469727,2.440000057220459,2.450000047683716,16865.0
2024-03-01 11:49:00,CRIS,9.89579963684082,9.89579963684082,9.89579963684082,9.89579963684082,9.89579963684082,171.0
2024-03-01 11:49:00,CRMD,3.7149999141693115,3.7149999141693115,3.7149999141693115,3.7149999141693115,3.7149999141693115,111.0
2024-03-01 11:49:00,CRNX,46.189998626708984,46.189998626708984,46.189998626708984,46.189998626708984,46.189998626708984,700.0
2024-03-01 11:49:00,CRON,2.049999952316284,2.049999952316284,2.049999952316284,2.0399999618530273,2.040800094604492,2630.0
2024-03-01 11:49:00,CRSP,85.57499694824219,85.57499694824219,85.57499694824219,85.44999694824219,85.44999694824219,2328.0
2024-03-01 11:49:00,CRVS,2.25,2.25,2.2699999809265137,2.2200000286102295,2.259999990463257,9540.0
2024-03-01 11:49:00,CSTL,20.020000457763672,20.020000457763672,20.055999755859375,20.020000457763672,20.055999755859375,514.0
2024-03-01 11:49:00,CTKB,8.460000038146973,8.460000038146973,8.460000038146973,8.454999923706055,8.454999923706055,948.0
2024-03-01 11:49:00,CTMX,2.5899999141693115,2.5899999141693115,2.5899999141693115,2.5899999141693115,2.5899999141693115,2304.0
2024-03-01 11:49:00,CTXR,0.7779729962348938,0.7779729962348938,0.7779729962348938,0.7779729962348938,0.7779729962348938,800.0
2024-03-01 11:49:00,CUTR,2.4100000858306885,2.4100000858306885,2.4100000858306885,2.409899950027466,2.4100000858306885,744.0
2024-03-01 11:49:00,CVRX,20.229999542236328,20.229999542236328,20.260000228881836,20.229999542236328,20.25,510.0
2024-03-01 11:49:00,CYTK,73.97000122070312,73.97000122070312,73.97000122070312,73.91500091552734,73.91500091552734,471.0
2024-03-01 11:49:00,DARE,0.5600000023841858,0.5600000023841858,0.5649999976158142,0.5600000023841858,0.5649999976158142,14460.0
2024-03-01 11:49:00,DBVT,0.8065000176429749,0.8065000176429749,0.8065999746322632,0.8065000176429749,0.8065999746322632,10350.0
2024-03-01 11:49:00,DCGO,4.114999771118164,4.114999771118164,4.114999771118164,4.114999771118164,4.114999771118164,219.0
2024-03-01 11:49:00,DCPH,17.40999984741211,17.40999984741211,17.479999542236328,17.40999984741211,17.47719955444336,8185.0
2024-03-01 11:49:00,DH,9.0,9.0,9.0,8.994999885559082,8.994999885559082,1643.0
2024-03-01 11:49:00,DMTK,0.8201000094413757,0.8201000094413757,0.8201000094413757,0.8201000094413757,0.8201000094413757,263.0
2024-03-01 11:49:00,DNLI,20.719999313354492,20.719999313354492,20.760000228881836,20.719999313354492,20.760000228881836,657.0
2024-03-01 11:49:00,DRTS,3.0,3.0,3.0,3.0,3.0,182.0
2024-03-01 11:49:00,DTIL,12.330100059509277,12.330100059509277,12.34000015258789,12.329999923706055,12.34000015258789,2298.0
2024-03-01 11:49:00,DVAX,12.864999771118164,12.864999771118164,12.869999885559082,12.864999771118164,12.864999771118164,727.0
2024-03-01 11:49:00,DXCM,119.61000061035156,119.61000061035156,119.75,119.61000061035156,119.72000122070312,12008.0
2024-03-01 11:49:00,DYN,29.200000762939453,29.200000762939453,29.200000762939453,29.200000762939453,29.200000762939453,252.0
2024-03-01 11:49:00,EDIT,10.899999618530273,10.899999618530273,10.899999618530273,10.875,10.875,1505.0
2024-03-01 11:49:00,EGRX,6.679999828338623,6.679999828338623,6.679999828338623,6.679999828338623,6.679999828338623,460.0
2024-03-01 11:49:00,ELEV,5.0,5.0,5.0,4.980000019073486,4.981200218200684,4025.0
2024-03-01 11:49:00,ENSC,0.9300000071525574,0.9300000071525574,0.9401000142097473,0.9300000071525574,0.9399999976158142,2943.0
2024-03-01 11:49:00,ENSG,123.36479949951172,123.36479949951172,123.36479949951172,123.3499984741211,123.3499984741211,508.0
2024-03-01 11:49:00,ENVB,1.6100000143051147,1.6100000143051147,1.6100000143051147,1.600000023841858,1.600000023841858,6096.0
2024-03-01 11:49:00,EPIX,9.649999618530273,9.649999618530273,9.649999618530273,9.649999618530273,9.649999618530273,288.0
2024-03-01 11:49:00,ERAS,2.515000104904175,2.515000104904175,2.5250000953674316,2.515000104904175,2.5250000953674316,11095.0
2024-03-01 11:49:00,ESPR,2.5199999809265137,2.5199999809265137,2.5199999809265137,2.5199999809265137,2.5199999809265137,906.0
2024-03-01 11:49:00,ESTA,45.65999984741211,45.65999984741211,45.65999984741211,45.65999984741211,45.65999984741211,257.0
2024-03-01 11:49:00,ETNB,12.920000076293945,12.920000076293945,12.9399995803833,12.920000076293945,12.9399995803833,2133.0
2024-03-01 11:49:00,EWTX,17.0,17.0,17.0,17.0,17.0,103.0
2024-03-01 11:49:00,EXAS,59.630001068115234,59.630001068115234,59.68000030517578,59.630001068115234,59.68000030517578,1625.0
2024-03-01 11:49:00,EXEL,22.559999465942383,22.559999465942383,22.565000534057617,22.55500030517578,22.565000534057617,2810.0
2024-03-01 11:49:00,EYEN,2.269700050354004,2.269700050354004,2.269700050354004,2.269700050354004,2.269700050354004,160.0
2024-03-01 11:49:00,EYPT,28.28499984741211,28.28499984741211,28.34000015258789,28.28499984741211,28.34000015258789,724.0
2024-03-01 11:49:00,FATE,7.425000190734863,7.425000190734863,7.425000190734863,7.414999961853027,7.420000076293945,1520.0
2024-03-01 11:49:00,FBIO,2.2300000190734863,2.2300000190734863,2.2300000190734863,2.2200000286102295,2.2200000286102295,2208.0
2024-03-01 11:49:00,FDMT,29.135000228881836,29.135000228881836,29.135000228881836,29.024999618530273,29.03499984741211,3950.0
2024-03-01 11:49:00,FEMY,1.7300000190734863,1.7300000190734863,1.7300000190734863,1.7300000190734863,1.7300000190734863,254.0
2024-03-01 11:49:00,FGEN,1.7999999523162842,1.7999999523162842,1.7999999523162842,1.7949999570846558,1.7980999946594238,11767.0
2024-03-01 11:49:00,FNCH,2.867000102996826,2.867000102996826,2.867000102996826,2.867000102996826,2.867000102996826,150.0
2024-03-01 11:49:00,FOLD,13.3100004196167,13.3100004196167,13.3100004196167,13.300000190734863,13.305000305175781,4634.0
2024-03-01 11:49:00,FULC,10.899999618530273,10.899999618530273,10.949999809265137,10.899999618530273,10.949999809265137,3764.0
2024-03-01 11:49:00,FUSN,12.399999618530273,12.399999618530273,12.399999618530273,12.34000015258789,12.369999885559082,2107.0
2024-03-01 11:49:00,GCTK,0.30300000309944153,0.30300000309944153,0.30300000309944153,0.30250000953674316,0.30250000953674316,590.0
2024-03-01 11:49:00,GDRX,8.295700073242188,8.295700073242188,8.319999694824219,8.295000076293945,8.295700073242188,8493.0
2024-03-01 11:49:00,GENE,2.2249999046325684,2.2249999046325684,2.2249999046325684,2.2249999046325684,2.2249999046325684,1340.0
2024-03-01 11:49:00,GERN,2.1700000762939453,2.1700000762939453,2.1700000762939453,2.1549999713897705,2.1600000858306885,38395.0
2024-03-01 11:49:00,GH,19.25909996032715,19.25909996032715,19.25909996032715,19.2549991607666,19.2549991607666,206.0
2024-03-01 11:49:00,GILD,72.27999877929688,72.27999877929688,72.31999969482422,72.27999877929688,72.31500244140625,9038.0
2024-03-01 11:49:00,GLPG,35.220001220703125,35.220001220703125,35.220001220703125,35.220001220703125,35.220001220703125,452.0
2024-03-01 11:49:00,GLSI,12.324999809265137,12.324999809265137,12.324999809265137,12.324999809265137,12.324999809265137,150.0
2024-03-01 11:49:00,GMAB,29.40999984741211,29.40999984741211,29.40999984741211,29.3799991607666,29.3799991607666,8254.0
2024-03-01 11:49:00,GMDA,0.38499999046325684,0.38499999046325684,0.38499999046325684,0.38350000977516174,0.38350000977516174,47315.0
2024-03-01 11:49:00,GRFS,7.09499979019165,7.09499979019165,7.099899768829346,7.0903000831604,7.099899768829346,2300.0
2024-03-01 11:49:00,GRPH,3.5,3.5,3.5,3.490000009536743,3.5,2383.0
2024-03-01 11:49:00,GRTS,2.200000047683716,2.200000047683716,2.2100000381469727,2.200000047683716,2.2049999237060547,11494.0
2024-03-01 11:49:00,GRTX,0.23145100474357605,0.23145100474357605,0.23145100474357605,0.23145100474357605,0.23145100474357605,393.0
2024-03-01 11:49:00,GTHX,3.6449999809265137,3.6449999809265137,3.6449999809265137,3.634999990463257,3.634999990463257,1847.0
2024-03-01 11:49:00,HALO,41.23749923706055,41.23749923706055,41.2599983215332,41.20000076293945,41.20000076293945,4865.0
2024-03-01 11:49:00,HARP,22.9325008392334,22.9325008392334,22.9325008392334,22.9325008392334,22.9325008392334,116.0
2024-03-01 11:49:00,HCAT,7.894999980926514,7.894999980926514,7.894999980926514,7.894999980926514,7.894999980926514,311.0
2024-03-01 11:49:00,HCSG,12.640000343322754,12.640000343322754,12.640000343322754,12.600000381469727,12.604999542236328,5781.0
2024-03-01 11:49:00,HCTI,2.5199999809265137,2.5199999809265137,2.5450000762939453,2.5,2.5199999809265137,2591.0
2024-03-01 11:49:00,HOLX,73.80500030517578,73.80500030517578,73.82520294189453,73.79000091552734,73.79000091552734,9326.0
2024-03-01 11:49:00,HOTH,1.3200000524520874,1.3200000524520874,1.3200000524520874,1.3200000524520874,1.3200000524520874,200.0
2024-03-01 11:49:00,HOWL,6.945000171661377,6.945000171661377,6.945000171661377,6.945000171661377,6.945000171661377,142.0
2024-03-01 11:49:00,HQY,81.41000366210938,81.41000366210938,81.47989654541016,81.40270233154297,81.40270233154297,1750.0
2024-03-01 11:49:00,HRMY,31.325000762939453,31.325000762939453,31.325000762939453,31.325000762939453,31.325000762939453,401.0
2024-03-01 11:49:00,HRTX,2.619999885559082,2.619999885559082,2.6219000816345215,2.615000009536743,2.6219000816345215,13213.0
2024-03-01 11:49:00,HSIC,76.95999908447266,76.95999908447266,77.14009857177734,76.91999816894531,77.13999938964844,7044.0
2024-03-01 11:49:00,HUMA,3.4800000190734863,3.4800000190734863,3.490000009536743,3.444999933242798,3.444999933242798,36153.0
2024-03-01 11:49:00,IART,36.462501525878906,36.462501525878906,36.462501525878906,36.462501525878906,36.462501525878906,704.0
2024-03-01 11:49:00,IBRX,4.880000114440918,4.880000114440918,4.889999866485596,4.869999885559082,4.889999866485596,5651.0
2024-03-01 11:49:00,ICAD,1.8716000318527222,1.8716000318527222,1.8716000318527222,1.8716000318527222,1.8716000318527222,752.0
2024-03-01 11:49:00,ICLR,322.8299865722656,322.8299865722656,322.8299865722656,322.8299865722656,322.8299865722656,750.0
2024-03-01 11:49:00,ICUI,106.12259674072266,106.12259674072266,106.12259674072266,106.12259674072266,106.12259674072266,239.0
2024-03-01 11:49:00,IDXX,580.3200073242188,580.3200073242188,580.3200073242188,580.3200073242188,580.3200073242188,533.0
2024-03-01 11:49:00,IKNA,1.4801000356674194,1.4801000356674194,1.4801000356674194,1.4800000190734863,1.4800000190734863,2876.0
2024-03-01 11:49:00,ILMN,141.85499572753906,141.85499572753906,141.85499572753906,141.85499572753906,141.85499572753906,738.0
2024-03-01 11:49:00,IMCC,0.3281700015068054,0.3281700015068054,0.3294999897480011,0.32475000619888306,0.3294999897480011,610.0
2024-03-01 11:49:00,IMCR,68.12999725341797,68.12999725341797,68.12999725341797,68.12999725341797,68.12999725341797,124.0
2024-03-01 11:49:00,IMMX,3.5350000858306885,3.5350000858306885,3.5350000858306885,3.5350000858306885,3.5350000858306885,301.0
2024-03-01 11:49:00,IMUX,1.4708000421524048,1.4708000421524048,1.4799000024795532,1.4708000421524048,1.4799000024795532,2790.0
2024-03-01 11:49:00,IMVT,36.30099868774414,36.30099868774414,36.36000061035156,36.290000915527344,36.36000061035156,5393.0
2024-03-01 11:49:00,INBX,36.76219940185547,36.76219940185547,36.76219940185547,36.76219940185547,36.76219940185547,258.0
2024-03-01 11:49:00,INCY,59.029998779296875,59.029998779296875,59.04999923706055,59.029998779296875,59.04999923706055,2286.0
2024-03-01 11:49:00,INGN,6.880000114440918,6.880000114440918,6.900000095367432,6.880000114440918,6.889999866485596,6432.0
2024-03-01 11:49:00,INO,9.220000267028809,9.220000267028809,9.270000457763672,9.220000267028809,9.260000228881836,1087.0
2024-03-01 11:49:00,INSM,28.18000030517578,28.18000030517578,28.18000030517578,28.18000030517578,28.18000030517578,1433.0
2024-03-01 11:49:00,INVA,15.6850004196167,15.6850004196167,15.6850004196167,15.6850004196167,15.6850004196167,233.0
2024-03-01 11:49:00,INZY,6.514999866485596,6.514999866485596,6.514999866485596,6.514999866485596,6.514999866485596,2017.0
2024-03-01 11:49:00,IOVA,16.684999465942383,16.684999465942383,16.709999084472656,16.68000030517578,16.700000762939453,11444.0
2024-03-01 11:49:00,IRWD,9.0600004196167,9.0600004196167,9.109999656677246,9.055000305175781,9.079999923706055,47173.0
2024-03-01 11:49:00,ISRG,393.8800048828125,393.8800048828125,393.92999267578125,393.739990234375,393.739990234375,2257.0
2024-03-01 11:49:00,ITCI,71.36000061035156,71.36000061035156,71.36000061035156,71.3489990234375,71.3489990234375,2038.0
2024-03-01 11:49:00,IVVD,4.0,4.0,4.010000228881836,4.0,4.010000228881836,729.0
2024-03-01 11:49:00,IXHL,5.489999771118164,5.489999771118164,5.489999771118164,5.489999771118164,5.489999771118164,136.0
2024-03-01 11:49:00,JAGX,0.07320000231266022,0.07320000231266022,0.07349999994039536,0.07199999690055847,0.07270000129938126,330345.0
2024-03-01 11:49:00,JANX,47.11000061035156,47.11000061035156,47.11000061035156,46.915000915527344,46.915000915527344,448.0
2024-03-01 11:49:00,KALV,13.989999771118164,13.989999771118164,13.989999771118164,13.979999542236328,13.979999542236328,325.0
2024-03-01 11:49:00,KIDS,27.34000015258789,27.34000015258789,27.34000015258789,27.34000015258789,27.34000015258789,474.0
2024-03-01 11:49:00,KMDA,6.333099842071533,6.333099842071533,6.333099842071533,6.333099842071533,6.333099842071533,138.0
2024-03-01 11:49:00,KNSA,21.65999984741211,21.65999984741211,21.65999984741211,21.65999984741211,21.65999984741211,237.0
2024-03-01 11:49:00,KPTI,1.215000033378601,1.215000033378601,1.215000033378601,1.2100000381469727,1.215000033378601,1100.0
2024-03-01 11:49:00,KROS,69.33999633789062,69.33999633789062,69.33999633789062,69.33999633789062,69.33999633789062,200.0
2024-03-01 11:49:00,KRTX,316.510009765625,316.510009765625,316.510009765625,316.4599914550781,316.4599914550781,384.0
2024-03-01 11:49:00,KRYS,166.73500061035156,166.73500061035156,166.73500061035156,166.73500061035156,166.73500061035156,534.0
2024-03-01 11:49:00,KTRA,0.09860000014305115,0.09860000014305115,0.09860000014305115,0.09849999845027924,0.09860000014305115,2300.0
2024-03-01 11:49:00,KYMR,43.90999984741211,43.90999984741211,43.90999984741211,43.90999984741211,43.90999984741211,320.0
2024-03-01 11:49:00,KZR,1.0800000429153442,1.0800000429153442,1.0800000429153442,1.0800000429153442,1.0800000429153442,1306.0
2024-03-01 11:49:00,LAB,2.4549999237060547,2.4549999237060547,2.4549999237060547,2.453399896621704,2.453399896621704,282.0
2024-03-01 11:49:00,LBPH,21.600000381469727,21.600000381469727,21.600000381469727,21.600000381469727,21.600000381469727,301.0
2024-03-01 11:49:00,LEGN,65.81500244140625,65.81500244140625,65.81500244140625,65.81500244140625,65.81500244140625,212.0
2024-03-01 11:49:00,LEXX,2.700000047683716,2.700000047683716,2.700000047683716,2.6600000858306885,2.6600000858306885,4616.0
2024-03-01 11:49:00,LFMD,7.96999979019165,7.96999979019165,7.985000133514404,7.965000152587891,7.979300022125244,3248.0
2024-03-01 11:49:00,LIAN,4.860000133514404,4.860000133514404,4.860000133514404,4.860000133514404,4.860000133514404,280.0
2024-03-01 11:49:00,LMAT,67.37999725341797,67.37999725341797,67.43000030517578,67.37000274658203,67.43000030517578,891.0
2024-03-01 11:49:00,LNTH,65.33999633789062,65.33999633789062,65.33999633789062,65.33999633789062,65.33999633789062,821.0
2024-03-01 11:49:00,LQDA,14.279999732971191,14.279999732971191,14.279999732971191,14.279999732971191,14.279999732971191,263.0
2024-03-01 11:49:00,LUCD,1.2300000190734863,1.2300000190734863,1.2300000190734863,1.225000023841858,1.225000023841858,572.0
2024-03-01 11:49:00,LVTX,3.199899911880493,3.199899911880493,3.200000047683716,3.140000104904175,3.1500000953674316,15077.0
2024-03-01 11:49:00,LXRX,2.424999952316284,2.424999952316284,2.430000066757202,2.424999952316284,2.430000066757202,931.0
2024-03-01 11:49:00,LYRA,5.570000171661377,5.570000171661377,5.579999923706055,5.570000171661377,5.579999923706055,1114.0
2024-03-01 11:49:00,MASI,127.01000213623047,127.01000213623047,127.125,127.01000213623047,127.125,1127.0
2024-03-01 11:49:00,MBRX,0.6299999952316284,0.6299999952316284,0.6299999952316284,0.6299999952316284,0.6299999952316284,807.0
2024-03-01 11:49:00,MCRB,1.2005000114440918,1.2005000114440918,1.2050000429153442,1.2000999450683594,1.2050000429153442,1010.0
2024-03-01 11:49:00,MDGL,243.1699981689453,243.1699981689453,243.1699981689453,243.1699981689453,243.1699981689453,781.0
2024-03-01 11:49:00,MDRX,6.150000095367432,6.150000095367432,6.150000095367432,6.099999904632568,6.150000095367432,6485.0
2024-03-01 11:49:00,MDXG,8.59000015258789,8.59000015258789,8.59000015258789,8.59000015258789,8.59000015258789,972.0
2024-03-01 11:49:00,ME,0.5672000050544739,0.5672000050544739,0.5680000185966492,0.5672000050544739,0.5676000118255615,17366.0
2024-03-01 11:49:00,MHUA,0.6899999976158142,0.6899999976158142,0.6899999976158142,0.6899999976158142,0.6899999976158142,470.0
2024-03-01 11:49:00,MMSI,76.625,76.625,76.625,76.625,76.625,229.0
2024-03-01 11:49:00,MNKD,4.635000228881836,4.635000228881836,4.639999866485596,4.599999904632568,4.600100040435791,73452.0
2024-03-01 11:49:00,MNMD,6.12939977645874,6.12939977645874,6.12939977645874,6.119999885559082,6.119999885559082,2564.0
2024-03-01 11:49:00,MNPR,0.8299999833106995,0.8299999833106995,0.8299999833106995,0.822950005531311,0.8229510188102722,9711.0
2024-03-01 11:49:00,MORF,38.71500015258789,38.71500015258789,38.71500015258789,38.63999938964844,38.65999984741211,900.0
2024-03-01 11:49:00,MOTS,0.6510000228881836,0.6510000228881836,0.6527000069618225,0.6510000228881836,0.6510000228881836,2000.0
2024-03-01 11:49:00,MRAI,1.551300048828125,1.551300048828125,1.551300048828125,1.551300048828125,1.551300048828125,226.0
2024-03-01 11:49:00,MRNA,96.3499984741211,96.3499984741211,96.3677978515625,96.31999969482422,96.33499908447266,2328.0
2024-03-01 11:49:00,MRSN,5.965000152587891,5.965000152587891,5.994999885559082,5.940000057220459,5.994999885559082,15416.0
2024-03-01 11:49:00,MRUS,51.5,51.5,51.5099983215332,51.345001220703125,51.40999984741211,3708.0
2024-03-01 11:49:00,MRVI,7.824999809265137,7.824999809265137,7.824999809265137,7.820000171661377,7.820000171661377,588.0
2024-03-01 11:49:00,MXCT,4.735000133514404,4.735000133514404,4.735000133514404,4.735000133514404,4.735000133514404,114.0
2024-03-01 11:49:00,MYGN,21.489999771118164,21.489999771118164,21.5,21.489999771118164,21.5,500.0
2024-03-01 11:49:00,NAOV,1.0099999904632568,1.0099999904632568,1.0099999904632568,1.0099999904632568,1.0099999904632568,208.0
2024-03-01 11:49:00,NARI,46.19499969482422,46.19499969482422,46.19499969482422,46.150001525878906,46.19499969482422,1110.0
2024-03-01 11:49:00,NBIX,130.875,130.875,130.99000549316406,130.875,130.97000122070312,2676.0
2024-03-01 11:49:00,NEOG,17.309999465942383,17.309999465942383,17.309999465942383,17.30500030517578,17.30500030517578,500.0
2024-03-01 11:49:00,NGM,1.5299999713897705,1.5299999713897705,1.5299999713897705,1.5299999713897705,1.5299999713897705,290.0
2024-03-01 11:49:00,NKTR,0.7688500285148621,0.7688500285148621,0.7699800133705139,0.7680000066757202,0.7689999938011169,2550.0
2024-03-01 11:49:00,NKTX,12.729999542236328,12.729999542236328,12.729999542236328,12.680000305175781,12.6899995803833,1351.0
2024-03-01 11:49:00,NNOX,11.154999732971191,11.154999732971191,11.154999732971191,11.085000038146973,11.085000038146973,9856.0
2024-03-01 11:49:00,NRIX,13.210000038146973,13.210000038146973,13.210000038146973,13.199999809265137,13.199999809265137,700.0
2024-03-01 11:49:00,NRXP,0.4099999964237213,0.4099999964237213,0.41029998660087585,0.4099999964237213,0.4099999964237213,9964.0
2024-03-01 11:49:00,NTLA,33.34000015258789,33.34000015258789,33.345001220703125,33.30009841918945,33.30009841918945,1259.0
2024-03-01 11:49:00,NTRA,89.26499938964844,89.26499938964844,89.2750015258789,89.23500061035156,89.23500061035156,908.0
2024-03-01 11:49:00,NURO,4.010000228881836,4.010000228881836,4.01800012588501,3.984999895095825,4.015100002288818,1182.0
2024-03-01 11:49:00,NUTX,0.11320000141859055,0.11320000141859055,0.11460000276565552,0.11320000141859055,0.11460000276565552,4461.0
2024-03-01 11:49:00,NVAX,5.150000095367432,5.150000095367432,5.150000095367432,5.119999885559082,5.119999885559082,13108.0
2024-03-01 11:49:00,NVCR,15.859999656677246,15.859999656677246,15.859999656677246,15.850000381469727,15.850000381469727,3041.0
2024-03-01 11:49:00,NVNO,6.5,6.5,6.5,6.5,6.5,1516.0
2024-03-01 11:49:00,NXTC,1.8079999685287476,1.8079999685287476,1.8087999820709229,1.8079999685287476,1.8087999820709229,601.0
2024-03-01 11:49:00,OCGN,0.9329000115394592,0.9329000115394592,0.9329000115394592,0.9309999942779541,0.9309999942779541,6001.0
2024-03-01 11:49:00,OCUL,10.699999809265137,10.699999809265137,10.710000038146973,10.649900436401367,10.649999618530273,23166.0
2024-03-01 11:49:00,OCUP,2.490000009536743,2.490000009536743,2.490000009536743,2.490000009536743,2.490000009536743,250.0
2024-03-01 11:49:00,OGI,2.1201000213623047,2.1201000213623047,2.1201000213623047,2.1201000213623047,2.1201000213623047,1000.0
2024-03-01 11:49:00,OLMA,13.454999923706055,13.454999923706055,13.46969985961914,13.430000305175781,13.46969985961914,448.0
2024-03-01 11:49:00,OM,3.130000114440918,3.130000114440918,3.130000114440918,3.119999885559082,3.119999885559082,2159.0
2024-03-01 11:49:00,OMCL,26.43000030517578,26.43000030517578,26.43000030517578,26.43000030517578,26.43000030517578,396.0
2024-03-01 11:49:00,OMGA,4.215000152587891,4.215000152587891,4.215000152587891,4.215000152587891,4.215000152587891,220.0
2024-03-01 11:49:00,ONCY,1.1207000017166138,1.1207000017166138,1.1207000017166138,1.1207000017166138,1.1207000017166138,358.0
2024-03-01 11:50:00,ABCL,5.210000038146973,5.210000038146973,5.210000038146973,5.210000038146973,5.210000038146973,163.0
2024-03-01 11:50:00,ABEO,7.550000190734863,7.550000190734863,7.550000190734863,7.550000190734863,7.550000190734863,137.0
2024-03-01 11:50:00,ABOS,4.670000076293945,4.670000076293945,4.675000190734863,4.670000076293945,4.675000190734863,341.0
2024-03-01 11:50:00,ABSI,5.215000152587891,5.215000152587891,5.215000152587891,5.2093000411987305,5.2093000411987305,2533.0
2024-03-01 11:50:00,ACAD,23.877599716186523,23.877599716186523,23.877599716186523,23.8700008392334,23.872600555419922,1447.0
2024-03-01 11:50:00,ACB,3.1500000953674316,3.1500000953674316,3.1500000953674316,3.140000104904175,3.1414999961853027,671.0
2024-03-01 11:50:00,ACET,2.3949999809265137,2.3949999809265137,2.3949999809265137,2.390000104904175,2.390000104904175,856.0
2024-03-01 11:50:00,ACHC,83.93000030517578,83.93000030517578,83.94000244140625,83.93000030517578,83.94000244140625,550.0
2024-03-01 11:50:00,ACLX,67.5,67.5,67.5,67.5,67.5,237.0
2024-03-01 11:50:00,ACXP,2.9700000286102295,2.9700000286102295,2.9700000286102295,2.9700000286102295,2.9700000286102295,344.0
2024-03-01 11:50:00,ADIL,3.130000114440918,3.130000114440918,3.1500000953674316,3.0399999618530273,3.059999942779541,110724.0
2024-03-01 11:50:00,ADMA,5.380000114440918,5.380000114440918,5.380000114440918,5.380000114440918,5.380000114440918,2956.0
2024-03-01 11:50:00,ADPT,4.184999942779541,4.184999942779541,4.184999942779541,4.184999942779541,4.184999942779541,245.0
2024-03-01 11:50:00,ADVM,1.9800000190734863,1.9800000190734863,1.9800000190734863,1.9800000190734863,1.9800000190734863,763.0
2024-03-01 11:50:00,AEZS,1.9049999713897705,1.9049999713897705,1.909999966621399,1.9049999713897705,1.909999966621399,200.0
2024-03-01 11:50:00,AFMD,0.6201000213623047,0.6201000213623047,0.6201000213623047,0.6201000213623047,0.6201000213623047,1983.0
2024-03-01 11:50:00,AGEN,0.6711999773979187,0.6711999773979187,0.6711999773979187,0.6711500287055969,0.6711750030517578,62160.0
2024-03-01 11:50:00,AGIO,32.875,32.875,32.899898529052734,32.849998474121094,32.899898529052734,313.0
2024-03-01 11:50:00,AHCO,10.755000114440918,10.755000114440918,10.755000114440918,10.739999771118164,10.75,2522.0
2024-03-01 11:50:00,AIMD,0.9599999785423279,0.9599999785423279,0.9599999785423279,0.9599990248680115,0.9599990248680115,2833.0
2024-03-01 11:50:00,AKBA,1.6687999963760376,1.6687999963760376,1.6687999963760376,1.6612000465393066,1.6649999618530273,1774.0
2024-03-01 11:50:00,AKLI,0.335099995136261,0.335099995136261,0.3352000117301941,0.335099995136261,0.3352000117301941,5228.0
2024-03-01 11:50:00,AKRO,29.354999542236328,29.354999542236328,29.399999618530273,29.350000381469727,29.399999618530273,21711.0
2024-03-01 11:50:00,ALEC,7.474999904632568,7.474999904632568,7.474999904632568,7.474999904632568,7.474999904632568,223.0
2024-03-01 11:50:00,ALGN,300.75,300.75,300.75,300.54998779296875,300.54998779296875,3521.0
2024-03-01 11:50:00,ALHC,5.710000038146973,5.710000038146973,5.710000038146973,5.710000038146973,5.710000038146973,178.0
2024-03-01 11:50:00,ALKS,30.200000762939453,30.200000762939453,30.200000762939453,30.19499969482422,30.19499969482422,2834.0
2024-03-01 11:50:00,ALLK,1.600000023841858,1.600000023841858,1.600000023841858,1.600000023841858,1.600000023841858,402.0
2024-03-01 11:50:00,ALNY,153.6699981689453,153.6699981689453,153.7949981689453,153.6699981689453,153.75369262695312,3730.0
2024-03-01 11:50:00,ALPN,35.86000061035156,35.86000061035156,35.90999984741211,35.86000061035156,35.88999938964844,4516.0
2024-03-01 11:50:00,ALT,12.119999885559082,12.119999885559082,12.140000343322754,12.119999885559082,12.140000343322754,2088.0
2024-03-01 11:50:00,ALXO,14.96500015258789,14.96500015258789,14.979999542236328,14.949999809265137,14.979999542236328,1235.0
2024-03-01 11:50:00,AMED,93.19100189208984,93.19100189208984,93.23500061035156,93.19100189208984,93.23500061035156,6134.0
2024-03-01 11:50:00,AMGN,280.9800109863281,280.9800109863281,280.9800109863281,280.864990234375,280.9599914550781,1871.0
2024-03-01 11:50:00,AMLX,18.729999542236328,18.729999542236328,18.729999542236328,18.729999542236328,18.729999542236328,2983.0
2024-03-01 11:50:00,AMPH,45.44499969482422,45.44499969482422,45.45000076293945,45.439998626708984,45.439998626708984,1205.0
2024-03-01 11:50:00,AMRN,1.0499999523162842,1.0499999523162842,1.059999942779541,1.0499999523162842,1.059999942779541,772.0
2024-03-01 11:50:00,ANNX,5.989999771118164,5.989999771118164,5.989999771118164,5.989999771118164,5.989999771118164,225.0
2024-03-01 11:50:00,APLS,65.29000091552734,65.29000091552734,65.54000091552734,65.29000091552734,65.54000091552734,2035.0
2024-03-01 11:50:00,APLT,7.090000152587891,7.090000152587891,7.135000228881836,7.090000152587891,7.130000114440918,5859.0
2024-03-01 11:50:00,APVO,0.1607999950647354,0.1607999950647354,0.1607999950647354,0.1550000011920929,0.1550000011920929,1100.0
2024-03-01 11:50:00,AQST,4.349999904632568,4.349999904632568,4.349999904632568,4.339900016784668,4.339900016784668,7528.0
2024-03-01 11:50:00,ARAY,2.634999990463257,2.634999990463257,2.640000104904175,2.634999990463257,2.640000104904175,404.0
2024-03-01 11:50:00,ARCT,39.25,39.25,39.306400299072266,39.25,39.306400299072266,553.0
2024-03-01 11:50:00,ARDX,9.600000381469727,9.600000381469727,9.604999542236328,9.59000015258789,9.595000267028809,5335.0
2024-03-01 11:50:00,ARQT,11.470000267028809,11.470000267028809,11.489999771118164,11.449999809265137,11.489999771118164,7604.0
2024-03-01 11:50:00,ARTL,1.514299988746643,1.514299988746643,1.514299988746643,1.514299988746643,1.514299988746643,504.0
2024-03-01 11:50:00,ARVN,48.560001373291016,48.560001373291016,48.560001373291016,48.5099983215332,48.560001373291016,826.0
2024-03-01 11:50:00,ARWR,35.775001525878906,35.775001525878906,35.810001373291016,35.71500015258789,35.71500015258789,5849.0
2024-03-01 11:50:00,ASND,150.0,150.0,150.0,150.0,150.0,223.0
2024-03-01 11:50:00,ASRT,0.906000018119812,0.906000018119812,0.906000018119812,0.906000018119812,0.906000018119812,656.0
2024-03-01 11:50:00,ATAI,2.0309998989105225,2.0309998989105225,2.0309998989105225,2.0309998989105225,2.0309998989105225,4127.0
2024-03-01 11:50:00,ATEC,13.600000381469727,13.600000381469727,13.600000381469727,13.59000015258789,13.59000015258789,2049.0
2024-03-01 11:50:00,ATHA,3.9649999141693115,3.9649999141693115,3.9649999141693115,3.9649999141693115,3.9649999141693115,101.0
2024-03-01 11:50:00,ATRA,0.7950000166893005,0.7950000166893005,0.7989500164985657,0.7939500212669373,0.7957000136375427,13787.0
2024-03-01 11:50:00,ATRC,36.040000915527344,36.040000915527344,36.040000915527344,36.0,36.0,254.0
2024-03-01 11:50:00,ATXS,14.863900184631348,14.863900184631348,14.895000457763672,14.863900184631348,14.895000457763672,702.0
2024-03-01 11:50:00,AUGX,4.590000152587891,4.590000152587891,4.590000152587891,4.590000152587891,4.590000152587891,877.0
2024-03-01 11:50:00,AUPH,5.804999828338623,5.804999828338623,5.809999942779541,5.804999828338623,5.809999942779541,1015.0
2024-03-01 11:50:00,AUTL,6.264999866485596,6.264999866485596,6.264999866485596,6.264999866485596,6.264999866485596,12119.0
2024-03-01 11:50:00,AVDL,12.609999656677246,12.609999656677246,12.609999656677246,12.609999656677246,12.609999656677246,102.0
2024-03-01 11:50:00,AVIR,4.460000038146973,4.460000038146973,4.460000038146973,4.460000038146973,4.460000038146973,300.0
2024-03-01 11:50:00,AVTE,23.604999542236328,23.604999542236328,23.604999542236328,23.290000915527344,23.290000915527344,430.0
2024-03-01 11:50:00,AVXL,5.344200134277344,5.344200134277344,5.359399795532227,5.340000152587891,5.351399898529053,11765.0
2024-03-01 11:50:00,AXDX,1.0,1.0,1.0,1.0,1.0,217.0
2024-03-01 11:50:00,AXGN,10.489999771118164,10.489999771118164,10.489999771118164,10.489999771118164,10.489999771118164,712.0
2024-03-01 11:50:00,AXNX,67.27010345458984,67.27010345458984,67.30000305175781,67.27010345458984,67.30000305175781,3101.0
2024-03-01 11:50:00,AXSM,82.28500366210938,82.28500366210938,82.28500366210938,82.28500366210938,82.28500366210938,1317.0
2024-03-01 11:50:00,AZN,64.58999633789062,64.58999633789062,64.58999633789062,64.56500244140625,64.56999969482422,6475.0
2024-03-01 11:50:00,AZTA,66.26499938964844,66.26499938964844,66.26499938964844,66.26499938964844,66.26499938964844,271.0
2024-03-01 11:50:00,BBIO,35.904998779296875,35.904998779296875,35.91999816894531,35.89500045776367,35.90999984741211,1009.0
2024-03-01 11:50:00,BBLG,2.345900058746338,2.345900058746338,2.345900058746338,2.345900058746338,2.345900058746338,367.0
2024-03-01 11:50:00,BCAB,2.759999990463257,2.759999990463257,2.765000104904175,2.759999990463257,2.765000104904175,214.0
2024-03-01 11:50:00,BCDA,0.5699999928474426,0.5699999928474426,0.5699999928474426,0.5699999928474426,0.5699999928474426,121.0
2024-03-01 11:50:00,BCRX,5.784999847412109,5.784999847412109,5.784999847412109,5.784999847412109,5.784999847412109,555.0
2024-03-01 11:50:00,BDTX,5.019999980926514,5.019999980926514,5.019999980926514,5.019999980926514,5.019999980926514,268.0
2024-03-01 11:50:00,BEAM,40.100101470947266,40.100101470947266,40.13999938964844,40.100101470947266,40.119998931884766,1399.0
2024-03-01 11:50:00,BIAF,2.2899999618530273,2.2899999618530273,2.2899999618530273,2.2899999618530273,2.2899999618530273,283.0
2024-03-01 11:50:00,BIIB,219.6699981689453,219.6699981689453,219.6699981689453,219.6699981689453,219.6699981689453,956.0
2024-03-01 11:50:00,BIVI,2.220099925994873,2.220099925994873,2.2298998832702637,2.2100000381469727,2.2100000381469727,15669.0
2024-03-01 11:50:00,BLFS,18.139999389648438,18.139999389648438,18.145000457763672,18.09000015258789,18.145000457763672,701.0
2024-03-01 11:50:00,BLRX,1.3896000385284424,1.3896000385284424,1.3896000385284424,1.3896000385284424,1.3896000385284424,400.0
2024-03-01 11:50:00,BLUE,1.5750000476837158,1.5750000476837158,1.5800000429153442,1.5700000524520874,1.5750000476837158,1187.0
2024-03-01 11:50:00,BMEA,17.899999618530273,17.899999618530273,17.899999618530273,17.899999618530273,17.899999618530273,1674.0
2024-03-01 11:50:00,BMRN,86.88999938964844,86.88999938964844,86.91999816894531,86.87000274658203,86.91000366210938,2365.0
2024-03-01 11:50:00,BNGO,1.25,1.25,1.25,1.25,1.25,696.0
2024-03-01 11:50:00,BNTX,91.91000366210938,91.91000366210938,92.0199966430664,91.83000183105469,92.0199966430664,4983.0
2024-03-01 11:50:00,BPMC,97.4000015258789,97.4000015258789,97.41000366210938,97.33000183105469,97.33000183105469,700.0
2024-03-01 11:50:00,BRKR,87.8949966430664,87.8949966430664,87.8949966430664,87.87000274658203,87.87000274658203,458.0
2024-03-01 11:50:00,BSGM,0.6359000205993652,0.6359000205993652,0.6359000205993652,0.6359000205993652,0.6359000205993652,220.0
2024-03-01 11:50:00,BTTX,0.1679999977350235,0.1679999977350235,0.16940000653266907,0.1679999977350235,0.16940000653266907,37450.0
2024-03-01 11:50:00,BWAY,6.599999904632568,6.599999904632568,6.599999904632568,6.599999904632568,6.599999904632568,100.0
2024-03-01 11:50:00,CABA,23.9950008392334,23.9950008392334,23.9950008392334,23.9950008392334,23.9950008392334,149.0
2024-03-01 11:50:00,CARA,0.9006999731063843,0.9006999731063843,0.9006999731063843,0.9006999731063843,0.9006999731063843,262.0
2024-03-01 11:50:00,CBAY,32.244998931884766,32.244998931884766,32.25,32.244998931884766,32.25,857.0
2024-03-01 11:50:00,CCCC,10.9399995803833,10.9399995803833,10.949999809265137,10.9399995803833,10.949999809265137,404.0
2024-03-01 11:50:00,CDMO,8.180000305175781,8.180000305175781,8.1899995803833,8.180000305175781,8.1899995803833,202.0
2024-03-01 11:50:00,CDNA,12.359999656677246,12.359999656677246,12.380000114440918,12.329999923706055,12.350000381469727,4624.0
2024-03-01 11:50:00,CDXS,4.5,4.5,4.505000114440918,4.5,4.505000114440918,2411.0
2024-03-01 11:50:00,CERE,41.13999938964844,41.13999938964844,41.14500045776367,41.1349983215332,41.13999938964844,2142.0
2024-03-01 11:50:00,CERS,2.194999933242798,2.194999933242798,2.194999933242798,2.194999933242798,2.194999933242798,457.0
2024-03-01 11:50:00,CERT,17.670000076293945,17.670000076293945,17.674999237060547,17.670000076293945,17.670000076293945,317.0
2024-03-01 11:50:00,CGC,3.2699999809265137,3.2699999809265137,3.2699999809265137,3.259999990463257,3.259999990463257,4444.0
2024-03-01 11:50:00,CGEN,2.690000057220459,2.690000057220459,2.690000057220459,2.689500093460083,2.689500093460083,246.0
2024-03-01 11:50:00,CHRS,2.340100049972534,2.340100049972534,2.340100049972534,2.340100049972534,2.340100049972534,5000.0
2024-03-01 11:50:00,CJJD,2.799999952316284,2.799999952316284,2.799999952316284,2.799999952316284,2.799999952316284,1089.0
2024-03-01 11:50:00,CLDX,52.58000183105469,52.58000183105469,52.584999084472656,52.58000183105469,52.58000183105469,539.0
2024-03-01 11:50:00,CLNN,0.38999998569488525,0.38999998569488525,0.39320001006126404,0.38999998569488525,0.39320001006126404,16608.0
2024-03-01 11:50:00,CLOV,0.8649510145187378,0.8649510145187378,0.8679999709129333,0.8619999885559082,0.8679999709129333,40422.0
2024-03-01 11:50:00,CLPT,6.75,6.75,6.769899845123291,6.690000057220459,6.690000057220459,21786.0
2024-03-01 11:50:00,CLRB,4.110000133514404,4.110000133514404,4.110000133514404,4.110000133514404,4.110000133514404,1500.0
2024-03-01 11:50:00,CMPS,11.390000343322754,11.390000343322754,11.40999984741211,11.369999885559082,11.40999984741211,412.0
2024-03-01 11:50:00,CNTA,10.789999961853027,10.789999961853027,10.789999961853027,10.789999961853027,10.789999961853027,276.0
2024-03-01 11:50:00,COGT,7.230000019073486,7.230000019073486,7.239999771118164,7.230000019073486,7.230000019073486,1126.0
2024-03-01 11:50:00,COLL,37.00899887084961,37.00899887084961,37.00899887084961,37.00899887084961,37.00899887084961,340.0
2024-03-01 11:50:00,CORT,23.700000762939453,23.700000762939453,23.735000610351562,23.700000762939453,23.729999542236328,1219.0
2024-03-01 11:50:00,CPRX,17.0,17.0,17.030000686645508,16.959999084472656,17.0,10887.0
2024-03-01 11:50:00,CRBU,8.024999618530273,8.024999618530273,8.024999618530273,8.024999618530273,8.024999618530273,181.0
2024-03-01 11:50:00,CRDF,2.440000057220459,2.440000057220459,2.4600000381469727,2.440000057220459,2.4600000381469727,6352.0
2024-03-01 11:50:00,CRIS,9.930000305175781,9.930000305175781,9.930000305175781,9.90999984741211,9.930000305175781,1781.0
2024-03-01 11:50:00,CRMD,3.716599941253662,3.716599941253662,3.716599941253662,3.716599941253662,3.716599941253662,269.0
2024-03-01 11:50:00,CRNX,46.220001220703125,46.220001220703125,46.220001220703125,46.06999969482422,46.13100051879883,4710.0
2024-03-01 11:50:00,CRON,2.049999952316284,2.049999952316284,2.049999952316284,2.0439999103546143,2.049999952316284,10503.0
2024-03-01 11:50:00,CRSP,85.4800033569336,85.4800033569336,85.4800033569336,85.4800033569336,85.4800033569336,527.0
2024-03-01 11:50:00,CRVS,2.2200000286102295,2.2200000286102295,2.2699999809265137,2.2200000286102295,2.259999990463257,7502.0
2024-03-01 11:50:00,CSTL,20.0,20.0,20.05500030517578,20.0,20.0,4642.0
2024-03-01 11:50:00,CTKB,8.484999656677246,8.484999656677246,8.484999656677246,8.46500015258789,8.46500015258789,1964.0
2024-03-01 11:50:00,CTMX,2.5899999141693115,2.5899999141693115,2.5899999141693115,2.5701000690460205,2.571000099182129,2697.0
2024-03-01 11:50:00,CTXR,0.7731500267982483,0.7731500267982483,0.7750999927520752,0.7700999975204468,0.7750999927520752,29163.0
2024-03-01 11:50:00,CUTR,2.4200000762939453,2.4200000762939453,2.4200000762939453,2.4200000762939453,2.4200000762939453,4577.0
2024-03-01 11:50:00,CVAC,3.450000047683716,3.450000047683716,3.450000047683716,3.450000047683716,3.450000047683716,119.0
2024-03-01 11:50:00,CVRX,20.274999618530273,20.274999618530273,20.274999618530273,20.260000228881836,20.260000228881836,374.0
2024-03-01 11:50:00,CYTK,73.94000244140625,73.94000244140625,73.94000244140625,73.92500305175781,73.92500305175781,311.0
2024-03-01 11:50:00,CYTO,2.1514999866485596,2.1514999866485596,2.1514999866485596,2.1514999866485596,2.1514999866485596,124.0
2024-03-01 11:50:00,DARE,0.5562000274658203,0.5562000274658203,0.5562000274658203,0.5562000274658203,0.5562000274658203,2000.0
2024-03-01 11:50:00,DAWN,17.420000076293945,17.420000076293945,17.420000076293945,17.415000915527344,17.415000915527344,656.0
2024-03-01 11:50:00,DCGO,4.112500190734863,4.112500190734863,4.114999771118164,4.112500190734863,4.114999771118164,1300.0
2024-03-01 11:50:00,DCPH,17.429899215698242,17.429899215698242,17.43000030517578,17.389999389648438,17.43000030517578,1515.0
2024-03-01 11:50:00,DH,9.0,9.0,9.0,8.989999771118164,8.989999771118164,2571.0
2024-03-01 11:50:00,DMTK,0.8396000266075134,0.8396000266075134,0.8396000266075134,0.8299999833106995,0.8348000049591064,1514.0
2024-03-01 11:50:00,DNLI,20.71500015258789,20.71500015258789,20.729999542236328,20.71500015258789,20.729999542236328,441.0
2024-03-01 11:50:00,DRRX,1.0099999904632568,1.0099999904632568,1.0099999904632568,1.0099999904632568,1.0099999904632568,197.0
2024-03-01 11:50:00,DTIL,12.34000015258789,12.34000015258789,12.34000015258789,12.329999923706055,12.329999923706055,2059.0
2024-03-01 11:50:00,DVAX,12.864999771118164,12.864999771118164,12.864999771118164,12.864999771118164,12.864999771118164,407.0
2024-03-01 11:50:00,DXCM,119.82499694824219,119.82499694824219,119.83999633789062,119.58999633789062,119.58999633789062,6636.0
2024-03-01 11:50:00,DYN,29.25,29.25,29.25,29.200000762939453,29.200000762939453,745.0
2024-03-01 11:50:00,EDAP,6.764999866485596,6.764999866485596,6.764999866485596,6.764999866485596,6.764999866485596,1000.0
2024-03-01 11:50:00,EDIT,10.90999984741211,10.90999984741211,10.90999984741211,10.899999618530273,10.899999618530273,694.0
2024-03-01 11:50:00,EGRX,6.670000076293945,6.670000076293945,6.670000076293945,6.670000076293945,6.670000076293945,450.0
2024-03-01 11:50:00,ELEV,4.960000038146973,4.960000038146973,5.0,4.960000038146973,5.0,16233.0
2024-03-01 11:50:00,ENSC,0.9319999814033508,0.9319999814033508,0.9399999976158142,0.9319999814033508,0.9399999976158142,721.0
2024-03-01 11:50:00,ENTX,1.330299973487854,1.330299973487854,1.330299973487854,1.330299973487854,1.330299973487854,2221.0
2024-03-01 11:50:00,ENVB,1.611299991607666,1.611299991607666,1.6299999952316284,1.5901000499725342,1.5915000438690186,11451.0
2024-03-01 11:50:00,EQ,2.468600034713745,2.468600034713745,2.468600034713745,2.468600034713745,2.468600034713745,190.0
2024-03-01 11:50:00,ERAS,2.515000104904175,2.515000104904175,2.5199999809265137,2.515000104904175,2.5199999809265137,400.0
2024-03-01 11:50:00,ESPR,2.5199999809265137,2.5199999809265137,2.5199999809265137,2.5199999809265137,2.5199999809265137,851.0
2024-03-01 11:50:00,ESTA,45.93000030517578,45.93000030517578,45.93000030517578,45.93000030517578,45.93000030517578,121.0
2024-03-01 11:50:00,ETNB,12.90999984741211,12.90999984741211,12.930000305175781,12.90999984741211,12.920000076293945,938.0
2024-03-01 11:50:00,EVGN,0.9649999737739563,0.9649999737739563,0.9649999737739563,0.964900016784668,0.964900016784668,254.0
2024-03-01 11:50:00,EVO,7.499899864196777,7.499899864196777,7.499899864196777,7.499899864196777,7.499899864196777,114.0
2024-03-01 11:50:00,EWTX,17.0,17.0,17.0,17.0,17.0,742.0
2024-03-01 11:50:00,EXAI,6.800000190734863,6.800000190734863,6.800000190734863,6.800000190734863,6.800000190734863,116.0
2024-03-01 11:50:00,EXAS,59.584999084472656,59.584999084472656,59.63999938964844,59.57500076293945,59.630001068115234,2971.0
2024-03-01 11:50:00,EXEL,22.55500030517578,22.55500030517578,22.559999465942383,22.549999237060547,22.559999465942383,1184.0
2024-03-01 11:50:00,EYEN,2.259999990463257,2.259999990463257,2.26990008354187,2.259999990463257,2.26990008354187,1394.0
2024-03-01 11:50:00,FATE,7.414999961853027,7.414999961853027,7.420000076293945,7.414999961853027,7.420000076293945,1336.0
2024-03-01 11:50:00,FBIO,2.23009991645813,2.23009991645813,2.23009991645813,2.2300000190734863,2.2300000190734863,1433.0
2024-03-01 11:50:00,FDMT,29.09000015258789,29.09000015258789,29.09000015258789,29.079999923706055,29.09000015258789,868.0
2024-03-01 11:50:00,FGEN,1.8092000484466553,1.8092000484466553,1.809999942779541,1.8092000484466553,1.809999942779541,1455.0
2024-03-01 11:50:00,FOLD,13.3149995803833,13.3149995803833,13.316699981689453,13.3149995803833,13.3149995803833,712.0
2024-03-01 11:50:00,FUSN,12.369999885559082,12.369999885559082,12.430000305175781,12.369999885559082,12.430000305175781,9262.0
2024-03-01 11:50:00,GALT,1.9900000095367432,1.9900000095367432,1.9900000095367432,1.9900000095367432,1.9900000095367432,138.0
2024-03-01 11:50:00,GBIO,2.625,2.625,2.630000114440918,2.625,2.630000114440918,350.0
2024-03-01 11:50:00,GCTK,0.3068999946117401,0.3068999946117401,0.3068999946117401,0.3068999946117401,0.3068999946117401,100.0
2024-03-01 11:50:00,GDRX,8.300000190734863,8.300000190734863,8.300000190734863,8.29990005493164,8.29990005493164,330.0
2024-03-01 11:50:00,GERN,2.1700000762939453,2.1700000762939453,2.1700000762939453,2.160099983215332,2.1700000762939453,10542.0
2024-03-01 11:50:00,GH,19.25,19.25,19.2549991607666,19.25,19.2549991607666,2334.0
2024-03-01 11:50:00,GILD,72.28500366210938,72.28500366210938,72.29000091552734,72.26000213623047,72.28500366210938,11640.0
2024-03-01 11:50:00,GMAB,29.3799991607666,29.3799991607666,29.40999984741211,29.3799991607666,29.40999984741211,952.0
2024-03-01 11:50:00,GMDA,0.3853999972343445,0.3853999972343445,0.38609999418258667,0.3853999972343445,0.3855000138282776,20406.0
2024-03-01 11:50:00,GRFS,7.09499979019165,7.09499979019165,7.09499979019165,7.09499979019165,7.09499979019165,597.0
2024-03-01 11:50:00,GRPH,3.490000009536743,3.490000009536743,3.490000009536743,3.490000009536743,3.490000009536743,150.0
2024-03-01 11:50:00,GRTS,2.2049999237060547,2.2049999237060547,2.2049999237060547,2.200000047683716,2.200000047683716,982.0
2024-03-01 11:50:00,GTHX,3.6401000022888184,3.6401000022888184,3.6500000953674316,3.6401000022888184,3.6500000953674316,777.0
2024-03-01 11:50:00,HALO,41.185001373291016,41.185001373291016,41.22999954223633,41.185001373291016,41.22999954223633,2024.0
2024-03-01 11:50:00,HARP,22.9325008392334,22.9325008392334,22.940000534057617,22.9325008392334,22.940000534057617,421.0
2024-03-01 11:50:00,HCAT,7.900000095367432,7.900000095367432,7.900000095367432,7.894999980926514,7.894999980926514,551.0
2024-03-01 11:50:00,HCSG,12.635000228881836,12.635000228881836,12.635000228881836,12.635000228881836,12.635000228881836,267.0
2024-03-01 11:50:00,HCTI,2.509999990463257,2.509999990463257,2.549999952316284,2.509999990463257,2.545300006866455,1441.0
2024-03-01 11:50:00,HITI,1.774999976158142,1.774999976158142,1.774999976158142,1.7699999809265137,1.7699999809265137,1100.0
2024-03-01 11:50:00,HOLX,73.80000305175781,73.80000305175781,73.80999755859375,73.77999877929688,73.79000091552734,1815.0
2024-03-01 11:50:00,HOTH,1.309999942779541,1.309999942779541,1.309999942779541,1.309999942779541,1.309999942779541,130.0
2024-03-01 11:50:00,HOWL,6.949999809265137,6.949999809265137,6.949999809265137,6.949999809265137,6.949999809265137,180.0
2024-03-01 11:50:00,HPCO,0.2500999867916107,0.2500999867916107,0.2500999867916107,0.2500999867916107,0.2500999867916107,234.0
2024-03-01 11:50:00,HQY,81.4000015258789,81.4000015258789,81.4000015258789,81.30000305175781,81.36000061035156,3029.0
2024-03-01 11:50:00,HRMY,31.344999313354492,31.344999313354492,31.360000610351562,31.344999313354492,31.350000381469727,742.0
2024-03-01 11:50:00,HRTX,2.609999895095825,2.609999895095825,2.615000009536743,2.609999895095825,2.615000009536743,2765.0
2024-03-01 11:50:00,HSCS,0.11909999698400497,0.11909999698400497,0.11909999698400497,0.11784999817609787,0.11819999665021896,10812.0
2024-03-01 11:50:00,HSIC,76.93000030517578,76.93000030517578,76.95989990234375,76.93000030517578,76.94999694824219,1095.0
2024-03-01 11:50:00,HUMA,3.484999895095825,3.484999895095825,3.490000009536743,3.4749999046325684,3.4800000190734863,33376.0
2024-03-01 11:50:00,IART,36.459999084472656,36.459999084472656,36.459999084472656,36.439998626708984,36.45000076293945,2038.0
2024-03-01 11:50:00,IBRX,4.869999885559082,4.869999885559082,4.870100021362305,4.869999885559082,4.870100021362305,2333.0
2024-03-01 11:50:00,ICAD,1.888700008392334,1.888700008392334,1.888700008392334,1.888700008392334,1.888700008392334,1000.0
2024-03-01 11:50:00,ICLR,322.75,322.75,322.7923889160156,322.7300109863281,322.7923889160156,1604.0
2024-03-01 11:50:00,ICUI,106.08999633789062,106.08999633789062,106.08999633789062,106.08999633789062,106.08999633789062,185.0
2024-03-01 11:50:00,IDXX,581.5198974609375,581.5198974609375,581.5198974609375,579.9600219726562,579.9600219726562,2189.0
2024-03-01 11:50:00,IDYA,46.09000015258789,46.09000015258789,46.09000015258789,46.025001525878906,46.04499816894531,697.0
2024-03-01 11:50:00,IGMS,13.40999984741211,13.40999984741211,13.40999984741211,13.40999984741211,13.40999984741211,397.0
2024-03-01 11:50:00,IKNA,1.4800000190734863,1.4800000190734863,1.4800000190734863,1.4700000286102295,1.4700000286102295,896.0
2024-03-01 11:50:00,ILMN,142.07000732421875,142.07000732421875,142.07000732421875,141.91000366210938,141.94540405273438,3265.0
2024-03-01 11:50:00,IMCR,68.13500213623047,68.13500213623047,68.18250274658203,68.13500213623047,68.18250274658203,459.0
2024-03-01 11:50:00,IMMX,3.5399999618530273,3.5399999618530273,3.5399999618530273,3.5399999618530273,3.5399999618530273,120.0
2024-03-01 11:50:00,IMNM,25.485000610351562,25.485000610351562,25.485000610351562,25.485000610351562,25.485000610351562,326.0
2024-03-01 11:50:00,IMUX,1.478700041770935,1.478700041770935,1.479699969291687,1.4701000452041626,1.4793000221252441,4654.0
2024-03-01 11:50:00,INCY,58.97999954223633,58.97999954223633,59.02000045776367,58.97999954223633,59.02000045776367,2602.0
2024-03-01 11:50:00,INMD,22.799999237060547,22.799999237060547,22.799999237060547,22.790000915527344,22.799999237060547,1820.0
2024-03-01 11:50:00,INO,9.268099784851074,9.268099784851074,9.268099784851074,9.255000114440918,9.255000114440918,1066.0
2024-03-01 11:50:00,INSM,28.174999237060547,28.174999237060547,28.18000030517578,28.170000076293945,28.18000030517578,2263.0
2024-03-01 11:50:00,INVA,15.6850004196167,15.6850004196167,15.6850004196167,15.6850004196167,15.6850004196167,1330.0
2024-03-01 11:50:00,IONS,45.915000915527344,45.915000915527344,45.92559814453125,45.880001068115234,45.92559814453125,2185.0
2024-03-01 11:50:00,IOVA,16.684999465942383,16.684999465942383,16.690000534057617,16.649999618530273,16.68000030517578,14960.0
2024-03-01 11:50:00,IRMD,41.88349914550781,41.88349914550781,41.88349914550781,41.88349914550781,41.88349914550781,1292.0
2024-03-01 11:50:00,IRWD,9.050000190734863,9.050000190734863,9.06879997253418,9.050000190734863,9.06879997253418,3111.0
2024-03-01 11:50:00,ISRG,394.29998779296875,394.29998779296875,394.29998779296875,393.69000244140625,393.8999938964844,8069.0
2024-03-01 11:50:00,ITCI,71.2699966430664,71.2699966430664,71.34500122070312,71.2699966430664,71.34500122070312,1769.0
2024-03-01 11:50:00,IVVD,4.0,4.0,4.0,4.0,4.0,1335.0
2024-03-01 11:50:00,IXHL,5.410299777984619,5.410299777984619,5.429999828338623,5.410099983215332,5.429999828338623,1220.0
2024-03-01 11:50:00,JAGX,0.0729999989271164,0.0729999989271164,0.07339999824762344,0.0729999989271164,0.07339999824762344,266560.0
2024-03-01 11:50:00,JANX,47.060001373291016,47.060001373291016,47.150001525878906,47.0099983215332,47.0099983215332,3796.0
2024-03-01 11:50:00,JAZZ,119.75,119.75,119.86000061035156,119.70999908447266,119.70999908447266,593.0
2024-03-01 11:50:00,JSPR,20.809999465942383,20.809999465942383,21.209999084472656,20.809999465942383,20.895000457763672,3680.0
2024-03-01 11:50:00,JYNT,10.010000228881836,10.010000228881836,10.010000228881836,10.010000228881836,10.010000228881836,360.0
2024-03-01 11:50:00,KALV,13.975000381469727,13.975000381469727,13.979999542236328,13.975000381469727,13.979999542236328,589.0
2024-03-01 11:50:00,KPTI,1.215000033378601,1.215000033378601,1.215000033378601,1.215000033378601,1.215000033378601,410.0
2024-03-01 11:50:00,KROS,69.19999694824219,69.19999694824219,69.19999694824219,69.13999938964844,69.13999938964844,523.0
2024-03-01 11:50:00,KRTX,316.5024108886719,316.5024108886719,316.5024108886719,316.5024108886719,316.5024108886719,162.0
2024-03-01 11:50:00,KTRA,0.09849999845027924,0.09849999845027924,0.09860000014305115,0.09849999845027924,0.09860000014305115,7778.0
2024-03-01 11:50:00,KURA,21.350000381469727,21.350000381469727,21.350000381469727,21.334999084472656,21.334999084472656,425.0
2024-03-01 11:50:00,KYMR,43.915000915527344,43.915000915527344,43.915000915527344,43.8390007019043,43.8390007019043,3444.0
2024-03-01 11:50:00,KZR,1.090000033378601,1.090000033378601,1.090000033378601,1.0800000429153442,1.0800000429153442,4567.0
2024-03-01 11:50:00,LAB,2.4549999237060547,2.4549999237060547,2.4549999237060547,2.4549999237060547,2.4549999237060547,250.0
2024-03-01 11:50:00,LBPH,21.719999313354492,21.719999313354492,21.719999313354492,21.65999984741211,21.65999984741211,1164.0
2024-03-01 11:50:00,LEGN,65.83000183105469,65.83000183105469,65.83999633789062,65.83000183105469,65.83999633789062,604.0
2024-03-01 11:50:00,LFMD,7.985000133514404,7.985000133514404,7.985000133514404,7.985000133514404,7.985000133514404,331.0
2024-03-01 11:50:00,LFST,7.989999771118164,7.989999771118164,7.989999771118164,7.989999771118164,7.989999771118164,407.0
2024-03-01 11:50:00,LGVN,0.5458999872207642,0.5458999872207642,0.5458999872207642,0.5458999872207642,0.5458999872207642,203.0
2024-03-01 11:50:00,LIFE,1.9199999570846558,1.9199999570846558,1.9199999570846558,1.909999966621399,1.909999966621399,2932.0
2024-03-01 11:50:00,LIVN,55.189998626708984,55.189998626708984,55.189998626708984,55.150001525878906,55.18000030517578,715.0
2024-03-01 11:50:00,LMAT,67.25019836425781,67.25019836425781,67.25019836425781,67.25019836425781,67.25019836425781,451.0
2024-03-01 11:50:00,LQDA,14.279999732971191,14.279999732971191,14.279999732971191,14.279999732971191,14.279999732971191,103.0
2024-03-01 11:50:00,LRMR,11.5,11.5,11.510000228881836,11.5,11.510000228881836,236.0
2024-03-01 11:50:00,LTRN,4.641600131988525,4.641600131988525,4.641600131988525,4.641600131988525,4.641600131988525,421.0
2024-03-01 11:50:00,LUNG,9.220000267028809,9.220000267028809,9.220000267028809,9.220000267028809,9.220000267028809,350.0
2024-03-01 11:50:00,LVTX,3.25,3.25,3.299999952316284,3.200000047683716,3.200000047683716,18847.0
2024-03-01 11:50:00,LYEL,3.1600000858306885,3.1600000858306885,3.1600000858306885,3.1600000858306885,3.1600000858306885,113.0
2024-03-01 11:50:00,LYRA,5.579999923706055,5.579999923706055,5.579999923706055,5.579999923706055,5.579999923706055,100.0
2024-03-01 11:50:00,MACK,14.699999809265137,14.699999809265137,14.720000267028809,14.699999809265137,14.720000267028809,555.0
2024-03-01 11:50:00,MASI,127.01000213623047,127.01000213623047,127.01000213623047,126.99500274658203,126.99500274658203,650.0
2024-03-01 11:50:00,MCRB,1.2000000476837158,1.2000000476837158,1.208400011062622,1.2000000476837158,1.208400011062622,3892.0
2024-03-01 11:50:00,MDXG,8.585000038146973,8.585000038146973,8.592499732971191,8.585000038146973,8.592499732971191,949.0
2024-03-01 11:50:00,ME,0.5672000050544739,0.5672000050544739,0.5672000050544739,0.5672000050544739,0.5672000050544739,493.0
2024-03-01 11:50:00,MIRM,30.06999969482422,30.06999969482422,30.06999969482422,30.06999969482422,30.06999969482422,345.0
2024-03-01 11:50:00,MIST,1.684999942779541,1.684999942779541,1.684999942779541,1.684999942779541,1.684999942779541,301.0
2024-03-01 11:50:00,MLTX,51.61000061035156,51.61000061035156,51.61000061035156,51.4900016784668,51.59000015258789,5622.0
2024-03-01 11:50:00,MMSI,76.62999725341797,76.62999725341797,76.62999725341797,76.62999725341797,76.62999725341797,282.0
2024-03-01 11:50:00,MNKD,4.599999904632568,4.599999904632568,4.635000228881836,4.599999904632568,4.635000228881836,30128.0
2024-03-01 11:50:00,MNMD,6.119999885559082,6.119999885559082,6.129899978637695,6.119999885559082,6.129899978637695,2474.0
2024-03-01 11:50:00,MNPR,0.8199999928474426,0.8199999928474426,0.824999988079071,0.8199999928474426,0.824999988079071,650.0
2024-03-01 11:50:00,MODV,28.110000610351562,28.110000610351562,28.1299991607666,27.850000381469727,27.850000381469727,3285.0
2024-03-01 11:50:00,MOR,17.6200008392334,17.6200008392334,17.6200008392334,17.6200008392334,17.6200008392334,244.0
2024-03-01 11:50:00,MORF,38.790000915527344,38.790000915527344,38.790000915527344,38.790000915527344,38.790000915527344,177.0
2024-03-01 11:50:00,MREO,3.8450000286102295,3.8450000286102295,3.8450000286102295,3.8399999141693115,3.8399999141693115,1101.0
2024-03-01 11:50:00,MRNA,96.47000122070312,96.47000122070312,96.4800033569336,96.33000183105469,96.33000183105469,7538.0
2024-03-01 11:50:00,MRNS,9.890000343322754,9.890000343322754,9.890000343322754,9.890000343322754,9.890000343322754,254.0
2024-03-01 11:50:00,MRSN,5.974999904632568,5.974999904632568,5.974999904632568,5.954999923706055,5.954999923706055,4227.0
2024-03-01 11:50:00,MRUS,51.59000015258789,51.59000015258789,51.650001525878906,51.52000045776367,51.54499816894531,3953.0
2024-03-01 11:50:00,MRVI,7.820000171661377,7.820000171661377,7.820000171661377,7.820000171661377,7.820000171661377,699.0
2024-03-01 11:50:00,MXCT,4.735000133514404,4.735000133514404,4.735000133514404,4.730000019073486,4.735000133514404,749.0
2024-03-01 11:50:00,MYGN,21.479999542236328,21.479999542236328,21.489999771118164,21.479999542236328,21.489999771118164,620.0
2024-03-01 11:50:00,NARI,46.18000030517578,46.18000030517578,46.18000030517578,46.119998931884766,46.150001525878906,1835.0
2024-03-01 11:50:00,NAUT,2.6700000762939453,2.6700000762939453,2.6700000762939453,2.6600000858306885,2.6700000762939453,684.0
2024-03-01 11:50:00,NBIX,131.0,131.0,131.08999633789062,131.0,131.02499389648438,2084.0
2024-03-01 11:50:00,NEO,16.010000228881836,16.010000228881836,16.030000686645508,16.010000228881836,16.030000686645508,1206.0
2024-03-01 11:50:00,NEOG,17.271299362182617,17.271299362182617,17.309999465942383,17.271299362182617,17.309999465942383,2167.0
2024-03-01 11:50:00,NERV,2.5199999809265137,2.5199999809265137,2.5199999809265137,2.5199999809265137,2.5199999809265137,210.0
2024-03-01 11:50:00,NGM,1.5299999713897705,1.5299999713897705,1.534999966621399,1.5299999713897705,1.5299999713897705,1698.0
2024-03-01 11:50:00,NKTR,0.7688500285148621,0.7688500285148621,0.7688500285148621,0.7681000232696533,0.7681000232696533,6365.0
2024-03-01 11:50:00,NKTX,12.829999923706055,12.829999923706055,12.850000381469727,12.749899864196777,12.749899864196777,13147.0
2024-03-01 11:50:00,NNOX,11.140000343322754,11.140000343322754,11.149999618530273,11.139800071716309,11.149999618530273,2090.0
2024-03-01 11:50:00,NRIX,13.220000267028809,13.220000267028809,13.220000267028809,13.1899995803833,13.1899995803833,541.0
2024-03-01 11:50:00,NRXP,0.4198000133037567,0.4198000133037567,0.4198000133037567,0.4198000133037567,0.4198000133037567,1300.0
2024-03-01 11:50:00,NTLA,33.34000015258789,33.34000015258789,33.34000015258789,33.34000015258789,33.34000015258789,390.0
2024-03-01 11:50:00,NTRA,89.2300033569336,89.2300033569336,89.26000213623047,89.22000122070312,89.26000213623047,2470.0
2024-03-01 11:50:00,NVAX,5.135000228881836,5.135000228881836,5.144999980926514,5.130000114440918,5.144999980926514,21292.0
2024-03-01 11:50:00,NVCT,10.649999618530273,10.649999618530273,10.649999618530273,10.649999618530273,10.649999618530273,150.0
2024-03-01 11:50:00,NXTC,1.7999999523162842,1.7999999523162842,1.7999999523162842,1.7949999570846558,1.7999999523162842,1908.0
2024-03-01 11:50:00,OCGN,0.9329000115394592,0.9329000115394592,0.9329000115394592,0.9301999807357788,0.9301999807357788,5579.0
2024-03-01 11:50:00,OCUL,10.6850004196167,10.6850004196167,10.71500015258789,10.680000305175781,10.706100463867188,6762.0
2024-03-01 11:50:00,OCUP,2.490000009536743,2.490000009536743,2.490000009536743,2.490000009536743,2.490000009536743,640.0
2024-03-01 11:50:00,OGI,2.140000104904175,2.140000104904175,2.1500000953674316,2.125,2.125,45667.0
2024-03-01 11:50:00,OLK,22.610000610351562,22.610000610351562,22.610000610351562,22.610000610351562,22.610000610351562,100.0
2024-03-01 11:50:00,OLMA,13.507699966430664,13.507699966430664,13.507699966430664,13.489999771118164,13.489999771118164,1616.0
2024-03-01 11:50:00,OM,3.130000114440918,3.130000114440918,3.130000114440918,3.130000114440918,3.130000114440918,156.0
2024-03-01 11:50:00,OMER,4.730000019073486,4.730000019073486,4.730000019073486,4.730000019073486,4.730000019073486,350.0
2024-03-01 11:50:00,OMGA,4.2195000648498535,4.2195000648498535,4.2195000648498535,4.215000152587891,4.215000152587891,850.0
2024-03-01 11:51:00,ABCL,5.215000152587891,5.215000152587891,5.215000152587891,5.210000038146973,5.210000038146973,2516.0
2024-03-01 11:51:00,ACAD,23.860000610351562,23.860000610351562,23.860000610351562,23.84000015258789,23.860000610351562,3007.0
2024-03-01 11:51:00,ACB,3.149899959564209,3.149899959564209,3.149899959564209,3.1449999809265137,3.1496999263763428,3897.0
2024-03-01 11:51:00,ACET,2.3949999809265137,2.3949999809265137,2.3949999809265137,2.390000104904175,2.390000104904175,801.0
2024-03-01 11:51:00,ACHL,1.3499000072479248,1.3499000072479248,1.3499000072479248,1.3499000072479248,1.3499000072479248,1500.0
2024-03-01 11:51:00,ACHV,4.25,4.25,4.25,4.25,4.25,100.0
2024-03-01 11:51:00,ACLX,67.45500183105469,67.45500183105469,67.51000213623047,67.45500183105469,67.45500183105469,921.0
2024-03-01 11:51:00,ADAP,1.6019999980926514,1.6019999980926514,1.6050000190734863,1.6019999980926514,1.6050000190734863,569.0
2024-03-01 11:51:00,ADIL,3.1312999725341797,3.1312999725341797,3.1500000953674316,3.109999895095825,3.125699996948242,32650.0
2024-03-01 11:51:00,ADMA,5.385000228881836,5.385000228881836,5.385000228881836,5.380000114440918,5.385000228881836,1770.0
2024-03-01 11:51:00,ADPT,4.184999942779541,4.184999942779541,4.190000057220459,4.184999942779541,4.184999942779541,4516.0
2024-03-01 11:51:00,ADVM,1.975000023841858,1.975000023841858,1.9800000190734863,1.9700000286102295,1.9800000190734863,3237.0
2024-03-01 11:51:00,AFMD,0.614300012588501,0.614300012588501,0.6201000213623047,0.6025000214576721,0.6200000047683716,3404.0
2024-03-01 11:51:00,AGEN,0.6711999773979187,0.6711999773979187,0.6711999773979187,0.6711000204086304,0.6711999773979187,103203.0
2024-03-01 11:51:00,AGIO,32.875,32.875,32.875,32.849998474121094,32.849998474121094,200.0
2024-03-01 11:51:00,AIMD,0.9599999785423279,0.9599999785423279,0.9700000286102295,0.9599999785423279,0.9700000286102295,317.0
2024-03-01 11:51:00,AIRS,6.420000076293945,6.420000076293945,6.420000076293945,6.420000076293945,6.420000076293945,200.0
2024-03-01 11:51:00,AKAN,0.24609999358654022,0.24609999358654022,0.24609999358654022,0.24609999358654022,0.24609999358654022,899.0
2024-03-01 11:51:00,AKBA,1.659999966621399,1.659999966621399,1.6675000190734863,1.659999966621399,1.6675000190734863,1024.0
2024-03-01 11:51:00,AKLI,0.33500000834465027,0.33500000834465027,0.33500000834465027,0.33500000834465027,0.33500000834465027,1080.0
2024-03-01 11:51:00,AKRO,29.264999389648438,29.264999389648438,29.354999542236328,29.220300674438477,29.354999542236328,6298.0
2024-03-01 11:51:00,AKYA,6.099999904632568,6.099999904632568,6.099999904632568,6.029099941253662,6.029099941253662,525.0
2024-03-01 11:51:00,ALEC,7.474999904632568,7.474999904632568,7.474999904632568,7.474999904632568,7.474999904632568,304.0
2024-03-01 11:51:00,ALHC,5.710000038146973,5.710000038146973,5.710000038146973,5.710000038146973,5.710000038146973,170.0
2024-03-01 11:51:00,ALKS,30.200000762939453,30.200000762939453,30.209999084472656,30.19499969482422,30.19499969482422,1421.0
2024-03-01 11:51:00,ALLK,1.600000023841858,1.600000023841858,1.600000023841858,1.600000023841858,1.600000023841858,200.0
2024-03-01 11:51:00,ALNY,153.6750030517578,153.6750030517578,153.6750030517578,153.6750030517578,153.6750030517578,123.0
2024-03-01 11:51:00,ALPN,35.90999984741211,35.90999984741211,35.94499969482422,35.869998931884766,35.9099006652832,6691.0
2024-03-01 11:51:00,ALT,12.15999984741211,12.15999984741211,12.15999984741211,12.130000114440918,12.130000114440918,2776.0
2024-03-01 11:51:00,ALXO,14.96500015258789,14.96500015258789,14.96500015258789,14.960000038146973,14.960000038146973,245.0
2024-03-01 11:51:00,AMED,93.16999816894531,93.16999816894531,93.26000213623047,93.16999816894531,93.25749969482422,1789.0
2024-03-01 11:51:00,AMGN,281.1099853515625,281.1099853515625,281.1300048828125,280.94000244140625,280.95001220703125,11284.0
2024-03-01 11:51:00,AMLX,18.690000534057617,18.690000534057617,18.729999542236328,18.690000534057617,18.729999542236328,1559.0
2024-03-01 11:51:00,AMPH,45.49760055541992,45.49760055541992,45.49760055541992,45.49760055541992,45.49760055541992,545.0
2024-03-01 11:51:00,AMRN,1.0499999523162842,1.0499999523162842,1.0500999689102173,1.0499999523162842,1.0499999523162842,4611.0
2024-03-01 11:51:00,ANGO,5.510000228881836,5.510000228881836,5.510000228881836,5.510000228881836,5.510000228881836,100.0
2024-03-01 11:51:00,ANIP,67.02999877929688,67.02999877929688,67.02999877929688,67.02999877929688,67.02999877929688,136.0
2024-03-01 11:51:00,ANNX,5.920000076293945,5.920000076293945,5.994999885559082,5.920000076293945,5.989999771118164,10423.0
2024-03-01 11:51:00,ANTX,2.990000009536743,2.990000009536743,2.990000009536743,2.990000009536743,2.990000009536743,585.0
2024-03-01 11:51:00,APLS,65.19999694824219,65.19999694824219,65.29000091552734,65.19999694824219,65.27999877929688,3800.0
2024-03-01 11:51:00,APLT,7.114999771118164,7.114999771118164,7.119999885559082,7.090000152587891,7.090000152587891,4093.0
2024-03-01 11:51:00,AQST,4.349999904632568,4.349999904632568,4.349999904632568,4.34499979019165,4.348899841308594,3844.0
2024-03-01 11:51:00,ARAY,2.634999990463257,2.634999990463257,2.634999990463257,2.634999990463257,2.634999990463257,701.0
2024-03-01 11:51:00,ARCT,39.349998474121094,39.349998474121094,39.349998474121094,39.33000183105469,39.33000183105469,1061.0
2024-03-01 11:51:00,ARDX,9.609999656677246,9.609999656677246,9.609999656677246,9.600000381469727,9.600000381469727,4139.0
2024-03-01 11:51:00,ARQT,11.479999542236328,11.479999542236328,11.49940013885498,11.479999542236328,11.479999542236328,3159.0
2024-03-01 11:51:00,ARVN,48.5099983215332,48.5099983215332,48.56999969482422,48.5099983215332,48.56999969482422,224.0
2024-03-01 11:51:00,ARWR,35.7400016784668,35.7400016784668,35.810001373291016,35.720001220703125,35.810001373291016,1377.0
2024-03-01 11:51:00,ATAI,2.0299999713897705,2.0299999713897705,2.039900064468384,2.0299999713897705,2.039900064468384,6715.0
2024-03-01 11:51:00,ATEC,13.59000015258789,13.59000015258789,13.59000015258789,13.59000015258789,13.59000015258789,1075.0
2024-03-01 11:51:00,ATHA,3.9649999141693115,3.9649999141693115,3.9649999141693115,3.9649999141693115,3.9649999141693115,102.0
2024-03-01 11:51:00,ATOS,0.9998999834060669,0.9998999834060669,0.9998999834060669,0.9998999834060669,0.9998999834060669,510.0
2024-03-01 11:51:00,ATRA,0.7924000024795532,0.7924000024795532,0.7954000234603882,0.7924000024795532,0.7925000190734863,6600.0
2024-03-01 11:51:00,ATRC,36.040000915527344,36.040000915527344,36.040000915527344,36.040000915527344,36.040000915527344,304.0
2024-03-01 11:51:00,ATXS,14.930000305175781,14.930000305175781,14.930000305175781,14.895000457763672,14.90999984741211,883.0
2024-03-01 11:51:00,AUGX,4.599999904632568,4.599999904632568,4.599999904632568,4.599999904632568,4.599999904632568,282.0
2024-03-01 11:51:00,AUPH,5.804999828338623,5.804999828338623,5.804999828338623,5.804999828338623,5.804999828338623,100.0
2024-03-01 11:51:00,AUTL,6.255000114440918,6.255000114440918,6.260000228881836,6.255000114440918,6.260000228881836,5001.0
2024-03-01 11:51:00,AVDL,12.609999656677246,12.609999656677246,12.609999656677246,12.609999656677246,12.609999656677246,4843.0
2024-03-01 11:51:00,AVIR,4.465000152587891,4.465000152587891,4.46999979019165,4.465000152587891,4.465000152587891,511.0
2024-03-01 11:51:00,AXNX,67.31999969482422,67.31999969482422,67.31999969482422,67.29000091552734,67.30000305175781,4861.0
2024-03-01 11:51:00,AZN,64.58000183105469,64.58000183105469,64.59500122070312,64.58000183105469,64.59500122070312,2940.0
2024-03-01 11:51:00,AZTA,66.2300033569336,66.2300033569336,66.2300033569336,66.2300033569336,66.2300033569336,129.0
2024-03-01 11:51:00,BBIO,35.904998779296875,35.904998779296875,35.90999984741211,35.88999938964844,35.88999938964844,321.0
2024-03-01 11:51:00,BBLG,2.309999942779541,2.309999942779541,2.309999942779541,2.309999942779541,2.309999942779541,162.0
2024-03-01 11:51:00,BCAB,2.765000104904175,2.765000104904175,2.765000104904175,2.765000104904175,2.765000104904175,115.0
2024-03-01 11:51:00,BCDA,0.5680999755859375,0.5680999755859375,0.5680999755859375,0.5680999755859375,0.5680999755859375,350.0
2024-03-01 11:51:00,BCRX,5.784999847412109,5.784999847412109,5.789999961853027,5.78000020980835,5.789999961853027,750.0
2024-03-01 11:51:00,BCYC,25.80500030517578,25.80500030517578,25.80500030517578,25.80500030517578,25.80500030517578,561.0
2024-03-01 11:51:00,BDSX,1.6324000358581543,1.6324000358581543,1.6324000358581543,1.6324000358581543,1.6324000358581543,317.0
2024-03-01 11:51:00,BDTX,5.019999980926514,5.019999980926514,5.019999980926514,5.019999980926514,5.019999980926514,706.0
2024-03-01 11:51:00,BEAM,40.119998931884766,40.119998931884766,40.150001525878906,40.099998474121094,40.1349983215332,3054.0
2024-03-01 11:51:00,BGXX,0.2685999870300293,0.2685999870300293,0.2685999870300293,0.26809999346733093,0.26809999346733093,586.0
2024-03-01 11:51:00,BIIB,219.47000122070312,219.47000122070312,219.5592041015625,219.47000122070312,219.5592041015625,697.0
2024-03-01 11:51:00,BIVI,2.190000057220459,2.190000057220459,2.2300000190734863,2.180000066757202,2.2200000286102295,83659.0
2024-03-01 11:51:00,BLFS,18.139999389648438,18.139999389648438,18.139999389648438,18.139999389648438,18.139999389648438,200.0
2024-03-01 11:51:00,BLUE,1.5800000429153442,1.5800000429153442,1.5800000429153442,1.570099949836731,1.5750000476837158,5876.0
2024-03-01 11:51:00,BMEA,17.914899826049805,17.914899826049805,17.914899826049805,17.914899826049805,17.914899826049805,320.0
2024-03-01 11:51:00,BMRN,86.875,86.875,86.8949966430664,86.87000274658203,86.88999938964844,1829.0
2024-03-01 11:51:00,BNGO,1.25,1.25,1.25,1.25,1.25,521.0
2024-03-01 11:51:00,BNR,0.8460500240325928,0.8460500240325928,0.8460500240325928,0.8460500240325928,0.8460500240325928,100.0
2024-03-01 11:51:00,BNTC,5.099999904632568,5.099999904632568,5.099999904632568,5.099999904632568,5.099999904632568,1037.0
2024-03-01 11:51:00,BPMC,97.19999694824219,97.19999694824219,97.44499969482422,97.0999984741211,97.44499969482422,4888.0
2024-03-01 11:51:00,BRKR,87.86000061035156,87.86000061035156,87.87000274658203,87.86000061035156,87.87000274658203,234.0
2024-03-01 11:51:00,BTAI,3.2300000190734863,3.2300000190734863,3.2300000190734863,3.2300000190734863,3.2300000190734863,161.0
2024-03-01 11:51:00,BTCY,0.9320999979972839,0.9320999979972839,0.9320999979972839,0.9320999979972839,0.9320999979972839,2102.0
2024-03-01 11:51:00,BWAY,6.559999942779541,6.559999942779541,6.559999942779541,6.559999942779541,6.559999942779541,663.0
2024-03-01 11:51:00,BYSI,1.5399999618530273,1.5399999618530273,1.5399999618530273,1.5299999713897705,1.5299999713897705,5389.0
2024-03-01 11:51:00,CABA,24.0,24.0,24.0,24.0,24.0,272.0
2024-03-01 11:51:00,CBAY,32.244998931884766,32.244998931884766,32.25,32.244998931884766,32.25,11747.0
2024-03-01 11:51:00,CCCC,10.929900169372559,10.929900169372559,10.9399995803833,10.925000190734863,10.938799858093262,2251.0
2024-03-01 11:51:00,CDMO,8.175000190734863,8.175000190734863,8.180000305175781,8.175000190734863,8.180000305175781,202.0
2024-03-01 11:51:00,CDNA,12.354999542236328,12.354999542236328,12.354999542236328,12.354999542236328,12.354999542236328,545.0
2024-03-01 11:51:00,CDXS,4.494999885559082,4.494999885559082,4.505000114440918,4.494999885559082,4.505000114440918,2895.0
2024-03-01 11:51:00,CELC,16.009300231933594,16.009300231933594,16.009300231933594,16.009300231933594,16.009300231933594,143.0
2024-03-01 11:51:00,CERE,41.11000061035156,41.11000061035156,41.125,41.11000061035156,41.119998931884766,943.0
2024-03-01 11:51:00,CERS,2.2049999237060547,2.2049999237060547,2.2049999237060547,2.194999933242798,2.194999933242798,13469.0
2024-03-01 11:51:00,CERT,17.68000030517578,17.68000030517578,17.68000030517578,17.68000030517578,17.68000030517578,131.0
2024-03-01 11:51:00,CGC,3.265000104904175,3.265000104904175,3.2699999809265137,3.265000104904175,3.2699999809265137,1829.0
2024-03-01 11:51:00,CGEM,18.850000381469727,18.850000381469727,18.850000381469727,18.850000381469727,18.850000381469727,295.0
2024-03-01 11:51:00,CHRS,2.3499999046325684,2.3499999046325684,2.3499999046325684,2.3399999141693115,2.340100049972534,12449.0
2024-03-01 11:51:00,CKPT,2.2100000381469727,2.2100000381469727,2.2100000381469727,2.200000047683716,2.200000047683716,3026.0
2024-03-01 11:51:00,CLDX,52.63999938964844,52.63999938964844,52.650001525878906,52.58000183105469,52.58000183105469,4135.0
2024-03-01 11:51:00,CLNN,0.3873000144958496,0.3873000144958496,0.38999998569488525,0.3873000144958496,0.38999998569488525,18903.0
2024-03-01 11:51:00,CLOV,0.8623999953269958,0.8623999953269958,0.8673999905586243,0.8621000051498413,0.8648999929428101,1871.0
2024-03-01 11:51:00,CLPT,6.750100135803223,6.750100135803223,6.750100135803223,6.75,6.75,231.0
2024-03-01 11:51:00,CLRB,4.111000061035156,4.111000061035156,4.11929988861084,4.110000133514404,4.11929988861084,1378.0
2024-03-01 11:51:00,CMPS,11.390000343322754,11.390000343322754,11.390000343322754,11.390000343322754,11.390000343322754,1053.0
2024-03-01 11:51:00,CMRX,1.1399999856948853,1.1399999856948853,1.1399999856948853,1.1399999856948853,1.1399999856948853,172.0
2024-03-01 11:51:00,CNSP,0.3149999976158142,0.3149999976158142,0.3149999976158142,0.3149999976158142,0.3149999976158142,394.0
2024-03-01 11:51:00,COGT,7.230000019073486,7.230000019073486,7.239999771118164,7.21999979019165,7.239999771118164,4150.0
2024-03-01 11:51:00,COLL,36.98720169067383,36.98720169067383,36.98720169067383,36.98720169067383,36.98720169067383,886.0
2024-03-01 11:51:00,CORT,23.68000030517578,23.68000030517578,23.70989990234375,23.670000076293945,23.68000030517578,4255.0
2024-03-01 11:51:00,CPRX,16.959999084472656,16.959999084472656,17.0049991607666,16.959999084472656,17.0049991607666,2242.0
2024-03-01 11:51:00,CPSI,9.449999809265137,9.449999809265137,9.489999771118164,9.4399995803833,9.489999771118164,2331.0
2024-03-01 11:51:00,CRBP,31.479999542236328,31.479999542236328,31.479999542236328,31.479999542236328,31.479999542236328,1149.0
2024-03-01 11:51:00,CRBU,8.024999618530273,8.024999618530273,8.030799865722656,8.020000457763672,8.029999732971191,3016.0
2024-03-01 11:51:00,CRDF,2.440000057220459,2.440000057220459,2.450000047683716,2.440000057220459,2.450000047683716,6961.0
2024-03-01 11:51:00,CRDL,1.9450000524520874,1.9450000524520874,1.9450000524520874,1.9450000524520874,1.9450000524520874,500.0
2024-03-01 11:51:00,CRNX,46.18000030517578,46.18000030517578,46.18000030517578,46.13999938964844,46.16999816894531,1141.0
2024-03-01 11:51:00,CRON,2.049999952316284,2.049999952316284,2.049999952316284,2.049999952316284,2.049999952316284,1216.0
2024-03-01 11:51:00,CRSP,85.6500015258789,85.6500015258789,85.66999816894531,85.55500030517578,85.55500030517578,2912.0
2024-03-01 11:51:00,CSTL,19.979999542236328,19.979999542236328,20.0049991607666,19.979999542236328,20.0,1761.0
2024-03-01 11:51:00,CTKB,8.46500015258789,8.46500015258789,8.487500190734863,8.46500015258789,8.487500190734863,2871.0
2024-03-01 11:51:00,CTMX,2.5799999237060547,2.5799999237060547,2.5799999237060547,2.5799999237060547,2.5799999237060547,542.0
2024-03-01 11:51:00,CTXR,0.7700999975204468,0.7700999975204468,0.7700999975204468,0.7700999975204468,0.7700999975204468,400.0
2024-03-01 11:51:00,CUTR,2.4100000858306885,2.4100000858306885,2.4200000762939453,2.4100000858306885,2.4200000762939453,3176.0
2024-03-01 11:51:00,CYTK,73.94000244140625,73.94000244140625,74.0,73.92500305175781,73.92500305175781,3047.0
2024-03-01 11:51:00,DAWN,17.40999984741211,17.40999984741211,17.40999984741211,17.40999984741211,17.40999984741211,574.0
2024-03-01 11:51:00,DCGO,4.114999771118164,4.114999771118164,4.114999771118164,4.112500190734863,4.114999771118164,422.0
2024-03-01 11:51:00,DCPH,17.498899459838867,17.498899459838867,17.530000686645508,17.401500701904297,17.40999984741211,8432.0
2024-03-01 11:51:00,DH,9.0,9.0,9.0,9.0,9.0,302.0
2024-03-01 11:51:00,DMTK,0.8199999928474426,0.8199999928474426,0.8300999999046326,0.8199999928474426,0.8299999833106995,4700.0
2024-03-01 11:51:00,DNLI,20.7549991607666,20.7549991607666,20.760000228881836,20.729999542236328,20.729999542236328,2408.0
2024-03-01 11:51:00,DTIL,12.140600204467773,12.140600204467773,12.335000038146973,12.119999885559082,12.330100059509277,4680.0
2024-03-01 11:51:00,DVAX,12.859999656677246,12.859999656677246,12.864999771118164,12.859999656677246,12.860799789428711,1375.0
2024-03-01 11:51:00,DXCM,119.7249984741211,119.7249984741211,119.80000305175781,119.66000366210938,119.79000091552734,4130.0
2024-03-01 11:51:00,DYN,29.219999313354492,29.219999313354492,29.28499984741211,29.200000762939453,29.200000762939453,461.0
2024-03-01 11:51:00,EDIT,10.90999984741211,10.90999984741211,10.914999961853027,10.90999984741211,10.914999961853027,2182.0
2024-03-01 11:51:00,EGRX,6.670000076293945,6.670000076293945,6.670000076293945,6.670000076293945,6.670000076293945,113.0
2024-03-01 11:51:00,ELEV,4.875,4.875,4.980000019073486,4.860000133514404,4.949999809265137,20289.0
2024-03-01 11:51:00,ENSC,0.9319999814033508,0.9319999814033508,0.9319999814033508,0.9319999814033508,0.9319999814033508,175.0
2024-03-01 11:51:00,ENVB,1.6299999952316284,1.6299999952316284,1.6299999952316284,1.6100000143051147,1.6202000379562378,2162.0
2024-03-01 11:51:00,ESPR,2.515000104904175,2.515000104904175,2.5199999809265137,2.515000104904175,2.5199999809265137,6730.0
2024-03-01 11:51:00,ESTA,45.68000030517578,45.68000030517578,45.68000030517578,45.68000030517578,45.68000030517578,112.0
2024-03-01 11:51:00,ETNB,12.9350004196167,12.9350004196167,12.9399995803833,12.920000076293945,12.920000076293945,2696.0
2024-03-01 11:51:00,EVO,7.494999885559082,7.494999885559082,7.494999885559082,7.494999885559082,7.494999885559082,100.0
2024-03-01 11:51:00,EXAI,6.790999889373779,6.790999889373779,6.798500061035156,6.790999889373779,6.798500061035156,378.0
2024-03-01 11:51:00,EXAS,59.587501525878906,59.587501525878906,59.630001068115234,59.577701568603516,59.630001068115234,2409.0
2024-03-01 11:51:00,EXEL,22.53070068359375,22.53070068359375,22.565000534057617,22.53059959411621,22.559999465942383,6299.0
2024-03-01 11:51:00,EYPT,28.139999389648438,28.139999389648438,28.2549991607666,28.110000610351562,28.25,8261.0
2024-03-01 11:51:00,FBIO,2.240000009536743,2.240000009536743,2.240000009536743,2.2300000190734863,2.2300000190734863,4653.0
2024-03-01 11:51:00,FDMT,29.094999313354492,29.094999313354492,29.094999313354492,29.065000534057617,29.094999313354492,716.0
2024-03-01 11:51:00,FEMY,1.720900058746338,1.720900058746338,1.720900058746338,1.720900058746338,1.720900058746338,763.0
2024-03-01 11:51:00,FGEN,1.8049999475479126,1.8049999475479126,1.8049999475479126,1.8049999475479126,1.8049999475479126,100.0
2024-03-01 11:51:00,FHTX,8.130000114440918,8.130000114440918,8.130000114440918,8.130000114440918,8.130000114440918,980.0
2024-03-01 11:51:00,FLGT,23.305500030517578,23.305500030517578,23.305500030517578,23.305500030517578,23.305500030517578,506.0
2024-03-01 11:51:00,FOLD,13.295000076293945,13.295000076293945,13.319999694824219,13.279999732971191,13.3149995803833,13219.0
2024-03-01 11:51:00,FULC,10.880000114440918,10.880000114440918,10.880000114440918,10.880000114440918,10.880000114440918,303.0
2024-03-01 11:51:00,FUSN,12.369999885559082,12.369999885559082,12.385000228881836,12.359999656677246,12.385000228881836,1059.0
2024-03-01 11:51:00,GDRX,8.289999961853027,8.289999961853027,8.305000305175781,8.289999961853027,8.295000076293945,6991.0
2024-03-01 11:51:00,GERN,2.1700000762939453,2.1700000762939453,2.174999952316284,2.1649999618530273,2.1700000762939453,94031.0
2024-03-01 11:51:00,GH,19.25,19.25,19.260000228881836,19.25,19.260000228881836,1334.0
2024-03-01 11:51:00,GILD,72.29000091552734,72.29000091552734,72.30500030517578,72.27999877929688,72.28500366210938,7780.0
2024-03-01 11:51:00,GMDA,0.3853999972343445,0.3853999972343445,0.3853999972343445,0.3853990137577057,0.3853999972343445,8447.0
2024-03-01 11:51:00,GOSS,1.3595000505447388,1.3595000505447388,1.3595000505447388,1.3595000505447388,1.3595000505447388,512.0
2024-03-01 11:51:00,GRFS,7.085000038146973,7.085000038146973,7.09499979019165,7.085000038146973,7.09499979019165,2938.0
2024-03-01 11:51:00,GRPH,3.494999885559082,3.494999885559082,3.494999885559082,3.4825000762939453,3.4825000762939453,500.0
2024-03-01 11:51:00,GRTS,2.2049999237060547,2.2049999237060547,2.2049999237060547,2.180000066757202,2.200000047683716,28545.0
2024-03-01 11:51:00,GRTX,0.23020100593566895,0.23020100593566895,0.23020100593566895,0.23020100593566895,0.23020100593566895,618.0
2024-03-01 11:51:00,GTHX,3.6449999809265137,3.6449999809265137,3.6500000953674316,3.6449999809265137,3.6500000953674316,1421.0
2024-03-01 11:51:00,HALO,41.20000076293945,41.20000076293945,41.20000076293945,41.20000076293945,41.20000076293945,428.0
2024-03-01 11:51:00,HARP,22.9325008392334,22.9325008392334,22.9325008392334,22.9325008392334,22.9325008392334,100.0
2024-03-01 11:51:00,HBIO,4.329999923706055,4.329999923706055,4.329999923706055,4.329999923706055,4.329999923706055,165.0
2024-03-01 11:51:00,HCAT,7.889999866485596,7.889999866485596,7.920000076293945,7.889999866485596,7.889999866485596,7447.0
2024-03-01 11:51:00,HCTI,2.589900016784668,2.589900016784668,2.589900016784668,2.5,2.509999990463257,633.0
2024-03-01 11:51:00,HITI,1.7740000486373901,1.7740000486373901,1.7740000486373901,1.7740000486373901,1.7740000486373901,313.0
2024-03-01 11:51:00,HOLX,73.76000213623047,73.76000213623047,73.79000091552734,73.75,73.79000091552734,2395.0
2024-03-01 11:51:00,HOWL,6.949999809265137,6.949999809265137,6.949999809265137,6.949999809265137,6.949999809265137,230.0
2024-03-01 11:51:00,HRMY,31.369800567626953,31.369800567626953,31.369800567626953,31.369800567626953,31.369800567626953,600.0
2024-03-01 11:51:00,HRTX,2.609999895095825,2.609999895095825,2.619999885559082,2.609999895095825,2.6161000728607178,3033.0
2024-03-01 11:51:00,HSIC,76.88500213623047,76.88500213623047,76.94999694824219,76.87000274658203,76.94999694824219,2496.0
2024-03-01 11:51:00,HSTM,27.389999389648438,27.389999389648438,27.389999389648438,27.360000610351562,27.360000610351562,625.0
2024-03-01 11:51:00,HUMA,3.494999885559082,3.494999885559082,3.5,3.484999895095825,3.484999895095825,6185.0
2024-03-01 11:51:00,IBRX,4.894999980926514,4.894999980926514,4.894999980926514,4.875,4.875,9447.0
2024-03-01 11:51:00,ICAD,1.840000033378601,1.840000033378601,1.8704999685287476,1.840000033378601,1.8701000213623047,25517.0
2024-03-01 11:51:00,IDXX,581.47998046875,581.47998046875,581.47998046875,581.3800048828125,581.3800048828125,843.0
2024-03-01 11:51:00,IDYA,46.040000915527344,46.040000915527344,46.040000915527344,46.040000915527344,46.040000915527344,106.0
2024-03-01 11:51:00,IKNA,1.4794000387191772,1.4794000387191772,1.4794000387191772,1.4794000387191772,1.4794000387191772,154.0
2024-03-01 11:51:00,ILMN,141.85000610351562,141.85000610351562,141.85000610351562,141.85000610351562,141.85000610351562,451.0
2024-03-01 11:51:00,IMAB,1.850000023841858,1.850000023841858,1.850000023841858,1.850000023841858,1.850000023841858,215.0
2024-03-01 11:51:00,IMCR,67.9800033569336,67.9800033569336,68.0999984741211,67.9800033569336,68.08999633789062,778.0
2024-03-01 11:51:00,IMTX,12.960399627685547,12.960399627685547,13.000200271606445,12.949999809265137,13.000200271606445,5791.0
2024-03-01 11:51:00,IMUX,1.4700000286102295,1.4700000286102295,1.4700000286102295,1.4700000286102295,1.4700000286102295,1730.0
2024-03-01 11:51:00,IMVT,36.31999969482422,36.31999969482422,36.36000061035156,36.31999969482422,36.36000061035156,900.0
2024-03-01 11:51:00,INBX,36.755001068115234,36.755001068115234,36.755001068115234,36.755001068115234,36.755001068115234,183.0
2024-03-01 11:51:00,INCY,58.970001220703125,58.970001220703125,59.02000045776367,58.970001220703125,58.994998931884766,2607.0
2024-03-01 11:51:00,INGN,6.869999885559082,6.869999885559082,6.869999885559082,6.869999885559082,6.869999885559082,203.0
2024-03-01 11:51:00,INMD,22.80500030517578,22.80500030517578,22.809999465942383,22.80500030517578,22.809999465942383,862.0
2024-03-01 11:51:00,INO,9.210000038146973,9.210000038146973,9.239999771118164,9.199999809265137,9.239999771118164,2907.0
2024-03-01 11:51:00,INSM,28.170000076293945,28.170000076293945,28.170000076293945,28.170000076293945,28.170000076293945,1134.0
2024-03-01 11:51:00,INVA,15.694999694824219,15.694999694824219,15.694999694824219,15.675000190734863,15.680000305175781,3067.0
2024-03-01 11:51:00,INZY,6.519999980926514,6.519999980926514,6.519999980926514,6.519999980926514,6.519999980926514,770.0
2024-03-01 11:51:00,IONS,45.915000915527344,45.915000915527344,45.915000915527344,45.915000915527344,45.915000915527344,3131.0
2024-03-01 11:51:00,IOVA,16.704999923706055,16.704999923706055,16.739999771118164,16.690000534057617,16.690000534057617,4931.0
2024-03-01 11:51:00,IPSC,3.7899999618530273,3.7899999618530273,3.7899999618530273,3.7899999618530273,3.7899999618530273,104.0
2024-03-01 11:51:00,IRWD,9.0,9.0,9.0600004196167,8.989999771118164,9.055000305175781,93335.0
2024-03-01 11:51:00,ISRG,393.8599853515625,393.8599853515625,394.29998779296875,393.8599853515625,394.29998779296875,4090.0
2024-03-01 11:51:00,JAGX,0.07259999960660934,0.07259999960660934,0.07349999994039536,0.07259999960660934,0.0731000006198883,607120.0
2024-03-01 11:51:00,JANX,46.880001068115234,46.880001068115234,46.900001525878906,46.880001068115234,46.900001525878906,758.0
2024-03-01 11:51:00,JAZZ,119.75,119.75,119.75499725341797,119.68000030517578,119.69999694824219,1317.0
2024-03-01 11:51:00,JSPR,21.0,21.0,21.0,21.0,21.0,679.0
2024-03-01 11:51:00,KNSA,21.729999542236328,21.729999542236328,21.729999542236328,21.709999084472656,21.709999084472656,3152.0
2024-03-01 11:51:00,KNTE,2.625,2.625,2.630000114440918,2.619999885559082,2.619999885559082,1200.0
2024-03-01 11:51:00,KPTI,1.215000033378601,1.215000033378601,1.215000033378601,1.2100000381469727,1.215000033378601,1550.0
2024-03-01 11:51:00,KRON,1.0399999618530273,1.0399999618530273,1.0399999618530273,1.0399999618530273,1.0399999618530273,358.0
2024-03-01 11:51:00,KRTX,316.510009765625,316.510009765625,316.510009765625,316.510009765625,316.510009765625,347.0
2024-03-01 11:51:00,KTRA,0.09759999811649323,0.09759999811649323,0.09860000014305115,0.09759999811649323,0.09860000014305115,113135.0
2024-03-01 11:51:00,KYMR,43.92499923706055,43.92499923706055,43.92499923706055,43.92499923706055,43.92499923706055,100.0
2024-03-01 11:51:00,KZR,1.0800000429153442,1.0800000429153442,1.0800000429153442,1.0800000429153442,1.0800000429153442,200.0
2024-03-01 11:51:00,LAB,2.4600000381469727,2.4600000381469727,2.4600000381469727,2.4549999237060547,2.4549999237060547,904.0
2024-03-01 11:51:00,LBPH,21.670000076293945,21.670000076293945,21.670000076293945,21.670000076293945,21.670000076293945,221.0
2024-03-01 11:51:00,LEGN,65.94000244140625,65.94000244140625,65.94000244140625,65.86000061035156,65.86000061035156,906.0
2024-03-01 11:51:00,LEXX,2.660099983215332,2.660099983215332,2.7100000381469727,2.660099983215332,2.7100000381469727,2992.0
2024-03-01 11:51:00,LFMD,7.989999771118164,7.989999771118164,7.989999771118164,7.980000019073486,7.989999771118164,877.0
2024-03-01 11:51:00,LGND,78.06500244140625,78.06500244140625,78.06500244140625,78.06500244140625,78.06500244140625,160.0
2024-03-01 11:51:00,LIVN,55.20000076293945,55.20000076293945,55.209999084472656,55.16999816894531,55.18000030517578,1748.0
2024-03-01 11:51:00,LMAT,67.3373031616211,67.3373031616211,67.50170135498047,67.3373031616211,67.50170135498047,2258.0
2024-03-01 11:51:00,LNTH,65.3915023803711,65.3915023803711,65.4197998046875,65.37000274658203,65.37000274658203,2314.0
2024-03-01 11:51:00,LQDA,14.279999732971191,14.279999732971191,14.279999732971191,14.279999732971191,14.279999732971191,428.0
2024-03-01 11:51:00,LRMR,11.579999923706055,11.579999923706055,11.579999923706055,11.5,11.5,2178.0
2024-03-01 11:51:00,LUNG,9.210000038146973,9.210000038146973,9.210000038146973,9.210000038146973,9.210000038146973,164.0
2024-03-01 11:51:00,LVTX,3.299499988555908,3.299499988555908,3.309999942779541,3.2699999809265137,3.2923998832702637,22945.0
2024-03-01 11:51:00,LXRX,2.424999952316284,2.424999952316284,2.424999952316284,2.4200000762939453,2.4200000762939453,7272.0
2024-03-01 11:51:00,LYEL,3.1649999618530273,3.1649999618530273,3.1649999618530273,3.1649999618530273,3.1649999618530273,104.0
2024-03-01 11:51:00,MASI,126.94999694824219,126.94999694824219,126.98999786376953,126.94999694824219,126.98999786376953,1101.0
2024-03-01 11:51:00,MCRB,1.2050000429153442,1.2050000429153442,1.2050000429153442,1.2000000476837158,1.2050000429153442,3322.0
2024-03-01 11:51:00,MDRX,6.050000190734863,6.050000190734863,6.150000095367432,6.050000190734863,6.099999904632568,23576.0
2024-03-01 11:51:00,MDXG,8.595000267028809,8.595000267028809,8.600000381469727,8.595000267028809,8.600000381469727,815.0
2024-03-01 11:51:00,ME,0.5662500262260437,0.5662500262260437,0.5680000185966492,0.5662500262260437,0.567300021648407,41519.0
2024-03-01 11:51:00,MEDP,399.92999267578125,399.92999267578125,399.92999267578125,399.92999267578125,399.92999267578125,785.0
2024-03-01 11:51:00,MGTX,6.320000171661377,6.320000171661377,6.320000171661377,6.320000171661377,6.320000171661377,501.0
2024-03-01 11:51:00,MIRM,30.075000762939453,30.075000762939453,30.100000381469727,30.075000762939453,30.100000381469727,546.0
2024-03-01 11:51:00,MIST,1.6749999523162842,1.6749999523162842,1.6799999475479126,1.6749999523162842,1.6799999475479126,7922.0
2024-03-01 11:51:00,MLTX,51.7400016784668,51.7400016784668,51.7400016784668,51.599998474121094,51.61000061035156,2566.0
2024-03-01 11:51:00,MNKD,4.605000019073486,4.605000019073486,4.60890007019043,4.600100040435791,4.60890007019043,5292.0
2024-03-01 11:51:00,MNMD,6.135000228881836,6.135000228881836,6.159999847412109,6.130000114440918,6.130000114440918,21068.0
2024-03-01 11:51:00,MNPR,0.8299000263214111,0.8299000263214111,0.8299000263214111,0.8299000263214111,0.8299000263214111,352.0
2024-03-01 11:51:00,MODV,28.209999084472656,28.209999084472656,28.229999542236328,28.09000015258789,28.100000381469727,2853.0
2024-03-01 11:51:00,MORF,38.72999954223633,38.72999954223633,38.72999954223633,38.72999954223633,38.72999954223633,187.0
2024-03-01 11:51:00,MOTS,0.6674000024795532,0.6674000024795532,0.6674990057945251,0.6674000024795532,0.6674000024795532,479.0
2024-03-01 11:51:00,MREO,3.8450000286102295,3.8450000286102295,3.845900058746338,3.8450000286102295,3.845900058746338,1010.0
2024-03-01 11:51:00,MRNA,96.41000366210938,96.41000366210938,96.55999755859375,96.41000366210938,96.47090148925781,9735.0
2024-03-01 11:51:00,MRSN,5.974999904632568,5.974999904632568,5.985000133514404,5.96999979019165,5.96999979019165,1170.0
2024-03-01 11:51:00,MRUS,51.70000076293945,51.70000076293945,51.70000076293945,51.59000015258789,51.59000015258789,1835.0
2024-03-01 11:51:00,MRVI,7.820000171661377,7.820000171661377,7.820000171661377,7.820000171661377,7.820000171661377,223.0
2024-03-01 11:51:00,MYGN,21.5,21.5,21.5,21.450000762939453,21.479999542236328,4747.0
2024-03-01 11:51:00,NARI,46.130001068115234,46.130001068115234,46.22999954223633,46.130001068115234,46.22999954223633,715.0
2024-03-01 11:51:00,NBIX,131.1199951171875,131.1199951171875,131.19000244140625,131.07000732421875,131.07000732421875,1144.0
2024-03-01 11:51:00,NEOG,17.274999618530273,17.274999618530273,17.280000686645508,17.270999908447266,17.270999908447266,875.0
2024-03-01 11:51:00,NGM,1.5299999713897705,1.5299999713897705,1.5299999713897705,1.5299999713897705,1.5299999713897705,853.0
2024-03-01 11:51:00,NKTR,0.7680000066757202,0.7680000066757202,0.7696999907493591,0.7680000066757202,0.7696999907493591,1418.0
2024-03-01 11:51:00,NKTX,12.8100004196167,12.8100004196167,12.8100004196167,12.8100004196167,12.8100004196167,224.0
2024-03-01 11:51:00,NNOX,11.119999885559082,11.119999885559082,11.149999618530273,11.119999885559082,11.140000343322754,4482.0
2024-03-01 11:51:00,NOTV,8.119999885559082,8.119999885559082,8.119999885559082,8.119999885559082,8.119999885559082,360.0
2024-03-01 11:51:00,NRIX,13.229999542236328,13.229999542236328,13.229999542236328,13.220000267028809,13.220000267028809,1656.0
2024-03-01 11:51:00,NRSN,2.0499000549316406,2.0499000549316406,2.0499000549316406,2.0499000549316406,2.0499000549316406,200.0
2024-03-01 11:51:00,NRXP,0.41988998651504517,0.41988998651504517,0.41988998651504517,0.4115450084209442,0.4115450084209442,890.0
2024-03-01 11:51:00,NTLA,33.375,33.375,33.375,33.349998474121094,33.349998474121094,3184.0
2024-03-01 11:51:00,NTRA,89.16999816894531,89.16999816894531,89.2699966430664,89.13999938964844,89.2699966430664,3050.0
2024-03-01 11:51:00,NVAX,5.139900207519531,5.139900207519531,5.144999980926514,5.130000114440918,5.139999866485596,11603.0
2024-03-01 11:51:00,NVCR,15.850000381469727,15.850000381469727,15.859999656677246,15.850000381469727,15.859999656677246,1283.0
2024-03-01 11:51:00,NXTC,1.7949999570846558,1.7949999570846558,1.7949999570846558,1.7949999570846558,1.7949999570846558,100.0
2024-03-01 11:51:00,OCGN,0.9351000189781189,0.9351000189781189,0.9387000203132629,0.9320999979972839,0.9330000281333923,11800.0
2024-03-01 11:51:00,OCUL,10.65999984741211,10.65999984741211,10.680000305175781,10.640000343322754,10.680000305175781,13808.0
2024-03-01 11:51:00,OCUP,2.4800000190734863,2.4800000190734863,2.4800000190734863,2.4800000190734863,2.4800000190734863,101.0
2024-03-01 11:51:00,OGI,2.1403000354766846,2.1403000354766846,2.1403000354766846,2.140000104904175,2.140000104904175,1274.0
2024-03-01 11:51:00,OLMA,13.470000267028809,13.470000267028809,13.494999885559082,13.470000267028809,13.494999885559082,336.0
2024-03-01 11:51:00,OM,3.140000104904175,3.140000104904175,3.140000104904175,3.140000104904175,3.140000104904175,110.0
2024-03-01 11:51:00,OMER,4.730000019073486,4.730000019073486,4.730000019073486,4.730000019073486,4.730000019073486,654.0
2024-03-01 11:51:00,OMGA,4.210000038146973,4.210000038146973,4.219900131225586,4.210000038146973,4.219900131225586,1047.0
2024-03-01 11:51:00,ONTX,0.8101999759674072,0.8101999759674072,0.8130000233650208,0.8101000189781189,0.8101999759674072,1012.0
2024-03-01 11:52:00,AADI,1.975000023841858,1.975000023841858,1.9800000190734863,1.975000023841858,1.9800000190734863,846.0
2024-03-01 11:52:00,ABCL,5.210000038146973,5.210000038146973,5.215000152587891,5.210000038146973,5.215000152587891,727.0
2024-03-01 11:52:00,ABOS,4.670000076293945,4.670000076293945,4.670000076293945,4.670000076293945,4.670000076293945,1843.0
2024-03-01 11:52:00,ABUS,2.7750000953674316,2.7750000953674316,2.7750000953674316,2.7750000953674316,2.7750000953674316,311.0
2024-03-01 11:52:00,ACAD,23.844999313354492,23.844999313354492,23.850000381469727,23.844999313354492,23.850000381469727,1232.0
2024-03-01 11:52:00,ACB,3.1401000022888184,3.1401000022888184,3.1401000022888184,3.1401000022888184,3.1401000022888184,1185.0
2024-03-01 11:52:00,ACCD,10.244999885559082,10.244999885559082,10.244999885559082,10.244999885559082,10.244999885559082,303.0
2024-03-01 11:52:00,ACET,2.3949999809265137,2.3949999809265137,2.4000000953674316,2.390000104904175,2.3949999809265137,921.0
2024-03-01 11:52:00,ACHC,83.91000366210938,83.91000366210938,83.9800033569336,83.83999633789062,83.93000030517578,1559.0
2024-03-01 11:52:00,ACHL,1.350000023841858,1.350000023841858,1.350000023841858,1.350000023841858,1.350000023841858,100.0
2024-03-01 11:52:00,ACHV,4.260000228881836,4.260000228881836,4.260000228881836,4.260000228881836,4.260000228881836,100.0
2024-03-01 11:52:00,ACLX,67.44999694824219,67.44999694824219,67.44999694824219,67.44999694824219,67.44999694824219,172.0
2024-03-01 11:52:00,ACRS,1.2200000286102295,1.2200000286102295,1.2200000286102295,1.2200000286102295,1.2200000286102295,1190.0
2024-03-01 11:52:00,ADAP,1.6299999952316284,1.6299999952316284,1.6299999952316284,1.6100000143051147,1.6100000143051147,16326.0
2024-03-01 11:52:00,ADIL,3.13100004196167,3.13100004196167,3.1600000858306885,3.0799999237060547,3.1301000118255615,117306.0
2024-03-01 11:52:00,ADMA,5.385000228881836,5.385000228881836,5.385000228881836,5.380000114440918,5.380000114440918,508.0
2024-03-01 11:52:00,ADPT,4.179999828338623,4.179999828338623,4.179999828338623,4.179999828338623,4.179999828338623,2168.0
2024-03-01 11:52:00,ADVM,1.9700000286102295,1.9700000286102295,1.975000023841858,1.965000033378601,1.9700000286102295,4945.0
2024-03-01 11:52:00,AFMD,0.625,0.625,0.625,0.625,0.625,1536.0
2024-03-01 11:52:00,AGEN,0.6713749766349792,0.6713749766349792,0.6714000105857849,0.6711999773979187,0.6711999773979187,29901.0
2024-03-01 11:52:00,AGIO,32.849998474121094,32.849998474121094,32.85499954223633,32.849998474121094,32.85499954223633,1124.0
2024-03-01 11:52:00,AHCO,10.734999656677246,10.734999656677246,10.755000114440918,10.734999656677246,10.751199722290039,1646.0
2024-03-01 11:52:00,AIRS,6.429999828338623,6.429999828338623,6.429999828338623,6.429999828338623,6.429999828338623,100.0
2024-03-01 11:52:00,AKAN,0.24799999594688416,0.24799999594688416,0.24799999594688416,0.24799999594688416,0.24799999594688416,1392.0
2024-03-01 11:52:00,AKBA,1.6675000190734863,1.6675000190734863,1.6699999570846558,1.659999966621399,1.659999966621399,1900.0
2024-03-01 11:52:00,AKLI,0.3322010040283203,0.3322010040283203,0.3322010040283203,0.3322010040283203,0.3322010040283203,5000.0
2024-03-01 11:52:00,AKRO,29.290000915527344,29.290000915527344,29.290000915527344,29.229999542236328,29.229999542236328,2022.0
2024-03-01 11:52:00,AKYA,6.099999904632568,6.099999904632568,6.099999904632568,6.085100173950195,6.085100173950195,525.0
2024-03-01 11:52:00,ALDX,4.139999866485596,4.139999866485596,4.139999866485596,4.139999866485596,4.139999866485596,491.0
2024-03-01 11:52:00,ALEC,7.454999923706055,7.454999923706055,7.46999979019165,7.454999923706055,7.46999979019165,3571.0
2024-03-01 11:52:00,ALGN,300.69000244140625,300.69000244140625,300.69000244140625,300.69000244140625,300.69000244140625,280.0
2024-03-01 11:52:00,ALGS,1.0764000415802002,1.0764000415802002,1.0800000429153442,1.0764000415802002,1.0800000429153442,526.0
2024-03-01 11:52:00,ALHC,5.699999809265137,5.699999809265137,5.710000038146973,5.679999828338623,5.710000038146973,5202.0
2024-03-01 11:52:00,ALLK,1.590000033378601,1.590000033378601,1.5994000434875488,1.590000033378601,1.5950000286102295,3935.0
2024-03-01 11:52:00,ALLO,5.03000020980835,5.03000020980835,5.039999961853027,5.03000020980835,5.039999961853027,1017.0
2024-03-01 11:52:00,ALLR,0.3950999975204468,0.3950999975204468,0.3950999975204468,0.3950999975204468,0.3950999975204468,1000.0
2024-03-01 11:52:00,ALPN,35.915000915527344,35.915000915527344,35.915000915527344,35.90999984741211,35.90999984741211,904.0
2024-03-01 11:52:00,ALT,12.149999618530273,12.149999618530273,12.149999618530273,12.140000343322754,12.149999618530273,4080.0
2024-03-01 11:52:00,ALVO,15.630000114440918,15.630000114440918,15.640000343322754,15.625,15.640000343322754,2002.0
2024-03-01 11:52:00,ALXO,14.960000038146973,14.960000038146973,14.960000038146973,14.960000038146973,14.960000038146973,240.0
2024-03-01 11:52:00,AMED,93.12000274658203,93.12000274658203,93.19000244140625,93.12000274658203,93.19000244140625,511.0
2024-03-01 11:52:00,AMGN,281.1700134277344,281.1700134277344,281.1700134277344,281.05999755859375,281.1499938964844,5163.0
2024-03-01 11:52:00,AMLX,18.69499969482422,18.69499969482422,18.69499969482422,18.69499969482422,18.69499969482422,913.0
2024-03-01 11:52:00,AMPH,45.38999938964844,45.38999938964844,45.5,45.349998474121094,45.4900016784668,1814.0
2024-03-01 11:52:00,AMRN,1.0549999475479126,1.0549999475479126,1.0549999475479126,1.0549999475479126,1.0549999475479126,545.0
2024-03-01 11:52:00,ANAB,25.469999313354492,25.469999313354492,25.469999313354492,25.469999313354492,25.469999313354492,167.0
2024-03-01 11:52:00,ANGO,5.510000228881836,5.510000228881836,5.510000228881836,5.510000228881836,5.510000228881836,158.0
2024-03-01 11:52:00,ANNX,5.880000114440918,5.880000114440918,5.929999828338623,5.87060022354126,5.929999828338623,7041.0
2024-03-01 11:52:00,ANTX,2.9988999366760254,2.9988999366760254,2.9988999366760254,2.9988999366760254,2.9988999366760254,100.0
2024-03-01 11:52:00,APLS,65.19999694824219,65.19999694824219,65.25,65.16500091552734,65.16500091552734,2023.0
2024-03-01 11:52:00,APLT,7.114999771118164,7.114999771118164,7.114999771118164,7.114999771118164,7.114999771118164,102.0
2024-03-01 11:52:00,AQST,4.300000190734863,4.300000190734863,4.355000019073486,4.289999961853027,4.350200176239014,23690.0
2024-03-01 11:52:00,ARAY,2.634999990463257,2.634999990463257,2.640000104904175,2.634999990463257,2.640000104904175,3153.0
2024-03-01 11:52:00,ARCT,39.310001373291016,39.310001373291016,39.310001373291016,39.310001373291016,39.310001373291016,479.0
2024-03-01 11:52:00,ARDX,9.59000015258789,9.59000015258789,9.609999656677246,9.59000015258789,9.609999656677246,6293.0
2024-03-01 11:52:00,ARGX,388.2699890136719,388.2699890136719,388.3599853515625,388.2699890136719,388.3599853515625,675.0
2024-03-01 11:52:00,ARQT,11.470000267028809,11.470000267028809,11.509900093078613,11.432100296020508,11.5,20093.0
2024-03-01 11:52:00,ARVN,48.459999084472656,48.459999084472656,48.63999938964844,48.459999084472656,48.57500076293945,7939.0
2024-03-01 11:52:00,ARWR,35.61000061035156,35.61000061035156,35.7400016784668,35.61000061035156,35.72999954223633,3426.0
2024-03-01 11:52:00,ASND,149.9949951171875,149.9949951171875,150.0,149.9949951171875,150.0,445.0
2024-03-01 11:52:00,ATAI,2.0299999713897705,2.0299999713897705,2.0299999713897705,2.0299999713897705,2.0299999713897705,119.0
2024-03-01 11:52:00,ATEC,13.585000038146973,13.585000038146973,13.585000038146973,13.585000038146973,13.585000038146973,491.0
2024-03-01 11:52:00,ATHA,3.9649999141693115,3.9649999141693115,3.9649999141693115,3.9649999141693115,3.9649999141693115,103.0
2024-03-01 11:52:00,ATRA,0.7939000129699707,0.7939000129699707,0.7939000129699707,0.7924000024795532,0.7939000129699707,2472.0
2024-03-01 11:52:00,ATXI,0.1518010050058365,0.1518010050058365,0.1518010050058365,0.1518010050058365,0.1518010050058365,1000.0
2024-03-01 11:52:00,AUPH,5.795000076293945,5.795000076293945,5.804999828338623,5.789999961853027,5.804999828338623,20123.0
2024-03-01 11:52:00,AURA,9.406800270080566,9.406800270080566,9.406800270080566,9.406800270080566,9.406800270080566,633.0
2024-03-01 11:52:00,AUTL,6.244999885559082,6.244999885559082,6.25,6.244999885559082,6.25,667.0
2024-03-01 11:52:00,AVDL,12.614999771118164,12.614999771118164,12.614999771118164,12.609999656677246,12.609999656677246,623.0
2024-03-01 11:52:00,AVIR,4.480000019073486,4.480000019073486,4.480000019073486,4.465000152587891,4.465000152587891,2742.0
2024-03-01 11:52:00,AVTE,23.600000381469727,23.600000381469727,23.600000381469727,23.600000381469727,23.600000381469727,229.0
2024-03-01 11:52:00,AVXL,5.335000038146973,5.335000038146973,5.340000152587891,5.335000038146973,5.340000152587891,2487.0
2024-03-01 11:52:00,AXNX,67.30999755859375,67.30999755859375,67.3407974243164,67.30000305175781,67.33000183105469,7356.0
2024-03-01 11:52:00,AZN,64.58000183105469,64.58000183105469,64.5875015258789,64.56999969482422,64.58000183105469,3909.0
2024-03-01 11:52:00,AZTA,66.26499938964844,66.26499938964844,66.26499938964844,66.26499938964844,66.26499938964844,423.0
2024-03-01 11:52:00,BBIO,35.880001068115234,35.880001068115234,35.880001068115234,35.880001068115234,35.880001068115234,256.0
2024-03-01 11:52:00,BBLG,2.309999942779541,2.309999942779541,2.3101000785827637,2.309999942779541,2.3101000785827637,2760.0
2024-03-01 11:52:00,BCAB,2.759999990463257,2.759999990463257,2.759999990463257,2.759999990463257,2.759999990463257,125.0
2024-03-01 11:52:00,BCRX,5.769999980926514,5.769999980926514,5.789999961853027,5.769999980926514,5.784999847412109,2657.0
2024-03-01 11:52:00,BCTX,3.559999942779541,3.559999942779541,3.559999942779541,3.5,3.5,3286.0
2024-03-01 11:52:00,BDTX,5.019999980926514,5.019999980926514,5.025000095367432,5.014999866485596,5.025000095367432,517.0
2024-03-01 11:52:00,BEAM,40.130001068115234,40.130001068115234,40.130001068115234,40.09000015258789,40.09000015258789,524.0
2024-03-01 11:52:00,BGNE,166.75999450683594,166.75999450683594,166.75999450683594,166.75999450683594,166.75999450683594,227.0
2024-03-01 11:52:00,BGXX,0.26899999380111694,0.26899999380111694,0.26899999380111694,0.26899999380111694,0.26899999380111694,121.0
2024-03-01 11:52:00,BIIB,219.35499572753906,219.35499572753906,219.5050048828125,219.35499572753906,219.5050048828125,661.0
2024-03-01 11:52:00,BIOL,0.13750000298023224,0.13750000298023224,0.13750000298023224,0.13750000298023224,0.13750000298023224,140.0
2024-03-01 11:52:00,BIOR,1.2300000190734863,1.2300000190734863,1.2300000190734863,1.2300000190734863,1.2300000190734863,119.0
2024-03-01 11:52:00,BIVI,2.0899999141693115,2.0899999141693115,2.199899911880493,2.0799999237060547,2.190000057220459,400533.0
2024-03-01 11:52:00,BLFS,18.200000762939453,18.200000762939453,18.200000762939453,18.139999389648438,18.139999389648438,34550.0
2024-03-01 11:52:00,BLUE,1.565000057220459,1.565000057220459,1.5759999752044678,1.565000057220459,1.570199966430664,29758.0
2024-03-01 11:52:00,BMEA,17.899999618530273,17.899999618530273,17.93000030517578,17.899999618530273,17.90999984741211,2638.0
2024-03-01 11:52:00,BMRN,86.87000274658203,86.87000274658203,86.87999725341797,86.8499984741211,86.87999725341797,3104.0
2024-03-01 11:52:00,BNGO,1.25,1.25,1.2549999952316284,1.25,1.250599980354309,1538.0
2024-03-01 11:52:00,BNR,0.8367000222206116,0.8367000222206116,0.8399999737739563,0.8367000222206116,0.8399999737739563,500.0
2024-03-01 11:52:00,BNTX,91.83000183105469,91.83000183105469,91.87999725341797,91.7300033569336,91.87999725341797,1146.0
2024-03-01 11:52:00,BPMC,97.11499786376953,97.11499786376953,97.19499969482422,97.11499786376953,97.19499969482422,574.0
2024-03-01 11:52:00,BRKR,87.8499984741211,87.8499984741211,87.86000061035156,87.8499984741211,87.86000061035156,807.0
2024-03-01 11:52:00,BTAI,3.2300000190734863,3.2300000190734863,3.234999895095825,3.2300000190734863,3.234999895095825,440.0
2024-03-01 11:52:00,BTTX,0.16940000653266907,0.16940000653266907,0.16940000653266907,0.1679999977350235,0.16869999468326569,6197.0
2024-03-01 11:52:00,CABA,23.969999313354492,23.969999313354492,23.985000610351562,23.969999313354492,23.985000610351562,980.0
2024-03-01 11:52:00,CAPR,4.570000171661377,4.570000171661377,4.579999923706055,4.570000171661377,4.579999923706055,930.0
2024-03-01 11:52:00,CARA,0.9006999731063843,0.9006999731063843,0.9006999731063843,0.9006999731063843,0.9006999731063843,221.0
2024-03-01 11:52:00,CBAY,32.244998931884766,32.244998931884766,32.25,32.244998931884766,32.244998931884766,813.0
2024-03-01 11:52:00,CCCC,10.84000015258789,10.84000015258789,10.930000305175781,10.84000015258789,10.930000305175781,15268.0
2024-03-01 11:52:00,CCRN,18.155000686645508,18.155000686645508,18.155000686645508,18.155000686645508,18.155000686645508,284.0
2024-03-01 11:52:00,CDMO,8.149999618530273,8.149999618530273,8.175000190734863,8.149999618530273,8.175000190734863,1210.0
2024-03-01 11:52:00,CDNA,12.329999923706055,12.329999923706055,12.390000343322754,12.329999923706055,12.369999885559082,4122.0
2024-03-01 11:52:00,CDXS,4.445000171661377,4.445000171661377,4.489999771118164,4.445000171661377,4.489999771118164,1528.0
2024-03-01 11:52:00,CELC,16.045000076293945,16.045000076293945,16.045000076293945,16.045000076293945,16.045000076293945,100.0
2024-03-01 11:52:00,CERE,41.099998474121094,41.099998474121094,41.099998474121094,41.099998474121094,41.099998474121094,235.0
2024-03-01 11:52:00,CERS,2.200000047683716,2.200000047683716,2.2049999237060547,2.200000047683716,2.2049999237060547,838.0
2024-03-01 11:52:00,CERT,17.68000030517578,17.68000030517578,17.68000030517578,17.68000030517578,17.68000030517578,305.0
2024-03-01 11:52:00,CGC,3.259999990463257,3.259999990463257,3.265000104904175,3.259999990463257,3.265000104904175,607.0
2024-03-01 11:52:00,CGEN,2.6700000762939453,2.6700000762939453,2.684999942779541,2.6600000858306885,2.684999942779541,23246.0
2024-03-01 11:52:00,CHRS,2.3499999046325684,2.3499999046325684,2.3499999046325684,2.3450000286102295,2.3499999046325684,666.0
2024-03-01 11:52:00,CING,1.3626999855041504,1.3626999855041504,1.3626999855041504,1.3626999855041504,1.3626999855041504,1010.0
2024-03-01 11:52:00,CJJD,2.9818999767303467,2.9818999767303467,2.9818999767303467,2.9818999767303467,2.9818999767303467,1935.0
2024-03-01 11:52:00,CKPT,2.210099935531616,2.210099935531616,2.210099935531616,2.210099935531616,2.210099935531616,300.0
2024-03-01 11:52:00,CLDX,52.630001068115234,52.630001068115234,52.63999938964844,52.630001068115234,52.630001068115234,1250.0
2024-03-01 11:52:00,CLOV,0.8636000156402588,0.8636000156402588,0.864799976348877,0.8622999787330627,0.8622999787330627,6499.0
2024-03-01 11:52:00,CLPT,6.755000114440918,6.755000114440918,6.755000114440918,6.755000114440918,6.755000114440918,100.0
2024-03-01 11:52:00,CLRB,4.119999885559082,4.119999885559082,4.119999885559082,4.1132001876831055,4.1132001876831055,256.0
2024-03-01 11:52:00,CMPS,11.359999656677246,11.359999656677246,11.399999618530273,11.350000381469727,11.390000343322754,901.0
2024-03-01 11:52:00,COGT,7.230000019073486,7.230000019073486,7.239999771118164,7.230000019073486,7.239999771118164,637.0
2024-03-01 11:52:00,CORT,23.700000762939453,23.700000762939453,23.700000762939453,23.65999984741211,23.65999984741211,3258.0
2024-03-01 11:52:00,CPRX,16.969999313354492,16.969999313354492,17.010000228881836,16.969999313354492,16.969999313354492,5788.0
2024-03-01 11:52:00,CPSI,9.449999809265137,9.449999809265137,9.5,9.449999809265137,9.5,1682.0
2024-03-01 11:52:00,CRBU,7.985000133514404,7.985000133514404,8.020000457763672,7.985000133514404,8.020000457763672,4623.0
2024-03-01 11:52:00,CRDF,2.381999969482422,2.381999969482422,2.440999984741211,2.380000114440918,2.440999984741211,72476.0
2024-03-01 11:52:00,CRDL,1.9366999864578247,1.9366999864578247,1.957900047302246,1.9366999864578247,1.957900047302246,890.0
2024-03-01 11:52:00,CRNX,46.130001068115234,46.130001068115234,46.13999938964844,46.06999969482422,46.08000183105469,1027.0
2024-03-01 11:52:00,CRON,2.0450000762939453,2.0450000762939453,2.049999952316284,2.0450000762939453,2.049999952316284,1435.0
2024-03-01 11:52:00,CRSP,85.45999908447266,85.45999908447266,85.62999725341797,85.45999908447266,85.62000274658203,2597.0
2024-03-01 11:52:00,CSTL,20.0,20.0,20.030000686645508,19.950000762939453,19.950000762939453,5215.0
2024-03-01 11:52:00,CTKB,8.449999809265137,8.449999809265137,8.460000038146973,8.449999809265137,8.460000038146973,569.0
2024-03-01 11:52:00,CTMX,2.5899999141693115,2.5899999141693115,2.5899999141693115,2.5799999237060547,2.5899999141693115,1600.0
2024-03-01 11:52:00,CTXR,0.7700999975204468,0.7700999975204468,0.7700999975204468,0.7700999975204468,0.7700999975204468,600.0
2024-03-01 11:52:00,CVAC,3.4549999237060547,3.4549999237060547,3.4549999237060547,3.4549999237060547,3.4549999237060547,329.0
2024-03-01 11:52:00,CYTK,73.9000015258789,73.9000015258789,73.91000366210938,73.9000015258789,73.9000015258789,1212.0
2024-03-01 11:52:00,CYTO,2.180000066757202,2.180000066757202,2.180000066757202,2.180000066757202,2.180000066757202,600.0
2024-03-01 11:52:00,DAWN,17.360000610351562,17.360000610351562,17.405000686645508,17.360000610351562,17.405000686645508,829.0
2024-03-01 11:52:00,DCGO,4.114999771118164,4.114999771118164,4.114999771118164,4.112500190734863,4.112500190734863,200.0
2024-03-01 11:52:00,DCPH,17.479999542236328,17.479999542236328,17.499900817871094,17.474700927734375,17.498600006103516,884.0
2024-03-01 11:52:00,DH,9.0,9.0,9.0,9.0,9.0,145.0
2024-03-01 11:52:00,DMTK,0.8294000029563904,0.8294000029563904,0.8294000029563904,0.8294000029563904,0.8294000029563904,197.0
2024-03-01 11:52:00,DNLI,20.739999771118164,20.739999771118164,20.739999771118164,20.719999313354492,20.739999771118164,2417.0
2024-03-01 11:52:00,DRRX,1.0104000568389893,1.0104000568389893,1.0104000568389893,1.0104000568389893,1.0104000568389893,300.0
2024-03-01 11:52:00,DSGN,2.8949999809265137,2.8949999809265137,2.8949999809265137,2.8949999809265137,2.8949999809265137,893.0
2024-03-01 11:52:00,DTIL,12.1850004196167,12.1850004196167,12.210000038146973,12.110099792480469,12.130000114440918,6731.0
2024-03-01 11:52:00,DVAX,12.859999656677246,12.859999656677246,12.864999771118164,12.854999542236328,12.859999656677246,3838.0
2024-03-01 11:52:00,DXCM,119.8499984741211,119.8499984741211,119.87000274658203,119.72000122070312,119.72000122070312,9768.0
2024-03-01 11:52:00,DYN,29.1299991607666,29.1299991607666,29.28499984741211,29.1299991607666,29.28499984741211,2296.0
2024-03-01 11:52:00,EDAP,6.849999904632568,6.849999904632568,6.849999904632568,6.840000152587891,6.840000152587891,300.0
2024-03-01 11:52:00,EDIT,10.869999885559082,10.869999885559082,10.904999732971191,10.869999885559082,10.899999618530273,3247.0
2024-03-01 11:52:00,EFTR,14.779999732971191,14.779999732971191,14.779999732971191,14.779999732971191,14.779999732971191,171.0
2024-03-01 11:52:00,ELEV,4.860000133514404,4.860000133514404,4.880000114440918,4.840000152587891,4.875,6821.0
2024-03-01 11:52:00,ENSG,123.40499877929688,123.40499877929688,123.40499877929688,123.40499877929688,123.40499877929688,144.0
2024-03-01 11:52:00,ENTA,15.229999542236328,15.229999542236328,15.229999542236328,15.229999542236328,15.229999542236328,151.0
2024-03-01 11:52:00,ENVB,1.6200000047683716,1.6200000047683716,1.628000020980835,1.590000033378601,1.628000020980835,29446.0
2024-03-01 11:52:00,EOLS,14.619999885559082,14.619999885559082,14.619999885559082,14.619999885559082,14.619999885559082,313.0
2024-03-01 11:52:00,EQ,2.440000057220459,2.440000057220459,2.450000047683716,2.4100000858306885,2.450000047683716,3697.0
2024-03-01 11:52:00,ERAS,2.515000104904175,2.515000104904175,2.515000104904175,2.515000104904175,2.515000104904175,1711.0
2024-03-01 11:52:00,ESPR,2.509999990463257,2.509999990463257,2.509999990463257,2.509999990463257,2.509999990463257,2437.0
2024-03-01 11:52:00,ESTA,45.68000030517578,45.68000030517578,45.689998626708984,45.68000030517578,45.689998626708984,371.0
2024-03-01 11:52:00,ETNB,12.9399995803833,12.9399995803833,12.949999809265137,12.9399995803833,12.949999809265137,260.0
2024-03-01 11:52:00,EWTX,16.954999923706055,16.954999923706055,16.9950008392334,16.899999618530273,16.9950008392334,4849.0
2024-03-01 11:52:00,EXAS,59.59000015258789,59.59000015258789,59.6150016784668,59.59000015258789,59.59000015258789,648.0
2024-03-01 11:52:00,EXEL,22.475000381469727,22.475000381469727,22.540000915527344,22.475000381469727,22.53499984741211,22622.0
2024-03-01 11:52:00,EYPT,28.18000030517578,28.18000030517578,28.190000534057617,28.139999389648438,28.190000534057617,595.0
2024-03-01 11:52:00,FATE,7.409999847412109,7.409999847412109,7.409999847412109,7.40500020980835,7.409999847412109,1323.0
2024-03-01 11:52:00,FEMY,1.7300000190734863,1.7300000190734863,1.7300000190734863,1.725000023841858,1.725000023841858,6457.0
2024-03-01 11:52:00,FGEN,1.809999942779541,1.809999942779541,1.809999942779541,1.8049999475479126,1.8049999475479126,4195.0
2024-03-01 11:52:00,FLGT,23.260000228881836,23.260000228881836,23.299999237060547,23.260000228881836,23.299999237060547,3240.0
2024-03-01 11:52:00,FOLD,13.279999732971191,13.279999732971191,13.300000190734863,13.279999732971191,13.300000190734863,4323.0
2024-03-01 11:52:00,FULC,10.880000114440918,10.880000114440918,10.880000114440918,10.869999885559082,10.869999885559082,1005.0
2024-03-01 11:52:00,FUSN,12.369999885559082,12.369999885559082,12.390000343322754,12.369999885559082,12.369999885559082,600.0
2024-03-01 11:52:00,GBIO,2.619999885559082,2.619999885559082,2.619999885559082,2.619999885559082,2.619999885559082,2615.0
2024-03-01 11:52:00,GDRX,8.281000137329102,8.281000137329102,8.289999961853027,8.281000137329102,8.289999961853027,5624.0
2024-03-01 11:52:00,GERN,2.1649999618530273,2.1649999618530273,2.1649999618530273,2.1649999618530273,2.1649999618530273,7561.0
2024-03-01 11:52:00,GH,19.239999771118164,19.239999771118164,19.25,19.239999771118164,19.25,746.0
2024-03-01 11:52:00,GILD,72.23500061035156,72.23500061035156,72.29000091552734,72.2300033569336,72.29000091552734,11532.0
2024-03-01 11:52:00,GLTO,0.7222999930381775,0.7222999930381775,0.7222999930381775,0.7222999930381775,0.7222999930381775,228.0
2024-03-01 11:52:00,GLYC,3.0,3.0,3.0,3.0,3.0,243.0
2024-03-01 11:52:00,GMAB,29.360000610351562,29.360000610351562,29.3700008392334,29.360000610351562,29.3700008392334,1223.0
2024-03-01 11:52:00,GRFS,7.09499979019165,7.09499979019165,7.099999904632568,7.085000038146973,7.085000038146973,11890.0
2024-03-01 11:52:00,GRPH,3.4800000190734863,3.4800000190734863,3.490000009536743,3.4800000190734863,3.490000009536743,562.0
2024-03-01 11:52:00,GRTS,2.200000047683716,2.200000047683716,2.2049999237060547,2.200000047683716,2.2000999450683594,881.0
2024-03-01 11:52:00,GTH,3.910099983215332,3.910099983215332,3.910099983215332,3.910099983215332,3.910099983215332,3051.0
2024-03-01 11:52:00,GTHX,3.6298999786376953,3.6298999786376953,3.6449999809265137,3.6201000213623047,3.6401000022888184,9380.0
2024-03-01 11:52:00,HALO,41.185001373291016,41.185001373291016,41.20500183105469,41.185001373291016,41.20500183105469,1746.0
2024-03-01 11:52:00,HARP,22.940000534057617,22.940000534057617,22.940000534057617,22.940000534057617,22.940000534057617,350.0
2024-03-01 11:52:00,HCAT,7.880000114440918,7.880000114440918,7.900000095367432,7.869999885559082,7.900000095367432,2855.0
2024-03-01 11:52:00,HCSG,12.630000114440918,12.630000114440918,12.630000114440918,12.630000114440918,12.630000114440918,1004.0
2024-03-01 11:52:00,HCTI,2.549999952316284,2.549999952316284,2.5850000381469727,2.549999952316284,2.569999933242798,2417.0
2024-03-01 11:52:00,HEPA,3.2376999855041504,3.2376999855041504,3.2376999855041504,3.194999933242798,3.194999933242798,1080.0
2024-03-01 11:52:00,HLTH,0.27480000257492065,0.27480000257492065,0.27480000257492065,0.27480000257492065,0.27480000257492065,266.0
2024-03-01 11:52:00,HOLX,73.72000122070312,73.72000122070312,73.76020050048828,73.72000122070312,73.76020050048828,1290.0
2024-03-01 11:52:00,HOOK,0.7914999723434448,0.7914999723434448,0.7914999723434448,0.7914999723434448,0.7914999723434448,355.0
2024-03-01 11:52:00,HQY,81.2699966430664,81.2699966430664,81.33000183105469,81.2699966430664,81.33000183105469,2243.0
2024-03-01 11:52:00,HRMY,31.260000228881836,31.260000228881836,31.350000381469727,31.260000228881836,31.350000381469727,2080.0
2024-03-01 11:52:00,HRTX,2.6050000190734863,2.6050000190734863,2.6110000610351562,2.5999999046325684,2.6110000610351562,18007.0
2024-03-01 11:52:00,HSIC,76.87999725341797,76.87999725341797,76.9000015258789,76.86000061035156,76.9000015258789,3837.0
2024-03-01 11:52:00,HSTM,27.3799991607666,27.3799991607666,27.3799991607666,27.3799991607666,27.3799991607666,203.0
2024-03-01 11:52:00,HUMA,3.424999952316284,3.424999952316284,3.490000009536743,3.4200000762939453,3.490000009536743,72202.0
2024-03-01 11:52:00,IART,36.43000030517578,36.43000030517578,36.439998626708984,36.43000030517578,36.439998626708984,626.0
2024-03-01 11:52:00,IBRX,4.880000114440918,4.880000114440918,4.895999908447266,4.880000114440918,4.895999908447266,2164.0
2024-03-01 11:52:00,ICUI,106.08000183105469,106.08000183105469,106.08000183105469,106.08000183105469,106.08000183105469,191.0
2024-03-01 11:52:00,IDXX,581.0750122070312,581.0750122070312,581.0750122070312,580.9099731445312,580.9099731445312,383.0
2024-03-01 11:52:00,IDYA,46.02000045776367,46.02000045776367,46.09000015258789,46.02000045776367,46.09000015258789,1440.0
2024-03-01 11:52:00,IINN,1.6349999904632568,1.6349999904632568,1.6390999555587769,1.6349999904632568,1.6390999555587769,881.0
2024-03-01 11:52:00,IKNA,1.4700000286102295,1.4700000286102295,1.475000023841858,1.4700000286102295,1.475000023841858,317.0
2024-03-01 11:52:00,IMAB,1.8507000207901,1.8507000207901,1.8507000207901,1.8507000207901,1.8507000207901,127.0
2024-03-01 11:52:00,IMMX,3.5399999618530273,3.5399999618530273,3.5399999618530273,3.5399999618530273,3.5399999618530273,100.0
2024-03-01 11:52:00,IMUX,1.475000023841858,1.475000023841858,1.4799000024795532,1.475000023841858,1.475000023841858,1210.0
2024-03-01 11:52:00,IMVT,36.27000045776367,36.27000045776367,36.29999923706055,36.27000045776367,36.29999923706055,939.0
2024-03-01 11:52:00,INCY,58.970001220703125,58.970001220703125,58.987998962402344,58.970001220703125,58.987998962402344,1940.0
2024-03-01 11:52:00,INMD,22.799999237060547,22.799999237060547,22.809999465942383,22.795000076293945,22.80500030517578,2506.0
2024-03-01 11:52:00,INO,9.170000076293945,9.170000076293945,9.199999809265137,9.170000076293945,9.19890022277832,1667.0
2024-03-01 11:52:00,INSM,28.139999389648438,28.139999389648438,28.170000076293945,28.139999389648438,28.170000076293945,2888.0
2024-03-01 11:52:00,INVA,15.6850004196167,15.6850004196167,15.6899995803833,15.6850004196167,15.6899995803833,1061.0
2024-03-01 11:52:00,INZY,6.519999980926514,6.519999980926514,6.519999980926514,6.519999980926514,6.519999980926514,250.0
2024-03-01 11:52:00,IONS,45.880001068115234,45.880001068115234,45.91999816894531,45.875,45.88999938964844,7462.0
2024-03-01 11:52:00,IOVA,16.68000030517578,16.68000030517578,16.704999923706055,16.639999389648438,16.700000762939453,25181.0
2024-03-01 11:52:00,IRWD,8.989999771118164,8.989999771118164,9.0,8.979999542236328,8.994999885559082,39254.0
2024-03-01 11:52:00,ISRG,393.7900085449219,393.7900085449219,393.7900085449219,393.7900085449219,393.7900085449219,745.0
2024-03-01 11:52:00,ITCI,71.30000305175781,71.30000305175781,71.30000305175781,71.27999877929688,71.27999877929688,306.0
2024-03-01 11:52:00,ITOS,10.729999542236328,10.729999542236328,10.729999542236328,10.729999542236328,10.729999542236328,643.0
2024-03-01 11:52:00,IXHL,5.422500133514404,5.422500133514404,5.422500133514404,5.422500133514404,5.422500133514404,2025.0
2024-03-01 11:52:00,JAGX,0.07129999995231628,0.07129999995231628,0.0731000006198883,0.07129999995231628,0.07259999960660934,726100.0
2024-03-01 11:52:00,JANX,46.970001220703125,46.970001220703125,46.970001220703125,46.970001220703125,46.970001220703125,248.0
2024-03-01 11:52:00,JAZZ,119.7699966430664,119.7699966430664,119.80000305175781,119.76000213623047,119.79000091552734,758.0
2024-03-01 11:52:00,JSPR,21.1200008392334,21.1200008392334,21.1200008392334,21.1200008392334,21.1200008392334,136.0
2024-03-01 11:52:00,KNSA,21.75,21.75,21.75,21.739999771118164,21.739999771118164,670.0
2024-03-01 11:52:00,KNTE,2.619999885559082,2.619999885559082,2.619999885559082,2.619999885559082,2.619999885559082,2028.0
2024-03-01 11:52:00,KOD,6.110000133514404,6.110000133514404,6.119999885559082,6.110000133514404,6.119999885559082,1405.0
2024-03-01 11:52:00,KPRX,0.6614999771118164,0.6614999771118164,0.6657000184059143,0.6614999771118164,0.6657000184059143,605.0
2024-03-01 11:52:00,KPTI,1.215000033378601,1.215000033378601,1.2200000286102295,1.2100000381469727,1.215000033378601,1064.0
2024-03-01 11:52:00,KROS,69.51000213623047,69.51000213623047,69.51000213623047,69.51000213623047,69.51000213623047,229.0
2024-03-01 11:52:00,KRTX,316.5,316.5,316.510009765625,316.489990234375,316.510009765625,792.0
2024-03-01 11:52:00,KRYS,166.47000122070312,166.47000122070312,166.47000122070312,166.47000122070312,166.47000122070312,648.0
2024-03-01 11:52:00,KTRA,0.09759999811649323,0.09759999811649323,0.09759999811649323,0.09759999811649323,0.09759999811649323,4879.0
2024-03-01 11:52:00,KURA,21.290000915527344,21.290000915527344,21.344999313354492,21.290000915527344,21.344999313354492,1516.0
2024-03-01 11:52:00,KYMR,43.849998474121094,43.849998474121094,43.93000030517578,43.84000015258789,43.92499923706055,1150.0
2024-03-01 11:52:00,KZR,1.090000033378601,1.090000033378601,1.090000033378601,1.090000033378601,1.090000033378601,200.0
2024-03-01 11:52:00,LAB,2.4600000381469727,2.4600000381469727,2.4600000381469727,2.4549999237060547,2.4549999237060547,2401.0
2024-03-01 11:52:00,LEGN,65.94999694824219,65.94999694824219,65.95999908447266,65.94999694824219,65.95999908447266,688.0
2024-03-01 11:52:00,LEXX,2.699899911880493,2.699899911880493,2.700000047683716,2.699700117111206,2.699700117111206,1550.0
2024-03-01 11:52:00,LFMD,8.0,8.0,8.010000228881836,7.989999771118164,7.989999771118164,8626.0
2024-03-01 11:52:00,LFST,7.985000133514404,7.985000133514404,7.994999885559082,7.980000019073486,7.994999885559082,7216.0
2024-03-01 11:52:00,LIFE,1.9149999618530273,1.9149999618530273,1.9149999618530273,1.9149999618530273,1.9149999618530273,145.0
2024-03-01 11:52:00,LIVN,55.209999084472656,55.209999084472656,55.209999084472656,55.209999084472656,55.209999084472656,254.0
2024-03-01 11:52:00,LNTH,65.4749984741211,65.4749984741211,65.4749984741211,65.41999816894531,65.41999816894531,1345.0
2024-03-01 11:52:00,LUNG,9.199999809265137,9.199999809265137,9.199999809265137,9.199999809265137,9.199999809265137,367.0
2024-03-01 11:52:00,LVTX,3.2200000286102295,3.2200000286102295,3.299999952316284,3.2200000286102295,3.2850000858306885,22415.0
2024-03-01 11:52:00,LXRX,2.4200000762939453,2.4200000762939453,2.430000066757202,2.4200000762939453,2.430000066757202,7432.0
2024-03-01 11:52:00,LYEL,3.1600000858306885,3.1600000858306885,3.160799980163574,3.1600000858306885,3.160799980163574,2090.0
2024-03-01 11:52:00,LYRA,5.559999942779541,5.559999942779541,5.559999942779541,5.559999942779541,5.559999942779541,200.0
2024-03-01 11:52:00,MASS,7.320000171661377,7.320000171661377,7.320000171661377,7.309999942779541,7.310500144958496,439.0
2024-03-01 11:52:00,MBOT,1.2899999618530273,1.2899999618530273,1.2899999618530273,1.2899999618530273,1.2899999618530273,312.0
2024-03-01 11:52:00,MBRX,0.6481999754905701,0.6481999754905701,0.6481999754905701,0.6481999754905701,0.6481999754905701,501.0
2024-03-01 11:52:00,MCRB,1.190000057220459,1.190000057220459,1.2050000429153442,1.190000057220459,1.200700044631958,19115.0
2024-03-01 11:52:00,MDGL,243.75999450683594,243.75999450683594,243.75999450683594,243.0,243.0,3727.0
2024-03-01 11:52:00,MDRX,6.099999904632568,6.099999904632568,6.150000095367432,6.050000190734863,6.099999904632568,27300.0
2024-03-01 11:52:00,MDXG,8.595000267028809,8.595000267028809,8.595000267028809,8.595000267028809,8.595000267028809,4656.0
2024-03-01 11:52:00,MDXH,3.722899913787842,3.722899913787842,3.722899913787842,3.722899913787842,3.722899913787842,407.0
2024-03-01 11:52:00,ME,0.5702999830245972,0.5702999830245972,0.5705000162124634,0.5652999877929688,0.5654000043869019,56194.0
2024-03-01 11:52:00,MEDS,9.149999618530273,9.149999618530273,9.149999618530273,9.149999618530273,9.149999618530273,100.0
2024-03-01 11:52:00,MGNX,18.90999984741211,18.90999984741211,18.915000915527344,18.889999389648438,18.899999618530273,4448.0
2024-03-01 11:52:00,MGTX,6.335400104522705,6.335400104522705,6.335400104522705,6.335400104522705,6.335400104522705,520.0
2024-03-01 11:52:00,MIRM,30.049999237060547,30.049999237060547,30.049999237060547,30.049999237060547,30.049999237060547,602.0
2024-03-01 11:52:00,MLTX,51.78499984741211,51.78499984741211,51.78499984741211,51.78499984741211,51.78499984741211,710.0
2024-03-01 11:52:00,MMSI,76.66000366210938,76.66000366210938,76.66000366210938,76.54000091552734,76.5999984741211,2030.0
2024-03-01 11:52:00,MNKD,4.599999904632568,4.599999904632568,4.610000133514404,4.599999904632568,4.605000019073486,27563.0
2024-03-01 11:52:00,MNMD,6.099999904632568,6.099999904632568,6.139900207519531,6.090000152587891,6.135000228881836,11454.0
2024-03-01 11:52:00,MNOV,1.3700000047683716,1.3700000047683716,1.3700000047683716,1.3700000047683716,1.3700000047683716,278.0
2024-03-01 11:52:00,MODV,27.90999984741211,27.90999984741211,28.190000534057617,27.90999984741211,28.190000534057617,467.0
2024-03-01 11:52:00,MORF,38.709999084472656,38.709999084472656,38.7400016784668,38.689998626708984,38.709999084472656,1237.0
2024-03-01 11:52:00,MOTS,0.6589000225067139,0.6589000225067139,0.6589000225067139,0.6589000225067139,0.6589000225067139,205.0
2024-03-01 11:52:00,MRAI,1.5462000370025635,1.5462000370025635,1.5462000370025635,1.5462000370025635,1.5462000370025635,1300.0
2024-03-01 11:52:00,MREO,3.8299999237060547,3.8299999237060547,3.8450000286102295,3.8299999237060547,3.8450000286102295,4912.0
2024-03-01 11:52:00,MRNA,96.43000030517578,96.43000030517578,96.44999694824219,96.38999938964844,96.38999938964844,5679.0
2024-03-01 11:52:00,MRSN,5.949999809265137,5.949999809265137,6.010000228881836,5.929999828338623,5.980000019073486,18938.0
2024-03-01 11:52:00,MRUS,51.7400016784668,51.7400016784668,51.7400016784668,51.7400016784668,51.7400016784668,293.0
2024-03-01 11:52:00,MRVI,7.810800075531006,7.810800075531006,7.820000171661377,7.809999942779541,7.820000171661377,2192.0
2024-03-01 11:52:00,MXCT,4.730000019073486,4.730000019073486,4.735000133514404,4.730000019073486,4.735000133514404,1827.0
2024-03-01 11:52:00,MYGN,21.5,21.5,21.5,21.5,21.5,609.0
2024-03-01 11:52:00,NARI,46.17499923706055,46.17499923706055,46.17499923706055,46.17499923706055,46.17499923706055,153.0
2024-03-01 11:52:00,NAUT,2.6600000858306885,2.6600000858306885,2.6600000858306885,2.6600000858306885,2.6600000858306885,100.0
2024-03-01 11:52:00,NBIX,131.30999755859375,131.30999755859375,131.38999938964844,131.1999969482422,131.1999969482422,1945.0
2024-03-01 11:52:00,NEO,16.0,16.0,16.0,16.0,16.0,411.0
2024-03-01 11:52:00,NEOG,17.270000457763672,17.270000457763672,17.274999618530273,17.270000457763672,17.274999618530273,2584.0
2024-03-01 11:52:00,NKTR,0.769599974155426,0.769599974155426,0.769599974155426,0.7689999938011169,0.7689999938011169,2815.0
2024-03-01 11:52:00,NKTX,12.770000457763672,12.770000457763672,12.8100004196167,12.770000457763672,12.8100004196167,1008.0
2024-03-01 11:52:00,NNOX,11.125,11.125,11.125,11.119999885559082,11.119999885559082,1573.0
2024-03-01 11:52:00,NOTV,8.109999656677246,8.109999656677246,8.119999885559082,8.109999656677246,8.119999885559082,403.0
2024-03-01 11:52:00,NRBO,5.789999961853027,5.789999961853027,5.789999961853027,5.789999961853027,5.789999961853027,361.0
2024-03-01 11:52:00,NRIX,13.210000038146973,13.210000038146973,13.239999771118164,13.210000038146973,13.239999771118164,824.0
2024-03-01 11:52:00,NRSN,2.0499000549316406,2.0499000549316406,2.049999952316284,2.0499000549316406,2.049999952316284,3230.0
2024-03-01 11:52:00,NRXP,0.4000000059604645,0.4000000059604645,0.4099999964237213,0.4000000059604645,0.4099999964237213,27284.0
2024-03-01 11:52:00,NTLA,33.29999923706055,33.29999923706055,33.36000061035156,33.29999923706055,33.349998474121094,2849.0
2024-03-01 11:52:00,NTRA,89.18000030517578,89.18000030517578,89.20999908447266,89.12999725341797,89.16999816894531,9476.0
2024-03-01 11:52:00,NUVL,87.6500015258789,87.6500015258789,87.6500015258789,87.6500015258789,87.6500015258789,166.0
2024-03-01 11:52:00,NVAX,5.119999885559082,5.119999885559082,5.135000228881836,5.119999885559082,5.135000228881836,14575.0
2024-03-01 11:52:00,NVCR,15.84000015258789,15.84000015258789,15.850000381469727,15.819999694824219,15.850000381469727,2105.0
2024-03-01 11:52:00,NVCT,10.675000190734863,10.675000190734863,10.675000190734863,10.675000190734863,10.675000190734863,850.0
2024-03-01 11:52:00,NVNO,6.5,6.5,6.5,6.420000076293945,6.420000076293945,351.0
2024-03-01 11:52:00,NXTC,1.7949999570846558,1.7949999570846558,1.7949999570846558,1.7949999570846558,1.7949999570846558,100.0
2024-03-01 11:52:00,OCGN,0.9302999973297119,0.9302999973297119,0.9398999810218811,0.9301999807357788,0.9398999810218811,6517.0
2024-03-01 11:52:00,OCUL,10.654999732971191,10.654999732971191,10.680000305175781,10.610699653625488,10.664999961853027,16052.0
2024-03-01 11:52:00,OGI,2.1449999809265137,2.1449999809265137,2.1449999809265137,2.140000104904175,2.140000104904175,878.0
2024-03-01 11:52:00,OLK,22.604999542236328,22.604999542236328,22.604999542236328,22.604999542236328,22.604999542236328,150.0
2024-03-01 11:52:00,OLMA,13.489999771118164,13.489999771118164,13.5,13.470000267028809,13.470000267028809,2078.0
2024-03-01 11:52:00,OMER,4.730000019073486,4.730000019073486,4.730100154876709,4.699999809265137,4.730000019073486,6311.0
2024-03-01 11:52:00,OMGA,4.219799995422363,4.219799995422363,4.219799995422363,4.219799995422363,4.219799995422363,256.0
2024-03-01 11:52:00,OMIC,0.5925989747047424,0.5925989747047424,0.5925989747047424,0.5925989747047424,0.5925989747047424,660.0
2024-03-01 11:52:00,ONCY,1.1298999786376953,1.1298999786376953,1.1298999786376953,1.1298999786376953,1.1298999786376953,242.0
2024-03-01 11:53:00,ABCL,5.215000152587891,5.215000152587891,5.215000152587891,5.215000152587891,5.215000152587891,491.0
2024-03-01 11:53:00,ABEO,7.579999923706055,7.579999923706055,7.579999923706055,7.579999923706055,7.579999923706055,232.0
2024-03-01 11:53:00,ABOS,4.639999866485596,4.639999866485596,4.664999961853027,4.639999866485596,4.664999961853027,4954.0
2024-03-01 11:53:00,ABSI,5.210000038146973,5.210000038146973,5.21999979019165,5.210000038146973,5.21999979019165,504.0
2024-03-01 11:53:00,ABUS,2.7799999713897705,2.7799999713897705,2.7799999713897705,2.7799999713897705,2.7799999713897705,1111.0
2024-03-01 11:53:00,ACAD,23.790000915527344,23.790000915527344,23.84000015258789,23.774999618530273,23.829999923706055,5812.0
2024-03-01 11:53:00,ACCD,10.25,10.25,10.25,10.24899959564209,10.24899959564209,4124.0
2024-03-01 11:53:00,ACET,2.3949999809265137,2.3949999809265137,2.3949999809265137,2.390000104904175,2.390000104904175,616.0
2024-03-01 11:53:00,ACHC,83.91000366210938,83.91000366210938,83.91000366210938,83.91000366210938,83.91000366210938,554.0
2024-03-01 11:53:00,ACHL,1.3457000255584717,1.3457000255584717,1.3457000255584717,1.3457000255584717,1.3457000255584717,696.0
2024-03-01 11:53:00,ACHV,4.25,4.25,4.260000228881836,4.25,4.260000228881836,950.0
2024-03-01 11:53:00,ACIU,3.8499999046325684,3.8499999046325684,3.8499999046325684,3.8499999046325684,3.8499999046325684,100.0
2024-03-01 11:53:00,ACLX,67.41999816894531,67.41999816894531,67.44499969482422,67.41999816894531,67.44499969482422,708.0
2024-03-01 11:53:00,ACRS,1.215000033378601,1.215000033378601,1.2200000286102295,1.215000033378601,1.2200000286102295,425.0
2024-03-01 11:53:00,ADAP,1.6399999856948853,1.6399999856948853,1.6399999856948853,1.625,1.6299999952316284,12875.0
2024-03-01 11:53:00,ADIL,3.190000057220459,3.190000057220459,3.200000047683716,3.130000114440918,3.1493000984191895,123938.0
2024-03-01 11:53:00,ADMA,5.389999866485596,5.389999866485596,5.389999866485596,5.385000228881836,5.385000228881836,880.0
2024-03-01 11:53:00,ADVM,1.965000033378601,1.965000033378601,1.965000033378601,1.965000033378601,1.965000033378601,505.0
2024-03-01 11:53:00,AGEN,0.6717249751091003,0.6717249751091003,0.6717249751091003,0.6712999939918518,0.6713749766349792,18834.0
2024-03-01 11:53:00,AGIO,32.79999923706055,32.79999923706055,32.81999969482422,32.79999923706055,32.81999969482422,650.0
2024-03-01 11:53:00,AGRX,0.8305000066757202,0.8305000066757202,0.8305000066757202,0.8305000066757202,0.8305000066757202,11780.0
2024-03-01 11:53:00,AHCO,10.725000381469727,10.725000381469727,10.729999542236328,10.725000381469727,10.729999542236328,877.0
2024-03-01 11:53:00,AIRS,6.445000171661377,6.445000171661377,6.445000171661377,6.440000057220459,6.440000057220459,432.0
2024-03-01 11:53:00,AKAN,0.24210000038146973,0.24210000038146973,0.24549999833106995,0.24210000038146973,0.24549999833106995,12775.0
2024-03-01 11:53:00,AKBA,1.6675000190734863,1.6675000190734863,1.6675000190734863,1.659999966621399,1.6649999618530273,14013.0
2024-03-01 11:53:00,AKLI,0.33219999074935913,0.33219999074935913,0.33239999413490295,0.33219999074935913,0.33219999074935913,5000.0
2024-03-01 11:53:00,AKRO,29.219999313354492,29.219999313354492,29.28499984741211,29.219999313354492,29.260000228881836,2683.0
2024-03-01 11:53:00,AKYA,6.065000057220459,6.065000057220459,6.065000057220459,6.065000057220459,6.065000057220459,101.0
2024-03-01 11:53:00,ALEC,7.449999809265137,7.449999809265137,7.449999809265137,7.449999809265137,7.449999809265137,602.0
2024-03-01 11:53:00,ALGN,300.5530090332031,300.5530090332031,300.5530090332031,300.5530090332031,300.5530090332031,196.0
2024-03-01 11:53:00,ALGS,1.0700000524520874,1.0700000524520874,1.090000033378601,1.0700000524520874,1.089900016784668,8753.0
2024-03-01 11:53:00,ALHC,5.699999809265137,5.699999809265137,5.699999809265137,5.699999809265137,5.699999809265137,511.0
2024-03-01 11:53:00,ALKS,30.200000762939453,30.200000762939453,30.204999923706055,30.200000762939453,30.204999923706055,617.0
2024-03-01 11:53:00,ALLK,1.5950000286102295,1.5950000286102295,1.600000023841858,1.5950000286102295,1.600000023841858,511.0
2024-03-01 11:53:00,ALLO,5.014999866485596,5.014999866485596,5.03000020980835,5.014999866485596,5.03000020980835,6400.0
2024-03-01 11:53:00,ALNY,153.72500610351562,153.72500610351562,153.81500244140625,153.67999267578125,153.81500244140625,1411.0
2024-03-01 11:53:00,ALPN,35.95000076293945,35.95000076293945,35.95000076293945,35.93000030517578,35.93000030517578,1362.0
2024-03-01 11:53:00,ALT,12.109999656677246,12.109999656677246,12.149999618530273,12.109999656677246,12.149999618530273,3832.0
2024-03-01 11:53:00,ALVO,15.640000343322754,15.640000343322754,15.640000343322754,15.640000343322754,15.640000343322754,1186.0
2024-03-01 11:53:00,AMED,93.13500213623047,93.13500213623047,93.18000030517578,93.08999633789062,93.16999816894531,7788.0
2024-03-01 11:53:00,AMGN,281.2900085449219,281.2900085449219,281.29998779296875,281.1000061035156,281.15460205078125,7134.0
2024-03-01 11:53:00,AMLX,18.68000030517578,18.68000030517578,18.68000030517578,18.68000030517578,18.68000030517578,255.0
2024-03-01 11:53:00,AMPH,45.439998626708984,45.439998626708984,45.439998626708984,45.42610168457031,45.42610168457031,2661.0
2024-03-01 11:53:00,AMRN,1.0499999523162842,1.0499999523162842,1.0499999523162842,1.0499999523162842,1.0499999523162842,200.0
2024-03-01 11:53:00,ANNX,5.880000114440918,5.880000114440918,5.889999866485596,5.849999904632568,5.880000114440918,17966.0
2024-03-01 11:53:00,APLS,65.18000030517578,65.18000030517578,65.21499633789062,65.18000030517578,65.21499633789062,1780.0
2024-03-01 11:53:00,APLT,7.130000114440918,7.130000114440918,7.130000114440918,7.114999771118164,7.114999771118164,300.0
2024-03-01 11:53:00,APTO,1.7962000370025635,1.7962000370025635,1.7962000370025635,1.7962000370025635,1.7962000370025635,534.0
2024-03-01 11:53:00,APVO,0.1550000011920929,0.1550000011920929,0.1550000011920929,0.1550000011920929,0.1550000011920929,216.0
2024-03-01 11:53:00,AQST,4.300000190734863,4.300000190734863,4.300000190734863,4.300000190734863,4.300000190734863,2509.0
2024-03-01 11:53:00,ARAY,2.634999990463257,2.634999990463257,2.634999990463257,2.630000114440918,2.630000114440918,337.0
2024-03-01 11:53:00,ARCT,39.32500076293945,39.32500076293945,39.32500076293945,39.32500076293945,39.32500076293945,371.0
2024-03-01 11:53:00,ARDX,9.599800109863281,9.599800109863281,9.599800109863281,9.590200424194336,9.595000267028809,5903.0
2024-03-01 11:53:00,ARGX,387.82501220703125,387.82501220703125,387.82501220703125,387.82501220703125,387.82501220703125,367.0
2024-03-01 11:53:00,ARQT,11.489999771118164,11.489999771118164,11.489999771118164,11.460000038146973,11.460000038146973,5069.0
2024-03-01 11:53:00,ARTL,1.5099999904632568,1.5099999904632568,1.5099999904632568,1.5099999904632568,1.5099999904632568,162.0
2024-03-01 11:53:00,ARVN,48.31999969482422,48.31999969482422,48.459999084472656,48.31999969482422,48.459999084472656,1105.0
2024-03-01 11:53:00,ARWR,35.61000061035156,35.61000061035156,35.63999938964844,35.58000183105469,35.60499954223633,3327.0
2024-03-01 11:53:00,ASND,149.9949951171875,149.9949951171875,149.9949951171875,149.9949951171875,149.9949951171875,204.0
2024-03-01 11:53:00,ATAI,2.0304999351501465,2.0304999351501465,2.039900064468384,2.0299999713897705,2.0299999713897705,2928.0
2024-03-01 11:53:00,ATEC,13.595000267028809,13.595000267028809,13.595000267028809,13.59000015258789,13.59000015258789,1474.0
2024-03-01 11:53:00,ATHA,3.9600000381469727,3.9600000381469727,3.960099935531616,3.9600000381469727,3.9600000381469727,2341.0
2024-03-01 11:53:00,ATRA,0.7929499745368958,0.7929499745368958,0.7929499745368958,0.7923499941825867,0.7923499941825867,440.0
2024-03-01 11:53:00,ATRC,35.95000076293945,35.95000076293945,35.97999954223633,35.91999816894531,35.96009826660156,1066.0
2024-03-01 11:53:00,ATXI,0.15179899334907532,0.15179899334907532,0.15179899334907532,0.15179899334907532,0.15179899334907532,100.0
2024-03-01 11:53:00,ATXS,14.904999732971191,14.904999732971191,14.904999732971191,14.904999732971191,14.904999732971191,348.0
2024-03-01 11:53:00,AUPH,5.789999961853027,5.789999961853027,5.789999961853027,5.789999961853027,5.789999961853027,665.0
2024-03-01 11:53:00,AUTL,6.239999771118164,6.239999771118164,6.255000114440918,6.239999771118164,6.244999885559082,2508.0
2024-03-01 11:53:00,AVDL,12.609999656677246,12.609999656677246,12.614999771118164,12.609999656677246,12.614999771118164,321.0
2024-03-01 11:53:00,AVIR,4.4832000732421875,4.4832000732421875,4.4832000732421875,4.4832000732421875,4.4832000732421875,2116.0
2024-03-01 11:53:00,AXNX,67.30999755859375,67.30999755859375,67.30999755859375,67.30999755859375,67.30999755859375,167.0
2024-03-01 11:53:00,AXSM,82.38500213623047,82.38500213623047,82.38500213623047,82.38500213623047,82.38500213623047,466.0
2024-03-01 11:53:00,AZN,64.5999984741211,64.5999984741211,64.60919952392578,64.58999633789062,64.58999633789062,6804.0
2024-03-01 11:53:00,AZTA,66.26499938964844,66.26499938964844,66.26499938964844,66.2300033569336,66.2300033569336,1098.0
2024-03-01 11:53:00,BBIO,35.90999984741211,35.90999984741211,35.90999984741211,35.90999984741211,35.90999984741211,8621.0
2024-03-01 11:53:00,BCRX,5.769999980926514,5.769999980926514,5.78000020980835,5.769999980926514,5.769999980926514,2711.0
2024-03-01 11:53:00,BCTX,3.569999933242798,3.569999933242798,3.569999933242798,3.549999952316284,3.549999952316284,1250.0
2024-03-01 11:53:00,BDSX,1.6399999856948853,1.6399999856948853,1.6399999856948853,1.6349999904632568,1.6399999856948853,2445.0
2024-03-01 11:53:00,BDTX,5.010000228881836,5.010000228881836,5.010000228881836,5.010000228881836,5.010000228881836,120.0
2024-03-01 11:53:00,BEAM,40.025001525878906,40.025001525878906,40.09000015258789,40.025001525878906,40.09000015258789,3347.0
2024-03-01 11:53:00,BIIB,219.38999938964844,219.38999938964844,219.38999938964844,219.3800048828125,219.3800048828125,452.0
2024-03-01 11:53:00,BIOR,1.2300000190734863,1.2300000190734863,1.2300000190734863,1.2300000190734863,1.2300000190734863,1462.0
2024-03-01 11:53:00,BIVI,2.075000047683716,2.075000047683716,2.0999999046325684,2.049999952316284,2.0950000286102295,236424.0
2024-03-01 11:53:00,BLFS,18.229999542236328,18.229999542236328,18.270000457763672,18.229999542236328,18.239999771118164,3323.0
2024-03-01 11:53:00,BLUE,1.5606000423431396,1.5606000423431396,1.565000057220459,1.559999942779541,1.565000057220459,14921.0
2024-03-01 11:53:00,BMEA,17.8700008392334,17.8700008392334,17.939899444580078,17.8700008392334,17.939899444580078,774.0
2024-03-01 11:53:00,BMRN,86.93000030517578,86.93000030517578,86.93000030517578,86.87999725341797,86.87999725341797,2667.0
2024-03-01 11:53:00,BNGO,1.25,1.25,1.2561999559402466,1.25,1.25,1360.0
2024-03-01 11:53:00,BNR,0.8458499908447266,0.8458499908447266,0.8458499908447266,0.8458499908447266,0.8458499908447266,100.0
2024-03-01 11:53:00,BNTX,91.83000183105469,91.83000183105469,91.83000183105469,91.83000183105469,91.83000183105469,266.0
2024-03-01 11:53:00,BRTX,1.5,1.5,1.5149999856948853,1.5,1.5149999856948853,2200.0
2024-03-01 11:53:00,BSGM,0.6359999775886536,0.6359999775886536,0.6359999775886536,0.6359999775886536,0.6359999775886536,100.0
2024-03-01 11:53:00,BTAI,3.2300000190734863,3.2300000190734863,3.2300000190734863,3.2300000190734863,3.2300000190734863,197.0
2024-03-01 11:53:00,CABA,23.959999084472656,23.959999084472656,23.969999313354492,23.959999084472656,23.969999313354492,306.0
2024-03-01 11:53:00,CADL,1.7472000122070312,1.7472000122070312,1.7472000122070312,1.7300000190734863,1.7300000190734863,4500.0
2024-03-01 11:53:00,CBAY,32.244998931884766,32.244998931884766,32.25,32.244998931884766,32.244998931884766,697.0
2024-03-01 11:53:00,CCCC,10.835000038146973,10.835000038146973,10.835000038146973,10.829999923706055,10.829999923706055,806.0
2024-03-01 11:53:00,CDMO,8.149999618530273,8.149999618530273,8.170000076293945,8.149999618530273,8.170000076293945,799.0
2024-03-01 11:53:00,CDNA,12.359999656677246,12.359999656677246,12.359999656677246,12.359999656677246,12.359999656677246,576.0
2024-03-01 11:53:00,CDXS,4.46999979019165,4.46999979019165,4.46999979019165,4.449999809265137,4.449999809265137,3446.0
2024-03-01 11:53:00,CELC,15.930000305175781,15.930000305175781,15.960000038146973,15.930000305175781,15.960000038146973,1030.0
2024-03-01 11:53:00,CERE,41.099998474121094,41.099998474121094,41.10499954223633,41.099998474121094,41.099998474121094,502.0
2024-03-01 11:53:00,CERT,17.690000534057617,17.690000534057617,17.690000534057617,17.690000534057617,17.690000534057617,584.0
2024-03-01 11:53:00,CGC,3.259999990463257,3.259999990463257,3.26990008354187,3.259999990463257,3.265000104904175,2108.0
2024-03-01 11:53:00,CHRS,2.359999895095825,2.359999895095825,2.359999895095825,2.3450000286102295,2.3450000286102295,27634.0
2024-03-01 11:53:00,CKPT,2.210200071334839,2.210200071334839,2.2200000286102295,2.210200071334839,2.2200000286102295,1321.0
2024-03-01 11:53:00,CLDX,52.6150016784668,52.6150016784668,52.650001525878906,52.6150016784668,52.650001525878906,742.0
2024-03-01 11:53:00,CLNN,0.38499999046325684,0.38499999046325684,0.38499999046325684,0.38499999046325684,0.38499999046325684,15525.0
2024-03-01 11:53:00,CLOV,0.8622999787330627,0.8622999787330627,0.8647000193595886,0.8622999787330627,0.8636000156402588,6702.0
2024-03-01 11:53:00,CMPS,11.359999656677246,11.359999656677246,11.369999885559082,11.350000381469727,11.350000381469727,1182.0
2024-03-01 11:53:00,CMPX,1.8799999952316284,1.8799999952316284,1.8799999952316284,1.8799999952316284,1.8799999952316284,100.0
2024-03-01 11:53:00,CMRX,1.1449999809265137,1.1449999809265137,1.1449999809265137,1.1449999809265137,1.1449999809265137,8039.0
2024-03-01 11:53:00,COGT,7.239999771118164,7.239999771118164,7.239999771118164,7.230000019073486,7.230000019073486,802.0
2024-03-01 11:53:00,CORT,23.700000762939453,23.700000762939453,23.704999923706055,23.700000762939453,23.700000762939453,423.0
2024-03-01 11:53:00,CPRX,16.979999542236328,16.979999542236328,16.979999542236328,16.979999542236328,16.979999542236328,297.0
2024-03-01 11:53:00,CPSI,9.449999809265137,9.449999809265137,9.479999542236328,9.449999809265137,9.479999542236328,372.0
2024-03-01 11:53:00,CRBU,7.980000019073486,7.980000019073486,7.980000019073486,7.96999979019165,7.980000019073486,2415.0
2024-03-01 11:53:00,CRDF,2.339900016784668,2.339900016784668,2.4000000953674316,2.309999942779541,2.390000104904175,193034.0
2024-03-01 11:53:00,CRMD,3.7100000381469727,3.7100000381469727,3.7200000286102295,3.7100000381469727,3.7200000286102295,1112.0
2024-03-01 11:53:00,CRNX,46.040000915527344,46.040000915527344,46.040000915527344,45.98040008544922,45.9900016784668,771.0
2024-03-01 11:53:00,CRON,2.049999952316284,2.049999952316284,2.049999952316284,2.049999952316284,2.049999952316284,1107.0
2024-03-01 11:53:00,CRSP,85.30000305175781,85.30000305175781,85.44999694824219,85.30000305175781,85.44999694824219,1998.0
2024-03-01 11:53:00,CSTL,19.957199096679688,19.957199096679688,19.957199096679688,19.957199096679688,19.957199096679688,583.0
2024-03-01 11:53:00,CTMX,2.5899999141693115,2.5899999141693115,2.5899999141693115,2.5799999237060547,2.5899999141693115,1208.0
2024-03-01 11:53:00,CTXR,0.7700999975204468,0.7700999975204468,0.7700999975204468,0.7700999975204468,0.7700999975204468,913.0
2024-03-01 11:53:00,CUTR,2.407900094985962,2.407900094985962,2.407900094985962,2.407900094985962,2.407900094985962,330.0
2024-03-01 11:53:00,CYTK,73.87000274658203,73.87000274658203,73.87000274658203,73.87000274658203,73.87000274658203,102.0
2024-03-01 11:53:00,CYTO,2.1740000247955322,2.1740000247955322,2.1740000247955322,2.1600000858306885,2.1600000858306885,1280.0
2024-03-01 11:53:00,DARE,0.5585079789161682,0.5585079789161682,0.5585079789161682,0.5585079789161682,0.5585079789161682,116.0
2024-03-01 11:53:00,DAWN,17.350000381469727,17.350000381469727,17.350000381469727,17.350000381469727,17.350000381469727,497.0
2024-03-01 11:53:00,DCGO,4.114999771118164,4.114999771118164,4.114999771118164,4.112500190734863,4.114999771118164,510.0
2024-03-01 11:53:00,DCPH,17.43560028076172,17.43560028076172,17.479999542236328,17.43560028076172,17.479999542236328,2660.0
2024-03-01 11:53:00,DMTK,0.829800009727478,0.829800009727478,0.829800009727478,0.8199999928474426,0.829800009727478,4466.0
2024-03-01 11:53:00,DNLI,20.739999771118164,20.739999771118164,20.739999771118164,20.739999771118164,20.739999771118164,189.0
2024-03-01 11:53:00,DTIL,12.094099998474121,12.094099998474121,12.1850004196167,12.0600004196167,12.184200286865234,3571.0
2024-03-01 11:53:00,DVAX,12.854999542236328,12.854999542236328,12.859999656677246,12.854999542236328,12.859999656677246,920.0
2024-03-01 11:53:00,DXCM,119.86499786376953,119.86499786376953,119.87000274658203,119.80999755859375,119.8499984741211,5341.0
2024-03-01 11:53:00,DYN,29.219999313354492,29.219999313354492,29.219999313354492,29.201400756835938,29.219900131225586,953.0
2024-03-01 11:53:00,EDIT,10.869999885559082,10.869999885559082,10.869999885559082,10.869999885559082,10.869999885559082,537.0
2024-03-01 11:53:00,EGRX,6.679999828338623,6.679999828338623,6.710000038146973,6.679999828338623,6.710000038146973,402.0
2024-03-01 11:53:00,EKSO,1.9500999450683594,1.9500999450683594,1.9500999450683594,1.9500999450683594,1.9500999450683594,361.0
2024-03-01 11:53:00,ELEV,4.889999866485596,4.889999866485596,4.889999866485596,4.840000152587891,4.852399826049805,9000.0
2024-03-01 11:53:00,ENVB,1.6100000143051147,1.6100000143051147,1.6200000047683716,1.6100000143051147,1.6101000308990479,15956.0
2024-03-01 11:53:00,EOLS,14.630000114440918,14.630000114440918,14.649999618530273,14.629899978637695,14.629899978637695,3951.0
2024-03-01 11:53:00,EQ,2.3756000995635986,2.3756000995635986,2.4100000858306885,2.360100030899048,2.4100000858306885,5069.0
2024-03-01 11:53:00,ERAS,2.5,2.5,2.509999990463257,2.5,2.509999990463257,3517.0
2024-03-01 11:53:00,ESPR,2.509999990463257,2.509999990463257,2.509999990463257,2.509999990463257,2.509999990463257,3553.0
2024-03-01 11:53:00,ESTA,45.790000915527344,45.790000915527344,45.790000915527344,45.68000030517578,45.68000030517578,354.0
2024-03-01 11:53:00,ETNB,12.920000076293945,12.920000076293945,12.920000076293945,12.90999984741211,12.920000076293945,3448.0
2024-03-01 11:53:00,EVAX,3.5999999046325684,3.5999999046325684,3.5999999046325684,3.5999999046325684,3.5999999046325684,200.0
2024-03-01 11:53:00,EVGN,0.9599999785423279,0.9599999785423279,0.9599999785423279,0.9599999785423279,0.9599999785423279,3357.0
2024-03-01 11:53:00,EWTX,16.924999237060547,16.924999237060547,16.924999237060547,16.920000076293945,16.920000076293945,387.0
2024-03-01 11:53:00,EXAS,59.5099983215332,59.5099983215332,59.63999938964844,59.5099983215332,59.63999938964844,5640.0
2024-03-01 11:53:00,EXEL,22.4950008392334,22.4950008392334,22.4950008392334,22.479999542236328,22.479999542236328,3298.0
2024-03-01 11:53:00,EYPT,28.030000686645508,28.030000686645508,28.1299991607666,28.030000686645508,28.1299991607666,835.0
2024-03-01 11:53:00,FATE,7.385000228881836,7.385000228881836,7.400000095367432,7.385000228881836,7.400000095367432,3370.0
2024-03-01 11:53:00,FDMT,29.094999313354492,29.094999313354492,29.094999313354492,29.094999313354492,29.094999313354492,160.0
2024-03-01 11:53:00,FEMY,1.7300000190734863,1.7300000190734863,1.7300000190734863,1.725000023841858,1.725000023841858,4713.0
2024-03-01 11:53:00,FGEN,1.8200000524520874,1.8200000524520874,1.8200000524520874,1.815000057220459,1.815000057220459,1035.0
2024-03-01 11:53:00,FHTX,8.010000228881836,8.010000228881836,8.010000228881836,8.010000228881836,8.010000228881836,324.0
2024-03-01 11:53:00,FLGT,23.229999542236328,23.229999542236328,23.260000228881836,23.229999542236328,23.260000228881836,657.0
2024-03-01 11:53:00,FOLD,13.279999732971191,13.279999732971191,13.28499984741211,13.279999732971191,13.28499984741211,591.0
2024-03-01 11:53:00,FULC,10.869999885559082,10.869999885559082,10.869999885559082,10.869999885559082,10.869999885559082,195.0
2024-03-01 11:53:00,FUSN,12.40999984741211,12.40999984741211,12.414999961853027,12.380000114440918,12.390000343322754,4654.0
2024-03-01 11:53:00,GBIO,2.619999885559082,2.619999885559082,2.619999885559082,2.619999885559082,2.619999885559082,100.0
2024-03-01 11:53:00,GDRX,8.28499984741211,8.28499984741211,8.289899826049805,8.279999732971191,8.289899826049805,1608.0
2024-03-01 11:53:00,GERN,2.1700000762939453,2.1700000762939453,2.1700000762939453,2.1614999771118164,2.1614999771118164,3864.0
2024-03-01 11:53:00,GH,19.25,19.25,19.25,19.25,19.25,771.0
2024-03-01 11:53:00,GILD,72.20999908447266,72.20999908447266,72.23500061035156,72.19999694824219,72.23500061035156,12571.0
2024-03-01 11:53:00,GNPX,4.480000019073486,4.480000019073486,4.480000019073486,4.480000019073486,4.480000019073486,191.0
2024-03-01 11:53:00,GOSS,1.3600000143051147,1.3600000143051147,1.3600000143051147,1.3600000143051147,1.3600000143051147,7558.0
2024-03-01 11:53:00,GRFS,7.085000038146973,7.085000038146973,7.09499979019165,7.059999942779541,7.09499979019165,16112.0
2024-03-01 11:53:00,GRPH,3.4749999046325684,3.4749999046325684,3.4749999046325684,3.4749999046325684,3.4749999046325684,200.0
2024-03-01 11:53:00,GRTS,2.20989990234375,2.20989990234375,2.2100000381469727,2.200000047683716,2.200000047683716,1874.0
2024-03-01 11:53:00,GTHX,3.615000009536743,3.615000009536743,3.625,3.609999895095825,3.625,2476.0
2024-03-01 11:53:00,HALO,41.209999084472656,41.209999084472656,41.209999084472656,41.185001373291016,41.18659973144531,2347.0
2024-03-01 11:53:00,HARP,22.940000534057617,22.940000534057617,22.940000534057617,22.9325008392334,22.9325008392334,1460.0
2024-03-01 11:53:00,HCAT,7.880000114440918,7.880000114440918,7.885000228881836,7.880000114440918,7.880000114440918,1857.0
2024-03-01 11:53:00,HCSG,12.619999885559082,12.619999885559082,12.619999885559082,12.619999885559082,12.619999885559082,359.0
2024-03-01 11:53:00,HCTI,2.5250000953674316,2.5250000953674316,2.5250000953674316,2.5,2.5199999809265137,1425.0
2024-03-01 11:53:00,HLTH,0.27469998598098755,0.27469998598098755,0.27469998598098755,0.27469998598098755,0.27469998598098755,234.0
2024-03-01 11:53:00,HOLX,73.75,73.75,73.75,73.72000122070312,73.72000122070312,2476.0
2024-03-01 11:53:00,HOOK,0.7835999727249146,0.7835999727249146,0.7915999889373779,0.7835999727249146,0.7915999889373779,246.0
2024-03-01 11:53:00,HOWL,6.949999809265137,6.949999809265137,6.949999809265137,6.949999809265137,6.949999809265137,152.0
2024-03-01 11:53:00,HRTX,2.5950000286102295,2.5950000286102295,2.6096999645233154,2.5950000286102295,2.600100040435791,13405.0
2024-03-01 11:53:00,HSIC,76.91000366210938,76.91000366210938,76.91999816894531,76.9000015258789,76.91999816894531,861.0
2024-03-01 11:53:00,HSTM,27.375,27.375,27.375,27.375,27.375,182.0
2024-03-01 11:53:00,HUMA,3.398099899291992,3.398099899291992,3.424999952316284,3.380199909210205,3.424999952316284,22643.0
2024-03-01 11:53:00,IART,36.470001220703125,36.470001220703125,36.4900016784668,36.439998626708984,36.439998626708984,3544.0
2024-03-01 11:53:00,IBRX,4.873700141906738,4.873700141906738,4.875,4.873700141906738,4.875,722.0
2024-03-01 11:53:00,ICCM,1.315000057220459,1.315000057220459,1.315000057220459,1.315000057220459,1.315000057220459,101.0
2024-03-01 11:53:00,ICLR,322.7749938964844,322.7749938964844,322.7749938964844,322.7749938964844,322.7749938964844,483.0
2024-03-01 11:53:00,ICUI,106.01000213623047,106.01000213623047,106.01000213623047,106.01000213623047,106.01000213623047,838.0
2024-03-01 11:53:00,IDXX,581.2100219726562,581.2100219726562,581.2100219726562,581.2100219726562,581.2100219726562,342.0
2024-03-01 11:53:00,IGMS,13.385000228881836,13.385000228881836,13.385000228881836,13.385000228881836,13.385000228881836,207.0
2024-03-01 11:53:00,ILMN,141.8350067138672,141.8350067138672,142.01499938964844,141.8350067138672,141.9250030517578,1053.0
2024-03-01 11:53:00,IMAB,1.850100040435791,1.850100040435791,1.850100040435791,1.850100040435791,1.850100040435791,136.0
2024-03-01 11:53:00,IMCR,68.08999633789062,68.08999633789062,68.08999633789062,68.08999633789062,68.08999633789062,136.0
2024-03-01 11:53:00,IMMX,3.5399999618530273,3.5399999618530273,3.5399999618530273,3.5399999618530273,3.5399999618530273,100.0
2024-03-01 11:53:00,IMNM,25.489999771118164,25.489999771118164,25.489999771118164,25.489999771118164,25.489999771118164,226.0
2024-03-01 11:53:00,IMTX,12.96500015258789,12.96500015258789,12.96500015258789,12.96500015258789,12.96500015258789,371.0
2024-03-01 11:53:00,IMUX,1.4799000024795532,1.4799000024795532,1.4800000190734863,1.4799000024795532,1.4799000024795532,4956.0
2024-03-01 11:53:00,INBX,36.720001220703125,36.720001220703125,36.720001220703125,36.720001220703125,36.720001220703125,693.0
2024-03-01 11:53:00,INCY,58.91999816894531,58.91999816894531,58.939998626708984,58.91999816894531,58.939998626708984,1022.0
2024-03-01 11:53:00,INMD,22.800100326538086,22.800100326538086,22.80500030517578,22.800100326538086,22.80500030517578,1815.0
2024-03-01 11:53:00,INO,9.1850004196167,9.1850004196167,9.1850004196167,9.1850004196167,9.1850004196167,310.0
2024-03-01 11:53:00,INSM,28.139999389648438,28.139999389648438,28.139999389648438,28.1299991607666,28.139999389648438,691.0
2024-03-01 11:53:00,INVA,15.6850004196167,15.6850004196167,15.6850004196167,15.6850004196167,15.6850004196167,101.0
2024-03-01 11:53:00,INZY,6.510000228881836,6.510000228881836,6.510000228881836,6.510000228881836,6.510000228881836,251.0
2024-03-01 11:53:00,IONS,45.869998931884766,45.869998931884766,45.896400451660156,45.869998931884766,45.89500045776367,2108.0
2024-03-01 11:53:00,IOVA,16.635000228881836,16.635000228881836,16.684999465942383,16.6299991607666,16.68000030517578,17079.0
2024-03-01 11:53:00,IRMD,41.959999084472656,41.959999084472656,41.959999084472656,41.959999084472656,41.959999084472656,267.0
2024-03-01 11:53:00,IRWD,8.994999885559082,8.994999885559082,8.994999885559082,8.994999885559082,8.994999885559082,1187.0
2024-03-01 11:53:00,ISRG,394.1075134277344,394.1075134277344,394.1075134277344,393.8890075683594,393.8890075683594,2544.0
2024-03-01 11:53:00,ITCI,71.36000061035156,71.36000061035156,71.36000061035156,71.36000061035156,71.36000061035156,5514.0
2024-03-01 11:53:00,ITOS,10.739999771118164,10.739999771118164,10.739999771118164,10.739999771118164,10.739999771118164,430.0
2024-03-01 11:53:00,ITRM,1.2400000095367432,1.2400000095367432,1.2400000095367432,1.2400000095367432,1.2400000095367432,100.0
2024-03-01 11:53:00,IXHL,5.480000019073486,5.480000019073486,5.480000019073486,5.409999847412109,5.409999847412109,592.0
2024-03-01 11:53:00,JAGX,0.07124999910593033,0.07124999910593033,0.07169999927282333,0.07020000368356705,0.0714000016450882,1358094.0
2024-03-01 11:53:00,JANX,46.533199310302734,46.533199310302734,46.849998474121094,46.40999984741211,46.849998474121094,3203.0
2024-03-01 11:53:00,JAZZ,119.69999694824219,119.69999694824219,119.80500030517578,119.6500015258789,119.6500015258789,2351.0
2024-03-01 11:53:00,KALV,13.949999809265137,13.949999809265137,13.949999809265137,13.949999809265137,13.949999809265137,389.0
2024-03-01 11:53:00,KOD,6.090000152587891,6.090000152587891,6.103099822998047,6.090000152587891,6.103099822998047,2203.0
2024-03-01 11:53:00,KPTI,1.215000033378601,1.215000033378601,1.215000033378601,1.2100000381469727,1.2100000381469727,1199.0
2024-03-01 11:53:00,KROS,69.62000274658203,69.62000274658203,69.62000274658203,69.4800033569336,69.4800033569336,255.0
2024-03-01 11:53:00,KTRA,0.09730000048875809,0.09730000048875809,0.09749999642372131,0.09709999710321426,0.09749999642372131,33922.0
2024-03-01 11:53:00,KURA,21.309999465942383,21.309999465942383,21.309999465942383,21.309999465942383,21.309999465942383,107.0
2024-03-01 11:53:00,KYMR,43.79999923706055,43.79999923706055,43.79999923706055,43.790000915527344,43.790000915527344,526.0
2024-03-01 11:53:00,KZR,1.0800000429153442,1.0800000429153442,1.090000033378601,1.0800000429153442,1.090000033378601,300.0
2024-03-01 11:53:00,LAB,2.4600000381469727,2.4600000381469727,2.4600000381469727,2.4600000381469727,2.4600000381469727,800.0
2024-03-01 11:53:00,LEXX,2.7100000381469727,2.7100000381469727,2.7100000381469727,2.680000066757202,2.700000047683716,3452.0
2024-03-01 11:53:00,LFMD,8.005000114440918,8.005000114440918,8.005000114440918,8.005000114440918,8.005000114440918,326.0
2024-03-01 11:53:00,LFST,7.985000133514404,7.985000133514404,7.985000133514404,7.985000133514404,7.985000133514404,842.0
2024-03-01 11:53:00,LGND,78.06500244140625,78.06500244140625,78.06500244140625,78.06500244140625,78.06500244140625,303.0
2024-03-01 11:53:00,LIAN,4.860000133514404,4.860000133514404,4.860000133514404,4.860000133514404,4.860000133514404,126.0
2024-03-01 11:53:00,LIVN,55.244998931884766,55.244998931884766,55.244998931884766,55.244998931884766,55.244998931884766,349.0
2024-03-01 11:53:00,LMAT,67.37999725341797,67.37999725341797,67.37999725341797,67.37999725341797,67.37999725341797,216.0
2024-03-01 11:53:00,LNTH,65.44999694824219,65.44999694824219,65.48999786376953,65.44499969482422,65.44499969482422,600.0
2024-03-01 11:53:00,LPTX,2.8803000450134277,2.8803000450134277,2.8803000450134277,2.8803000450134277,2.8803000450134277,411.0
2024-03-01 11:53:00,LRMR,11.600000381469727,11.600000381469727,11.619999885559082,11.59000015258789,11.609999656677246,683.0
2024-03-01 11:53:00,LTRN,4.610000133514404,4.610000133514404,4.610000133514404,4.610000133514404,4.610000133514404,223.0
2024-03-01 11:53:00,LUCD,1.2300000190734863,1.2300000190734863,1.2300000190734863,1.2300000190734863,1.2300000190734863,100.0
2024-03-01 11:53:00,LVTX,3.171999931335449,3.171999931335449,3.2695000171661377,3.171999931335449,3.2200000286102295,2142.0
2024-03-01 11:53:00,LXRX,2.4200000762939453,2.4200000762939453,2.4200000762939453,2.4200000762939453,2.4200000762939453,450.0
2024-03-01 11:53:00,LYEL,3.1549999713897705,3.1549999713897705,3.1549999713897705,3.1549999713897705,3.1549999713897705,3182.0
2024-03-01 11:53:00,MASI,126.98500061035156,126.98500061035156,126.98500061035156,126.98500061035156,126.98500061035156,809.0
2024-03-01 11:53:00,MASS,7.28000020980835,7.28000020980835,7.300000190734863,7.269999980926514,7.300000190734863,508.0
2024-03-01 11:53:00,MCRB,1.1950000524520874,1.1950000524520874,1.1950000524520874,1.19159996509552,1.19159996509552,3800.0
2024-03-01 11:53:00,MDGL,243.27000427246094,243.27000427246094,243.27000427246094,243.27000427246094,243.27000427246094,206.0
2024-03-01 11:53:00,MDRX,6.099999904632568,6.099999904632568,6.099999904632568,6.079999923706055,6.099999904632568,21276.0
2024-03-01 11:53:00,MDWD,14.350000381469727,14.350000381469727,14.350000381469727,14.350000381469727,14.350000381469727,394.0
2024-03-01 11:53:00,MDXG,8.585000038146973,8.585000038146973,8.59749984741211,8.585000038146973,8.59749984741211,1407.0
2024-03-01 11:53:00,ME,0.5703999996185303,0.5703999996185303,0.5705000162124634,0.567300021648407,0.5702999830245972,74250.0
2024-03-01 11:53:00,MEDP,399.92999267578125,399.92999267578125,399.92999267578125,399.92999267578125,399.92999267578125,263.0
2024-03-01 11:53:00,MESO,2.04010009765625,2.04010009765625,2.04010009765625,2.04010009765625,2.04010009765625,100.0
2024-03-01 11:53:00,MGNX,18.909900665283203,18.909900665283203,18.909900665283203,18.88450050354004,18.88450050354004,355.0
2024-03-01 11:53:00,MIRM,30.024999618530273,30.024999618530273,30.024999618530273,30.0,30.020000457763672,884.0
2024-03-01 11:53:00,MMSI,76.66000366210938,76.66000366210938,76.66000366210938,76.66000366210938,76.66000366210938,257.0
2024-03-01 11:53:00,MNKD,4.605000019073486,4.605000019073486,4.610000133514404,4.603300094604492,4.603300094604492,1817.0
2024-03-01 11:53:00,MNMD,6.130000114440918,6.130000114440918,6.130000114440918,6.099999904632568,6.099999904632568,6505.0
2024-03-01 11:53:00,MOR,17.6200008392334,17.6200008392334,17.6200008392334,17.6200008392334,17.6200008392334,100.0
2024-03-01 11:53:00,MOTS,0.6550999879837036,0.6550999879837036,0.6650000214576721,0.6503000259399414,0.6650000214576721,1030.0
2024-03-01 11:53:00,MRAI,1.5399999618530273,1.5399999618530273,1.5399999618530273,1.5399999618530273,1.5399999618530273,485.0
2024-03-01 11:53:00,MREO,3.8350000381469727,3.8350000381469727,3.8350000381469727,3.8350000381469727,3.8350000381469727,125.0
2024-03-01 11:53:00,MRNA,96.44499969482422,96.44499969482422,96.48999786376953,96.37999725341797,96.44000244140625,2058.0
2024-03-01 11:53:00,MRSN,5.960000038146973,5.960000038146973,5.965000152587891,5.945000171661377,5.945000171661377,1730.0
2024-03-01 11:53:00,MRUS,51.66999816894531,51.66999816894531,51.829898834228516,51.66999816894531,51.779998779296875,2572.0
2024-03-01 11:53:00,MRVI,7.804999828338623,7.804999828338623,7.809999942779541,7.804999828338623,7.809999942779541,1564.0
2024-03-01 11:53:00,MXCT,4.71999979019165,4.71999979019165,4.71999979019165,4.71999979019165,4.71999979019165,188.0
2024-03-01 11:53:00,MYGN,21.485000610351562,21.485000610351562,21.5,21.47010040283203,21.491500854492188,5413.0
2024-03-01 11:53:00,NARI,46.189998626708984,46.189998626708984,46.2400016784668,46.13999938964844,46.17499923706055,8122.0
2024-03-01 11:53:00,NBIX,131.6199951171875,131.6199951171875,131.63999938964844,131.41610717773438,131.4591064453125,3023.0
2024-03-01 11:53:00,NBSE,0.8949999809265137,0.8949999809265137,0.8949999809265137,0.8949999809265137,0.8949999809265137,180.0
2024-03-01 11:53:00,NEO,16.0049991607666,16.0049991607666,16.0049991607666,16.0049991607666,16.0049991607666,381.0
2024-03-01 11:53:00,NEOG,17.270000457763672,17.270000457763672,17.270000457763672,17.260000228881836,17.264999389648438,1892.0
2024-03-01 11:53:00,NERV,2.5,2.5,2.5,2.5,2.5,120.0
2024-03-01 11:53:00,NKTR,0.7689999938011169,0.7689999938011169,0.7699999809265137,0.7689999938011169,0.769349992275238,26698.0
2024-03-01 11:53:00,NNOX,11.125,11.125,11.125499725341797,11.125,11.125499725341797,2045.0
2024-03-01 11:53:00,NOTV,8.090100288391113,8.090100288391113,8.132399559020996,8.090100288391113,8.111900329589844,2481.0
2024-03-01 11:53:00,NRBO,5.829999923706055,5.829999923706055,5.829999923706055,5.829999923706055,5.829999923706055,100.0
2024-03-01 11:53:00,NRIX,13.210000038146973,13.210000038146973,13.220000267028809,13.199999809265137,13.220000267028809,576.0
2024-03-01 11:53:00,NRXP,0.4198000133037567,0.4198000133037567,0.4198000133037567,0.4000000059604645,0.4099999964237213,54656.0
2024-03-01 11:53:00,NTLA,33.264400482177734,33.264400482177734,33.34880065917969,33.264400482177734,33.30009841918945,1852.0
2024-03-01 11:53:00,NVAX,5.10890007019043,5.10890007019043,5.125,5.099999904632568,5.119999885559082,18598.0
2024-03-01 11:53:00,NVCR,15.8100004196167,15.8100004196167,15.8100004196167,15.8100004196167,15.8100004196167,312.0
2024-03-01 11:53:00,NVOS,0.6263999938964844,0.6263999938964844,0.6263999938964844,0.6263999938964844,0.6263999938964844,605.0
2024-03-01 11:53:00,NXTC,1.7949999570846558,1.7949999570846558,1.7949999570846558,1.7949999570846558,1.7949999570846558,200.0
2024-03-01 11:53:00,OCUL,10.649999618530273,10.649999618530273,10.654999732971191,10.625,10.649999618530273,5930.0
2024-03-01 11:53:00,OCUP,2.484999895095825,2.484999895095825,2.484999895095825,2.484999895095825,2.484999895095825,100.0
2024-03-01 11:53:00,OGI,2.1449999809265137,2.1449999809265137,2.1449999809265137,2.140000104904175,2.140000104904175,426.0
2024-03-01 11:53:00,OLMA,13.499300003051758,13.499300003051758,13.499300003051758,13.499300003051758,13.499300003051758,1852.0
2024-03-01 11:53:00,OMCL,26.450000762939453,26.450000762939453,26.450000762939453,26.450000762939453,26.450000762939453,429.0
2024-03-01 11:53:00,OMER,4.704999923706055,4.704999923706055,4.704999923706055,4.704999923706055,4.704999923706055,610.0
2024-03-01 11:53:00,OMGA,4.2195000648498535,4.2195000648498535,4.2195000648498535,4.2195000648498535,4.2195000648498535,1000.0
2024-03-01 11:54:00,ABOS,4.650000095367432,4.650000095367432,4.650000095367432,4.650000095367432,4.650000095367432,588.0
2024-03-01 11:54:00,ABSI,5.239999771118164,5.239999771118164,5.239999771118164,5.210000038146973,5.210000038146973,12027.0
2024-03-01 11:54:00,ABVC,1.184999942779541,1.184999942779541,1.184999942779541,1.184999942779541,1.184999942779541,175.0
2024-03-01 11:54:00,ACAD,23.81999969482422,23.81999969482422,23.81999969482422,23.799999237060547,23.799999237060547,2959.0
2024-03-01 11:54:00,ACB,3.134999990463257,3.134999990463257,3.1449999809265137,3.134999990463257,3.1449999809265137,6642.0
2024-03-01 11:54:00,ACCD,10.262999534606934,10.262999534606934,10.274999618530273,10.25,10.260000228881836,5926.0
2024-03-01 11:54:00,ACET,2.3949999809265137,2.3949999809265137,2.3949999809265137,2.3949999809265137,2.3949999809265137,300.0
2024-03-01 11:54:00,ACHC,83.9800033569336,83.9800033569336,84.0,83.9800033569336,83.9800033569336,1035.0
2024-03-01 11:54:00,ACHV,4.269999980926514,4.269999980926514,4.269999980926514,4.269999980926514,4.269999980926514,100.0
2024-03-01 11:54:00,ACLX,67.44999694824219,67.44999694824219,67.44999694824219,67.44999694824219,67.44999694824219,351.0
2024-03-01 11:54:00,ACON,0.38999998569488525,0.38999998569488525,0.38999998569488525,0.3799999952316284,0.3799999952316284,1274.0
2024-03-01 11:54:00,ADAP,1.6377999782562256,1.6377999782562256,1.6377999782562256,1.6131999492645264,1.6131999492645264,2000.0
2024-03-01 11:54:00,ADIL,3.1767001152038574,3.1767001152038574,3.200000047683716,3.1500000953674316,3.190000057220459,69896.0
2024-03-01 11:54:00,ADMA,5.389999866485596,5.389999866485596,5.389999866485596,5.385000228881836,5.385000228881836,2640.0
2024-03-01 11:54:00,ADPT,4.175000190734863,4.175000190734863,4.179999828338623,4.175000190734863,4.179999828338623,4026.0
2024-03-01 11:54:00,ADVM,1.965000033378601,1.965000033378601,1.965000033378601,1.965000033378601,1.965000033378601,434.0
2024-03-01 11:54:00,AGEN,0.6715999841690063,0.6715999841690063,0.6715999841690063,0.6715499758720398,0.6715499758720398,1700.0
2024-03-01 11:54:00,AGIO,32.85749816894531,32.85749816894531,32.86000061035156,32.79999923706055,32.79999923706055,2414.0
2024-03-01 11:54:00,AGRX,0.8500000238418579,0.8500000238418579,0.8500000238418579,0.8500000238418579,0.8500000238418579,100.0
2024-03-01 11:54:00,AHCO,10.75,10.75,10.75,10.729999542236328,10.729999542236328,2071.0
2024-03-01 11:54:00,AIMD,0.949999988079071,0.949999988079071,0.949999988079071,0.949999988079071,0.949999988079071,300.0
2024-03-01 11:54:00,AIRS,6.425000190734863,6.425000190734863,6.449999809265137,6.420000076293945,6.449999809265137,1036.0
2024-03-01 11:54:00,AKAN,0.24210000038146973,0.24210000038146973,0.24549999833106995,0.24150000512599945,0.24199999868869781,9210.0
2024-03-01 11:54:00,AKBA,1.659999966621399,1.659999966621399,1.6675000190734863,1.659999966621399,1.659999966621399,3526.0
2024-03-01 11:54:00,AKLI,0.3321000039577484,0.3321000039577484,0.33258000016212463,0.3321000039577484,0.33258000016212463,5222.0
2024-03-01 11:54:00,AKRO,29.235000610351562,29.235000610351562,29.235000610351562,29.235000610351562,29.235000610351562,161.0
2024-03-01 11:54:00,ALDX,4.130000114440918,4.130000114440918,4.131100177764893,4.130000114440918,4.131100177764893,3748.0
2024-03-01 11:54:00,ALEC,7.460000038146973,7.460000038146973,7.460000038146973,7.440000057220459,7.449999809265137,2581.0
2024-03-01 11:54:00,ALGN,301.07501220703125,301.07501220703125,301.07501220703125,300.7950134277344,300.7950134277344,2060.0
2024-03-01 11:54:00,ALGS,1.090000033378601,1.090000033378601,1.090000033378601,1.059999942779541,1.0700000524520874,10596.0
2024-03-01 11:54:00,ALHC,5.71999979019165,5.71999979019165,5.71999979019165,5.710000038146973,5.710000038146973,1447.0
2024-03-01 11:54:00,ALKS,30.239999771118164,30.239999771118164,30.239999771118164,30.204999923706055,30.204999923706055,3676.0
2024-03-01 11:54:00,ALLK,1.600000023841858,1.600000023841858,1.600000023841858,1.600000023841858,1.600000023841858,400.0
2024-03-01 11:54:00,ALLO,5.025000095367432,5.025000095367432,5.025000095367432,5.010000228881836,5.014999866485596,4325.0
2024-03-01 11:54:00,ALNY,153.6999969482422,153.6999969482422,153.7100067138672,153.6999969482422,153.7100067138672,308.0
2024-03-01 11:54:00,ALPN,35.97090148925781,35.97090148925781,35.97090148925781,35.939998626708984,35.94499969482422,2952.0
2024-03-01 11:54:00,ALT,12.109999656677246,12.109999656677246,12.130000114440918,12.109999656677246,12.109999656677246,2905.0
2024-03-01 11:54:00,ALVO,15.630000114440918,15.630000114440918,15.640000343322754,15.630000114440918,15.640000343322754,460.0
2024-03-01 11:54:00,ALVR,0.7506999969482422,0.7506999969482422,0.7512999773025513,0.7506999969482422,0.7512999773025513,1931.0
2024-03-01 11:54:00,AMED,93.06999969482422,93.06999969482422,93.1675033569336,93.06999969482422,93.16000366210938,1925.0
2024-03-01 11:54:00,AMGN,281.29998779296875,281.29998779296875,281.30999755859375,281.23699951171875,281.23699951171875,4467.0
2024-03-01 11:54:00,AMLX,18.71500015258789,18.71500015258789,18.719999313354492,18.709999084472656,18.709999084472656,1096.0
2024-03-01 11:54:00,AMPH,45.56999969482422,45.56999969482422,45.56999969482422,45.439998626708984,45.439998626708984,1850.0
2024-03-01 11:54:00,AMRN,1.0499999523162842,1.0499999523162842,1.0549999475479126,1.0499999523162842,1.0549999475479126,589.0
2024-03-01 11:54:00,ANAB,25.43000030517578,25.43000030517578,25.43000030517578,25.43000030517578,25.43000030517578,433.0
2024-03-01 11:54:00,ANGO,5.514999866485596,5.514999866485596,5.514999866485596,5.505000114440918,5.510000228881836,1065.0
2024-03-01 11:54:00,ANIP,67.02999877929688,67.02999877929688,67.02999877929688,67.02999877929688,67.02999877929688,122.0
2024-03-01 11:54:00,ANNX,5.880000114440918,5.880000114440918,5.889999866485596,5.869999885559082,5.869999885559082,1802.0
2024-03-01 11:54:00,ANTX,2.994999885559082,2.994999885559082,2.994999885559082,2.994999885559082,2.994999885559082,701.0
2024-03-01 11:54:00,APLS,64.98999786376953,64.98999786376953,65.125,64.94000244140625,64.94010162353516,22825.0
2024-03-01 11:54:00,APLT,7.099999904632568,7.099999904632568,7.130000114440918,7.099999904632568,7.099999904632568,1409.0
2024-03-01 11:54:00,AQST,4.314199924468994,4.314199924468994,4.314199924468994,4.299499988555908,4.299499988555908,3675.0
2024-03-01 11:54:00,ARAY,2.634999990463257,2.634999990463257,2.640000104904175,2.634999990463257,2.640000104904175,1385.0
2024-03-01 11:54:00,ARCT,39.47999954223633,39.47999954223633,39.47999954223633,39.33000183105469,39.33000183105469,1841.0
2024-03-01 11:54:00,ARDX,9.614999771118164,9.614999771118164,9.614999771118164,9.599900245666504,9.599900245666504,2411.0
2024-03-01 11:54:00,ARQT,11.494999885559082,11.494999885559082,11.494999885559082,11.481499671936035,11.481499671936035,2809.0
2024-03-01 11:54:00,ARVN,48.41999816894531,48.41999816894531,48.41999816894531,48.32500076293945,48.32500076293945,3422.0
2024-03-01 11:54:00,ARWR,35.667999267578125,35.667999267578125,35.66999816894531,35.599998474121094,35.619998931884766,2320.0
2024-03-01 11:54:00,ASLN,0.8199999928474426,0.8199999928474426,0.8199999928474426,0.8199999928474426,0.8199999928474426,183.0
2024-03-01 11:54:00,ASRT,0.9085000157356262,0.9085000157356262,0.9104999899864197,0.9082499742507935,0.9082499742507935,964.0
2024-03-01 11:54:00,ATAI,2.0592000484466553,2.0592000484466553,2.0592000484466553,2.0299999713897705,2.0350000858306885,41830.0
2024-03-01 11:54:00,ATEC,13.619999885559082,13.619999885559082,13.619999885559082,13.600000381469727,13.600000381469727,2136.0
2024-03-01 11:54:00,ATRC,35.95000076293945,35.95000076293945,35.970001220703125,35.93000030517578,35.93000030517578,919.0
2024-03-01 11:54:00,ATXI,0.15399999916553497,0.15399999916553497,0.15399999916553497,0.15029999613761902,0.1534000039100647,8386.0
2024-03-01 11:54:00,ATXS,14.904999732971191,14.904999732971191,14.904999732971191,14.904999732971191,14.904999732971191,407.0
2024-03-01 11:54:00,AUPH,5.795000076293945,5.795000076293945,5.795000076293945,5.789999961853027,5.789999961853027,1020.0
2024-03-01 11:54:00,AUTL,6.244999885559082,6.244999885559082,6.244999885559082,6.244999885559082,6.244999885559082,1101.0
2024-03-01 11:54:00,AVDL,12.640000343322754,12.640000343322754,12.649999618530273,12.614999771118164,12.614999771118164,3399.0
2024-03-01 11:54:00,AVIR,4.480000019073486,4.480000019073486,4.5,4.480000019073486,4.494999885559082,18818.0
2024-03-01 11:54:00,AVXL,5.335000038146973,5.335000038146973,5.340000152587891,5.335000038146973,5.340000152587891,517.0
2024-03-01 11:54:00,AXGN,10.505000114440918,10.505000114440918,10.505000114440918,10.505000114440918,10.505000114440918,106.0
2024-03-01 11:54:00,AXNX,67.27999877929688,67.27999877929688,67.30999755859375,67.27999877929688,67.30500030517578,4007.0
2024-03-01 11:54:00,AXSM,82.44499969482422,82.44499969482422,82.45999908447266,82.37999725341797,82.37999725341797,2234.0
2024-03-01 11:54:00,AZN,64.59500122070312,64.59500122070312,64.5999984741211,64.58000183105469,64.58999633789062,5473.0
2024-03-01 11:54:00,AZTA,66.2699966430664,66.2699966430664,66.30000305175781,66.2300033569336,66.2300033569336,2787.0
2024-03-01 11:54:00,BBIO,35.90999984741211,35.90999984741211,35.939998626708984,35.90999984741211,35.90999984741211,26492.0
2024-03-01 11:54:00,BCRX,5.764999866485596,5.764999866485596,5.764999866485596,5.760000228881836,5.760000228881836,1610.0
2024-03-01 11:54:00,BDSX,1.6399999856948853,1.6399999856948853,1.6399999856948853,1.6399999856948853,1.6399999856948853,100.0
2024-03-01 11:54:00,BDTX,5.010000228881836,5.010000228881836,5.012199878692627,5.010000228881836,5.012199878692627,1259.0
2024-03-01 11:54:00,BEAM,40.029998779296875,40.029998779296875,40.04999923706055,40.0099983215332,40.03499984741211,13904.0
2024-03-01 11:54:00,BFRI,0.8600999712944031,0.8600999712944031,0.8600999712944031,0.8600999712944031,0.8600999712944031,193.0
2024-03-01 11:54:00,BGNE,166.66000366210938,166.66000366210938,166.75010681152344,166.66000366210938,166.75010681152344,2196.0
2024-03-01 11:54:00,BGXX,0.2689000070095062,0.2689000070095062,0.2689000070095062,0.2689000070095062,0.2689000070095062,100.0
2024-03-01 11:54:00,BIIB,219.375,219.375,219.375,219.375,219.375,1292.0
2024-03-01 11:54:00,BIOL,0.13750000298023224,0.13750000298023224,0.13750000298023224,0.13750000298023224,0.13750000298023224,100.0
2024-03-01 11:54:00,BIVI,2.069999933242798,2.069999933242798,2.109999895095825,2.069999933242798,2.075000047683716,87914.0
2024-03-01 11:54:00,BLFS,18.239999771118164,18.239999771118164,18.2549991607666,18.229999542236328,18.2549991607666,452.0
2024-03-01 11:54:00,BLRX,1.3601000308990479,1.3601000308990479,1.3801000118255615,1.3601000308990479,1.3799999952316284,7476.0
2024-03-01 11:54:00,BLUE,1.5608999729156494,1.5608999729156494,1.5700000524520874,1.559999942779541,1.5700000524520874,15776.0
2024-03-01 11:54:00,BMEA,17.920000076293945,17.920000076293945,17.920000076293945,17.920000076293945,17.920000076293945,890.0
2024-03-01 11:54:00,BNGO,1.25,1.25,1.25,1.25,1.25,146.0
2024-03-01 11:54:00,BNTX,91.84500122070312,91.84500122070312,91.84500122070312,91.84500122070312,91.84500122070312,335.0
2024-03-01 11:54:00,BPMC,97.22000122070312,97.22000122070312,97.2300033569336,97.18000030517578,97.18000030517578,597.0
2024-03-01 11:54:00,BRKR,87.91500091552734,87.91500091552734,87.93000030517578,87.87000274658203,87.87249755859375,1145.0
2024-03-01 11:54:00,BRTX,1.5299999713897705,1.5299999713897705,1.5299999713897705,1.5299999713897705,1.5299999713897705,100.0
2024-03-01 11:54:00,BSGM,0.623100996017456,0.623100996017456,0.6295490264892578,0.623100996017456,0.6295490264892578,540.0
2024-03-01 11:54:00,BTTX,0.16930000483989716,0.16930000483989716,0.16930000483989716,0.16930000483989716,0.16930000483989716,6000.0
2024-03-01 11:54:00,BWAY,6.579999923706055,6.579999923706055,6.579999923706055,6.53000020980835,6.550000190734863,3063.0
2024-03-01 11:54:00,CABA,23.97249984741211,23.97249984741211,23.979999542236328,23.97249984741211,23.979999542236328,575.0
2024-03-01 11:54:00,CARA,0.9136000275611877,0.9136000275611877,0.9136000275611877,0.9136000275611877,0.9136000275611877,100.0
2024-03-01 11:54:00,CBAY,32.244998931884766,32.244998931884766,32.25,32.244998931884766,32.25,915.0
2024-03-01 11:54:00,CCCC,10.833000183105469,10.833000183105469,10.84000015258789,10.824999809265137,10.84000015258789,3026.0
2024-03-01 11:54:00,CCRN,18.18000030517578,18.18000030517578,18.18000030517578,18.170000076293945,18.170000076293945,3342.0
2024-03-01 11:54:00,CDMO,8.130000114440918,8.130000114440918,8.159500122070312,8.130000114440918,8.149999618530273,2851.0
2024-03-01 11:54:00,CDNA,12.460000038146973,12.460000038146973,12.460000038146973,12.369999885559082,12.369999885559082,3033.0
2024-03-01 11:54:00,CDTX,0.7258999943733215,0.7258999943733215,0.7258999943733215,0.7258999943733215,0.7258999943733215,2053.0
2024-03-01 11:54:00,CDXS,4.525000095367432,4.525000095367432,4.5289998054504395,4.46999979019165,4.46999979019165,6857.0
2024-03-01 11:54:00,CELC,15.989999771118164,15.989999771118164,15.989999771118164,15.989999771118164,15.989999771118164,115.0
2024-03-01 11:54:00,CERE,41.099998474121094,41.099998474121094,41.10499954223633,41.099998474121094,41.10499954223633,244.0
2024-03-01 11:54:00,CERS,2.200000047683716,2.200000047683716,2.200000047683716,2.200000047683716,2.200000047683716,450.0
2024-03-01 11:54:00,CERT,17.690000534057617,17.690000534057617,17.690000534057617,17.690000534057617,17.690000534057617,249.0
2024-03-01 11:54:00,CGC,3.265000104904175,3.265000104904175,3.265000104904175,3.265000104904175,3.265000104904175,1272.0
2024-03-01 11:54:00,CGTX,2.0497000217437744,2.0497000217437744,2.0497000217437744,2.0497000217437744,2.0497000217437744,501.0
2024-03-01 11:54:00,CHRS,2.3550000190734863,2.3550000190734863,2.359999895095825,2.3499999046325684,2.359999895095825,1875.0
2024-03-01 11:54:00,CING,1.3550000190734863,1.3550000190734863,1.3550000190734863,1.3550000190734863,1.3550000190734863,220.0
2024-03-01 11:54:00,CLDX,52.5,52.5,52.68000030517578,52.5,52.650001525878906,10858.0
2024-03-01 11:54:00,CLNN,0.38999998569488525,0.38999998569488525,0.38999998569488525,0.38999998569488525,0.38999998569488525,125.0
2024-03-01 11:54:00,CLOV,0.8622999787330627,0.8622999787330627,0.8634999990463257,0.8622999787330627,0.8634999990463257,7758.0
2024-03-01 11:54:00,CLPT,6.769999980926514,6.769999980926514,6.769999980926514,6.760000228881836,6.760000228881836,2803.0
2024-03-01 11:54:00,CLRB,4.110099792480469,4.110099792480469,4.110099792480469,4.110099792480469,4.110099792480469,200.0
2024-03-01 11:54:00,CMPS,11.366299629211426,11.366299629211426,11.369999885559082,11.350000381469727,11.369999885559082,1500.0
2024-03-01 11:54:00,COGT,7.230000019073486,7.230000019073486,7.237599849700928,7.230000019073486,7.237599849700928,624.0
2024-03-01 11:54:00,COLL,36.98500061035156,36.98500061035156,37.005001068115234,36.98500061035156,37.005001068115234,603.0
2024-03-01 11:54:00,CORT,23.75,23.75,23.75,23.700000762939453,23.700000762939453,3861.0
2024-03-01 11:54:00,COSM,0.7531999945640564,0.7531999945640564,0.7531999945640564,0.7531999945640564,0.7531999945640564,1306.0
2024-03-01 11:54:00,CPRX,16.988000869750977,16.988000869750977,17.0,16.979999542236328,16.989999771118164,6684.0
2024-03-01 11:54:00,CRBU,8.005000114440918,8.005000114440918,8.005000114440918,7.989999771118164,7.989999771118164,6863.0
2024-03-01 11:54:00,CRDF,2.3499999046325684,2.3499999046325684,2.3696000576019287,2.319999933242798,2.3236000537872314,56111.0
2024-03-01 11:54:00,CRNX,46.0,46.0,46.060001373291016,46.0,46.0,3858.0
2024-03-01 11:54:00,CRON,2.049999952316284,2.049999952316284,2.049999952316284,2.0499000549316406,2.049999952316284,5750.0
2024-03-01 11:54:00,CRSP,85.31999969482422,85.31999969482422,85.4000015258789,85.31999969482422,85.39099884033203,2773.0
2024-03-01 11:54:00,CTKB,8.484999656677246,8.484999656677246,8.484999656677246,8.4350004196167,8.4399995803833,2677.0
2024-03-01 11:54:00,CTMX,2.5899999141693115,2.5899999141693115,2.5899999141693115,2.5799999237060547,2.5799999237060547,628.0
2024-03-01 11:54:00,CTXR,0.7700999975204468,0.7700999975204468,0.7712129950523376,0.7700999975204468,0.7712129950523376,1587.0
2024-03-01 11:54:00,CUE,2.174999952316284,2.174999952316284,2.174999952316284,2.1700000762939453,2.1700000762939453,944.0
2024-03-01 11:54:00,CUTR,2.4102001190185547,2.4102001190185547,2.4138998985290527,2.4100000858306885,2.4100000858306885,1650.0
2024-03-01 11:54:00,CVRX,20.290000915527344,20.290000915527344,20.290000915527344,20.290000915527344,20.290000915527344,133.0
2024-03-01 11:54:00,CYCC,2.649899959564209,2.649899959564209,2.649899959564209,2.639899969100952,2.639899969100952,8005.0
2024-03-01 11:54:00,CYTK,73.95999908447266,73.95999908447266,74.0,73.88999938964844,73.88999938964844,6521.0
2024-03-01 11:54:00,DAWN,17.3799991607666,17.3799991607666,17.399999618530273,17.329999923706055,17.329999923706055,3845.0
2024-03-01 11:54:00,DCGO,4.135000228881836,4.135000228881836,4.135000228881836,4.119999885559082,4.119999885559082,5095.0
2024-03-01 11:54:00,DCPH,17.474300384521484,17.474300384521484,17.474300384521484,17.474300384521484,17.474300384521484,221.0
2024-03-01 11:54:00,DH,9.0,9.0,9.0,9.0,9.0,100.0
2024-03-01 11:54:00,DMTK,0.829800009727478,0.829800009727478,0.829800009727478,0.8296999931335449,0.829800009727478,1278.0
2024-03-01 11:54:00,DNLI,20.75,20.75,20.760000228881836,20.739999771118164,20.75,3139.0
2024-03-01 11:54:00,DTIL,11.850000381469727,11.850000381469727,12.087200164794922,11.819999694824219,12.087200164794922,13166.0
2024-03-01 11:54:00,DVAX,12.850000381469727,12.850000381469727,12.850000381469727,12.850000381469727,12.850000381469727,324.0
2024-03-01 11:54:00,DXCM,119.9800033569336,119.9800033569336,120.0199966430664,119.8499984741211,119.8499984741211,17987.0
2024-03-01 11:54:00,DYN,29.15999984741211,29.15999984741211,29.15999984741211,29.040000915527344,29.100000381469727,1545.0
2024-03-01 11:54:00,EDIT,10.869999885559082,10.869999885559082,10.869999885559082,10.859999656677246,10.859999656677246,1184.0
2024-03-01 11:54:00,EFTR,15.089500427246094,15.089500427246094,15.089500427246094,15.089500427246094,15.089500427246094,1380.0
2024-03-01 11:54:00,EGRX,6.710000038146973,6.710000038146973,6.710000038146973,6.710000038146973,6.710000038146973,180.0
2024-03-01 11:54:00,ELDN,1.8350000381469727,1.8350000381469727,1.8394999504089355,1.8200000524520874,1.8316999673843384,6000.0
2024-03-01 11:54:00,ELEV,4.889800071716309,4.889800071716309,4.900000095367432,4.864999771118164,4.869999885559082,3164.0
2024-03-01 11:54:00,ENSG,123.37000274658203,123.37000274658203,123.37000274658203,123.37000274658203,123.37000274658203,114.0
2024-03-01 11:54:00,ENTA,15.229999542236328,15.229999542236328,15.229999542236328,15.229999542236328,15.229999542236328,157.0
2024-03-01 11:54:00,ENVB,1.6200000047683716,1.6200000047683716,1.6200000047683716,1.6122000217437744,1.6122000217437744,11332.0
2024-03-01 11:54:00,EOLS,14.670000076293945,14.670000076293945,14.680000305175781,14.670000076293945,14.670000076293945,739.0
2024-03-01 11:54:00,EQ,2.3708999156951904,2.3708999156951904,2.3708999156951904,2.3708999156951904,2.3708999156951904,200.0
2024-03-01 11:54:00,ERAS,2.509999990463257,2.509999990463257,2.509999990463257,2.505000114440918,2.505000114440918,250.0
2024-03-01 11:54:00,ESPR,2.5299999713897705,2.5299999713897705,2.5299999713897705,2.509999990463257,2.509999990463257,15519.0
2024-03-01 11:54:00,ESTA,45.90999984741211,45.90999984741211,45.90999984741211,45.70000076293945,45.70000076293945,439.0
2024-03-01 11:54:00,ETNB,12.949999809265137,12.949999809265137,12.949999809265137,12.932499885559082,12.9399995803833,1830.0
2024-03-01 11:54:00,EWTX,16.93000030517578,16.93000030517578,16.93000030517578,16.90999984741211,16.90999984741211,335.0
2024-03-01 11:54:00,EXAI,6.78000020980835,6.78000020980835,6.78000020980835,6.78000020980835,6.78000020980835,212.0
2024-03-01 11:54:00,EXAS,59.584999084472656,59.584999084472656,59.584999084472656,59.54499816894531,59.54999923706055,2483.0
2024-03-01 11:54:00,EXEL,22.499900817871094,22.499900817871094,22.499900817871094,22.4950008392334,22.4950008392334,1326.0
2024-03-01 11:54:00,EYEN,2.2699999809265137,2.2699999809265137,2.2699999809265137,2.2699999809265137,2.2699999809265137,1836.0
2024-03-01 11:54:00,FATE,7.420000076293945,7.420000076293945,7.420000076293945,7.385000228881836,7.385000228881836,4913.0
2024-03-01 11:54:00,FDMT,29.06999969482422,29.06999969482422,29.149999618530273,29.06999969482422,29.1200008392334,1798.0
2024-03-01 11:54:00,FEMY,1.7201000452041626,1.7201000452041626,1.7201000452041626,1.7201000452041626,1.7201000452041626,4100.0
2024-03-01 11:54:00,FOLD,13.279999732971191,13.279999732971191,13.279999732971191,13.274999618530273,13.279999732971191,1875.0
2024-03-01 11:54:00,FULC,10.819999694824219,10.819999694824219,10.875,10.819999694824219,10.869999885559082,1865.0
2024-03-01 11:54:00,FUSN,12.40999984741211,12.40999984741211,12.40999984741211,12.399999618530273,12.399999618530273,433.0
2024-03-01 11:54:00,GANX,4.684999942779541,4.684999942779541,4.684999942779541,4.684999942779541,4.684999942779541,306.0
2024-03-01 11:54:00,GBIO,2.619999885559082,2.619999885559082,2.619999885559082,2.619999885559082,2.619999885559082,200.0
2024-03-01 11:54:00,GDRX,8.300000190734863,8.300000190734863,8.300000190734863,8.279999732971191,8.279999732971191,8956.0
2024-03-01 11:54:00,GERN,2.1649999618530273,2.1649999618530273,2.1700000762939453,2.1649999618530273,2.16759991645813,1395.0
2024-03-01 11:54:00,GH,19.270000457763672,19.270000457763672,19.270000457763672,19.25,19.25,882.0
2024-03-01 11:54:00,GILD,72.20999908447266,72.20999908447266,72.22599792480469,72.18499755859375,72.20079803466797,13385.0
2024-03-01 11:54:00,GLPG,35.209999084472656,35.209999084472656,35.209999084472656,35.209999084472656,35.209999084472656,179.0
2024-03-01 11:54:00,GMAB,29.3700008392334,29.3700008392334,29.3700008392334,29.360000610351562,29.360000610351562,662.0
2024-03-01 11:54:00,GOSS,1.3600000143051147,1.3600000143051147,1.3650000095367432,1.3600000143051147,1.3650000095367432,2146.0
2024-03-01 11:54:00,GRFS,7.085000038146973,7.085000038146973,7.085000038146973,7.054999828338623,7.085000038146973,10509.0
2024-03-01 11:54:00,GRTS,2.1953001022338867,2.1953001022338867,2.20989990234375,2.190000057220459,2.2076001167297363,12998.0
2024-03-01 11:54:00,GTHX,3.634999990463257,3.634999990463257,3.640000104904175,3.615000009536743,3.615000009536743,1592.0
2024-03-01 11:54:00,HALO,41.27000045776367,41.27000045776367,41.27000045776367,41.2400016784668,41.2400016784668,6143.0
2024-03-01 11:54:00,HARP,22.9325008392334,22.9325008392334,22.940000534057617,22.93000030517578,22.934999465942383,1143.0
2024-03-01 11:54:00,HCAT,7.880000114440918,7.880000114440918,7.880000114440918,7.880000114440918,7.880000114440918,415.0
2024-03-01 11:54:00,HCSG,12.645000457763672,12.645000457763672,12.645000457763672,12.640000343322754,12.640000343322754,770.0
2024-03-01 11:54:00,HCTI,2.5,2.5,2.5269999504089355,2.4600000381469727,2.5250000953674316,8642.0
2024-03-01 11:54:00,HITI,1.774999976158142,1.774999976158142,1.774999976158142,1.774999976158142,1.774999976158142,500.0
2024-03-01 11:54:00,HOLX,73.75140380859375,73.75140380859375,73.7699966430664,73.74500274658203,73.74500274658203,1988.0
2024-03-01 11:54:00,HQY,81.41999816894531,81.41999816894531,81.44000244140625,81.4000015258789,81.4000015258789,2764.0
2024-03-01 11:54:00,HRMY,31.329999923706055,31.329999923706055,31.329999923706055,31.290000915527344,31.290000915527344,680.0
2024-03-01 11:54:00,HROW,10.760000228881836,10.760000228881836,10.760000228881836,10.744999885559082,10.760000228881836,1930.0
2024-03-01 11:54:00,HRTX,2.602299928665161,2.602299928665161,2.609999895095825,2.5950000286102295,2.5950000286102295,9879.0
2024-03-01 11:54:00,HSIC,77.01000213623047,77.01000213623047,77.01000213623047,76.94000244140625,76.94000244140625,2021.0
2024-03-01 11:54:00,HUMA,3.4149999618530273,3.4149999618530273,3.4200000762939453,3.3903000354766846,3.4000000953674316,18432.0
2024-03-01 11:54:00,IART,36.5,36.5,36.52000045776367,36.4900016784668,36.4900016784668,5178.0
2024-03-01 11:54:00,IBRX,4.875,4.875,4.875,4.869999885559082,4.869999885559082,713.0
2024-03-01 11:54:00,ICUI,106.19000244140625,106.19000244140625,106.2300033569336,106.18000030517578,106.18000030517578,1277.0
2024-03-01 11:54:00,IDXX,581.8499755859375,581.8499755859375,581.8499755859375,581.5499877929688,581.5499877929688,372.0
2024-03-01 11:54:00,IDYA,46.040000915527344,46.040000915527344,46.040000915527344,46.040000915527344,46.040000915527344,135.0
2024-03-01 11:54:00,IINN,1.6399999856948853,1.6399999856948853,1.6399999856948853,1.6399999856948853,1.6399999856948853,175.0
2024-03-01 11:54:00,ILMN,141.91000366210938,141.91000366210938,142.00999450683594,141.82000732421875,141.82000732421875,1686.0
2024-03-01 11:54:00,IMAB,1.850000023841858,1.850000023841858,1.850000023841858,1.850000023841858,1.850000023841858,154.0
2024-03-01 11:54:00,IMMX,3.5399999618530273,3.5399999618530273,3.5399999618530273,3.5399999618530273,3.5399999618530273,101.0
2024-03-01 11:54:00,IMNM,25.559999465942383,25.559999465942383,25.559999465942383,25.559999465942383,25.559999465942383,307.0
2024-03-01 11:54:00,IMRX,6.090000152587891,6.090000152587891,6.090000152587891,6.090000152587891,6.090000152587891,447.0
2024-03-01 11:54:00,IMTX,12.975000381469727,12.975000381469727,12.975000381469727,12.975000381469727,12.975000381469727,106.0
2024-03-01 11:54:00,IMVT,36.290000915527344,36.290000915527344,36.290000915527344,36.290000915527344,36.290000915527344,968.0
2024-03-01 11:54:00,INCY,59.01499938964844,59.01499938964844,59.01499938964844,58.90999984741211,58.93000030517578,4289.0
2024-03-01 11:54:00,INGN,6.880000114440918,6.880000114440918,6.880000114440918,6.869999885559082,6.869999885559082,384.0
2024-03-01 11:54:00,INMB,12.079999923706055,12.079999923706055,12.079999923706055,12.079999923706055,12.079999923706055,188.0
2024-03-01 11:54:00,INMD,22.849899291992188,22.849899291992188,22.849899291992188,22.809999465942383,22.809999465942383,2322.0
2024-03-01 11:54:00,INO,9.220000267028809,9.220000267028809,9.220000267028809,9.210000038146973,9.210000038146973,502.0
2024-03-01 11:54:00,INSM,28.170000076293945,28.170000076293945,28.170000076293945,28.1299991607666,28.139999389648438,3111.0
2024-03-01 11:54:00,INVA,15.6899995803833,15.6899995803833,15.6899995803833,15.6899995803833,15.6899995803833,565.0
2024-03-01 11:54:00,INZY,6.489999771118164,6.489999771118164,6.514200210571289,6.489999771118164,6.505000114440918,17150.0
2024-03-01 11:54:00,IONM,0.335099995136261,0.335099995136261,0.335099995136261,0.335099995136261,0.335099995136261,1000.0
2024-03-01 11:54:00,IONS,45.88249969482422,45.88249969482422,45.89500045776367,45.869998931884766,45.89500045776367,500.0
2024-03-01 11:54:00,IOVA,16.639999389648438,16.639999389648438,16.639999389648438,16.600000381469727,16.639999389648438,19292.0
2024-03-01 11:54:00,IPA,1.8550000190734863,1.8550000190734863,1.8550000190734863,1.8550000190734863,1.8550000190734863,1014.0
2024-03-01 11:54:00,IRTC,121.16000366210938,121.16000366210938,121.16000366210938,120.9000015258789,120.9000015258789,3294.0
2024-03-01 11:54:00,IRWD,9.0,9.0,9.010000228881836,8.989999771118164,9.0,47334.0
2024-03-01 11:54:00,ISRG,394.260009765625,394.260009765625,394.2699890136719,394.239990234375,394.239990234375,1545.0
2024-03-01 11:54:00,ITCI,71.36000061035156,71.36000061035156,71.36000061035156,71.3499984741211,71.3499984741211,833.0
2024-03-01 11:54:00,IVVD,4.0,4.0,4.0,4.0,4.0,453.0
2024-03-01 11:54:00,IXHL,5.425000190734863,5.425000190734863,5.449999809265137,5.420000076293945,5.440000057220459,597.0
2024-03-01 11:54:00,JAGX,0.07240000367164612,0.07240000367164612,0.07240000367164612,0.07090000063180923,0.07109999656677246,545755.0
2024-03-01 11:54:00,JANX,46.689998626708984,46.689998626708984,46.689998626708984,46.619998931884766,46.619998931884766,240.0
2024-03-01 11:54:00,JSPR,21.0,21.0,21.0,21.0,21.0,107.0
2024-03-01 11:54:00,KALV,13.970000267028809,13.970000267028809,13.970000267028809,13.930000305175781,13.930000305175781,959.0
2024-03-01 11:54:00,KIDS,27.360000610351562,27.360000610351562,27.360000610351562,27.31999969482422,27.31999969482422,3150.0
2024-03-01 11:54:00,KNSA,21.760000228881836,21.760000228881836,21.760000228881836,21.7450008392334,21.7450008392334,379.0
2024-03-01 11:54:00,KOD,6.090000152587891,6.090000152587891,6.090000152587891,6.089600086212158,6.089600086212158,1159.0
2024-03-01 11:54:00,KPRX,0.6520000100135803,0.6520000100135803,0.652999997138977,0.6520000100135803,0.652999997138977,5001.0
2024-03-01 11:54:00,KPTI,1.2100000381469727,1.2100000381469727,1.215000033378601,1.2100000381469727,1.215000033378601,1287.0
2024-03-01 11:54:00,KROS,69.5999984741211,69.5999984741211,69.5999984741211,69.5999984741211,69.5999984741211,217.0
2024-03-01 11:54:00,KRTX,316.5400085449219,316.5400085449219,316.54998779296875,316.5,316.5050048828125,1158.0
2024-03-01 11:54:00,KTRA,0.09889999777078629,0.09889999777078629,0.09889999777078629,0.09700000286102295,0.09700000286102295,14160.0
2024-03-01 11:54:00,KYMR,43.814998626708984,43.814998626708984,43.814998626708984,43.79499816894531,43.79999923706055,656.0
2024-03-01 11:54:00,KZR,1.090000033378601,1.090000033378601,1.090000033378601,1.090000033378601,1.090000033378601,203.0
2024-03-01 11:54:00,LAB,2.460099935531616,2.460099935531616,2.4649999141693115,2.4549999237060547,2.4600000381469727,2099.0
2024-03-01 11:54:00,LEXX,2.7799999713897705,2.7799999713897705,2.7799999713897705,2.740000009536743,2.740000009536743,13059.0
2024-03-01 11:54:00,LFMD,7.989999771118164,7.989999771118164,8.0,7.989999771118164,8.0,2530.0
2024-03-01 11:54:00,LFST,7.989999771118164,7.989999771118164,7.989999771118164,7.980000019073486,7.989999771118164,5498.0
2024-03-01 11:54:00,LIVN,55.244998931884766,55.244998931884766,55.244998931884766,55.209999084472656,55.209999084472656,521.0
2024-03-01 11:54:00,LNTH,65.4800033569336,65.4800033569336,65.51000213623047,65.41000366210938,65.5,2908.0
2024-03-01 11:54:00,LQDA,14.279999732971191,14.279999732971191,14.279999732971191,14.279999732971191,14.279999732971191,372.0
2024-03-01 11:54:00,LRMR,11.654999732971191,11.654999732971191,11.654999732971191,11.654999732971191,11.654999732971191,123.0
2024-03-01 11:54:00,LUNG,9.220000267028809,9.220000267028809,9.229999542236328,9.199999809265137,9.220000267028809,4550.0
2024-03-01 11:54:00,LVTX,3.190000057220459,3.190000057220459,3.190000057220459,3.190000057220459,3.190000057220459,229.0
2024-03-01 11:54:00,LXRX,2.4200000762939453,2.4200000762939453,2.420799970626831,2.4200000762939453,2.420799970626831,19305.0
2024-03-01 11:54:00,LYEL,3.1500000953674316,3.1500000953674316,3.1500000953674316,3.1500000953674316,3.1500000953674316,217.0
2024-03-01 11:54:00,MASI,127.01000213623047,127.01000213623047,127.05999755859375,127.0,127.05999755859375,1788.0
2024-03-01 11:54:00,MBIO,1.3600000143051147,1.3600000143051147,1.3600000143051147,1.3450000286102295,1.3450000286102295,529.0
2024-03-01 11:54:00,MCRB,1.1999000310897827,1.1999000310897827,1.2000000476837158,1.190000057220459,1.190000057220459,11777.0
2024-03-01 11:54:00,MDGL,244.42999267578125,244.42999267578125,244.42999267578125,243.5500030517578,243.5500030517578,3254.0
2024-03-01 11:54:00,MDRX,6.099999904632568,6.099999904632568,6.099999904632568,6.079999923706055,6.099999904632568,1471.0
2024-03-01 11:54:00,MDXG,8.585000038146973,8.585000038146973,8.59000015258789,8.585000038146973,8.59000015258789,200.0
2024-03-01 11:54:00,MDXH,3.7200000286102295,3.7200000286102295,3.7200000286102295,3.7200000286102295,3.7200000286102295,560.0
2024-03-01 11:54:00,ME,0.5694000124931335,0.5694000124931335,0.5699999928474426,0.5677000284194946,0.5698999762535095,12705.0
2024-03-01 11:54:00,MEDP,400.510009765625,400.510009765625,400.510009765625,400.510009765625,400.510009765625,772.0
2024-03-01 11:54:00,MGNX,18.989999771118164,18.989999771118164,18.989999771118164,18.89389991760254,18.895000457763672,6386.0
2024-03-01 11:54:00,MIST,1.6749999523162842,1.6749999523162842,1.6749999523162842,1.6749999523162842,1.6749999523162842,10101.0
2024-03-01 11:54:00,MMSI,76.66000366210938,76.66000366210938,76.66000366210938,76.6500015258789,76.6500015258789,1160.0
2024-03-01 11:54:00,MNKD,4.574999809265137,4.574999809265137,4.6057000160217285,4.570000171661377,4.6057000160217285,46547.0
2024-03-01 11:54:00,MNMD,6.135000228881836,6.135000228881836,6.139999866485596,6.130000114440918,6.133999824523926,5717.0
2024-03-01 11:54:00,MOR,17.614999771118164,17.614999771118164,17.625,17.614999771118164,17.6200008392334,725.0
2024-03-01 11:54:00,MREO,3.8399999141693115,3.8399999141693115,3.8399999141693115,3.839900016784668,3.839900016784668,3500.0
2024-03-01 11:54:00,MRNA,96.32499694824219,96.32499694824219,96.47000122070312,96.29000091552734,96.44000244140625,4165.0
2024-03-01 11:54:00,MRSN,5.954999923706055,5.954999923706055,5.960000038146973,5.949999809265137,5.954999923706055,1976.0
2024-03-01 11:54:00,MRUS,51.665000915527344,51.665000915527344,51.665000915527344,51.58000183105469,51.599998474121094,668.0
2024-03-01 11:54:00,MRVI,7.815000057220459,7.815000057220459,7.815000057220459,7.809999942779541,7.809999942779541,2549.0
2024-03-01 11:54:00,MYGN,21.53499984741211,21.53499984741211,21.540000915527344,21.530000686645508,21.530000686645508,3169.0
2024-03-01 11:54:00,NARI,46.154998779296875,46.154998779296875,46.17250061035156,46.154998779296875,46.15999984741211,1123.0
2024-03-01 11:54:00,NBIX,131.8000030517578,131.8000030517578,131.80999755859375,131.77999877929688,131.7899932861328,1283.0
2024-03-01 11:54:00,NCNA,0.3149999976158142,0.3149999976158142,0.3149999976158142,0.3149999976158142,0.3149999976158142,3066.0
2024-03-01 11:54:00,NEO,16.040000915527344,16.040000915527344,16.040000915527344,16.0049991607666,16.0049991607666,522.0
2024-03-01 11:54:00,NEOG,17.290000915527344,17.290000915527344,17.290000915527344,17.264999389648438,17.270000457763672,831.0
2024-03-01 11:54:00,NERV,2.5,2.5,2.5,2.5,2.5,225.0
2024-03-01 11:54:00,NGM,1.5299999713897705,1.5299999713897705,1.5299999713897705,1.5299999713897705,1.5299999713897705,327.0
2024-03-01 11:54:00,NNOX,11.175000190734863,11.175000190734863,11.180000305175781,11.130000114440918,11.130000114440918,8231.0
2024-03-01 11:54:00,NOTV,8.130000114440918,8.130000114440918,8.130000114440918,8.09000015258789,8.09000015258789,1491.0
2024-03-01 11:54:00,NRBO,5.795000076293945,5.795000076293945,5.795000076293945,5.795000076293945,5.795000076293945,337.0
2024-03-01 11:54:00,NRIX,13.1899995803833,13.1899995803833,13.210000038146973,13.1899995803833,13.210000038146973,2823.0
2024-03-01 11:54:00,NRSN,2.069999933242798,2.069999933242798,2.069999933242798,2.049999952316284,2.049999952316284,7644.0
2024-03-01 11:54:00,NTLA,33.29999923706055,33.29999923706055,33.30500030517578,33.27000045776367,33.30500030517578,1043.0
2024-03-01 11:54:00,NTRA,89.2699966430664,89.2699966430664,89.2699966430664,89.17500305175781,89.17500305175781,6804.0
2024-03-01 11:54:00,NVAX,5.119999885559082,5.119999885559082,5.119999885559082,5.109899997711182,5.109899997711182,6476.0
2024-03-01 11:54:00,NVCR,15.8100004196167,15.8100004196167,15.819999694824219,15.8100004196167,15.8100004196167,1928.0
2024-03-01 11:54:00,NVCT,10.699999809265137,10.699999809265137,10.699999809265137,10.699999809265137,10.699999809265137,1200.0
2024-03-01 11:54:00,NVNO,6.478899955749512,6.478899955749512,6.478899955749512,6.478899955749512,6.478899955749512,102.0
2024-03-01 11:54:00,NXGLW,0.48989999294281006,0.48989999294281006,0.48989999294281006,0.48989999294281006,0.48989999294281006,890.0
2024-03-01 11:54:00,NXTC,1.7999999523162842,1.7999999523162842,1.7999999523162842,1.7999999523162842,1.7999999523162842,493.0
2024-03-01 11:54:00,OCUL,10.670000076293945,10.670000076293945,10.680000305175781,10.654999732971191,10.654999732971191,2215.0
2024-03-01 11:54:00,OGI,2.140000104904175,2.140000104904175,2.140000104904175,2.140000104904175,2.140000104904175,249.0
2024-03-01 11:54:00,OLK,22.639999389648438,22.639999389648438,22.649999618530273,22.610000610351562,22.610000610351562,2121.0
2024-03-01 11:54:00,OLMA,13.529999732971191,13.529999732971191,13.539999961853027,13.5,13.5,1480.0
2024-03-01 11:54:00,OM,3.140000104904175,3.140000104904175,3.140000104904175,3.130000114440918,3.130000114440918,1310.0
2024-03-01 11:54:00,OMCL,26.450000762939453,26.450000762939453,26.469999313354492,26.450000762939453,26.450000762939453,2005.0
2024-03-01 11:54:00,OMER,4.710000038146973,4.710000038146973,4.710100173950195,4.699999809265137,4.710000038146973,3843.0
2024-03-01 11:54:00,OMGA,4.215000152587891,4.215000152587891,4.215000152587891,4.215000152587891,4.215000152587891,104.0
2024-03-01 11:54:00,ONCT,10.119999885559082,10.119999885559082,10.119999885559082,10.119999885559082,10.119999885559082,110.0
2024-03-01 11:55:00,ABCL,5.210000038146973,5.210000038146973,5.210000038146973,5.210000038146973,5.210000038146973,169.0
2024-03-01 11:55:00,ABOS,4.639999866485596,4.639999866485596,4.650000095367432,4.639999866485596,4.650000095367432,1622.0
2024-03-01 11:55:00,ABSI,5.224999904632568,5.224999904632568,5.239999771118164,5.224999904632568,5.239999771118164,7327.0
2024-03-01 11:55:00,ABUS,2.7799999713897705,2.7799999713897705,2.7799999713897705,2.7799999713897705,2.7799999713897705,328.0
2024-03-01 11:55:00,ACAD,23.80500030517578,23.80500030517578,23.809999465942383,23.80500030517578,23.809999465942383,802.0
2024-03-01 11:55:00,ACB,3.140000104904175,3.140000104904175,3.140000104904175,3.130000114440918,3.140000104904175,4126.0
2024-03-01 11:55:00,ACET,2.3949999809265137,2.3949999809265137,2.3949999809265137,2.390000104904175,2.3949999809265137,557.0
2024-03-01 11:55:00,ACHC,84.0199966430664,84.0199966430664,84.04000091552734,84.0,84.0,2528.0
2024-03-01 11:55:00,ACON,0.38999998569488525,0.38999998569488525,0.38999998569488525,0.38999998569488525,0.38999998569488525,434.0
2024-03-01 11:55:00,ACRS,1.2300000190734863,1.2300000190734863,1.2300000190734863,1.2200000286102295,1.2200000286102295,4072.0
2024-03-01 11:55:00,ADAP,1.6126999855041504,1.6126999855041504,1.6399999856948853,1.6126999855041504,1.6399999856948853,1723.0
2024-03-01 11:55:00,ADIL,3.200000047683716,3.200000047683716,3.2100000381469727,3.1600000858306885,3.1633999347686768,67029.0
2024-03-01 11:55:00,ADMA,5.385000228881836,5.385000228881836,5.389999866485596,5.380000114440918,5.389999866485596,1721.0
2024-03-01 11:55:00,ADPT,4.184999942779541,4.184999942779541,4.184999942779541,4.184999942779541,4.184999942779541,300.0
2024-03-01 11:55:00,ADVM,1.965000033378601,1.965000033378601,1.965000033378601,1.965000033378601,1.965000033378601,200.0
2024-03-01 11:55:00,AEMD,1.6233999729156494,1.6233999729156494,1.6233999729156494,1.6233999729156494,1.6233999729156494,500.0
2024-03-01 11:55:00,AGEN,0.6715999841690063,0.6715999841690063,0.6715999841690063,0.6715499758720398,0.6715999841690063,17060.0
2024-03-01 11:55:00,AGIO,32.81999969482422,32.81999969482422,32.85499954223633,32.81999969482422,32.85499954223633,547.0
2024-03-01 11:55:00,AGRX,0.8450000286102295,0.8450000286102295,0.8500000238418579,0.8450000286102295,0.8500000238418579,250.0
2024-03-01 11:55:00,AHCO,10.760000228881836,10.760000228881836,10.760000228881836,10.760000228881836,10.760000228881836,615.0
2024-03-01 11:55:00,AIRS,6.429999828338623,6.429999828338623,6.429999828338623,6.414999961853027,6.414999961853027,308.0
2024-03-01 11:55:00,AKAN,0.24160000681877136,0.24160000681877136,0.24160000681877136,0.24150100350379944,0.24150100350379944,702.0
2024-03-01 11:55:00,AKBA,1.6699999570846558,1.6699999570846558,1.6749999523162842,1.659999966621399,1.6608999967575073,35551.0
2024-03-01 11:55:00,AKRO,29.235000610351562,29.235000610351562,29.235000610351562,29.235000610351562,29.235000610351562,342.0
2024-03-01 11:55:00,ALDX,4.130000114440918,4.130000114440918,4.130000114440918,4.121099948883057,4.121099948883057,2150.0
2024-03-01 11:55:00,ALGN,301.25,301.25,301.25,301.07000732421875,301.17999267578125,1024.0
2024-03-01 11:55:00,ALHC,5.739999771118164,5.739999771118164,5.739999771118164,5.718999862670898,5.718999862670898,4431.0
2024-03-01 11:55:00,ALIM,3.6500000953674316,3.6500000953674316,3.6500000953674316,3.5999999046325684,3.619999885559082,1496.0
2024-03-01 11:55:00,ALKS,30.229999542236328,30.229999542236328,30.235000610351562,30.229999542236328,30.230100631713867,1138.0
2024-03-01 11:55:00,ALLK,1.600000023841858,1.600000023841858,1.600000023841858,1.5950000286102295,1.5950000286102295,300.0
2024-03-01 11:55:00,ALLO,5.025000095367432,5.025000095367432,5.025000095367432,5.025000095367432,5.025000095367432,183.0
2024-03-01 11:55:00,ALPN,35.93000030517578,35.93000030517578,35.97829818725586,35.93000030517578,35.97829818725586,1804.0
2024-03-01 11:55:00,ALT,12.0625,12.0625,12.109999656677246,12.050000190734863,12.109999656677246,17255.0
2024-03-01 11:55:00,ALVO,15.630000114440918,15.630000114440918,15.630000114440918,15.630000114440918,15.630000114440918,206.0
2024-03-01 11:55:00,ALXO,14.96500015258789,14.96500015258789,14.979999542236328,14.960000038146973,14.975600242614746,2537.0
2024-03-01 11:55:00,AMED,93.06999969482422,93.06999969482422,93.1675033569336,93.06999969482422,93.06999969482422,2775.0
2024-03-01 11:55:00,AMGN,281.44000244140625,281.44000244140625,281.44000244140625,281.2388916015625,281.2900085449219,9950.0
2024-03-01 11:55:00,AMLX,18.735000610351562,18.735000610351562,18.735000610351562,18.719999313354492,18.729999542236328,1906.0
2024-03-01 11:55:00,AMPH,45.55500030517578,45.55500030517578,45.55500030517578,45.55500030517578,45.55500030517578,496.0
2024-03-01 11:55:00,AMRN,1.0499999523162842,1.0499999523162842,1.0549999475479126,1.0499999523162842,1.0549999475479126,1120.0
2024-03-01 11:55:00,ANGO,5.519999980926514,5.519999980926514,5.519999980926514,5.519999980926514,5.519999980926514,400.0
2024-03-01 11:55:00,ANNX,5.889999866485596,5.889999866485596,5.889999866485596,5.889999866485596,5.889999866485596,4014.0
2024-03-01 11:55:00,ANTX,3.0099000930786133,3.0099000930786133,3.0099000930786133,3.0,3.0,1123.0
2024-03-01 11:55:00,APDN,0.5699999928474426,0.5699999928474426,0.5699999928474426,0.5698999762535095,0.5698999762535095,4306.0
2024-03-01 11:55:00,APLS,65.19000244140625,65.19000244140625,65.2698974609375,64.94999694824219,64.9800033569336,5490.0
2024-03-01 11:55:00,APLT,7.119999885559082,7.119999885559082,7.130000114440918,7.110000133514404,7.11929988861084,1230.0
2024-03-01 11:55:00,AQST,4.319900035858154,4.319900035858154,4.320000171661377,4.319900035858154,4.320000171661377,513.0
2024-03-01 11:55:00,ARAY,2.640000104904175,2.640000104904175,2.640000104904175,2.640000104904175,2.640000104904175,741.0
2024-03-01 11:55:00,ARDX,9.604999542236328,9.604999542236328,9.619999885559082,9.604999542236328,9.614999771118164,4864.0
2024-03-01 11:55:00,ARGX,387.92498779296875,387.92498779296875,387.92498779296875,387.92498779296875,387.92498779296875,105.0
2024-03-01 11:55:00,ARQT,11.479999542236328,11.479999542236328,11.510000228881836,11.479999542236328,11.494999885559082,9599.0
2024-03-01 11:55:00,ARVN,48.41999816894531,48.41999816894531,48.41999816894531,48.41999816894531,48.41999816894531,315.0
2024-03-01 11:55:00,ARWR,35.650001525878906,35.650001525878906,35.682098388671875,35.619998931884766,35.65999984741211,1112.0
2024-03-01 11:55:00,ASND,149.9949951171875,149.9949951171875,150.0,149.9949951171875,150.0,1055.0
2024-03-01 11:55:00,ATAI,2.069999933242798,2.069999933242798,2.069999933242798,2.050299882888794,2.050299882888794,62425.0
2024-03-01 11:55:00,ATEC,13.609999656677246,13.609999656677246,13.609999656677246,13.609999656677246,13.609999656677246,1868.0
2024-03-01 11:55:00,ATHA,3.950000047683716,3.950000047683716,3.9549999237060547,3.950000047683716,3.9549999237060547,576.0
2024-03-01 11:55:00,ATRA,0.7919999957084656,0.7919999957084656,0.7929499745368958,0.7919999957084656,0.7919999957084656,735.0
2024-03-01 11:55:00,ATRC,35.91999816894531,35.91999816894531,35.939998626708984,35.91999816894531,35.939998626708984,2180.0
2024-03-01 11:55:00,ATXI,0.150300994515419,0.150300994515419,0.15209999680519104,0.150300994515419,0.15209999680519104,7000.0
2024-03-01 11:55:00,AUPH,5.795000076293945,5.795000076293945,5.800000190734863,5.795000076293945,5.800000190734863,824.0
2024-03-01 11:55:00,AUTL,6.25,6.25,6.25,6.244999885559082,6.244999885559082,238.0
2024-03-01 11:55:00,AVDL,12.680000305175781,12.680000305175781,12.680000305175781,12.649999618530273,12.649999618530273,3112.0
2024-03-01 11:55:00,AVXL,5.329999923706055,5.329999923706055,5.329999923706055,5.329999923706055,5.329999923706055,1827.0
2024-03-01 11:55:00,AXGN,10.520000457763672,10.520000457763672,10.520000457763672,10.508000373840332,10.508000373840332,1119.0
2024-03-01 11:55:00,AXNX,67.27999877929688,67.27999877929688,67.27999877929688,67.27999877929688,67.27999877929688,706.0
2024-03-01 11:55:00,AXSM,82.36000061035156,82.36000061035156,82.44499969482422,82.36000061035156,82.44000244140625,1288.0
2024-03-01 11:55:00,AZN,64.58000183105469,64.58000183105469,64.59500122070312,64.57499694824219,64.58999633789062,7944.0
2024-03-01 11:55:00,AZTA,66.33999633789062,66.33999633789062,66.37000274658203,66.31500244140625,66.33999633789062,2663.0
2024-03-01 11:55:00,BBIO,35.85499954223633,35.85499954223633,35.90999984741211,35.85499954223633,35.89500045776367,0.0
2024-03-01 11:55:00,BBLG,2.309999942779541,2.309999942779541,2.3101999759674072,2.309999942779541,2.3101999759674072,519.0
2024-03-01 11:55:00,BCAB,2.755000114440918,2.755000114440918,2.755000114440918,2.755000114440918,2.755000114440918,400.0
2024-03-01 11:55:00,BCDA,0.5669999718666077,0.5669999718666077,0.5669999718666077,0.5669999718666077,0.5669999718666077,100.0
2024-03-01 11:55:00,BCRX,5.75,5.75,5.767899990081787,5.75,5.767899990081787,13713.0
2024-03-01 11:55:00,BDSX,1.6299999952316284,1.6299999952316284,1.6399999856948853,1.6299999952316284,1.6399999856948853,1525.0
2024-03-01 11:55:00,BDTX,5.010000228881836,5.010000228881836,5.014999866485596,5.010000228881836,5.014999866485596,730.0
2024-03-01 11:55:00,BEAM,39.900001525878906,39.900001525878906,40.029998779296875,39.900001525878906,40.010101318359375,6983.0
2024-03-01 11:55:00,BGNE,166.0800018310547,166.0800018310547,166.38999938964844,166.0800018310547,166.38999938964844,1787.0
2024-03-01 11:55:00,BGXX,0.2685509920120239,0.2685509920120239,0.2685509920120239,0.2685509920120239,0.2685509920120239,481.0
2024-03-01 11:55:00,BIIB,219.36000061035156,219.36000061035156,219.36000061035156,219.36000061035156,219.36000061035156,100.0
2024-03-01 11:55:00,BIOL,0.13750000298023224,0.13750000298023224,0.13750000298023224,0.13750000298023224,0.13750000298023224,1711.0
2024-03-01 11:55:00,BIVI,2.0999999046325684,2.0999999046325684,2.109999895095825,2.0299999713897705,2.069999933242798,182172.0
2024-03-01 11:55:00,BJDX,0.75,0.75,0.765999972820282,0.75,0.7649999856948853,4039.0
2024-03-01 11:55:00,BLFS,18.239999771118164,18.239999771118164,18.239999771118164,18.239999771118164,18.239999771118164,205.0
2024-03-01 11:55:00,BLRX,1.3899999856948853,1.3899999856948853,1.3899999856948853,1.3899999856948853,1.3899999856948853,133.0
2024-03-01 11:55:00,BLUE,1.569000005722046,1.569000005722046,1.569000005722046,1.559999942779541,1.559999942779541,1820.0
2024-03-01 11:55:00,BMEA,17.899999618530273,17.899999618530273,17.899999618530273,17.899999618530273,17.899999618530273,252.0
2024-03-01 11:55:00,BMRN,86.94999694824219,86.94999694824219,86.94999694824219,86.94999694824219,86.94999694824219,794.0
2024-03-01 11:55:00,BNR,0.8458499908447266,0.8458499908447266,0.8458499908447266,0.8458499908447266,0.8458499908447266,100.0
2024-03-01 11:55:00,BNTX,91.77999877929688,91.77999877929688,91.79000091552734,91.77999877929688,91.79000091552734,618.0
2024-03-01 11:55:00,BPMC,97.26499938964844,97.26499938964844,97.26499938964844,97.19999694824219,97.19999694824219,1839.0
2024-03-01 11:55:00,BRKR,87.88999938964844,87.88999938964844,87.88999938964844,87.88999938964844,87.88999938964844,313.0
2024-03-01 11:55:00,BRTX,1.5098999738693237,1.5098999738693237,1.5099999904632568,1.5098999738693237,1.5099999904632568,1521.0
2024-03-01 11:55:00,BSGM,0.6259999871253967,0.6259999871253967,0.6259999871253967,0.6259999871253967,0.6259999871253967,5001.0
2024-03-01 11:55:00,BTAI,3.2300000190734863,3.2300000190734863,3.2300000190734863,3.2300000190734863,3.2300000190734863,100.0
2024-03-01 11:55:00,BTTX,0.17090000212192535,0.17090000212192535,0.17090000212192535,0.1685750037431717,0.1685750037431717,37686.0
2024-03-01 11:55:00,BWAY,6.534999847412109,6.534999847412109,6.534999847412109,6.534999847412109,6.534999847412109,100.0
2024-03-01 11:55:00,CABA,23.979999542236328,23.979999542236328,23.989999771118164,23.979999542236328,23.979999542236328,977.0
2024-03-01 11:55:00,CAPR,4.559999942779541,4.559999942779541,4.559999942779541,4.557499885559082,4.557499885559082,285.0
2024-03-01 11:55:00,CARA,0.9135000109672546,0.9135000109672546,0.9135000109672546,0.8895999789237976,0.8895999789237976,6510.0
2024-03-01 11:55:00,CBAY,32.244998931884766,32.244998931884766,32.25,32.244998931884766,32.244998931884766,1057.0
2024-03-01 11:55:00,CCCC,10.84000015258789,10.84000015258789,10.844499588012695,10.84000015258789,10.844499588012695,625.0
2024-03-01 11:55:00,CCRN,18.18000030517578,18.18000030517578,18.18000030517578,18.15999984741211,18.15999984741211,817.0
2024-03-01 11:55:00,CDMO,8.130000114440918,8.130000114440918,8.145000457763672,8.130000114440918,8.130000114440918,610.0
2024-03-01 11:55:00,CDNA,12.410099983215332,12.410099983215332,12.449999809265137,12.399999618530273,12.449999809265137,6886.0
2024-03-01 11:55:00,CDXS,4.524899959564209,4.524899959564209,4.53879976272583,4.524899959564209,4.525000095367432,3301.0
2024-03-01 11:55:00,CERE,41.099998474121094,41.099998474121094,41.11000061035156,41.099998474121094,41.11000061035156,1765.0
2024-03-01 11:55:00,CERS,2.2049999237060547,2.2049999237060547,2.2049999237060547,2.2049999237060547,2.2049999237060547,3012.0
2024-03-01 11:55:00,CERT,17.690000534057617,17.690000534057617,17.709999084472656,17.690000534057617,17.700000762939453,3055.0
2024-03-01 11:55:00,CGC,3.265000104904175,3.265000104904175,3.2699999809265137,3.2600998878479004,3.2600998878479004,4519.0
2024-03-01 11:55:00,CING,1.3600000143051147,1.3600000143051147,1.3600000143051147,1.3600000143051147,1.3600000143051147,611.0
2024-03-01 11:55:00,CKPT,2.217099905014038,2.217099905014038,2.2200000286102295,2.217099905014038,2.2200000286102295,253.0
2024-03-01 11:55:00,CLDX,52.5099983215332,52.5099983215332,52.5099983215332,52.470001220703125,52.470001220703125,438.0
2024-03-01 11:55:00,CLOV,0.8622999787330627,0.8622999787330627,0.8634499907493591,0.8622999787330627,0.8634499907493591,618.0
2024-03-01 11:55:00,CLRB,4.110000133514404,4.110000133514404,4.113999843597412,4.110000133514404,4.113999843597412,950.0
2024-03-01 11:55:00,CMPS,11.375,11.375,11.399900436401367,11.360400199890137,11.370100021362305,4994.0
2024-03-01 11:55:00,COGT,7.230000019073486,7.230000019073486,7.239999771118164,7.230000019073486,7.239999771118164,494.0
2024-03-01 11:55:00,CORT,23.729999542236328,23.729999542236328,23.7450008392334,23.729999542236328,23.7450008392334,2328.0
2024-03-01 11:55:00,CPRX,16.989999771118164,16.989999771118164,16.989999771118164,16.979999542236328,16.979999542236328,2494.0
2024-03-01 11:55:00,CPSI,9.4399995803833,9.4399995803833,9.449999809265137,9.4399995803833,9.449999809265137,1111.0
2024-03-01 11:55:00,CRBU,7.980000019073486,7.980000019073486,8.000100135803223,7.980000019073486,8.0,3210.0
2024-03-01 11:55:00,CRDF,2.369999885559082,2.369999885559082,2.369999885559082,2.3499999046325684,2.359999895095825,39519.0
2024-03-01 11:55:00,CRIS,10.0,10.0,10.0,10.0,10.0,1050.0
2024-03-01 11:55:00,CRMD,3.7200000286102295,3.7200000286102295,3.7200000286102295,3.7200000286102295,3.7200000286102295,110.0
2024-03-01 11:55:00,CRNX,45.95000076293945,45.95000076293945,46.060001373291016,45.939998626708984,46.060001373291016,1507.0
2024-03-01 11:55:00,CRON,2.051100015640259,2.051100015640259,2.059999942779541,2.049999952316284,2.049999952316284,25877.0
2024-03-01 11:55:00,CRSP,85.19000244140625,85.19000244140625,85.41500091552734,85.19000244140625,85.31999969482422,5625.0
2024-03-01 11:55:00,CTKB,8.475000381469727,8.475000381469727,8.489999771118164,8.475000381469727,8.484999656677246,1716.0
2024-03-01 11:55:00,CTMX,2.5799999237060547,2.5799999237060547,2.5799999237060547,2.5799999237060547,2.5799999237060547,2550.0
2024-03-01 11:55:00,CTSO,0.9399999976158142,0.9399999976158142,0.9649999737739563,0.9399999976158142,0.9470000267028809,2031.0
2024-03-01 11:55:00,CTXR,0.7700999975204468,0.7700999975204468,0.7700999975204468,0.7700999975204468,0.7700999975204468,570.0
2024-03-01 11:55:00,CUTR,2.4100000858306885,2.4100000858306885,2.4100000858306885,2.4100000858306885,2.4100000858306885,10375.0
2024-03-01 11:55:00,CYTK,73.83499908447266,73.83499908447266,73.95500183105469,73.83499908447266,73.91000366210938,4516.0
2024-03-01 11:55:00,DAWN,17.405000686645508,17.405000686645508,17.405000686645508,17.405000686645508,17.405000686645508,153.0
2024-03-01 11:55:00,DBVT,0.8030999898910522,0.8030999898910522,0.8030999898910522,0.8030999898910522,0.8030999898910522,1117.0
2024-03-01 11:55:00,DCPH,17.549999237060547,17.549999237060547,17.549999237060547,17.454999923706055,17.454999923706055,4460.0
2024-03-01 11:55:00,DCTH,4.199999809265137,4.199999809265137,4.202499866485596,4.199999809265137,4.202499866485596,4283.0
2024-03-01 11:55:00,DH,9.03499984741211,9.03499984741211,9.039999961853027,9.010000228881836,9.010000228881836,3324.0
2024-03-01 11:55:00,DMTK,0.8296989798545837,0.8296989798545837,0.8297989964485168,0.8248990178108215,0.8248990178108215,13633.0
2024-03-01 11:55:00,DNLI,20.729999542236328,20.729999542236328,20.7549991607666,20.729999542236328,20.7549991607666,1490.0
2024-03-01 11:55:00,DTIL,11.65999984741211,11.65999984741211,11.849499702453613,11.600000381469727,11.835000038146973,19371.0
2024-03-01 11:55:00,DVAX,12.859999656677246,12.859999656677246,12.859999656677246,12.859999656677246,12.859999656677246,2265.0
2024-03-01 11:55:00,DXCM,120.02999877929688,120.02999877929688,120.06999969482422,119.94999694824219,119.99500274658203,10242.0
2024-03-01 11:55:00,DYN,28.959999084472656,28.959999084472656,29.040000915527344,28.959999084472656,29.040000915527344,1216.0
2024-03-01 11:55:00,EDIT,10.84000015258789,10.84000015258789,10.869999885559082,10.84000015258789,10.869199752807617,2792.0
2024-03-01 11:55:00,EKSO,1.9500000476837158,1.9500000476837158,1.9500000476837158,1.9500000476837158,1.9500000476837158,827.0
2024-03-01 11:55:00,ELEV,4.860000133514404,4.860000133514404,4.909999847412109,4.860000133514404,4.900000095367432,11109.0
2024-03-01 11:55:00,ENSC,0.9241009950637817,0.9241009950637817,0.9241009950637817,0.9241009950637817,0.9241009950637817,181.0
2024-03-01 11:55:00,ENSG,123.37000274658203,123.37000274658203,123.37000274658203,123.37000274658203,123.37000274658203,109.0
2024-03-01 11:55:00,ENVB,1.6562999486923218,1.6562999486923218,1.6562999486923218,1.6150000095367432,1.6150000095367432,20301.0
2024-03-01 11:55:00,EOLS,14.65999984741211,14.65999984741211,14.65999984741211,14.65999984741211,14.65999984741211,506.0
2024-03-01 11:55:00,EQ,2.348299980163574,2.348299980163574,2.377000093460083,2.309999942779541,2.3647000789642334,5681.0
2024-03-01 11:55:00,ERAS,2.505000114440918,2.505000114440918,2.505000114440918,2.505000114440918,2.505000114440918,264.0
2024-03-01 11:55:00,ESPR,2.5250000953674316,2.5250000953674316,2.5276999473571777,2.5250000953674316,2.5276999473571777,1055.0
2024-03-01 11:55:00,ESTA,45.849998474121094,45.849998474121094,45.849998474121094,45.71500015258789,45.71500015258789,200.0
2024-03-01 11:55:00,ETNB,12.930000305175781,12.930000305175781,12.9399995803833,12.919599533081055,12.9399995803833,3383.0
2024-03-01 11:55:00,EVGN,0.9599999785423279,0.9599999785423279,0.9599999785423279,0.9599999785423279,0.9599999785423279,100.0
2024-03-01 11:55:00,EXAS,59.57500076293945,59.57500076293945,59.61000061035156,59.529998779296875,59.560001373291016,1183.0
2024-03-01 11:55:00,EXEL,22.5049991607666,22.5049991607666,22.5049991607666,22.4950008392334,22.4950008392334,1627.0
2024-03-01 11:55:00,EYEN,2.25,2.25,2.26990008354187,2.25,2.26990008354187,4143.0
2024-03-01 11:55:00,EYPT,28.05500030517578,28.05500030517578,28.05500030517578,28.05500030517578,28.05500030517578,258.0
2024-03-01 11:55:00,FATE,7.40500020980835,7.40500020980835,7.420000076293945,7.400000095367432,7.420000076293945,1536.0
2024-03-01 11:55:00,FDMT,29.06999969482422,29.06999969482422,29.1200008392334,29.06999969482422,29.1200008392334,999.0
2024-03-01 11:55:00,FGEN,1.8200000524520874,1.8200000524520874,1.8200000524520874,1.8200000524520874,1.8200000524520874,1119.0
2024-03-01 11:55:00,FLGT,23.219999313354492,23.219999313354492,23.25,23.207500457763672,23.239999771118164,2699.0
2024-03-01 11:55:00,FOLD,13.274999618530273,13.274999618530273,13.289999961853027,13.270000457763672,13.28499984741211,5635.0
2024-03-01 11:55:00,FULC,10.824999809265137,10.824999809265137,10.850000381469727,10.819999694824219,10.850000381469727,2159.0
2024-03-01 11:55:00,FUSN,12.404999732971191,12.404999732971191,12.40999984741211,12.390000343322754,12.40999984741211,1712.0
2024-03-01 11:55:00,FWBI,8.09000015258789,8.09000015258789,8.09000015258789,8.09000015258789,8.09000015258789,252.0
2024-03-01 11:55:00,GANX,4.639999866485596,4.639999866485596,4.670000076293945,4.639999866485596,4.670000076293945,1005.0
2024-03-01 11:55:00,GBIO,2.619999885559082,2.619999885559082,2.619999885559082,2.619999885559082,2.619999885559082,225.0
2024-03-01 11:55:00,GDRX,8.300000190734863,8.300000190734863,8.305000305175781,8.295000076293945,8.300000190734863,7392.0
2024-03-01 11:55:00,GENE,2.202199935913086,2.202199935913086,2.202199935913086,2.202199935913086,2.202199935913086,1026.0
2024-03-01 11:55:00,GERN,2.168600082397461,2.168600082397461,2.1700000762939453,2.16129994392395,2.1700000762939453,11593.0
2024-03-01 11:55:00,GH,19.25,19.25,19.280000686645508,19.25,19.280000686645508,3076.0
2024-03-01 11:55:00,GILD,72.21499633789062,72.21499633789062,72.22000122070312,72.18499755859375,72.20999908447266,17176.0
2024-03-01 11:55:00,GLPG,35.189998626708984,35.189998626708984,35.220001220703125,35.189998626708984,35.21500015258789,686.0
2024-03-01 11:55:00,GLYC,2.990000009536743,2.990000009536743,2.990000009536743,2.990000009536743,2.990000009536743,161.0
2024-03-01 11:55:00,GMAB,29.360000610351562,29.360000610351562,29.3700008392334,29.360000610351562,29.3700008392334,1113.0
2024-03-01 11:55:00,GMDA,0.38600000739097595,0.38600000739097595,0.38600000739097595,0.38600000739097595,0.38600000739097595,500.0
2024-03-01 11:55:00,GOSS,1.3600000143051147,1.3600000143051147,1.3650000095367432,1.3600000143051147,1.3600000143051147,7100.0
2024-03-01 11:55:00,GRFS,7.085000038146973,7.085000038146973,7.085000038146973,7.079999923706055,7.085000038146973,711.0
2024-03-01 11:55:00,GRPH,3.4800000190734863,3.4800000190734863,3.4800000190734863,3.4602999687194824,3.4602999687194824,2100.0
2024-03-01 11:55:00,GRTS,2.2049999237060547,2.2049999237060547,2.2100000381469727,2.190000057220459,2.1903998851776123,45309.0
2024-03-01 11:55:00,GTHX,3.639899969100952,3.639899969100952,3.6500000953674316,3.634999990463257,3.640000104904175,6536.0
2024-03-01 11:55:00,HALO,41.2599983215332,41.2599983215332,41.279998779296875,41.2599983215332,41.279998779296875,1006.0
2024-03-01 11:55:00,HARP,22.950000762939453,22.950000762939453,22.950000762939453,22.940000534057617,22.940000534057617,2254.0
2024-03-01 11:55:00,HCAT,7.900000095367432,7.900000095367432,7.900000095367432,7.889699935913086,7.889699935913086,3195.0
2024-03-01 11:55:00,HCSG,12.645000457763672,12.645000457763672,12.645000457763672,12.645000457763672,12.645000457763672,499.0
2024-03-01 11:55:00,HCTI,2.4600000381469727,2.4600000381469727,2.5199999809265137,2.4600000381469727,2.5,6936.0
2024-03-01 11:55:00,HITI,1.770400047302246,1.770400047302246,1.770400047302246,1.770400047302246,1.770400047302246,675.0
2024-03-01 11:55:00,HOLX,73.76000213623047,73.76000213623047,73.77999877929688,73.75499725341797,73.7699966430664,2569.0
2024-03-01 11:55:00,HOOK,0.7850000262260437,0.7850000262260437,0.7850000262260437,0.7850000262260437,0.7850000262260437,2020.0
2024-03-01 11:55:00,HOWL,6.925000190734863,6.925000190734863,6.940000057220459,6.925000190734863,6.935800075531006,776.0
2024-03-01 11:55:00,HQY,81.30000305175781,81.30000305175781,81.45999908447266,81.30000305175781,81.45999908447266,3774.0
2024-03-01 11:55:00,HRMY,31.315000534057617,31.315000534057617,31.315000534057617,31.315000534057617,31.315000534057617,517.0
2024-03-01 11:55:00,HROW,10.819999694824219,10.819999694824219,10.819999694824219,10.800000190734863,10.800000190734863,646.0
2024-03-01 11:55:00,HRTX,2.609100103378296,2.609100103378296,2.609999895095825,2.5999999046325684,2.609999895095825,1040.0
2024-03-01 11:55:00,HSCS,0.11909999698400497,0.11909999698400497,0.11909999698400497,0.11909999698400497,0.11909999698400497,100.0
2024-03-01 11:55:00,HSIC,77.01000213623047,77.01000213623047,77.01000213623047,76.98500061035156,77.00990295410156,423.0
2024-03-01 11:55:00,HUMA,3.3949999809265137,3.3949999809265137,3.419600009918213,3.384999990463257,3.4149999618530273,11134.0
2024-03-01 11:55:00,IART,36.5,36.5,36.5,36.4900016784668,36.4900016784668,1156.0
2024-03-01 11:55:00,IBRX,4.860000133514404,4.860000133514404,4.869999885559082,4.860000133514404,4.869999885559082,3445.0
2024-03-01 11:55:00,ICCM,1.2999999523162842,1.2999999523162842,1.309999942779541,1.2999999523162842,1.309999942779541,2087.0
2024-03-01 11:55:00,IDXX,581.760009765625,581.760009765625,582.2999877929688,581.719970703125,582.2999877929688,1438.0
2024-03-01 11:55:00,IDYA,46.10499954223633,46.10499954223633,46.11000061035156,46.060001373291016,46.060001373291016,3719.0
2024-03-01 11:55:00,IINN,1.649999976158142,1.649999976158142,1.649999976158142,1.649999976158142,1.649999976158142,880.0
2024-03-01 11:55:00,ILMN,141.82000732421875,141.82000732421875,141.93499755859375,141.77999877929688,141.93499755859375,2552.0
2024-03-01 11:55:00,IMAB,1.850000023841858,1.850000023841858,1.850000023841858,1.850000023841858,1.850000023841858,590.0
2024-03-01 11:55:00,IMCR,68.08999633789062,68.08999633789062,68.23999786376953,68.08999633789062,68.12999725341797,619.0
2024-03-01 11:55:00,IMMX,3.5399999618530273,3.5399999618530273,3.5399999618530273,3.509999990463257,3.509999990463257,200.0
2024-03-01 11:55:00,IMTX,12.970000267028809,12.970000267028809,12.989999771118164,12.970000267028809,12.989999771118164,1553.0
2024-03-01 11:55:00,IMUX,1.4800000190734863,1.4800000190734863,1.4850000143051147,1.4800000190734863,1.4850000143051147,260.0
2024-03-01 11:55:00,IMVT,36.29999923706055,36.29999923706055,36.31999969482422,36.29999923706055,36.31999969482422,300.0
2024-03-01 11:55:00,INAB,1.1100000143051147,1.1100000143051147,1.1100000143051147,1.1100000143051147,1.1100000143051147,2021.0
2024-03-01 11:55:00,INCY,59.03499984741211,59.03499984741211,59.04499816894531,59.02000045776367,59.04499816894531,600.0
2024-03-01 11:55:00,INGN,6.894999980926514,6.894999980926514,6.894999980926514,6.880000114440918,6.880000114440918,404.0
2024-03-01 11:55:00,INMB,12.130000114440918,12.130000114440918,12.130000114440918,12.130000114440918,12.130000114440918,216.0
2024-03-01 11:55:00,INMD,22.829999923706055,22.829999923706055,22.84000015258789,22.829999923706055,22.84000015258789,1349.0
2024-03-01 11:55:00,INO,9.210000038146973,9.210000038146973,9.210100173950195,9.199999809265137,9.210000038146973,1144.0
2024-03-01 11:55:00,INSM,28.18000030517578,28.18000030517578,28.190000534057617,28.170000076293945,28.170000076293945,2586.0
2024-03-01 11:55:00,INVA,15.6899995803833,15.6899995803833,15.694999694824219,15.6899995803833,15.6899995803833,696.0
2024-03-01 11:55:00,INZY,6.480000019073486,6.480000019073486,6.489999771118164,6.480000019073486,6.489999771118164,546.0
2024-03-01 11:55:00,IONM,0.34940001368522644,0.34940001368522644,0.34940001368522644,0.34940001368522644,0.34940001368522644,100.0
2024-03-01 11:55:00,IONS,45.86249923706055,45.86249923706055,45.91999816894531,45.849998474121094,45.89500045776367,21198.0
2024-03-01 11:55:00,IOVA,16.584999084472656,16.584999084472656,16.635000228881836,16.575000762939453,16.635000228881836,11973.0
2024-03-01 11:55:00,IRTC,121.16000366210938,121.16000366210938,121.16999816894531,121.16000366210938,121.16999816894531,554.0
2024-03-01 11:55:00,IRWD,8.989999771118164,8.989999771118164,9.050000190734863,8.984999656677246,9.0,105240.0
2024-03-01 11:55:00,ISRG,394.2449951171875,394.2449951171875,394.3800048828125,394.1400146484375,394.2799987792969,4500.0
2024-03-01 11:55:00,ITCI,71.44000244140625,71.44000244140625,71.44000244140625,71.38999938964844,71.38999938964844,489.0
2024-03-01 11:55:00,IVVD,4.019999980926514,4.019999980926514,4.019999980926514,4.019999980926514,4.019999980926514,200.0
2024-03-01 11:55:00,JAGX,0.0723000019788742,0.0723000019788742,0.07240000367164612,0.07180000096559525,0.07209999859333038,96576.0
2024-03-01 11:55:00,JANX,46.70000076293945,46.70000076293945,46.70000076293945,46.54999923706055,46.54999923706055,4954.0
2024-03-01 11:55:00,JAZZ,119.62999725341797,119.62999725341797,119.76000213623047,119.62999725341797,119.69000244140625,1717.0
2024-03-01 11:55:00,JSPR,20.8799991607666,20.8799991607666,20.8799991607666,20.8700008392334,20.8700008392334,393.0
2024-03-01 11:55:00,JYNT,10.020000457763672,10.020000457763672,10.029999732971191,10.020000457763672,10.020000457763672,545.0
2024-03-01 11:55:00,KALV,13.949999809265137,13.949999809265137,13.949999809265137,13.949999809265137,13.949999809265137,424.0
2024-03-01 11:55:00,KNSA,21.770000457763672,21.770000457763672,21.770000457763672,21.760000228881836,21.760000228881836,1315.0
2024-03-01 11:55:00,KNTE,2.619999885559082,2.619999885559082,2.619999885559082,2.619999885559082,2.619999885559082,1092.0
2024-03-01 11:55:00,KOD,6.099999904632568,6.099999904632568,6.099999904632568,6.099999904632568,6.099999904632568,1005.0
2024-03-01 11:55:00,KPTI,1.215000033378601,1.215000033378601,1.215000033378601,1.215000033378601,1.215000033378601,200.0
2024-03-01 11:55:00,KROS,69.66000366210938,69.66000366210938,69.66000366210938,69.5,69.5,1746.0
2024-03-01 11:55:00,KRTX,316.510009765625,316.510009765625,316.5400085449219,316.510009765625,316.5400085449219,1237.0
2024-03-01 11:55:00,KTRA,0.09730000048875809,0.09730000048875809,0.0982000008225441,0.09730000048875809,0.09749999642372131,1691.0
2024-03-01 11:55:00,KURA,21.280000686645508,21.280000686645508,21.309999465942383,21.280000686645508,21.309999465942383,2498.0
2024-03-01 11:55:00,KYMR,43.814998626708984,43.814998626708984,43.814998626708984,43.814998626708984,43.814998626708984,206.0
2024-03-01 11:55:00,KZR,1.090000033378601,1.090000033378601,1.090000033378601,1.090000033378601,1.090000033378601,254.0
2024-03-01 11:55:00,LAB,2.4549999237060547,2.4549999237060547,2.4700000286102295,2.450000047683716,2.4700000286102295,17034.0
2024-03-01 11:55:00,LBPH,21.780000686645508,21.780000686645508,21.780000686645508,21.780000686645508,21.780000686645508,668.0
2024-03-01 11:55:00,LEGN,65.92500305175781,65.92500305175781,65.92500305175781,65.92500305175781,65.92500305175781,103.0
2024-03-01 11:55:00,LEXX,2.75,2.75,2.7799999713897705,2.75,2.7799999713897705,6294.0
2024-03-01 11:55:00,LFST,7.985000133514404,7.985000133514404,7.989999771118164,7.980500221252441,7.989999771118164,2094.0
2024-03-01 11:55:00,LIAN,4.860000133514404,4.860000133514404,4.860000133514404,4.860000133514404,4.860000133514404,100.0
2024-03-01 11:55:00,LIVN,55.2400016784668,55.2400016784668,55.279998779296875,55.2400016784668,55.279998779296875,457.0
2024-03-01 11:55:00,LMAT,67.37000274658203,67.37000274658203,67.37000274658203,67.37000274658203,67.37000274658203,722.0
2024-03-01 11:55:00,LNTH,65.41000366210938,65.41000366210938,65.49500274658203,65.41000366210938,65.49500274658203,1695.0
2024-03-01 11:55:00,LTRN,4.599999904632568,4.599999904632568,4.599999904632568,4.599999904632568,4.599999904632568,115.0
2024-03-01 11:55:00,LUNG,9.199999809265137,9.199999809265137,9.21500015258789,9.199999809265137,9.21500015258789,1045.0
2024-03-01 11:55:00,LVTX,3.170599937438965,3.170599937438965,3.184999942779541,3.170599937438965,3.175299882888794,847.0
2024-03-01 11:55:00,LXRX,2.4200000762939453,2.4200000762939453,2.4200000762939453,2.4149999618530273,2.4149999618530273,939.0
2024-03-01 11:55:00,LYRA,5.559999942779541,5.559999942779541,5.559999942779541,5.559999942779541,5.559999942779541,102.0
2024-03-01 11:55:00,MACK,14.710000038146973,14.710000038146973,14.710000038146973,14.710000038146973,14.710000038146973,247.0
2024-03-01 11:55:00,MASI,127.05500030517578,127.05500030517578,127.05500030517578,127.04499816894531,127.04499816894531,508.0
2024-03-01 11:55:00,MCRB,1.1999000310897827,1.1999000310897827,1.1999000310897827,1.190000057220459,1.190000057220459,1111.0
2024-03-01 11:55:00,MDRX,6.099999904632568,6.099999904632568,6.099999904632568,6.050000190734863,6.099999904632568,49037.0
2024-03-01 11:55:00,MDXG,8.579999923706055,8.579999923706055,8.585000038146973,8.574999809265137,8.585000038146973,4041.0
2024-03-01 11:55:00,ME,0.5688009858131409,0.5688009858131409,0.569599986076355,0.5684999823570251,0.5684999823570251,1917.0
2024-03-01 11:55:00,MEDP,400.2900085449219,400.2900085449219,400.45001220703125,399.92999267578125,399.92999267578125,762.0
2024-03-01 11:55:00,MEIP,4.204999923706055,4.204999923706055,4.204999923706055,4.204999923706055,4.204999923706055,203.0
2024-03-01 11:55:00,MGNX,19.007999420166016,19.007999420166016,19.007999420166016,18.989999771118164,18.989999771118164,686.0
2024-03-01 11:55:00,MGTX,6.320000171661377,6.320000171661377,6.320000171661377,6.320000171661377,6.320000171661377,145.0
2024-03-01 11:55:00,MIRM,30.075000762939453,30.075000762939453,30.075000762939453,30.030000686645508,30.030000686645508,3172.0
2024-03-01 11:55:00,MLTX,51.79999923706055,51.79999923706055,51.83000183105469,51.79999923706055,51.83000183105469,401.0
2024-03-01 11:55:00,MMSI,76.74250030517578,76.74250030517578,76.74250030517578,76.74250030517578,76.74250030517578,368.0
2024-03-01 11:55:00,MNKD,4.579999923706055,4.579999923706055,4.585000038146973,4.574999809265137,4.574999809265137,13984.0
2024-03-01 11:55:00,MNMD,6.130000114440918,6.130000114440918,6.135000228881836,6.130000114440918,6.133900165557861,1887.0
2024-03-01 11:55:00,MODV,28.225000381469727,28.225000381469727,28.225000381469727,28.225000381469727,28.225000381469727,735.0
2024-03-01 11:55:00,MOR,17.610000610351562,17.610000610351562,17.610000610351562,17.610000610351562,17.610000610351562,105.0
2024-03-01 11:55:00,MORF,38.689998626708984,38.689998626708984,38.72999954223633,38.689998626708984,38.70000076293945,730.0
2024-03-01 11:55:00,MOTS,0.656000018119812,0.656000018119812,0.656000018119812,0.656000018119812,0.656000018119812,200.0
2024-03-01 11:55:00,MRNA,96.19999694824219,96.19999694824219,96.30999755859375,96.19999694824219,96.30000305175781,2963.0
2024-03-01 11:55:00,MRSN,5.980000019073486,5.980000019073486,5.980000019073486,5.949999809265137,5.954999923706055,4208.0
2024-03-01 11:55:00,MRUS,51.66999816894531,51.66999816894531,51.66999816894531,51.66999816894531,51.66999816894531,451.0
2024-03-01 11:55:00,MXCT,4.724999904632568,4.724999904632568,4.724999904632568,4.724999904632568,4.724999904632568,100.0
2024-03-01 11:55:00,NARI,46.04999923706055,46.04999923706055,46.16999816894531,46.029998779296875,46.16999816894531,5617.0
2024-03-01 11:55:00,NBIX,131.71499633789062,131.71499633789062,131.77999877929688,131.71499633789062,131.77999877929688,1395.0
2024-03-01 11:55:00,NEO,16.03499984741211,16.03499984741211,16.040000915527344,16.03499984741211,16.040000915527344,518.0
2024-03-01 11:55:00,NEOG,17.309999465942383,17.309999465942383,17.309999465942383,17.309999465942383,17.309999465942383,2873.0
2024-03-01 11:55:00,NEXI,6.550000190734863,6.550000190734863,6.550000190734863,6.550000190734863,6.550000190734863,107.0
2024-03-01 11:55:00,NGM,1.5299999713897705,1.5299999713897705,1.5299999713897705,1.5299999713897705,1.5299999713897705,5459.0
2024-03-01 11:55:00,NKTR,0.7699000239372253,0.7699000239372253,0.7699000239372253,0.7689999938011169,0.7689999938011169,500.0
2024-03-01 11:55:00,NNOX,11.21500015258789,11.21500015258789,11.220000267028809,11.1899995803833,11.1899995803833,8316.0
2024-03-01 11:55:00,NPCE,16.225000381469727,16.225000381469727,16.25,16.149999618530273,16.219999313354492,1285.0
2024-03-01 11:55:00,NRIX,13.199999809265137,13.199999809265137,13.210000038146973,13.194999694824219,13.199999809265137,1053.0
2024-03-01 11:55:00,NRSN,2.0799999237060547,2.0799999237060547,2.0799999237060547,2.049999952316284,2.049999952316284,1962.0
2024-03-01 11:55:00,NRXP,0.4000999927520752,0.4000999927520752,0.4198000133037567,0.4000999927520752,0.4198000133037567,1438.0
2024-03-01 11:55:00,NTLA,33.290000915527344,33.290000915527344,33.400001525878906,33.290000915527344,33.32500076293945,3108.0
2024-03-01 11:55:00,NTRA,89.16000366210938,89.16000366210938,89.25,89.12999725341797,89.25,5785.0
2024-03-01 11:55:00,NUVL,87.69999694824219,87.69999694824219,87.73999786376953,87.69499969482422,87.73999786376953,904.0
2024-03-01 11:55:00,NVAX,5.110000133514404,5.110000133514404,5.119999885559082,5.099999904632568,5.119999885559082,25376.0
2024-03-01 11:55:00,NVCR,15.835000038146973,15.835000038146973,15.835000038146973,15.829999923706055,15.829999923706055,1240.0
2024-03-01 11:55:00,NXGL,2.424999952316284,2.424999952316284,2.424999952316284,2.424999952316284,2.424999952316284,449.0
2024-03-01 11:55:00,NXTC,1.7949999570846558,1.7949999570846558,1.7949999570846558,1.7949999570846558,1.7949999570846558,370.0
2024-03-01 11:55:00,OCGN,0.9352999925613403,0.9352999925613403,0.9398999810218811,0.9352999925613403,0.9398999810218811,333.0
2024-03-01 11:55:00,OCUL,10.625,10.625,10.669899940490723,10.609999656677246,10.669899940490723,9835.0
2024-03-01 11:55:00,OCUP,2.490000009536743,2.490000009536743,2.490000009536743,2.490000009536743,2.490000009536743,368.0
2024-03-01 11:55:00,OFIX,12.859999656677246,12.859999656677246,12.859999656677246,12.859999656677246,12.859999656677246,492.0
2024-03-01 11:55:00,OLMA,13.548800468444824,13.548800468444824,13.550000190734863,13.539999961853027,13.539999961853027,1745.0
2024-03-01 11:55:00,OMGA,4.210000038146973,4.210000038146973,4.21999979019165,4.210000038146973,4.218800067901611,1636.0
2024-03-01 11:56:00,AADI,1.975000023841858,1.975000023841858,1.975000023841858,1.975000023841858,1.975000023841858,248.0
2024-03-01 11:56:00,ABCL,5.213799953460693,5.213799953460693,5.213799953460693,5.213799953460693,5.213799953460693,292.0
2024-03-01 11:56:00,ABIO,1.6699999570846558,1.6699999570846558,1.6699999570846558,1.6699999570846558,1.6699999570846558,405.0
2024-03-01 11:56:00,ABOS,4.659999847412109,4.659999847412109,4.659999847412109,4.639999866485596,4.644999980926514,1849.0
2024-03-01 11:56:00,ABSI,5.224999904632568,5.224999904632568,5.225200176239014,5.224999904632568,5.225200176239014,1277.0
2024-03-01 11:56:00,ACAD,23.84000015258789,23.84000015258789,23.84000015258789,23.80500030517578,23.80500030517578,2929.0
2024-03-01 11:56:00,ACB,3.139899969100952,3.139899969100952,3.140000104904175,3.139899969100952,3.140000104904175,1320.0
2024-03-01 11:56:00,ACCD,10.279399871826172,10.279399871826172,10.279999732971191,10.279399871826172,10.279999732971191,535.0
2024-03-01 11:56:00,ACET,2.3949999809265137,2.3949999809265137,2.4000000953674316,2.3949999809265137,2.3949999809265137,569.0
2024-03-01 11:56:00,ACHV,4.25,4.25,4.25,4.25,4.25,105.0
2024-03-01 11:56:00,ACIU,3.890000104904175,3.890000104904175,3.890000104904175,3.880000114440918,3.880000114440918,681.0
2024-03-01 11:56:00,ACLX,67.42500305175781,67.42500305175781,67.42500305175781,67.41999816894531,67.41999816894531,446.0
2024-03-01 11:56:00,ACRS,1.225000023841858,1.225000023841858,1.2300000190734863,1.2200000286102295,1.2300000190734863,26381.0
2024-03-01 11:56:00,ADIL,3.252000093460083,3.252000093460083,3.2699999809265137,3.200000047683716,3.20989990234375,130328.0
2024-03-01 11:56:00,ADPT,4.179999828338623,4.179999828338623,4.179999828338623,4.179999828338623,4.179999828338623,302.0
2024-03-01 11:56:00,ADUS,93.56999969482422,93.56999969482422,93.56999969482422,93.56999969482422,93.56999969482422,239.0
2024-03-01 11:56:00,ADVM,1.9600000381469727,1.9600000381469727,1.965000033378601,1.9600000381469727,1.965000033378601,4934.0
2024-03-01 11:56:00,AGEN,0.6724500060081482,0.6724500060081482,0.6725000143051147,0.6715999841690063,0.6715999841690063,58829.0
2024-03-01 11:56:00,AGIO,32.869998931884766,32.869998931884766,32.869998931884766,32.8223991394043,32.8223991394043,1212.0
2024-03-01 11:56:00,AHCO,10.765000343322754,10.765000343322754,10.765000343322754,10.760000228881836,10.760000228881836,619.0
2024-03-01 11:56:00,AIMD,0.949999988079071,0.949999988079071,0.949999988079071,0.949999988079071,0.949999988079071,131.0
2024-03-01 11:56:00,AIRS,6.429999828338623,6.429999828338623,6.429999828338623,6.429999828338623,6.429999828338623,202.0
2024-03-01 11:56:00,AKAN,0.24269999563694,0.24269999563694,0.24269999563694,0.24269999563694,0.24269999563694,132.0
2024-03-01 11:56:00,AKBA,1.6699999570846558,1.6699999570846558,1.6699999570846558,1.6699999570846558,1.6699999570846558,131.0
2024-03-01 11:56:00,AKRO,29.43000030517578,29.43000030517578,29.43000030517578,29.235000610351562,29.235000610351562,6138.0
2024-03-01 11:56:00,ALEC,7.454999923706055,7.454999923706055,7.454999923706055,7.449999809265137,7.449999809265137,726.0
2024-03-01 11:56:00,ALGN,300.95001220703125,300.95001220703125,301.2300109863281,300.92999267578125,301.2300109863281,1831.0
2024-03-01 11:56:00,ALHC,5.739999771118164,5.739999771118164,5.739999771118164,5.739999771118164,5.739999771118164,401.0
2024-03-01 11:56:00,ALKS,30.229999542236328,30.229999542236328,30.229999542236328,30.209999084472656,30.229999542236328,4648.0
2024-03-01 11:56:00,ALLO,5.019999980926514,5.019999980926514,5.025000095367432,5.019999980926514,5.019999980926514,3624.0
2024-03-01 11:56:00,ALNY,153.75999450683594,153.75999450683594,153.82000732421875,153.69000244140625,153.7050018310547,1259.0
2024-03-01 11:56:00,ALPN,35.93000030517578,35.93000030517578,35.93000030517578,35.900001525878906,35.93000030517578,1975.0
2024-03-01 11:56:00,ALT,12.149999618530273,12.149999618530273,12.149999618530273,12.0649995803833,12.069999694824219,7007.0
2024-03-01 11:56:00,ALVR,0.7512000203132629,0.7512000203132629,0.7512000203132629,0.7512000203132629,0.7512000203132629,395.0
2024-03-01 11:56:00,ALXO,14.96500015258789,14.96500015258789,14.96500015258789,14.96500015258789,14.96500015258789,332.0
2024-03-01 11:56:00,AMED,93.05999755859375,93.05999755859375,93.19000244140625,93.05000305175781,93.06999969482422,3512.0
2024-03-01 11:56:00,AMGN,281.510009765625,281.510009765625,281.6000061035156,281.42498779296875,281.45001220703125,7162.0
2024-03-01 11:56:00,AMLX,18.780000686645508,18.780000686645508,18.780000686645508,18.729999542236328,18.729999542236328,2071.0
2024-03-01 11:56:00,AMPH,45.5099983215332,45.5099983215332,45.540000915527344,45.505001068115234,45.540000915527344,777.0
2024-03-01 11:56:00,ANGO,5.510000228881836,5.510000228881836,5.510000228881836,5.510000228881836,5.510000228881836,1137.0
2024-03-01 11:56:00,ANIK,24.655000686645508,24.655000686645508,24.670000076293945,24.655000686645508,24.670000076293945,402.0
2024-03-01 11:56:00,ANIP,66.81500244140625,66.81500244140625,66.97000122070312,66.62000274658203,66.94999694824219,2444.0
2024-03-01 11:56:00,ANIX,3.527400016784668,3.527400016784668,3.527400016784668,3.527400016784668,3.527400016784668,604.0
2024-03-01 11:56:00,ANNX,5.889999866485596,5.889999866485596,5.909999847412109,5.889999866485596,5.889999866485596,13273.0
2024-03-01 11:56:00,APLS,65.22000122070312,65.22000122070312,65.22000122070312,65.20490264892578,65.20490264892578,569.0
2024-03-01 11:56:00,APLT,7.119999885559082,7.119999885559082,7.119999885559082,7.119999885559082,7.119999885559082,912.0
2024-03-01 11:56:00,APVO,0.1607999950647354,0.1607999950647354,0.1607999950647354,0.15309999883174896,0.15309999883174896,12553.0
2024-03-01 11:56:00,AQST,4.3403000831604,4.3403000831604,4.349999904632568,4.338500022888184,4.349999904632568,2805.0
2024-03-01 11:56:00,ARAY,2.634999990463257,2.634999990463257,2.640000104904175,2.634999990463257,2.640000104904175,843.0
2024-03-01 11:56:00,ARDX,9.635000228881836,9.635000228881836,9.640000343322754,9.604999542236328,9.604999542236328,12568.0
2024-03-01 11:56:00,ARGX,388.42498779296875,388.42498779296875,388.42498779296875,388.0849914550781,388.0849914550781,1465.0
2024-03-01 11:56:00,ARQT,11.510000228881836,11.510000228881836,11.510000228881836,11.484100341796875,11.489999771118164,7549.0
2024-03-01 11:56:00,ARVN,48.55500030517578,48.55500030517578,48.55500030517578,48.470001220703125,48.470001220703125,1938.0
2024-03-01 11:56:00,ARWR,35.68000030517578,35.68000030517578,35.68000030517578,35.650001525878906,35.66749954223633,1272.0
2024-03-01 11:56:00,ASRT,0.9104999899864197,0.9104999899864197,0.9110000133514404,0.9104999899864197,0.9104999899864197,572.0
2024-03-01 11:56:00,ATAI,2.0826001167297363,2.0826001167297363,2.0850000381469727,2.069999933242798,2.069999933242798,32665.0
2024-03-01 11:56:00,ATEC,13.619999885559082,13.619999885559082,13.619999885559082,13.609999656677246,13.609999656677246,926.0
2024-03-01 11:56:00,ATHA,3.944999933242798,3.944999933242798,3.944999933242798,3.944999933242798,3.944999933242798,313.0
2024-03-01 11:56:00,ATHE,1.7899999618530273,1.7899999618530273,1.7899999618530273,1.7799999713897705,1.7899999618530273,604.0
2024-03-01 11:56:00,ATOS,0.9990000128746033,0.9990000128746033,0.9990000128746033,0.9990000128746033,0.9990000128746033,1002.0
2024-03-01 11:56:00,ATRA,0.791949987411499,0.791949987411499,0.7937999963760376,0.7900000214576721,0.7919999957084656,2529.0
2024-03-01 11:56:00,ATXI,0.15399999916553497,0.15399999916553497,0.15399999916553497,0.15389999747276306,0.15389999747276306,2300.0
2024-03-01 11:56:00,ATXS,14.904999732971191,14.904999732971191,14.904999732971191,14.904999732971191,14.904999732971191,730.0
2024-03-01 11:56:00,AUPH,5.795000076293945,5.795000076293945,5.795000076293945,5.795000076293945,5.795000076293945,243.0
2024-03-01 11:56:00,AVIR,4.510000228881836,4.510000228881836,4.514999866485596,4.480000019073486,4.480000019073486,14369.0
2024-03-01 11:56:00,AVRO,1.3200000524520874,1.3200000524520874,1.3250000476837158,1.3200000524520874,1.3250000476837158,1050.0
2024-03-01 11:56:00,AVTE,23.68000030517578,23.68000030517578,23.68000030517578,23.68000030517578,23.68000030517578,200.0
2024-03-01 11:56:00,AVXL,5.320000171661377,5.320000171661377,5.3282999992370605,5.320000171661377,5.3282999992370605,400.0
2024-03-01 11:56:00,AWH,4.2195000648498535,4.2195000648498535,4.2195000648498535,4.2195000648498535,4.2195000648498535,324.0
2024-03-01 11:56:00,AXSM,82.38999938964844,82.38999938964844,82.38999938964844,82.3499984741211,82.3499984741211,250.0
2024-03-01 11:56:00,AZN,64.6050033569336,64.6050033569336,64.6050033569336,64.58000183105469,64.58499908447266,3119.0
2024-03-01 11:56:00,BBIO,35.869998931884766,35.869998931884766,35.880001068115234,35.83000183105469,35.83000183105469,2290.0
2024-03-01 11:56:00,BBLG,2.3399999141693115,2.3399999141693115,2.3399999141693115,2.291100025177002,2.291100025177002,1320.0
2024-03-01 11:56:00,BCRX,5.755000114440918,5.755000114440918,5.760000228881836,5.755000114440918,5.760000228881836,341.0
2024-03-01 11:56:00,BEAM,39.939998626708984,39.939998626708984,39.939998626708984,39.91999816894531,39.91999816894531,667.0
2024-03-01 11:56:00,BIIB,219.6999969482422,219.6999969482422,219.6999969482422,219.22999572753906,219.3000030517578,4362.0
2024-03-01 11:56:00,BIOL,0.13779999315738678,0.13779999315738678,0.1378999948501587,0.13779999315738678,0.1378999948501587,250.0
2024-03-01 11:56:00,BIOR,1.2486000061035156,1.2486000061035156,1.2486000061035156,1.2350000143051147,1.2350000143051147,2354.0
2024-03-01 11:56:00,BIVI,2.0601000785827637,2.0601000785827637,2.109999895095825,2.0601000785827637,2.090100049972534,64710.0
2024-03-01 11:56:00,BLFS,18.239999771118164,18.239999771118164,18.260000228881836,18.239999771118164,18.260000228881836,952.0
2024-03-01 11:56:00,BLUE,1.565000057220459,1.565000057220459,1.5699000358581543,1.559999942779541,1.5699000358581543,49388.0
2024-03-01 11:56:00,BMEA,17.8799991607666,17.8799991607666,17.895000457763672,17.8799991607666,17.895000457763672,326.0
2024-03-01 11:56:00,BMRN,86.97989654541016,86.97989654541016,86.97989654541016,86.94499969482422,86.94499969482422,1099.0
2024-03-01 11:56:00,BNTX,91.78500366210938,91.78500366210938,91.78500366210938,91.7699966430664,91.7699966430664,1074.0
2024-03-01 11:56:00,BPMC,97.38999938964844,97.38999938964844,97.41999816894531,97.3499984741211,97.3499984741211,855.0
2024-03-01 11:56:00,BRKR,87.94000244140625,87.94000244140625,87.94000244140625,87.91000366210938,87.91000366210938,1189.0
2024-03-01 11:56:00,BRTX,1.4901000261306763,1.4901000261306763,1.4901000261306763,1.4901000261306763,1.4901000261306763,2500.0
2024-03-01 11:56:00,BSGM,0.6359999775886536,0.6359999775886536,0.6359999775886536,0.6359999775886536,0.6359999775886536,197.0
2024-03-01 11:56:00,BTMD,6.090000152587891,6.090000152587891,6.090000152587891,6.090000152587891,6.090000152587891,124.0
2024-03-01 11:56:00,BTTX,0.17100000381469727,0.17100000381469727,0.17100000381469727,0.17010000348091125,0.17010000348091125,5132.0
2024-03-01 11:56:00,BVS,4.690000057220459,4.690000057220459,4.690000057220459,4.690000057220459,4.690000057220459,241.0
2024-03-01 11:56:00,BWAY,6.53000020980835,6.53000020980835,6.53000020980835,6.53000020980835,6.53000020980835,100.0
2024-03-01 11:56:00,CARA,0.8895999789237976,0.8895999789237976,0.900600016117096,0.8895999789237976,0.900600016117096,829.0
2024-03-01 11:56:00,CBAY,32.25,32.25,32.255001068115234,32.244998931884766,32.25,12410.0
2024-03-01 11:56:00,CCCC,10.869999885559082,10.869999885559082,10.880000114440918,10.840200424194336,10.840200424194336,3213.0
2024-03-01 11:56:00,CDMO,8.130000114440918,8.130000114440918,8.130000114440918,8.119999885559082,8.130000114440918,1969.0
2024-03-01 11:56:00,CDNA,12.420000076293945,12.420000076293945,12.449999809265137,12.420000076293945,12.430000305175781,3472.0
2024-03-01 11:56:00,CDTX,0.7229999899864197,0.7229999899864197,0.7229999899864197,0.7229999899864197,0.7229999899864197,1101.0
2024-03-01 11:56:00,CDXS,4.519999980926514,4.519999980926514,4.519999980926514,4.519999980926514,4.519999980926514,2612.0
2024-03-01 11:56:00,CERE,41.099998474121094,41.099998474121094,41.10499954223633,41.099998474121094,41.10499954223633,470.0
2024-03-01 11:56:00,CERT,17.690000534057617,17.690000534057617,17.690000534057617,17.68000030517578,17.68000030517578,673.0
2024-03-01 11:56:00,CGC,3.265000104904175,3.265000104904175,3.2699999809265137,3.265000104904175,3.265000104904175,1783.0
2024-03-01 11:56:00,CGTX,2.049999952316284,2.049999952316284,2.049999952316284,2.049999952316284,2.049999952316284,501.0
2024-03-01 11:56:00,CHRS,2.359999895095825,2.359999895095825,2.359999895095825,2.3550000190734863,2.3550000190734863,1060.0
2024-03-01 11:56:00,CKPT,2.2100000381469727,2.2100000381469727,2.2100000381469727,2.2100000381469727,2.2100000381469727,1245.0
2024-03-01 11:56:00,CLDX,52.51499938964844,52.51499938964844,52.51499938964844,52.5099983215332,52.5099983215332,203.0
2024-03-01 11:56:00,CLNN,0.39010000228881836,0.39010000228881836,0.39010000228881836,0.39010000228881836,0.39010000228881836,2661.0
2024-03-01 11:56:00,CLOV,0.8623999953269958,0.8623999953269958,0.8644499778747559,0.8622999787330627,0.8622999787330627,18243.0
2024-03-01 11:56:00,CLPT,6.769999980926514,6.769999980926514,6.769999980926514,6.769999980926514,6.769999980926514,115.0
2024-03-01 11:56:00,CLRB,4.090000152587891,4.090000152587891,4.105000019073486,4.079999923706055,4.099999904632568,9467.0
2024-03-01 11:56:00,CMPS,11.479999542236328,11.479999542236328,11.479999542236328,11.399999618530273,11.399999618530273,9260.0
2024-03-01 11:56:00,CMRX,1.149999976158142,1.149999976158142,1.149999976158142,1.149999976158142,1.149999976158142,100.0
2024-03-01 11:56:00,CODX,1.159999966621399,1.159999966621399,1.159999966621399,1.159999966621399,1.159999966621399,382.0
2024-03-01 11:56:00,COGT,7.21999979019165,7.21999979019165,7.21999979019165,7.21999979019165,7.21999979019165,211.0
2024-03-01 11:56:00,CORT,23.729999542236328,23.729999542236328,23.729999542236328,23.729999542236328,23.729999542236328,1129.0
2024-03-01 11:56:00,CPRX,17.084999084472656,17.084999084472656,17.084999084472656,17.0,17.0,10141.0
2024-03-01 11:56:00,CRBP,31.4950008392334,31.4950008392334,31.4950008392334,31.4950008392334,31.4950008392334,369.0
2024-03-01 11:56:00,CRBU,7.96999979019165,7.96999979019165,7.96999979019165,7.960000038146973,7.960000038146973,1162.0
2024-03-01 11:56:00,CRDF,2.3499999046325684,2.3499999046325684,2.3698999881744385,2.3499999046325684,2.350800037384033,17913.0
2024-03-01 11:56:00,CRMD,3.7100000381469727,3.7100000381469727,3.7200000286102295,3.7100000381469727,3.7200000286102295,349.0
2024-03-01 11:56:00,CRNX,45.91999816894531,45.91999816894531,45.959999084472656,45.91999816894531,45.959999084472656,662.0
2024-03-01 11:56:00,CRON,2.059999942779541,2.059999942779541,2.059999942779541,2.055000066757202,2.055000066757202,470.0
2024-03-01 11:56:00,CRSP,85.33499908447266,85.33499908447266,85.33499908447266,85.19000244140625,85.19000244140625,656.0
2024-03-01 11:56:00,CSTL,19.950000762939453,19.950000762939453,19.950000762939453,19.950000762939453,19.950000762939453,204.0
2024-03-01 11:56:00,CTKB,8.487500190734863,8.487500190734863,8.487500190734863,8.479999542236328,8.479999542236328,614.0
2024-03-01 11:56:00,CTMX,2.575000047683716,2.575000047683716,2.5799999237060547,2.575000047683716,2.5799999237060547,830.0
2024-03-01 11:56:00,CTXR,0.7700999975204468,0.7700999975204468,0.7700999975204468,0.7700999975204468,0.7700999975204468,420.0
2024-03-01 11:56:00,CVAC,3.45989990234375,3.45989990234375,3.45989990234375,3.45989990234375,3.45989990234375,1716.0
2024-03-01 11:56:00,CVRX,20.299999237060547,20.299999237060547,20.299999237060547,20.299999237060547,20.299999237060547,399.0
2024-03-01 11:56:00,CYTK,73.83499908447266,73.83499908447266,73.85710144042969,73.80999755859375,73.83999633789062,1365.0
2024-03-01 11:56:00,CYTO,2.1649999618530273,2.1649999618530273,2.1649999618530273,2.1649999618530273,2.1649999618530273,538.0
2024-03-01 11:56:00,DAWN,17.450000762939453,17.450000762939453,17.450000762939453,17.399999618530273,17.399999618530273,6355.0
2024-03-01 11:56:00,DCTH,4.210000038146973,4.210000038146973,4.210000038146973,4.210000038146973,4.210000038146973,305.0
2024-03-01 11:56:00,DERM,4.099999904632568,4.099999904632568,4.099999904632568,4.099999904632568,4.099999904632568,208.0
2024-03-01 11:56:00,DH,9.039999961853027,9.039999961853027,9.039999961853027,9.039999961853027,9.039999961853027,615.0
2024-03-01 11:56:00,DMTK,0.8398000001907349,0.8398000001907349,0.8398000001907349,0.8294410109519958,0.829800009727478,6256.0
2024-03-01 11:56:00,DNLI,20.75,20.75,20.760000228881836,20.739999771118164,20.739999771118164,2213.0
2024-03-01 11:56:00,DRUG,1.7999999523162842,1.7999999523162842,1.7999999523162842,1.7999999523162842,1.7999999523162842,100.0
2024-03-01 11:56:00,DTIL,11.721099853515625,11.721099853515625,11.774999618530273,11.600000381469727,11.71500015258789,28576.0
2024-03-01 11:56:00,DVAX,12.869999885559082,12.869999885559082,12.869999885559082,12.864999771118164,12.864999771118164,737.0
2024-03-01 11:56:00,DXCM,120.1449966430664,120.1449966430664,120.23500061035156,120.04499816894531,120.05000305175781,13251.0
2024-03-01 11:56:00,DYN,28.915000915527344,28.915000915527344,28.915000915527344,28.829999923706055,28.829999923706055,645.0
2024-03-01 11:56:00,EDAP,6.813000202178955,6.813000202178955,6.813000202178955,6.813000202178955,6.813000202178955,100.0
2024-03-01 11:56:00,EDIT,10.819999694824219,10.819999694824219,10.84000015258789,10.8149995803833,10.84000015258789,12998.0
2024-03-01 11:56:00,ELDN,1.820099949836731,1.820099949836731,1.820099949836731,1.8200000524520874,1.8200000524520874,2233.0
2024-03-01 11:56:00,ELEV,4.869999885559082,4.869999885559082,4.869999885559082,4.860000133514404,4.860000133514404,2687.0
2024-03-01 11:56:00,EMBC,14.359999656677246,14.359999656677246,14.359999656677246,14.359999656677246,14.359999656677246,219.0
2024-03-01 11:56:00,ENSG,123.30000305175781,123.30000305175781,123.30000305175781,123.30000305175781,123.30000305175781,1100.0
2024-03-01 11:56:00,ENTA,15.229999542236328,15.229999542236328,15.229999542236328,15.229999542236328,15.229999542236328,357.0
2024-03-01 11:56:00,ENVB,1.6449999809265137,1.6449999809265137,1.6799999475479126,1.6100000143051147,1.6540000438690186,32204.0
2024-03-01 11:56:00,EOLS,14.649999618530273,14.649999618530273,14.649999618530273,14.649999618530273,14.649999618530273,489.0
2024-03-01 11:56:00,EQ,2.3399999141693115,2.3399999141693115,2.359999895095825,2.3010001182556152,2.359999895095825,6898.0
2024-03-01 11:56:00,ERAS,2.494999885559082,2.494999885559082,2.505000114440918,2.490000009536743,2.505000114440918,12764.0
2024-03-01 11:56:00,ESPR,2.529099941253662,2.529099941253662,2.5299999713897705,2.5199999809265137,2.5250000953674316,2121.0
2024-03-01 11:56:00,ESTA,45.79999923706055,45.79999923706055,45.9900016784668,45.79999923706055,45.849998474121094,2971.0
2024-03-01 11:56:00,ETNB,12.9399995803833,12.9399995803833,12.9399995803833,12.920000076293945,12.920000076293945,4421.0
2024-03-01 11:56:00,EVGN,0.9603999853134155,0.9603999853134155,0.9603999853134155,0.9603999853134155,0.9603999853134155,100.0
2024-03-01 11:56:00,EWTX,16.934999465942383,16.934999465942383,16.934999465942383,16.934999465942383,16.934999465942383,493.0
2024-03-01 11:56:00,EXAS,59.54999923706055,59.54999923706055,59.54999923706055,59.54999923706055,59.54999923706055,157.0
2024-03-01 11:56:00,EXEL,22.530000686645508,22.530000686645508,22.530000686645508,22.4950008392334,22.5,8931.0
2024-03-01 11:56:00,EYPT,28.024999618530273,28.024999618530273,28.040000915527344,28.024999618530273,28.024999618530273,1143.0
2024-03-01 11:56:00,FATE,7.40500020980835,7.40500020980835,7.409999847412109,7.400000095367432,7.400000095367432,2374.0
2024-03-01 11:56:00,FDMT,29.040000915527344,29.040000915527344,29.05500030517578,29.040000915527344,29.05500030517578,507.0
2024-03-01 11:56:00,FGEN,1.8200000524520874,1.8200000524520874,1.8200000524520874,1.811900019645691,1.8200000524520874,6231.0
2024-03-01 11:56:00,FHTX,8.0,8.0,8.0,8.0,8.0,492.0
2024-03-01 11:56:00,FOLD,13.295000076293945,13.295000076293945,13.295000076293945,13.274999618530273,13.279999732971191,3036.0
2024-03-01 11:56:00,FULC,10.829999923706055,10.829999923706055,10.829999923706055,10.829999923706055,10.829999923706055,130.0
2024-03-01 11:56:00,FUSN,12.399999618530273,12.399999618530273,12.40999984741211,12.399999618530273,12.399999618530273,1104.0
2024-03-01 11:56:00,GBIO,2.619999885559082,2.619999885559082,2.619999885559082,2.619999885559082,2.619999885559082,210.0
2024-03-01 11:56:00,GDRX,8.295000076293945,8.295000076293945,8.300000190734863,8.295000076293945,8.29990005493164,2437.0
2024-03-01 11:56:00,GERN,2.1649999618530273,2.1649999618530273,2.1700000762939453,2.1649999618530273,2.1649999618530273,5748.0
2024-03-01 11:56:00,GH,19.25,19.25,19.25,19.25,19.25,786.0
2024-03-01 11:56:00,GILD,72.20500183105469,72.20500183105469,72.2300033569336,72.19999694824219,72.20999908447266,9524.0
2024-03-01 11:56:00,GLMD,0.39149999618530273,0.39149999618530273,0.3919999897480011,0.39149999618530273,0.3919999897480011,2021.0
2024-03-01 11:56:00,GLPG,35.20000076293945,35.20000076293945,35.20000076293945,35.189998626708984,35.189998626708984,241.0
2024-03-01 11:56:00,GMDA,0.3885999917984009,0.3885999917984009,0.3885999917984009,0.38589999079704285,0.38600000739097595,72911.0
2024-03-01 11:56:00,GOSS,1.3650000095367432,1.3650000095367432,1.3650000095367432,1.3600000143051147,1.3600000143051147,543.0
2024-03-01 11:56:00,GRFS,7.059999942779541,7.059999942779541,7.070000171661377,7.059999942779541,7.070000171661377,1433.0
2024-03-01 11:56:00,GRTS,2.2049999237060547,2.2049999237060547,2.2100000381469727,2.200000047683716,2.2000999450683594,28914.0
2024-03-01 11:56:00,GRTX,0.23010000586509705,0.23010000586509705,0.23010000586509705,0.23010000586509705,0.23010000586509705,305.0
2024-03-01 11:56:00,GTHX,3.6050000190734863,3.6050000190734863,3.630000114440918,3.6050000190734863,3.630000114440918,8277.0
2024-03-01 11:56:00,HALO,41.290000915527344,41.290000915527344,41.29999923706055,41.2599983215332,41.2599983215332,3212.0
2024-03-01 11:56:00,HARP,22.94499969482422,22.94499969482422,22.94499969482422,22.94499969482422,22.94499969482422,177.0
2024-03-01 11:56:00,HCAT,7.920000076293945,7.920000076293945,7.920000076293945,7.89900016784668,7.900000095367432,1812.0
2024-03-01 11:56:00,HCTI,2.484999895095825,2.484999895095825,2.484999895095825,2.4600000381469727,2.4600000381469727,2320.0
2024-03-01 11:56:00,HLVX,18.709999084472656,18.709999084472656,18.709999084472656,18.709999084472656,18.709999084472656,104.0
2024-03-01 11:56:00,HOLX,73.75,73.75,73.75499725341797,73.73999786376953,73.75499725341797,929.0
2024-03-01 11:56:00,HROW,10.839900016784668,10.839900016784668,10.839900016784668,10.839900016784668,10.839900016784668,574.0
2024-03-01 11:56:00,HRTX,2.6050000190734863,2.6050000190734863,2.609100103378296,2.6050000190734863,2.609100103378296,1757.0
2024-03-01 11:56:00,HSCS,0.11829999834299088,0.11829999834299088,0.11829999834299088,0.11829999834299088,0.11829999834299088,110.0
2024-03-01 11:56:00,HSIC,77.0,77.0,77.0199966430664,76.9800033569336,77.0199966430664,1851.0
2024-03-01 11:56:00,HSTM,27.420000076293945,27.420000076293945,27.420000076293945,27.375,27.40999984741211,1485.0
2024-03-01 11:56:00,HUMA,3.4049999713897705,3.4049999713897705,3.4200000762939453,3.4000000953674316,3.4000000953674316,8334.0
2024-03-01 11:56:00,IART,36.5099983215332,36.5099983215332,36.5099983215332,36.5099983215332,36.5099983215332,358.0
2024-03-01 11:56:00,IBRX,4.869999885559082,4.869999885559082,4.880000114440918,4.860000133514404,4.869900226593018,3154.0
2024-03-01 11:56:00,ICLR,322.5,322.5,322.5,322.5,322.5,1125.0
2024-03-01 11:56:00,ICUI,106.13999938964844,106.13999938964844,106.13999938964844,106.13999938964844,106.13999938964844,119.0
2024-03-01 11:56:00,IDXX,582.1099853515625,582.1099853515625,582.1099853515625,581.5399780273438,581.5399780273438,601.0
2024-03-01 11:56:00,IDYA,46.20000076293945,46.20000076293945,46.20000076293945,46.13999938964844,46.13999938964844,2822.0
2024-03-01 11:56:00,ILMN,141.8699951171875,141.8699951171875,141.8699951171875,141.8699951171875,141.8699951171875,503.0
2024-03-01 11:56:00,IMAB,1.840000033378601,1.840000033378601,1.8407000303268433,1.840000033378601,1.8407000303268433,4268.0
2024-03-01 11:56:00,IMCC,0.32047900557518005,0.32047900557518005,0.32047900557518005,0.32047900557518005,0.32047900557518005,129.0
2024-03-01 11:56:00,IMCR,68.05000305175781,68.05000305175781,68.16000366210938,68.05000305175781,68.08999633789062,799.0
2024-03-01 11:56:00,IMMP,2.3399999141693115,2.3399999141693115,2.3399999141693115,2.3399999141693115,2.3399999141693115,268.0
2024-03-01 11:56:00,IMMX,3.569999933242798,3.569999933242798,3.569999933242798,3.569999933242798,3.569999933242798,100.0
2024-03-01 11:56:00,IMNM,25.559999465942383,25.559999465942383,25.559999465942383,25.559999465942383,25.559999465942383,535.0
2024-03-01 11:56:00,IMUX,1.48989999294281,1.48989999294281,1.48989999294281,1.48989999294281,1.48989999294281,272.0
2024-03-01 11:56:00,IMVT,36.31999969482422,36.31999969482422,36.31999969482422,36.310001373291016,36.310001373291016,558.0
2024-03-01 11:56:00,INCY,59.04999923706055,59.04999923706055,59.04999923706055,59.04999923706055,59.04999923706055,1425.0
2024-03-01 11:56:00,INGN,6.880000114440918,6.880000114440918,6.880000114440918,6.880000114440918,6.880000114440918,457.0
2024-03-01 11:56:00,INMB,12.079999923706055,12.079999923706055,12.09000015258789,12.0,12.069999694824219,1454.0
2024-03-01 11:56:00,INMD,22.850000381469727,22.850000381469727,22.855199813842773,22.815000534057617,22.829999923706055,4747.0
2024-03-01 11:56:00,INSM,28.2549991607666,28.2549991607666,28.2549991607666,28.18000030517578,28.18000030517578,1617.0
2024-03-01 11:56:00,INVA,15.694999694824219,15.694999694824219,15.694999694824219,15.694999694824219,15.694999694824219,321.0
2024-03-01 11:56:00,INZY,6.480000019073486,6.480000019073486,6.480000019073486,6.480000019073486,6.480000019073486,259.0
2024-03-01 11:56:00,IONM,0.34940001368522644,0.34940001368522644,0.34940001368522644,0.335099995136261,0.335099995136261,1100.0
2024-03-01 11:56:00,IONS,45.93000030517578,45.93000030517578,45.93000030517578,45.8650016784668,45.8650016784668,4437.0
2024-03-01 11:56:00,IOVA,16.614999771118164,16.614999771118164,16.63990020751953,16.584999084472656,16.584999084472656,16139.0
2024-03-01 11:56:00,IRWD,9.03499984741211,9.03499984741211,9.039999961853027,8.984999656677246,8.989999771118164,105154.0
2024-03-01 11:56:00,ISRG,394.17999267578125,394.17999267578125,394.44000244140625,394.17999267578125,394.3699951171875,5280.0
2024-03-01 11:56:00,ITCI,71.5,71.5,71.5,71.5,71.5,229.0
2024-03-01 11:56:00,ITOS,10.739999771118164,10.739999771118164,10.739999771118164,10.739999771118164,10.739999771118164,142.0
2024-03-01 11:56:00,ITRM,1.25,1.25,1.25,1.25,1.25,5525.0
2024-03-01 11:56:00,IVVD,4.010000228881836,4.010000228881836,4.010000228881836,4.010000228881836,4.010000228881836,346.0
2024-03-01 11:56:00,JAGX,0.07320000231266022,0.07320000231266022,0.07320000231266022,0.07209999859333038,0.0723000019788742,479600.0
2024-03-01 11:56:00,JSPR,21.36989974975586,21.36989974975586,21.36989974975586,21.36989974975586,21.36989974975586,270.0
2024-03-01 11:56:00,JYNT,10.015000343322754,10.015000343322754,10.015000343322754,10.015000343322754,10.015000343322754,110.0
2024-03-01 11:56:00,KALV,13.96500015258789,13.96500015258789,13.96500015258789,13.960000038146973,13.960000038146973,1143.0
2024-03-01 11:56:00,KNTE,2.630000114440918,2.630000114440918,2.630000114440918,2.630000114440918,2.630000114440918,1080.0
2024-03-01 11:56:00,KOD,6.110000133514404,6.110000133514404,6.110000133514404,6.099999904632568,6.099999904632568,653.0
2024-03-01 11:56:00,KPTI,1.215000033378601,1.215000033378601,1.215000033378601,1.215000033378601,1.215000033378601,804.0
2024-03-01 11:56:00,KRTX,316.5199890136719,316.5199890136719,316.5199890136719,316.5199890136719,316.5199890136719,480.0
2024-03-01 11:56:00,KRYS,166.5850067138672,166.5850067138672,166.75999450683594,166.5850067138672,166.63999938964844,1119.0
2024-03-01 11:56:00,KTRA,0.09719999879598618,0.09719999879598618,0.09849999845027924,0.09700000286102295,0.0982000008225441,21981.0
2024-03-01 11:56:00,KURA,21.290000915527344,21.290000915527344,21.295000076293945,21.290000915527344,21.295000076293945,200.0
2024-03-01 11:56:00,LAB,2.4649999141693115,2.4649999141693115,2.4749999046325684,2.4581000804901123,2.4600000381469727,34805.0
2024-03-01 11:56:00,LEGN,65.83000183105469,65.83000183105469,65.92500305175781,65.83000183105469,65.92500305175781,2126.0
2024-03-01 11:56:00,LEXX,2.759999990463257,2.759999990463257,2.759999990463257,2.759999990463257,2.759999990463257,761.0
2024-03-01 11:56:00,LFST,7.985000133514404,7.985000133514404,7.985000133514404,7.985000133514404,7.985000133514404,178.0
2024-03-01 11:56:00,LGND,78.45500183105469,78.45500183105469,78.45500183105469,78.16000366210938,78.22000122070312,2790.0
2024-03-01 11:56:00,LIAN,4.860000133514404,4.860000133514404,4.860000133514404,4.860000133514404,4.860000133514404,200.0
2024-03-01 11:56:00,LIVN,55.35499954223633,55.35499954223633,55.35499954223633,55.290000915527344,55.290000915527344,2877.0
2024-03-01 11:56:00,LNTH,65.37999725341797,65.37999725341797,65.37999725341797,65.37999725341797,65.37999725341797,524.0
2024-03-01 11:56:00,LQDA,14.279999732971191,14.279999732971191,14.289999961853027,14.279999732971191,14.289999961853027,885.0
2024-03-01 11:56:00,LUCD,1.2300000190734863,1.2300000190734863,1.2300000190734863,1.2300000190734863,1.2300000190734863,100.0
2024-03-01 11:56:00,LVTX,3.175299882888794,3.175299882888794,3.200000047683716,3.1710000038146973,3.184999942779541,1220.0
2024-03-01 11:56:00,LYEL,3.1500000953674316,3.1500000953674316,3.1500000953674316,3.140000104904175,3.1500000953674316,5845.0
2024-03-01 11:56:00,MCRB,1.190000057220459,1.190000057220459,1.1950000524520874,1.190000057220459,1.1950000524520874,2300.0
2024-03-01 11:56:00,MDGL,244.63499450683594,244.63499450683594,244.63499450683594,244.63499450683594,244.63499450683594,290.0
2024-03-01 11:56:00,MDRX,6.150000095367432,6.150000095367432,6.150000095367432,6.079999923706055,6.079999923706055,7340.0
2024-03-01 11:56:00,MDXG,8.569999694824219,8.569999694824219,8.574999809265137,8.569999694824219,8.569999694824219,668.0
2024-03-01 11:56:00,ME,0.5688999891281128,0.5688999891281128,0.569599986076355,0.5687999725341797,0.5690000057220459,16669.0
2024-03-01 11:56:00,MEDP,400.07000732421875,400.07000732421875,400.6499938964844,399.94000244140625,400.6499938964844,702.0
2024-03-01 11:56:00,MGNX,18.980600357055664,18.980600357055664,18.9950008392334,18.980600357055664,18.9950008392334,708.0
2024-03-01 11:56:00,MIRM,30.094999313354492,30.094999313354492,30.100000381469727,30.09000015258789,30.09000015258789,967.0
2024-03-01 11:56:00,MIST,1.6799999475479126,1.6799999475479126,1.6799999475479126,1.6799999475479126,1.6799999475479126,2813.0
2024-03-01 11:56:00,MLTX,51.845001220703125,51.845001220703125,51.880001068115234,51.83000183105469,51.83000183105469,1368.0
2024-03-01 11:56:00,MNKD,4.574999809265137,4.574999809265137,4.579999923706055,4.574999809265137,4.579999923706055,1300.0
2024-03-01 11:56:00,MNMD,6.130899906158447,6.130899906158447,6.135000228881836,6.125,6.125,1408.0
2024-03-01 11:56:00,MOR,17.610000610351562,17.610000610351562,17.610000610351562,17.610000610351562,17.610000610351562,326.0
2024-03-01 11:56:00,MORF,38.75,38.75,38.75,38.709999084472656,38.709999084472656,838.0
2024-03-01 11:56:00,MREO,3.8499999046325684,3.8499999046325684,3.8499999046325684,3.8499999046325684,3.8499999046325684,266.0
2024-03-01 11:56:00,MRNA,96.30000305175781,96.30000305175781,96.30999755859375,96.18499755859375,96.18499755859375,5151.0
2024-03-01 11:56:00,MRSN,5.96999979019165,5.96999979019165,5.989999771118164,5.949999809265137,5.980000019073486,7526.0
2024-03-01 11:56:00,MRUS,51.709999084472656,51.709999084472656,51.709999084472656,51.709999084472656,51.709999084472656,103.0
2024-03-01 11:56:00,MRVI,7.809999942779541,7.809999942779541,7.815000057220459,7.809999942779541,7.809999942779541,332.0
2024-03-01 11:56:00,MXCT,4.730000019073486,4.730000019073486,4.735000133514404,4.724999904632568,4.724999904632568,1879.0
2024-03-01 11:56:00,NARI,46.130001068115234,46.130001068115234,46.130001068115234,46.0,46.02000045776367,6198.0
2024-03-01 11:56:00,NBIX,131.74000549316406,131.74000549316406,131.74000549316406,131.65499877929688,131.72999572753906,1527.0
2024-03-01 11:56:00,NEO,16.0049991607666,16.0049991607666,16.0049991607666,15.989999771118164,16.0,522.0
2024-03-01 11:56:00,NEOG,17.309999465942383,17.309999465942383,17.309999465942383,17.309999465942383,17.309999465942383,254.0
2024-03-01 11:56:00,NEPH,3.2100000381469727,3.2100000381469727,3.2100000381469727,3.209700107574463,3.209700107574463,256.0
2024-03-01 11:56:00,NEPT,0.44999998807907104,0.44999998807907104,0.44999998807907104,0.44999998807907104,0.44999998807907104,2100.0
2024-03-01 11:56:00,NERV,2.4900999069213867,2.4900999069213867,2.4900999069213867,2.4900999069213867,2.4900999069213867,100.0
2024-03-01 11:56:00,NGM,1.5299999713897705,1.5299999713897705,1.5299999713897705,1.5299999713897705,1.5299999713897705,643.0
2024-03-01 11:56:00,NKTX,12.774999618530273,12.774999618530273,12.789999961853027,12.75,12.770000457763672,3046.0
2024-03-01 11:56:00,NNOX,11.21500015258789,11.21500015258789,11.220000267028809,11.15999984741211,11.220000267028809,6592.0
2024-03-01 11:56:00,NOTV,8.180000305175781,8.180000305175781,8.180000305175781,8.15999984741211,8.15999984741211,1244.0
2024-03-01 11:56:00,NRIX,13.25,13.25,13.25,13.1899995803833,13.1899995803833,4807.0
2024-03-01 11:56:00,NRSN,2.069999933242798,2.069999933242798,2.069999933242798,2.069999933242798,2.069999933242798,285.0
2024-03-01 11:56:00,NRXP,0.41990000009536743,0.41990000009536743,0.41990000009536743,0.41990000009536743,0.41990000009536743,100.0
2024-03-01 11:56:00,NTLA,33.279998779296875,33.279998779296875,33.29999923706055,33.2599983215332,33.29999923706055,739.0
2024-03-01 11:56:00,NTRA,89.12300109863281,89.12300109863281,89.16500091552734,89.08000183105469,89.16000366210938,3607.0
2024-03-01 11:56:00,NURO,4.03000020980835,4.03000020980835,4.03000020980835,4.010000228881836,4.03000020980835,617.0
2024-03-01 11:56:00,NUWE,0.5789499878883362,0.5789499878883362,0.5789499878883362,0.5789499878883362,0.5789499878883362,1209.0
2024-03-01 11:56:00,NVAX,5.110000133514404,5.110000133514404,5.110000133514404,5.099999904632568,5.099999904632568,3353.0
2024-03-01 11:56:00,NVNO,6.5,6.5,6.5,6.5,6.5,2505.0
2024-03-01 11:56:00,NXTC,1.7949999570846558,1.7949999570846558,1.7949999570846558,1.7949999570846558,1.7949999570846558,600.0
2024-03-01 11:56:00,OCGN,0.9399999976158142,0.9399999976158142,0.9399999976158142,0.9399999976158142,0.9399999976158142,113.0
2024-03-01 11:56:00,OCUL,10.719499588012695,10.719499588012695,10.720000267028809,10.619999885559082,10.619999885559082,9875.0
2024-03-01 11:56:00,OFIX,12.850000381469727,12.850000381469727,12.850000381469727,12.850000381469727,12.850000381469727,345.0
2024-03-01 11:56:00,OGI,2.1500000953674316,2.1500000953674316,2.1500000953674316,2.1500000953674316,2.1500000953674316,178.0
2024-03-01 11:56:00,OLMA,13.597999572753906,13.597999572753906,13.597999572753906,13.5600004196167,13.5600004196167,949.0
2024-03-01 11:56:00,OM,3.1500000953674316,3.1500000953674316,3.1500000953674316,3.1500000953674316,3.1500000953674316,124.0
2024-03-01 11:56:00,OMGA,4.21999979019165,4.21999979019165,4.224999904632568,4.215000152587891,4.21999979019165,2163.0
2024-03-01 11:57:00,AADI,1.9850000143051147,1.9850000143051147,2.0,1.9700000286102295,1.9800000190734863,12429.0
2024-03-01 11:57:00,ABEO,7.605000019073486,7.605000019073486,7.619999885559082,7.605000019073486,7.610000133514404,1094.0
2024-03-01 11:57:00,ABOS,4.660699844360352,4.660699844360352,4.664999961853027,4.660699844360352,4.664999961853027,1186.0
2024-03-01 11:57:00,ABSI,5.223999977111816,5.223999977111816,5.223999977111816,5.223999977111816,5.223999977111816,230.0
2024-03-01 11:57:00,ABUS,2.7799999713897705,2.7799999713897705,2.7799999713897705,2.7699999809265137,2.7750000953674316,1985.0
2024-03-01 11:57:00,ACB,3.140000104904175,3.140000104904175,3.140000104904175,3.140000104904175,3.140000104904175,1308.0
2024-03-01 11:57:00,ACET,2.390000104904175,2.390000104904175,2.3980000019073486,2.390000104904175,2.3949999809265137,600.0
2024-03-01 11:57:00,ACHC,84.08000183105469,84.08000183105469,84.09500122070312,84.02999877929688,84.04000091552734,832.0
2024-03-01 11:57:00,ACHL,1.3490999937057495,1.3490999937057495,1.3490999937057495,1.340000033378601,1.340000033378601,713.0
2024-03-01 11:57:00,ACLX,67.5,67.5,67.5,67.43000030517578,67.43000030517578,818.0
2024-03-01 11:57:00,ACRS,1.2200000286102295,1.2200000286102295,1.2200000286102295,1.2200000286102295,1.2200000286102295,237.0
2024-03-01 11:57:00,ADIL,3.240000009536743,3.240000009536743,3.2799999713897705,3.2200000286102295,3.259999990463257,81826.0
2024-03-01 11:57:00,ADMA,5.380000114440918,5.380000114440918,5.384699821472168,5.380000114440918,5.382500171661377,1315.0
2024-03-01 11:57:00,ADVM,1.9600000381469727,1.9600000381469727,1.965000033378601,1.9600000381469727,1.965000033378601,200.0
2024-03-01 11:57:00,AGEN,0.6743000149726868,0.6743000149726868,0.6743999719619751,0.6724500060081482,0.6724500060081482,21233.0
2024-03-01 11:57:00,AGIO,32.88999938964844,32.88999938964844,32.91999816894531,32.86000061035156,32.86000061035156,1942.0
2024-03-01 11:57:00,AHCO,10.75,10.75,10.765000343322754,10.75,10.765000343322754,1669.0
2024-03-01 11:57:00,AKBA,1.6799999475479126,1.6799999475479126,1.6799999475479126,1.6699999570846558,1.670199990272522,2460.0
2024-03-01 11:57:00,AKRO,29.440000534057617,29.440000534057617,29.440000534057617,29.390100479125977,29.390100479125977,1137.0
2024-03-01 11:57:00,AKYA,6.065000057220459,6.065000057220459,6.065000057220459,6.065000057220459,6.065000057220459,305.0
2024-03-01 11:57:00,ALDX,4.139999866485596,4.139999866485596,4.139999866485596,4.139900207519531,4.139999866485596,17998.0
2024-03-01 11:57:00,ALEC,7.454999923706055,7.454999923706055,7.460000038146973,7.454999923706055,7.460000038146973,2736.0
2024-03-01 11:57:00,ALGN,300.79998779296875,300.79998779296875,300.989990234375,300.3110046386719,300.989990234375,4601.0
2024-03-01 11:57:00,ALGS,1.0800000429153442,1.0800000429153442,1.0800000429153442,1.0800000429153442,1.0800000429153442,100.0
2024-03-01 11:57:00,ALHC,5.739999771118164,5.739999771118164,5.739999771118164,5.739999771118164,5.739999771118164,547.0
2024-03-01 11:57:00,ALKS,30.229999542236328,30.229999542236328,30.229999542236328,30.229999542236328,30.229999542236328,1081.0
2024-03-01 11:57:00,ALLK,1.600000023841858,1.600000023841858,1.600000023841858,1.600000023841858,1.600000023841858,256.0
2024-03-01 11:57:00,ALLO,5.034999847412109,5.034999847412109,5.039999961853027,5.03000020980835,5.03000020980835,2263.0
2024-03-01 11:57:00,ALNY,153.9499969482422,153.9499969482422,153.9600067138672,153.68499755859375,153.77499389648438,2545.0
2024-03-01 11:57:00,ALPN,35.91999816894531,35.91999816894531,35.91999816894531,35.90999984741211,35.90999984741211,641.0
2024-03-01 11:57:00,ALT,12.170000076293945,12.170000076293945,12.170000076293945,12.149999618530273,12.149999618530273,4493.0
2024-03-01 11:57:00,ALVR,0.7519000172615051,0.7519000172615051,0.7519000172615051,0.7512000203132629,0.7512000203132629,1192.0
2024-03-01 11:57:00,ALXO,14.979999542236328,14.979999542236328,14.989999771118164,14.979999542236328,14.989999771118164,875.0
2024-03-01 11:57:00,AMED,93.13500213623047,93.13500213623047,93.1624984741211,93.05999755859375,93.05999755859375,1875.0
2024-03-01 11:57:00,AMGN,281.5450134277344,281.5450134277344,281.57000732421875,281.4700012207031,281.4800109863281,2467.0
2024-03-01 11:57:00,AMLX,18.80500030517578,18.80500030517578,18.80500030517578,18.78499984741211,18.78499984741211,2181.0
2024-03-01 11:57:00,AMRN,1.0549999475479126,1.0549999475479126,1.0549999475479126,1.0549999475479126,1.0549999475479126,600.0
2024-03-01 11:57:00,ANAB,25.524999618530273,25.524999618530273,25.524999618530273,25.489999771118164,25.489999771118164,2370.0
2024-03-01 11:57:00,ANGO,5.510000228881836,5.510000228881836,5.510000228881836,5.510000228881836,5.510000228881836,714.0
2024-03-01 11:57:00,ANNX,5.880000114440918,5.880000114440918,5.889999866485596,5.880000114440918,5.889999866485596,3675.0
2024-03-01 11:57:00,ANTX,2.994999885559082,2.994999885559082,2.994999885559082,2.994999885559082,2.994999885559082,400.0
2024-03-01 11:57:00,APLS,65.5,65.5,65.5,65.16000366210938,65.2249984741211,5973.0
2024-03-01 11:57:00,APLT,7.119999885559082,7.119999885559082,7.125,7.119999885559082,7.119999885559082,867.0
2024-03-01 11:57:00,AQST,4.380000114440918,4.380000114440918,4.380000114440918,4.348800182342529,4.349999904632568,14744.0
2024-03-01 11:57:00,ARDX,9.645000457763672,9.645000457763672,9.645000457763672,9.631199836730957,9.635000228881836,4490.0
2024-03-01 11:57:00,ARGX,389.19000244140625,389.19000244140625,389.19000244140625,388.6449890136719,388.6600036621094,1518.0
2024-03-01 11:57:00,ARQT,11.517800331115723,11.517800331115723,11.529999732971191,11.505000114440918,11.505000114440918,7603.0
2024-03-01 11:57:00,ARTL,1.52839994430542,1.52839994430542,1.52839994430542,1.52839994430542,1.52839994430542,1939.0
2024-03-01 11:57:00,ARVN,48.60499954223633,48.60499954223633,48.61000061035156,48.529998779296875,48.540000915527344,2354.0
2024-03-01 11:57:00,ARWR,35.7599983215332,35.7599983215332,35.7599983215332,35.70000076293945,35.70000076293945,4065.0
2024-03-01 11:57:00,ASND,150.49000549316406,150.49000549316406,150.49000549316406,150.1199951171875,150.1199951171875,1572.0
2024-03-01 11:57:00,ASRT,0.9110000133514404,0.9110000133514404,0.9110000133514404,0.9104999899864197,0.9104999899864197,1160.0
2024-03-01 11:57:00,ATAI,2.0850000381469727,2.0850000381469727,2.0899999141693115,2.0850000381469727,2.0899999141693115,3857.0
2024-03-01 11:57:00,ATEC,13.614999771118164,13.614999771118164,13.614999771118164,13.614999771118164,13.614999771118164,187.0
2024-03-01 11:57:00,ATRC,35.94990158081055,35.94990158081055,35.94990158081055,35.92499923706055,35.92499923706055,251.0
2024-03-01 11:57:00,ATXI,0.150300994515419,0.150300994515419,0.15389999747276306,0.15029999613761902,0.15029999613761902,12002.0
2024-03-01 11:57:00,ATXS,14.9399995803833,14.9399995803833,14.9399995803833,14.930000305175781,14.930000305175781,1497.0
2024-03-01 11:57:00,AUPH,5.804999828338623,5.804999828338623,5.804999828338623,5.795000076293945,5.800000190734863,4595.0
2024-03-01 11:57:00,AUTL,6.25,6.25,6.25,6.25,6.25,810.0
2024-03-01 11:57:00,AVIR,4.519999980926514,4.519999980926514,4.519999980926514,4.519999980926514,4.519999980926514,100.0
2024-03-01 11:57:00,AVXL,5.329999923706055,5.329999923706055,5.329999923706055,5.320000171661377,5.320000171661377,5690.0
2024-03-01 11:57:00,AXNX,67.29000091552734,67.29000091552734,67.30000305175781,67.2750015258789,67.2750015258789,1808.0
2024-03-01 11:57:00,AXSM,82.2300033569336,82.2300033569336,82.3949966430664,82.2249984741211,82.3949966430664,1606.0
2024-03-01 11:57:00,AZN,64.61109924316406,64.61109924316406,64.61109924316406,64.61000061035156,64.61000061035156,2002.0
2024-03-01 11:57:00,BBIO,35.88999938964844,35.88999938964844,35.88999938964844,35.88999938964844,35.88999938964844,266.0
2024-03-01 11:57:00,BBLG,2.3399999141693115,2.3399999141693115,2.3399999141693115,2.3399999141693115,2.3399999141693115,935.0
2024-03-01 11:57:00,BCAB,2.755000114440918,2.755000114440918,2.755000114440918,2.755000114440918,2.755000114440918,119.0
2024-03-01 11:57:00,BCDA,0.5699999928474426,0.5699999928474426,0.5699999928474426,0.569100022315979,0.569100022315979,1741.0
2024-03-01 11:57:00,BCRX,5.764999866485596,5.764999866485596,5.764999866485596,5.755000114440918,5.755000114440918,4282.0
2024-03-01 11:57:00,BCYC,25.799999237060547,25.799999237060547,25.860000610351562,25.799999237060547,25.799999237060547,1254.0
2024-03-01 11:57:00,BDSX,1.6299999952316284,1.6299999952316284,1.6299999952316284,1.6299999952316284,1.6299999952316284,328.0
2024-03-01 11:57:00,BDTX,5.010000228881836,5.010000228881836,5.011000156402588,5.0,5.010000228881836,3750.0
2024-03-01 11:57:00,BEAM,40.0,40.0,40.01499938964844,39.97999954223633,39.97999954223633,1215.0
2024-03-01 11:57:00,BGXX,0.2685999870300293,0.2685999870300293,0.2685999870300293,0.2685999870300293,0.2685999870300293,141.0
2024-03-01 11:57:00,BIIB,219.6699981689453,219.6699981689453,219.69000244140625,219.6699981689453,219.69000244140625,667.0
2024-03-01 11:57:00,BIVI,2.0899999141693115,2.0899999141693115,2.0899999141693115,2.0399999618530273,2.060699939727783,74225.0
2024-03-01 11:57:00,BLFS,18.25,18.25,18.25,18.239999771118164,18.239999771118164,212.0
2024-03-01 11:57:00,BLUE,1.565000057220459,1.565000057220459,1.5700000524520874,1.5600999593734741,1.565000057220459,33250.0
2024-03-01 11:57:00,BMEA,17.96500015258789,17.96500015258789,17.96500015258789,17.90999984741211,17.90999984741211,3796.0
2024-03-01 11:57:00,BMRN,87.03150177001953,87.03150177001953,87.03150177001953,86.98999786376953,87.01000213623047,4664.0
2024-03-01 11:57:00,BNGO,1.25,1.25,1.2549999952316284,1.2450000047683716,1.25,17949.0
2024-03-01 11:57:00,BNTX,91.79000091552734,91.79000091552734,91.79000091552734,91.7699966430664,91.7699966430664,1759.0
2024-03-01 11:57:00,BPMC,97.51000213623047,97.51000213623047,97.51000213623047,97.5,97.5,604.0
2024-03-01 11:57:00,BTAI,3.2300000190734863,3.2300000190734863,3.2300000190734863,3.2300000190734863,3.2300000190734863,171.0
2024-03-01 11:57:00,BTMD,6.090000152587891,6.090000152587891,6.090000152587891,6.090000152587891,6.090000152587891,2062.0
2024-03-01 11:57:00,BTTX,0.17149999737739563,0.17149999737739563,0.1720000058412552,0.17055000364780426,0.17055000364780426,25893.0
2024-03-01 11:57:00,BVS,4.690000057220459,4.690000057220459,4.690000057220459,4.690000057220459,4.690000057220459,219.0
2024-03-01 11:57:00,BWAY,6.53000020980835,6.53000020980835,6.53000020980835,6.53000020980835,6.53000020980835,200.0
2024-03-01 11:57:00,CABA,24.0049991607666,24.0049991607666,24.020000457763672,24.0,24.0,5535.0
2024-03-01 11:57:00,CADL,1.7101000547409058,1.7101000547409058,1.7101000547409058,1.7101000547409058,1.7101000547409058,250.0
2024-03-01 11:57:00,CARA,0.8877999782562256,0.8877999782562256,0.8880000114440918,0.8877999782562256,0.8880000114440918,5964.0
2024-03-01 11:57:00,CBAY,32.25,32.25,32.255001068115234,32.25,32.25,8461.0
2024-03-01 11:57:00,CCCC,10.904999732971191,10.904999732971191,10.90999984741211,10.880000114440918,10.880000114440918,7245.0
2024-03-01 11:57:00,CDMO,8.120200157165527,8.120200157165527,8.1274995803833,8.120200157165527,8.1274995803833,977.0
2024-03-01 11:57:00,CDNA,12.489999771118164,12.489999771118164,12.489999771118164,12.415200233459473,12.420000076293945,3789.0
2024-03-01 11:57:00,CDXS,4.5258002281188965,4.5258002281188965,4.5258002281188965,4.5157999992370605,4.5157999992370605,2391.0
2024-03-01 11:57:00,CERE,41.10499954223633,41.10499954223633,41.11000061035156,41.099998474121094,41.099998474121094,1326.0
2024-03-01 11:57:00,CERS,2.200000047683716,2.200000047683716,2.2049999237060547,2.200000047683716,2.2049999237060547,358.0
2024-03-01 11:57:00,CGC,3.255000114440918,3.255000114440918,3.265000104904175,3.255000114440918,3.259999990463257,10262.0
2024-03-01 11:57:00,CKPT,2.2188000679016113,2.2188000679016113,2.2188000679016113,2.2188000679016113,2.2188000679016113,986.0
2024-03-01 11:57:00,CLDX,52.5099983215332,52.5099983215332,52.599998474121094,52.5099983215332,52.51499938964844,7108.0
2024-03-01 11:57:00,CLNN,0.39500001072883606,0.39500001072883606,0.39500001072883606,0.39500001072883606,0.39500001072883606,300.0
2024-03-01 11:57:00,CLOV,0.8626000285148621,0.8626000285148621,0.8626999855041504,0.8622999787330627,0.8622999787330627,33697.0
2024-03-01 11:57:00,CLRB,4.079999923706055,4.079999923706055,4.079999923706055,4.079999923706055,4.079999923706055,196.0
2024-03-01 11:57:00,CMPS,11.520000457763672,11.520000457763672,11.520000457763672,11.4399995803833,11.46500015258789,10227.0
2024-03-01 11:57:00,CMPX,1.8799999952316284,1.8799999952316284,1.8799999952316284,1.8799999952316284,1.8799999952316284,136.0
2024-03-01 11:57:00,COGT,7.21999979019165,7.21999979019165,7.21999979019165,7.21999979019165,7.21999979019165,829.0
2024-03-01 11:57:00,CORT,23.709999084472656,23.709999084472656,23.739900588989258,23.709999084472656,23.739900588989258,1366.0
2024-03-01 11:57:00,CPRX,17.1299991607666,17.1299991607666,17.139999389648438,17.09000015258789,17.09000015258789,9043.0
2024-03-01 11:57:00,CRBU,8.005000114440918,8.005000114440918,8.005000114440918,7.980000019073486,7.980000019073486,4842.0
2024-03-01 11:57:00,CRDF,2.359999895095825,2.359999895095825,2.359999895095825,2.3499999046325684,2.3550000190734863,22435.0
2024-03-01 11:57:00,CRNX,45.93000030517578,45.93000030517578,45.97999954223633,45.77000045776367,45.90999984741211,1842.0
2024-03-01 11:57:00,CRON,2.059999942779541,2.059999942779541,2.059999942779541,2.0510001182556152,2.059999942779541,2089.0
2024-03-01 11:57:00,CRSP,85.70999908447266,85.70999908447266,85.70999908447266,85.45999908447266,85.45999908447266,1470.0
2024-03-01 11:57:00,CSTL,19.920000076293945,19.920000076293945,19.920000076293945,19.920000076293945,19.920000076293945,139.0
2024-03-01 11:57:00,CTKB,8.475000381469727,8.475000381469727,8.489999771118164,8.475000381469727,8.484999656677246,641.0
2024-03-01 11:57:00,CTMX,2.5799999237060547,2.5799999237060547,2.5799999237060547,2.575000047683716,2.575000047683716,700.0
2024-03-01 11:57:00,CTXR,0.7700999975204468,0.7700999975204468,0.7700999975204468,0.7700999975204468,0.7700999975204468,400.0
2024-03-01 11:57:00,CUTR,2.4200000762939453,2.4200000762939453,2.4200000762939453,2.4200000762939453,2.4200000762939453,346.0
2024-03-01 11:57:00,CVAC,3.4549999237060547,3.4549999237060547,3.4549999237060547,3.4549999237060547,3.4549999237060547,104.0
2024-03-01 11:57:00,CYTK,73.8499984741211,73.8499984741211,73.88500213623047,73.8499984741211,73.87000274658203,890.0
2024-03-01 11:57:00,DARE,0.5633000135421753,0.5633000135421753,0.5633000135421753,0.5633000135421753,0.5633000135421753,1000.0
2024-03-01 11:57:00,DAWN,17.450000762939453,17.450000762939453,17.450000762939453,17.450000762939453,17.450000762939453,145.0
2024-03-01 11:57:00,DCPH,17.565099716186523,17.565099716186523,17.565099716186523,17.565099716186523,17.565099716186523,373.0
2024-03-01 11:57:00,DERM,4.070000171661377,4.070000171661377,4.099999904632568,4.070000171661377,4.099999904632568,353.0
2024-03-01 11:57:00,DH,9.029999732971191,9.029999732971191,9.029999732971191,9.029999732971191,9.029999732971191,440.0
2024-03-01 11:57:00,DMTK,0.8467000126838684,0.8467000126838684,0.8467000126838684,0.8396999835968018,0.8397899866104126,3890.0
2024-03-01 11:57:00,DNLI,20.760000228881836,20.760000228881836,20.760000228881836,20.749300003051758,20.75,923.0
2024-03-01 11:57:00,DRUG,1.7799999713897705,1.7799999713897705,1.7799999713897705,1.7799999713897705,1.7799999713897705,100.0
2024-03-01 11:57:00,DSGN,2.9000000953674316,2.9000000953674316,2.9000000953674316,2.9000000953674316,2.9000000953674316,110.0
2024-03-01 11:57:00,DTIL,11.84000015258789,11.84000015258789,11.960000038146973,11.71049976348877,11.729999542236328,4128.0
2024-03-01 11:57:00,DXCM,120.16500091552734,120.16500091552734,120.16500091552734,120.08499908447266,120.1449966430664,7037.0
2024-03-01 11:57:00,DYN,28.985000610351562,28.985000610351562,29.020000457763672,28.897499084472656,28.90250015258789,11849.0
2024-03-01 11:57:00,EDIT,10.864999771118164,10.864999771118164,10.864999771118164,10.829999923706055,10.829999923706055,3019.0
2024-03-01 11:57:00,EGRX,6.710000038146973,6.710000038146973,6.710000038146973,6.710000038146973,6.710000038146973,300.0
2024-03-01 11:57:00,ELDN,1.8257999420166016,1.8257999420166016,1.8305000066757202,1.8257999420166016,1.8305000066757202,3025.0
2024-03-01 11:57:00,ELEV,4.849999904632568,4.849999904632568,4.880000114440918,4.849999904632568,4.869999885559082,1453.0
2024-03-01 11:57:00,EMBC,14.34000015258789,14.34000015258789,14.380000114440918,14.34000015258789,14.380000114440918,265.0
2024-03-01 11:57:00,ENTA,15.229999542236328,15.229999542236328,15.229999542236328,15.229999542236328,15.229999542236328,533.0
2024-03-01 11:57:00,ENTX,1.3899999856948853,1.3899999856948853,1.3899999856948853,1.3899999856948853,1.3899999856948853,1080.0
2024-03-01 11:57:00,ENVB,1.649999976158142,1.649999976158142,1.6699999570846558,1.6430000066757202,1.649999976158142,2170.0
2024-03-01 11:57:00,EQ,2.380000114440918,2.380000114440918,2.390000104904175,2.369999885559082,2.369999885559082,15038.0
2024-03-01 11:57:00,ERAS,2.505000114440918,2.505000114440918,2.505000114440918,2.494999885559082,2.494999885559082,6624.0
2024-03-01 11:57:00,ESPR,2.5299999713897705,2.5299999713897705,2.5299999713897705,2.5299999713897705,2.5299999713897705,1652.0
2024-03-01 11:57:00,ESTA,45.630001068115234,45.630001068115234,45.66999816894531,45.599998474121094,45.66999816894531,1427.0
2024-03-01 11:57:00,ETNB,12.960000038146973,12.960000038146973,12.960000038146973,12.9399995803833,12.9399995803833,1840.0
2024-03-01 11:57:00,EWTX,16.934999465942383,16.934999465942383,16.934999465942383,16.934999465942383,16.934999465942383,220.0
2024-03-01 11:57:00,EXAS,59.630001068115234,59.630001068115234,59.66999816894531,59.56999969482422,59.58000183105469,2483.0
2024-03-01 11:57:00,EXEL,22.530000686645508,22.530000686645508,22.530000686645508,22.530000686645508,22.530000686645508,756.0
2024-03-01 11:57:00,EYEN,2.2699999809265137,2.2699999809265137,2.2699999809265137,2.25,2.25,9584.0
2024-03-01 11:57:00,EYPT,28.190000534057617,28.190000534057617,28.190000534057617,28.100000381469727,28.100000381469727,1364.0
2024-03-01 11:57:00,FATE,7.425000190734863,7.425000190734863,7.425000190734863,7.409999847412109,7.409999847412109,2523.0
2024-03-01 11:57:00,FDMT,29.1200008392334,29.1200008392334,29.139999389648438,29.049999237060547,29.049999237060547,2313.0
2024-03-01 11:57:00,FEMY,1.7384999990463257,1.7384999990463257,1.7400000095367432,1.7300000190734863,1.7400000095367432,847.0
2024-03-01 11:57:00,FGEN,1.829800009727478,1.829800009727478,1.829800009727478,1.8200000524520874,1.8200000524520874,2874.0
2024-03-01 11:57:00,FIXX,0.930899977684021,0.930899977684021,0.930899977684021,0.930899977684021,0.930899977684021,193.0
2024-03-01 11:57:00,FOLD,13.300000190734863,13.300000190734863,13.300000190734863,13.295000076293945,13.295000076293945,1085.0
2024-03-01 11:57:00,FULC,10.84000015258789,10.84000015258789,10.84000015258789,10.84000015258789,10.84000015258789,822.0
2024-03-01 11:57:00,FUSN,12.407999992370605,12.407999992370605,12.420000076293945,12.399999618530273,12.399999618530273,2770.0
2024-03-01 11:57:00,GBIO,2.619999885559082,2.619999885559082,2.619999885559082,2.619999885559082,2.619999885559082,200.0
2024-03-01 11:57:00,GCTK,0.30498600006103516,0.30498600006103516,0.30498600006103516,0.30498600006103516,0.30498600006103516,100.0
2024-03-01 11:57:00,GDRX,8.295000076293945,8.295000076293945,8.300000190734863,8.289999961853027,8.289999961853027,1774.0
2024-03-01 11:57:00,GERN,2.1649999618530273,2.1649999618530273,2.1700000762939453,2.1649999618530273,2.1700000762939453,10454.0
2024-03-01 11:57:00,GH,19.25,19.25,19.25,19.25,19.25,100.0
2024-03-01 11:57:00,GILD,72.2300033569336,72.2300033569336,72.23999786376953,72.20999908447266,72.20999908447266,6896.0
2024-03-01 11:57:00,GLYC,3.009999990463257,3.009999990463257,3.009999990463257,3.009999990463257,3.009999990463257,200.0
2024-03-01 11:57:00,GMDA,0.3898000121116638,0.3898000121116638,0.3898000121116638,0.3898000121116638,0.3898000121116638,2438.0
2024-03-01 11:57:00,GOSS,1.3600000143051147,1.3600000143051147,1.3600000143051147,1.3600000143051147,1.3600000143051147,300.0
2024-03-01 11:57:00,GRFS,7.054999828338623,7.054999828338623,7.054999828338623,7.050000190734863,7.054999828338623,1726.0
2024-03-01 11:57:00,GRPH,3.4800000190734863,3.4800000190734863,3.4800000190734863,3.4600000381469727,3.4749999046325684,910.0
2024-03-01 11:57:00,GRTS,2.2049999237060547,2.2049999237060547,2.2049999237060547,2.200000047683716,2.2049999237060547,1825.0
2024-03-01 11:57:00,GTHX,3.5950000286102295,3.5950000286102295,3.6050000190734863,3.5950000286102295,3.5999999046325684,5539.0
2024-03-01 11:57:00,HALO,41.279998779296875,41.279998779296875,41.279998779296875,41.275001525878906,41.275001525878906,1030.0
2024-03-01 11:57:00,HARP,22.950000762939453,22.950000762939453,22.950000762939453,22.9424991607666,22.950000762939453,1033.0
2024-03-01 11:57:00,HCAT,7.929999828338623,7.929999828338623,7.929999828338623,7.920000076293945,7.920000076293945,1059.0
2024-03-01 11:57:00,HCSG,12.649999618530273,12.649999618530273,12.649999618530273,12.649999618530273,12.649999618530273,270.0
2024-03-01 11:57:00,HCTI,2.5199999809265137,2.5199999809265137,2.5355000495910645,2.490000009536743,2.5,6509.0
2024-03-01 11:57:00,HOLX,73.7300033569336,73.7300033569336,73.73999786376953,73.7300033569336,73.73999786376953,695.0
2024-03-01 11:57:00,HOWL,6.96999979019165,6.96999979019165,6.96999979019165,6.96999979019165,6.96999979019165,385.0
2024-03-01 11:57:00,HPCO,0.25119999051094055,0.25119999051094055,0.25119999051094055,0.25119999051094055,0.25119999051094055,416.0
2024-03-01 11:57:00,HRMY,31.450000762939453,31.450000762939453,31.450000762939453,31.34000015258789,31.34000015258789,1367.0
2024-03-01 11:57:00,HRTX,2.5999999046325684,2.5999999046325684,2.6050000190734863,2.5999999046325684,2.601599931716919,18062.0
2024-03-01 11:57:00,HSIC,77.0199966430664,77.0199966430664,77.0199966430664,77.0199966430664,77.0199966430664,194.0
2024-03-01 11:57:00,HUMA,3.3949999809265137,3.3949999809265137,3.4000000953674316,3.390000104904175,3.3949999809265137,6733.0
2024-03-01 11:57:00,IART,36.529998779296875,36.529998779296875,36.529998779296875,36.5099983215332,36.5099983215332,899.0
2024-03-01 11:57:00,IBRX,4.895999908447266,4.895999908447266,4.895999908447266,4.875,4.875,3438.0
2024-03-01 11:57:00,ICAD,1.8617000579833984,1.8617000579833984,1.8617000579833984,1.8617000579833984,1.8617000579833984,100.0
2024-03-01 11:57:00,ICUI,106.12999725341797,106.12999725341797,106.12999725341797,106.12999725341797,106.12999725341797,525.0
2024-03-01 11:57:00,IDXX,581.7899780273438,581.7899780273438,582.0999755859375,581.5800170898438,581.5900268554688,1186.0
2024-03-01 11:57:00,IDYA,46.27000045776367,46.27000045776367,46.27000045776367,46.22999954223633,46.22999954223633,496.0
2024-03-01 11:57:00,IFRX,1.8391000032424927,1.8391000032424927,1.8391000032424927,1.8391000032424927,1.8391000032424927,106.0
2024-03-01 11:57:00,ILMN,141.8699951171875,141.8699951171875,141.8784942626953,141.8699951171875,141.8784942626953,717.0
2024-03-01 11:57:00,IMAB,1.840000033378601,1.840000033378601,1.840000033378601,1.840000033378601,1.840000033378601,100.0
2024-03-01 11:57:00,IMCR,68.13999938964844,68.13999938964844,68.13999938964844,68.13500213623047,68.13500213623047,682.0
2024-03-01 11:57:00,IMMX,3.549999952316284,3.549999952316284,3.549999952316284,3.549999952316284,3.549999952316284,101.0
2024-03-01 11:57:00,IMNM,25.639999389648438,25.639999389648438,25.639999389648438,25.639999389648438,25.639999389648438,214.0
2024-03-01 11:57:00,IMTX,12.989999771118164,12.989999771118164,12.989999771118164,12.989999771118164,12.989999771118164,332.0
2024-03-01 11:57:00,IMUX,1.4800000190734863,1.4800000190734863,1.4800000190734863,1.4800000190734863,1.4800000190734863,170.0
2024-03-01 11:57:00,IMVT,36.36000061035156,36.36000061035156,36.3650016784668,36.34000015258789,36.34000015258789,1637.0
2024-03-01 11:57:00,INBX,36.71500015258789,36.71500015258789,36.71500015258789,36.71500015258789,36.71500015258789,390.0
2024-03-01 11:57:00,INGN,6.869999885559082,6.869999885559082,6.869999885559082,6.869999885559082,6.869999885559082,1014.0
2024-03-01 11:57:00,INMB,12.045000076293945,12.045000076293945,12.045000076293945,12.0,12.0,200.0
2024-03-01 11:57:00,INMD,22.849899291992188,22.849899291992188,22.849899291992188,22.84000015258789,22.84000015258789,794.0
2024-03-01 11:57:00,INSM,28.264999389648438,28.264999389648438,28.264999389648438,28.264999389648438,28.264999389648438,235.0
2024-03-01 11:57:00,INVA,15.694999694824219,15.694999694824219,15.694999694824219,15.694999694824219,15.694999694824219,343.0
2024-03-01 11:57:00,INZY,6.5,6.5,6.5,6.489999771118164,6.489999771118164,844.0
2024-03-01 11:57:00,IONM,0.34940001368522644,0.34940001368522644,0.34940001368522644,0.335099995136261,0.335099995136261,1100.0
2024-03-01 11:57:00,IONS,45.98500061035156,45.98500061035156,45.9900016784668,45.97999954223633,45.97999954223633,868.0
2024-03-01 11:57:00,IOVA,16.645000457763672,16.645000457763672,16.649999618530273,16.614999771118164,16.61989974975586,6792.0
2024-03-01 11:57:00,IRIX,2.6798999309539795,2.6798999309539795,2.6798999309539795,2.6798999309539795,2.6798999309539795,1011.0
2024-03-01 11:57:00,IRWD,9.09000015258789,9.09000015258789,9.100000381469727,9.050000190734863,9.050000190734863,30453.0
2024-03-01 11:57:00,ISPC,0.45899999141693115,0.45899999141693115,0.45899999141693115,0.45899999141693115,0.45899999141693115,219.0
2024-03-01 11:57:00,ISRG,394.1700134277344,394.1700134277344,394.19000244140625,394.0400085449219,394.0400085449219,1248.0
2024-03-01 11:57:00,ITCI,71.56999969482422,71.56999969482422,71.56999969482422,71.56999969482422,71.56999969482422,151.0
2024-03-01 11:57:00,ITOS,10.75,10.75,10.760000228881836,10.739999771118164,10.739999771118164,865.0
2024-03-01 11:57:00,IVVD,4.0,4.0,4.010000228881836,4.0,4.010000228881836,370.0
2024-03-01 11:57:00,IXHL,5.429999828338623,5.429999828338623,5.429999828338623,5.429999828338623,5.429999828338623,105.0
2024-03-01 11:57:00,JAGX,0.07280000299215317,0.07280000299215317,0.07320000231266022,0.07240000367164612,0.0731000006198883,358040.0
2024-03-01 11:57:00,JANX,46.56999969482422,46.56999969482422,46.56999969482422,46.56999969482422,46.56999969482422,373.0
2024-03-01 11:57:00,JAZZ,119.72000122070312,119.72000122070312,119.77999877929688,119.72000122070312,119.77999877929688,358.0
2024-03-01 11:57:00,JSPR,21.34000015258789,21.34000015258789,21.34000015258789,21.34000015258789,21.34000015258789,170.0
2024-03-01 11:57:00,KNTE,2.625,2.625,2.625,2.625,2.625,100.0
2024-03-01 11:57:00,KPRX,0.652999997138977,0.652999997138977,0.6600000262260437,0.652999997138977,0.6600000262260437,1493.0
2024-03-01 11:57:00,KPTI,1.215000033378601,1.215000033378601,1.2200000286102295,1.215000033378601,1.215000033378601,1600.0
2024-03-01 11:57:00,KROS,69.88999938964844,69.88999938964844,69.88999938964844,69.88999938964844,69.88999938964844,762.0
2024-03-01 11:57:00,KTRA,0.09640000015497208,0.09640000015497208,0.09719999879598618,0.09640000015497208,0.09719999879598618,100034.0
2024-03-01 11:57:00,KURA,21.270000457763672,21.270000457763672,21.329999923706055,21.270000457763672,21.309999465942383,5699.0
2024-03-01 11:57:00,KYMR,43.869998931884766,43.869998931884766,43.869998931884766,43.869998931884766,43.869998931884766,225.0
2024-03-01 11:57:00,KZR,1.090000033378601,1.090000033378601,1.090000033378601,1.090000033378601,1.090000033378601,310.0
2024-03-01 11:57:00,LAB,2.4660000801086426,2.4660000801086426,2.4700000286102295,2.4649999141693115,2.4700000286102295,651.0
2024-03-01 11:57:00,LEGN,65.86000061035156,65.86000061035156,65.86000061035156,65.79000091552734,65.83000183105469,2277.0
2024-03-01 11:57:00,LEXX,2.7100000381469727,2.7100000381469727,2.740000009536743,2.7100000381469727,2.740000009536743,8361.0
2024-03-01 11:57:00,LFLY,3.0,3.0,3.0,3.0,3.0,498.0
2024-03-01 11:57:00,LQDA,14.319999694824219,14.319999694824219,14.319999694824219,14.289999961853027,14.289999961853027,3736.0
2024-03-01 11:57:00,LRMR,11.59749984741211,11.59749984741211,11.6899995803833,11.59749984741211,11.654999732971191,543.0
2024-03-01 11:57:00,LUCD,1.2300000190734863,1.2300000190734863,1.2300000190734863,1.2300000190734863,1.2300000190734863,100.0
2024-03-01 11:57:00,LUNG,9.1899995803833,9.1899995803833,9.204999923706055,9.1899995803833,9.204999923706055,335.0
2024-03-01 11:57:00,LVTX,3.175100088119507,3.175100088119507,3.175100088119507,3.1700000762939453,3.1700000762939453,920.0
2024-03-01 11:57:00,LXRX,2.424999952316284,2.424999952316284,2.4260001182556152,2.4200000762939453,2.4200000762939453,9361.0
2024-03-01 11:57:00,LYEL,3.1600000858306885,3.1600000858306885,3.1600000858306885,3.1600000858306885,3.1600000858306885,1070.0
2024-03-01 11:57:00,LYRA,5.559999942779541,5.559999942779541,5.559999942779541,5.559999942779541,5.559999942779541,100.0
2024-03-01 11:57:00,MACK,14.710000038146973,14.710000038146973,14.710000038146973,14.710000038146973,14.710000038146973,117.0
2024-03-01 11:57:00,MASI,127.16999816894531,127.16999816894531,127.16999816894531,127.04499816894531,127.04499816894531,1387.0
2024-03-01 11:57:00,MASS,7.289999961853027,7.289999961853027,7.289999961853027,7.289999961853027,7.289999961853027,541.0
2024-03-01 11:57:00,MBOT,1.2949999570846558,1.2949999570846558,1.2949999570846558,1.2949999570846558,1.2949999570846558,4001.0
2024-03-01 11:57:00,MBRX,0.6399989724159241,0.6399989724159241,0.6399989724159241,0.6399989724159241,0.6399989724159241,1550.0
2024-03-01 11:57:00,MCRB,1.190000057220459,1.190000057220459,1.1950000524520874,1.190000057220459,1.1950000524520874,254.0
2024-03-01 11:57:00,MDGL,244.9600067138672,244.9600067138672,244.9600067138672,244.9600067138672,244.9600067138672,679.0
2024-03-01 11:57:00,MDRX,6.079999923706055,6.079999923706055,6.119999885559082,6.079999923706055,6.119999885559082,4659.0
2024-03-01 11:57:00,MDXG,8.569999694824219,8.569999694824219,8.574999809265137,8.569999694824219,8.569999694824219,1052.0
2024-03-01 11:57:00,ME,0.5676000118255615,0.5676000118255615,0.569350004196167,0.5674999952316284,0.569350004196167,37965.0
2024-03-01 11:57:00,MEDP,399.94000244140625,399.94000244140625,400.2699890136719,399.94000244140625,399.99468994140625,651.0
2024-03-01 11:57:00,MGNX,18.989999771118164,18.989999771118164,18.989999771118164,18.989999771118164,18.989999771118164,164.0
2024-03-01 11:57:00,MGTX,6.320000171661377,6.320000171661377,6.320000171661377,6.320000171661377,6.320000171661377,536.0
2024-03-01 11:57:00,MIRM,30.125,30.125,30.1299991607666,30.1200008392334,30.1200008392334,1281.0
2024-03-01 11:57:00,MIST,1.6887999773025513,1.6887999773025513,1.6887999773025513,1.6887999773025513,1.6887999773025513,1190.0
2024-03-01 11:57:00,MLTX,51.959999084472656,51.959999084472656,51.959999084472656,51.900001525878906,51.900001525878906,1655.0
2024-03-01 11:57:00,MNKD,4.579999923706055,4.579999923706055,4.579999923706055,4.574999809265137,4.574999809265137,2881.0
2024-03-01 11:57:00,MNMD,6.130099773406982,6.130099773406982,6.139999866485596,6.130099773406982,6.135000228881836,1714.0
2024-03-01 11:57:00,MODD,1.9199999570846558,1.9199999570846558,1.9199999570846558,1.909999966621399,1.909999966621399,200.0
2024-03-01 11:57:00,MORF,38.7599983215332,38.7599983215332,38.7599983215332,38.7599983215332,38.7599983215332,305.0
2024-03-01 11:57:00,MOTS,0.6550999879837036,0.6550999879837036,0.6599000096321106,0.6503999829292297,0.6503999829292297,2796.0
2024-03-01 11:57:00,MREO,3.8499999046325684,3.8499999046325684,3.8499999046325684,3.8399999141693115,3.8399999141693115,1780.0
2024-03-01 11:57:00,MRNA,96.31999969482422,96.31999969482422,96.36000061035156,96.30000305175781,96.30500030517578,10156.0
2024-03-01 11:57:00,MRNS,9.920000076293945,9.920000076293945,9.92199993133545,9.899999618530273,9.899999618530273,12788.0
2024-03-01 11:57:00,MRSN,5.965000152587891,5.965000152587891,5.965000152587891,5.965000152587891,5.965000152587891,1017.0
2024-03-01 11:57:00,MRUS,51.84000015258789,51.84000015258789,51.84000015258789,51.65010070800781,51.65010070800781,1530.0
2024-03-01 11:57:00,MRVI,7.815000057220459,7.815000057220459,7.815000057220459,7.815000057220459,7.815000057220459,469.0
2024-03-01 11:57:00,NARI,46.119998931884766,46.119998931884766,46.15999984741211,46.119998931884766,46.15999984741211,1400.0
2024-03-01 11:57:00,NBIX,131.82000732421875,131.82000732421875,131.82000732421875,131.82000732421875,131.82000732421875,206.0
2024-03-01 11:57:00,NEO,16.020000457763672,16.020000457763672,16.020000457763672,16.020000457763672,16.020000457763672,391.0
2024-03-01 11:57:00,NEOG,17.315000534057617,17.315000534057617,17.325000762939453,17.315000534057617,17.325000762939453,526.0
2024-03-01 11:57:00,NEPT,0.45019999146461487,0.45019999146461487,0.45500001311302185,0.44999998807907104,0.45500001311302185,3000.0
2024-03-01 11:57:00,NERV,2.5,2.5,2.5,2.5,2.5,639.0
2024-03-01 11:57:00,NGM,1.5299999713897705,1.5299999713897705,1.5299999713897705,1.5299999713897705,1.5299999713897705,301.0
2024-03-01 11:57:00,NKTR,0.7694500088691711,0.7694500088691711,0.7699000239372253,0.7694500088691711,0.7699000239372253,3005.0
2024-03-01 11:57:00,NKTX,12.760000228881836,12.760000228881836,12.79990005493164,12.760000228881836,12.79990005493164,351.0
2024-03-01 11:57:00,NNOX,11.170000076293945,11.170000076293945,11.220000267028809,11.161299705505371,11.210000038146973,5804.0
2024-03-01 11:57:00,NRBO,5.840000152587891,5.840000152587891,5.840000152587891,5.840000152587891,5.840000152587891,176.0
2024-03-01 11:57:00,NRIX,13.260000228881836,13.260000228881836,13.260000228881836,13.25,13.25,820.0
2024-03-01 11:57:00,NRSN,2.0799999237060547,2.0799999237060547,2.0799999237060547,2.0799999237060547,2.0799999237060547,100.0
2024-03-01 11:57:00,NRXP,0.4000999927520752,0.4000999927520752,0.4009999930858612,0.4000999927520752,0.4009999930858612,264.0
2024-03-01 11:57:00,NTLA,33.349998474121094,33.349998474121094,33.349998474121094,33.29999923706055,33.29999923706055,2111.0
2024-03-01 11:57:00,NTRA,89.12999725341797,89.12999725341797,89.15149688720703,89.12999725341797,89.12999725341797,605.0
2024-03-01 11:57:00,NUVL,87.70500183105469,87.70500183105469,87.70500183105469,87.70500183105469,87.70500183105469,390.0
2024-03-01 11:57:00,NVAX,5.110000133514404,5.110000133514404,5.110000133514404,5.100100040435791,5.110000133514404,14945.0
2024-03-01 11:57:00,NVCR,15.836799621582031,15.836799621582031,15.836799621582031,15.819999694824219,15.829999923706055,1541.0
2024-03-01 11:57:00,OCGN,0.9415000081062317,0.9415000081062317,0.9416000247001648,0.9358000159263611,0.9358000159263611,50534.0
2024-03-01 11:57:00,OCUL,10.720000267028809,10.720000267028809,10.755000114440918,10.719499588012695,10.719499588012695,11011.0
2024-03-01 11:57:00,OFIX,12.819999694824219,12.819999694824219,12.829999923706055,12.819999694824219,12.829999923706055,1122.0
2024-03-01 11:57:00,OLMA,13.670000076293945,13.670000076293945,13.670000076293945,13.585000038146973,13.597000122070312,2152.0
2024-03-01 11:57:00,OM,3.1500000953674316,3.1500000953674316,3.1500000953674316,3.1500000953674316,3.1500000953674316,147.0
2024-03-01 11:57:00,OMCL,26.450000762939453,26.450000762939453,26.450000762939453,26.450000762939453,26.450000762939453,121.0
2024-03-01 11:57:00,OMER,4.71999979019165,4.71999979019165,4.71999979019165,4.71999979019165,4.71999979019165,454.0
2024-03-01 11:57:00,OMGA,4.235000133514404,4.235000133514404,4.235000133514404,4.2245001792907715,4.230000019073486,1462.0
2024-03-01 11:57:00,ONCY,1.12090003490448,1.12090003490448,1.12090003490448,1.12090003490448,1.12090003490448,300.0
2024-03-01 11:58:00,ABEO,7.639999866485596,7.639999866485596,7.659299850463867,7.630000114440918,7.630000114440918,2661.0
2024-03-01 11:58:00,ABSI,5.2399001121521,5.2399001121521,5.239999771118164,5.21999979019165,5.230000019073486,2322.0
2024-03-01 11:58:00,ACAD,23.829999923706055,23.829999923706055,23.850000381469727,23.829999923706055,23.84000015258789,2192.0
2024-03-01 11:58:00,ACB,3.1305999755859375,3.1305999755859375,3.1305999755859375,3.1305999755859375,3.1305999755859375,363.0
2024-03-01 11:58:00,ACCD,10.25,10.25,10.270000457763672,10.25,10.270000457763672,1784.0
2024-03-01 11:58:00,ACET,2.3949999809265137,2.3949999809265137,2.4000000953674316,2.390000104904175,2.390000104904175,415.0
2024-03-01 11:58:00,ACHC,84.0199966430664,84.0199966430664,84.0199966430664,84.0199966430664,84.0199966430664,288.0
2024-03-01 11:58:00,ACHL,1.3494000434875488,1.3494000434875488,1.3494000434875488,1.3494000434875488,1.3494000434875488,100.0
2024-03-01 11:58:00,ACLX,67.5,67.5,67.5,67.5,67.5,300.0
2024-03-01 11:58:00,ADAP,1.6399999856948853,1.6399999856948853,1.6399999856948853,1.6399999856948853,1.6399999856948853,455.0
2024-03-01 11:58:00,ADIL,3.240000009536743,3.240000009536743,3.2688000202178955,3.2200000286102295,3.25,60314.0
2024-03-01 11:58:00,ADMA,5.380000114440918,5.380000114440918,5.389999866485596,5.380000114440918,5.385000228881836,974.0
2024-03-01 11:58:00,AFIB,0.20890000462532043,0.20890000462532043,0.20890000462532043,0.20880000293254852,0.20880000293254852,4834.0
2024-03-01 11:58:00,AFMD,0.6198999881744385,0.6198999881744385,0.6198999881744385,0.6198999881744385,0.6198999881744385,5001.0
2024-03-01 11:58:00,AGEN,0.6743999719619751,0.6743999719619751,0.6743999719619751,0.6734499931335449,0.6734499931335449,2524.0
2024-03-01 11:58:00,AGIO,32.93000030517578,32.93000030517578,32.93000030517578,32.90999984741211,32.90999984741211,305.0
2024-03-01 11:58:00,AKBA,1.6799999475479126,1.6799999475479126,1.6799999475479126,1.6749999523162842,1.6749999523162842,3675.0
2024-03-01 11:58:00,AKRO,29.584999084472656,29.584999084472656,29.639999389648438,29.565000534057617,29.565000534057617,1387.0
2024-03-01 11:58:00,ALDX,4.139400005340576,4.139400005340576,4.139999866485596,4.139400005340576,4.139999866485596,1800.0
2024-03-01 11:58:00,ALGN,301.1099853515625,301.1099853515625,301.3399963378906,300.7300109863281,300.7300109863281,1888.0
2024-03-01 11:58:00,ALGS,1.090000033378601,1.090000033378601,1.0963000059127808,1.0700000524520874,1.0963000059127808,2646.0
2024-03-01 11:58:00,ALHC,5.739999771118164,5.739999771118164,5.739999771118164,5.739999771118164,5.739999771118164,301.0
2024-03-01 11:58:00,ALKS,30.219999313354492,30.219999313354492,30.219999313354492,30.219999313354492,30.219999313354492,938.0
2024-03-01 11:58:00,ALLK,1.600000023841858,1.600000023841858,1.600000023841858,1.600000023841858,1.600000023841858,240.0
2024-03-01 11:58:00,ALLO,5.034999847412109,5.034999847412109,5.034999847412109,5.034999847412109,5.034999847412109,175.0
2024-03-01 11:58:00,ALNY,153.82000732421875,153.82000732421875,153.82000732421875,153.82000732421875,153.82000732421875,335.0
2024-03-01 11:58:00,ALPN,35.95500183105469,35.95500183105469,35.95500183105469,35.91999816894531,35.91999816894531,732.0
2024-03-01 11:58:00,ALT,12.149900436401367,12.149900436401367,12.149999618530273,12.149900436401367,12.149999618530273,1257.0
2024-03-01 11:58:00,ALXO,14.989999771118164,14.989999771118164,15.0,14.979999542236328,14.989999771118164,631.0
2024-03-01 11:58:00,AMED,93.12999725341797,93.12999725341797,93.18000030517578,93.11000061035156,93.12000274658203,1675.0
2024-03-01 11:58:00,AMGN,281.5050048828125,281.5050048828125,281.6400146484375,281.4800109863281,281.5450134277344,3286.0
2024-03-01 11:58:00,AMLX,18.81999969482422,18.81999969482422,18.81999969482422,18.81999969482422,18.81999969482422,1297.0
2024-03-01 11:58:00,AMPH,45.50389862060547,45.50389862060547,45.50389862060547,45.50389862060547,45.50389862060547,330.0
2024-03-01 11:58:00,AMRN,1.0549999475479126,1.0549999475479126,1.0549999475479126,1.0499999523162842,1.0549999475479126,3804.0
2024-03-01 11:58:00,ANIP,66.66999816894531,66.66999816894531,66.66999816894531,66.66999816894531,66.66999816894531,219.0
2024-03-01 11:58:00,ANNX,5.880000114440918,5.880000114440918,5.885000228881836,5.869999885559082,5.885000228881836,2428.0
2024-03-01 11:58:00,ANTX,2.98009991645813,2.98009991645813,2.98009991645813,2.98009991645813,2.98009991645813,510.0
2024-03-01 11:58:00,APLS,65.66999816894531,65.66999816894531,65.69000244140625,65.48999786376953,65.48999786376953,11495.0
2024-03-01 11:58:00,APLT,7.110000133514404,7.110000133514404,7.130000114440918,7.099999904632568,7.119999885559082,10969.0
2024-03-01 11:58:00,AQST,4.370100021362305,4.370100021362305,4.388999938964844,4.360099792480469,4.360099792480469,4689.0
2024-03-01 11:58:00,ARAY,2.630000114440918,2.630000114440918,2.630000114440918,2.630000114440918,2.630000114440918,114.0
2024-03-01 11:58:00,ARDX,9.640000343322754,9.640000343322754,9.649999618530273,9.640000343322754,9.649999618530273,1821.0
2024-03-01 11:58:00,ARQT,11.53499984741211,11.53499984741211,11.539999961853027,11.520000457763672,11.520000457763672,11552.0
2024-03-01 11:58:00,ARVN,48.689998626708984,48.689998626708984,48.689998626708984,48.66780090332031,48.66780090332031,886.0
2024-03-01 11:58:00,ARWR,35.760101318359375,35.760101318359375,35.810001373291016,35.760101318359375,35.779998779296875,1126.0
2024-03-01 11:58:00,ASND,150.97000122070312,150.97000122070312,150.97999572753906,150.77000427246094,150.77000427246094,853.0
2024-03-01 11:58:00,ASRT,0.9120000004768372,0.9120000004768372,0.9120000004768372,0.9100000262260437,0.9100000262260437,11387.0
2024-03-01 11:58:00,ATAI,2.0894999504089355,2.0894999504089355,2.0894999504089355,2.0799999237060547,2.0850000381469727,4452.0
2024-03-01 11:58:00,ATEC,13.614999771118164,13.614999771118164,13.614999771118164,13.609999656677246,13.614999771118164,1348.0
2024-03-01 11:58:00,ATHA,3.950000047683716,3.950000047683716,3.950000047683716,3.944999933242798,3.944999933242798,695.0
2024-03-01 11:58:00,ATRA,0.7924500107765198,0.7924500107765198,0.7924500107765198,0.7900000214576721,0.7900000214576721,921.0
2024-03-01 11:58:00,ATRC,35.86000061035156,35.86000061035156,35.90999984741211,35.86000061035156,35.90999984741211,2435.0
2024-03-01 11:58:00,ATXI,0.15369999408721924,0.15369999408721924,0.15379999577999115,0.15029999613761902,0.15379999577999115,10002.0
2024-03-01 11:58:00,AUGX,4.614999771118164,4.614999771118164,4.614999771118164,4.610000133514404,4.610000133514404,741.0
2024-03-01 11:58:00,AUPH,5.804999828338623,5.804999828338623,5.804999828338623,5.804999828338623,5.804999828338623,266.0
2024-03-01 11:58:00,AURA,9.444999694824219,9.444999694824219,9.444999694824219,9.444999694824219,9.444999694824219,207.0
2024-03-01 11:58:00,AUTL,6.269999980926514,6.269999980926514,6.269999980926514,6.260000228881836,6.260000228881836,2030.0
2024-03-01 11:58:00,AVDL,12.6899995803833,12.6899995803833,12.6899995803833,12.649999618530273,12.649999618530273,7868.0
2024-03-01 11:58:00,AVIR,4.511099815368652,4.511099815368652,4.511099815368652,4.511099815368652,4.511099815368652,110.0
2024-03-01 11:58:00,AVRO,1.3300000429153442,1.3300000429153442,1.340000033378601,1.3200000524520874,1.3279999494552612,13526.0
2024-03-01 11:58:00,AXGN,10.510000228881836,10.510000228881836,10.510000228881836,10.510000228881836,10.510000228881836,925.0
2024-03-01 11:58:00,AXNX,67.30989837646484,67.30989837646484,67.30989837646484,67.30989837646484,67.30989837646484,3803.0
2024-03-01 11:58:00,AXSM,82.25499725341797,82.25499725341797,82.25499725341797,82.25499725341797,82.25499725341797,301.0
2024-03-01 11:58:00,AZN,64.62999725341797,64.62999725341797,64.62999725341797,64.61000061035156,64.61499786376953,3865.0
2024-03-01 11:58:00,BBIO,35.93000030517578,35.93000030517578,35.93000030517578,35.93000030517578,35.93000030517578,941.0
2024-03-01 11:58:00,BCAB,2.755000114440918,2.755000114440918,2.755000114440918,2.755000114440918,2.755000114440918,1328.0
2024-03-01 11:58:00,BDTX,5.005000114440918,5.005000114440918,5.010000228881836,5.005000114440918,5.010000228881836,738.0
2024-03-01 11:58:00,BEAM,39.970001220703125,39.970001220703125,39.9900016784668,39.970001220703125,39.9900016784668,1186.0
2024-03-01 11:58:00,BIIB,219.7100067138672,219.7100067138672,219.7100067138672,219.57000732421875,219.57000732421875,457.0
2024-03-01 11:58:00,BIOL,0.13779999315738678,0.13779999315738678,0.13779999315738678,0.13779999315738678,0.13779999315738678,2237.0
2024-03-01 11:58:00,BIVI,2.0899999141693115,2.0899999141693115,2.109299898147583,2.0808000564575195,2.0850000381469727,61186.0
2024-03-01 11:58:00,BLFS,18.229999542236328,18.229999542236328,18.260000228881836,18.229999542236328,18.260000228881836,1151.0
2024-03-01 11:58:00,BLUE,1.565000057220459,1.565000057220459,1.5699000358581543,1.5600999593734741,1.565000057220459,4873.0
2024-03-01 11:58:00,BMEA,17.899999618530273,17.899999618530273,17.954999923706055,17.899999618530273,17.940000534057617,1434.0
2024-03-01 11:58:00,BMRN,86.98999786376953,86.98999786376953,87.00859832763672,86.98999786376953,87.00499725341797,1441.0
2024-03-01 11:58:00,BNGO,1.2450000047683716,1.2450000047683716,1.25,1.2400000095367432,1.2400000095367432,2114.0
2024-03-01 11:58:00,BNR,0.8367000222206116,0.8367000222206116,0.8458499908447266,0.8367000222206116,0.8458499908447266,3453.0
2024-03-01 11:58:00,BNTC,5.130000114440918,5.130000114440918,5.130000114440918,5.130000114440918,5.130000114440918,327.0
2024-03-01 11:58:00,BPMC,97.56999969482422,97.56999969482422,97.56999969482422,97.56999969482422,97.56999969482422,615.0
2024-03-01 11:58:00,BRKR,87.94000244140625,87.94000244140625,87.94000244140625,87.93000030517578,87.93000030517578,529.0
2024-03-01 11:58:00,BTAI,3.2300000190734863,3.2300000190734863,3.2300000190734863,3.2300000190734863,3.2300000190734863,164.0
2024-03-01 11:58:00,BTTX,0.1720000058412552,0.1720000058412552,0.1720000058412552,0.17139999568462372,0.17149999737739563,16343.0
2024-03-01 11:58:00,CABA,24.1200008392334,24.1200008392334,24.190000534057617,24.0,24.020000457763672,22712.0
2024-03-01 11:58:00,CARA,0.8877999782562256,0.8877999782562256,0.8877999782562256,0.8877999782562256,0.8877999782562256,2247.0
2024-03-01 11:58:00,CBAY,32.244998931884766,32.244998931884766,32.25,32.244998931884766,32.25,8465.0
2024-03-01 11:58:00,CCCC,10.925000190734863,10.925000190734863,10.949999809265137,10.90999984741211,10.90999984741211,1791.0
2024-03-01 11:58:00,CCRN,18.170000076293945,18.170000076293945,18.170000076293945,18.165000915527344,18.165000915527344,775.0
2024-03-01 11:58:00,CDMO,8.119999885559082,8.119999885559082,8.119999885559082,8.114999771118164,8.119999885559082,1650.0
2024-03-01 11:58:00,CDNA,12.4399995803833,12.4399995803833,12.479999542236328,12.420000076293945,12.479999542236328,5189.0
2024-03-01 11:58:00,CDXS,4.53000020980835,4.53000020980835,4.53000020980835,4.525000095367432,4.53000020980835,1356.0
2024-03-01 11:58:00,CERE,41.11000061035156,41.11000061035156,41.1150016784668,41.099998474121094,41.099998474121094,1747.0
2024-03-01 11:58:00,CERT,17.69499969482422,17.69499969482422,17.700000762939453,17.69499969482422,17.700000762939453,705.0
2024-03-01 11:58:00,CGC,3.251699924468994,3.251699924468994,3.251699924468994,3.25,3.25,311.0
2024-03-01 11:58:00,CGEM,18.885000228881836,18.885000228881836,18.885000228881836,18.885000228881836,18.885000228881836,334.0
2024-03-01 11:58:00,CHRS,2.359999895095825,2.359999895095825,2.359999895095825,2.359999895095825,2.359999895095825,930.0
2024-03-01 11:58:00,CLDX,52.59000015258789,52.59000015258789,52.59000015258789,52.540000915527344,52.58000183105469,1378.0
2024-03-01 11:58:00,CLNN,0.38999998569488525,0.38999998569488525,0.39010000228881836,0.38999998569488525,0.39010000228881836,3528.0
2024-03-01 11:58:00,CLOV,0.8632500171661377,0.8632500171661377,0.8632500171661377,0.8626999855041504,0.8626999855041504,62171.0
2024-03-01 11:58:00,CLPT,6.7667999267578125,6.7667999267578125,6.769999980926514,6.760000228881836,6.760000228881836,685.0
2024-03-01 11:58:00,CMPS,11.479999542236328,11.479999542236328,11.539999961853027,11.474599838256836,11.520000457763672,8187.0
2024-03-01 11:58:00,CMRX,1.1461999416351318,1.1461999416351318,1.1461999416351318,1.1461999416351318,1.1461999416351318,258.0
2024-03-01 11:58:00,CODX,1.1540000438690186,1.1540000438690186,1.1540000438690186,1.1540000438690186,1.1540000438690186,1035.0
2024-03-01 11:58:00,COGT,7.21999979019165,7.21999979019165,7.239999771118164,7.21999979019165,7.21999979019165,852.0
2024-03-01 11:58:00,CORT,23.7549991607666,23.7549991607666,23.764999389648438,23.709999084472656,23.709999084472656,10768.0
2024-03-01 11:58:00,CPRX,17.110000610351562,17.110000610351562,17.1299991607666,17.110000610351562,17.1299991607666,6004.0
2024-03-01 11:58:00,CRBU,8.0,8.0,8.0,8.0,8.0,917.0
2024-03-01 11:58:00,CRDF,2.3399999141693115,2.3399999141693115,2.359999895095825,2.3399999141693115,2.3499999046325684,34724.0
2024-03-01 11:58:00,CRNX,45.779998779296875,45.779998779296875,45.779998779296875,45.779998779296875,45.779998779296875,100.0
2024-03-01 11:58:00,CRON,2.055000066757202,2.055000066757202,2.055000066757202,2.049999952316284,2.049999952316284,300.0
2024-03-01 11:58:00,CRSP,85.55799865722656,85.55799865722656,85.6875,85.55799865722656,85.6875,1095.0
2024-03-01 11:58:00,CRVS,2.244999885559082,2.244999885559082,2.244999885559082,2.244999885559082,2.244999885559082,2012.0
2024-03-01 11:58:00,CSTL,19.90999984741211,19.90999984741211,19.90999984741211,19.90999984741211,19.90999984741211,245.0
2024-03-01 11:58:00,CTKB,8.46500015258789,8.46500015258789,8.470000267028809,8.46500015258789,8.470000267028809,1081.0
2024-03-01 11:58:00,CTMX,2.5799999237060547,2.5799999237060547,2.5799999237060547,2.575000047683716,2.575000047683716,552.0
2024-03-01 11:58:00,CTXR,0.7760990262031555,0.7760990262031555,0.7760990262031555,0.7700999975204468,0.7700999975204468,1281.0
2024-03-01 11:58:00,CUE,2.174999952316284,2.174999952316284,2.174999952316284,2.174999952316284,2.174999952316284,108.0
2024-03-01 11:58:00,CUTR,2.4100000858306885,2.4100000858306885,2.430000066757202,2.4100000858306885,2.430000066757202,9312.0
2024-03-01 11:58:00,CVAC,3.4549999237060547,3.4549999237060547,3.4549999237060547,3.4549999237060547,3.4549999237060547,364.0
2024-03-01 11:58:00,CYTK,73.88500213623047,73.88500213623047,73.88500213623047,73.86000061035156,73.86000061035156,342.0
2024-03-01 11:58:00,CYTO,2.150099992752075,2.150099992752075,2.167799949645996,2.150099992752075,2.167799949645996,217.0
2024-03-01 11:58:00,DAWN,17.459999084472656,17.459999084472656,17.459999084472656,17.459999084472656,17.459999084472656,173.0
2024-03-01 11:58:00,DCGO,4.130000114440918,4.130000114440918,4.130000114440918,4.130000114440918,4.130000114440918,408.0
2024-03-01 11:58:00,DH,9.020000457763672,9.020000457763672,9.020000457763672,9.020000457763672,9.020000457763672,1358.0
2024-03-01 11:58:00,DMTK,0.8449000120162964,0.8449000120162964,0.8499000072479248,0.8449000120162964,0.8449000120162964,2797.0
2024-03-01 11:58:00,DNLI,20.780000686645508,20.780000686645508,20.790000915527344,20.770000457763672,20.770000457763672,2567.0
2024-03-01 11:58:00,DRMA,0.45899999141693115,0.45899999141693115,0.45899999141693115,0.45899999141693115,0.45899999141693115,186.0
2024-03-01 11:58:00,DRRX,1.01010000705719,1.01010000705719,1.01010000705719,1.0099999904632568,1.0099999904632568,740.0
2024-03-01 11:58:00,DRUG,1.7799999713897705,1.7799999713897705,1.7799999713897705,1.7799999713897705,1.7799999713897705,391.0
2024-03-01 11:58:00,DTIL,11.875,11.875,11.960000038146973,11.800000190734863,11.84000015258789,5167.0
2024-03-01 11:58:00,DVAX,12.864999771118164,12.864999771118164,12.875,12.864999771118164,12.869999885559082,4563.0
2024-03-01 11:58:00,DXCM,120.06999969482422,120.06999969482422,120.1500015258789,120.02999877929688,120.1500015258789,5763.0
2024-03-01 11:58:00,DYN,28.989999771118164,28.989999771118164,28.989999771118164,28.940000534057617,28.985000610351562,4060.0
2024-03-01 11:58:00,EDAP,6.800000190734863,6.800000190734863,6.800000190734863,6.800000190734863,6.800000190734863,500.0
2024-03-01 11:58:00,EDIT,10.869999885559082,10.869999885559082,10.869999885559082,10.859999656677246,10.864999771118164,1026.0
2024-03-01 11:58:00,EGRX,6.7058000564575195,6.7058000564575195,6.710000038146973,6.7058000564575195,6.710000038146973,314.0
2024-03-01 11:58:00,ELEV,4.849999904632568,4.849999904632568,4.849999904632568,4.849999904632568,4.849999904632568,100.0
2024-03-01 11:58:00,ENLV,3.3499999046325684,3.3499999046325684,3.3499999046325684,3.3499999046325684,3.3499999046325684,1000.0
2024-03-01 11:58:00,ENVB,1.6299999952316284,1.6299999952316284,1.6699999570846558,1.6299999952316284,1.6699999570846558,2740.0
2024-03-01 11:58:00,EQ,2.390000104904175,2.390000104904175,2.390000104904175,2.380000114440918,2.380000114440918,1007.0
2024-03-01 11:58:00,ERAS,2.505000114440918,2.505000114440918,2.505000114440918,2.505000114440918,2.505000114440918,133.0
2024-03-01 11:58:00,ESPR,2.5350000858306885,2.5350000858306885,2.5350000858306885,2.5299999713897705,2.5299999713897705,13603.0
2024-03-01 11:58:00,ETNB,12.975000381469727,12.975000381469727,12.989999771118164,12.975000381469727,12.979999542236328,10942.0
2024-03-01 11:58:00,EVAX,3.5799999237060547,3.5799999237060547,3.5799999237060547,3.5799999237060547,3.5799999237060547,1100.0
2024-03-01 11:58:00,EWTX,16.940000534057617,16.940000534057617,16.940000534057617,16.90999984741211,16.934999465942383,4241.0
2024-03-01 11:58:00,EXAI,6.789999961853027,6.789999961853027,6.789999961853027,6.789999961853027,6.789999961853027,384.0
2024-03-01 11:58:00,EXAS,59.62099838256836,59.62099838256836,59.685001373291016,59.62099838256836,59.64500045776367,1107.0
2024-03-01 11:58:00,EXEL,22.545000076293945,22.545000076293945,22.545000076293945,22.530000686645508,22.530000686645508,2193.0
2024-03-01 11:58:00,EYPT,28.174999237060547,28.174999237060547,28.174999237060547,28.174999237060547,28.174999237060547,100.0
2024-03-01 11:58:00,FATE,7.429999828338623,7.429999828338623,7.429999828338623,7.429999828338623,7.429999828338623,1143.0
2024-03-01 11:58:00,FGEN,1.8300000429153442,1.8300000429153442,1.8300000429153442,1.8300000429153442,1.8300000429153442,5133.0
2024-03-01 11:58:00,FHTX,8.104900360107422,8.104900360107422,8.104900360107422,8.104900360107422,8.104900360107422,401.0
2024-03-01 11:58:00,FLGT,23.20009994506836,23.20009994506836,23.20009994506836,23.20009994506836,23.20009994506836,110.0
2024-03-01 11:58:00,FOLD,13.295000076293945,13.295000076293945,13.300000190734863,13.295000076293945,13.300000190734863,8683.0
2024-03-01 11:58:00,FONR,22.360000610351562,22.360000610351562,22.360000610351562,22.360000610351562,22.360000610351562,225.0
2024-03-01 11:58:00,FULC,10.850000381469727,10.850000381469727,10.850000381469727,10.84000015258789,10.84000015258789,1959.0
2024-03-01 11:58:00,FUSN,12.399999618530273,12.399999618530273,12.399999618530273,12.399999618530273,12.399999618530273,215.0
2024-03-01 11:58:00,GALT,1.9900000095367432,1.9900000095367432,1.9900000095367432,1.9900000095367432,1.9900000095367432,100.0
2024-03-01 11:58:00,GBIO,2.619999885559082,2.619999885559082,2.619999885559082,2.619999885559082,2.619999885559082,200.0
2024-03-01 11:58:00,GCTK,0.30498600006103516,0.30498600006103516,0.30498600006103516,0.30498600006103516,0.30498600006103516,100.0
2024-03-01 11:58:00,GDRX,8.295000076293945,8.295000076293945,8.300000190734863,8.295000076293945,8.300000190734863,2467.0
2024-03-01 11:58:00,GERN,2.174999952316284,2.174999952316284,2.180000066757202,2.1649999618530273,2.1649999618530273,45326.0
2024-03-01 11:58:00,GH,19.239999771118164,19.239999771118164,19.25,19.239999771118164,19.25,1297.0
2024-03-01 11:58:00,GILD,72.2300033569336,72.2300033569336,72.26000213623047,72.22000122070312,72.2300033569336,7658.0
2024-03-01 11:58:00,GLUE,6.275000095367432,6.275000095367432,6.275000095367432,6.275000095367432,6.275000095367432,236.0
2024-03-01 11:58:00,GMAB,29.344999313354492,29.344999313354492,29.350000381469727,29.344999313354492,29.350000381469727,1374.0
2024-03-01 11:58:00,GMDA,0.38989999890327454,0.38989999890327454,0.38989999890327454,0.3898000121116638,0.3898000121116638,13334.0
2024-03-01 11:58:00,GOSS,1.3600000143051147,1.3600000143051147,1.3695000410079956,1.3600000143051147,1.3695000410079956,593.0
2024-03-01 11:58:00,GRFS,7.054999828338623,7.054999828338623,7.054999828338623,7.054999828338623,7.054999828338623,1735.0
2024-03-01 11:58:00,GRTS,2.2049999237060547,2.2049999237060547,2.2100000381469727,2.200000047683716,2.2100000381469727,3347.0
2024-03-01 11:58:00,GTHX,3.590100049972534,3.590100049972534,3.5999999046325684,3.590100049972534,3.5999999046325684,1102.0
2024-03-01 11:58:00,HALO,41.290000915527344,41.290000915527344,41.290000915527344,41.290000915527344,41.290000915527344,716.0
2024-03-01 11:58:00,HCAT,7.929999828338623,7.929999828338623,7.929999828338623,7.920000076293945,7.920000076293945,2612.0
2024-03-01 11:58:00,HCSG,12.635000228881836,12.635000228881836,12.640000343322754,12.635000228881836,12.640000343322754,1120.0
2024-03-01 11:58:00,HCTI,2.5399999618530273,2.5399999618530273,2.5399999618530273,2.5397000312805176,2.5397000312805176,736.0
2024-03-01 11:58:00,HITI,1.7699999809265137,1.7699999809265137,1.777999997138977,1.7699999809265137,1.777999997138977,1724.0
2024-03-01 11:58:00,HOLX,73.70999908447266,73.70999908447266,73.73999786376953,73.70999908447266,73.7300033569336,1988.0
2024-03-01 11:58:00,HQY,81.32499694824219,81.32499694824219,81.32499694824219,81.32499694824219,81.32499694824219,557.0
2024-03-01 11:58:00,HRMY,31.450000762939453,31.450000762939453,31.450000762939453,31.450000762939453,31.450000762939453,659.0
2024-03-01 11:58:00,HRTX,2.6050000190734863,2.6050000190734863,2.609999895095825,2.5999999046325684,2.5999999046325684,21065.0
2024-03-01 11:58:00,HSIC,76.98500061035156,76.98500061035156,77.0199966430664,76.98500061035156,77.0199966430664,1455.0
2024-03-01 11:58:00,HUMA,3.3798999786376953,3.3798999786376953,3.3949999809265137,3.369999885559082,3.3949999809265137,22151.0
2024-03-01 11:58:00,IART,36.494998931884766,36.494998931884766,36.494998931884766,36.47999954223633,36.4900016784668,874.0
2024-03-01 11:58:00,IBRX,4.880000114440918,4.880000114440918,4.895899772644043,4.875999927520752,4.894999980926514,4446.0
2024-03-01 11:58:00,ICAD,1.8559999465942383,1.8559999465942383,1.8559999465942383,1.8559999465942383,1.8559999465942383,200.0
2024-03-01 11:58:00,ICCM,1.3000999689102173,1.3000999689102173,1.3000999689102173,1.3000999689102173,1.3000999689102173,2004.0
2024-03-01 11:58:00,IDXX,581.75,581.75,581.9299926757812,581.75,581.8800048828125,701.0
2024-03-01 11:58:00,IDYA,46.13999938964844,46.13999938964844,46.275001525878906,46.130001068115234,46.27000045776367,4544.0
2024-03-01 11:58:00,IGMS,13.385000228881836,13.385000228881836,13.385000228881836,13.385000228881836,13.385000228881836,134.0
2024-03-01 11:58:00,IINN,1.649999976158142,1.649999976158142,1.649999976158142,1.649999976158142,1.649999976158142,500.0
2024-03-01 11:58:00,IMCR,68.12999725341797,68.12999725341797,68.12999725341797,68.12169647216797,68.12999725341797,399.0
2024-03-01 11:58:00,IMMX,3.5199999809265137,3.5199999809265137,3.5299999713897705,3.5199999809265137,3.5299999713897705,601.0
2024-03-01 11:58:00,IMNM,25.6299991607666,25.6299991607666,25.6299991607666,25.6299991607666,25.6299991607666,536.0
2024-03-01 11:58:00,IMUX,1.4800000190734863,1.4800000190734863,1.48989999294281,1.4800000190734863,1.4850000143051147,1441.0
2024-03-01 11:58:00,INCY,59.08300018310547,59.08300018310547,59.08300018310547,59.08000183105469,59.08000183105469,711.0
2024-03-01 11:58:00,INGN,6.860000133514404,6.860000133514404,6.860000133514404,6.860000133514404,6.860000133514404,215.0
2024-03-01 11:58:00,INMB,12.0,12.0,12.0,12.0,12.0,691.0
2024-03-01 11:58:00,INMD,22.844999313354492,22.844999313354492,22.844999313354492,22.843599319458008,22.844999313354492,1170.0
2024-03-01 11:58:00,INO,9.206299781799316,9.206299781799316,9.206299781799316,9.204700469970703,9.204700469970703,410.0
2024-03-01 11:58:00,INSM,28.25,28.25,28.290000915527344,28.25,28.270000457763672,2569.0
2024-03-01 11:58:00,INVA,15.6899995803833,15.6899995803833,15.710000038146973,15.6899995803833,15.6899995803833,7959.0
2024-03-01 11:58:00,INZY,6.505000114440918,6.505000114440918,6.53000020980835,6.5,6.505000114440918,17144.0
2024-03-01 11:58:00,IONM,0.335099995136261,0.335099995136261,0.335099995136261,0.335099995136261,0.335099995136261,1000.0
2024-03-01 11:58:00,IONS,45.9900016784668,45.9900016784668,46.0,45.97999954223633,45.97999954223633,984.0
2024-03-01 11:58:00,IOVA,16.655000686645508,16.655000686645508,16.65999984741211,16.6466007232666,16.649999618530273,20611.0
2024-03-01 11:58:00,IRWD,9.074999809265137,9.074999809265137,9.104999542236328,9.074999809265137,9.09000015258789,20625.0
2024-03-01 11:58:00,ISRG,393.75,393.75,394.0400085449219,393.7349853515625,394.0400085449219,2273.0
2024-03-01 11:58:00,ITOS,10.739999771118164,10.739999771118164,10.760000228881836,10.739999771118164,10.760000228881836,300.0
2024-03-01 11:58:00,ITRM,1.25,1.25,1.25,1.25,1.25,4068.0
2024-03-01 11:58:00,IXHL,5.429999828338623,5.429999828338623,5.429999828338623,5.429999828338623,5.429999828338623,111.0
2024-03-01 11:58:00,JAGX,0.0723000019788742,0.0723000019788742,0.07289999723434448,0.07150000333786011,0.07280000299215317,685726.0
2024-03-01 11:58:00,JANX,46.709999084472656,46.709999084472656,46.709999084472656,46.689998626708984,46.689998626708984,1639.0
2024-03-01 11:58:00,JAZZ,119.79000091552734,119.79000091552734,119.83999633789062,119.79000091552734,119.80000305175781,5446.0
2024-03-01 11:58:00,JSPR,20.895000457763672,20.895000457763672,21.3700008392334,20.895000457763672,21.3700008392334,498.0
2024-03-01 11:58:00,KALA,7.175000190734863,7.175000190734863,7.175000190734863,7.175000190734863,7.175000190734863,627.0
2024-03-01 11:58:00,KALV,13.944999694824219,13.944999694824219,13.954999923706055,13.944999694824219,13.954999923706055,313.0
2024-03-01 11:58:00,KNTE,2.619999885559082,2.619999885559082,2.619999885559082,2.619999885559082,2.619999885559082,1100.0
2024-03-01 11:58:00,KPTI,1.215000033378601,1.215000033378601,1.215000033378601,1.215000033378601,1.215000033378601,1337.0
2024-03-01 11:58:00,KROS,69.9625015258789,69.9625015258789,69.9625015258789,69.9625015258789,69.9625015258789,223.0
2024-03-01 11:58:00,KRYS,166.91000366210938,166.91000366210938,166.91000366210938,166.64999389648438,166.64999389648438,984.0
2024-03-01 11:58:00,KTRA,0.09679999947547913,0.09679999947547913,0.09709999710321426,0.09679999947547913,0.09709999710321426,5751.0
2024-03-01 11:58:00,KURA,21.270000457763672,21.270000457763672,21.280000686645508,21.270000457763672,21.280000686645508,574.0
2024-03-01 11:58:00,KYMR,43.904998779296875,43.904998779296875,43.904998779296875,43.8849983215332,43.88999938964844,938.0
2024-03-01 11:58:00,KZR,1.0800000429153442,1.0800000429153442,1.090000033378601,1.0800000429153442,1.090000033378601,500.0
2024-03-01 11:58:00,LEGN,65.83000183105469,65.83000183105469,65.86000061035156,65.83000183105469,65.86000061035156,742.0
2024-03-01 11:58:00,LEXX,2.7100000381469727,2.7100000381469727,2.7200000286102295,2.7100000381469727,2.7200000286102295,8987.0
2024-03-01 11:58:00,LFST,7.985000133514404,7.985000133514404,7.994999885559082,7.985000133514404,7.985000133514404,3204.0
2024-03-01 11:58:00,LIAN,4.860199928283691,4.860199928283691,4.860199928283691,4.860000133514404,4.860000133514404,1050.0
2024-03-01 11:58:00,LIVN,55.400001525878906,55.400001525878906,55.400001525878906,55.400001525878906,55.400001525878906,300.0
2024-03-01 11:58:00,LNTH,65.36000061035156,65.36000061035156,65.36000061035156,65.33999633789062,65.33999633789062,804.0
2024-03-01 11:58:00,LQDA,14.319999694824219,14.319999694824219,14.319999694824219,14.3100004196167,14.319999694824219,1565.0
2024-03-01 11:58:00,LTRN,4.590099811553955,4.590099811553955,4.590099811553955,4.590099811553955,4.590099811553955,180.0
2024-03-01 11:58:00,LUCD,1.2207000255584717,1.2207000255584717,1.2207000255584717,1.2207000255584717,1.2207000255584717,620.0
2024-03-01 11:58:00,LVTX,3.199399948120117,3.199399948120117,3.199399948120117,3.164900064468384,3.164900064468384,2520.0
2024-03-01 11:58:00,LXRX,2.430000066757202,2.430000066757202,2.434999942779541,2.424999952316284,2.424999952316284,5000.0
2024-03-01 11:58:00,LYRA,5.559999942779541,5.559999942779541,5.559999942779541,5.559999942779541,5.559999942779541,100.0
2024-03-01 11:58:00,MACK,14.699999809265137,14.699999809265137,14.710000038146973,14.699999809265137,14.710000038146973,801.0
2024-03-01 11:58:00,MASI,127.23999786376953,127.23999786376953,127.23999786376953,127.23999786376953,127.23999786376953,473.0
2024-03-01 11:58:00,MASS,7.28000020980835,7.28000020980835,7.28000020980835,7.28000020980835,7.28000020980835,345.0
2024-03-01 11:58:00,MCRB,1.190000057220459,1.190000057220459,1.1950000524520874,1.190000057220459,1.1950000524520874,5495.0
2024-03-01 11:58:00,MDGL,244.88999938964844,244.88999938964844,245.5,244.88999938964844,245.47999572753906,2337.0
2024-03-01 11:58:00,MDRX,6.099999904632568,6.099999904632568,6.099999904632568,6.079999923706055,6.099999904632568,8038.0
2024-03-01 11:58:00,MDXG,8.569999694824219,8.569999694824219,8.574999809265137,8.569999694824219,8.569999694824219,646.0
2024-03-01 11:58:00,ME,0.5676000118255615,0.5676000118255615,0.5676000118255615,0.5676000118255615,0.5676000118255615,690.0
2024-03-01 11:58:00,MEDP,400.6499938964844,400.6499938964844,400.6499938964844,400.2200012207031,400.2200012207031,1135.0
2024-03-01 11:58:00,MESO,2.0401999950408936,2.0401999950408936,2.0401999950408936,2.0401999950408936,2.0401999950408936,100.0
2024-03-01 11:58:00,MGNX,19.010000228881836,19.010000228881836,19.010000228881836,18.969999313354492,18.989999771118164,4358.0
2024-03-01 11:58:00,MGTX,6.320000171661377,6.320000171661377,6.320000171661377,6.320000171661377,6.320000171661377,129.0
2024-03-01 11:58:00,MLTX,51.939998626708984,51.939998626708984,51.939998626708984,51.939998626708984,51.939998626708984,301.0
2024-03-01 11:58:00,MMSI,76.44999694824219,76.44999694824219,76.80999755859375,76.44999694824219,76.80999755859375,3035.0
2024-03-01 11:58:00,MNKD,4.579999923706055,4.579999923706055,4.579999923706055,4.579999923706055,4.579999923706055,101223.0
2024-03-01 11:58:00,MNMD,6.146999835968018,6.146999835968018,6.146999835968018,6.130000114440918,6.130000114440918,2981.0
2024-03-01 11:58:00,MODD,1.940000057220459,1.940000057220459,1.9500000476837158,1.9199999570846558,1.9199999570846558,9263.0
2024-03-01 11:58:00,MORF,38.959999084472656,38.959999084472656,38.959999084472656,38.959999084472656,38.959999084472656,767.0
2024-03-01 11:58:00,MREO,3.853600025177002,3.853600025177002,3.859999895095825,3.850800037384033,3.8550000190734863,1812.0
2024-03-01 11:58:00,MRNA,96.27999877929688,96.27999877929688,96.31199645996094,96.20999908447266,96.27010345458984,6591.0
2024-03-01 11:58:00,MRNS,9.930000305175781,9.930000305175781,9.930000305175781,9.920000076293945,9.920000076293945,718.0
2024-03-01 11:58:00,MRSN,5.940000057220459,5.940000057220459,5.980000019073486,5.940000057220459,5.960000038146973,8836.0
2024-03-01 11:58:00,MRUS,52.0,52.0,52.03499984741211,51.849998474121094,51.96500015258789,49461.0
2024-03-01 11:58:00,MRVI,7.849999904632568,7.849999904632568,7.849999904632568,7.809999942779541,7.809999942779541,28717.0
2024-03-01 11:58:00,MYGN,21.584999084472656,21.584999084472656,21.584999084472656,21.584999084472656,21.584999084472656,450.0
2024-03-01 11:58:00,NARI,46.07500076293945,46.07500076293945,46.11000061035156,46.07500076293945,46.08000183105469,820.0
2024-03-01 11:58:00,NAUT,2.6600000858306885,2.6600000858306885,2.6600000858306885,2.6600000858306885,2.6600000858306885,100.0
2024-03-01 11:58:00,NBIX,131.83999633789062,131.83999633789062,131.88999938964844,131.83999633789062,131.88999938964844,1456.0
2024-03-01 11:58:00,NEO,16.01729965209961,16.01729965209961,16.01729965209961,16.010000228881836,16.010000228881836,813.0
2024-03-01 11:58:00,NEOG,17.309999465942383,17.309999465942383,17.315000534057617,17.309999465942383,17.315000534057617,814.0
2024-03-01 11:58:00,NEPT,0.44999998807907104,0.44999998807907104,0.4560000002384186,0.44999998807907104,0.4560000002384186,3000.0
2024-03-01 11:58:00,NKTR,0.7699999809265137,0.7699999809265137,0.7699999809265137,0.7689999938011169,0.7694500088691711,19325.0
2024-03-01 11:58:00,NKTX,12.75100040435791,12.75100040435791,12.774999618530273,12.75,12.774999618530273,1582.0
2024-03-01 11:58:00,NLSP,0.38999998569488525,0.38999998569488525,0.38999998569488525,0.38999998569488525,0.38999998569488525,201.0
2024-03-01 11:58:00,NNOX,11.15999984741211,11.15999984741211,11.175000190734863,11.15999984741211,11.175000190734863,655.0
2024-03-01 11:58:00,NOTV,8.119999885559082,8.119999885559082,8.180000305175781,8.119999885559082,8.180000305175781,2331.0
2024-03-01 11:58:00,NRBO,5.795000076293945,5.795000076293945,5.795000076293945,5.795000076293945,5.795000076293945,200.0
2024-03-01 11:58:00,NRIX,13.274999618530273,13.274999618530273,13.274999618530273,13.274999618530273,13.274999618530273,100.0
2024-03-01 11:58:00,NRSN,2.050100088119507,2.050100088119507,2.0671000480651855,2.050100088119507,2.0671000480651855,1922.0
2024-03-01 11:58:00,NRXP,0.4000999927520752,0.4000999927520752,0.4009999930858612,0.4000999927520752,0.4009999930858612,3001.0
2024-03-01 11:58:00,NTLA,33.349998474121094,33.349998474121094,33.369998931884766,33.349998474121094,33.36000061035156,2033.0
2024-03-01 11:58:00,NTRA,89.12999725341797,89.12999725341797,89.12999725341797,89.12999725341797,89.12999725341797,587.0
2024-03-01 11:58:00,NUVL,87.70500183105469,87.70500183105469,87.70500183105469,87.70500183105469,87.70500183105469,977.0
2024-03-01 11:58:00,NVAX,5.101099967956543,5.101099967956543,5.110000133514404,5.101099967956543,5.110000133514404,9886.0
2024-03-01 11:58:00,NVCR,15.819999694824219,15.819999694824219,15.829999923706055,15.819999694824219,15.829999923706055,1731.0
2024-03-01 11:58:00,NVCT,10.619999885559082,10.619999885559082,10.619999885559082,10.619999885559082,10.619999885559082,235.0
2024-03-01 11:58:00,NVNO,6.499899864196777,6.499899864196777,6.5,6.499899864196777,6.5,3006.0
2024-03-01 11:58:00,NXTC,1.7949999570846558,1.7949999570846558,1.7949999570846558,1.7949999570846558,1.7949999570846558,200.0
2024-03-01 11:58:00,OCGN,0.9435039758682251,0.9435039758682251,0.9498999714851379,0.9416000247001648,0.9416000247001648,18053.0
2024-03-01 11:58:00,OCUL,10.70009994506836,10.70009994506836,10.720000267028809,10.670000076293945,10.720000267028809,9504.0
2024-03-01 11:58:00,OCUP,2.490000009536743,2.490000009536743,2.490000009536743,2.490000009536743,2.490000009536743,100.0
2024-03-01 11:58:00,OGI,2.140000104904175,2.140000104904175,2.1449999809265137,2.140000104904175,2.140000104904175,1460.0
2024-03-01 11:58:00,OLK,22.635000228881836,22.635000228881836,22.635000228881836,22.635000228881836,22.635000228881836,756.0
2024-03-01 11:58:00,OLMA,13.699999809265137,13.699999809265137,13.699999809265137,13.699999809265137,13.699999809265137,274.0
2024-03-01 11:58:00,OMCL,26.469999313354492,26.469999313354492,26.469999313354492,26.469999313354492,26.469999313354492,471.0
2024-03-01 11:58:00,OMGA,4.230000019073486,4.230000019073486,4.230000019073486,4.230000019073486,4.230000019073486,150.0
2024-03-01 11:59:00,AADI,1.9850000143051147,1.9850000143051147,1.9850000143051147,1.9850000143051147,1.9850000143051147,200.0
2024-03-01 11:59:00,ABCL,5.210100173950195,5.210100173950195,5.215000152587891,5.210000038146973,5.210000038146973,1294.0
2024-03-01 11:59:00,ABEO,7.670000076293945,7.670000076293945,7.670000076293945,7.639999866485596,7.639999866485596,405.0
2024-03-01 11:59:00,ABOS,4.675000190734863,4.675000190734863,4.675000190734863,4.670000076293945,4.675000190734863,426.0
2024-03-01 11:59:00,ACAD,23.845699310302734,23.845699310302734,23.850000381469727,23.845699310302734,23.850000381469727,1063.0
2024-03-01 11:59:00,ACB,3.134999990463257,3.134999990463257,3.1389000415802,3.134999990463257,3.1389000415802,453.0
2024-03-01 11:59:00,ACCD,10.239999771118164,10.239999771118164,10.239999771118164,10.239999771118164,10.239999771118164,518.0
2024-03-01 11:59:00,ACET,2.3949999809265137,2.3949999809265137,2.4000000953674316,2.390000104904175,2.4000000953674316,866.0
2024-03-01 11:59:00,ACLX,67.50499725341797,67.50499725341797,67.50499725341797,67.47000122070312,67.5,1127.0
2024-03-01 11:59:00,ACON,0.38999998569488525,0.38999998569488525,0.38999998569488525,0.38139599561691284,0.38999998569488525,12375.0
2024-03-01 11:59:00,ACRS,1.2200000286102295,1.2200000286102295,1.2200000286102295,1.2200000286102295,1.2200000286102295,420.0
2024-03-01 11:59:00,ACXP,2.9700000286102295,2.9700000286102295,2.9700000286102295,2.9700000286102295,2.9700000286102295,1145.0
2024-03-01 11:59:00,ADAP,1.6368999481201172,1.6368999481201172,1.6368999481201172,1.6368999481201172,1.6368999481201172,3000.0
2024-03-01 11:59:00,ADIL,3.180000066757202,3.180000066757202,3.240000009536743,3.180000066757202,3.2207000255584717,33572.0
2024-03-01 11:59:00,ADMA,5.380000114440918,5.380000114440918,5.385000228881836,5.380000114440918,5.380000114440918,2011.0
2024-03-01 11:59:00,ADTX,3.422499895095825,3.422499895095825,3.422499895095825,3.422499895095825,3.422499895095825,160.0
2024-03-01 11:59:00,ADUS,93.7699966430664,93.7699966430664,93.7699966430664,93.7699966430664,93.7699966430664,450.0
2024-03-01 11:59:00,ADVM,1.965000033378601,1.965000033378601,1.965000033378601,1.965000033378601,1.965000033378601,140.0
2024-03-01 11:59:00,AFIB,0.20890000462532043,0.20890000462532043,0.20890000462532043,0.20890000462532043,0.20890000462532043,505.0
2024-03-01 11:59:00,AGEN,0.6739500164985657,0.6739500164985657,0.6743999719619751,0.6729999780654907,0.6743999719619751,38298.0
2024-03-01 11:59:00,AGIO,32.875,32.875,32.91999816894531,32.875,32.91999816894531,974.0
2024-03-01 11:59:00,AHCO,10.760000228881836,10.760000228881836,10.760000228881836,10.75,10.75,1088.0
2024-03-01 11:59:00,AKAN,0.24889999628067017,0.24889999628067017,0.24889999628067017,0.24799999594688416,0.24799999594688416,264.0
2024-03-01 11:59:00,AKBA,1.6799999475479126,1.6799999475479126,1.6799999475479126,1.6786999702453613,1.6786999702453613,566.0
2024-03-01 11:59:00,AKRO,29.639999389648438,29.639999389648438,29.670000076293945,29.59000015258789,29.604999542236328,2508.0
2024-03-01 11:59:00,ALDX,4.114999771118164,4.114999771118164,4.130000114440918,4.110000133514404,4.130000114440918,4955.0
2024-03-01 11:59:00,ALEC,7.454999923706055,7.454999923706055,7.454999923706055,7.454999923706055,7.454999923706055,900.0
2024-03-01 11:59:00,ALGS,1.059999942779541,1.059999942779541,1.0800000429153442,1.059999942779541,1.0800000429153442,1264.0
2024-03-01 11:59:00,ALHC,5.739999771118164,5.739999771118164,5.739999771118164,5.739999771118164,5.739999771118164,315.0
2024-03-01 11:59:00,ALKS,30.19499969482422,30.19499969482422,30.200000762939453,30.190000534057617,30.200000762939453,1249.0
2024-03-01 11:59:00,ALLK,1.5950000286102295,1.5950000286102295,1.600000023841858,1.5950000286102295,1.5950000286102295,560.0
2024-03-01 11:59:00,ALLR,0.4000999927520752,0.4000999927520752,0.4000999927520752,0.4000999927520752,0.4000999927520752,263.0
2024-03-01 11:59:00,ALNY,153.66000366210938,153.66000366210938,153.7899932861328,153.63999938964844,153.72000122070312,610.0
2024-03-01 11:59:00,ALPN,35.91999816894531,35.91999816894531,35.937801361083984,35.904998779296875,35.904998779296875,1027.0
2024-03-01 11:59:00,ALT,12.100000381469727,12.100000381469727,12.130000114440918,12.100000381469727,12.130000114440918,3827.0
2024-03-01 11:59:00,AMED,93.13999938964844,93.13999938964844,93.15499877929688,93.12999725341797,93.12999725341797,1314.0
2024-03-01 11:59:00,AMGN,281.5249938964844,281.5249938964844,281.5249938964844,281.3500061035156,281.4800109863281,10550.0
2024-03-01 11:59:00,AMLX,18.790000915527344,18.790000915527344,18.799999237060547,18.790000915527344,18.799999237060547,2147.0
2024-03-01 11:59:00,AMPH,45.450801849365234,45.450801849365234,45.50130081176758,45.450801849365234,45.5,1671.0
2024-03-01 11:59:00,AMRN,1.0499999523162842,1.0499999523162842,1.0549999475479126,1.0499999523162842,1.0549999475479126,430.0
2024-03-01 11:59:00,ANNX,5.869999885559082,5.869999885559082,5.880000114440918,5.860000133514404,5.880000114440918,2080.0
2024-03-01 11:59:00,APDN,0.567550003528595,0.567550003528595,0.567550003528595,0.567550003528595,0.567550003528595,220.0
2024-03-01 11:59:00,APLS,65.63500213623047,65.63500213623047,65.66999816894531,65.62000274658203,65.63999938964844,1511.0
2024-03-01 11:59:00,APVO,0.15320000052452087,0.15320000052452087,0.1606999933719635,0.15320000052452087,0.15700000524520874,3525.0
2024-03-01 11:59:00,AQST,4.375,4.375,4.389999866485596,4.369999885559082,4.389900207519531,11670.0
2024-03-01 11:59:00,ARCT,39.560001373291016,39.560001373291016,39.560001373291016,39.560001373291016,39.560001373291016,852.0
2024-03-01 11:59:00,ARDX,9.640000343322754,9.640000343322754,9.649999618530273,9.635000228881836,9.649999618530273,6988.0
2024-03-01 11:59:00,ARGX,388.94500732421875,388.94500732421875,388.95001220703125,388.94500732421875,388.95001220703125,909.0
2024-03-01 11:59:00,ARQT,11.5,11.5,11.531200408935547,11.494999885559082,11.531200408935547,7681.0
2024-03-01 11:59:00,ARVN,48.650001525878906,48.650001525878906,48.650001525878906,48.650001525878906,48.650001525878906,397.0
2024-03-01 11:59:00,ARWR,35.459999084472656,35.459999084472656,35.779998779296875,35.459999084472656,35.779998779296875,30695.0
2024-03-01 11:59:00,ASND,151.125,151.125,151.125,151.125,151.125,262.0
2024-03-01 11:59:00,ASRT,0.9157999753952026,0.9157999753952026,0.9157999753952026,0.9157999753952026,0.9157999753952026,514.0
2024-03-01 11:59:00,ATAI,2.0889999866485596,2.0889999866485596,2.089099884033203,2.0799999237060547,2.0850000381469727,3800.0
2024-03-01 11:59:00,ATEC,13.5649995803833,13.5649995803833,13.614999771118164,13.555000305175781,13.614999771118164,19240.0
2024-03-01 11:59:00,ATHA,3.958199977874756,3.958199977874756,3.958199977874756,3.9549999237060547,3.9549999237060547,583.0
2024-03-01 11:59:00,ATOS,1.0,1.0,1.0,0.9998999834060669,0.9998999834060669,5487.0
2024-03-01 11:59:00,ATRA,0.7949000000953674,0.7949000000953674,0.7949000000953674,0.7949000000953674,0.7949000000953674,100.0
2024-03-01 11:59:00,ATXI,0.15049999952316284,0.15049999952316284,0.15209999680519104,0.15039999783039093,0.15039999783039093,12056.0
2024-03-01 11:59:00,ATXS,14.899999618530273,14.899999618530273,14.920000076293945,14.899999618530273,14.920000076293945,6002.0
2024-03-01 11:59:00,AUPH,5.800000190734863,5.800000190734863,5.804999828338623,5.800000190734863,5.803999900817871,1438.0
2024-03-01 11:59:00,AUTL,6.269999980926514,6.269999980926514,6.275000095367432,6.269999980926514,6.275000095367432,831.0
2024-03-01 11:59:00,AVDL,12.710000038146973,12.710000038146973,12.710000038146973,12.699999809265137,12.699999809265137,1243.0
2024-03-01 11:59:00,AVIR,4.519999980926514,4.519999980926514,4.519999980926514,4.505000114440918,4.510000228881836,8727.0
2024-03-01 11:59:00,AVRO,1.3300000429153442,1.3300000429153442,1.340000033378601,1.3200000524520874,1.3200000524520874,1832.0
2024-03-01 11:59:00,AVXL,5.324999809265137,5.324999809265137,5.324999809265137,5.324999809265137,5.324999809265137,431.0
2024-03-01 11:59:00,AXNX,67.29499816894531,67.29499816894531,67.29499816894531,67.29499816894531,67.29499816894531,187.0
2024-03-01 11:59:00,AXSM,82.19000244140625,82.19000244140625,82.26499938964844,82.19000244140625,82.26499938964844,351.0
2024-03-01 11:59:00,AZN,64.62000274658203,64.62000274658203,64.625,64.62000274658203,64.62000274658203,2795.0
2024-03-01 11:59:00,AZTA,66.36000061035156,66.36000061035156,66.36000061035156,66.36000061035156,66.36000061035156,106.0
2024-03-01 11:59:00,BBIO,35.91600036621094,35.91600036621094,35.91600036621094,35.90999984741211,35.90999984741211,412.0
2024-03-01 11:59:00,BBLG,2.319999933242798,2.319999933242798,2.3399999141693115,2.319999933242798,2.3399999141693115,267.0
2024-03-01 11:59:00,BCRX,5.764999866485596,5.764999866485596,5.764999866485596,5.764999866485596,5.764999866485596,543.0
2024-03-01 11:59:00,BDTX,5.0,5.0,5.0,5.0,5.0,111.0
2024-03-01 11:59:00,BEAM,39.94499969482422,39.94499969482422,39.959999084472656,39.94499969482422,39.95000076293945,500.0
2024-03-01 11:59:00,BIIB,219.77000427246094,219.77000427246094,219.90499877929688,219.7100067138672,219.7100067138672,2637.0
2024-03-01 11:59:00,BIOL,0.1378999948501587,0.1378999948501587,0.1378999948501587,0.13779999315738678,0.13779999315738678,574.0
2024-03-01 11:59:00,BIVI,2.0799999237060547,2.0799999237060547,2.0908000469207764,2.059999942779541,2.0899999141693115,54922.0
2024-03-01 11:59:00,BLFS,18.190000534057617,18.190000534057617,18.219999313354492,18.170000076293945,18.219999313354492,3089.0
2024-03-01 11:59:00,BLRX,1.3798999786376953,1.3798999786376953,1.3798999786376953,1.3798999786376953,1.3798999786376953,1069.0
2024-03-01 11:59:00,BLUE,1.5700000524520874,1.5700000524520874,1.5700000524520874,1.559999942779541,1.5625,3194.0
2024-03-01 11:59:00,BMEA,17.875,17.875,17.889999389648438,17.875,17.889999389648438,1329.0
2024-03-01 11:59:00,BMRN,86.97000122070312,86.97000122070312,87.0,86.97000122070312,87.0,1178.0
2024-03-01 11:59:00,BNGO,1.25,1.25,1.25,1.2450000047683716,1.2450000047683716,2415.0
2024-03-01 11:59:00,BNTX,91.73999786376953,91.73999786376953,91.73999786376953,91.73999786376953,91.73999786376953,760.0
2024-03-01 11:59:00,BPMC,97.44000244140625,97.44000244140625,97.44999694824219,97.44000244140625,97.44999694824219,311.0
2024-03-01 11:59:00,BRKR,87.93000030517578,87.93000030517578,87.93000030517578,87.93000030517578,87.93000030517578,211.0
2024-03-01 11:59:00,BRTX,1.5,1.5,1.5,1.5,1.5,996.0
2024-03-01 11:59:00,BTTX,0.1720999926328659,0.1720999926328659,0.17299999296665192,0.17110100388526917,0.1729000061750412,32757.0
2024-03-01 11:59:00,BWAY,6.539999961853027,6.539999961853027,6.539999961853027,6.53000020980835,6.53000020980835,209.0
2024-03-01 11:59:00,CABA,24.1200008392334,24.1200008392334,24.1200008392334,24.1200008392334,24.1200008392334,1198.0
2024-03-01 11:59:00,CAPR,4.570000171661377,4.570000171661377,4.570000171661377,4.570000171661377,4.570000171661377,2006.0
2024-03-01 11:59:00,CARA,0.9007999897003174,0.9007999897003174,0.9007999897003174,0.9007999897003174,0.9007999897003174,1696.0
2024-03-01 11:59:00,CBAY,32.244998931884766,32.244998931884766,32.25,32.244998931884766,32.25,568.0
2024-03-01 11:59:00,CCCC,10.90999984741211,10.90999984741211,10.920000076293945,10.90999984741211,10.920000076293945,660.0
2024-03-01 11:59:00,CDMO,8.100000381469727,8.100000381469727,8.109999656677246,8.100000381469727,8.109999656677246,260.0
2024-03-01 11:59:00,CDNA,12.460000038146973,12.460000038146973,12.460000038146973,12.460000038146973,12.460000038146973,742.0
2024-03-01 11:59:00,CELC,16.059999465942383,16.059999465942383,16.059999465942383,16.059999465942383,16.059999465942383,237.0
2024-03-01 11:59:00,CERE,41.13999938964844,41.13999938964844,41.13999938964844,41.119998931884766,41.119998931884766,2270.0
2024-03-01 11:59:00,CERS,2.194999933242798,2.194999933242798,2.200000047683716,2.194999933242798,2.200000047683716,4196.0
2024-03-01 11:59:00,CERT,17.729999542236328,17.729999542236328,17.729999542236328,17.704999923706055,17.704999923706055,2734.0
2024-03-01 11:59:00,CGC,3.255000114440918,3.255000114440918,3.255000114440918,3.25,3.25,275.0
2024-03-01 11:59:00,CGEM,18.8700008392334,18.8700008392334,18.8799991607666,18.86199951171875,18.86199951171875,589.0
2024-03-01 11:59:00,CGTX,2.047499895095825,2.047499895095825,2.049999952316284,2.047499895095825,2.047499895095825,2055.0
2024-03-01 11:59:00,CHRS,2.359999895095825,2.359999895095825,2.359999895095825,2.359999895095825,2.359999895095825,111.0
2024-03-01 11:59:00,CKPT,2.2200000286102295,2.2200000286102295,2.2200000286102295,2.2200000286102295,2.2200000286102295,654.0
2024-03-01 11:59:00,CLDX,52.4900016784668,52.4900016784668,52.6150016784668,52.47999954223633,52.6150016784668,3921.0
2024-03-01 11:59:00,CLOV,0.865401029586792,0.865401029586792,0.8672999739646912,0.8634999990463257,0.8634999990463257,65610.0
2024-03-01 11:59:00,CMPS,11.49530029296875,11.49530029296875,11.510000228881836,11.49530029296875,11.5,1052.0
2024-03-01 11:59:00,CMPX,1.8899999856948853,1.8899999856948853,1.8899999856948853,1.8899999856948853,1.8899999856948853,139.0
2024-03-01 11:59:00,COGT,7.21999979019165,7.21999979019165,7.230000019073486,7.21999979019165,7.230000019073486,818.0
2024-03-01 11:59:00,COLL,37.00450134277344,37.00450134277344,37.00450134277344,36.970001220703125,36.970001220703125,815.0
2024-03-01 11:59:00,CORT,23.760000228881836,23.760000228881836,23.760000228881836,23.760000228881836,23.760000228881836,392.0
2024-03-01 11:59:00,CPRX,17.09000015258789,17.09000015258789,17.104999542236328,17.079999923706055,17.100000381469727,3352.0
2024-03-01 11:59:00,CRBP,31.759899139404297,31.759899139404297,31.760000228881836,31.520000457763672,31.520000457763672,2030.0
2024-03-01 11:59:00,CRBU,7.982399940490723,7.982399940490723,7.989999771118164,7.982399940490723,7.989999771118164,1752.0
2024-03-01 11:59:00,CRDF,2.346400022506714,2.346400022506714,2.3499999046325684,2.3345000743865967,2.3450000286102295,12962.0
2024-03-01 11:59:00,CRMD,3.7100000381469727,3.7100000381469727,3.7100000381469727,3.7100000381469727,3.7100000381469727,204.0
2024-03-01 11:59:00,CRNX,45.72999954223633,45.72999954223633,45.8650016784668,45.630001068115234,45.8650016784668,3084.0
2024-03-01 11:59:00,CRON,2.059999942779541,2.059999942779541,2.059999942779541,2.059999942779541,2.059999942779541,145.0
2024-03-01 11:59:00,CRSP,85.2699966430664,85.2699966430664,85.5199966430664,85.2699966430664,85.5199966430664,1589.0
2024-03-01 11:59:00,CSTL,20.0,20.0,20.110000610351562,19.969999313354492,19.969999313354492,6099.0
2024-03-01 11:59:00,CTMX,2.5959999561309814,2.5959999561309814,2.5999999046325684,2.5799999237060547,2.5799999237060547,4595.0
2024-03-01 11:59:00,CYTK,73.88999938964844,73.88999938964844,73.88999938964844,73.88999938964844,73.88999938964844,267.0
2024-03-01 11:59:00,DARE,0.5616499781608582,0.5616499781608582,0.5631999969482422,0.5616499781608582,0.5631999969482422,6000.0
2024-03-01 11:59:00,DAWN,17.43000030517578,17.43000030517578,17.44499969482422,17.43000030517578,17.44499969482422,1166.0
2024-03-01 11:59:00,DCGO,4.130000114440918,4.130000114440918,4.130000114440918,4.125,4.130000114440918,923.0
2024-03-01 11:59:00,DCPH,17.559999465942383,17.559999465942383,17.565000534057617,17.559999465942383,17.565000534057617,821.0
2024-03-01 11:59:00,DCTH,4.199999809265137,4.199999809265137,4.199999809265137,4.199999809265137,4.199999809265137,2141.0
2024-03-01 11:59:00,DH,9.010000228881836,9.010000228881836,9.010000228881836,9.010000228881836,9.010000228881836,115.0
2024-03-01 11:59:00,DNLI,20.760000228881836,20.760000228881836,20.774999618530273,20.760000228881836,20.774999618530273,1169.0
2024-03-01 11:59:00,DRRX,1.0149999856948853,1.0149999856948853,1.0149999856948853,1.0149999856948853,1.0149999856948853,188.0
2024-03-01 11:59:00,DSGN,2.9000000953674316,2.9000000953674316,2.9000000953674316,2.9000000953674316,2.9000000953674316,604.0
2024-03-01 11:59:00,DTIL,11.9399995803833,11.9399995803833,11.9399995803833,11.809499740600586,11.809499740600586,699.0
2024-03-01 11:59:00,DVAX,12.869999885559082,12.869999885559082,12.869999885559082,12.864999771118164,12.864999771118164,434.0
2024-03-01 11:59:00,DXCM,120.11000061035156,120.11000061035156,120.1500015258789,120.08499908447266,120.08999633789062,5937.0
2024-03-01 11:59:00,DYN,28.940000534057617,28.940000534057617,29.0,28.940000534057617,28.954999923706055,1307.0
2024-03-01 11:59:00,EDIT,10.854999542236328,10.854999542236328,10.890000343322754,10.854999542236328,10.885000228881836,4567.0
2024-03-01 11:59:00,EGRX,6.710000038146973,6.710000038146973,6.710000038146973,6.710000038146973,6.710000038146973,520.0
2024-03-01 11:59:00,ELEV,4.824999809265137,4.824999809265137,4.869999885559082,4.809999942779541,4.869999885559082,3144.0
2024-03-01 11:59:00,EMBC,14.359999656677246,14.359999656677246,14.380000114440918,14.359999656677246,14.359999656677246,471.0
2024-03-01 11:59:00,ENLV,3.319999933242798,3.319999933242798,3.319999933242798,3.319999933242798,3.319999933242798,4000.0
2024-03-01 11:59:00,ENVB,1.6299999952316284,1.6299999952316284,1.659999966621399,1.6202000379562378,1.6399999856948853,8705.0
2024-03-01 11:59:00,EQ,2.4000000953674316,2.4000000953674316,2.4000000953674316,2.380000114440918,2.380000114440918,4775.0
2024-03-01 11:59:00,ESPR,2.5350000858306885,2.5350000858306885,2.5350000858306885,2.5299999713897705,2.5350000858306885,1275.0
2024-03-01 11:59:00,ETNB,12.984999656677246,12.984999656677246,13.0,12.970000267028809,13.0,1417.0
2024-03-01 11:59:00,EVAX,3.559999942779541,3.559999942779541,3.559999942779541,3.559999942779541,3.559999942779541,399.0
2024-03-01 11:59:00,EWTX,17.040000915527344,17.040000915527344,17.040000915527344,16.969999313354492,16.969999313354492,6533.0
2024-03-01 11:59:00,EXAI,6.800000190734863,6.800000190734863,6.800000190734863,6.800000190734863,6.800000190734863,362.0
2024-03-01 11:59:00,EXAS,59.560001373291016,59.560001373291016,59.665000915527344,59.560001373291016,59.665000915527344,4287.0
2024-03-01 11:59:00,EXEL,22.510000228881836,22.510000228881836,22.545000076293945,22.510000228881836,22.545000076293945,4529.0
2024-03-01 11:59:00,EYPT,28.174999237060547,28.174999237060547,28.174999237060547,28.174999237060547,28.174999237060547,101.0
2024-03-01 11:59:00,FATE,7.409999847412109,7.409999847412109,7.420000076293945,7.40500020980835,7.420000076293945,3298.0
2024-03-01 11:59:00,FDMT,29.1200008392334,29.1200008392334,29.1200008392334,29.1200008392334,29.1200008392334,338.0
2024-03-01 11:59:00,FGEN,1.8200000524520874,1.8200000524520874,1.8250000476837158,1.8200000524520874,1.8250000476837158,361.0
2024-03-01 11:59:00,FHTX,8.025500297546387,8.025500297546387,8.025500297546387,8.025500297546387,8.025500297546387,2535.0
2024-03-01 11:59:00,FLGT,23.200000762939453,23.200000762939453,23.200000762939453,23.200000762939453,23.200000762939453,610.0
2024-03-01 11:59:00,FNCH,2.75,2.75,2.75,2.75,2.75,2587.0
2024-03-01 11:59:00,FOLD,13.28499984741211,13.28499984741211,13.295000076293945,13.28499984741211,13.295000076293945,1376.0
2024-03-01 11:59:00,FULC,10.854999542236328,10.854999542236328,10.854999542236328,10.850000381469727,10.850000381469727,1993.0
2024-03-01 11:59:00,FUSN,12.350000381469727,12.350000381469727,12.399999618530273,12.34000015258789,12.399999618530273,3110.0
2024-03-01 11:59:00,GBIO,2.619999885559082,2.619999885559082,2.619999885559082,2.619999885559082,2.619999885559082,200.0
2024-03-01 11:59:00,GDRX,8.295000076293945,8.295000076293945,8.300000190734863,8.295000076293945,8.300000190734863,6513.0
2024-03-01 11:59:00,GERN,2.1717000007629395,2.1717000007629395,2.180000066757202,2.1717000007629395,2.180000066757202,3769.0
2024-03-01 11:59:00,GH,19.229999542236328,19.229999542236328,19.239999771118164,19.229999542236328,19.239999771118164,917.0
2024-03-01 11:59:00,GILD,72.22000122070312,72.22000122070312,72.26000213623047,72.20999908447266,72.23999786376953,14747.0
2024-03-01 11:59:00,GMDA,0.3898000121116638,0.3898000121116638,0.3898000121116638,0.3882499933242798,0.3898000121116638,3684.0
2024-03-01 11:59:00,GOSS,1.3600000143051147,1.3600000143051147,1.3650000095367432,1.3600000143051147,1.3600000143051147,414.0
2024-03-01 11:59:00,GRFS,7.054999828338623,7.054999828338623,7.054999828338623,7.054999828338623,7.054999828338623,400.0
2024-03-01 11:59:00,GRPH,3.4749999046325684,3.4749999046325684,3.4749999046325684,3.4749999046325684,3.4749999046325684,100.0
2024-03-01 11:59:00,GRTS,2.2200000286102295,2.2200000286102295,2.2300000190734863,2.200000047683716,2.205199956893921,19695.0
2024-03-01 11:59:00,GTHX,3.5950000286102295,3.5950000286102295,3.599900007247925,3.5950000286102295,3.5950000286102295,2182.0
2024-03-01 11:59:00,HALO,41.27000045776367,41.27000045776367,41.27000045776367,41.27000045776367,41.27000045776367,377.0
2024-03-01 11:59:00,HARP,22.9424991607666,22.9424991607666,22.9424991607666,22.9424991607666,22.9424991607666,143.0
2024-03-01 11:59:00,HCAT,7.910799980163574,7.910799980163574,7.920000076293945,7.910799980163574,7.920000076293945,1187.0
2024-03-01 11:59:00,HCTI,2.5,2.5,2.5299999713897705,2.5,2.5299999713897705,717.0
2024-03-01 11:59:00,HITI,1.7699999809265137,1.7699999809265137,1.7702000141143799,1.7699999809265137,1.7699999809265137,2181.0
2024-03-01 11:59:00,HLTH,0.2700999975204468,0.2700999975204468,0.2700999975204468,0.2700999975204468,0.2700999975204468,1091.0
2024-03-01 11:59:00,HOLX,73.66000366210938,73.66000366210938,73.69999694824219,73.66000366210938,73.69999694824219,846.0
2024-03-01 11:59:00,HOOK,0.7530739903450012,0.7530739903450012,0.7530739903450012,0.7530739903450012,0.7530739903450012,2500.0
2024-03-01 11:59:00,HOWL,6.985000133514404,6.985000133514404,6.989999771118164,6.880000114440918,6.989999771118164,6028.0
2024-03-01 11:59:00,HPCO,0.25110000371932983,0.25110000371932983,0.25110000371932983,0.25110000371932983,0.25110000371932983,400.0
2024-03-01 11:59:00,HQY,81.2699966430664,81.2699966430664,81.30000305175781,81.2699966430664,81.30000305175781,859.0
2024-03-01 11:59:00,HRTX,2.5950000286102295,2.5950000286102295,2.6050000190734863,2.5899999141693115,2.6050000190734863,4735.0
2024-03-01 11:59:00,HSIC,76.96499633789062,76.96499633789062,77.0198974609375,76.95999908447266,77.0,986.0
2024-03-01 11:59:00,HSTM,27.389999389648438,27.389999389648438,27.389999389648438,27.389999389648438,27.389999389648438,172.0
2024-03-01 11:59:00,HUMA,3.375,3.375,3.380000114440918,3.375,3.375,2343.0
2024-03-01 11:59:00,IBRX,4.886000156402588,4.886000156402588,4.886000156402588,4.885000228881836,4.885000228881836,836.0
2024-03-01 11:59:00,ICAD,1.8600000143051147,1.8600000143051147,1.8600000143051147,1.8600000143051147,1.8600000143051147,3109.0
2024-03-01 11:59:00,IDXX,581.1799926757812,581.1799926757812,581.5999755859375,581.1799926757812,581.5999755859375,1340.0
2024-03-01 11:59:00,IDYA,46.11000061035156,46.11000061035156,46.13999938964844,46.11000061035156,46.13999938964844,1069.0
2024-03-01 11:59:00,IGMS,13.385000228881836,13.385000228881836,13.385000228881836,13.385000228881836,13.385000228881836,120.0
2024-03-01 11:59:00,IINN,1.649899959564209,1.649899959564209,1.649899959564209,1.649899959564209,1.649899959564209,229.0
2024-03-01 11:59:00,ILMN,141.9600067138672,141.9600067138672,142.00999450683594,141.8699951171875,141.8699951171875,2419.0
2024-03-01 11:59:00,IMVT,36.29999923706055,36.29999923706055,36.34000015258789,36.29999923706055,36.34000015258789,1097.0
2024-03-01 11:59:00,INCY,59.09000015258789,59.09000015258789,59.130001068115234,59.09000015258789,59.099998474121094,2891.0
2024-03-01 11:59:00,INGN,6.849999904632568,6.849999904632568,6.849999904632568,6.849999904632568,6.849999904632568,168.0
2024-03-01 11:59:00,INMD,22.81999969482422,22.81999969482422,22.844999313354492,22.81999969482422,22.844999313354492,2273.0
2024-03-01 11:59:00,INSM,28.225000381469727,28.225000381469727,28.239999771118164,28.21500015258789,28.239999771118164,1928.0
2024-03-01 11:59:00,INVA,15.675000190734863,15.675000190734863,15.6899995803833,15.675000190734863,15.6899995803833,1811.0
2024-03-01 11:59:00,IONM,0.34940001368522644,0.34940001368522644,0.34940001368522644,0.34940001368522644,0.34940001368522644,100.0
2024-03-01 11:59:00,IONS,45.90999984741211,45.90999984741211,46.0,45.90999984741211,46.0,2451.0
2024-03-01 11:59:00,IOVA,16.655000686645508,16.655000686645508,16.665000915527344,16.649999618530273,16.65999984741211,10562.0
2024-03-01 11:59:00,IRMD,41.97999954223633,41.97999954223633,41.97999954223633,41.49150085449219,41.49150085449219,719.0
2024-03-01 11:59:00,IRTC,121.16999816894531,121.16999816894531,121.16999816894531,121.16999816894531,121.16999816894531,503.0
2024-03-01 11:59:00,IRWD,9.039999961853027,9.039999961853027,9.074999809265137,9.03499984741211,9.074999809265137,21267.0
2024-03-01 11:59:00,ISRG,393.6700134277344,393.6700134277344,393.7749938964844,393.6000061035156,393.75,2891.0
2024-03-01 11:59:00,ITCI,71.67990112304688,71.67990112304688,71.67990112304688,71.5999984741211,71.5999984741211,898.0
2024-03-01 11:59:00,ITRM,1.2450000047683716,1.2450000047683716,1.2450000047683716,1.2450000047683716,1.2450000047683716,700.0
2024-03-01 11:59:00,IVVD,4.014999866485596,4.014999866485596,4.014999866485596,4.014999866485596,4.014999866485596,180.0
2024-03-01 11:59:00,JAGX,0.07129999995231628,0.07129999995231628,0.0723000019788742,0.0706000030040741,0.07199999690055847,860199.0
2024-03-01 11:59:00,JANX,46.6349983215332,46.6349983215332,46.63999938964844,46.6349983215332,46.63999938964844,1573.0
2024-03-01 11:59:00,JAZZ,119.7750015258789,119.7750015258789,119.77999877929688,119.7699966430664,119.77999877929688,1402.0
2024-03-01 11:59:00,KNSA,21.78499984741211,21.78499984741211,21.799999237060547,21.78499984741211,21.799999237060547,284.0
2024-03-01 11:59:00,KNTE,2.6201000213623047,2.6201000213623047,2.625,2.619999885559082,2.625,2104.0
2024-03-01 11:59:00,KOD,6.130000114440918,6.130000114440918,6.130000114440918,6.130000114440918,6.130000114440918,145.0
2024-03-01 11:59:00,KPRX,0.6687999963760376,0.6687999963760376,0.6689000129699707,0.6687999963760376,0.6689000129699707,8001.0
2024-03-01 11:59:00,KPTI,1.215000033378601,1.215000033378601,1.215000033378601,1.215000033378601,1.215000033378601,400.0
2024-03-01 11:59:00,KRMD,2.130000114440918,2.130000114440918,2.130000114440918,2.130000114440918,2.130000114440918,100.0
2024-03-01 11:59:00,KROS,70.06999969482422,70.06999969482422,70.06999969482422,70.06999969482422,70.06999969482422,225.0
2024-03-01 11:59:00,KRTX,316.4700012207031,316.4700012207031,316.4700012207031,316.4700012207031,316.4700012207031,196.0
2024-03-01 11:59:00,KTRA,0.0970500037074089,0.0970500037074089,0.0970500037074089,0.09674999862909317,0.09674999862909317,103757.0
2024-03-01 11:59:00,KURA,21.270000457763672,21.270000457763672,21.280000686645508,21.260000228881836,21.280000686645508,1144.0
2024-03-01 11:59:00,KYMR,43.915000915527344,43.915000915527344,43.915000915527344,43.869998931884766,43.915000915527344,653.0
2024-03-01 11:59:00,KZIA,0.23810000717639923,0.23810000717639923,0.23810000717639923,0.23810000717639923,0.23810000717639923,4004.0
2024-03-01 11:59:00,KZR,1.090000033378601,1.090000033378601,1.090000033378601,1.0800000429153442,1.090000033378601,300.0
2024-03-01 11:59:00,LAB,2.460099935531616,2.460099935531616,2.460099935531616,2.460099935531616,2.460099935531616,571.0
2024-03-01 11:59:00,LBPH,21.809999465942383,21.809999465942383,21.809999465942383,21.809999465942383,21.809999465942383,266.0
2024-03-01 11:59:00,LEGN,65.80999755859375,65.80999755859375,65.86000061035156,65.80999755859375,65.86000061035156,1444.0
2024-03-01 11:59:00,LFMD,8.0,8.0,8.0,8.0,8.0,203.0
2024-03-01 11:59:00,LFST,7.989999771118164,7.989999771118164,7.989999771118164,7.985000133514404,7.9899001121521,2871.0
2024-03-01 11:59:00,LIVN,55.3650016784668,55.3650016784668,55.3650016784668,55.3650016784668,55.3650016784668,467.0
2024-03-01 11:59:00,LQDA,14.300000190734863,14.300000190734863,14.300000190734863,14.300000190734863,14.300000190734863,100.0
2024-03-01 11:59:00,LTRN,4.597099781036377,4.597099781036377,4.597099781036377,4.590000152587891,4.590000152587891,1261.0
2024-03-01 11:59:00,LUCD,1.2400000095367432,1.2400000095367432,1.25,1.2300000190734863,1.2300000190734863,12419.0
2024-03-01 11:59:00,LUNG,9.204999923706055,9.204999923706055,9.204999923706055,9.204999923706055,9.204999923706055,115.0
2024-03-01 11:59:00,LVTX,3.200000047683716,3.200000047683716,3.200000047683716,3.190000057220459,3.190000057220459,324.0
2024-03-01 11:59:00,LXRX,2.430000066757202,2.430000066757202,2.430000066757202,2.430000066757202,2.430000066757202,200.0
2024-03-01 11:59:00,LYRA,5.599999904632568,5.599999904632568,5.599999904632568,5.590000152587891,5.590000152587891,569.0
2024-03-01 11:59:00,MASI,127.20999908447266,127.20999908447266,127.20999908447266,127.13999938964844,127.18000030517578,539.0
2024-03-01 11:59:00,MASS,7.28000020980835,7.28000020980835,7.28000020980835,7.28000020980835,7.28000020980835,110.0
2024-03-01 11:59:00,MBRX,0.6399999856948853,0.6399999856948853,0.6399999856948853,0.6399999856948853,0.6399999856948853,3015.0
2024-03-01 11:59:00,MDRX,6.079999923706055,6.079999923706055,6.099999904632568,6.079999923706055,6.099999904632568,4897.0
2024-03-01 11:59:00,MDXG,8.5600004196167,8.5600004196167,8.569999694824219,8.5600004196167,8.569999694824219,2120.0
2024-03-01 11:59:00,ME,0.5683500170707703,0.5683500170707703,0.5683500170707703,0.5683500170707703,0.5683500170707703,674.0
2024-03-01 11:59:00,MEDP,401.0450134277344,401.0450134277344,401.1000061035156,401.0450134277344,401.1000061035156,530.0
2024-03-01 11:59:00,MEDS,9.100000381469727,9.100000381469727,9.100000381469727,9.100000381469727,9.100000381469727,311.0
2024-03-01 11:59:00,MGNX,19.013999938964844,19.013999938964844,19.013999938964844,19.013999938964844,19.013999938964844,552.0
2024-03-01 11:59:00,MIRM,30.049999237060547,30.049999237060547,30.09000015258789,30.049999237060547,30.09000015258789,2239.0
2024-03-01 11:59:00,MIST,1.680999994277954,1.680999994277954,1.680999994277954,1.680999994277954,1.680999994277954,100.0
2024-03-01 11:59:00,MLTX,51.84000015258789,51.84000015258789,52.0,51.79999923706055,51.9900016784668,9689.0
2024-03-01 11:59:00,MMSI,76.50499725341797,76.50499725341797,76.50499725341797,76.50499725341797,76.50499725341797,344.0
2024-03-01 11:59:00,MNKD,4.570099830627441,4.570099830627441,4.579999923706055,4.570099830627441,4.579999923706055,4602.0
2024-03-01 11:59:00,MNMD,6.179999828338623,6.179999828338623,6.179999828338623,6.1529998779296875,6.1529998779296875,3642.0
2024-03-01 11:59:00,MNPR,0.8332399725914001,0.8332399725914001,0.8332399725914001,0.8332399725914001,0.8332399725914001,317.0
2024-03-01 11:59:00,MODD,1.9500000476837158,1.9500000476837158,1.9500000476837158,1.9299999475479126,1.9299999475479126,3321.0
2024-03-01 11:59:00,MREO,3.8598999977111816,3.8598999977111816,3.8598999977111816,3.8550000190734863,3.8550000190734863,768.0
2024-03-01 11:59:00,MRNA,96.13500213623047,96.13500213623047,96.22000122070312,96.0718994140625,96.22000122070312,10708.0
2024-03-01 11:59:00,MRSN,5.925000190734863,5.925000190734863,5.949999809265137,5.920000076293945,5.945000171661377,2502.0
2024-03-01 11:59:00,MRUS,51.810001373291016,51.810001373291016,52.0,51.79999923706055,52.0,6516.0
2024-03-01 11:59:00,MRVI,7.820000171661377,7.820000171661377,7.849999904632568,7.820000171661377,7.84499979019165,4459.0
2024-03-01 11:59:00,MXCT,4.739999771118164,4.739999771118164,4.739999771118164,4.739999771118164,4.739999771118164,231.0
2024-03-01 11:59:00,MYGN,21.549999237060547,21.549999237060547,21.559999465942383,21.530000686645508,21.559999465942383,881.0
2024-03-01 11:59:00,MYNZ,0.8605009913444519,0.8605009913444519,0.8695499897003174,0.8605009913444519,0.8695499897003174,3140.0
2024-03-01 11:59:00,NAOV,1.0099999904632568,1.0099999904632568,1.0099999904632568,1.0099999904632568,1.0099999904632568,523.0
2024-03-01 11:59:00,NARI,46.060001373291016,46.060001373291016,46.07500076293945,46.029998779296875,46.07500076293945,1598.0
2024-03-01 11:59:00,NAUT,2.674999952316284,2.674999952316284,2.674999952316284,2.674999952316284,2.674999952316284,310.0
2024-03-01 11:59:00,NBIX,131.6999969482422,131.6999969482422,131.8249969482422,131.6999969482422,131.8249969482422,3036.0
2024-03-01 11:59:00,NDRA,1.145400047302246,1.145400047302246,1.145400047302246,1.145400047302246,1.145400047302246,270.0
2024-03-01 11:59:00,NEO,16.030000686645508,16.030000686645508,16.030000686645508,16.020000457763672,16.020000457763672,1141.0
2024-03-01 11:59:00,NEOG,17.30500030517578,17.30500030517578,17.30500030517578,17.30500030517578,17.30500030517578,773.0
2024-03-01 11:59:00,NGM,1.5299999713897705,1.5299999713897705,1.5299999713897705,1.5299999713897705,1.5299999713897705,395.0
2024-03-01 11:59:00,NKTR,0.7699999809265137,0.7699999809265137,0.7699999809265137,0.7694500088691711,0.7694500088691711,3942.0
2024-03-01 11:59:00,NKTX,12.760000228881836,12.760000228881836,12.760000228881836,12.718000411987305,12.739999771118164,486.0
2024-03-01 11:59:00,NNOX,11.180000305175781,11.180000305175781,11.180000305175781,11.154000282287598,11.15999984741211,4342.0
2024-03-01 11:59:00,NOTV,8.109999656677246,8.109999656677246,8.130000114440918,8.109999656677246,8.130000114440918,2466.0
2024-03-01 11:59:00,NRC,40.560001373291016,40.560001373291016,40.61000061035156,40.54999923706055,40.599998474121094,2015.0
2024-03-01 11:59:00,NRIX,13.270000457763672,13.270000457763672,13.270000457763672,13.25,13.270000457763672,3366.0
2024-03-01 11:59:00,NRSN,2.079900026321411,2.079900026321411,2.0799999237060547,2.079900026321411,2.0799999237060547,8100.0
2024-03-01 11:59:00,NRXP,0.41499999165534973,0.41499999165534973,0.41999998688697815,0.4028860032558441,0.41999998688697815,6066.0
2024-03-01 11:59:00,NTLA,33.36000061035156,33.36000061035156,33.369998931884766,33.349998474121094,33.3650016784668,1749.0
2024-03-01 11:59:00,NTRA,89.05500030517578,89.05500030517578,89.16000366210938,89.05500030517578,89.13500213623047,4590.0
2024-03-01 11:59:00,NURO,4.020100116729736,4.020100116729736,4.020100116729736,4.020100116729736,4.020100116729736,400.0
2024-03-01 11:59:00,NUVL,87.73999786376953,87.73999786376953,87.73999786376953,87.73999786376953,87.73999786376953,195.0
2024-03-01 11:59:00,NVAX,5.110000133514404,5.110000133514404,5.110000133514404,5.099999904632568,5.110000133514404,8879.0
2024-03-01 11:59:00,NVCR,15.819999694824219,15.819999694824219,15.819999694824219,15.819999694824219,15.819999694824219,141.0
2024-03-01 11:59:00,NVNO,6.5,6.5,6.5,6.5,6.5,400.0
2024-03-01 11:59:00,NVOS,0.6263989806175232,0.6263989806175232,0.6263989806175232,0.6263989806175232,0.6263989806175232,112.0
2024-03-01 11:59:00,NXTC,1.7800999879837036,1.7800999879837036,1.7949999570846558,1.7800999879837036,1.7949999570846558,3200.0
2024-03-01 11:59:00,OCGN,0.9449999928474426,0.9449999928474426,0.9449999928474426,0.9401999711990356,0.9448999762535095,25917.0
2024-03-01 11:59:00,OCUL,10.6850004196167,10.6850004196167,10.70479965209961,10.6850004196167,10.699999809265137,2492.0
2024-03-01 11:59:00,OCUP,2.48799991607666,2.48799991607666,2.48799991607666,2.48799991607666,2.48799991607666,100.0
2024-03-01 11:59:00,OLMA,13.675000190734863,13.675000190734863,13.710000038146973,13.65999984741211,13.699999809265137,1430.0
2024-03-01 11:59:00,OM,3.1500000953674316,3.1500000953674316,3.1500000953674316,3.1500000953674316,3.1500000953674316,251.0
2024-03-01 11:59:00,OMCL,26.469999313354492,26.469999313354492,26.469999313354492,26.469999313354492,26.469999313354492,170.0
2024-03-01 11:59:00,OMER,4.724999904632568,4.724999904632568,4.724999904632568,4.724999904632568,4.724999904632568,100.0
2024-03-01 12:00:00,ABCL,5.204999923706055,5.204999923706055,5.215000152587891,5.204999923706055,5.215000152587891,2540.0
2024-03-01 12:00:00,ABOS,4.670000076293945,4.670000076293945,4.670000076293945,4.670000076293945,4.670000076293945,1087.0
2024-03-01 12:00:00,ABSI,5.235000133514404,5.235000133514404,5.235000133514404,5.224999904632568,5.235000133514404,10885.0
2024-03-01 12:00:00,ABUS,2.7799999713897705,2.7799999713897705,2.7799999713897705,2.7750000953674316,2.7750000953674316,1174.0
2024-03-01 12:00:00,ACAD,23.790000915527344,23.790000915527344,23.84000015258789,23.790000915527344,23.84000015258789,2026.0
2024-03-01 12:00:00,ACB,3.1389000415802,3.1389000415802,3.1389000415802,3.134999990463257,3.134999990463257,455.0
2024-03-01 12:00:00,ACCD,10.220000267028809,10.220000267028809,10.229999542236328,10.220000267028809,10.229999542236328,1807.0
2024-03-01 12:00:00,ACET,2.4000000953674316,2.4000000953674316,2.4000000953674316,2.390000104904175,2.390000104904175,727.0
2024-03-01 12:00:00,ACHC,84.0,84.0,84.0199966430664,84.0,84.0199966430664,684.0
2024-03-01 12:00:00,ACHL,1.3401000499725342,1.3401000499725342,1.3401000499725342,1.3401000499725342,1.3401000499725342,1800.0
2024-03-01 12:00:00,ACLX,67.43499755859375,67.43499755859375,67.43499755859375,67.41999816894531,67.41999816894531,381.0
2024-03-01 12:00:00,ACON,0.38999998569488525,0.38999998569488525,0.38999998569488525,0.38749998807907104,0.38749998807907104,5000.0
2024-03-01 12:00:00,ACRS,1.2200000286102295,1.2200000286102295,1.2200000286102295,1.2200000286102295,1.2200000286102295,220.0
2024-03-01 12:00:00,ADAP,1.600000023841858,1.600000023841858,1.600000023841858,1.600000023841858,1.600000023841858,404.0
2024-03-01 12:00:00,ADIL,3.1449999809265137,3.1449999809265137,3.1903998851776123,3.109999895095825,3.1903998851776123,72184.0
2024-03-01 12:00:00,ADMA,5.375,5.375,5.385000228881836,5.369999885559082,5.385000228881836,14106.0
2024-03-01 12:00:00,ADPT,4.170000076293945,4.170000076293945,4.184999942779541,4.170000076293945,4.179999828338623,4178.0
2024-03-01 12:00:00,ADVM,1.965000033378601,1.965000033378601,1.965000033378601,1.965000033378601,1.965000033378601,150.0
2024-03-01 12:00:00,AGEN,0.6743000149726868,0.6743000149726868,0.6743000149726868,0.6739500164985657,0.6743000149726868,6003.0
2024-03-01 12:00:00,AGIO,32.84000015258789,32.84000015258789,32.875,32.84000015258789,32.849998474121094,1619.0
2024-03-01 12:00:00,AGRX,0.8500000238418579,0.8500000238418579,0.8500000238418579,0.8500000238418579,0.8500000238418579,700.0
2024-03-01 12:00:00,AHCO,10.744999885559082,10.744999885559082,10.765000343322754,10.744999885559082,10.765000343322754,3414.0
2024-03-01 12:00:00,AIRS,6.440000057220459,6.440000057220459,6.440000057220459,6.440000057220459,6.440000057220459,110.0
2024-03-01 12:00:00,AKAN,0.24799999594688416,0.24799999594688416,0.24799999594688416,0.24799999594688416,0.24799999594688416,1200.0
2024-03-01 12:00:00,AKBA,1.679900050163269,1.679900050163269,1.6799999475479126,1.6749999523162842,1.6799999475479126,1106.0
2024-03-01 12:00:00,AKRO,29.584999084472656,29.584999084472656,29.600000381469727,29.584999084472656,29.600000381469727,2260.0
2024-03-01 12:00:00,AKYA,6.099999904632568,6.099999904632568,6.099999904632568,6.074999809265137,6.074999809265137,217.0
2024-03-01 12:00:00,ALDX,4.110000133514404,4.110000133514404,4.110000133514404,4.105000019073486,4.110000133514404,5375.0
2024-03-01 12:00:00,ALEC,7.440000057220459,7.440000057220459,7.454999923706055,7.440000057220459,7.454999923706055,2886.0
2024-03-01 12:00:00,ALGN,301.1300048828125,301.1300048828125,301.1300048828125,301.1300048828125,301.1300048828125,1621.0
2024-03-01 12:00:00,ALKS,30.209999084472656,30.209999084472656,30.21500015258789,30.209999084472656,30.209999084472656,2347.0
2024-03-01 12:00:00,ALLK,1.600000023841858,1.600000023841858,1.600000023841858,1.5950000286102295,1.5950000286102295,1836.0
2024-03-01 12:00:00,ALLO,5.03000020980835,5.03000020980835,5.03000020980835,5.03000020980835,5.03000020980835,1215.0
2024-03-01 12:00:00,ALNY,153.61000061035156,153.61000061035156,153.64999389648438,153.50999450683594,153.64999389648438,2364.0
2024-03-01 12:00:00,ALPN,35.790000915527344,35.790000915527344,35.900001525878906,35.790000915527344,35.900001525878906,7039.0
2024-03-01 12:00:00,ALT,12.029999732971191,12.029999732971191,12.100000381469727,11.989999771118164,12.100000381469727,36645.0
2024-03-01 12:00:00,ALVR,0.7519000172615051,0.7519000172615051,0.7519000172615051,0.7519000172615051,0.7519000172615051,182.0
2024-03-01 12:00:00,ALXO,15.0,15.0,15.0,15.0,15.0,100.0
2024-03-01 12:00:00,AMED,92.9000015258789,92.9000015258789,93.12999725341797,92.9000015258789,93.12999725341797,3633.0
2024-03-01 12:00:00,AMGN,281.6099853515625,281.6099853515625,281.70001220703125,281.5299987792969,281.5299987792969,6604.0
2024-03-01 12:00:00,AMLX,18.799999237060547,18.799999237060547,18.799999237060547,18.799999237060547,18.799999237060547,261.0
2024-03-01 12:00:00,AMPH,45.459999084472656,45.459999084472656,45.459999084472656,45.439998626708984,45.459999084472656,420.0
2024-03-01 12:00:00,AMRN,1.0549999475479126,1.0549999475479126,1.0586999654769897,1.0499999523162842,1.0549999475479126,986.0
2024-03-01 12:00:00,ANGO,5.505000114440918,5.505000114440918,5.505000114440918,5.505000114440918,5.505000114440918,177.0
2024-03-01 12:00:00,ANNX,5.860000133514404,5.860000133514404,5.880000114440918,5.860000133514404,5.880000114440918,1174.0
2024-03-01 12:00:00,ANTX,2.9800000190734863,2.9800000190734863,2.9800000190734863,2.9800000190734863,2.9800000190734863,521.0
2024-03-01 12:00:00,APLS,65.41999816894531,65.41999816894531,65.55999755859375,65.38999938964844,65.55999755859375,4296.0
2024-03-01 12:00:00,APLT,7.085000038146973,7.085000038146973,7.099999904632568,7.085000038146973,7.099999904632568,5988.0
2024-03-01 12:00:00,AQST,4.375,4.375,4.375,4.369999885559082,4.369999885559082,477.0
2024-03-01 12:00:00,ARCT,39.529998779296875,39.529998779296875,39.540000915527344,39.529998779296875,39.540000915527344,610.0
2024-03-01 12:00:00,ARDX,9.619999885559082,9.619999885559082,9.630000114440918,9.619999885559082,9.630000114440918,10684.0
2024-03-01 12:00:00,ARQT,11.489999771118164,11.489999771118164,11.510000228881836,11.475000381469727,11.5,10181.0
2024-03-01 12:00:00,ARVN,48.58000183105469,48.58000183105469,48.64500045776367,48.58000183105469,48.64500045776367,1550.0
2024-03-01 12:00:00,ARWR,35.18000030517578,35.18000030517578,35.5099983215332,35.16999816894531,35.47999954223633,32997.0
2024-03-01 12:00:00,ASLN,0.8199999928474426,0.8199999928474426,0.8199999928474426,0.8199999928474426,0.8199999928474426,320.0
2024-03-01 12:00:00,ATAI,2.0799999237060547,2.0799999237060547,2.083199977874756,2.0799999237060547,2.083199977874756,2583.0
2024-03-01 12:00:00,ATEC,13.604999542236328,13.604999542236328,13.609999656677246,13.550000190734863,13.5649995803833,9626.0
2024-03-01 12:00:00,ATRC,35.83000183105469,35.83000183105469,35.86000061035156,35.79999923706055,35.81999969482422,4027.0
2024-03-01 12:00:00,ATXI,0.15050099790096283,0.15050099790096283,0.15379999577999115,0.15050099790096283,0.15379999577999115,6888.0
2024-03-01 12:00:00,ATXS,14.90999984741211,14.90999984741211,14.90999984741211,14.880000114440918,14.880000114440918,1993.0
2024-03-01 12:00:00,AUPH,5.795000076293945,5.795000076293945,5.800000190734863,5.795000076293945,5.800000190734863,2886.0
2024-03-01 12:00:00,AUTL,6.260000228881836,6.260000228881836,6.264999866485596,6.260000228881836,6.264999866485596,634.0
2024-03-01 12:00:00,AVDL,12.71500015258789,12.71500015258789,12.71500015258789,12.71500015258789,12.71500015258789,206.0
2024-03-01 12:00:00,AVIR,4.514999866485596,4.514999866485596,4.514999866485596,4.514999866485596,4.514999866485596,201.0
2024-03-01 12:00:00,AVRO,1.3300000429153442,1.3300000429153442,1.3300000429153442,1.3300000429153442,1.3300000429153442,1471.0
2024-03-01 12:00:00,AVXL,5.315000057220459,5.315000057220459,5.320000171661377,5.315000057220459,5.320000171661377,3432.0
2024-03-01 12:00:00,AXNX,67.30000305175781,67.30000305175781,67.30500030517578,67.28500366210938,67.28500366210938,15698.0
2024-03-01 12:00:00,AXSM,82.18000030517578,82.18000030517578,82.26499938964844,82.12999725341797,82.26499938964844,1136.0
2024-03-01 12:00:00,AZN,64.5999984741211,64.5999984741211,64.62000274658203,64.5999984741211,64.61000061035156,5017.0
2024-03-01 12:00:00,AZTA,66.33000183105469,66.33000183105469,66.36499786376953,66.33000183105469,66.36499786376953,503.0
2024-03-01 12:00:00,BBIO,35.880001068115234,35.880001068115234,35.915000915527344,35.880001068115234,35.915000915527344,1074.0
2024-03-01 12:00:00,BBLG,2.380000114440918,2.380000114440918,2.380000114440918,2.380000114440918,2.380000114440918,112.0
2024-03-01 12:00:00,BCAB,2.75,2.75,2.75,2.75,2.75,758.0
2024-03-01 12:00:00,BCRX,5.75,5.75,5.769999980926514,5.75,5.769999980926514,4290.0
2024-03-01 12:00:00,BDTX,4.989999771118164,4.989999771118164,5.010000228881836,4.989999771118164,5.0,3501.0
2024-03-01 12:00:00,BEAM,39.93000030517578,39.93000030517578,39.935001373291016,39.900001525878906,39.900001525878906,640.0
2024-03-01 12:00:00,BGXX,0.26829999685287476,0.26829999685287476,0.26829999685287476,0.26809999346733093,0.26809999346733093,1449.0
2024-03-01 12:00:00,BIOL,0.13770000636577606,0.13770000636577606,0.13770000636577606,0.13770000636577606,0.13770000636577606,416.0
2024-03-01 12:00:00,BIVI,2.089900016784668,2.089900016784668,2.0999999046325684,2.069999933242798,2.0799999237060547,44852.0
2024-03-01 12:00:00,BJDX,0.7799999713897705,0.7799999713897705,0.7799999713897705,0.7799999713897705,0.7799999713897705,180.0
2024-03-01 12:00:00,BLFS,18.18000030517578,18.18000030517578,18.18000030517578,18.18000030517578,18.18000030517578,472.0
2024-03-01 12:00:00,BLUE,1.5514999628067017,1.5514999628067017,1.5693999528884888,1.5500999689102173,1.5693999528884888,32670.0
2024-03-01 12:00:00,BMEA,17.850000381469727,17.850000381469727,17.8700008392334,17.850000381469727,17.8700008392334,841.0
2024-03-01 12:00:00,BMRN,86.91000366210938,86.91000366210938,86.93000030517578,86.91000366210938,86.93000030517578,1803.0
2024-03-01 12:00:00,BNGO,1.2450000047683716,1.2450000047683716,1.2450000047683716,1.2450000047683716,1.2450000047683716,135.0
2024-03-01 12:00:00,BNR,0.8458499908447266,0.8458499908447266,0.8458499908447266,0.8458499908447266,0.8458499908447266,101.0
2024-03-01 12:00:00,BNTC,5.079999923706055,5.079999923706055,5.079999923706055,5.079999923706055,5.079999923706055,501.0
2024-03-01 12:00:00,BNTX,91.74500274658203,91.74500274658203,91.7699966430664,91.7249984741211,91.7249984741211,847.0
2024-03-01 12:00:00,BPMC,97.5199966430664,97.5199966430664,97.5199966430664,97.44000244140625,97.44000244140625,250.0
2024-03-01 12:00:00,BRKR,87.92500305175781,87.92500305175781,87.95999908447266,87.92500305175781,87.95999908447266,1880.0
2024-03-01 12:00:00,BRTX,1.5,1.5,1.5228999853134155,1.5,1.5049999952316284,1567.0
2024-03-01 12:00:00,BTAI,3.2300000190734863,3.2300000190734863,3.2300000190734863,3.2249999046325684,3.2300000190734863,4811.0
2024-03-01 12:00:00,BTTX,0.1720000058412552,0.1720000058412552,0.1720999926328659,0.17180000245571136,0.1720999926328659,6439.0
2024-03-01 12:00:00,CABA,24.100000381469727,24.100000381469727,24.110000610351562,24.09000015258789,24.110000610351562,1712.0
2024-03-01 12:00:00,CADL,1.7300000190734863,1.7300000190734863,1.7300000190734863,1.7300000190734863,1.7300000190734863,178.0
2024-03-01 12:00:00,CAPR,4.550000190734863,4.550000190734863,4.550000190734863,4.550000190734863,4.550000190734863,102.0
2024-03-01 12:00:00,CARA,0.9135000109672546,0.9135000109672546,0.9135000109672546,0.9135000109672546,0.9135000109672546,100.0
2024-03-01 12:00:00,CBAY,32.244998931884766,32.244998931884766,32.25,32.244998931884766,32.25,1407.0
2024-03-01 12:00:00,CCCC,10.880000114440918,10.880000114440918,10.883999824523926,10.880000114440918,10.883999824523926,416.0
2024-03-01 12:00:00,CCRN,18.170000076293945,18.170000076293945,18.170000076293945,18.170000076293945,18.170000076293945,317.0
2024-03-01 12:00:00,CDMO,8.09000015258789,8.09000015258789,8.11989974975586,8.09000015258789,8.100000381469727,2587.0
2024-03-01 12:00:00,CDNA,12.453100204467773,12.453100204467773,12.453100204467773,12.453100204467773,12.453100204467773,1409.0
2024-03-01 12:00:00,CDXS,4.514999866485596,4.514999866485596,4.514999866485596,4.514999866485596,4.514999866485596,180.0
2024-03-01 12:00:00,CERE,41.1349983215332,41.1349983215332,41.1349983215332,41.119998931884766,41.1349983215332,2222.0
2024-03-01 12:00:00,CERS,2.194999933242798,2.194999933242798,2.194999933242798,2.194999933242798,2.194999933242798,311.0
2024-03-01 12:00:00,CERT,17.729999542236328,17.729999542236328,17.729999542236328,17.720399856567383,17.729999542236328,1701.0
2024-03-01 12:00:00,CGC,3.25,3.25,3.25,3.25,3.25,9612.0
2024-03-01 12:00:00,CGEM,18.8700008392334,18.8700008392334,18.871999740600586,18.8700008392334,18.8700008392334,539.0
2024-03-01 12:00:00,CGEN,2.674999952316284,2.674999952316284,2.674999952316284,2.674999952316284,2.674999952316284,206.0
2024-03-01 12:00:00,CHRS,2.34689998626709,2.34689998626709,2.3550000190734863,2.3450000286102295,2.3550000190734863,14397.0
2024-03-01 12:00:00,CING,1.350000023841858,1.350000023841858,1.350000023841858,1.350000023841858,1.350000023841858,100.0
2024-03-01 12:00:00,CLDX,51.93000030517578,51.93000030517578,52.45000076293945,51.93000030517578,52.45000076293945,45265.0
2024-03-01 12:00:00,CLNN,0.382999986410141,0.382999986410141,0.382999986410141,0.382999986410141,0.382999986410141,2004.0
2024-03-01 12:00:00,CLOV,0.866599977016449,0.866599977016449,0.8673999905586243,0.8652999997138977,0.8673999905586243,25231.0
2024-03-01 12:00:00,CLPT,6.764999866485596,6.764999866485596,6.764999866485596,6.764999866485596,6.764999866485596,397.0
2024-03-01 12:00:00,CLRB,4.079999923706055,4.079999923706055,4.0808000564575195,4.079999923706055,4.0808000564575195,5762.0
2024-03-01 12:00:00,CMPS,11.515000343322754,11.515000343322754,11.529999732971191,11.515000343322754,11.529999732971191,1568.0
2024-03-01 12:00:00,CMPX,1.8799999952316284,1.8799999952316284,1.8799999952316284,1.8799999952316284,1.8799999952316284,112.0
2024-03-01 12:00:00,COGT,7.170000076293945,7.170000076293945,7.239999771118164,7.159999847412109,7.230000019073486,7769.0
2024-03-01 12:00:00,COLL,36.9900016784668,36.9900016784668,36.9900016784668,36.9900016784668,36.9900016784668,126.0
2024-03-01 12:00:00,CORT,23.75,23.75,23.780000686645508,23.75,23.7549991607666,3383.0
2024-03-01 12:00:00,CPRX,17.049999237060547,17.049999237060547,17.099899291992188,17.049999237060547,17.099899291992188,3107.0
2024-03-01 12:00:00,CPSI,9.425299644470215,9.425299644470215,9.425299644470215,9.425299644470215,9.425299644470215,940.0
2024-03-01 12:00:00,CRBP,31.5,31.5,31.979999542236328,31.5,31.7549991607666,1511.0
2024-03-01 12:00:00,CRBU,7.96999979019165,7.96999979019165,7.985000133514404,7.96999979019165,7.985000133514404,2325.0
2024-03-01 12:00:00,CRDF,2.369999885559082,2.369999885559082,2.3798999786376953,2.3499999046325684,2.3499999046325684,30150.0
2024-03-01 12:00:00,CRMD,3.7100000381469727,3.7100000381469727,3.7100000381469727,3.7100000381469727,3.7100000381469727,1111.0
2024-03-01 12:00:00,CRNX,45.76499938964844,45.76499938964844,45.76499938964844,45.72999954223633,45.72999954223633,551.0
2024-03-01 12:00:00,CRON,2.055000066757202,2.055000066757202,2.055000066757202,2.055000066757202,2.055000066757202,313.0
2024-03-01 12:00:00,CRSP,85.18000030517578,85.18000030517578,85.32029724121094,85.13999938964844,85.20999908447266,2135.0
2024-03-01 12:00:00,CRVS,2.234999895095825,2.234999895095825,2.234999895095825,2.234999895095825,2.234999895095825,418.0
2024-03-01 12:00:00,CTKB,8.46500015258789,8.46500015258789,8.46500015258789,8.460000038146973,8.460000038146973,358.0
2024-03-01 12:00:00,CTMX,2.609999895095825,2.609999895095825,2.609999895095825,2.5799999237060547,2.5999999046325684,8748.0
2024-03-01 12:00:00,CTSO,0.949999988079071,0.949999988079071,0.949999988079071,0.949999988079071,0.949999988079071,200.0
2024-03-01 12:00:00,CUTR,2.4000000953674316,2.4000000953674316,2.4000000953674316,2.4000000953674316,2.4000000953674316,6283.0
2024-03-01 12:00:00,CVAC,3.4649999141693115,3.4649999141693115,3.4649999141693115,3.450000047683716,3.450000047683716,3744.0
2024-03-01 12:00:00,CYTK,73.87999725341797,73.87999725341797,73.87999725341797,73.80999755859375,73.83999633789062,2278.0
2024-03-01 12:00:00,CYTO,2.1703999042510986,2.1703999042510986,2.1796998977661133,2.1649999618530273,2.178499937057495,3135.0
2024-03-01 12:00:00,DCGO,4.130000114440918,4.130000114440918,4.130000114440918,4.130000114440918,4.130000114440918,104.0
2024-03-01 12:00:00,DCPH,17.55500030517578,17.55500030517578,17.581199645996094,17.540000915527344,17.559999465942383,1714.0
2024-03-01 12:00:00,DH,9.014900207519531,9.014900207519531,9.014900207519531,9.010000228881836,9.010000228881836,816.0
2024-03-01 12:00:00,DMTK,0.8449000120162964,0.8449000120162964,0.8449000120162964,0.8449000120162964,0.8449000120162964,530.0
2024-03-01 12:00:00,DNLI,20.709999084472656,20.709999084472656,20.760000228881836,20.709999084472656,20.760000228881836,2610.0
2024-03-01 12:00:00,DSGN,2.9000000953674316,2.9000000953674316,2.9000000953674316,2.9000000953674316,2.9000000953674316,620.0
2024-03-01 12:00:00,DTIL,12.010000228881836,12.010000228881836,12.010000228881836,11.850000381469727,11.850000381469727,4408.0
2024-03-01 12:00:00,DVAX,12.854999542236328,12.854999542236328,12.859999656677246,12.854999542236328,12.859999656677246,1609.0
2024-03-01 12:00:00,DXCM,120.0999984741211,120.0999984741211,120.1500015258789,120.0999984741211,120.11000061035156,8372.0
2024-03-01 12:00:00,DYN,28.899999618530273,28.899999618530273,28.899999618530273,28.889999389648438,28.889999389648438,1595.0
2024-03-01 12:00:00,EDIT,10.8100004196167,10.8100004196167,10.854999542236328,10.8100004196167,10.850000381469727,2491.0
2024-03-01 12:00:00,EFTR,15.0600004196167,15.0600004196167,15.0600004196167,15.0600004196167,15.0600004196167,101.0
2024-03-01 12:00:00,ELEV,4.820000171661377,4.820000171661377,4.840000152587891,4.820000171661377,4.840000152587891,5495.0
2024-03-01 12:00:00,ENLV,3.359999895095825,3.359999895095825,3.359999895095825,3.359999895095825,3.359999895095825,180.0
2024-03-01 12:00:00,ENVB,1.6200000047683716,1.6200000047683716,1.6399999856948853,1.6200000047683716,1.6399999856948853,3560.0
2024-03-01 12:00:00,EQ,2.4000000953674316,2.4000000953674316,2.4000000953674316,2.380000114440918,2.4000000953674316,6844.0
2024-03-01 12:00:00,ERAS,2.505000114440918,2.505000114440918,2.505000114440918,2.5,2.5,681.0
2024-03-01 12:00:00,ESPR,2.5250000953674316,2.5250000953674316,2.539900064468384,2.5250000953674316,2.5299999713897705,3717.0
2024-03-01 12:00:00,ETNB,12.949999809265137,12.949999809265137,13.0,12.9399995803833,13.0,3455.0
2024-03-01 12:00:00,EVAX,3.5399999618530273,3.5399999618530273,3.5399999618530273,3.5399999618530273,3.5399999618530273,533.0
2024-03-01 12:00:00,EVGN,0.9502000212669373,0.9502000212669373,0.9502000212669373,0.9502000212669373,0.9502000212669373,500.0
2024-03-01 12:00:00,EVLO,0.05400000140070915,0.05400000140070915,0.05400000140070915,0.05400000140070915,0.05400000140070915,401.0
2024-03-01 12:00:00,EWTX,17.03499984741211,17.03499984741211,17.03499984741211,17.030000686645508,17.030000686645508,313.0
2024-03-01 12:00:00,EXAS,59.45000076293945,59.45000076293945,59.56999969482422,59.45000076293945,59.56999969482422,3355.0
2024-03-01 12:00:00,EXEL,22.4950008392334,22.4950008392334,22.510000228881836,22.485000610351562,22.510000228881836,5658.0
2024-03-01 12:00:00,EYEN,2.2697999477386475,2.2697999477386475,2.2697999477386475,2.2600998878479004,2.2600998878479004,5646.0
2024-03-01 12:00:00,EYPT,28.079999923706055,28.079999923706055,28.1200008392334,28.079999923706055,28.1200008392334,510.0
2024-03-01 12:00:00,FATE,7.400000095367432,7.400000095367432,7.400000095367432,7.400000095367432,7.400000095367432,490.0
2024-03-01 12:00:00,FDMT,29.059999465942383,29.059999465942383,29.084999084472656,29.049999237060547,29.084999084472656,1193.0
2024-03-01 12:00:00,FGEN,1.8300000429153442,1.8300000429153442,1.8300000429153442,1.8300000429153442,1.8300000429153442,900.0
2024-03-01 12:00:00,FOLD,13.255000114440918,13.255000114440918,13.279999732971191,13.255000114440918,13.279999732971191,3404.0
2024-03-01 12:00:00,FULC,10.829999923706055,10.829999923706055,10.829999923706055,10.819999694824219,10.829999923706055,1590.0
2024-03-01 12:00:00,FUSN,12.369999885559082,12.369999885559082,12.369999885559082,12.359999656677246,12.359999656677246,651.0
2024-03-01 12:00:00,GALT,1.9900000095367432,1.9900000095367432,1.9900000095367432,1.9900000095367432,1.9900000095367432,100.0
2024-03-01 12:00:00,GBIO,2.619999885559082,2.619999885559082,2.619999885559082,2.619999885559082,2.619999885559082,228.0
2024-03-01 12:00:00,GCTK,0.304500013589859,0.304500013589859,0.30498600006103516,0.304500013589859,0.3048200011253357,300.0
2024-03-01 12:00:00,GDRX,8.295000076293945,8.295000076293945,8.300000190734863,8.289999961853027,8.295000076293945,1403.0
2024-03-01 12:00:00,GERN,2.174999952316284,2.174999952316284,2.180000066757202,2.1700000762939453,2.180000066757202,11791.0
2024-03-01 12:00:00,GH,19.200000762939453,19.200000762939453,19.21500015258789,19.200000762939453,19.21500015258789,1597.0
2024-03-01 12:00:00,GILD,72.16999816894531,72.16999816894531,72.22879791259766,72.16999816894531,72.22000122070312,7000.0
2024-03-01 12:00:00,GLPG,35.2400016784668,35.2400016784668,35.2400016784668,35.2400016784668,35.2400016784668,385.0
2024-03-01 12:00:00,GLYC,2.990000009536743,2.990000009536743,2.990000009536743,2.990000009536743,2.990000009536743,546.0
2024-03-01 12:00:00,GMAB,29.329999923706055,29.329999923706055,29.329999923706055,29.329999923706055,29.329999923706055,830.0
2024-03-01 12:00:00,GMDA,0.3898000121116638,0.3898000121116638,0.3898000121116638,0.3898000121116638,0.3898000121116638,2366.0
2024-03-01 12:00:00,GOSS,1.3650000095367432,1.3650000095367432,1.3650000095367432,1.3600000143051147,1.3600000143051147,1330.0
2024-03-01 12:00:00,GRFS,7.045000076293945,7.045000076293945,7.065000057220459,7.039999961853027,7.054999828338623,20208.0
2024-03-01 12:00:00,GRPH,3.4749999046325684,3.4749999046325684,3.4749999046325684,3.4749999046325684,3.4749999046325684,100.0
2024-03-01 12:00:00,GRTS,2.2200000286102295,2.2200000286102295,2.2249999046325684,2.2200000286102295,2.220099925994873,3282.0
2024-03-01 12:00:00,GRTX,0.23639999330043793,0.23639999330043793,0.23639999330043793,0.23639999330043793,0.23639999330043793,208.0
2024-03-01 12:00:00,GTHX,3.6050000190734863,3.6050000190734863,3.6050000190734863,3.5850000381469727,3.5950000286102295,5979.0
2024-03-01 12:00:00,HALO,41.20000076293945,41.20000076293945,41.25,41.20000076293945,41.25,1655.0
2024-03-01 12:00:00,HARP,22.94499969482422,22.94499969482422,22.94499969482422,22.9424991607666,22.9424991607666,1658.0
2024-03-01 12:00:00,HCAT,7.909999847412109,7.909999847412109,7.909999847412109,7.909999847412109,7.909999847412109,205.0
2024-03-01 12:00:00,HCTI,2.5320000648498535,2.5320000648498535,2.5320000648498535,2.5299999713897705,2.5299999713897705,1338.0
2024-03-01 12:00:00,HLTH,0.27129998803138733,0.27129998803138733,0.27129998803138733,0.27129998803138733,0.27129998803138733,1033.0
2024-03-01 12:00:00,HLVX,18.670000076293945,18.670000076293945,18.760000228881836,18.670000076293945,18.760000228881836,211.0
2024-03-01 12:00:00,HOLX,73.6636962890625,73.6636962890625,73.6636962890625,73.66000366210938,73.66000366210938,1197.0
2024-03-01 12:00:00,HQY,81.37989807128906,81.37989807128906,81.37989807128906,81.37989807128906,81.37989807128906,347.0
2024-03-01 12:00:00,HRTX,2.5799999237060547,2.5799999237060547,2.5950000286102295,2.5799999237060547,2.5950000286102295,8431.0
2024-03-01 12:00:00,HSIC,76.9800033569336,76.9800033569336,76.9800033569336,76.97989654541016,76.97989654541016,554.0
2024-03-01 12:00:00,HUMA,3.375,3.375,3.379300117492676,3.369999885559082,3.375,6835.0
2024-03-01 12:00:00,IART,36.45000076293945,36.45000076293945,36.485198974609375,36.45000076293945,36.470001220703125,1347.0
2024-03-01 12:00:00,IBRX,4.869999885559082,4.869999885559082,4.880000114440918,4.869999885559082,4.880000114440918,12248.0
2024-03-01 12:00:00,ICUI,105.86499786376953,105.86499786376953,106.05999755859375,105.86499786376953,106.0199966430664,2384.0
2024-03-01 12:00:00,IDXX,580.1799926757812,580.1799926757812,580.1799926757812,580.1799926757812,580.1799926757812,189.0
2024-03-01 12:00:00,IDYA,46.099998474121094,46.099998474121094,46.099998474121094,46.099998474121094,46.099998474121094,533.0
2024-03-01 12:00:00,IMAB,1.8350000381469727,1.8350000381469727,1.840000033378601,1.8350000381469727,1.840000033378601,1471.0
2024-03-01 12:00:00,IMCR,68.05999755859375,68.05999755859375,68.05999755859375,68.05999755859375,68.05999755859375,277.0
2024-03-01 12:00:00,IMNM,25.610000610351562,25.610000610351562,25.68000030517578,25.610000610351562,25.649999618530273,2460.0
2024-03-01 12:00:00,IMRX,6.099999904632568,6.099999904632568,6.139999866485596,6.079999923706055,6.079999923706055,2616.0
2024-03-01 12:00:00,IMTX,12.979999542236328,12.979999542236328,12.979999542236328,12.979999542236328,12.979999542236328,953.0
2024-03-01 12:00:00,IMVT,36.310001373291016,36.310001373291016,36.31999969482422,36.279998779296875,36.29999923706055,1066.0
2024-03-01 12:00:00,INBX,36.689998626708984,36.689998626708984,36.689998626708984,36.689998626708984,36.689998626708984,740.0
2024-03-01 12:00:00,INCR,1.9700000286102295,1.9700000286102295,1.9700000286102295,1.9543999433517456,1.9543999433517456,288.0
2024-03-01 12:00:00,INCY,59.064998626708984,59.064998626708984,59.095001220703125,59.064998626708984,59.09000015258789,2698.0
2024-03-01 12:00:00,INGN,6.849999904632568,6.849999904632568,6.849999904632568,6.849999904632568,6.849999904632568,124.0
2024-03-01 12:00:00,INMD,22.809999465942383,22.809999465942383,22.815000534057617,22.809999465942383,22.809999465942383,578.0
2024-03-01 12:00:00,INO,9.229999542236328,9.229999542236328,9.229999542236328,9.198800086975098,9.198800086975098,1141.0
2024-03-01 12:00:00,INSM,28.229999542236328,28.229999542236328,28.239999771118164,28.225000381469727,28.225000381469727,2955.0
2024-03-01 12:00:00,INZY,6.5,6.5,6.5,6.489999771118164,6.489999771118164,2662.0
2024-03-01 12:00:00,IONM,0.34940001368522644,0.34940001368522644,0.34940001368522644,0.3378860056400299,0.3378860056400299,1201.0
2024-03-01 12:00:00,IONS,45.869998931884766,45.869998931884766,45.900001525878906,45.869998931884766,45.900001525878906,2802.0
2024-03-01 12:00:00,IOVA,16.575000762939453,16.575000762939453,16.65999984741211,16.56999969482422,16.65999984741211,21019.0
2024-03-01 12:00:00,IRWD,9.03499984741211,9.03499984741211,9.03499984741211,9.03499984741211,9.03499984741211,1415.0
2024-03-01 12:00:00,ISRG,393.4599914550781,393.4599914550781,393.70001220703125,393.4599914550781,393.6499938964844,1814.0
2024-03-01 12:00:00,ITCI,71.5999984741211,71.5999984741211,71.6050033569336,71.5999984741211,71.5999984741211,599.0
2024-03-01 12:00:00,ITOS,10.739999771118164,10.739999771118164,10.739999771118164,10.739999771118164,10.739999771118164,103.0
2024-03-01 12:00:00,ITRM,1.2401000261306763,1.2401000261306763,1.2401000261306763,1.2400000095367432,1.2400000095367432,1000.0
2024-03-01 12:00:00,IVVD,4.019999980926514,4.019999980926514,4.019999980926514,4.019999980926514,4.019999980926514,112.0
2024-03-01 12:00:00,IXHL,5.46999979019165,5.46999979019165,5.46999979019165,5.440000057220459,5.440000057220459,464.0
2024-03-01 12:00:00,JAGX,0.07079999893903732,0.07079999893903732,0.07180000096559525,0.06949999928474426,0.07179900258779526,581047.0
2024-03-01 12:00:00,JANX,46.630001068115234,46.630001068115234,46.630001068115234,46.630001068115234,46.630001068115234,193.0
2024-03-01 12:00:00,JAZZ,119.77999877929688,119.77999877929688,119.81999969482422,119.68009948730469,119.7699966430664,1659.0
2024-03-01 12:00:00,KALV,13.979499816894531,13.979499816894531,13.979499816894531,13.979399681091309,13.979499816894531,1650.0
2024-03-01 12:00:00,KNSA,21.790000915527344,21.790000915527344,21.799999237060547,21.790000915527344,21.799999237060547,615.0
2024-03-01 12:00:00,KNTE,2.625,2.625,2.625,2.6201999187469482,2.625,3200.0
2024-03-01 12:00:00,KOD,6.110000133514404,6.110000133514404,6.119999885559082,6.110000133514404,6.119999885559082,239.0
2024-03-01 12:00:00,KPTI,1.2000000476837158,1.2000000476837158,1.215000033378601,1.2000000476837158,1.215000033378601,10895.0
2024-03-01 12:00:00,KRMD,2.130000114440918,2.130000114440918,2.130000114440918,2.130000114440918,2.130000114440918,338.0
2024-03-01 12:00:00,KROS,70.02999877929688,70.02999877929688,70.02999877929688,70.02999877929688,70.02999877929688,297.0
2024-03-01 12:00:00,KRYS,166.52999877929688,166.52999877929688,166.52999877929688,166.52999877929688,166.52999877929688,361.0
2024-03-01 12:00:00,KTRA,0.09685000032186508,0.09685000032186508,0.09730000048875809,0.09679999947547913,0.09730000048875809,23814.0
2024-03-01 12:00:00,KURA,21.25,21.25,21.290000915527344,21.25,21.280000686645508,1909.0
2024-03-01 12:00:00,KYMR,43.90999984741211,43.90999984741211,43.915000915527344,43.86000061035156,43.915000915527344,1011.0
2024-03-01 12:00:00,KZR,1.090000033378601,1.090000033378601,1.090000033378601,1.0800000429153442,1.0800000429153442,436.0
2024-03-01 12:00:00,LAB,2.4649999141693115,2.4649999141693115,2.4649999141693115,2.4649999141693115,2.4649999141693115,585.0
2024-03-01 12:00:00,LEGN,65.76000213623047,65.76000213623047,65.80999755859375,65.76000213623047,65.80999755859375,2130.0
2024-03-01 12:00:00,LEXX,2.7100000381469727,2.7100000381469727,2.7100000381469727,2.7049999237060547,2.7100000381469727,4130.0
2024-03-01 12:00:00,LFMD,7.974999904632568,7.974999904632568,7.980000019073486,7.974999904632568,7.980000019073486,2485.0
2024-03-01 12:00:00,LGND,78.7699966430664,78.7699966430664,78.7699966430664,78.7699966430664,78.7699966430664,250.0
2024-03-01 12:00:00,LIVN,55.39500045776367,55.39500045776367,55.400001525878906,55.369998931884766,55.369998931884766,1033.0
2024-03-01 12:00:00,LNTH,65.37000274658203,65.37000274658203,65.37000274658203,65.37000274658203,65.37000274658203,242.0
2024-03-01 12:00:00,LQDA,14.234999656677246,14.234999656677246,14.300000190734863,14.229999542236328,14.300000190734863,192012.0
2024-03-01 12:00:00,LUNG,9.199999809265137,9.199999809265137,9.199999809265137,9.199999809265137,9.199999809265137,1563.0
2024-03-01 12:00:00,LVTX,3.1700000762939453,3.1700000762939453,3.180000066757202,3.1700000762939453,3.180000066757202,1862.0
2024-03-01 12:00:00,LXRX,2.434999942779541,2.434999942779541,2.438999891281128,2.430000066757202,2.438999891281128,7133.0
2024-03-01 12:00:00,LYEL,3.1649999618530273,3.1649999618530273,3.1649999618530273,3.1649999618530273,3.1649999618530273,240.0
2024-03-01 12:00:00,LYRA,5.610000133514404,5.610000133514404,5.610000133514404,5.599999904632568,5.599999904632568,409.0
2024-03-01 12:00:00,MASI,127.23999786376953,127.23999786376953,127.23999786376953,127.17500305175781,127.17500305175781,515.0
2024-03-01 12:00:00,MASS,7.28000020980835,7.28000020980835,7.28000020980835,7.28000020980835,7.28000020980835,358.0
2024-03-01 12:00:00,MCRB,1.190000057220459,1.190000057220459,1.1950000524520874,1.190000057220459,1.1950000524520874,667.0
2024-03-01 12:00:00,MDGL,244.89999389648438,244.89999389648438,244.89999389648438,244.89999389648438,244.89999389648438,220.0
2024-03-01 12:00:00,MDRX,6.099999904632568,6.099999904632568,6.099999904632568,6.079999923706055,6.079999923706055,12983.0
2024-03-01 12:00:00,MDXG,8.529999732971191,8.529999732971191,8.5600004196167,8.529999732971191,8.5600004196167,1468.0
2024-03-01 12:00:00,ME,0.5652999877929688,0.5652999877929688,0.5677000284194946,0.5651999711990356,0.5677000284194946,15685.0
2024-03-01 12:00:00,MESO,2.0399999618530273,2.0399999618530273,2.0399999618530273,2.0399999618530273,2.0399999618530273,1162.0
2024-03-01 12:00:00,MGNX,18.969999313354492,18.969999313354492,19.0,18.950000762939453,19.0,4239.0
2024-03-01 12:00:00,MIRM,29.959999084472656,29.959999084472656,30.030000686645508,29.950000762939453,30.030000686645508,2482.0
2024-03-01 12:00:00,MIST,1.6892000436782837,1.6892000436782837,1.6892000436782837,1.6892000436782837,1.6892000436782837,255.0
2024-03-01 12:00:00,MLTX,51.81999969482422,51.81999969482422,51.834999084472656,51.790000915527344,51.834999084472656,635.0
2024-03-01 12:00:00,MNKD,4.559999942779541,4.559999942779541,4.579999923706055,4.559999942779541,4.579999923706055,13651.0
2024-03-01 12:00:00,MNMD,6.140100002288818,6.140100002288818,6.182000160217285,6.139999866485596,6.182000160217285,4256.0
2024-03-01 12:00:00,MODD,1.9299999475479126,1.9299999475479126,1.9700000286102295,1.9199999570846558,1.9500000476837158,18752.0
2024-03-01 12:00:00,MODV,28.184999465942383,28.184999465942383,28.184999465942383,28.184999465942383,28.184999465942383,299.0
2024-03-01 12:00:00,MOR,17.59000015258789,17.59000015258789,17.600000381469727,17.59000015258789,17.600000381469727,897.0
2024-03-01 12:00:00,MORF,38.79499816894531,38.79499816894531,38.79499816894531,38.79499816894531,38.79499816894531,101.0
2024-03-01 12:00:00,MOVE,0.588100016117096,0.588100016117096,0.588100016117096,0.588100016117096,0.588100016117096,1100.0
2024-03-01 12:00:00,MREO,3.8580000400543213,3.8580000400543213,3.8580000400543213,3.8580000400543213,3.8580000400543213,236.0
2024-03-01 12:00:00,MRNA,96.13500213623047,96.13500213623047,96.1449966430664,96.08999633789062,96.09100341796875,3817.0
2024-03-01 12:00:00,MRNS,9.90999984741211,9.90999984741211,9.90999984741211,9.90999984741211,9.90999984741211,492.0
2024-03-01 12:00:00,MRSN,5.929999828338623,5.929999828338623,5.945000171661377,5.920000076293945,5.920000076293945,1720.0
2024-03-01 12:00:00,MRUS,51.81999969482422,51.81999969482422,51.82500076293945,51.76499938964844,51.76499938964844,303.0
2024-03-01 12:00:00,MRVI,7.815000057220459,7.815000057220459,7.820000171661377,7.809999942779541,7.820000171661377,1398.0
2024-03-01 12:00:00,MXCT,4.730000019073486,4.730000019073486,4.735000133514404,4.730000019073486,4.735000133514404,1432.0
2024-03-01 12:00:00,MYGN,21.549999237060547,21.549999237060547,21.549999237060547,21.549999237060547,21.549999237060547,242.0
2024-03-01 12:00:00,MYNZ,0.8604000210762024,0.8604000210762024,0.8604000210762024,0.8604000210762024,0.8604000210762024,1895.0
2024-03-01 12:00:00,NARI,46.064998626708984,46.064998626708984,46.09000015258789,46.02000045776367,46.04999923706055,1418.0
2024-03-01 12:00:00,NAUT,2.696700096130371,2.696700096130371,2.696700096130371,2.696700096130371,2.696700096130371,495.0
2024-03-01 12:00:00,NBIX,131.6199951171875,131.6199951171875,131.63999938964844,131.6199951171875,131.63999938964844,1725.0
2024-03-01 12:00:00,NEO,16.010000228881836,16.010000228881836,16.010000228881836,16.0,16.0,291.0
2024-03-01 12:00:00,NEXI,6.5,6.5,6.610000133514404,6.5,6.601799964904785,3111.0
2024-03-01 12:00:00,NGM,1.5299999713897705,1.5299999713897705,1.5299999713897705,1.5299999713897705,1.5299999713897705,732.0
2024-03-01 12:00:00,NKTR,0.76910001039505,0.76910001039505,0.7699999809265137,0.7689999938011169,0.7698000073432922,22162.0
2024-03-01 12:00:00,NNOX,11.145000457763672,11.145000457763672,11.170000076293945,11.140000343322754,11.170000076293945,1759.0
2024-03-01 12:00:00,NOTV,8.090100288391113,8.090100288391113,8.109999656677246,8.090100288391113,8.109999656677246,855.0
2024-03-01 12:00:00,NRC,40.58000183105469,40.58000183105469,40.58000183105469,40.58000183105469,40.58000183105469,456.0
2024-03-01 12:00:00,NRIX,13.25,13.25,13.25,13.239999771118164,13.239999771118164,1318.0
2024-03-01 12:00:00,NRSN,2.0799999237060547,2.0799999237060547,2.0799999237060547,2.049999952316284,2.0799999237060547,1317.0
2024-03-01 12:00:00,NRXP,0.4198000133037567,0.4198000133037567,0.4198000133037567,0.4099999964237213,0.4099999964237213,2200.0
2024-03-01 12:00:00,NTLA,33.29499816894531,33.29499816894531,33.37990188598633,33.29499816894531,33.374900817871094,3441.0
2024-03-01 12:00:00,NTRA,88.80999755859375,88.80999755859375,89.0199966430664,88.80999755859375,89.0199966430664,4273.0
2024-03-01 12:00:00,NUVL,87.70500183105469,87.70500183105469,87.7699966430664,87.62999725341797,87.69999694824219,3112.0
2024-03-01 12:00:00,NVAX,5.090000152587891,5.090000152587891,5.110000133514404,5.090000152587891,5.105000019073486,13143.0
2024-03-01 12:00:00,NVCR,15.789999961853027,15.789999961853027,15.819999694824219,15.789999961853027,15.819999694824219,1332.0
2024-03-01 12:00:00,NVNO,6.465400218963623,6.465400218963623,6.465400218963623,6.465400218963623,6.465400218963623,300.0
2024-03-01 12:00:00,OCGN,0.9467999935150146,0.9467999935150146,0.9467999935150146,0.9467999935150146,0.9467999935150146,740.0
2024-03-01 12:00:00,OCUL,10.680000305175781,10.680000305175781,10.71500015258789,10.649999618530273,10.6899995803833,12622.0
2024-03-01 12:00:00,OGI,2.1449999809265137,2.1449999809265137,2.1449999809265137,2.1449999809265137,2.1449999809265137,155.0
2024-03-01 12:00:00,OLK,22.649999618530273,22.649999618530273,22.670000076293945,22.639999389648438,22.639999389648438,1675.0
2024-03-01 12:00:00,OLMA,13.609999656677246,13.609999656677246,13.680000305175781,13.609999656677246,13.670000076293945,3704.0
2024-03-01 12:00:00,OMCL,26.44029998779297,26.44029998779297,26.44029998779297,26.44029998779297,26.44029998779297,1376.0
2024-03-01 12:00:00,OMER,4.724999904632568,4.724999904632568,4.724999904632568,4.724999904632568,4.724999904632568,306.0
2024-03-01 12:00:00,ONCY,1.1205999851226807,1.1205999851226807,1.1205999851226807,1.1205999851226807,1.1205999851226807,871.0
2024-03-01 12:01:00,ABCL,5.195000171661377,5.195000171661377,5.199999809265137,5.190000057220459,5.199999809265137,6209.0
2024-03-01 12:01:00,ABEO,7.670000076293945,7.670000076293945,7.670000076293945,7.670000076293945,7.670000076293945,102.0
2024-03-01 12:01:00,ABOS,4.679999828338623,4.679999828338623,4.684999942779541,4.679999828338623,4.679999828338623,1593.0
2024-03-01 12:01:00,ABSI,5.21999979019165,5.21999979019165,5.235000133514404,5.21999979019165,5.235000133514404,3859.0
2024-03-01 12:01:00,ABUS,2.7799999713897705,2.7799999713897705,2.7799999713897705,2.7799999713897705,2.7799999713897705,4009.0
2024-03-01 12:01:00,ACAD,23.78499984741211,23.78499984741211,23.78499984741211,23.78499984741211,23.78499984741211,288.0
2024-03-01 12:01:00,ACB,3.140000104904175,3.140000104904175,3.140000104904175,3.140000104904175,3.140000104904175,517.0
2024-03-01 12:01:00,ACET,2.4000000953674316,2.4000000953674316,2.4000000953674316,2.390000104904175,2.4000000953674316,703.0
2024-03-01 12:01:00,ACHL,1.340000033378601,1.340000033378601,1.340000033378601,1.340000033378601,1.340000033378601,200.0
2024-03-01 12:01:00,ACLX,67.43499755859375,67.43499755859375,67.43499755859375,67.43499755859375,67.43499755859375,209.0
2024-03-01 12:01:00,ACON,0.38999998569488525,0.38999998569488525,0.38999998569488525,0.38499999046325684,0.38999998569488525,5869.0
2024-03-01 12:01:00,ACRS,1.2200000286102295,1.2200000286102295,1.2200000286102295,1.215000033378601,1.215000033378601,2533.0
2024-03-01 12:01:00,ACXP,2.940000057220459,2.940000057220459,2.9579999446868896,2.940000057220459,2.9500999450683594,2118.0
2024-03-01 12:01:00,ADAP,1.6101000308990479,1.6101000308990479,1.6101000308990479,1.6101000308990479,1.6101000308990479,345.0
2024-03-01 12:01:00,ADIL,3.1600000858306885,3.1600000858306885,3.178999900817871,3.1201000213623047,3.121799945831299,29433.0
2024-03-01 12:01:00,ADMA,5.380000114440918,5.380000114440918,5.380000114440918,5.369999885559082,5.369999885559082,4773.0
2024-03-01 12:01:00,ADPT,4.159999847412109,4.159999847412109,4.159999847412109,4.150899887084961,4.159999847412109,4721.0
2024-03-01 12:01:00,ADVM,1.9600000381469727,1.9600000381469727,1.965000033378601,1.9600000381469727,1.965000033378601,673.0
2024-03-01 12:01:00,AGEN,0.6740999817848206,0.6740999817848206,0.6743000149726868,0.6740000247955322,0.6740000247955322,13385.0
2024-03-01 12:01:00,AGIO,32.81999969482422,32.81999969482422,32.81999969482422,32.81999969482422,32.81999969482422,303.0
2024-03-01 12:01:00,AIRS,6.429999828338623,6.429999828338623,6.429999828338623,6.429999828338623,6.429999828338623,187.0
2024-03-01 12:01:00,AKAN,0.24160000681877136,0.24160000681877136,0.24300000071525574,0.24150100350379944,0.24199999868869781,3128.0
2024-03-01 12:01:00,AKBA,1.6799999475479126,1.6799999475479126,1.6799999475479126,1.6799999475479126,1.6799999475479126,109.0
2024-03-01 12:01:00,AKRO,29.530000686645508,29.530000686645508,29.584999084472656,29.530000686645508,29.584999084472656,2496.0
2024-03-01 12:01:00,AKYA,6.099999904632568,6.099999904632568,6.099999904632568,6.070000171661377,6.070000171661377,200.0
2024-03-01 12:01:00,ALDX,4.100100040435791,4.100100040435791,4.1097002029418945,4.099999904632568,4.1097002029418945,4602.0
2024-03-01 12:01:00,ALEC,7.414999961853027,7.414999961853027,7.420000076293945,7.414999961853027,7.420000076293945,3779.0
2024-03-01 12:01:00,ALGS,1.0800000429153442,1.0800000429153442,1.0800000429153442,1.0800000429153442,1.0800000429153442,5400.0
2024-03-01 12:01:00,ALHC,5.739999771118164,5.739999771118164,5.739999771118164,5.739999771118164,5.739999771118164,121.0
2024-03-01 12:01:00,ALKS,30.209999084472656,30.209999084472656,30.21500015258789,30.209999084472656,30.209999084472656,1728.0
2024-03-01 12:01:00,ALLK,1.597499966621399,1.597499966621399,1.597499966621399,1.597499966621399,1.597499966621399,200.0
2024-03-01 12:01:00,ALLO,5.025000095367432,5.025000095367432,5.025000095367432,5.014999866485596,5.019999980926514,3419.0
2024-03-01 12:01:00,ALNY,153.44000244140625,153.44000244140625,153.5749969482422,153.39999389648438,153.39999389648438,957.0
2024-03-01 12:01:00,ALPN,35.75,35.75,35.810001373291016,35.75,35.790000915527344,2678.0
2024-03-01 12:01:00,ALRN,5.0,5.0,5.0,5.0,5.0,540.0
2024-03-01 12:01:00,ALT,12.038000106811523,12.038000106811523,12.038999557495117,11.989999771118164,12.010000228881836,7932.0
2024-03-01 12:01:00,ALVR,0.7519999742507935,0.7519999742507935,0.7519999742507935,0.7519999742507935,0.7519999742507935,324.0
2024-03-01 12:01:00,ALXO,14.979999542236328,14.979999542236328,14.979999542236328,14.960000038146973,14.979999542236328,2376.0
2024-03-01 12:01:00,AMED,92.83000183105469,92.83000183105469,93.02999877929688,92.83000183105469,93.0199966430664,1175.0
2024-03-01 12:01:00,AMGN,281.7550048828125,281.7550048828125,281.82000732421875,281.54998779296875,281.5577087402344,17664.0
2024-03-01 12:01:00,AMLX,18.795000076293945,18.795000076293945,18.795000076293945,18.795000076293945,18.795000076293945,120.0
2024-03-01 12:01:00,AMPH,45.48500061035156,45.48500061035156,45.48500061035156,45.48500061035156,45.48500061035156,568.0
2024-03-01 12:01:00,AMRN,1.0549999475479126,1.0549999475479126,1.0587999820709229,1.0549999475479126,1.0549999475479126,800.0
2024-03-01 12:01:00,ANAB,25.489999771118164,25.489999771118164,25.489999771118164,25.489999771118164,25.489999771118164,404.0
2024-03-01 12:01:00,ANIP,66.5999984741211,66.5999984741211,66.62999725341797,66.5999984741211,66.62999725341797,400.0
2024-03-01 12:01:00,ANNX,5.900000095367432,5.900000095367432,5.900000095367432,5.820000171661377,5.860000133514404,34823.0
2024-03-01 12:01:00,ANTX,2.98009991645813,2.98009991645813,3.0099000930786133,2.98009991645813,3.0099000930786133,810.0
2024-03-01 12:01:00,APLS,65.11000061035156,65.11000061035156,65.29000091552734,64.8511962890625,65.29000091552734,21849.0
2024-03-01 12:01:00,APLT,7.119999885559082,7.119999885559082,7.119999885559082,7.072999954223633,7.072999954223633,5108.0
2024-03-01 12:01:00,AQST,4.3495001792907715,4.3495001792907715,4.375,4.340000152587891,4.375,12815.0
2024-03-01 12:01:00,ARCT,39.63999938964844,39.63999938964844,39.63999938964844,39.52000045776367,39.52000045776367,1280.0
2024-03-01 12:01:00,ARDX,9.640000343322754,9.640000343322754,9.640000343322754,9.619999885559082,9.619999885559082,1919.0
2024-03-01 12:01:00,ARQT,11.510000228881836,11.510000228881836,11.520000457763672,11.484999656677246,11.484999656677246,5919.0
2024-03-01 12:01:00,ARVN,48.625,48.625,48.625,48.625,48.625,108.0
2024-03-01 12:01:00,ARWR,35.04999923706055,35.04999923706055,35.220001220703125,35.000999450683594,35.17499923706055,15869.0
2024-03-01 12:01:00,ASND,150.5,150.5,151.05999755859375,150.22000122070312,151.05999755859375,4643.0
2024-03-01 12:01:00,ASRT,0.9162999987602234,0.9162999987602234,0.9162999987602234,0.9162999987602234,0.9162999987602234,200.0
2024-03-01 12:01:00,ATAI,2.0850000381469727,2.0850000381469727,2.0850000381469727,2.069999933242798,2.0799999237060547,5630.0
2024-03-01 12:01:00,ATEC,13.600000381469727,13.600000381469727,13.609999656677246,13.600000381469727,13.604999542236328,429.0
2024-03-01 12:01:00,ATRA,0.7900000214576721,0.7900000214576721,0.7900000214576721,0.7900000214576721,0.7900000214576721,100.0
2024-03-01 12:01:00,ATRC,35.880001068115234,35.880001068115234,35.880001068115234,35.842498779296875,35.880001068115234,994.0
2024-03-01 12:01:00,ATXI,0.15209999680519104,0.15209999680519104,0.15209999680519104,0.15049999952316284,0.15209999680519104,8004.0
2024-03-01 12:01:00,ATXS,14.880000114440918,14.880000114440918,14.880000114440918,14.880000114440918,14.880000114440918,400.0
2024-03-01 12:01:00,AUGX,4.630000114440918,4.630000114440918,4.630000114440918,4.614999771118164,4.614999771118164,300.0
2024-03-01 12:01:00,AUPH,5.795000076293945,5.795000076293945,5.795000076293945,5.795000076293945,5.795000076293945,1929.0
2024-03-01 12:01:00,AURA,9.444999694824219,9.444999694824219,9.444999694824219,9.444999694824219,9.444999694824219,511.0
2024-03-01 12:01:00,AVDL,12.800000190734863,12.800000190734863,12.800000190734863,12.729999542236328,12.729999542236328,10273.0
2024-03-01 12:01:00,AVIR,4.5192999839782715,4.5192999839782715,4.5192999839782715,4.5192999839782715,4.5192999839782715,3070.0
2024-03-01 12:01:00,AVRO,1.3300000429153442,1.3300000429153442,1.3300000429153442,1.3300000429153442,1.3300000429153442,419.0
2024-03-01 12:01:00,AXNX,67.30000305175781,67.30000305175781,67.30500030517578,67.29000091552734,67.30500030517578,11877.0
2024-03-01 12:01:00,AXSM,81.9000015258789,81.9000015258789,82.0,81.81500244140625,82.0,1637.0
2024-03-01 12:01:00,AZN,64.5999984741211,64.5999984741211,64.6050033569336,64.58999633789062,64.6050033569336,5310.0
2024-03-01 12:01:00,AZTA,66.33999633789062,66.33999633789062,66.33999633789062,66.33999633789062,66.33999633789062,130.0
2024-03-01 12:01:00,BBIO,35.91999816894531,35.91999816894531,35.91999816894531,35.880001068115234,35.880001068115234,1815.0
2024-03-01 12:01:00,BBLG,2.341599941253662,2.341599941253662,2.341599941253662,2.299999952316284,2.299999952316284,1103.0
2024-03-01 12:01:00,BCAB,2.740000009536743,2.740000009536743,2.744999885559082,2.740000009536743,2.744999885559082,366.0
2024-03-01 12:01:00,BCLI,0.35989999771118164,0.35989999771118164,0.35989999771118164,0.35989999771118164,0.35989999771118164,174.0
2024-03-01 12:01:00,BCRX,5.755000114440918,5.755000114440918,5.755000114440918,5.755000114440918,5.755000114440918,569.0
2024-03-01 12:01:00,BCYC,25.84000015258789,25.84000015258789,25.84000015258789,25.84000015258789,25.84000015258789,242.0
2024-03-01 12:01:00,BDTX,4.980000019073486,4.980000019073486,4.985000133514404,4.980000019073486,4.980000019073486,539.0
2024-03-01 12:01:00,BEAM,39.93000030517578,39.93000030517578,39.93000030517578,39.900001525878906,39.90999984741211,966.0
2024-03-01 12:01:00,BGXX,0.26899999380111694,0.26899999380111694,0.26899999380111694,0.26820001006126404,0.26820001006126404,10228.0
2024-03-01 12:01:00,BIOL,0.13750000298023224,0.13750000298023224,0.13760000467300415,0.13750000298023224,0.13760000467300415,14800.0
2024-03-01 12:01:00,BIVI,2.079900026321411,2.079900026321411,2.0999999046325684,2.075000047683716,2.0899999141693115,95792.0
2024-03-01 12:01:00,BLUE,1.5598000288009644,1.5598000288009644,1.559999942779541,1.5499999523162842,1.5549999475479126,22450.0
2024-03-01 12:01:00,BMEA,17.889999389648438,17.889999389648438,17.889999389648438,17.8799991607666,17.8799991607666,343.0
2024-03-01 12:01:00,BMRN,86.9000015258789,86.9000015258789,86.9000015258789,86.87000274658203,86.87000274658203,1153.0
2024-03-01 12:01:00,BNGO,1.2450000047683716,1.2450000047683716,1.2450000047683716,1.2450000047683716,1.2450000047683716,170.0
2024-03-01 12:01:00,BNTX,91.76000213623047,91.76000213623047,91.76000213623047,91.76000213623047,91.76000213623047,741.0
2024-03-01 12:01:00,BPMC,97.2750015258789,97.2750015258789,97.4000015258789,97.2699966430664,97.4000015258789,1627.0
2024-03-01 12:01:00,BRKR,87.8499984741211,87.8499984741211,87.91000366210938,87.8499984741211,87.91000366210938,1796.0
2024-03-01 12:01:00,BRTX,1.5268000364303589,1.5268000364303589,1.5298999547958374,1.5,1.5298999547958374,1035.0
2024-03-01 12:01:00,BSGM,0.6359999775886536,0.6359999775886536,0.6359999775886536,0.6359999775886536,0.6359999775886536,129.0
2024-03-01 12:01:00,BTCY,0.949999988079071,0.949999988079071,0.949999988079071,0.9498990178108215,0.9498990178108215,702.0
2024-03-01 12:01:00,BTTX,0.17100000381469727,0.17100000381469727,0.17110000550746918,0.17100000381469727,0.17110000550746918,15000.0
2024-03-01 12:01:00,BVS,4.704999923706055,4.704999923706055,4.704999923706055,4.704999923706055,4.704999923706055,102.0
2024-03-01 12:01:00,CABA,24.059999465942383,24.059999465942383,24.079999923706055,24.059999465942383,24.079999923706055,662.0
2024-03-01 12:01:00,CBAY,32.25,32.25,32.255001068115234,32.244998931884766,32.25,6766.0
2024-03-01 12:01:00,CCCC,10.869999885559082,10.869999885559082,10.869999885559082,10.864999771118164,10.864999771118164,853.0
2024-03-01 12:01:00,CCRN,18.170000076293945,18.170000076293945,18.170000076293945,18.170000076293945,18.170000076293945,327.0
2024-03-01 12:01:00,CDMO,8.109999656677246,8.109999656677246,8.109999656677246,8.069999694824219,8.069999694824219,5238.0
2024-03-01 12:01:00,CDNA,12.430000305175781,12.430000305175781,12.460000038146973,12.430000305175781,12.449999809265137,5819.0
2024-03-01 12:01:00,CDXS,4.510000228881836,4.510000228881836,4.510000228881836,4.510000228881836,4.510000228881836,239.0
2024-03-01 12:01:00,CELC,16.010000228881836,16.010000228881836,16.010000228881836,15.949999809265137,15.989999771118164,1873.0
2024-03-01 12:01:00,CERE,41.099998474121094,41.099998474121094,41.11000061035156,41.099998474121094,41.11000061035156,1590.0
2024-03-01 12:01:00,CERS,2.194999933242798,2.194999933242798,2.194999933242798,2.194999933242798,2.194999933242798,100.0
2024-03-01 12:01:00,CERT,17.709999084472656,17.709999084472656,17.729999542236328,17.709999084472656,17.729999542236328,3803.0
2024-03-01 12:01:00,CGC,3.2639999389648438,3.2639999389648438,3.2699999809265137,3.244999885559082,3.244999885559082,20557.0
2024-03-01 12:01:00,CGEM,18.860000610351562,18.860000610351562,18.860000610351562,18.860000610351562,18.860000610351562,332.0
2024-03-01 12:01:00,CGTX,2.059999942779541,2.059999942779541,2.069999933242798,2.049999952316284,2.049999952316284,601.0
2024-03-01 12:01:00,CHRS,2.3399999141693115,2.3399999141693115,2.3450000286102295,2.3399999141693115,2.3450000286102295,3441.0
2024-03-01 12:01:00,CING,1.3598999977111816,1.3598999977111816,1.3600000143051147,1.3598999977111816,1.3600000143051147,4415.0
2024-03-01 12:01:00,CLDX,52.029998779296875,52.029998779296875,52.09000015258789,51.88999938964844,51.91999816894531,4167.0
2024-03-01 12:01:00,CLNN,0.38916000723838806,0.38916000723838806,0.38916000723838806,0.3865000009536743,0.3865000009536743,200.0
2024-03-01 12:01:00,CLOV,0.8651999831199646,0.8651999831199646,0.866599977016449,0.8641999959945679,0.866599977016449,70813.0
2024-03-01 12:01:00,CLRB,4.079999923706055,4.079999923706055,4.079999923706055,4.079999923706055,4.079999923706055,1051.0
2024-03-01 12:01:00,CMPS,11.382499694824219,11.382499694824219,11.539999961853027,11.382499694824219,11.524999618530273,3692.0
2024-03-01 12:01:00,CMRX,1.1399999856948853,1.1399999856948853,1.1449999809265137,1.1399999856948853,1.1449999809265137,5284.0
2024-03-01 12:01:00,CNSP,0.3199999928474426,0.3199999928474426,0.3199999928474426,0.3199999928474426,0.3199999928474426,10602.0
2024-03-01 12:01:00,COGT,7.164999961853027,7.164999961853027,7.170000076293945,7.159999847412109,7.159999847412109,2513.0
2024-03-01 12:01:00,COLL,36.93000030517578,36.93000030517578,36.970001220703125,36.93000030517578,36.970001220703125,1514.0
2024-03-01 12:01:00,CORT,23.7549991607666,23.7549991607666,23.7549991607666,23.7549991607666,23.7549991607666,305.0
2024-03-01 12:01:00,CPRX,17.135000228881836,17.135000228881836,17.135000228881836,17.03499984741211,17.040000915527344,6406.0
2024-03-01 12:01:00,CPSI,9.449999809265137,9.449999809265137,9.449999809265137,9.449999809265137,9.449999809265137,190.0
2024-03-01 12:01:00,CRBU,7.985000133514404,7.985000133514404,7.985000133514404,7.980000019073486,7.980000019073486,1197.0
2024-03-01 12:01:00,CRDF,2.3450000286102295,2.3450000286102295,2.380000114440918,2.3299999237060547,2.375,37861.0
2024-03-01 12:01:00,CRON,2.050100088119507,2.050100088119507,2.050100088119507,2.049999952316284,2.050100088119507,2729.0
2024-03-01 12:01:00,CRSP,85.05000305175781,85.05000305175781,85.0999984741211,85.04000091552734,85.0999984741211,2280.0
2024-03-01 12:01:00,CSTL,19.982500076293945,19.982500076293945,19.989999771118164,19.982500076293945,19.989999771118164,423.0
2024-03-01 12:01:00,CTKB,8.494999885559082,8.494999885559082,8.520000457763672,8.46500015258789,8.46500015258789,5940.0
2024-03-01 12:01:00,CTMX,2.6198999881744385,2.6198999881744385,2.6198999881744385,2.609999895095825,2.609999895095825,18965.0
2024-03-01 12:01:00,CTXR,0.7700999975204468,0.7700999975204468,0.7731500267982483,0.7700999975204468,0.7731500267982483,276.0
2024-03-01 12:01:00,CUTR,2.399899959564209,2.399899959564209,2.399899959564209,2.399899959564209,2.399899959564209,5203.0
2024-03-01 12:01:00,CVAC,3.4639999866485596,3.4639999866485596,3.4639999866485596,3.4639999866485596,3.4639999866485596,1000.0
2024-03-01 12:01:00,CVRX,20.280000686645508,20.280000686645508,20.280000686645508,20.280000686645508,20.280000686645508,259.0
2024-03-01 12:01:00,CYTK,73.77999877929688,73.77999877929688,73.87989807128906,73.77999877929688,73.80000305175781,3513.0
2024-03-01 12:01:00,CYTO,2.1700000762939453,2.1700000762939453,2.1700000762939453,2.1700000762939453,2.1700000762939453,396.0
2024-03-01 12:01:00,DAWN,17.415000915527344,17.415000915527344,17.428199768066406,17.3799991607666,17.3799991607666,1310.0
2024-03-01 12:01:00,DCGO,4.130000114440918,4.130000114440918,4.130000114440918,4.130000114440918,4.130000114440918,392.0
2024-03-01 12:01:00,DCPH,17.531400680541992,17.531400680541992,17.58989906311035,17.510000228881836,17.54800033569336,2714.0
2024-03-01 12:01:00,DCTH,4.20419979095459,4.20419979095459,4.20419979095459,4.170000076293945,4.170000076293945,236.0
2024-03-01 12:01:00,DH,9.0,9.0,9.010000228881836,9.0,9.010000228881836,1131.0
2024-03-01 12:01:00,DMTK,0.8449509739875793,0.8449509739875793,0.8449509739875793,0.8449000120162964,0.8449000120162964,385.0
2024-03-01 12:01:00,DNLI,20.729999542236328,20.729999542236328,20.729999542236328,20.709999084472656,20.709999084472656,841.0
2024-03-01 12:01:00,DTIL,11.989999771118164,11.989999771118164,12.0600004196167,11.946599960327148,12.010000228881836,2167.0
2024-03-01 12:01:00,DVAX,12.859999656677246,12.859999656677246,12.859999656677246,12.854999542236328,12.859999656677246,325.0
2024-03-01 12:01:00,DXCM,120.22000122070312,120.22000122070312,120.30000305175781,120.11000061035156,120.11000061035156,18472.0
2024-03-01 12:01:00,DYAI,1.309999942779541,1.309999942779541,1.309999942779541,1.309999942779541,1.309999942779541,501.0
2024-03-01 12:01:00,DYN,28.975000381469727,28.975000381469727,28.979999542236328,28.889999389648438,28.889999389648438,3462.0
2024-03-01 12:01:00,EDAP,6.780099868774414,6.780099868774414,6.780099868774414,6.780099868774414,6.780099868774414,174.0
2024-03-01 12:01:00,EDIT,10.84000015258789,10.84000015258789,10.841699600219727,10.8149995803833,10.8149995803833,3481.0
2024-03-01 12:01:00,ELDN,1.809999942779541,1.809999942779541,1.820099949836731,1.809999942779541,1.8200000524520874,2110.0
2024-03-01 12:01:00,ELEV,4.835000038146973,4.835000038146973,4.849999904632568,4.829999923706055,4.849999904632568,810.0
2024-03-01 12:01:00,ENTA,15.239999771118164,15.239999771118164,15.239999771118164,15.21500015258789,15.21500015258789,317.0
2024-03-01 12:01:00,ENVB,1.5816999673843384,1.5816999673843384,1.6399999856948853,1.5700000524520874,1.6101000308990479,65593.0
2024-03-01 12:01:00,EPIX,9.704999923706055,9.704999923706055,9.770000457763672,9.704999923706055,9.760000228881836,723.0
2024-03-01 12:01:00,ESPR,2.5299999713897705,2.5299999713897705,2.5299999713897705,2.5299999713897705,2.5299999713897705,3536.0
2024-03-01 12:01:00,ETNB,12.960000038146973,12.960000038146973,12.960000038146973,12.90999984741211,12.9399995803833,4577.0
2024-03-01 12:01:00,EWTX,17.030000686645508,17.030000686645508,17.030000686645508,17.030000686645508,17.030000686645508,250.0
2024-03-01 12:01:00,EXAS,59.459999084472656,59.459999084472656,59.474998474121094,59.439998626708984,59.45000076293945,2022.0
2024-03-01 12:01:00,EXEL,22.489999771118164,22.489999771118164,22.489999771118164,22.489999771118164,22.489999771118164,1916.0
2024-03-01 12:01:00,EYEN,2.2699999809265137,2.2699999809265137,2.2699999809265137,2.26990008354187,2.2699999809265137,1892.0
2024-03-01 12:01:00,EYPT,28.06999969482422,28.06999969482422,28.06999969482422,28.059999465942383,28.059999465942383,577.0
2024-03-01 12:01:00,FATE,7.400000095367432,7.400000095367432,7.400000095367432,7.385000228881836,7.389999866485596,3032.0
2024-03-01 12:01:00,FDMT,29.045000076293945,29.045000076293945,29.045000076293945,29.0,29.0,482.0
2024-03-01 12:01:00,FGEN,1.8300000429153442,1.8300000429153442,1.8300000429153442,1.8250000476837158,1.8250000476837158,718.0
2024-03-01 12:01:00,FHTX,8.0,8.0,8.0,8.0,8.0,100.0
2024-03-01 12:01:00,FOLD,13.265000343322754,13.265000343322754,13.265000343322754,13.255000114440918,13.255000114440918,3192.0
2024-03-01 12:01:00,FULC,10.819999694824219,10.819999694824219,10.819999694824219,10.800000190734863,10.800000190734863,1745.0
2024-03-01 12:01:00,FUSN,12.369999885559082,12.369999885559082,12.369999885559082,12.359999656677246,12.359999656677246,1041.0
2024-03-01 12:01:00,GDRX,8.296199798583984,8.296199798583984,8.305000305175781,8.295000076293945,8.295000076293945,11132.0
2024-03-01 12:01:00,GERN,2.174999952316284,2.174999952316284,2.180000066757202,2.1700000762939453,2.1700000762939453,12676.0
2024-03-01 12:01:00,GH,19.209999084472656,19.209999084472656,19.209999084472656,19.200000762939453,19.200000762939453,1175.0
2024-03-01 12:01:00,GILD,72.18000030517578,72.18000030517578,72.18000030517578,72.16000366210938,72.16999816894531,6052.0
2024-03-01 12:01:00,GMDA,0.3896999955177307,0.3896999955177307,0.3898000121116638,0.38679999113082886,0.3896999955177307,5971.0
2024-03-01 12:01:00,GNFT,3.684999942779541,3.684999942779541,3.694999933242798,3.684999942779541,3.694999933242798,471.0
2024-03-01 12:01:00,GOSS,1.3600000143051147,1.3600000143051147,1.3600000143051147,1.3600000143051147,1.3600000143051147,862.0
2024-03-01 12:01:00,GRFS,7.054999828338623,7.054999828338623,7.054999828338623,7.045000076293945,7.045000076293945,3557.0
2024-03-01 12:01:00,GRPH,3.4749999046325684,3.4749999046325684,3.4749999046325684,3.4749999046325684,3.4749999046325684,101.0
2024-03-01 12:01:00,GRTS,2.2200000286102295,2.2200000286102295,2.2298998832702637,2.2200000286102295,2.227299928665161,1231.0
2024-03-01 12:01:00,GTHX,3.6098999977111816,3.6098999977111816,3.6098999977111816,3.5950000286102295,3.5999999046325684,3676.0
2024-03-01 12:01:00,HALO,41.150001525878906,41.150001525878906,41.189998626708984,41.150001525878906,41.16999816894531,1373.0
2024-03-01 12:01:00,HARP,22.9424991607666,22.9424991607666,22.9424991607666,22.9424991607666,22.9424991607666,118.0
2024-03-01 12:01:00,HCAT,7.920000076293945,7.920000076293945,7.920000076293945,7.920000076293945,7.920000076293945,120.0
2024-03-01 12:01:00,HCSG,12.625,12.625,12.625,12.625,12.625,223.0
2024-03-01 12:01:00,HCTI,2.5399999618530273,2.5399999618530273,2.5399999618530273,2.5399999618530273,2.5399999618530273,103.0
2024-03-01 12:01:00,HOLX,73.66500091552734,73.66500091552734,73.66500091552734,73.6500015258789,73.6500015258789,1052.0
2024-03-01 12:01:00,HOWL,6.929999828338623,6.929999828338623,6.929999828338623,6.929999828338623,6.929999828338623,132.0
2024-03-01 12:01:00,HQY,81.25,81.25,81.25,81.25,81.25,128.0
2024-03-01 12:01:00,HRTX,2.5950000286102295,2.5950000286102295,2.5950000286102295,2.5850000381469727,2.5868000984191895,18708.0
2024-03-01 12:01:00,HSCS,0.11840099841356277,0.11840099841356277,0.11840099841356277,0.11840099841356277,0.11840099841356277,1001.0
2024-03-01 12:01:00,HSIC,76.9800033569336,76.9800033569336,76.9800033569336,76.9800033569336,76.9800033569336,105.0
2024-03-01 12:01:00,HSTM,27.350000381469727,27.350000381469727,27.389999389648438,27.350000381469727,27.389999389648438,454.0
2024-03-01 12:01:00,HUMA,3.375,3.375,3.380000114440918,3.375,3.375,955.0
2024-03-01 12:01:00,IART,36.439998626708984,36.439998626708984,36.439998626708984,36.439998626708984,36.439998626708984,176.0
2024-03-01 12:01:00,IBRX,4.860000133514404,4.860000133514404,4.864999771118164,4.849999904632568,4.860199928283691,12149.0
2024-03-01 12:01:00,ICLR,322.96820068359375,322.96820068359375,322.96820068359375,322.55999755859375,322.55999755859375,1200.0
2024-03-01 12:01:00,IDXX,580.1799926757812,580.1799926757812,580.364990234375,580.1799926757812,580.364990234375,351.0
2024-03-01 12:01:00,IDYA,46.06999969482422,46.06999969482422,46.11000061035156,46.029998779296875,46.029998779296875,536.0
2024-03-01 12:01:00,IMAB,1.8300000429153442,1.8300000429153442,1.8300000429153442,1.8300000429153442,1.8300000429153442,250.0
2024-03-01 12:01:00,IMMX,3.5450000762939453,3.5450000762939453,3.5450000762939453,3.5450000762939453,3.5450000762939453,161.0
2024-03-01 12:01:00,IMNM,25.639999389648438,25.639999389648438,25.639999389648438,25.639999389648438,25.639999389648438,192.0
2024-03-01 12:01:00,IMUX,1.48989999294281,1.48989999294281,1.48989999294281,1.48989999294281,1.48989999294281,1000.0
2024-03-01 12:01:00,IMVT,36.34000015258789,36.34000015258789,36.34000015258789,36.25,36.279998779296875,2890.0
2024-03-01 12:01:00,INAB,1.100100040435791,1.100100040435791,1.100100040435791,1.100100040435791,1.100100040435791,1000.0
2024-03-01 12:01:00,INBX,36.63999938964844,36.63999938964844,36.66999816894531,36.63999938964844,36.66999816894531,285.0
2024-03-01 12:01:00,INCY,59.029998779296875,59.029998779296875,59.053001403808594,59.029998779296875,59.053001403808594,958.0
2024-03-01 12:01:00,INGN,6.849999904632568,6.849999904632568,6.849999904632568,6.849999904632568,6.849999904632568,1329.0
2024-03-01 12:01:00,INMD,22.799999237060547,22.799999237060547,22.809999465942383,22.799999237060547,22.809999465942383,2348.0
2024-03-01 12:01:00,INSM,28.21500015258789,28.21500015258789,28.219999313354492,28.209999084472656,28.219999313354492,695.0
2024-03-01 12:01:00,IONS,45.8650016784668,45.8650016784668,45.880001068115234,45.86000061035156,45.86000061035156,571.0
2024-03-01 12:01:00,IOVA,16.640100479125977,16.640100479125977,16.649999618530273,16.575000762939453,16.579999923706055,14503.0
2024-03-01 12:01:00,IRMD,41.720001220703125,41.720001220703125,41.93000030517578,41.720001220703125,41.93000030517578,552.0
2024-03-01 12:01:00,IRWD,9.045000076293945,9.045000076293945,9.050100326538086,9.015000343322754,9.037500381469727,27749.0
2024-03-01 12:01:00,ISPC,0.45899999141693115,0.45899999141693115,0.45899999141693115,0.45899999141693115,0.45899999141693115,658.0
2024-03-01 12:01:00,ISRG,393.6000061035156,393.6000061035156,393.6050109863281,393.6000061035156,393.6050109863281,6483.0
2024-03-01 12:01:00,ITCI,71.66500091552734,71.66500091552734,71.66500091552734,71.66500091552734,71.66500091552734,203.0
2024-03-01 12:01:00,IVVD,4.03000020980835,4.03000020980835,4.03000020980835,4.03000020980835,4.03000020980835,213.0
2024-03-01 12:01:00,JAGX,0.07069999724626541,0.07069999724626541,0.07169999927282333,0.07000000029802322,0.07079999893903732,1540849.0
2024-03-01 12:01:00,JANX,46.70000076293945,46.70000076293945,46.79999923706055,46.70000076293945,46.79999923706055,391.0
2024-03-01 12:01:00,JYNT,9.989999771118164,9.989999771118164,9.989999771118164,9.989999771118164,9.989999771118164,253.0
2024-03-01 12:01:00,KALV,13.930000305175781,13.930000305175781,13.954999923706055,13.930000305175781,13.944999694824219,501.0
2024-03-01 12:01:00,KNSA,21.780000686645508,21.780000686645508,21.795000076293945,21.780000686645508,21.795000076293945,1420.0
2024-03-01 12:01:00,KNTE,2.619999885559082,2.619999885559082,2.619999885559082,2.619999885559082,2.619999885559082,109.0
2024-03-01 12:01:00,KOD,6.105000019073486,6.105000019073486,6.105000019073486,6.105000019073486,6.105000019073486,462.0
2024-03-01 12:01:00,KPTI,1.2050000429153442,1.2050000429153442,1.2050000429153442,1.2050000429153442,1.2050000429153442,200.0
2024-03-01 12:01:00,KRMD,2.119999885559082,2.119999885559082,2.119999885559082,2.119999885559082,2.119999885559082,388.0
2024-03-01 12:01:00,KRTX,316.45001220703125,316.45001220703125,316.45001220703125,316.45001220703125,316.45001220703125,122.0
2024-03-01 12:01:00,KRYS,166.51499938964844,166.51499938964844,166.52000427246094,166.47000122070312,166.52000427246094,783.0
2024-03-01 12:01:00,KTRA,0.09679999947547913,0.09679999947547913,0.09679999947547913,0.09679999947547913,0.09679999947547913,255.0
2024-03-01 12:01:00,KYMR,43.88999938964844,43.88999938964844,43.88999938964844,43.88999938964844,43.88999938964844,103.0
2024-03-01 12:01:00,KZR,1.090000033378601,1.090000033378601,1.090000033378601,1.0722999572753906,1.0813000202178955,680.0
2024-03-01 12:01:00,LEGN,65.6500015258789,65.6500015258789,65.6500015258789,65.6500015258789,65.6500015258789,600.0
2024-03-01 12:01:00,LEXX,2.7100000381469727,2.7100000381469727,2.7100000381469727,2.7011001110076904,2.7011001110076904,2196.0
2024-03-01 12:01:00,LFST,7.985000133514404,7.985000133514404,7.985000133514404,7.985000133514404,7.985000133514404,1052.0
2024-03-01 12:01:00,LGVN,0.5458999872207642,0.5458999872207642,0.5458999872207642,0.5458999872207642,0.5458999872207642,100.0
2024-03-01 12:01:00,LIAN,4.860000133514404,4.860000133514404,4.861999988555908,4.860000133514404,4.861999988555908,1636.0
2024-03-01 12:01:00,LIVN,55.439998626708984,55.439998626708984,55.439998626708984,55.439998626708984,55.439998626708984,134.0
2024-03-01 12:01:00,LMAT,67.37000274658203,67.37000274658203,67.37000274658203,67.37000274658203,67.37000274658203,437.0
2024-03-01 12:01:00,LNTH,65.30000305175781,65.30000305175781,65.31999969482422,65.30000305175781,65.31999969482422,472.0
2024-03-01 12:01:00,LQDA,14.234999656677246,14.234999656677246,14.239999771118164,14.234999656677246,14.234999656677246,530.0
2024-03-01 12:01:00,LUNG,9.1899995803833,9.1899995803833,9.1899995803833,9.1899995803833,9.1899995803833,308.0
2024-03-01 12:01:00,LVTX,3.140000104904175,3.140000104904175,3.190000057220459,3.130000114440918,3.1705000400543213,1605.0
2024-03-01 12:01:00,LXRX,2.434999942779541,2.434999942779541,2.440000057220459,2.424999952316284,2.430000066757202,7544.0
2024-03-01 12:01:00,LYRA,5.599999904632568,5.599999904632568,5.599999904632568,5.599999904632568,5.599999904632568,100.0
2024-03-01 12:01:00,MCRB,1.1900999546051025,1.1900999546051025,1.1900999546051025,1.190000057220459,1.190000057220459,4300.0
2024-03-01 12:01:00,MDGL,245.47999572753906,245.47999572753906,245.89999389648438,244.5,244.85000610351562,8111.0
2024-03-01 12:01:00,MDRX,6.079999923706055,6.079999923706055,6.099999904632568,6.079999923706055,6.099999904632568,8372.0
2024-03-01 12:01:00,MDXG,8.539999961853027,8.539999961853027,8.545000076293945,8.539999961853027,8.539999961853027,1487.0
2024-03-01 12:01:00,ME,0.5654000043869019,0.5654000043869019,0.5654000043869019,0.5652999877929688,0.5652999877929688,1429.0
2024-03-01 12:01:00,MEDP,400.93499755859375,400.93499755859375,400.94000244140625,400.93499755859375,400.94000244140625,919.0
2024-03-01 12:01:00,MGNX,18.979999542236328,18.979999542236328,18.979999542236328,18.950000762939453,18.950000762939453,2820.0
2024-03-01 12:01:00,MGTX,6.320000171661377,6.320000171661377,6.320000171661377,6.303999900817871,6.303999900817871,754.0
2024-03-01 12:01:00,MIRM,29.954999923706055,29.954999923706055,29.954999923706055,29.954999923706055,29.954999923706055,157.0
2024-03-01 12:01:00,MIST,1.684999942779541,1.684999942779541,1.684999942779541,1.684999942779541,1.684999942779541,1000.0
2024-03-01 12:01:00,MLTX,51.939998626708984,51.939998626708984,51.959999084472656,51.790000915527344,51.790000915527344,4288.0
2024-03-01 12:01:00,MMSI,76.50499725341797,76.50499725341797,76.50499725341797,76.50499725341797,76.50499725341797,112.0
2024-03-01 12:01:00,MNKD,4.559899806976318,4.559899806976318,4.559899806976318,4.550000190734863,4.550000190734863,482.0
2024-03-01 12:01:00,MNMD,6.150000095367432,6.150000095367432,6.150000095367432,6.13129997253418,6.13129997253418,1864.0
2024-03-01 12:01:00,MNPR,0.8299999833106995,0.8299999833106995,0.8299999833106995,0.8299999833106995,0.8299999833106995,250.0
2024-03-01 12:01:00,MORF,38.790000915527344,38.790000915527344,38.790000915527344,38.790000915527344,38.790000915527344,875.0
2024-03-01 12:01:00,MOVE,0.5881999731063843,0.5881999731063843,0.5881999731063843,0.5881999731063843,0.5881999731063843,101.0
2024-03-01 12:01:00,MREO,3.8550000190734863,3.8550000190734863,3.8598999977111816,3.8550000190734863,3.8598999977111816,370.0
2024-03-01 12:01:00,MRNA,96.12000274658203,96.12000274658203,96.16000366210938,96.0863037109375,96.13500213623047,3767.0
2024-03-01 12:01:00,MRNS,9.90999984741211,9.90999984741211,9.90999984741211,9.90999984741211,9.90999984741211,388.0
2024-03-01 12:01:00,MRSN,5.960000038146973,5.960000038146973,5.965000152587891,5.925000190734863,5.925000190734863,5772.0
2024-03-01 12:01:00,MRUS,51.78499984741211,51.78499984741211,51.790000915527344,51.709999084472656,51.790000915527344,1826.0
2024-03-01 12:01:00,MRVI,7.809999942779541,7.809999942779541,7.809999942779541,7.809999942779541,7.809999942779541,949.0
2024-03-01 12:01:00,MXCT,4.724999904632568,4.724999904632568,4.724999904632568,4.724999904632568,4.724999904632568,305.0
2024-03-01 12:01:00,NARI,46.060001373291016,46.060001373291016,46.06999969482422,46.040000915527344,46.06999969482422,1210.0
2024-03-01 12:01:00,NBIX,131.47000122070312,131.47000122070312,131.52999877929688,131.4550018310547,131.4550018310547,1676.0
2024-03-01 12:01:00,NEO,15.994999885559082,15.994999885559082,15.994999885559082,15.979999542236328,15.979999542236328,462.0
2024-03-01 12:01:00,NEOG,17.30500030517578,17.30500030517578,17.309999465942383,17.295000076293945,17.299999237060547,5527.0
2024-03-01 12:01:00,NEPT,0.44999998807907104,0.44999998807907104,0.44999998807907104,0.44999998807907104,0.44999998807907104,1453.0
2024-03-01 12:01:00,NKTR,0.7689999938011169,0.7689999938011169,0.7699000239372253,0.7689999938011169,0.76944899559021,1382.0
2024-03-01 12:01:00,NKTX,12.749899864196777,12.749899864196777,12.749899864196777,12.6899995803833,12.6899995803833,481.0
2024-03-01 12:01:00,NNOX,11.140000343322754,11.140000343322754,11.145000457763672,11.140000343322754,11.140000343322754,3505.0
2024-03-01 12:01:00,NOTV,8.108200073242188,8.108200073242188,8.108200073242188,8.09000015258789,8.09000015258789,1247.0
2024-03-01 12:01:00,NRBO,5.839099884033203,5.839099884033203,5.839099884033203,5.839099884033203,5.839099884033203,320.0
2024-03-01 12:01:00,NRIX,13.244999885559082,13.244999885559082,13.260000228881836,13.244999885559082,13.260000228881836,499.0
2024-03-01 12:01:00,NRXP,0.4009999930858612,0.4009999930858612,0.4009999930858612,0.4009999930858612,0.4009999930858612,254.0
2024-03-01 12:01:00,NTLA,33.359901428222656,33.359901428222656,33.359901428222656,33.310001373291016,33.310001373291016,935.0
2024-03-01 12:01:00,NTRA,88.79000091552734,88.79000091552734,88.79000091552734,88.79000091552734,88.79000091552734,409.0
2024-03-01 12:01:00,NURO,4.025000095367432,4.025000095367432,4.03000020980835,4.025000095367432,4.0289998054504395,1697.0
2024-03-01 12:01:00,NUTX,0.11460000276565552,0.11460000276565552,0.11460000276565552,0.11460000276565552,0.11460000276565552,269.0
2024-03-01 12:01:00,NVAX,5.105000019073486,5.105000019073486,5.105000019073486,5.09499979019165,5.099999904632568,5836.0
2024-03-01 12:01:00,NVCR,15.789999961853027,15.789999961853027,15.800000190734863,15.779999732971191,15.789999961853027,1864.0
2024-03-01 12:01:00,NXTC,1.7949999570846558,1.7949999570846558,1.7949999570846558,1.7949999570846558,1.7949999570846558,220.0
2024-03-01 12:01:00,OCGN,0.9474999904632568,0.9474999904632568,0.9484999775886536,0.9470000267028809,0.9484999775886536,9577.0
2024-03-01 12:01:00,OCUL,10.673999786376953,10.673999786376953,10.673999786376953,10.673999786376953,10.673999786376953,150.0
2024-03-01 12:01:00,OCUP,2.4800000190734863,2.4800000190734863,2.4800000190734863,2.4800000190734863,2.4800000190734863,100.0
2024-03-01 12:01:00,OGI,2.1600000858306885,2.1600000858306885,2.1600000858306885,2.140000104904175,2.140000104904175,24429.0
2024-03-01 12:01:00,OLK,22.639999389648438,22.639999389648438,22.639999389648438,22.639999389648438,22.639999389648438,514.0
2024-03-01 12:01:00,OLMA,13.600000381469727,13.600000381469727,13.609999656677246,13.562700271606445,13.609999656677246,4121.0
2024-03-01 12:01:00,OM,3.140000104904175,3.140000104904175,3.140000104904175,3.140000104904175,3.140000104904175,1075.0
2024-03-01 12:01:00,OMGA,4.239999771118164,4.239999771118164,4.239999771118164,4.239999771118164,4.239999771118164,206.0
2024-03-01 12:01:00,OMIC,0.5950999855995178,0.5950999855995178,0.5950999855995178,0.5939000248908997,0.5939000248908997,252.0
2024-03-01 12:01:00,ONCT,10.130000114440918,10.130000114440918,10.130000114440918,10.130000114440918,10.130000114440918,144.0
2024-03-01 12:02:00,ABCL,5.215000152587891,5.215000152587891,5.215000152587891,5.199999809265137,5.199999809265137,4317.0
2024-03-01 12:02:00,ABOS,4.699999809265137,4.699999809265137,4.699999809265137,4.690000057220459,4.690000057220459,563.0
2024-03-01 12:02:00,ABSI,5.239999771118164,5.239999771118164,5.239999771118164,5.224999904632568,5.230000019073486,4589.0
2024-03-01 12:02:00,ABUS,2.7799999713897705,2.7799999713897705,2.7799999713897705,2.7799999713897705,2.7799999713897705,879.0
2024-03-01 12:02:00,ACAD,23.829999923706055,23.829999923706055,23.829999923706055,23.790000915527344,23.790000915527344,2040.0
2024-03-01 12:02:00,ACB,3.150099992752075,3.150099992752075,3.1507999897003174,3.1500000953674316,3.1500000953674316,4759.0
2024-03-01 12:02:00,ACCD,10.220000267028809,10.220000267028809,10.220000267028809,10.220000267028809,10.220000267028809,1010.0
2024-03-01 12:02:00,ACET,2.4000000953674316,2.4000000953674316,2.4000000953674316,2.390000104904175,2.3949999809265137,833.0
2024-03-01 12:02:00,ACHC,83.97000122070312,83.97000122070312,83.98999786376953,83.97000122070312,83.98999786376953,1197.0
2024-03-01 12:02:00,ACHL,1.350000023841858,1.350000023841858,1.350000023841858,1.3499000072479248,1.350000023841858,700.0
2024-03-01 12:02:00,ACLX,67.44000244140625,67.44000244140625,67.44000244140625,67.43499755859375,67.43499755859375,1043.0
2024-03-01 12:02:00,ACON,0.38749900460243225,0.38749900460243225,0.38749900460243225,0.38749900460243225,0.38749900460243225,500.0
2024-03-01 12:02:00,ADIL,3.1649999618530273,3.1649999618530273,3.180000066757202,3.140000104904175,3.1600000858306885,33985.0
2024-03-01 12:02:00,ADMA,5.375,5.375,5.375,5.369999885559082,5.375,1862.0
2024-03-01 12:02:00,ADPT,4.15500020980835,4.15500020980835,4.164999961853027,4.15500020980835,4.164999961853027,2027.0
2024-03-01 12:02:00,ADVM,1.9600000381469727,1.9600000381469727,1.9600000381469727,1.9600000381469727,1.9600000381469727,3893.0
2024-03-01 12:02:00,AEMD,1.7400000095367432,1.7400000095367432,1.7400000095367432,1.7400000095367432,1.7400000095367432,195.0
2024-03-01 12:02:00,AEZS,1.909999966621399,1.909999966621399,1.909999966621399,1.909999966621399,1.909999966621399,258.0
2024-03-01 12:02:00,AGEN,0.6743500232696533,0.6743500232696533,0.6743999719619751,0.6740000247955322,0.6743000149726868,36825.0
2024-03-01 12:02:00,AGIO,32.8849983215332,32.8849983215332,32.8849983215332,32.83000183105469,32.83000183105469,852.0
2024-03-01 12:02:00,AHCO,10.760000228881836,10.760000228881836,10.760000228881836,10.75,10.75,1044.0
2024-03-01 12:02:00,AIRS,6.440000057220459,6.440000057220459,6.440000057220459,6.440000057220459,6.440000057220459,205.0
2024-03-01 12:02:00,AKBA,1.6735999584197998,1.6735999584197998,1.6799999475479126,1.6735999584197998,1.6799999475479126,1725.0
2024-03-01 12:02:00,AKLI,0.33605098724365234,0.33605098724365234,0.33605098724365234,0.33605098724365234,0.33605098724365234,852.0
2024-03-01 12:02:00,AKRO,29.7450008392334,29.7450008392334,29.7450008392334,29.559999465942383,29.559999465942383,2736.0
2024-03-01 12:02:00,AKYA,6.070000171661377,6.070000171661377,6.070000171661377,6.070000171661377,6.070000171661377,107.0
2024-03-01 12:02:00,ALDX,4.105000019073486,4.105000019073486,4.105000019073486,4.09499979019165,4.09499979019165,9058.0
2024-03-01 12:02:00,ALEC,7.420000076293945,7.420000076293945,7.420000076293945,7.420000076293945,7.420000076293945,1436.0
2024-03-01 12:02:00,ALGS,1.0800000429153442,1.0800000429153442,1.0800000429153442,1.0800000429153442,1.0800000429153442,200.0
2024-03-01 12:02:00,ALHC,5.769999980926514,5.769999980926514,5.769999980926514,5.75,5.75,5910.0
2024-03-01 12:02:00,ALKS,30.235000610351562,30.235000610351562,30.235000610351562,30.209999084472656,30.209999084472656,2345.0
2024-03-01 12:02:00,ALLK,1.600000023841858,1.600000023841858,1.600000023841858,1.5950000286102295,1.5950000286102295,734.0
2024-03-01 12:02:00,ALLO,5.041200160980225,5.041200160980225,5.041200160980225,5.03000020980835,5.03000020980835,3054.0
2024-03-01 12:02:00,ALLR,0.4124999940395355,0.4124999940395355,0.4124999940395355,0.4124999940395355,0.4124999940395355,100.0
2024-03-01 12:02:00,ALNY,153.64999389648438,153.64999389648438,153.64999389648438,153.58999633789062,153.58999633789062,1530.0
2024-03-01 12:02:00,ALPN,35.834999084472656,35.834999084472656,35.91999816894531,35.75,35.75,4361.0
2024-03-01 12:02:00,ALT,12.029899597167969,12.029899597167969,12.039899826049805,11.994999885559082,12.039899826049805,6399.0
2024-03-01 12:02:00,ALVO,15.640000343322754,15.640000343322754,15.640000343322754,15.630000114440918,15.630000114440918,655.0
2024-03-01 12:02:00,ALVR,0.7519999742507935,0.7519999742507935,0.7519999742507935,0.7519999742507935,0.7519999742507935,170.0
2024-03-01 12:02:00,AMED,93.0,93.0,93.02999877929688,93.0,93.0,2141.0
2024-03-01 12:02:00,AMGN,281.82989501953125,281.82989501953125,281.8999938964844,281.7300109863281,281.7650146484375,12133.0
2024-03-01 12:02:00,AMLX,18.84000015258789,18.84000015258789,18.844999313354492,18.79800033569336,18.79800033569336,2659.0
2024-03-01 12:02:00,AMPH,45.43000030517578,45.43000030517578,45.52629852294922,45.40010070800781,45.459999084472656,4425.0
2024-03-01 12:02:00,AMRN,1.0499999523162842,1.0499999523162842,1.0549999475479126,1.0499999523162842,1.0549999475479126,410.0
2024-03-01 12:02:00,ANAB,25.520000457763672,25.520000457763672,25.520000457763672,25.520000457763672,25.520000457763672,100.0
2024-03-01 12:02:00,ANGO,5.5,5.5,5.505000114440918,5.5,5.505000114440918,2392.0
2024-03-01 12:02:00,ANIK,24.75,24.75,24.75,24.690000534057617,24.69099998474121,1535.0
2024-03-01 12:02:00,ANNX,5.889999866485596,5.889999866485596,5.889999866485596,5.889999866485596,5.889999866485596,3187.0
2024-03-01 12:02:00,ANTX,2.992000102996826,2.992000102996826,2.9934000968933105,2.992000102996826,2.9934000968933105,547.0
2024-03-01 12:02:00,APLS,65.1500015258789,65.1500015258789,65.23999786376953,65.05000305175781,65.05000305175781,1128.0
2024-03-01 12:02:00,APLT,7.130000114440918,7.130000114440918,7.130000114440918,7.114999771118164,7.114999771118164,363.0
2024-03-01 12:02:00,AQST,4.349999904632568,4.349999904632568,4.3597002029418945,4.34089994430542,4.348999977111816,1979.0
2024-03-01 12:02:00,ARAY,2.630000114440918,2.630000114440918,2.630000114440918,2.630000114440918,2.630000114440918,164.0
2024-03-01 12:02:00,ARCT,39.64500045776367,39.64500045776367,39.70000076293945,39.64500045776367,39.70000076293945,665.0
2024-03-01 12:02:00,ARDX,9.654999732971191,9.654999732971191,9.654999732971191,9.645000457763672,9.645000457763672,2641.0
2024-03-01 12:02:00,ARGX,389.2650146484375,389.2650146484375,389.2650146484375,389.2650146484375,389.2650146484375,340.0
2024-03-01 12:02:00,ARQT,11.529999732971191,11.529999732971191,11.529999732971191,11.513500213623047,11.513500213623047,3763.0
2024-03-01 12:02:00,ARTL,1.5099999904632568,1.5099999904632568,1.5099999904632568,1.5099999904632568,1.5099999904632568,100.0
2024-03-01 12:02:00,ARVN,48.880001068115234,48.880001068115234,48.900001525878906,48.625,48.625,3978.0
2024-03-01 12:02:00,ARWR,35.2400016784668,35.2400016784668,35.32500076293945,35.064998626708984,35.064998626708984,8074.0
2024-03-01 12:02:00,ASLN,0.800000011920929,0.800000011920929,0.800000011920929,0.800000011920929,0.800000011920929,2000.0
2024-03-01 12:02:00,ASND,150.58999633789062,150.58999633789062,150.59500122070312,150.34500122070312,150.5,1080.0
2024-03-01 12:02:00,ASRT,0.9121000170707703,0.9121000170707703,0.9121000170707703,0.9121000170707703,0.9121000170707703,263.0
2024-03-01 12:02:00,ATAI,2.0899999141693115,2.0899999141693115,2.0899999141693115,2.080699920654297,2.089200019836426,11067.0
2024-03-01 12:02:00,ATEC,13.614999771118164,13.614999771118164,13.614999771118164,13.600000381469727,13.600000381469727,1917.0
2024-03-01 12:02:00,ATHA,3.9549999237060547,3.9549999237060547,3.9600000381469727,3.9549999237060547,3.9549999237060547,1105.0
2024-03-01 12:02:00,ATRA,0.789900004863739,0.789900004863739,0.7949000000953674,0.7850000262260437,0.7900000214576721,6011.0
2024-03-01 12:02:00,ATRC,35.880001068115234,35.880001068115234,35.880001068115234,35.880001068115234,35.880001068115234,313.0
2024-03-01 12:02:00,ATXI,0.15209999680519104,0.15209999680519104,0.15209999680519104,0.15209999680519104,0.15209999680519104,1014.0
2024-03-01 12:02:00,AUGX,4.614999771118164,4.614999771118164,4.629000186920166,4.614999771118164,4.629000186920166,476.0
2024-03-01 12:02:00,AUPH,5.789999961853027,5.789999961853027,5.800000190734863,5.789999961853027,5.795000076293945,1160.0
2024-03-01 12:02:00,AUTL,6.260000228881836,6.260000228881836,6.260000228881836,6.260000228881836,6.260000228881836,644.0
2024-03-01 12:02:00,AVDL,12.904999732971191,12.904999732971191,13.0,12.800000190734863,12.800000190734863,51859.0
2024-03-01 12:02:00,AVIR,4.519999980926514,4.519999980926514,4.519999980926514,4.519999980926514,4.519999980926514,105.0
2024-03-01 12:02:00,AVRO,1.3300000429153442,1.3300000429153442,1.3300000429153442,1.3300000429153442,1.3300000429153442,530.0
2024-03-01 12:02:00,AVTE,23.53499984741211,23.53499984741211,23.53499984741211,23.53499984741211,23.53499984741211,480.0
2024-03-01 12:02:00,AVTX,4.547800064086914,4.547800064086914,4.547800064086914,4.547800064086914,4.547800064086914,760.0
2024-03-01 12:02:00,AVXL,5.324999809265137,5.324999809265137,5.324999809265137,5.320000171661377,5.320000171661377,5151.0
2024-03-01 12:02:00,AXNX,67.30000305175781,67.30000305175781,67.30000305175781,67.30000305175781,67.30000305175781,3695.0
2024-03-01 12:02:00,AXSM,81.73500061035156,81.73500061035156,81.94999694824219,81.73500061035156,81.88999938964844,8678.0
2024-03-01 12:02:00,AZN,64.63999938964844,64.63999938964844,64.63999938964844,64.5999984741211,64.5999984741211,4063.0
2024-03-01 12:02:00,BBIO,35.92499923706055,35.92499923706055,35.92499923706055,35.92499923706055,35.92499923706055,259.0
2024-03-01 12:02:00,BBLG,2.299999952316284,2.299999952316284,2.351599931716919,2.299999952316284,2.351599931716919,200.0
2024-03-01 12:02:00,BCAB,2.740000009536743,2.740000009536743,2.744999885559082,2.740000009536743,2.744999885559082,596.0
2024-03-01 12:02:00,BCDA,0.5699999928474426,0.5699999928474426,0.5699999928474426,0.5692999958992004,0.5692999958992004,2027.0
2024-03-01 12:02:00,BCRX,5.764999866485596,5.764999866485596,5.764999866485596,5.755000114440918,5.755000114440918,13771.0
2024-03-01 12:02:00,BDSX,1.6200000047683716,1.6200000047683716,1.6200000047683716,1.6002999544143677,1.6002999544143677,947.0
2024-03-01 12:02:00,BDTX,5.019999980926514,5.019999980926514,5.019999980926514,4.985000133514404,4.985000133514404,2014.0
2024-03-01 12:02:00,BEAM,40.025001525878906,40.025001525878906,40.025001525878906,39.9900016784668,39.9900016784668,1690.0
2024-03-01 12:02:00,BGXX,0.26840001344680786,0.26840001344680786,0.26840001344680786,0.26840001344680786,0.26840001344680786,388.0
2024-03-01 12:02:00,BIIB,219.91000366210938,219.91000366210938,219.91000366210938,219.77000427246094,219.77000427246094,1328.0
2024-03-01 12:02:00,BIOL,0.1370999962091446,0.1370999962091446,0.13740000128746033,0.1370999962091446,0.13740000128746033,11128.0
2024-03-01 12:02:00,BIVI,2.0188000202178955,2.0188000202178955,2.0799999237060547,2.009999990463257,2.0799999237060547,204379.0
2024-03-01 12:02:00,BLFS,18.174999237060547,18.174999237060547,18.174999237060547,18.174999237060547,18.174999237060547,380.0
2024-03-01 12:02:00,BLUE,1.5532000064849854,1.5532000064849854,1.5549999475479126,1.5499999523162842,1.551900029182434,11392.0
2024-03-01 12:02:00,BMEA,17.8700008392334,17.8700008392334,17.8700008392334,17.8700008392334,17.8700008392334,608.0
2024-03-01 12:02:00,BMRN,86.93299865722656,86.93299865722656,86.94999694824219,86.90499877929688,86.90499877929688,2601.0
2024-03-01 12:02:00,BNGO,1.2450000047683716,1.2450000047683716,1.2496999502182007,1.2450000047683716,1.2450000047683716,2874.0
2024-03-01 12:02:00,BNR,0.8458499908447266,0.8458499908447266,0.8458499908447266,0.8458499908447266,0.8458499908447266,100.0
2024-03-01 12:02:00,BNTX,91.67500305175781,91.67500305175781,91.69000244140625,91.61000061035156,91.61000061035156,1409.0
2024-03-01 12:02:00,BOLT,1.1799999475479126,1.1799999475479126,1.1799999475479126,1.1799999475479126,1.1799999475479126,100.0
2024-03-01 12:02:00,BPMC,97.37999725341797,97.37999725341797,97.37999725341797,97.37999725341797,97.37999725341797,497.0
2024-03-01 12:02:00,BRKR,87.86000061035156,87.86000061035156,87.86000061035156,87.8499984741211,87.8499984741211,1135.0
2024-03-01 12:02:00,BTAI,3.2300000190734863,3.2300000190734863,3.2300000190734863,3.2300000190734863,3.2300000190734863,122.0
2024-03-01 12:02:00,BTCY,0.949999988079071,0.949999988079071,0.949999988079071,0.9498999714851379,0.9498999714851379,4787.0
2024-03-01 12:02:00,BWAY,6.505000114440918,6.505000114440918,6.550000190734863,6.505000114440918,6.53000020980835,6534.0
2024-03-01 12:02:00,CABA,24.06999969482422,24.06999969482422,24.06999969482422,24.059999465942383,24.059999465942383,849.0
2024-03-01 12:02:00,CARA,0.8883000016212463,0.8883000016212463,0.9135000109672546,0.8883000016212463,0.9135000109672546,1754.0
2024-03-01 12:02:00,CBAY,32.244998931884766,32.244998931884766,32.25,32.244998931884766,32.25,570.0
2024-03-01 12:02:00,CCCC,10.920000076293945,10.920000076293945,10.930000305175781,10.869999885559082,10.869999885559082,3947.0
2024-03-01 12:02:00,CDMO,8.109999656677246,8.109999656677246,8.109999656677246,8.109999656677246,8.109999656677246,791.0
2024-03-01 12:02:00,CDNA,12.414999961853027,12.414999961853027,12.420000076293945,12.390000343322754,12.390000343322754,2364.0
2024-03-01 12:02:00,CDXS,4.535299777984619,4.535299777984619,4.539999961853027,4.505000114440918,4.505000114440918,3969.0
2024-03-01 12:02:00,CERE,41.1150016784668,41.1150016784668,41.1150016784668,41.099998474121094,41.10499954223633,2190.0
2024-03-01 12:02:00,CERS,2.200000047683716,2.200000047683716,2.200000047683716,2.194999933242798,2.194999933242798,1363.0
2024-03-01 12:02:00,CERT,17.700000762939453,17.700000762939453,17.711999893188477,17.700000762939453,17.709999084472656,2153.0
2024-03-01 12:02:00,CGC,3.265000104904175,3.265000104904175,3.2699999809265137,3.259999990463257,3.265000104904175,1006.0
2024-03-01 12:02:00,CGEM,18.954999923706055,18.954999923706055,18.954999923706055,18.850000381469727,18.850000381469727,3118.0
2024-03-01 12:02:00,CGEN,2.680000066757202,2.680000066757202,2.680000066757202,2.680000066757202,2.680000066757202,2000.0
2024-03-01 12:02:00,CGTX,2.069999933242798,2.069999933242798,2.069999933242798,2.069999933242798,2.069999933242798,776.0
2024-03-01 12:02:00,CHRS,2.3450000286102295,2.3450000286102295,2.3450000286102295,2.3450000286102295,2.3450000286102295,1060.0
2024-03-01 12:02:00,CING,1.3550000190734863,1.3550000190734863,1.3550000190734863,1.3550000190734863,1.3550000190734863,142.0
2024-03-01 12:02:00,CLDX,52.099998474121094,52.099998474121094,52.10499954223633,52.09000015258789,52.09000015258789,1197.0
2024-03-01 12:02:00,CLNN,0.3833000063896179,0.3833000063896179,0.3833000063896179,0.3833000063896179,0.3833000063896179,304.0
2024-03-01 12:02:00,CLOV,0.8654999732971191,0.8654999732971191,0.8655999898910522,0.864300012588501,0.864300012588501,23362.0
2024-03-01 12:02:00,CMPS,11.5,11.5,11.5,11.395000457763672,11.395000457763672,7214.0
2024-03-01 12:02:00,CMRX,1.1349999904632568,1.1349999904632568,1.1349999904632568,1.1349999904632568,1.1349999904632568,200.0
2024-03-01 12:02:00,CNSP,0.3199000060558319,0.3199000060558319,0.3199999928474426,0.31610000133514404,0.3199999928474426,4664.0
2024-03-01 12:02:00,COGT,7.190000057220459,7.190000057220459,7.190000057220459,7.170000076293945,7.170000076293945,12557.0
2024-03-01 12:02:00,COLL,36.97999954223633,36.97999954223633,36.97999954223633,36.93000030517578,36.93000030517578,2270.0
2024-03-01 12:02:00,CORT,23.7549991607666,23.7549991607666,23.767499923706055,23.7549991607666,23.767499923706055,1043.0
2024-03-01 12:02:00,CPRX,17.18000030517578,17.18000030517578,17.18000030517578,17.125,17.1299991607666,8027.0
2024-03-01 12:02:00,CPSI,9.444999694824219,9.444999694824219,9.444999694824219,9.420000076293945,9.430000305175781,2213.0
2024-03-01 12:02:00,CRBP,32.17499923706055,32.17499923706055,32.17499923706055,31.959999084472656,31.989999771118164,2862.0
2024-03-01 12:02:00,CRBU,7.994999885559082,7.994999885559082,7.994999885559082,7.989999771118164,7.989999771118164,3418.0
2024-03-01 12:02:00,CRDF,2.330199956893921,2.330199956893921,2.3499999046325684,2.3236000537872314,2.3399999141693115,31545.0
2024-03-01 12:02:00,CRMD,3.7100000381469727,3.7100000381469727,3.7100000381469727,3.7100000381469727,3.7100000381469727,211.0
2024-03-01 12:02:00,CRNX,45.869998931884766,45.869998931884766,45.869998931884766,45.70000076293945,45.70000076293945,1404.0
2024-03-01 12:02:00,CRON,2.053999900817871,2.053999900817871,2.059999942779541,2.053999900817871,2.059999942779541,760.0
2024-03-01 12:02:00,CRSP,85.30000305175781,85.30000305175781,85.30000305175781,85.1449966430664,85.1449966430664,1340.0
2024-03-01 12:02:00,CTKB,8.510000228881836,8.510000228881836,8.520000457763672,8.494999885559082,8.494999885559082,2696.0
2024-03-01 12:02:00,CTMX,2.6298999786376953,2.6298999786376953,2.6298999786376953,2.615000009536743,2.615000009536743,2351.0
2024-03-01 12:02:00,CTSO,0.949999988079071,0.949999988079071,0.949999988079071,0.949999988079071,0.949999988079071,100.0
2024-03-01 12:02:00,CTXR,0.7710999846458435,0.7710999846458435,0.7710999846458435,0.7710999846458435,0.7710999846458435,736.0
2024-03-01 12:02:00,CUE,2.174999952316284,2.174999952316284,2.174999952316284,2.174999952316284,2.174999952316284,213.0
2024-03-01 12:02:00,CUTR,2.4100000858306885,2.4100000858306885,2.4100000858306885,2.4100000858306885,2.4100000858306885,465.0
2024-03-01 12:02:00,CVAC,3.4700000286102295,3.4700000286102295,3.4700000286102295,3.4649999141693115,3.4649999141693115,2206.0
2024-03-01 12:02:00,CYTK,73.81999969482422,73.81999969482422,73.82499694824219,73.7699966430664,73.7699966430664,541.0
2024-03-01 12:02:00,CYTO,2.1600000858306885,2.1600000858306885,2.1700000762939453,2.1500000953674316,2.1700000762939453,315.0
2024-03-01 12:02:00,DARE,0.5631999969482422,0.5631999969482422,0.5631999969482422,0.5631999969482422,0.5631999969482422,120.0
2024-03-01 12:02:00,DAWN,17.440000534057617,17.440000534057617,17.440000534057617,17.43000030517578,17.43000030517578,1030.0
2024-03-01 12:02:00,DCGO,4.135000228881836,4.135000228881836,4.135000228881836,4.130000114440918,4.135000228881836,432.0
2024-03-01 12:02:00,DCPH,17.56999969482422,17.56999969482422,17.56999969482422,17.524999618530273,17.530000686645508,1411.0
2024-03-01 12:02:00,DH,9.0,9.0,9.0,8.987500190734863,8.987500190734863,208.0
2024-03-01 12:02:00,DMTK,0.848800003528595,0.848800003528595,0.8499000072479248,0.8487499952316284,0.8499000072479248,6277.0
2024-03-01 12:02:00,DNLI,20.78499984741211,20.78499984741211,20.78499984741211,20.739999771118164,20.739999771118164,2448.0
2024-03-01 12:02:00,DSGN,2.8949999809265137,2.8949999809265137,2.8949999809265137,2.8949999809265137,2.8949999809265137,126.0
2024-03-01 12:02:00,DTIL,12.071499824523926,12.071499824523926,12.179900169372559,11.899999618530273,11.899999618530273,5288.0
2024-03-01 12:02:00,DVAX,12.854999542236328,12.854999542236328,12.859999656677246,12.854999542236328,12.854999542236328,3496.0
2024-03-01 12:02:00,DXCM,120.33999633789062,120.33999633789062,120.36000061035156,120.16000366210938,120.19999694824219,8432.0
2024-03-01 12:02:00,DYN,29.094999313354492,29.094999313354492,29.100000381469727,29.020000457763672,29.020000457763672,2492.0
2024-03-01 12:02:00,ECOR,6.987400054931641,6.987400054931641,6.987400054931641,6.987400054931641,6.987400054931641,397.0
2024-03-01 12:02:00,EDIT,10.880000114440918,10.880000114440918,10.890000343322754,10.830100059509277,10.830100059509277,2843.0
2024-03-01 12:02:00,EFTR,14.819999694824219,14.819999694824219,15.00409984588623,14.819999694824219,15.00409984588623,700.0
2024-03-01 12:02:00,ELDN,1.830299973487854,1.830299973487854,1.830299973487854,1.830299973487854,1.830299973487854,101.0
2024-03-01 12:02:00,ELEV,4.849999904632568,4.849999904632568,4.849999904632568,4.820000171661377,4.849999904632568,532.0
2024-03-01 12:02:00,ENTA,15.220000267028809,15.220000267028809,15.220000267028809,15.220000267028809,15.220000267028809,135.0
2024-03-01 12:02:00,ENTX,1.4198999404907227,1.4198999404907227,1.4198999404907227,1.4198999404907227,1.4198999404907227,296.0
2024-03-01 12:02:00,ENVB,1.5843000411987305,1.5843000411987305,1.600000023841858,1.5499999523162842,1.600000023841858,42850.0
2024-03-01 12:02:00,EPIX,9.875,9.875,9.885000228881836,9.755000114440918,9.789999961853027,4128.0
2024-03-01 12:02:00,ERAS,2.509999990463257,2.509999990463257,2.509999990463257,2.505000114440918,2.505000114440918,3499.0
2024-03-01 12:02:00,ESPR,2.5299999713897705,2.5299999713897705,2.5299999713897705,2.5299999713897705,2.5299999713897705,4888.0
2024-03-01 12:02:00,ESTA,45.564998626708984,45.564998626708984,45.564998626708984,45.564998626708984,45.564998626708984,132.0
2024-03-01 12:02:00,ETNB,12.989999771118164,12.989999771118164,12.989999771118164,12.949999809265137,12.960000038146973,4558.0
2024-03-01 12:02:00,EWTX,17.030000686645508,17.030000686645508,17.030000686645508,17.030000686645508,17.030000686645508,222.0
2024-03-01 12:02:00,EXAI,6.800000190734863,6.800000190734863,6.800000190734863,6.800000190734863,6.800000190734863,653.0
2024-03-01 12:02:00,EXAS,59.529998779296875,59.529998779296875,59.54999923706055,59.48460006713867,59.48460006713867,2417.0
2024-03-01 12:02:00,EXEL,22.5049991607666,22.5049991607666,22.5049991607666,22.489999771118164,22.489999771118164,3093.0
2024-03-01 12:02:00,EYEN,2.2699999809265137,2.2699999809265137,2.2699999809265137,2.2699999809265137,2.2699999809265137,160.0
2024-03-01 12:02:00,EYPT,28.075000762939453,28.075000762939453,28.075000762939453,28.075000762939453,28.075000762939453,527.0
2024-03-01 12:02:00,FATE,7.425000190734863,7.425000190734863,7.425000190734863,7.40500020980835,7.409999847412109,1015.0
2024-03-01 12:02:00,FDMT,29.09000015258789,29.09000015258789,29.09000015258789,29.045000076293945,29.045000076293945,1592.0
2024-03-01 12:02:00,FEMY,1.7400000095367432,1.7400000095367432,1.7400000095367432,1.7400000095367432,1.7400000095367432,264.0
2024-03-01 12:02:00,FGEN,1.840000033378601,1.840000033378601,1.840000033378601,1.8300000429153442,1.8300000429153442,2211.0
2024-03-01 12:02:00,FHTX,8.0,8.0,8.0,8.0,8.0,197.0
2024-03-01 12:02:00,FOLD,13.274999618530273,13.274999618530273,13.274999618530273,13.255000114440918,13.260000228881836,4758.0
2024-03-01 12:02:00,FULC,10.84000015258789,10.84000015258789,10.84000015258789,10.770000457763672,10.8100004196167,5188.0
2024-03-01 12:02:00,FUSN,12.40999984741211,12.40999984741211,12.40999984741211,12.369999885559082,12.369999885559082,2777.0
2024-03-01 12:02:00,GANX,4.650000095367432,4.650000095367432,4.650000095367432,4.650000095367432,4.650000095367432,100.0
2024-03-01 12:02:00,GBIO,2.619999885559082,2.619999885559082,2.619999885559082,2.609999895095825,2.609999895095825,1921.0
2024-03-01 12:02:00,GDRX,8.29990005493164,8.29990005493164,8.300000190734863,8.295000076293945,8.300000190734863,2472.0
2024-03-01 12:02:00,GERN,2.190000057220459,2.190000057220459,2.190000057220459,2.174999952316284,2.180000066757202,77285.0
2024-03-01 12:02:00,GH,19.219999313354492,19.219999313354492,19.225000381469727,19.207500457763672,19.207500457763672,2170.0
2024-03-01 12:02:00,GILD,72.18499755859375,72.18499755859375,72.20500183105469,72.18000030517578,72.18000030517578,9550.0
2024-03-01 12:02:00,GLSI,12.430000305175781,12.430000305175781,12.430000305175781,12.430000305175781,12.430000305175781,108.0
2024-03-01 12:02:00,GLUE,6.239999771118164,6.239999771118164,6.260000228881836,6.239999771118164,6.25,1679.0
2024-03-01 12:02:00,GMAB,29.34000015258789,29.34000015258789,29.34000015258789,29.329999923706055,29.329999923706055,655.0
2024-03-01 12:02:00,GMDA,0.3898000121116638,0.3898000121116638,0.3898000121116638,0.38690000772476196,0.38690000772476196,6785.0
2024-03-01 12:02:00,GOSS,1.3600000143051147,1.3600000143051147,1.3600000143051147,1.3600000143051147,1.3600000143051147,500.0
2024-03-01 12:02:00,GRFS,7.030099868774414,7.030099868774414,7.065000057220459,7.03000020980835,7.054999828338623,11064.0
2024-03-01 12:02:00,GRPH,3.4749999046325684,3.4749999046325684,3.4749999046325684,3.4749999046325684,3.4749999046325684,190.0
2024-03-01 12:02:00,GRTS,2.2149999141693115,2.2149999141693115,2.2249999046325684,2.200000047683716,2.2200000286102295,22037.0
2024-03-01 12:02:00,GTHX,3.609999895095825,3.609999895095825,3.609999895095825,3.5999999046325684,3.609100103378296,3745.0
2024-03-01 12:02:00,HALO,41.18000030517578,41.18000030517578,41.18000030517578,41.16999816894531,41.16999816894531,1112.0
2024-03-01 12:02:00,HARP,22.9424991607666,22.9424991607666,22.94499969482422,22.9424991607666,22.94499969482422,300.0
2024-03-01 12:02:00,HCAT,7.940000057220459,7.940000057220459,7.940000057220459,7.909999847412109,7.909999847412109,3797.0
2024-03-01 12:02:00,HCTI,2.5199999809265137,2.5199999809265137,2.549499988555908,2.5199999809265137,2.5467000007629395,1624.0
2024-03-01 12:02:00,HITI,1.7699999809265137,1.7699999809265137,1.777500033378601,1.7699999809265137,1.777500033378601,1325.0
2024-03-01 12:02:00,HOLX,73.69499969482422,73.69499969482422,73.69499969482422,73.63999938964844,73.6500015258789,3194.0
2024-03-01 12:02:00,HOOK,0.7599999904632568,0.7599999904632568,0.7599999904632568,0.7599999904632568,0.7599999904632568,633.0
2024-03-01 12:02:00,HQY,81.29000091552734,81.29000091552734,81.29000091552734,81.29000091552734,81.29000091552734,179.0
2024-03-01 12:02:00,HRMY,31.44499969482422,31.44499969482422,31.44499969482422,31.44499969482422,31.44499969482422,134.0
2024-03-01 12:02:00,HRTX,2.5999999046325684,2.5999999046325684,2.5999999046325684,2.5999999046325684,2.5999999046325684,8668.0
2024-03-01 12:02:00,HSIC,76.94000244140625,76.94000244140625,76.9800033569336,76.94000244140625,76.95500183105469,2213.0
2024-03-01 12:02:00,HSTM,27.350000381469727,27.350000381469727,27.350000381469727,27.350000381469727,27.350000381469727,200.0
2024-03-01 12:02:00,HUMA,3.375,3.375,3.380000114440918,3.369999885559082,3.369999885559082,2994.0
2024-03-01 12:02:00,IART,36.4900016784668,36.4900016784668,36.4900016784668,36.4900016784668,36.4900016784668,270.0
2024-03-01 12:02:00,IBRX,4.860000133514404,4.860000133514404,4.869999885559082,4.860000133514404,4.8632001876831055,4166.0
2024-03-01 12:02:00,ICUI,106.05000305175781,106.05000305175781,106.05000305175781,105.9000015258789,105.9000015258789,2392.0
2024-03-01 12:02:00,IDXX,581.3200073242188,581.3200073242188,581.3499145507812,581.3200073242188,581.3499145507812,1598.0
2024-03-01 12:02:00,IDYA,46.11000061035156,46.11000061035156,46.11000061035156,46.074100494384766,46.074100494384766,547.0
2024-03-01 12:02:00,IFRX,1.8350000381469727,1.8350000381469727,1.840000033378601,1.8350000381469727,1.840000033378601,593.0
2024-03-01 12:02:00,IGMS,13.399999618530273,13.399999618530273,13.415200233459473,13.399999618530273,13.415200233459473,1166.0
2024-03-01 12:02:00,ILMN,141.89500427246094,141.89500427246094,141.89500427246094,141.89500427246094,141.89500427246094,527.0
2024-03-01 12:02:00,IMCR,68.17500305175781,68.17500305175781,68.17500305175781,68.0999984741211,68.1449966430664,484.0
2024-03-01 12:02:00,IMMX,3.5399999618530273,3.5399999618530273,3.5399999618530273,3.5299999713897705,3.5299999713897705,319.0
2024-03-01 12:02:00,IMNM,25.600000381469727,25.600000381469727,25.600000381469727,25.600000381469727,25.600000381469727,293.0
2024-03-01 12:02:00,IMUX,1.4850000143051147,1.4850000143051147,1.48989999294281,1.4800000190734863,1.4800000190734863,1336.0
2024-03-01 12:02:00,IMVT,36.310001373291016,36.310001373291016,36.34000015258789,36.310001373291016,36.34000015258789,764.0
2024-03-01 12:02:00,INBX,36.685001373291016,36.685001373291016,36.685001373291016,36.685001373291016,36.685001373291016,200.0
2024-03-01 12:02:00,INCY,59.060001373291016,59.060001373291016,59.06999969482422,59.029998779296875,59.029998779296875,2607.0
2024-03-01 12:02:00,INGN,6.860000133514404,6.860000133514404,6.860000133514404,6.860000133514404,6.860000133514404,1883.0
2024-03-01 12:02:00,INMD,22.799999237060547,22.799999237060547,22.799999237060547,22.764999389648438,22.799999237060547,3231.0
2024-03-01 12:02:00,INO,9.260000228881836,9.260000228881836,9.260000228881836,9.229999542236328,9.229999542236328,1239.0
2024-03-01 12:02:00,INSM,28.270000457763672,28.270000457763672,28.270000457763672,28.219999313354492,28.229999542236328,2387.0
2024-03-01 12:02:00,INVA,15.670000076293945,15.670000076293945,15.670000076293945,15.670000076293945,15.670000076293945,789.0
2024-03-01 12:02:00,INZY,6.545000076293945,6.545000076293945,6.545000076293945,6.510000228881836,6.510000228881836,1758.0
2024-03-01 12:02:00,IONM,0.34950000047683716,0.34950000047683716,0.34950000047683716,0.34950000047683716,0.34950000047683716,150.0
2024-03-01 12:02:00,IONS,45.900001525878906,45.900001525878906,45.900001525878906,45.8650016784668,45.8650016784668,1029.0
2024-03-01 12:02:00,IOVA,16.68000030517578,16.68000030517578,16.690000534057617,16.625,16.639999389648438,12747.0
2024-03-01 12:02:00,IPSC,3.799999952316284,3.799999952316284,3.799999952316284,3.7899999618530273,3.7899999618530273,214.0
2024-03-01 12:02:00,IRIX,2.609999895095825,2.609999895095825,2.609999895095825,2.609999895095825,2.609999895095825,170.0
2024-03-01 12:02:00,IRWD,9.03499984741211,9.03499984741211,9.045000076293945,9.010000228881836,9.039999961853027,29625.0
2024-03-01 12:02:00,ISRG,393.7699890136719,393.7699890136719,393.9700012207031,393.4599914550781,393.5950012207031,18166.0
2024-03-01 12:02:00,ITCI,71.78500366210938,71.78500366210938,71.78500366210938,71.66000366210938,71.66000366210938,1195.0
2024-03-01 12:02:00,ITOS,10.739999771118164,10.739999771118164,10.739999771118164,10.739999771118164,10.739999771118164,168.0
2024-03-01 12:02:00,IVVD,4.010000228881836,4.010000228881836,4.019999980926514,4.010000228881836,4.013199806213379,882.0
2024-03-01 12:02:00,IXHL,5.46999979019165,5.46999979019165,5.46999979019165,5.46999979019165,5.46999979019165,202.0
2024-03-01 12:02:00,JAGX,0.07090000063180923,0.07090000063180923,0.07119999825954437,0.07020000368356705,0.07050000131130219,169497.0
2024-03-01 12:02:00,JANX,46.81999969482422,46.81999969482422,46.81999969482422,46.81999969482422,46.81999969482422,602.0
2024-03-01 12:02:00,JAZZ,119.66000366210938,119.66000366210938,119.69499969482422,119.66000366210938,119.69000244140625,949.0
2024-03-01 12:02:00,JSPR,21.329999923706055,21.329999923706055,21.329999923706055,21.329999923706055,21.329999923706055,141.0
2024-03-01 12:02:00,JYNT,9.930000305175781,9.930000305175781,9.930000305175781,9.930000305175781,9.930000305175781,631.0
2024-03-01 12:02:00,KALV,13.944999694824219,13.944999694824219,13.944999694824219,13.944999694824219,13.944999694824219,105.0
2024-03-01 12:02:00,KNSA,21.780000686645508,21.780000686645508,21.780000686645508,21.780000686645508,21.780000686645508,125.0
2024-03-01 12:02:00,KNTE,2.625,2.625,2.630000114440918,2.625,2.630000114440918,691.0
2024-03-01 12:02:00,KPTI,1.2020000219345093,1.2020000219345093,1.2050000429153442,1.2000000476837158,1.2050000429153442,1400.0
2024-03-01 12:02:00,KRTX,316.5199890136719,316.5199890136719,316.5199890136719,316.4599914550781,316.4599914550781,859.0
2024-03-01 12:02:00,KRYS,166.9149932861328,166.9149932861328,167.05999755859375,166.50999450683594,166.50999450683594,1086.0
2024-03-01 12:02:00,KTRA,0.09690000116825104,0.09690000116825104,0.09690000116825104,0.09690000116825104,0.09690000116825104,5728.0
2024-03-01 12:02:00,KURA,21.225000381469727,21.225000381469727,21.225000381469727,21.225000381469727,21.225000381469727,221.0
2024-03-01 12:02:00,KYMR,43.79999923706055,43.79999923706055,43.89500045776367,43.79999923706055,43.849998474121094,3577.0
2024-03-01 12:02:00,KZR,1.090000033378601,1.090000033378601,1.090000033378601,1.0800000429153442,1.0800000429153442,480.0
2024-03-01 12:02:00,LAB,2.4700000286102295,2.4700000286102295,2.4700000286102295,2.4649999141693115,2.4649999141693115,400.0
2024-03-01 12:02:00,LBPH,21.81999969482422,21.81999969482422,21.8700008392334,21.799999237060547,21.809999465942383,1435.0
2024-03-01 12:02:00,LEGN,65.8550033569336,65.8550033569336,65.8550033569336,65.6500015258789,65.6500015258789,3033.0
2024-03-01 12:02:00,LEXX,2.710400104522705,2.710400104522705,2.710400104522705,2.7100000381469727,2.7100000381469727,601.0
2024-03-01 12:02:00,LFMD,7.980000019073486,7.980000019073486,7.980000019073486,7.980000019073486,7.980000019073486,600.0
2024-03-01 12:02:00,LFST,7.974999904632568,7.974999904632568,7.985000133514404,7.96999979019165,7.980000019073486,5832.0
2024-03-01 12:02:00,LIAN,4.860000133514404,4.860000133514404,4.860000133514404,4.860000133514404,4.860000133514404,243.0
2024-03-01 12:02:00,LIVN,55.39500045776367,55.39500045776367,55.400001525878906,55.39500045776367,55.400001525878906,239.0
2024-03-01 12:02:00,LNTH,65.38500213623047,65.38500213623047,65.45999908447266,65.3550033569336,65.3550033569336,1177.0
2024-03-01 12:02:00,LPTX,2.9200000762939453,2.9200000762939453,2.9200000762939453,2.9200000762939453,2.9200000762939453,516.0
2024-03-01 12:02:00,LQDA,14.25,14.25,14.260000228881836,14.239999771118164,14.239999771118164,2447.0
2024-03-01 12:02:00,LUNG,9.1899995803833,9.1899995803833,9.199999809265137,9.180000305175781,9.199999809265137,5008.0
2024-03-01 12:02:00,LVTX,3.178499937057495,3.178499937057495,3.178499937057495,3.0199999809265137,3.140000104904175,14250.0
2024-03-01 12:02:00,LXRX,2.444999933242798,2.444999933242798,2.444999933242798,2.434999942779541,2.434999942779541,8879.0
2024-03-01 12:02:00,LYEL,3.1700000762939453,3.1700000762939453,3.1700000762939453,3.1700000762939453,3.1700000762939453,1473.0
2024-03-01 12:02:00,LYRA,5.59499979019165,5.59499979019165,5.59499979019165,5.582499980926514,5.582499980926514,318.0
2024-03-01 12:02:00,MASI,127.44999694824219,127.44999694824219,127.44999694824219,127.22000122070312,127.22000122070312,2033.0
2024-03-01 12:02:00,MCRB,1.190000057220459,1.190000057220459,1.1950000524520874,1.190000057220459,1.1948000192642212,510.0
2024-03-01 12:02:00,MDGL,246.6699981689453,246.6699981689453,246.6699981689453,245.4499969482422,245.47000122070312,1732.0
2024-03-01 12:02:00,MDRX,6.050000190734863,6.050000190734863,6.079999923706055,6.019999980926514,6.079999923706055,38813.0
2024-03-01 12:02:00,MDXG,8.529999732971191,8.529999732971191,8.545000076293945,8.529999732971191,8.539999961853027,1307.0
2024-03-01 12:02:00,ME,0.5662999749183655,0.5662999749183655,0.567300021648407,0.565500020980835,0.5655999779701233,1124.0
2024-03-01 12:02:00,MEDP,400.7099914550781,400.7099914550781,400.7099914550781,400.7099914550781,400.7099914550781,331.0
2024-03-01 12:02:00,MGNX,18.954999923706055,18.954999923706055,19.0,18.950000762939453,18.989999771118164,25577.0
2024-03-01 12:02:00,MIRM,29.979999542236328,29.979999542236328,29.979999542236328,29.979999542236328,29.979999542236328,588.0
2024-03-01 12:02:00,MIST,1.6899000406265259,1.6899000406265259,1.6899000406265259,1.6899000406265259,1.6899000406265259,1600.0
2024-03-01 12:02:00,MLTX,51.994998931884766,51.994998931884766,51.994998931884766,51.95000076293945,51.95000076293945,589.0
2024-03-01 12:02:00,MMSI,76.5199966430664,76.5199966430664,76.5199966430664,76.51010131835938,76.51010131835938,324.0
2024-03-01 12:02:00,MNKD,4.554999828338623,4.554999828338623,4.559999942779541,4.550000190734863,4.550099849700928,12669.0
2024-03-01 12:02:00,MNMD,6.159999847412109,6.159999847412109,6.170000076293945,6.150000095367432,6.150000095367432,4538.0
2024-03-01 12:02:00,MNOV,1.3782999515533447,1.3782999515533447,1.3782999515533447,1.3782999515533447,1.3782999515533447,2003.0
2024-03-01 12:02:00,MNPR,0.8399999737739563,0.8399999737739563,0.8399999737739563,0.8331999778747559,0.8366000056266785,2250.0
2024-03-01 12:02:00,MODV,28.18000030517578,28.18000030517578,28.18000030517578,28.18000030517578,28.18000030517578,566.0
2024-03-01 12:02:00,MOR,17.59000015258789,17.59000015258789,17.6200008392334,17.59000015258789,17.600000381469727,1882.0
2024-03-01 12:02:00,MREO,3.8550000190734863,3.8550000190734863,3.8550000190734863,3.8550000190734863,3.8550000190734863,382.0
2024-03-01 12:02:00,MRNA,96.20999908447266,96.20999908447266,96.2699966430664,96.08000183105469,96.12000274658203,11756.0
2024-03-01 12:02:00,MRNS,9.920000076293945,9.920000076293945,9.920000076293945,9.920000076293945,9.920000076293945,483.0
2024-03-01 12:02:00,MRSN,5.934999942779541,5.934999942779541,5.965000152587891,5.929999828338623,5.965000152587891,3634.0
2024-03-01 12:02:00,MRUS,51.845001220703125,51.845001220703125,51.845001220703125,51.70000076293945,51.70000076293945,2418.0
2024-03-01 12:02:00,MRVI,7.804999828338623,7.804999828338623,7.809999942779541,7.804999828338623,7.809999942779541,1074.0
2024-03-01 12:02:00,MXCT,4.724999904632568,4.724999904632568,4.724999904632568,4.724999904632568,4.724999904632568,210.0
2024-03-01 12:02:00,MYGN,21.549999237060547,21.549999237060547,21.549999237060547,21.549999237060547,21.549999237060547,375.0
2024-03-01 12:02:00,NARI,46.08000183105469,46.08000183105469,46.09000015258789,46.0099983215332,46.08000183105469,4849.0
2024-03-01 12:02:00,NBIX,131.52999877929688,131.52999877929688,131.52999877929688,131.52999877929688,131.52999877929688,425.0
2024-03-01 12:02:00,NEO,15.979999542236328,15.979999542236328,15.979999542236328,15.979999542236328,15.979999542236328,336.0
2024-03-01 12:02:00,NEOG,17.30500030517578,17.30500030517578,17.30500030517578,17.30500030517578,17.30500030517578,1411.0
2024-03-01 12:02:00,NERV,2.549999952316284,2.549999952316284,2.549999952316284,2.5,2.5199999809265137,1462.0
2024-03-01 12:02:00,NEXI,6.455699920654297,6.455699920654297,6.610000133514404,6.455699920654297,6.610000133514404,417.0
2024-03-01 12:02:00,NKTR,0.7689999938011169,0.7689999938011169,0.7699999809265137,0.7689999938011169,0.7699000239372253,1356.0
2024-03-01 12:02:00,NKTX,12.6899995803833,12.6899995803833,12.6899995803833,12.6899995803833,12.6899995803833,100.0
2024-03-01 12:02:00,NNOX,11.15999984741211,11.15999984741211,11.1899995803833,11.149999618530273,11.149999618530273,4267.0
2024-03-01 12:02:00,NOTV,8.069999694824219,8.069999694824219,8.130000114440918,8.0600004196167,8.130000114440918,4290.0
2024-03-01 12:02:00,NRBO,5.829999923706055,5.829999923706055,5.829999923706055,5.829999923706055,5.829999923706055,216.0
2024-03-01 12:02:00,NRIX,13.270000457763672,13.270000457763672,13.270000457763672,13.270000457763672,13.270000457763672,266.0
2024-03-01 12:02:00,NRXP,0.4011000096797943,0.4011000096797943,0.4020000100135803,0.4009999930858612,0.4009999930858612,11156.0
2024-03-01 12:02:00,NTLA,33.41999816894531,33.41999816894531,33.41999816894531,33.33000183105469,33.36000061035156,2586.0
2024-03-01 12:02:00,NTRA,88.80999755859375,88.80999755859375,88.81999969482422,88.71499633789062,88.79499816894531,1457.0
2024-03-01 12:02:00,NURO,4.021999835968018,4.021999835968018,4.021999835968018,4.021999835968018,4.021999835968018,119.0
2024-03-01 12:02:00,NUVL,87.69999694824219,87.69999694824219,87.69999694824219,87.69999694824219,87.69999694824219,339.0
2024-03-01 12:02:00,NVAX,5.130000114440918,5.130000114440918,5.130000114440918,5.099999904632568,5.105000019073486,9677.0
2024-03-01 12:02:00,NVCR,15.8100004196167,15.8100004196167,15.8100004196167,15.800000190734863,15.8100004196167,1570.0
2024-03-01 12:02:00,NXTC,1.7949999570846558,1.7949999570846558,1.7949999570846558,1.7949999570846558,1.7949999570846558,200.0
2024-03-01 12:02:00,OCGN,0.944100022315979,0.944100022315979,0.9484999775886536,0.944100022315979,0.9474999904632568,3409.0
2024-03-01 12:02:00,OCUL,10.692000389099121,10.692000389099121,10.692000389099121,10.670000076293945,10.670000076293945,1189.0
2024-03-01 12:02:00,OFIX,12.819999694824219,12.819999694824219,12.819999694824219,12.819999694824219,12.819999694824219,361.0
2024-03-01 12:02:00,OGI,2.1649999618530273,2.1649999618530273,2.1649999618530273,2.1600000858306885,2.1600000858306885,745.0
2024-03-01 12:02:00,OLMA,13.630000114440918,13.630000114440918,13.630000114440918,13.630000114440918,13.630000114440918,101.0
2024-03-01 12:02:00,OM,3.1491000652313232,3.1491000652313232,3.1491000652313232,3.140000104904175,3.140000104904175,1748.0
2024-03-01 12:02:00,OMER,4.735000133514404,4.735000133514404,4.735000133514404,4.730000019073486,4.730000019073486,210.0
2024-03-01 12:02:00,ONCY,1.1201000213623047,1.1201000213623047,1.1299999952316284,1.1201000213623047,1.1208000183105469,1600.0
2024-03-01 12:03:00,AADI,1.9800000190734863,1.9800000190734863,1.9850000143051147,1.9800000190734863,1.9850000143051147,259.0
2024-03-01 12:03:00,ABCL,5.210000038146973,5.210000038146973,5.210100173950195,5.210000038146973,5.210100173950195,464.0
2024-03-01 12:03:00,ABEO,7.710000038146973,7.710000038146973,7.710000038146973,7.679999828338623,7.679999828338623,335.0
2024-03-01 12:03:00,ABSI,5.230000019073486,5.230000019073486,5.230000019073486,5.224999904632568,5.230000019073486,2340.0
2024-03-01 12:03:00,ABUS,2.7750000953674316,2.7750000953674316,2.7750000953674316,2.771199941635132,2.771199941635132,1653.0
2024-03-01 12:03:00,ACAD,23.81999969482422,23.81999969482422,23.829999923706055,23.81999969482422,23.81999969482422,1487.0
2024-03-01 12:03:00,ACET,2.3949999809265137,2.3949999809265137,2.4000000953674316,2.3949999809265137,2.3949999809265137,503.0
2024-03-01 12:03:00,ACHC,83.9800033569336,83.9800033569336,84.01499938964844,83.9800033569336,83.98999786376953,1182.0
2024-03-01 12:03:00,ACON,0.38749900460243225,0.38749900460243225,0.38749998807907104,0.38749900460243225,0.38749998807907104,600.0
2024-03-01 12:03:00,ACRS,1.215000033378601,1.215000033378601,1.215000033378601,1.215000033378601,1.215000033378601,405.0
2024-03-01 12:03:00,ADIL,3.1129000186920166,3.1129000186920166,3.1600000858306885,3.0999999046325684,3.1500000953674316,33235.0
2024-03-01 12:03:00,ADMA,5.375,5.375,5.379899978637695,5.369999885559082,5.375,1924.0
2024-03-01 12:03:00,ADVM,1.9550000429153442,1.9550000429153442,1.9600000381469727,1.9550000429153442,1.9600000381469727,700.0
2024-03-01 12:03:00,AGEN,0.6743999719619751,0.6743999719619751,0.6743999719619751,0.6743500232696533,0.6743999719619751,33380.0
2024-03-01 12:03:00,AGIO,32.88999938964844,32.88999938964844,32.88999938964844,32.8849983215332,32.8849983215332,200.0
2024-03-01 12:03:00,AGRX,0.8498989939689636,0.8498989939689636,0.8498989939689636,0.8498989939689636,0.8498989939689636,3500.0
2024-03-01 12:03:00,AHCO,10.770000457763672,10.770000457763672,10.770000457763672,10.765000343322754,10.765000343322754,2217.0
2024-03-01 12:03:00,AKBA,1.6799999475479126,1.6799999475479126,1.6799999475479126,1.6799999475479126,1.6799999475479126,322.0
2024-03-01 12:03:00,AKLI,0.3325999975204468,0.3325999975204468,0.335999995470047,0.3325999975204468,0.335999995470047,449.0
2024-03-01 12:03:00,AKRO,29.850000381469727,29.850000381469727,29.850000381469727,29.760000228881836,29.760000228881836,1223.0
2024-03-01 12:03:00,ALDX,4.105000019073486,4.105000019073486,4.109000205993652,4.090000152587891,4.105000019073486,5680.0
2024-03-01 12:03:00,ALEC,7.420000076293945,7.420000076293945,7.420000076293945,7.420000076293945,7.420000076293945,342.0
2024-03-01 12:03:00,ALGN,301.7049865722656,301.7049865722656,301.79998779296875,301.0899963378906,301.45001220703125,1681.0
2024-03-01 12:03:00,ALHC,5.772500038146973,5.772500038146973,5.78000020980835,5.772500038146973,5.78000020980835,2167.0
2024-03-01 12:03:00,ALKS,30.239999771118164,30.239999771118164,30.239999771118164,30.235000610351562,30.235000610351562,682.0
2024-03-01 12:03:00,ALLK,1.5950000286102295,1.5950000286102295,1.5950000286102295,1.5950000286102295,1.5950000286102295,100.0
2024-03-01 12:03:00,ALLO,5.039999961853027,5.039999961853027,5.039999961853027,5.039999961853027,5.039999961853027,850.0
2024-03-01 12:03:00,ALNY,153.63999938964844,153.63999938964844,153.64999389648438,153.5800018310547,153.64999389648438,1117.0
2024-03-01 12:03:00,ALPN,35.8849983215332,35.8849983215332,35.8849983215332,35.79999923706055,35.83000183105469,609.0
2024-03-01 12:03:00,ALT,12.010000228881836,12.010000228881836,12.029899597167969,12.0,12.029899597167969,6511.0
2024-03-01 12:03:00,ALVR,0.7519999742507935,0.7519999742507935,0.7519999742507935,0.7519000172615051,0.7519000172615051,5500.0
2024-03-01 12:03:00,ALXO,15.050000190734863,15.050000190734863,15.050000190734863,14.989999771118164,15.0,2365.0
2024-03-01 12:03:00,AMED,93.04499816894531,93.04499816894531,93.04499816894531,92.98999786376953,92.98999786376953,2342.0
2024-03-01 12:03:00,AMGN,281.79998779296875,281.79998779296875,281.80999755859375,281.7099914550781,281.739990234375,4212.0
2024-03-01 12:03:00,AMLX,18.829999923706055,18.829999923706055,18.829999923706055,18.809999465942383,18.829999923706055,2398.0
2024-03-01 12:03:00,AMRN,1.0549999475479126,1.0549999475479126,1.0549999475479126,1.0549999475479126,1.0549999475479126,400.0
2024-03-01 12:03:00,ANIK,24.799999237060547,24.799999237060547,24.799999237060547,24.799999237060547,24.799999237060547,282.0
2024-03-01 12:03:00,ANIP,66.25,66.25,66.25,66.25,66.25,476.0
2024-03-01 12:03:00,ANNX,5.889999866485596,5.889999866485596,5.889999866485596,5.880000114440918,5.880000114440918,1166.0
2024-03-01 12:03:00,APLS,65.25,65.25,65.26000213623047,65.16999816894531,65.19999694824219,2626.0
2024-03-01 12:03:00,APLT,7.130000114440918,7.130000114440918,7.130000114440918,7.114999771118164,7.114999771118164,847.0
2024-03-01 12:03:00,APRE,8.599599838256836,8.599599838256836,8.599599838256836,8.599599838256836,8.599599838256836,900.0
2024-03-01 12:03:00,AQST,4.340099811553955,4.340099811553955,4.3495001792907715,4.340099811553955,4.3495001792907715,220.0
2024-03-01 12:03:00,ARDX,9.640000343322754,9.640000343322754,9.652000427246094,9.630000114440918,9.649999618530273,10037.0
2024-03-01 12:03:00,ARQT,11.543999671936035,11.543999671936035,11.545000076293945,11.524999618530273,11.529999732971191,4873.0
2024-03-01 12:03:00,ARVN,48.92499923706055,48.92499923706055,48.970001220703125,48.92499923706055,48.970001220703125,433.0
2024-03-01 12:03:00,ARWR,35.13570022583008,35.13570022583008,35.275001525878906,35.11000061035156,35.275001525878906,7484.0
2024-03-01 12:03:00,ASLN,0.7900000214576721,0.7900000214576721,0.7900000214576721,0.7900000214576721,0.7900000214576721,1500.0
2024-03-01 12:03:00,ASRT,0.9200000166893005,0.9200000166893005,0.9200000166893005,0.9200000166893005,0.9200000166893005,236.0
2024-03-01 12:03:00,ATAI,2.0999999046325684,2.0999999046325684,2.1050000190734863,2.0899999141693115,2.0899999141693115,36637.0
2024-03-01 12:03:00,ATEC,13.604999542236328,13.604999542236328,13.630000114440918,13.600000381469727,13.614999771118164,10004.0
2024-03-01 12:03:00,ATRA,0.789900004863739,0.789900004863739,0.7947999835014343,0.7850000262260437,0.7947999835014343,644.0
2024-03-01 12:03:00,ATXI,0.15379999577999115,0.15379999577999115,0.15379999577999115,0.15379999577999115,0.15379999577999115,265.0
2024-03-01 12:03:00,ATXS,14.90999984741211,14.90999984741211,14.90999984741211,14.90999984741211,14.90999984741211,200.0
2024-03-01 12:03:00,AUPH,5.789999961853027,5.789999961853027,5.795000076293945,5.789999961853027,5.789999961853027,344.0
2024-03-01 12:03:00,AUTL,6.260000228881836,6.260000228881836,6.260000228881836,6.260000228881836,6.260000228881836,223.0
2024-03-01 12:03:00,AVDL,12.850000381469727,12.850000381469727,12.979999542236328,12.850000381469727,12.930000305175781,22371.0
2024-03-01 12:03:00,AVIR,4.539999961853027,4.539999961853027,4.539999961853027,4.519999980926514,4.519999980926514,1387.0
2024-03-01 12:03:00,AVXL,5.329999923706055,5.329999923706055,5.329999923706055,5.329999923706055,5.329999923706055,678.0
2024-03-01 12:03:00,AXNX,67.29000091552734,67.29000091552734,67.30000305175781,67.29000091552734,67.30000305175781,2562.0
2024-03-01 12:03:00,AXSM,81.73500061035156,81.73500061035156,81.83499908447266,81.73500061035156,81.83499908447266,641.0
2024-03-01 12:03:00,AZN,64.6449966430664,64.6449966430664,64.6449966430664,64.62999725341797,64.63500213623047,5343.0
2024-03-01 12:03:00,AZTA,66.3550033569336,66.3550033569336,66.37460327148438,66.3550033569336,66.37000274658203,1261.0
2024-03-01 12:03:00,BBIO,35.900001525878906,35.900001525878906,35.900001525878906,35.900001525878906,35.900001525878906,361.0
2024-03-01 12:03:00,BBLG,2.3299999237060547,2.3299999237060547,2.3299999237060547,2.3299999237060547,2.3299999237060547,257.0
2024-03-01 12:03:00,BCEL,0.26829999685287476,0.26829999685287476,0.26829999685287476,0.26829999685287476,0.26829999685287476,4399.0
2024-03-01 12:03:00,BCRX,5.769999980926514,5.769999980926514,5.769999980926514,5.764999866485596,5.769999980926514,10071.0
2024-03-01 12:03:00,BDTX,5.019999980926514,5.019999980926514,5.019999980926514,5.019999980926514,5.019999980926514,164.0
2024-03-01 12:03:00,BEAM,40.0,40.0,40.025001525878906,39.9900016784668,40.025001525878906,1643.0
2024-03-01 12:03:00,BGNE,166.67999267578125,166.67999267578125,166.6999969482422,166.0850067138672,166.0850067138672,2133.0
2024-03-01 12:03:00,BIIB,220.05999755859375,220.05999755859375,220.11000061035156,219.93499755859375,219.93499755859375,9663.0
2024-03-01 12:03:00,BIOL,0.13699999451637268,0.13699999451637268,0.1371999979019165,0.13699999451637268,0.1371999979019165,10101.0
2024-03-01 12:03:00,BIVI,1.9450000524520874,1.9450000524520874,2.0199999809265137,1.940000057220459,2.015000104904175,379894.0
2024-03-01 12:03:00,BLFS,18.1299991607666,18.1299991607666,18.1299991607666,18.1299991607666,18.1299991607666,180.0
2024-03-01 12:03:00,BLUE,1.5750000476837158,1.5750000476837158,1.5750000476837158,1.5500999689102173,1.5528000593185425,94771.0
2024-03-01 12:03:00,BMRN,86.95999908447266,86.95999908447266,86.95999908447266,86.93000030517578,86.93000030517578,1401.0
2024-03-01 12:03:00,BNOX,1.23989999294281,1.23989999294281,1.23989999294281,1.23989999294281,1.23989999294281,160.0
2024-03-01 12:03:00,BNTX,91.83000183105469,91.83000183105469,91.84500122070312,91.69249725341797,91.69249725341797,4282.0
2024-03-01 12:03:00,BRKR,87.9000015258789,87.9000015258789,87.9000015258789,87.87999725341797,87.87999725341797,1261.0
2024-03-01 12:03:00,BSGM,0.6299999952316284,0.6299999952316284,0.6299999952316284,0.6299999952316284,0.6299999952316284,917.0
2024-03-01 12:03:00,BTAI,3.2300000190734863,3.2300000190734863,3.2300000190734863,3.2300000190734863,3.2300000190734863,160.0
2024-03-01 12:03:00,BTMD,6.079999923706055,6.079999923706055,6.079999923706055,6.079999923706055,6.079999923706055,187.0
2024-03-01 12:03:00,BTTX,0.1720000058412552,0.1720000058412552,0.1720000058412552,0.17059999704360962,0.17059999704360962,2052.0
2024-03-01 12:03:00,BWAY,6.505000114440918,6.505000114440918,6.505000114440918,6.505000114440918,6.505000114440918,270.0
2024-03-01 12:03:00,CABA,24.065000534057617,24.065000534057617,24.100000381469727,24.049999237060547,24.100000381469727,1661.0
2024-03-01 12:03:00,CARA,0.9135000109672546,0.9135000109672546,0.9135000109672546,0.88850998878479,0.9010000228881836,1800.0
2024-03-01 12:03:00,CBAY,32.25,32.25,32.25,32.244998931884766,32.25,3193.0
2024-03-01 12:03:00,CCCC,10.920000076293945,10.920000076293945,10.920000076293945,10.920000076293945,10.920000076293945,103.0
2024-03-01 12:03:00,CDMO,8.109999656677246,8.109999656677246,8.109999656677246,8.109999656677246,8.109999656677246,450.0
2024-03-01 12:03:00,CDNA,12.4399995803833,12.4399995803833,12.4399995803833,12.40999984741211,12.40999984741211,1542.0
2024-03-01 12:03:00,CDXS,4.525000095367432,4.525000095367432,4.531099796295166,4.525000095367432,4.53000020980835,1541.0
2024-03-01 12:03:00,CELC,15.880000114440918,15.880000114440918,15.880000114440918,15.880000114440918,15.880000114440918,750.0
2024-03-01 12:03:00,CELU,3.509999990463257,3.509999990463257,3.509999990463257,3.509999990463257,3.509999990463257,164.0
2024-03-01 12:03:00,CERE,41.1150016784668,41.1150016784668,41.1150016784668,41.1150016784668,41.1150016784668,223.0
2024-03-01 12:03:00,CERS,2.200000047683716,2.200000047683716,2.200000047683716,2.200000047683716,2.200000047683716,434.0
2024-03-01 12:03:00,CERT,17.690000534057617,17.690000534057617,17.700000762939453,17.690000534057617,17.700000762939453,893.0
2024-03-01 12:03:00,CGC,3.265000104904175,3.265000104904175,3.2699999809265137,3.259999990463257,3.265000104904175,4962.0
2024-03-01 12:03:00,CGEM,18.95240020751953,18.95240020751953,18.954999923706055,18.95240020751953,18.954999923706055,648.0
2024-03-01 12:03:00,CGTX,2.069999933242798,2.069999933242798,2.0799999237060547,2.059999942779541,2.059999942779541,10572.0
2024-03-01 12:03:00,CHRS,2.3399999141693115,2.3399999141693115,2.3450000286102295,2.3399999141693115,2.3450000286102295,313.0
2024-03-01 12:03:00,CING,1.3550000190734863,1.3550000190734863,1.3550000190734863,1.3503999710083008,1.3503999710083008,481.0
2024-03-01 12:03:00,CKPT,2.219899892807007,2.219899892807007,2.219899892807007,2.219899892807007,2.219899892807007,503.0
2024-03-01 12:03:00,CLDX,52.13999938964844,52.13999938964844,52.13999938964844,52.099998474121094,52.099998474121094,4216.0
2024-03-01 12:03:00,CLOV,0.8659999966621399,0.8659999966621399,0.866599977016449,0.8654999732971191,0.866100013256073,12647.0
2024-03-01 12:03:00,CLRB,4.090000152587891,4.090000152587891,4.090000152587891,4.090000152587891,4.090000152587891,610.0
2024-03-01 12:03:00,CMMB,0.659404993057251,0.659404993057251,0.659404993057251,0.6499999761581421,0.6499999761581421,558.0
2024-03-01 12:03:00,CMPS,11.5600004196167,11.5600004196167,11.5600004196167,11.489999771118164,11.510000228881836,2242.0
2024-03-01 12:03:00,CMRX,1.1349999904632568,1.1349999904632568,1.1349999904632568,1.1349999904632568,1.1349999904632568,200.0
2024-03-01 12:03:00,CNSP,0.3197000026702881,0.3197000026702881,0.3197000026702881,0.3197000026702881,0.3197000026702881,335.0
2024-03-01 12:03:00,COGT,7.190000057220459,7.190000057220459,7.190000057220459,7.190000057220459,7.190000057220459,423.0
2024-03-01 12:03:00,COLL,36.97999954223633,36.97999954223633,36.97999954223633,36.97999954223633,36.97999954223633,282.0
2024-03-01 12:03:00,CORT,23.768199920654297,23.768199920654297,23.768199920654297,23.768199920654297,23.768199920654297,491.0
2024-03-01 12:03:00,COSM,0.7688000202178955,0.7688000202178955,0.7688000202178955,0.7688000202178955,0.7688000202178955,100.0
2024-03-01 12:03:00,CPRX,17.1299991607666,17.1299991607666,17.18000030517578,17.1299991607666,17.18000030517578,4422.0
2024-03-01 12:03:00,CPSI,9.444999694824219,9.444999694824219,9.444999694824219,9.444999694824219,9.444999694824219,360.0
2024-03-01 12:03:00,CRBP,31.915000915527344,31.915000915527344,32.0,31.915000915527344,32.0,1523.0
2024-03-01 12:03:00,CRBU,7.994999885559082,7.994999885559082,7.994999885559082,7.989999771118164,7.994999885559082,1999.0
2024-03-01 12:03:00,CRDF,2.3350000381469727,2.3350000381469727,2.3399999141693115,2.3299999237060547,2.3350000381469727,13510.0
2024-03-01 12:03:00,CRMD,3.7100000381469727,3.7100000381469727,3.7100000381469727,3.7100000381469727,3.7100000381469727,292.0
2024-03-01 12:03:00,CRNX,45.90999984741211,45.90999984741211,45.91999816894531,45.78200149536133,45.78200149536133,4640.0
2024-03-01 12:03:00,CRON,2.059999942779541,2.059999942779541,2.059999942779541,2.055000066757202,2.055000066757202,316.0
2024-03-01 12:03:00,CRSP,85.34989929199219,85.34989929199219,85.34989929199219,85.25,85.29000091552734,505.0
2024-03-01 12:03:00,CSTL,20.059999465942383,20.059999465942383,20.149999618530273,19.979999542236328,19.989999771118164,6304.0
2024-03-01 12:03:00,CTKB,8.5,8.5,8.510000228881836,8.5,8.510000228881836,1111.0
2024-03-01 12:03:00,CTMX,2.628999948501587,2.628999948501587,2.628999948501587,2.628999948501587,2.628999948501587,457.0
2024-03-01 12:03:00,CTXR,0.7717000246047974,0.7717000246047974,0.7717000246047974,0.7710000276565552,0.7710000276565552,575.0
2024-03-01 12:03:00,CUE,2.180000066757202,2.180000066757202,2.180000066757202,2.180000066757202,2.180000066757202,1413.0
2024-03-01 12:03:00,CUTR,2.390000104904175,2.390000104904175,2.4100000858306885,2.390000104904175,2.4100000858306885,6521.0
2024-03-01 12:03:00,CVAC,3.4700000286102295,3.4700000286102295,3.4700000286102295,3.4700000286102295,3.4700000286102295,3286.0
2024-03-01 12:03:00,CYTK,73.81179809570312,73.81179809570312,73.86000061035156,73.7699966430664,73.86000061035156,679.0
2024-03-01 12:03:00,DAWN,17.440000534057617,17.440000534057617,17.440000534057617,17.40999984741211,17.43000030517578,774.0
2024-03-01 12:03:00,DCGO,4.135000228881836,4.135000228881836,4.135000228881836,4.135000228881836,4.135000228881836,162.0
2024-03-01 12:03:00,DCPH,17.670000076293945,17.670000076293945,17.670000076293945,17.59000015258789,17.59000015258789,2656.0
2024-03-01 12:03:00,DMTK,0.8472999930381775,0.8472999930381775,0.8472999930381775,0.8429999947547913,0.8429999947547913,734.0
2024-03-01 12:03:00,DNLI,20.770000457763672,20.770000457763672,20.780000686645508,20.770000457763672,20.780000686645508,922.0
2024-03-01 12:03:00,DRMA,0.45486798882484436,0.45486798882484436,0.45486798882484436,0.45486798882484436,0.45486798882484436,800.0
2024-03-01 12:03:00,DTIL,12.098699569702148,12.098699569702148,12.135000228881836,12.029999732971191,12.029999732971191,4688.0
2024-03-01 12:03:00,DXCM,120.44999694824219,120.44999694824219,120.51000213623047,120.33499908447266,120.3499984741211,10409.0
2024-03-01 12:03:00,DYAI,1.309999942779541,1.309999942779541,1.309999942779541,1.309999942779541,1.309999942779541,142.0
2024-03-01 12:03:00,DYN,29.024999618530273,29.024999618530273,29.059999465942383,29.024999618530273,29.059999465942383,534.0
2024-03-01 12:03:00,EDIT,10.885000228881836,10.885000228881836,10.885000228881836,10.84000015258789,10.880000114440918,7438.0
2024-03-01 12:03:00,EGRX,6.710000038146973,6.710000038146973,6.730000019073486,6.710000038146973,6.71999979019165,1529.0
2024-03-01 12:03:00,ELEV,4.840000152587891,4.840000152587891,4.840000152587891,4.840000152587891,4.840000152587891,321.0
2024-03-01 12:03:00,ENTA,15.25,15.25,15.25,15.212800025939941,15.212800025939941,932.0
2024-03-01 12:03:00,ENVB,1.5399999618530273,1.5399999618530273,1.5800000429153442,1.5299999713897705,1.559999942779541,54644.0
2024-03-01 12:03:00,EOLS,14.650099754333496,14.650099754333496,14.650099754333496,14.650099754333496,14.650099754333496,1966.0
2024-03-01 12:03:00,ERAS,2.5199999809265137,2.5199999809265137,2.5199999809265137,2.515000104904175,2.515000104904175,300.0
2024-03-01 12:03:00,ESPR,2.5399999618530273,2.5399999618530273,2.5399999618530273,2.5399999618530273,2.5399999618530273,524.0
2024-03-01 12:03:00,ETNB,13.0,13.0,13.0,12.970000267028809,12.989999771118164,5007.0
2024-03-01 12:03:00,EWTX,17.014999389648438,17.014999389648438,17.03499984741211,17.014999389648438,17.03499984741211,1400.0
2024-03-01 12:03:00,EXAI,6.800000190734863,6.800000190734863,6.800000190734863,6.796599864959717,6.800000190734863,2010.0
2024-03-01 12:03:00,EXAS,59.48500061035156,59.48500061035156,59.52000045776367,59.48500061035156,59.52000045776367,1924.0
2024-03-01 12:03:00,EXEL,22.5049991607666,22.5049991607666,22.5049991607666,22.4950008392334,22.5,3385.0
2024-03-01 12:03:00,EYEN,2.2706000804901123,2.2706000804901123,2.27839994430542,2.2706000804901123,2.27839994430542,2450.0
2024-03-01 12:03:00,EYPT,28.020000457763672,28.020000457763672,28.020000457763672,28.010000228881836,28.020000457763672,1222.0
2024-03-01 12:03:00,FATE,7.414999961853027,7.414999961853027,7.420000076293945,7.414999961853027,7.420000076293945,1154.0
2024-03-01 12:03:00,FBIO,2.25,2.25,2.25,2.25,2.25,103.0
2024-03-01 12:03:00,FBRX,0.7200000286102295,0.7200000286102295,0.7200000286102295,0.7200000286102295,0.7200000286102295,1235.0
2024-03-01 12:03:00,FGEN,1.840000033378601,1.840000033378601,1.840000033378601,1.840000033378601,1.840000033378601,1006.0
2024-03-01 12:03:00,FOLD,13.270000457763672,13.270000457763672,13.270000457763672,13.265000343322754,13.270000457763672,1976.0
2024-03-01 12:03:00,FULC,10.819999694824219,10.819999694824219,10.819999694824219,10.819999694824219,10.819999694824219,200.0
2024-03-01 12:03:00,FUSN,12.385000228881836,12.385000228881836,12.420000076293945,12.385000228881836,12.404999732971191,988.0
2024-03-01 12:03:00,GALT,1.9900000095367432,1.9900000095367432,1.9900000095367432,1.9900000095367432,1.9900000095367432,607.0
2024-03-01 12:03:00,GBIO,2.619999885559082,2.619999885559082,2.625,2.619999885559082,2.625,624.0
2024-03-01 12:03:00,GDRX,8.29520034790039,8.29520034790039,8.300000190734863,8.295000076293945,8.295000076293945,2185.0
2024-03-01 12:03:00,GERN,2.1798999309539795,2.1798999309539795,2.186000108718872,2.172300100326538,2.184999942779541,70918.0
2024-03-01 12:03:00,GH,19.209999084472656,19.209999084472656,19.209999084472656,19.209999084472656,19.209999084472656,670.0
2024-03-01 12:03:00,GHSI,8.380000114440918,8.380000114440918,8.380000114440918,8.380000114440918,8.380000114440918,399.0
2024-03-01 12:03:00,GILD,72.18099975585938,72.18099975585938,72.1875,72.16999816894531,72.18000030517578,8622.0
2024-03-01 12:03:00,GLYC,3.0,3.0,3.0,2.990000009536743,2.990000009536743,200.0
2024-03-01 12:03:00,GMAB,29.340099334716797,29.340099334716797,29.340099334716797,29.34000015258789,29.34000015258789,269.0
2024-03-01 12:03:00,GMDA,0.38830000162124634,0.38830000162124634,0.38830000162124634,0.38830000162124634,0.38830000162124634,204.0
2024-03-01 12:03:00,GOSS,1.3600000143051147,1.3600000143051147,1.3650000095367432,1.3600000143051147,1.3650000095367432,252.0
2024-03-01 12:03:00,GOVX,2.565000057220459,2.565000057220459,2.565000057220459,2.565000057220459,2.565000057220459,410.0
2024-03-01 12:03:00,GRFS,7.065000057220459,7.065000057220459,7.065000057220459,7.03000020980835,7.03000020980835,8936.0
2024-03-01 12:03:00,GRTS,2.200000047683716,2.200000047683716,2.2149999141693115,2.200000047683716,2.2100000381469727,7733.0
2024-03-01 12:03:00,GTH,3.9149999618530273,3.9149999618530273,3.9149999618530273,3.9149999618530273,3.9149999618530273,100.0
2024-03-01 12:03:00,GTHX,3.6198999881744385,3.6198999881744385,3.6198999881744385,3.609999895095825,3.615000009536743,1667.0
2024-03-01 12:03:00,HALO,41.189998626708984,41.189998626708984,41.189998626708984,41.189998626708984,41.189998626708984,683.0
2024-03-01 12:03:00,HARP,22.950000762939453,22.950000762939453,22.950000762939453,22.950000762939453,22.950000762939453,102.0
2024-03-01 12:03:00,HCAT,7.914999961853027,7.914999961853027,7.940000057220459,7.914999961853027,7.940000057220459,2480.0
2024-03-01 12:03:00,HCTI,2.5199999809265137,2.5199999809265137,2.549999952316284,2.5199999809265137,2.5299999713897705,2640.0
2024-03-01 12:03:00,HOLX,73.66999816894531,73.66999816894531,73.69000244140625,73.66999816894531,73.69000244140625,1475.0
2024-03-01 12:03:00,HQY,81.33499908447266,81.33499908447266,81.33499908447266,81.33499908447266,81.33499908447266,346.0
2024-03-01 12:03:00,HRTX,2.5899999141693115,2.5899999141693115,2.5899999141693115,2.5899999141693115,2.5899999141693115,329.0
2024-03-01 12:03:00,HSIC,76.95500183105469,76.95500183105469,76.98999786376953,76.91000366210938,76.91000366210938,1112.0
2024-03-01 12:03:00,HSTM,27.334999084472656,27.334999084472656,27.334999084472656,27.309999465942383,27.309999465942383,664.0
2024-03-01 12:03:00,HUMA,3.375,3.375,3.380000114440918,3.375,3.3798999786376953,2801.0
2024-03-01 12:03:00,IART,36.45000076293945,36.45000076293945,36.4900016784668,36.45000076293945,36.45000076293945,1063.0
2024-03-01 12:03:00,IBRX,4.864999771118164,4.864999771118164,4.869999885559082,4.860000133514404,4.864999771118164,4108.0
2024-03-01 12:03:00,ICLR,322.7149963378906,322.7149963378906,322.7149963378906,322.7149963378906,322.7149963378906,225.0
2024-03-01 12:03:00,ICUI,106.05999755859375,106.05999755859375,106.05999755859375,106.05999755859375,106.05999755859375,441.0
2024-03-01 12:03:00,IDYA,46.11000061035156,46.11000061035156,46.11000061035156,46.11000061035156,46.11000061035156,374.0
2024-03-01 12:03:00,IINN,1.649899959564209,1.649899959564209,1.649999976158142,1.649899959564209,1.649999976158142,3708.0
2024-03-01 12:03:00,ILMN,141.9199981689453,141.9199981689453,141.9199981689453,141.88999938964844,141.88999938964844,848.0
2024-03-01 12:03:00,IMCC,0.3293989896774292,0.3293989896774292,0.3293989896774292,0.3293989896774292,0.3293989896774292,150.0
2024-03-01 12:03:00,IMCR,68.07499694824219,68.07499694824219,68.12999725341797,68.07499694824219,68.0999984741211,1030.0
2024-03-01 12:03:00,IMMX,3.5399999618530273,3.5399999618530273,3.5399999618530273,3.5399999618530273,3.5399999618530273,100.0
2024-03-01 12:03:00,IMUX,1.4850000143051147,1.4850000143051147,1.48989999294281,1.4800000190734863,1.4800000190734863,1235.0
2024-03-01 12:03:00,IMVT,36.36000061035156,36.36000061035156,36.40999984741211,36.349998474121094,36.36000061035156,2818.0
2024-03-01 12:03:00,INAB,1.1009000539779663,1.1009000539779663,1.1009000539779663,1.1009000539779663,1.1009000539779663,400.0
2024-03-01 12:03:00,INCY,59.060001373291016,59.060001373291016,59.060001373291016,59.060001373291016,59.060001373291016,311.0
2024-03-01 12:03:00,INMD,22.774999618530273,22.774999618530273,22.790000915527344,22.770000457763672,22.790000915527344,870.0
2024-03-01 12:03:00,INO,9.25,9.25,9.275400161743164,9.25,9.275400161743164,493.0
2024-03-01 12:03:00,INSM,28.25,28.25,28.270000457763672,28.235000610351562,28.270000457763672,2266.0
2024-03-01 12:03:00,INVA,15.645000457763672,15.645000457763672,15.65999984741211,15.645000457763672,15.65999984741211,1950.0
2024-03-01 12:03:00,INZY,6.559999942779541,6.559999942779541,6.559999942779541,6.550000190734863,6.550000190734863,2325.0
2024-03-01 12:03:00,IONS,45.91999816894531,45.91999816894531,45.91999816894531,45.900001525878906,45.900001525878906,586.0
2024-03-01 12:03:00,IOVA,16.674999237060547,16.674999237060547,16.709999084472656,16.670000076293945,16.684999465942383,17656.0
2024-03-01 12:03:00,IRIX,2.609999895095825,2.609999895095825,2.609999895095825,2.609999895095825,2.609999895095825,500.0
2024-03-01 12:03:00,IRWD,9.069999694824219,9.069999694824219,9.069999694824219,9.03499984741211,9.03499984741211,22459.0
2024-03-01 12:03:00,ISRG,393.9599914550781,393.9599914550781,393.9599914550781,393.8053894042969,393.81500244140625,1869.0
2024-03-01 12:03:00,ITCI,71.77999877929688,71.77999877929688,71.79000091552734,71.77999877929688,71.79000091552734,1243.0
2024-03-01 12:03:00,IVVD,4.010000228881836,4.010000228881836,4.010000228881836,4.010000228881836,4.010000228881836,101.0
2024-03-01 12:03:00,JAGX,0.07169999927282333,0.07169999927282333,0.07169999927282333,0.07029999792575836,0.07029999792575836,225588.0
2024-03-01 12:03:00,JANX,46.625,46.625,46.625,46.625,46.625,823.0
2024-03-01 12:03:00,JAZZ,119.56999969482422,119.56999969482422,119.66500091552734,119.56999969482422,119.62999725341797,1647.0
2024-03-01 12:03:00,KALV,13.930000305175781,13.930000305175781,13.930000305175781,13.930000305175781,13.930000305175781,100.0
2024-03-01 12:03:00,KNSA,21.790000915527344,21.790000915527344,21.790000915527344,21.790000915527344,21.790000915527344,160.0
2024-03-01 12:03:00,KNTE,2.619999885559082,2.619999885559082,2.625,2.619999885559082,2.619999885559082,789.0
2024-03-01 12:03:00,KPTI,1.2050000429153442,1.2050000429153442,1.2099000215530396,1.2000999450683594,1.2050000429153442,2166.0
2024-03-01 12:03:00,KRON,1.0399999618530273,1.0399999618530273,1.0399999618530273,1.0398999452590942,1.0399999618530273,1259.0
2024-03-01 12:03:00,KRTX,316.5199890136719,316.5199890136719,316.5199890136719,316.5199890136719,316.5199890136719,466.0
2024-03-01 12:03:00,KTRA,0.09699899703264236,0.09699899703264236,0.09700000286102295,0.09690000116825104,0.09690000116825104,7741.0
2024-03-01 12:03:00,LAB,2.4649999141693115,2.4649999141693115,2.4649999141693115,2.4649999141693115,2.4649999141693115,200.0
2024-03-01 12:03:00,LEGN,65.81500244140625,65.81500244140625,65.86000061035156,65.81500244140625,65.86000061035156,1328.0
2024-03-01 12:03:00,LFST,7.96999979019165,7.96999979019165,7.9730000495910645,7.96999979019165,7.9704999923706055,365.0
2024-03-01 12:03:00,LGND,78.51499938964844,78.51499938964844,78.51499938964844,78.51499938964844,78.51499938964844,491.0
2024-03-01 12:03:00,LIAN,4.849999904632568,4.849999904632568,4.860000133514404,4.849999904632568,4.860000133514404,5539.0
2024-03-01 12:03:00,LIVN,55.470001220703125,55.470001220703125,55.470001220703125,55.439998626708984,55.439998626708984,1442.0
2024-03-01 12:03:00,LNTH,65.37999725341797,65.37999725341797,65.37999725341797,65.36000061035156,65.36000061035156,247.0
2024-03-01 12:03:00,LQDA,14.251199722290039,14.251199722290039,14.251199722290039,14.251199722290039,14.251199722290039,234.0
2024-03-01 12:03:00,LXRX,2.440999984741211,2.440999984741211,2.444999933242798,2.440000057220459,2.4400999546051025,7403.0
2024-03-01 12:03:00,LYEL,3.174999952316284,3.174999952316284,3.180000066757202,3.174999952316284,3.180000066757202,621.0
2024-03-01 12:03:00,MASI,127.9000015258789,127.9000015258789,127.9000015258789,127.55999755859375,127.55999755859375,766.0
2024-03-01 12:03:00,MCRB,1.1900999546051025,1.1900999546051025,1.2000000476837158,1.1900999546051025,1.1950000524520874,4014.0
2024-03-01 12:03:00,MDGL,246.4499969482422,246.4499969482422,246.4499969482422,245.97999572753906,245.97999572753906,517.0
2024-03-01 12:03:00,MDRX,6.019999980926514,6.019999980926514,6.079999923706055,6.019999980926514,6.019999980926514,6808.0
2024-03-01 12:03:00,MDXG,8.529999732971191,8.529999732971191,8.529999732971191,8.529999732971191,8.529999732971191,1875.0
2024-03-01 12:03:00,ME,0.5654000043869019,0.5654000043869019,0.5662999749183655,0.5654000043869019,0.5662999749183655,800.0
2024-03-01 12:03:00,MEDP,401.0899963378906,401.0899963378906,401.5,400.8500061035156,400.8500061035156,589.0
2024-03-01 12:03:00,MIRM,30.0,30.0,30.0,30.0,30.0,760.0
2024-03-01 12:03:00,MIST,1.684999942779541,1.684999942779541,1.684999942779541,1.684999942779541,1.684999942779541,100.0
2024-03-01 12:03:00,MLTX,51.95000076293945,51.95000076293945,51.95000076293945,51.939998626708984,51.95000076293945,553.0
2024-03-01 12:03:00,MMSI,76.5250015258789,76.5250015258789,76.5250015258789,76.5250015258789,76.5250015258789,169.0
2024-03-01 12:03:00,MNKD,4.53000020980835,4.53000020980835,4.554999828338623,4.53000020980835,4.550000190734863,15224.0
2024-03-01 12:03:00,MNMD,6.179999828338623,6.179999828338623,6.185200214385986,6.151899814605713,6.151899814605713,5457.0
2024-03-01 12:03:00,MNOV,1.3700000047683716,1.3700000047683716,1.3700000047683716,1.3700000047683716,1.3700000047683716,256.0
2024-03-01 12:03:00,MNPR,0.8281999826431274,0.8281999826431274,0.8399999737739563,0.8281999826431274,0.828249990940094,3100.0
2024-03-01 12:03:00,MOR,17.59000015258789,17.59000015258789,17.59000015258789,17.59000015258789,17.59000015258789,540.0
2024-03-01 12:03:00,MRNA,96.17500305175781,96.17500305175781,96.23999786376953,96.0999984741211,96.21099853515625,6773.0
2024-03-01 12:03:00,MRSN,5.934999942779541,5.934999942779541,5.934999942779541,5.920000076293945,5.934999942779541,1668.0
2024-03-01 12:03:00,MRUS,51.82500076293945,51.82500076293945,51.900001525878906,51.81999969482422,51.900001525878906,1820.0
2024-03-01 12:03:00,MRVI,7.815000057220459,7.815000057220459,7.815000057220459,7.804999828338623,7.804999828338623,3122.0
2024-03-01 12:03:00,MXCT,4.724999904632568,4.724999904632568,4.724999904632568,4.724999904632568,4.724999904632568,227.0
2024-03-01 12:03:00,MYGN,21.59000015258789,21.59000015258789,21.59000015258789,21.59000015258789,21.59000015258789,462.0
2024-03-01 12:03:00,NARI,46.1150016784668,46.1150016784668,46.150001525878906,46.0099983215332,46.04499816894531,4962.0
2024-03-01 12:03:00,NBIX,131.57000732421875,131.57000732421875,131.5800018310547,131.57000732421875,131.57000732421875,948.0
2024-03-01 12:03:00,NDRA,1.1699999570846558,1.1699999570846558,1.1699999570846558,1.1699999570846558,1.1699999570846558,10005.0
2024-03-01 12:03:00,NEO,15.979999542236328,15.979999542236328,15.979999542236328,15.979999542236328,15.979999542236328,473.0
2024-03-01 12:03:00,NEOG,17.295000076293945,17.295000076293945,17.299999237060547,17.295000076293945,17.299999237060547,1496.0
2024-03-01 12:03:00,NGM,1.5299999713897705,1.5299999713897705,1.5299999713897705,1.5299999713897705,1.5299999713897705,818.0
2024-03-01 12:03:00,NKTX,12.789999961853027,12.789999961853027,12.789999961853027,12.6899995803833,12.720000267028809,2494.0
2024-03-01 12:03:00,NNOX,11.154999732971191,11.154999732971191,11.154999732971191,11.140000343322754,11.149999618530273,863.0
2024-03-01 12:03:00,NOTV,8.052800178527832,8.052800178527832,8.0600004196167,8.052800178527832,8.0600004196167,314.0
2024-03-01 12:03:00,NPCE,16.309999465942383,16.309999465942383,16.309999465942383,16.309999465942383,16.309999465942383,762.0
2024-03-01 12:03:00,NRBO,5.821199893951416,5.821199893951416,5.840000152587891,5.821199893951416,5.840000152587891,6383.0
2024-03-01 12:03:00,NRIX,13.319999694824219,13.319999694824219,13.319999694824219,13.3100004196167,13.3100004196167,452.0
2024-03-01 12:03:00,NRSN,2.0799999237060547,2.0799999237060547,2.0799999237060547,2.052000045776367,2.052000045776367,3826.0
2024-03-01 12:03:00,NTLA,33.38999938964844,33.38999938964844,33.43000030517578,33.38999938964844,33.43000030517578,2237.0
2024-03-01 12:03:00,NURO,4.0208001136779785,4.0208001136779785,4.0208001136779785,4.0208001136779785,4.0208001136779785,300.0
2024-03-01 12:03:00,NVAX,5.106800079345703,5.106800079345703,5.125,5.106800079345703,5.125,17006.0
2024-03-01 12:03:00,NVCR,15.8149995803833,15.8149995803833,15.8149995803833,15.800000190734863,15.8100004196167,903.0
2024-03-01 12:03:00,NVNO,6.439300060272217,6.439300060272217,6.439300060272217,6.439300060272217,6.439300060272217,180.0
2024-03-01 12:03:00,OCGN,0.9484999775886536,0.9484999775886536,0.9484999775886536,0.944100022315979,0.944100022315979,5753.0
2024-03-01 12:03:00,OCUL,10.684800148010254,10.684800148010254,10.6899995803833,10.680000305175781,10.6899995803833,835.0
2024-03-01 12:03:00,OGI,2.1600000858306885,2.1600000858306885,2.1605000495910645,2.1600000858306885,2.1605000495910645,1058.0
2024-03-01 12:03:00,OLMA,13.6899995803833,13.6899995803833,13.6899995803833,13.65999984741211,13.65999984741211,531.0
2024-03-01 12:03:00,OMCL,26.43000030517578,26.43000030517578,26.43000030517578,26.420000076293945,26.43000030517578,1203.0
2024-03-01 12:03:00,OMGA,4.239999771118164,4.239999771118164,4.239999771118164,4.239999771118164,4.239999771118164,116.0
2024-03-01 12:04:00,ABCL,5.21999979019165,5.21999979019165,5.21999979019165,5.215000152587891,5.215000152587891,1038.0
2024-03-01 12:04:00,ABOS,4.695000171661377,4.695000171661377,4.704999923706055,4.695000171661377,4.699999809265137,2005.0
2024-03-01 12:04:00,ABSI,5.230000019073486,5.230000019073486,5.230000019073486,5.21999979019165,5.230000019073486,3762.0
2024-03-01 12:04:00,ABUS,2.7750000953674316,2.7750000953674316,2.7750000953674316,2.7699999809265137,2.7750000953674316,1754.0
2024-03-01 12:04:00,ACAD,23.84000015258789,23.84000015258789,23.850000381469727,23.84000015258789,23.850000381469727,1156.0
2024-03-01 12:04:00,ACB,3.1689999103546143,3.1689999103546143,3.1689999103546143,3.1600000858306885,3.1600000858306885,1293.0
2024-03-01 12:04:00,ACET,2.4049999713897705,2.4049999713897705,2.4100000858306885,2.4000000953674316,2.4000000953674316,10936.0
2024-03-01 12:04:00,ACHV,4.25,4.25,4.25,4.25,4.25,195.0
2024-03-01 12:04:00,ACON,0.38749998807907104,0.38749998807907104,0.38999998569488525,0.3874000012874603,0.3874000012874603,7250.0
2024-03-01 12:04:00,ACRS,1.2200000286102295,1.2200000286102295,1.2200000286102295,1.215000033378601,1.215000033378601,3462.0
2024-03-01 12:04:00,ADAP,1.6200000047683716,1.6200000047683716,1.6200000047683716,1.6200000047683716,1.6200000047683716,1831.0
2024-03-01 12:04:00,ADIL,3.089900016784668,3.089900016784668,3.1198999881744385,3.049999952316284,3.0899999141693115,79447.0
2024-03-01 12:04:00,ADMA,5.389999866485596,5.389999866485596,5.389999866485596,5.375,5.380000114440918,20985.0
2024-03-01 12:04:00,ADPT,4.159999847412109,4.159999847412109,4.159999847412109,4.159999847412109,4.159999847412109,1574.0
2024-03-01 12:04:00,AGEN,0.6743999719619751,0.6743999719619751,0.6743999719619751,0.6743500232696533,0.6743500232696533,15820.0
2024-03-01 12:04:00,AGIO,32.93000030517578,32.93000030517578,32.93000030517578,32.8849983215332,32.8849983215332,1029.0
2024-03-01 12:04:00,AGRX,0.8500000238418579,0.8500000238418579,0.8500000238418579,0.8500000238418579,0.8500000238418579,128.0
2024-03-01 12:04:00,AHCO,10.774999618530273,10.774999618530273,10.779999732971191,10.774999618530273,10.779999732971191,1143.0
2024-03-01 12:04:00,AIRS,6.425000190734863,6.425000190734863,6.449999809265137,6.409999847412109,6.449999809265137,2084.0
2024-03-01 12:04:00,AKAN,0.24150000512599945,0.24150000512599945,0.24199999868869781,0.24150000512599945,0.24199999868869781,4732.0
2024-03-01 12:04:00,AKBA,1.6799999475479126,1.6799999475479126,1.6799999475479126,1.6749999523162842,1.6749999523162842,35904.0
2024-03-01 12:04:00,AKRO,29.8700008392334,29.8700008392334,29.875,29.839399337768555,29.844499588012695,805.0
2024-03-01 12:04:00,ALDX,4.119999885559082,4.119999885559082,4.119999885559082,4.110000133514404,4.110000133514404,1857.0
2024-03-01 12:04:00,ALEC,7.449999809265137,7.449999809265137,7.449999809265137,7.429999828338623,7.429999828338623,3024.0
2024-03-01 12:04:00,ALGN,302.0,302.0,302.0,301.8900146484375,301.8900146484375,1912.0
2024-03-01 12:04:00,ALGS,1.0800000429153442,1.0800000429153442,1.0800000429153442,1.0800000429153442,1.0800000429153442,500.0
2024-03-01 12:04:00,ALHC,5.784999847412109,5.784999847412109,5.784999847412109,5.78000020980835,5.78000020980835,3043.0
2024-03-01 12:04:00,ALKS,30.2549991607666,30.2549991607666,30.2549991607666,30.239999771118164,30.239999771118164,1914.0
2024-03-01 12:04:00,ALLK,1.6074999570846558,1.6074999570846558,1.6074999570846558,1.5920000076293945,1.5920000076293945,4886.0
2024-03-01 12:04:00,ALLO,5.050000190734863,5.050000190734863,5.050000190734863,5.039999961853027,5.039999961853027,675.0
2024-03-01 12:04:00,ALNY,153.6374969482422,153.6374969482422,153.72000122070312,153.60000610351562,153.60000610351562,717.0
2024-03-01 12:04:00,ALPN,35.810001373291016,35.810001373291016,35.91999816894531,35.810001373291016,35.91999816894531,1628.0
2024-03-01 12:04:00,ALT,12.010000228881836,12.010000228881836,12.024999618530273,12.010000228881836,12.020000457763672,3168.0
2024-03-01 12:04:00,ALVR,0.7563999891281128,0.7563999891281128,0.7563999891281128,0.7519999742507935,0.7519999742507935,1188.0
2024-03-01 12:04:00,ALXO,15.069999694824219,15.069999694824219,15.069999694824219,15.0600004196167,15.0600004196167,549.0
2024-03-01 12:04:00,AMED,93.0,93.0,93.04499816894531,93.0,93.04499816894531,1276.0
2024-03-01 12:04:00,AMGN,281.7449951171875,281.7449951171875,281.80499267578125,281.70098876953125,281.80499267578125,4867.0
2024-03-01 12:04:00,AMLX,18.81999969482422,18.81999969482422,18.81999969482422,18.81999969482422,18.81999969482422,585.0
2024-03-01 12:04:00,AMPH,45.349998474121094,45.349998474121094,45.40999984741211,45.349998474121094,45.40999984741211,1159.0
2024-03-01 12:04:00,AMRN,1.0549999475479126,1.0549999475479126,1.0549999475479126,1.0549999475479126,1.0549999475479126,252.0
2024-03-01 12:04:00,ANAB,25.524999618530273,25.524999618530273,25.540000915527344,25.524999618530273,25.540000915527344,200.0
2024-03-01 12:04:00,ANNX,5.889999866485596,5.889999866485596,5.889999866485596,5.889999866485596,5.889999866485596,803.0
2024-03-01 12:04:00,APLS,65.38999938964844,65.38999938964844,65.38999938964844,65.20500183105469,65.20500183105469,5956.0
2024-03-01 12:04:00,APLT,7.130000114440918,7.130000114440918,7.139999866485596,7.119999885559082,7.139999866485596,4832.0
2024-03-01 12:04:00,AQST,4.330100059509277,4.330100059509277,4.34499979019165,4.329999923706055,4.340099811553955,7587.0
2024-03-01 12:04:00,ARDX,9.654999732971191,9.654999732971191,9.654999732971191,9.635000228881836,9.635000228881836,12043.0
2024-03-01 12:04:00,ARGX,389.7699890136719,389.7699890136719,389.7699890136719,389.43499755859375,389.43499755859375,1103.0
2024-03-01 12:04:00,ARQT,11.5600004196167,11.5600004196167,11.569999694824219,11.545000076293945,11.545000076293945,14790.0
2024-03-01 12:04:00,ARVN,49.029998779296875,49.029998779296875,49.08000183105469,48.99810028076172,48.99810028076172,3665.0
2024-03-01 12:04:00,ARWR,35.25,35.25,35.25,35.16999816894531,35.16999816894531,20428.0
2024-03-01 12:04:00,ASND,150.41000366210938,150.41000366210938,150.5050048828125,150.3300018310547,150.5050048828125,645.0
2024-03-01 12:04:00,ASRT,0.9200000166893005,0.9200000166893005,0.9200000166893005,0.9200000166893005,0.9200000166893005,100.0
2024-03-01 12:04:00,ATAI,2.10509991645813,2.10509991645813,2.109999895095825,2.1012001037597656,2.1050000190734863,25222.0
2024-03-01 12:04:00,ATEC,13.604999542236328,13.604999542236328,13.619999885559082,13.604999542236328,13.604999542236328,2689.0
2024-03-01 12:04:00,ATHA,3.9600000381469727,3.9600000381469727,3.9600000381469727,3.9600000381469727,3.9600000381469727,546.0
2024-03-01 12:04:00,ATRA,0.7900500297546387,0.7900500297546387,0.7947999835014343,0.7900000214576721,0.7900000214576721,3880.0
2024-03-01 12:04:00,ATXS,14.90999984741211,14.90999984741211,14.90999984741211,14.90999984741211,14.90999984741211,271.0
2024-03-01 12:04:00,AUPH,5.795000076293945,5.795000076293945,5.795000076293945,5.789999961853027,5.795000076293945,1142.0
2024-03-01 12:04:00,AURA,9.420000076293945,9.420000076293945,9.420000076293945,9.420000076293945,9.420000076293945,275.0
2024-03-01 12:04:00,AUTL,6.269999980926514,6.269999980926514,6.269999980926514,6.269999980926514,6.269999980926514,597.0
2024-03-01 12:04:00,AVDL,12.859999656677246,12.859999656677246,12.875,12.850000381469727,12.850000381469727,1200.0
2024-03-01 12:04:00,AVIR,4.559999942779541,4.559999942779541,4.559999942779541,4.550000190734863,4.550000190734863,4693.0
2024-03-01 12:04:00,AVXL,5.335000038146973,5.335000038146973,5.335000038146973,5.329999923706055,5.329999923706055,1924.0
2024-03-01 12:04:00,AXGN,10.489899635314941,10.489899635314941,10.489899635314941,10.489899635314941,10.489899635314941,203.0
2024-03-01 12:04:00,AXNX,67.25,67.25,67.29499816894531,67.25,67.29499816894531,3316.0
2024-03-01 12:04:00,AXSM,81.86000061035156,81.86000061035156,81.86000061035156,81.80000305175781,81.80000305175781,553.0
2024-03-01 12:04:00,AZN,64.65499877929688,64.65499877929688,64.66000366210938,64.64129638671875,64.6449966430664,4463.0
2024-03-01 12:04:00,AZTA,66.5,66.5,66.5,66.43000030517578,66.43000030517578,867.0
2024-03-01 12:04:00,BBIO,36.08100128173828,36.08100128173828,36.09000015258789,35.93000030517578,35.95000076293945,3105.0
2024-03-01 12:04:00,BBLG,2.309999942779541,2.309999942779541,2.309999942779541,2.304800033569336,2.304800033569336,345.0
2024-03-01 12:04:00,BCAB,2.75,2.75,2.759999990463257,2.744999885559082,2.75,3471.0
2024-03-01 12:04:00,BCRX,5.789999961853027,5.789999961853027,5.789999961853027,5.78000020980835,5.78000020980835,2250.0
2024-03-01 12:04:00,BCYC,25.850000381469727,25.850000381469727,25.850000381469727,25.850000381469727,25.850000381469727,476.0
2024-03-01 12:04:00,BDSX,1.6100000143051147,1.6100000143051147,1.6198999881744385,1.600000023841858,1.6059000492095947,7514.0
2024-03-01 12:04:00,BDTX,5.039999961853027,5.039999961853027,5.049900054931641,5.025000095367432,5.025000095367432,6191.0
2024-03-01 12:04:00,BEAM,40.04499816894531,40.04499816894531,40.060001373291016,40.025001525878906,40.025001525878906,1291.0
2024-03-01 12:04:00,BGNE,166.7100067138672,166.7100067138672,166.7100067138672,166.7100067138672,166.7100067138672,236.0
2024-03-01 12:04:00,BGXX,0.26820001006126404,0.26820001006126404,0.26829999685287476,0.26820001006126404,0.26829999685287476,3650.0
2024-03-01 12:04:00,BIIB,220.24000549316406,220.24000549316406,220.24000549316406,220.11000061035156,220.11000061035156,574.0
2024-03-01 12:04:00,BIVI,1.909999966621399,1.909999966621399,1.9500000476837158,1.909999966621399,1.9450000524520874,297546.0
2024-03-01 12:04:00,BLFS,18.174999237060547,18.174999237060547,18.174999237060547,18.174999237060547,18.174999237060547,263.0
2024-03-01 12:04:00,BLUE,1.5750000476837158,1.5750000476837158,1.5758999586105347,1.5700000524520874,1.5750000476837158,21234.0
2024-03-01 12:04:00,BMEA,17.940000534057617,17.940000534057617,17.950000762939453,17.895000457763672,17.895000457763672,1633.0
2024-03-01 12:04:00,BMRN,86.98999786376953,86.98999786376953,87.0,86.98999786376953,87.0,1151.0
2024-03-01 12:04:00,BNGO,1.25,1.25,1.25,1.25,1.25,960.0
2024-03-01 12:04:00,BNTX,91.75,91.75,91.90499877929688,91.75,91.88500213623047,1632.0
2024-03-01 12:04:00,BPMC,97.66500091552734,97.66500091552734,97.66500091552734,97.63999938964844,97.63999938964844,680.0
2024-03-01 12:04:00,BSGM,0.6299999952316284,0.6299999952316284,0.6299999952316284,0.6299999952316284,0.6299999952316284,138.0
2024-03-01 12:04:00,BTAI,3.244999885559082,3.244999885559082,3.244999885559082,3.240000009536743,3.240000009536743,1434.0
2024-03-01 12:04:00,BTTX,0.1704999953508377,0.1704999953508377,0.17190000414848328,0.1704999953508377,0.17190000414848328,12201.0
2024-03-01 12:04:00,BVS,4.710000038146973,4.710000038146973,4.710000038146973,4.70989990234375,4.70989990234375,315.0
2024-03-01 12:04:00,BWAY,6.53000020980835,6.53000020980835,6.53000020980835,6.53000020980835,6.53000020980835,200.0
2024-03-01 12:04:00,CABA,24.100000381469727,24.100000381469727,24.1200008392334,24.065000534057617,24.065000534057617,1195.0
2024-03-01 12:04:00,CAPR,4.570000171661377,4.570000171661377,4.570000171661377,4.570000171661377,4.570000171661377,276.0
2024-03-01 12:04:00,CBAY,32.244998931884766,32.244998931884766,32.25,32.2401008605957,32.244998931884766,2092.0
2024-03-01 12:04:00,CCCC,10.9350004196167,10.9350004196167,10.9399995803833,10.899999618530273,10.901200294494629,2601.0
2024-03-01 12:04:00,CDMO,8.109999656677246,8.109999656677246,8.109999656677246,8.109999656677246,8.109999656677246,300.0
2024-03-01 12:04:00,CDNA,12.539999961853027,12.539999961853027,12.550000190734863,12.460000038146973,12.460000038146973,3396.0
2024-03-01 12:04:00,CDXS,4.538000106811523,4.538000106811523,4.538000106811523,4.525000095367432,4.525000095367432,202.0
2024-03-01 12:04:00,CELC,16.0,16.0,16.0,15.88010025024414,15.88010025024414,998.0
2024-03-01 12:04:00,CELU,3.506999969482422,3.506999969482422,3.506999969482422,3.506999969482422,3.506999969482422,562.0
2024-03-01 12:04:00,CERE,41.11000061035156,41.11000061035156,41.119998931884766,41.11000061035156,41.11000061035156,459.0
2024-03-01 12:04:00,CERS,2.2132999897003174,2.2132999897003174,2.2149999141693115,2.200000047683716,2.200000047683716,16208.0
2024-03-01 12:04:00,CERT,17.690000534057617,17.690000534057617,17.690000534057617,17.690000534057617,17.690000534057617,517.0
2024-03-01 12:04:00,CGC,3.27020001411438,3.27020001411438,3.2750000953674316,3.265000104904175,3.265000104904175,18258.0
2024-03-01 12:04:00,CGEM,18.979999542236328,18.979999542236328,19.0,18.93000030517578,18.93000030517578,3481.0
2024-03-01 12:04:00,CGTX,2.0840001106262207,2.0840001106262207,2.109999895095825,2.0840001106262207,2.109999895095825,526.0
2024-03-01 12:04:00,CHEK,2.1675000190734863,2.1675000190734863,2.1675000190734863,2.1675000190734863,2.1675000190734863,181.0
2024-03-01 12:04:00,CHRS,2.3550000190734863,2.3550000190734863,2.359999895095825,2.3450000286102295,2.3450000286102295,9770.0
2024-03-01 12:04:00,CLDX,52.095001220703125,52.095001220703125,52.1775016784668,52.060001373291016,52.1775016784668,5658.0
2024-03-01 12:04:00,CLOV,0.8654999732971191,0.8654999732971191,0.8655999898910522,0.8654999732971191,0.8654999732971191,5979.0
2024-03-01 12:04:00,CLPT,6.769999980926514,6.769999980926514,6.769999980926514,6.769999980926514,6.769999980926514,934.0
2024-03-01 12:04:00,CMPS,11.520000457763672,11.520000457763672,11.520000457763672,11.449999809265137,11.520000457763672,3699.0
2024-03-01 12:04:00,CMPX,1.8799999952316284,1.8799999952316284,1.8799999952316284,1.8799999952316284,1.8799999952316284,115.0
2024-03-01 12:04:00,CMRX,1.1349999904632568,1.1349999904632568,1.1349999904632568,1.1349999904632568,1.1349999904632568,254.0
2024-03-01 12:04:00,CNSP,0.31610000133514404,0.31610000133514404,0.3199999928474426,0.31610000133514404,0.319599986076355,7895.0
2024-03-01 12:04:00,CNTB,1.1425000429153442,1.1425000429153442,1.1425000429153442,1.1425000429153442,1.1425000429153442,4491.0
2024-03-01 12:04:00,COGT,7.190000057220459,7.190000057220459,7.199999809265137,7.190000057220459,7.190000057220459,2540.0
2024-03-01 12:04:00,CORT,23.770000457763672,23.770000457763672,23.770000457763672,23.760000228881836,23.770000457763672,4063.0
2024-03-01 12:04:00,CPRX,17.110000610351562,17.110000610351562,17.1299991607666,17.110000610351562,17.125,3219.0
2024-03-01 12:04:00,CPSI,9.40999984741211,9.40999984741211,9.430000305175781,9.40999984741211,9.430000305175781,5736.0
2024-03-01 12:04:00,CRBP,32.01499938964844,32.01499938964844,32.150001525878906,32.01499938964844,32.150001525878906,378.0
2024-03-01 12:04:00,CRBU,8.029999732971191,8.029999732971191,8.029999732971191,7.994999885559082,7.994999885559082,9936.0
2024-03-01 12:04:00,CRDF,2.2300000190734863,2.2300000190734863,2.3399999141693115,2.2149999141693115,2.3299999237060547,199377.0
2024-03-01 12:04:00,CRDL,1.9600000381469727,1.9600000381469727,1.9600000381469727,1.9600000381469727,1.9600000381469727,3325.0
2024-03-01 12:04:00,CRNX,45.92169952392578,45.92169952392578,45.939998626708984,45.810001373291016,45.84000015258789,1826.0
2024-03-01 12:04:00,CRON,2.059999942779541,2.059999942779541,2.059999942779541,2.055000066757202,2.055000066757202,1111.0
2024-03-01 12:04:00,CRSP,85.44499969482422,85.44499969482422,85.44499969482422,85.2300033569336,85.25,9136.0
2024-03-01 12:04:00,CRVS,2.255000114440918,2.255000114440918,2.255000114440918,2.255000114440918,2.255000114440918,203.0
2024-03-01 12:04:00,CSTL,20.049999237060547,20.049999237060547,20.049999237060547,20.049999237060547,20.049999237060547,300.0
2024-03-01 12:04:00,CTKB,8.5,8.5,8.5,8.494999885559082,8.494999885559082,1244.0
2024-03-01 12:04:00,CTMX,2.640000104904175,2.640000104904175,2.640000104904175,2.619999885559082,2.630000114440918,9924.0
2024-03-01 12:04:00,CUE,2.184999942779541,2.184999942779541,2.184999942779541,2.184999942779541,2.184999942779541,100.0
2024-03-01 12:04:00,CVAC,3.4749999046325684,3.4749999046325684,3.4749999046325684,3.4700000286102295,3.4700000286102295,1261.0
2024-03-01 12:04:00,CVRX,20.290000915527344,20.290000915527344,20.329999923706055,20.290000915527344,20.31999969482422,761.0
2024-03-01 12:04:00,CYTK,73.86000061035156,73.86000061035156,73.86000061035156,73.77870178222656,73.77870178222656,787.0
2024-03-01 12:04:00,CYTO,2.1600000858306885,2.1600000858306885,2.1877999305725098,2.1600000858306885,2.1877999305725098,600.0
2024-03-01 12:04:00,DAWN,17.510000228881836,17.510000228881836,17.510000228881836,17.440000534057617,17.440000534057617,4244.0
2024-03-01 12:04:00,DCGO,4.130000114440918,4.130000114440918,4.135000228881836,4.130000114440918,4.135000228881836,319.0
2024-03-01 12:04:00,DCPH,17.68000030517578,17.68000030517578,17.729999542236328,17.670000076293945,17.729999542236328,2573.0
2024-03-01 12:04:00,DH,8.987500190734863,8.987500190734863,8.987500190734863,8.987500190734863,8.987500190734863,418.0
2024-03-01 12:04:00,DMTK,0.847599983215332,0.847599983215332,0.8500000238418579,0.8399999737739563,0.8479999899864197,3533.0
2024-03-01 12:04:00,DNLI,20.899999618530273,20.899999618530273,20.899999618530273,20.770000457763672,20.770000457763672,24717.0
2024-03-01 12:04:00,DSGN,2.9000000953674316,2.9000000953674316,2.9000000953674316,2.8949999809265137,2.8949999809265137,422.0
2024-03-01 12:04:00,DTIL,12.03499984741211,12.03499984741211,12.098699569702148,12.03499984741211,12.098699569702148,3154.0
2024-03-01 12:04:00,DVAX,12.854999542236328,12.854999542236328,12.859999656677246,12.850000381469727,12.854999542236328,3079.0
2024-03-01 12:04:00,DXCM,120.38999938964844,120.38999938964844,120.45999908447266,120.37000274658203,120.45999908447266,12296.0
2024-03-01 12:04:00,DYN,29.024999618530273,29.024999618530273,29.024999618530273,29.024999618530273,29.024999618530273,605.0
2024-03-01 12:04:00,EDIT,10.904999732971191,10.904999732971191,10.904999732971191,10.885000228881836,10.890000343322754,750.0
2024-03-01 12:04:00,EFTR,15.11709976196289,15.11709976196289,15.11709976196289,15.11709976196289,15.11709976196289,502.0
2024-03-01 12:04:00,EGRX,6.739999771118164,6.739999771118164,6.739999771118164,6.739999771118164,6.739999771118164,112.0
2024-03-01 12:04:00,ELEV,4.800000190734863,4.800000190734863,4.829999923706055,4.800000190734863,4.829999923706055,11899.0
2024-03-01 12:04:00,EMBC,14.390000343322754,14.390000343322754,14.390000343322754,14.359999656677246,14.359999656677246,758.0
2024-03-01 12:04:00,ENTA,15.279999732971191,15.279999732971191,15.279999732971191,15.260000228881836,15.260000228881836,936.0
2024-03-01 12:04:00,ENVB,1.5399999618530273,1.5399999618530273,1.5540000200271606,1.530500054359436,1.5318000316619873,6329.0
2024-03-01 12:04:00,ERAS,2.5299999713897705,2.5299999713897705,2.5299999713897705,2.5199999809265137,2.5199999809265137,3890.0
2024-03-01 12:04:00,ESPR,2.5350000858306885,2.5350000858306885,2.5350000858306885,2.5299999713897705,2.5299999713897705,918.0
2024-03-01 12:04:00,ETNB,13.0,13.0,13.020000457763672,13.0,13.0,3090.0
2024-03-01 12:04:00,EWTX,17.0,17.0,17.0,17.0,17.0,439.0
2024-03-01 12:04:00,EXAI,6.804999828338623,6.804999828338623,6.804999828338623,6.804999828338623,6.804999828338623,116.0
2024-03-01 12:04:00,EXAS,59.61000061035156,59.61000061035156,59.61000061035156,59.52000045776367,59.54999923706055,1970.0
2024-03-01 12:04:00,EXEL,22.514999389648438,22.514999389648438,22.520000457763672,22.510000228881836,22.510000228881836,1428.0
2024-03-01 12:04:00,EYEN,2.2799999713897705,2.2799999713897705,2.2850000858306885,2.279900074005127,2.2799999713897705,13976.0
2024-03-01 12:04:00,EYPT,28.010000228881836,28.010000228881836,28.024999618530273,27.989999771118164,28.024999618530273,1038.0
2024-03-01 12:04:00,FATE,7.425000190734863,7.425000190734863,7.425000190734863,7.414999961853027,7.414999961853027,2137.0
2024-03-01 12:04:00,FDMT,29.100000381469727,29.100000381469727,29.1200008392334,29.100000381469727,29.1200008392334,815.0
2024-03-01 12:04:00,FEMY,1.7400000095367432,1.7400000095367432,1.7400000095367432,1.7400000095367432,1.7400000095367432,288.0
2024-03-01 12:04:00,FGEN,1.840000033378601,1.840000033378601,1.840000033378601,1.840000033378601,1.840000033378601,460.0
2024-03-01 12:04:00,FHTX,8.010000228881836,8.010000228881836,8.010000228881836,8.010000228881836,8.010000228881836,483.0
2024-03-01 12:04:00,FLGT,23.170000076293945,23.170000076293945,23.170000076293945,23.170000076293945,23.170000076293945,240.0
2024-03-01 12:04:00,FOLD,13.270000457763672,13.270000457763672,13.270000457763672,13.265000343322754,13.265000343322754,1088.0
2024-03-01 12:04:00,FULC,10.835000038146973,10.835000038146973,10.835000038146973,10.829999923706055,10.829999923706055,1145.0
2024-03-01 12:04:00,FUSN,12.399999618530273,12.399999618530273,12.399999618530273,12.399999618530273,12.399999618530273,520.0
2024-03-01 12:04:00,FWBI,8.25,8.25,8.25,8.075699806213379,8.075699806213379,4543.0
2024-03-01 12:04:00,GANX,4.650100231170654,4.650100231170654,4.650100231170654,4.650100231170654,4.650100231170654,243.0
2024-03-01 12:04:00,GDRX,8.34119987487793,8.34119987487793,8.354999542236328,8.300000190734863,8.300000190734863,31887.0
2024-03-01 12:04:00,GERN,2.180000066757202,2.180000066757202,2.180000066757202,2.1702001094818115,2.1702001094818115,28277.0
2024-03-01 12:04:00,GH,19.239999771118164,19.239999771118164,19.239999771118164,19.219999313354492,19.219999313354492,1198.0
2024-03-01 12:04:00,GHSI,8.380000114440918,8.380000114440918,8.380000114440918,8.359999656677246,8.369999885559082,1095.0
2024-03-01 12:04:00,GILD,72.18499755859375,72.18499755859375,72.19499969482422,72.18000030517578,72.19000244140625,4867.0
2024-03-01 12:04:00,GLMD,0.38999998569488525,0.38999998569488525,0.38999998569488525,0.38999998569488525,0.38999998569488525,220.0
2024-03-01 12:04:00,GLSI,12.3100004196167,12.3100004196167,12.420000076293945,12.3100004196167,12.335000038146973,1211.0
2024-03-01 12:04:00,GMAB,29.360000610351562,29.360000610351562,29.360000610351562,29.350000381469727,29.350000381469727,789.0
2024-03-01 12:04:00,GMDA,0.3898000121116638,0.3898000121116638,0.3898000121116638,0.3898000121116638,0.3898000121116638,500.0
2024-03-01 12:04:00,GOSS,1.3650000095367432,1.3650000095367432,1.3690999746322632,1.3600000143051147,1.3600000143051147,1020.0
2024-03-01 12:04:00,GRFS,7.065000057220459,7.065000057220459,7.070000171661377,7.059999942779541,7.065000057220459,3350.0
2024-03-01 12:04:00,GRPH,3.4749999046325684,3.4749999046325684,3.4749999046325684,3.4749999046325684,3.4749999046325684,100.0
2024-03-01 12:04:00,GRTS,2.194999933242798,2.194999933242798,2.2049999237060547,2.190000057220459,2.200000047683716,45427.0
2024-03-01 12:04:00,GTHX,3.619999885559082,3.619999885559082,3.619999885559082,3.619999885559082,3.619999885559082,315.0
2024-03-01 12:04:00,HALO,41.21500015258789,41.21500015258789,41.21500015258789,41.209999084472656,41.209999084472656,435.0
2024-03-01 12:04:00,HARP,22.9424991607666,22.9424991607666,22.9424991607666,22.9424991607666,22.9424991607666,101.0
2024-03-01 12:04:00,HCAT,7.929999828338623,7.929999828338623,7.929999828338623,7.909999847412109,7.909999847412109,2280.0
2024-03-01 12:04:00,HCTI,2.5,2.5,2.5471999645233154,2.5,2.516400098800659,2325.0
2024-03-01 12:04:00,HITI,1.7699999809265137,1.7699999809265137,1.7699999809265137,1.7699999809265137,1.7699999809265137,500.0
2024-03-01 12:04:00,HLTH,0.27000001072883606,0.27000001072883606,0.27000001072883606,0.27000001072883606,0.27000001072883606,639.0
2024-03-01 12:04:00,HLVX,18.709999084472656,18.709999084472656,18.709999084472656,18.709999084472656,18.709999084472656,194.0
2024-03-01 12:04:00,HOLX,73.66999816894531,73.66999816894531,73.66999816894531,73.66000366210938,73.66000366210938,480.0
2024-03-01 12:04:00,HQY,81.54000091552734,81.54000091552734,81.54000091552734,81.37999725341797,81.37999725341797,2776.0
2024-03-01 12:04:00,HRMY,31.489999771118164,31.489999771118164,31.5,31.46500015258789,31.489999771118164,2107.0
2024-03-01 12:04:00,HRTX,2.5999999046325684,2.5999999046325684,2.5999999046325684,2.5899999141693115,2.5899999141693115,4724.0
2024-03-01 12:04:00,HSIC,76.91000366210938,76.91000366210938,77.0199966430664,76.91000366210938,76.9800033569336,2531.0
2024-03-01 12:04:00,HSTM,27.329999923706055,27.329999923706055,27.329999923706055,27.329999923706055,27.329999923706055,294.0
2024-03-01 12:04:00,HUMA,3.375,3.375,3.380000114440918,3.369999885559082,3.372299909591675,10789.0
2024-03-01 12:04:00,IART,36.5,36.5,36.5099983215332,36.4900016784668,36.4900016784668,1543.0
2024-03-01 12:04:00,IBRX,4.869999885559082,4.869999885559082,4.869999885559082,4.860000133514404,4.860000133514404,2468.0
2024-03-01 12:04:00,IDYA,46.20000076293945,46.20000076293945,46.20000076293945,46.150001525878906,46.150001525878906,2779.0
2024-03-01 12:04:00,IFRX,1.850000023841858,1.850000023841858,1.850000023841858,1.8450000286102295,1.8450000286102295,2853.0
2024-03-01 12:04:00,IGMS,13.404999732971191,13.404999732971191,13.404999732971191,13.404999732971191,13.404999732971191,347.0
2024-03-01 12:04:00,IKNA,1.4700000286102295,1.4700000286102295,1.4700000286102295,1.4700000286102295,1.4700000286102295,4687.0
2024-03-01 12:04:00,ILMN,142.0399932861328,142.0399932861328,142.0399932861328,142.0399932861328,142.0399932861328,471.0
2024-03-01 12:04:00,IMAB,1.8309999704360962,1.8309999704360962,1.8309999704360962,1.8300000429153442,1.8300000429153442,502.0
2024-03-01 12:04:00,IMCR,68.0999984741211,68.0999984741211,68.0999984741211,68.0999984741211,68.0999984741211,225.0
2024-03-01 12:04:00,IMUX,1.4850000143051147,1.4850000143051147,1.4850000143051147,1.4850000143051147,1.4850000143051147,123.0
2024-03-01 12:04:00,IMVT,36.375,36.375,36.400001525878906,36.375,36.400001525878906,1023.0
2024-03-01 12:04:00,INBX,36.685001373291016,36.685001373291016,36.685001373291016,36.685001373291016,36.685001373291016,261.0
2024-03-01 12:04:00,INCY,59.119998931884766,59.119998931884766,59.119998931884766,59.08000183105469,59.08000183105469,3741.0
2024-03-01 12:04:00,INGN,6.880000114440918,6.880000114440918,6.880000114440918,6.869999885559082,6.869999885559082,4579.0
2024-03-01 12:04:00,INMD,22.795000076293945,22.795000076293945,22.799999237060547,22.790000915527344,22.790000915527344,1622.0
2024-03-01 12:04:00,INO,9.248900413513184,9.248900413513184,9.248900413513184,9.248900413513184,9.248900413513184,502.0
2024-03-01 12:04:00,INSM,28.334400177001953,28.334400177001953,28.334400177001953,28.260000228881836,28.260000228881836,2187.0
2024-03-01 12:04:00,INVA,15.630000114440918,15.630000114440918,15.640000343322754,15.630000114440918,15.640000343322754,1242.0
2024-03-01 12:04:00,INVO,1.159999966621399,1.159999966621399,1.159999966621399,1.159999966621399,1.159999966621399,1115.0
2024-03-01 12:04:00,INZY,6.570000171661377,6.570000171661377,6.570000171661377,6.570000171661377,6.570000171661377,262.0
2024-03-01 12:04:00,IONM,0.335099995136261,0.335099995136261,0.335099995136261,0.335099995136261,0.335099995136261,1109.0
2024-03-01 12:04:00,IONS,45.935001373291016,45.935001373291016,45.935001373291016,45.90660095214844,45.90660095214844,724.0
2024-03-01 12:04:00,IOVA,16.760000228881836,16.760000228881836,16.764999389648438,16.68000030517578,16.68000030517578,16209.0
2024-03-01 12:04:00,IRTC,121.19000244140625,121.19000244140625,121.19000244140625,121.19000244140625,121.19000244140625,326.0
2024-03-01 12:04:00,IRWD,9.09000015258789,9.09000015258789,9.09000015258789,9.0600004196167,9.069999694824219,14085.0
2024-03-01 12:04:00,ISRG,393.8500061035156,393.8500061035156,394.04998779296875,393.8500061035156,394.04998779296875,1055.0
2024-03-01 12:04:00,ITRM,1.2400000095367432,1.2400000095367432,1.2400000095367432,1.2400000095367432,1.2400000095367432,608.0
2024-03-01 12:04:00,IVVD,4.019999980926514,4.019999980926514,4.019999980926514,4.019999980926514,4.019999980926514,310.0
2024-03-01 12:04:00,IXHL,5.409999847412109,5.409999847412109,5.429999828338623,5.409999847412109,5.429999828338623,422.0
2024-03-01 12:04:00,JAGX,0.07100000232458115,0.07100000232458115,0.07169999927282333,0.07100000232458115,0.07150000333786011,107932.0
2024-03-01 12:04:00,JANX,46.77510070800781,46.77510070800781,46.849998474121094,46.77510070800781,46.81999969482422,2588.0
2024-03-01 12:04:00,KALV,14.0,14.0,14.0,13.920000076293945,13.930000305175781,3300.0
2024-03-01 12:04:00,KNSA,21.790000915527344,21.790000915527344,21.790000915527344,21.770000457763672,21.770000457763672,937.0
2024-03-01 12:04:00,KNTE,2.6201000213623047,2.6201000213623047,2.6201000213623047,2.619999885559082,2.619999885559082,2928.0
2024-03-01 12:04:00,KOD,6.119999885559082,6.119999885559082,6.119999885559082,6.119999885559082,6.119999885559082,402.0
2024-03-01 12:04:00,KPTI,1.2050000429153442,1.2050000429153442,1.2050000429153442,1.2050000429153442,1.2050000429153442,1210.0
2024-03-01 12:04:00,KRON,1.0399999618530273,1.0399999618530273,1.0399999618530273,1.0399999618530273,1.0399999618530273,724.0
2024-03-01 12:04:00,KROS,70.375,70.375,70.375,70.1500015258789,70.1500015258789,1056.0
2024-03-01 12:04:00,KRTX,316.57000732421875,316.57000732421875,316.57000732421875,316.57000732421875,316.57000732421875,105.0
2024-03-01 12:04:00,KTRA,0.09690000116825104,0.09690000116825104,0.09690000116825104,0.09690000116825104,0.09690000116825104,14054.0
2024-03-01 12:04:00,KURA,21.280000686645508,21.280000686645508,21.299999237060547,21.260000228881836,21.260000228881836,3086.0
2024-03-01 12:04:00,KYMR,43.81999969482422,43.81999969482422,43.92499923706055,43.81999969482422,43.86000061035156,9162.0
2024-03-01 12:04:00,KZR,1.0800000429153442,1.0800000429153442,1.0800000429153442,1.0800000429153442,1.0800000429153442,101.0
2024-03-01 12:04:00,LAB,2.4700000286102295,2.4700000286102295,2.4700000286102295,2.4700000286102295,2.4700000286102295,4130.0
2024-03-01 12:04:00,LEGN,65.87000274658203,65.87000274658203,65.92500305175781,65.86000061035156,65.88999938964844,1475.0
2024-03-01 12:04:00,LEXX,2.710099935531616,2.710099935531616,2.710099935531616,2.710099935531616,2.710099935531616,2100.0
2024-03-01 12:04:00,LFMD,7.980000019073486,7.980000019073486,7.980000019073486,7.980000019073486,7.980000019073486,322.0
2024-03-01 12:04:00,LFST,7.949999809265137,7.949999809265137,7.96999979019165,7.949999809265137,7.96999979019165,5310.0
2024-03-01 12:04:00,LGVN,0.5458999872207642,0.5458999872207642,0.5458999872207642,0.5458999872207642,0.5458999872207642,104.0
2024-03-01 12:04:00,LIAN,4.859899997711182,4.859899997711182,4.859899997711182,4.855000019073486,4.855000019073486,636.0
2024-03-01 12:04:00,LNTH,65.44999694824219,65.44999694824219,65.44999694824219,65.30999755859375,65.30999755859375,705.0
2024-03-01 12:04:00,LQDA,14.289999961853027,14.289999961853027,14.289999961853027,14.258999824523926,14.260000228881836,1623.0
2024-03-01 12:04:00,LUNG,9.170000076293945,9.170000076293945,9.170000076293945,9.170000076293945,9.170000076293945,213.0
2024-03-01 12:04:00,LXRX,2.450000047683716,2.450000047683716,2.450000047683716,2.4412999153137207,2.4412999153137207,852.0
2024-03-01 12:04:00,MACK,14.720000267028809,14.720000267028809,14.720000267028809,14.720000267028809,14.720000267028809,103.0
2024-03-01 12:04:00,MASI,127.80000305175781,127.80000305175781,127.80000305175781,127.80000305175781,127.80000305175781,268.0
2024-03-01 12:04:00,MCRB,1.190000057220459,1.190000057220459,1.1950000524520874,1.190000057220459,1.1950000524520874,2317.0
2024-03-01 12:04:00,MDGL,246.5800018310547,246.5800018310547,246.7899932861328,246.5800018310547,246.72500610351562,1583.0
2024-03-01 12:04:00,MDRX,6.019999980926514,6.019999980926514,6.050000190734863,6.019999980926514,6.050000190734863,15286.0
2024-03-01 12:04:00,MDXG,8.539999961853027,8.539999961853027,8.539999961853027,8.529999732971191,8.529999732971191,2947.0
2024-03-01 12:04:00,ME,0.5634999871253967,0.5634999871253967,0.5669999718666077,0.5627999901771545,0.5661500096321106,16249.0
2024-03-01 12:04:00,MEDS,9.326899528503418,9.326899528503418,9.326899528503418,9.326899528503418,9.326899528503418,319.0
2024-03-01 12:04:00,MGTX,6.329999923706055,6.329999923706055,6.340000152587891,6.329999923706055,6.340000152587891,296.0
2024-03-01 12:04:00,MIRM,30.020000457763672,30.020000457763672,30.020000457763672,30.020000457763672,30.020000457763672,515.0
2024-03-01 12:04:00,MLTX,52.040000915527344,52.040000915527344,52.040000915527344,52.040000915527344,52.040000915527344,597.0
2024-03-01 12:04:00,MMSI,76.6050033569336,76.6050033569336,76.6050033569336,76.58999633789062,76.58999633789062,1593.0
2024-03-01 12:04:00,MNKD,4.539999961853027,4.539999961853027,4.550000190734863,4.53000020980835,4.53000020980835,46287.0
2024-03-01 12:04:00,MNMD,6.177599906921387,6.177599906921387,6.179999828338623,6.170000076293945,6.179999828338623,2205.0
2024-03-01 12:04:00,MNPR,0.8399999737739563,0.8399999737739563,0.8399999737739563,0.8399999737739563,0.8399999737739563,153.0
2024-03-01 12:04:00,MODV,28.174999237060547,28.174999237060547,28.174999237060547,28.174999237060547,28.174999237060547,412.0
2024-03-01 12:04:00,MORF,39.060001373291016,39.060001373291016,39.060001373291016,38.959999084472656,38.959999084472656,654.0
2024-03-01 12:04:00,MRAI,1.545699954032898,1.545699954032898,1.559999942779541,1.545699954032898,1.559999942779541,3699.0
2024-03-01 12:04:00,MREO,3.869999885559082,3.869999885559082,3.875,3.859999895095825,3.859999895095825,6737.0
2024-03-01 12:04:00,MRNA,96.20999908447266,96.20999908447266,96.2699966430664,96.17500305175781,96.17500305175781,11326.0
2024-03-01 12:04:00,MRSN,5.945000171661377,5.945000171661377,5.945000171661377,5.940000057220459,5.940000057220459,1113.0
2024-03-01 12:04:00,MRUS,51.875,51.875,51.875,51.80500030517578,51.80500030517578,200.0
2024-03-01 12:04:00,MRVI,7.820000171661377,7.820000171661377,7.820000171661377,7.815000057220459,7.815000057220459,2114.0
2024-03-01 12:04:00,MXCT,4.730000019073486,4.730000019073486,4.730000019073486,4.730000019073486,4.730000019073486,514.0
2024-03-01 12:04:00,MYGN,21.600000381469727,21.600000381469727,21.600000381469727,21.59000015258789,21.59000015258789,605.0
2024-03-01 12:04:00,NARI,46.099998474121094,46.099998474121094,46.099998474121094,46.099998474121094,46.099998474121094,243.0
2024-03-01 12:04:00,NAUT,2.6700000762939453,2.6700000762939453,2.6700000762939453,2.6700000762939453,2.6700000762939453,200.0
2024-03-01 12:04:00,NBIX,131.80999755859375,131.80999755859375,131.80999755859375,131.69000244140625,131.69000244140625,1177.0
2024-03-01 12:04:00,NEO,16.0,16.0,16.0,15.989999771118164,15.989999771118164,581.0
2024-03-01 12:04:00,NEOG,17.30500030517578,17.30500030517578,17.30500030517578,17.295000076293945,17.299999237060547,578.0
2024-03-01 12:04:00,NGM,1.5299999713897705,1.5299999713897705,1.5299999713897705,1.5299999713897705,1.5299999713897705,785.0
2024-03-01 12:04:00,NKTR,0.7699000239372253,0.7699000239372253,0.7728000283241272,0.7689999938011169,0.7689999938011169,19455.0
2024-03-01 12:04:00,NKTX,12.8100004196167,12.8100004196167,12.8100004196167,12.789999961853027,12.789999961853027,895.0
2024-03-01 12:04:00,NNOX,11.145000457763672,11.145000457763672,11.154999732971191,11.140000343322754,11.149999618530273,4217.0
2024-03-01 12:04:00,NOTV,8.039999961853027,8.039999961853027,8.069999694824219,8.039999961853027,8.0600004196167,2522.0
2024-03-01 12:04:00,NRBO,5.920000076293945,5.920000076293945,5.920000076293945,5.840000152587891,5.869999885559082,1906.0
2024-03-01 12:04:00,NRIX,13.329999923706055,13.329999923706055,13.329999923706055,13.329999923706055,13.329999923706055,758.0
2024-03-01 12:04:00,NRXP,0.4099999964237213,0.4099999964237213,0.4189999997615814,0.4099999964237213,0.4189999997615814,570.0
2024-03-01 12:04:00,NTLA,33.560001373291016,33.560001373291016,33.560001373291016,33.380001068115234,33.380001068115234,3312.0
2024-03-01 12:04:00,NTRA,89.01499938964844,89.01499938964844,89.12999725341797,88.81500244140625,88.88999938964844,10056.0
2024-03-01 12:04:00,NUTX,0.11400000005960464,0.11400000005960464,0.11400000005960464,0.11400000005960464,0.11400000005960464,177.0
2024-03-01 12:04:00,NUVL,87.69999694824219,87.69999694824219,87.70999908447266,87.69999694824219,87.70999908447266,542.0
2024-03-01 12:04:00,NVAX,5.125,5.125,5.130000114440918,5.110000133514404,5.110000133514404,5278.0
2024-03-01 12:04:00,NVCR,15.895000457763672,15.895000457763672,15.899999618530273,15.8100004196167,15.8100004196167,7277.0
2024-03-01 12:04:00,NXTC,1.7949999570846558,1.7949999570846558,1.7949999570846558,1.7949999570846558,1.7949999570846558,319.0
2024-03-01 12:04:00,OCGN,0.9474999904632568,0.9474999904632568,0.9495000243186951,0.9469000101089478,0.9495000243186951,1583.0
2024-03-01 12:04:00,OCUL,10.739999771118164,10.739999771118164,10.75,10.6899995803833,10.6899995803833,11263.0
2024-03-01 12:04:00,OFIX,12.84000015258789,12.84000015258789,12.84000015258789,12.84000015258789,12.84000015258789,893.0
2024-03-01 12:04:00,OGI,2.1607000827789307,2.1607000827789307,2.1649999618530273,2.1600000858306885,2.1600000858306885,1767.0
2024-03-01 12:04:00,OLMA,13.776200294494629,13.776200294494629,13.776200294494629,13.707099914550781,13.720000267028809,4278.0
2024-03-01 12:04:00,OMCL,26.440000534057617,26.440000534057617,26.440000534057617,26.440000534057617,26.440000534057617,619.0
2024-03-01 12:04:00,OMER,4.735000133514404,4.735000133514404,4.739999771118164,4.735000133514404,4.739999771118164,1988.0
2024-03-01 12:04:00,OMGA,4.210000038146973,4.210000038146973,4.230999946594238,4.210000038146973,4.230999946594238,4151.0
2024-03-01 12:04:00,ONTX,0.8101000189781189,0.8101000189781189,0.8101000189781189,0.8101000189781189,0.8101000189781189,123.0
2024-03-01 12:05:00,ABEO,7.710000038146973,7.710000038146973,7.710000038146973,7.710000038146973,7.710000038146973,100.0
2024-03-01 12:05:00,ABOS,4.684999942779541,4.684999942779541,4.690000057220459,4.684999942779541,4.690000057220459,976.0
2024-03-01 12:05:00,ABSI,5.239999771118164,5.239999771118164,5.244999885559082,5.230000019073486,5.239999771118164,1897.0
2024-03-01 12:05:00,ACAD,23.84000015258789,23.84000015258789,23.84000015258789,23.84000015258789,23.84000015258789,663.0
2024-03-01 12:05:00,ACB,3.16129994392395,3.16129994392395,3.1649999618530273,3.160099983215332,3.1626999378204346,2093.0
2024-03-01 12:05:00,ACET,2.4049999713897705,2.4049999713897705,2.4100000858306885,2.4000000953674316,2.4049999713897705,744.0
2024-03-01 12:05:00,ACHL,1.3580000400543213,1.3580000400543213,1.3580000400543213,1.350000023841858,1.350000023841858,307.0
2024-03-01 12:05:00,ACHV,4.284999847412109,4.284999847412109,4.289999961853027,4.284999847412109,4.289999961853027,475.0
2024-03-01 12:05:00,ACLX,67.52999877929688,67.52999877929688,67.56999969482422,67.50499725341797,67.50499725341797,1573.0
2024-03-01 12:05:00,ACON,0.3880000114440918,0.3880000114440918,0.3880000114440918,0.38749998807907104,0.38749998807907104,300.0
2024-03-01 12:05:00,ACRS,1.2300000190734863,1.2300000190734863,1.2300000190734863,1.2200000286102295,1.2300000190734863,1350.0
2024-03-01 12:05:00,ADAP,1.6299999952316284,1.6299999952316284,1.6299999952316284,1.6299999952316284,1.6299999952316284,352.0
2024-03-01 12:05:00,ADIL,3.049999952316284,3.049999952316284,3.0899999141693115,3.0,3.0715999603271484,80928.0
2024-03-01 12:05:00,ADMA,5.385000228881836,5.385000228881836,5.388500213623047,5.380000114440918,5.385000228881836,2883.0
2024-03-01 12:05:00,ADUS,93.81999969482422,93.81999969482422,93.81999969482422,93.81999969482422,93.81999969482422,238.0
2024-03-01 12:05:00,ADVM,1.9550000429153442,1.9550000429153442,1.9550000429153442,1.9500000476837158,1.9550000429153442,908.0
2024-03-01 12:05:00,AFIB,0.20900000631809235,0.20900000631809235,0.20999999344348907,0.20810000598430634,0.20810000598430634,8420.0
2024-03-01 12:05:00,AFMD,0.6100000143051147,0.6100000143051147,0.6100000143051147,0.6100000143051147,0.6100000143051147,10051.0
2024-03-01 12:05:00,AGEN,0.6743500232696533,0.6743500232696533,0.6743999719619751,0.6743000149726868,0.6743999719619751,13515.0
2024-03-01 12:05:00,AGIO,32.91999816894531,32.91999816894531,32.935001373291016,32.91999816894531,32.935001373291016,1677.0
2024-03-01 12:05:00,AHCO,10.777999877929688,10.777999877929688,10.777999877929688,10.774999618530273,10.774999618530273,339.0
2024-03-01 12:05:00,AIMD,0.9506000280380249,0.9506000280380249,0.9506000280380249,0.9502999782562256,0.9502999782562256,1044.0
2024-03-01 12:05:00,AIRS,6.40500020980835,6.40500020980835,6.40500020980835,6.40500020980835,6.40500020980835,100.0
2024-03-01 12:05:00,AKAN,0.23999999463558197,0.23999999463558197,0.2443999946117401,0.23999999463558197,0.24150000512599945,8803.0
2024-03-01 12:05:00,AKBA,1.6749999523162842,1.6749999523162842,1.6799999475479126,1.6749999523162842,1.6799999475479126,11417.0
2024-03-01 12:05:00,AKRO,29.87420082092285,29.87420082092285,29.875,29.850000381469727,29.850000381469727,1079.0
2024-03-01 12:05:00,AKYA,6.074999809265137,6.074999809265137,6.099999904632568,6.055799961090088,6.055799961090088,2061.0
2024-03-01 12:05:00,ALDX,4.114999771118164,4.114999771118164,4.119999885559082,4.114999771118164,4.119999885559082,524.0
2024-03-01 12:05:00,ALGN,302.0849914550781,302.0849914550781,302.0849914550781,301.989990234375,302.0,1356.0
2024-03-01 12:05:00,ALHC,5.769999980926514,5.769999980926514,5.784999847412109,5.769999980926514,5.780099868774414,5049.0
2024-03-01 12:05:00,ALKS,30.25,30.25,30.2549991607666,30.25,30.2549991607666,985.0
2024-03-01 12:05:00,ALLK,1.6074999570846558,1.6074999570846558,1.6074999570846558,1.6050000190734863,1.6050000190734863,1310.0
2024-03-01 12:05:00,ALLO,5.050000190734863,5.050000190734863,5.050000190734863,5.045000076293945,5.050000190734863,1164.0
2024-03-01 12:05:00,ALNY,153.6300048828125,153.6300048828125,153.6300048828125,153.6300048828125,153.6300048828125,235.0
2024-03-01 12:05:00,ALPN,35.75,35.75,35.790000915527344,35.75,35.790000915527344,641.0
2024-03-01 12:05:00,ALT,12.010000228881836,12.010000228881836,12.015000343322754,11.990099906921387,11.990099906921387,6676.0
2024-03-01 12:05:00,ALVO,15.640000343322754,15.640000343322754,15.640000343322754,15.640000343322754,15.640000343322754,227.0
2024-03-01 12:05:00,ALVR,0.7563999891281128,0.7563999891281128,0.7563999891281128,0.7563999891281128,0.7563999891281128,1315.0
2024-03-01 12:05:00,ALXO,15.069999694824219,15.069999694824219,15.100000381469727,15.069999694824219,15.069999694824219,1411.0
2024-03-01 12:05:00,ALZN,0.9021999835968018,0.9021999835968018,0.9021999835968018,0.9021999835968018,0.9021999835968018,351.0
2024-03-01 12:05:00,AMED,93.0,93.0,93.0,93.0,93.0,100.0
2024-03-01 12:05:00,AMGN,281.7799987792969,281.7799987792969,281.80999755859375,281.7550048828125,281.7900085449219,8830.0
2024-03-01 12:05:00,AMPH,45.42499923706055,45.42499923706055,45.42499923706055,45.42499923706055,45.42499923706055,310.0
2024-03-01 12:05:00,AMRN,1.0549999475479126,1.0549999475479126,1.0549999475479126,1.0499999523162842,1.0504000186920166,5698.0
2024-03-01 12:05:00,ANIP,66.06999969482422,66.06999969482422,66.06999969482422,66.06999969482422,66.06999969482422,100.0
2024-03-01 12:05:00,APLS,65.38999938964844,65.38999938964844,65.4000015258789,65.38999938964844,65.4000015258789,897.0
2024-03-01 12:05:00,APLT,7.099999904632568,7.099999904632568,7.119999885559082,7.09499979019165,7.119999885559082,5251.0
2024-03-01 12:05:00,APTO,1.7899999618530273,1.7899999618530273,1.7899999618530273,1.7899999618530273,1.7899999618530273,101.0
2024-03-01 12:05:00,AQST,4.335000038146973,4.335000038146973,4.340000152587891,4.320000171661377,4.335000038146973,9429.0
2024-03-01 12:05:00,ARCT,39.685001373291016,39.685001373291016,39.685001373291016,39.685001373291016,39.685001373291016,799.0
2024-03-01 12:05:00,ARDX,9.649999618530273,9.649999618530273,9.649999618530273,9.649999618530273,9.649999618530273,3774.0
2024-03-01 12:05:00,ARGX,389.29998779296875,389.29998779296875,389.29998779296875,389.29998779296875,389.29998779296875,428.0
2024-03-01 12:05:00,ARQT,11.500399589538574,11.500399589538574,11.5600004196167,11.494999885559082,11.5600004196167,21102.0
2024-03-01 12:05:00,ARVN,49.12480163574219,49.12480163574219,49.12480163574219,49.064998626708984,49.064998626708984,271.0
2024-03-01 12:05:00,ARWR,35.130001068115234,35.130001068115234,35.22999954223633,35.099998474121094,35.22999954223633,9708.0
2024-03-01 12:05:00,ASMB,13.175000190734863,13.175000190734863,13.175000190734863,13.175000190734863,13.175000190734863,591.0
2024-03-01 12:05:00,ASRT,0.9200000166893005,0.9200000166893005,0.9200000166893005,0.9200000166893005,0.9200000166893005,308.0
2024-03-01 12:05:00,ATAI,2.119999885559082,2.119999885559082,2.119999885559082,2.109999895095825,2.109999895095825,10693.0
2024-03-01 12:05:00,ATEC,13.59000015258789,13.59000015258789,13.600000381469727,13.59000015258789,13.600000381469727,2974.0
2024-03-01 12:05:00,ATHA,3.9600000381469727,3.9600000381469727,3.9600000381469727,3.9600000381469727,3.9600000381469727,216.0
2024-03-01 12:05:00,ATRA,0.794700026512146,0.794700026512146,0.794700026512146,0.7897999882698059,0.7900000214576721,11097.0
2024-03-01 12:05:00,ATXS,14.90999984741211,14.90999984741211,14.90999984741211,14.90999984741211,14.90999984741211,200.0
2024-03-01 12:05:00,AUGX,4.614999771118164,4.614999771118164,4.614999771118164,4.614999771118164,4.614999771118164,300.0
2024-03-01 12:05:00,AUPH,5.789999961853027,5.789999961853027,5.795000076293945,5.789999961853027,5.795000076293945,2297.0
2024-03-01 12:05:00,AUTL,6.285999774932861,6.285999774932861,6.285999774932861,6.285999774932861,6.285999774932861,510.0
2024-03-01 12:05:00,AVDL,12.960000038146973,12.960000038146973,12.989999771118164,12.770000457763672,12.850000381469727,23607.0
2024-03-01 12:05:00,AVRO,1.340000033378601,1.340000033378601,1.340000033378601,1.340000033378601,1.340000033378601,900.0
2024-03-01 12:05:00,AVTE,23.700000762939453,23.700000762939453,23.700000762939453,23.700000762939453,23.700000762939453,343.0
2024-03-01 12:05:00,AXNX,67.25,67.25,67.2699966430664,67.23999786376953,67.2699966430664,1473.0
2024-03-01 12:05:00,AZN,64.6500015258789,64.6500015258789,64.66000366210938,64.6500015258789,64.65499877929688,1383.0
2024-03-01 12:05:00,BBIO,36.08599853515625,36.08599853515625,36.09000015258789,36.03499984741211,36.09000015258789,427.0
2024-03-01 12:05:00,BBLG,2.299999952316284,2.299999952316284,2.309999942779541,2.299999952316284,2.309999942779541,368.0
2024-03-01 12:05:00,BCAB,2.744999885559082,2.744999885559082,2.744999885559082,2.744999885559082,2.744999885559082,211.0
2024-03-01 12:05:00,BCDA,0.5699999928474426,0.5699999928474426,0.5699999928474426,0.5699999928474426,0.5699999928474426,113.0
2024-03-01 12:05:00,BCRX,5.797500133514404,5.797500133514404,5.800000190734863,5.789999961853027,5.789999961853027,25880.0
2024-03-01 12:05:00,BCYC,25.850000381469727,25.850000381469727,25.850000381469727,25.850000381469727,25.850000381469727,230.0
2024-03-01 12:05:00,BDSX,1.6100000143051147,1.6100000143051147,1.6100000143051147,1.6100000143051147,1.6100000143051147,1607.0
2024-03-01 12:05:00,BDTX,5.050000190734863,5.050000190734863,5.050000190734863,5.050000190734863,5.050000190734863,214.0
2024-03-01 12:05:00,BEAM,40.005001068115234,40.005001068115234,40.05500030517578,39.9900016784668,40.05500030517578,4104.0
2024-03-01 12:05:00,BGXX,0.26840001344680786,0.26840001344680786,0.26840001344680786,0.2682580053806305,0.26829999685287476,1292.0
2024-03-01 12:05:00,BIIB,220.0,220.0,220.07940673828125,219.9499969482422,219.9700927734375,2513.0
2024-03-01 12:05:00,BIMI,3.7799999713897705,3.7799999713897705,3.7799999713897705,3.7799999713897705,3.7799999713897705,210.0
2024-03-01 12:05:00,BIOL,0.13705000281333923,0.13705000281333923,0.1370989978313446,0.13705000281333923,0.1370989978313446,500.0
2024-03-01 12:05:00,BIVI,1.8700000047683716,1.8700000047683716,1.9199999570846558,1.850000023841858,1.909999966621399,499675.0
2024-03-01 12:05:00,BLRX,1.378999948501587,1.378999948501587,1.378999948501587,1.378999948501587,1.378999948501587,2072.0
2024-03-01 12:05:00,BLUE,1.5898000001907349,1.5898000001907349,1.590000033378601,1.5799000263214111,1.5799000263214111,49763.0
2024-03-01 12:05:00,BMEA,17.934999465942383,17.934999465942383,17.934999465942383,17.920000076293945,17.920000076293945,616.0
2024-03-01 12:05:00,BMRN,86.93000030517578,86.93000030517578,86.95999908447266,86.93000030517578,86.94999694824219,1628.0
2024-03-01 12:05:00,BNGO,1.25,1.25,1.2549999952316284,1.25,1.25,17327.0
2024-03-01 12:05:00,BNR,0.8367000222206116,0.8367000222206116,0.8460000157356262,0.8367000222206116,0.8413500189781189,1975.0
2024-03-01 12:05:00,BNTX,91.8499984741211,91.8499984741211,91.8949966430664,91.75,91.75,1177.0
2024-03-01 12:05:00,BRKR,87.91000366210938,87.91000366210938,87.91000366210938,87.9000015258789,87.91000366210938,896.0
2024-03-01 12:05:00,BSGM,0.6299999952316284,0.6299999952316284,0.6299999952316284,0.6299999952316284,0.6299999952316284,9390.0
2024-03-01 12:05:00,BTAI,3.244999885559082,3.244999885559082,3.244999885559082,3.244999885559082,3.244999885559082,161.0
2024-03-01 12:05:00,BVS,4.715000152587891,4.715000152587891,4.715000152587891,4.715000152587891,4.715000152587891,273.0
2024-03-01 12:05:00,CABA,24.110000610351562,24.110000610351562,24.110000610351562,24.110000610351562,24.110000610351562,275.0
2024-03-01 12:05:00,CAPR,4.550099849700928,4.550099849700928,4.551000118255615,4.550000190734863,4.551000118255615,865.0
2024-03-01 12:05:00,CBAY,32.244998931884766,32.244998931884766,32.25,32.244998931884766,32.244998931884766,1157.0
2024-03-01 12:05:00,CCCC,10.904999732971191,10.904999732971191,10.9350004196167,10.904999732971191,10.9350004196167,2049.0
2024-03-01 12:05:00,CCRN,18.190000534057617,18.190000534057617,18.190000534057617,18.18000030517578,18.18000030517578,2499.0
2024-03-01 12:05:00,CDMO,8.109999656677246,8.109999656677246,8.109999656677246,8.109999656677246,8.109999656677246,120.0
2024-03-01 12:05:00,CDNA,12.529999732971191,12.529999732971191,12.550000190734863,12.529999732971191,12.550000190734863,1950.0
2024-03-01 12:05:00,CDXS,4.539999961853027,4.539999961853027,4.539999961853027,4.534999847412109,4.539999961853027,2292.0
2024-03-01 12:05:00,CERE,41.1150016784668,41.1150016784668,41.119998931884766,41.11000061035156,41.119998931884766,1229.0
2024-03-01 12:05:00,CERS,2.2100000381469727,2.2100000381469727,2.2149999141693115,2.2100000381469727,2.2149999141693115,400.0
2024-03-01 12:05:00,CGC,3.265000104904175,3.265000104904175,3.2750000953674316,3.259999990463257,3.2701001167297363,7085.0
2024-03-01 12:05:00,CGEM,18.959999084472656,18.959999084472656,18.959999084472656,18.959999084472656,18.959999084472656,102.0
2024-03-01 12:05:00,CGEN,2.690000057220459,2.690000057220459,2.690000057220459,2.679500102996826,2.679500102996826,906.0
2024-03-01 12:05:00,CGTX,2.069999933242798,2.069999933242798,2.0799999237060547,2.069999933242798,2.0799999237060547,1326.0
2024-03-01 12:05:00,CHRS,2.359999895095825,2.359999895095825,2.365000009536743,2.359999895095825,2.359999895095825,6957.0
2024-03-01 12:05:00,CLDX,51.93000030517578,51.93000030517578,52.095001220703125,51.93000030517578,52.095001220703125,8745.0
2024-03-01 12:05:00,CLOV,0.8654999732971191,0.8654999732971191,0.8655999898910522,0.8654999732971191,0.8654999732971191,17469.0
2024-03-01 12:05:00,CLPT,6.760000228881836,6.760000228881836,6.760000228881836,6.760000228881836,6.760000228881836,1797.0
2024-03-01 12:05:00,CLRB,4.099999904632568,4.099999904632568,4.099999904632568,4.090000152587891,4.090000152587891,1600.0
2024-03-01 12:05:00,CMPS,11.520000457763672,11.520000457763672,11.529999732971191,11.470000267028809,11.505000114440918,1189.0
2024-03-01 12:05:00,CNTA,10.859999656677246,10.859999656677246,10.859999656677246,10.859999656677246,10.859999656677246,217.0
2024-03-01 12:05:00,CODX,1.1591999530792236,1.1591999530792236,1.1591999530792236,1.1591999530792236,1.1591999530792236,596.0
2024-03-01 12:05:00,COGT,7.190000057220459,7.190000057220459,7.190000057220459,7.190000057220459,7.190000057220459,769.0
2024-03-01 12:05:00,COLL,37.029998779296875,37.029998779296875,37.029998779296875,37.029998779296875,37.029998779296875,139.0
2024-03-01 12:05:00,CORT,23.770000457763672,23.770000457763672,23.770000457763672,23.770000457763672,23.770000457763672,275.0
2024-03-01 12:05:00,CPRX,17.15999984741211,17.15999984741211,17.15999984741211,17.100000381469727,17.104999542236328,5834.0
2024-03-01 12:05:00,CPSI,9.449999809265137,9.449999809265137,9.449999809265137,9.380000114440918,9.380000114440918,800.0
2024-03-01 12:05:00,CRBP,32.029998779296875,32.029998779296875,32.029998779296875,32.01499938964844,32.01499938964844,531.0
2024-03-01 12:05:00,CRBU,8.015000343322754,8.015000343322754,8.03499984741211,8.015000343322754,8.029999732971191,2564.0
2024-03-01 12:05:00,CRDF,2.259999990463257,2.259999990463257,2.259999990463257,2.2200000286102295,2.2390999794006348,134712.0
2024-03-01 12:05:00,CRDL,1.9522000551223755,1.9522000551223755,1.9522000551223755,1.9522000551223755,1.9522000551223755,791.0
2024-03-01 12:05:00,CRNX,45.880001068115234,45.880001068115234,45.97999954223633,45.880001068115234,45.91999816894531,1311.0
2024-03-01 12:05:00,CRON,2.059999942779541,2.059999942779541,2.059999942779541,2.059999942779541,2.059999942779541,9657.0
2024-03-01 12:05:00,CRSP,85.3550033569336,85.3550033569336,85.43499755859375,85.3550033569336,85.40160369873047,2686.0
2024-03-01 12:05:00,CSTL,20.049999237060547,20.049999237060547,20.079999923706055,20.040000915527344,20.040000915527344,1555.0
2024-03-01 12:05:00,CTKB,8.517499923706055,8.517499923706055,8.517499923706055,8.510000228881836,8.510000228881836,1262.0
2024-03-01 12:05:00,CTMX,2.6449999809265137,2.6449999809265137,2.6500000953674316,2.639899969100952,2.640000104904175,6664.0
2024-03-01 12:05:00,CUE,2.190000057220459,2.190000057220459,2.190000057220459,2.190000057220459,2.190000057220459,718.0
2024-03-01 12:05:00,CUTR,2.40910005569458,2.40910005569458,2.40910005569458,2.3991000652313232,2.3991000652313232,2533.0
2024-03-01 12:05:00,CYTK,73.8499984741211,73.8499984741211,73.8499984741211,73.79000091552734,73.82499694824219,389.0
2024-03-01 12:05:00,CYTO,2.1600000858306885,2.1600000858306885,2.1600000858306885,2.1600000858306885,2.1600000858306885,479.0
2024-03-01 12:05:00,DARE,0.5600000023841858,0.5600000023841858,0.5633000135421753,0.5600000023841858,0.5633000135421753,2857.0
2024-03-01 12:05:00,DAWN,17.5,17.5,17.520000457763672,17.5,17.520000457763672,408.0
2024-03-01 12:05:00,DCPH,17.6299991607666,17.6299991607666,17.699899673461914,17.6299991607666,17.699899673461914,1553.0
2024-03-01 12:05:00,DH,9.0,9.0,9.010000228881836,8.989999771118164,9.010000228881836,2099.0
2024-03-01 12:05:00,DMTK,0.8700000047683716,0.8700000047683716,0.8700000047683716,0.8399999737739563,0.8399999737739563,18014.0
2024-03-01 12:05:00,DNLI,20.905000686645508,20.905000686645508,20.90999984741211,20.899999618530273,20.899999618530273,1381.0
2024-03-01 12:05:00,DRRX,1.0,1.0,1.0,1.0,1.0,135.0
2024-03-01 12:05:00,DTIL,11.990099906921387,11.990099906921387,12.059900283813477,11.949999809265137,12.059900283813477,4559.0
2024-03-01 12:05:00,DVAX,12.854999542236328,12.854999542236328,12.859999656677246,12.854999542236328,12.854999542236328,707.0
2024-03-01 12:05:00,DXCM,120.57499694824219,120.57499694824219,120.6050033569336,120.37000274658203,120.41000366210938,17407.0
2024-03-01 12:05:00,DYN,28.969999313354492,28.969999313354492,29.040000915527344,28.969999313354492,29.040000915527344,3264.0
2024-03-01 12:05:00,EDIT,10.899999618530273,10.899999618530273,10.909899711608887,10.895000457763672,10.909899711608887,2278.0
2024-03-01 12:05:00,EFTR,15.0600004196167,15.0600004196167,15.0600004196167,15.0600004196167,15.0600004196167,120.0
2024-03-01 12:05:00,EGRX,6.739999771118164,6.739999771118164,6.739999771118164,6.739999771118164,6.739999771118164,624.0
2024-03-01 12:05:00,ELEV,4.840000152587891,4.840000152587891,4.840000152587891,4.800000190734863,4.804999828338623,5499.0
2024-03-01 12:05:00,EMBC,14.385000228881836,14.385000228881836,14.385000228881836,14.385000228881836,14.385000228881836,431.0
2024-03-01 12:05:00,ENVB,1.5599000453948975,1.5599000453948975,1.5599000453948975,1.5414999723434448,1.5414999723434448,2737.0
2024-03-01 12:05:00,EPIX,9.920000076293945,9.920000076293945,9.920000076293945,9.920000076293945,9.920000076293945,200.0
2024-03-01 12:05:00,EQ,2.4000000953674316,2.4000000953674316,2.4000000953674316,2.4000000953674316,2.4000000953674316,269.0
2024-03-01 12:05:00,ERAS,2.5299999713897705,2.5299999713897705,2.5299999713897705,2.5299999713897705,2.5299999713897705,200.0
2024-03-01 12:05:00,ESPR,2.5299999713897705,2.5299999713897705,2.5350000858306885,2.5299999713897705,2.5350000858306885,2148.0
2024-03-01 12:05:00,ESTA,45.560001373291016,45.560001373291016,45.560001373291016,45.560001373291016,45.560001373291016,226.0
2024-03-01 12:05:00,ETNB,12.960000038146973,12.960000038146973,13.010000228881836,12.960000038146973,13.0,4734.0
2024-03-01 12:05:00,EWTX,17.0,17.0,17.003599166870117,17.0,17.0,3608.0
2024-03-01 12:05:00,EXAI,6.800000190734863,6.800000190734863,6.804999828338623,6.800000190734863,6.804999828338623,242.0
2024-03-01 12:05:00,EXAS,59.58000183105469,59.58000183105469,59.630001068115234,59.58000183105469,59.630001068115234,1726.0
2024-03-01 12:05:00,EXEL,22.510000228881836,22.510000228881836,22.514999389648438,22.510000228881836,22.510000228881836,2305.0
2024-03-01 12:05:00,EYEN,2.2799999713897705,2.2799999713897705,2.2799999713897705,2.279900074005127,2.2799999713897705,5568.0
2024-03-01 12:05:00,EYPT,28.066099166870117,28.066099166870117,28.066099166870117,28.066099166870117,28.066099166870117,380.0
2024-03-01 12:05:00,FATE,7.420000076293945,7.420000076293945,7.425000190734863,7.420000076293945,7.425000190734863,1323.0
2024-03-01 12:05:00,FBIO,2.25,2.25,2.25,2.25,2.25,302.0
2024-03-01 12:05:00,FDMT,29.100000381469727,29.100000381469727,29.100000381469727,29.100000381469727,29.100000381469727,240.0
2024-03-01 12:05:00,FGEN,1.850000023841858,1.850000023841858,1.850000023841858,1.8345999717712402,1.8345999717712402,3104.0
2024-03-01 12:05:00,FOLD,13.274999618530273,13.274999618530273,13.274999618530273,13.274999618530273,13.274999618530273,509.0
2024-03-01 12:05:00,FULC,10.850000381469727,10.850000381469727,10.850000381469727,10.819999694824219,10.84000015258789,13319.0
2024-03-01 12:05:00,FUSN,12.420000076293945,12.420000076293945,12.420000076293945,12.399999618530273,12.418000221252441,865.0
2024-03-01 12:05:00,FWBI,8.28439998626709,8.28439998626709,8.310799598693848,8.28439998626709,8.3100004196167,1252.0
2024-03-01 12:05:00,GCTK,0.3050000071525574,0.3050000071525574,0.3050000071525574,0.30489999055862427,0.30489999055862427,421.0
2024-03-01 12:05:00,GDRX,8.329999923706055,8.329999923706055,8.359999656677246,8.329999923706055,8.340100288391113,12359.0
2024-03-01 12:05:00,GERN,2.180000066757202,2.180000066757202,2.180000066757202,2.1760001182556152,2.1760001182556152,3729.0
2024-03-01 12:05:00,GH,19.2450008392334,19.2450008392334,19.2450008392334,19.239999771118164,19.2450008392334,1571.0
2024-03-01 12:05:00,GHRS,8.789999961853027,8.789999961853027,8.850000381469727,8.789999961853027,8.829999923706055,3020.0
2024-03-01 12:05:00,GHSI,8.380000114440918,8.380000114440918,8.380000114440918,8.380000114440918,8.380000114440918,100.0
2024-03-01 12:05:00,GILD,72.19000244140625,72.19000244140625,72.19000244140625,72.18000030517578,72.18000030517578,2803.0
2024-03-01 12:05:00,GLPG,35.279998779296875,35.279998779296875,35.279998779296875,35.27000045776367,35.279998779296875,671.0
2024-03-01 12:05:00,GLSI,12.420000076293945,12.420000076293945,12.420000076293945,12.420000076293945,12.420000076293945,186.0
2024-03-01 12:05:00,GLYC,3.005000114440918,3.005000114440918,3.005000114440918,2.991499900817871,2.991499900817871,601.0
2024-03-01 12:05:00,GMDA,0.38909998536109924,0.38909998536109924,0.38909998536109924,0.38909998536109924,0.38909998536109924,210.0
2024-03-01 12:05:00,GNPX,4.489999771118164,4.489999771118164,4.489999771118164,4.489999771118164,4.489999771118164,481.0
2024-03-01 12:05:00,GOSS,1.3600000143051147,1.3600000143051147,1.3650000095367432,1.3600000143051147,1.3650000095367432,800.0
2024-03-01 12:05:00,GRFS,7.079999923706055,7.079999923706055,7.079999923706055,7.065000057220459,7.066299915313721,5388.0
2024-03-01 12:05:00,GRTS,2.199899911880493,2.199899911880493,2.2049999237060547,2.190000057220459,2.194999933242798,13102.0
2024-03-01 12:05:00,GRTX,0.23639999330043793,0.23639999330043793,0.23639999330043793,0.23639999330043793,0.23639999330043793,3172.0
2024-03-01 12:05:00,GTHX,3.625,3.625,3.634999990463257,3.625,3.625,3995.0
2024-03-01 12:05:00,HALO,41.27000045776367,41.27000045776367,41.349998474121094,41.220001220703125,41.22999954223633,23936.0
2024-03-01 12:05:00,HCAT,7.929999828338623,7.929999828338623,7.929999828338623,7.929999828338623,7.929999828338623,127.0
2024-03-01 12:05:00,HCTI,2.523699998855591,2.523699998855591,2.523699998855591,2.490000009536743,2.5,3168.0
2024-03-01 12:05:00,HOLX,73.63999938964844,73.63999938964844,73.66000366210938,73.63999938964844,73.66000366210938,1478.0
2024-03-01 12:05:00,HOWL,6.889999866485596,6.889999866485596,6.989999771118164,6.889999866485596,6.989999771118164,1343.0
2024-03-01 12:05:00,HQY,81.7699966430664,81.7699966430664,81.79000091552734,81.69000244140625,81.69000244140625,2204.0
2024-03-01 12:05:00,HROW,10.850000381469727,10.850000381469727,10.850000381469727,10.850000381469727,10.850000381469727,205.0
2024-03-01 12:05:00,HRTX,2.599100112915039,2.599100112915039,2.5999999046325684,2.599100112915039,2.5999999046325684,1310.0
2024-03-01 12:05:00,HSCS,0.11840000003576279,0.11840000003576279,0.11909999698400497,0.11840000003576279,0.11909999698400497,1865.0
2024-03-01 12:05:00,HSIC,76.93499755859375,76.93499755859375,76.94000244140625,76.91999816894531,76.93499755859375,654.0
2024-03-01 12:05:00,HUMA,3.3949999809265137,3.3949999809265137,3.4000000953674316,3.375,3.375,41563.0
2024-03-01 12:05:00,IART,36.5,36.5,36.5,36.5,36.5,422.0
2024-03-01 12:05:00,IBRX,4.851799964904785,4.851799964904785,4.869999885559082,4.851799964904785,4.864999771118164,5137.0
2024-03-01 12:05:00,ICCM,1.2999999523162842,1.2999999523162842,1.3014999628067017,1.2999999523162842,1.2999999523162842,976.0
2024-03-01 12:05:00,ICLR,322.6700134277344,322.6700134277344,322.7149963378906,322.5400085449219,322.5400085449219,1038.0
2024-03-01 12:05:00,IDYA,46.224998474121094,46.224998474121094,46.224998474121094,46.224998474121094,46.224998474121094,157.0
2024-03-01 12:05:00,IFRX,1.8300000429153442,1.8300000429153442,1.8600000143051147,1.8300000429153442,1.8600000143051147,15524.0
2024-03-01 12:05:00,IINN,1.649999976158142,1.649999976158142,1.649999976158142,1.649999976158142,1.649999976158142,903.0
2024-03-01 12:05:00,ILMN,142.0050048828125,142.0050048828125,142.0800018310547,142.0,142.0800018310547,2375.0
2024-03-01 12:05:00,IMCR,68.16500091552734,68.16500091552734,68.16500091552734,68.16500091552734,68.16500091552734,100.0
2024-03-01 12:05:00,IMMX,3.5350000858306885,3.5350000858306885,3.5350000858306885,3.509999990463257,3.509999990463257,501.0
2024-03-01 12:05:00,IMNN,1.0800000429153442,1.0800000429153442,1.0950000286102295,1.0800000429153442,1.0950000286102295,7779.0
2024-03-01 12:05:00,IMUX,1.48989999294281,1.48989999294281,1.4900000095367432,1.4850000143051147,1.4850000143051147,1409.0
2024-03-01 12:05:00,IMVT,36.33000183105469,36.33000183105469,36.380001068115234,36.33000183105469,36.375,1350.0
2024-03-01 12:05:00,INAB,1.100000023841858,1.100000023841858,1.1100000143051147,1.100000023841858,1.100100040435791,4232.0
2024-03-01 12:05:00,INBX,36.68000030517578,36.68000030517578,36.68000030517578,36.68000030517578,36.68000030517578,281.0
2024-03-01 12:05:00,INCY,59.06999969482422,59.06999969482422,59.099998474121094,59.06999969482422,59.099998474121094,3118.0
2024-03-01 12:05:00,INMD,22.80500030517578,22.80500030517578,22.809999465942383,22.80500030517578,22.809999465942383,1179.0
2024-03-01 12:05:00,INO,9.210000038146973,9.210000038146973,9.230999946594238,9.1899995803833,9.230999946594238,3191.0
2024-03-01 12:05:00,INSM,28.295000076293945,28.295000076293945,28.295000076293945,28.280000686645508,28.290000915527344,1271.0
2024-03-01 12:05:00,INVA,15.630000114440918,15.630000114440918,15.635000228881836,15.625,15.625,3159.0
2024-03-01 12:05:00,INZY,6.578999996185303,6.578999996185303,6.578999996185303,6.578999996185303,6.578999996185303,120.0
2024-03-01 12:05:00,IONM,0.349700003862381,0.349700003862381,0.349700003862381,0.349700003862381,0.349700003862381,100.0
2024-03-01 12:05:00,IONS,45.900001525878906,45.900001525878906,45.94499969482422,45.900001525878906,45.94499969482422,434.0
2024-03-01 12:05:00,IOVA,16.777599334716797,16.777599334716797,16.799999237060547,16.725000381469727,16.760000228881836,16450.0
2024-03-01 12:05:00,IRWD,9.100000381469727,9.100000381469727,9.100000381469727,9.055000305175781,9.09000015258789,35207.0
2024-03-01 12:05:00,ISRG,393.7300109863281,393.7300109863281,393.75,393.67999267578125,393.75,2934.0
2024-03-01 12:05:00,ITCI,71.81999969482422,71.81999969482422,71.81999969482422,71.81999969482422,71.81999969482422,422.0
2024-03-01 12:05:00,IVVD,4.03000020980835,4.03000020980835,4.03000020980835,4.03000020980835,4.03000020980835,200.0
2024-03-01 12:05:00,JAGX,0.07159999758005142,0.07159999758005142,0.07159999758005142,0.07100000232458115,0.07150000333786011,121419.0
2024-03-01 12:05:00,JANX,46.63999938964844,46.63999938964844,46.75,46.63999938964844,46.75,1156.0
2024-03-01 12:05:00,JAZZ,119.68000030517578,119.68000030517578,119.68000030517578,119.68000030517578,119.68000030517578,263.0
2024-03-01 12:05:00,KALV,14.020000457763672,14.020000457763672,14.039999961853027,14.020000457763672,14.029999732971191,2855.0
2024-03-01 12:05:00,KNTE,2.615000009536743,2.615000009536743,2.625,2.615000009536743,2.625,11014.0
2024-03-01 12:05:00,KOD,6.119999885559082,6.119999885559082,6.119999885559082,6.119999885559082,6.119999885559082,584.0
2024-03-01 12:05:00,KPRX,0.6600000262260437,0.6600000262260437,0.6600000262260437,0.6600000262260437,0.6600000262260437,500.0
2024-03-01 12:05:00,KPTI,1.2000000476837158,1.2000000476837158,1.2050000429153442,1.2000000476837158,1.2050000429153442,8960.0
2024-03-01 12:05:00,KRON,1.024999976158142,1.024999976158142,1.0449999570846558,1.0,1.0199999809265137,274712.0
2024-03-01 12:05:00,KROS,70.38999938964844,70.38999938964844,70.38999938964844,70.38999938964844,70.38999938964844,264.0
2024-03-01 12:05:00,KRTX,316.5400085449219,316.5400085449219,316.5400085449219,316.5400085449219,316.5400085449219,660.0
2024-03-01 12:05:00,KURA,21.280000686645508,21.280000686645508,21.280000686645508,21.280000686645508,21.280000686645508,262.0
2024-03-01 12:05:00,KYMR,43.900001525878906,43.900001525878906,43.93000030517578,43.81999969482422,43.81999969482422,4656.0
2024-03-01 12:05:00,LAB,2.4749999046325684,2.4749999046325684,2.4800000190734863,2.4749999046325684,2.4749999046325684,570.0
2024-03-01 12:05:00,LEGN,65.88500213623047,65.88500213623047,65.8949966430664,65.87000274658203,65.8949966430664,3638.0
2024-03-01 12:05:00,LEXX,2.752700090408325,2.752700090408325,2.752700090408325,2.752700090408325,2.752700090408325,201.0
2024-03-01 12:05:00,LFMD,7.96999979019165,7.96999979019165,7.96999979019165,7.96999979019165,7.96999979019165,100.0
2024-03-01 12:05:00,LFST,7.929999828338623,7.929999828338623,7.945000171661377,7.929999828338623,7.945000171661377,2115.0
2024-03-01 12:05:00,LIVN,55.52000045776367,55.52000045776367,55.52000045776367,55.52000045776367,55.52000045776367,105.0
2024-03-01 12:05:00,LNTH,65.42500305175781,65.42500305175781,65.42500305175781,65.42500305175781,65.42500305175781,727.0
2024-03-01 12:05:00,LRMR,11.520000457763672,11.520000457763672,11.520000457763672,11.520000457763672,11.520000457763672,105.0
2024-03-01 12:05:00,LTRN,4.639999866485596,4.639999866485596,4.639999866485596,4.639999866485596,4.639999866485596,112.0
2024-03-01 12:05:00,LUCY,0.3921000063419342,0.3921000063419342,0.3921000063419342,0.3919999897480011,0.3919999897480011,1044.0
2024-03-01 12:05:00,LUNG,9.1899995803833,9.1899995803833,9.229999542236328,9.180000305175781,9.189900398254395,6022.0
2024-03-01 12:05:00,LVTX,3.1500000953674316,3.1500000953674316,3.1500000953674316,3.119999885559082,3.119999885559082,746.0
2024-03-01 12:05:00,LXRX,2.450000047683716,2.450000047683716,2.450000047683716,2.440000057220459,2.440000057220459,24392.0
2024-03-01 12:05:00,LYRA,5.59499979019165,5.59499979019165,5.59499979019165,5.59499979019165,5.59499979019165,100.0
2024-03-01 12:05:00,MACK,14.710000038146973,14.710000038146973,14.710000038146973,14.710000038146973,14.710000038146973,250.0
2024-03-01 12:05:00,MASS,7.25,7.25,7.25,7.25,7.25,186.0
2024-03-01 12:05:00,MCRB,1.1900999546051025,1.1900999546051025,1.1950000524520874,1.190000057220459,1.1901999711990356,2007.0
2024-03-01 12:05:00,MDGL,246.63949584960938,246.63949584960938,246.63949584960938,245.7821044921875,246.375,1314.0
2024-03-01 12:05:00,MDRX,6.019999980926514,6.019999980926514,6.019999980926514,6.019999980926514,6.019999980926514,5421.0
2024-03-01 12:05:00,MDXG,8.53499984741211,8.53499984741211,8.53499984741211,8.53499984741211,8.53499984741211,727.0
2024-03-01 12:05:00,ME,0.5627999901771545,0.5627999901771545,0.5659999847412109,0.5627999901771545,0.5636000037193298,1833.0
2024-03-01 12:05:00,MEDP,401.1099853515625,401.1099853515625,401.1099853515625,401.1099853515625,401.1099853515625,130.0
2024-03-01 12:05:00,MGNX,18.90999984741211,18.90999984741211,18.950000762939453,18.885000228881836,18.950000762939453,5146.0
2024-03-01 12:05:00,MIST,1.6799999475479126,1.6799999475479126,1.6799999475479126,1.6799999475479126,1.6799999475479126,300.0
2024-03-01 12:05:00,MLTX,52.03499984741211,52.03499984741211,52.03499984741211,52.03499984741211,52.03499984741211,472.0
2024-03-01 12:05:00,MMSI,76.6050033569336,76.6050033569336,76.6050033569336,76.5824966430664,76.5999984741211,466.0
2024-03-01 12:05:00,MNKD,4.525000095367432,4.525000095367432,4.545000076293945,4.525000095367432,4.545000076293945,7452.0
2024-03-01 12:05:00,MNMD,6.190000057220459,6.190000057220459,6.190299987792969,6.179999828338623,6.179999828338623,3648.0
2024-03-01 12:05:00,MNPR,0.8399999737739563,0.8399999737739563,0.8399999737739563,0.8399999737739563,0.8399999737739563,1400.0
2024-03-01 12:05:00,MODD,1.899999976158142,1.899999976158142,1.899999976158142,1.899999976158142,1.899999976158142,160.0
2024-03-01 12:05:00,MODV,28.174999237060547,28.174999237060547,28.174999237060547,28.174999237060547,28.174999237060547,154.0
2024-03-01 12:05:00,MOR,17.584999084472656,17.584999084472656,17.59000015258789,17.584999084472656,17.59000015258789,391.0
2024-03-01 12:05:00,MORF,39.02000045776367,39.02000045776367,39.029998779296875,39.02000045776367,39.02000045776367,531.0
2024-03-01 12:05:00,MRAI,1.5700000524520874,1.5700000524520874,1.5700000524520874,1.559999942779541,1.559999942779541,7673.0
2024-03-01 12:05:00,MREO,3.8798999786376953,3.8798999786376953,3.8798999786376953,3.875,3.875,470.0
2024-03-01 12:05:00,MRNA,96.18299865722656,96.18299865722656,96.27999877929688,96.16100311279297,96.19999694824219,12125.0
2024-03-01 12:05:00,MRSN,5.949999809265137,5.949999809265137,5.954999923706055,5.949999809265137,5.949999809265137,1724.0
2024-03-01 12:05:00,MRUS,51.86000061035156,51.86000061035156,51.86000061035156,51.86000061035156,51.86000061035156,143.0
2024-03-01 12:05:00,MRVI,7.824999809265137,7.824999809265137,7.824999809265137,7.820000171661377,7.820000171661377,618.0
2024-03-01 12:05:00,MTEM,3.700000047683716,3.700000047683716,3.700000047683716,3.700000047683716,3.700000047683716,143.0
2024-03-01 12:05:00,MXCT,4.730000019073486,4.730000019073486,4.730000019073486,4.730000019073486,4.730000019073486,201.0
2024-03-01 12:05:00,MYGN,21.575000762939453,21.575000762939453,21.59000015258789,21.559999465942383,21.59000015258789,1226.0
2024-03-01 12:05:00,NARI,46.119998931884766,46.119998931884766,46.119998931884766,46.119998931884766,46.119998931884766,904.0
2024-03-01 12:05:00,NAUT,2.6798999309539795,2.6798999309539795,2.6798999309539795,2.6798999309539795,2.6798999309539795,105.0
2024-03-01 12:05:00,NBIX,131.67999267578125,131.67999267578125,131.7100067138672,131.67999267578125,131.7100067138672,635.0
2024-03-01 12:05:00,NDRA,1.149999976158142,1.149999976158142,1.149999976158142,1.149999976158142,1.149999976158142,3500.0
2024-03-01 12:05:00,NEO,16.010000228881836,16.010000228881836,16.010000228881836,16.010000228881836,16.010000228881836,228.0
2024-03-01 12:05:00,NEOG,17.30500030517578,17.30500030517578,17.30500030517578,17.30500030517578,17.30500030517578,478.0
2024-03-01 12:05:00,NEXI,6.5,6.5,6.5,6.5,6.5,120.0
2024-03-01 12:05:00,NGM,1.5299999713897705,1.5299999713897705,1.5299999713897705,1.5299999713897705,1.5299999713897705,1345.0
2024-03-01 12:05:00,NKTR,0.7699999809265137,0.7699999809265137,0.7699999809265137,0.7699999809265137,0.7699999809265137,1310.0
2024-03-01 12:05:00,NKTX,12.795499801635742,12.795499801635742,12.829999923706055,12.795499801635742,12.829999923706055,1520.0
2024-03-01 12:05:00,NNOX,11.1899995803833,11.1899995803833,11.199999809265137,11.149999618530273,11.149999618530273,3317.0
2024-03-01 12:05:00,NRIX,13.390000343322754,13.390000343322754,13.390000343322754,13.369999885559082,13.380000114440918,1495.0
2024-03-01 12:05:00,NRSN,2.069999933242798,2.069999933242798,2.069999933242798,2.069999933242798,2.069999933242798,100.0
2024-03-01 12:05:00,NRXP,0.4099999964237213,0.4099999964237213,0.4099999964237213,0.4099999964237213,0.4099999964237213,3300.0
2024-03-01 12:05:00,NTLA,33.439998626708984,33.439998626708984,33.560001373291016,33.439998626708984,33.54499816894531,3903.0
2024-03-01 12:05:00,NTRA,89.15499877929688,89.15499877929688,89.15499877929688,89.01499938964844,89.01499938964844,7675.0
2024-03-01 12:05:00,NUVL,87.72000122070312,87.72000122070312,87.72000122070312,87.72000122070312,87.72000122070312,257.0
2024-03-01 12:05:00,NUWE,0.5845999717712402,0.5845999717712402,0.5845999717712402,0.5845999717712402,0.5845999717712402,977.0
2024-03-01 12:05:00,NVAX,5.125,5.125,5.130000114440918,5.119999885559082,5.130000114440918,7574.0
2024-03-01 12:05:00,NVCR,15.90999984741211,15.90999984741211,15.90999984741211,15.895000457763672,15.895000457763672,440.0
2024-03-01 12:05:00,NXTC,1.7999999523162842,1.7999999523162842,1.7999999523162842,1.7999999523162842,1.7999999523162842,200.0
2024-03-01 12:05:00,NYXH,15.0,15.0,15.0,15.0,15.0,311.0
2024-03-01 12:05:00,OCGN,0.9366000294685364,0.9366000294685364,0.9495000243186951,0.9330999851226807,0.9495000243186951,57460.0
2024-03-01 12:05:00,OCUL,10.6899995803833,10.6899995803833,10.75,10.6850004196167,10.739999771118164,5723.0
2024-03-01 12:05:00,OGI,2.161799907684326,2.161799907684326,2.161799907684326,2.1607000827789307,2.1607000827789307,503.0
2024-03-01 12:05:00,OLMA,13.8100004196167,13.8100004196167,13.8100004196167,13.789999961853027,13.789999961853027,556.0
2024-03-01 12:05:00,OM,3.1605000495910645,3.1605000495910645,3.1649999618530273,3.1500000953674316,3.1500000953674316,5535.0
2024-03-01 12:05:00,OMGA,4.215000152587891,4.215000152587891,4.215000152587891,4.210000038146973,4.210000038146973,519.0
2024-03-01 12:06:00,ABOS,4.679999828338623,4.679999828338623,4.6894001960754395,4.679999828338623,4.6894001960754395,790.0
2024-03-01 12:06:00,ABSI,5.239999771118164,5.239999771118164,5.249899864196777,5.239999771118164,5.239999771118164,1467.0
2024-03-01 12:06:00,ACAD,23.829999923706055,23.829999923706055,23.84000015258789,23.829999923706055,23.84000015258789,749.0
2024-03-01 12:06:00,ACB,3.1596999168395996,3.1596999168395996,3.1689000129699707,3.1596999168395996,3.1600000858306885,2768.0
2024-03-01 12:06:00,ACCD,10.220000267028809,10.220000267028809,10.220000267028809,10.220000267028809,10.220000267028809,418.0
2024-03-01 12:06:00,ACET,2.4049999713897705,2.4049999713897705,2.4049999713897705,2.4049999713897705,2.4049999713897705,433.0
2024-03-01 12:06:00,ACHC,84.04000091552734,84.04000091552734,84.05000305175781,84.04000091552734,84.05000305175781,894.0
2024-03-01 12:06:00,ACHV,4.300000190734863,4.300000190734863,4.300000190734863,4.300000190734863,4.300000190734863,1002.0
2024-03-01 12:06:00,ACIU,3.848900079727173,3.848900079727173,3.848900079727173,3.848900079727173,3.848900079727173,268.0
2024-03-01 12:06:00,ACLX,67.45999908447266,67.45999908447266,67.45999908447266,67.45999908447266,67.45999908447266,152.0
2024-03-01 12:06:00,ACON,0.38749998807907104,0.38749998807907104,0.38999998569488525,0.38749998807907104,0.38749998807907104,8195.0
2024-03-01 12:06:00,ACRS,1.2299000024795532,1.2299000024795532,1.2300000190734863,1.225000023841858,1.2300000190734863,1945.0
2024-03-01 12:06:00,ADIL,3.0576999187469482,3.0576999187469482,3.0799999237060547,3.0399999618530273,3.049999952316284,15391.0
2024-03-01 12:06:00,ADMA,5.380000114440918,5.380000114440918,5.385000228881836,5.380000114440918,5.385000228881836,251.0
2024-03-01 12:06:00,ADPT,4.164999961853027,4.164999961853027,4.164999961853027,4.164999961853027,4.164999961853027,103.0
2024-03-01 12:06:00,ADVM,1.9450000524520874,1.9450000524520874,1.9500000476837158,1.9450000524520874,1.9500000476837158,3182.0
2024-03-01 12:06:00,AGEN,0.6743000149726868,0.6743000149726868,0.6743999719619751,0.6739000082015991,0.6743999719619751,55336.0
2024-03-01 12:06:00,AGIO,32.90999984741211,32.90999984741211,32.90999984741211,32.904998779296875,32.904998779296875,383.0
2024-03-01 12:06:00,AHCO,10.779999732971191,10.779999732971191,10.779999732971191,10.774999618530273,10.774999618530273,425.0
2024-03-01 12:06:00,AKAN,0.24040000140666962,0.24040000140666962,0.24369999766349792,0.23999999463558197,0.24220000207424164,61887.0
2024-03-01 12:06:00,AKBA,1.6787999868392944,1.6787999868392944,1.6799999475479126,1.6749999523162842,1.6799999475479126,1352.0
2024-03-01 12:06:00,AKRO,29.875,29.875,29.885000228881836,29.860000610351562,29.8799991607666,1902.0
2024-03-01 12:06:00,AKYA,6.074999809265137,6.074999809265137,6.074999809265137,6.074999809265137,6.074999809265137,200.0
2024-03-01 12:06:00,ALDX,4.09499979019165,4.09499979019165,4.110000133514404,4.09499979019165,4.110000133514404,1626.0
2024-03-01 12:06:00,ALEC,7.460000038146973,7.460000038146973,7.460000038146973,7.460000038146973,7.460000038146973,316.0
2024-03-01 12:06:00,ALHC,5.738999843597412,5.738999843597412,5.760000228881836,5.738999843597412,5.760000228881836,4407.0
2024-03-01 12:06:00,ALKS,30.21500015258789,30.21500015258789,30.239999771118164,30.21500015258789,30.239999771118164,1618.0
2024-03-01 12:06:00,ALLK,1.6074999570846558,1.6074999570846558,1.6098999977111816,1.6050000190734863,1.6050000190734863,16502.0
2024-03-01 12:06:00,ALNY,153.67999267578125,153.67999267578125,153.67999267578125,153.67999267578125,153.67999267578125,222.0
2024-03-01 12:06:00,ALPN,35.75,35.75,35.77000045776367,35.75,35.75,1337.0
2024-03-01 12:06:00,ALT,12.010000228881836,12.010000228881836,12.010000228881836,11.994999885559082,12.0,4165.0
2024-03-01 12:06:00,ALVR,0.7552000284194946,0.7552000284194946,0.7552000284194946,0.7552000284194946,0.7552000284194946,1100.0
2024-03-01 12:06:00,ALXO,15.069999694824219,15.069999694824219,15.069999694824219,15.0600004196167,15.0600004196167,1018.0
2024-03-01 12:06:00,ALZN,0.9060490131378174,0.9060490131378174,0.9060490131378174,0.9060490131378174,0.9060490131378174,250.0
2024-03-01 12:06:00,AMED,93.01499938964844,93.01499938964844,93.01499938964844,93.01499938964844,93.01499938964844,301.0
2024-03-01 12:06:00,AMGN,281.7250061035156,281.7250061035156,281.885009765625,281.7250061035156,281.82000732421875,9229.0
2024-03-01 12:06:00,AMLX,18.799999237060547,18.799999237060547,18.799999237060547,18.799999237060547,18.799999237060547,723.0
2024-03-01 12:06:00,AMPH,45.48749923706055,45.48749923706055,45.48749923706055,45.48749923706055,45.48749923706055,698.0
2024-03-01 12:06:00,AMRN,1.0549999475479126,1.0549999475479126,1.0549999475479126,1.0549999475479126,1.0549999475479126,235.0
2024-03-01 12:06:00,ANIP,66.2249984741211,66.2249984741211,66.2249984741211,66.2249984741211,66.2249984741211,649.0
2024-03-01 12:06:00,ANNX,5.889999866485596,5.889999866485596,5.909999847412109,5.889999866485596,5.889999866485596,6127.0
2024-03-01 12:06:00,APLS,65.44999694824219,65.44999694824219,65.44999694824219,65.30999755859375,65.3499984741211,4074.0
2024-03-01 12:06:00,APLT,7.119999885559082,7.119999885559082,7.119999885559082,7.105000019073486,7.119999885559082,1901.0
2024-03-01 12:06:00,APVO,0.16030000150203705,0.16030000150203705,0.16040000319480896,0.15690000355243683,0.15690000355243683,5942.0
2024-03-01 12:06:00,AQST,4.329899787902832,4.329899787902832,4.339000225067139,4.329899787902832,4.339000225067139,2864.0
2024-03-01 12:06:00,ARAY,2.630000114440918,2.630000114440918,2.630000114440918,2.630000114440918,2.630000114440918,193.0
2024-03-01 12:06:00,ARDX,9.654999732971191,9.654999732971191,9.654999732971191,9.649999618530273,9.650300025939941,933.0
2024-03-01 12:06:00,ARGX,390.0,390.0,390.0,389.5849914550781,389.5849914550781,1380.0
2024-03-01 12:06:00,ARQT,11.52750015258789,11.52750015258789,11.52750015258789,11.494999885559082,11.5,8031.0
2024-03-01 12:06:00,ARVN,48.875,48.875,49.0,48.875,49.0,1497.0
2024-03-01 12:06:00,ARWR,35.119998931884766,35.119998931884766,35.16999816894531,35.119998931884766,35.16999816894531,628.0
2024-03-01 12:06:00,ASND,150.3000030517578,150.3000030517578,150.6999969482422,150.3000030517578,150.6999969482422,7110.0
2024-03-01 12:06:00,ASRT,0.9200000166893005,0.9200000166893005,0.9200000166893005,0.9162999987602234,0.9200000166893005,1779.0
2024-03-01 12:06:00,ATAI,2.115000009536743,2.115000009536743,2.125,2.109999895095825,2.119999885559082,9556.0
2024-03-01 12:06:00,ATEC,13.5600004196167,13.5600004196167,13.600000381469727,13.545000076293945,13.59000015258789,48322.0
2024-03-01 12:06:00,ATOS,1.003100037574768,1.003100037574768,1.003100037574768,1.003100037574768,1.003100037574768,1010.0
2024-03-01 12:06:00,ATRA,0.785099983215332,0.785099983215332,0.785099983215332,0.785099983215332,0.785099983215332,136.0
2024-03-01 12:06:00,ATRC,35.900001525878906,35.900001525878906,35.900001525878906,35.900001525878906,35.900001525878906,105.0
2024-03-01 12:06:00,ATXI,0.15399999916553497,0.15399999916553497,0.15399999916553497,0.15379999577999115,0.15379999577999115,6011.0
2024-03-01 12:06:00,ATXS,14.885000228881836,14.885000228881836,14.885000228881836,14.885000228881836,14.885000228881836,123.0
2024-03-01 12:06:00,AUGX,4.614999771118164,4.614999771118164,4.614999771118164,4.614999771118164,4.614999771118164,100.0
2024-03-01 12:06:00,AUPH,5.789999961853027,5.789999961853027,5.7916998863220215,5.789999961853027,5.789999961853027,4118.0
2024-03-01 12:06:00,AURA,9.444999694824219,9.444999694824219,9.444999694824219,9.444999694824219,9.444999694824219,262.0
2024-03-01 12:06:00,AUTL,6.284999847412109,6.284999847412109,6.289999961853027,6.284999847412109,6.289999961853027,587.0
2024-03-01 12:06:00,AVAH,2.359999895095825,2.359999895095825,2.359999895095825,2.359999895095825,2.359999895095825,495.0
2024-03-01 12:06:00,AVDL,12.890000343322754,12.890000343322754,12.90999984741211,12.850000381469727,12.899999618530273,1714.0
2024-03-01 12:06:00,AVRO,1.3350000381469727,1.3350000381469727,1.3350000381469727,1.3350000381469727,1.3350000381469727,100.0
2024-03-01 12:06:00,AVXL,5.335000038146973,5.335000038146973,5.335000038146973,5.335000038146973,5.335000038146973,412.0
2024-03-01 12:06:00,AXNX,67.25,67.25,67.26000213623047,67.23999786376953,67.23999786376953,2685.0
2024-03-01 12:06:00,AXSM,81.86000061035156,81.86000061035156,81.86000061035156,81.86000061035156,81.86000061035156,474.0
2024-03-01 12:06:00,AZN,64.68499755859375,64.68499755859375,64.69000244140625,64.6500015258789,64.6500015258789,4259.0
2024-03-01 12:06:00,AZTA,66.47000122070312,66.47000122070312,66.4800033569336,66.47000122070312,66.4800033569336,797.0
2024-03-01 12:06:00,BBIO,36.060001373291016,36.060001373291016,36.099998474121094,36.04999923706055,36.04999923706055,2302.0
2024-03-01 12:06:00,BBLG,2.3176000118255615,2.3176000118255615,2.3176000118255615,2.299999952316284,2.299999952316284,1500.0
2024-03-01 12:06:00,BCAB,2.734999895095825,2.734999895095825,2.734999895095825,2.734999895095825,2.734999895095825,334.0
2024-03-01 12:06:00,BCEL,0.2669999897480011,0.2669999897480011,0.26750001311302185,0.2669999897480011,0.26750001311302185,6384.0
2024-03-01 12:06:00,BCRX,5.789999961853027,5.789999961853027,5.800000190734863,5.784999847412109,5.800000190734863,22958.0
2024-03-01 12:06:00,BDTX,5.045000076293945,5.045000076293945,5.050000190734863,5.045000076293945,5.050000190734863,464.0
2024-03-01 12:06:00,BEAM,39.959999084472656,39.959999084472656,40.0099983215332,39.959999084472656,40.0099983215332,1455.0
2024-03-01 12:06:00,BEAT,1.4809999465942383,1.4809999465942383,1.4809999465942383,1.4809999465942383,1.4809999465942383,112.0
2024-03-01 12:06:00,BGNE,167.0800018310547,167.0800018310547,167.0800018310547,166.9199981689453,167.0800018310547,1838.0
2024-03-01 12:06:00,BIIB,219.94500732421875,219.94500732421875,219.94500732421875,219.83299255371094,219.94500732421875,1738.0
2024-03-01 12:06:00,BIOL,0.13699999451637268,0.13699999451637268,0.1370999962091446,0.13699999451637268,0.13705000281333923,545.0
2024-03-01 12:06:00,BIVI,1.909999966621399,1.909999966621399,1.9180999994277954,1.8700000047683716,1.8767999410629272,203797.0
2024-03-01 12:06:00,BJDX,0.7649999856948853,0.7649999856948853,0.7649999856948853,0.7649999856948853,0.7649999856948853,494.0
2024-03-01 12:06:00,BLFS,18.139999389648438,18.139999389648438,18.18000030517578,18.139999389648438,18.18000030517578,245.0
2024-03-01 12:06:00,BLRX,1.3799999952316284,1.3799999952316284,1.3799999952316284,1.3700000047683716,1.3700000047683716,1400.0
2024-03-01 12:06:00,BLUE,1.600000023841858,1.600000023841858,1.600000023841858,1.590000033378601,1.590000033378601,17633.0
2024-03-01 12:06:00,BMEA,17.93000030517578,17.93000030517578,17.93000030517578,17.899999618530273,17.90999984741211,1406.0
2024-03-01 12:06:00,BMRN,86.91500091552734,86.91500091552734,86.91500091552734,86.87999725341797,86.91000366210938,2572.0
2024-03-01 12:06:00,BNGO,1.25,1.25,1.25,1.25,1.25,742.0
2024-03-01 12:06:00,BNR,0.8341000080108643,0.8341000080108643,0.8460000157356262,0.8341000080108643,0.8400499820709229,1500.0
2024-03-01 12:06:00,BNTX,91.80000305175781,91.80000305175781,91.80000305175781,91.80000305175781,91.80000305175781,2760.0
2024-03-01 12:06:00,BPMC,97.58999633789062,97.58999633789062,97.6449966430664,97.52999877929688,97.58999633789062,1130.0
2024-03-01 12:06:00,BRKR,87.9000015258789,87.9000015258789,87.9000015258789,87.9000015258789,87.9000015258789,177.0
2024-03-01 12:06:00,BSGM,0.64410001039505,0.64410001039505,0.64410001039505,0.64410001039505,0.64410001039505,10000.0
2024-03-01 12:06:00,BTTX,0.17100000381469727,0.17100000381469727,0.17100000381469727,0.17100000381469727,0.17100000381469727,3900.0
2024-03-01 12:06:00,BWAY,6.53000020980835,6.53000020980835,6.53000020980835,6.53000020980835,6.53000020980835,100.0
2024-03-01 12:06:00,CABA,24.070100784301758,24.070100784301758,24.110000610351562,24.070100784301758,24.110000610351562,841.0
2024-03-01 12:06:00,CARA,0.9132999777793884,0.9132999777793884,0.9135000109672546,0.9132999777793884,0.9135000109672546,712.0
2024-03-01 12:06:00,CBAY,32.244998931884766,32.244998931884766,32.25,32.244998931884766,32.25,1607.0
2024-03-01 12:06:00,CCCC,10.90999984741211,10.90999984741211,10.930000305175781,10.859999656677246,10.899999618530273,23404.0
2024-03-01 12:06:00,CDMO,8.100000381469727,8.100000381469727,8.109999656677246,8.100000381469727,8.109999656677246,2513.0
2024-03-01 12:06:00,CDNA,12.515000343322754,12.515000343322754,12.550000190734863,12.510000228881836,12.54889965057373,4410.0
2024-03-01 12:06:00,CDXS,4.539999961853027,4.539999961853027,4.545000076293945,4.539999961853027,4.545000076293945,424.0
2024-03-01 12:06:00,CERE,41.11000061035156,41.11000061035156,41.1150016784668,41.11000061035156,41.1150016784668,451.0
2024-03-01 12:06:00,CERS,2.2100000381469727,2.2100000381469727,2.2100000381469727,2.2100000381469727,2.2100000381469727,2721.0
2024-03-01 12:06:00,CERT,17.69499969482422,17.69499969482422,17.700000762939453,17.69499969482422,17.700000762939453,1074.0
2024-03-01 12:06:00,CGC,3.259999990463257,3.259999990463257,3.2699999809265137,3.259999990463257,3.265000104904175,3471.0
2024-03-01 12:06:00,CGEM,18.989999771118164,18.989999771118164,18.989999771118164,18.959999084472656,18.959999084472656,413.0
2024-03-01 12:06:00,CGEN,2.690000057220459,2.690000057220459,2.690000057220459,2.687999963760376,2.6898999214172363,1150.0
2024-03-01 12:06:00,CHRS,2.3698999881744385,2.3698999881744385,2.3698999881744385,2.359999895095825,2.359999895095825,200.0
2024-03-01 12:06:00,CING,1.350000023841858,1.350000023841858,1.350000023841858,1.350000023841858,1.350000023841858,101.0
2024-03-01 12:06:00,CLDX,51.939998626708984,51.939998626708984,52.005001068115234,51.939998626708984,51.939998626708984,1265.0
2024-03-01 12:06:00,CLNN,0.3840000033378601,0.3840000033378601,0.38649898767471313,0.3840000033378601,0.38649898767471313,1980.0
2024-03-01 12:06:00,CLOV,0.8654999732971191,0.8654999732971191,0.8655999898910522,0.8654999732971191,0.8654999732971191,10848.0
2024-03-01 12:06:00,CLPT,6.75,6.75,6.75,6.75,6.75,1741.0
2024-03-01 12:06:00,CLRB,4.110000133514404,4.110000133514404,4.110000133514404,4.099400043487549,4.099400043487549,5090.0
2024-03-01 12:06:00,CLSD,1.3949999809265137,1.3949999809265137,1.3949999809265137,1.3949999809265137,1.3949999809265137,187.0
2024-03-01 12:06:00,CMMB,0.6697999835014343,0.6697999835014343,0.6697999835014343,0.6599000096321106,0.6697999835014343,300.0
2024-03-01 12:06:00,CMPS,11.5,11.5,11.539999961853027,11.460000038146973,11.539899826049805,2825.0
2024-03-01 12:06:00,CNSP,0.3199000060558319,0.3199000060558319,0.3199999928474426,0.3197000026702881,0.3197000026702881,1796.0
2024-03-01 12:06:00,COGT,7.190000057220459,7.190000057220459,7.190000057220459,7.190000057220459,7.190000057220459,635.0
2024-03-01 12:06:00,CORT,23.75,23.75,23.760000228881836,23.75,23.760000228881836,1081.0
2024-03-01 12:06:00,CPRX,17.110000610351562,17.110000610351562,17.15999984741211,17.09000015258789,17.149999618530273,6295.0
2024-03-01 12:06:00,CPSI,9.380000114440918,9.380000114440918,9.380000114440918,9.380000114440918,9.380000114440918,131.0
2024-03-01 12:06:00,CRBP,32.119998931884766,32.119998931884766,32.119998931884766,32.03499984741211,32.03499984741211,381.0
2024-03-01 12:06:00,CRBU,8.0,8.0,8.010000228881836,8.0,8.010000228881836,2112.0
2024-03-01 12:06:00,CRDF,2.2699999809265137,2.2699999809265137,2.2899999618530273,2.259999990463257,2.259999990463257,40470.0
2024-03-01 12:06:00,CRNX,45.84000015258789,45.84000015258789,45.9900016784668,45.84000015258789,45.84000015258789,1187.0
2024-03-01 12:06:00,CRON,2.059999942779541,2.059999942779541,2.059999942779541,2.055000066757202,2.059999942779541,3491.0
2024-03-01 12:06:00,CRSP,85.27999877929688,85.27999877929688,85.3499984741211,85.2750015258789,85.3499984741211,533.0
2024-03-01 12:06:00,CSTL,20.024999618530273,20.024999618530273,20.1200008392334,20.020000457763672,20.06999969482422,5902.0
2024-03-01 12:06:00,CTKB,8.520000457763672,8.520000457763672,8.520000457763672,8.5,8.515000343322754,3078.0
2024-03-01 12:06:00,CTMX,2.6445999145507812,2.6445999145507812,2.6489999294281006,2.640000104904175,2.6489999294281006,1781.0
2024-03-01 12:06:00,CTSO,0.949999988079071,0.949999988079071,0.949999988079071,0.949999988079071,0.949999988079071,128.0
2024-03-01 12:06:00,CTXR,0.7717000246047974,0.7717000246047974,0.7717000246047974,0.7710000276565552,0.7717000246047974,918.0
2024-03-01 12:06:00,CUTR,2.40910005569458,2.40910005569458,2.4100000858306885,2.40910005569458,2.4100000858306885,572.0
2024-03-01 12:06:00,CVAC,3.4700000286102295,3.4700000286102295,3.4749999046325684,3.4700000286102295,3.4700000286102295,5890.0
2024-03-01 12:06:00,CYTK,73.76499938964844,73.76499938964844,73.87000274658203,73.75,73.87000274658203,3367.0
2024-03-01 12:06:00,CYTO,2.1614999771118164,2.1614999771118164,2.161799907684326,2.1614999771118164,2.161799907684326,666.0
2024-03-01 12:06:00,DAWN,17.489999771118164,17.489999771118164,17.514999389648438,17.489999771118164,17.514999389648438,707.0
2024-03-01 12:06:00,DCGO,4.130000114440918,4.130000114440918,4.130000114440918,4.130000114440918,4.130000114440918,1727.0
2024-03-01 12:06:00,DCPH,17.555999755859375,17.555999755859375,17.6299991607666,17.549999237060547,17.6299991607666,1991.0
2024-03-01 12:06:00,DH,9.0,9.0,9.004799842834473,9.0,9.0,718.0
2024-03-01 12:06:00,DMTK,0.8700000047683716,0.8700000047683716,0.8700000047683716,0.8700000047683716,0.8700000047683716,602.0
2024-03-01 12:06:00,DNLI,20.81999969482422,20.81999969482422,20.889999389648438,20.81999969482422,20.889999389648438,1829.0
2024-03-01 12:06:00,DTIL,12.0600004196167,12.0600004196167,12.0600004196167,11.975000381469727,11.975000381469727,4804.0
2024-03-01 12:06:00,DVAX,12.859999656677246,12.859999656677246,12.859999656677246,12.850199699401855,12.850199699401855,1602.0
2024-03-01 12:06:00,DXCM,120.88500213623047,120.88500213623047,120.9000015258789,120.56749725341797,120.58000183105469,12021.0
2024-03-01 12:06:00,DYN,28.889999389648438,28.889999389648438,28.975000381469727,28.889999389648438,28.975000381469727,3474.0
2024-03-01 12:06:00,EDIT,10.869999885559082,10.869999885559082,10.890000343322754,10.869999885559082,10.890000343322754,4702.0
2024-03-01 12:06:00,EFTR,15.09000015258789,15.09000015258789,15.09000015258789,15.09000015258789,15.09000015258789,535.0
2024-03-01 12:06:00,ELEV,4.809599876403809,4.809599876403809,4.829999923706055,4.789999961853027,4.829999923706055,5417.0
2024-03-01 12:06:00,EMBC,14.319999694824219,14.319999694824219,14.380000114440918,14.319999694824219,14.380000114440918,2431.0
2024-03-01 12:06:00,ENTA,15.270000457763672,15.270000457763672,15.279999732971191,15.270000457763672,15.279999732971191,597.0
2024-03-01 12:06:00,ENVB,1.559999942779541,1.559999942779541,1.5700000524520874,1.5499999523162842,1.5499999523162842,7533.0
2024-03-01 12:06:00,EOLS,14.64900016784668,14.64900016784668,14.649999618530273,14.64900016784668,14.649999618530273,1159.0
2024-03-01 12:06:00,EPIX,9.5,9.5,9.789999961853027,9.5,9.789999961853027,18066.0
2024-03-01 12:06:00,ERAS,2.5250000953674316,2.5250000953674316,2.5250000953674316,2.5250000953674316,2.5250000953674316,150.0
2024-03-01 12:06:00,ETNB,12.960000038146973,12.960000038146973,12.970000267028809,12.960000038146973,12.970000267028809,1115.0
2024-03-01 12:06:00,EWTX,17.0,17.0,17.0,17.0,17.0,330.0
2024-03-01 12:06:00,EXAI,6.790999889373779,6.790999889373779,6.800000190734863,6.790999889373779,6.800000190734863,409.0
2024-03-01 12:06:00,EXAS,59.63999938964844,59.63999938964844,59.63999938964844,59.63999938964844,59.63999938964844,232.0
2024-03-01 12:06:00,EXEL,22.5,22.5,22.506399154663086,22.5,22.5,3574.0
2024-03-01 12:06:00,FATE,7.360000133514404,7.360000133514404,7.409999847412109,7.360000133514404,7.409999847412109,10498.0
2024-03-01 12:06:00,FBIO,2.25,2.25,2.25,2.2400999069213867,2.2400999069213867,863.0
2024-03-01 12:06:00,FDMT,29.100000381469727,29.100000381469727,29.100000381469727,29.100000381469727,29.100000381469727,299.0
2024-03-01 12:06:00,FEMY,1.7300000190734863,1.7300000190734863,1.7400000095367432,1.7300000190734863,1.7400000095367432,448.0
2024-03-01 12:06:00,FGEN,1.840000033378601,1.840000033378601,1.850000023841858,1.840000033378601,1.850000023841858,3688.0
2024-03-01 12:06:00,FOLD,13.260000228881836,13.260000228881836,13.274999618530273,13.260000228881836,13.274999618530273,2220.0
2024-03-01 12:06:00,FULC,10.859999656677246,10.859999656677246,10.859999656677246,10.819999694824219,10.819999694824219,15999.0
2024-03-01 12:06:00,FUSN,12.399999618530273,12.399999618530273,12.420000076293945,12.399999618530273,12.399999618530273,883.0
2024-03-01 12:06:00,GDRX,8.34000015258789,8.34000015258789,8.34000015258789,8.329999923706055,8.335000038146973,757.0
2024-03-01 12:06:00,GERN,2.180000066757202,2.180000066757202,2.180000066757202,2.174999952316284,2.180000066757202,8549.0
2024-03-01 12:06:00,GH,19.239999771118164,19.239999771118164,19.2450008392334,19.239999771118164,19.2450008392334,6259.0
2024-03-01 12:06:00,GHSI,8.5,8.5,8.5,8.380000114440918,8.380000114440918,1368.0
2024-03-01 12:06:00,GILD,72.18499755859375,72.18499755859375,72.19999694824219,72.18000030517578,72.19000244140625,11726.0
2024-03-01 12:06:00,GLPG,35.20000076293945,35.20000076293945,35.2400016784668,35.20000076293945,35.22999954223633,559.0
2024-03-01 12:06:00,GOSS,1.3600000143051147,1.3600000143051147,1.3600000143051147,1.3600000143051147,1.3600000143051147,460.0
2024-03-01 12:06:00,GRFS,7.054999828338623,7.054999828338623,7.099999904632568,7.054999828338623,7.079899787902832,8958.0
2024-03-01 12:06:00,GRTS,2.194999933242798,2.194999933242798,2.194999933242798,2.190000057220459,2.190999984741211,5366.0
2024-03-01 12:06:00,GRTX,0.2305999994277954,0.2305999994277954,0.23639999330043793,0.2305999994277954,0.23639999330043793,507.0
2024-03-01 12:06:00,GTHX,3.634999990463257,3.634999990463257,3.634999990463257,3.625,3.625,1799.0
2024-03-01 12:06:00,HALO,41.290000915527344,41.290000915527344,41.290000915527344,41.25,41.25,2943.0
2024-03-01 12:06:00,HARP,22.9424991607666,22.9424991607666,22.9424991607666,22.9424991607666,22.9424991607666,101.0
2024-03-01 12:06:00,HBIO,4.329999923706055,4.329999923706055,4.329999923706055,4.329999923706055,4.329999923706055,121.0
2024-03-01 12:06:00,HCAT,7.929999828338623,7.929999828338623,7.929999828338623,7.929999828338623,7.929999828338623,306.0
2024-03-01 12:06:00,HCM,15.329999923706055,15.329999923706055,15.329999923706055,15.329999923706055,15.329999923706055,192.0
2024-03-01 12:06:00,HCSG,12.619999885559082,12.619999885559082,12.619999885559082,12.619999885559082,12.619999885559082,342.0
2024-03-01 12:06:00,HCTI,2.450000047683716,2.450000047683716,2.490000009536743,2.450000047683716,2.490000009536743,2272.0
2024-03-01 12:06:00,HITI,1.774999976158142,1.774999976158142,1.774999976158142,1.774999976158142,1.774999976158142,157.0
2024-03-01 12:06:00,HOLX,73.66000366210938,73.66000366210938,73.66999816894531,73.63999938964844,73.63999938964844,2084.0
2024-03-01 12:06:00,HRMY,31.46500015258789,31.46500015258789,31.46500015258789,31.46500015258789,31.46500015258789,433.0
2024-03-01 12:06:00,HROW,10.869999885559082,10.869999885559082,10.869999885559082,10.869999885559082,10.869999885559082,100.0
2024-03-01 12:06:00,HRTX,2.5940001010894775,2.5940001010894775,2.5940001010894775,2.5940001010894775,2.5940001010894775,1048.0
2024-03-01 12:06:00,HSCS,0.11909999698400497,0.11909999698400497,0.11909999698400497,0.11909999698400497,0.11909999698400497,160.0
2024-03-01 12:06:00,HSDT,4.809999942779541,4.809999942779541,4.809999942779541,4.809999942779541,4.809999942779541,130.0
2024-03-01 12:06:00,HSIC,76.94000244140625,76.94000244140625,76.94000244140625,76.94000244140625,76.94000244140625,498.0
2024-03-01 12:06:00,HUMA,3.3949999809265137,3.3949999809265137,3.3949999809265137,3.3949999809265137,3.3949999809265137,804.0
2024-03-01 12:06:00,IART,36.43000030517578,36.43000030517578,36.47999954223633,36.43000030517578,36.47999954223633,5039.0
2024-03-01 12:06:00,IBRX,4.849999904632568,4.849999904632568,4.849999904632568,4.849999904632568,4.849999904632568,3377.0
2024-03-01 12:06:00,ICLR,322.6650085449219,322.6650085449219,322.75,322.5199890136719,322.5199890136719,1258.0
2024-03-01 12:06:00,ICUI,105.8499984741211,105.8499984741211,105.8499984741211,105.8499984741211,105.8499984741211,543.0
2024-03-01 12:06:00,IDYA,46.220001220703125,46.220001220703125,46.2400016784668,46.18000030517578,46.220001220703125,6439.0
2024-03-01 12:06:00,IINN,1.649999976158142,1.649999976158142,1.6504000425338745,1.649999976158142,1.649999976158142,400.0
2024-03-01 12:06:00,ILMN,141.80999755859375,141.80999755859375,141.93499755859375,141.80999755859375,141.92999267578125,4514.0
2024-03-01 12:06:00,IMNM,25.600000381469727,25.600000381469727,25.699899673461914,25.579999923706055,25.699899673461914,1275.0
2024-03-01 12:06:00,IMTX,12.970000267028809,12.970000267028809,12.970000267028809,12.970000267028809,12.970000267028809,202.0
2024-03-01 12:06:00,IMUX,1.4850000143051147,1.4850000143051147,1.48989999294281,1.4850000143051147,1.48989999294281,1156.0
2024-03-01 12:06:00,IMVT,36.349998474121094,36.349998474121094,36.349998474121094,36.349998474121094,36.349998474121094,337.0
2024-03-01 12:06:00,INAB,1.0908000469207764,1.0908000469207764,1.0999000072479248,1.0908000469207764,1.0999000072479248,1200.0
2024-03-01 12:06:00,INCY,59.029998779296875,59.029998779296875,59.040000915527344,59.029998779296875,59.029998779296875,726.0
2024-03-01 12:06:00,INGN,6.860000133514404,6.860000133514404,6.889999866485596,6.860000133514404,6.889999866485596,1160.0
2024-03-01 12:06:00,INMD,22.80500030517578,22.80500030517578,22.80500030517578,22.80500030517578,22.80500030517578,827.0
2024-03-01 12:06:00,INO,9.21500015258789,9.21500015258789,9.222999572753906,9.21500015258789,9.222999572753906,1001.0
2024-03-01 12:06:00,INSM,28.270000457763672,28.270000457763672,28.270000457763672,28.260000228881836,28.270000457763672,1644.0
2024-03-01 12:06:00,INVA,15.635000228881836,15.635000228881836,15.635000228881836,15.635000228881836,15.635000228881836,272.0
2024-03-01 12:06:00,INZY,6.590000152587891,6.590000152587891,6.590000152587891,6.570000171661377,6.574999809265137,1299.0
2024-03-01 12:06:00,IOBT,1.7599999904632568,1.7599999904632568,1.7599999904632568,1.7599999904632568,1.7599999904632568,500.0
2024-03-01 12:06:00,IONM,0.349700003862381,0.349700003862381,0.349700003862381,0.335099995136261,0.335099995136261,1300.0
2024-03-01 12:06:00,IONS,45.959999084472656,45.959999084472656,45.959999084472656,45.900001525878906,45.935001373291016,1010.0
2024-03-01 12:06:00,IOVA,16.75,16.75,16.780000686645508,16.704999923706055,16.775999069213867,25219.0
2024-03-01 12:06:00,IRWD,9.09000015258789,9.09000015258789,9.100000381469727,9.085000038146973,9.100000381469727,27990.0
2024-03-01 12:06:00,ISRG,394.20001220703125,394.20001220703125,394.20001220703125,393.79998779296875,393.79998779296875,2946.0
2024-03-01 12:06:00,ITRM,1.2401000261306763,1.2401000261306763,1.2401000261306763,1.2401000261306763,1.2401000261306763,146.0
2024-03-01 12:06:00,IVVD,4.03000020980835,4.03000020980835,4.039999961853027,4.019999980926514,4.039999961853027,445.0
2024-03-01 12:06:00,JAGX,0.07180000096559525,0.07180000096559525,0.07240000367164612,0.07109999656677246,0.07109999656677246,513024.0
2024-03-01 12:06:00,JANX,46.84000015258789,46.84000015258789,46.849998474121094,46.68000030517578,46.68000030517578,1525.0
2024-03-01 12:06:00,JAZZ,119.5999984741211,119.5999984741211,119.5999984741211,119.5999984741211,119.5999984741211,674.0
2024-03-01 12:06:00,JSPR,21.125,21.125,21.299999237060547,21.0625,21.0625,388.0
2024-03-01 12:06:00,KALV,13.960000038146973,13.960000038146973,13.960000038146973,13.960000038146973,13.960000038146973,113.0
2024-03-01 12:06:00,KNSA,21.760000228881836,21.760000228881836,21.780000686645508,21.760000228881836,21.780000686645508,2738.0
2024-03-01 12:06:00,KNTE,2.600100040435791,2.600100040435791,2.615000009536743,2.5999999046325684,2.615000009536743,6200.0
2024-03-01 12:06:00,KOD,6.09499979019165,6.09499979019165,6.105000019073486,6.09499979019165,6.105000019073486,939.0
2024-03-01 12:06:00,KPTI,1.1950000524520874,1.1950000524520874,1.1950000524520874,1.1950000524520874,1.1950000524520874,400.0
2024-03-01 12:06:00,KRON,1.0299999713897705,1.0299999713897705,1.0299999713897705,1.024999976158142,1.024999976158142,802.0
2024-03-01 12:06:00,KROS,70.37999725341797,70.37999725341797,70.47000122070312,70.37999725341797,70.47000122070312,1998.0
2024-03-01 12:06:00,KRYS,167.22000122070312,167.22000122070312,167.22000122070312,166.82000732421875,166.8699951171875,379.0
2024-03-01 12:06:00,KTRA,0.09889999777078629,0.09889999777078629,0.09889999777078629,0.09730000048875809,0.09730000048875809,3478.0
2024-03-01 12:06:00,KURA,21.239999771118164,21.239999771118164,21.280000686645508,21.239999771118164,21.260000228881836,1327.0
2024-03-01 12:06:00,KYMR,43.827701568603516,43.827701568603516,43.89500045776367,43.827701568603516,43.89500045776367,1092.0
2024-03-01 12:06:00,KZR,1.087499976158142,1.087499976158142,1.087499976158142,1.0817999839782715,1.0817999839782715,1067.0
2024-03-01 12:06:00,LAB,2.4749999046325684,2.4749999046325684,2.4749999046325684,2.4700000286102295,2.4709999561309814,13745.0
2024-03-01 12:06:00,LBPH,21.951499938964844,21.951499938964844,21.951499938964844,21.850000381469727,21.850000381469727,1762.0
2024-03-01 12:06:00,LEGN,65.87000274658203,65.87000274658203,65.90499877929688,65.87000274658203,65.90499877929688,2717.0
2024-03-01 12:06:00,LEXX,2.75,2.75,2.75,2.740000009536743,2.740000009536743,247.0
2024-03-01 12:06:00,LFMD,7.980000019073486,7.980000019073486,7.980000019073486,7.980000019073486,7.980000019073486,100.0
2024-03-01 12:06:00,LFST,7.920000076293945,7.920000076293945,7.925000190734863,7.920000076293945,7.925000190734863,245.0
2024-03-01 12:06:00,LIVN,55.494998931884766,55.494998931884766,55.494998931884766,55.459999084472656,55.494998931884766,3013.0
2024-03-01 12:06:00,LNTH,65.4000015258789,65.4000015258789,65.4000015258789,65.4000015258789,65.4000015258789,2350.0
2024-03-01 12:06:00,LQDA,14.300000190734863,14.300000190734863,14.300000190734863,14.300000190734863,14.300000190734863,485.0
2024-03-01 12:06:00,LUNG,9.239999771118164,9.239999771118164,9.239999771118164,9.239999771118164,9.239999771118164,1060.0
2024-03-01 12:06:00,LVTX,3.115000009536743,3.115000009536743,3.130000114440918,3.080699920654297,3.115000009536743,6506.0
2024-03-01 12:06:00,LXRX,2.450000047683716,2.450000047683716,2.450000047683716,2.450000047683716,2.450000047683716,220.0
2024-03-01 12:06:00,LYEL,3.174999952316284,3.174999952316284,3.174999952316284,3.174999952316284,3.174999952316284,139.0
2024-03-01 12:06:00,LYRA,5.59499979019165,5.59499979019165,5.59499979019165,5.59499979019165,5.59499979019165,111.0
2024-03-01 12:06:00,MACK,14.739999771118164,14.739999771118164,14.739999771118164,14.729999542236328,14.729999542236328,965.0
2024-03-01 12:06:00,MASI,127.69999694824219,127.69999694824219,127.7300033569336,127.61000061035156,127.7300033569336,3925.0
2024-03-01 12:06:00,MASS,7.269999980926514,7.269999980926514,7.269999980926514,7.269999980926514,7.269999980926514,377.0
2024-03-01 12:06:00,MBOT,1.2949999570846558,1.2949999570846558,1.2949999570846558,1.2949999570846558,1.2949999570846558,227.0
2024-03-01 12:06:00,MCRB,1.190000057220459,1.190000057220459,1.190000057220459,1.190000057220459,1.190000057220459,100.0
2024-03-01 12:06:00,MDGL,245.77999877929688,245.77999877929688,245.77999877929688,245.77999877929688,245.77999877929688,225.0
2024-03-01 12:06:00,MDRX,6.019999980926514,6.019999980926514,6.050000190734863,6.019999980926514,6.050000190734863,3709.0
2024-03-01 12:06:00,MDXG,8.53499984741211,8.53499984741211,8.53499984741211,8.53499984741211,8.53499984741211,366.0
2024-03-01 12:06:00,ME,0.5626000165939331,0.5626000165939331,0.5659000277519226,0.5626000165939331,0.5644500255584717,9409.0
2024-03-01 12:06:00,MEDP,401.06500244140625,401.06500244140625,401.06500244140625,401.06500244140625,401.06500244140625,649.0
2024-03-01 12:06:00,MGNX,18.920000076293945,18.920000076293945,18.920000076293945,18.899999618530273,18.899999618530273,3146.0
2024-03-01 12:06:00,MIRM,29.989999771118164,29.989999771118164,29.989999771118164,29.989999771118164,29.989999771118164,581.0
2024-03-01 12:06:00,MMSI,76.71499633789062,76.71499633789062,76.71499633789062,76.61000061035156,76.61000061035156,830.0
2024-03-01 12:06:00,MNKD,4.53000020980835,4.53000020980835,4.539999961853027,4.521500110626221,4.529699802398682,26000.0
2024-03-01 12:06:00,MNMD,6.199999809265137,6.199999809265137,6.199999809265137,6.189899921417236,6.190000057220459,3939.0
2024-03-01 12:06:00,MNPR,0.8282999992370605,0.8282999992370605,0.8282999992370605,0.8282999992370605,0.8282999992370605,229.0
2024-03-01 12:06:00,MODD,1.8997999429702759,1.8997999429702759,1.8997999429702759,1.8997999429702759,1.8997999429702759,5000.0
2024-03-01 12:06:00,MORF,39.027000427246094,39.027000427246094,39.027000427246094,39.027000427246094,39.027000427246094,605.0
2024-03-01 12:06:00,MOTS,0.6600000262260437,0.6600000262260437,0.6600000262260437,0.6600000262260437,0.6600000262260437,2093.0
2024-03-01 12:06:00,MRAI,1.5687999725341797,1.5687999725341797,1.5687999725341797,1.5687999725341797,1.5687999725341797,600.0
2024-03-01 12:06:00,MRNA,96.1500015258789,96.1500015258789,96.21499633789062,96.12999725341797,96.21499633789062,1847.0
2024-03-01 12:06:00,MRSN,5.914999961853027,5.914999961853027,5.940000057220459,5.909999847412109,5.940000057220459,3413.0
2024-03-01 12:06:00,MRUS,51.939998626708984,51.939998626708984,51.939998626708984,51.939998626708984,51.939998626708984,374.0
2024-03-01 12:06:00,MRVI,7.809999942779541,7.809999942779541,7.824999809265137,7.809999942779541,7.824999809265137,1324.0
2024-03-01 12:06:00,MXCT,4.730000019073486,4.730000019073486,4.730000019073486,4.730000019073486,4.730000019073486,227.0
2024-03-01 12:06:00,MYGN,21.575000762939453,21.575000762939453,21.575000762939453,21.575000762939453,21.575000762939453,125.0
2024-03-01 12:06:00,NARI,46.06999969482422,46.06999969482422,46.119998931884766,46.06999969482422,46.119998931884766,3595.0
2024-03-01 12:06:00,NAUT,2.6700000762939453,2.6700000762939453,2.6700000762939453,2.6700000762939453,2.6700000762939453,229.0
2024-03-01 12:06:00,NBIX,131.47999572753906,131.47999572753906,131.61000061035156,131.47000122070312,131.61000061035156,2432.0
2024-03-01 12:06:00,NDRA,1.167199969291687,1.167199969291687,1.167199969291687,1.134600043296814,1.134600043296814,2645.0
2024-03-01 12:06:00,NEO,15.979999542236328,15.979999542236328,15.989999771118164,15.979999542236328,15.989999771118164,320.0
2024-03-01 12:06:00,NEOG,17.30500030517578,17.30500030517578,17.30500030517578,17.30500030517578,17.30500030517578,610.0
2024-03-01 12:06:00,NGM,1.5299999713897705,1.5299999713897705,1.5305999517440796,1.5299999713897705,1.5305999517440796,2477.0
2024-03-01 12:06:00,NKTR,0.7789999842643738,0.7789999842643738,0.7789999842643738,0.7789999842643738,0.7789999842643738,491.0
2024-03-01 12:06:00,NNOX,11.194999694824219,11.194999694824219,11.194999694824219,11.1899995803833,11.1899995803833,955.0
2024-03-01 12:06:00,NOTV,8.029999732971191,8.029999732971191,8.029999732971191,8.029999732971191,8.029999732971191,326.0
2024-03-01 12:06:00,NRBO,5.940000057220459,5.940000057220459,5.940000057220459,5.940000057220459,5.940000057220459,100.0
2024-03-01 12:06:00,NRIX,13.369999885559082,13.369999885559082,13.369999885559082,13.369999885559082,13.369999885559082,321.0
2024-03-01 12:06:00,NRSN,2.065000057220459,2.065000057220459,2.065000057220459,2.065000057220459,2.065000057220459,100.0
2024-03-01 12:06:00,NRXP,0.4099999964237213,0.4099999964237213,0.4189999997615814,0.4099999964237213,0.4189999997615814,5969.0
2024-03-01 12:06:00,NTLA,33.43000030517578,33.43000030517578,33.43000030517578,33.3849983215332,33.41999816894531,2101.0
2024-03-01 12:06:00,NTRA,89.12999725341797,89.12999725341797,89.26000213623047,89.11000061035156,89.22000122070312,4690.0
2024-03-01 12:06:00,NURO,4.019999980926514,4.019999980926514,4.019999980926514,4.019999980926514,4.019999980926514,575.0
2024-03-01 12:06:00,NUVL,87.66000366210938,87.66000366210938,87.66000366210938,87.66000366210938,87.66000366210938,307.0
2024-03-01 12:06:00,NUWE,0.5839999914169312,0.5839999914169312,0.5839999914169312,0.5789499878883362,0.5789499878883362,424.0
2024-03-01 12:06:00,NVAX,5.120299816131592,5.120299816131592,5.130000114440918,5.120299816131592,5.127299785614014,3334.0
2024-03-01 12:06:00,NVCR,15.859999656677246,15.859999656677246,15.899999618530273,15.859999656677246,15.899999618530273,2178.0
2024-03-01 12:06:00,NXTC,1.7999999523162842,1.7999999523162842,1.7999999523162842,1.7899999618530273,1.7999999523162842,13122.0
2024-03-01 12:06:00,OCGN,0.9420499801635742,0.9420499801635742,0.9474999904632568,0.9420499801635742,0.9420999884605408,10746.0
2024-03-01 12:06:00,OCUL,10.680000305175781,10.680000305175781,10.6899995803833,10.680000305175781,10.6850004196167,955.0
2024-03-01 12:06:00,OGI,2.1605000495910645,2.1605000495910645,2.1619999408721924,2.1600000858306885,2.1600000858306885,669.0
2024-03-01 12:06:00,OLK,22.6299991607666,22.6299991607666,22.6299991607666,22.6299991607666,22.6299991607666,100.0
2024-03-01 12:06:00,OLMA,13.854999542236328,13.854999542236328,13.854999542236328,13.819299697875977,13.84000015258789,539.0
2024-03-01 12:06:00,OMCL,26.540000915527344,26.540000915527344,26.540000915527344,26.459999084472656,26.459999084472656,1447.0
2024-03-01 12:06:00,ONCT,10.149999618530273,10.149999618530273,10.149999618530273,10.149999618530273,10.149999618530273,216.0
2024-03-01 12:06:00,ONCY,1.125,1.125,1.125,1.125,1.125,200.0
2024-03-01 12:07:00,ABCL,5.211900234222412,5.211900234222412,5.211900234222412,5.211900234222412,5.211900234222412,4074.0
2024-03-01 12:07:00,ABEO,7.667699813842773,7.667699813842773,7.695000171661377,7.659999847412109,7.695000171661377,4167.0
2024-03-01 12:07:00,ABSI,5.244999885559082,5.244999885559082,5.260000228881836,5.244999885559082,5.25,14553.0
2024-03-01 12:07:00,ACB,3.159600019454956,3.159600019454956,3.159600019454956,3.1549999713897705,3.1549999713897705,970.0
2024-03-01 12:07:00,ACCD,10.225000381469727,10.225000381469727,10.225000381469727,10.225000381469727,10.225000381469727,139.0
2024-03-01 12:07:00,ACET,2.4049999713897705,2.4049999713897705,2.4049999713897705,2.4049999713897705,2.4049999713897705,549.0
2024-03-01 12:07:00,ACHV,4.300000190734863,4.300000190734863,4.300000190734863,4.300000190734863,4.300000190734863,773.0
2024-03-01 12:07:00,ACIU,3.8499999046325684,3.8499999046325684,3.8499999046325684,3.8499999046325684,3.8499999046325684,606.0
2024-03-01 12:07:00,ACLX,67.5199966430664,67.5199966430664,67.5250015258789,67.5199966430664,67.5250015258789,350.0
2024-03-01 12:07:00,ACON,0.3880000114440918,0.3880000114440918,0.3880000114440918,0.38610100746154785,0.38610100746154785,2535.0
2024-03-01 12:07:00,ACRS,1.2300000190734863,1.2300000190734863,1.2300000190734863,1.225000023841858,1.2300000190734863,891.0
2024-03-01 12:07:00,ADIL,3.0499000549316406,3.0499000549316406,3.063199996948242,3.0299999713897705,3.0501999855041504,19105.0
2024-03-01 12:07:00,ADMA,5.385000228881836,5.385000228881836,5.385000228881836,5.385000228881836,5.385000228881836,125.0
2024-03-01 12:07:00,ADPT,4.159999847412109,4.159999847412109,4.159999847412109,4.159999847412109,4.159999847412109,144.0
2024-03-01 12:07:00,AGEN,0.6741999983787537,0.6741999983787537,0.6743000149726868,0.6740000247955322,0.6740000247955322,1774.0
2024-03-01 12:07:00,AGIO,32.939998626708984,32.939998626708984,32.970001220703125,32.90999984741211,32.93000030517578,1864.0
2024-03-01 12:07:00,AHCO,10.789999961853027,10.789999961853027,10.79699993133545,10.779999732971191,10.779999732971191,3734.0
2024-03-01 12:07:00,AKAN,0.23999999463558197,0.23999999463558197,0.24040000140666962,0.23890000581741333,0.24040000140666962,3188.0
2024-03-01 12:07:00,AKBA,1.6749999523162842,1.6749999523162842,1.6799999475479126,1.6749999523162842,1.6749999523162842,2810.0
2024-03-01 12:07:00,AKLI,0.3325999975204468,0.3325999975204468,0.33629998564720154,0.3325999975204468,0.3325999975204468,3001.0
2024-03-01 12:07:00,AKRO,29.950000762939453,29.950000762939453,29.950000762939453,29.90999984741211,29.90999984741211,1986.0
2024-03-01 12:07:00,AKYA,6.091300010681152,6.091300010681152,6.091300010681152,6.091300010681152,6.091300010681152,754.0
2024-03-01 12:07:00,ALDX,4.105000019073486,4.105000019073486,4.105000019073486,4.105000019073486,4.105000019073486,173.0
2024-03-01 12:07:00,ALEC,7.449999809265137,7.449999809265137,7.460000038146973,7.449999809265137,7.454999923706055,713.0
2024-03-01 12:07:00,ALGN,302.2449951171875,302.2449951171875,302.2449951171875,302.2449951171875,302.2449951171875,263.0
2024-03-01 12:07:00,ALHC,5.730000019073486,5.730000019073486,5.730000019073486,5.71999979019165,5.730000019073486,6882.0
2024-03-01 12:07:00,ALKS,30.209999084472656,30.209999084472656,30.225000381469727,30.209999084472656,30.21500015258789,3134.0
2024-03-01 12:07:00,ALLK,1.6050000190734863,1.6050000190734863,1.6050000190734863,1.6050000190734863,1.6050000190734863,935.0
2024-03-01 12:07:00,ALPN,35.83000183105469,35.83000183105469,35.869998931884766,35.77000045776367,35.779998779296875,4826.0
2024-03-01 12:07:00,ALT,12.010000228881836,12.010000228881836,12.020000457763672,12.0,12.0,3747.0
2024-03-01 12:07:00,ALVO,15.640000343322754,15.640000343322754,15.640000343322754,15.640000343322754,15.640000343322754,610.0
2024-03-01 12:07:00,ALXO,15.125,15.125,15.125,15.079999923706055,15.09000015258789,1777.0
2024-03-01 12:07:00,AMGN,281.7200927734375,281.7200927734375,281.7900085449219,281.510009765625,281.6199951171875,4771.0
2024-03-01 12:07:00,AMLX,18.790000915527344,18.790000915527344,18.790000915527344,18.780000686645508,18.780000686645508,1002.0
2024-03-01 12:07:00,AMRN,1.0565999746322632,1.0565999746322632,1.059999942779541,1.0499999523162842,1.0549999475479126,1600.0
2024-03-01 12:07:00,ANAB,25.489999771118164,25.489999771118164,25.489999771118164,25.489999771118164,25.489999771118164,987.0
2024-03-01 12:07:00,ANNX,5.889999866485596,5.889999866485596,5.889999866485596,5.889999866485596,5.889999866485596,2079.0
2024-03-01 12:07:00,APLS,65.55999755859375,65.55999755859375,65.58999633789062,65.48999786376953,65.5199966430664,4054.0
2024-03-01 12:07:00,APLT,7.099999904632568,7.099999904632568,7.119999885559082,7.090000152587891,7.090000152587891,5964.0
2024-03-01 12:07:00,APRE,8.747900009155273,8.747900009155273,8.747900009155273,8.747900009155273,8.747900009155273,170.0
2024-03-01 12:07:00,APVO,0.15970000624656677,0.15970000624656677,0.1598999947309494,0.15970000624656677,0.1598999947309494,5049.0
2024-03-01 12:07:00,AQST,4.313399791717529,4.313399791717529,4.329899787902832,4.313399791717529,4.329899787902832,2309.0
2024-03-01 12:07:00,ARAY,2.634999990463257,2.634999990463257,2.634999990463257,2.619999885559082,2.630000114440918,8069.0
2024-03-01 12:07:00,ARDX,9.649999618530273,9.649999618530273,9.650099754333496,9.649999618530273,9.650099754333496,663.0
2024-03-01 12:07:00,ARGX,390.19000244140625,390.19000244140625,390.42999267578125,390.19000244140625,390.42999267578125,449.0
2024-03-01 12:07:00,ARQT,11.510000228881836,11.510000228881836,11.529899597167969,11.505000114440918,11.520099639892578,35610.0
2024-03-01 12:07:00,ARVN,48.935001373291016,48.935001373291016,48.96500015258789,48.90999984741211,48.90999984741211,1897.0
2024-03-01 12:07:00,ARWR,35.06999969482422,35.06999969482422,35.165000915527344,35.064998626708984,35.165000915527344,6707.0
2024-03-01 12:07:00,ASLN,0.7900000214576721,0.7900000214576721,0.7900000214576721,0.7900000214576721,0.7900000214576721,130.0
2024-03-01 12:07:00,ASND,150.16000366210938,150.16000366210938,150.1999969482422,150.16000366210938,150.1999969482422,518.0
2024-03-01 12:07:00,ASRT,0.9199000000953674,0.9199000000953674,0.9200000166893005,0.9199000000953674,0.9200000166893005,1810.0
2024-03-01 12:07:00,ATAI,2.1050000190734863,2.1050000190734863,2.1201000213623047,2.1012001037597656,2.119999885559082,14324.0
2024-03-01 12:07:00,ATEC,13.5600004196167,13.5600004196167,13.5600004196167,13.5600004196167,13.5600004196167,1052.0
2024-03-01 12:07:00,ATHA,3.9600000381469727,3.9600000381469727,3.9600000381469727,3.9600000381469727,3.9600000381469727,467.0
2024-03-01 12:07:00,ATRA,0.7850000262260437,0.7850000262260437,0.794700026512146,0.7850000262260437,0.794700026512146,1945.0
2024-03-01 12:07:00,ATRC,35.90999984741211,35.90999984741211,35.90999984741211,35.90999984741211,35.90999984741211,216.0
2024-03-01 12:07:00,ATXS,14.90999984741211,14.90999984741211,14.90999984741211,14.90999984741211,14.90999984741211,200.0
2024-03-01 12:07:00,AUGX,4.610000133514404,4.610000133514404,4.614999771118164,4.590000152587891,4.599999904632568,3109.0
2024-03-01 12:07:00,AUPH,5.789999961853027,5.789999961853027,5.795000076293945,5.789999961853027,5.789999961853027,4491.0
2024-03-01 12:07:00,AUTL,6.284999847412109,6.284999847412109,6.284999847412109,6.284999847412109,6.284999847412109,210.0
2024-03-01 12:07:00,AVIR,4.559000015258789,4.559000015258789,4.559000015258789,4.559000015258789,4.559000015258789,196.0
2024-03-01 12:07:00,AVRO,1.3350000381469727,1.3350000381469727,1.3350000381469727,1.3350000381469727,1.3350000381469727,101.0
2024-03-01 12:07:00,AVXL,5.340000152587891,5.340000152587891,5.340000152587891,5.340000152587891,5.340000152587891,177.0
2024-03-01 12:07:00,AXNX,67.25499725341797,67.25499725341797,67.26000213623047,67.25,67.26000213623047,1020.0
2024-03-01 12:07:00,AXSM,81.98780059814453,81.98780059814453,81.98780059814453,81.86000061035156,81.86000061035156,4111.0
2024-03-01 12:07:00,AZN,64.70999908447266,64.70999908447266,64.70999908447266,64.68000030517578,64.68000030517578,4778.0
2024-03-01 12:07:00,AZTA,66.5,66.5,66.5,66.5,66.5,121.0
2024-03-01 12:07:00,BBIO,36.09000015258789,36.09000015258789,36.09000015258789,36.09000015258789,36.09000015258789,1530.0
2024-03-01 12:07:00,BBLG,2.299999952316284,2.299999952316284,2.3299999237060547,2.299999952316284,2.3299999237060547,1288.0
2024-03-01 12:07:00,BCEL,0.2669999897480011,0.2669999897480011,0.2669999897480011,0.2669999897480011,0.2669999897480011,995.0
2024-03-01 12:07:00,BCRX,5.769999980926514,5.769999980926514,5.789999961853027,5.769999980926514,5.784999847412109,5859.0
2024-03-01 12:07:00,BCTX,3.555000066757202,3.555000066757202,3.555000066757202,3.555000066757202,3.555000066757202,100.0
2024-03-01 12:07:00,BDTX,5.045000076293945,5.045000076293945,5.050000190734863,5.045000076293945,5.045000076293945,433.0
2024-03-01 12:07:00,BEAM,40.01430130004883,40.01430130004883,40.01430130004883,39.939998626708984,39.939998626708984,797.0
2024-03-01 12:07:00,BIIB,220.0,220.0,220.0,220.0,220.0,549.0
2024-03-01 12:07:00,BIOL,0.13699999451637268,0.13699999451637268,0.13699999451637268,0.13699999451637268,0.13699999451637268,450.0
2024-03-01 12:07:00,BIVI,1.909999966621399,1.909999966621399,1.9299999475479126,1.8899999856948853,1.9089000225067139,98181.0
2024-03-01 12:07:00,BLFS,18.149999618530273,18.149999618530273,18.149999618530273,18.149999618530273,18.149999618530273,325.0
2024-03-01 12:07:00,BLRX,1.3732000589370728,1.3732000589370728,1.3732000589370728,1.3732000589370728,1.3732000589370728,252.0
2024-03-01 12:07:00,BLUE,1.600000023841858,1.600000023841858,1.6050000190734863,1.590000033378601,1.5996999740600586,67117.0
2024-03-01 12:07:00,BMRN,86.95999908447266,86.95999908447266,86.95999908447266,86.95999908447266,86.95999908447266,615.0
2024-03-01 12:07:00,BNGO,1.25,1.25,1.25,1.25,1.25,938.0
2024-03-01 12:07:00,BNTX,91.95999908447266,91.95999908447266,92.00499725341797,91.83000183105469,91.83000183105469,2049.0
2024-03-01 12:07:00,BPMC,97.625,97.625,97.65499877929688,97.59500122070312,97.59500122070312,515.0
2024-03-01 12:07:00,BRKR,87.8499984741211,87.8499984741211,87.86000061035156,87.83000183105469,87.8499984741211,1770.0
2024-03-01 12:07:00,BSGM,0.64410001039505,0.64410001039505,0.64410001039505,0.64410001039505,0.64410001039505,100.0
2024-03-01 12:07:00,BTTX,0.17100000381469727,0.17100000381469727,0.17100000381469727,0.17100000381469727,0.17100000381469727,315.0
2024-03-01 12:07:00,BWAY,6.53000020980835,6.53000020980835,6.53000020980835,6.53000020980835,6.53000020980835,100.0
2024-03-01 12:07:00,CABA,24.06999969482422,24.06999969482422,24.09000015258789,24.06999969482422,24.09000015258789,2963.0
2024-03-01 12:07:00,CADL,1.7213000059127808,1.7213000059127808,1.7280999422073364,1.7213000059127808,1.7280999422073364,3786.0
2024-03-01 12:07:00,CARA,0.8901000022888184,0.8901000022888184,0.9017000198364258,0.8901000022888184,0.9017000198364258,457.0
2024-03-01 12:07:00,CBAY,32.25,32.25,32.25,32.244998931884766,32.25,2235.0
2024-03-01 12:07:00,CCCC,10.90999984741211,10.90999984741211,10.920000076293945,10.90999984741211,10.920000076293945,599.0
2024-03-01 12:07:00,CCRN,18.190000534057617,18.190000534057617,18.190000534057617,18.190000534057617,18.190000534057617,103.0
2024-03-01 12:07:00,CDNA,12.515000343322754,12.515000343322754,12.529999732971191,12.515000343322754,12.520000457763672,1974.0
2024-03-01 12:07:00,CDXC,1.6517000198364258,1.6517000198364258,1.6517000198364258,1.6517000198364258,1.6517000198364258,375.0
2024-03-01 12:07:00,CDXS,4.53879976272583,4.53879976272583,4.539999961853027,4.528800010681152,4.53000020980835,1197.0
2024-03-01 12:07:00,CELU,3.559999942779541,3.559999942779541,3.5999999046325684,3.559999942779541,3.5999999046325684,855.0
2024-03-01 12:07:00,CELZ,4.23960018157959,4.23960018157959,4.23960018157959,4.23960018157959,4.23960018157959,174.0
2024-03-01 12:07:00,CERE,41.11000061035156,41.11000061035156,41.1150016784668,41.11000061035156,41.1150016784668,655.0
2024-03-01 12:07:00,CERT,17.704999923706055,17.704999923706055,17.704999923706055,17.700000762939453,17.700000762939453,2914.0
2024-03-01 12:07:00,CGC,3.255000114440918,3.255000114440918,3.2699999809265137,3.255000114440918,3.2699999809265137,7054.0
2024-03-01 12:07:00,CGEN,2.684000015258789,2.684000015258789,2.684000015258789,2.684000015258789,2.684000015258789,693.0
2024-03-01 12:07:00,CHRS,2.365000009536743,2.365000009536743,2.365000009536743,2.360100030899048,2.365000009536743,1484.0
2024-03-01 12:07:00,CLDX,51.790000915527344,51.790000915527344,52.0099983215332,51.75,52.005001068115234,7593.0
2024-03-01 12:07:00,CLNN,0.3867489993572235,0.3867489993572235,0.3889999985694885,0.3867489993572235,0.3889999985694885,980.0
2024-03-01 12:07:00,CLOV,0.8654999732971191,0.8654999732971191,0.8655999898910522,0.8654999732971191,0.8655999898910522,18231.0
2024-03-01 12:07:00,CLRB,4.110000133514404,4.110000133514404,4.110000133514404,4.110000133514404,4.110000133514404,600.0
2024-03-01 12:07:00,CMPS,11.539600372314453,11.539600372314453,11.539999961853027,11.499899864196777,11.5,1938.0
2024-03-01 12:07:00,CNSP,0.3176000118255615,0.3176000118255615,0.3176000118255615,0.3176000118255615,0.3176000118255615,189.0
2024-03-01 12:07:00,COGT,7.190000057220459,7.190000057220459,7.190000057220459,7.190000057220459,7.190000057220459,124.0
2024-03-01 12:07:00,CORT,23.770000457763672,23.770000457763672,23.770000457763672,23.739999771118164,23.75,5462.0
2024-03-01 12:07:00,CPRX,17.149999618530273,17.149999618530273,17.15999984741211,17.109899520874023,17.109899520874023,8143.0
2024-03-01 12:07:00,CPSI,9.3100004196167,9.3100004196167,9.380000114440918,9.3100004196167,9.380000114440918,2920.0
2024-03-01 12:07:00,CRBP,32.04999923706055,32.04999923706055,32.04999923706055,31.889999389648438,32.04499816894531,1502.0
2024-03-01 12:07:00,CRBU,8.005000114440918,8.005000114440918,8.010000228881836,8.0,8.0,1608.0
2024-03-01 12:07:00,CRDF,2.259999990463257,2.259999990463257,2.279900074005127,2.259999990463257,2.2718000411987305,12587.0
2024-03-01 12:07:00,CRDL,1.965000033378601,1.965000033378601,1.965000033378601,1.965000033378601,1.965000033378601,245.0
2024-03-01 12:07:00,CRNX,45.93000030517578,45.93000030517578,45.93000030517578,45.86000061035156,45.86000061035156,1094.0
2024-03-01 12:07:00,CRON,2.059999942779541,2.059999942779541,2.059999942779541,2.055000066757202,2.055000066757202,250.0
2024-03-01 12:07:00,CRSP,85.33999633789062,85.33999633789062,85.33999633789062,85.2699966430664,85.2699966430664,1448.0
2024-03-01 12:07:00,CRVS,2.265000104904175,2.265000104904175,2.265000104904175,2.265000104904175,2.265000104904175,1016.0
2024-03-01 12:07:00,CSTL,20.020000457763672,20.020000457763672,20.059999465942383,20.020000457763672,20.049999237060547,1077.0
2024-03-01 12:07:00,CTKB,8.529999732971191,8.529999732971191,8.539999961853027,8.524999618530273,8.539999961853027,969.0
2024-03-01 12:07:00,CTMX,2.6449999809265137,2.6449999809265137,2.6500000953674316,2.6449999809265137,2.6500000953674316,4604.0
2024-03-01 12:07:00,CTXR,0.7731999754905701,0.7731999754905701,0.7731999754905701,0.7731999754905701,0.7731999754905701,370.0
2024-03-01 12:07:00,CUE,2.194999933242798,2.194999933242798,2.194999933242798,2.194999933242798,2.194999933242798,208.0
2024-03-01 12:07:00,CVAC,3.4749999046325684,3.4749999046325684,3.4749999046325684,3.4749999046325684,3.4749999046325684,500.0
2024-03-01 12:07:00,CYTK,73.80000305175781,73.80000305175781,73.80000305175781,73.73999786376953,73.73999786376953,1136.0
2024-03-01 12:07:00,DARE,0.5633000135421753,0.5633000135421753,0.5633000135421753,0.5633000135421753,0.5633000135421753,111.0
2024-03-01 12:07:00,DAWN,17.489999771118164,17.489999771118164,17.489999771118164,17.489999771118164,17.489999771118164,343.0
2024-03-01 12:07:00,DCGO,4.130000114440918,4.130000114440918,4.130000114440918,4.130000114440918,4.130000114440918,100.0
2024-03-01 12:07:00,DH,9.0,9.0,9.010000228881836,9.0,9.010000228881836,1345.0
2024-03-01 12:07:00,DMAC,3.059999942779541,3.059999942779541,3.059999942779541,3.059999942779541,3.059999942779541,514.0
2024-03-01 12:07:00,DMTK,0.8700000047683716,0.8700000047683716,0.8700000047683716,0.8700000047683716,0.8700000047683716,3877.0
2024-03-01 12:07:00,DTIL,12.079999923706055,12.079999923706055,12.079999923706055,11.899999618530273,11.989999771118164,755.0
2024-03-01 12:07:00,DVAX,12.864999771118164,12.864999771118164,12.869999885559082,12.859999656677246,12.859999656677246,2234.0
2024-03-01 12:07:00,DXCM,121.0,121.0,121.0,120.82499694824219,120.88500213623047,11564.0
2024-03-01 12:07:00,DYN,28.93000030517578,28.93000030517578,28.93000030517578,28.93000030517578,28.93000030517578,260.0
2024-03-01 12:07:00,EDAP,6.874000072479248,6.874000072479248,6.880000114440918,6.849999904632568,6.849999904632568,2267.0
2024-03-01 12:07:00,EDIT,10.899999618530273,10.899999618530273,10.899999618530273,10.880000114440918,10.880000114440918,1965.0
2024-03-01 12:07:00,EGRX,6.75,6.75,6.75,6.75,6.75,240.0
2024-03-01 12:07:00,ELEV,4.800000190734863,4.800000190734863,4.800000190734863,4.800000190734863,4.800000190734863,101.0
2024-03-01 12:07:00,EMBC,14.279999732971191,14.279999732971191,14.319999694824219,14.279999732971191,14.319999694824219,389.0
2024-03-01 12:07:00,ENSG,123.37999725341797,123.37999725341797,123.37999725341797,123.37999725341797,123.37999725341797,188.0
2024-03-01 12:07:00,ENTA,15.28499984741211,15.28499984741211,15.28499984741211,15.199999809265137,15.270000457763672,695.0
2024-03-01 12:07:00,ENVB,1.5410000085830688,1.5410000085830688,1.559999942779541,1.5410000085830688,1.559999942779541,4282.0
2024-03-01 12:07:00,EOLS,14.630000114440918,14.630000114440918,14.640000343322754,14.619999885559082,14.640000343322754,2390.0
2024-03-01 12:07:00,EPIX,9.654999732971191,9.654999732971191,9.654999732971191,9.654999732971191,9.654999732971191,394.0
2024-03-01 12:07:00,EQ,2.3499999046325684,2.3499999046325684,2.3499999046325684,2.3499999046325684,2.3499999046325684,128.0
2024-03-01 12:07:00,ERAS,2.5250000953674316,2.5250000953674316,2.5250000953674316,2.5201001167297363,2.5250000953674316,1132.0
2024-03-01 12:07:00,ESPR,2.5350000858306885,2.5350000858306885,2.5350000858306885,2.5350000858306885,2.5350000858306885,928.0
2024-03-01 12:07:00,ETNB,12.970000267028809,12.970000267028809,12.970000267028809,12.944999694824219,12.960000038146973,5741.0
2024-03-01 12:07:00,EWTX,17.014999389648438,17.014999389648438,17.014999389648438,17.0,17.0,653.0
2024-03-01 12:07:00,EXAS,59.73500061035156,59.73500061035156,59.7400016784668,59.665000915527344,59.665000915527344,992.0
2024-03-01 12:07:00,EXEL,22.485000610351562,22.485000610351562,22.5,22.479999542236328,22.5,2168.0
2024-03-01 12:07:00,EYEN,2.2999000549316406,2.2999000549316406,2.299999952316284,2.2799999713897705,2.2799999713897705,46131.0
2024-03-01 12:07:00,EYPT,28.030000686645508,28.030000686645508,28.030000686645508,28.030000686645508,28.030000686645508,241.0
2024-03-01 12:07:00,FATE,7.409999847412109,7.409999847412109,7.409999847412109,7.360000133514404,7.360000133514404,6083.0
2024-03-01 12:07:00,FBIO,2.244999885559082,2.244999885559082,2.244999885559082,2.244999885559082,2.244999885559082,539.0
2024-03-01 12:07:00,FEMY,1.7294000387191772,1.7294000387191772,1.7294000387191772,1.7294000387191772,1.7294000387191772,111.0
2024-03-01 12:07:00,FGEN,1.8396999835968018,1.8396999835968018,1.840000033378601,1.8396999835968018,1.840000033378601,1449.0
2024-03-01 12:07:00,FHTX,8.029999732971191,8.029999732971191,8.029999732971191,8.029999732971191,8.029999732971191,321.0
2024-03-01 12:07:00,FLGT,23.200000762939453,23.200000762939453,23.200000762939453,23.170000076293945,23.170000076293945,367.0
2024-03-01 12:07:00,FOLD,13.260000228881836,13.260000228881836,13.260000228881836,13.255000114440918,13.255000114440918,2464.0
2024-03-01 12:07:00,FUSN,12.395000457763672,12.395000457763672,12.40999984741211,12.395000457763672,12.40999984741211,673.0
2024-03-01 12:07:00,FWBI,8.319999694824219,8.319999694824219,8.319999694824219,8.319999694824219,8.319999694824219,145.0
2024-03-01 12:07:00,GALT,1.9600000381469727,1.9600000381469727,1.9600000381469727,1.9600000381469727,1.9600000381469727,100.0
2024-03-01 12:07:00,GBIO,2.630000114440918,2.630000114440918,2.630000114440918,2.630000114440918,2.630000114440918,255.0
2024-03-01 12:07:00,GDRX,8.375,8.375,8.395000457763672,8.34000015258789,8.34000015258789,10118.0
2024-03-01 12:07:00,GERN,2.180000066757202,2.180000066757202,2.180000066757202,2.171600103378296,2.180000066757202,11939.0
2024-03-01 12:07:00,GH,19.260000228881836,19.260000228881836,19.264999389648438,19.25,19.25,1601.0
2024-03-01 12:07:00,GHSI,8.5,8.5,8.5,8.5,8.5,2842.0
2024-03-01 12:07:00,GILD,72.17500305175781,72.17500305175781,72.18499755859375,72.16999816894531,72.18000030517578,6340.0
2024-03-01 12:07:00,GLMD,0.38999998569488525,0.38999998569488525,0.39640000462532043,0.38999998569488525,0.39640000462532043,678.0
2024-03-01 12:07:00,GMAB,29.350000381469727,29.350000381469727,29.350000381469727,29.34000015258789,29.34000015258789,399.0
2024-03-01 12:07:00,GMDA,0.38909998536109924,0.38909998536109924,0.38909998536109924,0.38909998536109924,0.38909998536109924,714.0
2024-03-01 12:07:00,GOSS,1.3600000143051147,1.3600000143051147,1.3600000143051147,1.3600000143051147,1.3600000143051147,792.0
2024-03-01 12:07:00,GRFS,7.065000057220459,7.065000057220459,7.065000057220459,7.050600051879883,7.050600051879883,3553.0
2024-03-01 12:07:00,GRPH,3.4749999046325684,3.4749999046325684,3.4749999046325684,3.4749999046325684,3.4749999046325684,130.0
2024-03-01 12:07:00,GRTS,2.2249999046325684,2.2249999046325684,2.2249999046325684,2.190000057220459,2.200000047683716,25134.0
2024-03-01 12:07:00,GRTX,0.23499999940395355,0.23499999940395355,0.23639999330043793,0.23499999940395355,0.23499999940395355,871.0
2024-03-01 12:07:00,GTHX,3.634999990463257,3.634999990463257,3.634999990463257,3.630000114440918,3.634999990463257,2431.0
2024-03-01 12:07:00,HALO,41.36399841308594,41.36399841308594,41.400001525878906,41.28499984741211,41.28499984741211,2338.0
2024-03-01 12:07:00,HARP,22.950000762939453,22.950000762939453,22.950000762939453,22.950000762939453,22.950000762939453,242.0
2024-03-01 12:07:00,HCAT,7.949999809265137,7.949999809265137,7.949999809265137,7.940000057220459,7.940000057220459,3139.0
2024-03-01 12:07:00,HCTI,2.446199893951416,2.446199893951416,2.5299999713897705,2.4000000953674316,2.450000047683716,12568.0
2024-03-01 12:07:00,HITI,1.7699999809265137,1.7699999809265137,1.7699999809265137,1.7699999809265137,1.7699999809265137,101.0
2024-03-01 12:07:00,HLVX,18.760000228881836,18.760000228881836,18.760000228881836,18.709999084472656,18.709999084472656,493.0
2024-03-01 12:07:00,HOLX,73.69499969482422,73.69499969482422,73.69499969482422,73.66000366210938,73.66000366210938,2382.0
2024-03-01 12:07:00,HQY,81.67500305175781,81.67500305175781,81.69999694824219,81.67500305175781,81.69999694824219,1285.0
2024-03-01 12:07:00,HRMY,31.459999084472656,31.459999084472656,31.459999084472656,31.459999084472656,31.459999084472656,261.0
2024-03-01 12:07:00,HROW,10.850000381469727,10.850000381469727,10.850000381469727,10.850000381469727,10.850000381469727,844.0
2024-03-01 12:07:00,HRTX,2.5999999046325684,2.5999999046325684,2.5999999046325684,2.59089994430542,2.59089994430542,816.0
2024-03-01 12:07:00,HSCS,0.11909999698400497,0.11909999698400497,0.11919999867677689,0.11909999698400497,0.11909999698400497,5185.0
2024-03-01 12:07:00,HSDT,4.846700191497803,4.846700191497803,4.846700191497803,4.846700191497803,4.846700191497803,351.0
2024-03-01 12:07:00,HSIC,76.81999969482422,76.81999969482422,76.94499969482422,76.7699966430664,76.94499969482422,9739.0
2024-03-01 12:07:00,HUMA,3.4149999618530273,3.4149999618530273,3.4200000762939453,3.3901000022888184,3.3949999809265137,12164.0
2024-03-01 12:07:00,IBRX,4.855000019073486,4.855000019073486,4.855000019073486,4.84499979019165,4.849899768829346,3022.0
2024-03-01 12:07:00,ICLR,322.6650085449219,322.6650085449219,322.6650085449219,322.6650085449219,322.6650085449219,861.0
2024-03-01 12:07:00,IDXX,581.510009765625,581.510009765625,581.510009765625,581.510009765625,581.510009765625,660.0
2024-03-01 12:07:00,IINN,1.6469000577926636,1.6469000577926636,1.6469000577926636,1.6469000577926636,1.6469000577926636,1600.0
2024-03-01 12:07:00,ILMN,141.9199981689453,141.9199981689453,141.9199981689453,141.8300018310547,141.8300018310547,1604.0
2024-03-01 12:07:00,IMAB,1.8350000381469727,1.8350000381469727,1.8350000381469727,1.8350000381469727,1.8350000381469727,105.0
2024-03-01 12:07:00,IMMX,3.5350000858306885,3.5350000858306885,3.5350000858306885,3.5350000858306885,3.5350000858306885,1099.0
2024-03-01 12:07:00,IMNN,1.0800000429153442,1.0800000429153442,1.0800000429153442,1.059999942779541,1.0700000524520874,666.0
2024-03-01 12:07:00,IMVT,36.400001525878906,36.400001525878906,36.43000030517578,36.369998931884766,36.369998931884766,3225.0
2024-03-01 12:07:00,INAB,1.100000023841858,1.100000023841858,1.100000023841858,1.100000023841858,1.100000023841858,1054.0
2024-03-01 12:07:00,INCY,59.0099983215332,59.0099983215332,59.025001525878906,59.0099983215332,59.025001525878906,333.0
2024-03-01 12:07:00,INGN,6.869900226593018,6.869900226593018,6.869900226593018,6.869900226593018,6.869900226593018,788.0
2024-03-01 12:07:00,INM,0.4040600061416626,0.4040600061416626,0.4040600061416626,0.4040600061416626,0.4040600061416626,700.0
2024-03-01 12:07:00,INMD,22.774999618530273,22.774999618530273,22.809999465942383,22.774999618530273,22.809999465942383,3993.0
2024-03-01 12:07:00,INO,9.220000267028809,9.220000267028809,9.25,9.220000267028809,9.25,944.0
2024-03-01 12:07:00,INSM,28.280000686645508,28.280000686645508,28.290000915527344,28.280000686645508,28.290000915527344,823.0
2024-03-01 12:07:00,INVA,15.625,15.625,15.630000114440918,15.625,15.630000114440918,1725.0
2024-03-01 12:07:00,INZY,6.619999885559082,6.619999885559082,6.619999885559082,6.605000019073486,6.610099792480469,4645.0
2024-03-01 12:07:00,IONM,0.3424000144004822,0.3424000144004822,0.3424000144004822,0.335099995136261,0.335099995136261,1100.0
2024-03-01 12:07:00,IOVA,16.795000076293945,16.795000076293945,16.80500030517578,16.760000228881836,16.760000228881836,5101.0
2024-03-01 12:07:00,IRWD,9.095000267028809,9.095000267028809,9.100000381469727,9.085000038146973,9.095000267028809,28235.0
2024-03-01 12:07:00,ISRG,394.04998779296875,394.04998779296875,394.17999267578125,394.04998779296875,394.17999267578125,2052.0
2024-03-01 12:07:00,ITCI,71.7699966430664,71.7699966430664,71.81500244140625,71.7699966430664,71.81500244140625,297.0
2024-03-01 12:07:00,IVVD,4.039999961853027,4.039999961853027,4.039999961853027,4.039999961853027,4.039999961853027,171.0
2024-03-01 12:07:00,JAGX,0.07249999791383743,0.07249999791383743,0.07249999791383743,0.07199999690055847,0.07209999859333038,145705.0
2024-03-01 12:07:00,JANX,46.849998474121094,46.849998474121094,46.849998474121094,46.689998626708984,46.752601623535156,1094.0
2024-03-01 12:07:00,JAZZ,119.66000366210938,119.66000366210938,119.66000366210938,119.66000366210938,119.66000366210938,8585.0
2024-03-01 12:07:00,JSPR,20.90999984741211,20.90999984741211,21.125,20.90999984741211,21.125,291.0
2024-03-01 12:07:00,KALV,13.960000038146973,13.960000038146973,13.960000038146973,13.949999809265137,13.949999809265137,213.0
2024-03-01 12:07:00,KNSA,21.774999618530273,21.774999618530273,21.774999618530273,21.774999618530273,21.774999618530273,239.0
2024-03-01 12:07:00,KNTE,2.6050000190734863,2.6050000190734863,2.6050000190734863,2.6008999347686768,2.6008999347686768,229.0
2024-03-01 12:07:00,KOD,6.099999904632568,6.099999904632568,6.105000019073486,6.099999904632568,6.099999904632568,4031.0
2024-03-01 12:07:00,KPTI,1.1994999647140503,1.1994999647140503,1.1994999647140503,1.1950000524520874,1.1950000524520874,821.0
2024-03-01 12:07:00,KRON,1.024999976158142,1.024999976158142,1.0299999713897705,1.024999976158142,1.024999976158142,12016.0
2024-03-01 12:07:00,KRYS,167.125,167.125,167.125,167.125,167.125,521.0
2024-03-01 12:07:00,KTRA,0.09719999879598618,0.09719999879598618,0.09730000048875809,0.09709999710321426,0.09730000048875809,17781.0
2024-03-01 12:07:00,KYMR,43.89500045776367,43.89500045776367,43.89500045776367,43.89500045776367,43.89500045776367,472.0
2024-03-01 12:07:00,KZIA,0.24950000643730164,0.24950000643730164,0.24950000643730164,0.23890000581741333,0.23890000581741333,3700.0
2024-03-01 12:07:00,LAB,2.4798998832702637,2.4798998832702637,2.4800000190734863,2.4798998832702637,2.4800000190734863,774.0
2024-03-01 12:07:00,LABP,6.512800216674805,6.512800216674805,6.512800216674805,6.512800216674805,6.512800216674805,100.0
2024-03-01 12:07:00,LEGN,65.92500305175781,65.92500305175781,65.92500305175781,65.91000366210938,65.91000366210938,488.0
2024-03-01 12:07:00,LEXX,2.734999895095825,2.734999895095825,2.734999895095825,2.734999895095825,2.734999895095825,109.0
2024-03-01 12:07:00,LFMD,7.980000019073486,7.980000019073486,7.980000019073486,7.980000019073486,7.980000019073486,105.0
2024-03-01 12:07:00,LFST,7.920199871063232,7.920199871063232,7.920199871063232,7.920199871063232,7.920199871063232,575.0
2024-03-01 12:07:00,LIVN,55.529998779296875,55.529998779296875,55.540000915527344,55.529998779296875,55.540000915527344,628.0
2024-03-01 12:07:00,LMAT,67.375,67.375,67.375,67.375,67.375,755.0
2024-03-01 12:07:00,LNTH,65.35320281982422,65.35320281982422,65.35320281982422,65.35320281982422,65.35320281982422,756.0
2024-03-01 12:07:00,LRMR,11.305000305175781,11.305000305175781,11.59000015258789,11.305000305175781,11.59000015258789,3492.0
2024-03-01 12:07:00,LUMO,3.0,3.0,3.0,3.0,3.0,126.0
2024-03-01 12:07:00,LUNG,9.260000228881836,9.260000228881836,9.260000228881836,9.260000228881836,9.260000228881836,1591.0
2024-03-01 12:07:00,LVTX,3.0999999046325684,3.0999999046325684,3.0999999046325684,3.095400094985962,3.095400094985962,860.0
2024-03-01 12:07:00,LXRX,2.444999933242798,2.444999933242798,2.450000047683716,2.444999933242798,2.444999933242798,616.0
2024-03-01 12:07:00,LYEL,3.180000066757202,3.180000066757202,3.180000066757202,3.174999952316284,3.174999952316284,241.0
2024-03-01 12:07:00,MASS,7.295000076293945,7.295000076293945,7.295000076293945,7.28000020980835,7.28000020980835,594.0
2024-03-01 12:07:00,MBRX,0.6499000191688538,0.6499000191688538,0.6499000191688538,0.6499000191688538,0.6499000191688538,909.0
2024-03-01 12:07:00,MCRB,1.1950000524520874,1.1950000524520874,1.1950000524520874,1.1950000524520874,1.1950000524520874,179.0
2024-03-01 12:07:00,MDGL,245.76499938964844,245.76499938964844,245.76499938964844,245.76499938964844,245.76499938964844,521.0
2024-03-01 12:07:00,MDRX,6.0,6.0,6.050000190734863,6.0,6.0,6206.0
2024-03-01 12:07:00,MDXG,8.53499984741211,8.53499984741211,8.53499984741211,8.529999732971191,8.53499984741211,1008.0
2024-03-01 12:07:00,ME,0.5609999895095825,0.5609999895095825,0.5634999871253967,0.5609999895095825,0.5626000165939331,18885.0
2024-03-01 12:07:00,MEDP,400.3299865722656,400.3299865722656,400.8550109863281,400.3299865722656,400.6499938964844,1068.0
2024-03-01 12:07:00,MEIP,4.259900093078613,4.259900093078613,4.259900093078613,4.259900093078613,4.259900093078613,2009.0
2024-03-01 12:07:00,MGNX,18.889999389648438,18.889999389648438,18.899999618530273,18.889999389648438,18.899999618530273,1280.0
2024-03-01 12:07:00,MLTX,52.04999923706055,52.04999923706055,52.04999923706055,52.04999923706055,52.04999923706055,608.0
2024-03-01 12:07:00,MMSI,76.80999755859375,76.80999755859375,76.80999755859375,76.71499633789062,76.71499633789062,927.0
2024-03-01 12:07:00,MNKD,4.539999961853027,4.539999961853027,4.539999961853027,4.534999847412109,4.539999961853027,661.0
2024-03-01 12:07:00,MNMD,6.190000057220459,6.190000057220459,6.199999809265137,6.190000057220459,6.195000171661377,2323.0
2024-03-01 12:07:00,MODV,28.184999465942383,28.184999465942383,28.184999465942383,28.167999267578125,28.167999267578125,939.0
2024-03-01 12:07:00,MOR,17.579999923706055,17.579999923706055,17.579999923706055,17.579999923706055,17.579999923706055,214.0
2024-03-01 12:07:00,MRNA,96.2667007446289,96.2667007446289,96.27999877929688,96.13999938964844,96.13999938964844,10811.0
2024-03-01 12:07:00,MRSN,5.900000095367432,5.900000095367432,5.920000076293945,5.900000095367432,5.909999847412109,2861.0
2024-03-01 12:07:00,MRUS,51.91999816894531,51.91999816894531,51.9900016784668,51.91999816894531,51.9900016784668,425.0
2024-03-01 12:07:00,MRVI,7.840000152587891,7.840000152587891,7.840000152587891,7.815000057220459,7.815000057220459,3370.0
2024-03-01 12:07:00,MXCT,4.730000019073486,4.730000019073486,4.730000019073486,4.730000019073486,4.730000019073486,120.0
2024-03-01 12:07:00,MYGN,21.575000762939453,21.575000762939453,21.575000762939453,21.575000762939453,21.575000762939453,1392.0
2024-03-01 12:07:00,NARI,46.11000061035156,46.11000061035156,46.119998931884766,46.07500076293945,46.07500076293945,3548.0
2024-03-01 12:07:00,NCNA,0.32499998807907104,0.32499998807907104,0.33000001311302185,0.32499998807907104,0.33000001311302185,585.0
2024-03-01 12:07:00,NEO,16.010000228881836,16.010000228881836,16.014999389648438,16.0,16.014999389648438,848.0
2024-03-01 12:07:00,NEOG,17.299999237060547,17.299999237060547,17.30500030517578,17.299999237060547,17.299999237060547,1648.0
2024-03-01 12:07:00,NGM,1.5326999425888062,1.5326999425888062,1.5326999425888062,1.5326999425888062,1.5326999425888062,282.0
2024-03-01 12:07:00,NKTR,0.7796000242233276,0.7796000242233276,0.7796000242233276,0.7740499973297119,0.7791000008583069,1675.0
2024-03-01 12:07:00,NNOX,11.150099754333496,11.150099754333496,11.1850004196167,11.145000457763672,11.1850004196167,2946.0
2024-03-01 12:07:00,NOTV,8.029999732971191,8.029999732971191,8.029999732971191,8.029999732971191,8.029999732971191,200.0
2024-03-01 12:07:00,NRBO,5.994999885559082,5.994999885559082,6.007999897003174,5.980000019073486,5.980000019073486,1453.0
2024-03-01 12:07:00,NRIX,13.390000343322754,13.390000343322754,13.399999618530273,13.390000343322754,13.390000343322754,1589.0
2024-03-01 12:07:00,NRXP,0.40950000286102295,0.40950000286102295,0.40950000286102295,0.40950000286102295,0.40950000286102295,200.0
2024-03-01 12:07:00,NTLA,33.470001220703125,33.470001220703125,33.47999954223633,33.439998626708984,33.439998626708984,502.0
2024-03-01 12:07:00,NTRA,89.13999938964844,89.13999938964844,89.15499877929688,89.1050033569336,89.11000061035156,2326.0
2024-03-01 12:07:00,NUTX,0.11400000005960464,0.11400000005960464,0.11400000005960464,0.11400000005960464,0.11400000005960464,163.0
2024-03-01 12:07:00,NUVL,87.6449966430664,87.6449966430664,87.6500015258789,87.6449966430664,87.6500015258789,283.0
2024-03-01 12:07:00,NUWE,0.5846899747848511,0.5846899747848511,0.5846899747848511,0.5846899747848511,0.5846899747848511,241.0
2024-03-01 12:07:00,NVAX,5.130000114440918,5.130000114440918,5.130000114440918,5.123300075531006,5.130000114440918,2963.0
2024-03-01 12:07:00,NVCT,10.640000343322754,10.640000343322754,10.640000343322754,10.640000343322754,10.640000343322754,110.0
2024-03-01 12:07:00,NVOS,0.6263999938964844,0.6263999938964844,0.6263999938964844,0.6215000152587891,0.6215000152587891,3204.0
2024-03-01 12:07:00,OCGN,0.9366499781608582,0.9366499781608582,0.9464750289916992,0.9366000294685364,0.9366999864578247,2952.0
2024-03-01 12:07:00,OCUL,10.699999809265137,10.699999809265137,10.699999809265137,10.680000305175781,10.680000305175781,1368.0
2024-03-01 12:07:00,OCUP,2.490000009536743,2.490000009536743,2.490000009536743,2.490000009536743,2.490000009536743,200.0
2024-03-01 12:07:00,OGI,2.1600000858306885,2.1600000858306885,2.1619999408721924,2.1600000858306885,2.1619999408721924,522.0
2024-03-01 12:07:00,OLMA,13.869999885559082,13.869999885559082,13.869999885559082,13.819999694824219,13.819999694824219,403.0
2024-03-01 12:07:00,OMCL,26.5049991607666,26.5049991607666,26.5049991607666,26.5049991607666,26.5049991607666,580.0
2024-03-01 12:07:00,OMGA,4.210000038146973,4.210000038146973,4.210000038146973,4.199999809265137,4.210000038146973,2400.0
2024-03-01 12:07:00,OMIC,0.5849999785423279,0.5849999785423279,0.5950999855995178,0.5849999785423279,0.5927000045776367,8044.0
2024-03-01 12:07:00,ONCT,9.920000076293945,9.920000076293945,10.119999885559082,9.920000076293945,10.119999885559082,285.0
2024-03-01 12:08:00,ABCL,5.215000152587891,5.215000152587891,5.215000152587891,5.215000152587891,5.215000152587891,100.0
2024-03-01 12:08:00,ABOS,4.679999828338623,4.679999828338623,4.679999828338623,4.679999828338623,4.679999828338623,957.0
2024-03-01 12:08:00,ABSI,5.244999885559082,5.244999885559082,5.244999885559082,5.244999885559082,5.244999885559082,529.0
2024-03-01 12:08:00,ABUS,2.7760000228881836,2.7760000228881836,2.7799999713897705,2.7760000228881836,2.7799999713897705,1985.0
2024-03-01 12:08:00,ACAD,23.81999969482422,23.81999969482422,23.850000381469727,23.81999969482422,23.829999923706055,4050.0
2024-03-01 12:08:00,ACB,3.16759991645813,3.16759991645813,3.16759991645813,3.1600000858306885,3.1600000858306885,6269.0
2024-03-01 12:08:00,ACET,2.4049999713897705,2.4049999713897705,2.4049999713897705,2.4049999713897705,2.4049999713897705,529.0
2024-03-01 12:08:00,ACIU,3.840399980545044,3.840399980545044,3.840399980545044,3.840399980545044,3.840399980545044,100.0
2024-03-01 12:08:00,ACLX,67.5199966430664,67.5199966430664,67.5199966430664,67.5199966430664,67.5199966430664,161.0
2024-03-01 12:08:00,ACRS,1.2300000190734863,1.2300000190734863,1.2300000190734863,1.225000023841858,1.2299000024795532,12478.0
2024-03-01 12:08:00,ADAP,1.6200000047683716,1.6200000047683716,1.6200000047683716,1.6200000047683716,1.6200000047683716,1394.0
2024-03-01 12:08:00,ADIL,3.0399999618530273,3.0399999618530273,3.069999933242798,3.0299999713897705,3.049999952316284,27897.0
2024-03-01 12:08:00,ADMA,5.385000228881836,5.385000228881836,5.385000228881836,5.385000228881836,5.385000228881836,673.0
2024-03-01 12:08:00,ADPT,4.164999961853027,4.164999961853027,4.164999961853027,4.164999961853027,4.164999961853027,256.0
2024-03-01 12:08:00,AGEN,0.6743000149726868,0.6743000149726868,0.6743000149726868,0.6740000247955322,0.6740000247955322,4709.0
2024-03-01 12:08:00,AGIO,32.904998779296875,32.904998779296875,32.93000030517578,32.88999938964844,32.93000030517578,989.0
2024-03-01 12:08:00,AHCO,10.795000076293945,10.795000076293945,10.800000190734863,10.78499984741211,10.78499984741211,5096.0
2024-03-01 12:08:00,AIRS,6.420000076293945,6.420000076293945,6.420000076293945,6.420000076293945,6.420000076293945,101.0
2024-03-01 12:08:00,AKAN,0.2402999997138977,0.2402999997138977,0.2402999997138977,0.2402999997138977,0.2402999997138977,398.0
2024-03-01 12:08:00,AKBA,1.6799999475479126,1.6799999475479126,1.6799999475479126,1.6799999475479126,1.6799999475479126,503.0
2024-03-01 12:08:00,AKLI,0.3325999975204468,0.3325999975204468,0.3325999975204468,0.3325999975204468,0.3325999975204468,1848.0
2024-03-01 12:08:00,AKRO,29.989900588989258,29.989900588989258,30.0,29.940000534057617,29.940000534057617,7158.0
2024-03-01 12:08:00,ALEC,7.449999809265137,7.449999809265137,7.460000038146973,7.449999809265137,7.449999809265137,429.0
2024-03-01 12:08:00,ALHC,5.699999809265137,5.699999809265137,5.730000019073486,5.699999809265137,5.71999979019165,1439.0
2024-03-01 12:08:00,ALKS,30.21500015258789,30.21500015258789,30.21500015258789,30.21500015258789,30.21500015258789,632.0
2024-03-01 12:08:00,ALLO,5.034999847412109,5.034999847412109,5.039999961853027,5.034999847412109,5.039999961853027,1488.0
2024-03-01 12:08:00,ALPN,35.834999084472656,35.834999084472656,35.834999084472656,35.834999084472656,35.834999084472656,250.0
2024-03-01 12:08:00,ALRN,5.099899768829346,5.099899768829346,5.099999904632568,5.059999942779541,5.059999942779541,2210.0
2024-03-01 12:08:00,ALT,12.010000228881836,12.010000228881836,12.015000343322754,12.0,12.010000228881836,15469.0
2024-03-01 12:08:00,ALVO,15.662500381469727,15.662500381469727,15.662500381469727,15.654999732971191,15.654999732971191,251.0
2024-03-01 12:08:00,AMED,93.0199966430664,93.0199966430664,93.0199966430664,93.0199966430664,93.0199966430664,237.0
2024-03-01 12:08:00,AMGN,281.6400146484375,281.6400146484375,281.7950134277344,281.6300048828125,281.7950134277344,10722.0
2024-03-01 12:08:00,AMLX,18.780000686645508,18.780000686645508,18.780000686645508,18.780000686645508,18.780000686645508,171.0
2024-03-01 12:08:00,AMPH,45.54999923706055,45.54999923706055,45.54999923706055,45.44499969482422,45.44499969482422,3220.0
2024-03-01 12:08:00,AMRN,1.0549999475479126,1.0549999475479126,1.0549999475479126,1.0499999523162842,1.0520000457763672,2700.0
2024-03-01 12:08:00,ANAB,25.469999313354492,25.469999313354492,25.479999542236328,25.469999313354492,25.479999542236328,469.0
2024-03-01 12:08:00,ANGO,5.494999885559082,5.494999885559082,5.494999885559082,5.49399995803833,5.49399995803833,1221.0
2024-03-01 12:08:00,ANIP,66.1449966430664,66.1449966430664,66.1449966430664,66.1449966430664,66.1449966430664,370.0
2024-03-01 12:08:00,ANNX,5.860000133514404,5.860000133514404,5.880000114440918,5.860000133514404,5.880000114440918,1785.0
2024-03-01 12:08:00,APLS,65.54499816894531,65.54499816894531,65.54499816894531,65.54499816894531,65.54499816894531,171.0
2024-03-01 12:08:00,APLT,7.099999904632568,7.099999904632568,7.099999904632568,7.099999904632568,7.099999904632568,183.0
2024-03-01 12:08:00,APVO,0.1597999930381775,0.1597999930381775,0.1597999930381775,0.1597999930381775,0.1597999930381775,1608.0
2024-03-01 12:08:00,AQST,4.320000171661377,4.320000171661377,4.329999923706055,4.320000171661377,4.320000171661377,518.0
2024-03-01 12:08:00,ARAY,2.634999990463257,2.634999990463257,2.634999990463257,2.634999990463257,2.634999990463257,209.0
2024-03-01 12:08:00,ARDX,9.649499893188477,9.649499893188477,9.654999732971191,9.64009952545166,9.654999732971191,9507.0
2024-03-01 12:08:00,ARQT,11.5,11.5,11.510000228881836,11.454999923706055,11.5,31314.0
2024-03-01 12:08:00,ARVN,48.94499969482422,48.94499969482422,48.94499969482422,48.935001373291016,48.935001373291016,943.0
2024-03-01 12:08:00,ARWR,35.15999984741211,35.15999984741211,35.15999984741211,35.06999969482422,35.06999969482422,4493.0
2024-03-01 12:08:00,ASLN,0.7900999784469604,0.7900999784469604,0.7900999784469604,0.7900999784469604,0.7900999784469604,368.0
2024-03-01 12:08:00,ASRT,0.9200000166893005,0.9200000166893005,0.9200000166893005,0.9200000166893005,0.9200000166893005,100.0
2024-03-01 12:08:00,ATAI,2.1098999977111816,2.1098999977111816,2.1122000217437744,2.0999999046325684,2.109999895095825,16667.0
2024-03-01 12:08:00,ATEC,13.555000305175781,13.555000305175781,13.569999694824219,13.555000305175781,13.5649995803833,6334.0
2024-03-01 12:08:00,ATOS,1.000100016593933,1.000100016593933,1.0098999738693237,1.000100016593933,1.0098999738693237,9000.0
2024-03-01 12:08:00,ATRA,0.7898499965667725,0.7898499965667725,0.794700026512146,0.7898499965667725,0.794700026512146,432.0
2024-03-01 12:08:00,ATXI,0.15399999916553497,0.15399999916553497,0.15399999916553497,0.15360000729560852,0.15399999916553497,50133.0
2024-03-01 12:08:00,ATXS,14.970000267028809,14.970000267028809,15.029999732971191,14.90999984741211,14.90999984741211,14109.0
2024-03-01 12:08:00,AUPH,5.795000076293945,5.795000076293945,5.797999858856201,5.789999961853027,5.789999961853027,5576.0
2024-03-01 12:08:00,AUTL,6.28000020980835,6.28000020980835,6.284999847412109,6.28000020980835,6.284999847412109,552.0
2024-03-01 12:08:00,AVDL,12.895000457763672,12.895000457763672,12.925999641418457,12.895000457763672,12.925999641418457,1003.0
2024-03-01 12:08:00,AVIR,4.550000190734863,4.550000190734863,4.550000190734863,4.550000190734863,4.550000190734863,906.0
2024-03-01 12:08:00,AVXL,5.329999923706055,5.329999923706055,5.329999923706055,5.329999923706055,5.329999923706055,5771.0
2024-03-01 12:08:00,AXNX,67.2750015258789,67.2750015258789,67.29000091552734,67.26000213623047,67.26000213623047,2608.0
2024-03-01 12:08:00,AXSM,81.6500015258789,81.6500015258789,81.93499755859375,81.6500015258789,81.93499755859375,2826.0
2024-03-01 12:08:00,AZN,64.70500183105469,64.70500183105469,64.70500183105469,64.70500183105469,64.70500183105469,1440.0
2024-03-01 12:08:00,AZTA,66.48500061035156,66.48500061035156,66.48500061035156,66.48500061035156,66.48500061035156,110.0
2024-03-01 12:08:00,BBLG,2.299999952316284,2.299999952316284,2.299999952316284,2.2899999618530273,2.2899999618530273,5073.0
2024-03-01 12:08:00,BCDA,0.5692999958992004,0.5692999958992004,0.5699999928474426,0.5692999958992004,0.5699999928474426,2734.0
2024-03-01 12:08:00,BCEL,0.2669999897480011,0.2669999897480011,0.2669999897480011,0.2669999897480011,0.2669999897480011,2305.0
2024-03-01 12:08:00,BCRX,5.760000228881836,5.760000228881836,5.769999980926514,5.760000228881836,5.769999980926514,3365.0
2024-03-01 12:08:00,BDTX,5.039999961853027,5.039999961853027,5.039999961853027,5.039999961853027,5.039999961853027,247.0
2024-03-01 12:08:00,BEAM,39.9900016784668,39.9900016784668,39.9900016784668,39.9900016784668,39.9900016784668,419.0
2024-03-01 12:08:00,BIIB,219.93739318847656,219.93739318847656,219.96499633789062,219.93739318847656,219.96499633789062,697.0
2024-03-01 12:08:00,BIOR,1.2350000143051147,1.2350000143051147,1.2350000143051147,1.2350000143051147,1.2350000143051147,122.0
2024-03-01 12:08:00,BIVI,1.875,1.875,1.9199999570846558,1.8700000047683716,1.9199999570846558,134063.0
2024-03-01 12:08:00,BLFS,18.15999984741211,18.15999984741211,18.209999084472656,18.110000610351562,18.149999618530273,7358.0
2024-03-01 12:08:00,BLUE,1.5950000286102295,1.5950000286102295,1.5997999906539917,1.590000033378601,1.5950000286102295,8411.0
2024-03-01 12:08:00,BMRA,1.2050000429153442,1.2050000429153442,1.2050000429153442,1.2050000429153442,1.2050000429153442,1150.0
2024-03-01 12:08:00,BMRN,86.93499755859375,86.93499755859375,87.01000213623047,86.93499755859375,87.01000213623047,1792.0
2024-03-01 12:08:00,BNR,0.8500000238418579,0.8500000238418579,0.8500000238418579,0.8399999737739563,0.8400499820709229,1400.0
2024-03-01 12:08:00,BNTX,91.8949966430664,91.8949966430664,91.8949966430664,91.8949966430664,91.8949966430664,101.0
2024-03-01 12:08:00,BPMC,97.5199966430664,97.5199966430664,97.625,97.5199966430664,97.62000274658203,574.0
2024-03-01 12:08:00,BRKR,87.87000274658203,87.87000274658203,87.87000274658203,87.87000274658203,87.87000274658203,443.0
2024-03-01 12:08:00,BRTX,1.5,1.5,1.5149999856948853,1.5,1.5149999856948853,623.0
2024-03-01 12:08:00,BSGM,0.64410001039505,0.64410001039505,0.64410001039505,0.64410001039505,0.64410001039505,235.0
2024-03-01 12:08:00,BTTX,0.1712000072002411,0.1712000072002411,0.1712000072002411,0.17000000178813934,0.1704999953508377,9701.0
2024-03-01 12:08:00,BWAY,6.53000020980835,6.53000020980835,6.53000020980835,6.53000020980835,6.53000020980835,100.0
2024-03-01 12:08:00,CABA,24.075000762939453,24.075000762939453,24.075000762939453,24.075000762939453,24.075000762939453,100.0
2024-03-01 12:08:00,CADL,1.7100000381469727,1.7100000381469727,1.7100000381469727,1.7100000381469727,1.7100000381469727,148.0
2024-03-01 12:08:00,CBAY,32.25,32.25,32.25,32.244998931884766,32.244998931884766,2388.0
2024-03-01 12:08:00,CCCC,10.914999961853027,10.914999961853027,10.914999961853027,10.911199569702148,10.911199569702148,576.0
2024-03-01 12:08:00,CDNA,12.510000228881836,12.510000228881836,12.520000457763672,12.510000228881836,12.510000228881836,3740.0
2024-03-01 12:08:00,CDXS,4.534999847412109,4.534999847412109,4.534999847412109,4.53000020980835,4.53000020980835,972.0
2024-03-01 12:08:00,CERE,41.1150016784668,41.1150016784668,41.1150016784668,41.11000061035156,41.1150016784668,1274.0
2024-03-01 12:08:00,CERT,17.704999923706055,17.704999923706055,17.704999923706055,17.704999923706055,17.704999923706055,140.0
2024-03-01 12:08:00,CGC,3.259700059890747,3.259700059890747,3.2599000930786133,3.25,3.2599000930786133,2905.0
2024-03-01 12:08:00,CGEN,2.680000066757202,2.680000066757202,2.680000066757202,2.680000066757202,2.680000066757202,257.0
2024-03-01 12:08:00,CGTX,2.049999952316284,2.049999952316284,2.059999942779541,2.049999952316284,2.059999942779541,3851.0
2024-03-01 12:08:00,CHRS,2.369800090789795,2.369800090789795,2.369800090789795,2.365000009536743,2.365000009536743,1040.0
2024-03-01 12:08:00,CING,1.3550000190734863,1.3550000190734863,1.3550000190734863,1.3550000190734863,1.3550000190734863,150.0
2024-03-01 12:08:00,CLDX,51.779998779296875,51.779998779296875,51.790000915527344,51.73500061035156,51.790000915527344,2478.0
2024-03-01 12:08:00,CLOV,0.8644000291824341,0.8644000291824341,0.8655999898910522,0.864300012588501,0.8654999732971191,77363.0
2024-03-01 12:08:00,CLRB,4.105000019073486,4.105000019073486,4.105000019073486,4.105000019073486,4.105000019073486,1506.0
2024-03-01 12:08:00,CLSD,1.399899959564209,1.399899959564209,1.399899959564209,1.399899959564209,1.399899959564209,1000.0
2024-03-01 12:08:00,CMPS,11.520000457763672,11.520000457763672,11.539999961853027,11.489999771118164,11.539999961853027,1175.0
2024-03-01 12:08:00,CMPX,1.8799999952316284,1.8799999952316284,1.8799999952316284,1.8799999952316284,1.8799999952316284,100.0
2024-03-01 12:08:00,CMRX,1.139799952507019,1.139799952507019,1.139799952507019,1.139799952507019,1.139799952507019,110.0
2024-03-01 12:08:00,COGT,7.190000057220459,7.190000057220459,7.190000057220459,7.190000057220459,7.190000057220459,138.0
2024-03-01 12:08:00,COLL,37.08000183105469,37.08000183105469,37.08000183105469,37.08000183105469,37.08000183105469,247.0
2024-03-01 12:08:00,CORT,23.764999389648438,23.764999389648438,23.764999389648438,23.764999389648438,23.764999389648438,393.0
2024-03-01 12:08:00,COSM,0.7688000202178955,0.7688000202178955,0.7688000202178955,0.7688000202178955,0.7688000202178955,352.0
2024-03-01 12:08:00,CPRX,17.135000228881836,17.135000228881836,17.155000686645508,17.1299991607666,17.155000686645508,6388.0
2024-03-01 12:08:00,CRBP,32.04999923706055,32.04999923706055,32.04999923706055,32.04999923706055,32.04999923706055,100.0
2024-03-01 12:08:00,CRBU,8.0,8.0,8.00160026550293,8.0,8.00160026550293,2895.0
2024-03-01 12:08:00,CRDF,2.2139999866485596,2.2139999866485596,2.2699999809265137,2.2100000381469727,2.265000104904175,60718.0
2024-03-01 12:08:00,CRMD,3.7188000679016113,3.7188000679016113,3.7188000679016113,3.7188000679016113,3.7188000679016113,1011.0
2024-03-01 12:08:00,CRNX,45.880001068115234,45.880001068115234,45.9900016784668,45.880001068115234,45.900001525878906,625.0
2024-03-01 12:08:00,CRON,2.055000066757202,2.055000066757202,2.055000066757202,2.055000066757202,2.055000066757202,163.0
2024-03-01 12:08:00,CRSP,85.2300033569336,85.2300033569336,85.2300033569336,85.2300033569336,85.2300033569336,106.0
2024-03-01 12:08:00,CSTL,20.0,20.0,20.079999923706055,20.0,20.020000457763672,5550.0
2024-03-01 12:08:00,CTKB,8.539999961853027,8.539999961853027,8.539999961853027,8.529999732971191,8.529999732971191,946.0
2024-03-01 12:08:00,CTMX,2.6449999809265137,2.6449999809265137,2.6449999809265137,2.6449999809265137,2.6449999809265137,112.0
2024-03-01 12:08:00,CUTR,2.40910005569458,2.40910005569458,2.40910005569458,2.4000000953674316,2.4000000953674316,610.0
2024-03-01 12:08:00,CVAC,3.4700000286102295,3.4700000286102295,3.4700000286102295,3.4700000286102295,3.4700000286102295,870.0
2024-03-01 12:08:00,CYTH,1.6399999856948853,1.6399999856948853,1.6399999856948853,1.6399999856948853,1.6399999856948853,2542.0
2024-03-01 12:08:00,CYTK,73.56500244140625,73.56500244140625,73.80999755859375,73.55999755859375,73.80999755859375,6176.0
2024-03-01 12:08:00,CYTO,2.177999973297119,2.177999973297119,2.190000057220459,2.174999952316284,2.174999952316284,3046.0
2024-03-01 12:08:00,DAWN,17.482099533081055,17.482099533081055,17.482099533081055,17.482099533081055,17.482099533081055,111.0
2024-03-01 12:08:00,DCGO,4.139999866485596,4.139999866485596,4.139999866485596,4.130000114440918,4.135000228881836,4440.0
2024-03-01 12:08:00,DCPH,17.53499984741211,17.53499984741211,17.545000076293945,17.53499984741211,17.545000076293945,542.0
2024-03-01 12:08:00,DH,9.020000457763672,9.020000457763672,9.020000457763672,9.0,9.0,2475.0
2024-03-01 12:08:00,DMTK,0.8700000047683716,0.8700000047683716,0.8700000047683716,0.869949996471405,0.869949996471405,2498.0
2024-03-01 12:08:00,DNLI,20.829999923706055,20.829999923706055,20.850000381469727,20.809999465942383,20.850000381469727,476.0
2024-03-01 12:08:00,DTIL,11.968400001525879,11.968400001525879,12.06309986114502,11.949999809265137,12.06309986114502,512.0
2024-03-01 12:08:00,DVAX,12.864999771118164,12.864999771118164,12.869999885559082,12.859999656677246,12.864999771118164,906.0
2024-03-01 12:08:00,DXCM,120.94999694824219,120.94999694824219,121.04000091552734,120.9000015258789,120.95999908447266,12481.0
2024-03-01 12:08:00,DYN,28.93000030517578,28.93000030517578,28.969900131225586,28.93000030517578,28.969900131225586,480.0
2024-03-01 12:08:00,EDIT,10.895000457763672,10.895000457763672,10.90999984741211,10.890000343322754,10.899999618530273,2995.0
2024-03-01 12:08:00,EGRX,6.739999771118164,6.739999771118164,6.739999771118164,6.739999771118164,6.739999771118164,1748.0
2024-03-01 12:08:00,ELEV,4.789999961853027,4.789999961853027,4.809999942779541,4.789999961853027,4.789999961853027,6130.0
2024-03-01 12:08:00,ENLV,3.3201000690460205,3.3201000690460205,3.369999885559082,3.3201000690460205,3.369999885559082,6355.0
2024-03-01 12:08:00,ENTA,15.239999771118164,15.239999771118164,15.239999771118164,15.239999771118164,15.239999771118164,134.0
2024-03-01 12:08:00,ENVB,1.5405000448226929,1.5405000448226929,1.559999942779541,1.5405000448226929,1.5499999523162842,4282.0
2024-03-01 12:08:00,EQ,2.375,2.375,2.375,2.3505001068115234,2.3505001068115234,1537.0
2024-03-01 12:08:00,ERAS,2.5299999713897705,2.5299999713897705,2.5299999713897705,2.5299999713897705,2.5299999713897705,725.0
2024-03-01 12:08:00,ESPR,2.5299999713897705,2.5299999713897705,2.5399999618530273,2.5299999713897705,2.5350000858306885,3435.0
2024-03-01 12:08:00,ESTA,45.779998779296875,45.779998779296875,45.779998779296875,45.7599983215332,45.7599983215332,961.0
2024-03-01 12:08:00,ETNB,12.979999542236328,12.979999542236328,12.989999771118164,12.979999542236328,12.979999542236328,1208.0
2024-03-01 12:08:00,EWTX,17.0,17.0,17.0,17.0,17.0,301.0
2024-03-01 12:08:00,EXAS,59.71500015258789,59.71500015258789,59.73500061035156,59.689998626708984,59.689998626708984,937.0
2024-03-01 12:08:00,EXEL,22.485000610351562,22.485000610351562,22.485000610351562,22.479999542236328,22.485000610351562,809.0
2024-03-01 12:08:00,EYPT,28.030000686645508,28.030000686645508,28.065000534057617,28.030000686645508,28.030000686645508,416.0
2024-03-01 12:08:00,FATE,7.399899959564209,7.399899959564209,7.40500020980835,7.399899959564209,7.40500020980835,745.0
2024-03-01 12:08:00,FBIO,2.246799945831299,2.246799945831299,2.246799945831299,2.244999885559082,2.244999885559082,345.0
2024-03-01 12:08:00,FDMT,29.100000381469727,29.100000381469727,29.100000381469727,29.100000381469727,29.100000381469727,373.0
2024-03-01 12:08:00,FEMY,1.7200000286102295,1.7200000286102295,1.7210999727249146,1.7000000476837158,1.7210999727249146,24747.0
2024-03-01 12:08:00,FGEN,1.850000023841858,1.850000023841858,1.850000023841858,1.840000033378601,1.840000033378601,1862.0
2024-03-01 12:08:00,FOLD,13.265000343322754,13.265000343322754,13.265000343322754,13.260000228881836,13.260000228881836,295.0
2024-03-01 12:08:00,FUSN,12.395000457763672,12.395000457763672,12.395000457763672,12.395000457763672,12.395000457763672,200.0
2024-03-01 12:08:00,FWBI,8.32129955291748,8.32129955291748,8.32129955291748,8.32129955291748,8.32129955291748,212.0
2024-03-01 12:08:00,GANX,4.659999847412109,4.659999847412109,4.659999847412109,4.639999866485596,4.650000095367432,821.0
2024-03-01 12:08:00,GDRX,8.375,8.375,8.375,8.369999885559082,8.369999885559082,305.0
2024-03-01 12:08:00,GERN,2.174999952316284,2.174999952316284,2.180000066757202,2.174999952316284,2.180000066757202,2932.0
2024-03-01 12:08:00,GH,19.239999771118164,19.239999771118164,19.260000228881836,19.239999771118164,19.260000228881836,2845.0
2024-03-01 12:08:00,GHSI,8.399999618530273,8.399999618530273,8.399999618530273,8.399999618530273,8.399999618530273,1361.0
2024-03-01 12:08:00,GILD,72.16999816894531,72.16999816894531,72.2074966430664,72.16999816894531,72.16999816894531,9118.0
2024-03-01 12:08:00,GLPG,35.209999084472656,35.209999084472656,35.209999084472656,35.209999084472656,35.209999084472656,150.0
2024-03-01 12:08:00,GMAB,29.350000381469727,29.350000381469727,29.350000381469727,29.350000381469727,29.350000381469727,640.0
2024-03-01 12:08:00,GOSS,1.3650000095367432,1.3650000095367432,1.3650000095367432,1.3650000095367432,1.3650000095367432,300.0
2024-03-01 12:08:00,GRFS,7.0644001960754395,7.0644001960754395,7.0644001960754395,7.0644001960754395,7.0644001960754395,896.0
2024-03-01 12:08:00,GRTS,2.2100000381469727,2.2100000381469727,2.2300000190734863,2.2100000381469727,2.2249999046325684,5447.0
2024-03-01 12:08:00,GRTX,0.2354000061750412,0.2354000061750412,0.2357500046491623,0.23510000109672546,0.2357500046491623,339.0
2024-03-01 12:08:00,GTHX,3.634999990463257,3.634999990463257,3.640000104904175,3.634000062942505,3.634000062942505,1708.0
2024-03-01 12:08:00,HALO,41.400001525878906,41.400001525878906,41.400001525878906,41.39699935913086,41.39699935913086,566.0
2024-03-01 12:08:00,HARP,22.9424991607666,22.9424991607666,22.9424991607666,22.9424991607666,22.9424991607666,225.0
2024-03-01 12:08:00,HCAT,7.9532999992370605,7.9532999992370605,7.954999923706055,7.949999809265137,7.949999809265137,2144.0
2024-03-01 12:08:00,HCTI,2.4000000953674316,2.4000000953674316,2.411099910736084,2.4000000953674316,2.4100000858306885,3086.0
2024-03-01 12:08:00,HLTH,0.2712000012397766,0.2712000012397766,0.2712000012397766,0.27000001072883606,0.27000001072883606,564.0
2024-03-01 12:08:00,HOLX,73.66999816894531,73.66999816894531,73.69000244140625,73.66999816894531,73.69000244140625,1975.0
2024-03-01 12:08:00,HPCO,0.25110000371932983,0.25110000371932983,0.25110000371932983,0.25110000371932983,0.25110000371932983,100.0
2024-03-01 12:08:00,HQY,81.5999984741211,81.5999984741211,81.5999984741211,81.5999984741211,81.5999984741211,535.0
2024-03-01 12:08:00,HRMY,31.46500015258789,31.46500015258789,31.46500015258789,31.46500015258789,31.46500015258789,719.0
2024-03-01 12:08:00,HROW,10.859999656677246,10.859999656677246,10.859999656677246,10.850000381469727,10.850000381469727,323.0
2024-03-01 12:08:00,HRTX,2.5940001010894775,2.5940001010894775,2.5950000286102295,2.5899999141693115,2.5903000831604004,3105.0
2024-03-01 12:08:00,HSCS,0.11829999834299088,0.11829999834299088,0.11829999834299088,0.11829999834299088,0.11829999834299088,341.0
2024-03-01 12:08:00,HSIC,76.84300231933594,76.84300231933594,76.84300231933594,76.83000183105469,76.83000183105469,667.0
2024-03-01 12:08:00,HUMA,3.4375,3.4375,3.440000057220459,3.410099983215332,3.4189999103546143,12662.0
2024-03-01 12:08:00,IART,36.459999084472656,36.459999084472656,36.470001220703125,36.45000076293945,36.470001220703125,3932.0
2024-03-01 12:08:00,IBRX,4.849999904632568,4.849999904632568,4.858799934387207,4.849999904632568,4.855000019073486,1474.0
2024-03-01 12:08:00,ICLR,322.6650085449219,322.6650085449219,322.6650085449219,322.5299987792969,322.5299987792969,565.0
2024-03-01 12:08:00,ICUI,105.875,105.875,105.875,105.8499984741211,105.8499984741211,350.0
2024-03-01 12:08:00,IDYA,46.244998931884766,46.244998931884766,46.244998931884766,46.244998931884766,46.244998931884766,220.0
2024-03-01 12:08:00,IINN,1.6401000022888184,1.6401000022888184,1.6401000022888184,1.6401000022888184,1.6401000022888184,229.0
2024-03-01 12:08:00,IMCR,68.0999984741211,68.0999984741211,68.16999816894531,68.0999984741211,68.16999816894531,219.0
2024-03-01 12:08:00,IMNM,25.649999618530273,25.649999618530273,25.740299224853516,25.639999389648438,25.67449951171875,5721.0
2024-03-01 12:08:00,IMNN,1.0800000429153442,1.0800000429153442,1.0800000429153442,1.0800000429153442,1.0800000429153442,127.0
2024-03-01 12:08:00,IMUX,1.499400019645691,1.499400019645691,1.499400019645691,1.4900000095367432,1.4900000095367432,4836.0
2024-03-01 12:08:00,IMVT,36.3650016784668,36.3650016784668,36.3650016784668,36.36000061035156,36.36000061035156,411.0
2024-03-01 12:08:00,INAB,1.100100040435791,1.100100040435791,1.100100040435791,1.100100040435791,1.100100040435791,300.0
2024-03-01 12:08:00,INCR,1.9500000476837158,1.9500000476837158,1.9500000476837158,1.9500000476837158,1.9500000476837158,107.0
2024-03-01 12:08:00,INCY,59.0099983215332,59.0099983215332,59.04999923706055,59.0099983215332,59.029998779296875,3524.0
2024-03-01 12:08:00,INMB,12.100000381469727,12.100000381469727,12.100000381469727,12.100000381469727,12.100000381469727,222.0
2024-03-01 12:08:00,INMD,22.799999237060547,22.799999237060547,22.799999237060547,22.774999618530273,22.774999618530273,1497.0
2024-03-01 12:08:00,INSM,28.280000686645508,28.280000686645508,28.280000686645508,28.280000686645508,28.280000686645508,365.0
2024-03-01 12:08:00,INZY,6.610599994659424,6.610599994659424,6.610599994659424,6.610599994659424,6.610599994659424,550.0
2024-03-01 12:08:00,IOBT,1.7400000095367432,1.7400000095367432,1.7400000095367432,1.7400000095367432,1.7400000095367432,200.0
2024-03-01 12:08:00,IONM,0.3495999872684479,0.3495999872684479,0.3495999872684479,0.3379260003566742,0.3495999872684479,1200.0
2024-03-01 12:08:00,IONS,45.959999084472656,45.959999084472656,45.959999084472656,45.959999084472656,45.959999084472656,101.0
2024-03-01 12:08:00,IOVA,16.729999542236328,16.729999542236328,16.799999237060547,16.719999313354492,16.795000076293945,24875.0
2024-03-01 12:08:00,IRTC,121.19000244140625,121.19000244140625,121.19000244140625,121.19000244140625,121.19000244140625,913.0
2024-03-01 12:08:00,IRWD,9.09000015258789,9.09000015258789,9.130000114440918,9.09000015258789,9.095000267028809,74830.0
2024-03-01 12:08:00,ISRG,394.04998779296875,394.04998779296875,394.1600036621094,394.04998779296875,394.1400146484375,1895.0
2024-03-01 12:08:00,ITCI,71.72000122070312,71.72000122070312,71.7699966430664,71.72000122070312,71.7699966430664,2019.0
2024-03-01 12:08:00,ITOS,10.770000457763672,10.770000457763672,10.770000457763672,10.770000457763672,10.770000457763672,130.0
2024-03-01 12:08:00,JAGX,0.0722000002861023,0.0722000002861023,0.07280000299215317,0.07180000096559525,0.07249999791383743,345036.0
2024-03-01 12:08:00,JANX,46.70500183105469,46.70500183105469,46.70500183105469,46.70500183105469,46.70500183105469,170.0
2024-03-01 12:08:00,JAZZ,119.69499969482422,119.69499969482422,119.77999877929688,119.66000366210938,119.66000366210938,4036.0
2024-03-01 12:08:00,KNTE,2.6050000190734863,2.6050000190734863,2.6050000190734863,2.6050000190734863,2.6050000190734863,200.0
2024-03-01 12:08:00,KPRX,0.6600000262260437,0.6600000262260437,0.6600000262260437,0.6600000262260437,0.6600000262260437,1252.0
2024-03-01 12:08:00,KPTI,1.1950000524520874,1.1950000524520874,1.1950000524520874,1.1950000524520874,1.1950000524520874,600.0
2024-03-01 12:08:00,KRON,1.0299999713897705,1.0299999713897705,1.0299999713897705,1.0299999713897705,1.0299999713897705,300.0
2024-03-01 12:08:00,KTRA,0.09719999879598618,0.09719999879598618,0.09719999879598618,0.09719999879598618,0.09719999879598618,10434.0
2024-03-01 12:08:00,KURA,21.23859977722168,21.23859977722168,21.23859977722168,21.235000610351562,21.235000610351562,207.0
2024-03-01 12:08:00,KYMR,43.904998779296875,43.904998779296875,43.904998779296875,43.900001525878906,43.900001525878906,301.0
2024-03-01 12:08:00,LAB,2.4700000286102295,2.4700000286102295,2.4800000190734863,2.4649999141693115,2.4800000190734863,17628.0
2024-03-01 12:08:00,LBPH,21.959999084472656,21.959999084472656,21.959999084472656,21.8700008392334,21.8700008392334,477.0
2024-03-01 12:08:00,LEGN,65.83499908447266,65.83499908447266,65.87999725341797,65.83000183105469,65.87999725341797,1226.0
2024-03-01 12:08:00,LEXX,2.728800058364868,2.728800058364868,2.728800058364868,2.728800058364868,2.728800058364868,206.0
2024-03-01 12:08:00,LFMD,7.980000019073486,7.980000019073486,7.980000019073486,7.980000019073486,7.980000019073486,300.0
2024-03-01 12:08:00,LFST,7.925000190734863,7.925000190734863,7.925000190734863,7.925000190734863,7.925000190734863,165.0
2024-03-01 12:08:00,LIAN,4.859899997711182,4.859899997711182,4.859899997711182,4.859899997711182,4.859899997711182,536.0
2024-03-01 12:08:00,LIFE,1.9140000343322754,1.9140000343322754,1.9140000343322754,1.9140000343322754,1.9140000343322754,167.0
2024-03-01 12:08:00,LIVN,55.52000045776367,55.52000045776367,55.54999923706055,55.52000045776367,55.54999923706055,2355.0
2024-03-01 12:08:00,LQDA,14.300000190734863,14.300000190734863,14.300000190734863,14.300000190734863,14.300000190734863,681.0
2024-03-01 12:08:00,LRMR,11.305000305175781,11.305000305175781,11.305000305175781,11.305000305175781,11.305000305175781,374.0
2024-03-01 12:08:00,LUNG,9.270000457763672,9.270000457763672,9.279999732971191,9.260000228881836,9.260000228881836,886.0
2024-03-01 12:08:00,LVTX,3.050800085067749,3.050800085067749,3.0799999237060547,3.050800085067749,3.0799999237060547,2370.0
2024-03-01 12:08:00,LXRX,2.450000047683716,2.450000047683716,2.450000047683716,2.4409000873565674,2.4409000873565674,1926.0
2024-03-01 12:08:00,LYRA,5.59499979019165,5.59499979019165,5.59499979019165,5.570000171661377,5.570000171661377,200.0
2024-03-01 12:08:00,MASI,127.80999755859375,127.80999755859375,127.81999969482422,127.77999877929688,127.77999877929688,1115.0
2024-03-01 12:08:00,MCRB,1.1950000524520874,1.1950000524520874,1.1950000524520874,1.1950000524520874,1.1950000524520874,1890.0
2024-03-01 12:08:00,MDRX,6.0,6.0,6.050000190734863,6.0,6.0,13164.0
2024-03-01 12:08:00,MDXG,8.5649995803833,8.5649995803833,8.569999694824219,8.529999732971191,8.53499984741211,9149.0
2024-03-01 12:08:00,ME,0.5608000159263611,0.5608000159263611,0.5612499713897705,0.5601999759674072,0.5609999895095825,22386.0
2024-03-01 12:08:00,MEDP,399.92999267578125,399.92999267578125,399.94000244140625,399.92999267578125,399.94000244140625,839.0
2024-03-01 12:08:00,MGNX,18.8799991607666,18.8799991607666,18.899999618530273,18.8700008392334,18.899999618530273,2631.0
2024-03-01 12:08:00,MIRM,29.954999923706055,29.954999923706055,30.010000228881836,29.954999923706055,30.010000228881836,1755.0
2024-03-01 12:08:00,MIST,1.6799999475479126,1.6799999475479126,1.6799999475479126,1.6799999475479126,1.6799999475479126,210.0
2024-03-01 12:08:00,MLTX,51.959999084472656,51.959999084472656,51.97999954223633,51.959999084472656,51.97999954223633,1861.0
2024-03-01 12:08:00,MNKD,4.534999847412109,4.534999847412109,4.534999847412109,4.53000020980835,4.533999919891357,1190.0
2024-03-01 12:08:00,MNMD,6.179999828338623,6.179999828338623,6.199999809265137,6.179999828338623,6.188700199127197,8093.0
2024-03-01 12:08:00,MORF,39.0,39.0,39.04999923706055,39.0,39.04999923706055,284.0
2024-03-01 12:08:00,MRAI,1.5300999879837036,1.5300999879837036,1.5539000034332275,1.5300999879837036,1.5539000034332275,686.0
2024-03-01 12:08:00,MREO,3.878700017929077,3.878700017929077,3.878700017929077,3.878700017929077,3.878700017929077,302.0
2024-03-01 12:08:00,MRNA,96.19000244140625,96.19000244140625,96.2562026977539,96.19000244140625,96.2300033569336,2988.0
2024-03-01 12:08:00,MRNS,9.930000305175781,9.930000305175781,9.930000305175781,9.930000305175781,9.930000305175781,257.0
2024-03-01 12:08:00,MRSN,5.909999847412109,5.909999847412109,5.917099952697754,5.880000114440918,5.894999980926514,5222.0
2024-03-01 12:08:00,MRUS,51.88999938964844,51.88999938964844,51.935001373291016,51.88999938964844,51.935001373291016,293.0
2024-03-01 12:08:00,MRVI,7.835000038146973,7.835000038146973,7.835000038146973,7.835000038146973,7.835000038146973,105.0
2024-03-01 12:08:00,MXCT,4.739999771118164,4.739999771118164,4.739999771118164,4.730000019073486,4.730000019073486,2649.0
2024-03-01 12:08:00,NARI,46.099998474121094,46.099998474121094,46.119998931884766,46.06999969482422,46.119998931884766,2787.0
2024-03-01 12:08:00,NBIX,131.4600067138672,131.4600067138672,131.4600067138672,131.4600067138672,131.4600067138672,312.0
2024-03-01 12:08:00,NEO,16.024999618530273,16.024999618530273,16.024999618530273,16.024999618530273,16.024999618530273,100.0
2024-03-01 12:08:00,NEOG,17.295000076293945,17.295000076293945,17.295000076293945,17.295000076293945,17.295000076293945,479.0
2024-03-01 12:08:00,NGM,1.5299999713897705,1.5299999713897705,1.5299999713897705,1.5299999713897705,1.5299999713897705,661.0
2024-03-01 12:08:00,NKTR,0.7778699994087219,0.7778699994087219,0.7799999713897705,0.7778699994087219,0.7799999713897705,5455.0
2024-03-01 12:08:00,NKTX,12.859999656677246,12.859999656677246,12.869999885559082,12.829899787902832,12.829999923706055,8105.0
2024-03-01 12:08:00,NNOX,11.149999618530273,11.149999618530273,11.149999618530273,11.145000457763672,11.145000457763672,1072.0
2024-03-01 12:08:00,NOTV,8.050100326538086,8.050100326538086,8.050100326538086,8.050000190734863,8.050000190734863,733.0
2024-03-01 12:08:00,NRBO,5.984000205993652,5.984000205993652,6.007400035858154,5.949999809265137,5.96999979019165,14203.0
2024-03-01 12:08:00,NRIX,13.399999618530273,13.399999618530273,13.399999618530273,13.388999938964844,13.39840030670166,1568.0
2024-03-01 12:08:00,NRSN,2.079900026321411,2.079900026321411,2.0799999237060547,2.079900026321411,2.0799999237060547,1600.0
2024-03-01 12:08:00,NRXP,0.414000004529953,0.414000004529953,0.41999998688697815,0.4055500030517578,0.4055500030517578,26326.0
2024-03-01 12:08:00,NTLA,33.439998626708984,33.439998626708984,33.470001220703125,33.43000030517578,33.44219970703125,2284.0
2024-03-01 12:08:00,NTRA,88.97000122070312,88.97000122070312,89.17500305175781,88.94000244140625,89.125,7128.0
2024-03-01 12:08:00,NUVL,87.6449966430664,87.6449966430664,87.6449966430664,87.6449966430664,87.6449966430664,104.0
2024-03-01 12:08:00,NVAX,5.125,5.125,5.150000095367432,5.125,5.130000114440918,29804.0
2024-03-01 12:08:00,NVCR,15.920000076293945,15.920000076293945,15.920000076293945,15.854999542236328,15.854999542236328,1740.0
2024-03-01 12:08:00,NXTC,1.7999999523162842,1.7999999523162842,1.7999999523162842,1.7999999523162842,1.7999999523162842,301.0
2024-03-01 12:08:00,OCGN,0.9399999976158142,0.9399999976158142,0.9399999976158142,0.9399999976158142,0.9399999976158142,301.0
2024-03-01 12:08:00,OCUL,10.704999923706055,10.704999923706055,10.704999923706055,10.6899995803833,10.6899995803833,1841.0
2024-03-01 12:08:00,OCUP,2.490000009536743,2.490000009536743,2.490000009536743,2.490000009536743,2.490000009536743,300.0
2024-03-01 12:08:00,OGI,2.1700000762939453,2.1700000762939453,2.1700000762939453,2.1500000953674316,2.1649999618530273,29002.0
2024-03-01 12:08:00,OLK,22.6200008392334,22.6200008392334,22.6299991607666,22.6200008392334,22.6299991607666,1299.0
2024-03-01 12:08:00,OLMA,13.885000228881836,13.885000228881836,13.899999618530273,13.850299835205078,13.890000343322754,2887.0
2024-03-01 12:08:00,OM,3.1501998901367188,3.1501998901367188,3.1540000438690186,3.1501998901367188,3.1540000438690186,1353.0
2024-03-01 12:08:00,OMGA,4.195000171661377,4.195000171661377,4.195000171661377,4.195000171661377,4.195000171661377,213.0
2024-03-01 12:08:00,ONCY,1.125,1.125,1.125,1.1100000143051147,1.1200000047683716,5970.0
2024-03-01 12:09:00,ABCL,5.210000038146973,5.210000038146973,5.21999979019165,5.210000038146973,5.21999979019165,694.0
2024-03-01 12:09:00,ABEO,7.684999942779541,7.684999942779541,7.684999942779541,7.684999942779541,7.684999942779541,276.0
2024-03-01 12:09:00,ABSI,5.244999885559082,5.244999885559082,5.244999885559082,5.244999885559082,5.244999885559082,511.0
2024-03-01 12:09:00,ACAD,23.809999465942383,23.809999465942383,23.827999114990234,23.809999465942383,23.827999114990234,794.0
2024-03-01 12:09:00,ACB,3.1617000102996826,3.1617000102996826,3.1679999828338623,3.1617000102996826,3.1679999828338623,328.0
2024-03-01 12:09:00,ACCD,10.229999542236328,10.229999542236328,10.229999542236328,10.229999542236328,10.229999542236328,125.0
2024-03-01 12:09:00,ACET,2.4049999713897705,2.4049999713897705,2.4049999713897705,2.4049999713897705,2.4049999713897705,423.0
2024-03-01 12:09:00,ACHL,1.3508000373840332,1.3508000373840332,1.3508000373840332,1.3508000373840332,1.3508000373840332,2134.0
2024-03-01 12:09:00,ACIU,3.888400077819824,3.888400077819824,3.888400077819824,3.8405001163482666,3.8405001163482666,2875.0
2024-03-01 12:09:00,ACLX,67.3499984741211,67.3499984741211,67.44000244140625,67.3499984741211,67.44000244140625,2675.0
2024-03-01 12:09:00,ACON,0.38999998569488525,0.38999998569488525,0.38999998569488525,0.38749998807907104,0.38749998807907104,1056.0
2024-03-01 12:09:00,ACRS,1.2300000190734863,1.2300000190734863,1.2300000190734863,1.2200000286102295,1.2300000190734863,517.0
2024-03-01 12:09:00,ADAP,1.6200000047683716,1.6200000047683716,1.6200000047683716,1.6200000047683716,1.6200000047683716,103.0
2024-03-01 12:09:00,ADIL,3.0299999713897705,3.0299999713897705,3.059999942779541,3.0199999809265137,3.0218000411987305,15879.0
2024-03-01 12:09:00,ADPT,4.170000076293945,4.170000076293945,4.170000076293945,4.15500020980835,4.159999847412109,6510.0
2024-03-01 12:09:00,ADUS,93.86499786376953,93.86499786376953,93.86499786376953,93.86499786376953,93.86499786376953,996.0
2024-03-01 12:09:00,ADVM,1.940000057220459,1.940000057220459,1.9450000524520874,1.940000057220459,1.9450000524520874,500.0
2024-03-01 12:09:00,AGEN,0.6736000180244446,0.6736000180244446,0.6743000149726868,0.6729999780654907,0.6742500066757202,22079.0
2024-03-01 12:09:00,AGIO,32.869998931884766,32.869998931884766,32.880001068115234,32.869998931884766,32.880001068115234,1166.0
2024-03-01 12:09:00,AHCO,10.805000305175781,10.805000305175781,10.805000305175781,10.800000190734863,10.800000190734863,621.0
2024-03-01 12:09:00,AIRS,6.420000076293945,6.420000076293945,6.420000076293945,6.420000076293945,6.420000076293945,100.0
2024-03-01 12:09:00,AKBA,1.6799999475479126,1.6799999475479126,1.6799999475479126,1.6799999475479126,1.6799999475479126,598.0
2024-03-01 12:09:00,AKLI,0.33625099062919617,0.33625099062919617,0.33625099062919617,0.33250001072883606,0.3330000042915344,2306.0
2024-03-01 12:09:00,ALDX,4.105000019073486,4.105000019073486,4.105000019073486,4.104000091552734,4.104000091552734,1222.0
2024-03-01 12:09:00,ALEC,7.449999809265137,7.449999809265137,7.449999809265137,7.449999809265137,7.449999809265137,342.0
2024-03-01 12:09:00,ALGN,302.5,302.5,302.5,302.4700012207031,302.4700012207031,1263.0
2024-03-01 12:09:00,ALGS,1.100000023841858,1.100000023841858,1.100000023841858,1.0886000394821167,1.0886000394821167,1735.0
2024-03-01 12:09:00,ALHC,5.699999809265137,5.699999809265137,5.699999809265137,5.690000057220459,5.690000057220459,4470.0
2024-03-01 12:09:00,ALIM,3.619999885559082,3.619999885559082,3.619999885559082,3.5999999046325684,3.5999999046325684,305.0
2024-03-01 12:09:00,ALKS,30.204999923706055,30.204999923706055,30.21500015258789,30.200000762939453,30.21500015258789,1246.0
2024-03-01 12:09:00,ALLK,1.6050000190734863,1.6050000190734863,1.6100000143051147,1.6050000190734863,1.6050000190734863,310.0
2024-03-01 12:09:00,ALLO,5.03000020980835,5.03000020980835,5.03000020980835,5.03000020980835,5.03000020980835,787.0
2024-03-01 12:09:00,ALPN,35.8125,35.8125,35.8125,35.8125,35.8125,236.0
2024-03-01 12:09:00,ALT,12.0,12.0,12.0,11.979999542236328,12.0,9907.0
2024-03-01 12:09:00,ALVR,0.7554000020027161,0.7554000020027161,0.7554000020027161,0.7554000020027161,0.7554000020027161,310.0
2024-03-01 12:09:00,ALXO,15.149999618530273,15.149999618530273,15.149999618530273,15.149999618530273,15.149999618530273,108.0
2024-03-01 12:09:00,AMED,93.26000213623047,93.26000213623047,93.30000305175781,92.95099639892578,93.0199966430664,10811.0
2024-03-01 12:09:00,AMGN,281.7200012207031,281.7200012207031,281.75,281.6400146484375,281.6400146484375,3778.0
2024-03-01 12:09:00,AMLX,18.790000915527344,18.790000915527344,18.790000915527344,18.781999588012695,18.790000915527344,1554.0
2024-03-01 12:09:00,AMPH,45.51499938964844,45.51499938964844,45.52199935913086,45.51499938964844,45.51499938964844,684.0
2024-03-01 12:09:00,AMRN,1.0549999475479126,1.0549999475479126,1.0549999475479126,1.0499999523162842,1.0520999431610107,1652.0
2024-03-01 12:09:00,ANGO,5.489999771118164,5.489999771118164,5.489999771118164,5.489999771118164,5.489999771118164,1688.0
2024-03-01 12:09:00,ANIK,24.739999771118164,24.739999771118164,24.75,24.739999771118164,24.75,1319.0
2024-03-01 12:09:00,ANNX,5.869999885559082,5.869999885559082,5.869999885559082,5.860000133514404,5.860000133514404,739.0
2024-03-01 12:09:00,ANTX,3.0199999809265137,3.0199999809265137,3.0199999809265137,3.009999990463257,3.009999990463257,3307.0
2024-03-01 12:09:00,APLS,65.22000122070312,65.22000122070312,65.51000213623047,65.19999694824219,65.48999786376953,5783.0
2024-03-01 12:09:00,APLT,7.130000114440918,7.130000114440918,7.130000114440918,7.110000133514404,7.110000133514404,2085.0
2024-03-01 12:09:00,APVO,0.16019999980926514,0.16019999980926514,0.16019999980926514,0.16019999980926514,0.16019999980926514,200.0
2024-03-01 12:09:00,AQST,4.320000171661377,4.320000171661377,4.320000171661377,4.320000171661377,4.320000171661377,1009.0
2024-03-01 12:09:00,ARAY,2.634999990463257,2.634999990463257,2.634999990463257,2.634999990463257,2.634999990463257,100.0
2024-03-01 12:09:00,ARDX,9.645000457763672,9.645000457763672,9.645000457763672,9.640000343322754,9.645000457763672,565.0
2024-03-01 12:09:00,ARQT,11.444999694824219,11.444999694824219,11.5,11.4399995803833,11.5,14788.0
2024-03-01 12:09:00,ARTL,1.4711999893188477,1.4711999893188477,1.5099999904632568,1.458799958229065,1.5099999904632568,3474.0
2024-03-01 12:09:00,ARVN,48.93000030517578,48.93000030517578,48.93000030517578,48.869998931884766,48.869998931884766,505.0
2024-03-01 12:09:00,ARWR,35.1150016784668,35.1150016784668,35.119998931884766,35.1150016784668,35.1150016784668,1761.0
2024-03-01 12:09:00,ASND,150.27999877929688,150.27999877929688,150.27999877929688,150.27999877929688,150.27999877929688,109.0
2024-03-01 12:09:00,ASRT,0.9199000000953674,0.9199000000953674,0.9200000166893005,0.9199000000953674,0.9200000166893005,2100.0
2024-03-01 12:09:00,ATAI,2.101300001144409,2.101300001144409,2.109999895095825,2.101300001144409,2.109999895095825,556.0
2024-03-01 12:09:00,ATEC,13.555000305175781,13.555000305175781,13.555000305175781,13.555000305175781,13.555000305175781,248.0
2024-03-01 12:09:00,ATRA,0.794700026512146,0.794700026512146,0.794700026512146,0.794700026512146,0.794700026512146,346.0
2024-03-01 12:09:00,ATRC,35.93000030517578,35.93000030517578,35.93000030517578,35.93000030517578,35.93000030517578,1081.0
2024-03-01 12:09:00,ATXS,14.970000267028809,14.970000267028809,14.970000267028809,14.970000267028809,14.970000267028809,182.0
2024-03-01 12:09:00,AUPH,5.795000076293945,5.795000076293945,5.795000076293945,5.795000076293945,5.795000076293945,256.0
2024-03-01 12:09:00,AVDL,12.895000457763672,12.895000457763672,12.9399995803833,12.895000457763672,12.895000457763672,1300.0
2024-03-01 12:09:00,AVIR,4.525000095367432,4.525000095367432,4.539999961853027,4.519999980926514,4.539999961853027,6177.0
2024-03-01 12:09:00,AVXL,5.335000038146973,5.335000038146973,5.335000038146973,5.3308000564575195,5.3308000564575195,1032.0
2024-03-01 12:09:00,AXNX,67.29000091552734,67.29000091552734,67.29000091552734,67.29000091552734,67.29000091552734,864.0
2024-03-01 12:09:00,AXSM,81.7249984741211,81.7249984741211,81.7249984741211,81.7249984741211,81.7249984741211,140.0
2024-03-01 12:09:00,AZN,64.71499633789062,64.71499633789062,64.72000122070312,64.69499969482422,64.69999694824219,10950.0
2024-03-01 12:09:00,AZTA,66.48999786376953,66.48999786376953,66.49330139160156,66.48999786376953,66.49330139160156,833.0
2024-03-01 12:09:00,BBIO,36.0,36.0,36.04999923706055,36.0,36.04999923706055,2364.0
2024-03-01 12:09:00,BBLG,2.299999952316284,2.299999952316284,2.299999952316284,2.2999000549316406,2.299999952316284,1189.0
2024-03-01 12:09:00,BCDA,0.5699989795684814,0.5699989795684814,0.5699989795684814,0.5699989795684814,0.5699989795684814,527.0
2024-03-01 12:09:00,BCRX,5.730000019073486,5.730000019073486,5.760000228881836,5.730000019073486,5.760000228881836,10691.0
2024-03-01 12:09:00,BDTX,5.039999961853027,5.039999961853027,5.039999961853027,5.0320000648498535,5.039999961853027,2626.0
2024-03-01 12:09:00,BIIB,219.86000061035156,219.86000061035156,220.0399932861328,219.86000061035156,219.9199981689453,1828.0
2024-03-01 12:09:00,BIOL,0.1370999962091446,0.1370999962091446,0.1370999962091446,0.1370999962091446,0.1370999962091446,4021.0
2024-03-01 12:09:00,BIOR,1.2100000381469727,1.2100000381469727,1.2300000190734863,1.2100000381469727,1.2300000190734863,6458.0
2024-03-01 12:09:00,BIVI,1.8213000297546387,1.8213000297546387,1.8799999952316284,1.8200000524520874,1.8799999952316284,251506.0
2024-03-01 12:09:00,BLFS,18.15999984741211,18.15999984741211,18.15999984741211,18.15999984741211,18.15999984741211,288.0
2024-03-01 12:09:00,BLUE,1.5831999778747559,1.5831999778747559,1.597499966621399,1.5831999778747559,1.597499966621399,27519.0
2024-03-01 12:09:00,BMEA,17.889999389648438,17.889999389648438,17.90999984741211,17.889999389648438,17.90999984741211,781.0
2024-03-01 12:09:00,BMRN,86.93000030517578,86.93000030517578,86.93000030517578,86.9010009765625,86.91000366210938,2200.0
2024-03-01 12:09:00,BNGO,1.25,1.25,1.25,1.25,1.25,1060.0
2024-03-01 12:09:00,BNR,0.8495000004768372,0.8495000004768372,0.8495000004768372,0.8495000004768372,0.8495000004768372,100.0
2024-03-01 12:09:00,BNTX,92.0199966430664,92.0199966430664,92.02999877929688,91.94000244140625,91.94000244140625,2449.0
2024-03-01 12:09:00,BPMC,97.5999984741211,97.5999984741211,97.5999984741211,97.33999633789062,97.33999633789062,1000.0
2024-03-01 12:09:00,BRKR,87.9000015258789,87.9000015258789,87.91000366210938,87.9000015258789,87.9000015258789,1205.0
2024-03-01 12:09:00,BSGM,0.6301000118255615,0.6301000118255615,0.6301000118255615,0.6301000118255615,0.6301000118255615,100.0
2024-03-01 12:09:00,BTTX,0.17059999704360962,0.17059999704360962,0.17125000059604645,0.1704999953508377,0.1704999953508377,9030.0
2024-03-01 12:09:00,BWAY,6.53000020980835,6.53000020980835,6.53000020980835,6.53000020980835,6.53000020980835,100.0
2024-03-01 12:09:00,CABA,24.0,24.0,24.075000762939453,24.0,24.075000762939453,1550.0
2024-03-01 12:09:00,CADL,1.7457000017166138,1.7457000017166138,1.7457000017166138,1.7457000017166138,1.7457000017166138,202.0
2024-03-01 12:09:00,CAPR,4.547399997711182,4.547399997711182,4.547399997711182,4.547399997711182,4.547399997711182,558.0
2024-03-01 12:09:00,CBAY,32.25,32.25,32.25,32.244998931884766,32.244998931884766,1120.0
2024-03-01 12:09:00,CCCC,10.899999618530273,10.899999618530273,10.91100025177002,10.899999618530273,10.90999984741211,1478.0
2024-03-01 12:09:00,CCRN,18.190000534057617,18.190000534057617,18.190000534057617,18.190000534057617,18.190000534057617,226.0
2024-03-01 12:09:00,CDNA,12.539999961853027,12.539999961853027,12.539999961853027,12.510000228881836,12.510000228881836,3297.0
2024-03-01 12:09:00,CDTX,0.7200999855995178,0.7200999855995178,0.7200999855995178,0.7200999855995178,0.7200999855995178,899.0
2024-03-01 12:09:00,CDXS,4.534999847412109,4.534999847412109,4.539999961853027,4.534999847412109,4.539999961853027,452.0
2024-03-01 12:09:00,CERE,41.099998474121094,41.099998474121094,41.10499954223633,41.099998474121094,41.099998474121094,1090.0
2024-03-01 12:09:00,CERT,17.704999923706055,17.704999923706055,17.709999084472656,17.704999923706055,17.704999923706055,912.0
2024-03-01 12:09:00,CGC,3.25,3.25,3.255000114440918,3.25,3.25,9878.0
2024-03-01 12:09:00,CGTX,2.0450000762939453,2.0450000762939453,2.0450000762939453,2.0450000762939453,2.0450000762939453,223.0
2024-03-01 12:09:00,CHRS,2.365000009536743,2.365000009536743,2.365000009536743,2.365000009536743,2.365000009536743,110.0
2024-03-01 12:09:00,CING,1.350000023841858,1.350000023841858,1.350000023841858,1.350000023841858,1.350000023841858,285.0
2024-03-01 12:09:00,CKPT,2.200000047683716,2.200000047683716,2.2049999237060547,2.200000047683716,2.2049999237060547,2150.0
2024-03-01 12:09:00,CLDX,51.70500183105469,51.70500183105469,51.779998779296875,51.66999816894531,51.7400016784668,3087.0
2024-03-01 12:09:00,CLNN,0.3894999921321869,0.3894999921321869,0.3894999921321869,0.3894999921321869,0.3894999921321869,950.0
2024-03-01 12:09:00,CLOV,0.8633000254631042,0.8633000254631042,0.8648999929428101,0.8633000254631042,0.8648999929428101,37848.0
2024-03-01 12:09:00,CLPT,6.690000057220459,6.690000057220459,6.730000019073486,6.690000057220459,6.690000057220459,450.0
2024-03-01 12:09:00,CLRB,4.099999904632568,4.099999904632568,4.099999904632568,4.099999904632568,4.099999904632568,526.0
2024-03-01 12:09:00,CMPS,11.460000038146973,11.460000038146973,11.529999732971191,11.460000038146973,11.48009967803955,2572.0
2024-03-01 12:09:00,COGT,7.179999828338623,7.179999828338623,7.190000057220459,7.170000076293945,7.179999828338623,5524.0
2024-03-01 12:09:00,CORT,23.739999771118164,23.739999771118164,23.75,23.739999771118164,23.75,551.0
2024-03-01 12:09:00,CPRX,17.139999389648438,17.139999389648438,17.145000457763672,17.1200008392334,17.135000228881836,5387.0
2024-03-01 12:09:00,CPSI,9.270000457763672,9.270000457763672,9.270000457763672,9.270000457763672,9.270000457763672,201.0
2024-03-01 12:09:00,CRBP,32.04999923706055,32.04999923706055,32.04999923706055,32.04999923706055,32.04999923706055,243.0
2024-03-01 12:09:00,CRBU,8.0,8.0,8.0,7.989999771118164,8.0,594.0
2024-03-01 12:09:00,CRDF,2.190000057220459,2.190000057220459,2.226099967956543,2.180000066757202,2.2100000381469727,123069.0
2024-03-01 12:09:00,CRDL,1.9700000286102295,1.9700000286102295,1.9700000286102295,1.9700000286102295,1.9700000286102295,600.0
2024-03-01 12:09:00,CRMD,3.7149999141693115,3.7149999141693115,3.7149999141693115,3.7149999141693115,3.7149999141693115,140.0
2024-03-01 12:09:00,CRNX,45.915000915527344,45.915000915527344,45.939998626708984,45.88999938964844,45.88999938964844,537.0
2024-03-01 12:09:00,CRSP,85.2300033569336,85.2300033569336,85.23999786376953,85.2300033569336,85.23999786376953,637.0
2024-03-01 12:09:00,CSTL,20.31999969482422,20.31999969482422,20.350000381469727,20.040000915527344,20.040000915527344,6901.0
2024-03-01 12:09:00,CTKB,8.569999694824219,8.569999694824219,8.569999694824219,8.550000190734863,8.550000190734863,948.0
2024-03-01 12:09:00,CTMX,2.640000104904175,2.640000104904175,2.6500000953674316,2.634999990463257,2.6500000953674316,4134.0
2024-03-01 12:09:00,CUTR,2.40910005569458,2.40910005569458,2.40910005569458,2.390899896621704,2.40910005569458,1898.0
2024-03-01 12:09:00,CYTK,73.57499694824219,73.57499694824219,73.58799743652344,73.5,73.52999877929688,1102.0
2024-03-01 12:09:00,CYTO,2.1700000762939453,2.1700000762939453,2.180000066757202,2.1700000762939453,2.180000066757202,793.0
2024-03-01 12:09:00,DAWN,17.469999313354492,17.469999313354492,17.479999542236328,17.469999313354492,17.479999542236328,874.0
2024-03-01 12:09:00,DCGO,4.139999866485596,4.139999866485596,4.139999866485596,4.135000228881836,4.135000228881836,7671.0
2024-03-01 12:09:00,DCPH,17.514999389648438,17.514999389648438,17.524999618530273,17.5,17.524999618530273,513.0
2024-03-01 12:09:00,DH,9.024999618530273,9.024999618530273,9.024999618530273,9.024999618530273,9.024999618530273,106.0
2024-03-01 12:09:00,DMTK,0.8696900010108948,0.8696900010108948,0.8715000152587891,0.8696900010108948,0.8700000047683716,7721.0
2024-03-01 12:09:00,DNLI,20.829999923706055,20.829999923706055,20.850000381469727,20.809999465942383,20.829999923706055,1590.0
2024-03-01 12:09:00,DTIL,12.0600004196167,12.0600004196167,12.0600004196167,12.0,12.005000114440918,720.0
2024-03-01 12:09:00,DVAX,12.864999771118164,12.864999771118164,12.864999771118164,12.864999771118164,12.864999771118164,437.0
2024-03-01 12:09:00,DXCM,121.06500244140625,121.06500244140625,121.06500244140625,120.80000305175781,120.91999816894531,14006.0
2024-03-01 12:09:00,DYN,28.739999771118164,28.739999771118164,28.889999389648438,28.729999542236328,28.889999389648438,1108.0
2024-03-01 12:09:00,EDIT,10.899999618530273,10.899999618530273,10.904999732971191,10.890000343322754,10.890000343322754,2009.0
2024-03-01 12:09:00,EFTR,14.919599533081055,14.919599533081055,14.919599533081055,14.919599533081055,14.919599533081055,505.0
2024-03-01 12:09:00,ELEV,4.760000228881836,4.760000228881836,4.78000020980835,4.760000228881836,4.78000020980835,2603.0
2024-03-01 12:09:00,ENSG,123.37999725341797,123.37999725341797,123.37999725341797,123.37999725341797,123.37999725341797,819.0
2024-03-01 12:09:00,ENTA,15.295000076293945,15.295000076293945,15.295000076293945,15.295000076293945,15.295000076293945,130.0
2024-03-01 12:09:00,ENVB,1.559999942779541,1.559999942779541,1.5700000524520874,1.5199999809265137,1.5399999618530273,30986.0
2024-03-01 12:09:00,EOLS,14.619999885559082,14.619999885559082,14.619999885559082,14.619999885559082,14.619999885559082,410.0
2024-03-01 12:09:00,ESPR,2.5299999713897705,2.5299999713897705,2.5381999015808105,2.5299999713897705,2.5381999015808105,1700.0
2024-03-01 12:09:00,ETNB,12.970000267028809,12.970000267028809,13.0,12.970000267028809,13.0,1284.0
2024-03-01 12:09:00,ETON,4.409999847412109,4.409999847412109,4.429999828338623,4.409999847412109,4.429999828338623,764.0
2024-03-01 12:09:00,EWTX,17.0,17.0,17.0,17.0,17.0,505.0
2024-03-01 12:09:00,EXAS,59.705101013183594,59.705101013183594,59.705101013183594,59.689998626708984,59.689998626708984,602.0
2024-03-01 12:09:00,EXEL,22.4950008392334,22.4950008392334,22.4950008392334,22.485000610351562,22.485000610351562,2651.0
2024-03-01 12:09:00,EYEN,2.299999952316284,2.299999952316284,2.299999952316284,2.299999952316284,2.299999952316284,128.0
2024-03-01 12:09:00,EYPT,27.979999542236328,27.979999542236328,28.020000457763672,27.979999542236328,28.020000457763672,1077.0
2024-03-01 12:09:00,FATE,7.394999980926514,7.394999980926514,7.400000095367432,7.389999866485596,7.394999980926514,5359.0
2024-03-01 12:09:00,FEMY,1.7100000381469727,1.7100000381469727,1.7299000024795532,1.7100000381469727,1.7200000286102295,8156.0
2024-03-01 12:09:00,FGEN,1.8393000364303589,1.8393000364303589,1.8401000499725342,1.8350000381469727,1.8401000499725342,1434.0
2024-03-01 12:09:00,FHTX,8.100000381469727,8.100000381469727,8.170000076293945,8.020000457763672,8.027999877929688,1152.0
2024-03-01 12:09:00,FLGT,23.139999389648438,23.139999389648438,23.139999389648438,23.139999389648438,23.139999389648438,539.0
2024-03-01 12:09:00,FOLD,13.25,13.25,13.265000343322754,13.25,13.265000343322754,1035.0
2024-03-01 12:09:00,FRTX,0.9399999976158142,0.9399999976158142,0.9399999976158142,0.9399999976158142,0.9399999976158142,233.0
2024-03-01 12:09:00,FULC,10.850000381469727,10.850000381469727,10.850000381469727,10.850000381469727,10.850000381469727,1626.0
2024-03-01 12:09:00,FUSN,12.375,12.375,12.407999992370605,12.369999885559082,12.407999992370605,4387.0
2024-03-01 12:09:00,GDRX,8.34000015258789,8.34000015258789,8.375,8.34000015258789,8.375,14434.0
2024-03-01 12:09:00,GERN,2.174999952316284,2.174999952316284,2.180000066757202,2.174999952316284,2.180000066757202,9249.0
2024-03-01 12:09:00,GH,19.239999771118164,19.239999771118164,19.239999771118164,19.219999313354492,19.219999313354492,823.0
2024-03-01 12:09:00,GHSI,8.529999732971191,8.529999732971191,8.539999961853027,8.529999732971191,8.539999961853027,503.0
2024-03-01 12:09:00,GILD,72.19999694824219,72.19999694824219,72.19999694824219,72.16999816894531,72.16999816894531,5720.0
2024-03-01 12:09:00,GLSI,12.362299919128418,12.362299919128418,12.362299919128418,12.362299919128418,12.362299919128418,1109.0
2024-03-01 12:09:00,GMAB,29.359500885009766,29.359500885009766,29.359500885009766,29.350000381469727,29.350000381469727,665.0
2024-03-01 12:09:00,GMDA,0.38909998536109924,0.38909998536109924,0.38909998536109924,0.3869999945163727,0.3869999945163727,2276.0
2024-03-01 12:09:00,GOSS,1.3600000143051147,1.3600000143051147,1.3600000143051147,1.3600000143051147,1.3600000143051147,727.0
2024-03-01 12:09:00,GRFS,7.065000057220459,7.065000057220459,7.065000057220459,7.065000057220459,7.065000057220459,311.0
2024-03-01 12:09:00,GRPH,3.4749999046325684,3.4749999046325684,3.4749999046325684,3.4749999046325684,3.4749999046325684,160.0
2024-03-01 12:09:00,GRTS,2.2100000381469727,2.2100000381469727,2.2149999141693115,2.2100000381469727,2.2149999141693115,1038.0
2024-03-01 12:09:00,GRTX,0.2354000061750412,0.2354000061750412,0.2357500046491623,0.23520000278949738,0.2357500046491623,10703.0
2024-03-01 12:09:00,GTHX,3.630000114440918,3.630000114440918,3.634999990463257,3.619999885559082,3.630000114440918,3556.0
2024-03-01 12:09:00,HARP,22.940000534057617,22.940000534057617,22.940000534057617,22.940000534057617,22.940000534057617,110.0
2024-03-01 12:09:00,HCAT,7.980000019073486,7.980000019073486,7.980000019073486,7.960000038146973,7.960000038146973,2347.0
2024-03-01 12:09:00,HCTI,2.4605000019073486,2.4605000019073486,2.4605000019073486,2.430000066757202,2.430000066757202,5780.0
2024-03-01 12:09:00,HLTH,0.26989999413490295,0.26989999413490295,0.26989999413490295,0.26989999413490295,0.26989999413490295,120.0
2024-03-01 12:09:00,HOLX,73.66999816894531,73.66999816894531,73.67500305175781,73.66100311279297,73.66100311279297,707.0
2024-03-01 12:09:00,HOOK,0.800000011920929,0.800000011920929,0.800000011920929,0.7979000210762024,0.800000011920929,2148.0
2024-03-01 12:09:00,HOWL,6.960000038146973,6.960000038146973,6.960000038146973,6.960000038146973,6.960000038146973,257.0
2024-03-01 12:09:00,HRMY,31.5,31.5,31.5,31.459999084472656,31.459999084472656,242.0
2024-03-01 12:09:00,HRTX,2.5899999141693115,2.5899999141693115,2.5999999046325684,2.5899999141693115,2.5950000286102295,1105.0
2024-03-01 12:09:00,HSIC,76.87999725341797,76.87999725341797,76.87999725341797,76.8499984741211,76.8550033569336,1101.0
2024-03-01 12:09:00,HSTM,27.31999969482422,27.31999969482422,27.31999969482422,27.31999969482422,27.31999969482422,530.0
2024-03-01 12:09:00,HUMA,3.440000057220459,3.440000057220459,3.440000057220459,3.434999942779541,3.4391000270843506,7722.0
2024-03-01 12:09:00,IBRX,4.840000152587891,4.840000152587891,4.849999904632568,4.840000152587891,4.843999862670898,2427.0
2024-03-01 12:09:00,ICLR,322.6650085449219,322.6650085449219,322.6650085449219,322.6650085449219,322.6650085449219,204.0
2024-03-01 12:09:00,IDYA,46.220001220703125,46.220001220703125,46.220001220703125,46.220001220703125,46.220001220703125,252.0
2024-03-01 12:09:00,ILMN,141.8679962158203,141.8679962158203,141.9199981689453,141.8679962158203,141.9199981689453,556.0
2024-03-01 12:09:00,IMCR,68.13749694824219,68.13749694824219,68.14250183105469,68.06999969482422,68.06999969482422,678.0
2024-03-01 12:09:00,IMMX,3.5450000762939453,3.5450000762939453,3.5450000762939453,3.5450000762939453,3.5450000762939453,200.0
2024-03-01 12:09:00,IMNN,1.090000033378601,1.090000033378601,1.090000033378601,1.090000033378601,1.090000033378601,222.0
2024-03-01 12:09:00,IMVT,36.33000183105469,36.33000183105469,36.34000015258789,36.31999969482422,36.34000015258789,1583.0
2024-03-01 12:09:00,INAB,1.100100040435791,1.100100040435791,1.100100040435791,1.100000023841858,1.100000023841858,1991.0
2024-03-01 12:09:00,INBX,36.685001373291016,36.685001373291016,36.685001373291016,36.685001373291016,36.685001373291016,102.0
2024-03-01 12:09:00,INCY,58.9900016784668,58.9900016784668,59.0,58.9900016784668,59.0,1084.0
2024-03-01 12:09:00,INGN,6.860199928283691,6.860199928283691,6.860199928283691,6.860199928283691,6.860199928283691,136.0
2024-03-01 12:09:00,INKT,0.939998984336853,0.939998984336853,0.939998984336853,0.939998984336853,0.939998984336853,293.0
2024-03-01 12:09:00,INMD,22.774999618530273,22.774999618530273,22.790000915527344,22.774999618530273,22.790000915527344,1057.0
2024-03-01 12:09:00,INSM,28.280000686645508,28.280000686645508,28.280000686645508,28.280000686645508,28.280000686645508,379.0
2024-03-01 12:09:00,INVA,15.609999656677246,15.609999656677246,15.619999885559082,15.609999656677246,15.619999885559082,622.0
2024-03-01 12:09:00,IONM,0.3465830087661743,0.3465830087661743,0.3465830087661743,0.335099995136261,0.335099995136261,1200.0
2024-03-01 12:09:00,IONS,45.900001525878906,45.900001525878906,45.935001373291016,45.900001525878906,45.900001525878906,471.0
2024-03-01 12:09:00,IOVA,16.764999389648438,16.764999389648438,16.769800186157227,16.730100631713867,16.730100631713867,4861.0
2024-03-01 12:09:00,IPA,1.8700000047683716,1.8700000047683716,1.8700000047683716,1.8700000047683716,1.8700000047683716,150.0
2024-03-01 12:09:00,IPSC,3.799999952316284,3.799999952316284,3.799999952316284,3.799999952316284,3.799999952316284,114.0
2024-03-01 12:09:00,IRMD,41.93000030517578,41.93000030517578,41.93000030517578,41.93000030517578,41.93000030517578,227.0
2024-03-01 12:09:00,IRWD,9.089699745178223,9.089699745178223,9.095000267028809,9.085000038146973,9.09000015258789,6094.0
2024-03-01 12:09:00,ISRG,394.2300109863281,394.2300109863281,394.2300109863281,394.05999755859375,394.05999755859375,1496.0
2024-03-01 12:09:00,IXHL,5.420000076293945,5.420000076293945,5.420000076293945,5.409999847412109,5.409999847412109,384.0
2024-03-01 12:09:00,JAGX,0.07490000128746033,0.07490000128746033,0.07599999755620956,0.07169999927282333,0.07209999859333038,1408353.0
2024-03-01 12:09:00,JANX,46.70000076293945,46.70000076293945,46.70000076293945,46.70000076293945,46.70000076293945,409.0
2024-03-01 12:09:00,JAZZ,119.62999725341797,119.62999725341797,119.62999725341797,119.5999984741211,119.61000061035156,853.0
2024-03-01 12:09:00,KALV,13.975000381469727,13.975000381469727,13.975000381469727,13.975000381469727,13.975000381469727,510.0
2024-03-01 12:09:00,KNSA,21.760000228881836,21.760000228881836,21.774999618530273,21.760000228881836,21.774999618530273,832.0
2024-03-01 12:09:00,KNTE,2.5999999046325684,2.5999999046325684,2.6050000190734863,2.5999999046325684,2.6050000190734863,200.0
2024-03-01 12:09:00,KOD,6.099999904632568,6.099999904632568,6.099999904632568,6.090000152587891,6.099999904632568,393.0
2024-03-01 12:09:00,KPTI,1.1950000524520874,1.1950000524520874,1.1950000524520874,1.1950000524520874,1.1950000524520874,1203.0
2024-03-01 12:09:00,KRON,1.0299999713897705,1.0299999713897705,1.0299999713897705,1.0299999713897705,1.0299999713897705,100.0
2024-03-01 12:09:00,KTRA,0.0982000008225441,0.0982000008225441,0.09889999777078629,0.0982000008225441,0.09889999777078629,1100.0
2024-03-01 12:09:00,KURA,21.235000610351562,21.235000610351562,21.25,21.235000610351562,21.25,564.0
2024-03-01 12:09:00,KYMR,43.89500045776367,43.89500045776367,43.89500045776367,43.89500045776367,43.89500045776367,400.0
2024-03-01 12:09:00,KZR,1.0800000429153442,1.0800000429153442,1.0800000429153442,1.0800000429153442,1.0800000429153442,627.0
2024-03-01 12:09:00,LAB,2.4649999141693115,2.4649999141693115,2.4649999141693115,2.4649999141693115,2.4649999141693115,511.0
2024-03-01 12:09:00,LBPH,22.079999923706055,22.079999923706055,22.079999923706055,22.079999923706055,22.079999923706055,551.0
2024-03-01 12:09:00,LEGN,65.86000061035156,65.86000061035156,65.86000061035156,65.8125,65.81500244140625,1229.0
2024-03-01 12:09:00,LEXX,2.749500036239624,2.749500036239624,2.749500036239624,2.749500036239624,2.749500036239624,101.0
2024-03-01 12:09:00,LFMD,7.980000019073486,7.980000019073486,7.980000019073486,7.980000019073486,7.980000019073486,103.0
2024-03-01 12:09:00,LFST,7.920000076293945,7.920000076293945,7.928800106048584,7.920000076293945,7.928800106048584,283.0
2024-03-01 12:09:00,LIVN,55.52000045776367,55.52000045776367,55.52000045776367,55.5099983215332,55.5099983215332,247.0
2024-03-01 12:09:00,LNTH,65.45999908447266,65.45999908447266,65.45999908447266,65.45999908447266,65.45999908447266,232.0
2024-03-01 12:09:00,LQDA,14.300000190734863,14.300000190734863,14.300000190734863,14.300000190734863,14.300000190734863,814.0
2024-03-01 12:09:00,LUCD,1.2400000095367432,1.2400000095367432,1.2400000095367432,1.2400000095367432,1.2400000095367432,366.0
2024-03-01 12:09:00,LUNG,9.319999694824219,9.319999694824219,9.319999694824219,9.260000228881836,9.260000228881836,3766.0
2024-03-01 12:09:00,LVTX,3.0199999809265137,3.0199999809265137,3.0634000301361084,3.0100998878479004,3.0634000301361084,8603.0
2024-03-01 12:09:00,LXRX,2.450000047683716,2.450000047683716,2.450000047683716,2.444999933242798,2.444999933242798,746.0
2024-03-01 12:09:00,LYEL,3.180000066757202,3.180000066757202,3.180000066757202,3.1700000762939453,3.1700000762939453,341.0
2024-03-01 12:09:00,LYRA,5.59499979019165,5.59499979019165,5.59499979019165,5.59499979019165,5.59499979019165,126.0
2024-03-01 12:09:00,MASI,127.81999969482422,127.81999969482422,127.81999969482422,127.81999969482422,127.81999969482422,316.0
2024-03-01 12:09:00,MCRB,1.1950000524520874,1.1950000524520874,1.1986000537872314,1.1950000524520874,1.1986000537872314,1100.0
2024-03-01 12:09:00,MDGL,245.1199951171875,245.1199951171875,245.2100067138672,245.0,245.2100067138672,1707.0
2024-03-01 12:09:00,MDRX,6.050000190734863,6.050000190734863,6.050000190734863,6.050000190734863,6.050000190734863,2539.0
2024-03-01 12:09:00,MDXG,8.579999923706055,8.579999923706055,8.579999923706055,8.5600004196167,8.5600004196167,4347.0
2024-03-01 12:09:00,ME,0.5613999962806702,0.5613999962806702,0.5613999962806702,0.5601999759674072,0.5601999759674072,1108.0
2024-03-01 12:09:00,MEDP,400.0,400.0,400.0,400.0,400.0,522.0
2024-03-01 12:09:00,MGNX,18.8700008392334,18.8700008392334,18.870100021362305,18.864999771118164,18.8700008392334,1339.0
2024-03-01 12:09:00,MGTX,6.329999923706055,6.329999923706055,6.329999923706055,6.329999923706055,6.329999923706055,127.0
2024-03-01 12:09:00,MHUA,0.6899999976158142,0.6899999976158142,0.6901000142097473,0.6899999976158142,0.6901000142097473,707.0
2024-03-01 12:09:00,MIST,1.7000000476837158,1.7000000476837158,1.7000000476837158,1.684999942779541,1.690000057220459,14053.0
2024-03-01 12:09:00,MLTX,51.85499954223633,51.85499954223633,51.85499954223633,51.81999969482422,51.81999969482422,998.0
2024-03-01 12:09:00,MNKD,4.532700061798096,4.532700061798096,4.539899826049805,4.531099796295166,4.531099796295166,2093.0
2024-03-01 12:09:00,MNMD,6.179999828338623,6.179999828338623,6.184000015258789,6.170000076293945,6.184000015258789,4085.0
2024-03-01 12:09:00,MNOV,1.3700000047683716,1.3700000047683716,1.3700000047683716,1.3700000047683716,1.3700000047683716,362.0
2024-03-01 12:09:00,MREO,3.859999895095825,3.859999895095825,3.8798999786376953,3.859999895095825,3.8798999786376953,4935.0
2024-03-01 12:09:00,MRNA,96.21499633789062,96.21499633789062,96.26000213623047,96.17500305175781,96.17500305175781,7695.0
2024-03-01 12:09:00,MRSN,5.940000057220459,5.940000057220459,5.940000057220459,5.920000076293945,5.920000076293945,4116.0
2024-03-01 12:09:00,MRUS,51.63999938964844,51.63999938964844,51.94499969482422,51.61000061035156,51.88999938964844,7102.0
2024-03-01 12:09:00,MRVI,7.835000038146973,7.835000038146973,7.835000038146973,7.835000038146973,7.835000038146973,117.0
2024-03-01 12:09:00,MXCT,4.730000019073486,4.730000019073486,4.739999771118164,4.730000019073486,4.739999771118164,556.0
2024-03-01 12:09:00,NARI,46.11000061035156,46.11000061035156,46.11000061035156,46.060001373291016,46.06999969482422,1725.0
2024-03-01 12:09:00,NAUT,2.6600000858306885,2.6600000858306885,2.6600000858306885,2.6600000858306885,2.6600000858306885,200.0
2024-03-01 12:09:00,NEO,16.040000915527344,16.040000915527344,16.040000915527344,16.020000457763672,16.020000457763672,715.0
2024-03-01 12:09:00,NEOG,17.295000076293945,17.295000076293945,17.295000076293945,17.295000076293945,17.295000076293945,393.0
2024-03-01 12:09:00,NGM,1.5299999713897705,1.5299999713897705,1.5300999879837036,1.5299999713897705,1.5300999879837036,889.0
2024-03-01 12:09:00,NKTR,0.779699981212616,0.779699981212616,0.779699981212616,0.7743499875068665,0.7782019972801208,1100.0
2024-03-01 12:09:00,NKTX,12.85990047454834,12.85990047454834,12.85990047454834,12.84000015258789,12.850000381469727,2114.0
2024-03-01 12:09:00,NNOX,11.140000343322754,11.140000343322754,11.145000457763672,11.140000343322754,11.140000343322754,2343.0
2024-03-01 12:09:00,NRIX,13.380000114440918,13.380000114440918,13.380000114440918,13.369999885559082,13.380000114440918,1066.0
2024-03-01 12:09:00,NRSN,2.0799999237060547,2.0799999237060547,2.0799999237060547,2.0799999237060547,2.0799999237060547,200.0
2024-03-01 12:09:00,NRXP,0.4198409914970398,0.4198409914970398,0.4198409914970398,0.415800005197525,0.415800005197525,2080.0
2024-03-01 12:09:00,NTLA,33.45000076293945,33.45000076293945,33.45000076293945,33.40999984741211,33.43000030517578,2969.0
2024-03-01 12:09:00,NTRA,88.91999816894531,88.91999816894531,88.95500183105469,88.91999816894531,88.94999694824219,953.0
2024-03-01 12:09:00,NUVL,87.62000274658203,87.62000274658203,87.63999938964844,87.5999984741211,87.63999938964844,746.0
2024-03-01 12:09:00,NVAX,5.130000114440918,5.130000114440918,5.130000114440918,5.120999813079834,5.125999927520752,3742.0
2024-03-01 12:09:00,NVCR,15.90999984741211,15.90999984741211,15.90999984741211,15.899999618530273,15.899999618530273,310.0
2024-03-01 12:09:00,NVNO,6.4980998039245605,6.4980998039245605,6.5,6.4980998039245605,6.5,703.0
2024-03-01 12:09:00,NVOS,0.6205999851226807,0.6205999851226807,0.6205999851226807,0.6205999851226807,0.6205999851226807,100.0
2024-03-01 12:09:00,NXTC,1.8049999475479126,1.8049999475479126,1.8049999475479126,1.8049999475479126,1.8049999475479126,4400.0
2024-03-01 12:09:00,NYXH,15.100000381469727,15.100000381469727,15.100000381469727,15.100000381469727,15.100000381469727,103.0
2024-03-01 12:09:00,OCGN,0.9368000030517578,0.9368000030517578,0.9399999976158142,0.9368000030517578,0.9399999976158142,5119.0
2024-03-01 12:09:00,OCUL,10.699999809265137,10.699999809265137,10.704999923706055,10.699899673461914,10.704999923706055,3427.0
2024-03-01 12:09:00,OGI,2.16129994392395,2.16129994392395,2.1649999618530273,2.1600000858306885,2.1649999618530273,1117.0
2024-03-01 12:09:00,OLK,22.600000381469727,22.600000381469727,22.614999771118164,22.600000381469727,22.614999771118164,1399.0
2024-03-01 12:09:00,OLMA,13.9399995803833,13.9399995803833,13.9399995803833,13.859999656677246,13.899999618530273,3278.0
2024-03-01 12:09:00,OMER,4.735000133514404,4.735000133514404,4.735000133514404,4.735000133514404,4.735000133514404,110.0
2024-03-01 12:09:00,OMGA,4.190000057220459,4.190000057220459,4.195000171661377,4.190000057220459,4.195000171661377,1910.0
2024-03-01 12:10:00,ABOS,4.660600185394287,4.660600185394287,4.670000076293945,4.660600185394287,4.670000076293945,1015.0
2024-03-01 12:10:00,ABSI,5.239999771118164,5.239999771118164,5.244999885559082,5.239999771118164,5.244999885559082,229.0
2024-03-01 12:10:00,ABUS,2.7699999809265137,2.7699999809265137,2.7702999114990234,2.7699999809265137,2.7699999809265137,1781.0
2024-03-01 12:10:00,ACAD,23.795000076293945,23.795000076293945,23.799999237060547,23.790000915527344,23.799999237060547,1185.0
2024-03-01 12:10:00,ACB,3.1800999641418457,3.1800999641418457,3.1800999641418457,3.1700000762939453,3.1700000762939453,5514.0
2024-03-01 12:10:00,ACET,2.4000000953674316,2.4000000953674316,2.4049999713897705,2.380000114440918,2.4049999713897705,11343.0
2024-03-01 12:10:00,ACHC,84.08000183105469,84.08000183105469,84.08000183105469,84.08000183105469,84.08000183105469,202.0
2024-03-01 12:10:00,ACHL,1.3600000143051147,1.3600000143051147,1.3600000143051147,1.3600000143051147,1.3600000143051147,1046.0
2024-03-01 12:10:00,ACIU,3.785799980163574,3.785799980163574,3.8499999046325684,3.785799980163574,3.8499999046325684,3470.0
2024-03-01 12:10:00,ACLX,67.31500244140625,67.31500244140625,67.31500244140625,67.31500244140625,67.31500244140625,339.0
2024-03-01 12:10:00,ACON,0.38850000500679016,0.38850000500679016,0.38999998569488525,0.38749998807907104,0.38749998807907104,12842.0
2024-03-01 12:10:00,ACRS,1.2400000095367432,1.2400000095367432,1.2400000095367432,1.225000023841858,1.2300000190734863,8941.0
2024-03-01 12:10:00,ADIL,3.04010009765625,3.04010009765625,3.059999942779541,3.0299999713897705,3.0299999713897705,19251.0
2024-03-01 12:10:00,ADMA,5.364999771118164,5.364999771118164,5.380799770355225,5.364999771118164,5.380799770355225,22741.0
2024-03-01 12:10:00,ADPT,4.175000190734863,4.175000190734863,4.175000190734863,4.175000190734863,4.175000190734863,352.0
2024-03-01 12:10:00,ADVM,1.9500000476837158,1.9500000476837158,1.9500000476837158,1.9450000524520874,1.9500000476837158,4516.0
2024-03-01 12:10:00,AGEN,0.6736000180244446,0.6736000180244446,0.6736000180244446,0.6736000180244446,0.6736000180244446,1393.0
2024-03-01 12:10:00,AGIO,32.86000061035156,32.86000061035156,32.869998931884766,32.86000061035156,32.869998931884766,549.0
2024-03-01 12:10:00,AGRX,0.8475000262260437,0.8475000262260437,0.8475000262260437,0.8400999903678894,0.8402000069618225,2681.0
2024-03-01 12:10:00,AHCO,10.8100004196167,10.8100004196167,10.8100004196167,10.8100004196167,10.8100004196167,217.0
2024-03-01 12:10:00,AIMD,0.9599999785423279,0.9599999785423279,0.9800000190734863,0.9599999785423279,0.9800000190734863,1011.0
2024-03-01 12:10:00,AIRS,6.429999828338623,6.429999828338623,6.429999828338623,6.409999847412109,6.409999847412109,677.0
2024-03-01 12:10:00,AKAN,0.2410999983549118,0.2410999983549118,0.2410999983549118,0.2410999983549118,0.2410999983549118,128.0
2024-03-01 12:10:00,AKBA,1.6799999475479126,1.6799999475479126,1.6799999475479126,1.6799999475479126,1.6799999475479126,524.0
2024-03-01 12:10:00,AKLI,0.33250001072883606,0.33250001072883606,0.33250001072883606,0.33250001072883606,0.33250001072883606,514.0
2024-03-01 12:10:00,AKRO,29.950000762939453,29.950000762939453,29.969900131225586,29.950000762939453,29.969900131225586,956.0
2024-03-01 12:10:00,ALDX,4.10699987411499,4.10699987411499,4.10699987411499,4.10699987411499,4.10699987411499,2010.0
2024-03-01 12:10:00,ALEC,7.460000038146973,7.460000038146973,7.460000038146973,7.449999809265137,7.449999809265137,511.0
2024-03-01 12:10:00,ALGN,302.80999755859375,302.80999755859375,302.80999755859375,302.7900085449219,302.7900085449219,886.0
2024-03-01 12:10:00,ALGS,1.100000023841858,1.100000023841858,1.100000023841858,1.100000023841858,1.100000023841858,1275.0
2024-03-01 12:10:00,ALHC,5.690000057220459,5.690000057220459,5.699999809265137,5.690000057220459,5.690000057220459,2062.0
2024-03-01 12:10:00,ALKS,30.204999923706055,30.204999923706055,30.204999923706055,30.190000534057617,30.201000213623047,3505.0
2024-03-01 12:10:00,ALLO,5.03000020980835,5.03000020980835,5.03879976272583,5.03000020980835,5.03879976272583,920.0
2024-03-01 12:10:00,ALNY,153.64999389648438,153.64999389648438,153.68499755859375,153.64999389648438,153.68499755859375,358.0
2024-03-01 12:10:00,ALPN,35.84000015258789,35.84000015258789,35.84000015258789,35.84000015258789,35.84000015258789,348.0
2024-03-01 12:10:00,ALT,12.010000228881836,12.010000228881836,12.010000228881836,11.979999542236328,12.0,7734.0
2024-03-01 12:10:00,ALXO,15.149999618530273,15.149999618530273,15.180000305175781,15.149999618530273,15.180000305175781,432.0
2024-03-01 12:10:00,AMED,93.2699966430664,93.2699966430664,93.2699966430664,93.19999694824219,93.2699966430664,7557.0
2024-03-01 12:10:00,AMGN,281.75,281.75,281.79998779296875,281.739990234375,281.739990234375,1761.0
2024-03-01 12:10:00,AMLX,18.780000686645508,18.780000686645508,18.780000686645508,18.780000686645508,18.780000686645508,599.0
2024-03-01 12:10:00,AMPH,45.474998474121094,45.474998474121094,45.475101470947266,45.470001220703125,45.470001220703125,977.0
2024-03-01 12:10:00,AMRN,1.0549999475479126,1.0549999475479126,1.0549999475479126,1.0499999523162842,1.0499999523162842,912.0
2024-03-01 12:10:00,ANGO,5.480000019073486,5.480000019073486,5.480000019073486,5.480000019073486,5.480000019073486,140.0
2024-03-01 12:10:00,ANIP,66.05999755859375,66.05999755859375,66.06999969482422,66.05999755859375,66.06999969482422,445.0
2024-03-01 12:10:00,ANTX,3.0106000900268555,3.0106000900268555,3.0106000900268555,3.009999990463257,3.009999990463257,879.0
2024-03-01 12:10:00,APDN,0.5698999762535095,0.5698999762535095,0.5698999762535095,0.5698999762535095,0.5698999762535095,353.0
2024-03-01 12:10:00,APLS,65.29499816894531,65.29499816894531,65.33999633789062,65.1500015258789,65.20999908447266,4262.0
2024-03-01 12:10:00,APLT,7.110000133514404,7.110000133514404,7.139999866485596,7.110000133514404,7.130000114440918,4449.0
2024-03-01 12:10:00,AQST,4.284999847412109,4.284999847412109,4.320000171661377,4.28000020980835,4.320000171661377,16188.0
2024-03-01 12:10:00,ARAY,2.634999990463257,2.634999990463257,2.634999990463257,2.634999990463257,2.634999990463257,312.0
2024-03-01 12:10:00,ARDX,9.649999618530273,9.649999618530273,9.649999618530273,9.645000457763672,9.649900436401367,2201.0
2024-03-01 12:10:00,ARGX,389.7749938964844,389.7749938964844,389.7799987792969,389.7749938964844,389.7799987792969,433.0
2024-03-01 12:10:00,ARQT,11.489999771118164,11.489999771118164,11.489999771118164,11.444999694824219,11.444999694824219,4785.0
2024-03-01 12:10:00,ARVN,48.849998474121094,48.849998474121094,48.970001220703125,48.849998474121094,48.970001220703125,3241.0
2024-03-01 12:10:00,ARWR,35.040000915527344,35.040000915527344,35.1150016784668,35.029998779296875,35.1150016784668,5405.0
2024-03-01 12:10:00,ASND,150.25,150.25,150.25,149.97999572753906,150.24000549316406,4117.0
2024-03-01 12:10:00,ASRT,0.9200000166893005,0.9200000166893005,0.9200000166893005,0.9199000000953674,0.9199000000953674,1450.0
2024-03-01 12:10:00,ATEC,13.569999694824219,13.569999694824219,13.569999694824219,13.555000305175781,13.555000305175781,2743.0
2024-03-01 12:10:00,ATOS,1.0049999952316284,1.0049999952316284,1.0049999952316284,1.0049999952316284,1.0049999952316284,101.0
2024-03-01 12:10:00,ATRA,0.785099983215332,0.785099983215332,0.785099983215332,0.785099983215332,0.785099983215332,110.0
2024-03-01 12:10:00,ATRC,36.0099983215332,36.0099983215332,36.060001373291016,35.904998779296875,35.904998779296875,28315.0
2024-03-01 12:10:00,ATXS,15.0,15.0,15.0,14.970000267028809,14.970000267028809,1284.0
2024-03-01 12:10:00,AUPH,5.795000076293945,5.795000076293945,5.795000076293945,5.795000076293945,5.795000076293945,667.0
2024-03-01 12:10:00,AUTL,6.28000020980835,6.28000020980835,6.289999961853027,6.28000020980835,6.289999961853027,339.0
2024-03-01 12:10:00,AVDL,12.9399995803833,12.9399995803833,12.9399995803833,12.895000457763672,12.895000457763672,485.0
2024-03-01 12:10:00,AVIR,4.519999980926514,4.519999980926514,4.519999980926514,4.519999980926514,4.519999980926514,586.0
2024-03-01 12:10:00,AVXL,5.335000038146973,5.335000038146973,5.337500095367432,5.335000038146973,5.337500095367432,231.0
2024-03-01 12:10:00,AXNX,67.30999755859375,67.30999755859375,67.30999755859375,67.29000091552734,67.30000305175781,2625.0
2024-03-01 12:10:00,AXSM,81.80999755859375,81.80999755859375,81.80999755859375,81.80999755859375,81.80999755859375,205.0
2024-03-01 12:10:00,AZN,64.75,64.75,64.75,64.70999908447266,64.72000122070312,10629.0
2024-03-01 12:10:00,AZTA,66.56999969482422,66.56999969482422,66.56999969482422,66.55000305175781,66.55000305175781,839.0
2024-03-01 12:10:00,BBIO,36.02000045776367,36.02000045776367,36.02000045776367,36.005001068115234,36.005001068115234,528.0
2024-03-01 12:10:00,BBLG,2.2899999618530273,2.2899999618530273,2.2899999618530273,2.2899999618530273,2.2899999618530273,656.0
2024-03-01 12:10:00,BCDA,0.5699999928474426,0.5699999928474426,0.5699999928474426,0.5692999958992004,0.5692999958992004,1100.0
2024-03-01 12:10:00,BCRX,5.760000228881836,5.760000228881836,5.760000228881836,5.730000019073486,5.730000019073486,12734.0
2024-03-01 12:10:00,BCYC,25.84000015258789,25.84000015258789,25.84000015258789,25.84000015258789,25.84000015258789,542.0
2024-03-01 12:10:00,BDTX,5.03000020980835,5.03000020980835,5.03000020980835,5.03000020980835,5.03000020980835,330.0
2024-03-01 12:10:00,BEAM,40.02000045776367,40.02000045776367,40.04999923706055,39.97999954223633,39.9900016784668,2656.0
2024-03-01 12:10:00,BEAT,1.4950000047683716,1.4950000047683716,1.4950000047683716,1.4950000047683716,1.4950000047683716,172.0
2024-03-01 12:10:00,BGNE,166.97999572753906,166.97999572753906,166.97999572753906,166.97999572753906,166.97999572753906,478.0
2024-03-01 12:10:00,BIIB,220.1407928466797,220.1407928466797,220.1407928466797,220.1407928466797,220.1407928466797,251.0
2024-03-01 12:10:00,BIOL,0.1370999962091446,0.1370999962091446,0.1370999962091446,0.1370999962091446,0.1370999962091446,15352.0
2024-03-01 12:10:00,BIVI,1.840000033378601,1.840000033378601,1.8700000047683716,1.809999942779541,1.8250000476837158,241952.0
2024-03-01 12:10:00,BLFS,18.229900360107422,18.229900360107422,18.229900360107422,18.229900360107422,18.229900360107422,594.0
2024-03-01 12:10:00,BLRX,1.3798999786376953,1.3798999786376953,1.3798999786376953,1.3717000484466553,1.3717000484466553,603.0
2024-03-01 12:10:00,BLUE,1.590000033378601,1.590000033378601,1.590000033378601,1.5800000429153442,1.5896999835968018,29639.0
2024-03-01 12:10:00,BMEA,17.889999389648438,17.889999389648438,17.899999618530273,17.889999389648438,17.889999389648438,1526.0
2024-03-01 12:10:00,BMRN,86.95999908447266,86.95999908447266,86.9800033569336,86.94000244140625,86.94000244140625,1164.0
2024-03-01 12:10:00,BNGO,1.25,1.25,1.2599999904632568,1.25,1.2599999904632568,3506.0
2024-03-01 12:10:00,BNTX,91.97000122070312,91.97000122070312,91.9800033569336,91.97000122070312,91.9800033569336,633.0
2024-03-01 12:10:00,BPMC,97.48999786376953,97.48999786376953,97.55999755859375,97.41999816894531,97.41999816894531,916.0
2024-03-01 12:10:00,BRKR,87.90499877929688,87.90499877929688,87.90499877929688,87.90499877929688,87.90499877929688,2337.0
2024-03-01 12:10:00,BSGM,0.6115999817848206,0.6115999817848206,0.6370000243186951,0.6115999817848206,0.6312999725341797,8929.0
2024-03-01 12:10:00,BTAI,3.244999885559082,3.244999885559082,3.244999885559082,3.244999885559082,3.244999885559082,215.0
2024-03-01 12:10:00,BTTX,0.17010000348091125,0.17010000348091125,0.17010000348091125,0.17000000178813934,0.17010000348091125,3025.0
2024-03-01 12:10:00,BVS,4.710000038146973,4.710000038146973,4.710000038146973,4.710000038146973,4.710000038146973,545.0
2024-03-01 12:10:00,BWAY,6.53000020980835,6.53000020980835,6.53000020980835,6.53000020980835,6.53000020980835,101.0
2024-03-01 12:10:00,CABA,23.969999313354492,23.969999313354492,23.969999313354492,23.969999313354492,23.969999313354492,738.0
2024-03-01 12:10:00,CBAY,32.244998931884766,32.244998931884766,32.25,32.244998931884766,32.25,5035.0
2024-03-01 12:10:00,CCCC,10.869999885559082,10.869999885559082,10.899999618530273,10.854999542236328,10.899999618530273,2128.0
2024-03-01 12:10:00,CCRN,18.219999313354492,18.219999313354492,18.219999313354492,18.184999465942383,18.190000534057617,6353.0
2024-03-01 12:10:00,CDMO,8.109999656677246,8.109999656677246,8.109999656677246,8.09000015258789,8.09000015258789,324.0
2024-03-01 12:10:00,CDNA,12.574999809265137,12.574999809265137,12.574999809265137,12.550000190734863,12.550000190734863,1728.0
2024-03-01 12:10:00,CDXS,4.534999847412109,4.534999847412109,4.534999847412109,4.534999847412109,4.534999847412109,112.0
2024-03-01 12:10:00,CELU,3.599900007247925,3.599900007247925,3.599900007247925,3.599900007247925,3.599900007247925,200.0
2024-03-01 12:10:00,CERE,41.099998474121094,41.099998474121094,41.10499954223633,41.099998474121094,41.10499954223633,219.0
2024-03-01 12:10:00,CERT,17.610000610351562,17.610000610351562,17.709999084472656,17.610000610351562,17.704999923706055,6151.0
2024-03-01 12:10:00,CGC,3.259999990463257,3.259999990463257,3.259999990463257,3.255000114440918,3.255000114440918,5776.0
2024-03-01 12:10:00,CGEM,18.959999084472656,18.959999084472656,18.959999084472656,18.959999084472656,18.959999084472656,1360.0
2024-03-01 12:10:00,CHRS,2.361299991607666,2.361299991607666,2.369999885559082,2.361299991607666,2.369999885559082,1485.0
2024-03-01 12:10:00,CLDX,51.68000030517578,51.68000030517578,51.68000030517578,51.630001068115234,51.66999816894531,700.0
2024-03-01 12:10:00,CLLS,2.579900026321411,2.579900026321411,2.579900026321411,2.579900026321411,2.579900026321411,130.0
2024-03-01 12:10:00,CLNN,0.3840000033378601,0.3840000033378601,0.3840000033378601,0.3840000033378601,0.3840000033378601,273.0
2024-03-01 12:10:00,CLOV,0.8626999855041504,0.8626999855041504,0.863349974155426,0.8626999855041504,0.8633000254631042,8038.0
2024-03-01 12:10:00,CLRB,4.092800140380859,4.092800140380859,4.092800140380859,4.092800140380859,4.092800140380859,203.0
2024-03-01 12:10:00,CMPS,11.4399995803833,11.4399995803833,11.4399995803833,11.425000190734863,11.4399995803833,716.0
2024-03-01 12:10:00,CMRX,1.1399999856948853,1.1399999856948853,1.1399999856948853,1.1399999856948853,1.1399999856948853,2201.0
2024-03-01 12:10:00,COGT,7.184999942779541,7.184999942779541,7.190000057220459,7.175000190734863,7.175000190734863,5884.0
2024-03-01 12:10:00,CORT,23.760000228881836,23.760000228881836,23.760000228881836,23.739999771118164,23.739999771118164,310.0
2024-03-01 12:10:00,CPRX,17.135000228881836,17.135000228881836,17.145000457763672,17.1299991607666,17.139999389648438,4269.0
2024-03-01 12:10:00,CRBP,32.04999923706055,32.04999923706055,32.04999923706055,32.04999923706055,32.04999923706055,100.0
2024-03-01 12:10:00,CRDF,2.2200000286102295,2.2200000286102295,2.2300000190734863,2.180000066757202,2.180000066757202,27019.0
2024-03-01 12:10:00,CRMD,3.7200000286102295,3.7200000286102295,3.7200000286102295,3.7200000286102295,3.7200000286102295,132.0
2024-03-01 12:10:00,CRNX,46.0099983215332,46.0099983215332,46.0099983215332,45.959999084472656,45.959999084472656,2016.0
2024-03-01 12:10:00,CRON,2.055000066757202,2.055000066757202,2.055000066757202,2.055000066757202,2.055000066757202,330.0
2024-03-01 12:10:00,CRSP,85.26000213623047,85.26000213623047,85.29440307617188,85.23500061035156,85.23500061035156,877.0
2024-03-01 12:10:00,CRVS,2.259999990463257,2.259999990463257,2.259999990463257,2.259999990463257,2.259999990463257,100.0
2024-03-01 12:10:00,CSTL,20.221099853515625,20.221099853515625,20.280000686645508,20.221099853515625,20.280000686645508,2137.0
2024-03-01 12:10:00,CTKB,8.569999694824219,8.569999694824219,8.569999694824219,8.5600004196167,8.5600004196167,1434.0
2024-03-01 12:10:00,CTMX,2.6500000953674316,2.6500000953674316,2.6500000953674316,2.630000114440918,2.640000104904175,2616.0
2024-03-01 12:10:00,CTXR,0.7717000246047974,0.7717000246047974,0.7717000246047974,0.7717000246047974,0.7717000246047974,248.0
2024-03-01 12:10:00,CUTR,2.4049999713897705,2.4049999713897705,2.4200000762939453,2.4049999713897705,2.4100000858306885,2257.0
2024-03-01 12:10:00,CVAC,3.4711999893188477,3.4711999893188477,3.4711999893188477,3.4700000286102295,3.4700000286102295,386.0
2024-03-01 12:10:00,CYTK,73.5,73.5,73.62999725341797,73.5,73.62999725341797,1670.0
2024-03-01 12:10:00,DCGO,4.135000228881836,4.135000228881836,4.136300086975098,4.135000228881836,4.136300086975098,3431.0
2024-03-01 12:10:00,DCPH,17.489999771118164,17.489999771118164,17.530000686645508,17.450000762939453,17.530000686645508,6858.0
2024-03-01 12:10:00,DH,9.020000457763672,9.020000457763672,9.020000457763672,9.020000457763672,9.020000457763672,222.0
2024-03-01 12:10:00,DMTK,0.871399998664856,0.871399998664856,0.8715000152587891,0.8669000267982483,0.8712999820709229,13396.0
2024-03-01 12:10:00,DNLI,20.809999465942383,20.809999465942383,20.829999923706055,20.809999465942383,20.829999923706055,6475.0
2024-03-01 12:10:00,DTIL,12.22029972076416,12.22029972076416,12.22029972076416,12.029999732971191,12.05840015411377,7413.0
2024-03-01 12:10:00,DVAX,12.875,12.875,12.885000228881836,12.864999771118164,12.864999771118164,7512.0
2024-03-01 12:10:00,DXCM,121.15499877929688,121.15499877929688,121.15499877929688,121.0199966430664,121.09500122070312,11820.0
2024-03-01 12:10:00,DYN,28.71500015258789,28.71500015258789,28.84079933166504,28.670000076293945,28.84079933166504,1972.0
2024-03-01 12:10:00,EDIT,10.880000114440918,10.880000114440918,10.899999618530273,10.880000114440918,10.899999618530273,2043.0
2024-03-01 12:10:00,EGRX,6.739999771118164,6.739999771118164,6.739999771118164,6.739999771118164,6.739999771118164,1320.0
2024-03-01 12:10:00,ELEV,4.760000228881836,4.760000228881836,4.760000228881836,4.760000228881836,4.760000228881836,590.0
2024-03-01 12:10:00,ENLV,3.319999933242798,3.319999933242798,3.319999933242798,3.319999933242798,3.319999933242798,1686.0
2024-03-01 12:10:00,ENSG,123.08000183105469,123.08000183105469,123.3499984741211,123.08000183105469,123.3499984741211,4058.0
2024-03-01 12:10:00,ENVB,1.559999942779541,1.559999942779541,1.5700000524520874,1.5499999523162842,1.559999942779541,1914.0
2024-03-01 12:10:00,EOLS,14.59000015258789,14.59000015258789,14.609999656677246,14.59000015258789,14.609999656677246,427.0
2024-03-01 12:10:00,ESPR,2.5350000858306885,2.5350000858306885,2.5350000858306885,2.5299999713897705,2.5299999713897705,856.0
2024-03-01 12:10:00,ESTA,45.98109817504883,45.98109817504883,45.98109817504883,45.900001525878906,45.900001525878906,401.0
2024-03-01 12:10:00,ETNB,12.963600158691406,12.963600158691406,12.970000267028809,12.963600158691406,12.970000267028809,799.0
2024-03-01 12:10:00,EVGN,0.9599999785423279,0.9599999785423279,0.9599999785423279,0.9599999785423279,0.9599999785423279,100.0
2024-03-01 12:10:00,EVO,7.499899864196777,7.499899864196777,7.499899864196777,7.499899864196777,7.499899864196777,200.0
2024-03-01 12:10:00,EWTX,17.014999389648438,17.014999389648438,17.030000686645508,17.014999389648438,17.020000457763672,3591.0
2024-03-01 12:10:00,EXAS,59.779998779296875,59.779998779296875,59.85499954223633,59.71500015258789,59.744998931884766,1938.0
2024-03-01 12:10:00,EXEL,22.5049991607666,22.5049991607666,22.5049991607666,22.5,22.5,1609.0
2024-03-01 12:10:00,EYPT,28.0,28.0,28.010000228881836,28.0,28.010000228881836,722.0
2024-03-01 12:10:00,FATE,7.380000114440918,7.380000114440918,7.389999866485596,7.380000114440918,7.389999866485596,3296.0
2024-03-01 12:10:00,FDMT,29.100000381469727,29.100000381469727,29.100000381469727,29.100000381469727,29.100000381469727,104.0
2024-03-01 12:10:00,FGEN,1.840000033378601,1.840000033378601,1.840000033378601,1.840000033378601,1.840000033378601,2609.0
2024-03-01 12:10:00,FLGT,23.200000762939453,23.200000762939453,23.200000762939453,23.139999389648438,23.139999389648438,2593.0
2024-03-01 12:10:00,FOLD,13.255000114440918,13.255000114440918,13.255000114440918,13.255000114440918,13.255000114440918,1691.0
2024-03-01 12:10:00,FULC,10.84280014038086,10.84280014038086,10.859999656677246,10.84280014038086,10.859999656677246,995.0
2024-03-01 12:10:00,FUSN,12.350000381469727,12.350000381469727,12.369999885559082,12.350000381469727,12.369999885559082,1490.0
2024-03-01 12:10:00,GDRX,8.34000015258789,8.34000015258789,8.34000015258789,8.34000015258789,8.34000015258789,1419.0
2024-03-01 12:10:00,GERN,2.180000066757202,2.180000066757202,2.180000066757202,2.1700000762939453,2.174999952316284,21946.0
2024-03-01 12:10:00,GH,19.2549991607666,19.2549991607666,19.2549991607666,19.2450008392334,19.2450008392334,1673.0
2024-03-01 12:10:00,GHSI,8.510000228881836,8.510000228881836,8.510000228881836,8.510000228881836,8.510000228881836,158.0
2024-03-01 12:10:00,GILD,72.19999694824219,72.19999694824219,72.20999908447266,72.19000244140625,72.19499969482422,4824.0
2024-03-01 12:10:00,GLMD,0.3949500024318695,0.3949500024318695,0.39831599593162537,0.3949500024318695,0.3970000147819519,601.0
2024-03-01 12:10:00,GLPG,35.209999084472656,35.209999084472656,35.209999084472656,35.209999084472656,35.209999084472656,105.0
2024-03-01 12:10:00,GLYC,3.005000114440918,3.005000114440918,3.0199999809265137,3.005000114440918,3.0199999809265137,200.0
2024-03-01 12:10:00,GMAB,29.350000381469727,29.350000381469727,29.350000381469727,29.350000381469727,29.350000381469727,385.0
2024-03-01 12:10:00,GMDA,0.3880000114440918,0.3880000114440918,0.3880000114440918,0.38690000772476196,0.3880000114440918,33900.0
2024-03-01 12:10:00,GOSS,1.3600000143051147,1.3600000143051147,1.3600000143051147,1.3600000143051147,1.3600000143051147,2912.0
2024-03-01 12:10:00,GRFS,7.034999847412109,7.034999847412109,7.059999942779541,7.034999847412109,7.059999942779541,3995.0
2024-03-01 12:10:00,GRPH,3.4749999046325684,3.4749999046325684,3.4749999046325684,3.4749999046325684,3.4749999046325684,100.0
2024-03-01 12:10:00,GRTS,2.2100000381469727,2.2100000381469727,2.2200000286102295,2.2100000381469727,2.2200000286102295,2226.0
2024-03-01 12:10:00,GRTX,0.23520000278949738,0.23520000278949738,0.23639999330043793,0.23520000278949738,0.23639999330043793,905.0
2024-03-01 12:10:00,GTHX,3.625,3.625,3.630000114440918,3.625,3.630000114440918,200.0
2024-03-01 12:10:00,HALO,41.470001220703125,41.470001220703125,41.475399017333984,41.40999984741211,41.43000030517578,3137.0
2024-03-01 12:10:00,HARP,22.940099716186523,22.940099716186523,22.940099716186523,22.940099716186523,22.940099716186523,7529.0
2024-03-01 12:10:00,HCAT,7.989999771118164,7.989999771118164,7.989999771118164,7.974999904632568,7.974999904632568,1194.0
2024-03-01 12:10:00,HCTI,2.499799966812134,2.499799966812134,2.499799966812134,2.4600000381469727,2.4600000381469727,7028.0
2024-03-01 12:10:00,HOLX,73.69999694824219,73.69999694824219,73.69999694824219,73.66000366210938,73.67749786376953,2135.0
2024-03-01 12:10:00,HQY,81.54000091552734,81.54000091552734,81.54000091552734,81.54000091552734,81.54000091552734,161.0
2024-03-01 12:10:00,HRMY,31.440000534057617,31.440000534057617,31.469999313354492,31.440000534057617,31.469999313354492,1095.0
2024-03-01 12:10:00,HRTX,2.5975000858306885,2.5975000858306885,2.5975000858306885,2.5975000858306885,2.5975000858306885,126.0
2024-03-01 12:10:00,HSCS,0.11819999665021896,0.11819999665021896,0.11819999665021896,0.11819999665021896,0.11819999665021896,100.0
2024-03-01 12:10:00,HSIC,76.88990020751953,76.88990020751953,76.9000015258789,76.86000061035156,76.88999938964844,1388.0
2024-03-01 12:10:00,HUMA,3.440000057220459,3.440000057220459,3.440000057220459,3.4100000858306885,3.4300999641418457,28274.0
2024-03-01 12:10:00,IART,36.439998626708984,36.439998626708984,36.459999084472656,36.439998626708984,36.459999084472656,666.0
2024-03-01 12:10:00,IBRX,4.84499979019165,4.84499979019165,4.849999904632568,4.840000152587891,4.84499979019165,4014.0
2024-03-01 12:10:00,ICLR,323.1099853515625,323.1099853515625,323.1099853515625,322.6650085449219,322.6650085449219,2073.0
2024-03-01 12:10:00,ICUI,105.95999908447266,105.95999908447266,105.95999908447266,105.90499877929688,105.90499877929688,691.0
2024-03-01 12:10:00,IDXX,581.7899780273438,581.7899780273438,581.7899780273438,581.5900268554688,581.5900268554688,1220.0
2024-03-01 12:10:00,ILMN,142.0800018310547,142.0800018310547,142.10000610351562,142.06500244140625,142.08999633789062,708.0
2024-03-01 12:10:00,IMAB,1.8300000429153442,1.8300000429153442,1.8300000429153442,1.8300000429153442,1.8300000429153442,1879.0
2024-03-01 12:10:00,IMCR,68.04000091552734,68.04000091552734,68.06999969482422,68.02999877929688,68.06999969482422,1112.0
2024-03-01 12:10:00,IMMX,3.5199999809265137,3.5199999809265137,3.5199999809265137,3.5199999809265137,3.5199999809265137,100.0
2024-03-01 12:10:00,IMNM,25.790000915527344,25.790000915527344,25.790000915527344,25.639999389648438,25.719999313354492,5625.0
2024-03-01 12:10:00,IMNN,1.090000033378601,1.090000033378601,1.090000033378601,1.090000033378601,1.090000033378601,435.0
2024-03-01 12:10:00,IMTX,12.975000381469727,12.975000381469727,12.975000381469727,12.975000381469727,12.975000381469727,125.0
2024-03-01 12:10:00,INAB,1.100000023841858,1.100000023841858,1.100000023841858,1.100000023841858,1.100000023841858,4111.0
2024-03-01 12:10:00,INBX,36.650001525878906,36.650001525878906,36.650001525878906,36.650001525878906,36.650001525878906,401.0
2024-03-01 12:10:00,INCY,58.97999954223633,58.97999954223633,58.97999954223633,58.970001220703125,58.970001220703125,402.0
2024-03-01 12:10:00,INGN,6.863999843597412,6.863999843597412,6.863999843597412,6.863999843597412,6.863999843597412,727.0
2024-03-01 12:10:00,INMB,12.0,12.0,12.0,12.0,12.0,100.0
2024-03-01 12:10:00,INMD,22.809999465942383,22.809999465942383,22.815000534057617,22.780000686645508,22.795000076293945,7932.0
2024-03-01 12:10:00,INSM,28.299999237060547,28.299999237060547,28.299999237060547,28.260000228881836,28.264999389648438,1710.0
2024-03-01 12:10:00,INVA,15.585000038146973,15.585000038146973,15.600000381469727,15.579999923706055,15.600000381469727,1308.0
2024-03-01 12:10:00,INZY,6.619999885559082,6.619999885559082,6.619999885559082,6.619900226593018,6.619900226593018,3462.0
2024-03-01 12:10:00,IONM,0.3465830087661743,0.3465830087661743,0.3465830087661743,0.3465830087661743,0.3465830087661743,103.0
2024-03-01 12:10:00,IONS,45.959999084472656,45.959999084472656,45.959999084472656,45.959999084472656,45.959999084472656,281.0
2024-03-01 12:10:00,IOVA,16.7450008392334,16.7450008392334,16.780000686645508,16.739999771118164,16.769800186157227,20771.0
2024-03-01 12:10:00,IRTC,121.16999816894531,121.16999816894531,121.19999694824219,121.16999816894531,121.19000244140625,1100.0
2024-03-01 12:10:00,IRWD,9.104999542236328,9.104999542236328,9.109999656677246,9.085000038146973,9.085000038146973,54896.0
2024-03-01 12:10:00,ISRG,394.2099914550781,394.2099914550781,394.3500061035156,394.20001220703125,394.260009765625,3532.0
2024-03-01 12:10:00,JAGX,0.0746999979019165,0.0746999979019165,0.07479999959468842,0.07320000231266022,0.07349999994039536,440508.0
2024-03-01 12:10:00,JANX,46.753299713134766,46.753299713134766,46.849998474121094,46.59270095825195,46.59270095825195,2269.0
2024-03-01 12:10:00,JAZZ,119.3550033569336,119.3550033569336,119.5999984741211,119.30999755859375,119.5999984741211,11865.0
2024-03-01 12:10:00,JSPR,21.25,21.25,21.25,20.940000534057617,20.940000534057617,541.0
2024-03-01 12:10:00,KALV,13.960000038146973,13.960000038146973,13.960000038146973,13.960000038146973,13.960000038146973,375.0
2024-03-01 12:10:00,KNTE,2.609999895095825,2.609999895095825,2.609999895095825,2.6050000190734863,2.6050000190734863,5436.0
2024-03-01 12:10:00,KOD,6.09499979019165,6.09499979019165,6.09499979019165,6.09499979019165,6.09499979019165,182.0
2024-03-01 12:10:00,KPTI,1.1950000524520874,1.1950000524520874,1.1950000524520874,1.1950000524520874,1.1950000524520874,900.0
2024-03-01 12:10:00,KRYS,167.13999938964844,167.13999938964844,167.41000366210938,167.13999938964844,167.41000366210938,715.0
2024-03-01 12:10:00,KTRA,0.09749999642372131,0.09749999642372131,0.09749999642372131,0.09749999642372131,0.09749999642372131,1209.0
2024-03-01 12:10:00,KYMR,43.95000076293945,43.95000076293945,43.95000076293945,43.95000076293945,43.95000076293945,467.0
2024-03-01 12:10:00,KZR,1.090000033378601,1.090000033378601,1.090000033378601,1.0850000381469727,1.0850000381469727,1829.0
2024-03-01 12:10:00,LAB,2.4749999046325684,2.4749999046325684,2.4749999046325684,2.4700000286102295,2.4700000286102295,3105.0
2024-03-01 12:10:00,LBPH,22.059999465942383,22.059999465942383,22.059999465942383,22.059999465942383,22.059999465942383,269.0
2024-03-01 12:10:00,LEGN,65.93499755859375,65.93499755859375,65.93499755859375,65.88999938964844,65.88999938964844,395.0
2024-03-01 12:10:00,LEXX,2.7497000694274902,2.7497000694274902,2.75,2.740000009536743,2.75,2773.0
2024-03-01 12:10:00,LFMD,7.980000019073486,7.980000019073486,7.980000019073486,7.980000019073486,7.980000019073486,213.0
2024-03-01 12:10:00,LIVN,55.53799819946289,55.53799819946289,55.540000915527344,55.53799819946289,55.540000915527344,928.0
2024-03-01 12:10:00,LNTH,65.45500183105469,65.45500183105469,65.45500183105469,65.44999694824219,65.44999694824219,415.0
2024-03-01 12:10:00,LQDA,14.369999885559082,14.369999885559082,14.369999885559082,14.3100004196167,14.3100004196167,4571.0
2024-03-01 12:10:00,LTRN,4.689899921417236,4.689899921417236,4.689899921417236,4.644999980926514,4.644999980926514,367.0
2024-03-01 12:10:00,LUNG,9.34000015258789,9.34000015258789,9.359999656677246,9.34000015258789,9.350000381469727,336.0
2024-03-01 12:10:00,LVTX,3.059999942779541,3.059999942779541,3.0899999141693115,3.009999990463257,3.055000066757202,5824.0
2024-03-01 12:10:00,LXRX,2.440000057220459,2.440000057220459,2.440999984741211,2.440000057220459,2.440999984741211,1409.0
2024-03-01 12:10:00,LYEL,3.180000066757202,3.180000066757202,3.180000066757202,3.170300006866455,3.174999952316284,670.0
2024-03-01 12:10:00,LYRA,5.599999904632568,5.599999904632568,5.619999885559082,5.59499979019165,5.59499979019165,2941.0
2024-03-01 12:10:00,MASI,127.87999725341797,127.87999725341797,127.87999725341797,127.87999725341797,127.87999725341797,135.0
2024-03-01 12:10:00,MBOT,1.2984999418258667,1.2984999418258667,1.2984999418258667,1.2899999618530273,1.2899999618530273,1508.0
2024-03-01 12:10:00,MCRB,1.190000057220459,1.190000057220459,1.1921000480651855,1.190000057220459,1.1921000480651855,586.0
2024-03-01 12:10:00,MDGL,244.33999633789062,244.33999633789062,244.97500610351562,244.33999633789062,244.97500610351562,446.0
2024-03-01 12:10:00,MDRX,6.0,6.0,6.050000190734863,6.0,6.0,6813.0
2024-03-01 12:10:00,MDXG,8.569999694824219,8.569999694824219,8.59000015258789,8.569999694824219,8.574999809265137,6821.0
2024-03-01 12:10:00,ME,0.5623000264167786,0.5623000264167786,0.5633000135421753,0.5601000189781189,0.5601999759674072,56587.0
2024-03-01 12:10:00,MEDP,399.7550048828125,399.7550048828125,399.7550048828125,399.7550048828125,399.7550048828125,497.0
2024-03-01 12:10:00,MGNX,18.8700008392334,18.8700008392334,18.8700008392334,18.8700008392334,18.8700008392334,513.0
2024-03-01 12:10:00,MIST,1.705299973487854,1.705299973487854,1.705299973487854,1.705299973487854,1.705299973487854,425.0
2024-03-01 12:10:00,MLTX,51.849998474121094,51.849998474121094,51.849998474121094,51.79999923706055,51.79999923706055,1464.0
2024-03-01 12:10:00,MNKD,4.534999847412109,4.534999847412109,4.539999961853027,4.534999847412109,4.534999847412109,1294.0
2024-03-01 12:10:00,MNMD,6.170000076293945,6.170000076293945,6.179999828338623,6.170000076293945,6.178599834442139,615.0
2024-03-01 12:10:00,MNPR,0.8399999737739563,0.8399999737739563,0.8399999737739563,0.823199987411499,0.823199987411499,866.0
2024-03-01 12:10:00,MODD,1.909999966621399,1.909999966621399,1.909999966621399,1.909999966621399,1.909999966621399,100.0
2024-03-01 12:10:00,MOR,17.579999923706055,17.579999923706055,17.579999923706055,17.579999923706055,17.579999923706055,209.0
2024-03-01 12:10:00,MORF,39.051998138427734,39.051998138427734,39.09000015258789,39.051998138427734,39.060001373291016,1048.0
2024-03-01 12:10:00,MREO,3.865000009536743,3.865000009536743,3.865000009536743,3.858799934387207,3.865000009536743,13794.0
2024-03-01 12:10:00,MRNA,96.20999908447266,96.20999908447266,96.27999877929688,96.19000244140625,96.22799682617188,7546.0
2024-03-01 12:10:00,MRSN,5.914999961853027,5.914999961853027,5.945000171661377,5.914999961853027,5.934999942779541,9927.0
2024-03-01 12:10:00,MRUS,51.595001220703125,51.595001220703125,51.625,51.595001220703125,51.61000061035156,1708.0
2024-03-01 12:10:00,MRVI,7.84499979019165,7.84499979019165,7.849999904632568,7.840000152587891,7.840000152587891,2471.0
2024-03-01 12:10:00,MXCT,4.730000019073486,4.730000019073486,4.739999771118164,4.730000019073486,4.739999771118164,326.0
2024-03-01 12:10:00,MYGN,21.575000762939453,21.575000762939453,21.575000762939453,21.575000762939453,21.575000762939453,334.0
2024-03-01 12:10:00,NBIX,131.44000244140625,131.44000244140625,131.44000244140625,131.43499755859375,131.43499755859375,575.0
2024-03-01 12:10:00,NEO,16.040000915527344,16.040000915527344,16.049999237060547,16.040000915527344,16.040000915527344,1944.0
2024-03-01 12:10:00,NEOG,17.299999237060547,17.299999237060547,17.299999237060547,17.295000076293945,17.295000076293945,2755.0
2024-03-01 12:10:00,NERV,2.5299999713897705,2.5299999713897705,2.5299999713897705,2.5299999713897705,2.5299999713897705,304.0
2024-03-01 12:10:00,NGM,1.5299999713897705,1.5299999713897705,1.5299999713897705,1.5299999713897705,1.5299999713897705,1045.0
2024-03-01 12:10:00,NKTR,0.7749000191688538,0.7749000191688538,0.7749000191688538,0.7749000191688538,0.7749000191688538,200.0
2024-03-01 12:10:00,NKTX,12.84000015258789,12.84000015258789,12.84000015258789,12.84000015258789,12.84000015258789,219.0
2024-03-01 12:10:00,NNOX,11.140000343322754,11.140000343322754,11.140000343322754,11.140000343322754,11.140000343322754,435.0
2024-03-01 12:10:00,NOTV,8.039999961853027,8.039999961853027,8.050000190734863,8.039999961853027,8.050000190734863,313.0
2024-03-01 12:10:00,NRIX,13.380000114440918,13.380000114440918,13.380000114440918,13.380000114440918,13.380000114440918,182.0
2024-03-01 12:10:00,NRSN,2.0899999141693115,2.0899999141693115,2.0899999141693115,2.0710999965667725,2.0799999237060547,10586.0
2024-03-01 12:10:00,NRXP,0.4099999964237213,0.4099999964237213,0.41990000009536743,0.4099999964237213,0.4169999957084656,2190.0
2024-03-01 12:10:00,NTLA,33.45000076293945,33.45000076293945,33.45000076293945,33.45000076293945,33.45000076293945,212.0
2024-03-01 12:10:00,NTRA,88.9000015258789,88.9000015258789,88.94999694824219,88.88999938964844,88.94999694824219,1907.0
2024-03-01 12:10:00,NUTX,0.11320000141859055,0.11320000141859055,0.11320000141859055,0.11320000141859055,0.11320000141859055,520.0
2024-03-01 12:10:00,NUVL,87.63999938964844,87.63999938964844,87.63999938964844,87.63999938964844,87.63999938964844,189.0
2024-03-01 12:10:00,NVAX,5.130199909210205,5.130199909210205,5.130199909210205,5.12939977645874,5.130000114440918,12659.0
2024-03-01 12:10:00,NVCR,15.949999809265137,15.949999809265137,15.949999809265137,15.90999984741211,15.90999984741211,1769.0
2024-03-01 12:10:00,OCGN,0.9366999864578247,0.9366999864578247,0.9399999976158142,0.9366999864578247,0.9383500218391418,3383.0
2024-03-01 12:10:00,OCUL,10.694999694824219,10.694999694824219,10.699999809265137,10.691800117492676,10.694999694824219,1280.0
2024-03-01 12:10:00,OCUP,2.490000009536743,2.490000009536743,2.490000009536743,2.490000009536743,2.490000009536743,1000.0
2024-03-01 12:10:00,OGI,2.1649999618530273,2.1649999618530273,2.1649999618530273,2.1649999618530273,2.1649999618530273,272.0
2024-03-01 12:10:00,OLK,22.594999313354492,22.594999313354492,22.600000381469727,22.594999313354492,22.600000381469727,1464.0
2024-03-01 12:10:00,OLMA,13.954999923706055,13.954999923706055,13.989999771118164,13.927800178527832,13.949999809265137,2521.0
2024-03-01 12:10:00,OM,3.1549999713897705,3.1549999713897705,3.1549999713897705,3.1549999713897705,3.1549999713897705,1037.0
2024-03-01 12:10:00,OMER,4.738699913024902,4.738699913024902,4.738699913024902,4.738699913024902,4.738699913024902,189.0
2024-03-01 12:10:00,OMGA,4.184999942779541,4.184999942779541,4.190000057220459,4.179999828338623,4.184999942779541,2594.0
2024-03-01 12:11:00,ABCL,5.215000152587891,5.215000152587891,5.215000152587891,5.215000152587891,5.215000152587891,556.0
2024-03-01 12:11:00,ABEO,7.695000171661377,7.695000171661377,7.695000171661377,7.695000171661377,7.695000171661377,100.0
2024-03-01 12:11:00,ABSI,5.25,5.25,5.260000228881836,5.239999771118164,5.244999885559082,11442.0
2024-03-01 12:11:00,ABUS,2.7699999809265137,2.7699999809265137,2.7750000953674316,2.7699999809265137,2.7750000953674316,5126.0
2024-03-01 12:11:00,ACAD,23.809999465942383,23.809999465942383,23.809999465942383,23.799999237060547,23.799999237060547,4191.0
2024-03-01 12:11:00,ACB,3.190000057220459,3.190000057220459,3.194999933242798,3.1800999641418457,3.1800999641418457,3569.0
2024-03-01 12:11:00,ACCD,10.239999771118164,10.239999771118164,10.239999771118164,10.229999542236328,10.229999542236328,1285.0
2024-03-01 12:11:00,ACET,2.390000104904175,2.390000104904175,2.390000104904175,2.384999990463257,2.384999990463257,200.0
2024-03-01 12:11:00,ACIU,3.8299999237060547,3.8299999237060547,3.8299999237060547,3.797600030899048,3.799999952316284,2941.0
2024-03-01 12:11:00,ACLX,67.27999877929688,67.27999877929688,67.27999877929688,67.27999877929688,67.27999877929688,358.0
2024-03-01 12:11:00,ACON,0.38999998569488525,0.38999998569488525,0.38999998569488525,0.38749998807907104,0.38999998569488525,7101.0
2024-03-01 12:11:00,ACRS,1.2400000095367432,1.2400000095367432,1.2400000095367432,1.2350000143051147,1.2400000095367432,1820.0
2024-03-01 12:11:00,ADIL,3.101799964904785,3.101799964904785,3.119999885559082,3.049999952316284,3.049999952316284,55425.0
2024-03-01 12:11:00,ADMA,5.369999885559082,5.369999885559082,5.369999885559082,5.364999771118164,5.364999771118164,11421.0
2024-03-01 12:11:00,ADPT,4.179999828338623,4.179999828338623,4.1809000968933105,4.173999786376953,4.173999786376953,4592.0
2024-03-01 12:11:00,ADVM,1.9550000429153442,1.9550000429153442,1.9550000429153442,1.9500000476837158,1.9550000429153442,636.0
2024-03-01 12:11:00,AFMD,0.625,0.625,0.625,0.6209999918937683,0.6209999918937683,1168.0
2024-03-01 12:11:00,AGEN,0.673999011516571,0.673999011516571,0.6740990281105042,0.673999011516571,0.6740990281105042,11668.0
2024-03-01 12:11:00,AGIO,32.89500045776367,32.89500045776367,32.89500045776367,32.85499954223633,32.85499954223633,637.0
2024-03-01 12:11:00,AGRX,0.8499000072479248,0.8499000072479248,0.8499000072479248,0.8499000072479248,0.8499000072479248,190.0
2024-03-01 12:11:00,AHCO,10.835000038146973,10.835000038146973,10.835000038146973,10.8100004196167,10.8100004196167,2533.0
2024-03-01 12:11:00,AIMD,0.9700000286102295,0.9700000286102295,0.9700000286102295,0.9700000286102295,0.9700000286102295,110.0
2024-03-01 12:11:00,AIRS,6.46999979019165,6.46999979019165,6.46999979019165,6.440000057220459,6.440000057220459,305.0
2024-03-01 12:11:00,AKBA,1.6799999475479126,1.6799999475479126,1.6799999475479126,1.6753000020980835,1.6799999475479126,2542.0
2024-03-01 12:11:00,AKRO,30.010000228881836,30.010000228881836,30.020000457763672,29.950000762939453,29.950000762939453,10466.0
2024-03-01 12:11:00,ALDX,4.119900226593018,4.119900226593018,4.119999885559082,4.104899883270264,4.104899883270264,2007.0
2024-03-01 12:11:00,ALEC,7.454999923706055,7.454999923706055,7.460000038146973,7.449999809265137,7.460000038146973,1986.0
2024-03-01 12:11:00,ALGN,302.9049987792969,302.9049987792969,302.9049987792969,302.9049987792969,302.9049987792969,409.0
2024-03-01 12:11:00,ALHC,5.715000152587891,5.715000152587891,5.715000152587891,5.710000038146973,5.710000038146973,1504.0
2024-03-01 12:11:00,ALKS,30.200000762939453,30.200000762939453,30.204999923706055,30.200000762939453,30.204999923706055,420.0
2024-03-01 12:11:00,ALLK,1.6074999570846558,1.6074999570846558,1.6074999570846558,1.6074999570846558,1.6074999570846558,110.0
2024-03-01 12:11:00,ALLO,5.045000076293945,5.045000076293945,5.045000076293945,5.039999961853027,5.039999961853027,2881.0
2024-03-01 12:11:00,ALNY,153.85000610351562,153.85000610351562,153.85000610351562,153.69000244140625,153.69000244140625,1569.0
2024-03-01 12:11:00,ALPN,35.834999084472656,35.834999084472656,35.834999084472656,35.834999084472656,35.834999084472656,329.0
2024-03-01 12:11:00,ALT,12.029999732971191,12.029999732971191,12.029999732971191,11.989999771118164,11.996999740600586,3085.0
2024-03-01 12:11:00,ALVO,15.65999984741211,15.65999984741211,15.65999984741211,15.65999984741211,15.65999984741211,337.0
2024-03-01 12:11:00,ALVR,0.7554000020027161,0.7554000020027161,0.7554000020027161,0.7548999786376953,0.7548999786376953,1270.0
2024-03-01 12:11:00,ALZN,0.9065999984741211,0.9065999984741211,0.9065999984741211,0.9065999984741211,0.9065999984741211,215.0
2024-03-01 12:11:00,AMED,93.22000122070312,93.22000122070312,93.27999877929688,93.20500183105469,93.27999877929688,1272.0
2024-03-01 12:11:00,AMGN,281.80999755859375,281.80999755859375,281.92498779296875,281.80999755859375,281.81500244140625,7974.0
2024-03-01 12:11:00,AMLX,18.81999969482422,18.81999969482422,18.81999969482422,18.78499984741211,18.78499984741211,1864.0
2024-03-01 12:11:00,AMPH,45.45000076293945,45.45000076293945,45.521400451660156,45.45000076293945,45.521400451660156,1952.0
2024-03-01 12:11:00,AMRN,1.0499999523162842,1.0499999523162842,1.0566999912261963,1.0499999523162842,1.0499999523162842,3140.0
2024-03-01 12:11:00,ANAB,25.360000610351562,25.360000610351562,25.360000610351562,25.360000610351562,25.360000610351562,190.0
2024-03-01 12:11:00,ANGO,5.489999771118164,5.489999771118164,5.489999771118164,5.489999771118164,5.489999771118164,1736.0
2024-03-01 12:11:00,ANIP,66.05500030517578,66.05500030517578,66.05500030517578,66.05500030517578,66.05500030517578,960.0
2024-03-01 12:11:00,ANIX,3.5250000953674316,3.5250000953674316,3.5250000953674316,3.5250000953674316,3.5250000953674316,100.0
2024-03-01 12:11:00,ANNX,5.900000095367432,5.900000095367432,5.900000095367432,5.869999885559082,5.869999885559082,6161.0
2024-03-01 12:11:00,ANTX,3.028899908065796,3.028899908065796,3.028899908065796,3.028899908065796,3.028899908065796,201.0
2024-03-01 12:11:00,APLS,65.34500122070312,65.34500122070312,65.3499984741211,65.2677001953125,65.2677001953125,2255.0
2024-03-01 12:11:00,APLT,7.110000133514404,7.110000133514404,7.110000133514404,7.090000152587891,7.110000133514404,3300.0
2024-03-01 12:11:00,APVO,0.16030000150203705,0.16030000150203705,0.16030000150203705,0.16019999980926514,0.16019999980926514,1508.0
2024-03-01 12:11:00,AQST,4.309999942779541,4.309999942779541,4.309999942779541,4.289999961853027,4.289999961853027,6070.0
2024-03-01 12:11:00,ARAY,2.6500000953674316,2.6500000953674316,2.6500000953674316,2.6389999389648438,2.640000104904175,2788.0
2024-03-01 12:11:00,ARCT,39.68000030517578,39.68000030517578,39.68000030517578,39.68000030517578,39.68000030517578,481.0
2024-03-01 12:11:00,ARDX,9.654999732971191,9.654999732971191,9.65999984741211,9.649999618530273,9.649999618530273,2722.0
2024-03-01 12:11:00,ARQT,11.524999618530273,11.524999618530273,11.524999618530273,11.505000114440918,11.510000228881836,4659.0
2024-03-01 12:11:00,ARVN,48.97999954223633,48.97999954223633,49.0099983215332,48.93000030517578,48.93000030517578,2839.0
2024-03-01 12:11:00,ARWR,35.084999084472656,35.084999084472656,35.084999084472656,35.040000915527344,35.040000915527344,3277.0
2024-03-01 12:11:00,ASND,150.18499755859375,150.18499755859375,150.40789794921875,150.00999450683594,150.1750030517578,625.0
2024-03-01 12:11:00,ASRT,0.9247999787330627,0.9247999787330627,0.9247999787330627,0.9200000166893005,0.9200000166893005,1699.0
2024-03-01 12:11:00,ATAI,2.109999895095825,2.109999895095825,2.109999895095825,2.0999999046325684,2.0999999046325684,3493.0
2024-03-01 12:11:00,ATEC,13.59000015258789,13.59000015258789,13.59000015258789,13.574999809265137,13.574999809265137,5355.0
2024-03-01 12:11:00,ATHA,3.9549999237060547,3.9549999237060547,3.9549999237060547,3.9549999237060547,3.9549999237060547,232.0
2024-03-01 12:11:00,ATRA,0.794700026512146,0.794700026512146,0.794700026512146,0.794700026512146,0.794700026512146,225.0
2024-03-01 12:11:00,ATRC,36.0099983215332,36.0099983215332,36.0099983215332,36.0099983215332,36.0099983215332,797.0
2024-03-01 12:11:00,ATXI,0.15389999747276306,0.15389999747276306,0.15399999916553497,0.15360000729560852,0.15360000729560852,11900.0
2024-03-01 12:11:00,ATXS,15.0649995803833,15.0649995803833,15.079999923706055,15.0,15.015000343322754,7543.0
2024-03-01 12:11:00,AUGX,4.599999904632568,4.599999904632568,4.599999904632568,4.599999904632568,4.599999904632568,300.0
2024-03-01 12:11:00,AUPH,5.820000171661377,5.820000171661377,5.820000171661377,5.800000190734863,5.800000190734863,8238.0
2024-03-01 12:11:00,AUTL,6.304999828338623,6.304999828338623,6.320000171661377,6.269999980926514,6.289999961853027,23692.0
2024-03-01 12:11:00,AVDL,13.0,13.0,13.010000228881836,12.9399995803833,12.9399995803833,10944.0
2024-03-01 12:11:00,AVRO,1.3350000381469727,1.3350000381469727,1.3350000381469727,1.3350000381469727,1.3350000381469727,100.0
2024-03-01 12:11:00,AVXL,5.349999904632568,5.349999904632568,5.349999904632568,5.340000152587891,5.340000152587891,7003.0
2024-03-01 12:11:00,AXGN,10.5,10.5,10.5,10.479999542236328,10.479999542236328,626.0
2024-03-01 12:11:00,AXNX,67.37000274658203,67.37000274658203,67.3949966430664,67.33000183105469,67.33000183105469,4273.0
2024-03-01 12:11:00,AXSM,81.81999969482422,81.81999969482422,81.81999969482422,81.80999755859375,81.80999755859375,965.0
2024-03-01 12:11:00,AZN,64.7699966430664,64.7699966430664,64.7699966430664,64.74369812011719,64.75,5271.0
2024-03-01 12:11:00,AZTA,66.63500213623047,66.63500213623047,66.63500213623047,66.63500213623047,66.63500213623047,157.0
2024-03-01 12:11:00,BBIO,36.060001373291016,36.060001373291016,36.064998626708984,36.02000045776367,36.02000045776367,945.0
2024-03-01 12:11:00,BBLG,2.2509000301361084,2.2509000301361084,2.2899999618530273,2.2509000301361084,2.2899999618530273,3390.0
2024-03-01 12:11:00,BCAB,2.734999895095825,2.734999895095825,2.740000009536743,2.734999895095825,2.740000009536743,368.0
2024-03-01 12:11:00,BCDA,0.5699999928474426,0.5699999928474426,0.5699999928474426,0.5699999928474426,0.5699999928474426,1599.0
2024-03-01 12:11:00,BCRX,5.755000114440918,5.755000114440918,5.759699821472168,5.755000114440918,5.755000114440918,3143.0
2024-03-01 12:11:00,BDTX,5.039999961853027,5.039999961853027,5.039999961853027,5.03000020980835,5.03000020980835,210.0
2024-03-01 12:11:00,BEAM,40.099998474121094,40.099998474121094,40.099998474121094,40.025001525878906,40.040000915527344,2951.0
2024-03-01 12:11:00,BIIB,219.9600067138672,219.9600067138672,220.14999389648438,219.85000610351562,220.14999389648438,1066.0
2024-03-01 12:11:00,BIMI,3.7899999618530273,3.7899999618530273,3.7899999618530273,3.7899999618530273,3.7899999618530273,108.0
2024-03-01 12:11:00,BIVI,1.8598999977111816,1.8598999977111816,1.8600000143051147,1.8300000429153442,1.843999981880188,104943.0
2024-03-01 12:11:00,BLFS,18.25,18.25,18.25,18.219999313354492,18.219999313354492,796.0
2024-03-01 12:11:00,BLUE,1.5850000381469727,1.5850000381469727,1.590000033378601,1.5800000429153442,1.5850000381469727,17679.0
2024-03-01 12:11:00,BMEA,17.889999389648438,17.889999389648438,17.90999984741211,17.889999389648438,17.90999984741211,1380.0
2024-03-01 12:11:00,BMRN,87.01000213623047,87.01000213623047,87.01000213623047,86.98999786376953,86.98999786376953,639.0
2024-03-01 12:11:00,BNGO,1.25,1.25,1.2549999952316284,1.25,1.2549999952316284,3876.0
2024-03-01 12:11:00,BPMC,97.61499786376953,97.61499786376953,97.61499786376953,97.55999755859375,97.55999755859375,2318.0
2024-03-01 12:11:00,BRKR,87.91500091552734,87.91500091552734,87.93000030517578,87.91500091552734,87.93000030517578,1909.0
2024-03-01 12:11:00,BRTX,1.5298999547958374,1.5298999547958374,1.5298999547958374,1.5298999547958374,1.5298999547958374,121.0
2024-03-01 12:11:00,BTMD,6.090000152587891,6.090000152587891,6.090000152587891,6.090000152587891,6.090000152587891,186.0
2024-03-01 12:11:00,BTTX,0.17010000348091125,0.17010000348091125,0.17010000348091125,0.17010000348091125,0.17010000348091125,5500.0
2024-03-01 12:11:00,BWAY,6.53000020980835,6.53000020980835,6.53000020980835,6.53000020980835,6.53000020980835,100.0
2024-03-01 12:11:00,CABA,24.0,24.0,24.010000228881836,24.0,24.0,2047.0
2024-03-01 12:11:00,CADL,1.7467999458312988,1.7467999458312988,1.7467999458312988,1.7100000381469727,1.7100000381469727,450.0
2024-03-01 12:11:00,CARA,0.9100000262260437,0.9100000262260437,0.9100000262260437,0.9099000096321106,0.9099000096321106,1943.0
2024-03-01 12:11:00,CBAY,32.25,32.25,32.25,32.244998931884766,32.244998931884766,2010.0
2024-03-01 12:11:00,CCCC,10.895000457763672,10.895000457763672,10.899999618530273,10.875,10.875,1527.0
2024-03-01 12:11:00,CCRN,18.219999313354492,18.219999313354492,18.219999313354492,18.219999313354492,18.219999313354492,100.0
2024-03-01 12:11:00,CDMO,8.145000457763672,8.145000457763672,8.145000457763672,8.100000381469727,8.109999656677246,4547.0
2024-03-01 12:11:00,CDNA,12.609999656677246,12.609999656677246,12.609999656677246,12.579999923706055,12.579999923706055,1396.0
2024-03-01 12:11:00,CDXS,4.545000076293945,4.545000076293945,4.545000076293945,4.5395002365112305,4.5395002365112305,1115.0
2024-03-01 12:11:00,CELU,3.558199882507324,3.558199882507324,3.558199882507324,3.558199882507324,3.558199882507324,200.0
2024-03-01 12:11:00,CERE,41.099998474121094,41.099998474121094,41.11000061035156,41.099998474121094,41.10499954223633,2544.0
2024-03-01 12:11:00,CERS,2.2200000286102295,2.2200000286102295,2.2200000286102295,2.2100000381469727,2.2100000381469727,11827.0
2024-03-01 12:11:00,CERT,17.559999465942383,17.559999465942383,17.56999969482422,17.559999465942383,17.56999969482422,619.0
2024-03-01 12:11:00,CGC,3.2799999713897705,3.2799999713897705,3.2799999713897705,3.255000114440918,3.255000114440918,12240.0
2024-03-01 12:11:00,CGTX,2.0399999618530273,2.0399999618530273,2.0399999618530273,2.0399999618530273,2.0399999618530273,2250.0
2024-03-01 12:11:00,CHRS,2.3701000213623047,2.3701000213623047,2.375,2.3698999881744385,2.369999885559082,13423.0
2024-03-01 12:11:00,CING,1.3557000160217285,1.3557000160217285,1.3557000160217285,1.3557000160217285,1.3557000160217285,206.0
2024-03-01 12:11:00,CKPT,2.2009999752044678,2.2009999752044678,2.2009999752044678,2.2009999752044678,2.2009999752044678,175.0
2024-03-01 12:11:00,CLDX,51.619998931884766,51.619998931884766,51.66999816894531,51.61000061035156,51.66999816894531,1289.0
2024-03-01 12:11:00,CLLS,2.579900026321411,2.579900026321411,2.579900026321411,2.579900026321411,2.579900026321411,170.0
2024-03-01 12:11:00,CLOV,0.8626999855041504,0.8626999855041504,0.8632000088691711,0.8626999855041504,0.8632000088691711,3629.0
2024-03-01 12:11:00,CLRB,4.099999904632568,4.099999904632568,4.099999904632568,4.099999904632568,4.099999904632568,700.0
2024-03-01 12:11:00,CLSD,1.3996000289916992,1.3996000289916992,1.399999976158142,1.3996000289916992,1.399999976158142,1224.0
2024-03-01 12:11:00,CMPS,11.430000305175781,11.430000305175781,11.430000305175781,11.399999618530273,11.399999618530273,593.0
2024-03-01 12:11:00,CMRX,1.1399999856948853,1.1399999856948853,1.1399999856948853,1.1349999904632568,1.1349999904632568,669.0
2024-03-01 12:11:00,COGT,7.195000171661377,7.195000171661377,7.195000171661377,7.184999942779541,7.190000057220459,8880.0
2024-03-01 12:11:00,CORT,23.75,23.75,23.75,23.75,23.75,350.0
2024-03-01 12:11:00,CPRX,17.104999542236328,17.104999542236328,17.1299991607666,17.104700088500977,17.1299991607666,5133.0
2024-03-01 12:11:00,CPSI,9.260000228881836,9.260000228881836,9.260000228881836,9.260000228881836,9.260000228881836,112.0
2024-03-01 12:11:00,CRBP,32.099998474121094,32.099998474121094,32.099998474121094,32.099998474121094,32.099998474121094,132.0
2024-03-01 12:11:00,CRBU,8.020000457763672,8.020000457763672,8.020000457763672,7.994999885559082,8.0,5544.0
2024-03-01 12:11:00,CRDF,2.259999990463257,2.259999990463257,2.259999990463257,2.2200000286102295,2.2200000286102295,22768.0
2024-03-01 12:11:00,CRDL,1.961400032043457,1.961400032043457,1.961400032043457,1.961400032043457,1.961400032043457,550.0
2024-03-01 12:11:00,CRNX,46.01250076293945,46.01250076293945,46.040000915527344,46.0,46.03499984741211,1259.0
2024-03-01 12:11:00,CRON,2.059000015258789,2.059000015258789,2.059000015258789,2.050100088119507,2.050100088119507,5951.0
2024-03-01 12:11:00,CRSP,85.30999755859375,85.30999755859375,85.30999755859375,85.22489929199219,85.22489929199219,1182.0
2024-03-01 12:11:00,CRVS,2.259999990463257,2.259999990463257,2.259999990463257,2.259999990463257,2.259999990463257,1675.0
2024-03-01 12:11:00,CSTL,20.450000762939453,20.450000762939453,20.459999084472656,20.270000457763672,20.270000457763672,2187.0
2024-03-01 12:11:00,CTKB,8.587499618530273,8.587499618530273,8.59000015258789,8.579999923706055,8.579999923706055,1741.0
2024-03-01 12:11:00,CTMX,2.6500000953674316,2.6500000953674316,2.6500000953674316,2.63070011138916,2.6500000953674316,5252.0
2024-03-01 12:11:00,CUTR,2.4100000858306885,2.4100000858306885,2.4100000858306885,2.4049999713897705,2.4049999713897705,1601.0
2024-03-01 12:11:00,CVRX,20.40999984741211,20.40999984741211,20.40999984741211,20.40999984741211,20.40999984741211,243.0
2024-03-01 12:11:00,CYTK,73.66500091552734,73.66500091552734,73.72000122070312,73.61000061035156,73.62000274658203,3977.0
2024-03-01 12:11:00,DARE,0.5601000189781189,0.5601000189781189,0.5601000189781189,0.5601000189781189,0.5601000189781189,300.0
2024-03-01 12:11:00,DCGO,4.130000114440918,4.130000114440918,4.130000114440918,4.130000114440918,4.130000114440918,150.0
2024-03-01 12:11:00,DCPH,17.467300415039062,17.467300415039062,17.467300415039062,17.454999923706055,17.454999923706055,1007.0
2024-03-01 12:11:00,DH,9.020000457763672,9.020000457763672,9.020000457763672,9.020000457763672,9.020000457763672,136.0
2024-03-01 12:11:00,DMTK,0.8713430166244507,0.8713430166244507,0.8715000152587891,0.8713430166244507,0.871399998664856,1705.0
2024-03-01 12:11:00,DNLI,20.8799991607666,20.8799991607666,20.8799991607666,20.815000534057617,20.825000762939453,2791.0
2024-03-01 12:11:00,DTIL,12.182299613952637,12.182299613952637,12.239999771118164,12.170000076293945,12.170000076293945,404.0
2024-03-01 12:11:00,DVAX,12.895000457763672,12.895000457763672,12.895000457763672,12.880000114440918,12.880000114440918,1165.0
2024-03-01 12:11:00,DXCM,121.29499816894531,121.29499816894531,121.33000183105469,121.08999633789062,121.16000366210938,16190.0
2024-03-01 12:11:00,DYN,28.6200008392334,28.6200008392334,28.770000457763672,28.6200008392334,28.6200008392334,704.0
2024-03-01 12:11:00,EDIT,10.889399528503418,10.889399528503418,10.890000343322754,10.869999885559082,10.869999885559082,3224.0
2024-03-01 12:11:00,EGRX,6.740099906921387,6.740099906921387,6.75,6.740099906921387,6.75,1210.0
2024-03-01 12:11:00,ELEV,4.760000228881836,4.760000228881836,4.789999961853027,4.75,4.755000114440918,2399.0
2024-03-01 12:11:00,ELOX,0.8700000047683716,0.8700000047683716,0.8700000047683716,0.8700000047683716,0.8700000047683716,503.0
2024-03-01 12:11:00,EMBC,14.300000190734863,14.300000190734863,14.300000190734863,14.300000190734863,14.300000190734863,370.0
2024-03-01 12:11:00,ENSG,123.16000366210938,123.16000366210938,123.16000366210938,123.16000366210938,123.16000366210938,301.0
2024-03-01 12:11:00,ENTA,15.300000190734863,15.300000190734863,15.300000190734863,15.300000190734863,15.300000190734863,304.0
2024-03-01 12:11:00,ENVB,1.5700000524520874,1.5700000524520874,1.5700000524520874,1.5499999523162842,1.5549999475479126,6798.0
2024-03-01 12:11:00,EOLS,14.619999885559082,14.619999885559082,14.619999885559082,14.609999656677246,14.609999656677246,1760.0
2024-03-01 12:11:00,ESPR,2.5350000858306885,2.5350000858306885,2.537899971008301,2.5299999713897705,2.5299999713897705,2599.0
2024-03-01 12:11:00,ESTA,45.900001525878906,45.900001525878906,45.9900016784668,45.900001525878906,45.9900016784668,404.0
2024-03-01 12:11:00,ETNB,12.989999771118164,12.989999771118164,13.0,12.979999542236328,12.979999542236328,1336.0
2024-03-01 12:11:00,EVGN,0.9599999785423279,0.9599999785423279,0.9599999785423279,0.9599999785423279,0.9599999785423279,454.0
2024-03-01 12:11:00,EWTX,17.014999389648438,17.014999389648438,17.014999389648438,17.014999389648438,17.014999389648438,572.0
2024-03-01 12:11:00,EXAI,6.800000190734863,6.800000190734863,6.807000160217285,6.800000190734863,6.807000160217285,1595.0
2024-03-01 12:11:00,EXAS,59.790000915527344,59.790000915527344,59.834999084472656,59.790000915527344,59.810001373291016,1930.0
2024-03-01 12:11:00,EXEL,22.514999389648438,22.514999389648438,22.514999389648438,22.5049991607666,22.5049991607666,2016.0
2024-03-01 12:11:00,EYEN,2.299999952316284,2.299999952316284,2.309999942779541,2.299999952316284,2.299999952316284,17512.0
2024-03-01 12:11:00,EYPT,28.0,28.0,28.059999465942383,28.0,28.020000457763672,2597.0
2024-03-01 12:11:00,FATE,7.40500020980835,7.40500020980835,7.40500020980835,7.380000114440918,7.380000114440918,1966.0
2024-03-01 12:11:00,FBIO,2.247999906539917,2.247999906539917,2.247999906539917,2.247999906539917,2.247999906539917,500.0
2024-03-01 12:11:00,FDMT,29.170000076293945,29.170000076293945,29.170000076293945,29.09000015258789,29.100000381469727,3699.0
2024-03-01 12:11:00,FGEN,1.840000033378601,1.840000033378601,1.840000033378601,1.840000033378601,1.840000033378601,994.0
2024-03-01 12:11:00,FHTX,8.100000381469727,8.100000381469727,8.100000381469727,8.100000381469727,8.100000381469727,202.0
2024-03-01 12:11:00,FOLD,13.265000343322754,13.265000343322754,13.274999618530273,13.255000114440918,13.260000228881836,8539.0
2024-03-01 12:11:00,FUSN,12.329999923706055,12.329999923706055,12.350000381469727,12.29800033569336,12.350000381469727,5050.0
2024-03-01 12:11:00,GANX,4.642000198364258,4.642000198364258,4.642000198364258,4.642000198364258,4.642000198364258,1000.0
2024-03-01 12:11:00,GDRX,8.319999694824219,8.319999694824219,8.350000381469727,8.319999694824219,8.34000015258789,8151.0
2024-03-01 12:11:00,GERN,2.190000057220459,2.190000057220459,2.190000057220459,2.1700000762939453,2.180000066757202,264425.0
2024-03-01 12:11:00,GH,19.274999618530273,19.274999618530273,19.274999618530273,19.270000457763672,19.270000457763672,558.0
2024-03-01 12:11:00,GHSI,8.479999542236328,8.479999542236328,8.65999984741211,8.479999542236328,8.65999984741211,1957.0
2024-03-01 12:11:00,GILD,72.2300033569336,72.2300033569336,72.23500061035156,72.19000244140625,72.20500183105469,8057.0
2024-03-01 12:11:00,GMAB,29.3700008392334,29.3700008392334,29.3700008392334,29.360000610351562,29.360000610351562,908.0
2024-03-01 12:11:00,GMDA,0.38749998807907104,0.38749998807907104,0.3880000114440918,0.38690000772476196,0.3880000114440918,2707.0
2024-03-01 12:11:00,GOSS,1.3600000143051147,1.3600000143051147,1.3650000095367432,1.3600000143051147,1.3600000143051147,1614.0
2024-03-01 12:11:00,GRFS,7.050000190734863,7.050000190734863,7.050000190734863,7.039999961853027,7.039999961853027,6049.0
2024-03-01 12:11:00,GRTS,2.2049999237060547,2.2049999237060547,2.2149999141693115,2.2049999237060547,2.2100000381469727,3348.0
2024-03-01 12:11:00,GRTX,0.23510000109672546,0.23510000109672546,0.23510000109672546,0.23510000109672546,0.23510000109672546,525.0
2024-03-01 12:11:00,GTHX,3.6449999809265137,3.6449999809265137,3.6449999809265137,3.630000114440918,3.630000114440918,1632.0
2024-03-01 12:11:00,HALO,41.547000885009766,41.547000885009766,41.560001373291016,41.47999954223633,41.47999954223633,4975.0
2024-03-01 12:11:00,HARP,22.940000534057617,22.940000534057617,22.950000762939453,22.940000534057617,22.950000762939453,295.0
2024-03-01 12:11:00,HCSG,12.645000457763672,12.645000457763672,12.645000457763672,12.625,12.625,2318.0
2024-03-01 12:11:00,HCTI,2.430000066757202,2.430000066757202,2.4999001026153564,2.430000066757202,2.490000009536743,7182.0
2024-03-01 12:11:00,HITI,1.7740999460220337,1.7740999460220337,1.7740999460220337,1.7740999460220337,1.7740999460220337,504.0
2024-03-01 12:11:00,HLTH,0.27480000257492065,0.27480000257492065,0.27480000257492065,0.27239999175071716,0.27239999175071716,2000.0
2024-03-01 12:11:00,HOLX,73.69999694824219,73.69999694824219,73.69999694824219,73.69000244140625,73.69000244140625,656.0
2024-03-01 12:11:00,HOWL,6.934999942779541,6.934999942779541,6.934999942779541,6.934999942779541,6.934999942779541,816.0
2024-03-01 12:11:00,HQY,81.66999816894531,81.66999816894531,81.68000030517578,81.66000366210938,81.66000366210938,1169.0
2024-03-01 12:11:00,HRTX,2.6029999256134033,2.6029999256134033,2.6029999256134033,2.5950000286102295,2.5950000286102295,22674.0
2024-03-01 12:11:00,HSCS,0.11829999834299088,0.11829999834299088,0.11829999834299088,0.11829999834299088,0.11829999834299088,270.0
2024-03-01 12:11:00,HSIC,76.82499694824219,76.82499694824219,76.9000015258789,76.82499694824219,76.9000015258789,2465.0
2024-03-01 12:11:00,HUMA,3.444999933242798,3.444999933242798,3.450000047683716,3.4300999641418457,3.434999942779541,9297.0
2024-03-01 12:11:00,IART,36.459999084472656,36.459999084472656,36.470001220703125,36.43000030517578,36.44499969482422,9218.0
2024-03-01 12:11:00,IBRX,4.867499828338623,4.867499828338623,4.869999885559082,4.840000152587891,4.840099811553955,13496.0
2024-03-01 12:11:00,ICLR,323.0450134277344,323.0450134277344,323.0450134277344,323.0350036621094,323.0350036621094,544.0
2024-03-01 12:11:00,ICUI,105.91500091552734,105.91500091552734,105.9800033569336,105.91500091552734,105.9800033569336,1681.0
2024-03-01 12:11:00,IDYA,46.27000045776367,46.27000045776367,46.27000045776367,46.2599983215332,46.2599983215332,1494.0
2024-03-01 12:11:00,IGMS,13.449999809265137,13.449999809265137,13.449999809265137,13.449999809265137,13.449999809265137,296.0
2024-03-01 12:11:00,IINN,1.6399999856948853,1.6399999856948853,1.6399999856948853,1.6399999856948853,1.6399999856948853,1600.0
2024-03-01 12:11:00,ILMN,142.11000061035156,142.11000061035156,142.11000061035156,142.0399932861328,142.0399932861328,625.0
2024-03-01 12:11:00,IMAB,1.840000033378601,1.840000033378601,1.840000033378601,1.840000033378601,1.840000033378601,201.0
2024-03-01 12:11:00,IMCR,68.06500244140625,68.06500244140625,68.0999984741211,68.06500244140625,68.08000183105469,1078.0
2024-03-01 12:11:00,IMMX,3.5399999618530273,3.5399999618530273,3.5399999618530273,3.5399999618530273,3.5399999618530273,203.0
2024-03-01 12:11:00,IMNM,25.790000915527344,25.790000915527344,25.790000915527344,25.790000915527344,25.790000915527344,254.0
2024-03-01 12:11:00,IMUX,1.4950000047683716,1.4950000047683716,1.4950000047683716,1.4950000047683716,1.4950000047683716,239.0
2024-03-01 12:11:00,IMVT,36.31999969482422,36.31999969482422,36.34000015258789,36.31999969482422,36.34000015258789,622.0
2024-03-01 12:11:00,INAB,1.1007000207901,1.1007000207901,1.1007000207901,1.1007000207901,1.1007000207901,4001.0
2024-03-01 12:11:00,INCY,59.025001525878906,59.025001525878906,59.025001525878906,58.994998931884766,58.994998931884766,854.0
2024-03-01 12:11:00,INMB,12.100000381469727,12.100000381469727,12.100000381469727,12.010000228881836,12.0600004196167,515.0
2024-03-01 12:11:00,INMD,22.85260009765625,22.85260009765625,22.85260009765625,22.809999465942383,22.809999465942383,2379.0
2024-03-01 12:11:00,INO,9.25,9.25,9.25,9.25,9.25,151.0
2024-03-01 12:11:00,INSM,28.360000610351562,28.360000610351562,28.360000610351562,28.329999923706055,28.329999923706055,663.0
2024-03-01 12:11:00,INVA,15.579999923706055,15.579999923706055,15.579999923706055,15.579999923706055,15.579999923706055,527.0
2024-03-01 12:11:00,INZY,6.639999866485596,6.639999866485596,6.644999980926514,6.630000114440918,6.630000114440918,1917.0
2024-03-01 12:11:00,IONM,0.3495999872684479,0.3495999872684479,0.3495999872684479,0.3495999872684479,0.3495999872684479,119.0
2024-03-01 12:11:00,IONS,45.94499969482422,45.94499969482422,45.95000076293945,45.90999984741211,45.90999984741211,1206.0
2024-03-01 12:11:00,IOVA,16.729999542236328,16.729999542236328,16.760000228881836,16.709999084472656,16.74020004272461,21807.0
2024-03-01 12:11:00,IRTC,121.30000305175781,121.30000305175781,121.30000305175781,121.30000305175781,121.30000305175781,854.0
2024-03-01 12:11:00,IRWD,9.095000267028809,9.095000267028809,9.109999656677246,9.09000015258789,9.109999656677246,13568.0
2024-03-01 12:11:00,ISRG,394.3599853515625,394.3599853515625,394.3599853515625,394.2550048828125,394.3500061035156,1013.0
2024-03-01 12:11:00,ITCI,71.75,71.75,71.75,71.75,71.75,762.0
2024-03-01 12:11:00,IVVD,4.050000190734863,4.050000190734863,4.050000190734863,4.050000190734863,4.050000190734863,100.0
2024-03-01 12:11:00,IXHL,5.390100002288818,5.390100002288818,5.390100002288818,5.390100002288818,5.390100002288818,1559.0
2024-03-01 12:11:00,JAGX,0.07329999655485153,0.07329999655485153,0.07460000365972519,0.07320000231266022,0.07450000196695328,289258.0
2024-03-01 12:11:00,JAZZ,119.41000366210938,119.41000366210938,119.47000122070312,119.37000274658203,119.41000366210938,1698.0
2024-03-01 12:11:00,KALV,13.989999771118164,13.989999771118164,13.989999771118164,13.989999771118164,13.989999771118164,200.0
2024-03-01 12:11:00,KNSA,21.75,21.75,21.75,21.719999313354492,21.719999313354492,200.0
2024-03-01 12:11:00,KOD,6.099999904632568,6.099999904632568,6.099999904632568,6.09499979019165,6.09499979019165,552.0
2024-03-01 12:11:00,KPTI,1.1950000524520874,1.1950000524520874,1.1950000524520874,1.1950000524520874,1.1950000524520874,800.0
2024-03-01 12:11:00,KRON,1.0199999809265137,1.0199999809265137,1.0199999809265137,1.0199999809265137,1.0199999809265137,123.0
2024-03-01 12:11:00,KRTX,316.57000732421875,316.57000732421875,316.57000732421875,316.57000732421875,316.57000732421875,577.0
2024-03-01 12:11:00,KRYS,167.39999389648438,167.39999389648438,167.39999389648438,167.39999389648438,167.39999389648438,111.0
2024-03-01 12:11:00,KTRA,0.09749999642372131,0.09749999642372131,0.09749999642372131,0.09749999642372131,0.09749999642372131,101.0
2024-03-01 12:11:00,KURA,21.280000686645508,21.280000686645508,21.280000686645508,21.25,21.25,567.0
2024-03-01 12:11:00,KYMR,44.130001068115234,44.130001068115234,44.130001068115234,43.97999954223633,43.97999954223633,2765.0
2024-03-01 12:11:00,KZR,1.0813000202178955,1.0813000202178955,1.0850000381469727,1.0813000202178955,1.0850000381469727,217.0
2024-03-01 12:11:00,LAB,2.5,2.5,2.505000114440918,2.4800000190734863,2.4800000190734863,54190.0
2024-03-01 12:11:00,LEXX,2.744999885559082,2.744999885559082,2.744999885559082,2.744999885559082,2.744999885559082,100.0
2024-03-01 12:11:00,LFMD,7.980000019073486,7.980000019073486,7.980000019073486,7.980000019073486,7.980000019073486,200.0
2024-03-01 12:11:00,LFST,7.949999809265137,7.949999809265137,7.949999809265137,7.925000190734863,7.925000190734863,10215.0
2024-03-01 12:11:00,LIFE,1.9106999635696411,1.9106999635696411,1.9107999801635742,1.909999966621399,1.909999966621399,3472.0
2024-03-01 12:11:00,LNTH,65.5999984741211,65.5999984741211,65.5999984741211,65.5,65.5,7204.0
2024-03-01 12:11:00,LQDA,14.390000343322754,14.390000343322754,14.390000343322754,14.380000114440918,14.380000114440918,760.0
2024-03-01 12:11:00,LUNG,9.359999656677246,9.359999656677246,9.359999656677246,9.359999656677246,9.359999656677246,100.0
2024-03-01 12:11:00,LVTX,3.049999952316284,3.049999952316284,3.049999952316284,3.049999952316284,3.049999952316284,3000.0
2024-03-01 12:11:00,LXRX,2.444999933242798,2.444999933242798,2.450000047683716,2.4419000148773193,2.4419000148773193,1440.0
2024-03-01 12:11:00,LYRA,5.599999904632568,5.599999904632568,5.599999904632568,5.599999904632568,5.599999904632568,200.0
2024-03-01 12:11:00,MACK,14.720000267028809,14.720000267028809,14.720000267028809,14.720000267028809,14.720000267028809,210.0
2024-03-01 12:11:00,MASI,128.0800018310547,128.0800018310547,128.0800018310547,127.96499633789062,127.97000122070312,2655.0
2024-03-01 12:11:00,MCRB,1.1970000267028809,1.1970000267028809,1.1990000009536743,1.1950000524520874,1.1950000524520874,2620.0
2024-03-01 12:11:00,MDGL,244.62269592285156,244.62269592285156,244.62269592285156,244.62269592285156,244.62269592285156,491.0
2024-03-01 12:11:00,MDRX,6.0,6.0,6.050000190734863,6.0,6.0,2138.0
2024-03-01 12:11:00,ME,0.5629000067710876,0.5629000067710876,0.5633999705314636,0.5623000264167786,0.5628499984741211,13195.0
2024-03-01 12:11:00,MEDS,9.210000038146973,9.210000038146973,9.210000038146973,9.210000038146973,9.210000038146973,330.0
2024-03-01 12:11:00,MGNX,18.8799991607666,18.8799991607666,18.90999984741211,18.8799991607666,18.8799991607666,4571.0
2024-03-01 12:11:00,MGTX,6.355000019073486,6.355000019073486,6.355000019073486,6.355000019073486,6.355000019073486,109.0
2024-03-01 12:11:00,MIRM,29.940000534057617,29.940000534057617,29.940000534057617,29.940000534057617,29.940000534057617,380.0
2024-03-01 12:11:00,MIST,1.7000000476837158,1.7000000476837158,1.7000000476837158,1.6950000524520874,1.7000000476837158,2987.0
2024-03-01 12:11:00,MNKD,4.545000076293945,4.545000076293945,4.570000171661377,4.539299964904785,4.539299964904785,250456.0
2024-03-01 12:11:00,MNMD,6.171000003814697,6.171000003814697,6.184999942779541,6.170000076293945,6.175000190734863,8044.0
2024-03-01 12:11:00,MODD,1.909999966621399,1.909999966621399,1.909999966621399,1.909999966621399,1.909999966621399,200.0
2024-03-01 12:11:00,MOR,17.59000015258789,17.59000015258789,17.59000015258789,17.59000015258789,17.59000015258789,164.0
2024-03-01 12:11:00,MREO,3.865000009536743,3.865000009536743,3.869999885559082,3.865000009536743,3.869999885559082,869.0
2024-03-01 12:11:00,MRNA,96.20500183105469,96.20500183105469,96.2699966430664,96.20500183105469,96.21600341796875,3642.0
2024-03-01 12:11:00,MRNS,9.949999809265137,9.949999809265137,9.949999809265137,9.949999809265137,9.949999809265137,478.0
2024-03-01 12:11:00,MRSN,5.925000190734863,5.925000190734863,5.925000190734863,5.914999961853027,5.914999961853027,1835.0
2024-03-01 12:11:00,MRUS,51.599998474121094,51.599998474121094,51.599998474121094,51.595001220703125,51.595001220703125,440.0
2024-03-01 12:11:00,MRVI,7.860000133514404,7.860000133514404,7.860000133514404,7.84499979019165,7.84499979019165,3827.0
2024-03-01 12:11:00,MXCT,4.739999771118164,4.739999771118164,4.739999771118164,4.739999771118164,4.739999771118164,218.0
2024-03-01 12:11:00,MYGN,21.604999542236328,21.604999542236328,21.604999542236328,21.59000015258789,21.59000015258789,842.0
2024-03-01 12:11:00,MYMD,3.440000057220459,3.440000057220459,3.440000057220459,3.440000057220459,3.440000057220459,927.0
2024-03-01 12:11:00,MYNZ,0.8695499897003174,0.8695499897003174,0.8695499897003174,0.8695499897003174,0.8695499897003174,1000.0
2024-03-01 12:11:00,NARI,46.18000030517578,46.18000030517578,46.20000076293945,46.119998931884766,46.13999938964844,8758.0
2024-03-01 12:11:00,NAUT,2.6600000858306885,2.6600000858306885,2.6600000858306885,2.6600000858306885,2.6600000858306885,300.0
2024-03-01 12:11:00,NBIX,131.3000030517578,131.3000030517578,131.3800048828125,131.24000549316406,131.3699951171875,2806.0
2024-03-01 12:11:00,NDRA,1.1698999404907227,1.1698999404907227,1.1698999404907227,1.1698999404907227,1.1698999404907227,1060.0
2024-03-01 12:11:00,NEO,16.079999923706055,16.079999923706055,16.079999923706055,16.049999237060547,16.049999237060547,1196.0
2024-03-01 12:11:00,NEOG,17.354999542236328,17.354999542236328,17.364999771118164,17.295000076293945,17.295000076293945,9415.0
2024-03-01 12:11:00,NERV,2.5199999809265137,2.5199999809265137,2.5299999713897705,2.5199999809265137,2.5299999713897705,321.0
2024-03-01 12:11:00,NGM,1.5300999879837036,1.5300999879837036,1.5300999879837036,1.5300999879837036,1.5300999879837036,142.0
2024-03-01 12:11:00,NKTR,0.779699981212616,0.779699981212616,0.779699981212616,0.7749000191688538,0.7749000191688538,1428.0
2024-03-01 12:11:00,NKTX,12.883299827575684,12.883299827575684,12.899999618530273,12.848999977111816,12.848999977111816,4939.0
2024-03-01 12:11:00,NNOX,11.166600227355957,11.166600227355957,11.170000076293945,11.149999618530273,11.149999618530273,3095.0
2024-03-01 12:11:00,NRBO,6.010000228881836,6.010000228881836,6.010000228881836,6.010000228881836,6.010000228881836,516.0
2024-03-01 12:11:00,NRIX,13.404999732971191,13.404999732971191,13.420000076293945,13.380000114440918,13.380000114440918,3226.0
2024-03-01 12:11:00,NRSN,2.0899999141693115,2.0899999141693115,2.0899999141693115,2.0899999141693115,2.0899999141693115,511.0
2024-03-01 12:11:00,NRXP,0.41990000009536743,0.41990000009536743,0.41990000009536743,0.4198000133037567,0.4198000133037567,2319.0
2024-03-01 12:11:00,NTLA,33.497501373291016,33.497501373291016,33.505001068115234,33.47999954223633,33.47999954223633,3636.0
2024-03-01 12:11:00,NTRA,88.91500091552734,88.91500091552734,88.91500091552734,88.8499984741211,88.91000366210938,502.0
2024-03-01 12:11:00,NUTX,0.11349999904632568,0.11349999904632568,0.11420000344514847,0.11320000141859055,0.11320000141859055,15861.0
2024-03-01 12:11:00,NUVL,87.83499908447266,87.83499908447266,87.83499908447266,87.69999694824219,87.69999694824219,2094.0
2024-03-01 12:11:00,NVAX,5.140100002288818,5.140100002288818,5.144999980926514,5.139999866485596,5.139999866485596,7486.0
2024-03-01 12:11:00,NVCR,15.989999771118164,15.989999771118164,16.0,15.970000267028809,15.970000267028809,725.0
2024-03-01 12:11:00,NVCT,10.675000190734863,10.675000190734863,10.675000190734863,10.619999885559082,10.619999885559082,281.0
2024-03-01 12:11:00,NVNO,6.465400218963623,6.465400218963623,6.465400218963623,6.465400218963623,6.465400218963623,150.0
2024-03-01 12:11:00,NVOS,0.620199978351593,0.620199978351593,0.620199978351593,0.620199978351593,0.620199978351593,100.0
2024-03-01 12:11:00,NXTC,1.8049999475479126,1.8049999475479126,1.8049999475479126,1.8049999475479126,1.8049999475479126,200.0
2024-03-01 12:11:00,OCGN,0.9366999864578247,0.9366999864578247,0.9366999864578247,0.9366999864578247,0.9366999864578247,111.0
2024-03-01 12:11:00,OCUL,10.70009994506836,10.70009994506836,10.70009994506836,10.649999618530273,10.690199851989746,22374.0
2024-03-01 12:11:00,OGI,2.184999942779541,2.184999942779541,2.184999942779541,2.161400079727173,2.161400079727173,18084.0
2024-03-01 12:11:00,OLMA,13.979999542236328,13.979999542236328,13.979999542236328,13.979999542236328,13.979999542236328,224.0
2024-03-01 12:11:00,OM,3.1500000953674316,3.1500000953674316,3.1500000953674316,3.1500000953674316,3.1500000953674316,123.0
2024-03-01 12:11:00,OMCL,26.520000457763672,26.520000457763672,26.520000457763672,26.510000228881836,26.510000228881836,2770.0
2024-03-01 12:11:00,OMGA,4.195000171661377,4.195000171661377,4.199999809265137,4.179999828338623,4.190000057220459,3328.0
2024-03-01 12:11:00,ONCY,1.125,1.125,1.125,1.125,1.125,200.0
2024-03-01 12:11:00,ONTX,0.8119999766349792,0.8119999766349792,0.8119999766349792,0.8119999766349792,0.8119999766349792,4155.0
2024-03-01 12:12:00,ABCL,5.215000152587891,5.215000152587891,5.215000152587891,5.215000152587891,5.215000152587891,179.0
2024-03-01 12:12:00,ABEO,7.739999771118164,7.739999771118164,7.760000228881836,7.710000038146973,7.710000038146973,3261.0
2024-03-01 12:12:00,ABOS,4.664999961853027,4.664999961853027,4.664999961853027,4.664999961853027,4.664999961853027,120.0
2024-03-01 12:12:00,ABUS,2.7750000953674316,2.7750000953674316,2.7750000953674316,2.7699999809265137,2.77020001411438,3301.0
2024-03-01 12:12:00,ACAD,23.790000915527344,23.790000915527344,23.799999237060547,23.780000686645508,23.799999237060547,2399.0
2024-03-01 12:12:00,ACB,3.1900999546051025,3.1900999546051025,3.200000047683716,3.188999891281128,3.189500093460083,5093.0
2024-03-01 12:12:00,ACCD,10.25,10.25,10.25,10.25,10.25,751.0
2024-03-01 12:12:00,ACET,2.384999990463257,2.384999990463257,2.384999990463257,2.380000114440918,2.380000114440918,428.0
2024-03-01 12:12:00,ACHC,84.04959869384766,84.04959869384766,84.04959869384766,84.04959869384766,84.04959869384766,791.0
2024-03-01 12:12:00,ACON,0.38749998807907104,0.38749998807907104,0.39500001072883606,0.38749998807907104,0.39500001072883606,1400.0
2024-03-01 12:12:00,ACRS,1.2400000095367432,1.2400000095367432,1.2400000095367432,1.2400000095367432,1.2400000095367432,475.0
2024-03-01 12:12:00,ACST,3.390000104904175,3.390000104904175,3.390000104904175,3.369999885559082,3.369999885559082,1351.0
2024-03-01 12:12:00,ADIL,3.0799999237060547,3.0799999237060547,3.1198999881744385,3.0799999237060547,3.109999895095825,17962.0
2024-03-01 12:12:00,ADMA,5.369999885559082,5.369999885559082,5.375,5.369999885559082,5.375,761.0
2024-03-01 12:12:00,ADPT,4.179999828338623,4.179999828338623,4.179999828338623,4.179999828338623,4.179999828338623,866.0
2024-03-01 12:12:00,ADVM,1.9600000381469727,1.9600000381469727,1.9600000381469727,1.9600000381469727,1.9600000381469727,100.0
2024-03-01 12:12:00,AFMD,0.625,0.625,0.625,0.625,0.625,1101.0
2024-03-01 12:12:00,AGEN,0.6738749742507935,0.6738749742507935,0.6739000082015991,0.673799991607666,0.6738499999046326,5013.0
2024-03-01 12:12:00,AGIO,32.869998931884766,32.869998931884766,32.88999938964844,32.869998931884766,32.880001068115234,724.0
2024-03-01 12:12:00,AHCO,10.819999694824219,10.819999694824219,10.849100112915039,10.819999694824219,10.84000015258789,11081.0
2024-03-01 12:12:00,AKBA,1.6799999475479126,1.6799999475479126,1.6799999475479126,1.6790000200271606,1.6799999475479126,1255.0
2024-03-01 12:12:00,AKRO,30.0,30.0,30.06999969482422,29.950000762939453,30.020000457763672,7721.0
2024-03-01 12:12:00,ALDX,4.110599994659424,4.110599994659424,4.118199825286865,4.110599994659424,4.118199825286865,2506.0
2024-03-01 12:12:00,ALEC,7.460000038146973,7.460000038146973,7.460000038146973,7.454999923706055,7.454999923706055,431.0
2024-03-01 12:12:00,ALGN,303.07000732421875,303.07000732421875,303.3399963378906,303.07000732421875,303.3399963378906,1425.0
2024-03-01 12:12:00,ALKS,30.200000762939453,30.200000762939453,30.204999923706055,30.19499969482422,30.19499969482422,924.0
2024-03-01 12:12:00,ALLK,1.6050000190734863,1.6050000190734863,1.6050000190734863,1.6050000190734863,1.6050000190734863,1124.0
2024-03-01 12:12:00,ALLO,5.034999847412109,5.034999847412109,5.039999961853027,5.034999847412109,5.039999961853027,1705.0
2024-03-01 12:12:00,ALNY,153.85000610351562,153.85000610351562,153.85000610351562,153.85000610351562,153.85000610351562,717.0
2024-03-01 12:12:00,ALPN,35.86000061035156,35.86000061035156,35.900001525878906,35.834999084472656,35.834999084472656,3424.0
2024-03-01 12:12:00,ALRN,5.099999904632568,5.099999904632568,5.099999904632568,5.099999904632568,5.099999904632568,234.0
2024-03-01 12:12:00,ALT,12.010000228881836,12.010000228881836,12.039999961853027,12.005000114440918,12.020099639892578,9625.0
2024-03-01 12:12:00,ALVO,15.662500381469727,15.662500381469727,15.662500381469727,15.662500381469727,15.662500381469727,167.0
2024-03-01 12:12:00,ALVR,0.7554000020027161,0.7554000020027161,0.7554000020027161,0.7544000148773193,0.7548999786376953,13828.0
2024-03-01 12:12:00,AMED,93.18499755859375,93.18499755859375,93.20999908447266,93.05000305175781,93.20999908447266,1846.0
2024-03-01 12:12:00,AMGN,281.7099914550781,281.7099914550781,281.82000732421875,281.6964111328125,281.81500244140625,10867.0
2024-03-01 12:12:00,AMRN,1.0499999523162842,1.0499999523162842,1.0550999641418457,1.0499999523162842,1.0549999475479126,4191.0
2024-03-01 12:12:00,ANAB,25.395000457763672,25.395000457763672,25.395000457763672,25.395000457763672,25.395000457763672,131.0
2024-03-01 12:12:00,ANGO,5.489999771118164,5.489999771118164,5.494999885559082,5.489999771118164,5.494999885559082,313.0
2024-03-01 12:12:00,ANIX,3.509999990463257,3.509999990463257,3.509999990463257,3.509999990463257,3.509999990463257,106.0
2024-03-01 12:12:00,ANNX,5.900000095367432,5.900000095367432,5.900000095367432,5.900000095367432,5.900000095367432,1420.0
2024-03-01 12:12:00,APLS,65.38500213623047,65.38500213623047,65.38500213623047,65.29000091552734,65.29000091552734,1007.0
2024-03-01 12:12:00,APLT,7.079999923706055,7.079999923706055,7.09499979019165,7.079999923706055,7.082799911499023,1003.0
2024-03-01 12:12:00,AQST,4.315000057220459,4.315000057220459,4.315000057220459,4.309999942779541,4.313300132751465,3902.0
2024-03-01 12:12:00,ARCT,39.63999938964844,39.63999938964844,39.650001525878906,39.63999938964844,39.650001525878906,611.0
2024-03-01 12:12:00,ARDX,9.654999732971191,9.654999732971191,9.65999984741211,9.649999618530273,9.650899887084961,3564.0
2024-03-01 12:12:00,ARGX,390.1300048828125,390.1300048828125,390.1300048828125,389.9200134277344,389.9200134277344,1818.0
2024-03-01 12:12:00,ARQT,11.649999618530273,11.649999618530273,11.649999618530273,11.529999732971191,11.529999732971191,56103.0
2024-03-01 12:12:00,ARWR,35.09000015258789,35.09000015258789,35.095001220703125,35.060001373291016,35.060001373291016,2817.0
2024-03-01 12:12:00,ASND,150.2949981689453,150.2949981689453,150.2949981689453,150.2949981689453,150.2949981689453,446.0
2024-03-01 12:12:00,ASRT,0.925000011920929,0.925000011920929,0.925000011920929,0.9225000143051147,0.9225000143051147,2495.0
2024-03-01 12:12:00,ATAI,2.119999885559082,2.119999885559082,2.125,2.109999895095825,2.109999895095825,15745.0
2024-03-01 12:12:00,ATEC,13.569999694824219,13.569999694824219,13.579999923706055,13.569999694824219,13.579999923706055,2418.0
2024-03-01 12:12:00,ATHA,3.9649999141693115,3.9649999141693115,3.9649999141693115,3.9600000381469727,3.9600000381469727,315.0
2024-03-01 12:12:00,ATHE,1.7699999809265137,1.7699999809265137,1.7699999809265137,1.7699999809265137,1.7699999809265137,202.0
2024-03-01 12:12:00,ATOS,1.0049999952316284,1.0049999952316284,1.0049999952316284,1.0049999952316284,1.0049999952316284,117.0
2024-03-01 12:12:00,ATRC,36.0099983215332,36.0099983215332,36.0099983215332,36.0099983215332,36.0099983215332,679.0
2024-03-01 12:12:00,ATXS,15.09000015258789,15.09000015258789,15.09000015258789,15.031900405883789,15.031900405883789,2858.0
2024-03-01 12:12:00,AUGX,4.605000019073486,4.605000019073486,4.605000019073486,4.599999904632568,4.599999904632568,1046.0
2024-03-01 12:12:00,AUPH,5.824999809265137,5.824999809265137,5.8282999992370605,5.824999809265137,5.8282999992370605,974.0
2024-03-01 12:12:00,AUTL,6.329999923706055,6.329999923706055,6.329999923706055,6.300000190734863,6.300000190734863,4739.0
2024-03-01 12:12:00,AVDL,12.930000305175781,12.930000305175781,13.0,12.930000305175781,13.0,3792.0
2024-03-01 12:12:00,AVGR,3.700000047683716,3.700000047683716,3.700000047683716,3.700000047683716,3.700000047683716,751.0
2024-03-01 12:12:00,AVRO,1.350000023841858,1.350000023841858,1.3600000143051147,1.340000033378601,1.340000033378601,13439.0
2024-03-01 12:12:00,AVXL,5.360000133514404,5.360000133514404,5.360000133514404,5.360000133514404,5.360000133514404,135.0
2024-03-01 12:12:00,AXNX,67.5250015258789,67.5250015258789,67.53500366210938,67.38999938964844,67.38999938964844,5637.0
2024-03-01 12:12:00,AXSM,81.88999938964844,81.88999938964844,81.88999938964844,81.81999969482422,81.81999969482422,985.0
2024-03-01 12:12:00,AZN,64.77999877929688,64.77999877929688,64.77999877929688,64.7699966430664,64.7699966430664,1691.0
2024-03-01 12:12:00,AZTA,66.65499877929688,66.65499877929688,66.65499877929688,66.65499877929688,66.65499877929688,100.0
2024-03-01 12:12:00,BBIO,36.068599700927734,36.068599700927734,36.068599700927734,36.068599700927734,36.068599700927734,125.0
2024-03-01 12:12:00,BBLG,2.2699999809265137,2.2699999809265137,2.2699999809265137,2.259999990463257,2.259999990463257,1095.0
2024-03-01 12:12:00,BCEL,0.2669999897480011,0.2669999897480011,0.2669999897480011,0.2669999897480011,0.2669999897480011,158.0
2024-03-01 12:12:00,BCLI,0.35749998688697815,0.35749998688697815,0.35749998688697815,0.35749998688697815,0.35749998688697815,131.0
2024-03-01 12:12:00,BCTX,3.549999952316284,3.549999952316284,3.549999952316284,3.549999952316284,3.549999952316284,266.0
2024-03-01 12:12:00,BCYC,25.832799911499023,25.832799911499023,25.832799911499023,25.832799911499023,25.832799911499023,288.0
2024-03-01 12:12:00,BDTX,5.03000020980835,5.03000020980835,5.039999961853027,5.03000020980835,5.03000020980835,565.0
2024-03-01 12:12:00,BEAM,40.04999923706055,40.04999923706055,40.11000061035156,40.029998779296875,40.11000061035156,1562.0
2024-03-01 12:12:00,BIIB,219.9949951171875,219.9949951171875,219.9949951171875,219.9949951171875,219.9949951171875,183.0
2024-03-01 12:12:00,BIOR,1.2100000381469727,1.2100000381469727,1.2100000381469727,1.2100000381469727,1.2100000381469727,100.0
2024-03-01 12:12:00,BIVI,1.8380999565124512,1.8380999565124512,1.8600000143051147,1.8200000524520874,1.8588000535964966,152811.0
2024-03-01 12:12:00,BLFS,18.349599838256836,18.349599838256836,18.350000381469727,18.229999542236328,18.229999542236328,5359.0
2024-03-01 12:12:00,BLUE,1.5850000381469727,1.5850000381469727,1.5850000381469727,1.5800000429153442,1.5850000381469727,3408.0
2024-03-01 12:12:00,BMEA,17.950000762939453,17.950000762939453,17.959999084472656,17.899999618530273,17.899999618530273,4495.0
2024-03-01 12:12:00,BMRN,87.00499725341797,87.00499725341797,87.00499725341797,87.0,87.00499725341797,1268.0
2024-03-01 12:12:00,BNGO,1.25,1.25,1.25,1.25,1.25,4151.0
2024-03-01 12:12:00,BNR,0.8445000052452087,0.8445000052452087,0.8445000052452087,0.8445000052452087,0.8445000052452087,100.0
2024-03-01 12:12:00,BNTX,92.08000183105469,92.08000183105469,92.0999984741211,92.01349639892578,92.01349639892578,4983.0
2024-03-01 12:12:00,BPMC,97.61000061035156,97.61000061035156,97.61000061035156,97.61000061035156,97.61000061035156,957.0
2024-03-01 12:12:00,BRKR,87.93000030517578,87.93000030517578,87.94000244140625,87.9000015258789,87.9000015258789,774.0
2024-03-01 12:12:00,BTCY,0.9449999928474426,0.9449999928474426,0.9470000267028809,0.9449999928474426,0.9470000267028809,3548.0
2024-03-01 12:12:00,BTTX,0.1712999939918518,0.1712999939918518,0.1712999939918518,0.17010000348091125,0.17010000348091125,30000.0
2024-03-01 12:12:00,BWAY,6.53000020980835,6.53000020980835,6.53000020980835,6.53000020980835,6.53000020980835,100.0
2024-03-01 12:12:00,CABA,23.979999542236328,23.979999542236328,24.0,23.969999313354492,23.9950008392334,1618.0
2024-03-01 12:12:00,CARA,0.8981800079345703,0.8981800079345703,0.9100000262260437,0.8950750231742859,0.9100000262260437,3059.0
2024-03-01 12:12:00,CBAY,32.244998931884766,32.244998931884766,32.25,32.244998931884766,32.244998931884766,1818.0
2024-03-01 12:12:00,CCCC,10.899999618530273,10.899999618530273,10.899999618530273,10.899999618530273,10.899999618530273,707.0
2024-03-01 12:12:00,CCRN,18.239999771118164,18.239999771118164,18.25,18.219999313354492,18.219999313354492,2684.0
2024-03-01 12:12:00,CDMO,8.140000343322754,8.140000343322754,8.140000343322754,8.140000343322754,8.140000343322754,121.0
2024-03-01 12:12:00,CDNA,12.600000381469727,12.600000381469727,12.630000114440918,12.600000381469727,12.619999885559082,3597.0
2024-03-01 12:12:00,CDXS,4.548799991607666,4.548799991607666,4.565000057220459,4.548799991607666,4.550000190734863,2718.0
2024-03-01 12:12:00,CELU,3.58870005607605,3.58870005607605,3.58870005607605,3.58870005607605,3.58870005607605,125.0
2024-03-01 12:12:00,CERE,41.099998474121094,41.099998474121094,41.10499954223633,41.099998474121094,41.099998474121094,1397.0
2024-03-01 12:12:00,CERS,2.2149999141693115,2.2149999141693115,2.2149999141693115,2.2149999141693115,2.2149999141693115,100.0
2024-03-01 12:12:00,CERT,17.514999389648438,17.514999389648438,17.549999237060547,17.514999389648438,17.549999237060547,1195.0
2024-03-01 12:12:00,CGC,3.2818000316619873,3.2818000316619873,3.2899999618530273,3.2750000953674316,3.2750000953674316,27841.0
2024-03-01 12:12:00,CGEM,18.940000534057617,18.940000534057617,18.940000534057617,18.940000534057617,18.940000534057617,300.0
2024-03-01 12:12:00,CGEN,2.680000066757202,2.680000066757202,2.680000066757202,2.680000066757202,2.680000066757202,265.0
2024-03-01 12:12:00,CHRS,2.369999885559082,2.369999885559082,2.369999885559082,2.369999885559082,2.369999885559082,3044.0
2024-03-01 12:12:00,CING,1.350000023841858,1.350000023841858,1.350000023841858,1.3450000286102295,1.3450000286102295,301.0
2024-03-01 12:12:00,CKPT,2.2049999237060547,2.2049999237060547,2.2049999237060547,2.2049999237060547,2.2049999237060547,318.0
2024-03-01 12:12:00,CLDX,51.619998931884766,51.619998931884766,51.70989990234375,51.61000061035156,51.61000061035156,2646.0
2024-03-01 12:12:00,CLOV,0.8640999794006348,0.8640999794006348,0.8640999794006348,0.8626999855041504,0.8627499938011169,115093.0
2024-03-01 12:12:00,CLRB,4.104000091552734,4.104000091552734,4.104000091552734,4.104000091552734,4.104000091552734,1601.0
2024-03-01 12:12:00,CMPS,11.4350004196167,11.4350004196167,11.4350004196167,11.369999885559082,11.420000076293945,5130.0
2024-03-01 12:12:00,CMPX,1.8799999952316284,1.8799999952316284,1.8799999952316284,1.8799999952316284,1.8799999952316284,209.0
2024-03-01 12:12:00,CNSP,0.3109999895095825,0.3109999895095825,0.3109999895095825,0.3109999895095825,0.3109999895095825,517.0
2024-03-01 12:12:00,CNTG,0.7171000242233276,0.7171000242233276,0.7171000242233276,0.7171000242233276,0.7171000242233276,174.0
2024-03-01 12:12:00,COGT,7.190000057220459,7.190000057220459,7.190000057220459,7.190000057220459,7.190000057220459,400.0
2024-03-01 12:12:00,CORT,23.75,23.75,23.75,23.75,23.75,126.0
2024-03-01 12:12:00,CPRX,17.100000381469727,17.100000381469727,17.110000610351562,17.100000381469727,17.110000610351562,532.0
2024-03-01 12:12:00,CPSI,9.260000228881836,9.260000228881836,9.260000228881836,9.260000228881836,9.260000228881836,756.0
2024-03-01 12:12:00,CRBP,32.099998474121094,32.099998474121094,32.099998474121094,32.099998474121094,32.099998474121094,304.0
2024-03-01 12:12:00,CRBU,8.010000228881836,8.010000228881836,8.020000457763672,8.010000228881836,8.020000457763672,1255.0
2024-03-01 12:12:00,CRDF,2.25,2.25,2.259999990463257,2.2300000190734863,2.259999990463257,10160.0
2024-03-01 12:12:00,CRDL,1.9800000190734863,1.9800000190734863,1.9800000190734863,1.9800000190734863,1.9800000190734863,100.0
2024-03-01 12:12:00,CRNX,45.97999954223633,45.97999954223633,45.97999954223633,45.97999954223633,45.97999954223633,100.0
2024-03-01 12:12:00,CRON,2.0522000789642334,2.0522000789642334,2.059999942779541,2.0522000789642334,2.055000066757202,10169.0
2024-03-01 12:12:00,CRSP,85.29000091552734,85.29000091552734,85.29000091552734,85.23999786376953,85.23999786376953,389.0
2024-03-01 12:12:00,CTKB,8.59000015258789,8.59000015258789,8.59000015258789,8.579999923706055,8.585000038146973,1050.0
2024-03-01 12:12:00,CTMX,2.6500000953674316,2.6500000953674316,2.6500000953674316,2.6500000953674316,2.6500000953674316,3542.0
2024-03-01 12:12:00,CUTR,2.4100000858306885,2.4100000858306885,2.410900115966797,2.4100000858306885,2.4100000858306885,4395.0
2024-03-01 12:12:00,CYTK,73.66500091552734,73.66500091552734,73.66500091552734,73.66500091552734,73.66500091552734,506.0
2024-03-01 12:12:00,CYTO,2.190000057220459,2.190000057220459,2.190000057220459,2.1803998947143555,2.190000057220459,1334.0
2024-03-01 12:12:00,DARE,0.5616000294685364,0.5616000294685364,0.5616000294685364,0.5616000294685364,0.5616000294685364,324.0
2024-03-01 12:12:00,DAWN,17.485000610351562,17.485000610351562,17.485000610351562,17.485000610351562,17.485000610351562,179.0
2024-03-01 12:12:00,DH,9.045000076293945,9.045000076293945,9.045000076293945,9.020000457763672,9.029999732971191,26705.0
2024-03-01 12:12:00,DMTK,0.8769999742507935,0.8769999742507935,0.8769999742507935,0.8715000152587891,0.8715000152587891,660.0
2024-03-01 12:12:00,DNLI,20.850000381469727,20.850000381469727,20.8799991607666,20.850000381469727,20.850000381469727,652.0
2024-03-01 12:12:00,DTIL,12.005000114440918,12.005000114440918,12.170000076293945,11.949999809265137,12.170000076293945,8596.0
2024-03-01 12:12:00,DVAX,12.895000457763672,12.895000457763672,12.899999618530273,12.895000457763672,12.895000457763672,2223.0
2024-03-01 12:12:00,DXCM,120.92500305175781,120.92500305175781,121.33999633789062,120.91000366210938,121.31999969482422,19910.0
2024-03-01 12:12:00,DYN,28.636600494384766,28.636600494384766,28.636600494384766,28.636600494384766,28.636600494384766,513.0
2024-03-01 12:12:00,EDIT,10.899999618530273,10.899999618530273,10.899999618530273,10.880000114440918,10.880000114440918,4420.0
2024-03-01 12:12:00,EGRX,6.739999771118164,6.739999771118164,6.7519001960754395,6.739999771118164,6.7519001960754395,840.0
2024-03-01 12:12:00,ELEV,4.769999980926514,4.769999980926514,4.840000152587891,4.760000228881836,4.775000095367432,10571.0
2024-03-01 12:12:00,EMBC,14.3149995803833,14.3149995803833,14.3149995803833,14.3149995803833,14.3149995803833,100.0
2024-03-01 12:12:00,ENVB,1.5699000358581543,1.5699000358581543,1.5700000524520874,1.5500999689102173,1.559999942779541,2727.0
2024-03-01 12:12:00,EQ,2.4200000762939453,2.4200000762939453,2.444999933242798,2.380000114440918,2.380000114440918,27592.0
2024-03-01 12:12:00,ERAS,2.5299999713897705,2.5299999713897705,2.5299999713897705,2.5299999713897705,2.5299999713897705,160.0
2024-03-01 12:12:00,ESPR,2.5350000858306885,2.5350000858306885,2.5350000858306885,2.5302000045776367,2.5350000858306885,1684.0
2024-03-01 12:12:00,ESTA,45.97990036010742,45.97990036010742,45.999900817871094,45.97990036010742,45.999900817871094,965.0
2024-03-01 12:12:00,EVO,7.510000228881836,7.510000228881836,7.510000228881836,7.5,7.5,669.0
2024-03-01 12:12:00,EWTX,17.014999389648438,17.014999389648438,17.030000686645508,17.014999389648438,17.014999389648438,660.0
2024-03-01 12:12:00,EXAI,6.800000190734863,6.800000190734863,6.800000190734863,6.800000190734863,6.800000190734863,275.0
2024-03-01 12:12:00,EXEL,22.5,22.5,22.514999389648438,22.5,22.514999389648438,3753.0
2024-03-01 12:12:00,EYEN,2.315000057220459,2.315000057220459,2.315000057220459,2.299999952316284,2.299999952316284,18830.0
2024-03-01 12:12:00,EYPT,27.969999313354492,27.969999313354492,27.969999313354492,27.959999084472656,27.969999313354492,1113.0
2024-03-01 12:12:00,FATE,7.40500020980835,7.40500020980835,7.409999847412109,7.40500020980835,7.409999847412109,1132.0
2024-03-01 12:12:00,FBIO,2.259999990463257,2.259999990463257,2.259999990463257,2.25,2.25,3945.0
2024-03-01 12:12:00,FDMT,29.155000686645508,29.155000686645508,29.155000686645508,29.155000686645508,29.155000686645508,362.0
2024-03-01 12:12:00,FGEN,1.835800051689148,1.835800051689148,1.835800051689148,1.835800051689148,1.835800051689148,300.0
2024-03-01 12:12:00,FOLD,13.274999618530273,13.274999618530273,13.274999618530273,13.265000343322754,13.26509952545166,3145.0
2024-03-01 12:12:00,FRTX,0.9399999976158142,0.9399999976158142,0.9399999976158142,0.9399999976158142,0.9399999976158142,781.0
2024-03-01 12:12:00,FULC,10.899999618530273,10.899999618530273,10.899999618530273,10.850000381469727,10.859999656677246,25847.0
2024-03-01 12:12:00,FUSN,12.319999694824219,12.319999694824219,12.329999923706055,12.3100004196167,12.329999923706055,4539.0
2024-03-01 12:12:00,GDRX,8.335000038146973,8.335000038146973,8.335000038146973,8.3149995803833,8.319999694824219,5127.0
2024-03-01 12:12:00,GERN,2.184999942779541,2.184999942779541,2.190000057220459,2.180000066757202,2.1821999549865723,28689.0
2024-03-01 12:12:00,GH,19.260000228881836,19.260000228881836,19.280000686645508,19.260000228881836,19.280000686645508,1696.0
2024-03-01 12:12:00,GILD,72.2300033569336,72.2300033569336,72.23750305175781,72.2300033569336,72.23500061035156,2506.0
2024-03-01 12:12:00,GLPG,35.20000076293945,35.20000076293945,35.20000076293945,35.20000076293945,35.20000076293945,153.0
2024-03-01 12:12:00,GLYC,3.049999952316284,3.049999952316284,3.049999952316284,3.009999990463257,3.009999990463257,8779.0
2024-03-01 12:12:00,GMAB,29.3700008392334,29.3700008392334,29.3700008392334,29.36199951171875,29.3700008392334,458.0
2024-03-01 12:12:00,GMDA,0.3871000111103058,0.3871000111103058,0.3880000114440918,0.3869999945163727,0.3880000114440918,2350.0
2024-03-01 12:12:00,GOSS,1.3650000095367432,1.3650000095367432,1.3650000095367432,1.3600000143051147,1.3650000095367432,4580.0
2024-03-01 12:12:00,GRFS,7.039999961853027,7.039999961853027,7.054999828338623,7.039999961853027,7.054999828338623,761.0
2024-03-01 12:12:00,GRPH,3.4749999046325684,3.4749999046325684,3.4749999046325684,3.4749999046325684,3.4749999046325684,100.0
2024-03-01 12:12:00,GRTS,2.194999933242798,2.194999933242798,2.2100000381469727,2.194999933242798,2.2100000381469727,2066.0
2024-03-01 12:12:00,GRTX,0.23639999330043793,0.23639999330043793,0.23639999330043793,0.23639999330043793,0.23639999330043793,604.0
2024-03-01 12:12:00,GTHX,3.6500000953674316,3.6500000953674316,3.6500000953674316,3.640000104904175,3.6456000804901123,4132.0
2024-03-01 12:12:00,HALO,41.608699798583984,41.608699798583984,41.61000061035156,41.5099983215332,41.529998779296875,8929.0
2024-03-01 12:12:00,HCAT,7.994999885559082,7.994999885559082,7.994999885559082,7.989999771118164,7.994999885559082,538.0
2024-03-01 12:12:00,HCSG,12.649999618530273,12.649999618530273,12.649999618530273,12.649999618530273,12.649999618530273,476.0
2024-03-01 12:12:00,HLTH,0.27000001072883606,0.27000001072883606,0.27239999175071716,0.27000001072883606,0.27000001072883606,4152.0
2024-03-01 12:12:00,HOLX,73.66300201416016,73.66300201416016,73.7300033569336,73.66300201416016,73.70999908447266,3152.0
2024-03-01 12:12:00,HRTX,2.5950000286102295,2.5950000286102295,2.609499931335449,2.5950000286102295,2.600100040435791,15427.0
2024-03-01 12:12:00,HSIC,76.82499694824219,76.82499694824219,76.84030151367188,76.82499694824219,76.84030151367188,1353.0
2024-03-01 12:12:00,HSTM,27.329999923706055,27.329999923706055,27.329999923706055,27.329999923706055,27.329999923706055,452.0
2024-03-01 12:12:00,HUGE,0.8849999904632568,0.8849999904632568,0.8849999904632568,0.8849999904632568,0.8849999904632568,100.0
2024-03-01 12:12:00,HUMA,3.450000047683716,3.450000047683716,3.450000047683716,3.440200090408325,3.444999933242798,17183.0
2024-03-01 12:12:00,IART,36.4900016784668,36.4900016784668,36.505001068115234,36.47999954223633,36.47999954223633,2301.0
2024-03-01 12:12:00,IBRX,4.864999771118164,4.864999771118164,4.869999885559082,4.864999771118164,4.864999771118164,1837.0
2024-03-01 12:12:00,ICLR,323.0450134277344,323.0450134277344,323.0450134277344,323.0450134277344,323.0450134277344,259.0
2024-03-01 12:12:00,ICUI,105.3550033569336,105.3550033569336,105.86000061035156,105.33000183105469,105.86000061035156,3149.0
2024-03-01 12:12:00,IDYA,46.34000015258789,46.34000015258789,46.34000015258789,46.31999969482422,46.31999969482422,349.0
2024-03-01 12:12:00,IINN,1.631700038909912,1.631700038909912,1.631700038909912,1.631700038909912,1.631700038909912,164.0
2024-03-01 12:12:00,ILMN,142.0500030517578,142.0500030517578,142.0500030517578,142.0500030517578,142.0500030517578,320.0
2024-03-01 12:12:00,IMAB,1.839900016784668,1.839900016784668,1.839900016784668,1.839900016784668,1.839900016784668,403.0
2024-03-01 12:12:00,IMCR,67.70999908447266,67.70999908447266,68.02999877929688,67.70999908447266,68.02999877929688,5698.0
2024-03-01 12:12:00,INBX,36.68000030517578,36.68000030517578,36.68000030517578,36.68000030517578,36.68000030517578,229.0
2024-03-01 12:12:00,INCY,59.099998474121094,59.099998474121094,59.099998474121094,59.040000915527344,59.040000915527344,1774.0
2024-03-01 12:12:00,INMB,12.119999885559082,12.119999885559082,12.180000305175781,12.005000114440918,12.005000114440918,1105.0
2024-03-01 12:12:00,INMD,22.860000610351562,22.860000610351562,22.864999771118164,22.859899520874023,22.859899520874023,3953.0
2024-03-01 12:12:00,INO,9.239999771118164,9.239999771118164,9.239999771118164,9.239999771118164,9.239999771118164,400.0
2024-03-01 12:12:00,INSM,28.360000610351562,28.360000610351562,28.3700008392334,28.360000610351562,28.360000610351562,1246.0
2024-03-01 12:12:00,INVA,15.5600004196167,15.5600004196167,15.579999923706055,15.5600004196167,15.579999923706055,1954.0
2024-03-01 12:12:00,INVO,1.1799999475479126,1.1799999475479126,1.1799999475479126,1.1799999475479126,1.1799999475479126,919.0
2024-03-01 12:12:00,INZY,6.659999847412109,6.659999847412109,6.659999847412109,6.639999866485596,6.639999866485596,1591.0
2024-03-01 12:12:00,IOBT,1.7799999713897705,1.7799999713897705,1.7799999713897705,1.7699999809265137,1.7699999809265137,315.0
2024-03-01 12:12:00,IONS,45.939998626708984,45.939998626708984,45.94499969482422,45.939998626708984,45.94499969482422,760.0
2024-03-01 12:12:00,IOVA,16.713199615478516,16.713199615478516,16.75,16.709999084472656,16.735000610351562,27151.0
2024-03-01 12:12:00,IRWD,9.095000267028809,9.095000267028809,9.09749984741211,9.09000015258789,9.095000267028809,3141.0
2024-03-01 12:12:00,ISRG,394.44000244140625,394.44000244140625,394.489990234375,394.3299865722656,394.3800048828125,2155.0
2024-03-01 12:12:00,IVVD,4.019999980926514,4.019999980926514,4.070000171661377,4.019999980926514,4.054999828338623,5459.0
2024-03-01 12:12:00,IXHL,5.449999809265137,5.449999809265137,5.449999809265137,5.389999866485596,5.389999866485596,697.0
2024-03-01 12:12:00,JAGX,0.07325000315904617,0.07325000315904617,0.07360000163316727,0.07270000129938126,0.07329999655485153,340078.0
2024-03-01 12:12:00,JANX,46.77090072631836,46.77090072631836,46.880001068115234,46.77090072631836,46.84000015258789,3201.0
2024-03-01 12:12:00,KALA,7.199999809265137,7.199999809265137,7.199999809265137,7.199999809265137,7.199999809265137,532.0
2024-03-01 12:12:00,KALV,13.989999771118164,13.989999771118164,13.989999771118164,13.989999771118164,13.989999771118164,1264.0
2024-03-01 12:12:00,KNSA,21.729999542236328,21.729999542236328,21.735000610351562,21.729999542236328,21.735000610351562,592.0
2024-03-01 12:12:00,KNTE,2.609999895095825,2.609999895095825,2.615000009536743,2.609999895095825,2.610100030899048,2177.0
2024-03-01 12:12:00,KOD,6.099899768829346,6.099899768829346,6.099899768829346,6.099899768829346,6.099899768829346,330.0
2024-03-01 12:12:00,KPTI,1.1950000524520874,1.1950000524520874,1.1950000524520874,1.1950000524520874,1.1950000524520874,356.0
2024-03-01 12:12:00,KROS,70.50270080566406,70.50270080566406,70.50270080566406,70.50270080566406,70.50270080566406,252.0
2024-03-01 12:12:00,KRTX,316.5050048828125,316.5050048828125,316.5050048828125,316.5050048828125,316.5050048828125,269.0
2024-03-01 12:12:00,KTRA,0.09759999811649323,0.09759999811649323,0.097850002348423,0.09749999642372131,0.09749999642372131,2365.0
2024-03-01 12:12:00,KURA,21.229999542236328,21.229999542236328,21.260000228881836,21.229999542236328,21.239999771118164,1863.0
2024-03-01 12:12:00,KYMR,44.125,44.125,44.130001068115234,44.125,44.130001068115234,571.0
2024-03-01 12:12:00,KZIA,0.23999999463558197,0.23999999463558197,0.23999999463558197,0.23999999463558197,0.23999999463558197,625.0
2024-03-01 12:12:00,LEXX,2.749799966812134,2.749799966812134,2.749799966812134,2.749799966812134,2.749799966812134,355.0
2024-03-01 12:12:00,LFMD,7.986999988555908,7.986999988555908,7.989999771118164,7.980000019073486,7.980000019073486,1908.0
2024-03-01 12:12:00,LFST,7.945000171661377,7.945000171661377,7.945000171661377,7.945000171661377,7.945000171661377,2512.0
2024-03-01 12:12:00,LGND,78.44499969482422,78.44499969482422,78.44499969482422,78.44499969482422,78.44499969482422,186.0
2024-03-01 12:12:00,LIAN,4.849999904632568,4.849999904632568,4.849999904632568,4.849999904632568,4.849999904632568,213.0
2024-03-01 12:12:00,LMAT,66.9800033569336,66.9800033569336,67.25900268554688,66.9800033569336,67.2300033569336,3878.0
2024-03-01 12:12:00,LNTH,65.56999969482422,65.56999969482422,65.56999969482422,65.53500366210938,65.53500366210938,1198.0
2024-03-01 12:12:00,LQDA,14.390000343322754,14.390000343322754,14.390000343322754,14.390000343322754,14.390000343322754,1156.0
2024-03-01 12:12:00,LRMR,11.350000381469727,11.350000381469727,11.350000381469727,11.350000381469727,11.350000381469727,110.0
2024-03-01 12:12:00,LUNG,9.34000015258789,9.34000015258789,9.34000015258789,9.34000015258789,9.34000015258789,497.0
2024-03-01 12:12:00,LVTX,3.0799999237060547,3.0799999237060547,3.0799999237060547,3.069999933242798,3.069999933242798,621.0
2024-03-01 12:12:00,LXRX,2.444999933242798,2.444999933242798,2.444999933242798,2.444999933242798,2.444999933242798,631.0
2024-03-01 12:12:00,LYEL,3.1700000762939453,3.1700000762939453,3.180000066757202,3.1700000762939453,3.180000066757202,332.0
2024-03-01 12:12:00,LYRA,5.610000133514404,5.610000133514404,5.610000133514404,5.610000133514404,5.610000133514404,208.0
2024-03-01 12:12:00,MACK,14.729999542236328,14.729999542236328,14.729999542236328,14.729999542236328,14.729999542236328,305.0
2024-03-01 12:12:00,MCRB,1.190000057220459,1.190000057220459,1.1950000524520874,1.190000057220459,1.1950000524520874,301.0
2024-03-01 12:12:00,MDGL,245.8300018310547,245.8300018310547,245.8300018310547,245.8300018310547,245.8300018310547,2324.0
2024-03-01 12:12:00,MDRX,6.0,6.0,6.0,6.0,6.0,1789.0
2024-03-01 12:12:00,MDXG,8.574999809265137,8.574999809265137,8.574999809265137,8.574999809265137,8.574999809265137,142.0
2024-03-01 12:12:00,ME,0.5636000037193298,0.5636000037193298,0.5636000037193298,0.5636000037193298,0.5636000037193298,274.0
2024-03-01 12:12:00,MGNX,18.915000915527344,18.915000915527344,18.915000915527344,18.910200119018555,18.910200119018555,709.0
2024-03-01 12:12:00,MGTX,6.355000019073486,6.355000019073486,6.369999885559082,6.355000019073486,6.369999885559082,802.0
2024-03-01 12:12:00,MLTX,51.95000076293945,51.95000076293945,52.06999969482422,51.807498931884766,51.807498931884766,12722.0
2024-03-01 12:12:00,MNKD,4.554999828338623,4.554999828338623,4.554999828338623,4.550000190734863,4.550000190734863,2580.0
2024-03-01 12:12:00,MNMD,6.175000190734863,6.175000190734863,6.175000190734863,6.171299934387207,6.171299934387207,681.0
2024-03-01 12:12:00,MODD,1.909999966621399,1.909999966621399,1.909999966621399,1.909999966621399,1.909999966621399,350.0
2024-03-01 12:12:00,MODV,28.184999465942383,28.184999465942383,28.184999465942383,28.184999465942383,28.184999465942383,156.0
2024-03-01 12:12:00,MORF,39.18050003051758,39.18050003051758,39.19499969482422,39.099998474121094,39.130001068115234,2571.0
2024-03-01 12:12:00,MRNA,96.19999694824219,96.19999694824219,96.2300033569336,96.16000366210938,96.2300033569336,10227.0
2024-03-01 12:12:00,MRSN,5.90500020980835,5.90500020980835,5.920000076293945,5.880000114440918,5.920000076293945,5232.0
2024-03-01 12:12:00,MRUS,51.44499969482422,51.44499969482422,51.54999923706055,51.44499969482422,51.540000915527344,780.0
2024-03-01 12:12:00,MRVI,7.860000133514404,7.860000133514404,7.869999885559082,7.860000133514404,7.869999885559082,3585.0
2024-03-01 12:12:00,MXCT,4.735000133514404,4.735000133514404,4.739999771118164,4.730000019073486,4.739999771118164,461.0
2024-03-01 12:12:00,MYGN,21.565000534057617,21.565000534057617,21.610000610351562,21.565000534057617,21.60070037841797,2025.0
2024-03-01 12:12:00,MYNZ,0.8604000210762024,0.8604000210762024,0.8604000210762024,0.8604000210762024,0.8604000210762024,615.0
2024-03-01 12:12:00,NARI,46.18000030517578,46.18000030517578,46.18000030517578,46.150001525878906,46.16999816894531,2556.0
2024-03-01 12:12:00,NBIX,131.33999633789062,131.33999633789062,131.33999633789062,131.27000427246094,131.3000030517578,737.0
2024-03-01 12:12:00,NEO,16.079999923706055,16.079999923706055,16.100000381469727,16.079999923706055,16.100000381469727,869.0
2024-03-01 12:12:00,NEOG,17.344999313354492,17.344999313354492,17.354999542236328,17.344999313354492,17.350000381469727,2511.0
2024-03-01 12:12:00,NERV,2.5399999618530273,2.5399999618530273,2.5399999618530273,2.5399999618530273,2.5399999618530273,553.0
2024-03-01 12:12:00,NEXI,6.5,6.5,6.510000228881836,6.5,6.510000228881836,607.0
2024-03-01 12:12:00,NGM,1.5299999713897705,1.5299999713897705,1.534999966621399,1.5299999713897705,1.534999966621399,1011.0
2024-03-01 12:12:00,NKTR,0.7749000191688538,0.7749000191688538,0.7749000191688538,0.7749000191688538,0.7749000191688538,120.0
2024-03-01 12:12:00,NKTX,12.890000343322754,12.890000343322754,12.899999618530273,12.890000343322754,12.899999618530273,1348.0
2024-03-01 12:12:00,NNOX,11.170000076293945,11.170000076293945,11.1850004196167,11.170000076293945,11.170000076293945,2486.0
2024-03-01 12:12:00,NOTV,8.02180004119873,8.02180004119873,8.02180004119873,8.02180004119873,8.02180004119873,507.0
2024-03-01 12:12:00,NPCE,16.420000076293945,16.420000076293945,16.43000030517578,16.270000457763672,16.299999237060547,3723.0
2024-03-01 12:12:00,NRBO,6.019999980926514,6.019999980926514,6.019999980926514,6.019999980926514,6.019999980926514,100.0
2024-03-01 12:12:00,NRIX,13.40999984741211,13.40999984741211,13.420000076293945,13.40999984741211,13.420000076293945,721.0
2024-03-01 12:12:00,NRSN,2.0899999141693115,2.0899999141693115,2.0899999141693115,2.0899999141693115,2.0899999141693115,312.0
2024-03-01 12:12:00,NRXP,0.41040000319480896,0.41040000319480896,0.41100001335144043,0.4000000059604645,0.4099999964237213,143387.0
2024-03-01 12:12:00,NTLA,33.45000076293945,33.45000076293945,33.470001220703125,33.45000076293945,33.470001220703125,662.0
2024-03-01 12:12:00,NTRA,88.81999969482422,88.81999969482422,88.87000274658203,88.7699966430664,88.87000274658203,2923.0
2024-03-01 12:12:00,NUTX,0.11400000005960464,0.11400000005960464,0.11400000005960464,0.11320000141859055,0.11349999904632568,2129.0
2024-03-01 12:12:00,NUVL,87.83499908447266,87.83499908447266,87.83499908447266,87.83499908447266,87.83499908447266,101.0
2024-03-01 12:12:00,NUWE,0.5799000263214111,0.5799000263214111,0.5799000263214111,0.5799000263214111,0.5799000263214111,160.0
2024-03-01 12:12:00,NVAX,5.148799896240234,5.148799896240234,5.150000095367432,5.141200065612793,5.144999980926514,1879.0
2024-03-01 12:12:00,NVCR,16.0,16.0,16.0,16.0,16.0,267.0
2024-03-01 12:12:00,NVCT,10.675000190734863,10.675000190734863,10.675000190734863,10.675000190734863,10.675000190734863,107.0
2024-03-01 12:12:00,NVNO,6.5,6.5,6.5,6.5,6.5,1562.0
2024-03-01 12:12:00,NXTC,1.8049999475479126,1.8049999475479126,1.8049999475479126,1.8049999475479126,1.8049999475479126,200.0
2024-03-01 12:12:00,OCGN,0.9399999976158142,0.9399999976158142,0.9399999976158142,0.9366999864578247,0.9366999864578247,6458.0
2024-03-01 12:12:00,OCUL,10.710000038146973,10.710000038146973,10.729999542236328,10.704999923706055,10.704999923706055,17631.0
2024-03-01 12:12:00,OGI,2.180000066757202,2.180000066757202,2.190000057220459,2.180000066757202,2.184999942779541,2994.0
2024-03-01 12:12:00,OLMA,14.005000114440918,14.005000114440918,14.005000114440918,14.005000114440918,14.005000114440918,571.0
2024-03-01 12:12:00,OM,3.1549999713897705,3.1549999713897705,3.1549999713897705,3.1549999713897705,3.1549999713897705,196.0
2024-03-01 12:12:00,OMER,4.739999771118164,4.739999771118164,4.739999771118164,4.739999771118164,4.739999771118164,750.0
2024-03-01 12:12:00,OMGA,4.199900150299072,4.199900150299072,4.199900150299072,4.190000057220459,4.190000057220459,704.0
2024-03-01 12:13:00,ABCL,5.215000152587891,5.215000152587891,5.215000152587891,5.215000152587891,5.215000152587891,329.0
2024-03-01 12:13:00,ABEO,7.739999771118164,7.739999771118164,7.739999771118164,7.739999771118164,7.739999771118164,107.0
2024-03-01 12:13:00,ABOS,4.664999961853027,4.664999961853027,4.664999961853027,4.664999961853027,4.664999961853027,100.0
2024-03-01 12:13:00,ABSI,5.25,5.25,5.255000114440918,5.25,5.25,4233.0
2024-03-01 12:13:00,ACAD,23.860000610351562,23.860000610351562,23.8799991607666,23.799999237060547,23.809999465942383,9291.0
2024-03-01 12:13:00,ACB,3.1700000762939453,3.1700000762939453,3.200000047683716,3.1700000762939453,3.194999933242798,12083.0
2024-03-01 12:13:00,ACCD,10.25,10.25,10.25,10.25,10.25,241.0
2024-03-01 12:13:00,ACET,2.3801000118255615,2.3801000118255615,2.384999990463257,2.3801000118255615,2.384999990463257,312.0
2024-03-01 12:13:00,ACIU,3.800100088119507,3.800100088119507,3.800100088119507,3.800100088119507,3.800100088119507,1500.0
2024-03-01 12:13:00,ACLX,67.27999877929688,67.27999877929688,67.27999877929688,67.27999877929688,67.27999877929688,423.0
2024-03-01 12:13:00,ACRS,1.2374999523162842,1.2374999523162842,1.2374999523162842,1.2300000190734863,1.2350000143051147,1336.0
2024-03-01 12:13:00,ADAP,1.600000023841858,1.600000023841858,1.6100000143051147,1.600000023841858,1.6100000143051147,7804.0
2024-03-01 12:13:00,ADIL,3.0899999141693115,3.0899999141693115,3.0999999046325684,3.059999942779541,3.0799999237060547,10401.0
2024-03-01 12:13:00,ADMA,5.375,5.375,5.375,5.375,5.375,100.0
2024-03-01 12:13:00,ADPT,4.175000190734863,4.175000190734863,4.175000190734863,4.175000190734863,4.175000190734863,140.0
2024-03-01 12:13:00,ADVM,1.9550000429153442,1.9550000429153442,1.9550000429153442,1.9550000429153442,1.9550000429153442,500.0
2024-03-01 12:13:00,AFIB,0.20909999310970306,0.20909999310970306,0.20909999310970306,0.20909999310970306,0.20909999310970306,113.0
2024-03-01 12:13:00,AFMD,0.625,0.625,0.625,0.625,0.625,953.0
2024-03-01 12:13:00,AGEN,0.6738499999046326,0.6738499999046326,0.6739000082015991,0.6737499833106995,0.6738749742507935,16755.0
2024-03-01 12:13:00,AGIO,32.83000183105469,32.83000183105469,32.83000183105469,32.83000183105469,32.83000183105469,543.0
2024-03-01 12:13:00,AGRX,0.8402000069618225,0.8402000069618225,0.8402000069618225,0.8402000069618225,0.8402000069618225,694.0
2024-03-01 12:13:00,AHCO,10.850000381469727,10.850000381469727,10.87090015411377,10.819999694824219,10.819999694824219,9397.0
2024-03-01 12:13:00,AIMD,0.9599999785423279,0.9599999785423279,0.9599999785423279,0.9599999785423279,0.9599999785423279,300.0
2024-03-01 12:13:00,AKBA,1.6749999523162842,1.6749999523162842,1.6799999475479126,1.6699999570846558,1.6699999570846558,2315.0
2024-03-01 12:13:00,AKRO,30.024999618530273,30.024999618530273,30.049999237060547,30.0,30.0,1505.0
2024-03-01 12:13:00,AKYA,6.099999904632568,6.099999904632568,6.099999904632568,6.099999904632568,6.099999904632568,300.0
2024-03-01 12:13:00,ALDX,4.129300117492676,4.129300117492676,4.129300117492676,4.119999885559082,4.119999885559082,3378.0
2024-03-01 12:13:00,ALEC,7.454999923706055,7.454999923706055,7.454999923706055,7.454999923706055,7.454999923706055,427.0
2024-03-01 12:13:00,ALHC,5.71999979019165,5.71999979019165,5.730000019073486,5.71999979019165,5.71999979019165,2018.0
2024-03-01 12:13:00,ALKS,30.200000762939453,30.200000762939453,30.200000762939453,30.200000762939453,30.200000762939453,454.0
2024-03-01 12:13:00,ALLK,1.600000023841858,1.600000023841858,1.600000023841858,1.600000023841858,1.600000023841858,6870.0
2024-03-01 12:13:00,ALLO,5.034999847412109,5.034999847412109,5.034999847412109,5.034999847412109,5.034999847412109,360.0
2024-03-01 12:13:00,ALPN,35.86000061035156,35.86000061035156,35.880001068115234,35.86000061035156,35.880001068115234,1141.0
2024-03-01 12:13:00,ALT,11.989999771118164,11.989999771118164,12.010000228881836,11.989999771118164,12.010000228881836,4885.0
2024-03-01 12:13:00,ALVR,0.7554000020027161,0.7554000020027161,0.7554000020027161,0.7554000020027161,0.7554000020027161,100.0
2024-03-01 12:13:00,AMED,93.05000305175781,93.05000305175781,93.05000305175781,93.05000305175781,93.05000305175781,100.0
2024-03-01 12:13:00,AMGN,281.7049865722656,281.7049865722656,281.7349853515625,281.6700134277344,281.7319030761719,3652.0
2024-03-01 12:13:00,AMLX,18.790000915527344,18.790000915527344,18.790000915527344,18.790000915527344,18.790000915527344,1110.0
2024-03-01 12:13:00,AMPH,45.38570022583008,45.38570022583008,45.400001525878906,45.380001068115234,45.400001525878906,1342.0
2024-03-01 12:13:00,AMRN,1.0499999523162842,1.0499999523162842,1.0549999475479126,1.0499999523162842,1.0499999523162842,735.0
2024-03-01 12:13:00,ANAB,25.360000610351562,25.360000610351562,25.360000610351562,25.360000610351562,25.360000610351562,100.0
2024-03-01 12:13:00,ANNX,5.960000038146973,5.960000038146973,5.960000038146973,5.909999847412109,5.909999847412109,4207.0
2024-03-01 12:13:00,ANTX,3.0199999809265137,3.0199999809265137,3.0199999809265137,3.0199999809265137,3.0199999809265137,158.0
2024-03-01 12:13:00,APLS,65.30999755859375,65.30999755859375,65.34500122070312,65.30000305175781,65.34500122070312,1001.0
2024-03-01 12:13:00,APLT,7.059999942779541,7.059999942779541,7.110000133514404,7.059999942779541,7.092199802398682,969.0
2024-03-01 12:13:00,AQST,4.320099830627441,4.320099830627441,4.329899787902832,4.310100078582764,4.319300174713135,11999.0
2024-03-01 12:13:00,ARDX,9.65999984741211,9.65999984741211,9.664999961853027,9.654999732971191,9.65999984741211,16806.0
2024-03-01 12:13:00,ARQT,11.589900016784668,11.589900016784668,11.640000343322754,11.569999694824219,11.630000114440918,27690.0
2024-03-01 12:13:00,ARVN,48.96500015258789,48.96500015258789,48.96500015258789,48.96500015258789,48.96500015258789,121.0
2024-03-01 12:13:00,ARWR,35.310001373291016,35.310001373291016,35.310001373291016,35.084999084472656,35.084999084472656,4394.0
2024-03-01 12:13:00,ASND,150.1300048828125,150.1300048828125,150.3000030517578,150.1300048828125,150.2949981689453,557.0
2024-03-01 12:13:00,ASRT,0.920199990272522,0.920199990272522,0.9293000102043152,0.9200999736785889,0.9293000102043152,4100.0
2024-03-01 12:13:00,ATAI,2.1196999549865723,2.1196999549865723,2.119999885559082,2.109999895095825,2.119999885559082,8178.0
2024-03-01 12:13:00,ATEC,13.5600004196167,13.5600004196167,13.5600004196167,13.550000190734863,13.550000190734863,591.0
2024-03-01 12:13:00,ATHA,3.9700000286102295,3.9700000286102295,3.9700000286102295,3.9700000286102295,3.9700000286102295,211.0
2024-03-01 12:13:00,ATOS,1.0,1.0,1.0009000301361084,1.0,1.0009000301361084,410.0
2024-03-01 12:13:00,ATRA,0.789650022983551,0.789650022983551,0.789650022983551,0.7850000262260437,0.785099983215332,430.0
2024-03-01 12:13:00,ATRC,36.0099983215332,36.0099983215332,36.0099983215332,36.0099983215332,36.0099983215332,1351.0
2024-03-01 12:13:00,ATXI,0.15389999747276306,0.15389999747276306,0.15389999747276306,0.15389999747276306,0.15389999747276306,202.0
2024-03-01 12:13:00,ATXS,15.010000228881836,15.010000228881836,15.095000267028809,15.010000228881836,15.095000267028809,5177.0
2024-03-01 12:13:00,AUPH,5.820799827575684,5.820799827575684,5.820799827575684,5.820799827575684,5.820799827575684,1072.0
2024-03-01 12:13:00,AUTL,6.329999923706055,6.329999923706055,6.329999923706055,6.329999923706055,6.329999923706055,1389.0
2024-03-01 12:13:00,AVGR,3.700000047683716,3.700000047683716,3.700000047683716,3.700000047683716,3.700000047683716,266.0
2024-03-01 12:13:00,AVRO,1.3600000143051147,1.3600000143051147,1.3600000143051147,1.350000023841858,1.350000023841858,600.0
2024-03-01 12:13:00,AVXL,5.360000133514404,5.360000133514404,5.360000133514404,5.360000133514404,5.360000133514404,220.0
2024-03-01 12:13:00,AXNX,67.5,67.5,67.5250015258789,67.5,67.5250015258789,2168.0
2024-03-01 12:13:00,AXSM,81.9749984741211,81.9749984741211,81.9749984741211,81.87999725341797,81.87999725341797,1135.0
2024-03-01 12:13:00,AZN,64.77999877929688,64.77999877929688,64.79000091552734,64.77999877929688,64.77999877929688,7407.0
2024-03-01 12:13:00,AZTA,66.65499877929688,66.65499877929688,66.65499877929688,66.65249633789062,66.65249633789062,437.0
2024-03-01 12:13:00,BBLG,2.2699999809265137,2.2699999809265137,2.2699999809265137,2.26990008354187,2.2699999809265137,900.0
2024-03-01 12:13:00,BCAB,2.734999895095825,2.734999895095825,2.734999895095825,2.734999895095825,2.734999895095825,110.0
2024-03-01 12:13:00,BCRX,5.760000228881836,5.760000228881836,5.760000228881836,5.760000228881836,5.760000228881836,329.0
2024-03-01 12:13:00,BCYC,25.84000015258789,25.84000015258789,25.84000015258789,25.825000762939453,25.825000762939453,764.0
2024-03-01 12:13:00,BDTX,5.03000020980835,5.03000020980835,5.03000020980835,5.03000020980835,5.03000020980835,204.0
2024-03-01 12:13:00,BEAM,40.04999923706055,40.04999923706055,40.04999923706055,40.04159927368164,40.04999923706055,1241.0
2024-03-01 12:13:00,BGXX,0.2693989872932434,0.2693989872932434,0.2693989872932434,0.2683529853820801,0.2683529853820801,594.0
2024-03-01 12:13:00,BIIB,219.99000549316406,219.99000549316406,219.99000549316406,219.99000549316406,219.99000549316406,205.0
2024-03-01 12:13:00,BIOL,0.1370999962091446,0.1370999962091446,0.1370999962091446,0.1370999962091446,0.1370999962091446,28255.0
2024-03-01 12:13:00,BIOR,1.2099000215530396,1.2099000215530396,1.2100000381469727,1.2099000215530396,1.2099000215530396,988.0
2024-03-01 12:13:00,BIVI,1.8300000429153442,1.8300000429153442,1.850000023841858,1.8300000429153442,1.8350000381469727,72392.0
2024-03-01 12:13:00,BLFS,18.334999084472656,18.334999084472656,18.334999084472656,18.334999084472656,18.334999084472656,200.0
2024-03-01 12:13:00,BLRX,1.3753000497817993,1.3753000497817993,1.3753000497817993,1.3753000497817993,1.3753000497817993,105.0
2024-03-01 12:13:00,BLUE,1.5841000080108643,1.5841000080108643,1.587499976158142,1.5800000429153442,1.587499976158142,12168.0
2024-03-01 12:13:00,BMEA,17.97369956970215,17.97369956970215,17.97369956970215,17.97369956970215,17.97369956970215,109.0
2024-03-01 12:13:00,BMRN,86.98999786376953,86.98999786376953,87.0199966430664,86.94999694824219,87.00499725341797,5791.0
2024-03-01 12:13:00,BNTX,92.18000030517578,92.18000030517578,92.18000030517578,92.08000183105469,92.08000183105469,3835.0
2024-03-01 12:13:00,BPMC,97.7300033569336,97.7300033569336,97.7300033569336,97.70999908447266,97.70999908447266,344.0
2024-03-01 12:13:00,BRKR,87.91000366210938,87.91000366210938,87.92250061035156,87.91000366210938,87.92250061035156,587.0
2024-03-01 12:13:00,BTAI,3.240000009536743,3.240000009536743,3.240000009536743,3.240000009536743,3.240000009536743,300.0
2024-03-01 12:13:00,BTTX,0.1720000058412552,0.1720000058412552,0.1720000058412552,0.17069999873638153,0.1712999939918518,2589.0
2024-03-01 12:13:00,BWAY,6.53000020980835,6.53000020980835,6.53000020980835,6.53000020980835,6.53000020980835,100.0
2024-03-01 12:13:00,CABA,23.969999313354492,23.969999313354492,23.969999313354492,23.969999313354492,23.969999313354492,601.0
2024-03-01 12:13:00,CARA,0.8901000022888184,0.8901000022888184,0.9099000096321106,0.8901000022888184,0.9099000096321106,10102.0
2024-03-01 12:13:00,CBAY,32.244998931884766,32.244998931884766,32.25,32.244998931884766,32.25,2640.0
2024-03-01 12:13:00,CCCC,10.890000343322754,10.890000343322754,10.904999732971191,10.890000343322754,10.899999618530273,1749.0
2024-03-01 12:13:00,CCRN,18.2549991607666,18.2549991607666,18.2549991607666,18.2549991607666,18.2549991607666,223.0
2024-03-01 12:13:00,CDMO,8.140000343322754,8.140000343322754,8.149999618530273,8.140000343322754,8.149999618530273,412.0
2024-03-01 12:13:00,CDNA,12.609999656677246,12.609999656677246,12.619999885559082,12.599699974060059,12.600000381469727,3312.0
2024-03-01 12:13:00,CDXS,4.514999866485596,4.514999866485596,4.550000190734863,4.514999866485596,4.550000190734863,2153.0
2024-03-01 12:13:00,CERE,41.09000015258789,41.09000015258789,41.10499954223633,41.064998626708984,41.10499954223633,13039.0
2024-03-01 12:13:00,CERT,17.510000228881836,17.510000228881836,17.510000228881836,17.510000228881836,17.510000228881836,376.0
2024-03-01 12:13:00,CGC,3.2799999713897705,3.2799999713897705,3.2899999618530273,3.2799999713897705,3.2887001037597656,30452.0
2024-03-01 12:13:00,CGEN,2.680000066757202,2.680000066757202,2.684999942779541,2.680000066757202,2.684999942779541,3007.0
2024-03-01 12:13:00,CHRS,2.369999885559082,2.369999885559082,2.380000114440918,2.369999885559082,2.375,27274.0
2024-03-01 12:13:00,CLDX,51.66999816894531,51.66999816894531,51.66999816894531,51.619998931884766,51.619998931884766,1083.0
2024-03-01 12:13:00,CLLS,2.5799999237060547,2.5799999237060547,2.5799999237060547,2.5799999237060547,2.5799999237060547,193.0
2024-03-01 12:13:00,CLOV,0.8651000261306763,0.8651000261306763,0.8655999898910522,0.8640990257263184,0.8640990257263184,26481.0
2024-03-01 12:13:00,CLPT,6.710000038146973,6.710000038146973,6.710000038146973,6.710000038146973,6.710000038146973,101.0
2024-03-01 12:13:00,CLRB,4.110000133514404,4.110000133514404,4.110000133514404,4.110000133514404,4.110000133514404,209.0
2024-03-01 12:13:00,CMPS,11.449999809265137,11.449999809265137,11.449999809265137,11.399999618530273,11.449999809265137,1481.0
2024-03-01 12:13:00,CMPX,1.8799999952316284,1.8799999952316284,1.8799999952316284,1.8799999952316284,1.8799999952316284,11455.0
2024-03-01 12:13:00,CMRX,1.1399999856948853,1.1399999856948853,1.1399999856948853,1.1399999856948853,1.1399999856948853,300.0
2024-03-01 12:13:00,COGT,7.190000057220459,7.190000057220459,7.199999809265137,7.190000057220459,7.190000057220459,516.0
2024-03-01 12:13:00,COLL,37.03499984741211,37.03499984741211,37.03499984741211,37.03499984741211,37.03499984741211,408.0
2024-03-01 12:13:00,CORT,23.739999771118164,23.739999771118164,23.770000457763672,23.739999771118164,23.739999771118164,2291.0
2024-03-01 12:13:00,COSM,0.7687000036239624,0.7687000036239624,0.7687000036239624,0.7687000036239624,0.7687000036239624,190.0
2024-03-01 12:13:00,CPRX,17.139999389648438,17.139999389648438,17.15999984741211,17.100099563598633,17.110000610351562,9138.0
2024-03-01 12:13:00,CPSI,9.239999771118164,9.239999771118164,9.25,9.239999771118164,9.25,2933.0
2024-03-01 12:13:00,CRBU,8.015000343322754,8.015000343322754,8.015000343322754,8.015000343322754,8.015000343322754,972.0
2024-03-01 12:13:00,CRDF,2.240000009536743,2.240000009536743,2.25,2.2300000190734863,2.23009991645813,10246.0
2024-03-01 12:13:00,CRDL,1.9800000190734863,1.9800000190734863,1.9800000190734863,1.9800000190734863,1.9800000190734863,168.0
2024-03-01 12:13:00,CRMD,3.7100000381469727,3.7100000381469727,3.7100000381469727,3.7100000381469727,3.7100000381469727,100.0
2024-03-01 12:13:00,CRNX,45.959999084472656,45.959999084472656,46.029998779296875,45.959999084472656,45.959999084472656,605.0
2024-03-01 12:13:00,CRON,2.059999942779541,2.059999942779541,2.059999942779541,2.059999942779541,2.059999942779541,1385.0
2024-03-01 12:13:00,CRSP,85.32630157470703,85.32630157470703,85.32630157470703,85.32630157470703,85.32630157470703,627.0
2024-03-01 12:13:00,CTKB,8.585000038146973,8.585000038146973,8.59000015258789,8.585000038146973,8.587499618530273,325.0
2024-03-01 12:13:00,CTMX,2.6600000858306885,2.6600000858306885,2.6600000858306885,2.6500000953674316,2.6600000858306885,2929.0
2024-03-01 12:13:00,CTSO,0.970229983329773,0.970229983329773,0.970229983329773,0.949999988079071,0.949999988079071,200.0
2024-03-01 12:13:00,CVRX,20.475000381469727,20.475000381469727,20.475000381469727,20.475000381469727,20.475000381469727,396.0
2024-03-01 12:13:00,CYTK,73.68000030517578,73.68000030517578,73.73500061035156,73.68000030517578,73.68000030517578,601.0
2024-03-01 12:13:00,CYTO,2.25,2.25,2.25,2.188699960708618,2.190000057220459,6856.0
2024-03-01 12:13:00,DAWN,17.489999771118164,17.489999771118164,17.489999771118164,17.489999771118164,17.489999771118164,187.0
2024-03-01 12:13:00,DCGO,4.130000114440918,4.130000114440918,4.130000114440918,4.130000114440918,4.130000114440918,113.0
2024-03-01 12:13:00,DCPH,17.469999313354492,17.469999313354492,17.469999313354492,17.469999313354492,17.469999313354492,1062.0
2024-03-01 12:13:00,DCTH,4.195000171661377,4.195000171661377,4.195000171661377,4.195000171661377,4.195000171661377,217.0
2024-03-01 12:13:00,DH,9.045000076293945,9.045000076293945,9.045000076293945,9.045000076293945,9.045000076293945,243.0
2024-03-01 12:13:00,DMTK,0.8734999895095825,0.8734999895095825,0.8769999742507935,0.8700000047683716,0.8769999742507935,11012.0
2024-03-01 12:13:00,DNLI,20.850000381469727,20.850000381469727,20.850000381469727,20.850000381469727,20.850000381469727,324.0
2024-03-01 12:13:00,DTIL,12.149999618530273,12.149999618530273,12.15999984741211,12.032999992370605,12.032999992370605,1818.0
2024-03-01 12:13:00,DVAX,12.890000343322754,12.890000343322754,12.899999618530273,12.890000343322754,12.895000457763672,3109.0
2024-03-01 12:13:00,DXCM,121.12999725341797,121.12999725341797,121.12999725341797,120.80999755859375,120.93000030517578,16413.0
2024-03-01 12:13:00,DYN,28.6200008392334,28.6200008392334,28.6200008392334,28.6200008392334,28.6200008392334,406.0
2024-03-01 12:13:00,EDIT,10.899999618530273,10.899999618530273,10.90999984741211,10.891200065612793,10.891200065612793,5271.0
2024-03-01 12:13:00,EGRX,6.75,6.75,6.75,6.75,6.75,402.0
2024-03-01 12:13:00,EKSO,1.968999981880188,1.968999981880188,1.968999981880188,1.968999981880188,1.968999981880188,1055.0
2024-03-01 12:13:00,ELEV,4.7692999839782715,4.7692999839782715,4.789999961853027,4.755000114440918,4.789999961853027,1150.0
2024-03-01 12:13:00,EMBC,14.34000015258789,14.34000015258789,14.34000015258789,14.3149995803833,14.3149995803833,1556.0
2024-03-01 12:13:00,ENTA,15.244999885559082,15.244999885559082,15.260000228881836,15.239999771118164,15.239999771118164,4849.0
2024-03-01 12:13:00,ENVB,1.5609999895095825,1.5609999895095825,1.565000057220459,1.559999942779541,1.559999942779541,786.0
2024-03-01 12:13:00,ERAS,2.5299999713897705,2.5299999713897705,2.5299999713897705,2.5250000953674316,2.5250000953674316,602.0
2024-03-01 12:13:00,ESPR,2.5350000858306885,2.5350000858306885,2.5399999618530273,2.5299999713897705,2.5350000858306885,4826.0
2024-03-01 12:13:00,ESTA,45.999900817871094,45.999900817871094,45.999900817871094,45.999900817871094,45.999900817871094,159.0
2024-03-01 12:13:00,ETNB,13.0,13.0,13.0,13.0,13.0,1007.0
2024-03-01 12:13:00,ETON,4.420100212097168,4.420100212097168,4.420100212097168,4.420100212097168,4.420100212097168,151.0
2024-03-01 12:13:00,EWTX,17.0,17.0,17.0,17.0,17.0,549.0
2024-03-01 12:13:00,EXAI,6.804999828338623,6.804999828338623,6.804999828338623,6.80049991607666,6.80049991607666,1009.0
2024-03-01 12:13:00,EXAS,59.7400016784668,59.7400016784668,59.814998626708984,59.720001220703125,59.77009963989258,3297.0
2024-03-01 12:13:00,EXEL,22.5,22.5,22.5049991607666,22.5,22.5049991607666,2116.0
2024-03-01 12:13:00,EYEN,2.3399999141693115,2.3399999141693115,2.3399999141693115,2.319999933242798,2.319999933242798,16397.0
2024-03-01 12:13:00,FATE,7.40500020980835,7.40500020980835,7.40500020980835,7.40500020980835,7.40500020980835,100.0
2024-03-01 12:13:00,FGEN,1.840000033378601,1.840000033378601,1.840000033378601,1.8350000381469727,1.8350000381469727,1056.0
2024-03-01 12:13:00,FHTX,8.109999656677246,8.109999656677246,8.109999656677246,8.109999656677246,8.109999656677246,115.0
2024-03-01 12:13:00,FLGT,23.200000762939453,23.200000762939453,23.200000762939453,23.200000762939453,23.200000762939453,267.0
2024-03-01 12:13:00,FOLD,13.274999618530273,13.274999618530273,13.274999618530273,13.274999618530273,13.274999618530273,100.0
2024-03-01 12:13:00,FULC,10.899999618530273,10.899999618530273,10.90999984741211,10.899999618530273,10.899999618530273,2108.0
2024-03-01 12:13:00,FUSN,12.324999809265137,12.324999809265137,12.324999809265137,12.319999694824219,12.319999694824219,1956.0
2024-03-01 12:13:00,GALT,1.9600000381469727,1.9600000381469727,1.9600000381469727,1.9600000381469727,1.9600000381469727,100.0
2024-03-01 12:13:00,GANX,4.690000057220459,4.690000057220459,4.699900150299072,4.690000057220459,4.699900150299072,6900.0
2024-03-01 12:13:00,GBIO,2.630000114440918,2.630000114440918,2.630000114440918,2.6298999786376953,2.630000114440918,6824.0
2024-03-01 12:13:00,GDRX,8.335000038146973,8.335000038146973,8.34000015258789,8.329999923706055,8.329999923706055,645.0
2024-03-01 12:13:00,GERN,2.1898000240325928,2.1898000240325928,2.190000057220459,2.180000066757202,2.190000057220459,1713.0
2024-03-01 12:13:00,GH,19.25,19.25,19.260000228881836,19.25,19.2549991607666,566.0
2024-03-01 12:13:00,GHRS,8.795000076293945,8.795000076293945,8.795000076293945,8.795000076293945,8.795000076293945,369.0
2024-03-01 12:13:00,GILD,72.2699966430664,72.2699966430664,72.2699966430664,72.23500061035156,72.23500061035156,8691.0
2024-03-01 12:13:00,GLPG,35.227500915527344,35.227500915527344,35.227500915527344,35.227500915527344,35.227500915527344,100.0
2024-03-01 12:13:00,GLYC,3.049999952316284,3.049999952316284,3.049999952316284,3.0399999618530273,3.049999952316284,1011.0
2024-03-01 12:13:00,GMAB,29.3700008392334,29.3700008392334,29.3700008392334,29.356000900268555,29.3700008392334,866.0
2024-03-01 12:13:00,GMDA,0.38749998807907104,0.38749998807907104,0.3889999985694885,0.38690000772476196,0.3871000111103058,15710.0
2024-03-01 12:13:00,GNPX,4.539999961853027,4.539999961853027,4.550000190734863,4.539999961853027,4.539999961853027,880.0
2024-03-01 12:13:00,GRFS,7.039999961853027,7.039999961853027,7.039999961853027,7.034999847412109,7.034999847412109,2555.0
2024-03-01 12:13:00,GRPH,3.4700000286102295,3.4700000286102295,3.4749999046325684,3.4700000286102295,3.4749999046325684,266.0
2024-03-01 12:13:00,GRTS,2.180000066757202,2.180000066757202,2.190000057220459,2.180000066757202,2.184999942779541,9140.0
2024-03-01 12:13:00,GRTX,0.23639999330043793,0.23639999330043793,0.23639999330043793,0.23639999330043793,0.23639999330043793,403.0
2024-03-01 12:13:00,GTHX,3.634999990463257,3.634999990463257,3.6449999809265137,3.634999990463257,3.6449999809265137,2439.0
2024-03-01 12:13:00,HALO,41.61000061035156,41.61000061035156,41.61000061035156,41.61000061035156,41.61000061035156,411.0
2024-03-01 12:13:00,HARP,22.940000534057617,22.940000534057617,22.940000534057617,22.940000534057617,22.940000534057617,242.0
2024-03-01 12:13:00,HBIO,4.329999923706055,4.329999923706055,4.329999923706055,4.329999923706055,4.329999923706055,145.0
2024-03-01 12:13:00,HCAT,7.989999771118164,7.989999771118164,7.989999771118164,7.989999771118164,7.989999771118164,2390.0
2024-03-01 12:13:00,HCSG,12.670000076293945,12.670000076293945,12.670000076293945,12.649999618530273,12.649999618530273,4408.0
2024-03-01 12:13:00,HCTI,2.4330999851226807,2.4330999851226807,2.4330999851226807,2.4330999851226807,2.4330999851226807,1324.0
2024-03-01 12:13:00,HLTH,0.26989999413490295,0.26989999413490295,0.27000001072883606,0.26989999413490295,0.27000001072883606,806.0
2024-03-01 12:13:00,HOLX,73.69000244140625,73.69000244140625,73.69000244140625,73.68000030517578,73.68000030517578,1713.0
2024-03-01 12:13:00,HOWL,6.925000190734863,6.925000190734863,6.96999979019165,6.925000190734863,6.96999979019165,457.0
2024-03-01 12:13:00,HRMY,31.420000076293945,31.420000076293945,31.420000076293945,31.420000076293945,31.420000076293945,210.0
2024-03-01 12:13:00,HRTX,2.5950000286102295,2.5950000286102295,2.599900007247925,2.5950000286102295,2.5950000286102295,2651.0
2024-03-01 12:13:00,HSIC,76.84500122070312,76.84500122070312,76.84500122070312,76.84500122070312,76.84500122070312,107.0
2024-03-01 12:13:00,HSTM,27.350000381469727,27.350000381469727,27.350000381469727,27.350000381469727,27.350000381469727,537.0
2024-03-01 12:13:00,HUMA,3.444999933242798,3.444999933242798,3.450000047683716,3.440000057220459,3.449899911880493,20899.0
2024-03-01 12:13:00,IART,36.5,36.5,36.5,36.5,36.5,696.0
2024-03-01 12:13:00,IBRX,4.877999782562256,4.877999782562256,4.880000114440918,4.869999885559082,4.869999885559082,3908.0
2024-03-01 12:13:00,ICLR,323.0400085449219,323.0400085449219,323.0400085449219,323.0400085449219,323.0400085449219,499.0
2024-03-01 12:13:00,ICUI,105.16500091552734,105.16500091552734,105.29000091552734,105.16000366210938,105.29000091552734,1558.0
2024-03-01 12:13:00,IDYA,46.34000015258789,46.34000015258789,46.34000015258789,46.34000015258789,46.34000015258789,279.0
2024-03-01 12:13:00,IINN,1.6404999494552612,1.6404999494552612,1.6404999494552612,1.6404999494552612,1.6404999494552612,192.0
2024-03-01 12:13:00,IKNA,1.465000033378601,1.465000033378601,1.465000033378601,1.465000033378601,1.465000033378601,110.0
2024-03-01 12:13:00,ILMN,142.05499267578125,142.05499267578125,142.08999633789062,142.03500366210938,142.03500366210938,1285.0
2024-03-01 12:13:00,IMAB,1.840000033378601,1.840000033378601,1.840000033378601,1.840000033378601,1.840000033378601,1390.0
2024-03-01 12:13:00,IMMX,3.5399999618530273,3.5399999618530273,3.5399999618530273,3.5399999618530273,3.5399999618530273,102.0
2024-03-01 12:13:00,IMNM,25.8700008392334,25.8700008392334,25.899999618530273,25.82830047607422,25.82830047607422,1408.0
2024-03-01 12:13:00,IMTX,12.989999771118164,12.989999771118164,12.989999771118164,12.975000381469727,12.975000381469727,832.0
2024-03-01 12:13:00,IMUX,1.4950000047683716,1.4950000047683716,1.4950000047683716,1.4950000047683716,1.4950000047683716,2125.0
2024-03-01 12:13:00,IMVT,36.33000183105469,36.33000183105469,36.33000183105469,36.310001373291016,36.31999969482422,1304.0
2024-03-01 12:13:00,INAB,1.1050000190734863,1.1050000190734863,1.107300043106079,1.100000023841858,1.100000023841858,1357.0
2024-03-01 12:13:00,INBX,36.65999984741211,36.65999984741211,36.65999984741211,36.65999984741211,36.65999984741211,390.0
2024-03-01 12:13:00,INCY,59.165000915527344,59.165000915527344,59.189998626708984,59.13999938964844,59.15999984741211,965.0
2024-03-01 12:13:00,INGN,6.869999885559082,6.869999885559082,6.869999885559082,6.869999885559082,6.869999885559082,103.0
2024-03-01 12:13:00,INO,9.289999961853027,9.289999961853027,9.289999961853027,9.276300430297852,9.276300430297852,1968.0
2024-03-01 12:13:00,INSM,28.3799991607666,28.3799991607666,28.3799991607666,28.360000610351562,28.360000610351562,1178.0
2024-03-01 12:13:00,INZY,6.659999847412109,6.659999847412109,6.659999847412109,6.659999847412109,6.659999847412109,100.0
2024-03-01 12:13:00,IONS,45.90999984741211,45.90999984741211,45.94499969482422,45.90999984741211,45.94499969482422,1712.0
2024-03-01 12:13:00,IOVA,16.760000228881836,16.760000228881836,16.799999237060547,16.719999313354492,16.719999313354492,20320.0
2024-03-01 12:13:00,IRWD,9.107500076293945,9.107500076293945,9.119999885559082,9.095000267028809,9.095000267028809,30748.0
2024-03-01 12:13:00,ISRG,394.55999755859375,394.55999755859375,394.55999755859375,394.4800109863281,394.510009765625,1175.0
2024-03-01 12:13:00,IXHL,5.349999904632568,5.349999904632568,5.400000095367432,5.349999904632568,5.400000095367432,2126.0
2024-03-01 12:13:00,JAGX,0.07370000332593918,0.07370000332593918,0.0738999992609024,0.0731000006198883,0.0731000006198883,139406.0
2024-03-01 12:13:00,KNSA,21.700000762939453,21.700000762939453,21.729999542236328,21.700000762939453,21.729999542236328,603.0
2024-03-01 12:13:00,KOD,6.119999885559082,6.119999885559082,6.119999885559082,6.110000133514404,6.110000133514404,1219.0
2024-03-01 12:13:00,KPTI,1.1950000524520874,1.1950000524520874,1.1988999843597412,1.1950000524520874,1.1950000524520874,800.0
2024-03-01 12:13:00,KRON,1.024999976158142,1.024999976158142,1.024999976158142,1.024999976158142,1.024999976158142,750.0
2024-03-01 12:13:00,KRYS,167.1300048828125,167.1300048828125,167.1300048828125,167.1300048828125,167.1300048828125,579.0
2024-03-01 12:13:00,KTRA,0.09700000286102295,0.09700000286102295,0.09759999811649323,0.09700000286102295,0.09749999642372131,41125.0
2024-03-01 12:13:00,KURA,21.25,21.25,21.25,21.25,21.25,679.0
2024-03-01 12:13:00,KYMR,44.119998931884766,44.119998931884766,44.119998931884766,44.119998931884766,44.119998931884766,372.0
2024-03-01 12:13:00,KZR,1.0800000429153442,1.0800000429153442,1.090000033378601,1.0800000429153442,1.0801000595092773,422.0
2024-03-01 12:13:00,LBPH,22.139999389648438,22.139999389648438,22.139999389648438,22.139999389648438,22.139999389648438,115.0
2024-03-01 12:13:00,LEGN,65.9800033569336,65.9800033569336,66.03500366210938,65.91999816894531,66.0199966430664,976.0
2024-03-01 12:13:00,LFMD,7.974999904632568,7.974999904632568,7.974999904632568,7.974999904632568,7.974999904632568,187.0
2024-03-01 12:13:00,LFST,7.945000171661377,7.945000171661377,7.945000171661377,7.945000171661377,7.945000171661377,479.0
2024-03-01 12:13:00,LIVN,55.58000183105469,55.58000183105469,55.58000183105469,55.58000183105469,55.58000183105469,166.0
2024-03-01 12:13:00,LMAT,67.05999755859375,67.05999755859375,67.08999633789062,67.05999755859375,67.05999755859375,347.0
2024-03-01 12:13:00,LNTH,65.62000274658203,65.62000274658203,65.62000274658203,65.56999969482422,65.56999969482422,716.0
2024-03-01 12:13:00,LTRN,4.644999980926514,4.644999980926514,4.644999980926514,4.644999980926514,4.644999980926514,472.0
2024-03-01 12:13:00,LVTX,3.030100107192993,3.030100107192993,3.069999933242798,3.030100107192993,3.069999933242798,8649.0
2024-03-01 12:13:00,LXRX,2.444999933242798,2.444999933242798,2.444999933242798,2.444999933242798,2.444999933242798,512.0
2024-03-01 12:13:00,LYEL,3.174999952316284,3.174999952316284,3.177500009536743,3.174999952316284,3.177500009536743,400.0
2024-03-01 12:13:00,LYRA,5.610000133514404,5.610000133514404,5.610000133514404,5.610000133514404,5.610000133514404,100.0
2024-03-01 12:13:00,MCRB,1.190000057220459,1.190000057220459,1.1950000524520874,1.190000057220459,1.190000057220459,12820.0
2024-03-01 12:13:00,MDRX,6.050000190734863,6.050000190734863,6.050000190734863,6.0,6.0,154740.0
2024-03-01 12:13:00,MDXG,8.560099601745605,8.560099601745605,8.569999694824219,8.5600004196167,8.569999694824219,3170.0
2024-03-01 12:13:00,ME,0.5626999735832214,0.5626999735832214,0.5636000037193298,0.5626999735832214,0.5633000135421753,6200.0
2024-03-01 12:13:00,MEDP,400.0,400.0,400.0950012207031,400.0,400.0950012207031,1884.0
2024-03-01 12:13:00,MGNX,18.950000762939453,18.950000762939453,18.950000762939453,18.93000030517578,18.93000030517578,2032.0
2024-03-01 12:13:00,MIRM,29.940000534057617,29.940000534057617,29.96500015258789,29.90999984741211,29.940000534057617,2106.0
2024-03-01 12:13:00,MMSI,76.79499816894531,76.79499816894531,76.79499816894531,76.79499816894531,76.79499816894531,131.0
2024-03-01 12:13:00,MNKD,4.574999809265137,4.574999809265137,4.579999923706055,4.554999828338623,4.554999828338623,14154.0
2024-03-01 12:13:00,MNMD,6.125,6.125,6.179999828338623,6.125,6.179999828338623,7433.0
2024-03-01 12:13:00,MODD,1.9299999475479126,1.9299999475479126,1.940000057220459,1.9299999475479126,1.940000057220459,300.0
2024-03-01 12:13:00,MREO,3.865000009536743,3.865000009536743,3.865000009536743,3.865000009536743,3.865000009536743,1526.0
2024-03-01 12:13:00,MRKR,3.569999933242798,3.569999933242798,3.569999933242798,3.569999933242798,3.569999933242798,508.0
2024-03-01 12:13:00,MRNA,96.25,96.25,96.27999877929688,96.19999694824219,96.2300033569336,11073.0
2024-03-01 12:13:00,MRSN,5.900000095367432,5.900000095367432,5.90500020980835,5.900000095367432,5.90500020980835,600.0
2024-03-01 12:13:00,MRUS,51.400001525878906,51.400001525878906,51.439998626708984,51.34000015258789,51.439998626708984,484.0
2024-03-01 12:13:00,MRVI,7.860000133514404,7.860000133514404,7.860000133514404,7.860000133514404,7.860000133514404,1798.0
2024-03-01 12:13:00,MXCT,4.739999771118164,4.739999771118164,4.739999771118164,4.730000019073486,4.739999771118164,896.0
2024-03-01 12:13:00,MYGN,21.584999084472656,21.584999084472656,21.584999084472656,21.584999084472656,21.584999084472656,200.0
2024-03-01 12:13:00,NARI,46.209999084472656,46.209999084472656,46.2599983215332,46.18000030517578,46.18000030517578,4428.0
2024-03-01 12:13:00,NBIX,131.3000030517578,131.3000030517578,131.35000610351562,131.27000427246094,131.27000427246094,856.0
2024-03-01 12:13:00,NBTX,6.275000095367432,6.275000095367432,6.275000095367432,6.275000095367432,6.275000095367432,772.0
2024-03-01 12:13:00,NEO,16.09000015258789,16.09000015258789,16.09000015258789,16.09000015258789,16.09000015258789,875.0
2024-03-01 12:13:00,NEOG,17.344999313354492,17.344999313354492,17.344999313354492,17.344999313354492,17.344999313354492,941.0
2024-03-01 12:13:00,NEXI,6.5,6.5,6.5,6.5,6.5,903.0
2024-03-01 12:13:00,NGM,1.5299999713897705,1.5299999713897705,1.5299999713897705,1.5299999713897705,1.5299999713897705,627.0
2024-03-01 12:13:00,NKTR,0.7723309993743896,0.7723309993743896,0.7749000191688538,0.7723309993743896,0.7749000191688538,800.0
2024-03-01 12:13:00,NNOX,11.175200462341309,11.175200462341309,11.180000305175781,11.164999961853027,11.164999961853027,2715.0
2024-03-01 12:13:00,NOTV,8.039999961853027,8.039999961853027,8.039999961853027,8.03499984741211,8.03499984741211,364.0
2024-03-01 12:13:00,NPCE,16.38640022277832,16.38640022277832,16.38640022277832,16.360000610351562,16.360000610351562,1764.0
2024-03-01 12:13:00,NRBO,5.974999904632568,5.974999904632568,6.0,5.974999904632568,6.0,1139.0
2024-03-01 12:13:00,NRIX,13.439900398254395,13.439900398254395,13.439900398254395,13.430000305175781,13.430000305175781,349.0
2024-03-01 12:13:00,NRSN,2.084700107574463,2.084700107574463,2.0999999046325684,2.084700107574463,2.0899999141693115,10691.0
2024-03-01 12:13:00,NTLA,33.47999954223633,33.47999954223633,33.47999954223633,33.459999084472656,33.459999084472656,1251.0
2024-03-01 12:13:00,NTRA,88.9800033569336,88.9800033569336,89.01000213623047,88.79000091552734,88.8550033569336,7548.0
2024-03-01 12:13:00,NUTX,0.11384999752044678,0.11384999752044678,0.11400000005960464,0.11299999803304672,0.11400000005960464,19006.0
2024-03-01 12:13:00,NUVL,87.83999633789062,87.83999633789062,87.86000061035156,87.83999633789062,87.86000061035156,336.0
2024-03-01 12:13:00,NVAX,5.141499996185303,5.141499996185303,5.150000095367432,5.139999866485596,5.150000095367432,2315.0
2024-03-01 12:13:00,NVCR,16.0,16.0,16.0,15.98009967803955,15.98009967803955,758.0
2024-03-01 12:13:00,NVOS,0.6262999773025513,0.6262999773025513,0.6262999773025513,0.6262999773025513,0.6262999773025513,100.0
2024-03-01 12:13:00,NXTC,1.8049999475479126,1.8049999475479126,1.8049999475479126,1.8049999475479126,1.8049999475479126,301.0
2024-03-01 12:13:00,OCGN,0.9399999976158142,0.9399999976158142,0.9399999976158142,0.9309999942779541,0.9350000023841858,16521.0
2024-03-01 12:13:00,OCUL,10.701199531555176,10.701199531555176,10.710000038146973,10.699999809265137,10.70009994506836,6253.0
2024-03-01 12:13:00,OGI,2.190000057220459,2.190000057220459,2.190000057220459,2.184999942779541,2.184999942779541,913.0
2024-03-01 12:13:00,OLMA,14.026000022888184,14.026000022888184,14.026000022888184,14.017000198364258,14.017000198364258,915.0
2024-03-01 12:13:00,OMER,4.739999771118164,4.739999771118164,4.739999771118164,4.739999771118164,4.739999771118164,1580.0
2024-03-01 12:13:00,OMGA,4.190000057220459,4.190000057220459,4.190000057220459,4.190000057220459,4.190000057220459,107.0
2024-03-01 12:14:00,ABCL,5.215000152587891,5.215000152587891,5.215000152587891,5.215000152587891,5.215000152587891,204.0
2024-03-01 12:14:00,ABEO,7.739999771118164,7.739999771118164,7.739999771118164,7.739999771118164,7.739999771118164,121.0
2024-03-01 12:14:00,ABSI,5.255000114440918,5.255000114440918,5.255000114440918,5.25,5.255000114440918,2230.0
2024-03-01 12:14:00,ACAD,23.8799991607666,23.8799991607666,23.899999618530273,23.860000610351562,23.8700008392334,1920.0
2024-03-01 12:14:00,ACB,3.1700000762939453,3.1700000762939453,3.180000066757202,3.1700000762939453,3.180000066757202,2803.0
2024-03-01 12:14:00,ACCD,10.247400283813477,10.247400283813477,10.25979995727539,10.239999771118164,10.25979995727539,2736.0
2024-03-01 12:14:00,ACET,2.390000104904175,2.390000104904175,2.390000104904175,2.384999990463257,2.384999990463257,620.0
2024-03-01 12:14:00,ACHC,84.08999633789062,84.08999633789062,84.08999633789062,84.04499816894531,84.04499816894531,2086.0
2024-03-01 12:14:00,ACON,0.39100000262260437,0.39100000262260437,0.39500001072883606,0.39100000262260437,0.39500001072883606,410.0
2024-03-01 12:14:00,ACRS,1.2350000143051147,1.2350000143051147,1.2350000143051147,1.2300000190734863,1.2350000143051147,1107.0
2024-03-01 12:14:00,ADAP,1.6026999950408936,1.6026999950408936,1.6150000095367432,1.6026999950408936,1.6150000095367432,770.0
2024-03-01 12:14:00,ADIL,3.0799999237060547,3.0799999237060547,3.0999999046325684,3.069999933242798,3.0799999237060547,13698.0
2024-03-01 12:14:00,ADMA,5.379199981689453,5.379199981689453,5.379199981689453,5.375,5.375,881.0
2024-03-01 12:14:00,ADVM,1.9600000381469727,1.9600000381469727,1.9600000381469727,1.9550000429153442,1.9600000381469727,891.0
2024-03-01 12:14:00,AGEN,0.6738499999046326,0.6738499999046326,0.6739000082015991,0.6738499999046326,0.6738749742507935,4471.0
2024-03-01 12:14:00,AGIO,32.8650016784668,32.8650016784668,32.86750030517578,32.86000061035156,32.86000061035156,376.0
2024-03-01 12:14:00,AGRX,0.8400999903678894,0.8400999903678894,0.8400999903678894,0.8400999903678894,0.8400999903678894,1010.0
2024-03-01 12:14:00,AHCO,10.850000381469727,10.850000381469727,10.859999656677246,10.850000381469727,10.850000381469727,3813.0
2024-03-01 12:14:00,AIRS,6.480000019073486,6.480000019073486,6.480000019073486,6.480000019073486,6.480000019073486,259.0
2024-03-01 12:14:00,AKBA,1.6799999475479126,1.6799999475479126,1.6799999475479126,1.6699999570846558,1.6749999523162842,5562.0
2024-03-01 12:14:00,AKRO,30.049999237060547,30.049999237060547,30.06999969482422,30.049999237060547,30.049999237060547,1084.0
2024-03-01 12:14:00,ALDX,4.139999866485596,4.139999866485596,4.139999866485596,4.122200012207031,4.122200012207031,1282.0
2024-03-01 12:14:00,ALEC,7.449999809265137,7.449999809265137,7.454999923706055,7.449999809265137,7.454999923706055,1201.0
2024-03-01 12:14:00,ALGS,1.100000023841858,1.100000023841858,1.100000023841858,1.097499966621399,1.0997999906539917,1635.0
2024-03-01 12:14:00,ALHC,5.760000228881836,5.760000228881836,5.760000228881836,5.715000152587891,5.71999979019165,5910.0
2024-03-01 12:14:00,ALKS,30.219999313354492,30.219999313354492,30.219999313354492,30.204999923706055,30.204999923706055,2462.0
2024-03-01 12:14:00,ALLK,1.5950000286102295,1.5950000286102295,1.5950000286102295,1.5950000286102295,1.5950000286102295,330.0
2024-03-01 12:14:00,ALLO,5.034999847412109,5.034999847412109,5.034999847412109,5.031199932098389,5.031199932098389,528.0
2024-03-01 12:14:00,ALPN,35.904998779296875,35.904998779296875,35.90999984741211,35.869998931884766,35.869998931884766,1554.0
2024-03-01 12:14:00,ALT,12.010000228881836,12.010000228881836,12.020000457763672,11.989999771118164,11.990099906921387,1471.0
2024-03-01 12:14:00,ALVO,15.667499542236328,15.667499542236328,15.670000076293945,15.664999961853027,15.664999961853027,701.0
2024-03-01 12:14:00,AMED,93.19999694824219,93.19999694824219,93.19999694824219,93.19000244140625,93.19000244140625,400.0
2024-03-01 12:14:00,AMGN,281.7300109863281,281.7300109863281,281.7550048828125,281.69500732421875,281.69500732421875,2545.0
2024-03-01 12:14:00,AMLX,18.825000762939453,18.825000762939453,18.825000762939453,18.799999237060547,18.799999237060547,1291.0
2024-03-01 12:14:00,AMPH,45.39500045776367,45.39500045776367,45.428749084472656,45.39500045776367,45.39500045776367,1122.0
2024-03-01 12:14:00,ANAB,25.43000030517578,25.43000030517578,25.43000030517578,25.395000457763672,25.395000457763672,1154.0
2024-03-01 12:14:00,ANNX,5.960000038146973,5.960000038146973,5.96999979019165,5.960000038146973,5.960000038146973,2030.0
2024-03-01 12:14:00,ANTX,3.0199999809265137,3.0199999809265137,3.0199999809265137,3.015000104904175,3.015000104904175,261.0
2024-03-01 12:14:00,APLS,65.2020034790039,65.2020034790039,65.29989624023438,65.2020034790039,65.29000091552734,3912.0
2024-03-01 12:14:00,APLT,7.059999942779541,7.059999942779541,7.079999923706055,7.059999942779541,7.059999942779541,526.0
2024-03-01 12:14:00,AQST,4.329899787902832,4.329899787902832,4.329899787902832,4.325799942016602,4.325799942016602,755.0
2024-03-01 12:14:00,ARAY,2.640000104904175,2.640000104904175,2.640000104904175,2.640000104904175,2.640000104904175,511.0
2024-03-01 12:14:00,ARCT,39.64500045776367,39.64500045776367,39.65999984741211,39.64500045776367,39.650001525878906,564.0
2024-03-01 12:14:00,ARDX,9.675000190734863,9.675000190734863,9.675000190734863,9.654999732971191,9.654999732971191,6029.0
2024-03-01 12:14:00,ARQT,11.600000381469727,11.600000381469727,11.600000381469727,11.583700180053711,11.59000015258789,4875.0
2024-03-01 12:14:00,ARVN,49.04499816894531,49.04499816894531,49.09000015258789,48.974998474121094,48.974998474121094,2621.0
2024-03-01 12:14:00,ARWR,35.34000015258789,35.34000015258789,35.349998474121094,35.29499816894531,35.29499816894531,1020.0
2024-03-01 12:14:00,ASND,150.2550048828125,150.2550048828125,150.2550048828125,150.25,150.25,529.0
2024-03-01 12:14:00,ASRT,0.9293000102043152,0.9293000102043152,0.9293000102043152,0.9247999787330627,0.9293000102043152,2103.0
2024-03-01 12:14:00,ATAI,2.1142001152038574,2.1142001152038574,2.1198999881744385,2.109999895095825,2.1198999881744385,5092.0
2024-03-01 12:14:00,ATEC,13.5600004196167,13.5600004196167,13.5600004196167,13.553999900817871,13.553999900817871,3281.0
2024-03-01 12:14:00,ATHA,3.9800000190734863,3.9800000190734863,3.9800000190734863,3.9800000190734863,3.9800000190734863,101.0
2024-03-01 12:14:00,ATNF,3.2702999114990234,3.2702999114990234,3.2799999713897705,3.2702999114990234,3.2799999713897705,430.0
2024-03-01 12:14:00,ATRA,0.7900000214576721,0.7900000214576721,0.7943000197410583,0.7896999716758728,0.7896999716758728,5927.0
2024-03-01 12:14:00,ATRC,36.0099983215332,36.0099983215332,36.0099983215332,36.0099983215332,36.0099983215332,1118.0
2024-03-01 12:14:00,ATXI,0.15360000729560852,0.15360000729560852,0.1537500023841858,0.1535000056028366,0.1535000056028366,5150.0
2024-03-01 12:14:00,AUPH,5.840000152587891,5.840000152587891,5.840000152587891,5.829999923706055,5.829999923706055,3538.0
2024-03-01 12:14:00,AURA,9.467499732971191,9.467499732971191,9.467499732971191,9.467499732971191,9.467499732971191,101.0
2024-03-01 12:14:00,AUTL,6.340000152587891,6.340000152587891,6.340000152587891,6.340000152587891,6.340000152587891,734.0
2024-03-01 12:14:00,AVRO,1.350000023841858,1.350000023841858,1.350000023841858,1.350000023841858,1.350000023841858,220.0
2024-03-01 12:14:00,AVXL,5.360000133514404,5.360000133514404,5.360000133514404,5.360000133514404,5.360000133514404,225.0
2024-03-01 12:14:00,AXSM,82.41500091552734,82.41500091552734,82.41500091552734,82.05000305175781,82.05000305175781,2469.0
2024-03-01 12:14:00,AZN,64.78500366210938,64.78500366210938,64.78500366210938,64.7699966430664,64.783203125,7957.0
2024-03-01 12:14:00,BBIO,36.09000015258789,36.09000015258789,36.10499954223633,36.06999969482422,36.09000015258789,2215.0
2024-03-01 12:14:00,BBLG,2.2899999618530273,2.2899999618530273,2.2899999618530273,2.2899999618530273,2.2899999618530273,736.0
2024-03-01 12:14:00,BCDA,0.5698999762535095,0.5698999762535095,0.5699999928474426,0.5698999762535095,0.5699999928474426,500.0
2024-03-01 12:14:00,BCEL,0.26829999685287476,0.26829999685287476,0.26829999685287476,0.2669999897480011,0.2669999897480011,4028.0
2024-03-01 12:14:00,BCRX,5.760000228881836,5.760000228881836,5.760000228881836,5.75,5.75,4111.0
2024-03-01 12:14:00,BDSX,1.690000057220459,1.690000057220459,1.690000057220459,1.6098999977111816,1.6098999977111816,31895.0
2024-03-01 12:14:00,BDTX,5.045000076293945,5.045000076293945,5.049900054931641,5.034999847412109,5.034999847412109,2967.0
2024-03-01 12:14:00,BEAM,40.05500030517578,40.05500030517578,40.08000183105469,40.05500030517578,40.08000183105469,559.0
2024-03-01 12:14:00,BGNE,166.99000549316406,166.99000549316406,166.99000549316406,166.99000549316406,166.99000549316406,519.0
2024-03-01 12:14:00,BIIB,219.86500549316406,219.86500549316406,219.86500549316406,219.86500549316406,219.86500549316406,682.0
2024-03-01 12:14:00,BIOR,1.2050000429153442,1.2050000429153442,1.2200000286102295,1.2050000429153442,1.2100000381469727,3702.0
2024-03-01 12:14:00,BIVI,1.8865000009536743,1.8865000009536743,1.899999976158142,1.8300000429153442,1.8307000398635864,212152.0
2024-03-01 12:14:00,BLFS,18.334999084472656,18.334999084472656,18.34000015258789,18.334999084472656,18.34000015258789,342.0
2024-03-01 12:14:00,BLUE,1.5870000123977661,1.5870000123977661,1.590000033378601,1.5800000429153442,1.590000033378601,12451.0
2024-03-01 12:14:00,BMEA,17.950000762939453,17.950000762939453,18.0,17.950000762939453,18.0,914.0
2024-03-01 12:14:00,BMRN,87.0,87.0,87.01000213623047,87.0,87.01000213623047,916.0
2024-03-01 12:14:00,BNGO,1.2527999877929688,1.2527999877929688,1.2527999877929688,1.2527999877929688,1.2527999877929688,319.0
2024-03-01 12:14:00,BNTX,92.2699966430664,92.2699966430664,92.2699966430664,92.12000274658203,92.12000274658203,396.0
2024-03-01 12:14:00,BPMC,97.79000091552734,97.79000091552734,97.79000091552734,97.72000122070312,97.72989654541016,1859.0
2024-03-01 12:14:00,BRKR,87.94000244140625,87.94000244140625,87.94000244140625,87.93000030517578,87.93000030517578,571.0
2024-03-01 12:14:00,BTAI,3.240000009536743,3.240000009536743,3.240000009536743,3.240000009536743,3.240000009536743,2847.0
2024-03-01 12:14:00,BTMD,6.083099842071533,6.083099842071533,6.083099842071533,6.083099842071533,6.083099842071533,349.0
2024-03-01 12:14:00,BTTX,0.1712999939918518,0.1712999939918518,0.1712999939918518,0.1712999939918518,0.1712999939918518,1350.0
2024-03-01 12:14:00,BWAY,6.53000020980835,6.53000020980835,6.53000020980835,6.53000020980835,6.53000020980835,115.0
2024-03-01 12:14:00,CARA,0.8901000022888184,0.8901000022888184,0.8901000022888184,0.8901000022888184,0.8901000022888184,143.0
2024-03-01 12:14:00,CCCC,10.885000228881836,10.885000228881836,10.890000343322754,10.880800247192383,10.880800247192383,1121.0
2024-03-01 12:14:00,CCRN,18.229999542236328,18.229999542236328,18.260000228881836,18.229999542236328,18.239999771118164,1456.0
2024-03-01 12:14:00,CDMO,8.140000343322754,8.140000343322754,8.140000343322754,8.135000228881836,8.140000343322754,953.0
2024-03-01 12:14:00,CDNA,12.604999542236328,12.604999542236328,12.604999542236328,12.600099563598633,12.600099563598633,1349.0
2024-03-01 12:14:00,CDXS,4.550000190734863,4.550000190734863,4.550000190734863,4.510000228881836,4.510000228881836,3150.0
2024-03-01 12:14:00,CELC,16.084999084472656,16.084999084472656,16.084999084472656,16.030000686645508,16.049999237060547,814.0
2024-03-01 12:14:00,CELU,3.598299980163574,3.598299980163574,3.598299980163574,3.5899999141693115,3.5899999141693115,263.0
2024-03-01 12:14:00,CERE,41.095001220703125,41.095001220703125,41.095001220703125,41.095001220703125,41.095001220703125,5012.0
2024-03-01 12:14:00,CERS,2.2195000648498535,2.2195000648498535,2.2200000286102295,2.2195000648498535,2.2200000286102295,3132.0
2024-03-01 12:14:00,CERT,17.600000381469727,17.600000381469727,17.600000381469727,17.485000610351562,17.530000686645508,19173.0
2024-03-01 12:14:00,CGC,3.2699999809265137,3.2699999809265137,3.279400110244751,3.259999990463257,3.279400110244751,26391.0
2024-03-01 12:14:00,CGEM,18.96500015258789,18.96500015258789,18.975000381469727,18.93000030517578,18.969999313354492,801.0
2024-03-01 12:14:00,CGTX,2.055000066757202,2.055000066757202,2.055000066757202,2.0299999713897705,2.0299999713897705,2645.0
2024-03-01 12:14:00,CHRS,2.380000114440918,2.380000114440918,2.380000114440918,2.369999885559082,2.369999885559082,13384.0
2024-03-01 12:14:00,CLDX,51.619998931884766,51.619998931884766,51.720001220703125,51.59000015258789,51.66999816894531,10551.0
2024-03-01 12:14:00,CLNN,0.3840000033378601,0.3840000033378601,0.38499999046325684,0.3840000033378601,0.38420000672340393,30304.0
2024-03-01 12:14:00,CLOV,0.8654000163078308,0.8654000163078308,0.8655999898910522,0.8651049733161926,0.8653489947319031,21534.0
2024-03-01 12:14:00,CLPT,6.739999771118164,6.739999771118164,6.739999771118164,6.730000019073486,6.730000019073486,1470.0
2024-03-01 12:14:00,CLSD,1.399899959564209,1.399899959564209,1.399999976158142,1.399899959564209,1.399999976158142,6695.0
2024-03-01 12:14:00,CMPS,11.460000038146973,11.460000038146973,11.460000038146973,11.460000038146973,11.460000038146973,205.0
2024-03-01 12:14:00,COGT,7.204999923706055,7.204999923706055,7.204999923706055,7.195000171661377,7.199999809265137,4038.0
2024-03-01 12:14:00,COLL,37.10499954223633,37.10499954223633,37.10499954223633,37.079898834228516,37.08000183105469,1059.0
2024-03-01 12:14:00,CORT,23.770000457763672,23.770000457763672,23.770000457763672,23.75,23.75,2009.0
2024-03-01 12:14:00,CPRX,17.155000686645508,17.155000686645508,17.174999237060547,17.149999618530273,17.149999618530273,4521.0
2024-03-01 12:14:00,CPSI,9.220000267028809,9.220000267028809,9.229999542236328,9.170000076293945,9.220000267028809,2141.0
2024-03-01 12:14:00,CRBP,32.099998474121094,32.099998474121094,32.099998474121094,32.099998474121094,32.099998474121094,218.0
2024-03-01 12:14:00,CRBU,8.020000457763672,8.020000457763672,8.020000457763672,8.020000457763672,8.020000457763672,1674.0
2024-03-01 12:14:00,CRDF,2.2583999633789062,2.2583999633789062,2.259999990463257,2.2400999069213867,2.25,9355.0
2024-03-01 12:14:00,CRMD,3.711899995803833,3.711899995803833,3.711899995803833,3.711899995803833,3.711899995803833,636.0
2024-03-01 12:14:00,CRNX,46.04999923706055,46.04999923706055,46.04999923706055,46.04999923706055,46.04999923706055,613.0
2024-03-01 12:14:00,CRON,2.055000066757202,2.055000066757202,2.059999942779541,2.055000066757202,2.059999942779541,1342.0
2024-03-01 12:14:00,CRSP,85.36499786376953,85.36499786376953,85.36499786376953,85.30999755859375,85.31999969482422,2323.0
2024-03-01 12:14:00,CTKB,8.574999809265137,8.574999809265137,8.59000015258789,8.574999809265137,8.59000015258789,2750.0
2024-03-01 12:14:00,CTMX,2.650099992752075,2.650099992752075,2.6600000858306885,2.650099992752075,2.6600000858306885,1235.0
2024-03-01 12:14:00,CTSO,0.949999988079071,0.949999988079071,0.949999988079071,0.949999988079071,0.949999988079071,115.0
2024-03-01 12:14:00,CTXR,0.7717000246047974,0.7717000246047974,0.7717000246047974,0.7717000246047974,0.7717000246047974,270.0
2024-03-01 12:14:00,CVAC,3.4800000190734863,3.4800000190734863,3.4800000190734863,3.4800000190734863,3.4800000190734863,1758.0
2024-03-01 12:14:00,CYTK,73.91500091552734,73.91500091552734,73.91500091552734,73.6500015258789,73.70999908447266,4014.0
2024-03-01 12:14:00,CYTO,2.240000009536743,2.240000009536743,2.25,2.240000009536743,2.25,301.0
2024-03-01 12:14:00,DAWN,17.520000457763672,17.520000457763672,17.520000457763672,17.489999771118164,17.489999771118164,2523.0
2024-03-01 12:14:00,DCGO,4.130000114440918,4.130000114440918,4.130000114440918,4.130000114440918,4.130000114440918,308.0
2024-03-01 12:14:00,DCPH,17.489999771118164,17.489999771118164,17.489999771118164,17.469999313354492,17.469999313354492,718.0
2024-03-01 12:14:00,DMTK,0.8697999715805054,0.8697999715805054,0.875249981880188,0.8500000238418579,0.8701009750366211,11984.0
2024-03-01 12:14:00,DNLI,20.86989974975586,20.86989974975586,20.86989974975586,20.850000381469727,20.850000381469727,644.0
2024-03-01 12:14:00,DRIO,2.0,2.0,2.0,2.0,2.0,1161.0
2024-03-01 12:14:00,DSGN,2.9049999713897705,2.9049999713897705,2.9049999713897705,2.9000000953674316,2.9000000953674316,1013.0
2024-03-01 12:14:00,DTIL,12.010000228881836,12.010000228881836,12.260000228881836,12.0,12.149999618530273,5201.0
2024-03-01 12:14:00,DVAX,12.890000343322754,12.890000343322754,12.890000343322754,12.885000228881836,12.890000343322754,886.0
2024-03-01 12:14:00,DXCM,121.16999816894531,121.16999816894531,121.2300033569336,121.08000183105469,121.12000274658203,10137.0
2024-03-01 12:14:00,DYN,28.59000015258789,28.59000015258789,28.670000076293945,28.59000015258789,28.6200008392334,3837.0
2024-03-01 12:14:00,EDIT,10.895000457763672,10.895000457763672,10.899999618530273,10.895000457763672,10.899999618530273,280.0
2024-03-01 12:14:00,ELEV,4.789999961853027,4.789999961853027,4.789999961853027,4.789999961853027,4.789999961853027,101.0
2024-03-01 12:14:00,ENSG,123.20500183105469,123.20500183105469,123.20500183105469,123.16999816894531,123.16999816894531,453.0
2024-03-01 12:14:00,ENTA,15.267499923706055,15.267499923706055,15.267499923706055,15.222700119018555,15.222700119018555,817.0
2024-03-01 12:14:00,ENVB,1.5609999895095825,1.5609999895095825,1.5699000358581543,1.559999942779541,1.559999942779541,2384.0
2024-03-01 12:14:00,ESPR,2.5399999618530273,2.5399999618530273,2.5399999618530273,2.5350000858306885,2.5350000858306885,879.0
2024-03-01 12:14:00,ESTA,45.999900817871094,45.999900817871094,45.999900817871094,45.900001525878906,45.900001525878906,586.0
2024-03-01 12:14:00,ETNB,13.010000228881836,13.010000228881836,13.020000457763672,13.010000228881836,13.010000228881836,2354.0
2024-03-01 12:14:00,EXAS,59.77000045776367,59.77000045776367,59.77000045776367,59.744998931884766,59.744998931884766,794.0
2024-03-01 12:14:00,EXEL,22.5049991607666,22.5049991607666,22.5049991607666,22.5049991607666,22.5049991607666,1339.0
2024-03-01 12:14:00,EYEN,2.3201000690460205,2.3201000690460205,2.3399999141693115,2.3201000690460205,2.3399999141693115,5122.0
2024-03-01 12:14:00,EYPT,28.010000228881836,28.010000228881836,28.020000457763672,28.0,28.020000457763672,1061.0
2024-03-01 12:14:00,FATE,7.420000076293945,7.420000076293945,7.425000190734863,7.409999847412109,7.409999847412109,2253.0
2024-03-01 12:14:00,FBIO,2.265000104904175,2.265000104904175,2.265000104904175,2.265000104904175,2.265000104904175,2004.0
2024-03-01 12:14:00,FDMT,29.170000076293945,29.170000076293945,29.170000076293945,29.155000686645508,29.155000686645508,2284.0
2024-03-01 12:14:00,FEMY,1.7200000286102295,1.7200000286102295,1.7200000286102295,1.7101000547409058,1.7101000547409058,604.0
2024-03-01 12:14:00,FGEN,1.8350000381469727,1.8350000381469727,1.8350000381469727,1.8300000429153442,1.8350000381469727,3866.0
2024-03-01 12:14:00,FOLD,13.295000076293945,13.295000076293945,13.295000076293945,13.270000457763672,13.274999618530273,4426.0
2024-03-01 12:14:00,FULC,10.925000190734863,10.925000190734863,10.925000190734863,10.899999618530273,10.920000076293945,4362.0
2024-03-01 12:14:00,FUSN,12.3056001663208,12.3056001663208,12.329999923706055,12.300000190734863,12.324999809265137,6183.0
2024-03-01 12:14:00,GANX,4.650000095367432,4.650000095367432,4.650000095367432,4.650000095367432,4.650000095367432,309.0
2024-03-01 12:14:00,GDRX,8.34000015258789,8.34000015258789,8.34000015258789,8.335000038146973,8.335000038146973,4182.0
2024-03-01 12:14:00,GERN,2.190000057220459,2.190000057220459,2.190000057220459,2.184999942779541,2.184999942779541,4134.0
2024-03-01 12:14:00,GH,19.260000228881836,19.260000228881836,19.260000228881836,19.2549991607666,19.2549991607666,1708.0
2024-03-01 12:14:00,GILD,72.29000091552734,72.29000091552734,72.29000091552734,72.2699966430664,72.2750015258789,11805.0
2024-03-01 12:14:00,GLPG,35.224998474121094,35.224998474121094,35.224998474121094,35.224998474121094,35.224998474121094,235.0
2024-03-01 12:14:00,GLTO,0.7250000238418579,0.7250000238418579,0.7250000238418579,0.7249000072479248,0.7249000072479248,3562.0
2024-03-01 12:14:00,GMAB,29.375,29.375,29.375,29.370100021362305,29.375,798.0
2024-03-01 12:14:00,GOSS,1.3600000143051147,1.3600000143051147,1.3698999881744385,1.3600000143051147,1.3600000143051147,743.0
2024-03-01 12:14:00,GRTS,2.180000066757202,2.180000066757202,2.184999942779541,2.180000066757202,2.180000066757202,1369.0
2024-03-01 12:14:00,GTHX,3.6301000118255615,3.6301000118255615,3.634999990463257,3.630000114440918,3.630000114440918,928.0
2024-03-01 12:14:00,HALO,41.630001068115234,41.630001068115234,41.630001068115234,41.61000061035156,41.61000061035156,878.0
2024-03-01 12:14:00,HCAT,7.994999885559082,7.994999885559082,7.994999885559082,7.994999885559082,7.994999885559082,102.0
2024-03-01 12:14:00,HLTH,0.27000001072883606,0.27000001072883606,0.27000001072883606,0.27000001072883606,0.27000001072883606,200.0
2024-03-01 12:14:00,HOLX,73.66999816894531,73.66999816894531,73.69499969482422,73.66999816894531,73.68000030517578,1195.0
2024-03-01 12:14:00,HOWL,6.920000076293945,6.920000076293945,6.920000076293945,6.920000076293945,6.920000076293945,265.0
2024-03-01 12:14:00,HPCO,0.25209999084472656,0.25209999084472656,0.25209999084472656,0.25209999084472656,0.25209999084472656,725.0
2024-03-01 12:14:00,HQY,81.67980194091797,81.67980194091797,81.67980194091797,81.67980194091797,81.67980194091797,209.0
2024-03-01 12:14:00,HRMY,31.469999313354492,31.469999313354492,31.5,31.459999084472656,31.459999084472656,1806.0
2024-03-01 12:14:00,HROW,10.859999656677246,10.859999656677246,10.859999656677246,10.84000015258789,10.84000015258789,1971.0
2024-03-01 12:14:00,HRTX,2.6050000190734863,2.6050000190734863,2.6050000190734863,2.5950000286102295,2.5999999046325684,11251.0
2024-03-01 12:14:00,HSIC,76.91000366210938,76.91000366210938,76.91000366210938,76.86990356445312,76.86990356445312,1491.0
2024-03-01 12:14:00,HUMA,3.444999933242798,3.444999933242798,3.450000047683716,3.440500020980835,3.444999933242798,9468.0
2024-03-01 12:14:00,IART,36.47999954223633,36.47999954223633,36.4900016784668,36.47999954223633,36.4900016784668,1008.0
2024-03-01 12:14:00,IBRX,4.894999980926514,4.894999980926514,4.894999980926514,4.880000114440918,4.880000114440918,5716.0
2024-03-01 12:14:00,ICCM,1.2999999523162842,1.2999999523162842,1.2999999523162842,1.2939000129699707,1.2939000129699707,1250.0
2024-03-01 12:14:00,ICUI,105.16999816894531,105.16999816894531,105.23999786376953,105.16999816894531,105.22000122070312,1762.0
2024-03-01 12:14:00,IDYA,46.38999938964844,46.38999938964844,46.38999938964844,46.38999938964844,46.38999938964844,250.0
2024-03-01 12:14:00,ILMN,142.2050018310547,142.2050018310547,142.2050018310547,142.13999938964844,142.13999938964844,1591.0
2024-03-01 12:14:00,IMCR,67.7249984741211,67.7249984741211,67.88999938964844,67.7249984741211,67.83999633789062,2158.0
2024-03-01 12:14:00,IMNM,25.93000030517578,25.93000030517578,25.93000030517578,25.90999984741211,25.90999984741211,699.0
2024-03-01 12:14:00,IMNN,1.0700000524520874,1.0700000524520874,1.0700000524520874,1.0700000524520874,1.0700000524520874,2605.0
2024-03-01 12:14:00,IMTX,12.989999771118164,12.989999771118164,12.989999771118164,12.989999771118164,12.989999771118164,110.0
2024-03-01 12:14:00,IMUX,1.4919999837875366,1.4919999837875366,1.4919999837875366,1.4919999837875366,1.4919999837875366,259.0
2024-03-01 12:14:00,IMVT,36.41999816894531,36.41999816894531,36.439998626708984,36.349998474121094,36.349998474121094,2692.0
2024-03-01 12:14:00,INBX,36.68000030517578,36.68000030517578,36.68000030517578,36.68000030517578,36.68000030517578,940.0
2024-03-01 12:14:00,INCY,59.165000915527344,59.165000915527344,59.189998626708984,59.13999938964844,59.13999938964844,465.0
2024-03-01 12:14:00,INGN,6.860000133514404,6.860000133514404,6.860499858856201,6.860000133514404,6.860000133514404,1627.0
2024-03-01 12:14:00,INMB,12.140000343322754,12.140000343322754,12.140000343322754,12.079999923706055,12.079999923706055,361.0
2024-03-01 12:14:00,INMD,22.850000381469727,22.850000381469727,22.875,22.84000015258789,22.8700008392334,3341.0
2024-03-01 12:14:00,INSM,28.440000534057617,28.440000534057617,28.450000762939453,28.3799991607666,28.3799991607666,1683.0
2024-03-01 12:14:00,INVA,15.600000381469727,15.600000381469727,15.600000381469727,15.5600004196167,15.5600004196167,5019.0
2024-03-01 12:14:00,INZY,6.659999847412109,6.659999847412109,6.664999961853027,6.639999866485596,6.664999961853027,8066.0
2024-03-01 12:14:00,IONS,45.939998626708984,45.939998626708984,45.939998626708984,45.935001373291016,45.935001373291016,1179.0
2024-03-01 12:14:00,IOVA,16.780000686645508,16.780000686645508,16.799999237060547,16.764999389648438,16.764999389648438,10975.0
2024-03-01 12:14:00,IRIX,2.630000114440918,2.630000114440918,2.630000114440918,2.630000114440918,2.630000114440918,100.0
2024-03-01 12:14:00,IRWD,9.095000267028809,9.095000267028809,9.107500076293945,9.090900421142578,9.100000381469727,12458.0
2024-03-01 12:14:00,ISRG,394.7149963378906,394.7149963378906,394.7149963378906,394.6000061035156,394.6000061035156,3047.0
2024-03-01 12:14:00,ITCI,71.95999908447266,71.95999908447266,71.95999908447266,71.80000305175781,71.80000305175781,1910.0
2024-03-01 12:14:00,JAGX,0.07360000163316727,0.07360000163316727,0.0737999975681305,0.07320000231266022,0.07374999672174454,81756.0
2024-03-01 12:14:00,JANX,47.09000015258789,47.09000015258789,47.09000015258789,46.9900016784668,46.9900016784668,1343.0
2024-03-01 12:14:00,JAZZ,119.36000061035156,119.36000061035156,119.4000015258789,119.31999969482422,119.4000015258789,1038.0
2024-03-01 12:14:00,KNSA,21.700000762939453,21.700000762939453,21.700000762939453,21.700000762939453,21.700000762939453,141.0
2024-03-01 12:14:00,KOD,6.125,6.125,6.125,6.125,6.125,185.0
2024-03-01 12:14:00,KPRX,0.6600000262260437,0.6600000262260437,0.6600000262260437,0.6600000262260437,0.6600000262260437,100.0
2024-03-01 12:14:00,KPTI,1.1990000009536743,1.1990000009536743,1.1990000009536743,1.1950000524520874,1.1950000524520874,850.0
2024-03-01 12:14:00,KRON,1.0299999713897705,1.0299999713897705,1.0299999713897705,1.0299999713897705,1.0299999713897705,140.0
2024-03-01 12:14:00,KROS,70.56999969482422,70.56999969482422,70.56999969482422,70.56999969482422,70.56999969482422,700.0
2024-03-01 12:14:00,KRYS,167.61000061035156,167.61000061035156,167.72999572753906,167.4199981689453,167.4199981689453,1137.0
2024-03-01 12:14:00,KTRA,0.09700000286102295,0.09700000286102295,0.09709999710321426,0.0966000035405159,0.09700000286102295,33623.0
2024-03-01 12:14:00,KURA,21.260000228881836,21.260000228881836,21.260000228881836,21.260000228881836,21.260000228881836,837.0
2024-03-01 12:14:00,KZIA,0.24009999632835388,0.24009999632835388,0.24009999632835388,0.24009999632835388,0.24009999632835388,2389.0
2024-03-01 12:14:00,KZR,1.0850000381469727,1.0850000381469727,1.0850000381469727,1.0850000381469727,1.0850000381469727,232.0
2024-03-01 12:14:00,LAB,2.5,2.5,2.5,2.494999885559082,2.494999885559082,1506.0
2024-03-01 12:14:00,LBPH,22.104999542236328,22.104999542236328,22.104999542236328,22.104999542236328,22.104999542236328,210.0
2024-03-01 12:14:00,LFMD,7.980000019073486,7.980000019073486,7.980000019073486,7.980000019073486,7.980000019073486,100.0
2024-03-01 12:14:00,LFST,7.934999942779541,7.934999942779541,7.945000171661377,7.934999942779541,7.940800189971924,3758.0
2024-03-01 12:14:00,LGND,78.94000244140625,78.94000244140625,78.94000244140625,78.61000061035156,78.61000061035156,1517.0
2024-03-01 12:14:00,LIFE,1.9199999570846558,1.9199999570846558,1.9199999570846558,1.9199999570846558,1.9199999570846558,490.0
2024-03-01 12:14:00,LMAT,66.87999725341797,66.87999725341797,67.0,66.8499984741211,67.0,1180.0
2024-03-01 12:14:00,LNTH,65.56999969482422,65.56999969482422,65.61000061035156,65.56999969482422,65.61000061035156,329.0
2024-03-01 12:14:00,LQDA,14.390000343322754,14.390000343322754,14.390000343322754,14.390000343322754,14.390000343322754,228.0
2024-03-01 12:14:00,LRMR,11.414999961853027,11.414999961853027,11.414999961853027,11.414999961853027,11.414999961853027,3110.0
2024-03-01 12:14:00,LVTX,3.059999942779541,3.059999942779541,3.059999942779541,3.036600112915039,3.036600112915039,350.0
2024-03-01 12:14:00,LXRX,2.444999933242798,2.444999933242798,2.448499917984009,2.4400999546051025,2.4400999546051025,2460.0
2024-03-01 12:14:00,LYEL,3.177500009536743,3.177500009536743,3.177500009536743,3.174999952316284,3.174999952316284,1441.0
2024-03-01 12:14:00,MASI,128.32000732421875,128.32000732421875,128.3300018310547,128.32000732421875,128.3249969482422,876.0
2024-03-01 12:14:00,MCRB,1.1950000524520874,1.1950000524520874,1.1950000524520874,1.190000057220459,1.1950000524520874,2148.0
2024-03-01 12:14:00,MDRX,6.0,6.0,6.03000020980835,6.0,6.0,53150.0
2024-03-01 12:14:00,ME,0.5623340010643005,0.5623340010643005,0.5623340010643005,0.5622000098228455,0.5622000098228455,1346.0
2024-03-01 12:14:00,MEDS,9.380000114440918,9.380000114440918,9.380000114440918,9.380000114440918,9.380000114440918,134.0
2024-03-01 12:14:00,MGNX,18.969999313354492,18.969999313354492,18.969999313354492,18.969999313354492,18.969999313354492,846.0
2024-03-01 12:14:00,MGTX,6.369999885559082,6.369999885559082,6.369999885559082,6.355000019073486,6.355000019073486,202.0
2024-03-01 12:14:00,MHUA,0.6899999976158142,0.6899999976158142,0.6899999976158142,0.6899999976158142,0.6899999976158142,300.0
2024-03-01 12:14:00,MIRM,29.93000030517578,29.93000030517578,29.93000030517578,29.93000030517578,29.93000030517578,162.0
2024-03-01 12:14:00,MLTX,51.88999938964844,51.88999938964844,51.88999938964844,51.88999938964844,51.88999938964844,102.0
2024-03-01 12:14:00,MMSI,76.79499816894531,76.79499816894531,76.79499816894531,76.79499816894531,76.79499816894531,258.0
2024-03-01 12:14:00,MNKD,4.574999809265137,4.574999809265137,4.574999809265137,4.570000171661377,4.574999809265137,5968.0
2024-03-01 12:14:00,MNMD,6.139999866485596,6.139999866485596,6.139999866485596,6.129899978637695,6.130000114440918,1261.0
2024-03-01 12:14:00,MODD,1.9299999475479126,1.9299999475479126,1.9299999475479126,1.9299999475479126,1.9299999475479126,200.0
2024-03-01 12:14:00,MODV,28.184999465942383,28.184999465942383,28.184999465942383,28.184999465942383,28.184999465942383,330.0
2024-03-01 12:14:00,MOR,17.59000015258789,17.59000015258789,17.59000015258789,17.579999923706055,17.579999923706055,308.0
2024-03-01 12:14:00,MREO,3.865000009536743,3.865000009536743,3.865000009536743,3.865000009536743,3.865000009536743,102.0
2024-03-01 12:14:00,MRNA,96.30999755859375,96.30999755859375,96.3499984741211,96.26000213623047,96.2699966430664,18658.0
2024-03-01 12:14:00,MRNS,9.979999542236328,9.979999542236328,9.979999542236328,9.979999542236328,9.979999542236328,485.0
2024-03-01 12:14:00,MRSN,5.894999980926514,5.894999980926514,5.914999961853027,5.894999980926514,5.909999847412109,6024.0
2024-03-01 12:14:00,MRUS,51.560001373291016,51.560001373291016,51.560001373291016,51.560001373291016,51.560001373291016,295.0
2024-03-01 12:14:00,MRVI,7.860000133514404,7.860000133514404,7.860000133514404,7.855000019073486,7.855000019073486,1629.0
2024-03-01 12:14:00,MXCT,4.735000133514404,4.735000133514404,4.739999771118164,4.730000019073486,4.739999771118164,1336.0
2024-03-01 12:14:00,MYGN,21.56999969482422,21.56999969482422,21.584999084472656,21.56999969482422,21.584999084472656,1208.0
2024-03-01 12:14:00,NARI,46.119998931884766,46.119998931884766,46.244998931884766,46.119998931884766,46.220001220703125,6224.0
2024-03-01 12:14:00,NBIX,131.13999938964844,131.13999938964844,131.1999969482422,131.1300048828125,131.19000244140625,2272.0
2024-03-01 12:14:00,NEO,16.079999923706055,16.079999923706055,16.079999923706055,16.079999923706055,16.079999923706055,200.0
2024-03-01 12:14:00,NEOG,17.344999313354492,17.344999313354492,17.344999313354492,17.344999313354492,17.344999313354492,405.0
2024-03-01 12:14:00,NERV,2.5299999713897705,2.5299999713897705,2.5299999713897705,2.5299999713897705,2.5299999713897705,962.0
2024-03-01 12:14:00,NEXI,6.511899948120117,6.511899948120117,6.511899948120117,6.511899948120117,6.511899948120117,100.0
2024-03-01 12:14:00,NGM,1.5299999713897705,1.5299999713897705,1.5299999713897705,1.5299999713897705,1.5299999713897705,1580.0
2024-03-01 12:14:00,NKTR,0.7773500084877014,0.7773500084877014,0.779699981212616,0.7700999975204468,0.7700999975204468,37000.0
2024-03-01 12:14:00,NKTX,12.899999618530273,12.899999618530273,12.899999618530273,12.899999618530273,12.899999618530273,584.0
2024-03-01 12:14:00,NNOX,11.194999694824219,11.194999694824219,11.199999809265137,11.180000305175781,11.180000305175781,1483.0
2024-03-01 12:14:00,NOTV,8.045000076293945,8.045000076293945,8.045000076293945,8.045000076293945,8.045000076293945,292.0
2024-03-01 12:14:00,NPCE,16.440000534057617,16.440000534057617,16.440000534057617,16.420000076293945,16.420000076293945,353.0
2024-03-01 12:14:00,NRBO,5.949999809265137,5.949999809265137,5.974999904632568,5.949999809265137,5.974999904632568,10223.0
2024-03-01 12:14:00,NRIX,13.4399995803833,13.4399995803833,13.4399995803833,13.413299560546875,13.413299560546875,1471.0
2024-03-01 12:14:00,NRSN,2.0999999046325684,2.0999999046325684,2.0999999046325684,2.095900058746338,2.0999999046325684,1795.0
2024-03-01 12:14:00,NTLA,33.5,33.5,33.5,33.48030090332031,33.4900016784668,1693.0
2024-03-01 12:14:00,NTRA,88.95999908447266,88.95999908447266,88.95999908447266,88.89550018310547,88.95500183105469,1510.0
2024-03-01 12:14:00,NUVL,87.90499877929688,87.90499877929688,87.90499877929688,87.9000015258789,87.9000015258789,1090.0
2024-03-01 12:14:00,NVAX,5.150000095367432,5.150000095367432,5.150000095367432,5.144000053405762,5.150000095367432,1680.0
2024-03-01 12:14:00,NVCR,16.020000457763672,16.020000457763672,16.040000915527344,16.020000457763672,16.020000457763672,3839.0
2024-03-01 12:14:00,NVCT,10.680000305175781,10.680000305175781,10.729999542236328,10.680000305175781,10.699999809265137,1410.0
2024-03-01 12:14:00,OCGN,0.9300000071525574,0.9300000071525574,0.9399999976158142,0.9300000071525574,0.9399999976158142,4065.0
2024-03-01 12:14:00,OCUL,10.75,10.75,10.770000457763672,10.720000267028809,10.720000267028809,6125.0
2024-03-01 12:14:00,OGI,2.184999942779541,2.184999942779541,2.186500072479248,2.184999942779541,2.186500072479248,245.0
2024-03-01 12:14:00,OLK,22.594999313354492,22.594999313354492,22.600000381469727,22.594999313354492,22.594999313354492,2241.0
2024-03-01 12:14:00,OLMA,14.040300369262695,14.040300369262695,14.079999923706055,14.040300369262695,14.050000190734863,2906.0
2024-03-01 12:14:00,OMER,4.739999771118164,4.739999771118164,4.739999771118164,4.739999771118164,4.739999771118164,605.0
2024-03-01 12:14:00,OMGA,4.190000057220459,4.190000057220459,4.190000057220459,4.190000057220459,4.190000057220459,113.0
2024-03-01 12:14:00,ONTX,0.8119999766349792,0.8119999766349792,0.8119999766349792,0.8119999766349792,0.8119999766349792,316.0
2024-03-01 12:15:00,AADI,1.9900000095367432,1.9900000095367432,1.9900000095367432,1.9850000143051147,1.9869999885559082,3342.0
2024-03-01 12:15:00,ABCL,5.215000152587891,5.215000152587891,5.215000152587891,5.215000152587891,5.215000152587891,500.0
2024-03-01 12:15:00,ABOS,4.659999847412109,4.659999847412109,4.6620001792907715,4.659999847412109,4.6620001792907715,689.0
2024-03-01 12:15:00,ABSI,5.264999866485596,5.264999866485596,5.264999866485596,5.255000114440918,5.255000114440918,2935.0
2024-03-01 12:15:00,ABUS,2.7750000953674316,2.7750000953674316,2.7750000953674316,2.7699999809265137,2.7699999809265137,592.0
2024-03-01 12:15:00,ACAD,23.905000686645508,23.905000686645508,23.905000686645508,23.905000686645508,23.905000686645508,508.0
2024-03-01 12:15:00,ACB,3.174999952316284,3.174999952316284,3.174999952316284,3.1700000762939453,3.1700000762939453,1095.0
2024-03-01 12:15:00,ACCD,10.239999771118164,10.239999771118164,10.239999771118164,10.239999771118164,10.239999771118164,442.0
2024-03-01 12:15:00,ACET,2.384999990463257,2.384999990463257,2.390000104904175,2.380000114440918,2.390000104904175,400.0
2024-03-01 12:15:00,ACHC,84.06999969482422,84.06999969482422,84.1500015258789,84.06999969482422,84.1500015258789,2078.0
2024-03-01 12:15:00,ACHL,1.3600000143051147,1.3600000143051147,1.3600000143051147,1.3600000143051147,1.3600000143051147,2460.0
2024-03-01 12:15:00,ACIU,3.790800094604492,3.790800094604492,3.790800094604492,3.790800094604492,3.790800094604492,253.0
2024-03-01 12:15:00,ACLX,67.31999969482422,67.31999969482422,67.31999969482422,67.17179870605469,67.24500274658203,1917.0
2024-03-01 12:15:00,ACON,0.38989999890327454,0.38989999890327454,0.38989999890327454,0.38989999890327454,0.38989999890327454,1100.0
2024-03-01 12:15:00,ACOR,14.199999809265137,14.199999809265137,14.199999809265137,14.199999809265137,14.199999809265137,453.0
2024-03-01 12:15:00,ACRS,1.2400000095367432,1.2400000095367432,1.2400000095367432,1.2350000143051147,1.2400000095367432,1020.0
2024-03-01 12:15:00,ADAP,1.627500057220459,1.627500057220459,1.627500057220459,1.6200000047683716,1.6200000047683716,1130.0
2024-03-01 12:15:00,ADIL,3.0999999046325684,3.0999999046325684,3.0999999046325684,3.0820000171661377,3.0899999141693115,5524.0
2024-03-01 12:15:00,ADMA,5.370100021362305,5.370100021362305,5.380000114440918,5.370100021362305,5.380000114440918,3247.0
2024-03-01 12:15:00,ADVM,1.9500000476837158,1.9500000476837158,1.9550000429153442,1.9500000476837158,1.9550000429153442,4857.0
2024-03-01 12:15:00,AGEN,0.6738499999046326,0.6738499999046326,0.6739000082015991,0.673799991607666,0.6739000082015991,3477.0
2024-03-01 12:15:00,AGIO,32.84000015258789,32.84000015258789,32.84000015258789,32.84000015258789,32.84000015258789,104.0
2024-03-01 12:15:00,AGRX,0.838100016117096,0.838100016117096,0.8421000242233276,0.838100016117096,0.8421000242233276,2062.0
2024-03-01 12:15:00,AHCO,10.84000015258789,10.84000015258789,10.84000015258789,10.84000015258789,10.84000015258789,1028.0
2024-03-01 12:15:00,AIRS,6.494999885559082,6.494999885559082,6.494999885559082,6.494999885559082,6.494999885559082,131.0
2024-03-01 12:15:00,AKBA,1.6799999475479126,1.6799999475479126,1.6799999475479126,1.6749999523162842,1.6799999475479126,522.0
2024-03-01 12:15:00,AKLI,0.3362489938735962,0.3362489938735962,0.3362489938735962,0.33250001072883606,0.33250001072883606,531.0
2024-03-01 12:15:00,AKRO,30.15399932861328,30.15399932861328,30.170000076293945,30.079999923706055,30.079999923706055,5013.0
2024-03-01 12:15:00,AKYA,6.085000038146973,6.085000038146973,6.085000038146973,6.085000038146973,6.085000038146973,107.0
2024-03-01 12:15:00,ALDX,4.135000228881836,4.135000228881836,4.135000228881836,4.130000114440918,4.130000114440918,965.0
2024-03-01 12:15:00,ALEC,7.440000057220459,7.440000057220459,7.457499980926514,7.434999942779541,7.457499980926514,5238.0
2024-03-01 12:15:00,ALGS,1.0901000499725342,1.0901000499725342,1.1100000143051147,1.0901000499725342,1.1100000143051147,405.0
2024-03-01 12:15:00,ALHC,5.760000228881836,5.760000228881836,5.769999980926514,5.739999771118164,5.760000228881836,6899.0
2024-03-01 12:15:00,ALKS,30.209999084472656,30.209999084472656,30.209999084472656,30.209999084472656,30.209999084472656,239.0
2024-03-01 12:15:00,ALLK,1.6050000190734863,1.6050000190734863,1.6050000190734863,1.5950000286102295,1.600000023841858,10023.0
2024-03-01 12:15:00,ALLO,5.039999961853027,5.039999961853027,5.039999961853027,5.039999961853027,5.039999961853027,217.0
2024-03-01 12:15:00,ALNY,154.0,154.0,154.0,153.84500122070312,153.84500122070312,382.0
2024-03-01 12:15:00,ALPN,35.95000076293945,35.95000076293945,35.95000076293945,35.939998626708984,35.939998626708984,961.0
2024-03-01 12:15:00,ALT,12.015000343322754,12.015000343322754,12.029999732971191,11.989999771118164,12.010000228881836,21292.0
2024-03-01 12:15:00,ALXO,15.149999618530273,15.149999618530273,15.149999618530273,15.149999618530273,15.149999618530273,225.0
2024-03-01 12:15:00,AMED,93.0199966430664,93.0199966430664,93.12999725341797,93.0199966430664,93.12999725341797,544.0
2024-03-01 12:15:00,AMGN,281.7110900878906,281.7110900878906,281.7699890136719,281.7110900878906,281.7349853515625,4014.0
2024-03-01 12:15:00,AMLX,18.829999923706055,18.829999923706055,18.829999923706055,18.81999969482422,18.829999923706055,1716.0
2024-03-01 12:15:00,AMPH,45.29999923706055,45.29999923706055,45.400001525878906,45.275001525878906,45.38930130004883,2659.0
2024-03-01 12:15:00,AMRN,1.0549999475479126,1.0549999475479126,1.0591000318527222,1.0499999523162842,1.0549999475479126,15279.0
2024-03-01 12:15:00,ANIX,3.509999990463257,3.509999990463257,3.509999990463257,3.509999990463257,3.509999990463257,100.0
2024-03-01 12:15:00,ANNX,5.96999979019165,5.96999979019165,5.96999979019165,5.960000038146973,5.960000038146973,1714.0
2024-03-01 12:15:00,APLS,65.06999969482422,65.06999969482422,65.22000122070312,65.04000091552734,65.22000122070312,8051.0
2024-03-01 12:15:00,APLT,7.079999923706055,7.079999923706055,7.079999923706055,7.079999923706055,7.079999923706055,467.0
2024-03-01 12:15:00,APTO,1.7899999618530273,1.7899999618530273,1.7899999618530273,1.7899999618530273,1.7899999618530273,320.0
2024-03-01 12:15:00,APYX,2.059999942779541,2.059999942779541,2.059999942779541,2.059999942779541,2.059999942779541,100.0
2024-03-01 12:15:00,AQST,4.34499979019165,4.34499979019165,4.349999904632568,4.329899787902832,4.329899787902832,3985.0
2024-03-01 12:15:00,ARDX,9.675000190734863,9.675000190734863,9.6850004196167,9.670000076293945,9.680000305175781,6797.0
2024-03-01 12:15:00,ARQT,11.569999694824219,11.569999694824219,11.59000015258789,11.550000190734863,11.59000015258789,10486.0
2024-03-01 12:15:00,ARVN,49.150001525878906,49.150001525878906,49.150001525878906,49.11000061035156,49.11000061035156,685.0
2024-03-01 12:15:00,ARWR,35.43000030517578,35.43000030517578,35.43000030517578,35.400001525878906,35.400001525878906,399.0
2024-03-01 12:15:00,ASRT,0.9249989986419678,0.9249989986419678,0.9293000102043152,0.9200999736785889,0.9200999736785889,3367.0
2024-03-01 12:15:00,ATAI,2.1050000190734863,2.1050000190734863,2.109999895095825,2.1050000190734863,2.109999895095825,12266.0
2024-03-01 12:15:00,ATEC,13.555000305175781,13.555000305175781,13.5600004196167,13.539999961853027,13.555000305175781,12118.0
2024-03-01 12:15:00,ATHA,3.9800000190734863,3.9800000190734863,3.9800000190734863,3.9749999046325684,3.9800000190734863,503.0
2024-03-01 12:15:00,ATRA,0.7943000197410583,0.7943000197410583,0.7943000197410583,0.7919999957084656,0.7921500205993652,615.0
2024-03-01 12:15:00,ATRC,35.94499969482422,35.94499969482422,36.0099983215332,35.94499969482422,36.0099983215332,3977.0
2024-03-01 12:15:00,ATXS,15.045000076293945,15.045000076293945,15.079999923706055,15.0,15.029999732971191,2690.0
2024-03-01 12:15:00,AUGX,4.605000019073486,4.605000019073486,4.605000019073486,4.605000019073486,4.605000019073486,397.0
2024-03-01 12:15:00,AUPH,5.830900192260742,5.830900192260742,5.830900192260742,5.830900192260742,5.830900192260742,1510.0
2024-03-01 12:15:00,AVDL,12.979999542236328,12.979999542236328,13.0,12.9399995803833,13.0,4274.0
2024-03-01 12:15:00,AVIR,4.550000190734863,4.550000190734863,4.550000190734863,4.519999980926514,4.519999980926514,2500.0
2024-03-01 12:15:00,AVXL,5.360000133514404,5.360000133514404,5.360000133514404,5.360000133514404,5.360000133514404,600.0
2024-03-01 12:15:00,AXSM,82.42500305175781,82.42500305175781,82.42500305175781,82.38999938964844,82.38999938964844,622.0
2024-03-01 12:15:00,AZN,64.79010009765625,64.79010009765625,64.80000305175781,64.79000091552734,64.79000091552734,7627.0
2024-03-01 12:15:00,AZTA,66.72000122070312,66.72000122070312,66.72000122070312,66.72000122070312,66.72000122070312,262.0
2024-03-01 12:15:00,BBIO,36.08000183105469,36.08000183105469,36.097999572753906,36.08000183105469,36.08000183105469,1732.0
2024-03-01 12:15:00,BBLG,2.2850000858306885,2.2850000858306885,2.299999952316284,2.2850000858306885,2.299999952316284,521.0
2024-03-01 12:15:00,BCAB,2.7300000190734863,2.7300000190734863,2.7300000190734863,2.7300000190734863,2.7300000190734863,161.0
2024-03-01 12:15:00,BCDA,0.5699999928474426,0.5699999928474426,0.5699999928474426,0.5699999928474426,0.5699999928474426,3233.0
2024-03-01 12:15:00,BCRX,5.769999980926514,5.769999980926514,5.769999980926514,5.764999866485596,5.769999980926514,2045.0
2024-03-01 12:15:00,BDTX,5.039999961853027,5.039999961853027,5.045000076293945,5.039999961853027,5.045000076293945,310.0
2024-03-01 12:15:00,BEAM,40.08000183105469,40.08000183105469,40.099998474121094,40.08000183105469,40.099998474121094,1529.0
2024-03-01 12:15:00,BIAF,2.3494999408721924,2.3494999408721924,2.3494999408721924,2.3494999408721924,2.3494999408721924,4780.0
2024-03-01 12:15:00,BIIB,219.99000549316406,219.99000549316406,220.0,219.97610473632812,219.97610473632812,927.0
2024-03-01 12:15:00,BIOR,1.2100000381469727,1.2100000381469727,1.2200000286102295,1.2050000429153442,1.2094000577926636,2404.0
2024-03-01 12:15:00,BIVI,1.889299988746643,1.889299988746643,1.909999966621399,1.8700000047683716,1.8792999982833862,123130.0
2024-03-01 12:15:00,BLFS,18.350000381469727,18.350000381469727,18.350000381469727,18.350000381469727,18.350000381469727,237.0
2024-03-01 12:15:00,BLUE,1.5850000381469727,1.5850000381469727,1.587499976158142,1.5801000595092773,1.5860999822616577,11168.0
2024-03-01 12:15:00,BMEA,18.049999237060547,18.049999237060547,18.049999237060547,18.049999237060547,18.049999237060547,610.0
2024-03-01 12:15:00,BMRN,87.0,87.0,87.01300048828125,87.0,87.0,703.0
2024-03-01 12:15:00,BNR,0.8445000052452087,0.8445000052452087,0.8445000052452087,0.8445000052452087,0.8445000052452087,100.0
2024-03-01 12:15:00,BNTX,92.19499969482422,92.19499969482422,92.19499969482422,92.19499969482422,92.19499969482422,312.0
2024-03-01 12:15:00,BRKR,87.91999816894531,87.91999816894531,87.94989776611328,87.91000366210938,87.94989776611328,1951.0
2024-03-01 12:15:00,BRTX,1.5149999856948853,1.5149999856948853,1.5149999856948853,1.5149999856948853,1.5149999856948853,100.0
2024-03-01 12:15:00,BTTX,0.1720000058412552,0.1720000058412552,0.1720000058412552,0.1720000058412552,0.1720000058412552,15847.0
2024-03-01 12:15:00,BVS,4.710000038146973,4.710000038146973,4.710000038146973,4.710000038146973,4.710000038146973,345.0
2024-03-01 12:15:00,BWAY,6.53000020980835,6.53000020980835,6.53000020980835,6.53000020980835,6.53000020980835,100.0
2024-03-01 12:15:00,CABA,23.985000610351562,23.985000610351562,24.010000228881836,23.985000610351562,24.0,2854.0
2024-03-01 12:15:00,CAPR,4.550000190734863,4.550000190734863,4.550000190734863,4.550000190734863,4.550000190734863,889.0
2024-03-01 12:15:00,CBAY,32.25,32.25,32.25,32.244998931884766,32.25,1178.0
2024-03-01 12:15:00,CCCC,10.880000114440918,10.880000114440918,10.880000114440918,10.87660026550293,10.880000114440918,1288.0
2024-03-01 12:15:00,CCRN,18.270000457763672,18.270000457763672,18.270000457763672,18.270000457763672,18.270000457763672,189.0
2024-03-01 12:15:00,CDMO,8.149999618530273,8.149999618530273,8.149999618530273,8.130000114440918,8.149999618530273,515.0
2024-03-01 12:15:00,CDNA,12.579999923706055,12.579999923706055,12.609999656677246,12.579999923706055,12.604999542236328,5977.0
2024-03-01 12:15:00,CDTX,0.7200999855995178,0.7200999855995178,0.7220439910888672,0.7200999855995178,0.7200999855995178,1600.0
2024-03-01 12:15:00,CDXS,4.534999847412109,4.534999847412109,4.554999828338623,4.534999847412109,4.554999828338623,1170.0
2024-03-01 12:15:00,CERE,41.07500076293945,41.07500076293945,41.1150016784668,41.06999969482422,41.099998474121094,8643.0
2024-03-01 12:15:00,CERS,2.2100000381469727,2.2100000381469727,2.2200000286102295,2.2100000381469727,2.2200000286102295,1173.0
2024-03-01 12:15:00,CERT,17.56999969482422,17.56999969482422,17.56999969482422,17.56999969482422,17.56999969482422,178.0
2024-03-01 12:15:00,CGC,3.265000104904175,3.265000104904175,3.2750000953674316,3.259999990463257,3.2750000953674316,5962.0
2024-03-01 12:15:00,CHRS,2.369999885559082,2.369999885559082,2.369999885559082,2.369999885559082,2.369999885559082,5020.0
2024-03-01 12:15:00,CKPT,2.2049999237060547,2.2049999237060547,2.2100000381469727,2.2049999237060547,2.2100000381469727,6000.0
2024-03-01 12:15:00,CLDX,51.66999816894531,51.66999816894531,51.689998626708984,51.630001068115234,51.665000915527344,1820.0
2024-03-01 12:15:00,CLNN,0.3862999975681305,0.3862999975681305,0.3862999975681305,0.3840000033378601,0.3840000033378601,1447.0
2024-03-01 12:15:00,CLOV,0.8649500012397766,0.8649500012397766,0.8653500080108643,0.8648999929428101,0.8652999997138977,50420.0
2024-03-01 12:15:00,CMMB,0.6499999761581421,0.6499999761581421,0.6499999761581421,0.6499999761581421,0.6499999761581421,306.0
2024-03-01 12:15:00,CMPS,11.453800201416016,11.453800201416016,11.460000038146973,11.453800201416016,11.460000038146973,545.0
2024-03-01 12:15:00,CMPX,1.850000023841858,1.850000023841858,1.850000023841858,1.850000023841858,1.850000023841858,136.0
2024-03-01 12:15:00,CMRX,1.1399999856948853,1.1399999856948853,1.1399999856948853,1.1399999856948853,1.1399999856948853,425.0
2024-03-01 12:15:00,COGT,7.204999923706055,7.204999923706055,7.210000038146973,7.204999923706055,7.204999923706055,671.0
2024-03-01 12:15:00,CORT,23.809999465942383,23.809999465942383,23.809999465942383,23.760000228881836,23.760000228881836,16437.0
2024-03-01 12:15:00,CPRX,17.15999984741211,17.15999984741211,17.170000076293945,17.155000686645508,17.155000686645508,5423.0
2024-03-01 12:15:00,CPSI,9.220000267028809,9.220000267028809,9.239999771118164,9.180000305175781,9.220000267028809,4833.0
2024-03-01 12:15:00,CRBU,8.024999618530273,8.024999618530273,8.024999618530273,8.020000457763672,8.024999618530273,890.0
2024-03-01 12:15:00,CRDF,2.260699987411499,2.260699987411499,2.2799999713897705,2.2402000427246094,2.244999885559082,16935.0
2024-03-01 12:15:00,CRMD,3.7200000286102295,3.7200000286102295,3.7200000286102295,3.7200000286102295,3.7200000286102295,2146.0
2024-03-01 12:15:00,CRON,2.052000045776367,2.052000045776367,2.059999942779541,2.052000045776367,2.059999942779541,235.0
2024-03-01 12:15:00,CRSP,85.345703125,85.345703125,85.38999938964844,85.345703125,85.38999938964844,1288.0
2024-03-01 12:15:00,CSTL,20.270000457763672,20.270000457763672,20.360000610351562,20.270000457763672,20.360000610351562,721.0
2024-03-01 12:15:00,CTKB,8.574999809265137,8.574999809265137,8.579999923706055,8.574999809265137,8.574999809265137,386.0
2024-03-01 12:15:00,CTMX,2.6700000762939453,2.6700000762939453,2.6700000762939453,2.6600000858306885,2.6600000858306885,1441.0
2024-03-01 12:15:00,CUTR,2.4170000553131104,2.4170000553131104,2.4170000553131104,2.4000000953674316,2.4000000953674316,1562.0
2024-03-01 12:15:00,CVAC,3.505000114440918,3.505000114440918,3.505000114440918,3.490000009536743,3.490000009536743,2296.0
2024-03-01 12:15:00,CVRX,20.389999389648438,20.389999389648438,20.389999389648438,20.389999389648438,20.389999389648438,191.0
2024-03-01 12:15:00,CYTK,73.83000183105469,73.83000183105469,74.0,73.83000183105469,74.0,1567.0
2024-03-01 12:15:00,CYTO,2.325000047683716,2.325000047683716,2.3499999046325684,2.259999990463257,2.2850000858306885,14622.0
2024-03-01 12:15:00,DCGO,4.130000114440918,4.130000114440918,4.130000114440918,4.130000114440918,4.130000114440918,437.0
2024-03-01 12:15:00,DCPH,17.5,17.5,17.5,17.48110008239746,17.48110008239746,310.0
2024-03-01 12:15:00,DH,9.0600004196167,9.0600004196167,9.0600004196167,9.0600004196167,9.0600004196167,503.0
2024-03-01 12:15:00,DMTK,0.8694999814033508,0.8694999814033508,0.8697999715805054,0.8666499853134155,0.869799017906189,2380.0
2024-03-01 12:15:00,DNLI,20.850000381469727,20.850000381469727,20.850000381469727,20.829999923706055,20.850000381469727,856.0
2024-03-01 12:15:00,DRIO,1.9996999502182007,1.9996999502182007,1.9996999502182007,1.9996999502182007,1.9996999502182007,100.0
2024-03-01 12:15:00,DVAX,12.885000228881836,12.885000228881836,12.885000228881836,12.885000228881836,12.885000228881836,224.0
2024-03-01 12:15:00,DXCM,120.94979858398438,120.94979858398438,121.15499877929688,120.93000030517578,121.15499877929688,23449.0
2024-03-01 12:15:00,EDIT,10.895000457763672,10.895000457763672,10.904999732971191,10.895000457763672,10.899999618530273,1755.0
2024-03-01 12:15:00,EGRX,6.75,6.75,6.75,6.75,6.75,503.0
2024-03-01 12:15:00,ELEV,4.789999961853027,4.789999961853027,4.789999961853027,4.789999961853027,4.789999961853027,244.0
2024-03-01 12:15:00,EMBC,14.34000015258789,14.34000015258789,14.34000015258789,14.34000015258789,14.34000015258789,197.0
2024-03-01 12:15:00,ENSG,123.2300033569336,123.2300033569336,123.2300033569336,123.2300033569336,123.2300033569336,936.0
2024-03-01 12:15:00,ENTA,15.199999809265137,15.199999809265137,15.244999885559082,15.199999809265137,15.244999885559082,339.0
2024-03-01 12:15:00,ENTX,1.399999976158142,1.399999976158142,1.399999976158142,1.399999976158142,1.399999976158142,456.0
2024-03-01 12:15:00,ENVB,1.5399999618530273,1.5399999618530273,1.5700000524520874,1.5199999809265137,1.5611000061035156,18557.0
2024-03-01 12:15:00,EOLS,14.640000343322754,14.640000343322754,14.640000343322754,14.630000114440918,14.630000114440918,968.0
2024-03-01 12:15:00,EQ,2.444999933242798,2.444999933242798,2.444999933242798,2.444999933242798,2.444999933242798,111.0
2024-03-01 12:15:00,ERAS,2.5250000953674316,2.5250000953674316,2.5250000953674316,2.5250000953674316,2.5250000953674316,100.0
2024-03-01 12:15:00,ESPR,2.5450000762939453,2.5450000762939453,2.5450000762939453,2.5350000858306885,2.5350000858306885,12792.0
2024-03-01 12:15:00,ESTA,45.999900817871094,45.999900817871094,45.999900817871094,45.904998779296875,45.904998779296875,535.0
2024-03-01 12:15:00,ETNB,12.989999771118164,12.989999771118164,13.010000228881836,12.989999771118164,13.010000228881836,3010.0
2024-03-01 12:15:00,EWTX,17.014999389648438,17.014999389648438,17.014999389648438,17.014999389648438,17.014999389648438,439.0
2024-03-01 12:15:00,EXAI,6.809999942779541,6.809999942779541,6.809999942779541,6.809999942779541,6.809999942779541,101.0
2024-03-01 12:15:00,EXAS,59.849998474121094,59.849998474121094,59.849998474121094,59.7599983215332,59.78499984741211,3007.0
2024-03-01 12:15:00,EXEL,22.510000228881836,22.510000228881836,22.510000228881836,22.5,22.5049991607666,434.0
2024-03-01 12:15:00,EYPT,28.020000457763672,28.020000457763672,28.020000457763672,28.020000457763672,28.020000457763672,271.0
2024-03-01 12:15:00,FATE,7.414999961853027,7.414999961853027,7.420000076293945,7.414999961853027,7.420000076293945,545.0
2024-03-01 12:15:00,FBIO,2.259999990463257,2.259999990463257,2.259999990463257,2.259999990463257,2.259999990463257,3226.0
2024-03-01 12:15:00,FDMT,29.170000076293945,29.170000076293945,29.170000076293945,29.165000915527344,29.165000915527344,486.0
2024-03-01 12:15:00,FENC,9.819999694824219,9.819999694824219,9.819999694824219,9.819999694824219,9.819999694824219,144.0
2024-03-01 12:15:00,FGEN,1.840000033378601,1.840000033378601,1.840000033378601,1.840000033378601,1.840000033378601,922.0
2024-03-01 12:15:00,FLGT,23.290000915527344,23.290000915527344,23.290000915527344,23.219999313354492,23.219999313354492,1100.0
2024-03-01 12:15:00,FNCH,2.680000066757202,2.680000066757202,2.700000047683716,2.680000066757202,2.700000047683716,3016.0
2024-03-01 12:15:00,FOLD,13.28499984741211,13.28499984741211,13.289999961853027,13.28499984741211,13.289999961853027,2346.0
2024-03-01 12:15:00,FULC,10.920000076293945,10.920000076293945,10.949999809265137,10.920000076293945,10.9399995803833,2931.0
2024-03-01 12:15:00,FUSN,12.329999923706055,12.329999923706055,12.329999923706055,12.295000076293945,12.295000076293945,3604.0
2024-03-01 12:15:00,FWBI,8.399999618530273,8.399999618530273,8.399999618530273,8.380000114440918,8.380000114440918,367.0
2024-03-01 12:15:00,GDRX,8.336000442504883,8.336000442504883,8.34000015258789,8.329999923706055,8.329999923706055,3764.0
2024-03-01 12:15:00,GERN,2.190000057220459,2.190000057220459,2.190000057220459,2.184999942779541,2.190000057220459,7134.0
2024-03-01 12:15:00,GH,19.225000381469727,19.225000381469727,19.260000228881836,19.225000381469727,19.260000228881836,1078.0
2024-03-01 12:15:00,GHSI,8.396200180053711,8.396200180053711,8.580699920654297,8.396200180053711,8.580699920654297,1344.0
2024-03-01 12:15:00,GILD,72.28849792480469,72.28849792480469,72.28849792480469,72.2699966430664,72.28500366210938,4338.0
2024-03-01 12:15:00,GLSI,12.390000343322754,12.390000343322754,12.569999694824219,12.300000190734863,12.430000305175781,1980.0
2024-03-01 12:15:00,GLTO,0.7250999808311462,0.7250999808311462,0.7250999808311462,0.7249000072479248,0.7249000072479248,355.0
2024-03-01 12:15:00,GLUE,6.389999866485596,6.389999866485596,6.389999866485596,6.309999942779541,6.309999942779541,1290.0
2024-03-01 12:15:00,GLYC,3.049999952316284,3.049999952316284,3.049999952316284,3.049999952316284,3.049999952316284,274.0
2024-03-01 12:15:00,GMAB,29.3700008392334,29.3700008392334,29.375,29.3700008392334,29.371000289916992,583.0
2024-03-01 12:15:00,GMDA,0.3871999979019165,0.3871999979019165,0.3871999979019165,0.3871999979019165,0.3871999979019165,100.0
2024-03-01 12:15:00,GOSS,1.3600000143051147,1.3600000143051147,1.3600000143051147,1.3600000143051147,1.3600000143051147,512.0
2024-03-01 12:15:00,GRFS,7.045000076293945,7.045000076293945,7.045000076293945,7.045000076293945,7.045000076293945,696.0
2024-03-01 12:15:00,GRTS,2.184999942779541,2.184999942779541,2.1898999214172363,2.180000066757202,2.1891000270843506,2767.0
2024-03-01 12:15:00,GRTX,0.23639999330043793,0.23639999330043793,0.23639999330043793,0.23639999330043793,0.23639999330043793,450.0
2024-03-01 12:15:00,GTHX,3.635200023651123,3.635200023651123,3.639899969100952,3.630000114440918,3.630000114440918,3012.0
2024-03-01 12:15:00,HALO,41.63999938964844,41.63999938964844,41.63999938964844,41.63999938964844,41.63999938964844,1148.0
2024-03-01 12:15:00,HARP,22.940000534057617,22.940000534057617,22.940000534057617,22.940000534057617,22.940000534057617,122.0
2024-03-01 12:15:00,HCAT,7.989999771118164,7.989999771118164,7.994999885559082,7.989999771118164,7.994999885559082,512.0
2024-03-01 12:15:00,HCSG,12.670000076293945,12.670000076293945,12.670000076293945,12.670000076293945,12.670000076293945,272.0
2024-03-01 12:15:00,HCTI,2.4507999420166016,2.4507999420166016,2.4507999420166016,2.4507999420166016,2.4507999420166016,566.0
2024-03-01 12:15:00,HEPA,3.1600000858306885,3.1600000858306885,3.1600000858306885,3.1600000858306885,3.1600000858306885,501.0
2024-03-01 12:15:00,HLTH,0.27000001072883606,0.27000001072883606,0.27000001072883606,0.27000001072883606,0.27000001072883606,1200.0
2024-03-01 12:15:00,HLVX,18.75,18.75,18.75,18.75,18.75,288.0
2024-03-01 12:15:00,HOLX,73.66500091552734,73.66500091552734,73.68000030517578,73.66500091552734,73.68000030517578,1270.0
2024-03-01 12:15:00,HQY,81.66999816894531,81.66999816894531,81.66999816894531,81.66999816894531,81.66999816894531,105.0
2024-03-01 12:15:00,HRTX,2.5999999046325684,2.5999999046325684,2.6050000190734863,2.5950000286102295,2.6050000190734863,13382.0
2024-03-01 12:15:00,HSCS,0.11829999834299088,0.11829999834299088,0.11829999834299088,0.11829999834299088,0.11829999834299088,200.0
2024-03-01 12:15:00,HSIC,76.9000015258789,76.9000015258789,76.9000015258789,76.87999725341797,76.88999938964844,1622.0
2024-03-01 12:15:00,HUMA,3.444999933242798,3.444999933242798,3.450000047683716,3.444999933242798,3.444999933242798,4044.0
2024-03-01 12:15:00,IART,36.470001220703125,36.470001220703125,36.470001220703125,36.470001220703125,36.470001220703125,167.0
2024-03-01 12:15:00,IBRX,4.889999866485596,4.889999866485596,4.894999980926514,4.889999866485596,4.894999980926514,4778.0
2024-03-01 12:15:00,ICCM,1.2999999523162842,1.2999999523162842,1.2999999523162842,1.2999999523162842,1.2999999523162842,2000.0
2024-03-01 12:15:00,IDYA,46.404998779296875,46.404998779296875,46.404998779296875,46.38999938964844,46.38999938964844,494.0
2024-03-01 12:15:00,IGMS,13.470000267028809,13.470000267028809,13.470000267028809,13.460000038146973,13.460000038146973,553.0
2024-03-01 12:15:00,ILMN,142.02000427246094,142.02000427246094,142.21499633789062,142.02000427246094,142.21499633789062,6526.0
2024-03-01 12:15:00,IMCR,67.7249984741211,67.7249984741211,67.80000305175781,67.7249984741211,67.75,738.0
2024-03-01 12:15:00,IMMX,3.5399999618530273,3.5399999618530273,3.5399999618530273,3.5399999618530273,3.5399999618530273,100.0
2024-03-01 12:15:00,IMTX,12.970000267028809,12.970000267028809,12.979999542236328,12.970000267028809,12.979999542236328,774.0
2024-03-01 12:15:00,IMUX,1.4900000095367432,1.4900000095367432,1.4900000095367432,1.4900000095367432,1.4900000095367432,203.0
2024-03-01 12:15:00,INCY,59.15999984741211,59.15999984741211,59.189998626708984,59.13999938964844,59.18000030517578,2054.0
2024-03-01 12:15:00,INDP,2.103300094604492,2.103300094604492,2.103300094604492,2.103300094604492,2.103300094604492,303.0
2024-03-01 12:15:00,INGN,6.860000133514404,6.860000133514404,6.860000133514404,6.860000133514404,6.860000133514404,111.0
2024-03-01 12:15:00,INMD,22.844999313354492,22.844999313354492,22.844999313354492,22.84000015258789,22.84000015258789,841.0
2024-03-01 12:15:00,INO,9.282299995422363,9.282299995422363,9.282299995422363,9.282299995422363,9.282299995422363,1005.0
2024-03-01 12:15:00,INSM,28.40999984741211,28.40999984741211,28.44499969482422,28.40999984741211,28.44499969482422,2388.0
2024-03-01 12:15:00,INVA,15.595000267028809,15.595000267028809,15.600000381469727,15.579999923706055,15.595000267028809,3703.0
2024-03-01 12:15:00,INZY,6.660099983215332,6.660099983215332,6.6697998046875,6.650000095367432,6.6697998046875,18883.0
2024-03-01 12:15:00,IONS,45.93000030517578,45.93000030517578,45.95000076293945,45.91999816894531,45.939998626708984,923.0
2024-03-01 12:15:00,IOVA,16.7549991607666,16.7549991607666,16.787700653076172,16.75,16.78499984741211,6466.0
2024-03-01 12:15:00,IRTC,121.06500244140625,121.06500244140625,121.06500244140625,121.04000091552734,121.05999755859375,1577.0
2024-03-01 12:15:00,IRWD,9.09000015258789,9.09000015258789,9.109999656677246,9.079999923706055,9.100000381469727,33658.0
2024-03-01 12:15:00,ISRG,394.8500061035156,394.8500061035156,394.8500061035156,394.7099914550781,394.7149963378906,770.0
2024-03-01 12:15:00,ITCI,71.93000030517578,71.93000030517578,71.93000030517578,71.93000030517578,71.93000030517578,495.0
2024-03-01 12:15:00,ITOS,10.760000228881836,10.760000228881836,10.760000228881836,10.760000228881836,10.760000228881836,110.0
2024-03-01 12:15:00,IXHL,5.349999904632568,5.349999904632568,5.349999904632568,5.349999904632568,5.349999904632568,265.0
2024-03-01 12:15:00,JAGX,0.0729999989271164,0.0729999989271164,0.0737999975681305,0.07270000129938126,0.0737999975681305,813794.0
2024-03-01 12:15:00,JANX,47.08000183105469,47.08000183105469,47.13999938964844,47.08000183105469,47.13999938964844,1072.0
2024-03-01 12:15:00,JAZZ,119.37999725341797,119.37999725341797,119.46980285644531,119.30000305175781,119.46980285644531,5167.0
2024-03-01 12:15:00,KNSA,21.700000762939453,21.700000762939453,21.700000762939453,21.700000762939453,21.700000762939453,100.0
2024-03-01 12:15:00,KOD,6.130000114440918,6.130000114440918,6.130000114440918,6.130000114440918,6.130000114440918,159.0
2024-03-01 12:15:00,KPRX,0.6643499732017517,0.6643499732017517,0.6671339869499207,0.6643499732017517,0.6671339869499207,200.0
2024-03-01 12:15:00,KPTI,1.1950000524520874,1.1950000524520874,1.1950000524520874,1.1950000524520874,1.1950000524520874,900.0
2024-03-01 12:15:00,KTRA,0.09650000184774399,0.09650000184774399,0.09700000286102295,0.09640000015497208,0.09700000286102295,95196.0
2024-03-01 12:15:00,KZR,1.0850000381469727,1.0850000381469727,1.0887999534606934,1.0850000381469727,1.0887999534606934,300.0
2024-03-01 12:15:00,LAB,2.494999885559082,2.494999885559082,2.5,2.494999885559082,2.5,349.0
2024-03-01 12:15:00,LBPH,22.149999618530273,22.149999618530273,22.16699981689453,22.1200008392334,22.139999389648438,3386.0
2024-03-01 12:15:00,LEGN,65.93000030517578,65.93000030517578,65.93000030517578,65.93000030517578,65.93000030517578,573.0
2024-03-01 12:15:00,LEXX,2.7499001026153564,2.7499001026153564,2.765000104904175,2.740000009536743,2.75,46840.0
2024-03-01 12:15:00,LFLY,3.0599000453948975,3.0599000453948975,3.0599000453948975,3.0599000453948975,3.0599000453948975,105.0
2024-03-01 12:15:00,LFMD,7.96999979019165,7.96999979019165,7.974999904632568,7.96999979019165,7.974999904632568,416.0
2024-03-01 12:15:00,LFST,7.934999942779541,7.934999942779541,7.940000057220459,7.934999942779541,7.934999942779541,1215.0
2024-03-01 12:15:00,LIVN,55.619998931884766,55.619998931884766,55.619998931884766,55.619998931884766,55.619998931884766,128.0
2024-03-01 12:15:00,LNTH,65.5999984741211,65.5999984741211,65.62000274658203,65.56999969482422,65.56999969482422,875.0
2024-03-01 12:15:00,LQDA,14.390000343322754,14.390000343322754,14.390000343322754,14.390000343322754,14.390000343322754,206.0
2024-03-01 12:15:00,LRMR,11.484999656677246,11.484999656677246,11.484999656677246,11.484999656677246,11.484999656677246,133.0
2024-03-01 12:15:00,LVTX,3.04010009765625,3.04010009765625,3.04010009765625,3.04010009765625,3.04010009765625,400.0
2024-03-01 12:15:00,LXRX,2.444999933242798,2.444999933242798,2.444999933242798,2.440000057220459,2.4405999183654785,2842.0
2024-03-01 12:15:00,LYEL,3.174999952316284,3.174999952316284,3.174999952316284,3.174999952316284,3.174999952316284,502.0
2024-03-01 12:15:00,LYRA,5.625,5.625,5.625,5.601500034332275,5.601500034332275,988.0
2024-03-01 12:15:00,MASI,128.4199981689453,128.4199981689453,128.4199981689453,128.17999267578125,128.3300018310547,4046.0
2024-03-01 12:15:00,MASS,7.340000152587891,7.340000152587891,7.340000152587891,7.340000152587891,7.340000152587891,448.0
2024-03-01 12:15:00,MCRB,1.190000057220459,1.190000057220459,1.190000057220459,1.190000057220459,1.190000057220459,200.0
2024-03-01 12:15:00,MDGL,245.74000549316406,245.74000549316406,245.74000549316406,245.74000549316406,245.74000549316406,615.0
2024-03-01 12:15:00,MDRX,6.0,6.0,6.03000020980835,6.0,6.03000020980835,37485.0
2024-03-01 12:15:00,MDXG,8.555000305175781,8.555000305175781,8.5600004196167,8.550000190734863,8.5600004196167,3648.0
2024-03-01 12:15:00,ME,0.5626000165939331,0.5626000165939331,0.5626000165939331,0.5621100068092346,0.5623000264167786,2275.0
2024-03-01 12:15:00,MGTX,6.360000133514404,6.360000133514404,6.360000133514404,6.360000133514404,6.360000133514404,371.0
2024-03-01 12:15:00,MLTX,51.54999923706055,51.54999923706055,51.790000915527344,51.470001220703125,51.790000915527344,3134.0
2024-03-01 12:15:00,MNKD,4.599999904632568,4.599999904632568,4.599999904632568,4.574999809265137,4.574999809265137,21305.0
2024-03-01 12:15:00,MNMD,6.135000228881836,6.135000228881836,6.150000095367432,6.135000228881836,6.150000095367432,1645.0
2024-03-01 12:15:00,MODD,1.9500000476837158,1.9500000476837158,1.9500000476837158,1.9500000476837158,1.9500000476837158,200.0
2024-03-01 12:15:00,MODV,28.184999465942383,28.184999465942383,28.184999465942383,28.184999465942383,28.184999465942383,355.0
2024-03-01 12:15:00,MOR,17.59000015258789,17.59000015258789,17.59000015258789,17.59000015258789,17.59000015258789,104.0
2024-03-01 12:15:00,MREO,3.860100030899048,3.860100030899048,3.865000009536743,3.859999895095825,3.859999895095825,3169.0
2024-03-01 12:15:00,MRNA,96.30000305175781,96.30000305175781,96.41000366210938,96.27999877929688,96.30999755859375,7441.0
2024-03-01 12:15:00,MRSN,5.920000076293945,5.920000076293945,5.920000076293945,5.889999866485596,5.889999866485596,3730.0
2024-03-01 12:15:00,MRUS,51.70000076293945,51.70000076293945,51.70000076293945,51.56999969482422,51.56999969482422,1696.0
2024-03-01 12:15:00,MRVI,7.864999771118164,7.864999771118164,7.864999771118164,7.849999904632568,7.855000019073486,2550.0
2024-03-01 12:15:00,MYGN,21.600000381469727,21.600000381469727,21.600000381469727,21.59000015258789,21.59000015258789,785.0
2024-03-01 12:15:00,NAOV,1.0099999904632568,1.0099999904632568,1.0099999904632568,1.0099999904632568,1.0099999904632568,124.0
2024-03-01 12:15:00,NARI,46.040000915527344,46.040000915527344,46.119998931884766,46.029998779296875,46.119998931884766,3543.0
2024-03-01 12:15:00,NAUT,2.690000057220459,2.690000057220459,2.690000057220459,2.690000057220459,2.690000057220459,349.0
2024-03-01 12:15:00,NBIX,131.27999877929688,131.27999877929688,131.27999877929688,131.27999877929688,131.27999877929688,269.0
2024-03-01 12:15:00,NEO,16.09000015258789,16.09000015258789,16.09000015258789,16.079999923706055,16.09000015258789,845.0
2024-03-01 12:15:00,NEOG,17.334999084472656,17.334999084472656,17.344999313354492,17.334999084472656,17.344999313354492,1919.0
2024-03-01 12:15:00,NEXI,6.5,6.5,6.5,6.5,6.5,1300.0
2024-03-01 12:15:00,NGM,1.5299999713897705,1.5299999713897705,1.5299999713897705,1.5299999713897705,1.5299999713897705,368.0
2024-03-01 12:15:00,NKTR,0.7843999862670898,0.7843999862670898,0.7843999862670898,0.7778499722480774,0.7778499722480774,13288.0
2024-03-01 12:15:00,NKTX,12.900099754333496,12.900099754333496,12.920700073242188,12.900099754333496,12.920700073242188,3213.0
2024-03-01 12:15:00,NNOX,11.21500015258789,11.21500015258789,11.21500015258789,11.194999694824219,11.194999694824219,4672.0
2024-03-01 12:15:00,NOTV,8.0600004196167,8.0600004196167,8.0600004196167,8.050000190734863,8.050000190734863,403.0
2024-03-01 12:15:00,NRIX,13.5,13.5,13.5,13.4399995803833,13.4399995803833,9367.0
2024-03-01 12:15:00,NRSN,2.0999999046325684,2.0999999046325684,2.0999999046325684,2.0910000801086426,2.0978000164031982,8507.0
2024-03-01 12:15:00,NTLA,33.47999954223633,33.47999954223633,33.5,33.47999954223633,33.5,1857.0
2024-03-01 12:15:00,NTRA,88.95999908447266,88.95999908447266,89.0199966430664,88.90190124511719,88.90190124511719,4933.0
2024-03-01 12:15:00,NUVL,88.16000366210938,88.16000366210938,88.16000366210938,87.94999694824219,87.9800033569336,846.0
2024-03-01 12:15:00,NVAX,5.144999980926514,5.144999980926514,5.150000095367432,5.144999980926514,5.150000095367432,1234.0
2024-03-01 12:15:00,NVCR,16.0,16.0,16.0,16.0,16.0,316.0
2024-03-01 12:15:00,OCGN,0.9314870238304138,0.9314870238304138,0.9314870238304138,0.9314870238304138,0.9314870238304138,428.0
2024-03-01 12:15:00,OCUL,10.770000457763672,10.770000457763672,10.770000457763672,10.75,10.759300231933594,2368.0
2024-03-01 12:15:00,OGI,2.1898000240325928,2.1898000240325928,2.1898000240325928,2.1898000240325928,2.1898000240325928,1153.0
2024-03-01 12:15:00,OLMA,14.140000343322754,14.140000343322754,14.1899995803833,14.085000038146973,14.085000038146973,14035.0
2024-03-01 12:15:00,OM,3.1500000953674316,3.1500000953674316,3.1500000953674316,3.1500000953674316,3.1500000953674316,338.0
2024-03-01 12:15:00,OMGA,4.190000057220459,4.190000057220459,4.190000057220459,4.190000057220459,4.190000057220459,246.0
2024-03-01 12:16:00,ABCL,5.215000152587891,5.215000152587891,5.215000152587891,5.215000152587891,5.215000152587891,341.0
2024-03-01 12:16:00,ABEO,7.735000133514404,7.735000133514404,7.739999771118164,7.735000133514404,7.739999771118164,201.0
2024-03-01 12:16:00,ABOS,4.659999847412109,4.659999847412109,4.659999847412109,4.659999847412109,4.659999847412109,1382.0
2024-03-01 12:16:00,ABSI,5.264999866485596,5.264999866485596,5.264999866485596,5.264999866485596,5.264999866485596,388.0
2024-03-01 12:16:00,ACAD,23.899999618530273,23.899999618530273,23.899999618530273,23.899999618530273,23.899999618530273,509.0
2024-03-01 12:16:00,ACB,3.180000066757202,3.180000066757202,3.180000066757202,3.174999952316284,3.180000066757202,2422.0
2024-03-01 12:16:00,ACCD,10.234999656677246,10.234999656677246,10.234999656677246,10.234999656677246,10.234999656677246,429.0
2024-03-01 12:16:00,ACET,2.384999990463257,2.384999990463257,2.38700008392334,2.380000114440918,2.384999990463257,816.0
2024-03-01 12:16:00,ACHC,84.1050033569336,84.1050033569336,84.1050033569336,84.1050033569336,84.1050033569336,302.0
2024-03-01 12:16:00,ACHL,1.3550000190734863,1.3550000190734863,1.3550000190734863,1.3550000190734863,1.3550000190734863,104.0
2024-03-01 12:16:00,ACLX,67.33999633789062,67.33999633789062,67.38999938964844,67.30999755859375,67.30999755859375,1589.0
2024-03-01 12:16:00,ACRS,1.2400000095367432,1.2400000095367432,1.2400000095367432,1.23989999294281,1.23989999294281,5420.0
2024-03-01 12:16:00,ADAP,1.6291999816894531,1.6291999816894531,1.6291999816894531,1.6200000047683716,1.6200000047683716,1434.0
2024-03-01 12:16:00,ADIL,3.069999933242798,3.069999933242798,3.0999999046325684,3.069999933242798,3.0899999141693115,28860.0
2024-03-01 12:16:00,ADMA,5.380000114440918,5.380000114440918,5.380000114440918,5.375,5.380000114440918,611.0
2024-03-01 12:16:00,ADPT,4.175000190734863,4.175000190734863,4.175000190734863,4.175000190734863,4.175000190734863,531.0
2024-03-01 12:16:00,ADVM,1.9550000429153442,1.9550000429153442,1.9550000429153442,1.9550000429153442,1.9550000429153442,100.0
2024-03-01 12:16:00,AFMD,0.625,0.625,0.625,0.6100999712944031,0.6100999712944031,2152.0
2024-03-01 12:16:00,AGEN,0.6738749742507935,0.6738749742507935,0.6739000082015991,0.6738499999046326,0.6738499999046326,1103.0
2024-03-01 12:16:00,AGIO,32.86000061035156,32.86000061035156,32.86000061035156,32.86000061035156,32.86000061035156,867.0
2024-03-01 12:16:00,AGRX,0.8299999833106995,0.8299999833106995,0.8348000049591064,0.8299999833106995,0.8348000049591064,7684.0
2024-03-01 12:16:00,AHCO,10.805000305175781,10.805000305175781,10.805000305175781,10.805000305175781,10.805000305175781,234.0
2024-03-01 12:16:00,AKAN,0.24490000307559967,0.24490000307559967,0.24490000307559967,0.24199999868869781,0.24199999868869781,1245.0
2024-03-01 12:16:00,AKBA,1.6799999475479126,1.6799999475479126,1.6799999475479126,1.6749999523162842,1.6749999523162842,1490.0
2024-03-01 12:16:00,AKRO,30.209999084472656,30.209999084472656,30.299999237060547,30.1200008392334,30.1200008392334,6022.0
2024-03-01 12:16:00,ALDX,4.139999866485596,4.139999866485596,4.139999866485596,4.139999866485596,4.139999866485596,200.0
2024-03-01 12:16:00,ALEC,7.409999847412109,7.409999847412109,7.429999828338623,7.409999847412109,7.429999828338623,357.0
2024-03-01 12:16:00,ALGN,303.3900146484375,303.3900146484375,303.3900146484375,303.29998779296875,303.29998779296875,1730.0
2024-03-01 12:16:00,ALKS,30.209999084472656,30.209999084472656,30.219999313354492,30.209999084472656,30.209999084472656,629.0
2024-03-01 12:16:00,ALLO,5.045000076293945,5.045000076293945,5.050000190734863,5.034999847412109,5.034999847412109,3274.0
2024-03-01 12:16:00,ALNY,154.1999969482422,154.1999969482422,154.1999969482422,153.86000061035156,153.86000061035156,1579.0
2024-03-01 12:16:00,ALPN,35.95000076293945,35.95000076293945,35.95000076293945,35.939998626708984,35.95000076293945,1294.0
2024-03-01 12:16:00,ALT,12.079999923706055,12.079999923706055,12.100000381469727,12.039999961853027,12.039999961853027,11900.0
2024-03-01 12:16:00,ALXO,15.149999618530273,15.149999618530273,15.149999618530273,15.149999618530273,15.149999618530273,162.0
2024-03-01 12:16:00,AMED,92.97000122070312,92.97000122070312,92.97000122070312,92.97000122070312,92.97000122070312,103.0
2024-03-01 12:16:00,AMGN,281.82501220703125,281.82501220703125,281.8349914550781,281.7099914550781,281.7300109863281,8070.0
2024-03-01 12:16:00,AMLX,18.829999923706055,18.829999923706055,18.829999923706055,18.829999923706055,18.829999923706055,198.0
2024-03-01 12:16:00,AMPH,45.334999084472656,45.334999084472656,45.38999938964844,45.25,45.25,4689.0
2024-03-01 12:16:00,AMRN,1.0499999523162842,1.0499999523162842,1.0499999523162842,1.0499999523162842,1.0499999523162842,707.0
2024-03-01 12:16:00,ANNX,5.96999979019165,5.96999979019165,5.96999979019165,5.96999979019165,5.96999979019165,956.0
2024-03-01 12:16:00,ANTX,3.0299999713897705,3.0299999713897705,3.0299999713897705,3.029900074005127,3.029900074005127,310.0
2024-03-01 12:16:00,APLS,65.08319854736328,65.08319854736328,65.11000061035156,65.02999877929688,65.08999633789062,3954.0
2024-03-01 12:16:00,APLT,7.085000038146973,7.085000038146973,7.099999904632568,7.070000171661377,7.085000038146973,1191.0
2024-03-01 12:16:00,APM,1.600000023841858,1.600000023841858,1.600000023841858,1.600000023841858,1.600000023841858,215.0
2024-03-01 12:16:00,AQST,4.340000152587891,4.340000152587891,4.346099853515625,4.340000152587891,4.346099853515625,2085.0
2024-03-01 12:16:00,ARAY,2.6449999809265137,2.6449999809265137,2.6449999809265137,2.6449999809265137,2.6449999809265137,103.0
2024-03-01 12:16:00,ARCT,39.66999816894531,39.66999816894531,39.66999816894531,39.66999816894531,39.66999816894531,303.0
2024-03-01 12:16:00,ARDX,9.675000190734863,9.675000190734863,9.680000305175781,9.670000076293945,9.680000305175781,3280.0
2024-03-01 12:16:00,ARQT,11.640000343322754,11.640000343322754,11.640000343322754,11.5649995803833,11.5649995803833,22790.0
2024-03-01 12:16:00,ARVN,49.20500183105469,49.20500183105469,49.209999084472656,49.16999816894531,49.16999816894531,858.0
2024-03-01 12:16:00,ARWR,35.47999954223633,35.47999954223633,35.47999954223633,35.400001525878906,35.40999984741211,1467.0
2024-03-01 12:16:00,ASLN,0.784600019454956,0.784600019454956,0.7904999852180481,0.7799999713897705,0.7904999852180481,8174.0
2024-03-01 12:16:00,ASND,150.33749389648438,150.33749389648438,150.33749389648438,150.33749389648438,150.33749389648438,314.0
2024-03-01 12:16:00,ASRT,0.925000011920929,0.925000011920929,0.925000011920929,0.925000011920929,0.925000011920929,1157.0
2024-03-01 12:16:00,ATAI,2.100600004196167,2.100600004196167,2.109999895095825,2.0999999046325684,2.109999895095825,3491.0
2024-03-01 12:16:00,ATEC,13.555000305175781,13.555000305175781,13.5649995803833,13.555000305175781,13.555000305175781,3989.0
2024-03-01 12:16:00,ATRC,35.959999084472656,35.959999084472656,35.959999084472656,35.94499969482422,35.94499969482422,487.0
2024-03-01 12:16:00,AUPH,5.835400104522705,5.835400104522705,5.835400104522705,5.835400104522705,5.835400104522705,1216.0
2024-03-01 12:16:00,AUTL,6.349999904632568,6.349999904632568,6.360000133514404,6.349999904632568,6.360000133514404,1065.0
2024-03-01 12:16:00,AVDL,13.0,13.0,13.0,12.9399995803833,12.970000267028809,5551.0
2024-03-01 12:16:00,AVXL,5.355000019073486,5.355000019073486,5.355000019073486,5.355000019073486,5.355000019073486,100.0
2024-03-01 12:16:00,AXGN,10.520000457763672,10.520000457763672,10.520000457763672,10.520000457763672,10.520000457763672,248.0
2024-03-01 12:16:00,AXSM,82.51000213623047,82.51000213623047,82.51000213623047,82.51000213623047,82.51000213623047,553.0
2024-03-01 12:16:00,AZN,64.80000305175781,64.80000305175781,64.80000305175781,64.79000091552734,64.80000305175781,1466.0
2024-03-01 12:16:00,BBIO,36.095001220703125,36.095001220703125,36.099998474121094,36.09000015258789,36.09000015258789,1890.0
2024-03-01 12:16:00,BBLG,2.329900026321411,2.329900026321411,2.329900026321411,2.299999952316284,2.299999952316284,437.0
2024-03-01 12:16:00,BCDA,0.566100001335144,0.566100001335144,0.5699999928474426,0.566100001335144,0.5685999989509583,1264.0
2024-03-01 12:16:00,BCEL,0.26829999685287476,0.26829999685287476,0.26829999685287476,0.26829999685287476,0.26829999685287476,2457.0
2024-03-01 12:16:00,BCRX,5.775000095367432,5.775000095367432,5.78000020980835,5.769999980926514,5.769999980926514,3771.0
2024-03-01 12:16:00,BDTX,5.065000057220459,5.065000057220459,5.065000057220459,5.050000190734863,5.050000190734863,522.0
2024-03-01 12:16:00,BEAM,40.130001068115234,40.130001068115234,40.150001525878906,40.099998474121094,40.099998474121094,5105.0
2024-03-01 12:16:00,BIOL,0.13798999786376953,0.13798999786376953,0.13798999786376953,0.13798999786376953,0.13798999786376953,3550.0
2024-03-01 12:16:00,BIOR,1.2200000286102295,1.2200000286102295,1.2200000286102295,1.2099000215530396,1.2099000215530396,4003.0
2024-03-01 12:16:00,BIVI,1.899899959564209,1.899899959564209,1.909999966621399,1.8700000047683716,1.888800024986267,143482.0
2024-03-01 12:16:00,BLUE,1.5850000381469727,1.5850000381469727,1.590000033378601,1.5801000595092773,1.5850000381469727,9823.0
2024-03-01 12:16:00,BMEA,18.020000457763672,18.020000457763672,18.020000457763672,18.014999389648438,18.014999389648438,344.0
2024-03-01 12:16:00,BMRN,87.01000213623047,87.01000213623047,87.02999877929688,87.0,87.0199966430664,1906.0
2024-03-01 12:16:00,BNTX,92.19999694824219,92.19999694824219,92.20999908447266,92.19999694824219,92.20999908447266,672.0
2024-03-01 12:16:00,BPMC,97.86499786376953,97.86499786376953,97.86499786376953,97.83000183105469,97.83000183105469,1323.0
2024-03-01 12:16:00,BRKR,87.98999786376953,87.98999786376953,88.02999877929688,87.88999938964844,87.88999938964844,2781.0
2024-03-01 12:16:00,BRTX,1.5,1.5,1.517699956893921,1.5,1.5003000497817993,2060.0
2024-03-01 12:16:00,CADL,1.7101000547409058,1.7101000547409058,1.7101000547409058,1.7101000547409058,1.7101000547409058,644.0
2024-03-01 12:16:00,CBAY,32.25,32.25,32.25,32.244998931884766,32.25,1791.0
2024-03-01 12:16:00,CCCC,10.880000114440918,10.880000114440918,10.880000114440918,10.875,10.875,404.0
2024-03-01 12:16:00,CDMO,8.140000343322754,8.140000343322754,8.140000343322754,8.140000343322754,8.140000343322754,489.0
2024-03-01 12:16:00,CDNA,12.580100059509277,12.580100059509277,12.580100059509277,12.550000190734863,12.5600004196167,3178.0
2024-03-01 12:16:00,CDXS,4.539999961853027,4.539999961853027,4.539999961853027,4.539999961853027,4.539999961853027,152.0
2024-03-01 12:16:00,CERE,41.10499954223633,41.10499954223633,41.11000061035156,41.08000183105469,41.08000183105469,2314.0
2024-03-01 12:16:00,CERT,17.594900131225586,17.594900131225586,17.594900131225586,17.579999923706055,17.579999923706055,758.0
2024-03-01 12:16:00,CGC,3.269700050354004,3.269700050354004,3.2699999809265137,3.255000114440918,3.259999990463257,10048.0
2024-03-01 12:16:00,CGEM,19.010000228881836,19.010000228881836,19.010000228881836,18.96500015258789,19.0,4649.0
2024-03-01 12:16:00,CGEN,2.684999942779541,2.684999942779541,2.684999942779541,2.680000066757202,2.680000066757202,389.0
2024-03-01 12:16:00,CHRS,2.390000104904175,2.390000104904175,2.390000104904175,2.380000114440918,2.380000114440918,10532.0
2024-03-01 12:16:00,CKPT,2.2137999534606934,2.2137999534606934,2.2137999534606934,2.2137999534606934,2.2137999534606934,140.0
2024-03-01 12:16:00,CLDX,51.630001068115234,51.630001068115234,51.709999084472656,51.630001068115234,51.630001068115234,9171.0
2024-03-01 12:16:00,CLNN,0.3862999975681305,0.3862999975681305,0.3862999975681305,0.3862999975681305,0.3862999975681305,24101.0
2024-03-01 12:16:00,CLOV,0.8640000224113464,0.8640000224113464,0.8648999929428101,0.8640000224113464,0.8648999929428101,41599.0
2024-03-01 12:16:00,CLPT,6.769999980926514,6.769999980926514,6.769999980926514,6.769999980926514,6.769999980926514,126.0
2024-03-01 12:16:00,CMPS,11.460000038146973,11.460000038146973,11.460000038146973,11.444999694824219,11.453800201416016,759.0
2024-03-01 12:16:00,CNSP,0.3149999976158142,0.3149999976158142,0.3199999928474426,0.3149999976158142,0.3165000081062317,3468.0
2024-03-01 12:16:00,CORT,23.809999465942383,23.809999465942383,23.81999969482422,23.809999465942383,23.81999969482422,1200.0
2024-03-01 12:16:00,CPRX,17.158000946044922,17.158000946044922,17.15999984741211,17.135000228881836,17.15169906616211,7845.0
2024-03-01 12:16:00,CPSI,9.199999809265137,9.199999809265137,9.225000381469727,9.199999809265137,9.220000267028809,2423.0
2024-03-01 12:16:00,CRBP,32.198001861572266,32.198001861572266,32.198001861572266,32.198001861572266,32.198001861572266,350.0
2024-03-01 12:16:00,CRBU,8.024999618530273,8.024999618530273,8.029999732971191,8.024999618530273,8.029999732971191,881.0
2024-03-01 12:16:00,CRDF,2.2799999713897705,2.2799999713897705,2.2899999618530273,2.2699999809265137,2.2788000106811523,32021.0
2024-03-01 12:16:00,CRMD,3.7300000190734863,3.7300000190734863,3.7300000190734863,3.7300000190734863,3.7300000190734863,2161.0
2024-03-01 12:16:00,CRNX,46.11000061035156,46.11000061035156,46.15999984741211,46.04999923706055,46.04999923706055,1480.0
2024-03-01 12:16:00,CRON,2.055000066757202,2.055000066757202,2.059999942779541,2.049999952316284,2.059999942779541,3408.0
2024-03-01 12:16:00,CRSP,85.402099609375,85.402099609375,85.40499877929688,85.402099609375,85.40499877929688,229.0
2024-03-01 12:16:00,CSTL,20.379600524902344,20.379600524902344,20.379600524902344,20.260400772094727,20.260400772094727,4106.0
2024-03-01 12:16:00,CTKB,8.579999923706055,8.579999923706055,8.579999923706055,8.574999809265137,8.574999809265137,2249.0
2024-03-01 12:16:00,CUE,2.194999933242798,2.194999933242798,2.194999933242798,2.194999933242798,2.194999933242798,515.0
2024-03-01 12:16:00,CUTR,2.4100000858306885,2.4100000858306885,2.4100000858306885,2.4100000858306885,2.4100000858306885,101.0
2024-03-01 12:16:00,CYTK,73.83999633789062,73.83999633789062,73.9000015258789,73.83999633789062,73.8550033569336,795.0
2024-03-01 12:16:00,CYTO,2.349900007247925,2.349900007247925,2.3499999046325684,2.3375000953674316,2.349900007247925,4811.0
2024-03-01 12:16:00,DCGO,4.114999771118164,4.114999771118164,4.130000114440918,4.114999771118164,4.130000114440918,5434.0
2024-03-01 12:16:00,DCPH,17.510000228881836,17.510000228881836,17.510000228881836,17.490100860595703,17.49679946899414,2477.0
2024-03-01 12:16:00,DH,9.039999961853027,9.039999961853027,9.058199882507324,9.039999961853027,9.058199882507324,696.0
2024-03-01 12:16:00,DMTK,0.8697999715805054,0.8697999715805054,0.8697999715805054,0.8697999715805054,0.8697999715805054,175.0
2024-03-01 12:16:00,DNLI,20.889999389648438,20.889999389648438,20.889999389648438,20.84000015258789,20.850000381469727,7024.0
2024-03-01 12:16:00,DRIO,1.9950000047683716,1.9950000047683716,1.9950000047683716,1.9950000047683716,1.9950000047683716,235.0
2024-03-01 12:16:00,DVAX,12.885000228881836,12.885000228881836,12.885000228881836,12.885000228881836,12.885000228881836,749.0
2024-03-01 12:16:00,DXCM,120.95999908447266,120.95999908447266,121.07250213623047,120.92500305175781,120.94000244140625,13572.0
2024-03-01 12:16:00,DYN,28.56999969482422,28.56999969482422,28.649999618530273,28.56999969482422,28.649999618530273,559.0
2024-03-01 12:16:00,EDAP,6.880000114440918,6.880000114440918,6.880000114440918,6.880000114440918,6.880000114440918,200.0
2024-03-01 12:16:00,EDIT,10.914999961853027,10.914999961853027,10.920000076293945,10.895000457763672,10.895000457763672,2259.0
2024-03-01 12:16:00,ELEV,4.787099838256836,4.787099838256836,4.789999961853027,4.765999794006348,4.789999961853027,2659.0
2024-03-01 12:16:00,EMBC,14.350000381469727,14.350000381469727,14.350000381469727,14.34000015258789,14.34000015258789,371.0
2024-03-01 12:16:00,ENSG,123.13500213623047,123.13500213623047,123.13500213623047,123.13500213623047,123.13500213623047,100.0
2024-03-01 12:16:00,ENTA,15.229999542236328,15.229999542236328,15.229999542236328,15.199999809265137,15.199999809265137,1995.0
2024-03-01 12:16:00,ENVB,1.534999966621399,1.534999966621399,1.5499999523162842,1.5199999809265137,1.534999966621399,5183.0
2024-03-01 12:16:00,EOLS,14.640000343322754,14.640000343322754,14.640000343322754,14.640000343322754,14.640000343322754,102.0
2024-03-01 12:16:00,EQ,2.444999933242798,2.444999933242798,2.444999933242798,2.440000057220459,2.444999933242798,2263.0
2024-03-01 12:16:00,ERAS,2.5350000858306885,2.5350000858306885,2.5350000858306885,2.5250000953674316,2.5250000953674316,16053.0
2024-03-01 12:16:00,ESPR,2.5450000762939453,2.5450000762939453,2.5450000762939453,2.5450000762939453,2.5450000762939453,500.0
2024-03-01 12:16:00,ESTA,45.95280075073242,45.95280075073242,45.95280075073242,45.75,45.810001373291016,2268.0
2024-03-01 12:16:00,ETNB,13.029999732971191,13.029999732971191,13.029999732971191,13.0,13.0,4910.0
2024-03-01 12:16:00,EVAX,3.549999952316284,3.549999952316284,3.549999952316284,3.549999952316284,3.549999952316284,256.0
2024-03-01 12:16:00,EWTX,17.014999389648438,17.014999389648438,17.014999389648438,17.014999389648438,17.014999389648438,244.0
2024-03-01 12:16:00,EXAS,59.92499923706055,59.92499923706055,59.92499923706055,59.84000015258789,59.880001068115234,1840.0
2024-03-01 12:16:00,EXEL,22.520000457763672,22.520000457763672,22.524999618530273,22.510000228881836,22.510000228881836,6937.0
2024-03-01 12:16:00,EYEN,2.3350000381469727,2.3350000381469727,2.3350000381469727,2.3350000381469727,2.3350000381469727,3350.0
2024-03-01 12:16:00,FATE,7.430099964141846,7.430099964141846,7.430099964141846,7.420000076293945,7.420000076293945,823.0
2024-03-01 12:16:00,FBIO,2.2699999809265137,2.2699999809265137,2.2699999809265137,2.2699999809265137,2.2699999809265137,3318.0
2024-03-01 12:16:00,FDMT,29.170000076293945,29.170000076293945,29.200000762939453,29.139999389648438,29.139999389648438,762.0
2024-03-01 12:16:00,FGEN,1.840000033378601,1.840000033378601,1.840000033378601,1.840000033378601,1.840000033378601,1101.0
2024-03-01 12:16:00,FHTX,8.119999885559082,8.119999885559082,8.140000343322754,8.119999885559082,8.140000343322754,264.0
2024-03-01 12:16:00,FLGT,23.30500030517578,23.30500030517578,23.30500030517578,23.30500030517578,23.30500030517578,130.0
2024-03-01 12:16:00,FOLD,13.305000305175781,13.305000305175781,13.305000305175781,13.28499984741211,13.28499984741211,7220.0
2024-03-01 12:16:00,FONR,22.39889907836914,22.39889907836914,22.39889907836914,22.39889907836914,22.39889907836914,472.0
2024-03-01 12:16:00,FULC,10.921600341796875,10.921600341796875,10.930000305175781,10.920000076293945,10.930000305175781,1344.0
2024-03-01 12:16:00,FUSN,12.329999923706055,12.329999923706055,12.34000015258789,12.329999923706055,12.34000015258789,438.0
2024-03-01 12:16:00,GALT,1.9605000019073486,1.9605000019073486,1.9605000019073486,1.9605000019073486,1.9605000019073486,3000.0
2024-03-01 12:16:00,GBIO,2.6500000953674316,2.6500000953674316,2.6500000953674316,2.640000104904175,2.640000104904175,1816.0
2024-03-01 12:16:00,GDRX,8.350000381469727,8.350000381469727,8.350000381469727,8.335000038146973,8.335000038146973,3931.0
2024-03-01 12:16:00,GERN,2.190000057220459,2.190000057220459,2.190000057220459,2.184000015258789,2.184999942779541,22580.0
2024-03-01 12:16:00,GH,19.219999313354492,19.219999313354492,19.229999542236328,19.219999313354492,19.229999542236328,978.0
2024-03-01 12:16:00,GHSI,8.420000076293945,8.420000076293945,8.420000076293945,8.420000076293945,8.420000076293945,2350.0
2024-03-01 12:16:00,GILD,72.2699966430664,72.2699966430664,72.29000091552734,72.2699966430664,72.28500366210938,4575.0
2024-03-01 12:16:00,GLMD,0.38999998569488525,0.38999998569488525,0.38999998569488525,0.38999998569488525,0.38999998569488525,202.0
2024-03-01 12:16:00,GLYC,3.055000066757202,3.055000066757202,3.055000066757202,3.049999952316284,3.049999952316284,1194.0
2024-03-01 12:16:00,GMAB,29.3799991607666,29.3799991607666,29.3799991607666,29.3799991607666,29.3799991607666,271.0
2024-03-01 12:16:00,GMDA,0.38749998807907104,0.38749998807907104,0.38749998807907104,0.3869999945163727,0.3869999945163727,537.0
2024-03-01 12:16:00,GOSS,1.3600000143051147,1.3600000143051147,1.3600000143051147,1.3600000143051147,1.3600000143051147,400.0
2024-03-01 12:16:00,GRFS,7.045000076293945,7.045000076293945,7.045000076293945,7.041900157928467,7.041900157928467,2754.0
2024-03-01 12:16:00,GRPH,3.4749999046325684,3.4749999046325684,3.4749999046325684,3.4749999046325684,3.4749999046325684,100.0
2024-03-01 12:16:00,GRTS,2.180000066757202,2.180000066757202,2.1898999214172363,2.180000066757202,2.184999942779541,7263.0
2024-03-01 12:16:00,GRTX,0.23520000278949738,0.23520000278949738,0.23520000278949738,0.23520000278949738,0.23520000278949738,610.0
2024-03-01 12:16:00,GTH,3.9100000858306885,3.9100000858306885,3.9100000858306885,3.9100000858306885,3.9100000858306885,0.0
2024-03-01 12:16:00,GTHX,3.6449999809265137,3.6449999809265137,3.6449999809265137,3.634999990463257,3.634999990463257,666.0
2024-03-01 12:16:00,HALO,41.689998626708984,41.689998626708984,41.689998626708984,41.689998626708984,41.689998626708984,100.0
2024-03-01 12:16:00,HCAT,8.029999732971191,8.029999732971191,8.029999732971191,8.0,8.0,3063.0
2024-03-01 12:16:00,HCTI,2.430000066757202,2.430000066757202,2.4563000202178955,2.430000066757202,2.4563000202178955,2905.0
2024-03-01 12:16:00,HITI,1.7798999547958374,1.7798999547958374,1.7798999547958374,1.7719999551773071,1.7719999551773071,200.0
2024-03-01 12:16:00,HLTH,0.2699989974498749,0.2699989974498749,0.27000001072883606,0.2699989974498749,0.27000001072883606,602.0
2024-03-01 12:16:00,HOLX,73.69999694824219,73.69999694824219,73.69999694824219,73.66500091552734,73.66500091552734,1848.0
2024-03-01 12:16:00,HQY,81.70999908447266,81.70999908447266,81.70999908447266,81.70999908447266,81.70999908447266,574.0
2024-03-01 12:16:00,HRMY,31.56999969482422,31.56999969482422,31.56999969482422,31.479999542236328,31.479999542236328,3187.0
2024-03-01 12:16:00,HRTX,2.6050000190734863,2.6050000190734863,2.6050000190734863,2.5950000286102295,2.5950000286102295,8955.0
2024-03-01 12:16:00,HUMA,3.440000057220459,3.440000057220459,3.450000047683716,3.440000057220459,3.4446001052856445,4308.0
2024-03-01 12:16:00,IART,36.5,36.5,36.5,36.45500183105469,36.45500183105469,2373.0
2024-03-01 12:16:00,IBRX,4.920000076293945,4.920000076293945,4.920000076293945,4.889999866485596,4.889999866485596,16346.0
2024-03-01 12:16:00,ICAD,1.8200000524520874,1.8200000524520874,1.8200000524520874,1.8200000524520874,1.8200000524520874,508.0
2024-03-01 12:16:00,ICUI,105.29000091552734,105.29000091552734,105.29000091552734,105.08999633789062,105.09500122070312,2695.0
2024-03-01 12:16:00,IDYA,46.40999984741211,46.40999984741211,46.43000030517578,46.40999984741211,46.43000030517578,1177.0
2024-03-01 12:16:00,ILMN,142.06500244140625,142.06500244140625,142.15989685058594,141.9700927734375,142.0574951171875,1126.0
2024-03-01 12:16:00,IMCR,67.97000122070312,67.97000122070312,67.97000122070312,67.97000122070312,67.97000122070312,384.0
2024-03-01 12:16:00,IMMX,3.5399999618530273,3.5399999618530273,3.5399999618530273,3.5399999618530273,3.5399999618530273,203.0
2024-03-01 12:16:00,IMNM,25.924999237060547,25.924999237060547,25.924999237060547,25.924999237060547,25.924999237060547,101.0
2024-03-01 12:16:00,IMUX,1.4900000095367432,1.4900000095367432,1.4900000095367432,1.4900000095367432,1.4900000095367432,128.0
2024-03-01 12:16:00,IMVT,36.41999816894531,36.41999816894531,36.41999816894531,36.41999816894531,36.41999816894531,110.0
2024-03-01 12:16:00,INBX,36.720001220703125,36.720001220703125,36.720001220703125,36.720001220703125,36.720001220703125,108.0
2024-03-01 12:16:00,INCY,59.18000030517578,59.18000030517578,59.189998626708984,59.165000915527344,59.165000915527344,2297.0
2024-03-01 12:16:00,INGN,6.864999771118164,6.864999771118164,6.864999771118164,6.860000133514404,6.860000133514404,814.0
2024-03-01 12:16:00,INMD,22.850000381469727,22.850000381469727,22.850000381469727,22.840099334716797,22.850000381469727,2284.0
2024-03-01 12:16:00,INO,9.262299537658691,9.262299537658691,9.262299537658691,9.262299537658691,9.262299537658691,360.0
2024-03-01 12:16:00,INSM,28.450000762939453,28.450000762939453,28.46500015258789,28.405000686645508,28.405000686645508,3088.0
2024-03-01 12:16:00,INVA,15.59000015258789,15.59000015258789,15.595000267028809,15.59000015258789,15.595000267028809,1172.0
2024-03-01 12:16:00,INZY,6.670000076293945,6.670000076293945,6.670000076293945,6.670000076293945,6.670000076293945,505.0
2024-03-01 12:16:00,IONS,45.97999954223633,45.97999954223633,45.97999954223633,45.93000030517578,45.93000030517578,1885.0
2024-03-01 12:16:00,IOVA,16.7450008392334,16.7450008392334,16.764999389648438,16.725000381469727,16.75119972229004,23173.0
2024-03-01 12:16:00,IPSC,3.7899999618530273,3.7899999618530273,3.7899999618530273,3.7899999618530273,3.7899999618530273,110.0
2024-03-01 12:16:00,IRMD,41.52000045776367,41.52000045776367,41.52000045776367,41.52000045776367,41.52000045776367,203.0
2024-03-01 12:16:00,IRTC,121.06999969482422,121.06999969482422,121.06999969482422,121.06999969482422,121.06999969482422,116.0
2024-03-01 12:16:00,IRWD,9.109999656677246,9.109999656677246,9.119999885559082,9.085000038146973,9.09000015258789,37453.0
2024-03-01 12:16:00,ISRG,395.0899963378906,395.0899963378906,395.0899963378906,394.6099853515625,394.6600036621094,10816.0
2024-03-01 12:16:00,ITCI,72.0,72.0,72.0,72.0,72.0,230.0
2024-03-01 12:16:00,ITOS,10.755000114440918,10.755000114440918,10.760000228881836,10.755000114440918,10.760000228881836,316.0
2024-03-01 12:16:00,IVVD,4.019999980926514,4.019999980926514,4.034999847412109,4.019999980926514,4.034999847412109,951.0
2024-03-01 12:16:00,JAGX,0.07280000299215317,0.07280000299215317,0.0729999989271164,0.07270000129938126,0.07270000129938126,174845.0
2024-03-01 12:16:00,JANX,47.084999084472656,47.084999084472656,47.084999084472656,47.084999084472656,47.084999084472656,220.0
2024-03-01 12:16:00,JAZZ,119.33000183105469,119.33000183105469,119.33000183105469,119.33000183105469,119.33000183105469,798.0
2024-03-01 12:16:00,KALV,14.020000457763672,14.020000457763672,14.020000457763672,14.020000457763672,14.020000457763672,527.0
2024-03-01 12:16:00,KNSA,21.700000762939453,21.700000762939453,21.709999084472656,21.700000762939453,21.709999084472656,375.0
2024-03-01 12:16:00,KOD,6.130000114440918,6.130000114440918,6.130000114440918,6.130000114440918,6.130000114440918,110.0
2024-03-01 12:16:00,KPTI,1.1950000524520874,1.1950000524520874,1.1950000524520874,1.1900999546051025,1.1900999546051025,750.0
2024-03-01 12:16:00,KRTX,316.5050048828125,316.5050048828125,316.5050048828125,316.5050048828125,316.5050048828125,641.0
2024-03-01 12:16:00,KTRA,0.09610000252723694,0.09610000252723694,0.09650000184774399,0.09610000252723694,0.09629999846220016,72269.0
2024-03-01 12:16:00,KURA,21.270000457763672,21.270000457763672,21.270000457763672,21.270000457763672,21.270000457763672,490.0
2024-03-01 12:16:00,KZR,1.087499976158142,1.087499976158142,1.089900016784668,1.0800000429153442,1.089900016784668,1452.0
2024-03-01 12:16:00,LAB,2.494999885559082,2.494999885559082,2.5,2.494999885559082,2.5,460.0
2024-03-01 12:16:00,LEXX,2.7400999069213867,2.7400999069213867,2.75,2.7400999069213867,2.75,2056.0
2024-03-01 12:16:00,LFMD,7.974999904632568,7.974999904632568,7.974999904632568,7.974999904632568,7.974999904632568,200.0
2024-03-01 12:16:00,LGND,78.94499969482422,78.94499969482422,78.94499969482422,78.94499969482422,78.94499969482422,289.0
2024-03-01 12:16:00,LIFE,1.929900050163269,1.929900050163269,1.929900050163269,1.929900050163269,1.929900050163269,677.0
2024-03-01 12:16:00,LIVN,55.595001220703125,55.595001220703125,55.619998931884766,55.595001220703125,55.619998931884766,315.0
2024-03-01 12:16:00,LNTH,65.61000061035156,65.61000061035156,65.61000061035156,65.58000183105469,65.61000061035156,821.0
2024-03-01 12:16:00,LQDA,14.40999984741211,14.40999984741211,14.40999984741211,14.390000343322754,14.390000343322754,552.0
2024-03-01 12:16:00,LUNG,9.345000267028809,9.345000267028809,9.359999656677246,9.345000267028809,9.359999656677246,438.0
2024-03-01 12:16:00,LVTX,3.059999942779541,3.059999942779541,3.079900026321411,3.059999942779541,3.079900026321411,614.0
2024-03-01 12:16:00,LXRX,2.448899984359741,2.448899984359741,2.450000047683716,2.448899984359741,2.450000047683716,869.0
2024-03-01 12:16:00,LYEL,3.177500009536743,3.177500009536743,3.177500009536743,3.1700000762939453,3.1700000762939453,422.0
2024-03-01 12:16:00,LYRA,5.625,5.625,5.625,5.610000133514404,5.610000133514404,308.0
2024-03-01 12:16:00,MACK,14.710000038146973,14.710000038146973,14.710000038146973,14.710000038146973,14.710000038146973,140.0
2024-03-01 12:16:00,MASI,128.67999267578125,128.67999267578125,128.67999267578125,128.47999572753906,128.47999572753906,795.0
2024-03-01 12:16:00,MBOT,1.2999000549316406,1.2999000549316406,1.2999000549316406,1.2999000549316406,1.2999000549316406,402.0
2024-03-01 12:16:00,MCRB,1.190000057220459,1.190000057220459,1.1950000524520874,1.190000057220459,1.1950000524520874,1799.0
2024-03-01 12:16:00,MDGL,245.76199340820312,245.76199340820312,246.17999267578125,245.76199340820312,246.17999267578125,468.0
2024-03-01 12:16:00,MDRX,6.03000020980835,6.03000020980835,6.03000020980835,6.0,6.03000020980835,2122.0
2024-03-01 12:16:00,MDXG,8.555000305175781,8.555000305175781,8.555000305175781,8.555000305175781,8.555000305175781,197.0
2024-03-01 12:16:00,ME,0.560699999332428,0.560699999332428,0.5622000098228455,0.560699999332428,0.5619000196456909,6243.0
2024-03-01 12:16:00,MEDP,400.04290771484375,400.04290771484375,400.04290771484375,400.04290771484375,400.04290771484375,502.0
2024-03-01 12:16:00,MGNX,18.989999771118164,18.989999771118164,18.989999771118164,18.989999771118164,18.989999771118164,533.0
2024-03-01 12:16:00,MGTX,6.364999771118164,6.364999771118164,6.369999885559082,6.360000133514404,6.369999885559082,485.0
2024-03-01 12:16:00,MHUA,0.6899999976158142,0.6899999976158142,0.6899999976158142,0.6899999976158142,0.6899999976158142,300.0
2024-03-01 12:16:00,MIRM,29.940000534057617,29.940000534057617,29.940000534057617,29.940000534057617,29.940000534057617,167.0
2024-03-01 12:16:00,MLTX,51.59000015258789,51.59000015258789,51.59000015258789,51.540000915527344,51.57500076293945,1808.0
2024-03-01 12:16:00,MNKD,4.585000038146973,4.585000038146973,4.610000133514404,4.579999923706055,4.59499979019165,70219.0
2024-03-01 12:16:00,MNMD,6.150000095367432,6.150000095367432,6.150000095367432,6.139599800109863,6.139599800109863,1209.0
2024-03-01 12:16:00,MODD,1.9199999570846558,1.9199999570846558,1.9199999570846558,1.9199999570846558,1.9199999570846558,300.0
2024-03-01 12:16:00,MOR,17.579999923706055,17.579999923706055,17.579999923706055,17.579999923706055,17.579999923706055,115.0
2024-03-01 12:16:00,MORF,39.279998779296875,39.279998779296875,39.279998779296875,39.209999084472656,39.209999084472656,978.0
2024-03-01 12:16:00,MOTS,0.6798999905586243,0.6798999905586243,0.6798999905586243,0.6798999905586243,0.6798999905586243,2550.0
2024-03-01 12:16:00,MREO,3.8550000190734863,3.8550000190734863,3.865000009536743,3.8550000190734863,3.865000009536743,3718.0
2024-03-01 12:16:00,MRNA,96.41000366210938,96.41000366210938,96.41500091552734,96.27999877929688,96.27999877929688,8554.0
2024-03-01 12:16:00,MRSN,5.889999866485596,5.889999866485596,5.920000076293945,5.889999866485596,5.920000076293945,2607.0
2024-03-01 12:16:00,MRUS,51.709999084472656,51.709999084472656,51.790000915527344,51.665000915527344,51.665000915527344,32371.0
2024-03-01 12:16:00,MRVI,7.864999771118164,7.864999771118164,7.864999771118164,7.860099792480469,7.860099792480469,860.0
2024-03-01 12:16:00,MXCT,4.735000133514404,4.735000133514404,4.735000133514404,4.735000133514404,4.735000133514404,120.0
2024-03-01 12:16:00,MYGN,21.609399795532227,21.609399795532227,21.609399795532227,21.609399795532227,21.609399795532227,399.0
2024-03-01 12:16:00,MYNZ,0.8700000047683716,0.8700000047683716,0.8700000047683716,0.8700000047683716,0.8700000047683716,885.0
2024-03-01 12:16:00,NARI,46.07500076293945,46.07500076293945,46.119998931884766,46.02000045776367,46.02000045776367,7585.0
2024-03-01 12:16:00,NBIX,131.08999633789062,131.08999633789062,131.2100067138672,131.08999633789062,131.2100067138672,533.0
2024-03-01 12:16:00,NEO,16.09000015258789,16.09000015258789,16.09000015258789,16.09000015258789,16.09000015258789,301.0
2024-03-01 12:16:00,NEOG,17.334999084472656,17.334999084472656,17.34000015258789,17.334999084472656,17.34000015258789,754.0
2024-03-01 12:16:00,NGM,1.5299999713897705,1.5299999713897705,1.5299999713897705,1.5299999713897705,1.5299999713897705,501.0
2024-03-01 12:16:00,NKTR,0.7871000170707703,0.7871000170707703,0.7900000214576721,0.782800018787384,0.782800018787384,4952.0
2024-03-01 12:16:00,NKTX,12.949999809265137,12.949999809265137,12.979999542236328,12.914999961853027,12.914999961853027,10216.0
2024-03-01 12:16:00,NNOX,11.199999809265137,11.199999809265137,11.220000267028809,11.199999809265137,11.21500015258789,2360.0
2024-03-01 12:16:00,NPCE,16.43000030517578,16.43000030517578,16.454999923706055,16.420000076293945,16.440000534057617,1413.0
2024-03-01 12:16:00,NRIX,13.510000228881836,13.510000228881836,13.510000228881836,13.510000228881836,13.510000228881836,798.0
2024-03-01 12:16:00,NRSN,2.0999999046325684,2.0999999046325684,2.0999999046325684,2.092099905014038,2.092099905014038,1100.0
2024-03-01 12:16:00,NRXP,0.4104500114917755,0.4104500114917755,0.4104500114917755,0.4104500114917755,0.4104500114917755,100.0
2024-03-01 12:16:00,NTLA,33.5,33.5,33.5,33.459999084472656,33.459999084472656,937.0
2024-03-01 12:16:00,NTRA,88.87000274658203,88.87000274658203,88.96499633789062,88.87000274658203,88.96499633789062,3642.0
2024-03-01 12:16:00,NUVL,88.56500244140625,88.56500244140625,88.75,88.13999938964844,88.13999938964844,1034.0
2024-03-01 12:16:00,NVAX,5.150000095367432,5.150000095367432,5.150000095367432,5.144999980926514,5.150000095367432,1955.0
2024-03-01 12:16:00,NVCR,16.0,16.0,16.0,16.0,16.0,425.0
2024-03-01 12:16:00,NVOS,0.6201000213623047,0.6201000213623047,0.6215999722480774,0.6200000047683716,0.6202099919319153,13525.0
2024-03-01 12:16:00,NXTC,1.7999999523162842,1.7999999523162842,1.7999999523162842,1.7999999523162842,1.7999999523162842,200.0
2024-03-01 12:16:00,OCGN,0.9394999742507935,0.9394999742507935,0.9394999742507935,0.9300000071525574,0.9301000237464905,11235.0
2024-03-01 12:16:00,OCUL,10.760000228881836,10.760000228881836,10.779999732971191,10.760000228881836,10.760000228881836,4357.0
2024-03-01 12:16:00,OCUP,2.4800000190734863,2.4800000190734863,2.4800000190734863,2.4800000190734863,2.4800000190734863,110.0
2024-03-01 12:16:00,OGI,2.190000057220459,2.190000057220459,2.190000057220459,2.190000057220459,2.190000057220459,125.0
2024-03-01 12:16:00,OLMA,14.15999984741211,14.15999984741211,14.180000305175781,14.130000114440918,14.179900169372559,5394.0
2024-03-01 12:16:00,OMER,4.760000228881836,4.760000228881836,4.760000228881836,4.75,4.75,2792.0
2024-03-01 12:16:00,OMGA,4.179999828338623,4.179999828338623,4.190000057220459,4.179999828338623,4.190000057220459,219.0
2024-03-01 12:16:00,ONCY,1.1207000017166138,1.1207000017166138,1.1207000017166138,1.1207000017166138,1.1207000017166138,121.0
2024-03-01 12:17:00,ABCL,5.2210001945495605,5.2210001945495605,5.224999904632568,5.215000152587891,5.215000152587891,4236.0
2024-03-01 12:17:00,ABEO,7.735000133514404,7.735000133514404,7.735000133514404,7.735000133514404,7.735000133514404,269.0
2024-03-01 12:17:00,ABOS,4.659999847412109,4.659999847412109,4.664999961853027,4.659999847412109,4.664999961853027,1746.0
2024-03-01 12:17:00,ABSI,5.264999866485596,5.264999866485596,5.264999866485596,5.260000228881836,5.260000228881836,1897.0
2024-03-01 12:17:00,ACAD,23.90999984741211,23.90999984741211,23.93000030517578,23.899999618530273,23.90999984741211,6386.0
2024-03-01 12:17:00,ACB,3.190000057220459,3.190000057220459,3.190000057220459,3.190000057220459,3.190000057220459,129.0
2024-03-01 12:17:00,ACCD,10.25,10.25,10.25,10.239999771118164,10.239999771118164,737.0
2024-03-01 12:17:00,ACET,2.384999990463257,2.384999990463257,2.384999990463257,2.380000114440918,2.384999990463257,701.0
2024-03-01 12:17:00,ACHC,84.1500015258789,84.1500015258789,84.1500015258789,84.1500015258789,84.1500015258789,826.0
2024-03-01 12:17:00,ACLX,67.44000244140625,67.44000244140625,67.44000244140625,67.43000030517578,67.43000030517578,579.0
2024-03-01 12:17:00,ACON,0.38749998807907104,0.38749998807907104,0.38749998807907104,0.38749998807907104,0.38749998807907104,500.0
2024-03-01 12:17:00,ACRS,1.2395999431610107,1.2395999431610107,1.2400000095367432,1.2395999431610107,1.2400000095367432,1827.0
2024-03-01 12:17:00,ADAP,1.6150000095367432,1.6150000095367432,1.6150000095367432,1.6150000095367432,1.6150000095367432,513.0
2024-03-01 12:17:00,ADIL,3.0999999046325684,3.0999999046325684,3.1500000953674316,3.059999942779541,3.075200080871582,39214.0
2024-03-01 12:17:00,ADMA,5.375,5.375,5.380000114440918,5.375,5.380000114440918,2187.0
2024-03-01 12:17:00,ADVM,1.9600000381469727,1.9600000381469727,1.9600000381469727,1.9550000429153442,1.9550000429153442,1055.0
2024-03-01 12:17:00,AGEN,0.6738749742507935,0.6738749742507935,0.6739000082015991,0.673799991607666,0.6738749742507935,4862.0
2024-03-01 12:17:00,AGIO,32.88999938964844,32.88999938964844,32.91999816894531,32.88999938964844,32.88999938964844,1021.0
2024-03-01 12:17:00,AHCO,10.829999923706055,10.829999923706055,10.829999923706055,10.8100004196167,10.8100004196167,1162.0
2024-03-01 12:17:00,AIH,0.5095000267028809,0.5095000267028809,0.5095000267028809,0.5095000267028809,0.5095000267028809,10473.0
2024-03-01 12:17:00,AIRS,6.489999771118164,6.489999771118164,6.489999771118164,6.46999979019165,6.46999979019165,1045.0
2024-03-01 12:17:00,AKAN,0.2459000051021576,0.2459000051021576,0.2459000051021576,0.24300000071525574,0.24300000071525574,10188.0
2024-03-01 12:17:00,AKBA,1.6749999523162842,1.6749999523162842,1.6799999475479126,1.6749999523162842,1.6799999475479126,321.0
2024-03-01 12:17:00,AKLI,0.33625099062919617,0.33625099062919617,0.33625099062919617,0.33625099062919617,0.33625099062919617,155.0
2024-03-01 12:17:00,AKRO,30.274799346923828,30.274799346923828,30.299999237060547,30.25,30.25,1129.0
2024-03-01 12:17:00,ALDX,4.144999980926514,4.144999980926514,4.144999980926514,4.139999866485596,4.139999866485596,1363.0
2024-03-01 12:17:00,ALEC,7.420000076293945,7.420000076293945,7.425000190734863,7.409999847412109,7.425000190734863,725.0
2024-03-01 12:17:00,ALGN,303.4700012207031,303.4700012207031,303.5299987792969,303.4700012207031,303.5299987792969,635.0
2024-03-01 12:17:00,ALHC,5.75,5.75,5.75,5.730000019073486,5.730000019073486,402.0
2024-03-01 12:17:00,ALKS,30.225000381469727,30.225000381469727,30.229999542236328,30.219999313354492,30.219999313354492,3082.0
2024-03-01 12:17:00,ALLK,1.6050000190734863,1.6050000190734863,1.6050000190734863,1.6050000190734863,1.6050000190734863,1963.0
2024-03-01 12:17:00,ALLO,5.054999828338623,5.054999828338623,5.054999828338623,5.050000190734863,5.050000190734863,1113.0
2024-03-01 12:17:00,ALNY,154.19000244140625,154.19000244140625,154.36000061035156,154.19000244140625,154.2100067138672,596.0
2024-03-01 12:17:00,ALPN,35.97999954223633,35.97999954223633,35.97999954223633,35.97999954223633,35.97999954223633,339.0
2024-03-01 12:17:00,ALT,12.029999732971191,12.029999732971191,12.079999923706055,12.029999732971191,12.079999923706055,6569.0
2024-03-01 12:17:00,ALVO,15.664999961853027,15.664999961853027,15.664999961853027,15.664999961853027,15.664999961853027,100.0
2024-03-01 12:17:00,ALVR,0.7554000020027161,0.7554000020027161,0.7554000020027161,0.7554000020027161,0.7554000020027161,320.0
2024-03-01 12:17:00,ALXO,15.130000114440918,15.130000114440918,15.130000114440918,15.130000114440918,15.130000114440918,103.0
2024-03-01 12:17:00,AMED,93.16000366210938,93.16000366210938,93.16000366210938,92.9800033569336,92.9800033569336,386.0
2024-03-01 12:17:00,AMGN,281.7049865722656,281.7049865722656,281.8500061035156,281.6499938964844,281.8500061035156,10007.0
2024-03-01 12:17:00,AMLX,18.84000015258789,18.84000015258789,18.84000015258789,18.84000015258789,18.84000015258789,921.0
2024-03-01 12:17:00,AMPH,45.46149826049805,45.46149826049805,45.55500030517578,45.334999084472656,45.334999084472656,5956.0
2024-03-01 12:17:00,AMRN,1.0499999523162842,1.0499999523162842,1.0549999475479126,1.0499999523162842,1.0549999475479126,1025.0
2024-03-01 12:17:00,ANAB,25.469999313354492,25.469999313354492,25.469999313354492,25.459999084472656,25.459999084472656,328.0
2024-03-01 12:17:00,ANGO,5.49429988861084,5.49429988861084,5.494999885559082,5.49429988861084,5.494999885559082,325.0
2024-03-01 12:17:00,ANIX,3.5280001163482666,3.5280001163482666,3.5280001163482666,3.5280001163482666,3.5280001163482666,133.0
2024-03-01 12:17:00,ANNX,5.96999979019165,5.96999979019165,5.980000019073486,5.969299793243408,5.96999979019165,108179.0
2024-03-01 12:17:00,APLS,65.16999816894531,65.16999816894531,65.2300033569336,65.08999633789062,65.12460327148438,4533.0
2024-03-01 12:17:00,APLT,7.099999904632568,7.099999904632568,7.099999904632568,7.085000038146973,7.085000038146973,2179.0
2024-03-01 12:17:00,AQST,4.348999977111816,4.348999977111816,4.349699974060059,4.348999977111816,4.349699974060059,2346.0
2024-03-01 12:17:00,ARCT,39.654998779296875,39.654998779296875,39.654998779296875,39.654998779296875,39.654998779296875,287.0
2024-03-01 12:17:00,ARDS,0.07429999858140945,0.07429999858140945,0.07429999858140945,0.07429999858140945,0.07429999858140945,1800.0
2024-03-01 12:17:00,ARDX,9.670000076293945,9.670000076293945,9.680000305175781,9.670000076293945,9.679300308227539,1714.0
2024-03-01 12:17:00,ARGX,390.42999267578125,390.42999267578125,390.7900085449219,390.42999267578125,390.5799865722656,980.0
2024-03-01 12:17:00,ARQT,11.675000190734863,11.675000190734863,11.696499824523926,11.639900207519531,11.639900207519531,18233.0
2024-03-01 12:17:00,ARVN,49.209999084472656,49.209999084472656,49.21500015258789,49.20000076293945,49.20000076293945,2244.0
2024-03-01 12:17:00,ARWR,35.58000183105469,35.58000183105469,35.599998474121094,35.43000030517578,35.43000030517578,4777.0
2024-03-01 12:17:00,ASLN,0.7753000259399414,0.7753000259399414,0.7753000259399414,0.7753000259399414,0.7753000259399414,100.0
2024-03-01 12:17:00,ASND,150.24000549316406,150.24000549316406,150.24000549316406,150.23500061035156,150.23500061035156,773.0
2024-03-01 12:17:00,ATAI,2.1006999015808105,2.1006999015808105,2.109999895095825,2.0999999046325684,2.109999895095825,2480.0
2024-03-01 12:17:00,ATEC,13.5649995803833,13.5649995803833,13.5649995803833,13.5600004196167,13.5600004196167,1908.0
2024-03-01 12:17:00,ATHA,3.984999895095825,3.984999895095825,3.984999895095825,3.9800000190734863,3.9800000190734863,588.0
2024-03-01 12:17:00,ATRA,0.7900000214576721,0.7900000214576721,0.7943000197410583,0.7900000214576721,0.7900000214576721,1276.0
2024-03-01 12:17:00,ATRC,36.0,36.0,36.0,35.959999084472656,35.959999084472656,1708.0
2024-03-01 12:17:00,ATXS,15.024999618530273,15.024999618530273,15.024999618530273,15.024999618530273,15.024999618530273,300.0
2024-03-01 12:17:00,AUGX,4.610000133514404,4.610000133514404,4.610000133514404,4.610000133514404,4.610000133514404,157.0
2024-03-01 12:17:00,AUPH,5.855000019073486,5.855000019073486,5.855000019073486,5.840000152587891,5.840000152587891,7342.0
2024-03-01 12:17:00,AURA,9.444999694824219,9.444999694824219,9.444999694824219,9.444999694824219,9.444999694824219,101.0
2024-03-01 12:17:00,AUTL,6.360000133514404,6.360000133514404,6.360000133514404,6.349999904632568,6.349999904632568,435.0
2024-03-01 12:17:00,AVDL,13.0,13.0,13.0,12.970000267028809,13.0,88219.0
2024-03-01 12:17:00,AVRO,1.350000023841858,1.350000023841858,1.3600000143051147,1.350000023841858,1.350000023841858,1754.0
2024-03-01 12:17:00,AVXL,5.364999771118164,5.364999771118164,5.364999771118164,5.360000133514404,5.360000133514404,4310.0
2024-03-01 12:17:00,AXNX,67.5999984741211,67.5999984741211,67.5999984741211,67.58000183105469,67.5999984741211,992.0
2024-03-01 12:17:00,AXSM,82.625,82.625,82.625,82.625,82.625,264.0
2024-03-01 12:17:00,AZN,64.80999755859375,64.80999755859375,64.80999755859375,64.79930114746094,64.79930114746094,2624.0
2024-03-01 12:17:00,BBIO,36.09000015258789,36.09000015258789,36.11000061035156,36.09000015258789,36.09000015258789,3361.0
2024-03-01 12:17:00,BBLG,2.3299999237060547,2.3299999237060547,2.3299999237060547,2.3299999237060547,2.3299999237060547,978.0
2024-03-01 12:17:00,BCEL,0.26829999685287476,0.26829999685287476,0.26829999685287476,0.26829999685287476,0.26829999685287476,2500.0
2024-03-01 12:17:00,BCLI,0.35989999771118164,0.35989999771118164,0.35989999771118164,0.35989999771118164,0.35989999771118164,154.0
2024-03-01 12:17:00,BCRX,5.78000020980835,5.78000020980835,5.78000020980835,5.775000095367432,5.775000095367432,1048.0
2024-03-01 12:17:00,BCYC,25.8799991607666,25.8799991607666,26.0,25.850000381469727,25.850000381469727,4035.0
2024-03-01 12:17:00,BDSX,1.6449999809265137,1.6449999809265137,1.690000057220459,1.6449999809265137,1.690000057220459,5000.0
2024-03-01 12:17:00,BDTX,5.065000057220459,5.065000057220459,5.065000057220459,5.059999942779541,5.059999942779541,232.0
2024-03-01 12:17:00,BEAM,40.13999938964844,40.13999938964844,40.18000030517578,40.130001068115234,40.15999984741211,3746.0
2024-03-01 12:17:00,BIIB,220.10000610351562,220.10000610351562,220.16000366210938,220.00999450683594,220.08999633789062,3277.0
2024-03-01 12:17:00,BIOL,0.1379999965429306,0.1379999965429306,0.1379999965429306,0.1379999965429306,0.1379999965429306,478.0
2024-03-01 12:17:00,BIOR,1.2099000215530396,1.2099000215530396,1.2200000286102295,1.2099000215530396,1.2100000381469727,1542.0
2024-03-01 12:17:00,BIVI,1.8799999952316284,1.8799999952316284,1.899999976158142,1.850000023841858,1.8899999856948853,77290.0
2024-03-01 12:17:00,BLFS,18.360000610351562,18.360000610351562,18.360000610351562,18.360000610351562,18.360000610351562,618.0
2024-03-01 12:17:00,BLUE,1.600000023841858,1.600000023841858,1.600000023841858,1.5850000381469727,1.5850000381469727,66363.0
2024-03-01 12:17:00,BMEA,18.024999618530273,18.024999618530273,18.024999618530273,18.024999618530273,18.024999618530273,318.0
2024-03-01 12:17:00,BMRN,87.05000305175781,87.05000305175781,87.08000183105469,87.01499938964844,87.02999877929688,8983.0
2024-03-01 12:17:00,BNGO,1.25,1.25,1.25,1.25,1.25,900.0
2024-03-01 12:17:00,BNOX,1.2400000095367432,1.2400000095367432,1.2400000095367432,1.2400000095367432,1.2400000095367432,1000.0
2024-03-01 12:17:00,BNR,0.833899974822998,0.833899974822998,0.8445000052452087,0.833899974822998,0.8445000052452087,1626.0
2024-03-01 12:17:00,BNTX,92.06800079345703,92.06800079345703,92.2300033569336,92.06800079345703,92.2300033569336,3245.0
2024-03-01 12:17:00,BPMC,97.81500244140625,97.81500244140625,97.83999633789062,97.81500244140625,97.83999633789062,533.0
2024-03-01 12:17:00,BRKR,87.99500274658203,87.99500274658203,87.99500274658203,87.99500274658203,87.99500274658203,141.0
2024-03-01 12:17:00,BSGM,0.6299999952316284,0.6299999952316284,0.6299999952316284,0.6299999952316284,0.6299999952316284,3146.0
2024-03-01 12:17:00,BTCY,0.9300000071525574,0.9300000071525574,0.9300000071525574,0.9300000071525574,0.9300000071525574,400.0
2024-03-01 12:17:00,BTMD,6.070000171661377,6.070000171661377,6.070099830627441,6.070000171661377,6.070099830627441,616.0
2024-03-01 12:17:00,BTTX,0.17190000414848328,0.17190000414848328,0.17190000414848328,0.17190000414848328,0.17190000414848328,684.0
2024-03-01 12:17:00,BWAY,6.53000020980835,6.53000020980835,6.53000020980835,6.53000020980835,6.53000020980835,100.0
2024-03-01 12:17:00,CABA,23.989999771118164,23.989999771118164,23.989999771118164,23.959999084472656,23.959999084472656,257.0
2024-03-01 12:17:00,CARA,0.8988999724388123,0.8988999724388123,0.8999999761581421,0.8950999975204468,0.8999999761581421,1916.0
2024-03-01 12:17:00,CBAY,32.244998931884766,32.244998931884766,32.25,32.244998931884766,32.25,3676.0
2024-03-01 12:17:00,CCCC,10.878800392150879,10.878800392150879,10.880000114440918,10.871000289916992,10.880000114440918,2451.0
2024-03-01 12:17:00,CCRN,18.239999771118164,18.239999771118164,18.239999771118164,18.239999771118164,18.239999771118164,111.0
2024-03-01 12:17:00,CDMO,8.140000343322754,8.140000343322754,8.140000343322754,8.140000343322754,8.140000343322754,500.0
2024-03-01 12:17:00,CDNA,12.575799942016602,12.575799942016602,12.59000015258789,12.574999809265137,12.59000015258789,2320.0
2024-03-01 12:17:00,CDTX,0.7200999855995178,0.7200999855995178,0.7200999855995178,0.7200999855995178,0.7200999855995178,500.0
2024-03-01 12:17:00,CDXS,4.510000228881836,4.510000228881836,4.534999847412109,4.510000228881836,4.534999847412109,295.0
2024-03-01 12:17:00,CELC,16.0,16.0,16.0,16.0,16.0,218.0
2024-03-01 12:17:00,CERE,41.11000061035156,41.11000061035156,41.11000061035156,41.11000061035156,41.11000061035156,1311.0
2024-03-01 12:17:00,CERS,2.2249999046325684,2.2249999046325684,2.2249999046325684,2.2200000286102295,2.2200000286102295,2956.0
2024-03-01 12:17:00,CERT,17.6200008392334,17.6200008392334,17.6200008392334,17.610000610351562,17.610000610351562,526.0
2024-03-01 12:17:00,CGC,3.2699999809265137,3.2699999809265137,3.2799999713897705,3.265000104904175,3.265000104904175,7939.0
2024-03-01 12:17:00,CGEM,19.053800582885742,19.053800582885742,19.053800582885742,19.0,19.010000228881836,732.0
2024-03-01 12:17:00,CHRS,2.375,2.375,2.384999990463257,2.375,2.384999990463257,22495.0
2024-03-01 12:17:00,CJJD,2.9618000984191895,2.9618000984191895,2.9618000984191895,2.9618000984191895,2.9618000984191895,1231.0
2024-03-01 12:17:00,CKPT,2.2100000381469727,2.2100000381469727,2.2100000381469727,2.2100000381469727,2.2100000381469727,205.0
2024-03-01 12:17:00,CLDX,51.380001068115234,51.380001068115234,51.6349983215332,51.279998779296875,51.630001068115234,17713.0
2024-03-01 12:17:00,CLNN,0.3862999975681305,0.3862999975681305,0.3862999975681305,0.3862999975681305,0.3862999975681305,400.0
2024-03-01 12:17:00,CLOV,0.8651999831199646,0.8651999831199646,0.8654999732971191,0.8640000224113464,0.8640000224113464,23089.0
2024-03-01 12:17:00,CLRB,4.119999885559082,4.119999885559082,4.119999885559082,4.118899822235107,4.118899822235107,4213.0
2024-03-01 12:17:00,CMPS,11.479999542236328,11.479999542236328,11.479999542236328,11.460000038146973,11.460000038146973,515.0
2024-03-01 12:17:00,COGT,7.210000038146973,7.210000038146973,7.21999979019165,7.204999923706055,7.210000038146973,5325.0
2024-03-01 12:17:00,COLL,37.095001220703125,37.095001220703125,37.095001220703125,37.095001220703125,37.095001220703125,475.0
2024-03-01 12:17:00,CORT,23.850000381469727,23.850000381469727,23.850000381469727,23.809999465942383,23.809999465942383,24136.0
2024-03-01 12:17:00,CPRX,17.170000076293945,17.170000076293945,17.184999465942383,17.15999984741211,17.15999984741211,4548.0
2024-03-01 12:17:00,CPSI,9.204999923706055,9.204999923706055,9.204999923706055,9.1899995803833,9.199999809265137,1688.0
2024-03-01 12:17:00,CRBP,32.10499954223633,32.10499954223633,32.10499954223633,32.10499954223633,32.10499954223633,271.0
2024-03-01 12:17:00,CRBU,8.015000343322754,8.015000343322754,8.03499984741211,8.015000343322754,8.029999732971191,7363.0
2024-03-01 12:17:00,CRDF,2.2899999618530273,2.2899999618530273,2.299999952316284,2.2799999713897705,2.2799999713897705,17779.0
2024-03-01 12:17:00,CRIS,9.931099891662598,9.931099891662598,9.931099891662598,9.931099891662598,9.931099891662598,527.0
2024-03-01 12:17:00,CRNX,46.099998474121094,46.099998474121094,46.130001068115234,46.08000183105469,46.11000061035156,2238.0
2024-03-01 12:17:00,CRON,2.059999942779541,2.059999942779541,2.059999942779541,2.059999942779541,2.059999942779541,107.0
2024-03-01 12:17:00,CRSP,85.4000015258789,85.4000015258789,85.44999694824219,85.37000274658203,85.44999694824219,1515.0
2024-03-01 12:17:00,CTKB,8.59000015258789,8.59000015258789,8.59000015258789,8.574999809265137,8.574999809265137,1134.0
2024-03-01 12:17:00,CTMX,2.6700000762939453,2.6700000762939453,2.6700000762939453,2.664599895477295,2.664599895477295,400.0
2024-03-01 12:17:00,CTSO,0.949999988079071,0.949999988079071,0.949999988079071,0.949999988079071,0.949999988079071,4510.0
2024-03-01 12:17:00,CYTK,73.94999694824219,73.94999694824219,73.98999786376953,73.88999938964844,73.88999938964844,917.0
2024-03-01 12:17:00,CYTO,2.319999933242798,2.319999933242798,2.3299999237060547,2.250499963760376,2.3201000690460205,10854.0
2024-03-01 12:17:00,DCGO,4.112500190734863,4.112500190734863,4.114999771118164,4.112500190734863,4.114999771118164,703.0
2024-03-01 12:17:00,DCPH,17.5049991607666,17.5049991607666,17.5049991607666,17.5049991607666,17.5049991607666,660.0
2024-03-01 12:17:00,DH,9.020000457763672,9.020000457763672,9.039999961853027,9.020000457763672,9.039999961853027,1340.0
2024-03-01 12:17:00,DMTK,0.8666999936103821,0.8666999936103821,0.8666999936103821,0.8666999936103821,0.8666999936103821,301.0
2024-03-01 12:17:00,DNLI,20.864999771118164,20.864999771118164,20.889999389648438,20.864999771118164,20.864999771118164,1999.0
2024-03-01 12:17:00,DRIO,1.9900000095367432,1.9900000095367432,1.9901000261306763,1.9900000095367432,1.9901000261306763,2200.0
2024-03-01 12:17:00,DVAX,12.869999885559082,12.869999885559082,12.885000228881836,12.869999885559082,12.885000228881836,4757.0
2024-03-01 12:17:00,DXCM,120.97000122070312,120.97000122070312,121.06999969482422,120.92009735107422,120.95999908447266,8306.0
2024-03-01 12:17:00,DYN,28.56999969482422,28.56999969482422,28.56999969482422,28.56999969482422,28.56999969482422,101.0
2024-03-01 12:17:00,EDIT,10.925000190734863,10.925000190734863,10.930000305175781,10.911199569702148,10.911199569702148,1277.0
2024-03-01 12:17:00,ELEV,4.789999961853027,4.789999961853027,4.789999961853027,4.789999961853027,4.789999961853027,245.0
2024-03-01 12:17:00,EMBC,14.34000015258789,14.34000015258789,14.34000015258789,14.34000015258789,14.34000015258789,137.0
2024-03-01 12:17:00,ENSG,123.37000274658203,123.37000274658203,123.41999816894531,123.13500213623047,123.13500213623047,5970.0
2024-03-01 12:17:00,ENTA,15.25,15.25,15.25,15.25,15.25,576.0
2024-03-01 12:17:00,ENVB,1.5299999713897705,1.5299999713897705,1.5499999523162842,1.5199999809265137,1.524999976158142,5244.0
2024-03-01 12:17:00,EOLS,14.65999984741211,14.65999984741211,14.65999984741211,14.65999984741211,14.65999984741211,833.0
2024-03-01 12:17:00,ERAS,2.5299999713897705,2.5299999713897705,2.5299999713897705,2.5299999713897705,2.5299999713897705,471.0
2024-03-01 12:17:00,ESPR,2.549999952316284,2.549999952316284,2.549999952316284,2.5439999103546143,2.5476999282836914,2013.0
2024-03-01 12:17:00,ESTA,45.989898681640625,45.989898681640625,45.989898681640625,45.989898681640625,45.989898681640625,247.0
2024-03-01 12:17:00,ETNB,13.100000381469727,13.100000381469727,13.100000381469727,13.029999732971191,13.029999732971191,3635.0
2024-03-01 12:17:00,EWTX,17.030000686645508,17.030000686645508,17.030000686645508,17.010000228881836,17.010000228881836,2445.0
2024-03-01 12:17:00,EXAI,6.809999942779541,6.809999942779541,6.809999942779541,6.809999942779541,6.809999942779541,138.0
2024-03-01 12:17:00,EXAS,59.974998474121094,59.974998474121094,59.974998474121094,59.94499969482422,59.94499969482422,1631.0
2024-03-01 12:17:00,EXEL,22.524999618530273,22.524999618530273,22.524999618530273,22.520000457763672,22.520000457763672,983.0
2024-03-01 12:17:00,EYEN,2.3299999237060547,2.3299999237060547,2.3299999237060547,2.3299999237060547,2.3299999237060547,312.0
2024-03-01 12:17:00,EYPT,28.040000915527344,28.040000915527344,28.049999237060547,28.040000915527344,28.049999237060547,581.0
2024-03-01 12:17:00,FATE,7.429999828338623,7.429999828338623,7.440000057220459,7.429999828338623,7.429999828338623,2506.0
2024-03-01 12:17:00,FBIO,2.2799999713897705,2.2799999713897705,2.2799999713897705,2.2799999713897705,2.2799999713897705,3101.0
2024-03-01 12:17:00,FDMT,29.239999771118164,29.239999771118164,29.239999771118164,29.18000030517578,29.18000030517578,2204.0
2024-03-01 12:17:00,FEMY,1.7266000509262085,1.7266000509262085,1.7266000509262085,1.7266000509262085,1.7266000509262085,500.0
2024-03-01 12:17:00,FOLD,13.300000190734863,13.300000190734863,13.3149995803833,13.300000190734863,13.305000305175781,3332.0
2024-03-01 12:17:00,FULC,10.930000305175781,10.930000305175781,10.930000305175781,10.930000305175781,10.930000305175781,142.0
2024-03-01 12:17:00,FUSN,12.295000076293945,12.295000076293945,12.319999694824219,12.289999961853027,12.319999694824219,2576.0
2024-03-01 12:17:00,GBIO,2.6600000858306885,2.6600000858306885,2.6600000858306885,2.6600000858306885,2.6600000858306885,100.0
2024-03-01 12:17:00,GDRX,8.350000381469727,8.350000381469727,8.369999885559082,8.350000381469727,8.359999656677246,22068.0
2024-03-01 12:17:00,GERN,2.194999933242798,2.194999933242798,2.200000047683716,2.184000015258789,2.190000057220459,62140.0
2024-03-01 12:17:00,GH,19.219999313354492,19.219999313354492,19.239999771118164,19.219999313354492,19.239999771118164,2981.0
2024-03-01 12:17:00,GILD,72.27010345458984,72.27010345458984,72.27999877929688,72.2699966430664,72.27999877929688,3851.0
2024-03-01 12:17:00,GLSI,12.390000343322754,12.390000343322754,12.390000343322754,12.390000343322754,12.390000343322754,106.0
2024-03-01 12:17:00,GLYC,3.0683999061584473,3.0683999061584473,3.0683999061584473,3.059999942779541,3.059999942779541,845.0
2024-03-01 12:17:00,GMAB,29.375,29.375,29.390100479125977,29.375,29.3799991607666,2748.0
2024-03-01 12:17:00,GMDA,0.3865000009536743,0.3865000009536743,0.3869999945163727,0.3865000009536743,0.3869999945163727,11288.0
2024-03-01 12:17:00,GOSS,1.3615000247955322,1.3615000247955322,1.3650000095367432,1.3600000143051147,1.3650000095367432,410.0
2024-03-01 12:17:00,GRFS,7.074999809265137,7.074999809265137,7.079999923706055,7.045000076293945,7.045000076293945,44312.0
2024-03-01 12:17:00,GRPH,3.4749999046325684,3.4749999046325684,3.4749999046325684,3.4749999046325684,3.4749999046325684,201.0
2024-03-01 12:17:00,GRTS,2.180000066757202,2.180000066757202,2.1898999214172363,2.180000066757202,2.1898999214172363,3323.0
2024-03-01 12:17:00,GTHX,3.634999990463257,3.634999990463257,3.6500000953674316,3.634999990463257,3.6500000953674316,17862.0
2024-03-01 12:17:00,HALO,41.779998779296875,41.779998779296875,41.779998779296875,41.70000076293945,41.70000076293945,3028.0
2024-03-01 12:17:00,HARP,22.950000762939453,22.950000762939453,22.950000762939453,22.940000534057617,22.940000534057617,499.0
2024-03-01 12:17:00,HCAT,8.039999961853027,8.039999961853027,8.039999961853027,8.020000457763672,8.020000457763672,1347.0
2024-03-01 12:17:00,HCM,15.390000343322754,15.390000343322754,15.390000343322754,15.359999656677246,15.359999656677246,728.0
2024-03-01 12:17:00,HCSG,12.664999961853027,12.664999961853027,12.664999961853027,12.664999961853027,12.664999961853027,204.0
2024-03-01 12:17:00,HCTI,2.449899911880493,2.449899911880493,2.449899911880493,2.440000057220459,2.440000057220459,449.0
2024-03-01 12:17:00,HEPA,3.184999942779541,3.184999942779541,3.184999942779541,3.184999942779541,3.184999942779541,100.0
2024-03-01 12:17:00,HLTH,0.26989999413490295,0.26989999413490295,0.26989999413490295,0.26989999413490295,0.26989999413490295,1847.0
2024-03-01 12:17:00,HOLX,73.73999786376953,73.73999786376953,73.73999786376953,73.73470306396484,73.73470306396484,1035.0
2024-03-01 12:17:00,HQY,81.78500366210938,81.78500366210938,81.78500366210938,81.75,81.75,1466.0
2024-03-01 12:17:00,HRMY,31.649999618530273,31.649999618530273,31.649999618530273,31.610000610351562,31.610000610351562,1084.0
2024-03-01 12:17:00,HROW,10.880000114440918,10.880000114440918,10.880000114440918,10.880000114440918,10.880000114440918,210.0
2024-03-01 12:17:00,HRTX,2.609999895095825,2.609999895095825,2.609999895095825,2.6050000190734863,2.6050000190734863,2541.0
2024-03-01 12:17:00,HSIC,76.95500183105469,76.95500183105469,76.95999908447266,76.91999816894531,76.91999816894531,2999.0
2024-03-01 12:17:00,HUMA,3.444999933242798,3.444999933242798,3.450000047683716,3.4410998821258545,3.444999933242798,4933.0
2024-03-01 12:17:00,IART,36.599998474121094,36.599998474121094,36.599998474121094,36.5,36.5099983215332,1655.0
2024-03-01 12:17:00,IBRX,4.914999961853027,4.914999961853027,4.925000190734863,4.914999961853027,4.918000221252441,8452.0
2024-03-01 12:17:00,ICLR,323.44000244140625,323.44000244140625,323.44000244140625,323.1625061035156,323.4200134277344,1179.0
2024-03-01 12:17:00,IDXX,581.7150268554688,581.7150268554688,581.7150268554688,581.7150268554688,581.7150268554688,135.0
2024-03-01 12:17:00,IDYA,46.470001220703125,46.470001220703125,46.5,46.459999084472656,46.5,1329.0
2024-03-01 12:17:00,IFRX,1.8700000047683716,1.8700000047683716,1.8700000047683716,1.8700000047683716,1.8700000047683716,317.0
2024-03-01 12:17:00,IINN,1.6399999856948853,1.6399999856948853,1.6399999856948853,1.6399999856948853,1.6399999856948853,100.0
2024-03-01 12:17:00,IKNA,1.4700000286102295,1.4700000286102295,1.4700000286102295,1.465000033378601,1.465000033378601,3479.0
2024-03-01 12:17:00,ILMN,142.14999389648438,142.14999389648438,142.16000366210938,142.14999389648438,142.16000366210938,809.0
2024-03-01 12:17:00,IMNM,25.924999237060547,25.924999237060547,25.924999237060547,25.924999237060547,25.924999237060547,184.0
2024-03-01 12:17:00,IMTX,12.989999771118164,12.989999771118164,13.0,12.979999542236328,12.979999542236328,3714.0
2024-03-01 12:17:00,IMUX,1.4900000095367432,1.4900000095367432,1.4900000095367432,1.4900000095367432,1.4900000095367432,799.0
2024-03-01 12:17:00,IMVT,36.400001525878906,36.400001525878906,36.459999084472656,36.400001525878906,36.435001373291016,3093.0
2024-03-01 12:17:00,INAB,1.100100040435791,1.100100040435791,1.100100040435791,1.100000023841858,1.100000023841858,1230.0
2024-03-01 12:17:00,INBX,36.724998474121094,36.724998474121094,36.724998474121094,36.724998474121094,36.724998474121094,120.0
2024-03-01 12:17:00,INCY,59.16999816894531,59.16999816894531,59.185001373291016,59.16999816894531,59.18000030517578,1669.0
2024-03-01 12:17:00,INGN,6.860000133514404,6.860000133514404,6.860000133514404,6.860000133514404,6.860000133514404,745.0
2024-03-01 12:17:00,INMD,22.860000610351562,22.860000610351562,22.860000610351562,22.860000610351562,22.860000610351562,1447.0
2024-03-01 12:17:00,INO,9.300000190734863,9.300000190734863,9.300000190734863,9.300000190734863,9.300000190734863,427.0
2024-03-01 12:17:00,INSM,28.469999313354492,28.469999313354492,28.5,28.459999084472656,28.459999084472656,4344.0
2024-03-01 12:17:00,INVA,15.59000015258789,15.59000015258789,15.59000015258789,15.585000038146973,15.585000038146973,1668.0
2024-03-01 12:17:00,INZY,6.690000057220459,6.690000057220459,6.695000171661377,6.664999961853027,6.666999816894531,6523.0
2024-03-01 12:17:00,IONS,45.994998931884766,45.994998931884766,45.994998931884766,45.9900016784668,45.9900016784668,793.0
2024-03-01 12:17:00,IOVA,16.790000915527344,16.790000915527344,16.81999969482422,16.75,16.75,35211.0
2024-03-01 12:17:00,IRIX,2.630000114440918,2.630000114440918,2.630000114440918,2.630000114440918,2.630000114440918,100.0
2024-03-01 12:17:00,IRTC,121.12999725341797,121.12999725341797,121.12999725341797,121.12999725341797,121.12999725341797,1110.0
2024-03-01 12:17:00,IRWD,9.114999771118164,9.114999771118164,9.1274995803833,9.109999656677246,9.117500305175781,20789.0
2024-03-01 12:17:00,ISRG,395.32000732421875,395.32000732421875,395.32000732421875,395.00299072265625,395.00299072265625,2488.0
2024-03-01 12:17:00,ITCI,72.05000305175781,72.05000305175781,72.05000305175781,72.0,72.0,868.0
2024-03-01 12:17:00,ITRM,1.2415000200271606,1.2415000200271606,1.2415000200271606,1.2415000200271606,1.2415000200271606,426.0
2024-03-01 12:17:00,JAGX,0.07270000129938126,0.07270000129938126,0.07280000299215317,0.07270000129938126,0.07280000299215317,547035.0
2024-03-01 12:17:00,JANX,47.05500030517578,47.05500030517578,47.084999084472656,47.05500030517578,47.084999084472656,814.0
2024-03-01 12:17:00,KNSA,21.739999771118164,21.739999771118164,21.764999389648438,21.739999771118164,21.739999771118164,4322.0
2024-03-01 12:17:00,KNTE,2.615000009536743,2.615000009536743,2.615000009536743,2.615000009536743,2.615000009536743,518.0
2024-03-01 12:17:00,KOD,6.135000228881836,6.135000228881836,6.139999866485596,6.135000228881836,6.136000156402588,454.0
2024-03-01 12:17:00,KPTI,1.1950000524520874,1.1950000524520874,1.2000000476837158,1.1950000524520874,1.2000000476837158,9766.0
2024-03-01 12:17:00,KROS,70.77999877929688,70.77999877929688,70.77999877929688,70.77999877929688,70.77999877929688,880.0
2024-03-01 12:17:00,KRYS,167.88999938964844,167.88999938964844,167.88999938964844,167.88999938964844,167.88999938964844,327.0
2024-03-01 12:17:00,KTRA,0.09600000083446503,0.09600000083446503,0.09610000252723694,0.09549999982118607,0.09610000252723694,68425.0
2024-03-01 12:17:00,KURA,21.260000228881836,21.260000228881836,21.299999237060547,21.260000228881836,21.280000686645508,5010.0
2024-03-01 12:17:00,KYMR,44.10499954223633,44.10499954223633,44.150001525878906,44.099998474121094,44.119998931884766,2916.0
2024-03-01 12:17:00,KZR,1.0850000381469727,1.0850000381469727,1.0850000381469727,1.0850000381469727,1.0850000381469727,507.0
2024-03-01 12:17:00,LAB,2.494999885559082,2.494999885559082,2.505000114440918,2.490000009536743,2.5,32521.0
2024-03-01 12:17:00,LBPH,22.1299991607666,22.1299991607666,22.1299991607666,22.110000610351562,22.110000610351562,527.0
2024-03-01 12:17:00,LEGN,66.0199966430664,66.0199966430664,66.04000091552734,66.01000213623047,66.01000213623047,1010.0
2024-03-01 12:17:00,LEXX,2.7423999309539795,2.7423999309539795,2.75,2.7423999309539795,2.75,250.0
2024-03-01 12:17:00,LFMD,7.974999904632568,7.974999904632568,7.974999904632568,7.974999904632568,7.974999904632568,303.0
2024-03-01 12:17:00,LFST,7.934999942779541,7.934999942779541,7.940000057220459,7.934999942779541,7.934999942779541,5366.0
2024-03-01 12:17:00,LIVN,55.650001525878906,55.650001525878906,55.68000030517578,55.650001525878906,55.68000030517578,264.0
2024-03-01 12:17:00,LNTH,65.63999938964844,65.63999938964844,65.6500015258789,65.63999938964844,65.6500015258789,742.0
2024-03-01 12:17:00,LQDA,14.420000076293945,14.420000076293945,14.4399995803833,14.414999961853027,14.414999961853027,1909.0
2024-03-01 12:17:00,LRMR,11.369999885559082,11.369999885559082,11.369999885559082,11.270000457763672,11.274999618530273,600.0
2024-03-01 12:17:00,LVTX,3.0759999752044678,3.0759999752044678,3.0759999752044678,3.0399999618530273,3.0399999618530273,550.0
2024-03-01 12:17:00,LYEL,3.174999952316284,3.174999952316284,3.174999952316284,3.174999952316284,3.174999952316284,1039.0
2024-03-01 12:17:00,MASI,128.65499877929688,128.65499877929688,128.69000244140625,128.65499877929688,128.69000244140625,573.0
2024-03-01 12:17:00,MBIO,1.3450000286102295,1.3450000286102295,1.3450000286102295,1.3450000286102295,1.3450000286102295,343.0
2024-03-01 12:17:00,MCRB,1.2000000476837158,1.2000000476837158,1.2000000476837158,1.1950000524520874,1.1950000524520874,1373.0
2024-03-01 12:17:00,MDGL,245.89999389648438,245.89999389648438,245.89999389648438,245.74000549316406,245.75999450683594,1798.0
2024-03-01 12:17:00,MDRX,6.0,6.0,6.03000020980835,6.0,6.0,1485.0
2024-03-01 12:17:00,MDXG,8.555000305175781,8.555000305175781,8.555000305175781,8.550000190734863,8.550000190734863,700.0
2024-03-01 12:17:00,ME,0.5630000233650208,0.5630000233650208,0.5630000233650208,0.5605000257492065,0.560699999332428,37984.0
2024-03-01 12:17:00,MEDP,401.2300109863281,401.2300109863281,401.2300109863281,400.6499938964844,400.6499938964844,359.0
2024-03-01 12:17:00,MGNX,18.950000762939453,18.950000762939453,18.969999313354492,18.950000762939453,18.969999313354492,1557.0
2024-03-01 12:17:00,MIST,1.7100000381469727,1.7100000381469727,1.7100000381469727,1.7050000429153442,1.7077000141143799,5732.0
2024-03-01 12:17:00,MLTX,51.595001220703125,51.595001220703125,51.599998474121094,51.58000183105469,51.599998474121094,3129.0
2024-03-01 12:17:00,MNKD,4.570000171661377,4.570000171661377,4.590000152587891,4.570000171661377,4.590000152587891,4586.0
2024-03-01 12:17:00,MNMD,6.150000095367432,6.150000095367432,6.15310001373291,6.150000095367432,6.15310001373291,1310.0
2024-03-01 12:17:00,MODD,1.9199999570846558,1.9199999570846558,1.9199999570846558,1.9199999570846558,1.9199999570846558,100.0
2024-03-01 12:17:00,MODV,28.075000762939453,28.075000762939453,28.184999465942383,28.075000762939453,28.184999465942383,449.0
2024-03-01 12:17:00,MORF,39.279998779296875,39.279998779296875,39.279998779296875,39.279998779296875,39.279998779296875,596.0
2024-03-01 12:17:00,MOTS,0.657800018787384,0.657800018787384,0.6600000262260437,0.6564000248908997,0.6600000262260437,912.0
2024-03-01 12:17:00,MREO,3.8450000286102295,3.8450000286102295,3.859999895095825,3.8450000286102295,3.857800006866455,6692.0
2024-03-01 12:17:00,MRNA,96.2699966430664,96.2699966430664,96.40399932861328,96.25,96.4000015258789,10493.0
2024-03-01 12:17:00,MRNS,9.989999771118164,9.989999771118164,9.989999771118164,9.989999771118164,9.989999771118164,165.0
2024-03-01 12:17:00,MRSN,5.909999847412109,5.909999847412109,5.914999961853027,5.900000095367432,5.900000095367432,4160.0
2024-03-01 12:17:00,MRUS,51.599998474121094,51.599998474121094,51.709999084472656,51.599998474121094,51.709999084472656,442.0
2024-03-01 12:17:00,MRVI,7.864999771118164,7.864999771118164,7.869999885559082,7.860000133514404,7.869999885559082,1683.0
2024-03-01 12:17:00,MXCT,4.75,4.75,4.755000114440918,4.739999771118164,4.739999771118164,2336.0
2024-03-01 12:17:00,MYGN,21.614999771118164,21.614999771118164,21.649999618530273,21.610000610351562,21.610000610351562,2126.0
2024-03-01 12:17:00,MYNZ,0.8621000051498413,0.8621000051498413,0.8621000051498413,0.8621000051498413,0.8621000051498413,100.0
2024-03-01 12:17:00,NARI,46.04999923706055,46.04999923706055,46.11000061035156,46.04999923706055,46.099998474121094,6153.0
2024-03-01 12:17:00,NAUT,2.6700000762939453,2.6700000762939453,2.6700000762939453,2.6700000762939453,2.6700000762939453,100.0
2024-03-01 12:17:00,NBIX,131.21499633789062,131.21499633789062,131.24000549316406,131.1699981689453,131.1699981689453,2735.0
2024-03-01 12:17:00,NEO,16.104999542236328,16.104999542236328,16.104999542236328,16.104999542236328,16.104999542236328,253.0
2024-03-01 12:17:00,NEOG,17.364999771118164,17.364999771118164,17.375,17.334999084472656,17.334999084472656,4208.0
2024-03-01 12:17:00,NERV,2.5399999618530273,2.5399999618530273,2.5399999618530273,2.5399999618530273,2.5399999618530273,500.0
2024-03-01 12:17:00,NEXI,6.5,6.5,6.500100135803223,6.5,6.5,2015.0
2024-03-01 12:17:00,NGM,1.5299999713897705,1.5299999713897705,1.5299999713897705,1.5299999713897705,1.5299999713897705,4410.0
2024-03-01 12:17:00,NKTR,0.7878699898719788,0.7878699898719788,0.7900000214576721,0.7871000170707703,0.7900000214576721,18351.0
2024-03-01 12:17:00,NKTX,12.930000305175781,12.930000305175781,12.970000267028809,12.930000305175781,12.958000183105469,1971.0
2024-03-01 12:17:00,NLSP,0.3901999890804291,0.3901999890804291,0.3901999890804291,0.3901999890804291,0.3901999890804291,1000.0
2024-03-01 12:17:00,NNOX,11.175000190734863,11.175000190734863,11.194999694824219,11.175000190734863,11.194999694824219,1317.0
2024-03-01 12:17:00,NOTV,8.0649995803833,8.0649995803833,8.075400352478027,8.052900314331055,8.075400352478027,788.0
2024-03-01 12:17:00,NPCE,16.459999084472656,16.459999084472656,16.459999084472656,16.459999084472656,16.459999084472656,224.0
2024-03-01 12:17:00,NRIX,13.53499984741211,13.53499984741211,13.550000190734863,13.515000343322754,13.515000343322754,312.0
2024-03-01 12:17:00,NRXP,0.4104500114917755,0.4104500114917755,0.41990000009536743,0.4104500114917755,0.4104999899864197,4225.0
2024-03-01 12:17:00,NTLA,33.5099983215332,33.5099983215332,33.540000915527344,33.5099983215332,33.5099983215332,1408.0
2024-03-01 12:17:00,NTRA,88.87000274658203,88.87000274658203,88.88999938964844,88.86000061035156,88.87000274658203,924.0
2024-03-01 12:17:00,NVAX,5.150000095367432,5.150000095367432,5.150000095367432,5.1402997970581055,5.141200065612793,8885.0
2024-03-01 12:17:00,NVCR,16.030000686645508,16.030000686645508,16.030000686645508,16.010000228881836,16.010000228881836,2179.0
2024-03-01 12:17:00,NVOS,0.6151000261306763,0.6151000261306763,0.6176999807357788,0.6151000261306763,0.6162999868392944,1713.0
2024-03-01 12:17:00,NXTC,1.7999999523162842,1.7999999523162842,1.7999999523162842,1.7999999523162842,1.7999999523162842,100.0
2024-03-01 12:17:00,OCUL,10.763999938964844,10.763999938964844,10.770000457763672,10.760100364685059,10.760100364685059,3453.0
2024-03-01 12:17:00,OGI,2.190000057220459,2.190000057220459,2.190000057220459,2.184999942779541,2.190000057220459,973.0
2024-03-01 12:17:00,OLMA,14.130000114440918,14.130000114440918,14.149999618530273,14.100000381469727,14.149999618530273,3275.0
2024-03-01 12:17:00,OM,3.1549999713897705,3.1549999713897705,3.1549999713897705,3.1549999713897705,3.1549999713897705,143.0
2024-03-01 12:17:00,OMER,4.764999866485596,4.764999866485596,4.764999866485596,4.764999866485596,4.764999866485596,420.0
2024-03-01 12:18:00,ABCL,5.215000152587891,5.215000152587891,5.21999979019165,5.215000152587891,5.21999979019165,1563.0
2024-03-01 12:18:00,ABEO,7.75,7.75,7.760000228881836,7.75,7.75,1244.0
2024-03-01 12:18:00,ABSI,5.255000114440918,5.255000114440918,5.260000228881836,5.25,5.260000228881836,5147.0
2024-03-01 12:18:00,ACB,3.190000057220459,3.190000057220459,3.190000057220459,3.180000066757202,3.180299997329712,25283.0
2024-03-01 12:18:00,ACCD,10.25,10.25,10.25,10.25,10.25,453.0
2024-03-01 12:18:00,ACET,2.38700008392334,2.38700008392334,2.38700008392334,2.380000114440918,2.380000114440918,707.0
2024-03-01 12:18:00,ACHV,4.269999980926514,4.269999980926514,4.269999980926514,4.269999980926514,4.269999980926514,200.0
2024-03-01 12:18:00,ACLX,67.42500305175781,67.42500305175781,67.42500305175781,67.42500305175781,67.42500305175781,180.0
2024-03-01 12:18:00,ACON,0.3869999945163727,0.3869999945163727,0.3869999945163727,0.3869999945163727,0.3869999945163727,100.0
2024-03-01 12:18:00,ACRS,1.2400000095367432,1.2400000095367432,1.2400000095367432,1.2400000095367432,1.2400000095367432,445.0
2024-03-01 12:18:00,ADIL,3.119999885559082,3.119999885559082,3.1500000953674316,3.049999952316284,3.0999999046325684,44937.0
2024-03-01 12:18:00,ADMA,5.375,5.375,5.380000114440918,5.375,5.375,4150.0
2024-03-01 12:18:00,ADPT,4.175000190734863,4.175000190734863,4.175000190734863,4.175000190734863,4.175000190734863,804.0
2024-03-01 12:18:00,ADVM,1.9600000381469727,1.9600000381469727,1.9600000381469727,1.9500999450683594,1.9500999450683594,1961.0
2024-03-01 12:18:00,AGEN,0.6738749742507935,0.6738749742507935,0.6739000082015991,0.6738499999046326,0.6738749742507935,2771.0
2024-03-01 12:18:00,AGIO,32.83000183105469,32.83000183105469,32.915000915527344,32.83000183105469,32.915000915527344,1561.0
2024-03-01 12:18:00,AGRX,0.8209999799728394,0.8209999799728394,0.8209999799728394,0.8209999799728394,0.8209999799728394,207.0
2024-03-01 12:18:00,AHCO,10.835000038146973,10.835000038146973,10.835000038146973,10.835000038146973,10.835000038146973,1397.0
2024-03-01 12:18:00,AKBA,1.6700999736785889,1.6700999736785889,1.6799999475479126,1.6700999736785889,1.6749999523162842,2196.0
2024-03-01 12:18:00,AKLI,0.33625099062919617,0.33625099062919617,0.33625099062919617,0.3362500071525574,0.3362500071525574,380.0
2024-03-01 12:18:00,AKRO,30.309999465942383,30.309999465942383,30.31999969482422,30.260000228881836,30.31999969482422,3152.0
2024-03-01 12:18:00,AKYA,6.099999904632568,6.099999904632568,6.099999904632568,6.099999904632568,6.099999904632568,101.0
2024-03-01 12:18:00,ALDX,4.150000095367432,4.150000095367432,4.150000095367432,4.139999866485596,4.139999866485596,538.0
2024-03-01 12:18:00,ALEC,7.409999847412109,7.409999847412109,7.420000076293945,7.409999847412109,7.409999847412109,744.0
2024-03-01 12:18:00,ALHC,5.745800018310547,5.745800018310547,5.75,5.739999771118164,5.739999771118164,1622.0
2024-03-01 12:18:00,ALKS,30.239999771118164,30.239999771118164,30.239999771118164,30.229999542236328,30.229999542236328,2676.0
2024-03-01 12:18:00,ALLK,1.6050000190734863,1.6050000190734863,1.6050000190734863,1.6050000190734863,1.6050000190734863,1228.0
2024-03-01 12:18:00,ALLO,5.050000190734863,5.050000190734863,5.054999828338623,5.050000190734863,5.054999828338623,3021.0
2024-03-01 12:18:00,ALNY,154.2501983642578,154.2501983642578,154.2501983642578,154.1699981689453,154.1699981689453,670.0
2024-03-01 12:18:00,ALPN,35.97999954223633,35.97999954223633,35.989898681640625,35.96500015258789,35.96500015258789,1746.0
2024-03-01 12:18:00,ALRN,5.061500072479248,5.061500072479248,5.061500072479248,4.9807000160217285,4.989999771118164,601.0
2024-03-01 12:18:00,ALT,12.039999961853027,12.039999961853027,12.039999961853027,12.010000228881836,12.010000228881836,3228.0
2024-03-01 12:18:00,ALXO,15.114999771118164,15.114999771118164,15.130000114440918,15.114999771118164,15.119999885559082,1242.0
2024-03-01 12:18:00,AMGN,281.67999267578125,281.67999267578125,281.7300109863281,281.67498779296875,281.70989990234375,3385.0
2024-03-01 12:18:00,AMLX,18.834999084472656,18.834999084472656,18.842500686645508,18.834999084472656,18.842500686645508,1177.0
2024-03-01 12:18:00,AMRN,1.0499999523162842,1.0499999523162842,1.0499999523162842,1.0499999523162842,1.0499999523162842,10019.0
2024-03-01 12:18:00,ANAB,25.440000534057617,25.440000534057617,25.440000534057617,25.440000534057617,25.440000534057617,328.0
2024-03-01 12:18:00,ANGO,5.494500160217285,5.494500160217285,5.499899864196777,5.494500160217285,5.499899864196777,603.0
2024-03-01 12:18:00,ANNX,5.989999771118164,5.989999771118164,5.989999771118164,5.96999979019165,5.96999979019165,4630.0
2024-03-01 12:18:00,ANTX,3.010699987411499,3.010699987411499,3.0199999809265137,3.010699987411499,3.0199999809265137,2510.0
2024-03-01 12:18:00,APLS,65.00499725341797,65.00499725341797,65.18000030517578,65.00499725341797,65.18000030517578,4862.0
2024-03-01 12:18:00,APLT,7.114999771118164,7.114999771118164,7.125999927520752,7.110000133514404,7.110000133514404,1274.0
2024-03-01 12:18:00,AQST,4.355000019073486,4.355000019073486,4.360000133514404,4.349999904632568,4.349999904632568,2249.0
2024-03-01 12:18:00,ARAY,2.640000104904175,2.640000104904175,2.640000104904175,2.640000104904175,2.640000104904175,109.0
2024-03-01 12:18:00,ARCT,39.665000915527344,39.665000915527344,39.665000915527344,39.665000915527344,39.665000915527344,742.0
2024-03-01 12:18:00,ARDX,9.677499771118164,9.677499771118164,9.680000305175781,9.67080020904541,9.67080020904541,4486.0
2024-03-01 12:18:00,ARGX,390.57000732421875,390.57000732421875,390.70001220703125,390.57000732421875,390.70001220703125,326.0
2024-03-01 12:18:00,ARQT,11.640000343322754,11.640000343322754,11.729999542236328,11.632599830627441,11.670000076293945,24845.0
2024-03-01 12:18:00,ARVN,49.209999084472656,49.209999084472656,49.25,49.209999084472656,49.22999954223633,587.0
2024-03-01 12:18:00,ARWR,35.595001220703125,35.595001220703125,35.650001525878906,35.52009963989258,35.52009963989258,4121.0
2024-03-01 12:18:00,ASRT,0.925000011920929,0.925000011920929,0.925000011920929,0.925000011920929,0.925000011920929,2153.0
2024-03-01 12:18:00,ATAI,2.0999999046325684,2.0999999046325684,2.101799964904785,2.0999999046325684,2.101799964904785,730.0
2024-03-01 12:18:00,ATEC,13.555000305175781,13.555000305175781,13.574999809265137,13.555000305175781,13.5649995803833,4351.0
2024-03-01 12:18:00,ATOS,1.0099999904632568,1.0099999904632568,1.0099999904632568,1.0099999904632568,1.0099999904632568,152.0
2024-03-01 12:18:00,ATRA,0.7921000123023987,0.7921000123023987,0.7921000123023987,0.7900000214576721,0.7900000214576721,655.0
2024-03-01 12:18:00,ATRC,36.0,36.0,36.0,35.970001220703125,36.0,12000.0
2024-03-01 12:18:00,ATXI,0.15360000729560852,0.15360000729560852,0.15360000729560852,0.15360000729560852,0.15360000729560852,2313.0
2024-03-01 12:18:00,ATXS,15.050000190734863,15.050000190734863,15.050000190734863,15.050000190734863,15.050000190734863,402.0
2024-03-01 12:18:00,AUPH,5.860000133514404,5.860000133514404,5.860000133514404,5.860000133514404,5.860000133514404,519.0
2024-03-01 12:18:00,AUTL,6.349999904632568,6.349999904632568,6.360000133514404,6.349999904632568,6.360000133514404,512.0
2024-03-01 12:18:00,AVDL,12.930000305175781,12.930000305175781,12.970000267028809,12.930000305175781,12.970000267028809,1449.0
2024-03-01 12:18:00,AVRO,1.350000023841858,1.350000023841858,1.3600000143051147,1.350000023841858,1.350000023841858,11831.0
2024-03-01 12:18:00,AVXL,5.364999771118164,5.364999771118164,5.369999885559082,5.360000133514404,5.364999771118164,1132.0
2024-03-01 12:18:00,AXNX,67.5999984741211,67.5999984741211,67.5999984741211,67.5999984741211,67.5999984741211,251.0
2024-03-01 12:18:00,AXSM,82.625,82.625,82.625,82.625,82.625,714.0
2024-03-01 12:18:00,AZN,64.81999969482422,64.81999969482422,64.81999969482422,64.80999755859375,64.80999755859375,6984.0
2024-03-01 12:18:00,AZTA,66.62000274658203,66.62000274658203,66.69999694824219,66.62000274658203,66.69999694824219,1533.0
2024-03-01 12:18:00,BBIO,36.095001220703125,36.095001220703125,36.18000030517578,36.09000015258789,36.09000015258789,5888.0
2024-03-01 12:18:00,BCAB,2.734999895095825,2.734999895095825,2.734999895095825,2.734999895095825,2.734999895095825,108.0
2024-03-01 12:18:00,BCDA,0.5699999928474426,0.5699999928474426,0.5699999928474426,0.5699999928474426,0.5699999928474426,100.0
2024-03-01 12:18:00,BCLI,0.3598000109195709,0.3598000109195709,0.35989999771118164,0.3598000109195709,0.35989999771118164,600.0
2024-03-01 12:18:00,BCRX,5.78000020980835,5.78000020980835,5.78000020980835,5.775000095367432,5.775000095367432,1435.0
2024-03-01 12:18:00,BDTX,5.050000190734863,5.050000190734863,5.070000171661377,5.050000190734863,5.059999942779541,1899.0
2024-03-01 12:18:00,BEAM,40.084999084472656,40.084999084472656,40.154998779296875,40.064998626708984,40.150001525878906,2950.0
2024-03-01 12:18:00,BGXX,0.2682099938392639,0.2682099938392639,0.2682099938392639,0.2682099938392639,0.2682099938392639,203.0
2024-03-01 12:18:00,BIIB,220.3800048828125,220.3800048828125,220.44000244140625,220.19000244140625,220.19000244140625,2633.0
2024-03-01 12:18:00,BIVI,1.8693000078201294,1.8693000078201294,1.8899999856948853,1.8600000143051147,1.87090003490448,45321.0
2024-03-01 12:18:00,BLRX,1.3610999584197998,1.3610999584197998,1.3798999786376953,1.3610999584197998,1.3798999786376953,2251.0
2024-03-01 12:18:00,BLUE,1.5950000286102295,1.5950000286102295,1.600000023841858,1.590000033378601,1.597499966621399,5235.0
2024-03-01 12:18:00,BMEA,17.969999313354492,17.969999313354492,18.010000228881836,17.969999313354492,18.010000228881836,1250.0
2024-03-01 12:18:00,BMRN,87.02999877929688,87.02999877929688,87.05000305175781,87.02999877929688,87.05000305175781,2115.0
2024-03-01 12:18:00,BNTX,91.95999908447266,91.95999908447266,92.01000213623047,91.94000244140625,92.01000213623047,937.0
2024-03-01 12:18:00,BOLT,1.1799999475479126,1.1799999475479126,1.1799999475479126,1.1799999475479126,1.1799999475479126,415.0
2024-03-01 12:18:00,BPMC,97.77999877929688,97.77999877929688,97.77999877929688,97.77999877929688,97.77999877929688,107.0
2024-03-01 12:18:00,BRKR,87.99500274658203,87.99500274658203,87.99500274658203,87.99500274658203,87.99500274658203,125.0
2024-03-01 12:18:00,BTMD,6.079999923706055,6.079999923706055,6.079999923706055,6.079999923706055,6.079999923706055,327.0
2024-03-01 12:18:00,BWAY,6.53000020980835,6.53000020980835,6.53000020980835,6.53000020980835,6.53000020980835,100.0
2024-03-01 12:18:00,BYSI,1.5399999618530273,1.5399999618530273,1.5399999618530273,1.5399999618530273,1.5399999618530273,140.0
2024-03-01 12:18:00,CABA,24.0049991607666,24.0049991607666,24.020000457763672,24.0049991607666,24.010000228881836,1733.0
2024-03-01 12:18:00,CARA,0.894599974155426,0.894599974155426,0.894599974155426,0.8945500254631042,0.8945500254631042,509.0
2024-03-01 12:18:00,CBAY,32.25,32.25,32.25,32.244998931884766,32.244998931884766,1110.0
2024-03-01 12:18:00,CCCC,10.859999656677246,10.859999656677246,10.869999885559082,10.859999656677246,10.869999885559082,1141.0
2024-03-01 12:18:00,CDMO,8.130000114440918,8.130000114440918,8.145000457763672,8.130000114440918,8.145000457763672,1649.0
2024-03-01 12:18:00,CDNA,12.529999732971191,12.529999732971191,12.574999809265137,12.529999732971191,12.569999694824219,2622.0
2024-03-01 12:18:00,CDXS,4.531199932098389,4.531199932098389,4.534999847412109,4.519999980926514,4.519999980926514,1809.0
2024-03-01 12:18:00,CELC,16.114999771118164,16.114999771118164,16.114999771118164,16.114999771118164,16.114999771118164,200.0
2024-03-01 12:18:00,CERE,41.11000061035156,41.11000061035156,41.11000061035156,41.099998474121094,41.099998474121094,566.0
2024-03-01 12:18:00,CERS,2.2200000286102295,2.2200000286102295,2.2200000286102295,2.2200000286102295,2.2200000286102295,151.0
2024-03-01 12:18:00,CERT,17.635000228881836,17.635000228881836,17.635000228881836,17.6200008392334,17.6299991607666,723.0
2024-03-01 12:18:00,CGC,3.2750000953674316,3.2750000953674316,3.2799999713897705,3.2699999809265137,3.2701001167297363,1416.0
2024-03-01 12:18:00,CGEM,19.040000915527344,19.040000915527344,19.040000915527344,19.040000915527344,19.040000915527344,496.0
2024-03-01 12:18:00,CGEN,2.684999942779541,2.684999942779541,2.6898999214172363,2.684999942779541,2.6898999214172363,3406.0
2024-03-01 12:18:00,CGTX,2.059999942779541,2.059999942779541,2.059999942779541,2.059999942779541,2.059999942779541,3000.0
2024-03-01 12:18:00,CHRS,2.375,2.375,2.375,2.375,2.375,854.0
2024-03-01 12:18:00,CLDX,51.41999816894531,51.41999816894531,51.41999816894531,51.31999969482422,51.380001068115234,7777.0
2024-03-01 12:18:00,CLOV,0.8651000261306763,0.8651000261306763,0.8659999966621399,0.8647000193595886,0.8655999898910522,30240.0
2024-03-01 12:18:00,CLRB,4.130000114440918,4.130000114440918,4.130000114440918,4.130000114440918,4.130000114440918,326.0
2024-03-01 12:18:00,CMPS,11.449999809265137,11.449999809265137,11.479999542236328,11.430000305175781,11.479999542236328,1435.0
2024-03-01 12:18:00,CNSP,0.3149000108242035,0.3149000108242035,0.3199999928474426,0.3149000108242035,0.3199999928474426,2000.0
2024-03-01 12:18:00,COGT,7.21999979019165,7.21999979019165,7.21999979019165,7.21999979019165,7.21999979019165,191.0
2024-03-01 12:18:00,CORT,23.90999984741211,23.90999984741211,23.90999984741211,23.8700008392334,23.8700008392334,3947.0
2024-03-01 12:18:00,CPRX,17.139999389648438,17.139999389648438,17.170000076293945,17.139999389648438,17.170000076293945,5153.0
2024-03-01 12:18:00,CRBU,7.989999771118164,7.989999771118164,8.015000343322754,7.989999771118164,8.015000343322754,2036.0
2024-03-01 12:18:00,CRDF,2.2802999019622803,2.2802999019622803,2.2999000549316406,2.2802000045776367,2.2980000972747803,9679.0
2024-03-01 12:18:00,CRDL,1.9917999505996704,1.9917999505996704,1.9917999505996704,1.9917999505996704,1.9917999505996704,125.0
2024-03-01 12:18:00,CRMD,3.7200000286102295,3.7200000286102295,3.7249999046325684,3.7200000286102295,3.7249999046325684,410.0
2024-03-01 12:18:00,CRNX,46.0099983215332,46.0099983215332,46.040000915527344,46.0099983215332,46.040000915527344,690.0
2024-03-01 12:18:00,CRSP,85.29000091552734,85.29000091552734,85.4000015258789,85.29000091552734,85.39990234375,3174.0
2024-03-01 12:18:00,CRVS,2.2300000190734863,2.2300000190734863,2.259999990463257,2.2300000190734863,2.259999990463257,1252.0
2024-03-01 12:18:00,CSTL,20.43000030517578,20.43000030517578,20.43000030517578,20.43000030517578,20.43000030517578,186.0
2024-03-01 12:18:00,CTKB,8.614999771118164,8.614999771118164,8.614999771118164,8.59000015258789,8.59000015258789,2920.0
2024-03-01 12:18:00,CTMX,2.6700000762939453,2.6700000762939453,2.6700000762939453,2.6600000858306885,2.6698999404907227,1873.0
2024-03-01 12:18:00,CTSO,0.949400007724762,0.949400007724762,0.949400007724762,0.949400007724762,0.949400007724762,173.0
2024-03-01 12:18:00,CTXR,0.7717000246047974,0.7717000246047974,0.7717000246047974,0.7717000246047974,0.7717000246047974,456.0
2024-03-01 12:18:00,CUTR,2.4000000953674316,2.4000000953674316,2.4000000953674316,2.4000000953674316,2.4000000953674316,100.0
2024-03-01 12:18:00,CVAC,3.505000114440918,3.505000114440918,3.509999990463257,3.505000114440918,3.505000114440918,2336.0
2024-03-01 12:18:00,CYT,3.109999895095825,3.109999895095825,3.109999895095825,3.109999895095825,3.109999895095825,402.0
2024-03-01 12:18:00,CYTK,74.00499725341797,74.00499725341797,74.00499725341797,73.94999694824219,73.94999694824219,791.0
2024-03-01 12:18:00,CYTO,2.299999952316284,2.299999952316284,2.319999933242798,2.2799999713897705,2.307300090789795,11379.0
2024-03-01 12:18:00,DCGO,4.125,4.125,4.130000114440918,4.119999885559082,4.119999885559082,4306.0
2024-03-01 12:18:00,DCPH,17.459999084472656,17.459999084472656,17.520000457763672,17.459999084472656,17.5049991607666,2546.0
2024-03-01 12:18:00,DH,9.0,9.0,9.010000228881836,8.994999885559082,9.0,1897.0
2024-03-01 12:18:00,DMTK,0.866599977016449,0.866599977016449,0.8666999936103821,0.858299970626831,0.858299970626831,1617.0
2024-03-01 12:18:00,DNLI,20.84000015258789,20.84000015258789,20.8700008392334,20.84000015258789,20.864999771118164,1764.0
2024-03-01 12:18:00,DRRX,1.0,1.0,1.0,1.0,1.0,121.0
2024-03-01 12:18:00,DTIL,12.074999809265137,12.074999809265137,12.092300415039062,12.050100326538086,12.092300415039062,906.0
2024-03-01 12:18:00,DVAX,12.869999885559082,12.869999885559082,12.869999885559082,12.869999885559082,12.869999885559082,503.0
2024-03-01 12:18:00,DXCM,121.11299896240234,121.11299896240234,121.16000366210938,120.91000366210938,120.93000030517578,18044.0
2024-03-01 12:18:00,DYN,28.729900360107422,28.729900360107422,28.729999542236328,28.649999618530273,28.649999618530273,1180.0
2024-03-01 12:18:00,EDIT,10.899999618530273,10.899999618530273,10.930000305175781,10.899999618530273,10.925000190734863,5044.0
2024-03-01 12:18:00,EFTR,15.0,15.0,15.130000114440918,15.0,15.024999618530273,1160.0
2024-03-01 12:18:00,ELEV,4.789999961853027,4.789999961853027,4.789999961853027,4.755000114440918,4.769999980926514,980.0
2024-03-01 12:18:00,ENLV,3.2799999713897705,3.2799999713897705,3.2799999713897705,3.2799999713897705,3.2799999713897705,2916.0
2024-03-01 12:18:00,ENVB,1.5299999713897705,1.5299999713897705,1.5399999618530273,1.5299999713897705,1.5399999618530273,5157.0
2024-03-01 12:18:00,ESPR,2.5450000762939453,2.5450000762939453,2.559999942779541,2.5450000762939453,2.549999952316284,15080.0
2024-03-01 12:18:00,ETNB,13.109999656677246,13.109999656677246,13.109999656677246,13.09000015258789,13.09000015258789,1547.0
2024-03-01 12:18:00,EWTX,17.010000228881836,17.010000228881836,17.010000228881836,17.010000228881836,17.010000228881836,1289.0
2024-03-01 12:18:00,EXAS,60.02000045776367,60.02000045776367,60.040000915527344,60.0,60.0,7900.0
2024-03-01 12:18:00,EXEL,22.52899932861328,22.52899932861328,22.52899932861328,22.524999618530273,22.524999618530273,1099.0
2024-03-01 12:18:00,EYEN,2.3498001098632812,2.3498001098632812,2.3498001098632812,2.3399999141693115,2.3399999141693115,13532.0
2024-03-01 12:18:00,EYPT,27.969999313354492,27.969999313354492,27.979999542236328,27.969999313354492,27.979999542236328,412.0
2024-03-01 12:18:00,FATE,7.425000190734863,7.425000190734863,7.434999942779541,7.414999961853027,7.434999942779541,6460.0
2024-03-01 12:18:00,FEMY,1.7200000286102295,1.7200000286102295,1.7200000286102295,1.7200000286102295,1.7200000286102295,2200.0
2024-03-01 12:18:00,FGEN,1.840000033378601,1.840000033378601,1.840000033378601,1.840000033378601,1.840000033378601,1011.0
2024-03-01 12:18:00,FLGT,23.295000076293945,23.295000076293945,23.295000076293945,23.295000076293945,23.295000076293945,425.0
2024-03-01 12:18:00,FOLD,13.3149995803833,13.3149995803833,13.3149995803833,13.305000305175781,13.305000305175781,2436.0
2024-03-01 12:18:00,FULC,10.930000305175781,10.930000305175781,10.930000305175781,10.930000305175781,10.930000305175781,100.0
2024-03-01 12:18:00,FUSN,12.295000076293945,12.295000076293945,12.295000076293945,12.295000076293945,12.295000076293945,206.0
2024-03-01 12:18:00,GCTK,0.3059999942779541,0.3059999942779541,0.3059999942779541,0.3059999942779541,0.3059999942779541,100.0
2024-03-01 12:18:00,GDRX,8.340100288391113,8.340100288391113,8.350000381469727,8.34000015258789,8.350000381469727,2954.0
2024-03-01 12:18:00,GERN,2.200000047683716,2.200000047683716,2.200000047683716,2.190000057220459,2.191200017929077,20946.0
2024-03-01 12:18:00,GH,19.200000762939453,19.200000762939453,19.219999313354492,19.200000762939453,19.219999313354492,866.0
2024-03-01 12:18:00,GHSI,8.420000076293945,8.420000076293945,8.430000305175781,8.399999618530273,8.430000305175781,880.0
2024-03-01 12:18:00,GILD,72.2699966430664,72.2699966430664,72.2750015258789,72.2699966430664,72.2750015258789,2087.0
2024-03-01 12:18:00,GLTO,0.75,0.75,0.75,0.7257999777793884,0.7257999777793884,36066.0
2024-03-01 12:18:00,GLYC,3.059999942779541,3.059999942779541,3.069999933242798,3.059999942779541,3.069999933242798,650.0
2024-03-01 12:18:00,GMAB,29.3799991607666,29.3799991607666,29.3799991607666,29.3799991607666,29.3799991607666,350.0
2024-03-01 12:18:00,GMDA,0.3869999945163727,0.3869999945163727,0.3869999945163727,0.3865000009536743,0.3865000009536743,11912.0
2024-03-01 12:18:00,GOSS,1.3600000143051147,1.3600000143051147,1.3650000095367432,1.3600000143051147,1.3600000143051147,2695.0
2024-03-01 12:18:00,GRFS,7.105000019073486,7.105000019073486,7.105000019073486,7.079999923706055,7.079999923706055,6619.0
2024-03-01 12:18:00,GRPH,3.4749999046325684,3.4749999046325684,3.4749999046325684,3.4749999046325684,3.4749999046325684,124.0
2024-03-01 12:18:00,GRTS,2.180000066757202,2.180000066757202,2.184999942779541,2.180000066757202,2.184999942779541,5292.0
2024-03-01 12:18:00,GRTX,0.23639999330043793,0.23639999330043793,0.23639999330043793,0.23639999330043793,0.23639999330043793,103.0
2024-03-01 12:18:00,GTHX,3.634999990463257,3.634999990463257,3.634999990463257,3.634999990463257,3.634999990463257,100.0
2024-03-01 12:18:00,HALO,41.75,41.75,41.810001373291016,41.75,41.775001525878906,1497.0
2024-03-01 12:18:00,HARP,22.940000534057617,22.940000534057617,22.94499969482422,22.940000534057617,22.94499969482422,237.0
2024-03-01 12:18:00,HCAT,8.045000076293945,8.045000076293945,8.050000190734863,8.039999961853027,8.050000190734863,2205.0
2024-03-01 12:18:00,HCTI,2.4200000762939453,2.4200000762939453,2.448899984359741,2.4200000762939453,2.448899984359741,1233.0
2024-03-01 12:18:00,HITI,1.774999976158142,1.774999976158142,1.774999976158142,1.774999976158142,1.774999976158142,1000.0
2024-03-01 12:18:00,HLTH,0.26980000734329224,0.26980000734329224,0.27000001072883606,0.26840001344680786,0.26840001344680786,2826.0
2024-03-01 12:18:00,HOLX,73.70999908447266,73.70999908447266,73.7300033569336,73.70999908447266,73.7300033569336,770.0
2024-03-01 12:18:00,HROW,10.873299598693848,10.873299598693848,10.873299598693848,10.873299598693848,10.873299598693848,2687.0
2024-03-01 12:18:00,HRTX,2.609999895095825,2.609999895095825,2.619800090789795,2.609999895095825,2.619800090789795,1301.0
2024-03-01 12:18:00,HSIC,76.97000122070312,76.97000122070312,76.98999786376953,76.94999694824219,76.94999694824219,1724.0
2024-03-01 12:18:00,HUGE,0.8851000070571899,0.8851000070571899,0.8851000070571899,0.8851000070571899,0.8851000070571899,196.0
2024-03-01 12:18:00,HUMA,3.440000057220459,3.440000057220459,3.450000047683716,3.440000057220459,3.4453999996185303,2979.0
2024-03-01 12:18:00,IART,36.619998931884766,36.619998931884766,36.619998931884766,36.61000061035156,36.619998931884766,366.0
2024-03-01 12:18:00,IBRX,4.909999847412109,4.909999847412109,4.919899940490723,4.909999847412109,4.915999889373779,2456.0
2024-03-01 12:18:00,ICCM,1.2900999784469604,1.2900999784469604,1.2900999784469604,1.2900999784469604,1.2900999784469604,100.0
2024-03-01 12:18:00,IDXX,580.530029296875,580.530029296875,581.8300170898438,580.530029296875,581.8300170898438,1413.0
2024-03-01 12:18:00,IDYA,46.400001525878906,46.400001525878906,46.4900016784668,46.369998931884766,46.4900016784668,8932.0
2024-03-01 12:18:00,IINN,1.6384999752044678,1.6384999752044678,1.6384999752044678,1.6384999752044678,1.6384999752044678,955.0
2024-03-01 12:18:00,ILMN,142.0800018310547,142.0800018310547,142.0800018310547,142.0800018310547,142.0800018310547,757.0
2024-03-01 12:18:00,IMCC,0.32010000944137573,0.32010000944137573,0.32010000944137573,0.32010000944137573,0.32010000944137573,318.0
2024-03-01 12:18:00,IMTX,12.970000267028809,12.970000267028809,12.970000267028809,12.970000267028809,12.970000267028809,100.0
2024-03-01 12:18:00,IMUX,1.4950000047683716,1.4950000047683716,1.4950000047683716,1.4900000095367432,1.4900000095367432,1484.0
2024-03-01 12:18:00,IMVT,36.40999984741211,36.40999984741211,36.40999984741211,36.400001525878906,36.400001525878906,284.0
2024-03-01 12:18:00,INCY,59.119998931884766,59.119998931884766,59.16999816894531,59.119998931884766,59.16999816894531,2848.0
2024-03-01 12:18:00,INGN,6.860000133514404,6.860000133514404,6.860000133514404,6.860000133514404,6.860000133514404,570.0
2024-03-01 12:18:00,INM,0.4000000059604645,0.4000000059604645,0.4034999907016754,0.4000000059604645,0.4034999907016754,1959.0
2024-03-01 12:18:00,INMD,22.844999313354492,22.844999313354492,22.844999313354492,22.829999923706055,22.84000015258789,2007.0
2024-03-01 12:18:00,INSM,28.459999084472656,28.459999084472656,28.459999084472656,28.459999084472656,28.459999084472656,115.0
2024-03-01 12:18:00,INVA,15.59000015258789,15.59000015258789,15.59000015258789,15.59000015258789,15.59000015258789,151.0
2024-03-01 12:18:00,IONS,45.97999954223633,45.97999954223633,45.98040008544922,45.959999084472656,45.98040008544922,1774.0
2024-03-01 12:18:00,IOVA,16.795000076293945,16.795000076293945,16.809999465942383,16.7731990814209,16.795000076293945,11453.0
2024-03-01 12:18:00,IPSC,3.815000057220459,3.815000057220459,3.815000057220459,3.815000057220459,3.815000057220459,202.0
2024-03-01 12:18:00,IRTC,121.13999938964844,121.13999938964844,121.13999938964844,121.13999938964844,121.13999938964844,361.0
2024-03-01 12:18:00,IRWD,9.104999542236328,9.104999542236328,9.117500305175781,9.104999542236328,9.114999771118164,5532.0
2024-03-01 12:18:00,ISRG,395.3999938964844,395.3999938964844,395.3999938964844,395.1405029296875,395.1405029296875,1680.0
2024-03-01 12:18:00,ITOS,10.765000343322754,10.765000343322754,10.765000343322754,10.760000228881836,10.760000228881836,5808.0
2024-03-01 12:18:00,IXHL,5.449999809265137,5.449999809265137,5.449999809265137,5.449999809265137,5.449999809265137,113.0
2024-03-01 12:18:00,JAGX,0.07349999994039536,0.07349999994039536,0.07360000163316727,0.07270000129938126,0.07280000299215317,333443.0
2024-03-01 12:18:00,JANX,47.060001373291016,47.060001373291016,47.060001373291016,47.060001373291016,47.060001373291016,557.0
2024-03-01 12:18:00,JAZZ,119.30999755859375,119.30999755859375,119.37000274658203,119.30999755859375,119.37000274658203,355.0
2024-03-01 12:18:00,JSPR,21.174999237060547,21.174999237060547,21.239999771118164,21.174999237060547,21.239999771118164,639.0
2024-03-01 12:18:00,KOD,6.139999866485596,6.139999866485596,6.139999866485596,6.135000228881836,6.135000228881836,1647.0
2024-03-01 12:18:00,KPRX,0.6585990190505981,0.6585990190505981,0.6600009799003601,0.6559000015258789,0.6600009799003601,2911.0
2024-03-01 12:18:00,KPTI,1.1950000524520874,1.1950000524520874,1.1950000524520874,1.190600037574768,1.1950000524520874,2320.0
2024-03-01 12:18:00,KRON,1.024999976158142,1.024999976158142,1.0299999713897705,1.024999976158142,1.0299999713897705,4982.0
2024-03-01 12:18:00,KROS,70.86000061035156,70.86000061035156,70.86000061035156,70.86000061035156,70.86000061035156,313.0
2024-03-01 12:18:00,KTRA,0.09600000083446503,0.09600000083446503,0.09610000252723694,0.09600000083446503,0.09605000168085098,16638.0
2024-03-01 12:18:00,KURA,21.280000686645508,21.280000686645508,21.28499984741211,21.280000686645508,21.28499984741211,491.0
2024-03-01 12:18:00,KYMR,44.09000015258789,44.09000015258789,44.10499954223633,44.09000015258789,44.10499954223633,768.0
2024-03-01 12:18:00,KZR,1.090000033378601,1.090000033378601,1.090000033378601,1.0850000381469727,1.090000033378601,2250.0
2024-03-01 12:18:00,LAB,2.494999885559082,2.494999885559082,2.494999885559082,2.494999885559082,2.494999885559082,708.0
2024-03-01 12:18:00,LEGN,66.08499908447266,66.08499908447266,66.08499908447266,66.07499694824219,66.07499694824219,649.0
2024-03-01 12:18:00,LEXX,2.7400999069213867,2.7400999069213867,2.7699999809265137,2.740000009536743,2.75,43169.0
2024-03-01 12:18:00,LFMD,7.974999904632568,7.974999904632568,7.974999904632568,7.974999904632568,7.974999904632568,220.0
2024-03-01 12:18:00,LFST,7.940000057220459,7.940000057220459,7.940000057220459,7.934999942779541,7.934999942779541,215.0
2024-03-01 12:18:00,LIAN,4.855000019073486,4.855000019073486,4.855000019073486,4.855000019073486,4.855000019073486,488.0
2024-03-01 12:18:00,LIVN,55.650001525878906,55.650001525878906,55.68000030517578,55.619998931884766,55.68000030517578,650.0
2024-03-01 12:18:00,LNTH,65.63999938964844,65.63999938964844,65.6449966430664,65.61000061035156,65.6449966430664,1819.0
2024-03-01 12:18:00,LQDA,14.414999961853027,14.414999961853027,14.420000076293945,14.40999984741211,14.414999961853027,669.0
2024-03-01 12:18:00,LRMR,11.369999885559082,11.369999885559082,11.369999885559082,11.369999885559082,11.369999885559082,425.0
2024-03-01 12:18:00,LUNG,9.345000267028809,9.345000267028809,9.345000267028809,9.345000267028809,9.345000267028809,869.0
2024-03-01 12:18:00,LVTX,3.0799999237060547,3.0799999237060547,3.0799999237060547,3.065000057220459,3.065000057220459,400.0
2024-03-01 12:18:00,LXRX,2.450000047683716,2.450000047683716,2.450000047683716,2.450000047683716,2.450000047683716,5163.0
2024-03-01 12:18:00,LYEL,3.1700000762939453,3.1700000762939453,3.1700000762939453,3.1700000762939453,3.1700000762939453,100.0
2024-03-01 12:18:00,MACK,14.710000038146973,14.710000038146973,14.720000267028809,14.710000038146973,14.720000267028809,380.0
2024-03-01 12:18:00,MCRB,1.190000057220459,1.190000057220459,1.194000005722046,1.190000057220459,1.190000057220459,1041.0
2024-03-01 12:18:00,MDGL,245.8000030517578,245.8000030517578,245.8000030517578,245.8000030517578,245.8000030517578,267.0
2024-03-01 12:18:00,MDRX,6.0,6.0,6.03000020980835,6.0,6.03000020980835,4174.0
2024-03-01 12:18:00,MDXG,8.550000190734863,8.550000190734863,8.555000305175781,8.550000190734863,8.550000190734863,909.0
2024-03-01 12:18:00,ME,0.5699999928474426,0.5699999928474426,0.5699999928474426,0.5630000233650208,0.5630000233650208,277278.0
2024-03-01 12:18:00,MGNX,18.899999618530273,18.899999618530273,18.940000534057617,18.899999618530273,18.940000534057617,2624.0
2024-03-01 12:18:00,MIRM,29.94499969482422,29.94499969482422,29.94499969482422,29.94499969482422,29.94499969482422,221.0
2024-03-01 12:18:00,MIST,1.7100000381469727,1.7100000381469727,1.7200000286102295,1.7100000381469727,1.7200000286102295,2051.0
2024-03-01 12:18:00,MMSI,76.875,76.875,76.87999725341797,76.8740005493164,76.87999725341797,1009.0
2024-03-01 12:18:00,MNKD,4.574999809265137,4.574999809265137,4.574999809265137,4.574999809265137,4.574999809265137,354.0
2024-03-01 12:18:00,MNMD,6.144999980926514,6.144999980926514,6.159999847412109,6.140100002288818,6.150000095367432,7112.0
2024-03-01 12:18:00,MNPR,0.8399999737739563,0.8399999737739563,0.8399999737739563,0.8399999737739563,0.8399999737739563,100.0
2024-03-01 12:18:00,MODD,1.9199999570846558,1.9199999570846558,1.9199999570846558,1.9199999570846558,1.9199999570846558,200.0
2024-03-01 12:18:00,MODV,28.184999465942383,28.184999465942383,28.184999465942383,28.184999465942383,28.184999465942383,141.0
2024-03-01 12:18:00,MORF,39.290000915527344,39.290000915527344,39.33000183105469,39.290000915527344,39.33000183105469,862.0
2024-03-01 12:18:00,MREO,3.845599889755249,3.845599889755249,3.845599889755249,3.845599889755249,3.845599889755249,1600.0
2024-03-01 12:18:00,MRNA,96.19000244140625,96.19000244140625,96.25,96.18800354003906,96.25,6126.0
2024-03-01 12:18:00,MRNS,10.0,10.0,10.0,10.0,10.0,345.0
2024-03-01 12:18:00,MRSN,5.909999847412109,5.909999847412109,5.920000076293945,5.894999980926514,5.914999961853027,8812.0
2024-03-01 12:18:00,MRUS,51.54999923706055,51.54999923706055,51.650001525878906,51.52000045776367,51.58000183105469,2105.0
2024-03-01 12:18:00,MRVI,7.849999904632568,7.849999904632568,7.860000133514404,7.849999904632568,7.860000133514404,1828.0
2024-03-01 12:18:00,MXCT,4.755000114440918,4.755000114440918,4.755000114440918,4.755000114440918,4.755000114440918,400.0
2024-03-01 12:18:00,NARI,46.04499816894531,46.04499816894531,46.04999923706055,46.02000045776367,46.04999923706055,3127.0
2024-03-01 12:18:00,NEO,16.09000015258789,16.09000015258789,16.09000015258789,16.09000015258789,16.09000015258789,209.0
2024-03-01 12:18:00,NEOG,17.3700008392334,17.3700008392334,17.3700008392334,17.364999771118164,17.364999771118164,1324.0
2024-03-01 12:18:00,NGM,1.5299999713897705,1.5299999713897705,1.5299999713897705,1.5299999713897705,1.5299999713897705,874.0
2024-03-01 12:18:00,NKTR,0.7814990282058716,0.7814990282058716,0.7814990282058716,0.7814990282058716,0.7814990282058716,450.0
2024-03-01 12:18:00,NKTX,12.930000305175781,12.930000305175781,12.970000267028809,12.920000076293945,12.920000076293945,1639.0
2024-03-01 12:18:00,NNOX,11.154999732971191,11.154999732971191,11.175000190734863,11.154999732971191,11.175000190734863,2348.0
2024-03-01 12:18:00,NOTV,8.0600004196167,8.0600004196167,8.069999694824219,8.0600004196167,8.069999694824219,1670.0
2024-03-01 12:18:00,NPCE,16.489999771118164,16.489999771118164,16.489999771118164,16.469999313354492,16.469999313354492,390.0
2024-03-01 12:18:00,NRBO,5.9004998207092285,5.9004998207092285,5.949999809265137,5.9004998207092285,5.949999809265137,2047.0
2024-03-01 12:18:00,NRIX,13.550000190734863,13.550000190734863,13.550000190734863,13.550000190734863,13.550000190734863,205.0
2024-03-01 12:18:00,NRSN,2.0999999046325684,2.0999999046325684,2.0999999046325684,2.0917000770568848,2.0999999046325684,8880.0
2024-03-01 12:18:00,NRXP,0.4104500114917755,0.4104500114917755,0.4104500114917755,0.4104500114917755,0.4104500114917755,100.0
2024-03-01 12:18:00,NTLA,33.470001220703125,33.470001220703125,33.52000045776367,33.470001220703125,33.5099983215332,1952.0
2024-03-01 12:18:00,NTRA,88.9813003540039,88.9813003540039,89.04000091552734,88.88999938964844,88.88999938964844,10104.0
2024-03-01 12:18:00,NUVL,88.70999908447266,88.70999908447266,88.70999908447266,88.70999908447266,88.70999908447266,671.0
2024-03-01 12:18:00,NVAX,5.144999980926514,5.144999980926514,5.150000095367432,5.135000228881836,5.139999866485596,18567.0
2024-03-01 12:18:00,NVCR,16.020000457763672,16.020000457763672,16.030000686645508,16.020000457763672,16.030000686645508,824.0
2024-03-01 12:18:00,NXTC,1.7949999570846558,1.7949999570846558,1.8049999475479126,1.7699999809265137,1.7999999523162842,11642.0
2024-03-01 12:18:00,OCUL,10.75,10.75,10.76930046081543,10.739999771118164,10.76930046081543,7765.0
2024-03-01 12:18:00,OFIX,12.869999885559082,12.869999885559082,12.880000114440918,12.819999694824219,12.829999923706055,5485.0
2024-03-01 12:18:00,OGI,2.190000057220459,2.190000057220459,2.190000057220459,2.190000057220459,2.190000057220459,2264.0
2024-03-01 12:18:00,OLMA,14.100000381469727,14.100000381469727,14.119999885559082,14.095000267028809,14.109999656677246,1039.0
2024-03-01 12:18:00,OMCL,26.549999237060547,26.549999237060547,26.549999237060547,26.549999237060547,26.549999237060547,400.0
2024-03-01 12:18:00,OMGA,4.190000057220459,4.190000057220459,4.190000057220459,4.190000057220459,4.190000057220459,107.0
2024-03-01 12:18:00,ONCY,1.1200000047683716,1.1200000047683716,1.121399998664856,1.1200000047683716,1.1211999654769897,335.0
2024-03-01 12:19:00,ABCL,5.215000152587891,5.215000152587891,5.215000152587891,5.210000038146973,5.215000152587891,414.0
2024-03-01 12:19:00,ABOS,4.650000095367432,4.650000095367432,4.659999847412109,4.650000095367432,4.659999847412109,2354.0
2024-03-01 12:19:00,ABSI,5.25,5.25,5.252799987792969,5.25,5.252799987792969,405.0
2024-03-01 12:19:00,ACAD,23.969999313354492,23.969999313354492,23.969999313354492,23.889999389648438,23.889999389648438,5478.0
2024-03-01 12:19:00,ACB,3.184999942779541,3.184999942779541,3.184999942779541,3.1800999641418457,3.1800999641418457,485.0
2024-03-01 12:19:00,ACET,2.390000104904175,2.390000104904175,2.390000104904175,2.384999990463257,2.384999990463257,603.0
2024-03-01 12:19:00,ACHC,84.30500030517578,84.30500030517578,84.30500030517578,84.25,84.25,514.0
2024-03-01 12:19:00,ACHL,1.3200000524520874,1.3200000524520874,1.3550000190734863,1.3200000524520874,1.3550000190734863,10662.0
2024-03-01 12:19:00,ACRS,1.2400000095367432,1.2400000095367432,1.2400000095367432,1.2350000143051147,1.2400000095367432,1438.0
2024-03-01 12:19:00,ADAP,1.6152000427246094,1.6152000427246094,1.6152000427246094,1.6152000427246094,1.6152000427246094,561.0
2024-03-01 12:19:00,ADIL,3.0999999046325684,3.0999999046325684,3.1500000953674316,3.0999999046325684,3.119999885559082,38602.0
2024-03-01 12:19:00,ADMA,5.394999980926514,5.394999980926514,5.397500038146973,5.375,5.380000114440918,19344.0
2024-03-01 12:19:00,ADPT,4.175000190734863,4.175000190734863,4.175000190734863,4.175000190734863,4.175000190734863,705.0
2024-03-01 12:19:00,ADTX,3.458199977874756,3.458199977874756,3.458199977874756,3.458199977874756,3.458199977874756,293.0
2024-03-01 12:19:00,ADUS,93.69499969482422,93.69499969482422,93.91999816894531,93.69499969482422,93.80999755859375,1377.0
2024-03-01 12:19:00,ADVM,1.9700000286102295,1.9700000286102295,1.9700000286102295,1.9600000381469727,1.9600000381469727,963.0
2024-03-01 12:19:00,AGEN,0.6739000082015991,0.6739000082015991,0.6739000082015991,0.6738499999046326,0.6738749742507935,3503.0
2024-03-01 12:19:00,AGIO,32.84000015258789,32.84000015258789,32.84000015258789,32.83000183105469,32.83000183105469,257.0
2024-03-01 12:19:00,AIH,0.5,0.5,0.5095000267028809,0.5,0.5095000267028809,3617.0
2024-03-01 12:19:00,AIMD,0.9700000286102295,0.9700000286102295,0.9850000143051147,0.9700000286102295,0.9850000143051147,2100.0
2024-03-01 12:19:00,AIRS,6.505000114440918,6.505000114440918,6.505000114440918,6.505000114440918,6.505000114440918,100.0
2024-03-01 12:19:00,AKBA,1.6950000524520874,1.6950000524520874,1.7050000429153442,1.6749999523162842,1.6749999523162842,166975.0
2024-03-01 12:19:00,AKLI,0.3361999988555908,0.3361999988555908,0.33625099062919617,0.3361999988555908,0.33625099062919617,211.0
2024-03-01 12:19:00,AKRO,30.3799991607666,30.3799991607666,30.3799991607666,30.350000381469727,30.350000381469727,1644.0
2024-03-01 12:19:00,AKYA,6.079999923706055,6.079999923706055,6.079999923706055,6.079999923706055,6.079999923706055,297.0
2024-03-01 12:19:00,ALEC,7.409999847412109,7.409999847412109,7.420000076293945,7.409999847412109,7.420000076293945,624.0
2024-03-01 12:19:00,ALGS,1.100000023841858,1.100000023841858,1.100000023841858,1.100000023841858,1.100000023841858,250.0
2024-03-01 12:19:00,ALHC,5.75,5.75,5.75,5.739999771118164,5.75,698.0
2024-03-01 12:19:00,ALKS,30.229999542236328,30.229999542236328,30.239999771118164,30.229999542236328,30.239999771118164,1361.0
2024-03-01 12:19:00,ALPN,35.96500015258789,35.96500015258789,35.96500015258789,35.96500015258789,35.96500015258789,399.0
2024-03-01 12:19:00,ALT,12.029999732971191,12.029999732971191,12.050000190734863,12.029999732971191,12.050000190734863,4020.0
2024-03-01 12:19:00,AMGN,281.760009765625,281.760009765625,281.760009765625,281.6300048828125,281.67498779296875,4885.0
2024-03-01 12:19:00,AMPH,45.51089859008789,45.51089859008789,45.51089859008789,45.51089859008789,45.51089859008789,443.0
2024-03-01 12:19:00,AMRN,1.0499999523162842,1.0499999523162842,1.0549999475479126,1.0499999523162842,1.0549999475479126,26821.0
2024-03-01 12:19:00,ANIP,65.98999786376953,65.98999786376953,65.98999786376953,65.98999786376953,65.98999786376953,465.0
2024-03-01 12:19:00,ANNX,5.989999771118164,5.989999771118164,5.989999771118164,5.989999771118164,5.989999771118164,300.0
2024-03-01 12:19:00,APLS,65.0,65.0,65.06999969482422,64.99500274658203,65.0199966430664,7345.0
2024-03-01 12:19:00,APLT,7.085000038146973,7.085000038146973,7.110000133514404,7.085000038146973,7.099999904632568,8247.0
2024-03-01 12:19:00,APTO,1.8200000524520874,1.8200000524520874,1.8200000524520874,1.7999999523162842,1.7999999523162842,3942.0
2024-03-01 12:19:00,APYX,2.050100088119507,2.050100088119507,2.0850000381469727,2.050100088119507,2.0850000381469727,3422.0
2024-03-01 12:19:00,AQST,4.360000133514404,4.360000133514404,4.369999885559082,4.360000133514404,4.360000133514404,3217.0
2024-03-01 12:19:00,ARAY,2.6449999809265137,2.6449999809265137,2.6449999809265137,2.6449999809265137,2.6449999809265137,354.0
2024-03-01 12:19:00,ARDX,9.669500350952148,9.669500350952148,9.680000305175781,9.65999984741211,9.675000190734863,10724.0
2024-03-01 12:19:00,ARGX,390.7099914550781,390.7099914550781,390.7099914550781,390.57000732421875,390.57000732421875,660.0
2024-03-01 12:19:00,ARQT,11.656000137329102,11.656000137329102,11.65999984741211,11.630000114440918,11.640000343322754,4735.0
2024-03-01 12:19:00,ARVN,49.404998779296875,49.404998779296875,49.404998779296875,49.2599983215332,49.2599983215332,2778.0
2024-03-01 12:19:00,ARWR,35.689998626708984,35.689998626708984,35.72999954223633,35.595001220703125,35.595001220703125,2491.0
2024-03-01 12:19:00,ASND,150.3300018310547,150.3300018310547,150.3300018310547,150.3300018310547,150.3300018310547,323.0
2024-03-01 12:19:00,ASRT,0.9200999736785889,0.9200999736785889,0.9200999736785889,0.9200999736785889,0.9200999736785889,150.0
2024-03-01 12:19:00,ATAI,2.1098999977111816,2.1098999977111816,2.109999895095825,2.0999999046325684,2.100100040435791,2903.0
2024-03-01 12:19:00,ATRA,0.7900000214576721,0.7900000214576721,0.7900000214576721,0.7900000214576721,0.7900000214576721,200.0
2024-03-01 12:19:00,ATRC,36.029998779296875,36.029998779296875,36.029998779296875,36.02000045776367,36.02000045776367,488.0
2024-03-01 12:19:00,ATXS,14.989999771118164,14.989999771118164,15.0,14.989999771118164,15.0,2018.0
2024-03-01 12:19:00,AUGX,4.610000133514404,4.610000133514404,4.610000133514404,4.610000133514404,4.610000133514404,126.0
2024-03-01 12:19:00,AUPH,5.860000133514404,5.860000133514404,5.860000133514404,5.860000133514404,5.860000133514404,863.0
2024-03-01 12:19:00,AURA,9.444999694824219,9.444999694824219,9.444999694824219,9.444999694824219,9.444999694824219,147.0
2024-03-01 12:19:00,AVDL,12.920000076293945,12.920000076293945,12.930000305175781,12.920000076293945,12.930000305175781,506.0
2024-03-01 12:19:00,AVIR,4.550000190734863,4.550000190734863,4.554999828338623,4.550000190734863,4.554999828338623,1014.0
2024-03-01 12:19:00,AVRO,1.350000023841858,1.350000023841858,1.350000023841858,1.350000023841858,1.350000023841858,200.0
2024-03-01 12:19:00,AVXL,5.360000133514404,5.360000133514404,5.364999771118164,5.360000133514404,5.364999771118164,250.0
2024-03-01 12:19:00,AXNX,67.625,67.625,67.625,67.58999633789062,67.61000061035156,417.0
2024-03-01 12:19:00,AXSM,82.63999938964844,82.63999938964844,82.63999938964844,82.63999938964844,82.63999938964844,100.0
2024-03-01 12:19:00,AZN,64.81999969482422,64.81999969482422,64.81999969482422,64.80999755859375,64.81500244140625,1359.0
2024-03-01 12:19:00,AZTA,66.6500015258789,66.6500015258789,66.6500015258789,66.62000274658203,66.62000274658203,233.0
2024-03-01 12:19:00,BBIO,36.099998474121094,36.099998474121094,36.11000061035156,36.09000015258789,36.09000015258789,2565.0
2024-03-01 12:19:00,BBLG,2.299999952316284,2.299999952316284,2.299999952316284,2.299999952316284,2.299999952316284,176.0
2024-03-01 12:19:00,BCRX,5.775000095367432,5.775000095367432,5.78000020980835,5.775000095367432,5.775000095367432,1172.0
2024-03-01 12:19:00,BCTX,3.5399999618530273,3.5399999618530273,3.5399999618530273,3.5399999618530273,3.5399999618530273,1110.0
2024-03-01 12:19:00,BDTX,5.050000190734863,5.050000190734863,5.050000190734863,5.050000190734863,5.050000190734863,106.0
2024-03-01 12:19:00,BEAM,40.099998474121094,40.099998474121094,40.099998474121094,40.06949996948242,40.08000183105469,1843.0
2024-03-01 12:19:00,BGNE,166.9199981689453,166.9199981689453,167.06500244140625,166.9199981689453,166.9199981689453,928.0
2024-03-01 12:19:00,BIAF,2.325000047683716,2.325000047683716,2.325000047683716,2.325000047683716,2.325000047683716,1093.0
2024-03-01 12:19:00,BIIB,220.52000427246094,220.52000427246094,220.52000427246094,220.36000061035156,220.4600067138672,2422.0
2024-03-01 12:19:00,BIOL,0.1378999948501587,0.1378999948501587,0.1378999948501587,0.1371999979019165,0.1371999979019165,4085.0
2024-03-01 12:19:00,BIOR,1.2000999450683594,1.2000999450683594,1.215000033378601,1.2000999450683594,1.215000033378601,4000.0
2024-03-01 12:19:00,BIVI,1.8300000429153442,1.8300000429153442,1.8700000047683716,1.8250000476837158,1.8700000047683716,97192.0
2024-03-01 12:19:00,BLFS,18.360000610351562,18.360000610351562,18.360000610351562,18.360000610351562,18.360000610351562,524.0
2024-03-01 12:19:00,BLUE,1.600000023841858,1.600000023841858,1.600000023841858,1.5950000286102295,1.600000023841858,1891.0
2024-03-01 12:19:00,BMEA,17.959999084472656,17.959999084472656,17.969999313354492,17.950000762939453,17.969999313354492,1766.0
2024-03-01 12:19:00,BMRN,87.02999877929688,87.02999877929688,87.0999984741211,87.02999877929688,87.03500366210938,9883.0
2024-03-01 12:19:00,BPMC,97.77999877929688,97.77999877929688,97.77999877929688,97.77999877929688,97.77999877929688,340.0
2024-03-01 12:19:00,BRKR,88.01000213623047,88.01000213623047,88.02999877929688,88.01000213623047,88.02999877929688,787.0
2024-03-01 12:19:00,BTCY,0.9298999905586243,0.9298999905586243,0.9298999905586243,0.9298999905586243,0.9298999905586243,134.0
2024-03-01 12:19:00,BTMD,6.079999923706055,6.079999923706055,6.079999923706055,6.079999923706055,6.079999923706055,113.0
2024-03-01 12:19:00,BTTX,0.17299999296665192,0.17299999296665192,0.1738000065088272,0.1720000058412552,0.1720000058412552,92542.0
2024-03-01 12:19:00,BWAY,6.53000020980835,6.53000020980835,6.545000076293945,6.53000020980835,6.53000020980835,525.0
2024-03-01 12:19:00,CABA,24.010000228881836,24.010000228881836,24.010000228881836,23.989999771118164,23.989999771118164,899.0
2024-03-01 12:19:00,CARA,0.8988999724388123,0.8988999724388123,0.8989999890327454,0.8902000188827515,0.8988999724388123,5100.0
2024-03-01 12:19:00,CBAY,32.25,32.25,32.25,32.244998931884766,32.244998931884766,2342.0
2024-03-01 12:19:00,CCCC,10.869999885559082,10.869999885559082,10.869999885559082,10.850000381469727,10.850000381469727,1198.0
2024-03-01 12:19:00,CCRN,18.2549991607666,18.2549991607666,18.2549991607666,18.229999542236328,18.229999542236328,312.0
2024-03-01 12:19:00,CDMO,8.130000114440918,8.130000114440918,8.131099700927734,8.130000114440918,8.130000114440918,533.0
2024-03-01 12:19:00,CDNA,12.5600004196167,12.5600004196167,12.5600004196167,12.539999961853027,12.539999961853027,1655.0
2024-03-01 12:19:00,CDXS,4.534999847412109,4.534999847412109,4.534999847412109,4.534999847412109,4.534999847412109,372.0
2024-03-01 12:19:00,CELC,16.114999771118164,16.114999771118164,16.114999771118164,16.114999771118164,16.114999771118164,116.0
2024-03-01 12:19:00,CELU,3.5299999713897705,3.5299999713897705,3.5299999713897705,3.5299999713897705,3.5299999713897705,247.0
2024-03-01 12:19:00,CERE,41.10499954223633,41.10499954223633,41.125,41.10499954223633,41.10499954223633,5568.0
2024-03-01 12:19:00,CERS,2.2200000286102295,2.2200000286102295,2.2200000286102295,2.2200000286102295,2.2200000286102295,124.0
2024-03-01 12:19:00,CERT,17.56999969482422,17.56999969482422,17.649999618530273,17.56999969482422,17.649999618530273,2794.0
2024-03-01 12:19:00,CGC,3.2750000953674316,3.2750000953674316,3.2799999713897705,3.265000104904175,3.2750000953674316,8223.0
2024-03-01 12:19:00,CGEM,19.03499984741211,19.03499984741211,19.03499984741211,19.034500122070312,19.034500122070312,346.0
2024-03-01 12:19:00,CGEN,2.684999942779541,2.684999942779541,2.684999942779541,2.684999942779541,2.684999942779541,146.0
2024-03-01 12:19:00,CGTX,2.049999952316284,2.049999952316284,2.059999942779541,2.049999952316284,2.059999942779541,6100.0
2024-03-01 12:19:00,CHRS,2.375,2.375,2.375,2.375,2.375,654.0
2024-03-01 12:19:00,CING,1.3350000381469727,1.3350000381469727,1.350000023841858,1.3300000429153442,1.3300000429153442,1725.0
2024-03-01 12:19:00,CKPT,2.2200000286102295,2.2200000286102295,2.2200000286102295,2.2100000381469727,2.2100000381469727,1927.0
2024-03-01 12:19:00,CLDX,51.48500061035156,51.48500061035156,51.529998779296875,51.38999938964844,51.41999816894531,5750.0
2024-03-01 12:19:00,CLNN,0.3894999921321869,0.3894999921321869,0.3894999921321869,0.3894999921321869,0.3894999921321869,250.0
2024-03-01 12:19:00,CLOV,0.866599977016449,0.866599977016449,0.866599977016449,0.8651999831199646,0.8651999831199646,15768.0
2024-03-01 12:19:00,CLRB,4.125,4.125,4.125,4.125,4.125,5000.0
2024-03-01 12:19:00,CLSD,1.399899959564209,1.399899959564209,1.399999976158142,1.399899959564209,1.399999976158142,599.0
2024-03-01 12:19:00,CMPS,11.420000076293945,11.420000076293945,11.420000076293945,11.420000076293945,11.420000076293945,224.0
2024-03-01 12:19:00,CMPX,1.850000023841858,1.850000023841858,1.850000023841858,1.850000023841858,1.850000023841858,100.0
2024-03-01 12:19:00,CMRX,1.1490999460220337,1.1490999460220337,1.1490999460220337,1.1490999460220337,1.1490999460220337,2575.0
2024-03-01 12:19:00,CNSP,0.31499800086021423,0.31499800086021423,0.3149999976158142,0.31499800086021423,0.3149999976158142,611.0
2024-03-01 12:19:00,COGT,7.210000038146973,7.210000038146973,7.210000038146973,7.210000038146973,7.210000038146973,222.0
2024-03-01 12:19:00,CORT,24.020000457763672,24.020000457763672,24.020000457763672,23.920000076293945,23.920000076293945,5016.0
2024-03-01 12:19:00,CPRX,17.165000915527344,17.165000915527344,17.165000915527344,17.149999618530273,17.149999618530273,2945.0
2024-03-01 12:19:00,CPSI,9.318900108337402,9.318900108337402,9.318900108337402,9.15999984741211,9.180000305175781,15321.0
2024-03-01 12:19:00,CRBP,32.10499954223633,32.10499954223633,32.10499954223633,32.10499954223633,32.10499954223633,1881.0
2024-03-01 12:19:00,CRBU,7.998700141906738,7.998700141906738,8.0,7.989999771118164,7.989999771118164,799.0
2024-03-01 12:19:00,CRDF,2.2706000804901123,2.2706000804901123,2.2899999618530273,2.2706000804901123,2.280100107192993,14570.0
2024-03-01 12:19:00,CRMD,3.7200000286102295,3.7200000286102295,3.726099967956543,3.7200000286102295,3.726099967956543,1616.0
2024-03-01 12:19:00,CRON,2.0501999855041504,2.0501999855041504,2.0501999855041504,2.0501999855041504,2.0501999855041504,603.0
2024-03-01 12:19:00,CRSP,85.41000366210938,85.41000366210938,85.41000366210938,85.29000091552734,85.29000091552734,2262.0
2024-03-01 12:19:00,CSTL,20.459999084472656,20.459999084472656,20.459999084472656,20.459999084472656,20.459999084472656,124.0
2024-03-01 12:19:00,CTKB,8.630000114440918,8.630000114440918,8.630000114440918,8.614999771118164,8.614999771118164,882.0
2024-03-01 12:19:00,CUE,2.2100000381469727,2.2100000381469727,2.2100000381469727,2.200000047683716,2.200000047683716,2064.0
2024-03-01 12:19:00,CYTK,73.93000030517578,73.93000030517578,74.0,73.93000030517578,74.0,213.0
2024-03-01 12:19:00,CYTO,2.2901999950408936,2.2901999950408936,2.309999942779541,2.2822999954223633,2.309999942779541,3098.0
2024-03-01 12:19:00,DAWN,17.549999237060547,17.549999237060547,17.549999237060547,17.530000686645508,17.540000915527344,1219.0
2024-03-01 12:19:00,DCGO,4.132900238037109,4.132900238037109,4.132900238037109,4.132900238037109,4.132900238037109,193.0
2024-03-01 12:19:00,DCPH,17.4689998626709,17.4689998626709,17.479999542236328,17.4689998626709,17.469999313354492,500.0
2024-03-01 12:19:00,DH,9.0,9.0,9.0,8.979999542236328,8.979999542236328,1462.0
2024-03-01 12:19:00,DMAC,3.0652999877929688,3.0652999877929688,3.0652999877929688,3.0652999877929688,3.0652999877929688,276.0
2024-03-01 12:19:00,DMTK,0.8604999780654907,0.8604999780654907,0.8604999780654907,0.8500000238418579,0.8500099778175354,11534.0
2024-03-01 12:19:00,DNLI,20.834999084472656,20.834999084472656,20.834999084472656,20.834999084472656,20.834999084472656,579.0
2024-03-01 12:19:00,DRRX,1.0013999938964844,1.0013999938964844,1.0013999938964844,1.0013999938964844,1.0013999938964844,229.0
2024-03-01 12:19:00,DTIL,12.15999984741211,12.15999984741211,12.15999984741211,12.100000381469727,12.100000381469727,1175.0
2024-03-01 12:19:00,DVAX,12.864999771118164,12.864999771118164,12.871000289916992,12.859999656677246,12.870699882507324,6673.0
2024-03-01 12:19:00,DXCM,121.2699966430664,121.2699966430664,121.2699966430664,121.16000366210938,121.16000366210938,8304.0
2024-03-01 12:19:00,DYN,28.729999542236328,28.729999542236328,28.729999542236328,28.700000762939453,28.729400634765625,2141.0
2024-03-01 12:19:00,EDIT,10.904999732971191,10.904999732971191,10.90999984741211,10.899999618530273,10.899999618530273,2598.0
2024-03-01 12:19:00,EFTR,15.0,15.0,15.024999618530273,15.0,15.024999618530273,1296.0
2024-03-01 12:19:00,EKSO,1.9799000024795532,1.9799000024795532,1.9799000024795532,1.9799000024795532,1.9799000024795532,2539.0
2024-03-01 12:19:00,ELEV,4.789999961853027,4.789999961853027,4.789999961853027,4.789999961853027,4.789999961853027,349.0
2024-03-01 12:19:00,EMBC,14.380000114440918,14.380000114440918,14.380000114440918,14.359999656677246,14.359999656677246,1693.0
2024-03-01 12:19:00,ENVB,1.5299999713897705,1.5299999713897705,1.5399999618530273,1.5199999809265137,1.5299999713897705,8285.0
2024-03-01 12:19:00,EQ,2.4837000370025635,2.4837000370025635,2.4837000370025635,2.4837000370025635,2.4837000370025635,1623.0
2024-03-01 12:19:00,ERAS,2.5250000953674316,2.5250000953674316,2.5299999713897705,2.5199999809265137,2.5299999713897705,5630.0
2024-03-01 12:19:00,ESPR,2.54010009765625,2.54010009765625,2.547300100326538,2.54010009765625,2.5450000762939453,1895.0
2024-03-01 12:19:00,ESTA,45.76499938964844,45.76499938964844,45.97990036010742,45.76499938964844,45.97990036010742,201.0
2024-03-01 12:19:00,ETNB,13.119999885559082,13.119999885559082,13.135299682617188,13.100000381469727,13.109999656677246,2788.0
2024-03-01 12:19:00,EVGN,0.9575999975204468,0.9575999975204468,0.9599999785423279,0.9575999975204468,0.9599999785423279,2200.0
2024-03-01 12:19:00,EWTX,17.0049991607666,17.0049991607666,17.0049991607666,17.0049991607666,17.0049991607666,486.0
2024-03-01 12:19:00,EXAI,6.809899806976318,6.809899806976318,6.809899806976318,6.809899806976318,6.809899806976318,116.0
2024-03-01 12:19:00,EXAS,60.04999923706055,60.04999923706055,60.04999923706055,60.0,60.0099983215332,7160.0
2024-03-01 12:19:00,EXEL,22.53499984741211,22.53499984741211,22.53499984741211,22.524999618530273,22.524999618530273,2360.0
2024-03-01 12:19:00,EYEN,2.3299999237060547,2.3299999237060547,2.3299999237060547,2.3299999237060547,2.3299999237060547,5167.0
2024-03-01 12:19:00,EYPT,28.010000228881836,28.010000228881836,28.010000228881836,27.979999542236328,27.979999542236328,1211.0
2024-03-01 12:19:00,FATE,7.409999847412109,7.409999847412109,7.420000076293945,7.409999847412109,7.420000076293945,2796.0
2024-03-01 12:19:00,FDMT,29.299999237060547,29.299999237060547,29.299999237060547,29.270000457763672,29.270000457763672,387.0
2024-03-01 12:19:00,FEMY,1.7200000286102295,1.7200000286102295,1.7200000286102295,1.718000054359436,1.718000054359436,212.0
2024-03-01 12:19:00,FGEN,1.840000033378601,1.840000033378601,1.840000033378601,1.840000033378601,1.840000033378601,111.0
2024-03-01 12:19:00,FOLD,13.324999809265137,13.324999809265137,13.324999809265137,13.3149995803833,13.3149995803833,3877.0
2024-03-01 12:19:00,FULC,10.920000076293945,10.920000076293945,10.9399995803833,10.920000076293945,10.920999526977539,3525.0
2024-03-01 12:19:00,FUSN,12.295000076293945,12.295000076293945,12.300000190734863,12.289999961853027,12.295000076293945,2018.0
2024-03-01 12:19:00,GALT,1.9600000381469727,1.9600000381469727,1.9700000286102295,1.9600000381469727,1.9700000286102295,1100.0
2024-03-01 12:19:00,GDRX,8.345000267028809,8.345000267028809,8.350000381469727,8.34000015258789,8.349900245666504,7388.0
2024-03-01 12:19:00,GERN,2.199899911880493,2.199899911880493,2.200000047683716,2.190000057220459,2.194999933242798,3730.0
2024-03-01 12:19:00,GH,19.209999084472656,19.209999084472656,19.209999084472656,19.200000762939453,19.200000762939453,739.0
2024-03-01 12:19:00,GHSI,8.390000343322754,8.390000343322754,8.399999618530273,8.390000343322754,8.399999618530273,321.0
2024-03-01 12:19:00,GILD,72.28500366210938,72.28500366210938,72.28500366210938,72.26000213623047,72.2750015258789,8582.0
2024-03-01 12:19:00,GLTO,0.7542999982833862,0.7542999982833862,0.7542999982833862,0.75,0.75,2157.0
2024-03-01 12:19:00,GMAB,29.3799991607666,29.3799991607666,29.3799991607666,29.3799991607666,29.3799991607666,712.0
2024-03-01 12:19:00,GMDA,0.3869999945163727,0.3869999945163727,0.3869999945163727,0.3867500126361847,0.38679999113082886,3400.0
2024-03-01 12:19:00,GOSS,1.3614000082015991,1.3614000082015991,1.3650000095367432,1.3600000143051147,1.3650000095367432,1708.0
2024-03-01 12:19:00,GRFS,7.070000171661377,7.070000171661377,7.105000019073486,7.054999828338623,7.105000019073486,9363.0
2024-03-01 12:19:00,GRTS,2.147900104522705,2.147900104522705,2.180000066757202,2.130000114440918,2.180000066757202,107215.0
2024-03-01 12:19:00,GTHX,3.634999990463257,3.634999990463257,3.634999990463257,3.634999990463257,3.634999990463257,200.0
2024-03-01 12:19:00,HALO,41.83000183105469,41.83000183105469,41.86000061035156,41.78499984741211,41.78499984741211,5680.0
2024-03-01 12:19:00,HARP,22.940000534057617,22.940000534057617,22.950000762939453,22.940000534057617,22.940000534057617,421.0
2024-03-01 12:19:00,HCAT,8.045000076293945,8.045000076293945,8.045000076293945,8.045000076293945,8.045000076293945,354.0
2024-03-01 12:19:00,HCSG,12.65999984741211,12.65999984741211,12.65999984741211,12.65999984741211,12.65999984741211,129.0
2024-03-01 12:19:00,HCTI,2.4000000953674316,2.4000000953674316,2.4100000858306885,2.4000000953674316,2.4100000858306885,846.0
2024-03-01 12:19:00,HITI,1.7799999713897705,1.7799999713897705,1.7799999713897705,1.774999976158142,1.774999976158142,1731.0
2024-03-01 12:19:00,HOLX,73.72000122070312,73.72000122070312,73.7249984741211,73.70999908447266,73.72000122070312,1728.0
2024-03-01 12:19:00,HOWL,6.960000038146973,6.960000038146973,6.960000038146973,6.960000038146973,6.960000038146973,100.0
2024-03-01 12:19:00,HPCO,0.25220000743865967,0.25220000743865967,0.25220000743865967,0.25220000743865967,0.25220000743865967,1000.0
2024-03-01 12:19:00,HROW,10.899999618530273,10.899999618530273,10.899999618530273,10.899999618530273,10.899999618530273,204.0
2024-03-01 12:19:00,HRTX,2.6115000247955322,2.6115000247955322,2.6115000247955322,2.6115000247955322,2.6115000247955322,421.0
2024-03-01 12:19:00,HSCS,0.11829999834299088,0.11829999834299088,0.11829999834299088,0.11829999834299088,0.11829999834299088,905.0
2024-03-01 12:19:00,HSIC,77.0,77.0,77.0,76.95999908447266,76.95999908447266,894.0
2024-03-01 12:19:00,HUMA,3.444999933242798,3.444999933242798,3.450000047683716,3.440000057220459,3.4400999546051025,5870.0
2024-03-01 12:19:00,IART,36.61000061035156,36.61000061035156,36.619998931884766,36.61000061035156,36.61000061035156,1784.0
2024-03-01 12:19:00,IBRX,4.90880012512207,4.90880012512207,4.90880012512207,4.90880012512207,4.90880012512207,252.0
2024-03-01 12:19:00,ICLR,323.0299987792969,323.0299987792969,323.17999267578125,323.010009765625,323.17999267578125,1694.0
2024-03-01 12:19:00,ICUI,105.30500030517578,105.30500030517578,105.36499786376953,105.30500030517578,105.3499984741211,758.0
2024-03-01 12:19:00,IDXX,581.0,581.0,581.0,581.0,581.0,455.0
2024-03-01 12:19:00,IFRX,1.8696999549865723,1.8696999549865723,1.8799999952316284,1.8450000286102295,1.8550000190734863,28351.0
2024-03-01 12:19:00,IGMS,13.489999771118164,13.489999771118164,13.489999771118164,13.489999771118164,13.489999771118164,503.0
2024-03-01 12:19:00,ILMN,142.19000244140625,142.19000244140625,142.19000244140625,142.17999267578125,142.17999267578125,760.0
2024-03-01 12:19:00,IMCR,68.0,68.0,68.0,68.0,68.0,350.0
2024-03-01 12:19:00,IMMX,3.5399999618530273,3.5399999618530273,3.5399999618530273,3.5399999618530273,3.5399999618530273,100.0
2024-03-01 12:19:00,IMNM,25.899999618530273,25.899999618530273,25.940000534057617,25.8700008392334,25.940000534057617,1934.0
2024-03-01 12:19:00,IMTX,12.960000038146973,12.960000038146973,12.960000038146973,12.960000038146973,12.960000038146973,771.0
2024-03-01 12:19:00,IMVT,36.47999954223633,36.47999954223633,36.5,36.404998779296875,36.404998779296875,2727.0
2024-03-01 12:19:00,INBX,36.77000045776367,36.77000045776367,36.77000045776367,36.77000045776367,36.77000045776367,356.0
2024-03-01 12:19:00,INCY,59.23500061035156,59.23500061035156,59.23500061035156,59.130001068115234,59.130001068115234,6421.0
2024-03-01 12:19:00,INGN,6.860000133514404,6.860000133514404,6.860000133514404,6.860000133514404,6.860000133514404,220.0
2024-03-01 12:19:00,INMD,22.84000015258789,22.84000015258789,22.84000015258789,22.84000015258789,22.84000015258789,662.0
2024-03-01 12:19:00,INO,9.329999923706055,9.329999923706055,9.329999923706055,9.329999923706055,9.329999923706055,819.0
2024-03-01 12:19:00,INSM,28.46500015258789,28.46500015258789,28.46500015258789,28.45009994506836,28.45009994506836,306.0
2024-03-01 12:19:00,INVA,15.585000038146973,15.585000038146973,15.585000038146973,15.585000038146973,15.585000038146973,356.0
2024-03-01 12:19:00,INZY,6.690000057220459,6.690000057220459,6.690000057220459,6.679999828338623,6.679999828338623,716.0
2024-03-01 12:19:00,IOBT,1.774999976158142,1.774999976158142,1.774999976158142,1.774999976158142,1.774999976158142,4000.0
2024-03-01 12:19:00,IONS,45.9900016784668,45.9900016784668,46.029998779296875,45.94499969482422,45.959999084472656,6162.0
2024-03-01 12:19:00,IOVA,16.829999923706055,16.829999923706055,16.844999313354492,16.799999237060547,16.799999237060547,28724.0
2024-03-01 12:19:00,IRTC,121.08499908447266,121.08499908447266,121.08499908447266,121.08499908447266,121.08499908447266,870.0
2024-03-01 12:19:00,IRWD,9.100000381469727,9.100000381469727,9.104999542236328,9.100000381469727,9.104999542236328,1181.0
2024-03-01 12:19:00,ISRG,395.760009765625,395.760009765625,395.82000732421875,395.25,395.4200134277344,13182.0
2024-03-01 12:19:00,ITCI,71.93000030517578,71.93000030517578,72.00499725341797,71.93000030517578,72.00499725341797,2666.0
2024-03-01 12:19:00,ITOS,10.765000343322754,10.765000343322754,10.765000343322754,10.765000343322754,10.765000343322754,401.0
2024-03-01 12:19:00,IVVD,4.031000137329102,4.031000137329102,4.031000137329102,4.010000228881836,4.03000020980835,3283.0
2024-03-01 12:19:00,JAGX,0.0737999975681305,0.0737999975681305,0.07400000095367432,0.0729999989271164,0.07360000163316727,233592.0
2024-03-01 12:19:00,JAZZ,119.3949966430664,119.3949966430664,119.3949966430664,119.37999725341797,119.37999725341797,692.0
2024-03-01 12:19:00,KALV,14.007800102233887,14.007800102233887,14.007800102233887,14.007800102233887,14.007800102233887,125.0
2024-03-01 12:19:00,KIDS,27.40999984741211,27.40999984741211,27.40999984741211,27.399999618530273,27.399999618530273,679.0
2024-03-01 12:19:00,KNSA,21.75,21.75,21.75,21.75,21.75,873.0
2024-03-01 12:19:00,KPTI,1.2000000476837158,1.2000000476837158,1.2000000476837158,1.1950000524520874,1.1950000524520874,1300.0
2024-03-01 12:19:00,KRYS,167.63999938964844,167.63999938964844,167.63999938964844,167.63999938964844,167.63999938964844,211.0
2024-03-01 12:19:00,KTRA,0.09610000252723694,0.09610000252723694,0.09610000252723694,0.09605000168085098,0.09605000168085098,10400.0
2024-03-01 12:19:00,KURA,21.280000686645508,21.280000686645508,21.280000686645508,21.280000686645508,21.280000686645508,500.0
2024-03-01 12:19:00,KYMR,44.11000061035156,44.11000061035156,44.11000061035156,44.08000183105469,44.084999084472656,1566.0
2024-03-01 12:19:00,KZR,1.087499976158142,1.087499976158142,1.087499976158142,1.0800000429153442,1.0800000429153442,600.0
2024-03-01 12:19:00,LAB,2.494999885559082,2.494999885559082,2.494999885559082,2.494999885559082,2.494999885559082,100.0
2024-03-01 12:19:00,LEGN,66.08999633789062,66.08999633789062,66.08999633789062,66.07499694824219,66.08499908447266,841.0
2024-03-01 12:19:00,LEXX,2.7400999069213867,2.7400999069213867,2.7400999069213867,2.7400999069213867,2.7400999069213867,105.0
2024-03-01 12:19:00,LFLY,3.0,3.0,3.0,3.0,3.0,110.0
2024-03-01 12:19:00,LFMD,7.989999771118164,7.989999771118164,8.010000228881836,7.980000019073486,7.980000019073486,2717.0
2024-03-01 12:19:00,LFST,7.934999942779541,7.934999942779541,7.934999942779541,7.934999942779541,7.934999942779541,100.0
2024-03-01 12:19:00,LIAN,4.855000019073486,4.855000019073486,4.855000019073486,4.855000019073486,4.855000019073486,247.0
2024-03-01 12:19:00,LIFE,1.934999942779541,1.934999942779541,1.940000057220459,1.9299999475479126,1.9299999475479126,10150.0
2024-03-01 12:19:00,LIVN,55.68000030517578,55.68000030517578,55.689998626708984,55.650001525878906,55.650001525878906,912.0
2024-03-01 12:19:00,LIXT,2.47160005569458,2.47160005569458,2.47160005569458,2.47160005569458,2.47160005569458,337.0
2024-03-01 12:19:00,LMAT,67.0,67.0,67.0,66.83999633789062,67.0,2775.0
2024-03-01 12:19:00,LNTH,65.70249938964844,65.70249938964844,65.70249938964844,65.70249938964844,65.70249938964844,100.0
2024-03-01 12:19:00,LQDA,14.390000343322754,14.390000343322754,14.414999961853027,14.390000343322754,14.414999961853027,3772.0
2024-03-01 12:19:00,LRMR,11.385000228881836,11.385000228881836,11.385000228881836,11.385000228881836,11.385000228881836,203.0
2024-03-01 12:19:00,LUMO,2.9700000286102295,2.9700000286102295,2.9700000286102295,2.9700000286102295,2.9700000286102295,106.0
2024-03-01 12:19:00,LUNG,9.364999771118164,9.364999771118164,9.364999771118164,9.359999656677246,9.359999656677246,787.0
2024-03-01 12:19:00,LVTX,3.0504000186920166,3.0504000186920166,3.0504000186920166,3.0504000186920166,3.0504000186920166,117.0
2024-03-01 12:19:00,LXRX,2.459399938583374,2.459399938583374,2.4600000381469727,2.4549999237060547,2.459199905395508,3144.0
2024-03-01 12:19:00,LYEL,3.177500009536743,3.177500009536743,3.177500009536743,3.177500009536743,3.177500009536743,187.0
2024-03-01 12:19:00,LYRA,5.620800018310547,5.620800018310547,5.620800018310547,5.620800018310547,5.620800018310547,235.0
2024-03-01 12:19:00,MASI,128.69500732421875,128.69500732421875,128.69500732421875,128.69500732421875,128.69500732421875,331.0
2024-03-01 12:19:00,MCRB,1.1950000524520874,1.1950000524520874,1.1950000524520874,1.1950000524520874,1.1950000524520874,1375.0
2024-03-01 12:19:00,MDGL,246.6999969482422,246.6999969482422,246.6999969482422,245.2969970703125,245.875,2395.0
2024-03-01 12:19:00,MDRX,6.0,6.0,6.03000020980835,6.0,6.0,1905.0
2024-03-01 12:19:00,MDXG,8.550000190734863,8.550000190734863,8.555000305175781,8.550000190734863,8.550000190734863,874.0
2024-03-01 12:19:00,ME,0.574400007724762,0.574400007724762,0.574400007724762,0.5680999755859375,0.5681999921798706,34079.0
2024-03-01 12:19:00,MEDP,400.8551025390625,400.8551025390625,400.8551025390625,400.8551025390625,400.8551025390625,231.0
2024-03-01 12:19:00,MGNX,18.909799575805664,18.909799575805664,18.909799575805664,18.895000457763672,18.895000457763672,2384.0
2024-03-01 12:19:00,MIRM,29.90999984741211,29.90999984741211,29.90999984741211,29.90999984741211,29.90999984741211,205.0
2024-03-01 12:19:00,MLTX,51.59000015258789,51.59000015258789,51.599998474121094,51.58000183105469,51.599998474121094,1935.0
2024-03-01 12:19:00,MNKD,4.574999809265137,4.574999809265137,4.574999809265137,4.574999809265137,4.574999809265137,821.0
2024-03-01 12:19:00,MNMD,6.1641998291015625,6.1641998291015625,6.177199840545654,6.139999866485596,6.149700164794922,4748.0
2024-03-01 12:19:00,MNPR,0.8337000012397766,0.8337000012397766,0.8337000012397766,0.8337000012397766,0.8337000012397766,1178.0
2024-03-01 12:19:00,MODD,1.9199999570846558,1.9199999570846558,1.9199999570846558,1.9199999570846558,1.9199999570846558,200.0
2024-03-01 12:19:00,MODV,28.190000534057617,28.190000534057617,28.190000534057617,28.190000534057617,28.190000534057617,103.0
2024-03-01 12:19:00,MOR,17.59000015258789,17.59000015258789,17.59000015258789,17.59000015258789,17.59000015258789,147.0
2024-03-01 12:19:00,MORF,39.31999969482422,39.31999969482422,39.31999969482422,39.31999969482422,39.31999969482422,202.0
2024-03-01 12:19:00,MREO,3.8550000190734863,3.8550000190734863,3.8550000190734863,3.8499999046325684,3.8499999046325684,1327.0
2024-03-01 12:19:00,MRNA,96.30000305175781,96.30000305175781,96.302001953125,96.19999694824219,96.19999694824219,5724.0
2024-03-01 12:19:00,MRNS,10.0,10.0,10.015000343322754,10.0,10.0,713.0
2024-03-01 12:19:00,MRSN,5.920000076293945,5.920000076293945,5.934999942779541,5.920000076293945,5.920000076293945,5488.0
2024-03-01 12:19:00,MRUS,51.400001525878906,51.400001525878906,51.459999084472656,51.400001525878906,51.459999084472656,706.0
2024-03-01 12:19:00,MRVI,7.855000019073486,7.855000019073486,7.855000019073486,7.855000019073486,7.855000019073486,404.0
2024-03-01 12:19:00,MXCT,4.755000114440918,4.755000114440918,4.755000114440918,4.755000114440918,4.755000114440918,142.0
2024-03-01 12:19:00,MYGN,21.625,21.625,21.625,21.610000610351562,21.625,571.0
2024-03-01 12:19:00,NARI,46.040000915527344,46.040000915527344,46.060001373291016,46.029998779296875,46.040000915527344,2752.0
2024-03-01 12:19:00,NAUT,2.6700000762939453,2.6700000762939453,2.6700000762939453,2.6700000762939453,2.6700000762939453,153.0
2024-03-01 12:19:00,NBIX,131.10000610351562,131.10000610351562,131.1750030517578,131.10000610351562,131.1750030517578,332.0
2024-03-01 12:19:00,NCNA,0.33070001006126404,0.33070001006126404,0.33070001006126404,0.33070001006126404,0.33070001006126404,155.0
2024-03-01 12:19:00,NEO,16.100000381469727,16.100000381469727,16.100000381469727,16.100000381469727,16.100000381469727,216.0
2024-03-01 12:19:00,NEOG,17.3799991607666,17.3799991607666,17.3799991607666,17.364999771118164,17.364999771118164,1375.0
2024-03-01 12:19:00,NEPH,3.2100000381469727,3.2100000381469727,3.2100000381469727,3.2100000381469727,3.2100000381469727,136.0
2024-03-01 12:19:00,NERV,2.5450000762939453,2.5450000762939453,2.5450000762939453,2.5450000762939453,2.5450000762939453,200.0
2024-03-01 12:19:00,NGM,1.5299999713897705,1.5299999713897705,1.5299999713897705,1.5299999713897705,1.5299999713897705,682.0
2024-03-01 12:19:00,NKTR,0.781499981880188,0.781499981880188,0.7865999937057495,0.781499981880188,0.7865999937057495,2000.0
2024-03-01 12:19:00,NKTX,12.950599670410156,12.950599670410156,12.950599670410156,12.950599670410156,12.950599670410156,251.0
2024-03-01 12:19:00,NNOX,11.170000076293945,11.170000076293945,11.170000076293945,11.154999732971191,11.15999984741211,11749.0
2024-03-01 12:19:00,NOTV,8.069999694824219,8.069999694824219,8.079400062561035,8.050000190734863,8.0649995803833,2263.0
2024-03-01 12:19:00,NRBO,5.900000095367432,5.900000095367432,5.900000095367432,5.900000095367432,5.900000095367432,266.0
2024-03-01 12:19:00,NRIX,13.53499984741211,13.53499984741211,13.53499984741211,13.516200065612793,13.516200065612793,499.0
2024-03-01 12:19:00,NRSN,2.109999895095825,2.109999895095825,2.109999895095825,2.099400043487549,2.099400043487549,15217.0
2024-03-01 12:19:00,NTLA,33.4900016784668,33.4900016784668,33.499900817871094,33.47999954223633,33.47999954223633,958.0
2024-03-01 12:19:00,NTRA,88.94000244140625,88.94000244140625,89.0,88.94000244140625,88.9800033569336,4743.0
2024-03-01 12:19:00,NVAX,5.139999866485596,5.139999866485596,5.150000095367432,5.139999866485596,5.141200065612793,9917.0
2024-03-01 12:19:00,NVCR,16.040000915527344,16.040000915527344,16.040000915527344,16.03499984741211,16.03499984741211,1332.0
2024-03-01 12:19:00,NVNO,6.5,6.5,6.5,6.5,6.5,100.0
2024-03-01 12:19:00,NYXH,15.149999618530273,15.149999618530273,15.149999618530273,15.149999618530273,15.149999618530273,200.0
2024-03-01 12:19:00,OCGN,0.9315000176429749,0.9315000176429749,0.9315000176429749,0.9315000176429749,0.9315000176429749,315.0
2024-03-01 12:19:00,OCUL,10.75,10.75,10.75,10.742899894714355,10.742899894714355,1581.0
2024-03-01 12:19:00,OCUP,2.490000009536743,2.490000009536743,2.490000009536743,2.490000009536743,2.490000009536743,1615.0
2024-03-01 12:19:00,OFIX,12.899999618530273,12.899999618530273,12.90999984741211,12.899999618530273,12.899999618530273,526.0
2024-03-01 12:19:00,OGI,2.184999942779541,2.184999942779541,2.184999942779541,2.180000066757202,2.1816000938415527,1310.0
2024-03-01 12:19:00,OLK,22.600000381469727,22.600000381469727,22.600000381469727,22.594999313354492,22.594999313354492,3925.0
2024-03-01 12:19:00,OLMA,14.100000381469727,14.100000381469727,14.100000381469727,14.100000381469727,14.100000381469727,299.0
2024-03-01 12:19:00,OMCL,26.540000915527344,26.540000915527344,26.540000915527344,26.53499984741211,26.53499984741211,401.0
2024-03-01 12:20:00,ABCL,5.21999979019165,5.21999979019165,5.21999979019165,5.21999979019165,5.21999979019165,100.0
2024-03-01 12:20:00,ABEO,7.800000190734863,7.800000190734863,7.800000190734863,7.789999961853027,7.789999961853027,10111.0
2024-03-01 12:20:00,ABSI,5.255000114440918,5.255000114440918,5.260000228881836,5.25,5.25,7490.0
2024-03-01 12:20:00,ABUS,2.7799999713897705,2.7799999713897705,2.7799999713897705,2.7799999713897705,2.7799999713897705,966.0
2024-03-01 12:20:00,ACAD,24.040000915527344,24.040000915527344,24.049999237060547,23.969999313354492,23.969999313354492,167049.0
2024-03-01 12:20:00,ACCD,10.25,10.25,10.25,10.25,10.25,501.0
2024-03-01 12:20:00,ACET,2.3970000743865967,2.3970000743865967,2.4049999713897705,2.384999990463257,2.384999990463257,7406.0
2024-03-01 12:20:00,ACLX,67.42500305175781,67.42500305175781,67.42500305175781,67.42500305175781,67.42500305175781,194.0
2024-03-01 12:20:00,ACON,0.3909989893436432,0.3909989893436432,0.3909989893436432,0.38749998807907104,0.38749998807907104,750.0
2024-03-01 12:20:00,ACRS,1.2400000095367432,1.2400000095367432,1.2400000095367432,1.2400000095367432,1.2400000095367432,200.0
2024-03-01 12:20:00,ADIL,3.119999885559082,3.119999885559082,3.12719988822937,3.0999999046325684,3.12719988822937,1481.0
2024-03-01 12:20:00,ADMA,5.394999980926514,5.394999980926514,5.394999980926514,5.394999980926514,5.394999980926514,1783.0
2024-03-01 12:20:00,ADPT,4.195000171661377,4.195000171661377,4.195000171661377,4.170000076293945,4.170000076293945,5812.0
2024-03-01 12:20:00,ADVM,1.9700000286102295,1.9700000286102295,1.9700000286102295,1.965000033378601,1.965000033378601,200.0
2024-03-01 12:20:00,AGEN,0.6738499999046326,0.6738499999046326,0.6739000082015991,0.6738499999046326,0.6738749742507935,2399.0
2024-03-01 12:20:00,AGIO,32.84000015258789,32.84000015258789,32.84000015258789,32.84000015258789,32.84000015258789,368.0
2024-03-01 12:20:00,AGRX,0.8101000189781189,0.8101000189781189,0.8209999799728394,0.8101000189781189,0.8209999799728394,5049.0
2024-03-01 12:20:00,AHCO,10.835000038146973,10.835000038146973,10.837499618530273,10.835000038146973,10.837499618530273,1148.0
2024-03-01 12:20:00,AIH,0.5012000203132629,0.5012000203132629,0.504800021648407,0.5001999735832214,0.5009999871253967,1402.0
2024-03-01 12:20:00,AIMD,1.0,1.0,1.0,1.0,1.0,395.0
2024-03-01 12:20:00,AIRS,6.53000020980835,6.53000020980835,6.53000020980835,6.53000020980835,6.53000020980835,100.0
2024-03-01 12:20:00,AKAN,0.23800000548362732,0.23800000548362732,0.24400000274181366,0.23800000548362732,0.24300000071525574,16745.0
2024-03-01 12:20:00,AKBA,1.690000057220459,1.690000057220459,1.6992000341415405,1.690000057220459,1.6950000524520874,4955.0
2024-03-01 12:20:00,AKLI,0.3400000035762787,0.3400000035762787,0.3400000035762787,0.3362500071525574,0.3400000035762787,2923.0
2024-03-01 12:20:00,AKRO,30.434999465942383,30.434999465942383,30.469999313354492,30.390100479125977,30.420000076293945,2138.0
2024-03-01 12:20:00,AKYA,6.099999904632568,6.099999904632568,6.099999904632568,6.060100078582764,6.060100078582764,793.0
2024-03-01 12:20:00,ALDX,4.148900032043457,4.148900032043457,4.148900032043457,4.148900032043457,4.148900032043457,3100.0
2024-03-01 12:20:00,ALEC,7.420000076293945,7.420000076293945,7.420000076293945,7.409999847412109,7.420000076293945,749.0
2024-03-01 12:20:00,ALGN,303.62750244140625,303.62750244140625,303.62750244140625,303.62750244140625,303.62750244140625,275.0
2024-03-01 12:20:00,ALHC,5.739999771118164,5.739999771118164,5.744999885559082,5.739999771118164,5.739999771118164,726.0
2024-03-01 12:20:00,ALKS,30.190000534057617,30.190000534057617,30.219999313354492,30.18000030517578,30.219999313354492,6452.0
2024-03-01 12:20:00,ALLO,5.054999828338623,5.054999828338623,5.054999828338623,5.054999828338623,5.054999828338623,710.0
2024-03-01 12:20:00,ALNY,154.16000366210938,154.16000366210938,154.16000366210938,154.16000366210938,154.16000366210938,292.0
2024-03-01 12:20:00,ALPN,35.9900016784668,35.9900016784668,36.02000045776367,35.970001220703125,35.9900016784668,6444.0
2024-03-01 12:20:00,ALT,12.0600004196167,12.0600004196167,12.0600004196167,12.020000457763672,12.020000457763672,3271.0
2024-03-01 12:20:00,ALVO,15.667499542236328,15.667499542236328,15.667499542236328,15.667499542236328,15.667499542236328,133.0
2024-03-01 12:20:00,ALVR,0.7548999786376953,0.7548999786376953,0.7548999786376953,0.7548999786376953,0.7548999786376953,203.0
2024-03-01 12:20:00,ALXO,15.09000015258789,15.09000015258789,15.09000015258789,15.09000015258789,15.09000015258789,291.0
2024-03-01 12:20:00,AMED,93.16999816894531,93.16999816894531,93.16999816894531,93.1500015258789,93.16000366210938,833.0
2024-03-01 12:20:00,AMGN,281.8349914550781,281.8349914550781,281.885009765625,281.7349853515625,281.7550048828125,7050.0
2024-03-01 12:20:00,AMPH,45.4650993347168,45.4650993347168,45.58420181274414,45.4650993347168,45.5099983215332,1337.0
2024-03-01 12:20:00,AMRN,1.0499999523162842,1.0499999523162842,1.0549999475479126,1.0499999523162842,1.0499999523162842,327.0
2024-03-01 12:20:00,ANGO,5.514999866485596,5.514999866485596,5.514999866485596,5.5,5.5,1972.0
2024-03-01 12:20:00,ANIP,65.9749984741211,65.9749984741211,66.0,65.92500305175781,65.94999694824219,895.0
2024-03-01 12:20:00,ANIX,3.536400079727173,3.536400079727173,3.536400079727173,3.536400079727173,3.536400079727173,213.0
2024-03-01 12:20:00,ANNX,5.989999771118164,5.989999771118164,5.989999771118164,5.989999771118164,5.989999771118164,1236.0
2024-03-01 12:20:00,APLS,65.22000122070312,65.22000122070312,65.22000122070312,65.01000213623047,65.02999877929688,3529.0
2024-03-01 12:20:00,APLT,7.085000038146973,7.085000038146973,7.099999904632568,7.070000171661377,7.070000171661377,583.0
2024-03-01 12:20:00,AQST,4.329999923706055,4.329999923706055,4.355000019073486,4.320000171661377,4.355000019073486,6768.0
2024-03-01 12:20:00,ARAY,2.6549999713897705,2.6549999713897705,2.6600000858306885,2.6449999809265137,2.6449999809265137,2470.0
2024-03-01 12:20:00,ARDX,9.680000305175781,9.680000305175781,9.680000305175781,9.669899940490723,9.669899940490723,4624.0
2024-03-01 12:20:00,ARGX,391.2099914550781,391.2099914550781,391.2099914550781,390.8999938964844,390.8999938964844,2117.0
2024-03-01 12:20:00,ARQT,11.640000343322754,11.640000343322754,11.6899995803833,11.640000343322754,11.654999732971191,26853.0
2024-03-01 12:20:00,ARVN,49.3849983215332,49.3849983215332,49.45000076293945,49.36000061035156,49.45000076293945,2032.0
2024-03-01 12:20:00,ARWR,35.76430130004883,35.76430130004883,35.779998779296875,35.72990036010742,35.72990036010742,3012.0
2024-03-01 12:20:00,ASLN,0.7740979790687561,0.7740979790687561,0.7741000056266785,0.7740979790687561,0.7741000056266785,1411.0
2024-03-01 12:20:00,ASND,150.47999572753906,150.47999572753906,150.47999572753906,150.42999267578125,150.42999267578125,682.0
2024-03-01 12:20:00,ASRT,0.9348999857902527,0.9348999857902527,0.9348999857902527,0.9248859882354736,0.925000011920929,65354.0
2024-03-01 12:20:00,ATAI,2.108799934387207,2.108799934387207,2.109999895095825,2.1013998985290527,2.109999895095825,657.0
2024-03-01 12:20:00,ATEC,13.5649995803833,13.5649995803833,13.569999694824219,13.5600004196167,13.5600004196167,1327.0
2024-03-01 12:20:00,ATRA,0.7942000031471252,0.7942000031471252,0.7942000031471252,0.7921000123023987,0.7921000123023987,200.0
2024-03-01 12:20:00,ATRC,36.02000045776367,36.02000045776367,36.02000045776367,36.02000045776367,36.02000045776367,276.0
2024-03-01 12:20:00,ATXS,15.020000457763672,15.020000457763672,15.020000457763672,14.979999542236328,15.0,27954.0
2024-03-01 12:20:00,AUPH,5.864999771118164,5.864999771118164,5.864999771118164,5.860000133514404,5.860000133514404,1388.0
2024-03-01 12:20:00,AUTL,6.349999904632568,6.349999904632568,6.355000019073486,6.349999904632568,6.355000019073486,948.0
2024-03-01 12:20:00,AVDL,12.890000343322754,12.890000343322754,12.9399995803833,12.890000343322754,12.9399995803833,1310.0
2024-03-01 12:20:00,AVRO,1.350000023841858,1.350000023841858,1.3600000143051147,1.350000023841858,1.350000023841858,6629.0
2024-03-01 12:20:00,AVXL,5.369999885559082,5.369999885559082,5.369999885559082,5.369999885559082,5.369999885559082,275.0
2024-03-01 12:20:00,AXNX,67.5999984741211,67.5999984741211,67.62000274658203,67.56999969482422,67.62000274658203,1490.0
2024-03-01 12:20:00,AXSM,82.59500122070312,82.59500122070312,82.63999938964844,82.59500122070312,82.63999938964844,1091.0
2024-03-01 12:20:00,AZN,64.79499816894531,64.79499816894531,64.82499694824219,64.79499816894531,64.81999969482422,12828.0
2024-03-01 12:20:00,AZTA,66.68000030517578,66.68000030517578,66.68000030517578,66.6500015258789,66.6500015258789,437.0
2024-03-01 12:20:00,BBIO,36.09000015258789,36.09000015258789,36.099998474121094,36.09000015258789,36.099998474121094,2552.0
2024-03-01 12:20:00,BCAB,2.734800100326538,2.734800100326538,2.734999895095825,2.734800100326538,2.734999895095825,314.0
2024-03-01 12:20:00,BCLI,0.3598000109195709,0.3598000109195709,0.35989999771118164,0.3598000109195709,0.35989999771118164,7000.0
2024-03-01 12:20:00,BCRX,5.78000020980835,5.78000020980835,5.78000020980835,5.78000020980835,5.78000020980835,556.0
2024-03-01 12:20:00,BDSX,1.6088000535964966,1.6088000535964966,1.6088000535964966,1.6088000535964966,1.6088000535964966,367.0
2024-03-01 12:20:00,BDTX,5.050000190734863,5.050000190734863,5.059999942779541,5.050000190734863,5.050000190734863,1490.0
2024-03-01 12:20:00,BEAM,40.11000061035156,40.11000061035156,40.119998931884766,40.11000061035156,40.119998931884766,711.0
2024-03-01 12:20:00,BIOL,0.13799899816513062,0.13799899816513062,0.13799899816513062,0.13799899816513062,0.13799899816513062,500.0
2024-03-01 12:20:00,BIOR,1.2000000476837158,1.2000000476837158,1.2100000381469727,1.2000000476837158,1.2100000381469727,4768.0
2024-03-01 12:20:00,BIVI,1.7894999980926514,1.7894999980926514,1.8300000429153442,1.7599999904632568,1.8300000429153442,300156.0
2024-03-01 12:20:00,BLUE,1.600000023841858,1.600000023841858,1.6050000190734863,1.5901000499725342,1.5950000286102295,80947.0
2024-03-01 12:20:00,BMEA,18.010000228881836,18.010000228881836,18.010000228881836,17.940000534057617,17.940000534057617,1922.0
2024-03-01 12:20:00,BMRN,87.03500366210938,87.03500366210938,87.05000305175781,87.03500366210938,87.03500366210938,3804.0
2024-03-01 12:20:00,BNR,0.8255000114440918,0.8255000114440918,0.8485000133514404,0.8255000114440918,0.8321999907493591,2362.0
2024-03-01 12:20:00,BNTX,91.91000366210938,91.91000366210938,91.91000366210938,91.91000366210938,91.91000366210938,320.0
2024-03-01 12:20:00,BPTH,5.989999771118164,5.989999771118164,5.989999771118164,5.989999771118164,5.989999771118164,725.0
2024-03-01 12:20:00,BRKR,88.05999755859375,88.05999755859375,88.05999755859375,88.04000091552734,88.04000091552734,1236.0
2024-03-01 12:20:00,BSGM,0.64410001039505,0.64410001039505,0.64410001039505,0.6200000047683716,0.6200000047683716,1096.0
2024-03-01 12:20:00,BTMD,6.070000171661377,6.070000171661377,6.083199977874756,6.070000171661377,6.083199977874756,287.0
2024-03-01 12:20:00,BTTX,0.1735990047454834,0.1735990047454834,0.17419999837875366,0.17262500524520874,0.1738000065088272,31915.0
2024-03-01 12:20:00,BYSI,1.534500002861023,1.534500002861023,1.534500002861023,1.534500002861023,1.534500002861023,326.0
2024-03-01 12:20:00,CADL,1.7021000385284424,1.7021000385284424,1.7021000385284424,1.7021000385284424,1.7021000385284424,202.0
2024-03-01 12:20:00,CAPR,4.570000171661377,4.570000171661377,4.570000171661377,4.559999942779541,4.559999942779541,1119.0
2024-03-01 12:20:00,CARA,0.8902000188827515,0.8902000188827515,0.894599974155426,0.8902000188827515,0.894599974155426,339.0
2024-03-01 12:20:00,CBAY,32.25,32.25,32.25,32.244998931884766,32.25,1110.0
2024-03-01 12:20:00,CCCC,10.869999885559082,10.869999885559082,10.875,10.869199752807617,10.875,1790.0
2024-03-01 12:20:00,CCRN,18.2549991607666,18.2549991607666,18.270000457763672,18.2549991607666,18.270000457763672,499.0
2024-03-01 12:20:00,CDMO,8.130000114440918,8.130000114440918,8.140000343322754,8.130000114440918,8.130000114440918,715.0
2024-03-01 12:20:00,CDNA,12.569999694824219,12.569999694824219,12.569999694824219,12.5600004196167,12.5600004196167,900.0
2024-03-01 12:20:00,CERE,41.10499954223633,41.10499954223633,41.10499954223633,41.099998474121094,41.10499954223633,3120.0
2024-03-01 12:20:00,CERS,2.2249999046325684,2.2249999046325684,2.2249999046325684,2.2249999046325684,2.2249999046325684,836.0
2024-03-01 12:20:00,CERT,17.540000915527344,17.540000915527344,17.59000015258789,17.5,17.59000015258789,3608.0
2024-03-01 12:20:00,CGC,3.2750000953674316,3.2750000953674316,3.2850000858306885,3.2699999809265137,3.2750000953674316,39225.0
2024-03-01 12:20:00,CGEM,19.03499984741211,19.03499984741211,19.03499984741211,19.03499984741211,19.03499984741211,227.0
2024-03-01 12:20:00,CGEN,2.684999942779541,2.684999942779541,2.700000047683716,2.684999942779541,2.690000057220459,35467.0
2024-03-01 12:20:00,CGTX,2.0399999618530273,2.0399999618530273,2.0515999794006348,2.0399999618530273,2.049999952316284,3454.0
2024-03-01 12:20:00,CHRS,2.380000114440918,2.380000114440918,2.380000114440918,2.375,2.375,1074.0
2024-03-01 12:20:00,CING,1.3300000429153442,1.3300000429153442,1.3300000429153442,1.3300000429153442,1.3300000429153442,370.0
2024-03-01 12:20:00,CLDX,51.369998931884766,51.369998931884766,51.54499816894531,51.29999923706055,51.47999954223633,6286.0
2024-03-01 12:20:00,CLNN,0.3862999975681305,0.3862999975681305,0.38760000467300415,0.3862999975681305,0.38749998807907104,4400.0
2024-03-01 12:20:00,CLOV,0.8686000108718872,0.8686000108718872,0.8689000010490417,0.8671000003814697,0.8671000003814697,7063.0
2024-03-01 12:20:00,CLPT,6.739999771118164,6.739999771118164,6.739999771118164,6.739999771118164,6.739999771118164,156.0
2024-03-01 12:20:00,CLRB,4.130000114440918,4.130000114440918,4.130000114440918,4.130000114440918,4.130000114440918,112.0
2024-03-01 12:20:00,CMPS,11.460000038146973,11.460000038146973,11.460000038146973,11.4399995803833,11.4399995803833,923.0
2024-03-01 12:20:00,CMRX,1.1399999856948853,1.1399999856948853,1.1399999856948853,1.1399999856948853,1.1399999856948853,300.0
2024-03-01 12:20:00,CNTA,10.890000343322754,10.890000343322754,10.899999618530273,10.890000343322754,10.899999618530273,387.0
2024-03-01 12:20:00,COGT,7.210000038146973,7.210000038146973,7.210000038146973,7.199999809265137,7.210000038146973,2341.0
2024-03-01 12:20:00,COLL,37.209999084472656,37.209999084472656,37.209999084472656,37.209999084472656,37.209999084472656,329.0
2024-03-01 12:20:00,CORT,24.030000686645508,24.030000686645508,24.049999237060547,24.020000457763672,24.040000915527344,3617.0
2024-03-01 12:20:00,CPRX,17.165000915527344,17.165000915527344,17.165000915527344,17.15999984741211,17.165000915527344,2331.0
2024-03-01 12:20:00,CPSI,9.329999923706055,9.329999923706055,9.329999923706055,9.3100004196167,9.319999694824219,2845.0
2024-03-01 12:20:00,CRBU,8.010000228881836,8.010000228881836,8.010000228881836,8.0,8.0,2212.0
2024-03-01 12:20:00,CRDF,2.2899999618530273,2.2899999618530273,2.2899999618530273,2.279900074005127,2.279900074005127,6879.0
2024-03-01 12:20:00,CRMD,3.7100000381469727,3.7100000381469727,3.7100000381469727,3.7100000381469727,3.7100000381469727,212.0
2024-03-01 12:20:00,CRNX,46.06999969482422,46.06999969482422,46.099998474121094,46.040000915527344,46.040000915527344,1190.0
2024-03-01 12:20:00,CRSP,85.37999725341797,85.37999725341797,85.45999908447266,85.37999725341797,85.38999938964844,2069.0
2024-03-01 12:20:00,CSTL,20.389999389648438,20.389999389648438,20.389999389648438,20.389999389648438,20.389999389648438,357.0
2024-03-01 12:20:00,CTKB,8.640000343322754,8.640000343322754,8.640000343322754,8.619999885559082,8.619999885559082,2636.0
2024-03-01 12:20:00,CTMX,2.6600000858306885,2.6600000858306885,2.6700000762939453,2.6600000858306885,2.6700000762939453,3814.0
2024-03-01 12:20:00,CTSO,0.949999988079071,0.949999988079071,0.949999988079071,0.949999988079071,0.949999988079071,100.0
2024-03-01 12:20:00,CTXR,0.7739999890327454,0.7739999890327454,0.7739999890327454,0.7731999754905701,0.7731999754905701,803.0
2024-03-01 12:20:00,CUE,2.2049999237060547,2.2049999237060547,2.2049999237060547,2.2049999237060547,2.2049999237060547,100.0
2024-03-01 12:20:00,CYTK,73.88999938964844,73.88999938964844,74.0,73.88999938964844,74.0,2659.0
2024-03-01 12:20:00,CYTO,2.319999933242798,2.319999933242798,2.319999933242798,2.319999933242798,2.319999933242798,591.0
2024-03-01 12:20:00,DAWN,17.530000686645508,17.530000686645508,17.545000076293945,17.530000686645508,17.545000076293945,1400.0
2024-03-01 12:20:00,DCGO,4.130000114440918,4.130000114440918,4.130000114440918,4.130000114440918,4.130000114440918,107.0
2024-03-01 12:20:00,DCPH,17.45009994506836,17.45009994506836,17.45009994506836,17.45009994506836,17.45009994506836,195.0
2024-03-01 12:20:00,DH,8.987500190734863,8.987500190734863,8.987500190734863,8.987500190734863,8.987500190734863,113.0
2024-03-01 12:20:00,DNLI,20.854999542236328,20.854999542236328,20.860000610351562,20.81999969482422,20.834999084472656,3023.0
2024-03-01 12:20:00,DTIL,12.34000015258789,12.34000015258789,12.350000381469727,12.199999809265137,12.199999809265137,7713.0
2024-03-01 12:20:00,DVAX,12.859999656677246,12.859999656677246,12.864999771118164,12.859999656677246,12.864999771118164,301.0
2024-03-01 12:20:00,DXCM,121.21499633789062,121.21499633789062,121.30999755859375,121.1500015258789,121.29000091552734,7894.0
2024-03-01 12:20:00,DYN,28.405000686645508,28.405000686645508,28.639999389648438,28.35650062561035,28.639999389648438,4610.0
2024-03-01 12:20:00,EDIT,10.899399757385254,10.899399757385254,10.920000076293945,10.895000457763672,10.90999984741211,2904.0
2024-03-01 12:20:00,EKSO,1.9800000190734863,1.9800000190734863,1.9800000190734863,1.9800000190734863,1.9800000190734863,990.0
2024-03-01 12:20:00,ELDN,1.850000023841858,1.850000023841858,1.850000023841858,1.850000023841858,1.850000023841858,255.0
2024-03-01 12:20:00,ELEV,4.769999980926514,4.769999980926514,4.769999980926514,4.769999980926514,4.769999980926514,110.0
2024-03-01 12:20:00,ENSG,123.36000061035156,123.36000061035156,123.36000061035156,123.36000061035156,123.36000061035156,216.0
2024-03-01 12:20:00,ENVB,1.5399999618530273,1.5399999618530273,1.5399999618530273,1.5398999452590942,1.5398999452590942,2150.0
2024-03-01 12:20:00,EQ,2.450000047683716,2.450000047683716,2.450000047683716,2.450000047683716,2.450000047683716,106.0
2024-03-01 12:20:00,ESPR,2.5450000762939453,2.5450000762939453,2.5450000762939453,2.5450000762939453,2.5450000762939453,1049.0
2024-03-01 12:20:00,ESTA,45.999900817871094,45.999900817871094,45.999900817871094,45.95989990234375,45.95989990234375,507.0
2024-03-01 12:20:00,ETNB,13.140000343322754,13.140000343322754,13.149999618530273,13.130000114440918,13.140000343322754,2511.0
2024-03-01 12:20:00,EVGN,0.964900016784668,0.964900016784668,0.964900016784668,0.9624999761581421,0.9624999761581421,2560.0
2024-03-01 12:20:00,EWTX,17.010000228881836,17.010000228881836,17.010000228881836,17.010000228881836,17.010000228881836,287.0
2024-03-01 12:20:00,EXAI,6.820000171661377,6.820000171661377,6.820000171661377,6.804999828338623,6.809999942779541,2753.0
2024-03-01 12:20:00,EXAS,60.18000030517578,60.18000030517578,60.18000030517578,60.04999923706055,60.04999923706055,4634.0
2024-03-01 12:20:00,EXEL,22.530000686645508,22.530000686645508,22.540000915527344,22.530000686645508,22.539199829101562,24839.0
2024-03-01 12:20:00,FATE,7.420000076293945,7.420000076293945,7.420000076293945,7.414999961853027,7.414999961853027,3160.0
2024-03-01 12:20:00,FDMT,29.270000457763672,29.270000457763672,29.270000457763672,29.270000457763672,29.270000457763672,237.0
2024-03-01 12:20:00,FEMY,1.7120000123977661,1.7120000123977661,1.7120000123977661,1.7120000123977661,1.7120000123977661,759.0
2024-03-01 12:20:00,FGEN,1.850000023841858,1.850000023841858,1.850000023841858,1.840000033378601,1.840000033378601,3153.0
2024-03-01 12:20:00,FHTX,8.135000228881836,8.135000228881836,8.135000228881836,8.119999885559082,8.119999885559082,626.0
2024-03-01 12:20:00,FOLD,13.324999809265137,13.324999809265137,13.329999923706055,13.324999809265137,13.324999809265137,481.0
2024-03-01 12:20:00,FULC,10.925000190734863,10.925000190734863,10.925000190734863,10.925000190734863,10.925000190734863,135.0
2024-03-01 12:20:00,FUSN,12.295000076293945,12.295000076293945,12.300000190734863,12.295000076293945,12.300000190734863,200.0
2024-03-01 12:20:00,GBIO,2.6524999141693115,2.6524999141693115,2.6524999141693115,2.6524999141693115,2.6524999141693115,301.0
2024-03-01 12:20:00,GDRX,8.34000015258789,8.34000015258789,8.345000267028809,8.34000015258789,8.340100288391113,2923.0
2024-03-01 12:20:00,GERN,2.200000047683716,2.200000047683716,2.200000047683716,2.190000057220459,2.190000057220459,5583.0
2024-03-01 12:20:00,GH,19.209999084472656,19.209999084472656,19.229999542236328,19.209999084472656,19.219999313354492,2349.0
2024-03-01 12:20:00,GILD,72.33499908447266,72.33499908447266,72.33999633789062,72.28500366210938,72.28500366210938,6878.0
2024-03-01 12:20:00,GLYC,3.049999952316284,3.049999952316284,3.055000066757202,3.049999952316284,3.055000066757202,3943.0
2024-03-01 12:20:00,GMAB,29.40999984741211,29.40999984741211,29.40999984741211,29.389999389648438,29.389999389648438,1601.0
2024-03-01 12:20:00,GMDA,0.38679999113082886,0.38679999113082886,0.38679999113082886,0.38679999113082886,0.38679999113082886,147.0
2024-03-01 12:20:00,GOSS,1.3600000143051147,1.3600000143051147,1.3650000095367432,1.3600000143051147,1.3650000095367432,1222.0
2024-03-01 12:20:00,GRFS,7.065000057220459,7.065000057220459,7.069900035858154,7.065000057220459,7.065000057220459,3852.0
2024-03-01 12:20:00,GRTS,2.1549999713897705,2.1549999713897705,2.1600000858306885,2.140000104904175,2.140000104904175,16474.0
2024-03-01 12:20:00,GRTX,0.23639999330043793,0.23639999330043793,0.23639999330043793,0.23639999330043793,0.23639999330043793,401.0
2024-03-01 12:20:00,GTHX,3.640000104904175,3.640000104904175,3.640000104904175,3.634999990463257,3.634999990463257,749.0
2024-03-01 12:20:00,HALO,41.7599983215332,41.7599983215332,41.84000015258789,41.7599983215332,41.84000015258789,9254.0
2024-03-01 12:20:00,HARP,22.950000762939453,22.950000762939453,22.950000762939453,22.950000762939453,22.950000762939453,431.0
2024-03-01 12:20:00,HCAT,8.055000305175781,8.055000305175781,8.055000305175781,8.050000190734863,8.050000190734863,1249.0
2024-03-01 12:20:00,HCTI,2.4100000858306885,2.4100000858306885,2.4100000858306885,2.4100000858306885,2.4100000858306885,622.0
2024-03-01 12:20:00,HLTH,0.27000001072883606,0.27000001072883606,0.27000001072883606,0.27000001072883606,0.27000001072883606,1052.0
2024-03-01 12:20:00,HLVX,18.739999771118164,18.739999771118164,18.739999771118164,18.739999771118164,18.739999771118164,2002.0
2024-03-01 12:20:00,HOLX,73.75,73.75,73.75,73.7249984741211,73.7249984741211,2007.0
2024-03-01 12:20:00,HOOK,0.7900000214576721,0.7900000214576721,0.7900000214576721,0.7900000214576721,0.7900000214576721,1002.0
2024-03-01 12:20:00,HOWL,6.960000038146973,6.960000038146973,6.96999979019165,6.960000038146973,6.96999979019165,1114.0
2024-03-01 12:20:00,HQY,81.83999633789062,81.83999633789062,81.83999633789062,81.81999969482422,81.81999969482422,1699.0
2024-03-01 12:20:00,HROW,10.909899711608887,10.909899711608887,10.909899711608887,10.909899711608887,10.909899711608887,1097.0
2024-03-01 12:20:00,HSIC,76.95500183105469,76.95500183105469,77.0199966430664,76.94010162353516,76.98500061035156,2793.0
2024-03-01 12:20:00,HUMA,3.444999933242798,3.444999933242798,3.450000047683716,3.4400999546051025,3.444999933242798,5440.0
2024-03-01 12:20:00,IART,36.650001525878906,36.650001525878906,36.650001525878906,36.630001068115234,36.630001068115234,1317.0
2024-03-01 12:20:00,IBRX,4.920000076293945,4.920000076293945,4.920000076293945,4.909999847412109,4.909999847412109,2490.0
2024-03-01 12:20:00,ICLR,323.0400085449219,323.0400085449219,323.0400085449219,323.0400085449219,323.0400085449219,461.0
2024-03-01 12:20:00,ICUI,105.45999908447266,105.45999908447266,105.45999908447266,105.41999816894531,105.41999816894531,974.0
2024-03-01 12:20:00,IDXX,579.719970703125,579.719970703125,580.7999877929688,579.719970703125,580.7999877929688,3770.0
2024-03-01 12:20:00,IFRX,1.8650000095367432,1.8650000095367432,1.8650000095367432,1.8650000095367432,1.8650000095367432,3216.0
2024-03-01 12:20:00,ILMN,142.3000030517578,142.3000030517578,142.3000030517578,142.25,142.25,2040.0
2024-03-01 12:20:00,IMNM,25.875,25.875,25.899999618530273,25.867599487304688,25.899999618530273,1666.0
2024-03-01 12:20:00,IMTX,12.970000267028809,12.970000267028809,12.970000267028809,12.970000267028809,12.970000267028809,214.0
2024-03-01 12:20:00,IMUX,1.4900000095367432,1.4900000095367432,1.4900000095367432,1.4900000095367432,1.4900000095367432,749.0
2024-03-01 12:20:00,IMVT,36.45000076293945,36.45000076293945,36.5099983215332,36.45000076293945,36.474998474121094,777.0
2024-03-01 12:20:00,INCY,59.20000076293945,59.20000076293945,59.2599983215332,59.20000076293945,59.2599983215332,2103.0
2024-03-01 12:20:00,INGN,6.889999866485596,6.889999866485596,6.889999866485596,6.860000133514404,6.860000133514404,4187.0
2024-03-01 12:20:00,INMD,22.84000015258789,22.84000015258789,22.844999313354492,22.834999084472656,22.84000015258789,1711.0
2024-03-01 12:20:00,INSM,28.5,28.5,28.5,28.469999313354492,28.479999542236328,1764.0
2024-03-01 12:20:00,INVA,15.595000267028809,15.595000267028809,15.600000381469727,15.585000038146973,15.585000038146973,3099.0
2024-03-01 12:20:00,INZY,6.710400104522705,6.710400104522705,6.724999904632568,6.688000202178955,6.688000202178955,8475.0
2024-03-01 12:20:00,IONS,45.974998474121094,45.974998474121094,45.9900016784668,45.970001220703125,45.9900016784668,2777.0
2024-03-01 12:20:00,IOVA,16.875,16.875,16.890100479125977,16.83989906311035,16.83989906311035,36353.0
2024-03-01 12:20:00,IRIX,2.630000114440918,2.630000114440918,2.630000114440918,2.630000114440918,2.630000114440918,100.0
2024-03-01 12:20:00,IRWD,9.104999542236328,9.104999542236328,9.109999656677246,9.100000381469727,9.104999542236328,3714.0
2024-03-01 12:20:00,ISRG,395.7099914550781,395.7099914550781,395.80999755859375,395.7099914550781,395.80999755859375,1022.0
2024-03-01 12:20:00,ITOS,10.765000343322754,10.765000343322754,10.765000343322754,10.765000343322754,10.765000343322754,320.0
2024-03-01 12:20:00,JAGX,0.0737999975681305,0.0737999975681305,0.07400000095367432,0.07320000231266022,0.0737999975681305,115207.0
2024-03-01 12:20:00,JANX,47.150001525878906,47.150001525878906,47.220001220703125,47.029998779296875,47.20000076293945,2266.0
2024-03-01 12:20:00,JAZZ,119.41000366210938,119.41000366210938,119.47000122070312,119.3499984741211,119.36000061035156,3055.0
2024-03-01 12:20:00,KALV,14.045000076293945,14.045000076293945,14.045000076293945,14.039999961853027,14.039999961853027,407.0
2024-03-01 12:20:00,KOD,6.159999847412109,6.159999847412109,6.159999847412109,6.159999847412109,6.159999847412109,125.0
2024-03-01 12:20:00,KPTI,1.2000000476837158,1.2000000476837158,1.2000000476837158,1.2000000476837158,1.2000000476837158,1905.0
2024-03-01 12:20:00,KROS,70.97830200195312,70.97830200195312,70.98500061035156,70.84500122070312,70.98500061035156,1329.0
2024-03-01 12:20:00,KRYS,167.67999267578125,167.67999267578125,167.67999267578125,167.67999267578125,167.67999267578125,592.0
2024-03-01 12:20:00,KTRA,0.09610000252723694,0.09610000252723694,0.09610000252723694,0.09605000168085098,0.09610000252723694,33699.0
2024-03-01 12:20:00,KURA,21.25,21.25,21.280000686645508,21.229999542236328,21.280000686645508,3235.0
2024-03-01 12:20:00,KYMR,44.08000183105469,44.08000183105469,44.189998626708984,44.08000183105469,44.1349983215332,1006.0
2024-03-01 12:20:00,KZR,1.0850000381469727,1.0850000381469727,1.0850000381469727,1.0850000381469727,1.0850000381469727,127.0
2024-03-01 12:20:00,LAB,2.494999885559082,2.494999885559082,2.5,2.494999885559082,2.5,2462.0
2024-03-01 12:20:00,LEXX,2.758500099182129,2.758500099182129,2.758500099182129,2.758500099182129,2.758500099182129,100.0
2024-03-01 12:20:00,LFMD,8.0,8.0,8.010000228881836,8.0,8.0,719.0
2024-03-01 12:20:00,LFST,7.934999942779541,7.934999942779541,7.934999942779541,7.934999942779541,7.934999942779541,608.0
2024-03-01 12:20:00,LIAN,4.855000019073486,4.855000019073486,4.860000133514404,4.855000019073486,4.860000133514404,2390.0
2024-03-01 12:20:00,LIFE,1.934999942779541,1.934999942779541,1.934999942779541,1.934999942779541,1.934999942779541,200.0
2024-03-01 12:20:00,LMAT,67.16500091552734,67.16500091552734,67.16500091552734,66.9800033569336,66.9800033569336,1630.0
2024-03-01 12:20:00,LNTH,65.66999816894531,65.66999816894531,65.68000030517578,65.66999816894531,65.67500305175781,412.0
2024-03-01 12:20:00,LVTX,3.0799999237060547,3.0799999237060547,3.0799999237060547,3.049999952316284,3.0739998817443848,2115.0
2024-03-01 12:20:00,LYEL,3.140000104904175,3.140000104904175,3.180000066757202,3.134999990463257,3.174999952316284,50964.0
2024-03-01 12:20:00,MASI,128.72000122070312,128.72000122070312,128.72000122070312,128.72000122070312,128.72000122070312,376.0
2024-03-01 12:20:00,MASS,7.380000114440918,7.380000114440918,7.380000114440918,7.380000114440918,7.380000114440918,466.0
2024-03-01 12:20:00,MCRB,1.1950000524520874,1.1950000524520874,1.1950000524520874,1.190000057220459,1.190000057220459,1100.0
2024-03-01 12:20:00,MDGL,247.0,247.0,247.39999389648438,247.0,247.0,2833.0
2024-03-01 12:20:00,MDRX,6.0,6.0,6.050000190734863,6.0,6.0,142928.0
2024-03-01 12:20:00,MDXG,8.600000381469727,8.600000381469727,8.600000381469727,8.550000190734863,8.550000190734863,41809.0
2024-03-01 12:20:00,ME,0.5702000260353088,0.5702000260353088,0.5727499723434448,0.570110023021698,0.5727499723434448,45369.0
2024-03-01 12:20:00,MGTX,6.385000228881836,6.385000228881836,6.385000228881836,6.349999904632568,6.349999904632568,6270.0
2024-03-01 12:20:00,MIRM,29.94499969482422,29.94499969482422,29.94499969482422,29.94499969482422,29.94499969482422,105.0
2024-03-01 12:20:00,MLTX,51.60499954223633,51.60499954223633,51.60499954223633,51.60499954223633,51.60499954223633,226.0
2024-03-01 12:20:00,MMSI,76.88999938964844,76.88999938964844,76.94000244140625,76.88999938964844,76.93000030517578,2806.0
2024-03-01 12:20:00,MNKD,4.579999923706055,4.579999923706055,4.579999923706055,4.574999809265137,4.574999809265137,39537.0
2024-03-01 12:20:00,MNMD,6.199999809265137,6.199999809265137,6.21999979019165,6.15500020980835,6.15500020980835,21210.0
2024-03-01 12:20:00,MODD,1.9199999570846558,1.9199999570846558,1.9199999570846558,1.9199999570846558,1.9199999570846558,300.0
2024-03-01 12:20:00,MODV,28.084999084472656,28.084999084472656,28.084999084472656,28.084999084472656,28.084999084472656,568.0
2024-03-01 12:20:00,MOR,17.579999923706055,17.579999923706055,17.59000015258789,17.579999923706055,17.584999084472656,651.0
2024-03-01 12:20:00,MOVE,0.588100016117096,0.588100016117096,0.588100016117096,0.588100016117096,0.588100016117096,213.0
2024-03-01 12:20:00,MREO,3.858599901199341,3.858599901199341,3.858599901199341,3.8550000190734863,3.8550000190734863,3215.0
2024-03-01 12:20:00,MRNA,96.30000305175781,96.30000305175781,96.33499908447266,96.30000305175781,96.33499908447266,1256.0
2024-03-01 12:20:00,MRNS,10.0,10.0,10.0,10.0,10.0,261.0
2024-03-01 12:20:00,MRSN,5.945000171661377,5.945000171661377,5.945000171661377,5.929999828338623,5.929999828338623,1802.0
2024-03-01 12:20:00,MRUS,51.45500183105469,51.45500183105469,51.45500183105469,51.45500183105469,51.45500183105469,119.0
2024-03-01 12:20:00,MRVI,7.860000133514404,7.860000133514404,7.860000133514404,7.855000019073486,7.855000019073486,504.0
2024-03-01 12:20:00,MXCT,4.78000020980835,4.78000020980835,4.78000020980835,4.760000228881836,4.760000228881836,1241.0
2024-03-01 12:20:00,NARI,46.02000045776367,46.02000045776367,46.08000183105469,46.0099983215332,46.05759811401367,4323.0
2024-03-01 12:20:00,NBIX,131.24000549316406,131.24000549316406,131.24000549316406,131.16000366210938,131.22000122070312,2490.0
2024-03-01 12:20:00,NDRA,1.159600019454956,1.159600019454956,1.159600019454956,1.149999976158142,1.149999976158142,1000.0
2024-03-01 12:20:00,NEO,16.104999542236328,16.104999542236328,16.104999542236328,16.100000381469727,16.104999542236328,705.0
2024-03-01 12:20:00,NEOG,17.395000457763672,17.395000457763672,17.395000457763672,17.385000228881836,17.389999389648438,942.0
2024-03-01 12:20:00,NERV,2.5450000762939453,2.5450000762939453,2.5450000762939453,2.5450000762939453,2.5450000762939453,126.0
2024-03-01 12:20:00,NGM,1.5299999713897705,1.5299999713897705,1.5299999713897705,1.5299999713897705,1.5299999713897705,730.0
2024-03-01 12:20:00,NKTR,0.7782760262489319,0.7782760262489319,0.7799000144004822,0.7774999737739563,0.7799000144004822,8101.0
2024-03-01 12:20:00,NKTX,12.9399995803833,12.9399995803833,12.9399995803833,12.930000305175781,12.930000305175781,1503.0
2024-03-01 12:20:00,NNOX,11.207500457763672,11.207500457763672,11.20989990234375,11.180000305175781,11.180000305175781,4299.0
2024-03-01 12:20:00,NOTV,8.109999656677246,8.109999656677246,8.130000114440918,8.079999923706055,8.079999923706055,4375.0
2024-03-01 12:20:00,NPCE,16.489999771118164,16.489999771118164,16.489999771118164,16.489999771118164,16.489999771118164,126.0
2024-03-01 12:20:00,NRBO,5.949999809265137,5.949999809265137,6.0,5.949999809265137,5.949999809265137,1123.0
2024-03-01 12:20:00,NRIX,13.515000343322754,13.515000343322754,13.545000076293945,13.515000343322754,13.529999732971191,2713.0
2024-03-01 12:20:00,NRSN,2.1157000064849854,2.1157000064849854,2.140000104904175,2.109999895095825,2.109999895095825,17532.0
2024-03-01 12:20:00,NRXP,0.4198000133037567,0.4198000133037567,0.4198000133037567,0.4104500114917755,0.4104500114917755,1613.0
2024-03-01 12:20:00,NTLA,33.525001525878906,33.525001525878906,33.540000915527344,33.5,33.5,4346.0
2024-03-01 12:20:00,NTRA,88.99310302734375,88.99310302734375,88.99310302734375,88.97000122070312,88.97000122070312,674.0
2024-03-01 12:20:00,NVAX,5.145999908447266,5.145999908447266,5.150000095367432,5.139999866485596,5.140900135040283,5747.0
2024-03-01 12:20:00,NXTC,1.7699999809265137,1.7699999809265137,1.7999999523162842,1.7699999809265137,1.7999999523162842,2706.0
2024-03-01 12:20:00,OCGN,0.9361910223960876,0.9361910223960876,0.9361910223960876,0.9361910223960876,0.9361910223960876,132.0
2024-03-01 12:20:00,OCUL,10.75,10.75,10.755499839782715,10.75,10.755499839782715,2462.0
2024-03-01 12:20:00,OFIX,12.930000305175781,12.930000305175781,12.930000305175781,12.920000076293945,12.920000076293945,516.0
2024-03-01 12:20:00,OGI,2.184999942779541,2.184999942779541,2.184999942779541,2.184999942779541,2.184999942779541,263.0
2024-03-01 12:20:00,OLMA,14.039999961853027,14.039999961853027,14.100000381469727,14.039999961853027,14.100000381469727,1273.0
2024-03-01 12:20:00,OM,3.1524999141693115,3.1524999141693115,3.1524999141693115,3.1524999141693115,3.1524999141693115,103.0
2024-03-01 12:20:00,OMCL,26.559999465942383,26.559999465942383,26.559999465942383,26.540000915527344,26.540000915527344,1117.0
2024-03-01 12:20:00,OMER,4.75,4.75,4.760000228881836,4.75,4.760000228881836,2959.0
2024-03-01 12:20:00,OMIC,0.5950999855995178,0.5950999855995178,0.5950999855995178,0.5950999855995178,0.5950999855995178,489.0
2024-03-01 12:21:00,ABCL,5.215000152587891,5.215000152587891,5.215000152587891,5.215000152587891,5.215000152587891,687.0
2024-03-01 12:21:00,ABEO,7.809999942779541,7.809999942779541,7.809999942779541,7.795000076293945,7.795000076293945,329.0
2024-03-01 12:21:00,ABOS,4.650000095367432,4.650000095367432,4.650000095367432,4.644999980926514,4.650000095367432,2306.0
2024-03-01 12:21:00,ABSI,5.255000114440918,5.255000114440918,5.255000114440918,5.254000186920166,5.254000186920166,763.0
2024-03-01 12:21:00,ACAD,24.110000610351562,24.110000610351562,24.114999771118164,24.049999237060547,24.059999465942383,6916.0
2024-03-01 12:21:00,ACB,3.180000066757202,3.180000066757202,3.180000066757202,3.180000066757202,3.180000066757202,152.0
2024-03-01 12:21:00,ACCD,10.234999656677246,10.234999656677246,10.239999771118164,10.234999656677246,10.239999771118164,1118.0
2024-03-01 12:21:00,ACET,2.3949999809265137,2.3949999809265137,2.4000000953674316,2.3949999809265137,2.3949999809265137,650.0
2024-03-01 12:21:00,ACHC,84.24500274658203,84.24500274658203,84.26000213623047,84.22000122070312,84.26000213623047,1384.0
2024-03-01 12:21:00,ACHL,1.340000033378601,1.340000033378601,1.340000033378601,1.340000033378601,1.340000033378601,1000.0
2024-03-01 12:21:00,ACIU,3.79010009765625,3.79010009765625,3.794800043106079,3.79010009765625,3.794800043106079,1300.0
2024-03-01 12:21:00,ACLX,67.36669921875,67.36669921875,67.42500305175781,67.36669921875,67.42500305175781,641.0
2024-03-01 12:21:00,ACON,0.387800008058548,0.387800008058548,0.39100000262260437,0.387800008058548,0.39100000262260437,4057.0
2024-03-01 12:21:00,ACRS,1.2400000095367432,1.2400000095367432,1.2400000095367432,1.2350000143051147,1.2400000095367432,2057.0
2024-03-01 12:21:00,ADIL,3.130000114440918,3.130000114440918,3.130000114440918,3.109999895095825,3.119999885559082,16165.0
2024-03-01 12:21:00,ADMA,5.394999980926514,5.394999980926514,5.394999980926514,5.3902997970581055,5.393700122833252,4755.0
2024-03-01 12:21:00,ADPT,4.195000171661377,4.195000171661377,4.195000171661377,4.195000171661377,4.195000171661377,628.0
2024-03-01 12:21:00,ADVM,1.9700000286102295,1.9700000286102295,1.9700000286102295,1.9700000286102295,1.9700000286102295,2577.0
2024-03-01 12:21:00,AGEN,0.6738749742507935,0.6738749742507935,0.6738749742507935,0.673799991607666,0.6738499999046326,3201.0
2024-03-01 12:21:00,AGIO,32.81999969482422,32.81999969482422,32.84000015258789,32.810001373291016,32.810001373291016,710.0
2024-03-01 12:21:00,AHCO,10.8149995803833,10.8149995803833,10.829999923706055,10.8149995803833,10.829999923706055,2263.0
2024-03-01 12:21:00,AIH,0.5095000267028809,0.5095000267028809,0.5095000267028809,0.5095000267028809,0.5095000267028809,1277.0
2024-03-01 12:21:00,AIRS,6.550000190734863,6.550000190734863,6.550000190734863,6.550000190734863,6.550000190734863,101.0
2024-03-01 12:21:00,AKAN,0.2370000034570694,0.2370000034570694,0.2371000051498413,0.2370000034570694,0.2371000051498413,2554.0
2024-03-01 12:21:00,AKBA,1.690000057220459,1.690000057220459,1.690000057220459,1.681399941444397,1.690000057220459,46924.0
2024-03-01 12:21:00,AKRO,30.43000030517578,30.43000030517578,30.43000030517578,30.3799991607666,30.424999237060547,1488.0
2024-03-01 12:21:00,ALDX,4.139999866485596,4.139999866485596,4.141200065612793,4.139999866485596,4.139999866485596,2877.0
2024-03-01 12:21:00,ALEC,7.360000133514404,7.360000133514404,7.409999847412109,7.360000133514404,7.409999847412109,2242.0
2024-03-01 12:21:00,ALGN,303.614990234375,303.614990234375,303.614990234375,303.5199890136719,303.5199890136719,1416.0
2024-03-01 12:21:00,ALGS,1.100000023841858,1.100000023841858,1.1098999977111816,1.100000023841858,1.100000023841858,3909.0
2024-03-01 12:21:00,ALHC,5.730000019073486,5.730000019073486,5.740099906921387,5.71999979019165,5.739999771118164,8441.0
2024-03-01 12:21:00,ALKS,30.15999984741211,30.15999984741211,30.184999465942383,30.15999984741211,30.184999465942383,1129.0
2024-03-01 12:21:00,ALLK,1.6074999570846558,1.6074999570846558,1.6074999570846558,1.6050000190734863,1.6050000190734863,360.0
2024-03-01 12:21:00,ALLO,5.050000190734863,5.050000190734863,5.050000190734863,5.050000190734863,5.050000190734863,1056.0
2024-03-01 12:21:00,ALNY,154.25,154.25,154.25,154.1750030517578,154.1750030517578,418.0
2024-03-01 12:21:00,ALT,12.013699531555176,12.013699531555176,12.0600004196167,12.013699531555176,12.0600004196167,5670.0
2024-03-01 12:21:00,ALVR,0.7556999921798706,0.7556999921798706,0.7556999921798706,0.7556999921798706,0.7556999921798706,197.0
2024-03-01 12:21:00,ALXO,15.104999542236328,15.104999542236328,15.104999542236328,15.079999923706055,15.079999923706055,803.0
2024-03-01 12:21:00,AMED,93.1500015258789,93.1500015258789,93.22000122070312,93.1500015258789,93.22000122070312,334.0
2024-03-01 12:21:00,AMGN,281.5299987792969,281.5299987792969,281.7799987792969,281.5299987792969,281.7699890136719,4039.0
2024-03-01 12:21:00,AMLX,18.799999237060547,18.799999237060547,18.81999969482422,18.790000915527344,18.81999969482422,4498.0
2024-03-01 12:21:00,AMPH,45.45000076293945,45.45000076293945,45.459999084472656,45.45000076293945,45.45000076293945,767.0
2024-03-01 12:21:00,AMRN,1.0499999523162842,1.0499999523162842,1.0499999523162842,1.0499999523162842,1.0499999523162842,809.0
2024-03-01 12:21:00,ANGO,5.510000228881836,5.510000228881836,5.510000228881836,5.510000228881836,5.510000228881836,858.0
2024-03-01 12:21:00,ANIP,66.0,66.0,66.0,66.0,66.0,100.0
2024-03-01 12:21:00,ANNX,5.96999979019165,5.96999979019165,5.989299774169922,5.96999979019165,5.989299774169922,2850.0
2024-03-01 12:21:00,ANTX,3.0199999809265137,3.0199999809265137,3.0299999713897705,3.0199999809265137,3.0299999713897705,709.0
2024-03-01 12:21:00,APLS,65.05999755859375,65.05999755859375,65.16999816894531,65.04000091552734,65.16999816894531,1859.0
2024-03-01 12:21:00,APLT,7.050000190734863,7.050000190734863,7.079999923706055,7.03000020980835,7.070000171661377,5151.0
2024-03-01 12:21:00,AQST,4.322299957275391,4.322299957275391,4.329999923706055,4.322299957275391,4.329899787902832,4902.0
2024-03-01 12:21:00,ARDX,9.664999961853027,9.664999961853027,9.675000190734863,9.664999961853027,9.675000190734863,6492.0
2024-03-01 12:21:00,ARQT,11.600000381469727,11.600000381469727,11.640000343322754,11.579999923706055,11.640000343322754,4841.0
2024-03-01 12:21:00,ARVN,49.36000061035156,49.36000061035156,49.36000061035156,49.29999923706055,49.29999923706055,369.0
2024-03-01 12:21:00,ARWR,35.85900115966797,35.85900115966797,35.86000061035156,35.73500061035156,35.768798828125,4721.0
2024-03-01 12:21:00,ASND,150.39500427246094,150.39500427246094,150.39999389648438,150.39500427246094,150.39999389648438,404.0
2024-03-01 12:21:00,ASRT,0.9348999857902527,0.9348999857902527,0.9348999857902527,0.9348999857902527,0.9348999857902527,517.0
2024-03-01 12:21:00,ATAI,2.0999999046325684,2.0999999046325684,2.1012001037597656,2.0999999046325684,2.0999999046325684,1008.0
2024-03-01 12:21:00,ATEC,13.550000190734863,13.550000190734863,13.5649995803833,13.550000190734863,13.5600004196167,2503.0
2024-03-01 12:21:00,ATHA,3.9749999046325684,3.9749999046325684,3.9800000190734863,3.9749999046325684,3.9800000190734863,1489.0
2024-03-01 12:21:00,ATOS,1.000599980354309,1.000599980354309,1.000599980354309,1.000599980354309,1.000599980354309,5010.0
2024-03-01 12:21:00,ATRA,0.7900000214576721,0.7900000214576721,0.7900000214576721,0.7900000214576721,0.7900000214576721,677.0
2024-03-01 12:21:00,ATRC,36.02000045776367,36.02000045776367,36.02000045776367,36.02000045776367,36.02000045776367,100.0
2024-03-01 12:21:00,AUPH,5.864999771118164,5.864999771118164,5.864999771118164,5.864999771118164,5.864999771118164,818.0
2024-03-01 12:21:00,AUTL,6.335000038146973,6.335000038146973,6.340000152587891,6.329999923706055,6.340000152587891,677.0
2024-03-01 12:21:00,AVDL,12.914999961853027,12.914999961853027,12.914999961853027,12.914999961853027,12.914999961853027,200.0
2024-03-01 12:21:00,AVRO,1.350000023841858,1.350000023841858,1.350000023841858,1.350000023841858,1.350000023841858,300.0
2024-03-01 12:21:00,AVXL,5.369999885559082,5.369999885559082,5.369999885559082,5.369999885559082,5.369999885559082,130.0
2024-03-01 12:21:00,AXNX,67.6500015258789,67.6500015258789,67.6500015258789,67.6500015258789,67.6500015258789,163.0
2024-03-01 12:21:00,AXSM,82.56999969482422,82.56999969482422,82.56999969482422,82.56999969482422,82.56999969482422,300.0
2024-03-01 12:21:00,AZN,64.76499938964844,64.76499938964844,64.80000305175781,64.76000213623047,64.80000305175781,8781.0
2024-03-01 12:21:00,AZTA,66.69499969482422,66.69499969482422,66.69499969482422,66.66500091552734,66.66500091552734,214.0
2024-03-01 12:21:00,BBIO,36.0099983215332,36.0099983215332,36.040000915527344,36.0099983215332,36.040000915527344,683.0
2024-03-01 12:21:00,BBLG,2.378999948501587,2.378999948501587,2.380000114440918,2.359999895095825,2.359999895095825,2060.0
2024-03-01 12:21:00,BCAB,2.734999895095825,2.734999895095825,2.734999895095825,2.734999895095825,2.734999895095825,138.0
2024-03-01 12:21:00,BCDA,0.5680500268936157,0.5680500268936157,0.5680500268936157,0.5680500268936157,0.5680500268936157,4220.0
2024-03-01 12:21:00,BCRX,5.769999980926514,5.769999980926514,5.78000020980835,5.769999980926514,5.779900074005127,5417.0
2024-03-01 12:21:00,BDTX,5.025000095367432,5.025000095367432,5.050000190734863,5.025000095367432,5.050000190734863,1884.0
2024-03-01 12:21:00,BEAM,40.05500030517578,40.05500030517578,40.099998474121094,40.05500030517578,40.09000015258789,1845.0
2024-03-01 12:21:00,BGXX,0.26989999413490295,0.26989999413490295,0.26989999413490295,0.26829999685287476,0.26829999685287476,3728.0
2024-03-01 12:21:00,BIIB,220.60000610351562,220.60000610351562,220.60000610351562,220.60000610351562,220.60000610351562,997.0
2024-03-01 12:21:00,BIOL,0.1371999979019165,0.1371999979019165,0.1371999979019165,0.1371999979019165,0.1371999979019165,345.0
2024-03-01 12:21:00,BIOR,1.2050000429153442,1.2050000429153442,1.2050000429153442,1.2050000429153442,1.2050000429153442,207.0
2024-03-01 12:21:00,BIVI,1.8300000429153442,1.8300000429153442,1.840000033378601,1.7799999713897705,1.784999966621399,148489.0
2024-03-01 12:21:00,BLUE,1.600000023841858,1.600000023841858,1.600000023841858,1.5924999713897705,1.600000023841858,2215.0
2024-03-01 12:21:00,BMEA,18.014999389648438,18.014999389648438,18.014999389648438,18.014999389648438,18.014999389648438,280.0
2024-03-01 12:21:00,BMRN,87.01499938964844,87.01499938964844,87.0199966430664,87.0,87.0199966430664,1770.0
2024-03-01 12:21:00,BNR,0.8299999833106995,0.8299999833106995,0.8299999833106995,0.8299999833106995,0.8299999833106995,300.0
2024-03-01 12:21:00,BPMC,97.83999633789062,97.83999633789062,97.83999633789062,97.83999633789062,97.83999633789062,240.0
2024-03-01 12:21:00,BRKR,88.05999755859375,88.05999755859375,88.05999755859375,88.04000091552734,88.04000091552734,799.0
2024-03-01 12:21:00,BTTX,0.1746000051498413,0.1746000051498413,0.17499999701976776,0.17319999635219574,0.17319999635219574,21211.0
2024-03-01 12:21:00,BWAY,6.550000190734863,6.550000190734863,6.550000190734863,6.53000020980835,6.53000020980835,203.0
2024-03-01 12:21:00,BYSI,1.5198999643325806,1.5198999643325806,1.5198999643325806,1.5198999643325806,1.5198999643325806,440.0
2024-03-01 12:21:00,CABA,23.969999313354492,23.969999313354492,23.985000610351562,23.969999313354492,23.979999542236328,949.0
2024-03-01 12:21:00,CADL,1.7000000476837158,1.7000000476837158,1.7000000476837158,1.7000000476837158,1.7000000476837158,120.0
2024-03-01 12:21:00,CARA,0.8989999890327454,0.8989999890327454,0.8989999890327454,0.8902000188827515,0.894599974155426,4036.0
2024-03-01 12:21:00,CBAY,32.244998931884766,32.244998931884766,32.25,32.244998931884766,32.244998931884766,3736.0
2024-03-01 12:21:00,CCCC,10.864999771118164,10.864999771118164,10.864999771118164,10.86299991607666,10.86299991607666,332.0
2024-03-01 12:21:00,CDMO,8.130000114440918,8.130000114440918,8.130000114440918,8.130000114440918,8.130000114440918,100.0
2024-03-01 12:21:00,CDNA,12.510000228881836,12.510000228881836,12.569999694824219,12.510000228881836,12.569999694824219,3412.0
2024-03-01 12:21:00,CDTX,0.7245000004768372,0.7245000004768372,0.7245000004768372,0.7245000004768372,0.7245000004768372,100.0
2024-03-01 12:21:00,CDXS,4.539899826049805,4.539899826049805,4.539999961853027,4.539899826049805,4.539999961853027,430.0
2024-03-01 12:21:00,CELC,16.199499130249023,16.199499130249023,16.199499130249023,16.199499130249023,16.199499130249023,177.0
2024-03-01 12:21:00,CERE,41.11000061035156,41.11000061035156,41.11000061035156,41.10499954223633,41.10499954223633,953.0
2024-03-01 12:21:00,CERS,2.228100061416626,2.228100061416626,2.228100061416626,2.2200000286102295,2.2262001037597656,5703.0
2024-03-01 12:21:00,CERT,17.56999969482422,17.56999969482422,17.579999923706055,17.540000915527344,17.540000915527344,6151.0
2024-03-01 12:21:00,CGC,3.2750000953674316,3.2750000953674316,3.2750000953674316,3.265000104904175,3.2699999809265137,17533.0
2024-03-01 12:21:00,CGEM,19.010000228881836,19.010000228881836,19.010000228881836,19.010000228881836,19.010000228881836,220.0
2024-03-01 12:21:00,CGTX,2.009999990463257,2.009999990463257,2.049999952316284,2.009999990463257,2.0399999618530273,9958.0
2024-03-01 12:21:00,CHRS,2.369999885559082,2.369999885559082,2.375,2.369999885559082,2.369999885559082,5322.0
2024-03-01 12:21:00,CLDX,50.9900016784668,50.9900016784668,51.369998931884766,50.9900016784668,51.369998931884766,4338.0
2024-03-01 12:21:00,CLNN,0.38749998807907104,0.38749998807907104,0.38749998807907104,0.3862999975681305,0.3874000012874603,1300.0
2024-03-01 12:21:00,CLOV,0.8690000176429749,0.8690000176429749,0.869949996471405,0.8686100244522095,0.8693000078201294,25309.0
2024-03-01 12:21:00,CLPT,6.755000114440918,6.755000114440918,6.755000114440918,6.755000114440918,6.755000114440918,207.0
2024-03-01 12:21:00,CLRB,4.130000114440918,4.130000114440918,4.130000114440918,4.130000114440918,4.130000114440918,303.0
2024-03-01 12:21:00,CLSD,1.399999976158142,1.399999976158142,1.399999976158142,1.3949999809265137,1.3949999809265137,3828.0
2024-03-01 12:21:00,CMPS,11.449999809265137,11.449999809265137,11.449999809265137,11.430000305175781,11.430000305175781,1336.0
2024-03-01 12:21:00,CMPX,1.8650000095367432,1.8650000095367432,1.8650000095367432,1.8650000095367432,1.8650000095367432,1004.0
2024-03-01 12:21:00,CMRX,1.149999976158142,1.149999976158142,1.149999976158142,1.1399999856948853,1.1399999856948853,4647.0
2024-03-01 12:21:00,COGT,7.195000171661377,7.195000171661377,7.210000038146973,7.195000171661377,7.210000038146973,4465.0
2024-03-01 12:21:00,CORT,24.010000228881836,24.010000228881836,24.024999618530273,24.010000228881836,24.024999618530273,1534.0
2024-03-01 12:21:00,CPRX,17.135000228881836,17.135000228881836,17.15999984741211,17.110000610351562,17.15999984741211,6555.0
2024-03-01 12:21:00,CPSI,9.430000305175781,9.430000305175781,9.43690013885498,9.354999542236328,9.369999885559082,4134.0
2024-03-01 12:21:00,CRBP,32.040000915527344,32.040000915527344,32.040000915527344,32.040000915527344,32.040000915527344,226.0
2024-03-01 12:21:00,CRBU,7.994999885559082,7.994999885559082,8.0,7.994999885559082,8.0,1333.0
2024-03-01 12:21:00,CRDF,2.274199962615967,2.274199962615967,2.2899999618530273,2.2741000652313232,2.2850000858306885,6826.0
2024-03-01 12:21:00,CRON,2.055000066757202,2.055000066757202,2.055000066757202,2.055000066757202,2.055000066757202,267.0
2024-03-01 12:21:00,CRSP,85.3499984741211,85.3499984741211,85.37979888916016,85.3279037475586,85.37979888916016,1201.0
2024-03-01 12:21:00,CSTL,20.549999237060547,20.549999237060547,20.549999237060547,20.424999237060547,20.424999237060547,2071.0
2024-03-01 12:21:00,CTKB,8.640000343322754,8.640000343322754,8.640000343322754,8.630000114440918,8.630000114440918,1382.0
2024-03-01 12:21:00,CTMX,2.6700000762939453,2.6700000762939453,2.6700000762939453,2.6649999618530273,2.6700000762939453,1500.0
2024-03-01 12:21:00,CTSO,0.949999988079071,0.949999988079071,0.949999988079071,0.949999988079071,0.949999988079071,207.0
2024-03-01 12:21:00,CYCC,2.619999885559082,2.619999885559082,2.619999885559082,2.619999885559082,2.619999885559082,2002.0
2024-03-01 12:21:00,CYTK,73.94000244140625,73.94000244140625,73.94000244140625,73.8499984741211,73.9175033569336,1949.0
2024-03-01 12:21:00,CYTO,2.3203001022338867,2.3203001022338867,2.346100091934204,2.319999933242798,2.346100091934204,4312.0
2024-03-01 12:21:00,DAWN,17.510000228881836,17.510000228881836,17.520000457763672,17.510000228881836,17.520000457763672,528.0
2024-03-01 12:21:00,DCGO,4.1305999755859375,4.1305999755859375,4.1305999755859375,4.1305999755859375,4.1305999755859375,2653.0
2024-03-01 12:21:00,DCPH,17.5,17.5,17.5,17.450000762939453,17.46500015258789,3018.0
2024-03-01 12:21:00,DH,8.994999885559082,8.994999885559082,9.010000228881836,8.989999771118164,8.989999771118164,532.0
2024-03-01 12:21:00,DMTK,0.8676999807357788,0.8676999807357788,0.8676999807357788,0.8676000237464905,0.8676000237464905,1479.0
2024-03-01 12:21:00,DNLI,20.84000015258789,20.84000015258789,20.854999542236328,20.829999923706055,20.854999542236328,1412.0
2024-03-01 12:21:00,DRIO,1.9900000095367432,1.9900000095367432,1.9900000095367432,1.9850000143051147,1.9900000095367432,500.0
2024-03-01 12:21:00,DTIL,12.225000381469727,12.225000381469727,12.340700149536133,12.225000381469727,12.340700149536133,2178.0
2024-03-01 12:21:00,DVAX,12.854999542236328,12.854999542236328,12.859999656677246,12.854999542236328,12.859999656677246,2729.0
2024-03-01 12:21:00,DXCM,121.25499725341797,121.25499725341797,121.33999633789062,121.18000030517578,121.19999694824219,7550.0
2024-03-01 12:21:00,DYN,28.395000457763672,28.395000457763672,28.395000457763672,28.350000381469727,28.360000610351562,732.0
2024-03-01 12:21:00,EDIT,10.880000114440918,10.880000114440918,10.895000457763672,10.880000114440918,10.895000457763672,1768.0
2024-03-01 12:21:00,EGRX,6.739999771118164,6.739999771118164,6.739999771118164,6.730000019073486,6.739999771118164,1787.0
2024-03-01 12:21:00,ELEV,4.760000228881836,4.760000228881836,4.789999961853027,4.750100135803223,4.750100135803223,17635.0
2024-03-01 12:21:00,ENSC,0.9300000071525574,0.9300000071525574,0.9302480220794678,0.9300000071525574,0.9300000071525574,2624.0
2024-03-01 12:21:00,ENTA,15.289999961853027,15.289999961853027,15.289999961853027,15.289999961853027,15.289999961853027,107.0
2024-03-01 12:21:00,ENVB,1.5384000539779663,1.5384000539779663,1.5399999618530273,1.5299999713897705,1.5399999618530273,1000.0
2024-03-01 12:21:00,ERAS,2.5239999294281006,2.5239999294281006,2.5250000953674316,2.5239999294281006,2.5250000953674316,358.0
2024-03-01 12:21:00,ESPR,2.5450000762939453,2.5450000762939453,2.5450000762939453,2.5399999618530273,2.5399999618530273,1702.0
2024-03-01 12:21:00,ESTA,45.80500030517578,45.80500030517578,45.999900817871094,45.68000030517578,45.999900817871094,936.0
2024-03-01 12:21:00,ETNB,13.149999618530273,13.149999618530273,13.149999618530273,13.130000114440918,13.140000343322754,2669.0
2024-03-01 12:21:00,EWTX,17.011999130249023,17.011999130249023,17.011999130249023,17.010000228881836,17.010000228881836,433.0
2024-03-01 12:21:00,EXAS,60.209999084472656,60.209999084472656,60.209999084472656,60.16999816894531,60.189998626708984,4103.0
2024-03-01 12:21:00,EXEL,22.520000457763672,22.520000457763672,22.530000686645508,22.520000457763672,22.530000686645508,2155.0
2024-03-01 12:21:00,EYEN,2.344099998474121,2.344099998474121,2.3499999046325684,2.3389999866485596,2.3396999835968018,19331.0
2024-03-01 12:21:00,EYPT,27.90999984741211,27.90999984741211,27.90999984741211,27.899999618530273,27.90999984741211,1304.0
2024-03-01 12:21:00,FATE,7.429999828338623,7.429999828338623,7.429999828338623,7.40500020980835,7.420000076293945,3115.0
2024-03-01 12:21:00,FDMT,29.299999237060547,29.299999237060547,29.299999237060547,29.239999771118164,29.239999771118164,990.0
2024-03-01 12:21:00,FGEN,1.850000023841858,1.850000023841858,1.850000023841858,1.850000023841858,1.850000023841858,5707.0
2024-03-01 12:21:00,FOLD,13.3100004196167,13.3100004196167,13.324999809265137,13.3100004196167,13.324999809265137,3217.0
2024-03-01 12:21:00,FULC,10.90999984741211,10.90999984741211,10.920000076293945,10.90999984741211,10.920000076293945,1147.0
2024-03-01 12:21:00,FUSN,12.295000076293945,12.295000076293945,12.300000190734863,12.295000076293945,12.300000190734863,931.0
2024-03-01 12:21:00,GDRX,8.34000015258789,8.34000015258789,8.34000015258789,8.324999809265137,8.34000015258789,10009.0
2024-03-01 12:21:00,GERN,2.200000047683716,2.200000047683716,2.200000047683716,2.190000057220459,2.199899911880493,16489.0
2024-03-01 12:21:00,GH,19.209999084472656,19.209999084472656,19.209999084472656,19.209999084472656,19.209999084472656,239.0
2024-03-01 12:21:00,GILD,72.29499816894531,72.29499816894531,72.33000183105469,72.29000091552734,72.33000183105469,14102.0
2024-03-01 12:21:00,GLYC,3.049999952316284,3.049999952316284,3.049999952316284,3.0450000762939453,3.0450000762939453,1672.0
2024-03-01 12:21:00,GMAB,29.415000915527344,29.415000915527344,29.415000915527344,29.415000915527344,29.415000915527344,237.0
2024-03-01 12:21:00,GOSS,1.3600000143051147,1.3600000143051147,1.3695000410079956,1.3600000143051147,1.3695000410079956,1700.0
2024-03-01 12:21:00,GRFS,7.065000057220459,7.065000057220459,7.065000057220459,7.065000057220459,7.065000057220459,784.0
2024-03-01 12:21:00,GRTS,2.1649999618530273,2.1649999618530273,2.1700000762939453,2.1549999713897705,2.1549999713897705,6741.0
2024-03-01 12:21:00,GTHX,3.6500000953674316,3.6500000953674316,3.6500000953674316,3.6500000953674316,3.6500000953674316,671.0
2024-03-01 12:21:00,HALO,41.689998626708984,41.689998626708984,41.72999954223633,41.689998626708984,41.720001220703125,1319.0
2024-03-01 12:21:00,HARP,22.950000762939453,22.950000762939453,22.950000762939453,22.940000534057617,22.940000534057617,464.0
2024-03-01 12:21:00,HBIO,4.353799819946289,4.353799819946289,4.353799819946289,4.329999923706055,4.329999923706055,1656.0
2024-03-01 12:21:00,HCAT,8.050000190734863,8.050000190734863,8.055000305175781,8.050000190734863,8.055000305175781,1714.0
2024-03-01 12:21:00,HOLX,73.73999786376953,73.73999786376953,73.75,73.7300033569336,73.75,1294.0
2024-03-01 12:21:00,HQY,81.80000305175781,81.80000305175781,81.83000183105469,81.80000305175781,81.83000183105469,1480.0
2024-03-01 12:21:00,HRTX,2.6191000938415527,2.6191000938415527,2.619999885559082,2.609999895095825,2.615000009536743,1736.0
2024-03-01 12:21:00,HSIC,76.94999694824219,76.94999694824219,76.94999694824219,76.93000030517578,76.93000030517578,497.0
2024-03-01 12:21:00,HUMA,3.490000009536743,3.490000009536743,3.490000009536743,3.4400999546051025,3.444999933242798,27835.0
2024-03-01 12:21:00,IART,36.630001068115234,36.630001068115234,36.650001525878906,36.630001068115234,36.650001525878906,1266.0
2024-03-01 12:21:00,IBRX,4.889999866485596,4.889999866485596,4.920000076293945,4.889999866485596,4.914999961853027,25237.0
2024-03-01 12:21:00,IDYA,46.400001525878906,46.400001525878906,46.400001525878906,46.400001525878906,46.400001525878906,115.0
2024-03-01 12:21:00,IFRX,1.8650000095367432,1.8650000095367432,1.8700000047683716,1.8650000095367432,1.8650000095367432,4211.0
2024-03-01 12:21:00,ILMN,142.22999572753906,142.22999572753906,142.28500366210938,142.22999572753906,142.28500366210938,1084.0
2024-03-01 12:21:00,IMCR,67.97000122070312,67.97000122070312,68.04000091552734,67.87999725341797,68.04000091552734,1725.0
2024-03-01 12:21:00,IMMX,3.5399999618530273,3.5399999618530273,3.5399999618530273,3.5399999618530273,3.5399999618530273,104.0
2024-03-01 12:21:00,IMNM,25.8799991607666,25.8799991607666,25.899999618530273,25.8799991607666,25.899999618530273,460.0
2024-03-01 12:21:00,IMTX,12.970000267028809,12.970000267028809,12.970000267028809,12.970000267028809,12.970000267028809,100.0
2024-03-01 12:21:00,IMUX,1.4900000095367432,1.4900000095367432,1.4900000095367432,1.4900000095367432,1.4900000095367432,216.0
2024-03-01 12:21:00,IMVT,36.45000076293945,36.45000076293945,36.47999954223633,36.45000076293945,36.45000076293945,676.0
2024-03-01 12:21:00,INCY,59.14149856567383,59.14149856567383,59.150001525878906,59.130001068115234,59.150001525878906,1575.0
2024-03-01 12:21:00,INGN,6.880000114440918,6.880000114440918,6.880000114440918,6.880000114440918,6.880000114440918,585.0
2024-03-01 12:21:00,INMD,22.864999771118164,22.864999771118164,22.864999771118164,22.84000015258789,22.844999313354492,3356.0
2024-03-01 12:21:00,INO,9.329999923706055,9.329999923706055,9.34000015258789,9.329999923706055,9.329999923706055,1140.0
2024-03-01 12:21:00,INSM,28.479999542236328,28.479999542236328,28.489999771118164,28.479999542236328,28.489999771118164,659.0
2024-03-01 12:21:00,INVA,15.5600004196167,15.5600004196167,15.59000015258789,15.5600004196167,15.59000015258789,2240.0
2024-03-01 12:21:00,INZY,6.710000038146973,6.710000038146973,6.710000038146973,6.690000057220459,6.699999809265137,8731.0
2024-03-01 12:21:00,IOBT,1.76010000705719,1.76010000705719,1.76010000705719,1.76010000705719,1.76010000705719,1000.0
2024-03-01 12:21:00,IONS,45.97999954223633,45.97999954223633,45.97999954223633,45.97999954223633,45.97999954223633,534.0
2024-03-01 12:21:00,IOVA,16.860000610351562,16.860000610351562,16.8799991607666,16.84000015258789,16.875,32193.0
2024-03-01 12:21:00,IRMD,41.900001525878906,41.900001525878906,41.900001525878906,41.900001525878906,41.900001525878906,343.0
2024-03-01 12:21:00,IRWD,9.095000267028809,9.095000267028809,9.100000381469727,9.09000015258789,9.100000381469727,23784.0
2024-03-01 12:21:00,ISRG,395.375,395.375,395.7149963378906,395.375,395.69000244140625,15973.0
2024-03-01 12:21:00,ITCI,71.93499755859375,71.93499755859375,71.93499755859375,71.93499755859375,71.93499755859375,326.0
2024-03-01 12:21:00,ITOS,10.739999771118164,10.739999771118164,10.760000228881836,10.739999771118164,10.760000228881836,1726.0
2024-03-01 12:21:00,IVVD,3.990000009536743,3.990000009536743,4.019999980926514,3.990000009536743,4.019999980926514,9546.0
2024-03-01 12:21:00,JAGX,0.07329999655485153,0.07329999655485153,0.07370000332593918,0.07320000231266022,0.07339999824762344,171874.0
2024-03-01 12:21:00,JANX,47.13999938964844,47.13999938964844,47.13999938964844,47.13999938964844,47.13999938964844,233.0
2024-03-01 12:21:00,KOD,6.159999847412109,6.159999847412109,6.159999847412109,6.159999847412109,6.159999847412109,233.0
2024-03-01 12:21:00,KPTI,1.1950000524520874,1.1950000524520874,1.2000000476837158,1.1950000524520874,1.1950000524520874,2049.0
2024-03-01 12:21:00,KROS,70.87000274658203,70.87000274658203,70.99800109863281,70.87000274658203,70.9625015258789,1249.0
2024-03-01 12:21:00,KRTX,316.5050048828125,316.5050048828125,316.5050048828125,316.5050048828125,316.5050048828125,125.0
2024-03-01 12:21:00,KRYS,167.64999389648438,167.64999389648438,167.64999389648438,167.4199981689453,167.5,995.0
2024-03-01 12:21:00,KTRA,0.09610000252723694,0.09610000252723694,0.09610000252723694,0.09605000168085098,0.09610000252723694,10262.0
2024-03-01 12:21:00,KURA,21.219999313354492,21.219999313354492,21.229999542236328,21.219999313354492,21.229999542236328,385.0
2024-03-01 12:21:00,KYMR,44.04999923706055,44.04999923706055,44.11000061035156,44.04999923706055,44.11000061035156,1527.0
2024-03-01 12:21:00,KZR,1.0850000381469727,1.0850000381469727,1.0850000381469727,1.0800000429153442,1.0800000429153442,1000.0
2024-03-01 12:21:00,LAB,2.509999990463257,2.509999990463257,2.509999990463257,2.494999885559082,2.494999885559082,5766.0
2024-03-01 12:21:00,LBPH,22.094999313354492,22.094999313354492,22.114999771118164,22.06999969482422,22.09000015258789,1540.0
2024-03-01 12:21:00,LEGN,66.06999969482422,66.06999969482422,66.06999969482422,66.06999969482422,66.06999969482422,416.0
2024-03-01 12:21:00,LFMD,8.0,8.0,8.0,8.0,8.0,100.0
2024-03-01 12:21:00,LFST,7.903500080108643,7.903500080108643,7.929999828338623,7.903500080108643,7.929999828338623,6268.0
2024-03-01 12:21:00,LIFE,1.93149995803833,1.93149995803833,1.93149995803833,1.93149995803833,1.93149995803833,100.0
2024-03-01 12:21:00,LIVN,55.72999954223633,55.72999954223633,55.72999954223633,55.72999954223633,55.72999954223633,100.0
2024-03-01 12:21:00,LMAT,67.08999633789062,67.08999633789062,67.08999633789062,67.08999633789062,67.08999633789062,349.0
2024-03-01 12:21:00,LNTH,65.52999877929688,65.52999877929688,65.67990112304688,65.52999877929688,65.67990112304688,1549.0
2024-03-01 12:21:00,LPTX,2.9200000762939453,2.9200000762939453,2.9200000762939453,2.9200000762939453,2.9200000762939453,220.0
2024-03-01 12:21:00,LQDA,14.404999732971191,14.404999732971191,14.418399810791016,14.399999618530273,14.399999618530273,1298.0
2024-03-01 12:21:00,LRMR,11.380000114440918,11.380000114440918,11.380000114440918,11.380000114440918,11.380000114440918,100.0
2024-03-01 12:21:00,LUCD,1.2300000190734863,1.2300000190734863,1.2300000190734863,1.2300000190734863,1.2300000190734863,909.0
2024-03-01 12:21:00,LVTX,3.0576999187469482,3.0576999187469482,3.069999933242798,3.0399999618530273,3.0399999618530273,389.0
2024-03-01 12:21:00,LXRX,2.4549999237060547,2.4549999237060547,2.4600000381469727,2.450000047683716,2.4512999057769775,858.0
2024-03-01 12:21:00,LYEL,3.134999990463257,3.134999990463257,3.134999990463257,3.134999990463257,3.134999990463257,1246.0
2024-03-01 12:21:00,MASI,128.39500427246094,128.39500427246094,128.5800018310547,128.38999938964844,128.5800018310547,2445.0
2024-03-01 12:21:00,MCRB,1.2050000429153442,1.2050000429153442,1.2100000381469727,1.1950000524520874,1.1950000524520874,51134.0
2024-03-01 12:21:00,MDGL,247.2050018310547,247.2050018310547,247.22999572753906,246.47000122070312,247.22999572753906,917.0
2024-03-01 12:21:00,MDRX,6.0,6.0,6.050000190734863,6.0,6.050000190734863,57682.0
2024-03-01 12:21:00,MDXG,8.614999771118164,8.614999771118164,8.625,8.600000381469727,8.600000381469727,3197.0
2024-03-01 12:21:00,ME,0.5723999738693237,0.5723999738693237,0.5723999738693237,0.5702000260353088,0.5702000260353088,25419.0
2024-03-01 12:21:00,MGNX,18.870500564575195,18.870500564575195,18.899999618530273,18.870500564575195,18.889999389648438,2786.0
2024-03-01 12:21:00,MHUA,0.6899999976158142,0.6899999976158142,0.6899999976158142,0.6899999976158142,0.6899999976158142,302.0
2024-03-01 12:21:00,MIRM,29.90999984741211,29.90999984741211,29.94499969482422,29.90999984741211,29.94499969482422,296.0
2024-03-01 12:21:00,MIST,1.7259999513626099,1.7259999513626099,1.7259999513626099,1.7259999513626099,1.7259999513626099,150.0
2024-03-01 12:21:00,MLTX,51.59000015258789,51.59000015258789,51.61000061035156,51.54999923706055,51.54999923706055,2493.0
2024-03-01 12:21:00,MMSI,76.81999969482422,76.81999969482422,76.87999725341797,76.81999969482422,76.87999725341797,1771.0
2024-03-01 12:21:00,MNKD,4.570000171661377,4.570000171661377,4.579999923706055,4.570000171661377,4.579999923706055,5457.0
2024-03-01 12:21:00,MNMD,6.179999828338623,6.179999828338623,6.210000038146973,6.175000190734863,6.210000038146973,4252.0
2024-03-01 12:21:00,MODD,1.9199999570846558,1.9199999570846558,1.9199999570846558,1.9199999570846558,1.9199999570846558,200.0
2024-03-01 12:21:00,MORF,39.31999969482422,39.31999969482422,39.31999969482422,39.31999969482422,39.31999969482422,267.0
2024-03-01 12:21:00,MOTS,0.6650000214576721,0.6650000214576721,0.6650000214576721,0.6614000201225281,0.6614000201225281,224.0
2024-03-01 12:21:00,MREO,3.8592000007629395,3.8592000007629395,3.859999895095825,3.8592000007629395,3.859999895095825,865.0
2024-03-01 12:21:00,MRNA,96.26000213623047,96.26000213623047,96.31500244140625,96.23999786376953,96.30000305175781,2612.0
2024-03-01 12:21:00,MRSN,5.929999828338623,5.929999828338623,5.940000057220459,5.929999828338623,5.940000057220459,2696.0
2024-03-01 12:21:00,MRVI,7.849999904632568,7.849999904632568,7.860000133514404,7.849999904632568,7.855000019073486,602.0
2024-03-01 12:21:00,MTEM,3.6500000953674316,3.6500000953674316,3.6500000953674316,3.6500000953674316,3.6500000953674316,128.0
2024-03-01 12:21:00,MXCT,4.760000228881836,4.760000228881836,4.784999847412109,4.760000228881836,4.784999847412109,5630.0
2024-03-01 12:21:00,MYGN,21.59000015258789,21.59000015258789,21.6200008392334,21.59000015258789,21.6200008392334,1595.0
2024-03-01 12:21:00,NARI,46.0099983215332,46.0099983215332,46.040000915527344,46.0099983215332,46.0099983215332,4265.0
2024-03-01 12:21:00,NAUT,2.6700000762939453,2.6700000762939453,2.6700000762939453,2.6700000762939453,2.6700000762939453,100.0
2024-03-01 12:21:00,NBIX,131.1750030517578,131.1750030517578,131.2050018310547,131.1750030517578,131.2050018310547,624.0
2024-03-01 12:21:00,NEO,16.094999313354492,16.094999313354492,16.094999313354492,16.09000015258789,16.09000015258789,636.0
2024-03-01 12:21:00,NEOG,17.395000457763672,17.395000457763672,17.395000457763672,17.395000457763672,17.395000457763672,203.0
2024-03-01 12:21:00,NGM,1.5299999713897705,1.5299999713897705,1.5299999713897705,1.5299999713897705,1.5299999713897705,100.0
2024-03-01 12:21:00,NKTX,12.984999656677246,12.984999656677246,12.989999771118164,12.90999984741211,12.917499542236328,10336.0
2024-03-01 12:21:00,NNOX,11.189900398254395,11.189900398254395,11.210000038146973,11.180000305175781,11.210000038146973,2059.0
2024-03-01 12:21:00,NOTV,8.109999656677246,8.109999656677246,8.109999656677246,8.109999656677246,8.109999656677246,400.0
2024-03-01 12:21:00,NPCE,16.489999771118164,16.489999771118164,16.489999771118164,16.489999771118164,16.489999771118164,541.0
2024-03-01 12:21:00,NRIX,13.494999885559082,13.494999885559082,13.520000457763672,13.475000381469727,13.5,2313.0
2024-03-01 12:21:00,NRSN,2.130000114440918,2.130000114440918,2.140000104904175,2.1124000549316406,2.140000104904175,6200.0
2024-03-01 12:21:00,NRXP,0.40799999237060547,0.40799999237060547,0.40799999237060547,0.40799999237060547,0.40799999237060547,1000.0
2024-03-01 12:21:00,NTLA,33.47999954223633,33.47999954223633,33.5099983215332,33.47999954223633,33.5099983215332,695.0
2024-03-01 12:21:00,NTRA,88.91999816894531,88.91999816894531,88.94000244140625,88.9000015258789,88.94000244140625,873.0
2024-03-01 12:21:00,NUWE,0.5765500068664551,0.5765500068664551,0.5799000263214111,0.5765500068664551,0.5766000151634216,400.0
2024-03-01 12:21:00,NVAX,5.170000076293945,5.170000076293945,5.170000076293945,5.139999866485596,5.1493000984191895,39526.0
2024-03-01 12:21:00,NVCR,16.049999237060547,16.049999237060547,16.049999237060547,16.049999237060547,16.049999237060547,312.0
2024-03-01 12:21:00,NYXH,15.149999618530273,15.149999618530273,15.149999618530273,15.149999618530273,15.149999618530273,1331.0
2024-03-01 12:21:00,OCGN,0.9352499842643738,0.9352499842643738,0.9390000104904175,0.9316009879112244,0.9352499842643738,2732.0
2024-03-01 12:21:00,OCUL,10.720000267028809,10.720000267028809,10.739999771118164,10.710000038146973,10.739999771118164,3880.0
2024-03-01 12:21:00,OFIX,12.899999618530273,12.899999618530273,12.90999984741211,12.899999618530273,12.90999984741211,1248.0
2024-03-01 12:21:00,OGI,2.188999891281128,2.188999891281128,2.188999891281128,2.188999891281128,2.188999891281128,687.0
2024-03-01 12:21:00,OLK,22.600000381469727,22.600000381469727,22.600000381469727,22.600000381469727,22.600000381469727,1572.0
2024-03-01 12:21:00,OLMA,13.90999984741211,13.90999984741211,14.015000343322754,13.90999984741211,14.015000343322754,1450.0
2024-03-01 12:21:00,OM,3.150700092315674,3.150700092315674,3.1600000858306885,3.150700092315674,3.1600000858306885,2824.0
2024-03-01 12:21:00,OMCL,26.559999465942383,26.559999465942383,26.559999465942383,26.559999465942383,26.559999465942383,776.0
2024-03-01 12:21:00,OMGA,4.1809000968933105,4.1809000968933105,4.190000057220459,4.180099964141846,4.190000057220459,925.0
2024-03-01 12:22:00,ABCL,5.210000038146973,5.210000038146973,5.210000038146973,5.210000038146973,5.210000038146973,200.0
2024-03-01 12:22:00,ABEO,7.809999942779541,7.809999942779541,7.809999942779541,7.809999942779541,7.809999942779541,841.0
2024-03-01 12:22:00,ABOS,4.664999961853027,4.664999961853027,4.664999961853027,4.659999847412109,4.659999847412109,1216.0
2024-03-01 12:22:00,ABSI,5.255000114440918,5.255000114440918,5.255000114440918,5.255000114440918,5.255000114440918,778.0
2024-03-01 12:22:00,ACAD,24.110000610351562,24.110000610351562,24.1299991607666,24.079999923706055,24.1200008392334,6083.0
2024-03-01 12:22:00,ACB,3.194999933242798,3.194999933242798,3.200000047683716,3.184999942779541,3.184999942779541,26798.0
2024-03-01 12:22:00,ACET,2.3970000743865967,2.3970000743865967,2.4000000953674316,2.3970000743865967,2.4000000953674316,200.0
2024-03-01 12:22:00,ACIU,3.8299999237060547,3.8299999237060547,3.8299999237060547,3.799999952316284,3.799999952316284,535.0
2024-03-01 12:22:00,ACLX,67.24500274658203,67.24500274658203,67.3499984741211,67.24500274658203,67.3499984741211,1269.0
2024-03-01 12:22:00,ACRS,1.2400000095367432,1.2400000095367432,1.2400000095367432,1.2400000095367432,1.2400000095367432,4811.0
2024-03-01 12:22:00,ADIL,3.2200000286102295,3.2200000286102295,3.2300000190734863,3.0999999046325684,3.124000072479248,56350.0
2024-03-01 12:22:00,ADMA,5.394999980926514,5.394999980926514,5.400000095367432,5.394999980926514,5.400000095367432,2590.0
2024-03-01 12:22:00,ADPT,4.195000171661377,4.195000171661377,4.195000171661377,4.190000057220459,4.195000171661377,630.0
2024-03-01 12:22:00,ADVM,1.9717999696731567,1.9717999696731567,1.975000023841858,1.9700000286102295,1.9700000286102295,905.0
2024-03-01 12:22:00,AFMD,0.6225000023841858,0.6225000023841858,0.6225000023841858,0.6225000023841858,0.6225000023841858,205.0
2024-03-01 12:22:00,AGEN,0.6738749742507935,0.6738749742507935,0.6739000082015991,0.673799991607666,0.673799991607666,8434.0
2024-03-01 12:22:00,AGIO,32.84000015258789,32.84000015258789,32.84000015258789,32.84000015258789,32.84000015258789,200.0
2024-03-01 12:22:00,AHCO,10.819999694824219,10.819999694824219,10.819999694824219,10.8149995803833,10.8149995803833,1265.0
2024-03-01 12:22:00,AIMD,0.9998999834060669,0.9998999834060669,0.9998999834060669,0.9850000143051147,0.9850000143051147,1000.0
2024-03-01 12:22:00,AIRS,6.568999767303467,6.568999767303467,6.568999767303467,6.568999767303467,6.568999767303467,100.0
2024-03-01 12:22:00,AKBA,1.684999942779541,1.684999942779541,1.684999942779541,1.684999942779541,1.684999942779541,367.0
2024-03-01 12:22:00,AKRO,30.399999618530273,30.399999618530273,30.450000762939453,30.399999618530273,30.44849967956543,1823.0
2024-03-01 12:22:00,ALDX,4.130000114440918,4.130000114440918,4.139999866485596,4.130000114440918,4.139999866485596,1235.0
2024-03-01 12:22:00,ALEC,7.360000133514404,7.360000133514404,7.369999885559082,7.349999904632568,7.360000133514404,3935.0
2024-03-01 12:22:00,ALGS,1.1100000143051147,1.1100000143051147,1.1100000143051147,1.100000023841858,1.100000023841858,4500.0
2024-03-01 12:22:00,ALHC,5.71999979019165,5.71999979019165,5.71999979019165,5.71999979019165,5.71999979019165,1384.0
2024-03-01 12:22:00,ALKS,30.155000686645508,30.155000686645508,30.16990089416504,30.155000686645508,30.16990089416504,1035.0
2024-03-01 12:22:00,ALLK,1.6050000190734863,1.6050000190734863,1.6050000190734863,1.600000023841858,1.600000023841858,13285.0
2024-03-01 12:22:00,ALNY,154.3300018310547,154.3300018310547,154.3300018310547,154.15499877929688,154.1699981689453,1589.0
2024-03-01 12:22:00,ALPN,35.97999954223633,35.97999954223633,35.97999954223633,35.974998474121094,35.974998474121094,742.0
2024-03-01 12:22:00,ALRN,5.144999980926514,5.144999980926514,5.144999980926514,5.144999980926514,5.144999980926514,161.0
2024-03-01 12:22:00,ALT,12.010000228881836,12.010000228881836,12.010000228881836,12.0,12.0,6431.0
2024-03-01 12:22:00,ALXO,15.0600004196167,15.0600004196167,15.130000114440918,15.0600004196167,15.09000015258789,1910.0
2024-03-01 12:22:00,AMGN,281.57000732421875,281.57000732421875,281.5799865722656,281.5,281.5299987792969,3404.0
2024-03-01 12:22:00,AMLX,18.799999237060547,18.799999237060547,18.799999237060547,18.790000915527344,18.790000915527344,1242.0
2024-03-01 12:22:00,AMPH,45.48139953613281,45.48139953613281,45.48139953613281,45.41999816894531,45.41999816894531,409.0
2024-03-01 12:22:00,AMRN,1.0499999523162842,1.0499999523162842,1.059999942779541,1.0499999523162842,1.0549999475479126,8394.0
2024-03-01 12:22:00,ANIP,66.20500183105469,66.20500183105469,66.27999877929688,66.0,66.05000305175781,2344.0
2024-03-01 12:22:00,ANNX,5.940000057220459,5.940000057220459,5.960000038146973,5.929999828338623,5.960000038146973,2329.0
2024-03-01 12:22:00,APLS,65.1500015258789,65.1500015258789,65.15499877929688,65.11000061035156,65.11000061035156,3337.0
2024-03-01 12:22:00,APLT,7.03000020980835,7.03000020980835,7.050000190734863,7.03000020980835,7.03000020980835,2307.0
2024-03-01 12:22:00,AQST,4.320000171661377,4.320000171661377,4.320000171661377,4.310100078582764,4.310100078582764,1654.0
2024-03-01 12:22:00,ARAY,2.6449999809265137,2.6449999809265137,2.650099992752075,2.6449999809265137,2.6500000953674316,3368.0
2024-03-01 12:22:00,ARDX,9.65999984741211,9.65999984741211,9.670000076293945,9.65999984741211,9.669899940490723,8617.0
2024-03-01 12:22:00,ARQT,11.520000457763672,11.520000457763672,11.59000015258789,11.520000457763672,11.59000015258789,9606.0
2024-03-01 12:22:00,ARVN,49.349998474121094,49.349998474121094,49.349998474121094,49.279998779296875,49.28499984741211,688.0
2024-03-01 12:22:00,ARWR,35.78499984741211,35.78499984741211,35.849998474121094,35.7599983215332,35.83000183105469,6523.0
2024-03-01 12:22:00,ASRT,0.9362000226974487,0.9362000226974487,0.9362000226974487,0.934050977230072,0.9355000257492065,8275.0
2024-03-01 12:22:00,ATAI,2.0999999046325684,2.0999999046325684,2.1089000701904297,2.0999999046325684,2.100800037384033,3320.0
2024-03-01 12:22:00,ATEC,13.555000305175781,13.555000305175781,13.555000305175781,13.555000305175781,13.555000305175781,204.0
2024-03-01 12:22:00,ATOS,1.0097999572753906,1.0097999572753906,1.0097999572753906,1.0097999572753906,1.0097999572753906,1000.0
2024-03-01 12:22:00,ATRA,0.7935490012168884,0.7935490012168884,0.7935490012168884,0.7935490012168884,0.7935490012168884,500.0
2024-03-01 12:22:00,ATRC,36.07500076293945,36.07500076293945,36.07500076293945,36.02000045776367,36.02000045776367,2126.0
2024-03-01 12:22:00,ATXS,15.029999732971191,15.029999732971191,15.029999732971191,14.989999771118164,15.0,26692.0
2024-03-01 12:22:00,AUPH,5.861199855804443,5.861199855804443,5.861199855804443,5.860000133514404,5.860000133514404,3200.0
2024-03-01 12:22:00,AVDL,12.914999961853027,12.914999961853027,12.914999961853027,12.914999961853027,12.914999961853027,491.0
2024-03-01 12:22:00,AVIR,4.550000190734863,4.550000190734863,4.550000190734863,4.550000190734863,4.550000190734863,139.0
2024-03-01 12:22:00,AVXL,5.369999885559082,5.369999885559082,5.369999885559082,5.360000133514404,5.360000133514404,409.0
2024-03-01 12:22:00,AXNX,67.6500015258789,67.6500015258789,67.6500015258789,67.56999969482422,67.5999984741211,681.0
2024-03-01 12:22:00,AXSM,82.54499816894531,82.54499816894531,82.56999969482422,82.54499816894531,82.56999969482422,312.0
2024-03-01 12:22:00,AZN,64.76499938964844,64.76499938964844,64.76499938964844,64.75,64.76000213623047,4620.0
2024-03-01 12:22:00,BBIO,36.040000915527344,36.040000915527344,36.04999923706055,36.0,36.0,2046.0
2024-03-01 12:22:00,BBLG,2.299999952316284,2.299999952316284,2.299999952316284,2.299999952316284,2.299999952316284,1151.0
2024-03-01 12:22:00,BCRX,5.764999866485596,5.764999866485596,5.764999866485596,5.764999866485596,5.764999866485596,1028.0
2024-03-01 12:22:00,BDTX,5.019999980926514,5.019999980926514,5.019999980926514,5.019999980926514,5.019999980926514,149.0
2024-03-01 12:22:00,BEAM,40.01499938964844,40.01499938964844,40.029998779296875,40.0,40.029998779296875,2512.0
2024-03-01 12:22:00,BIOL,0.13759900629520416,0.13759900629520416,0.13759900629520416,0.13759900629520416,0.13759900629520416,250.0
2024-03-01 12:22:00,BIOR,1.2000000476837158,1.2000000476837158,1.2000000476837158,1.2000000476837158,1.2000000476837158,5010.0
2024-03-01 12:22:00,BIVI,1.8200000524520874,1.8200000524520874,1.850000023841858,1.809999942779541,1.8250000476837158,40882.0
2024-03-01 12:22:00,BLFS,18.360000610351562,18.360000610351562,18.360000610351562,18.360000610351562,18.360000610351562,479.0
2024-03-01 12:22:00,BLRX,1.3700000047683716,1.3700000047683716,1.3700000047683716,1.3700000047683716,1.3700000047683716,781.0
2024-03-01 12:22:00,BLUE,1.589900016784668,1.589900016784668,1.600000023841858,1.5850000381469727,1.600000023841858,32483.0
2024-03-01 12:22:00,BMEA,17.989999771118164,17.989999771118164,18.0,17.989999771118164,18.0,1148.0
2024-03-01 12:22:00,BMRN,87.05000305175781,87.05000305175781,87.05000305175781,87.0,87.0,5746.0
2024-03-01 12:22:00,BPMC,97.83999633789062,97.83999633789062,97.83999633789062,97.83999633789062,97.83999633789062,209.0
2024-03-01 12:22:00,BRKR,88.1500015258789,88.1500015258789,88.1500015258789,88.05999755859375,88.05999755859375,2155.0
2024-03-01 12:22:00,BTMD,6.069900035858154,6.069900035858154,6.070000171661377,6.065000057220459,6.070000171661377,2004.0
2024-03-01 12:22:00,BTTX,0.17249999940395355,0.17249999940395355,0.17499999701976776,0.1712999939918518,0.1735749989748001,7196.0
2024-03-01 12:22:00,BVS,4.71999979019165,4.71999979019165,4.71999979019165,4.71999979019165,4.71999979019165,812.0
2024-03-01 12:22:00,BWAY,6.550000190734863,6.550000190734863,6.550000190734863,6.53000020980835,6.53000020980835,200.0
2024-03-01 12:22:00,CABA,23.959999084472656,23.959999084472656,23.999900817871094,23.959999084472656,23.999900817871094,1445.0
2024-03-01 12:22:00,CAPR,4.570000171661377,4.570000171661377,4.570000171661377,4.570000171661377,4.570000171661377,300.0
2024-03-01 12:22:00,CARA,0.8989999890327454,0.8989999890327454,0.8989999890327454,0.8989999890327454,0.8989999890327454,900.0
2024-03-01 12:22:00,CBAY,32.25,32.25,32.25,32.2400016784668,32.244998931884766,4138.0
2024-03-01 12:22:00,CCCC,10.859999656677246,10.859999656677246,10.859999656677246,10.854999542236328,10.859999656677246,1225.0
2024-03-01 12:22:00,CCRN,18.239999771118164,18.239999771118164,18.239999771118164,18.239999771118164,18.239999771118164,138.0
2024-03-01 12:22:00,CDMO,8.130000114440918,8.130000114440918,8.130000114440918,8.130000114440918,8.130000114440918,1951.0
2024-03-01 12:22:00,CDNA,12.510000228881836,12.510000228881836,12.510000228881836,12.505000114440918,12.510000228881836,1115.0
2024-03-01 12:22:00,CDTX,0.7200999855995178,0.7200999855995178,0.7200999855995178,0.7200999855995178,0.7200999855995178,900.0
2024-03-01 12:22:00,CDXS,4.539999961853027,4.539999961853027,4.539999961853027,4.539999961853027,4.539999961853027,1779.0
2024-03-01 12:22:00,CERE,41.099998474121094,41.099998474121094,41.10499954223633,41.099998474121094,41.10499954223633,1926.0
2024-03-01 12:22:00,CERS,2.2249999046325684,2.2249999046325684,2.2249999046325684,2.2200000286102295,2.2200000286102295,1028.0
2024-03-01 12:22:00,CGC,3.2750000953674316,3.2750000953674316,3.2750000953674316,3.2750000953674316,3.2750000953674316,1084.0
2024-03-01 12:22:00,CGEM,18.969999313354492,18.969999313354492,18.969999313354492,18.969999313354492,18.969999313354492,204.0
2024-03-01 12:22:00,CGTX,2.0299999713897705,2.0299999713897705,2.0399999618530273,2.009999990463257,2.0199999809265137,13203.0
2024-03-01 12:22:00,CHRS,2.3701000213623047,2.3701000213623047,2.375,2.369999885559082,2.369999885559082,5411.0
2024-03-01 12:22:00,CING,1.3250000476837158,1.3250000476837158,1.3250000476837158,1.3250000476837158,1.3250000476837158,492.0
2024-03-01 12:22:00,CLDX,50.95000076293945,50.95000076293945,51.099998474121094,50.83000183105469,51.099998474121094,5935.0
2024-03-01 12:22:00,CLNN,0.3868989944458008,0.3868989944458008,0.38749998807907104,0.3868989944458008,0.38690000772476196,450.0
2024-03-01 12:22:00,CLOV,0.8676999807357788,0.8676999807357788,0.8693000078201294,0.8676000237464905,0.8690000176429749,51205.0
2024-03-01 12:22:00,CMPS,11.489999771118164,11.489999771118164,11.489999771118164,11.449999809265137,11.449999809265137,1503.0
2024-03-01 12:22:00,CMPX,1.8797999620437622,1.8797999620437622,1.8797999620437622,1.8797999620437622,1.8797999620437622,3497.0
2024-03-01 12:22:00,CMRX,1.149999976158142,1.149999976158142,1.149999976158142,1.149999976158142,1.149999976158142,200.0
2024-03-01 12:22:00,COGT,7.199999809265137,7.199999809265137,7.199999809265137,7.199999809265137,7.199999809265137,228.0
2024-03-01 12:22:00,CORT,24.100000381469727,24.100000381469727,24.100000381469727,23.989999771118164,23.989999771118164,3925.0
2024-03-01 12:22:00,CPRX,17.149999618530273,17.149999618530273,17.150100708007812,17.139999389648438,17.139999389648438,2749.0
2024-03-01 12:22:00,CPSI,9.489999771118164,9.489999771118164,9.489999771118164,9.430000305175781,9.435799598693848,4930.0
2024-03-01 12:22:00,CRBU,8.010000228881836,8.010000228881836,8.010000228881836,7.980000019073486,7.989999771118164,3580.0
2024-03-01 12:22:00,CRDF,2.2750000953674316,2.2750000953674316,2.2799999713897705,2.2699999809265137,2.2699999809265137,5216.0
2024-03-01 12:22:00,CRNX,46.15999984741211,46.15999984741211,46.15999984741211,46.02000045776367,46.060001373291016,2540.0
2024-03-01 12:22:00,CRON,2.055000066757202,2.055000066757202,2.055000066757202,2.055000066757202,2.055000066757202,512.0
2024-03-01 12:22:00,CRSP,85.33499908447266,85.33499908447266,85.33499908447266,85.26000213623047,85.31999969482422,1357.0
2024-03-01 12:22:00,CSTL,20.559999465942383,20.559999465942383,20.559999465942383,20.559999465942383,20.559999465942383,1028.0
2024-03-01 12:22:00,CTKB,8.65999984741211,8.65999984741211,8.65999984741211,8.65999984741211,8.65999984741211,406.0
2024-03-01 12:22:00,CTMX,2.674999952316284,2.674999952316284,2.680000066757202,2.660099983215332,2.660099983215332,5261.0
2024-03-01 12:22:00,CUTR,2.4100000858306885,2.4100000858306885,2.4179999828338623,2.4100000858306885,2.4179999828338623,600.0
2024-03-01 12:22:00,CYTH,1.620300054550171,1.620300054550171,1.620300054550171,1.620300054550171,1.620300054550171,600.0
2024-03-01 12:22:00,CYTK,73.90290069580078,73.90290069580078,73.90290069580078,73.90290069580078,73.90290069580078,432.0
2024-03-01 12:22:00,CYTO,2.319999933242798,2.319999933242798,2.3350000381469727,2.309999942779541,2.3245999813079834,5935.0
2024-03-01 12:22:00,DAWN,17.514999389648438,17.514999389648438,17.514999389648438,17.5,17.514999389648438,565.0
2024-03-01 12:22:00,DBVT,0.8066999912261963,0.8066999912261963,0.8066999912261963,0.8066999912261963,0.8066999912261963,533.0
2024-03-01 12:22:00,DCGO,4.129799842834473,4.129799842834473,4.130000114440918,4.119999885559082,4.130000114440918,3192.0
2024-03-01 12:22:00,DCPH,17.5,17.5,17.5,17.489999771118164,17.489999771118164,2325.0
2024-03-01 12:22:00,DH,8.994999885559082,8.994999885559082,8.994999885559082,8.987500190734863,8.987500190734863,282.0
2024-03-01 12:22:00,DMTK,0.8676999807357788,0.8676999807357788,0.8676999807357788,0.8676049709320068,0.8676049709320068,701.0
2024-03-01 12:22:00,DNLI,20.825000762939453,20.825000762939453,20.829999923706055,20.825000762939453,20.829999923706055,761.0
2024-03-01 12:22:00,DRIO,1.9900000095367432,1.9900000095367432,1.9900000095367432,1.9900000095367432,1.9900000095367432,293.0
2024-03-01 12:22:00,DRRX,1.0,1.0,1.0,1.0,1.0,100.0
2024-03-01 12:22:00,DSGN,2.9049999713897705,2.9049999713897705,2.9049999713897705,2.9049999713897705,2.9049999713897705,100.0
2024-03-01 12:22:00,DTIL,12.329999923706055,12.329999923706055,12.329999923706055,12.329999923706055,12.329999923706055,541.0
2024-03-01 12:22:00,DVAX,12.850000381469727,12.850000381469727,12.850000381469727,12.850000381469727,12.850000381469727,726.0
2024-03-01 12:22:00,DXCM,121.31500244140625,121.31500244140625,121.31999969482422,121.23999786376953,121.26000213623047,4686.0
2024-03-01 12:22:00,DYN,28.329999923706055,28.329999923706055,28.329999923706055,28.329999923706055,28.329999923706055,394.0
2024-03-01 12:22:00,EDIT,10.859999656677246,10.859999656677246,10.869999885559082,10.850000381469727,10.869999885559082,2230.0
2024-03-01 12:22:00,ELEV,4.789999961853027,4.789999961853027,4.789999961853027,4.769999980926514,4.769999980926514,738.0
2024-03-01 12:22:00,ENSC,0.9240000247955322,0.9240000247955322,0.9240000247955322,0.9240000247955322,0.9240000247955322,911.0
2024-03-01 12:22:00,ENSG,123.37999725341797,123.37999725341797,123.37999725341797,123.37999725341797,123.37999725341797,145.0
2024-03-01 12:22:00,ENTA,15.300000190734863,15.300000190734863,15.300000190734863,15.300000190734863,15.300000190734863,283.0
2024-03-01 12:22:00,ENVB,1.5399999618530273,1.5399999618530273,1.5399999618530273,1.534999966621399,1.5398999452590942,991.0
2024-03-01 12:22:00,ESTA,45.69499969482422,45.69499969482422,45.86000061035156,45.69499969482422,45.86000061035156,215.0
2024-03-01 12:22:00,ETNB,13.130000114440918,13.130000114440918,13.130000114440918,13.130000114440918,13.130000114440918,252.0
2024-03-01 12:22:00,ETON,4.456099987030029,4.456099987030029,4.456099987030029,4.456099987030029,4.456099987030029,993.0
2024-03-01 12:22:00,EVGN,0.9649999737739563,0.9649999737739563,0.9649999737739563,0.9599999785423279,0.9624999761581421,10501.0
2024-03-01 12:22:00,EWTX,17.010000228881836,17.010000228881836,17.010000228881836,17.010000228881836,17.010000228881836,1180.0
2024-03-01 12:22:00,EXAI,6.820000171661377,6.820000171661377,6.820000171661377,6.820000171661377,6.820000171661377,221.0
2024-03-01 12:22:00,EXAS,60.239898681640625,60.239898681640625,60.2400016784668,60.21500015258789,60.220001220703125,2240.0
2024-03-01 12:22:00,EXEL,22.5,22.5,22.5049991607666,22.4950008392334,22.5049991607666,3773.0
2024-03-01 12:22:00,EYEN,2.3308000564575195,2.3308000564575195,2.3499999046325684,2.3308000564575195,2.3399999141693115,14032.0
2024-03-01 12:22:00,EYPT,27.920000076293945,27.920000076293945,27.920000076293945,27.920000076293945,27.920000076293945,152.0
2024-03-01 12:22:00,FATE,7.425000190734863,7.425000190734863,7.429999828338623,7.425000190734863,7.429999828338623,623.0
2024-03-01 12:22:00,FDMT,29.299999237060547,29.299999237060547,29.299999237060547,29.299999237060547,29.299999237060547,120.0
2024-03-01 12:22:00,FGEN,1.850000023841858,1.850000023841858,1.850000023841858,1.850000023841858,1.850000023841858,1205.0
2024-03-01 12:22:00,FLGC,1.190000057220459,1.190000057220459,1.190000057220459,1.190000057220459,1.190000057220459,100.0
2024-03-01 12:22:00,FLGT,23.295000076293945,23.295000076293945,23.295000076293945,23.295000076293945,23.295000076293945,187.0
2024-03-01 12:22:00,FOLD,13.350000381469727,13.350000381469727,13.350000381469727,13.3149995803833,13.3149995803833,5045.0
2024-03-01 12:22:00,FULC,10.899999618530273,10.899999618530273,10.899999618530273,10.899999618530273,10.899999618530273,160.0
2024-03-01 12:22:00,FUSN,12.25,12.25,12.295000076293945,12.25,12.295000076293945,2753.0
2024-03-01 12:22:00,GBIO,2.6600000858306885,2.6600000858306885,2.6600000858306885,2.6600000858306885,2.6600000858306885,139.0
2024-03-01 12:22:00,GDRX,8.349699974060059,8.349699974060059,8.349699974060059,8.34000015258789,8.345000267028809,2084.0
2024-03-01 12:22:00,GERN,2.200000047683716,2.200000047683716,2.200000047683716,2.194999933242798,2.200000047683716,3287.0
2024-03-01 12:22:00,GH,19.200000762939453,19.200000762939453,19.209999084472656,19.200000762939453,19.207500457763672,931.0
2024-03-01 12:22:00,GILD,72.27999877929688,72.27999877929688,72.29499816894531,72.27999877929688,72.29499816894531,4786.0
2024-03-01 12:22:00,GLSI,12.395000457763672,12.395000457763672,12.395000457763672,12.395000457763672,12.395000457763672,346.0
2024-03-01 12:22:00,GMAB,29.40999984741211,29.40999984741211,29.429899215698242,29.40999984741211,29.429899215698242,1036.0
2024-03-01 12:22:00,GMDA,0.3869999945163727,0.3869999945163727,0.3869999945163727,0.3869999945163727,0.3869999945163727,500.0
2024-03-01 12:22:00,GOSS,1.3600000143051147,1.3600000143051147,1.3600000143051147,1.3600000143051147,1.3600000143051147,602.0
2024-03-01 12:22:00,GRFS,7.054999828338623,7.054999828338623,7.059999942779541,7.050000190734863,7.059999942779541,2504.0
2024-03-01 12:22:00,GRPH,3.4749999046325684,3.4749999046325684,3.4749999046325684,3.4749999046325684,3.4749999046325684,100.0
2024-03-01 12:22:00,GRTS,2.1700000762939453,2.1700000762939453,2.1700000762939453,2.1600000858306885,2.1649999618530273,1857.0
2024-03-01 12:22:00,GRTX,0.23520000278949738,0.23520000278949738,0.2353000044822693,0.23520000278949738,0.2353000044822693,697.0
2024-03-01 12:22:00,GTHX,3.6659998893737793,3.6659998893737793,3.6659998893737793,3.6549999713897705,3.6549999713897705,3796.0
2024-03-01 12:22:00,HALO,41.72999954223633,41.72999954223633,41.72999954223633,41.72999954223633,41.72999954223633,378.0
2024-03-01 12:22:00,HARP,22.94499969482422,22.94499969482422,22.94499969482422,22.940000534057617,22.94499969482422,638.0
2024-03-01 12:22:00,HCSG,12.65999984741211,12.65999984741211,12.670000076293945,12.65999984741211,12.670000076293945,401.0
2024-03-01 12:22:00,HLVX,18.8799991607666,18.8799991607666,18.8799991607666,18.8799991607666,18.8799991607666,168.0
2024-03-01 12:22:00,HOLX,73.7300033569336,73.7300033569336,73.73999786376953,73.72000122070312,73.73999786376953,1866.0
2024-03-01 12:22:00,HQY,81.76000213623047,81.76000213623047,81.76000213623047,81.76000213623047,81.76000213623047,470.0
2024-03-01 12:22:00,HRTX,2.619999885559082,2.619999885559082,2.619999885559082,2.609999895095825,2.615000009536743,311.0
2024-03-01 12:22:00,HSIC,76.88999938964844,76.88999938964844,76.94000244140625,76.88999938964844,76.94000244140625,1835.0
2024-03-01 12:22:00,HSTM,27.350000381469727,27.350000381469727,27.350000381469727,27.350000381469727,27.350000381469727,147.0
2024-03-01 12:22:00,HUMA,3.4999001026153564,3.4999001026153564,3.5,3.4839999675750732,3.484999895095825,12988.0
2024-03-01 12:22:00,IBRX,4.885000228881836,4.885000228881836,4.895999908447266,4.885000228881836,4.895999908447266,2215.0
2024-03-01 12:22:00,ICCM,1.2899999618530273,1.2899999618530273,1.2899999618530273,1.2899999618530273,1.2899999618530273,2000.0
2024-03-01 12:22:00,ICUI,105.43499755859375,105.43499755859375,105.43499755859375,105.43499755859375,105.43499755859375,159.0
2024-03-01 12:22:00,IDYA,46.400001525878906,46.400001525878906,46.400001525878906,46.400001525878906,46.400001525878906,136.0
2024-03-01 12:22:00,IFRX,1.8700000047683716,1.8700000047683716,1.8799999952316284,1.8600000143051147,1.8650000095367432,18136.0
2024-03-01 12:22:00,IMCR,68.0425033569336,68.0425033569336,68.05000305175781,67.87999725341797,68.0,1668.0
2024-03-01 12:22:00,IMMX,3.5399999618530273,3.5399999618530273,3.5399999618530273,3.523699998855591,3.523699998855591,698.0
2024-03-01 12:22:00,IMNM,25.940000534057617,25.940000534057617,25.940000534057617,25.940000534057617,25.940000534057617,245.0
2024-03-01 12:22:00,IMTX,12.9399995803833,12.9399995803833,12.960000038146973,12.9399995803833,12.960000038146973,1664.0
2024-03-01 12:22:00,IMUX,1.4900000095367432,1.4900000095367432,1.4900000095367432,1.4900000095367432,1.4900000095367432,110.0
2024-03-01 12:22:00,IMVT,36.349998474121094,36.349998474121094,36.45000076293945,36.349998474121094,36.45000076293945,2425.0
2024-03-01 12:22:00,INBX,36.720001220703125,36.720001220703125,36.720001220703125,36.720001220703125,36.720001220703125,164.0
2024-03-01 12:22:00,INCY,59.130001068115234,59.130001068115234,59.14500045776367,59.130001068115234,59.130001068115234,1003.0
2024-03-01 12:22:00,INGN,6.869999885559082,6.869999885559082,6.869999885559082,6.869999885559082,6.869999885559082,409.0
2024-03-01 12:22:00,INMD,22.875,22.875,22.875,22.864999771118164,22.864999771118164,1339.0
2024-03-01 12:22:00,INO,9.3100004196167,9.3100004196167,9.313699722290039,9.3100004196167,9.313699722290039,2051.0
2024-03-01 12:22:00,INSM,28.520000457763672,28.520000457763672,28.520000457763672,28.479999542236328,28.479999542236328,2273.0
2024-03-01 12:22:00,INVA,15.555000305175781,15.555000305175781,15.555000305175781,15.555000305175781,15.555000305175781,708.0
2024-03-01 12:22:00,INZY,6.71999979019165,6.71999979019165,6.71999979019165,6.710000038146973,6.710000038146973,476.0
2024-03-01 12:22:00,IONS,45.95000076293945,45.95000076293945,45.97999954223633,45.95000076293945,45.97999954223633,394.0
2024-03-01 12:22:00,IOVA,16.854999542236328,16.854999542236328,16.864999771118164,16.850000381469727,16.864999771118164,2578.0
2024-03-01 12:22:00,IRWD,9.114999771118164,9.114999771118164,9.117500305175781,9.095000267028809,9.095000267028809,71014.0
2024-03-01 12:22:00,ISRG,395.32501220703125,395.32501220703125,395.3900146484375,395.25,395.25,2784.0
2024-03-01 12:22:00,ITCI,71.97899627685547,71.97899627685547,71.97899627685547,71.97000122070312,71.97000122070312,542.0
2024-03-01 12:22:00,ITOS,10.7524995803833,10.7524995803833,10.7524995803833,10.744999885559082,10.744999885559082,1459.0
2024-03-01 12:22:00,JAGX,0.07280000299215317,0.07280000299215317,0.07329999655485153,0.07280000299215317,0.07320699840784073,440167.0
2024-03-01 12:22:00,JANX,47.2599983215332,47.2599983215332,47.2599983215332,47.08000183105469,47.13999938964844,709.0
2024-03-01 12:22:00,JAZZ,119.33999633789062,119.33999633789062,119.38999938964844,119.33000183105469,119.33000183105469,3000.0
2024-03-01 12:22:00,KALV,14.029999732971191,14.029999732971191,14.039999961853027,14.029999732971191,14.039999961853027,283.0
2024-03-01 12:22:00,KNTE,2.609999895095825,2.609999895095825,2.609999895095825,2.609999895095825,2.609999895095825,946.0
2024-03-01 12:22:00,KPTI,1.2000000476837158,1.2000000476837158,1.2000000476837158,1.1950000524520874,1.1950000524520874,359.0
2024-03-01 12:22:00,KROS,70.98999786376953,70.98999786376953,71.0,70.9749984741211,71.0,520.0
2024-03-01 12:22:00,KRTX,316.5,316.5,316.5,316.3299865722656,316.3500061035156,1556.0
2024-03-01 12:22:00,KRYS,167.7100067138672,167.7100067138672,167.7100067138672,167.7100067138672,167.7100067138672,187.0
2024-03-01 12:22:00,KURA,21.209999084472656,21.209999084472656,21.209999084472656,21.209999084472656,21.209999084472656,505.0
2024-03-01 12:22:00,KYMR,44.029998779296875,44.029998779296875,44.029998779296875,44.029998779296875,44.029998779296875,232.0
2024-03-01 12:22:00,KZR,1.0850000381469727,1.0850000381469727,1.090000033378601,1.0850000381469727,1.090000033378601,915.0
2024-03-01 12:22:00,LAB,2.515000104904175,2.515000104904175,2.515000104904175,2.509999990463257,2.509999990463257,19228.0
2024-03-01 12:22:00,LBPH,22.020000457763672,22.020000457763672,22.065000534057617,22.020000457763672,22.030000686645508,1275.0
2024-03-01 12:22:00,LEXX,2.750999927520752,2.750999927520752,2.750999927520752,2.750999927520752,2.750999927520752,514.0
2024-03-01 12:22:00,LFMD,8.0,8.0,8.0,8.0,8.0,200.0
2024-03-01 12:22:00,LFST,7.894999980926514,7.894999980926514,7.900000095367432,7.894999980926514,7.900000095367432,1233.0
2024-03-01 12:22:00,LIAN,4.860000133514404,4.860000133514404,4.860000133514404,4.855000019073486,4.860000133514404,7844.0
2024-03-01 12:22:00,LIFE,1.934999942779541,1.934999942779541,1.934999942779541,1.9299999475479126,1.9299999475479126,1600.0
2024-03-01 12:22:00,LIVN,55.720001220703125,55.720001220703125,55.720001220703125,55.689998626708984,55.69070053100586,452.0
2024-03-01 12:22:00,LQDA,14.404999732971191,14.404999732971191,14.404999732971191,14.404999732971191,14.404999732971191,200.0
2024-03-01 12:22:00,LRMR,11.390000343322754,11.390000343322754,11.390000343322754,11.390000343322754,11.390000343322754,206.0
2024-03-01 12:22:00,LVTX,3.013400077819824,3.013400077819824,3.0399999618530273,3.013400077819824,3.0399999618530273,2338.0
2024-03-01 12:22:00,LXRX,2.4649999141693115,2.4649999141693115,2.4649999141693115,2.4549999237060547,2.4549999237060547,18966.0
2024-03-01 12:22:00,LYEL,3.152400016784668,3.152400016784668,3.1549999713897705,3.134999990463257,3.134999990463257,10190.0
2024-03-01 12:22:00,MACK,14.710000038146973,14.710000038146973,14.710000038146973,14.710000038146973,14.710000038146973,296.0
2024-03-01 12:22:00,MCRB,1.2086000442504883,1.2086000442504883,1.2086000442504883,1.2050000429153442,1.2050000429153442,754.0
2024-03-01 12:22:00,MDRX,6.050000190734863,6.050000190734863,6.050000190734863,6.0,6.050000190734863,13499.0
2024-03-01 12:22:00,MDXG,8.600000381469727,8.600000381469727,8.619999885559082,8.600000381469727,8.619999885559082,4929.0
2024-03-01 12:22:00,ME,0.5708000063896179,0.5708000063896179,0.5708000063896179,0.5705500245094299,0.5708000063896179,462.0
2024-03-01 12:22:00,MEIP,4.239999771118164,4.239999771118164,4.239999771118164,4.239999771118164,4.239999771118164,1004.0
2024-03-01 12:22:00,MGNX,18.860000610351562,18.860000610351562,18.875,18.860000610351562,18.870899200439453,1187.0
2024-03-01 12:22:00,MGTX,6.385000228881836,6.385000228881836,6.385000228881836,6.385000228881836,6.385000228881836,554.0
2024-03-01 12:22:00,MIRM,29.959999084472656,29.959999084472656,29.959999084472656,29.959999084472656,29.959999084472656,209.0
2024-03-01 12:22:00,MLTX,51.79499816894531,51.79499816894531,51.79999923706055,51.55500030517578,51.57500076293945,6292.0
2024-03-01 12:22:00,MNKD,4.546000003814697,4.546000003814697,4.570000171661377,4.545000076293945,4.570000171661377,28840.0
2024-03-01 12:22:00,MNMD,6.159999847412109,6.159999847412109,6.17110013961792,6.152500152587891,6.17110013961792,3429.0
2024-03-01 12:22:00,MODD,1.9199999570846558,1.9199999570846558,1.9199999570846558,1.9199999570846558,1.9199999570846558,200.0
2024-03-01 12:22:00,MODV,28.184999465942383,28.184999465942383,28.184999465942383,28.184999465942383,28.184999465942383,217.0
2024-03-01 12:22:00,MOR,17.579999923706055,17.579999923706055,17.579999923706055,17.579999923706055,17.579999923706055,209.0
2024-03-01 12:22:00,MORF,39.279998779296875,39.279998779296875,39.279998779296875,39.2599983215332,39.279998779296875,1074.0
2024-03-01 12:22:00,MREO,3.8550000190734863,3.8550000190734863,3.859800100326538,3.8550000190734863,3.8550000190734863,2305.0
2024-03-01 12:22:00,MRNA,96.20999908447266,96.20999908447266,96.26000213623047,96.20999908447266,96.26000213623047,1665.0
2024-03-01 12:22:00,MRNS,9.99899959564209,9.99899959564209,9.99899959564209,9.989999771118164,9.989999771118164,807.0
2024-03-01 12:22:00,MRSN,5.962800025939941,5.962800025939941,5.962800025939941,5.920000076293945,5.920000076293945,6449.0
2024-03-01 12:22:00,MRUS,51.36000061035156,51.36000061035156,51.45500183105469,51.36000061035156,51.405601501464844,1115.0
2024-03-01 12:22:00,MRVI,7.840000152587891,7.840000152587891,7.855000019073486,7.840000152587891,7.849999904632568,1474.0
2024-03-01 12:22:00,MYGN,21.600000381469727,21.600000381469727,21.600000381469727,21.59000015258789,21.59000015258789,956.0
2024-03-01 12:22:00,NARI,45.94499969482422,45.94499969482422,46.0,45.93000030517578,46.0,4637.0
2024-03-01 12:22:00,NAUT,2.6700000762939453,2.6700000762939453,2.6700000762939453,2.6700000762939453,2.6700000762939453,100.0
2024-03-01 12:22:00,NBIX,130.97000122070312,130.97000122070312,131.2100067138672,130.97000122070312,131.11000061035156,3473.0
2024-03-01 12:22:00,NBSE,0.8949999809265137,0.8949999809265137,0.8949999809265137,0.8949999809265137,0.8949999809265137,1688.0
2024-03-01 12:22:00,NDRA,1.1299999952316284,1.1299999952316284,1.1299999952316284,1.1299999952316284,1.1299999952316284,5005.0
2024-03-01 12:22:00,NEO,16.09000015258789,16.09000015258789,16.100000381469727,16.079999923706055,16.100000381469727,2169.0
2024-03-01 12:22:00,NEOG,17.395000457763672,17.395000457763672,17.395000457763672,17.389999389648438,17.389999389648438,217.0
2024-03-01 12:22:00,NERV,2.558500051498413,2.558500051498413,2.559999942779541,2.5450000762939453,2.5450000762939453,4287.0
2024-03-01 12:22:00,NGM,1.5299999713897705,1.5299999713897705,1.534999966621399,1.5299999713897705,1.534999966621399,412.0
2024-03-01 12:22:00,NKTR,0.779699981212616,0.779699981212616,0.779699981212616,0.7789999842643738,0.7789999842643738,300.0
2024-03-01 12:22:00,NNOX,11.201399803161621,11.201399803161621,11.210000038146973,11.1899995803833,11.194999694824219,2211.0
2024-03-01 12:22:00,NOTV,8.109999656677246,8.109999656677246,8.109999656677246,8.109999656677246,8.109999656677246,1148.0
2024-03-01 12:22:00,NRBO,5.949999809265137,5.949999809265137,5.949999809265137,5.900000095367432,5.900000095367432,1732.0
2024-03-01 12:22:00,NRC,40.7333984375,40.7333984375,40.7333984375,40.7333984375,40.7333984375,457.0
2024-03-01 12:22:00,NRIX,13.494999885559082,13.494999885559082,13.494999885559082,13.494999885559082,13.494999885559082,100.0
2024-03-01 12:22:00,NRSN,2.139899969100952,2.139899969100952,2.140000104904175,2.137500047683716,2.140000104904175,3425.0
2024-03-01 12:22:00,NRXP,0.4009999930858612,0.4009999930858612,0.40799999237060547,0.4009999930858612,0.40799999237060547,1230.0
2024-03-01 12:22:00,NSPR,2.61299991607666,2.61299991607666,2.61299991607666,2.61299991607666,2.61299991607666,694.0
2024-03-01 12:22:00,NTLA,33.43330001831055,33.43330001831055,33.45500183105469,33.43000030517578,33.439998626708984,1068.0
2024-03-01 12:22:00,NTRA,88.91000366210938,88.91000366210938,88.94999694824219,88.91000366210938,88.91999816894531,2869.0
2024-03-01 12:22:00,NUVL,88.5875015258789,88.5875015258789,88.5875015258789,88.5875015258789,88.5875015258789,170.0
2024-03-01 12:22:00,NUWE,0.579800009727478,0.579800009727478,0.579800009727478,0.579800009727478,0.579800009727478,100.0
2024-03-01 12:22:00,NVAX,5.15939998626709,5.15939998626709,5.175000190734863,5.15939998626709,5.175000190734863,7064.0
2024-03-01 12:22:00,NVCR,16.059999465942383,16.059999465942383,16.059999465942383,16.059999465942383,16.059999465942383,104.0
2024-03-01 12:22:00,NXTC,1.7699999809265137,1.7699999809265137,1.7799999713897705,1.7699999809265137,1.7740000486373901,350.0
2024-03-01 12:22:00,OCGN,0.9359999895095825,0.9359999895095825,0.9367499947547913,0.9330999851226807,0.9331160187721252,3233.0
2024-03-01 12:22:00,OCUL,10.710000038146973,10.710000038146973,10.720000267028809,10.710000038146973,10.710000038146973,733.0
2024-03-01 12:22:00,OCUP,2.5,2.5,2.509999990463257,2.5,2.5,381.0
2024-03-01 12:22:00,OFIX,12.899999618530273,12.899999618530273,12.899999618530273,12.890000343322754,12.890000343322754,806.0
2024-03-01 12:22:00,OGI,2.184999942779541,2.184999942779541,2.184999942779541,2.184999942779541,2.184999942779541,1940.0
2024-03-01 12:22:00,OLK,22.594999313354492,22.594999313354492,22.594999313354492,22.59000015258789,22.594999313354492,809.0
2024-03-01 12:22:00,OLMA,13.9399995803833,13.9399995803833,13.949999809265137,13.885899543762207,13.921799659729004,5364.0
2024-03-01 12:22:00,OM,3.1549999713897705,3.1549999713897705,3.1600000858306885,3.1549999713897705,3.1600000858306885,240.0
2024-03-01 12:22:00,OMER,4.744999885559082,4.744999885559082,4.744999885559082,4.744999885559082,4.744999885559082,110.0
2024-03-01 12:22:00,OMIC,0.5950999855995178,0.5950999855995178,0.5950999855995178,0.5950999855995178,0.5950999855995178,428.0
2024-03-01 12:22:00,ONCY,1.1282999515533447,1.1282999515533447,1.1282999515533447,1.1282999515533447,1.1282999515533447,3094.0
2024-03-01 12:23:00,ABCL,5.210000038146973,5.210000038146973,5.210000038146973,5.210000038146973,5.210000038146973,2035.0
2024-03-01 12:23:00,ABEO,7.799300193786621,7.799300193786621,7.799300193786621,7.799300193786621,7.799300193786621,134.0
2024-03-01 12:23:00,ABOS,4.660900115966797,4.660900115966797,4.660900115966797,4.660900115966797,4.660900115966797,1029.0
2024-03-01 12:23:00,ABSI,5.255000114440918,5.255000114440918,5.259799957275391,5.25,5.259799957275391,1340.0
2024-03-01 12:23:00,ACAD,24.110000610351562,24.110000610351562,24.110000610351562,24.110000610351562,24.110000610351562,200.0
2024-03-01 12:23:00,ACB,3.1900999546051025,3.1900999546051025,3.1912999153137207,3.1900999546051025,3.1912999153137207,1483.0
2024-03-01 12:23:00,ACET,2.4000000953674316,2.4000000953674316,2.4000000953674316,2.4000000953674316,2.4000000953674316,100.0
2024-03-01 12:23:00,ACHC,84.27999877929688,84.27999877929688,84.27999877929688,84.27999877929688,84.27999877929688,150.0
2024-03-01 12:23:00,ACLX,67.18000030517578,67.18000030517578,67.18000030517578,67.18000030517578,67.18000030517578,333.0
2024-03-01 12:23:00,ACRS,1.2400000095367432,1.2400000095367432,1.2400000095367432,1.2400000095367432,1.2400000095367432,725.0
2024-03-01 12:23:00,ADIL,3.239500045776367,3.239500045776367,3.2699999809265137,3.191699981689453,3.2249999046325684,115556.0
2024-03-01 12:23:00,ADMA,5.400000095367432,5.400000095367432,5.400000095367432,5.389999866485596,5.394999980926514,10109.0
2024-03-01 12:23:00,AGEN,0.6739000082015991,0.6739000082015991,0.6739000082015991,0.6738499999046326,0.6738749742507935,17001.0
2024-03-01 12:23:00,AGIO,32.810001373291016,32.810001373291016,32.810001373291016,32.810001373291016,32.810001373291016,870.0
2024-03-01 12:23:00,AHCO,10.8149995803833,10.8149995803833,10.819999694824219,10.8149995803833,10.819999694824219,640.0
2024-03-01 12:23:00,AIRS,6.570000171661377,6.570000171661377,6.570000171661377,6.570000171661377,6.570000171661377,301.0
2024-03-01 12:23:00,AKRO,30.43000030517578,30.43000030517578,30.43000030517578,30.399999618530273,30.399999618530273,1559.0
2024-03-01 12:23:00,ALDX,4.130899906158447,4.130899906158447,4.139999866485596,4.130000114440918,4.130000114440918,3654.0
2024-03-01 12:23:00,ALEC,7.375,7.375,7.380000114440918,7.360000133514404,7.360000133514404,3817.0
2024-03-01 12:23:00,ALGS,1.1200000047683716,1.1200000047683716,1.1200000047683716,1.1196999549865723,1.1196999549865723,1105.0
2024-03-01 12:23:00,ALHC,5.739999771118164,5.739999771118164,5.739999771118164,5.71999979019165,5.71999979019165,986.0
2024-03-01 12:23:00,ALKS,30.149999618530273,30.149999618530273,30.155000686645508,30.149999618530273,30.155000686645508,1163.0
2024-03-01 12:23:00,ALLK,1.600600004196167,1.600600004196167,1.6074999570846558,1.600600004196167,1.6074999570846558,3292.0
2024-03-01 12:23:00,ALLO,5.045000076293945,5.045000076293945,5.045000076293945,5.045000076293945,5.045000076293945,256.0
2024-03-01 12:23:00,ALPN,35.87009811401367,35.87009811401367,35.994998931884766,35.86000061035156,35.994998931884766,6791.0
2024-03-01 12:23:00,ALT,11.989999771118164,11.989999771118164,12.020000457763672,11.989999771118164,12.010000228881836,10864.0
2024-03-01 12:23:00,ALVR,0.7541000247001648,0.7541000247001648,0.7541000247001648,0.7541000247001648,0.7541000247001648,190.0
2024-03-01 12:23:00,ALXO,15.050000190734863,15.050000190734863,15.050000190734863,15.050000190734863,15.050000190734863,107.0
2024-03-01 12:23:00,AMED,93.19000244140625,93.19000244140625,93.19000244140625,93.19000244140625,93.19000244140625,104.0
2024-03-01 12:23:00,AMGN,281.6000061035156,281.6000061035156,281.6199951171875,281.5199890136719,281.5199890136719,2529.0
2024-03-01 12:23:00,AMLX,18.780000686645508,18.780000686645508,18.780000686645508,18.780000686645508,18.780000686645508,711.0
2024-03-01 12:23:00,AMPH,45.36000061035156,45.36000061035156,45.42100143432617,45.36000061035156,45.42100143432617,2343.0
2024-03-01 12:23:00,AMRN,1.0499999523162842,1.0499999523162842,1.0586999654769897,1.0499999523162842,1.0586999654769897,744.0
2024-03-01 12:23:00,ANNX,5.920000076293945,5.920000076293945,5.949999809265137,5.920000076293945,5.934999942779541,1640.0
2024-03-01 12:23:00,APLS,65.20999908447266,65.20999908447266,65.23999786376953,65.19999694824219,65.2300033569336,9458.0
2024-03-01 12:23:00,APLT,7.090000152587891,7.090000152587891,7.090000152587891,7.03000020980835,7.039999961853027,9760.0
2024-03-01 12:23:00,APVO,0.1599999964237213,0.1599999964237213,0.1599999964237213,0.1599999964237213,0.1599999964237213,100.0
2024-03-01 12:23:00,AQST,4.315000057220459,4.315000057220459,4.329999923706055,4.315000057220459,4.329999923706055,6362.0
2024-03-01 12:23:00,ARDX,9.660099983215332,9.660099983215332,9.664999961853027,9.660099983215332,9.664999961853027,1923.0
2024-03-01 12:23:00,ARQT,11.520000457763672,11.520000457763672,11.56029987335205,11.520000457763672,11.520000457763672,12119.0
2024-03-01 12:23:00,ARVN,49.349998474121094,49.349998474121094,49.349998474121094,49.28499984741211,49.28499984741211,337.0
2024-03-01 12:23:00,ARWR,35.8114013671875,35.8114013671875,35.834999084472656,35.78499984741211,35.78499984741211,718.0
2024-03-01 12:23:00,ASLN,0.7970499992370605,0.7970499992370605,0.7970499992370605,0.7741000056266785,0.7741000056266785,402.0
2024-03-01 12:23:00,ASND,150.58999633789062,150.58999633789062,150.69000244140625,150.58999633789062,150.63999938964844,582.0
2024-03-01 12:23:00,ASRT,0.9383999705314636,0.9383999705314636,0.9383999705314636,0.9355000257492065,0.9362000226974487,2205.0
2024-03-01 12:23:00,ATAI,2.0999999046325684,2.0999999046325684,2.1098999977111816,2.0999999046325684,2.0999999046325684,2100.0
2024-03-01 12:23:00,ATEC,13.550000190734863,13.550000190734863,13.550000190734863,13.545000076293945,13.550000190734863,4382.0
2024-03-01 12:23:00,ATHE,1.7949999570846558,1.7949999570846558,1.8289999961853027,1.7949999570846558,1.8200000524520874,3014.0
2024-03-01 12:23:00,ATNF,3.2701001167297363,3.2701001167297363,3.2701001167297363,3.2701001167297363,3.2701001167297363,215.0
2024-03-01 12:23:00,ATOS,1.0,1.0,1.0,1.0,1.0,1005.0
2024-03-01 12:23:00,ATRA,0.7921000123023987,0.7921000123023987,0.7942000031471252,0.7921000123023987,0.7921000123023987,3653.0
2024-03-01 12:23:00,ATRC,36.07500076293945,36.07500076293945,36.07500076293945,36.07500076293945,36.07500076293945,433.0
2024-03-01 12:23:00,AUGX,4.610000133514404,4.610000133514404,4.610000133514404,4.610000133514404,4.610000133514404,701.0
2024-03-01 12:23:00,AUPH,5.860000133514404,5.860000133514404,5.869999885559082,5.860000133514404,5.860000133514404,6386.0
2024-03-01 12:23:00,AUTL,6.335000038146973,6.335000038146973,6.335000038146973,6.329999923706055,6.329999923706055,532.0
2024-03-01 12:23:00,AVDL,12.890000343322754,12.890000343322754,12.9399995803833,12.890000343322754,12.934399604797363,803.0
2024-03-01 12:23:00,AVRO,1.350000023841858,1.350000023841858,1.3600000143051147,1.350000023841858,1.350000023841858,640.0
2024-03-01 12:23:00,AVXL,5.366199970245361,5.366199970245361,5.366199970245361,5.363999843597412,5.363999843597412,1022.0
2024-03-01 12:23:00,AXNX,67.69499969482422,67.69499969482422,67.69499969482422,67.66500091552734,67.66500091552734,745.0
2024-03-01 12:23:00,AXSM,82.55000305175781,82.55000305175781,82.55000305175781,82.55000305175781,82.55000305175781,249.0
2024-03-01 12:23:00,AZN,64.76499938964844,64.76499938964844,64.7750015258789,64.76000213623047,64.76319885253906,21382.0
2024-03-01 12:23:00,AZTA,66.68000030517578,66.68000030517578,66.68000030517578,66.68000030517578,66.68000030517578,135.0
2024-03-01 12:23:00,BCAB,2.734999895095825,2.734999895095825,2.734999895095825,2.734999895095825,2.734999895095825,223.0
2024-03-01 12:23:00,BCRX,5.769899845123291,5.769899845123291,5.769899845123291,5.764999866485596,5.764999866485596,384.0
2024-03-01 12:23:00,BDTX,5.014999866485596,5.014999866485596,5.019999980926514,5.010000228881836,5.019999980926514,532.0
2024-03-01 12:23:00,BEAM,39.959999084472656,39.959999084472656,40.02370071411133,39.95000076293945,40.0,2832.0
2024-03-01 12:23:00,BGXX,0.2705659866333008,0.2705659866333008,0.2705659866333008,0.2705659866333008,0.2705659866333008,508.0
2024-03-01 12:23:00,BIIB,220.7949981689453,220.7949981689453,220.7949981689453,220.6999969482422,220.6999969482422,1006.0
2024-03-01 12:23:00,BIOR,1.190000057220459,1.190000057220459,1.2000000476837158,1.190000057220459,1.2000000476837158,2347.0
2024-03-01 12:23:00,BIVI,1.8200000524520874,1.8200000524520874,1.840000033378601,1.7899999618530273,1.8299000263214111,90651.0
2024-03-01 12:23:00,BJDX,0.7900000214576721,0.7900000214576721,0.7900000214576721,0.7799999713897705,0.7799999713897705,11099.0
2024-03-01 12:23:00,BLUE,1.5850000381469727,1.5850000381469727,1.5850000381469727,1.5850000381469727,1.5850000381469727,197.0
2024-03-01 12:23:00,BMRN,87.13999938964844,87.13999938964844,87.13999938964844,87.05000305175781,87.05000305175781,1037.0
2024-03-01 12:23:00,BNGO,1.2599999904632568,1.2599999904632568,1.2599999904632568,1.2517000436782837,1.2598999738693237,7144.0
2024-03-01 12:23:00,BNR,0.8299999833106995,0.8299999833106995,0.8299999833106995,0.8299999833106995,0.8299999833106995,100.0
2024-03-01 12:23:00,BNTX,91.91000366210938,91.91000366210938,91.91000366210938,91.91000366210938,91.91000366210938,229.0
2024-03-01 12:23:00,BPMC,97.91000366210938,97.91000366210938,97.93000030517578,97.91000366210938,97.91000366210938,846.0
2024-03-01 12:23:00,BRKR,88.23500061035156,88.23500061035156,88.23500061035156,88.16000366210938,88.16000366210938,1843.0
2024-03-01 12:23:00,BSGM,0.64410001039505,0.64410001039505,0.64410001039505,0.6320000290870667,0.6320000290870667,270.0
2024-03-01 12:23:00,BTAI,3.240000009536743,3.240000009536743,3.240000009536743,3.240000009536743,3.240000009536743,426.0
2024-03-01 12:23:00,BTMD,6.090000152587891,6.090000152587891,6.090000152587891,6.065000057220459,6.065000057220459,657.0
2024-03-01 12:23:00,BTTX,0.17139999568462372,0.17139999568462372,0.17399999499320984,0.1712999939918518,0.1712999939918518,36681.0
2024-03-01 12:23:00,BWAY,6.53000020980835,6.53000020980835,6.53000020980835,6.53000020980835,6.53000020980835,105.0
2024-03-01 12:23:00,BYSI,1.5125999450683594,1.5125999450683594,1.5125999450683594,1.5125999450683594,1.5125999450683594,150.0
2024-03-01 12:23:00,CABA,23.959999084472656,23.959999084472656,23.959999084472656,23.959999084472656,23.959999084472656,457.0
2024-03-01 12:23:00,CAPR,4.550000190734863,4.550000190734863,4.550000190734863,4.550000190734863,4.550000190734863,1484.0
2024-03-01 12:23:00,CARA,0.8915650248527527,0.8915650248527527,0.8988999724388123,0.8902000188827515,0.8988999724388123,2363.0
2024-03-01 12:23:00,CBAY,32.249000549316406,32.249000549316406,32.25,32.244998931884766,32.244998931884766,434.0
2024-03-01 12:23:00,CCCC,10.859999656677246,10.859999656677246,10.859999656677246,10.851200103759766,10.851200103759766,1041.0
2024-03-01 12:23:00,CCRN,18.229999542236328,18.229999542236328,18.239999771118164,18.229999542236328,18.239999771118164,2226.0
2024-03-01 12:23:00,CDMO,8.135000228881836,8.135000228881836,8.135000228881836,8.135000228881836,8.135000228881836,208.0
2024-03-01 12:23:00,CDNA,12.430000305175781,12.430000305175781,12.515000343322754,12.430000305175781,12.515000343322754,7415.0
2024-03-01 12:23:00,CDTX,0.7200999855995178,0.7200999855995178,0.7200999855995178,0.7200999855995178,0.7200999855995178,500.0
2024-03-01 12:23:00,CDXS,4.545000076293945,4.545000076293945,4.550000190734863,4.545000076293945,4.550000190734863,432.0
2024-03-01 12:23:00,CERE,41.099998474121094,41.099998474121094,41.10499954223633,41.099998474121094,41.10499954223633,342.0
2024-03-01 12:23:00,CERT,17.600000381469727,17.600000381469727,17.600000381469727,17.59000015258789,17.59000015258789,1711.0
2024-03-01 12:23:00,CGC,3.2750000953674316,3.2750000953674316,3.2750000953674316,3.2750000953674316,3.2750000953674316,204.0
2024-03-01 12:23:00,CGEN,2.684999942779541,2.684999942779541,2.684999942779541,2.681999921798706,2.681999921798706,2391.0
2024-03-01 12:23:00,CGTX,2.059999942779541,2.059999942779541,2.059999942779541,2.0299999713897705,2.0299999713897705,747.0
2024-03-01 12:23:00,CHRS,2.3701000213623047,2.3701000213623047,2.3701000213623047,2.3701000213623047,2.3701000213623047,100.0
2024-03-01 12:23:00,CKPT,2.2100000381469727,2.2100000381469727,2.2100000381469727,2.2100000381469727,2.2100000381469727,100.0
2024-03-01 12:23:00,CLDX,50.72999954223633,50.72999954223633,50.95000076293945,50.72999954223633,50.95000076293945,2834.0
2024-03-01 12:23:00,CLOV,0.8666499853134155,0.8666499853134155,0.8676000237464905,0.8665000200271606,0.8676000237464905,6272.0
2024-03-01 12:23:00,CMPS,11.489999771118164,11.489999771118164,11.489999771118164,11.470000267028809,11.484399795532227,723.0
2024-03-01 12:23:00,CMPX,1.850000023841858,1.850000023841858,1.850000023841858,1.850000023841858,1.850000023841858,127.0
2024-03-01 12:23:00,CMRX,1.1399999856948853,1.1399999856948853,1.1399999856948853,1.1399999856948853,1.1399999856948853,100.0
2024-03-01 12:23:00,CORT,24.084999084472656,24.084999084472656,24.084999084472656,24.079999923706055,24.079999923706055,2236.0
2024-03-01 12:23:00,CPRX,17.1299991607666,17.1299991607666,17.15999984741211,17.1299991607666,17.149999618530273,5035.0
2024-03-01 12:23:00,CRBP,31.979999542236328,31.979999542236328,32.0099983215332,31.979999542236328,32.0099983215332,4057.0
2024-03-01 12:23:00,CRBU,8.0,8.0,8.0,8.0,8.0,800.0
2024-03-01 12:23:00,CRDF,2.281100034713745,2.281100034713745,2.289900064468384,2.2699999809265137,2.2792999744415283,9894.0
2024-03-01 12:23:00,CRDL,2.0,2.0,2.0,1.996399998664856,1.9980000257492065,480.0
2024-03-01 12:23:00,CRMD,3.7200000286102295,3.7200000286102295,3.7200000286102295,3.7100000381469727,3.7100000381469727,1564.0
2024-03-01 12:23:00,CRNX,46.04999923706055,46.04999923706055,46.064998626708984,46.02000045776367,46.029998779296875,1032.0
2024-03-01 12:23:00,CRON,2.059999942779541,2.059999942779541,2.059999942779541,2.055000066757202,2.055000066757202,210.0
2024-03-01 12:23:00,CRSP,85.33570098876953,85.33570098876953,85.41999816894531,85.33570098876953,85.41999816894531,1341.0
2024-03-01 12:23:00,CSTL,20.639299392700195,20.639299392700195,20.649999618530273,20.559999465942383,20.559999465942383,3852.0
2024-03-01 12:23:00,CTKB,8.65999984741211,8.65999984741211,8.65999984741211,8.65999984741211,8.65999984741211,157.0
2024-03-01 12:23:00,CTMX,2.6600000858306885,2.6600000858306885,2.6700000762939453,2.6600000858306885,2.6700000762939453,2550.0
2024-03-01 12:23:00,CTXR,0.7751500010490417,0.7751500010490417,0.7751500010490417,0.7751500010490417,0.7751500010490417,371.0
2024-03-01 12:23:00,CUE,2.209199905395508,2.209199905395508,2.209199905395508,2.209199905395508,2.209199905395508,170.0
2024-03-01 12:23:00,CUTR,2.4049999713897705,2.4049999713897705,2.4100000858306885,2.4000000953674316,2.4100000858306885,4900.0
2024-03-01 12:23:00,CVAC,3.509999990463257,3.509999990463257,3.509999990463257,3.505000114440918,3.505000114440918,1806.0
2024-03-01 12:23:00,CVRX,20.424999237060547,20.424999237060547,20.424999237060547,20.424999237060547,20.424999237060547,231.0
2024-03-01 12:23:00,CYTK,73.8499984741211,73.8499984741211,73.8499984741211,73.80999755859375,73.8499984741211,2847.0
2024-03-01 12:23:00,CYTO,2.2699999809265137,2.2699999809265137,2.305000066757202,2.2699999809265137,2.305000066757202,8526.0
2024-03-01 12:23:00,DCGO,4.119999885559082,4.119999885559082,4.125,4.119999885559082,4.119999885559082,735.0
2024-03-01 12:23:00,DCPH,17.469999313354492,17.469999313354492,17.469999313354492,17.469999313354492,17.469999313354492,244.0
2024-03-01 12:23:00,DMTK,0.8676999807357788,0.8676999807357788,0.8676999807357788,0.8676999807357788,0.8676999807357788,210.0
2024-03-01 12:23:00,DNLI,20.825000762939453,20.825000762939453,20.825000762939453,20.81999969482422,20.825000762939453,930.0
2024-03-01 12:23:00,DRRX,1.0049999952316284,1.0049999952316284,1.0049999952316284,1.0,1.0,1724.0
2024-03-01 12:23:00,DSGN,2.9049999713897705,2.9049999713897705,2.9049999713897705,2.9049999713897705,2.9049999713897705,111.0
2024-03-01 12:23:00,DTIL,12.449999809265137,12.449999809265137,12.449999809265137,12.289999961853027,12.3100004196167,3238.0
2024-03-01 12:23:00,DVAX,12.850000381469727,12.850000381469727,12.850000381469727,12.850000381469727,12.850000381469727,139.0
2024-03-01 12:23:00,DXCM,121.3499984741211,121.3499984741211,121.36000061035156,121.25,121.29000091552734,5724.0
2024-03-01 12:23:00,DYN,28.329999923706055,28.329999923706055,28.385000228881836,28.329999923706055,28.385000228881836,1932.0
2024-03-01 12:23:00,EDIT,10.850000381469727,10.850000381469727,10.854999542236328,10.850000381469727,10.854999542236328,716.0
2024-03-01 12:23:00,EGRX,6.75,6.75,6.75,6.75,6.75,210.0
2024-03-01 12:23:00,ELEV,4.820000171661377,4.820000171661377,4.820000171661377,4.789999961853027,4.789999961853027,2204.0
2024-03-01 12:23:00,ENLV,3.2300000190734863,3.2300000190734863,3.2300000190734863,3.2300000190734863,3.2300000190734863,19705.0
2024-03-01 12:23:00,ENSC,0.9200000166893005,0.9200000166893005,0.9200999736785889,0.9200000166893005,0.9200000166893005,6059.0
2024-03-01 12:23:00,ENTA,15.25,15.25,15.270000457763672,15.25,15.270000457763672,200.0
2024-03-01 12:23:00,ENVB,1.534999966621399,1.534999966621399,1.5399999618530273,1.5240999460220337,1.5299999713897705,9340.0
2024-03-01 12:23:00,ERAS,2.5250000953674316,2.5250000953674316,2.5250000953674316,2.5250000953674316,2.5250000953674316,200.0
2024-03-01 12:23:00,ESPR,2.5399999618530273,2.5399999618530273,2.5499000549316406,2.5399999618530273,2.5499000549316406,3362.0
2024-03-01 12:23:00,ESTA,45.68000030517578,45.68000030517578,45.899898529052734,45.68000030517578,45.899898529052734,445.0
2024-03-01 12:23:00,ETNB,13.114800453186035,13.114800453186035,13.130000114440918,13.114800453186035,13.130000114440918,1499.0
2024-03-01 12:23:00,EVOK,0.6399999856948853,0.6399999856948853,0.6399999856948853,0.6399999856948853,0.6399999856948853,137.0
2024-03-01 12:23:00,EXAI,6.820000171661377,6.820000171661377,6.820000171661377,6.820000171661377,6.820000171661377,142.0
2024-03-01 12:23:00,EXAS,60.21500015258789,60.21500015258789,60.22930145263672,60.209999084472656,60.224998474121094,1289.0
2024-03-01 12:23:00,EXEL,22.5,22.5,22.5049991607666,22.5,22.5049991607666,1040.0
2024-03-01 12:23:00,EYPT,27.920000076293945,27.920000076293945,27.920000076293945,27.889999389648438,27.889999389648438,394.0
2024-03-01 12:23:00,FATE,7.425000190734863,7.425000190734863,7.427700042724609,7.420000076293945,7.425000190734863,4703.0
2024-03-01 12:23:00,FBRX,0.715050995349884,0.715050995349884,0.715050995349884,0.715050995349884,0.715050995349884,222.0
2024-03-01 12:23:00,FDMT,29.299999237060547,29.299999237060547,29.299999237060547,29.299999237060547,29.299999237060547,114.0
2024-03-01 12:23:00,FGEN,1.850000023841858,1.850000023841858,1.850000023841858,1.850000023841858,1.850000023841858,1146.0
2024-03-01 12:23:00,FLGC,1.190000057220459,1.190000057220459,1.190000057220459,1.190000057220459,1.190000057220459,312.0
2024-03-01 12:23:00,FLGT,23.260000228881836,23.260000228881836,23.260000228881836,23.260000228881836,23.260000228881836,535.0
2024-03-01 12:23:00,FOLD,13.354999542236328,13.354999542236328,13.354999542236328,13.354999542236328,13.354999542236328,366.0
2024-03-01 12:23:00,FULC,10.895000457763672,10.895000457763672,10.899999618530273,10.895000457763672,10.899999618530273,567.0
2024-03-01 12:23:00,FUSN,12.255000114440918,12.255000114440918,12.260000228881836,12.255000114440918,12.260000228881836,1190.0
2024-03-01 12:23:00,GBIO,2.6600000858306885,2.6600000858306885,2.6600000858306885,2.6600000858306885,2.6600000858306885,117.0
2024-03-01 12:23:00,GDRX,8.319999694824219,8.319999694824219,8.34000015258789,8.319999694824219,8.34000015258789,2765.0
2024-03-01 12:23:00,GERN,2.197000026702881,2.197000026702881,2.200000047683716,2.194000005722046,2.200000047683716,3421.0
2024-03-01 12:23:00,GH,19.190000534057617,19.190000534057617,19.190000534057617,19.170000076293945,19.190000534057617,917.0
2024-03-01 12:23:00,GILD,72.30500030517578,72.30500030517578,72.30599975585938,72.2699966430664,72.27999877929688,6944.0
2024-03-01 12:23:00,GLYC,3.0450000762939453,3.0450000762939453,3.0450000762939453,3.0399999618530273,3.0450000762939453,609.0
2024-03-01 12:23:00,GMAB,29.415000915527344,29.415000915527344,29.420000076293945,29.415000915527344,29.420000076293945,219.0
2024-03-01 12:23:00,GMDA,0.3865000009536743,0.3865000009536743,0.3865000009536743,0.3865000009536743,0.3865000009536743,13981.0
2024-03-01 12:23:00,GOSS,1.3650000095367432,1.3650000095367432,1.3650000095367432,1.3600000143051147,1.3600000143051147,694.0
2024-03-01 12:23:00,GRFS,7.099999904632568,7.099999904632568,7.099999904632568,7.054999828338623,7.054999828338623,8340.0
2024-03-01 12:23:00,GRTS,2.174999952316284,2.174999952316284,2.174999952316284,2.1600000858306885,2.1600000858306885,17482.0
2024-03-01 12:23:00,GTHX,3.6700000762939453,3.6700000762939453,3.680000066757202,3.6700000762939453,3.6700000762939453,5592.0
2024-03-01 12:23:00,HALO,41.77000045776367,41.77000045776367,41.77000045776367,41.75,41.75,1119.0
2024-03-01 12:23:00,HARP,22.940000534057617,22.940000534057617,22.940000534057617,22.940000534057617,22.940000534057617,101.0
2024-03-01 12:23:00,HCAT,8.039999961853027,8.039999961853027,8.050000190734863,8.039999961853027,8.050000190734863,2148.0
2024-03-01 12:23:00,HCSG,12.694999694824219,12.694999694824219,12.694999694824219,12.65999984741211,12.65999984741211,2476.0
2024-03-01 12:23:00,HCTI,2.410099983215332,2.410099983215332,2.410099983215332,2.410099983215332,2.410099983215332,346.0
2024-03-01 12:23:00,HLTH,0.2736999988555908,0.2736999988555908,0.2736999988555908,0.2736999988555908,0.2736999988555908,2136.0
2024-03-01 12:23:00,HOLX,73.72000122070312,73.72000122070312,73.72000122070312,73.68499755859375,73.72000122070312,2754.0
2024-03-01 12:23:00,HOOK,0.7990000247955322,0.7990000247955322,0.7990000247955322,0.7990000247955322,0.7990000247955322,801.0
2024-03-01 12:23:00,HOWL,6.965000152587891,6.965000152587891,6.965000152587891,6.965000152587891,6.965000152587891,200.0
2024-03-01 12:23:00,HPCO,0.25989899039268494,0.25989899039268494,0.25989899039268494,0.25989899039268494,0.25989899039268494,1079.0
2024-03-01 12:23:00,HRTX,2.619999885559082,2.619999885559082,2.619999885559082,2.615000009536743,2.615000009536743,1607.0
2024-03-01 12:23:00,HSIC,76.88099670410156,76.88099670410156,76.91999816894531,76.88099670410156,76.88999938964844,1192.0
2024-03-01 12:23:00,HUMA,3.4700000286102295,3.4700000286102295,3.5,3.450000047683716,3.494999885559082,16896.0
2024-03-01 12:23:00,IART,36.630001068115234,36.630001068115234,36.630001068115234,36.619998931884766,36.619998931884766,927.0
2024-03-01 12:23:00,IBRX,4.880000114440918,4.880000114440918,4.885000228881836,4.875,4.885000228881836,3174.0
2024-03-01 12:23:00,ICLR,322.8500061035156,322.8500061035156,322.989990234375,322.8500061035156,322.989990234375,792.0
2024-03-01 12:23:00,ICUI,105.375,105.375,105.45999908447266,105.375,105.45999908447266,358.0
2024-03-01 12:23:00,IDXX,579.9299926757812,579.9299926757812,580.4600219726562,579.9299926757812,580.4400024414062,434.0
2024-03-01 12:23:00,IDYA,46.369998931884766,46.369998931884766,46.369998931884766,46.369998931884766,46.369998931884766,405.0
2024-03-01 12:23:00,IFRX,1.8650000095367432,1.8650000095367432,1.8650000095367432,1.8600000143051147,1.8600000143051147,764.0
2024-03-01 12:23:00,IINN,1.6398999691009521,1.6398999691009521,1.6398999691009521,1.6398999691009521,1.6398999691009521,179.0
2024-03-01 12:23:00,IKNA,1.4882999658584595,1.4882999658584595,1.4882999658584595,1.4882999658584595,1.4882999658584595,304.0
2024-03-01 12:23:00,ILMN,142.32000732421875,142.32000732421875,142.32000732421875,142.32000732421875,142.32000732421875,745.0
2024-03-01 12:23:00,IMMX,3.5399999618530273,3.5399999618530273,3.5399999618530273,3.5399999618530273,3.5399999618530273,100.0
2024-03-01 12:23:00,IMTX,12.920000076293945,12.920000076293945,12.9350004196167,12.920000076293945,12.9350004196167,513.0
2024-03-01 12:23:00,IMUX,1.4900000095367432,1.4900000095367432,1.4900000095367432,1.4900000095367432,1.4900000095367432,451.0
2024-03-01 12:23:00,INCY,59.17499923706055,59.17499923706055,59.18000030517578,59.119998931884766,59.119998931884766,1076.0
2024-03-01 12:23:00,INGN,6.860000133514404,6.860000133514404,6.860000133514404,6.860000133514404,6.860000133514404,211.0
2024-03-01 12:23:00,INMD,22.875,22.875,22.875,22.875,22.875,569.0
2024-03-01 12:23:00,INO,9.329999923706055,9.329999923706055,9.329999923706055,9.329999923706055,9.329999923706055,249.0
2024-03-01 12:23:00,INSM,28.5,28.5,28.5,28.5,28.5,111.0
2024-03-01 12:23:00,INVA,15.555000305175781,15.555000305175781,15.555000305175781,15.555000305175781,15.555000305175781,201.0
2024-03-01 12:23:00,INZY,6.71999979019165,6.71999979019165,6.71999979019165,6.71999979019165,6.71999979019165,133.0
2024-03-01 12:23:00,IONS,45.959999084472656,45.959999084472656,46.005001068115234,45.959999084472656,46.005001068115234,630.0
2024-03-01 12:23:00,IOVA,16.850000381469727,16.850000381469727,16.859899520874023,16.850000381469727,16.854999542236328,5605.0
2024-03-01 12:23:00,IRWD,9.109999656677246,9.109999656677246,9.119999885559082,9.104999542236328,9.114999771118164,11170.0
2024-03-01 12:23:00,ISRG,395.5400085449219,395.5400085449219,395.5400085449219,395.2857971191406,395.2857971191406,3133.0
2024-03-01 12:23:00,ITOS,10.760000228881836,10.760000228881836,10.770000457763672,10.7568998336792,10.770000457763672,2556.0
2024-03-01 12:23:00,IXHL,5.449999809265137,5.449999809265137,5.449999809265137,5.449999809265137,5.449999809265137,222.0
2024-03-01 12:23:00,JAGX,0.07280000299215317,0.07280000299215317,0.07289999723434448,0.07270000129938126,0.07289999723434448,95384.0
2024-03-01 12:23:00,JANX,47.0,47.0,47.150001525878906,46.90999984741211,47.13999938964844,4858.0
2024-03-01 12:23:00,JSPR,21.270000457763672,21.270000457763672,21.274999618530273,21.270000457763672,21.274999618530273,444.0
2024-03-01 12:23:00,KNTE,2.6050000190734863,2.6050000190734863,2.610100030899048,2.6050000190734863,2.609999895095825,1280.0
2024-03-01 12:23:00,KOD,6.144999980926514,6.144999980926514,6.150000095367432,6.144999980926514,6.150000095367432,763.0
2024-03-01 12:23:00,KPTI,1.1950000524520874,1.1950000524520874,1.2000000476837158,1.1950000524520874,1.2000000476837158,519.0
2024-03-01 12:23:00,KTRA,0.09610000252723694,0.09610000252723694,0.09610000252723694,0.09605000168085098,0.09605000168085098,2500.0
2024-03-01 12:23:00,KURA,21.200000762939453,21.200000762939453,21.200000762939453,21.200000762939453,21.200000762939453,605.0
2024-03-01 12:23:00,KYMR,43.95500183105469,43.95500183105469,44.01499938964844,43.95500183105469,44.01499938964844,1402.0
2024-03-01 12:23:00,KZR,1.0850000381469727,1.0850000381469727,1.0850000381469727,1.0850000381469727,1.0850000381469727,3106.0
2024-03-01 12:23:00,LAB,2.505000114440918,2.505000114440918,2.505000114440918,2.505000114440918,2.505000114440918,119.0
2024-03-01 12:23:00,LEXX,2.7727999687194824,2.7727999687194824,2.7727999687194824,2.740999937057495,2.7500998973846436,5004.0
2024-03-01 12:23:00,LFMD,8.020000457763672,8.020000457763672,8.020000457763672,7.989999771118164,8.0,7795.0
2024-03-01 12:23:00,LGND,79.1050033569336,79.1050033569336,79.1050033569336,79.1050033569336,79.1050033569336,187.0
2024-03-01 12:23:00,LGVN,0.5400000214576721,0.5400000214576721,0.5400000214576721,0.5400000214576721,0.5400000214576721,2001.0
2024-03-01 12:23:00,LIFE,1.930999994277954,1.930999994277954,1.930999994277954,1.930999994277954,1.930999994277954,225.0
2024-03-01 12:23:00,LIVN,55.720001220703125,55.720001220703125,55.720001220703125,55.720001220703125,55.720001220703125,375.0
2024-03-01 12:23:00,LMAT,67.16500091552734,67.16500091552734,67.16500091552734,67.16500091552734,67.16500091552734,495.0
2024-03-01 12:23:00,LNTH,65.52999877929688,65.52999877929688,65.52999877929688,65.48500061035156,65.48500061035156,1354.0
2024-03-01 12:23:00,LQDA,14.404999732971191,14.404999732971191,14.404999732971191,14.404999732971191,14.404999732971191,440.0
2024-03-01 12:23:00,LTRN,4.599999904632568,4.599999904632568,4.610000133514404,4.599999904632568,4.610000133514404,358.0
2024-03-01 12:23:00,LVTX,3.049999952316284,3.049999952316284,3.049999952316284,3.009999990463257,3.009999990463257,3805.0
2024-03-01 12:23:00,LXRX,2.4649999141693115,2.4649999141693115,2.4649999141693115,2.4600000381469727,2.4639999866485596,52969.0
2024-03-01 12:23:00,LYEL,3.1500000953674316,3.1500000953674316,3.1500000953674316,3.1500000953674316,3.1500000953674316,5020.0
2024-03-01 12:23:00,LYRA,5.599999904632568,5.599999904632568,5.599999904632568,5.599999904632568,5.599999904632568,100.0
2024-03-01 12:23:00,MDRX,6.0,6.0,6.050000190734863,6.0,6.0,21408.0
2024-03-01 12:23:00,ME,0.5662999749183655,0.5662999749183655,0.5708000063896179,0.5662999749183655,0.5708000063896179,32340.0
2024-03-01 12:23:00,MGNX,18.8700008392334,18.8700008392334,18.875,18.850000381469727,18.850000381469727,3693.0
2024-03-01 12:23:00,MGTX,6.385000228881836,6.385000228881836,6.385000228881836,6.385000228881836,6.385000228881836,120.0
2024-03-01 12:23:00,MIRM,29.979999542236328,29.979999542236328,29.979999542236328,29.920000076293945,29.920000076293945,407.0
2024-03-01 12:23:00,MIST,1.725000023841858,1.725000023841858,1.725000023841858,1.7200000286102295,1.7200000286102295,1612.0
2024-03-01 12:23:00,MNKD,4.545000076293945,4.545000076293945,4.550000190734863,4.545000076293945,4.550000190734863,1794.0
2024-03-01 12:23:00,MNMD,6.139999866485596,6.139999866485596,6.159999847412109,6.139999866485596,6.159999847412109,6164.0
2024-03-01 12:23:00,MODD,1.9199999570846558,1.9199999570846558,1.9199999570846558,1.9199999570846558,1.9199999570846558,200.0
2024-03-01 12:23:00,MORF,39.25,39.25,39.279998779296875,39.25,39.279998779296875,234.0
2024-03-01 12:23:00,MOTS,0.6578999757766724,0.6578999757766724,0.6648989915847778,0.6578999757766724,0.6648989915847778,2401.0
2024-03-01 12:23:00,MREO,3.8550000190734863,3.8550000190734863,3.8550000190734863,3.8550000190734863,3.8550000190734863,330.0
2024-03-01 12:23:00,MRNA,96.2300033569336,96.2300033569336,96.23500061035156,96.2300033569336,96.23500061035156,3716.0
2024-03-01 12:23:00,MRSN,5.96999979019165,5.96999979019165,5.96999979019165,5.960000038146973,5.960000038146973,464.0
2024-03-01 12:23:00,MRUS,51.439998626708984,51.439998626708984,51.459999084472656,51.369998931884766,51.43000030517578,2258.0
2024-03-01 12:23:00,MRVI,7.84499979019165,7.84499979019165,7.84499979019165,7.84499979019165,7.84499979019165,206.0
2024-03-01 12:23:00,MXCT,4.769999980926514,4.769999980926514,4.769999980926514,4.769999980926514,4.769999980926514,321.0
2024-03-01 12:23:00,MYGN,21.600000381469727,21.600000381469727,21.600000381469727,21.600000381469727,21.600000381469727,368.0
2024-03-01 12:23:00,NARI,45.880001068115234,45.880001068115234,45.939998626708984,45.849998474121094,45.93000030517578,2515.0
2024-03-01 12:23:00,NAUT,2.6700000762939453,2.6700000762939453,2.6700000762939453,2.6700000762939453,2.6700000762939453,112.0
2024-03-01 12:23:00,NBIX,131.1199951171875,131.1199951171875,131.1925048828125,131.0,131.0,2832.0
2024-03-01 12:23:00,NDRA,1.1299999952316284,1.1299999952316284,1.131600022315979,1.1299999952316284,1.1305999755859375,5017.0
2024-03-01 12:23:00,NEOG,17.395000457763672,17.395000457763672,17.399999618530273,17.395000457763672,17.395000457763672,812.0
2024-03-01 12:23:00,NERV,2.549999952316284,2.549999952316284,2.559999942779541,2.549999952316284,2.549999952316284,5400.0
2024-03-01 12:23:00,NGM,1.5299999713897705,1.5299999713897705,1.534999966621399,1.5299999713897705,1.534999966621399,981.0
2024-03-01 12:23:00,NKTR,0.7773000001907349,0.7773000001907349,0.779699981212616,0.7749999761581421,0.7749999761581421,6733.0
2024-03-01 12:23:00,NKTX,12.965900421142578,12.965900421142578,12.965900421142578,12.965900421142578,12.965900421142578,1957.0
2024-03-01 12:23:00,NMTC,1.2100000381469727,1.2100000381469727,1.2100000381469727,1.2100000381469727,1.2100000381469727,153.0
2024-03-01 12:23:00,NNOX,11.170000076293945,11.170000076293945,11.196100234985352,11.164999961853027,11.194999694824219,6033.0
2024-03-01 12:23:00,NPCE,16.489999771118164,16.489999771118164,16.489999771118164,16.489999771118164,16.489999771118164,111.0
2024-03-01 12:23:00,NRBO,5.928999900817871,5.928999900817871,5.928999900817871,5.909999847412109,5.909999847412109,317.0
2024-03-01 12:23:00,NRIX,13.520000457763672,13.520000457763672,13.520000457763672,13.520000457763672,13.520000457763672,300.0
2024-03-01 12:23:00,NRSN,2.100100040435791,2.100100040435791,2.140000104904175,2.0999999046325684,2.1217000484466553,7912.0
2024-03-01 12:23:00,NRXP,0.40799999237060547,0.40799999237060547,0.40799999237060547,0.40799999237060547,0.40799999237060547,517.0
2024-03-01 12:23:00,NTLA,33.44449996948242,33.44449996948242,33.44449996948242,33.423500061035156,33.439998626708984,1217.0
2024-03-01 12:23:00,NTRA,89.08999633789062,89.08999633789062,89.08999633789062,88.94000244140625,88.94000244140625,9253.0
2024-03-01 12:23:00,NUVL,88.72000122070312,88.72000122070312,88.72000122070312,88.72000122070312,88.72000122070312,399.0
2024-03-01 12:23:00,NUWE,0.5799000263214111,0.5799000263214111,0.5799000263214111,0.5774490237236023,0.5774490237236023,200.0
2024-03-01 12:23:00,NVAX,5.151199817657471,5.151199817657471,5.151199817657471,5.150000095367432,5.150000095367432,1961.0
2024-03-01 12:23:00,NVCR,16.040000915527344,16.040000915527344,16.040000915527344,16.040000915527344,16.040000915527344,217.0
2024-03-01 12:23:00,NVNO,6.499899864196777,6.499899864196777,6.5,6.454999923706055,6.5,3100.0
2024-03-01 12:23:00,NXTC,1.7799999713897705,1.7799999713897705,1.7799999713897705,1.7799999713897705,1.7799999713897705,8273.0
2024-03-01 12:23:00,NYXH,15.0,15.0,15.0,15.0,15.0,155.0
2024-03-01 12:23:00,OCGN,0.9333000183105469,0.9333000183105469,0.9345499873161316,0.9333000183105469,0.9345499873161316,1591.0
2024-03-01 12:23:00,OCUL,10.71500015258789,10.71500015258789,10.71500015258789,10.70009994506836,10.710000038146973,587.0
2024-03-01 12:23:00,OGI,2.1898999214172363,2.1898999214172363,2.1898999214172363,2.180000066757202,2.180000066757202,6406.0
2024-03-01 12:23:00,OLMA,14.050000190734863,14.050000190734863,14.0600004196167,13.960000038146973,13.960000038146973,2717.0
2024-03-01 12:23:00,OM,3.1600000858306885,3.1600000858306885,3.1600000858306885,3.1600000858306885,3.1600000858306885,1733.0
2024-03-01 12:24:00,AADI,1.9900000095367432,1.9900000095367432,1.9900000095367432,1.9900000095367432,1.9900000095367432,1095.0
2024-03-01 12:24:00,ABCL,5.2017998695373535,5.2017998695373535,5.204999923706055,5.199999809265137,5.204999923706055,971.0
2024-03-01 12:24:00,ABEO,7.809999942779541,7.809999942779541,7.809999942779541,7.809999942779541,7.809999942779541,101.0
2024-03-01 12:24:00,ABOS,4.659999847412109,4.659999847412109,4.659999847412109,4.659999847412109,4.659999847412109,100.0
2024-03-01 12:24:00,ABSI,5.255000114440918,5.255000114440918,5.255000114440918,5.255000114440918,5.255000114440918,1467.0
2024-03-01 12:24:00,ACAD,24.1200008392334,24.1200008392334,24.1200008392334,24.110000610351562,24.1200008392334,1257.0
2024-03-01 12:24:00,ACB,3.188999891281128,3.188999891281128,3.190700054168701,3.188999891281128,3.190700054168701,2949.0
2024-03-01 12:24:00,ACET,2.4049999713897705,2.4049999713897705,2.4052000045776367,2.4000000953674316,2.4000000953674316,4578.0
2024-03-01 12:24:00,ACHC,84.2750015258789,84.2750015258789,84.2750015258789,84.2750015258789,84.2750015258789,285.0
2024-03-01 12:24:00,ACLX,67.23999786376953,67.23999786376953,67.23999786376953,67.23999786376953,67.23999786376953,314.0
2024-03-01 12:24:00,ACRS,1.2400000095367432,1.2400000095367432,1.2400000095367432,1.2350000143051147,1.2350000143051147,2756.0
2024-03-01 12:24:00,ACST,3.3949999809265137,3.3949999809265137,3.3949999809265137,3.3949999809265137,3.3949999809265137,380.0
2024-03-01 12:24:00,ADIL,3.2483999729156494,3.2483999729156494,3.2699999809265137,3.2009999752044678,3.2249999046325684,83495.0
2024-03-01 12:24:00,ADMA,5.394999980926514,5.394999980926514,5.400000095367432,5.394999980926514,5.394999980926514,1302.0
2024-03-01 12:24:00,ADPT,4.195000171661377,4.195000171661377,4.199999809265137,4.195000171661377,4.199999809265137,650.0
2024-03-01 12:24:00,ADUS,93.5199966430664,93.5199966430664,93.5199966430664,93.5199966430664,93.5199966430664,181.0
2024-03-01 12:24:00,ADVM,1.975000023841858,1.975000023841858,1.975000023841858,1.975000023841858,1.975000023841858,211.0
2024-03-01 12:24:00,AGEN,0.6738499999046326,0.6738499999046326,0.6739000082015991,0.6738499999046326,0.6738499999046326,16569.0
2024-03-01 12:24:00,AGIO,32.81999969482422,32.81999969482422,32.81999969482422,32.81999969482422,32.81999969482422,1053.0
2024-03-01 12:24:00,AHCO,10.8149995803833,10.8149995803833,10.819999694824219,10.805000305175781,10.8100004196167,2574.0
2024-03-01 12:24:00,AKBA,1.690000057220459,1.690000057220459,1.690000057220459,1.690000057220459,1.690000057220459,421.0
2024-03-01 12:24:00,AKRO,30.26300048828125,30.26300048828125,30.395000457763672,30.239999771118164,30.395000457763672,7590.0
2024-03-01 12:24:00,ALDX,4.135000228881836,4.135000228881836,4.135000228881836,4.131999969482422,4.131999969482422,1046.0
2024-03-01 12:24:00,ALGS,1.1100000143051147,1.1100000143051147,1.1100000143051147,1.1100000143051147,1.1100000143051147,1753.0
2024-03-01 12:24:00,ALHC,5.71999979019165,5.71999979019165,5.730000019073486,5.71999979019165,5.730000019073486,940.0
2024-03-01 12:24:00,ALKS,30.110000610351562,30.110000610351562,30.139999389648438,30.100000381469727,30.139999389648438,2205.0
2024-03-01 12:24:00,ALLK,1.6074999570846558,1.6074999570846558,1.6074999570846558,1.6050000190734863,1.6050000190734863,303.0
2024-03-01 12:24:00,ALLO,5.045000076293945,5.045000076293945,5.045000076293945,5.041200160980225,5.041200160980225,447.0
2024-03-01 12:24:00,ALNY,154.43499755859375,154.43499755859375,154.44000244140625,154.43499755859375,154.44000244140625,1021.0
2024-03-01 12:24:00,ALPN,35.83000183105469,35.83000183105469,35.880001068115234,35.83000183105469,35.880001068115234,1113.0
2024-03-01 12:24:00,ALT,12.010000228881836,12.010000228881836,12.010000228881836,12.0,12.0,2618.0
2024-03-01 12:24:00,AMED,93.22000122070312,93.22000122070312,93.22000122070312,93.19999694824219,93.19999694824219,312.0
2024-03-01 12:24:00,AMGN,281.6299133300781,281.6299133300781,281.6700134277344,281.5249938964844,281.6499938964844,3345.0
2024-03-01 12:24:00,AMLX,18.780000686645508,18.780000686645508,18.780000686645508,18.780000686645508,18.780000686645508,227.0
2024-03-01 12:24:00,AMRN,1.0499999523162842,1.0499999523162842,1.0549999475479126,1.0499999523162842,1.0549999475479126,316.0
2024-03-01 12:24:00,ANIX,3.509999990463257,3.509999990463257,3.509999990463257,3.509999990463257,3.509999990463257,105.0
2024-03-01 12:24:00,ANNX,5.920000076293945,5.920000076293945,5.920000076293945,5.920000076293945,5.920000076293945,200.0
2024-03-01 12:24:00,APDN,0.5658599734306335,0.5658599734306335,0.5658599734306335,0.5658599734306335,0.5658599734306335,100.0
2024-03-01 12:24:00,APLS,65.18000030517578,65.18000030517578,65.20999908447266,65.13739776611328,65.20999908447266,5991.0
2024-03-01 12:24:00,APLT,7.079999923706055,7.079999923706055,7.085000038146973,7.053699970245361,7.070000171661377,3791.0
2024-03-01 12:24:00,APVO,0.16030000150203705,0.16030000150203705,0.16030000150203705,0.16019999980926514,0.16019999980926514,1720.0
2024-03-01 12:24:00,AQST,4.315000057220459,4.315000057220459,4.315000057220459,4.315000057220459,4.315000057220459,444.0
2024-03-01 12:24:00,ARAY,2.6401000022888184,2.6401000022888184,2.6401000022888184,2.6401000022888184,2.6401000022888184,204.0
2024-03-01 12:24:00,ARDX,9.649999618530273,9.649999618530273,9.670000076293945,9.649999618530273,9.670000076293945,7303.0
2024-03-01 12:24:00,ARGX,391.1400146484375,391.1400146484375,391.1400146484375,391.1400146484375,391.1400146484375,477.0
2024-03-01 12:24:00,ARQT,11.5600004196167,11.5600004196167,11.5600004196167,11.529999732971191,11.529999732971191,3457.0
2024-03-01 12:24:00,ARVN,49.21500015258789,49.21500015258789,49.27000045776367,49.15999984741211,49.27000045776367,2045.0
2024-03-01 12:24:00,ARWR,35.750099182128906,35.750099182128906,35.750099182128906,35.750099182128906,35.750099182128906,2057.0
2024-03-01 12:24:00,ASMB,13.105199813842773,13.105199813842773,13.141300201416016,13.100000381469727,13.10099983215332,1355.0
2024-03-01 12:24:00,ASND,150.8300018310547,150.8300018310547,150.8300018310547,150.8300018310547,150.8300018310547,142.0
2024-03-01 12:24:00,ASRT,0.9383999705314636,0.9383999705314636,0.9383999705314636,0.9383999705314636,0.9383999705314636,185.0
2024-03-01 12:24:00,ATAI,2.0999999046325684,2.0999999046325684,2.0999999046325684,2.0999999046325684,2.0999999046325684,1937.0
2024-03-01 12:24:00,ATEC,13.5600004196167,13.5600004196167,13.5600004196167,13.545000076293945,13.550000190734863,21502.0
2024-03-01 12:24:00,ATHA,3.9749999046325684,3.9749999046325684,3.9749999046325684,3.9700000286102295,3.9700000286102295,210.0
2024-03-01 12:24:00,ATRA,0.7942000031471252,0.7942000031471252,0.7942000031471252,0.7921000123023987,0.7921000123023987,242.0
2024-03-01 12:24:00,ATXI,0.15389999747276306,0.15389999747276306,0.15389999747276306,0.15389999747276306,0.15389999747276306,300.0
2024-03-01 12:24:00,AUGX,4.610000133514404,4.610000133514404,4.610000133514404,4.610000133514404,4.610000133514404,110.0
2024-03-01 12:24:00,AUPH,5.860000133514404,5.860000133514404,5.864999771118164,5.860000133514404,5.864999771118164,2556.0
2024-03-01 12:24:00,AUTL,6.369999885559082,6.369999885559082,6.369999885559082,6.340000152587891,6.340000152587891,1438.0
2024-03-01 12:24:00,AVDL,12.890000343322754,12.890000343322754,12.9399995803833,12.890000343322754,12.914999961853027,443.0
2024-03-01 12:24:00,AVIR,4.539999961853027,4.539999961853027,4.540500164031982,4.539999961853027,4.539999961853027,2454.0
2024-03-01 12:24:00,AVRO,1.350000023841858,1.350000023841858,1.350000023841858,1.350000023841858,1.350000023841858,100.0
2024-03-01 12:24:00,AVXL,5.360000133514404,5.360000133514404,5.369999885559082,5.360000133514404,5.369999885559082,3893.0
2024-03-01 12:24:00,AXGN,10.510000228881836,10.510000228881836,10.510000228881836,10.510000228881836,10.510000228881836,108.0
2024-03-01 12:24:00,AXNX,67.66999816894531,67.66999816894531,67.7300033569336,67.66999816894531,67.72000122070312,4482.0
2024-03-01 12:24:00,AXSM,82.41999816894531,82.41999816894531,82.65499877929688,82.37000274658203,82.65499877929688,1882.0
2024-03-01 12:24:00,AZN,64.74500274658203,64.74500274658203,64.76010131835938,64.73999786376953,64.76010131835938,15880.0
2024-03-01 12:24:00,AZTA,66.7300033569336,66.7300033569336,66.7300033569336,66.68499755859375,66.68499755859375,432.0
2024-03-01 12:24:00,BBLG,2.309999942779541,2.309999942779541,2.309999942779541,2.309999942779541,2.309999942779541,100.0
2024-03-01 12:24:00,BCRX,5.769999980926514,5.769999980926514,5.789999961853027,5.760000228881836,5.764999866485596,22613.0
2024-03-01 12:24:00,BCYC,25.895000457763672,25.895000457763672,25.895000457763672,25.895000457763672,25.895000457763672,441.0
2024-03-01 12:24:00,BDTX,5.019999980926514,5.019999980926514,5.019999980926514,5.010000228881836,5.010000228881836,921.0
2024-03-01 12:24:00,BEAM,39.97999954223633,39.97999954223633,40.0099983215332,39.97999954223633,40.0099983215332,1310.0
2024-03-01 12:24:00,BEAT,1.4900000095367432,1.4900000095367432,1.4900000095367432,1.4900000095367432,1.4900000095367432,1241.0
2024-03-01 12:24:00,BGXX,0.2703000009059906,0.2703000009059906,0.2705000042915344,0.2703000009059906,0.2705000042915344,748.0
2024-03-01 12:24:00,BIIB,220.78500366210938,220.78500366210938,220.78500366210938,220.78500366210938,220.78500366210938,1107.0
2024-03-01 12:24:00,BIOL,0.1379999965429306,0.1379999965429306,0.1379999965429306,0.1379999965429306,0.1379999965429306,201.0
2024-03-01 12:24:00,BIOR,1.1816999912261963,1.1816999912261963,1.1816999912261963,1.1816999912261963,1.1816999912261963,125.0
2024-03-01 12:24:00,BIVI,1.7999999523162842,1.7999999523162842,1.809999942779541,1.7899999618530273,1.809999942779541,68063.0
2024-03-01 12:24:00,BLFS,18.420000076293945,18.420000076293945,18.420000076293945,18.360000610351562,18.360000610351562,1615.0
2024-03-01 12:24:00,BLUE,1.5850000381469727,1.5850000381469727,1.5850000381469727,1.5850000381469727,1.5850000381469727,1168.0
2024-03-01 12:24:00,BMEA,18.014999389648438,18.014999389648438,18.014999389648438,18.010000228881836,18.010000228881836,928.0
2024-03-01 12:24:00,BMRN,87.16999816894531,87.16999816894531,87.16999816894531,87.16999816894531,87.16999816894531,395.0
2024-03-01 12:24:00,BNGO,1.253999948501587,1.253999948501587,1.2599999904632568,1.25,1.25,1417.0
2024-03-01 12:24:00,BOLT,1.1899000406265259,1.1899000406265259,1.190000057220459,1.1899000406265259,1.190000057220459,3029.0
2024-03-01 12:24:00,BPMC,97.81999969482422,97.81999969482422,97.81999969482422,97.76000213623047,97.7699966430664,1142.0
2024-03-01 12:24:00,BRTX,1.5,1.5,1.5,1.5,1.5,100.0
2024-03-01 12:24:00,BWAY,6.53000020980835,6.53000020980835,6.53000020980835,6.53000020980835,6.53000020980835,200.0
2024-03-01 12:24:00,CABA,23.959999084472656,23.959999084472656,23.959999084472656,23.959999084472656,23.959999084472656,338.0
2024-03-01 12:24:00,CADL,1.7200000286102295,1.7200000286102295,1.7200000286102295,1.7200000286102295,1.7200000286102295,100.0
2024-03-01 12:24:00,CAPR,4.570000171661377,4.570000171661377,4.570000171661377,4.570000171661377,4.570000171661377,100.0
2024-03-01 12:24:00,CARA,0.8989999890327454,0.8989999890327454,0.8989999890327454,0.8989999890327454,0.8989999890327454,505.0
2024-03-01 12:24:00,CBAY,32.244998931884766,32.244998931884766,32.25,32.244998931884766,32.244998931884766,1540.0
2024-03-01 12:24:00,CCCC,10.929900169372559,10.929900169372559,10.929900169372559,10.875,10.875,3275.0
2024-03-01 12:24:00,CCRN,18.2549991607666,18.2549991607666,18.260000228881836,18.2549991607666,18.260000228881836,417.0
2024-03-01 12:24:00,CDMO,8.125,8.125,8.135000228881836,8.119999885559082,8.135000228881836,2411.0
2024-03-01 12:24:00,CDNA,12.390000343322754,12.390000343322754,12.4399995803833,12.390000343322754,12.4399995803833,5529.0
2024-03-01 12:24:00,CDXS,4.539999961853027,4.539999961853027,4.550000190734863,4.539999961853027,4.550000190734863,2569.0
2024-03-01 12:24:00,CERE,41.099998474121094,41.099998474121094,41.10499954223633,41.099998474121094,41.10499954223633,811.0
2024-03-01 12:24:00,CERT,17.6200008392334,17.6200008392334,17.6200008392334,17.6200008392334,17.6200008392334,631.0
2024-03-01 12:24:00,CGC,3.2699999809265137,3.2699999809265137,3.2699999809265137,3.265000104904175,3.2699999809265137,7790.0
2024-03-01 12:24:00,CGEM,18.989999771118164,18.989999771118164,18.989999771118164,18.989999771118164,18.989999771118164,212.0
2024-03-01 12:24:00,CGEN,2.6895999908447266,2.6895999908447266,2.690000057220459,2.6895999908447266,2.690000057220459,465.0
2024-03-01 12:24:00,CGTX,2.0299999713897705,2.0299999713897705,2.059299945831299,2.009999990463257,2.0299999713897705,4180.0
2024-03-01 12:24:00,CHRS,2.375,2.375,2.380000114440918,2.375,2.380000114440918,406.0
2024-03-01 12:24:00,CING,1.350000023841858,1.350000023841858,1.350000023841858,1.350000023841858,1.350000023841858,10040.0
2024-03-01 12:24:00,CKPT,2.2100000381469727,2.2100000381469727,2.2100000381469727,2.2100000381469727,2.2100000381469727,200.0
2024-03-01 12:24:00,CLDX,50.869998931884766,50.869998931884766,50.869998931884766,50.85499954223633,50.85499954223633,700.0
2024-03-01 12:24:00,CLNN,0.38749998807907104,0.38749998807907104,0.38749998807907104,0.38749998807907104,0.38749998807907104,11089.0
2024-03-01 12:24:00,CLOV,0.8666499853134155,0.8666499853134155,0.8668000102043152,0.8665000200271606,0.8666999936103821,20734.0
2024-03-01 12:24:00,CMPS,11.489999771118164,11.489999771118164,11.489999771118164,11.479999542236328,11.489999771118164,1212.0
2024-03-01 12:24:00,COGT,7.204999923706055,7.204999923706055,7.210000038146973,7.195000171661377,7.195000171661377,9466.0
2024-03-01 12:24:00,CORT,24.079999923706055,24.079999923706055,24.1200008392334,24.079999923706055,24.1200008392334,3001.0
2024-03-01 12:24:00,CPRX,17.13949966430664,17.13949966430664,17.139999389648438,17.1299991607666,17.139999389648438,1625.0
2024-03-01 12:24:00,CRBU,8.005000114440918,8.005000114440918,8.005000114440918,8.005000114440918,8.005000114440918,1085.0
2024-03-01 12:24:00,CRDF,2.3299999237060547,2.3299999237060547,2.3399999141693115,2.2799999713897705,2.282099962234497,53319.0
2024-03-01 12:24:00,CRON,2.0524001121520996,2.0524001121520996,2.059499979019165,2.049999952316284,2.049999952316284,703.0
2024-03-01 12:24:00,CRSP,85.4000015258789,85.4000015258789,85.4000015258789,85.33999633789062,85.33999633789062,1911.0
2024-03-01 12:24:00,CRVS,2.259999990463257,2.259999990463257,2.259999990463257,2.259999990463257,2.259999990463257,122.0
2024-03-01 12:24:00,CTKB,8.654999732971191,8.654999732971191,8.65999984741211,8.654999732971191,8.65999984741211,758.0
2024-03-01 12:24:00,CTMX,2.6607000827789307,2.6607000827789307,2.6607000827789307,2.6607000827789307,2.6607000827789307,319.0
2024-03-01 12:24:00,CUE,2.2100000381469727,2.2100000381469727,2.2100000381469727,2.2049999237060547,2.2049999237060547,200.0
2024-03-01 12:24:00,CUTR,2.400099992752075,2.400099992752075,2.400099992752075,2.4000000953674316,2.4000000953674316,5000.0
2024-03-01 12:24:00,CVAC,3.505000114440918,3.505000114440918,3.505000114440918,3.505000114440918,3.505000114440918,253.0
2024-03-01 12:24:00,CYTK,73.7699966430664,73.7699966430664,73.80000305175781,73.7699966430664,73.80000305175781,446.0
2024-03-01 12:24:00,CYTO,2.25,2.25,2.259999990463257,2.25,2.2500998973846436,351.0
2024-03-01 12:24:00,DARE,0.5519000291824341,0.5519000291824341,0.5590000152587891,0.5519000291824341,0.5590000152587891,900.0
2024-03-01 12:24:00,DAWN,17.511899948120117,17.511899948120117,17.511899948120117,17.511899948120117,17.511899948120117,270.0
2024-03-01 12:24:00,DCGO,4.112500190734863,4.112500190734863,4.119999885559082,4.112500190734863,4.119999885559082,1019.0
2024-03-01 12:24:00,DCPH,17.510000228881836,17.510000228881836,17.510000228881836,17.510000228881836,17.510000228881836,100.0
2024-03-01 12:24:00,DH,8.994999885559082,8.994999885559082,8.994999885559082,8.979999542236328,8.987500190734863,534.0
2024-03-01 12:24:00,DMTK,0.8690000176429749,0.8690000176429749,0.8690000176429749,0.8690000176429749,0.8690000176429749,400.0
2024-03-01 12:24:00,DNLI,20.81999969482422,20.81999969482422,20.825000762939453,20.81999969482422,20.825000762939453,1312.0
2024-03-01 12:24:00,DRIO,2.009999990463257,2.009999990463257,2.009999990463257,2.009999990463257,2.009999990463257,800.0
2024-03-01 12:24:00,DSGN,2.9049999713897705,2.9049999713897705,2.9049999713897705,2.9049999713897705,2.9049999713897705,1325.0
2024-03-01 12:24:00,DTIL,12.449999809265137,12.449999809265137,12.449999809265137,12.4399995803833,12.4399995803833,201.0
2024-03-01 12:24:00,DVAX,12.854999542236328,12.854999542236328,12.859999656677246,12.854999542236328,12.854999542236328,1736.0
2024-03-01 12:24:00,DXCM,121.29000091552734,121.29000091552734,121.37999725341797,121.29000091552734,121.37999725341797,5460.0
2024-03-01 12:24:00,DYN,28.31999969482422,28.31999969482422,28.450000762939453,28.290000915527344,28.31999969482422,5723.0
2024-03-01 12:24:00,EDIT,10.845000267028809,10.845000267028809,10.854999542236328,10.845000267028809,10.854999542236328,4715.0
2024-03-01 12:24:00,ELEV,4.800000190734863,4.800000190734863,4.820000171661377,4.78000020980835,4.820000171661377,466.0
2024-03-01 12:24:00,EMBC,14.4399995803833,14.4399995803833,14.4399995803833,14.4399995803833,14.4399995803833,308.0
2024-03-01 12:24:00,ENSG,123.37999725341797,123.37999725341797,123.37999725341797,123.37999725341797,123.37999725341797,363.0
2024-03-01 12:24:00,ENTA,15.239999771118164,15.239999771118164,15.25,15.239999771118164,15.25,416.0
2024-03-01 12:24:00,ENVB,1.5389000177383423,1.5389000177383423,1.5399999618530273,1.5200999975204468,1.5399999618530273,1796.0
2024-03-01 12:24:00,ERAS,2.5250000953674316,2.5250000953674316,2.5250000953674316,2.5250000953674316,2.5250000953674316,423.0
2024-03-01 12:24:00,ESPR,2.5450000762939453,2.5450000762939453,2.5450000762939453,2.5450000762939453,2.5450000762939453,982.0
2024-03-01 12:24:00,ESTA,45.899898529052734,45.899898529052734,45.899898529052734,45.899898529052734,45.899898529052734,196.0
2024-03-01 12:24:00,ETNB,13.149999618530273,13.149999618530273,13.149999618530273,13.130000114440918,13.130000114440918,1026.0
2024-03-01 12:24:00,EWTX,16.989999771118164,16.989999771118164,17.0,16.979999542236328,17.0,3614.0
2024-03-01 12:24:00,EXAS,60.25,60.25,60.25,60.150001525878906,60.20000076293945,2649.0
2024-03-01 12:24:00,EXEL,22.5049991607666,22.5049991607666,22.5049991607666,22.5,22.5049991607666,1955.0
2024-03-01 12:24:00,EYPT,27.940000534057617,27.940000534057617,27.940000534057617,27.93000030517578,27.93000030517578,415.0
2024-03-01 12:24:00,FATE,7.460000038146973,7.460000038146973,7.46999979019165,7.429999828338623,7.429999828338623,9204.0
2024-03-01 12:24:00,FDMT,29.23390007019043,29.23390007019043,29.299999237060547,29.23390007019043,29.264999389648438,740.0
2024-03-01 12:24:00,FGEN,1.850000023841858,1.850000023841858,1.850000023841858,1.8489999771118164,1.850000023841858,1362.0
2024-03-01 12:24:00,FOLD,13.364999771118164,13.364999771118164,13.364999771118164,13.354999542236328,13.354999542236328,4991.0
2024-03-01 12:24:00,FULC,10.890000343322754,10.890000343322754,10.899999618530273,10.890000343322754,10.89050006866455,2814.0
2024-03-01 12:24:00,FUSN,12.255000114440918,12.255000114440918,12.260000228881836,12.255000114440918,12.255000114440918,512.0
2024-03-01 12:24:00,GANX,4.670000076293945,4.670000076293945,4.670000076293945,4.670000076293945,4.670000076293945,500.0
2024-03-01 12:24:00,GCTK,0.30559998750686646,0.30559998750686646,0.3059999942779541,0.30559998750686646,0.3059999942779541,628.0
2024-03-01 12:24:00,GDRX,8.324999809265137,8.324999809265137,8.329999923706055,8.319999694824219,8.322099685668945,9121.0
2024-03-01 12:24:00,GENE,2.25,2.25,2.25,2.240000009536743,2.240000009536743,429.0
2024-03-01 12:24:00,GERN,2.200000047683716,2.200000047683716,2.200000047683716,2.190000057220459,2.190000057220459,5016.0
2024-03-01 12:24:00,GH,19.15999984741211,19.15999984741211,19.165000915527344,19.15999984741211,19.165000915527344,1319.0
2024-03-01 12:24:00,GILD,72.29000091552734,72.29000091552734,72.30500030517578,72.28500366210938,72.30500030517578,7086.0
2024-03-01 12:24:00,GLYC,3.0399999618530273,3.0399999618530273,3.0450000762939453,3.0399999618530273,3.040800094604492,1578.0
2024-03-01 12:24:00,GMAB,29.420000076293945,29.420000076293945,29.420000076293945,29.420000076293945,29.420000076293945,443.0
2024-03-01 12:24:00,GOSS,1.3600000143051147,1.3600000143051147,1.3700000047683716,1.3600000143051147,1.3600000143051147,500.0
2024-03-01 12:24:00,GOVX,2.5685999393463135,2.5685999393463135,2.5685999393463135,2.5685999393463135,2.5685999393463135,200.0
2024-03-01 12:24:00,GRFS,7.079999923706055,7.079999923706055,7.090000152587891,7.079999923706055,7.090000152587891,539.0
2024-03-01 12:24:00,GRPH,3.4749999046325684,3.4749999046325684,3.4749999046325684,3.4700000286102295,3.4749999046325684,796.0
2024-03-01 12:24:00,GRTS,2.1600000858306885,2.1600000858306885,2.170799970626831,2.1549999713897705,2.170799970626831,22372.0
2024-03-01 12:24:00,GTHX,3.6549999713897705,3.6549999713897705,3.6700000762939453,3.6549999713897705,3.6700000762939453,2764.0
2024-03-01 12:24:00,HALO,41.68000030517578,41.68000030517578,41.75,41.654998779296875,41.75,3081.0
2024-03-01 12:24:00,HCAT,8.030099868774414,8.030099868774414,8.03499984741211,8.029999732971191,8.03499984741211,2136.0
2024-03-01 12:24:00,HCSG,12.699999809265137,12.699999809265137,12.699999809265137,12.699999809265137,12.699999809265137,222.0
2024-03-01 12:24:00,HITI,1.7699999809265137,1.7699999809265137,1.7699999809265137,1.7699999809265137,1.7699999809265137,101.0
2024-03-01 12:24:00,HLVX,18.8799991607666,18.8799991607666,18.8799991607666,18.8799991607666,18.8799991607666,266.0
2024-03-01 12:24:00,HOLX,73.69000244140625,73.69000244140625,73.70999908447266,73.69000244140625,73.69000244140625,2180.0
2024-03-01 12:24:00,HOOK,0.7799999713897705,0.7799999713897705,0.7799999713897705,0.7799999713897705,0.7799999713897705,364.0
2024-03-01 12:24:00,HOWL,6.96999979019165,6.96999979019165,6.96999979019165,6.96999979019165,6.96999979019165,253.0
2024-03-01 12:24:00,HRMY,31.549999237060547,31.549999237060547,31.6200008392334,31.549999237060547,31.6200008392334,1500.0
2024-03-01 12:24:00,HROW,10.850000381469727,10.850000381469727,10.880000114440918,10.850000381469727,10.880000114440918,696.0
2024-03-01 12:24:00,HRTX,2.6050000190734863,2.6050000190734863,2.619999885559082,2.5999999046325684,2.615000009536743,11148.0
2024-03-01 12:24:00,HSCS,0.11821000277996063,0.11821000277996063,0.11821000277996063,0.11821000277996063,0.11821000277996063,2050.0
2024-03-01 12:24:00,HSIC,76.88999938964844,76.88999938964844,76.9000015258789,76.87999725341797,76.9000015258789,1066.0
2024-03-01 12:24:00,HSTM,27.354999542236328,27.354999542236328,27.354999542236328,27.354999542236328,27.354999542236328,179.0
2024-03-01 12:24:00,HUGE,0.9089999794960022,0.9089999794960022,0.9089999794960022,0.8888000249862671,0.8888000249862671,11549.0
2024-03-01 12:24:00,HUMA,3.444999933242798,3.444999933242798,3.4590001106262207,3.440000057220459,3.4549999237060547,4779.0
2024-03-01 12:24:00,HYPR,1.125,1.125,1.125,1.125,1.125,161.0
2024-03-01 12:24:00,IART,36.630001068115234,36.630001068115234,36.650001525878906,36.630001068115234,36.650001525878906,609.0
2024-03-01 12:24:00,IBRX,4.880000114440918,4.880000114440918,4.885000228881836,4.880000114440918,4.885000228881836,1342.0
2024-03-01 12:24:00,ICAD,1.8481999635696411,1.8481999635696411,1.8481999635696411,1.8481999635696411,1.8481999635696411,163.0
2024-03-01 12:24:00,ICLR,323.1700134277344,323.1700134277344,323.19500732421875,323.1700134277344,323.19500732421875,401.0
2024-03-01 12:24:00,ICUI,105.38999938964844,105.38999938964844,105.3949966430664,105.38999938964844,105.3949966430664,351.0
2024-03-01 12:24:00,IDXX,580.7000122070312,580.7000122070312,580.7000122070312,579.8699951171875,579.8699951171875,1560.0
2024-03-01 12:24:00,IMAB,1.840000033378601,1.840000033378601,1.840000033378601,1.840000033378601,1.840000033378601,700.0
2024-03-01 12:24:00,IMCR,68.0625,68.0625,68.0625,68.0625,68.0625,226.0
2024-03-01 12:24:00,IMMX,3.5450000762939453,3.5450000762939453,3.5450000762939453,3.5399999618530273,3.5399999618530273,243.0
2024-03-01 12:24:00,IMNM,26.049999237060547,26.049999237060547,26.09000015258789,25.950000762939453,25.950000762939453,6712.0
2024-03-01 12:24:00,IMVT,36.349998474121094,36.349998474121094,36.38999938964844,36.349998474121094,36.369998931884766,2737.0
2024-03-01 12:24:00,INCR,1.9500000476837158,1.9500000476837158,1.9501999616622925,1.9500000476837158,1.9501999616622925,256.0
2024-03-01 12:24:00,INCY,59.20000076293945,59.20000076293945,59.20000076293945,59.18000030517578,59.18000030517578,1562.0
2024-03-01 12:24:00,INGN,6.840000152587891,6.840000152587891,6.8678998947143555,6.840000152587891,6.8678998947143555,3382.0
2024-03-01 12:24:00,INMD,22.899999618530273,22.899999618530273,22.899999618530273,22.875,22.875,3126.0
2024-03-01 12:24:00,INSM,28.5,28.5,28.510000228881836,28.5,28.5,2727.0
2024-03-01 12:24:00,INVA,15.579999923706055,15.579999923706055,15.579999923706055,15.545000076293945,15.550000190734863,4403.0
2024-03-01 12:24:00,INZY,6.714900016784668,6.714900016784668,6.714900016784668,6.714900016784668,6.714900016784668,2000.0
2024-03-01 12:24:00,IOBT,1.774999976158142,1.774999976158142,1.774999976158142,1.774999976158142,1.774999976158142,1319.0
2024-03-01 12:24:00,IONS,45.939998626708984,45.939998626708984,45.98500061035156,45.939998626708984,45.98500061035156,1488.0
2024-03-01 12:24:00,IOVA,16.809999465942383,16.809999465942383,16.8700008392334,16.809999465942383,16.860000610351562,45362.0
2024-03-01 12:24:00,IRIX,2.640000104904175,2.640000104904175,2.640000104904175,2.640000104904175,2.640000104904175,100.0
2024-03-01 12:24:00,IRMD,41.7599983215332,41.7599983215332,42.209999084472656,41.7599983215332,42.209999084472656,246.0
2024-03-01 12:24:00,IRWD,9.104999542236328,9.104999542236328,9.109999656677246,9.104999542236328,9.109999656677246,1654.0
2024-03-01 12:24:00,ISRG,395.55999755859375,395.55999755859375,395.5899963378906,395.5150146484375,395.5899963378906,1767.0
2024-03-01 12:24:00,ITCI,71.97000122070312,71.97000122070312,71.97000122070312,71.97000122070312,71.97000122070312,189.0
2024-03-01 12:24:00,ITOS,10.760000228881836,10.760000228881836,10.760000228881836,10.760000228881836,10.760000228881836,475.0
2024-03-01 12:24:00,ITRM,1.2493000030517578,1.2493000030517578,1.2493000030517578,1.2493000030517578,1.2493000030517578,1000.0
2024-03-01 12:24:00,JAGX,0.07240000367164612,0.07240000367164612,0.07280000299215317,0.0723000019788742,0.07280000299215317,205465.0
2024-03-01 12:24:00,JANX,46.77000045776367,46.77000045776367,46.94499969482422,46.77000045776367,46.779998779296875,483.0
2024-03-01 12:24:00,JAZZ,119.33999633789062,119.33999633789062,119.38500213623047,119.33000183105469,119.38500213623047,1606.0
2024-03-01 12:24:00,KALV,14.029999732971191,14.029999732971191,14.029999732971191,14.020000457763672,14.020000457763672,832.0
2024-03-01 12:24:00,KNSA,21.725000381469727,21.725000381469727,21.729999542236328,21.6200008392334,21.729999542236328,11464.0
2024-03-01 12:24:00,KNTE,2.5999999046325684,2.5999999046325684,2.6050000190734863,2.5999999046325684,2.6050000190734863,500.0
2024-03-01 12:24:00,KPTI,1.1950000524520874,1.1950000524520874,1.2000000476837158,1.1950000524520874,1.1950000524520874,2233.0
2024-03-01 12:24:00,KRON,1.0226000547409058,1.0226000547409058,1.0226000547409058,1.0226000547409058,1.0226000547409058,502.0
2024-03-01 12:24:00,KROS,70.54499816894531,70.54499816894531,70.98999786376953,70.54499816894531,70.98500061035156,7845.0
2024-03-01 12:24:00,KRTX,316.4800109863281,316.4800109863281,316.4800109863281,316.4800109863281,316.4800109863281,888.0
2024-03-01 12:24:00,KRYS,167.85000610351562,167.85000610351562,167.85000610351562,167.85000610351562,167.85000610351562,206.0
2024-03-01 12:24:00,KTRA,0.09610000252723694,0.09610000252723694,0.09610000252723694,0.09600000083446503,0.09610000252723694,4455.0
2024-03-01 12:24:00,LAB,2.498699903488159,2.498699903488159,2.505000114440918,2.490000009536743,2.5,23225.0
2024-03-01 12:24:00,LEGN,66.04000091552734,66.04000091552734,66.06999969482422,66.04000091552734,66.06999969482422,560.0
2024-03-01 12:24:00,LEXX,2.7500998973846436,2.7500998973846436,2.775700092315674,2.75,2.775700092315674,5689.0
2024-03-01 12:24:00,LFMD,8.0,8.0,8.0,8.0,8.0,107.0
2024-03-01 12:24:00,LFST,7.889999866485596,7.889999866485596,7.900000095367432,7.889999866485596,7.894999980926514,1475.0
2024-03-01 12:24:00,LMAT,67.22000122070312,67.22000122070312,67.22000122070312,67.22000122070312,67.22000122070312,268.0
2024-03-01 12:24:00,LNTH,65.5,65.5,65.5,65.44000244140625,65.44000244140625,940.0
2024-03-01 12:24:00,LRMR,11.399999618530273,11.399999618530273,11.399999618530273,11.399999618530273,11.399999618530273,126.0
2024-03-01 12:24:00,LVTX,3.0199999809265137,3.0199999809265137,3.0199999809265137,3.0199999809265137,3.0199999809265137,200.0
2024-03-01 12:24:00,LXRX,2.4649999141693115,2.4649999141693115,2.4649999141693115,2.4600000381469727,2.4609999656677246,25602.0
2024-03-01 12:24:00,LYRA,5.614999771118164,5.614999771118164,5.614999771118164,5.599999904632568,5.614999771118164,492.0
2024-03-01 12:24:00,MDRX,6.0,6.0,6.050000190734863,6.0,6.050000190734863,4425.0
2024-03-01 12:24:00,MDXG,8.59000015258789,8.59000015258789,8.59000015258789,8.59000015258789,8.59000015258789,102.0
2024-03-01 12:24:00,ME,0.5680000185966492,0.5680000185966492,0.5684000253677368,0.5662999749183655,0.567300021648407,19756.0
2024-03-01 12:24:00,MEDP,401.19000244140625,401.19000244140625,401.4800109863281,401.19000244140625,401.25,618.0
2024-03-01 12:24:00,MGNX,18.860000610351562,18.860000610351562,18.860000610351562,18.860000610351562,18.860000610351562,214.0
2024-03-01 12:24:00,MGTX,6.369999885559082,6.369999885559082,6.385000228881836,6.369999885559082,6.385000228881836,893.0
2024-03-01 12:24:00,MIRM,29.93000030517578,29.93000030517578,29.979999542236328,29.93000030517578,29.950000762939453,576.0
2024-03-01 12:24:00,MLTX,51.814998626708984,51.814998626708984,51.814998626708984,51.779998779296875,51.779998779296875,443.0
2024-03-01 12:24:00,MNKD,4.545000076293945,4.545000076293945,4.550000190734863,4.54010009765625,4.550000190734863,5335.0
2024-03-01 12:24:00,MNMD,6.139999866485596,6.139999866485596,6.139999866485596,6.139999866485596,6.139999866485596,384.0
2024-03-01 12:24:00,MODD,1.9199999570846558,1.9199999570846558,1.9199999570846558,1.9199999570846558,1.9199999570846558,300.0
2024-03-01 12:24:00,MODV,28.184999465942383,28.184999465942383,28.184999465942383,28.184999465942383,28.184999465942383,143.0
2024-03-01 12:24:00,MRAI,1.590000033378601,1.590000033378601,1.590000033378601,1.5722999572753906,1.5750000476837158,3700.0
2024-03-01 12:24:00,MREO,3.8598999977111816,3.8598999977111816,3.8598999977111816,3.8598999977111816,3.8598999977111816,1015.0
2024-03-01 12:24:00,MRNA,96.2249984741211,96.2249984741211,96.25990295410156,96.19000244140625,96.19999694824219,3840.0
2024-03-01 12:24:00,MRSN,5.994999885559082,5.994999885559082,6.0,5.989999771118164,5.989999771118164,3603.0
2024-03-01 12:24:00,MRUS,51.58000183105469,51.58000183105469,51.58000183105469,51.5099983215332,51.5099983215332,1499.0
2024-03-01 12:24:00,MRVI,7.84499979019165,7.84499979019165,7.849999904632568,7.84499979019165,7.84499979019165,1801.0
2024-03-01 12:24:00,MYGN,21.604999542236328,21.604999542236328,21.604999542236328,21.604999542236328,21.604999542236328,123.0
2024-03-01 12:24:00,MYNZ,0.8604000210762024,0.8604000210762024,0.8604000210762024,0.8600000143051147,0.8604000210762024,1035.0
2024-03-01 12:24:00,NARI,45.849998474121094,45.849998474121094,45.90999984741211,45.849998474121094,45.86000061035156,1451.0
2024-03-01 12:24:00,NEO,16.09000015258789,16.09000015258789,16.09000015258789,16.09000015258789,16.09000015258789,315.0
2024-03-01 12:24:00,NEOG,17.395000457763672,17.395000457763672,17.395000457763672,17.395000457763672,17.395000457763672,610.0
2024-03-01 12:24:00,NERV,2.593600034713745,2.593600034713745,2.5999999046325684,2.549999952316284,2.549999952316284,7540.0
2024-03-01 12:24:00,NGM,1.5299999713897705,1.5299999713897705,1.5299999713897705,1.5299999713897705,1.5299999713897705,924.0
2024-03-01 12:24:00,NKTR,0.7796000242233276,0.7796000242233276,0.7796000242233276,0.7794989943504333,0.7794989943504333,2600.0
2024-03-01 12:24:00,NKTX,12.989999771118164,12.989999771118164,12.989999771118164,12.954999923706055,12.97249984741211,7871.0
2024-03-01 12:24:00,NNOX,11.1850004196167,11.1850004196167,11.1850004196167,11.179900169372559,11.179900169372559,1155.0
2024-03-01 12:24:00,NOTV,8.09000015258789,8.09000015258789,8.109999656677246,8.09000015258789,8.109999656677246,2197.0
2024-03-01 12:24:00,NPCE,16.43000030517578,16.43000030517578,16.43000030517578,16.43000030517578,16.43000030517578,102.0
2024-03-01 12:24:00,NRBO,5.900000095367432,5.900000095367432,5.900000095367432,5.800000190734863,5.900000095367432,9614.0
2024-03-01 12:24:00,NRIX,13.520000457763672,13.520000457763672,13.520000457763672,13.520000457763672,13.520000457763672,228.0
2024-03-01 12:24:00,NRSN,2.0899999141693115,2.0899999141693115,2.1050000190734863,2.0713999271392822,2.1012001037597656,11375.0
2024-03-01 12:24:00,NRXP,0.4115000069141388,0.4115000069141388,0.4115000069141388,0.4115000069141388,0.4115000069141388,9232.0
2024-03-01 12:24:00,NTLA,33.47600173950195,33.47600173950195,33.47999954223633,33.45500183105469,33.45500183105469,3204.0
2024-03-01 12:24:00,NTRA,89.0,89.0,89.08999633789062,88.9800033569336,89.08999633789062,6337.0
2024-03-01 12:24:00,NUTX,0.11389999836683273,0.11389999836683273,0.11389999836683273,0.11309999972581863,0.11389999836683273,4636.0
2024-03-01 12:24:00,NUWE,0.5799999833106995,0.5799999833106995,0.5799999833106995,0.574999988079071,0.5799000263214111,1100.0
2024-03-01 12:24:00,NVAX,5.1508002281188965,5.1508002281188965,5.15500020980835,5.150000095367432,5.151800155639648,2361.0
2024-03-01 12:24:00,NVCR,16.010000228881836,16.010000228881836,16.049999237060547,16.010000228881836,16.049999237060547,2724.0
2024-03-01 12:24:00,OCGN,0.9334999918937683,0.9334999918937683,0.9334999918937683,0.9333000183105469,0.9333000183105469,2406.0
2024-03-01 12:24:00,OCUL,10.760000228881836,10.760000228881836,10.760000228881836,10.699999809265137,10.71500015258789,11907.0
2024-03-01 12:24:00,OCUP,2.5,2.5,2.5,2.5,2.5,1350.0
2024-03-01 12:24:00,OGI,2.180500030517578,2.180500030517578,2.184999942779541,2.180500030517578,2.184999942779541,5634.0
2024-03-01 12:25:00,ABCL,5.208499908447266,5.208499908447266,5.208499908447266,5.200300216674805,5.200300216674805,650.0
2024-03-01 12:25:00,ABOS,4.659999847412109,4.659999847412109,4.659999847412109,4.659999847412109,4.659999847412109,711.0
2024-03-01 12:25:00,ABSI,5.244999885559082,5.244999885559082,5.25,5.239999771118164,5.25,5495.0
2024-03-01 12:25:00,ABUS,2.7750000953674316,2.7750000953674316,2.7750000953674316,2.7750000953674316,2.7750000953674316,114.0
2024-03-01 12:25:00,ACAD,24.18000030517578,24.18000030517578,24.18000030517578,24.1299991607666,24.1299991607666,3684.0
2024-03-01 12:25:00,ACB,3.180000066757202,3.180000066757202,3.180000066757202,3.180000066757202,3.180000066757202,110.0
2024-03-01 12:25:00,ACCD,10.229999542236328,10.229999542236328,10.229999542236328,10.229999542236328,10.229999542236328,700.0
2024-03-01 12:25:00,ACET,2.4049999713897705,2.4049999713897705,2.4100000858306885,2.3949999809265137,2.4049999713897705,17859.0
2024-03-01 12:25:00,ACHC,84.25499725341797,84.25499725341797,84.25499725341797,84.220703125,84.25499725341797,378.0
2024-03-01 12:25:00,ACHV,4.28000020980835,4.28000020980835,4.28000020980835,4.28000020980835,4.28000020980835,600.0
2024-03-01 12:25:00,ACLX,67.29499816894531,67.29499816894531,67.33999633789062,67.29499816894531,67.30999755859375,1848.0
2024-03-01 12:25:00,ACRS,1.230299949645996,1.230299949645996,1.2400000095367432,1.230299949645996,1.2400000095367432,1319.0
2024-03-01 12:25:00,ADIL,3.200000047683716,3.200000047683716,3.2699999809265137,3.200000047683716,3.249300003051758,51790.0
2024-03-01 12:25:00,ADMA,5.400000095367432,5.400000095367432,5.400000095367432,5.390999794006348,5.390999794006348,4620.0
2024-03-01 12:25:00,ADVM,1.975000023841858,1.975000023841858,1.9800000190734863,1.975000023841858,1.975000023841858,5733.0
2024-03-01 12:25:00,AFMD,0.6169999837875366,0.6169999837875366,0.6175000071525574,0.6169999837875366,0.6175000071525574,3049.0
2024-03-01 12:25:00,AGEN,0.6739000082015991,0.6739000082015991,0.6739000082015991,0.6738499999046326,0.6739000082015991,3140.0
2024-03-01 12:25:00,AGIO,32.84000015258789,32.84000015258789,32.84000015258789,32.810001373291016,32.810001373291016,1771.0
2024-03-01 12:25:00,AHCO,10.795000076293945,10.795000076293945,10.824999809265137,10.795000076293945,10.8149995803833,21847.0
2024-03-01 12:25:00,AIMD,0.9451000094413757,0.9451000094413757,0.9800000190734863,0.9449999928474426,0.9714000225067139,7002.0
2024-03-01 12:25:00,AIRS,6.550000190734863,6.550000190734863,6.590000152587891,6.550000190734863,6.590000152587891,346.0
2024-03-01 12:25:00,AKAN,0.24130000174045563,0.24130000174045563,0.24130000174045563,0.24130000174045563,0.24130000174045563,342.0
2024-03-01 12:25:00,AKLI,0.3400000035762787,0.3400000035762787,0.3400000035762787,0.3400000035762787,0.3400000035762787,997.0
2024-03-01 12:25:00,AKRO,30.190000534057617,30.190000534057617,30.280000686645508,30.190000534057617,30.239999771118164,4111.0
2024-03-01 12:25:00,ALDX,4.139999866485596,4.139999866485596,4.139999866485596,4.130099773406982,4.130099773406982,1157.0
2024-03-01 12:25:00,ALEC,7.380000114440918,7.380000114440918,7.380000114440918,7.375,7.375,876.0
2024-03-01 12:25:00,ALGN,303.6600036621094,303.6600036621094,303.6600036621094,303.6499938964844,303.6499938964844,493.0
2024-03-01 12:25:00,ALHC,5.71999979019165,5.71999979019165,5.71999979019165,5.71999979019165,5.71999979019165,379.0
2024-03-01 12:25:00,ALKS,30.09000015258789,30.09000015258789,30.110000610351562,30.09000015258789,30.110000610351562,2342.0
2024-03-01 12:25:00,ALLK,1.6050000190734863,1.6050000190734863,1.6074999570846558,1.6050000190734863,1.6074999570846558,301.0
2024-03-01 12:25:00,ALLO,5.045000076293945,5.045000076293945,5.045000076293945,5.039999961853027,5.039999961853027,1301.0
2024-03-01 12:25:00,ALNY,154.5800018310547,154.5800018310547,154.5800018310547,154.57000732421875,154.57000732421875,921.0
2024-03-01 12:25:00,ALPN,35.790000915527344,35.790000915527344,35.790000915527344,35.790000915527344,35.790000915527344,659.0
2024-03-01 12:25:00,ALT,11.979999542236328,11.979999542236328,12.0,11.979999542236328,12.0,11323.0
2024-03-01 12:25:00,ALXO,15.039999961853027,15.039999961853027,15.069999694824219,15.039999961853027,15.050000190734863,1402.0
2024-03-01 12:25:00,AMED,93.12999725341797,93.12999725341797,93.19999694824219,93.12999725341797,93.19999694824219,1421.0
2024-03-01 12:25:00,AMGN,281.5849914550781,281.5849914550781,281.6000061035156,281.5299987792969,281.5299987792969,1832.0
2024-03-01 12:25:00,AMLX,18.770000457763672,18.770000457763672,18.770000457763672,18.770000457763672,18.770000457763672,330.0
2024-03-01 12:25:00,AMPH,45.3650016784668,45.3650016784668,45.3650016784668,45.31010055541992,45.31999969482422,509.0
2024-03-01 12:25:00,AMRN,1.0549999475479126,1.0549999475479126,1.0598000288009644,1.0549999475479126,1.0598000288009644,316.0
2024-03-01 12:25:00,ANGO,5.489999771118164,5.489999771118164,5.5,5.489999771118164,5.5,1627.0
2024-03-01 12:25:00,ANNX,5.949999809265137,5.949999809265137,5.949999809265137,5.920000076293945,5.920000076293945,4718.0
2024-03-01 12:25:00,ANTX,3.0299999713897705,3.0299999713897705,3.0299999713897705,3.0299999713897705,3.0299999713897705,212.0
2024-03-01 12:25:00,APDN,0.5651999711990356,0.5651999711990356,0.5651999711990356,0.5651000142097473,0.5651000142097473,1028.0
2024-03-01 12:25:00,APLS,65.2157974243164,65.2157974243164,65.2699966430664,65.2157974243164,65.2699966430664,1218.0
2024-03-01 12:25:00,APLT,7.065000057220459,7.065000057220459,7.065000057220459,7.065000057220459,7.065000057220459,199.0
2024-03-01 12:25:00,AQST,4.329999923706055,4.329999923706055,4.329999923706055,4.320000171661377,4.320000171661377,1326.0
2024-03-01 12:25:00,ARCT,39.619998931884766,39.619998931884766,39.619998931884766,39.619998931884766,39.619998931884766,117.0
2024-03-01 12:25:00,ARDX,9.66919994354248,9.66919994354248,9.66919994354248,9.649999618530273,9.649999618530273,7080.0
2024-03-01 12:25:00,ARQT,11.569999694824219,11.569999694824219,11.579999923706055,11.539999961853027,11.5600004196167,22136.0
2024-03-01 12:25:00,ARVN,49.162899017333984,49.162899017333984,49.220001220703125,49.150001525878906,49.220001220703125,1143.0
2024-03-01 12:25:00,ARWR,35.86000061035156,35.86000061035156,35.86000061035156,35.810001373291016,35.810001373291016,2129.0
2024-03-01 12:25:00,ASND,150.89999389648438,150.89999389648438,151.19000244140625,150.89999389648438,151.0299072265625,3373.0
2024-03-01 12:25:00,ASRT,0.9383999705314636,0.9383999705314636,0.9383999705314636,0.9383000135421753,0.9383000135421753,529.0
2024-03-01 12:25:00,ATAI,2.1015000343322754,2.1015000343322754,2.1050000190734863,2.099900007247925,2.1050000190734863,8223.0
2024-03-01 12:25:00,ATEC,13.550000190734863,13.550000190734863,13.5600004196167,13.550000190734863,13.5600004196167,1466.0
2024-03-01 12:25:00,ATNF,3.3499999046325684,3.3499999046325684,3.3499999046325684,3.3499999046325684,3.3499999046325684,500.0
2024-03-01 12:25:00,ATRC,36.060001373291016,36.060001373291016,36.060001373291016,36.060001373291016,36.060001373291016,330.0
2024-03-01 12:25:00,ATXI,0.15389999747276306,0.15389999747276306,0.15389999747276306,0.15389999747276306,0.15389999747276306,200.0
2024-03-01 12:25:00,AUPH,5.860099792480469,5.860099792480469,5.869999885559082,5.860000133514404,5.860000133514404,3755.0
2024-03-01 12:25:00,AUTL,6.369999885559082,6.369999885559082,6.369999885559082,6.360000133514404,6.360000133514404,1930.0
2024-03-01 12:25:00,AVDL,12.949999809265137,12.949999809265137,12.949999809265137,12.90999984741211,12.90999984741211,3895.0
2024-03-01 12:25:00,AVRO,1.350000023841858,1.350000023841858,1.350000023841858,1.350000023841858,1.350000023841858,301.0
2024-03-01 12:25:00,AXNX,67.625,67.625,67.625,67.625,67.625,296.0
2024-03-01 12:25:00,AXSM,82.41000366210938,82.41000366210938,82.41000366210938,82.37999725341797,82.37999725341797,936.0
2024-03-01 12:25:00,AZN,64.73500061035156,64.73500061035156,64.75499725341797,64.73500061035156,64.73999786376953,27149.0
2024-03-01 12:25:00,BBIO,36.060001373291016,36.060001373291016,36.060001373291016,36.060001373291016,36.060001373291016,699.0
2024-03-01 12:25:00,BCDA,0.5662009716033936,0.5662009716033936,0.5680000185966492,0.566100001335144,0.5680000185966492,4150.0
2024-03-01 12:25:00,BCRX,5.78000020980835,5.78000020980835,5.78000020980835,5.769999980926514,5.769999980926514,1124.0
2024-03-01 12:25:00,BCYC,25.915000915527344,25.915000915527344,25.915000915527344,25.915000915527344,25.915000915527344,139.0
2024-03-01 12:25:00,BDTX,5.014999866485596,5.014999866485596,5.014999866485596,5.010000228881836,5.010000228881836,244.0
2024-03-01 12:25:00,BEAM,40.029998779296875,40.029998779296875,40.029998779296875,40.0,40.021400451660156,1142.0
2024-03-01 12:25:00,BIOR,1.2100000381469727,1.2100000381469727,1.2100000381469727,1.1800999641418457,1.1800999641418457,10163.0
2024-03-01 12:25:00,BIVI,1.809999942779541,1.809999942779541,1.8246999979019165,1.7942999601364136,1.7999999523162842,91488.0
2024-03-01 12:25:00,BLUE,1.5850000381469727,1.5850000381469727,1.5865000486373901,1.5850000381469727,1.5850000381469727,1692.0
2024-03-01 12:25:00,BMEA,18.014999389648438,18.014999389648438,18.014999389648438,18.014999389648438,18.014999389648438,394.0
2024-03-01 12:25:00,BMRN,87.23999786376953,87.23999786376953,87.23999786376953,87.19000244140625,87.19000244140625,616.0
2024-03-01 12:25:00,BNGO,1.25,1.25,1.2549999952316284,1.2400000095367432,1.25,24003.0
2024-03-01 12:25:00,BNR,0.8299999833106995,0.8299999833106995,0.8299999833106995,0.8299999833106995,0.8299999833106995,114.0
2024-03-01 12:25:00,BNTX,91.91500091552734,91.91500091552734,91.95999908447266,91.91500091552734,91.94999694824219,2024.0
2024-03-01 12:25:00,BPMC,97.79000091552734,97.79000091552734,97.79000091552734,97.79000091552734,97.79000091552734,600.0
2024-03-01 12:25:00,BRKR,88.26499938964844,88.26499938964844,88.27999877929688,88.26499938964844,88.27999877929688,335.0
2024-03-01 12:25:00,BRTX,1.5,1.5,1.5049999952316284,1.5,1.5049999952316284,540.0
2024-03-01 12:25:00,BSGM,0.64410001039505,0.64410001039505,0.64410001039505,0.64410001039505,0.64410001039505,301.0
2024-03-01 12:25:00,BTAI,3.234999895095825,3.234999895095825,3.240000009536743,3.234999895095825,3.240000009536743,346.0
2024-03-01 12:25:00,BTTX,0.17229999601840973,0.17229999601840973,0.17499999701976776,0.17219999432563782,0.17299999296665192,9100.0
2024-03-01 12:25:00,BYSI,1.5023000240325928,1.5023000240325928,1.5023000240325928,1.5023000240325928,1.5023000240325928,324.0
2024-03-01 12:25:00,CABA,23.959999084472656,23.959999084472656,23.959999084472656,23.959999084472656,23.959999084472656,119.0
2024-03-01 12:25:00,CADL,1.7000000476837158,1.7000000476837158,1.7000000476837158,1.7000000476837158,1.7000000476837158,239.0
2024-03-01 12:25:00,CAPR,4.576499938964844,4.576499938964844,4.583899974822998,4.576499938964844,4.583899974822998,314.0
2024-03-01 12:25:00,CARA,0.8902000188827515,0.8902000188827515,0.8902000188827515,0.8902000188827515,0.8902000188827515,1294.0
2024-03-01 12:25:00,CBAY,32.25,32.25,32.25,32.244998931884766,32.244998931884766,1840.0
2024-03-01 12:25:00,CCCC,10.920000076293945,10.920000076293945,10.930000305175781,10.920000076293945,10.930000305175781,797.0
2024-03-01 12:25:00,CCRN,18.270000457763672,18.270000457763672,18.270000457763672,18.239999771118164,18.239999771118164,414.0
2024-03-01 12:25:00,CDNA,12.28499984741211,12.28499984741211,12.395000457763672,12.260100364685059,12.38010025024414,16369.0
2024-03-01 12:25:00,CDXS,4.545000076293945,4.545000076293945,4.550000190734863,4.545000076293945,4.550000190734863,201.0
2024-03-01 12:25:00,CELU,3.5299999713897705,3.5299999713897705,3.5299999713897705,3.5299999713897705,3.5299999713897705,608.0
2024-03-01 12:25:00,CERE,41.099998474121094,41.099998474121094,41.11000061035156,41.099998474121094,41.099998474121094,1839.0
2024-03-01 12:25:00,CERT,17.649999618530273,17.649999618530273,17.649999618530273,17.639999389648438,17.639999389648438,465.0
2024-03-01 12:25:00,CGC,3.265000104904175,3.265000104904175,3.2699999809265137,3.265000104904175,3.265000104904175,1476.0
2024-03-01 12:25:00,CGEM,18.979999542236328,18.979999542236328,19.024999618530273,18.979999542236328,19.024999618530273,213.0
2024-03-01 12:25:00,CGTX,2.0199999809265137,2.0199999809265137,2.0199999809265137,2.009999990463257,2.015000104904175,1601.0
2024-03-01 12:25:00,CHRS,2.380000114440918,2.380000114440918,2.380000114440918,2.375,2.375,1736.0
2024-03-01 12:25:00,CING,1.350000023841858,1.350000023841858,1.350000023841858,1.3437999486923218,1.3437999486923218,3303.0
2024-03-01 12:25:00,CKPT,2.200000047683716,2.200000047683716,2.2100000381469727,2.200000047683716,2.2100000381469727,1178.0
2024-03-01 12:25:00,CLDX,50.70500183105469,50.70500183105469,50.959999084472656,50.619998931884766,50.880001068115234,10745.0
2024-03-01 12:25:00,CLNN,0.3862999975681305,0.3862999975681305,0.38749998807907104,0.3862999975681305,0.38749998807907104,5225.0
2024-03-01 12:25:00,CLOV,0.8665000200271606,0.8665000200271606,0.866599977016449,0.8665000200271606,0.8665500283241272,1805.0
2024-03-01 12:25:00,CMPS,11.489999771118164,11.489999771118164,11.489999771118164,11.489999771118164,11.489999771118164,342.0
2024-03-01 12:25:00,CNSP,0.3149000108242035,0.3149000108242035,0.3149000108242035,0.3149000108242035,0.3149000108242035,6000.0
2024-03-01 12:25:00,COCP,1.4585000276565552,1.4585000276565552,1.4585000276565552,1.4585000276565552,1.4585000276565552,3193.0
2024-03-01 12:25:00,COGT,7.215000152587891,7.215000152587891,7.215000152587891,7.204999923706055,7.204999923706055,3363.0
2024-03-01 12:25:00,CORT,24.079999923706055,24.079999923706055,24.079999923706055,24.06999969482422,24.06999969482422,593.0
2024-03-01 12:25:00,CPRX,17.100000381469727,17.100000381469727,17.135000228881836,17.100000381469727,17.135000228881836,13153.0
2024-03-01 12:25:00,CPSI,9.4399995803833,9.4399995803833,9.479999542236328,9.4399995803833,9.479999542236328,1279.0
2024-03-01 12:25:00,CRBP,32.01499938964844,32.01499938964844,32.029998779296875,32.0,32.0,2230.0
2024-03-01 12:25:00,CRBU,8.010000228881836,8.010000228881836,8.010000228881836,8.000100135803223,8.000100135803223,2865.0
2024-03-01 12:25:00,CRDF,2.319700002670288,2.319700002670288,2.3399999141693115,2.309999942779541,2.3396999835968018,17296.0
2024-03-01 12:25:00,CRMD,3.720900058746338,3.720900058746338,3.720900058746338,3.7200000286102295,3.7200000286102295,743.0
2024-03-01 12:25:00,CRNX,46.064998626708984,46.064998626708984,46.11000061035156,46.064998626708984,46.11000061035156,205.0
2024-03-01 12:25:00,CRON,2.055000066757202,2.055000066757202,2.055000066757202,2.052000045776367,2.052000045776367,600.0
2024-03-01 12:25:00,CRSP,85.36000061035156,85.36000061035156,85.4000015258789,85.33999633789062,85.37000274658203,2947.0
2024-03-01 12:25:00,CSTL,20.670000076293945,20.670000076293945,20.670000076293945,20.649999618530273,20.649999618530273,820.0
2024-03-01 12:25:00,CTKB,8.670000076293945,8.670000076293945,8.670000076293945,8.635000228881836,8.649999618530273,5105.0
2024-03-01 12:25:00,CTMX,2.6798999309539795,2.6798999309539795,2.680000066757202,2.6589999198913574,2.659899950027466,11086.0
2024-03-01 12:25:00,CVAC,3.505000114440918,3.505000114440918,3.505000114440918,3.505000114440918,3.505000114440918,810.0
2024-03-01 12:25:00,CYTK,73.8499984741211,73.8499984741211,73.8499984741211,73.77999877929688,73.80000305175781,1492.0
2024-03-01 12:25:00,CYTO,2.319999933242798,2.319999933242798,2.319999933242798,2.289900064468384,2.2899999618530273,5511.0
2024-03-01 12:25:00,DARE,0.5519000291824341,0.5519000291824341,0.5519000291824341,0.5519000291824341,0.5519000291824341,180.0
2024-03-01 12:25:00,DAWN,17.5049991607666,17.5049991607666,17.5049991607666,17.5049991607666,17.5049991607666,465.0
2024-03-01 12:25:00,DCPH,17.489999771118164,17.489999771118164,17.489999771118164,17.484899520874023,17.484899520874023,824.0
2024-03-01 12:25:00,DH,8.994999885559082,8.994999885559082,9.010000228881836,8.994999885559082,9.010000228881836,474.0
2024-03-01 12:25:00,DMTK,0.8600000143051147,0.8600000143051147,0.8690000176429749,0.8587999939918518,0.8690000176429749,7951.0
2024-03-01 12:25:00,DNLI,20.8700008392334,20.8700008392334,20.8700008392334,20.81999969482422,20.81999969482422,5938.0
2024-03-01 12:25:00,DTIL,12.380000114440918,12.380000114440918,12.40999984741211,12.380000114440918,12.40999984741211,599.0
2024-03-01 12:25:00,DVAX,12.875,12.875,12.880000114440918,12.854999542236328,12.859999656677246,6785.0
2024-03-01 12:25:00,DXCM,121.27999877929688,121.27999877929688,121.29000091552734,121.20500183105469,121.2699966430664,7355.0
2024-03-01 12:25:00,DYN,28.25,28.25,28.25,28.25,28.25,729.0
2024-03-01 12:25:00,EDIT,10.864999771118164,10.864999771118164,10.864999771118164,10.849300384521484,10.849300384521484,2229.0
2024-03-01 12:25:00,EGRX,6.766600131988525,6.766600131988525,6.769999980926514,6.75,6.75,1149.0
2024-03-01 12:25:00,ELEV,4.820000171661377,4.820000171661377,4.820000171661377,4.800000190734863,4.800000190734863,672.0
2024-03-01 12:25:00,EMBC,14.4399995803833,14.4399995803833,14.4399995803833,14.4399995803833,14.4399995803833,105.0
2024-03-01 12:25:00,ENTA,15.279999732971191,15.279999732971191,15.279999732971191,15.260000228881836,15.260000228881836,344.0
2024-03-01 12:25:00,ENVB,1.5299999713897705,1.5299999713897705,1.5399999618530273,1.5299999713897705,1.5299999713897705,3441.0
2024-03-01 12:25:00,EOLS,14.649999618530273,14.649999618530273,14.649999618530273,14.640000343322754,14.640000343322754,872.0
2024-03-01 12:25:00,ERAS,2.5299999713897705,2.5299999713897705,2.5299999713897705,2.5299999713897705,2.5299999713897705,102.0
2024-03-01 12:25:00,ESPR,2.5450000762939453,2.5450000762939453,2.5450000762939453,2.5399999618530273,2.5450000762939453,1800.0
2024-03-01 12:25:00,ETNB,13.119999885559082,13.119999885559082,13.140000343322754,13.119999885559082,13.140000343322754,4833.0
2024-03-01 12:25:00,EVGN,0.9649999737739563,0.9649999737739563,0.9649999737739563,0.9649999737739563,0.9649999737739563,204.0
2024-03-01 12:25:00,EWTX,17.014999389648438,17.014999389648438,17.030000686645508,16.989999771118164,16.989999771118164,9869.0
2024-03-01 12:25:00,EXAS,60.279998779296875,60.279998779296875,60.293800354003906,60.2599983215332,60.26499938964844,3188.0
2024-03-01 12:25:00,EXEL,22.4950008392334,22.4950008392334,22.5049991607666,22.4950008392334,22.5049991607666,3395.0
2024-03-01 12:25:00,EYEN,2.3399999141693115,2.3399999141693115,2.3399999141693115,2.3299999237060547,2.339400053024292,2451.0
2024-03-01 12:25:00,EYPT,27.889999389648438,27.889999389648438,27.920000076293945,27.889999389648438,27.920000076293945,362.0
2024-03-01 12:25:00,FATE,7.494999885559082,7.494999885559082,7.510000228881836,7.460000038146973,7.465000152587891,5716.0
2024-03-01 12:25:00,FBIO,2.280100107192993,2.280100107192993,2.2899999618530273,2.280100107192993,2.2899999618530273,299.0
2024-03-01 12:25:00,FDMT,29.25,29.25,29.299999237060547,29.25,29.299999237060547,956.0
2024-03-01 12:25:00,FGEN,1.8600000143051147,1.8600000143051147,1.8600000143051147,1.850000023841858,1.850000023841858,5032.0
2024-03-01 12:25:00,FOLD,13.375,13.375,13.375,13.364999771118164,13.364999771118164,4233.0
2024-03-01 12:25:00,FULC,10.899999618530273,10.899999618530273,10.899999618530273,10.880000114440918,10.880000114440918,354.0
2024-03-01 12:25:00,FUSN,12.279999732971191,12.279999732971191,12.279999732971191,12.255000114440918,12.255000114440918,3709.0
2024-03-01 12:25:00,FWBI,8.449999809265137,8.449999809265137,8.449999809265137,8.399999618530273,8.399999618530273,1914.0
2024-03-01 12:25:00,GALT,1.9700000286102295,1.9700000286102295,1.9700000286102295,1.9700000286102295,1.9700000286102295,179.0
2024-03-01 12:25:00,GBIO,2.6600000858306885,2.6600000858306885,2.6700000762939453,2.6600000858306885,2.6700000762939453,1415.0
2024-03-01 12:25:00,GDRX,8.3149995803833,8.3149995803833,8.319999694824219,8.3100004196167,8.319999694824219,1762.0
2024-03-01 12:25:00,GERN,2.2100000381469727,2.2100000381469727,2.2100000381469727,2.190000057220459,2.199899911880493,122439.0
2024-03-01 12:25:00,GH,19.18000030517578,19.18000030517578,19.18000030517578,19.15999984741211,19.15999984741211,1656.0
2024-03-01 12:25:00,GHRS,8.8100004196167,8.8100004196167,8.8100004196167,8.8100004196167,8.8100004196167,234.0
2024-03-01 12:25:00,GILD,72.30000305175781,72.30000305175781,72.31999969482422,72.28140258789062,72.28500366210938,9931.0
2024-03-01 12:25:00,GMAB,29.40999984741211,29.40999984741211,29.40999984741211,29.40999984741211,29.40999984741211,120.0
2024-03-01 12:25:00,GMDA,0.3862999975681305,0.3862999975681305,0.3862999975681305,0.3862999975681305,0.3862999975681305,2000.0
2024-03-01 12:25:00,GOSS,1.3698999881744385,1.3698999881744385,1.3698999881744385,1.3600000143051147,1.3600000143051147,26321.0
2024-03-01 12:25:00,GOVX,2.5899999141693115,2.5899999141693115,2.5899999141693115,2.5899999141693115,2.5899999141693115,103.0
2024-03-01 12:25:00,GRFS,7.074999809265137,7.074999809265137,7.079999923706055,7.074999809265137,7.074999809265137,454.0
2024-03-01 12:25:00,GRTS,2.1649999618530273,2.1649999618530273,2.1649999618530273,2.1600000858306885,2.1600000858306885,897.0
2024-03-01 12:25:00,GTHX,3.6600000858306885,3.6600000858306885,3.6600000858306885,3.6549999713897705,3.6549999713897705,2157.0
2024-03-01 12:25:00,HALO,41.630001068115234,41.630001068115234,41.65999984741211,41.630001068115234,41.654998779296875,1213.0
2024-03-01 12:25:00,HARP,22.940000534057617,22.940000534057617,22.940000534057617,22.940000534057617,22.940000534057617,208.0
2024-03-01 12:25:00,HCAT,8.029999732971191,8.029999732971191,8.03499984741211,8.029999732971191,8.03499984741211,312.0
2024-03-01 12:25:00,HOLX,73.70099639892578,73.70099639892578,73.72000122070312,73.68900299072266,73.68900299072266,1958.0
2024-03-01 12:25:00,HRMY,31.530000686645508,31.530000686645508,31.530000686645508,31.530000686645508,31.530000686645508,336.0
2024-03-01 12:25:00,HROW,10.859999656677246,10.859999656677246,10.859999656677246,10.850000381469727,10.850000381469727,1219.0
2024-03-01 12:25:00,HRTX,2.6050000190734863,2.6050000190734863,2.6050000190734863,2.5999999046325684,2.5999999046325684,201.0
2024-03-01 12:25:00,HSIC,76.91999816894531,76.91999816894531,76.91999816894531,76.9000015258789,76.9000015258789,668.0
2024-03-01 12:25:00,HUMA,3.444999933242798,3.444999933242798,3.4484000205993652,3.4400999546051025,3.4484000205993652,4341.0
2024-03-01 12:25:00,IART,36.650001525878906,36.650001525878906,36.650001525878906,36.61000061035156,36.61000061035156,612.0
2024-03-01 12:25:00,IBRX,4.889999866485596,4.889999866485596,4.889999866485596,4.880000114440918,4.880000114440918,3329.0
2024-03-01 12:25:00,ICCM,1.2999999523162842,1.2999999523162842,1.2999999523162842,1.2949999570846558,1.2949999570846558,210.0
2024-03-01 12:25:00,IDXX,580.1900024414062,580.1900024414062,580.1900024414062,580.1900024414062,580.1900024414062,710.0
2024-03-01 12:25:00,IDYA,46.34000015258789,46.34000015258789,46.36000061035156,46.34000015258789,46.36000061035156,1182.0
2024-03-01 12:25:00,ILMN,142.46499633789062,142.46499633789062,142.46499633789062,142.38499450683594,142.38499450683594,557.0
2024-03-01 12:25:00,IMCR,67.93000030517578,67.93000030517578,68.05999755859375,67.9000015258789,68.05999755859375,3108.0
2024-03-01 12:25:00,IMNM,26.097200393676758,26.097200393676758,26.100000381469727,26.059999465942383,26.059999465942383,1495.0
2024-03-01 12:25:00,IMVT,36.369998931884766,36.369998931884766,36.369998931884766,36.345001220703125,36.345001220703125,523.0
2024-03-01 12:25:00,INBX,36.720001220703125,36.720001220703125,36.720001220703125,36.720001220703125,36.720001220703125,417.0
2024-03-01 12:25:00,INCY,59.15999984741211,59.15999984741211,59.15999984741211,59.15999984741211,59.15999984741211,291.0
2024-03-01 12:25:00,INGN,6.820000171661377,6.820000171661377,6.840000152587891,6.820000171661377,6.840000152587891,1028.0
2024-03-01 12:25:00,INM,0.4020000100135803,0.4020000100135803,0.40209999680519104,0.4020000100135803,0.40209999680519104,1669.0
2024-03-01 12:25:00,INMB,12.085000038146973,12.085000038146973,12.140000343322754,12.085000038146973,12.095000267028809,875.0
2024-03-01 12:25:00,INMD,22.90999984741211,22.90999984741211,22.90999984741211,22.895000457763672,22.895000457763672,7245.0
2024-03-01 12:25:00,INO,9.375,9.375,9.375,9.350000381469727,9.350000381469727,4270.0
2024-03-01 12:25:00,INSM,28.5,28.5,28.510000228881836,28.5,28.510000228881836,819.0
2024-03-01 12:25:00,INVA,15.579999923706055,15.579999923706055,15.579999923706055,15.579999923706055,15.579999923706055,726.0
2024-03-01 12:25:00,INZY,6.730000019073486,6.730000019073486,6.730000019073486,6.715000152587891,6.715000152587891,1294.0
2024-03-01 12:25:00,IONS,45.970001220703125,45.970001220703125,45.970001220703125,45.95500183105469,45.95500183105469,1390.0
2024-03-01 12:25:00,IOVA,16.829999923706055,16.829999923706055,16.844999313354492,16.80500030517578,16.809999465942383,18781.0
2024-03-01 12:25:00,IRWD,9.095000267028809,9.095000267028809,9.104999542236328,9.09000015258789,9.100000381469727,14125.0
2024-03-01 12:25:00,ISPC,0.46000000834465027,0.46000000834465027,0.46000000834465027,0.46000000834465027,0.46000000834465027,311.0
2024-03-01 12:25:00,ISRG,395.25,395.25,395.4599914550781,395.25,395.3999938964844,2439.0
2024-03-01 12:25:00,ITCI,71.98999786376953,71.98999786376953,71.98999786376953,71.9749984741211,71.9749984741211,1305.0
2024-03-01 12:25:00,IVA,3.8499999046325684,3.8499999046325684,3.8499999046325684,3.8499999046325684,3.8499999046325684,101.0
2024-03-01 12:25:00,IVVD,4.010000228881836,4.010000228881836,4.010000228881836,4.010000228881836,4.010000228881836,110.0
2024-03-01 12:25:00,IXHL,5.449999809265137,5.449999809265137,5.449999809265137,5.420000076293945,5.449999809265137,583.0
2024-03-01 12:25:00,JAGX,0.07190000265836716,0.07190000265836716,0.07235000282526016,0.07180000096559525,0.0723000019788742,104729.0
2024-03-01 12:25:00,JANX,46.900001525878906,46.900001525878906,46.900001525878906,46.900001525878906,46.900001525878906,984.0
2024-03-01 12:25:00,JAZZ,119.4000015258789,119.4000015258789,119.4000015258789,119.33999633789062,119.33999633789062,2498.0
2024-03-01 12:25:00,KNTE,2.6050000190734863,2.6050000190734863,2.6050000190734863,2.6050000190734863,2.6050000190734863,100.0
2024-03-01 12:25:00,KOD,6.144999980926514,6.144999980926514,6.150000095367432,6.139999866485596,6.150000095367432,1348.0
2024-03-01 12:25:00,KPTI,1.2000000476837158,1.2000000476837158,1.2000000476837158,1.2000000476837158,1.2000000476837158,1605.0
2024-03-01 12:25:00,KRON,1.024999976158142,1.024999976158142,1.024999976158142,1.024999976158142,1.024999976158142,1196.0
2024-03-01 12:25:00,KROS,70.56999969482422,70.56999969482422,70.56999969482422,70.37000274658203,70.55000305175781,820.0
2024-03-01 12:25:00,KRTX,316.6700134277344,316.6700134277344,316.6700134277344,316.6700134277344,316.6700134277344,827.0
2024-03-01 12:25:00,KTRA,0.09610000252723694,0.09610000252723694,0.09610000252723694,0.09605000168085098,0.09605000168085098,3560.0
2024-03-01 12:25:00,KURA,21.219999313354492,21.219999313354492,21.219999313354492,21.18000030517578,21.18000030517578,238.0
2024-03-01 12:25:00,KYMR,43.97999954223633,43.97999954223633,43.97999954223633,43.96500015258789,43.96500015258789,318.0
2024-03-01 12:25:00,KZR,1.0850000381469727,1.0850000381469727,1.090000033378601,1.0850000381469727,1.0850000381469727,1106.0
2024-03-01 12:25:00,LAB,2.494999885559082,2.494999885559082,2.494999885559082,2.494999885559082,2.494999885559082,745.0
2024-03-01 12:25:00,LBPH,21.959999084472656,21.959999084472656,21.959999084472656,21.959999084472656,21.959999084472656,110.0
2024-03-01 12:25:00,LEXX,2.759999990463257,2.759999990463257,2.759999990463257,2.7599000930786133,2.7599000930786133,1158.0
2024-03-01 12:25:00,LFMD,8.0,8.0,8.005000114440918,8.0,8.005000114440918,415.0
2024-03-01 12:25:00,LFST,7.889999866485596,7.889999866485596,7.894999980926514,7.889999866485596,7.889999866485596,3040.0
2024-03-01 12:25:00,LGVN,0.5339999794960022,0.5339999794960022,0.5339999794960022,0.5339999794960022,0.5339999794960022,208.0
2024-03-01 12:25:00,LIFE,1.9364999532699585,1.9364999532699585,1.9364999532699585,1.9364999532699585,1.9364999532699585,112.0
2024-03-01 12:25:00,LIVN,55.56999969482422,55.56999969482422,55.68000030517578,55.56999969482422,55.68000030517578,3025.0
2024-03-01 12:25:00,LMAT,67.0999984741211,67.0999984741211,67.0999984741211,67.08999633789062,67.08999633789062,623.0
2024-03-01 12:25:00,LNTH,65.51390075683594,65.51390075683594,65.51390075683594,65.51390075683594,65.51390075683594,644.0
2024-03-01 12:25:00,LQDA,14.404999732971191,14.404999732971191,14.404999732971191,14.3951997756958,14.399999618530273,920.0
2024-03-01 12:25:00,LRMR,11.364999771118164,11.364999771118164,11.364999771118164,11.364999771118164,11.364999771118164,144.0
2024-03-01 12:25:00,LUCD,1.2450000047683716,1.2450000047683716,1.2450000047683716,1.2400000095367432,1.2400000095367432,1002.0
2024-03-01 12:25:00,LUNG,9.385000228881836,9.385000228881836,9.385000228881836,9.385000228881836,9.385000228881836,234.0
2024-03-01 12:25:00,LVTX,3.0,3.0,3.0299999713897705,3.0,3.0199999809265137,6965.0
2024-03-01 12:25:00,LXRX,2.494999885559082,2.494999885559082,2.5,2.4649999141693115,2.4700000286102295,47633.0
2024-03-01 12:25:00,LYEL,3.1449999809265137,3.1449999809265137,3.1449999809265137,3.1449999809265137,3.1449999809265137,133.0
2024-03-01 12:25:00,MACK,14.720000267028809,14.720000267028809,14.720000267028809,14.720000267028809,14.720000267028809,370.0
2024-03-01 12:25:00,MASS,7.420000076293945,7.420000076293945,7.420000076293945,7.420000076293945,7.420000076293945,226.0
2024-03-01 12:25:00,MCRB,1.2050000429153442,1.2050000429153442,1.2050000429153442,1.2050000429153442,1.2050000429153442,208.0
2024-03-01 12:25:00,MDGL,246.8300018310547,246.8300018310547,246.8300018310547,246.47000122070312,246.49000549316406,2416.0
2024-03-01 12:25:00,MDRX,6.050000190734863,6.050000190734863,6.050000190734863,6.0,6.050000190734863,21191.0
2024-03-01 12:25:00,MDXG,8.59000015258789,8.59000015258789,8.59000015258789,8.59000015258789,8.59000015258789,195.0
2024-03-01 12:25:00,ME,0.5690000057220459,0.5690000057220459,0.5690000057220459,0.5690000057220459,0.5690000057220459,1100.0
2024-03-01 12:25:00,MEDP,401.19000244140625,401.19000244140625,401.19000244140625,401.19000244140625,401.19000244140625,738.0
2024-03-01 12:25:00,MGNX,18.84000015258789,18.84000015258789,18.850000381469727,18.84000015258789,18.850000381469727,539.0
2024-03-01 12:25:00,MHUA,0.6999490261077881,0.6999490261077881,0.6999490261077881,0.6999490261077881,0.6999490261077881,232.0
2024-03-01 12:25:00,MIRM,29.950000762939453,29.950000762939453,29.97800064086914,29.950000762939453,29.97249984741211,2091.0
2024-03-01 12:25:00,MLTX,51.779998779296875,51.779998779296875,51.779998779296875,51.779998779296875,51.779998779296875,666.0
2024-03-01 12:25:00,MNKD,4.539999961853027,4.539999961853027,4.550000190734863,4.534999847412109,4.539999961853027,18923.0
2024-03-01 12:25:00,MODD,1.9299999475479126,1.9299999475479126,1.9299999475479126,1.9299999475479126,1.9299999475479126,100.0
2024-03-01 12:25:00,MOR,17.584999084472656,17.584999084472656,17.584999084472656,17.584999084472656,17.584999084472656,277.0
2024-03-01 12:25:00,MORF,39.33000183105469,39.33000183105469,39.33000183105469,39.310001373291016,39.310001373291016,885.0
2024-03-01 12:25:00,MRAI,1.6050000190734863,1.6050000190734863,1.6200000047683716,1.590000033378601,1.590000033378601,10928.0
2024-03-01 12:25:00,MREO,3.8550000190734863,3.8550000190734863,3.8550000190734863,3.8550000190734863,3.8550000190734863,1152.0
2024-03-01 12:25:00,MRNA,96.43000030517578,96.43000030517578,96.44999694824219,96.2260971069336,96.25,13152.0
2024-03-01 12:25:00,MRNS,10.0,10.0,10.0,10.0,10.0,589.0
2024-03-01 12:25:00,MRSN,5.989999771118164,5.989999771118164,5.989999771118164,5.985000133514404,5.989999771118164,1630.0
2024-03-01 12:25:00,MRVI,7.84499979019165,7.84499979019165,7.84499979019165,7.840000152587891,7.840000152587891,324.0
2024-03-01 12:25:00,NARI,45.84000015258789,45.84000015258789,45.86000061035156,45.79999923706055,45.86000061035156,1974.0
2024-03-01 12:25:00,NAUT,2.6700000762939453,2.6700000762939453,2.6700000762939453,2.6700000762939453,2.6700000762939453,202.0
2024-03-01 12:25:00,NBIX,131.02000427246094,131.02000427246094,131.13999938964844,131.02000427246094,131.13999938964844,2399.0
2024-03-01 12:25:00,NEO,16.094999313354492,16.094999313354492,16.094999313354492,16.094999313354492,16.094999313354492,113.0
2024-03-01 12:25:00,NEOG,17.395000457763672,17.395000457763672,17.395000457763672,17.395000457763672,17.395000457763672,353.0
2024-03-01 12:25:00,NERV,2.5950000286102295,2.5950000286102295,2.603800058364868,2.5950000286102295,2.603800058364868,1048.0
2024-03-01 12:25:00,NKTR,0.777899980545044,0.777899980545044,0.7799999713897705,0.7773000001907349,0.7773000001907349,2706.0
2024-03-01 12:25:00,NKTX,12.9399995803833,12.9399995803833,13.010000228881836,12.9399995803833,12.989999771118164,32955.0
2024-03-01 12:25:00,NNOX,11.199999809265137,11.199999809265137,11.204999923706055,11.170000076293945,11.179900169372559,5412.0
2024-03-01 12:25:00,NOTV,8.109999656677246,8.109999656677246,8.109999656677246,8.095000267028809,8.095000267028809,1714.0
2024-03-01 12:25:00,NPCE,16.489999771118164,16.489999771118164,16.489999771118164,16.489999771118164,16.489999771118164,141.0
2024-03-01 12:25:00,NRIX,13.520000457763672,13.520000457763672,13.520000457763672,13.520000457763672,13.520000457763672,100.0
2024-03-01 12:25:00,NRSN,2.134999990463257,2.134999990463257,2.140000104904175,2.0899999141693115,2.0899999141693115,6933.0
2024-03-01 12:25:00,NRXP,0.41499999165534973,0.41499999165534973,0.41499999165534973,0.4115000069141388,0.4115000069141388,35881.0
2024-03-01 12:25:00,NTLA,33.503299713134766,33.503299713134766,33.503299713134766,33.459999084472656,33.470001220703125,2529.0
2024-03-01 12:25:00,NTRA,88.95500183105469,88.95500183105469,89.01000213623047,88.91999816894531,89.01000213623047,2681.0
2024-03-01 12:25:00,NUVL,88.93499755859375,88.93499755859375,88.93499755859375,88.7300033569336,88.7300033569336,1391.0
2024-03-01 12:25:00,NUWE,0.5799999833106995,0.5799999833106995,0.5799999833106995,0.5799000263214111,0.5799000263214111,451.0
2024-03-01 12:25:00,NVAX,5.150000095367432,5.150000095367432,5.159999847412109,5.139999866485596,5.150000095367432,18429.0
2024-03-01 12:25:00,NVNO,6.460000038146973,6.460000038146973,6.460000038146973,6.460000038146973,6.460000038146973,193.0
2024-03-01 12:25:00,NXTC,1.7699999809265137,1.7699999809265137,1.7699999809265137,1.7699999809265137,1.7699999809265137,200.0
2024-03-01 12:25:00,OCGN,0.9336000084877014,0.9336000084877014,0.9337499737739563,0.9333999752998352,0.9334999918937683,1669.0
2024-03-01 12:25:00,OCUL,10.755000114440918,10.755000114440918,10.770000457763672,10.755000114440918,10.757499694824219,3009.0
2024-03-01 12:25:00,OGI,2.180000066757202,2.180000066757202,2.190000057220459,2.180000066757202,2.190000057220459,1500.0
2024-03-01 12:25:00,OLK,22.600000381469727,22.600000381469727,22.600000381469727,22.600000381469727,22.600000381469727,676.0
2024-03-01 12:25:00,OMCL,26.559999465942383,26.559999465942383,26.559999465942383,26.559999465942383,26.559999465942383,223.0
2024-03-01 12:25:00,OMER,4.735000133514404,4.735000133514404,4.739999771118164,4.730000019073486,4.739999771118164,1568.0
2024-03-01 12:25:00,OMGA,4.179999828338623,4.179999828338623,4.190000057220459,4.179999828338623,4.190000057220459,3545.0
2024-03-01 12:25:00,ONTX,0.8137000203132629,0.8137000203132629,0.8137000203132629,0.8137000203132629,0.8137000203132629,100.0
2024-03-01 12:26:00,ABCL,5.204999923706055,5.204999923706055,5.210000038146973,5.204999923706055,5.210000038146973,406.0
2024-03-01 12:26:00,ABEO,7.730000019073486,7.730000019073486,7.809999942779541,7.730000019073486,7.809999942779541,5888.0
2024-03-01 12:26:00,ABOS,4.670000076293945,4.670000076293945,4.670000076293945,4.650000095367432,4.650000095367432,6955.0
2024-03-01 12:26:00,ABSI,5.239999771118164,5.239999771118164,5.244999885559082,5.239999771118164,5.239999771118164,1047.0
2024-03-01 12:26:00,ABUS,2.7757999897003174,2.7757999897003174,2.7757999897003174,2.7757999897003174,2.7757999897003174,289.0
2024-03-01 12:26:00,ACAD,24.216999053955078,24.216999053955078,24.216999053955078,24.200000762939453,24.200000762939453,710.0
2024-03-01 12:26:00,ACB,3.1898999214172363,3.1898999214172363,3.1898999214172363,3.1898999214172363,3.1898999214172363,2255.0
2024-03-01 12:26:00,ACET,2.4049999713897705,2.4049999713897705,2.4049999713897705,2.4049999713897705,2.4049999713897705,747.0
2024-03-01 12:26:00,ACHC,84.29000091552734,84.29000091552734,84.29000091552734,84.29000091552734,84.29000091552734,470.0
2024-03-01 12:26:00,ACLX,67.29499816894531,67.29499816894531,67.29499816894531,67.29499816894531,67.29499816894531,479.0
2024-03-01 12:26:00,ACRS,1.2400000095367432,1.2400000095367432,1.2400000095367432,1.2350000143051147,1.2400000095367432,900.0
2024-03-01 12:26:00,ADAP,1.6298999786376953,1.6298999786376953,1.6299999952316284,1.628999948501587,1.628999948501587,1927.0
2024-03-01 12:26:00,ADIL,3.200000047683716,3.200000047683716,3.240000009536743,3.1600000858306885,3.2191998958587646,52305.0
2024-03-01 12:26:00,ADMA,5.414999961853027,5.414999961853027,5.414999961853027,5.394999980926514,5.400000095367432,46170.0
2024-03-01 12:26:00,ADVM,1.9800000190734863,1.9800000190734863,1.9800000190734863,1.975000023841858,1.975000023841858,2368.0
2024-03-01 12:26:00,AGEN,0.6738499999046326,0.6738499999046326,0.6739000082015991,0.6738499999046326,0.6739000082015991,1601.0
2024-03-01 12:26:00,AGIO,32.83000183105469,32.83000183105469,32.83000183105469,32.83000183105469,32.83000183105469,313.0
2024-03-01 12:26:00,AHCO,10.78499984741211,10.78499984741211,10.791000366210938,10.779999732971191,10.791000366210938,2774.0
2024-03-01 12:26:00,AKBA,1.684999942779541,1.684999942779541,1.6899000406265259,1.6801999807357788,1.684999942779541,8810.0
2024-03-01 12:26:00,AKLI,0.3328000009059906,0.3328000009059906,0.3328000009059906,0.3328000009059906,0.3328000009059906,100.0
2024-03-01 12:26:00,AKRO,30.05069923400879,30.05069923400879,30.170000076293945,30.05069923400879,30.15999984741211,993.0
2024-03-01 12:26:00,ALDX,4.140699863433838,4.140699863433838,4.140999794006348,4.139100074768066,4.140999794006348,14841.0
2024-03-01 12:26:00,ALEC,7.380000114440918,7.380000114440918,7.380000114440918,7.380000114440918,7.380000114440918,112.0
2024-03-01 12:26:00,ALGN,303.489990234375,303.489990234375,303.510009765625,303.489990234375,303.510009765625,986.0
2024-03-01 12:26:00,ALHC,5.71999979019165,5.71999979019165,5.730000019073486,5.71999979019165,5.730000019073486,447.0
2024-03-01 12:26:00,ALKS,29.975000381469727,29.975000381469727,30.079999923706055,29.950000762939453,30.06999969482422,15884.0
2024-03-01 12:26:00,ALLK,1.6074999570846558,1.6074999570846558,1.6074999570846558,1.6050000190734863,1.6050000190734863,400.0
2024-03-01 12:26:00,ALLO,5.039999961853027,5.039999961853027,5.045000076293945,5.039999961853027,5.045000076293945,626.0
2024-03-01 12:26:00,ALNY,154.4949951171875,154.4949951171875,154.4949951171875,154.4949951171875,154.4949951171875,277.0
2024-03-01 12:26:00,ALPN,35.76499938964844,35.76499938964844,35.790000915527344,35.75,35.790000915527344,3887.0
2024-03-01 12:26:00,ALT,11.979999542236328,11.979999542236328,11.999799728393555,11.979999542236328,11.98390007019043,1123.0
2024-03-01 12:26:00,ALVR,0.7541000247001648,0.7541000247001648,0.7541000247001648,0.7541000247001648,0.7541000247001648,100.0
2024-03-01 12:26:00,ALZN,0.9033640027046204,0.9033640027046204,0.9033640027046204,0.9033640027046204,0.9033640027046204,184.0
2024-03-01 12:26:00,AMED,93.20999908447266,93.20999908447266,93.20999908447266,93.20999908447266,93.20999908447266,101.0
2024-03-01 12:26:00,AMGN,281.44000244140625,281.44000244140625,281.5849914550781,281.3800048828125,281.5849914550781,5616.0
2024-03-01 12:26:00,AMLX,18.7450008392334,18.7450008392334,18.770000457763672,18.735000610351562,18.770000457763672,7749.0
2024-03-01 12:26:00,AMPH,45.411399841308594,45.411399841308594,45.411399841308594,45.411399841308594,45.411399841308594,413.0
2024-03-01 12:26:00,AMRN,1.0549999475479126,1.0549999475479126,1.0549999475479126,1.0549999475479126,1.0549999475479126,400.0
2024-03-01 12:26:00,ANAB,25.399999618530273,25.399999618530273,25.399999618530273,25.399999618530273,25.399999618530273,1022.0
2024-03-01 12:26:00,ANIP,66.29989624023438,66.29989624023438,66.29989624023438,66.29989624023438,66.29989624023438,283.0
2024-03-01 12:26:00,ANNX,5.968699932098389,5.968699932098389,5.968699932098389,5.968699932098389,5.968699932098389,319.0
2024-03-01 12:26:00,ANTX,3.0381999015808105,3.0381999015808105,3.0381999015808105,3.0381999015808105,3.0381999015808105,171.0
2024-03-01 12:26:00,APLS,65.16000366210938,65.16000366210938,65.16000366210938,65.12000274658203,65.1500015258789,1264.0
2024-03-01 12:26:00,APLT,7.050000190734863,7.050000190734863,7.065000057220459,7.050000190734863,7.065000057220459,386.0
2024-03-01 12:26:00,AQST,4.320799827575684,4.320799827575684,4.328499794006348,4.320799827575684,4.328499794006348,802.0
2024-03-01 12:26:00,ARAY,2.640000104904175,2.640000104904175,2.640000104904175,2.640000104904175,2.640000104904175,118.0
2024-03-01 12:26:00,ARCT,39.59000015258789,39.59000015258789,39.59000015258789,39.58000183105469,39.58000183105469,619.0
2024-03-01 12:26:00,ARDX,9.664999961853027,9.664999961853027,9.664999961853027,9.654999732971191,9.65999984741211,5312.0
2024-03-01 12:26:00,ARGX,390.5325012207031,390.5325012207031,391.1300048828125,390.42999267578125,390.80999755859375,1221.0
2024-03-01 12:26:00,ARQT,11.614999771118164,11.614999771118164,11.614999771118164,11.5649995803833,11.579999923706055,9675.0
2024-03-01 12:26:00,ARVN,49.17499923706055,49.17499923706055,49.17499923706055,49.15999984741211,49.15999984741211,310.0
2024-03-01 12:26:00,ARWR,35.79999923706055,35.79999923706055,35.82500076293945,35.7599983215332,35.810001373291016,2215.0
2024-03-01 12:26:00,ASLN,0.7971000075340271,0.7971000075340271,0.7971000075340271,0.7971000075340271,0.7971000075340271,180.0
2024-03-01 12:26:00,ASND,150.93499755859375,150.93499755859375,151.1699981689453,150.93499755859375,151.0800018310547,801.0
2024-03-01 12:26:00,ASRT,0.9366000294685364,0.9366000294685364,0.9383999705314636,0.9348999857902527,0.9383999705314636,330.0
2024-03-01 12:26:00,ATAI,2.0850000381469727,2.0850000381469727,2.1022000312805176,2.0799999237060547,2.0999999046325684,21733.0
2024-03-01 12:26:00,ATEC,13.555000305175781,13.555000305175781,13.555000305175781,13.555000305175781,13.555000305175781,3001.0
2024-03-01 12:26:00,ATNF,3.3499999046325684,3.3499999046325684,3.3499999046325684,3.3499999046325684,3.3499999046325684,1544.0
2024-03-01 12:26:00,ATRA,0.7921000123023987,0.7921000123023987,0.7921000123023987,0.7921000123023987,0.7921000123023987,300.0
2024-03-01 12:26:00,ATRC,36.040000915527344,36.040000915527344,36.05500030517578,36.040000915527344,36.05500030517578,301.0
2024-03-01 12:26:00,ATXS,14.960000038146973,14.960000038146973,14.960000038146973,14.960000038146973,14.960000038146973,101.0
2024-03-01 12:26:00,AUPH,5.860000133514404,5.860000133514404,5.869999885559082,5.860000133514404,5.862599849700928,1779.0
2024-03-01 12:26:00,AURA,9.444999694824219,9.444999694824219,9.444999694824219,9.444999694824219,9.444999694824219,300.0
2024-03-01 12:26:00,AUTL,6.380000114440918,6.380000114440918,6.380000114440918,6.370100021362305,6.370100021362305,1000.0
2024-03-01 12:26:00,AVDL,12.930000305175781,12.930000305175781,12.949999809265137,12.890000343322754,12.949999809265137,5788.0
2024-03-01 12:26:00,AVRO,1.350000023841858,1.350000023841858,1.350000023841858,1.350000023841858,1.350000023841858,171.0
2024-03-01 12:26:00,AVTE,23.790000915527344,23.790000915527344,23.909900665283203,23.520000457763672,23.520000457763672,1500.0
2024-03-01 12:26:00,AVXL,5.364999771118164,5.364999771118164,5.369999885559082,5.364999771118164,5.364999771118164,8414.0
2024-03-01 12:26:00,AXNX,67.625,67.625,67.625,67.625,67.625,1018.0
2024-03-01 12:26:00,AZN,64.73999786376953,64.73999786376953,64.74500274658203,64.731201171875,64.73500061035156,6588.0
2024-03-01 12:26:00,BCAB,2.734999895095825,2.734999895095825,2.734999895095825,2.734999895095825,2.734999895095825,133.0
2024-03-01 12:26:00,BCDA,0.566100001335144,0.566100001335144,0.566100001335144,0.566100001335144,0.566100001335144,600.0
2024-03-01 12:26:00,BCRX,5.78000020980835,5.78000020980835,5.78000020980835,5.78000020980835,5.78000020980835,506.0
2024-03-01 12:26:00,BDSX,1.649999976158142,1.649999976158142,1.649999976158142,1.649999976158142,1.649999976158142,636.0
2024-03-01 12:26:00,BDTX,5.014999866485596,5.014999866485596,5.019999980926514,5.010000228881836,5.010000228881836,969.0
2024-03-01 12:26:00,BEAM,40.02000045776367,40.02000045776367,40.020599365234375,40.0,40.02000045776367,1446.0
2024-03-01 12:26:00,BIIB,220.8000030517578,220.8000030517578,220.88999938964844,220.74000549316406,220.88999938964844,2446.0
2024-03-01 12:26:00,BIOR,1.1847000122070312,1.1847000122070312,1.1847000122070312,1.1819000244140625,1.1819000244140625,6001.0
2024-03-01 12:26:00,BIVI,1.8300000429153442,1.8300000429153442,1.840000033378601,1.7999999523162842,1.809999942779541,73250.0
2024-03-01 12:26:00,BJDX,0.7944999933242798,0.7944999933242798,0.7944999933242798,0.7944999933242798,0.7944999933242798,281.0
2024-03-01 12:26:00,BLUE,1.5871000289916992,1.5871000289916992,1.590000033378601,1.5850000381469727,1.5859999656677246,1768.0
2024-03-01 12:26:00,BMEA,18.0,18.0,18.0,18.0,18.0,361.0
2024-03-01 12:26:00,BMRN,87.19000244140625,87.19000244140625,87.19999694824219,87.18000030517578,87.19999694824219,1992.0
2024-03-01 12:26:00,BNGO,1.2450000047683716,1.2450000047683716,1.246899962425232,1.2450000047683716,1.2450000047683716,1036.0
2024-03-01 12:26:00,BNTX,91.91000366210938,91.91000366210938,91.91000366210938,91.91000366210938,91.91000366210938,266.0
2024-03-01 12:26:00,BPMC,97.4800033569336,97.4800033569336,97.79000091552734,97.45999908447266,97.79000091552734,7330.0
2024-03-01 12:26:00,BRKR,88.29000091552734,88.29000091552734,88.29000091552734,88.29000091552734,88.29000091552734,326.0
2024-03-01 12:26:00,BTMD,6.039999961853027,6.039999961853027,6.090000152587891,6.039999961853027,6.079999923706055,1870.0
2024-03-01 12:26:00,BVS,4.71999979019165,4.71999979019165,4.71999979019165,4.710000038146973,4.710000038146973,606.0
2024-03-01 12:26:00,BWAY,6.53000020980835,6.53000020980835,6.53000020980835,6.53000020980835,6.53000020980835,100.0
2024-03-01 12:26:00,CABA,23.959999084472656,23.959999084472656,23.959999084472656,23.959999084472656,23.959999084472656,249.0
2024-03-01 12:26:00,CARA,0.8989999890327454,0.8989999890327454,0.8989999890327454,0.8988999724388123,0.8988999724388123,781.0
2024-03-01 12:26:00,CBAY,32.23500061035156,32.23500061035156,32.244998931884766,32.22999954223633,32.244998931884766,15816.0
2024-03-01 12:26:00,CCCC,10.920000076293945,10.920000076293945,10.9399995803833,10.920000076293945,10.9399995803833,1253.0
2024-03-01 12:26:00,CCRN,18.2549991607666,18.2549991607666,18.2549991607666,18.2549991607666,18.2549991607666,254.0
2024-03-01 12:26:00,CDMO,8.109999656677246,8.109999656677246,8.109999656677246,8.109999656677246,8.109999656677246,217.0
2024-03-01 12:26:00,CDNA,12.220000267028809,12.220000267028809,12.260000228881836,12.199999809265137,12.25,5737.0
2024-03-01 12:26:00,CDXS,4.494999885559082,4.494999885559082,4.539999961853027,4.494999885559082,4.539999961853027,1113.0
2024-03-01 12:26:00,CELC,16.1299991607666,16.1299991607666,16.1299991607666,16.1299991607666,16.1299991607666,100.0
2024-03-01 12:26:00,CERE,41.11000061035156,41.11000061035156,41.11000061035156,41.099998474121094,41.099998474121094,3795.0
2024-03-01 12:26:00,CERS,2.2200000286102295,2.2200000286102295,2.2200000286102295,2.2200000286102295,2.2200000286102295,200.0
2024-03-01 12:26:00,CERT,17.674999237060547,17.674999237060547,17.68000030517578,17.670000076293945,17.670000076293945,789.0
2024-03-01 12:26:00,CGC,3.265000104904175,3.265000104904175,3.2699999809265137,3.265000104904175,3.2699999809265137,483.0
2024-03-01 12:26:00,CGEN,2.699899911880493,2.699899911880493,2.699899911880493,2.699899911880493,2.699899911880493,2585.0
2024-03-01 12:26:00,CGTX,2.0199999809265137,2.0199999809265137,2.0199999809265137,2.0006000995635986,2.0199999809265137,1515.0
2024-03-01 12:26:00,CHRS,2.375,2.375,2.375,2.375,2.375,300.0
2024-03-01 12:26:00,CLDX,50.7400016784668,50.7400016784668,50.880001068115234,50.63999938964844,50.650001525878906,7201.0
2024-03-01 12:26:00,CLLS,2.591900110244751,2.591900110244751,2.591900110244751,2.591900110244751,2.591900110244751,158.0
2024-03-01 12:26:00,CLNN,0.3862999975681305,0.3862999975681305,0.3862999975681305,0.38609999418258667,0.3862999975681305,4755.0
2024-03-01 12:26:00,CLOV,0.8664000034332275,0.8664000034332275,0.866599977016449,0.8664000034332275,0.8665000200271606,20156.0
2024-03-01 12:26:00,CMPS,11.489999771118164,11.489999771118164,11.5,11.470100402832031,11.5,870.0
2024-03-01 12:26:00,CMRX,1.1449999809265137,1.1449999809265137,1.1449999809265137,1.1449999809265137,1.1449999809265137,1050.0
2024-03-01 12:26:00,CNSP,0.3190000057220459,0.3190000057220459,0.3199999928474426,0.3190000057220459,0.3199999928474426,452.0
2024-03-01 12:26:00,COGT,7.210000038146973,7.210000038146973,7.210000038146973,7.199999809265137,7.210000038146973,3393.0
2024-03-01 12:26:00,COLL,37.13999938964844,37.13999938964844,37.15999984741211,37.13999938964844,37.15999984741211,722.0
2024-03-01 12:26:00,CORT,24.1200008392334,24.1200008392334,24.139999389648438,24.100000381469727,24.100000381469727,2040.0
2024-03-01 12:26:00,CPRX,17.06999969482422,17.06999969482422,17.114099502563477,17.060100555419922,17.104999542236328,5959.0
2024-03-01 12:26:00,CPSI,9.404800415039062,9.404800415039062,9.404800415039062,9.404800415039062,9.404800415039062,119.0
2024-03-01 12:26:00,CRBU,8.0,8.0,8.005000114440918,8.0,8.005000114440918,1659.0
2024-03-01 12:26:00,CRDF,2.3101999759674072,2.3101999759674072,2.319999933242798,2.309999942779541,2.319700002670288,4159.0
2024-03-01 12:26:00,CRMD,3.7200000286102295,3.7200000286102295,3.7200000286102295,3.7200000286102295,3.7200000286102295,648.0
2024-03-01 12:26:00,CRNX,46.08000183105469,46.08000183105469,46.08000183105469,46.08000183105469,46.08000183105469,227.0
2024-03-01 12:26:00,CRON,2.055000066757202,2.055000066757202,2.055000066757202,2.055000066757202,2.055000066757202,100.0
2024-03-01 12:26:00,CRSP,85.31999969482422,85.31999969482422,85.36000061035156,85.30999755859375,85.36000061035156,993.0
2024-03-01 12:26:00,CSTL,20.6299991607666,20.6299991607666,20.6299991607666,20.6299991607666,20.6299991607666,512.0
2024-03-01 12:26:00,CTKB,8.664999961853027,8.664999961853027,8.6850004196167,8.664999961853027,8.680000305175781,2937.0
2024-03-01 12:26:00,CTMX,2.6898999214172363,2.6898999214172363,2.690000057220459,2.6635000705718994,2.6700000762939453,7534.0
2024-03-01 12:26:00,CVRX,20.360000610351562,20.360000610351562,20.364999771118164,20.360000610351562,20.364999771118164,546.0
2024-03-01 12:26:00,CYTK,73.83000183105469,73.83000183105469,73.86000061035156,73.80999755859375,73.86000061035156,4555.0
2024-03-01 12:26:00,CYTO,2.3499999046325684,2.3499999046325684,2.3499999046325684,2.3032000064849854,2.3125,6971.0
2024-03-01 12:26:00,DCGO,4.112500190734863,4.112500190734863,4.119999885559082,4.112500190734863,4.119999885559082,1151.0
2024-03-01 12:26:00,DCPH,17.5,17.5,17.510000228881836,17.5,17.509899139404297,797.0
2024-03-01 12:26:00,DH,9.0,9.0,9.010000228881836,9.0,9.010000228881836,470.0
2024-03-01 12:26:00,DNLI,20.864999771118164,20.864999771118164,20.875,20.860000610351562,20.875,886.0
2024-03-01 12:26:00,DRIO,1.9900000095367432,1.9900000095367432,1.9900000095367432,1.9900000095367432,1.9900000095367432,142.0
2024-03-01 12:26:00,DRRX,1.0,1.0,1.0,1.0,1.0,100.0
2024-03-01 12:26:00,DSGN,2.9100000858306885,2.9100000858306885,2.9100000858306885,2.9049999713897705,2.9049999713897705,528.0
2024-03-01 12:26:00,DTIL,12.350000381469727,12.350000381469727,12.350000381469727,12.28499984741211,12.28499984741211,729.0
2024-03-01 12:26:00,DVAX,12.875,12.875,12.875,12.875,12.875,257.0
2024-03-01 12:26:00,DXCM,121.07499694824219,121.07499694824219,121.30000305175781,121.02999877929688,121.27999877929688,8548.0
2024-03-01 12:26:00,DYN,28.31999969482422,28.31999969482422,28.31999969482422,28.25,28.25,370.0
2024-03-01 12:26:00,EDIT,10.829999923706055,10.829999923706055,10.869999885559082,10.829999923706055,10.864999771118164,2801.0
2024-03-01 12:26:00,ELEV,4.75,4.75,4.820000171661377,4.75,4.818999767303467,12045.0
2024-03-01 12:26:00,EMBC,14.449999809265137,14.449999809265137,14.449999809265137,14.449999809265137,14.449999809265137,299.0
2024-03-01 12:26:00,ENLV,3.2927000522613525,3.2927000522613525,3.2927000522613525,3.2927000522613525,3.2927000522613525,100.0
2024-03-01 12:26:00,ENSC,0.9164999723434448,0.9164999723434448,0.9164999723434448,0.9164999723434448,0.9164999723434448,257.0
2024-03-01 12:26:00,ENTA,15.274999618530273,15.274999618530273,15.274999618530273,15.274999618530273,15.274999618530273,459.0
2024-03-01 12:26:00,ENVB,1.5398999452590942,1.5398999452590942,1.5398999452590942,1.5199999809265137,1.5393999814987183,9538.0
2024-03-01 12:26:00,EOLS,14.649999618530273,14.649999618530273,14.649999618530273,14.640000343322754,14.640000343322754,1442.0
2024-03-01 12:26:00,ERAS,2.5199999809265137,2.5199999809265137,2.5250000953674316,2.5199999809265137,2.5250000953674316,226.0
2024-03-01 12:26:00,ESPR,2.5399999618530273,2.5399999618530273,2.5399999618530273,2.5399999618530273,2.5399999618530273,5074.0
2024-03-01 12:26:00,ETNB,13.079999923706055,13.079999923706055,13.100000381469727,13.079999923706055,13.100000381469727,3064.0
2024-03-01 12:26:00,EVGN,0.9625009894371033,0.9625009894371033,0.9625009894371033,0.9625009894371033,0.9625009894371033,157.0
2024-03-01 12:26:00,EWTX,17.020000457763672,17.020000457763672,17.030000686645508,17.014999389648438,17.030000686645508,652.0
2024-03-01 12:26:00,EXAS,60.27000045776367,60.27000045776367,60.29999923706055,60.27000045776367,60.29999923706055,2567.0
2024-03-01 12:26:00,EXEL,22.479900360107422,22.479900360107422,22.4950008392334,22.475000381469727,22.4950008392334,2555.0
2024-03-01 12:26:00,EYEN,2.337899923324585,2.337899923324585,2.337899923324585,2.337899923324585,2.337899923324585,2345.0
2024-03-01 12:26:00,EYPT,27.850000381469727,27.850000381469727,27.889999389648438,27.850000381469727,27.889999389648438,1184.0
2024-03-01 12:26:00,FATE,7.489999771118164,7.489999771118164,7.489999771118164,7.480000019073486,7.489999771118164,3695.0
2024-03-01 12:26:00,FGEN,1.8600000143051147,1.8600000143051147,1.8600000143051147,1.8550000190734863,1.8550000190734863,1185.0
2024-03-01 12:26:00,FOLD,13.380000114440918,13.380000114440918,13.380000114440918,13.375,13.375,1202.0
2024-03-01 12:26:00,FULC,10.880000114440918,10.880000114440918,10.890000343322754,10.880000114440918,10.890000343322754,990.0
2024-03-01 12:26:00,FUSN,12.279999732971191,12.279999732971191,12.289999961853027,12.265000343322754,12.289999961853027,1707.0
2024-03-01 12:26:00,GDRX,8.3100004196167,8.3100004196167,8.3149995803833,8.3100004196167,8.3149995803833,8322.0
2024-03-01 12:26:00,GERN,2.194999933242798,2.194999933242798,2.2100000381469727,2.194999933242798,2.20740008354187,63910.0
2024-03-01 12:26:00,GH,19.18000030517578,19.18000030517578,19.18000030517578,19.18000030517578,19.18000030517578,739.0
2024-03-01 12:26:00,GILD,72.33000183105469,72.33000183105469,72.33000183105469,72.28500366210938,72.30000305175781,23255.0
2024-03-01 12:26:00,GMAB,29.3799991607666,29.3799991607666,29.402000427246094,29.3799991607666,29.402000427246094,1865.0
2024-03-01 12:26:00,GMDA,0.382999986410141,0.382999986410141,0.382999986410141,0.382999986410141,0.382999986410141,627.0
2024-03-01 12:26:00,GOSS,1.3650000095367432,1.3650000095367432,1.3650000095367432,1.3600000143051147,1.3600000143051147,861.0
2024-03-01 12:26:00,GRFS,7.070099830627441,7.070099830627441,7.070099830627441,7.070099830627441,7.070099830627441,270.0
2024-03-01 12:26:00,GRPH,3.4749999046325684,3.4749999046325684,3.4749999046325684,3.4749999046325684,3.4749999046325684,652.0
2024-03-01 12:26:00,GRTS,2.1649999618530273,2.1649999618530273,2.1649999618530273,2.160099983215332,2.1649999618530273,3448.0
2024-03-01 12:26:00,GRTX,0.23639999330043793,0.23639999330043793,0.23639999330043793,0.23520000278949738,0.23520000278949738,500.0
2024-03-01 12:26:00,GTHX,3.6600000858306885,3.6600000858306885,3.661400079727173,3.6600000858306885,3.660799980163574,5712.0
2024-03-01 12:26:00,HALO,41.63999938964844,41.63999938964844,41.63999938964844,41.619998931884766,41.619998931884766,1473.0
2024-03-01 12:26:00,HARP,22.940000534057617,22.940000534057617,22.940000534057617,22.940000534057617,22.940000534057617,672.0
2024-03-01 12:26:00,HCAT,8.03499984741211,8.03499984741211,8.03499984741211,8.029999732971191,8.03499984741211,600.0
2024-03-01 12:26:00,HCSG,12.694999694824219,12.694999694824219,12.694999694824219,12.694999694824219,12.694999694824219,114.0
2024-03-01 12:26:00,HCTI,2.4149999618530273,2.4149999618530273,2.4200000762939453,2.4100000858306885,2.4200000762939453,1411.0
2024-03-01 12:26:00,HOLX,73.72000122070312,73.72000122070312,73.7249984741211,73.7074966430664,73.7074966430664,2101.0
2024-03-01 12:26:00,HQY,81.75,81.75,81.75,81.75,81.75,110.0
2024-03-01 12:26:00,HRMY,31.479999542236328,31.479999542236328,31.520000457763672,31.479999542236328,31.520000457763672,663.0
2024-03-01 12:26:00,HROW,10.859999656677246,10.859999656677246,10.859999656677246,10.850000381469727,10.850000381469727,1838.0
2024-03-01 12:26:00,HRTX,2.6089999675750732,2.6089999675750732,2.609999895095825,2.6050000190734863,2.6050000190734863,3390.0
2024-03-01 12:26:00,HSIC,76.93000030517578,76.93000030517578,76.93000030517578,76.91999816894531,76.93000030517578,428.0
2024-03-01 12:26:00,HUGE,0.8899999856948853,0.8899999856948853,0.890999972820282,0.8899999856948853,0.890999972820282,677.0
2024-03-01 12:26:00,HUMA,3.444999933242798,3.444999933242798,3.444999933242798,3.444999933242798,3.444999933242798,1524.0
2024-03-01 12:26:00,IART,36.59000015258789,36.59000015258789,36.619998931884766,36.59000015258789,36.619998931884766,1399.0
2024-03-01 12:26:00,IBRX,4.880000114440918,4.880000114440918,4.894999980926514,4.880000114440918,4.894999980926514,6220.0
2024-03-01 12:26:00,ICAD,1.8473999500274658,1.8473999500274658,1.8473999500274658,1.8473999500274658,1.8473999500274658,555.0
2024-03-01 12:26:00,IDYA,46.369998931884766,46.369998931884766,46.39500045776367,46.369998931884766,46.380001068115234,2002.0
2024-03-01 12:26:00,IFRX,1.8604999780654907,1.8604999780654907,1.8604999780654907,1.8604999780654907,1.8604999780654907,1000.0
2024-03-01 12:26:00,ILMN,142.4600067138672,142.4600067138672,142.4600067138672,142.4600067138672,142.4600067138672,216.0
2024-03-01 12:26:00,IMCR,68.04000091552734,68.04000091552734,68.04000091552734,68.04000091552734,68.04000091552734,331.0
2024-03-01 12:26:00,IMMX,3.5450000762939453,3.5450000762939453,3.5450000762939453,3.5450000762939453,3.5450000762939453,101.0
2024-03-01 12:26:00,IMNM,26.059999465942383,26.059999465942383,26.1299991607666,26.030000686645508,26.094999313354492,3431.0
2024-03-01 12:26:00,IMVT,36.38050079345703,36.38050079345703,36.38050079345703,36.380001068115234,36.380001068115234,1217.0
2024-03-01 12:26:00,INBX,36.7599983215332,36.7599983215332,36.7599983215332,36.720001220703125,36.720001220703125,200.0
2024-03-01 12:26:00,INCY,59.18000030517578,59.18000030517578,59.18000030517578,59.15999984741211,59.16999816894531,1433.0
2024-03-01 12:26:00,INMB,12.119999885559082,12.119999885559082,12.15999984741211,12.085000038146973,12.109999656677246,2702.0
2024-03-01 12:26:00,INMD,22.8700008392334,22.8700008392334,22.905000686645508,22.860000610351562,22.905000686645508,6751.0
2024-03-01 12:26:00,INO,9.389900207519531,9.389900207519531,9.389900207519531,9.369999885559082,9.369999885559082,656.0
2024-03-01 12:26:00,INSM,28.489999771118164,28.489999771118164,28.5,28.489999771118164,28.5,1007.0
2024-03-01 12:26:00,INVA,15.604999542236328,15.604999542236328,15.604999542236328,15.579999923706055,15.579999923706055,2914.0
2024-03-01 12:26:00,INZY,6.71999979019165,6.71999979019165,6.71999979019165,6.710000038146973,6.71999979019165,4009.0
2024-03-01 12:26:00,IONS,45.939998626708984,45.939998626708984,45.95000076293945,45.939998626708984,45.95000076293945,1047.0
2024-03-01 12:26:00,IOVA,16.815000534057617,16.815000534057617,16.829999923706055,16.780000686645508,16.825000762939453,50989.0
2024-03-01 12:26:00,IRTC,121.02999877929688,121.02999877929688,121.02999877929688,120.97000122070312,121.01000213623047,1305.0
2024-03-01 12:26:00,IRWD,9.104999542236328,9.104999542236328,9.109999656677246,9.09000015258789,9.095000267028809,38319.0
2024-03-01 12:26:00,ITCI,71.86000061035156,71.86000061035156,71.88999938964844,71.81999969482422,71.86000061035156,1581.0
2024-03-01 12:26:00,ITOS,10.760000228881836,10.760000228881836,10.760000228881836,10.760000228881836,10.760000228881836,252.0
2024-03-01 12:26:00,IVVD,4.010000228881836,4.010000228881836,4.019999980926514,4.010000228881836,4.019999980926514,352.0
2024-03-01 12:26:00,IXHL,5.449999809265137,5.449999809265137,5.449999809265137,5.449999809265137,5.449999809265137,146.0
2024-03-01 12:26:00,JAGX,0.0714000016450882,0.0714000016450882,0.07190000265836716,0.07129999995231628,0.07190000265836716,157207.0
2024-03-01 12:26:00,JAZZ,119.31999969482422,119.31999969482422,119.33999633789062,119.30999755859375,119.33000183105469,2005.0
2024-03-01 12:26:00,KALV,14.020000457763672,14.020000457763672,14.020000457763672,14.020000457763672,14.020000457763672,286.0
2024-03-01 12:26:00,KPRX,0.6621000170707703,0.6621000170707703,0.6621000170707703,0.6621000170707703,0.6621000170707703,401.0
2024-03-01 12:26:00,KPTI,1.2000000476837158,1.2000000476837158,1.2000000476837158,1.1950000524520874,1.1950000524520874,2611.0
2024-03-01 12:26:00,KRYS,167.2899932861328,167.2899932861328,167.44500732421875,167.2899932861328,167.42999267578125,1794.0
2024-03-01 12:26:00,KTRA,0.09600000083446503,0.09600000083446503,0.09610000252723694,0.09600000083446503,0.09610000252723694,3582.0
2024-03-01 12:26:00,KURA,21.18000030517578,21.18000030517578,21.200000762939453,21.18000030517578,21.200000762939453,744.0
2024-03-01 12:26:00,KYMR,43.99980163574219,43.99980163574219,43.99980163574219,43.939998626708984,43.95000076293945,583.0
2024-03-01 12:26:00,KZIA,0.25,0.25,0.25,0.24899999797344208,0.24899999797344208,50100.0
2024-03-01 12:26:00,KZR,1.090000033378601,1.090000033378601,1.090000033378601,1.090000033378601,1.090000033378601,253.0
2024-03-01 12:26:00,LAB,2.494999885559082,2.494999885559082,2.5,2.494999885559082,2.494999885559082,2099.0
2024-03-01 12:26:00,LBPH,22.040000915527344,22.040000915527344,22.040000915527344,21.954999923706055,21.954999923706055,3149.0
2024-03-01 12:26:00,LEGN,66.04000091552734,66.04000091552734,66.04000091552734,66.01000213623047,66.01000213623047,1143.0
2024-03-01 12:26:00,LFST,7.889999866485596,7.889999866485596,7.894999980926514,7.889999866485596,7.889999866485596,317.0
2024-03-01 12:26:00,LIVN,55.540000915527344,55.540000915527344,55.540000915527344,55.525001525878906,55.525001525878906,387.0
2024-03-01 12:26:00,LMAT,67.09989929199219,67.09989929199219,67.09989929199219,67.09989929199219,67.09989929199219,205.0
2024-03-01 12:26:00,LNTH,65.5199966430664,65.5199966430664,65.5199966430664,65.5199966430664,65.5199966430664,312.0
2024-03-01 12:26:00,LRMR,11.350000381469727,11.350000381469727,11.354999542236328,11.350000381469727,11.354999542236328,243.0
2024-03-01 12:26:00,LXRX,2.498500108718872,2.498500108718872,2.5,2.494999885559082,2.5,828.0
2024-03-01 12:26:00,MASI,128.30999755859375,128.30999755859375,128.33999633789062,128.3000030517578,128.33999633789062,1155.0
2024-03-01 12:26:00,MASS,7.380000114440918,7.380000114440918,7.389999866485596,7.380000114440918,7.389999866485596,575.0
2024-03-01 12:26:00,MCRB,1.2000000476837158,1.2000000476837158,1.2050000429153442,1.2000000476837158,1.20169997215271,2829.0
2024-03-01 12:26:00,MDRX,6.0,6.0,6.050000190734863,6.0,6.0,3519.0
2024-03-01 12:26:00,MDXG,8.595000267028809,8.595000267028809,8.600000381469727,8.59000015258789,8.595000267028809,1792.0
2024-03-01 12:26:00,ME,0.5698500275611877,0.5698500275611877,0.5698500275611877,0.5698500275611877,0.5698500275611877,1135.0
2024-03-01 12:26:00,MGNX,18.802200317382812,18.802200317382812,18.844999313354492,18.800100326538086,18.84000015258789,1106.0
2024-03-01 12:26:00,MIRM,29.920000076293945,29.920000076293945,29.920000076293945,29.920000076293945,29.920000076293945,101.0
2024-03-01 12:26:00,MLTX,51.83000183105469,51.83000183105469,51.88999938964844,51.77000045776367,51.79999923706055,3659.0
2024-03-01 12:26:00,MNKD,4.545000076293945,4.545000076293945,4.545000076293945,4.539999961853027,4.545000076293945,720.0
2024-03-01 12:26:00,MNMD,6.110000133514404,6.110000133514404,6.135000228881836,6.110000133514404,6.135000228881836,2400.0
2024-03-01 12:26:00,MNPR,0.8338000178337097,0.8338000178337097,0.8338000178337097,0.8338000178337097,0.8338000178337097,274.0
2024-03-01 12:26:00,MODD,1.9299999475479126,1.9299999475479126,1.9299999475479126,1.9299999475479126,1.9299999475479126,398.0
2024-03-01 12:26:00,MODV,28.18000030517578,28.18000030517578,28.18000030517578,28.09000015258789,28.09000015258789,336.0
2024-03-01 12:26:00,MOR,17.579999923706055,17.579999923706055,17.579999923706055,17.579999923706055,17.579999923706055,606.0
2024-03-01 12:26:00,MORF,39.29999923706055,39.29999923706055,39.380001068115234,39.29999923706055,39.35499954223633,1095.0
2024-03-01 12:26:00,MRAI,1.6152000427246094,1.6152000427246094,1.6152000427246094,1.6152000427246094,1.6152000427246094,706.0
2024-03-01 12:26:00,MREO,3.848099946975708,3.848099946975708,3.8550000190734863,3.8450000286102295,3.8550000190734863,1857.0
2024-03-01 12:26:00,MRNA,96.41999816894531,96.41999816894531,96.45999908447266,96.31999969482422,96.44999694824219,4534.0
2024-03-01 12:26:00,MRNS,10.010000228881836,10.010000228881836,10.010000228881836,10.010000228881836,10.010000228881836,444.0
2024-03-01 12:26:00,MRSN,5.96999979019165,5.96999979019165,6.005000114440918,5.96999979019165,5.994999885559082,16995.0
2024-03-01 12:26:00,MRUS,51.73500061035156,51.73500061035156,51.73500061035156,51.5,51.63999938964844,26918.0
2024-03-01 12:26:00,MRVI,7.855000019073486,7.855000019073486,7.855000019073486,7.84499979019165,7.84499979019165,3702.0
2024-03-01 12:26:00,MYGN,21.604999542236328,21.604999542236328,21.604999542236328,21.604999542236328,21.604999542236328,321.0
2024-03-01 12:26:00,MYNZ,0.8604000210762024,0.8604000210762024,0.8604000210762024,0.8604000210762024,0.8604000210762024,100.0
2024-03-01 12:26:00,NARI,45.810001373291016,45.810001373291016,45.849998474121094,45.810001373291016,45.810001373291016,1423.0
2024-03-01 12:26:00,NBIX,131.0,131.0,131.02999877929688,130.86000061035156,131.02499389648438,3457.0
2024-03-01 12:26:00,NCNA,0.3149999976158142,0.3149999976158142,0.3149999976158142,0.3149999976158142,0.3149999976158142,717.0
2024-03-01 12:26:00,NEO,16.097999572753906,16.097999572753906,16.097999572753906,16.09000015258789,16.09000015258789,566.0
2024-03-01 12:26:00,NEOG,17.399999618530273,17.399999618530273,17.399999618530273,17.389999389648438,17.395000457763672,656.0
2024-03-01 12:26:00,NKTR,0.7774999737739563,0.7774999737739563,0.7799999713897705,0.7773000001907349,0.7773000001907349,1917.0
2024-03-01 12:26:00,NKTX,12.95989990234375,12.95989990234375,12.95989990234375,12.95989990234375,12.95989990234375,147.0
2024-03-01 12:26:00,NNOX,11.1899995803833,11.1899995803833,11.210000038146973,11.1899995803833,11.210000038146973,1301.0
2024-03-01 12:26:00,NOTV,8.109999656677246,8.109999656677246,8.119999885559082,8.100000381469727,8.119999885559082,1795.0
2024-03-01 12:26:00,NRBO,5.811800003051758,5.811800003051758,5.820000171661377,5.809999942779541,5.820000171661377,523.0
2024-03-01 12:26:00,NRIX,13.5,13.5,13.5,13.5,13.5,246.0
2024-03-01 12:26:00,NRSN,2.109999895095825,2.109999895095825,2.1459999084472656,2.109999895095825,2.1449999809265137,11867.0
2024-03-01 12:26:00,NTLA,33.435001373291016,33.435001373291016,33.48500061035156,33.435001373291016,33.48500061035156,2023.0
2024-03-01 12:26:00,NTRA,89.0,89.0,89.0,88.93000030517578,88.93000030517578,4356.0
2024-03-01 12:26:00,NUTX,0.11384999752044678,0.11384999752044678,0.11400000005960464,0.11384999752044678,0.11400000005960464,5620.0
2024-03-01 12:26:00,NUVL,88.80999755859375,88.80999755859375,88.93000030517578,88.77999877929688,88.79000091552734,2502.0
2024-03-01 12:26:00,NVAX,5.141200065612793,5.141200065612793,5.150000095367432,5.141200065612793,5.150000095367432,985.0
2024-03-01 12:26:00,NVCR,15.960000038146973,15.960000038146973,16.0,15.949999809265137,16.0,3521.0
2024-03-01 12:26:00,NVCT,10.7052001953125,10.7052001953125,10.720000267028809,10.680000305175781,10.720000267028809,300.0
2024-03-01 12:26:00,NVOS,0.6341999769210815,0.6341999769210815,0.6341999769210815,0.6341999769210815,0.6341999769210815,261.0
2024-03-01 12:26:00,NXTC,1.7699999809265137,1.7699999809265137,1.7799999713897705,1.7699999809265137,1.7699999809265137,1359.0
2024-03-01 12:26:00,OCGN,0.9337000250816345,0.9337000250816345,0.9337499737739563,0.9337000250816345,0.9337499737739563,1410.0
2024-03-01 12:26:00,OCUL,10.710000038146973,10.710000038146973,10.75,10.710000038146973,10.75,2290.0
2024-03-01 12:26:00,OCUP,2.5,2.5,2.5,2.5,2.5,1047.0
2024-03-01 12:26:00,OGI,2.190000057220459,2.190000057220459,2.190000057220459,2.184999942779541,2.184999942779541,641.0
2024-03-01 12:26:00,OLK,22.594999313354492,22.594999313354492,22.594999313354492,22.594999313354492,22.594999313354492,100.0
2024-03-01 12:26:00,OLMA,14.079999923706055,14.079999923706055,14.130000114440918,14.0600004196167,14.130000114440918,2253.0
2024-03-01 12:26:00,OM,3.1549999713897705,3.1549999713897705,3.1600000858306885,3.1549999713897705,3.1600000858306885,2909.0
2024-03-01 12:26:00,OMCL,26.559999465942383,26.559999465942383,26.559999465942383,26.559999465942383,26.559999465942383,2133.0
2024-03-01 12:26:00,OMGA,4.179999828338623,4.179999828338623,4.179999828338623,4.179999828338623,4.179999828338623,202.0
2024-03-01 12:26:00,ONCY,1.1243000030517578,1.1243000030517578,1.1252000331878662,1.1243000030517578,1.1252000331878662,1101.0
2024-03-01 12:26:00,ONVO,1.0300999879837036,1.0300999879837036,1.0300999879837036,1.0299999713897705,1.0299999713897705,563.0
2024-03-01 12:27:00,ABCL,5.215000152587891,5.215000152587891,5.215000152587891,5.204999923706055,5.204999923706055,2714.0
2024-03-01 12:27:00,ABOS,4.675000190734863,4.675000190734863,4.675000190734863,4.670000076293945,4.670000076293945,3265.0
2024-03-01 12:27:00,ABSI,5.249100208282471,5.249100208282471,5.25,5.239999771118164,5.244999885559082,1568.0
2024-03-01 12:27:00,ABUS,2.7750000953674316,2.7750000953674316,2.7799999713897705,2.7750000953674316,2.7799999713897705,1458.0
2024-03-01 12:27:00,ACAD,24.190000534057617,24.190000534057617,24.209999084472656,24.184999465942383,24.209999084472656,1593.0
2024-03-01 12:27:00,ACB,3.190000057220459,3.190000057220459,3.190000057220459,3.180999994277954,3.180999994277954,1891.0
2024-03-01 12:27:00,ACCD,10.220000267028809,10.220000267028809,10.229999542236328,10.220000267028809,10.229999542236328,1544.0
2024-03-01 12:27:00,ACET,2.4049999713897705,2.4049999713897705,2.4049999713897705,2.4049999713897705,2.4049999713897705,1928.0
2024-03-01 12:27:00,ACLX,67.28500366210938,67.28500366210938,67.28500366210938,67.28500366210938,67.28500366210938,392.0
2024-03-01 12:27:00,ACON,0.3869999945163727,0.3869999945163727,0.39299899339675903,0.3869999945163727,0.39299899339675903,4918.0
2024-03-01 12:27:00,ACRS,1.2400000095367432,1.2400000095367432,1.2400000095367432,1.2400000095367432,1.2400000095367432,558.0
2024-03-01 12:27:00,ADAP,1.6299999952316284,1.6299999952316284,1.6299999952316284,1.6299999952316284,1.6299999952316284,6571.0
2024-03-01 12:27:00,ADIL,3.2300000190734863,3.2300000190734863,3.25,3.190000057220459,3.2049999237060547,35928.0
2024-03-01 12:27:00,ADMA,5.416999816894531,5.416999816894531,5.420000076293945,5.4166998863220215,5.4166998863220215,4919.0
2024-03-01 12:27:00,ADPT,4.204999923706055,4.204999923706055,4.204999923706055,4.199999809265137,4.199999809265137,2838.0
2024-03-01 12:27:00,ADVM,1.975000023841858,1.975000023841858,1.9800000190734863,1.975000023841858,1.9800000190734863,831.0
2024-03-01 12:27:00,AFIB,0.2143000066280365,0.2143000066280365,0.2143000066280365,0.210099995136261,0.2101999968290329,1550.0
2024-03-01 12:27:00,AGEN,0.6739000082015991,0.6739000082015991,0.6739000082015991,0.6738499999046326,0.6739000082015991,17400.0
2024-03-01 12:27:00,AGIO,32.83000183105469,32.83000183105469,32.83000183105469,32.83000183105469,32.83000183105469,584.0
2024-03-01 12:27:00,AIMD,0.9462000131607056,0.9462000131607056,0.9462000131607056,0.9462000131607056,0.9462000131607056,498.0
2024-03-01 12:27:00,AIRS,6.539999961853027,6.539999961853027,6.539999961853027,6.539999961853027,6.539999961853027,101.0
2024-03-01 12:27:00,AKLI,0.3328000009059906,0.3328000009059906,0.3328000009059906,0.3328000009059906,0.3328000009059906,1000.0
2024-03-01 12:27:00,AKYA,6.111000061035156,6.111000061035156,6.111000061035156,6.111000061035156,6.111000061035156,366.0
2024-03-01 12:27:00,ALEC,7.380000114440918,7.380000114440918,7.380000114440918,7.380000114440918,7.380000114440918,214.0
2024-03-01 12:27:00,ALGN,303.625,303.625,303.625,303.5799865722656,303.6000061035156,3340.0
2024-03-01 12:27:00,ALHC,5.739999771118164,5.739999771118164,5.739999771118164,5.730000019073486,5.730000019073486,1425.0
2024-03-01 12:27:00,ALKS,29.96500015258789,29.96500015258789,30.0,29.959999084472656,29.979999542236328,12498.0
2024-03-01 12:27:00,ALLK,1.6074999570846558,1.6074999570846558,1.6074999570846558,1.600000023841858,1.600000023841858,900.0
2024-03-01 12:27:00,ALLO,5.045000076293945,5.045000076293945,5.045000076293945,5.039999961853027,5.039999961853027,367.0
2024-03-01 12:27:00,ALPN,35.75,35.75,35.779998779296875,35.75,35.779998779296875,1222.0
2024-03-01 12:27:00,ALT,12.010000228881836,12.010000228881836,12.029999732971191,11.979999542236328,11.979999542236328,11808.0
2024-03-01 12:27:00,ALVO,15.664999961853027,15.664999961853027,15.664999961853027,15.664999961853027,15.664999961853027,122.0
2024-03-01 12:27:00,ALVR,0.754800021648407,0.754800021648407,0.754800021648407,0.754800021648407,0.754800021648407,910.0
2024-03-01 12:27:00,AMED,93.08000183105469,93.08000183105469,93.11000061035156,93.08000183105469,93.11000061035156,201.0
2024-03-01 12:27:00,AMGN,281.3999938964844,281.3999938964844,281.4211120605469,281.3699951171875,281.4211120605469,3785.0
2024-03-01 12:27:00,AMPH,45.33000183105469,45.33000183105469,45.380001068115234,45.33000183105469,45.380001068115234,1835.0
2024-03-01 12:27:00,AMRN,1.0549999475479126,1.0549999475479126,1.0549999475479126,1.0499999523162842,1.0549999475479126,716.0
2024-03-01 12:27:00,ANGO,5.489999771118164,5.489999771118164,5.489999771118164,5.489999771118164,5.489999771118164,196.0
2024-03-01 12:27:00,ANNX,5.96999979019165,5.96999979019165,5.96999979019165,5.96999979019165,5.96999979019165,241.0
2024-03-01 12:27:00,APLS,65.19000244140625,65.19000244140625,65.20999908447266,65.12999725341797,65.16500091552734,3859.0
2024-03-01 12:27:00,APLT,7.065000057220459,7.065000057220459,7.079999923706055,7.057499885559082,7.057499885559082,1110.0
2024-03-01 12:27:00,AQST,4.304999828338623,4.304999828338623,4.329999923706055,4.300000190734863,4.329999923706055,4136.0
2024-03-01 12:27:00,ARCT,39.65999984741211,39.65999984741211,39.65999984741211,39.65999984741211,39.65999984741211,305.0
2024-03-01 12:27:00,ARDX,9.675000190734863,9.675000190734863,9.680000305175781,9.664999961853027,9.664999961853027,7043.0
2024-03-01 12:27:00,ARGX,390.8399963378906,390.8399963378906,390.8399963378906,390.8299865722656,390.8299865722656,369.0
2024-03-01 12:27:00,ARQT,11.609999656677246,11.609999656677246,11.627599716186523,11.609999656677246,11.617300033569336,7645.0
2024-03-01 12:27:00,ARVN,49.255001068115234,49.255001068115234,49.290000915527344,49.209999084472656,49.209999084472656,3404.0
2024-03-01 12:27:00,ARWR,35.91999816894531,35.91999816894531,35.92179870605469,35.83000183105469,35.83000183105469,2138.0
2024-03-01 12:27:00,ASND,150.89999389648438,150.89999389648438,151.1699981689453,150.89999389648438,151.1699981689453,1291.0
2024-03-01 12:27:00,ASRT,0.9383999705314636,0.9383999705314636,0.9383999705314636,0.9383649826049805,0.9383649826049805,15726.0
2024-03-01 12:27:00,ATAI,2.0999999046325684,2.0999999046325684,2.1050000190734863,2.0899999141693115,2.0899999141693115,4347.0
2024-03-01 12:27:00,ATEC,13.555000305175781,13.555000305175781,13.5600004196167,13.555000305175781,13.5600004196167,563.0
2024-03-01 12:27:00,ATRA,0.7942000031471252,0.7942000031471252,0.7942000031471252,0.7921000123023987,0.7921000123023987,500.0
2024-03-01 12:27:00,ATRC,36.05500030517578,36.05500030517578,36.05500030517578,36.05500030517578,36.05500030517578,202.0
2024-03-01 12:27:00,ATXS,14.994999885559082,14.994999885559082,14.994999885559082,14.994999885559082,14.994999885559082,200.0
2024-03-01 12:27:00,AUGX,4.614999771118164,4.614999771118164,4.614999771118164,4.610000133514404,4.610000133514404,301.0
2024-03-01 12:27:00,AUPH,5.875,5.875,5.875,5.869999885559082,5.869999885559082,6116.0
2024-03-01 12:27:00,AURA,9.4399995803833,9.4399995803833,9.4399995803833,9.390000343322754,9.399999618530273,1097.0
2024-03-01 12:27:00,AUTL,6.369999885559082,6.369999885559082,6.375,6.369999885559082,6.375,972.0
2024-03-01 12:27:00,AVDL,12.9399995803833,12.9399995803833,12.9399995803833,12.9399995803833,12.9399995803833,1900.0
2024-03-01 12:27:00,AVRO,1.350000023841858,1.350000023841858,1.350000023841858,1.340000033378601,1.340000033378601,430.0
2024-03-01 12:27:00,AVTE,23.889999389648438,23.889999389648438,23.889999389648438,23.889999389648438,23.889999389648438,206.0
2024-03-01 12:27:00,AVXL,5.375,5.375,5.375,5.369999885559082,5.369999885559082,5609.0
2024-03-01 12:27:00,AZN,64.7300033569336,64.7300033569336,64.73999786376953,64.7300033569336,64.73999786376953,8106.0
2024-03-01 12:27:00,AZTA,66.76000213623047,66.76000213623047,66.76000213623047,66.72000122070312,66.72000122070312,1482.0
2024-03-01 12:27:00,BBIO,36.060001373291016,36.060001373291016,36.099998474121094,36.060001373291016,36.09000015258789,2244.0
2024-03-01 12:27:00,BBLG,2.309999942779541,2.309999942779541,2.309999942779541,2.309999942779541,2.309999942779541,100.0
2024-03-01 12:27:00,BCDA,0.5662000179290771,0.5662000179290771,0.5662000179290771,0.5662000179290771,0.5662000179290771,438.0
2024-03-01 12:27:00,BCEL,0.2667990028858185,0.2667990028858185,0.26819899678230286,0.2667990028858185,0.26819899678230286,3900.0
2024-03-01 12:27:00,BCRX,5.78000020980835,5.78000020980835,5.78000020980835,5.78000020980835,5.78000020980835,476.0
2024-03-01 12:27:00,BDTX,5.014999866485596,5.014999866485596,5.014999866485596,5.014999866485596,5.014999866485596,663.0
2024-03-01 12:27:00,BEAM,40.040000915527344,40.040000915527344,40.04999923706055,40.02000045776367,40.03499984741211,1427.0
2024-03-01 12:27:00,BEAT,1.4900000095367432,1.4900000095367432,1.4900000095367432,1.4900000095367432,1.4900000095367432,110.0
2024-03-01 12:27:00,BIIB,220.92999267578125,220.92999267578125,220.92999267578125,220.7949981689453,220.7949981689453,3399.0
2024-03-01 12:27:00,BIOL,0.13760000467300415,0.13760000467300415,0.13760000467300415,0.13760000467300415,0.13760000467300415,1649.0
2024-03-01 12:27:00,BIOR,1.1830999851226807,1.1830999851226807,1.1993000507354736,1.1799999475479126,1.1993000507354736,5613.0
2024-03-01 12:27:00,BIVI,1.8799999952316284,1.8799999952316284,1.8799999952316284,1.8200000524520874,1.8393000364303589,96463.0
2024-03-01 12:27:00,BLUE,1.5850000381469727,1.5850000381469727,1.5850000381469727,1.5801000595092773,1.5850000381469727,10551.0
2024-03-01 12:27:00,BMEA,18.014999389648438,18.014999389648438,18.020000457763672,18.010000228881836,18.020000457763672,1942.0
2024-03-01 12:27:00,BMRN,87.20999908447266,87.20999908447266,87.20999908447266,87.20999908447266,87.20999908447266,328.0
2024-03-01 12:27:00,BNR,0.8299999833106995,0.8299999833106995,0.8299999833106995,0.8299999833106995,0.8299999833106995,100.0
2024-03-01 12:27:00,BRKR,88.3499984741211,88.3499984741211,88.3499984741211,88.3499984741211,88.3499984741211,331.0
2024-03-01 12:27:00,BSGM,0.64410001039505,0.64410001039505,0.64410001039505,0.64410001039505,0.64410001039505,100.0
2024-03-01 12:27:00,BTMD,6.039999961853027,6.039999961853027,6.059999942779541,6.039999961853027,6.050000190734863,2055.0
2024-03-01 12:27:00,BWAY,6.53000020980835,6.53000020980835,6.53000020980835,6.53000020980835,6.53000020980835,100.0
2024-03-01 12:27:00,CABA,23.959999084472656,23.959999084472656,23.959999084472656,23.959999084472656,23.959999084472656,633.0
2024-03-01 12:27:00,CAPR,4.570000171661377,4.570000171661377,4.570000171661377,4.570000171661377,4.570000171661377,100.0
2024-03-01 12:27:00,CARA,0.8989999890327454,0.8989999890327454,0.8989999890327454,0.8902000188827515,0.894599974155426,661.0
2024-03-01 12:27:00,CBAY,32.23500061035156,32.23500061035156,32.23500061035156,32.22999954223633,32.22999954223633,5355.0
2024-03-01 12:27:00,CCCC,10.925000190734863,10.925000190734863,10.930000305175781,10.904999732971191,10.914999961853027,4472.0
2024-03-01 12:27:00,CCRN,18.25,18.25,18.260000228881836,18.25,18.260000228881836,212.0
2024-03-01 12:27:00,CDMO,8.116000175476074,8.116000175476074,8.119999885559082,8.100000381469727,8.100000381469727,3208.0
2024-03-01 12:27:00,CDNA,12.249300003051758,12.249300003051758,12.270000457763672,12.239999771118164,12.239999771118164,2085.0
2024-03-01 12:27:00,CDXS,4.485000133514404,4.485000133514404,4.500999927520752,4.485000133514404,4.494999885559082,4582.0
2024-03-01 12:27:00,CELC,16.114999771118164,16.114999771118164,16.114999771118164,16.114999771118164,16.114999771118164,109.0
2024-03-01 12:27:00,CERE,41.11000061035156,41.11000061035156,41.11000061035156,41.11000061035156,41.11000061035156,458.0
2024-03-01 12:27:00,CERS,2.2200000286102295,2.2200000286102295,2.2200000286102295,2.2200000286102295,2.2200000286102295,1052.0
2024-03-01 12:27:00,CERT,17.639999389648438,17.639999389648438,17.709999084472656,17.639999389648438,17.690000534057617,4875.0
2024-03-01 12:27:00,CGC,3.2699999809265137,3.2699999809265137,3.2699999809265137,3.259999990463257,3.265000104904175,503.0
2024-03-01 12:27:00,CGEM,19.014999389648438,19.014999389648438,19.024999618530273,18.979999542236328,19.024999618530273,405.0
2024-03-01 12:27:00,CGTX,2.0299999713897705,2.0299999713897705,2.0299999713897705,2.0199999809265137,2.0199999809265137,2979.0
2024-03-01 12:27:00,CHEK,2.1600000858306885,2.1600000858306885,2.2300000190734863,2.1600000858306885,2.2300000190734863,1069.0
2024-03-01 12:27:00,CHRS,2.369999885559082,2.369999885559082,2.375,2.369999885559082,2.375,402.0
2024-03-01 12:27:00,CKPT,2.2093000411987305,2.2093000411987305,2.2093000411987305,2.200000047683716,2.200000047683716,651.0
2024-03-01 12:27:00,CLDX,50.81999969482422,50.81999969482422,50.81999969482422,50.814998626708984,50.814998626708984,786.0
2024-03-01 12:27:00,CLNN,0.38749998807907104,0.38749998807907104,0.38749998807907104,0.3869999945163727,0.3869999945163727,12001.0
2024-03-01 12:27:00,CLOV,0.8654999732971191,0.8654999732971191,0.8659999966621399,0.8654999732971191,0.8654999732971191,64932.0
2024-03-01 12:27:00,CLPT,6.75,6.75,6.75,6.75,6.75,299.0
2024-03-01 12:27:00,CLRB,4.139900207519531,4.139900207519531,4.139900207519531,4.1381001472473145,4.1381001472473145,679.0
2024-03-01 12:27:00,CMPS,11.470000267028809,11.470000267028809,11.489999771118164,11.449999809265137,11.489999771118164,2012.0
2024-03-01 12:27:00,CNSP,0.3149000108242035,0.3149000108242035,0.3149000108242035,0.3149000108242035,0.3149000108242035,1000.0
2024-03-01 12:27:00,CNTX,1.1699999570846558,1.1699999570846558,1.1699999570846558,1.1699999570846558,1.1699999570846558,147.0
2024-03-01 12:27:00,COGT,7.224999904632568,7.224999904632568,7.235000133514404,7.210000038146973,7.210000038146973,6545.0
2024-03-01 12:27:00,COLL,37.13999938964844,37.13999938964844,37.13999938964844,37.13999938964844,37.13999938964844,236.0
2024-03-01 12:27:00,CORT,24.1200008392334,24.1200008392334,24.1299991607666,24.1200008392334,24.1299991607666,695.0
2024-03-01 12:27:00,CPRX,17.100000381469727,17.100000381469727,17.110000610351562,17.079999923706055,17.079999923706055,3370.0
2024-03-01 12:27:00,CPSI,9.454999923706055,9.454999923706055,9.454999923706055,9.390000343322754,9.40999984741211,997.0
2024-03-01 12:27:00,CRBU,8.005000114440918,8.005000114440918,8.005000114440918,8.0,8.0,2207.0
2024-03-01 12:27:00,CRDF,2.300299882888794,2.300299882888794,2.319999933242798,2.299999952316284,2.309999942779541,8052.0
2024-03-01 12:27:00,CRNX,46.06999969482422,46.06999969482422,46.06999969482422,46.06999969482422,46.06999969482422,799.0
2024-03-01 12:27:00,CRON,2.0589001178741455,2.0589001178741455,2.0589001178741455,2.0589001178741455,2.0589001178741455,594.0
2024-03-01 12:27:00,CRSP,85.54989624023438,85.54989624023438,85.54989624023438,85.3499984741211,85.3499984741211,1888.0
2024-03-01 12:27:00,CTKB,8.675000190734863,8.675000190734863,8.680000305175781,8.670000076293945,8.670000076293945,1356.0
2024-03-01 12:27:00,CTMX,2.680000066757202,2.680000066757202,2.680000066757202,2.680000066757202,2.680000066757202,135.0
2024-03-01 12:27:00,CTSO,0.9501000046730042,0.9501000046730042,0.9501000046730042,0.9501000046730042,0.9501000046730042,2200.0
2024-03-01 12:27:00,CUE,2.2049999237060547,2.2049999237060547,2.2049999237060547,2.2049999237060547,2.2049999237060547,100.0
2024-03-01 12:27:00,CVAC,3.505000114440918,3.505000114440918,3.505000114440918,3.505000114440918,3.505000114440918,205.0
2024-03-01 12:27:00,CVRX,20.3799991607666,20.3799991607666,20.440000534057617,20.3799991607666,20.440000534057617,673.0
2024-03-01 12:27:00,CYTH,1.6349999904632568,1.6349999904632568,1.6349999904632568,1.6349999904632568,1.6349999904632568,139.0
2024-03-01 12:27:00,CYTK,73.84500122070312,73.84500122070312,73.84500122070312,73.80000305175781,73.80000305175781,511.0
2024-03-01 12:27:00,CYTO,2.343400001525879,2.343400001525879,2.3499999046325684,2.3101000785827637,2.3499999046325684,4814.0
2024-03-01 12:27:00,DAWN,17.509899139404297,17.509899139404297,17.510000228881836,17.5,17.510000228881836,1080.0
2024-03-01 12:27:00,DCGO,4.119999885559082,4.119999885559082,4.119999885559082,4.110000133514404,4.110000133514404,2005.0
2024-03-01 12:27:00,DCPH,17.492300033569336,17.492300033569336,17.5,17.489999771118164,17.489999771118164,586.0
2024-03-01 12:27:00,DH,8.994999885559082,8.994999885559082,9.010000228881836,8.989999771118164,8.989999771118164,1728.0
2024-03-01 12:27:00,DMTK,0.8689000010490417,0.8689000010490417,0.8690000176429749,0.8639000058174133,0.8639000058174133,1689.0
2024-03-01 12:27:00,DNLI,20.885000228881836,20.885000228881836,20.889999389648438,20.864999771118164,20.864999771118164,1053.0
2024-03-01 12:27:00,DRMA,0.45910000801086426,0.45910000801086426,0.45910000801086426,0.45910000801086426,0.45910000801086426,121.0
2024-03-01 12:27:00,DTIL,12.350000381469727,12.350000381469727,12.350000381469727,12.350000381469727,12.350000381469727,464.0
2024-03-01 12:27:00,DVAX,12.885000228881836,12.885000228881836,12.885000228881836,12.875,12.880000114440918,1849.0
2024-03-01 12:27:00,DXCM,121.05999755859375,121.05999755859375,121.1449966430664,121.05999755859375,121.11499786376953,4465.0
2024-03-01 12:27:00,DYN,28.280000686645508,28.280000686645508,28.368000030517578,28.229999542236328,28.368000030517578,7422.0
2024-03-01 12:27:00,EDIT,10.845000267028809,10.845000267028809,10.845000267028809,10.831100463867188,10.831100463867188,1173.0
2024-03-01 12:27:00,EGRX,6.789999961853027,6.789999961853027,6.789999961853027,6.783599853515625,6.783599853515625,894.0
2024-03-01 12:27:00,ELEV,4.769999980926514,4.769999980926514,4.769999980926514,4.769999980926514,4.769999980926514,526.0
2024-03-01 12:27:00,ENSG,123.3499984741211,123.3499984741211,123.38999938964844,123.3499984741211,123.38999938964844,2182.0
2024-03-01 12:27:00,ENVB,1.5292999744415283,1.5292999744415283,1.5292999744415283,1.5200999975204468,1.5200999975204468,966.0
2024-03-01 12:27:00,EOLS,14.649999618530273,14.649999618530273,14.649999618530273,14.649999618530273,14.649999618530273,154.0
2024-03-01 12:27:00,EPIX,9.708499908447266,9.708499908447266,9.708499908447266,9.708499908447266,9.708499908447266,324.0
2024-03-01 12:27:00,EQ,2.4749999046325684,2.4749999046325684,2.4749999046325684,2.4749999046325684,2.4749999046325684,190.0
2024-03-01 12:27:00,ESPR,2.549999952316284,2.549999952316284,2.549999952316284,2.5450000762939453,2.5450000762939453,1909.0
2024-03-01 12:27:00,ETNB,13.109999656677246,13.109999656677246,13.109999656677246,13.09000015258789,13.09000015258789,5096.0
2024-03-01 12:27:00,EWTX,17.059999465942383,17.059999465942383,17.059999465942383,17.040000915527344,17.040000915527344,1486.0
2024-03-01 12:27:00,EXAI,6.810299873352051,6.810299873352051,6.820000171661377,6.810299873352051,6.820000171661377,1307.0
2024-03-01 12:27:00,EXAS,60.29999923706055,60.29999923706055,60.310001373291016,60.290000915527344,60.290000915527344,3586.0
2024-03-01 12:27:00,EXEL,22.48430061340332,22.48430061340332,22.485000610351562,22.470800399780273,22.470800399780273,3460.0
2024-03-01 12:27:00,EYEN,2.3385000228881836,2.3385000228881836,2.3399999141693115,2.3299999237060547,2.3399999141693115,6160.0
2024-03-01 12:27:00,EYPT,27.79800033569336,27.79800033569336,27.809999465942383,27.79800033569336,27.809999465942383,361.0
2024-03-01 12:27:00,FATE,7.480000019073486,7.480000019073486,7.494999885559082,7.480000019073486,7.494999885559082,783.0
2024-03-01 12:27:00,FGEN,1.8600000143051147,1.8600000143051147,1.8600000143051147,1.8600000143051147,1.8600000143051147,617.0
2024-03-01 12:27:00,FHTX,8.109999656677246,8.109999656677246,8.109999656677246,8.109999656677246,8.109999656677246,1212.0
2024-03-01 12:27:00,FOLD,13.375,13.375,13.390000343322754,13.375,13.380000114440918,7414.0
2024-03-01 12:27:00,FULC,10.869999885559082,10.869999885559082,10.880000114440918,10.869999885559082,10.875,1730.0
2024-03-01 12:27:00,FUSN,12.28499984741211,12.28499984741211,12.289999961853027,12.279999732971191,12.289999961853027,1238.0
2024-03-01 12:27:00,GCTK,0.30480000376701355,0.30480000376701355,0.30480000376701355,0.30480000376701355,0.30480000376701355,100.0
2024-03-01 12:27:00,GDRX,8.319999694824219,8.319999694824219,8.324999809265137,8.3149995803833,8.3149995803833,3933.0
2024-03-01 12:27:00,GERN,2.194999933242798,2.194999933242798,2.200000047683716,2.194999933242798,2.200000047683716,390.0
2024-03-01 12:27:00,GH,19.190000534057617,19.190000534057617,19.19499969482422,19.190000534057617,19.190000534057617,1403.0
2024-03-01 12:27:00,GILD,72.33689880371094,72.33689880371094,72.3499984741211,72.33000183105469,72.33999633789062,6970.0
2024-03-01 12:27:00,GLYC,3.0299999713897705,3.0299999713897705,3.0299999713897705,3.0299999713897705,3.0299999713897705,199.0
2024-03-01 12:27:00,GMAB,29.3700008392334,29.3700008392334,29.3700008392334,29.3700008392334,29.3700008392334,409.0
2024-03-01 12:27:00,GOSS,1.3650000095367432,1.3650000095367432,1.3700000047683716,1.3600000143051147,1.3700000047683716,1242.0
2024-03-01 12:27:00,GRFS,7.079999923706055,7.079999923706055,7.079999923706055,7.079999923706055,7.079999923706055,314.0
2024-03-01 12:27:00,GRTS,2.174999952316284,2.174999952316284,2.174999952316284,2.1700000762939453,2.1700000762939453,6649.0
2024-03-01 12:27:00,GTHX,3.6689999103546143,3.6689999103546143,3.6689999103546143,3.660099983215332,3.660099983215332,2601.0
2024-03-01 12:27:00,HALO,41.63999938964844,41.63999938964844,41.63999938964844,41.63999938964844,41.63999938964844,560.0
2024-03-01 12:27:00,HARP,22.94499969482422,22.94499969482422,22.950000762939453,22.940000534057617,22.940000534057617,500.0
2024-03-01 12:27:00,HCAT,8.029999732971191,8.029999732971191,8.029999732971191,8.029999732971191,8.029999732971191,1468.0
2024-03-01 12:27:00,HCM,15.319999694824219,15.319999694824219,15.319999694824219,15.319999694824219,15.319999694824219,100.0
2024-03-01 12:27:00,HCSG,12.6899995803833,12.6899995803833,12.694999694824219,12.6899995803833,12.694999694824219,304.0
2024-03-01 12:27:00,HCTI,2.427000045776367,2.427000045776367,2.427000045776367,2.427000045776367,2.427000045776367,500.0
2024-03-01 12:27:00,HLVX,18.829999923706055,18.829999923706055,18.829999923706055,18.829999923706055,18.829999923706055,111.0
2024-03-01 12:27:00,HOLX,73.70999908447266,73.70999908447266,73.7300033569336,73.70999908447266,73.72000122070312,931.0
2024-03-01 12:27:00,HOOK,0.7799999713897705,0.7799999713897705,0.7799999713897705,0.7799999713897705,0.7799999713897705,179.0
2024-03-01 12:27:00,HOWL,6.96999979019165,6.96999979019165,6.96999979019165,6.96999979019165,6.96999979019165,396.0
2024-03-01 12:27:00,HQY,81.79000091552734,81.79000091552734,81.79000091552734,81.79000091552734,81.79000091552734,264.0
2024-03-01 12:27:00,HRMY,31.4950008392334,31.4950008392334,31.4950008392334,31.489999771118164,31.489999771118164,260.0
2024-03-01 12:27:00,HROW,10.869999885559082,10.869999885559082,10.869999885559082,10.869999885559082,10.869999885559082,163.0
2024-03-01 12:27:00,HRTX,2.609999895095825,2.609999895095825,2.615000009536743,2.609999895095825,2.609999895095825,7759.0
2024-03-01 12:27:00,HSCS,0.11869899928569794,0.11869899928569794,0.11869899928569794,0.11869899928569794,0.11869899928569794,1000.0
2024-03-01 12:27:00,HSIC,76.87999725341797,76.87999725341797,76.91999816894531,76.87999725341797,76.91999816894531,2102.0
2024-03-01 12:27:00,HSTM,27.3700008392334,27.3700008392334,27.3700008392334,27.329999923706055,27.329999923706055,1036.0
2024-03-01 12:27:00,HUMA,3.451200008392334,3.451200008392334,3.4600000381469727,3.444999933242798,3.444999933242798,10159.0
2024-03-01 12:27:00,IART,36.59000015258789,36.59000015258789,36.599998474121094,36.59000015258789,36.599998474121094,2377.0
2024-03-01 12:27:00,IBRX,4.889999866485596,4.889999866485596,4.889999866485596,4.889999866485596,4.889999866485596,3732.0
2024-03-01 12:27:00,ICLR,323.17999267578125,323.17999267578125,323.2650146484375,322.92498779296875,322.92498779296875,757.0
2024-03-01 12:27:00,ICUI,105.38999938964844,105.38999938964844,105.38999938964844,105.38999938964844,105.38999938964844,477.0
2024-03-01 12:27:00,IDYA,46.39500045776367,46.39500045776367,46.39500045776367,46.39500045776367,46.39500045776367,380.0
2024-03-01 12:27:00,IFRX,1.8650000095367432,1.8650000095367432,1.8650000095367432,1.8650000095367432,1.8650000095367432,202.0
2024-03-01 12:27:00,IGMS,13.380000114440918,13.380000114440918,13.444899559020996,13.380000114440918,13.444899559020996,2500.0
2024-03-01 12:27:00,ILMN,142.5500030517578,142.5500030517578,142.57000732421875,142.46499633789062,142.5,2882.0
2024-03-01 12:27:00,IMAB,1.840000033378601,1.840000033378601,1.840000033378601,1.840000033378601,1.840000033378601,123.0
2024-03-01 12:27:00,IMMX,3.5299999713897705,3.5299999713897705,3.5450000762939453,3.5299999713897705,3.5450000762939453,201.0
2024-03-01 12:27:00,IMNM,26.05500030517578,26.05500030517578,26.05500030517578,26.05500030517578,26.05500030517578,100.0
2024-03-01 12:27:00,IMTX,12.920000076293945,12.920000076293945,12.920000076293945,12.920000076293945,12.920000076293945,100.0
2024-03-01 12:27:00,IMVT,36.380001068115234,36.380001068115234,36.39500045776367,36.380001068115234,36.3849983215332,548.0
2024-03-01 12:27:00,INBX,36.720001220703125,36.720001220703125,36.779998779296875,36.720001220703125,36.77000045776367,1038.0
2024-03-01 12:27:00,INCY,59.189998626708984,59.189998626708984,59.189998626708984,59.189998626708984,59.189998626708984,374.0
2024-03-01 12:27:00,INGN,6.809999942779541,6.809999942779541,6.820000171661377,6.809999942779541,6.820000171661377,2988.0
2024-03-01 12:27:00,INMD,22.899999618530273,22.899999618530273,22.899999618530273,22.8700008392334,22.8700008392334,3787.0
2024-03-01 12:27:00,INO,9.375,9.375,9.375,9.369999885559082,9.369999885559082,1030.0
2024-03-01 12:27:00,INSM,28.5,28.5,28.5,28.489999771118164,28.489999771118164,369.0
2024-03-01 12:27:00,INVA,15.600000381469727,15.600000381469727,15.600000381469727,15.600000381469727,15.600000381469727,519.0
2024-03-01 12:27:00,IONS,45.93000030517578,45.93000030517578,45.95000076293945,45.93000030517578,45.93000030517578,976.0
2024-03-01 12:27:00,IOVA,16.780000686645508,16.780000686645508,16.829999923706055,16.780000686645508,16.829999923706055,13055.0
2024-03-01 12:27:00,IRMD,42.130001068115234,42.130001068115234,42.130001068115234,42.130001068115234,42.130001068115234,104.0
2024-03-01 12:27:00,IRWD,9.114999771118164,9.114999771118164,9.114999771118164,9.100000381469727,9.109999656677246,113547.0
2024-03-01 12:27:00,ISRG,394.9700012207031,394.9700012207031,395.1499938964844,394.8699951171875,395.0299987792969,1711.0
2024-03-01 12:27:00,ITOS,10.760000228881836,10.760000228881836,10.760000228881836,10.760000228881836,10.760000228881836,176.0
2024-03-01 12:27:00,IVVD,4.010000228881836,4.010000228881836,4.019999980926514,4.010000228881836,4.019999980926514,442.0
2024-03-01 12:27:00,JAGX,0.07119999825954437,0.07119999825954437,0.07150000333786011,0.07100000232458115,0.0714000016450882,166942.0
2024-03-01 12:27:00,JAZZ,119.2699966430664,119.2699966430664,119.31999969482422,119.2699966430664,119.31999969482422,6624.0
2024-03-01 12:27:00,JYNT,9.9399995803833,9.9399995803833,9.9399995803833,9.9399995803833,9.9399995803833,370.0
2024-03-01 12:27:00,KNSA,21.610000610351562,21.610000610351562,21.649999618530273,21.610000610351562,21.649999618530273,450.0
2024-03-01 12:27:00,KNTE,2.6050000190734863,2.6050000190734863,2.6050000190734863,2.6050000190734863,2.6050000190734863,200.0
2024-03-01 12:27:00,KOD,6.151199817657471,6.151199817657471,6.151199817657471,6.151199817657471,6.151199817657471,1000.0
2024-03-01 12:27:00,KPRX,0.6499999761581421,0.6499999761581421,0.6600000262260437,0.6499999761581421,0.6600000262260437,10204.0
2024-03-01 12:27:00,KPTI,1.1950000524520874,1.1950000524520874,1.2000000476837158,1.1950000524520874,1.1993000507354736,2420.0
2024-03-01 12:27:00,KRYS,167.47000122070312,167.47000122070312,167.47000122070312,167.3699951171875,167.3699951171875,1177.0
2024-03-01 12:27:00,KTRA,0.09609899669885635,0.09609899669885635,0.09609899669885635,0.09605000168085098,0.09605000168085098,464.0
2024-03-01 12:27:00,KURA,21.139999389648438,21.139999389648438,21.170000076293945,21.139999389648438,21.170000076293945,851.0
2024-03-01 12:27:00,KYMR,44.005001068115234,44.005001068115234,44.0099983215332,43.95500183105469,43.95500183105469,1102.0
2024-03-01 12:27:00,KZR,1.0750000476837158,1.0750000476837158,1.0850000381469727,1.0700000524520874,1.0801000595092773,11668.0
2024-03-01 12:27:00,LAB,2.494999885559082,2.494999885559082,2.494999885559082,2.494999885559082,2.494999885559082,400.0
2024-03-01 12:27:00,LEGN,66.04000091552734,66.04000091552734,66.04000091552734,66.03500366210938,66.03500366210938,1101.0
2024-03-01 12:27:00,LFMD,7.989999771118164,7.989999771118164,8.0,7.989999771118164,8.0,402.0
2024-03-01 12:27:00,LFST,7.90500020980835,7.90500020980835,7.90500020980835,7.900000095367432,7.900000095367432,3260.0
2024-03-01 12:27:00,LIAN,4.860099792480469,4.860099792480469,4.860099792480469,4.860099792480469,4.860099792480469,2525.0
2024-03-01 12:27:00,LIFE,1.934999942779541,1.934999942779541,1.940000057220459,1.934999942779541,1.934999942779541,2019.0
2024-03-01 12:27:00,LIVN,55.540000915527344,55.540000915527344,55.540000915527344,55.540000915527344,55.540000915527344,329.0
2024-03-01 12:27:00,LMAT,67.05999755859375,67.05999755859375,67.05999755859375,67.05999755859375,67.05999755859375,502.0
2024-03-01 12:27:00,LPTX,2.9600000381469727,2.9600000381469727,2.9600000381469727,2.930000066757202,2.930000066757202,2366.0
2024-03-01 12:27:00,LQDA,14.399999618530273,14.399999618530273,14.399999618530273,14.399999618530273,14.399999618530273,687.0
2024-03-01 12:27:00,LTRN,4.619100093841553,4.619100093841553,4.619100093841553,4.619100093841553,4.619100093841553,410.0
2024-03-01 12:27:00,LUCD,1.243399977684021,1.243399977684021,1.243399977684021,1.243399977684021,1.243399977684021,112.0
2024-03-01 12:27:00,LUNG,9.385000228881836,9.385000228881836,9.385000228881836,9.385000228881836,9.385000228881836,164.0
2024-03-01 12:27:00,LVTX,3.049999952316284,3.049999952316284,3.049999952316284,3.0,3.009999990463257,5923.0
2024-03-01 12:27:00,LXRX,2.494999885559082,2.494999885559082,2.5,2.4800000190734863,2.494999885559082,26286.0
2024-03-01 12:27:00,LYEL,3.1549999713897705,3.1549999713897705,3.1600000858306885,3.1500000953674316,3.1500000953674316,4113.0
2024-03-01 12:27:00,LYRA,5.599999904632568,5.599999904632568,5.599999904632568,5.599999904632568,5.599999904632568,128.0
2024-03-01 12:27:00,MACK,14.729999542236328,14.729999542236328,14.729999542236328,14.729999542236328,14.729999542236328,580.0
2024-03-01 12:27:00,MASI,128.25999450683594,128.25999450683594,128.35000610351562,128.25999450683594,128.33999633789062,1018.0
2024-03-01 12:27:00,MDRX,6.0,6.0,6.050000190734863,6.0,6.0,53663.0
2024-03-01 12:27:00,MDXG,8.609999656677246,8.609999656677246,8.609999656677246,8.600000381469727,8.600000381469727,3156.0
2024-03-01 12:27:00,ME,0.5700460076332092,0.5700460076332092,0.5705999732017517,0.5700460076332092,0.5705999732017517,1652.0
2024-03-01 12:27:00,MEDP,401.55499267578125,401.55499267578125,401.55499267578125,401.55499267578125,401.55499267578125,545.0
2024-03-01 12:27:00,MGNX,18.790000915527344,18.790000915527344,18.829999923706055,18.790000915527344,18.799999237060547,3077.0
2024-03-01 12:27:00,MIRM,29.93000030517578,29.93000030517578,29.979999542236328,29.93000030517578,29.954999923706055,1220.0
2024-03-01 12:27:00,MLTX,51.834999084472656,51.834999084472656,51.91999816894531,51.834999084472656,51.834999084472656,672.0
2024-03-01 12:27:00,MMSI,76.63999938964844,76.63999938964844,76.73999786376953,76.5999984741211,76.73999786376953,2026.0
2024-03-01 12:27:00,MNKD,4.534999847412109,4.534999847412109,4.545000076293945,4.534999847412109,4.545000076293945,12161.0
2024-03-01 12:27:00,MNMD,6.125,6.125,6.125,6.119999885559082,6.119999885559082,4783.0
2024-03-01 12:27:00,MNPR,0.8399999737739563,0.8399999737739563,0.8399999737739563,0.839900016784668,0.839900016784668,1026.0
2024-03-01 12:27:00,MODD,1.9299999475479126,1.9299999475479126,1.9299999475479126,1.909999966621399,1.909999966621399,303.0
2024-03-01 12:27:00,MODV,28.110000610351562,28.110000610351562,28.18000030517578,28.06999969482422,28.08009910583496,3661.0
2024-03-01 12:27:00,MORF,39.31999969482422,39.31999969482422,39.31999969482422,39.2599983215332,39.29999923706055,574.0
2024-03-01 12:27:00,MOTS,0.6579999923706055,0.6579999923706055,0.6579999923706055,0.6579999923706055,0.6579999923706055,100.0
2024-03-01 12:27:00,MRAI,1.5800000429153442,1.5800000429153442,1.5800000429153442,1.5800000429153442,1.5800000429153442,150.0
2024-03-01 12:27:00,MREO,3.840100049972534,3.840100049972534,3.8450000286102295,3.840100049972534,3.8450000286102295,6515.0
2024-03-01 12:27:00,MRNA,96.36000061035156,96.36000061035156,96.41999816894531,96.30000305175781,96.4000015258789,3685.0
2024-03-01 12:27:00,MRNS,10.010000228881836,10.010000228881836,10.010000228881836,10.010000228881836,10.010000228881836,539.0
2024-03-01 12:27:00,MRSN,5.974999904632568,5.974999904632568,5.980000019073486,5.96999979019165,5.980000019073486,806.0
2024-03-01 12:27:00,MRUS,51.7400016784668,51.7400016784668,51.7599983215332,51.72999954223633,51.72999954223633,400.0
2024-03-01 12:27:00,MRVI,7.864999771118164,7.864999771118164,7.880000114440918,7.855000019073486,7.855000019073486,7667.0
2024-03-01 12:27:00,MYGN,21.59000015258789,21.59000015258789,21.604999542236328,21.59000015258789,21.604999542236328,1003.0
2024-03-01 12:27:00,NARI,45.779998779296875,45.779998779296875,45.834999084472656,45.75,45.81010055541992,11082.0
2024-03-01 12:27:00,NBIX,131.09249877929688,131.09249877929688,131.10800170898438,131.02999877929688,131.0399932861328,1681.0
2024-03-01 12:27:00,NEO,16.079999923706055,16.079999923706055,16.100000381469727,16.079999923706055,16.100000381469727,610.0
2024-03-01 12:27:00,NEOG,17.395000457763672,17.395000457763672,17.395000457763672,17.390199661254883,17.395000457763672,3521.0
2024-03-01 12:27:00,NGM,1.5299999713897705,1.5299999713897705,1.5299999713897705,1.5299999713897705,1.5299999713897705,314.0
2024-03-01 12:27:00,NKTR,0.7770000100135803,0.7770000100135803,0.7777000069618225,0.7760000228881836,0.7777000069618225,447.0
2024-03-01 12:27:00,NKTX,12.949899673461914,12.949899673461914,12.949899673461914,12.899999618530273,12.930000305175781,771.0
2024-03-01 12:27:00,NNOX,11.194999694824219,11.194999694824219,11.199999809265137,11.1899995803833,11.194999694824219,4839.0
2024-03-01 12:27:00,NOTV,8.109999656677246,8.109999656677246,8.109999656677246,8.109999656677246,8.109999656677246,1009.0
2024-03-01 12:27:00,NRIX,13.494999885559082,13.494999885559082,13.494999885559082,13.494999885559082,13.494999885559082,246.0
2024-03-01 12:27:00,NRXP,0.414000004529953,0.414000004529953,0.41999998688697815,0.40799999237060547,0.41499999165534973,18710.0
2024-03-01 12:27:00,NTLA,33.52000045776367,33.52000045776367,33.52000045776367,33.458099365234375,33.458099365234375,3265.0
2024-03-01 12:27:00,NTRA,89.0,89.0,89.05999755859375,88.97360229492188,89.04000091552734,4891.0
2024-03-01 12:27:00,NUTX,0.11384999752044678,0.11384999752044678,0.11384999752044678,0.11384999752044678,0.11384999752044678,11700.0
2024-03-01 12:27:00,NVAX,5.150000095367432,5.150000095367432,5.15500020980835,5.150000095367432,5.150000095367432,14662.0
2024-03-01 12:27:00,NVCR,15.949999809265137,15.949999809265137,15.949999809265137,15.949999809265137,15.949999809265137,331.0
2024-03-01 12:27:00,NVOS,0.6154000163078308,0.6154000163078308,0.6247000098228455,0.6154000163078308,0.6247000098228455,5346.0
2024-03-01 12:27:00,OCGN,0.9337000250816345,0.9337000250816345,0.9337000250816345,0.9337000250816345,0.9337000250816345,286.0
2024-03-01 12:27:00,OCUL,10.75,10.75,10.75,10.700900077819824,10.710000038146973,5805.0
2024-03-01 12:27:00,OCUP,2.490000009536743,2.490000009536743,2.490000009536743,2.4800000190734863,2.490000009536743,2024.0
2024-03-01 12:27:00,OGI,2.184999942779541,2.184999942779541,2.184999942779541,2.1800999641418457,2.1800999641418457,1297.0
2024-03-01 12:27:00,OLK,22.600000381469727,22.600000381469727,22.600000381469727,22.600000381469727,22.600000381469727,101.0
2024-03-01 12:27:00,OLMA,14.074999809265137,14.074999809265137,14.074999809265137,14.074999809265137,14.074999809265137,145.0
2024-03-01 12:27:00,OMCL,26.584999084472656,26.584999084472656,26.584999084472656,26.56999969482422,26.56999969482422,1540.0
2024-03-01 12:27:00,OMGA,4.179999828338623,4.179999828338623,4.179999828338623,4.179999828338623,4.179999828338623,110.0
2024-03-01 12:28:00,ABCL,5.190000057220459,5.190000057220459,5.210000038146973,5.190000057220459,5.210000038146973,19086.0
2024-03-01 12:28:00,ABOS,4.679999828338623,4.679999828338623,4.679999828338623,4.670000076293945,4.670000076293945,988.0
2024-03-01 12:28:00,ABSI,5.244999885559082,5.244999885559082,5.25,5.244999885559082,5.244999885559082,2029.0
2024-03-01 12:28:00,ACAD,24.190000534057617,24.190000534057617,24.200000762939453,24.149999618530273,24.18000030517578,6459.0
2024-03-01 12:28:00,ACB,3.174999952316284,3.174999952316284,3.184999942779541,3.171999931335449,3.184999942779541,3817.0
2024-03-01 12:28:00,ACET,2.4049999713897705,2.4049999713897705,2.4049999713897705,2.4049999713897705,2.4049999713897705,200.0
2024-03-01 12:28:00,ACHV,4.28000020980835,4.28000020980835,4.28000020980835,4.28000020980835,4.28000020980835,151.0
2024-03-01 12:28:00,ACLX,67.2249984741211,67.2249984741211,67.2300033569336,67.20999908447266,67.2300033569336,520.0
2024-03-01 12:28:00,ACRS,1.2350000143051147,1.2350000143051147,1.2400000095367432,1.2300000190734863,1.2400000095367432,6283.0
2024-03-01 12:28:00,ADIL,3.2399001121520996,3.2399001121520996,3.2499001026153564,3.2100000381469727,3.223900079727173,48756.0
2024-03-01 12:28:00,ADMA,5.434999942779541,5.434999942779541,5.434999942779541,5.420000076293945,5.420000076293945,17504.0
2024-03-01 12:28:00,ADPT,4.175000190734863,4.175000190734863,4.215000152587891,4.170000076293945,4.204999923706055,44226.0
2024-03-01 12:28:00,ADVM,1.975000023841858,1.975000023841858,1.975000023841858,1.9700000286102295,1.975000023841858,1636.0
2024-03-01 12:28:00,AEZS,1.876099944114685,1.876099944114685,1.876099944114685,1.876099944114685,1.876099944114685,351.0
2024-03-01 12:28:00,AFIB,0.2142000049352646,0.2142000049352646,0.2142000049352646,0.2142000049352646,0.2142000049352646,130.0
2024-03-01 12:28:00,AGEN,0.6739000082015991,0.6739000082015991,0.6739000082015991,0.6738499999046326,0.6738499999046326,1700.0
2024-03-01 12:28:00,AGIO,32.814998626708984,32.814998626708984,32.814998626708984,32.810001373291016,32.810001373291016,513.0
2024-03-01 12:28:00,AIMD,0.980400025844574,0.980400025844574,0.980400025844574,0.980400025844574,0.980400025844574,100.0
2024-03-01 12:28:00,AIRS,6.539999961853027,6.539999961853027,6.539999961853027,6.539999961853027,6.539999961853027,145.0
2024-03-01 12:28:00,AKAN,0.24009999632835388,0.24009999632835388,0.24009999632835388,0.23880000412464142,0.23880000412464142,8125.0
2024-03-01 12:28:00,AKBA,1.6799999475479126,1.6799999475479126,1.6799999475479126,1.6799999475479126,1.6799999475479126,300.0
2024-03-01 12:28:00,AKRO,30.079999923706055,30.079999923706055,30.079999923706055,30.079999923706055,30.079999923706055,337.0
2024-03-01 12:28:00,ALDX,4.135000228881836,4.135000228881836,4.141200065612793,4.135000228881836,4.141200065612793,1757.0
2024-03-01 12:28:00,ALEC,7.349999904632568,7.349999904632568,7.380000114440918,7.349999904632568,7.380000114440918,2495.0
2024-03-01 12:28:00,ALHC,5.71999979019165,5.71999979019165,5.730000019073486,5.71999979019165,5.730000019073486,425.0
2024-03-01 12:28:00,ALKS,29.969999313354492,29.969999313354492,29.979999542236328,29.940000534057617,29.979999542236328,1641.0
2024-03-01 12:28:00,ALLK,1.6050000190734863,1.6050000190734863,1.6100000143051147,1.6050000190734863,1.6050000190734863,306.0
2024-03-01 12:28:00,ALLO,5.03000020980835,5.03000020980835,5.039999961853027,5.03000020980835,5.039999961853027,2653.0
2024-03-01 12:28:00,ALNY,154.51499938964844,154.51499938964844,154.51499938964844,154.51499938964844,154.51499938964844,330.0
2024-03-01 12:28:00,ALPN,35.75,35.75,35.75,35.75,35.75,888.0
2024-03-01 12:28:00,ALT,11.990799903869629,11.990799903869629,12.0,11.990799903869629,12.0,4401.0
2024-03-01 12:28:00,ALXO,14.989999771118164,14.989999771118164,15.024999618530273,14.989999771118164,15.024999618530273,2530.0
2024-03-01 12:28:00,AMED,93.16000366210938,93.16000366210938,93.19989776611328,93.16000366210938,93.19989776611328,275.0
2024-03-01 12:28:00,AMGN,281.3299865722656,281.3299865722656,281.44000244140625,281.3299865722656,281.3500061035156,5361.0
2024-03-01 12:28:00,AMLX,18.827499389648438,18.827499389648438,18.84000015258789,18.760000228881836,18.766300201416016,5565.0
2024-03-01 12:28:00,AMPH,45.345001220703125,45.345001220703125,45.354000091552734,45.34000015258789,45.34000015258789,729.0
2024-03-01 12:28:00,AMRN,1.0499999523162842,1.0499999523162842,1.059999942779541,1.0499999523162842,1.059999942779541,1444.0
2024-03-01 12:28:00,ANAB,25.424999237060547,25.424999237060547,25.424999237060547,25.424999237060547,25.424999237060547,216.0
2024-03-01 12:28:00,ANGO,5.485000133514404,5.485000133514404,5.489999771118164,5.485000133514404,5.489999771118164,976.0
2024-03-01 12:28:00,ANNX,5.979899883270264,5.979899883270264,5.979899883270264,5.96999979019165,5.96999979019165,633.0
2024-03-01 12:28:00,ANTX,3.0299999713897705,3.0299999713897705,3.0299999713897705,3.0299999713897705,3.0299999713897705,251.0
2024-03-01 12:28:00,APDN,0.5699999928474426,0.5699999928474426,0.5699999928474426,0.5699999928474426,0.5699999928474426,201.0
2024-03-01 12:28:00,APLS,65.0708999633789,65.0708999633789,65.14610290527344,65.01000213623047,65.13999938964844,17173.0
2024-03-01 12:28:00,APLT,7.105000019073486,7.105000019073486,7.105000019073486,7.065000057220459,7.065000057220459,3719.0
2024-03-01 12:28:00,AQST,4.28000020980835,4.28000020980835,4.300099849700928,4.28000020980835,4.300000190734863,2831.0
2024-03-01 12:28:00,ARCT,39.57500076293945,39.57500076293945,39.57500076293945,39.52000045776367,39.529998779296875,1163.0
2024-03-01 12:28:00,ARDX,9.664999961853027,9.664999961853027,9.675000190734863,9.65999984741211,9.670000076293945,8349.0
2024-03-01 12:28:00,ARGX,391.0,391.0,391.0,391.0,391.0,236.0
2024-03-01 12:28:00,ARQT,11.640000343322754,11.640000343322754,11.640000343322754,11.600000381469727,11.619999885559082,8410.0
2024-03-01 12:28:00,ARVN,49.18000030517578,49.18000030517578,49.2599983215332,49.13999938964844,49.2599983215332,1531.0
2024-03-01 12:28:00,ARWR,35.834999084472656,35.834999084472656,35.93000030517578,35.709999084472656,35.91999816894531,18860.0
2024-03-01 12:28:00,ASND,150.94500732421875,150.94500732421875,150.9499969482422,150.94500732421875,150.9499969482422,586.0
2024-03-01 12:28:00,ASRT,0.9383999705314636,0.9383999705314636,0.9383999705314636,0.9383999705314636,0.9383999705314636,484.0
2024-03-01 12:28:00,ATAI,2.0899999141693115,2.0899999141693115,2.0999999046325684,2.0899999141693115,2.0999999046325684,4338.0
2024-03-01 12:28:00,ATEC,13.555000305175781,13.555000305175781,13.555000305175781,13.545000076293945,13.555000305175781,9324.0
2024-03-01 12:28:00,ATRA,0.7896000146865845,0.7896000146865845,0.7942000031471252,0.7896000146865845,0.7921000123023987,5376.0
2024-03-01 12:28:00,ATRC,36.040000915527344,36.040000915527344,36.06999969482422,36.040000915527344,36.06999969482422,216.0
2024-03-01 12:28:00,ATXS,15.024999618530273,15.024999618530273,15.024999618530273,15.024999618530273,15.024999618530273,169.0
2024-03-01 12:28:00,AUGX,4.599999904632568,4.599999904632568,4.605000019073486,4.599999904632568,4.599999904632568,1730.0
2024-03-01 12:28:00,AUPH,5.864999771118164,5.864999771118164,5.875,5.864999771118164,5.875,4446.0
2024-03-01 12:28:00,AURA,9.420000076293945,9.420000076293945,9.449999809265137,9.420000076293945,9.420000076293945,430.0
2024-03-01 12:28:00,AUTL,6.340000152587891,6.340000152587891,6.360000133514404,6.329999923706055,6.360000133514404,1897.0
2024-03-01 12:28:00,AVIR,4.53000020980835,4.53000020980835,4.53000020980835,4.53000020980835,4.53000020980835,533.0
2024-03-01 12:28:00,AVXL,5.375,5.375,5.375,5.375,5.375,1678.0
2024-03-01 12:28:00,AXGN,10.520000457763672,10.520000457763672,10.520000457763672,10.520000457763672,10.520000457763672,100.0
2024-03-01 12:28:00,AXNX,67.61000061035156,67.61000061035156,67.6500015258789,67.61000061035156,67.625,804.0
2024-03-01 12:28:00,AXSM,82.41000366210938,82.41000366210938,82.41000366210938,82.41000366210938,82.41000366210938,481.0
2024-03-01 12:28:00,AZN,64.69999694824219,64.69999694824219,64.7249984741211,64.69000244140625,64.7249984741211,9598.0
2024-03-01 12:28:00,BBIO,36.0,36.0,36.029998779296875,36.0,36.029998779296875,702.0
2024-03-01 12:28:00,BCAB,2.734999895095825,2.734999895095825,2.734999895095825,2.734999895095825,2.734999895095825,132.0
2024-03-01 12:28:00,BCLI,0.35749998688697815,0.35749998688697815,0.35749998688697815,0.35749998688697815,0.35749998688697815,1004.0
2024-03-01 12:28:00,BCRX,5.789999961853027,5.789999961853027,5.789999961853027,5.78000020980835,5.784999847412109,1274.0
2024-03-01 12:28:00,BDTX,4.995999813079834,4.995999813079834,5.010000228881836,4.989999771118164,5.010000228881836,4112.0
2024-03-01 12:28:00,BEAM,39.94499969482422,39.94499969482422,40.025001525878906,39.939998626708984,40.0,2305.0
2024-03-01 12:28:00,BGNE,167.0449981689453,167.0449981689453,167.0449981689453,167.0449981689453,167.0449981689453,384.0
2024-03-01 12:28:00,BIIB,220.69009399414062,220.69009399414062,220.69009399414062,220.69009399414062,220.69009399414062,327.0
2024-03-01 12:28:00,BIOR,1.1830999851226807,1.1830999851226807,1.1830999851226807,1.1830999851226807,1.1830999851226807,3023.0
2024-03-01 12:28:00,BIVI,1.840000033378601,1.840000033378601,1.8799999952316284,1.8300000429153442,1.8777999877929688,65666.0
2024-03-01 12:28:00,BLFS,18.395000457763672,18.395000457763672,18.395000457763672,18.395000457763672,18.395000457763672,187.0
2024-03-01 12:28:00,BLUE,1.5800000429153442,1.5800000429153442,1.5850000381469727,1.5800000429153442,1.5850000381469727,2516.0
2024-03-01 12:28:00,BMEA,17.985000610351562,17.985000610351562,18.014999389648438,17.979999542236328,18.014999389648438,2123.0
2024-03-01 12:28:00,BMRN,87.12670135498047,87.12670135498047,87.19999694824219,87.11499786376953,87.19999694824219,2771.0
2024-03-01 12:28:00,BNTX,91.81999969482422,91.81999969482422,91.91000366210938,91.81999969482422,91.91000366210938,1376.0
2024-03-01 12:28:00,BPMC,97.37999725341797,97.37999725341797,97.54000091552734,97.37999725341797,97.5199966430664,1380.0
2024-03-01 12:28:00,BRKR,88.37999725341797,88.37999725341797,88.37999725341797,88.36000061035156,88.36000061035156,622.0
2024-03-01 12:28:00,BSGM,0.6265890002250671,0.6265890002250671,0.64410001039505,0.6265890002250671,0.64410001039505,2300.0
2024-03-01 12:28:00,BTAI,3.2300000190734863,3.2300000190734863,3.2300000190734863,3.2300000190734863,3.2300000190734863,100.0
2024-03-01 12:28:00,BTMD,6.019999980926514,6.019999980926514,6.019999980926514,6.019999980926514,6.019999980926514,100.0
2024-03-01 12:28:00,BTTX,0.17389999330043793,0.17389999330043793,0.17499999701976776,0.17309999465942383,0.17309999465942383,28329.0
2024-03-01 12:28:00,BWAY,6.53000020980835,6.53000020980835,6.53000020980835,6.53000020980835,6.53000020980835,100.0
2024-03-01 12:28:00,CABA,23.969999313354492,23.969999313354492,23.969999313354492,23.959999084472656,23.959999084472656,3091.0
2024-03-01 12:28:00,CARA,0.8999999761581421,0.8999999761581421,0.8999999761581421,0.8948000073432922,0.8948000073432922,974.0
2024-03-01 12:28:00,CBAY,32.22999954223633,32.22999954223633,32.23500061035156,32.22999954223633,32.23500061035156,1145.0
2024-03-01 12:28:00,CCCC,10.899999618530273,10.899999618530273,10.9399995803833,10.895000457763672,10.9399995803833,6985.0
2024-03-01 12:28:00,CCRN,18.25,18.25,18.25,18.25,18.25,155.0
2024-03-01 12:28:00,CDMO,8.109999656677246,8.109999656677246,8.109999656677246,8.109999656677246,8.109999656677246,817.0
2024-03-01 12:28:00,CDNA,12.265000343322754,12.265000343322754,12.279999732971191,12.25,12.25,3448.0
2024-03-01 12:28:00,CDTX,0.7245000004768372,0.7245000004768372,0.7245000004768372,0.7245000004768372,0.7245000004768372,890.0
2024-03-01 12:28:00,CDXS,4.460000038146973,4.460000038146973,4.480000019073486,4.449999809265137,4.480000019073486,1864.0
2024-03-01 12:28:00,CERE,41.10499954223633,41.10499954223633,41.10499954223633,41.099998474121094,41.099998474121094,735.0
2024-03-01 12:28:00,CERS,2.2149999141693115,2.2149999141693115,2.2214999198913574,2.2149999141693115,2.2200000286102295,6283.0
2024-03-01 12:28:00,CERT,17.639999389648438,17.639999389648438,17.639999389648438,17.639999389648438,17.639999389648438,196.0
2024-03-01 12:28:00,CGC,3.2699999809265137,3.2699999809265137,3.2699999809265137,3.265000104904175,3.265000104904175,993.0
2024-03-01 12:28:00,CGEM,19.030000686645508,19.030000686645508,19.030000686645508,19.0049991607666,19.0049991607666,200.0
2024-03-01 12:28:00,CGEN,2.684999942779541,2.684999942779541,2.6900999546051025,2.680000066757202,2.6900999546051025,3350.0
2024-03-01 12:28:00,CGTX,2.059999942779541,2.059999942779541,2.059999942779541,2.0399999618530273,2.049999952316284,24056.0
2024-03-01 12:28:00,CHRS,2.380000114440918,2.380000114440918,2.380000114440918,2.369999885559082,2.369999885559082,3816.0
2024-03-01 12:28:00,CING,1.399999976158142,1.399999976158142,1.399999976158142,1.3550000190734863,1.3550000190734863,12001.0
2024-03-01 12:28:00,CLDX,50.83000183105469,50.83000183105469,50.880001068115234,50.81999969482422,50.81999969482422,915.0
2024-03-01 12:28:00,CLOV,0.8655999898910522,0.8655999898910522,0.8655999898910522,0.8654999732971191,0.8655099868774414,6641.0
2024-03-01 12:28:00,CLPT,6.663899898529053,6.663899898529053,6.71999979019165,6.663899898529053,6.71999979019165,7522.0
2024-03-01 12:28:00,CMPS,11.399800300598145,11.399800300598145,11.470000267028809,11.390000343322754,11.470000267028809,1897.0
2024-03-01 12:28:00,CMRX,1.149999976158142,1.149999976158142,1.149999976158142,1.1399999856948853,1.1449999809265137,4777.0
2024-03-01 12:28:00,COGT,7.230000019073486,7.230000019073486,7.230000019073486,7.21999979019165,7.21999979019165,1624.0
2024-03-01 12:28:00,CORT,24.079999923706055,24.079999923706055,24.125,24.079999923706055,24.125,1655.0
2024-03-01 12:28:00,CPRX,17.05500030517578,17.05500030517578,17.100000381469727,17.049999237060547,17.100000381469727,5935.0
2024-03-01 12:28:00,CPSI,9.430000305175781,9.430000305175781,9.430000305175781,9.430000305175781,9.430000305175781,1013.0
2024-03-01 12:28:00,CRBP,31.96500015258789,31.96500015258789,31.96500015258789,31.96500015258789,31.96500015258789,174.0
2024-03-01 12:28:00,CRBU,7.980000019073486,7.980000019073486,8.0,7.96999979019165,8.0,3496.0
2024-03-01 12:28:00,CRDF,2.307300090789795,2.307300090789795,2.309999942779541,2.3001999855041504,2.309999942779541,5425.0
2024-03-01 12:28:00,CRMD,3.7149999141693115,3.7149999141693115,3.7149999141693115,3.7100000381469727,3.7100000381469727,430.0
2024-03-01 12:28:00,CRNX,46.040000915527344,46.040000915527344,46.08000183105469,46.0099983215332,46.040000915527344,1292.0
2024-03-01 12:28:00,CRON,2.0520999431610107,2.0520999431610107,2.059000015258789,2.0520999431610107,2.059000015258789,412.0
2024-03-01 12:28:00,CRSP,85.375,85.375,85.4885025024414,85.375,85.4885025024414,1402.0
2024-03-01 12:28:00,CSTL,20.670000076293945,20.670000076293945,20.670000076293945,20.65999984741211,20.65999984741211,795.0
2024-03-01 12:28:00,CTKB,8.664999961853027,8.664999961853027,8.670000076293945,8.664999961853027,8.670000076293945,913.0
2024-03-01 12:28:00,CTMX,2.6700000762939453,2.6700000762939453,2.674999952316284,2.6700000762939453,2.6700000762939453,3336.0
2024-03-01 12:28:00,CTSO,0.949999988079071,0.949999988079071,0.9509999752044678,0.949999988079071,0.9509999752044678,1495.0
2024-03-01 12:28:00,CTXR,0.7785000205039978,0.7785000205039978,0.7785000205039978,0.7785000205039978,0.7785000205039978,455.0
2024-03-01 12:28:00,CUE,2.200000047683716,2.200000047683716,2.2000999450683594,2.200000047683716,2.2000999450683594,332.0
2024-03-01 12:28:00,CUTR,2.419800043106079,2.419800043106079,2.419800043106079,2.419800043106079,2.419800043106079,1523.0
2024-03-01 12:28:00,CVAC,3.505000114440918,3.505000114440918,3.505000114440918,3.505000114440918,3.505000114440918,803.0
2024-03-01 12:28:00,CVRX,20.40999984741211,20.40999984741211,20.43000030517578,20.40999984741211,20.40999984741211,657.0
2024-03-01 12:28:00,CYTK,73.58999633789062,73.58999633789062,73.7699966430664,73.58999633789062,73.76000213623047,3092.0
2024-03-01 12:28:00,CYTO,2.3399999141693115,2.3399999141693115,2.3399999141693115,2.339900016784668,2.339900016784668,642.0
2024-03-01 12:28:00,DAWN,17.479999542236328,17.479999542236328,17.4950008392334,17.479999542236328,17.4950008392334,745.0
2024-03-01 12:28:00,DBVT,0.8100000023841858,0.8100000023841858,0.8100000023841858,0.8100000023841858,0.8100000023841858,3012.0
2024-03-01 12:28:00,DCGO,4.114999771118164,4.114999771118164,4.119999885559082,4.114999771118164,4.119999885559082,1388.0
2024-03-01 12:28:00,DCPH,17.43000030517578,17.43000030517578,17.485000610351562,17.43000030517578,17.469999313354492,3222.0
2024-03-01 12:28:00,DH,8.979999542236328,8.979999542236328,9.0,8.979999542236328,8.987500190734863,4192.0
2024-03-01 12:28:00,DNLI,20.860000610351562,20.860000610351562,20.889999389648438,20.860000610351562,20.885000228881836,1285.0
2024-03-01 12:28:00,DSGN,2.9049999713897705,2.9049999713897705,2.9049999713897705,2.9049999713897705,2.9049999713897705,287.0
2024-03-01 12:28:00,DTIL,12.210000038146973,12.210000038146973,12.279999732971191,12.210000038146973,12.279999732971191,1430.0
2024-03-01 12:28:00,DVAX,12.880000114440918,12.880000114440918,12.880000114440918,12.880000114440918,12.880000114440918,2171.0
2024-03-01 12:28:00,DXCM,121.20500183105469,121.20500183105469,121.20500183105469,121.05999755859375,121.08999633789062,5661.0
2024-03-01 12:28:00,EDIT,10.828900337219238,10.828900337219238,10.845000267028809,10.824999809265137,10.845000267028809,3067.0
2024-03-01 12:28:00,EMBC,14.430000305175781,14.430000305175781,14.449999809265137,14.430000305175781,14.449999809265137,1530.0
2024-03-01 12:28:00,ENTA,15.279999732971191,15.279999732971191,15.329999923706055,15.270000457763672,15.289999961853027,880.0
2024-03-01 12:28:00,ENVB,1.5200999975204468,1.5200999975204468,1.5299999713897705,1.5200999975204468,1.5299999713897705,4943.0
2024-03-01 12:28:00,EOLS,14.645000457763672,14.645000457763672,14.649999618530273,14.645000457763672,14.649999618530273,253.0
2024-03-01 12:28:00,ERAS,2.5250000953674316,2.5250000953674316,2.5250000953674316,2.5250000953674316,2.5250000953674316,531.0
2024-03-01 12:28:00,ESPR,2.5399999618530273,2.5399999618530273,2.5450000762939453,2.5399999618530273,2.5450000762939453,21105.0
2024-03-01 12:28:00,ESTA,45.61000061035156,45.61000061035156,45.689998626708984,45.61000061035156,45.689998626708984,1823.0
2024-03-01 12:28:00,ETNB,13.109999656677246,13.109999656677246,13.109999656677246,13.079999923706055,13.109999656677246,3675.0
2024-03-01 12:28:00,EWTX,17.079999923706055,17.079999923706055,17.079999923706055,17.075000762939453,17.075000762939453,316.0
2024-03-01 12:28:00,EXAI,6.809899806976318,6.809899806976318,6.809999942779541,6.809899806976318,6.809999942779541,661.0
2024-03-01 12:28:00,EXAS,60.31999969482422,60.31999969482422,60.33000183105469,60.29999923706055,60.31999969482422,2436.0
2024-03-01 12:28:00,EXEL,22.46500015258789,22.46500015258789,22.479999542236328,22.46500015258789,22.479999542236328,2987.0
2024-03-01 12:28:00,EYEN,2.3399999141693115,2.3399999141693115,2.3399999141693115,2.338599920272827,2.3392999172210693,2126.0
2024-03-01 12:28:00,EYPT,27.790000915527344,27.790000915527344,27.790000915527344,27.790000915527344,27.790000915527344,188.0
2024-03-01 12:28:00,FATE,7.494999885559082,7.494999885559082,7.494999885559082,7.489999771118164,7.489999771118164,1512.0
2024-03-01 12:28:00,FBIOP,15.578900337219238,15.578900337219238,15.578900337219238,15.578900337219238,15.578900337219238,875.0
2024-03-01 12:28:00,FDMT,29.232500076293945,29.232500076293945,29.264999389648438,29.200000762939453,29.264999389648438,2457.0
2024-03-01 12:28:00,FGEN,1.8515000343322754,1.8515000343322754,1.8600000143051147,1.8515000343322754,1.8600000143051147,5530.0
2024-03-01 12:28:00,FLGT,23.260099411010742,23.260099411010742,23.260099411010742,23.260099411010742,23.260099411010742,596.0
2024-03-01 12:28:00,FOLD,13.345000267028809,13.345000267028809,13.380000114440918,13.345000267028809,13.375,9862.0
2024-03-01 12:28:00,FULC,10.859999656677246,10.859999656677246,10.875,10.850000381469727,10.859999656677246,12418.0
2024-03-01 12:28:00,FUSN,12.244999885559082,12.244999885559082,12.28499984741211,12.244999885559082,12.28499984741211,1955.0
2024-03-01 12:28:00,GDRX,8.320300102233887,8.320300102233887,8.320300102233887,8.3149995803833,8.3149995803833,3959.0
2024-03-01 12:28:00,GERN,2.200000047683716,2.200000047683716,2.200000047683716,2.194999933242798,2.194999933242798,1447.0
2024-03-01 12:28:00,GH,19.170000076293945,19.170000076293945,19.18000030517578,19.15999984741211,19.18000030517578,482.0
2024-03-01 12:28:00,GILD,72.34500122070312,72.34500122070312,72.34850311279297,72.32279968261719,72.33999633789062,19701.0
2024-03-01 12:28:00,GLYC,3.0299999713897705,3.0299999713897705,3.0299999713897705,3.0299999713897705,3.0299999713897705,320.0
2024-03-01 12:28:00,GMAB,29.334999084472656,29.334999084472656,29.364999771118164,29.334999084472656,29.364999771118164,1133.0
2024-03-01 12:28:00,GOSS,1.3600000143051147,1.3600000143051147,1.3650000095367432,1.3600000143051147,1.3600000143051147,625.0
2024-03-01 12:28:00,GRFS,7.074999809265137,7.074999809265137,7.074999809265137,7.074999809265137,7.074999809265137,807.0
2024-03-01 12:28:00,GRTS,2.177000045776367,2.177000045776367,2.177000045776367,2.174999952316284,2.174999952316284,10216.0
2024-03-01 12:28:00,GRTX,0.23639999330043793,0.23639999330043793,0.23639999330043793,0.23639999330043793,0.23639999330043793,603.0
2024-03-01 12:28:00,GTHX,3.6600000858306885,3.6600000858306885,3.6600000858306885,3.6600000858306885,3.6600000858306885,1737.0
2024-03-01 12:28:00,HALO,41.599998474121094,41.599998474121094,41.630001068115234,41.599998474121094,41.630001068115234,1312.0
2024-03-01 12:28:00,HARP,22.940000534057617,22.940000534057617,22.940000534057617,22.940000534057617,22.940000534057617,609.0
2024-03-01 12:28:00,HCAT,8.024999618530273,8.024999618530273,8.029999732971191,8.020000457763672,8.029999732971191,900.0
2024-03-01 12:28:00,HCSG,12.680000305175781,12.680000305175781,12.6899995803833,12.680000305175781,12.6899995803833,722.0
2024-03-01 12:28:00,HCTI,2.4000000953674316,2.4000000953674316,2.4000000953674316,2.4000000953674316,2.4000000953674316,300.0
2024-03-01 12:28:00,HLVX,18.7450008392334,18.7450008392334,18.7450008392334,18.7450008392334,18.7450008392334,257.0
2024-03-01 12:28:00,HOLX,73.70999908447266,73.70999908447266,73.7249984741211,73.69999694824219,73.69999694824219,2046.0
2024-03-01 12:28:00,HOWL,6.940000057220459,6.940000057220459,6.940000057220459,6.940000057220459,6.940000057220459,120.0
2024-03-01 12:28:00,HQY,81.72000122070312,81.72000122070312,81.7300033569336,81.72000122070312,81.7300033569336,283.0
2024-03-01 12:28:00,HRMY,31.4950008392334,31.4950008392334,31.4950008392334,31.479999542236328,31.479999542236328,486.0
2024-03-01 12:28:00,HROW,10.869999885559082,10.869999885559082,10.880000114440918,10.869999885559082,10.880000114440918,525.0
2024-03-01 12:28:00,HRTX,2.5999999046325684,2.5999999046325684,2.6189000606536865,2.5999999046325684,2.6189000606536865,1701.0
2024-03-01 12:28:00,HSCS,0.11819999665021896,0.11819999665021896,0.11819999665021896,0.11819999665021896,0.11819999665021896,100.0
2024-03-01 12:28:00,HUMA,3.444999933242798,3.444999933242798,3.4590001106262207,3.440000057220459,3.454900026321411,5410.0
2024-03-01 12:28:00,IBRX,4.869999885559082,4.869999885559082,4.880000114440918,4.869999885559082,4.880000114440918,1753.0
2024-03-01 12:28:00,ICUI,105.25,105.25,105.25,105.25,105.25,663.0
2024-03-01 12:28:00,IDYA,46.29999923706055,46.29999923706055,46.375,46.29999923706055,46.375,1003.0
2024-03-01 12:28:00,IKT,2.069999933242798,2.069999933242798,2.1500000953674316,2.069999933242798,2.1500000953674316,15254.0
2024-03-01 12:28:00,ILMN,142.52000427246094,142.52000427246094,142.5500030517578,142.5,142.5,1461.0
2024-03-01 12:28:00,IMMP,2.3399999141693115,2.3399999141693115,2.3399999141693115,2.3399999141693115,2.3399999141693115,345.0
2024-03-01 12:28:00,IMMX,3.569999933242798,3.569999933242798,3.5799999237060547,3.5399999618530273,3.5399999618530273,26275.0
2024-03-01 12:28:00,IMNM,26.104999542236328,26.104999542236328,26.104999542236328,26.049999237060547,26.09000015258789,4692.0
2024-03-01 12:28:00,IMTX,12.850000381469727,12.850000381469727,12.920000076293945,12.850000381469727,12.920000076293945,6084.0
2024-03-01 12:28:00,IMVT,36.36000061035156,36.36000061035156,36.36000061035156,36.36000061035156,36.36000061035156,474.0
2024-03-01 12:28:00,INCY,59.16999816894531,59.16999816894531,59.16999816894531,59.150001525878906,59.15999984741211,2240.0
2024-03-01 12:28:00,INMD,22.915000915527344,22.915000915527344,22.920000076293945,22.90999984741211,22.90999984741211,990.0
2024-03-01 12:28:00,INSM,28.479999542236328,28.479999542236328,28.489999771118164,28.475000381469727,28.489999771118164,1987.0
2024-03-01 12:28:00,INVA,15.584099769592285,15.584099769592285,15.584099769592285,15.584099769592285,15.584099769592285,169.0
2024-03-01 12:28:00,INZY,6.699999809265137,6.699999809265137,6.71999979019165,6.699999809265137,6.71999979019165,2697.0
2024-03-01 12:28:00,IONS,45.8849983215332,45.8849983215332,45.93000030517578,45.880001068115234,45.93000030517578,1613.0
2024-03-01 12:28:00,IOVA,16.80500030517578,16.80500030517578,16.809999465942383,16.774999618530273,16.789899826049805,10858.0
2024-03-01 12:28:00,IRWD,9.109999656677246,9.109999656677246,9.119999885559082,9.100000381469727,9.109999656677246,48662.0
2024-03-01 12:28:00,ISRG,394.8399963378906,394.8399963378906,394.95001220703125,394.8299865722656,394.8399963378906,2218.0
2024-03-01 12:28:00,ITCI,71.80619812011719,71.80619812011719,71.80619812011719,71.76000213623047,71.80000305175781,1109.0
2024-03-01 12:28:00,IVVD,4.002999782562256,4.002999782562256,4.002999782562256,4.002999782562256,4.002999782562256,622.0
2024-03-01 12:28:00,IXHL,5.449999809265137,5.449999809265137,5.449999809265137,5.449999809265137,5.449999809265137,150.0
2024-03-01 12:28:00,JAGX,0.07109999656677246,0.07109999656677246,0.07119999825954437,0.07100000232458115,0.07119999825954437,96509.0
2024-03-01 12:28:00,JANX,46.970001220703125,46.970001220703125,46.970001220703125,46.970001220703125,46.970001220703125,474.0
2024-03-01 12:28:00,JAZZ,119.05500030517578,119.05500030517578,119.25,119.01000213623047,119.25,5760.0
2024-03-01 12:28:00,KALV,13.989999771118164,13.989999771118164,14.0,13.989999771118164,14.0,837.0
2024-03-01 12:28:00,KNSA,21.610000610351562,21.610000610351562,21.610000610351562,21.610000610351562,21.610000610351562,512.0
2024-03-01 12:28:00,KNTE,2.6050000190734863,2.6050000190734863,2.6050000190734863,2.5999999046325684,2.5999999046325684,500.0
2024-03-01 12:28:00,KOD,6.099999904632568,6.099999904632568,6.150000095367432,6.099999904632568,6.150000095367432,3306.0
2024-03-01 12:28:00,KPRX,0.6700000166893005,0.6700000166893005,0.6700000166893005,0.6700000166893005,0.6700000166893005,249.0
2024-03-01 12:28:00,KPTI,1.1993000507354736,1.1993000507354736,1.2000000476837158,1.1993000507354736,1.2000000476837158,950.0
2024-03-01 12:28:00,KRYS,167.39999389648438,167.39999389648438,167.47999572753906,167.39999389648438,167.47999572753906,1317.0
2024-03-01 12:28:00,KTRA,0.09610000252723694,0.09610000252723694,0.09610000252723694,0.09605000168085098,0.09605000168085098,2584.0
2024-03-01 12:28:00,KURA,21.1299991607666,21.1299991607666,21.1299991607666,21.1200008392334,21.1299991607666,982.0
2024-03-01 12:28:00,KYMR,43.959999084472656,43.959999084472656,44.01499938964844,43.959999084472656,44.01499938964844,399.0
2024-03-01 12:28:00,KZR,1.0750000476837158,1.0750000476837158,1.0750000476837158,1.0750000476837158,1.0750000476837158,200.0
2024-03-01 12:28:00,LAB,2.494999885559082,2.494999885559082,2.494999885559082,2.494999885559082,2.494999885559082,100.0
2024-03-01 12:28:00,LBPH,22.049999237060547,22.049999237060547,22.075000762939453,22.049999237060547,22.075000762939453,371.0
2024-03-01 12:28:00,LEXX,2.740000009536743,2.740000009536743,2.7499001026153564,2.740000009536743,2.7499001026153564,2886.0
2024-03-01 12:28:00,LFMD,7.989999771118164,7.989999771118164,8.005000114440918,7.989999771118164,8.005000114440918,221.0
2024-03-01 12:28:00,LFST,7.900000095367432,7.900000095367432,7.900000095367432,7.900000095367432,7.900000095367432,1430.0
2024-03-01 12:28:00,LGND,79.12989807128906,79.12989807128906,79.12989807128906,78.91000366210938,78.91000366210938,556.0
2024-03-01 12:28:00,LGVN,0.5339999794960022,0.5339999794960022,0.5339999794960022,0.5339999794960022,0.5339999794960022,102.0
2024-03-01 12:28:00,LRMR,11.40999984741211,11.40999984741211,11.40999984741211,11.359999656677246,11.359999656677246,3195.0
2024-03-01 12:28:00,LUNG,9.40999984741211,9.40999984741211,9.40999984741211,9.385000228881836,9.385000228881836,804.0
2024-03-01 12:28:00,LVTX,3.0058000087738037,3.0058000087738037,3.0058000087738037,3.0058000087738037,3.0058000087738037,324.0
2024-03-01 12:28:00,LXRX,2.490000009536743,2.490000009536743,2.5,2.490000009536743,2.4909000396728516,7702.0
2024-03-01 12:28:00,LYEL,3.140000104904175,3.140000104904175,3.1500000953674316,3.140000104904175,3.1500000953674316,3865.0
2024-03-01 12:28:00,LYRA,5.610000133514404,5.610000133514404,5.610000133514404,5.590000152587891,5.590000152587891,452.0
2024-03-01 12:28:00,MASI,128.30999755859375,128.30999755859375,128.30999755859375,128.30999755859375,128.30999755859375,174.0
2024-03-01 12:28:00,MBOT,1.2949999570846558,1.2949999570846558,1.2949999570846558,1.2949999570846558,1.2949999570846558,439.0
2024-03-01 12:28:00,MCRB,1.2050000429153442,1.2050000429153442,1.2100000381469727,1.2050000429153442,1.2100000381469727,10125.0
2024-03-01 12:28:00,MDGL,247.74000549316406,247.74000549316406,247.74000549316406,246.99000549316406,246.99000549316406,2500.0
2024-03-01 12:28:00,MDRX,6.0,6.0,6.039999961853027,6.0,6.0,307563.0
2024-03-01 12:28:00,MDXG,8.604999542236328,8.604999542236328,8.619999885559082,8.604999542236328,8.614999771118164,3124.0
2024-03-01 12:28:00,ME,0.5705999732017517,0.5705999732017517,0.5705999732017517,0.5699999928474426,0.5702999830245972,23035.0
2024-03-01 12:28:00,MEDP,401.56500244140625,401.56500244140625,401.56500244140625,401.56500244140625,401.56500244140625,301.0
2024-03-01 12:28:00,MGNX,18.735000610351562,18.735000610351562,18.780000686645508,18.729999542236328,18.780000686645508,4014.0
2024-03-01 12:28:00,MIRM,29.875,29.875,29.950000762939453,29.875,29.950000762939453,3121.0
2024-03-01 12:28:00,MIST,1.725000023841858,1.725000023841858,1.725000023841858,1.725000023841858,1.725000023841858,100.0
2024-03-01 12:28:00,MLTX,51.834999084472656,51.834999084472656,51.834999084472656,51.834999084472656,51.834999084472656,100.0
2024-03-01 12:28:00,MMSI,76.45999908447266,76.45999908447266,76.45999908447266,76.45999908447266,76.45999908447266,357.0
2024-03-01 12:28:00,MNKD,4.53000020980835,4.53000020980835,4.53000020980835,4.53000020980835,4.53000020980835,213.0
2024-03-01 12:28:00,MNMD,6.130000114440918,6.130000114440918,6.130000114440918,6.119999885559082,6.119999885559082,1269.0
2024-03-01 12:28:00,MNPR,0.8399999737739563,0.8399999737739563,0.8399999737739563,0.828249990940094,0.828249990940094,608.0
2024-03-01 12:28:00,MODD,1.9299999475479126,1.9299999475479126,1.9299999475479126,1.9299999475479126,1.9299999475479126,200.0
2024-03-01 12:28:00,MODV,28.05500030517578,28.05500030517578,28.05500030517578,28.05500030517578,28.05500030517578,123.0
2024-03-01 12:28:00,MOR,17.579999923706055,17.579999923706055,17.579999923706055,17.579999923706055,17.579999923706055,141.0
2024-03-01 12:28:00,MORF,39.31999969482422,39.31999969482422,39.31999969482422,39.31999969482422,39.31999969482422,356.0
2024-03-01 12:28:00,MOTS,0.6568999886512756,0.6568999886512756,0.658378005027771,0.6503000259399414,0.6578999757766724,3558.0
2024-03-01 12:28:00,MREO,3.8450000286102295,3.8450000286102295,3.8450000286102295,3.8450000286102295,3.8450000286102295,100.0
2024-03-01 12:28:00,MRNA,96.34500122070312,96.34500122070312,96.35990142822266,96.30000305175781,96.3499984741211,9004.0
2024-03-01 12:28:00,MRNS,10.0,10.0,10.0,10.0,10.0,134.0
2024-03-01 12:28:00,MRSN,5.980000019073486,5.980000019073486,5.989999771118164,5.96999979019165,5.974999904632568,3128.0
2024-03-01 12:28:00,MRUS,51.65999984741211,51.65999984741211,51.65999984741211,51.65999984741211,51.65999984741211,475.0
2024-03-01 12:28:00,MRVI,7.864999771118164,7.864999771118164,7.864999771118164,7.860000133514404,7.863999843597412,3494.0
2024-03-01 12:28:00,MTEM,3.7100000381469727,3.7100000381469727,3.7100000381469727,3.7100000381469727,3.7100000381469727,100.0
2024-03-01 12:28:00,MXCT,4.775000095367432,4.775000095367432,4.775000095367432,4.775000095367432,4.775000095367432,423.0
2024-03-01 12:28:00,MYGN,21.565000534057617,21.565000534057617,21.59000015258789,21.549999237060547,21.59000015258789,990.0
2024-03-01 12:28:00,NARI,45.790000915527344,45.790000915527344,45.79999923706055,45.775001525878906,45.78499984741211,1077.0
2024-03-01 12:28:00,NBIX,131.0,131.0,131.00999450683594,131.0,131.00999450683594,472.0
2024-03-01 12:28:00,NEO,16.079999923706055,16.079999923706055,16.079999923706055,16.079999923706055,16.079999923706055,1262.0
2024-03-01 12:28:00,NEOG,17.375,17.375,17.395000457763672,17.375,17.395000457763672,2663.0
2024-03-01 12:28:00,NERV,2.5399999618530273,2.5399999618530273,2.625,2.5399999618530273,2.5999999046325684,4556.0
2024-03-01 12:28:00,NGM,1.5299999713897705,1.5299999713897705,1.5299999713897705,1.5299999713897705,1.5299999713897705,815.0
2024-03-01 12:28:00,NKTR,0.7749999761581421,0.7749999761581421,0.7777000069618225,0.7749999761581421,0.7777000069618225,41951.0
2024-03-01 12:28:00,NKTX,12.890000343322754,12.890000343322754,12.899999618530273,12.880000114440918,12.899999618530273,8374.0
2024-03-01 12:28:00,NNOX,11.170000076293945,11.170000076293945,11.194999694824219,11.170000076293945,11.194999694824219,1619.0
2024-03-01 12:28:00,NOTV,8.09000015258789,8.09000015258789,8.100000381469727,8.09000015258789,8.100000381469727,1840.0
2024-03-01 12:28:00,NPCE,16.479999542236328,16.479999542236328,16.479999542236328,16.479999542236328,16.479999542236328,233.0
2024-03-01 12:28:00,NRIX,13.449999809265137,13.449999809265137,13.489999771118164,13.449999809265137,13.489999771118164,2248.0
2024-03-01 12:28:00,NRSN,2.103100061416626,2.103100061416626,2.103100061416626,2.103100061416626,2.103100061416626,473.0
2024-03-01 12:28:00,NTLA,33.43000030517578,33.43000030517578,33.47999954223633,33.43000030517578,33.47999954223633,1786.0
2024-03-01 12:28:00,NTRA,88.97000122070312,88.97000122070312,88.98999786376953,88.97000122070312,88.9800033569336,1817.0
2024-03-01 12:28:00,NUTX,0.11309999972581863,0.11309999972581863,0.11389999836683273,0.11299999803304672,0.11349999904632568,67754.0
2024-03-01 12:28:00,NUVL,88.8499984741211,88.8499984741211,88.88999938964844,88.8499984741211,88.88999938964844,1122.0
2024-03-01 12:28:00,NVAX,5.119999885559082,5.119999885559082,5.144999980926514,5.119999885559082,5.144999980926514,11218.0
2024-03-01 12:28:00,NVCR,15.970000267028809,15.970000267028809,15.970000267028809,15.9399995803833,15.949999809265137,2514.0
2024-03-01 12:28:00,NVOS,0.6299999952316284,0.6299999952316284,0.6299999952316284,0.6154000163078308,0.6154000163078308,15000.0
2024-03-01 12:28:00,NXTC,1.75,1.75,1.7699999809265137,1.75,1.7699999809265137,2146.0
2024-03-01 12:28:00,OCGN,0.933650016784668,0.933650016784668,0.933650016784668,0.933650016784668,0.933650016784668,1180.0
2024-03-01 12:28:00,OCUL,10.75,10.75,10.760000228881836,10.725000381469727,10.760000228881836,7372.0
2024-03-01 12:28:00,OLK,22.594999313354492,22.594999313354492,22.594999313354492,22.594999313354492,22.594999313354492,200.0
2024-03-01 12:28:00,OLMA,14.119999885559082,14.119999885559082,14.119999885559082,14.079999923706055,14.079999923706055,2283.0
2024-03-01 12:28:00,OM,3.1500000953674316,3.1500000953674316,3.1500000953674316,3.1500000953674316,3.1500000953674316,408.0
2024-03-01 12:28:00,ONVO,1.0299999713897705,1.0299999713897705,1.0299999713897705,1.0299999713897705,1.0299999713897705,116.0
2024-03-01 12:29:00,ABCL,5.191800117492676,5.191800117492676,5.191800117492676,5.191800117492676,5.191800117492676,104.0
2024-03-01 12:29:00,ABSI,5.239999771118164,5.239999771118164,5.244999885559082,5.239999771118164,5.239999771118164,563.0
2024-03-01 12:29:00,ABVC,1.1799999475479126,1.1799999475479126,1.1799999475479126,1.1799999475479126,1.1799999475479126,10910.0
2024-03-01 12:29:00,ACAD,24.218000411987305,24.218000411987305,24.218000411987305,24.190000534057617,24.190000534057617,1487.0
2024-03-01 12:29:00,ACB,3.180299997329712,3.180299997329712,3.1898999214172363,3.1702001094818115,3.174999952316284,18837.0
2024-03-01 12:29:00,ACET,2.4049999713897705,2.4049999713897705,2.4100000858306885,2.4049999713897705,2.4100000858306885,1018.0
2024-03-01 12:29:00,ACHC,84.25499725341797,84.25499725341797,84.25499725341797,84.25499725341797,84.25499725341797,808.0
2024-03-01 12:29:00,ACHL,1.3600000143051147,1.3600000143051147,1.3600000143051147,1.3585000038146973,1.3585000038146973,10661.0
2024-03-01 12:29:00,ACLX,67.26000213623047,67.26000213623047,67.2699966430664,67.2249984741211,67.2249984741211,1103.0
2024-03-01 12:29:00,ACON,0.3874000012874603,0.3874000012874603,0.3874000012874603,0.3874000012874603,0.3874000012874603,446.0
2024-03-01 12:29:00,ACRS,1.2400000095367432,1.2400000095367432,1.2400000095367432,1.2300000190734863,1.2400000095367432,3423.0
2024-03-01 12:29:00,ADAP,1.6176999807357788,1.6176999807357788,1.6176999807357788,1.6150000095367432,1.6150000095367432,1860.0
2024-03-01 12:29:00,ADIL,3.184999942779541,3.184999942779541,3.240000009536743,3.1600000858306885,3.240000009536743,54305.0
2024-03-01 12:29:00,ADMA,5.434999942779541,5.434999942779541,5.440000057220459,5.434999942779541,5.440000057220459,4623.0
2024-03-01 12:29:00,ADPT,4.195000171661377,4.195000171661377,4.195000171661377,4.175000190734863,4.175000190734863,6346.0
2024-03-01 12:29:00,ADVM,1.975000023841858,1.975000023841858,1.975000023841858,1.9700000286102295,1.975000023841858,501.0
2024-03-01 12:29:00,AGEN,0.6738499999046326,0.6738499999046326,0.6739000082015991,0.673799991607666,0.6739000082015991,3934.0
2024-03-01 12:29:00,AGIO,32.834999084472656,32.834999084472656,32.834999084472656,32.79999923706055,32.810001373291016,1259.0
2024-03-01 12:29:00,AIRS,6.579999923706055,6.579999923706055,6.579999923706055,6.579999923706055,6.579999923706055,239.0
2024-03-01 12:29:00,AKBA,1.6887999773025513,1.6887999773025513,1.6887999773025513,1.6799999475479126,1.6799999475479126,333.0
2024-03-01 12:29:00,AKLI,0.3384990096092224,0.3384990096092224,0.3384990096092224,0.3384990096092224,0.3384990096092224,252.0
2024-03-01 12:29:00,AKRO,30.201000213623047,30.201000213623047,30.201000213623047,30.1200008392334,30.1200008392334,2297.0
2024-03-01 12:29:00,AKYA,6.079999923706055,6.079999923706055,6.092100143432617,6.079999923706055,6.092100143432617,984.0
2024-03-01 12:29:00,ALEC,7.36929988861084,7.36929988861084,7.36929988861084,7.360000133514404,7.360000133514404,2870.0
2024-03-01 12:29:00,ALGN,303.2099914550781,303.2099914550781,303.2200012207031,303.1400146484375,303.2200012207031,1433.0
2024-03-01 12:29:00,ALGS,1.1200000047683716,1.1200000047683716,1.1200000047683716,1.1100000143051147,1.1100000143051147,3994.0
2024-03-01 12:29:00,ALHC,5.730000019073486,5.730000019073486,5.730000019073486,5.71999979019165,5.730000019073486,980.0
2024-03-01 12:29:00,ALKS,29.979999542236328,29.979999542236328,29.979999542236328,29.979999542236328,29.979999542236328,1740.0
2024-03-01 12:29:00,ALLK,1.6074999570846558,1.6074999570846558,1.6074999570846558,1.6074999570846558,1.6074999570846558,570.0
2024-03-01 12:29:00,ALLO,5.034999847412109,5.034999847412109,5.039999961853027,5.034999847412109,5.034999847412109,1451.0
2024-03-01 12:29:00,ALPN,35.7599983215332,35.7599983215332,35.76959991455078,35.75,35.75,1862.0
2024-03-01 12:29:00,ALT,12.010000228881836,12.010000228881836,12.010000228881836,11.989999771118164,12.0,8135.0
2024-03-01 12:29:00,ALVO,15.669699668884277,15.669699668884277,15.670000076293945,15.664999961853027,15.664999961853027,2110.0
2024-03-01 12:29:00,ALVR,0.754800021648407,0.754800021648407,0.754800021648407,0.7541000247001648,0.754800021648407,5052.0
2024-03-01 12:29:00,AMED,93.2249984741211,93.2249984741211,93.23500061035156,93.16500091552734,93.16500091552734,528.0
2024-03-01 12:29:00,AMGN,281.2950134277344,281.2950134277344,281.34979248046875,281.2659912109375,281.3299865722656,4678.0
2024-03-01 12:29:00,AMLX,18.829999923706055,18.829999923706055,18.829999923706055,18.829999923706055,18.829999923706055,241.0
2024-03-01 12:29:00,AMPH,45.27000045776367,45.27000045776367,45.34590148925781,45.27000045776367,45.34000015258789,1696.0
2024-03-01 12:29:00,AMRN,1.0549999475479126,1.0549999475479126,1.0549999475479126,1.0549999475479126,1.0549999475479126,200.0
2024-03-01 12:29:00,ANIP,66.19999694824219,66.19999694824219,66.19999694824219,66.19999694824219,66.19999694824219,455.0
2024-03-01 12:29:00,ANNX,6.0,6.0,6.0,5.989999771118164,5.989999771118164,1961.0
2024-03-01 12:29:00,ANTX,3.0201001167297363,3.0201001167297363,3.0260000228881836,3.0201001167297363,3.0260000228881836,524.0
2024-03-01 12:29:00,APLS,64.88999938964844,64.88999938964844,65.05999755859375,64.84500122070312,65.0199966430664,11817.0
2024-03-01 12:29:00,APLT,7.090000152587891,7.090000152587891,7.130000114440918,7.079999923706055,7.119999885559082,10225.0
2024-03-01 12:29:00,AQST,4.275000095367432,4.275000095367432,4.28000020980835,4.270500183105469,4.275000095367432,5622.0
2024-03-01 12:29:00,ARDX,9.670000076293945,9.670000076293945,9.670000076293945,9.65999984741211,9.664199829101562,4013.0
2024-03-01 12:29:00,ARQT,11.680000305175781,11.680000305175781,11.680000305175781,11.65999984741211,11.65999984741211,1718.0
2024-03-01 12:29:00,ARVN,49.2599983215332,49.2599983215332,49.2599983215332,49.25,49.25,320.0
2024-03-01 12:29:00,ARWR,35.93000030517578,35.93000030517578,36.0099983215332,35.849998474121094,35.849998474121094,14828.0
2024-03-01 12:29:00,ASMB,13.25,13.25,13.25,13.25,13.25,469.0
2024-03-01 12:29:00,ASND,150.86500549316406,150.86500549316406,151.07249450683594,150.86500549316406,151.07249450683594,481.0
2024-03-01 12:29:00,ATAI,2.0999999046325684,2.0999999046325684,2.1050000190734863,2.0950000286102295,2.0999999046325684,23697.0
2024-03-01 12:29:00,ATEC,13.550000190734863,13.550000190734863,13.555000305175781,13.545000076293945,13.555000305175781,4808.0
2024-03-01 12:29:00,ATHA,3.9779999256134033,3.9779999256134033,3.9779999256134033,3.9779999256134033,3.9779999256134033,102.0
2024-03-01 12:29:00,ATOS,1.0099999904632568,1.0099999904632568,1.0099999904632568,1.0099999904632568,1.0099999904632568,112.0
2024-03-01 12:29:00,ATRC,36.029998779296875,36.029998779296875,36.040000915527344,36.029998779296875,36.040000915527344,664.0
2024-03-01 12:29:00,ATXS,14.960000038146973,14.960000038146973,15.024999618530273,14.960000038146973,15.024999618530273,342.0
2024-03-01 12:29:00,AUPH,5.869999885559082,5.869999885559082,5.869999885559082,5.864999771118164,5.864999771118164,13718.0
2024-03-01 12:29:00,AVDL,12.90999984741211,12.90999984741211,12.920000076293945,12.90999984741211,12.920000076293945,1543.0
2024-03-01 12:29:00,AVRO,1.350000023841858,1.350000023841858,1.3600000143051147,1.350000023841858,1.350000023841858,1500.0
2024-03-01 12:29:00,AVXL,5.377600193023682,5.377600193023682,5.377600193023682,5.375,5.375,426.0
2024-03-01 12:29:00,AXGN,10.520000457763672,10.520000457763672,10.520000457763672,10.520000457763672,10.520000457763672,359.0
2024-03-01 12:29:00,AXNX,67.6500015258789,67.6500015258789,67.66000366210938,67.6500015258789,67.66000366210938,846.0
2024-03-01 12:29:00,AZN,64.69499969482422,64.69499969482422,64.70500183105469,64.69000244140625,64.70500183105469,2264.0
2024-03-01 12:29:00,BBIO,36.0099983215332,36.0099983215332,36.0099983215332,35.9900016784668,36.0,1161.0
2024-03-01 12:29:00,BBLG,2.321000099182129,2.321000099182129,2.321000099182129,2.321000099182129,2.321000099182129,200.0
2024-03-01 12:29:00,BCEL,0.2653000056743622,0.2653000056743622,0.26649999618530273,0.2653000056743622,0.26649999618530273,2500.0
2024-03-01 12:29:00,BCRX,5.784999847412109,5.784999847412109,5.789999961853027,5.784999847412109,5.789999961853027,3263.0
2024-03-01 12:29:00,BDTX,4.989999771118164,4.989999771118164,4.989999771118164,4.989999771118164,4.989999771118164,383.0
2024-03-01 12:29:00,BEAM,40.10380172729492,40.10380172729492,40.10380172729492,39.959999084472656,39.959999084472656,4081.0
2024-03-01 12:29:00,BFRI,0.878000020980835,0.878000020980835,0.878000020980835,0.878000020980835,0.878000020980835,110.0
2024-03-01 12:29:00,BGNE,166.8800048828125,166.8800048828125,166.8800048828125,166.8800048828125,166.8800048828125,181.0
2024-03-01 12:29:00,BIIB,220.7100067138672,220.7100067138672,220.7100067138672,220.7100067138672,220.7100067138672,366.0
2024-03-01 12:29:00,BIOR,1.184999942779541,1.184999942779541,1.1899000406265259,1.1799999475479126,1.1799999475479126,9941.0
2024-03-01 12:29:00,BIVI,1.8592000007629395,1.8592000007629395,1.8700000047683716,1.8200000524520874,1.8350000381469727,92635.0
2024-03-01 12:29:00,BLFS,18.329999923706055,18.329999923706055,18.375,18.329999923706055,18.3700008392334,1944.0
2024-03-01 12:29:00,BLUE,1.5850000381469727,1.5850000381469727,1.590000033378601,1.5814000368118286,1.5814000368118286,2004.0
2024-03-01 12:29:00,BMEA,17.989999771118164,17.989999771118164,17.989999771118164,17.989999771118164,17.989999771118164,292.0
2024-03-01 12:29:00,BMRN,87.19000244140625,87.19000244140625,87.19000244140625,87.12999725341797,87.12999725341797,2225.0
2024-03-01 12:29:00,BPMC,97.43499755859375,97.43499755859375,97.43499755859375,97.43199920654297,97.43199920654297,4598.0
2024-03-01 12:29:00,BRKR,88.4000015258789,88.4000015258789,88.4000015258789,88.4000015258789,88.4000015258789,220.0
2024-03-01 12:29:00,BTAI,3.233799934387207,3.233799934387207,3.2385001182556152,3.233799934387207,3.2385001182556152,2604.0
2024-03-01 12:29:00,BTMD,6.010000228881836,6.010000228881836,6.010000228881836,6.010000228881836,6.010000228881836,301.0
2024-03-01 12:29:00,BTTX,0.17219999432563782,0.17219999432563782,0.17444999516010284,0.17219999432563782,0.17389999330043793,3719.0
2024-03-01 12:29:00,BWAY,6.53000020980835,6.53000020980835,6.53000020980835,6.53000020980835,6.53000020980835,100.0
2024-03-01 12:29:00,CABA,24.0,24.0,24.0,23.989999771118164,23.989999771118164,2291.0
2024-03-01 12:29:00,CARA,0.8999999761581421,0.8999999761581421,0.8999999761581421,0.8999999761581421,0.8999999761581421,358.0
2024-03-01 12:29:00,CBAY,32.2400016784668,32.2400016784668,32.2400016784668,32.23500061035156,32.23500061035156,1714.0
2024-03-01 12:29:00,CCCC,10.899999618530273,10.899999618530273,10.901200294494629,10.899999618530273,10.901200294494629,531.0
2024-03-01 12:29:00,CCRN,18.264999389648438,18.264999389648438,18.264999389648438,18.264999389648438,18.264999389648438,272.0
2024-03-01 12:29:00,CDNA,12.300000190734863,12.300000190734863,12.3100004196167,12.270000457763672,12.270000457763672,4955.0
2024-03-01 12:29:00,CDXS,4.465000152587891,4.465000152587891,4.465000152587891,4.458799839019775,4.458799839019775,850.0
2024-03-01 12:29:00,CERE,41.099998474121094,41.099998474121094,41.102500915527344,41.099998474121094,41.102500915527344,572.0
2024-03-01 12:29:00,CERT,17.649999618530273,17.649999618530273,17.649999618530273,17.6299991607666,17.639999389648438,3070.0
2024-03-01 12:29:00,CGC,3.269700050354004,3.269700050354004,3.2699999809265137,3.2600998878479004,3.2699999809265137,18540.0
2024-03-01 12:29:00,CGEM,18.979999542236328,18.979999542236328,18.979999542236328,18.979999542236328,18.979999542236328,214.0
2024-03-01 12:29:00,CGTX,2.049999952316284,2.049999952316284,2.049999952316284,2.049999952316284,2.049999952316284,1528.0
2024-03-01 12:29:00,CHRS,2.377500057220459,2.377500057220459,2.377500057220459,2.369999885559082,2.369999885559082,1712.0
2024-03-01 12:29:00,CLDX,50.98500061035156,50.98500061035156,51.022499084472656,50.83000183105469,50.84000015258789,8902.0
2024-03-01 12:29:00,CLNN,0.3873000144958496,0.3873000144958496,0.3873000144958496,0.3873000144958496,0.3873000144958496,1000.0
2024-03-01 12:29:00,CLOV,0.8655999898910522,0.8655999898910522,0.8655999898910522,0.8654999732971191,0.8655999898910522,8368.0
2024-03-01 12:29:00,CLPT,6.670000076293945,6.670000076293945,6.670000076293945,6.670000076293945,6.670000076293945,147.0
2024-03-01 12:29:00,CLRB,4.123799800872803,4.123799800872803,4.123799800872803,4.123799800872803,4.123799800872803,505.0
2024-03-01 12:29:00,CLSD,1.3901000022888184,1.3901000022888184,1.3901000022888184,1.3899999856948853,1.3899999856948853,455.0
2024-03-01 12:29:00,CMPS,11.430000305175781,11.430000305175781,11.430000305175781,11.42770004272461,11.42770004272461,503.0
2024-03-01 12:29:00,COLL,37.11000061035156,37.11000061035156,37.11000061035156,37.11000061035156,37.11000061035156,617.0
2024-03-01 12:29:00,CORT,24.09000015258789,24.09000015258789,24.09000015258789,24.09000015258789,24.09000015258789,581.0
2024-03-01 12:29:00,CPRX,17.05500030517578,17.05500030517578,17.059999465942383,17.05500030517578,17.05500030517578,2664.0
2024-03-01 12:29:00,CPSI,9.460000038146973,9.460000038146973,9.470000267028809,9.460000038146973,9.460000038146973,823.0
2024-03-01 12:29:00,CRBP,32.0,32.0,32.0,32.0,32.0,948.0
2024-03-01 12:29:00,CRBU,8.010000228881836,8.010000228881836,8.010000228881836,7.989999771118164,7.989999771118164,4906.0
2024-03-01 12:29:00,CRDF,2.299999952316284,2.299999952316284,2.309999942779541,2.299999952316284,2.299999952316284,9919.0
2024-03-01 12:29:00,CRNX,46.099998474121094,46.099998474121094,46.099998474121094,46.064998626708984,46.064998626708984,495.0
2024-03-01 12:29:00,CRON,2.055000066757202,2.055000066757202,2.055000066757202,2.055000066757202,2.055000066757202,133.0
2024-03-01 12:29:00,CRSP,85.53019714355469,85.53019714355469,85.53019714355469,85.41999816894531,85.41999816894531,1677.0
2024-03-01 12:29:00,CTKB,8.6899995803833,8.6899995803833,8.6899995803833,8.670000076293945,8.670000076293945,2313.0
2024-03-01 12:29:00,CTMX,2.6700000762939453,2.6700000762939453,2.6700000762939453,2.6700000762939453,2.6700000762939453,177.0
2024-03-01 12:29:00,CTSO,0.949999988079071,0.949999988079071,0.949999988079071,0.949999988079071,0.949999988079071,330.0
2024-03-01 12:29:00,CVAC,3.509999990463257,3.509999990463257,3.509999990463257,3.509999990463257,3.509999990463257,208.0
2024-03-01 12:29:00,CYTK,73.5999984741211,73.5999984741211,73.63999938964844,73.58999633789062,73.58999633789062,1924.0
2024-03-01 12:29:00,CYTO,2.3499999046325684,2.3499999046325684,2.3499999046325684,2.309999942779541,2.309999942779541,1151.0
2024-03-01 12:29:00,DAWN,17.479999542236328,17.479999542236328,17.479999542236328,17.479999542236328,17.479999542236328,279.0
2024-03-01 12:29:00,DCGO,4.114999771118164,4.114999771118164,4.114999771118164,4.110000133514404,4.112500190734863,1374.0
2024-03-01 12:29:00,DCPH,17.5,17.5,17.5,17.44529914855957,17.44529914855957,6515.0
2024-03-01 12:29:00,DERM,4.099999904632568,4.099999904632568,4.099999904632568,4.099999904632568,4.099999904632568,257.0
2024-03-01 12:29:00,DH,8.899999618530273,8.899999618530273,8.989999771118164,8.850000381469727,8.979999542236328,14349.0
2024-03-01 12:29:00,DMTK,0.8690000176429749,0.8690000176429749,0.8690000176429749,0.8689000010490417,0.8689000010490417,278.0
2024-03-01 12:29:00,DNLI,20.850000381469727,20.850000381469727,20.864999771118164,20.850000381469727,20.864999771118164,1441.0
2024-03-01 12:29:00,DTIL,12.255000114440918,12.255000114440918,12.255000114440918,12.220000267028809,12.255000114440918,832.0
2024-03-01 12:29:00,DVAX,12.890000343322754,12.890000343322754,12.890000343322754,12.875,12.880000114440918,3648.0
2024-03-01 12:29:00,DXCM,121.1050033569336,121.1050033569336,121.22699737548828,121.08000183105469,121.2114028930664,5383.0
2024-03-01 12:29:00,DYN,28.290000915527344,28.290000915527344,28.34000015258789,28.280000686645508,28.28499984741211,3444.0
2024-03-01 12:29:00,EDIT,10.829999923706055,10.829999923706055,10.84000015258789,10.819999694824219,10.824899673461914,2106.0
2024-03-01 12:29:00,EGRX,6.800000190734863,6.800000190734863,6.800000190734863,6.789999961853027,6.789999961853027,556.0
2024-03-01 12:29:00,ELEV,4.789999961853027,4.789999961853027,4.789999961853027,4.769899845123291,4.769999980926514,3752.0
2024-03-01 12:29:00,ENTA,15.279999732971191,15.279999732971191,15.279999732971191,15.279999732971191,15.279999732971191,219.0
2024-03-01 12:29:00,ENVB,1.531999945640564,1.531999945640564,1.5399999618530273,1.5199999809265137,1.5199999809265137,8033.0
2024-03-01 12:29:00,EOLS,14.6850004196167,14.6850004196167,14.6850004196167,14.649999618530273,14.649999618530273,2175.0
2024-03-01 12:29:00,ERAS,2.5250000953674316,2.5250000953674316,2.5250000953674316,2.5250000953674316,2.5250000953674316,101.0
2024-03-01 12:29:00,ESPR,2.5450000762939453,2.5450000762939453,2.5450000762939453,2.5399999618530273,2.5399999618530273,8859.0
2024-03-01 12:29:00,ESTA,45.899898529052734,45.899898529052734,45.899898529052734,45.899898529052734,45.899898529052734,593.0
2024-03-01 12:29:00,ETNB,13.095000267028809,13.095000267028809,13.095000267028809,13.095000267028809,13.095000267028809,333.0
2024-03-01 12:29:00,EWTX,17.079999923706055,17.079999923706055,17.079999923706055,17.079999923706055,17.079999923706055,304.0
2024-03-01 12:29:00,EXAI,6.809899806976318,6.809899806976318,6.809899806976318,6.804999828338623,6.804999828338623,1171.0
2024-03-01 12:29:00,EXAS,60.375,60.375,60.375,60.32500076293945,60.34000015258789,2272.0
2024-03-01 12:29:00,EXEL,22.475000381469727,22.475000381469727,22.475000381469727,22.469999313354492,22.469999313354492,1033.0
2024-03-01 12:29:00,EYEN,2.338099956512451,2.338099956512451,2.339900016784668,2.338099956512451,2.339900016784668,1250.0
2024-03-01 12:29:00,EYPT,27.889999389648438,27.889999389648438,27.90999984741211,27.850000381469727,27.850000381469727,1788.0
2024-03-01 12:29:00,FATE,7.559999942779541,7.559999942779541,7.559999942779541,7.5,7.5,3937.0
2024-03-01 12:29:00,FBIO,2.299999952316284,2.299999952316284,2.299999952316284,2.28439998626709,2.28439998626709,14359.0
2024-03-01 12:29:00,FDMT,29.260000228881836,29.260000228881836,29.260000228881836,29.25,29.25,764.0
2024-03-01 12:29:00,FEMY,1.7300000190734863,1.7300000190734863,1.7300000190734863,1.7300000190734863,1.7300000190734863,182.0
2024-03-01 12:29:00,FGEN,1.8600000143051147,1.8600000143051147,1.8600000143051147,1.8600000143051147,1.8600000143051147,1001.0
2024-03-01 12:29:00,FOLD,13.350000381469727,13.350000381469727,13.350000381469727,13.350000381469727,13.350000381469727,1123.0
2024-03-01 12:29:00,FULC,10.859999656677246,10.859999656677246,10.859999656677246,10.859999656677246,10.859999656677246,455.0
2024-03-01 12:29:00,FUSN,12.244999885559082,12.244999885559082,12.260000228881836,12.244999885559082,12.260000228881836,309.0
2024-03-01 12:29:00,GDRX,8.324999809265137,8.324999809265137,8.329999923706055,8.324999809265137,8.329999923706055,316.0
2024-03-01 12:29:00,GERN,2.200000047683716,2.200000047683716,2.200000047683716,2.1921000480651855,2.1921000480651855,4146.0
2024-03-01 12:29:00,GH,19.18000030517578,19.18000030517578,19.18000030517578,19.170000076293945,19.170000076293945,1748.0
2024-03-01 12:29:00,GILD,72.34500122070312,72.34500122070312,72.375,72.34500122070312,72.34500122070312,7540.0
2024-03-01 12:29:00,GLYC,3.0399999618530273,3.0399999618530273,3.0399999618530273,3.0399999618530273,3.0399999618530273,101.0
2024-03-01 12:29:00,GMAB,29.329999923706055,29.329999923706055,29.329999923706055,29.329999923706055,29.329999923706055,232.0
2024-03-01 12:29:00,GOSS,1.3600000143051147,1.3600000143051147,1.3600000143051147,1.3600000143051147,1.3600000143051147,300.0
2024-03-01 12:29:00,GRFS,7.074999809265137,7.074999809265137,7.074999809265137,7.074999809265137,7.074999809265137,201.0
2024-03-01 12:29:00,GRTS,2.180000066757202,2.180000066757202,2.180000066757202,2.1700000762939453,2.1700000762939453,6068.0
2024-03-01 12:29:00,GTHX,3.660099983215332,3.660099983215332,3.6698999404907227,3.660099983215332,3.6698999404907227,2237.0
2024-03-01 12:29:00,HALO,41.61000061035156,41.61000061035156,41.61000061035156,41.60369873046875,41.60369873046875,340.0
2024-03-01 12:29:00,HCAT,8.024999618530273,8.024999618530273,8.024999618530273,8.020000457763672,8.020000457763672,801.0
2024-03-01 12:29:00,HCTI,2.41129994392395,2.41129994392395,2.41129994392395,2.41129994392395,2.41129994392395,778.0
2024-03-01 12:29:00,HLVX,18.8700008392334,18.8700008392334,18.8799991607666,18.8700008392334,18.8799991607666,207.0
2024-03-01 12:29:00,HOLX,73.69000244140625,73.69000244140625,73.72000122070312,73.69000244140625,73.72000122070312,1580.0
2024-03-01 12:29:00,HOWL,6.945000171661377,6.945000171661377,6.945000171661377,6.945000171661377,6.945000171661377,138.0
2024-03-01 12:29:00,HPCO,0.25600001215934753,0.25600001215934753,0.25600001215934753,0.25600001215934753,0.25600001215934753,526.0
2024-03-01 12:29:00,HQY,81.62999725341797,81.62999725341797,81.7300033569336,81.62999725341797,81.7300033569336,1137.0
2024-03-01 12:29:00,HRMY,31.540000915527344,31.540000915527344,31.540000915527344,31.450000762939453,31.450000762939453,1140.0
2024-03-01 12:29:00,HROW,10.850299835205078,10.850299835205078,10.878000259399414,10.850299835205078,10.878000259399414,2689.0
2024-03-01 12:29:00,HRTX,2.609999895095825,2.609999895095825,2.609999895095825,2.6050000190734863,2.6098999977111816,1823.0
2024-03-01 12:29:00,HSCS,0.11919999867677689,0.11919999867677689,0.11919999867677689,0.11919999867677689,0.11919999867677689,100.0
2024-03-01 12:29:00,HSIC,76.87000274658203,76.87000274658203,76.88999938964844,76.87000274658203,76.87999725341797,1005.0
2024-03-01 12:29:00,HUMA,3.444999933242798,3.444999933242798,3.444999933242798,3.444999933242798,3.444999933242798,1216.0
2024-03-01 12:29:00,IART,36.560001373291016,36.560001373291016,36.560001373291016,36.54999923706055,36.560001373291016,1266.0
2024-03-01 12:29:00,IBRX,4.869999885559082,4.869999885559082,4.869999885559082,4.860000133514404,4.869999885559082,1269.0
2024-03-01 12:29:00,IDXX,580.8900146484375,580.8900146484375,580.8900146484375,580.8900146484375,580.8900146484375,793.0
2024-03-01 12:29:00,IDYA,46.314998626708984,46.314998626708984,46.314998626708984,46.314998626708984,46.314998626708984,250.0
2024-03-01 12:29:00,IGMS,13.334799766540527,13.334799766540527,13.334799766540527,13.334799766540527,13.334799766540527,195.0
2024-03-01 12:29:00,ILMN,142.60000610351562,142.60000610351562,142.60000610351562,142.60000610351562,142.60000610351562,1113.0
2024-03-01 12:29:00,IMMX,3.565000057220459,3.565000057220459,3.565000057220459,3.565000057220459,3.565000057220459,121.0
2024-03-01 12:29:00,IMNM,26.100000381469727,26.100000381469727,26.100000381469727,26.059999465942383,26.059999465942383,1048.0
2024-03-01 12:29:00,IMNN,1.100000023841858,1.100000023841858,1.100000023841858,1.100000023841858,1.100000023841858,456.0
2024-03-01 12:29:00,IMTX,12.864999771118164,12.864999771118164,12.864999771118164,12.859999656677246,12.859999656677246,601.0
2024-03-01 12:29:00,IMUX,1.4900000095367432,1.4900000095367432,1.4900000095367432,1.4900000095367432,1.4900000095367432,248.0
2024-03-01 12:29:00,IMVT,36.310001373291016,36.310001373291016,36.36000061035156,36.310001373291016,36.334999084472656,678.0
2024-03-01 12:29:00,INBX,36.71500015258789,36.71500015258789,36.71500015258789,36.71500015258789,36.71500015258789,146.0
2024-03-01 12:29:00,INCY,59.18000030517578,59.18000030517578,59.18000030517578,59.13999938964844,59.13999938964844,1848.0
2024-03-01 12:29:00,INM,0.4000000059604645,0.4000000059604645,0.4000000059604645,0.4000000059604645,0.4000000059604645,150.0
2024-03-01 12:29:00,INMD,22.934999465942383,22.934999465942383,22.934999465942383,22.917999267578125,22.917999267578125,1710.0
2024-03-01 12:29:00,INO,9.369999885559082,9.369999885559082,9.369999885559082,9.335000038146973,9.369999885559082,2471.0
2024-03-01 12:29:00,INSM,28.5,28.5,28.5,28.489999771118164,28.489999771118164,1187.0
2024-03-01 12:29:00,INVA,15.59000015258789,15.59000015258789,15.59000015258789,15.59000015258789,15.59000015258789,217.0
2024-03-01 12:29:00,INZY,6.710000038146973,6.710000038146973,6.710000038146973,6.70989990234375,6.70989990234375,610.0
2024-03-01 12:29:00,IOBT,1.79830002784729,1.79830002784729,1.79830002784729,1.7796000242233276,1.7796000242233276,5186.0
2024-03-01 12:29:00,IONS,45.8849983215332,45.8849983215332,45.88999938964844,45.86000061035156,45.8849983215332,611.0
2024-03-01 12:29:00,IOVA,16.844999313354492,16.844999313354492,16.850000381469727,16.795000076293945,16.799999237060547,77430.0
2024-03-01 12:29:00,IRIX,2.634999990463257,2.634999990463257,2.634999990463257,2.634999990463257,2.634999990463257,511.0
2024-03-01 12:29:00,IRMD,41.970001220703125,41.970001220703125,42.09000015258789,41.970001220703125,42.09000015258789,269.0
2024-03-01 12:29:00,IRWD,9.114999771118164,9.114999771118164,9.119999885559082,9.100000381469727,9.104999542236328,118204.0
2024-03-01 12:29:00,ISRG,394.82000732421875,394.82000732421875,394.8599853515625,394.67999267578125,394.8599853515625,3928.0
2024-03-01 12:29:00,ITRM,1.2461999654769897,1.2461999654769897,1.2461999654769897,1.2461999654769897,1.2461999654769897,1002.0
2024-03-01 12:29:00,IVVD,4.0,4.0,4.010000228881836,4.0,4.010000228881836,4210.0
2024-03-01 12:29:00,JAGX,0.07190000265836716,0.07190000265836716,0.07190000265836716,0.07100000232458115,0.07109999656677246,147305.0
2024-03-01 12:29:00,JAZZ,119.0199966430664,119.0199966430664,119.08000183105469,119.0,119.0199966430664,1502.0
2024-03-01 12:29:00,KALA,7.289999961853027,7.289999961853027,7.289999961853027,7.260000228881836,7.260000228881836,4001.0
2024-03-01 12:29:00,KIDS,27.389999389648438,27.389999389648438,27.389999389648438,27.389999389648438,27.389999389648438,1028.0
2024-03-01 12:29:00,KNSA,21.610000610351562,21.610000610351562,21.635000228881836,21.610000610351562,21.635000228881836,301.0
2024-03-01 12:29:00,KNTE,2.6050000190734863,2.6050000190734863,2.6050000190734863,2.6050000190734863,2.6050000190734863,901.0
2024-03-01 12:29:00,KOD,6.114999771118164,6.114999771118164,6.114999771118164,6.105000019073486,6.105000019073486,1065.0
2024-03-01 12:29:00,KPTI,1.2000000476837158,1.2000000476837158,1.2000000476837158,1.1950000524520874,1.1950000524520874,1454.0
2024-03-01 12:29:00,KURA,21.1200008392334,21.1200008392334,21.1200008392334,21.079999923706055,21.09000015258789,2119.0
2024-03-01 12:29:00,KYMR,43.97999954223633,43.97999954223633,43.97999954223633,43.97999954223633,43.97999954223633,1487.0
2024-03-01 12:29:00,KZR,1.0750000476837158,1.0750000476837158,1.0750000476837158,1.0705000162124634,1.0750000476837158,3201.0
2024-03-01 12:29:00,LAB,2.494999885559082,2.494999885559082,2.494999885559082,2.494999885559082,2.494999885559082,169.0
2024-03-01 12:29:00,LEGN,66.0,66.0,66.05000305175781,65.9800033569336,66.0199966430664,5907.0
2024-03-01 12:29:00,LEXX,2.7400999069213867,2.7400999069213867,2.75,2.7400999069213867,2.7499001026153564,984.0
2024-03-01 12:29:00,LFMD,8.005000114440918,8.005000114440918,8.005000114440918,8.0,8.0,1100.0
2024-03-01 12:29:00,LFST,7.90500020980835,7.90500020980835,7.90500020980835,7.90500020980835,7.90500020980835,346.0
2024-03-01 12:29:00,LIVN,55.5099983215332,55.5099983215332,55.5099983215332,55.5099983215332,55.5099983215332,639.0
2024-03-01 12:29:00,LNTH,65.41999816894531,65.41999816894531,65.4800033569336,65.41999816894531,65.4800033569336,1229.0
2024-03-01 12:29:00,LQDA,14.420000076293945,14.420000076293945,14.420000076293945,14.404999732971191,14.40999984741211,809.0
2024-03-01 12:29:00,LVTX,2.994999885559082,2.994999885559082,3.009999990463257,2.990000009536743,3.009999990463257,15789.0
2024-03-01 12:29:00,LXRX,2.490000009536743,2.490000009536743,2.494999885559082,2.490000009536743,2.494999885559082,881.0
2024-03-01 12:29:00,LYEL,3.1449999809265137,3.1449999809265137,3.1500000953674316,3.1449999809265137,3.1500000953674316,3447.0
2024-03-01 12:29:00,MASI,128.27000427246094,128.27000427246094,128.27000427246094,128.27000427246094,128.27000427246094,103.0
2024-03-01 12:29:00,MASS,7.385000228881836,7.385000228881836,7.385000228881836,7.385000228881836,7.385000228881836,416.0
2024-03-01 12:29:00,MCRB,1.2050000429153442,1.2050000429153442,1.2050000429153442,1.2000000476837158,1.2000000476837158,685.0
2024-03-01 12:29:00,MDGL,247.5,247.5,247.5,247.5,247.5,447.0
2024-03-01 12:29:00,MDRX,6.039999961853027,6.039999961853027,6.039999961853027,6.03000020980835,6.039999961853027,32442.0
2024-03-01 12:29:00,MDXG,8.604999542236328,8.604999542236328,8.604999542236328,8.600000381469727,8.604999542236328,3151.0
2024-03-01 12:29:00,ME,0.569599986076355,0.569599986076355,0.5706999897956848,0.5687000155448914,0.5706999897956848,13872.0
2024-03-01 12:29:00,MGNX,18.780000686645508,18.780000686645508,18.780000686645508,18.75,18.75,2926.0
2024-03-01 12:29:00,MIRM,29.829999923706055,29.829999923706055,29.829999923706055,29.829999923706055,29.829999923706055,644.0
2024-03-01 12:29:00,MLTX,51.83000183105469,51.83000183105469,51.83250045776367,51.790000915527344,51.790000915527344,420.0
2024-03-01 12:29:00,MNKD,4.530099868774414,4.530099868774414,4.539999961853027,4.53000020980835,4.53000020980835,13532.0
2024-03-01 12:29:00,MNMD,6.119999885559082,6.119999885559082,6.119999885559082,6.114999771118164,6.119999885559082,491.0
2024-03-01 12:29:00,MNPR,0.8281999826431274,0.8281999826431274,0.8281999826431274,0.8281999826431274,0.8281999826431274,980.0
2024-03-01 12:29:00,MODD,1.9299999475479126,1.9299999475479126,1.9299999475479126,1.9299999475479126,1.9299999475479126,200.0
2024-03-01 12:29:00,MODV,27.954999923706055,27.954999923706055,28.049999237060547,27.954999923706055,28.049999237060547,2215.0
2024-03-01 12:29:00,MRAI,1.6050000190734863,1.6050000190734863,1.6050000190734863,1.6050000190734863,1.6050000190734863,450.0
2024-03-01 12:29:00,MREO,3.8399999141693115,3.8399999141693115,3.8450000286102295,3.8399999141693115,3.8450000286102295,302.0
2024-03-01 12:29:00,MRNA,96.39689636230469,96.39689636230469,96.39689636230469,96.33999633789062,96.3499984741211,2321.0
2024-03-01 12:29:00,MRSN,5.994999885559082,5.994999885559082,6.0,5.989999771118164,5.989999771118164,1900.0
2024-03-01 12:29:00,MRUS,51.685001373291016,51.685001373291016,51.685001373291016,51.685001373291016,51.685001373291016,456.0
2024-03-01 12:29:00,MXCT,4.769999980926514,4.769999980926514,4.769999980926514,4.769999980926514,4.769999980926514,154.0
2024-03-01 12:29:00,MYGN,21.559999465942383,21.559999465942383,21.559999465942383,21.559999465942383,21.559999465942383,283.0
2024-03-01 12:29:00,NARI,45.900001525878906,45.900001525878906,45.970001220703125,45.83000183105469,45.84000015258789,2556.0
2024-03-01 12:29:00,NAUT,2.6700000762939453,2.6700000762939453,2.6700000762939453,2.6700000762939453,2.6700000762939453,325.0
2024-03-01 12:29:00,NBIX,131.00999450683594,131.00999450683594,131.02999877929688,130.9550018310547,130.9550018310547,1616.0
2024-03-01 12:29:00,NEO,16.09000015258789,16.09000015258789,16.09000015258789,16.09000015258789,16.09000015258789,312.0
2024-03-01 12:29:00,NEOG,17.375,17.375,17.375,17.375,17.375,244.0
2024-03-01 12:29:00,NERV,2.5650999546051025,2.5650999546051025,2.5650999546051025,2.5650999546051025,2.5650999546051025,144.0
2024-03-01 12:29:00,NGM,1.5299999713897705,1.5299999713897705,1.5299999713897705,1.5299999713897705,1.5299999713897705,360.0
2024-03-01 12:29:00,NKTR,0.7742999792098999,0.7742999792098999,0.7742999792098999,0.7732250094413757,0.7742999792098999,400.0
2024-03-01 12:29:00,NKTX,12.949999809265137,12.949999809265137,12.949999809265137,12.890000343322754,12.890000343322754,5902.0
2024-03-01 12:29:00,NNOX,11.175000190734863,11.175000190734863,11.175000190734863,11.170000076293945,11.175000190734863,1203.0
2024-03-01 12:29:00,NRBO,5.880000114440918,5.880000114440918,5.880000114440918,5.824999809265137,5.824999809265137,741.0
2024-03-01 12:29:00,NRIX,13.5,13.5,13.5,13.479999542236328,13.479999542236328,1613.0
2024-03-01 12:29:00,NRSN,2.109999895095825,2.109999895095825,2.109999895095825,2.0999999046325684,2.109999895095825,5750.0
2024-03-01 12:29:00,NRXP,0.41624999046325684,0.41624999046325684,0.41999998688697815,0.414000004529953,0.414000004529953,8591.0
2024-03-01 12:29:00,NTLA,33.46889877319336,33.46889877319336,33.470001220703125,33.46889877319336,33.470001220703125,469.0
2024-03-01 12:29:00,NTRA,89.06999969482422,89.06999969482422,89.07499694824219,89.01000213623047,89.01000213623047,4105.0
2024-03-01 12:29:00,NUTX,0.1137000024318695,0.1137000024318695,0.11400000005960464,0.11339999735355377,0.11400000005960464,27145.0
2024-03-01 12:29:00,NVAX,5.119999885559082,5.119999885559082,5.128799915313721,5.119999885559082,5.125,686.0
2024-03-01 12:29:00,NVCR,15.989999771118164,15.989999771118164,15.989999771118164,15.989999771118164,15.989999771118164,264.0
2024-03-01 12:29:00,OCGN,0.933650016784668,0.933650016784668,0.933650016784668,0.933650016784668,0.933650016784668,1412.0
2024-03-01 12:29:00,OCUL,10.75,10.75,10.760100364685059,10.75,10.760000228881836,7700.0
2024-03-01 12:29:00,OGI,2.185800075531006,2.185800075531006,2.185800075531006,2.185800075531006,2.185800075531006,1298.0
2024-03-01 12:29:00,OKYO,1.4500000476837158,1.4500000476837158,1.4500000476837158,1.4199999570846558,1.4199999570846558,1621.0
2024-03-01 12:29:00,OLMA,14.149999618530273,14.149999618530273,14.180100440979004,14.095000267028809,14.095000267028809,3443.0
2024-03-01 12:29:00,OMCL,26.549999237060547,26.549999237060547,26.56999969482422,26.549999237060547,26.56999969482422,2870.0
2024-03-01 12:29:00,OMER,4.730000019073486,4.730000019073486,4.730000019073486,4.730000019073486,4.730000019073486,236.0
2024-03-01 12:30:00,ABCL,5.195000171661377,5.195000171661377,5.199999809265137,5.195000171661377,5.199999809265137,4191.0
2024-03-01 12:30:00,ABOS,4.690000057220459,4.690000057220459,4.690000057220459,4.690000057220459,4.690000057220459,561.0
2024-03-01 12:30:00,ABSI,5.260000228881836,5.260000228881836,5.260000228881836,5.239999771118164,5.25,7988.0
2024-03-01 12:30:00,ABUS,2.779099941253662,2.779099941253662,2.779099941253662,2.779099941253662,2.779099941253662,882.0
2024-03-01 12:30:00,ABVC,1.1706000566482544,1.1706000566482544,1.1706000566482544,1.1706000566482544,1.1706000566482544,208.0
2024-03-01 12:30:00,ACAD,24.229999542236328,24.229999542236328,24.25,24.209999084472656,24.209999084472656,3220.0
2024-03-01 12:30:00,ACB,3.184999942779541,3.184999942779541,3.184999942779541,3.180000066757202,3.180000066757202,498.0
2024-03-01 12:30:00,ACCD,10.199999809265137,10.199999809265137,10.199999809265137,10.199999809265137,10.199999809265137,137.0
2024-03-01 12:30:00,ACET,2.4049999713897705,2.4049999713897705,2.4049999713897705,2.4049999713897705,2.4049999713897705,3645.0
2024-03-01 12:30:00,ACHC,84.27999877929688,84.27999877929688,84.27999877929688,84.27999877929688,84.27999877929688,1306.0
2024-03-01 12:30:00,ACLX,67.2699966430664,67.2699966430664,67.2699966430664,67.2249984741211,67.2249984741211,545.0
2024-03-01 12:30:00,ACRS,1.2350000143051147,1.2350000143051147,1.2400000095367432,1.2350000143051147,1.2400000095367432,230.0
2024-03-01 12:30:00,ADIL,3.180000066757202,3.180000066757202,3.2302000522613525,3.1700000762939453,3.200000047683716,15856.0
2024-03-01 12:30:00,ADMA,5.440000057220459,5.440000057220459,5.440000057220459,5.434999942779541,5.436999797821045,1234.0
2024-03-01 12:30:00,ADPT,4.195000171661377,4.195000171661377,4.195000171661377,4.195000171661377,4.195000171661377,100.0
2024-03-01 12:30:00,ADVM,1.9700000286102295,1.9700000286102295,1.9700000286102295,1.965000033378601,1.9700000286102295,6217.0
2024-03-01 12:30:00,AFIB,0.21400000154972076,0.21400000154972076,0.2142000049352646,0.21220000088214874,0.21220000088214874,1917.0
2024-03-01 12:30:00,AFMD,0.6248990297317505,0.6248990297317505,0.6248990297317505,0.6248990297317505,0.6248990297317505,1365.0
2024-03-01 12:30:00,AGEN,0.6738499999046326,0.6738499999046326,0.6739000082015991,0.673799991607666,0.6739000082015991,2595.0
2024-03-01 12:30:00,AGIO,32.880001068115234,32.880001068115234,32.88999938964844,32.845001220703125,32.849998474121094,1632.0
2024-03-01 12:30:00,AHCO,10.800000190734863,10.800000190734863,10.8100004196167,10.795000076293945,10.795000076293945,3282.0
2024-03-01 12:30:00,AIRS,6.519999980926514,6.519999980926514,6.519999980926514,6.519999980926514,6.519999980926514,100.0
2024-03-01 12:30:00,AKAN,0.24009999632835388,0.24009999632835388,0.24150000512599945,0.24009999632835388,0.24150000512599945,1416.0
2024-03-01 12:30:00,AKBA,1.680999994277954,1.680999994277954,1.690000057220459,1.6799999475479126,1.6799999475479126,1031.0
2024-03-01 12:30:00,AKRO,30.229999542236328,30.229999542236328,30.229999542236328,30.229999542236328,30.229999542236328,413.0
2024-03-01 12:30:00,AKYA,6.099999904632568,6.099999904632568,6.099999904632568,6.099999904632568,6.099999904632568,139.0
2024-03-01 12:30:00,ALDX,4.139999866485596,4.139999866485596,4.139999866485596,4.139999866485596,4.139999866485596,121.0
2024-03-01 12:30:00,ALEC,7.360000133514404,7.360000133514404,7.360000133514404,7.360000133514404,7.360000133514404,214.0
2024-03-01 12:30:00,ALGN,303.3599853515625,303.3599853515625,303.3599853515625,303.3599853515625,303.3599853515625,764.0
2024-03-01 12:30:00,ALGS,1.1299999952316284,1.1299999952316284,1.1299999952316284,1.1200000047683716,1.1200000047683716,13710.0
2024-03-01 12:30:00,ALHC,5.739999771118164,5.739999771118164,5.744999885559082,5.730000019073486,5.730000019073486,2058.0
2024-03-01 12:30:00,ALKS,30.030000686645508,30.030000686645508,30.030000686645508,29.989999771118164,29.989999771118164,2485.0
2024-03-01 12:30:00,ALLK,1.6074999570846558,1.6074999570846558,1.6100000143051147,1.6074999570846558,1.6100000143051147,504.0
2024-03-01 12:30:00,ALLO,5.039999961853027,5.039999961853027,5.039999961853027,5.034999847412109,5.034999847412109,2754.0
2024-03-01 12:30:00,ALNY,154.55999755859375,154.55999755859375,154.55999755859375,154.5500030517578,154.5500030517578,214.0
2024-03-01 12:30:00,ALPN,35.79499816894531,35.79499816894531,35.79999923706055,35.750999450683594,35.750999450683594,3035.0
2024-03-01 12:30:00,ALT,12.0,12.0,12.039999961853027,12.0,12.013699531555176,8720.0
2024-03-01 12:30:00,ALVO,15.6899995803833,15.6899995803833,15.699999809265137,15.6899995803833,15.699999809265137,1034.0
2024-03-01 12:30:00,ALVR,0.7541000247001648,0.7541000247001648,0.7541000247001648,0.7541000247001648,0.7541000247001648,110.0
2024-03-01 12:30:00,ALXO,14.989999771118164,14.989999771118164,14.989999771118164,14.989999771118164,14.989999771118164,570.0
2024-03-01 12:30:00,AMED,93.18000030517578,93.18000030517578,93.23999786376953,93.18000030517578,93.23999786376953,265.0
2024-03-01 12:30:00,AMGN,281.30499267578125,281.30499267578125,281.3349914550781,281.2699890136719,281.2799987792969,2820.0
2024-03-01 12:30:00,AMLX,18.829999923706055,18.829999923706055,18.850000381469727,18.829999923706055,18.829999923706055,916.0
2024-03-01 12:30:00,AMPH,45.310001373291016,45.310001373291016,45.36000061035156,45.260101318359375,45.27000045776367,4535.0
2024-03-01 12:30:00,AMRN,1.0549999475479126,1.0549999475479126,1.059999942779541,1.0549999475479126,1.0549999475479126,615.0
2024-03-01 12:30:00,ANAB,25.420000076293945,25.420000076293945,25.420000076293945,25.420000076293945,25.420000076293945,566.0
2024-03-01 12:30:00,ANGO,5.485000133514404,5.485000133514404,5.485000133514404,5.485000133514404,5.485000133514404,551.0
2024-03-01 12:30:00,ANIP,66.12000274658203,66.12000274658203,66.18000030517578,66.0999984741211,66.18000030517578,873.0
2024-03-01 12:30:00,ANIX,3.5399999618530273,3.5399999618530273,3.5399999618530273,3.5399999618530273,3.5399999618530273,138.0
2024-03-01 12:30:00,ANNX,5.980000019073486,5.980000019073486,5.989999771118164,5.980000019073486,5.989999771118164,410.0
2024-03-01 12:30:00,APLS,64.98500061035156,64.98500061035156,65.0199966430664,64.91500091552734,64.91500091552734,7827.0
2024-03-01 12:30:00,APLT,7.090000152587891,7.090000152587891,7.090000152587891,7.090000152587891,7.090000152587891,391.0
2024-03-01 12:30:00,APRE,8.649999618530273,8.649999618530273,8.649999618530273,8.649999618530273,8.649999618530273,283.0
2024-03-01 12:30:00,APVO,0.1597999930381775,0.1597999930381775,0.1597999930381775,0.1597999930381775,0.1597999930381775,325.0
2024-03-01 12:30:00,AQST,4.289999961853027,4.289999961853027,4.289999961853027,4.277299880981445,4.277299880981445,6600.0
2024-03-01 12:30:00,ARAY,2.634999990463257,2.634999990463257,2.640000104904175,2.634999990463257,2.640000104904175,3436.0
2024-03-01 12:30:00,ARCT,39.630001068115234,39.630001068115234,39.63999938964844,39.630001068115234,39.630001068115234,1498.0
2024-03-01 12:30:00,ARDX,9.660499572753906,9.660499572753906,9.660499572753906,9.660499572753906,9.660499572753906,482.0
2024-03-01 12:30:00,ARGX,391.0299987792969,391.0299987792969,391.0299987792969,391.0299987792969,391.0299987792969,122.0
2024-03-01 12:30:00,ARQT,11.706299781799316,11.706299781799316,11.710000038146973,11.6899995803833,11.6899995803833,7234.0
2024-03-01 12:30:00,ARVN,49.310001373291016,49.310001373291016,49.310001373291016,49.310001373291016,49.310001373291016,320.0
2024-03-01 12:30:00,ARWR,35.93000030517578,35.93000030517578,35.959999084472656,35.900001525878906,35.900001525878906,1257.0
2024-03-01 12:30:00,ASRT,0.9261000156402588,0.9261000156402588,0.9366999864578247,0.9261000156402588,0.9354249835014343,7164.0
2024-03-01 12:30:00,ATAI,2.1050000190734863,2.1050000190734863,2.1050000190734863,2.0999999046325684,2.0999999046325684,8136.0
2024-03-01 12:30:00,ATEC,13.550000190734863,13.550000190734863,13.550000190734863,13.550000190734863,13.550000190734863,4448.0
2024-03-01 12:30:00,ATRA,0.7940999865531921,0.7940999865531921,0.7940999865531921,0.7940999865531921,0.7940999865531921,101.0
2024-03-01 12:30:00,ATXS,15.020000457763672,15.020000457763672,15.020000457763672,15.0,15.0,1517.0
2024-03-01 12:30:00,AUGX,4.550000190734863,4.550000190734863,4.599999904632568,4.550000190734863,4.590000152587891,2312.0
2024-03-01 12:30:00,AUPH,5.875,5.875,5.875,5.875,5.875,647.0
2024-03-01 12:30:00,AURA,9.420000076293945,9.420000076293945,9.449999809265137,9.420000076293945,9.420000076293945,349.0
2024-03-01 12:30:00,AUTL,6.349999904632568,6.349999904632568,6.349999904632568,6.349999904632568,6.349999904632568,838.0
2024-03-01 12:30:00,AVDL,12.904999732971191,12.904999732971191,12.904999732971191,12.899999618530273,12.899999618530273,500.0
2024-03-01 12:30:00,AVTE,23.364999771118164,23.364999771118164,23.90999984741211,23.364999771118164,23.850000381469727,643.0
2024-03-01 12:30:00,AVXL,5.379899978637695,5.379899978637695,5.380000114440918,5.370100021362305,5.3765997886657715,3376.0
2024-03-01 12:30:00,AXSM,82.51499938964844,82.51499938964844,82.51499938964844,82.51499938964844,82.51499938964844,100.0
2024-03-01 12:30:00,AZN,64.69499969482422,64.69499969482422,64.69999694824219,64.69499969482422,64.69629669189453,3001.0
2024-03-01 12:30:00,AZTA,66.75,66.75,66.75,66.75,66.75,363.0
2024-03-01 12:30:00,BBIO,36.040000915527344,36.040000915527344,36.04999923706055,36.029998779296875,36.029998779296875,1186.0
2024-03-01 12:30:00,BBLG,2.319999933242798,2.319999933242798,2.319999933242798,2.319999933242798,2.319999933242798,106.0
2024-03-01 12:30:00,BCEL,0.2653000056743622,0.2653000056743622,0.2653000056743622,0.2653000056743622,0.2653000056743622,2500.0
2024-03-01 12:30:00,BCRX,5.760000228881836,5.760000228881836,5.784999847412109,5.760000228881836,5.784999847412109,12465.0
2024-03-01 12:30:00,BCYC,25.934999465942383,25.934999465942383,25.934999465942383,25.934999465942383,25.934999465942383,425.0
2024-03-01 12:30:00,BDTX,4.994999885559082,4.994999885559082,4.994999885559082,4.989999771118164,4.989999771118164,560.0
2024-03-01 12:30:00,BEAM,40.16999816894531,40.16999816894531,40.16999816894531,40.1150016784668,40.1150016784668,1939.0
2024-03-01 12:30:00,BEAT,1.4950000047683716,1.4950000047683716,1.4950000047683716,1.4950000047683716,1.4950000047683716,236.0
2024-03-01 12:30:00,BGNE,166.77000427246094,166.77000427246094,166.77000427246094,166.77000427246094,166.77000427246094,221.0
2024-03-01 12:30:00,BGXX,0.27090001106262207,0.27090001106262207,0.2709999978542328,0.27090001106262207,0.27090001106262207,1095.0
2024-03-01 12:30:00,BIIB,220.99000549316406,220.99000549316406,220.99000549316406,220.99000549316406,220.99000549316406,880.0
2024-03-01 12:30:00,BIOL,0.1379999965429306,0.1379999965429306,0.1379999965429306,0.1379999965429306,0.1379999965429306,1816.0
2024-03-01 12:30:00,BIOR,1.184999942779541,1.184999942779541,1.184999942779541,1.184999942779541,1.184999942779541,229.0
2024-03-01 12:30:00,BIVI,1.840000033378601,1.840000033378601,1.8700000047683716,1.8300000429153442,1.8557000160217285,72588.0
2024-03-01 12:30:00,BLUE,1.5850000381469727,1.5850000381469727,1.587499976158142,1.5801000595092773,1.580299973487854,2525.0
2024-03-01 12:30:00,BMEA,17.969999313354492,17.969999313354492,17.969999313354492,17.969999313354492,17.969999313354492,146.0
2024-03-01 12:30:00,BMRN,87.25,87.25,87.25,87.23999786376953,87.23999786376953,571.0
2024-03-01 12:30:00,BNGO,1.25,1.25,1.25,1.2450000047683716,1.2450000047683716,257.0
2024-03-01 12:30:00,BRKR,88.33000183105469,88.33000183105469,88.38999938964844,88.33000183105469,88.37000274658203,2758.0
2024-03-01 12:30:00,BTAI,3.2300000190734863,3.2300000190734863,3.2300000190734863,3.2300000190734863,3.2300000190734863,1929.0
2024-03-01 12:30:00,BTTX,0.1729000061750412,0.1729000061750412,0.17499999701976776,0.1729000061750412,0.17499999701976776,4404.0
2024-03-01 12:30:00,BVS,4.71999979019165,4.71999979019165,4.71999979019165,4.71999979019165,4.71999979019165,481.0
2024-03-01 12:30:00,BWAY,6.53000020980835,6.53000020980835,6.53000020980835,6.53000020980835,6.53000020980835,404.0
2024-03-01 12:30:00,BYSI,1.5,1.5,1.5,1.5,1.5,349.0
2024-03-01 12:30:00,CABA,23.979999542236328,23.979999542236328,23.979999542236328,23.959999084472656,23.969999313354492,1705.0
2024-03-01 12:30:00,CARA,0.8999999761581421,0.8999999761581421,0.8999999761581421,0.8999999761581421,0.8999999761581421,3035.0
2024-03-01 12:30:00,CBAY,32.2400016784668,32.2400016784668,32.2400016784668,32.2400016784668,32.2400016784668,738.0
2024-03-01 12:30:00,CCCC,10.869999885559082,10.869999885559082,10.920000076293945,10.869999885559082,10.904999732971191,4673.0
2024-03-01 12:30:00,CDMO,8.109999656677246,8.109999656677246,8.109999656677246,8.109999656677246,8.109999656677246,404.0
2024-03-01 12:30:00,CDNA,12.279999732971191,12.279999732971191,12.300000190734863,12.274999618530273,12.300000190734863,2942.0
2024-03-01 12:30:00,CDXS,4.5,4.5,4.5,4.46999979019165,4.46999979019165,7099.0
2024-03-01 12:30:00,CELC,16.049999237060547,16.049999237060547,16.049999237060547,16.049999237060547,16.049999237060547,133.0
2024-03-01 12:30:00,CERE,41.099998474121094,41.099998474121094,41.10499954223633,41.099998474121094,41.10499954223633,2915.0
2024-03-01 12:30:00,CERS,2.2149999141693115,2.2149999141693115,2.2149999141693115,2.2100000381469727,2.2100000381469727,618.0
2024-03-01 12:30:00,CERT,17.700000762939453,17.700000762939453,17.700000762939453,17.639999389648438,17.670000076293945,3015.0
2024-03-01 12:30:00,CGC,3.2613000869750977,3.2613000869750977,3.265000104904175,3.259999990463257,3.265000104904175,6974.0
2024-03-01 12:30:00,CGEM,19.020000457763672,19.020000457763672,19.030000686645508,19.010000228881836,19.02899932861328,2426.0
2024-03-01 12:30:00,CHRS,2.369999885559082,2.369999885559082,2.371500015258789,2.369999885559082,2.371500015258789,7529.0
2024-03-01 12:30:00,CLDX,50.650001525878906,50.650001525878906,51.03499984741211,50.650001525878906,50.9900016784668,5932.0
2024-03-01 12:30:00,CLNN,0.3874000012874603,0.3874000012874603,0.3874000012874603,0.3874000012874603,0.3874000012874603,1047.0
2024-03-01 12:30:00,CLOV,0.8654000163078308,0.8654000163078308,0.8655999898910522,0.8654000163078308,0.8655999898910522,4558.0
2024-03-01 12:30:00,CLRB,4.130000114440918,4.130000114440918,4.130000114440918,4.125,4.125199794769287,1021.0
2024-03-01 12:30:00,CMPS,11.460000038146973,11.460000038146973,11.460000038146973,11.430000305175781,11.430000305175781,630.0
2024-03-01 12:30:00,CMRX,1.1449999809265137,1.1449999809265137,1.1449999809265137,1.1449999809265137,1.1449999809265137,510.0
2024-03-01 12:30:00,CNSP,0.3199999928474426,0.3199999928474426,0.3199999928474426,0.3149000108242035,0.3149000108242035,2164.0
2024-03-01 12:30:00,COGT,7.224999904632568,7.224999904632568,7.230000019073486,7.224999904632568,7.230000019073486,3562.0
2024-03-01 12:30:00,CORT,24.09000015258789,24.09000015258789,24.09000015258789,24.09000015258789,24.09000015258789,537.0
2024-03-01 12:30:00,CPRX,17.040000915527344,17.040000915527344,17.059900283813477,17.040000915527344,17.05500030517578,4120.0
2024-03-01 12:30:00,CPSI,9.470000267028809,9.470000267028809,9.470000267028809,9.470000267028809,9.470000267028809,134.0
2024-03-01 12:30:00,CRBP,32.025001525878906,32.025001525878906,32.025001525878906,32.025001525878906,32.025001525878906,153.0
2024-03-01 12:30:00,CRBU,8.015000343322754,8.015000343322754,8.015000343322754,8.015000343322754,8.015000343322754,387.0
2024-03-01 12:30:00,CRDF,2.2999000549316406,2.2999000549316406,2.299999952316284,2.2899999618530273,2.2899999618530273,10527.0
2024-03-01 12:30:00,CRNX,46.244998931884766,46.244998931884766,46.244998931884766,46.040000915527344,46.060001373291016,2812.0
2024-03-01 12:30:00,CRON,2.0508999824523926,2.0508999824523926,2.059999942779541,2.050100088119507,2.0515999794006348,11605.0
2024-03-01 12:30:00,CRSP,85.47059631347656,85.47059631347656,85.53199768066406,85.43000030517578,85.43000030517578,1937.0
2024-03-01 12:30:00,CTKB,8.6899995803833,8.6899995803833,8.6899995803833,8.6899995803833,8.6899995803833,746.0
2024-03-01 12:30:00,CTMX,2.680000066757202,2.680000066757202,2.680000066757202,2.6700000762939453,2.6700000762939453,831.0
2024-03-01 12:30:00,CUTR,2.424999952316284,2.424999952316284,2.430000066757202,2.4200000762939453,2.4200000762939453,8238.0
2024-03-01 12:30:00,CVRX,20.440000534057617,20.440000534057617,20.440000534057617,20.440000534057617,20.440000534057617,402.0
2024-03-01 12:30:00,CYTK,73.52749633789062,73.52749633789062,73.66999816894531,73.5,73.63999938964844,12779.0
2024-03-01 12:30:00,CYTO,2.3499999046325684,2.3499999046325684,2.4000000953674316,2.3159000873565674,2.3159000873565674,8470.0
2024-03-01 12:30:00,DAWN,17.5049991607666,17.5049991607666,17.5049991607666,17.479999542236328,17.479999542236328,1650.0
2024-03-01 12:30:00,DCGO,4.112500190734863,4.112500190734863,4.114999771118164,4.112500190734863,4.114999771118164,350.0
2024-03-01 12:30:00,DCPH,17.5,17.5,17.5,17.5,17.5,551.0
2024-03-01 12:30:00,DMTK,0.8690000176429749,0.8690000176429749,0.8690000176429749,0.8689000010490417,0.8690000176429749,917.0
2024-03-01 12:30:00,DNLI,20.8700008392334,20.8700008392334,20.8700008392334,20.864999771118164,20.864999771118164,407.0
2024-03-01 12:30:00,DTIL,12.210000038146973,12.210000038146973,12.249899864196777,12.210000038146973,12.210000038146973,2542.0
2024-03-01 12:30:00,DVAX,12.875,12.875,12.885000228881836,12.875,12.885000228881836,1614.0
2024-03-01 12:30:00,DXCM,121.06500244140625,121.06500244140625,121.12999725341797,121.05000305175781,121.08000183105469,5972.0
2024-03-01 12:30:00,DYN,28.25189971923828,28.25189971923828,28.25189971923828,28.219999313354492,28.219999313354492,1239.0
2024-03-01 12:30:00,EDIT,10.829999923706055,10.829999923706055,10.829999923706055,10.824999809265137,10.829899787902832,3878.0
2024-03-01 12:30:00,EGRX,6.780099868774414,6.780099868774414,6.780099868774414,6.780099868774414,6.780099868774414,445.0
2024-03-01 12:30:00,ELEV,4.760000228881836,4.760000228881836,4.789999961853027,4.760000228881836,4.789999961853027,301.0
2024-03-01 12:30:00,EMBC,14.430000305175781,14.430000305175781,14.430000305175781,14.430000305175781,14.430000305175781,267.0
2024-03-01 12:30:00,ENLV,3.299999952316284,3.299999952316284,3.299999952316284,3.299999952316284,3.299999952316284,907.0
2024-03-01 12:30:00,ENTA,15.3100004196167,15.3100004196167,15.329999923706055,15.300000190734863,15.300000190734863,554.0
2024-03-01 12:30:00,ENVB,1.5388000011444092,1.5388000011444092,1.5399999618530273,1.5299999713897705,1.5299999713897705,1979.0
2024-03-01 12:30:00,ERAS,2.5299999713897705,2.5299999713897705,2.5299999713897705,2.5250000953674316,2.5250000953674316,212.0
2024-03-01 12:30:00,ESPR,2.54010009765625,2.54010009765625,2.5450000762939453,2.54010009765625,2.5450000762939453,1570.0
2024-03-01 12:30:00,ETNB,13.130000114440918,13.130000114440918,13.130000114440918,13.109999656677246,13.109999656677246,2833.0
2024-03-01 12:30:00,EWTX,17.100000381469727,17.100000381469727,17.110000610351562,17.084999084472656,17.09000015258789,2635.0
2024-03-01 12:30:00,EXAI,6.809999942779541,6.809999942779541,6.809999942779541,6.800099849700928,6.800099849700928,1836.0
2024-03-01 12:30:00,EXAS,60.39500045776367,60.39500045776367,60.39500045776367,60.369998931884766,60.375,777.0
2024-03-01 12:30:00,EXEL,22.485000610351562,22.485000610351562,22.485000610351562,22.475099563598633,22.475099563598633,3448.0
2024-03-01 12:30:00,EYEN,2.359999895095825,2.359999895095825,2.359999895095825,2.3299999237060547,2.337399959564209,11209.0
2024-03-01 12:30:00,EYPT,27.979999542236328,27.979999542236328,27.979999542236328,27.940000534057617,27.940000534057617,485.0
2024-03-01 12:30:00,FATE,7.570000171661377,7.570000171661377,7.570000171661377,7.550000190734863,7.554999828338623,2704.0
2024-03-01 12:30:00,FDMT,29.2549991607666,29.2549991607666,29.2549991607666,29.2549991607666,29.2549991607666,452.0
2024-03-01 12:30:00,FENC,9.819999694824219,9.819999694824219,9.819999694824219,9.819999694824219,9.819999694824219,288.0
2024-03-01 12:30:00,FGEN,1.8600000143051147,1.8600000143051147,1.8600000143051147,1.8600000143051147,1.8600000143051147,722.0
2024-03-01 12:30:00,FLGT,23.283700942993164,23.283700942993164,23.283700942993164,23.260000228881836,23.260000228881836,569.0
2024-03-01 12:30:00,FOLD,13.345000267028809,13.345000267028809,13.359999656677246,13.34000015258789,13.359999656677246,3987.0
2024-03-01 12:30:00,FULC,10.88010025024414,10.88010025024414,10.895000457763672,10.88010025024414,10.890000343322754,930.0
2024-03-01 12:30:00,FUSN,12.244999885559082,12.244999885559082,12.244999885559082,12.244999885559082,12.244999885559082,179.0
2024-03-01 12:30:00,FWBI,8.494999885559082,8.494999885559082,8.5,8.359999656677246,8.368800163269043,956.0
2024-03-01 12:30:00,GBIO,2.6600000858306885,2.6600000858306885,2.6600000858306885,2.6600000858306885,2.6600000858306885,342.0
2024-03-01 12:30:00,GCTK,0.30720001459121704,0.30720001459121704,0.30720001459121704,0.30720001459121704,0.30720001459121704,100.0
2024-03-01 12:30:00,GDRX,8.324999809265137,8.324999809265137,8.32979965209961,8.319999694824219,8.32979965209961,1506.0
2024-03-01 12:30:00,GERN,2.200000047683716,2.200000047683716,2.200000047683716,2.194000005722046,2.200000047683716,38695.0
2024-03-01 12:30:00,GH,19.19499969482422,19.19499969482422,19.19499969482422,19.190000534057617,19.190000534057617,473.0
2024-03-01 12:30:00,GHSI,8.380000114440918,8.380000114440918,8.380000114440918,8.369999885559082,8.369999885559082,200.0
2024-03-01 12:30:00,GILD,72.3550033569336,72.3550033569336,72.36499786376953,72.3499984741211,72.3550033569336,5080.0
2024-03-01 12:30:00,GLYC,3.0399999618530273,3.0399999618530273,3.0399999618530273,3.0299999713897705,3.0299999713897705,981.0
2024-03-01 12:30:00,GMAB,29.329999923706055,29.329999923706055,29.329999923706055,29.329999923706055,29.329999923706055,526.0
2024-03-01 12:30:00,GOSS,1.3600000143051147,1.3600000143051147,1.3600000143051147,1.3600000143051147,1.3600000143051147,924.0
2024-03-01 12:30:00,GRFS,7.071499824523926,7.071499824523926,7.074999809265137,7.071499824523926,7.074999809265137,696.0
2024-03-01 12:30:00,GRPH,3.4791998863220215,3.4791998863220215,3.4791998863220215,3.4749999046325684,3.4749999046325684,720.0
2024-03-01 12:30:00,GRTS,2.194999933242798,2.194999933242798,2.200000047683716,2.1700000762939453,2.1700000762939453,17092.0
2024-03-01 12:30:00,GTHX,3.684999942779541,3.684999942779541,3.684999942779541,3.6700000762939453,3.6700000762939453,9601.0
2024-03-01 12:30:00,HALO,41.61000061035156,41.61000061035156,41.61000061035156,41.584999084472656,41.584999084472656,769.0
2024-03-01 12:30:00,HARP,22.940000534057617,22.940000534057617,22.940000534057617,22.940000534057617,22.940000534057617,165.0
2024-03-01 12:30:00,HCAT,8.024999618530273,8.024999618530273,8.024999618530273,8.020000457763672,8.020000457763672,344.0
2024-03-01 12:30:00,HCSG,12.670000076293945,12.670000076293945,12.680000305175781,12.664999961853027,12.680000305175781,1945.0
2024-03-01 12:30:00,HCTI,2.428999900817871,2.428999900817871,2.428999900817871,2.4200000762939453,2.4200000762939453,692.0
2024-03-01 12:30:00,HITI,1.774999976158142,1.774999976158142,1.774999976158142,1.774999976158142,1.774999976158142,102.0
2024-03-01 12:30:00,HOLX,73.7699966430664,73.7699966430664,73.7699966430664,73.69499969482422,73.70999908447266,3132.0
2024-03-01 12:30:00,HOWL,6.985000133514404,6.985000133514404,6.985000133514404,6.980000019073486,6.980000019073486,301.0
2024-03-01 12:30:00,HRMY,31.55500030517578,31.55500030517578,31.55500030517578,31.55500030517578,31.55500030517578,703.0
2024-03-01 12:30:00,HRTX,2.6050000190734863,2.6050000190734863,2.6050000190734863,2.6050000190734863,2.6050000190734863,250.0
2024-03-01 12:30:00,HSCS,0.11890000104904175,0.11890000104904175,0.11890000104904175,0.11890000104904175,0.11890000104904175,1660.0
2024-03-01 12:30:00,HSIC,76.88999938964844,76.88999938964844,76.88999938964844,76.88500213623047,76.88999938964844,909.0
2024-03-01 12:30:00,HSTM,27.3700008392334,27.3700008392334,27.3700008392334,27.3700008392334,27.3700008392334,385.0
2024-03-01 12:30:00,HUMA,3.444999933242798,3.444999933242798,3.447999954223633,3.444999933242798,3.444999933242798,1992.0
2024-03-01 12:30:00,IBRX,4.855000019073486,4.855000019073486,4.864999771118164,4.849999904632568,4.860000133514404,9289.0
2024-03-01 12:30:00,ICUI,105.33499908447266,105.33499908447266,105.33499908447266,105.30999755859375,105.30999755859375,1537.0
2024-03-01 12:30:00,IDYA,46.39500045776367,46.39500045776367,46.39500045776367,46.34000015258789,46.34000015258789,654.0
2024-03-01 12:30:00,IINN,1.6306999921798706,1.6306999921798706,1.6306999921798706,1.6306999921798706,1.6306999921798706,1995.0
2024-03-01 12:30:00,ILMN,142.5800018310547,142.5800018310547,142.6999969482422,142.5800018310547,142.60000610351562,4764.0
2024-03-01 12:30:00,IMAB,1.840000033378601,1.840000033378601,1.840000033378601,1.840000033378601,1.840000033378601,100.0
2024-03-01 12:30:00,IMCR,68.11000061035156,68.11000061035156,68.11000061035156,68.06999969482422,68.06999969482422,280.0
2024-03-01 12:30:00,IMNM,26.123199462890625,26.123199462890625,26.123199462890625,26.040000915527344,26.09000015258789,1531.0
2024-03-01 12:30:00,IMVT,36.38999938964844,36.38999938964844,36.38999938964844,36.38999938964844,36.38999938964844,100.0
2024-03-01 12:30:00,INBX,36.709999084472656,36.709999084472656,36.744998931884766,36.709999084472656,36.744998931884766,2477.0
2024-03-01 12:30:00,INCY,59.20500183105469,59.20500183105469,59.209999084472656,59.20000076293945,59.20000076293945,1829.0
2024-03-01 12:30:00,INM,0.4000000059604645,0.4000000059604645,0.4000000059604645,0.4000000059604645,0.4000000059604645,1788.0
2024-03-01 12:30:00,INMD,22.954999923706055,22.954999923706055,22.959999084472656,22.93000030517578,22.93000030517578,8979.0
2024-03-01 12:30:00,INSM,28.520000457763672,28.520000457763672,28.520000457763672,28.5,28.5,1609.0
2024-03-01 12:30:00,INVA,15.595000267028809,15.595000267028809,15.595000267028809,15.585000038146973,15.585000038146973,1137.0
2024-03-01 12:30:00,INZY,6.704999923706055,6.704999923706055,6.7179999351501465,6.695000171661377,6.715000152587891,13027.0
2024-03-01 12:30:00,IONS,45.8849983215332,45.8849983215332,45.90999984741211,45.8849983215332,45.8849983215332,501.0
2024-03-01 12:30:00,IOVA,16.825000762939453,16.825000762939453,16.860000610351562,16.825000762939453,16.844999313354492,39912.0
2024-03-01 12:30:00,IRTC,121.07499694824219,121.07499694824219,121.07499694824219,121.06999969482422,121.06999969482422,768.0
2024-03-01 12:30:00,IRWD,9.119999885559082,9.119999885559082,9.130000114440918,9.114999771118164,9.119999885559082,42482.0
2024-03-01 12:30:00,ISRG,394.7099914550781,394.7099914550781,394.7300109863281,394.6868896484375,394.6868896484375,1669.0
2024-03-01 12:30:00,ITCI,71.75,71.75,71.80999755859375,71.75,71.77999877929688,1546.0
2024-03-01 12:30:00,ITOS,10.760000228881836,10.760000228881836,10.760000228881836,10.760000228881836,10.760000228881836,325.0
2024-03-01 12:30:00,IVVD,3.990000009536743,3.990000009536743,4.010000228881836,3.990000009536743,4.0,2889.0
2024-03-01 12:30:00,IXHL,5.400000095367432,5.400000095367432,5.420000076293945,5.400000095367432,5.420000076293945,950.0
2024-03-01 12:30:00,JAGX,0.0723000019788742,0.0723000019788742,0.07280000299215317,0.07190000265836716,0.07199999690055847,17734.0
2024-03-01 12:30:00,JAZZ,119.01000213623047,119.01000213623047,119.12000274658203,119.0,119.04499816894531,7919.0
2024-03-01 12:30:00,JYNT,9.930000305175781,9.930000305175781,9.930000305175781,9.930000305175781,9.930000305175781,135.0
2024-03-01 12:30:00,KALV,13.970000267028809,13.970000267028809,13.979999542236328,13.970000267028809,13.979999542236328,573.0
2024-03-01 12:30:00,KNSA,21.610000610351562,21.610000610351562,21.610000610351562,21.610000610351562,21.610000610351562,100.0
2024-03-01 12:30:00,KOD,6.118500232696533,6.118500232696533,6.118500232696533,6.118500232696533,6.118500232696533,423.0
2024-03-01 12:30:00,KPRX,0.6499999761581421,0.6499999761581421,0.6499999761581421,0.6499999761581421,0.6499999761581421,16341.0
2024-03-01 12:30:00,KPTI,1.1950000524520874,1.1950000524520874,1.1950000524520874,1.1950000524520874,1.1950000524520874,872.0
2024-03-01 12:30:00,KTRA,0.09610000252723694,0.09610000252723694,0.09610000252723694,0.09610000252723694,0.09610000252723694,20695.0
2024-03-01 12:30:00,KURA,21.1200008392334,21.1200008392334,21.1200008392334,21.09000015258789,21.094999313354492,1430.0
2024-03-01 12:30:00,KZIA,0.24950000643730164,0.24950000643730164,0.2506999969482422,0.24950000643730164,0.24950000643730164,4327.0
2024-03-01 12:30:00,KZR,1.0750000476837158,1.0750000476837158,1.0750000476837158,1.0750000476837158,1.0750000476837158,200.0
2024-03-01 12:30:00,LAB,2.494999885559082,2.494999885559082,2.5,2.494999885559082,2.494999885559082,655.0
2024-03-01 12:30:00,LEGN,65.9800033569336,65.9800033569336,66.0,65.9800033569336,66.0,353.0
2024-03-01 12:30:00,LEXX,2.7799999713897705,2.7799999713897705,2.7799999713897705,2.740000009536743,2.740000009536743,1303.0
2024-03-01 12:30:00,LFMD,8.004899978637695,8.004899978637695,8.005000114440918,7.990300178527832,8.0,2109.0
2024-03-01 12:30:00,LFST,7.90500020980835,7.90500020980835,7.906000137329102,7.90500020980835,7.906000137329102,1912.0
2024-03-01 12:30:00,LGND,79.08039855957031,79.08039855957031,79.08039855957031,79.08039855957031,79.08039855957031,420.0
2024-03-01 12:30:00,LPTX,2.950000047683716,2.950000047683716,2.950000047683716,2.950000047683716,2.950000047683716,300.0
2024-03-01 12:30:00,LUNG,9.385000228881836,9.385000228881836,9.385000228881836,9.385000228881836,9.385000228881836,361.0
2024-03-01 12:30:00,LXRX,2.494999885559082,2.494999885559082,2.494999885559082,2.494999885559082,2.494999885559082,205.0
2024-03-01 12:30:00,LYEL,3.1449999809265137,3.1449999809265137,3.1449999809265137,3.1440000534057617,3.1440000534057617,2271.0
2024-03-01 12:30:00,LYRA,5.590000152587891,5.590000152587891,5.590000152587891,5.590000152587891,5.590000152587891,216.0
2024-03-01 12:30:00,MACK,14.728300094604492,14.728300094604492,14.728300094604492,14.728300094604492,14.728300094604492,117.0
2024-03-01 12:30:00,MASI,128.34500122070312,128.34500122070312,128.3800048828125,128.3000030517578,128.36000061035156,1603.0
2024-03-01 12:30:00,MBRX,0.6496000289916992,0.6496000289916992,0.6496000289916992,0.6496000289916992,0.6496000289916992,685.0
2024-03-01 12:30:00,MCRB,1.2000000476837158,1.2000000476837158,1.2100000381469727,1.2000000476837158,1.2055000066757202,5452.0
2024-03-01 12:30:00,MDGL,248.0,248.0,248.0,247.5399932861328,247.5399932861328,1100.0
2024-03-01 12:30:00,MDGS,2.6700000762939453,2.6700000762939453,2.6700000762939453,2.6700000762939453,2.6700000762939453,106.0
2024-03-01 12:30:00,MDRX,6.039999961853027,6.039999961853027,6.110000133514404,6.039999961853027,6.039999961853027,71030.0
2024-03-01 12:30:00,MDXG,8.609999656677246,8.609999656677246,8.609999656677246,8.609999656677246,8.609999656677246,3165.0
2024-03-01 12:30:00,ME,0.5692999958992004,0.5692999958992004,0.5695000290870667,0.5687000155448914,0.569100022315979,14006.0
2024-03-01 12:30:00,MEDP,402.5199890136719,402.5199890136719,402.5199890136719,402.5199890136719,402.5199890136719,130.0
2024-03-01 12:30:00,MIRM,29.850000381469727,29.850000381469727,29.860000610351562,29.850000381469727,29.850000381469727,2031.0
2024-03-01 12:30:00,MIST,1.7999999523162842,1.7999999523162842,1.8300000429153442,1.7300000190734863,1.7300000190734863,21513.0
2024-03-01 12:30:00,MLTX,51.81999969482422,51.81999969482422,51.82500076293945,51.81999969482422,51.82500076293945,526.0
2024-03-01 12:30:00,MNKD,4.53000020980835,4.53000020980835,4.53000020980835,4.53000020980835,4.53000020980835,1224.0
2024-03-01 12:30:00,MNMD,6.130000114440918,6.130000114440918,6.130000114440918,6.125,6.128799915313721,703.0
2024-03-01 12:30:00,MODD,1.9299999475479126,1.9299999475479126,1.9299999475479126,1.9299999475479126,1.9299999475479126,200.0
2024-03-01 12:30:00,MOR,17.579999923706055,17.579999923706055,17.584999084472656,17.579999923706055,17.579999923706055,300.0
2024-03-01 12:30:00,MORF,39.275001525878906,39.275001525878906,39.275001525878906,39.275001525878906,39.275001525878906,329.0
2024-03-01 12:30:00,MOTS,0.657800018787384,0.657800018787384,0.657800018787384,0.657800018787384,0.657800018787384,100.0
2024-03-01 12:30:00,MREO,3.8487000465393066,3.8487000465393066,3.8487000465393066,3.8487000465393066,3.8487000465393066,100.0
2024-03-01 12:30:00,MRNA,96.45999908447266,96.45999908447266,96.58609771728516,96.41999816894531,96.43000030517578,18411.0
2024-03-01 12:30:00,MRNS,10.010000228881836,10.010000228881836,10.010000228881836,10.010000228881836,10.010000228881836,504.0
2024-03-01 12:30:00,MRSN,6.039999961853027,6.039999961853027,6.050000190734863,5.989999771118164,5.994999885559082,14595.0
2024-03-01 12:30:00,MRUS,51.7599983215332,51.7599983215332,51.7599983215332,51.68000030517578,51.68000030517578,639.0
2024-03-01 12:30:00,MRVI,7.864999771118164,7.864999771118164,7.864999771118164,7.864999771118164,7.864999771118164,311.0
2024-03-01 12:30:00,MXCT,4.775000095367432,4.775000095367432,4.775000095367432,4.775000095367432,4.775000095367432,101.0
2024-03-01 12:30:00,MYGN,21.579999923706055,21.579999923706055,21.579999923706055,21.579999923706055,21.579999923706055,614.0
2024-03-01 12:30:00,NARI,45.880001068115234,45.880001068115234,45.935001373291016,45.849998474121094,45.935001373291016,1795.0
2024-03-01 12:30:00,NDRA,1.149999976158142,1.149999976158142,1.149999976158142,1.149999976158142,1.149999976158142,2654.0
2024-03-01 12:30:00,NEO,16.07360076904297,16.07360076904297,16.079999923706055,16.07360076904297,16.079999923706055,635.0
2024-03-01 12:30:00,NEOG,17.375,17.375,17.375,17.375,17.375,348.0
2024-03-01 12:30:00,NGM,1.5299999713897705,1.5299999713897705,1.534999966621399,1.5299999713897705,1.5299999713897705,5180.0
2024-03-01 12:30:00,NKTR,0.7741990089416504,0.7741990089416504,0.7742999792098999,0.7741990089416504,0.7742999792098999,3352.0
2024-03-01 12:30:00,NNOX,11.190299987792969,11.190299987792969,11.190299987792969,11.170000076293945,11.170299530029297,2570.0
2024-03-01 12:30:00,NOTV,8.090800285339355,8.090800285339355,8.090800285339355,8.090800285339355,8.090800285339355,1000.0
2024-03-01 12:30:00,NPCE,16.424999237060547,16.424999237060547,16.43000030517578,16.424999237060547,16.43000030517578,322.0
2024-03-01 12:30:00,NRIX,13.510000228881836,13.510000228881836,13.510000228881836,13.510000228881836,13.510000228881836,100.0
2024-03-01 12:30:00,NRSN,2.1500000953674316,2.1500000953674316,2.1500000953674316,2.109999895095825,2.109999895095825,32727.0
2024-03-01 12:30:00,NTLA,33.5,33.5,33.53499984741211,33.489898681640625,33.489898681640625,3506.0
2024-03-01 12:30:00,NTRA,89.11000061035156,89.11000061035156,89.16500091552734,89.08000183105469,89.09989929199219,6939.0
2024-03-01 12:30:00,NUTX,0.11299999803304672,0.11299999803304672,0.11400000005960464,0.11299999803304672,0.11339999735355377,16971.0
2024-03-01 12:30:00,NUVL,88.80999755859375,88.80999755859375,88.80999755859375,88.80999755859375,88.80999755859375,373.0
2024-03-01 12:30:00,NVAX,5.119999885559082,5.119999885559082,5.137700080871582,5.119999885559082,5.130000114440918,17366.0
2024-03-01 12:30:00,NVCR,16.014999389648438,16.014999389648438,16.020000457763672,16.014999389648438,16.020000457763672,882.0
2024-03-01 12:30:00,NVCT,10.68340015411377,10.68340015411377,10.68340015411377,10.68340015411377,10.68340015411377,610.0
2024-03-01 12:30:00,NVNO,6.5,6.5,6.5,6.5,6.5,237.0
2024-03-01 12:30:00,NVOS,0.6299999952316284,0.6299999952316284,0.6299999952316284,0.6153010129928589,0.6153010129928589,14075.0
2024-03-01 12:30:00,NXTC,1.7400000095367432,1.7400000095367432,1.7400000095367432,1.7400000095367432,1.7400000095367432,116.0
2024-03-01 12:30:00,OCGN,0.9336000084877014,0.9336000084877014,0.933650016784668,0.9334999918937683,0.933650016784668,2909.0
2024-03-01 12:30:00,OCUL,10.729999542236328,10.729999542236328,10.739999771118164,10.729999542236328,10.739999771118164,1454.0
2024-03-01 12:30:00,OCUP,2.4800000190734863,2.4800000190734863,2.4800000190734863,2.4800000190734863,2.4800000190734863,100.0
2024-03-01 12:30:00,OGI,2.184999942779541,2.184999942779541,2.190000057220459,2.1819000244140625,2.190000057220459,6945.0
2024-03-01 12:30:00,OLK,22.600000381469727,22.600000381469727,22.600000381469727,22.594999313354492,22.594999313354492,1604.0
2024-03-01 12:30:00,OLMA,14.180000305175781,14.180000305175781,14.211999893188477,14.149999618530273,14.170000076293945,1827.0
2024-03-01 12:30:00,OM,3.1449999809265137,3.1449999809265137,3.1449999809265137,3.1449999809265137,3.1449999809265137,336.0
2024-03-01 12:30:00,OMCL,26.524999618530273,26.524999618530273,26.549999237060547,26.5,26.549999237060547,2171.0
2024-03-01 12:30:00,OMER,4.71999979019165,4.71999979019165,4.730000019073486,4.71999979019165,4.730000019073486,570.0
2024-03-01 12:30:00,OMGA,4.170000076293945,4.170000076293945,4.170000076293945,4.170000076293945,4.170000076293945,140.0
2024-03-01 12:30:00,ONCY,1.1299999952316284,1.1299999952316284,1.1299999952316284,1.1299999952316284,1.1299999952316284,400.0
2024-03-01 12:30:00,ONTX,0.8101999759674072,0.8101999759674072,0.8101999759674072,0.8101999759674072,0.8101999759674072,232.0
2024-03-01 12:31:00,ABCL,5.195000171661377,5.195000171661377,5.195000171661377,5.195000171661377,5.195000171661377,195.0
2024-03-01 12:31:00,ABEO,7.699999809265137,7.699999809265137,7.699999809265137,7.699999809265137,7.699999809265137,100.0
2024-03-01 12:31:00,ABOS,4.684999942779541,4.684999942779541,4.690000057220459,4.679999828338623,4.690000057220459,1212.0
2024-03-01 12:31:00,ABSI,5.255000114440918,5.255000114440918,5.255000114440918,5.255000114440918,5.255000114440918,535.0
2024-03-01 12:31:00,ACAD,24.24799919128418,24.24799919128418,24.24799919128418,24.239999771118164,24.24690055847168,852.0
2024-03-01 12:31:00,ACCD,10.1899995803833,10.1899995803833,10.199999809265137,10.1899995803833,10.199999809265137,1164.0
2024-03-01 12:31:00,ACET,2.380000114440918,2.380000114440918,2.4049999713897705,2.375,2.4000000953674316,43454.0
2024-03-01 12:31:00,ACHC,84.33000183105469,84.33000183105469,84.33000183105469,84.33000183105469,84.33000183105469,105.0
2024-03-01 12:31:00,ACHL,1.350000023841858,1.350000023841858,1.350000023841858,1.350000023841858,1.350000023841858,2623.0
2024-03-01 12:31:00,ACHV,4.28000020980835,4.28000020980835,4.28000020980835,4.28000020980835,4.28000020980835,1359.0
2024-03-01 12:31:00,ACLX,67.19999694824219,67.19999694824219,67.19999694824219,67.1500015258789,67.19999694824219,1127.0
2024-03-01 12:31:00,ACON,0.39500001072883606,0.39500001072883606,0.39500001072883606,0.39500001072883606,0.39500001072883606,1020.0
2024-03-01 12:31:00,ACRS,1.2400000095367432,1.2400000095367432,1.2400000095367432,1.2350000143051147,1.2400000095367432,1225.0
2024-03-01 12:31:00,ADIL,3.2197999954223633,3.2197999954223633,3.2200000286102295,3.1700000762939453,3.1700000762939453,13529.0
2024-03-01 12:31:00,ADMA,5.440000057220459,5.440000057220459,5.440000057220459,5.4309000968933105,5.434999942779541,21544.0
2024-03-01 12:31:00,ADPT,4.195000171661377,4.195000171661377,4.195000171661377,4.195000171661377,4.195000171661377,526.0
2024-03-01 12:31:00,ADVM,1.965000033378601,1.965000033378601,1.965000033378601,1.965000033378601,1.965000033378601,100.0
2024-03-01 12:31:00,AGEN,0.6738499999046326,0.6738499999046326,0.6739000082015991,0.673799991607666,0.6738749742507935,2620.0
2024-03-01 12:31:00,AGIO,32.880001068115234,32.880001068115234,32.88999938964844,32.880001068115234,32.880001068115234,404.0
2024-03-01 12:31:00,AHCO,10.75,10.75,10.789999961853027,10.75,10.789999961853027,2894.0
2024-03-01 12:31:00,AIH,0.5012000203132629,0.5012000203132629,0.5015000104904175,0.5012000203132629,0.5015000104904175,600.0
2024-03-01 12:31:00,AIRS,6.510000228881836,6.510000228881836,6.539999961853027,6.510000228881836,6.539999961853027,200.0
2024-03-01 12:31:00,AKAN,0.24150000512599945,0.24150000512599945,0.24150000512599945,0.24009999632835388,0.24009999632835388,625.0
2024-03-01 12:31:00,AKBA,1.684999942779541,1.684999942779541,1.690000057220459,1.6799999475479126,1.6799999475479126,5075.0
2024-03-01 12:31:00,AKLI,0.3328000009059906,0.3328000009059906,0.3328000009059906,0.3328000009059906,0.3328000009059906,600.0
2024-03-01 12:31:00,AKRO,30.21500015258789,30.21500015258789,30.229999542236328,30.190000534057617,30.229999542236328,1356.0
2024-03-01 12:31:00,AKYA,6.059999942779541,6.059999942779541,6.079999923706055,6.059999942779541,6.079999923706055,267.0
2024-03-01 12:31:00,ALDX,4.150000095367432,4.150000095367432,4.150000095367432,4.150000095367432,4.150000095367432,185.0
2024-03-01 12:31:00,ALEC,7.360000133514404,7.360000133514404,7.360000133514404,7.360000133514404,7.360000133514404,145.0
2024-03-01 12:31:00,ALGN,303.32000732421875,303.32000732421875,303.32000732421875,303.32000732421875,303.32000732421875,665.0
2024-03-01 12:31:00,ALHC,5.760000228881836,5.760000228881836,5.760000228881836,5.739999771118164,5.739999771118164,403.0
2024-03-01 12:31:00,ALKS,30.030000686645508,30.030000686645508,30.030000686645508,30.030000686645508,30.030000686645508,320.0
2024-03-01 12:31:00,ALLK,1.6050000190734863,1.6050000190734863,1.6050000190734863,1.600000023841858,1.600000023841858,896.0
2024-03-01 12:31:00,ALLO,5.045000076293945,5.045000076293945,5.045000076293945,5.039999961853027,5.039999961853027,679.0
2024-03-01 12:31:00,ALNY,154.2899932861328,154.2899932861328,154.5500030517578,154.22999572753906,154.5500030517578,2462.0
2024-03-01 12:31:00,ALPN,35.75,35.75,35.77000045776367,35.75,35.7599983215332,2386.0
2024-03-01 12:31:00,ALT,12.005000114440918,12.005000114440918,12.010000228881836,11.998800277709961,12.0,1270.0
2024-03-01 12:31:00,AMED,93.12000274658203,93.12000274658203,93.22000122070312,93.12000274658203,93.22000122070312,4323.0
2024-03-01 12:31:00,AMGN,281.260009765625,281.260009765625,281.3500061035156,281.260009765625,281.2950134277344,5976.0
2024-03-01 12:31:00,AMLX,18.829999923706055,18.829999923706055,18.829999923706055,18.829999923706055,18.829999923706055,4360.0
2024-03-01 12:31:00,AMPH,45.31800079345703,45.31800079345703,45.31800079345703,45.31800079345703,45.31800079345703,352.0
2024-03-01 12:31:00,AMRN,1.0549999475479126,1.0549999475479126,1.0549999475479126,1.0499999523162842,1.0549999475479126,8123.0
2024-03-01 12:31:00,APDN,0.5699999928474426,0.5699999928474426,0.5699999928474426,0.5698999762535095,0.5698999762535095,315.0
2024-03-01 12:31:00,APLS,64.94999694824219,64.94999694824219,64.98500061035156,64.8949966430664,64.98500061035156,1626.0
2024-03-01 12:31:00,APLT,7.099999904632568,7.099999904632568,7.099999904632568,7.099999904632568,7.099999904632568,2046.0
2024-03-01 12:31:00,APTO,1.809999942779541,1.809999942779541,1.809999942779541,1.809999942779541,1.809999942779541,981.0
2024-03-01 12:31:00,AQST,4.284900188446045,4.284900188446045,4.284900188446045,4.284900188446045,4.284900188446045,124.0
2024-03-01 12:31:00,ARAY,2.634999990463257,2.634999990463257,2.634999990463257,2.634999990463257,2.634999990463257,298.0
2024-03-01 12:31:00,ARCT,39.64500045776367,39.64500045776367,39.64500045776367,39.64500045776367,39.64500045776367,423.0
2024-03-01 12:31:00,ARDX,9.649999618530273,9.649999618530273,9.670000076293945,9.649999618530273,9.664999961853027,11454.0
2024-03-01 12:31:00,ARQT,11.729900360107422,11.729900360107422,11.729900360107422,11.6899995803833,11.6899995803833,10850.0
2024-03-01 12:31:00,ARVN,49.209999084472656,49.209999084472656,49.2599983215332,49.209999084472656,49.2510986328125,616.0
2024-03-01 12:31:00,ARWR,35.93009948730469,35.93009948730469,35.94390106201172,35.93009948730469,35.94390106201172,1169.0
2024-03-01 12:31:00,ASND,150.5050048828125,150.5050048828125,150.8699951171875,150.5050048828125,150.8699951171875,1117.0
2024-03-01 12:31:00,ASRT,0.9261000156402588,0.9261000156402588,0.9350000023841858,0.9261000156402588,0.9350000023841858,3570.0
2024-03-01 12:31:00,ATAI,2.0999999046325684,2.0999999046325684,2.100800037384033,2.0999999046325684,2.0999999046325684,646.0
2024-03-01 12:31:00,ATEC,13.555000305175781,13.555000305175781,13.555000305175781,13.5,13.550000190734863,38116.0
2024-03-01 12:31:00,ATHA,3.9749999046325684,3.9749999046325684,3.9749999046325684,3.9749999046325684,3.9749999046325684,101.0
2024-03-01 12:31:00,ATRC,36.060001373291016,36.060001373291016,36.060001373291016,36.040000915527344,36.04999923706055,1230.0
2024-03-01 12:31:00,ATXS,14.994999885559082,14.994999885559082,14.994999885559082,14.994999885559082,14.994999885559082,130.0
2024-03-01 12:31:00,AUPH,5.860099792480469,5.860099792480469,5.869999885559082,5.860099792480469,5.869999885559082,2648.0
2024-03-01 12:31:00,AUTL,6.355000019073486,6.355000019073486,6.355000019073486,6.355000019073486,6.355000019073486,239.0
2024-03-01 12:31:00,AVDL,12.904999732971191,12.904999732971191,12.920000076293945,12.890000343322754,12.890000343322754,2149.0
2024-03-01 12:31:00,AVIR,4.529900074005127,4.529900074005127,4.529900074005127,4.529900074005127,4.529900074005127,134.0
2024-03-01 12:31:00,AVRO,1.350000023841858,1.350000023841858,1.350000023841858,1.350000023841858,1.350000023841858,100.0
2024-03-01 12:31:00,AVXL,5.375,5.375,5.375,5.375,5.375,357.0
2024-03-01 12:31:00,AXNX,67.68000030517578,67.68000030517578,67.68000030517578,67.68000030517578,67.68000030517578,346.0
2024-03-01 12:31:00,AXSM,82.45999908447266,82.45999908447266,82.51499938964844,82.45999908447266,82.51499938964844,698.0
2024-03-01 12:31:00,AZN,64.68000030517578,64.68000030517578,64.69000244140625,64.67500305175781,64.69000244140625,1891.0
2024-03-01 12:31:00,AZTA,66.76000213623047,66.76000213623047,66.76000213623047,66.76000213623047,66.76000213623047,205.0
2024-03-01 12:31:00,BBIO,36.02000045776367,36.02000045776367,36.02000045776367,36.02000045776367,36.02000045776367,250.0
2024-03-01 12:31:00,BCAB,2.734999895095825,2.734999895095825,2.734999895095825,2.734999895095825,2.734999895095825,106.0
2024-03-01 12:31:00,BCRX,5.760000228881836,5.760000228881836,5.764999866485596,5.75,5.760000228881836,22949.0
2024-03-01 12:31:00,BCYC,25.799999237060547,25.799999237060547,25.934999465942383,25.799999237060547,25.934999465942383,1704.0
2024-03-01 12:31:00,BDSX,1.6799999475479126,1.6799999475479126,1.6799999475479126,1.6699999570846558,1.6699999570846558,200.0
2024-03-01 12:31:00,BDTX,4.985000133514404,4.985000133514404,4.985000133514404,4.974999904632568,4.985000133514404,4345.0
2024-03-01 12:31:00,BEAM,40.154998779296875,40.154998779296875,40.18000030517578,40.150001525878906,40.18000030517578,1323.0
2024-03-01 12:31:00,BGNE,166.83999633789062,166.83999633789062,166.83999633789062,166.83999633789062,166.83999633789062,391.0
2024-03-01 12:31:00,BIIB,220.49000549316406,220.49000549316406,220.84779357910156,220.49000549316406,220.74000549316406,2906.0
2024-03-01 12:31:00,BIOL,0.1379999965429306,0.1379999965429306,0.1379999965429306,0.1379999965429306,0.1379999965429306,950.0
2024-03-01 12:31:00,BIOR,1.1799999475479126,1.1799999475479126,1.1799999475479126,1.1799999475479126,1.1799999475479126,549.0
2024-03-01 12:31:00,BIVI,1.829300045967102,1.829300045967102,1.850000023841858,1.8200000524520874,1.8307000398635864,47422.0
2024-03-01 12:31:00,BLFS,18.325000762939453,18.325000762939453,18.325000762939453,18.325000762939453,18.325000762939453,246.0
2024-03-01 12:31:00,BLUE,1.5850000381469727,1.5850000381469727,1.589900016784668,1.5850000381469727,1.5850000381469727,9634.0
2024-03-01 12:31:00,BMEA,17.969999313354492,17.969999313354492,17.989999771118164,17.969999313354492,17.969999313354492,569.0
2024-03-01 12:31:00,BMRN,87.22000122070312,87.22000122070312,87.22000122070312,87.22000122070312,87.22000122070312,371.0
2024-03-01 12:31:00,BNR,0.8450499773025513,0.8450499773025513,0.8450499773025513,0.8450499773025513,0.8450499773025513,100.0
2024-03-01 12:31:00,BNTX,91.86499786376953,91.86499786376953,91.86499786376953,91.86499786376953,91.86499786376953,147.0
2024-03-01 12:31:00,BPMC,97.3499984741211,97.3499984741211,97.37000274658203,97.3499984741211,97.37000274658203,386.0
2024-03-01 12:31:00,BRKR,88.30000305175781,88.30000305175781,88.3239974975586,88.30000305175781,88.3239974975586,652.0
2024-03-01 12:31:00,BTAI,3.220099925994873,3.220099925994873,3.2237000465393066,3.2200000286102295,3.2237000465393066,1800.0
2024-03-01 12:31:00,BTTX,0.17309999465942383,0.17309999465942383,0.17309999465942383,0.17309999465942383,0.17309999465942383,578.0
2024-03-01 12:31:00,CABA,23.969999313354492,23.969999313354492,23.969999313354492,23.969999313354492,23.969999313354492,251.0
2024-03-01 12:31:00,CAPR,4.570000171661377,4.570000171661377,4.570000171661377,4.570000171661377,4.570000171661377,200.0
2024-03-01 12:31:00,CARA,0.9099990129470825,0.9099990129470825,0.9099990129470825,0.8999999761581421,0.8999999761581421,2476.0
2024-03-01 12:31:00,CBAY,32.2400016784668,32.2400016784668,32.2400016784668,32.23500061035156,32.2400016784668,1075.0
2024-03-01 12:31:00,CCCC,10.859999656677246,10.859999656677246,10.875,10.850000381469727,10.875,10267.0
2024-03-01 12:31:00,CCRN,18.25,18.25,18.25,18.25,18.25,221.0
2024-03-01 12:31:00,CDMO,8.050000190734863,8.050000190734863,8.109999656677246,8.050000190734863,8.109999656677246,3142.0
2024-03-01 12:31:00,CDNA,12.300000190734863,12.300000190734863,12.300000190734863,12.300000190734863,12.300000190734863,1470.0
2024-03-01 12:31:00,CDTX,0.7200999855995178,0.7200999855995178,0.7200999855995178,0.7200999855995178,0.7200999855995178,534.0
2024-03-01 12:31:00,CDXS,4.481100082397461,4.481100082397461,4.5,4.481100082397461,4.5,1969.0
2024-03-01 12:31:00,CERE,41.099998474121094,41.099998474121094,41.10499954223633,41.099998474121094,41.10499954223633,2518.0
2024-03-01 12:31:00,CERS,2.2109999656677246,2.2109999656677246,2.2109999656677246,2.2109999656677246,2.2109999656677246,100.0
2024-03-01 12:31:00,CERT,17.690000534057617,17.690000534057617,17.700000762939453,17.68000030517578,17.690000534057617,2418.0
2024-03-01 12:31:00,CGC,3.25,3.25,3.265000104904175,3.25,3.265000104904175,6444.0
2024-03-01 12:31:00,CGEM,19.015399932861328,19.015399932861328,19.020000457763672,19.014999389648438,19.020000457763672,1131.0
2024-03-01 12:31:00,CHRS,2.375,2.375,2.3798999786376953,2.369999885559082,2.369999885559082,10723.0
2024-03-01 12:31:00,CLDX,50.459999084472656,50.459999084472656,50.720001220703125,50.459999084472656,50.65010070800781,2192.0
2024-03-01 12:31:00,CLOV,0.8654999732971191,0.8654999732971191,0.8654999732971191,0.8654000163078308,0.8654000163078308,3318.0
2024-03-01 12:31:00,CLPT,6.659999847412109,6.659999847412109,6.659999847412109,6.659999847412109,6.659999847412109,213.0
2024-03-01 12:31:00,CMPS,11.449999809265137,11.449999809265137,11.449999809265137,11.444999694824219,11.444999694824219,1364.0
2024-03-01 12:31:00,CMRX,1.1449999809265137,1.1449999809265137,1.1449999809265137,1.1449999809265137,1.1449999809265137,100.0
2024-03-01 12:31:00,CNSP,0.3125,0.3125,0.3125,0.3125,0.3125,1000.0
2024-03-01 12:31:00,COGT,7.215000152587891,7.215000152587891,7.224999904632568,7.215000152587891,7.224999904632568,1740.0
2024-03-01 12:31:00,CORT,24.110000610351562,24.110000610351562,24.1200008392334,24.100000381469727,24.100000381469727,1804.0
2024-03-01 12:31:00,CPRX,17.020000457763672,17.020000457763672,17.049999237060547,17.010000228881836,17.030000686645508,10321.0
2024-03-01 12:31:00,CPSI,9.470000267028809,9.470000267028809,9.470000267028809,9.454999923706055,9.454999923706055,622.0
2024-03-01 12:31:00,CRBP,32.040000915527344,32.040000915527344,32.040000915527344,32.040000915527344,32.040000915527344,760.0
2024-03-01 12:31:00,CRBU,8.005000114440918,8.005000114440918,8.010000228881836,8.005000114440918,8.010000228881836,836.0
2024-03-01 12:31:00,CRDF,2.309999942779541,2.309999942779541,2.309999942779541,2.2899999618530273,2.299999952316284,16313.0
2024-03-01 12:31:00,CRDL,1.9850000143051147,1.9850000143051147,1.9850000143051147,1.9850000143051147,1.9850000143051147,315.0
2024-03-01 12:31:00,CRMD,3.710099935531616,3.710099935531616,3.7149999141693115,3.7100000381469727,3.7149999141693115,3770.0
2024-03-01 12:31:00,CRNX,46.2599983215332,46.2599983215332,46.29999923706055,46.22999954223633,46.279998779296875,2355.0
2024-03-01 12:31:00,CRON,2.055000066757202,2.055000066757202,2.055000066757202,2.050100088119507,2.055000066757202,2399.0
2024-03-01 12:31:00,CRSP,85.54000091552734,85.54000091552734,85.63999938964844,85.54000091552734,85.5999984741211,1043.0
2024-03-01 12:31:00,CRVS,2.2699999809265137,2.2699999809265137,2.2799999713897705,2.244999885559082,2.259999990463257,2193.0
2024-03-01 12:31:00,CSTL,20.600000381469727,20.600000381469727,20.6200008392334,20.600000381469727,20.610000610351562,816.0
2024-03-01 12:31:00,CTKB,8.699999809265137,8.699999809265137,8.699999809265137,8.694999694824219,8.699999809265137,507.0
2024-03-01 12:31:00,CTMX,2.6698999404907227,2.6698999404907227,2.6700000762939453,2.6698999404907227,2.6700000762939453,315.0
2024-03-01 12:31:00,CUE,2.2070000171661377,2.2070000171661377,2.2070000171661377,2.2070000171661377,2.2070000171661377,198.0
2024-03-01 12:31:00,CUTR,2.434999942779541,2.434999942779541,2.4391000270843506,2.430000066757202,2.430000066757202,360.0
2024-03-01 12:31:00,CVAC,3.505000114440918,3.505000114440918,3.505000114440918,3.505000114440918,3.505000114440918,808.0
2024-03-01 12:31:00,CYTK,73.43000030517578,73.43000030517578,73.55500030517578,73.43000030517578,73.55500030517578,7910.0
2024-03-01 12:31:00,CYTO,2.359999895095825,2.359999895095825,2.380000114440918,2.3499999046325684,2.3499999046325684,6089.0
2024-03-01 12:31:00,DARE,0.5519999861717224,0.5519999861717224,0.5519999861717224,0.5519999861717224,0.5519999861717224,1150.0
2024-03-01 12:31:00,DAWN,17.5,17.5,17.5,17.5,17.5,694.0
2024-03-01 12:31:00,DCGO,4.119999885559082,4.119999885559082,4.119999885559082,4.114999771118164,4.114999771118164,406.0
2024-03-01 12:31:00,DCPH,17.5,17.5,17.5,17.5,17.5,1051.0
2024-03-01 12:31:00,DH,8.890000343322754,8.890000343322754,8.899999618530273,8.890000343322754,8.899999618530273,1066.0
2024-03-01 12:31:00,DNLI,20.8700008392334,20.8700008392334,20.8700008392334,20.8700008392334,20.8700008392334,532.0
2024-03-01 12:31:00,DSGN,2.9049999713897705,2.9049999713897705,2.9049999713897705,2.9049999713897705,2.9049999713897705,135.0
2024-03-01 12:31:00,DTIL,12.248800277709961,12.248800277709961,12.249600410461426,12.210000038146973,12.249600410461426,725.0
2024-03-01 12:31:00,DVAX,12.875,12.875,12.875,12.875,12.875,785.0
2024-03-01 12:31:00,DXCM,121.08999633789062,121.08999633789062,121.08999633789062,120.88500213623047,121.04000091552734,11841.0
2024-03-01 12:31:00,EDIT,10.835000038146973,10.835000038146973,10.835000038146973,10.829999923706055,10.835000038146973,931.0
2024-03-01 12:31:00,EGRX,6.800000190734863,6.800000190734863,6.800000190734863,6.791200160980225,6.791200160980225,843.0
2024-03-01 12:31:00,ELEV,4.820000171661377,4.820000171661377,4.820000171661377,4.789999961853027,4.789999961853027,1066.0
2024-03-01 12:31:00,EMBC,14.414999961853027,14.414999961853027,14.420000076293945,14.414999961853027,14.420000076293945,304.0
2024-03-01 12:31:00,ENVB,1.5398999452590942,1.5398999452590942,1.5399999618530273,1.534999966621399,1.534999966621399,3349.0
2024-03-01 12:31:00,ERAS,2.5199999809265137,2.5199999809265137,2.5250000953674316,2.5199999809265137,2.5250000953674316,434.0
2024-03-01 12:31:00,ESPR,2.549999952316284,2.549999952316284,2.549999952316284,2.5450000762939453,2.5450000762939453,680.0
2024-03-01 12:31:00,ETNB,13.140000343322754,13.140000343322754,13.140000343322754,13.122300148010254,13.130000114440918,1946.0
2024-03-01 12:31:00,ETON,4.462200164794922,4.462200164794922,4.462200164794922,4.462200164794922,4.462200164794922,216.0
2024-03-01 12:31:00,EWTX,17.1299991607666,17.1299991607666,17.1299991607666,17.125,17.1299991607666,474.0
2024-03-01 12:31:00,EXAI,6.800000190734863,6.800000190734863,6.809999942779541,6.800000190734863,6.809999942779541,987.0
2024-03-01 12:31:00,EXAS,60.29499816894531,60.29499816894531,60.369998931884766,60.290000915527344,60.369998931884766,4021.0
2024-03-01 12:31:00,EXEL,22.459999084472656,22.459999084472656,22.5,22.459999084472656,22.485000610351562,15199.0
2024-03-01 12:31:00,EYEN,2.3598999977111816,2.3598999977111816,2.3598999977111816,2.3452000617980957,2.359499931335449,7157.0
2024-03-01 12:31:00,EYPT,27.940000534057617,27.940000534057617,27.940000534057617,27.940000534057617,27.940000534057617,397.0
2024-03-01 12:31:00,FATE,7.539999961853027,7.539999961853027,7.559999942779541,7.539999961853027,7.559999942779541,3454.0
2024-03-01 12:31:00,FBIO,2.319999933242798,2.319999933242798,2.319999933242798,2.299999952316284,2.299999952316284,4467.0
2024-03-01 12:31:00,FGEN,1.8600000143051147,1.8600000143051147,1.8600000143051147,1.8600000143051147,1.8600000143051147,1000.0
2024-03-01 12:31:00,FHTX,8.020000457763672,8.020000457763672,8.100000381469727,8.020000457763672,8.100000381469727,4078.0
2024-03-01 12:31:00,FLGT,23.2549991607666,23.2549991607666,23.2549991607666,23.2549991607666,23.2549991607666,199.0
2024-03-01 12:31:00,FOLD,13.34000015258789,13.34000015258789,13.345000267028809,13.34000015258789,13.345000267028809,1598.0
2024-03-01 12:31:00,FULC,10.890000343322754,10.890000343322754,10.890000343322754,10.890000343322754,10.890000343322754,410.0
2024-03-01 12:31:00,FUSN,12.229999542236328,12.229999542236328,12.260000228881836,12.229999542236328,12.260000228881836,1284.0
2024-03-01 12:31:00,GCTK,0.3075999915599823,0.3075999915599823,0.3075999915599823,0.30720001459121704,0.30720001459121704,410.0
2024-03-01 12:31:00,GDRX,8.320899963378906,8.320899963378906,8.320899963378906,8.319999694824219,8.319999694824219,3078.0
2024-03-01 12:31:00,GERN,2.197000026702881,2.197000026702881,2.200000047683716,2.194999933242798,2.200000047683716,23174.0
2024-03-01 12:31:00,GH,19.190000534057617,19.190000534057617,19.190000534057617,19.190000534057617,19.190000534057617,1124.0
2024-03-01 12:31:00,GILD,72.2699966430664,72.2699966430664,72.3499984741211,72.2699966430664,72.3499984741211,12004.0
2024-03-01 12:31:00,GLSI,12.395000457763672,12.395000457763672,12.395000457763672,12.395000457763672,12.395000457763672,217.0
2024-03-01 12:31:00,GLTO,0.7498990297317505,0.7498990297317505,0.75,0.7498990297317505,0.75,1133.0
2024-03-01 12:31:00,GMAB,29.34000015258789,29.34000015258789,29.34000015258789,29.334999084472656,29.334999084472656,240.0
2024-03-01 12:31:00,GMDA,0.3840000033378601,0.3840000033378601,0.38510000705718994,0.3840000033378601,0.384799987077713,10500.0
2024-03-01 12:31:00,GNPX,4.53000020980835,4.53000020980835,4.53000020980835,4.5,4.5,302.0
2024-03-01 12:31:00,GOSS,1.3650000095367432,1.3650000095367432,1.3650000095367432,1.3600000143051147,1.3600000143051147,500.0
2024-03-01 12:31:00,GOVX,2.569999933242798,2.569999933242798,2.569999933242798,2.569999933242798,2.569999933242798,354.0
2024-03-01 12:31:00,GRTS,2.1700000762939453,2.1700000762939453,2.190000057220459,2.1700000762939453,2.190000057220459,6947.0
2024-03-01 12:31:00,GTHX,3.694999933242798,3.694999933242798,3.694999933242798,3.684999942779541,3.684999942779541,2373.0
2024-03-01 12:31:00,HALO,41.59000015258789,41.59000015258789,41.599998474121094,41.59000015258789,41.599998474121094,1638.0
2024-03-01 12:31:00,HARP,22.940000534057617,22.940000534057617,22.940000534057617,22.940000534057617,22.940000534057617,159.0
2024-03-01 12:31:00,HCAT,8.024999618530273,8.024999618530273,8.024999618530273,8.020000457763672,8.020000457763672,560.0
2024-03-01 12:31:00,HCM,15.364999771118164,15.364999771118164,15.364999771118164,15.364999771118164,15.364999771118164,100.0
2024-03-01 12:31:00,HCSG,12.670000076293945,12.670000076293945,12.670000076293945,12.670000076293945,12.670000076293945,216.0
2024-03-01 12:31:00,HLVX,18.815000534057617,18.815000534057617,18.815000534057617,18.815000534057617,18.815000534057617,150.0
2024-03-01 12:31:00,HOLX,73.7333984375,73.7333984375,73.7333984375,73.72000122070312,73.7300033569336,1100.0
2024-03-01 12:31:00,HOOK,0.7900000214576721,0.7900000214576721,0.7900000214576721,0.7799999713897705,0.7799999713897705,2010.0
2024-03-01 12:31:00,HQY,81.69999694824219,81.69999694824219,81.69999694824219,81.69999694824219,81.69999694824219,156.0
2024-03-01 12:31:00,HRTX,2.599900007247925,2.599900007247925,2.6050000190734863,2.5899999141693115,2.6050000190734863,38660.0
2024-03-01 12:31:00,HSIC,76.88999938964844,76.88999938964844,76.88999938964844,76.88999938964844,76.88999938964844,574.0
2024-03-01 12:31:00,HSTM,27.420000076293945,27.420000076293945,27.420000076293945,27.420000076293945,27.420000076293945,136.0
2024-03-01 12:31:00,HUMA,3.444999933242798,3.444999933242798,3.444999933242798,3.444999933242798,3.444999933242798,595.0
2024-03-01 12:31:00,IART,36.5099983215332,36.5099983215332,36.5099983215332,36.5099983215332,36.5099983215332,468.0
2024-03-01 12:31:00,IBRX,4.849999904632568,4.849999904632568,4.849999904632568,4.849999904632568,4.849999904632568,2441.0
2024-03-01 12:31:00,ICAD,1.8600000143051147,1.8600000143051147,1.8600000143051147,1.8600000143051147,1.8600000143051147,961.0
2024-03-01 12:31:00,ICLR,323.1600036621094,323.1600036621094,323.1600036621094,323.1600036621094,323.1600036621094,796.0
2024-03-01 12:31:00,ICUI,105.22000122070312,105.22000122070312,105.22000122070312,105.22000122070312,105.22000122070312,307.0
2024-03-01 12:31:00,IGMS,13.364999771118164,13.364999771118164,13.364999771118164,13.364999771118164,13.364999771118164,107.0
2024-03-01 12:31:00,ILMN,142.35000610351562,142.35000610351562,142.6999969482422,142.35000610351562,142.6999969482422,4852.0
2024-03-01 12:31:00,IMCR,67.79000091552734,67.79000091552734,67.98999786376953,67.79000091552734,67.98999786376953,6284.0
2024-03-01 12:31:00,IMMX,3.559999942779541,3.559999942779541,3.559999942779541,3.559999942779541,3.559999942779541,101.0
2024-03-01 12:31:00,IMVT,36.31999969482422,36.31999969482422,36.349998474121094,36.31999969482422,36.349998474121094,436.0
2024-03-01 12:31:00,INAB,1.0999000072479248,1.0999000072479248,1.0999000072479248,1.0999000072479248,1.0999000072479248,1785.0
2024-03-01 12:31:00,INBX,36.720001220703125,36.720001220703125,36.720001220703125,36.720001220703125,36.720001220703125,1501.0
2024-03-01 12:31:00,INCY,59.18000030517578,59.18000030517578,59.189998626708984,59.18000030517578,59.189998626708984,1250.0
2024-03-01 12:31:00,INGN,6.840000152587891,6.840000152587891,6.840000152587891,6.815000057220459,6.829999923706055,4259.0
2024-03-01 12:31:00,INMD,22.975000381469727,22.975000381469727,22.975000381469727,22.94499969482422,22.959999084472656,3528.0
2024-03-01 12:31:00,INO,9.36359977722168,9.36359977722168,9.36359977722168,9.36359977722168,9.36359977722168,210.0
2024-03-01 12:31:00,INSM,28.510000228881836,28.510000228881836,28.520000457763672,28.510000228881836,28.520000457763672,938.0
2024-03-01 12:31:00,INZY,6.710000038146973,6.710000038146973,6.710000038146973,6.699999809265137,6.699999809265137,333.0
2024-03-01 12:31:00,IONS,45.8849983215332,45.8849983215332,45.88999938964844,45.880001068115234,45.88999938964844,446.0
2024-03-01 12:31:00,IOVA,16.790000915527344,16.790000915527344,16.829999923706055,16.790000915527344,16.825000762939453,15713.0
2024-03-01 12:31:00,IRMD,42.12990188598633,42.12990188598633,42.12990188598633,42.12990188598633,42.12990188598633,161.0
2024-03-01 12:31:00,IRTC,120.8499984741211,120.8499984741211,120.86000061035156,120.8499984741211,120.86000061035156,791.0
2024-03-01 12:31:00,IRWD,9.135000228881836,9.135000228881836,9.149999618530273,9.119999885559082,9.125,43611.0
2024-03-01 12:31:00,ISRG,394.2799987792969,394.2799987792969,394.5799865722656,394.2799987792969,394.5799865722656,1818.0
2024-03-01 12:31:00,ITCI,71.79000091552734,71.79000091552734,71.79000091552734,71.79000091552734,71.79000091552734,205.0
2024-03-01 12:31:00,ITRM,1.2401000261306763,1.2401000261306763,1.249899983406067,1.2401000261306763,1.249899983406067,4893.0
2024-03-01 12:31:00,IVVD,3.990000009536743,3.990000009536743,3.990000009536743,3.990000009536743,3.990000009536743,100.0
2024-03-01 12:31:00,JAGX,0.0729999989271164,0.0729999989271164,0.07419999688863754,0.07190000265836716,0.0723000019788742,390883.0
2024-03-01 12:31:00,JANX,46.83000183105469,46.83000183105469,46.83000183105469,46.83000183105469,46.83000183105469,544.0
2024-03-01 12:31:00,JAZZ,118.8550033569336,118.8550033569336,119.05000305175781,118.78009796142578,119.05000305175781,4226.0
2024-03-01 12:31:00,KNSA,21.649999618530273,21.649999618530273,21.649999618530273,21.610000610351562,21.610000610351562,424.0
2024-03-01 12:31:00,KNTE,2.5999999046325684,2.5999999046325684,2.5999999046325684,2.5999999046325684,2.5999999046325684,400.0
2024-03-01 12:31:00,KOD,6.105000019073486,6.105000019073486,6.105000019073486,6.105000019073486,6.105000019073486,237.0
2024-03-01 12:31:00,KPRX,0.6499999761581421,0.6499999761581421,0.6499999761581421,0.6499999761581421,0.6499999761581421,1099.0
2024-03-01 12:31:00,KPTI,1.1950000524520874,1.1950000524520874,1.2000000476837158,1.1950000524520874,1.2000000476837158,1541.0
2024-03-01 12:31:00,KRMD,2.119999885559082,2.119999885559082,2.130000114440918,2.119999885559082,2.130000114440918,1873.0
2024-03-01 12:31:00,KRON,1.0299999713897705,1.0299999713897705,1.0299999713897705,1.024999976158142,1.024999976158142,1853.0
2024-03-01 12:31:00,KRTX,316.8299865722656,316.8299865722656,316.8299865722656,316.8299865722656,316.8299865722656,579.0
2024-03-01 12:31:00,KTRA,0.09610000252723694,0.09610000252723694,0.09610000252723694,0.09610000252723694,0.09610000252723694,335.0
2024-03-01 12:31:00,KURA,21.1200008392334,21.1200008392334,21.125200271606445,21.1200008392334,21.125200271606445,1255.0
2024-03-01 12:31:00,KYMR,44.0,44.0,44.0,44.0,44.0,104.0
2024-03-01 12:31:00,KZR,1.0800000429153442,1.0800000429153442,1.0800000429153442,1.0750000476837158,1.0750000476837158,406.0
2024-03-01 12:31:00,LAB,2.494999885559082,2.494999885559082,2.5,2.490000009536743,2.490000009536743,33943.0
2024-03-01 12:31:00,LBPH,22.139999389648438,22.139999389648438,22.139999389648438,22.07430076599121,22.07430076599121,946.0
2024-03-01 12:31:00,LEGN,66.0199966430664,66.0199966430664,66.0199966430664,66.0199966430664,66.0199966430664,125.0
2024-03-01 12:31:00,LFMD,7.989999771118164,7.989999771118164,8.010000228881836,7.989999771118164,8.010000228881836,1106.0
2024-03-01 12:31:00,LFST,7.894999980926514,7.894999980926514,7.900000095367432,7.894999980926514,7.900000095367432,1753.0
2024-03-01 12:31:00,LNTH,65.4800033569336,65.4800033569336,65.4800033569336,65.42500305175781,65.42500305175781,811.0
2024-03-01 12:31:00,LPTX,2.9700000286102295,2.9700000286102295,3.0,2.940000057220459,2.940000057220459,17666.0
2024-03-01 12:31:00,LQDA,14.420000076293945,14.420000076293945,14.420000076293945,14.420000076293945,14.420000076293945,694.0
2024-03-01 12:31:00,LRMR,11.59000015258789,11.59000015258789,11.59000015258789,11.59000015258789,11.59000015258789,161.0
2024-03-01 12:31:00,LTRN,4.61899995803833,4.61899995803833,4.61899995803833,4.590000152587891,4.599999904632568,5221.0
2024-03-01 12:31:00,MACK,14.729999542236328,14.729999542236328,14.729999542236328,14.729999542236328,14.729999542236328,320.0
2024-03-01 12:31:00,MASI,128.1999969482422,128.1999969482422,128.2899932861328,128.14999389648438,128.26199340820312,3217.0
2024-03-01 12:31:00,MASS,7.380000114440918,7.380000114440918,7.380000114440918,7.380000114440918,7.380000114440918,586.0
2024-03-01 12:31:00,MCRB,1.2000000476837158,1.2000000476837158,1.2100000381469727,1.2000000476837158,1.2050000429153442,2773.0
2024-03-01 12:31:00,MDGL,248.1750030517578,248.1750030517578,248.5,247.94000244140625,247.94000244140625,1573.0
2024-03-01 12:31:00,MDGS,2.65339994430542,2.65339994430542,2.65339994430542,2.65339994430542,2.65339994430542,207.0
2024-03-01 12:31:00,MDRX,6.039999961853027,6.039999961853027,6.039999961853027,6.039999961853027,6.039999961853027,4362.0
2024-03-01 12:31:00,MDXG,8.614999771118164,8.614999771118164,8.614999771118164,8.614999771118164,8.614999771118164,730.0
2024-03-01 12:31:00,ME,0.5700500011444092,0.5700500011444092,0.5700500011444092,0.5700500011444092,0.5700500011444092,150.0
2024-03-01 12:31:00,MEDP,402.3999938964844,402.3999938964844,402.3999938964844,402.3999938964844,402.3999938964844,202.0
2024-03-01 12:31:00,MIST,1.8049999475479126,1.8049999475479126,1.8049999475479126,1.7999999523162842,1.7999999523162842,3371.0
2024-03-01 12:31:00,MLTX,51.880001068115234,51.880001068115234,51.880001068115234,51.790000915527344,51.790000915527344,1305.0
2024-03-01 12:31:00,MNKD,4.529699802398682,4.529699802398682,4.53000020980835,4.521299839019775,4.53000020980835,5944.0
2024-03-01 12:31:00,MNMD,6.130000114440918,6.130000114440918,6.139999866485596,6.130000114440918,6.139999866485596,772.0
2024-03-01 12:31:00,MNPR,0.8299999833106995,0.8299999833106995,0.8299999833106995,0.8299999833106995,0.8299999833106995,1000.0
2024-03-01 12:31:00,MODD,1.9299999475479126,1.9299999475479126,1.9299999475479126,1.9299999475479126,1.9299999475479126,1425.0
2024-03-01 12:31:00,MODV,27.96500015258789,27.96500015258789,27.96500015258789,27.96500015258789,27.96500015258789,290.0
2024-03-01 12:31:00,MREO,3.8499999046325684,3.8499999046325684,3.8499999046325684,3.8499999046325684,3.8499999046325684,305.0
2024-03-01 12:31:00,MRNA,96.45999908447266,96.45999908447266,96.52999877929688,96.44000244140625,96.52999877929688,4443.0
2024-03-01 12:31:00,MRSN,6.03000020980835,6.03000020980835,6.045000076293945,6.03000020980835,6.045000076293945,3989.0
2024-03-01 12:31:00,MRUS,51.73500061035156,51.73500061035156,51.7599983215332,51.620201110839844,51.7599983215332,1835.0
2024-03-01 12:31:00,MRVI,7.864999771118164,7.864999771118164,7.864999771118164,7.864999771118164,7.864999771118164,250.0
2024-03-01 12:31:00,MXCT,4.775000095367432,4.775000095367432,4.775000095367432,4.775000095367432,4.775000095367432,1000.0
2024-03-01 12:31:00,MYGN,21.530000686645508,21.530000686645508,21.559999465942383,21.530000686645508,21.559999465942383,1784.0
2024-03-01 12:31:00,MYNZ,0.8600999712944031,0.8600999712944031,0.8600999712944031,0.8600999712944031,0.8600999712944031,7900.0
2024-03-01 12:31:00,NARI,45.810001373291016,45.810001373291016,45.849998474121094,45.810001373291016,45.849998474121094,1630.0
2024-03-01 12:31:00,NAUT,2.6700000762939453,2.6700000762939453,2.6700000762939453,2.6700000762939453,2.6700000762939453,921.0
2024-03-01 12:31:00,NBIX,130.9600067138672,130.9600067138672,130.99000549316406,130.9600067138672,130.9600067138672,981.0
2024-03-01 12:31:00,NDRA,1.1399999856948853,1.1399999856948853,1.1399999856948853,1.1399999856948853,1.1399999856948853,301.0
2024-03-01 12:31:00,NEO,16.079999923706055,16.079999923706055,16.079999923706055,16.079999923706055,16.079999923706055,562.0
2024-03-01 12:31:00,NEOG,17.360000610351562,17.360000610351562,17.375,17.360000610351562,17.375,1126.0
2024-03-01 12:31:00,NGM,1.5299999713897705,1.5299999713897705,1.534999966621399,1.5299999713897705,1.534999966621399,817.0
2024-03-01 12:31:00,NKTR,0.7722499966621399,0.7722499966621399,0.7746000289916992,0.7722499966621399,0.7742999792098999,4454.0
2024-03-01 12:31:00,NKTX,12.960000038146973,12.960000038146973,13.0,12.949999809265137,12.960000038146973,4470.0
2024-03-01 12:31:00,NNOX,11.164400100708008,11.164400100708008,11.1899995803833,11.164400100708008,11.1899995803833,1317.0
2024-03-01 12:31:00,NOTV,8.109999656677246,8.109999656677246,8.119999885559082,8.100000381469727,8.100000381469727,5588.0
2024-03-01 12:31:00,NPCE,16.469999313354492,16.469999313354492,16.469999313354492,16.469999313354492,16.469999313354492,281.0
2024-03-01 12:31:00,NRIX,13.5,13.5,13.5,13.489999771118164,13.5,1070.0
2024-03-01 12:31:00,NRSN,2.172100067138672,2.172100067138672,2.190000057220459,2.140000104904175,2.1500000953674316,118029.0
2024-03-01 12:31:00,NTLA,33.470001220703125,33.470001220703125,33.4900016784668,33.470001220703125,33.4900016784668,1038.0
2024-03-01 12:31:00,NTRA,88.94499969482422,88.94499969482422,89.08000183105469,88.94499969482422,89.08000183105469,8173.0
2024-03-01 12:31:00,NUTX,0.11349999904632568,0.11349999904632568,0.11349999904632568,0.11299999803304672,0.11299999803304672,1605.0
2024-03-01 12:31:00,NVAX,5.121200084686279,5.121200084686279,5.125,5.120100021362305,5.125,2580.0
2024-03-01 12:31:00,NVCR,16.010000228881836,16.010000228881836,16.020000457763672,16.010000228881836,16.020000457763672,544.0
2024-03-01 12:31:00,NVOS,0.633899986743927,0.633899986743927,0.633899986743927,0.633899986743927,0.633899986743927,5000.0
2024-03-01 12:31:00,NXTC,1.7400000095367432,1.7400000095367432,1.7400000095367432,1.7400000095367432,1.7400000095367432,600.0
2024-03-01 12:31:00,OCGN,0.9333999752998352,0.9333999752998352,0.9336000084877014,0.9333999752998352,0.9333999752998352,3940.0
2024-03-01 12:31:00,OCUL,10.729999542236328,10.729999542236328,10.729999542236328,10.729999542236328,10.729999542236328,280.0
2024-03-01 12:31:00,OCUP,2.4969000816345215,2.4969000816345215,2.4969000816345215,2.4969000816345215,2.4969000816345215,300.0
2024-03-01 12:31:00,OGI,2.184999942779541,2.184999942779541,2.184999942779541,2.184999942779541,2.184999942779541,350.0
2024-03-01 12:31:00,OLK,22.59000015258789,22.59000015258789,22.600000381469727,22.59000015258789,22.600000381469727,621.0
2024-03-01 12:31:00,OLMA,14.164999961853027,14.164999961853027,14.164999961853027,14.09000015258789,14.149999618530273,8082.0
2024-03-01 12:31:00,OMER,4.728600025177002,4.728600025177002,4.728600025177002,4.724999904632568,4.724999904632568,1468.0
2024-03-01 12:32:00,ABCL,5.199999809265137,5.199999809265137,5.199999809265137,5.199999809265137,5.199999809265137,106.0
2024-03-01 12:32:00,ABEO,7.715000152587891,7.715000152587891,7.730000019073486,7.699999809265137,7.699999809265137,2085.0
2024-03-01 12:32:00,ABSI,5.255000114440918,5.255000114440918,5.260000228881836,5.25,5.25,3625.0
2024-03-01 12:32:00,ACAD,24.235000610351562,24.235000610351562,24.246999740600586,24.200000762939453,24.229999542236328,5637.0
2024-03-01 12:32:00,ACB,3.184999942779541,3.184999942779541,3.184999942779541,3.184999942779541,3.184999942779541,2331.0
2024-03-01 12:32:00,ACET,2.375,2.375,2.3787999153137207,2.371000051498413,2.375,1017.0
2024-03-01 12:32:00,ACHC,84.25,84.25,84.33499908447266,84.25,84.33499908447266,2491.0
2024-03-01 12:32:00,ACLX,67.11000061035156,67.11000061035156,67.16999816894531,67.07499694824219,67.1500015258789,1435.0
2024-03-01 12:32:00,ACRS,1.2400000095367432,1.2400000095367432,1.2400000095367432,1.2400000095367432,1.2400000095367432,764.0
2024-03-01 12:32:00,ADIL,3.25,3.25,3.2799999713897705,3.2100000381469727,3.219899892807007,77427.0
2024-03-01 12:32:00,ADMA,5.43120002746582,5.43120002746582,5.440000057220459,5.43120002746582,5.439700126647949,3246.0
2024-03-01 12:32:00,ADPT,4.195499897003174,4.195499897003174,4.195499897003174,4.195000171661377,4.195000171661377,456.0
2024-03-01 12:32:00,ADUS,93.5199966430664,93.5199966430664,93.5199966430664,93.5199966430664,93.5199966430664,127.0
2024-03-01 12:32:00,ADVM,1.9600000381469727,1.9600000381469727,1.965000033378601,1.9600000381469727,1.965000033378601,555.0
2024-03-01 12:32:00,AFIB,0.20960000157356262,0.20960000157356262,0.2150000035762787,0.20960000157356262,0.2150000035762787,28336.0
2024-03-01 12:32:00,AFMD,0.625,0.625,0.625,0.625,0.625,468.0
2024-03-01 12:32:00,AGEN,0.6738749742507935,0.6738749742507935,0.6739000082015991,0.6738499999046326,0.6738499999046326,7824.0
2024-03-01 12:32:00,AIMD,0.9998999834060669,0.9998999834060669,0.9998999834060669,0.9998999834060669,0.9998999834060669,509.0
2024-03-01 12:32:00,AKAN,0.24009999632835388,0.24009999632835388,0.24009999632835388,0.24009999632835388,0.24009999632835388,436.0
2024-03-01 12:32:00,AKBA,1.690000057220459,1.690000057220459,1.690000057220459,1.6799999475479126,1.6875,7804.0
2024-03-01 12:32:00,AKLI,0.33559998869895935,0.33559998869895935,0.3384000062942505,0.33559998869895935,0.3384000062942505,402.0
2024-03-01 12:32:00,AKRO,30.209999084472656,30.209999084472656,30.209999084472656,30.18000030517578,30.18000030517578,739.0
2024-03-01 12:32:00,ALEC,7.349999904632568,7.349999904632568,7.349999904632568,7.349999904632568,7.349999904632568,2479.0
2024-03-01 12:32:00,ALGS,1.1150000095367432,1.1150000095367432,1.1150000095367432,1.1150000095367432,1.1150000095367432,403.0
2024-03-01 12:32:00,ALHC,5.760000228881836,5.760000228881836,5.760000228881836,5.760000228881836,5.760000228881836,110.0
2024-03-01 12:32:00,ALKS,30.010000228881836,30.010000228881836,30.030000686645508,30.010000228881836,30.024999618530273,2300.0
2024-03-01 12:32:00,ALLK,1.6050000190734863,1.6050000190734863,1.6074999570846558,1.600000023841858,1.6074999570846558,790.0
2024-03-01 12:32:00,ALNY,154.27999877929688,154.27999877929688,154.27999877929688,154.27999877929688,154.27999877929688,145.0
2024-03-01 12:32:00,ALPN,35.63349914550781,35.63349914550781,35.75,35.630001068115234,35.75,4633.0
2024-03-01 12:32:00,ALT,12.03499984741211,12.03499984741211,12.03499984741211,11.979999542236328,12.000100135803223,15140.0
2024-03-01 12:32:00,ALVR,0.7540000081062317,0.7540000081062317,0.7555999755859375,0.7534000277519226,0.7541000247001648,9935.0
2024-03-01 12:32:00,ALXO,14.979999542236328,14.979999542236328,14.989999771118164,14.979999542236328,14.989999771118164,211.0
2024-03-01 12:32:00,AMED,93.20999908447266,93.20999908447266,93.20999908447266,93.20999908447266,93.20999908447266,116.0
2024-03-01 12:32:00,AMGN,281.25,281.25,281.3999938964844,281.25,281.33990478515625,18081.0
2024-03-01 12:32:00,AMPH,45.34000015258789,45.34000015258789,45.400001525878906,45.283599853515625,45.290000915527344,4944.0
2024-03-01 12:32:00,AMRN,1.059999942779541,1.059999942779541,1.059999942779541,1.059999942779541,1.059999942779541,294.0
2024-03-01 12:32:00,ANGO,5.5,5.5,5.5,5.485000133514404,5.485000133514404,6179.0
2024-03-01 12:32:00,ANIK,24.829999923706055,24.829999923706055,24.829999923706055,24.829999923706055,24.829999923706055,131.0
2024-03-01 12:32:00,ANIP,66.12000274658203,66.12000274658203,66.125,66.12000274658203,66.125,339.0
2024-03-01 12:32:00,ANNX,5.980000019073486,5.980000019073486,5.980000019073486,5.980000019073486,5.980000019073486,1228.0
2024-03-01 12:32:00,ANTX,3.0399999618530273,3.0399999618530273,3.0399999618530273,3.0399999618530273,3.0399999618530273,447.0
2024-03-01 12:32:00,APLS,64.94000244140625,64.94000244140625,64.94000244140625,64.94000244140625,64.94000244140625,258.0
2024-03-01 12:32:00,APLT,7.090000152587891,7.090000152587891,7.090000152587891,7.090000152587891,7.090000152587891,717.0
2024-03-01 12:32:00,AQST,4.28849983215332,4.28849983215332,4.28849983215332,4.28849983215332,4.28849983215332,228.0
2024-03-01 12:32:00,ARAY,2.630000114440918,2.630000114440918,2.630000114440918,2.630000114440918,2.630000114440918,102.0
2024-03-01 12:32:00,ARCT,39.71500015258789,39.71500015258789,39.71500015258789,39.71500015258789,39.71500015258789,173.0
2024-03-01 12:32:00,ARDX,9.640000343322754,9.640000343322754,9.645000457763672,9.640000343322754,9.645000457763672,783.0
2024-03-01 12:32:00,ARGX,390.82501220703125,390.82501220703125,390.82501220703125,390.82501220703125,390.82501220703125,377.0
2024-03-01 12:32:00,ARQT,11.734999656677246,11.734999656677246,11.739999771118164,11.725000381469727,11.725000381469727,4893.0
2024-03-01 12:32:00,ARVN,49.20000076293945,49.20000076293945,49.22999954223633,49.20000076293945,49.22999954223633,762.0
2024-03-01 12:32:00,ARWR,35.959999084472656,35.959999084472656,35.959999084472656,35.91999816894531,35.91999816894531,2308.0
2024-03-01 12:32:00,ASND,150.5449981689453,150.5449981689453,150.77499389648438,150.5449981689453,150.77499389648438,415.0
2024-03-01 12:32:00,ASRT,0.9340000152587891,0.9340000152587891,0.9340000152587891,0.9340000152587891,0.9340000152587891,375.0
2024-03-01 12:32:00,ATEC,13.600000381469727,13.600000381469727,13.600000381469727,13.5600004196167,13.5600004196167,10876.0
2024-03-01 12:32:00,ATOS,1.0099999904632568,1.0099999904632568,1.0099999904632568,1.0099999904632568,1.0099999904632568,6203.0
2024-03-01 12:32:00,ATRA,0.7890999913215637,0.7890999913215637,0.7930999994277954,0.7890999913215637,0.7890999913215637,1200.0
2024-03-01 12:32:00,ATRC,36.084999084472656,36.084999084472656,36.084999084472656,36.064998626708984,36.08000183105469,1494.0
2024-03-01 12:32:00,ATXI,0.1509000062942505,0.1509000062942505,0.1535000056028366,0.1509000062942505,0.15330000221729279,7446.0
2024-03-01 12:32:00,ATXS,14.989999771118164,14.989999771118164,14.989999771118164,14.989999771118164,14.989999771118164,300.0
2024-03-01 12:32:00,AUGX,4.565000057220459,4.565000057220459,4.565000057220459,4.565000057220459,4.565000057220459,107.0
2024-03-01 12:32:00,AUPH,5.860000133514404,5.860000133514404,5.861599922180176,5.849999904632568,5.861599922180176,13939.0
2024-03-01 12:32:00,AUTL,6.349999904632568,6.349999904632568,6.349999904632568,6.349999904632568,6.349999904632568,443.0
2024-03-01 12:32:00,AVDL,12.920000076293945,12.920000076293945,12.93019962310791,12.920000076293945,12.920000076293945,3144.0
2024-03-01 12:32:00,AVIR,4.519999980926514,4.519999980926514,4.519999980926514,4.519999980926514,4.519999980926514,340.0
2024-03-01 12:32:00,AVRO,1.350000023841858,1.350000023841858,1.350000023841858,1.350000023841858,1.350000023841858,100.0
2024-03-01 12:32:00,AVXL,5.375,5.375,5.378499984741211,5.375,5.375,1924.0
2024-03-01 12:32:00,AXSM,82.44000244140625,82.44000244140625,82.44000244140625,82.44000244140625,82.44000244140625,228.0
2024-03-01 12:32:00,AZN,64.69000244140625,64.69000244140625,64.69000244140625,64.66999816894531,64.67500305175781,4420.0
2024-03-01 12:32:00,AZTA,66.79000091552734,66.79000091552734,66.79000091552734,66.76000213623047,66.76000213623047,293.0
2024-03-01 12:32:00,BBIO,36.02000045776367,36.02000045776367,36.02000045776367,36.02000045776367,36.02000045776367,123.0
2024-03-01 12:32:00,BCAB,2.734999895095825,2.734999895095825,2.734999895095825,2.734999895095825,2.734999895095825,281.0
2024-03-01 12:32:00,BCLI,0.3580000102519989,0.3580000102519989,0.3580000102519989,0.3580000102519989,0.3580000102519989,2648.0
2024-03-01 12:32:00,BCRX,5.760000228881836,5.760000228881836,5.760000228881836,5.760000228881836,5.760000228881836,328.0
2024-03-01 12:32:00,BCTX,3.549999952316284,3.549999952316284,3.549999952316284,3.549999952316284,3.549999952316284,128.0
2024-03-01 12:32:00,BDSX,1.679900050163269,1.679900050163269,1.679900050163269,1.679900050163269,1.679900050163269,1000.0
2024-03-01 12:32:00,BDTX,4.989999771118164,4.989999771118164,4.989999771118164,4.985000133514404,4.985000133514404,2965.0
2024-03-01 12:32:00,BEAM,40.09000015258789,40.09000015258789,40.099998474121094,40.06999969482422,40.099998474121094,639.0
2024-03-01 12:32:00,BFRI,0.8604000210762024,0.8604000210762024,0.8604000210762024,0.8604000210762024,0.8604000210762024,3541.0
2024-03-01 12:32:00,BIIB,220.8699951171875,220.8699951171875,220.8699951171875,220.8699951171875,220.8699951171875,680.0
2024-03-01 12:32:00,BIVI,1.840000033378601,1.840000033378601,1.8600000143051147,1.8200000524520874,1.8200000524520874,42277.0
2024-03-01 12:32:00,BJDX,0.800000011920929,0.800000011920929,0.800000011920929,0.800000011920929,0.800000011920929,536.0
2024-03-01 12:32:00,BLFS,18.360000610351562,18.360000610351562,18.360000610351562,18.34000015258789,18.34000015258789,939.0
2024-03-01 12:32:00,BLUE,1.5817999839782715,1.5817999839782715,1.589900016784668,1.5800000429153442,1.587499976158142,4546.0
2024-03-01 12:32:00,BMEA,17.954999923706055,17.954999923706055,17.969999313354492,17.940000534057617,17.969999313354492,2885.0
2024-03-01 12:32:00,BMRN,87.19000244140625,87.19000244140625,87.22000122070312,87.19000244140625,87.22000122070312,997.0
2024-03-01 12:32:00,BNGO,1.2431999444961548,1.2431999444961548,1.2450000047683716,1.2431999444961548,1.2450000047683716,1805.0
2024-03-01 12:32:00,BNTX,91.8550033569336,91.8550033569336,91.86000061035156,91.80999755859375,91.86000061035156,4281.0
2024-03-01 12:32:00,BPMC,97.32499694824219,97.32499694824219,97.36000061035156,97.30500030517578,97.36000061035156,2993.0
2024-03-01 12:32:00,BRKR,88.33999633789062,88.33999633789062,88.33999633789062,88.31999969482422,88.31999969482422,542.0
2024-03-01 12:32:00,BSGM,0.6439999938011169,0.6439999938011169,0.6440500020980835,0.6439999938011169,0.6439999938011169,300.0
2024-03-01 12:32:00,BTAI,3.2200000286102295,3.2200000286102295,3.2200000286102295,3.2200000286102295,3.2200000286102295,636.0
2024-03-01 12:32:00,BTTX,0.17309999465942383,0.17309999465942383,0.17309999465942383,0.17309999465942383,0.17309999465942383,666.0
2024-03-01 12:32:00,BWAY,6.53000020980835,6.53000020980835,6.53000020980835,6.53000020980835,6.53000020980835,120.0
2024-03-01 12:32:00,CABA,23.979999542236328,23.979999542236328,23.979999542236328,23.979999542236328,23.979999542236328,298.0
2024-03-01 12:32:00,CBAY,32.23500061035156,32.23500061035156,32.2400016784668,32.23500061035156,32.23500061035156,13602.0
2024-03-01 12:32:00,CCCC,10.869999885559082,10.869999885559082,10.869999885559082,10.854999542236328,10.859999656677246,1614.0
2024-03-01 12:32:00,CCRN,18.25,18.25,18.264999389648438,18.25,18.264999389648438,231.0
2024-03-01 12:32:00,CDMO,8.029999732971191,8.029999732971191,8.050000190734863,8.029999732971191,8.050000190734863,703.0
2024-03-01 12:32:00,CDNA,12.34000015258789,12.34000015258789,12.34000015258789,12.300000190734863,12.300000190734863,1610.0
2024-03-01 12:32:00,CDTX,0.7200999855995178,0.7200999855995178,0.7200999855995178,0.7200999855995178,0.7200999855995178,3026.0
2024-03-01 12:32:00,CDXS,4.46999979019165,4.46999979019165,4.480000019073486,4.460000038146973,4.480000019073486,1187.0
2024-03-01 12:32:00,CERE,41.099998474121094,41.099998474121094,41.10499954223633,41.099998474121094,41.099998474121094,1594.0
2024-03-01 12:32:00,CERS,2.2149999141693115,2.2149999141693115,2.2149999141693115,2.2149999141693115,2.2149999141693115,506.0
2024-03-01 12:32:00,CERT,17.700000762939453,17.700000762939453,17.704999923706055,17.690099716186523,17.700000762939453,2397.0
2024-03-01 12:32:00,CGC,3.259700059890747,3.259700059890747,3.259999990463257,3.255000114440918,3.255000114440918,3504.0
2024-03-01 12:32:00,CGEM,18.989999771118164,18.989999771118164,19.014999389648438,18.989999771118164,18.989999771118164,410.0
2024-03-01 12:32:00,CGEN,2.690000057220459,2.690000057220459,2.690000057220459,2.690000057220459,2.690000057220459,504.0
2024-03-01 12:32:00,CHRS,2.371000051498413,2.371000051498413,2.375,2.369999885559082,2.375,2826.0
2024-03-01 12:32:00,CKPT,2.2100000381469727,2.2100000381469727,2.2100000381469727,2.2100000381469727,2.2100000381469727,400.0
2024-03-01 12:32:00,CLDX,50.33000183105469,50.33000183105469,50.540000915527344,50.29999923706055,50.5099983215332,11932.0
2024-03-01 12:32:00,CLNN,0.3874000012874603,0.3874000012874603,0.3874000012874603,0.3874000012874603,0.3874000012874603,200.0
2024-03-01 12:32:00,CLOV,0.8654999732971191,0.8654999732971191,0.8654999732971191,0.8654000163078308,0.8654999732971191,13503.0
2024-03-01 12:32:00,CLRB,4.119999885559082,4.119999885559082,4.130000114440918,4.119999885559082,4.130000114440918,1625.0
2024-03-01 12:32:00,CMPS,11.444999694824219,11.444999694824219,11.444999694824219,11.444999694824219,11.444999694824219,200.0
2024-03-01 12:32:00,CMPX,1.850000023841858,1.850000023841858,1.850000023841858,1.850000023841858,1.850000023841858,104.0
2024-03-01 12:32:00,CMRX,1.149999976158142,1.149999976158142,1.149999976158142,1.1399999856948853,1.1435999870300293,9985.0
2024-03-01 12:32:00,CNSP,0.31962698698043823,0.31962698698043823,0.31962698698043823,0.31962698698043823,0.31962698698043823,200.0
2024-03-01 12:32:00,CNTX,1.1799999475479126,1.1799999475479126,1.1799999475479126,1.1793999671936035,1.1793999671936035,536.0
2024-03-01 12:32:00,COGT,7.215000152587891,7.215000152587891,7.215000152587891,7.215000152587891,7.215000152587891,2036.0
2024-03-01 12:32:00,CORT,24.09000015258789,24.09000015258789,24.100000381469727,24.09000015258789,24.100000381469727,2262.0
2024-03-01 12:32:00,CPRX,17.020000457763672,17.020000457763672,17.020000457763672,17.020000457763672,17.020000457763672,601.0
2024-03-01 12:32:00,CPSI,9.449999809265137,9.449999809265137,9.489999771118164,9.449999809265137,9.489999771118164,337.0
2024-03-01 12:32:00,CRBU,7.998000144958496,7.998000144958496,8.005000114440918,7.989999771118164,8.005000114440918,2408.0
2024-03-01 12:32:00,CRDF,2.315000057220459,2.315000057220459,2.315200090408325,2.309999942779541,2.315000057220459,3975.0
2024-03-01 12:32:00,CRON,2.059999942779541,2.059999942779541,2.059999942779541,2.055000066757202,2.059999942779541,552.0
2024-03-01 12:32:00,CRSP,85.50499725341797,85.50499725341797,85.5199966430664,85.44999694824219,85.5199966430664,1560.0
2024-03-01 12:32:00,CSTL,20.510000228881836,20.510000228881836,20.565000534057617,20.510000228881836,20.565000534057617,1841.0
2024-03-01 12:32:00,CTKB,8.704999923706055,8.704999923706055,8.704999923706055,8.699999809265137,8.699999809265137,1262.0
2024-03-01 12:32:00,CTMX,2.6700000762939453,2.6700000762939453,2.6700000762939453,2.661799907684326,2.6659998893737793,2500.0
2024-03-01 12:32:00,CUE,2.2049999237060547,2.2049999237060547,2.2100000381469727,2.2049999237060547,2.2049999237060547,2618.0
2024-03-01 12:32:00,CUTR,2.430000066757202,2.430000066757202,2.434999942779541,2.430000066757202,2.434999942779541,836.0
2024-03-01 12:32:00,CVAC,3.5,3.5,3.5,3.5,3.5,102.0
2024-03-01 12:32:00,CYTK,73.45999908447266,73.45999908447266,73.47000122070312,73.41999816894531,73.44000244140625,2037.0
2024-03-01 12:32:00,CYTO,2.3399999141693115,2.3399999141693115,2.3399999141693115,2.299999952316284,2.299999952316284,1592.0
2024-03-01 12:32:00,DARE,0.5519999861717224,0.5519999861717224,0.5519999861717224,0.5519999861717224,0.5519999861717224,1150.0
2024-03-01 12:32:00,DAWN,17.479999542236328,17.479999542236328,17.489999771118164,17.479999542236328,17.489999771118164,778.0
2024-03-01 12:32:00,DCGO,4.114999771118164,4.114999771118164,4.114999771118164,4.112500190734863,4.112500190734863,318.0
2024-03-01 12:32:00,DCPH,17.469999313354492,17.469999313354492,17.4950008392334,17.469999313354492,17.479999542236328,3715.0
2024-03-01 12:32:00,DH,8.869999885559082,8.869999885559082,8.869999885559082,8.869999885559082,8.869999885559082,462.0
2024-03-01 12:32:00,DMTK,0.8770999908447266,0.8770999908447266,0.8770999908447266,0.8770290017127991,0.8770999908447266,1920.0
2024-03-01 12:32:00,DNLI,20.860000610351562,20.860000610351562,20.860000610351562,20.860000610351562,20.860000610351562,608.0
2024-03-01 12:32:00,DRIO,1.9924999475479126,1.9924999475479126,2.0,1.9924999475479126,1.9950000047683716,330.0
2024-03-01 12:32:00,DRRX,1.0,1.0,1.0,1.0,1.0,100.0
2024-03-01 12:32:00,DXCM,121.36000061035156,121.36000061035156,121.37000274658203,121.04000091552734,121.08999633789062,20711.0
2024-03-01 12:32:00,DYN,28.25,28.25,28.25,28.219999313354492,28.25,1546.0
2024-03-01 12:32:00,EDIT,10.84000015258789,10.84000015258789,10.84000015258789,10.84000015258789,10.84000015258789,129.0
2024-03-01 12:32:00,EFTR,15.074299812316895,15.074299812316895,15.140000343322754,15.074299812316895,15.130000114440918,950.0
2024-03-01 12:32:00,EGRX,6.789999961853027,6.789999961853027,6.809999942779541,6.7846999168396,6.7846999168396,1284.0
2024-03-01 12:32:00,ELEV,4.800000190734863,4.800000190734863,4.829999923706055,4.800000190734863,4.804999828338623,2325.0
2024-03-01 12:32:00,ENLV,3.299999952316284,3.299999952316284,3.299999952316284,3.299999952316284,3.299999952316284,3881.0
2024-03-01 12:32:00,ENTA,15.320099830627441,15.320099830627441,15.359999656677246,15.289999961853027,15.300000190734863,4446.0
2024-03-01 12:32:00,ENVB,1.5398999452590942,1.5398999452590942,1.5399999618530273,1.5302000045776367,1.5302000045776367,1363.0
2024-03-01 12:32:00,EOLS,14.69379997253418,14.69379997253418,14.69379997253418,14.69379997253418,14.69379997253418,257.0
2024-03-01 12:32:00,EQ,2.4749999046325684,2.4749999046325684,2.4749999046325684,2.4749999046325684,2.4749999046325684,308.0
2024-03-01 12:32:00,ESPR,2.5450000762939453,2.5450000762939453,2.5450000762939453,2.5399999618530273,2.5399999618530273,2353.0
2024-03-01 12:32:00,ETNB,13.140000343322754,13.140000343322754,13.149999618530273,13.140000343322754,13.140000343322754,2255.0
2024-03-01 12:32:00,EWTX,17.1200008392334,17.1200008392334,17.1299991607666,17.1200008392334,17.1299991607666,1458.0
2024-03-01 12:32:00,EXAS,60.34000015258789,60.34000015258789,60.34000015258789,60.310001373291016,60.310001373291016,2212.0
2024-03-01 12:32:00,EXEL,22.469999313354492,22.469999313354492,22.469999313354492,22.459999084472656,22.459999084472656,1053.0
2024-03-01 12:32:00,EYEN,2.349900007247925,2.349900007247925,2.349900007247925,2.3498001098632812,2.3498001098632812,6202.0
2024-03-01 12:32:00,FATE,7.539999961853027,7.539999961853027,7.550000190734863,7.539999961853027,7.545000076293945,5458.0
2024-03-01 12:32:00,FDMT,29.25,29.25,29.252500534057617,29.219999313354492,29.219999313354492,964.0
2024-03-01 12:32:00,FEMY,1.7101000547409058,1.7101000547409058,1.7300000190734863,1.7101000547409058,1.7300000190734863,478.0
2024-03-01 12:32:00,FGEN,1.8600000143051147,1.8600000143051147,1.8600000143051147,1.8600000143051147,1.8600000143051147,1135.0
2024-03-01 12:32:00,FHTX,8.0,8.0,8.0,8.0,8.0,360.0
2024-03-01 12:32:00,FOLD,13.329999923706055,13.329999923706055,13.329999923706055,13.324999809265137,13.329999923706055,5906.0
2024-03-01 12:32:00,FULC,10.899999618530273,10.899999618530273,10.899999618530273,10.890000343322754,10.890000343322754,1467.0
2024-03-01 12:32:00,FUSN,12.21500015258789,12.21500015258789,12.229999542236328,12.199999809265137,12.229999542236328,2573.0
2024-03-01 12:32:00,FWBI,8.550000190734863,8.550000190734863,8.550000190734863,8.550000190734863,8.550000190734863,551.0
2024-03-01 12:32:00,GDRX,8.274999618530273,8.274999618530273,8.329899787902832,8.274999618530273,8.329899787902832,10503.0
2024-03-01 12:32:00,GERN,2.200000047683716,2.200000047683716,2.200000047683716,2.1919000148773193,2.1919000148773193,40355.0
2024-03-01 12:32:00,GH,19.200000762939453,19.200000762939453,19.200000762939453,19.200000762939453,19.200000762939453,1131.0
2024-03-01 12:32:00,GILD,72.28500366210938,72.28500366210938,72.28959655761719,72.26499938964844,72.2699966430664,29887.0
2024-03-01 12:32:00,GLTO,0.7450000047683716,0.7450000047683716,0.7450000047683716,0.7450000047683716,0.7450000047683716,3735.0
2024-03-01 12:32:00,GMAB,29.334999084472656,29.334999084472656,29.334999084472656,29.334999084472656,29.334999084472656,183.0
2024-03-01 12:32:00,GNPX,4.5,4.5,4.5,4.5,4.5,197.0
2024-03-01 12:32:00,GOSS,1.3600000143051147,1.3600000143051147,1.3650000095367432,1.3600000143051147,1.3650000095367432,1055.0
2024-03-01 12:32:00,GRFS,7.074999809265137,7.074999809265137,7.079999923706055,7.074999809265137,7.079999923706055,838.0
2024-03-01 12:32:00,GRPH,3.4800000190734863,3.4800000190734863,3.4800000190734863,3.4800000190734863,3.4800000190734863,775.0
2024-03-01 12:32:00,GRTS,2.1830999851226807,2.1830999851226807,2.184999942779541,2.171799898147583,2.171799898147583,9489.0
2024-03-01 12:32:00,GTHX,3.690000057220459,3.690000057220459,3.696899890899658,3.684999942779541,3.694999933242798,5931.0
2024-03-01 12:32:00,HALO,41.63999938964844,41.63999938964844,41.63999938964844,41.59000015258789,41.59000015258789,3350.0
2024-03-01 12:32:00,HCAT,8.024999618530273,8.024999618530273,8.029999732971191,8.020000457763672,8.020000457763672,3237.0
2024-03-01 12:32:00,HLVX,18.8799991607666,18.8799991607666,18.8799991607666,18.8799991607666,18.8799991607666,115.0
2024-03-01 12:32:00,HOLX,73.7300033569336,73.7300033569336,73.73999786376953,73.7300033569336,73.73999786376953,1226.0
2024-03-01 12:32:00,HOWL,6.981800079345703,6.981800079345703,6.989999771118164,6.981800079345703,6.989999771118164,285.0
2024-03-01 12:32:00,HQY,81.7249984741211,81.7249984741211,81.7249984741211,81.7249984741211,81.7249984741211,198.0
2024-03-01 12:32:00,HRTX,2.5999999046325684,2.5999999046325684,2.5999999046325684,2.5950000286102295,2.5950000286102295,1867.0
2024-03-01 12:32:00,HSIC,76.88999938964844,76.88999938964844,76.88999938964844,76.87999725341797,76.87999725341797,931.0
2024-03-01 12:32:00,HUMA,3.444999933242798,3.444999933242798,3.444999933242798,3.440000057220459,3.444999933242798,1728.0
2024-03-01 12:32:00,IART,36.529998779296875,36.529998779296875,36.529998779296875,36.4900016784668,36.4900016784668,200.0
2024-03-01 12:32:00,IBRX,4.840000152587891,4.840000152587891,4.840000152587891,4.835000038146973,4.840000152587891,4984.0
2024-03-01 12:32:00,ICLR,322.92498779296875,322.92498779296875,323.1449890136719,322.92498779296875,323.1449890136719,710.0
2024-03-01 12:32:00,ICUI,104.9800033569336,104.9800033569336,105.23999786376953,104.9800033569336,105.23999786376953,4203.0
2024-03-01 12:32:00,IDYA,46.380001068115234,46.380001068115234,46.380001068115234,46.380001068115234,46.380001068115234,170.0
2024-03-01 12:32:00,IGMS,13.364999771118164,13.364999771118164,13.364999771118164,13.364999771118164,13.364999771118164,101.0
2024-03-01 12:32:00,IKNA,1.4704999923706055,1.4704999923706055,1.4800000190734863,1.4704999923706055,1.4800000190734863,1097.0
2024-03-01 12:32:00,ILMN,142.50999450683594,142.50999450683594,142.50999450683594,142.44000244140625,142.44000244140625,1465.0
2024-03-01 12:32:00,IMCR,67.87000274658203,67.87000274658203,67.87000274658203,67.7249984741211,67.87000274658203,7955.0
2024-03-01 12:32:00,IMMX,3.555000066757202,3.555000066757202,3.559999942779541,3.555000066757202,3.559999942779541,601.0
2024-03-01 12:32:00,IMNM,26.049999237060547,26.049999237060547,26.1299991607666,26.049999237060547,26.1299991607666,1825.0
2024-03-01 12:32:00,IMUX,1.4900000095367432,1.4900000095367432,1.4900000095367432,1.4900000095367432,1.4900000095367432,280.0
2024-03-01 12:32:00,IMVT,36.380001068115234,36.380001068115234,36.380001068115234,36.345001220703125,36.345001220703125,259.0
2024-03-01 12:32:00,INCY,59.165000915527344,59.165000915527344,59.16999816894531,59.15999984741211,59.16999816894531,1915.0
2024-03-01 12:32:00,INGN,6.855000019073486,6.855000019073486,6.855000019073486,6.855000019073486,6.855000019073486,370.0
2024-03-01 12:32:00,INMD,22.950000762939453,22.950000762939453,22.969999313354492,22.950000762939453,22.969999313354492,1322.0
2024-03-01 12:32:00,INO,9.369999885559082,9.369999885559082,9.369999885559082,9.359999656677246,9.359999656677246,1779.0
2024-03-01 12:32:00,INSM,28.5,28.5,28.5,28.5,28.5,359.0
2024-03-01 12:32:00,INVA,15.595000267028809,15.595000267028809,15.595000267028809,15.595000267028809,15.595000267028809,477.0
2024-03-01 12:32:00,INZY,6.71999979019165,6.71999979019165,6.71999979019165,6.715000152587891,6.715000152587891,630.0
2024-03-01 12:32:00,IONS,45.85499954223633,45.85499954223633,45.86000061035156,45.85499954223633,45.86000061035156,1043.0
2024-03-01 12:32:00,IOVA,16.75149917602539,16.75149917602539,16.795000076293945,16.739900588989258,16.795000076293945,17735.0
2024-03-01 12:32:00,IRMD,41.959999084472656,41.959999084472656,41.959999084472656,41.959999084472656,41.959999084472656,100.0
2024-03-01 12:32:00,IRTC,120.79499816894531,120.79499816894531,120.79499816894531,120.79499816894531,120.79499816894531,1033.0
2024-03-01 12:32:00,IRWD,9.154999732971191,9.154999732971191,9.15999984741211,9.135000228881836,9.135000228881836,25462.0
2024-03-01 12:32:00,ISRG,394.3900146484375,394.3900146484375,394.4800109863281,394.3900146484375,394.3999938964844,1597.0
2024-03-01 12:32:00,ITOS,10.760000228881836,10.760000228881836,10.760000228881836,10.760000228881836,10.760000228881836,101.0
2024-03-01 12:32:00,ITRM,1.2489999532699585,1.2489999532699585,1.2489999532699585,1.2400000095367432,1.2400000095367432,1000.0
2024-03-01 12:32:00,IVVD,4.0,4.0,4.0,3.994999885559082,3.996999979019165,1418.0
2024-03-01 12:32:00,JAGX,0.07270000129938126,0.07270000129938126,0.07360000163316727,0.07240000367164612,0.0731000006198883,33495.0
2024-03-01 12:32:00,JAZZ,118.91999816894531,118.91999816894531,118.94000244140625,118.8499984741211,118.8499984741211,2142.0
2024-03-01 12:32:00,KALV,13.979999542236328,13.979999542236328,13.979999542236328,13.970000267028809,13.979999542236328,1668.0
2024-03-01 12:32:00,KMDA,6.398600101470947,6.398600101470947,6.398600101470947,6.398600101470947,6.398600101470947,178.0
2024-03-01 12:32:00,KNSA,21.610000610351562,21.610000610351562,21.610000610351562,21.610000610351562,21.610000610351562,201.0
2024-03-01 12:32:00,KNTE,2.6050000190734863,2.6050000190734863,2.6050000190734863,2.6050000190734863,2.6050000190734863,185.0
2024-03-01 12:32:00,KPRX,0.6686990261077881,0.6686990261077881,0.6686990261077881,0.6686990261077881,0.6686990261077881,310.0
2024-03-01 12:32:00,KPTI,1.1950000524520874,1.1950000524520874,1.1950000524520874,1.190000057220459,1.190000057220459,10618.0
2024-03-01 12:32:00,KRON,1.0299999713897705,1.0299999713897705,1.0299999713897705,1.024999976158142,1.0299999713897705,9204.0
2024-03-01 12:32:00,KROS,70.4000015258789,70.4000015258789,70.59500122070312,70.33000183105469,70.59500122070312,1706.0
2024-03-01 12:32:00,KRYS,167.94500732421875,167.94500732421875,167.94500732421875,167.91000366210938,167.91000366210938,1216.0
2024-03-01 12:32:00,KTRA,0.09650000184774399,0.09650000184774399,0.09709999710321426,0.09650000184774399,0.09709999710321426,16030.0
2024-03-01 12:32:00,KYMR,43.994998931884766,43.994998931884766,43.994998931884766,43.9900016784668,43.9900016784668,283.0
2024-03-01 12:32:00,KZR,1.0750000476837158,1.0750000476837158,1.0750000476837158,1.0750000476837158,1.0750000476837158,300.0
2024-03-01 12:32:00,LAB,2.484999895095825,2.484999895095825,2.494999885559082,2.4800000190734863,2.494999885559082,18194.0
2024-03-01 12:32:00,LEGN,66.0250015258789,66.0250015258789,66.02999877929688,66.0250015258789,66.02999877929688,761.0
2024-03-01 12:32:00,LEXX,2.7679998874664307,2.7679998874664307,2.7679998874664307,2.7679998874664307,2.7679998874664307,990.0
2024-03-01 12:32:00,LFMD,8.005000114440918,8.005000114440918,8.005000114440918,8.0,8.0,400.0
2024-03-01 12:32:00,LIVN,55.47999954223633,55.47999954223633,55.47999954223633,55.47999954223633,55.47999954223633,549.0
2024-03-01 12:32:00,LMAT,67.3949966430664,67.3949966430664,67.3949966430664,67.22000122070312,67.22000122070312,2448.0
2024-03-01 12:32:00,LPTX,2.9700000286102295,2.9700000286102295,2.9700000286102295,2.9700000286102295,2.9700000286102295,530.0
2024-03-01 12:32:00,LRMR,11.515000343322754,11.515000343322754,11.539999961853027,11.515000343322754,11.539999961853027,814.0
2024-03-01 12:32:00,LTRN,4.590000152587891,4.590000152587891,4.590000152587891,4.590000152587891,4.590000152587891,316.0
2024-03-01 12:32:00,LXRX,2.490799903869629,2.490799903869629,2.494999885559082,2.4800000190734863,2.490000009536743,6179.0
2024-03-01 12:32:00,MACK,14.710000038146973,14.710000038146973,14.710000038146973,14.710000038146973,14.710000038146973,124.0
2024-03-01 12:32:00,MASI,128.39999389648438,128.39999389648438,128.39999389648438,128.2899932861328,128.2899932861328,736.0
2024-03-01 12:32:00,MCRB,1.2050000429153442,1.2050000429153442,1.2050000429153442,1.2050000429153442,1.2050000429153442,599.0
2024-03-01 12:32:00,MDGL,247.77999877929688,247.77999877929688,247.94000244140625,247.77999877929688,247.94000244140625,959.0
2024-03-01 12:32:00,MDRX,6.110000133514404,6.110000133514404,6.110000133514404,6.039999961853027,6.110000133514404,5276.0
2024-03-01 12:32:00,MDXG,8.619999885559082,8.619999885559082,8.619999885559082,8.619999885559082,8.619999885559082,198.0
2024-03-01 12:32:00,ME,0.5699999928474426,0.5699999928474426,0.5705999732017517,0.5697500109672546,0.5705999732017517,1500.0
2024-03-01 12:32:00,MEDP,401.75,401.75,402.1662902832031,401.75,402.1662902832031,996.0
2024-03-01 12:32:00,MGNX,18.775100708007812,18.775100708007812,18.780000686645508,18.775100708007812,18.780000686645508,1744.0
2024-03-01 12:32:00,MIST,1.7200000286102295,1.7200000286102295,1.809999942779541,1.7200000286102295,1.7999999523162842,22396.0
2024-03-01 12:32:00,MNKD,4.53000020980835,4.53000020980835,4.53000020980835,4.519999980926514,4.525000095367432,3501.0
2024-03-01 12:32:00,MNMD,6.119999885559082,6.119999885559082,6.120200157165527,6.110000133514404,6.119999885559082,10569.0
2024-03-01 12:32:00,MNPR,0.8282999992370605,0.8282999992370605,0.8299999833106995,0.8199999928474426,0.8199999928474426,2200.0
2024-03-01 12:32:00,MODD,1.9299999475479126,1.9299999475479126,1.9299999475479126,1.9299999475479126,1.9299999475479126,200.0
2024-03-01 12:32:00,MOR,17.579999923706055,17.579999923706055,17.579999923706055,17.579999923706055,17.579999923706055,104.0
2024-03-01 12:32:00,MORF,39.310001373291016,39.310001373291016,39.31999969482422,39.2599983215332,39.31999969482422,1590.0
2024-03-01 12:32:00,MOTS,0.6700000166893005,0.6700000166893005,0.6700000166893005,0.6700000166893005,0.6700000166893005,5019.0
2024-03-01 12:32:00,MRNA,96.5425033569336,96.5425033569336,96.55999755859375,96.41999816894531,96.48999786376953,10586.0
2024-03-01 12:32:00,MRSN,6.014999866485596,6.014999866485596,6.019999980926514,6.014999866485596,6.019999980926514,1144.0
2024-03-01 12:32:00,MRUS,51.77000045776367,51.77000045776367,51.77000045776367,51.7400016784668,51.7400016784668,1252.0
2024-03-01 12:32:00,MRVI,7.864999771118164,7.864999771118164,7.869999885559082,7.860000133514404,7.869999885559082,785.0
2024-03-01 12:32:00,MXCT,4.760000228881836,4.760000228881836,4.775000095367432,4.760000228881836,4.775000095367432,1978.0
2024-03-01 12:32:00,MYGN,21.549999237060547,21.549999237060547,21.549999237060547,21.530000686645508,21.530000686645508,601.0
2024-03-01 12:32:00,MYNZ,0.8600990176200867,0.8600990176200867,0.8600990176200867,0.8600990176200867,0.8600990176200867,100.0
2024-03-01 12:32:00,NARI,45.75,45.75,45.83000183105469,45.75,45.81999969482422,1515.0
2024-03-01 12:32:00,NBIX,130.99000549316406,130.99000549316406,130.99000549316406,130.88999938964844,130.88999938964844,937.0
2024-03-01 12:32:00,NDRA,1.1383999586105347,1.1383999586105347,1.1383999586105347,1.1299999952316284,1.1299999952316284,5734.0
2024-03-01 12:32:00,NEO,16.09000015258789,16.09000015258789,16.09000015258789,16.079999923706055,16.079999923706055,361.0
2024-03-01 12:32:00,NEOG,17.364999771118164,17.364999771118164,17.364999771118164,17.354999542236328,17.354999542236328,2018.0
2024-03-01 12:32:00,NGM,1.5299999713897705,1.5299999713897705,1.5299999713897705,1.5299999713897705,1.5299999713897705,611.0
2024-03-01 12:32:00,NKTR,0.7745000123977661,0.7745000123977661,0.7749999761581421,0.7745000123977661,0.7745000123977661,2520.0
2024-03-01 12:32:00,NKTX,12.944299697875977,12.944299697875977,12.944299697875977,12.9399995803833,12.9399995803833,741.0
2024-03-01 12:32:00,NNOX,11.170000076293945,11.170000076293945,11.170000076293945,11.170000076293945,11.170000076293945,1208.0
2024-03-01 12:32:00,NOTV,8.116800308227539,8.116800308227539,8.116800308227539,8.116800308227539,8.116800308227539,236.0
2024-03-01 12:32:00,NRIX,13.510000228881836,13.510000228881836,13.510000228881836,13.479999542236328,13.5,1873.0
2024-03-01 12:32:00,NRSN,2.1893999576568604,2.1893999576568604,2.190000057220459,2.1600000858306885,2.172100067138672,18197.0
2024-03-01 12:32:00,NRXP,0.4101009964942932,0.4101009964942932,0.4101009964942932,0.4101009964942932,0.4101009964942932,910.0
2024-03-01 12:32:00,NTLA,33.48500061035156,33.48500061035156,33.48500061035156,33.47999954223633,33.47999954223633,809.0
2024-03-01 12:32:00,NTRA,88.94499969482422,88.94499969482422,88.98999786376953,88.94499969482422,88.98999786376953,391.0
2024-03-01 12:32:00,NUTX,0.11400000005960464,0.11400000005960464,0.11400000005960464,0.11400000005960464,0.11400000005960464,1000.0
2024-03-01 12:32:00,NUVL,88.80999755859375,88.80999755859375,88.86000061035156,88.80999755859375,88.86000061035156,352.0
2024-03-01 12:32:00,NUWE,0.5799000263214111,0.5799000263214111,0.5799000263214111,0.5799000263214111,0.5799000263214111,1000.0
2024-03-01 12:32:00,NVAX,5.130000114440918,5.130000114440918,5.130000114440918,5.119999885559082,5.119999885559082,14668.0
2024-03-01 12:32:00,NVCR,16.0,16.0,16.010000228881836,16.0,16.010000228881836,393.0
2024-03-01 12:32:00,NVOS,0.633899986743927,0.633899986743927,0.633899986743927,0.6338989734649658,0.6338989734649658,10008.0
2024-03-01 12:32:00,NXTC,1.7400000095367432,1.7400000095367432,1.7549999952316284,1.7400000095367432,1.7549999952316284,200.0
2024-03-01 12:32:00,OCGN,0.9334999918937683,0.9334999918937683,0.9336000084877014,0.9333999752998352,0.9334999918937683,11674.0
2024-03-01 12:32:00,OCUL,10.710000038146973,10.710000038146973,10.734999656677246,10.710000038146973,10.734999656677246,9024.0
2024-03-01 12:32:00,OCUP,2.490000009536743,2.490000009536743,2.490000009536743,2.490000009536743,2.490000009536743,473.0
2024-03-01 12:32:00,OGI,2.180000066757202,2.180000066757202,2.1895999908447266,2.180000066757202,2.184999942779541,32814.0
2024-03-01 12:32:00,OLK,22.625,22.625,22.6299991607666,22.600000381469727,22.600000381469727,3132.0
2024-03-01 12:32:00,OMCL,26.524999618530273,26.524999618530273,26.524999618530273,26.524999618530273,26.524999618530273,318.0
2024-03-01 12:32:00,ONCY,1.1399999856948853,1.1399999856948853,1.1399999856948853,1.1399999856948853,1.1399999856948853,3079.0
2024-03-01 12:33:00,ABCL,5.195000171661377,5.195000171661377,5.199999809265137,5.195000171661377,5.195000171661377,401.0
2024-03-01 12:33:00,ABEO,7.730000019073486,7.730000019073486,7.730000019073486,7.715000152587891,7.715000152587891,564.0
2024-03-01 12:33:00,ABSI,5.255000114440918,5.255000114440918,5.255000114440918,5.255000114440918,5.255000114440918,643.0
2024-03-01 12:33:00,ABUS,2.7799999713897705,2.7799999713897705,2.7799999713897705,2.7799999713897705,2.7799999713897705,124.0
2024-03-01 12:33:00,ABVC,1.170699954032898,1.170699954032898,1.170699954032898,1.170699954032898,1.170699954032898,1110.0
2024-03-01 12:33:00,ACAD,24.239999771118164,24.239999771118164,24.25,24.239999771118164,24.239999771118164,2630.0
2024-03-01 12:33:00,ACB,3.180000066757202,3.180000066757202,3.1891000270843506,3.1700000762939453,3.1891000270843506,16631.0
2024-03-01 12:33:00,ACET,2.375,2.375,2.380000114440918,2.375,2.375,300.0
2024-03-01 12:33:00,ACHC,84.22000122070312,84.22000122070312,84.26000213623047,84.22000122070312,84.25,1195.0
2024-03-01 12:33:00,ACLX,67.06999969482422,67.06999969482422,67.08000183105469,67.06999969482422,67.08000183105469,578.0
2024-03-01 12:33:00,ACON,0.3937000036239624,0.3937000036239624,0.3937000036239624,0.3937000036239624,0.3937000036239624,300.0
2024-03-01 12:33:00,ACRS,1.2400000095367432,1.2400000095367432,1.2400000095367432,1.239300012588501,1.239300012588501,3818.0
2024-03-01 12:33:00,ADAP,1.600000023841858,1.600000023841858,1.600000023841858,1.600000023841858,1.600000023841858,430.0
2024-03-01 12:33:00,ADIL,3.299999952316284,3.299999952316284,3.3499999046325684,3.25,3.259999990463257,244859.0
2024-03-01 12:33:00,ADMA,5.434999942779541,5.434999942779541,5.434999942779541,5.429999828338623,5.434999942779541,7740.0
2024-03-01 12:33:00,ADPT,4.195000171661377,4.195000171661377,4.195000171661377,4.195000171661377,4.195000171661377,430.0
2024-03-01 12:33:00,ADVM,1.9700000286102295,1.9700000286102295,1.9700000286102295,1.9700000286102295,1.9700000286102295,1155.0
2024-03-01 12:33:00,AFIB,0.20509999990463257,0.20509999990463257,0.2150000035762787,0.20509999990463257,0.20900000631809235,32035.0
2024-03-01 12:33:00,AFMD,0.6299999952316284,0.6299999952316284,0.6299999952316284,0.625,0.625,20357.0
2024-03-01 12:33:00,AGEN,0.6738499999046326,0.6738499999046326,0.6739000082015991,0.6738499999046326,0.6739000082015991,912.0
2024-03-01 12:33:00,AGIO,32.849998474121094,32.849998474121094,32.86000061035156,32.849998474121094,32.86000061035156,621.0
2024-03-01 12:33:00,AHCO,10.755000114440918,10.755000114440918,10.755000114440918,10.755000114440918,10.755000114440918,599.0
2024-03-01 12:33:00,AIH,0.5012000203132629,0.5012000203132629,0.5012000203132629,0.5012000203132629,0.5012000203132629,398.0
2024-03-01 12:33:00,AIRS,6.510000228881836,6.510000228881836,6.510000228881836,6.510000228881836,6.510000228881836,100.0
2024-03-01 12:33:00,AKAN,0.24079999327659607,0.24079999327659607,0.24079999327659607,0.24079999327659607,0.24079999327659607,374.0
2024-03-01 12:33:00,AKBA,1.6799999475479126,1.6799999475479126,1.690000057220459,1.6799999475479126,1.684999942779541,2145.0
2024-03-01 12:33:00,AKLI,0.33559998869895935,0.33559998869895935,0.33559998869895935,0.33559998869895935,0.33559998869895935,2200.0
2024-03-01 12:33:00,AKRO,30.299999237060547,30.299999237060547,30.299999237060547,30.18000030517578,30.219999313354492,4242.0
2024-03-01 12:33:00,AKTX,2.297499895095825,2.297499895095825,2.299999952316284,2.297499895095825,2.299999952316284,1338.0
2024-03-01 12:33:00,AKYA,6.050000190734863,6.050000190734863,6.059999942779541,6.050000190734863,6.059999942779541,723.0
2024-03-01 12:33:00,ALDX,4.150000095367432,4.150000095367432,4.150000095367432,4.150000095367432,4.150000095367432,307.0
2024-03-01 12:33:00,ALEC,7.340000152587891,7.340000152587891,7.340000152587891,7.340000152587891,7.340000152587891,547.0
2024-03-01 12:33:00,ALHC,5.75,5.75,5.760000228881836,5.75,5.760000228881836,2980.0
2024-03-01 12:33:00,ALKS,30.010000228881836,30.010000228881836,30.010000228881836,30.010000228881836,30.010000228881836,100.0
2024-03-01 12:33:00,ALLK,1.6074999570846558,1.6074999570846558,1.6074999570846558,1.6074999570846558,1.6074999570846558,340.0
2024-03-01 12:33:00,ALLO,5.039999961853027,5.039999961853027,5.039999961853027,5.039999961853027,5.039999961853027,124.0
2024-03-01 12:33:00,ALNY,154.2100067138672,154.2100067138672,154.2899932861328,154.10499572753906,154.2899932861328,1396.0
2024-03-01 12:33:00,ALPN,35.619998931884766,35.619998931884766,35.689998626708984,35.619998931884766,35.68000030517578,1711.0
2024-03-01 12:33:00,ALT,12.029999732971191,12.029999732971191,12.039899826049805,12.029999732971191,12.039899826049805,2400.0
2024-03-01 12:33:00,AMGN,281.6050109863281,281.6050109863281,281.6300048828125,281.3900146484375,281.3900146484375,12048.0
2024-03-01 12:33:00,AMLX,18.8799991607666,18.8799991607666,18.887500762939453,18.829999923706055,18.850000381469727,4451.0
2024-03-01 12:33:00,AMPH,45.400001525878906,45.400001525878906,45.43000030517578,45.400001525878906,45.43000030517578,891.0
2024-03-01 12:33:00,ANIX,3.530100107192993,3.530100107192993,3.530100107192993,3.5299999713897705,3.5299999713897705,633.0
2024-03-01 12:33:00,ANNX,5.980000019073486,5.980000019073486,5.989999771118164,5.980000019073486,5.989999771118164,6901.0
2024-03-01 12:33:00,ANTX,3.0199999809265137,3.0199999809265137,3.0399999618530273,3.0199999809265137,3.031100034713745,2819.0
2024-03-01 12:33:00,APLS,64.94499969482422,64.94499969482422,65.0199966430664,64.94000244140625,64.98999786376953,6466.0
2024-03-01 12:33:00,AQST,4.289999961853027,4.289999961853027,4.289999961853027,4.270100116729736,4.28000020980835,7489.0
2024-03-01 12:33:00,ARAY,2.630000114440918,2.630000114440918,2.630000114440918,2.630000114440918,2.630000114440918,206.0
2024-03-01 12:33:00,ARCT,39.790000915527344,39.790000915527344,39.790000915527344,39.790000915527344,39.790000915527344,934.0
2024-03-01 12:33:00,ARDX,9.654999732971191,9.654999732971191,9.654999732971191,9.640000343322754,9.645000457763672,9986.0
2024-03-01 12:33:00,ARGX,390.82000732421875,390.82000732421875,390.82000732421875,390.82000732421875,390.82000732421875,215.0
2024-03-01 12:33:00,ARQT,11.734000205993652,11.734000205993652,11.760000228881836,11.734000205993652,11.739999771118164,14186.0
2024-03-01 12:33:00,ARTL,1.4900000095367432,1.4900000095367432,1.4900000095367432,1.4900000095367432,1.4900000095367432,1036.0
2024-03-01 12:33:00,ARVN,49.20000076293945,49.20000076293945,49.224998474121094,49.20000076293945,49.224998474121094,410.0
2024-03-01 12:33:00,ARWR,35.939998626708984,35.939998626708984,35.939998626708984,35.8849983215332,35.90999984741211,5127.0
2024-03-01 12:33:00,ASND,150.5500030517578,150.5500030517578,150.5500030517578,150.5500030517578,150.5500030517578,335.0
2024-03-01 12:33:00,ASRT,0.9337999820709229,0.9337999820709229,0.9337999820709229,0.9337999820709229,0.9337999820709229,101.0
2024-03-01 12:33:00,ATAI,2.108599901199341,2.108599901199341,2.108599901199341,2.0999999046325684,2.0999999046325684,498.0
2024-03-01 12:33:00,ATEC,13.614999771118164,13.614999771118164,13.614999771118164,13.604999542236328,13.609999656677246,4059.0
2024-03-01 12:33:00,ATHA,3.950000047683716,3.950000047683716,3.9749999046325684,3.950000047683716,3.9749999046325684,3918.0
2024-03-01 12:33:00,ATHE,1.7700999975204468,1.7700999975204468,1.7700999975204468,1.7700999975204468,1.7700999975204468,218.0
2024-03-01 12:33:00,ATOS,1.0199999809265137,1.0199999809265137,1.0199999809265137,1.0199999809265137,1.0199999809265137,114.0
2024-03-01 12:33:00,ATRA,0.7891499996185303,0.7891499996185303,0.7891499996185303,0.7891499996185303,0.7891499996185303,429.0
2024-03-01 12:33:00,ATRC,36.15999984741211,36.15999984741211,36.15999984741211,36.11000061035156,36.11000061035156,756.0
2024-03-01 12:33:00,ATXS,14.989999771118164,14.989999771118164,14.989999771118164,14.989999771118164,14.989999771118164,120.0
2024-03-01 12:33:00,AUPH,5.855000019073486,5.855000019073486,5.860000133514404,5.855000019073486,5.860000133514404,2238.0
2024-03-01 12:33:00,AUTL,6.34499979019165,6.34499979019165,6.349999904632568,6.34499979019165,6.34499979019165,2337.0
2024-03-01 12:33:00,AVDL,12.920000076293945,12.920000076293945,12.9350004196167,12.920000076293945,12.930000305175781,1808.0
2024-03-01 12:33:00,AVIR,4.520199775695801,4.520199775695801,4.525000095367432,4.520199775695801,4.525000095367432,356.0
2024-03-01 12:33:00,AVRO,1.350000023841858,1.350000023841858,1.350000023841858,1.350000023841858,1.350000023841858,103.0
2024-03-01 12:33:00,AVXL,5.377500057220459,5.377500057220459,5.377500057220459,5.375,5.375,320.0
2024-03-01 12:33:00,AXNX,67.69999694824219,67.69999694824219,67.72000122070312,67.69999694824219,67.69999694824219,3298.0
2024-03-01 12:33:00,AXSM,82.50499725341797,82.50499725341797,82.62999725341797,82.41500091552734,82.41500091552734,6094.0
2024-03-01 12:33:00,AZN,64.69999694824219,64.69999694824219,64.70999908447266,64.68499755859375,64.68499755859375,11541.0
2024-03-01 12:33:00,AZTA,66.77999877929688,66.77999877929688,66.79000091552734,66.77999877929688,66.79000091552734,619.0
2024-03-01 12:33:00,BBIO,36.025001525878906,36.025001525878906,36.025001525878906,36.025001525878906,36.025001525878906,225.0
2024-03-01 12:33:00,BBLG,2.3083999156951904,2.3083999156951904,2.3350000381469727,2.299999952316284,2.299999952316284,1164.0
2024-03-01 12:33:00,BCRX,5.760000228881836,5.760000228881836,5.764999866485596,5.75,5.760000228881836,6950.0
2024-03-01 12:33:00,BCTX,3.5453999042510986,3.5453999042510986,3.5453999042510986,3.5453999042510986,3.5453999042510986,625.0
2024-03-01 12:33:00,BDSX,1.659999966621399,1.659999966621399,1.6699999570846558,1.659999966621399,1.659999966621399,6042.0
2024-03-01 12:33:00,BDTX,5.018899917602539,5.018899917602539,5.018899917602539,5.010000228881836,5.010000228881836,391.0
2024-03-01 12:33:00,BEAM,40.04999923706055,40.04999923706055,40.115299224853516,40.04999923706055,40.115299224853516,2102.0
2024-03-01 12:33:00,BEAT,1.4950000047683716,1.4950000047683716,1.4950000047683716,1.4950000047683716,1.4950000047683716,200.0
2024-03-01 12:33:00,BGNE,166.77000427246094,166.77000427246094,166.77000427246094,166.77000427246094,166.77000427246094,185.0
2024-03-01 12:33:00,BGXX,0.27090001106262207,0.27090001106262207,0.2709999978542328,0.27090001106262207,0.2709999978542328,422.0
2024-03-01 12:33:00,BIVI,1.8777999877929688,1.8777999877929688,1.8899999856948853,1.8450000286102295,1.8450000286102295,91509.0
2024-03-01 12:33:00,BLFS,18.350000381469727,18.350000381469727,18.350000381469727,18.34000015258789,18.34000015258789,329.0
2024-03-01 12:33:00,BLUE,1.5850000381469727,1.5850000381469727,1.590000033378601,1.5829999446868896,1.587499976158142,18114.0
2024-03-01 12:33:00,BMEA,18.010000228881836,18.010000228881836,18.010000228881836,17.979999542236328,17.979999542236328,1898.0
2024-03-01 12:33:00,BMRN,87.20999908447266,87.20999908447266,87.25,87.19999694824219,87.23999786376953,1606.0
2024-03-01 12:33:00,BNGO,1.25,1.25,1.25,1.25,1.25,296.0
2024-03-01 12:33:00,BNOX,1.2300000190734863,1.2300000190734863,1.2300000190734863,1.2300000190734863,1.2300000190734863,761.0
2024-03-01 12:33:00,BNTX,91.82990264892578,91.82990264892578,91.82990264892578,91.76000213623047,91.80999755859375,874.0
2024-03-01 12:33:00,BPMC,97.3550033569336,97.3550033569336,97.3550033569336,97.30999755859375,97.30999755859375,1021.0
2024-03-01 12:33:00,BRKR,88.4000015258789,88.4000015258789,88.4000015258789,88.31939697265625,88.33000183105469,1481.0
2024-03-01 12:33:00,BTAI,3.2049999237060547,3.2049999237060547,3.2119998931884766,3.2049999237060547,3.2100000381469727,3938.0
2024-03-01 12:33:00,BWAY,6.53000020980835,6.53000020980835,6.53000020980835,6.53000020980835,6.53000020980835,100.0
2024-03-01 12:33:00,CABA,23.975000381469727,23.975000381469727,23.975000381469727,23.975000381469727,23.975000381469727,505.0
2024-03-01 12:33:00,CAPR,4.570000171661377,4.570000171661377,4.570000171661377,4.570000171661377,4.570000171661377,280.0
2024-03-01 12:33:00,CARA,0.901199996471405,0.901199996471405,0.901199996471405,0.901199996471405,0.901199996471405,1000.0
2024-03-01 12:33:00,CBAY,32.2400016784668,32.2400016784668,32.2400016784668,32.2400016784668,32.2400016784668,456.0
2024-03-01 12:33:00,CCCC,10.930000305175781,10.930000305175781,10.9399995803833,10.890000343322754,10.890000343322754,12654.0
2024-03-01 12:33:00,CDMO,8.0600004196167,8.0600004196167,8.0600004196167,8.029999732971191,8.029999732971191,315.0
2024-03-01 12:33:00,CDNA,12.333100318908691,12.333100318908691,12.333100318908691,12.279999732971191,12.319999694824219,3871.0
2024-03-01 12:33:00,CDTX,0.7200999855995178,0.7200999855995178,0.7200999855995178,0.7200999855995178,0.7200999855995178,1748.0
2024-03-01 12:33:00,CDXC,1.6411000490188599,1.6411000490188599,1.6411000490188599,1.6411000490188599,1.6411000490188599,132.0
2024-03-01 12:33:00,CDXS,4.454999923706055,4.454999923706055,4.454999923706055,4.454999923706055,4.454999923706055,100.0
2024-03-01 12:33:00,CERE,41.08000183105469,41.08000183105469,41.10499954223633,41.08000183105469,41.099998474121094,3494.0
2024-03-01 12:33:00,CERS,2.2100000381469727,2.2100000381469727,2.2139999866485596,2.2100000381469727,2.2139999866485596,1850.0
2024-03-01 12:33:00,CERT,17.700000762939453,17.700000762939453,17.700000762939453,17.700000762939453,17.700000762939453,736.0
2024-03-01 12:33:00,CGC,3.255000114440918,3.255000114440918,3.255000114440918,3.25,3.25,806.0
2024-03-01 12:33:00,CGEM,19.0,19.0,19.040000915527344,18.989999771118164,19.014999389648438,2582.0
2024-03-01 12:33:00,CGEN,2.684999942779541,2.684999942779541,2.684999942779541,2.684999942779541,2.684999942779541,600.0
2024-03-01 12:33:00,CGTX,2.0399999618530273,2.0399999618530273,2.0399999618530273,2.0399999618530273,2.0399999618530273,600.0
2024-03-01 12:33:00,CHEK,2.1600000858306885,2.1600000858306885,2.1600000858306885,2.1600000858306885,2.1600000858306885,305.0
2024-03-01 12:33:00,CHRS,2.369999885559082,2.369999885559082,2.369999885559082,2.369999885559082,2.369999885559082,734.0
2024-03-01 12:33:00,CING,1.350000023841858,1.350000023841858,1.350000023841858,1.350000023841858,1.350000023841858,112.0
2024-03-01 12:33:00,CLDX,50.209999084472656,50.209999084472656,50.33000183105469,49.9900016784668,50.33000183105469,18489.0
2024-03-01 12:33:00,CLNN,0.3874000012874603,0.3874000012874603,0.38749998807907104,0.3874000012874603,0.38749998807907104,605.0
2024-03-01 12:33:00,CLOV,0.8654500246047974,0.8654500246047974,0.8654999732971191,0.8654000163078308,0.8654500246047974,2933.0
2024-03-01 12:33:00,CLRB,4.130000114440918,4.130000114440918,4.130000114440918,4.130000114440918,4.130000114440918,1613.0
2024-03-01 12:33:00,CMPS,11.460000038146973,11.460000038146973,11.460000038146973,11.4399995803833,11.4399995803833,1005.0
2024-03-01 12:33:00,CMRX,1.149999976158142,1.149999976158142,1.149999976158142,1.1449999809265137,1.1449999809265137,846.0
2024-03-01 12:33:00,CODX,1.1512999534606934,1.1512999534606934,1.1512999534606934,1.1512999534606934,1.1512999534606934,349.0
2024-03-01 12:33:00,COGT,7.199999809265137,7.199999809265137,7.215000152587891,7.199999809265137,7.215000152587891,10338.0
2024-03-01 12:33:00,COLL,37.04999923706055,37.04999923706055,37.08000183105469,37.04999923706055,37.06999969482422,1192.0
2024-03-01 12:33:00,CORT,24.149999618530273,24.149999618530273,24.149999618530273,24.079999923706055,24.09000015258789,5453.0
2024-03-01 12:33:00,CPRX,17.020000457763672,17.020000457763672,17.045000076293945,17.020000457763672,17.030000686645508,6259.0
2024-03-01 12:33:00,CPSI,9.449999809265137,9.449999809265137,9.449999809265137,9.449999809265137,9.449999809265137,493.0
2024-03-01 12:33:00,CRBU,7.96999979019165,7.96999979019165,7.994999885559082,7.960000038146973,7.994999885559082,31229.0
2024-03-01 12:33:00,CRDF,2.315000057220459,2.315000057220459,2.319999933242798,2.315000057220459,2.3197999000549316,6892.0
2024-03-01 12:33:00,CRNX,46.279998779296875,46.279998779296875,46.279998779296875,46.2599983215332,46.2599983215332,596.0
2024-03-01 12:33:00,CRON,2.059999942779541,2.059999942779541,2.059999942779541,2.049999952316284,2.049999952316284,669.0
2024-03-01 12:33:00,CRSP,85.54299926757812,85.54299926757812,85.54299926757812,85.4800033569336,85.4800033569336,350.0
2024-03-01 12:33:00,CRVS,2.2600998878479004,2.2600998878479004,2.2600998878479004,2.2600998878479004,2.2600998878479004,100.0
2024-03-01 12:33:00,CSTL,20.490400314331055,20.490400314331055,20.490400314331055,20.490400314331055,20.490400314331055,325.0
2024-03-01 12:33:00,CTKB,8.694999694824219,8.694999694824219,8.699999809265137,8.6850004196167,8.699999809265137,2811.0
2024-03-01 12:33:00,CTMX,2.6700000762939453,2.6700000762939453,2.680000066757202,2.6649999618530273,2.6700000762939453,2723.0
2024-03-01 12:33:00,CTSO,0.9599999785423279,0.9599999785423279,0.9599999785423279,0.9599999785423279,0.9599999785423279,400.0
2024-03-01 12:33:00,CUTR,2.427999973297119,2.427999973297119,2.430000066757202,2.427999973297119,2.430000066757202,761.0
2024-03-01 12:33:00,CVAC,3.505000114440918,3.505000114440918,3.505000114440918,3.505000114440918,3.505000114440918,890.0
2024-03-01 12:33:00,CYTK,73.33499908447266,73.33499908447266,73.47000122070312,73.33499908447266,73.47000122070312,2348.0
2024-03-01 12:33:00,CYTO,2.3066999912261963,2.3066999912261963,2.325000047683716,2.299999952316284,2.319999933242798,6146.0
2024-03-01 12:33:00,DCPH,17.5,17.5,17.5,17.471500396728516,17.479999542236328,6407.0
2024-03-01 12:33:00,DH,8.84000015258789,8.84000015258789,8.850000381469727,8.819999694824219,8.850000381469727,896.0
2024-03-01 12:33:00,DMTK,0.8770999908447266,0.8770999908447266,0.8770999908447266,0.8769999742507935,0.8770999908447266,2055.0
2024-03-01 12:33:00,DNLI,20.864999771118164,20.864999771118164,20.8700008392334,20.854999542236328,20.860000610351562,4576.0
2024-03-01 12:33:00,DRRX,1.0,1.0,1.0,1.0,1.0,100.0
2024-03-01 12:33:00,DSGN,2.9100000858306885,2.9100000858306885,2.9100000858306885,2.9100000858306885,2.9100000858306885,724.0
2024-03-01 12:33:00,DTIL,12.1899995803833,12.1899995803833,12.1899995803833,12.1899995803833,12.1899995803833,110.0
2024-03-01 12:33:00,DVAX,12.885000228881836,12.885000228881836,12.885000228881836,12.875,12.880000114440918,2512.0
2024-03-01 12:33:00,DXCM,121.37999725341797,121.37999725341797,121.37999725341797,121.26499938964844,121.3499984741211,6587.0
2024-03-01 12:33:00,DYN,28.25,28.25,28.25,28.25,28.25,654.0
2024-03-01 12:33:00,EDIT,10.810600280761719,10.810600280761719,10.835000038146973,10.801799774169922,10.835000038146973,3462.0
2024-03-01 12:33:00,EFTR,15.050000190734863,15.050000190734863,15.050000190734863,15.050000190734863,15.050000190734863,178.0
2024-03-01 12:33:00,EGRX,6.755000114440918,6.755000114440918,6.78000020980835,6.755000114440918,6.78000020980835,901.0
2024-03-01 12:33:00,ELEV,4.820000171661377,4.820000171661377,4.820000171661377,4.789999961853027,4.820000171661377,2103.0
2024-03-01 12:33:00,EMBC,14.399999618530273,14.399999618530273,14.399999618530273,14.399999618530273,14.399999618530273,685.0
2024-03-01 12:33:00,ENTA,15.350000381469727,15.350000381469727,15.390000343322754,15.350000381469727,15.390000343322754,200.0
2024-03-01 12:33:00,ENVB,1.5300999879837036,1.5300999879837036,1.5399999618530273,1.5300999879837036,1.538699984550476,701.0
2024-03-01 12:33:00,ESPR,2.5450000762939453,2.5450000762939453,2.5450000762939453,2.5399999618530273,2.5399999618530273,2774.0
2024-03-01 12:33:00,ESTA,45.619998931884766,45.619998931884766,45.619998931884766,45.619998931884766,45.619998931884766,292.0
2024-03-01 12:33:00,ETNB,13.140000343322754,13.140000343322754,13.149999618530273,13.130000114440918,13.140000343322754,3284.0
2024-03-01 12:33:00,EVAX,3.5799999237060547,3.5799999237060547,3.5799999237060547,3.5789999961853027,3.5789999961853027,801.0
2024-03-01 12:33:00,EWTX,17.125,17.125,17.125,17.125,17.125,211.0
2024-03-01 12:33:00,EXAS,60.369998931884766,60.369998931884766,60.43000030517578,60.35499954223633,60.35499954223633,8771.0
2024-03-01 12:33:00,EXEL,22.479999542236328,22.479999542236328,22.479999542236328,22.475000381469727,22.475000381469727,1423.0
2024-03-01 12:33:00,EYEN,2.3550000190734863,2.3550000190734863,2.3550000190734863,2.3499999046325684,2.3499999046325684,3373.0
2024-03-01 12:33:00,FATE,7.565000057220459,7.565000057220459,7.574999809265137,7.545000076293945,7.550000190734863,4289.0
2024-03-01 12:33:00,FBIO,2.3399999141693115,2.3399999141693115,2.3399999141693115,2.3259999752044678,2.3259999752044678,10534.0
2024-03-01 12:33:00,FDMT,29.239999771118164,29.239999771118164,29.264999389648438,29.190000534057617,29.260000228881836,2810.0
2024-03-01 12:33:00,FGEN,1.8600000143051147,1.8600000143051147,1.8600000143051147,1.8600000143051147,1.8600000143051147,726.0
2024-03-01 12:33:00,FLGT,23.350000381469727,23.350000381469727,23.350000381469727,23.280000686645508,23.2893009185791,5468.0
2024-03-01 12:33:00,FOLD,13.329999923706055,13.329999923706055,13.329999923706055,13.329999923706055,13.329999923706055,1919.0
2024-03-01 12:33:00,FULC,10.90999984741211,10.90999984741211,10.90999984741211,10.90999984741211,10.90999984741211,206.0
2024-03-01 12:33:00,FUSN,12.220000267028809,12.220000267028809,12.220000267028809,12.220000267028809,12.220000267028809,221.0
2024-03-01 12:33:00,GANX,4.640600204467773,4.640600204467773,4.640600204467773,4.640600204467773,4.640600204467773,360.0
2024-03-01 12:33:00,GBIO,2.6531999111175537,2.6531999111175537,2.6531999111175537,2.6531999111175537,2.6531999111175537,320.0
2024-03-01 12:33:00,GDRX,8.28499984741211,8.28499984741211,8.289999961853027,8.260000228881836,8.270000457763672,11817.0
2024-03-01 12:33:00,GERN,2.197700023651123,2.197700023651123,2.200000047683716,2.1900999546051025,2.200000047683716,16963.0
2024-03-01 12:33:00,GH,19.190000534057617,19.190000534057617,19.19499969482422,19.190000534057617,19.190000534057617,1182.0
2024-03-01 12:33:00,GHRS,8.8100004196167,8.8100004196167,8.8100004196167,8.8100004196167,8.8100004196167,433.0
2024-03-01 12:33:00,GILD,72.30500030517578,72.30500030517578,72.30500030517578,72.27999877929688,72.28500366210938,14703.0
2024-03-01 12:33:00,GMAB,29.31999969482422,29.31999969482422,29.329999923706055,29.31999969482422,29.329999923706055,393.0
2024-03-01 12:33:00,GMDA,0.38359999656677246,0.38359999656677246,0.3840000033378601,0.3831000030040741,0.3840000033378601,17228.0
2024-03-01 12:33:00,GNPX,4.536099910736084,4.536099910736084,4.550000190734863,4.536099910736084,4.550000190734863,1229.0
2024-03-01 12:33:00,GOSS,1.3600000143051147,1.3600000143051147,1.3650000095367432,1.3600000143051147,1.3650000095367432,1194.0
2024-03-01 12:33:00,GRFS,7.074999809265137,7.074999809265137,7.079999923706055,7.074999809265137,7.074999809265137,531.0
2024-03-01 12:33:00,GRPH,3.494999885559082,3.494999885559082,3.494999885559082,3.494999885559082,3.494999885559082,200.0
2024-03-01 12:33:00,GRTS,2.190000057220459,2.190000057220459,2.190000057220459,2.184999942779541,2.1898999214172363,1691.0
2024-03-01 12:33:00,GTHX,3.6700000762939453,3.6700000762939453,3.7049999237060547,3.6600000858306885,3.700000047683716,40071.0
2024-03-01 12:33:00,HALO,41.650001525878906,41.650001525878906,41.66999816894531,41.650001525878906,41.650001525878906,587.0
2024-03-01 12:33:00,HCAT,8.020099639892578,8.020099639892578,8.024999618530273,8.020000457763672,8.020000457763672,759.0
2024-03-01 12:33:00,HCTI,2.440000057220459,2.440000057220459,2.469899892807007,2.430000066757202,2.430000066757202,1017.0
2024-03-01 12:33:00,HITI,1.7699999809265137,1.7699999809265137,1.7699999809265137,1.7699999809265137,1.7699999809265137,193.0
2024-03-01 12:33:00,HLVX,18.8799991607666,18.8799991607666,18.8799991607666,18.8799991607666,18.8799991607666,367.0
2024-03-01 12:33:00,HOLX,73.70999908447266,73.70999908447266,73.73999786376953,73.68000030517578,73.73999786376953,3162.0
2024-03-01 12:33:00,HOWL,7.0,7.0,7.0,7.0,7.0,100.0
2024-03-01 12:33:00,HROW,10.859999656677246,10.859999656677246,10.859999656677246,10.859999656677246,10.859999656677246,563.0
2024-03-01 12:33:00,HRTX,2.5999999046325684,2.5999999046325684,2.5999999046325684,2.590100049972534,2.5950000286102295,3272.0
2024-03-01 12:33:00,HSCS,0.11810000240802765,0.11810000240802765,0.11890000104904175,0.11810000240802765,0.11890000104904175,2976.0
2024-03-01 12:33:00,HSIC,76.86000061035156,76.86000061035156,76.86000061035156,76.8499984741211,76.8499984741211,592.0
2024-03-01 12:33:00,HUMA,3.440000057220459,3.440000057220459,3.444999933242798,3.440000057220459,3.444999933242798,1702.0
2024-03-01 12:33:00,IART,36.47999954223633,36.47999954223633,36.5,36.47999954223633,36.5,899.0
2024-03-01 12:33:00,IBRX,4.859899997711182,4.859899997711182,4.860000133514404,4.84499979019165,4.84499979019165,1646.0
2024-03-01 12:33:00,ICUI,104.9800033569336,104.9800033569336,104.9800033569336,104.9800033569336,104.9800033569336,303.0
2024-03-01 12:33:00,IDYA,46.380001068115234,46.380001068115234,46.380001068115234,46.380001068115234,46.380001068115234,336.0
2024-03-01 12:33:00,IGMS,13.364999771118164,13.364999771118164,13.364999771118164,13.364999771118164,13.364999771118164,283.0
2024-03-01 12:33:00,ILMN,142.50999450683594,142.50999450683594,142.50999450683594,142.41000366210938,142.50999450683594,3041.0
2024-03-01 12:33:00,IMAB,1.8450000286102295,1.8450000286102295,1.8450000286102295,1.8450000286102295,1.8450000286102295,122.0
2024-03-01 12:33:00,IMCR,67.7699966430664,67.7699966430664,67.80999755859375,67.7699966430664,67.78500366210938,8007.0
2024-03-01 12:33:00,IMMX,3.549999952316284,3.549999952316284,3.549999952316284,3.549999952316284,3.549999952316284,165.0
2024-03-01 12:33:00,IMNM,26.135000228881836,26.135000228881836,26.135000228881836,26.09000015258789,26.09000015258789,753.0
2024-03-01 12:33:00,IMRN,1.6950000524520874,1.6950000524520874,1.6950000524520874,1.6950000524520874,1.6950000524520874,1150.0
2024-03-01 12:33:00,IMTX,12.859999656677246,12.859999656677246,12.859999656677246,12.850000381469727,12.850000381469727,478.0
2024-03-01 12:33:00,IMUX,1.4900000095367432,1.4900000095367432,1.4900000095367432,1.4900000095367432,1.4900000095367432,102.0
2024-03-01 12:33:00,INCY,59.150001525878906,59.150001525878906,59.150001525878906,59.150001525878906,59.150001525878906,326.0
2024-03-01 12:33:00,INGN,6.864999771118164,6.864999771118164,6.869999885559082,6.860000133514404,6.860000133514404,642.0
2024-03-01 12:33:00,INM,0.4050000011920929,0.4050000011920929,0.4050000011920929,0.4050000011920929,0.4050000011920929,106.0
2024-03-01 12:33:00,INMD,22.94499969482422,22.94499969482422,22.94499969482422,22.94499969482422,22.94499969482422,200.0
2024-03-01 12:33:00,INO,9.395000457763672,9.395000457763672,9.395000457763672,9.385000228881836,9.385000228881836,626.0
2024-03-01 12:33:00,INSM,28.514999389648438,28.514999389648438,28.530000686645508,28.510000228881836,28.510000228881836,2835.0
2024-03-01 12:33:00,INVA,15.585000038146973,15.585000038146973,15.59000015258789,15.574999809265137,15.59000015258789,4742.0
2024-03-01 12:33:00,INZY,6.715000152587891,6.715000152587891,6.715000152587891,6.715000152587891,6.715000152587891,253.0
2024-03-01 12:33:00,IONS,45.79999923706055,45.79999923706055,45.86000061035156,45.79999923706055,45.86000061035156,2308.0
2024-03-01 12:33:00,IOVA,16.80500030517578,16.80500030517578,16.80500030517578,16.75,16.758499145507812,13035.0
2024-03-01 12:33:00,IRTC,120.91999816894531,120.91999816894531,120.91999816894531,120.91000366210938,120.91000366210938,419.0
2024-03-01 12:33:00,IRWD,9.140000343322754,9.140000343322754,9.154999732971191,9.135000228881836,9.154999732971191,14125.0
2024-03-01 12:33:00,ISRG,394.5299987792969,394.5299987792969,394.5299987792969,394.489990234375,394.489990234375,810.0
2024-03-01 12:33:00,ITCI,71.83999633789062,71.83999633789062,71.83999633789062,71.83999633789062,71.83999633789062,143.0
2024-03-01 12:33:00,ITOS,10.760000228881836,10.760000228881836,10.760000228881836,10.760000228881836,10.760000228881836,100.0
2024-03-01 12:33:00,ITRM,1.2400000095367432,1.2400000095367432,1.2400000095367432,1.2400000095367432,1.2400000095367432,249.0
2024-03-01 12:33:00,JAGX,0.07280000299215317,0.07280000299215317,0.0729999989271164,0.07270000129938126,0.0729999989271164,14762.0
2024-03-01 12:33:00,JAZZ,118.94999694824219,118.94999694824219,118.9800033569336,118.91000366210938,118.91000366210938,1537.0
2024-03-01 12:33:00,KALA,7.230000019073486,7.230000019073486,7.230000019073486,7.230000019073486,7.230000019073486,752.0
2024-03-01 12:33:00,KALV,14.03499984741211,14.03499984741211,14.03499984741211,13.970000267028809,13.989999771118164,3676.0
2024-03-01 12:33:00,KNSA,21.6299991607666,21.6299991607666,21.6299991607666,21.594999313354492,21.610000610351562,3682.0
2024-03-01 12:33:00,KOD,6.090000152587891,6.090000152587891,6.090000152587891,6.090000152587891,6.090000152587891,346.0
2024-03-01 12:33:00,KPTI,1.1950000524520874,1.1950000524520874,1.2000000476837158,1.1950000524520874,1.1950000524520874,1100.0
2024-03-01 12:33:00,KROS,70.47000122070312,70.47000122070312,70.4800033569336,70.40499877929688,70.40499877929688,1701.0
2024-03-01 12:33:00,KTRA,0.09629999846220016,0.09629999846220016,0.0966000035405159,0.09619999676942825,0.09619999676942825,13867.0
2024-03-01 12:33:00,KURA,21.125,21.125,21.1299991607666,21.125,21.1299991607666,792.0
2024-03-01 12:33:00,KYMR,43.9900016784668,43.9900016784668,43.9900016784668,43.9900016784668,43.9900016784668,102.0
2024-03-01 12:33:00,KZIA,0.24699999392032623,0.24699999392032623,0.24950000643730164,0.24699999392032623,0.24950000643730164,400.0
2024-03-01 12:33:00,KZR,1.0800000429153442,1.0800000429153442,1.0800000429153442,1.0800000429153442,1.0800000429153442,400.0
2024-03-01 12:33:00,LEXX,2.799799919128418,2.799799919128418,2.799799919128418,2.7799999713897705,2.7799999713897705,2113.0
2024-03-01 12:33:00,LFMD,8.010000228881836,8.010000228881836,8.010000228881836,8.010000228881836,8.010000228881836,220.0
2024-03-01 12:33:00,LFST,7.885000228881836,7.885000228881836,7.894999980926514,7.885000228881836,7.889999866485596,2669.0
2024-03-01 12:33:00,LIAN,4.869999885559082,4.869999885559082,4.869999885559082,4.864999771118164,4.864999771118164,3454.0
2024-03-01 12:33:00,LMAT,67.27999877929688,67.27999877929688,67.36000061035156,67.27999877929688,67.36000061035156,402.0
2024-03-01 12:33:00,LQDA,14.399999618530273,14.399999618530273,14.40999984741211,14.395000457763672,14.40999984741211,2006.0
2024-03-01 12:33:00,LUCY,0.390749990940094,0.390749990940094,0.390749990940094,0.390749990940094,0.390749990940094,166.0
2024-03-01 12:33:00,LXRX,2.5,2.5,2.5,2.4809000492095947,2.490000009536743,7022.0
2024-03-01 12:33:00,LYEL,3.140000104904175,3.140000104904175,3.140000104904175,3.140000104904175,3.140000104904175,237.0
2024-03-01 12:33:00,LYRA,5.610000133514404,5.610000133514404,5.610000133514404,5.590000152587891,5.590000152587891,251.0
2024-03-01 12:33:00,MASI,128.3300018310547,128.3300018310547,128.3300018310547,128.3300018310547,128.3300018310547,7858.0
2024-03-01 12:33:00,MCRB,1.2000000476837158,1.2000000476837158,1.2050000429153442,1.2000000476837158,1.2000000476837158,12207.0
2024-03-01 12:33:00,MDGL,247.99000549316406,247.99000549316406,247.99000549316406,247.94000244140625,247.94000244140625,693.0
2024-03-01 12:33:00,MDRX,6.039999961853027,6.039999961853027,6.039999961853027,6.039999961853027,6.039999961853027,1882.0
2024-03-01 12:33:00,MDXG,8.645000457763672,8.645000457763672,8.645000457763672,8.619999885559082,8.619999885559082,15504.0
2024-03-01 12:33:00,ME,0.569599986076355,0.569599986076355,0.5697000026702881,0.5695000290870667,0.569599986076355,6697.0
2024-03-01 12:33:00,MGNX,18.829299926757812,18.829299926757812,18.829299926757812,18.799999237060547,18.799999237060547,4192.0
2024-03-01 12:33:00,MIRM,29.80500030517578,29.80500030517578,29.81999969482422,29.780000686645508,29.81999969482422,873.0
2024-03-01 12:33:00,MLTX,51.814998626708984,51.814998626708984,51.880001068115234,51.814998626708984,51.880001068115234,376.0
2024-03-01 12:33:00,MNKD,4.525000095367432,4.525000095367432,4.53000020980835,4.519999980926514,4.525000095367432,1469.0
2024-03-01 12:33:00,MNMD,6.125,6.125,6.125,6.119999885559082,6.120999813079834,1982.0
2024-03-01 12:33:00,MNOV,1.377500057220459,1.377500057220459,1.377500057220459,1.377500057220459,1.377500057220459,134.0
2024-03-01 12:33:00,MNPR,0.8282999992370605,0.8282999992370605,0.8282999992370605,0.8282999992370605,0.8282999992370605,281.0
2024-03-01 12:33:00,MODD,1.9299999475479126,1.9299999475479126,1.9299999475479126,1.9299999475479126,1.9299999475479126,200.0
2024-03-01 12:33:00,MOR,17.579999923706055,17.579999923706055,17.579999923706055,17.579999923706055,17.579999923706055,256.0
2024-03-01 12:33:00,MRAI,1.6100000143051147,1.6100000143051147,1.6100000143051147,1.6100000143051147,1.6100000143051147,215.0
2024-03-01 12:33:00,MRNA,96.64630126953125,96.64630126953125,96.64630126953125,96.47000122070312,96.51000213623047,4305.0
2024-03-01 12:33:00,MRSN,6.010000228881836,6.010000228881836,6.019999980926514,6.010000228881836,6.019999980926514,2857.0
2024-03-01 12:33:00,MRUS,51.86000061035156,51.86000061035156,52.025001525878906,51.84000015258789,51.95000076293945,6924.0
2024-03-01 12:33:00,MRVI,7.849999904632568,7.849999904632568,7.864999771118164,7.840000152587891,7.864999771118164,13120.0
2024-03-01 12:33:00,MTEM,3.7100000381469727,3.7100000381469727,3.7100000381469727,3.7100000381469727,3.7100000381469727,914.0
2024-03-01 12:33:00,MXCT,4.769999980926514,4.769999980926514,4.769999980926514,4.769999980926514,4.769999980926514,150.0
2024-03-01 12:33:00,MYGN,21.59000015258789,21.59000015258789,21.59000015258789,21.549999237060547,21.549999237060547,2572.0
2024-03-01 12:33:00,NARI,45.70000076293945,45.70000076293945,45.7599983215332,45.689998626708984,45.75,2405.0
2024-03-01 12:33:00,NBIX,130.9949951171875,130.9949951171875,130.9949951171875,130.94000244140625,130.97000122070312,1485.0
2024-03-01 12:33:00,NDRA,1.1398999691009521,1.1398999691009521,1.1399999856948853,1.1299999952316284,1.1299999952316284,4100.0
2024-03-01 12:33:00,NEO,16.079999923706055,16.079999923706055,16.083099365234375,16.079999923706055,16.079999923706055,475.0
2024-03-01 12:33:00,NEOG,17.375,17.375,17.3799991607666,17.364999771118164,17.364999771118164,1714.0
2024-03-01 12:33:00,NEPT,0.45010000467300415,0.45010000467300415,0.45010000467300415,0.45010000467300415,0.45010000467300415,100.0
2024-03-01 12:33:00,NGM,1.5299999713897705,1.5299999713897705,1.5299999713897705,1.5299999713897705,1.5299999713897705,835.0
2024-03-01 12:33:00,NKTR,0.7777000069618225,0.7777000069618225,0.7777000069618225,0.774399995803833,0.7745000123977661,4722.0
2024-03-01 12:33:00,NKTX,12.979999542236328,12.979999542236328,12.979999542236328,12.9399995803833,12.9399995803833,2576.0
2024-03-01 12:33:00,NLSP,0.3901999890804291,0.3901999890804291,0.3901999890804291,0.3901999890804291,0.3901999890804291,280.0
2024-03-01 12:33:00,NNOX,11.15999984741211,11.15999984741211,11.175000190734863,11.140000343322754,11.17199993133545,4001.0
2024-03-01 12:33:00,NOTV,8.102399826049805,8.102399826049805,8.102399826049805,8.102399826049805,8.102399826049805,230.0
2024-03-01 12:33:00,NRIX,13.489999771118164,13.489999771118164,13.510000228881836,13.489999771118164,13.510000228881836,587.0
2024-03-01 12:33:00,NRSN,2.1670000553131104,2.1670000553131104,2.190000057220459,2.1500000953674316,2.180000066757202,19084.0
2024-03-01 12:33:00,NRXP,0.41999998688697815,0.41999998688697815,0.41999998688697815,0.41999900341033936,0.41999900341033936,900.0
2024-03-01 12:33:00,NTLA,33.46500015258789,33.46500015258789,33.47999954223633,33.43000030517578,33.47999954223633,2873.0
2024-03-01 12:33:00,NTRA,88.94000244140625,88.94000244140625,88.9800033569336,88.93000030517578,88.9749984741211,1138.0
2024-03-01 12:33:00,NUWE,0.5760999917984009,0.5760999917984009,0.576200008392334,0.5760999917984009,0.576200008392334,357.0
2024-03-01 12:33:00,NVAX,5.135000228881836,5.135000228881836,5.135000228881836,5.1296000480651855,5.1296000480651855,10432.0
2024-03-01 12:33:00,NVCR,16.020000457763672,16.020000457763672,16.03219985961914,16.020000457763672,16.020000457763672,2342.0
2024-03-01 12:33:00,NVCT,10.699999809265137,10.699999809265137,10.720000267028809,10.699999809265137,10.720000267028809,2757.0
2024-03-01 12:33:00,NVOS,0.633899986743927,0.633899986743927,0.633899986743927,0.633899986743927,0.633899986743927,5000.0
2024-03-01 12:33:00,NXTC,1.7400000095367432,1.7400000095367432,1.7400000095367432,1.7400000095367432,1.7400000095367432,100.0
2024-03-01 12:33:00,OCGN,0.9334999918937683,0.9334999918937683,0.9335010051727295,0.9333999752998352,0.9333999752998352,5656.0
2024-03-01 12:33:00,OCUL,10.720000267028809,10.720000267028809,10.720000267028809,10.710000038146973,10.71500015258789,2561.0
2024-03-01 12:33:00,OGI,2.180000066757202,2.180000066757202,2.1898999214172363,2.180000066757202,2.180299997329712,10525.0
2024-03-01 12:33:00,OKYO,1.440000057220459,1.440000057220459,1.4500000476837158,1.440000057220459,1.440000057220459,1277.0
2024-03-01 12:33:00,OLK,22.6200008392334,22.6200008392334,22.625,22.604999542236328,22.625,5492.0
2024-03-01 12:33:00,OMGA,4.170000076293945,4.170000076293945,4.170000076293945,4.170000076293945,4.170000076293945,112.0
2024-03-01 12:33:00,ONCY,1.1399999856948853,1.1399999856948853,1.1399999856948853,1.1399999856948853,1.1399999856948853,150.0
2024-03-01 12:34:00,ABCL,5.215000152587891,5.215000152587891,5.215000152587891,5.195000171661377,5.195000171661377,6619.0
2024-03-01 12:34:00,ABOS,4.690000057220459,4.690000057220459,4.690100193023682,4.690000057220459,4.690000057220459,6051.0
2024-03-01 12:34:00,ABSI,5.25,5.25,5.260000228881836,5.25,5.255000114440918,5941.0
2024-03-01 12:34:00,ABUS,2.7799999713897705,2.7799999713897705,2.7799999713897705,2.77239990234375,2.77239990234375,2161.0
2024-03-01 12:34:00,ACAD,24.309999465942383,24.309999465942383,24.329999923706055,24.25,24.25,12805.0
2024-03-01 12:34:00,ACB,3.184999942779541,3.184999942779541,3.190000057220459,3.180000066757202,3.180000066757202,39863.0
2024-03-01 12:34:00,ACCD,10.180000305175781,10.180000305175781,10.180000305175781,10.180000305175781,10.180000305175781,529.0
2024-03-01 12:34:00,ACET,2.380000114440918,2.380000114440918,2.380000114440918,2.369999885559082,2.380000114440918,500.0
2024-03-01 12:34:00,ACHV,4.300000190734863,4.300000190734863,4.300000190734863,4.300000190734863,4.300000190734863,131.0
2024-03-01 12:34:00,ACLX,67.0,67.0,67.06999969482422,67.0,67.06999969482422,716.0
2024-03-01 12:34:00,ACON,0.39899998903274536,0.39899998903274536,0.39899998903274536,0.39489901065826416,0.39489901065826416,2780.0
2024-03-01 12:34:00,ACRS,1.2400000095367432,1.2400000095367432,1.2400000095367432,1.2400000095367432,1.2400000095367432,420.0
2024-03-01 12:34:00,ADIL,3.2899999618530273,3.2899999618530273,3.3299999237060547,3.259999990463257,3.299999952316284,77414.0
2024-03-01 12:34:00,ADMA,5.440000057220459,5.440000057220459,5.440000057220459,5.434999942779541,5.434999942779541,1242.0
2024-03-01 12:34:00,ADPT,4.204999923706055,4.204999923706055,4.210000038146973,4.195000171661377,4.199999809265137,3003.0
2024-03-01 12:34:00,AFIB,0.20999999344348907,0.20999999344348907,0.20999999344348907,0.20999999344348907,0.20999999344348907,326.0
2024-03-01 12:34:00,AFMD,0.6306999921798706,0.6306999921798706,0.6306999921798706,0.6306999921798706,0.6306999921798706,1000.0
2024-03-01 12:34:00,AGEN,0.673799991607666,0.673799991607666,0.6739000082015991,0.673799991607666,0.6738749742507935,2970.0
2024-03-01 12:34:00,AGIO,32.8650016784668,32.8650016784668,32.8650016784668,32.8650016784668,32.8650016784668,277.0
2024-03-01 12:34:00,AGRX,0.8309999704360962,0.8309999704360962,0.8309999704360962,0.8309999704360962,0.8309999704360962,209.0
2024-03-01 12:34:00,AHCO,10.765000343322754,10.765000343322754,10.765000343322754,10.760000228881836,10.760000228881836,607.0
2024-03-01 12:34:00,AIH,0.5001000165939331,0.5001000165939331,0.5001000165939331,0.5001000165939331,0.5001000165939331,300.0
2024-03-01 12:34:00,AIRS,6.514999866485596,6.514999866485596,6.514999866485596,6.514999866485596,6.514999866485596,200.0
2024-03-01 12:34:00,AKBA,1.690000057220459,1.690000057220459,1.690000057220459,1.6799999475479126,1.6875,1002.0
2024-03-01 12:34:00,AKRO,30.331300735473633,30.331300735473633,30.34000015258789,30.31999969482422,30.329999923706055,1276.0
2024-03-01 12:34:00,ALEC,7.355000019073486,7.355000019073486,7.355000019073486,7.349999904632568,7.349999904632568,3843.0
2024-03-01 12:34:00,ALGN,303.5199890136719,303.5199890136719,303.5199890136719,303.5199890136719,303.5199890136719,277.0
2024-03-01 12:34:00,ALHC,5.75,5.75,5.760000228881836,5.75,5.760000228881836,628.0
2024-03-01 12:34:00,ALKS,30.040000915527344,30.040000915527344,30.049999237060547,30.010000228881836,30.010000228881836,1703.0
2024-03-01 12:34:00,ALLK,1.6050000190734863,1.6050000190734863,1.6074999570846558,1.6050000190734863,1.6074999570846558,611.0
2024-03-01 12:34:00,ALLO,5.045000076293945,5.045000076293945,5.045000076293945,5.045000076293945,5.045000076293945,883.0
2024-03-01 12:34:00,ALNY,154.35000610351562,154.35000610351562,154.35000610351562,154.25,154.25,910.0
2024-03-01 12:34:00,ALPN,35.70500183105469,35.70500183105469,35.720001220703125,35.630001068115234,35.63999938964844,2431.0
2024-03-01 12:34:00,ALT,12.085000038146973,12.085000038146973,12.100000381469727,12.039999961853027,12.039999961853027,19229.0
2024-03-01 12:34:00,ALXO,14.989999771118164,14.989999771118164,14.989999771118164,14.989999771118164,14.989999771118164,398.0
2024-03-01 12:34:00,AMED,93.12000274658203,93.12000274658203,93.12000274658203,93.12000274658203,93.12000274658203,176.0
2024-03-01 12:34:00,AMGN,281.5,281.5,281.57000732421875,281.456298828125,281.57000732421875,4186.0
2024-03-01 12:34:00,AMLX,18.8799991607666,18.8799991607666,18.889999389648438,18.8799991607666,18.889999389648438,1405.0
2024-03-01 12:34:00,AMPH,45.39670181274414,45.39670181274414,45.40999984741211,45.39670181274414,45.40999984741211,475.0
2024-03-01 12:34:00,AMRN,1.0549999475479126,1.0549999475479126,1.0587999820709229,1.0499999523162842,1.0586999654769897,2626.0
2024-03-01 12:34:00,ANAB,25.399999618530273,25.399999618530273,25.399999618530273,25.399999618530273,25.399999618530273,235.0
2024-03-01 12:34:00,ANNX,5.960000038146973,5.960000038146973,5.96999979019165,5.960000038146973,5.96999979019165,1234.0
2024-03-01 12:34:00,ANTX,3.0199999809265137,3.0199999809265137,3.0199999809265137,3.0199999809265137,3.0199999809265137,101.0
2024-03-01 12:34:00,APLS,64.95500183105469,64.95500183105469,65.06999969482422,64.95500183105469,64.95999908447266,1106.0
2024-03-01 12:34:00,APLT,7.079999923706055,7.079999923706055,7.090000152587891,7.079999923706055,7.079999923706055,502.0
2024-03-01 12:34:00,APVO,0.16030000150203705,0.16030000150203705,0.16040000319480896,0.16030000150203705,0.16040000319480896,255.0
2024-03-01 12:34:00,AQST,4.289999961853027,4.289999961853027,4.289999961853027,4.284999847412109,4.285699844360352,2047.0
2024-03-01 12:34:00,ARAY,2.634999990463257,2.634999990463257,2.634999990463257,2.634999990463257,2.634999990463257,131.0
2024-03-01 12:34:00,ARDX,9.664999961853027,9.664999961853027,9.664999961853027,9.65999984741211,9.65999984741211,2855.0
2024-03-01 12:34:00,ARQT,11.75,11.75,11.75,11.734999656677246,11.739999771118164,6343.0
2024-03-01 12:34:00,ARWR,36.029998779296875,36.029998779296875,36.029998779296875,35.917999267578125,35.94599914550781,2272.0
2024-03-01 12:34:00,ASRT,0.9298999905586243,0.9298999905586243,0.9298999905586243,0.925599992275238,0.9261000156402588,1200.0
2024-03-01 12:34:00,ATAI,2.130000114440918,2.130000114440918,2.130000114440918,2.109999895095825,2.109999895095825,20587.0
2024-03-01 12:34:00,ATEC,13.609999656677246,13.609999656677246,13.609999656677246,13.609999656677246,13.609999656677246,895.0
2024-03-01 12:34:00,ATHA,3.9549999237060547,3.9549999237060547,3.9549999237060547,3.9549999237060547,3.9549999237060547,317.0
2024-03-01 12:34:00,ATOS,1.010699987411499,1.010699987411499,1.010699987411499,1.010699987411499,1.010699987411499,200.0
2024-03-01 12:34:00,ATRA,0.7900000214576721,0.7900000214576721,0.7900000214576721,0.7851999998092651,0.7851999998092651,430.0
2024-03-01 12:34:00,ATRC,36.16999816894531,36.16999816894531,36.20000076293945,36.1349983215332,36.15999984741211,1625.0
2024-03-01 12:34:00,ATXS,14.949999809265137,14.949999809265137,14.989999771118164,14.949999809265137,14.989999771118164,3674.0
2024-03-01 12:34:00,AVDL,12.9399995803833,12.9399995803833,12.9399995803833,12.930000305175781,12.930000305175781,1140.0
2024-03-01 12:34:00,AVXL,5.385000228881836,5.385000228881836,5.389999866485596,5.3780999183654785,5.3780999183654785,6724.0
2024-03-01 12:34:00,AXSM,82.61499786376953,82.61499786376953,82.61499786376953,82.57499694824219,82.57499694824219,300.0
2024-03-01 12:34:00,AZN,64.69499969482422,64.69499969482422,64.70500183105469,64.69029998779297,64.69999694824219,2515.0
2024-03-01 12:34:00,AZTA,66.79000091552734,66.79000091552734,66.79000091552734,66.79000091552734,66.79000091552734,211.0
2024-03-01 12:34:00,BBIO,36.04999923706055,36.04999923706055,36.04999923706055,36.025001525878906,36.025001525878906,420.0
2024-03-01 12:34:00,BCEL,0.26829999685287476,0.26829999685287476,0.26829999685287476,0.26829999685287476,0.26829999685287476,350.0
2024-03-01 12:34:00,BCRX,5.760000228881836,5.760000228881836,5.760000228881836,5.755000114440918,5.755000114440918,2642.0
2024-03-01 12:34:00,BDSX,1.590000033378601,1.590000033378601,1.6299999952316284,1.5850000381469727,1.6200000047683716,17851.0
2024-03-01 12:34:00,BEAM,40.10499954223633,40.10499954223633,40.10499954223633,40.095001220703125,40.095001220703125,500.0
2024-03-01 12:34:00,BEAT,1.4950000047683716,1.4950000047683716,1.5,1.4950000047683716,1.5,521.0
2024-03-01 12:34:00,BGNE,166.9199981689453,166.9199981689453,166.9199981689453,166.9199981689453,166.9199981689453,273.0
2024-03-01 12:34:00,BIOR,1.190000057220459,1.190000057220459,1.190000057220459,1.184999942779541,1.184999942779541,3367.0
2024-03-01 12:34:00,BIVI,1.899999976158142,1.899999976158142,1.899999976158142,1.8630000352859497,1.875,96903.0
2024-03-01 12:34:00,BJDX,0.8208000063896179,0.8208000063896179,0.8208000063896179,0.8119999766349792,0.8119999766349792,6000.0
2024-03-01 12:34:00,BLFS,18.30500030517578,18.30500030517578,18.339000701904297,18.30500030517578,18.31999969482422,2588.0
2024-03-01 12:34:00,BLUE,1.580299973487854,1.580299973487854,1.5865999460220337,1.580299973487854,1.5850000381469727,11740.0
2024-03-01 12:34:00,BMEA,18.0,18.0,18.010000228881836,17.979999542236328,18.010000228881836,885.0
2024-03-01 12:34:00,BMRN,87.23999786376953,87.23999786376953,87.25,87.2300033569336,87.25,4054.0
2024-03-01 12:34:00,BNR,0.8450499773025513,0.8450499773025513,0.8450499773025513,0.8450499773025513,0.8450499773025513,100.0
2024-03-01 12:34:00,BNTX,91.83000183105469,91.83000183105469,91.83000183105469,91.83000183105469,91.83000183105469,957.0
2024-03-01 12:34:00,BPMC,97.45999908447266,97.45999908447266,97.45999908447266,97.44000244140625,97.44000244140625,1249.0
2024-03-01 12:34:00,BRKR,88.41000366210938,88.41000366210938,88.41000366210938,88.3949966430664,88.3949966430664,305.0
2024-03-01 12:34:00,BSGM,0.6223000288009644,0.6223000288009644,0.6223000288009644,0.6223000288009644,0.6223000288009644,4230.0
2024-03-01 12:34:00,BVS,4.730000019073486,4.730000019073486,4.730000019073486,4.71999979019165,4.71999979019165,379.0
2024-03-01 12:34:00,BWAY,6.53000020980835,6.53000020980835,6.53000020980835,6.53000020980835,6.53000020980835,100.0
2024-03-01 12:34:00,CABA,23.985000610351562,23.985000610351562,23.989999771118164,23.979999542236328,23.979999542236328,1157.0
2024-03-01 12:34:00,CARA,0.9001489877700806,0.9001489877700806,0.9001489877700806,0.9001489877700806,0.9001489877700806,101.0
2024-03-01 12:34:00,CBAY,32.23500061035156,32.23500061035156,32.23500061035156,32.23500061035156,32.23500061035156,1092.0
2024-03-01 12:34:00,CCCC,10.925000190734863,10.925000190734863,10.9399995803833,10.925000190734863,10.9399995803833,9437.0
2024-03-01 12:34:00,CCRN,18.260000228881836,18.260000228881836,18.260000228881836,18.260000228881836,18.260000228881836,294.0
2024-03-01 12:34:00,CDMO,8.029999732971191,8.029999732971191,8.0600004196167,8.029999732971191,8.0600004196167,600.0
2024-03-01 12:34:00,CDNA,12.399999618530273,12.399999618530273,12.399999618530273,12.34000015258789,12.34000015258789,3203.0
2024-03-01 12:34:00,CDXS,4.460000038146973,4.460000038146973,4.460000038146973,4.460000038146973,4.460000038146973,405.0
2024-03-01 12:34:00,CELC,16.1200008392334,16.1200008392334,16.1200008392334,16.036699295043945,16.036699295043945,235.0
2024-03-01 12:34:00,CELZ,4.230000019073486,4.230000019073486,4.230000019073486,4.230000019073486,4.230000019073486,146.0
2024-03-01 12:34:00,CERE,41.09000015258789,41.09000015258789,41.09000015258789,41.07500076293945,41.07500076293945,4490.0
2024-03-01 12:34:00,CERT,17.684999465942383,17.684999465942383,17.700000762939453,17.684999465942383,17.700000762939453,1390.0
2024-03-01 12:34:00,CGC,3.255000114440918,3.255000114440918,3.259999990463257,3.25,3.25,4143.0
2024-03-01 12:34:00,CGTX,2.009999990463257,2.009999990463257,2.0350000858306885,2.009999990463257,2.0350000858306885,1900.0
2024-03-01 12:34:00,CHRS,2.380000114440918,2.380000114440918,2.380000114440918,2.369999885559082,2.375,410.0
2024-03-01 12:34:00,CKPT,2.200000047683716,2.200000047683716,2.2093000411987305,2.200000047683716,2.2093000411987305,601.0
2024-03-01 12:34:00,CLDX,50.11750030517578,50.11750030517578,50.130001068115234,50.08000183105469,50.130001068115234,2817.0
2024-03-01 12:34:00,CLNN,0.38749998807907104,0.38749998807907104,0.38749998807907104,0.3874000012874603,0.3874000012874603,345.0
2024-03-01 12:34:00,CLOV,0.8654000163078308,0.8654000163078308,0.8654500246047974,0.8654000163078308,0.8654500246047974,2329.0
2024-03-01 12:34:00,CMPS,11.449999809265137,11.449999809265137,11.470000267028809,11.449999809265137,11.470000267028809,653.0
2024-03-01 12:34:00,CNSP,0.3199000060558319,0.3199000060558319,0.3199000060558319,0.3199000060558319,0.3199000060558319,1000.0
2024-03-01 12:34:00,COGT,7.204999923706055,7.204999923706055,7.204999923706055,7.204999923706055,7.204999923706055,368.0
2024-03-01 12:34:00,CPRX,17.03499984741211,17.03499984741211,17.03499984741211,17.03499984741211,17.03499984741211,329.0
2024-03-01 12:34:00,CPSI,9.460000038146973,9.460000038146973,9.460000038146973,9.4399995803833,9.4399995803833,279.0
2024-03-01 12:34:00,CRBU,7.989999771118164,7.989999771118164,7.999499797821045,7.960000038146973,7.974999904632568,10466.0
2024-03-01 12:34:00,CRDF,2.325000047683716,2.325000047683716,2.325000047683716,2.309999942779541,2.31030011177063,5897.0
2024-03-01 12:34:00,CRMD,3.7049999237060547,3.7049999237060547,3.7049999237060547,3.7049999237060547,3.7049999237060547,272.0
2024-03-01 12:34:00,CRNX,46.33000183105469,46.33000183105469,46.380001068115234,46.29999923706055,46.29999923706055,1995.0
2024-03-01 12:34:00,CRON,2.055000066757202,2.055000066757202,2.055000066757202,2.055000066757202,2.055000066757202,104.0
2024-03-01 12:34:00,CRSP,85.58499908447266,85.58499908447266,85.62000274658203,85.55000305175781,85.55999755859375,1791.0
2024-03-01 12:34:00,CSTL,20.5,20.5,20.5,20.5,20.5,1013.0
2024-03-01 12:34:00,CTKB,8.729999542236328,8.729999542236328,8.729999542236328,8.710000038146973,8.710000038146973,760.0
2024-03-01 12:34:00,CVAC,3.505000114440918,3.505000114440918,3.505000114440918,3.505000114440918,3.505000114440918,113.0
2024-03-01 12:34:00,CVRX,20.45039939880371,20.45039939880371,20.469999313354492,20.450000762939453,20.469999313354492,1055.0
2024-03-01 12:34:00,CYTK,73.30000305175781,73.30000305175781,73.33999633789062,73.30000305175781,73.33499908447266,720.0
2024-03-01 12:34:00,DARE,0.5521000027656555,0.5521000027656555,0.5598989725112915,0.5521000027656555,0.5598989725112915,700.0
2024-03-01 12:34:00,DAWN,17.479999542236328,17.479999542236328,17.489999771118164,17.479999542236328,17.479999542236328,2265.0
2024-03-01 12:34:00,DBVT,0.8141800165176392,0.8141800165176392,0.8141800165176392,0.8141800165176392,0.8141800165176392,398.0
2024-03-01 12:34:00,DCGO,4.112500190734863,4.112500190734863,4.114999771118164,4.112500190734863,4.112500190734863,352.0
2024-03-01 12:34:00,DCPH,17.5,17.5,17.5,17.482200622558594,17.5,3005.0
2024-03-01 12:34:00,DCTH,4.179999828338623,4.179999828338623,4.179999828338623,4.179999828338623,4.179999828338623,318.0
2024-03-01 12:34:00,DH,8.819999694824219,8.819999694824219,8.819999694824219,8.819999694824219,8.819999694824219,316.0
2024-03-01 12:34:00,DMTK,0.8784999847412109,0.8784999847412109,0.8870999813079834,0.8784999847412109,0.8798999786376953,3069.0
2024-03-01 12:34:00,DNLI,20.899999618530273,20.899999618530273,20.90999984741211,20.864999771118164,20.864999771118164,5138.0
2024-03-01 12:34:00,DSGN,2.9049999713897705,2.9049999713897705,2.9049999713897705,2.9049999713897705,2.9049999713897705,372.0
2024-03-01 12:34:00,DTIL,12.199999809265137,12.199999809265137,12.244999885559082,12.1899995803833,12.1899995803833,522.0
2024-03-01 12:34:00,DVAX,12.885000228881836,12.885000228881836,12.890000343322754,12.885000228881836,12.885000228881836,1078.0
2024-03-01 12:34:00,DXCM,121.42500305175781,121.42500305175781,121.43499755859375,121.37999725341797,121.37999725341797,6537.0
2024-03-01 12:34:00,DYN,28.31999969482422,28.31999969482422,28.350000381469727,28.274999618530273,28.29990005493164,2480.0
2024-03-01 12:34:00,EDIT,10.824999809265137,10.824999809265137,10.847999572753906,10.819999694824219,10.819999694824219,6577.0
2024-03-01 12:34:00,EFTR,15.09000015258789,15.09000015258789,15.149999618530273,15.09000015258789,15.140000343322754,2628.0
2024-03-01 12:34:00,EGRX,6.755000114440918,6.755000114440918,6.755000114440918,6.755000114440918,6.755000114440918,231.0
2024-03-01 12:34:00,ELEV,4.804999828338623,4.804999828338623,4.820000171661377,4.804999828338623,4.820000171661377,205.0
2024-03-01 12:34:00,ENTA,15.380000114440918,15.380000114440918,15.399999618530273,15.350000381469727,15.350000381469727,1552.0
2024-03-01 12:34:00,ENVB,1.524999976158142,1.524999976158142,1.5399999618530273,1.5199999809265137,1.5299999713897705,6998.0
2024-03-01 12:34:00,ERAS,2.5250000953674316,2.5250000953674316,2.5250000953674316,2.5250000953674316,2.5250000953674316,100.0
2024-03-01 12:34:00,ESPR,2.5450000762939453,2.5450000762939453,2.5450000762939453,2.5450000762939453,2.5450000762939453,1620.0
2024-03-01 12:34:00,ESTA,45.720001220703125,45.720001220703125,45.720001220703125,45.61000061035156,45.61000061035156,527.0
2024-03-01 12:34:00,ETNB,13.15999984741211,13.15999984741211,13.15999984741211,13.140000343322754,13.140000343322754,5017.0
2024-03-01 12:34:00,EVAX,3.5799999237060547,3.5799999237060547,3.5799999237060547,3.5799999237060547,3.5799999237060547,295.0
2024-03-01 12:34:00,EVGN,0.964900016784668,0.964900016784668,0.964900016784668,0.964900016784668,0.964900016784668,122.0
2024-03-01 12:34:00,EWTX,17.145000457763672,17.145000457763672,17.149999618530273,17.125,17.125,2761.0
2024-03-01 12:34:00,EXAI,6.807499885559082,6.807499885559082,6.809999942779541,6.800000190734863,6.800000190734863,1223.0
2024-03-01 12:34:00,EXAS,60.43000030517578,60.43000030517578,60.43000030517578,60.400001525878906,60.400001525878906,1421.0
2024-03-01 12:34:00,EXEL,22.4950008392334,22.4950008392334,22.4950008392334,22.489999771118164,22.489999771118164,1084.0
2024-03-01 12:34:00,EYEN,2.3499999046325684,2.3499999046325684,2.3550000190734863,2.3499999046325684,2.3550000190734863,600.0
2024-03-01 12:34:00,EYPT,28.0,28.0,28.0,28.0,28.0,426.0
2024-03-01 12:34:00,FATE,7.585000038146973,7.585000038146973,7.599999904632568,7.565000057220459,7.570000171661377,20651.0
2024-03-01 12:34:00,FBIO,2.339200019836426,2.339200019836426,2.3399999141693115,2.3350000381469727,2.3399999141693115,1480.0
2024-03-01 12:34:00,FDMT,29.209999084472656,29.209999084472656,29.209999084472656,29.209999084472656,29.209999084472656,129.0
2024-03-01 12:34:00,FEMY,1.7300000190734863,1.7300000190734863,1.7300000190734863,1.7300000190734863,1.7300000190734863,190.0
2024-03-01 12:34:00,FGEN,1.8515000343322754,1.8515000343322754,1.8600000143051147,1.8509999513626099,1.8509999513626099,2989.0
2024-03-01 12:34:00,FLGT,23.385000228881836,23.385000228881836,23.385000228881836,23.385000228881836,23.385000228881836,553.0
2024-03-01 12:34:00,FOLD,13.345000267028809,13.345000267028809,13.345000267028809,13.335000038146973,13.34000015258789,2813.0
2024-03-01 12:34:00,FONR,22.260000228881836,22.260000228881836,22.260000228881836,22.260000228881836,22.260000228881836,206.0
2024-03-01 12:34:00,FULC,10.920000076293945,10.920000076293945,10.920000076293945,10.920000076293945,10.920000076293945,750.0
2024-03-01 12:34:00,FUSN,12.220000267028809,12.220000267028809,12.220000267028809,12.199999809265137,12.220000267028809,783.0
2024-03-01 12:34:00,FWBI,8.550000190734863,8.550000190734863,8.550000190734863,8.550000190734863,8.550000190734863,138.0
2024-03-01 12:34:00,GANX,4.650000095367432,4.650000095367432,4.650000095367432,4.650000095367432,4.650000095367432,100.0
2024-03-01 12:34:00,GCTK,0.31130000948905945,0.31130000948905945,0.31744900345802307,0.30820000171661377,0.30820000171661377,410.0
2024-03-01 12:34:00,GDRX,8.280900001525879,8.280900001525879,8.28499984741211,8.279999732971191,8.279999732971191,2189.0
2024-03-01 12:34:00,GERN,2.2049999237060547,2.2049999237060547,2.2100000381469727,2.190000057220459,2.190000057220459,57641.0
2024-03-01 12:34:00,GH,19.200000762939453,19.200000762939453,19.200000762939453,19.200000762939453,19.200000762939453,855.0
2024-03-01 12:34:00,GHSI,8.390000343322754,8.390000343322754,8.390000343322754,8.380000114440918,8.380000114440918,2509.0
2024-03-01 12:34:00,GILD,72.33999633789062,72.33999633789062,72.33999633789062,72.30000305175781,72.30000305175781,12670.0
2024-03-01 12:34:00,GMAB,29.329999923706055,29.329999923706055,29.329999923706055,29.31999969482422,29.31999969482422,727.0
2024-03-01 12:34:00,GNPX,4.589900016784668,4.589900016784668,4.589900016784668,4.545199871063232,4.545199871063232,1100.0
2024-03-01 12:34:00,GOSS,1.3600000143051147,1.3600000143051147,1.3698999881744385,1.3600000143051147,1.3600000143051147,627.0
2024-03-01 12:34:00,GRFS,7.074999809265137,7.074999809265137,7.074999809265137,7.074999809265137,7.074999809265137,993.0
2024-03-01 12:34:00,GRTS,2.184999942779541,2.184999942779541,2.186300039291382,2.184999942779541,2.184999942779541,1102.0
2024-03-01 12:34:00,GRTX,0.23639999330043793,0.23639999330043793,0.23639999330043793,0.2363000065088272,0.23639999330043793,4403.0
2024-03-01 12:34:00,GTHX,3.690000057220459,3.690000057220459,3.690000057220459,3.6700000762939453,3.6700000762939453,5952.0
2024-03-01 12:34:00,HCAT,8.024999618530273,8.024999618530273,8.024999618530273,8.024999618530273,8.024999618530273,100.0
2024-03-01 12:34:00,HCSG,12.680000305175781,12.680000305175781,12.680000305175781,12.680000305175781,12.680000305175781,550.0
2024-03-01 12:34:00,HOLX,73.70999908447266,73.70999908447266,73.70999908447266,73.70999908447266,73.70999908447266,475.0
2024-03-01 12:34:00,HPCO,0.25209999084472656,0.25209999084472656,0.25209999084472656,0.25209999084472656,0.25209999084472656,1465.0
2024-03-01 12:34:00,HQY,81.69000244140625,81.69000244140625,81.69000244140625,81.68000030517578,81.69000244140625,916.0
2024-03-01 12:34:00,HRTX,2.5950000286102295,2.5950000286102295,2.5950000286102295,2.5950000286102295,2.5950000286102295,300.0
2024-03-01 12:34:00,HSIC,76.84500122070312,76.84500122070312,76.84500122070312,76.84500122070312,76.84500122070312,308.0
2024-03-01 12:34:00,HUMA,3.444999933242798,3.444999933242798,3.444999933242798,3.440000057220459,3.444999933242798,10076.0
2024-03-01 12:34:00,IART,36.5,36.5,36.5,36.4900016784668,36.4900016784668,604.0
2024-03-01 12:34:00,IBRX,4.864999771118164,4.864999771118164,4.864999771118164,4.860000133514404,4.864999771118164,1601.0
2024-03-01 12:34:00,ICUI,104.9800033569336,104.9800033569336,104.9800033569336,104.9800033569336,104.9800033569336,224.0
2024-03-01 12:34:00,IDXX,580.3599853515625,580.3599853515625,580.8699951171875,580.3599853515625,580.8699951171875,891.0
2024-03-01 12:34:00,IDYA,46.41999816894531,46.41999816894531,46.41999816894531,46.404998779296875,46.404998779296875,659.0
2024-03-01 12:34:00,IKNA,1.4900000095367432,1.4900000095367432,1.4900000095367432,1.4900000095367432,1.4900000095367432,300.0
2024-03-01 12:34:00,ILMN,142.49000549316406,142.49000549316406,142.5500030517578,142.49000549316406,142.5500030517578,2199.0
2024-03-01 12:34:00,IMMX,3.5399999618530273,3.5399999618530273,3.5399999618530273,3.5399999618530273,3.5399999618530273,100.0
2024-03-01 12:34:00,IMNM,26.1200008392334,26.1200008392334,26.18000030517578,26.081600189208984,26.179100036621094,2996.0
2024-03-01 12:34:00,IMRX,6.199999809265137,6.199999809265137,6.199999809265137,6.199999809265137,6.199999809265137,481.0
2024-03-01 12:34:00,IMTX,12.854999542236328,12.854999542236328,12.854999542236328,12.854999542236328,12.854999542236328,600.0
2024-03-01 12:34:00,IMUX,1.4900000095367432,1.4900000095367432,1.4900000095367432,1.4900000095367432,1.4900000095367432,406.0
2024-03-01 12:34:00,IMVT,36.345001220703125,36.345001220703125,36.349998474121094,36.345001220703125,36.345001220703125,567.0
2024-03-01 12:34:00,INBX,36.724998474121094,36.724998474121094,36.724998474121094,36.724998474121094,36.724998474121094,149.0
2024-03-01 12:34:00,INCY,59.18000030517578,59.18000030517578,59.18000030517578,59.150001525878906,59.16999816894531,752.0
2024-03-01 12:34:00,INM,0.4049000144004822,0.4049000144004822,0.4049000144004822,0.4049000144004822,0.4049000144004822,300.0
2024-03-01 12:34:00,INMD,22.93000030517578,22.93000030517578,22.940000534057617,22.917499542236328,22.940000534057617,1967.0
2024-03-01 12:34:00,INO,9.395000457763672,9.395000457763672,9.395000457763672,9.395000457763672,9.395000457763672,647.0
2024-03-01 12:34:00,INSM,28.520000457763672,28.520000457763672,28.520000457763672,28.520000457763672,28.520000457763672,157.0
2024-03-01 12:34:00,INVA,15.585000038146973,15.585000038146973,15.585000038146973,15.585000038146973,15.585000038146973,200.0
2024-03-01 12:34:00,INZY,6.71999979019165,6.71999979019165,6.71999979019165,6.71999979019165,6.71999979019165,120.0
2024-03-01 12:34:00,IOVA,16.7549991607666,16.7549991607666,16.829999923706055,16.739999771118164,16.80500030517578,15288.0
2024-03-01 12:34:00,IPSC,3.815000057220459,3.815000057220459,3.815000057220459,3.799999952316284,3.799999952316284,200.0
2024-03-01 12:34:00,IRMD,41.970001220703125,41.970001220703125,41.970001220703125,41.970001220703125,41.970001220703125,436.0
2024-03-01 12:34:00,IRTC,121.04000091552734,121.04000091552734,121.04000091552734,121.02999877929688,121.02999877929688,751.0
2024-03-01 12:34:00,IRWD,9.164999961853027,9.164999961853027,9.170000076293945,9.135000228881836,9.140000343322754,26496.0
2024-03-01 12:34:00,ISRG,394.6099853515625,394.6099853515625,394.6099853515625,394.4201965332031,394.6099853515625,986.0
2024-03-01 12:34:00,ITCI,71.9000015258789,71.9000015258789,71.9000015258789,71.9000015258789,71.9000015258789,268.0
2024-03-01 12:34:00,ITOS,10.760000228881836,10.760000228881836,10.760000228881836,10.760000228881836,10.760000228881836,720.0
2024-03-01 12:34:00,IVVD,4.010000228881836,4.010000228881836,4.010000228881836,4.010000228881836,4.010000228881836,588.0
2024-03-01 12:34:00,JAGX,0.07270000129938126,0.07270000129938126,0.07370000332593918,0.0723000019788742,0.07270000129938126,138338.0
2024-03-01 12:34:00,JANX,47.005001068115234,47.005001068115234,47.06999969482422,46.87049865722656,46.87049865722656,3445.0
2024-03-01 12:34:00,JAZZ,118.9708023071289,118.9708023071289,118.9708023071289,118.9708023071289,118.9708023071289,238.0
2024-03-01 12:34:00,JSPR,21.18000030517578,21.18000030517578,21.18000030517578,21.18000030517578,21.18000030517578,245.0
2024-03-01 12:34:00,JYNT,9.949999809265137,9.949999809265137,9.949999809265137,9.949999809265137,9.949999809265137,157.0
2024-03-01 12:34:00,KALV,14.020000457763672,14.020000457763672,14.039999961853027,14.020000457763672,14.039999961853027,810.0
2024-03-01 12:34:00,KNTE,2.5999999046325684,2.5999999046325684,2.6050000190734863,2.5999999046325684,2.6050000190734863,800.0
2024-03-01 12:34:00,KPTI,1.1950000524520874,1.1950000524520874,1.1950000524520874,1.1950000524520874,1.1950000524520874,200.0
2024-03-01 12:34:00,KRON,1.024999976158142,1.024999976158142,1.024999976158142,1.024999976158142,1.024999976158142,182.0
2024-03-01 12:34:00,KROS,70.31999969482422,70.31999969482422,70.45999908447266,70.31999969482422,70.45999908447266,662.0
2024-03-01 12:34:00,KRYS,168.38999938964844,168.38999938964844,168.38999938964844,168.38999938964844,168.38999938964844,533.0
2024-03-01 12:34:00,KTRA,0.09709999710321426,0.09709999710321426,0.09709999710321426,0.09619999676942825,0.09619999676942825,1410.0
2024-03-01 12:34:00,KYMR,44.03499984741211,44.03499984741211,44.03499984741211,44.03499984741211,44.03499984741211,736.0
2024-03-01 12:34:00,KZR,1.0774999856948853,1.0774999856948853,1.0774999856948853,1.0750000476837158,1.0750000476837158,274.0
2024-03-01 12:34:00,LAB,2.505000114440918,2.505000114440918,2.505000114440918,2.490000009536743,2.490000009536743,14960.0
2024-03-01 12:34:00,LEGN,66.0199966430664,66.0199966430664,66.02999877929688,66.0199966430664,66.02999877929688,263.0
2024-03-01 12:34:00,LEXX,2.8308000564575195,2.8308000564575195,2.869999885559082,2.815000057220459,2.815000057220459,8831.0
2024-03-01 12:34:00,LFMD,8.005000114440918,8.005000114440918,8.005000114440918,8.0,8.0,313.0
2024-03-01 12:34:00,LFST,7.885000228881836,7.885000228881836,7.885000228881836,7.880000114440918,7.880000114440918,394.0
2024-03-01 12:34:00,LGND,78.8949966430664,78.8949966430664,78.8949966430664,78.8949966430664,78.8949966430664,133.0
2024-03-01 12:34:00,LIFE,1.9390000104904175,1.9390000104904175,1.9390000104904175,1.9390000104904175,1.9390000104904175,250.0
2024-03-01 12:34:00,LIVN,55.5,55.5,55.5,55.4900016784668,55.4900016784668,212.0
2024-03-01 12:34:00,LNTH,65.47830200195312,65.47830200195312,65.47830200195312,65.47830200195312,65.47830200195312,278.0
2024-03-01 12:34:00,LQDA,14.399999618530273,14.399999618530273,14.399999618530273,14.399999618530273,14.399999618530273,524.0
2024-03-01 12:34:00,LUCD,1.2400000095367432,1.2400000095367432,1.2400000095367432,1.2400000095367432,1.2400000095367432,125.0
2024-03-01 12:34:00,LVTX,3.0450000762939453,3.0450000762939453,3.0450000762939453,3.0450000762939453,3.0450000762939453,100.0
2024-03-01 12:34:00,MACK,14.71500015258789,14.71500015258789,14.71500015258789,14.71500015258789,14.71500015258789,146.0
2024-03-01 12:34:00,MASI,128.36000061035156,128.36000061035156,128.36000061035156,128.36000061035156,128.36000061035156,750.0
2024-03-01 12:34:00,MCRB,1.2050000429153442,1.2050000429153442,1.2050000429153442,1.2000000476837158,1.201300024986267,23638.0
2024-03-01 12:34:00,MDGL,248.3813934326172,248.3813934326172,248.60000610351562,248.3813934326172,248.60000610351562,907.0
2024-03-01 12:34:00,MDRX,6.110000133514404,6.110000133514404,6.110000133514404,6.039999961853027,6.039999961853027,461.0
2024-03-01 12:34:00,MDXG,8.675000190734863,8.675000190734863,8.675000190734863,8.649999618530273,8.649999618530273,1183.0
2024-03-01 12:34:00,ME,0.5692999958992004,0.5692999958992004,0.5769000053405762,0.5687999725341797,0.569599986076355,253846.0
2024-03-01 12:34:00,MEDP,402.95941162109375,402.95941162109375,402.95941162109375,402.95941162109375,402.95941162109375,341.0
2024-03-01 12:34:00,MGNX,18.829999923706055,18.829999923706055,18.829999923706055,18.829999923706055,18.829999923706055,603.0
2024-03-01 12:34:00,MIRM,29.899999618530273,29.899999618530273,29.920000076293945,29.80500030517578,29.80500030517578,6103.0
2024-03-01 12:34:00,MIST,1.7200000286102295,1.7200000286102295,1.725000023841858,1.7200000286102295,1.7201000452041626,4532.0
2024-03-01 12:34:00,MLTX,51.974998474121094,51.974998474121094,51.974998474121094,51.869998931884766,51.869998931884766,1423.0
2024-03-01 12:34:00,MNKD,4.53000020980835,4.53000020980835,4.53000020980835,4.525000095367432,4.53000020980835,8028.0
2024-03-01 12:34:00,MNMD,6.149899959564209,6.149899959564209,6.150000095367432,6.130000114440918,6.130000114440918,3358.0
2024-03-01 12:34:00,MODD,1.9299999475479126,1.9299999475479126,1.9299999475479126,1.9299999475479126,1.9299999475479126,200.0
2024-03-01 12:34:00,MODV,28.079999923706055,28.079999923706055,28.079999923706055,28.010000228881836,28.010000228881836,983.0
2024-03-01 12:34:00,MORF,39.369998931884766,39.369998931884766,39.369998931884766,39.36000061035156,39.36000061035156,465.0
2024-03-01 12:34:00,MREO,3.8498001098632812,3.8498001098632812,3.8498001098632812,3.8498001098632812,3.8498001098632812,1500.0
2024-03-01 12:34:00,MRNA,96.73999786376953,96.73999786376953,96.77999877929688,96.62000274658203,96.6500015258789,13583.0
2024-03-01 12:34:00,MRSN,6.050000190734863,6.050000190734863,6.050000190734863,6.015999794006348,6.015999794006348,4685.0
2024-03-01 12:34:00,MRUS,51.900001525878906,51.900001525878906,51.900001525878906,51.834999084472656,51.834999084472656,593.0
2024-03-01 12:34:00,MRVI,7.84499979019165,7.84499979019165,7.849999904632568,7.840000152587891,7.849999904632568,2024.0
2024-03-01 12:34:00,MXCT,4.769999980926514,4.769999980926514,4.769999980926514,4.769999980926514,4.769999980926514,815.0
2024-03-01 12:34:00,MYGN,21.59000015258789,21.59000015258789,21.59000015258789,21.59000015258789,21.59000015258789,115.0
2024-03-01 12:34:00,MYNZ,0.8600000143051147,0.8600000143051147,0.8600000143051147,0.8600000143051147,0.8600000143051147,100.0
2024-03-01 12:34:00,NARI,45.709999084472656,45.709999084472656,45.72999954223633,45.70750045776367,45.70750045776367,743.0
2024-03-01 12:34:00,NAUT,2.6710000038146973,2.6710000038146973,2.6710000038146973,2.6700000762939453,2.6700000762939453,687.0
2024-03-01 12:34:00,NBIX,130.9600067138672,130.9600067138672,131.02000427246094,130.9199981689453,130.9199981689453,1276.0
2024-03-01 12:34:00,NEOG,17.385000228881836,17.385000228881836,17.385000228881836,17.385000228881836,17.385000228881836,556.0
2024-03-01 12:34:00,NEPT,0.45222699642181396,0.45222699642181396,0.45222699642181396,0.45222699642181396,0.45222699642181396,1803.0
2024-03-01 12:34:00,NERV,2.595599889755249,2.595599889755249,2.595599889755249,2.595599889755249,2.595599889755249,224.0
2024-03-01 12:34:00,NGM,1.5299999713897705,1.5299999713897705,1.534999966621399,1.5299999713897705,1.534999966621399,1546.0
2024-03-01 12:34:00,NKTX,12.981200218200684,12.981200218200684,12.981200218200684,12.981200218200684,12.981200218200684,500.0
2024-03-01 12:34:00,NMTC,1.2099000215530396,1.2099000215530396,1.2100000381469727,1.2099000215530396,1.2100000381469727,2356.0
2024-03-01 12:34:00,NNOX,11.175000190734863,11.175000190734863,11.194999694824219,11.175000190734863,11.180000305175781,4402.0
2024-03-01 12:34:00,NOTV,8.100000381469727,8.100000381469727,8.109999656677246,8.100000381469727,8.109999656677246,5789.0
2024-03-01 12:34:00,NRIX,13.510000228881836,13.510000228881836,13.510000228881836,13.510000228881836,13.510000228881836,879.0
2024-03-01 12:34:00,NRSN,2.2499001026153564,2.2499001026153564,2.2499001026153564,2.181999921798706,2.197999954223633,40733.0
2024-03-01 12:34:00,NRXP,0.41999998688697815,0.41999998688697815,0.41999998688697815,0.41999998688697815,0.41999998688697815,3893.0
2024-03-01 12:34:00,NTLA,33.494998931884766,33.494998931884766,33.5,33.47999954223633,33.47999954223633,2232.0
2024-03-01 12:34:00,NTRA,88.98999786376953,88.98999786376953,89.00499725341797,88.9800033569336,88.98999786376953,3218.0
2024-03-01 12:34:00,NUTX,0.11320000141859055,0.11320000141859055,0.11320000141859055,0.11320000141859055,0.11320000141859055,366.0
2024-03-01 12:34:00,NUVL,88.81500244140625,88.81500244140625,88.81500244140625,88.81500244140625,88.81500244140625,144.0
2024-03-01 12:34:00,NUWE,0.576200008392334,0.576200008392334,0.5774999856948853,0.576200008392334,0.576200008392334,528.0
2024-03-01 12:34:00,NVAX,5.147500038146973,5.147500038146973,5.150000095367432,5.135000228881836,5.139999866485596,11069.0
2024-03-01 12:34:00,NVCR,16.024999618530273,16.024999618530273,16.024999618530273,16.020000457763672,16.020000457763672,362.0
2024-03-01 12:34:00,NVOS,0.633899986743927,0.633899986743927,0.633899986743927,0.6338000297546387,0.6338000297546387,10923.0
2024-03-01 12:34:00,NXTC,1.7400000095367432,1.7400000095367432,1.7400000095367432,1.7400000095367432,1.7400000095367432,100.0
2024-03-01 12:34:00,OCGN,0.9334999918937683,0.9334999918937683,0.9337000250816345,0.9333999752998352,0.9334499835968018,12363.0
2024-03-01 12:34:00,OCUL,10.760000228881836,10.760000228881836,10.770000457763672,10.729999542236328,10.729999542236328,4249.0
2024-03-01 12:34:00,OCUP,2.4990999698638916,2.4990999698638916,2.4990999698638916,2.4990999698638916,2.4990999698638916,740.0
2024-03-01 12:34:00,OGI,2.184999942779541,2.184999942779541,2.184999942779541,2.180000066757202,2.180000066757202,2212.0
2024-03-01 12:34:00,OKYO,1.440000057220459,1.440000057220459,1.440000057220459,1.440000057220459,1.440000057220459,1011.0
2024-03-01 12:34:00,OLK,22.6299991607666,22.6299991607666,22.6299991607666,22.6299991607666,22.6299991607666,1316.0
2024-03-01 12:34:00,OLMA,14.274999618530273,14.274999618530273,14.274999618530273,14.25,14.25,801.0
2024-03-01 12:34:00,OM,3.1449999809265137,3.1449999809265137,3.1449999809265137,3.1449999809265137,3.1449999809265137,241.0
2024-03-01 12:34:00,OMGA,4.179999828338623,4.179999828338623,4.189899921417236,4.179999828338623,4.179999828338623,2402.0
2024-03-01 12:34:00,ONCT,9.910099983215332,9.910099983215332,9.910099983215332,9.910099983215332,9.910099983215332,3976.0
2024-03-01 12:35:00,ABEO,7.730000019073486,7.730000019073486,7.730000019073486,7.730000019073486,7.730000019073486,160.0
2024-03-01 12:35:00,ABSI,5.244999885559082,5.244999885559082,5.244999885559082,5.244999885559082,5.244999885559082,303.0
2024-03-01 12:35:00,ACAD,24.31999969482422,24.31999969482422,24.354999542236328,24.31999969482422,24.31999969482422,5514.0
2024-03-01 12:35:00,ACCD,10.1899995803833,10.1899995803833,10.199999809265137,10.1899995803833,10.199999809265137,516.0
2024-03-01 12:35:00,ACET,2.380000114440918,2.380000114440918,2.380000114440918,2.369999885559082,2.375,300.0
2024-03-01 12:35:00,ACLX,67.04000091552734,67.04000091552734,67.04000091552734,67.03500366210938,67.03500366210938,253.0
2024-03-01 12:35:00,ACON,0.39889898896217346,0.39889898896217346,0.39899998903274536,0.39889898896217346,0.39899998903274536,1400.0
2024-03-01 12:35:00,ACRS,1.2400000095367432,1.2400000095367432,1.2400000095367432,1.2400000095367432,1.2400000095367432,2513.0
2024-03-01 12:35:00,ADAP,1.6064000129699707,1.6064000129699707,1.6064000129699707,1.6064000129699707,1.6064000129699707,1200.0
2024-03-01 12:35:00,ADIL,3.069999933242798,3.069999933242798,3.309999942779541,3.0199999809265137,3.2899999618530273,180475.0
2024-03-01 12:35:00,ADMA,5.449999809265137,5.449999809265137,5.449999809265137,5.432700157165527,5.434999942779541,9553.0
2024-03-01 12:35:00,ADPT,4.210000038146973,4.210000038146973,4.210000038146973,4.210000038146973,4.210000038146973,300.0
2024-03-01 12:35:00,ADUS,93.63999938964844,93.63999938964844,93.63999938964844,93.63999938964844,93.63999938964844,175.0
2024-03-01 12:35:00,ADVM,1.975000023841858,1.975000023841858,1.975000023841858,1.9700000286102295,1.9700000286102295,3974.0
2024-03-01 12:35:00,AFMD,0.630050003528595,0.630050003528595,0.630050003528595,0.630050003528595,0.630050003528595,311.0
2024-03-01 12:35:00,AGEN,0.6738749742507935,0.6738749742507935,0.6739000082015991,0.6738499999046326,0.6738749742507935,5242.0
2024-03-01 12:35:00,AGIO,32.88999938964844,32.88999938964844,32.88999938964844,32.84000015258789,32.8650016784668,1126.0
2024-03-01 12:35:00,AIH,0.5001000165939331,0.5001000165939331,0.5001000165939331,0.5001000165939331,0.5001000165939331,200.0
2024-03-01 12:35:00,AIRS,6.5,6.5,6.5,6.5,6.5,406.0
2024-03-01 12:35:00,AKAN,0.24120000004768372,0.24120000004768372,0.24150000512599945,0.2409999966621399,0.24150000512599945,3364.0
2024-03-01 12:35:00,AKBA,1.6888999938964844,1.6888999938964844,1.6888999938964844,1.6799999475479126,1.6799999475479126,1548.0
2024-03-01 12:35:00,AKRO,30.285499572753906,30.285499572753906,30.285499572753906,30.285499572753906,30.285499572753906,723.0
2024-03-01 12:35:00,ALDX,4.150000095367432,4.150000095367432,4.150000095367432,4.150000095367432,4.150000095367432,1516.0
2024-03-01 12:35:00,ALEC,7.369999885559082,7.369999885559082,7.369999885559082,7.355000019073486,7.355000019073486,2440.0
2024-03-01 12:35:00,ALGN,303.7200012207031,303.7200012207031,303.7200012207031,303.6000061035156,303.6000061035156,654.0
2024-03-01 12:35:00,ALGS,1.1100000143051147,1.1100000143051147,1.1100000143051147,1.1098999977111816,1.1100000143051147,1818.0
2024-03-01 12:35:00,ALHC,5.739999771118164,5.739999771118164,5.760000228881836,5.739999771118164,5.75,10686.0
2024-03-01 12:35:00,ALIM,3.640000104904175,3.640000104904175,3.640000104904175,3.640000104904175,3.640000104904175,191.0
2024-03-01 12:35:00,ALKS,30.06999969482422,30.06999969482422,30.079999923706055,30.049999237060547,30.049999237060547,1587.0
2024-03-01 12:35:00,ALLK,1.6074999570846558,1.6074999570846558,1.6100000143051147,1.6050000190734863,1.6100000143051147,1365.0
2024-03-01 12:35:00,ALLO,5.045000076293945,5.045000076293945,5.048799991607666,5.045000076293945,5.045000076293945,1034.0
2024-03-01 12:35:00,ALPN,35.709999084472656,35.709999084472656,35.709999084472656,35.709999084472656,35.709999084472656,184.0
2024-03-01 12:35:00,ALT,12.119999885559082,12.119999885559082,12.140000343322754,12.109999656677246,12.109999656677246,2873.0
2024-03-01 12:35:00,ALVO,15.699999809265137,15.699999809265137,15.699999809265137,15.699999809265137,15.699999809265137,537.0
2024-03-01 12:35:00,ALXO,15.050000190734863,15.050000190734863,15.079999923706055,15.029999732971191,15.039999961853027,2140.0
2024-03-01 12:35:00,AMED,93.19999694824219,93.19999694824219,93.19999694824219,93.19999694824219,93.19999694824219,281.0
2024-03-01 12:35:00,AMGN,281.4800109863281,281.4800109863281,281.55499267578125,281.42999267578125,281.5199890136719,12873.0
2024-03-01 12:35:00,AMLX,18.8700008392334,18.8700008392334,18.905799865722656,18.860000610351562,18.905000686645508,8700.0
2024-03-01 12:35:00,AMRN,1.0549999475479126,1.0549999475479126,1.059999942779541,1.0549999475479126,1.0549999475479126,614.0
2024-03-01 12:35:00,ANAB,25.469999313354492,25.469999313354492,25.469999313354492,25.434999465942383,25.440000534057617,2835.0
2024-03-01 12:35:00,ANIX,3.509999990463257,3.509999990463257,3.509999990463257,3.509999990463257,3.509999990463257,475.0
2024-03-01 12:35:00,ANNX,5.949999809265137,5.949999809265137,5.949999809265137,5.949999809265137,5.949999809265137,1358.0
2024-03-01 12:35:00,ANTX,3.009999990463257,3.009999990463257,3.009999990463257,3.009999990463257,3.009999990463257,202.0
2024-03-01 12:35:00,APDN,0.5698999762535095,0.5698999762535095,0.5698999762535095,0.5698999762535095,0.5698999762535095,302.0
2024-03-01 12:35:00,APLS,65.06999969482422,65.06999969482422,65.06999969482422,64.98999786376953,64.98999786376953,4126.0
2024-03-01 12:35:00,APLT,7.090000152587891,7.090000152587891,7.090000152587891,7.079999923706055,7.090000152587891,430.0
2024-03-01 12:35:00,APVO,0.1599999964237213,0.1599999964237213,0.1599999964237213,0.1599999964237213,0.1599999964237213,120.0
2024-03-01 12:35:00,AQST,4.289999961853027,4.289999961853027,4.295000076293945,4.289999961853027,4.295000076293945,2731.0
2024-03-01 12:35:00,ARAY,2.634999990463257,2.634999990463257,2.634999990463257,2.634999990463257,2.634999990463257,124.0
2024-03-01 12:35:00,ARCT,39.70000076293945,39.70000076293945,39.70000076293945,39.70000076293945,39.70000076293945,631.0
2024-03-01 12:35:00,ARDX,9.65999984741211,9.65999984741211,9.670000076293945,9.65999984741211,9.670000076293945,2895.0
2024-03-01 12:35:00,ARGX,390.8299865722656,390.8299865722656,390.8299865722656,390.8299865722656,390.8299865722656,343.0
2024-03-01 12:35:00,ARQT,11.76990032196045,11.76990032196045,11.770000457763672,11.75,11.75,8491.0
2024-03-01 12:35:00,ARVN,49.349998474121094,49.349998474121094,49.349998474121094,49.25,49.25,1549.0
2024-03-01 12:35:00,ARWR,36.0900993347168,36.0900993347168,36.0900993347168,36.04999923706055,36.04999923706055,1891.0
2024-03-01 12:35:00,ASND,150.75250244140625,150.75250244140625,150.75250244140625,150.56500244140625,150.56500244140625,624.0
2024-03-01 12:35:00,ASRT,0.9277999997138977,0.9277999997138977,0.9277999997138977,0.9277999997138977,0.9277999997138977,301.0
2024-03-01 12:35:00,ATAI,2.130000114440918,2.130000114440918,2.130000114440918,2.130000114440918,2.130000114440918,5840.0
2024-03-01 12:35:00,ATEC,13.604999542236328,13.604999542236328,13.604999542236328,13.595000267028809,13.604999542236328,3722.0
2024-03-01 12:35:00,ATNF,3.365000009536743,3.365000009536743,3.365000009536743,3.365000009536743,3.365000009536743,695.0
2024-03-01 12:35:00,ATOS,1.0199999809265137,1.0199999809265137,1.0199999809265137,1.010699987411499,1.010699987411499,400.0
2024-03-01 12:35:00,ATRA,0.7875999808311462,0.7875999808311462,0.7900000214576721,0.7851999998092651,0.7851999998092651,3572.0
2024-03-01 12:35:00,ATRC,36.14500045776367,36.14500045776367,36.14500045776367,36.14500045776367,36.14500045776367,311.0
2024-03-01 12:35:00,AUPH,5.864999771118164,5.864999771118164,5.864999771118164,5.860000133514404,5.860000133514404,1995.0
2024-03-01 12:35:00,AUTL,6.375,6.375,6.375,6.360000133514404,6.360000133514404,1830.0
2024-03-01 12:35:00,AVDL,12.949999809265137,12.949999809265137,12.949999809265137,12.9399995803833,12.949999809265137,2671.0
2024-03-01 12:35:00,AVIR,4.550000190734863,4.550000190734863,4.550000190734863,4.53000020980835,4.53000020980835,2851.0
2024-03-01 12:35:00,AVRO,1.350000023841858,1.350000023841858,1.350000023841858,1.350000023841858,1.350000023841858,500.0
2024-03-01 12:35:00,AVXL,5.385000228881836,5.385000228881836,5.385000228881836,5.385000228881836,5.385000228881836,122.0
2024-03-01 12:35:00,AXSM,82.61000061035156,82.61000061035156,82.61000061035156,82.61000061035156,82.61000061035156,143.0
2024-03-01 12:35:00,AZN,64.69999694824219,64.69999694824219,64.70500183105469,64.69000244140625,64.69999694824219,7034.0
2024-03-01 12:35:00,AZTA,66.83000183105469,66.83000183105469,66.83000183105469,66.83000183105469,66.83000183105469,140.0
2024-03-01 12:35:00,BBIO,36.09000015258789,36.09000015258789,36.09000015258789,36.040000915527344,36.040000915527344,2010.0
2024-03-01 12:35:00,BBLG,2.299999952316284,2.299999952316284,2.309999942779541,2.299999952316284,2.309999942779541,1182.0
2024-03-01 12:35:00,BCAB,2.734999895095825,2.734999895095825,2.740000009536743,2.734999895095825,2.740000009536743,210.0
2024-03-01 12:35:00,BCRX,5.769999980926514,5.769999980926514,5.769999980926514,5.764999866485596,5.769999980926514,8365.0
2024-03-01 12:35:00,BDSX,1.559999942779541,1.559999942779541,1.5850000381469727,1.559999942779541,1.5850000381469727,3364.0
2024-03-01 12:35:00,BDTX,5.019999980926514,5.019999980926514,5.034999847412109,5.019999980926514,5.019999980926514,802.0
2024-03-01 12:35:00,BEAM,40.119998931884766,40.119998931884766,40.13999938964844,40.11000061035156,40.11000061035156,2049.0
2024-03-01 12:35:00,BGNE,167.0,167.0,167.02999877929688,166.85000610351562,166.9499969482422,2479.0
2024-03-01 12:35:00,BGXX,0.27059999108314514,0.27059999108314514,0.27079999446868896,0.2700999975204468,0.2700999975204468,3091.0
2024-03-01 12:35:00,BIIB,221.0800018310547,221.0800018310547,221.0800018310547,220.83999633789062,220.83999633789062,2738.0
2024-03-01 12:35:00,BIOL,0.1379999965429306,0.1379999965429306,0.1379999965429306,0.1379999965429306,0.1379999965429306,1760.0
2024-03-01 12:35:00,BIVI,1.875,1.875,1.899999976158142,1.8700000047683716,1.899999976158142,38800.0
2024-03-01 12:35:00,BJDX,0.7994999885559082,0.7994999885559082,0.7994999885559082,0.7994999885559082,0.7994999885559082,220.0
2024-03-01 12:35:00,BLFS,18.280000686645508,18.280000686645508,18.280000686645508,18.280000686645508,18.280000686645508,909.0
2024-03-01 12:35:00,BLRX,1.3799999952316284,1.3799999952316284,1.3799999952316284,1.3799999952316284,1.3799999952316284,1658.0
2024-03-01 12:35:00,BLUE,1.5950000286102295,1.5950000286102295,1.5950000286102295,1.5850000381469727,1.5850000381469727,50088.0
2024-03-01 12:35:00,BMEA,18.020000457763672,18.020000457763672,18.020000457763672,18.020000457763672,18.020000457763672,1222.0
2024-03-01 12:35:00,BMRN,87.2300033569336,87.2300033569336,87.2699966430664,87.22000122070312,87.25,6660.0
2024-03-01 12:35:00,BNR,0.8450000286102295,0.8450000286102295,0.8450000286102295,0.8450000286102295,0.8450000286102295,200.0
2024-03-01 12:35:00,BPMC,97.5,97.5,97.55000305175781,97.5,97.5,895.0
2024-03-01 12:35:00,BRKR,88.43000030517578,88.43000030517578,88.43000030517578,88.41999816894531,88.41999816894531,556.0
2024-03-01 12:35:00,BSGM,0.6439999938011169,0.6439999938011169,0.6439999938011169,0.6439999938011169,0.6439999938011169,113.0
2024-03-01 12:35:00,BTAI,3.190000057220459,3.190000057220459,3.2049999237060547,3.180000066757202,3.2049999237060547,23864.0
2024-03-01 12:35:00,BTTX,0.17489999532699585,0.17489999532699585,0.17489999532699585,0.17264999449253082,0.17264999449253082,8582.0
2024-03-01 12:35:00,BVS,4.739999771118164,4.739999771118164,4.739999771118164,4.735000133514404,4.735000133514404,276.0
2024-03-01 12:35:00,BWAY,6.524199962615967,6.524199962615967,6.53000020980835,6.524199962615967,6.53000020980835,248.0
2024-03-01 12:35:00,CABA,24.0049991607666,24.0049991607666,24.020000457763672,24.0,24.0,4427.0
2024-03-01 12:35:00,CBAY,32.22999954223633,32.22999954223633,32.2400016784668,32.22999954223633,32.23500061035156,2873.0
2024-03-01 12:35:00,CCCC,10.930000305175781,10.930000305175781,10.949999809265137,10.925000190734863,10.9350004196167,6874.0
2024-03-01 12:35:00,CDMO,8.0600004196167,8.0600004196167,8.069999694824219,8.029999732971191,8.029999732971191,4968.0
2024-03-01 12:35:00,CDNA,12.369999885559082,12.369999885559082,12.40999984741211,12.369999885559082,12.390000343322754,2557.0
2024-03-01 12:35:00,CDTX,0.7200999855995178,0.7200999855995178,0.7200999855995178,0.7200999855995178,0.7200999855995178,1139.0
2024-03-01 12:35:00,CERE,41.095001220703125,41.095001220703125,41.095001220703125,41.095001220703125,41.095001220703125,1404.0
2024-03-01 12:35:00,CERS,2.2149999141693115,2.2149999141693115,2.2149999141693115,2.2149999141693115,2.2149999141693115,703.0
2024-03-01 12:35:00,CERT,17.670000076293945,17.670000076293945,17.684999465942383,17.670000076293945,17.684999465942383,364.0
2024-03-01 12:35:00,CGC,3.25,3.25,3.255000114440918,3.25,3.255000114440918,1522.0
2024-03-01 12:35:00,CGEM,18.979999542236328,18.979999542236328,19.020000457763672,18.979999542236328,19.0,661.0
2024-03-01 12:35:00,CGEN,2.684999942779541,2.684999942779541,2.684999942779541,2.680000066757202,2.680000066757202,337.0
2024-03-01 12:35:00,CGTX,2.0274999141693115,2.0274999141693115,2.0274999141693115,2.0274999141693115,2.0274999141693115,151.0
2024-03-01 12:35:00,CHRS,2.375,2.375,2.380000114440918,2.369999885559082,2.369999885559082,1260.0
2024-03-01 12:35:00,CING,1.340000033378601,1.340000033378601,1.340000033378601,1.340000033378601,1.340000033378601,347.0
2024-03-01 12:35:00,CLDX,50.244998931884766,50.244998931884766,50.29499816894531,49.970001220703125,50.150001525878906,35717.0
2024-03-01 12:35:00,CLNN,0.38749998807907104,0.38749998807907104,0.38749998807907104,0.3874000012874603,0.3874000012874603,1331.0
2024-03-01 12:35:00,CLOV,0.8633999824523926,0.8633999824523926,0.8654000163078308,0.8629999756813049,0.8654000163078308,30449.0
2024-03-01 12:35:00,CLRB,4.150000095367432,4.150000095367432,4.150000095367432,4.139999866485596,4.139999866485596,5552.0
2024-03-01 12:35:00,CMPS,11.430000305175781,11.430000305175781,11.449999809265137,11.430000305175781,11.449999809265137,742.0
2024-03-01 12:35:00,CMPX,1.850000023841858,1.850000023841858,1.8798999786376953,1.850000023841858,1.850000023841858,5384.0
2024-03-01 12:35:00,COGT,7.215000152587891,7.215000152587891,7.215000152587891,7.204999923706055,7.210000038146973,3646.0
2024-03-01 12:35:00,CORT,24.170000076293945,24.170000076293945,24.18000030517578,24.139999389648438,24.15999984741211,4502.0
2024-03-01 12:35:00,COSM,0.7688000202178955,0.7688000202178955,0.7688000202178955,0.7687000036239624,0.7688000202178955,3204.0
2024-03-01 12:35:00,CPRX,17.045000076293945,17.045000076293945,17.045000076293945,17.03499984741211,17.039899826049805,4990.0
2024-03-01 12:35:00,CPSI,9.460000038146973,9.460000038146973,9.460000038146973,9.460000038146973,9.460000038146973,278.0
2024-03-01 12:35:00,CRBP,32.040000915527344,32.040000915527344,32.040000915527344,32.040000915527344,32.040000915527344,154.0
2024-03-01 12:35:00,CRBU,7.994999885559082,7.994999885559082,8.0,7.980000019073486,7.985000133514404,5399.0
2024-03-01 12:35:00,CRDF,2.3117001056671143,2.3117001056671143,2.3297998905181885,2.3117001056671143,2.325000047683716,10877.0
2024-03-01 12:35:00,CRMD,3.7100000381469727,3.7100000381469727,3.7100000381469727,3.7100000381469727,3.7100000381469727,150.0
2024-03-01 12:35:00,CRNX,46.41999816894531,46.41999816894531,46.41999816894531,46.31999969482422,46.31999969482422,2420.0
2024-03-01 12:35:00,CRON,2.055000066757202,2.055000066757202,2.059999942779541,2.055000066757202,2.055000066757202,2403.0
2024-03-01 12:35:00,CRSP,85.68000030517578,85.68000030517578,85.73400115966797,85.55000305175781,85.55000305175781,1405.0
2024-03-01 12:35:00,CRVS,2.2699999809265137,2.2699999809265137,2.2699999809265137,2.2699999809265137,2.2699999809265137,543.0
2024-03-01 12:35:00,CTKB,8.739999771118164,8.739999771118164,8.739999771118164,8.739999771118164,8.739999771118164,100.0
2024-03-01 12:35:00,CTMX,2.680000066757202,2.680000066757202,2.680000066757202,2.680000066757202,2.680000066757202,220.0
2024-03-01 12:35:00,CTSO,0.9598000049591064,0.9598000049591064,0.9700000286102295,0.9598000049591064,0.9700000286102295,276.0
2024-03-01 12:35:00,CUE,2.2100000381469727,2.2100000381469727,2.2100000381469727,2.2049999237060547,2.2049999237060547,877.0
2024-03-01 12:35:00,CUTR,2.4200000762939453,2.4200000762939453,2.4200000762939453,2.4200000762939453,2.4200000762939453,100.0
2024-03-01 12:35:00,CYTK,73.3550033569336,73.3550033569336,73.37000274658203,73.31999969482422,73.33999633789062,3898.0
2024-03-01 12:35:00,DAWN,17.510000228881836,17.510000228881836,17.510000228881836,17.510000228881836,17.510000228881836,284.0
2024-03-01 12:35:00,DCGO,4.112500190734863,4.112500190734863,4.112500190734863,4.112500190734863,4.112500190734863,200.0
2024-03-01 12:35:00,DCPH,17.524999618530273,17.524999618530273,17.524999618530273,17.510000228881836,17.520000457763672,2678.0
2024-03-01 12:35:00,DH,8.859999656677246,8.859999656677246,8.880000114440918,8.850000381469727,8.850000381469727,2292.0
2024-03-01 12:35:00,DMTK,0.8798999786376953,0.8798999786376953,0.8798999786376953,0.8798999786376953,0.8798999786376953,805.0
2024-03-01 12:35:00,DNLI,20.940000534057617,20.940000534057617,20.940000534057617,20.899999618530273,20.90999984741211,1913.0
2024-03-01 12:35:00,DRIO,1.9924999475479126,1.9924999475479126,1.9924999475479126,1.9924999475479126,1.9924999475479126,152.0
2024-03-01 12:35:00,DRUG,1.8424999713897705,1.8424999713897705,1.8424999713897705,1.8424999713897705,1.8424999713897705,293.0
2024-03-01 12:35:00,DSGN,2.9149999618530273,2.9149999618530273,2.9149999618530273,2.9149999618530273,2.9149999618530273,305.0
2024-03-01 12:35:00,DXCM,121.61000061035156,121.61000061035156,121.625,121.42500305175781,121.42500305175781,11936.0
2024-03-01 12:35:00,DYN,28.549999237060547,28.549999237060547,28.549999237060547,28.299999237060547,28.299999237060547,4260.0
2024-03-01 12:35:00,EDIT,10.850000381469727,10.850000381469727,10.850000381469727,10.824999809265137,10.824999809265137,1741.0
2024-03-01 12:35:00,EFTR,15.081899642944336,15.081899642944336,15.130000114440918,15.081899642944336,15.119999885559082,463.0
2024-03-01 12:35:00,ELEV,4.809999942779541,4.809999942779541,4.820000171661377,4.789999961853027,4.820000171661377,4390.0
2024-03-01 12:35:00,ENTA,15.375,15.375,15.375,15.375,15.375,101.0
2024-03-01 12:35:00,ENVB,1.5104999542236328,1.5104999542236328,1.5299999713897705,1.5104999542236328,1.5199999809265137,804.0
2024-03-01 12:35:00,ERAS,2.5399999618530273,2.5399999618530273,2.5399999618530273,2.5299999713897705,2.5299999713897705,12648.0
2024-03-01 12:35:00,ESPR,2.5299999713897705,2.5299999713897705,2.5450000762939453,2.5299999713897705,2.5450000762939453,24114.0
2024-03-01 12:35:00,ETNB,13.170000076293945,13.170000076293945,13.170000076293945,13.170000076293945,13.170000076293945,783.0
2024-03-01 12:35:00,EWTX,17.149999618530273,17.149999618530273,17.170000076293945,17.149999618530273,17.149999618530273,1564.0
2024-03-01 12:35:00,EXAS,60.45000076293945,60.45000076293945,60.470001220703125,60.43000030517578,60.43000030517578,1953.0
2024-03-01 12:35:00,EXEL,22.4950008392334,22.4950008392334,22.5049991607666,22.4950008392334,22.4950008392334,2539.0
2024-03-01 12:35:00,EYEN,2.380000114440918,2.380000114440918,2.380000114440918,2.359999895095825,2.359999895095825,19222.0
2024-03-01 12:35:00,EYPT,27.959999084472656,27.959999084472656,28.0,27.959999084472656,28.0,1003.0
2024-03-01 12:35:00,FATE,7.579999923706055,7.579999923706055,7.59060001373291,7.574999809265137,7.579999923706055,4428.0
2024-03-01 12:35:00,FBIO,2.350100040435791,2.350100040435791,2.359999895095825,2.3399999141693115,2.3399999141693115,8207.0
2024-03-01 12:35:00,FDMT,29.239999771118164,29.239999771118164,29.260000228881836,29.239999771118164,29.260000228881836,726.0
2024-03-01 12:35:00,FGEN,1.8600000143051147,1.8600000143051147,1.8600000143051147,1.8507000207901,1.8507000207901,566.0
2024-03-01 12:35:00,FHTX,7.940000057220459,7.940000057220459,7.940000057220459,7.940000057220459,7.940000057220459,161.0
2024-03-01 12:35:00,FIXX,0.9298999905586243,0.9298999905586243,0.9301000237464905,0.9298999905586243,0.9301000237464905,300.0
2024-03-01 12:35:00,FOLD,13.354999542236328,13.354999542236328,13.354999542236328,13.345000267028809,13.345000267028809,1196.0
2024-03-01 12:35:00,FONR,22.479999542236328,22.479999542236328,22.479999542236328,22.479999542236328,22.479999542236328,227.0
2024-03-01 12:35:00,FULC,10.904999732971191,10.904999732971191,10.930000305175781,10.904999732971191,10.920000076293945,3290.0
2024-03-01 12:35:00,FUSN,12.229999542236328,12.229999542236328,12.25,12.229999542236328,12.239999771118164,4290.0
2024-03-01 12:35:00,FWBI,8.545000076293945,8.545000076293945,8.545000076293945,8.48330020904541,8.48330020904541,847.0
2024-03-01 12:35:00,GBIO,2.6649999618530273,2.6649999618530273,2.6649999618530273,2.660399913787842,2.660399913787842,250.0
2024-03-01 12:35:00,GCTK,0.31779998540878296,0.31779998540878296,0.31779998540878296,0.31777799129486084,0.31777799129486084,972.0
2024-03-01 12:35:00,GDRX,8.265000343322754,8.265000343322754,8.284899711608887,8.260000228881836,8.284899711608887,2163.0
2024-03-01 12:35:00,GERN,2.200000047683716,2.200000047683716,2.2100000381469727,2.200000047683716,2.2049999237060547,14767.0
2024-03-01 12:35:00,GH,19.200000762939453,19.200000762939453,19.200000762939453,19.200000762939453,19.200000762939453,530.0
2024-03-01 12:35:00,GHSI,8.40999984741211,8.40999984741211,8.40999984741211,8.40999984741211,8.40999984741211,207.0
2024-03-01 12:35:00,GILD,72.375,72.375,72.38249969482422,72.34989929199219,72.34989929199219,3537.0
2024-03-01 12:35:00,GMAB,29.329999923706055,29.329999923706055,29.329999923706055,29.31999969482422,29.31999969482422,1027.0
2024-03-01 12:35:00,GMDA,0.3833500146865845,0.3833500146865845,0.3833500146865845,0.3831000030040741,0.3831000030040741,2116.0
2024-03-01 12:35:00,GOSS,1.3600000143051147,1.3600000143051147,1.3650000095367432,1.3600000143051147,1.3650000095367432,2066.0
2024-03-01 12:35:00,GRFS,7.074999809265137,7.074999809265137,7.079999923706055,7.074999809265137,7.079999923706055,930.0
2024-03-01 12:35:00,GRPH,3.494999885559082,3.494999885559082,3.494999885559082,3.494999885559082,3.494999885559082,171.0
2024-03-01 12:35:00,GRTS,2.1700000762939453,2.1700000762939453,2.184999942779541,2.1700000762939453,2.184999942779541,11559.0
2024-03-01 12:35:00,GRTX,0.23639999330043793,0.23639999330043793,0.23639999330043793,0.23639999330043793,0.23639999330043793,400.0
2024-03-01 12:35:00,GTHX,3.6700000762939453,3.6700000762939453,3.700000047683716,3.6700000762939453,3.694999933242798,5802.0
2024-03-01 12:35:00,HALO,41.68000030517578,41.68000030517578,41.69499969482422,41.65999984741211,41.66999816894531,1566.0
2024-03-01 12:35:00,HARP,22.950000762939453,22.950000762939453,22.950000762939453,22.950000762939453,22.950000762939453,102.0
2024-03-01 12:35:00,HCAT,8.024999618530273,8.024999618530273,8.024999618530273,8.020000457763672,8.02079963684082,1645.0
2024-03-01 12:35:00,HCTI,2.446000099182129,2.446000099182129,2.4700000286102295,2.446000099182129,2.4700000286102295,600.0
2024-03-01 12:35:00,HLVX,18.924999237060547,18.924999237060547,18.93000030517578,18.924999237060547,18.93000030517578,571.0
2024-03-01 12:35:00,HOLX,73.69000244140625,73.69000244140625,73.69999694824219,73.69000244140625,73.69999694824219,329.0
2024-03-01 12:35:00,HOOK,0.800000011920929,0.800000011920929,0.800000011920929,0.7800999879837036,0.7900000214576721,3622.0
2024-03-01 12:35:00,HOWL,7.0,7.0,7.0,7.0,7.0,372.0
2024-03-01 12:35:00,HQY,81.62000274658203,81.62000274658203,81.62000274658203,81.62000274658203,81.62000274658203,727.0
2024-03-01 12:35:00,HRTX,2.5999999046325684,2.5999999046325684,2.5999999046325684,2.5999999046325684,2.5999999046325684,7487.0
2024-03-01 12:35:00,HSIC,76.87000274658203,76.87000274658203,76.875,76.86000061035156,76.86000061035156,2196.0
2024-03-01 12:35:00,HSTM,27.429000854492188,27.429000854492188,27.429000854492188,27.429000854492188,27.429000854492188,287.0
2024-03-01 12:35:00,HUMA,3.444999933242798,3.444999933242798,3.450000047683716,3.440000057220459,3.444999933242798,6412.0
2024-03-01 12:35:00,IART,36.47999954223633,36.47999954223633,36.47999954223633,36.47999954223633,36.47999954223633,523.0
2024-03-01 12:35:00,IBRX,4.869800090789795,4.869800090789795,4.869999885559082,4.860099792480469,4.864999771118164,2277.0
2024-03-01 12:35:00,ICAD,1.8899999856948853,1.8899999856948853,1.8899999856948853,1.850000023841858,1.850000023841858,12473.0
2024-03-01 12:35:00,ICLR,323.19500732421875,323.19500732421875,323.2950134277344,323.19500732421875,323.2724914550781,1002.0
2024-03-01 12:35:00,ICUI,105.02999877929688,105.02999877929688,105.05000305175781,104.91000366210938,105.0,3153.0
2024-03-01 12:35:00,IDYA,46.41999816894531,46.41999816894531,46.459999084472656,46.41999816894531,46.459999084472656,3085.0
2024-03-01 12:35:00,IGMS,13.399999618530273,13.399999618530273,13.399999618530273,13.399999618530273,13.399999618530273,102.0
2024-03-01 12:35:00,ILMN,142.57000732421875,142.57000732421875,142.57000732421875,142.55999755859375,142.55999755859375,2106.0
2024-03-01 12:35:00,IMCR,68.0,68.0,68.0,67.83999633789062,67.83999633789062,594.0
2024-03-01 12:35:00,IMNM,26.18000030517578,26.18000030517578,26.18000030517578,26.139999389648438,26.139999389648438,522.0
2024-03-01 12:35:00,IMRX,6.230000019073486,6.230000019073486,6.230000019073486,6.230000019073486,6.230000019073486,370.0
2024-03-01 12:35:00,IMTX,12.90999984741211,12.90999984741211,12.90999984741211,12.869999885559082,12.869999885559082,1782.0
2024-03-01 12:35:00,IMUX,1.4850000143051147,1.4850000143051147,1.4900000095367432,1.4850000143051147,1.4900000095367432,1648.0
2024-03-01 12:35:00,IMVT,36.41999816894531,36.41999816894531,36.41999816894531,36.380001068115234,36.380001068115234,2196.0
2024-03-01 12:35:00,INAB,1.100000023841858,1.100000023841858,1.100000023841858,1.100000023841858,1.100000023841858,274.0
2024-03-01 12:35:00,INBX,36.7599983215332,36.7599983215332,36.7599983215332,36.724998474121094,36.724998474121094,375.0
2024-03-01 12:35:00,INCR,1.9515999555587769,1.9515999555587769,1.9515999555587769,1.9515999555587769,1.9515999555587769,330.0
2024-03-01 12:35:00,INCY,59.189998626708984,59.189998626708984,59.220001220703125,59.16999816894531,59.18000030517578,3019.0
2024-03-01 12:35:00,INGN,6.880000114440918,6.880000114440918,6.880000114440918,6.869999885559082,6.869999885559082,1631.0
2024-03-01 12:35:00,INMD,22.950000762939453,22.950000762939453,22.950000762939453,22.920000076293945,22.920000076293945,2813.0
2024-03-01 12:35:00,INO,9.40999984741211,9.40999984741211,9.40999984741211,9.399999618530273,9.399999618530273,1438.0
2024-03-01 12:35:00,INSM,28.560100555419922,28.560100555419922,28.56999969482422,28.524999618530273,28.530000686645508,3089.0
2024-03-01 12:35:00,INVA,15.585000038146973,15.585000038146973,15.585000038146973,15.585000038146973,15.585000038146973,1201.0
2024-03-01 12:35:00,INZY,6.730000019073486,6.730000019073486,6.730000019073486,6.730000019073486,6.730000019073486,128.0
2024-03-01 12:35:00,IOBT,1.7999999523162842,1.7999999523162842,1.7999999523162842,1.774999976158142,1.7999999523162842,2803.0
2024-03-01 12:35:00,IONS,45.849998474121094,45.849998474121094,45.86000061035156,45.82500076293945,45.82500076293945,2131.0
2024-03-01 12:35:00,IOVA,16.790000915527344,16.790000915527344,16.799999237060547,16.75,16.7549991607666,20629.0
2024-03-01 12:35:00,IPSC,3.815000057220459,3.815000057220459,3.815000057220459,3.815000057220459,3.815000057220459,323.0
2024-03-01 12:35:00,IRWD,9.175000190734863,9.175000190734863,9.1899995803833,9.164999961853027,9.164999961853027,25850.0
2024-03-01 12:35:00,ISRG,394.6099853515625,394.6099853515625,394.6099853515625,394.5,394.5,1680.0
2024-03-01 12:35:00,ITOS,10.760000228881836,10.760000228881836,10.760000228881836,10.760000228881836,10.760000228881836,490.0
2024-03-01 12:35:00,IXHL,5.350100040435791,5.350100040435791,5.350100040435791,5.350100040435791,5.350100040435791,522.0
2024-03-01 12:35:00,JAGX,0.07360000163316727,0.07360000163316727,0.0737999975681305,0.07289999723434448,0.07370000332593918,64282.0
2024-03-01 12:35:00,JAZZ,119.0436019897461,119.0436019897461,119.0436019897461,118.93000030517578,118.93000030517578,2813.0
2024-03-01 12:35:00,KNSA,21.729999542236328,21.729999542236328,21.729999542236328,21.670000076293945,21.670000076293945,2648.0
2024-03-01 12:35:00,KNTE,2.6050000190734863,2.6050000190734863,2.609999895095825,2.6050000190734863,2.609999895095825,200.0
2024-03-01 12:35:00,KOD,6.110000133514404,6.110000133514404,6.110000133514404,6.09499979019165,6.09499979019165,1658.0
2024-03-01 12:35:00,KPTI,1.1950000524520874,1.1950000524520874,1.1950000524520874,1.1950000524520874,1.1950000524520874,1013.0
2024-03-01 12:35:00,KROS,70.45999908447266,70.45999908447266,70.45999908447266,70.45999908447266,70.45999908447266,116.0
2024-03-01 12:35:00,KRTX,317.0,317.0,317.0,316.7900085449219,316.7900085449219,564.0
2024-03-01 12:35:00,KTRA,0.0966000035405159,0.0966000035405159,0.09679999947547913,0.09650000184774399,0.09650000184774399,2100.0
2024-03-01 12:35:00,KURA,21.139999389648438,21.139999389648438,21.139999389648438,21.139999389648438,21.139999389648438,505.0
2024-03-01 12:35:00,KYMR,44.09000015258789,44.09000015258789,44.095001220703125,44.09000015258789,44.09000015258789,666.0
2024-03-01 12:35:00,LAB,2.505000114440918,2.505000114440918,2.505000114440918,2.505000114440918,2.505000114440918,138.0
2024-03-01 12:35:00,LBPH,22.280000686645508,22.280000686645508,22.280000686645508,22.075000762939453,22.139999389648438,2159.0
2024-03-01 12:35:00,LEXX,2.8566999435424805,2.8566999435424805,2.859999895095825,2.8101999759674072,2.8299999237060547,12011.0
2024-03-01 12:35:00,LFMD,8.0,8.0,8.0,7.989999771118164,8.0,1099.0
2024-03-01 12:35:00,LFST,7.885000228881836,7.885000228881836,7.889999866485596,7.880099773406982,7.880099773406982,1774.0
2024-03-01 12:35:00,LGND,79.02999877929688,79.02999877929688,79.02999877929688,79.02999877929688,79.02999877929688,368.0
2024-03-01 12:35:00,LIVN,55.494998931884766,55.494998931884766,55.494998931884766,55.494998931884766,55.494998931884766,203.0
2024-03-01 12:35:00,LMAT,67.27999877929688,67.27999877929688,67.27999877929688,67.27999877929688,67.27999877929688,391.0
2024-03-01 12:35:00,LNTH,65.5,65.5,65.5,65.43000030517578,65.43000030517578,254.0
2024-03-01 12:35:00,LQDA,14.420000076293945,14.420000076293945,14.420000076293945,14.40999984741211,14.40999984741211,1240.0
2024-03-01 12:35:00,LRMR,11.500499725341797,11.500499725341797,11.500499725341797,11.500499725341797,11.500499725341797,528.0
2024-03-01 12:35:00,LUNG,9.409899711608887,9.409899711608887,9.409899711608887,9.359999656677246,9.359999656677246,640.0
2024-03-01 12:35:00,LVTX,3.0,3.0,3.009999990463257,3.0,3.009999990463257,351.0
2024-03-01 12:35:00,LXRX,2.494999885559082,2.494999885559082,2.5,2.490000009536743,2.490000009536743,4456.0
2024-03-01 12:35:00,LYEL,3.1500000953674316,3.1500000953674316,3.1500000953674316,3.1500000953674316,3.1500000953674316,2111.0
2024-03-01 12:35:00,LYRA,5.610000133514404,5.610000133514404,5.610000133514404,5.590000152587891,5.590000152587891,216.0
2024-03-01 12:35:00,MACK,14.729999542236328,14.729999542236328,14.729999542236328,14.729999542236328,14.729999542236328,192.0
2024-03-01 12:35:00,MCRB,1.2000000476837158,1.2000000476837158,1.2085000276565552,1.2000000476837158,1.2085000276565552,2813.0
2024-03-01 12:35:00,MDGL,249.39999389648438,249.39999389648438,249.58999633789062,249.10000610351562,249.10000610351562,1102.0
2024-03-01 12:35:00,MDRX,6.110000133514404,6.110000133514404,6.110000133514404,6.039999961853027,6.054999828338623,9221.0
2024-03-01 12:35:00,MDXG,8.680000305175781,8.680000305175781,8.680000305175781,8.664999961853027,8.680000305175781,4388.0
2024-03-01 12:35:00,ME,0.5737500190734863,0.5737500190734863,0.5776000022888184,0.5737500190734863,0.5776000022888184,406.0
2024-03-01 12:35:00,MIST,1.7400000095367432,1.7400000095367432,1.7599999904632568,1.725000023841858,1.7300000190734863,3495.0
2024-03-01 12:35:00,MLTX,52.119998931884766,52.119998931884766,52.119998931884766,52.119998931884766,52.119998931884766,104.0
2024-03-01 12:35:00,MNKD,4.534999847412109,4.534999847412109,4.534999847412109,4.534999847412109,4.534999847412109,523.0
2024-03-01 12:35:00,MODD,1.9299999475479126,1.9299999475479126,1.9299999475479126,1.9299999475479126,1.9299999475479126,327.0
2024-03-01 12:35:00,MOR,17.579999923706055,17.579999923706055,17.579999923706055,17.579999923706055,17.579999923706055,200.0
2024-03-01 12:35:00,MORF,39.5,39.5,39.5,39.43000030517578,39.43000030517578,1467.0
2024-03-01 12:35:00,MREO,3.859999895095825,3.859999895095825,3.859999895095825,3.8499999046325684,3.8499999046325684,4222.0
2024-03-01 12:35:00,MRNA,96.70999908447266,96.70999908447266,96.77999877929688,96.70999908447266,96.75,4885.0
2024-03-01 12:35:00,MRNS,10.010000228881836,10.010000228881836,10.020000457763672,10.010000228881836,10.020000457763672,1508.0
2024-03-01 12:35:00,MRSN,6.039999961853027,6.039999961853027,6.050000190734863,6.034999847412109,6.050000190734863,10169.0
2024-03-01 12:35:00,MRVI,7.849999904632568,7.849999904632568,7.850100040435791,7.849999904632568,7.849999904632568,4657.0
2024-03-01 12:35:00,MXCT,4.784999847412109,4.784999847412109,4.784999847412109,4.78000020980835,4.78000020980835,820.0
2024-03-01 12:35:00,MYGN,21.639999389648438,21.639999389648438,21.639999389648438,21.610000610351562,21.610000610351562,1584.0
2024-03-01 12:35:00,MYMD,3.4200000762939453,3.4200000762939453,3.4200000762939453,3.4200000762939453,3.4200000762939453,856.0
2024-03-01 12:35:00,NARI,45.779998779296875,45.779998779296875,45.79999923706055,45.709999084472656,45.72999954223633,2666.0
2024-03-01 12:35:00,NAUT,2.6700000762939453,2.6700000762939453,2.6700000762939453,2.6700000762939453,2.6700000762939453,200.0
2024-03-01 12:35:00,NBIX,131.0,131.0,131.0500030517578,130.99000549316406,130.99000549316406,4536.0
2024-03-01 12:35:00,NEO,16.084999084472656,16.084999084472656,16.084999084472656,16.084999084472656,16.084999084472656,124.0
2024-03-01 12:35:00,NEOG,17.395000457763672,17.395000457763672,17.395000457763672,17.389999389648438,17.389999389648438,1118.0
2024-03-01 12:35:00,NGM,1.5299999713897705,1.5299999713897705,1.5299999713897705,1.5299999713897705,1.5299999713897705,821.0
2024-03-01 12:35:00,NKTR,0.7799999713897705,0.7799999713897705,0.7799999713897705,0.7700999975204468,0.7789000272750854,22262.0
2024-03-01 12:35:00,NKTX,12.989999771118164,12.989999771118164,13.0,12.970000267028809,12.989999771118164,8876.0
2024-03-01 12:35:00,NNOX,11.180000305175781,11.180000305175781,11.180000305175781,11.180000305175781,11.180000305175781,664.0
2024-03-01 12:35:00,NOTV,8.119999885559082,8.119999885559082,8.119999885559082,8.104999542236328,8.104999542236328,1952.0
2024-03-01 12:35:00,NPCE,16.489999771118164,16.489999771118164,16.489999771118164,16.489999771118164,16.489999771118164,734.0
2024-03-01 12:35:00,NRIX,13.5600004196167,13.5600004196167,13.5600004196167,13.520000457763672,13.520000457763672,1286.0
2024-03-01 12:35:00,NRSN,2.299999952316284,2.299999952316284,2.3299999237060547,2.2042999267578125,2.25,37716.0
2024-03-01 12:35:00,NRXP,0.4250499904155731,0.4250499904155731,0.4298990070819855,0.4250499904155731,0.4298990070819855,1600.0
2024-03-01 12:35:00,NTLA,33.4900016784668,33.4900016784668,33.529998779296875,33.47999954223633,33.505001068115234,2323.0
2024-03-01 12:35:00,NTRA,88.9000015258789,88.9000015258789,89.05999755859375,88.9000015258789,88.98999786376953,6756.0
2024-03-01 12:35:00,NUTX,0.11349999904632568,0.11349999904632568,0.11389999836683273,0.11349999904632568,0.11349999904632568,19118.0
2024-03-01 12:35:00,NUVL,88.75,88.75,88.81999969482422,88.75,88.81500244140625,1031.0
2024-03-01 12:35:00,NUWE,0.578000009059906,0.578000009059906,0.578000009059906,0.578000009059906,0.578000009059906,100.0
2024-03-01 12:35:00,NVAX,5.139999866485596,5.139999866485596,5.150000095367432,5.139999866485596,5.150000095367432,2114.0
2024-03-01 12:35:00,NVCR,16.030000686645508,16.030000686645508,16.030000686645508,16.030000686645508,16.030000686645508,1212.0
2024-03-01 12:35:00,NVOS,0.6337990164756775,0.6337990164756775,0.6337990164756775,0.6337990164756775,0.6337990164756775,5002.0
2024-03-01 12:35:00,NXTC,1.7400000095367432,1.7400000095367432,1.7400000095367432,1.7400000095367432,1.7400000095367432,100.0
2024-03-01 12:35:00,OCGN,0.9341999888420105,0.9341999888420105,0.9343000054359436,0.9333999752998352,0.9333999752998352,4114.0
2024-03-01 12:35:00,OCUL,10.760000228881836,10.760000228881836,10.770000457763672,10.75,10.760000228881836,4481.0
2024-03-01 12:35:00,OGI,2.174999952316284,2.174999952316284,2.180000066757202,2.174999952316284,2.180000066757202,5167.0
2024-03-01 12:35:00,OLMA,14.380000114440918,14.380000114440918,14.380000114440918,14.25,14.25,48079.0
2024-03-01 12:35:00,OM,3.1424999237060547,3.1424999237060547,3.1424999237060547,3.1424999237060547,3.1424999237060547,160.0
2024-03-01 12:35:00,OMCL,26.5,26.5,26.524999618530273,26.5,26.524999618530273,703.0
2024-03-01 12:35:00,OMGA,4.190000057220459,4.190000057220459,4.190000057220459,4.179999828338623,4.179999828338623,1216.0
2024-03-01 12:36:00,ABCL,5.215000152587891,5.215000152587891,5.215000152587891,5.215000152587891,5.215000152587891,637.0
2024-03-01 12:36:00,ABEO,7.719299793243408,7.719299793243408,7.719299793243408,7.719299793243408,7.719299793243408,3000.0
2024-03-01 12:36:00,ABOS,4.679999828338623,4.679999828338623,4.679999828338623,4.679999828338623,4.679999828338623,329.0
2024-03-01 12:36:00,ABSI,5.244999885559082,5.244999885559082,5.25,5.244999885559082,5.244999885559082,649.0
2024-03-01 12:36:00,ABUS,2.7799999713897705,2.7799999713897705,2.7799999713897705,2.7750000953674316,2.7750000953674316,357.0
2024-03-01 12:36:00,ACAD,24.280000686645508,24.280000686645508,24.325000762939453,24.274999618530273,24.325000762939453,3238.0
2024-03-01 12:36:00,ACB,3.180799961090088,3.180799961090088,3.189300060272217,3.180799961090088,3.189300060272217,741.0
2024-03-01 12:36:00,ACCD,10.19849967956543,10.19849967956543,10.19849967956543,10.19849967956543,10.19849967956543,696.0
2024-03-01 12:36:00,ACET,2.369999885559082,2.369999885559082,2.375,2.369999885559082,2.375,700.0
2024-03-01 12:36:00,ACIU,3.869999885559082,3.869999885559082,3.869999885559082,3.869999885559082,3.869999885559082,106.0
2024-03-01 12:36:00,ACLX,67.16000366210938,67.16000366210938,67.19999694824219,67.05999755859375,67.12999725341797,1375.0
2024-03-01 12:36:00,ACRS,1.2350000143051147,1.2350000143051147,1.2400000095367432,1.2300000190734863,1.2300000190734863,801.0
2024-03-01 12:36:00,ADAP,1.6100000143051147,1.6100000143051147,1.6100000143051147,1.6100000143051147,1.6100000143051147,369.0
2024-03-01 12:36:00,ADIL,3.10260009765625,3.10260009765625,3.130000114440918,3.049999952316284,3.069999933242798,94232.0
2024-03-01 12:36:00,ADMA,5.457699775695801,5.457699775695801,5.460000038146973,5.454999923706055,5.45989990234375,2999.0
2024-03-01 12:36:00,ADPT,4.204999923706055,4.204999923706055,4.204999923706055,4.204999923706055,4.204999923706055,452.0
2024-03-01 12:36:00,ADVM,1.975000023841858,1.975000023841858,1.975000023841858,1.975000023841858,1.975000023841858,508.0
2024-03-01 12:36:00,AGEN,0.673799991607666,0.673799991607666,0.6738749742507935,0.673799991607666,0.6738749742507935,2092.0
2024-03-01 12:36:00,AGIO,32.8849983215332,32.8849983215332,32.8849983215332,32.8849983215332,32.8849983215332,100.0
2024-03-01 12:36:00,AHCO,10.765000343322754,10.765000343322754,10.770000457763672,10.765000343322754,10.765000343322754,418.0
2024-03-01 12:36:00,AIH,0.5,0.5,0.5,0.5,0.5,200.0
2024-03-01 12:36:00,AKAN,0.24089999496936798,0.24089999496936798,0.2409999966621399,0.24089999496936798,0.2409999966621399,399.0
2024-03-01 12:36:00,AKBA,1.684999942779541,1.684999942779541,1.690000057220459,1.6799999475479126,1.6799999475479126,1027.0
2024-03-01 12:36:00,AKLI,0.3400000035762787,0.3400000035762787,0.3400000035762787,0.3384000062942505,0.3384000062942505,6805.0
2024-03-01 12:36:00,AKRO,30.079999923706055,30.079999923706055,30.31999969482422,30.079999923706055,30.31999969482422,4313.0
2024-03-01 12:36:00,ALGN,303.5,303.5,303.6050109863281,303.5,303.6050109863281,760.0
2024-03-01 12:36:00,ALGS,1.1100000143051147,1.1100000143051147,1.1100000143051147,1.1050000190734863,1.1100000143051147,6189.0
2024-03-01 12:36:00,ALHC,5.730000019073486,5.730000019073486,5.75,5.730000019073486,5.75,2796.0
2024-03-01 12:36:00,ALKS,30.059999465942383,30.059999465942383,30.079999923706055,30.05500030517578,30.079999923706055,904.0
2024-03-01 12:36:00,ALLK,1.6100000143051147,1.6100000143051147,1.6100000143051147,1.6074999570846558,1.6074999570846558,455.0
2024-03-01 12:36:00,ALLO,5.039999961853027,5.039999961853027,5.045000076293945,5.039999961853027,5.045000076293945,576.0
2024-03-01 12:36:00,ALNY,154.25,154.25,154.25,154.25,154.25,103.0
2024-03-01 12:36:00,ALPN,35.72999954223633,35.72999954223633,35.755001068115234,35.72999954223633,35.755001068115234,675.0
2024-03-01 12:36:00,ALT,12.109999656677246,12.109999656677246,12.114999771118164,12.104999542236328,12.114999771118164,5143.0
2024-03-01 12:36:00,ALVR,0.7512000203132629,0.7512000203132629,0.7512000203132629,0.7512000203132629,0.7512000203132629,113.0
2024-03-01 12:36:00,AMGN,281.4599914550781,281.4599914550781,281.489990234375,281.3800048828125,281.4100036621094,3706.0
2024-03-01 12:36:00,AMLX,18.8700008392334,18.8700008392334,18.8799991607666,18.860000610351562,18.860000610351562,3378.0
2024-03-01 12:36:00,AMPH,45.439998626708984,45.439998626708984,45.439998626708984,45.400001525878906,45.400001525878906,1209.0
2024-03-01 12:36:00,AMRN,1.0549999475479126,1.0549999475479126,1.0549999475479126,1.0549999475479126,1.0549999475479126,100.0
2024-03-01 12:36:00,ANAB,25.459999084472656,25.459999084472656,25.459999084472656,25.459999084472656,25.459999084472656,294.0
2024-03-01 12:36:00,ANGO,5.5,5.5,5.505000114440918,5.5,5.505000114440918,313.0
2024-03-01 12:36:00,ANIP,66.12000274658203,66.12000274658203,66.12000274658203,66.12000274658203,66.12000274658203,100.0
2024-03-01 12:36:00,ANNX,5.940000057220459,5.940000057220459,5.940000057220459,5.940000057220459,5.940000057220459,400.0
2024-03-01 12:36:00,APLS,64.91999816894531,64.91999816894531,65.05000305175781,64.91999816894531,65.05000305175781,3785.0
2024-03-01 12:36:00,APLT,7.079999923706055,7.079999923706055,7.090000152587891,7.079999923706055,7.090000152587891,718.0
2024-03-01 12:36:00,AQST,4.298900127410889,4.298900127410889,4.300000190734863,4.289999961853027,4.289999961853027,1226.0
2024-03-01 12:36:00,ARDX,9.65999984741211,9.65999984741211,9.664999961853027,9.65999984741211,9.664999961853027,1470.0
2024-03-01 12:36:00,ARQT,11.710000038146973,11.710000038146973,11.770000457763672,11.699999809265137,11.770000457763672,8902.0
2024-03-01 12:36:00,ARVN,49.290000915527344,49.290000915527344,49.369998931884766,49.279998779296875,49.32500076293945,1387.0
2024-03-01 12:36:00,ARWR,36.04499816894531,36.04499816894531,36.099998474121094,36.02000045776367,36.099998474121094,1503.0
2024-03-01 12:36:00,ASND,150.6199951171875,150.6199951171875,150.6199951171875,150.6199951171875,150.6199951171875,275.0
2024-03-01 12:36:00,ATAI,2.119999885559082,2.119999885559082,2.1393001079559326,2.119999885559082,2.1393001079559326,16713.0
2024-03-01 12:36:00,ATEC,13.604999542236328,13.604999542236328,13.604999542236328,13.604999542236328,13.604999542236328,414.0
2024-03-01 12:36:00,ATRA,0.7875999808311462,0.7875999808311462,0.7876009941101074,0.7851999998092651,0.7851999998092651,3272.0
2024-03-01 12:36:00,ATRC,36.16999816894531,36.16999816894531,36.16999816894531,36.16999816894531,36.16999816894531,206.0
2024-03-01 12:36:00,ATXI,0.15109999477863312,0.15109999477863312,0.15109999477863312,0.15109999477863312,0.15109999477863312,150.0
2024-03-01 12:36:00,AUPH,5.869699954986572,5.869699954986572,5.869699954986572,5.864999771118164,5.864999771118164,506.0
2024-03-01 12:36:00,AVDL,12.949999809265137,12.949999809265137,12.960000038146973,12.930000305175781,12.944999694824219,11360.0
2024-03-01 12:36:00,AVIR,4.545000076293945,4.545000076293945,4.545000076293945,4.545000076293945,4.545000076293945,151.0
2024-03-01 12:36:00,AVXL,5.385000228881836,5.385000228881836,5.385000228881836,5.380000114440918,5.380000114440918,724.0
2024-03-01 12:36:00,AWH,4.290900230407715,4.290900230407715,4.290900230407715,4.290900230407715,4.290900230407715,131.0
2024-03-01 12:36:00,AXGN,10.510000228881836,10.510000228881836,10.510000228881836,10.510000228881836,10.510000228881836,526.0
2024-03-01 12:36:00,AXNX,67.80000305175781,67.80000305175781,67.80000305175781,67.80000305175781,67.80000305175781,578.0
2024-03-01 12:36:00,AXSM,82.58999633789062,82.58999633789062,82.58999633789062,82.58999633789062,82.58999633789062,201.0
2024-03-01 12:36:00,AZN,64.69499969482422,64.69499969482422,64.69999694824219,64.69499969482422,64.69999694824219,502.0
2024-03-01 12:36:00,AZTA,66.83999633789062,66.83999633789062,66.8499984741211,66.80999755859375,66.80999755859375,810.0
2024-03-01 12:36:00,BBIO,36.02000045776367,36.02000045776367,36.08000183105469,36.0099983215332,36.060001373291016,3372.0
2024-03-01 12:36:00,BBLG,2.2973999977111816,2.2973999977111816,2.299999952316284,2.2950000762939453,2.299999952316284,780.0
2024-03-01 12:36:00,BCAB,2.734999895095825,2.734999895095825,2.734999895095825,2.734999895095825,2.734999895095825,189.0
2024-03-01 12:36:00,BCEL,0.2653000056743622,0.2653000056743622,0.2653000056743622,0.2653000056743622,0.2653000056743622,137.0
2024-03-01 12:36:00,BCRX,5.760000228881836,5.760000228881836,5.765999794006348,5.760000228881836,5.765999794006348,2110.0
2024-03-01 12:36:00,BDTX,5.019999980926514,5.019999980926514,5.029799938201904,5.019999980926514,5.029799938201904,1161.0
2024-03-01 12:36:00,BEAM,40.06999969482422,40.06999969482422,40.13999938964844,40.06999969482422,40.13999938964844,2425.0
2024-03-01 12:36:00,BGNE,167.0399932861328,167.0399932861328,167.0399932861328,167.0399932861328,167.0399932861328,407.0
2024-03-01 12:36:00,BIOR,1.2000000476837158,1.2000000476837158,1.2000000476837158,1.2000000476837158,1.2000000476837158,2110.0
2024-03-01 12:36:00,BIVI,1.8600000143051147,1.8600000143051147,1.8782000541687012,1.850000023841858,1.8782000541687012,78768.0
2024-03-01 12:36:00,BLFS,18.260000228881836,18.260000228881836,18.270000457763672,18.239999771118164,18.270000457763672,1211.0
2024-03-01 12:36:00,BLUE,1.5950000286102295,1.5950000286102295,1.600000023841858,1.593500018119812,1.600000023841858,31563.0
2024-03-01 12:36:00,BMRN,87.19000244140625,87.19000244140625,87.2300033569336,87.19000244140625,87.2300033569336,1183.0
2024-03-01 12:36:00,BPMC,97.36499786376953,97.36499786376953,97.49500274658203,97.3499984741211,97.49500274658203,1918.0
2024-03-01 12:36:00,BRKR,88.37000274658203,88.37000274658203,88.41000366210938,88.37000274658203,88.41000366210938,1037.0
2024-03-01 12:36:00,BSGM,0.6439999938011169,0.6439999938011169,0.6439999938011169,0.6439999938011169,0.6439999938011169,100.0
2024-03-01 12:36:00,BTAI,3.171099901199341,3.171099901199341,3.190000057220459,3.171099901199341,3.190000057220459,8739.0
2024-03-01 12:36:00,BTTX,0.1745000034570694,0.1745000034570694,0.1745000034570694,0.1745000034570694,0.1745000034570694,100.0
2024-03-01 12:36:00,BWAY,6.53000020980835,6.53000020980835,6.53000020980835,6.53000020980835,6.53000020980835,120.0
2024-03-01 12:36:00,CABA,23.989999771118164,23.989999771118164,24.010000228881836,23.989999771118164,24.0,2257.0
2024-03-01 12:36:00,CARA,0.9100000262260437,0.9100000262260437,0.9100000262260437,0.9100000262260437,0.9100000262260437,6433.0
2024-03-01 12:36:00,CBAY,32.23500061035156,32.23500061035156,32.23500061035156,32.23500061035156,32.23500061035156,1300.0
2024-03-01 12:36:00,CCCC,10.930000305175781,10.930000305175781,10.9350004196167,10.925000190734863,10.9350004196167,2080.0
2024-03-01 12:36:00,CCRN,18.264999389648438,18.264999389648438,18.264999389648438,18.264999389648438,18.264999389648438,593.0
2024-03-01 12:36:00,CDMO,8.09000015258789,8.09000015258789,8.09000015258789,8.09000015258789,8.09000015258789,325.0
2024-03-01 12:36:00,CDNA,12.359999656677246,12.359999656677246,12.380000114440918,12.359999656677246,12.380000114440918,1007.0
2024-03-01 12:36:00,CDXS,4.460000038146973,4.460000038146973,4.460000038146973,4.449999809265137,4.449999809265137,3676.0
2024-03-01 12:36:00,CERE,41.095001220703125,41.095001220703125,41.10499954223633,41.09000015258789,41.099998474121094,7787.0
2024-03-01 12:36:00,CERS,2.2149999141693115,2.2149999141693115,2.2149999141693115,2.2149999141693115,2.2149999141693115,216.0
2024-03-01 12:36:00,CERT,17.674999237060547,17.674999237060547,17.674999237060547,17.674999237060547,17.674999237060547,567.0
2024-03-01 12:36:00,CGC,3.2500998973846436,3.2500998973846436,3.255000114440918,3.25,3.255000114440918,3172.0
2024-03-01 12:36:00,CGEM,18.979999542236328,18.979999542236328,18.979999542236328,18.979999542236328,18.979999542236328,655.0
2024-03-01 12:36:00,CGEN,2.6854000091552734,2.6854000091552734,2.6854000091552734,2.6854000091552734,2.6854000091552734,100.0
2024-03-01 12:36:00,CHRS,2.375,2.375,2.375,2.375,2.375,432.0
2024-03-01 12:36:00,CKPT,2.2200000286102295,2.2200000286102295,2.2200000286102295,2.2200000286102295,2.2200000286102295,227.0
2024-03-01 12:36:00,CLDX,50.275001525878906,50.275001525878906,50.275001525878906,50.16999816894531,50.26499938964844,2238.0
2024-03-01 12:36:00,CLOV,0.8629999756813049,0.8629999756813049,0.8633999824523926,0.8629999756813049,0.8633999824523926,4652.0
2024-03-01 12:36:00,CMPS,11.414999961853027,11.414999961853027,11.460000038146973,11.390000343322754,11.460000038146973,2373.0
2024-03-01 12:36:00,CNSP,0.3162490129470825,0.3162490129470825,0.3162490129470825,0.3162490129470825,0.3162490129470825,300.0
2024-03-01 12:36:00,COLL,37.02000045776367,37.02000045776367,37.02000045776367,37.02000045776367,37.02000045776367,124.0
2024-03-01 12:36:00,CORT,24.169700622558594,24.169700622558594,24.169700622558594,24.155000686645508,24.155000686645508,1651.0
2024-03-01 12:36:00,CPRX,17.059999465942383,17.059999465942383,17.087499618530273,17.045000076293945,17.049800872802734,12820.0
2024-03-01 12:36:00,CRBU,7.960000038146973,7.960000038146973,8.0,7.960000038146973,8.0,5969.0
2024-03-01 12:36:00,CRDF,2.329900026321411,2.329900026321411,2.329900026321411,2.299999952316284,2.309999942779541,10920.0
2024-03-01 12:36:00,CRDL,1.9700000286102295,1.9700000286102295,1.9700000286102295,1.9700000286102295,1.9700000286102295,588.0
2024-03-01 12:36:00,CRNX,46.41999816894531,46.41999816894531,46.41999816894531,46.369998931884766,46.369998931884766,743.0
2024-03-01 12:36:00,CRSP,85.5999984741211,85.5999984741211,85.64800262451172,85.56999969482422,85.64800262451172,1056.0
2024-03-01 12:36:00,CRVS,2.265000104904175,2.265000104904175,2.265000104904175,2.265000104904175,2.265000104904175,178.0
2024-03-01 12:36:00,CTKB,8.734999656677246,8.734999656677246,8.739999771118164,8.729999542236328,8.739999771118164,2276.0
2024-03-01 12:36:00,CTMX,2.68969988822937,2.68969988822937,2.700000047683716,2.6700000762939453,2.6700000762939453,12648.0
2024-03-01 12:36:00,CTXR,0.7720999717712402,0.7720999717712402,0.7723249793052673,0.7720999717712402,0.7723249793052673,232.0
2024-03-01 12:36:00,CUE,2.2100000381469727,2.2100000381469727,2.210599899291992,2.2100000381469727,2.210599899291992,2659.0
2024-03-01 12:36:00,CUTR,2.430000066757202,2.430000066757202,2.430000066757202,2.430000066757202,2.430000066757202,1078.0
2024-03-01 12:36:00,CVAC,3.5039000511169434,3.5039000511169434,3.505000114440918,3.5039000511169434,3.505000114440918,1222.0
2024-03-01 12:36:00,CYTK,73.2699966430664,73.2699966430664,73.31999969482422,73.2699966430664,73.31999969482422,2683.0
2024-03-01 12:36:00,CYTO,2.3399999141693115,2.3399999141693115,2.3499999046325684,2.3373000621795654,2.3373000621795654,1139.0
2024-03-01 12:36:00,DARE,0.5519999861717224,0.5519999861717224,0.5521000027656555,0.5519999861717224,0.5521000027656555,844.0
2024-03-01 12:36:00,DAWN,17.5,17.5,17.510000228881836,17.5,17.510000228881836,517.0
2024-03-01 12:36:00,DCGO,4.112500190734863,4.112500190734863,4.112500190734863,4.112500190734863,4.112500190734863,1725.0
2024-03-01 12:36:00,DCPH,17.475000381469727,17.475000381469727,17.524999618530273,17.450000762939453,17.524999618530273,4598.0
2024-03-01 12:36:00,DH,8.850000381469727,8.850000381469727,8.850000381469727,8.850000381469727,8.850000381469727,446.0
2024-03-01 12:36:00,DMTK,0.8798999786376953,0.8798999786376953,0.8798999786376953,0.8798999786376953,0.8798999786376953,605.0
2024-03-01 12:36:00,DNLI,20.875,20.875,20.920000076293945,20.864999771118164,20.920000076293945,3858.0
2024-03-01 12:36:00,DTIL,12.24899959564209,12.24899959564209,12.24899959564209,12.24899959564209,12.24899959564209,227.0
2024-03-01 12:36:00,DVAX,12.890000343322754,12.890000343322754,12.890000343322754,12.880000114440918,12.885000228881836,1504.0
2024-03-01 12:36:00,DXCM,121.63999938964844,121.63999938964844,121.63999938964844,121.55000305175781,121.58499908447266,9219.0
2024-03-01 12:36:00,DYN,28.450000762939453,28.450000762939453,28.549999237060547,28.450000762939453,28.549999237060547,4210.0
2024-03-01 12:36:00,EDIT,10.824999809265137,10.824999809265137,10.848899841308594,10.824999809265137,10.845000267028809,3043.0
2024-03-01 12:36:00,ELEV,4.800000190734863,4.800000190734863,4.800000190734863,4.800000190734863,4.800000190734863,100.0
2024-03-01 12:36:00,ENTA,15.420000076293945,15.420000076293945,15.420000076293945,15.420000076293945,15.420000076293945,160.0
2024-03-01 12:36:00,ENVB,1.556399941444397,1.556399941444397,1.556399941444397,1.5199999809265137,1.5199999809265137,13212.0
2024-03-01 12:36:00,EPIX,9.612000465393066,9.612000465393066,9.612000465393066,9.612000465393066,9.612000465393066,174.0
2024-03-01 12:36:00,ERAS,2.5299999713897705,2.5299999713897705,2.5350000858306885,2.5299999713897705,2.5320000648498535,17583.0
2024-03-01 12:36:00,ESPR,2.5250000953674316,2.5250000953674316,2.5299999713897705,2.5250000953674316,2.5299999713897705,5007.0
2024-03-01 12:36:00,ESTA,45.68000030517578,45.68000030517578,45.68000030517578,45.68000030517578,45.68000030517578,114.0
2024-03-01 12:36:00,ETNB,13.149999618530273,13.149999618530273,13.170000076293945,13.140000343322754,13.170000076293945,3476.0
2024-03-01 12:36:00,EVO,7.520100116729736,7.520100116729736,7.520100116729736,7.520100116729736,7.520100116729736,169.0
2024-03-01 12:36:00,EWTX,17.1200008392334,17.1200008392334,17.145000457763672,17.1200008392334,17.145000457763672,5069.0
2024-03-01 12:36:00,EXAS,60.2400016784668,60.2400016784668,60.45000076293945,60.2400016784668,60.45000076293945,5404.0
2024-03-01 12:36:00,EXEL,22.485000610351562,22.485000610351562,22.4950008392334,22.485000610351562,22.4950008392334,3841.0
2024-03-01 12:36:00,EYEN,2.380000114440918,2.380000114440918,2.380000114440918,2.3698999881744385,2.369999885559082,7780.0
2024-03-01 12:36:00,FATE,7.554999828338623,7.554999828338623,7.579999923706055,7.554999828338623,7.579999923706055,4692.0
2024-03-01 12:36:00,FBIO,2.3399999141693115,2.3399999141693115,2.3499999046325684,2.3399999141693115,2.3499999046325684,9613.0
2024-03-01 12:36:00,FGEN,1.8600000143051147,1.8600000143051147,1.8600000143051147,1.8593000173568726,1.8600000143051147,1927.0
2024-03-01 12:36:00,FLGT,23.40999984741211,23.40999984741211,23.40999984741211,23.409900665283203,23.409900665283203,480.0
2024-03-01 12:36:00,FOLD,13.350000381469727,13.350000381469727,13.354999542236328,13.350000381469727,13.354999542236328,1176.0
2024-03-01 12:36:00,FULC,10.899999618530273,10.899999618530273,10.899999618530273,10.899999618530273,10.899999618530273,106.0
2024-03-01 12:36:00,FUSN,12.229999542236328,12.229999542236328,12.239999771118164,12.229999542236328,12.239999771118164,326.0
2024-03-01 12:36:00,FWBI,8.500100135803223,8.500100135803223,8.510000228881836,8.5,8.510000228881836,1032.0
2024-03-01 12:36:00,GANX,4.650000095367432,4.650000095367432,4.650000095367432,4.650000095367432,4.650000095367432,143.0
2024-03-01 12:36:00,GBIO,2.680000066757202,2.680000066757202,2.680000066757202,2.6700000762939453,2.6700000762939453,2121.0
2024-03-01 12:36:00,GDRX,8.255000114440918,8.255000114440918,8.260000228881836,8.244999885559082,8.260000228881836,6137.0
2024-03-01 12:36:00,GERN,2.200200080871582,2.200200080871582,2.2100000381469727,2.200000047683716,2.20989990234375,34411.0
2024-03-01 12:36:00,GH,19.149999618530273,19.149999618530273,19.190000534057617,19.149999618530273,19.190000534057617,1827.0
2024-03-01 12:36:00,GHSI,8.350000381469727,8.350000381469727,8.359999656677246,8.34000015258789,8.359999656677246,1990.0
2024-03-01 12:36:00,GILD,72.33499908447266,72.33499908447266,72.37000274658203,72.33000183105469,72.37000274658203,7307.0
2024-03-01 12:36:00,GLYC,3.0350000858306885,3.0350000858306885,3.0350000858306885,3.0350000858306885,3.0350000858306885,343.0
2024-03-01 12:36:00,GMAB,29.329999923706055,29.329999923706055,29.334999084472656,29.329999923706055,29.334999084472656,495.0
2024-03-01 12:36:00,GMDA,0.38339999318122864,0.38339999318122864,0.38339999318122864,0.38339999318122864,0.38339999318122864,127.0
2024-03-01 12:36:00,GOSS,1.3600000143051147,1.3600000143051147,1.3600000143051147,1.3600000143051147,1.3600000143051147,726.0
2024-03-01 12:36:00,GRFS,7.09499979019165,7.09499979019165,7.099999904632568,7.074999809265137,7.079899787902832,10831.0
2024-03-01 12:36:00,GRTS,2.1600000858306885,2.1600000858306885,2.1700000762939453,2.1600000858306885,2.1700000762939453,11043.0
2024-03-01 12:36:00,GRTX,0.23639999330043793,0.23639999330043793,0.23639999330043793,0.23639999330043793,0.23639999330043793,2948.0
2024-03-01 12:36:00,HALO,41.665000915527344,41.665000915527344,41.665000915527344,41.650001525878906,41.650001525878906,203.0
2024-03-01 12:36:00,HARP,22.940000534057617,22.940000534057617,22.940000534057617,22.940000534057617,22.940000534057617,146.0
2024-03-01 12:36:00,HCAT,7.989999771118164,7.989999771118164,8.020000457763672,7.989999771118164,8.020000457763672,2283.0
2024-03-01 12:36:00,HCM,15.319999694824219,15.319999694824219,15.319999694824219,15.3100004196167,15.3100004196167,278.0
2024-03-01 12:36:00,HCSG,12.680000305175781,12.680000305175781,12.680000305175781,12.680000305175781,12.680000305175781,450.0
2024-03-01 12:36:00,HCTI,2.4549999237060547,2.4549999237060547,2.4700000286102295,2.4519999027252197,2.4700000286102295,407.0
2024-03-01 12:36:00,HOLX,73.69000244140625,73.69000244140625,73.69000244140625,73.69000244140625,73.69000244140625,2749.0
2024-03-01 12:36:00,HOWL,6.930099964141846,6.930099964141846,6.930099964141846,6.930099964141846,6.930099964141846,184.0
2024-03-01 12:36:00,HRMY,31.540000915527344,31.540000915527344,31.540000915527344,31.540000915527344,31.540000915527344,223.0
2024-03-01 12:36:00,HROW,10.869999885559082,10.869999885559082,10.869999885559082,10.869999885559082,10.869999885559082,138.0
2024-03-01 12:36:00,HRTX,2.6191000938415527,2.6191000938415527,2.6191000938415527,2.609999895095825,2.609999895095825,7357.0
2024-03-01 12:36:00,HSCS,0.11919999867677689,0.11919999867677689,0.11919999867677689,0.11819999665021896,0.11819999665021896,950.0
2024-03-01 12:36:00,HSIC,76.86499786376953,76.86499786376953,76.87000274658203,76.86499786376953,76.87000274658203,604.0
2024-03-01 12:36:00,HUMA,3.444999933242798,3.444999933242798,3.444999933242798,3.440000057220459,3.440000057220459,4700.0
2024-03-01 12:36:00,IART,36.52000045776367,36.52000045776367,36.52000045776367,36.47999954223633,36.47999954223633,836.0
2024-03-01 12:36:00,IBRX,4.860000133514404,4.860000133514404,4.864999771118164,4.860000133514404,4.864999771118164,2126.0
2024-03-01 12:36:00,ICCM,1.2899999618530273,1.2899999618530273,1.2899999618530273,1.2899999618530273,1.2899999618530273,188.0
2024-03-01 12:36:00,ICUI,104.95999908447266,104.95999908447266,104.98999786376953,104.95999908447266,104.98500061035156,1079.0
2024-03-01 12:36:00,IDYA,46.369998931884766,46.369998931884766,46.380001068115234,46.369998931884766,46.380001068115234,921.0
2024-03-01 12:36:00,IGMS,13.390000343322754,13.390000343322754,13.390000343322754,13.390000343322754,13.390000343322754,285.0
2024-03-01 12:36:00,ILMN,142.43499755859375,142.43499755859375,142.58999633789062,142.42999267578125,142.58999633789062,1907.0
2024-03-01 12:36:00,IMNN,1.07260000705719,1.07260000705719,1.07260000705719,1.07260000705719,1.07260000705719,720.0
2024-03-01 12:36:00,IMVT,36.400001525878906,36.400001525878906,36.42499923706055,36.38999938964844,36.400001525878906,2424.0
2024-03-01 12:36:00,INCY,59.16999816894531,59.16999816894531,59.20000076293945,59.16999816894531,59.18000030517578,1324.0
2024-03-01 12:36:00,INMD,22.950000762939453,22.950000762939453,22.959999084472656,22.950000762939453,22.959999084472656,1474.0
2024-03-01 12:36:00,INSM,28.5,28.5,28.549999237060547,28.5,28.549999237060547,3613.0
2024-03-01 12:36:00,INVA,15.595000267028809,15.595000267028809,15.595000267028809,15.585000038146973,15.585000038146973,4874.0
2024-03-01 12:36:00,INZY,6.720099925994873,6.720099925994873,6.740099906921387,6.715000152587891,6.724999904632568,17416.0
2024-03-01 12:36:00,IOBT,1.840000033378601,1.840000033378601,1.840000033378601,1.8250000476837158,1.8250000476837158,5755.0
2024-03-01 12:36:00,IONM,0.34850001335144043,0.34850001335144043,0.34850001335144043,0.34850001335144043,0.34850001335144043,168.0
2024-03-01 12:36:00,IONS,45.845001220703125,45.845001220703125,45.849998474121094,45.845001220703125,45.849998474121094,1238.0
2024-03-01 12:36:00,IOVA,16.764999389648438,16.764999389648438,16.795000076293945,16.760000228881836,16.795000076293945,6211.0
2024-03-01 12:36:00,IRWD,9.177499771118164,9.177499771118164,9.177499771118164,9.170000076293945,9.175000190734863,1322.0
2024-03-01 12:36:00,ISRG,394.54998779296875,394.54998779296875,394.760009765625,394.5400085449219,394.6099853515625,2174.0
2024-03-01 12:36:00,ITCI,71.83999633789062,71.83999633789062,71.87999725341797,71.83999633789062,71.87999725341797,1676.0
2024-03-01 12:36:00,ITRM,1.2450000047683716,1.2450000047683716,1.2450000047683716,1.2450000047683716,1.2450000047683716,101.0
2024-03-01 12:36:00,IVVD,3.9800000190734863,3.9800000190734863,4.010000228881836,3.9800000190734863,4.010000228881836,11980.0
2024-03-01 12:36:00,IXHL,5.449999809265137,5.449999809265137,5.449999809265137,5.449999809265137,5.449999809265137,200.0
2024-03-01 12:36:00,JAGX,0.0731000006198883,0.0731000006198883,0.07370000332593918,0.0731000006198883,0.07349999994039536,15472.0
2024-03-01 12:36:00,JANX,46.900001525878906,46.900001525878906,46.900001525878906,46.900001525878906,46.900001525878906,443.0
2024-03-01 12:36:00,JAZZ,119.06999969482422,119.06999969482422,119.08000183105469,119.04750061035156,119.04750061035156,1962.0
2024-03-01 12:36:00,KALV,14.039600372314453,14.039600372314453,14.039600372314453,14.039600372314453,14.039600372314453,504.0
2024-03-01 12:36:00,KMDA,6.40500020980835,6.40500020980835,6.40500020980835,6.40500020980835,6.40500020980835,2018.0
2024-03-01 12:36:00,KNSA,21.719999313354492,21.719999313354492,21.719999313354492,21.719999313354492,21.719999313354492,933.0
2024-03-01 12:36:00,KNTE,2.609999895095825,2.609999895095825,2.609999895095825,2.6050000190734863,2.609999895095825,4654.0
2024-03-01 12:36:00,KOD,6.119999885559082,6.119999885559082,6.119999885559082,6.119999885559082,6.119999885559082,249.0
2024-03-01 12:36:00,KPTI,1.2000000476837158,1.2000000476837158,1.2000000476837158,1.1950000524520874,1.1950000524520874,700.0
2024-03-01 12:36:00,KROS,70.45999908447266,70.45999908447266,70.45999908447266,70.45999908447266,70.45999908447266,1416.0
2024-03-01 12:36:00,KRTX,317.0,317.0,317.0,317.0,317.0,247.0
2024-03-01 12:36:00,KRYS,168.8249969482422,168.8249969482422,168.8249969482422,168.8249969482422,168.8249969482422,272.0
2024-03-01 12:36:00,KTRA,0.09650000184774399,0.09650000184774399,0.09709999710321426,0.09650000184774399,0.09709999710321426,598.0
2024-03-01 12:36:00,KURA,21.149999618530273,21.149999618530273,21.15999984741211,21.139999389648438,21.15999984741211,1046.0
2024-03-01 12:36:00,KYMR,44.09000015258789,44.09000015258789,44.095001220703125,44.09000015258789,44.09000015258789,740.0
2024-03-01 12:36:00,LAB,2.505000114440918,2.505000114440918,2.505000114440918,2.505000114440918,2.505000114440918,100.0
2024-03-01 12:36:00,LBPH,22.295000076293945,22.295000076293945,22.295000076293945,22.219999313354492,22.270000457763672,1063.0
2024-03-01 12:36:00,LEGN,65.9800033569336,65.9800033569336,65.9800033569336,65.94000244140625,65.9800033569336,2585.0
2024-03-01 12:36:00,LEXX,2.8499999046325684,2.8499999046325684,2.8499999046325684,2.8499999046325684,2.8499999046325684,439.0
2024-03-01 12:36:00,LFMD,7.989999771118164,7.989999771118164,7.989999771118164,7.989999771118164,7.989999771118164,100.0
2024-03-01 12:36:00,LFST,7.869999885559082,7.869999885559082,7.880000114440918,7.869999885559082,7.880000114440918,3883.0
2024-03-01 12:36:00,LIFE,1.934999942779541,1.934999942779541,1.934999942779541,1.934999942779541,1.934999942779541,1050.0
2024-03-01 12:36:00,LIVN,55.54999923706055,55.54999923706055,55.599998474121094,55.540000915527344,55.540000915527344,3101.0
2024-03-01 12:36:00,LNTH,65.42500305175781,65.42500305175781,65.42500305175781,65.42500305175781,65.42500305175781,609.0
2024-03-01 12:36:00,LQDA,14.420000076293945,14.420000076293945,14.420000076293945,14.420000076293945,14.420000076293945,570.0
2024-03-01 12:36:00,LXRX,2.496000051498413,2.496000051498413,2.496000051498413,2.492000102996826,2.492000102996826,4646.0
2024-03-01 12:36:00,LYEL,3.140000104904175,3.140000104904175,3.1500000953674316,3.140000104904175,3.1500000953674316,8235.0
2024-03-01 12:36:00,LYRA,5.590000152587891,5.590000152587891,5.590000152587891,5.590000152587891,5.590000152587891,109.0
2024-03-01 12:36:00,MCRB,1.2000000476837158,1.2000000476837158,1.2091000080108643,1.2000000476837158,1.201300024986267,13257.0
2024-03-01 12:36:00,MDRX,6.039999961853027,6.039999961853027,6.110000133514404,6.039999961853027,6.039999961853027,10654.0
2024-03-01 12:36:00,MDXG,8.670000076293945,8.670000076293945,8.680000305175781,8.670000076293945,8.680000305175781,1060.0
2024-03-01 12:36:00,ME,0.5737500190734863,0.5737500190734863,0.5774999856948853,0.5737000107765198,0.5774999856948853,1691.0
2024-03-01 12:36:00,MGNX,18.864999771118164,18.864999771118164,18.864999771118164,18.864999771118164,18.864999771118164,116.0
2024-03-01 12:36:00,MGTX,6.369999885559082,6.369999885559082,6.394999980926514,6.369999885559082,6.394999980926514,689.0
2024-03-01 12:36:00,MLTX,52.119998931884766,52.119998931884766,52.119998931884766,52.04499816894531,52.04499816894531,1342.0
2024-03-01 12:36:00,MNKD,4.539100170135498,4.539100170135498,4.545000076293945,4.534999847412109,4.534999847412109,16659.0
2024-03-01 12:36:00,MNMD,6.139999866485596,6.139999866485596,6.150000095367432,6.139999866485596,6.150000095367432,1148.0
2024-03-01 12:36:00,MODD,1.9299999475479126,1.9299999475479126,1.9299999475479126,1.9299999475479126,1.9299999475479126,200.0
2024-03-01 12:36:00,MOR,17.579999923706055,17.579999923706055,17.579999923706055,17.579999923706055,17.579999923706055,229.0
2024-03-01 12:36:00,MORF,39.470001220703125,39.470001220703125,39.470001220703125,39.470001220703125,39.470001220703125,182.0
2024-03-01 12:36:00,MOTS,0.6800000071525574,0.6800000071525574,0.6800000071525574,0.6800000071525574,0.6800000071525574,660.0
2024-03-01 12:36:00,MREO,3.859999895095825,3.859999895095825,3.859999895095825,3.859999895095825,3.859999895095825,185.0
2024-03-01 12:36:00,MRNA,96.73999786376953,96.73999786376953,96.73999786376953,96.66999816894531,96.73500061035156,4530.0
2024-03-01 12:36:00,MRNS,10.000100135803223,10.000100135803223,10.010000228881836,10.000100135803223,10.010000228881836,634.0
2024-03-01 12:36:00,MRSN,6.025000095367432,6.025000095367432,6.050000190734863,6.025000095367432,6.050000190734863,3557.0
2024-03-01 12:36:00,MRUS,51.970001220703125,51.970001220703125,51.970001220703125,51.970001220703125,51.970001220703125,537.0
2024-03-01 12:36:00,MRVI,7.849999904632568,7.849999904632568,7.855000019073486,7.84499979019165,7.855000019073486,2333.0
2024-03-01 12:36:00,MXCT,4.769999980926514,4.769999980926514,4.784999847412109,4.769999980926514,4.784999847412109,1258.0
2024-03-01 12:36:00,MYGN,21.6200008392334,21.6200008392334,21.6299991607666,21.610000610351562,21.6299991607666,1619.0
2024-03-01 12:36:00,MYNZ,0.8600000143051147,0.8600000143051147,0.8600500226020813,0.8600000143051147,0.8600500226020813,4046.0
2024-03-01 12:36:00,NARI,45.7400016784668,45.7400016784668,45.7599983215332,45.72999954223633,45.72999954223633,918.0
2024-03-01 12:36:00,NBIX,130.9600067138672,130.9600067138672,130.9600067138672,130.9600067138672,130.9600067138672,397.0
2024-03-01 12:36:00,NDRA,1.1399999856948853,1.1399999856948853,1.1399999856948853,1.1353000402450562,1.1353000402450562,761.0
2024-03-01 12:36:00,NEO,16.079999923706055,16.079999923706055,16.079999923706055,16.075000762939453,16.079999923706055,612.0
2024-03-01 12:36:00,NEOG,17.385000228881836,17.385000228881836,17.389999389648438,17.385000228881836,17.389999389648438,989.0
2024-03-01 12:36:00,NEXI,6.579999923706055,6.579999923706055,6.579999923706055,6.440000057220459,6.440000057220459,200.0
2024-03-01 12:36:00,NGM,1.5299999713897705,1.5299999713897705,1.530500054359436,1.5299999713897705,1.530500054359436,1414.0
2024-03-01 12:36:00,NKTR,0.7777000069618225,0.7777000069618225,0.7777000069618225,0.7738999724388123,0.7738999724388123,880.0
2024-03-01 12:36:00,NKTX,12.95989990234375,12.95989990234375,12.970000267028809,12.9399995803833,12.970000267028809,1845.0
2024-03-01 12:36:00,NNOX,11.13010025024414,11.13010025024414,11.170000076293945,11.130000114440918,11.164999961853027,2969.0
2024-03-01 12:36:00,NOTV,8.130000114440918,8.130000114440918,8.130000114440918,8.130000114440918,8.130000114440918,615.0
2024-03-01 12:36:00,NPCE,16.479999542236328,16.479999542236328,16.479999542236328,16.479999542236328,16.479999542236328,100.0
2024-03-01 12:36:00,NRIX,13.579999923706055,13.579999923706055,13.59000015258789,13.5600004196167,13.5600004196167,2441.0
2024-03-01 12:36:00,NRSN,2.2000999450683594,2.2000999450683594,2.305000066757202,2.200000047683716,2.305000066757202,55925.0
2024-03-01 12:36:00,NRXP,0.41999998688697815,0.41999998688697815,0.4250499904155731,0.4101000130176544,0.4250499904155731,30200.0
2024-03-01 12:36:00,NSPR,2.5999999046325684,2.5999999046325684,2.5999999046325684,2.5999999046325684,2.5999999046325684,1015.0
2024-03-01 12:36:00,NTLA,33.47990036010742,33.47990036010742,33.5,33.47990036010742,33.5,413.0
2024-03-01 12:36:00,NTRA,88.69999694824219,88.69999694824219,88.87000274658203,88.69999694824219,88.87000274658203,1928.0
2024-03-01 12:36:00,NUTX,0.11349999904632568,0.11349999904632568,0.11349999904632568,0.11349999904632568,0.11349999904632568,142.0
2024-03-01 12:36:00,NUVL,88.625,88.625,88.7300033569336,88.625,88.7300033569336,2090.0
2024-03-01 12:36:00,NUWE,0.5796999931335449,0.5796999931335449,0.5796999931335449,0.5796999931335449,0.5796999931335449,200.0
2024-03-01 12:36:00,NVAX,5.138899803161621,5.138899803161621,5.150000095367432,5.135000228881836,5.144999980926514,9218.0
2024-03-01 12:36:00,NVCR,16.0,16.0,16.030000686645508,16.0,16.030000686645508,1471.0
2024-03-01 12:36:00,NVCT,10.699999809265137,10.699999809265137,10.699999809265137,10.6899995803833,10.6899995803833,441.0
2024-03-01 12:36:00,NVNO,6.449999809265137,6.449999809265137,6.449999809265137,6.449999809265137,6.449999809265137,230.0
2024-03-01 12:36:00,NVOS,0.6338000297546387,0.6338000297546387,0.6338000297546387,0.6338000297546387,0.6338000297546387,3000.0
2024-03-01 12:36:00,NXTC,1.7200000286102295,1.7200000286102295,1.749899983406067,1.7200000286102295,1.7200000286102295,1400.0
2024-03-01 12:36:00,NYXH,14.979999542236328,14.979999542236328,14.979999542236328,14.979999542236328,14.979999542236328,101.0
2024-03-01 12:36:00,OCGN,0.9383999705314636,0.9383999705314636,0.9383999705314636,0.9344000220298767,0.9361000061035156,2966.0
2024-03-01 12:36:00,OCUL,10.739999771118164,10.739999771118164,10.770000457763672,10.739999771118164,10.770000457763672,3580.0
2024-03-01 12:36:00,OGI,2.1723999977111816,2.1723999977111816,2.1723999977111816,2.1723999977111816,2.1723999977111816,128.0
2024-03-01 12:36:00,OLMA,14.372200012207031,14.372200012207031,14.439900398254395,14.372200012207031,14.395000457763672,772.0
2024-03-01 12:36:00,OMCL,26.4950008392334,26.4950008392334,26.51799964904785,26.489999771118164,26.5,1498.0
2024-03-01 12:36:00,OMGA,4.170000076293945,4.170000076293945,4.179999828338623,4.170000076293945,4.179999828338623,551.0
2024-03-01 12:37:00,ABCL,5.199999809265137,5.199999809265137,5.210000038146973,5.199999809265137,5.210000038146973,4980.0
2024-03-01 12:37:00,ABEO,7.75,7.75,7.75,7.75,7.75,200.0
2024-03-01 12:37:00,ABSI,5.239999771118164,5.239999771118164,5.25,5.239999771118164,5.25,834.0
2024-03-01 12:37:00,ACAD,24.239999771118164,24.239999771118164,24.280000686645508,24.239999771118164,24.280000686645508,1818.0
2024-03-01 12:37:00,ACB,3.180000066757202,3.180000066757202,3.184999942779541,3.180000066757202,3.184999942779541,1308.0
2024-03-01 12:37:00,ACET,2.375,2.375,2.375,2.375,2.375,114.0
2024-03-01 12:37:00,ACHC,84.22000122070312,84.22000122070312,84.23999786376953,84.22000122070312,84.23999786376953,1086.0
2024-03-01 12:37:00,ACLX,67.18000030517578,67.18000030517578,67.18000030517578,67.0999984741211,67.0999984741211,4043.0
2024-03-01 12:37:00,ACON,0.39899998903274536,0.39899998903274536,0.39899998903274536,0.39899998903274536,0.39899998903274536,1000.0
2024-03-01 12:37:00,ACRS,1.2400000095367432,1.2400000095367432,1.2400000095367432,1.2400000095367432,1.2400000095367432,1439.0
2024-03-01 12:37:00,ADAP,1.590000033378601,1.590000033378601,1.6100000143051147,1.590000033378601,1.6100000143051147,15063.0
2024-03-01 12:37:00,ADIL,3.0399999618530273,3.0399999618530273,3.119999885559082,3.0199999809265137,3.1152000427246094,99559.0
2024-03-01 12:37:00,ADMA,5.451499938964844,5.451499938964844,5.460000038146973,5.451499938964844,5.45989990234375,3580.0
2024-03-01 12:37:00,ADPT,4.204999923706055,4.204999923706055,4.204999923706055,4.204999923706055,4.204999923706055,452.0
2024-03-01 12:37:00,ADUS,93.70999908447266,93.70999908447266,93.70999908447266,93.70999908447266,93.70999908447266,182.0
2024-03-01 12:37:00,ADVM,1.975000023841858,1.975000023841858,1.975000023841858,1.9700000286102295,1.975000023841858,1208.0
2024-03-01 12:37:00,AEMD,1.652999997138977,1.652999997138977,1.652999997138977,1.652999997138977,1.652999997138977,158.0
2024-03-01 12:37:00,AFMD,0.6349999904632568,0.6349999904632568,0.6349999904632568,0.6349999904632568,0.6349999904632568,100.0
2024-03-01 12:37:00,AGEN,0.6738749742507935,0.6738749742507935,0.6739000082015991,0.673799991607666,0.6738749742507935,12545.0
2024-03-01 12:37:00,AGIO,32.86000061035156,32.86000061035156,32.869998931884766,32.86000061035156,32.869998931884766,559.0
2024-03-01 12:37:00,AHCO,10.770000457763672,10.770000457763672,10.770000457763672,10.765000343322754,10.765000343322754,1074.0
2024-03-01 12:37:00,AIH,0.5,0.5,0.5,0.5,0.5,200.0
2024-03-01 12:37:00,AIMD,0.9900000095367432,0.9900000095367432,0.9900000095367432,0.9900000095367432,0.9900000095367432,200.0
2024-03-01 12:37:00,AKAN,0.23880000412464142,0.23880000412464142,0.2409999966621399,0.23880000412464142,0.24089999496936798,4684.0
2024-03-01 12:37:00,AKBA,1.690000057220459,1.690000057220459,1.690000057220459,1.6799999475479126,1.6799999475479126,500.0
2024-03-01 12:37:00,AKLI,0.34072500467300415,0.34072500467300415,0.3427000045776367,0.3400000035762787,0.3400000035762787,858.0
2024-03-01 12:37:00,AKRO,30.079999923706055,30.079999923706055,30.079999923706055,30.010000228881836,30.010000228881836,1438.0
2024-03-01 12:37:00,AKYA,6.050000190734863,6.050000190734863,6.050000190734863,6.050000190734863,6.050000190734863,280.0
2024-03-01 12:37:00,ALDX,4.150000095367432,4.150000095367432,4.150000095367432,4.150000095367432,4.150000095367432,1215.0
2024-03-01 12:37:00,ALEC,7.375,7.375,7.375,7.375,7.375,323.0
2024-03-01 12:37:00,ALGN,303.5,303.5,303.5,303.489990234375,303.489990234375,584.0
2024-03-01 12:37:00,ALGS,1.1038999557495117,1.1038999557495117,1.1038999557495117,1.1038999557495117,1.1038999557495117,1500.0
2024-03-01 12:37:00,ALHC,5.75,5.75,5.75,5.75,5.75,659.0
2024-03-01 12:37:00,ALKS,30.05500030517578,30.05500030517578,30.059999465942383,30.05500030517578,30.059999465942383,518.0
2024-03-01 12:37:00,ALLK,1.600000023841858,1.600000023841858,1.6074999570846558,1.600000023841858,1.6050000190734863,1140.0
2024-03-01 12:37:00,ALLO,5.045000076293945,5.045000076293945,5.045000076293945,5.045000076293945,5.045000076293945,611.0
2024-03-01 12:37:00,ALNY,154.44500732421875,154.44500732421875,154.44500732421875,154.23500061035156,154.3699951171875,852.0
2024-03-01 12:37:00,ALPN,35.69350051879883,35.69350051879883,35.72999954223633,35.69350051879883,35.72999954223633,262.0
2024-03-01 12:37:00,ALT,12.100000381469727,12.100000381469727,12.114999771118164,12.100000381469727,12.100000381469727,2844.0
2024-03-01 12:37:00,ALVO,15.720000267028809,15.720000267028809,15.720000267028809,15.720000267028809,15.720000267028809,100.0
2024-03-01 12:37:00,AMED,93.19000244140625,93.19000244140625,93.19999694824219,93.19000244140625,93.19999694824219,2141.0
2024-03-01 12:37:00,AMGN,281.4949951171875,281.4949951171875,281.5849914550781,281.48748779296875,281.5,3281.0
2024-03-01 12:37:00,AMLX,18.860000610351562,18.860000610351562,18.860000610351562,18.854999542236328,18.854999542236328,873.0
2024-03-01 12:37:00,AMPH,45.38999938964844,45.38999938964844,45.38999938964844,45.38999938964844,45.38999938964844,652.0
2024-03-01 12:37:00,AMRN,1.059999942779541,1.059999942779541,1.059999942779541,1.0499999523162842,1.0499999523162842,1049.0
2024-03-01 12:37:00,ANIP,66.12000274658203,66.12000274658203,66.12000274658203,66.12000274658203,66.12000274658203,174.0
2024-03-01 12:37:00,ANNX,5.929999828338623,5.929999828338623,5.940000057220459,5.929999828338623,5.940000057220459,1432.0
2024-03-01 12:37:00,APLS,64.94000244140625,64.94000244140625,64.94999694824219,64.9000015258789,64.9000015258789,3077.0
2024-03-01 12:37:00,APLT,7.090000152587891,7.090000152587891,7.099800109863281,7.079999923706055,7.090000152587891,1118.0
2024-03-01 12:37:00,AQST,4.309999942779541,4.309999942779541,4.309999942779541,4.295000076293945,4.300000190734863,6125.0
2024-03-01 12:37:00,ARAY,2.630000114440918,2.630000114440918,2.634999990463257,2.630000114440918,2.634999990463257,319.0
2024-03-01 12:37:00,ARCT,39.72999954223633,39.72999954223633,39.79499816894531,39.72999954223633,39.7599983215332,967.0
2024-03-01 12:37:00,ARDX,9.664999961853027,9.664999961853027,9.670000076293945,9.66450023651123,9.664999961853027,2708.0
2024-03-01 12:37:00,ARQT,11.725000381469727,11.725000381469727,11.725000381469727,11.699999809265137,11.699999809265137,31131.0
2024-03-01 12:37:00,ARWR,35.9275016784668,35.9275016784668,36.0,35.88999938964844,36.0,5283.0
2024-03-01 12:37:00,ASLN,0.7800999879837036,0.7800999879837036,0.7800999879837036,0.7800999879837036,0.7800999879837036,509.0
2024-03-01 12:37:00,ASND,150.52499389648438,150.52499389648438,150.52499389648438,150.51499938964844,150.51499938964844,493.0
2024-03-01 12:37:00,ASRT,0.9298999905586243,0.9298999905586243,0.9298999905586243,0.9298999905586243,0.9298999905586243,100.0
2024-03-01 12:37:00,ATAI,2.1201000213623047,2.1201000213623047,2.1201000213623047,2.1201000213623047,2.1201000213623047,185.0
2024-03-01 12:37:00,ATEC,13.619999885559082,13.619999885559082,13.619999885559082,13.609999656677246,13.609999656677246,1170.0
2024-03-01 12:37:00,ATRC,36.099998474121094,36.099998474121094,36.16999816894531,36.099998474121094,36.16999816894531,2996.0
2024-03-01 12:37:00,ATXS,14.970000267028809,14.970000267028809,14.970000267028809,14.970000267028809,14.970000267028809,196.0
2024-03-01 12:37:00,AUGX,4.550000190734863,4.550000190734863,4.550000190734863,4.550000190734863,4.550000190734863,636.0
2024-03-01 12:37:00,AUTL,6.380000114440918,6.380000114440918,6.380000114440918,6.380000114440918,6.380000114440918,100.0
2024-03-01 12:37:00,AVDL,12.9350004196167,12.9350004196167,12.949999809265137,12.920000076293945,12.949999809265137,9055.0
2024-03-01 12:37:00,AVRO,1.350000023841858,1.350000023841858,1.350000023841858,1.350000023841858,1.350000023841858,176.0
2024-03-01 12:37:00,AVTE,23.334999084472656,23.334999084472656,23.334999084472656,23.334999084472656,23.334999084472656,221.0
2024-03-01 12:37:00,AVXL,5.389999866485596,5.389999866485596,5.389999866485596,5.389999866485596,5.389999866485596,410.0
2024-03-01 12:37:00,AXDX,1.0299999713897705,1.0299999713897705,1.0299999713897705,1.0299999713897705,1.0299999713897705,300.0
2024-03-01 12:37:00,AXNX,67.79499816894531,67.79499816894531,67.79499816894531,67.79499816894531,67.79499816894531,4530.0
2024-03-01 12:37:00,AXSM,82.59500122070312,82.59500122070312,82.63749694824219,82.58000183105469,82.59500122070312,524.0
2024-03-01 12:37:00,AZN,64.69999694824219,64.69999694824219,64.70500183105469,64.69000244140625,64.69000244140625,5018.0
2024-03-01 12:37:00,BBIO,36.00709915161133,36.00709915161133,36.040000915527344,36.00709915161133,36.040000915527344,1236.0
2024-03-01 12:37:00,BBLG,2.2950000762939453,2.2950000762939453,2.2950000762939453,2.2899999618530273,2.2899999618530273,483.0
2024-03-01 12:37:00,BCRX,5.769999980926514,5.769999980926514,5.769999980926514,5.760000228881836,5.760000228881836,623.0
2024-03-01 12:37:00,BDSX,1.5850000381469727,1.5850000381469727,1.5850000381469727,1.5850000381469727,1.5850000381469727,185.0
2024-03-01 12:37:00,BDTX,5.019999980926514,5.019999980926514,5.019999980926514,5.019999980926514,5.019999980926514,156.0
2024-03-01 12:37:00,BEAM,40.02000045776367,40.02000045776367,40.04999923706055,40.02000045776367,40.04999923706055,1077.0
2024-03-01 12:37:00,BIIB,221.0749969482422,221.0749969482422,221.08999633789062,221.0749969482422,221.08999633789062,328.0
2024-03-01 12:37:00,BIVI,1.875,1.875,1.8799999952316284,1.850000023841858,1.8526999950408936,36265.0
2024-03-01 12:37:00,BLFS,18.209999084472656,18.209999084472656,18.219999313354492,18.200000762939453,18.219999313354492,1532.0
2024-03-01 12:37:00,BLPH,0.051500000059604645,0.051500000059604645,0.051500000059604645,0.051500000059604645,0.051500000059604645,100.0
2024-03-01 12:37:00,BLUE,1.5839999914169312,1.5839999914169312,1.5950000286102295,1.5839999914169312,1.5901000499725342,47511.0
2024-03-01 12:37:00,BMRN,87.23999786376953,87.23999786376953,87.27999877929688,87.22000122070312,87.22000122070312,4878.0
2024-03-01 12:37:00,BNR,0.8450000286102295,0.8450000286102295,0.8450000286102295,0.8450000286102295,0.8450000286102295,100.0
2024-03-01 12:37:00,BPMC,97.2699966430664,97.2699966430664,97.2699966430664,97.2699966430664,97.2699966430664,100.0
2024-03-01 12:37:00,BRKR,88.37999725341797,88.37999725341797,88.38999938964844,88.37999725341797,88.38999938964844,1091.0
2024-03-01 12:37:00,BRTX,1.503999948501587,1.503999948501587,1.503999948501587,1.503999948501587,1.503999948501587,156.0
2024-03-01 12:37:00,BTAI,3.180000066757202,3.180000066757202,3.180000066757202,3.1782000064849854,3.1782000064849854,1966.0
2024-03-01 12:37:00,BTTX,0.17409999668598175,0.17409999668598175,0.17409999668598175,0.17409999668598175,0.17409999668598175,286.0
2024-03-01 12:37:00,BVS,4.730000019073486,4.730000019073486,4.730000019073486,4.730000019073486,4.730000019073486,778.0
2024-03-01 12:37:00,BWAY,6.53000020980835,6.53000020980835,6.53000020980835,6.53000020980835,6.53000020980835,100.0
2024-03-01 12:37:00,CABA,24.0,24.0,24.0,24.0,24.0,208.0
2024-03-01 12:37:00,CARA,0.907800018787384,0.907800018787384,0.907800018787384,0.9001500010490417,0.9001500010490417,359.0
2024-03-01 12:37:00,CBAY,32.23500061035156,32.23500061035156,32.2400016784668,32.23500061035156,32.23500061035156,1121.0
2024-03-01 12:37:00,CCCC,10.9399995803833,10.9399995803833,10.9399995803833,10.9399995803833,10.9399995803833,509.0
2024-03-01 12:37:00,CDMO,8.09000015258789,8.09000015258789,8.09000015258789,8.09000015258789,8.09000015258789,550.0
2024-03-01 12:37:00,CDNA,12.350000381469727,12.350000381469727,12.380000114440918,12.350000381469727,12.369999885559082,1809.0
2024-03-01 12:37:00,CDTX,0.7200999855995178,0.7200999855995178,0.7200999855995178,0.7200999855995178,0.7200999855995178,1035.0
2024-03-01 12:37:00,CDXS,4.465000152587891,4.465000152587891,4.465000152587891,4.449999809265137,4.460000038146973,1448.0
2024-03-01 12:37:00,CERE,41.09000015258789,41.09000015258789,41.095001220703125,41.09000015258789,41.095001220703125,327.0
2024-03-01 12:37:00,CERS,2.2100000381469727,2.2100000381469727,2.2100000381469727,2.2100000381469727,2.2100000381469727,300.0
2024-03-01 12:37:00,CERT,17.665000915527344,17.665000915527344,17.665000915527344,17.65999984741211,17.65999984741211,882.0
2024-03-01 12:37:00,CGC,3.255000114440918,3.255000114440918,3.255000114440918,3.244999885559082,3.25,13021.0
2024-03-01 12:37:00,CGEM,18.969999313354492,18.969999313354492,18.969999313354492,18.969999313354492,18.969999313354492,320.0
2024-03-01 12:37:00,CGEN,2.690000057220459,2.690000057220459,2.690000057220459,2.690000057220459,2.690000057220459,100.0
2024-03-01 12:37:00,CHRS,2.3708999156951904,2.3708999156951904,2.375,2.369999885559082,2.369999885559082,984.0
2024-03-01 12:37:00,CLDX,50.290000915527344,50.290000915527344,50.29499816894531,50.2400016784668,50.275001525878906,610.0
2024-03-01 12:37:00,CLNN,0.382999986410141,0.382999986410141,0.38690000772476196,0.382999986410141,0.3864000141620636,29406.0
2024-03-01 12:37:00,CLOV,0.8629999756813049,0.8629999756813049,0.863099992275238,0.8629999756813049,0.863099992275238,4433.0
2024-03-01 12:37:00,CLRB,4.159999847412109,4.159999847412109,4.159999847412109,4.159999847412109,4.159999847412109,135.0
2024-03-01 12:37:00,CNSP,0.3199999928474426,0.3199999928474426,0.3199999928474426,0.3199999928474426,0.3199999928474426,380.0
2024-03-01 12:37:00,COGT,7.215000152587891,7.215000152587891,7.219299793243408,7.215000152587891,7.219299793243408,1944.0
2024-03-01 12:37:00,COLL,37.04499816894531,37.04499816894531,37.04499816894531,37.04499816894531,37.04499816894531,229.0
2024-03-01 12:37:00,CPRX,17.05500030517578,17.05500030517578,17.06999969482422,17.05500030517578,17.059999465942383,3720.0
2024-03-01 12:37:00,CPSI,9.479999542236328,9.479999542236328,9.479999542236328,9.479999542236328,9.479999542236328,333.0
2024-03-01 12:37:00,CRDF,2.339900016784668,2.339900016784668,2.339900016784668,2.310499906539917,2.329900026321411,11050.0
2024-03-01 12:37:00,CRMD,3.700000047683716,3.700000047683716,3.700000047683716,3.700000047683716,3.700000047683716,107.0
2024-03-01 12:37:00,CRNX,46.529998779296875,46.529998779296875,46.529998779296875,46.404998779296875,46.439998626708984,1246.0
2024-03-01 12:37:00,CRON,2.055000066757202,2.055000066757202,2.059999942779541,2.055000066757202,2.059999942779541,711.0
2024-03-01 12:37:00,CRSP,85.57279968261719,85.57279968261719,85.61000061035156,85.57279968261719,85.61000061035156,1612.0
2024-03-01 12:37:00,CRVS,2.2699999809265137,2.2699999809265137,2.2699999809265137,2.2699999809265137,2.2699999809265137,4426.0
2024-03-01 12:37:00,CTKB,8.729999542236328,8.729999542236328,8.734999656677246,8.729999542236328,8.734999656677246,205.0
2024-03-01 12:37:00,CTMX,2.7149999141693115,2.7149999141693115,2.7200000286102295,2.690000057220459,2.690000057220459,23216.0
2024-03-01 12:37:00,CUTR,2.430000066757202,2.430000066757202,2.430000066757202,2.430000066757202,2.430000066757202,100.0
2024-03-01 12:37:00,CYTK,73.26000213623047,73.26000213623047,73.2750015258789,73.2300033569336,73.26000213623047,2517.0
2024-03-01 12:37:00,CYTO,2.3299999237060547,2.3299999237060547,2.3373000621795654,2.3299999237060547,2.3299999237060547,1672.0
2024-03-01 12:37:00,DARE,0.5521000027656555,0.5521000027656555,0.5521000027656555,0.5521000027656555,0.5521000027656555,300.0
2024-03-01 12:37:00,DAWN,17.5049991607666,17.5049991607666,17.5049991607666,17.5,17.5,798.0
2024-03-01 12:37:00,DCGO,4.114999771118164,4.114999771118164,4.114999771118164,4.111100196838379,4.111100196838379,1201.0
2024-03-01 12:37:00,DCPH,17.479999542236328,17.479999542236328,17.524999618530273,17.479999542236328,17.510000228881836,2685.0
2024-03-01 12:37:00,DH,8.869999885559082,8.869999885559082,8.869999885559082,8.859999656677246,8.869999885559082,2531.0
2024-03-01 12:37:00,DMTK,0.8899989724159241,0.8899989724159241,0.8899989724159241,0.8700000047683716,0.8798999786376953,14650.0
2024-03-01 12:37:00,DNLI,20.875,20.875,20.875,20.875,20.875,411.0
2024-03-01 12:37:00,DSGN,2.9149999618530273,2.9149999618530273,2.9149999618530273,2.9149999618530273,2.9149999618530273,100.0
2024-03-01 12:37:00,DTIL,12.25,12.25,12.25,12.25,12.25,325.0
2024-03-01 12:37:00,DVAX,12.890000343322754,12.890000343322754,12.890000343322754,12.885000228881836,12.885000228881836,1561.0
2024-03-01 12:37:00,DXCM,121.66999816894531,121.66999816894531,121.72000122070312,121.6449966430664,121.6449966430664,4628.0
2024-03-01 12:37:00,EDIT,10.84000015258789,10.84000015258789,10.84000015258789,10.819999694824219,10.819999694824219,1913.0
2024-03-01 12:37:00,EIGR,6.269999980926514,6.269999980926514,6.269999980926514,6.269899845123291,6.269899845123291,1508.0
2024-03-01 12:37:00,ELEV,4.800000190734863,4.800000190734863,4.800000190734863,4.800000190734863,4.800000190734863,525.0
2024-03-01 12:37:00,ENSG,123.34500122070312,123.34500122070312,123.3499984741211,123.31999969482422,123.3499984741211,2800.0
2024-03-01 12:37:00,ENVB,1.559999942779541,1.559999942779541,1.559999942779541,1.5549999475479126,1.559999942779541,816.0
2024-03-01 12:37:00,EOLS,14.699999809265137,14.699999809265137,14.699999809265137,14.699999809265137,14.699999809265137,501.0
2024-03-01 12:37:00,EPIX,9.600000381469727,9.600000381469727,9.609999656677246,9.59000015258789,9.609999656677246,1572.0
2024-03-01 12:37:00,ESPR,2.5250000953674316,2.5250000953674316,2.5250000953674316,2.5250000953674316,2.5250000953674316,641.0
2024-03-01 12:37:00,ETNB,13.149999618530273,13.149999618530273,13.149999618530273,13.149999618530273,13.149999618530273,772.0
2024-03-01 12:37:00,EWTX,17.084999084472656,17.084999084472656,17.110000610351562,17.084999084472656,17.110000610351562,2258.0
2024-03-01 12:37:00,EXAS,60.30500030517578,60.30500030517578,60.30500030517578,60.2400016784668,60.2400016784668,1804.0
2024-03-01 12:37:00,EXEL,22.485000610351562,22.485000610351562,22.485000610351562,22.485000610351562,22.485000610351562,755.0
2024-03-01 12:37:00,EYEN,2.3949999809265137,2.3949999809265137,2.4000000953674316,2.379699945449829,2.379699945449829,14042.0
2024-03-01 12:37:00,FATE,7.550000190734863,7.550000190734863,7.554999828338623,7.550000190734863,7.554999828338623,1654.0
2024-03-01 12:37:00,FBIO,2.3420000076293945,2.3420000076293945,2.3420000076293945,2.3399999141693115,2.3399999141693115,1335.0
2024-03-01 12:37:00,FDMT,29.239999771118164,29.239999771118164,29.239999771118164,29.239999771118164,29.239999771118164,479.0
2024-03-01 12:37:00,FEMY,1.6928999423980713,1.6928999423980713,1.7200000286102295,1.690000057220459,1.7200000286102295,21132.0
2024-03-01 12:37:00,FGEN,1.8600000143051147,1.8600000143051147,1.8600000143051147,1.8550000190734863,1.8550000190734863,1845.0
2024-03-01 12:37:00,FIXX,0.9300000071525574,0.9300000071525574,0.9300000071525574,0.9251499772071838,0.9251499772071838,4765.0
2024-03-01 12:37:00,FLGT,23.389999389648438,23.389999389648438,23.389999389648438,23.389999389648438,23.389999389648438,373.0
2024-03-01 12:37:00,FOLD,13.345000267028809,13.345000267028809,13.359999656677246,13.345000267028809,13.359999656677246,2089.0
2024-03-01 12:37:00,FULC,10.890000343322754,10.890000343322754,10.899999618530273,10.869999885559082,10.885000228881836,1169.0
2024-03-01 12:37:00,FUSN,12.239999771118164,12.239999771118164,12.239999771118164,12.239999771118164,12.239999771118164,100.0
2024-03-01 12:37:00,FWBI,8.501500129699707,8.501500129699707,8.501500129699707,8.501500129699707,8.501500129699707,469.0
2024-03-01 12:37:00,GALT,1.940000057220459,1.940000057220459,1.9610999822616577,1.940000057220459,1.9610999822616577,3500.0
2024-03-01 12:37:00,GDRX,8.255000114440918,8.255000114440918,8.260000228881836,8.25,8.250100135803223,946.0
2024-03-01 12:37:00,GERN,2.2100000381469727,2.2100000381469727,2.2100000381469727,2.200000047683716,2.200000047683716,4933.0
2024-03-01 12:37:00,GH,19.15999984741211,19.15999984741211,19.15999984741211,19.15999984741211,19.15999984741211,932.0
2024-03-01 12:37:00,GHSI,8.350000381469727,8.350000381469727,8.350000381469727,8.350000381469727,8.350000381469727,1314.0
2024-03-01 12:37:00,GILD,72.34500122070312,72.34500122070312,72.36000061035156,72.33499908447266,72.33499908447266,7091.0
2024-03-01 12:37:00,GLTO,0.743861973285675,0.743861973285675,0.743861973285675,0.743861973285675,0.743861973285675,250.0
2024-03-01 12:37:00,GMAB,29.329999923706055,29.329999923706055,29.329999923706055,29.329999923706055,29.329999923706055,424.0
2024-03-01 12:37:00,GMDA,0.3847000002861023,0.3847000002861023,0.384799987077713,0.3831999897956848,0.3831999897956848,3255.0
2024-03-01 12:37:00,GOSS,1.3600000143051147,1.3600000143051147,1.3650000095367432,1.3600000143051147,1.3600000143051147,1162.0
2024-03-01 12:37:00,GRFS,7.09499979019165,7.09499979019165,7.09499979019165,7.09499979019165,7.09499979019165,461.0
2024-03-01 12:37:00,GRTS,2.1649999618530273,2.1649999618530273,2.1649999618530273,2.1500000953674316,2.1600000858306885,13748.0
2024-03-01 12:37:00,GRTX,0.23600000143051147,0.23600000143051147,0.23600000143051147,0.23399999737739563,0.23399999737739563,2000.0
2024-03-01 12:37:00,GTHX,3.6649999618530273,3.6649999618530273,3.6700000762939453,3.6649999618530273,3.6700000762939453,1651.0
2024-03-01 12:37:00,HALO,41.67499923706055,41.67499923706055,41.689998626708984,41.665000915527344,41.665000915527344,692.0
2024-03-01 12:37:00,HCAT,7.980599880218506,7.980599880218506,7.989999771118164,7.980599880218506,7.989999771118164,2372.0
2024-03-01 12:37:00,HITI,1.7699999809265137,1.7699999809265137,1.7793999910354614,1.7699999809265137,1.7793999910354614,3029.0
2024-03-01 12:37:00,HLTH,0.2718000113964081,0.2718000113964081,0.2718000113964081,0.26990100741386414,0.26990100741386414,570.0
2024-03-01 12:37:00,HOLX,73.72000122070312,73.72000122070312,73.72000122070312,73.69999694824219,73.69999694824219,1935.0
2024-03-01 12:37:00,HOWL,6.99370002746582,6.99370002746582,6.99370002746582,6.965000152587891,6.965000152587891,285.0
2024-03-01 12:37:00,HPCO,0.25209999084472656,0.25209999084472656,0.25209999084472656,0.25209999084472656,0.25209999084472656,1507.0
2024-03-01 12:37:00,HQY,81.625,81.625,81.625,81.61000061035156,81.61000061035156,2067.0
2024-03-01 12:37:00,HRTX,2.609999895095825,2.609999895095825,2.619999885559082,2.609999895095825,2.610100030899048,1502.0
2024-03-01 12:37:00,HSIC,76.9000015258789,76.9000015258789,76.94999694824219,76.87999725341797,76.87999725341797,6381.0
2024-03-01 12:37:00,HUMA,3.4649999141693115,3.4649999141693115,3.4700000286102295,3.430000066757202,3.440000057220459,33362.0
2024-03-01 12:37:00,IART,36.47999954223633,36.47999954223633,36.5,36.47999954223633,36.487998962402344,1183.0
2024-03-01 12:37:00,IBRX,4.840000152587891,4.840000152587891,4.849999904632568,4.840000152587891,4.849999904632568,2697.0
2024-03-01 12:37:00,ICCM,1.2798999547958374,1.2798999547958374,1.2899999618530273,1.2798999547958374,1.2899999618530273,7037.0
2024-03-01 12:37:00,IDXX,580.5599975585938,580.5599975585938,580.5599975585938,580.5599975585938,580.5599975585938,538.0
2024-03-01 12:37:00,IDYA,46.369998931884766,46.369998931884766,46.369998931884766,46.369998931884766,46.369998931884766,500.0
2024-03-01 12:37:00,IFRX,1.8700000047683716,1.8700000047683716,1.8700000047683716,1.850000023841858,1.8600000143051147,6712.0
2024-03-01 12:37:00,IKT,2.139699935913086,2.139699935913086,2.139699935913086,2.139699935913086,2.139699935913086,400.0
2024-03-01 12:37:00,ILMN,142.5,142.5,142.5,142.5,142.5,1457.0
2024-03-01 12:37:00,IMAB,1.840000033378601,1.840000033378601,1.840000033378601,1.840000033378601,1.840000033378601,228.0
2024-03-01 12:37:00,IMCR,68.0999984741211,68.0999984741211,68.0999984741211,68.0999984741211,68.0999984741211,15563.0
2024-03-01 12:37:00,IMTX,12.895000457763672,12.895000457763672,12.895000457763672,12.895000457763672,12.895000457763672,152.0
2024-03-01 12:37:00,IMVT,36.36000061035156,36.36000061035156,36.3650016784668,36.36000061035156,36.36000061035156,539.0
2024-03-01 12:37:00,INCY,59.165000915527344,59.165000915527344,59.165000915527344,59.165000915527344,59.165000915527344,105.0
2024-03-01 12:37:00,INMD,22.959999084472656,22.959999084472656,22.967500686645508,22.94499969482422,22.94499969482422,1851.0
2024-03-01 12:37:00,INSM,28.540000915527344,28.540000915527344,28.540000915527344,28.510000228881836,28.510000228881836,1350.0
2024-03-01 12:37:00,INVA,15.595000267028809,15.595000267028809,15.595000267028809,15.595000267028809,15.595000267028809,121.0
2024-03-01 12:37:00,INZY,6.710000038146973,6.710000038146973,6.724999904632568,6.710000038146973,6.724999904632568,1079.0
2024-03-01 12:37:00,IONS,45.83000183105469,45.83000183105469,45.83000183105469,45.83000183105469,45.83000183105469,558.0
2024-03-01 12:37:00,IOVA,16.770000457763672,16.770000457763672,16.799999237060547,16.7549991607666,16.760000228881836,19363.0
2024-03-01 12:37:00,IPSC,3.8399999141693115,3.8399999141693115,3.8399999141693115,3.8399999141693115,3.8399999141693115,535.0
2024-03-01 12:37:00,IRIX,2.640000104904175,2.640000104904175,2.640000104904175,2.640000104904175,2.640000104904175,110.0
2024-03-01 12:37:00,IRWD,9.130000114440918,9.130000114440918,9.175000190734863,9.130000114440918,9.175000190734863,25776.0
2024-03-01 12:37:00,ISRG,394.53289794921875,394.53289794921875,394.53289794921875,394.53289794921875,394.53289794921875,385.0
2024-03-01 12:37:00,ITRM,1.2400000095367432,1.2400000095367432,1.2400000095367432,1.2400000095367432,1.2400000095367432,212.0
2024-03-01 12:37:00,IVVD,3.990000009536743,3.990000009536743,3.990000009536743,3.990000009536743,3.990000009536743,100.0
2024-03-01 12:37:00,JAGX,0.07354599982500076,0.07354599982500076,0.07360000163316727,0.07320000231266022,0.07360000163316727,122246.0
2024-03-01 12:37:00,JANX,46.97999954223633,46.97999954223633,46.97999954223633,46.95000076293945,46.95000076293945,435.0
2024-03-01 12:37:00,JAZZ,119.08999633789062,119.08999633789062,119.08999633789062,119.08999633789062,119.08999633789062,2516.0
2024-03-01 12:37:00,JSPR,21.010000228881836,21.010000228881836,21.270000457763672,20.940000534057617,21.200000762939453,4445.0
2024-03-01 12:37:00,JYNT,9.979999542236328,9.979999542236328,9.979999542236328,9.944999694824219,9.944999694824219,1324.0
2024-03-01 12:37:00,KNTE,2.6050000190734863,2.6050000190734863,2.6050000190734863,2.6050000190734863,2.6050000190734863,1900.0
2024-03-01 12:37:00,KPTI,1.2000000476837158,1.2000000476837158,1.2000000476837158,1.1950000524520874,1.1950000524520874,9400.0
2024-03-01 12:37:00,KRON,1.034999966621399,1.034999966621399,1.034999966621399,1.0299999713897705,1.0299999713897705,11927.0
2024-03-01 12:37:00,KROS,70.16500091552734,70.16500091552734,70.16500091552734,70.16500091552734,70.16500091552734,130.0
2024-03-01 12:37:00,KRTX,316.95001220703125,316.95001220703125,316.95001220703125,316.95001220703125,316.95001220703125,1029.0
2024-03-01 12:37:00,KRYS,168.96499633789062,168.96499633789062,168.96499633789062,168.9600067138672,168.9600067138672,208.0
2024-03-01 12:37:00,KTRA,0.0966000035405159,0.0966000035405159,0.09709999710321426,0.0966000035405159,0.09709999710321426,3952.0
2024-03-01 12:37:00,KURA,21.1200008392334,21.1200008392334,21.1299991607666,21.1200008392334,21.1299991607666,712.0
2024-03-01 12:37:00,KYMR,44.095001220703125,44.095001220703125,44.095001220703125,44.09000015258789,44.09000015258789,233.0
2024-03-01 12:37:00,KZR,1.0750000476837158,1.0750000476837158,1.0800000429153442,1.0700000524520874,1.0750000476837158,1247.0
2024-03-01 12:37:00,LAB,2.505000114440918,2.505000114440918,2.505000114440918,2.505000114440918,2.505000114440918,200.0
2024-03-01 12:37:00,LEXX,2.8510000705718994,2.8510000705718994,2.8626999855041504,2.8510000705718994,2.8626999855041504,298.0
2024-03-01 12:37:00,LFLY,3.0,3.0,3.0,3.0,3.0,100.0
2024-03-01 12:37:00,LFMD,8.0,8.0,8.0,8.0,8.0,100.0
2024-03-01 12:37:00,LFST,7.860000133514404,7.860000133514404,7.869999885559082,7.860000133514404,7.869999885559082,5988.0
2024-03-01 12:37:00,LIFE,1.934999942779541,1.934999942779541,1.934999942779541,1.934999942779541,1.934999942779541,250.0
2024-03-01 12:37:00,LIVN,55.540000915527344,55.540000915527344,55.540000915527344,55.540000915527344,55.540000915527344,710.0
2024-03-01 12:37:00,LMAT,67.41000366210938,67.41000366210938,67.43000030517578,67.41000366210938,67.43000030517578,383.0
2024-03-01 12:37:00,LTRN,4.577700138092041,4.577700138092041,4.577700138092041,4.577700138092041,4.577700138092041,528.0
2024-03-01 12:37:00,LVTX,3.049999952316284,3.049999952316284,3.049999952316284,3.0250000953674316,3.0250000953674316,316.0
2024-03-01 12:37:00,LXRX,2.490000009536743,2.490000009536743,2.5,2.490000009536743,2.5,5010.0
2024-03-01 12:37:00,LYRA,5.614999771118164,5.614999771118164,5.614999771118164,5.610000133514404,5.610000133514404,659.0
2024-03-01 12:37:00,MCRB,1.2050000429153442,1.2050000429153442,1.2050000429153442,1.2000000476837158,1.2050000429153442,300.0
2024-03-01 12:37:00,MDGL,249.2100067138672,249.2100067138672,249.2100067138672,249.2100067138672,249.2100067138672,358.0
2024-03-01 12:37:00,MDRX,6.039999961853027,6.039999961853027,6.099999904632568,6.039999961853027,6.099999904632568,5949.0
2024-03-01 12:37:00,MDXG,8.664999961853027,8.664999961853027,8.664999961853027,8.664999961853027,8.664999961853027,206.0
2024-03-01 12:37:00,ME,0.5771999955177307,0.5771999955177307,0.5773000121116638,0.5737500190734863,0.5772500038146973,2675.0
2024-03-01 12:37:00,MGNX,18.860000610351562,18.860000610351562,18.860000610351562,18.844999313354492,18.850000381469727,2867.0
2024-03-01 12:37:00,MGTX,6.385000228881836,6.385000228881836,6.385000228881836,6.385000228881836,6.385000228881836,328.0
2024-03-01 12:37:00,MIRM,29.950000762939453,29.950000762939453,29.950000762939453,29.920000076293945,29.93000030517578,1412.0
2024-03-01 12:37:00,MIST,1.7450000047683716,1.7450000047683716,1.7450000047683716,1.7450000047683716,1.7450000047683716,200.0
2024-03-01 12:37:00,MLTX,52.0099983215332,52.0099983215332,52.02000045776367,52.0099983215332,52.02000045776367,1000.0
2024-03-01 12:37:00,MNKD,4.550000190734863,4.550000190734863,4.550000190734863,4.539999961853027,4.539999961853027,8870.0
2024-03-01 12:37:00,MNMD,6.139999866485596,6.139999866485596,6.139999866485596,6.139999866485596,6.139999866485596,495.0
2024-03-01 12:37:00,MODD,1.9500000476837158,1.9500000476837158,1.9500000476837158,1.9299999475479126,1.9299999475479126,975.0
2024-03-01 12:37:00,MODV,28.020000457763672,28.020000457763672,28.020000457763672,28.020000457763672,28.020000457763672,191.0
2024-03-01 12:37:00,MORF,39.474998474121094,39.474998474121094,39.474998474121094,39.474998474121094,39.474998474121094,160.0
2024-03-01 12:37:00,MREO,3.850100040435791,3.850100040435791,3.8550000190734863,3.850100040435791,3.8550000190734863,2192.0
2024-03-01 12:37:00,MRNA,96.80000305175781,96.80000305175781,96.83999633789062,96.67009735107422,96.69999694824219,11054.0
2024-03-01 12:37:00,MRNS,9.989999771118164,9.989999771118164,10.0,9.989999771118164,10.0,1798.0
2024-03-01 12:37:00,MRSN,6.0,6.0,6.034999847412109,5.994999885559082,6.03000020980835,10736.0
2024-03-01 12:37:00,MRUS,51.90999984741211,51.90999984741211,51.90999984741211,51.90999984741211,51.90999984741211,135.0
2024-03-01 12:37:00,MRVI,7.8495001792907715,7.8495001792907715,7.855000019073486,7.84499979019165,7.855000019073486,10352.0
2024-03-01 12:37:00,MYGN,21.639999389648438,21.639999389648438,21.639999389648438,21.625,21.625,318.0
2024-03-01 12:37:00,NARI,45.72999954223633,45.72999954223633,45.7599983215332,45.72999954223633,45.7599983215332,298.0
2024-03-01 12:37:00,NAUT,2.6700000762939453,2.6700000762939453,2.6700000762939453,2.6700000762939453,2.6700000762939453,302.0
2024-03-01 12:37:00,NBIX,130.9600067138672,130.9600067138672,131.02499389648438,130.9600067138672,131.02499389648438,1344.0
2024-03-01 12:37:00,NEOG,17.385000228881836,17.385000228881836,17.385000228881836,17.380199432373047,17.380199432373047,2710.0
2024-03-01 12:37:00,NEXI,6.5,6.5,6.5,6.5,6.5,100.0
2024-03-01 12:37:00,NGM,1.5299999713897705,1.5299999713897705,1.5305999517440796,1.5299999713897705,1.5305999517440796,638.0
2024-03-01 12:37:00,NKTR,0.7829999923706055,0.7829999923706055,0.7829999923706055,0.7739490270614624,0.7777000069618225,7515.0
2024-03-01 12:37:00,NKTX,12.9350004196167,12.9350004196167,12.9399995803833,12.930000305175781,12.930000305175781,2460.0
2024-03-01 12:37:00,NNOX,11.140000343322754,11.140000343322754,11.149999618530273,11.130000114440918,11.130000114440918,7631.0
2024-03-01 12:37:00,NPCE,16.520000457763672,16.520000457763672,16.520000457763672,16.520000457763672,16.520000457763672,273.0
2024-03-01 12:37:00,NRIX,13.569999694824219,13.569999694824219,13.569999694824219,13.569999694824219,13.569999694824219,123.0
2024-03-01 12:37:00,NRSN,2.23799991607666,2.23799991607666,2.240000009536743,2.2100000381469727,2.210099935531616,9715.0
2024-03-01 12:37:00,NRXP,0.41499999165534973,0.41499999165534973,0.41999998688697815,0.41499999165534973,0.41999998688697815,200.0
2024-03-01 12:37:00,NTLA,33.45000076293945,33.45000076293945,33.459999084472656,33.45000076293945,33.459999084472656,989.0
2024-03-01 12:37:00,NTRA,88.69000244140625,88.69000244140625,88.70999908447266,88.66000366210938,88.70999908447266,2727.0
2024-03-01 12:37:00,NUVL,88.7699966430664,88.7699966430664,88.7699966430664,88.66999816894531,88.66999816894531,434.0
2024-03-01 12:37:00,NUWE,0.5774999856948853,0.5774999856948853,0.5774999856948853,0.5774999856948853,0.5774999856948853,228.0
2024-03-01 12:37:00,NVAX,5.139999866485596,5.139999866485596,5.139999866485596,5.130000114440918,5.130000114440918,2361.0
2024-03-01 12:37:00,NVCR,16.010000228881836,16.010000228881836,16.010000228881836,16.010000228881836,16.010000228881836,742.0
2024-03-01 12:37:00,NVOS,0.6295999884605408,0.6295999884605408,0.6338000297546387,0.6295999884605408,0.6338000297546387,5310.0
2024-03-01 12:37:00,NXTC,1.7000000476837158,1.7000000476837158,1.7200000286102295,1.7000000476837158,1.7200000286102295,300.0
2024-03-01 12:37:00,OCGN,0.9394999742507935,0.9394999742507935,0.9394999742507935,0.9394999742507935,0.9394999742507935,106.0
2024-03-01 12:37:00,OCUL,10.760000228881836,10.760000228881836,10.760000228881836,10.739999771118164,10.739999771118164,5295.0
2024-03-01 12:37:00,OGI,2.1723999977111816,2.1723999977111816,2.1723999977111816,2.1723999977111816,2.1723999977111816,185.0
2024-03-01 12:37:00,OLK,22.665000915527344,22.665000915527344,22.670000076293945,22.6299991607666,22.6299991607666,1963.0
2024-03-01 12:37:00,OLMA,14.430000305175781,14.430000305175781,14.454999923706055,14.380000114440918,14.449999809265137,9269.0
2024-03-01 12:37:00,OMCL,26.5,26.5,26.5,26.5,26.5,369.0
2024-03-01 12:37:00,OMGA,4.173900127410889,4.173900127410889,4.173900127410889,4.173900127410889,4.173900127410889,250.0
2024-03-01 12:37:00,ONCY,1.1401000022888184,1.1401000022888184,1.1401000022888184,1.1401000022888184,1.1401000022888184,125.0
2024-03-01 12:37:00,ONVO,1.0399999618530273,1.0399999618530273,1.0399999618530273,1.0399999618530273,1.0399999618530273,158.0
2024-03-01 12:38:00,ABCL,5.195000171661377,5.195000171661377,5.195000171661377,5.192999839782715,5.192999839782715,413.0
2024-03-01 12:38:00,ABOS,4.684999942779541,4.684999942779541,4.684999942779541,4.684999942779541,4.684999942779541,144.0
2024-03-01 12:38:00,ABSI,5.255000114440918,5.255000114440918,5.260000228881836,5.239999771118164,5.244999885559082,14710.0
2024-03-01 12:38:00,ABUS,2.7750000953674316,2.7750000953674316,2.7799999713897705,2.7750000953674316,2.7799999713897705,1758.0
2024-03-01 12:38:00,ACAD,24.239999771118164,24.239999771118164,24.25,24.239999771118164,24.239999771118164,1175.0
2024-03-01 12:38:00,ACB,3.184999942779541,3.184999942779541,3.184999942779541,3.180000066757202,3.184999942779541,2055.0
2024-03-01 12:38:00,ACET,2.375,2.375,2.380000114440918,2.369999885559082,2.380000114440918,1400.0
2024-03-01 12:38:00,ACHC,84.2300033569336,84.2300033569336,84.24500274658203,84.2300033569336,84.24500274658203,271.0
2024-03-01 12:38:00,ACHL,1.3698999881744385,1.3698999881744385,1.3698999881744385,1.3688000440597534,1.3697999715805054,15000.0
2024-03-01 12:38:00,ACHV,4.300000190734863,4.300000190734863,4.300000190734863,4.300000190734863,4.300000190734863,100.0
2024-03-01 12:38:00,ACLX,67.18000030517578,67.18000030517578,67.18000030517578,67.18000030517578,67.18000030517578,105.0
2024-03-01 12:38:00,ACON,0.39899998903274536,0.39899998903274536,0.39899998903274536,0.39899998903274536,0.39899998903274536,163.0
2024-03-01 12:38:00,ACRS,1.2400000095367432,1.2400000095367432,1.2400000095367432,1.2350000143051147,1.2350000143051147,920.0
2024-03-01 12:38:00,ADIL,3.059999942779541,3.059999942779541,3.0929999351501465,3.0399999618530273,3.0399999618530273,32982.0
2024-03-01 12:38:00,ADMA,5.460000038146973,5.460000038146973,5.460000038146973,5.460000038146973,5.460000038146973,349.0
2024-03-01 12:38:00,ADPT,4.204999923706055,4.204999923706055,4.204999923706055,4.204999923706055,4.204999923706055,956.0
2024-03-01 12:38:00,ADVM,1.975000023841858,1.975000023841858,1.975000023841858,1.975000023841858,1.975000023841858,321.0
2024-03-01 12:38:00,AFMD,0.6349999904632568,0.6349999904632568,0.6349999904632568,0.6349999904632568,0.6349999904632568,126.0
2024-03-01 12:38:00,AGEN,0.6738749742507935,0.6738749742507935,0.6738749742507935,0.6738749742507935,0.6738749742507935,1363.0
2024-03-01 12:38:00,AGIO,32.869998931884766,32.869998931884766,32.869998931884766,32.8650016784668,32.8650016784668,624.0
2024-03-01 12:38:00,AHCO,10.739999771118164,10.739999771118164,10.774999618530273,10.739999771118164,10.774999618530273,5417.0
2024-03-01 12:38:00,AIMD,0.9437999725341797,0.9437999725341797,0.9769999980926514,0.9437999725341797,0.9769999980926514,3100.0
2024-03-01 12:38:00,AKAN,0.23649999499320984,0.23649999499320984,0.2379000037908554,0.23649999499320984,0.23649999499320984,8793.0
2024-03-01 12:38:00,AKBA,1.684999942779541,1.684999942779541,1.690000057220459,1.684999942779541,1.690000057220459,803.0
2024-03-01 12:38:00,AKLI,0.3400000035762787,0.3400000035762787,0.3400000035762787,0.3400000035762787,0.3400000035762787,500.0
2024-03-01 12:38:00,AKRO,30.030000686645508,30.030000686645508,30.030000686645508,30.030000686645508,30.030000686645508,725.0
2024-03-01 12:38:00,ALEC,7.360000133514404,7.360000133514404,7.360000133514404,7.360000133514404,7.360000133514404,334.0
2024-03-01 12:38:00,ALGN,303.510009765625,303.510009765625,303.510009765625,303.510009765625,303.510009765625,376.0
2024-03-01 12:38:00,ALGS,1.1210999488830566,1.1210999488830566,1.1210999488830566,1.1210999488830566,1.1210999488830566,1000.0
2024-03-01 12:38:00,ALKS,30.079999923706055,30.079999923706055,30.079999923706055,30.049999237060547,30.049999237060547,1779.0
2024-03-01 12:38:00,ALLK,1.6050000190734863,1.6050000190734863,1.6050000190734863,1.6050000190734863,1.6050000190734863,184.0
2024-03-01 12:38:00,ALLO,5.050000190734863,5.050000190734863,5.050000190734863,5.039999961853027,5.039999961853027,426.0
2024-03-01 12:38:00,ALNY,154.35499572753906,154.35499572753906,154.35499572753906,154.35499572753906,154.35499572753906,159.0
2024-03-01 12:38:00,ALPN,35.70000076293945,35.70000076293945,35.724998474121094,35.70000076293945,35.724998474121094,644.0
2024-03-01 12:38:00,ALT,12.090100288391113,12.090100288391113,12.109999656677246,12.090100288391113,12.109999656677246,3830.0
2024-03-01 12:38:00,ALXO,15.020000457763672,15.020000457763672,15.050000190734863,15.020000457763672,15.050000190734863,290.0
2024-03-01 12:38:00,AMED,93.19999694824219,93.19999694824219,93.2249984741211,93.19000244140625,93.2249984741211,3697.0
2024-03-01 12:38:00,AMGN,281.4100036621094,281.4100036621094,281.5350036621094,281.4100036621094,281.510009765625,2396.0
2024-03-01 12:38:00,AMPH,45.400001525878906,45.400001525878906,45.400001525878906,45.36000061035156,45.369998931884766,2914.0
2024-03-01 12:38:00,AMRN,1.0499999523162842,1.0499999523162842,1.0586999654769897,1.0499999523162842,1.0586999654769897,791.0
2024-03-01 12:38:00,ANIP,66.3550033569336,66.3550033569336,66.3550033569336,66.12000274658203,66.12000274658203,2204.0
2024-03-01 12:38:00,ANNX,5.949999809265137,5.949999809265137,5.960000038146973,5.929999828338623,5.929999828338623,2219.0
2024-03-01 12:38:00,ANTX,3.021199941635132,3.021199941635132,3.021199941635132,3.021199941635132,3.021199941635132,362.0
2024-03-01 12:38:00,APLS,64.94499969482422,64.94499969482422,64.94499969482422,64.90010070800781,64.94000244140625,1065.0
2024-03-01 12:38:00,APLT,7.079999923706055,7.079999923706055,7.090000152587891,7.079999923706055,7.090000152587891,413.0
2024-03-01 12:38:00,APVO,0.16040000319480896,0.16040000319480896,0.16040000319480896,0.16040000319480896,0.16040000319480896,300.0
2024-03-01 12:38:00,AQST,4.320000171661377,4.320000171661377,4.320000171661377,4.319300174713135,4.319300174713135,915.0
2024-03-01 12:38:00,ARAY,2.630000114440918,2.630000114440918,2.630000114440918,2.630000114440918,2.630000114440918,103.0
2024-03-01 12:38:00,ARDX,9.664999961853027,9.664999961853027,9.670000076293945,9.65999984741211,9.664999961853027,3232.0
2024-03-01 12:38:00,ARGX,391.2550048828125,391.2550048828125,391.2550048828125,391.2200012207031,391.2200012207031,1224.0
2024-03-01 12:38:00,ARQT,11.710000038146973,11.710000038146973,11.75,11.710000038146973,11.720000267028809,9528.0
2024-03-01 12:38:00,ARVN,49.28499984741211,49.28499984741211,49.28499984741211,49.28499984741211,49.28499984741211,148.0
2024-03-01 12:38:00,ARWR,35.929298400878906,35.929298400878906,35.929298400878906,35.929298400878906,35.929298400878906,394.0
2024-03-01 12:38:00,ASRT,0.9300000071525574,0.9300000071525574,0.9300000071525574,0.9298999905586243,0.9298999905586243,1159.0
2024-03-01 12:38:00,ATAI,2.124000072479248,2.124000072479248,2.130000114440918,2.124000072479248,2.130000114440918,2630.0
2024-03-01 12:38:00,ATEC,13.619999885559082,13.619999885559082,13.619999885559082,13.614999771118164,13.614999771118164,330.0
2024-03-01 12:38:00,ATOS,1.0199999809265137,1.0199999809265137,1.0199999809265137,1.0199999809265137,1.0199999809265137,100.0
2024-03-01 12:38:00,ATRA,0.7875999808311462,0.7875999808311462,0.7875999808311462,0.7851999998092651,0.7851999998092651,321.0
2024-03-01 12:38:00,ATXI,0.15119999647140503,0.15119999647140503,0.15119999647140503,0.15119999647140503,0.15119999647140503,1498.0
2024-03-01 12:38:00,AUPH,5.864999771118164,5.864999771118164,5.864999771118164,5.864999771118164,5.864999771118164,1335.0
2024-03-01 12:38:00,AUTL,6.360000133514404,6.360000133514404,6.375,6.360000133514404,6.375,3000.0
2024-03-01 12:38:00,AVDL,12.949999809265137,12.949999809265137,12.949999809265137,12.949999809265137,12.949999809265137,1920.0
2024-03-01 12:38:00,AXSM,82.59500122070312,82.59500122070312,82.59500122070312,82.59500122070312,82.59500122070312,104.0
2024-03-01 12:38:00,AZN,64.69499969482422,64.69499969482422,64.69999694824219,64.69000244140625,64.69499969482422,5425.0
2024-03-01 12:38:00,BBIO,36.060001373291016,36.060001373291016,36.060001373291016,36.060001373291016,36.060001373291016,517.0
2024-03-01 12:38:00,BCDA,0.566100001335144,0.566100001335144,0.566100001335144,0.566100001335144,0.566100001335144,100.0
2024-03-01 12:38:00,BCRX,5.764999866485596,5.764999866485596,5.764999866485596,5.764999866485596,5.764999866485596,246.0
2024-03-01 12:38:00,BDTX,4.989999771118164,4.989999771118164,5.019999980926514,4.985000133514404,5.019999980926514,4667.0
2024-03-01 12:38:00,BEAM,40.0099983215332,40.0099983215332,40.029998779296875,39.980098724365234,40.029998779296875,2400.0
2024-03-01 12:38:00,BEAT,1.4901000261306763,1.4901000261306763,1.4902000427246094,1.4900000095367432,1.4902000427246094,1300.0
2024-03-01 12:38:00,BFRI,0.8778989911079407,0.8778989911079407,0.8778989911079407,0.8778989911079407,0.8778989911079407,276.0
2024-03-01 12:38:00,BIIB,221.0749969482422,221.0749969482422,221.16000366210938,221.0749969482422,221.16000366210938,344.0
2024-03-01 12:38:00,BIOR,1.1950000524520874,1.1950000524520874,1.2000000476837158,1.1950000524520874,1.2000000476837158,3000.0
2024-03-01 12:38:00,BIVI,1.850000023841858,1.850000023841858,1.8799999952316284,1.850000023841858,1.8799999952316284,42215.0
2024-03-01 12:38:00,BLUE,1.589900016784668,1.589900016784668,1.590000033378601,1.580199956893921,1.5850000381469727,8985.0
2024-03-01 12:38:00,BMEA,17.989999771118164,17.989999771118164,18.024999618530273,17.989999771118164,18.010000228881836,837.0
2024-03-01 12:38:00,BMRN,87.23999786376953,87.23999786376953,87.26000213623047,87.23500061035156,87.23500061035156,2555.0
2024-03-01 12:38:00,BNGO,1.242300033569336,1.242300033569336,1.25,1.242300033569336,1.25,1223.0
2024-03-01 12:38:00,BNTX,91.77010345458984,91.77010345458984,91.87999725341797,91.77010345458984,91.87999725341797,280.0
2024-03-01 12:38:00,BPMC,97.22000122070312,97.22000122070312,97.3499984741211,97.22000122070312,97.30000305175781,1427.0
2024-03-01 12:38:00,BRKR,88.30999755859375,88.30999755859375,88.3499984741211,88.30999755859375,88.3499984741211,657.0
2024-03-01 12:38:00,BSGM,0.6399999856948853,0.6399999856948853,0.6439999938011169,0.6399999856948853,0.6439999938011169,300.0
2024-03-01 12:38:00,BTAI,3.199899911880493,3.199899911880493,3.199899911880493,3.199199914932251,3.199199914932251,6810.0
2024-03-01 12:38:00,BTTX,0.1745000034570694,0.1745000034570694,0.1745000034570694,0.17409999668598175,0.17419999837875366,15000.0
2024-03-01 12:38:00,BVS,4.739999771118164,4.739999771118164,4.739999771118164,4.739999771118164,4.739999771118164,401.0
2024-03-01 12:38:00,BWAY,6.5,6.5,6.53000020980835,6.5,6.53000020980835,300.0
2024-03-01 12:38:00,CABA,24.0,24.0,24.0,23.989999771118164,23.989999771118164,940.0
2024-03-01 12:38:00,CAPR,4.570000171661377,4.570000171661377,4.570099830627441,4.570000171661377,4.570000171661377,1384.0
2024-03-01 12:38:00,CARA,0.8902000188827515,0.8902000188827515,0.9000999927520752,0.8902000188827515,0.8906999826431274,16126.0
2024-03-01 12:38:00,CBAY,32.23500061035156,32.23500061035156,32.23500061035156,32.23030090332031,32.23030090332031,1449.0
2024-03-01 12:38:00,CCCC,10.944999694824219,10.944999694824219,10.944999694824219,10.9399995803833,10.9399995803833,427.0
2024-03-01 12:38:00,CDNA,12.260000228881836,12.260000228881836,12.34000015258789,12.25,12.34000015258789,3711.0
2024-03-01 12:38:00,CDTX,0.7200000286102295,0.7200000286102295,0.7200999855995178,0.7200000286102295,0.7200999855995178,2840.0
2024-03-01 12:38:00,CDXS,4.460000038146973,4.460000038146973,4.460000038146973,4.460000038146973,4.460000038146973,230.0
2024-03-01 12:38:00,CERE,41.09000015258789,41.09000015258789,41.095001220703125,41.09000015258789,41.095001220703125,1049.0
2024-03-01 12:38:00,CERS,2.2100000381469727,2.2100000381469727,2.2100000381469727,2.2100000381469727,2.2100000381469727,739.0
2024-03-01 12:38:00,CERT,17.690000534057617,17.690000534057617,17.690000534057617,17.690000534057617,17.690000534057617,1042.0
2024-03-01 12:38:00,CGC,3.255000114440918,3.255000114440918,3.255000114440918,3.255000114440918,3.255000114440918,474.0
2024-03-01 12:38:00,CGEM,18.969999313354492,18.969999313354492,18.969999313354492,18.969999313354492,18.969999313354492,100.0
2024-03-01 12:38:00,CHRS,2.375,2.375,2.3766000270843506,2.3701000213623047,2.3701000213623047,2535.0
2024-03-01 12:38:00,CKPT,2.2139999866485596,2.2139999866485596,2.219399929046631,2.2139999866485596,2.219399929046631,456.0
2024-03-01 12:38:00,CLDX,50.70500183105469,50.70500183105469,50.70500183105469,50.22999954223633,50.29999923706055,10629.0
2024-03-01 12:38:00,CLNN,0.38499900698661804,0.38499900698661804,0.3869999945163727,0.3831000030040741,0.3869999945163727,6407.0
2024-03-01 12:38:00,CLOV,0.8626999855041504,0.8626999855041504,0.8629999756813049,0.8626000285148621,0.8629999756813049,4903.0
2024-03-01 12:38:00,CLPT,6.672999858856201,6.672999858856201,6.672999858856201,6.672999858856201,6.672999858856201,604.0
2024-03-01 12:38:00,CLRB,4.159999847412109,4.159999847412109,4.159999847412109,4.15500020980835,4.15500020980835,6131.0
2024-03-01 12:38:00,CMPS,11.40999984741211,11.40999984741211,11.40999984741211,11.387200355529785,11.40999984741211,2627.0
2024-03-01 12:38:00,COGT,7.190000057220459,7.190000057220459,7.210000038146973,7.190000057220459,7.210000038146973,3382.0
2024-03-01 12:38:00,CORT,24.209999084472656,24.209999084472656,24.209999084472656,24.170000076293945,24.170000076293945,1481.0
2024-03-01 12:38:00,COSM,0.7688000202178955,0.7688000202178955,0.7688000202178955,0.7599999904632568,0.7599999904632568,1601.0
2024-03-01 12:38:00,CPRX,17.05500030517578,17.05500030517578,17.05500030517578,17.049999237060547,17.05500030517578,2610.0
2024-03-01 12:38:00,CRBP,31.950599670410156,31.950599670410156,32.040000915527344,31.950599670410156,32.040000915527344,752.0
2024-03-01 12:38:00,CRBU,7.965000152587891,7.965000152587891,7.965000152587891,7.960000038146973,7.960000038146973,440.0
2024-03-01 12:38:00,CRDF,2.322000026702881,2.322000026702881,2.339900016784668,2.321700096130371,2.339600086212158,4857.0
2024-03-01 12:38:00,CRMD,3.7018001079559326,3.7018001079559326,3.7018001079559326,3.7018001079559326,3.7018001079559326,100.0
2024-03-01 12:38:00,CRNX,46.52000045776367,46.52000045776367,46.52000045776367,46.52000045776367,46.52000045776367,236.0
2024-03-01 12:38:00,CRSP,85.69000244140625,85.69000244140625,85.69999694824219,85.5999984741211,85.5999984741211,6301.0
2024-03-01 12:38:00,CSTL,20.420000076293945,20.420000076293945,20.469999313354492,20.420000076293945,20.469999313354492,763.0
2024-03-01 12:38:00,CTKB,8.739999771118164,8.739999771118164,8.739999771118164,8.734999656677246,8.739999771118164,555.0
2024-03-01 12:38:00,CTMX,2.700000047683716,2.700000047683716,2.719399929046631,2.680000066757202,2.7149999141693115,10825.0
2024-03-01 12:38:00,CTXR,0.7720000147819519,0.7720000147819519,0.7721009850502014,0.7720000147819519,0.7720010280609131,4527.0
2024-03-01 12:38:00,CUTR,2.430000066757202,2.430000066757202,2.430000066757202,2.4200000762939453,2.4200000762939453,200.0
2024-03-01 12:38:00,CYTK,73.2300033569336,73.2300033569336,73.2300033569336,73.2300033569336,73.2300033569336,202.0
2024-03-01 12:38:00,CYTO,2.390000104904175,2.390000104904175,2.390000104904175,2.38070011138916,2.3833999633789062,2218.0
2024-03-01 12:38:00,DCGO,4.112500190734863,4.112500190734863,4.114999771118164,4.112500190734863,4.114999771118164,233.0
2024-03-01 12:38:00,DCPH,17.48390007019043,17.48390007019043,17.48390007019043,17.48189926147461,17.48189926147461,630.0
2024-03-01 12:38:00,DH,8.850000381469727,8.850000381469727,8.869999885559082,8.850000381469727,8.869999885559082,498.0
2024-03-01 12:38:00,DMTK,0.8701000213623047,0.8701000213623047,0.8899999856948853,0.8701000213623047,0.8849999904632568,2018.0
2024-03-01 12:38:00,DNLI,20.875,20.875,20.889999389648438,20.875,20.889999389648438,1277.0
2024-03-01 12:38:00,DSGN,2.9200000762939453,2.9200000762939453,2.9200000762939453,2.9149999618530273,2.9149999618530273,345.0
2024-03-01 12:38:00,DTIL,12.239999771118164,12.239999771118164,12.239999771118164,12.239999771118164,12.239999771118164,222.0
2024-03-01 12:38:00,DVAX,12.885000228881836,12.885000228881836,12.885000228881836,12.885000228881836,12.885000228881836,140.0
2024-03-01 12:38:00,DXCM,121.44000244140625,121.44000244140625,121.66999816894531,121.4000015258789,121.6500015258789,15636.0
2024-03-01 12:38:00,DYN,28.545000076293945,28.545000076293945,28.545000076293945,28.545000076293945,28.545000076293945,389.0
2024-03-01 12:38:00,EDIT,10.84000015258789,10.84000015258789,10.84000015258789,10.829999923706055,10.84000015258789,1887.0
2024-03-01 12:38:00,EIGR,6.300000190734863,6.300000190734863,6.300000190734863,6.1940999031066895,6.269999980926514,3085.0
2024-03-01 12:38:00,ELEV,4.809999942779541,4.809999942779541,4.809999942779541,4.789999961853027,4.800000190734863,2367.0
2024-03-01 12:38:00,ENTA,15.369999885559082,15.369999885559082,15.375,15.369999885559082,15.375,600.0
2024-03-01 12:38:00,ENVB,1.569100022315979,1.569100022315979,1.5700000524520874,1.5500999689102173,1.5500999689102173,5522.0
2024-03-01 12:38:00,ERAS,2.5299999713897705,2.5299999713897705,2.5299999713897705,2.5250000953674316,2.5267999172210693,1002.0
2024-03-01 12:38:00,ESPR,2.5199999809265137,2.5199999809265137,2.5199999809265137,2.5199999809265137,2.5199999809265137,1140.0
2024-03-01 12:38:00,ESTA,45.66080093383789,45.66080093383789,45.66080093383789,45.66080093383789,45.66080093383789,237.0
2024-03-01 12:38:00,ETNB,13.130000114440918,13.130000114440918,13.149999618530273,13.130000114440918,13.149999618530273,18207.0
2024-03-01 12:38:00,EVAX,3.549999952316284,3.549999952316284,3.549999952316284,3.549999952316284,3.549999952316284,472.0
2024-03-01 12:38:00,EXAS,60.27000045776367,60.27000045776367,60.290000915527344,60.27000045776367,60.290000915527344,1997.0
2024-03-01 12:38:00,EXEL,22.459999084472656,22.459999084472656,22.479999542236328,22.459999084472656,22.479999542236328,2081.0
2024-03-01 12:38:00,EYEN,2.398699998855591,2.398699998855591,2.398699998855591,2.3949999809265137,2.3949999809265137,363.0
2024-03-01 12:38:00,EYPT,28.0,28.0,28.0,28.0,28.0,1164.0
2024-03-01 12:38:00,FATE,7.559999942779541,7.559999942779541,7.565000057220459,7.550000190734863,7.554999828338623,2356.0
2024-03-01 12:38:00,FBIO,2.34060001373291,2.34060001373291,2.34060001373291,2.34060001373291,2.34060001373291,1538.0
2024-03-01 12:38:00,FDMT,29.288000106811523,29.288000106811523,29.288000106811523,29.2450008392334,29.2450008392334,743.0
2024-03-01 12:38:00,FEMY,1.6900999546051025,1.6900999546051025,1.690999984741211,1.690000057220459,1.690999984741211,2282.0
2024-03-01 12:38:00,FGEN,1.8600000143051147,1.8600000143051147,1.8600000143051147,1.8600000143051147,1.8600000143051147,101.0
2024-03-01 12:38:00,FHTX,7.861800193786621,7.861800193786621,7.909999847412109,7.861800193786621,7.909999847412109,400.0
2024-03-01 12:38:00,FOLD,13.350000381469727,13.350000381469727,13.350000381469727,13.345000267028809,13.345000267028809,3361.0
2024-03-01 12:38:00,FULC,10.890000343322754,10.890000343322754,10.890000343322754,10.890000343322754,10.890000343322754,401.0
2024-03-01 12:38:00,FUSN,12.270000457763672,12.270000457763672,12.270000457763672,12.239999771118164,12.239999771118164,2715.0
2024-03-01 12:38:00,GALT,1.9306999444961548,1.9306999444961548,1.940000057220459,1.9306999444961548,1.940000057220459,1091.0
2024-03-01 12:38:00,GCTK,0.31700000166893005,0.31700000166893005,0.31700000166893005,0.31700000166893005,0.31700000166893005,250.0
2024-03-01 12:38:00,GDRX,8.25,8.25,8.255000114440918,8.25,8.25,2036.0
2024-03-01 12:38:00,GERN,2.2100000381469727,2.2100000381469727,2.2100000381469727,2.2039999961853027,2.209199905395508,8033.0
2024-03-01 12:38:00,GH,19.1299991607666,19.1299991607666,19.149999618530273,19.1299991607666,19.149999618530273,344.0
2024-03-01 12:38:00,GILD,72.33999633789062,72.33999633789062,72.3550033569336,72.33999633789062,72.3550033569336,4234.0
2024-03-01 12:38:00,GLSI,12.59000015258789,12.59000015258789,12.59000015258789,12.569999694824219,12.569999694824219,539.0
2024-03-01 12:38:00,GLTO,0.75,0.75,0.75,0.75,0.75,100.0
2024-03-01 12:38:00,GMAB,29.325000762939453,29.325000762939453,29.329999923706055,29.325000762939453,29.329999923706055,657.0
2024-03-01 12:38:00,GMDA,0.3831000030040741,0.3831000030040741,0.3831000030040741,0.3831000030040741,0.3831000030040741,6091.0
2024-03-01 12:38:00,GNPX,4.55079984664917,4.55079984664917,4.55079984664917,4.550000190734863,4.550000190734863,2005.0
2024-03-01 12:38:00,GOSS,1.3650000095367432,1.3650000095367432,1.3650000095367432,1.3650000095367432,1.3650000095367432,111.0
2024-03-01 12:38:00,GRFS,7.079999923706055,7.079999923706055,7.098999977111816,7.079999923706055,7.09499979019165,2832.0
2024-03-01 12:38:00,GRTS,2.1610000133514404,2.1610000133514404,2.1649999618530273,2.1600000858306885,2.1649999618530273,1534.0
2024-03-01 12:38:00,GTHX,3.6649999618530273,3.6649999618530273,3.6649999618530273,3.6649999618530273,3.6649999618530273,1107.0
2024-03-01 12:38:00,HALO,41.69499969482422,41.69499969482422,41.70000076293945,41.69499969482422,41.70000076293945,228.0
2024-03-01 12:38:00,HCAT,7.980000019073486,7.980000019073486,7.980000019073486,7.980000019073486,7.980000019073486,264.0
2024-03-01 12:38:00,HCSG,12.680000305175781,12.680000305175781,12.680000305175781,12.680000305175781,12.680000305175781,709.0
2024-03-01 12:38:00,HCTI,2.469099998474121,2.469099998474121,2.469099998474121,2.4600000381469727,2.4600000381469727,1300.0
2024-03-01 12:38:00,HEPA,3.059999942779541,3.059999942779541,3.1600000858306885,3.059999942779541,3.1600000858306885,4680.0
2024-03-01 12:38:00,HOLX,73.70999908447266,73.70999908447266,73.72000122070312,73.70999908447266,73.70999908447266,505.0
2024-03-01 12:38:00,HOOK,0.7900000214576721,0.7900000214576721,0.7900000214576721,0.7900000214576721,0.7900000214576721,650.0
2024-03-01 12:38:00,HOTH,1.3198000192642212,1.3198000192642212,1.3198000192642212,1.3198000192642212,1.3198000192642212,5134.0
2024-03-01 12:38:00,HOWL,7.0,7.0,7.0,7.0,7.0,100.0
2024-03-01 12:38:00,HQY,81.7699966430664,81.7699966430664,81.7699966430664,81.66999816894531,81.66999816894531,4981.0
2024-03-01 12:38:00,HRMY,31.540000915527344,31.540000915527344,31.540000915527344,31.540000915527344,31.540000915527344,242.0
2024-03-01 12:38:00,HRTX,2.6012001037597656,2.6012001037597656,2.609999895095825,2.6012001037597656,2.609999895095825,450.0
2024-03-01 12:38:00,HSDT,4.889699935913086,4.889699935913086,4.889699935913086,4.889699935913086,4.889699935913086,228.0
2024-03-01 12:38:00,HSIC,76.93000030517578,76.93000030517578,76.93000030517578,76.91999816894531,76.91999816894531,1062.0
2024-03-01 12:38:00,HSTM,27.489999771118164,27.489999771118164,27.489999771118164,27.40999984741211,27.40999984741211,2361.0
2024-03-01 12:38:00,HUMA,3.4649999141693115,3.4649999141693115,3.4700000286102295,3.461199998855591,3.4649999141693115,3935.0
2024-03-01 12:38:00,IART,36.459999084472656,36.459999084472656,36.4900016784668,36.459999084472656,36.4900016784668,936.0
2024-03-01 12:38:00,IBRX,4.840000152587891,4.840000152587891,4.848800182342529,4.829999923706055,4.835000038146973,4691.0
2024-03-01 12:38:00,ICCM,1.2699999809265137,1.2699999809265137,1.274999976158142,1.2699999809265137,1.2700999975204468,7000.0
2024-03-01 12:38:00,ICLR,322.7250061035156,322.7250061035156,322.8999938964844,322.510009765625,322.8999938964844,1474.0
2024-03-01 12:38:00,ICUI,104.97000122070312,104.97000122070312,104.97000122070312,104.97000122070312,104.97000122070312,378.0
2024-03-01 12:38:00,IDYA,46.32500076293945,46.32500076293945,46.375,46.32500076293945,46.375,1365.0
2024-03-01 12:38:00,IFRX,1.840000033378601,1.840000033378601,1.850000023841858,1.840000033378601,1.850000023841858,10648.0
2024-03-01 12:38:00,IGMS,13.390000343322754,13.390000343322754,13.40999984741211,13.390000343322754,13.40999984741211,279.0
2024-03-01 12:38:00,ILMN,142.25999450683594,142.25999450683594,142.44000244140625,142.25999450683594,142.44000244140625,3319.0
2024-03-01 12:38:00,IMAB,1.850000023841858,1.850000023841858,1.850000023841858,1.850000023841858,1.850000023841858,100.0
2024-03-01 12:38:00,IMCR,68.12000274658203,68.12000274658203,68.12000274658203,67.94999694824219,68.0999984741211,1828.0
2024-03-01 12:38:00,IMMX,3.5399999618530273,3.5399999618530273,3.5399999618530273,3.5399999618530273,3.5399999618530273,105.0
2024-03-01 12:38:00,IMUX,1.4850000143051147,1.4850000143051147,1.4895000457763672,1.4850000143051147,1.4895000457763672,433.0
2024-03-01 12:38:00,IMVT,36.3672981262207,36.3672981262207,36.3672981262207,36.3672981262207,36.3672981262207,612.0
2024-03-01 12:38:00,INBX,36.720001220703125,36.720001220703125,36.720001220703125,36.720001220703125,36.720001220703125,147.0
2024-03-01 12:38:00,INCY,59.15999984741211,59.15999984741211,59.16999816894531,59.150001525878906,59.150001525878906,603.0
2024-03-01 12:38:00,INGN,6.880000114440918,6.880000114440918,6.880000114440918,6.880000114440918,6.880000114440918,153.0
2024-03-01 12:38:00,INMD,22.969999313354492,22.969999313354492,22.979999542236328,22.961000442504883,22.961000442504883,7697.0
2024-03-01 12:38:00,INO,9.399999618530273,9.399999618530273,9.40999984741211,9.399999618530273,9.40999984741211,1907.0
2024-03-01 12:38:00,INVA,15.595000267028809,15.595000267028809,15.595000267028809,15.59000015258789,15.59000015258789,338.0
2024-03-01 12:38:00,INZY,6.700099945068359,6.700099945068359,6.700099945068359,6.700099945068359,6.700099945068359,721.0
2024-03-01 12:38:00,IOBT,1.8279999494552612,1.8279999494552612,1.840000033378601,1.8122999668121338,1.8243000507354736,6212.0
2024-03-01 12:38:00,IOVA,16.760000228881836,16.760000228881836,16.774999618530273,16.75,16.764999389648438,6921.0
2024-03-01 12:38:00,IRWD,9.125,9.125,9.130000114440918,9.119999885559082,9.130000114440918,6595.0
2024-03-01 12:38:00,ISRG,394.3900146484375,394.3900146484375,394.5450134277344,394.3900146484375,394.42999267578125,2062.0
2024-03-01 12:38:00,ITRM,1.2401000261306763,1.2401000261306763,1.2401000261306763,1.2400000095367432,1.2400000095367432,1220.0
2024-03-01 12:38:00,IVVD,3.990000009536743,3.990000009536743,4.0,3.990000009536743,4.0,480.0
2024-03-01 12:38:00,JAGX,0.07329999655485153,0.07329999655485153,0.07360000163316727,0.07320000231266022,0.07320000231266022,40095.0
2024-03-01 12:38:00,JANX,46.959999084472656,46.959999084472656,47.0,46.959999084472656,46.99169921875,847.0
2024-03-01 12:38:00,JAZZ,119.36000061035156,119.36000061035156,119.36000061035156,119.05500030517578,119.05500030517578,5358.0
2024-03-01 12:38:00,KALV,14.0,14.0,14.010000228881836,14.0,14.010000228881836,326.0
2024-03-01 12:38:00,KNSA,21.75,21.75,21.75,21.75,21.75,444.0
2024-03-01 12:38:00,KNTE,2.6050000190734863,2.6050000190734863,2.6050000190734863,2.6050000190734863,2.6050000190734863,300.0
2024-03-01 12:38:00,KOD,6.110000133514404,6.110000133514404,6.110000133514404,6.110000133514404,6.110000133514404,241.0
2024-03-01 12:38:00,KPTI,1.1950000524520874,1.1950000524520874,1.1950000524520874,1.1950000524520874,1.1950000524520874,2100.0
2024-03-01 12:38:00,KRYS,169.25,169.25,169.25,169.25,169.25,184.0
2024-03-01 12:38:00,KTRA,0.09650000184774399,0.09650000184774399,0.0966000035405159,0.09650000184774399,0.09650000184774399,4000.0
2024-03-01 12:38:00,KYMR,44.095001220703125,44.095001220703125,44.095001220703125,44.095001220703125,44.095001220703125,107.0
2024-03-01 12:38:00,KZR,1.0750000476837158,1.0750000476837158,1.0750000476837158,1.0750000476837158,1.0750000476837158,700.0
2024-03-01 12:38:00,LAB,2.505000114440918,2.505000114440918,2.505000114440918,2.505000114440918,2.505000114440918,318.0
2024-03-01 12:38:00,LABP,6.550000190734863,6.550000190734863,6.550000190734863,6.550000190734863,6.550000190734863,187.0
2024-03-01 12:38:00,LEXX,2.8550000190734863,2.8550000190734863,2.8550000190734863,2.8299999237060547,2.8299999237060547,1991.0
2024-03-01 12:38:00,LFMD,8.0,8.0,8.0,8.0,8.0,200.0
2024-03-01 12:38:00,LFST,7.849999904632568,7.849999904632568,7.849999904632568,7.829999923706055,7.849999904632568,21473.0
2024-03-01 12:38:00,LGND,78.87000274658203,78.87000274658203,79.08000183105469,78.87000274658203,79.08000183105469,277.0
2024-03-01 12:38:00,LMAT,67.41000366210938,67.41000366210938,67.41000366210938,67.41000366210938,67.41000366210938,319.0
2024-03-01 12:38:00,LNTH,65.375,65.375,65.41999816894531,65.375,65.41999816894531,855.0
2024-03-01 12:38:00,LQDA,14.40999984741211,14.40999984741211,14.40999984741211,14.404999732971191,14.40999984741211,1664.0
2024-03-01 12:38:00,LRMR,11.555000305175781,11.555000305175781,11.555000305175781,11.555000305175781,11.555000305175781,13067.0
2024-03-01 12:38:00,LUNG,9.40999984741211,9.40999984741211,9.40999984741211,9.40999984741211,9.40999984741211,608.0
2024-03-01 12:38:00,LVTX,3.009999990463257,3.009999990463257,3.015000104904175,3.009999990463257,3.015000104904175,1065.0
2024-03-01 12:38:00,LXRX,2.494999885559082,2.494999885559082,2.5,2.4800000190734863,2.493000030517578,11648.0
2024-03-01 12:38:00,LYRA,5.619999885559082,5.619999885559082,5.619999885559082,5.619999885559082,5.619999885559082,105.0
2024-03-01 12:38:00,MCRB,1.2000000476837158,1.2000000476837158,1.201300024986267,1.2000000476837158,1.2000000476837158,1500.0
2024-03-01 12:38:00,MDGL,249.0,249.0,249.02000427246094,249.0,249.02000427246094,1519.0
2024-03-01 12:38:00,MDRX,6.039999961853027,6.039999961853027,6.109000205993652,6.039999961853027,6.109000205993652,7240.0
2024-03-01 12:38:00,ME,0.5738000273704529,0.5738000273704529,0.5771999955177307,0.5738000273704529,0.5738000273704529,4336.0
2024-03-01 12:38:00,MEDP,402.760009765625,402.760009765625,402.760009765625,401.7799987792969,402.4800109863281,2927.0
2024-03-01 12:38:00,MGNX,18.860000610351562,18.860000610351562,18.8700008392334,18.860000610351562,18.8700008392334,665.0
2024-03-01 12:38:00,MIST,1.7450000047683716,1.7450000047683716,1.7596999406814575,1.7450000047683716,1.7596999406814575,4740.0
2024-03-01 12:38:00,MLTX,52.0099983215332,52.0099983215332,52.0099983215332,52.0099983215332,52.0099983215332,606.0
2024-03-01 12:38:00,MMSI,76.51000213623047,76.51000213623047,76.51000213623047,76.51000213623047,76.51000213623047,254.0
2024-03-01 12:38:00,MNKD,4.550000190734863,4.550000190734863,4.550000190734863,4.545000076293945,4.550000190734863,819.0
2024-03-01 12:38:00,MNMD,6.151000022888184,6.151000022888184,6.159999847412109,6.150000095367432,6.150000095367432,1752.0
2024-03-01 12:38:00,MODD,1.9299999475479126,1.9299999475479126,1.9500000476837158,1.9299999475479126,1.9500000476837158,200.0
2024-03-01 12:38:00,MODV,28.010000228881836,28.010000228881836,28.014999389648438,28.010000228881836,28.014999389648438,200.0
2024-03-01 12:38:00,MORF,39.40999984741211,39.40999984741211,39.40999984741211,39.40999984741211,39.40999984741211,188.0
2024-03-01 12:38:00,MREO,3.859999895095825,3.859999895095825,3.859999895095825,3.8550000190734863,3.8550000190734863,2002.0
2024-03-01 12:38:00,MRNA,96.87999725341797,96.87999725341797,96.87999725341797,96.76000213623047,96.79499816894531,4623.0
2024-03-01 12:38:00,MRNS,9.979999542236328,9.979999542236328,9.979999542236328,9.979999542236328,9.979999542236328,291.0
2024-03-01 12:38:00,MRSN,6.010000228881836,6.010000228881836,6.010000228881836,5.980000019073486,5.989999771118164,4897.0
2024-03-01 12:38:00,MRUS,51.95000076293945,51.95000076293945,52.0,51.939998626708984,51.970001220703125,3780.0
2024-03-01 12:38:00,MYGN,21.639999389648438,21.639999389648438,21.639999389648438,21.639999389648438,21.639999389648438,350.0
2024-03-01 12:38:00,NARI,45.68000030517578,45.68000030517578,45.77000045776367,45.68000030517578,45.77000045776367,2813.0
2024-03-01 12:38:00,NBIX,130.9550018310547,130.9550018310547,130.9600067138672,130.91000366210938,130.9600067138672,1793.0
2024-03-01 12:38:00,NEO,16.075000762939453,16.075000762939453,16.079999923706055,16.075000762939453,16.079999923706055,333.0
2024-03-01 12:38:00,NEOG,17.385000228881836,17.385000228881836,17.385000228881836,17.385000228881836,17.385000228881836,324.0
2024-03-01 12:38:00,NEXI,6.529200077056885,6.529200077056885,6.529200077056885,6.5,6.5,846.0
2024-03-01 12:38:00,NKTR,0.7900000214576721,0.7900000214576721,0.7900000214576721,0.7829999923706055,0.7829999923706055,2242.0
2024-03-01 12:38:00,NKTX,12.949999809265137,12.949999809265137,12.949999809265137,12.949999809265137,12.949999809265137,333.0
2024-03-01 12:38:00,NNOX,11.130000114440918,11.130000114440918,11.14009952545166,11.130000114440918,11.130000114440918,1653.0
2024-03-01 12:38:00,NRIX,13.6899995803833,13.6899995803833,13.6899995803833,13.59000015258789,13.59000015258789,4269.0
2024-03-01 12:38:00,NRSN,2.26990008354187,2.26990008354187,2.2699999809265137,2.2363998889923096,2.2363998889923096,12274.0
2024-03-01 12:38:00,NRXP,0.4099999964237213,0.4099999964237213,0.4131860136985779,0.4099999964237213,0.4131860136985779,1475.0
2024-03-01 12:38:00,NTLA,33.453800201416016,33.453800201416016,33.453800201416016,33.453800201416016,33.453800201416016,356.0
2024-03-01 12:38:00,NTRA,88.62999725341797,88.62999725341797,88.7300033569336,88.62999725341797,88.66000366210938,3624.0
2024-03-01 12:38:00,NVAX,5.130099773406982,5.130099773406982,5.135000228881836,5.130000114440918,5.130000114440918,7902.0
2024-03-01 12:38:00,NVCR,16.01020050048828,16.01020050048828,16.01020050048828,16.01020050048828,16.01020050048828,160.0
2024-03-01 12:38:00,NVOS,0.6338000297546387,0.6338000297546387,0.633899986743927,0.6295999884605408,0.633899986743927,9419.0
2024-03-01 12:38:00,NYXH,14.859999656677246,14.859999656677246,15.100000381469727,14.850000381469727,15.100000381469727,599.0
2024-03-01 12:38:00,OCGN,0.9399999976158142,0.9399999976158142,0.9399999976158142,0.9394000172615051,0.9394000172615051,3022.0
2024-03-01 12:38:00,OCUL,10.77400016784668,10.77400016784668,10.77400016784668,10.754400253295898,10.760000228881836,2829.0
2024-03-01 12:38:00,OCUP,2.484999895095825,2.484999895095825,2.484999895095825,2.4800000190734863,2.4800000190734863,473.0
2024-03-01 12:38:00,OLK,22.645000457763672,22.645000457763672,22.65999984741211,22.645000457763672,22.65999984741211,2214.0
2024-03-01 12:38:00,OLMA,14.515000343322754,14.515000343322754,14.520000457763672,14.470000267028809,14.479999542236328,5746.0
2024-03-01 12:38:00,OM,3.140000104904175,3.140000104904175,3.140000104904175,3.140000104904175,3.140000104904175,110.0
2024-03-01 12:38:00,OMGA,4.175000190734863,4.175000190734863,4.175000190734863,4.175000190734863,4.175000190734863,522.0
2024-03-01 12:39:00,ABCL,5.191199779510498,5.191199779510498,5.195000171661377,5.191199779510498,5.191800117492676,810.0
2024-03-01 12:39:00,ABEO,7.75,7.75,7.75,7.75,7.75,101.0
2024-03-01 12:39:00,ABSI,5.244999885559082,5.244999885559082,5.260000228881836,5.244999885559082,5.255000114440918,6591.0
2024-03-01 12:39:00,ACAD,24.270000457763672,24.270000457763672,24.270000457763672,24.229999542236328,24.247499465942383,14501.0
2024-03-01 12:39:00,ACET,2.375,2.375,2.380000114440918,2.369999885559082,2.375,1127.0
2024-03-01 12:39:00,ACHL,1.350100040435791,1.350100040435791,1.350100040435791,1.350100040435791,1.350100040435791,2148.0
2024-03-01 12:39:00,ACLX,67.25,67.25,67.30000305175781,67.2300033569336,67.27999877929688,1557.0
2024-03-01 12:39:00,ACON,0.39899998903274536,0.39899998903274536,0.39899998903274536,0.39899998903274536,0.39899998903274536,388.0
2024-03-01 12:39:00,ACRS,1.2300000190734863,1.2300000190734863,1.2400000095367432,1.2300000190734863,1.2400000095367432,520.0
2024-03-01 12:39:00,ADAP,1.5901000499725342,1.5901000499725342,1.600000023841858,1.590000033378601,1.600000023841858,16063.0
2024-03-01 12:39:00,ADIL,3.0899999141693115,3.0899999141693115,3.0999999046325684,3.069999933242798,3.069999933242798,16310.0
2024-03-01 12:39:00,ADMA,5.445000171661377,5.445000171661377,5.454999923706055,5.440000057220459,5.454999923706055,15900.0
2024-03-01 12:39:00,ADPT,4.204999923706055,4.204999923706055,4.204999923706055,4.204999923706055,4.204999923706055,667.0
2024-03-01 12:39:00,ADVM,1.9800000190734863,1.9800000190734863,1.9800000190734863,1.975000023841858,1.975000023841858,4315.0
2024-03-01 12:39:00,AGEN,0.6738749742507935,0.6738749742507935,0.6738749742507935,0.6738499999046326,0.6738749742507935,1100.0
2024-03-01 12:39:00,AGIO,32.90999984741211,32.90999984741211,32.90999984741211,32.875,32.875,1041.0
2024-03-01 12:39:00,AHCO,10.720000267028809,10.720000267028809,10.744999885559082,10.720000267028809,10.744999885559082,1146.0
2024-03-01 12:39:00,AKAN,0.24539999663829803,0.24539999663829803,0.24539999663829803,0.24120000004768372,0.24120000004768372,2294.0
2024-03-01 12:39:00,AKBA,1.684999942779541,1.684999942779541,1.690000057220459,1.680299997329712,1.690000057220459,3754.0
2024-03-01 12:39:00,AKLI,0.3398999869823456,0.3398999869823456,0.3398999869823456,0.3398999869823456,0.3398999869823456,122.0
2024-03-01 12:39:00,AKRO,30.079999923706055,30.079999923706055,30.079999923706055,30.07990074157715,30.07990074157715,1796.0
2024-03-01 12:39:00,AKYA,6.050000190734863,6.050000190734863,6.059999942779541,6.050000190734863,6.050000190734863,1080.0
2024-03-01 12:39:00,ALDX,4.139999866485596,4.139999866485596,4.140100002288818,4.139999866485596,4.140100002288818,1514.0
2024-03-01 12:39:00,ALEC,7.375,7.375,7.375,7.375,7.375,219.0
2024-03-01 12:39:00,ALHC,5.735000133514404,5.735000133514404,5.735000133514404,5.735000133514404,5.735000133514404,402.0
2024-03-01 12:39:00,ALKS,30.100000381469727,30.100000381469727,30.100000381469727,30.094999313354492,30.094999313354492,225.0
2024-03-01 12:39:00,ALLK,1.6100000143051147,1.6100000143051147,1.6100000143051147,1.6050000190734863,1.6050000190734863,666.0
2024-03-01 12:39:00,ALLO,5.045000076293945,5.045000076293945,5.045000076293945,5.039999961853027,5.045000076293945,746.0
2024-03-01 12:39:00,ALPN,35.68000030517578,35.68000030517578,35.72999954223633,35.68000030517578,35.72999954223633,1350.0
2024-03-01 12:39:00,ALT,12.150899887084961,12.150899887084961,12.15999984741211,12.099900245666504,12.099900245666504,17902.0
2024-03-01 12:39:00,ALVO,15.720000267028809,15.720000267028809,15.720000267028809,15.720000267028809,15.720000267028809,100.0
2024-03-01 12:39:00,ALVR,0.7512000203132629,0.7512000203132629,0.7512000203132629,0.7512000203132629,0.7512000203132629,100.0
2024-03-01 12:39:00,AMED,93.18000030517578,93.18000030517578,93.22000122070312,93.1500015258789,93.20349884033203,3482.0
2024-03-01 12:39:00,AMGN,281.32501220703125,281.32501220703125,281.5,281.32501220703125,281.4100036621094,10475.0
2024-03-01 12:39:00,AMLX,18.81999969482422,18.81999969482422,18.84000015258789,18.81999969482422,18.84000015258789,1125.0
2024-03-01 12:39:00,AMPH,45.3650016784668,45.3650016784668,45.3650016784668,45.3650016784668,45.3650016784668,398.0
2024-03-01 12:39:00,AMRN,1.0499999523162842,1.0499999523162842,1.0549999475479126,1.0499999523162842,1.0549999475479126,3506.0
2024-03-01 12:39:00,ANGO,5.505000114440918,5.505000114440918,5.505000114440918,5.5,5.5,3230.0
2024-03-01 12:39:00,ANNX,5.954500198364258,5.954500198364258,5.960000038146973,5.954500198364258,5.960000038146973,924.0
2024-03-01 12:39:00,APLS,64.95999908447266,64.95999908447266,65.01000213623047,64.94999694824219,64.94999694824219,6093.0
2024-03-01 12:39:00,APLT,7.125,7.125,7.125,7.079999923706055,7.079999923706055,3019.0
2024-03-01 12:39:00,AQST,4.318600177764893,4.318600177764893,4.320000171661377,4.310100078582764,4.310100078582764,1980.0
2024-03-01 12:39:00,ARAY,2.630000114440918,2.630000114440918,2.630000114440918,2.630000114440918,2.630000114440918,111.0
2024-03-01 12:39:00,ARCT,39.7400016784668,39.7400016784668,39.7400016784668,39.7400016784668,39.7400016784668,366.0
2024-03-01 12:39:00,ARDX,9.664999961853027,9.664999961853027,9.670000076293945,9.662500381469727,9.664999961853027,2028.0
2024-03-01 12:39:00,ARGX,391.260009765625,391.260009765625,391.3949890136719,391.260009765625,391.3949890136719,828.0
2024-03-01 12:39:00,ARQT,11.699999809265137,11.699999809265137,11.710000038146973,11.680000305175781,11.710000038146973,7426.0
2024-03-01 12:39:00,ARVN,49.290000915527344,49.290000915527344,49.290000915527344,49.290000915527344,49.290000915527344,202.0
2024-03-01 12:39:00,ASLN,0.7799999713897705,0.7799999713897705,0.7799999713897705,0.7799999713897705,0.7799999713897705,250.0
2024-03-01 12:39:00,ASND,150.53500366210938,150.53500366210938,150.5399932861328,150.53500366210938,150.5399932861328,216.0
2024-03-01 12:39:00,ASRT,0.9300000071525574,0.9300000071525574,0.9300000071525574,0.9289000034332275,0.9289000034332275,1200.0
2024-03-01 12:39:00,ATEC,13.569999694824219,13.569999694824219,13.619999885559082,13.569999694824219,13.619999885559082,5069.0
2024-03-01 12:39:00,ATHA,3.950000047683716,3.950000047683716,3.9549999237060547,3.950000047683716,3.9549999237060547,545.0
2024-03-01 12:39:00,ATRA,0.7851999998092651,0.7851999998092651,0.7851999998092651,0.7851999998092651,0.7851999998092651,487.0
2024-03-01 12:39:00,ATRC,36.06999969482422,36.06999969482422,36.084999084472656,36.06999969482422,36.084999084472656,663.0
2024-03-01 12:39:00,ATXS,14.970000267028809,14.970000267028809,14.970000267028809,14.970000267028809,14.970000267028809,180.0
2024-03-01 12:39:00,AUPH,5.861800193786621,5.861800193786621,5.861800193786621,5.861599922180176,5.861599922180176,561.0
2024-03-01 12:39:00,AUTL,6.360000133514404,6.360000133514404,6.360000133514404,6.360000133514404,6.360000133514404,318.0
2024-03-01 12:39:00,AVDL,12.949999809265137,12.949999809265137,12.949999809265137,12.9399995803833,12.944999694824219,5303.0
2024-03-01 12:39:00,AVRO,1.350000023841858,1.350000023841858,1.350000023841858,1.350000023841858,1.350000023841858,100.0
2024-03-01 12:39:00,AVXL,5.389999866485596,5.389999866485596,5.389999866485596,5.389999866485596,5.389999866485596,353.0
2024-03-01 12:39:00,AXNX,67.69999694824219,67.69999694824219,67.77999877929688,67.69999694824219,67.77999877929688,2929.0
2024-03-01 12:39:00,AXSM,82.6050033569336,82.6050033569336,82.6686019897461,82.5999984741211,82.5999984741211,793.0
2024-03-01 12:39:00,AZN,64.69419860839844,64.69419860839844,64.70500183105469,64.69419860839844,64.69999694824219,7753.0
2024-03-01 12:39:00,AZTA,66.7699966430664,66.7699966430664,66.8499984741211,66.7699966430664,66.8499984741211,1419.0
2024-03-01 12:39:00,BBLG,2.2899999618530273,2.2899999618530273,2.2950000762939453,2.2899999618530273,2.2899999618530273,783.0
2024-03-01 12:39:00,BCAB,2.740000009536743,2.740000009536743,2.740000009536743,2.740000009536743,2.740000009536743,112.0
2024-03-01 12:39:00,BCDA,0.5666999816894531,0.5666999816894531,0.5682669878005981,0.5666999816894531,0.5682669878005981,376.0
2024-03-01 12:39:00,BCRX,5.769999980926514,5.769999980926514,5.769999980926514,5.769999980926514,5.769999980926514,310.0
2024-03-01 12:39:00,BDSX,1.573799967765808,1.573799967765808,1.590000033378601,1.573799967765808,1.590000033378601,542.0
2024-03-01 12:39:00,BDTX,4.989999771118164,4.989999771118164,4.989999771118164,4.980000019073486,4.980000019073486,775.0
2024-03-01 12:39:00,BEAM,40.08140182495117,40.08140182495117,40.11000061035156,40.029998779296875,40.029998779296875,3879.0
2024-03-01 12:39:00,BIIB,221.10499572753906,221.10499572753906,221.2050018310547,221.10499572753906,221.16000366210938,3225.0
2024-03-01 12:39:00,BIOL,0.13899999856948853,0.13899999856948853,0.13899999856948853,0.1379999965429306,0.1379999965429306,15385.0
2024-03-01 12:39:00,BIOR,1.190000057220459,1.190000057220459,1.190000057220459,1.190000057220459,1.190000057220459,1495.0
2024-03-01 12:39:00,BIVI,1.8650000095367432,1.8650000095367432,1.8700000047683716,1.850000023841858,1.8535000085830688,43887.0
2024-03-01 12:39:00,BLRX,1.3980000019073486,1.3980000019073486,1.3980000019073486,1.3980000019073486,1.3980000019073486,240.0
2024-03-01 12:39:00,BLUE,1.5850000381469727,1.5850000381469727,1.589900016784668,1.5850000381469727,1.5850000381469727,11033.0
2024-03-01 12:39:00,BMEA,18.030000686645508,18.030000686645508,18.030000686645508,18.030000686645508,18.030000686645508,215.0
2024-03-01 12:39:00,BMRN,87.23999786376953,87.23999786376953,87.26000213623047,87.2300033569336,87.23999786376953,1799.0
2024-03-01 12:39:00,BNGO,1.2431000471115112,1.2431000471115112,1.2450000047683716,1.2431000471115112,1.2450000047683716,624.0
2024-03-01 12:39:00,BNTX,91.8499984741211,91.8499984741211,91.91000366210938,91.8499984741211,91.8833999633789,2282.0
2024-03-01 12:39:00,BRKR,88.27999877929688,88.27999877929688,88.29499816894531,88.27999877929688,88.29499816894531,658.0
2024-03-01 12:39:00,BTCY,0.9200000166893005,0.9200000166893005,0.9210000038146973,0.9200000166893005,0.9210000038146973,2204.0
2024-03-01 12:39:00,BTTX,0.17489999532699585,0.17489999532699585,0.17489999532699585,0.17409999668598175,0.17409999668598175,5779.0
2024-03-01 12:39:00,BVS,4.75,4.75,4.75,4.75,4.75,188.0
2024-03-01 12:39:00,BWAY,6.53000020980835,6.53000020980835,6.53000020980835,6.53000020980835,6.53000020980835,100.0
2024-03-01 12:39:00,CAPR,4.570099830627441,4.570099830627441,4.570099830627441,4.570099830627441,4.570099830627441,1030.0
2024-03-01 12:39:00,CBAY,32.2400016784668,32.2400016784668,32.2400016784668,32.23500061035156,32.2400016784668,814.0
2024-03-01 12:39:00,CCCC,10.941200256347656,10.941200256347656,10.949999809265137,10.941200256347656,10.949999809265137,646.0
2024-03-01 12:39:00,CCRN,18.239999771118164,18.239999771118164,18.25,18.239999771118164,18.25,1564.0
2024-03-01 12:39:00,CDMO,8.09000015258789,8.09000015258789,8.09000015258789,8.079999923706055,8.09000015258789,884.0
2024-03-01 12:39:00,CDNA,12.319999694824219,12.319999694824219,12.319999694824219,12.289999961853027,12.289999961853027,2203.0
2024-03-01 12:39:00,CDXS,4.465000152587891,4.465000152587891,4.46999979019165,4.465000152587891,4.46999979019165,480.0
2024-03-01 12:39:00,CERE,41.09000015258789,41.09000015258789,41.099998474121094,41.09000015258789,41.095001220703125,2345.0
2024-03-01 12:39:00,CERS,2.2100000381469727,2.2100000381469727,2.2100000381469727,2.2100000381469727,2.2100000381469727,884.0
2024-03-01 12:39:00,CERT,17.709999084472656,17.709999084472656,17.709999084472656,17.700000762939453,17.700000762939453,925.0
2024-03-01 12:39:00,CGC,3.253999948501587,3.253999948501587,3.255000114440918,3.253999948501587,3.255000114440918,496.0
2024-03-01 12:39:00,CGEM,18.989999771118164,18.989999771118164,18.989999771118164,18.989999771118164,18.989999771118164,215.0
2024-03-01 12:39:00,CHRS,2.369999885559082,2.369999885559082,2.375,2.369999885559082,2.375,10459.0
2024-03-01 12:39:00,CLDX,50.880001068115234,50.880001068115234,50.939998626708984,50.70500183105469,50.70500183105469,10840.0
2024-03-01 12:39:00,CLNN,0.38420000672340393,0.38420000672340393,0.38499999046325684,0.3801000118255615,0.382999986410141,28032.0
2024-03-01 12:39:00,CLOV,0.8627499938011169,0.8627499938011169,0.8628000020980835,0.8626000285148621,0.8626999855041504,15374.0
2024-03-01 12:39:00,CMPS,11.449999809265137,11.449999809265137,11.449999809265137,11.430000305175781,11.430000305175781,509.0
2024-03-01 12:39:00,CMPX,1.850000023841858,1.850000023841858,1.850000023841858,1.850000023841858,1.850000023841858,220.0
2024-03-01 12:39:00,CNSP,0.3199999928474426,0.3199999928474426,0.3199999928474426,0.3199999928474426,0.3199999928474426,1000.0
2024-03-01 12:39:00,COGT,7.190000057220459,7.190000057220459,7.190000057220459,7.190000057220459,7.190000057220459,2272.0
2024-03-01 12:39:00,COLL,37.0,37.0,37.03089904785156,37.0,37.02000045776367,5659.0
2024-03-01 12:39:00,CORT,24.200000762939453,24.200000762939453,24.209999084472656,24.200000762939453,24.209999084472656,3648.0
2024-03-01 12:39:00,CPRX,17.079999923706055,17.079999923706055,17.079999923706055,17.040000915527344,17.05500030517578,9510.0
2024-03-01 12:39:00,CPSI,9.46500015258789,9.46500015258789,9.46500015258789,9.46500015258789,9.46500015258789,173.0
2024-03-01 12:39:00,CRBU,7.929999828338623,7.929999828338623,7.965000152587891,7.929999828338623,7.965000152587891,10405.0
2024-03-01 12:39:00,CRDF,2.3004000186920166,2.3004000186920166,2.325000047683716,2.300299882888794,2.319999933242798,11994.0
2024-03-01 12:39:00,CRMD,3.7049999237060547,3.7049999237060547,3.7049999237060547,3.7049999237060547,3.7049999237060547,170.0
2024-03-01 12:39:00,CRNX,46.540000915527344,46.540000915527344,46.56999969482422,46.540000915527344,46.56999969482422,476.0
2024-03-01 12:39:00,CRON,2.059999942779541,2.059999942779541,2.059999942779541,2.059999942779541,2.059999942779541,154.0
2024-03-01 12:39:00,CRSP,85.77999877929688,85.77999877929688,85.77999877929688,85.66000366210938,85.68800354003906,5463.0
2024-03-01 12:39:00,CSTL,20.399999618530273,20.399999618530273,20.399999618530273,20.389999389648438,20.389999389648438,399.0
2024-03-01 12:39:00,CTKB,8.710000038146973,8.710000038146973,8.739999771118164,8.710000038146973,8.739999771118164,4900.0
2024-03-01 12:39:00,CTMX,2.690000057220459,2.690000057220459,2.690000057220459,2.6810998916625977,2.690000057220459,2154.0
2024-03-01 12:39:00,CUTR,2.430000066757202,2.430000066757202,2.430000066757202,2.430000066757202,2.430000066757202,200.0
2024-03-01 12:39:00,CVAC,3.505000114440918,3.505000114440918,3.505000114440918,3.505000114440918,3.505000114440918,807.0
2024-03-01 12:39:00,CVRX,20.459999084472656,20.459999084472656,20.459999084472656,20.459999084472656,20.459999084472656,206.0
2024-03-01 12:39:00,CYTK,73.2750015258789,73.2750015258789,73.27999877929688,73.23999786376953,73.23999786376953,924.0
2024-03-01 12:39:00,CYTO,2.3833999633789062,2.3833999633789062,2.3833999633789062,2.3833999633789062,2.3833999633789062,170.0
2024-03-01 12:39:00,DARE,0.5521000027656555,0.5521000027656555,0.5521000027656555,0.5521000027656555,0.5521000027656555,201.0
2024-03-01 12:39:00,DAWN,17.5049991607666,17.5049991607666,17.5049991607666,17.5,17.5,670.0
2024-03-01 12:39:00,DCGO,4.112500190734863,4.112500190734863,4.114999771118164,4.110000133514404,4.110000133514404,2014.0
2024-03-01 12:39:00,DH,8.84000015258789,8.84000015258789,8.850000381469727,8.84000015258789,8.850000381469727,895.0
2024-03-01 12:39:00,DMTK,0.8899000287055969,0.8899000287055969,0.8899000287055969,0.870199978351593,0.8799999952316284,1330.0
2024-03-01 12:39:00,DNLI,20.875,20.875,20.889999389648438,20.860000610351562,20.889999389648438,1054.0
2024-03-01 12:39:00,DTIL,12.20009994506836,12.20009994506836,12.25,12.199999809265137,12.25,9421.0
2024-03-01 12:39:00,DVAX,12.888500213623047,12.888500213623047,12.888500213623047,12.888500213623047,12.888500213623047,798.0
2024-03-01 12:39:00,DXCM,121.4749984741211,121.4749984741211,121.4749984741211,121.36000061035156,121.43000030517578,5233.0
2024-03-01 12:39:00,DYN,28.668800354003906,28.668800354003906,28.668800354003906,28.549999237060547,28.549999237060547,3275.0
2024-03-01 12:39:00,EDIT,10.850000381469727,10.850000381469727,10.850000381469727,10.845000267028809,10.845000267028809,533.0
2024-03-01 12:39:00,EIGR,6.299900054931641,6.299900054931641,6.300000190734863,6.299900054931641,6.300000190734863,348.0
2024-03-01 12:39:00,ELEV,4.820000171661377,4.820000171661377,4.820000171661377,4.800000190734863,4.800000190734863,559.0
2024-03-01 12:39:00,ENTA,15.390000343322754,15.390000343322754,15.40999984741211,15.369999885559082,15.40999984741211,1052.0
2024-03-01 12:39:00,ENVB,1.5700000524520874,1.5700000524520874,1.5700000524520874,1.5693000555038452,1.5700000524520874,2527.0
2024-03-01 12:39:00,EOLS,14.699999809265137,14.699999809265137,14.699999809265137,14.699999809265137,14.699999809265137,190.0
2024-03-01 12:39:00,ERAS,2.5299999713897705,2.5299999713897705,2.5299999713897705,2.528599977493286,2.5290000438690186,3016.0
2024-03-01 12:39:00,ESPR,2.5199999809265137,2.5199999809265137,2.5199999809265137,2.515000104904175,2.5199999809265137,14560.0
2024-03-01 12:39:00,ETNB,13.199999809265137,13.199999809265137,13.199999809265137,13.149999618530273,13.149999618530273,8587.0
2024-03-01 12:39:00,EXAS,60.27000045776367,60.27000045776367,60.304298400878906,60.27000045776367,60.290000915527344,1395.0
2024-03-01 12:39:00,EXEL,22.479999542236328,22.479999542236328,22.485000610351562,22.46500015258789,22.46500015258789,10765.0
2024-03-01 12:39:00,EYEN,2.3949999809265137,2.3949999809265137,2.4000000953674316,2.3901000022888184,2.4000000953674316,23204.0
2024-03-01 12:39:00,EYPT,27.978500366210938,27.978500366210938,27.978500366210938,27.978500366210938,27.978500366210938,404.0
2024-03-01 12:39:00,FATE,7.574999809265137,7.574999809265137,7.585000038146973,7.565000057220459,7.565000057220459,1884.0
2024-03-01 12:39:00,FDMT,29.329999923706055,29.329999923706055,29.329999923706055,29.2549991607666,29.2549991607666,3702.0
2024-03-01 12:39:00,FGEN,1.8600000143051147,1.8600000143051147,1.8600000143051147,1.8600000143051147,1.8600000143051147,1633.0
2024-03-01 12:39:00,FLGT,23.420000076293945,23.420000076293945,23.420000076293945,23.389999389648438,23.389999389648438,212.0
2024-03-01 12:39:00,FNCH,2.680000066757202,2.680000066757202,2.690000057220459,2.680000066757202,2.690000057220459,320.0
2024-03-01 12:39:00,FOLD,13.354999542236328,13.354999542236328,13.354999542236328,13.350000381469727,13.350000381469727,365.0
2024-03-01 12:39:00,FONR,22.450000762939453,22.450000762939453,22.489999771118164,22.260000228881836,22.276100158691406,1634.0
2024-03-01 12:39:00,FULC,10.890000343322754,10.890000343322754,10.890000343322754,10.890000343322754,10.890000343322754,193.0
2024-03-01 12:39:00,FUSN,12.28499984741211,12.28499984741211,12.289999961853027,12.28499984741211,12.289999961853027,683.0
2024-03-01 12:39:00,FWBI,8.520000457763672,8.520000457763672,8.520000457763672,8.520000457763672,8.520000457763672,966.0
2024-03-01 12:39:00,GDRX,8.269800186157227,8.269800186157227,8.270000457763672,8.25,8.25,6296.0
2024-03-01 12:39:00,GERN,2.2100000381469727,2.2100000381469727,2.2100000381469727,2.2100000381469727,2.2100000381469727,1890.0
2024-03-01 12:39:00,GH,19.1200008392334,19.1200008392334,19.1299991607666,19.1200008392334,19.1299991607666,3308.0
2024-03-01 12:39:00,GILD,72.33499908447266,72.33499908447266,72.35749816894531,72.33499908447266,72.34500122070312,7025.0
2024-03-01 12:39:00,GLMD,0.38999998569488525,0.38999998569488525,0.38999998569488525,0.38999998569488525,0.38999998569488525,406.0
2024-03-01 12:39:00,GLPG,35.255001068115234,35.255001068115234,35.255001068115234,35.255001068115234,35.255001068115234,574.0
2024-03-01 12:39:00,GLSI,12.654999732971191,12.654999732971191,12.654999732971191,12.654999732971191,12.654999732971191,123.0
2024-03-01 12:39:00,GLYC,3.0399999618530273,3.0399999618530273,3.0399999618530273,3.0399999618530273,3.0399999618530273,185.0
2024-03-01 12:39:00,GMAB,29.329999923706055,29.329999923706055,29.329999923706055,29.320100784301758,29.329999923706055,994.0
2024-03-01 12:39:00,GMDA,0.38100001215934753,0.38100001215934753,0.382999986410141,0.38100001215934753,0.382999986410141,17324.0
2024-03-01 12:39:00,GOSS,1.3650000095367432,1.3650000095367432,1.3650000095367432,1.3600000143051147,1.3600000143051147,604.0
2024-03-01 12:39:00,GRFS,7.074999809265137,7.074999809265137,7.074999809265137,7.070000171661377,7.074999809265137,961.0
2024-03-01 12:39:00,GRPH,3.494999885559082,3.494999885559082,3.494999885559082,3.494999885559082,3.494999885559082,115.0
2024-03-01 12:39:00,GRTS,2.1500000953674316,2.1500000953674316,2.1610000133514404,2.1500000953674316,2.1600000858306885,24990.0
2024-03-01 12:39:00,GTHX,3.6649999618530273,3.6649999618530273,3.6649999618530273,3.6649999618530273,3.6649999618530273,184.0
2024-03-01 12:39:00,HALO,41.630001068115234,41.630001068115234,41.71799850463867,41.630001068115234,41.69499969482422,3337.0
2024-03-01 12:39:00,HARP,22.940000534057617,22.940000534057617,22.940000534057617,22.940000534057617,22.940000534057617,245.0
2024-03-01 12:39:00,HCAT,7.980000019073486,7.980000019073486,7.989999771118164,7.980000019073486,7.980000019073486,2395.0
2024-03-01 12:39:00,HCSG,12.65999984741211,12.65999984741211,12.670000076293945,12.65999984741211,12.670000076293945,567.0
2024-03-01 12:39:00,HCTI,2.4872000217437744,2.4872000217437744,2.4872000217437744,2.4200000762939453,2.4368999004364014,1517.0
2024-03-01 12:39:00,HOLX,73.76000213623047,73.76000213623047,73.76000213623047,73.70999908447266,73.71499633789062,3346.0
2024-03-01 12:39:00,HOOK,0.7799999713897705,0.7799999713897705,0.7799999713897705,0.7799999713897705,0.7799999713897705,581.0
2024-03-01 12:39:00,HOWL,7.03000020980835,7.03000020980835,7.03000020980835,7.03000020980835,7.03000020980835,121.0
2024-03-01 12:39:00,HQY,81.80000305175781,81.80000305175781,81.80000305175781,81.80000305175781,81.80000305175781,453.0
2024-03-01 12:39:00,HROW,10.859999656677246,10.859999656677246,10.859999656677246,10.859999656677246,10.859999656677246,104.0
2024-03-01 12:39:00,HRTX,2.609999895095825,2.609999895095825,2.609999895095825,2.6050000190734863,2.6050000190734863,512.0
2024-03-01 12:39:00,HSIC,76.93000030517578,76.93000030517578,76.93000030517578,76.93000030517578,76.93000030517578,816.0
2024-03-01 12:39:00,HUMA,3.4700000286102295,3.4700000286102295,3.4700000286102295,3.4649999141693115,3.4649999141693115,1726.0
2024-03-01 12:39:00,IART,36.45000076293945,36.45000076293945,36.459999084472656,36.45000076293945,36.459999084472656,916.0
2024-03-01 12:39:00,IBRX,4.835000038146973,4.835000038146973,4.839799880981445,4.829999923706055,4.838600158691406,1761.0
2024-03-01 12:39:00,ICLR,322.94000244140625,322.94000244140625,322.94000244140625,322.7200012207031,322.7200012207031,2990.0
2024-03-01 12:39:00,ICUI,105.05500030517578,105.05500030517578,105.05500030517578,104.9800033569336,105.0,2485.0
2024-03-01 12:39:00,IDYA,46.34000015258789,46.34000015258789,46.34000015258789,46.34000015258789,46.34000015258789,348.0
2024-03-01 12:39:00,IKT,2.1500000953674316,2.1500000953674316,2.1500000953674316,2.1500000953674316,2.1500000953674316,277.0
2024-03-01 12:39:00,ILMN,142.1199951171875,142.1199951171875,142.22000122070312,142.1199951171875,142.22000122070312,1490.0
2024-03-01 12:39:00,IMCR,68.12000274658203,68.12000274658203,68.12000274658203,68.0199966430664,68.0199966430664,672.0
2024-03-01 12:39:00,IMMX,3.5399999618530273,3.5399999618530273,3.5399999618530273,3.5399999618530273,3.5399999618530273,100.0
2024-03-01 12:39:00,IMNM,26.18000030517578,26.18000030517578,26.200000762939453,26.139999389648438,26.139999389648438,1661.0
2024-03-01 12:39:00,IMRX,6.210000038146973,6.210000038146973,6.210000038146973,6.210000038146973,6.210000038146973,150.0
2024-03-01 12:39:00,IMTX,12.899999618530273,12.899999618530273,12.899999618530273,12.899999618530273,12.899999618530273,2876.0
2024-03-01 12:39:00,IMUX,1.4850000143051147,1.4850000143051147,1.4850000143051147,1.4850000143051147,1.4850000143051147,475.0
2024-03-01 12:39:00,IMVT,36.34000015258789,36.34000015258789,36.349998474121094,36.34000015258789,36.34000015258789,1412.0
2024-03-01 12:39:00,INCY,59.18000030517578,59.18000030517578,59.18000030517578,59.1510009765625,59.1510009765625,1193.0
2024-03-01 12:39:00,INGN,6.869999885559082,6.869999885559082,6.869999885559082,6.869999885559082,6.869999885559082,811.0
2024-03-01 12:39:00,INMD,22.950000762939453,22.950000762939453,22.954999923706055,22.950000762939453,22.954999923706055,654.0
2024-03-01 12:39:00,INO,9.39009952545166,9.39009952545166,9.390999794006348,9.390000343322754,9.390999794006348,827.0
2024-03-01 12:39:00,INSM,28.600000381469727,28.600000381469727,28.610000610351562,28.56999969482422,28.56999969482422,2282.0
2024-03-01 12:39:00,INVA,15.600000381469727,15.600000381469727,15.604999542236328,15.600000381469727,15.600000381469727,2909.0
2024-03-01 12:39:00,INZY,6.71750020980835,6.71750020980835,6.71750020980835,6.71750020980835,6.71750020980835,295.0
2024-03-01 12:39:00,IOBT,1.8100999593734741,1.8100999593734741,1.8100999593734741,1.8100999593734741,1.8100999593734741,1294.0
2024-03-01 12:39:00,IONS,45.834999084472656,45.834999084472656,45.834999084472656,45.834999084472656,45.834999084472656,118.0
2024-03-01 12:39:00,IOVA,16.735000610351562,16.735000610351562,16.774999618530273,16.719999313354492,16.7549991607666,14420.0
2024-03-01 12:39:00,IRTC,121.2300033569336,121.2300033569336,121.2300033569336,121.2300033569336,121.2300033569336,149.0
2024-03-01 12:39:00,IRWD,9.119999885559082,9.119999885559082,9.125,9.119999885559082,9.125,994.0
2024-03-01 12:39:00,ISRG,394.2799987792969,394.2799987792969,394.29998779296875,394.2799987792969,394.29998779296875,509.0
2024-03-01 12:39:00,ITRM,1.2400000095367432,1.2400000095367432,1.2400000095367432,1.2400000095367432,1.2400000095367432,409.0
2024-03-01 12:39:00,IVVD,4.0,4.0,4.0,4.0,4.0,209.0
2024-03-01 12:39:00,JAGX,0.07339999824762344,0.07339999824762344,0.07349999994039536,0.07329999655485153,0.07329999655485153,16611.0
2024-03-01 12:39:00,JANX,47.025001525878906,47.025001525878906,47.025001525878906,47.025001525878906,47.025001525878906,580.0
2024-03-01 12:39:00,JAZZ,119.43000030517578,119.43000030517578,119.43000030517578,119.43000030517578,119.43000030517578,717.0
2024-03-01 12:39:00,JSPR,20.950000762939453,20.950000762939453,20.950000762939453,20.950000762939453,20.950000762939453,120.0
2024-03-01 12:39:00,KNSA,21.759899139404297,21.759899139404297,21.759899139404297,21.759899139404297,21.759899139404297,308.0
2024-03-01 12:39:00,KNTE,2.6050000190734863,2.6050000190734863,2.6050000190734863,2.6050000190734863,2.6050000190734863,200.0
2024-03-01 12:39:00,KPTI,1.190600037574768,1.190600037574768,1.1950000524520874,1.190600037574768,1.1950000524520874,605.0
2024-03-01 12:39:00,KROS,70.08999633789062,70.08999633789062,70.08999633789062,70.08999633789062,70.08999633789062,127.0
2024-03-01 12:39:00,KRYS,169.14999389648438,169.14999389648438,169.14999389648438,169.14999389648438,169.14999389648438,1247.0
2024-03-01 12:39:00,KTRA,0.0966000035405159,0.0966000035405159,0.0966000035405159,0.0966000035405159,0.0966000035405159,12507.0
2024-03-01 12:39:00,KURA,21.110000610351562,21.110000610351562,21.139999389648438,21.110000610351562,21.139999389648438,425.0
2024-03-01 12:39:00,KYMR,44.095001220703125,44.095001220703125,44.095001220703125,44.095001220703125,44.095001220703125,141.0
2024-03-01 12:39:00,KZR,1.0750000476837158,1.0750000476837158,1.0750000476837158,1.0750000476837158,1.0750000476837158,200.0
2024-03-01 12:39:00,LAB,2.505000114440918,2.505000114440918,2.505000114440918,2.505000114440918,2.505000114440918,707.0
2024-03-01 12:39:00,LBPH,22.219900131225586,22.219900131225586,22.260000228881836,22.19499969482422,22.219999313354492,2368.0
2024-03-01 12:39:00,LEGN,65.93000030517578,65.93000030517578,65.9800033569336,65.93000030517578,65.94000244140625,1433.0
2024-03-01 12:39:00,LEXX,2.8334999084472656,2.8334999084472656,2.8334999084472656,2.8334999084472656,2.8334999084472656,150.0
2024-03-01 12:39:00,LFMD,8.0,8.0,8.0,7.989999771118164,7.989999771118164,449.0
2024-03-01 12:39:00,LFST,7.829999923706055,7.829999923706055,7.840000152587891,7.829999923706055,7.840000152587891,2536.0
2024-03-01 12:39:00,LIFE,1.9299999475479126,1.9299999475479126,1.9299999475479126,1.9299999475479126,1.9299999475479126,265.0
2024-03-01 12:39:00,LNTH,65.375,65.375,65.4000015258789,65.375,65.4000015258789,1161.0
2024-03-01 12:39:00,LPCN,3.996799945831299,3.996799945831299,3.996799945831299,3.996799945831299,3.996799945831299,2065.0
2024-03-01 12:39:00,LPTX,2.9400999546051025,2.9400999546051025,2.9400999546051025,2.9400999546051025,2.9400999546051025,600.0
2024-03-01 12:39:00,LRMR,11.539999961853027,11.539999961853027,11.550000190734863,11.539999961853027,11.550000190734863,5304.0
2024-03-01 12:39:00,LUNG,9.34000015258789,9.34000015258789,9.390000343322754,9.34000015258789,9.390000343322754,2787.0
2024-03-01 12:39:00,LVTX,3.026400089263916,3.026400089263916,3.0299999713897705,3.026400089263916,3.0299999713897705,467.0
2024-03-01 12:39:00,LXRX,2.5,2.5,2.5,2.5,2.5,347.0
2024-03-01 12:39:00,LYEL,3.1449999809265137,3.1449999809265137,3.1500000953674316,3.140000104904175,3.140000104904175,3494.0
2024-03-01 12:39:00,LYRA,5.599999904632568,5.599999904632568,5.610000133514404,5.599999904632568,5.610000133514404,219.0
2024-03-01 12:39:00,MCRB,1.2050000429153442,1.2050000429153442,1.2050000429153442,1.2000000476837158,1.2000000476837158,560.0
2024-03-01 12:39:00,MDRX,6.110000133514404,6.110000133514404,6.110000133514404,6.039999961853027,6.110000133514404,11253.0
2024-03-01 12:39:00,MDXG,8.680000305175781,8.680000305175781,8.680000305175781,8.670000076293945,8.670000076293945,2201.0
2024-03-01 12:39:00,ME,0.5703999996185303,0.5703999996185303,0.5771999955177307,0.5703999996185303,0.5771999955177307,3286.0
2024-03-01 12:39:00,MEDP,402.739990234375,402.739990234375,402.739990234375,402.739990234375,402.739990234375,762.0
2024-03-01 12:39:00,MGNX,18.860000610351562,18.860000610351562,18.860000610351562,18.860000610351562,18.860000610351562,613.0
2024-03-01 12:39:00,MIRM,29.969999313354492,29.969999313354492,29.979999542236328,29.969999313354492,29.979999542236328,363.0
2024-03-01 12:39:00,MMSI,76.48999786376953,76.48999786376953,76.48999786376953,76.48999786376953,76.48999786376953,1806.0
2024-03-01 12:39:00,MNKD,4.539999961853027,4.539999961853027,4.554999828338623,4.539999961853027,4.550000190734863,33273.0
2024-03-01 12:39:00,MNMD,6.159999847412109,6.159999847412109,6.169899940490723,6.156300067901611,6.156300067901611,2677.0
2024-03-01 12:39:00,MNOV,1.3701000213623047,1.3701000213623047,1.3701000213623047,1.3701000213623047,1.3701000213623047,709.0
2024-03-01 12:39:00,MNPR,0.8281000256538391,0.8281000256538391,0.8281499743461609,0.8281000256538391,0.8281499743461609,794.0
2024-03-01 12:39:00,MODD,1.9299999475479126,1.9299999475479126,1.9299999475479126,1.9299999475479126,1.9299999475479126,200.0
2024-03-01 12:39:00,MODV,28.010000228881836,28.010000228881836,28.010000228881836,28.0,28.010000228881836,1106.0
2024-03-01 12:39:00,MOTS,0.6800000071525574,0.6800000071525574,0.6800000071525574,0.6800000071525574,0.6800000071525574,217.0
2024-03-01 12:39:00,MRNA,96.71499633789062,96.71499633789062,96.87000274658203,96.6500015258789,96.83999633789062,6709.0
2024-03-01 12:39:00,MRSN,6.050000190734863,6.050000190734863,6.050000190734863,6.019999980926514,6.019999980926514,2863.0
2024-03-01 12:39:00,MRUS,51.939998626708984,51.939998626708984,52.0099983215332,51.939998626708984,51.96500015258789,2633.0
2024-03-01 12:39:00,MRVI,7.84499979019165,7.84499979019165,7.84499979019165,7.84499979019165,7.84499979019165,172.0
2024-03-01 12:39:00,MXCT,4.764999866485596,4.764999866485596,4.769999980926514,4.764999866485596,4.769999980926514,462.0
2024-03-01 12:39:00,MYGN,21.639999389648438,21.639999389648438,21.639999389648438,21.639999389648438,21.639999389648438,528.0
2024-03-01 12:39:00,NARI,45.599998474121094,45.599998474121094,45.67499923706055,45.599998474121094,45.67499923706055,2019.0
2024-03-01 12:39:00,NAUT,2.6700000762939453,2.6700000762939453,2.6700000762939453,2.6700000762939453,2.6700000762939453,226.0
2024-03-01 12:39:00,NBIX,130.9600067138672,130.9600067138672,130.9600067138672,130.9550018310547,130.9550018310547,542.0
2024-03-01 12:39:00,NEO,16.049999237060547,16.049999237060547,16.079999923706055,16.049999237060547,16.079999923706055,2703.0
2024-03-01 12:39:00,NEOG,17.3799991607666,17.3799991607666,17.385000228881836,17.3799991607666,17.385000228881836,1212.0
2024-03-01 12:39:00,NGM,1.534999966621399,1.534999966621399,1.534999966621399,1.534999966621399,1.534999966621399,300.0
2024-03-01 12:39:00,NKTX,12.944600105285645,12.944600105285645,12.944600105285645,12.930000305175781,12.930000305175781,645.0
2024-03-01 12:39:00,NNOX,11.110199928283691,11.110199928283691,11.119999885559082,11.110199928283691,11.119999885559082,496.0
2024-03-01 12:39:00,NOTV,8.09000015258789,8.09000015258789,8.119999885559082,8.09000015258789,8.119999885559082,3316.0
2024-03-01 12:39:00,NPCE,16.739999771118164,16.739999771118164,16.760000228881836,16.549999237060547,16.549999237060547,3555.0
2024-03-01 12:39:00,NRIX,13.670000076293945,13.670000076293945,13.670000076293945,13.664999961853027,13.664999961853027,428.0
2024-03-01 12:39:00,NRSN,2.260999917984009,2.260999917984009,2.268199920654297,2.255000114440918,2.268199920654297,5966.0
2024-03-01 12:39:00,NTLA,33.5,33.5,33.5,33.456199645996094,33.47999954223633,1786.0
2024-03-01 12:39:00,NTRA,88.6050033569336,88.6050033569336,88.73999786376953,88.6050033569336,88.68499755859375,7456.0
2024-03-01 12:39:00,NUVL,88.62049865722656,88.62049865722656,88.70999908447266,88.62049865722656,88.70999908447266,1008.0
2024-03-01 12:39:00,NVAX,5.130000114440918,5.130000114440918,5.139999866485596,5.130000114440918,5.139999866485596,913.0
2024-03-01 12:39:00,NVCR,15.989999771118164,15.989999771118164,16.0,15.989999771118164,16.0,1418.0
2024-03-01 12:39:00,NVOS,0.6343989968299866,0.6343989968299866,0.6345000267028809,0.633899986743927,0.6345000267028809,5275.0
2024-03-01 12:39:00,NXTC,1.725000023841858,1.725000023841858,1.725000023841858,1.725000023841858,1.725000023841858,201.0
2024-03-01 12:39:00,NYXH,14.880000114440918,14.880000114440918,14.880000114440918,14.880000114440918,14.880000114440918,275.0
2024-03-01 12:39:00,OCGN,0.9398999810218811,0.9398999810218811,0.9398999810218811,0.9362999796867371,0.9362999796867371,1126.0
2024-03-01 12:39:00,OCUL,10.795000076293945,10.795000076293945,10.8149995803833,10.774999618530273,10.774999618530273,10127.0
2024-03-01 12:39:00,OFIX,12.850000381469727,12.850000381469727,12.880000114440918,12.850000381469727,12.880000114440918,2395.0
2024-03-01 12:39:00,OGI,2.177799940109253,2.177799940109253,2.177799940109253,2.177799940109253,2.177799940109253,154.0
2024-03-01 12:39:00,OLMA,14.422800064086914,14.422800064086914,14.510000228881836,14.34000015258789,14.510000228881836,59095.0
2024-03-01 12:39:00,OM,3.1500000953674316,3.1500000953674316,3.1500000953674316,3.1500000953674316,3.1500000953674316,107.0
2024-03-01 12:39:00,OMCL,26.440000534057617,26.440000534057617,26.479999542236328,26.440000534057617,26.479999542236328,1242.0
2024-03-01 12:39:00,ONTX,0.8101999759674072,0.8101999759674072,0.8101999759674072,0.8101999759674072,0.8101999759674072,2000.0
2024-03-01 12:40:00,ABEO,7.739999771118164,7.739999771118164,7.739999771118164,7.739999771118164,7.739999771118164,3266.0
2024-03-01 12:40:00,ABSI,5.244999885559082,5.244999885559082,5.244999885559082,5.244999885559082,5.244999885559082,780.0
2024-03-01 12:40:00,ABUS,2.7799999713897705,2.7799999713897705,2.7799999713897705,2.7799999713897705,2.7799999713897705,106.0
2024-03-01 12:40:00,ACAD,24.239999771118164,24.239999771118164,24.270000457763672,24.239999771118164,24.270000457763672,1334.0
2024-03-01 12:40:00,ACB,3.180000066757202,3.180000066757202,3.184999942779541,3.180000066757202,3.184999942779541,1933.0
2024-03-01 12:40:00,ACCD,10.1899995803833,10.1899995803833,10.1899995803833,10.1899995803833,10.1899995803833,284.0
2024-03-01 12:40:00,ACET,2.384999990463257,2.384999990463257,2.384999990463257,2.369999885559082,2.375,4326.0
2024-03-01 12:40:00,ACHC,84.22000122070312,84.22000122070312,84.24500274658203,84.22000122070312,84.22000122070312,914.0
2024-03-01 12:40:00,ACRS,1.2303999662399292,1.2303999662399292,1.2400000095367432,1.2300000190734863,1.2300000190734863,676.0
2024-03-01 12:40:00,ADIL,3.049999952316284,3.049999952316284,3.0899999141693115,3.0299999713897705,3.0899999141693115,43596.0
2024-03-01 12:40:00,ADMA,5.447299957275391,5.447299957275391,5.447299957275391,5.447299957275391,5.447299957275391,1633.0
2024-03-01 12:40:00,ADPT,4.204999923706055,4.204999923706055,4.204999923706055,4.199999809265137,4.204999923706055,838.0
2024-03-01 12:40:00,ADUS,93.62000274658203,93.62000274658203,93.70999908447266,93.61000061035156,93.61000061035156,1278.0
2024-03-01 12:40:00,ADVM,1.975000023841858,1.975000023841858,1.975000023841858,1.975000023841858,1.975000023841858,700.0
2024-03-01 12:40:00,AFMD,0.6349999904632568,0.6349999904632568,0.6349999904632568,0.6349999904632568,0.6349999904632568,100.0
2024-03-01 12:40:00,AGEN,0.6738749742507935,0.6738749742507935,0.6739000082015991,0.673799991607666,0.6738749742507935,2838.0
2024-03-01 12:40:00,AGIO,32.900001525878906,32.900001525878906,32.900001525878906,32.900001525878906,32.900001525878906,491.0
2024-03-01 12:40:00,AHCO,10.694999694824219,10.694999694824219,10.720100402832031,10.6899995803833,10.720000267028809,9315.0
2024-03-01 12:40:00,AIMD,0.945900022983551,0.945900022983551,0.945900022983551,0.945900022983551,0.945900022983551,647.0
2024-03-01 12:40:00,AIRS,6.539999961853027,6.539999961853027,6.539999961853027,6.539999961853027,6.539999961853027,200.0
2024-03-01 12:40:00,AKBA,1.690000057220459,1.690000057220459,1.690000057220459,1.684999942779541,1.690000057220459,385.0
2024-03-01 12:40:00,AKLI,0.3400000035762787,0.3400000035762787,0.3400000035762787,0.3400000035762787,0.3400000035762787,800.0
2024-03-01 12:40:00,ALDX,4.139999866485596,4.139999866485596,4.139999866485596,4.139999866485596,4.139999866485596,642.0
2024-03-01 12:40:00,ALHC,5.735000133514404,5.735000133514404,5.735000133514404,5.735000133514404,5.735000133514404,895.0
2024-03-01 12:40:00,ALKS,30.094999313354492,30.094999313354492,30.094999313354492,30.094999313354492,30.094999313354492,144.0
2024-03-01 12:40:00,ALLK,1.6050000190734863,1.6050000190734863,1.6100000143051147,1.6050000190734863,1.6100000143051147,330.0
2024-03-01 12:40:00,ALLO,5.041100025177002,5.041100025177002,5.045000076293945,5.041100025177002,5.045000076293945,451.0
2024-03-01 12:40:00,ALT,12.15999984741211,12.15999984741211,12.180000305175781,12.149999618530273,12.159899711608887,12340.0
2024-03-01 12:40:00,ALVO,15.720000267028809,15.720000267028809,15.720000267028809,15.720000267028809,15.720000267028809,200.0
2024-03-01 12:40:00,ALVR,0.7526000142097473,0.7526000142097473,0.7540000081062317,0.7526000142097473,0.7540000081062317,1829.0
2024-03-01 12:40:00,ALXO,15.020000457763672,15.020000457763672,15.020000457763672,15.020000457763672,15.020000457763672,127.0
2024-03-01 12:40:00,AMED,93.16000366210938,93.16000366210938,93.16000366210938,93.12100219726562,93.12100219726562,411.0
2024-03-01 12:40:00,AMGN,281.31500244140625,281.31500244140625,281.3500061035156,281.29998779296875,281.3500061035156,1696.0
2024-03-01 12:40:00,AMPH,45.3650016784668,45.3650016784668,45.40999984741211,45.33000183105469,45.380001068115234,4192.0
2024-03-01 12:40:00,ANIP,66.35250091552734,66.35250091552734,66.35250091552734,66.35250091552734,66.35250091552734,100.0
2024-03-01 12:40:00,ANNX,5.940000057220459,5.940000057220459,5.960000038146973,5.940000057220459,5.949999809265137,703.0
2024-03-01 12:40:00,APLS,64.96499633789062,64.96499633789062,64.96499633789062,64.95999908447266,64.95999908447266,554.0
2024-03-01 12:40:00,APLT,7.110000133514404,7.110000133514404,7.139999866485596,7.110000133514404,7.139999866485596,4781.0
2024-03-01 12:40:00,AQST,4.320000171661377,4.320000171661377,4.320000171661377,4.320000171661377,4.320000171661377,130.0
2024-03-01 12:40:00,ARDX,9.670000076293945,9.670000076293945,9.675000190734863,9.660300254821777,9.670000076293945,8298.0
2024-03-01 12:40:00,ARQT,11.690199851989746,11.690199851989746,11.704999923706055,11.690199851989746,11.704999923706055,4274.0
2024-03-01 12:40:00,ARVN,49.314998626708984,49.314998626708984,49.349998474121094,49.29999923706055,49.33000183105469,2402.0
2024-03-01 12:40:00,ARWR,36.019901275634766,36.019901275634766,36.019901275634766,35.975101470947266,35.97999954223633,1156.0
2024-03-01 12:40:00,ASLN,0.7799999713897705,0.7799999713897705,0.7898499965667725,0.7799999713897705,0.7800999879837036,8150.0
2024-03-01 12:40:00,ASRT,0.927299976348877,0.927299976348877,0.9300000071525574,0.927299976348877,0.9300000071525574,3940.0
2024-03-01 12:40:00,ATAI,2.119999885559082,2.119999885559082,2.119999885559082,2.119999885559082,2.119999885559082,2325.0
2024-03-01 12:40:00,ATEC,13.5600004196167,13.5600004196167,13.5600004196167,13.5600004196167,13.5600004196167,107.0
2024-03-01 12:40:00,ATRA,0.7875999808311462,0.7875999808311462,0.7875999808311462,0.7875999808311462,0.7875999808311462,120.0
2024-03-01 12:40:00,ATRC,36.06999969482422,36.06999969482422,36.06999969482422,36.06999969482422,36.06999969482422,137.0
2024-03-01 12:40:00,ATXS,14.970000267028809,14.970000267028809,14.970000267028809,14.970000267028809,14.970000267028809,300.0
2024-03-01 12:40:00,AUPH,5.860000133514404,5.860000133514404,5.860000133514404,5.860000133514404,5.860000133514404,215.0
2024-03-01 12:40:00,AURA,9.420000076293945,9.420000076293945,9.420000076293945,9.420000076293945,9.420000076293945,100.0
2024-03-01 12:40:00,AUTL,6.360000133514404,6.360000133514404,6.360000133514404,6.360000133514404,6.360000133514404,316.0
2024-03-01 12:40:00,AVDL,12.949999809265137,12.949999809265137,12.970000267028809,12.930000305175781,12.949999809265137,15904.0
2024-03-01 12:40:00,AVIR,4.550000190734863,4.550000190734863,4.550000190734863,4.550000190734863,4.550000190734863,252.0
2024-03-01 12:40:00,AVXL,5.385000228881836,5.385000228881836,5.385000228881836,5.385000228881836,5.385000228881836,124.0
2024-03-01 12:40:00,AXSM,82.61000061035156,82.61000061035156,82.63749694824219,82.61000061035156,82.63749694824219,350.0
2024-03-01 12:40:00,AZN,64.69000244140625,64.69000244140625,64.69999694824219,64.69000244140625,64.69999694824219,4945.0
2024-03-01 12:40:00,AZTA,66.8499984741211,66.8499984741211,66.8499984741211,66.77999877929688,66.80999755859375,1240.0
2024-03-01 12:40:00,BBIO,36.06999969482422,36.06999969482422,36.06999969482422,36.060001373291016,36.060001373291016,422.0
2024-03-01 12:40:00,BBLG,2.299999952316284,2.299999952316284,2.299999952316284,2.299999952316284,2.299999952316284,830.0
2024-03-01 12:40:00,BCAB,2.734999895095825,2.734999895095825,2.734999895095825,2.734999895095825,2.734999895095825,100.0
2024-03-01 12:40:00,BCRX,5.775000095367432,5.775000095367432,5.775000095367432,5.760000228881836,5.769999980926514,15193.0
2024-03-01 12:40:00,BDTX,4.989999771118164,4.989999771118164,4.989999771118164,4.980000019073486,4.980000019073486,694.0
2024-03-01 12:40:00,BEAM,40.07699966430664,40.07699966430664,40.099998474121094,40.07699966430664,40.099998474121094,807.0
2024-03-01 12:40:00,BGNE,166.91000366210938,166.91000366210938,166.91000366210938,166.91000366210938,166.91000366210938,165.0
2024-03-01 12:40:00,BIIB,221.1300048828125,221.1300048828125,221.1300048828125,221.1300048828125,221.1300048828125,150.0
2024-03-01 12:40:00,BIOR,1.190000057220459,1.190000057220459,1.190000057220459,1.190000057220459,1.190000057220459,136.0
2024-03-01 12:40:00,BIVI,1.8799999952316284,1.8799999952316284,1.8899999856948853,1.8600000143051147,1.8687000274658203,82844.0
2024-03-01 12:40:00,BLFS,18.190000534057617,18.190000534057617,18.249900817871094,18.190000534057617,18.200000762939453,558.0
2024-03-01 12:40:00,BLRX,1.3978999853134155,1.3978999853134155,1.3978999853134155,1.3978999853134155,1.3978999853134155,314.0
2024-03-01 12:40:00,BLUE,1.590000033378601,1.590000033378601,1.590000033378601,1.5844000577926636,1.5850000381469727,611.0
2024-03-01 12:40:00,BMEA,17.989999771118164,17.989999771118164,18.010000228881836,17.989999771118164,17.989999771118164,1377.0
2024-03-01 12:40:00,BMRN,87.27999877929688,87.27999877929688,87.27999877929688,87.25,87.25,1480.0
2024-03-01 12:40:00,BNGO,1.25,1.25,1.25,1.25,1.25,640.0
2024-03-01 12:40:00,BNTX,91.80999755859375,91.80999755859375,91.8499984741211,91.80999755859375,91.8499984741211,403.0
2024-03-01 12:40:00,BPMC,97.05500030517578,97.05500030517578,97.19499969482422,97.05500030517578,97.19499969482422,301.0
2024-03-01 12:40:00,BRKR,88.24500274658203,88.24500274658203,88.25499725341797,88.24500274658203,88.25499725341797,520.0
2024-03-01 12:40:00,BSGM,0.6439999938011169,0.6439999938011169,0.6439999938011169,0.6439999938011169,0.6439999938011169,202.0
2024-03-01 12:40:00,BTTX,0.17409999668598175,0.17409999668598175,0.17479999363422394,0.17409999668598175,0.17479999363422394,9307.0
2024-03-01 12:40:00,BWAY,6.53000020980835,6.53000020980835,6.53000020980835,6.53000020980835,6.53000020980835,100.0
2024-03-01 12:40:00,BYSI,1.500100016593933,1.500100016593933,1.500100016593933,1.500100016593933,1.500100016593933,5000.0
2024-03-01 12:40:00,CABA,24.045000076293945,24.045000076293945,24.059999465942383,24.010000228881836,24.010000228881836,4805.0
2024-03-01 12:40:00,CBAY,32.2400016784668,32.2400016784668,32.2400016784668,32.231998443603516,32.23500061035156,928.0
2024-03-01 12:40:00,CCCC,10.918999671936035,10.918999671936035,10.949999809265137,10.90999984741211,10.944999694824219,7675.0
2024-03-01 12:40:00,CCRN,18.209999084472656,18.209999084472656,18.209999084472656,18.209999084472656,18.209999084472656,168.0
2024-03-01 12:40:00,CDMO,8.09000015258789,8.09000015258789,8.09000015258789,8.09000015258789,8.09000015258789,324.0
2024-03-01 12:40:00,CDXS,4.465000152587891,4.465000152587891,4.468800067901611,4.465000152587891,4.468800067901611,548.0
2024-03-01 12:40:00,CERE,41.099998474121094,41.099998474121094,41.099998474121094,41.092498779296875,41.092498779296875,607.0
2024-03-01 12:40:00,CERS,2.2149999141693115,2.2149999141693115,2.2149999141693115,2.2149999141693115,2.2149999141693115,168.0
2024-03-01 12:40:00,CGC,3.255000114440918,3.255000114440918,3.255000114440918,3.25,3.255000114440918,2230.0
2024-03-01 12:40:00,CGEN,2.680000066757202,2.680000066757202,2.680000066757202,2.680000066757202,2.680000066757202,600.0
2024-03-01 12:40:00,CHRS,2.380000114440918,2.380000114440918,2.380000114440918,2.369999885559082,2.369999885559082,10262.0
2024-03-01 12:40:00,CING,1.3899999856948853,1.3899999856948853,1.3899999856948853,1.3700000047683716,1.3700000047683716,964.0
2024-03-01 12:40:00,CKPT,2.200000047683716,2.200000047683716,2.2100000381469727,2.200000047683716,2.2100000381469727,715.0
2024-03-01 12:40:00,CLDX,50.70000076293945,50.70000076293945,50.880001068115234,50.68000030517578,50.81999969482422,8508.0
2024-03-01 12:40:00,CLNN,0.3849000036716461,0.3849000036716461,0.3849000036716461,0.3849000036716461,0.3849000036716461,2040.0
2024-03-01 12:40:00,CLOV,0.8628000020980835,0.8628000020980835,0.8628000020980835,0.8626999855041504,0.8627499938011169,25482.0
2024-03-01 12:40:00,CLRB,4.131499767303467,4.131499767303467,4.150000095367432,4.131499767303467,4.150000095367432,2382.0
2024-03-01 12:40:00,CMPS,11.470000267028809,11.470000267028809,11.470000267028809,11.449999809265137,11.449999809265137,1059.0
2024-03-01 12:40:00,CNTA,10.920000076293945,10.920000076293945,10.920000076293945,10.920000076293945,10.920000076293945,202.0
2024-03-01 12:40:00,COGT,7.179999828338623,7.179999828338623,7.190000057220459,7.179999828338623,7.190000057220459,1128.0
2024-03-01 12:40:00,COLL,36.93000030517578,36.93000030517578,36.93000030517578,36.93000030517578,36.93000030517578,325.0
2024-03-01 12:40:00,CORT,24.200000762939453,24.200000762939453,24.200000762939453,24.19499969482422,24.19499969482422,609.0
2024-03-01 12:40:00,CPRX,17.084999084472656,17.084999084472656,17.110000610351562,17.075000762939453,17.075000762939453,6838.0
2024-03-01 12:40:00,CPSI,9.390000343322754,9.390000343322754,9.470000267028809,9.390000343322754,9.470000267028809,1805.0
2024-03-01 12:40:00,CRBU,7.949999809265137,7.949999809265137,7.974999904632568,7.940000057220459,7.940000057220459,12736.0
2024-03-01 12:40:00,CRDF,2.309999942779541,2.309999942779541,2.3125,2.299999952316284,2.300299882888794,7943.0
2024-03-01 12:40:00,CRNX,46.599998474121094,46.599998474121094,46.66999816894531,46.58000183105469,46.599998474121094,1970.0
2024-03-01 12:40:00,CRON,2.055000066757202,2.055000066757202,2.055000066757202,2.055000066757202,2.055000066757202,105.0
2024-03-01 12:40:00,CRSP,85.79010009765625,85.79010009765625,85.82599639892578,85.77259826660156,85.77259826660156,2431.0
2024-03-01 12:40:00,CSTL,20.40999984741211,20.40999984741211,20.40999984741211,20.409299850463867,20.409299850463867,640.0
2024-03-01 12:40:00,CTKB,8.71500015258789,8.71500015258789,8.71500015258789,8.710100173950195,8.71500015258789,1200.0
2024-03-01 12:40:00,CTMX,2.700000047683716,2.700000047683716,2.700000047683716,2.681999921798706,2.700000047683716,914.0
2024-03-01 12:40:00,CUE,2.200000047683716,2.200000047683716,2.200000047683716,2.200000047683716,2.200000047683716,100.0
2024-03-01 12:40:00,CUTR,2.440000057220459,2.440000057220459,2.440000057220459,2.440000057220459,2.440000057220459,100.0
2024-03-01 12:40:00,CYTK,73.25,73.25,73.27999877929688,73.25,73.27999877929688,1640.0
2024-03-01 12:40:00,CYTO,2.369999885559082,2.369999885559082,2.369999885559082,2.369999885559082,2.369999885559082,268.0
2024-03-01 12:40:00,DCGO,4.114999771118164,4.114999771118164,4.114999771118164,4.114999771118164,4.114999771118164,208.0
2024-03-01 12:40:00,DCPH,17.5049991607666,17.5049991607666,17.5049991607666,17.5049991607666,17.5049991607666,303.0
2024-03-01 12:40:00,DH,8.800000190734863,8.800000190734863,8.829999923706055,8.800000190734863,8.829999923706055,946.0
2024-03-01 12:40:00,DMTK,0.8730000257492065,0.8730000257492065,0.8898000121116638,0.8730000257492065,0.8898000121116638,3781.0
2024-03-01 12:40:00,DNLI,20.895000457763672,20.895000457763672,20.899999618530273,20.889999389648438,20.889999389648438,950.0
2024-03-01 12:40:00,DSGN,2.9149999618530273,2.9149999618530273,2.9149999618530273,2.9149999618530273,2.9149999618530273,305.0
2024-03-01 12:40:00,DTIL,12.109999656677246,12.109999656677246,12.204999923706055,12.109999656677246,12.199999809265137,2979.0
2024-03-01 12:40:00,DXCM,121.32499694824219,121.32499694824219,121.5199966430664,121.2699966430664,121.49500274658203,10567.0
2024-03-01 12:40:00,EDIT,10.869999885559082,10.869999885559082,10.869999885559082,10.850000381469727,10.850000381469727,3015.0
2024-03-01 12:40:00,EGRX,6.769999980926514,6.769999980926514,6.769999980926514,6.769999980926514,6.769999980926514,232.0
2024-03-01 12:40:00,EIGR,6.440000057220459,6.440000057220459,6.440000057220459,6.440000057220459,6.440000057220459,1234.0
2024-03-01 12:40:00,EKSO,1.9713000059127808,1.9713000059127808,1.9713000059127808,1.9713000059127808,1.9713000059127808,133.0
2024-03-01 12:40:00,ELEV,4.835000038146973,4.835000038146973,4.835000038146973,4.804999828338623,4.820000171661377,2502.0
2024-03-01 12:40:00,EMBC,14.40999984741211,14.40999984741211,14.40999984741211,14.40999984741211,14.40999984741211,248.0
2024-03-01 12:40:00,ENTA,15.390000343322754,15.390000343322754,15.390000343322754,15.367899894714355,15.367899894714355,620.0
2024-03-01 12:40:00,ENVB,1.5886000394821167,1.5886000394821167,1.5886000394821167,1.5607999563217163,1.5607999563217163,15801.0
2024-03-01 12:40:00,EOLS,14.704999923706055,14.704999923706055,14.710000038146973,14.699999809265137,14.699999809265137,1622.0
2024-03-01 12:40:00,ESPR,2.5199999809265137,2.5199999809265137,2.5199999809265137,2.5199999809265137,2.5199999809265137,8547.0
2024-03-01 12:40:00,ESTA,45.560001373291016,45.560001373291016,45.560001373291016,45.560001373291016,45.560001373291016,171.0
2024-03-01 12:40:00,ETNB,13.220000267028809,13.220000267028809,13.220000267028809,13.220000267028809,13.220000267028809,895.0
2024-03-01 12:40:00,EWTX,17.084999084472656,17.084999084472656,17.084999084472656,17.084999084472656,17.084999084472656,225.0
2024-03-01 12:40:00,EXAS,60.27000045776367,60.27000045776367,60.310001373291016,60.27000045776367,60.279998779296875,981.0
2024-03-01 12:40:00,EXEL,22.485000610351562,22.485000610351562,22.485000610351562,22.479999542236328,22.479999542236328,322.0
2024-03-01 12:40:00,EYEN,2.390000104904175,2.390000104904175,2.3949999809265137,2.390000104904175,2.3901000022888184,13906.0
2024-03-01 12:40:00,EYPT,28.020000457763672,28.020000457763672,28.049999237060547,28.014999389648438,28.049999237060547,2280.0
2024-03-01 12:40:00,FBIO,2.3350000381469727,2.3350000381469727,2.3350000381469727,2.3350000381469727,2.3350000381469727,1050.0
2024-03-01 12:40:00,FEMY,1.6931999921798706,1.6931999921798706,1.6953999996185303,1.6931999921798706,1.6953999996185303,817.0
2024-03-01 12:40:00,FGEN,1.8600000143051147,1.8600000143051147,1.8600000143051147,1.8600000143051147,1.8600000143051147,1099.0
2024-03-01 12:40:00,FHTX,7.869999885559082,7.869999885559082,7.869999885559082,7.869999885559082,7.869999885559082,100.0
2024-03-01 12:40:00,FLGT,23.3799991607666,23.3799991607666,23.420000076293945,23.3799991607666,23.420000076293945,1790.0
2024-03-01 12:40:00,FOLD,13.354999542236328,13.354999542236328,13.354999542236328,13.350000381469727,13.350000381469727,809.0
2024-03-01 12:40:00,FULC,10.904999732971191,10.904999732971191,10.904999732971191,10.899999618530273,10.899999618530273,593.0
2024-03-01 12:40:00,FUSN,12.25,12.25,12.279999732971191,12.25,12.279999732971191,2553.0
2024-03-01 12:40:00,GANX,4.670000076293945,4.670000076293945,4.670000076293945,4.670000076293945,4.670000076293945,1100.0
2024-03-01 12:40:00,GBIO,2.6600000858306885,2.6600000858306885,2.6700000762939453,2.6600000858306885,2.6700000762939453,2153.0
2024-03-01 12:40:00,GDRX,8.260000228881836,8.260000228881836,8.279999732971191,8.260000228881836,8.270000457763672,4598.0
2024-03-01 12:40:00,GERN,2.2039999961853027,2.2039999961853027,2.2100000381469727,2.2039999961853027,2.2100000381469727,32129.0
2024-03-01 12:40:00,GH,19.110000610351562,19.110000610351562,19.110000610351562,19.110000610351562,19.110000610351562,993.0
2024-03-01 12:40:00,GHSI,8.34000015258789,8.34000015258789,8.34000015258789,8.34000015258789,8.34000015258789,605.0
2024-03-01 12:40:00,GILD,72.31500244140625,72.31500244140625,72.33499908447266,72.31500244140625,72.33499908447266,3252.0
2024-03-01 12:40:00,GLMD,0.39980000257492065,0.39980000257492065,0.39980000257492065,0.39980000257492065,0.39980000257492065,234.0
2024-03-01 12:40:00,GLSI,12.75,12.75,12.75,12.5,12.649999618530273,1259.0
2024-03-01 12:40:00,GLYC,3.0299999713897705,3.0299999713897705,3.0299999713897705,3.0299999713897705,3.0299999713897705,315.0
2024-03-01 12:40:00,GMDA,0.3824000060558319,0.3824000060558319,0.3824000060558319,0.3801000118255615,0.3801000118255615,300.0
2024-03-01 12:40:00,GNPX,4.541999816894531,4.541999816894531,4.541999816894531,4.541999816894531,4.541999816894531,497.0
2024-03-01 12:40:00,GOSS,1.3650000095367432,1.3650000095367432,1.3650000095367432,1.3650000095367432,1.3650000095367432,400.0
2024-03-01 12:40:00,GRTS,2.1449999809265137,2.1449999809265137,2.1549999713897705,2.1449999809265137,2.1500000953674316,33881.0
2024-03-01 12:40:00,GRTX,0.2329999953508377,0.2329999953508377,0.23350000381469727,0.2329999953508377,0.23350000381469727,380.0
2024-03-01 12:40:00,HALO,41.63999938964844,41.63999938964844,41.63999938964844,41.63999938964844,41.63999938964844,470.0
2024-03-01 12:40:00,HCTI,2.484999895095825,2.484999895095825,2.48799991607666,2.484999895095825,2.48799991607666,660.0
2024-03-01 12:40:00,HLVX,18.979999542236328,18.979999542236328,18.979999542236328,18.969999313354492,18.969999313354492,256.0
2024-03-01 12:40:00,HOLX,73.7699966430664,73.7699966430664,73.80000305175781,73.7699966430664,73.7699966430664,1414.0
2024-03-01 12:40:00,HOWL,7.025000095367432,7.025000095367432,7.025000095367432,7.025000095367432,7.025000095367432,308.0
2024-03-01 12:40:00,HQY,81.82499694824219,81.82499694824219,81.83000183105469,81.82499694824219,81.83000183105469,610.0
2024-03-01 12:40:00,HRMY,31.520000457763672,31.520000457763672,31.540000915527344,31.520000457763672,31.540000915527344,1700.0
2024-03-01 12:40:00,HROW,10.859999656677246,10.859999656677246,10.859999656677246,10.859999656677246,10.859999656677246,131.0
2024-03-01 12:40:00,HRTX,2.609999895095825,2.609999895095825,2.609999895095825,2.609999895095825,2.609999895095825,102.0
2024-03-01 12:40:00,HSIC,76.87000274658203,76.87000274658203,76.9000015258789,76.86000061035156,76.9000015258789,2131.0
2024-03-01 12:40:00,HUMA,3.4649999141693115,3.4649999141693115,3.4700000286102295,3.464900016784668,3.4649999141693115,2350.0
2024-03-01 12:40:00,IART,36.459999084472656,36.459999084472656,36.459999084472656,36.459999084472656,36.459999084472656,265.0
2024-03-01 12:40:00,IBRX,4.829999923706055,4.829999923706055,4.835000038146973,4.829999923706055,4.835000038146973,585.0
2024-03-01 12:40:00,ICUI,104.9000015258789,104.9000015258789,105.0999984741211,104.9000015258789,105.01000213623047,5417.0
2024-03-01 12:40:00,IGMS,13.390000343322754,13.390000343322754,13.390000343322754,13.390000343322754,13.390000343322754,142.0
2024-03-01 12:40:00,ILMN,142.13499450683594,142.13499450683594,142.13499450683594,142.13499450683594,142.13499450683594,373.0
2024-03-01 12:40:00,IMAB,1.840000033378601,1.840000033378601,1.840000033378601,1.840000033378601,1.840000033378601,101.0
2024-03-01 12:40:00,IMCR,68.0999984741211,68.0999984741211,68.0999984741211,68.0999984741211,68.0999984741211,321.0
2024-03-01 12:40:00,IMNM,26.190000534057617,26.190000534057617,26.190000534057617,26.170000076293945,26.170000076293945,680.0
2024-03-01 12:40:00,IMTX,12.914999961853027,12.914999961853027,12.914999961853027,12.899999618530273,12.899999618530273,1529.0
2024-03-01 12:40:00,IMVT,36.36000061035156,36.36000061035156,36.36000061035156,36.345001220703125,36.345001220703125,765.0
2024-03-01 12:40:00,INBX,36.689998626708984,36.689998626708984,36.720001220703125,36.689998626708984,36.720001220703125,1261.0
2024-03-01 12:40:00,INCY,59.209999084472656,59.209999084472656,59.209999084472656,59.20000076293945,59.20000076293945,1276.0
2024-03-01 12:40:00,INGN,6.829999923706055,6.829999923706055,6.860000133514404,6.820000171661377,6.860000133514404,6340.0
2024-03-01 12:40:00,INMD,22.959999084472656,22.959999084472656,22.959999084472656,22.959999084472656,22.959999084472656,532.0
2024-03-01 12:40:00,INSM,28.600000381469727,28.600000381469727,28.600000381469727,28.600000381469727,28.600000381469727,621.0
2024-03-01 12:40:00,INVA,15.614999771118164,15.614999771118164,15.619999885559082,15.600000381469727,15.600000381469727,2800.0
2024-03-01 12:40:00,IOBT,1.8250000476837158,1.8250000476837158,1.8250000476837158,1.8250000476837158,1.8250000476837158,100.0
2024-03-01 12:40:00,IONS,45.834999084472656,45.834999084472656,45.834999084472656,45.834999084472656,45.834999084472656,143.0
2024-03-01 12:40:00,IOVA,16.735000610351562,16.735000610351562,16.760000228881836,16.732900619506836,16.739999771118164,9286.0
2024-03-01 12:40:00,IRTC,121.20999908447266,121.20999908447266,121.20999908447266,121.20999908447266,121.20999908447266,606.0
2024-03-01 12:40:00,IRWD,9.109999656677246,9.109999656677246,9.125,9.100000381469727,9.125,15749.0
2024-03-01 12:40:00,ISRG,394.1524963378906,394.1524963378906,394.2200012207031,394.1524963378906,394.2049865722656,1282.0
2024-03-01 12:40:00,IVVD,3.990000009536743,3.990000009536743,4.0,3.990000009536743,4.0,966.0
2024-03-01 12:40:00,IXHL,5.449999809265137,5.449999809265137,5.449999809265137,5.449999809265137,5.449999809265137,115.0
2024-03-01 12:40:00,JAGX,0.07329999655485153,0.07329999655485153,0.07339999824762344,0.0731000006198883,0.07339999824762344,117319.0
2024-03-01 12:40:00,JANX,46.970001220703125,46.970001220703125,46.970001220703125,46.970001220703125,46.970001220703125,606.0
2024-03-01 12:40:00,JSPR,21.110000610351562,21.110000610351562,21.110000610351562,21.110000610351562,21.110000610351562,100.0
2024-03-01 12:40:00,KMDA,6.400000095367432,6.400000095367432,6.400000095367432,6.400000095367432,6.400000095367432,196.0
2024-03-01 12:40:00,KNSA,21.729999542236328,21.729999542236328,21.729999542236328,21.729999542236328,21.729999542236328,321.0
2024-03-01 12:40:00,KNTE,2.6050000190734863,2.6050000190734863,2.6050000190734863,2.6050000190734863,2.6050000190734863,210.0
2024-03-01 12:40:00,KOD,6.110000133514404,6.110000133514404,6.110000133514404,6.110000133514404,6.110000133514404,227.0
2024-03-01 12:40:00,KPRX,0.6592000126838684,0.6592000126838684,0.6592000126838684,0.6592000126838684,0.6592000126838684,1005.0
2024-03-01 12:40:00,KPTI,1.2000000476837158,1.2000000476837158,1.2000000476837158,1.190600037574768,1.1950000524520874,3829.0
2024-03-01 12:40:00,KROS,70.2699966430664,70.2699966430664,70.2699966430664,70.2699966430664,70.2699966430664,425.0
2024-03-01 12:40:00,KTRA,0.09650000184774399,0.09650000184774399,0.0966000035405159,0.09650000184774399,0.0966000035405159,2785.0
2024-03-01 12:40:00,KZR,1.0774999856948853,1.0774999856948853,1.0774999856948853,1.0774999856948853,1.0774999856948853,101.0
2024-03-01 12:40:00,LAB,2.509999990463257,2.509999990463257,2.509999990463257,2.509999990463257,2.509999990463257,850.0
2024-03-01 12:40:00,LBPH,22.170000076293945,22.170000076293945,22.170000076293945,22.170000076293945,22.170000076293945,219.0
2024-03-01 12:40:00,LEXX,2.819999933242798,2.819999933242798,2.8299999237060547,2.819999933242798,2.819999933242798,573.0
2024-03-01 12:40:00,LFMD,8.0,8.0,8.0,7.989999771118164,7.989999771118164,600.0
2024-03-01 12:40:00,LFST,7.824999809265137,7.824999809265137,7.829999923706055,7.824999809265137,7.829999923706055,3038.0
2024-03-01 12:40:00,LMAT,67.41000366210938,67.41000366210938,67.41000366210938,67.41000366210938,67.41000366210938,369.0
2024-03-01 12:40:00,LNSR,4.619999885559082,4.619999885559082,4.619999885559082,4.619999885559082,4.619999885559082,134.0
2024-03-01 12:40:00,LNTH,65.42500305175781,65.42500305175781,65.44999694824219,65.375,65.375,2997.0
2024-03-01 12:40:00,LPTX,2.940000057220459,2.940000057220459,2.940000057220459,2.940000057220459,2.940000057220459,777.0
2024-03-01 12:40:00,LRMR,11.505000114440918,11.505000114440918,11.505000114440918,11.505000114440918,11.505000114440918,177.0
2024-03-01 12:40:00,LUNG,9.350000381469727,9.350000381469727,9.350000381469727,9.34000015258789,9.34000015258789,2141.0
2024-03-01 12:40:00,LVTX,3.0100998878479004,3.0100998878479004,3.0100998878479004,3.0100998878479004,3.0100998878479004,758.0
2024-03-01 12:40:00,LYEL,3.1449999809265137,3.1449999809265137,3.1449999809265137,3.1449999809265137,3.1449999809265137,335.0
2024-03-01 12:40:00,MACK,14.710000038146973,14.710000038146973,14.710000038146973,14.710000038146973,14.710000038146973,306.0
2024-03-01 12:40:00,MCRB,1.2000000476837158,1.2000000476837158,1.2050000429153442,1.2000000476837158,1.2050000429153442,321.0
2024-03-01 12:40:00,MDRX,6.039999961853027,6.039999961853027,6.039999961853027,6.039999961853027,6.039999961853027,677.0
2024-03-01 12:40:00,ME,0.5734999775886536,0.5734999775886536,0.5762500166893005,0.5705999732017517,0.5734000205993652,5016.0
2024-03-01 12:40:00,MGNX,18.889999389648438,18.889999389648438,18.889999389648438,18.8700008392334,18.8700008392334,4325.0
2024-03-01 12:40:00,MIRM,29.959999084472656,29.959999084472656,29.989999771118164,29.959999084472656,29.989999771118164,972.0
2024-03-01 12:40:00,MIST,1.7599999904632568,1.7599999904632568,1.7599999904632568,1.75,1.75,1200.0
2024-03-01 12:40:00,MLTX,52.02000045776367,52.02000045776367,52.04999923706055,52.02000045776367,52.04999923706055,1099.0
2024-03-01 12:40:00,MNKD,4.545000076293945,4.545000076293945,4.550000190734863,4.539999961853027,4.550000190734863,722.0
2024-03-01 12:40:00,MNMD,6.150000095367432,6.150000095367432,6.15500020980835,6.150000095367432,6.15500020980835,2989.0
2024-03-01 12:40:00,MNOV,1.3704999685287476,1.3704999685287476,1.3704999685287476,1.3701000213623047,1.3704999685287476,813.0
2024-03-01 12:40:00,MODD,1.9299999475479126,1.9299999475479126,1.9299999475479126,1.899999976158142,1.9149999618530273,3200.0
2024-03-01 12:40:00,MODV,28.010000228881836,28.010000228881836,28.010000228881836,28.0,28.010000228881836,612.0
2024-03-01 12:40:00,MOR,17.579999923706055,17.579999923706055,17.579999923706055,17.579999923706055,17.579999923706055,143.0
2024-03-01 12:40:00,MORF,39.560001373291016,39.560001373291016,39.560001373291016,39.529998779296875,39.529998779296875,863.0
2024-03-01 12:40:00,MREO,3.8550000190734863,3.8550000190734863,3.8550000190734863,3.8550000190734863,3.8550000190734863,241.0
2024-03-01 12:40:00,MRNA,96.72000122070312,96.72000122070312,96.77999877929688,96.69999694824219,96.70999908447266,1980.0
2024-03-01 12:40:00,MRSN,6.0,6.0,6.045000076293945,6.0,6.045000076293945,18194.0
2024-03-01 12:40:00,MRUS,51.970001220703125,51.970001220703125,51.970001220703125,51.95000076293945,51.95000076293945,729.0
2024-03-01 12:40:00,MRVI,7.840000152587891,7.840000152587891,7.849999904632568,7.840000152587891,7.840000152587891,977.0
2024-03-01 12:40:00,MYGN,21.639999389648438,21.639999389648438,21.639999389648438,21.639999389648438,21.639999389648438,100.0
2024-03-01 12:40:00,NARI,45.599998474121094,45.599998474121094,45.630001068115234,45.59000015258789,45.630001068115234,1960.0
2024-03-01 12:40:00,NBIX,130.99000549316406,130.99000549316406,131.0,130.9550018310547,130.9550018310547,3053.0
2024-03-01 12:40:00,NEO,16.079999923706055,16.079999923706055,16.09000015258789,16.056400299072266,16.059999465942383,7255.0
2024-03-01 12:40:00,NEOG,17.375,17.375,17.375,17.375,17.375,172.0
2024-03-01 12:40:00,NEXI,6.446800231933594,6.446800231933594,6.446800231933594,6.446800231933594,6.446800231933594,650.0
2024-03-01 12:40:00,NGM,1.5299999713897705,1.5299999713897705,1.5299999713897705,1.5299999713897705,1.5299999713897705,1221.0
2024-03-01 12:40:00,NKTR,0.7897999882698059,0.7897999882698059,0.7897999882698059,0.7896999716758728,0.7897999882698059,2862.0
2024-03-01 12:40:00,NKTX,12.952699661254883,12.952699661254883,12.960000038146973,12.952699661254883,12.95989990234375,792.0
2024-03-01 12:40:00,NNOX,11.104999542236328,11.104999542236328,11.125,11.104999542236328,11.125,893.0
2024-03-01 12:40:00,NOTV,8.119999885559082,8.119999885559082,8.119999885559082,8.109999656677246,8.109999656677246,955.0
2024-03-01 12:40:00,NRIX,13.664999961853027,13.664999961853027,13.6899995803833,13.664999961853027,13.664999961853027,926.0
2024-03-01 12:40:00,NRSN,2.2088000774383545,2.2088000774383545,2.2699999809265137,2.200000047683716,2.2699999809265137,61876.0
2024-03-01 12:40:00,NRXP,0.41499900817871094,0.41499900817871094,0.41999998688697815,0.41499900817871094,0.41999998688697815,1250.0
2024-03-01 12:40:00,NTLA,33.470001220703125,33.470001220703125,33.5,33.46670150756836,33.5,7519.0
2024-03-01 12:40:00,NTRA,88.6050033569336,88.6050033569336,88.6050033569336,88.6050033569336,88.6050033569336,963.0
2024-03-01 12:40:00,NVAX,5.130000114440918,5.130000114440918,5.135000228881836,5.130000114440918,5.130000114440918,2588.0
2024-03-01 12:40:00,NVCR,15.979999542236328,15.979999542236328,15.989999771118164,15.979999542236328,15.989999771118164,711.0
2024-03-01 12:40:00,NVOS,0.6438000202178955,0.6438000202178955,0.6438999772071838,0.6344000101089478,0.6345000267028809,6525.0
2024-03-01 12:40:00,OCUL,10.800000190734863,10.800000190734863,10.800000190734863,10.796799659729004,10.796799659729004,617.0
2024-03-01 12:40:00,OCUP,2.4814999103546143,2.4814999103546143,2.4814999103546143,2.4814999103546143,2.4814999103546143,1000.0
2024-03-01 12:40:00,OGI,2.1649999618530273,2.1649999618530273,2.170099973678589,2.1649999618530273,2.1700000762939453,4720.0
2024-03-01 12:40:00,OLK,22.645000457763672,22.645000457763672,22.645000457763672,22.645000457763672,22.645000457763672,469.0
2024-03-01 12:40:00,OLMA,14.436800003051758,14.436800003051758,14.436800003051758,14.310700416564941,14.310700416564941,1525.0
2024-03-01 12:40:00,OM,3.1500000953674316,3.1500000953674316,3.1500000953674316,3.1500000953674316,3.1500000953674316,125.0
2024-03-01 12:40:00,ONCT,10.079999923706055,10.079999923706055,10.079999923706055,10.079999923706055,10.079999923706055,138.0
2024-03-01 12:40:00,ONTX,0.800000011920929,0.800000011920929,0.8101999759674072,0.800000011920929,0.8101999759674072,9723.0
2024-03-01 12:41:00,ABCL,5.190000057220459,5.190000057220459,5.190000057220459,5.190000057220459,5.190000057220459,2245.0
2024-03-01 12:41:00,ABEO,7.78000020980835,7.78000020980835,7.78000020980835,7.78000020980835,7.78000020980835,164.0
2024-03-01 12:41:00,ABOS,4.699999809265137,4.699999809265137,4.704999923706055,4.679999828338623,4.679999828338623,9135.0
2024-03-01 12:41:00,ABSI,5.244999885559082,5.244999885559082,5.244999885559082,5.240200042724609,5.240200042724609,1730.0
2024-03-01 12:41:00,ABUS,2.7750000953674316,2.7750000953674316,2.7799999713897705,2.7750000953674316,2.7799999713897705,1225.0
2024-03-01 12:41:00,ACAD,24.260000228881836,24.260000228881836,24.274999618530273,24.219999313354492,24.229999542236328,5900.0
2024-03-01 12:41:00,ACB,3.174999952316284,3.174999952316284,3.174999952316284,3.174999952316284,3.174999952316284,440.0
2024-03-01 12:41:00,ACCD,10.1899995803833,10.1899995803833,10.1899995803833,10.1850004196167,10.1899995803833,1681.0
2024-03-01 12:41:00,ACET,2.384999990463257,2.384999990463257,2.384999990463257,2.384999990463257,2.384999990463257,220.0
2024-03-01 12:41:00,ACHC,84.24500274658203,84.24500274658203,84.24500274658203,84.24500274658203,84.24500274658203,210.0
2024-03-01 12:41:00,ACHL,1.3600000143051147,1.3600000143051147,1.3600000143051147,1.3600000143051147,1.3600000143051147,211.0
2024-03-01 12:41:00,ACHV,4.300000190734863,4.300000190734863,4.300000190734863,4.300000190734863,4.300000190734863,100.0
2024-03-01 12:41:00,ACLX,67.28500366210938,67.28500366210938,67.31999969482422,67.25,67.31999969482422,705.0
2024-03-01 12:41:00,ACON,0.39890000224113464,0.39890000224113464,0.39890000224113464,0.39890000224113464,0.39890000224113464,3089.0
2024-03-01 12:41:00,ACRS,1.2400000095367432,1.2400000095367432,1.2400000095367432,1.2300000190734863,1.2300000190734863,15272.0
2024-03-01 12:41:00,ADAP,1.6050000190734863,1.6050000190734863,1.6050000190734863,1.6019999980926514,1.6019999980926514,1163.0
2024-03-01 12:41:00,ADIL,3.059999942779541,3.059999942779541,3.059999942779541,3.0399999618530273,3.054500102996826,7258.0
2024-03-01 12:41:00,ADMA,5.445000171661377,5.445000171661377,5.445000171661377,5.445000171661377,5.445000171661377,189.0
2024-03-01 12:41:00,ADPT,4.195000171661377,4.195000171661377,4.210000038146973,4.195000171661377,4.204999923706055,8802.0
2024-03-01 12:41:00,ADVM,1.975000023841858,1.975000023841858,1.975000023841858,1.9700000286102295,1.975000023841858,1242.0
2024-03-01 12:41:00,AFMD,0.6348999738693237,0.6348999738693237,0.6349999904632568,0.6348999738693237,0.6349999904632568,10200.0
2024-03-01 12:41:00,AGEN,0.6738749742507935,0.6738749742507935,0.6739000082015991,0.673799991607666,0.6739000082015991,2689.0
2024-03-01 12:41:00,AGIO,32.900001525878906,32.900001525878906,32.900001525878906,32.900001525878906,32.900001525878906,339.0
2024-03-01 12:41:00,AHCO,10.710000038146973,10.710000038146973,10.710000038146973,10.6850004196167,10.6899995803833,5265.0
2024-03-01 12:41:00,AIMD,0.9750000238418579,0.9750000238418579,0.9750000238418579,0.9750000238418579,0.9750000238418579,1500.0
2024-03-01 12:41:00,AIRS,6.534999847412109,6.534999847412109,6.534999847412109,6.534999847412109,6.534999847412109,303.0
2024-03-01 12:41:00,AKAN,0.23100000619888306,0.23100000619888306,0.24120000004768372,0.22030000388622284,0.24120000004768372,48563.0
2024-03-01 12:41:00,AKBA,1.6749999523162842,1.6749999523162842,1.6799999475479126,1.6749999523162842,1.6799999475479126,38123.0
2024-03-01 12:41:00,AKRO,30.030000686645508,30.030000686645508,30.030000686645508,30.030000686645508,30.030000686645508,179.0
2024-03-01 12:41:00,ALDX,4.150000095367432,4.150000095367432,4.150000095367432,4.150000095367432,4.150000095367432,975.0
2024-03-01 12:41:00,ALEC,7.369999885559082,7.369999885559082,7.380000114440918,7.369999885559082,7.380000114440918,446.0
2024-03-01 12:41:00,ALGN,302.9800109863281,302.9800109863281,303.260009765625,302.9800109863281,303.25,1792.0
2024-03-01 12:41:00,ALGS,1.1200000047683716,1.1200000047683716,1.1299999952316284,1.1119999885559082,1.1119999885559082,1615.0
2024-03-01 12:41:00,ALHC,5.71999979019165,5.71999979019165,5.730000019073486,5.71999979019165,5.730000019073486,3113.0
2024-03-01 12:41:00,ALKS,30.15999984741211,30.15999984741211,30.15999984741211,30.094999313354492,30.094999313354492,6692.0
2024-03-01 12:41:00,ALLK,1.6050000190734863,1.6050000190734863,1.6074999570846558,1.600000023841858,1.6074999570846558,1630.0
2024-03-01 12:41:00,ALLO,5.039999961853027,5.039999961853027,5.039999961853027,5.039999961853027,5.039999961853027,430.0
2024-03-01 12:41:00,ALPN,35.755001068115234,35.755001068115234,35.7599983215332,35.66999816894531,35.66999816894531,1753.0
2024-03-01 12:41:00,ALT,12.189900398254395,12.189900398254395,12.1899995803833,12.15999984741211,12.15999984741211,2671.0
2024-03-01 12:41:00,ALVO,15.720000267028809,15.720000267028809,15.734999656677246,15.720000267028809,15.720000267028809,1191.0
2024-03-01 12:41:00,AMED,93.23999786376953,93.23999786376953,93.23999786376953,93.19000244140625,93.19000244140625,948.0
2024-03-01 12:41:00,AMGN,281.29998779296875,281.29998779296875,281.30999755859375,281.2449951171875,281.2900085449219,3749.0
2024-03-01 12:41:00,AMLX,18.832500457763672,18.832500457763672,18.84000015258789,18.81999969482422,18.81999969482422,2748.0
2024-03-01 12:41:00,AMRN,1.0549999475479126,1.0549999475479126,1.059999942779541,1.0499999523162842,1.059999942779541,500.0
2024-03-01 12:41:00,ANGO,5.489999771118164,5.489999771118164,5.5,5.485000133514404,5.5,1772.0
2024-03-01 12:41:00,ANIP,66.3550033569336,66.3550033569336,66.3550033569336,66.3550033569336,66.3550033569336,187.0
2024-03-01 12:41:00,ANNX,5.960000038146973,5.960000038146973,5.96999979019165,5.940000057220459,5.940000057220459,1318.0
2024-03-01 12:41:00,APLS,64.94999694824219,64.94999694824219,64.98999786376953,64.8499984741211,64.95500183105469,5266.0
2024-03-01 12:41:00,APLT,7.099999904632568,7.099999904632568,7.130000114440918,7.099999904632568,7.119999885559082,16814.0
2024-03-01 12:41:00,AQST,4.320000171661377,4.320000171661377,4.320000171661377,4.319900035858154,4.319900035858154,382.0
2024-03-01 12:41:00,ARDX,9.649999618530273,9.649999618530273,9.670000076293945,9.640000343322754,9.670000076293945,12447.0
2024-03-01 12:41:00,ARGX,391.55999755859375,391.55999755859375,391.8800048828125,391.55999755859375,391.6000061035156,1887.0
2024-03-01 12:41:00,ARQT,11.725000381469727,11.725000381469727,11.729999542236328,11.680000305175781,11.6899995803833,10044.0
2024-03-01 12:41:00,ARVN,49.28499984741211,49.28499984741211,49.28499984741211,49.28499984741211,49.28499984741211,100.0
2024-03-01 12:41:00,ARWR,36.05500030517578,36.05500030517578,36.05500030517578,35.97010040283203,35.994998931884766,1243.0
2024-03-01 12:41:00,ASLN,0.7799999713897705,0.7799999713897705,0.7799999713897705,0.7799999713897705,0.7799999713897705,100.0
2024-03-01 12:41:00,ASND,150.4600067138672,150.4600067138672,150.66250610351562,150.30999755859375,150.66250610351562,8349.0
2024-03-01 12:41:00,ATAI,2.1208999156951904,2.1208999156951904,2.1208999156951904,2.120800018310547,2.120800018310547,1445.0
2024-03-01 12:41:00,ATEC,13.574999809265137,13.574999809265137,13.574999809265137,13.5600004196167,13.5600004196167,1305.0
2024-03-01 12:41:00,ATRA,0.7900000214576721,0.7900000214576721,0.7900000214576721,0.7875999808311462,0.7875999808311462,1200.0
2024-03-01 12:41:00,ATRC,36.04999923706055,36.04999923706055,36.04999923706055,36.04999923706055,36.04999923706055,463.0
2024-03-01 12:41:00,ATXS,14.989999771118164,14.989999771118164,15.010000228881836,14.979999542236328,14.979999542236328,7483.0
2024-03-01 12:41:00,AUPH,5.860000133514404,5.860000133514404,5.860099792480469,5.860000133514404,5.860000133514404,2499.0
2024-03-01 12:41:00,AURA,9.420000076293945,9.420000076293945,9.420000076293945,9.420000076293945,9.420000076293945,101.0
2024-03-01 12:41:00,AUTL,6.360000133514404,6.360000133514404,6.360000133514404,6.360000133514404,6.360000133514404,204.0
2024-03-01 12:41:00,AVDL,12.949999809265137,12.949999809265137,12.960000038146973,12.9399995803833,12.9399995803833,10494.0
2024-03-01 12:41:00,AVXL,5.385000228881836,5.385000228881836,5.389999866485596,5.385000228881836,5.389999866485596,1173.0
2024-03-01 12:41:00,AXNX,67.6531982421875,67.6531982421875,67.72000122070312,67.6531982421875,67.69000244140625,1652.0
2024-03-01 12:41:00,AXSM,82.61000061035156,82.61000061035156,82.61000061035156,82.61000061035156,82.61000061035156,108.0
2024-03-01 12:41:00,AZN,64.68000030517578,64.68000030517578,64.68499755859375,64.66999816894531,64.68499755859375,7711.0
2024-03-01 12:41:00,AZTA,66.83499908447266,66.83499908447266,66.86000061035156,66.83499908447266,66.86000061035156,336.0
2024-03-01 12:41:00,BBIO,36.04999923706055,36.04999923706055,36.04999923706055,36.04999923706055,36.04999923706055,665.0
2024-03-01 12:41:00,BBLG,2.390000104904175,2.390000104904175,2.390000104904175,2.299999952316284,2.299999952316284,6080.0
2024-03-01 12:41:00,BCAB,2.7300000190734863,2.7300000190734863,2.73580002784729,2.7300000190734863,2.734999895095825,3371.0
2024-03-01 12:41:00,BCDA,0.564300000667572,0.564300000667572,0.567300021648407,0.564300000667572,0.567300021648407,1800.0
2024-03-01 12:41:00,BCEL,0.27000001072883606,0.27000001072883606,0.27000001072883606,0.2667999863624573,0.26750001311302185,28514.0
2024-03-01 12:41:00,BCRX,5.769999980926514,5.769999980926514,5.775000095367432,5.769999980926514,5.769999980926514,3389.0
2024-03-01 12:41:00,BCTX,3.569999933242798,3.569999933242798,3.569999933242798,3.569999933242798,3.569999933242798,225.0
2024-03-01 12:41:00,BDSX,1.600000023841858,1.600000023841858,1.600000023841858,1.600000023841858,1.600000023841858,30113.0
2024-03-01 12:41:00,BDTX,5.0,5.0,5.0,4.994999885559082,5.0,692.0
2024-03-01 12:41:00,BEAM,40.130001068115234,40.130001068115234,40.130001068115234,40.060001373291016,40.07500076293945,2056.0
2024-03-01 12:41:00,BEAT,1.499400019645691,1.499400019645691,1.5,1.499400019645691,1.5,2114.0
2024-03-01 12:41:00,BGXX,0.27459999918937683,0.27459999918937683,0.27459999918937683,0.27320000529289246,0.27320000529289246,793.0
2024-03-01 12:41:00,BIAF,2.3299999237060547,2.3299999237060547,2.3299999237060547,2.329900026321411,2.3299999237060547,3168.0
2024-03-01 12:41:00,BIIB,221.1300048828125,221.1300048828125,221.1300048828125,221.12930297851562,221.12930297851562,1512.0
2024-03-01 12:41:00,BIVI,1.9192999601364136,1.9192999601364136,1.9199999570846558,1.8801000118255615,1.8801000118255615,102954.0
2024-03-01 12:41:00,BLFS,18.149999618530273,18.149999618530273,18.149999618530273,18.149999618530273,18.149999618530273,254.0
2024-03-01 12:41:00,BLUE,1.5850000381469727,1.5850000381469727,1.590000033378601,1.582900047302246,1.590000033378601,1267.0
2024-03-01 12:41:00,BMEA,18.030000686645508,18.030000686645508,18.030000686645508,17.959999084472656,17.969999313354492,7999.0
2024-03-01 12:41:00,BMRN,87.23999786376953,87.23999786376953,87.29000091552734,87.23999786376953,87.27999877929688,6221.0
2024-03-01 12:41:00,BNTX,91.7699966430664,91.7699966430664,91.80000305175781,91.76000213623047,91.80000305175781,903.0
2024-03-01 12:41:00,BPMC,97.2300033569336,97.2300033569336,97.2300033569336,97.18499755859375,97.18499755859375,2106.0
2024-03-01 12:41:00,BRKR,88.27999877929688,88.27999877929688,88.27999877929688,88.24500274658203,88.24500274658203,2559.0
2024-03-01 12:41:00,BSGM,0.6439999938011169,0.6439999938011169,0.6439999938011169,0.6439999938011169,0.6439999938011169,100.0
2024-03-01 12:41:00,BTAI,3.2049999237060547,3.2049999237060547,3.2049999237060547,3.2049999237060547,3.2049999237060547,475.0
2024-03-01 12:41:00,BTTX,0.17419999837875366,0.17419999837875366,0.17419999837875366,0.17419999837875366,0.17419999837875366,150.0
2024-03-01 12:41:00,CABA,24.049999237060547,24.049999237060547,24.059999465942383,24.045000076293945,24.045000076293945,1152.0
2024-03-01 12:41:00,CARA,0.9100000262260437,0.9100000262260437,0.9100000262260437,0.9100000262260437,0.9100000262260437,1520.0
2024-03-01 12:41:00,CBAY,32.23500061035156,32.23500061035156,32.2400016784668,32.23500061035156,32.2400016784668,5953.0
2024-03-01 12:41:00,CCCC,10.960000038146973,10.960000038146973,10.960000038146973,10.925000190734863,10.925000190734863,2259.0
2024-03-01 12:41:00,CCRN,18.209999084472656,18.209999084472656,18.209999084472656,18.209999084472656,18.209999084472656,202.0
2024-03-01 12:41:00,CDMO,8.09000015258789,8.09000015258789,8.09000015258789,8.079999923706055,8.079999923706055,631.0
2024-03-01 12:41:00,CDNA,12.34000015258789,12.34000015258789,12.34000015258789,12.3100004196167,12.329999923706055,2207.0
2024-03-01 12:41:00,CDTX,0.7200000286102295,0.7200000286102295,0.7200000286102295,0.7200000286102295,0.7200000286102295,1100.0
2024-03-01 12:41:00,CDXS,4.465000152587891,4.465000152587891,4.465000152587891,4.460000038146973,4.460000038146973,603.0
2024-03-01 12:41:00,CERE,41.099998474121094,41.099998474121094,41.099998474121094,41.092498779296875,41.092498779296875,917.0
2024-03-01 12:41:00,CERS,2.2100000381469727,2.2100000381469727,2.2111001014709473,2.2049999237060547,2.2100000381469727,15781.0
2024-03-01 12:41:00,CERT,17.709999084472656,17.709999084472656,17.719999313354492,17.709999084472656,17.719999313354492,2297.0
2024-03-01 12:41:00,CGC,3.25,3.25,3.25,3.244999885559082,3.25,9665.0
2024-03-01 12:41:00,CGEM,18.989999771118164,18.989999771118164,18.989999771118164,18.969999313354492,18.969999313354492,381.0
2024-03-01 12:41:00,CHRS,2.380000114440918,2.380000114440918,2.380000114440918,2.369999885559082,2.375,5336.0
2024-03-01 12:41:00,CKPT,2.2100000381469727,2.2100000381469727,2.2100000381469727,2.2100000381469727,2.2100000381469727,214.0
2024-03-01 12:41:00,CLDX,50.54999923706055,50.54999923706055,50.66999816894531,50.459999084472656,50.66999816894531,3872.0
2024-03-01 12:41:00,CLNN,0.38499999046325684,0.38499999046325684,0.38499999046325684,0.3804999887943268,0.3804999887943268,4170.0
2024-03-01 12:41:00,CLOV,0.8626000285148621,0.8626000285148621,0.8626999855041504,0.8626000285148621,0.8626999855041504,6552.0
2024-03-01 12:41:00,CLRB,4.139999866485596,4.139999866485596,4.139999866485596,4.130000114440918,4.130000114440918,2302.0
2024-03-01 12:41:00,CMPS,11.470000267028809,11.470000267028809,11.470000267028809,11.470000267028809,11.470000267028809,202.0
2024-03-01 12:41:00,CMPX,1.850000023841858,1.850000023841858,1.850000023841858,1.850000023841858,1.850000023841858,100.0
2024-03-01 12:41:00,COGT,7.179999828338623,7.179999828338623,7.190000057220459,7.179999828338623,7.179999828338623,400.0
2024-03-01 12:41:00,COLL,36.970001220703125,36.970001220703125,36.970001220703125,36.935001373291016,36.935001373291016,2179.0
2024-03-01 12:41:00,CORT,24.19499969482422,24.19499969482422,24.209999084472656,24.190000534057617,24.200000762939453,4166.0
2024-03-01 12:41:00,COSM,0.7688000202178955,0.7688000202178955,0.7688000202178955,0.7670000195503235,0.7670000195503235,2033.0
2024-03-01 12:41:00,CPRX,17.06999969482422,17.06999969482422,17.079999923706055,17.06999969482422,17.079999923706055,2941.0
2024-03-01 12:41:00,CPSI,9.404999732971191,9.404999732971191,9.430000305175781,9.404999732971191,9.430000305175781,901.0
2024-03-01 12:41:00,CRBU,7.949999809265137,7.949999809265137,7.949999809265137,7.920000076293945,7.945000171661377,7234.0
2024-03-01 12:41:00,CRDF,2.3001999855041504,2.3001999855041504,2.309999942779541,2.300100088119507,2.309999942779541,16547.0
2024-03-01 12:41:00,CRNX,46.689998626708984,46.689998626708984,46.689998626708984,46.599998474121094,46.619998931884766,2250.0
2024-03-01 12:41:00,CRON,2.055000066757202,2.055000066757202,2.055000066757202,2.055000066757202,2.055000066757202,656.0
2024-03-01 12:41:00,CRSP,85.9000015258789,85.9000015258789,85.9000015258789,85.81999969482422,85.81999969482422,1579.0
2024-03-01 12:41:00,CTKB,8.720000267028809,8.720000267028809,8.720000267028809,8.71500015258789,8.71500015258789,344.0
2024-03-01 12:41:00,CTMX,2.700000047683716,2.700000047683716,2.700000047683716,2.700000047683716,2.700000047683716,209.0
2024-03-01 12:41:00,CVAC,3.5,3.5,3.5,3.5,3.5,101.0
2024-03-01 12:41:00,CYTK,73.32499694824219,73.32499694824219,73.32499694824219,73.26000213623047,73.27999877929688,8436.0
2024-03-01 12:41:00,CYTO,2.343600034713745,2.343600034713745,2.343600034713745,2.343600034713745,2.343600034713745,356.0
2024-03-01 12:41:00,DARE,0.5519999861717224,0.5519999861717224,0.5521000027656555,0.5519999861717224,0.5521000027656555,1100.0
2024-03-01 12:41:00,DAWN,17.5049991607666,17.5049991607666,17.510000228881836,17.5,17.510000228881836,1080.0
2024-03-01 12:41:00,DCGO,4.114999771118164,4.114999771118164,4.114999771118164,4.114999771118164,4.114999771118164,703.0
2024-03-01 12:41:00,DCPH,17.5049991607666,17.5049991607666,17.5049991607666,17.5049991607666,17.5049991607666,237.0
2024-03-01 12:41:00,DMTK,0.8752999901771545,0.8752999901771545,0.8899000287055969,0.870701014995575,0.8802000284194946,1867.0
2024-03-01 12:41:00,DNLI,20.834999084472656,20.834999084472656,20.895000457763672,20.834999084472656,20.895000457763672,2258.0
2024-03-01 12:41:00,DRMA,0.45899999141693115,0.45899999141693115,0.45899999141693115,0.45899999141693115,0.45899999141693115,293.0
2024-03-01 12:41:00,DRRX,0.9975500106811523,0.9975500106811523,1.000100016593933,0.9951000213623047,1.0,11379.0
2024-03-01 12:41:00,DSGN,2.8949999809265137,2.8949999809265137,2.9102001190185547,2.8949999809265137,2.9102001190185547,4320.0
2024-03-01 12:41:00,DTIL,12.15060043334961,12.15060043334961,12.20989990234375,12.15060043334961,12.20989990234375,486.0
2024-03-01 12:41:00,DVAX,12.875,12.875,12.880000114440918,12.875,12.880000114440918,4263.0
2024-03-01 12:41:00,DXCM,121.33000183105469,121.33000183105469,121.33999633789062,121.26000213623047,121.32499694824219,8675.0
2024-03-01 12:41:00,DYN,28.6924991607666,28.6924991607666,28.75,28.61400032043457,28.6299991607666,8347.0
2024-03-01 12:41:00,EDIT,10.878800392150879,10.878800392150879,10.880000114440918,10.864999771118164,10.864999771118164,609.0
2024-03-01 12:41:00,ELEV,4.880000114440918,4.880000114440918,4.880000114440918,4.849999904632568,4.849999904632568,340.0
2024-03-01 12:41:00,ENSG,123.13999938964844,123.13999938964844,123.13999938964844,123.13999938964844,123.13999938964844,324.0
2024-03-01 12:41:00,ENTA,15.40999984741211,15.40999984741211,15.40999984741211,15.40999984741211,15.40999984741211,346.0
2024-03-01 12:41:00,ENVB,1.5800000429153442,1.5800000429153442,1.590000033378601,1.5800000429153442,1.589900016784668,25335.0
2024-03-01 12:41:00,EOLS,14.710000038146973,14.710000038146973,14.710000038146973,14.699999809265137,14.710000038146973,793.0
2024-03-01 12:41:00,EQ,2.450000047683716,2.450000047683716,2.4958999156951904,2.450000047683716,2.4958999156951904,2011.0
2024-03-01 12:41:00,ESPR,2.5199999809265137,2.5199999809265137,2.5199999809265137,2.5199999809265137,2.5199999809265137,1345.0
2024-03-01 12:41:00,ESTA,45.69499969482422,45.69499969482422,45.69499969482422,45.69499969482422,45.69499969482422,471.0
2024-03-01 12:41:00,ETNB,13.210000038146973,13.210000038146973,13.229999542236328,13.210000038146973,13.220000267028809,13757.0
2024-03-01 12:41:00,EWTX,17.084999084472656,17.084999084472656,17.084999084472656,17.084999084472656,17.084999084472656,249.0
2024-03-01 12:41:00,EXAS,60.22999954223633,60.22999954223633,60.279998779296875,60.22999954223633,60.279998779296875,1249.0
2024-03-01 12:41:00,EXEL,22.485000610351562,22.485000610351562,22.485000610351562,22.475000381469727,22.479999542236328,2942.0
2024-03-01 12:41:00,EYEN,2.4000000953674316,2.4000000953674316,2.4000000953674316,2.3901000022888184,2.3949999809265137,8266.0
2024-03-01 12:41:00,EYPT,28.0,28.0,28.0,27.989999771118164,27.989999771118164,1907.0
2024-03-01 12:41:00,FATE,7.579999923706055,7.579999923706055,7.579999923706055,7.574999809265137,7.579999923706055,1711.0
2024-03-01 12:41:00,FBIO,2.3399999141693115,2.3399999141693115,2.3399999141693115,2.3399999141693115,2.3399999141693115,449.0
2024-03-01 12:41:00,FDMT,29.3799991607666,29.3799991607666,29.389999389648438,29.3799991607666,29.3799991607666,613.0
2024-03-01 12:41:00,FGEN,1.8700000047683716,1.8700000047683716,1.8700000047683716,1.8700000047683716,1.8700000047683716,100.0
2024-03-01 12:41:00,FHTX,7.940000057220459,7.940000057220459,7.940000057220459,7.940000057220459,7.940000057220459,101.0
2024-03-01 12:41:00,FLGT,23.360000610351562,23.360000610351562,23.360000610351562,23.360000610351562,23.360000610351562,548.0
2024-03-01 12:41:00,FOLD,13.354999542236328,13.354999542236328,13.354999542236328,13.345000267028809,13.350000381469727,2730.0
2024-03-01 12:41:00,FULC,10.890000343322754,10.890000343322754,10.899999618530273,10.890000343322754,10.899999618530273,1139.0
2024-03-01 12:41:00,FUSN,12.244999885559082,12.244999885559082,12.244999885559082,12.239999771118164,12.239999771118164,383.0
2024-03-01 12:41:00,GBIO,2.630000114440918,2.630000114440918,2.6600000858306885,2.630000114440918,2.6600000858306885,5072.0
2024-03-01 12:41:00,GDRX,8.270000457763672,8.270000457763672,8.270000457763672,8.253000259399414,8.270000457763672,7268.0
2024-03-01 12:41:00,GERN,2.2049999237060547,2.2049999237060547,2.2149999141693115,2.2016000747680664,2.2039999961853027,53849.0
2024-03-01 12:41:00,GH,19.1299991607666,19.1299991607666,19.139999389648438,19.1200008392334,19.1299991607666,2981.0
2024-03-01 12:41:00,GILD,72.30500030517578,72.30500030517578,72.30999755859375,72.29000091552734,72.30999755859375,11175.0
2024-03-01 12:41:00,GLPG,35.22999954223633,35.22999954223633,35.22999954223633,35.22999954223633,35.22999954223633,447.0
2024-03-01 12:41:00,GMAB,29.31999969482422,29.31999969482422,29.34000015258789,29.309999465942383,29.31999969482422,3489.0
2024-03-01 12:41:00,GMDA,0.3801000118255615,0.3801000118255615,0.3824000060558319,0.3801000118255615,0.3824000060558319,401.0
2024-03-01 12:41:00,GNPX,4.5767998695373535,4.5767998695373535,4.5767998695373535,4.55079984664917,4.55079984664917,2176.0
2024-03-01 12:41:00,GOSS,1.361799955368042,1.361799955368042,1.361799955368042,1.3600000143051147,1.3600000143051147,368.0
2024-03-01 12:41:00,GRFS,7.065000057220459,7.065000057220459,7.070000171661377,7.065000057220459,7.070000171661377,1070.0
2024-03-01 12:41:00,GRTS,2.1549999713897705,2.1549999713897705,2.1600000858306885,2.1449999809265137,2.1500000953674316,26436.0
2024-03-01 12:41:00,GTHX,3.6700000762939453,3.6700000762939453,3.6700000762939453,3.6649999618530273,3.6649999618530273,1654.0
2024-03-01 12:41:00,HALO,41.60499954223633,41.60499954223633,41.60499954223633,41.599998474121094,41.599998474121094,875.0
2024-03-01 12:41:00,HARP,22.940000534057617,22.940000534057617,22.940000534057617,22.940000534057617,22.940000534057617,102.0
2024-03-01 12:41:00,HCAT,7.960000038146973,7.960000038146973,7.96999979019165,7.960000038146973,7.96999979019165,1602.0
2024-03-01 12:41:00,HCTI,2.4749999046325684,2.4749999046325684,2.4749999046325684,2.450000047683716,2.4700000286102295,864.0
2024-03-01 12:41:00,HEPA,3.071700096130371,3.071700096130371,3.071700096130371,3.071700096130371,3.071700096130371,596.0
2024-03-01 12:41:00,HITI,1.7798999547958374,1.7798999547958374,1.7798999547958374,1.7798999547958374,1.7798999547958374,1185.0
2024-03-01 12:41:00,HLTH,0.26989999413490295,0.26989999413490295,0.2718000113964081,0.26989999413490295,0.2718000113964081,1613.0
2024-03-01 12:41:00,HOLX,73.76000213623047,73.76000213623047,73.79000091552734,73.75,73.7699966430664,7229.0
2024-03-01 12:41:00,HOOK,0.7800999879837036,0.7800999879837036,0.7800999879837036,0.7800999879837036,0.7800999879837036,501.0
2024-03-01 12:41:00,HRTX,2.5899999141693115,2.5899999141693115,2.609999895095825,2.5899999141693115,2.5999999046325684,13588.0
2024-03-01 12:41:00,HSCS,0.11829999834299088,0.11829999834299088,0.11829999834299088,0.11829999834299088,0.11829999834299088,100.0
2024-03-01 12:41:00,HSDT,4.888700008392334,4.888700008392334,4.888700008392334,4.888700008392334,4.888700008392334,116.0
2024-03-01 12:41:00,HUMA,3.4600000381469727,3.4600000381469727,3.4674999713897705,3.4600000381469727,3.4649999141693115,2864.0
2024-03-01 12:41:00,IART,36.439998626708984,36.439998626708984,36.439998626708984,36.439998626708984,36.439998626708984,695.0
2024-03-01 12:41:00,IBRX,4.849999904632568,4.849999904632568,4.849999904632568,4.831999778747559,4.835000038146973,3176.0
2024-03-01 12:41:00,ICCM,1.274999976158142,1.274999976158142,1.274999976158142,1.274999976158142,1.274999976158142,212.0
2024-03-01 12:41:00,ICUI,104.98999786376953,104.98999786376953,104.98999786376953,104.77999877929688,104.91000366210938,3926.0
2024-03-01 12:41:00,IDYA,46.34000015258789,46.34000015258789,46.34000015258789,46.33000183105469,46.33000183105469,1010.0
2024-03-01 12:41:00,IINN,1.6399999856948853,1.6399999856948853,1.6399999856948853,1.6399999856948853,1.6399999856948853,305.0
2024-03-01 12:41:00,ILMN,142.07000732421875,142.07000732421875,142.13499450683594,142.07000732421875,142.13499450683594,360.0
2024-03-01 12:41:00,IMCR,68.11000061035156,68.11000061035156,68.11000061035156,68.11000061035156,68.11000061035156,364.0
2024-03-01 12:41:00,IMMX,3.549999952316284,3.549999952316284,3.549999952316284,3.549999952316284,3.549999952316284,500.0
2024-03-01 12:41:00,IMRX,6.210000038146973,6.210000038146973,6.210000038146973,6.210000038146973,6.210000038146973,116.0
2024-03-01 12:41:00,IMTX,12.944999694824219,12.944999694824219,12.944999694824219,12.920000076293945,12.920000076293945,251.0
2024-03-01 12:41:00,IMVT,36.3849983215332,36.3849983215332,36.400001525878906,36.349998474121094,36.349998474121094,3252.0
2024-03-01 12:41:00,INCY,59.220001220703125,59.220001220703125,59.220001220703125,59.220001220703125,59.220001220703125,310.0
2024-03-01 12:41:00,INMD,22.905000686645508,22.905000686645508,22.959999084472656,22.905000686645508,22.959999084472656,1697.0
2024-03-01 12:41:00,INO,9.418800354003906,9.418800354003906,9.418800354003906,9.418800354003906,9.418800354003906,239.0
2024-03-01 12:41:00,INSM,28.579999923706055,28.579999923706055,28.600000381469727,28.56999969482422,28.600000381469727,2713.0
2024-03-01 12:41:00,INVA,15.614999771118164,15.614999771118164,15.614999771118164,15.614999771118164,15.614999771118164,344.0
2024-03-01 12:41:00,INZY,6.729899883270264,6.729899883270264,6.730000019073486,6.71999979019165,6.71999979019165,4791.0
2024-03-01 12:41:00,IOBT,1.8316999673843384,1.8316999673843384,1.8316999673843384,1.8316999673843384,1.8316999673843384,700.0
2024-03-01 12:41:00,IONS,45.90999984741211,45.90999984741211,45.90999984741211,45.834999084472656,45.86000061035156,4026.0
2024-03-01 12:41:00,IOVA,16.774999618530273,16.774999618530273,16.774999618530273,16.729999542236328,16.739999771118164,19821.0
2024-03-01 12:41:00,IPA,1.850000023841858,1.850000023841858,1.850000023841858,1.850000023841858,1.850000023841858,1099.0
2024-03-01 12:41:00,IRWD,9.104999542236328,9.104999542236328,9.109999656677246,9.100000381469727,9.109999656677246,3855.0
2024-03-01 12:41:00,ISRG,394.05499267578125,394.05499267578125,394.17999267578125,394.0400085449219,394.17999267578125,2099.0
2024-03-01 12:41:00,ITCI,71.83499908447266,71.83499908447266,71.83499908447266,71.83499908447266,71.83499908447266,1120.0
2024-03-01 12:41:00,ITOS,10.760000228881836,10.760000228881836,10.770000457763672,10.760000228881836,10.770000457763672,1654.0
2024-03-01 12:41:00,JAGX,0.07329899817705154,0.07329899817705154,0.07339999824762344,0.07249999791383743,0.07329999655485153,214084.0
2024-03-01 12:41:00,JAZZ,119.2699966430664,119.2699966430664,119.33999633789062,119.2699966430664,119.33999633789062,1474.0
2024-03-01 12:41:00,JSPR,21.100000381469727,21.100000381469727,21.100000381469727,21.0,21.0,828.0
2024-03-01 12:41:00,KALA,7.199900150299072,7.199900150299072,7.199900150299072,7.170000076293945,7.170000076293945,800.0
2024-03-01 12:41:00,KALV,13.989999771118164,13.989999771118164,13.989999771118164,13.989999771118164,13.989999771118164,144.0
2024-03-01 12:41:00,KNSA,21.739999771118164,21.739999771118164,21.739999771118164,21.739999771118164,21.739999771118164,210.0
2024-03-01 12:41:00,KNTE,2.6050000190734863,2.6050000190734863,2.6050000190734863,2.6050000190734863,2.6050000190734863,325.0
2024-03-01 12:41:00,KOD,6.090000152587891,6.090000152587891,6.099999904632568,6.085000038146973,6.099999904632568,681.0
2024-03-01 12:41:00,KPTI,1.1992000341415405,1.1992000341415405,1.1992000341415405,1.1992000341415405,1.1992000341415405,500.0
2024-03-01 12:41:00,KROS,70.25,70.25,70.27999877929688,70.19999694824219,70.26000213623047,2482.0
2024-03-01 12:41:00,KRYS,168.64999389648438,168.64999389648438,168.8800048828125,168.64999389648438,168.8800048828125,1471.0
2024-03-01 12:41:00,KTRA,0.0966000035405159,0.0966000035405159,0.0966000035405159,0.0966000035405159,0.0966000035405159,1944.0
2024-03-01 12:41:00,KURA,21.170000076293945,21.170000076293945,21.170000076293945,21.110000610351562,21.110000610351562,2150.0
2024-03-01 12:41:00,KYMR,44.119998931884766,44.119998931884766,44.119998931884766,44.09000015258789,44.09000015258789,1456.0
2024-03-01 12:41:00,KZR,1.0750000476837158,1.0750000476837158,1.0750000476837158,1.0750000476837158,1.0750000476837158,432.0
2024-03-01 12:41:00,LAB,2.509999990463257,2.509999990463257,2.509999990463257,2.505000114440918,2.509999990463257,800.0
2024-03-01 12:41:00,LEXX,2.8399999141693115,2.8399999141693115,2.8499999046325684,2.809999942779541,2.8499999046325684,2603.0
2024-03-01 12:41:00,LFMD,8.0,8.0,8.010000228881836,8.0,8.010000228881836,222.0
2024-03-01 12:41:00,LFST,7.7906999588012695,7.7906999588012695,7.820099830627441,7.789999961853027,7.820099830627441,9749.0
2024-03-01 12:41:00,LGVN,0.5400000214576721,0.5400000214576721,0.5400000214576721,0.5400000214576721,0.5400000214576721,241.0
2024-03-01 12:41:00,LIVN,55.58000183105469,55.58000183105469,55.58000183105469,55.529998779296875,55.54999923706055,1882.0
2024-03-01 12:41:00,LQDA,14.430000305175781,14.430000305175781,14.430000305175781,14.430000305175781,14.430000305175781,738.0
2024-03-01 12:41:00,LTRN,4.617499828338623,4.617499828338623,4.617499828338623,4.594799995422363,4.594799995422363,275.0
2024-03-01 12:41:00,LUCD,1.2417999505996704,1.2417999505996704,1.2417999505996704,1.2417999505996704,1.2417999505996704,282.0
2024-03-01 12:41:00,LUNG,9.3149995803833,9.3149995803833,9.34000015258789,9.3149995803833,9.34000015258789,945.0
2024-03-01 12:41:00,LXRX,2.505000114440918,2.505000114440918,2.505000114440918,2.490000009536743,2.5,33945.0
2024-03-01 12:41:00,LYEL,3.148900032043457,3.148900032043457,3.148900032043457,3.148099899291992,3.148099899291992,2030.0
2024-03-01 12:41:00,MASI,128.2100067138672,128.2100067138672,128.27999877929688,128.2100067138672,128.27999877929688,1392.0
2024-03-01 12:41:00,MBOT,1.2949999570846558,1.2949999570846558,1.2949999570846558,1.2949999570846558,1.2949999570846558,919.0
2024-03-01 12:41:00,MCRB,1.2050000429153442,1.2050000429153442,1.2050000429153442,1.2000000476837158,1.2000000476837158,260.0
2024-03-01 12:41:00,MDGL,249.87989807128906,249.87989807128906,249.87989807128906,249.25999450683594,249.25999450683594,533.0
2024-03-01 12:41:00,MDRX,6.039999961853027,6.039999961853027,6.099999904632568,6.039999961853027,6.039999961853027,1726.0
2024-03-01 12:41:00,MDXG,8.675000190734863,8.675000190734863,8.675000190734863,8.675000190734863,8.675000190734863,546.0
2024-03-01 12:41:00,MDXH,3.7200000286102295,3.7200000286102295,3.7200000286102295,3.7200000286102295,3.7200000286102295,132.0
2024-03-01 12:41:00,ME,0.5756000280380249,0.5756000280380249,0.576200008392334,0.5734999775886536,0.5734999775886536,6696.0
2024-03-01 12:41:00,MEDP,402.68499755859375,402.68499755859375,402.68499755859375,402.68499755859375,402.68499755859375,290.0
2024-03-01 12:41:00,MGNX,18.892900466918945,18.892900466918945,18.892900466918945,18.889999389648438,18.889999389648438,480.0
2024-03-01 12:41:00,MGTX,6.409999847412109,6.409999847412109,6.409999847412109,6.409999847412109,6.409999847412109,3854.0
2024-03-01 12:41:00,MLTX,52.09000015258789,52.09000015258789,52.09000015258789,52.09000015258789,52.09000015258789,1344.0
2024-03-01 12:41:00,MNKD,4.550000190734863,4.550000190734863,4.550000190734863,4.545000076293945,4.550000190734863,425.0
2024-03-01 12:41:00,MNMD,6.150000095367432,6.150000095367432,6.150100231170654,6.150000095367432,6.150100231170654,900.0
2024-03-01 12:41:00,MNOV,1.3701000213623047,1.3701000213623047,1.3705999851226807,1.3701000213623047,1.3705999851226807,503.0
2024-03-01 12:41:00,MODD,1.9299999475479126,1.9299999475479126,1.9299999475479126,1.899999976158142,1.899999976158142,2300.0
2024-03-01 12:41:00,MODV,28.010000228881836,28.010000228881836,28.014999389648438,28.010000228881836,28.014999389648438,456.0
2024-03-01 12:41:00,MORF,39.560001373291016,39.560001373291016,39.560001373291016,39.560001373291016,39.560001373291016,410.0
2024-03-01 12:41:00,MOVE,0.5878000259399414,0.5878000259399414,0.5878000259399414,0.5878000259399414,0.5878000259399414,1311.0
2024-03-01 12:41:00,MRNA,96.70999908447266,96.70999908447266,96.73999786376953,96.69999694824219,96.7300033569336,2784.0
2024-03-01 12:41:00,MRNS,9.989999771118164,9.989999771118164,9.989999771118164,9.989999771118164,9.989999771118164,188.0
2024-03-01 12:41:00,MRSN,6.019999980926514,6.019999980926514,6.019999980926514,5.960000038146973,5.989999771118164,6125.0
2024-03-01 12:41:00,MRUS,52.025001525878906,52.025001525878906,52.03499984741211,51.974998474121094,51.974998474121094,11076.0
2024-03-01 12:41:00,MRVI,7.809999942779541,7.809999942779541,7.840000152587891,7.800000190734863,7.840000152587891,29496.0
2024-03-01 12:41:00,MXCT,4.775000095367432,4.775000095367432,4.775000095367432,4.764999866485596,4.764999866485596,878.0
2024-03-01 12:41:00,MYGN,21.639999389648438,21.639999389648438,21.639999389648438,21.639999389648438,21.639999389648438,204.0
2024-03-01 12:41:00,MYNZ,0.8600000143051147,0.8600000143051147,0.8600000143051147,0.8600000143051147,0.8600000143051147,12781.0
2024-03-01 12:41:00,NARI,45.54499816894531,45.54499816894531,45.599998474121094,45.54499816894531,45.599998474121094,3767.0
2024-03-01 12:41:00,NAUT,2.6500000953674316,2.6500000953674316,2.6500000953674316,2.6500000953674316,2.6500000953674316,200.0
2024-03-01 12:41:00,NBIX,131.0800018310547,131.0800018310547,131.1199951171875,131.0,131.00999450683594,8228.0
2024-03-01 12:41:00,NEOG,17.354999542236328,17.354999542236328,17.375,17.354999542236328,17.375,1218.0
2024-03-01 12:41:00,NKTR,0.7900000214576721,0.7900000214576721,0.7900999784469604,0.7897999882698059,0.789900004863739,21580.0
2024-03-01 12:41:00,NKTX,12.899999618530273,12.899999618530273,12.969900131225586,12.899999618530273,12.949999809265137,998.0
2024-03-01 12:41:00,NNOX,11.114999771118164,11.114999771118164,11.119999885559082,11.09000015258789,11.100000381469727,3547.0
2024-03-01 12:41:00,NRIX,13.664999961853027,13.664999961853027,13.664999961853027,13.664999961853027,13.664999961853027,100.0
2024-03-01 12:41:00,NRSN,2.240000009536743,2.240000009536743,2.25,2.200000047683716,2.2100000381469727,30863.0
2024-03-01 12:41:00,NTLA,33.470001220703125,33.470001220703125,33.47999954223633,33.459999084472656,33.47999954223633,3187.0
2024-03-01 12:41:00,NTRA,88.63999938964844,88.63999938964844,88.63999938964844,88.55999755859375,88.56999969482422,791.0
2024-03-01 12:41:00,NUVL,88.68499755859375,88.68499755859375,88.76000213623047,88.68000030517578,88.68000030517578,669.0
2024-03-01 12:41:00,NVAX,5.130000114440918,5.130000114440918,5.144999980926514,5.130000114440918,5.130000114440918,22005.0
2024-03-01 12:41:00,NVCR,16.0,16.0,16.0,15.979999542236328,15.979999542236328,1201.0
2024-03-01 12:41:00,NVNO,6.450099945068359,6.450099945068359,6.450099945068359,6.450099945068359,6.450099945068359,138.0
2024-03-01 12:41:00,NVOS,0.6438000202178955,0.6438000202178955,0.6438000202178955,0.6438000202178955,0.6438000202178955,888.0
2024-03-01 12:41:00,NYXH,15.0,15.0,15.0,15.0,15.0,200.0
2024-03-01 12:41:00,OCGN,0.9385499954223633,0.9385499954223633,0.9399999976158142,0.9362999796867371,0.9399999976158142,8434.0
2024-03-01 12:41:00,OCUL,10.800000190734863,10.800000190734863,10.800000190734863,10.789999961853027,10.800000190734863,2478.0
2024-03-01 12:41:00,OCUP,2.481100082397461,2.481100082397461,2.481100082397461,2.481100082397461,2.481100082397461,371.0
2024-03-01 12:41:00,OGI,2.1698999404907227,2.1698999404907227,2.1698999404907227,2.1698999404907227,2.1698999404907227,2515.0
2024-03-01 12:41:00,OLK,22.649999618530273,22.649999618530273,22.649999618530273,22.643999099731445,22.643999099731445,872.0
2024-03-01 12:41:00,OLMA,14.449999809265137,14.449999809265137,14.449999809265137,14.390000343322754,14.39009952545166,966.0
2024-03-01 12:41:00,OM,3.140000104904175,3.140000104904175,3.140000104904175,3.140000104904175,3.140000104904175,1063.0
2024-03-01 12:41:00,ONCY,1.1405999660491943,1.1405999660491943,1.1405999660491943,1.1405999660491943,1.1405999660491943,500.0
2024-03-01 12:41:00,ONTX,0.800000011920929,0.800000011920929,0.800000011920929,0.800000011920929,0.800000011920929,5000.0
2024-03-01 12:42:00,ABCL,5.204999923706055,5.204999923706055,5.204999923706055,5.195000171661377,5.199999809265137,2358.0
2024-03-01 12:42:00,ABEO,7.750100135803223,7.750100135803223,7.750100135803223,7.739999771118164,7.75,10894.0
2024-03-01 12:42:00,ABOS,4.690000057220459,4.690000057220459,4.690000057220459,4.690000057220459,4.690000057220459,141.0
2024-03-01 12:42:00,ABSI,5.260000228881836,5.260000228881836,5.260000228881836,5.239999771118164,5.25,5864.0
2024-03-01 12:42:00,ACB,3.180000066757202,3.180000066757202,3.180000066757202,3.174999952316284,3.180000066757202,3210.0
2024-03-01 12:42:00,ACCD,10.199999809265137,10.199999809265137,10.199999809265137,10.199999809265137,10.199999809265137,552.0
2024-03-01 12:42:00,ACET,2.4000000953674316,2.4000000953674316,2.4100000858306885,2.390000104904175,2.390000104904175,13046.0
2024-03-01 12:42:00,ACHC,84.25499725341797,84.25499725341797,84.2699966430664,84.25499725341797,84.2699966430664,695.0
2024-03-01 12:42:00,ACLX,67.22000122070312,67.22000122070312,67.28500366210938,67.22000122070312,67.28500366210938,584.0
2024-03-01 12:42:00,ACON,0.39100000262260437,0.39100000262260437,0.39100000262260437,0.39100000262260437,0.39100000262260437,1000.0
2024-03-01 12:42:00,ACRS,1.2350000143051147,1.2350000143051147,1.2400000095367432,1.2350000143051147,1.2400000095367432,3110.0
2024-03-01 12:42:00,ACXP,2.930000066757202,2.930000066757202,2.990000009536743,2.930000066757202,2.990000009536743,828.0
2024-03-01 12:42:00,ADIL,3.109999895095825,3.109999895095825,3.130000114440918,3.059999942779541,3.069999933242798,64013.0
2024-03-01 12:42:00,ADMA,5.445000171661377,5.445000171661377,5.449900150299072,5.445000171661377,5.445000171661377,3238.0
2024-03-01 12:42:00,ADVM,1.975000023841858,1.975000023841858,1.9754999876022339,1.9701000452041626,1.9754999876022339,3356.0
2024-03-01 12:42:00,AEMD,1.7000000476837158,1.7000000476837158,1.7000000476837158,1.7000000476837158,1.7000000476837158,253.0
2024-03-01 12:42:00,AFMD,0.6370000243186951,0.6370000243186951,0.6370000243186951,0.6370000243186951,0.6370000243186951,400.0
2024-03-01 12:42:00,AGEN,0.6738749742507935,0.6738749742507935,0.6739000082015991,0.673799991607666,0.6738499999046326,10561.0
2024-03-01 12:42:00,AGIO,32.95000076293945,32.95000076293945,32.95000076293945,32.91999816894531,32.91999816894531,1377.0
2024-03-01 12:42:00,AHCO,10.725000381469727,10.725000381469727,10.725000381469727,10.717000007629395,10.717000007629395,700.0
2024-03-01 12:42:00,AIMD,0.949999988079071,0.949999988079071,0.949999988079071,0.949999988079071,0.949999988079071,100.0
2024-03-01 12:42:00,AKAN,0.23499999940395355,0.23499999940395355,0.23499999940395355,0.2312999963760376,0.2312999963760376,5754.0
2024-03-01 12:42:00,AKBA,1.6890000104904175,1.6890000104904175,1.6890000104904175,1.6749999523162842,1.6749999523162842,10693.0
2024-03-01 12:42:00,AKRO,30.03499984741211,30.03499984741211,30.069900512695312,30.03499984741211,30.069900512695312,458.0
2024-03-01 12:42:00,ALDX,4.15500020980835,4.15500020980835,4.15500020980835,4.15500020980835,4.15500020980835,113.0
2024-03-01 12:42:00,ALEC,7.360000133514404,7.360000133514404,7.380000114440918,7.360000133514404,7.369999885559082,981.0
2024-03-01 12:42:00,ALGS,1.100000023841858,1.100000023841858,1.1198999881744385,1.100000023841858,1.1198999881744385,22906.0
2024-03-01 12:42:00,ALHC,5.71999979019165,5.71999979019165,5.730000019073486,5.715000152587891,5.71999979019165,2334.0
2024-03-01 12:42:00,ALKS,30.110000610351562,30.110000610351562,30.139999389648438,30.110000610351562,30.139999389648438,2934.0
2024-03-01 12:42:00,ALLK,1.6050000190734863,1.6050000190734863,1.6100000143051147,1.6050000190734863,1.6100000143051147,1440.0
2024-03-01 12:42:00,ALLO,5.045000076293945,5.045000076293945,5.050000190734863,5.039999961853027,5.039999961853027,1701.0
2024-03-01 12:42:00,ALNY,154.47000122070312,154.47000122070312,154.50999450683594,154.36000061035156,154.36000061035156,1088.0
2024-03-01 12:42:00,ALPN,35.7599983215332,35.7599983215332,35.790000915527344,35.7599983215332,35.779998779296875,1117.0
2024-03-01 12:42:00,ALT,12.170000076293945,12.170000076293945,12.199999809265137,12.170000076293945,12.180000305175781,7812.0
2024-03-01 12:42:00,ALXO,15.020000457763672,15.020000457763672,15.020000457763672,15.020000457763672,15.020000457763672,368.0
2024-03-01 12:42:00,AMED,93.27999877929688,93.27999877929688,93.27999877929688,93.22000122070312,93.22000122070312,506.0
2024-03-01 12:42:00,AMGN,281.3299865722656,281.3299865722656,281.3500061035156,281.2799987792969,281.3399963378906,5384.0
2024-03-01 12:42:00,AMLX,18.829999923706055,18.829999923706055,18.850000381469727,18.829999923706055,18.850000381469727,851.0
2024-03-01 12:42:00,AMPH,45.349998474121094,45.349998474121094,45.36000061035156,45.349998474121094,45.36000061035156,845.0
2024-03-01 12:42:00,AMRN,1.0499999523162842,1.0499999523162842,1.0500999689102173,1.0499999523162842,1.0500999689102173,300.0
2024-03-01 12:42:00,ANNX,5.989999771118164,5.989999771118164,5.989999771118164,5.980000019073486,5.980000019073486,1496.0
2024-03-01 12:42:00,APLS,64.94000244140625,64.94000244140625,64.94000244140625,64.91000366210938,64.94000244140625,881.0
2024-03-01 12:42:00,APLT,7.099999904632568,7.099999904632568,7.099999904632568,7.099999904632568,7.099999904632568,1071.0
2024-03-01 12:42:00,AQST,4.325699806213379,4.325699806213379,4.329999923706055,4.320000171661377,4.320000171661377,1718.0
2024-03-01 12:42:00,ARCT,39.744998931884766,39.744998931884766,39.744998931884766,39.744998931884766,39.744998931884766,345.0
2024-03-01 12:42:00,ARDX,9.664999961853027,9.664999961853027,9.664999961853027,9.65999984741211,9.65999984741211,1609.0
2024-03-01 12:42:00,ARQT,11.748900413513184,11.748900413513184,11.75,11.729999542236328,11.729999542236328,6840.0
2024-03-01 12:42:00,ARVN,49.279998779296875,49.279998779296875,49.310001373291016,49.279998779296875,49.279998779296875,661.0
2024-03-01 12:42:00,ARWR,36.13999938964844,36.13999938964844,36.13999938964844,36.060001373291016,36.060001373291016,5015.0
2024-03-01 12:42:00,ASLN,0.7720000147819519,0.7720000147819519,0.7739999890327454,0.7720000147819519,0.7739999890327454,419.0
2024-03-01 12:42:00,ASRT,0.9298999905586243,0.9298999905586243,0.9298999905586243,0.9298999905586243,0.9298999905586243,100.0
2024-03-01 12:42:00,ATAI,2.125,2.125,2.1298999786376953,2.125,2.1298999786376953,1407.0
2024-03-01 12:42:00,ATEC,13.5649995803833,13.5649995803833,13.574999809265137,13.555000305175781,13.574999809265137,2552.0
2024-03-01 12:42:00,ATHA,3.9779999256134033,3.9779999256134033,3.9800000190734863,3.944999933242798,3.944999933242798,2040.0
2024-03-01 12:42:00,ATOS,1.0199999809265137,1.0199999809265137,1.0199999809265137,1.0199999809265137,1.0199999809265137,111.0
2024-03-01 12:42:00,ATRA,0.7875999808311462,0.7875999808311462,0.7900000214576721,0.7875999808311462,0.7875999808311462,1500.0
2024-03-01 12:42:00,ATXS,15.0024995803833,15.0024995803833,15.010000228881836,15.0024995803833,15.010000228881836,301.0
2024-03-01 12:42:00,AUGX,4.570000171661377,4.570000171661377,4.570000171661377,4.570000171661377,4.570000171661377,117.0
2024-03-01 12:42:00,AUPH,5.864999771118164,5.864999771118164,5.875,5.864999771118164,5.869999885559082,10238.0
2024-03-01 12:42:00,AVDL,12.960000038146973,12.960000038146973,13.020000457763672,12.949999809265137,12.960000038146973,25048.0
2024-03-01 12:42:00,AVXL,5.389999866485596,5.389999866485596,5.389999866485596,5.385000228881836,5.389999866485596,1030.0
2024-03-01 12:42:00,AXSM,82.5199966430664,82.5199966430664,82.61499786376953,82.48999786376953,82.61499786376953,1204.0
2024-03-01 12:42:00,AZN,64.70500183105469,64.70500183105469,64.70999908447266,64.68499755859375,64.68499755859375,5800.0
2024-03-01 12:42:00,AZTA,66.80999755859375,66.80999755859375,66.80999755859375,66.80999755859375,66.80999755859375,634.0
2024-03-01 12:42:00,BBIO,36.08000183105469,36.08000183105469,36.08000183105469,36.08000183105469,36.08000183105469,200.0
2024-03-01 12:42:00,BBLG,2.5,2.5,2.5,2.440000057220459,2.440000057220459,2859.0
2024-03-01 12:42:00,BCAB,2.73009991645813,2.73009991645813,2.740000009536743,2.7300000190734863,2.740000009536743,2686.0
2024-03-01 12:42:00,BCDA,0.5601000189781189,0.5601000189781189,0.5601000189781189,0.5601000189781189,0.5601000189781189,125.0
2024-03-01 12:42:00,BCEL,0.27000001072883606,0.27000001072883606,0.27000001072883606,0.27000001072883606,0.27000001072883606,271.0
2024-03-01 12:42:00,BCYC,25.774999618530273,25.774999618530273,25.774999618530273,25.774999618530273,25.774999618530273,508.0
2024-03-01 12:42:00,BDTX,5.005000114440918,5.005000114440918,5.010000228881836,4.994999885559082,5.0,974.0
2024-03-01 12:42:00,BEAM,40.130001068115234,40.130001068115234,40.130001068115234,40.130001068115234,40.130001068115234,471.0
2024-03-01 12:42:00,BGNE,166.9149932861328,166.9149932861328,166.9149932861328,166.9149932861328,166.9149932861328,569.0
2024-03-01 12:42:00,BIAF,2.369999885559082,2.369999885559082,2.369999885559082,2.3499999046325684,2.3499999046325684,1408.0
2024-03-01 12:42:00,BIOR,1.2000000476837158,1.2000000476837158,1.2000000476837158,1.2000000476837158,1.2000000476837158,100.0
2024-03-01 12:42:00,BIVI,1.909999966621399,1.909999966621399,1.940000057220459,1.892899990081787,1.9108999967575073,172285.0
2024-03-01 12:42:00,BLFS,18.264999389648438,18.264999389648438,18.264999389648438,18.15999984741211,18.15999984741211,4077.0
2024-03-01 12:42:00,BLRX,1.399999976158142,1.399999976158142,1.399999976158142,1.399999976158142,1.399999976158142,436.0
2024-03-01 12:42:00,BLUE,1.590000033378601,1.590000033378601,1.590000033378601,1.5801000595092773,1.5850000381469727,5294.0
2024-03-01 12:42:00,BMEA,18.079999923706055,18.079999923706055,18.09000015258789,18.06999969482422,18.06999969482422,2457.0
2024-03-01 12:42:00,BMRN,87.2699966430664,87.2699966430664,87.2699966430664,87.25,87.26000213623047,1066.0
2024-03-01 12:42:00,BNR,0.8399999737739563,0.8399999737739563,0.8399999737739563,0.8299999833106995,0.8399999737739563,900.0
2024-03-01 12:42:00,BNTX,91.7699966430664,91.7699966430664,91.79499816894531,91.7699966430664,91.77999877929688,1551.0
2024-03-01 12:42:00,BPMC,97.16999816894531,97.16999816894531,97.16999816894531,97.16999816894531,97.16999816894531,119.0
2024-03-01 12:42:00,BRKR,88.32499694824219,88.32499694824219,88.32499694824219,88.2699966430664,88.2699966430664,877.0
2024-03-01 12:42:00,BSGM,0.6439999938011169,0.6439999938011169,0.6439999938011169,0.6439999938011169,0.6439999938011169,100.0
2024-03-01 12:42:00,BTTX,0.17409999668598175,0.17409999668598175,0.1745000034570694,0.17409999668598175,0.1745000034570694,2512.0
2024-03-01 12:42:00,BWAY,6.514999866485596,6.514999866485596,6.53000020980835,6.514999866485596,6.53000020980835,380.0
2024-03-01 12:42:00,BYSI,1.500100016593933,1.500100016593933,1.500100016593933,1.500100016593933,1.500100016593933,3000.0
2024-03-01 12:42:00,CABA,24.059999465942383,24.059999465942383,24.059999465942383,24.059999465942383,24.059999465942383,808.0
2024-03-01 12:42:00,CARA,0.9100000262260437,0.9100000262260437,0.9100000262260437,0.9000999927520752,0.9000999927520752,1345.0
2024-03-01 12:42:00,CBAY,32.23500061035156,32.23500061035156,32.2400016784668,32.23500061035156,32.23500061035156,1721.0
2024-03-01 12:42:00,CCCC,10.984999656677246,10.984999656677246,10.989999771118164,10.96500015258789,10.96500015258789,11979.0
2024-03-01 12:42:00,CCRN,18.209999084472656,18.209999084472656,18.209999084472656,18.209999084472656,18.209999084472656,478.0
2024-03-01 12:42:00,CDMO,8.100000381469727,8.100000381469727,8.100000381469727,8.095000267028809,8.095000267028809,1010.0
2024-03-01 12:42:00,CDNA,12.369999885559082,12.369999885559082,12.369999885559082,12.359999656677246,12.359999656677246,732.0
2024-03-01 12:42:00,CDXS,4.480000019073486,4.480000019073486,4.480000019073486,4.465000152587891,4.465000152587891,2388.0
2024-03-01 12:42:00,CELC,16.200000762939453,16.200000762939453,16.200000762939453,16.200000762939453,16.200000762939453,100.0
2024-03-01 12:42:00,CERE,41.092498779296875,41.092498779296875,41.092498779296875,41.092498779296875,41.092498779296875,328.0
2024-03-01 12:42:00,CERS,2.2149999141693115,2.2149999141693115,2.2149999141693115,2.2100000381469727,2.2100000381469727,5259.0
2024-03-01 12:42:00,CERT,17.719999313354492,17.719999313354492,17.719999313354492,17.719999313354492,17.719999313354492,683.0
2024-03-01 12:42:00,CGC,3.25,3.25,3.255000114440918,3.25,3.25,5388.0
2024-03-01 12:42:00,CGEM,19.0049991607666,19.0049991607666,19.040000915527344,19.0,19.010000228881836,5784.0
2024-03-01 12:42:00,CGEN,2.680000066757202,2.680000066757202,2.684999942779541,2.680000066757202,2.684999942779541,505.0
2024-03-01 12:42:00,CGTX,2.0,2.0,2.0199999809265137,2.0,2.0199999809265137,2577.0
2024-03-01 12:42:00,CHRS,2.384999990463257,2.384999990463257,2.390000104904175,2.375,2.375,8847.0
2024-03-01 12:42:00,CING,1.350000023841858,1.350000023841858,1.350000023841858,1.350000023841858,1.350000023841858,100.0
2024-03-01 12:42:00,CKPT,2.2100000381469727,2.2100000381469727,2.2149999141693115,2.2100000381469727,2.2149999141693115,2300.0
2024-03-01 12:42:00,CLDX,50.46699905395508,50.46699905395508,50.560001373291016,50.46699905395508,50.4900016784668,2742.0
2024-03-01 12:42:00,CLNN,0.38499999046325684,0.38499999046325684,0.38499999046325684,0.38280001282691956,0.38280001282691956,1125.0
2024-03-01 12:42:00,CLOV,0.8622999787330627,0.8622999787330627,0.862500011920929,0.8622999787330627,0.862500011920929,7435.0
2024-03-01 12:42:00,CLPT,6.679999828338623,6.679999828338623,6.679999828338623,6.679999828338623,6.679999828338623,410.0
2024-03-01 12:42:00,CLRB,4.150000095367432,4.150000095367432,4.150000095367432,4.150000095367432,4.150000095367432,1317.0
2024-03-01 12:42:00,CMPS,11.470000267028809,11.470000267028809,11.470000267028809,11.4399995803833,11.470000267028809,1771.0
2024-03-01 12:42:00,CMPX,1.877500057220459,1.877500057220459,1.877500057220459,1.877500057220459,1.877500057220459,972.0
2024-03-01 12:42:00,CNSP,0.3199000060558319,0.3199000060558319,0.3199000060558319,0.3183000087738037,0.3183000087738037,17228.0
2024-03-01 12:42:00,CNTA,10.979999542236328,10.979999542236328,10.979999542236328,10.930000305175781,10.930000305175781,619.0
2024-03-01 12:42:00,CNTX,1.1730999946594238,1.1730999946594238,1.1730999946594238,1.1730999946594238,1.1730999946594238,255.0
2024-03-01 12:42:00,COGT,7.19890022277832,7.19890022277832,7.199999809265137,7.179999828338623,7.179999828338623,4766.0
2024-03-01 12:42:00,CORT,24.209999084472656,24.209999084472656,24.209999084472656,24.209999084472656,24.209999084472656,831.0
2024-03-01 12:42:00,COSM,0.7678999900817871,0.7678999900817871,0.7684000134468079,0.7678999900817871,0.7678999900817871,603.0
2024-03-01 12:42:00,CPRX,17.079999923706055,17.079999923706055,17.079999923706055,17.045000076293945,17.06999969482422,13769.0
2024-03-01 12:42:00,CPSI,9.40999984741211,9.40999984741211,9.40999984741211,9.40999984741211,9.40999984741211,102.0
2024-03-01 12:42:00,CRBP,31.899999618530273,31.899999618530273,31.899999618530273,31.899999618530273,31.899999618530273,609.0
2024-03-01 12:42:00,CRBU,7.9618000984191895,7.9618000984191895,7.96999979019165,7.960000038146973,7.960000038146973,2102.0
2024-03-01 12:42:00,CRDF,2.309999942779541,2.309999942779541,2.309999942779541,2.301300048828125,2.301300048828125,1084.0
2024-03-01 12:42:00,CRMD,3.7100000381469727,3.7100000381469727,3.7100000381469727,3.7100000381469727,3.7100000381469727,100.0
2024-03-01 12:42:00,CRNX,46.72600173950195,46.72600173950195,46.72600173950195,46.72600173950195,46.72600173950195,100.0
2024-03-01 12:42:00,CRON,2.055000066757202,2.055000066757202,2.055000066757202,2.055000066757202,2.055000066757202,250.0
2024-03-01 12:42:00,CRSP,85.94999694824219,85.94999694824219,85.94999694824219,85.88999938964844,85.91000366210938,3105.0
2024-03-01 12:42:00,CRVS,2.2699999809265137,2.2699999809265137,2.2699999809265137,2.2699999809265137,2.2699999809265137,5000.0
2024-03-01 12:42:00,CSTL,20.450000762939453,20.450000762939453,20.469999313354492,20.43000030517578,20.43000030517578,1228.0
2024-03-01 12:42:00,CTKB,8.760000228881836,8.760000228881836,8.760000228881836,8.71500015258789,8.71500015258789,3425.0
2024-03-01 12:42:00,CUE,2.2049999237060547,2.2049999237060547,2.2049999237060547,2.2049999237060547,2.2049999237060547,311.0
2024-03-01 12:42:00,CUTR,2.4221999645233154,2.4221999645233154,2.4221999645233154,2.4221999645233154,2.4221999645233154,193.0
2024-03-01 12:42:00,CVAC,3.505000114440918,3.505000114440918,3.505000114440918,3.5011000633239746,3.5011000633239746,1614.0
2024-03-01 12:42:00,CYTH,1.6100000143051147,1.6100000143051147,1.6100000143051147,1.6100000143051147,1.6100000143051147,285.0
2024-03-01 12:42:00,CYTK,73.3219985961914,73.3219985961914,73.33999633789062,73.30999755859375,73.30999755859375,1434.0
2024-03-01 12:42:00,CYTO,2.3787999153137207,2.3787999153137207,2.3787999153137207,2.3499999046325684,2.3499999046325684,904.0
2024-03-01 12:42:00,DARE,0.5521000027656555,0.5521000027656555,0.5521000027656555,0.5521000027656555,0.5521000027656555,111.0
2024-03-01 12:42:00,DCGO,4.112500190734863,4.112500190734863,4.114999771118164,4.112500190734863,4.114999771118164,430.0
2024-03-01 12:42:00,DCPH,17.5049991607666,17.5049991607666,17.5049991607666,17.5049991607666,17.5049991607666,150.0
2024-03-01 12:42:00,DH,8.8100004196167,8.8100004196167,8.824999809265137,8.8100004196167,8.8100004196167,631.0
2024-03-01 12:42:00,DMTK,0.8700000047683716,0.8700000047683716,0.8726999759674072,0.8700000047683716,0.8726999759674072,3337.0
2024-03-01 12:42:00,DNLI,20.854999542236328,20.854999542236328,20.860000610351562,20.84000015258789,20.850000381469727,1540.0
2024-03-01 12:42:00,DSGN,2.9000000953674316,2.9000000953674316,2.9000000953674316,2.9000000953674316,2.9000000953674316,1440.0
2024-03-01 12:42:00,DTIL,12.119999885559082,12.119999885559082,12.15999984741211,12.109999656677246,12.109999656677246,3779.0
2024-03-01 12:42:00,DVAX,12.890000343322754,12.890000343322754,12.890000343322754,12.880000114440918,12.880000114440918,3887.0
2024-03-01 12:42:00,DXCM,121.55999755859375,121.55999755859375,121.58999633789062,121.33000183105469,121.33000183105469,5685.0
2024-03-01 12:42:00,DYN,28.75,28.75,28.799999237060547,28.700000762939453,28.770000457763672,2751.0
2024-03-01 12:42:00,EDIT,10.879799842834473,10.879799842834473,10.880000114440918,10.875,10.875,1024.0
2024-03-01 12:42:00,EFTR,15.100000381469727,15.100000381469727,15.100000381469727,15.031000137329102,15.031000137329102,583.0
2024-03-01 12:42:00,ELEV,4.879899978637695,4.879899978637695,4.880000114440918,4.850299835205078,4.880000114440918,1202.0
2024-03-01 12:42:00,EMBC,14.390000343322754,14.390000343322754,14.399999618530273,14.390000343322754,14.399999618530273,1248.0
2024-03-01 12:42:00,ENVB,1.559999942779541,1.559999942779541,1.5800000429153442,1.559999942779541,1.5700000524520874,5020.0
2024-03-01 12:42:00,ERAS,2.5399999618530273,2.5399999618530273,2.5399999618530273,2.5399999618530273,2.5399999618530273,137.0
2024-03-01 12:42:00,ESPR,2.5199999809265137,2.5199999809265137,2.5199999809265137,2.5199999809265137,2.5199999809265137,401.0
2024-03-01 12:42:00,ETNB,13.220000267028809,13.220000267028809,13.220000267028809,13.220000267028809,13.220000267028809,1840.0
2024-03-01 12:42:00,EWTX,17.130599975585938,17.130599975585938,17.135000228881836,17.084999084472656,17.100000381469727,5391.0
2024-03-01 12:42:00,EXAS,60.18450164794922,60.18450164794922,60.255001068115234,60.13999938964844,60.25,9315.0
2024-03-01 12:42:00,EYEN,2.3949999809265137,2.3949999809265137,2.4049999713897705,2.390000104904175,2.399899959564209,18865.0
2024-03-01 12:42:00,EYPT,28.1200008392334,28.1200008392334,28.1299991607666,28.010000228881836,28.030000686645508,9419.0
2024-03-01 12:42:00,FATE,7.585000038146973,7.585000038146973,7.59499979019165,7.579999923706055,7.585000038146973,2614.0
2024-03-01 12:42:00,FBIOP,15.500300407409668,15.500300407409668,15.500300407409668,15.5,15.5,472.0
2024-03-01 12:42:00,FDMT,29.420000076293945,29.420000076293945,29.43000030517578,29.420000076293945,29.420000076293945,1160.0
2024-03-01 12:42:00,FGEN,1.8700000047683716,1.8700000047683716,1.8700000047683716,1.8650000095367432,1.8650000095367432,1512.0
2024-03-01 12:42:00,FHTX,7.940000057220459,7.940000057220459,7.940000057220459,7.940000057220459,7.940000057220459,198.0
2024-03-01 12:42:00,FOLD,13.385000228881836,13.385000228881836,13.385000228881836,13.354999542236328,13.354999542236328,3868.0
2024-03-01 12:42:00,FULC,10.890000343322754,10.890000343322754,10.890000343322754,10.890000343322754,10.890000343322754,1326.0
2024-03-01 12:42:00,FUSN,12.256999969482422,12.256999969482422,12.256999969482422,12.256199836730957,12.256199836730957,200.0
2024-03-01 12:42:00,GDRX,8.28499984741211,8.28499984741211,8.28499984741211,8.274999618530273,8.274999618530273,2056.0
2024-03-01 12:42:00,GERN,2.2009999752044678,2.2009999752044678,2.2100000381469727,2.200000047683716,2.2049999237060547,5667.0
2024-03-01 12:42:00,GH,19.15999984741211,19.15999984741211,19.15999984741211,19.139999389648438,19.139999389648438,1510.0
2024-03-01 12:42:00,GILD,72.31999969482422,72.31999969482422,72.31999969482422,72.30500030517578,72.30500030517578,2698.0
2024-03-01 12:42:00,GMDA,0.3801000118255615,0.3801000118255615,0.3801000118255615,0.3801000118255615,0.3801000118255615,500.0
2024-03-01 12:42:00,GNPX,4.590000152587891,4.590000152587891,4.590000152587891,4.590000152587891,4.590000152587891,227.0
2024-03-01 12:42:00,GOSS,1.3698999881744385,1.3698999881744385,1.3698999881744385,1.3650000095367432,1.3650000095367432,1508.0
2024-03-01 12:42:00,GRFS,7.065000057220459,7.065000057220459,7.068699836730957,7.065000057220459,7.065000057220459,887.0
2024-03-01 12:42:00,GRPH,3.494999885559082,3.494999885559082,3.494999885559082,3.494999885559082,3.494999885559082,101.0
2024-03-01 12:42:00,GRTS,2.1549999713897705,2.1549999713897705,2.1549999713897705,2.1549999713897705,2.1549999713897705,10648.0
2024-03-01 12:42:00,GTHX,3.6649999618530273,3.6649999618530273,3.6649999618530273,3.6649999618530273,3.6649999618530273,602.0
2024-03-01 12:42:00,HALO,41.60499954223633,41.60499954223633,41.60499954223633,41.60499954223633,41.60499954223633,582.0
2024-03-01 12:42:00,HCAT,7.994999885559082,7.994999885559082,7.994999885559082,7.96999979019165,7.96999979019165,3302.0
2024-03-01 12:42:00,HITI,1.7699999809265137,1.7699999809265137,1.7699999809265137,1.7649999856948853,1.7699999809265137,2188.0
2024-03-01 12:42:00,HLTH,0.27079999446868896,0.27079999446868896,0.27079999446868896,0.27079999446868896,0.27079999446868896,101.0
2024-03-01 12:42:00,HOLX,73.81500244140625,73.81500244140625,73.81500244140625,73.75,73.76000213623047,10118.0
2024-03-01 12:42:00,HOWL,7.03000020980835,7.03000020980835,7.03000020980835,7.03000020980835,7.03000020980835,122.0
2024-03-01 12:42:00,HQY,81.83999633789062,81.83999633789062,81.87999725341797,81.83999633789062,81.87999725341797,1168.0
2024-03-01 12:42:00,HRMY,31.489999771118164,31.489999771118164,31.520000457763672,31.489999771118164,31.520000457763672,307.0
2024-03-01 12:42:00,HROW,10.859999656677246,10.859999656677246,10.859999656677246,10.859999656677246,10.859999656677246,265.0
2024-03-01 12:42:00,HRTX,2.609999895095825,2.609999895095825,2.609999895095825,2.5950000286102295,2.5950000286102295,8749.0
2024-03-01 12:42:00,HSIC,76.9000015258789,76.9000015258789,76.91000366210938,76.83999633789062,76.83999633789062,1798.0
2024-03-01 12:42:00,HSTM,27.489999771118164,27.489999771118164,27.489999771118164,27.489999771118164,27.489999771118164,421.0
2024-03-01 12:42:00,HUMA,3.4649999141693115,3.4649999141693115,3.4649999141693115,3.4649999141693115,3.4649999141693115,1155.0
2024-03-01 12:42:00,IART,36.41999816894531,36.41999816894531,36.44499969482422,36.41999816894531,36.44499969482422,1335.0
2024-03-01 12:42:00,IBRX,4.860000133514404,4.860000133514404,4.864999771118164,4.848400115966797,4.848400115966797,29577.0
2024-03-01 12:42:00,ICLR,322.7449951171875,322.7449951171875,322.7449951171875,322.7449951171875,322.7449951171875,203.0
2024-03-01 12:42:00,ICUI,105.1500015258789,105.1500015258789,105.18000030517578,104.98999786376953,104.98999786376953,1981.0
2024-03-01 12:42:00,IDXX,581.0900268554688,581.0900268554688,581.0900268554688,580.6950073242188,580.6950073242188,1175.0
2024-03-01 12:42:00,IGMS,13.420000076293945,13.420000076293945,13.420000076293945,13.420000076293945,13.420000076293945,398.0
2024-03-01 12:42:00,IKNA,1.4800000190734863,1.4800000190734863,1.4800000190734863,1.4800000190734863,1.4800000190734863,1224.0
2024-03-01 12:42:00,ILMN,142.27000427246094,142.27000427246094,142.27000427246094,142.2100067138672,142.2100067138672,1394.0
2024-03-01 12:42:00,IMCR,68.11000061035156,68.11000061035156,68.11000061035156,68.11000061035156,68.11000061035156,203.0
2024-03-01 12:42:00,IMMX,3.5399999618530273,3.5399999618530273,3.5399999618530273,3.5399999618530273,3.5399999618530273,500.0
2024-03-01 12:42:00,IMNN,1.1100000143051147,1.1100000143051147,1.1100000143051147,1.100000023841858,1.100000023841858,1025.0
2024-03-01 12:42:00,IMUX,1.4850000143051147,1.4850000143051147,1.4850000143051147,1.4850000143051147,1.4850000143051147,271.0
2024-03-01 12:42:00,IMVT,36.3849983215332,36.3849983215332,36.3849983215332,36.36000061035156,36.36000061035156,458.0
2024-03-01 12:42:00,INCY,59.220001220703125,59.220001220703125,59.22999954223633,59.220001220703125,59.22999954223633,1146.0
2024-03-01 12:42:00,INMD,22.950000762939453,22.950000762939453,22.950000762939453,22.90999984741211,22.90999984741211,1489.0
2024-03-01 12:42:00,INO,9.430000305175781,9.430000305175781,9.430000305175781,9.420000076293945,9.420000076293945,503.0
2024-03-01 12:42:00,INSM,28.59000015258789,28.59000015258789,28.59000015258789,28.59000015258789,28.59000015258789,136.0
2024-03-01 12:42:00,INVA,15.614999771118164,15.614999771118164,15.614999771118164,15.614999771118164,15.614999771118164,257.0
2024-03-01 12:42:00,INZY,6.704999923706055,6.704999923706055,6.730100154876709,6.702899932861328,6.730100154876709,10985.0
2024-03-01 12:42:00,IOBT,1.8300000429153442,1.8300000429153442,1.8300000429153442,1.8300000429153442,1.8300000429153442,100.0
2024-03-01 12:42:00,IONS,45.94499969482422,45.94499969482422,45.95000076293945,45.915000915527344,45.915000915527344,1386.0
2024-03-01 12:42:00,IOVA,16.799999237060547,16.799999237060547,16.799999237060547,16.774999618530273,16.774999618530273,13456.0
2024-03-01 12:42:00,IRWD,9.085000038146973,9.085000038146973,9.104999542236328,9.080100059509277,9.104999542236328,14236.0
2024-03-01 12:42:00,ISRG,394.32000732421875,394.32000732421875,394.32000732421875,394.06500244140625,394.06500244140625,1237.0
2024-03-01 12:42:00,ITCI,71.80999755859375,71.80999755859375,71.83499908447266,71.80999755859375,71.83499908447266,798.0
2024-03-01 12:42:00,ITOS,10.760000228881836,10.760000228881836,10.760000228881836,10.760000228881836,10.760000228881836,105.0
2024-03-01 12:42:00,ITRM,1.2493000030517578,1.2493000030517578,1.2493000030517578,1.2493000030517578,1.2493000030517578,996.0
2024-03-01 12:42:00,IVVD,3.990000009536743,3.990000009536743,4.005000114440918,3.990000009536743,4.005000114440918,780.0
2024-03-01 12:42:00,JAGX,0.07270000129938126,0.07270000129938126,0.07320000231266022,0.07270000129938126,0.07320000231266022,7846.0
2024-03-01 12:42:00,JAZZ,119.36000061035156,119.36000061035156,119.36000061035156,119.36000061035156,119.36000061035156,443.0
2024-03-01 12:42:00,KALA,7.21999979019165,7.21999979019165,7.21999979019165,7.20989990234375,7.20989990234375,1014.0
2024-03-01 12:42:00,KALV,14.010000228881836,14.010000228881836,14.010000228881836,13.989999771118164,13.989999771118164,430.0
2024-03-01 12:42:00,KNSA,21.760000228881836,21.760000228881836,21.760000228881836,21.760000228881836,21.760000228881836,188.0
2024-03-01 12:42:00,KOD,6.110000133514404,6.110000133514404,6.110000133514404,6.099999904632568,6.099999904632568,3747.0
2024-03-01 12:42:00,KPRX,0.6546000242233276,0.6546000242233276,0.6593000292778015,0.6500999927520752,0.6500999927520752,13200.0
2024-03-01 12:42:00,KPTI,1.2000000476837158,1.2000000476837158,1.2000000476837158,1.2000000476837158,1.2000000476837158,3190.0
2024-03-01 12:42:00,KROS,70.12999725341797,70.12999725341797,70.12999725341797,70.12999725341797,70.12999725341797,234.0
2024-03-01 12:42:00,KRYS,168.8800048828125,168.8800048828125,168.94000244140625,168.8800048828125,168.89999389648438,1112.0
2024-03-01 12:42:00,KTRA,0.09655000269412994,0.09655000269412994,0.0966000035405159,0.09655000269412994,0.0966000035405159,1498.0
2024-03-01 12:42:00,KURA,21.190000534057617,21.190000534057617,21.190000534057617,21.174999237060547,21.18000030517578,1366.0
2024-03-01 12:42:00,KYMR,44.10499954223633,44.10499954223633,44.13999938964844,44.099998474121094,44.099998474121094,991.0
2024-03-01 12:42:00,KZIA,0.24690000712871552,0.24690000712871552,0.24690000712871552,0.24690000712871552,0.24690000712871552,2204.0
2024-03-01 12:42:00,LAB,2.509999990463257,2.509999990463257,2.509999990463257,2.505000114440918,2.509999990463257,1000.0
2024-03-01 12:42:00,LBPH,22.17329978942871,22.17329978942871,22.17329978942871,22.17329978942871,22.17329978942871,764.0
2024-03-01 12:42:00,LEGN,65.98999786376953,65.98999786376953,65.98999786376953,65.97000122070312,65.97000122070312,710.0
2024-03-01 12:42:00,LEXX,2.8664000034332275,2.8664000034332275,2.8664000034332275,2.759999990463257,2.770900011062622,3555.0
2024-03-01 12:42:00,LFMD,8.0,8.0,8.0,8.0,8.0,616.0
2024-03-01 12:42:00,LFST,7.804999828338623,7.804999828338623,7.804999828338623,7.78000020980835,7.800000190734863,29555.0
2024-03-01 12:42:00,LGND,78.7925033569336,78.7925033569336,78.7925033569336,78.7925033569336,78.7925033569336,142.0
2024-03-01 12:42:00,LIVN,55.61000061035156,55.61000061035156,55.61000061035156,55.56999969482422,55.59000015258789,790.0
2024-03-01 12:42:00,LMAT,67.41500091552734,67.41500091552734,67.44200134277344,67.41500091552734,67.44200134277344,335.0
2024-03-01 12:42:00,LNTH,65.44000244140625,65.44000244140625,65.47000122070312,65.44000244140625,65.47000122070312,645.0
2024-03-01 12:42:00,LPTX,2.9549999237060547,2.9549999237060547,2.9549999237060547,2.9549999237060547,2.9549999237060547,100.0
2024-03-01 12:42:00,LQDA,14.449999809265137,14.449999809265137,14.449999809265137,14.4350004196167,14.4350004196167,2038.0
2024-03-01 12:42:00,LTRN,4.550000190734863,4.550000190734863,4.590099811553955,4.550000190734863,4.590000152587891,1531.0
2024-03-01 12:42:00,LUNG,9.3149995803833,9.3149995803833,9.3149995803833,9.3149995803833,9.3149995803833,217.0
2024-03-01 12:42:00,LXRX,2.5,2.5,2.5220000743865967,2.5,2.5,49650.0
2024-03-01 12:42:00,LYRA,5.599999904632568,5.599999904632568,5.599999904632568,5.599999904632568,5.599999904632568,112.0
2024-03-01 12:42:00,MACK,14.729999542236328,14.729999542236328,14.729999542236328,14.729999542236328,14.729999542236328,250.0
2024-03-01 12:42:00,MCRB,1.2000000476837158,1.2000000476837158,1.2050000429153442,1.2000000476837158,1.2050000429153442,2826.0
2024-03-01 12:42:00,MDRX,6.079999923706055,6.079999923706055,6.079999923706055,6.039999961853027,6.039999961853027,4046.0
2024-03-01 12:42:00,MDXG,8.675000190734863,8.675000190734863,8.680000305175781,8.675000190734863,8.680000305175781,461.0
2024-03-01 12:42:00,ME,0.5756999850273132,0.5756999850273132,0.5759000182151794,0.574999988079071,0.5759000182151794,36440.0
2024-03-01 12:42:00,MEDP,402.989990234375,402.989990234375,402.989990234375,402.6600036621094,402.6600036621094,302.0
2024-03-01 12:42:00,MGNX,19.0,19.0,19.0,18.899999618530273,18.899999618530273,5672.0
2024-03-01 12:42:00,MIST,1.7599999904632568,1.7599999904632568,1.7599999904632568,1.7599999904632568,1.7599999904632568,640.0
2024-03-01 12:42:00,MNKD,4.549900054931641,4.549900054931641,4.550000190734863,4.549900054931641,4.549900054931641,10519.0
2024-03-01 12:42:00,MNMD,6.164999961853027,6.164999961853027,6.164999961853027,6.15500020980835,6.15500020980835,590.0
2024-03-01 12:42:00,MNPR,0.8339509963989258,0.8339509963989258,0.8339509963989258,0.8292999863624573,0.8292999863624573,501.0
2024-03-01 12:42:00,MODD,1.940000057220459,1.940000057220459,1.940000057220459,1.940000057220459,1.940000057220459,100.0
2024-03-01 12:42:00,MOR,17.59000015258789,17.59000015258789,17.59000015258789,17.584999084472656,17.59000015258789,2452.0
2024-03-01 12:42:00,MREO,3.865000009536743,3.865000009536743,3.865000009536743,3.859999895095825,3.859999895095825,2601.0
2024-03-01 12:42:00,MRNA,96.79000091552734,96.79000091552734,96.87000274658203,96.75,96.75,9818.0
2024-03-01 12:42:00,MRSN,5.989999771118164,5.989999771118164,6.019999980926514,5.96999979019165,6.019100189208984,5789.0
2024-03-01 12:42:00,MRUS,51.91999816894531,51.91999816894531,52.012001037597656,51.91999816894531,52.0,3533.0
2024-03-01 12:42:00,MRVI,7.820000171661377,7.820000171661377,7.820000171661377,7.804999828338623,7.809999942779541,5930.0
2024-03-01 12:42:00,MXCT,4.775000095367432,4.775000095367432,4.775000095367432,4.775000095367432,4.775000095367432,287.0
2024-03-01 12:42:00,MYGN,21.645000457763672,21.645000457763672,21.645000457763672,21.645000457763672,21.645000457763672,236.0
2024-03-01 12:42:00,MYNZ,0.8553000092506409,0.8553000092506409,0.8597999811172485,0.8550000190734863,0.8597999811172485,2310.0
2024-03-01 12:42:00,NARI,45.47999954223633,45.47999954223633,45.560001373291016,45.47999954223633,45.54999923706055,4677.0
2024-03-01 12:42:00,NBIX,131.08999633789062,131.08999633789062,131.08999633789062,131.06500244140625,131.06500244140625,898.0
2024-03-01 12:42:00,NEO,16.075000762939453,16.075000762939453,16.075000762939453,16.075000762939453,16.075000762939453,200.0
2024-03-01 12:42:00,NEOG,17.350000381469727,17.350000381469727,17.360000610351562,17.350000381469727,17.354999542236328,3902.0
2024-03-01 12:42:00,NEXI,6.490300178527832,6.490300178527832,6.490300178527832,6.490300178527832,6.490300178527832,188.0
2024-03-01 12:42:00,NKTR,0.7989000082015991,0.7989000082015991,0.7990000247955322,0.7897999882698059,0.7925999760627747,22750.0
2024-03-01 12:42:00,NNOX,11.140000343322754,11.140000343322754,11.140000343322754,11.119999885559082,11.130000114440918,7723.0
2024-03-01 12:42:00,NRIX,13.6899995803833,13.6899995803833,13.6899995803833,13.664999961853027,13.664999961853027,812.0
2024-03-01 12:42:00,NRSN,2.240000009536743,2.240000009536743,2.240000009536743,2.240000009536743,2.240000009536743,266.0
2024-03-01 12:42:00,NTLA,33.5099983215332,33.5099983215332,33.5099983215332,33.47999954223633,33.47999954223633,1608.0
2024-03-01 12:42:00,NTRA,88.55000305175781,88.55000305175781,88.55000305175781,88.5199966430664,88.52559661865234,789.0
2024-03-01 12:42:00,NUVL,88.87750244140625,88.87750244140625,88.87750244140625,88.75,88.75,1842.0
2024-03-01 12:42:00,NUWE,0.5762490034103394,0.5762490034103394,0.5762490034103394,0.5734999775886536,0.574999988079071,4214.0
2024-03-01 12:42:00,NVAX,5.150000095367432,5.150000095367432,5.150000095367432,5.130000114440918,5.130000114440918,75892.0
2024-03-01 12:42:00,NVCR,16.020000457763672,16.020000457763672,16.020000457763672,16.010000228881836,16.010000228881836,851.0
2024-03-01 12:42:00,NVOS,0.6434999704360962,0.6434999704360962,0.6434999704360962,0.6434999704360962,0.6434999704360962,10000.0
2024-03-01 12:42:00,NXTC,1.7300000190734863,1.7300000190734863,1.7300000190734863,1.7000000476837158,1.7000000476837158,617.0
2024-03-01 12:42:00,NYXH,14.510000228881836,14.510000228881836,14.510000228881836,14.510000228881836,14.510000228881836,170.0
2024-03-01 12:42:00,OCGN,0.9393500089645386,0.9393500089645386,0.9399999976158142,0.9387000203132629,0.9399999976158142,6764.0
2024-03-01 12:42:00,OCUL,10.800000190734863,10.800000190734863,10.819999694824219,10.800000190734863,10.805000305175781,6124.0
2024-03-01 12:42:00,OCUP,2.490000009536743,2.490000009536743,2.490000009536743,2.4800000190734863,2.484999895095825,2594.0
2024-03-01 12:42:00,OGI,2.174999952316284,2.174999952316284,2.174999952316284,2.1700000762939453,2.1700000762939453,3828.0
2024-03-01 12:42:00,OLMA,14.48289966583252,14.48289966583252,14.48289966583252,14.454999923706055,14.460000038146973,607.0
2024-03-01 12:42:00,OMCL,26.440000534057617,26.440000534057617,26.440000534057617,26.440000534057617,26.440000534057617,302.0
2024-03-01 12:42:00,OMER,4.730000019073486,4.730000019073486,4.730000019073486,4.730000019073486,4.730000019073486,698.0
2024-03-01 12:42:00,ONCY,1.1401000022888184,1.1401000022888184,1.1401000022888184,1.1401000022888184,1.1401000022888184,3390.0
2024-03-01 12:42:00,ONTX,0.8199999928474426,0.8199999928474426,0.8199999928474426,0.800000011920929,0.817999005317688,15300.0
2024-03-01 12:43:00,ABEO,7.726200103759766,7.726200103759766,7.75,7.726200103759766,7.75,3111.0
2024-03-01 12:43:00,ABOS,4.693999767303467,4.693999767303467,4.695000171661377,4.690199851989746,4.695000171661377,1273.0
2024-03-01 12:43:00,ABSI,5.255000114440918,5.255000114440918,5.255000114440918,5.255000114440918,5.255000114440918,315.0
2024-03-01 12:43:00,ABUS,2.7799999713897705,2.7799999713897705,2.7799999713897705,2.7799999713897705,2.7799999713897705,108.0
2024-03-01 12:43:00,ACB,3.180000066757202,3.180000066757202,3.180000066757202,3.180000066757202,3.180000066757202,255.0
2024-03-01 12:43:00,ACCD,10.1899995803833,10.1899995803833,10.210000038146973,10.1899995803833,10.210000038146973,2167.0
2024-03-01 12:43:00,ACET,2.3949999809265137,2.3949999809265137,2.3949999809265137,2.3949999809265137,2.3949999809265137,402.0
2024-03-01 12:43:00,ACHC,84.47000122070312,84.47000122070312,84.47000122070312,84.26000213623047,84.2699966430664,12786.0
2024-03-01 12:43:00,ACLX,67.22000122070312,67.22000122070312,67.2750015258789,67.22000122070312,67.2750015258789,587.0
2024-03-01 12:43:00,ACON,0.39899998903274536,0.39899998903274536,0.39899998903274536,0.39899998903274536,0.39899998903274536,2000.0
2024-03-01 12:43:00,ACRS,1.2309000492095947,1.2309000492095947,1.2400000095367432,1.2300000190734863,1.2300000190734863,3193.0
2024-03-01 12:43:00,ADIL,3.0999999046325684,3.0999999046325684,3.130000114440918,3.061000108718872,3.119999885559082,27345.0
2024-03-01 12:43:00,ADMA,5.440000057220459,5.440000057220459,5.449999809265137,5.440000057220459,5.440000057220459,8281.0
2024-03-01 12:43:00,ADPT,4.195000171661377,4.195000171661377,4.195000171661377,4.195000171661377,4.195000171661377,229.0
2024-03-01 12:43:00,ADTX,3.4749999046325684,3.4749999046325684,3.4749999046325684,3.4749999046325684,3.4749999046325684,311.0
2024-03-01 12:43:00,ADUS,93.69999694824219,93.69999694824219,93.69999694824219,93.69999694824219,93.69999694824219,177.0
2024-03-01 12:43:00,ADVM,1.975000023841858,1.975000023841858,1.975000023841858,1.9700000286102295,1.975000023841858,1228.0
2024-03-01 12:43:00,AFMD,0.6399000287055969,0.6399000287055969,0.6399000287055969,0.6399000287055969,0.6399000287055969,30019.0
2024-03-01 12:43:00,AGEN,0.6739000082015991,0.6739000082015991,0.6739000082015991,0.6738499999046326,0.6738749742507935,1800.0
2024-03-01 12:43:00,AGIO,32.90999984741211,32.90999984741211,32.939998626708984,32.90999984741211,32.939998626708984,1524.0
2024-03-01 12:43:00,AHCO,10.710000038146973,10.710000038146973,10.720000267028809,10.710000038146973,10.720000267028809,1677.0
2024-03-01 12:43:00,AKAN,0.23499999940395355,0.23499999940395355,0.23499999940395355,0.23499999940395355,0.23499999940395355,229.0
2024-03-01 12:43:00,AKBA,1.684999942779541,1.684999942779541,1.684999942779541,1.6799999475479126,1.6799999475479126,1473.0
2024-03-01 12:43:00,AKLI,0.34299999475479126,0.34299999475479126,0.34299999475479126,0.34299999475479126,0.34299999475479126,5570.0
2024-03-01 12:43:00,AKRO,29.969999313354492,29.969999313354492,30.043100357055664,29.969999313354492,30.043100357055664,1453.0
2024-03-01 12:43:00,ALDX,4.159999847412109,4.159999847412109,4.159999847412109,4.15500020980835,4.15500020980835,1305.0
2024-03-01 12:43:00,ALEC,7.380000114440918,7.380000114440918,7.380000114440918,7.380000114440918,7.380000114440918,2740.0
2024-03-01 12:43:00,ALGN,303.44000244140625,303.44000244140625,303.44000244140625,303.44000244140625,303.44000244140625,1136.0
2024-03-01 12:43:00,ALGS,1.1100000143051147,1.1100000143051147,1.1195000410079956,1.1100000143051147,1.1100000143051147,1000.0
2024-03-01 12:43:00,ALHC,5.71999979019165,5.71999979019165,5.71999979019165,5.715000152587891,5.715000152587891,310.0
2024-03-01 12:43:00,ALKS,30.1299991607666,30.1299991607666,30.1299991607666,30.1200008392334,30.1200008392334,1369.0
2024-03-01 12:43:00,ALLK,1.6050000190734863,1.6050000190734863,1.6050000190734863,1.6050000190734863,1.6050000190734863,1777.0
2024-03-01 12:43:00,ALLO,5.045000076293945,5.045000076293945,5.050000190734863,5.045000076293945,5.050000190734863,318.0
2024-03-01 12:43:00,ALNY,154.4550018310547,154.4550018310547,154.4550018310547,154.4550018310547,154.4550018310547,386.0
2024-03-01 12:43:00,ALPN,35.779998779296875,35.779998779296875,35.779998779296875,35.75299835205078,35.75299835205078,1438.0
2024-03-01 12:43:00,ALT,12.149999618530273,12.149999618530273,12.16100025177002,12.149999618530273,12.16100025177002,1032.0
2024-03-01 12:43:00,ALXO,15.039999961853027,15.039999961853027,15.039999961853027,14.989999771118164,15.020000457763672,4683.0
2024-03-01 12:43:00,AMGN,281.3999938964844,281.3999938964844,281.3999938964844,281.3299865722656,281.3500061035156,5801.0
2024-03-01 12:43:00,AMLX,18.84000015258789,18.84000015258789,18.84000015258789,18.84000015258789,18.84000015258789,246.0
2024-03-01 12:43:00,AMRN,1.0499999523162842,1.0499999523162842,1.059999942779541,1.0499999523162842,1.059999942779541,516.0
2024-03-01 12:43:00,ANGO,5.5,5.5,5.5,5.494999885559082,5.494999885559082,2428.0
2024-03-01 12:43:00,ANNX,5.986999988555908,5.986999988555908,5.989999771118164,5.986999988555908,5.989999771118164,1671.0
2024-03-01 12:43:00,APLS,65.0199966430664,65.0199966430664,65.06999969482422,64.92749786376953,64.92749786376953,6354.0
2024-03-01 12:43:00,APLT,7.099699974060059,7.099699974060059,7.099999904632568,7.090000152587891,7.099999904632568,706.0
2024-03-01 12:43:00,AQST,4.324999809265137,4.324999809265137,4.324999809265137,4.324999809265137,4.324999809265137,818.0
2024-03-01 12:43:00,ARAY,2.630000114440918,2.630000114440918,2.630000114440918,2.630000114440918,2.630000114440918,2319.0
2024-03-01 12:43:00,ARCT,39.900001525878906,39.900001525878906,39.900001525878906,39.7599983215332,39.78799819946289,3413.0
2024-03-01 12:43:00,ARDS,0.07400000095367432,0.07400000095367432,0.07400000095367432,0.07400000095367432,0.07400000095367432,165.0
2024-03-01 12:43:00,ARDX,9.664999961853027,9.664999961853027,9.668999671936035,9.664999961853027,9.668999671936035,316.0
2024-03-01 12:43:00,ARQT,11.76990032196045,11.76990032196045,11.789999961853027,11.744999885559082,11.748800277709961,10552.0
2024-03-01 12:43:00,ARVN,49.21009826660156,49.21009826660156,49.27000045776367,49.21009826660156,49.27000045776367,557.0
2024-03-01 12:43:00,ARWR,36.119998931884766,36.119998931884766,36.165000915527344,36.119998931884766,36.13959884643555,3596.0
2024-03-01 12:43:00,ASMB,13.100099563598633,13.100099563598633,13.100099563598633,13.100099563598633,13.100099563598633,293.0
2024-03-01 12:43:00,ASRT,0.928600013256073,0.928600013256073,0.928600013256073,0.928600013256073,0.928600013256073,129.0
2024-03-01 12:43:00,ATAI,2.1298000812530518,2.1298000812530518,2.130000114440918,2.119999885559082,2.1298999786376953,2488.0
2024-03-01 12:43:00,ATRA,0.7888000011444092,0.7888000011444092,0.7900000214576721,0.7875999808311462,0.7875999808311462,2996.0
2024-03-01 12:43:00,ATXS,15.005000114440918,15.005000114440918,15.005000114440918,15.0024995803833,15.0024995803833,315.0
2024-03-01 12:43:00,AUGX,4.550000190734863,4.550000190734863,4.550000190734863,4.550000190734863,4.550000190734863,209.0
2024-03-01 12:43:00,AUPH,5.864999771118164,5.864999771118164,5.864999771118164,5.864999771118164,5.864999771118164,479.0
2024-03-01 12:43:00,AUTL,6.360000133514404,6.360000133514404,6.360000133514404,6.360000133514404,6.360000133514404,350.0
2024-03-01 12:43:00,AVDL,12.949999809265137,12.949999809265137,12.960000038146973,12.949999809265137,12.949999809265137,1824.0
2024-03-01 12:43:00,AVIR,4.550000190734863,4.550000190734863,4.550000190734863,4.550000190734863,4.550000190734863,210.0
2024-03-01 12:43:00,AVRO,1.350000023841858,1.350000023841858,1.350000023841858,1.350000023841858,1.350000023841858,100.0
2024-03-01 12:43:00,AVXL,5.375,5.375,5.389999866485596,5.375,5.389999866485596,4082.0
2024-03-01 12:43:00,AXGN,10.520000457763672,10.520000457763672,10.520000457763672,10.520000457763672,10.520000457763672,215.0
2024-03-01 12:43:00,AXSM,82.5199966430664,82.5199966430664,82.5199966430664,82.5199966430664,82.5199966430664,233.0
2024-03-01 12:43:00,AZN,64.68000030517578,64.68000030517578,64.70500183105469,64.68000030517578,64.70500183105469,6221.0
2024-03-01 12:43:00,AZTA,66.80999755859375,66.80999755859375,66.82499694824219,66.80000305175781,66.80999755859375,1052.0
2024-03-01 12:43:00,BBIO,36.07500076293945,36.07500076293945,36.08000183105469,36.07500076293945,36.08000183105469,294.0
2024-03-01 12:43:00,BBLG,2.4100000858306885,2.4100000858306885,2.509999990463257,2.4100000858306885,2.5,3678.0
2024-03-01 12:43:00,BCAB,2.734999895095825,2.734999895095825,2.734999895095825,2.734999895095825,2.734999895095825,113.0
2024-03-01 12:43:00,BCRX,5.760000228881836,5.760000228881836,5.764999866485596,5.755000114440918,5.764999866485596,7844.0
2024-03-01 12:43:00,BCYC,25.764999389648438,25.764999389648438,25.764999389648438,25.764999389648438,25.764999389648438,204.0
2024-03-01 12:43:00,BDTX,5.0,5.0,5.0,5.0,5.0,105.0
2024-03-01 12:43:00,BEAM,40.040000915527344,40.040000915527344,40.13999938964844,40.029998779296875,40.13999938964844,3439.0
2024-03-01 12:43:00,BGXX,0.27459999918937683,0.27459999918937683,0.27459999918937683,0.27459999918937683,0.27459999918937683,4000.0
2024-03-01 12:43:00,BIIB,221.23739624023438,221.23739624023438,221.23739624023438,221.13999938964844,221.13999938964844,1038.0
2024-03-01 12:43:00,BIOR,1.149999976158142,1.149999976158142,1.1799999475479126,1.149999976158142,1.1799999475479126,10810.0
2024-03-01 12:43:00,BIVI,1.9199999570846558,1.9199999570846558,1.9299999475479126,1.899999976158142,1.9097000360488892,67851.0
2024-03-01 12:43:00,BLFS,18.290000915527344,18.290000915527344,18.30900001525879,18.25,18.30900001525879,1370.0
2024-03-01 12:43:00,BLUE,1.5850000381469727,1.5850000381469727,1.590000033378601,1.5850000381469727,1.590000033378601,670.0
2024-03-01 12:43:00,BMEA,18.049999237060547,18.049999237060547,18.079999923706055,18.049999237060547,18.059999465942383,1011.0
2024-03-01 12:43:00,BMRA,1.190000057220459,1.190000057220459,1.190000057220459,1.190000057220459,1.190000057220459,470.0
2024-03-01 12:43:00,BMRN,87.26000213623047,87.26000213623047,87.27999877929688,87.23999786376953,87.27999877929688,3276.0
2024-03-01 12:43:00,BNR,0.8399999737739563,0.8399999737739563,0.8399999737739563,0.8399999737739563,0.8399999737739563,229.0
2024-03-01 12:43:00,BNTX,91.75499725341797,91.75499725341797,91.75499725341797,91.75499725341797,91.75499725341797,333.0
2024-03-01 12:43:00,BPMC,97.22000122070312,97.22000122070312,97.22000122070312,97.22000122070312,97.22000122070312,149.0
2024-03-01 12:43:00,BRKR,88.36000061035156,88.36000061035156,88.36000061035156,88.32499694824219,88.32499694824219,871.0
2024-03-01 12:43:00,BSGM,0.6439999938011169,0.6439999938011169,0.6439999938011169,0.6439999938011169,0.6439999938011169,100.0
2024-03-01 12:43:00,BTTX,0.1746000051498413,0.1746000051498413,0.17489999532699585,0.17430000007152557,0.17489999532699585,5400.0
2024-03-01 12:43:00,BWAY,6.53000020980835,6.53000020980835,6.53000020980835,6.53000020980835,6.53000020980835,100.0
2024-03-01 12:43:00,CABA,24.059999465942383,24.059999465942383,24.059999465942383,24.059999465942383,24.059999465942383,723.0
2024-03-01 12:43:00,CAPR,4.590000152587891,4.590000152587891,4.590000152587891,4.590000152587891,4.590000152587891,1010.0
2024-03-01 12:43:00,CBAY,32.23500061035156,32.23500061035156,32.2400016784668,32.23500061035156,32.23749923706055,1328.0
2024-03-01 12:43:00,CCCC,10.979999542236328,10.979999542236328,10.989999771118164,10.979999542236328,10.989999771118164,2063.0
2024-03-01 12:43:00,CDMO,8.09000015258789,8.09000015258789,8.100000381469727,8.09000015258789,8.100000381469727,1397.0
2024-03-01 12:43:00,CDNA,12.300000190734863,12.300000190734863,12.399999618530273,12.300000190734863,12.399999618530273,6050.0
2024-03-01 12:43:00,CELC,16.1200008392334,16.1200008392334,16.1200008392334,16.1200008392334,16.1200008392334,247.0
2024-03-01 12:43:00,CERE,41.099998474121094,41.099998474121094,41.099998474121094,41.092498779296875,41.099998474121094,1422.0
2024-03-01 12:43:00,CERS,2.2116000652313232,2.2116000652313232,2.2116000652313232,2.2116000652313232,2.2116000652313232,123.0
2024-03-01 12:43:00,CERT,17.739999771118164,17.739999771118164,17.739999771118164,17.729999542236328,17.729999542236328,1254.0
2024-03-01 12:43:00,CGC,3.259999990463257,3.259999990463257,3.259999990463257,3.25,3.2599000930786133,1656.0
2024-03-01 12:43:00,CGEM,19.0049991607666,19.0049991607666,19.0049991607666,19.0049991607666,19.0049991607666,101.0
2024-03-01 12:43:00,CHRS,2.384999990463257,2.384999990463257,2.384999990463257,2.380199909210205,2.3803000450134277,2151.0
2024-03-01 12:43:00,CKPT,2.2112998962402344,2.2112998962402344,2.2112998962402344,2.2112998962402344,2.2112998962402344,200.0
2024-03-01 12:43:00,CLDX,50.76499938964844,50.76499938964844,50.849998474121094,50.459999084472656,50.459999084472656,13423.0
2024-03-01 12:43:00,CLOV,0.8623999953269958,0.8623999953269958,0.862500011920929,0.8622999787330627,0.8623999953269958,15050.0
2024-03-01 12:43:00,CLRB,4.159999847412109,4.159999847412109,4.159999847412109,4.150000095367432,4.150000095367432,2131.0
2024-03-01 12:43:00,CMPS,11.4399995803833,11.4399995803833,11.449999809265137,11.430000305175781,11.449999809265137,1689.0
2024-03-01 12:43:00,CNTB,1.1399999856948853,1.1399999856948853,1.1399999856948853,1.1399999856948853,1.1399999856948853,401.0
2024-03-01 12:43:00,COGT,7.179999828338623,7.179999828338623,7.190000057220459,7.150000095367432,7.190000057220459,16389.0
2024-03-01 12:43:00,CORT,24.19499969482422,24.19499969482422,24.270000457763672,24.18000030517578,24.219999313354492,7738.0
2024-03-01 12:43:00,CPRX,17.059999465942383,17.059999465942383,17.094999313354492,17.059999465942383,17.09000015258789,5700.0
2024-03-01 12:43:00,CPSI,9.430000305175781,9.430000305175781,9.430000305175781,9.399999618530273,9.399999618530273,362.0
2024-03-01 12:43:00,CRBU,7.940000057220459,7.940000057220459,7.965000152587891,7.940000057220459,7.965000152587891,1862.0
2024-03-01 12:43:00,CRDF,2.300100088119507,2.300100088119507,2.309999942779541,2.299999952316284,2.3099000453948975,6501.0
2024-03-01 12:43:00,CRMD,3.7049999237060547,3.7049999237060547,3.7049999237060547,3.7049999237060547,3.7049999237060547,153.0
2024-03-01 12:43:00,CRNX,46.650001525878906,46.650001525878906,46.709999084472656,46.61000061035156,46.69499969482422,5475.0
2024-03-01 12:43:00,CRON,2.050100088119507,2.050100088119507,2.055000066757202,2.050100088119507,2.050100088119507,726.0
2024-03-01 12:43:00,CRSP,85.94999694824219,85.94999694824219,85.9999008178711,85.94999694824219,85.94999694824219,3795.0
2024-03-01 12:43:00,CRVS,2.259999990463257,2.259999990463257,2.259999990463257,2.259999990463257,2.259999990463257,5237.0
2024-03-01 12:43:00,CTKB,8.770000457763672,8.770000457763672,8.78499984741211,8.760000228881836,8.760000228881836,3212.0
2024-03-01 12:43:00,CTMX,2.694999933242798,2.694999933242798,2.700000047683716,2.680000066757202,2.690000057220459,1200.0
2024-03-01 12:43:00,CTSO,0.9599999785423279,0.9599999785423279,0.9599999785423279,0.9599999785423279,0.9599999785423279,343.0
2024-03-01 12:43:00,CUTR,2.4391000270843506,2.4391000270843506,2.4391000270843506,2.420099973678589,2.420099973678589,5092.0
2024-03-01 12:43:00,CYTK,73.31500244140625,73.31500244140625,73.33999633789062,73.27999877929688,73.31500244140625,755.0
2024-03-01 12:43:00,CYTO,2.3671998977661133,2.3671998977661133,2.3671998977661133,2.3671998977661133,2.3671998977661133,150.0
2024-03-01 12:43:00,DAWN,17.480100631713867,17.480100631713867,17.520000457763672,17.480100631713867,17.520000457763672,1729.0
2024-03-01 12:43:00,DCGO,4.119999885559082,4.119999885559082,4.119999885559082,4.112500190734863,4.112500190734863,1182.0
2024-03-01 12:43:00,DCPH,17.510000228881836,17.510000228881836,17.510000228881836,17.510000228881836,17.510000228881836,173.0
2024-03-01 12:43:00,DMTK,0.8500000238418579,0.8500000238418579,0.8701000213623047,0.8500000238418579,0.8701000213623047,20547.0
2024-03-01 12:43:00,DNLI,20.860000610351562,20.860000610351562,20.860000610351562,20.854999542236328,20.854999542236328,526.0
2024-03-01 12:43:00,DTIL,12.180000305175781,12.180000305175781,12.180000305175781,12.109999656677246,12.109999656677246,12187.0
2024-03-01 12:43:00,DVAX,12.885000228881836,12.885000228881836,12.885000228881836,12.885000228881836,12.885000228881836,541.0
2024-03-01 12:43:00,DXCM,121.61000061035156,121.61000061035156,121.61000061035156,121.55000305175781,121.56999969482422,4543.0
2024-03-01 12:43:00,DYN,28.75,28.75,28.75,28.75,28.75,688.0
2024-03-01 12:43:00,EDIT,10.864999771118164,10.864999771118164,10.880000114440918,10.850000381469727,10.875,13065.0
2024-03-01 12:43:00,EFTR,15.199999809265137,15.199999809265137,15.199999809265137,15.180000305175781,15.1899995803833,2029.0
2024-03-01 12:43:00,EGRX,6.755000114440918,6.755000114440918,6.769999980926514,6.755000114440918,6.769999980926514,406.0
2024-03-01 12:43:00,ELEV,4.880000114440918,4.880000114440918,4.880000114440918,4.864999771118164,4.880000114440918,501.0
2024-03-01 12:43:00,EMBC,14.380000114440918,14.380000114440918,14.380000114440918,14.380000114440918,14.380000114440918,310.0
2024-03-01 12:43:00,ENTA,15.4399995803833,15.4399995803833,15.4399995803833,15.4399995803833,15.4399995803833,115.0
2024-03-01 12:43:00,ENVB,1.5800000429153442,1.5800000429153442,1.5800000429153442,1.5544999837875366,1.559999942779541,3401.0
2024-03-01 12:43:00,EOLS,14.729999542236328,14.729999542236328,14.729999542236328,14.720000267028809,14.720000267028809,1198.0
2024-03-01 12:43:00,ESPR,2.5201001167297363,2.5201001167297363,2.5201001167297363,2.5199999809265137,2.5199999809265137,6893.0
2024-03-01 12:43:00,ETNB,13.239999771118164,13.239999771118164,13.239999771118164,13.229999542236328,13.229999542236328,1360.0
2024-03-01 12:43:00,EVGN,0.9599999785423279,0.9599999785423279,0.9624999761581421,0.9599999785423279,0.9624999761581421,1993.0
2024-03-01 12:43:00,EWTX,17.139999389648438,17.139999389648438,17.149999618530273,17.135000228881836,17.135000228881836,1421.0
2024-03-01 12:43:00,EXAS,60.25,60.25,60.2599983215332,60.16999816894531,60.16999816894531,1543.0
2024-03-01 12:43:00,EXEL,22.475000381469727,22.475000381469727,22.5049991607666,22.475000381469727,22.489999771118164,8745.0
2024-03-01 12:43:00,EYEN,2.430000066757202,2.430000066757202,2.440000057220459,2.4000000953674316,2.4000000953674316,30491.0
2024-03-01 12:43:00,EYPT,28.06999969482422,28.06999969482422,28.114999771118164,28.06999969482422,28.114999771118164,793.0
2024-03-01 12:43:00,FATE,7.585000038146973,7.585000038146973,7.585000038146973,7.574999809265137,7.579999923706055,3893.0
2024-03-01 12:43:00,FBIO,2.3350000381469727,2.3350000381469727,2.3350000381469727,2.3350000381469727,2.3350000381469727,1201.0
2024-03-01 12:43:00,FBIOP,15.449999809265137,15.449999809265137,15.449999809265137,15.449999809265137,15.449999809265137,401.0
2024-03-01 12:43:00,FDMT,29.43000030517578,29.43000030517578,29.43000030517578,29.389999389648438,29.43000030517578,1022.0
2024-03-01 12:43:00,FGEN,1.8700000047683716,1.8700000047683716,1.8700000047683716,1.8700000047683716,1.8700000047683716,4246.0
2024-03-01 12:43:00,FHTX,7.880000114440918,7.880000114440918,7.880000114440918,7.880000114440918,7.880000114440918,112.0
2024-03-01 12:43:00,FLGT,23.309999465942383,23.309999465942383,23.309999465942383,23.309999465942383,23.309999465942383,425.0
2024-03-01 12:43:00,FOLD,13.380000114440918,13.380000114440918,13.385000228881836,13.380000114440918,13.385000228881836,5946.0
2024-03-01 12:43:00,FUSN,12.267999649047852,12.267999649047852,12.267999649047852,12.25,12.260000228881836,3107.0
2024-03-01 12:43:00,FWBI,8.550100326538086,8.550100326538086,8.600000381469727,8.550000190734863,8.550000190734863,7120.0
2024-03-01 12:43:00,GDRX,8.279999732971191,8.279999732971191,8.28499984741211,8.279999732971191,8.28499984741211,731.0
2024-03-01 12:43:00,GERN,2.2039999961853027,2.2039999961853027,2.2100000381469727,2.2039999961853027,2.2100000381469727,9877.0
2024-03-01 12:43:00,GH,19.149999618530273,19.149999618530273,19.155000686645508,19.149999618530273,19.155000686645508,786.0
2024-03-01 12:43:00,GILD,72.30500030517578,72.30500030517578,72.33000183105469,72.30500030517578,72.32499694824219,6781.0
2024-03-01 12:43:00,GLTO,0.7476000189781189,0.7476000189781189,0.7476000189781189,0.7451000213623047,0.7451000213623047,6000.0
2024-03-01 12:43:00,GMAB,29.31999969482422,29.31999969482422,29.31999969482422,29.31999969482422,29.31999969482422,470.0
2024-03-01 12:43:00,GMDA,0.38029998540878296,0.38029998540878296,0.38029998540878296,0.3801000118255615,0.3801000118255615,500.0
2024-03-01 12:43:00,GOSS,1.3698999881744385,1.3698999881744385,1.3698999881744385,1.3650000095367432,1.3650000095367432,766.0
2024-03-01 12:43:00,GRPH,3.494999885559082,3.494999885559082,3.494999885559082,3.494999885559082,3.494999885559082,105.0
2024-03-01 12:43:00,GRTS,2.1500000953674316,2.1500000953674316,2.1549999713897705,2.1500000953674316,2.150099992752075,32272.0
2024-03-01 12:43:00,GTHX,3.694999933242798,3.694999933242798,3.694999933242798,3.6700000762939453,3.6700000762939453,3802.0
2024-03-01 12:43:00,HALO,41.60499954223633,41.60499954223633,41.60499954223633,41.60499954223633,41.60499954223633,107.0
2024-03-01 12:43:00,HARP,22.950000762939453,22.950000762939453,22.950000762939453,22.950000762939453,22.950000762939453,182.0
2024-03-01 12:43:00,HCAT,7.989999771118164,7.989999771118164,7.989999771118164,7.989999771118164,7.989999771118164,963.0
2024-03-01 12:43:00,HCSG,12.65999984741211,12.65999984741211,12.65999984741211,12.65999984741211,12.65999984741211,194.0
2024-03-01 12:43:00,HCTI,2.4200000762939453,2.4200000762939453,2.4751999378204346,2.4200000762939453,2.4751999378204346,3580.0
2024-03-01 12:43:00,HLVX,18.979999542236328,18.979999542236328,18.979999542236328,18.979999542236328,18.979999542236328,100.0
2024-03-01 12:43:00,HOLX,73.79000091552734,73.79000091552734,73.80000305175781,73.79000091552734,73.80000305175781,635.0
2024-03-01 12:43:00,HOOK,0.7900000214576721,0.7900000214576721,0.7900000214576721,0.7900000214576721,0.7900000214576721,5457.0
2024-03-01 12:43:00,HQY,81.7699966430664,81.7699966430664,81.7699966430664,81.72200012207031,81.76000213623047,3450.0
2024-03-01 12:43:00,HRTX,2.609999895095825,2.609999895095825,2.609999895095825,2.602299928665161,2.609999895095825,10011.0
2024-03-01 12:43:00,HSCS,0.11829999834299088,0.11829999834299088,0.11829999834299088,0.11829999834299088,0.11829999834299088,5102.0
2024-03-01 12:43:00,HSIC,76.88999938964844,76.88999938964844,76.90499877929688,76.88999938964844,76.90499877929688,649.0
2024-03-01 12:43:00,HSTM,27.489999771118164,27.489999771118164,27.489999771118164,27.489999771118164,27.489999771118164,623.0
2024-03-01 12:43:00,HUMA,3.4649999141693115,3.4649999141693115,3.4700000286102295,3.4649999141693115,3.4649999141693115,3425.0
2024-03-01 12:43:00,IART,36.52000045776367,36.52000045776367,36.529998779296875,36.41999816894531,36.41999816894531,8068.0
2024-03-01 12:43:00,IBRX,4.840000152587891,4.840000152587891,4.855000019073486,4.840000152587891,4.855000019073486,2969.0
2024-03-01 12:43:00,ICLR,322.82501220703125,322.82501220703125,322.82501220703125,322.82501220703125,322.82501220703125,217.0
2024-03-01 12:43:00,ICUI,105.05000305175781,105.05000305175781,105.19999694824219,105.05000305175781,105.08999633789062,1855.0
2024-03-01 12:43:00,IDXX,581.1500244140625,581.1500244140625,581.1500244140625,581.1500244140625,581.1500244140625,132.0
2024-03-01 12:43:00,IFRX,1.8300000429153442,1.8300000429153442,1.8300000429153442,1.8300000429153442,1.8300000429153442,101.0
2024-03-01 12:43:00,IGMS,13.40999984741211,13.40999984741211,13.489999771118164,13.40999984741211,13.4399995803833,3760.0
2024-03-01 12:43:00,ILMN,142.15499877929688,142.15499877929688,142.1649932861328,142.15499877929688,142.16009521484375,873.0
2024-03-01 12:43:00,IMAB,1.850000023841858,1.850000023841858,1.850000023841858,1.850000023841858,1.850000023841858,100.0
2024-03-01 12:43:00,IMCR,68.07499694824219,68.07499694824219,68.07499694824219,68.07499694824219,68.07499694824219,471.0
2024-03-01 12:43:00,IMNM,26.18000030517578,26.18000030517578,26.190000534057617,26.15999984741211,26.184999465942383,1667.0
2024-03-01 12:43:00,IMTX,12.960000038146973,12.960000038146973,12.960000038146973,12.960000038146973,12.960000038146973,244.0
2024-03-01 12:43:00,INBX,36.720001220703125,36.720001220703125,36.720001220703125,36.720001220703125,36.720001220703125,232.0
2024-03-01 12:43:00,INCR,1.9500000476837158,1.9500000476837158,1.9500000476837158,1.9500000476837158,1.9500000476837158,1034.0
2024-03-01 12:43:00,INCY,59.23500061035156,59.23500061035156,59.2400016784668,59.23500061035156,59.2400016784668,318.0
2024-03-01 12:43:00,INGN,6.809999942779541,6.809999942779541,6.809999942779541,6.809999942779541,6.809999942779541,103.0
2024-03-01 12:43:00,INM,0.4009000062942505,0.4009000062942505,0.4009000062942505,0.4009000062942505,0.4009000062942505,187.0
2024-03-01 12:43:00,INMD,22.950000762939453,22.950000762939453,22.95989990234375,22.950000762939453,22.95989990234375,468.0
2024-03-01 12:43:00,INO,9.434100151062012,9.434100151062012,9.434100151062012,9.434100151062012,9.434100151062012,583.0
2024-03-01 12:43:00,INSM,28.59000015258789,28.59000015258789,28.59000015258789,28.59000015258789,28.59000015258789,121.0
2024-03-01 12:43:00,INVA,15.609999656677246,15.609999656677246,15.609999656677246,15.609999656677246,15.609999656677246,3101.0
2024-03-01 12:43:00,INZY,6.684999942779541,6.684999942779541,6.715000152587891,6.684299945831299,6.705100059509277,13425.0
2024-03-01 12:43:00,IONS,45.904998779296875,45.904998779296875,45.94499969482422,45.900001525878906,45.94499969482422,1194.0
2024-03-01 12:43:00,IOVA,16.77400016784668,16.77400016784668,16.799999237060547,16.770000457763672,16.795000076293945,13449.0
2024-03-01 12:43:00,IRWD,9.100000381469727,9.100000381469727,9.109999656677246,9.085000038146973,9.085000038146973,31598.0
2024-03-01 12:43:00,ISRG,394.2099914550781,394.2099914550781,394.2699890136719,394.2099914550781,394.2699890136719,1388.0
2024-03-01 12:43:00,ITCI,71.80000305175781,71.80000305175781,71.80000305175781,71.80000305175781,71.80000305175781,873.0
2024-03-01 12:43:00,IVVD,3.990000009536743,3.990000009536743,4.0,3.990000009536743,3.990000009536743,1249.0
2024-03-01 12:43:00,JAGX,0.07270000129938126,0.07270000129938126,0.07329999655485153,0.07259999960660934,0.0729999989271164,153380.0
2024-03-01 12:43:00,JANX,46.97999954223633,46.97999954223633,47.11000061035156,46.97999954223633,46.97999954223633,4464.0
2024-03-01 12:43:00,JAZZ,119.07430267333984,119.07430267333984,119.29000091552734,119.06500244140625,119.29000091552734,3183.0
2024-03-01 12:43:00,JSPR,20.959999084472656,20.959999084472656,21.0,20.959999084472656,21.0,823.0
2024-03-01 12:43:00,KALA,7.269999980926514,7.269999980926514,7.289999961853027,7.2399001121521,7.239999771118164,3784.0
2024-03-01 12:43:00,KNTE,2.5999999046325684,2.5999999046325684,2.6050000190734863,2.5999999046325684,2.6050000190734863,500.0
2024-03-01 12:43:00,KOD,6.09499979019165,6.09499979019165,6.09499979019165,6.09499979019165,6.09499979019165,1719.0
2024-03-01 12:43:00,KPRX,0.6523000001907349,0.6523000001907349,0.6523000001907349,0.6523000001907349,0.6523000001907349,100.0
2024-03-01 12:43:00,KPTI,1.2100000381469727,1.2100000381469727,1.2100000381469727,1.2098000049591064,1.2100000381469727,3161.0
2024-03-01 12:43:00,KRON,1.034999966621399,1.034999966621399,1.034999966621399,1.031599998474121,1.031599998474121,415.0
2024-03-01 12:43:00,KURA,21.200000762939453,21.200000762939453,21.200000762939453,21.200000762939453,21.200000762939453,633.0
2024-03-01 12:43:00,KYMR,44.10499954223633,44.10499954223633,44.13999938964844,44.10499954223633,44.13999938964844,1203.0
2024-03-01 12:43:00,KZIA,0.2590000033378601,0.2590000033378601,0.2590000033378601,0.2502000033855438,0.2502000033855438,1300.0
2024-03-01 12:43:00,KZR,1.0774999856948853,1.0774999856948853,1.0774999856948853,1.0774999856948853,1.0774999856948853,106.0
2024-03-01 12:43:00,LAB,2.5199999809265137,2.5199999809265137,2.5199999809265137,2.505000114440918,2.509999990463257,6794.0
2024-03-01 12:43:00,LBPH,22.139999389648438,22.139999389648438,22.139999389648438,22.139999389648438,22.139999389648438,102.0
2024-03-01 12:43:00,LEGN,65.98999786376953,65.98999786376953,66.0,65.98999786376953,66.0,344.0
2024-03-01 12:43:00,LEXX,2.8399999141693115,2.8399999141693115,2.8399999141693115,2.8399999141693115,2.8399999141693115,100.0
2024-03-01 12:43:00,LFMD,8.0,8.0,8.010000228881836,7.989999771118164,8.0,2013.0
2024-03-01 12:43:00,LFST,7.800000190734863,7.800000190734863,7.800000190734863,7.800000190734863,7.800000190734863,522.0
2024-03-01 12:43:00,LGND,78.66000366210938,78.66000366210938,78.69000244140625,78.66000366210938,78.68000030517578,669.0
2024-03-01 12:43:00,LIAN,4.864999771118164,4.864999771118164,4.864999771118164,4.864999771118164,4.864999771118164,1168.0
2024-03-01 12:43:00,LIVN,55.540000915527344,55.540000915527344,55.560001373291016,55.5099983215332,55.560001373291016,2080.0
2024-03-01 12:43:00,LMAT,67.41500091552734,67.41500091552734,67.41500091552734,67.41500091552734,67.41500091552734,272.0
2024-03-01 12:43:00,LNTH,65.4000015258789,65.4000015258789,65.44999694824219,65.4000015258789,65.44999694824219,604.0
2024-03-01 12:43:00,LPTX,2.9070000648498535,2.9070000648498535,2.950000047683716,2.9070000648498535,2.940000057220459,8932.0
2024-03-01 12:43:00,LQDA,14.460000038146973,14.460000038146973,14.460000038146973,14.444999694824219,14.444999694824219,1071.0
2024-03-01 12:43:00,LUCD,1.2300000190734863,1.2300000190734863,1.2401000261306763,1.2300000190734863,1.2400000095367432,2312.0
2024-03-01 12:43:00,LVTX,3.049999952316284,3.049999952316284,3.049999952316284,3.0299999713897705,3.0299999713897705,200.0
2024-03-01 12:43:00,LXRX,2.509999990463257,2.509999990463257,2.509999990463257,2.505000114440918,2.505000114440918,6340.0
2024-03-01 12:43:00,LYRA,5.610000133514404,5.610000133514404,5.610000133514404,5.610000133514404,5.610000133514404,100.0
2024-03-01 12:43:00,MACK,14.739999771118164,14.739999771118164,14.739999771118164,14.739999771118164,14.739999771118164,299.0
2024-03-01 12:43:00,MASS,7.369999885559082,7.369999885559082,7.369999885559082,7.369999885559082,7.369999885559082,607.0
2024-03-01 12:43:00,MCRB,1.2050000429153442,1.2050000429153442,1.2050000429153442,1.2000000476837158,1.2000000476837158,9683.0
2024-03-01 12:43:00,MDGL,249.27000427246094,249.27000427246094,249.27000427246094,249.27000427246094,249.27000427246094,208.0
2024-03-01 12:43:00,MDRX,6.039999961853027,6.039999961853027,6.079999923706055,6.039999961853027,6.039999961853027,2553.0
2024-03-01 12:43:00,MDXG,8.680000305175781,8.680000305175781,8.680000305175781,8.670000076293945,8.670000076293945,474.0
2024-03-01 12:43:00,ME,0.5752999782562256,0.5752999782562256,0.5756999850273132,0.574999988079071,0.5756000280380249,30077.0
2024-03-01 12:43:00,MGNX,19.0,19.0,19.0,18.979999542236328,18.979999542236328,3628.0
2024-03-01 12:43:00,MIRM,29.940000534057617,29.940000534057617,30.0,29.90999984741211,30.0,2854.0
2024-03-01 12:43:00,MIST,1.7799999713897705,1.7799999713897705,1.7799999713897705,1.7589999437332153,1.7589999437332153,2992.0
2024-03-01 12:43:00,MLTX,52.05500030517578,52.05500030517578,52.06999969482422,52.05500030517578,52.060001373291016,1943.0
2024-03-01 12:43:00,MNKD,4.559999942779541,4.559999942779541,4.559999942779541,4.550000190734863,4.550000190734863,7085.0
2024-03-01 12:43:00,MNMD,6.159999847412109,6.159999847412109,6.159999847412109,6.150000095367432,6.159999847412109,814.0
2024-03-01 12:43:00,MNOV,1.3700000047683716,1.3700000047683716,1.3700000047683716,1.3700000047683716,1.3700000047683716,176.0
2024-03-01 12:43:00,MODD,1.9301999807357788,1.9301999807357788,1.940000057220459,1.9299999475479126,1.940000057220459,2600.0
2024-03-01 12:43:00,MODV,28.010000228881836,28.010000228881836,28.010000228881836,28.010000228881836,28.010000228881836,118.0
2024-03-01 12:43:00,MOVE,0.576200008392334,0.576200008392334,0.576200008392334,0.576200008392334,0.576200008392334,124.0
2024-03-01 12:43:00,MRNA,96.73999786376953,96.73999786376953,96.79000091552734,96.70999908447266,96.7699966430664,5406.0
2024-03-01 12:43:00,MRNS,10.010000228881836,10.010000228881836,10.010000228881836,10.0,10.0,842.0
2024-03-01 12:43:00,MRSN,5.989999771118164,5.989999771118164,5.994999885559082,5.989999771118164,5.994999885559082,2343.0
2024-03-01 12:43:00,MRUS,51.98500061035156,51.98500061035156,52.01499938964844,51.98500061035156,51.9900016784668,3800.0
2024-03-01 12:43:00,MXCT,4.78000020980835,4.78000020980835,4.78000020980835,4.775000095367432,4.775000095367432,306.0
2024-03-01 12:43:00,MYGN,21.645000457763672,21.645000457763672,21.645000457763672,21.645000457763672,21.645000457763672,687.0
2024-03-01 12:43:00,MYNZ,0.8547999858856201,0.8547999858856201,0.8547999858856201,0.8546000123023987,0.8546000123023987,200.0
2024-03-01 12:43:00,NARI,45.44499969482422,45.44499969482422,45.494598388671875,45.400001525878906,45.47999954223633,2924.0
2024-03-01 12:43:00,NAUT,2.6549999713897705,2.6549999713897705,2.6549999713897705,2.6500000953674316,2.6500000953674316,207.0
2024-03-01 12:43:00,NBIX,131.05999755859375,131.05999755859375,131.05999755859375,131.05999755859375,131.05999755859375,1136.0
2024-03-01 12:43:00,NEO,16.059999465942383,16.059999465942383,16.059999465942383,16.059999465942383,16.059999465942383,501.0
2024-03-01 12:43:00,NEOG,17.315000534057617,17.315000534057617,17.329999923706055,17.315000534057617,17.329999923706055,434.0
2024-03-01 12:43:00,NGM,1.5299999713897705,1.5299999713897705,1.5299999713897705,1.5299999713897705,1.5299999713897705,802.0
2024-03-01 12:43:00,NKTR,0.7990000247955322,0.7990000247955322,0.7990000247955322,0.7990000247955322,0.7990000247955322,150.0
2024-03-01 12:43:00,NKTX,12.899999618530273,12.899999618530273,12.920000076293945,12.899999618530273,12.920000076293945,5422.0
2024-03-01 12:43:00,NNOX,11.104999542236328,11.104999542236328,11.145000457763672,11.104999542236328,11.145000457763672,1668.0
2024-03-01 12:43:00,NOTV,8.09000015258789,8.09000015258789,8.095000267028809,8.09000015258789,8.09000015258789,1268.0
2024-03-01 12:43:00,NRSN,2.247499942779541,2.247499942779541,2.25,2.2300000190734863,2.2300000190734863,6775.0
2024-03-01 12:43:00,NTLA,33.46500015258789,33.46500015258789,33.52000045776367,33.46500015258789,33.52000045776367,2624.0
2024-03-01 12:43:00,NTRA,88.61000061035156,88.61000061035156,88.61000061035156,88.51000213623047,88.51000213623047,635.0
2024-03-01 12:43:00,NUVL,88.81999969482422,88.81999969482422,88.83499908447266,88.76000213623047,88.83499908447266,456.0
2024-03-01 12:43:00,NUWE,0.5774000287055969,0.5774000287055969,0.5799999833106995,0.5751000046730042,0.5751000046730042,18800.0
2024-03-01 12:43:00,NVAX,5.210100173950195,5.210100173950195,5.230000019073486,5.159999847412109,5.159999847412109,233319.0
2024-03-01 12:43:00,NVCR,16.020000457763672,16.020000457763672,16.030000686645508,16.020000457763672,16.030000686645508,1294.0
2024-03-01 12:43:00,NVOS,0.6432989835739136,0.6432989835739136,0.6434999704360962,0.6432989835739136,0.6434999704360962,400.0
2024-03-01 12:43:00,NXTC,1.7350000143051147,1.7350000143051147,1.7350000143051147,1.7350000143051147,1.7350000143051147,101.0
2024-03-01 12:43:00,OCGN,0.9387999773025513,0.9387999773025513,0.9387999773025513,0.9387999773025513,0.9387999773025513,2006.0
2024-03-01 12:43:00,OCUL,10.820699691772461,10.820699691772461,10.828800201416016,10.800000190734863,10.800000190734863,3608.0
2024-03-01 12:43:00,OCUP,2.503999948501587,2.503999948501587,2.503999948501587,2.503999948501587,2.503999948501587,996.0
2024-03-01 12:43:00,OFIX,12.850000381469727,12.850000381469727,12.854999542236328,12.84000015258789,12.84000015258789,2226.0
2024-03-01 12:43:00,OGI,2.174999952316284,2.174999952316284,2.174999952316284,2.174999952316284,2.174999952316284,175.0
2024-03-01 12:43:00,OLK,22.645000457763672,22.645000457763672,22.645000457763672,22.645000457763672,22.645000457763672,381.0
2024-03-01 12:43:00,OLMA,14.520000457763672,14.520000457763672,14.520000457763672,14.489999771118164,14.489999771118164,352.0
2024-03-01 12:43:00,OM,3.125,3.125,3.134999990463257,3.119999885559082,3.130000114440918,10210.0
2024-03-01 12:43:00,OMGA,4.190000057220459,4.190000057220459,4.190000057220459,4.179999828338623,4.179999828338623,744.0
2024-03-01 12:43:00,ONCY,1.1399999856948853,1.1399999856948853,1.1399999856948853,1.1399999856948853,1.1399999856948853,1814.0
2024-03-01 12:44:00,ABCL,5.203999996185303,5.203999996185303,5.203999996185303,5.199999809265137,5.199999809265137,744.0
2024-03-01 12:44:00,ABEO,7.720099925994873,7.720099925994873,7.720099925994873,7.720099925994873,7.720099925994873,3023.0
2024-03-01 12:44:00,ABSI,5.255000114440918,5.255000114440918,5.260000228881836,5.25,5.255000114440918,2721.0
2024-03-01 12:44:00,ABUS,2.7799999713897705,2.7799999713897705,2.7799999713897705,2.7799999713897705,2.7799999713897705,211.0
2024-03-01 12:44:00,ACAD,24.31999969482422,24.31999969482422,24.31999969482422,24.280000686645508,24.280000686645508,1659.0
2024-03-01 12:44:00,ACB,3.171099901199341,3.171099901199341,3.171099901199341,3.171099901199341,3.171099901199341,530.0
2024-03-01 12:44:00,ACET,2.396899938583374,2.396899938583374,2.3980000019073486,2.3949999809265137,2.3980000019073486,1216.0
2024-03-01 12:44:00,ACHC,84.5,84.5,84.51000213623047,84.5,84.5,1338.0
2024-03-01 12:44:00,ACHL,1.3600000143051147,1.3600000143051147,1.3600000143051147,1.3600000143051147,1.3600000143051147,100.0
2024-03-01 12:44:00,ACLX,67.19999694824219,67.19999694824219,67.19999694824219,67.19000244140625,67.19000244140625,213.0
2024-03-01 12:44:00,ACON,0.39899900555610657,0.39899900555610657,0.39899900555610657,0.39899900555610657,0.39899900555610657,1000.0
2024-03-01 12:44:00,ACRS,1.2400000095367432,1.2400000095367432,1.2400000095367432,1.2300000190734863,1.2350000143051147,520.0
2024-03-01 12:44:00,ADAP,1.6160999536514282,1.6160999536514282,1.6160999536514282,1.6160999536514282,1.6160999536514282,1750.0
2024-03-01 12:44:00,ADIL,3.1143999099731445,3.1143999099731445,3.130000114440918,3.0999999046325684,3.109999895095825,34787.0
2024-03-01 12:44:00,ADMA,5.445000171661377,5.445000171661377,5.449999809265137,5.440000057220459,5.449999809265137,1892.0
2024-03-01 12:44:00,ADPT,4.195000171661377,4.195000171661377,4.195000171661377,4.195000171661377,4.195000171661377,221.0
2024-03-01 12:44:00,ADUS,93.69999694824219,93.69999694824219,93.69999694824219,93.69999694824219,93.69999694824219,156.0
2024-03-01 12:44:00,ADVM,1.975000023841858,1.975000023841858,1.9800000190734863,1.975000023841858,1.975000023841858,1622.0
2024-03-01 12:44:00,AFMD,0.6399999856948853,0.6399999856948853,0.6399999856948853,0.6399999856948853,0.6399999856948853,150.0
2024-03-01 12:44:00,AGEN,0.6738749742507935,0.6738749742507935,0.6739000082015991,0.6738499999046326,0.6738499999046326,1505.0
2024-03-01 12:44:00,AGIO,32.88999938964844,32.88999938964844,32.90999984741211,32.88999938964844,32.90999984741211,353.0
2024-03-01 12:44:00,AHCO,10.699999809265137,10.699999809265137,10.710000038146973,10.699999809265137,10.704999923706055,1864.0
2024-03-01 12:44:00,AIRS,6.570000171661377,6.570000171661377,6.570000171661377,6.570000171661377,6.570000171661377,100.0
2024-03-01 12:44:00,AKAN,0.23229999840259552,0.23229999840259552,0.23240000009536743,0.23229999840259552,0.23240000009536743,2582.0
2024-03-01 12:44:00,AKBA,1.6800999641418457,1.6800999641418457,1.6800999641418457,1.6799999475479126,1.6799999475479126,1100.0
2024-03-01 12:44:00,AKLI,0.34299999475479126,0.34299999475479126,0.34299999475479126,0.33330100774765015,0.33330100774765015,1544.0
2024-03-01 12:44:00,ALDX,4.159999847412109,4.159999847412109,4.159999847412109,4.159999847412109,4.159999847412109,119.0
2024-03-01 12:44:00,ALEC,7.380000114440918,7.380000114440918,7.380000114440918,7.380000114440918,7.380000114440918,629.0
2024-03-01 12:44:00,ALGN,303.5899963378906,303.5899963378906,303.5899963378906,303.5799865722656,303.5799865722656,718.0
2024-03-01 12:44:00,ALGS,1.1102999448776245,1.1102999448776245,1.1102999448776245,1.1102999448776245,1.1102999448776245,176.0
2024-03-01 12:44:00,ALHC,5.715000152587891,5.715000152587891,5.715000152587891,5.715000152587891,5.715000152587891,397.0
2024-03-01 12:44:00,ALLK,1.6050000190734863,1.6050000190734863,1.6074999570846558,1.6050000190734863,1.6050000190734863,773.0
2024-03-01 12:44:00,ALLO,5.039999961853027,5.039999961853027,5.039999961853027,5.039999961853027,5.039999961853027,505.0
2024-03-01 12:44:00,ALPN,35.849998474121094,35.849998474121094,35.849998474121094,35.790000915527344,35.810001373291016,1787.0
2024-03-01 12:44:00,ALT,12.119999885559082,12.119999885559082,12.149999618530273,12.119999885559082,12.149999618530273,5809.0
2024-03-01 12:44:00,ALVR,0.7525500059127808,0.7525500059127808,0.7525500059127808,0.7525500059127808,0.7525500059127808,300.0
2024-03-01 12:44:00,AMGN,281.4599914550781,281.4599914550781,281.5799865722656,281.3900146484375,281.3900146484375,10820.0
2024-03-01 12:44:00,AMLX,18.84000015258789,18.84000015258789,18.84000015258789,18.84000015258789,18.84000015258789,363.0
2024-03-01 12:44:00,AMPH,45.349998474121094,45.349998474121094,45.390201568603516,45.349998474121094,45.390201568603516,665.0
2024-03-01 12:44:00,AMRN,1.0499999523162842,1.0499999523162842,1.0499999523162842,1.0499999523162842,1.0499999523162842,221.0
2024-03-01 12:44:00,ANNX,5.989999771118164,5.989999771118164,5.989999771118164,5.980000019073486,5.980000019073486,311.0
2024-03-01 12:44:00,ANTX,3.029599905014038,3.029599905014038,3.029599905014038,3.029599905014038,3.029599905014038,1633.0
2024-03-01 12:44:00,APLT,7.066400051116943,7.066400051116943,7.090000152587891,7.066400051116943,7.090000152587891,3387.0
2024-03-01 12:44:00,APVO,0.16050000488758087,0.16050000488758087,0.16050000488758087,0.16040000319480896,0.16040000319480896,400.0
2024-03-01 12:44:00,AQST,4.299499988555908,4.299499988555908,4.324999809265137,4.299499988555908,4.324999809265137,11052.0
2024-03-01 12:44:00,ARCT,39.900001525878906,39.900001525878906,39.900001525878906,39.81999969482422,39.81999969482422,1185.0
2024-03-01 12:44:00,ARDX,9.6697998046875,9.6697998046875,9.670000076293945,9.660099983215332,9.669300079345703,2812.0
2024-03-01 12:44:00,ARQT,11.760000228881836,11.760000228881836,11.770000457763672,11.75,11.761199951171875,6127.0
2024-03-01 12:44:00,ARVN,49.209999084472656,49.209999084472656,49.255001068115234,49.209999084472656,49.255001068115234,306.0
2024-03-01 12:44:00,ARWR,36.150001525878906,36.150001525878906,36.16999816894531,36.150001525878906,36.15999984741211,696.0
2024-03-01 12:44:00,ASLN,0.7544999718666077,0.7544999718666077,0.7702000141143799,0.7544999718666077,0.7702000141143799,1501.0
2024-03-01 12:44:00,ASND,150.91000366210938,150.91000366210938,150.91000366210938,150.5399932861328,150.5399932861328,845.0
2024-03-01 12:44:00,ASRT,0.9297999739646912,0.9297999739646912,0.9297999739646912,0.928600013256073,0.928600013256073,313.0
2024-03-01 12:44:00,ATAI,2.119999885559082,2.119999885559082,2.130000114440918,2.119999885559082,2.130000114440918,660.0
2024-03-01 12:44:00,ATRA,0.7875999808311462,0.7875999808311462,0.7875999808311462,0.7875999808311462,0.7875999808311462,100.0
2024-03-01 12:44:00,ATRC,36.040000915527344,36.040000915527344,36.040000915527344,36.040000915527344,36.040000915527344,284.0
2024-03-01 12:44:00,ATXS,15.0,15.0,15.005000114440918,15.0,15.0024995803833,1095.0
2024-03-01 12:44:00,AVDL,12.960000038146973,12.960000038146973,12.960000038146973,12.960000038146973,12.960000038146973,220.0
2024-03-01 12:44:00,AVIR,4.549900054931641,4.549900054931641,4.550000190734863,4.546599864959717,4.550000190734863,1246.0
2024-03-01 12:44:00,AVXL,5.374000072479248,5.374000072479248,5.375,5.374000072479248,5.375,930.0
2024-03-01 12:44:00,AXGN,10.511899948120117,10.511899948120117,10.511899948120117,10.511899948120117,10.511899948120117,101.0
2024-03-01 12:44:00,AXNX,67.68920135498047,67.68920135498047,67.69000244140625,67.68499755859375,67.69000244140625,1416.0
2024-03-01 12:44:00,AXSM,82.5250015258789,82.5250015258789,82.5250015258789,82.5199966430664,82.5199966430664,338.0
2024-03-01 12:44:00,AZN,64.69000244140625,64.69000244140625,64.69000244140625,64.68000030517578,64.68000030517578,4401.0
2024-03-01 12:44:00,BBIO,36.09000015258789,36.09000015258789,36.09000015258789,36.09000015258789,36.09000015258789,643.0
2024-03-01 12:44:00,BBLG,2.490000009536743,2.490000009536743,2.490000009536743,2.430000066757202,2.430000066757202,391.0
2024-03-01 12:44:00,BCAB,2.734999895095825,2.734999895095825,2.734999895095825,2.734999895095825,2.734999895095825,325.0
2024-03-01 12:44:00,BCRX,5.764999866485596,5.764999866485596,5.764999866485596,5.764999866485596,5.764999866485596,463.0
2024-03-01 12:44:00,BDTX,5.0,5.0,5.0,5.0,5.0,100.0
2024-03-01 12:44:00,BEAM,40.04499816894531,40.04499816894531,40.060001373291016,40.040000915527344,40.040000915527344,1366.0
2024-03-01 12:44:00,BIOL,0.13814899325370789,0.13814899325370789,0.13814899325370789,0.13814899325370789,0.13814899325370789,1438.0
2024-03-01 12:44:00,BIOR,1.1749999523162842,1.1749999523162842,1.1749999523162842,1.1749999523162842,1.1749999523162842,153.0
2024-03-01 12:44:00,BIVI,1.9019999504089355,1.9019999504089355,1.9299999475479126,1.899999976158142,1.9149999618530273,80322.0
2024-03-01 12:44:00,BLFS,18.270000457763672,18.270000457763672,18.270000457763672,18.25,18.25,495.0
2024-03-01 12:44:00,BLUE,1.5850000381469727,1.5850000381469727,1.590000033378601,1.5850000381469727,1.590000033378601,12025.0
2024-03-01 12:44:00,BMEA,18.075000762939453,18.075000762939453,18.075000762939453,18.075000762939453,18.075000762939453,190.0
2024-03-01 12:44:00,BMRN,87.26000213623047,87.26000213623047,87.33000183105469,87.25,87.27999877929688,8460.0
2024-03-01 12:44:00,BNTC,5.144999980926514,5.144999980926514,5.18120002746582,5.144999980926514,5.18120002746582,700.0
2024-03-01 12:44:00,BNTX,91.5999984741211,91.5999984741211,91.69000244140625,91.5999984741211,91.69000244140625,599.0
2024-03-01 12:44:00,BPMC,97.13999938964844,97.13999938964844,97.19000244140625,97.13999938964844,97.13999938964844,1046.0
2024-03-01 12:44:00,BTTX,0.17599999904632568,0.17599999904632568,0.17599999904632568,0.1745000034570694,0.1745000034570694,31098.0
2024-03-01 12:44:00,BWAY,6.53000020980835,6.53000020980835,6.53000020980835,6.53000020980835,6.53000020980835,101.0
2024-03-01 12:44:00,CABA,24.059999465942383,24.059999465942383,24.06999969482422,24.059999465942383,24.06999969482422,804.0
2024-03-01 12:44:00,CBAY,32.23500061035156,32.23500061035156,32.2400016784668,32.22999954223633,32.23500061035156,17613.0
2024-03-01 12:44:00,CCCC,10.970000267028809,10.970000267028809,10.975000381469727,10.96500015258789,10.975000381469727,3745.0
2024-03-01 12:44:00,CDMO,8.085000038146973,8.085000038146973,8.085000038146973,8.085000038146973,8.085000038146973,797.0
2024-03-01 12:44:00,CDNA,12.350000381469727,12.350000381469727,12.350000381469727,12.329999923706055,12.329999923706055,998.0
2024-03-01 12:44:00,CDXS,4.480000019073486,4.480000019073486,4.480000019073486,4.474999904632568,4.474999904632568,200.0
2024-03-01 12:44:00,CELC,16.15999984741211,16.15999984741211,16.200000762939453,16.15999984741211,16.200000762939453,571.0
2024-03-01 12:44:00,CERE,41.099998474121094,41.099998474121094,41.11000061035156,41.099998474121094,41.099998474121094,3001.0
2024-03-01 12:44:00,CERT,17.739999771118164,17.739999771118164,17.75,17.730899810791016,17.75,2031.0
2024-03-01 12:44:00,CGC,3.255000114440918,3.255000114440918,3.255000114440918,3.255000114440918,3.255000114440918,302.0
2024-03-01 12:44:00,CGEM,18.979999542236328,18.979999542236328,18.979999542236328,18.979999542236328,18.979999542236328,163.0
2024-03-01 12:44:00,CHRS,2.390000104904175,2.390000104904175,2.390000104904175,2.389899969100952,2.389899969100952,4076.0
2024-03-01 12:44:00,CKPT,2.2149999141693115,2.2149999141693115,2.2149999141693115,2.2149999141693115,2.2149999141693115,103.0
2024-03-01 12:44:00,CLDX,50.7599983215332,50.7599983215332,50.77000045776367,50.7599983215332,50.76499938964844,1277.0
2024-03-01 12:44:00,CLNN,0.38109999895095825,0.38109999895095825,0.38499999046325684,0.38109999895095825,0.38499999046325684,442.0
2024-03-01 12:44:00,CLOV,0.8611000180244446,0.8611000180244446,0.8623999953269958,0.8600000143051147,0.8623999953269958,38801.0
2024-03-01 12:44:00,CLPT,6.659999847412109,6.659999847412109,6.690000057220459,6.659999847412109,6.690000057220459,1293.0
2024-03-01 12:44:00,CLSD,1.3899999856948853,1.3899999856948853,1.3899999856948853,1.3899999856948853,1.3899999856948853,506.0
2024-03-01 12:44:00,CMPS,11.449999809265137,11.449999809265137,11.460000038146973,11.430000305175781,11.449999809265137,877.0
2024-03-01 12:44:00,CNSP,0.3197999894618988,0.3197999894618988,0.3197999894618988,0.3197999894618988,0.3197999894618988,311.0
2024-03-01 12:44:00,CORT,24.19499969482422,24.19499969482422,24.19499969482422,24.19499969482422,24.19499969482422,268.0
2024-03-01 12:44:00,CPRX,17.065000534057617,17.065000534057617,17.065000534057617,17.065000534057617,17.065000534057617,877.0
2024-03-01 12:44:00,CPSI,9.404999732971191,9.404999732971191,9.404999732971191,9.404999732971191,9.404999732971191,265.0
2024-03-01 12:44:00,CRBU,7.929999828338623,7.929999828338623,7.934999942779541,7.929999828338623,7.934999942779541,2019.0
2024-03-01 12:44:00,CRDF,2.3176000118255615,2.3176000118255615,2.319999933242798,2.3001999855041504,2.3001999855041504,11616.0
2024-03-01 12:44:00,CRNX,46.654998779296875,46.654998779296875,46.654998779296875,46.654998779296875,46.654998779296875,193.0
2024-03-01 12:44:00,CRSP,86.0199966430664,86.0199966430664,86.04000091552734,85.95999908447266,85.95999908447266,3884.0
2024-03-01 12:44:00,CSTL,20.510000228881836,20.510000228881836,20.510000228881836,20.510000228881836,20.510000228881836,333.0
2024-03-01 12:44:00,CTKB,8.770000457763672,8.770000457763672,8.770000457763672,8.765000343322754,8.765000343322754,730.0
2024-03-01 12:44:00,CTMX,2.690000057220459,2.690000057220459,2.694999933242798,2.690000057220459,2.694999933242798,3525.0
2024-03-01 12:44:00,CTXR,0.7700999975204468,0.7700999975204468,0.7702000141143799,0.7700999975204468,0.7702000141143799,2637.0
2024-03-01 12:44:00,CUTR,2.4214999675750732,2.4214999675750732,2.4391000270843506,2.420099973678589,2.4391000270843506,3914.0
2024-03-01 12:44:00,CVAC,3.5,3.5,3.5,3.5,3.5,106.0
2024-03-01 12:44:00,CYTK,73.29000091552734,73.29000091552734,73.3499984741211,73.26000213623047,73.31500244140625,9289.0
2024-03-01 12:44:00,CYTO,2.374000072479248,2.374000072479248,2.374000072479248,2.3499999046325684,2.3499999046325684,630.0
2024-03-01 12:44:00,DAWN,17.479999542236328,17.479999542236328,17.479999542236328,17.479999542236328,17.479999542236328,882.0
2024-03-01 12:44:00,DCGO,4.114999771118164,4.114999771118164,4.114999771118164,4.112500190734863,4.112500190734863,227.0
2024-03-01 12:44:00,DCPH,17.510000228881836,17.510000228881836,17.510000228881836,17.510000228881836,17.510000228881836,115.0
2024-03-01 12:44:00,DMTK,0.8500999808311462,0.8500999808311462,0.8798990249633789,0.8500000238418579,0.8593500256538391,6242.0
2024-03-01 12:44:00,DNLI,20.860000610351562,20.860000610351562,20.860000610351562,20.860000610351562,20.860000610351562,197.0
2024-03-01 12:44:00,DSGN,2.9049999713897705,2.9049999713897705,2.9049999713897705,2.9049999713897705,2.9049999713897705,450.0
2024-03-01 12:44:00,DXCM,121.70999908447266,121.70999908447266,121.75,121.62999725341797,121.62999725341797,5376.0
2024-03-01 12:44:00,DYN,28.75,28.75,28.757200241088867,28.739999771118164,28.757200241088867,1255.0
2024-03-01 12:44:00,EDIT,10.885000228881836,10.885000228881836,10.890000343322754,10.880000114440918,10.880000114440918,2582.0
2024-03-01 12:44:00,EFTR,15.289999961853027,15.289999961853027,15.289999961853027,15.220000267028809,15.220000267028809,1066.0
2024-03-01 12:44:00,EGRX,6.739999771118164,6.739999771118164,6.769999980926514,6.739999771118164,6.769999980926514,687.0
2024-03-01 12:44:00,ELEV,4.920000076293945,4.920000076293945,4.929999828338623,4.900000095367432,4.900000095367432,2302.0
2024-03-01 12:44:00,EMBC,14.380000114440918,14.380000114440918,14.380000114440918,14.380000114440918,14.380000114440918,282.0
2024-03-01 12:44:00,ENTA,15.404999732971191,15.404999732971191,15.404999732971191,15.404999732971191,15.404999732971191,130.0
2024-03-01 12:44:00,ENVB,1.559999942779541,1.559999942779541,1.5800000429153442,1.559999942779541,1.5800000429153442,216.0
2024-03-01 12:44:00,EPIX,9.479999542236328,9.479999542236328,9.479999542236328,9.460000038146973,9.460000038146973,219.0
2024-03-01 12:44:00,ESPR,2.5199999809265137,2.5199999809265137,2.5199999809265137,2.5199999809265137,2.5199999809265137,782.0
2024-03-01 12:44:00,ETNB,13.220000267028809,13.220000267028809,13.220000267028809,13.220000267028809,13.220000267028809,1394.0
2024-03-01 12:44:00,EVO,7.539999961853027,7.539999961853027,7.539999961853027,7.53000020980835,7.53000020980835,221.0
2024-03-01 12:44:00,EXAS,60.25,60.25,60.2599983215332,60.25,60.2599983215332,753.0
2024-03-01 12:44:00,EXEL,22.479999542236328,22.479999542236328,22.479999542236328,22.479999542236328,22.479999542236328,680.0
2024-03-01 12:44:00,EYEN,2.449899911880493,2.449899911880493,2.449899911880493,2.440000057220459,2.440000057220459,5742.0
2024-03-01 12:44:00,EYPT,28.015100479125977,28.015100479125977,28.049999237060547,28.015100479125977,28.049999237060547,1396.0
2024-03-01 12:44:00,FATE,7.590000152587891,7.590000152587891,7.590000152587891,7.579999923706055,7.585000038146973,887.0
2024-03-01 12:44:00,FEMY,1.7000000476837158,1.7000000476837158,1.7000000476837158,1.7000000476837158,1.7000000476837158,865.0
2024-03-01 12:44:00,FOLD,13.395000457763672,13.395000457763672,13.395000457763672,13.385000228881836,13.385000228881836,2343.0
2024-03-01 12:44:00,FULC,10.895000457763672,10.895000457763672,10.899999618530273,10.890000343322754,10.899999618530273,1683.0
2024-03-01 12:44:00,FUSN,12.260000228881836,12.260000228881836,12.260000228881836,12.258000373840332,12.258000373840332,211.0
2024-03-01 12:44:00,FWBI,8.550100326538086,8.550100326538086,8.550100326538086,8.550100326538086,8.550100326538086,768.0
2024-03-01 12:44:00,GALT,1.9299999475479126,1.9299999475479126,1.9299999475479126,1.9299999475479126,1.9299999475479126,194.0
2024-03-01 12:44:00,GCTK,0.3149999976158142,0.3149999976158142,0.3149999976158142,0.3149999976158142,0.3149999976158142,200.0
2024-03-01 12:44:00,GDRX,8.279999732971191,8.279999732971191,8.289899826049805,8.279999732971191,8.279999732971191,2353.0
2024-03-01 12:44:00,GERN,2.200000047683716,2.200000047683716,2.2100000381469727,2.200000047683716,2.20989990234375,106029.0
2024-03-01 12:44:00,GH,19.15999984741211,19.15999984741211,19.15999984741211,19.149999618530273,19.149999618530273,435.0
2024-03-01 12:44:00,GILD,72.32499694824219,72.32499694824219,72.33999633789062,72.30500030517578,72.30500030517578,7909.0
2024-03-01 12:44:00,GLTO,0.7462999820709229,0.7462999820709229,0.7476000189781189,0.7400000095367432,0.7476000189781189,13018.0
2024-03-01 12:44:00,GLYC,3.0350000858306885,3.0350000858306885,3.0399999618530273,3.0350000858306885,3.0399999618530273,520.0
2024-03-01 12:44:00,GMAB,29.329999923706055,29.329999923706055,29.329999923706055,29.31999969482422,29.31999969482422,1072.0
2024-03-01 12:44:00,GMDA,0.3804999887943268,0.3804999887943268,0.38089999556541443,0.38029998540878296,0.38029998540878296,788.0
2024-03-01 12:44:00,GOSS,1.3700000047683716,1.3700000047683716,1.3700000047683716,1.3650000095367432,1.3650000095367432,1610.0
2024-03-01 12:44:00,GRFS,7.081099987030029,7.081099987030029,7.090000152587891,7.065000057220459,7.065000057220459,6540.0
2024-03-01 12:44:00,GRTS,2.140700101852417,2.140700101852417,2.1549999713897705,2.140000104904175,2.1500000953674316,4913.0
2024-03-01 12:44:00,GTHX,3.7049999237060547,3.7049999237060547,3.70740008354187,3.699700117111206,3.699700117111206,6260.0
2024-03-01 12:44:00,HALO,41.619998931884766,41.619998931884766,41.619998931884766,41.619998931884766,41.619998931884766,238.0
2024-03-01 12:44:00,HCAT,7.994999885559082,7.994999885559082,7.994999885559082,7.989999771118164,7.989999771118164,309.0
2024-03-01 12:44:00,HCSG,12.664999961853027,12.664999961853027,12.664999961853027,12.664999961853027,12.664999961853027,147.0
2024-03-01 12:44:00,HCTI,2.430000066757202,2.430000066757202,2.4549999237060547,2.430000066757202,2.450000047683716,1458.0
2024-03-01 12:44:00,HLVX,18.989999771118164,18.989999771118164,18.989999771118164,18.989999771118164,18.989999771118164,453.0
2024-03-01 12:44:00,HOLX,73.77999877929688,73.77999877929688,73.80000305175781,73.77999877929688,73.80000305175781,1872.0
2024-03-01 12:44:00,HOWL,7.03000020980835,7.03000020980835,7.03000020980835,7.03000020980835,7.03000020980835,120.0
2024-03-01 12:44:00,HRMY,31.520000457763672,31.520000457763672,31.520000457763672,31.520000457763672,31.520000457763672,1033.0
2024-03-01 12:44:00,HRTX,2.609999895095825,2.609999895095825,2.609999895095825,2.609999895095825,2.609999895095825,300.0
2024-03-01 12:44:00,HSIC,76.91999816894531,76.91999816894531,76.91999816894531,76.91999816894531,76.91999816894531,416.0
2024-03-01 12:44:00,HUMA,3.4649999141693115,3.4649999141693115,3.4700000286102295,3.4649999141693115,3.4649999141693115,25265.0
2024-03-01 12:44:00,IART,36.54999923706055,36.54999923706055,36.55500030517578,36.54999923706055,36.54999923706055,387.0
2024-03-01 12:44:00,IBRX,4.84499979019165,4.84499979019165,4.84499979019165,4.840000152587891,4.840000152587891,890.0
2024-03-01 12:44:00,ICLR,322.6549987792969,322.6549987792969,322.6549987792969,322.6549987792969,322.6549987792969,358.0
2024-03-01 12:44:00,ICUI,105.05000305175781,105.05000305175781,105.05000305175781,105.05000305175781,105.05000305175781,128.0
2024-03-01 12:44:00,IDXX,581.4600219726562,581.4600219726562,581.4600219726562,581.3900146484375,581.3900146484375,479.0
2024-03-01 12:44:00,IFRX,1.840000033378601,1.840000033378601,1.840000033378601,1.840000033378601,1.840000033378601,199.0
2024-03-01 12:44:00,IINN,1.649999976158142,1.649999976158142,1.659999966621399,1.649999976158142,1.649999976158142,1287.0
2024-03-01 12:44:00,ILMN,142.1300048828125,142.1300048828125,142.13499450683594,142.1300048828125,142.13499450683594,410.0
2024-03-01 12:44:00,IMAB,1.840000033378601,1.840000033378601,1.840000033378601,1.840000033378601,1.840000033378601,812.0
2024-03-01 12:44:00,IMCR,68.13999938964844,68.13999938964844,68.19999694824219,68.0999984741211,68.18000030517578,1436.0
2024-03-01 12:44:00,IMMX,3.5399999618530273,3.5399999618530273,3.5399999618530273,3.5399999618530273,3.5399999618530273,201.0
2024-03-01 12:44:00,IMNM,26.170000076293945,26.170000076293945,26.18000030517578,26.110000610351562,26.149999618530273,1583.0
2024-03-01 12:44:00,INBX,36.720001220703125,36.720001220703125,36.720001220703125,36.720001220703125,36.720001220703125,685.0
2024-03-01 12:44:00,INCY,59.25,59.25,59.25,59.220001220703125,59.22999954223633,1996.0
2024-03-01 12:44:00,INGN,6.840000152587891,6.840000152587891,6.840000152587891,6.829999923706055,6.829999923706055,975.0
2024-03-01 12:44:00,INMB,12.25,12.25,12.25,12.109999656677246,12.109999656677246,2270.0
2024-03-01 12:44:00,INMD,22.940000534057617,22.940000534057617,22.950000762939453,22.940000534057617,22.94499969482422,6124.0
2024-03-01 12:44:00,INNV,4.813799858093262,4.813799858093262,4.813799858093262,4.813799858093262,4.813799858093262,123.0
2024-03-01 12:44:00,INO,9.460000038146973,9.460000038146973,9.460000038146973,9.449999809265137,9.449999809265137,648.0
2024-03-01 12:44:00,INSM,28.610000610351562,28.610000610351562,28.610000610351562,28.59000015258789,28.600000381469727,1180.0
2024-03-01 12:44:00,INVA,15.614999771118164,15.614999771118164,15.614999771118164,15.614999771118164,15.614999771118164,522.0
2024-03-01 12:44:00,INZY,6.684999942779541,6.684999942779541,6.684999942779541,6.684999942779541,6.684999942779541,680.0
2024-03-01 12:44:00,IONS,45.904998779296875,45.904998779296875,45.904998779296875,45.8849983215332,45.8849983215332,353.0
2024-03-01 12:44:00,IOVA,16.764999389648438,16.764999389648438,16.774999618530273,16.7450008392334,16.770000457763672,16642.0
2024-03-01 12:44:00,IRMD,42.099998474121094,42.099998474121094,42.099998474121094,42.099998474121094,42.099998474121094,100.0
2024-03-01 12:44:00,IRWD,9.085000038146973,9.085000038146973,9.104999542236328,9.080100059509277,9.100799560546875,11827.0
2024-03-01 12:44:00,ISRG,394.2699890136719,394.2699890136719,394.2699890136719,394.2699890136719,394.2699890136719,397.0
2024-03-01 12:44:00,ITCI,71.76000213623047,71.76000213623047,71.76000213623047,71.76000213623047,71.76000213623047,260.0
2024-03-01 12:44:00,ITOS,10.850000381469727,10.850000381469727,10.850000381469727,10.760000228881836,10.760000228881836,45496.0
2024-03-01 12:44:00,ITRM,1.2484999895095825,1.2484999895095825,1.2484999895095825,1.2484999895095825,1.2484999895095825,907.0
2024-03-01 12:44:00,JAGX,0.07270000129938126,0.07270000129938126,0.07320000231266022,0.07259999960660934,0.07320000231266022,8790.0
2024-03-01 12:44:00,JSPR,20.899999618530273,20.899999618530273,20.899999618530273,20.84000015258789,20.8700008392334,424.0
2024-03-01 12:44:00,KNSA,21.75,21.75,21.75,21.75,21.75,100.0
2024-03-01 12:44:00,KNTE,2.6050000190734863,2.6050000190734863,2.6050000190734863,2.6050000190734863,2.6050000190734863,100.0
2024-03-01 12:44:00,KOD,6.09499979019165,6.09499979019165,6.144999980926514,6.09499979019165,6.0960001945495605,12372.0
2024-03-01 12:44:00,KPTI,1.2100000381469727,1.2100000381469727,1.2100000381469727,1.2050000429153442,1.2100000381469727,1307.0
2024-03-01 12:44:00,KTRA,0.0966000035405159,0.0966000035405159,0.0966000035405159,0.0966000035405159,0.0966000035405159,2000.0
2024-03-01 12:44:00,KURA,21.18000030517578,21.18000030517578,21.18000030517578,21.18000030517578,21.18000030517578,564.0
2024-03-01 12:44:00,KYMR,44.1349983215332,44.1349983215332,44.1349983215332,44.125,44.125,1242.0
2024-03-01 12:44:00,KZR,1.0800000429153442,1.0800000429153442,1.0800000429153442,1.0700000524520874,1.0700000524520874,1605.0
2024-03-01 12:44:00,LAB,2.5199999809265137,2.5199999809265137,2.5199999809265137,2.515000104904175,2.5199999809265137,514.0
2024-03-01 12:44:00,LBPH,22.139999389648438,22.139999389648438,22.149999618530273,22.139999389648438,22.140100479125977,621.0
2024-03-01 12:44:00,LEGN,65.94000244140625,65.94000244140625,65.98500061035156,65.94000244140625,65.98500061035156,348.0
2024-03-01 12:44:00,LFMD,8.0,8.0,8.010000228881836,7.989999771118164,8.010000228881836,663.0
2024-03-01 12:44:00,LFST,7.800000190734863,7.800000190734863,7.800000190734863,7.789999961853027,7.795000076293945,4045.0
2024-03-01 12:44:00,LGND,78.58499908447266,78.58499908447266,78.69999694824219,78.58499908447266,78.69999694824219,314.0
2024-03-01 12:44:00,LMAT,67.41500091552734,67.41500091552734,67.41500091552734,67.41500091552734,67.41500091552734,359.0
2024-03-01 12:44:00,LRMR,11.5,11.5,11.5,11.489999771118164,11.5,6078.0
2024-03-01 12:44:00,LUNG,9.319999694824219,9.319999694824219,9.329999923706055,9.319999694824219,9.329999923706055,601.0
2024-03-01 12:44:00,LVTX,3.0299999713897705,3.0299999713897705,3.0299999713897705,3.0299999713897705,3.0299999713897705,100.0
2024-03-01 12:44:00,LXRX,2.5299999713897705,2.5299999713897705,2.5399999618530273,2.509500026702881,2.509500026702881,23641.0
2024-03-01 12:44:00,LYRA,5.610000133514404,5.610000133514404,5.610000133514404,5.599999904632568,5.599999904632568,401.0
2024-03-01 12:44:00,MASI,128.28500366210938,128.28500366210938,128.28500366210938,128.28500366210938,128.28500366210938,445.0
2024-03-01 12:44:00,MCRB,1.2000000476837158,1.2000000476837158,1.2000000476837158,1.2000000476837158,1.2000000476837158,2536.0
2024-03-01 12:44:00,MDGL,249.97500610351562,249.97500610351562,250.0,249.92999267578125,249.92999267578125,4258.0
2024-03-01 12:44:00,MDRX,6.039999961853027,6.039999961853027,6.039999961853027,6.039999961853027,6.039999961853027,803.0
2024-03-01 12:44:00,MDXG,8.675000190734863,8.675000190734863,8.675000190734863,8.670000076293945,8.675000190734863,513.0
2024-03-01 12:44:00,ME,0.5738999843597412,0.5738999843597412,0.5738999843597412,0.5725499987602234,0.5735999941825867,2186.0
2024-03-01 12:44:00,MEDP,402.3900146484375,402.3900146484375,403.0799865722656,401.82000732421875,403.0799865722656,3800.0
2024-03-01 12:44:00,MGNX,18.975000381469727,18.975000381469727,19.0,18.959999084472656,18.979999542236328,5268.0
2024-03-01 12:44:00,MLTX,52.11000061035156,52.11000061035156,52.11000061035156,52.084999084472656,52.09000015258789,2297.0
2024-03-01 12:44:00,MMSI,76.2750015258789,76.2750015258789,76.2750015258789,76.2750015258789,76.2750015258789,281.0
2024-03-01 12:44:00,MNKD,4.559999942779541,4.559999942779541,4.559999942779541,4.554999828338623,4.554999828338623,490.0
2024-03-01 12:44:00,MNMD,6.159900188446045,6.159900188446045,6.159900188446045,6.152100086212158,6.152100086212158,449.0
2024-03-01 12:44:00,MNOV,1.3702000379562378,1.3702000379562378,1.3702000379562378,1.3700000047683716,1.3700000047683716,217.0
2024-03-01 12:44:00,MNPR,0.8352000117301941,0.8352000117301941,0.8352000117301941,0.8352000117301941,0.8352000117301941,274.0
2024-03-01 12:44:00,MODD,1.9010000228881836,1.9010000228881836,1.9010000228881836,1.9010000228881836,1.9010000228881836,1710.0
2024-03-01 12:44:00,MORF,39.599998474121094,39.599998474121094,39.599998474121094,39.56999969482422,39.56999969482422,287.0
2024-03-01 12:44:00,MREO,3.8698999881744385,3.8698999881744385,3.8698999881744385,3.860100030899048,3.865000009536743,3256.0
2024-03-01 12:44:00,MRNA,96.79000091552734,96.79000091552734,96.79000091552734,96.68000030517578,96.70999908447266,7926.0
2024-03-01 12:44:00,MRNS,10.015000343322754,10.015000343322754,10.015000343322754,10.015000343322754,10.015000343322754,434.0
2024-03-01 12:44:00,MRSN,6.0,6.0,6.010000228881836,5.989999771118164,5.989999771118164,35223.0
2024-03-01 12:44:00,MRUS,51.90999984741211,51.90999984741211,51.97999954223633,51.90999984741211,51.917701721191406,1080.0
2024-03-01 12:44:00,MRVI,7.835000038146973,7.835000038146973,7.835000038146973,7.809999942779541,7.815000057220459,6502.0
2024-03-01 12:44:00,MXCT,4.75,4.75,4.78000020980835,4.75,4.78000020980835,6819.0
2024-03-01 12:44:00,MYGN,21.639999389648438,21.639999389648438,21.639999389648438,21.639999389648438,21.639999389648438,141.0
2024-03-01 12:44:00,NARI,45.41999816894531,45.41999816894531,45.470001220703125,45.36000061035156,45.415000915527344,2121.0
2024-03-01 12:44:00,NBIX,131.0749969482422,131.0749969482422,131.0749969482422,131.02000427246094,131.02000427246094,1455.0
2024-03-01 12:44:00,NEO,16.079999923706055,16.079999923706055,16.079999923706055,16.079999923706055,16.079999923706055,778.0
2024-03-01 12:44:00,NEOG,17.315000534057617,17.315000534057617,17.315000534057617,17.315000534057617,17.315000534057617,100.0
2024-03-01 12:44:00,NEXI,6.460000038146973,6.460000038146973,6.460000038146973,6.460000038146973,6.460000038146973,445.0
2024-03-01 12:44:00,NKTR,0.7989000082015991,0.7989000082015991,0.7990000247955322,0.7989000082015991,0.7990000247955322,2940.0
2024-03-01 12:44:00,NKTX,12.875499725341797,12.875499725341797,12.875499725341797,12.869999885559082,12.869999885559082,325.0
2024-03-01 12:44:00,NNOX,11.100000381469727,11.100000381469727,11.100000381469727,11.098999977111816,11.098999977111816,772.0
2024-03-01 12:44:00,NPCE,16.81999969482422,16.81999969482422,16.81999969482422,16.81999969482422,16.81999969482422,312.0
2024-03-01 12:44:00,NRBO,5.940000057220459,5.940000057220459,5.940000057220459,5.820499897003174,5.820499897003174,770.0
2024-03-01 12:44:00,NRC,40.7599983215332,40.7599983215332,40.7599983215332,40.75,40.75,500.0
2024-03-01 12:44:00,NRIX,13.6899995803833,13.6899995803833,13.6899995803833,13.667699813842773,13.667699813842773,747.0
2024-03-01 12:44:00,NRSN,2.207200050354004,2.207200050354004,2.2300000190734863,2.200000047683716,2.2300000190734863,15870.0
2024-03-01 12:44:00,NTLA,33.47990036010742,33.47990036010742,33.47990036010742,33.439998626708984,33.439998626708984,516.0
2024-03-01 12:44:00,NTRA,88.94000244140625,88.94000244140625,89.01000213623047,88.55999755859375,88.61000061035156,17535.0
2024-03-01 12:44:00,NUTX,0.11309999972581863,0.11309999972581863,0.11365000158548355,0.11309999972581863,0.11349999904632568,41000.0
2024-03-01 12:44:00,NUVL,88.62999725341797,88.62999725341797,88.7300033569336,88.62999725341797,88.7300033569336,1006.0
2024-03-01 12:44:00,NUWE,0.5756000280380249,0.5756000280380249,0.576200008392334,0.5756000280380249,0.5760999917984009,1201.0
2024-03-01 12:44:00,NVAX,5.195000171661377,5.195000171661377,5.215000152587891,5.195000171661377,5.210700035095215,45158.0
2024-03-01 12:44:00,NVOS,0.6430000066757202,0.6430000066757202,0.6430000066757202,0.6430000066757202,0.6430000066757202,10000.0
2024-03-01 12:44:00,OCGN,0.9401999711990356,0.9401999711990356,0.9401999711990356,0.9397000074386597,0.9397000074386597,8282.0
2024-03-01 12:44:00,OCUL,10.829999923706055,10.829999923706055,10.829999923706055,10.824999809265137,10.824999809265137,2653.0
2024-03-01 12:44:00,OCUP,2.5,2.5,2.5,2.5,2.5,1038.0
2024-03-01 12:44:00,OLMA,14.444999694824219,14.444999694824219,14.475000381469727,14.399999618530273,14.475000381469727,2149.0
2024-03-01 12:44:00,OM,3.130000114440918,3.130000114440918,3.130000114440918,3.130000114440918,3.130000114440918,508.0
2024-03-01 12:44:00,OMCL,26.459999084472656,26.459999084472656,26.469999313354492,26.450000762939453,26.450000762939453,1586.0
2024-03-01 12:44:00,OMER,4.75,4.75,4.75,4.739999771118164,4.739999771118164,1033.0
2024-03-01 12:45:00,AADI,2.0,2.0,2.0,2.0,2.0,100.0
2024-03-01 12:45:00,ABCL,5.199999809265137,5.199999809265137,5.210000038146973,5.199999809265137,5.210000038146973,200.0
2024-03-01 12:45:00,ABEO,7.755000114440918,7.755000114440918,7.755000114440918,7.755000114440918,7.755000114440918,191.0
2024-03-01 12:45:00,ABIO,1.6720000505447388,1.6720000505447388,1.6720000505447388,1.6720000505447388,1.6720000505447388,166.0
2024-03-01 12:45:00,ABOS,4.695000171661377,4.695000171661377,4.699999809265137,4.695000171661377,4.698800086975098,1191.0
2024-03-01 12:45:00,ABSI,5.244999885559082,5.244999885559082,5.255000114440918,5.244999885559082,5.255000114440918,5711.0
2024-03-01 12:45:00,ABUS,2.7750000953674316,2.7750000953674316,2.7750000953674316,2.7750000953674316,2.7750000953674316,108.0
2024-03-01 12:45:00,ACAD,24.34000015258789,24.34000015258789,24.34000015258789,24.309999465942383,24.325000762939453,2894.0
2024-03-01 12:45:00,ACB,3.180000066757202,3.180000066757202,3.180000066757202,3.1700000762939453,3.1700000762939453,7785.0
2024-03-01 12:45:00,ACCD,10.199999809265137,10.199999809265137,10.199999809265137,10.199999809265137,10.199999809265137,532.0
2024-03-01 12:45:00,ACET,2.4000000953674316,2.4000000953674316,2.4000000953674316,2.4000000953674316,2.4000000953674316,1250.0
2024-03-01 12:45:00,ACHC,84.55999755859375,84.55999755859375,84.55999755859375,84.55999755859375,84.55999755859375,709.0
2024-03-01 12:45:00,ACHL,1.350000023841858,1.350000023841858,1.350000023841858,1.350000023841858,1.350000023841858,840.0
2024-03-01 12:45:00,ACHV,4.300000190734863,4.300000190734863,4.300000190734863,4.300000190734863,4.300000190734863,184.0
2024-03-01 12:45:00,ACLX,67.19000244140625,67.19000244140625,67.20999908447266,67.16999816894531,67.16999816894531,497.0
2024-03-01 12:45:00,ACON,0.3919999897480011,0.3919999897480011,0.3919999897480011,0.3919999897480011,0.3919999897480011,900.0
2024-03-01 12:45:00,ACRS,1.2300000190734863,1.2300000190734863,1.2400000095367432,1.2300000190734863,1.2400000095367432,1506.0
2024-03-01 12:45:00,ADAP,1.600000023841858,1.600000023841858,1.600000023841858,1.600000023841858,1.600000023841858,1090.0
2024-03-01 12:45:00,ADIL,3.1050000190734863,3.1050000190734863,3.130000114440918,3.0799999237060547,3.115000009536743,22808.0
2024-03-01 12:45:00,ADMA,5.445000171661377,5.445000171661377,5.449999809265137,5.440000057220459,5.440000057220459,2020.0
2024-03-01 12:45:00,ADPT,4.204999923706055,4.204999923706055,4.204999923706055,4.190000057220459,4.195000171661377,54633.0
2024-03-01 12:45:00,ADVM,1.975000023841858,1.975000023841858,1.9800000190734863,1.975000023841858,1.9800000190734863,1900.0
2024-03-01 12:45:00,AFMD,0.6398990154266357,0.6398990154266357,0.6398990154266357,0.6398990154266357,0.6398990154266357,164.0
2024-03-01 12:45:00,AGEN,0.6739000082015991,0.6739000082015991,0.6739000082015991,0.673799991607666,0.6738499999046326,4218.0
2024-03-01 12:45:00,AGIO,32.94499969482422,32.94499969482422,32.959999084472656,32.939998626708984,32.939998626708984,857.0
2024-03-01 12:45:00,AHCO,10.640000343322754,10.640000343322754,10.6850004196167,10.640000343322754,10.6850004196167,3367.0
2024-03-01 12:45:00,AIRS,6.514999866485596,6.514999866485596,6.514999866485596,6.514999866485596,6.514999866485596,100.0
2024-03-01 12:45:00,AKAN,0.2371000051498413,0.2371000051498413,0.2371000051498413,0.2371000051498413,0.2371000051498413,439.0
2024-03-01 12:45:00,AKBA,1.6800999641418457,1.6800999641418457,1.6800999641418457,1.6799999475479126,1.6799999475479126,801.0
2024-03-01 12:45:00,AKRO,30.059900283813477,30.059900283813477,30.059900283813477,30.0,30.0,1359.0
2024-03-01 12:45:00,ALDX,4.159999847412109,4.159999847412109,4.159999847412109,4.159999847412109,4.159999847412109,105.0
2024-03-01 12:45:00,ALEC,7.388000011444092,7.388000011444092,7.389999866485596,7.388000011444092,7.389999866485596,405.0
2024-03-01 12:45:00,ALHC,5.71999979019165,5.71999979019165,5.71999979019165,5.71999979019165,5.71999979019165,1618.0
2024-03-01 12:45:00,ALLK,1.6050000190734863,1.6050000190734863,1.6074999570846558,1.6050000190734863,1.6050000190734863,590.0
2024-03-01 12:45:00,ALLO,5.050000190734863,5.050000190734863,5.050000190734863,5.039999961853027,5.045000076293945,700.0
2024-03-01 12:45:00,ALNY,154.58749389648438,154.58749389648438,154.58999633789062,154.5800018310547,154.5800018310547,804.0
2024-03-01 12:45:00,ALPN,35.84000015258789,35.84000015258789,35.84000015258789,35.84000015258789,35.84000015258789,302.0
2024-03-01 12:45:00,ALT,12.130000114440918,12.130000114440918,12.130000114440918,12.109999656677246,12.119999885559082,4267.0
2024-03-01 12:45:00,ALXO,15.055000305175781,15.055000305175781,15.055000305175781,15.055000305175781,15.055000305175781,226.0
2024-03-01 12:45:00,AMGN,281.6400146484375,281.6400146484375,281.6400146484375,281.5,281.5,6271.0
2024-03-01 12:45:00,AMRN,1.0499999523162842,1.0499999523162842,1.059999942779541,1.0499999523162842,1.0549999475479126,1169.0
2024-03-01 12:45:00,ANGO,5.514999866485596,5.514999866485596,5.514999866485596,5.510000228881836,5.510000228881836,395.0
2024-03-01 12:45:00,ANNX,5.981599807739258,5.981599807739258,5.981599807739258,5.981599807739258,5.981599807739258,1149.0
2024-03-01 12:45:00,APLS,65.04750061035156,65.04750061035156,65.04750061035156,64.97000122070312,64.99500274658203,1240.0
2024-03-01 12:45:00,APLT,7.050000190734863,7.050000190734863,7.050000190734863,7.050000190734863,7.050000190734863,911.0
2024-03-01 12:45:00,APVO,0.16050000488758087,0.16050000488758087,0.16050000488758087,0.16050000488758087,0.16050000488758087,703.0
2024-03-01 12:45:00,AQST,4.29010009765625,4.29010009765625,4.299200057983398,4.289999961853027,4.289999961853027,1321.0
2024-03-01 12:45:00,ARAY,2.625,2.625,2.630000114440918,2.625,2.630000114440918,2229.0
2024-03-01 12:45:00,ARDX,9.65999984741211,9.65999984741211,9.670000076293945,9.65999984741211,9.664999961853027,10151.0
2024-03-01 12:45:00,ARGX,392.6650085449219,392.6650085449219,392.6650085449219,392.6650085449219,392.6650085449219,600.0
2024-03-01 12:45:00,ARQT,11.770000457763672,11.770000457763672,11.770000457763672,11.73009967803955,11.760000228881836,18899.0
2024-03-01 12:45:00,ARVN,49.209999084472656,49.209999084472656,49.209999084472656,49.209999084472656,49.209999084472656,920.0
2024-03-01 12:45:00,ARWR,36.189998626708984,36.189998626708984,36.220001220703125,36.154998779296875,36.154998779296875,4544.0
2024-03-01 12:45:00,ASLN,0.7545999884605408,0.7545999884605408,0.7545999884605408,0.7536010146141052,0.7545999884605408,1500.0
2024-03-01 12:45:00,ASND,151.00999450683594,151.00999450683594,151.33999633789062,151.00999450683594,151.33999633789062,376.0
2024-03-01 12:45:00,ASRT,0.9265000224113464,0.9265000224113464,0.9277999997138977,0.9265000224113464,0.9277999997138977,903.0
2024-03-01 12:45:00,ATAI,2.125999927520752,2.125999927520752,2.130000114440918,2.1212000846862793,2.1212000846862793,3924.0
2024-03-01 12:45:00,ATEC,13.5649995803833,13.5649995803833,13.5649995803833,13.5649995803833,13.5649995803833,728.0
2024-03-01 12:45:00,ATHA,3.9749999046325684,3.9749999046325684,3.9749999046325684,3.9749999046325684,3.9749999046325684,100.0
2024-03-01 12:45:00,ATRA,0.7900000214576721,0.7900000214576721,0.7900000214576721,0.7875999808311462,0.7888000011444092,1612.0
2024-03-01 12:45:00,ATXS,15.0024995803833,15.0024995803833,15.0024995803833,15.0,15.0,311.0
2024-03-01 12:45:00,AUPH,5.864999771118164,5.864999771118164,5.864999771118164,5.864999771118164,5.864999771118164,135.0
2024-03-01 12:45:00,AVDL,12.960000038146973,12.960000038146973,12.960000038146973,12.949999809265137,12.949999809265137,845.0
2024-03-01 12:45:00,AVIR,4.545000076293945,4.545000076293945,4.545000076293945,4.539999961853027,4.545000076293945,600.0
2024-03-01 12:45:00,AVRO,1.350000023841858,1.350000023841858,1.350000023841858,1.350000023841858,1.350000023841858,126.0
2024-03-01 12:45:00,AVXL,5.369999885559082,5.369999885559082,5.369999885559082,5.369999885559082,5.369999885559082,100.0
2024-03-01 12:45:00,AXDX,1.0198999643325806,1.0198999643325806,1.0198999643325806,1.0,1.0,750.0
2024-03-01 12:45:00,AXNX,67.69999694824219,67.69999694824219,67.69999694824219,67.69999694824219,67.69999694824219,327.0
2024-03-01 12:45:00,AXSM,82.52999877929688,82.52999877929688,82.52999877929688,82.5250015258789,82.5250015258789,643.0
2024-03-01 12:45:00,AZN,64.69499969482422,64.69499969482422,64.69999694824219,64.69000244140625,64.69000244140625,1811.0
2024-03-01 12:45:00,AZTA,66.80999755859375,66.80999755859375,66.80999755859375,66.80999755859375,66.80999755859375,109.0
2024-03-01 12:45:00,BBIO,36.11000061035156,36.11000061035156,36.119998931884766,36.09000015258789,36.09000015258789,2521.0
2024-03-01 12:45:00,BCRX,5.760000228881836,5.760000228881836,5.769999980926514,5.760000228881836,5.769999980926514,22830.0
2024-03-01 12:45:00,BDTX,5.0,5.0,5.0,5.0,5.0,135.0
2024-03-01 12:45:00,BEAM,40.02000045776367,40.02000045776367,40.04999923706055,40.02000045776367,40.04499816894531,1224.0
2024-03-01 12:45:00,BGXX,0.27459898591041565,0.27459898591041565,0.27459898591041565,0.27459898591041565,0.27459898591041565,912.0
2024-03-01 12:45:00,BIIB,221.32000732421875,221.32000732421875,221.32000732421875,221.16000366210938,221.16000366210938,7563.0
2024-03-01 12:45:00,BIOL,0.13899900019168854,0.13899900019168854,0.13899900019168854,0.13899900019168854,0.13899900019168854,250.0
2024-03-01 12:45:00,BIVI,1.84660005569458,1.84660005569458,1.9199999570846558,1.8300000429153442,1.9199999570846558,167502.0
2024-03-01 12:45:00,BLUE,1.590000033378601,1.590000033378601,1.590000033378601,1.5850000381469727,1.5850000381469727,471.0
2024-03-01 12:45:00,BMEA,18.09000015258789,18.09000015258789,18.100000381469727,18.09000015258789,18.100000381469727,1534.0
2024-03-01 12:45:00,BMRN,87.30999755859375,87.30999755859375,87.31999969482422,87.30000305175781,87.30000305175781,1731.0
2024-03-01 12:45:00,BNOX,1.2400000095367432,1.2400000095367432,1.2400000095367432,1.225000023841858,1.225000023841858,443.0
2024-03-01 12:45:00,BNTC,5.157400131225586,5.157400131225586,5.157400131225586,5.157400131225586,5.157400131225586,761.0
2024-03-01 12:45:00,BNTX,91.64399719238281,91.64399719238281,91.64399719238281,91.64399719238281,91.64399719238281,873.0
2024-03-01 12:45:00,BPMC,97.13999938964844,97.13999938964844,97.13999938964844,97.13999938964844,97.13999938964844,283.0
2024-03-01 12:45:00,BRKR,88.3499984741211,88.3499984741211,88.37999725341797,88.3499984741211,88.37000274658203,1241.0
2024-03-01 12:45:00,BSGM,0.6439999938011169,0.6439999938011169,0.6439999938011169,0.6439999938011169,0.6439999938011169,100.0
2024-03-01 12:45:00,BTTX,0.17599999904632568,0.17599999904632568,0.17599999904632568,0.17532500624656677,0.17532500624656677,18379.0
2024-03-01 12:45:00,BWAY,6.53000020980835,6.53000020980835,6.53000020980835,6.53000020980835,6.53000020980835,100.0
2024-03-01 12:45:00,BYSI,1.5399999618530273,1.5399999618530273,1.5399999618530273,1.5399999618530273,1.5399999618530273,250.0
2024-03-01 12:45:00,CABA,24.079999923706055,24.079999923706055,24.079999923706055,24.079999923706055,24.079999923706055,1068.0
2024-03-01 12:45:00,CAPR,4.589900016784668,4.589900016784668,4.590000152587891,4.589900016784668,4.590000152587891,610.0
2024-03-01 12:45:00,CBAY,32.23500061035156,32.23500061035156,32.2400016784668,32.23500061035156,32.23500061035156,6366.0
2024-03-01 12:45:00,CCCC,10.968999862670898,10.968999862670898,10.968999862670898,10.961700439453125,10.96500015258789,1176.0
2024-03-01 12:45:00,CDNA,12.369999885559082,12.369999885559082,12.369999885559082,12.34000015258789,12.34000015258789,3637.0
2024-03-01 12:45:00,CDTX,0.7174999713897705,0.7174999713897705,0.7174999713897705,0.7174999713897705,0.7174999713897705,1001.0
2024-03-01 12:45:00,CDXS,4.505000114440918,4.505000114440918,4.507500171661377,4.480000019073486,4.480000019073486,3185.0
2024-03-01 12:45:00,CERE,41.10499954223633,41.10499954223633,41.10499954223633,41.099998474121094,41.099998474121094,1317.0
2024-03-01 12:45:00,CERS,2.2149999141693115,2.2149999141693115,2.2149999141693115,2.2149999141693115,2.2149999141693115,360.0
2024-03-01 12:45:00,CERT,17.75,17.75,17.75,17.739999771118164,17.739999771118164,572.0
2024-03-01 12:45:00,CGC,3.255000114440918,3.255000114440918,3.255000114440918,3.25,3.25,853.0
2024-03-01 12:45:00,CGEM,19.030000686645508,19.030000686645508,19.030000686645508,18.979999542236328,19.0049991607666,309.0
2024-03-01 12:45:00,CGTX,2.0,2.0,2.0,2.0,2.0,501.0
2024-03-01 12:45:00,CING,1.350000023841858,1.350000023841858,1.350000023841858,1.350000023841858,1.350000023841858,100.0
2024-03-01 12:45:00,CLDX,50.88999938964844,50.88999938964844,51.005001068115234,50.755001068115234,50.7599983215332,8730.0
2024-03-01 12:45:00,CLNN,0.3840000033378601,0.3840000033378601,0.3840000033378601,0.3840000033378601,0.3840000033378601,3200.0
2024-03-01 12:45:00,CLOV,0.86080002784729,0.86080002784729,0.8611000180244446,0.8600999712944031,0.8600999712944031,3114.0
2024-03-01 12:45:00,CMPS,11.449999809265137,11.449999809265137,11.460000038146973,11.420000076293945,11.420000076293945,1131.0
2024-03-01 12:45:00,COGT,7.170000076293945,7.170000076293945,7.179999828338623,7.170000076293945,7.170000076293945,542.0
2024-03-01 12:45:00,CPRX,17.075000762939453,17.075000762939453,17.075000762939453,17.061199188232422,17.065000534057617,3289.0
2024-03-01 12:45:00,CRBU,7.93209981918335,7.93209981918335,7.940000057220459,7.93209981918335,7.940000057220459,1487.0
2024-03-01 12:45:00,CRDF,2.3399999141693115,2.3399999141693115,2.3399999141693115,2.315000057220459,2.319999933242798,19109.0
2024-03-01 12:45:00,CRMD,3.7000999450683594,3.7000999450683594,3.7000999450683594,3.7000999450683594,3.7000999450683594,1745.0
2024-03-01 12:45:00,CRNX,46.6349983215332,46.6349983215332,46.6349983215332,46.6349983215332,46.6349983215332,281.0
2024-03-01 12:45:00,CRON,2.059499979019165,2.059499979019165,2.059999942779541,2.049999952316284,2.049999952316284,2601.0
2024-03-01 12:45:00,CRSP,85.96499633789062,85.96499633789062,86.05999755859375,85.95999908447266,86.05999755859375,1554.0
2024-03-01 12:45:00,CTKB,8.770000457763672,8.770000457763672,8.770000457763672,8.770000457763672,8.770000457763672,234.0
2024-03-01 12:45:00,CTMX,2.690000057220459,2.690000057220459,2.700000047683716,2.683000087738037,2.683000087738037,5881.0
2024-03-01 12:45:00,CTSO,0.9599000215530396,0.9599000215530396,0.9599000215530396,0.949999988079071,0.949999988079071,1315.0
2024-03-01 12:45:00,CUTR,2.440000057220459,2.440000057220459,2.440000057220459,2.440000057220459,2.440000057220459,115.0
2024-03-01 12:45:00,CVRX,20.44499969482422,20.44499969482422,20.44499969482422,20.44499969482422,20.44499969482422,334.0
2024-03-01 12:45:00,CYTK,73.30999755859375,73.30999755859375,73.33999633789062,73.30999755859375,73.33999633789062,606.0
2024-03-01 12:45:00,CYTO,2.362799882888794,2.362799882888794,2.369999885559082,2.3399999141693115,2.3399999141693115,1365.0
2024-03-01 12:45:00,DARE,0.551800012588501,0.551800012588501,0.5521000027656555,0.551800012588501,0.5521000027656555,6874.0
2024-03-01 12:45:00,DCGO,4.112500190734863,4.112500190734863,4.114999771118164,4.112500190734863,4.114999771118164,448.0
2024-03-01 12:45:00,DCPH,17.510000228881836,17.510000228881836,17.510000228881836,17.510000228881836,17.510000228881836,653.0
2024-03-01 12:45:00,DH,8.84000015258789,8.84000015258789,8.84000015258789,8.810099601745605,8.84000015258789,1240.0
2024-03-01 12:45:00,DMTK,0.8597000241279602,0.8597000241279602,0.8597000241279602,0.8399999737739563,0.8500999808311462,2209.0
2024-03-01 12:45:00,DNLI,20.864999771118164,20.864999771118164,20.8799991607666,20.854999542236328,20.8700008392334,3618.0
2024-03-01 12:45:00,DTIL,12.145000457763672,12.145000457763672,12.180000305175781,12.145000457763672,12.180000305175781,400.0
2024-03-01 12:45:00,DVAX,12.885000228881836,12.885000228881836,12.895000457763672,12.885000228881836,12.890000343322754,5064.0
2024-03-01 12:45:00,DXCM,121.58999633789062,121.58999633789062,121.69000244140625,121.58999633789062,121.69000244140625,3978.0
2024-03-01 12:45:00,DYN,28.75,28.75,28.75,28.725000381469727,28.725000381469727,458.0
2024-03-01 12:45:00,EDAP,6.880000114440918,6.880000114440918,6.889999866485596,6.880000114440918,6.889999866485596,1050.0
2024-03-01 12:45:00,EDIT,10.880000114440918,10.880000114440918,10.880000114440918,10.870100021362305,10.871299743652344,1565.0
2024-03-01 12:45:00,EFTR,15.350000381469727,15.350000381469727,15.350000381469727,15.289999961853027,15.300000190734863,471.0
2024-03-01 12:45:00,EGRX,6.739999771118164,6.739999771118164,6.739999771118164,6.739999771118164,6.739999771118164,148.0
2024-03-01 12:45:00,ELEV,4.9670000076293945,4.9670000076293945,4.9670000076293945,4.910200119018555,4.929999828338623,1468.0
2024-03-01 12:45:00,EMBC,14.395000457763672,14.395000457763672,14.399999618530273,14.390000343322754,14.390000343322754,1554.0
2024-03-01 12:45:00,ENSC,0.9300000071525574,0.9300000071525574,0.9300000071525574,0.9300000071525574,0.9300000071525574,100.0
2024-03-01 12:45:00,ENTX,1.3978999853134155,1.3978999853134155,1.3978999853134155,1.3978999853134155,1.3978999853134155,224.0
2024-03-01 12:45:00,ENVB,1.5800000429153442,1.5800000429153442,1.5800000429153442,1.5671000480651855,1.5779999494552612,3975.0
2024-03-01 12:45:00,ESPR,2.5199999809265137,2.5199999809265137,2.5250000953674316,2.5199999809265137,2.5199999809265137,2111.0
2024-03-01 12:45:00,ESTA,45.83000183105469,45.83000183105469,45.83000183105469,45.83000183105469,45.83000183105469,695.0
2024-03-01 12:45:00,ETNB,13.25,13.25,13.25,13.220000267028809,13.220000267028809,8936.0
2024-03-01 12:45:00,EWTX,17.145000457763672,17.145000457763672,17.15999984741211,17.1299991607666,17.145000457763672,2129.0
2024-03-01 12:45:00,EXAS,60.314998626708984,60.314998626708984,60.334999084472656,60.279998779296875,60.279998779296875,3939.0
2024-03-01 12:45:00,EXEL,22.479999542236328,22.479999542236328,22.489900588989258,22.479999542236328,22.489900588989258,1992.0
2024-03-01 12:45:00,EYEN,2.430000066757202,2.430000066757202,2.440000057220459,2.4100000858306885,2.440000057220459,9415.0
2024-03-01 12:45:00,EYPT,28.040000915527344,28.040000915527344,28.040000915527344,28.040000915527344,28.040000915527344,214.0
2024-03-01 12:45:00,FATE,7.585000038146973,7.585000038146973,7.585000038146973,7.579999923706055,7.585000038146973,955.0
2024-03-01 12:45:00,FBIO,2.3499999046325684,2.3499999046325684,2.3499999046325684,2.3350000381469727,2.3350000381469727,1740.0
2024-03-01 12:45:00,FDMT,29.469999313354492,29.469999313354492,29.469999313354492,29.43000030517578,29.43000030517578,482.0
2024-03-01 12:45:00,FEMY,1.700600028038025,1.700600028038025,1.700600028038025,1.700600028038025,1.700600028038025,264.0
2024-03-01 12:45:00,FGEN,1.8799999952316284,1.8799999952316284,1.8799999952316284,1.8799999952316284,1.8799999952316284,1143.0
2024-03-01 12:45:00,FLGT,23.299999237060547,23.299999237060547,23.315000534057617,23.299999237060547,23.315000534057617,523.0
2024-03-01 12:45:00,FOLD,13.390000343322754,13.390000343322754,13.395000457763672,13.390000343322754,13.395000457763672,1299.0
2024-03-01 12:45:00,FULC,10.9399995803833,10.9399995803833,10.9399995803833,10.892999649047852,10.895000457763672,3456.0
2024-03-01 12:45:00,FUSN,12.274999618530273,12.274999618530273,12.274999618530273,12.260000228881836,12.260000228881836,4850.0
2024-03-01 12:45:00,GDRX,8.280099868774414,8.280099868774414,8.295000076293945,8.279999732971191,8.28499984741211,3908.0
2024-03-01 12:45:00,GERN,2.2100000381469727,2.2100000381469727,2.2149999141693115,2.200000047683716,2.2100000381469727,60643.0
2024-03-01 12:45:00,GH,19.170000076293945,19.170000076293945,19.170000076293945,19.170000076293945,19.170000076293945,765.0
2024-03-01 12:45:00,GILD,72.33499908447266,72.33499908447266,72.33999633789062,72.32499694824219,72.33000183105469,5695.0
2024-03-01 12:45:00,GLPG,35.20500183105469,35.20500183105469,35.209999084472656,35.20000076293945,35.209999084472656,593.0
2024-03-01 12:45:00,GLYC,3.0399999618530273,3.0399999618530273,3.0399999618530273,3.0399999618530273,3.0399999618530273,310.0
2024-03-01 12:45:00,GMAB,29.34000015258789,29.34000015258789,29.34000015258789,29.34000015258789,29.34000015258789,152.0
2024-03-01 12:45:00,GMDA,0.3804999887943268,0.3804999887943268,0.3846000134944916,0.3804999887943268,0.3804999887943268,23961.0
2024-03-01 12:45:00,GNPX,4.539999961853027,4.539999961853027,4.590000152587891,4.539999961853027,4.590000152587891,1466.0
2024-03-01 12:45:00,GNTA,4.199900150299072,4.199900150299072,4.199900150299072,4.199900150299072,4.199900150299072,1000.0
2024-03-01 12:45:00,GOSS,1.3700000047683716,1.3700000047683716,1.3700000047683716,1.3700000047683716,1.3700000047683716,682.0
2024-03-01 12:45:00,GRFS,7.074999809265137,7.074999809265137,7.085000038146973,7.074999809265137,7.085000038146973,1002.0
2024-03-01 12:45:00,GRPH,3.494999885559082,3.494999885559082,3.494999885559082,3.494999885559082,3.494999885559082,174.0
2024-03-01 12:45:00,GRTS,2.140700101852417,2.140700101852417,2.1500000953674316,2.140000104904175,2.1500000953674316,3910.0
2024-03-01 12:45:00,GTHX,3.7100000381469727,3.7100000381469727,3.7100000381469727,3.7100000381469727,3.7100000381469727,1078.0
2024-03-01 12:45:00,HALO,41.654998779296875,41.654998779296875,41.66999816894531,41.59000015258789,41.59000015258789,1962.0
2024-03-01 12:45:00,HARP,22.940000534057617,22.940000534057617,22.940000534057617,22.940000534057617,22.940000534057617,775.0
2024-03-01 12:45:00,HCAT,8.005000114440918,8.005000114440918,8.005000114440918,7.994999885559082,7.994999885559082,1660.0
2024-03-01 12:45:00,HCSG,12.660699844360352,12.660699844360352,12.660699844360352,12.660699844360352,12.660699844360352,261.0
2024-03-01 12:45:00,HCTI,2.440000057220459,2.440000057220459,2.4800000190734863,2.440000057220459,2.4774999618530273,2111.0
2024-03-01 12:45:00,HITI,1.7649999856948853,1.7649999856948853,1.7649999856948853,1.7649999856948853,1.7649999856948853,160.0
2024-03-01 12:45:00,HLTH,0.2712000012397766,0.2712000012397766,0.2712000012397766,0.2712000012397766,0.2712000012397766,350.0
2024-03-01 12:45:00,HOLX,73.75,73.75,73.7699966430664,73.73999786376953,73.76000213623047,2401.0
2024-03-01 12:45:00,HOWL,7.03000020980835,7.03000020980835,7.03000020980835,7.03000020980835,7.03000020980835,271.0
2024-03-01 12:45:00,HRTX,2.609999895095825,2.609999895095825,2.609999895095825,2.606600046157837,2.609999895095825,4907.0
2024-03-01 12:45:00,HSIC,76.94999694824219,76.94999694824219,76.94999694824219,76.91000366210938,76.93000030517578,1100.0
2024-03-01 12:45:00,HUMA,3.4649999141693115,3.4649999141693115,3.4700000286102295,3.460099935531616,3.4647998809814453,5057.0
2024-03-01 12:45:00,IART,36.560001373291016,36.560001373291016,36.584999084472656,36.540000915527344,36.584999084472656,1638.0
2024-03-01 12:45:00,IBRX,4.84499979019165,4.84499979019165,4.849999904632568,4.84499979019165,4.848700046539307,3721.0
2024-03-01 12:45:00,ICLR,322.7300109863281,322.7300109863281,322.7799987792969,322.7099914550781,322.7799987792969,696.0
2024-03-01 12:45:00,ICUI,105.05000305175781,105.05000305175781,105.05999755859375,105.05000305175781,105.05000305175781,980.0
2024-03-01 12:45:00,IDYA,46.435001373291016,46.435001373291016,46.435001373291016,46.369998931884766,46.380001068115234,1846.0
2024-03-01 12:45:00,IFRX,1.8450000286102295,1.8450000286102295,1.8450000286102295,1.8450000286102295,1.8450000286102295,252.0
2024-03-01 12:45:00,IGMS,13.414999961853027,13.414999961853027,13.417499542236328,13.414999961853027,13.417499542236328,232.0
2024-03-01 12:45:00,ILMN,142.08999633789062,142.08999633789062,142.13999938964844,142.05999755859375,142.13999938964844,1764.0
2024-03-01 12:45:00,IMCR,68.11499786376953,68.11499786376953,68.11499786376953,68.11499786376953,68.11499786376953,715.0
2024-03-01 12:45:00,IMNM,26.149999618530273,26.149999618530273,26.184999465942383,26.149999618530273,26.170000076293945,1278.0
2024-03-01 12:45:00,IMTX,12.960000038146973,12.960000038146973,12.960000038146973,12.960000038146973,12.960000038146973,229.0
2024-03-01 12:45:00,IMUX,1.4800000190734863,1.4800000190734863,1.4800000190734863,1.4800000190734863,1.4800000190734863,612.0
2024-03-01 12:45:00,IMVT,36.400001525878906,36.400001525878906,36.40999984741211,36.369998931884766,36.369998931884766,3045.0
2024-03-01 12:45:00,INBX,36.71500015258789,36.71500015258789,36.71500015258789,36.71500015258789,36.71500015258789,147.0
2024-03-01 12:45:00,INCY,59.22999954223633,59.22999954223633,59.244998931884766,59.22999954223633,59.22999954223633,529.0
2024-03-01 12:45:00,INGN,6.835000038146973,6.835000038146973,6.835000038146973,6.835000038146973,6.835000038146973,104.0
2024-03-01 12:45:00,INMB,12.289999961853027,12.289999961853027,12.289999961853027,12.207500457763672,12.239999771118164,5751.0
2024-03-01 12:45:00,INMD,22.90999984741211,22.90999984741211,22.920000076293945,22.899999618530273,22.920000076293945,1996.0
2024-03-01 12:45:00,INO,9.479999542236328,9.479999542236328,9.479999542236328,9.46500015258789,9.46500015258789,1148.0
2024-03-01 12:45:00,INSM,28.610000610351562,28.610000610351562,28.6299991607666,28.610000610351562,28.610000610351562,2304.0
2024-03-01 12:45:00,INVA,15.609999656677246,15.609999656677246,15.614999771118164,15.609999656677246,15.614999771118164,2556.0
2024-03-01 12:45:00,INVO,1.190000057220459,1.190000057220459,1.190000057220459,1.190000057220459,1.190000057220459,100.0
2024-03-01 12:45:00,IOBT,1.840000033378601,1.840000033378601,1.840000033378601,1.840000033378601,1.840000033378601,406.0
2024-03-01 12:45:00,IONS,45.93000030517578,45.93000030517578,45.93000030517578,45.93000030517578,45.93000030517578,221.0
2024-03-01 12:45:00,IOVA,16.75,16.75,16.78499984741211,16.739999771118164,16.770000457763672,17010.0
2024-03-01 12:45:00,IPA,1.850000023841858,1.850000023841858,1.850000023841858,1.850000023841858,1.850000023841858,418.0
2024-03-01 12:45:00,IRMD,41.970001220703125,41.970001220703125,41.970001220703125,41.970001220703125,41.970001220703125,145.0
2024-03-01 12:45:00,IRWD,9.095000267028809,9.095000267028809,9.100000381469727,9.085000038146973,9.085000038146973,14411.0
2024-03-01 12:45:00,ISRG,394.3349914550781,394.3349914550781,394.4100036621094,394.3349914550781,394.4100036621094,731.0
2024-03-01 12:45:00,ITCI,71.7300033569336,71.7300033569336,71.76000213623047,71.7300033569336,71.76000213623047,1235.0
2024-03-01 12:45:00,ITOS,10.90999984741211,10.90999984741211,10.90999984741211,10.890000343322754,10.899999618530273,1086.0
2024-03-01 12:45:00,IVVD,4.0,4.0,4.010000228881836,4.0,4.010000228881836,366.0
2024-03-01 12:45:00,IXHL,5.400000095367432,5.400000095367432,5.449999809265137,5.400000095367432,5.449999809265137,1520.0
2024-03-01 12:45:00,JAGX,0.07289999723434448,0.07289999723434448,0.0731000006198883,0.07259999960660934,0.0729999989271164,111371.0
2024-03-01 12:45:00,JANX,47.0,47.0,47.0,47.0,47.0,164.0
2024-03-01 12:45:00,JAZZ,119.2135009765625,119.2135009765625,119.2135009765625,119.2135009765625,119.2135009765625,1733.0
2024-03-01 12:45:00,KALA,7.284999847412109,7.284999847412109,7.284999847412109,7.284999847412109,7.284999847412109,375.0
2024-03-01 12:45:00,KNSA,21.780000686645508,21.780000686645508,21.780000686645508,21.760000228881836,21.760000228881836,1704.0
2024-03-01 12:45:00,KNTE,2.6050000190734863,2.6050000190734863,2.609999895095825,2.6050000190734863,2.609999895095825,296.0
2024-03-01 12:45:00,KOD,6.111100196838379,6.111100196838379,6.114999771118164,6.110000133514404,6.110000133514404,1215.0
2024-03-01 12:45:00,KPTI,1.2100000381469727,1.2100000381469727,1.2100000381469727,1.208899974822998,1.208899974822998,4365.0
2024-03-01 12:45:00,KRMD,2.140000104904175,2.140000104904175,2.140000104904175,2.140000104904175,2.140000104904175,201.0
2024-03-01 12:45:00,KRTX,316.7699890136719,316.7699890136719,316.8550109863281,316.7699890136719,316.8550109863281,1017.0
2024-03-01 12:45:00,KRYS,169.0500030517578,169.0500030517578,169.0500030517578,169.0500030517578,169.0500030517578,158.0
2024-03-01 12:45:00,KTRA,0.09650000184774399,0.09650000184774399,0.0966000035405159,0.09650000184774399,0.0966000035405159,5521.0
2024-03-01 12:45:00,KURA,21.200000762939453,21.200000762939453,21.200000762939453,21.184999465942383,21.184999465942383,215.0
2024-03-01 12:45:00,KYMR,44.130001068115234,44.130001068115234,44.1349983215332,44.09000015258789,44.130001068115234,2573.0
2024-03-01 12:45:00,LAB,2.509999990463257,2.509999990463257,2.515000104904175,2.5,2.515000104904175,53976.0
2024-03-01 12:45:00,LBPH,22.110000610351562,22.110000610351562,22.110000610351562,22.110000610351562,22.110000610351562,105.0
2024-03-01 12:45:00,LEGN,65.94000244140625,65.94000244140625,65.97000122070312,65.94000244140625,65.97000122070312,1008.0
2024-03-01 12:45:00,LFMD,8.0,8.0,8.010000228881836,8.0,8.0,2297.0
2024-03-01 12:45:00,LFST,7.804999828338623,7.804999828338623,7.809999942779541,7.800000190734863,7.800000190734863,1290.0
2024-03-01 12:45:00,LGVN,0.5321999788284302,0.5321999788284302,0.5321999788284302,0.5321999788284302,0.5321999788284302,751.0
2024-03-01 12:45:00,LNTH,65.5,65.5,65.5,65.44999694824219,65.44999694824219,1047.0
2024-03-01 12:45:00,LUNG,9.350000381469727,9.350000381469727,9.350000381469727,9.34000015258789,9.34000015258789,623.0
2024-03-01 12:45:00,LVTX,3.0299999713897705,3.0299999713897705,3.0299999713897705,3.0299999713897705,3.0299999713897705,100.0
2024-03-01 12:45:00,LXRX,2.529400110244751,2.529400110244751,2.5299999713897705,2.5250000953674316,2.5299999713897705,1567.0
2024-03-01 12:45:00,LYRA,5.610000133514404,5.610000133514404,5.610000133514404,5.599999904632568,5.599999904632568,1252.0
2024-03-01 12:45:00,MCRB,1.2000000476837158,1.2000000476837158,1.2000000476837158,1.2000000476837158,1.2000000476837158,132.0
2024-03-01 12:45:00,MDRX,6.039999961853027,6.039999961853027,6.039999961853027,6.039999961853027,6.039999961853027,2240.0
2024-03-01 12:45:00,MDXG,8.680000305175781,8.680000305175781,8.680000305175781,8.670000076293945,8.670000076293945,1346.0
2024-03-01 12:45:00,ME,0.5748999714851379,0.5748999714851379,0.5748999714851379,0.572700023651123,0.572700023651123,1007.0
2024-03-01 12:45:00,MEDP,402.2650146484375,402.2650146484375,402.6600036621094,401.6600036621094,402.6600036621094,3571.0
2024-03-01 12:45:00,MGNX,19.020000457763672,19.020000457763672,19.020000457763672,18.979999542236328,18.979999542236328,2668.0
2024-03-01 12:45:00,MIST,1.7699999809265137,1.7699999809265137,1.7699999809265137,1.7699999809265137,1.7699999809265137,400.0
2024-03-01 12:45:00,MLTX,51.939998626708984,51.939998626708984,52.11000061035156,51.939998626708984,52.11000061035156,5920.0
2024-03-01 12:45:00,MNKD,4.554999828338623,4.554999828338623,4.554999828338623,4.554999828338623,4.554999828338623,295.0
2024-03-01 12:45:00,MNMD,6.159999847412109,6.159999847412109,6.159999847412109,6.150000095367432,6.159999847412109,4331.0
2024-03-01 12:45:00,MNOV,1.3701000213623047,1.3701000213623047,1.3702000379562378,1.3700000047683716,1.3701000213623047,1595.0
2024-03-01 12:45:00,MODV,28.014999389648438,28.014999389648438,28.014999389648438,28.010000228881836,28.010000228881836,309.0
2024-03-01 12:45:00,MORF,39.564998626708984,39.564998626708984,39.564998626708984,39.564998626708984,39.564998626708984,328.0
2024-03-01 12:45:00,MOTS,0.6800000071525574,0.6800000071525574,0.6800000071525574,0.6800000071525574,0.6800000071525574,100.0
2024-03-01 12:45:00,MRNA,96.80999755859375,96.80999755859375,96.84500122070312,96.78199768066406,96.83000183105469,4324.0
2024-03-01 12:45:00,MRNS,10.020000457763672,10.020000457763672,10.020000457763672,10.020000457763672,10.020000457763672,429.0
2024-03-01 12:45:00,MRSN,5.989999771118164,5.989999771118164,6.0,5.989999771118164,6.0,1225.0
2024-03-01 12:45:00,MRVI,7.840000152587891,7.840000152587891,7.840000152587891,7.840000152587891,7.840000152587891,1257.0
2024-03-01 12:45:00,MTEM,3.7100000381469727,3.7100000381469727,3.7100000381469727,3.7100000381469727,3.7100000381469727,100.0
2024-03-01 12:45:00,MYGN,21.65999984741211,21.65999984741211,21.65999984741211,21.65999984741211,21.65999984741211,432.0
2024-03-01 12:45:00,NARI,45.29999923706055,45.29999923706055,45.38999938964844,45.29999923706055,45.369998931884766,5408.0
2024-03-01 12:45:00,NAUT,2.6500000953674316,2.6500000953674316,2.6500000953674316,2.6500000953674316,2.6500000953674316,100.0
2024-03-01 12:45:00,NBIX,131.0399932861328,131.0399932861328,131.0749969482422,131.0399932861328,131.0749969482422,1518.0
2024-03-01 12:45:00,NDRA,1.1399999856948853,1.1399999856948853,1.1399999856948853,1.1399999856948853,1.1399999856948853,9746.0
2024-03-01 12:45:00,NEOG,17.315000534057617,17.315000534057617,17.315000534057617,17.315000534057617,17.315000534057617,290.0
2024-03-01 12:45:00,NEXI,6.5,6.5,6.5,6.489999771118164,6.489999771118164,1444.0
2024-03-01 12:45:00,NKTR,0.7989000082015991,0.7989000082015991,0.7990000247955322,0.7989000082015991,0.7989000082015991,2351.0
2024-03-01 12:45:00,NKTX,12.789999961853027,12.789999961853027,12.869999885559082,12.760000228881836,12.869999885559082,4240.0
2024-03-01 12:45:00,NNOX,11.114999771118164,11.114999771118164,11.114999771118164,11.100000381469727,11.100000381469727,7847.0
2024-03-01 12:45:00,NOTV,8.085000038146973,8.085000038146973,8.085000038146973,8.0600004196167,8.079999923706055,4421.0
2024-03-01 12:45:00,NRC,40.650001525878906,40.650001525878906,40.650001525878906,40.650001525878906,40.650001525878906,118.0
2024-03-01 12:45:00,NRIX,13.664999961853027,13.664999961853027,13.664999961853027,13.664999961853027,13.664999961853027,407.0
2024-03-01 12:45:00,NRSN,2.180000066757202,2.180000066757202,2.219899892807007,2.1700000762939453,2.210400104522705,54197.0
2024-03-01 12:45:00,NRXP,0.41554999351501465,0.41554999351501465,0.41554999351501465,0.41110000014305115,0.41519999504089355,576.0
2024-03-01 12:45:00,NTLA,33.47999954223633,33.47999954223633,33.5,33.47999954223633,33.47999954223633,4599.0
2024-03-01 12:45:00,NTRA,88.9749984741211,88.9749984741211,89.0999984741211,88.95999908447266,89.0,2459.0
2024-03-01 12:45:00,NUTX,0.11349999904632568,0.11349999904632568,0.11349999904632568,0.11349999904632568,0.11349999904632568,313.0
2024-03-01 12:45:00,NVAX,5.199999809265137,5.199999809265137,5.199999809265137,5.190000057220459,5.190000057220459,7995.0
2024-03-01 12:45:00,NVCR,16.02199935913086,16.02199935913086,16.024999618530273,16.02199935913086,16.024999618530273,353.0
2024-03-01 12:45:00,NVOS,0.6152999997138977,0.6152999997138977,0.6428999900817871,0.6152999997138977,0.6428999900817871,10400.0
2024-03-01 12:45:00,NXTC,1.7350000143051147,1.7350000143051147,1.7350000143051147,1.7100000381469727,1.7100000381469727,4028.0
2024-03-01 12:45:00,OCGN,0.9401500225067139,0.9401500225067139,0.9401999711990356,0.9401000142097473,0.9401000142097473,946.0
2024-03-01 12:45:00,OCUL,10.839900016784668,10.839900016784668,10.84000015258789,10.824999809265137,10.835000038146973,5590.0
2024-03-01 12:45:00,OCX,2.9800000190734863,2.9800000190734863,2.9800000190734863,2.9800000190734863,2.9800000190734863,527.0
2024-03-01 12:45:00,OGI,2.1700000762939453,2.1700000762939453,2.174999952316284,2.1700000762939453,2.1700000762939453,959.0
2024-03-01 12:45:00,OLMA,14.444999694824219,14.444999694824219,14.444999694824219,14.444999694824219,14.444999694824219,576.0
2024-03-01 12:45:00,OM,3.130000114440918,3.130000114440918,3.130000114440918,3.130000114440918,3.130000114440918,2236.0
2024-03-01 12:45:00,OMCL,26.459999084472656,26.459999084472656,26.459999084472656,26.459999084472656,26.459999084472656,1020.0
2024-03-01 12:45:00,OMER,4.760000228881836,4.760000228881836,4.760000228881836,4.75,4.75,10615.0
2024-03-01 12:45:00,ONTX,0.8074219822883606,0.8074219822883606,0.8074219822883606,0.8074219822883606,0.8074219822883606,1195.0
2024-03-01 12:46:00,ABCL,5.204999923706055,5.204999923706055,5.204999923706055,5.201499938964844,5.201499938964844,699.0
2024-03-01 12:46:00,ABSI,5.244999885559082,5.244999885559082,5.25,5.244999885559082,5.25,2861.0
2024-03-01 12:46:00,ABUS,2.7799999713897705,2.7799999713897705,2.7799999713897705,2.7799999713897705,2.7799999713897705,116.0
2024-03-01 12:46:00,ACAD,24.389999389648438,24.389999389648438,24.389999389648438,24.329999923706055,24.34000015258789,9533.0
2024-03-01 12:46:00,ACB,3.1700000762939453,3.1700000762939453,3.180000066757202,3.1700000762939453,3.180000066757202,1373.0
2024-03-01 12:46:00,ACCD,10.210000038146973,10.210000038146973,10.210000038146973,10.210000038146973,10.210000038146973,226.0
2024-03-01 12:46:00,ACET,2.3949999809265137,2.3949999809265137,2.4000000953674316,2.3949999809265137,2.3980000019073486,416.0
2024-03-01 12:46:00,ACHC,84.61000061035156,84.61000061035156,84.61000061035156,84.58999633789062,84.58999633789062,304.0
2024-03-01 12:46:00,ACHL,1.3598999977111816,1.3598999977111816,1.3598999977111816,1.3598999977111816,1.3598999977111816,450.0
2024-03-01 12:46:00,ACHV,4.262800216674805,4.262800216674805,4.262800216674805,4.262800216674805,4.262800216674805,931.0
2024-03-01 12:46:00,ACLX,67.16000366210938,67.16000366210938,67.26000213623047,67.16000366210938,67.26000213623047,1425.0
2024-03-01 12:46:00,ACON,0.39899998903274536,0.39899998903274536,0.39899998903274536,0.39750000834465027,0.39750000834465027,1800.0
2024-03-01 12:46:00,ACRS,1.2400000095367432,1.2400000095367432,1.2400000095367432,1.2300000190734863,1.2400000095367432,1226.0
2024-03-01 12:46:00,ADIL,3.0982000827789307,3.0982000827789307,3.109999895095825,3.069999933242798,3.109999895095825,9311.0
2024-03-01 12:46:00,ADMA,5.465000152587891,5.465000152587891,5.465000152587891,5.440700054168701,5.445000171661377,31941.0
2024-03-01 12:46:00,ADPT,4.204999923706055,4.204999923706055,4.204999923706055,4.204999923706055,4.204999923706055,2300.0
2024-03-01 12:46:00,ADVM,1.975000023841858,1.975000023841858,1.9800000190734863,1.975000023841858,1.975000023841858,638.0
2024-03-01 12:46:00,AFIB,0.2150000035762787,0.2150000035762787,0.2150000035762787,0.2150000035762787,0.2150000035762787,103.0
2024-03-01 12:46:00,AFMD,0.6399999856948853,0.6399999856948853,0.6399999856948853,0.6399999856948853,0.6399999856948853,231.0
2024-03-01 12:46:00,AGEN,0.6738749742507935,0.6738749742507935,0.6738749742507935,0.6738499999046326,0.6738749742507935,1760.0
2024-03-01 12:46:00,AGIO,32.939998626708984,32.939998626708984,32.94499969482422,32.91999816894531,32.94499969482422,536.0
2024-03-01 12:46:00,AHCO,10.604999542236328,10.604999542236328,10.640000343322754,10.604999542236328,10.640000343322754,1650.0
2024-03-01 12:46:00,AIRS,6.510000228881836,6.510000228881836,6.539999961853027,6.489999771118164,6.539999961853027,1377.0
2024-03-01 12:46:00,AKBA,1.684999942779541,1.684999942779541,1.684999942779541,1.6799999475479126,1.684999942779541,2121.0
2024-03-01 12:46:00,AKLI,0.3336000144481659,0.3336000144481659,0.3336000144481659,0.3336000144481659,0.3336000144481659,265.0
2024-03-01 12:46:00,AKRO,29.979999542236328,29.979999542236328,30.049999237060547,29.979999542236328,30.010000228881836,2081.0
2024-03-01 12:46:00,ALDX,4.15500020980835,4.15500020980835,4.15500020980835,4.15500020980835,4.15500020980835,1007.0
2024-03-01 12:46:00,ALEC,7.380000114440918,7.380000114440918,7.380000114440918,7.380000114440918,7.380000114440918,504.0
2024-03-01 12:46:00,ALGS,1.1298999786376953,1.1298999786376953,1.1298999786376953,1.1298999786376953,1.1298999786376953,2100.0
2024-03-01 12:46:00,ALHC,5.71999979019165,5.71999979019165,5.71999979019165,5.71999979019165,5.71999979019165,312.0
2024-03-01 12:46:00,ALKS,30.110000610351562,30.110000610351562,30.110000610351562,30.110000610351562,30.110000610351562,456.0
2024-03-01 12:46:00,ALLK,1.6050000190734863,1.6050000190734863,1.6100000143051147,1.6050000190734863,1.6050000190734863,1640.0
2024-03-01 12:46:00,ALLO,5.045000076293945,5.045000076293945,5.045000076293945,5.045000076293945,5.045000076293945,493.0
2024-03-01 12:46:00,ALLR,0.4108999967575073,0.4108999967575073,0.4108999967575073,0.4108999967575073,0.4108999967575073,100.0
2024-03-01 12:46:00,ALNY,154.57000732421875,154.57000732421875,154.57000732421875,154.57000732421875,154.57000732421875,359.0
2024-03-01 12:46:00,ALPN,35.83000183105469,35.83000183105469,35.93000030517578,35.83000183105469,35.88999938964844,1738.0
2024-03-01 12:46:00,ALT,12.109999656677246,12.109999656677246,12.129599571228027,12.109999656677246,12.129599571228027,791.0
2024-03-01 12:46:00,ALVO,15.720000267028809,15.720000267028809,15.720000267028809,15.720000267028809,15.720000267028809,200.0
2024-03-01 12:46:00,AMED,93.2750015258789,93.2750015258789,93.2750015258789,93.2750015258789,93.2750015258789,179.0
2024-03-01 12:46:00,AMGN,281.58990478515625,281.58990478515625,281.6789855957031,281.55499267578125,281.6438903808594,3763.0
2024-03-01 12:46:00,AMLX,18.815000534057617,18.815000534057617,18.829999923706055,18.809999465942383,18.829999923706055,2522.0
2024-03-01 12:46:00,AMPH,45.38999938964844,45.38999938964844,45.38999938964844,45.33000183105469,45.33000183105469,263.0
2024-03-01 12:46:00,AMRN,1.0499999523162842,1.0499999523162842,1.0499999523162842,1.0499999523162842,1.0499999523162842,205.0
2024-03-01 12:46:00,ANGO,5.510000228881836,5.510000228881836,5.510000228881836,5.510000228881836,5.510000228881836,303.0
2024-03-01 12:46:00,ANIK,24.829999923706055,24.829999923706055,24.829999923706055,24.829999923706055,24.829999923706055,396.0
2024-03-01 12:46:00,ANIP,66.3550033569336,66.3550033569336,66.3550033569336,66.3550033569336,66.3550033569336,131.0
2024-03-01 12:46:00,ANNX,5.985499858856201,5.985499858856201,5.989999771118164,5.985499858856201,5.989999771118164,719.0
2024-03-01 12:46:00,APLS,64.93000030517578,64.93000030517578,65.05999755859375,64.93000030517578,65.05999755859375,6645.0
2024-03-01 12:46:00,APLT,7.050000190734863,7.050000190734863,7.059999942779541,7.050000190734863,7.050000190734863,1021.0
2024-03-01 12:46:00,APTO,1.8200000524520874,1.8200000524520874,1.8200000524520874,1.8200000524520874,1.8200000524520874,556.0
2024-03-01 12:46:00,AQST,4.230100154876709,4.230100154876709,4.295000076293945,4.230000019073486,4.295000076293945,29086.0
2024-03-01 12:46:00,ARAY,2.634999990463257,2.634999990463257,2.640000104904175,2.630000114440918,2.630000114440918,4064.0
2024-03-01 12:46:00,ARDX,9.640000343322754,9.640000343322754,9.65999984741211,9.640000343322754,9.65999984741211,9525.0
2024-03-01 12:46:00,ARGX,392.0,392.0,392.2799987792969,392.0,392.260009765625,1989.0
2024-03-01 12:46:00,ARQT,11.770000457763672,11.770000457763672,11.779999732971191,11.760000228881836,11.770099639892578,7922.0
2024-03-01 12:46:00,ARVN,49.13999938964844,49.13999938964844,49.209999084472656,49.099998474121094,49.209999084472656,1191.0
2024-03-01 12:46:00,ARWR,36.0099983215332,36.0099983215332,36.189998626708984,36.0099983215332,36.189998626708984,4532.0
2024-03-01 12:46:00,ASLN,0.7572000026702881,0.7572000026702881,0.7580000162124634,0.7572000026702881,0.7580000162124634,254.0
2024-03-01 12:46:00,ASND,151.02999877929688,151.02999877929688,151.02999877929688,151.02999877929688,151.02999877929688,1103.0
2024-03-01 12:46:00,ASRT,0.9262499809265137,0.9262499809265137,0.9298999905586243,0.9262499809265137,0.9278500080108643,1654.0
2024-03-01 12:46:00,ATAI,2.109999895095825,2.109999895095825,2.130000114440918,2.109999895095825,2.130000114440918,26114.0
2024-03-01 12:46:00,ATEC,13.5649995803833,13.5649995803833,13.5649995803833,13.5649995803833,13.5649995803833,1637.0
2024-03-01 12:46:00,ATOS,1.0199999809265137,1.0199999809265137,1.0199999809265137,1.0199999809265137,1.0199999809265137,136.0
2024-03-01 12:46:00,ATRA,0.7900000214576721,0.7900000214576721,0.7900000214576721,0.7888000011444092,0.7888000011444092,442.0
2024-03-01 12:46:00,ATRC,36.060001373291016,36.060001373291016,36.060001373291016,36.060001373291016,36.060001373291016,207.0
2024-03-01 12:46:00,ATXS,15.0024995803833,15.0024995803833,15.0024995803833,14.989999771118164,15.0024995803833,598.0
2024-03-01 12:46:00,AUPH,5.860000133514404,5.860000133514404,5.864999771118164,5.860000133514404,5.864999771118164,1069.0
2024-03-01 12:46:00,AUTL,6.360000133514404,6.360000133514404,6.364999771118164,6.360000133514404,6.364999771118164,200.0
2024-03-01 12:46:00,AVDL,12.949999809265137,12.949999809265137,12.949999809265137,12.9399995803833,12.949999809265137,3302.0
2024-03-01 12:46:00,AVIR,4.545000076293945,4.545000076293945,4.545000076293945,4.545000076293945,4.545000076293945,477.0
2024-03-01 12:46:00,AVXL,5.369999885559082,5.369999885559082,5.376699924468994,5.369999885559082,5.369999885559082,3381.0
2024-03-01 12:46:00,AXGN,10.510000228881836,10.510000228881836,10.510000228881836,10.510000228881836,10.510000228881836,130.0
2024-03-01 12:46:00,AXSM,82.53500366210938,82.53500366210938,82.53500366210938,82.53500366210938,82.53500366210938,200.0
2024-03-01 12:46:00,AZN,64.68499755859375,64.68499755859375,64.69999694824219,64.67420196533203,64.69499969482422,5513.0
2024-03-01 12:46:00,AZTA,66.81999969482422,66.81999969482422,66.81999969482422,66.81999969482422,66.81999969482422,112.0
2024-03-01 12:46:00,BBIO,36.040000915527344,36.040000915527344,36.099998474121094,36.040000915527344,36.099998474121094,2799.0
2024-03-01 12:46:00,BBLG,2.4800000190734863,2.4800000190734863,2.509999990463257,2.4700000286102295,2.490000009536743,1904.0
2024-03-01 12:46:00,BCAB,2.740000009536743,2.740000009536743,2.740000009536743,2.740000009536743,2.740000009536743,164.0
2024-03-01 12:46:00,BCRX,5.760000228881836,5.760000228881836,5.760000228881836,5.760000228881836,5.760000228881836,339.0
2024-03-01 12:46:00,BCYC,25.770000457763672,25.770000457763672,25.770000457763672,25.770000457763672,25.770000457763672,159.0
2024-03-01 12:46:00,BDSX,1.5992000102996826,1.5992000102996826,1.5994999408721924,1.5992000102996826,1.5994999408721924,272.0
2024-03-01 12:46:00,BDTX,5.0,5.0,5.0,4.994999885559082,5.0,739.0
2024-03-01 12:46:00,BEAM,39.970001220703125,39.970001220703125,40.0099983215332,39.959999084472656,40.0099983215332,1713.0
2024-03-01 12:46:00,BIIB,221.30999755859375,221.30999755859375,221.32000732421875,221.30999755859375,221.32000732421875,1585.0
2024-03-01 12:46:00,BIVI,1.8600000143051147,1.8600000143051147,1.8799999952316284,1.8300000429153442,1.8300000429153442,47418.0
2024-03-01 12:46:00,BLFS,18.235000610351562,18.235000610351562,18.25,18.209999084472656,18.25,1146.0
2024-03-01 12:46:00,BLRX,1.399999976158142,1.399999976158142,1.399999976158142,1.399999976158142,1.399999976158142,208.0
2024-03-01 12:46:00,BLUE,1.590000033378601,1.590000033378601,1.590000033378601,1.5816999673843384,1.590000033378601,13809.0
2024-03-01 12:46:00,BMEA,18.100000381469727,18.100000381469727,18.100000381469727,18.079999923706055,18.079999923706055,561.0
2024-03-01 12:46:00,BMRN,87.30000305175781,87.30000305175781,87.30000305175781,87.29000091552734,87.30000305175781,813.0
2024-03-01 12:46:00,BNTX,91.62999725341797,91.62999725341797,91.66500091552734,91.58000183105469,91.66500091552734,594.0
2024-03-01 12:46:00,BOLT,1.1799999475479126,1.1799999475479126,1.190000057220459,1.1699999570846558,1.190000057220459,6596.0
2024-03-01 12:46:00,BPMC,97.08499908447266,97.08499908447266,97.12999725341797,97.06999969482422,97.06999969482422,1759.0
2024-03-01 12:46:00,BRKR,88.33000183105469,88.33000183105469,88.33999633789062,88.33000183105469,88.33999633789062,826.0
2024-03-01 12:46:00,BSGM,0.6222000122070312,0.6222000122070312,0.6222000122070312,0.6222000122070312,0.6222000122070312,2161.0
2024-03-01 12:46:00,BTTX,0.17599999904632568,0.17599999904632568,0.1776999980211258,0.17554999887943268,0.17599999904632568,85520.0
2024-03-01 12:46:00,BWAY,6.53000020980835,6.53000020980835,6.53000020980835,6.53000020980835,6.53000020980835,100.0
2024-03-01 12:46:00,CABA,24.059999465942383,24.059999465942383,24.06999969482422,24.049999237060547,24.06999969482422,2059.0
2024-03-01 12:46:00,CBAY,32.2400016784668,32.2400016784668,32.2400016784668,32.230098724365234,32.230098724365234,1925.0
2024-03-01 12:46:00,CCCC,10.970000267028809,10.970000267028809,10.970000267028809,10.96500015258789,10.970000267028809,963.0
2024-03-01 12:46:00,CCRN,18.219999313354492,18.219999313354492,18.219999313354492,18.219999313354492,18.219999313354492,483.0
2024-03-01 12:46:00,CDMO,8.09000015258789,8.09000015258789,8.09000015258789,8.09000015258789,8.09000015258789,728.0
2024-03-01 12:46:00,CDNA,12.300000190734863,12.300000190734863,12.369999885559082,12.300000190734863,12.359999656677246,1923.0
2024-03-01 12:46:00,CDXS,4.449999809265137,4.449999809265137,4.5,4.449999809265137,4.5,4223.0
2024-03-01 12:46:00,CELC,16.280000686645508,16.280000686645508,16.280000686645508,16.270000457763672,16.270000457763672,215.0
2024-03-01 12:46:00,CERE,41.099998474121094,41.099998474121094,41.10499954223633,41.099998474121094,41.10499954223633,504.0
2024-03-01 12:46:00,CERS,2.2200000286102295,2.2200000286102295,2.2200000286102295,2.2200000286102295,2.2200000286102295,537.0
2024-03-01 12:46:00,CERT,17.7450008392334,17.7450008392334,17.75,17.7450008392334,17.75,1061.0
2024-03-01 12:46:00,CGC,3.25,3.25,3.25,3.240000009536743,3.25,9302.0
2024-03-01 12:46:00,CHRS,2.384999990463257,2.384999990463257,2.390000104904175,2.384999990463257,2.384999990463257,757.0
2024-03-01 12:46:00,CING,1.3873000144958496,1.3873000144958496,1.3873000144958496,1.3873000144958496,1.3873000144958496,350.0
2024-03-01 12:46:00,CKPT,2.2100000381469727,2.2100000381469727,2.2100000381469727,2.2100000381469727,2.2100000381469727,584.0
2024-03-01 12:46:00,CLDX,50.540000915527344,50.540000915527344,50.93000030517578,50.540000915527344,50.93000030517578,5903.0
2024-03-01 12:46:00,CLNN,0.3849000036716461,0.3849000036716461,0.38499999046325684,0.3849000036716461,0.38499999046325684,411.0
2024-03-01 12:46:00,CLOV,0.8608999848365784,0.8608999848365784,0.8608999848365784,0.86080002784729,0.86080002784729,1950.0
2024-03-01 12:46:00,CLPT,6.698599815368652,6.698599815368652,6.698599815368652,6.698599815368652,6.698599815368652,100.0
2024-03-01 12:46:00,CLRB,4.139999866485596,4.139999866485596,4.150000095367432,4.139999866485596,4.150000095367432,3151.0
2024-03-01 12:46:00,CMPS,11.460000038146973,11.460000038146973,11.460000038146973,11.460000038146973,11.460000038146973,378.0
2024-03-01 12:46:00,CNTA,10.999899864196777,10.999899864196777,10.999899864196777,10.999899864196777,10.999899864196777,691.0
2024-03-01 12:46:00,COGT,7.170000076293945,7.170000076293945,7.170000076293945,7.170000076293945,7.170000076293945,736.0
2024-03-01 12:46:00,CORT,24.187999725341797,24.187999725341797,24.200000762939453,24.18000030517578,24.200000762939453,2781.0
2024-03-01 12:46:00,COSM,0.7554000020027161,0.7554000020027161,0.7554000020027161,0.7554000020027161,0.7554000020027161,226.0
2024-03-01 12:46:00,CPRX,17.079999923706055,17.079999923706055,17.079999923706055,17.065000534057617,17.075000762939453,4343.0
2024-03-01 12:46:00,CRBU,7.945000171661377,7.945000171661377,7.945000171661377,7.920000076293945,7.934999942779541,5586.0
2024-03-01 12:46:00,CRDF,2.369999885559082,2.369999885559082,2.375,2.3299999237060547,2.3399999141693115,55908.0
2024-03-01 12:46:00,CRDL,1.9500000476837158,1.9500000476837158,1.9500000476837158,1.9500000476837158,1.9500000476837158,407.0
2024-03-01 12:46:00,CRNX,46.540000915527344,46.540000915527344,46.630001068115234,46.540000915527344,46.599998474121094,2021.0
2024-03-01 12:46:00,CRON,2.055000066757202,2.055000066757202,2.0594000816345215,2.055000066757202,2.0594000816345215,348.0
2024-03-01 12:46:00,CRSP,85.88999938964844,85.88999938964844,85.95929718017578,85.80999755859375,85.94499969482422,3372.0
2024-03-01 12:46:00,CSTL,20.540000915527344,20.540000915527344,20.540000915527344,20.540000915527344,20.540000915527344,135.0
2024-03-01 12:46:00,CTKB,8.755000114440918,8.755000114440918,8.770000457763672,8.755000114440918,8.770000457763672,2329.0
2024-03-01 12:46:00,CTMX,2.700000047683716,2.700000047683716,2.700000047683716,2.6807000637054443,2.6807000637054443,5753.0
2024-03-01 12:46:00,CUE,2.2000999450683594,2.2000999450683594,2.2000999450683594,2.2000999450683594,2.2000999450683594,256.0
2024-03-01 12:46:00,CUTR,2.430000066757202,2.430000066757202,2.430000066757202,2.430000066757202,2.430000066757202,102.0
2024-03-01 12:46:00,CVAC,3.505000114440918,3.505000114440918,3.505000114440918,3.505000114440918,3.505000114440918,1162.0
2024-03-01 12:46:00,CYT,3.0999999046325684,3.0999999046325684,3.0999999046325684,3.0999999046325684,3.0999999046325684,1000.0
2024-03-01 12:46:00,CYTK,73.22000122070312,73.22000122070312,73.33999633789062,73.22000122070312,73.33999633789062,3189.0
2024-03-01 12:46:00,CYTO,2.3459999561309814,2.3459999561309814,2.3499999046325684,2.3459999561309814,2.3499999046325684,1597.0
2024-03-01 12:46:00,DARE,0.5509999990463257,0.5509999990463257,0.5510510206222534,0.5501000285148621,0.5510510206222534,7000.0
2024-03-01 12:46:00,DCGO,4.114999771118164,4.114999771118164,4.114999771118164,4.112500190734863,4.112500190734863,925.0
2024-03-01 12:46:00,DCPH,17.493600845336914,17.493600845336914,17.493600845336914,17.489999771118164,17.489999771118164,814.0
2024-03-01 12:46:00,DERM,4.04010009765625,4.04010009765625,4.059999942779541,4.04010009765625,4.059999942779541,396.0
2024-03-01 12:46:00,DH,8.8100004196167,8.8100004196167,8.84000015258789,8.8100004196167,8.84000015258789,1041.0
2024-03-01 12:46:00,DMTK,0.8592000007629395,0.8592000007629395,0.859499990940094,0.8592000007629395,0.8592000007629395,1101.0
2024-03-01 12:46:00,DNLI,20.850000381469727,20.850000381469727,20.850000381469727,20.850000381469727,20.850000381469727,1605.0
2024-03-01 12:46:00,DTIL,12.175000190734863,12.175000190734863,12.175000190734863,12.175000190734863,12.175000190734863,152.0
2024-03-01 12:46:00,DVAX,12.885000228881836,12.885000228881836,12.885000228881836,12.885000228881836,12.885000228881836,492.0
2024-03-01 12:46:00,DXCM,121.5,121.5,121.59500122070312,121.44059753417969,121.59500122070312,7184.0
2024-03-01 12:46:00,DYN,28.75,28.75,28.75,28.75,28.75,398.0
2024-03-01 12:46:00,EDIT,10.850000381469727,10.850000381469727,10.875,10.850000381469727,10.875,4078.0
2024-03-01 12:46:00,ELEV,4.945000171661377,4.945000171661377,4.96999979019165,4.934999942779541,4.96999979019165,6895.0
2024-03-01 12:46:00,EMBC,14.399999618530273,14.399999618530273,14.399999618530273,14.390000343322754,14.390000343322754,1263.0
2024-03-01 12:46:00,ENVB,1.5800000429153442,1.5800000429153442,1.5800000429153442,1.559999942779541,1.559999942779541,639.0
2024-03-01 12:46:00,EOLS,14.75,14.75,14.75,14.739999771118164,14.739999771118164,507.0
2024-03-01 12:46:00,ERAS,2.5350000858306885,2.5350000858306885,2.5350000858306885,2.5299999713897705,2.5350000858306885,751.0
2024-03-01 12:46:00,ESPR,2.5250000953674316,2.5250000953674316,2.5250000953674316,2.5199999809265137,2.5199999809265137,1648.0
2024-03-01 12:46:00,ETNB,13.25,13.25,13.255000114440918,13.239999771118164,13.255000114440918,3462.0
2024-03-01 12:46:00,EWTX,17.1299991607666,17.1299991607666,17.1299991607666,17.1299991607666,17.1299991607666,513.0
2024-03-01 12:46:00,EXAS,60.302101135253906,60.302101135253906,60.302101135253906,60.302101135253906,60.302101135253906,418.0
2024-03-01 12:46:00,EXEL,22.469999313354492,22.469999313354492,22.479999542236328,22.469999313354492,22.479999542236328,3379.0
2024-03-01 12:46:00,EYEN,2.430000066757202,2.430000066757202,2.4600000381469727,2.422499895095825,2.4398999214172363,5500.0
2024-03-01 12:46:00,FATE,7.574999809265137,7.574999809265137,7.579999923706055,7.574999809265137,7.579999923706055,600.0
2024-03-01 12:46:00,FBIO,2.3399999141693115,2.3399999141693115,2.3399999141693115,2.3399999141693115,2.3399999141693115,100.0
2024-03-01 12:46:00,FDMT,29.46500015258789,29.46500015258789,29.46500015258789,29.46500015258789,29.46500015258789,176.0
2024-03-01 12:46:00,FGEN,1.8799999952316284,1.8799999952316284,1.8799999952316284,1.8783999681472778,1.8783999681472778,3659.0
2024-03-01 12:46:00,FHTX,7.900000095367432,7.900000095367432,7.900000095367432,7.900000095367432,7.900000095367432,126.0
2024-03-01 12:46:00,FLGT,23.30500030517578,23.30500030517578,23.30500030517578,23.30500030517578,23.30500030517578,136.0
2024-03-01 12:46:00,FOLD,13.359999656677246,13.359999656677246,13.395000457763672,13.359999656677246,13.395000457763672,4724.0
2024-03-01 12:46:00,FONR,22.450000762939453,22.450000762939453,22.450000762939453,22.450000762939453,22.450000762939453,149.0
2024-03-01 12:46:00,FULC,10.869999885559082,10.869999885559082,10.9399995803833,10.869999885559082,10.9399995803833,6228.0
2024-03-01 12:46:00,FUSN,12.28499984741211,12.28499984741211,12.289999961853027,12.28499984741211,12.289999961853027,1117.0
2024-03-01 12:46:00,GDRX,8.260000228881836,8.260000228881836,8.289999961853027,8.260000228881836,8.279999732971191,9820.0
2024-03-01 12:46:00,GERN,2.2049999237060547,2.2049999237060547,2.2200000286102295,2.200000047683716,2.210099935531616,199680.0
2024-03-01 12:46:00,GH,19.165000915527344,19.165000915527344,19.165000915527344,19.165000915527344,19.165000915527344,101.0
2024-03-01 12:46:00,GILD,72.32499694824219,72.32499694824219,72.33999633789062,72.32499694824219,72.3375015258789,7050.0
2024-03-01 12:46:00,GLMD,0.39500001072883606,0.39500001072883606,0.39500001072883606,0.39500001072883606,0.39500001072883606,314.0
2024-03-01 12:46:00,GMAB,29.350000381469727,29.350000381469727,29.360000610351562,29.34000015258789,29.360000610351562,1320.0
2024-03-01 12:46:00,GMDA,0.38040000200271606,0.38040000200271606,0.3804999887943268,0.3799999952316284,0.3804999887943268,29612.0
2024-03-01 12:46:00,GOSS,1.3899999856948853,1.3899999856948853,1.3899999856948853,1.3700000047683716,1.3700000047683716,2220.0
2024-03-01 12:46:00,GRFS,7.070000171661377,7.070000171661377,7.079899787902832,7.070000171661377,7.079899787902832,937.0
2024-03-01 12:46:00,GRPH,3.494999885559082,3.494999885559082,3.494999885559082,3.494999885559082,3.494999885559082,100.0
2024-03-01 12:46:00,GRTS,2.140000104904175,2.140000104904175,2.1449999809265137,2.140000104904175,2.140000104904175,1299.0
2024-03-01 12:46:00,GTHX,3.7100000381469727,3.7100000381469727,3.7100000381469727,3.700000047683716,3.7049999237060547,5034.0
2024-03-01 12:46:00,HALO,41.630001068115234,41.630001068115234,41.650001525878906,41.630001068115234,41.630001068115234,846.0
2024-03-01 12:46:00,HCAT,7.999100208282471,7.999100208282471,8.0,7.999100208282471,8.0,989.0
2024-03-01 12:46:00,HCSG,12.65999984741211,12.65999984741211,12.65999984741211,12.65999984741211,12.65999984741211,157.0
2024-03-01 12:46:00,HCTI,2.430000066757202,2.430000066757202,2.4899001121520996,2.430000066757202,2.4865000247955322,3145.0
2024-03-01 12:46:00,HITI,1.760599970817566,1.760599970817566,1.760599970817566,1.760599970817566,1.760599970817566,2036.0
2024-03-01 12:46:00,HOLX,73.77999877929688,73.77999877929688,73.77999877929688,73.7300033569336,73.75,2283.0
2024-03-01 12:46:00,HOOK,0.7799999713897705,0.7799999713897705,0.7799999713897705,0.7799999713897705,0.7799999713897705,7126.0
2024-03-01 12:46:00,HRMY,31.479999542236328,31.479999542236328,31.510000228881836,31.479999542236328,31.510000228881836,2138.0
2024-03-01 12:46:00,HRTX,2.6050000190734863,2.6050000190734863,2.609999895095825,2.6050000190734863,2.609999895095825,774.0
2024-03-01 12:46:00,HSIC,76.97000122070312,76.97000122070312,76.97000122070312,76.94999694824219,76.94999694824219,1918.0
2024-03-01 12:46:00,HUMA,3.469899892807007,3.469899892807007,3.469899892807007,3.4649999141693115,3.4649999141693115,438.0
2024-03-01 12:46:00,IART,36.59000015258789,36.59000015258789,36.59000015258789,36.560001373291016,36.560001373291016,1267.0
2024-03-01 12:46:00,IBRX,4.835000038146973,4.835000038146973,4.840000152587891,4.829999923706055,4.840000152587891,5207.0
2024-03-01 12:46:00,ICUI,104.80999755859375,104.80999755859375,104.94000244140625,104.80999755859375,104.94000244140625,696.0
2024-03-01 12:46:00,IDXX,581.0399780273438,581.0399780273438,581.0900268554688,581.0399780273438,581.0399780273438,557.0
2024-03-01 12:46:00,IDYA,46.400001525878906,46.400001525878906,46.40999984741211,46.380001068115234,46.40999984741211,1776.0
2024-03-01 12:46:00,IKNA,1.5098999738693237,1.5098999738693237,1.5098999738693237,1.4850000143051147,1.4850000143051147,3164.0
2024-03-01 12:46:00,ILMN,142.05999755859375,142.05999755859375,142.05999755859375,141.99000549316406,141.99000549316406,1143.0
2024-03-01 12:46:00,IMNM,26.149999618530273,26.149999618530273,26.149999618530273,26.149999618530273,26.149999618530273,534.0
2024-03-01 12:46:00,IMRN,1.6700999736785889,1.6700999736785889,1.6700999736785889,1.6699999570846558,1.6699999570846558,1000.0
2024-03-01 12:46:00,IMVT,36.34000015258789,36.34000015258789,36.38999938964844,36.34000015258789,36.38999938964844,1984.0
2024-03-01 12:46:00,INCY,59.2400016784668,59.2400016784668,59.2400016784668,59.2400016784668,59.2400016784668,529.0
2024-03-01 12:46:00,INGN,6.840000152587891,6.840000152587891,6.860000133514404,6.829999923706055,6.835000038146973,15498.0
2024-03-01 12:46:00,INNV,4.855000019073486,4.855000019073486,4.855000019073486,4.855000019073486,4.855000019073486,108.0
2024-03-01 12:46:00,INO,9.466300010681152,9.466300010681152,9.476400375366211,9.46500015258789,9.476400375366211,958.0
2024-03-01 12:46:00,INSM,28.579999923706055,28.579999923706055,28.6200008392334,28.579999923706055,28.6200008392334,1859.0
2024-03-01 12:46:00,INVA,15.604999542236328,15.604999542236328,15.604999542236328,15.604999542236328,15.604999542236328,766.0
2024-03-01 12:46:00,INVO,1.190000057220459,1.190000057220459,1.190000057220459,1.190000057220459,1.190000057220459,1419.0
2024-03-01 12:46:00,IOVA,16.725000381469727,16.725000381469727,16.749799728393555,16.719999313354492,16.749799728393555,9810.0
2024-03-01 12:46:00,IPSC,3.819999933242798,3.819999933242798,3.8550000190734863,3.819999933242798,3.8550000190734863,1784.0
2024-03-01 12:46:00,IRWD,9.095000267028809,9.095000267028809,9.100000381469727,9.09000015258789,9.09000015258789,4361.0
2024-03-01 12:46:00,ISRG,394.3102111816406,394.3102111816406,394.4100036621094,394.3102111816406,394.31500244140625,1200.0
2024-03-01 12:46:00,ITOS,10.899999618530273,10.899999618530273,10.899999618530273,10.899999618530273,10.899999618530273,815.0
2024-03-01 12:46:00,IVVD,4.002999782562256,4.002999782562256,4.010000228881836,4.0,4.010000228881836,979.0
2024-03-01 12:46:00,JAGX,0.07280000299215317,0.07280000299215317,0.07289999723434448,0.07259999960660934,0.07289999723434448,62258.0
2024-03-01 12:46:00,JANX,46.9900016784668,46.9900016784668,47.0,46.9900016784668,47.0,662.0
2024-03-01 12:46:00,JSPR,20.899999618530273,20.899999618530273,20.899999618530273,20.899999618530273,20.899999618530273,148.0
2024-03-01 12:46:00,KALV,14.0,14.0,14.029600143432617,13.989999771118164,14.029600143432617,52337.0
2024-03-01 12:46:00,KNSA,21.790000915527344,21.790000915527344,21.795000076293945,21.760000228881836,21.795000076293945,1908.0
2024-03-01 12:46:00,KNTE,2.6050000190734863,2.6050000190734863,2.6050000190734863,2.6050000190734863,2.6050000190734863,200.0
2024-03-01 12:46:00,KOD,6.110000133514404,6.110000133514404,6.110000133514404,6.110000133514404,6.110000133514404,126.0
2024-03-01 12:46:00,KPTI,1.215000033378601,1.215000033378601,1.2200000286102295,1.2100000381469727,1.2100000381469727,967.0
2024-03-01 12:46:00,KURA,21.15999984741211,21.15999984741211,21.184999465942383,21.15999984741211,21.184999465942383,1308.0
2024-03-01 12:46:00,KYMR,44.09000015258789,44.09000015258789,44.13999938964844,44.060001373291016,44.08000183105469,2823.0
2024-03-01 12:46:00,KZIA,0.2409999966621399,0.2409999966621399,0.24140000343322754,0.2409999966621399,0.24140000343322754,34600.0
2024-03-01 12:46:00,KZR,1.0750000476837158,1.0750000476837158,1.0800000429153442,1.0750000476837158,1.0750000476837158,346.0
2024-03-01 12:46:00,LAB,2.5,2.5,2.5000998973846436,2.5,2.5,3951.0
2024-03-01 12:46:00,LBPH,22.110000610351562,22.110000610351562,22.110000610351562,22.110000610351562,22.110000610351562,404.0
2024-03-01 12:46:00,LEGN,65.9800033569336,65.9800033569336,65.9800033569336,65.9800033569336,65.9800033569336,159.0
2024-03-01 12:46:00,LEXX,2.819999933242798,2.819999933242798,2.819999933242798,2.819999933242798,2.819999933242798,100.0
2024-03-01 12:46:00,LFLY,3.0,3.0,3.0,3.0,3.0,110.0
2024-03-01 12:46:00,LFMD,8.0,8.0,8.0,8.0,8.0,301.0
2024-03-01 12:46:00,LFST,7.800000190734863,7.800000190734863,7.804999828338623,7.795000076293945,7.804999828338623,6002.0
2024-03-01 12:46:00,LGND,78.36000061035156,78.36000061035156,78.51499938964844,78.36000061035156,78.4800033569336,1183.0
2024-03-01 12:46:00,LGVN,0.5339999794960022,0.5339999794960022,0.5339999794960022,0.5321000218391418,0.5321000218391418,2100.0
2024-03-01 12:46:00,LNTH,65.44999694824219,65.44999694824219,65.44999694824219,65.44999694824219,65.44999694824219,123.0
2024-03-01 12:46:00,LPCN,3.9999001026153564,3.9999001026153564,4.0,3.9999001026153564,4.0,4802.0
2024-03-01 12:46:00,LPTX,2.8682000637054443,2.8682000637054443,2.8682000637054443,2.8682000637054443,2.8682000637054443,205.0
2024-03-01 12:46:00,LQDA,14.454999923706055,14.454999923706055,14.454999923706055,14.454999923706055,14.454999923706055,221.0
2024-03-01 12:46:00,LTRN,4.550000190734863,4.550000190734863,4.550000190734863,4.550000190734863,4.550000190734863,1558.0
2024-03-01 12:46:00,LVTX,3.0299999713897705,3.0299999713897705,3.0299999713897705,3.0299999713897705,3.0299999713897705,277.0
2024-03-01 12:46:00,LXRX,2.5195000171661377,2.5195000171661377,2.5360000133514404,2.5195000171661377,2.5250000953674316,25952.0
2024-03-01 12:46:00,LYEL,3.1500000953674316,3.1500000953674316,3.1500000953674316,3.140000104904175,3.140000104904175,3722.0
2024-03-01 12:46:00,LYRA,5.614999771118164,5.614999771118164,5.619999885559082,5.614999771118164,5.619999885559082,458.0
2024-03-01 12:46:00,MACK,14.720000267028809,14.720000267028809,14.720000267028809,14.710000038146973,14.720000267028809,694.0
2024-03-01 12:46:00,MCRB,1.2050000429153442,1.2050000429153442,1.2050000429153442,1.2000000476837158,1.2000000476837158,3178.0
2024-03-01 12:46:00,MDGL,249.44500732421875,249.44500732421875,249.44500732421875,249.44000244140625,249.44000244140625,463.0
2024-03-01 12:46:00,MDRX,6.079999923706055,6.079999923706055,6.079999923706055,6.039999961853027,6.039999961853027,10201.0
2024-03-01 12:46:00,MDXG,8.680000305175781,8.680000305175781,8.6899995803833,8.675000190734863,8.675000190734863,8663.0
2024-03-01 12:46:00,ME,0.574599027633667,0.574599027633667,0.574599027633667,0.5728999972343445,0.5728999972343445,3677.0
2024-03-01 12:46:00,MGNX,19.0049991607666,19.0049991607666,19.0049991607666,19.0049991607666,19.0049991607666,150.0
2024-03-01 12:46:00,MGTX,6.434999942779541,6.434999942779541,6.434999942779541,6.434999942779541,6.434999942779541,683.0
2024-03-01 12:46:00,MIST,1.7400000095367432,1.7400000095367432,1.7798999547958374,1.7400000095367432,1.7798999547958374,3968.0
2024-03-01 12:46:00,MLTX,51.970001220703125,51.970001220703125,51.970001220703125,51.970001220703125,51.970001220703125,656.0
2024-03-01 12:46:00,MMSI,76.30000305175781,76.30000305175781,76.30000305175781,76.30000305175781,76.30000305175781,378.0
2024-03-01 12:46:00,MNKD,4.554999828338623,4.554999828338623,4.557499885559082,4.554999828338623,4.557499885559082,708.0
2024-03-01 12:46:00,MNMD,6.130000114440918,6.130000114440918,6.157199859619141,6.130000114440918,6.157199859619141,3828.0
2024-03-01 12:46:00,MODD,1.8799999952316284,1.8799999952316284,1.899999976158142,1.8799999952316284,1.899999976158142,5600.0
2024-03-01 12:46:00,MOR,17.59000015258789,17.59000015258789,17.59000015258789,17.59000015258789,17.59000015258789,300.0
2024-03-01 12:46:00,MORF,39.56999969482422,39.56999969482422,39.56999969482422,39.56999969482422,39.56999969482422,187.0
2024-03-01 12:46:00,MREO,3.865000009536743,3.865000009536743,3.865000009536743,3.865000009536743,3.865000009536743,130.0
2024-03-01 12:46:00,MRNA,96.66190338134766,96.66190338134766,96.77999877929688,96.66190338134766,96.77999877929688,5739.0
2024-03-01 12:46:00,MRSN,5.980000019073486,5.980000019073486,5.994999885559082,5.980000019073486,5.994999885559082,1564.0
2024-03-01 12:46:00,MRUS,51.959999084472656,51.959999084472656,51.959999084472656,51.959999084472656,51.959999084472656,742.0
2024-03-01 12:46:00,MRVI,7.815000057220459,7.815000057220459,7.840000152587891,7.815000057220459,7.840000152587891,4216.0
2024-03-01 12:46:00,MYNZ,0.8600000143051147,0.8600000143051147,0.8600000143051147,0.8600000143051147,0.8600000143051147,111.0
2024-03-01 12:46:00,NARI,45.31999969482422,45.31999969482422,45.38840103149414,45.310001373291016,45.38840103149414,1709.0
2024-03-01 12:46:00,NAUT,2.6700000762939453,2.6700000762939453,2.6700000762939453,2.6600000858306885,2.6600000858306885,1106.0
2024-03-01 12:46:00,NBIX,131.02000427246094,131.02000427246094,131.02000427246094,131.02000427246094,131.02000427246094,647.0
2024-03-01 12:46:00,NDRA,1.149999976158142,1.149999976158142,1.159999966621399,1.1399999856948853,1.1399999856948853,7930.0
2024-03-01 12:46:00,NEOG,17.315000534057617,17.315000534057617,17.315000534057617,17.309999465942383,17.315000534057617,2173.0
2024-03-01 12:46:00,NERV,2.549999952316284,2.549999952316284,2.574700117111206,2.549999952316284,2.559999942779541,2443.0
2024-03-01 12:46:00,NGM,1.5299999713897705,1.5299999713897705,1.5299999713897705,1.5299999713897705,1.5299999713897705,100.0
2024-03-01 12:46:00,NKTR,0.7990000247955322,0.7990000247955322,0.7990000247955322,0.7990000247955322,0.7990000247955322,2530.0
2024-03-01 12:46:00,NKTX,12.800000190734863,12.800000190734863,12.800000190734863,12.800000190734863,12.800000190734863,585.0
2024-03-01 12:46:00,NNOX,11.09000015258789,11.09000015258789,11.104999542236328,11.089900016784668,11.104999542236328,2954.0
2024-03-01 12:46:00,NOTV,8.0600004196167,8.0600004196167,8.0600004196167,8.0600004196167,8.0600004196167,388.0
2024-03-01 12:46:00,NRIX,13.699999809265137,13.699999809265137,13.699999809265137,13.6899995803833,13.6899995803833,953.0
2024-03-01 12:46:00,NRSN,2.1350998878479004,2.1350998878479004,2.170099973678589,2.130000114440918,2.1700000762939453,55868.0
2024-03-01 12:46:00,NRXP,0.41119998693466187,0.41119998693466187,0.41119998693466187,0.41119998693466187,0.41119998693466187,3900.0
2024-03-01 12:46:00,NTLA,33.41999816894531,33.41999816894531,33.5,33.41999816894531,33.5,2701.0
2024-03-01 12:46:00,NTRA,88.9800033569336,88.9800033569336,89.0199966430664,88.92500305175781,89.0199966430664,1046.0
2024-03-01 12:46:00,NURO,3.9816999435424805,3.9816999435424805,3.9816999435424805,3.9816999435424805,3.9816999435424805,553.0
2024-03-01 12:46:00,NVAX,5.144999980926514,5.144999980926514,5.195000171661377,5.135000228881836,5.195000171661377,145647.0
2024-03-01 12:46:00,NVCR,16.030000686645508,16.030000686645508,16.030000686645508,16.030000686645508,16.030000686645508,101.0
2024-03-01 12:46:00,NVOS,0.6427990198135376,0.6427990198135376,0.6427990198135376,0.6427990198135376,0.6427990198135376,5000.0
2024-03-01 12:46:00,OCGN,0.9403979778289795,0.9403979778289795,0.9404000043869019,0.9401860237121582,0.9401999711990356,3179.0
2024-03-01 12:46:00,OCUL,10.837200164794922,10.837200164794922,10.850000381469727,10.835000038146973,10.84000015258789,2703.0
2024-03-01 12:46:00,OCUP,2.490000009536743,2.490000009536743,2.490000009536743,2.4800000190734863,2.490000009536743,2450.0
2024-03-01 12:46:00,OFIX,12.850000381469727,12.850000381469727,12.850000381469727,12.850000381469727,12.850000381469727,714.0
2024-03-01 12:46:00,OGI,2.1700000762939453,2.1700000762939453,2.1700000762939453,2.1700000762939453,2.1700000762939453,3958.0
2024-03-01 12:46:00,OLK,22.645000457763672,22.645000457763672,22.645000457763672,22.645000457763672,22.645000457763672,300.0
2024-03-01 12:46:00,OLMA,14.470000267028809,14.470000267028809,14.470000267028809,14.470000267028809,14.470000267028809,140.0
2024-03-01 12:46:00,OM,3.1391000747680664,3.1391000747680664,3.1391000747680664,3.1391000747680664,3.1391000747680664,773.0
2024-03-01 12:46:00,OMCL,26.53499984741211,26.53499984741211,26.53499984741211,26.458499908447266,26.458499908447266,3417.0
2024-03-01 12:46:00,OMER,4.764999866485596,4.764999866485596,4.764999866485596,4.764999866485596,4.764999866485596,202.0
2024-03-01 12:46:00,OMGA,4.189499855041504,4.189499855041504,4.189499855041504,4.189499855041504,4.189499855041504,404.0
2024-03-01 12:46:00,ONCY,1.1404000520706177,1.1404000520706177,1.1404000520706177,1.1404000520706177,1.1404000520706177,847.0
2024-03-01 12:47:00,ABCL,5.210000038146973,5.210000038146973,5.210000038146973,5.204999923706055,5.210000038146973,3020.0
2024-03-01 12:47:00,ABIO,1.6699999570846558,1.6699999570846558,1.6710000038146973,1.6699999570846558,1.6710000038146973,1021.0
2024-03-01 12:47:00,ABSI,5.25,5.25,5.255000114440918,5.244999885559082,5.25,5866.0
2024-03-01 12:47:00,ACAD,24.408000946044922,24.408000946044922,24.40999984741211,24.389999389648438,24.399999618530273,5373.0
2024-03-01 12:47:00,ACB,3.190000057220459,3.190000057220459,3.190000057220459,3.180000066757202,3.180000066757202,2813.0
2024-03-01 12:47:00,ACCD,10.220000267028809,10.220000267028809,10.220000267028809,10.220000267028809,10.220000267028809,261.0
2024-03-01 12:47:00,ACET,2.4000000953674316,2.4000000953674316,2.4000000953674316,2.4000000953674316,2.4000000953674316,400.0
2024-03-01 12:47:00,ACHC,84.6500015258789,84.6500015258789,84.6500015258789,84.58000183105469,84.58000183105469,985.0
2024-03-01 12:47:00,ACIU,3.880000114440918,3.880000114440918,3.880000114440918,3.8698999881744385,3.8698999881744385,1452.0
2024-03-01 12:47:00,ACLX,67.11000061035156,67.11000061035156,67.16000366210938,67.11000061035156,67.16000366210938,1530.0
2024-03-01 12:47:00,ACON,0.3995000123977661,0.3995000123977661,0.3995000123977661,0.39899998903274536,0.39899998903274536,1561.0
2024-03-01 12:47:00,ACRS,1.2400000095367432,1.2400000095367432,1.2400000095367432,1.2300000190734863,1.2350000143051147,620.0
2024-03-01 12:47:00,ADIL,3.0899999141693115,3.0899999141693115,3.0989999771118164,3.0799999237060547,3.0804998874664307,10035.0
2024-03-01 12:47:00,ADMA,5.46999979019165,5.46999979019165,5.46999979019165,5.4604997634887695,5.46999979019165,1448.0
2024-03-01 12:47:00,ADPT,4.190000057220459,4.190000057220459,4.215000152587891,4.190000057220459,4.210000038146973,11880.0
2024-03-01 12:47:00,ADVM,1.975000023841858,1.975000023841858,1.975000023841858,1.9700000286102295,1.975000023841858,5255.0
2024-03-01 12:47:00,AFMD,0.6398990154266357,0.6398990154266357,0.6398990154266357,0.6398990154266357,0.6398990154266357,224.0
2024-03-01 12:47:00,AGEN,0.6739000082015991,0.6739000082015991,0.6739000082015991,0.673799991607666,0.6738749742507935,68999.0
2024-03-01 12:47:00,AGIO,32.91999816894531,32.91999816894531,32.93790054321289,32.91999816894531,32.93790054321289,569.0
2024-03-01 12:47:00,AHCO,10.614999771118164,10.614999771118164,10.614999771118164,10.604999542236328,10.604999542236328,2021.0
2024-03-01 12:47:00,AKBA,1.6887999773025513,1.6887999773025513,1.6887999773025513,1.6799999475479126,1.6799999475479126,250.0
2024-03-01 12:47:00,AKRO,30.0,30.0,30.0,30.0,30.0,1572.0
2024-03-01 12:47:00,AKYA,6.019999980926514,6.019999980926514,6.019999980926514,6.019999980926514,6.019999980926514,533.0
2024-03-01 12:47:00,ALDX,4.15500020980835,4.15500020980835,4.15500020980835,4.15500020980835,4.15500020980835,100.0
2024-03-01 12:47:00,ALEC,7.380000114440918,7.380000114440918,7.380000114440918,7.380000114440918,7.380000114440918,397.0
2024-03-01 12:47:00,ALGN,303.67999267578125,303.67999267578125,303.67999267578125,303.6600036621094,303.6600036621094,374.0
2024-03-01 12:47:00,ALHC,5.730000019073486,5.730000019073486,5.730000019073486,5.730000019073486,5.730000019073486,646.0
2024-03-01 12:47:00,ALKS,30.139999389648438,30.139999389648438,30.139999389648438,30.104999542236328,30.104999542236328,2372.0
2024-03-01 12:47:00,ALLK,1.6074999570846558,1.6074999570846558,1.6074999570846558,1.6074999570846558,1.6074999570846558,160.0
2024-03-01 12:47:00,ALLO,5.039999961853027,5.039999961853027,5.0406999588012695,5.039999961853027,5.0406999588012695,408.0
2024-03-01 12:47:00,ALPN,35.83000183105469,35.83000183105469,35.83000183105469,35.81999969482422,35.81999969482422,437.0
2024-03-01 12:47:00,ALT,12.119999885559082,12.119999885559082,12.140000343322754,12.119999885559082,12.119999885559082,2684.0
2024-03-01 12:47:00,ALVO,15.720000267028809,15.720000267028809,15.720000267028809,15.720000267028809,15.720000267028809,568.0
2024-03-01 12:47:00,ALVR,0.7512000203132629,0.7512000203132629,0.7512000203132629,0.7512000203132629,0.7512000203132629,190.0
2024-03-01 12:47:00,ALXO,15.055000305175781,15.055000305175781,15.055000305175781,15.055000305175781,15.055000305175781,380.0
2024-03-01 12:47:00,AMED,93.33000183105469,93.33000183105469,93.3499984741211,93.30999755859375,93.30999755859375,1322.0
2024-03-01 12:47:00,AMGN,281.5199890136719,281.5199890136719,281.5799865722656,281.5050048828125,281.5799865722656,4644.0
2024-03-01 12:47:00,AMPH,45.36000061035156,45.36000061035156,45.36000061035156,45.36000061035156,45.36000061035156,120.0
2024-03-01 12:47:00,AMRN,1.0549999475479126,1.0549999475479126,1.059999942779541,1.0499999523162842,1.059999942779541,1543.0
2024-03-01 12:47:00,ANAB,25.485000610351562,25.485000610351562,25.5,25.454999923706055,25.454999923706055,1485.0
2024-03-01 12:47:00,ANIP,66.3550033569336,66.3550033569336,66.3550033569336,66.3550033569336,66.3550033569336,175.0
2024-03-01 12:47:00,ANNX,5.989999771118164,5.989999771118164,5.989999771118164,5.989999771118164,5.989999771118164,5252.0
2024-03-01 12:47:00,ANTX,3.0299999713897705,3.0299999713897705,3.0299999713897705,3.0299999713897705,3.0299999713897705,159.0
2024-03-01 12:47:00,APLS,64.93000030517578,64.93000030517578,64.98500061035156,64.91500091552734,64.97640228271484,1371.0
2024-03-01 12:47:00,APLT,7.079999923706055,7.079999923706055,7.085000038146973,7.050000190734863,7.050000190734863,2806.0
2024-03-01 12:47:00,APVO,0.16050000488758087,0.16050000488758087,0.16050000488758087,0.16050000488758087,0.16050000488758087,212.0
2024-03-01 12:47:00,AQST,4.239999771118164,4.239999771118164,4.249899864196777,4.239999771118164,4.2434000968933105,2894.0
2024-03-01 12:47:00,ARAY,2.634999990463257,2.634999990463257,2.640000104904175,2.634999990463257,2.640000104904175,805.0
2024-03-01 12:47:00,ARDX,9.619999885559082,9.619999885559082,9.640000343322754,9.619999885559082,9.640000343322754,5560.0
2024-03-01 12:47:00,ARQT,11.770000457763672,11.770000457763672,11.779999732971191,11.760000228881836,11.779999732971191,2333.0
2024-03-01 12:47:00,ARVN,49.060001373291016,49.060001373291016,49.060001373291016,49.04999923706055,49.04999923706055,300.0
2024-03-01 12:47:00,ARWR,36.09000015258789,36.09000015258789,36.09000015258789,36.01499938964844,36.01499938964844,4082.0
2024-03-01 12:47:00,ASND,151.3350067138672,151.3350067138672,151.3350067138672,151.3350067138672,151.3350067138672,205.0
2024-03-01 12:47:00,ASRT,0.9298999905586243,0.9298999905586243,0.9298999905586243,0.9262499809265137,0.9262499809265137,12800.0
2024-03-01 12:47:00,ATAI,2.128999948501587,2.128999948501587,2.128999948501587,2.109999895095825,2.109999895095825,9454.0
2024-03-01 12:47:00,ATHA,3.984999895095825,3.984999895095825,3.984999895095825,3.9749999046325684,3.9798998832702637,2024.0
2024-03-01 12:47:00,ATRA,0.789900004863739,0.789900004863739,0.789900004863739,0.789900004863739,0.789900004863739,179.0
2024-03-01 12:47:00,ATRC,36.06999969482422,36.06999969482422,36.06999969482422,36.040000915527344,36.040000915527344,887.0
2024-03-01 12:47:00,ATXS,15.0,15.0,15.029999732971191,15.0,15.005000114440918,9832.0
2024-03-01 12:47:00,AUGX,4.579999923706055,4.579999923706055,4.579999923706055,4.579999923706055,4.579999923706055,100.0
2024-03-01 12:47:00,AUPH,5.869999885559082,5.869999885559082,5.869999885559082,5.860000133514404,5.860000133514404,1429.0
2024-03-01 12:47:00,AUTL,6.364999771118164,6.364999771118164,6.364999771118164,6.364999771118164,6.364999771118164,120.0
2024-03-01 12:47:00,AVDL,12.949999809265137,12.949999809265137,12.949999809265137,12.9399995803833,12.949999809265137,490.0
2024-03-01 12:47:00,AVTE,23.389999389648438,23.389999389648438,23.389999389648438,23.389999389648438,23.389999389648438,510.0
2024-03-01 12:47:00,AVXL,5.375,5.375,5.375,5.369999885559082,5.369999885559082,1047.0
2024-03-01 12:47:00,AWH,4.230000019073486,4.230000019073486,4.239999771118164,4.230000019073486,4.239999771118164,200.0
2024-03-01 12:47:00,AXGN,10.520000457763672,10.520000457763672,10.520000457763672,10.520000457763672,10.520000457763672,1132.0
2024-03-01 12:47:00,AXNX,67.66500091552734,67.66500091552734,67.69999694824219,67.55000305175781,67.69999694824219,5657.0
2024-03-01 12:47:00,AXSM,82.53500366210938,82.53500366210938,82.53500366210938,82.53500366210938,82.53500366210938,229.0
2024-03-01 12:47:00,AZN,64.69000244140625,64.69000244140625,64.69000244140625,64.68000030517578,64.68000030517578,1442.0
2024-03-01 12:47:00,AZTA,66.82499694824219,66.82499694824219,66.82499694824219,66.82499694824219,66.82499694824219,167.0
2024-03-01 12:47:00,BBIO,36.060001373291016,36.060001373291016,36.060001373291016,36.029998779296875,36.029998779296875,862.0
2024-03-01 12:47:00,BCEL,0.27000001072883606,0.27000001072883606,0.27090001106262207,0.27000001072883606,0.27090001106262207,5602.0
2024-03-01 12:47:00,BCRX,5.760000228881836,5.760000228881836,5.760000228881836,5.760000228881836,5.760000228881836,792.0
2024-03-01 12:47:00,BCTX,3.5399999618530273,3.5399999618530273,3.5450000762939453,3.530100107192993,3.5450000762939453,1400.0
2024-03-01 12:47:00,BDTX,4.989999771118164,4.989999771118164,4.989999771118164,4.989999771118164,4.989999771118164,367.0
2024-03-01 12:47:00,BEAM,40.0,40.0,40.0099983215332,39.974998474121094,39.974998474121094,1195.0
2024-03-01 12:47:00,BEAT,1.4800000190734863,1.4800000190734863,1.4800000190734863,1.4800000190734863,1.4800000190734863,3000.0
2024-03-01 12:47:00,BGXX,0.27459999918937683,0.27459999918937683,0.27459999918937683,0.27459999918937683,0.27459999918937683,989.0
2024-03-01 12:47:00,BIOL,0.13850000500679016,0.13850000500679016,0.13850000500679016,0.13850000500679016,0.13850000500679016,23000.0
2024-03-01 12:47:00,BIOR,1.1799999475479126,1.1799999475479126,1.1799999475479126,1.1799999475479126,1.1799999475479126,156.0
2024-03-01 12:47:00,BIVI,1.8600000143051147,1.8600000143051147,1.8700000047683716,1.850000023841858,1.8507000207901,35548.0
2024-03-01 12:47:00,BLFS,18.2549991607666,18.2549991607666,18.2549991607666,18.229999542236328,18.25,986.0
2024-03-01 12:47:00,BLRX,1.3949999809265137,1.3949999809265137,1.3949999809265137,1.3949999809265137,1.3949999809265137,522.0
2024-03-01 12:47:00,BLUE,1.590000033378601,1.590000033378601,1.5950000286102295,1.5806000232696533,1.5820000171661377,80519.0
2024-03-01 12:47:00,BMEA,18.079999923706055,18.079999923706055,18.100000381469727,18.059999465942383,18.100000381469727,10470.0
2024-03-01 12:47:00,BMRN,87.30999755859375,87.30999755859375,87.30999755859375,87.30000305175781,87.30000305175781,11495.0
2024-03-01 12:47:00,BNOX,1.2300000190734863,1.2300000190734863,1.2324999570846558,1.2300000190734863,1.2324999570846558,600.0
2024-03-01 12:47:00,BNTX,91.59500122070312,91.59500122070312,91.59500122070312,91.5,91.5,853.0
2024-03-01 12:47:00,BOLT,1.1899000406265259,1.1899000406265259,1.190000057220459,1.1799999475479126,1.190000057220459,14317.0
2024-03-01 12:47:00,BPMC,97.1500015258789,97.1500015258789,97.1500015258789,97.05999755859375,97.05999755859375,1333.0
2024-03-01 12:47:00,BRTX,1.5,1.5,1.5149999856948853,1.5,1.5041999816894531,400.0
2024-03-01 12:47:00,BSGM,0.6430000066757202,0.6430000066757202,0.6430000066757202,0.6430000066757202,0.6430000066757202,205.0
2024-03-01 12:47:00,BTTX,0.17800000309944153,0.17800000309944153,0.17839999496936798,0.17599999904632568,0.17599999904632568,15678.0
2024-03-01 12:47:00,BVS,4.75,4.75,4.75,4.75,4.75,319.0
2024-03-01 12:47:00,BWAY,6.53000020980835,6.53000020980835,6.53000020980835,6.53000020980835,6.53000020980835,100.0
2024-03-01 12:47:00,CABA,24.049999237060547,24.049999237060547,24.049999237060547,24.045000076293945,24.049999237060547,1392.0
2024-03-01 12:47:00,CADL,1.7100000381469727,1.7100000381469727,1.7100000381469727,1.7100000381469727,1.7100000381469727,144.0
2024-03-01 12:47:00,CAPR,4.580100059509277,4.580100059509277,4.580100059509277,4.580100059509277,4.580100059509277,210.0
2024-03-01 12:47:00,CARA,0.909600019454956,0.909600019454956,0.9100000262260437,0.909600019454956,0.9100000262260437,497.0
2024-03-01 12:47:00,CBAY,32.23500061035156,32.23500061035156,32.23749923706055,32.23500061035156,32.23500061035156,1192.0
2024-03-01 12:47:00,CCCC,10.954999923706055,10.954999923706055,10.970000267028809,10.954999923706055,10.970000267028809,5484.0
2024-03-01 12:47:00,CCRN,18.209999084472656,18.209999084472656,18.225000381469727,18.209999084472656,18.225000381469727,417.0
2024-03-01 12:47:00,CDMO,8.09000015258789,8.09000015258789,8.09000015258789,8.09000015258789,8.09000015258789,456.0
2024-03-01 12:47:00,CDNA,12.380000114440918,12.380000114440918,12.380000114440918,12.3100004196167,12.3100004196167,2098.0
2024-03-01 12:47:00,CDXS,4.46120023727417,4.46120023727417,4.46120023727417,4.460000038146973,4.460000038146973,717.0
2024-03-01 12:47:00,CERE,41.099998474121094,41.099998474121094,41.10499954223633,41.099998474121094,41.099998474121094,1201.0
2024-03-01 12:47:00,CERS,2.2249999046325684,2.2249999046325684,2.2249999046325684,2.2200000286102295,2.2200000286102295,1272.0
2024-03-01 12:47:00,CERT,17.760000228881836,17.760000228881836,17.760000228881836,17.760000228881836,17.760000228881836,1161.0
2024-03-01 12:47:00,CGC,3.259999990463257,3.259999990463257,3.259999990463257,3.244999885559082,3.25,6954.0
2024-03-01 12:47:00,CGEM,19.0049991607666,19.0049991607666,19.017499923706055,18.982500076293945,18.982500076293945,411.0
2024-03-01 12:47:00,CHRS,2.384999990463257,2.384999990463257,2.384999990463257,2.384999990463257,2.384999990463257,219.0
2024-03-01 12:47:00,CLDX,50.54999923706055,50.54999923706055,50.625,50.54999923706055,50.625,310.0
2024-03-01 12:47:00,CLNN,0.38260000944137573,0.38260000944137573,0.38260000944137573,0.38260000944137573,0.38260000944137573,1768.0
2024-03-01 12:47:00,CLOV,0.8604000210762024,0.8604000210762024,0.86080002784729,0.8600999712944031,0.8604000210762024,12620.0
2024-03-01 12:47:00,CLRB,4.139999866485596,4.139999866485596,4.139999866485596,4.130000114440918,4.139999866485596,962.0
2024-03-01 12:47:00,CMPX,1.850000023841858,1.850000023841858,1.850000023841858,1.850000023841858,1.850000023841858,9860.0
2024-03-01 12:47:00,CMRX,1.149399995803833,1.149399995803833,1.149399995803833,1.149399995803833,1.149399995803833,4300.0
2024-03-01 12:47:00,COGT,7.170000076293945,7.170000076293945,7.170000076293945,7.170000076293945,7.170000076293945,712.0
2024-03-01 12:47:00,CORT,24.239999771118164,24.239999771118164,24.25,24.190000534057617,24.190000534057617,3911.0
2024-03-01 12:47:00,CPRX,17.084999084472656,17.084999084472656,17.094999313354492,17.079999923706055,17.079999923706055,4153.0
2024-03-01 12:47:00,CPSI,9.4399995803833,9.4399995803833,9.4399995803833,9.4399995803833,9.4399995803833,100.0
2024-03-01 12:47:00,CRBU,7.980000019073486,7.980000019073486,7.980000019073486,7.949999809265137,7.949999809265137,3645.0
2024-03-01 12:47:00,CRDF,2.3698999881744385,2.3698999881744385,2.369999885559082,2.3499999046325684,2.3698999881744385,16489.0
2024-03-01 12:47:00,CRDL,1.9199999570846558,1.9199999570846558,1.9299999475479126,1.909999966621399,1.9299999475479126,8450.0
2024-03-01 12:47:00,CRNX,46.709999084472656,46.709999084472656,46.709999084472656,46.599998474121094,46.599998474121094,1180.0
2024-03-01 12:47:00,CRSP,85.87999725341797,85.87999725341797,85.87999725341797,85.8499984741211,85.8499984741211,649.0
2024-03-01 12:47:00,CRVS,2.259999990463257,2.259999990463257,2.279900074005127,2.259999990463257,2.279900074005127,5200.0
2024-03-01 12:47:00,CSTL,20.530000686645508,20.530000686645508,20.530000686645508,20.530000686645508,20.530000686645508,355.0
2024-03-01 12:47:00,CTKB,8.779999732971191,8.779999732971191,8.789999961853027,8.760000228881836,8.760000228881836,3022.0
2024-03-01 12:47:00,CTMX,2.7100000381469727,2.7100000381469727,2.7100000381469727,2.7049999237060547,2.7049999237060547,3988.0
2024-03-01 12:47:00,CUTR,2.440000057220459,2.440000057220459,2.440000057220459,2.430000066757202,2.430000066757202,3962.0
2024-03-01 12:47:00,CVRX,20.684999465942383,20.684999465942383,20.684999465942383,20.469999313354492,20.469999313354492,8627.0
2024-03-01 12:47:00,CYT,3.0820000171661377,3.0820000171661377,3.1050000190734863,3.0820000171661377,3.0999999046325684,3794.0
2024-03-01 12:47:00,CYTK,73.25,73.25,73.25,73.20999908447266,73.2300033569336,3791.0
2024-03-01 12:47:00,CYTO,2.3550000190734863,2.3550000190734863,2.3550000190734863,2.3550000190734863,2.3550000190734863,1073.0
2024-03-01 12:47:00,DARE,0.5501999855041504,0.5501999855041504,0.5501999855041504,0.5501999855041504,0.5501999855041504,5000.0
2024-03-01 12:47:00,DAWN,17.469999313354492,17.469999313354492,17.469999313354492,17.469999313354492,17.469999313354492,600.0
2024-03-01 12:47:00,DCGO,4.135000228881836,4.135000228881836,4.135000228881836,4.110000133514404,4.110000133514404,8243.0
2024-03-01 12:47:00,DCPH,17.4950008392334,17.4950008392334,17.5,17.489999771118164,17.5,623.0
2024-03-01 12:47:00,DMTK,0.8597000241279602,0.8597000241279602,0.8597000241279602,0.8597000241279602,0.8597000241279602,110.0
2024-03-01 12:47:00,DNLI,20.857999801635742,20.857999801635742,20.857999801635742,20.850000381469727,20.850000381469727,597.0
2024-03-01 12:47:00,DRRX,0.995199978351593,0.995199978351593,0.995199978351593,0.995199978351593,0.995199978351593,261.0
2024-03-01 12:47:00,DSGN,2.9049999713897705,2.9049999713897705,2.9049999713897705,2.9049999713897705,2.9049999713897705,116.0
2024-03-01 12:47:00,DTIL,12.149999618530273,12.149999618530273,12.175000190734863,12.110099792480469,12.110099792480469,1276.0
2024-03-01 12:47:00,DVAX,12.885000228881836,12.885000228881836,12.885000228881836,12.885000228881836,12.885000228881836,503.0
2024-03-01 12:47:00,DXCM,121.50499725341797,121.50499725341797,121.55000305175781,121.5,121.51000213623047,3281.0
2024-03-01 12:47:00,DYN,28.75,28.75,28.75,28.75,28.75,314.0
2024-03-01 12:47:00,EDIT,10.849900245666504,10.849900245666504,10.849900245666504,10.849900245666504,10.849900245666504,407.0
2024-03-01 12:47:00,EGRX,6.71999979019165,6.71999979019165,6.739999771118164,6.71999979019165,6.739999771118164,1055.0
2024-03-01 12:47:00,ELEV,4.949999809265137,4.949999809265137,4.960000038146973,4.945000171661377,4.960000038146973,915.0
2024-03-01 12:47:00,ENTA,15.399999618530273,15.399999618530273,15.430000305175781,15.399999618530273,15.430000305175781,649.0
2024-03-01 12:47:00,ENTX,1.4199999570846558,1.4199999570846558,1.4199999570846558,1.4076999425888062,1.409999966621399,1296.0
2024-03-01 12:47:00,ENVB,1.5700000524520874,1.5700000524520874,1.5800000429153442,1.559999942779541,1.5800000429153442,1813.0
2024-03-01 12:47:00,EQ,2.4800000190734863,2.4800000190734863,2.4800000190734863,2.4800000190734863,2.4800000190734863,100.0
2024-03-01 12:47:00,ERAS,2.5350000858306885,2.5350000858306885,2.5350000858306885,2.5299999713897705,2.5350000858306885,929.0
2024-03-01 12:47:00,ESPR,2.5250000953674316,2.5250000953674316,2.5250000953674316,2.5199999809265137,2.5199999809265137,740.0
2024-03-01 12:47:00,ETNB,13.180000305175781,13.180000305175781,13.239999771118164,13.180000305175781,13.239999771118164,14001.0
2024-03-01 12:47:00,EWTX,17.1299991607666,17.1299991607666,17.139999389648438,17.1299991607666,17.139999389648438,350.0
2024-03-01 12:47:00,EXAS,60.33000183105469,60.33000183105469,60.33000183105469,60.29999923706055,60.29999923706055,628.0
2024-03-01 12:47:00,EXEL,22.469999313354492,22.469999313354492,22.475000381469727,22.469999313354492,22.475000381469727,754.0
2024-03-01 12:47:00,EYEN,2.430000066757202,2.430000066757202,2.430000066757202,2.430000066757202,2.430000066757202,350.0
2024-03-01 12:47:00,EYPT,28.010000228881836,28.010000228881836,28.020000457763672,28.010000228881836,28.020000457763672,1037.0
2024-03-01 12:47:00,FATE,7.590000152587891,7.590000152587891,7.590000152587891,7.574999809265137,7.579999923706055,3289.0
2024-03-01 12:47:00,FBIO,2.3399999141693115,2.3399999141693115,2.3499999046325684,2.3299999237060547,2.3499999046325684,1021.0
2024-03-01 12:47:00,FDMT,29.479999542236328,29.479999542236328,29.479999542236328,29.479999542236328,29.479999542236328,472.0
2024-03-01 12:47:00,FGEN,1.875,1.875,1.8799999952316284,1.8700000047683716,1.8799999952316284,35642.0
2024-03-01 12:47:00,FLGC,1.2200000286102295,1.2200000286102295,1.2200000286102295,1.2200000286102295,1.2200000286102295,159.0
2024-03-01 12:47:00,FOLD,13.354999542236328,13.354999542236328,13.364999771118164,13.354999542236328,13.359999656677246,1385.0
2024-03-01 12:47:00,FONR,22.5,22.5,22.5,22.450000762939453,22.450000762939453,2443.0
2024-03-01 12:47:00,FRTX,0.9399999976158142,0.9399999976158142,0.9399999976158142,0.9399999976158142,0.9399999976158142,309.0
2024-03-01 12:47:00,FULC,10.890000343322754,10.890000343322754,10.890000343322754,10.880000114440918,10.880000114440918,1989.0
2024-03-01 12:47:00,FUSN,12.279999732971191,12.279999732971191,12.279999732971191,12.274999618530273,12.279999732971191,2081.0
2024-03-01 12:47:00,FWBI,8.550000190734863,8.550000190734863,8.550000190734863,8.550000190734863,8.550000190734863,139.0
2024-03-01 12:47:00,GCTK,0.3140000104904175,0.3140000104904175,0.3140000104904175,0.3140000104904175,0.3140000104904175,100.0
2024-03-01 12:47:00,GDRX,8.274999618530273,8.274999618530273,8.274999618530273,8.265000343322754,8.270000457763672,2922.0
2024-03-01 12:47:00,GERN,2.2100000381469727,2.2100000381469727,2.2100000381469727,2.200000047683716,2.2100000381469727,300.0
2024-03-01 12:47:00,GH,19.200000762939453,19.200000762939453,19.200000762939453,19.18000030517578,19.18000030517578,1389.0
2024-03-01 12:47:00,GILD,72.33499908447266,72.33499908447266,72.33499908447266,72.33000183105469,72.33000183105469,3673.0
2024-03-01 12:47:00,GLTO,0.7350000143051147,0.7350000143051147,0.7350000143051147,0.7350000143051147,0.7350000143051147,204.0
2024-03-01 12:47:00,GMAB,29.3700008392334,29.3700008392334,29.3700008392334,29.354999542236328,29.354999542236328,1371.0
2024-03-01 12:47:00,GNTA,4.190000057220459,4.190000057220459,4.190000057220459,4.190000057220459,4.190000057220459,200.0
2024-03-01 12:47:00,GOSS,1.399999976158142,1.399999976158142,1.409999966621399,1.3899999856948853,1.3899999856948853,12726.0
2024-03-01 12:47:00,GRPH,3.494999885559082,3.494999885559082,3.494999885559082,3.494999885559082,3.494999885559082,129.0
2024-03-01 12:47:00,GRTS,2.140000104904175,2.140000104904175,2.1500000953674316,2.140000104904175,2.1482999324798584,1427.0
2024-03-01 12:47:00,GRTX,0.23260000348091125,0.23260000348091125,0.23260000348091125,0.23260000348091125,0.23260000348091125,825.0
2024-03-01 12:47:00,GTHX,3.7283999919891357,3.7283999919891357,3.7283999919891357,3.7100000381469727,3.7100000381469727,4023.0
2024-03-01 12:47:00,HALO,41.63999938964844,41.63999938964844,41.65999984741211,41.630001068115234,41.630001068115234,1782.0
2024-03-01 12:47:00,HCAT,7.989999771118164,7.989999771118164,8.0,7.989999771118164,8.0,842.0
2024-03-01 12:47:00,HCTI,2.440000057220459,2.440000057220459,2.4700000286102295,2.440000057220459,2.4700000286102295,792.0
2024-03-01 12:47:00,HITI,1.760599970817566,1.760599970817566,1.760599970817566,1.760599970817566,1.760599970817566,2043.0
2024-03-01 12:47:00,HOLX,73.7699966430664,73.7699966430664,73.79000091552734,73.7699966430664,73.79000091552734,2566.0
2024-03-01 12:47:00,HPCO,0.25209999084472656,0.25209999084472656,0.25209999084472656,0.25209999084472656,0.25209999084472656,1401.0
2024-03-01 12:47:00,HRMY,31.5,31.5,31.510000228881836,31.459999084472656,31.469999313354492,2482.0
2024-03-01 12:47:00,HROW,10.890000343322754,10.890000343322754,10.890000343322754,10.880000114440918,10.880000114440918,1144.0
2024-03-01 12:47:00,HRTX,2.6077001094818115,2.6077001094818115,2.6077001094818115,2.6050000190734863,2.6050000190734863,207.0
2024-03-01 12:47:00,HSDT,4.880000114440918,4.880000114440918,4.880000114440918,4.880000114440918,4.880000114440918,160.0
2024-03-01 12:47:00,HUMA,3.4700000286102295,3.4700000286102295,3.4700000286102295,3.4649999141693115,3.4649999141693115,2697.0
2024-03-01 12:47:00,IART,36.61000061035156,36.61000061035156,36.619998931884766,36.61000061035156,36.619998931884766,923.0
2024-03-01 12:47:00,IBRX,4.829999923706055,4.829999923706055,4.829999923706055,4.829999923706055,4.829999923706055,4157.0
2024-03-01 12:47:00,ICLR,322.6499938964844,322.6499938964844,322.7099914550781,322.6499938964844,322.7099914550781,625.0
2024-03-01 12:47:00,ICUI,104.81999969482422,104.81999969482422,104.83999633789062,104.7699966430664,104.77999877929688,1107.0
2024-03-01 12:47:00,IGMS,13.414999961853027,13.414999961853027,13.414999961853027,13.414999961853027,13.414999961853027,305.0
2024-03-01 12:47:00,IINN,1.659999966621399,1.659999966621399,1.659999966621399,1.659999966621399,1.659999966621399,5353.0
2024-03-01 12:47:00,IKT,2.140000104904175,2.140000104904175,2.140000104904175,2.140000104904175,2.140000104904175,117.0
2024-03-01 12:47:00,ILMN,142.13999938964844,142.13999938964844,142.13999938964844,142.0800018310547,142.0800018310547,1239.0
2024-03-01 12:47:00,IMAB,1.8493000268936157,1.8493000268936157,1.8493000268936157,1.840000033378601,1.840000033378601,245.0
2024-03-01 12:47:00,IMMX,3.5399999618530273,3.5399999618530273,3.5399999618530273,3.5399999618530273,3.5399999618530273,100.0
2024-03-01 12:47:00,IMNM,26.190000534057617,26.190000534057617,26.190000534057617,26.15999984741211,26.15999984741211,574.0
2024-03-01 12:47:00,IMRX,6.199999809265137,6.199999809265137,6.199999809265137,6.199999809265137,6.199999809265137,201.0
2024-03-01 12:47:00,IMTX,12.979999542236328,12.979999542236328,12.979999542236328,12.956600189208984,12.970000267028809,371.0
2024-03-01 12:47:00,IMVT,36.380001068115234,36.380001068115234,36.38999938964844,36.349998474121094,36.349998474121094,1518.0
2024-03-01 12:47:00,INCY,59.31999969482422,59.31999969482422,59.31999969482422,59.22999954223633,59.22999954223633,2439.0
2024-03-01 12:47:00,INGN,6.860000133514404,6.860000133514404,6.860000133514404,6.860000133514404,6.860000133514404,324.0
2024-03-01 12:47:00,INMB,12.45199966430664,12.45199966430664,12.45199966430664,12.34000015258789,12.34000015258789,984.0
2024-03-01 12:47:00,INMD,22.889999389648438,22.889999389648438,22.889999389648438,22.889999389648438,22.889999389648438,916.0
2024-03-01 12:47:00,INO,9.484999656677246,9.484999656677246,9.484999656677246,9.470000267028809,9.479999542236328,1509.0
2024-03-01 12:47:00,INSM,28.59000015258789,28.59000015258789,28.59000015258789,28.59000015258789,28.59000015258789,249.0
2024-03-01 12:47:00,IONS,45.90999984741211,45.90999984741211,45.93000030517578,45.88999938964844,45.90999984741211,462.0
2024-03-01 12:47:00,IOVA,16.774999618530273,16.774999618530273,16.780000686645508,16.725000381469727,16.729999542236328,16178.0
2024-03-01 12:47:00,IRWD,9.0649995803833,9.0649995803833,9.09749984741211,9.0600004196167,9.09749984741211,224573.0
2024-03-01 12:47:00,ISRG,394.4700012207031,394.4700012207031,394.4700012207031,394.4700012207031,394.4700012207031,487.0
2024-03-01 12:47:00,ITCI,71.66000366210938,71.66000366210938,71.66000366210938,71.6500015258789,71.6500015258789,814.0
2024-03-01 12:47:00,JAGX,0.07349999994039536,0.07349999994039536,0.07400000095367432,0.07259999960660934,0.07270000129938126,242131.0
2024-03-01 12:47:00,JANX,46.93119812011719,46.93119812011719,46.93119812011719,46.849998474121094,46.90999984741211,1608.0
2024-03-01 12:47:00,KALV,13.989999771118164,13.989999771118164,13.989999771118164,13.984999656677246,13.984999656677246,1238.0
2024-03-01 12:47:00,KIDS,27.399999618530273,27.399999618530273,27.399999618530273,27.389999389648438,27.389999389648438,582.0
2024-03-01 12:47:00,KNSA,21.763999938964844,21.763999938964844,21.770000457763672,21.763999938964844,21.770000457763672,579.0
2024-03-01 12:47:00,KOD,6.105000019073486,6.105000019073486,6.105000019073486,6.099999904632568,6.099999904632568,463.0
2024-03-01 12:47:00,KPRX,0.654699981212616,0.654699981212616,0.654699981212616,0.654699981212616,0.654699981212616,100.0
2024-03-01 12:47:00,KPTI,1.2200000286102295,1.2200000286102295,1.2200000286102295,1.215000033378601,1.215000033378601,907.0
2024-03-01 12:47:00,KROS,70.33499908447266,70.33499908447266,70.33499908447266,70.29000091552734,70.29000091552734,319.0
2024-03-01 12:47:00,KRYS,168.77000427246094,168.77000427246094,168.77000427246094,168.77000427246094,168.77000427246094,484.0
2024-03-01 12:47:00,KTRA,0.09679999947547913,0.09679999947547913,0.09889999777078629,0.0966000035405159,0.0966000035405159,60601.0
2024-03-01 12:47:00,KURA,21.15999984741211,21.15999984741211,21.15999984741211,21.15999984741211,21.15999984741211,131.0
2024-03-01 12:47:00,KYMR,44.084999084472656,44.084999084472656,44.10499954223633,44.084999084472656,44.09280014038086,1977.0
2024-03-01 12:47:00,KZIA,0.25,0.25,0.25,0.25,0.25,334.0
2024-03-01 12:47:00,KZR,1.0750000476837158,1.0750000476837158,1.0750000476837158,1.0700000524520874,1.0750000476837158,800.0
2024-03-01 12:47:00,LAB,2.505000114440918,2.505000114440918,2.505000114440918,2.5,2.5013999938964844,2878.0
2024-03-01 12:47:00,LBPH,22.110000610351562,22.110000610351562,22.110000610351562,22.110000610351562,22.110000610351562,596.0
2024-03-01 12:47:00,LEXX,2.819999933242798,2.819999933242798,2.819999933242798,2.819999933242798,2.819999933242798,100.0
2024-03-01 12:47:00,LFMD,8.0,8.0,8.010000228881836,8.0,8.0,6462.0
2024-03-01 12:47:00,LFST,7.804999828338623,7.804999828338623,7.804999828338623,7.800000190734863,7.800000190734863,7241.0
2024-03-01 12:47:00,LIVN,55.56999969482422,55.56999969482422,55.56999969482422,55.56999969482422,55.56999969482422,202.0
2024-03-01 12:47:00,LNTH,65.45500183105469,65.45500183105469,65.4574966430664,65.45500183105469,65.45500183105469,1091.0
2024-03-01 12:47:00,LQDA,14.454999923706055,14.454999923706055,14.454999923706055,14.454999923706055,14.454999923706055,432.0
2024-03-01 12:47:00,LUNG,9.369999885559082,9.369999885559082,9.369999885559082,9.369999885559082,9.369999885559082,214.0
2024-03-01 12:47:00,LVTX,3.0399999618530273,3.0399999618530273,3.0399999618530273,3.009999990463257,3.009999990463257,571.0
2024-03-01 12:47:00,LXRX,2.515000104904175,2.515000104904175,2.515000104904175,2.515000104904175,2.515000104904175,559.0
2024-03-01 12:47:00,LYEL,3.1500000953674316,3.1500000953674316,3.1500000953674316,3.1500000953674316,3.1500000953674316,827.0
2024-03-01 12:47:00,MASI,128.3300018310547,128.3300018310547,128.3300018310547,128.3300018310547,128.3300018310547,293.0
2024-03-01 12:47:00,MBOT,1.2899999618530273,1.2899999618530273,1.2899999618530273,1.2899999618530273,1.2899999618530273,305.0
2024-03-01 12:47:00,MCRB,1.2000999450683594,1.2000999450683594,1.2007999420166016,1.2000000476837158,1.2007999420166016,6450.0
2024-03-01 12:47:00,MDRX,6.079999923706055,6.079999923706055,6.079999923706055,6.039999961853027,6.079999923706055,23998.0
2024-03-01 12:47:00,MDXG,8.6850004196167,8.6850004196167,8.6899995803833,8.680000305175781,8.6899995803833,3533.0
2024-03-01 12:47:00,ME,0.5705000162124634,0.5705000162124634,0.5728999972343445,0.5698999762535095,0.5728999972343445,6556.0
2024-03-01 12:47:00,MGNX,19.019899368286133,19.019899368286133,19.019899368286133,19.019899368286133,19.019899368286133,1501.0
2024-03-01 12:47:00,MGTX,6.449999809265137,6.449999809265137,6.449999809265137,6.449999809265137,6.449999809265137,204.0
2024-03-01 12:47:00,MIRM,29.969999313354492,29.969999313354492,29.969999313354492,29.969999313354492,29.969999313354492,260.0
2024-03-01 12:47:00,MIST,1.7662999629974365,1.7662999629974365,1.7662999629974365,1.7662999629974365,1.7662999629974365,513.0
2024-03-01 12:47:00,MLTX,51.93000030517578,51.93000030517578,51.939998626708984,51.880001068115234,51.93000030517578,2980.0
2024-03-01 12:47:00,MMSI,76.19000244140625,76.19000244140625,76.3550033569336,76.1449966430664,76.30000305175781,3538.0
2024-03-01 12:47:00,MNKD,4.545000076293945,4.545000076293945,4.559999942779541,4.539999961853027,4.559999942779541,12421.0
2024-03-01 12:47:00,MNMD,6.150000095367432,6.150000095367432,6.150000095367432,6.131199836730957,6.131199836730957,3202.0
2024-03-01 12:47:00,MODD,1.899999976158142,1.899999976158142,1.899999976158142,1.899999976158142,1.899999976158142,402.0
2024-03-01 12:47:00,MODV,28.030000686645508,28.030000686645508,28.030000686645508,28.030000686645508,28.030000686645508,100.0
2024-03-01 12:47:00,MOR,17.59000015258789,17.59000015258789,17.59000015258789,17.59000015258789,17.59000015258789,910.0
2024-03-01 12:47:00,MREO,3.8680999279022217,3.8680999279022217,3.8698999881744385,3.8680999279022217,3.8698999881744385,1120.0
2024-03-01 12:47:00,MRNA,96.75,96.75,96.75,96.62000274658203,96.69999694824219,13063.0
2024-03-01 12:47:00,MRSN,5.994999885559082,5.994999885559082,5.994999885559082,5.989999771118164,5.989999771118164,1068.0
2024-03-01 12:47:00,MRVI,7.830999851226807,7.830999851226807,7.830999851226807,7.809999942779541,7.809999942779541,3421.0
2024-03-01 12:47:00,MTEM,3.700000047683716,3.700000047683716,3.700000047683716,3.700000047683716,3.700000047683716,128.0
2024-03-01 12:47:00,MYGN,21.655000686645508,21.655000686645508,21.655000686645508,21.655000686645508,21.655000686645508,100.0
2024-03-01 12:47:00,NARI,45.380001068115234,45.380001068115234,45.380001068115234,45.310001373291016,45.349998474121094,1848.0
2024-03-01 12:47:00,NAUT,2.6500000953674316,2.6500000953674316,2.6500000953674316,2.6500000953674316,2.6500000953674316,100.0
2024-03-01 12:47:00,NBIX,131.0050048828125,131.0050048828125,131.0050048828125,131.0,131.0,549.0
2024-03-01 12:47:00,NDRA,1.149999976158142,1.149999976158142,1.1694999933242798,1.149999976158142,1.1694999933242798,3200.0
2024-03-01 12:47:00,NEO,16.100000381469727,16.100000381469727,16.100000381469727,16.100000381469727,16.100000381469727,485.0
2024-03-01 12:47:00,NEOG,17.329999923706055,17.329999923706055,17.329999923706055,17.315000534057617,17.315000534057617,3757.0
2024-03-01 12:47:00,NERV,2.559999942779541,2.559999942779541,2.559999942779541,2.558500051498413,2.558500051498413,527.0
2024-03-01 12:47:00,NGM,1.534999966621399,1.534999966621399,1.534999966621399,1.5299999713897705,1.5299999713897705,909.0
2024-03-01 12:47:00,NKTR,0.789900004863739,0.789900004863739,0.7990000247955322,0.789900004863739,0.7990000247955322,14179.0
2024-03-01 12:47:00,NKTX,12.774999618530273,12.774999618530273,12.774999618530273,12.774999618530273,12.774999618530273,104.0
2024-03-01 12:47:00,NNOX,11.09000015258789,11.09000015258789,11.100000381469727,11.079999923706055,11.100000381469727,2928.0
2024-03-01 12:47:00,NOTV,8.069999694824219,8.069999694824219,8.085000038146973,8.069999694824219,8.085000038146973,569.0
2024-03-01 12:47:00,NRBO,5.949900150299072,5.949900150299072,5.949900150299072,5.949900150299072,5.949900150299072,369.0
2024-03-01 12:47:00,NRSN,2.140000104904175,2.140000104904175,2.1500000953674316,2.130000114440918,2.130000114440918,3612.0
2024-03-01 12:47:00,NRXP,0.41119998693466187,0.41119998693466187,0.41119998693466187,0.41110000014305115,0.41110000014305115,1030.0
2024-03-01 12:47:00,NTLA,33.439998626708984,33.439998626708984,33.439998626708984,33.43000030517578,33.43000030517578,956.0
2024-03-01 12:47:00,NVAX,5.140100002288818,5.140100002288818,5.150000095367432,5.110000133514404,5.144999980926514,156261.0
2024-03-01 12:47:00,NVCR,16.049999237060547,16.049999237060547,16.049999237060547,16.040000915527344,16.040000915527344,1652.0
2024-03-01 12:47:00,NVNO,6.484000205993652,6.484000205993652,6.484000205993652,6.409999847412109,6.480000019073486,2318.0
2024-03-01 12:47:00,NVOS,0.6427000164985657,0.6427000164985657,0.6427000164985657,0.6427000164985657,0.6427000164985657,5004.0
2024-03-01 12:47:00,OCGN,0.9403499960899353,0.9403499960899353,0.9403499960899353,0.9402999877929688,0.9402999877929688,370.0
2024-03-01 12:47:00,OCUL,10.789999961853027,10.789999961853027,10.84000015258789,10.789999961853027,10.84000015258789,14529.0
2024-03-01 12:47:00,OCUP,2.490000009536743,2.490000009536743,2.490000009536743,2.490000009536743,2.490000009536743,406.0
2024-03-01 12:47:00,OFIX,12.875,12.875,12.880000114440918,12.864999771118164,12.869999885559082,1715.0
2024-03-01 12:47:00,OGI,2.200000047683716,2.200000047683716,2.2049999237060547,2.174999952316284,2.174999952316284,71054.0
2024-03-01 12:47:00,OLK,22.645000457763672,22.645000457763672,22.645000457763672,22.645000457763672,22.645000457763672,370.0
2024-03-01 12:47:00,OLMA,14.521900177001953,14.521900177001953,14.609999656677246,14.479999542236328,14.479999542236328,7985.0
2024-03-01 12:47:00,OMER,4.764999866485596,4.764999866485596,4.764999866485596,4.764999866485596,4.764999866485596,305.0
2024-03-01 12:47:00,OMGA,4.179999828338623,4.179999828338623,4.179999828338623,4.179999828338623,4.179999828338623,366.0
2024-03-01 12:47:00,ONCT,10.140000343322754,10.140000343322754,10.140000343322754,10.140000343322754,10.140000343322754,200.0
2024-03-01 12:47:00,ONCY,1.1440000534057617,1.1440000534057617,1.1440000534057617,1.1440000534057617,1.1440000534057617,267.0
2024-03-01 12:48:00,ABCL,5.21999979019165,5.21999979019165,5.224999904632568,5.215000152587891,5.215000152587891,13916.0
2024-03-01 12:48:00,ABOS,4.699999809265137,4.699999809265137,4.699999809265137,4.695000171661377,4.699699878692627,1235.0
2024-03-01 12:48:00,ABSI,5.244999885559082,5.244999885559082,5.257900238037109,5.244999885559082,5.257900238037109,489.0
2024-03-01 12:48:00,ABUS,2.7799999713897705,2.7799999713897705,2.7799999713897705,2.7799999713897705,2.7799999713897705,4480.0
2024-03-01 12:48:00,ACAD,24.42799949645996,24.42799949645996,24.42799949645996,24.40999984741211,24.40999984741211,1469.0
2024-03-01 12:48:00,ACB,3.2100000381469727,3.2100000381469727,3.2100000381469727,3.200000047683716,3.200000047683716,3069.0
2024-03-01 12:48:00,ACET,2.4000000953674316,2.4000000953674316,2.4000000953674316,2.4000000953674316,2.4000000953674316,400.0
2024-03-01 12:48:00,ACHC,84.6449966430664,84.6449966430664,84.6449966430664,84.6449966430664,84.6449966430664,110.0
2024-03-01 12:48:00,ACHV,4.300000190734863,4.300000190734863,4.300000190734863,4.300000190734863,4.300000190734863,145.0
2024-03-01 12:48:00,ACLX,67.12000274658203,67.12000274658203,67.12000274658203,67.05999755859375,67.08999633789062,1031.0
2024-03-01 12:48:00,ACON,0.40389999747276306,0.40389999747276306,0.40389999747276306,0.398499995470047,0.3995000123977661,7651.0
2024-03-01 12:48:00,ACRS,1.2400000095367432,1.2400000095367432,1.2400000095367432,1.2300000190734863,1.2350000143051147,526.0
2024-03-01 12:48:00,ADAP,1.6100000143051147,1.6100000143051147,1.6100000143051147,1.6100000143051147,1.6100000143051147,1876.0
2024-03-01 12:48:00,ADIL,3.05049991607666,3.05049991607666,3.0999999046325684,3.049999952316284,3.0980000495910645,23563.0
2024-03-01 12:48:00,ADMA,5.46999979019165,5.46999979019165,5.46999979019165,5.469900131225586,5.46999979019165,3478.0
2024-03-01 12:48:00,ADPT,4.181099891662598,4.181099891662598,4.190000057220459,4.181099891662598,4.190000057220459,2221.0
2024-03-01 12:48:00,AFMD,0.6399999856948853,0.6399999856948853,0.6399999856948853,0.6399999856948853,0.6399999856948853,238.0
2024-03-01 12:48:00,AGEN,0.6738499999046326,0.6738499999046326,0.6739000082015991,0.673799991607666,0.6739000082015991,2589.0
2024-03-01 12:48:00,AGIO,32.95000076293945,32.95000076293945,32.95000076293945,32.94499969482422,32.94499969482422,300.0
2024-03-01 12:48:00,AHCO,10.614999771118164,10.614999771118164,10.614999771118164,10.614999771118164,10.614999771118164,886.0
2024-03-01 12:48:00,AKAN,0.23229999840259552,0.23229999840259552,0.23229999840259552,0.23229999840259552,0.23229999840259552,100.0
2024-03-01 12:48:00,AKBA,1.6799999475479126,1.6799999475479126,1.684999942779541,1.6799999475479126,1.684999942779541,338.0
2024-03-01 12:48:00,AKRO,30.009899139404297,30.009899139404297,30.009899139404297,29.959999084472656,29.969999313354492,1566.0
2024-03-01 12:48:00,ALDX,4.15500020980835,4.15500020980835,4.15500020980835,4.15500020980835,4.15500020980835,233.0
2024-03-01 12:48:00,ALEC,7.369999885559082,7.369999885559082,7.389999866485596,7.369999885559082,7.380000114440918,870.0
2024-03-01 12:48:00,ALGN,303.7200012207031,303.7200012207031,303.7200012207031,303.7200012207031,303.7200012207031,651.0
2024-03-01 12:48:00,ALHC,5.739999771118164,5.739999771118164,5.739999771118164,5.739999771118164,5.739999771118164,530.0
2024-03-01 12:48:00,ALKS,30.139999389648438,30.139999389648438,30.139999389648438,30.139999389648438,30.139999389648438,493.0
2024-03-01 12:48:00,ALLK,1.6050000190734863,1.6050000190734863,1.6050000190734863,1.6050000190734863,1.6050000190734863,450.0
2024-03-01 12:48:00,ALLO,5.039999961853027,5.039999961853027,5.050000190734863,5.039999961853027,5.050000190734863,711.0
2024-03-01 12:48:00,ALLR,0.41200000047683716,0.41200000047683716,0.41200000047683716,0.41200000047683716,0.41200000047683716,393.0
2024-03-01 12:48:00,ALNY,154.69000244140625,154.69000244140625,154.69000244140625,154.51589965820312,154.5500030517578,823.0
2024-03-01 12:48:00,ALPN,35.86000061035156,35.86000061035156,35.900001525878906,35.86000061035156,35.869998931884766,2636.0
2024-03-01 12:48:00,ALT,12.119999885559082,12.119999885559082,12.140000343322754,12.119999885559082,12.140000343322754,853.0
2024-03-01 12:48:00,ALXO,15.050000190734863,15.050000190734863,15.050000190734863,15.050000190734863,15.050000190734863,280.0
2024-03-01 12:48:00,AMED,93.31999969482422,93.31999969482422,93.31999969482422,93.30000305175781,93.31999969482422,4942.0
2024-03-01 12:48:00,AMGN,281.6099853515625,281.6099853515625,281.6600036621094,281.5299987792969,281.5299987792969,5114.0
2024-03-01 12:48:00,AMLX,18.799999237060547,18.799999237060547,18.799999237060547,18.799999237060547,18.799999237060547,424.0
2024-03-01 12:48:00,AMPH,45.334999084472656,45.334999084472656,45.375,45.32500076293945,45.36000061035156,1630.0
2024-03-01 12:48:00,AMRN,1.0549999475479126,1.0549999475479126,1.0555000305175781,1.0499999523162842,1.0499999523162842,2903.0
2024-03-01 12:48:00,ANAB,25.485000610351562,25.485000610351562,25.485000610351562,25.485000610351562,25.485000610351562,588.0
2024-03-01 12:48:00,ANIP,66.36000061035156,66.36000061035156,66.36000061035156,66.3550033569336,66.3550033569336,1117.0
2024-03-01 12:48:00,ANNX,5.989299774169922,5.989299774169922,5.989999771118164,5.989299774169922,5.989999771118164,1163.0
2024-03-01 12:48:00,APLS,64.96990203857422,64.96990203857422,65.0,64.95999908447266,65.0,2201.0
2024-03-01 12:48:00,APLT,7.079999923706055,7.079999923706055,7.090000152587891,7.079999923706055,7.081399917602539,1468.0
2024-03-01 12:48:00,APRE,8.123499870300293,8.123499870300293,8.4399995803833,8.123499870300293,8.4399995803833,2230.0
2024-03-01 12:48:00,AQST,4.240699768066406,4.240699768066406,4.240699768066406,4.240699768066406,4.240699768066406,174.0
2024-03-01 12:48:00,ARCT,39.93000030517578,39.93000030517578,39.93000030517578,39.93000030517578,39.93000030517578,385.0
2024-03-01 12:48:00,ARDX,9.629300117492676,9.629300117492676,9.629300117492676,9.619999885559082,9.619999885559082,3725.0
2024-03-01 12:48:00,ARQT,11.763999938964844,11.763999938964844,11.76990032196045,11.760000228881836,11.76990032196045,2361.0
2024-03-01 12:48:00,ARVN,49.15999984741211,49.15999984741211,49.189998626708984,49.060001373291016,49.060001373291016,2564.0
2024-03-01 12:48:00,ARWR,36.09000015258789,36.09000015258789,36.09000015258789,36.09000015258789,36.09000015258789,273.0
2024-03-01 12:48:00,ASLN,0.7540000081062317,0.7540000081062317,0.7770000100135803,0.7450000047683716,0.7770000100135803,8277.0
2024-03-01 12:48:00,ASMB,13.13949966430664,13.13949966430664,13.13949966430664,13.13949966430664,13.13949966430664,531.0
2024-03-01 12:48:00,ASRT,0.9266499876976013,0.9266499876976013,0.9298999905586243,0.9266499876976013,0.9297999739646912,1001.0
2024-03-01 12:48:00,ATAI,2.128999948501587,2.128999948501587,2.128999948501587,2.128999948501587,2.128999948501587,115.0
2024-03-01 12:48:00,ATEC,13.555000305175781,13.555000305175781,13.5649995803833,13.555000305175781,13.5600004196167,2897.0
2024-03-01 12:48:00,ATRA,0.7888000011444092,0.7888000011444092,0.7900000214576721,0.7875999808311462,0.7888000011444092,3562.0
2024-03-01 12:48:00,ATRC,36.040000915527344,36.040000915527344,36.040000915527344,36.040000915527344,36.040000915527344,163.0
2024-03-01 12:48:00,ATXS,15.010000228881836,15.010000228881836,15.020000457763672,15.0,15.010000228881836,3286.0
2024-03-01 12:48:00,AUGX,4.565000057220459,4.565000057220459,4.565000057220459,4.550000190734863,4.550000190734863,322.0
2024-03-01 12:48:00,AURA,9.420000076293945,9.420000076293945,9.420000076293945,9.420000076293945,9.420000076293945,401.0
2024-03-01 12:48:00,AUTL,6.385000228881836,6.385000228881836,6.389999866485596,6.364999771118164,6.364999771118164,4045.0
2024-03-01 12:48:00,AVDL,12.979999542236328,12.979999542236328,12.979999542236328,12.930000305175781,12.9399995803833,5777.0
2024-03-01 12:48:00,AVIR,4.550000190734863,4.550000190734863,4.550000190734863,4.550000190734863,4.550000190734863,276.0
2024-03-01 12:48:00,AVRO,1.350000023841858,1.350000023841858,1.350000023841858,1.350000023841858,1.350000023841858,1936.0
2024-03-01 12:48:00,AVXL,5.375,5.375,5.375,5.375,5.375,637.0
2024-03-01 12:48:00,AWH,4.210000038146973,4.210000038146973,4.210000038146973,4.210000038146973,4.210000038146973,253.0
2024-03-01 12:48:00,AXNX,67.4000015258789,67.4000015258789,67.55999755859375,67.4000015258789,67.5,3763.0
2024-03-01 12:48:00,AXSM,82.54000091552734,82.54000091552734,82.54000091552734,82.54000091552734,82.54000091552734,358.0
2024-03-01 12:48:00,AZN,64.69499969482422,64.69499969482422,64.69999694824219,64.69000244140625,64.69000244140625,3091.0
2024-03-01 12:48:00,BBIO,36.04999923706055,36.04999923706055,36.04999923706055,36.02000045776367,36.02000045776367,1151.0
2024-03-01 12:48:00,BBLG,2.4700000286102295,2.4700000286102295,2.4700000286102295,2.4700000286102295,2.4700000286102295,100.0
2024-03-01 12:48:00,BCAB,2.734999895095825,2.734999895095825,2.734999895095825,2.734999895095825,2.734999895095825,125.0
2024-03-01 12:48:00,BCDA,0.5601000189781189,0.5601000189781189,0.5601999759674072,0.5601000189781189,0.5601999759674072,1313.0
2024-03-01 12:48:00,BCRX,5.769999980926514,5.769999980926514,5.769999980926514,5.764999866485596,5.767499923706055,474.0
2024-03-01 12:48:00,BDTX,5.005000114440918,5.005000114440918,5.005000114440918,4.994999885559082,4.994999885559082,772.0
2024-03-01 12:48:00,BEAM,40.0005989074707,40.0005989074707,40.0005989074707,40.0005989074707,40.0005989074707,1340.0
2024-03-01 12:48:00,BEAT,1.4900000095367432,1.4900000095367432,1.4900000095367432,1.4900000095367432,1.4900000095367432,512.0
2024-03-01 12:48:00,BIVI,1.8650000095367432,1.8650000095367432,1.875,1.8550000190734863,1.8550000190734863,40187.0
2024-03-01 12:48:00,BLFS,18.2549991607666,18.2549991607666,18.2549991607666,18.2549991607666,18.2549991607666,209.0
2024-03-01 12:48:00,BLRX,1.3700000047683716,1.3700000047683716,1.3899999856948853,1.3700000047683716,1.3899999856948853,10303.0
2024-03-01 12:48:00,BLUE,1.5950000286102295,1.5950000286102295,1.600000023841858,1.5950000286102295,1.5950000286102295,12447.0
2024-03-01 12:48:00,BMEA,18.06999969482422,18.06999969482422,18.104999542236328,18.06999969482422,18.09000015258789,1349.0
2024-03-01 12:48:00,BMRN,87.33499908447266,87.33499908447266,87.33499908447266,87.30999755859375,87.33000183105469,6906.0
2024-03-01 12:48:00,BNOX,1.2200000286102295,1.2200000286102295,1.2200000286102295,1.2200000286102295,1.2200000286102295,100.0
2024-03-01 12:48:00,BNTX,91.63999938964844,91.63999938964844,91.63999938964844,91.63999938964844,91.63999938964844,328.0
2024-03-01 12:48:00,BPMC,97.19000244140625,97.19000244140625,97.19000244140625,97.1449966430664,97.1449966430664,686.0
2024-03-01 12:48:00,BRKR,88.37000274658203,88.37000274658203,88.37000274658203,88.34249877929688,88.34249877929688,1350.0
2024-03-01 12:48:00,BSGM,0.6222000122070312,0.6222000122070312,0.6222000122070312,0.6222000122070312,0.6222000122070312,500.0
2024-03-01 12:48:00,BTAI,3.2086000442504883,3.2086000442504883,3.2086000442504883,3.2086000442504883,3.2086000442504883,1275.0
2024-03-01 12:48:00,BTCY,0.8999999761581421,0.8999999761581421,0.9100000262260437,0.8999999761581421,0.9100000262260437,676.0
2024-03-01 12:48:00,BTTX,0.17900000512599945,0.17900000512599945,0.1818999946117401,0.1776999980211258,0.1780499964952469,129332.0
2024-03-01 12:48:00,BWAY,6.53000020980835,6.53000020980835,6.53000020980835,6.53000020980835,6.53000020980835,100.0
2024-03-01 12:48:00,CABA,24.059999465942383,24.059999465942383,24.059999465942383,24.059999465942383,24.059999465942383,449.0
2024-03-01 12:48:00,CADL,1.7043999433517456,1.7043999433517456,1.7043999433517456,1.7043999433517456,1.7043999433517456,794.0
2024-03-01 12:48:00,CAPR,4.590000152587891,4.590000152587891,4.590000152587891,4.590000152587891,4.590000152587891,297.0
2024-03-01 12:48:00,CARA,0.9139000177383423,0.9139000177383423,0.9139000177383423,0.9100000262260437,0.9100000262260437,17638.0
2024-03-01 12:48:00,CBAY,32.23500061035156,32.23500061035156,32.2400016784668,32.23500061035156,32.23500061035156,876.0
2024-03-01 12:48:00,CCCC,10.975000381469727,10.975000381469727,10.975000381469727,10.954999923706055,10.954999923706055,1682.0
2024-03-01 12:48:00,CDMO,8.09000015258789,8.09000015258789,8.09000015258789,8.09000015258789,8.09000015258789,1526.0
2024-03-01 12:48:00,CDNA,12.380399703979492,12.380399703979492,12.390000343322754,12.380399703979492,12.390000343322754,2055.0
2024-03-01 12:48:00,CDXC,1.6521999835968018,1.6521999835968018,1.6521999835968018,1.6521999835968018,1.6521999835968018,147.0
2024-03-01 12:48:00,CDXS,4.480000019073486,4.480000019073486,4.480000019073486,4.46999979019165,4.46999979019165,281.0
2024-03-01 12:48:00,CERE,41.099998474121094,41.099998474121094,41.10499954223633,41.099998474121094,41.099998474121094,611.0
2024-03-01 12:48:00,CERS,2.2249999046325684,2.2249999046325684,2.2249999046325684,2.2249999046325684,2.2249999046325684,100.0
2024-03-01 12:48:00,CERT,17.780000686645508,17.780000686645508,17.780000686645508,17.770000457763672,17.770000457763672,557.0
2024-03-01 12:48:00,CGC,3.255000114440918,3.255000114440918,3.265000104904175,3.255000114440918,3.255000114440918,6873.0
2024-03-01 12:48:00,CGEN,2.684999942779541,2.684999942779541,2.694999933242798,2.684999942779541,2.690000057220459,6272.0
2024-03-01 12:48:00,CGTX,2.009999990463257,2.009999990463257,2.009999990463257,2.009999990463257,2.009999990463257,156.0
2024-03-01 12:48:00,CHRS,2.390000104904175,2.390000104904175,2.390000104904175,2.3891000747680664,2.3891000747680664,885.0
2024-03-01 12:48:00,CLDX,50.459999084472656,50.459999084472656,50.689998626708984,50.39500045776367,50.619998931884766,9387.0
2024-03-01 12:48:00,CLOV,0.8607000112533569,0.8607000112533569,0.8607000112533569,0.8600999712944031,0.8600999712944031,4570.0
2024-03-01 12:48:00,CLPT,6.695000171661377,6.695000171661377,6.699999809265137,6.679999828338623,6.696000099182129,3125.0
2024-03-01 12:48:00,CMPS,11.430000305175781,11.430000305175781,11.479999542236328,11.430000305175781,11.479999542236328,2022.0
2024-03-01 12:48:00,CMRX,1.1549999713897705,1.1549999713897705,1.159999966621399,1.149999976158142,1.149999976158142,17444.0
2024-03-01 12:48:00,COGT,7.188799858093262,7.188799858093262,7.188799858093262,7.178800106048584,7.179999828338623,4466.0
2024-03-01 12:48:00,CORT,24.260000228881836,24.260000228881836,24.270000457763672,24.25,24.269899368286133,3471.0
2024-03-01 12:48:00,CPRX,17.094999313354492,17.094999313354492,17.114999771118164,17.084999084472656,17.09000015258789,5642.0
2024-03-01 12:48:00,CRBU,7.96999979019165,7.96999979019165,7.980000019073486,7.96999979019165,7.980000019073486,691.0
2024-03-01 12:48:00,CRDF,2.3945999145507812,2.3945999145507812,2.4000000953674316,2.360100030899048,2.36899995803833,22033.0
2024-03-01 12:48:00,CRMD,3.7000999450683594,3.7000999450683594,3.7000999450683594,3.7000999450683594,3.7000999450683594,500.0
2024-03-01 12:48:00,CRNX,46.75,46.75,46.75,46.654998779296875,46.65999984741211,1188.0
2024-03-01 12:48:00,CRON,2.059999942779541,2.059999942779541,2.059999942779541,2.055000066757202,2.055000066757202,525.0
2024-03-01 12:48:00,CRSP,85.9529037475586,85.9529037475586,86.0,85.87000274658203,85.87000274658203,995.0
2024-03-01 12:48:00,CSTL,20.520000457763672,20.520000457763672,20.520000457763672,20.520000457763672,20.520000457763672,108.0
2024-03-01 12:48:00,CTMX,2.7200000286102295,2.7200000286102295,2.7200000286102295,2.7049999237060547,2.7049999237060547,4706.0
2024-03-01 12:48:00,CVRX,20.764999389648438,20.764999389648438,20.829999923706055,20.709999084472656,20.709999084472656,1271.0
2024-03-01 12:48:00,CYTK,73.25,73.25,73.25,73.23999786376953,73.24500274658203,891.0
2024-03-01 12:48:00,CYTO,2.319999933242798,2.319999933242798,2.3499999046325684,2.319999933242798,2.3499999046325684,3531.0
2024-03-01 12:48:00,DARE,0.5519999861717224,0.5519999861717224,0.5519999861717224,0.5519999861717224,0.5519999861717224,100.0
2024-03-01 12:48:00,DAWN,17.479999542236328,17.479999542236328,17.479999542236328,17.469999313354492,17.469999313354492,893.0
2024-03-01 12:48:00,DCGO,4.13100004196167,4.13100004196167,4.13100004196167,4.13100004196167,4.13100004196167,597.0
2024-03-01 12:48:00,DCPH,17.489999771118164,17.489999771118164,17.5,17.489999771118164,17.4950008392334,304.0
2024-03-01 12:48:00,DH,8.774999618530273,8.774999618530273,8.789999961853027,8.774999618530273,8.789999961853027,950.0
2024-03-01 12:48:00,DMTK,0.8546000123023987,0.8546000123023987,0.8597000241279602,0.8500000238418579,0.8595489859580994,3839.0
2024-03-01 12:48:00,DNLI,20.875,20.875,20.8799991607666,20.860000610351562,20.860000610351562,2586.0
2024-03-01 12:48:00,DRIO,1.9900000095367432,1.9900000095367432,1.9900000095367432,1.9900000095367432,1.9900000095367432,100.0
2024-03-01 12:48:00,DTIL,12.180000305175781,12.180000305175781,12.180000305175781,12.180000305175781,12.180000305175781,675.0
2024-03-01 12:48:00,DVAX,12.890000343322754,12.890000343322754,12.890000343322754,12.885000228881836,12.885000228881836,343.0
2024-03-01 12:48:00,DXCM,121.33999633789062,121.33999633789062,121.54000091552734,121.33999633789062,121.51619720458984,6344.0
2024-03-01 12:48:00,DYN,28.795000076293945,28.795000076293945,28.815000534057617,28.780000686645508,28.799999237060547,2997.0
2024-03-01 12:48:00,EDIT,10.849499702453613,10.849499702453613,10.850000381469727,10.84000015258789,10.850000381469727,3171.0
2024-03-01 12:48:00,EFTR,15.350000381469727,15.350000381469727,15.350000381469727,15.350000381469727,15.350000381469727,653.0
2024-03-01 12:48:00,ELEV,4.989999771118164,4.989999771118164,4.989999771118164,4.989999771118164,4.989999771118164,512.0
2024-03-01 12:48:00,EMBC,14.395000457763672,14.395000457763672,14.395000457763672,14.395000457763672,14.395000457763672,100.0
2024-03-01 12:48:00,ENSG,123.25,123.25,123.25,123.25,123.25,168.0
2024-03-01 12:48:00,ENTA,15.399999618530273,15.399999618530273,15.399999618530273,15.399999618530273,15.399999618530273,534.0
2024-03-01 12:48:00,ENVB,1.559999942779541,1.559999942779541,1.5700000524520874,1.559999942779541,1.569100022315979,1210.0
2024-03-01 12:48:00,ERAS,2.5350000858306885,2.5350000858306885,2.5399999618530273,2.5350000858306885,2.5399999618530273,459.0
2024-03-01 12:48:00,ESPR,2.5201001167297363,2.5201001167297363,2.5201001167297363,2.5199999809265137,2.5199999809265137,1715.0
2024-03-01 12:48:00,ETNB,13.15999984741211,13.15999984741211,13.15999984741211,13.15999984741211,13.15999984741211,262.0
2024-03-01 12:48:00,EWTX,17.16629981994629,17.16629981994629,17.16629981994629,17.15730094909668,17.15730094909668,1608.0
2024-03-01 12:48:00,EXAS,60.33000183105469,60.33000183105469,60.334999084472656,60.310001373291016,60.33000183105469,1815.0
2024-03-01 12:48:00,EXEL,22.475000381469727,22.475000381469727,22.479999542236328,22.469999313354492,22.469999313354492,1059.0
2024-03-01 12:48:00,EYEN,2.414099931716919,2.414099931716919,2.424999952316284,2.410099983215332,2.424999952316284,8630.0
2024-03-01 12:48:00,EYPT,28.010000228881836,28.010000228881836,28.03499984741211,28.010000228881836,28.03499984741211,429.0
2024-03-01 12:48:00,FATE,7.605000019073486,7.605000019073486,7.610000133514404,7.59499979019165,7.59499979019165,6265.0
2024-03-01 12:48:00,FDMT,29.46500015258789,29.46500015258789,29.46500015258789,29.46500015258789,29.46500015258789,1047.0
2024-03-01 12:48:00,FGEN,1.8799999952316284,1.8799999952316284,1.8799999952316284,1.8701000213623047,1.8792999982833862,2101.0
2024-03-01 12:48:00,FOLD,13.354999542236328,13.354999542236328,13.359999656677246,13.354999542236328,13.359999656677246,910.0
2024-03-01 12:48:00,FUSN,12.289999961853027,12.289999961853027,12.300000190734863,12.289999961853027,12.289999961853027,1509.0
2024-03-01 12:48:00,GDRX,8.265000343322754,8.265000343322754,8.270000457763672,8.265000343322754,8.270000457763672,1808.0
2024-03-01 12:48:00,GERN,2.2049999237060547,2.2049999237060547,2.2100000381469727,2.200000047683716,2.200000047683716,4088.0
2024-03-01 12:48:00,GH,19.199899673461914,19.199899673461914,19.199899673461914,19.199899673461914,19.199899673461914,274.0
2024-03-01 12:48:00,GHSI,8.28499984741211,8.28499984741211,8.336099624633789,8.28499984741211,8.336099624633789,1000.0
2024-03-01 12:48:00,GILD,72.34500122070312,72.34500122070312,72.3550033569336,72.33499908447266,72.33499908447266,7879.0
2024-03-01 12:48:00,GLPG,35.224998474121094,35.224998474121094,35.224998474121094,35.224998474121094,35.224998474121094,200.0
2024-03-01 12:48:00,GLTO,0.7350000143051147,0.7350000143051147,0.7425000071525574,0.7350000143051147,0.7425000071525574,8335.0
2024-03-01 12:48:00,GMAB,29.3700008392334,29.3700008392334,29.385000228881836,29.3700008392334,29.385000228881836,1131.0
2024-03-01 12:48:00,GMDA,0.3804999887943268,0.3804999887943268,0.3804999887943268,0.3804999887943268,0.3804999887943268,314.0
2024-03-01 12:48:00,GOSS,1.399999976158142,1.399999976158142,1.399999976158142,1.399999976158142,1.399999976158142,1275.0
2024-03-01 12:48:00,GRFS,7.074999809265137,7.074999809265137,7.074999809265137,7.065000057220459,7.065000057220459,3751.0
2024-03-01 12:48:00,GRTS,2.140000104904175,2.140000104904175,2.1500000953674316,2.134999990463257,2.1449999809265137,28289.0
2024-03-01 12:48:00,GRTX,0.23600000143051147,0.23600000143051147,0.23600000143051147,0.23600000143051147,0.23600000143051147,1048.0
2024-03-01 12:48:00,GTHX,3.7207999229431152,3.7207999229431152,3.7300000190734863,3.7200000286102295,3.7249999046325684,4841.0
2024-03-01 12:48:00,HALO,41.65999984741211,41.65999984741211,41.65999984741211,41.64500045776367,41.64500045776367,518.0
2024-03-01 12:48:00,HCAT,8.005000114440918,8.005000114440918,8.005000114440918,8.0,8.0,218.0
2024-03-01 12:48:00,HCSG,12.654999732971191,12.654999732971191,12.654999732971191,12.654999732971191,12.654999732971191,296.0
2024-03-01 12:48:00,HCTI,2.4600000381469727,2.4600000381469727,2.4600000381469727,2.430000066757202,2.430000066757202,1173.0
2024-03-01 12:48:00,HOLX,73.83999633789062,73.83999633789062,73.83999633789062,73.78500366210938,73.79000091552734,1306.0
2024-03-01 12:48:00,HOWL,7.03000020980835,7.03000020980835,7.03000020980835,7.03000020980835,7.03000020980835,349.0
2024-03-01 12:48:00,HRMY,31.530000686645508,31.530000686645508,31.530000686645508,31.530000686645508,31.530000686645508,1021.0
2024-03-01 12:48:00,HRTX,2.6050000190734863,2.6050000190734863,2.6050000190734863,2.6050000190734863,2.6050000190734863,184.0
2024-03-01 12:48:00,HSCS,0.11900000274181366,0.11900000274181366,0.11900000274181366,0.11829999834299088,0.11829999834299088,27572.0
2024-03-01 12:48:00,HSIC,76.94999694824219,76.94999694824219,77.0,76.94000244140625,77.0,3170.0
2024-03-01 12:48:00,HUMA,3.4649999141693115,3.4649999141693115,3.4700000286102295,3.4649999141693115,3.4649999141693115,1770.0
2024-03-01 12:48:00,IART,36.630001068115234,36.630001068115234,36.630001068115234,36.599998474121094,36.599998474121094,522.0
2024-03-01 12:48:00,IBRX,4.824999809265137,4.824999809265137,4.824999809265137,4.820499897003174,4.820499897003174,566.0
2024-03-01 12:48:00,ICLR,322.7749938964844,322.7749938964844,322.7749938964844,322.7749938964844,322.7749938964844,414.0
2024-03-01 12:48:00,IDXX,581.0800170898438,581.0800170898438,581.0800170898438,581.0800170898438,581.0800170898438,188.0
2024-03-01 12:48:00,IDYA,46.459999084472656,46.459999084472656,46.47999954223633,46.41999816894531,46.41999816894531,2372.0
2024-03-01 12:48:00,IFRX,1.8300000429153442,1.8300000429153442,1.8300000429153442,1.8300000429153442,1.8300000429153442,100.0
2024-03-01 12:48:00,IINN,1.659999966621399,1.659999966621399,1.659999966621399,1.659999966621399,1.659999966621399,1678.0
2024-03-01 12:48:00,IKNA,1.5,1.5,1.5,1.5,1.5,1719.0
2024-03-01 12:48:00,ILMN,142.11500549316406,142.11500549316406,142.11500549316406,142.11500549316406,142.11500549316406,181.0
2024-03-01 12:48:00,IMCC,0.32899999618530273,0.32899999618530273,0.32899999618530273,0.32899999618530273,0.32899999618530273,100.0
2024-03-01 12:48:00,IMMX,3.5399999618530273,3.5399999618530273,3.5399999618530273,3.5399999618530273,3.5399999618530273,100.0
2024-03-01 12:48:00,IMNM,26.219999313354492,26.219999313354492,26.219999313354492,26.219999313354492,26.219999313354492,384.0
2024-03-01 12:48:00,IMTX,12.979999542236328,12.979999542236328,12.979999542236328,12.9399995803833,12.977999687194824,1700.0
2024-03-01 12:48:00,IMVT,36.380001068115234,36.380001068115234,36.380001068115234,36.380001068115234,36.380001068115234,226.0
2024-03-01 12:48:00,INCY,59.349998474121094,59.349998474121094,59.349998474121094,59.334999084472656,59.334999084472656,616.0
2024-03-01 12:48:00,INMD,22.8799991607666,22.8799991607666,22.889999389648438,22.8799991607666,22.889999389648438,639.0
2024-03-01 12:48:00,INO,9.484999656677246,9.484999656677246,9.484999656677246,9.484999656677246,9.484999656677246,136.0
2024-03-01 12:48:00,INSM,28.604999542236328,28.604999542236328,28.6200008392334,28.600000381469727,28.600000381469727,1474.0
2024-03-01 12:48:00,INZY,6.699999809265137,6.699999809265137,6.699999809265137,6.699999809265137,6.699999809265137,224.0
2024-03-01 12:48:00,IONM,0.3400000035762787,0.3400000035762787,0.3400000035762787,0.3400000035762787,0.3400000035762787,1423.0
2024-03-01 12:48:00,IONS,45.93000030517578,45.93000030517578,45.93000030517578,45.88999938964844,45.88999938964844,632.0
2024-03-01 12:48:00,IOVA,16.780000686645508,16.780000686645508,16.790000915527344,16.739999771118164,16.780000686645508,10950.0
2024-03-01 12:48:00,IRMD,41.97999954223633,41.97999954223633,41.97999954223633,41.97999954223633,41.97999954223633,101.0
2024-03-01 12:48:00,IRWD,9.085000038146973,9.085000038146973,9.100000381469727,9.045000076293945,9.0600004196167,46455.0
2024-03-01 12:48:00,ISRG,394.5899963378906,394.5899963378906,394.5899963378906,394.42999267578125,394.42999267578125,1047.0
2024-03-01 12:48:00,ITCI,71.67859649658203,71.67859649658203,71.67859649658203,71.67859649658203,71.67859649658203,192.0
2024-03-01 12:48:00,ITOS,10.920000076293945,10.920000076293945,10.920000076293945,10.920000076293945,10.920000076293945,196.0
2024-03-01 12:48:00,ITRM,1.2496999502182007,1.2496999502182007,1.249899983406067,1.2400000095367432,1.2400000095367432,1092.0
2024-03-01 12:48:00,IVVD,4.019999980926514,4.019999980926514,4.019999980926514,4.019999980926514,4.019999980926514,423.0
2024-03-01 12:48:00,JAGX,0.07419999688863754,0.07419999688863754,0.07450000196695328,0.07320000231266022,0.07349999994039536,70285.0
2024-03-01 12:48:00,JANX,46.7599983215332,46.7599983215332,46.939998626708984,46.7599983215332,46.939998626708984,879.0
2024-03-01 12:48:00,JAZZ,119.25499725341797,119.25499725341797,119.27999877929688,119.15499877929688,119.15499877929688,3196.0
2024-03-01 12:48:00,JSPR,20.83009910583496,20.83009910583496,20.83009910583496,20.83009910583496,20.83009910583496,291.0
2024-03-01 12:48:00,KALV,14.024999618530273,14.024999618530273,14.024999618530273,13.989999771118164,14.0,2488.0
2024-03-01 12:48:00,KNTE,2.609999895095825,2.609999895095825,2.609999895095825,2.5999999046325684,2.5999999046325684,603.0
2024-03-01 12:48:00,KOD,6.110000133514404,6.110000133514404,6.110000133514404,6.100599765777588,6.100599765777588,1469.0
2024-03-01 12:48:00,KPRX,0.6592000126838684,0.6592000126838684,0.6592000126838684,0.6592000126838684,0.6592000126838684,124.0
2024-03-01 12:48:00,KPTI,1.2200000286102295,1.2200000286102295,1.2200000286102295,1.215000033378601,1.215000033378601,1351.0
2024-03-01 12:48:00,KRMD,2.130000114440918,2.130000114440918,2.130000114440918,2.130000114440918,2.130000114440918,174.0
2024-03-01 12:48:00,KROS,70.28500366210938,70.28500366210938,70.28500366210938,70.28500366210938,70.28500366210938,238.0
2024-03-01 12:48:00,KTRA,0.09889999777078629,0.09889999777078629,0.09889999777078629,0.09709999710321426,0.09709999710321426,1335.0
2024-03-01 12:48:00,KYMR,44.11000061035156,44.11000061035156,44.13999938964844,44.11000061035156,44.11000061035156,2104.0
2024-03-01 12:48:00,KZIA,0.2410999983549118,0.2410999983549118,0.2531999945640564,0.2410999983549118,0.24120000004768372,6462.0
2024-03-01 12:48:00,KZR,1.070099949836731,1.070099949836731,1.0750000476837158,1.0700000524520874,1.0700000524520874,301.0
2024-03-01 12:48:00,LAB,2.5,2.5,2.505000114440918,2.5,2.505000114440918,1577.0
2024-03-01 12:48:00,LEGN,66.0,66.0,66.0,66.0,66.0,113.0
2024-03-01 12:48:00,LEXX,2.759999990463257,2.759999990463257,2.7600998878479004,2.759999990463257,2.7600998878479004,327.0
2024-03-01 12:48:00,LFMD,8.0,8.0,8.0,8.0,8.0,1928.0
2024-03-01 12:48:00,LFST,7.804999828338623,7.804999828338623,7.804999828338623,7.804999828338623,7.804999828338623,322.0
2024-03-01 12:48:00,LGVN,0.5360490083694458,0.5360490083694458,0.5360490083694458,0.5360490083694458,0.5360490083694458,2000.0
2024-03-01 12:48:00,LIVN,55.61000061035156,55.61000061035156,55.61000061035156,55.58000183105469,55.58000183105469,546.0
2024-03-01 12:48:00,LMAT,67.48999786376953,67.48999786376953,67.48999786376953,67.48999786376953,67.48999786376953,278.0
2024-03-01 12:48:00,LNTH,65.5,65.5,65.5,65.45500183105469,65.45500183105469,256.0
2024-03-01 12:48:00,LRMR,11.5,11.5,11.5,11.5,11.5,650.0
2024-03-01 12:48:00,LUNG,9.40999984741211,9.40999984741211,9.40999984741211,9.359999656677246,9.359999656677246,2991.0
2024-03-01 12:48:00,LVTX,2.997499942779541,2.997499942779541,3.0,2.997499942779541,3.0,1354.0
2024-03-01 12:48:00,LXRX,2.5195000171661377,2.5195000171661377,2.5195000171661377,2.515000104904175,2.515000104904175,1060.0
2024-03-01 12:48:00,LYEL,3.1500000953674316,3.1500000953674316,3.1500000953674316,3.1500000953674316,3.1500000953674316,314.0
2024-03-01 12:48:00,MACK,14.729999542236328,14.729999542236328,14.729999542236328,14.729999542236328,14.729999542236328,743.0
2024-03-01 12:48:00,MBOT,1.2899999618530273,1.2899999618530273,1.2899999618530273,1.2899999618530273,1.2899999618530273,223.0
2024-03-01 12:48:00,MBRX,0.6299999952316284,0.6299999952316284,0.6399999856948853,0.6299999952316284,0.6399999856948853,1608.0
2024-03-01 12:48:00,MCRB,1.2000000476837158,1.2000000476837158,1.2000000476837158,1.2000000476837158,1.2000000476837158,625.0
2024-03-01 12:48:00,MDGL,249.48500061035156,249.48500061035156,249.48500061035156,249.48500061035156,249.48500061035156,211.0
2024-03-01 12:48:00,MDRX,6.039999961853027,6.039999961853027,6.119999885559082,6.039999961853027,6.039999961853027,77691.0
2024-03-01 12:48:00,MDXG,8.675000190734863,8.675000190734863,8.6899995803833,8.675000190734863,8.6850004196167,6434.0
2024-03-01 12:48:00,ME,0.5703999996185303,0.5703999996185303,0.5705999732017517,0.5702999830245972,0.5705000162124634,13192.0
2024-03-01 12:48:00,MEDP,401.2099914550781,401.2099914550781,401.2099914550781,401.2099914550781,401.2099914550781,243.0
2024-03-01 12:48:00,MGNX,19.010000228881836,19.010000228881836,19.020000457763672,19.0,19.020000457763672,2157.0
2024-03-01 12:48:00,MGTX,6.445000171661377,6.445000171661377,6.4517998695373535,6.445000171661377,6.445000171661377,1177.0
2024-03-01 12:48:00,MIRM,29.920000076293945,29.920000076293945,29.920000076293945,29.90999984741211,29.90999984741211,214.0
2024-03-01 12:48:00,MMSI,76.26000213623047,76.26000213623047,76.26000213623047,76.26000213623047,76.26000213623047,420.0
2024-03-01 12:48:00,MNKD,4.539999961853027,4.539999961853027,4.539999961853027,4.539999961853027,4.539999961853027,186.0
2024-03-01 12:48:00,MNPR,0.8349999785423279,0.8349999785423279,0.8349999785423279,0.8349999785423279,0.8349999785423279,100.0
2024-03-01 12:48:00,MODV,28.010000228881836,28.010000228881836,28.014999389648438,28.010000228881836,28.014999389648438,473.0
2024-03-01 12:48:00,MOR,17.579999923706055,17.579999923706055,17.579999923706055,17.579999923706055,17.579999923706055,458.0
2024-03-01 12:48:00,MORF,39.56999969482422,39.56999969482422,39.619998931884766,39.56999969482422,39.619998931884766,1139.0
2024-03-01 12:48:00,MRKR,3.5999999046325684,3.5999999046325684,3.5999999046325684,3.5999999046325684,3.5999999046325684,213.0
2024-03-01 12:48:00,MRNA,96.79000091552734,96.79000091552734,96.80000305175781,96.7300033569336,96.7300033569336,2900.0
2024-03-01 12:48:00,MRSN,6.0,6.0,6.005000114440918,5.994999885559082,5.994999885559082,13965.0
2024-03-01 12:48:00,MRVI,7.820000171661377,7.820000171661377,7.820000171661377,7.820000171661377,7.820000171661377,315.0
2024-03-01 12:48:00,MTEM,3.700000047683716,3.700000047683716,3.700000047683716,3.700000047683716,3.700000047683716,358.0
2024-03-01 12:48:00,MXCT,4.764999866485596,4.764999866485596,4.764999866485596,4.760000228881836,4.760000228881836,1089.0
2024-03-01 12:48:00,MYGN,21.655000686645508,21.655000686645508,21.655000686645508,21.655000686645508,21.655000686645508,798.0
2024-03-01 12:48:00,NARI,45.310001373291016,45.310001373291016,45.35499954223633,45.310001373291016,45.349998474121094,2779.0
2024-03-01 12:48:00,NAUT,2.6600000858306885,2.6600000858306885,2.6600000858306885,2.6500000953674316,2.6500000953674316,200.0
2024-03-01 12:48:00,NBIX,131.16000366210938,131.16000366210938,131.16000366210938,131.00999450683594,131.00999450683594,7452.0
2024-03-01 12:48:00,NDRA,1.159999966621399,1.159999966621399,1.1698999404907227,1.149999976158142,1.159999966621399,1436.0
2024-03-01 12:48:00,NEO,16.104999542236328,16.104999542236328,16.104999542236328,16.100200653076172,16.100200653076172,476.0
2024-03-01 12:48:00,NEOG,17.344999313354492,17.344999313354492,17.344999313354492,17.33009910583496,17.334999084472656,2094.0
2024-03-01 12:48:00,NEPT,0.45794999599456787,0.45794999599456787,0.45794999599456787,0.45794999599456787,0.45794999599456787,100.0
2024-03-01 12:48:00,NERV,2.5789999961853027,2.5789999961853027,2.5789999961853027,2.549999952316284,2.559999942779541,1159.0
2024-03-01 12:48:00,NEXI,6.630000114440918,6.630000114440918,6.630000114440918,6.630000114440918,6.630000114440918,1099.0
2024-03-01 12:48:00,NKTR,0.7897499799728394,0.7897499799728394,0.796500027179718,0.7897499799728394,0.789900004863739,16050.0
2024-03-01 12:48:00,NKTX,12.84000015258789,12.84000015258789,12.84000015258789,12.760000228881836,12.770000457763672,4140.0
2024-03-01 12:48:00,NNOX,11.09000015258789,11.09000015258789,11.104999542236328,11.09000015258789,11.100000381469727,2058.0
2024-03-01 12:48:00,NPCE,16.81999969482422,16.81999969482422,16.81999969482422,16.81999969482422,16.81999969482422,255.0
2024-03-01 12:48:00,NRC,40.65999984741211,40.65999984741211,40.65999984741211,40.65999984741211,40.65999984741211,406.0
2024-03-01 12:48:00,NRSN,2.130000114440918,2.130000114440918,2.130000114440918,2.130000114440918,2.130000114440918,8454.0
2024-03-01 12:48:00,NTLA,33.47999954223633,33.47999954223633,33.47999954223633,33.439998626708984,33.439998626708984,2038.0
2024-03-01 12:48:00,NTRA,89.08999633789062,89.08999633789062,89.12000274658203,89.0199966430664,89.05000305175781,6635.0
2024-03-01 12:48:00,NUVL,88.68000030517578,88.68000030517578,88.68000030517578,88.68000030517578,88.68000030517578,168.0
2024-03-01 12:48:00,NVAX,5.150000095367432,5.150000095367432,5.151100158691406,5.139999866485596,5.140600204467773,35774.0
2024-03-01 12:48:00,NVCR,16.030000686645508,16.030000686645508,16.040000915527344,16.030000686645508,16.040000915527344,1083.0
2024-03-01 12:48:00,NVNO,6.498499870300293,6.498499870300293,6.498499870300293,6.480000019073486,6.480000019073486,1134.0
2024-03-01 12:48:00,NXL,0.3479999899864197,0.3479999899864197,0.3479999899864197,0.3479999899864197,0.3479999899864197,102.0
2024-03-01 12:48:00,NXTC,1.7200000286102295,1.7200000286102295,1.7350000143051147,1.7200000286102295,1.7350000143051147,500.0
2024-03-01 12:48:00,OCGN,0.9404000043869019,0.9404000043869019,0.9404000043869019,0.9404000043869019,0.9404000043869019,382.0
2024-03-01 12:48:00,OCUL,10.819999694824219,10.819999694824219,10.819999694824219,10.800000190734863,10.800000190734863,1303.0
2024-03-01 12:48:00,OCUP,2.490000009536743,2.490000009536743,2.490000009536743,2.490000009536743,2.490000009536743,500.0
2024-03-01 12:48:00,OGI,2.206899881362915,2.206899881362915,2.206899881362915,2.200000047683716,2.200000047683716,821.0
2024-03-01 12:48:00,OLMA,14.765000343322754,14.765000343322754,14.765000343322754,14.609999656677246,14.609999656677246,2865.0
2024-03-01 12:48:00,OM,3.1500000953674316,3.1500000953674316,3.1500000953674316,3.140000104904175,3.140000104904175,1010.0
2024-03-01 12:48:00,OMGA,4.190000057220459,4.190000057220459,4.190000057220459,4.190000057220459,4.190000057220459,216.0
2024-03-01 12:48:00,ONCT,10.149999618530273,10.149999618530273,10.149999618530273,10.149999618530273,10.149999618530273,165.0
2024-03-01 12:49:00,AADI,1.9900000095367432,1.9900000095367432,1.9900000095367432,1.9900000095367432,1.9900000095367432,519.0
2024-03-01 12:49:00,ABCL,5.230000019073486,5.230000019073486,5.235000133514404,5.215000152587891,5.215000152587891,18320.0
2024-03-01 12:49:00,ABSI,5.255000114440918,5.255000114440918,5.260000228881836,5.248899936676025,5.248899936676025,18868.0
2024-03-01 12:49:00,ACAD,24.43000030517578,24.43000030517578,24.43000030517578,24.420000076293945,24.43000030517578,1314.0
2024-03-01 12:49:00,ACB,3.200000047683716,3.200000047683716,3.2100000381469727,3.200000047683716,3.20989990234375,4007.0
2024-03-01 12:49:00,ACCD,10.229999542236328,10.229999542236328,10.229999542236328,10.220000267028809,10.220000267028809,1210.0
2024-03-01 12:49:00,ACET,2.4000000953674316,2.4000000953674316,2.4000000953674316,2.4000000953674316,2.4000000953674316,864.0
2024-03-01 12:49:00,ACHC,84.6500015258789,84.6500015258789,84.6500015258789,84.63500213623047,84.63500213623047,665.0
2024-03-01 12:49:00,ACHL,1.350000023841858,1.350000023841858,1.350000023841858,1.350000023841858,1.350000023841858,1300.0
2024-03-01 12:49:00,ACIU,3.930000066757202,3.930000066757202,3.930000066757202,3.9000000953674316,3.9000000953674316,1683.0
2024-03-01 12:49:00,ACLX,67.01000213623047,67.01000213623047,67.11499786376953,67.01000213623047,67.08000183105469,1778.0
2024-03-01 12:49:00,ACRS,1.2350000143051147,1.2350000143051147,1.2400000095367432,1.2300000190734863,1.2400000095367432,1222.0
2024-03-01 12:49:00,ADAG,3.190000057220459,3.190000057220459,3.190000057220459,3.190000057220459,3.190000057220459,101.0
2024-03-01 12:49:00,ADIL,3.0199999809265137,3.0199999809265137,3.0789999961853027,3.0199999809265137,3.069999933242798,45547.0
2024-03-01 12:49:00,ADMA,5.460000038146973,5.460000038146973,5.46999979019165,5.460000038146973,5.465000152587891,5598.0
2024-03-01 12:49:00,ADPT,4.190000057220459,4.190000057220459,4.190000057220459,4.184999942779541,4.184999942779541,2345.0
2024-03-01 12:49:00,ADUS,93.75,93.75,93.75,93.69999694824219,93.69999694824219,2320.0
2024-03-01 12:49:00,ADVM,1.975000023841858,1.975000023841858,1.975000023841858,1.9701000452041626,1.975000023841858,4209.0
2024-03-01 12:49:00,AGEN,0.6739000082015991,0.6739000082015991,0.6739000082015991,0.6738499999046326,0.6738499999046326,16800.0
2024-03-01 12:49:00,AGIO,32.95000076293945,32.95000076293945,32.967498779296875,32.95000076293945,32.95500183105469,1749.0
2024-03-01 12:49:00,AHCO,10.609999656677246,10.609999656677246,10.640000343322754,10.609999656677246,10.614999771118164,5348.0
2024-03-01 12:49:00,AIRS,6.494999885559082,6.494999885559082,6.53000020980835,6.494999885559082,6.53000020980835,201.0
2024-03-01 12:49:00,AKBA,1.690000057220459,1.690000057220459,1.690000057220459,1.6799999475479126,1.6799999475479126,39532.0
2024-03-01 12:49:00,AKLI,0.34299999475479126,0.34299999475479126,0.34299999475479126,0.34299999475479126,0.34299999475479126,5309.0
2024-03-01 12:49:00,AKRO,30.09000015258789,30.09000015258789,30.09000015258789,30.010000228881836,30.010000228881836,2264.0
2024-03-01 12:49:00,ALDX,4.159999847412109,4.159999847412109,4.159999847412109,4.159999847412109,4.159999847412109,8138.0
2024-03-01 12:49:00,ALEC,7.385000228881836,7.385000228881836,7.385000228881836,7.369999885559082,7.369999885559082,1042.0
2024-03-01 12:49:00,ALGN,303.9549865722656,303.9549865722656,303.9549865722656,303.9549865722656,303.9549865722656,646.0
2024-03-01 12:49:00,ALHC,5.739999771118164,5.739999771118164,5.739999771118164,5.739999771118164,5.739999771118164,1212.0
2024-03-01 12:49:00,ALKS,30.139999389648438,30.139999389648438,30.139999389648438,30.137500762939453,30.139999389648438,1191.0
2024-03-01 12:49:00,ALLK,1.5950000286102295,1.5950000286102295,1.6050000190734863,1.5950000286102295,1.6050000190734863,28490.0
2024-03-01 12:49:00,ALLO,5.061299800872803,5.061299800872803,5.065000057220459,5.045000076293945,5.045000076293945,6548.0
2024-03-01 12:49:00,ALNY,154.7100067138672,154.7100067138672,154.7100067138672,154.7100067138672,154.7100067138672,280.0
2024-03-01 12:49:00,ALPN,35.90169906616211,35.90169906616211,35.91999816894531,35.880001068115234,35.900001525878906,1042.0
2024-03-01 12:49:00,ALT,12.109999656677246,12.109999656677246,12.131999969482422,12.104299545288086,12.131999969482422,7837.0
2024-03-01 12:49:00,ALVR,0.7538999915122986,0.7538999915122986,0.7538999915122986,0.7538999915122986,0.7538999915122986,1082.0
2024-03-01 12:49:00,AMED,93.31999969482422,93.31999969482422,93.33000183105469,93.31999969482422,93.33000183105469,1112.0
2024-03-01 12:49:00,AMGN,281.6400146484375,281.6400146484375,281.7286071777344,281.6300048828125,281.6697998046875,5806.0
2024-03-01 12:49:00,AMLX,18.809999465942383,18.809999465942383,18.809999465942383,18.809999465942383,18.809999465942383,350.0
2024-03-01 12:49:00,AMPH,45.31999969482422,45.31999969482422,45.369998931884766,45.31999969482422,45.369998931884766,504.0
2024-03-01 12:49:00,AMRN,1.0549999475479126,1.0549999475479126,1.059999942779541,1.0549999475479126,1.059999942779541,404.0
2024-03-01 12:49:00,ANIK,24.860000610351562,24.860000610351562,24.860000610351562,24.860000610351562,24.860000610351562,541.0
2024-03-01 12:49:00,ANNX,5.989999771118164,5.989999771118164,5.989999771118164,5.989999771118164,5.989999771118164,1753.0
2024-03-01 12:49:00,ANTX,3.0199999809265137,3.0199999809265137,3.0199999809265137,3.0199999809265137,3.0199999809265137,114.0
2024-03-01 12:49:00,APDN,0.5698999762535095,0.5698999762535095,0.5698999762535095,0.5698999762535095,0.5698999762535095,100.0
2024-03-01 12:49:00,APLS,65.02999877929688,65.02999877929688,65.04000091552734,64.97000122070312,64.97000122070312,3330.0
2024-03-01 12:49:00,APLT,7.090000152587891,7.090000152587891,7.090000152587891,7.085000038146973,7.085000038146973,1952.0
2024-03-01 12:49:00,AQST,4.21999979019165,4.21999979019165,4.239999771118164,4.199999809265137,4.239999771118164,29994.0
2024-03-01 12:49:00,ARAY,2.640000104904175,2.640000104904175,2.640000104904175,2.640000104904175,2.640000104904175,4495.0
2024-03-01 12:49:00,ARDX,9.609999656677246,9.609999656677246,9.630000114440918,9.609999656677246,9.625,29211.0
2024-03-01 12:49:00,ARQT,11.829999923706055,11.829999923706055,11.850000381469727,11.75,11.760000228881836,28504.0
2024-03-01 12:49:00,ARVN,49.15999984741211,49.15999984741211,49.15999984741211,49.15999984741211,49.15999984741211,100.0
2024-03-01 12:49:00,ARWR,36.06999969482422,36.06999969482422,36.06999969482422,36.06999969482422,36.06999969482422,773.0
2024-03-01 12:49:00,ASLN,0.7540000081062317,0.7540000081062317,0.7540000081062317,0.7540000081062317,0.7540000081062317,400.0
2024-03-01 12:49:00,ASND,151.4600067138672,151.4600067138672,151.4600067138672,151.34500122070312,151.34500122070312,1263.0
2024-03-01 12:49:00,ASRT,0.9266499876976013,0.9266499876976013,0.9266499876976013,0.9266499876976013,0.9266499876976013,268.0
2024-03-01 12:49:00,ATAI,2.140000104904175,2.140000104904175,2.140000104904175,2.130000114440918,2.130000114440918,5239.0
2024-03-01 12:49:00,ATEC,13.574999809265137,13.574999809265137,13.574999809265137,13.555000305175781,13.555000305175781,3776.0
2024-03-01 12:49:00,ATHA,3.994999885559082,3.994999885559082,3.994999885559082,3.990000009536743,3.990000009536743,1126.0
2024-03-01 12:49:00,ATRA,0.7888000011444092,0.7888000011444092,0.7900000214576721,0.7888000011444092,0.7900000214576721,1905.0
2024-03-01 12:49:00,ATRC,36.08000183105469,36.08000183105469,36.08000183105469,36.08000183105469,36.08000183105469,416.0
2024-03-01 12:49:00,ATXS,15.024999618530273,15.024999618530273,15.024999618530273,15.020000457763672,15.020000457763672,615.0
2024-03-01 12:49:00,AUPH,5.864999771118164,5.864999771118164,5.864999771118164,5.862500190734863,5.864999771118164,790.0
2024-03-01 12:49:00,AURA,9.399999618530273,9.399999618530273,9.430000305175781,9.399999618530273,9.399999618530273,1400.0
2024-03-01 12:49:00,AUTL,6.380000114440918,6.380000114440918,6.380000114440918,6.380000114440918,6.380000114440918,103.0
2024-03-01 12:49:00,AVDL,12.989999771118164,12.989999771118164,12.989999771118164,12.979999542236328,12.979999542236328,472.0
2024-03-01 12:49:00,AVXL,5.400000095367432,5.400000095367432,5.400000095367432,5.375,5.380000114440918,18294.0
2024-03-01 12:49:00,AWH,4.199999809265137,4.199999809265137,4.199999809265137,4.199999809265137,4.199999809265137,136.0
2024-03-01 12:49:00,AXNX,67.38500213623047,67.38500213623047,67.40499877929688,67.38500213623047,67.40499877929688,692.0
2024-03-01 12:49:00,AXSM,82.54499816894531,82.54499816894531,82.54499816894531,82.54499816894531,82.54499816894531,493.0
2024-03-01 12:49:00,AZN,64.69499969482422,64.69499969482422,64.70999908447266,64.69499969482422,64.69999694824219,4398.0
2024-03-01 12:49:00,AZTA,66.87999725341797,66.87999725341797,66.87999725341797,66.83000183105469,66.87000274658203,1110.0
2024-03-01 12:49:00,BBIO,36.09000015258789,36.09000015258789,36.099998474121094,36.08000183105469,36.08000183105469,2501.0
2024-03-01 12:49:00,BBLG,2.5299999713897705,2.5299999713897705,2.5299999713897705,2.4700000286102295,2.5,3266.0
2024-03-01 12:49:00,BCAB,2.734999895095825,2.734999895095825,2.740000009536743,2.734999895095825,2.740000009536743,495.0
2024-03-01 12:49:00,BCDA,0.5699999928474426,0.5699999928474426,0.5699999928474426,0.5685999989509583,0.5685999989509583,20000.0
2024-03-01 12:49:00,BCEL,0.2651999890804291,0.2651999890804291,0.27094098925590515,0.2651999890804291,0.27094098925590515,4499.0
2024-03-01 12:49:00,BCRX,5.784999847412109,5.784999847412109,5.789999961853027,5.764999866485596,5.769999980926514,11121.0
2024-03-01 12:49:00,BCYC,25.770000457763672,25.770000457763672,25.799999237060547,25.770000457763672,25.799999237060547,418.0
2024-03-01 12:49:00,BDSX,1.600000023841858,1.600000023841858,1.600000023841858,1.600000023841858,1.600000023841858,2745.0
2024-03-01 12:49:00,BDTX,5.005000114440918,5.005000114440918,5.005000114440918,5.0,5.0,208.0
2024-03-01 12:49:00,BEAM,40.06999969482422,40.06999969482422,40.08000183105469,40.04499816894531,40.04999923706055,1837.0
2024-03-01 12:49:00,BGXX,0.27459999918937683,0.27459999918937683,0.27459999918937683,0.2726989984512329,0.2726989984512329,4645.0
2024-03-01 12:49:00,BIIB,221.52499389648438,221.52499389648438,221.52499389648438,221.5,221.5,1134.0
2024-03-01 12:49:00,BIOL,0.1378999948501587,0.1378999948501587,0.1378999948501587,0.1378999948501587,0.1378999948501587,500.0
2024-03-01 12:49:00,BIVI,1.899899959564209,1.899899959564209,1.899999976158142,1.8588000535964966,1.8610999584197998,51840.0
2024-03-01 12:49:00,BLFS,18.280000686645508,18.280000686645508,18.280000686645508,18.280000686645508,18.280000686645508,915.0
2024-03-01 12:49:00,BLUE,1.600000023841858,1.600000023841858,1.600000023841858,1.593999981880188,1.593999981880188,25193.0
2024-03-01 12:49:00,BMEA,18.162500381469727,18.162500381469727,18.174999237060547,18.06999969482422,18.100000381469727,5307.0
2024-03-01 12:49:00,BMRN,87.33000183105469,87.33000183105469,87.36000061035156,87.33000183105469,87.3550033569336,4347.0
2024-03-01 12:49:00,BNGO,1.249899983406067,1.249899983406067,1.249899983406067,1.249899983406067,1.249899983406067,100.0
2024-03-01 12:49:00,BOLT,1.190000057220459,1.190000057220459,1.190000057220459,1.190000057220459,1.190000057220459,549.0
2024-03-01 12:49:00,BPMC,97.20999908447266,97.20999908447266,97.23999786376953,97.20999908447266,97.23999786376953,1004.0
2024-03-01 12:49:00,BRKR,88.3550033569336,88.3550033569336,88.37000274658203,88.3499984741211,88.37000274658203,756.0
2024-03-01 12:49:00,BRTX,1.5019999742507935,1.5019999742507935,1.5019999742507935,1.5019999742507935,1.5019999742507935,301.0
2024-03-01 12:49:00,BSGM,0.6430000066757202,0.6430000066757202,0.6430000066757202,0.6222000122070312,0.6222000122070312,1213.0
2024-03-01 12:49:00,BTCY,0.9000999927520752,0.9000999927520752,0.9000999927520752,0.9000999927520752,0.9000999927520752,1100.0
2024-03-01 12:49:00,BTMD,6.03000020980835,6.03000020980835,6.03000020980835,6.010000228881836,6.010000228881836,2410.0
2024-03-01 12:49:00,BTTX,0.18000000715255737,0.18000000715255737,0.18000000715255737,0.1776999980211258,0.1776999980211258,14253.0
2024-03-01 12:49:00,BWAY,6.53000020980835,6.53000020980835,6.53000020980835,6.53000020980835,6.53000020980835,100.0
2024-03-01 12:49:00,CABA,24.065000534057617,24.065000534057617,24.065000534057617,24.049999237060547,24.059999465942383,2828.0
2024-03-01 12:49:00,CADL,1.7100000381469727,1.7100000381469727,1.7100000381469727,1.7000000476837158,1.7000000476837158,200.0
2024-03-01 12:49:00,CARA,0.9228000044822693,0.9228000044822693,0.9228000044822693,0.9100000262260437,0.9100000262260437,1897.0
2024-03-01 12:49:00,CBAY,32.23500061035156,32.23500061035156,32.2400016784668,32.23500061035156,32.23500061035156,2864.0
2024-03-01 12:49:00,CCCC,10.984999656677246,10.984999656677246,10.984999656677246,10.979999542236328,10.979999542236328,654.0
2024-03-01 12:49:00,CDMO,8.100000381469727,8.100000381469727,8.104999542236328,8.100000381469727,8.100000381469727,2197.0
2024-03-01 12:49:00,CDNA,12.380000114440918,12.380000114440918,12.426899909973145,12.369999885559082,12.380000114440918,6142.0
2024-03-01 12:49:00,CDXS,4.480000019073486,4.480000019073486,4.480000019073486,4.480000019073486,4.480000019073486,812.0
2024-03-01 12:49:00,CERE,41.10499954223633,41.10499954223633,41.11000061035156,41.099998474121094,41.099998474121094,1105.0
2024-03-01 12:49:00,CERS,2.2300000190734863,2.2300000190734863,2.2300000190734863,2.2249999046325684,2.2300000190734863,2401.0
2024-03-01 12:49:00,CERT,17.790000915527344,17.790000915527344,17.790000915527344,17.780000686645508,17.790000915527344,1057.0
2024-03-01 12:49:00,CGC,3.259999990463257,3.259999990463257,3.259999990463257,3.255000114440918,3.2599000930786133,9737.0
2024-03-01 12:49:00,CGEM,19.030000686645508,19.030000686645508,19.030000686645508,18.982500076293945,19.0049991607666,639.0
2024-03-01 12:49:00,CGEN,2.680000066757202,2.680000066757202,2.680000066757202,2.680000066757202,2.680000066757202,1500.0
2024-03-01 12:49:00,CHRS,2.399899959564209,2.399899959564209,2.4000000953674316,2.390000104904175,2.390000104904175,2666.0
2024-03-01 12:49:00,CLDX,50.459999084472656,50.459999084472656,50.459999084472656,50.459999084472656,50.459999084472656,601.0
2024-03-01 12:49:00,CLNN,0.38499999046325684,0.38499999046325684,0.38499999046325684,0.38499999046325684,0.38499999046325684,500.0
2024-03-01 12:49:00,CLOV,0.8604000210762024,0.8604000210762024,0.8607000112533569,0.8604000210762024,0.8604000210762024,22747.0
2024-03-01 12:49:00,CLRB,4.130000114440918,4.130000114440918,4.130000114440918,4.130000114440918,4.130000114440918,1100.0
2024-03-01 12:49:00,CLSD,1.3990000486373901,1.3990000486373901,1.3990000486373901,1.3990000486373901,1.3990000486373901,172.0
2024-03-01 12:49:00,CMPS,11.4399995803833,11.4399995803833,11.4399995803833,11.4399995803833,11.4399995803833,100.0
2024-03-01 12:49:00,CMPX,1.8320000171661377,1.8320000171661377,1.8320000171661377,1.8320000171661377,1.8320000171661377,822.0
2024-03-01 12:49:00,CMRX,1.1549999713897705,1.1549999713897705,1.159999966621399,1.1549999713897705,1.1549999713897705,1500.0
2024-03-01 12:49:00,CNTB,1.1699999570846558,1.1699999570846558,1.1699999570846558,1.1699999570846558,1.1699999570846558,102.0
2024-03-01 12:49:00,COGT,7.210000038146973,7.210000038146973,7.217599868774414,7.188799858093262,7.188799858093262,9359.0
2024-03-01 12:49:00,CORT,24.299999237060547,24.299999237060547,24.299999237060547,24.270000457763672,24.270000457763672,739.0
2024-03-01 12:49:00,CPRX,17.079999923706055,17.079999923706055,17.100000381469727,17.079999923706055,17.100000381469727,3429.0
2024-03-01 12:49:00,CPSI,9.449999809265137,9.449999809265137,9.449999809265137,9.430000305175781,9.430000305175781,1197.0
2024-03-01 12:49:00,CRBU,7.985000133514404,7.985000133514404,7.989999771118164,7.96999979019165,7.980000019073486,4496.0
2024-03-01 12:49:00,CRDF,2.4000000953674316,2.4000000953674316,2.4000000953674316,2.369999885559082,2.384999990463257,20122.0
2024-03-01 12:49:00,CRMD,3.7049999237060547,3.7049999237060547,3.708199977874756,3.7049999237060547,3.708199977874756,316.0
2024-03-01 12:49:00,CRNX,46.709999084472656,46.709999084472656,46.75,46.70000076293945,46.749000549316406,2163.0
2024-03-01 12:49:00,CRON,2.055000066757202,2.055000066757202,2.059999942779541,2.055000066757202,2.059999942779541,307.0
2024-03-01 12:49:00,CRSP,86.0250015258789,86.0250015258789,86.05500030517578,85.9800033569336,86.0,3070.0
2024-03-01 12:49:00,CSTL,20.56999969482422,20.56999969482422,20.56999969482422,20.56999969482422,20.56999969482422,169.0
2024-03-01 12:49:00,CTKB,8.779999732971191,8.779999732971191,8.779999732971191,8.779999732971191,8.779999732971191,390.0
2024-03-01 12:49:00,CTMX,2.7286999225616455,2.7286999225616455,2.7286999225616455,2.7149999141693115,2.7149999141693115,835.0
2024-03-01 12:49:00,CTSO,0.9462000131607056,0.9462000131607056,0.949999988079071,0.9462000131607056,0.949999988079071,8488.0
2024-03-01 12:49:00,CUE,2.2100000381469727,2.2100000381469727,2.2100000381469727,2.2100000381469727,2.2100000381469727,842.0
2024-03-01 12:49:00,CUTR,2.450000047683716,2.450000047683716,2.450000047683716,2.440000057220459,2.440000057220459,2814.0
2024-03-01 12:49:00,CVAC,3.505000114440918,3.505000114440918,3.505000114440918,3.505000114440918,3.505000114440918,808.0
2024-03-01 12:49:00,CVRX,20.760000228881836,20.760000228881836,20.760000228881836,20.760000228881836,20.760000228881836,106.0
2024-03-01 12:49:00,CYTK,73.2699966430664,73.2699966430664,73.27999877929688,73.23999786376953,73.24500274658203,2511.0
2024-03-01 12:49:00,CYTO,2.380000114440918,2.380000114440918,2.380000114440918,2.3499999046325684,2.3499999046325684,2854.0
2024-03-01 12:49:00,DARE,0.5519000291824341,0.5519000291824341,0.5519999861717224,0.5519000291824341,0.5519999861717224,520.0
2024-03-01 12:49:00,DAWN,17.510000228881836,17.510000228881836,17.510000228881836,17.489999771118164,17.489999771118164,2066.0
2024-03-01 12:49:00,DCGO,4.139200210571289,4.139200210571289,4.139200210571289,4.130000114440918,4.130000114440918,16804.0
2024-03-01 12:49:00,DCPH,17.510000228881836,17.510000228881836,17.520000457763672,17.49839973449707,17.49839973449707,2778.0
2024-03-01 12:49:00,DMTK,0.8399999737739563,0.8399999737739563,0.8399999737739563,0.8399999737739563,0.8399999737739563,142.0
2024-03-01 12:49:00,DNLI,20.885000228881836,20.885000228881836,20.885000228881836,20.875,20.875,1466.0
2024-03-01 12:49:00,DRIO,1.9950000047683716,1.9950000047683716,1.9950000047683716,1.9950000047683716,1.9950000047683716,267.0
2024-03-01 12:49:00,DSGN,2.9049999713897705,2.9049999713897705,2.9049999713897705,2.9000000953674316,2.9049999713897705,649.0
2024-03-01 12:49:00,DTIL,12.3100004196167,12.3100004196167,12.3100004196167,12.177200317382812,12.1899995803833,2991.0
2024-03-01 12:49:00,DXCM,121.51000213623047,121.51000213623047,121.51000213623047,121.375,121.375,5823.0
2024-03-01 12:49:00,DYN,28.80500030517578,28.80500030517578,28.828100204467773,28.80500030517578,28.828100204467773,1860.0
2024-03-01 12:49:00,EDAP,6.8933000564575195,6.8933000564575195,6.8933000564575195,6.8933000564575195,6.8933000564575195,407.0
2024-03-01 12:49:00,EDIT,10.869999885559082,10.869999885559082,10.880000114440918,10.845000267028809,10.845000267028809,6193.0
2024-03-01 12:49:00,EFTR,15.404999732971191,15.404999732971191,15.404999732971191,15.3100004196167,15.326199531555176,9543.0
2024-03-01 12:49:00,EKSO,1.9700000286102295,1.9700000286102295,1.9700000286102295,1.9700000286102295,1.9700000286102295,284.0
2024-03-01 12:49:00,ELEV,5.0,5.0,5.0,4.96999979019165,4.96999979019165,602.0
2024-03-01 12:49:00,EMBC,14.40999984741211,14.40999984741211,14.40999984741211,14.40999984741211,14.40999984741211,477.0
2024-03-01 12:49:00,ENSG,123.2699966430664,123.2699966430664,123.2699966430664,123.26000213623047,123.2699966430664,1105.0
2024-03-01 12:49:00,ENTA,15.40999984741211,15.40999984741211,15.40999984741211,15.404999732971191,15.404999732971191,511.0
2024-03-01 12:49:00,ENVB,1.559999942779541,1.559999942779541,1.5700000524520874,1.559999942779541,1.5700000524520874,8396.0
2024-03-01 12:49:00,EPIX,9.649999618530273,9.649999618530273,9.649999618530273,9.649999618530273,9.649999618530273,611.0
2024-03-01 12:49:00,ESPR,2.5199999809265137,2.5199999809265137,2.5199999809265137,2.5199999809265137,2.5199999809265137,1942.0
2024-03-01 12:49:00,ESTA,45.900001525878906,45.900001525878906,45.93000030517578,45.72999954223633,45.72999954223633,2438.0
2024-03-01 12:49:00,ETNB,13.170000076293945,13.170000076293945,13.170000076293945,13.170000076293945,13.170000076293945,3327.0
2024-03-01 12:49:00,ETON,4.460000038146973,4.460000038146973,4.460000038146973,4.460000038146973,4.460000038146973,141.0
2024-03-01 12:49:00,EWTX,17.15999984741211,17.15999984741211,17.170000076293945,17.15999984741211,17.170000076293945,926.0
2024-03-01 12:49:00,EXAI,6.809999942779541,6.809999942779541,6.809999942779541,6.804999828338623,6.804999828338623,1351.0
2024-03-01 12:49:00,EXAS,60.345001220703125,60.345001220703125,60.349998474121094,60.33000183105469,60.34000015258789,2036.0
2024-03-01 12:49:00,EXEL,22.479999542236328,22.479999542236328,22.479999542236328,22.469999313354492,22.469999313354492,2035.0
2024-03-01 12:49:00,EYEN,2.430000066757202,2.430000066757202,2.430000066757202,2.410799980163574,2.410799980163574,3441.0
2024-03-01 12:49:00,EYPT,28.05500030517578,28.05500030517578,28.059999465942383,28.040000915527344,28.040000915527344,2933.0
2024-03-01 12:49:00,FATE,7.619999885559082,7.619999885559082,7.630000114440918,7.605000019073486,7.610000133514404,3861.0
2024-03-01 12:49:00,FBIO,2.350100040435791,2.350100040435791,2.3503000736236572,2.3499999046325684,2.3499999046325684,3442.0
2024-03-01 12:49:00,FDMT,29.469999313354492,29.469999313354492,29.489999771118164,29.46500015258789,29.46500015258789,2971.0
2024-03-01 12:49:00,FEMY,1.7100000381469727,1.7100000381469727,1.7100000381469727,1.7100000381469727,1.7100000381469727,370.0
2024-03-01 12:49:00,FGEN,1.8799999952316284,1.8799999952316284,1.8799999952316284,1.875,1.875,1468.0
2024-03-01 12:49:00,FLGT,23.329999923706055,23.329999923706055,23.329999923706055,23.31999969482422,23.31999969482422,745.0
2024-03-01 12:49:00,FOLD,13.354999542236328,13.354999542236328,13.359999656677246,13.354999542236328,13.359999656677246,3334.0
2024-03-01 12:49:00,FULC,10.890000343322754,10.890000343322754,10.890000343322754,10.890000343322754,10.890000343322754,360.0
2024-03-01 12:49:00,FUSN,12.289999961853027,12.289999961853027,12.29699993133545,12.288000106811523,12.288000106811523,424.0
2024-03-01 12:49:00,GDRX,8.271100044250488,8.271100044250488,8.274999618530273,8.265000343322754,8.270000457763672,2988.0
2024-03-01 12:49:00,GERN,2.2100000381469727,2.2100000381469727,2.2100000381469727,2.2100000381469727,2.2100000381469727,810.0
2024-03-01 12:49:00,GH,19.204999923706055,19.204999923706055,19.209999084472656,19.200000762939453,19.200000762939453,1081.0
2024-03-01 12:49:00,GILD,72.36000061035156,72.36000061035156,72.36000061035156,72.34500122070312,72.34500122070312,6236.0
2024-03-01 12:49:00,GLPG,35.2599983215332,35.2599983215332,35.2599983215332,35.2599983215332,35.2599983215332,359.0
2024-03-01 12:49:00,GLTO,0.7350000143051147,0.7350000143051147,0.7350000143051147,0.7350000143051147,0.7350000143051147,600.0
2024-03-01 12:49:00,GLYC,3.0350000858306885,3.0350000858306885,3.0350000858306885,3.0350000858306885,3.0350000858306885,148.0
2024-03-01 12:49:00,GMDA,0.3804999887943268,0.3804999887943268,0.3804999887943268,0.3804999887943268,0.3804999887943268,300.0
2024-03-01 12:49:00,GOSS,1.399999976158142,1.399999976158142,1.409999966621399,1.399999976158142,1.409999966621399,1772.0
2024-03-01 12:49:00,GRFS,7.074999809265137,7.074999809265137,7.079899787902832,7.074999809265137,7.079899787902832,1012.0
2024-03-01 12:49:00,GRTS,2.149899959564209,2.149899959564209,2.149899959564209,2.134999990463257,2.134999990463257,4000.0
2024-03-01 12:49:00,GTHX,3.7200000286102295,3.7200000286102295,3.7260000705718994,3.700000047683716,3.7260000705718994,8183.0
2024-03-01 12:49:00,HALO,41.63999938964844,41.63999938964844,41.64500045776367,41.63999938964844,41.64500045776367,300.0
2024-03-01 12:49:00,HCAT,8.029999732971191,8.029999732971191,8.029999732971191,8.010000228881836,8.010000228881836,2012.0
2024-03-01 12:49:00,HCSG,12.65999984741211,12.65999984741211,12.65999984741211,12.65999984741211,12.65999984741211,847.0
2024-03-01 12:49:00,HCTI,2.430000066757202,2.430000066757202,2.450000047683716,2.430000066757202,2.450000047683716,536.0
2024-03-01 12:49:00,HOLX,73.9000015258789,73.9000015258789,73.9000015258789,73.87000274658203,73.87000274658203,604.0
2024-03-01 12:49:00,HQY,81.76000213623047,81.76000213623047,81.76000213623047,81.76000213623047,81.76000213623047,1312.0
2024-03-01 12:49:00,HRMY,31.56999969482422,31.56999969482422,31.56999969482422,31.56999969482422,31.56999969482422,562.0
2024-03-01 12:49:00,HRTX,2.615000009536743,2.615000009536743,2.615000009536743,2.609999895095825,2.609999895095825,5547.0
2024-03-01 12:49:00,HSIC,76.9800033569336,76.9800033569336,76.9800033569336,76.96499633789062,76.96499633789062,2068.0
2024-03-01 12:49:00,HUMA,3.4649999141693115,3.4649999141693115,3.4700000286102295,3.460099935531616,3.460099935531616,2995.0
2024-03-01 12:49:00,IART,36.630001068115234,36.630001068115234,36.630001068115234,36.630001068115234,36.630001068115234,426.0
2024-03-01 12:49:00,IBRX,4.820000171661377,4.820000171661377,4.820099830627441,4.820000171661377,4.820099830627441,2307.0
2024-03-01 12:49:00,ICLR,322.5950012207031,322.5950012207031,322.7799987792969,322.5950012207031,322.7799987792969,974.0
2024-03-01 12:49:00,ICUI,104.91999816894531,104.91999816894531,104.91999816894531,104.86000061035156,104.86000061035156,528.0
2024-03-01 12:49:00,IDXX,581.4149780273438,581.4149780273438,581.4149780273438,581.4149780273438,581.4149780273438,281.0
2024-03-01 12:49:00,IDYA,46.47880172729492,46.47880172729492,46.47880172729492,46.47880172729492,46.47880172729492,926.0
2024-03-01 12:49:00,IKNA,1.5049999952316284,1.5049999952316284,1.5049999952316284,1.5049999952316284,1.5049999952316284,1000.0
2024-03-01 12:49:00,ILMN,142.22000122070312,142.22000122070312,142.22000122070312,142.1699981689453,142.1699981689453,1430.0
2024-03-01 12:49:00,IMCR,67.91999816894531,67.91999816894531,68.0999984741211,67.91999816894531,68.05000305175781,7025.0
2024-03-01 12:49:00,IMNN,1.0709999799728394,1.0709999799728394,1.090000033378601,1.0700000524520874,1.090000033378601,640.0
2024-03-01 12:49:00,IMTX,13.0,13.0,13.0,12.979999542236328,12.979999542236328,726.0
2024-03-01 12:49:00,IMVT,36.43000030517578,36.43000030517578,36.43000030517578,36.38999938964844,36.38999938964844,3114.0
2024-03-01 12:49:00,INBX,36.6349983215332,36.6349983215332,36.72999954223633,36.58000183105469,36.72999954223633,3213.0
2024-03-01 12:49:00,INCY,59.36000061035156,59.36000061035156,59.36000061035156,59.349998474121094,59.349998474121094,1090.0
2024-03-01 12:49:00,INGN,6.840000152587891,6.840000152587891,6.849999904632568,6.840000152587891,6.849999904632568,17521.0
2024-03-01 12:49:00,INMD,22.875,22.875,22.889999389648438,22.875,22.889999389648438,2691.0
2024-03-01 12:49:00,INO,9.49779987335205,9.49779987335205,9.49779987335205,9.489999771118164,9.489999771118164,595.0
2024-03-01 12:49:00,INSM,28.6299991607666,28.6299991607666,28.6299991607666,28.6299991607666,28.6299991607666,246.0
2024-03-01 12:49:00,INVA,15.600000381469727,15.600000381469727,15.600000381469727,15.600000381469727,15.600000381469727,334.0
2024-03-01 12:49:00,INZY,6.690000057220459,6.690000057220459,6.690000057220459,6.690000057220459,6.690000057220459,235.0
2024-03-01 12:49:00,IOBT,1.8380000591278076,1.8380000591278076,1.8380000591278076,1.8380000591278076,1.8380000591278076,1050.0
2024-03-01 12:49:00,IONS,45.93000030517578,45.93000030517578,45.93000030517578,45.900001525878906,45.90999984741211,1077.0
2024-03-01 12:49:00,IOVA,16.834999084472656,16.834999084472656,16.834999084472656,16.790000915527344,16.790000915527344,12345.0
2024-03-01 12:49:00,IRIX,2.6600000858306885,2.6600000858306885,2.6600000858306885,2.6600000858306885,2.6600000858306885,100.0
2024-03-01 12:49:00,IRTC,121.26000213623047,121.26000213623047,121.26000213623047,121.25,121.26000213623047,1336.0
2024-03-01 12:49:00,IRWD,9.100000381469727,9.100000381469727,9.100000381469727,9.085000038146973,9.085000038146973,11989.0
2024-03-01 12:49:00,ISRG,394.7099914550781,394.7099914550781,394.7099914550781,394.6700134277344,394.6700134277344,1461.0
2024-03-01 12:49:00,ITCI,71.72000122070312,71.72000122070312,71.72000122070312,71.71499633789062,71.72000122070312,1509.0
2024-03-01 12:49:00,ITOS,10.899999618530273,10.899999618530273,10.899999618530273,10.899999618530273,10.899999618530273,511.0
2024-03-01 12:49:00,ITRM,1.25,1.25,1.25,1.25,1.25,209.0
2024-03-01 12:49:00,JAGX,0.07500000298023224,0.07500000298023224,0.0754999965429306,0.07440000027418137,0.07440000027418137,237371.0
2024-03-01 12:49:00,JANX,46.68000030517578,46.68000030517578,46.90999984741211,46.68000030517578,46.869998931884766,692.0
2024-03-01 12:49:00,JAZZ,119.33000183105469,119.33000183105469,119.33000183105469,119.26000213623047,119.26000213623047,751.0
2024-03-01 12:49:00,KALA,7.389999866485596,7.389999866485596,7.389999866485596,7.389999866485596,7.389999866485596,204.0
2024-03-01 12:49:00,KALV,13.989999771118164,13.989999771118164,14.029999732971191,13.989999771118164,14.024999618530273,2037.0
2024-03-01 12:49:00,KIDS,27.415000915527344,27.415000915527344,27.415000915527344,27.415000915527344,27.415000915527344,477.0
2024-03-01 12:49:00,KNTE,2.609999895095825,2.609999895095825,2.609999895095825,2.6050000190734863,2.6050000190734863,784.0
2024-03-01 12:49:00,KOD,6.119999885559082,6.119999885559082,6.119999885559082,6.114999771118164,6.119999885559082,1217.0
2024-03-01 12:49:00,KPTI,1.2200000286102295,1.2200000286102295,1.2200000286102295,1.2200000286102295,1.2200000286102295,967.0
2024-03-01 12:49:00,KROS,70.16999816894531,70.16999816894531,70.37999725341797,70.16999816894531,70.30000305175781,3279.0
2024-03-01 12:49:00,KRTX,316.8500061035156,316.8500061035156,316.8500061035156,316.8500061035156,316.8500061035156,159.0
2024-03-01 12:49:00,KTRA,0.09669999778270721,0.09669999778270721,0.09889999777078629,0.09669999778270721,0.09679999947547913,1861.0
2024-03-01 12:49:00,KURA,21.18000030517578,21.18000030517578,21.18000030517578,21.18000030517578,21.18000030517578,667.0
2024-03-01 12:49:00,KYMR,44.06999969482422,44.06999969482422,44.15999984741211,44.06999969482422,44.125,3103.0
2024-03-01 12:49:00,KZR,1.0774999856948853,1.0774999856948853,1.0774999856948853,1.0774999856948853,1.0774999856948853,100.0
2024-03-01 12:49:00,LAB,2.5,2.5,2.5,2.5,2.5,2314.0
2024-03-01 12:49:00,LBPH,22.170000076293945,22.170000076293945,22.170000076293945,22.170000076293945,22.170000076293945,1079.0
2024-03-01 12:49:00,LEGN,66.04499816894531,66.04499816894531,66.04499816894531,66.02999877929688,66.02999877929688,1145.0
2024-03-01 12:49:00,LFMD,8.0,8.0,8.0,8.0,8.0,1101.0
2024-03-01 12:49:00,LFST,7.800000190734863,7.800000190734863,7.809999942779541,7.800000190734863,7.804999828338623,3302.0
2024-03-01 12:49:00,LIVN,55.63999938964844,55.63999938964844,55.63999938964844,55.61000061035156,55.61000061035156,462.0
2024-03-01 12:49:00,LMAT,67.2699966430664,67.2699966430664,67.5281982421875,67.22000122070312,67.3949966430664,2577.0
2024-03-01 12:49:00,LNTH,65.46749877929688,65.46749877929688,65.5,65.45500183105469,65.45500183105469,1602.0
2024-03-01 12:49:00,LQDA,14.470000267028809,14.470000267028809,14.470000267028809,14.470000267028809,14.470000267028809,803.0
2024-03-01 12:49:00,LRMR,11.470000267028809,11.470000267028809,11.484999656677246,11.470000267028809,11.484999656677246,655.0
2024-03-01 12:49:00,LVTX,3.0,3.0,3.0,2.978800058364868,3.0,4858.0
2024-03-01 12:49:00,LXRX,2.515000104904175,2.515000104904175,2.5199999809265137,2.509999990463257,2.515000104904175,4263.0
2024-03-01 12:49:00,LYEL,3.1600000858306885,3.1600000858306885,3.1600000858306885,3.1500000953674316,3.1500000953674316,1549.0
2024-03-01 12:49:00,LYRA,5.610000133514404,5.610000133514404,5.614999771118164,5.610000133514404,5.614999771118164,576.0
2024-03-01 12:49:00,MASI,128.3300018310547,128.3300018310547,128.38999938964844,128.3300018310547,128.38999938964844,877.0
2024-03-01 12:49:00,MCRB,1.2000000476837158,1.2000000476837158,1.2000000476837158,1.2000000476837158,1.2000000476837158,220.0
2024-03-01 12:49:00,MDGL,249.97999572753906,249.97999572753906,249.97999572753906,249.88999938964844,249.88999938964844,1202.0
2024-03-01 12:49:00,MDRX,6.039999961853027,6.039999961853027,6.039999961853027,6.039999961853027,6.039999961853027,1295.0
2024-03-01 12:49:00,MDXH,3.7244999408721924,3.7244999408721924,3.7244999408721924,3.7200000286102295,3.7200000286102295,2432.0
2024-03-01 12:49:00,ME,0.5730000138282776,0.5730000138282776,0.5730000138282776,0.5703999996185303,0.5703999996185303,6553.0
2024-03-01 12:49:00,MGNX,19.010000228881836,19.010000228881836,19.010000228881836,19.010000228881836,19.010000228881836,1219.0
2024-03-01 12:49:00,MGTX,6.440000057220459,6.440000057220459,6.460000038146973,6.440000057220459,6.445000171661377,1378.0
2024-03-01 12:49:00,MIRM,29.950000762939453,29.950000762939453,29.950000762939453,29.950000762939453,29.950000762939453,655.0
2024-03-01 12:49:00,MIST,1.7400000095367432,1.7400000095367432,1.7699999809265137,1.7400000095367432,1.7699999809265137,510.0
2024-03-01 12:49:00,MLTX,51.904998779296875,51.904998779296875,51.904998779296875,51.904998779296875,51.904998779296875,230.0
2024-03-01 12:49:00,MMSI,76.18000030517578,76.18000030517578,76.18000030517578,76.18000030517578,76.18000030517578,439.0
2024-03-01 12:49:00,MNKD,4.545000076293945,4.545000076293945,4.545000076293945,4.545000076293945,4.545000076293945,2223.0
2024-03-01 12:49:00,MNMD,6.160999774932861,6.160999774932861,6.169899940490723,6.151599884033203,6.151599884033203,3104.0
2024-03-01 12:49:00,MNPR,0.8349000215530396,0.8349000215530396,0.839900016784668,0.8301010131835938,0.8324999809265137,3871.0
2024-03-01 12:49:00,MODV,28.075000762939453,28.075000762939453,28.079999923706055,28.075000762939453,28.075000762939453,845.0
2024-03-01 12:49:00,MREO,3.8689000606536865,3.8689000606536865,3.880000114440918,3.865000009536743,3.869999885559082,10907.0
2024-03-01 12:49:00,MRNA,96.80999755859375,96.80999755859375,96.8499984741211,96.79000091552734,96.80000305175781,8820.0
2024-03-01 12:49:00,MRNS,10.029999732971191,10.029999732971191,10.029999732971191,10.029999732971191,10.029999732971191,105.0
2024-03-01 12:49:00,MRSN,6.0,6.0,6.005000114440918,5.989999771118164,6.0,8637.0
2024-03-01 12:49:00,MRUS,51.96500015258789,51.96500015258789,51.96500015258789,51.96500015258789,51.96500015258789,474.0
2024-03-01 12:49:00,MRVI,7.820000171661377,7.820000171661377,7.820000171661377,7.820000171661377,7.820000171661377,204.0
2024-03-01 12:49:00,MXCT,4.769999980926514,4.769999980926514,4.769999980926514,4.763999938964844,4.764999866485596,929.0
2024-03-01 12:49:00,MYGN,21.670000076293945,21.670000076293945,21.670000076293945,21.670000076293945,21.670000076293945,315.0
2024-03-01 12:49:00,NARI,45.400001525878906,45.400001525878906,45.41999816894531,45.29999923706055,45.310001373291016,6717.0
2024-03-01 12:49:00,NAUT,2.6500000953674316,2.6500000953674316,2.6500000953674316,2.6500000953674316,2.6500000953674316,100.0
2024-03-01 12:49:00,NBIX,131.21499633789062,131.21499633789062,131.22000122070312,131.1824951171875,131.1824951171875,1426.0
2024-03-01 12:49:00,NEO,16.149999618530273,16.149999618530273,16.149999618530273,16.110000610351562,16.110000610351562,1649.0
2024-03-01 12:49:00,NEOG,17.344999313354492,17.344999313354492,17.350000381469727,17.344999313354492,17.344999313354492,517.0
2024-03-01 12:49:00,NEPT,0.45500001311302185,0.45500001311302185,0.45500001311302185,0.45489999651908875,0.45489999651908875,200.0
2024-03-01 12:49:00,NKTR,0.7897499799728394,0.7897499799728394,0.7897499799728394,0.7897499799728394,0.7897499799728394,521.0
2024-03-01 12:49:00,NKTX,12.880000114440918,12.880000114440918,12.880000114440918,12.880000114440918,12.880000114440918,1036.0
2024-03-01 12:49:00,NNOX,11.09000015258789,11.09000015258789,11.104999542236328,11.09000015258789,11.09000015258789,6900.0
2024-03-01 12:49:00,NOTV,8.085000038146973,8.085000038146973,8.085000038146973,8.085000038146973,8.085000038146973,125.0
2024-03-01 12:49:00,NRIX,13.680000305175781,13.680000305175781,13.6899995803833,13.670000076293945,13.6899995803833,742.0
2024-03-01 12:49:00,NRSN,2.130000114440918,2.130000114440918,2.1477999687194824,2.130000114440918,2.1477999687194824,6155.0
2024-03-01 12:49:00,NRXP,0.4171000123023987,0.4171000123023987,0.4171000123023987,0.4171000123023987,0.4171000123023987,1105.0
2024-03-01 12:49:00,NTLA,33.47999954223633,33.47999954223633,33.5,33.47999954223633,33.4900016784668,3516.0
2024-03-01 12:49:00,NTRA,89.12999725341797,89.12999725341797,89.18000030517578,89.08000183105469,89.08000183105469,2900.0
2024-03-01 12:49:00,NUTX,0.11389999836683273,0.11389999836683273,0.11389999836683273,0.11389999836683273,0.11389999836683273,997.0
2024-03-01 12:49:00,NUVL,88.82499694824219,88.82499694824219,88.82499694824219,88.75749969482422,88.75749969482422,863.0
2024-03-01 12:49:00,NVAX,5.144999980926514,5.144999980926514,5.149499893188477,5.139999866485596,5.149499893188477,6166.0
2024-03-01 12:49:00,NVCR,16.049999237060547,16.049999237060547,16.049999237060547,16.040000915527344,16.040000915527344,1097.0
2024-03-01 12:49:00,NVCT,10.649999618530273,10.649999618530273,10.649999618530273,10.649999618530273,10.649999618530273,128.0
2024-03-01 12:49:00,OCGN,0.9495000243186951,0.9495000243186951,0.9495000243186951,0.9405999779701233,0.9405999779701233,2214.0
2024-03-01 12:49:00,OCUL,10.805000305175781,10.805000305175781,10.84000015258789,10.805000305175781,10.824999809265137,6450.0
2024-03-01 12:49:00,OFIX,12.859999656677246,12.859999656677246,12.859999656677246,12.859999656677246,12.859999656677246,435.0
2024-03-01 12:49:00,OGI,2.2049999237060547,2.2049999237060547,2.2049999237060547,2.200000047683716,2.203000068664551,2478.0
2024-03-01 12:49:00,OLK,22.645000457763672,22.645000457763672,22.645000457763672,22.645000457763672,22.645000457763672,571.0
2024-03-01 12:49:00,OLMA,14.800000190734863,14.800000190734863,14.800000190734863,14.725000381469727,14.725000381469727,5658.0
2024-03-01 12:49:00,OM,3.1500000953674316,3.1500000953674316,3.1500000953674316,3.1500000953674316,3.1500000953674316,521.0
2024-03-01 12:49:00,OMCL,26.530000686645508,26.530000686645508,26.530000686645508,26.530000686645508,26.530000686645508,401.0
2024-03-01 12:49:00,OMER,4.775000095367432,4.775000095367432,4.775000095367432,4.769999980926514,4.769999980926514,1192.0
2024-03-01 12:49:00,OMGA,4.190000057220459,4.190000057220459,4.190000057220459,4.190000057220459,4.190000057220459,332.0
2024-03-01 12:50:00,ABCL,5.25,5.25,5.25,5.239999771118164,5.239999771118164,3918.0
2024-03-01 12:50:00,ABOS,4.691100120544434,4.691100120544434,4.691100120544434,4.691100120544434,4.691100120544434,282.0
2024-03-01 12:50:00,ABSI,5.255000114440918,5.255000114440918,5.258999824523926,5.255000114440918,5.255000114440918,474.0
2024-03-01 12:50:00,ABUS,2.7850000858306885,2.7850000858306885,2.7850000858306885,2.7799999713897705,2.7799999713897705,11916.0
2024-03-01 12:50:00,ACAD,24.43000030517578,24.43000030517578,24.43000030517578,24.40999984741211,24.420000076293945,2030.0
2024-03-01 12:50:00,ACB,3.20989990234375,3.20989990234375,3.2100000381469727,3.200000047683716,3.200000047683716,2132.0
2024-03-01 12:50:00,ACET,2.4049999713897705,2.4049999713897705,2.4049999713897705,2.4000000953674316,2.4049999713897705,808.0
2024-03-01 12:50:00,ACHC,84.63500213623047,84.63500213623047,84.63500213623047,84.63500213623047,84.63500213623047,326.0
2024-03-01 12:50:00,ACHL,1.350000023841858,1.350000023841858,1.350000023841858,1.350000023841858,1.350000023841858,3467.0
2024-03-01 12:50:00,ACIU,3.949899911880493,3.949899911880493,3.949899911880493,3.949899911880493,3.949899911880493,1103.0
2024-03-01 12:50:00,ACLX,67.11499786376953,67.11499786376953,67.16999816894531,67.0250015258789,67.04499816894531,5314.0
2024-03-01 12:50:00,ACON,0.403999000787735,0.403999000787735,0.403999000787735,0.403999000787735,0.403999000787735,487.0
2024-03-01 12:50:00,ACRS,1.2400000095367432,1.2400000095367432,1.2400000095367432,1.2300000190734863,1.2400000095367432,620.0
2024-03-01 12:50:00,ACXP,2.950000047683716,2.950000047683716,2.950000047683716,2.950000047683716,2.950000047683716,110.0
2024-03-01 12:50:00,ADAG,3.170099973678589,3.170099973678589,3.170099973678589,3.170099973678589,3.170099973678589,2466.0
2024-03-01 12:50:00,ADAP,1.6100000143051147,1.6100000143051147,1.6100000143051147,1.6100000143051147,1.6100000143051147,5393.0
2024-03-01 12:50:00,ADIL,3.0799999237060547,3.0799999237060547,3.0799999237060547,3.059999942779541,3.069999933242798,8748.0
2024-03-01 12:50:00,ADMA,5.465000152587891,5.465000152587891,5.46999979019165,5.460000038146973,5.46999979019165,1671.0
2024-03-01 12:50:00,ADUS,93.79000091552734,93.79000091552734,93.80000305175781,93.75,93.75,2317.0
2024-03-01 12:50:00,ADVM,1.9700000286102295,1.9700000286102295,1.975000023841858,1.9700000286102295,1.975000023841858,776.0
2024-03-01 12:50:00,AFMD,0.6399999856948853,0.6399999856948853,0.6399999856948853,0.6399999856948853,0.6399999856948853,100.0
2024-03-01 12:50:00,AGEN,0.6738499999046326,0.6738499999046326,0.6739000082015991,0.673799991607666,0.6738499999046326,20369.0
2024-03-01 12:50:00,AGIO,32.92499923706055,32.92499923706055,32.93000030517578,32.91999816894531,32.93000030517578,996.0
2024-03-01 12:50:00,AHCO,10.5649995803833,10.5649995803833,10.609999656677246,10.5600004196167,10.609999656677246,3472.0
2024-03-01 12:50:00,AKBA,1.6892000436782837,1.6892000436782837,1.6950000524520874,1.684999942779541,1.6950000524520874,25370.0
2024-03-01 12:50:00,AKRO,30.010000228881836,30.010000228881836,30.06999969482422,30.010000228881836,30.06999969482422,1562.0
2024-03-01 12:50:00,ALEC,7.369999885559082,7.369999885559082,7.380000114440918,7.369999885559082,7.369999885559082,532.0
2024-03-01 12:50:00,ALHC,5.739999771118164,5.739999771118164,5.75,5.730000019073486,5.730000019073486,503.0
2024-03-01 12:50:00,ALKS,30.139999389648438,30.139999389648438,30.139999389648438,30.1299991607666,30.1299991607666,1555.0
2024-03-01 12:50:00,ALLK,1.604599952697754,1.604599952697754,1.6050000190734863,1.5950000286102295,1.5950000286102295,10554.0
2024-03-01 12:50:00,ALLO,5.065000057220459,5.065000057220459,5.065000057220459,5.065000057220459,5.065000057220459,407.0
2024-03-01 12:50:00,ALLR,0.4108999967575073,0.4108999967575073,0.4108999967575073,0.4108999967575073,0.4108999967575073,210.0
2024-03-01 12:50:00,ALNY,154.8300018310547,154.8300018310547,154.8300018310547,154.8300018310547,154.8300018310547,280.0
2024-03-01 12:50:00,ALPN,35.89500045776367,35.89500045776367,35.89500045776367,35.89500045776367,35.89500045776367,426.0
2024-03-01 12:50:00,ALT,12.104999542236328,12.104999542236328,12.104999542236328,12.0649995803833,12.100000381469727,15596.0
2024-03-01 12:50:00,ALVO,15.720000267028809,15.720000267028809,15.720000267028809,15.710000038146973,15.710000038146973,519.0
2024-03-01 12:50:00,ALVR,0.7551000118255615,0.7551000118255615,0.7551000118255615,0.7549499869346619,0.7549499869346619,1638.0
2024-03-01 12:50:00,AMGN,281.6600036621094,281.6600036621094,281.70001220703125,281.6400146484375,281.6700134277344,4162.0
2024-03-01 12:50:00,AMLX,18.809999465942383,18.809999465942383,18.809999465942383,18.809999465942383,18.809999465942383,1166.0
2024-03-01 12:50:00,AMPH,45.33000183105469,45.33000183105469,45.33000183105469,45.31999969482422,45.31999969482422,1002.0
2024-03-01 12:50:00,AMRN,1.0499999523162842,1.0499999523162842,1.059999942779541,1.0499999523162842,1.0499999523162842,5110.0
2024-03-01 12:50:00,ANIP,66.68000030517578,66.68000030517578,66.68000030517578,66.625,66.625,395.0
2024-03-01 12:50:00,ANNX,5.989999771118164,5.989999771118164,5.989999771118164,5.989999771118164,5.989999771118164,1425.0
2024-03-01 12:50:00,APLS,65.01499938964844,65.01499938964844,65.01499938964844,64.98500061035156,65.0094985961914,2028.0
2024-03-01 12:50:00,APLT,7.099999904632568,7.099999904632568,7.099999904632568,7.090000152587891,7.090000152587891,3347.0
2024-03-01 12:50:00,APM,1.6052000522613525,1.6052000522613525,1.6052000522613525,1.6052000522613525,1.6052000522613525,407.0
2024-03-01 12:50:00,AQST,4.230000019073486,4.230000019073486,4.230000019073486,4.21999979019165,4.21999979019165,3299.0
2024-03-01 12:50:00,ARAY,2.640000104904175,2.640000104904175,2.640000104904175,2.640000104904175,2.640000104904175,202.0
2024-03-01 12:50:00,ARDX,9.614999771118164,9.614999771118164,9.614999771118164,9.59000015258789,9.600000381469727,9727.0
2024-03-01 12:50:00,ARQT,11.819899559020996,11.819899559020996,11.829899787902832,11.819899559020996,11.829899787902832,6938.0
2024-03-01 12:50:00,ARVN,49.292999267578125,49.292999267578125,49.292999267578125,49.15999984741211,49.15999984741211,3802.0
2024-03-01 12:50:00,ARWR,36.099998474121094,36.099998474121094,36.099998474121094,36.04999923706055,36.09669876098633,3218.0
2024-03-01 12:50:00,ASLN,0.7541000247001648,0.7541000247001648,0.7541000247001648,0.7512000203132629,0.7512000203132629,1718.0
2024-03-01 12:50:00,ASRT,0.9249500036239624,0.9249500036239624,0.9249500036239624,0.9225999712944031,0.9233999848365784,347.0
2024-03-01 12:50:00,ATAI,2.119999885559082,2.119999885559082,2.130000114440918,2.119999885559082,2.130000114440918,21294.0
2024-03-01 12:50:00,ATEC,13.585000038146973,13.585000038146973,13.585000038146973,13.579999923706055,13.579999923706055,1857.0
2024-03-01 12:50:00,ATOS,1.0199999809265137,1.0199999809265137,1.0199999809265137,1.0199999809265137,1.0199999809265137,150.0
2024-03-01 12:50:00,ATRA,0.7900000214576721,0.7900000214576721,0.7901999950408936,0.7875999808311462,0.789900004863739,19259.0
2024-03-01 12:50:00,ATRC,36.11000061035156,36.11000061035156,36.11000061035156,36.04499816894531,36.08000183105469,3103.0
2024-03-01 12:50:00,ATXS,14.979999542236328,14.979999542236328,15.020000457763672,14.979999542236328,15.020000457763672,2823.0
2024-03-01 12:50:00,AUPH,5.864999771118164,5.864999771118164,5.864999771118164,5.864999771118164,5.864999771118164,618.0
2024-03-01 12:50:00,AURA,9.404999732971191,9.404999732971191,9.404999732971191,9.404999732971191,9.404999732971191,100.0
2024-03-01 12:50:00,AUTL,6.385000228881836,6.385000228881836,6.389999866485596,6.385000228881836,6.389999866485596,300.0
2024-03-01 12:50:00,AVDL,13.0,13.0,13.0,12.989999771118164,12.989999771118164,4667.0
2024-03-01 12:50:00,AVIR,4.545000076293945,4.545000076293945,4.545000076293945,4.539999961853027,4.539999961853027,513.0
2024-03-01 12:50:00,AVRO,1.350000023841858,1.350000023841858,1.350000023841858,1.350000023841858,1.350000023841858,101.0
2024-03-01 12:50:00,AVTE,23.809999465942383,23.809999465942383,23.809999465942383,23.809999465942383,23.809999465942383,1056.0
2024-03-01 12:50:00,AVTX,4.539999961853027,4.539999961853027,4.539999961853027,4.539999961853027,4.539999961853027,232.0
2024-03-01 12:50:00,AXNX,67.38999938964844,67.38999938964844,67.41999816894531,67.38999938964844,67.41999816894531,674.0
2024-03-01 12:50:00,AXSM,82.6050033569336,82.6050033569336,82.6050033569336,82.6050033569336,82.6050033569336,100.0
2024-03-01 12:50:00,AZN,64.69499969482422,64.69499969482422,64.69999694824219,64.69000244140625,64.69999694824219,3694.0
2024-03-01 12:50:00,AZTA,66.91000366210938,66.91000366210938,66.91999816894531,66.91000366210938,66.91999816894531,574.0
2024-03-01 12:50:00,BBIO,36.09000015258789,36.09000015258789,36.125,36.09000015258789,36.09000015258789,2145.0
2024-03-01 12:50:00,BBLG,2.5999999046325684,2.5999999046325684,2.5999999046325684,2.569999933242798,2.569999933242798,1806.0
2024-03-01 12:50:00,BCLI,0.3580000102519989,0.3580000102519989,0.3580000102519989,0.3580000102519989,0.3580000102519989,135.0
2024-03-01 12:50:00,BCRX,5.789999961853027,5.789999961853027,5.789999961853027,5.7846999168396,5.789999961853027,520.0
2024-03-01 12:50:00,BDSX,1.600000023841858,1.600000023841858,1.600000023841858,1.600000023841858,1.600000023841858,100.0
2024-03-01 12:50:00,BDTX,4.989999771118164,4.989999771118164,5.0,4.980000019073486,5.0,3078.0
2024-03-01 12:50:00,BGNE,166.93499755859375,166.93499755859375,166.93499755859375,166.93499755859375,166.93499755859375,160.0
2024-03-01 12:50:00,BGXX,0.2727000117301941,0.2727000117301941,0.2727000117301941,0.2727000117301941,0.2727000117301941,209.0
2024-03-01 12:50:00,BIOL,0.13849900662899017,0.13849900662899017,0.13849900662899017,0.13729999959468842,0.13729999959468842,395.0
2024-03-01 12:50:00,BIOR,1.184999942779541,1.184999942779541,1.184999942779541,1.184999942779541,1.184999942779541,250.0
2024-03-01 12:50:00,BIVI,1.8799999952316284,1.8799999952316284,1.899999976158142,1.8799999952316284,1.8838000297546387,35911.0
2024-03-01 12:50:00,BLFS,18.350000381469727,18.350000381469727,18.350000381469727,18.290000915527344,18.290000915527344,736.0
2024-03-01 12:50:00,BLUE,1.600000023841858,1.600000023841858,1.600000023841858,1.5957000255584717,1.600000023841858,34194.0
2024-03-01 12:50:00,BMEA,18.174999237060547,18.174999237060547,18.174999237060547,18.153499603271484,18.153499603271484,2103.0
2024-03-01 12:50:00,BMRN,87.30000305175781,87.30000305175781,87.30999755859375,87.30000305175781,87.30999755859375,1550.0
2024-03-01 12:50:00,BNGO,1.25,1.25,1.25,1.25,1.25,16115.0
2024-03-01 12:50:00,BNR,0.8399500250816345,0.8399500250816345,0.8399500250816345,0.8399500250816345,0.8399500250816345,100.0
2024-03-01 12:50:00,BPTS,0.4699999988079071,0.4699999988079071,0.4699999988079071,0.4699999988079071,0.4699999988079071,225.0
2024-03-01 12:50:00,BRKR,88.38999938964844,88.38999938964844,88.38999938964844,88.33999633789062,88.33999633789062,490.0
2024-03-01 12:50:00,BSGM,0.6434999704360962,0.6434999704360962,0.6434999704360962,0.6434999704360962,0.6434999704360962,100.0
2024-03-01 12:50:00,BTTX,0.1777999997138977,0.1777999997138977,0.1777999997138977,0.1776999980211258,0.1776999980211258,13511.0
2024-03-01 12:50:00,BWAY,6.53000020980835,6.53000020980835,6.53000020980835,6.53000020980835,6.53000020980835,180.0
2024-03-01 12:50:00,CARA,0.9228000044822693,0.9228000044822693,0.9228000044822693,0.9228000044822693,0.9228000044822693,1734.0
2024-03-01 12:50:00,CBAY,32.2400016784668,32.2400016784668,32.2400016784668,32.23500061035156,32.23500061035156,2280.0
2024-03-01 12:50:00,CCCC,10.979999542236328,10.979999542236328,10.984999656677246,10.979999542236328,10.984999656677246,674.0
2024-03-01 12:50:00,CCRN,18.225000381469727,18.225000381469727,18.225000381469727,18.209999084472656,18.209999084472656,736.0
2024-03-01 12:50:00,CDMO,8.100000381469727,8.100000381469727,8.100000381469727,8.100000381469727,8.100000381469727,244.0
2024-03-01 12:50:00,CDNA,12.354999542236328,12.354999542236328,12.390000343322754,12.350000381469727,12.380000114440918,5434.0
2024-03-01 12:50:00,CDTX,0.7174999713897705,0.7174999713897705,0.7174999713897705,0.7174999713897705,0.7174999713897705,200.0
2024-03-01 12:50:00,CELC,16.209999084472656,16.209999084472656,16.38990020751953,16.209999084472656,16.38990020751953,2989.0
2024-03-01 12:50:00,CELU,3.5299999713897705,3.5299999713897705,3.5299999713897705,3.5299999713897705,3.5299999713897705,289.0
2024-03-01 12:50:00,CERE,41.099998474121094,41.099998474121094,41.10499954223633,41.099998474121094,41.099998474121094,601.0
2024-03-01 12:50:00,CERS,2.2249999046325684,2.2249999046325684,2.2249999046325684,2.2249999046325684,2.2249999046325684,100.0
2024-03-01 12:50:00,CERT,17.829999923706055,17.829999923706055,17.829999923706055,17.790000915527344,17.790000915527344,2330.0
2024-03-01 12:50:00,CGC,3.265000104904175,3.265000104904175,3.265000104904175,3.255000114440918,3.259999990463257,1808.0
2024-03-01 12:50:00,CGEM,19.030000686645508,19.030000686645508,19.030000686645508,19.030000686645508,19.030000686645508,100.0
2024-03-01 12:50:00,CGEN,2.680000066757202,2.680000066757202,2.680000066757202,2.680000066757202,2.680000066757202,118.0
2024-03-01 12:50:00,CHRS,2.4000000953674316,2.4000000953674316,2.4000000953674316,2.391400098800659,2.391400098800659,22705.0
2024-03-01 12:50:00,CING,1.3798999786376953,1.3798999786376953,1.3798999786376953,1.3798999786376953,1.3798999786376953,715.0
2024-03-01 12:50:00,CLDX,50.470001220703125,50.470001220703125,50.470001220703125,50.41999816894531,50.46500015258789,2310.0
2024-03-01 12:50:00,CLNN,0.38260000944137573,0.38260000944137573,0.38260000944137573,0.38260000944137573,0.38260000944137573,950.0
2024-03-01 12:50:00,CLOV,0.8603000044822693,0.8603000044822693,0.8604999780654907,0.8601999878883362,0.8601999878883362,50189.0
2024-03-01 12:50:00,CLPT,6.710000038146973,6.710000038146973,6.710000038146973,6.695000171661377,6.695000171661377,1810.0
2024-03-01 12:50:00,CLRB,4.130000114440918,4.130000114440918,4.135000228881836,4.130000114440918,4.135000228881836,200.0
2024-03-01 12:50:00,CLSD,1.3899999856948853,1.3899999856948853,1.3899999856948853,1.3899999856948853,1.3899999856948853,985.0
2024-03-01 12:50:00,CMMB,0.6499999761581421,0.6499999761581421,0.6499999761581421,0.6499999761581421,0.6499999761581421,1616.0
2024-03-01 12:50:00,CMPS,11.449999809265137,11.449999809265137,11.449999809265137,11.4399995803833,11.4399995803833,623.0
2024-03-01 12:50:00,CMRX,1.1549999713897705,1.1549999713897705,1.1549999713897705,1.1549999713897705,1.1549999713897705,100.0
2024-03-01 12:50:00,COGT,7.215000152587891,7.215000152587891,7.21999979019165,7.215000152587891,7.217599868774414,1198.0
2024-03-01 12:50:00,CORT,24.270000457763672,24.270000457763672,24.299999237060547,24.270000457763672,24.28499984741211,3183.0
2024-03-01 12:50:00,CPRX,17.059999465942383,17.059999465942383,17.079999923706055,17.059999465942383,17.079999923706055,3092.0
2024-03-01 12:50:00,CPSI,9.4399995803833,9.4399995803833,9.4399995803833,9.430000305175781,9.430000305175781,1219.0
2024-03-01 12:50:00,CRBU,7.989999771118164,7.989999771118164,7.989999771118164,7.985000133514404,7.985000133514404,753.0
2024-03-01 12:50:00,CRDF,2.3912999629974365,2.3912999629974365,2.4000000953674316,2.3903000354766846,2.3987998962402344,10756.0
2024-03-01 12:50:00,CRDL,1.9200999736785889,1.9200999736785889,1.9200999736785889,1.9200999736785889,1.9200999736785889,257.0
2024-03-01 12:50:00,CRMD,3.7100000381469727,3.7100000381469727,3.7100000381469727,3.7100000381469727,3.7100000381469727,101.0
2024-03-01 12:50:00,CRNX,46.58000183105469,46.58000183105469,46.68000030517578,46.54499816894531,46.68000030517578,4136.0
2024-03-01 12:50:00,CRSP,86.01840209960938,86.01840209960938,86.01840209960938,86.01840209960938,86.01840209960938,386.0
2024-03-01 12:50:00,CRVS,2.259999990463257,2.259999990463257,2.265000104904175,2.259999990463257,2.265000104904175,975.0
2024-03-01 12:50:00,CSTL,20.59000015258789,20.59000015258789,20.59000015258789,20.59000015258789,20.59000015258789,360.0
2024-03-01 12:50:00,CTKB,8.78499984741211,8.78499984741211,8.789999961853027,8.78499984741211,8.789999961853027,618.0
2024-03-01 12:50:00,CTMX,2.7300000190734863,2.7300000190734863,2.7300000190734863,2.7297000885009766,2.7300000190734863,1571.0
2024-03-01 12:50:00,CUE,2.2149999141693115,2.2149999141693115,2.2149999141693115,2.2149999141693115,2.2149999141693115,309.0
2024-03-01 12:50:00,CUTR,2.440000057220459,2.440000057220459,2.450000047683716,2.440000057220459,2.450000047683716,5352.0
2024-03-01 12:50:00,CVRX,20.760000228881836,20.760000228881836,20.760000228881836,20.760000228881836,20.760000228881836,117.0
2024-03-01 12:50:00,CYTK,73.25,73.25,73.2750015258789,73.25,73.2699966430664,638.0
2024-03-01 12:50:00,CYTO,2.380000114440918,2.380000114440918,2.380000114440918,2.380000114440918,2.380000114440918,426.0
2024-03-01 12:50:00,DARE,0.5521000027656555,0.5521000027656555,0.5521000027656555,0.5519999861717224,0.5519999861717224,1923.0
2024-03-01 12:50:00,DAWN,17.5,17.5,17.5,17.5,17.5,722.0
2024-03-01 12:50:00,DCGO,4.144999980926514,4.144999980926514,4.144999980926514,4.139999866485596,4.139999866485596,5157.0
2024-03-01 12:50:00,DCPH,17.510000228881836,17.510000228881836,17.510000228881836,17.510000228881836,17.510000228881836,766.0
2024-03-01 12:50:00,DH,8.760000228881836,8.760000228881836,8.779999732971191,8.760000228881836,8.779999732971191,3001.0
2024-03-01 12:50:00,DNLI,20.8700008392334,20.8700008392334,20.885000228881836,20.8700008392334,20.885000228881836,1033.0
2024-03-01 12:50:00,DRRX,1.0049999952316284,1.0049999952316284,1.0049999952316284,1.0049999952316284,1.0049999952316284,1100.0
2024-03-01 12:50:00,DSGN,2.9000000953674316,2.9000000953674316,2.9000000953674316,2.9000000953674316,2.9000000953674316,475.0
2024-03-01 12:50:00,DTIL,12.300000190734863,12.300000190734863,12.3100004196167,12.300000190734863,12.3100004196167,648.0
2024-03-01 12:50:00,DVAX,12.890000343322754,12.890000343322754,12.890000343322754,12.885000228881836,12.885000228881836,600.0
2024-03-01 12:50:00,DXCM,121.4800033569336,121.4800033569336,121.51000213623047,121.43000030517578,121.51000213623047,9437.0
2024-03-01 12:50:00,DYN,28.764999389648438,28.764999389648438,28.850000381469727,28.764999389648438,28.850000381469727,713.0
2024-03-01 12:50:00,EDIT,10.880000114440918,10.880000114440918,10.880000114440918,10.859999656677246,10.869999885559082,3389.0
2024-03-01 12:50:00,EFTR,15.470000267028809,15.470000267028809,15.470000267028809,15.399999618530273,15.399999618530273,1122.0
2024-03-01 12:50:00,ELDN,1.8300000429153442,1.8300000429153442,1.8300000429153442,1.8300000429153442,1.8300000429153442,2000.0
2024-03-01 12:50:00,ELEV,5.0,5.0,5.010000228881836,4.980000019073486,4.980000019073486,15611.0
2024-03-01 12:50:00,EMBC,14.449999809265137,14.449999809265137,14.449999809265137,14.449999809265137,14.449999809265137,205.0
2024-03-01 12:50:00,ENSC,0.9399999976158142,0.9399999976158142,0.9399999976158142,0.9399999976158142,0.9399999976158142,287.0
2024-03-01 12:50:00,ENSG,123.27999877929688,123.27999877929688,123.31999969482422,123.27999877929688,123.31999969482422,316.0
2024-03-01 12:50:00,ENTA,15.385000228881836,15.385000228881836,15.430000305175781,15.385000228881836,15.390000343322754,693.0
2024-03-01 12:50:00,ENVB,1.5300999879837036,1.5300999879837036,1.559999942779541,1.5300999879837036,1.559999942779541,39431.0
2024-03-01 12:50:00,EOLS,14.75,14.75,14.75,14.739999771118164,14.739999771118164,896.0
2024-03-01 12:50:00,ERAS,2.5350000858306885,2.5350000858306885,2.5350000858306885,2.5350000858306885,2.5350000858306885,100.0
2024-03-01 12:50:00,ESPR,2.5199999809265137,2.5199999809265137,2.5199999809265137,2.5199999809265137,2.5199999809265137,1676.0
2024-03-01 12:50:00,ESTA,45.84000015258789,45.84000015258789,45.84000015258789,45.834999084472656,45.834999084472656,553.0
2024-03-01 12:50:00,ETNB,13.180000305175781,13.180000305175781,13.1899995803833,13.180000305175781,13.180000305175781,4098.0
2024-03-01 12:50:00,EVAX,3.5299999713897705,3.5299999713897705,3.5299999713897705,3.5299999713897705,3.5299999713897705,100.0
2024-03-01 12:50:00,EXAI,6.815000057220459,6.815000057220459,6.815000057220459,6.809999942779541,6.809999942779541,440.0
2024-03-01 12:50:00,EXAS,60.400001525878906,60.400001525878906,60.400001525878906,60.35499954223633,60.36000061035156,1072.0
2024-03-01 12:50:00,EXEL,22.5,22.5,22.5049991607666,22.48979949951172,22.48979949951172,6598.0
2024-03-01 12:50:00,EYEN,2.4453001022338867,2.4453001022338867,2.4488000869750977,2.430000066757202,2.430000066757202,8813.0
2024-03-01 12:50:00,EYPT,28.059999465942383,28.059999465942383,28.06999969482422,28.049999237060547,28.06999969482422,1964.0
2024-03-01 12:50:00,FATE,7.619999885559082,7.619999885559082,7.630000114440918,7.619999885559082,7.630000114440918,679.0
2024-03-01 12:50:00,FDMT,29.399999618530273,29.399999618530273,29.440000534057617,29.3700008392334,29.440000534057617,2640.0
2024-03-01 12:50:00,FENC,9.8149995803833,9.8149995803833,9.8149995803833,9.8149995803833,9.8149995803833,523.0
2024-03-01 12:50:00,FGEN,1.875,1.875,1.8799999952316284,1.8600000143051147,1.8799999952316284,14017.0
2024-03-01 12:50:00,FHTX,7.929999828338623,7.929999828338623,7.929999828338623,7.929999828338623,7.929999828338623,261.0
2024-03-01 12:50:00,FOLD,13.354999542236328,13.354999542236328,13.354999542236328,13.354999542236328,13.354999542236328,1508.0
2024-03-01 12:50:00,FULC,10.899999618530273,10.899999618530273,10.899999618530273,10.899999618530273,10.899999618530273,300.0
2024-03-01 12:50:00,FUSN,12.300000190734863,12.300000190734863,12.300000190734863,12.289999961853027,12.300000190734863,480.0
2024-03-01 12:50:00,GALT,1.951300024986267,1.951300024986267,1.951300024986267,1.951300024986267,1.951300024986267,1906.0
2024-03-01 12:50:00,GDRX,8.270000457763672,8.270000457763672,8.289999961853027,8.270000457763672,8.270099639892578,14331.0
2024-03-01 12:50:00,GERN,2.2149999141693115,2.2149999141693115,2.2149999141693115,2.2093000411987305,2.2100000381469727,45696.0
2024-03-01 12:50:00,GH,19.200000762939453,19.200000762939453,19.204999923706055,19.19499969482422,19.204999923706055,11940.0
2024-03-01 12:50:00,GHRS,8.720499992370605,8.720499992370605,8.720499992370605,8.720499992370605,8.720499992370605,483.0
2024-03-01 12:50:00,GHSI,8.319999694824219,8.319999694824219,8.319999694824219,8.319999694824219,8.319999694824219,308.0
2024-03-01 12:50:00,GILD,72.3499984741211,72.3499984741211,72.36000061035156,72.3499984741211,72.3550033569336,2431.0
2024-03-01 12:50:00,GLUE,6.489999771118164,6.489999771118164,6.489999771118164,6.46999979019165,6.46999979019165,810.0
2024-03-01 12:50:00,GOSS,1.4049999713897705,1.4049999713897705,1.409999966621399,1.399999976158142,1.409999966621399,6596.0
2024-03-01 12:50:00,GRFS,7.074999809265137,7.074999809265137,7.079999923706055,7.070099830627441,7.079899787902832,11346.0
2024-03-01 12:50:00,GRPH,3.494999885559082,3.494999885559082,3.494999885559082,3.494999885559082,3.494999885559082,100.0
2024-03-01 12:50:00,GRTX,0.23430000245571136,0.23430000245571136,0.23430000245571136,0.23430000245571136,0.23430000245571136,100.0
2024-03-01 12:50:00,GTHX,3.7249999046325684,3.7249999046325684,3.7300000190734863,3.7200000286102295,3.7239999771118164,4805.0
2024-03-01 12:50:00,HALO,41.61000061035156,41.61000061035156,41.6349983215332,41.61000061035156,41.630001068115234,1451.0
2024-03-01 12:50:00,HCAT,8.010000228881836,8.010000228881836,8.029999732971191,8.010000228881836,8.029999732971191,2806.0
2024-03-01 12:50:00,HLVX,19.0,19.0,19.0,18.97599983215332,19.0,17910.0
2024-03-01 12:50:00,HOLX,73.91999816894531,73.91999816894531,73.91999816894531,73.90499877929688,73.90499877929688,1080.0
2024-03-01 12:50:00,HQY,81.70999908447266,81.70999908447266,81.70999908447266,81.68000030517578,81.70999908447266,1104.0
2024-03-01 12:50:00,HRTX,2.619999885559082,2.619999885559082,2.619999885559082,2.619999885559082,2.619999885559082,230.0
2024-03-01 12:50:00,HSDT,4.889999866485596,4.889999866485596,4.889999866485596,4.889999866485596,4.889999866485596,564.0
2024-03-01 12:50:00,HSIC,76.94000244140625,76.94000244140625,76.95999908447266,76.93000030517578,76.95999908447266,2058.0
2024-03-01 12:50:00,HSTM,27.450000762939453,27.450000762939453,27.450000762939453,27.450000762939453,27.450000762939453,393.0
2024-03-01 12:50:00,HUMA,3.463099956512451,3.463099956512451,3.4649999141693115,3.4600000381469727,3.4649999141693115,2120.0
2024-03-01 12:50:00,HYPR,1.1100000143051147,1.1100000143051147,1.1100000143051147,1.1100000143051147,1.1100000143051147,100.0
2024-03-01 12:50:00,IART,36.650001525878906,36.650001525878906,36.65999984741211,36.650001525878906,36.65999984741211,1882.0
2024-03-01 12:50:00,IBRX,4.820000171661377,4.820000171661377,4.824999809265137,4.820000171661377,4.824999809265137,861.0
2024-03-01 12:50:00,ICCM,1.2799999713897705,1.2799999713897705,1.2799999713897705,1.2798999547958374,1.2798999547958374,201.0
2024-03-01 12:50:00,ICLR,322.989990234375,322.989990234375,322.989990234375,322.9800109863281,322.9800109863281,926.0
2024-03-01 12:50:00,ICUI,104.91000366210938,104.91000366210938,104.95999908447266,104.91000366210938,104.95999908447266,457.0
2024-03-01 12:50:00,IDXX,581.7999877929688,581.7999877929688,581.7999877929688,581.7999877929688,581.7999877929688,195.0
2024-03-01 12:50:00,IDYA,46.58000183105469,46.58000183105469,46.584999084472656,46.45000076293945,46.4900016784668,26803.0
2024-03-01 12:50:00,IGMS,13.414999961853027,13.414999961853027,13.414999961853027,13.414999961853027,13.414999961853027,101.0
2024-03-01 12:50:00,IINN,1.6698999404907227,1.6698999404907227,1.6699999570846558,1.6698999404907227,1.6699999570846558,4842.0
2024-03-01 12:50:00,IKNA,1.5,1.5,1.5099999904632568,1.5,1.5049999952316284,6654.0
2024-03-01 12:50:00,ILMN,142.08999633789062,142.08999633789062,142.14889526367188,142.08999633789062,142.14889526367188,1024.0
2024-03-01 12:50:00,IMAB,1.8350000381469727,1.8350000381469727,1.840000033378601,1.8300000429153442,1.840000033378601,3970.0
2024-03-01 12:50:00,IMCC,0.3294999897480011,0.3294999897480011,0.3294999897480011,0.3294999897480011,0.3294999897480011,221.0
2024-03-01 12:50:00,IMMX,3.5399999618530273,3.5399999618530273,3.5399999618530273,3.5399999618530273,3.5399999618530273,100.0
2024-03-01 12:50:00,IMNM,26.25,26.25,26.25,26.229999542236328,26.229999542236328,902.0
2024-03-01 12:50:00,IMRX,6.199999809265137,6.199999809265137,6.199999809265137,6.199999809265137,6.199999809265137,223.0
2024-03-01 12:50:00,IMTX,13.0,13.0,13.0,13.0,13.0,104.0
2024-03-01 12:50:00,IMVT,36.43000030517578,36.43000030517578,36.459999084472656,36.41999816894531,36.459999084472656,1159.0
2024-03-01 12:50:00,INAB,1.0901000499725342,1.0901000499725342,1.0901000499725342,1.0901000499725342,1.0901000499725342,290.0
2024-03-01 12:50:00,INCY,59.34000015258789,59.34000015258789,59.369998931884766,59.34000015258789,59.3650016784668,1968.0
2024-03-01 12:50:00,INDP,2.065000057220459,2.065000057220459,2.065000057220459,2.065000057220459,2.065000057220459,328.0
2024-03-01 12:50:00,INGN,6.820000171661377,6.820000171661377,6.829999923706055,6.820000171661377,6.829999923706055,3954.0
2024-03-01 12:50:00,INKT,0.9399999976158142,0.9399999976158142,0.9399999976158142,0.9399999976158142,0.9399999976158142,1165.0
2024-03-01 12:50:00,INMD,22.875,22.875,22.889999389648438,22.860000610351562,22.8700008392334,3964.0
2024-03-01 12:50:00,INO,9.444999694824219,9.444999694824219,9.489899635314941,9.444999694824219,9.479999542236328,3109.0
2024-03-01 12:50:00,INSM,28.6200008392334,28.6200008392334,28.6299991607666,28.6200008392334,28.6200008392334,1409.0
2024-03-01 12:50:00,INVA,15.649999618530273,15.649999618530273,15.649999618530273,15.595000267028809,15.600000381469727,7035.0
2024-03-01 12:50:00,INZY,6.690000057220459,6.690000057220459,6.690000057220459,6.690000057220459,6.690000057220459,447.0
2024-03-01 12:50:00,IOBT,1.8300000429153442,1.8300000429153442,1.8300000429153442,1.8300000429153442,1.8300000429153442,866.0
2024-03-01 12:50:00,IONS,45.94499969482422,45.94499969482422,45.94499969482422,45.88999938964844,45.91999816894531,1818.0
2024-03-01 12:50:00,IOVA,16.81999969482422,16.81999969482422,16.84000015258789,16.809999465942383,16.84000015258789,21766.0
2024-03-01 12:50:00,IPA,1.878600001335144,1.878600001335144,1.878600001335144,1.878600001335144,1.878600001335144,3020.0
2024-03-01 12:50:00,IRMD,41.97999954223633,41.97999954223633,41.97999954223633,41.97999954223633,41.97999954223633,100.0
2024-03-01 12:50:00,IRTC,121.38999938964844,121.38999938964844,121.38999938964844,121.2699966430664,121.2699966430664,1162.0
2024-03-01 12:50:00,IRWD,9.095000267028809,9.095000267028809,9.109999656677246,9.095000267028809,9.100000381469727,15767.0
2024-03-01 12:50:00,ISRG,394.7950134277344,394.7950134277344,394.8900146484375,394.69000244140625,394.69000244140625,1644.0
2024-03-01 12:50:00,ITCI,71.66000366210938,71.66000366210938,71.66000366210938,71.66000366210938,71.66000366210938,238.0
2024-03-01 12:50:00,ITRM,1.25,1.25,1.25,1.25,1.25,1349.0
2024-03-01 12:50:00,IVVD,4.025000095367432,4.025000095367432,4.03000020980835,4.025000095367432,4.03000020980835,422.0
2024-03-01 12:50:00,JAGX,0.07360000163316727,0.07360000163316727,0.07500000298023224,0.07360000163316727,0.07500000298023224,255603.0
2024-03-01 12:50:00,JANX,46.540000915527344,46.540000915527344,46.66999816894531,46.540000915527344,46.66999816894531,988.0
2024-03-01 12:50:00,JAZZ,119.6500015258789,119.6500015258789,119.6500015258789,119.41999816894531,119.41999816894531,3923.0
2024-03-01 12:50:00,KALV,13.989999771118164,13.989999771118164,13.989999771118164,13.989999771118164,13.989999771118164,550.0
2024-03-01 12:50:00,KOD,6.119999885559082,6.119999885559082,6.119999885559082,6.119999885559082,6.119999885559082,681.0
2024-03-01 12:50:00,KPTI,1.2199000120162964,1.2199000120162964,1.2199000120162964,1.2199000120162964,1.2199000120162964,1010.0
2024-03-01 12:50:00,KROS,70.16000366210938,70.16000366210938,70.16000366210938,70.16000366210938,70.16000366210938,219.0
2024-03-01 12:50:00,KRTX,316.8999938964844,316.8999938964844,316.8999938964844,316.8999938964844,316.8999938964844,382.0
2024-03-01 12:50:00,KTRA,0.09769999980926514,0.09769999980926514,0.09889999777078629,0.09669999778270721,0.09669999778270721,2897.0
2024-03-01 12:50:00,KYMR,44.1150016784668,44.1150016784668,44.1150016784668,44.1150016784668,44.1150016784668,200.0
2024-03-01 12:50:00,KZIA,0.2409999966621399,0.2409999966621399,0.2409999966621399,0.2409999966621399,0.2409999966621399,160.0
2024-03-01 12:50:00,KZR,1.0750000476837158,1.0750000476837158,1.0800000429153442,1.0750000476837158,1.0800000429153442,241.0
2024-03-01 12:50:00,LAB,2.505000114440918,2.505000114440918,2.505000114440918,2.505000114440918,2.505000114440918,1757.0
2024-03-01 12:50:00,LEGN,66.05000305175781,66.05000305175781,66.05000305175781,66.05000305175781,66.05000305175781,347.0
2024-03-01 12:50:00,LEXX,2.8299999237060547,2.8299999237060547,2.8299999237060547,2.8299999237060547,2.8299999237060547,251.0
2024-03-01 12:50:00,LFMD,8.0,8.0,8.0,7.989999771118164,8.0,619.0
2024-03-01 12:50:00,LFST,7.800000190734863,7.800000190734863,7.800000190734863,7.800000190734863,7.800000190734863,3108.0
2024-03-01 12:50:00,LGND,78.33000183105469,78.33000183105469,78.45999908447266,78.33000183105469,78.45500183105469,1752.0
2024-03-01 12:50:00,LGVN,0.5360000133514404,0.5360000133514404,0.5360000133514404,0.5360000133514404,0.5360000133514404,102.0
2024-03-01 12:50:00,LIVN,55.743499755859375,55.743499755859375,55.743499755859375,55.743499755859375,55.743499755859375,118.0
2024-03-01 12:50:00,LMAT,67.16500091552734,67.16500091552734,67.22000122070312,67.16500091552734,67.22000122070312,1354.0
2024-03-01 12:50:00,LXRX,2.515000104904175,2.515000104904175,2.515000104904175,2.515000104904175,2.515000104904175,316.0
2024-03-01 12:50:00,LYEL,3.1600000858306885,3.1600000858306885,3.1600000858306885,3.1549999713897705,3.1549999713897705,745.0
2024-03-01 12:50:00,LYRA,5.610000133514404,5.610000133514404,5.630000114440918,5.599999904632568,5.610000133514404,4837.0
2024-03-01 12:50:00,MCRB,1.2000000476837158,1.2000000476837158,1.2000000476837158,1.2000000476837158,1.2000000476837158,100.0
2024-03-01 12:50:00,MDGL,250.0,250.0,250.0,250.0,250.0,416.0
2024-03-01 12:50:00,MDRX,6.199999809265137,6.199999809265137,6.199999809265137,6.039999961853027,6.039999961853027,10871.0
2024-03-01 12:50:00,MDXG,8.6899995803833,8.6899995803833,8.6899995803833,8.680000305175781,8.680000305175781,8127.0
2024-03-01 12:50:00,ME,0.5709999799728394,0.5709999799728394,0.5752000212669373,0.5709999799728394,0.5730000138282776,14758.0
2024-03-01 12:50:00,MEDP,401.2099914550781,401.2099914550781,401.2099914550781,401.2099914550781,401.2099914550781,272.0
2024-03-01 12:50:00,MGNX,18.989999771118164,18.989999771118164,19.020000457763672,18.979999542236328,19.020000457763672,6883.0
2024-03-01 12:50:00,MGTX,6.449999809265137,6.449999809265137,6.449999809265137,6.449999809265137,6.449999809265137,100.0
2024-03-01 12:50:00,MIRM,29.90999984741211,29.90999984741211,29.934999465942383,29.90999984741211,29.93000030517578,1170.0
2024-03-01 12:50:00,MLTX,51.709999084472656,51.709999084472656,51.86000061035156,51.709999084472656,51.86000061035156,1445.0
2024-03-01 12:50:00,MMSI,76.25,76.25,76.48500061035156,76.2300033569336,76.29499816894531,8305.0
2024-03-01 12:50:00,MNKD,4.539999961853027,4.539999961853027,4.539999961853027,4.539999961853027,4.539999961853027,513.0
2024-03-01 12:50:00,MNMD,6.169899940490723,6.169899940490723,6.169899940490723,6.161799907684326,6.164999961853027,509.0
2024-03-01 12:50:00,MNPR,0.8349499702453613,0.8349499702453613,0.8349499702453613,0.8349499702453613,0.8349499702453613,320.0
2024-03-01 12:50:00,MOR,17.579999923706055,17.579999923706055,17.579999923706055,17.579999923706055,17.579999923706055,472.0
2024-03-01 12:50:00,MORF,39.560001373291016,39.560001373291016,39.619998931884766,39.560001373291016,39.619998931884766,1844.0
2024-03-01 12:50:00,MREO,3.8661000728607178,3.8661000728607178,3.8661000728607178,3.865000009536743,3.865000009536743,655.0
2024-03-01 12:50:00,MRNA,96.7249984741211,96.7249984741211,96.77999877929688,96.68170166015625,96.77999877929688,3901.0
2024-03-01 12:50:00,MRNS,10.020099639892578,10.020099639892578,10.020099639892578,10.020099639892578,10.020099639892578,290.0
2024-03-01 12:50:00,MRSN,5.974999904632568,5.974999904632568,5.994999885559082,5.974999904632568,5.994999885559082,2908.0
2024-03-01 12:50:00,MRUS,51.93000030517578,51.93000030517578,51.97999954223633,51.93000030517578,51.97999954223633,1650.0
2024-03-01 12:50:00,MRVI,7.809999942779541,7.809999942779541,7.820000171661377,7.809999942779541,7.820000171661377,810.0
2024-03-01 12:50:00,MXCT,4.764999866485596,4.764999866485596,4.764999866485596,4.764999866485596,4.764999866485596,202.0
2024-03-01 12:50:00,NARI,45.400001525878906,45.400001525878906,45.435001373291016,45.400001525878906,45.435001373291016,1551.0
2024-03-01 12:50:00,NAUT,2.640000104904175,2.640000104904175,2.640000104904175,2.640000104904175,2.640000104904175,200.0
2024-03-01 12:50:00,NBIX,131.22000122070312,131.22000122070312,131.22000122070312,131.1300048828125,131.21499633789062,735.0
2024-03-01 12:50:00,NBSE,0.8949000239372253,0.8949000239372253,0.8949000239372253,0.8949000239372253,0.8949000239372253,550.0
2024-03-01 12:50:00,NEO,16.1200008392334,16.1200008392334,16.1299991607666,16.1200008392334,16.1299991607666,947.0
2024-03-01 12:50:00,NEOG,17.344999313354492,17.344999313354492,17.344999313354492,17.344999313354492,17.344999313354492,339.0
2024-03-01 12:50:00,NEPT,0.45989999175071716,0.45989999175071716,0.45989999175071716,0.4592519998550415,0.4592519998550415,1761.0
2024-03-01 12:50:00,NKTR,0.789900004863739,0.789900004863739,0.7900000214576721,0.789900004863739,0.7900000214576721,700.0
2024-03-01 12:50:00,NNOX,11.130000114440918,11.130000114440918,11.140000343322754,11.095000267028809,11.095000267028809,13042.0
2024-03-01 12:50:00,NOTV,8.089900016784668,8.089900016784668,8.089900016784668,8.089900016784668,8.089900016784668,386.0
2024-03-01 12:50:00,NRBO,5.929999828338623,5.929999828338623,5.929999828338623,5.929999828338623,5.929999828338623,229.0
2024-03-01 12:50:00,NRIX,13.625,13.625,13.670000076293945,13.609999656677246,13.670000076293945,6168.0
2024-03-01 12:50:00,NRSN,2.070499897003174,2.070499897003174,2.130000114440918,2.070499897003174,2.130000114440918,14420.0
2024-03-01 12:50:00,NRXP,0.4171000123023987,0.4171000123023987,0.4171000123023987,0.4171000123023987,0.4171000123023987,346.0
2024-03-01 12:50:00,NTLA,33.459999084472656,33.459999084472656,33.470001220703125,33.459999084472656,33.470001220703125,1148.0
2024-03-01 12:50:00,NTRA,89.11499786376953,89.11499786376953,89.19999694824219,89.02999877929688,89.18000030517578,12289.0
2024-03-01 12:50:00,NVAX,5.149899959564209,5.149899959564209,5.150000095367432,5.14139986038208,5.150000095367432,5335.0
2024-03-01 12:50:00,NVCR,16.059999465942383,16.059999465942383,16.059999465942383,16.059999465942383,16.059999465942383,344.0
2024-03-01 12:50:00,NVOS,0.6424000263214111,0.6424000263214111,0.6424000263214111,0.6424000263214111,0.6424000263214111,1200.0
2024-03-01 12:50:00,OCGN,0.9411010146141052,0.9411010146141052,0.9495000243186951,0.9411010146141052,0.9412000179290771,53503.0
2024-03-01 12:50:00,OCUL,10.789999961853027,10.789999961853027,10.800000190734863,10.789999961853027,10.789999961853027,2742.0
2024-03-01 12:50:00,OCUP,2.5,2.5,2.5,2.4986000061035156,2.4986000061035156,441.0
2024-03-01 12:50:00,OGI,2.2149999141693115,2.2149999141693115,2.2149999141693115,2.2049999237060547,2.2049999237060547,5129.0
2024-03-01 12:50:00,OLMA,14.779999732971191,14.779999732971191,14.829999923706055,14.729999542236328,14.732999801635742,3897.0
2024-03-01 12:50:00,OM,3.1593000888824463,3.1593000888824463,3.1593000888824463,3.1593000888824463,3.1593000888824463,1090.0
2024-03-01 12:50:00,OMER,4.775000095367432,4.775000095367432,4.775000095367432,4.775000095367432,4.775000095367432,150.0
2024-03-01 12:50:00,OMGA,4.190000057220459,4.190000057220459,4.190000057220459,4.190000057220459,4.190000057220459,203.0
2024-03-01 12:50:00,ONCY,1.1399999856948853,1.1399999856948853,1.1399999856948853,1.1399999856948853,1.1399999856948853,1227.0
2024-03-01 12:51:00,ABCL,5.25,5.25,5.25,5.25,5.25,8178.0
2024-03-01 12:51:00,ABEO,7.764999866485596,7.764999866485596,7.789700031280518,7.764999866485596,7.789700031280518,989.0
2024-03-01 12:51:00,ABOS,4.695000171661377,4.695000171661377,4.695000171661377,4.695000171661377,4.695000171661377,145.0
2024-03-01 12:51:00,ABSI,5.255000114440918,5.255000114440918,5.255000114440918,5.25,5.255000114440918,1551.0
2024-03-01 12:51:00,ABUS,2.7850000858306885,2.7850000858306885,2.7850000858306885,2.7799999713897705,2.7799999713897705,1334.0
2024-03-01 12:51:00,ACAD,24.415000915527344,24.415000915527344,24.420000076293945,24.389999389648438,24.40999984741211,4036.0
2024-03-01 12:51:00,ACB,3.210099935531616,3.210099935531616,3.2300000190734863,3.2100000381469727,3.2100000381469727,5797.0
2024-03-01 12:51:00,ACET,2.4049999713897705,2.4049999713897705,2.4100000858306885,2.4000000953674316,2.4000000953674316,881.0
2024-03-01 12:51:00,ACHC,84.6500015258789,84.6500015258789,84.6500015258789,84.6500015258789,84.6500015258789,603.0
2024-03-01 12:51:00,ACHV,4.284999847412109,4.284999847412109,4.300000190734863,4.284999847412109,4.289999961853027,5132.0
2024-03-01 12:51:00,ACLX,67.06999969482422,67.06999969482422,67.15499877929688,67.06999969482422,67.15499877929688,476.0
2024-03-01 12:51:00,ACON,0.40400001406669617,0.40400001406669617,0.40400001406669617,0.40400001406669617,0.40400001406669617,2318.0
2024-03-01 12:51:00,ACRS,1.2400000095367432,1.2400000095367432,1.2400000095367432,1.2300000190734863,1.2300000190734863,2747.0
2024-03-01 12:51:00,ADIL,3.0899999141693115,3.0899999141693115,3.0899999141693115,3.0710999965667725,3.0799999237060547,1908.0
2024-03-01 12:51:00,ADMA,5.465000152587891,5.465000152587891,5.465000152587891,5.461100101470947,5.461100101470947,1121.0
2024-03-01 12:51:00,ADPT,4.195000171661377,4.195000171661377,4.199999809265137,4.195000171661377,4.195000171661377,3571.0
2024-03-01 12:51:00,ADVM,1.975000023841858,1.975000023841858,1.975000023841858,1.975000023841858,1.975000023841858,215.0
2024-03-01 12:51:00,AFIB,0.21400000154972076,0.21400000154972076,0.21400000154972076,0.21400000154972076,0.21400000154972076,103.0
2024-03-01 12:51:00,AFMD,0.6301000118255615,0.6301000118255615,0.6399999856948853,0.6301000118255615,0.6399999856948853,200.0
2024-03-01 12:51:00,AGEN,0.6738499999046326,0.6738499999046326,0.6739000082015991,0.6738499999046326,0.6738499999046326,4109.0
2024-03-01 12:51:00,AGIO,32.92499923706055,32.92499923706055,32.93000030517578,32.92499923706055,32.93000030517578,326.0
2024-03-01 12:51:00,AGRX,0.8309999704360962,0.8309999704360962,0.8309999704360962,0.8309999704360962,0.8309999704360962,534.0
2024-03-01 12:51:00,AHCO,10.699999809265137,10.699999809265137,10.699999809265137,10.5600004196167,10.5649995803833,11573.0
2024-03-01 12:51:00,AIH,0.5,0.5,0.5095000267028809,0.5,0.5095000267028809,200.0
2024-03-01 12:51:00,AIRS,6.5,6.5,6.5,6.5,6.5,100.0
2024-03-01 12:51:00,AKAN,0.23000000417232513,0.23000000417232513,0.2329999953508377,0.2257000058889389,0.23229999840259552,9347.0
2024-03-01 12:51:00,AKBA,1.684999942779541,1.684999942779541,1.690000057220459,1.684999942779541,1.690000057220459,1238.0
2024-03-01 12:51:00,AKRO,30.06999969482422,30.06999969482422,30.06999969482422,30.06999969482422,30.06999969482422,958.0
2024-03-01 12:51:00,AKYA,6.039999961853027,6.039999961853027,6.039999961853027,6.039999961853027,6.039999961853027,326.0
2024-03-01 12:51:00,ALDX,4.15749979019165,4.15749979019165,4.15749979019165,4.15749979019165,4.15749979019165,100.0
2024-03-01 12:51:00,ALEC,7.389999866485596,7.389999866485596,7.389999866485596,7.369999885559082,7.369999885559082,3481.0
2024-03-01 12:51:00,ALGN,304.05499267578125,304.05499267578125,304.1449890136719,303.989990234375,303.989990234375,1531.0
2024-03-01 12:51:00,ALGS,1.1139999628067017,1.1139999628067017,1.1298999786376953,1.1139999628067017,1.1200000047683716,1117.0
2024-03-01 12:51:00,ALHC,5.739999771118164,5.739999771118164,5.739999771118164,5.730000019073486,5.730000019073486,813.0
2024-03-01 12:51:00,ALKS,30.1299991607666,30.1299991607666,30.149999618530273,30.1299991607666,30.149999618530273,306.0
2024-03-01 12:51:00,ALLK,1.6050000190734863,1.6050000190734863,1.6089999675750732,1.6050000190734863,1.6050000190734863,1149.0
2024-03-01 12:51:00,ALPN,35.849998474121094,35.849998474121094,35.880001068115234,35.849998474121094,35.880001068115234,1178.0
2024-03-01 12:51:00,ALT,12.109700202941895,12.109700202941895,12.114999771118164,12.104999542236328,12.114999771118164,2887.0
2024-03-01 12:51:00,ALVR,0.755649983882904,0.755649983882904,0.755649983882904,0.755299985408783,0.755299985408783,500.0
2024-03-01 12:51:00,ALXO,15.0600004196167,15.0600004196167,15.0600004196167,15.0600004196167,15.0600004196167,472.0
2024-03-01 12:51:00,AMGN,281.6199951171875,281.6199951171875,281.6499938964844,281.6050109863281,281.614990234375,2675.0
2024-03-01 12:51:00,AMLX,18.780000686645508,18.780000686645508,18.799999237060547,18.780000686645508,18.799999237060547,3755.0
2024-03-01 12:51:00,AMRN,1.059999942779541,1.059999942779541,1.059999942779541,1.0499999523162842,1.0549999475479126,582.0
2024-03-01 12:51:00,ANGO,5.525000095367432,5.525000095367432,5.525000095367432,5.519999980926514,5.519999980926514,1713.0
2024-03-01 12:51:00,ANNX,5.989999771118164,5.989999771118164,6.0,5.985000133514404,5.989999771118164,10179.0
2024-03-01 12:51:00,APLS,64.9749984741211,64.9749984741211,65.02799987792969,64.97000122070312,64.97000122070312,3647.0
2024-03-01 12:51:00,APLT,7.090000152587891,7.090000152587891,7.090000152587891,7.090000152587891,7.090000152587891,1703.0
2024-03-01 12:51:00,APYX,2.069999933242798,2.069999933242798,2.069999933242798,2.069999933242798,2.069999933242798,302.0
2024-03-01 12:51:00,AQST,4.25,4.25,4.25,4.230000019073486,4.230000019073486,7241.0
2024-03-01 12:51:00,ARAY,2.640000104904175,2.640000104904175,2.640000104904175,2.640000104904175,2.640000104904175,179.0
2024-03-01 12:51:00,ARCT,39.970001220703125,39.970001220703125,39.97999954223633,39.959999084472656,39.959999084472656,788.0
2024-03-01 12:51:00,ARDX,9.600000381469727,9.600000381469727,9.619999885559082,9.600000381469727,9.609999656677246,14564.0
2024-03-01 12:51:00,ARQT,11.824999809265137,11.824999809265137,11.824999809265137,11.805000305175781,11.8149995803833,9599.0
2024-03-01 12:51:00,ARVN,49.33000183105469,49.33000183105469,49.33000183105469,49.279998779296875,49.279998779296875,1053.0
2024-03-01 12:51:00,ARWR,36.15999984741211,36.15999984741211,36.15999984741211,36.084999084472656,36.084999084472656,1048.0
2024-03-01 12:51:00,ASRT,0.9297999739646912,0.9297999739646912,0.9297999739646912,0.9297999739646912,0.9297999739646912,100.0
2024-03-01 12:51:00,ATAI,2.1298999786376953,2.1298999786376953,2.1298999786376953,2.1298999786376953,2.1298999786376953,100.0
2024-03-01 12:51:00,ATEC,13.574999809265137,13.574999809265137,13.59000015258789,13.574999809265137,13.59000015258789,2933.0
2024-03-01 12:51:00,ATRA,0.7926499843597412,0.7926499843597412,0.7975000143051147,0.7900000214576721,0.7915999889373779,22318.0
2024-03-01 12:51:00,ATXI,0.15209999680519104,0.15209999680519104,0.15299999713897705,0.15209999680519104,0.15289999544620514,10705.0
2024-03-01 12:51:00,AUPH,5.863699913024902,5.863699913024902,5.869999885559082,5.863699913024902,5.869999885559082,4099.0
2024-03-01 12:51:00,AURA,9.399200439453125,9.399200439453125,9.399200439453125,9.399200439453125,9.399200439453125,101.0
2024-03-01 12:51:00,AUTL,6.389999866485596,6.389999866485596,6.389999866485596,6.389999866485596,6.389999866485596,100.0
2024-03-01 12:51:00,AVDL,13.0,13.0,13.0,13.0,13.0,1183.0
2024-03-01 12:51:00,AXGN,10.520000457763672,10.520000457763672,10.520000457763672,10.520000457763672,10.520000457763672,310.0
2024-03-01 12:51:00,AXNX,67.44000244140625,67.44000244140625,67.44999694824219,67.38999938964844,67.38999938964844,1897.0
2024-03-01 12:51:00,AXSM,82.54499816894531,82.54499816894531,82.54499816894531,82.54499816894531,82.54499816894531,460.0
2024-03-01 12:51:00,AZN,64.68499755859375,64.68499755859375,64.69499969482422,64.68499755859375,64.69499969482422,3867.0
2024-03-01 12:51:00,AZTA,66.91000366210938,66.91000366210938,66.91999816894531,66.91000366210938,66.91999816894531,657.0
2024-03-01 12:51:00,BBIO,36.130001068115234,36.130001068115234,36.130001068115234,36.09000015258789,36.09000015258789,1132.0
2024-03-01 12:51:00,BBLG,2.6700000762939453,2.6700000762939453,2.759999990463257,2.630000114440918,2.640000104904175,13909.0
2024-03-01 12:51:00,BCAB,2.740000009536743,2.740000009536743,2.740000009536743,2.734999895095825,2.734999895095825,351.0
2024-03-01 12:51:00,BCEL,0.2681010067462921,0.2681010067462921,0.2681010067462921,0.2681010067462921,0.2681010067462921,205.0
2024-03-01 12:51:00,BCRX,5.78000020980835,5.78000020980835,5.795000076293945,5.769999980926514,5.78000020980835,39338.0
2024-03-01 12:51:00,BCYC,25.799999237060547,25.799999237060547,25.799999237060547,25.799999237060547,25.799999237060547,168.0
2024-03-01 12:51:00,BDSX,1.600000023841858,1.600000023841858,1.600000023841858,1.600000023841858,1.600000023841858,112.0
2024-03-01 12:51:00,BDTX,4.989999771118164,4.989999771118164,4.989999771118164,4.980000019073486,4.980000019073486,897.0
2024-03-01 12:51:00,BEAM,40.1150016784668,40.1150016784668,40.130001068115234,40.08000183105469,40.099998474121094,2131.0
2024-03-01 12:51:00,BEAT,1.4808000326156616,1.4808000326156616,1.4808000326156616,1.4808000326156616,1.4808000326156616,641.0
2024-03-01 12:51:00,BIOL,0.13850000500679016,0.13850000500679016,0.13850000500679016,0.13850000500679016,0.13850000500679016,125.0
2024-03-01 12:51:00,BIOR,1.1799999475479126,1.1799999475479126,1.1859999895095825,1.1799999475479126,1.1859999895095825,1227.0
2024-03-01 12:51:00,BIVI,1.8792999982833862,1.8792999982833862,1.8899999856948853,1.8700000047683716,1.888700008392334,30598.0
2024-03-01 12:51:00,BLFS,18.299999237060547,18.299999237060547,18.40999984741211,18.299999237060547,18.395000457763672,3024.0
2024-03-01 12:51:00,BLTE,46.255001068115234,46.255001068115234,46.255001068115234,46.255001068115234,46.255001068115234,177.0
2024-03-01 12:51:00,BLUE,1.600000023841858,1.600000023841858,1.600000023841858,1.5996999740600586,1.600000023841858,5997.0
2024-03-01 12:51:00,BMEA,18.149999618530273,18.149999618530273,18.149999618530273,18.149999618530273,18.149999618530273,404.0
2024-03-01 12:51:00,BMRA,1.190000057220459,1.190000057220459,1.2000000476837158,1.190000057220459,1.190000057220459,6953.0
2024-03-01 12:51:00,BMRN,87.33000183105469,87.33000183105469,87.33000183105469,87.30000305175781,87.30000305175781,746.0
2024-03-01 12:51:00,BNOX,1.2101999521255493,1.2101999521255493,1.2300000190734863,1.2100000381469727,1.2200000286102295,10788.0
2024-03-01 12:51:00,BRKR,88.31999969482422,88.31999969482422,88.33999633789062,88.31999969482422,88.33999633789062,937.0
2024-03-01 12:51:00,BRTX,1.5003000497817993,1.5003000497817993,1.5003000497817993,1.5003000497817993,1.5003000497817993,300.0
2024-03-01 12:51:00,BSGM,0.6430000066757202,0.6430000066757202,0.6439999938011169,0.6430000066757202,0.6439999938011169,250.0
2024-03-01 12:51:00,BTAI,3.184999942779541,3.184999942779541,3.200000047683716,3.184999942779541,3.200000047683716,1985.0
2024-03-01 12:51:00,BTTX,0.1770000010728836,0.1770000010728836,0.17829999327659607,0.17599999904632568,0.1776999980211258,53463.0
2024-03-01 12:51:00,BWAY,6.53000020980835,6.53000020980835,6.53000020980835,6.53000020980835,6.53000020980835,300.0
2024-03-01 12:51:00,CABA,24.079999923706055,24.079999923706055,24.079999923706055,24.079999923706055,24.079999923706055,157.0
2024-03-01 12:51:00,CARA,0.9228000044822693,0.9228000044822693,0.9228000044822693,0.9164999723434448,0.9164999723434448,889.0
2024-03-01 12:51:00,CBAY,32.23500061035156,32.23500061035156,32.23500061035156,32.22999954223633,32.22999954223633,6919.0
2024-03-01 12:51:00,CCCC,10.960000038146973,10.960000038146973,10.970000267028809,10.954999923706055,10.970000267028809,1089.0
2024-03-01 12:51:00,CCRN,18.200000762939453,18.200000762939453,18.209999084472656,18.200000762939453,18.209999084472656,872.0
2024-03-01 12:51:00,CDMO,8.100000381469727,8.100000381469727,8.109999656677246,8.100000381469727,8.109999656677246,557.0
2024-03-01 12:51:00,CDNA,12.34000015258789,12.34000015258789,12.34000015258789,12.34000015258789,12.34000015258789,271.0
2024-03-01 12:51:00,CDTX,0.7200000286102295,0.7200000286102295,0.7200000286102295,0.7174990177154541,0.7174999713897705,2600.0
2024-03-01 12:51:00,CDXS,4.474999904632568,4.474999904632568,4.480000019073486,4.474999904632568,4.480000019073486,1063.0
2024-03-01 12:51:00,CELC,16.299999237060547,16.299999237060547,16.299999237060547,16.299999237060547,16.299999237060547,100.0
2024-03-01 12:51:00,CERE,41.099998474121094,41.099998474121094,41.10499954223633,41.099998474121094,41.099998474121094,875.0
2024-03-01 12:51:00,CERS,2.2249999046325684,2.2249999046325684,2.2249999046325684,2.2249999046325684,2.2249999046325684,100.0
2024-03-01 12:51:00,CERT,17.860000610351562,17.860000610351562,17.860000610351562,17.834999084472656,17.834999084472656,1031.0
2024-03-01 12:51:00,CGC,3.268199920654297,3.268199920654297,3.268199920654297,3.259999990463257,3.2606000900268555,10702.0
2024-03-01 12:51:00,CGEM,19.020000457763672,19.020000457763672,19.020000457763672,18.979999542236328,18.979999542236328,502.0
2024-03-01 12:51:00,CGEN,2.680000066757202,2.680000066757202,2.680000066757202,2.680000066757202,2.680000066757202,382.0
2024-03-01 12:51:00,CHEK,2.1600000858306885,2.1600000858306885,2.1600000858306885,2.1600000858306885,2.1600000858306885,102.0
2024-03-01 12:51:00,CHRS,2.397700071334839,2.397700071334839,2.4000000953674316,2.397700071334839,2.4000000953674316,711.0
2024-03-01 12:51:00,CING,1.3652000427246094,1.3652000427246094,1.3700000047683716,1.3652000427246094,1.3700000047683716,1101.0
2024-03-01 12:51:00,CLDX,50.650001525878906,50.650001525878906,50.70000076293945,50.470001220703125,50.4900016784668,7818.0
2024-03-01 12:51:00,CLNN,0.38380101323127747,0.38380101323127747,0.38380101323127747,0.38380101323127747,0.38380101323127747,3025.0
2024-03-01 12:51:00,CLOV,0.8608999848365784,0.8608999848365784,0.8615000247955322,0.8603000044822693,0.8603000044822693,33425.0
2024-03-01 12:51:00,CLRB,4.130000114440918,4.130000114440918,4.139699935913086,4.130000114440918,4.135000228881836,400.0
2024-03-01 12:51:00,CMPS,11.460000038146973,11.460000038146973,11.460000038146973,11.430100440979004,11.430100440979004,1753.0
2024-03-01 12:51:00,CNSP,0.3176000118255615,0.3176000118255615,0.3176000118255615,0.3176000118255615,0.3176000118255615,100.0
2024-03-01 12:51:00,CNTG,0.699999988079071,0.699999988079071,0.699999988079071,0.6919999718666077,0.6919999718666077,7083.0
2024-03-01 12:51:00,COGT,7.21999979019165,7.21999979019165,7.21999979019165,7.21999979019165,7.21999979019165,312.0
2024-03-01 12:51:00,COLL,36.970001220703125,36.970001220703125,36.999298095703125,36.970001220703125,36.999298095703125,3364.0
2024-03-01 12:51:00,CORT,24.270000457763672,24.270000457763672,24.270000457763672,24.270000457763672,24.270000457763672,513.0
2024-03-01 12:51:00,CPRX,17.065000534057617,17.065000534057617,17.06800079345703,17.065000534057617,17.065000534057617,1628.0
2024-03-01 12:51:00,CPSI,9.489999771118164,9.489999771118164,9.489999771118164,9.4399995803833,9.4399995803833,854.0
2024-03-01 12:51:00,CRBP,32.0,32.0,32.0,32.0,32.0,251.0
2024-03-01 12:51:00,CRBU,7.989999771118164,7.989999771118164,7.994999885559082,7.980000019073486,7.989999771118164,4044.0
2024-03-01 12:51:00,CRDF,2.3703999519348145,2.3703999519348145,2.4049999713897705,2.359999895095825,2.3901000022888184,26341.0
2024-03-01 12:51:00,CRDL,1.940000057220459,1.940000057220459,1.940000057220459,1.940000057220459,1.940000057220459,3230.0
2024-03-01 12:51:00,CRNX,46.619998931884766,46.619998931884766,46.619998931884766,46.52000045776367,46.560001373291016,745.0
2024-03-01 12:51:00,CRON,2.055000066757202,2.055000066757202,2.055000066757202,2.055000066757202,2.055000066757202,372.0
2024-03-01 12:51:00,CRSP,86.13999938964844,86.13999938964844,86.15499877929688,85.98320007324219,85.98320007324219,1438.0
2024-03-01 12:51:00,CTKB,8.789999961853027,8.789999961853027,8.789999961853027,8.789999961853027,8.789999961853027,1268.0
2024-03-01 12:51:00,CTMX,2.710099935531616,2.710099935531616,2.740000009536743,2.7100000381469727,2.7298998832702637,7823.0
2024-03-01 12:51:00,CTXR,0.7700999975204468,0.7700999975204468,0.7700999975204468,0.7700999975204468,0.7700999975204468,100.0
2024-03-01 12:51:00,CUTR,2.424999952316284,2.424999952316284,2.440000057220459,2.424999952316284,2.440000057220459,2539.0
2024-03-01 12:51:00,CVAC,3.501300096511841,3.501300096511841,3.505000114440918,3.5,3.5,430.0
2024-03-01 12:51:00,CYTK,73.2750015258789,73.2750015258789,73.28500366210938,73.23999786376953,73.27999877929688,2720.0
2024-03-01 12:51:00,DARE,0.5521000027656555,0.5521000027656555,0.5521000027656555,0.5519989728927612,0.5521000027656555,25713.0
2024-03-01 12:51:00,DCGO,4.147600173950195,4.147600173950195,4.150000095367432,4.147600173950195,4.150000095367432,334.0
2024-03-01 12:51:00,DCPH,17.5,17.5,17.510000228881836,17.5,17.510000228881836,1161.0
2024-03-01 12:51:00,DH,8.769000053405762,8.769000053405762,8.769000053405762,8.760000228881836,8.760000228881836,991.0
2024-03-01 12:51:00,DMTK,0.8547499775886536,0.8547499775886536,0.8547499775886536,0.8547499775886536,0.8547499775886536,2604.0
2024-03-01 12:51:00,DNLI,20.875,20.875,20.875,20.875,20.875,742.0
2024-03-01 12:51:00,DRRX,1.0049999952316284,1.0049999952316284,1.0049999952316284,1.0049999952316284,1.0049999952316284,1213.0
2024-03-01 12:51:00,DTIL,12.3100004196167,12.3100004196167,12.3100004196167,12.300000190734863,12.300000190734863,256.0
2024-03-01 12:51:00,DVAX,12.904999732971191,12.904999732971191,12.904999732971191,12.88599967956543,12.88599967956543,5763.0
2024-03-01 12:51:00,DXCM,121.37999725341797,121.37999725341797,121.48999786376953,121.37999725341797,121.48999786376953,5544.0
2024-03-01 12:51:00,DYN,28.809999465942383,28.809999465942383,28.850000381469727,28.75,28.770000457763672,8082.0
2024-03-01 12:51:00,EDIT,10.885000228881836,10.885000228881836,10.885000228881836,10.880000114440918,10.880000114440918,950.0
2024-03-01 12:51:00,EDSA,4.95959997177124,4.95959997177124,4.95959997177124,4.849999904632568,4.849999904632568,3346.0
2024-03-01 12:51:00,EFTR,15.479999542236328,15.479999542236328,15.5,15.479999542236328,15.489999771118164,2408.0
2024-03-01 12:51:00,EGRX,6.724999904632568,6.724999904632568,6.724999904632568,6.724999904632568,6.724999904632568,362.0
2024-03-01 12:51:00,ELEV,5.019800186157227,5.019800186157227,5.019999980926514,4.980000019073486,5.0,13406.0
2024-03-01 12:51:00,EMBC,14.489999771118164,14.489999771118164,14.489999771118164,14.432499885559082,14.4350004196167,3188.0
2024-03-01 12:51:00,ENTA,15.399999618530273,15.399999618530273,15.399999618530273,15.399999618530273,15.399999618530273,272.0
2024-03-01 12:51:00,ENVB,1.5428999662399292,1.5428999662399292,1.5428999662399292,1.5428999662399292,1.5428999662399292,142.0
2024-03-01 12:51:00,EOLS,14.744999885559082,14.744999885559082,14.744999885559082,14.744999885559082,14.744999885559082,438.0
2024-03-01 12:51:00,ERAS,2.5299999713897705,2.5299999713897705,2.5299999713897705,2.5299999713897705,2.5299999713897705,151.0
2024-03-01 12:51:00,ESPR,2.5199999809265137,2.5199999809265137,2.5199999809265137,2.5199999809265137,2.5199999809265137,257.0
2024-03-01 12:51:00,ETNB,13.199999809265137,13.199999809265137,13.199999809265137,13.170000076293945,13.180000305175781,3770.0
2024-03-01 12:51:00,EWTX,17.15999984741211,17.15999984741211,17.15999984741211,17.15999984741211,17.15999984741211,1586.0
2024-03-01 12:51:00,EXAI,6.809999942779541,6.809999942779541,6.809999942779541,6.809999942779541,6.809999942779541,682.0
2024-03-01 12:51:00,EXAS,60.40999984741211,60.40999984741211,60.439998626708984,60.400001525878906,60.400001525878906,2433.0
2024-03-01 12:51:00,EXEL,22.489999771118164,22.489999771118164,22.5,22.489999771118164,22.5,2209.0
2024-03-01 12:51:00,EYEN,2.4409000873565674,2.4409000873565674,2.450000047683716,2.440000057220459,2.440000057220459,3296.0
2024-03-01 12:51:00,EYPT,28.055999755859375,28.055999755859375,28.059999465942383,28.055999755859375,28.059999465942383,722.0
2024-03-01 12:51:00,FATE,7.635000228881836,7.635000228881836,7.635000228881836,7.625,7.630000114440918,897.0
2024-03-01 12:51:00,FDMT,29.360000610351562,29.360000610351562,29.3799991607666,29.360000610351562,29.3799991607666,2072.0
2024-03-01 12:51:00,FEMY,1.7200000286102295,1.7200000286102295,1.7200000286102295,1.7200000286102295,1.7200000286102295,100.0
2024-03-01 12:51:00,FGEN,1.8600000143051147,1.8600000143051147,1.8600000143051147,1.8600000143051147,1.8600000143051147,1005.0
2024-03-01 12:51:00,FLGT,23.299999237060547,23.299999237060547,23.299999237060547,23.299999237060547,23.299999237060547,720.0
2024-03-01 12:51:00,FOLD,13.354999542236328,13.354999542236328,13.359999656677246,13.350000381469727,13.350000381469727,5762.0
2024-03-01 12:51:00,FONR,22.219999313354492,22.219999313354492,22.219999313354492,22.219999313354492,22.219999313354492,233.0
2024-03-01 12:51:00,FULC,10.925000190734863,10.925000190734863,10.928500175476074,10.899999618530273,10.899999618530273,881.0
2024-03-01 12:51:00,FUSN,12.3100004196167,12.3100004196167,12.3100004196167,12.289999961853027,12.289999961853027,1286.0
2024-03-01 12:51:00,FWBI,8.635499954223633,8.635499954223633,8.635499954223633,8.635499954223633,8.635499954223633,188.0
2024-03-01 12:51:00,GALT,1.9299999475479126,1.9299999475479126,1.9600000381469727,1.9299999475479126,1.9600000381469727,3060.0
2024-03-01 12:51:00,GANX,4.650000095367432,4.650000095367432,4.650000095367432,4.650000095367432,4.650000095367432,100.0
2024-03-01 12:51:00,GBIO,2.6449999809265137,2.6449999809265137,2.6600000858306885,2.6449999809265137,2.6449999809265137,2800.0
2024-03-01 12:51:00,GCTK,0.31299999356269836,0.31299999356269836,0.31299999356269836,0.31299999356269836,0.31299999356269836,130.0
2024-03-01 12:51:00,GDRX,8.260000228881836,8.260000228881836,8.265000343322754,8.260000228881836,8.265000343322754,407.0
2024-03-01 12:51:00,GENE,2.240000009536743,2.240000009536743,2.240000009536743,2.240000009536743,2.240000009536743,549.0
2024-03-01 12:51:00,GERN,2.2149999141693115,2.2149999141693115,2.2197999954223633,2.210099935531616,2.2149999141693115,27818.0
2024-03-01 12:51:00,GH,19.190000534057617,19.190000534057617,19.200000762939453,19.190000534057617,19.200000762939453,1500.0
2024-03-01 12:51:00,GILD,72.33999633789062,72.33999633789062,72.36000061035156,72.33999633789062,72.3550033569336,10229.0
2024-03-01 12:51:00,GLTO,0.7250999808311462,0.7250999808311462,0.7250999808311462,0.7250999808311462,0.7250999808311462,1052.0
2024-03-01 12:51:00,GLUE,6.5,6.5,6.5,6.5,6.5,190.0
2024-03-01 12:51:00,GLYC,3.0399999618530273,3.0399999618530273,3.0399999618530273,3.0399999618530273,3.0399999618530273,1198.0
2024-03-01 12:51:00,GMAB,29.3799991607666,29.3799991607666,29.3799991607666,29.3700008392334,29.3700008392334,641.0
2024-03-01 12:51:00,GMDA,0.38214999437332153,0.38214999437332153,0.3822000026702881,0.3804999887943268,0.3822000026702881,850.0
2024-03-01 12:51:00,GOSS,1.4056999683380127,1.4056999683380127,1.4056999683380127,1.4056999683380127,1.4056999683380127,106.0
2024-03-01 12:51:00,GRFS,7.074999809265137,7.074999809265137,7.079999923706055,7.074999809265137,7.079999923706055,311.0
2024-03-01 12:51:00,GRPH,3.490000009536743,3.490000009536743,3.490000009536743,3.490000009536743,3.490000009536743,187.0
2024-03-01 12:51:00,GRTS,2.1449999809265137,2.1449999809265137,2.1449999809265137,2.1449999809265137,2.1449999809265137,193.0
2024-03-01 12:51:00,GTHX,3.7298998832702637,3.7298998832702637,3.7298998832702637,3.7249999046325684,3.7249999046325684,1100.0
2024-03-01 12:51:00,HALO,41.619998931884766,41.619998931884766,41.625,41.619998931884766,41.625,825.0
2024-03-01 12:51:00,HARP,22.950000762939453,22.950000762939453,22.950000762939453,22.950000762939453,22.950000762939453,139.0
2024-03-01 12:51:00,HCAT,8.010000228881836,8.010000228881836,8.010000228881836,8.0,8.0,354.0
2024-03-01 12:51:00,HCM,15.3100004196167,15.3100004196167,15.3100004196167,15.3100004196167,15.3100004196167,100.0
2024-03-01 12:51:00,HCTI,2.450000047683716,2.450000047683716,2.4618000984191895,2.440000057220459,2.440000057220459,2072.0
2024-03-01 12:51:00,HITI,1.7599999904632568,1.7599999904632568,1.7619999647140503,1.7599999904632568,1.7619999647140503,2073.0
2024-03-01 12:51:00,HLVX,19.010000228881836,19.010000228881836,19.010000228881836,18.940000534057617,19.0,3787.0
2024-03-01 12:51:00,HOLX,73.88999938964844,73.88999938964844,73.91829681396484,73.88999938964844,73.91829681396484,1182.0
2024-03-01 12:51:00,HOOK,0.7900000214576721,0.7900000214576721,0.7900000214576721,0.7900000214576721,0.7900000214576721,100.0
2024-03-01 12:51:00,HQY,81.6500015258789,81.6500015258789,81.66000366210938,81.6500015258789,81.66000366210938,289.0
2024-03-01 12:51:00,HRTX,2.619999885559082,2.619999885559082,2.619999885559082,2.619999885559082,2.619999885559082,620.0
2024-03-01 12:51:00,HSIC,76.91000366210938,76.91000366210938,76.93499755859375,76.91000366210938,76.93499755859375,855.0
2024-03-01 12:51:00,HUMA,3.4649999141693115,3.4649999141693115,3.4649999141693115,3.4600000381469727,3.4607999324798584,4375.0
2024-03-01 12:51:00,HYPR,1.1100000143051147,1.1100000143051147,1.1100000143051147,1.1100000143051147,1.1100000143051147,610.0
2024-03-01 12:51:00,IART,36.630001068115234,36.630001068115234,36.650001525878906,36.630001068115234,36.650001525878906,1010.0
2024-03-01 12:51:00,IBRX,4.809999942779541,4.809999942779541,4.824999809265137,4.809999942779541,4.820000171661377,5883.0
2024-03-01 12:51:00,ICCM,1.2799999713897705,1.2799999713897705,1.2799999713897705,1.2799999713897705,1.2799999713897705,939.0
2024-03-01 12:51:00,ICLR,322.8450012207031,322.8450012207031,322.8450012207031,322.8450012207031,322.8450012207031,573.0
2024-03-01 12:51:00,IDXX,581.4400024414062,581.4400024414062,581.989990234375,581.4400024414062,581.989990234375,1130.0
2024-03-01 12:51:00,IINN,1.6883000135421753,1.6883000135421753,1.6883000135421753,1.6883000135421753,1.6883000135421753,591.0
2024-03-01 12:51:00,ILMN,142.10000610351562,142.10000610351562,142.10000610351562,142.08999633789062,142.08999633789062,1365.0
2024-03-01 12:51:00,IMAB,1.8350000381469727,1.8350000381469727,1.8393000364303589,1.8300000429153442,1.8389999866485596,1091.0
2024-03-01 12:51:00,IMNM,26.20009994506836,26.20009994506836,26.20009994506836,26.20009994506836,26.20009994506836,250.0
2024-03-01 12:51:00,IMRX,6.210000038146973,6.210000038146973,6.210000038146973,6.210000038146973,6.210000038146973,134.0
2024-03-01 12:51:00,IMTX,13.0,13.0,13.0,13.0,13.0,134.0
2024-03-01 12:51:00,IMVT,36.38999938964844,36.38999938964844,36.42499923706055,36.38999938964844,36.42499923706055,1312.0
2024-03-01 12:51:00,INBX,36.599998474121094,36.599998474121094,36.599998474121094,36.599998474121094,36.599998474121094,860.0
2024-03-01 12:51:00,INCY,59.33000183105469,59.33000183105469,59.33000183105469,59.31999969482422,59.33000183105469,1731.0
2024-03-01 12:51:00,INMD,22.854999542236328,22.854999542236328,22.854999542236328,22.854999542236328,22.854999542236328,136.0
2024-03-01 12:51:00,INO,9.453700065612793,9.453700065612793,9.453700065612793,9.453700065612793,9.453700065612793,188.0
2024-03-01 12:51:00,INSM,28.645000457763672,28.645000457763672,28.645000457763672,28.610000610351562,28.610000610351562,1588.0
2024-03-01 12:51:00,INVA,15.645000457763672,15.645000457763672,15.654999732971191,15.645000457763672,15.654999732971191,1114.0
2024-03-01 12:51:00,INZY,6.699999809265137,6.699999809265137,6.699999809265137,6.699999809265137,6.699999809265137,458.0
2024-03-01 12:51:00,IONM,0.34940001368522644,0.34940001368522644,0.34940001368522644,0.34940001368522644,0.34940001368522644,110.0
2024-03-01 12:51:00,IONS,45.88999938964844,45.88999938964844,45.91999816894531,45.88999938964844,45.91999816894531,433.0
2024-03-01 12:51:00,IOVA,16.815000534057617,16.815000534057617,16.829999923706055,16.809999465942383,16.809999465942383,6027.0
2024-03-01 12:51:00,IRWD,9.100000381469727,9.100000381469727,9.100000381469727,9.095000267028809,9.100000381469727,2447.0
2024-03-01 12:51:00,ISRG,394.5950012207031,394.5950012207031,394.6700134277344,394.5950012207031,394.6700134277344,2413.0
2024-03-01 12:51:00,ITCI,71.54499816894531,71.54499816894531,71.54499816894531,71.54499816894531,71.54499816894531,150.0
2024-03-01 12:51:00,ITOS,10.920000076293945,10.920000076293945,10.920000076293945,10.920000076293945,10.920000076293945,1468.0
2024-03-01 12:51:00,ITRM,1.25,1.25,1.25,1.25,1.25,1523.0
2024-03-01 12:51:00,IVVD,4.019999980926514,4.019999980926514,4.03000020980835,4.019999980926514,4.03000020980835,220.0
2024-03-01 12:51:00,JAGX,0.07360000163316727,0.07360000163316727,0.0746999979019165,0.07360000163316727,0.07419899851083755,44774.0
2024-03-01 12:51:00,JANX,46.650001525878906,46.650001525878906,46.650001525878906,46.650001525878906,46.650001525878906,414.0
2024-03-01 12:51:00,JAZZ,119.68000030517578,119.68000030517578,119.68000030517578,119.68000030517578,119.68000030517578,256.0
2024-03-01 12:51:00,JSPR,20.975000381469727,20.975000381469727,20.975000381469727,20.975000381469727,20.975000381469727,120.0
2024-03-01 12:51:00,KALV,13.989999771118164,13.989999771118164,13.989999771118164,13.989999771118164,13.989999771118164,532.0
2024-03-01 12:51:00,KIDS,27.385000228881836,27.385000228881836,27.385000228881836,27.385000228881836,27.385000228881836,251.0
2024-03-01 12:51:00,KNSA,21.795000076293945,21.795000076293945,21.795000076293945,21.795000076293945,21.795000076293945,322.0
2024-03-01 12:51:00,KNTE,2.6050000190734863,2.6050000190734863,2.6050000190734863,2.6050000190734863,2.6050000190734863,100.0
2024-03-01 12:51:00,KPTI,1.2200000286102295,1.2200000286102295,1.2200000286102295,1.2200000286102295,1.2200000286102295,2427.0
2024-03-01 12:51:00,KROS,70.26000213623047,70.26000213623047,70.26000213623047,70.20999908447266,70.20999908447266,227.0
2024-03-01 12:51:00,KRYS,169.14999389648438,169.14999389648438,169.14999389648438,169.07000732421875,169.07000732421875,1078.0
2024-03-01 12:51:00,KYMR,44.1150016784668,44.1150016784668,44.1150016784668,44.1150016784668,44.1150016784668,110.0
2024-03-01 12:51:00,KZR,1.0750000476837158,1.0750000476837158,1.0750000476837158,1.0750000476837158,1.0750000476837158,400.0
2024-03-01 12:51:00,LAB,2.505000114440918,2.505000114440918,2.505000114440918,2.5,2.505000114440918,3280.0
2024-03-01 12:51:00,LEGN,66.05000305175781,66.05000305175781,66.05000305175781,66.05000305175781,66.05000305175781,220.0
2024-03-01 12:51:00,LEXX,2.809999942779541,2.809999942779541,2.809999942779541,2.799999952316284,2.799999952316284,399.0
2024-03-01 12:51:00,LFMD,8.0,8.0,8.0,7.989999771118164,7.989999771118164,301.0
2024-03-01 12:51:00,LFST,7.800000190734863,7.800000190734863,7.800000190734863,7.795000076293945,7.800000190734863,5282.0
2024-03-01 12:51:00,LGND,78.30999755859375,78.30999755859375,78.30999755859375,78.30999755859375,78.30999755859375,142.0
2024-03-01 12:51:00,LIVN,55.75,55.75,55.75,55.724998474121094,55.724998474121094,499.0
2024-03-01 12:51:00,LNTH,65.5,65.5,65.5,65.5,65.5,103.0
2024-03-01 12:51:00,LPTX,2.880000114440918,2.880000114440918,2.880000114440918,2.880000114440918,2.880000114440918,112.0
2024-03-01 12:51:00,LQDA,14.470000267028809,14.470000267028809,14.470000267028809,14.470000267028809,14.470000267028809,100.0
2024-03-01 12:51:00,LRMR,11.470000267028809,11.470000267028809,11.5,11.46500015258789,11.479999542236328,2228.0
2024-03-01 12:51:00,LUNG,9.399999618530273,9.399999618530273,9.40999984741211,9.399999618530273,9.40999984741211,3782.0
2024-03-01 12:51:00,LVTX,3.009999990463257,3.009999990463257,3.009999990463257,3.009999990463257,3.009999990463257,102.0
2024-03-01 12:51:00,LXRX,2.515000104904175,2.515000104904175,2.5199999809265137,2.515000104904175,2.5199999809265137,686.0
2024-03-01 12:51:00,LYRA,5.619999885559082,5.619999885559082,5.630000114440918,5.605000019073486,5.610000133514404,5691.0
2024-03-01 12:51:00,MCRB,1.2050000429153442,1.2050000429153442,1.2050000429153442,1.2000000476837158,1.2000000476837158,272.0
2024-03-01 12:51:00,MDGL,250.0,250.0,250.0,250.0,250.0,177.0
2024-03-01 12:51:00,MDRX,6.050000190734863,6.050000190734863,6.300000190734863,6.039999961853027,6.070000171661377,18926.0
2024-03-01 12:51:00,MDXG,8.694999694824219,8.694999694824219,8.699999809265137,8.6850004196167,8.6850004196167,17371.0
2024-03-01 12:51:00,ME,0.57389897108078,0.57389897108078,0.5738999843597412,0.57389897108078,0.5738999843597412,240.0
2024-03-01 12:51:00,MEDP,401.2699890136719,401.2699890136719,401.2699890136719,401.2699890136719,401.2699890136719,116.0
2024-03-01 12:51:00,MEDS,9.140000343322754,9.140000343322754,9.140000343322754,9.140000343322754,9.140000343322754,157.0
2024-03-01 12:51:00,MGNX,18.994199752807617,18.994199752807617,18.994199752807617,18.979999542236328,18.985000610351562,2141.0
2024-03-01 12:51:00,MGTX,6.425000190734863,6.425000190734863,6.449999809265137,6.420000076293945,6.449999809265137,1929.0
2024-03-01 12:51:00,MIRM,29.920000076293945,29.920000076293945,29.920000076293945,29.920000076293945,29.920000076293945,218.0
2024-03-01 12:51:00,MIST,1.767899990081787,1.767899990081787,1.767899990081787,1.767899990081787,1.767899990081787,500.0
2024-03-01 12:51:00,MLTX,51.689998626708984,51.689998626708984,51.720001220703125,51.61000061035156,51.650001525878906,1624.0
2024-03-01 12:51:00,MMSI,76.29000091552734,76.29000091552734,76.29000091552734,76.29000091552734,76.29000091552734,104.0
2024-03-01 12:51:00,MNKD,4.545000076293945,4.545000076293945,4.545000076293945,4.545000076293945,4.545000076293945,1815.0
2024-03-01 12:51:00,MNMD,6.164999961853027,6.164999961853027,6.164999961853027,6.164999961853027,6.164999961853027,524.0
2024-03-01 12:51:00,MNPR,0.8349490165710449,0.8349490165710449,0.8349490165710449,0.8349490165710449,0.8349490165710449,193.0
2024-03-01 12:51:00,MODV,28.014999389648438,28.014999389648438,28.014999389648438,28.014999389648438,28.014999389648438,247.0
2024-03-01 12:51:00,MORF,39.560001373291016,39.560001373291016,39.564998626708984,39.560001373291016,39.564998626708984,391.0
2024-03-01 12:51:00,MREO,3.865000009536743,3.865000009536743,3.869999885559082,3.865000009536743,3.869999885559082,300.0
2024-03-01 12:51:00,MRNA,96.7699966430664,96.7699966430664,96.79499816894531,96.69380187988281,96.69380187988281,1340.0
2024-03-01 12:51:00,MRNS,10.029999732971191,10.029999732971191,10.029999732971191,10.029999732971191,10.029999732971191,729.0
2024-03-01 12:51:00,MRSN,5.974999904632568,5.974999904632568,5.974999904632568,5.949999809265137,5.974999904632568,7214.0
2024-03-01 12:51:00,MRUS,51.93000030517578,51.93000030517578,51.935001373291016,51.900001525878906,51.900001525878906,349.0
2024-03-01 12:51:00,MRVI,7.809999942779541,7.809999942779541,7.809999942779541,7.804999828338623,7.804999828338623,1050.0
2024-03-01 12:51:00,MXCT,4.764999866485596,4.764999866485596,4.764999866485596,4.764999866485596,4.764999866485596,703.0
2024-03-01 12:51:00,MYGN,21.670000076293945,21.670000076293945,21.690000534057617,21.65999984741211,21.65999984741211,1242.0
2024-03-01 12:51:00,NARI,45.41999816894531,45.41999816894531,45.41999816894531,45.369998931884766,45.41999816894531,2724.0
2024-03-01 12:51:00,NAUT,2.6500000953674316,2.6500000953674316,2.6500000953674316,2.6500000953674316,2.6500000953674316,100.0
2024-03-01 12:51:00,NBIX,131.17999267578125,131.17999267578125,131.30999755859375,131.1699981689453,131.2550048828125,4395.0
2024-03-01 12:51:00,NEO,16.1200008392334,16.1200008392334,16.1200008392334,16.114999771118164,16.114999771118164,552.0
2024-03-01 12:51:00,NEOG,17.329999923706055,17.329999923706055,17.344999313354492,17.329999923706055,17.344999313354492,2256.0
2024-03-01 12:51:00,NEXI,6.507500171661377,6.507500171661377,6.507500171661377,6.5,6.5,379.0
2024-03-01 12:51:00,NGM,1.5299999713897705,1.5299999713897705,1.5299999713897705,1.5299999713897705,1.5299999713897705,835.0
2024-03-01 12:51:00,NKTR,0.7867500185966492,0.7867500185966492,0.7867500185966492,0.7867500185966492,0.7867500185966492,100.0
2024-03-01 12:51:00,NNOX,11.130000114440918,11.130000114440918,11.130000114440918,11.120100021362305,11.130000114440918,11544.0
2024-03-01 12:51:00,NOTV,8.074999809265137,8.074999809265137,8.074999809265137,8.074999809265137,8.074999809265137,100.0
2024-03-01 12:51:00,NPCE,16.8799991607666,16.8799991607666,16.8799991607666,16.81999969482422,16.81999969482422,495.0
2024-03-01 12:51:00,NRIX,13.640000343322754,13.640000343322754,13.640000343322754,13.630000114440918,13.630000114440918,1219.0
2024-03-01 12:51:00,NRSN,2.083199977874756,2.083199977874756,2.083199977874756,2.009999990463257,2.069999933242798,6280.0
2024-03-01 12:51:00,NRXP,0.41999998688697815,0.41999998688697815,0.41999998688697815,0.41999998688697815,0.41999998688697815,244.0
2024-03-01 12:51:00,NTLA,33.5099983215332,33.5099983215332,33.52000045776367,33.46500015258789,33.46500015258789,1946.0
2024-03-01 12:51:00,NTRA,89.12000274658203,89.12000274658203,89.16000366210938,89.12000274658203,89.12000274658203,1089.0
2024-03-01 12:51:00,NUVL,88.88999938964844,88.88999938964844,88.88999938964844,88.83999633789062,88.83999633789062,471.0
2024-03-01 12:51:00,NUWE,0.5799999833106995,0.5799999833106995,0.5799999833106995,0.5799999833106995,0.5799999833106995,2630.0
2024-03-01 12:51:00,NVAX,5.150000095367432,5.150000095367432,5.150000095367432,5.130000114440918,5.144999980926514,18326.0
2024-03-01 12:51:00,NVCR,16.06999969482422,16.06999969482422,16.06999969482422,16.06999969482422,16.06999969482422,124.0
2024-03-01 12:51:00,NVCT,10.649999618530273,10.649999618530273,10.649999618530273,10.640000343322754,10.649999618530273,333.0
2024-03-01 12:51:00,NXTC,1.7200000286102295,1.7200000286102295,1.7200000286102295,1.7200000286102295,1.7200000286102295,100.0
2024-03-01 12:51:00,OCGN,0.9451000094413757,0.9451000094413757,0.9488000273704529,0.9449999928474426,0.9483000040054321,5761.0
2024-03-01 12:51:00,OCUL,10.770000457763672,10.770000457763672,10.781200408935547,10.770000457763672,10.781200408935547,2748.0
2024-03-01 12:51:00,OFIX,12.861100196838379,12.861100196838379,12.861100196838379,12.861100196838379,12.861100196838379,276.0
2024-03-01 12:51:00,OGI,2.2149999141693115,2.2149999141693115,2.2149999141693115,2.2142999172210693,2.2142999172210693,473.0
2024-03-01 12:51:00,OLMA,14.692000389099121,14.692000389099121,14.739999771118164,14.619999885559082,14.739999771118164,12610.0
2024-03-01 12:51:00,OM,3.1700000762939453,3.1700000762939453,3.1700000762939453,3.1600000858306885,3.1600000858306885,1105.0
2024-03-01 12:51:00,OMCL,26.540000915527344,26.540000915527344,26.549999237060547,26.531200408935547,26.549999237060547,1195.0
2024-03-01 12:51:00,OMER,4.778299808502197,4.778299808502197,4.778299808502197,4.775000095367432,4.775000095367432,1236.0
2024-03-01 12:52:00,ABCL,5.260000228881836,5.260000228881836,5.260000228881836,5.251200199127197,5.251200199127197,1672.0
2024-03-01 12:52:00,ABEO,7.789999961853027,7.789999961853027,7.789999961853027,7.789999961853027,7.789999961853027,104.0
2024-03-01 12:52:00,ABSI,5.25,5.25,5.259300231933594,5.25,5.255000114440918,3910.0
2024-03-01 12:52:00,ABUS,2.7850000858306885,2.7850000858306885,2.7850000858306885,2.7799999713897705,2.7799999713897705,1023.0
2024-03-01 12:52:00,ACAD,24.40999984741211,24.40999984741211,24.420000076293945,24.40999984741211,24.420000076293945,1457.0
2024-03-01 12:52:00,ACB,3.219899892807007,3.219899892807007,3.219899892807007,3.211199998855591,3.211199998855591,3345.0
2024-03-01 12:52:00,ACET,2.4049999713897705,2.4049999713897705,2.4100000858306885,2.4000000953674316,2.4000000953674316,425.0
2024-03-01 12:52:00,ACHC,84.6500015258789,84.6500015258789,84.6500015258789,84.6500015258789,84.6500015258789,198.0
2024-03-01 12:52:00,ACHV,4.349999904632568,4.349999904632568,4.349999904632568,4.300000190734863,4.300000190734863,4006.0
2024-03-01 12:52:00,ACLX,67.0999984741211,67.0999984741211,67.17500305175781,67.08999633789062,67.08999633789062,619.0
2024-03-01 12:52:00,ACRS,1.2400000095367432,1.2400000095367432,1.2400000095367432,1.2300000190734863,1.2400000095367432,730.0
2024-03-01 12:52:00,ACXP,3.0399999618530273,3.0399999618530273,3.0399999618530273,2.9800000190734863,2.9800000190734863,7075.0
2024-03-01 12:52:00,ADIL,3.079900026321411,3.079900026321411,3.0899999141693115,3.0506999492645264,3.0799999237060547,5215.0
2024-03-01 12:52:00,ADMA,5.460000038146973,5.460000038146973,5.465000152587891,5.460000038146973,5.465000152587891,1127.0
2024-03-01 12:52:00,ADUS,93.70999908447266,93.70999908447266,93.70999908447266,93.70999908447266,93.70999908447266,169.0
2024-03-01 12:52:00,ADVM,1.975000023841858,1.975000023841858,1.975000023841858,1.9700000286102295,1.975000023841858,6522.0
2024-03-01 12:52:00,AFMD,0.6399999856948853,0.6399999856948853,0.6399999856948853,0.6399999856948853,0.6399999856948853,289.0
2024-03-01 12:52:00,AGEN,0.6738100051879883,0.6738100051879883,0.6739000082015991,0.6738100051879883,0.6739000082015991,11307.0
2024-03-01 12:52:00,AGIO,32.90999984741211,32.90999984741211,32.92499923706055,32.90999984741211,32.90999984741211,768.0
2024-03-01 12:52:00,AHCO,10.71500015258789,10.71500015258789,10.72700023651123,10.71500015258789,10.720000267028809,1920.0
2024-03-01 12:52:00,AIRS,6.5,6.5,6.5,6.5,6.5,310.0
2024-03-01 12:52:00,AKAN,0.2214999943971634,0.2214999943971634,0.23000000417232513,0.22139999270439148,0.22139999270439148,13238.0
2024-03-01 12:52:00,AKBA,1.6885000467300415,1.6885000467300415,1.690000057220459,1.6799999475479126,1.690000057220459,3790.0
2024-03-01 12:52:00,AKRO,30.045000076293945,30.045000076293945,30.10260009765625,30.045000076293945,30.10260009765625,1834.0
2024-03-01 12:52:00,AKYA,6.039999961853027,6.039999961853027,6.039999961853027,6.039999961853027,6.039999961853027,162.0
2024-03-01 12:52:00,ALDX,4.159999847412109,4.159999847412109,4.159999847412109,4.159900188446045,4.159900188446045,2624.0
2024-03-01 12:52:00,ALEC,7.385000228881836,7.385000228881836,7.389999866485596,7.385000228881836,7.389999866485596,283.0
2024-03-01 12:52:00,ALGN,304.0,304.0,304.0,304.0,304.0,393.0
2024-03-01 12:52:00,ALGS,1.1100000143051147,1.1100000143051147,1.1124000549316406,1.1100000143051147,1.1124000549316406,2023.0
2024-03-01 12:52:00,ALHC,5.739999771118164,5.739999771118164,5.739999771118164,5.739999771118164,5.739999771118164,103.0
2024-03-01 12:52:00,ALKS,30.139999389648438,30.139999389648438,30.139999389648438,30.139999389648438,30.139999389648438,1195.0
2024-03-01 12:52:00,ALLO,5.054999828338623,5.054999828338623,5.059999942779541,5.054999828338623,5.059999942779541,2416.0
2024-03-01 12:52:00,ALNY,154.7449951171875,154.7449951171875,154.86000061035156,154.7449951171875,154.86000061035156,600.0
2024-03-01 12:52:00,ALPN,35.79999923706055,35.79999923706055,35.84000015258789,35.79999923706055,35.84000015258789,903.0
2024-03-01 12:52:00,ALT,12.104999542236328,12.104999542236328,12.119999885559082,12.100000381469727,12.109999656677246,7339.0
2024-03-01 12:52:00,AMED,93.33999633789062,93.33999633789062,93.37000274658203,93.33999633789062,93.37000274658203,703.0
2024-03-01 12:52:00,AMGN,281.4800109863281,281.4800109863281,281.6120910644531,281.4800109863281,281.6099853515625,6357.0
2024-03-01 12:52:00,AMLX,18.780000686645508,18.780000686645508,18.780000686645508,18.760000228881836,18.770000457763672,3710.0
2024-03-01 12:52:00,AMPH,45.334999084472656,45.334999084472656,45.334999084472656,45.334999084472656,45.334999084472656,536.0
2024-03-01 12:52:00,AMRN,1.0499999523162842,1.0499999523162842,1.0507999658584595,1.0499999523162842,1.0507999658584595,1251.0
2024-03-01 12:52:00,ANGO,5.525000095367432,5.525000095367432,5.525000095367432,5.525000095367432,5.525000095367432,438.0
2024-03-01 12:52:00,ANNX,6.069900035858154,6.069900035858154,6.069900035858154,5.989999771118164,5.989999771118164,10648.0
2024-03-01 12:52:00,APLS,64.9800033569336,64.9800033569336,65.01000213623047,64.97000122070312,64.9749984741211,3602.0
2024-03-01 12:52:00,APLT,7.090000152587891,7.090000152587891,7.090000152587891,7.090000152587891,7.090000152587891,668.0
2024-03-01 12:52:00,AQST,4.260000228881836,4.260000228881836,4.260000228881836,4.249899864196777,4.249899864196777,6250.0
2024-03-01 12:52:00,ARCT,40.02000045776367,40.02000045776367,40.02000045776367,40.02000045776367,40.02000045776367,263.0
2024-03-01 12:52:00,ARDX,9.600099563598633,9.600099563598633,9.609999656677246,9.600000381469727,9.609999656677246,3670.0
2024-03-01 12:52:00,ARQT,11.78499984741211,11.78499984741211,11.829899787902832,11.78499984741211,11.820099830627441,11318.0
2024-03-01 12:52:00,ARVN,49.34000015258789,49.34000015258789,49.349998474121094,49.34000015258789,49.349998474121094,758.0
2024-03-01 12:52:00,ARWR,36.18000030517578,36.18000030517578,36.18000030517578,36.060001373291016,36.09000015258789,2390.0
2024-03-01 12:52:00,ASND,151.5800018310547,151.5800018310547,151.5800018310547,151.5800018310547,151.5800018310547,420.0
2024-03-01 12:52:00,ASRT,0.9250500202178955,0.9250500202178955,0.9290000200271606,0.9250500202178955,0.9290000200271606,1931.0
2024-03-01 12:52:00,ATAI,2.129300117492676,2.129300117492676,2.129300117492676,2.1208999156951904,2.1208999156951904,2094.0
2024-03-01 12:52:00,ATEC,13.579999923706055,13.579999923706055,13.579999923706055,13.574999809265137,13.574999809265137,577.0
2024-03-01 12:52:00,ATHA,4.0,4.0,4.0,4.0,4.0,105.0
2024-03-01 12:52:00,ATRC,36.09000015258789,36.09000015258789,36.119998931884766,36.09000015258789,36.119998931884766,310.0
2024-03-01 12:52:00,ATXS,14.949999809265137,14.949999809265137,14.960000038146973,14.949999809265137,14.960000038146973,1236.0
2024-03-01 12:52:00,AUPH,5.860000133514404,5.860000133514404,5.864999771118164,5.860000133514404,5.860000133514404,949.0
2024-03-01 12:52:00,AUTL,6.380000114440918,6.380000114440918,6.380000114440918,6.380000114440918,6.380000114440918,100.0
2024-03-01 12:52:00,AVDL,12.994999885559082,12.994999885559082,13.0,12.989999771118164,13.0,1408.0
2024-03-01 12:52:00,AXNX,67.44999694824219,67.44999694824219,67.44999694824219,67.44999694824219,67.44999694824219,206.0
2024-03-01 12:52:00,AXSM,82.5199966430664,82.5199966430664,82.5199966430664,82.47000122070312,82.51000213623047,1935.0
2024-03-01 12:52:00,AZN,64.69499969482422,64.69499969482422,64.69999694824219,64.68560028076172,64.68560028076172,2835.0
2024-03-01 12:52:00,AZTA,66.9000015258789,66.9000015258789,66.9000015258789,66.88999938964844,66.88999938964844,1927.0
2024-03-01 12:52:00,BBIO,36.09640121459961,36.09640121459961,36.099998474121094,36.06999969482422,36.099998474121094,2064.0
2024-03-01 12:52:00,BBLG,2.6549999713897705,2.6549999713897705,2.7799999713897705,2.5999999046325684,2.5999999046325684,3496.0
2024-03-01 12:52:00,BCLI,0.3580000102519989,0.3580000102519989,0.3580000102519989,0.3580000102519989,0.3580000102519989,660.0
2024-03-01 12:52:00,BCRX,5.760000228881836,5.760000228881836,5.769999980926514,5.760000228881836,5.760000228881836,11013.0
2024-03-01 12:52:00,BDSX,1.5987999439239502,1.5987999439239502,1.5987999439239502,1.5987999439239502,1.5987999439239502,201.0
2024-03-01 12:52:00,BEAM,40.099998474121094,40.099998474121094,40.15999984741211,40.09000015258789,40.15999984741211,1553.0
2024-03-01 12:52:00,BIIB,221.5800018310547,221.5800018310547,221.5800018310547,221.5800018310547,221.5800018310547,453.0
2024-03-01 12:52:00,BIOR,1.1642999649047852,1.1642999649047852,1.1891000270843506,1.1642999649047852,1.1749999523162842,408.0
2024-03-01 12:52:00,BIVI,1.8700000047683716,1.8700000047683716,1.8799999952316284,1.850000023841858,1.8700000047683716,43265.0
2024-03-01 12:52:00,BLUE,1.600000023841858,1.600000023841858,1.600000023841858,1.5950000286102295,1.600000023841858,7082.0
2024-03-01 12:52:00,BMEA,18.174999237060547,18.174999237060547,18.174999237060547,18.174999237060547,18.174999237060547,218.0
2024-03-01 12:52:00,BMRN,87.32499694824219,87.32499694824219,87.32499694824219,87.32499694824219,87.32499694824219,143.0
2024-03-01 12:52:00,BNR,0.8399500250816345,0.8399500250816345,0.8399500250816345,0.8399500250816345,0.8399500250816345,101.0
2024-03-01 12:52:00,BNTX,91.6500015258789,91.6500015258789,91.6500015258789,91.58000183105469,91.58000183105469,317.0
2024-03-01 12:52:00,BPMC,97.2249984741211,97.2249984741211,97.2300033569336,97.16000366210938,97.16000366210938,1657.0
2024-03-01 12:52:00,BRKR,88.34400177001953,88.34400177001953,88.34400177001953,88.33999633789062,88.33999633789062,1915.0
2024-03-01 12:52:00,BSGM,0.6237999796867371,0.6237999796867371,0.6238999962806702,0.6237999796867371,0.6237999796867371,1200.0
2024-03-01 12:52:00,BTTX,0.17599999904632568,0.17599999904632568,0.1770000010728836,0.17599999904632568,0.1770000010728836,3485.0
2024-03-01 12:52:00,BWAY,6.550000190734863,6.550000190734863,6.550000190734863,6.53000020980835,6.53000020980835,540.0
2024-03-01 12:52:00,CABA,24.059999465942383,24.059999465942383,24.059999465942383,24.059999465942383,24.059999465942383,169.0
2024-03-01 12:52:00,CAPR,4.574999809265137,4.574999809265137,4.585000038146973,4.574999809265137,4.585000038146973,2830.0
2024-03-01 12:52:00,CARA,0.9330000281333923,0.9330000281333923,0.9330000281333923,0.9228000044822693,0.9228000044822693,1166.0
2024-03-01 12:52:00,CBAY,32.22999954223633,32.22999954223633,32.2400016784668,32.22999954223633,32.2317008972168,4340.0
2024-03-01 12:52:00,CCCC,10.949999809265137,10.949999809265137,10.960000038146973,10.9350004196167,10.960000038146973,6233.0
2024-03-01 12:52:00,CCRN,18.184999465942383,18.184999465942383,18.190000534057617,18.18000030517578,18.18000030517578,415.0
2024-03-01 12:52:00,CDMO,8.085000038146973,8.085000038146973,8.09000015258789,8.085000038146973,8.09000015258789,963.0
2024-03-01 12:52:00,CDNA,12.279999732971191,12.279999732971191,12.305000305175781,12.279999732971191,12.305000305175781,1983.0
2024-03-01 12:52:00,CERE,41.10499954223633,41.10499954223633,41.10499954223633,41.099998474121094,41.099998474121094,569.0
2024-03-01 12:52:00,CERS,2.2249999046325684,2.2249999046325684,2.2249999046325684,2.221400022506714,2.221400022506714,301.0
2024-03-01 12:52:00,CERT,17.86680030822754,17.86680030822754,17.86680030822754,17.850000381469727,17.860000610351562,2419.0
2024-03-01 12:52:00,CGC,3.265000104904175,3.265000104904175,3.265000104904175,3.259999990463257,3.265000104904175,2299.0
2024-03-01 12:52:00,CGEM,19.0049991607666,19.0049991607666,19.014999389648438,18.979999542236328,19.014999389648438,861.0
2024-03-01 12:52:00,CGEN,2.684999942779541,2.684999942779541,2.684999942779541,2.684999942779541,2.684999942779541,225.0
2024-03-01 12:52:00,CHRS,2.4000000953674316,2.4000000953674316,2.4000000953674316,2.4000000953674316,2.4000000953674316,100.0
2024-03-01 12:52:00,CING,1.3792999982833862,1.3792999982833862,1.3792999982833862,1.3600000143051147,1.3600000143051147,2226.0
2024-03-01 12:52:00,CLDX,50.654998779296875,50.654998779296875,50.689998626708984,50.650001525878906,50.650001525878906,2601.0
2024-03-01 12:52:00,CLNN,0.38499999046325684,0.38499999046325684,0.38499999046325684,0.383899986743927,0.38499999046325684,34800.0
2024-03-01 12:52:00,CLOV,0.8610000014305115,0.8610000014305115,0.861549973487854,0.8608999848365784,0.861549973487854,3176.0
2024-03-01 12:52:00,CLRB,4.130000114440918,4.130000114440918,4.130000114440918,4.130000114440918,4.130000114440918,300.0
2024-03-01 12:52:00,CMPS,11.479999542236328,11.479999542236328,11.479999542236328,11.460000038146973,11.460000038146973,527.0
2024-03-01 12:52:00,CNSP,0.3188999891281128,0.3188999891281128,0.3188999891281128,0.3188999891281128,0.3188999891281128,1000.0
2024-03-01 12:52:00,CNTA,11.0,11.0,11.0,11.0,11.0,104.0
2024-03-01 12:52:00,CNTG,0.699999988079071,0.699999988079071,0.699999988079071,0.6919999718666077,0.699999988079071,10862.0
2024-03-01 12:52:00,CNTX,1.1699999570846558,1.1699999570846558,1.1699999570846558,1.1699999570846558,1.1699999570846558,100.0
2024-03-01 12:52:00,COGT,7.204999923706055,7.204999923706055,7.21999979019165,7.204999923706055,7.21999979019165,2824.0
2024-03-01 12:52:00,COLL,36.93000030517578,36.93000030517578,36.959999084472656,36.93000030517578,36.959999084472656,500.0
2024-03-01 12:52:00,CORT,24.239999771118164,24.239999771118164,24.260000228881836,24.239999771118164,24.260000228881836,2308.0
2024-03-01 12:52:00,CPRX,17.049999237060547,17.049999237060547,17.06800079345703,17.040000915527344,17.059999465942383,4322.0
2024-03-01 12:52:00,CPSI,9.470000267028809,9.470000267028809,9.470000267028809,9.470000267028809,9.470000267028809,400.0
2024-03-01 12:52:00,CRBP,32.025001525878906,32.025001525878906,32.025001525878906,32.025001525878906,32.025001525878906,300.0
2024-03-01 12:52:00,CRBU,7.960700035095215,7.960700035095215,7.980000019073486,7.960700035095215,7.980000019073486,5660.0
2024-03-01 12:52:00,CRDF,2.3701000213623047,2.3701000213623047,2.3996999263763428,2.369999885559082,2.3996999263763428,4014.0
2024-03-01 12:52:00,CRDL,1.9244999885559082,1.9244999885559082,1.9244999885559082,1.9229999780654907,1.9229999780654907,474.0
2024-03-01 12:52:00,CRMD,3.700000047683716,3.700000047683716,3.7000999450683594,3.700000047683716,3.7000999450683594,271.0
2024-03-01 12:52:00,CRNX,46.47999954223633,46.47999954223633,46.560001373291016,46.470001220703125,46.5099983215332,1645.0
2024-03-01 12:52:00,CRON,2.055000066757202,2.055000066757202,2.059999942779541,2.055000066757202,2.055000066757202,10565.0
2024-03-01 12:52:00,CRSP,86.0199966430664,86.0199966430664,86.12000274658203,86.0199966430664,86.08000183105469,1830.0
2024-03-01 12:52:00,CSTL,20.510000228881836,20.510000228881836,20.549999237060547,20.510000228881836,20.549999237060547,1337.0
2024-03-01 12:52:00,CTKB,8.779999732971191,8.779999732971191,8.795000076293945,8.779999732971191,8.795000076293945,2646.0
2024-03-01 12:52:00,CTMX,2.7100000381469727,2.7100000381469727,2.7200000286102295,2.7100000381469727,2.7100000381469727,1506.0
2024-03-01 12:52:00,CVAC,3.515000104904175,3.515000104904175,3.515000104904175,3.505000114440918,3.505000114440918,5302.0
2024-03-01 12:52:00,CVRX,20.809999465942383,20.809999465942383,20.809999465942383,20.809999465942383,20.809999465942383,158.0
2024-03-01 12:52:00,CYTK,73.29000091552734,73.29000091552734,73.29000091552734,73.25,73.2750015258789,969.0
2024-03-01 12:52:00,CYTO,2.369999885559082,2.369999885559082,2.380000114440918,2.369999885559082,2.380000114440918,2850.0
2024-03-01 12:52:00,DAWN,17.489999771118164,17.489999771118164,17.5049991607666,17.489999771118164,17.5049991607666,852.0
2024-03-01 12:52:00,DCGO,4.139999866485596,4.139999866485596,4.144999980926514,4.139999866485596,4.144999980926514,407.0
2024-03-01 12:52:00,DMTK,0.8593999743461609,0.8593999743461609,0.8593999743461609,0.8593999743461609,0.8593999743461609,930.0
2024-03-01 12:52:00,DNLI,20.850000381469727,20.850000381469727,20.8799991607666,20.850000381469727,20.8799991607666,1906.0
2024-03-01 12:52:00,DTIL,12.3100004196167,12.3100004196167,12.3100004196167,12.3100004196167,12.3100004196167,110.0
2024-03-01 12:52:00,DVAX,12.890000343322754,12.890000343322754,12.899999618530273,12.890000343322754,12.899999618530273,2893.0
2024-03-01 12:52:00,DXCM,121.5,121.5,121.5,121.37000274658203,121.37000274658203,4857.0
2024-03-01 12:52:00,DYAI,1.3200000524520874,1.3200000524520874,1.3200000524520874,1.3200000524520874,1.3200000524520874,190.0
2024-03-01 12:52:00,DYN,28.799999237060547,28.799999237060547,28.799999237060547,28.799999237060547,28.799999237060547,1322.0
2024-03-01 12:52:00,EDIT,10.869999885559082,10.869999885559082,10.895000457763672,10.869999885559082,10.895000457763672,4754.0
2024-03-01 12:52:00,EIGR,6.690000057220459,6.690000057220459,6.690000057220459,6.539999961853027,6.539999961853027,1834.0
2024-03-01 12:52:00,ELDN,1.809999942779541,1.809999942779541,1.8200000524520874,1.809999942779541,1.8200000524520874,3162.0
2024-03-01 12:52:00,ELEV,5.039899826049805,5.039899826049805,5.039999961853027,5.010000228881836,5.014999866485596,10005.0
2024-03-01 12:52:00,EMBC,14.505000114440918,14.505000114440918,14.520000457763672,14.475000381469727,14.477100372314453,1588.0
2024-03-01 12:52:00,ENSG,123.20999908447266,123.20999908447266,123.22000122070312,123.20999908447266,123.22000122070312,1346.0
2024-03-01 12:52:00,ENTA,15.395000457763672,15.395000457763672,15.40999984741211,15.395000457763672,15.40999984741211,543.0
2024-03-01 12:52:00,ENVB,1.5399999618530273,1.5399999618530273,1.5449999570846558,1.5399999618530273,1.5449999570846558,4554.0
2024-03-01 12:52:00,EOLS,14.74839973449707,14.74839973449707,14.74839973449707,14.74839973449707,14.74839973449707,330.0
2024-03-01 12:52:00,ERAS,2.5399999618530273,2.5399999618530273,2.5399999618530273,2.5350000858306885,2.5399999618530273,1240.0
2024-03-01 12:52:00,ESPR,2.5199999809265137,2.5199999809265137,2.5250000953674316,2.5199999809265137,2.5250000953674316,2476.0
2024-03-01 12:52:00,ETNB,13.210000038146973,13.210000038146973,13.210000038146973,13.1899995803833,13.1899995803833,7844.0
2024-03-01 12:52:00,EWTX,17.139999389648438,17.139999389648438,17.15999984741211,17.139999389648438,17.15999984741211,1961.0
2024-03-01 12:52:00,EXAS,60.415000915527344,60.415000915527344,60.43000030517578,60.415000915527344,60.43000030517578,892.0
2024-03-01 12:52:00,EXEL,22.4950008392334,22.4950008392334,22.5,22.489999771118164,22.489999771118164,1488.0
2024-03-01 12:52:00,EYEN,2.440000057220459,2.440000057220459,2.4800000190734863,2.440000057220459,2.450000047683716,31200.0
2024-03-01 12:52:00,EYPT,28.059999465942383,28.059999465942383,28.059999465942383,28.059999465942383,28.059999465942383,101.0
2024-03-01 12:52:00,FATE,7.625,7.625,7.639999866485596,7.625,7.639999866485596,2043.0
2024-03-01 12:52:00,FBIO,2.3550000190734863,2.3550000190734863,2.359999895095825,2.3501999378204346,2.359999895095825,802.0
2024-03-01 12:52:00,FEMY,1.7192000150680542,1.7192000150680542,1.7192000150680542,1.7192000150680542,1.7192000150680542,615.0
2024-03-01 12:52:00,FGEN,1.8600000143051147,1.8600000143051147,1.8600000143051147,1.8600000143051147,1.8600000143051147,4985.0
2024-03-01 12:52:00,FLGC,1.215000033378601,1.215000033378601,1.215000033378601,1.215000033378601,1.215000033378601,311.0
2024-03-01 12:52:00,FLGT,23.25,23.25,23.270099639892578,23.25,23.270099639892578,942.0
2024-03-01 12:52:00,FOLD,13.354999542236328,13.354999542236328,13.359999656677246,13.354999542236328,13.359999656677246,1800.0
2024-03-01 12:52:00,FULC,10.880000114440918,10.880000114440918,10.90999984741211,10.880000114440918,10.90999984741211,1842.0
2024-03-01 12:52:00,FUSN,12.329999923706055,12.329999923706055,12.329999923706055,12.3100004196167,12.3100004196167,236.0
2024-03-01 12:52:00,FWBI,8.533699989318848,8.533699989318848,8.533699989318848,8.533699989318848,8.533699989318848,110.0
2024-03-01 12:52:00,GALT,1.9299999475479126,1.9299999475479126,1.940000057220459,1.9299999475479126,1.940000057220459,356.0
2024-03-01 12:52:00,GCTK,0.31279999017715454,0.31279999017715454,0.3140000104904175,0.31279999017715454,0.31299999356269836,4001.0
2024-03-01 12:52:00,GDRX,8.220000267028809,8.220000267028809,8.261799812316895,8.220000267028809,8.261799812316895,10010.0
2024-03-01 12:52:00,GERN,2.2149999141693115,2.2149999141693115,2.2149999141693115,2.2100000381469727,2.2149999141693115,6372.0
2024-03-01 12:52:00,GH,19.174999237060547,19.174999237060547,19.196699142456055,19.174999237060547,19.196699142456055,2523.0
2024-03-01 12:52:00,GILD,72.31999969482422,72.31999969482422,72.33999633789062,72.31999969482422,72.33999633789062,6028.0
2024-03-01 12:52:00,GMDA,0.3804999887943268,0.3804999887943268,0.3804999887943268,0.3804999887943268,0.3804999887943268,583.0
2024-03-01 12:52:00,GOSS,1.399999976158142,1.399999976158142,1.399999976158142,1.399999976158142,1.399999976158142,287.0
2024-03-01 12:52:00,GRFS,7.114999771118164,7.114999771118164,7.114999771118164,7.074999809265137,7.074999809265137,13053.0
2024-03-01 12:52:00,GRTS,2.1468000411987305,2.1468000411987305,2.1468000411987305,2.1449999809265137,2.1449999809265137,934.0
2024-03-01 12:52:00,GRTX,0.23430000245571136,0.23430000245571136,0.23430000245571136,0.23430000245571136,0.23430000245571136,318.0
2024-03-01 12:52:00,GTHX,3.734999895095825,3.734999895095825,3.740000009536743,3.7300000190734863,3.7300000190734863,1859.0
2024-03-01 12:52:00,HALO,41.59000015258789,41.59000015258789,41.61000061035156,41.58000183105469,41.61000061035156,1281.0
2024-03-01 12:52:00,HCAT,8.010000228881836,8.010000228881836,8.010000228881836,8.010000228881836,8.010000228881836,812.0
2024-03-01 12:52:00,HCM,15.3100004196167,15.3100004196167,15.3100004196167,15.3100004196167,15.3100004196167,102.0
2024-03-01 12:52:00,HOLX,73.87000274658203,73.87000274658203,73.9000015258789,73.86000061035156,73.87999725341797,1365.0
2024-03-01 12:52:00,HOWL,7.039999961853027,7.039999961853027,7.039999961853027,7.03000020980835,7.03000020980835,791.0
2024-03-01 12:52:00,HQY,81.62000274658203,81.62000274658203,81.62000274658203,81.62000274658203,81.62000274658203,447.0
2024-03-01 12:52:00,HRMY,31.56999969482422,31.56999969482422,31.56999969482422,31.56999969482422,31.56999969482422,626.0
2024-03-01 12:52:00,HRTX,2.615000009536743,2.615000009536743,2.619999885559082,2.615000009536743,2.619999885559082,201.0
2024-03-01 12:52:00,HSIC,76.9000015258789,76.9000015258789,76.90499877929688,76.9000015258789,76.90499877929688,205.0
2024-03-01 12:52:00,HUMA,3.444999933242798,3.444999933242798,3.4700000286102295,3.440000057220459,3.4700000286102295,11558.0
2024-03-01 12:52:00,IART,36.650001525878906,36.650001525878906,36.650001525878906,36.63999938964844,36.63999938964844,859.0
2024-03-01 12:52:00,IBRX,4.809999942779541,4.809999942779541,4.809999942779541,4.800099849700928,4.804999828338623,5572.0
2024-03-01 12:52:00,ICCM,1.2821999788284302,1.2821999788284302,1.2821999788284302,1.2821999788284302,1.2821999788284302,1425.0
2024-03-01 12:52:00,ICUI,104.82499694824219,104.82499694824219,104.82499694824219,104.82499694824219,104.82499694824219,815.0
2024-03-01 12:52:00,IDXX,582.2000122070312,582.2000122070312,582.2000122070312,582.2000122070312,582.2000122070312,236.0
2024-03-01 12:52:00,IDYA,46.59000015258789,46.59000015258789,46.59000015258789,46.59000015258789,46.59000015258789,276.0
2024-03-01 12:52:00,IGMS,13.414999961853027,13.414999961853027,13.414999961853027,13.414999961853027,13.414999961853027,108.0
2024-03-01 12:52:00,ILMN,142.1300048828125,142.1300048828125,142.1300048828125,142.1300048828125,142.1300048828125,219.0
2024-03-01 12:52:00,IMCR,67.83999633789062,67.83999633789062,67.87999725341797,67.70500183105469,67.83999633789062,2648.0
2024-03-01 12:52:00,IMMX,3.5399999618530273,3.5399999618530273,3.5399999618530273,3.5399999618530273,3.5399999618530273,102.0
2024-03-01 12:52:00,IMTX,13.0,13.0,13.0,13.0,13.0,155.0
2024-03-01 12:52:00,IMUX,1.4850000143051147,1.4850000143051147,1.4850000143051147,1.4850000143051147,1.4850000143051147,187.0
2024-03-01 12:52:00,IMVT,36.380001068115234,36.380001068115234,36.415000915527344,36.369998931884766,36.415000915527344,2977.0
2024-03-01 12:52:00,INAB,1.0850000381469727,1.0850000381469727,1.0901999473571777,1.0800000429153442,1.090000033378601,4690.0
2024-03-01 12:52:00,INCY,59.349998474121094,59.349998474121094,59.36000061035156,59.33000183105469,59.33000183105469,1747.0
2024-03-01 12:52:00,INMD,22.834999084472656,22.834999084472656,22.84000015258789,22.820899963378906,22.84000015258789,7492.0
2024-03-01 12:52:00,INO,9.430000305175781,9.430000305175781,9.469300270080566,9.430000305175781,9.469300270080566,899.0
2024-03-01 12:52:00,INSM,28.6200008392334,28.6200008392334,28.635000228881836,28.6200008392334,28.635000228881836,587.0
2024-03-01 12:52:00,INVA,15.645000457763672,15.645000457763672,15.645000457763672,15.645000457763672,15.645000457763672,286.0
2024-03-01 12:52:00,IOBT,1.840000033378601,1.840000033378601,1.850000023841858,1.840000033378601,1.8499000072479248,1689.0
2024-03-01 12:52:00,IONS,45.869998931884766,45.869998931884766,45.91999816894531,45.869998931884766,45.88999938964844,1824.0
2024-03-01 12:52:00,IOVA,16.799999237060547,16.799999237060547,16.825000762939453,16.78499984741211,16.81909942626953,19152.0
2024-03-01 12:52:00,IRIX,2.6500000953674316,2.6500000953674316,2.6500000953674316,2.6500000953674316,2.6500000953674316,200.0
2024-03-01 12:52:00,IRMD,41.97999954223633,41.97999954223633,41.97999954223633,41.97999954223633,41.97999954223633,151.0
2024-03-01 12:52:00,IRWD,9.095000267028809,9.095000267028809,9.100000381469727,9.095000267028809,9.100000381469727,1773.0
2024-03-01 12:52:00,ISRG,394.739990234375,394.739990234375,394.739990234375,394.739990234375,394.739990234375,910.0
2024-03-01 12:52:00,ITCI,71.625,71.625,71.625,71.625,71.625,334.0
2024-03-01 12:52:00,ITOS,10.9399995803833,10.9399995803833,10.970000267028809,10.9399995803833,10.960000038146973,18618.0
2024-03-01 12:52:00,ITRM,1.2400000095367432,1.2400000095367432,1.2400000095367432,1.2400000095367432,1.2400000095367432,140.0
2024-03-01 12:52:00,IVVD,4.03000020980835,4.03000020980835,4.03000020980835,4.03000020980835,4.03000020980835,311.0
2024-03-01 12:52:00,JAGX,0.07440000027418137,0.07440000027418137,0.0746999979019165,0.07370000332593918,0.0745289996266365,41760.0
2024-03-01 12:52:00,JAZZ,119.68000030517578,119.68000030517578,119.68000030517578,119.68000030517578,119.68000030517578,161.0
2024-03-01 12:52:00,JSPR,20.84000015258789,20.84000015258789,20.84000015258789,20.84000015258789,20.84000015258789,340.0
2024-03-01 12:52:00,JYNT,9.96500015258789,9.96500015258789,9.96500015258789,9.96500015258789,9.96500015258789,404.0
2024-03-01 12:52:00,KNSA,21.78499984741211,21.78499984741211,21.78499984741211,21.78499984741211,21.78499984741211,396.0
2024-03-01 12:52:00,KPTI,1.215000033378601,1.215000033378601,1.2200000286102295,1.215000033378601,1.2200000286102295,357.0
2024-03-01 12:52:00,KRMD,2.119999885559082,2.119999885559082,2.119999885559082,2.119999885559082,2.119999885559082,313.0
2024-03-01 12:52:00,KRYS,168.9499969482422,168.9499969482422,169.14999389648438,168.9199981689453,169.14999389648438,791.0
2024-03-01 12:52:00,KURA,21.149999618530273,21.149999618530273,21.170000076293945,21.139999389648438,21.149999618530273,1273.0
2024-03-01 12:52:00,KYMR,44.125,44.125,44.125,44.119998931884766,44.125,624.0
2024-03-01 12:52:00,KZR,1.0774999856948853,1.0774999856948853,1.0774999856948853,1.0700000524520874,1.0700000524520874,397.0
2024-03-01 12:52:00,LAB,2.505000114440918,2.505000114440918,2.505000114440918,2.505000114440918,2.505000114440918,275.0
2024-03-01 12:52:00,LEGN,66.05000305175781,66.05000305175781,66.05000305175781,66.05000305175781,66.05000305175781,114.0
2024-03-01 12:52:00,LEXX,2.783099889755249,2.783099889755249,2.799999952316284,2.783099889755249,2.799999952316284,732.0
2024-03-01 12:52:00,LFLY,3.0,3.0,3.0,3.0,3.0,103.0
2024-03-01 12:52:00,LFMD,8.0,8.0,8.0,8.0,8.0,340.0
2024-03-01 12:52:00,LFST,7.78000020980835,7.78000020980835,7.799900054931641,7.78000020980835,7.795000076293945,4762.0
2024-03-01 12:52:00,LGND,78.25,78.25,78.25,78.25,78.25,219.0
2024-03-01 12:52:00,LIFE,1.9387999773025513,1.9387999773025513,1.9387999773025513,1.9387999773025513,1.9387999773025513,150.0
2024-03-01 12:52:00,LMAT,67.30999755859375,67.30999755859375,67.30999755859375,67.30999755859375,67.30999755859375,185.0
2024-03-01 12:52:00,LNTH,65.45999908447266,65.45999908447266,65.5,65.45500183105469,65.5,403.0
2024-03-01 12:52:00,LQDA,14.470000267028809,14.470000267028809,14.470000267028809,14.470000267028809,14.470000267028809,223.0
2024-03-01 12:52:00,LTRN,4.5100998878479,4.5100998878479,4.5100998878479,4.5100998878479,4.5100998878479,1012.0
2024-03-01 12:52:00,LUNG,9.399999618530273,9.399999618530273,9.404999732971191,9.399999618530273,9.404999732971191,360.0
2024-03-01 12:52:00,LVTX,3.0199999809265137,3.0199999809265137,3.0199999809265137,2.994999885559082,3.0,5034.0
2024-03-01 12:52:00,LXRX,2.509999990463257,2.509999990463257,2.515000104904175,2.509999990463257,2.515000104904175,805.0
2024-03-01 12:52:00,LYEL,3.1500000953674316,3.1500000953674316,3.1549999713897705,3.1500000953674316,3.1549999713897705,404.0
2024-03-01 12:52:00,LYRA,5.619999885559082,5.619999885559082,5.619999885559082,5.619999885559082,5.619999885559082,496.0
2024-03-01 12:52:00,MACK,14.729999542236328,14.729999542236328,14.729999542236328,14.729999542236328,14.729999542236328,317.0
2024-03-01 12:52:00,MBOT,1.2914999723434448,1.2914999723434448,1.2914999723434448,1.2914999723434448,1.2914999723434448,1202.0
2024-03-01 12:52:00,MCRB,1.2000000476837158,1.2000000476837158,1.2050000429153442,1.2000000476837158,1.2050000429153442,452.0
2024-03-01 12:52:00,MDGL,250.10499572753906,250.10499572753906,250.10499572753906,250.10499572753906,250.10499572753906,589.0
2024-03-01 12:52:00,MDRX,6.050000190734863,6.050000190734863,6.050000190734863,6.050000190734863,6.050000190734863,656.0
2024-03-01 12:52:00,MDXG,8.694999694824219,8.694999694824219,8.694999694824219,8.6899995803833,8.694999694824219,791.0
2024-03-01 12:52:00,ME,0.5759000182151794,0.5759000182151794,0.5759000182151794,0.5738999843597412,0.5759000182151794,1810.0
2024-03-01 12:52:00,MEDP,400.8599853515625,400.8599853515625,402.0249938964844,400.44000244140625,402.0249938964844,4932.0
2024-03-01 12:52:00,MGNX,18.979999542236328,18.979999542236328,18.979999542236328,18.969999313354492,18.969999313354492,891.0
2024-03-01 12:52:00,MIRM,29.899999618530273,29.899999618530273,29.899999618530273,29.899999618530273,29.899999618530273,798.0
2024-03-01 12:52:00,MIST,1.7400000095367432,1.7400000095367432,1.7482000589370728,1.7400000095367432,1.7482000589370728,800.0
2024-03-01 12:52:00,MLTX,51.63999938964844,51.63999938964844,51.689998626708984,51.63999938964844,51.689998626708984,763.0
2024-03-01 12:52:00,MNKD,4.539999961853027,4.539999961853027,4.539999961853027,4.539999961853027,4.539999961853027,213.0
2024-03-01 12:52:00,MNMD,6.139999866485596,6.139999866485596,6.164999961853027,6.139999866485596,6.164999961853027,3043.0
2024-03-01 12:52:00,MODV,28.010000228881836,28.010000228881836,28.075000762939453,28.010000228881836,28.075000762939453,1510.0
2024-03-01 12:52:00,MOR,17.579999923706055,17.579999923706055,17.579999923706055,17.579999923706055,17.579999923706055,200.0
2024-03-01 12:52:00,MORF,39.529998779296875,39.529998779296875,39.57500076293945,39.529998779296875,39.57500076293945,1665.0
2024-03-01 12:52:00,MOTS,0.6499999761581421,0.6499999761581421,0.6600000262260437,0.6499999761581421,0.6600000262260437,2933.0
2024-03-01 12:52:00,MREO,3.865000009536743,3.865000009536743,3.866499900817871,3.865000009536743,3.866499900817871,1001.0
2024-03-01 12:52:00,MRNA,96.56999969482422,96.56999969482422,96.72000122070312,96.56999969482422,96.72000122070312,6526.0
2024-03-01 12:52:00,MRSN,5.994999885559082,5.994999885559082,5.994999885559082,5.980000019073486,5.980000019073486,1906.0
2024-03-01 12:52:00,MRUS,51.959999084472656,51.959999084472656,51.98500061035156,51.95000076293945,51.95000076293945,1722.0
2024-03-01 12:52:00,MRVI,7.795000076293945,7.795000076293945,7.809999942779541,7.795000076293945,7.809999942779541,2819.0
2024-03-01 12:52:00,MXCT,4.764999866485596,4.764999866485596,4.764999866485596,4.764999866485596,4.764999866485596,204.0
2024-03-01 12:52:00,MYGN,21.719999313354492,21.719999313354492,21.719999313354492,21.68000030517578,21.690000534057617,2048.0
2024-03-01 12:52:00,NARI,45.36000061035156,45.36000061035156,45.400001525878906,45.34000015258789,45.380001068115234,5749.0
2024-03-01 12:52:00,NBIX,131.22999572753906,131.22999572753906,131.22999572753906,131.22999572753906,131.22999572753906,493.0
2024-03-01 12:52:00,NEO,16.1200008392334,16.1200008392334,16.1299991607666,16.1200008392334,16.1200008392334,499.0
2024-03-01 12:52:00,NEOG,17.334999084472656,17.334999084472656,17.334999084472656,17.329999923706055,17.329999923706055,679.0
2024-03-01 12:52:00,NERV,2.5553998947143555,2.5553998947143555,2.5553998947143555,2.5553998947143555,2.5553998947143555,139.0
2024-03-01 12:52:00,NKTR,0.789900004863739,0.789900004863739,0.789900004863739,0.7835000157356262,0.7883999943733215,1910.0
2024-03-01 12:52:00,NKTX,12.880000114440918,12.880000114440918,12.899999618530273,12.880000114440918,12.899999618530273,900.0
2024-03-01 12:52:00,NNOX,11.130000114440918,11.130000114440918,11.135000228881836,11.125,11.135000228881836,5441.0
2024-03-01 12:52:00,NRIX,13.619999885559082,13.619999885559082,13.630000114440918,13.619999885559082,13.630000114440918,940.0
2024-03-01 12:52:00,NRSN,2.089400053024292,2.089400053024292,2.089400053024292,2.089400053024292,2.089400053024292,153.0
2024-03-01 12:52:00,NTLA,33.459999084472656,33.459999084472656,33.50640106201172,33.459999084472656,33.50640106201172,2322.0
2024-03-01 12:52:00,NTRA,89.04000091552734,89.04000091552734,89.12000274658203,89.01000213623047,89.12000274658203,3930.0
2024-03-01 12:52:00,NUVL,88.79000091552734,88.79000091552734,88.8499984741211,88.79000091552734,88.8499984741211,545.0
2024-03-01 12:52:00,NVAX,5.130000114440918,5.130000114440918,5.150000095367432,5.119999885559082,5.149899959564209,22460.0
2024-03-01 12:52:00,NVCR,16.06999969482422,16.06999969482422,16.06999969482422,16.065000534057617,16.065000534057617,220.0
2024-03-01 12:52:00,NXTC,1.7200000286102295,1.7200000286102295,1.7200000286102295,1.7200000286102295,1.7200000286102295,200.0
2024-03-01 12:52:00,NYXH,14.510000228881836,14.510000228881836,14.510000228881836,14.510000228881836,14.510000228881836,805.0
2024-03-01 12:52:00,OCGN,0.9487000107765198,0.9487000107765198,0.9487500190734863,0.9413999915122986,0.9413999915122986,13484.0
2024-03-01 12:52:00,OCUL,10.78499984741211,10.78499984741211,10.78499984741211,10.770000457763672,10.770000457763672,1347.0
2024-03-01 12:52:00,OCUP,2.490000009536743,2.490000009536743,2.5,2.490000009536743,2.5,1964.0
2024-03-01 12:52:00,OGI,2.2149999141693115,2.2149999141693115,2.2184998989105225,2.2149999141693115,2.2184998989105225,574.0
2024-03-01 12:52:00,OLK,22.645000457763672,22.645000457763672,22.645000457763672,22.645000457763672,22.645000457763672,100.0
2024-03-01 12:52:00,OLMA,14.819899559020996,14.819899559020996,14.819899559020996,14.699999809265137,14.699999809265137,5448.0
2024-03-01 12:52:00,OMER,4.784999847412109,4.784999847412109,4.784999847412109,4.78000020980835,4.78000020980835,900.0
2024-03-01 12:52:00,OMGA,4.179999828338623,4.179999828338623,4.179999828338623,4.179999828338623,4.179999828338623,519.0
2024-03-01 12:53:00,ABCL,5.255000114440918,5.255000114440918,5.255000114440918,5.25,5.255000114440918,811.0
2024-03-01 12:53:00,ABEO,7.795000076293945,7.795000076293945,7.795000076293945,7.795000076293945,7.795000076293945,220.0
2024-03-01 12:53:00,ABSI,5.239999771118164,5.239999771118164,5.255000114440918,5.239999771118164,5.255000114440918,5522.0
2024-03-01 12:53:00,ABUS,2.7799999713897705,2.7799999713897705,2.7799999713897705,2.7799999713897705,2.7799999713897705,1841.0
2024-03-01 12:53:00,ABVC,1.179900050163269,1.179900050163269,1.179900050163269,1.179900050163269,1.179900050163269,200.0
2024-03-01 12:53:00,ACAD,24.415000915527344,24.415000915527344,24.417999267578125,24.40999984741211,24.40999984741211,555.0
2024-03-01 12:53:00,ACB,3.2200000286102295,3.2200000286102295,3.2200000286102295,3.210599899291992,3.2149999141693115,4242.0
2024-03-01 12:53:00,ACET,2.4000000953674316,2.4000000953674316,2.4049999713897705,2.3949999809265137,2.4049999713897705,8050.0
2024-03-01 12:53:00,ACHC,84.6449966430664,84.6449966430664,84.6449966430664,84.62000274658203,84.62000274658203,653.0
2024-03-01 12:53:00,ACHV,4.309999942779541,4.309999942779541,4.349999904632568,4.309999942779541,4.340000152587891,5112.0
2024-03-01 12:53:00,ACLX,67.02999877929688,67.02999877929688,67.07499694824219,67.02999877929688,67.07499694824219,812.0
2024-03-01 12:53:00,ACON,0.4065000116825104,0.4065000116825104,0.4065000116825104,0.4065000116825104,0.4065000116825104,1000.0
2024-03-01 12:53:00,ACRS,1.2350000143051147,1.2350000143051147,1.2400000095367432,1.2300000190734863,1.2400000095367432,724.0
2024-03-01 12:53:00,ACXP,3.0999999046325684,3.0999999046325684,3.0999999046325684,3.0950000286102295,3.0950000286102295,861.0
2024-03-01 12:53:00,ADIL,3.0799999237060547,3.0799999237060547,3.0899999141693115,3.069999933242798,3.0764000415802,6554.0
2024-03-01 12:53:00,ADMA,5.465000152587891,5.465000152587891,5.46999979019165,5.465000152587891,5.46999979019165,988.0
2024-03-01 12:53:00,ADPT,4.199999809265137,4.199999809265137,4.199999809265137,4.199999809265137,4.199999809265137,126.0
2024-03-01 12:53:00,ADVM,1.975000023841858,1.975000023841858,1.975000023841858,1.965000033378601,1.9700000286102295,6182.0
2024-03-01 12:53:00,AFMD,0.6399000287055969,0.6399000287055969,0.6399000287055969,0.620199978351593,0.620199978351593,1797.0
2024-03-01 12:53:00,AGEN,0.6738499999046326,0.6738499999046326,0.6739000082015991,0.6738499999046326,0.6739000082015991,4801.0
2024-03-01 12:53:00,AGIO,32.904998779296875,32.904998779296875,32.904998779296875,32.904998779296875,32.904998779296875,301.0
2024-03-01 12:53:00,AHCO,10.71500015258789,10.71500015258789,10.71500015258789,10.71500015258789,10.71500015258789,200.0
2024-03-01 12:53:00,AKAN,0.23000000417232513,0.23000000417232513,0.23109999299049377,0.2214999943971634,0.2214999943971634,49800.0
2024-03-01 12:53:00,AKBA,1.6799999475479126,1.6799999475479126,1.680799961090088,1.6799999475479126,1.680799961090088,1266.0
2024-03-01 12:53:00,AKLI,0.3400999903678894,0.3400999903678894,0.3400999903678894,0.3400999903678894,0.3400999903678894,2769.0
2024-03-01 12:53:00,AKRO,30.010000228881836,30.010000228881836,30.010000228881836,30.010000228881836,30.010000228881836,205.0
2024-03-01 12:53:00,ALDX,4.15500020980835,4.15500020980835,4.159999847412109,4.15500020980835,4.159999847412109,1112.0
2024-03-01 12:53:00,ALEC,7.389999866485596,7.389999866485596,7.389999866485596,7.385000228881836,7.385000228881836,451.0
2024-03-01 12:53:00,ALHC,5.739999771118164,5.739999771118164,5.739999771118164,5.730000019073486,5.739999771118164,422.0
2024-03-01 12:53:00,ALKS,30.1200008392334,30.1200008392334,30.1299991607666,30.1200008392334,30.1299991607666,1149.0
2024-03-01 12:53:00,ALLK,1.600000023841858,1.600000023841858,1.6050000190734863,1.600000023841858,1.6050000190734863,2920.0
2024-03-01 12:53:00,ALPN,35.779998779296875,35.779998779296875,35.79999923706055,35.779998779296875,35.79999923706055,2203.0
2024-03-01 12:53:00,ALT,12.130000114440918,12.130000114440918,12.130000114440918,12.10990047454834,12.10990047454834,7694.0
2024-03-01 12:53:00,ALVO,15.720000267028809,15.720000267028809,15.720000267028809,15.720000267028809,15.720000267028809,165.0
2024-03-01 12:53:00,ALXO,15.029999732971191,15.029999732971191,15.039999961853027,15.029999732971191,15.039999961853027,1096.0
2024-03-01 12:53:00,AMGN,281.44000244140625,281.44000244140625,281.5150146484375,281.42999267578125,281.45001220703125,5633.0
2024-03-01 12:53:00,AMLX,18.777999877929688,18.777999877929688,18.777999877929688,18.77750015258789,18.77750015258789,625.0
2024-03-01 12:53:00,AMPH,45.189998626708984,45.189998626708984,45.27000045776367,45.189998626708984,45.2599983215332,2477.0
2024-03-01 12:53:00,AMRN,1.0499999523162842,1.0499999523162842,1.059999942779541,1.0499999523162842,1.0507999658584595,4293.0
2024-03-01 12:53:00,ANIP,66.7249984741211,66.7249984741211,66.7249984741211,66.7249984741211,66.7249984741211,168.0
2024-03-01 12:53:00,ANIX,3.5299999713897705,3.5299999713897705,3.5299999713897705,3.509999990463257,3.509999990463257,937.0
2024-03-01 12:53:00,ANNX,6.070000171661377,6.070000171661377,6.070000171661377,6.03000020980835,6.03000020980835,706.0
2024-03-01 12:53:00,APDN,0.5694000124931335,0.5694000124931335,0.5694000124931335,0.5694000124931335,0.5694000124931335,400.0
2024-03-01 12:53:00,APLS,64.94999694824219,64.94999694824219,64.9800033569336,64.93000030517578,64.9800033569336,2610.0
2024-03-01 12:53:00,APLT,7.090000152587891,7.090000152587891,7.090000152587891,7.090000152587891,7.090000152587891,516.0
2024-03-01 12:53:00,AQST,4.25,4.25,4.269899845123291,4.25,4.269899845123291,3226.0
2024-03-01 12:53:00,ARAY,2.6449999809265137,2.6449999809265137,2.6449999809265137,2.6449999809265137,2.6449999809265137,108.0
2024-03-01 12:53:00,ARCT,40.029998779296875,40.029998779296875,40.029998779296875,40.029998779296875,40.029998779296875,214.0
2024-03-01 12:53:00,ARDX,9.604999542236328,9.604999542236328,9.604999542236328,9.600000381469727,9.604999542236328,1792.0
2024-03-01 12:53:00,ARQT,11.779999732971191,11.779999732971191,11.78499984741211,11.770000457763672,11.779999732971191,8143.0
2024-03-01 12:53:00,ARTL,1.4788000583648682,1.4788000583648682,1.4788000583648682,1.4788000583648682,1.4788000583648682,829.0
2024-03-01 12:53:00,ARVN,49.290000915527344,49.290000915527344,49.29999923706055,49.220001220703125,49.29999923706055,1588.0
2024-03-01 12:53:00,ARWR,36.125,36.125,36.130001068115234,36.09000015258789,36.09000015258789,658.0
2024-03-01 12:53:00,ASND,151.47000122070312,151.47000122070312,151.47000122070312,151.3699951171875,151.39999389648438,1198.0
2024-03-01 12:53:00,ASRT,0.9298999905586243,0.9298999905586243,0.9298999905586243,0.9250500202178955,0.9298999905586243,2500.0
2024-03-01 12:53:00,ATAI,2.1214001178741455,2.1214001178741455,2.1291000843048096,2.1214001178741455,2.1291000843048096,237.0
2024-03-01 12:53:00,ATEC,13.569999694824219,13.569999694824219,13.569999694824219,13.569999694824219,13.569999694824219,200.0
2024-03-01 12:53:00,ATHA,3.990000009536743,3.990000009536743,3.990000009536743,3.990000009536743,3.990000009536743,106.0
2024-03-01 12:53:00,ATRA,0.7926499843597412,0.7926499843597412,0.7975000143051147,0.7925999760627747,0.7975000143051147,1578.0
2024-03-01 12:53:00,ATRC,36.119998931884766,36.119998931884766,36.119998931884766,36.119998931884766,36.119998931884766,100.0
2024-03-01 12:53:00,ATXS,14.9399995803833,14.9399995803833,14.9399995803833,14.9399995803833,14.9399995803833,106.0
2024-03-01 12:53:00,AUGX,4.550000190734863,4.550000190734863,4.550000190734863,4.550000190734863,4.550000190734863,193.0
2024-03-01 12:53:00,AUPH,5.867499828338623,5.867499828338623,5.867499828338623,5.860000133514404,5.864999771118164,1285.0
2024-03-01 12:53:00,AUTL,6.379199981689453,6.379199981689453,6.389999866485596,6.379199981689453,6.389999866485596,2619.0
2024-03-01 12:53:00,AVIR,4.550000190734863,4.550000190734863,4.550000190734863,4.54010009765625,4.54010009765625,657.0
2024-03-01 12:53:00,AVXL,5.400000095367432,5.400000095367432,5.400000095367432,5.400000095367432,5.400000095367432,2304.0
2024-03-01 12:53:00,AWH,4.070000171661377,4.070000171661377,4.199999809265137,4.070000171661377,4.199999809265137,13415.0
2024-03-01 12:53:00,AXNX,67.44999694824219,67.44999694824219,67.44999694824219,67.44999694824219,67.44999694824219,222.0
2024-03-01 12:53:00,AZN,64.69999694824219,64.69999694824219,64.69999694824219,64.69000244140625,64.69499969482422,2746.0
2024-03-01 12:53:00,AZTA,66.88999938964844,66.88999938964844,66.91999816894531,66.88999938964844,66.91999816894531,549.0
2024-03-01 12:53:00,BBIO,36.08000183105469,36.08000183105469,36.08000183105469,36.08000183105469,36.08000183105469,152.0
2024-03-01 12:53:00,BBLG,2.6500000953674316,2.6500000953674316,2.889899969100952,2.5,2.700000047683716,24148.0
2024-03-01 12:53:00,BCAB,2.734999895095825,2.734999895095825,2.734999895095825,2.734999895095825,2.734999895095825,116.0
2024-03-01 12:53:00,BCRX,5.764999866485596,5.764999866485596,5.764999866485596,5.760000228881836,5.760000228881836,706.0
2024-03-01 12:53:00,BCYC,25.799999237060547,25.799999237060547,25.799999237060547,25.799999237060547,25.799999237060547,259.0
2024-03-01 12:53:00,BDTX,4.989999771118164,4.989999771118164,4.989999771118164,4.989999771118164,4.989999771118164,204.0
2024-03-01 12:53:00,BEAM,40.150001525878906,40.150001525878906,40.150001525878906,40.150001525878906,40.150001525878906,451.0
2024-03-01 12:53:00,BGNE,166.9149932861328,166.9149932861328,166.9149932861328,166.9149932861328,166.9149932861328,186.0
2024-03-01 12:53:00,BIIB,221.41000366210938,221.41000366210938,221.4199981689453,221.35000610351562,221.3800048828125,3524.0
2024-03-01 12:53:00,BIOL,0.13850000500679016,0.13850000500679016,0.13850000500679016,0.13850000500679016,0.13850000500679016,5101.0
2024-03-01 12:53:00,BIOR,1.1885000467300415,1.1885000467300415,1.1885000467300415,1.1885000467300415,1.1885000467300415,811.0
2024-03-01 12:53:00,BIVI,1.8650000095367432,1.8650000095367432,1.8700000047683716,1.8600000143051147,1.86899995803833,12733.0
2024-03-01 12:53:00,BLFS,18.2450008392334,18.2450008392334,18.309999465942383,18.235000610351562,18.309999465942383,2208.0
2024-03-01 12:53:00,BLUE,1.600000023841858,1.600000023841858,1.600000023841858,1.590000033378601,1.5999000072479248,16018.0
2024-03-01 12:53:00,BMEA,18.1299991607666,18.1299991607666,18.190000534057617,18.1299991607666,18.190000534057617,1809.0
2024-03-01 12:53:00,BMRN,87.3499984741211,87.3499984741211,87.3499984741211,87.31999969482422,87.33999633789062,1093.0
2024-03-01 12:53:00,BPMC,97.18000030517578,97.18000030517578,97.2699966430664,97.18000030517578,97.2699966430664,483.0
2024-03-01 12:53:00,BSGM,0.633499026298523,0.633499026298523,0.6430000066757202,0.633499026298523,0.6430000066757202,400.0
2024-03-01 12:53:00,BTTX,0.17749999463558197,0.17749999463558197,0.17900000512599945,0.17599999904632568,0.17599999904632568,24108.0
2024-03-01 12:53:00,BWAY,6.53000020980835,6.53000020980835,6.53000020980835,6.53000020980835,6.53000020980835,100.0
2024-03-01 12:53:00,CABA,24.079999923706055,24.079999923706055,24.079999923706055,24.079999923706055,24.079999923706055,100.0
2024-03-01 12:53:00,CAPR,4.579999923706055,4.579999923706055,4.579999923706055,4.570000171661377,4.570000171661377,428.0
2024-03-01 12:53:00,CARA,0.9330000281333923,0.9330000281333923,0.9366999864578247,0.9330000281333923,0.9366999864578247,9102.0
2024-03-01 12:53:00,CBAY,32.23500061035156,32.23500061035156,32.2400016784668,32.23500061035156,32.2400016784668,951.0
2024-03-01 12:53:00,CCCC,10.954999923706055,10.954999923706055,10.960000038146973,10.944999694824219,10.944999694824219,1141.0
2024-03-01 12:53:00,CDMO,8.079999923706055,8.079999923706055,8.079999923706055,8.079999923706055,8.079999923706055,826.0
2024-03-01 12:53:00,CDNA,12.3100004196167,12.3100004196167,12.3100004196167,12.279999732971191,12.279999732971191,4449.0
2024-03-01 12:53:00,CDTX,0.7217000126838684,0.7217000126838684,0.7217000126838684,0.7217000126838684,0.7217000126838684,229.0
2024-03-01 12:53:00,CDXS,4.489999771118164,4.489999771118164,4.489999771118164,4.464799880981445,4.46999979019165,1824.0
2024-03-01 12:53:00,CELC,16.209999084472656,16.209999084472656,16.299999237060547,16.209999084472656,16.299999237060547,2134.0
2024-03-01 12:53:00,CELU,3.5899999141693115,3.5899999141693115,3.5899999141693115,3.5899999141693115,3.5899999141693115,369.0
2024-03-01 12:53:00,CERE,41.102500915527344,41.102500915527344,41.11000061035156,41.102500915527344,41.102500915527344,998.0
2024-03-01 12:53:00,CERT,17.90999984741211,17.90999984741211,17.90999984741211,17.8799991607666,17.8799991607666,4114.0
2024-03-01 12:53:00,CGC,3.265000104904175,3.265000104904175,3.265000104904175,3.2600998878479004,3.265000104904175,536.0
2024-03-01 12:53:00,CGEM,18.99970054626465,18.99970054626465,19.0049991607666,18.99970054626465,19.0049991607666,411.0
2024-03-01 12:53:00,CHEK,2.1600000858306885,2.1600000858306885,2.1600000858306885,2.1600000858306885,2.1600000858306885,218.0
2024-03-01 12:53:00,CHRS,2.390000104904175,2.390000104904175,2.4000000953674316,2.390000104904175,2.4000000953674316,800.0
2024-03-01 12:53:00,CLDX,50.689998626708984,50.689998626708984,50.790000915527344,50.654998779296875,50.654998779296875,8902.0
2024-03-01 12:53:00,CLNN,0.3862999975681305,0.3862999975681305,0.38749998807907104,0.3862999975681305,0.38749998807907104,400.0
2024-03-01 12:53:00,CLOV,0.8622000217437744,0.8622000217437744,0.8622000217437744,0.8611000180244446,0.8616499900817871,2239.0
2024-03-01 12:53:00,CLRB,4.119999885559082,4.119999885559082,4.119999885559082,4.119999885559082,4.119999885559082,1300.0
2024-03-01 12:53:00,CMPS,11.479999542236328,11.479999542236328,11.489999771118164,11.460000038146973,11.489999771118164,799.0
2024-03-01 12:53:00,COGT,7.204999923706055,7.204999923706055,7.204999923706055,7.204999923706055,7.204999923706055,863.0
2024-03-01 12:53:00,COLL,36.81999969482422,36.81999969482422,36.93000030517578,36.81999969482422,36.93000030517578,2727.0
2024-03-01 12:53:00,CORT,24.260000228881836,24.260000228881836,24.270000457763672,24.25,24.25,1285.0
2024-03-01 12:53:00,COSM,0.762099027633667,0.762099027633667,0.762099027633667,0.762099027633667,0.762099027633667,344.0
2024-03-01 12:53:00,CPRX,17.049999237060547,17.049999237060547,17.05500030517578,17.045000076293945,17.049999237060547,10633.0
2024-03-01 12:53:00,CPSI,9.5,9.5,9.5,9.5,9.5,101.0
2024-03-01 12:53:00,CRBP,32.150001525878906,32.150001525878906,32.150001525878906,32.150001525878906,32.150001525878906,871.0
2024-03-01 12:53:00,CRBU,7.980000019073486,7.980000019073486,7.980000019073486,7.960000038146973,7.960000038146973,3796.0
2024-03-01 12:53:00,CRDF,2.3810999393463135,2.3810999393463135,2.390000104904175,2.380000114440918,2.380000114440918,10236.0
2024-03-01 12:53:00,CRMD,3.7100000381469727,3.7100000381469727,3.7100000381469727,3.700000047683716,3.7049999237060547,900.0
2024-03-01 12:53:00,CRNX,46.47999954223633,46.47999954223633,46.54999923706055,46.459999084472656,46.459999084472656,358.0
2024-03-01 12:53:00,CRON,2.059999942779541,2.059999942779541,2.059999942779541,2.059999942779541,2.059999942779541,1505.0
2024-03-01 12:53:00,CRSP,86.0199966430664,86.0199966430664,86.0199966430664,86.0199966430664,86.0199966430664,152.0
2024-03-01 12:53:00,CTKB,8.78499984741211,8.78499984741211,8.789999961853027,8.78499984741211,8.789999961853027,612.0
2024-03-01 12:53:00,CTMX,2.7100000381469727,2.7100000381469727,2.7200000286102295,2.7100000381469727,2.7149999141693115,5245.0
2024-03-01 12:53:00,CTXR,0.7700999975204468,0.7700999975204468,0.7702000141143799,0.7700999975204468,0.7702000141143799,2609.0
2024-03-01 12:53:00,CUTR,2.4100000858306885,2.4100000858306885,2.4200000762939453,2.4100000858306885,2.4200000762939453,11502.0
2024-03-01 12:53:00,CYTK,73.2750015258789,73.2750015258789,73.2750015258789,73.2699966430664,73.2699966430664,262.0
2024-03-01 12:53:00,DARE,0.5521000027656555,0.5521000027656555,0.5521000027656555,0.5521000027656555,0.5521000027656555,1812.0
2024-03-01 12:53:00,DAWN,17.459999084472656,17.459999084472656,17.489999771118164,17.459999084472656,17.489999771118164,1807.0
2024-03-01 12:53:00,DCGO,4.144999980926514,4.144999980926514,4.144999980926514,4.144999980926514,4.144999980926514,2900.0
2024-03-01 12:53:00,DCPH,17.469999313354492,17.469999313354492,17.4950008392334,17.469999313354492,17.4950008392334,979.0
2024-03-01 12:53:00,DMTK,0.8593990206718445,0.8593990206718445,0.859499990940094,0.8593990206718445,0.859499990940094,5315.0
2024-03-01 12:53:00,DNLI,20.84000015258789,20.84000015258789,20.850000381469727,20.84000015258789,20.850000381469727,247.0
2024-03-01 12:53:00,DTIL,12.283900260925293,12.283900260925293,12.309900283813477,12.283900260925293,12.309900283813477,710.0
2024-03-01 12:53:00,DVAX,12.895000457763672,12.895000457763672,12.895000457763672,12.890000343322754,12.890000343322754,498.0
2024-03-01 12:53:00,DXCM,121.47000122070312,121.47000122070312,121.48500061035156,121.38999938964844,121.4749984741211,6250.0
2024-03-01 12:53:00,DYAI,1.3461999893188477,1.3461999893188477,1.3461999893188477,1.340000033378601,1.340000033378601,319.0
2024-03-01 12:53:00,EDIT,10.859999656677246,10.859999656677246,10.871000289916992,10.859999656677246,10.871000289916992,931.0
2024-03-01 12:53:00,EFTR,15.496299743652344,15.496299743652344,15.496299743652344,15.496299743652344,15.496299743652344,324.0
2024-03-01 12:53:00,ELEV,5.03000020980835,5.03000020980835,5.039999961853027,5.019999980926514,5.03000020980835,1132.0
2024-03-01 12:53:00,EMBC,14.529999732971191,14.529999732971191,14.529999732971191,14.529999732971191,14.529999732971191,238.0
2024-03-01 12:53:00,ENTX,1.4299999475479126,1.4299999475479126,1.4299999475479126,1.419600009918213,1.419600009918213,345.0
2024-03-01 12:53:00,ENVB,1.5499999523162842,1.5499999523162842,1.5499999523162842,1.5338000059127808,1.5399999618530273,2524.0
2024-03-01 12:53:00,EOLS,14.739999771118164,14.739999771118164,14.739999771118164,14.739999771118164,14.739999771118164,582.0
2024-03-01 12:53:00,ESPR,2.5250000953674316,2.5250000953674316,2.5250000953674316,2.5199999809265137,2.5250000953674316,750.0
2024-03-01 12:53:00,EWTX,17.084999084472656,17.084999084472656,17.1200008392334,17.084999084472656,17.1200008392334,2111.0
2024-03-01 12:53:00,EXAI,6.804999828338623,6.804999828338623,6.804999828338623,6.804999828338623,6.804999828338623,141.0
2024-03-01 12:53:00,EXAS,60.40999984741211,60.40999984741211,60.40999984741211,60.36000061035156,60.36000061035156,1319.0
2024-03-01 12:53:00,EXEL,22.485000610351562,22.485000610351562,22.489999771118164,22.485000610351562,22.489999771118164,1942.0
2024-03-01 12:53:00,EYEN,2.469899892807007,2.469899892807007,2.469899892807007,2.4600000381469727,2.4600000381469727,1308.0
2024-03-01 12:53:00,EYPT,28.010000228881836,28.010000228881836,28.040000915527344,28.010000228881836,28.040000915527344,1382.0
2024-03-01 12:53:00,FATE,7.610000133514404,7.610000133514404,7.625500202178955,7.579999923706055,7.625500202178955,13621.0
2024-03-01 12:53:00,FBIO,2.3499999046325684,2.3499999046325684,2.3499999046325684,2.3499999046325684,2.3499999046325684,920.0
2024-03-01 12:53:00,FDMT,29.288799285888672,29.288799285888672,29.309999465942383,29.281999588012695,29.309999465942383,1488.0
2024-03-01 12:53:00,FGEN,1.8698999881744385,1.8698999881744385,1.8698999881744385,1.8698999881744385,1.8698999881744385,500.0
2024-03-01 12:53:00,FLGT,23.229999542236328,23.229999542236328,23.229999542236328,23.229999542236328,23.229999542236328,105.0
2024-03-01 12:53:00,FOLD,13.364999771118164,13.364999771118164,13.364999771118164,13.354999542236328,13.354999542236328,1645.0
2024-03-01 12:53:00,FULC,10.869999885559082,10.869999885559082,10.869999885559082,10.860899925231934,10.860899925231934,264.0
2024-03-01 12:53:00,FUSN,12.34000015258789,12.34000015258789,12.34000015258789,12.329999923706055,12.329999923706055,446.0
2024-03-01 12:53:00,FWBI,8.554400444030762,8.554400444030762,8.554400444030762,8.554400444030762,8.554400444030762,150.0
2024-03-01 12:53:00,GALT,1.9567999839782715,1.9567999839782715,1.9567999839782715,1.9567999839782715,1.9567999839782715,1605.0
2024-03-01 12:53:00,GANX,4.663300037384033,4.663300037384033,4.663300037384033,4.663300037384033,4.663300037384033,146.0
2024-03-01 12:53:00,GDRX,8.220000267028809,8.220000267028809,8.222999572753906,8.220000267028809,8.220000267028809,3269.0
2024-03-01 12:53:00,GERN,2.2149999141693115,2.2149999141693115,2.2149999141693115,2.2149999141693115,2.2149999141693115,1072.0
2024-03-01 12:53:00,GH,19.179899215698242,19.179899215698242,19.179899215698242,19.179899215698242,19.179899215698242,813.0
2024-03-01 12:53:00,GILD,72.30500030517578,72.30500030517578,72.31999969482422,72.30500030517578,72.31500244140625,5803.0
2024-03-01 12:53:00,GLYC,3.049999952316284,3.049999952316284,3.049999952316284,3.0399999618530273,3.0399999618530273,378.0
2024-03-01 12:53:00,GMAB,29.3799991607666,29.3799991607666,29.3799991607666,29.360000610351562,29.3799991607666,1453.0
2024-03-01 12:53:00,GMDA,0.3804999887943268,0.3804999887943268,0.3804999887943268,0.3804999887943268,0.3804999887943268,3703.0
2024-03-01 12:53:00,GOSS,1.399999976158142,1.399999976158142,1.409000039100647,1.399999976158142,1.409000039100647,1206.0
2024-03-01 12:53:00,GRFS,7.085000038146973,7.085000038146973,7.114999771118164,7.079999923706055,7.114999771118164,9852.0
2024-03-01 12:53:00,GRPH,3.494999885559082,3.494999885559082,3.494999885559082,3.494999885559082,3.494999885559082,100.0
2024-03-01 12:53:00,GTHX,3.734999895095825,3.734999895095825,3.734999895095825,3.734999895095825,3.734999895095825,443.0
2024-03-01 12:53:00,HALO,41.52000045776367,41.52000045776367,41.54999923706055,41.52000045776367,41.54999923706055,609.0
2024-03-01 12:53:00,HBIO,4.329999923706055,4.329999923706055,4.329999923706055,4.329999923706055,4.329999923706055,202.0
2024-03-01 12:53:00,HCAT,8.015000343322754,8.015000343322754,8.015000343322754,8.010000228881836,8.015000343322754,325.0
2024-03-01 12:53:00,HCSG,12.65999984741211,12.65999984741211,12.65999984741211,12.65999984741211,12.65999984741211,824.0
2024-03-01 12:53:00,HLVX,19.200000762939453,19.200000762939453,19.200000762939453,19.049999237060547,19.049999237060547,958.0
2024-03-01 12:53:00,HOLX,73.87000274658203,73.87000274658203,73.87000274658203,73.87000274658203,73.87000274658203,542.0
2024-03-01 12:53:00,HOOK,0.7802000045776367,0.7802000045776367,0.7900000214576721,0.7802000045776367,0.7900000214576721,980.0
2024-03-01 12:53:00,HQY,81.69000244140625,81.69000244140625,81.69000244140625,81.69000244140625,81.69000244140625,550.0
2024-03-01 12:53:00,HRTX,2.619999885559082,2.619999885559082,2.619999885559082,2.619999885559082,2.619999885559082,200.0
2024-03-01 12:53:00,HSIC,76.90499877929688,76.90499877929688,76.90499877929688,76.86000061035156,76.88500213623047,3747.0
2024-03-01 12:53:00,HUGE,0.9013500213623047,0.9013500213623047,0.9013500213623047,0.9013500213623047,0.9013500213623047,214.0
2024-03-01 12:53:00,HUMA,3.4549999237060547,3.4549999237060547,3.4600000381469727,3.444999933242798,3.444999933242798,11115.0
2024-03-01 12:53:00,IART,36.630001068115234,36.630001068115234,36.630001068115234,36.630001068115234,36.630001068115234,617.0
2024-03-01 12:53:00,IBRX,4.809899806976318,4.809899806976318,4.809899806976318,4.80079984664917,4.804999828338623,3601.0
2024-03-01 12:53:00,IDXX,582.5900268554688,582.5900268554688,583.1799926757812,582.5,583.1799926757812,571.0
2024-03-01 12:53:00,IDYA,46.560001373291016,46.560001373291016,46.62030029296875,46.54999923706055,46.62030029296875,2515.0
2024-03-01 12:53:00,IFRX,1.8300000429153442,1.8300000429153442,1.8300000429153442,1.8300000429153442,1.8300000429153442,100.0
2024-03-01 12:53:00,IKT,2.0999999046325684,2.0999999046325684,2.0999999046325684,2.0999999046325684,2.0999999046325684,100.0
2024-03-01 12:53:00,ILMN,142.22000122070312,142.22000122070312,142.22000122070312,142.17999267578125,142.17999267578125,1058.0
2024-03-01 12:53:00,IMCR,67.93000030517578,67.93000030517578,67.93000030517578,67.93000030517578,67.93000030517578,158.0
2024-03-01 12:53:00,IMMX,3.549999952316284,3.549999952316284,3.549999952316284,3.5399999618530273,3.5399999618530273,1335.0
2024-03-01 12:53:00,IMNM,26.280000686645508,26.280000686645508,26.280000686645508,26.280000686645508,26.280000686645508,148.0
2024-03-01 12:53:00,IMRX,6.199999809265137,6.199999809265137,6.199999809265137,6.199999809265137,6.199999809265137,301.0
2024-03-01 12:53:00,IMTX,13.0,13.0,13.0,13.0,13.0,1007.0
2024-03-01 12:53:00,IMUX,1.4850000143051147,1.4850000143051147,1.4850000143051147,1.4850000143051147,1.4850000143051147,118.0
2024-03-01 12:53:00,IMVT,36.380001068115234,36.380001068115234,36.38999938964844,36.33000183105469,36.349998474121094,3108.0
2024-03-01 12:53:00,INCR,1.9700000286102295,1.9700000286102295,1.9700000286102295,1.9700000286102295,1.9700000286102295,103.0
2024-03-01 12:53:00,INCY,59.334999084472656,59.334999084472656,59.349998474121094,59.334999084472656,59.349998474121094,1895.0
2024-03-01 12:53:00,INGN,6.809999942779541,6.809999942779541,6.820000171661377,6.809999942779541,6.820000171661377,2699.0
2024-03-01 12:53:00,INM,0.40450000762939453,0.40450000762939453,0.40450000762939453,0.40450000762939453,0.40450000762939453,3000.0
2024-03-01 12:53:00,INO,9.430000305175781,9.430000305175781,9.449999809265137,9.420000076293945,9.428400039672852,1287.0
2024-03-01 12:53:00,INSM,28.594999313354492,28.594999313354492,28.610000610351562,28.594999313354492,28.610000610351562,825.0
2024-03-01 12:53:00,IONS,45.81999969482422,45.81999969482422,45.849998474121094,45.81999969482422,45.849998474121094,467.0
2024-03-01 12:53:00,IOVA,16.790000915527344,16.790000915527344,16.809999465942383,16.780000686645508,16.809999465942383,7036.0
2024-03-01 12:53:00,IRTC,121.62000274658203,121.62000274658203,121.62000274658203,121.62000274658203,121.62000274658203,218.0
2024-03-01 12:53:00,IRWD,9.09000015258789,9.09000015258789,9.100000381469727,9.085000038146973,9.095000267028809,11783.0
2024-03-01 12:53:00,ISRG,394.7799987792969,394.7799987792969,394.7799987792969,394.7349853515625,394.7349853515625,771.0
2024-03-01 12:53:00,ITCI,71.56500244140625,71.56500244140625,71.56500244140625,71.56500244140625,71.56500244140625,453.0
2024-03-01 12:53:00,ITOS,10.989999771118164,10.989999771118164,10.989999771118164,10.920000076293945,10.944999694824219,20366.0
2024-03-01 12:53:00,IVVD,4.03000020980835,4.03000020980835,4.03000020980835,4.03000020980835,4.03000020980835,207.0
2024-03-01 12:53:00,JAGX,0.07405000180006027,0.07405000180006027,0.07440000027418137,0.07370000332593918,0.07400000095367432,57768.0
2024-03-01 12:53:00,JAZZ,119.54499816894531,119.54499816894531,119.61000061035156,119.44000244140625,119.55000305175781,1999.0
2024-03-01 12:53:00,KALA,7.400000095367432,7.400000095367432,7.400000095367432,7.400000095367432,7.400000095367432,102.0
2024-03-01 12:53:00,KNSA,21.799999237060547,21.799999237060547,21.799999237060547,21.799999237060547,21.799999237060547,217.0
2024-03-01 12:53:00,KNTE,2.6050000190734863,2.6050000190734863,2.6050000190734863,2.6050000190734863,2.6050000190734863,378.0
2024-03-01 12:53:00,KPRX,0.6527000069618225,0.6527000069618225,0.6592000126838684,0.6527000069618225,0.6592000126838684,1650.0
2024-03-01 12:53:00,KPTI,1.2200000286102295,1.2200000286102295,1.2200000286102295,1.2200000286102295,1.2200000286102295,927.0
2024-03-01 12:53:00,KRTX,316.8999938964844,316.8999938964844,316.95001220703125,316.8999938964844,316.9490051269531,834.0
2024-03-01 12:53:00,KRYS,168.77000427246094,168.77000427246094,168.85000610351562,168.75,168.85000610351562,1205.0
2024-03-01 12:53:00,KTRA,0.0966000035405159,0.0966000035405159,0.09769999980926514,0.0966000035405159,0.09769999980926514,11567.0
2024-03-01 12:53:00,KURA,21.149999618530273,21.149999618530273,21.149999618530273,21.1299991607666,21.1299991607666,1352.0
2024-03-01 12:53:00,KYMR,44.130001068115234,44.130001068115234,44.130001068115234,44.119998931884766,44.125,701.0
2024-03-01 12:53:00,LAB,2.505000114440918,2.505000114440918,2.509999990463257,2.505000114440918,2.505000114440918,500.0
2024-03-01 12:53:00,LBPH,22.085500717163086,22.085500717163086,22.110000610351562,22.085500717163086,22.110000610351562,722.0
2024-03-01 12:53:00,LEGN,66.05000305175781,66.05000305175781,66.05000305175781,66.05000305175781,66.05000305175781,325.0
2024-03-01 12:53:00,LFMD,7.989999771118164,7.989999771118164,8.0,7.989999771118164,8.0,202.0
2024-03-01 12:53:00,LFST,7.760000228881836,7.760000228881836,7.78000020980835,7.760000228881836,7.78000020980835,5159.0
2024-03-01 12:53:00,LGND,78.24500274658203,78.24500274658203,78.24500274658203,78.24500274658203,78.24500274658203,236.0
2024-03-01 12:53:00,LIAN,4.860000133514404,4.860000133514404,4.860000133514404,4.860000133514404,4.860000133514404,116.0
2024-03-01 12:53:00,LIVN,55.7599983215332,55.7599983215332,55.7599983215332,55.7599983215332,55.7599983215332,377.0
2024-03-01 12:53:00,LNSR,4.619999885559082,4.619999885559082,4.619999885559082,4.619999885559082,4.619999885559082,100.0
2024-03-01 12:53:00,LNTH,65.41000366210938,65.41000366210938,65.5,65.41000366210938,65.5,844.0
2024-03-01 12:53:00,LQDA,14.470000267028809,14.470000267028809,14.470000267028809,14.470000267028809,14.470000267028809,341.0
2024-03-01 12:53:00,LRMR,11.420000076293945,11.420000076293945,11.420000076293945,11.399999618530273,11.399999618530273,346.0
2024-03-01 12:53:00,LTRN,4.5100998878479,4.5100998878479,4.5100998878479,4.5100998878479,4.5100998878479,101.0
2024-03-01 12:53:00,LUNG,9.404999732971191,9.404999732971191,9.404999732971191,9.390000343322754,9.390000343322754,200.0
2024-03-01 12:53:00,LVTX,3.0299999713897705,3.0299999713897705,3.0399999618530273,3.0299999713897705,3.0299999713897705,1322.0
2024-03-01 12:53:00,LXRX,2.509999990463257,2.509999990463257,2.5199999809265137,2.509999990463257,2.509999990463257,6712.0
2024-03-01 12:53:00,LYRA,5.635000228881836,5.635000228881836,5.635000228881836,5.630000114440918,5.630000114440918,582.0
2024-03-01 12:53:00,MASS,7.40500020980835,7.40500020980835,7.40500020980835,7.40500020980835,7.40500020980835,389.0
2024-03-01 12:53:00,MBRX,0.6299999952316284,0.6299999952316284,0.6494989991188049,0.6299999952316284,0.6494989991188049,414.0
2024-03-01 12:53:00,MCRB,1.2000000476837158,1.2000000476837158,1.2000000476837158,1.2000000476837158,1.2000000476837158,300.0
2024-03-01 12:53:00,MDRX,6.059999942779541,6.059999942779541,6.199999809265137,6.050000190734863,6.050000190734863,3150.0
2024-03-01 12:53:00,MDXG,8.6850004196167,8.6850004196167,8.699999809265137,8.680000305175781,8.699999809265137,5797.0
2024-03-01 12:53:00,ME,0.5743499994277954,0.5743499994277954,0.5743499994277954,0.5743499994277954,0.5743499994277954,1995.0
2024-03-01 12:53:00,MGNX,18.950000762939453,18.950000762939453,18.959999084472656,18.950000762939453,18.959999084472656,2804.0
2024-03-01 12:53:00,MGTX,6.429999828338623,6.429999828338623,6.429999828338623,6.421999931335449,6.421999931335449,810.0
2024-03-01 12:53:00,MIRM,29.90999984741211,29.90999984741211,29.90999984741211,29.90999984741211,29.90999984741211,303.0
2024-03-01 12:53:00,MLTX,51.56999969482422,51.56999969482422,51.56999969482422,51.56999969482422,51.56999969482422,372.0
2024-03-01 12:53:00,MNKD,4.519999980926514,4.519999980926514,4.550000190734863,4.519999980926514,4.550000190734863,25502.0
2024-03-01 12:53:00,MNMD,6.158199787139893,6.158199787139893,6.158199787139893,6.14139986038208,6.14139986038208,943.0
2024-03-01 12:53:00,MOR,17.579999923706055,17.579999923706055,17.579999923706055,17.579999923706055,17.579999923706055,397.0
2024-03-01 12:53:00,MREO,3.865000009536743,3.865000009536743,3.865000009536743,3.865000009536743,3.865000009536743,484.0
2024-03-01 12:53:00,MRNA,96.6500015258789,96.6500015258789,96.6698989868164,96.59600067138672,96.59600067138672,4067.0
2024-03-01 12:53:00,MRSN,5.994999885559082,5.994999885559082,6.0,5.989999771118164,5.990099906921387,112350.0
2024-03-01 12:53:00,MRUS,51.96500015258789,51.96500015258789,51.970001220703125,51.96500015258789,51.96500015258789,415.0
2024-03-01 12:53:00,MRVI,7.804999828338623,7.804999828338623,7.804999828338623,7.795000076293945,7.795000076293945,2537.0
2024-03-01 12:53:00,MXCT,4.764999866485596,4.764999866485596,4.764999866485596,4.764999866485596,4.764999866485596,301.0
2024-03-01 12:53:00,MYGN,21.719999313354492,21.719999313354492,21.719999313354492,21.704999923706055,21.704999923706055,1032.0
2024-03-01 12:53:00,NAOV,0.9614999890327454,0.9614999890327454,0.9700009822845459,0.9614999890327454,0.9700009822845459,1353.0
2024-03-01 12:53:00,NARI,45.3650016784668,45.3650016784668,45.3849983215332,45.2599983215332,45.3849983215332,24356.0
2024-03-01 12:53:00,NAUT,2.6500000953674316,2.6500000953674316,2.6500000953674316,2.6500000953674316,2.6500000953674316,100.0
2024-03-01 12:53:00,NBIX,131.0406036376953,131.0406036376953,131.16000366210938,131.0406036376953,131.16000366210938,5446.0
2024-03-01 12:53:00,NEO,16.114999771118164,16.114999771118164,16.114999771118164,16.114999771118164,16.114999771118164,548.0
2024-03-01 12:53:00,NEOG,17.334999084472656,17.334999084472656,17.34000015258789,17.329999923706055,17.334999084472656,878.0
2024-03-01 12:53:00,NKTR,0.7875000238418579,0.7875000238418579,0.7900000214576721,0.7875000238418579,0.7900000214576721,225.0
2024-03-01 12:53:00,NLSP,0.39010000228881836,0.39010000228881836,0.39010000228881836,0.39010000228881836,0.39010000228881836,5383.0
2024-03-01 12:53:00,NNOX,11.100000381469727,11.100000381469727,11.140000343322754,11.100000381469727,11.130000114440918,9121.0
2024-03-01 12:53:00,NOTV,8.069999694824219,8.069999694824219,8.069999694824219,8.069999694824219,8.069999694824219,459.0
2024-03-01 12:53:00,NRIX,13.609999656677246,13.609999656677246,13.609999656677246,13.609999656677246,13.609999656677246,220.0
2024-03-01 12:53:00,NRSN,2.0399999618530273,2.0399999618530273,2.0399999618530273,2.030100107192993,2.0399999618530273,1738.0
2024-03-01 12:53:00,NRXP,0.4196999967098236,0.4196999967098236,0.41999998688697815,0.4185999929904938,0.41990000009536743,3803.0
2024-03-01 12:53:00,NTLA,33.46500015258789,33.46500015258789,33.46500015258789,33.46500015258789,33.46500015258789,200.0
2024-03-01 12:53:00,NTRA,89.02999877929688,89.02999877929688,89.03500366210938,88.99700164794922,88.99700164794922,1572.0
2024-03-01 12:53:00,NUVL,88.83499908447266,88.83499908447266,88.83499908447266,88.79000091552734,88.79000091552734,293.0
2024-03-01 12:53:00,NVAX,5.121200084686279,5.121200084686279,5.135000228881836,5.119999885559082,5.130000114440918,62867.0
2024-03-01 12:53:00,NVCR,16.030000686645508,16.030000686645508,16.059999465942383,16.030000686645508,16.059999465942383,2280.0
2024-03-01 12:53:00,NVOS,0.6420999765396118,0.6420999765396118,0.6420999765396118,0.6420999765396118,0.6420999765396118,160.0
2024-03-01 12:53:00,NXTC,1.7200000286102295,1.7200000286102295,1.7200000286102295,1.7200000286102295,1.7200000286102295,100.0
2024-03-01 12:53:00,OCGN,0.9487000107765198,0.9487000107765198,0.9487000107765198,0.9413999915122986,0.9413999915122986,12920.0
2024-03-01 12:53:00,OCUL,10.805000305175781,10.805000305175781,10.805000305175781,10.78499984741211,10.787500381469727,3670.0
2024-03-01 12:53:00,OFIX,12.854999542236328,12.854999542236328,12.859999656677246,12.850000381469727,12.859999656677246,1288.0
2024-03-01 12:53:00,OGI,2.2149999141693115,2.2149999141693115,2.2149999141693115,2.2149999141693115,2.2149999141693115,249.0
2024-03-01 12:53:00,OLK,22.645000457763672,22.645000457763672,22.645000457763672,22.645000457763672,22.645000457763672,119.0
2024-03-01 12:53:00,OLMA,14.859999656677246,14.859999656677246,14.859999656677246,14.8100004196167,14.81779956817627,2540.0
2024-03-01 12:53:00,OMCL,26.479999542236328,26.479999542236328,26.559999465942383,26.479999542236328,26.559999465942383,3534.0
2024-03-01 12:54:00,ABCL,5.255000114440918,5.255000114440918,5.255000114440918,5.25,5.255000114440918,1084.0
2024-03-01 12:54:00,ABEO,7.809999942779541,7.809999942779541,7.820000171661377,7.800000190734863,7.800000190734863,1744.0
2024-03-01 12:54:00,ABOS,4.695000171661377,4.695000171661377,4.695000171661377,4.690000057220459,4.690000057220459,1610.0
2024-03-01 12:54:00,ABSI,5.255000114440918,5.255000114440918,5.255000114440918,5.239999771118164,5.244999885559082,2836.0
2024-03-01 12:54:00,ABUS,2.7750000953674316,2.7750000953674316,2.7799999713897705,2.7750000953674316,2.7799999713897705,854.0
2024-03-01 12:54:00,ACAD,24.420000076293945,24.420000076293945,24.420000076293945,24.3700008392334,24.399999618530273,13986.0
2024-03-01 12:54:00,ACB,3.2200000286102295,3.2200000286102295,3.2200000286102295,3.219899892807007,3.219899892807007,2181.0
2024-03-01 12:54:00,ACET,2.4000000953674316,2.4000000953674316,2.4000000953674316,2.390000104904175,2.390000104904175,4773.0
2024-03-01 12:54:00,ACHC,84.67500305175781,84.67500305175781,84.67500305175781,84.66999816894531,84.66999816894531,755.0
2024-03-01 12:54:00,ACHL,1.3568999767303467,1.3568999767303467,1.3568999767303467,1.3568999767303467,1.3568999767303467,501.0
2024-03-01 12:54:00,ACLX,67.02999877929688,67.02999877929688,67.02999877929688,67.0250015258789,67.0250015258789,451.0
2024-03-01 12:54:00,ACON,0.4099999964237213,0.4099999964237213,0.4099999964237213,0.40639999508857727,0.4065000116825104,1342.0
2024-03-01 12:54:00,ACRS,1.2350000143051147,1.2350000143051147,1.2400000095367432,1.2350000143051147,1.2400000095367432,2220.0
2024-03-01 12:54:00,ACXP,3.115000009536743,3.115000009536743,3.115000009536743,3.0899999141693115,3.0999999046325684,1150.0
2024-03-01 12:54:00,ADAP,1.5800000429153442,1.5800000429153442,1.600000023841858,1.5800000429153442,1.600000023841858,452.0
2024-03-01 12:54:00,ADIL,3.0820000171661377,3.0820000171661377,3.0899999141693115,3.069999933242798,3.069999933242798,10104.0
2024-03-01 12:54:00,ADMA,5.460000038146973,5.460000038146973,5.465000152587891,5.460000038146973,5.465000152587891,2005.0
2024-03-01 12:54:00,ADPT,4.210000038146973,4.210000038146973,4.210000038146973,4.204999923706055,4.204999923706055,647.0
2024-03-01 12:54:00,AGEN,0.6739000082015991,0.6739000082015991,0.6739000082015991,0.6738499999046326,0.6739000082015991,56922.0
2024-03-01 12:54:00,AGIO,32.95000076293945,32.95000076293945,32.959999084472656,32.88999938964844,32.90999984741211,3534.0
2024-03-01 12:54:00,AHCO,10.710000038146973,10.710000038146973,10.71500015258789,10.694999694824219,10.710000038146973,7388.0
2024-03-01 12:54:00,AIMD,0.9399999976158142,0.9399999976158142,0.949999988079071,0.9399999976158142,0.949999988079071,1280.0
2024-03-01 12:54:00,AKAN,0.22509999573230743,0.22509999573230743,0.22509999573230743,0.22190000116825104,0.22499999403953552,9089.0
2024-03-01 12:54:00,AKBA,1.684999942779541,1.684999942779541,1.684999942779541,1.684999942779541,1.684999942779541,421.0
2024-03-01 12:54:00,AKRO,30.1200008392334,30.1200008392334,30.139999389648438,30.049999237060547,30.069900512695312,4081.0
2024-03-01 12:54:00,ALDX,4.164999961853027,4.164999961853027,4.164999961853027,4.159999847412109,4.159999847412109,728.0
2024-03-01 12:54:00,ALEC,7.385000228881836,7.385000228881836,7.385000228881836,7.369999885559082,7.380000114440918,6572.0
2024-03-01 12:54:00,ALGN,304.05499267578125,304.05499267578125,304.05499267578125,304.05499267578125,304.05499267578125,317.0
2024-03-01 12:54:00,ALHC,5.730000019073486,5.730000019073486,5.739999771118164,5.730000019073486,5.730000019073486,900.0
2024-03-01 12:54:00,ALKS,30.1200008392334,30.1200008392334,30.1200008392334,30.110000610351562,30.110000610351562,1415.0
2024-03-01 12:54:00,ALLK,1.6050000190734863,1.6050000190734863,1.6050000190734863,1.6050000190734863,1.6050000190734863,605.0
2024-03-01 12:54:00,ALLO,5.059999942779541,5.059999942779541,5.059999942779541,5.054999828338623,5.054999828338623,4311.0
2024-03-01 12:54:00,ALPN,35.790000915527344,35.790000915527344,35.81999969482422,35.75,35.779998779296875,2295.0
2024-03-01 12:54:00,ALT,12.130000114440918,12.130000114440918,12.145000457763672,12.130000114440918,12.140000343322754,1885.0
2024-03-01 12:54:00,ALXO,15.0600004196167,15.0600004196167,15.0600004196167,15.0600004196167,15.0600004196167,1295.0
2024-03-01 12:54:00,AMED,93.31099700927734,93.31099700927734,93.31099700927734,93.30999755859375,93.30999755859375,568.0
2024-03-01 12:54:00,AMGN,281.44000244140625,281.44000244140625,281.4599914550781,281.3999938964844,281.45001220703125,4728.0
2024-03-01 12:54:00,AMLX,18.80500030517578,18.80500030517578,18.80500030517578,18.770000457763672,18.770000457763672,3534.0
2024-03-01 12:54:00,AMPH,45.20500183105469,45.20500183105469,45.22999954223633,45.189998626708984,45.189998626708984,2320.0
2024-03-01 12:54:00,AMRN,1.0499999523162842,1.0499999523162842,1.0499999523162842,1.0499999523162842,1.0499999523162842,105.0
2024-03-01 12:54:00,ANNX,6.054999828338623,6.054999828338623,6.054999828338623,6.054999828338623,6.054999828338623,500.0
2024-03-01 12:54:00,ANTX,3.0199999809265137,3.0199999809265137,3.0201001167297363,3.009999990463257,3.0201001167297363,1727.0
2024-03-01 12:54:00,APLS,64.93000030517578,64.93000030517578,64.95999908447266,64.87000274658203,64.91999816894531,15207.0
2024-03-01 12:54:00,APLT,7.090000152587891,7.090000152587891,7.090000152587891,7.090000152587891,7.090000152587891,467.0
2024-03-01 12:54:00,AQST,4.226399898529053,4.226399898529053,4.268899917602539,4.226399898529053,4.268899917602539,10331.0
2024-03-01 12:54:00,ARCT,40.0,40.0,40.0099983215332,39.93000030517578,39.959999084472656,2736.0
2024-03-01 12:54:00,ARDX,9.59000015258789,9.59000015258789,9.609999656677246,9.59000015258789,9.600000381469727,29596.0
2024-03-01 12:54:00,ARQT,11.774999618530273,11.774999618530273,11.800000190734863,11.774999618530273,11.779999732971191,15122.0
2024-03-01 12:54:00,ARVN,49.459999084472656,49.459999084472656,49.459999084472656,49.36000061035156,49.36000061035156,1720.0
2024-03-01 12:54:00,ARWR,36.17599868774414,36.17599868774414,36.20000076293945,36.130001068115234,36.16999816894531,1712.0
2024-03-01 12:54:00,ASND,151.8000030517578,151.8000030517578,151.8000030517578,151.49000549316406,151.49000549316406,1591.0
2024-03-01 12:54:00,ASRT,0.920199990272522,0.920199990272522,0.920199990272522,0.920199990272522,0.920199990272522,1000.0
2024-03-01 12:54:00,ATEC,13.585000038146973,13.585000038146973,13.585000038146973,13.569999694824219,13.574999809265137,1782.0
2024-03-01 12:54:00,ATHA,3.994999885559082,3.994999885559082,3.994999885559082,3.994999885559082,3.994999885559082,190.0
2024-03-01 12:54:00,ATOS,1.0199999809265137,1.0199999809265137,1.0199999809265137,1.0199999809265137,1.0199999809265137,10292.0
2024-03-01 12:54:00,ATRA,0.7926499843597412,0.7926499843597412,0.7975000143051147,0.7878999710083008,0.7879999876022339,64564.0
2024-03-01 12:54:00,ATRC,36.095001220703125,36.095001220703125,36.11000061035156,36.09000015258789,36.099998474121094,1117.0
2024-03-01 12:54:00,ATXS,14.930000305175781,14.930000305175781,14.930000305175781,14.930000305175781,14.930000305175781,176.0
2024-03-01 12:54:00,AUPH,5.860000133514404,5.860000133514404,5.864999771118164,5.84499979019165,5.864999771118164,12504.0
2024-03-01 12:54:00,AUTL,6.380000114440918,6.380000114440918,6.380000114440918,6.369999885559082,6.369999885559082,1234.0
2024-03-01 12:54:00,AVDL,13.0,13.0,13.0,13.0,13.0,394.0
2024-03-01 12:54:00,AVRO,1.350000023841858,1.350000023841858,1.350000023841858,1.350000023841858,1.350000023841858,100.0
2024-03-01 12:54:00,AVXL,5.400000095367432,5.400000095367432,5.400000095367432,5.394999980926514,5.394999980926514,1753.0
2024-03-01 12:54:00,AWH,4.150000095367432,4.150000095367432,4.150000095367432,4.150000095367432,4.150000095367432,450.0
2024-03-01 12:54:00,AXSM,82.43000030517578,82.43000030517578,82.54000091552734,82.43000030517578,82.4800033569336,2283.0
2024-03-01 12:54:00,AZN,64.69499969482422,64.69499969482422,64.69999694824219,64.69000244140625,64.69090270996094,4379.0
2024-03-01 12:54:00,AZTA,66.86009979248047,66.86009979248047,66.89350128173828,66.86009979248047,66.89350128173828,486.0
2024-03-01 12:54:00,BBIO,36.09000015258789,36.09000015258789,36.09000015258789,36.09000015258789,36.09000015258789,541.0
2024-03-01 12:54:00,BBLG,2.6110000610351562,2.6110000610351562,2.799999952316284,2.6110000610351562,2.650099992752075,3839.0
2024-03-01 12:54:00,BCAB,2.734999895095825,2.734999895095825,2.740000009536743,2.734999895095825,2.734999895095825,324.0
2024-03-01 12:54:00,BCDA,0.5649999976158142,0.5649999976158142,0.5649999976158142,0.5649999976158142,0.5649999976158142,100.0
2024-03-01 12:54:00,BCLI,0.3560999929904938,0.3560999929904938,0.35989999771118164,0.3560999929904938,0.35989999771118164,1863.0
2024-03-01 12:54:00,BCRX,5.760000228881836,5.760000228881836,5.760000228881836,5.755000114440918,5.760000228881836,24990.0
2024-03-01 12:54:00,BCYC,25.81999969482422,25.81999969482422,25.81999969482422,25.799999237060547,25.81999969482422,4282.0
2024-03-01 12:54:00,BDTX,4.989999771118164,4.989999771118164,4.989999771118164,4.989999771118164,4.989999771118164,122.0
2024-03-01 12:54:00,BEAM,40.1349983215332,40.1349983215332,40.150001525878906,40.119998931884766,40.13999938964844,1317.0
2024-03-01 12:54:00,BGXX,0.2722280025482178,0.2722280025482178,0.2727000117301941,0.2716499865055084,0.2716499865055084,2500.0
2024-03-01 12:54:00,BIIB,221.42999267578125,221.42999267578125,221.4499969482422,221.38999938964844,221.38999938964844,1116.0
2024-03-01 12:54:00,BIVI,1.8600000143051147,1.8600000143051147,1.8799999952316284,1.850000023841858,1.8650000095367432,34520.0
2024-03-01 12:54:00,BLFS,18.260000228881836,18.260000228881836,18.260000228881836,18.260000228881836,18.260000228881836,283.0
2024-03-01 12:54:00,BLUE,1.5950000286102295,1.5950000286102295,1.600000023841858,1.590000033378601,1.600000023841858,18822.0
2024-03-01 12:54:00,BMEA,18.197500228881836,18.197500228881836,18.200000762939453,18.1299991607666,18.1299991607666,4537.0
2024-03-01 12:54:00,BMRN,87.37000274658203,87.37000274658203,87.37000274658203,87.33000183105469,87.33000183105469,1988.0
2024-03-01 12:54:00,BNGO,1.256500005722046,1.256500005722046,1.256500005722046,1.256500005722046,1.256500005722046,365.0
2024-03-01 12:54:00,BNTX,91.58499908447266,91.58499908447266,91.58499908447266,91.58499908447266,91.58499908447266,143.0
2024-03-01 12:54:00,BOLT,1.1999000310897827,1.1999000310897827,1.2000000476837158,1.190000057220459,1.190000057220459,20041.0
2024-03-01 12:54:00,BPMC,97.33000183105469,97.33000183105469,97.33000183105469,97.2300033569336,97.23500061035156,1134.0
2024-03-01 12:54:00,BPTS,0.46000000834465027,0.46000000834465027,0.4700999855995178,0.46000000834465027,0.4700999855995178,3000.0
2024-03-01 12:54:00,BRKR,88.31999969482422,88.31999969482422,88.31999969482422,88.27999877929688,88.29000091552734,1136.0
2024-03-01 12:54:00,BRTX,1.5,1.5,1.503100037574768,1.5,1.503100037574768,600.0
2024-03-01 12:54:00,BSGM,0.6434999704360962,0.6434999704360962,0.6434999704360962,0.6434999704360962,0.6434999704360962,108.0
2024-03-01 12:54:00,BTTX,0.17800000309944153,0.17800000309944153,0.17800000309944153,0.17800000309944153,0.17800000309944153,800.0
2024-03-01 12:54:00,BWAY,6.53000020980835,6.53000020980835,6.53000020980835,6.53000020980835,6.53000020980835,120.0
2024-03-01 12:54:00,CABA,24.059999465942383,24.059999465942383,24.100000381469727,24.05699920654297,24.059999465942383,3116.0
2024-03-01 12:54:00,CAPR,4.570000171661377,4.570000171661377,4.570000171661377,4.570000171661377,4.570000171661377,100.0
2024-03-01 12:54:00,CARA,0.9330000281333923,0.9330000281333923,0.9330000281333923,0.9330000281333923,0.9330000281333923,101.0
2024-03-01 12:54:00,CBAY,32.23500061035156,32.23500061035156,32.2400016784668,32.23500061035156,32.23500061035156,2716.0
2024-03-01 12:54:00,CCCC,10.975000381469727,10.975000381469727,10.975000381469727,10.954999923706055,10.954999923706055,778.0
2024-03-01 12:54:00,CCRN,18.170000076293945,18.170000076293945,18.184999465942383,18.170000076293945,18.184999465942383,214.0
2024-03-01 12:54:00,CDMO,8.079999923706055,8.079999923706055,8.09000015258789,8.069999694824219,8.069999694824219,2661.0
2024-03-01 12:54:00,CDNA,12.319999694824219,12.319999694824219,12.319999694824219,12.300000190734863,12.300000190734863,1292.0
2024-03-01 12:54:00,CELC,16.229999542236328,16.229999542236328,16.229999542236328,16.209999084472656,16.209999084472656,252.0
2024-03-01 12:54:00,CERE,41.11000061035156,41.11000061035156,41.1150016784668,41.099998474121094,41.10499954223633,3354.0
2024-03-01 12:54:00,CERS,2.2300000190734863,2.2300000190734863,2.2300000190734863,2.2249999046325684,2.2249999046325684,1361.0
2024-03-01 12:54:00,CERT,17.93000030517578,17.93000030517578,17.93000030517578,17.920000076293945,17.920000076293945,977.0
2024-03-01 12:54:00,CGC,3.265000104904175,3.265000104904175,3.2699999809265137,3.2629001140594482,3.2629001140594482,22077.0
2024-03-01 12:54:00,CGEM,18.959999084472656,18.959999084472656,18.979999542236328,18.959999084472656,18.979999542236328,2975.0
2024-03-01 12:54:00,CGEN,2.680500030517578,2.680500030517578,2.684999942779541,2.680500030517578,2.684999942779541,478.0
2024-03-01 12:54:00,CGTX,2.0,2.0,2.009999990463257,2.0,2.009999990463257,526.0
2024-03-01 12:54:00,CHRS,2.4049999713897705,2.4049999713897705,2.4077000617980957,2.3949999809265137,2.3949999809265137,14548.0
2024-03-01 12:54:00,CLDX,50.755001068115234,50.755001068115234,50.755001068115234,50.68000030517578,50.724998474121094,1890.0
2024-03-01 12:54:00,CLNN,0.3874000012874603,0.3874000012874603,0.3874000012874603,0.38510000705718994,0.38510000705718994,1300.0
2024-03-01 12:54:00,CLOV,0.8616999983787537,0.8616999983787537,0.8622000217437744,0.8615999817848206,0.8616999983787537,19151.0
2024-03-01 12:54:00,CLRB,4.144999980926514,4.144999980926514,4.144999980926514,4.119999885559082,4.119999885559082,4622.0
2024-03-01 12:54:00,CMPS,11.489999771118164,11.489999771118164,11.489999771118164,11.449999809265137,11.449999809265137,597.0
2024-03-01 12:54:00,CMRX,1.159999966621399,1.159999966621399,1.159999966621399,1.1549999713897705,1.159999966621399,7982.0
2024-03-01 12:54:00,COGT,7.204999923706055,7.204999923706055,7.210000038146973,7.204999923706055,7.204999923706055,4345.0
2024-03-01 12:54:00,CORT,24.270000457763672,24.270000457763672,24.270000457763672,24.270000457763672,24.270000457763672,624.0
2024-03-01 12:54:00,CPRX,17.100000381469727,17.100000381469727,17.125,17.05500030517578,17.05500030517578,6681.0
2024-03-01 12:54:00,CPSI,9.46500015258789,9.46500015258789,9.46500015258789,9.46500015258789,9.46500015258789,921.0
2024-03-01 12:54:00,CRBU,7.965000152587891,7.965000152587891,7.96999979019165,7.9604997634887695,7.96999979019165,4028.0
2024-03-01 12:54:00,CRDF,2.370300054550171,2.370300054550171,2.4000000953674316,2.370300054550171,2.3808999061584473,17737.0
2024-03-01 12:54:00,CRDL,1.937999963760376,1.937999963760376,1.937999963760376,1.9199999570846558,1.9199999570846558,250.0
2024-03-01 12:54:00,CRNX,46.529998779296875,46.529998779296875,46.56999969482422,46.5,46.5,1567.0
2024-03-01 12:54:00,CRON,2.059999942779541,2.059999942779541,2.059999942779541,2.059999942779541,2.059999942779541,7191.0
2024-03-01 12:54:00,CRSP,86.05500030517578,86.05500030517578,86.06880187988281,86.0,86.0,1987.0
2024-03-01 12:54:00,CSTL,20.530000686645508,20.530000686645508,20.530000686645508,20.479999542236328,20.479999542236328,980.0
2024-03-01 12:54:00,CTKB,8.800000190734863,8.800000190734863,8.800000190734863,8.779999732971191,8.779999732971191,6508.0
2024-03-01 12:54:00,CTMX,2.7049999237060547,2.7049999237060547,2.7100000381469727,2.700000047683716,2.7049999237060547,6058.0
2024-03-01 12:54:00,CTSO,0.9596999883651733,0.9596999883651733,0.9596999883651733,0.9596999883651733,0.9596999883651733,1208.0
2024-03-01 12:54:00,CTXR,0.7785000205039978,0.7785000205039978,0.7785000205039978,0.7785000205039978,0.7785000205039978,255.0
2024-03-01 12:54:00,CUE,2.2200000286102295,2.2200000286102295,2.2200000286102295,2.2200000286102295,2.2200000286102295,708.0
2024-03-01 12:54:00,CUTR,2.4200000762939453,2.4200000762939453,2.4200000762939453,2.4200000762939453,2.4200000762939453,116.0
2024-03-01 12:54:00,CVAC,3.5199999809265137,3.5199999809265137,3.5199999809265137,3.5199999809265137,3.5199999809265137,1115.0
2024-03-01 12:54:00,CYTK,73.43499755859375,73.43499755859375,73.54000091552734,73.23999786376953,73.27999877929688,6654.0
2024-03-01 12:54:00,DCGO,4.144999980926514,4.144999980926514,4.144999980926514,4.139999866485596,4.139999866485596,1565.0
2024-03-01 12:54:00,DCPH,17.475000381469727,17.475000381469727,17.475000381469727,17.475000381469727,17.475000381469727,186.0
2024-03-01 12:54:00,DMTK,0.857200026512146,0.857200026512146,0.857200026512146,0.8571490049362183,0.8571490049362183,272.0
2024-03-01 12:54:00,DNLI,20.850000381469727,20.850000381469727,20.860000610351562,20.84000015258789,20.850000381469727,1628.0
2024-03-01 12:54:00,DTIL,12.3100004196167,12.3100004196167,12.3100004196167,12.289999961853027,12.3100004196167,1109.0
2024-03-01 12:54:00,DVAX,12.899999618530273,12.899999618530273,12.899999618530273,12.899999618530273,12.899999618530273,1976.0
2024-03-01 12:54:00,DXCM,121.55000305175781,121.55000305175781,121.55000305175781,121.44000244140625,121.45999908447266,4781.0
2024-03-01 12:54:00,DYNT,0.5123999714851379,0.5123999714851379,0.5123999714851379,0.5123999714851379,0.5123999714851379,463.0
2024-03-01 12:54:00,EDIT,10.861300468444824,10.861300468444824,10.861300468444824,10.859999656677246,10.859999656677246,2036.0
2024-03-01 12:54:00,EFTR,15.420000076293945,15.420000076293945,15.5,15.420000076293945,15.489999771118164,1533.0
2024-03-01 12:54:00,EIGR,6.639999866485596,6.639999866485596,6.639999866485596,6.639999866485596,6.639999866485596,144.0
2024-03-01 12:54:00,ELEV,5.0,5.0,5.039899826049805,4.994999885559082,5.039899826049805,6057.0
2024-03-01 12:54:00,ENTA,15.399999618530273,15.399999618530273,15.399999618530273,15.395000457763672,15.395000457763672,391.0
2024-03-01 12:54:00,ENVB,1.549299955368042,1.549299955368042,1.5499999523162842,1.5299999713897705,1.5319000482559204,7639.0
2024-03-01 12:54:00,EOLS,14.75,14.75,14.75,14.739999771118164,14.739999771118164,509.0
2024-03-01 12:54:00,ERAS,2.5350000858306885,2.5350000858306885,2.539900064468384,2.5350000858306885,2.539900064468384,7950.0
2024-03-01 12:54:00,ESPR,2.5250000953674316,2.5250000953674316,2.5250000953674316,2.5199999809265137,2.5199999809265137,1321.0
2024-03-01 12:54:00,ESTA,45.7400016784668,45.7400016784668,45.7400016784668,45.540000915527344,45.72999954223633,2815.0
2024-03-01 12:54:00,ETNB,13.239999771118164,13.239999771118164,13.239999771118164,13.210000038146973,13.220000267028809,3131.0
2024-03-01 12:54:00,EWTX,17.094999313354492,17.094999313354492,17.100000381469727,17.084999084472656,17.084999084472656,3696.0
2024-03-01 12:54:00,EXAS,60.45000076293945,60.45000076293945,60.459999084472656,60.41999816894531,60.41999816894531,5504.0
2024-03-01 12:54:00,EXEL,22.4950008392334,22.4950008392334,22.4950008392334,22.479999542236328,22.479999542236328,2834.0
2024-03-01 12:54:00,EYEN,2.4798998832702637,2.4798998832702637,2.4798998832702637,2.4549999237060547,2.468899965286255,2661.0
2024-03-01 12:54:00,EYPT,28.017499923706055,28.017499923706055,28.040000915527344,27.979999542236328,27.989999771118164,3482.0
2024-03-01 12:54:00,FATE,7.59499979019165,7.59499979019165,7.614999771118164,7.59499979019165,7.610000133514404,7518.0
2024-03-01 12:54:00,FBIO,2.3499999046325684,2.3499999046325684,2.3499999046325684,2.3499999046325684,2.3499999046325684,474.0
2024-03-01 12:54:00,FEMY,1.7100000381469727,1.7100000381469727,1.7100000381469727,1.7100000381469727,1.7100000381469727,500.0
2024-03-01 12:54:00,FGEN,1.8700000047683716,1.8700000047683716,1.8700000047683716,1.8609999418258667,1.8700000047683716,1600.0
2024-03-01 12:54:00,FOLD,13.369999885559082,13.369999885559082,13.369999885559082,13.354999542236328,13.359999656677246,1967.0
2024-03-01 12:54:00,FULC,10.850000381469727,10.850000381469727,10.859999656677246,10.850000381469727,10.859999656677246,4795.0
2024-03-01 12:54:00,FUSN,12.34000015258789,12.34000015258789,12.34000015258789,12.319999694824219,12.34000015258789,1593.0
2024-03-01 12:54:00,GALT,1.9500000476837158,1.9500000476837158,1.9500000476837158,1.9500000476837158,1.9500000476837158,439.0
2024-03-01 12:54:00,GBIO,2.631999969482422,2.631999969482422,2.6449999809265137,2.631999969482422,2.6449999809265137,1605.0
2024-03-01 12:54:00,GCTK,0.31279999017715454,0.31279999017715454,0.31279999017715454,0.31279999017715454,0.31279999017715454,400.0
2024-03-01 12:54:00,GDRX,8.220000267028809,8.220000267028809,8.220000267028809,8.199999809265137,8.210000038146973,12635.0
2024-03-01 12:54:00,GERN,2.2200000286102295,2.2200000286102295,2.2200000286102295,2.2100000381469727,2.2149999141693115,14972.0
2024-03-01 12:54:00,GH,19.200000762939453,19.200000762939453,19.200000762939453,19.174999237060547,19.174999237060547,2475.0
2024-03-01 12:54:00,GILD,72.32499694824219,72.32499694824219,72.32499694824219,72.30000305175781,72.30000305175781,4039.0
2024-03-01 12:54:00,GMAB,29.350000381469727,29.350000381469727,29.350000381469727,29.350000381469727,29.350000381469727,395.0
2024-03-01 12:54:00,GMDA,0.3804999887943268,0.3804999887943268,0.3822000026702881,0.3804999887943268,0.3822000026702881,1505.0
2024-03-01 12:54:00,GOSS,1.399999976158142,1.399999976158142,1.399999976158142,1.399999976158142,1.399999976158142,100.0
2024-03-01 12:54:00,GRFS,7.085000038146973,7.085000038146973,7.085000038146973,7.085000038146973,7.085000038146973,277.0
2024-03-01 12:54:00,GRPH,3.494999885559082,3.494999885559082,3.494999885559082,3.494999885559082,3.494999885559082,100.0
2024-03-01 12:54:00,GRTS,2.1500000953674316,2.1500000953674316,2.156899929046631,2.140000104904175,2.1449999809265137,27906.0
2024-03-01 12:54:00,GTHX,3.734999895095825,3.734999895095825,3.734999895095825,3.734999895095825,3.734999895095825,200.0
2024-03-01 12:54:00,HALO,41.474998474121094,41.474998474121094,41.474998474121094,41.439998626708984,41.45000076293945,349.0
2024-03-01 12:54:00,HCAT,8.029999732971191,8.029999732971191,8.029999732971191,8.010000228881836,8.015000343322754,2544.0
2024-03-01 12:54:00,HCSG,12.649999618530273,12.649999618530273,12.649999618530273,12.649999618530273,12.649999618530273,1589.0
2024-03-01 12:54:00,HLTH,0.271699994802475,0.271699994802475,0.271699994802475,0.2712000012397766,0.271699994802475,5382.0
2024-03-01 12:54:00,HOLX,73.88999938964844,73.88999938964844,73.9000015258789,73.87000274658203,73.87000274658203,1485.0
2024-03-01 12:54:00,HOTH,1.3035999536514282,1.3035999536514282,1.3035999536514282,1.3035999536514282,1.3035999536514282,205.0
2024-03-01 12:54:00,HOWL,7.09499979019165,7.09499979019165,7.099999904632568,7.09499979019165,7.099999904632568,231.0
2024-03-01 12:54:00,HRMY,31.584999084472656,31.584999084472656,31.584999084472656,31.56999969482422,31.56999969482422,708.0
2024-03-01 12:54:00,HRTX,2.619999885559082,2.619999885559082,2.619999885559082,2.609999895095825,2.609999895095825,284.0
2024-03-01 12:54:00,HSCS,0.11840000003576279,0.11840000003576279,0.11840000003576279,0.11840000003576279,0.11840000003576279,649.0
2024-03-01 12:54:00,HSIC,76.88999938964844,76.88999938964844,76.9000015258789,76.875,76.875,1040.0
2024-03-01 12:54:00,HSTM,27.454999923706055,27.454999923706055,27.454999923706055,27.454999923706055,27.454999923706055,135.0
2024-03-01 12:54:00,HUMA,3.4600000381469727,3.4600000381469727,3.4600000381469727,3.450000047683716,3.4549999237060547,5583.0
2024-03-01 12:54:00,IBRX,4.815000057220459,4.815000057220459,4.815000057220459,4.800000190734863,4.800000190734863,4602.0
2024-03-01 12:54:00,ICCM,1.2999999523162842,1.2999999523162842,1.2999999523162842,1.2925000190734863,1.2925000190734863,200.0
2024-03-01 12:54:00,ICLR,322.70001220703125,322.70001220703125,322.70001220703125,322.70001220703125,322.70001220703125,148.0
2024-03-01 12:54:00,IDYA,46.540000915527344,46.540000915527344,46.540000915527344,46.47999954223633,46.529998779296875,2662.0
2024-03-01 12:54:00,IGMS,13.420000076293945,13.420000076293945,13.449999809265137,13.414999961853027,13.44219970703125,1110.0
2024-03-01 12:54:00,IINN,1.6841000318527222,1.6841000318527222,1.6841000318527222,1.6841000318527222,1.6841000318527222,623.0
2024-03-01 12:54:00,IKNA,1.5161999464035034,1.5161999464035034,1.5161999464035034,1.5161999464035034,1.5161999464035034,300.0
2024-03-01 12:54:00,ILMN,142.27999877929688,142.27999877929688,142.27999877929688,142.27999877929688,142.27999877929688,644.0
2024-03-01 12:54:00,IMMX,3.555000066757202,3.555000066757202,3.555000066757202,3.555000066757202,3.555000066757202,100.0
2024-03-01 12:54:00,IMNN,1.0709999799728394,1.0709999799728394,1.0709999799728394,1.0709999799728394,1.0709999799728394,595.0
2024-03-01 12:54:00,IMRX,6.199999809265137,6.199999809265137,6.199999809265137,6.199999809265137,6.199999809265137,3917.0
2024-03-01 12:54:00,IMTX,13.0,13.0,13.0,13.0,13.0,206.0
2024-03-01 12:54:00,IMUX,1.4888999462127686,1.4888999462127686,1.4888999462127686,1.4888999462127686,1.4888999462127686,183.0
2024-03-01 12:54:00,IMVT,36.3849983215332,36.3849983215332,36.3849983215332,36.3650016784668,36.3650016784668,598.0
2024-03-01 12:54:00,INAB,1.0805000066757202,1.0805000066757202,1.0805000066757202,1.0805000066757202,1.0805000066757202,511.0
2024-03-01 12:54:00,INBX,36.630001068115234,36.630001068115234,36.630001068115234,36.630001068115234,36.630001068115234,219.0
2024-03-01 12:54:00,INCY,59.3401985168457,59.3401985168457,59.3401985168457,59.31999969482422,59.31999969482422,427.0
2024-03-01 12:54:00,INGN,6.809999942779541,6.809999942779541,6.809999942779541,6.809999942779541,6.809999942779541,1125.0
2024-03-01 12:54:00,INMD,22.850000381469727,22.850000381469727,22.850000381469727,22.829999923706055,22.829999923706055,1975.0
2024-03-01 12:54:00,INO,9.430000305175781,9.430000305175781,9.430000305175781,9.430000305175781,9.430000305175781,371.0
2024-03-01 12:54:00,INSM,28.600000381469727,28.600000381469727,28.610000610351562,28.56999969482422,28.594999313354492,1722.0
2024-03-01 12:54:00,INVA,15.654999732971191,15.654999732971191,15.654999732971191,15.649999618530273,15.649999618530273,1400.0
2024-03-01 12:54:00,IONS,45.84000015258789,45.84000015258789,45.84000015258789,45.84000015258789,45.84000015258789,631.0
2024-03-01 12:54:00,IOVA,16.833999633789062,16.833999633789062,16.84000015258789,16.78499984741211,16.795000076293945,14160.0
2024-03-01 12:54:00,IRIX,2.640000104904175,2.640000104904175,2.640000104904175,2.640000104904175,2.640000104904175,200.0
2024-03-01 12:54:00,IRTC,121.66999816894531,121.66999816894531,121.66999816894531,121.62999725341797,121.6500015258789,925.0
2024-03-01 12:54:00,IRWD,9.085000038146973,9.085000038146973,9.085000038146973,9.079999923706055,9.080100059509277,3675.0
2024-03-01 12:54:00,ISRG,394.94000244140625,394.94000244140625,395.25,394.8399963378906,394.8399963378906,3497.0
2024-03-01 12:54:00,ITCI,71.56999969482422,71.56999969482422,71.58999633789062,71.56999969482422,71.58999633789062,612.0
2024-03-01 12:54:00,ITOS,11.020000457763672,11.020000457763672,11.020000457763672,11.0,11.0,1269.0
2024-03-01 12:54:00,IVVD,4.03000020980835,4.03000020980835,4.050000190734863,4.03000020980835,4.039999961853027,560.0
2024-03-01 12:54:00,IXHL,5.449999809265137,5.449999809265137,5.449999809265137,5.449999809265137,5.449999809265137,125.0
2024-03-01 12:54:00,JAGX,0.07440000027418137,0.07440000027418137,0.07440000027418137,0.07370000332593918,0.07400000095367432,77467.0
2024-03-01 12:54:00,JANX,46.54999923706055,46.54999923706055,46.560001373291016,46.43000030517578,46.560001373291016,877.0
2024-03-01 12:54:00,JAZZ,119.38999938964844,119.38999938964844,119.38999938964844,119.38999938964844,119.38999938964844,570.0
2024-03-01 12:54:00,KALV,14.020000457763672,14.020000457763672,14.020000457763672,14.010000228881836,14.010000228881836,906.0
2024-03-01 12:54:00,KNSA,21.790000915527344,21.790000915527344,21.790000915527344,21.770000457763672,21.770000457763672,2548.0
2024-03-01 12:54:00,KOD,6.119999885559082,6.119999885559082,6.119999885559082,6.110000133514404,6.110000133514404,706.0
2024-03-01 12:54:00,KPRX,0.6518999934196472,0.6518999934196472,0.6518999934196472,0.6518999934196472,0.6518999934196472,1003.0
2024-03-01 12:54:00,KPTI,1.2200000286102295,1.2200000286102295,1.2200000286102295,1.215000033378601,1.2200000286102295,1582.0
2024-03-01 12:54:00,KRON,1.0299999713897705,1.0299999713897705,1.0299999713897705,1.0299999713897705,1.0299999713897705,1438.0
2024-03-01 12:54:00,KROS,70.08999633789062,70.08999633789062,70.08999633789062,70.08999633789062,70.08999633789062,224.0
2024-03-01 12:54:00,KRTX,316.95001220703125,316.95001220703125,316.95001220703125,316.95001220703125,316.95001220703125,1880.0
2024-03-01 12:54:00,KRYS,168.63999938964844,168.63999938964844,168.63999938964844,168.63999938964844,168.63999938964844,249.0
2024-03-01 12:54:00,KURA,21.15999984741211,21.15999984741211,21.15999984741211,21.149999618530273,21.149999618530273,631.0
2024-03-01 12:54:00,KYMR,44.1349983215332,44.1349983215332,44.150001525878906,44.10499954223633,44.11000061035156,829.0
2024-03-01 12:54:00,KZR,1.0702999830245972,1.0702999830245972,1.0750000476837158,1.0700000524520874,1.0700000524520874,900.0
2024-03-01 12:54:00,LAB,2.515000104904175,2.515000104904175,2.5199999809265137,2.505000114440918,2.509999990463257,15550.0
2024-03-01 12:54:00,LBPH,22.1200008392334,22.1200008392334,22.1200008392334,22.1200008392334,22.1200008392334,204.0
2024-03-01 12:54:00,LEGN,66.08999633789062,66.08999633789062,66.08999633789062,66.08999633789062,66.08999633789062,783.0
2024-03-01 12:54:00,LFMD,7.989999771118164,7.989999771118164,8.0,7.989999771118164,8.0,886.0
2024-03-01 12:54:00,LFST,7.760000228881836,7.760000228881836,7.760000228881836,7.751800060272217,7.760000228881836,3650.0
2024-03-01 12:54:00,LIVN,55.744998931884766,55.744998931884766,55.75230026245117,55.709999084472656,55.75230026245117,1509.0
2024-03-01 12:54:00,LMAT,67.0199966430664,67.0199966430664,67.0199966430664,67.0199966430664,67.0199966430664,168.0
2024-03-01 12:54:00,LNTH,65.44999694824219,65.44999694824219,65.44999694824219,65.44999694824219,65.44999694824219,107.0
2024-03-01 12:54:00,LQDA,14.510000228881836,14.510000228881836,14.510000228881836,14.479999542236328,14.479999542236328,2685.0
2024-03-01 12:54:00,LRMR,11.4399995803833,11.4399995803833,11.4399995803833,11.4399995803833,11.4399995803833,128.0
2024-03-01 12:54:00,LTRN,4.5100998878479,4.5100998878479,4.519999980926514,4.510000228881836,4.519999980926514,602.0
2024-03-01 12:54:00,LUNG,9.399999618530273,9.399999618530273,9.399999618530273,9.399999618530273,9.399999618530273,495.0
2024-03-01 12:54:00,LVTX,3.0299999713897705,3.0299999713897705,3.0299999713897705,3.015000104904175,3.015000104904175,283.0
2024-03-01 12:54:00,LXRX,2.51990008354187,2.51990008354187,2.5199999809265137,2.515000104904175,2.515000104904175,4544.0
2024-03-01 12:54:00,LYEL,3.1600000858306885,3.1600000858306885,3.1600000858306885,3.1600000858306885,3.1600000858306885,336.0
2024-03-01 12:54:00,LYRA,5.650000095367432,5.650000095367432,5.650000095367432,5.635000228881836,5.635000228881836,599.0
2024-03-01 12:54:00,MBOT,1.2999999523162842,1.2999999523162842,1.2999999523162842,1.2949999570846558,1.2949999570846558,2119.0
2024-03-01 12:54:00,MCRB,1.2000000476837158,1.2000000476837158,1.2050000429153442,1.2000000476837158,1.2050000429153442,36040.0
2024-03-01 12:54:00,MDGL,250.8300018310547,250.8300018310547,250.8300018310547,250.0800018310547,250.09500122070312,1009.0
2024-03-01 12:54:00,MDRX,6.150000095367432,6.150000095367432,6.150000095367432,6.050000190734863,6.139999866485596,53986.0
2024-03-01 12:54:00,MDXG,8.6850004196167,8.6850004196167,8.6850004196167,8.6850004196167,8.6850004196167,1078.0
2024-03-01 12:54:00,ME,0.5743499994277954,0.5743499994277954,0.5759000182151794,0.5743499994277954,0.5758000016212463,5627.0
2024-03-01 12:54:00,MGNX,18.975000381469727,18.975000381469727,18.975000381469727,18.950000762939453,18.950000762939453,2116.0
2024-03-01 12:54:00,MGTX,6.440000057220459,6.440000057220459,6.440000057220459,6.440000057220459,6.440000057220459,298.0
2024-03-01 12:54:00,MIRM,29.889999389648438,29.889999389648438,29.90999984741211,29.8700008392334,29.8700008392334,1379.0
2024-03-01 12:54:00,MIST,1.7400000095367432,1.7400000095367432,1.7400000095367432,1.7400000095367432,1.7400000095367432,256.0
2024-03-01 12:54:00,MLTX,51.654998779296875,51.654998779296875,51.65999984741211,51.540000915527344,51.540000915527344,2002.0
2024-03-01 12:54:00,MMSI,76.25250244140625,76.25250244140625,76.25250244140625,76.25250244140625,76.25250244140625,135.0
2024-03-01 12:54:00,MNKD,4.53000020980835,4.53000020980835,4.53000020980835,4.519999980926514,4.52839994430542,1425.0
2024-03-01 12:54:00,MNMD,6.15500020980835,6.15500020980835,6.15500020980835,6.150000095367432,6.150000095367432,1870.0
2024-03-01 12:54:00,MNPR,0.8349509835243225,0.8349509835243225,0.8349509835243225,0.8349509835243225,0.8349509835243225,200.0
2024-03-01 12:54:00,MORF,39.525001525878906,39.525001525878906,39.540000915527344,39.5,39.5,1739.0
2024-03-01 12:54:00,MRNA,96.79000091552734,96.79000091552734,96.83999633789062,96.66999816894531,96.66999816894531,3314.0
2024-03-01 12:54:00,MRNS,10.029999732971191,10.029999732971191,10.029999732971191,10.020000457763672,10.029999732971191,1371.0
2024-03-01 12:54:00,MRSN,6.0,6.0,6.0,5.989999771118164,5.994999885559082,3367.0
2024-03-01 12:54:00,MRUS,51.96500015258789,51.96500015258789,51.970001220703125,51.96500015258789,51.970001220703125,560.0
2024-03-01 12:54:00,MRVI,7.820000171661377,7.820000171661377,7.820000171661377,7.800000190734863,7.800000190734863,2540.0
2024-03-01 12:54:00,MXCT,4.764999866485596,4.764999866485596,4.764999866485596,4.764999866485596,4.764999866485596,503.0
2024-03-01 12:54:00,MYGN,21.75,21.75,21.75,21.690000534057617,21.704999923706055,5883.0
2024-03-01 12:54:00,NARI,45.34000015258789,45.34000015258789,45.391700744628906,45.34000015258789,45.391700744628906,1423.0
2024-03-01 12:54:00,NBIX,131.0500030517578,131.0500030517578,131.10000610351562,131.0500030517578,131.08999633789062,2368.0
2024-03-01 12:54:00,NEO,16.128000259399414,16.128000259399414,16.128000259399414,16.128000259399414,16.128000259399414,218.0
2024-03-01 12:54:00,NEOG,17.34000015258789,17.34000015258789,17.34000015258789,17.334999084472656,17.334999084472656,1038.0
2024-03-01 12:54:00,NERV,2.5799999237060547,2.5799999237060547,2.5799999237060547,2.5799999237060547,2.5799999237060547,510.0
2024-03-01 12:54:00,NKTR,0.7888000011444092,0.7888000011444092,0.7888000011444092,0.7888000011444092,0.7888000011444092,100.0
2024-03-01 12:54:00,NKTX,12.850000381469727,12.850000381469727,12.850000381469727,12.850000381469727,12.850000381469727,309.0
2024-03-01 12:54:00,NNOX,11.130000114440918,11.130000114440918,11.130000114440918,11.079999923706055,11.100000381469727,10683.0
2024-03-01 12:54:00,NPCE,16.8799991607666,16.8799991607666,16.8799991607666,16.8799991607666,16.8799991607666,138.0
2024-03-01 12:54:00,NRIX,13.600000381469727,13.600000381469727,13.600000381469727,13.579999923706055,13.579999923706055,1118.0
2024-03-01 12:54:00,NRSN,2.0799999237060547,2.0799999237060547,2.0799999237060547,2.0799999237060547,2.0799999237060547,145.0
2024-03-01 12:54:00,NTLA,33.5099983215332,33.5099983215332,33.5099983215332,33.45000076293945,33.45000076293945,1427.0
2024-03-01 12:54:00,NTRA,89.0,89.0,89.08999633789062,88.9749984741211,89.08999633789062,8166.0
2024-03-01 12:54:00,NUTX,0.11379999667406082,0.11379999667406082,0.11379999667406082,0.11329899728298187,0.11329899728298187,1300.0
2024-03-01 12:54:00,NUVL,88.83999633789062,88.83999633789062,88.83999633789062,88.80000305175781,88.80000305175781,958.0
2024-03-01 12:54:00,NVAX,5.135000228881836,5.135000228881836,5.135000228881836,5.11299991607666,5.119999885559082,21940.0
2024-03-01 12:54:00,NVCR,16.049999237060547,16.049999237060547,16.049999237060547,16.030000686645508,16.030000686645508,2972.0
2024-03-01 12:54:00,NVCT,10.6850004196167,10.6850004196167,10.6850004196167,10.6850004196167,10.6850004196167,276.0
2024-03-01 12:54:00,NVOS,0.6179999709129333,0.6179999709129333,0.6179999709129333,0.6179999709129333,0.6179999709129333,428.0
2024-03-01 12:54:00,NXTC,1.7450000047683716,1.7450000047683716,1.75,1.7400000095367432,1.7450000047683716,4248.0
2024-03-01 12:54:00,OCGN,0.9450500011444092,0.9450500011444092,0.9450500011444092,0.9450500011444092,0.9450500011444092,1200.0
2024-03-01 12:54:00,OCUL,10.829999923706055,10.829999923706055,10.829999923706055,10.8100004196167,10.8100004196167,1589.0
2024-03-01 12:54:00,OGI,2.2149999141693115,2.2149999141693115,2.2149999141693115,2.2149999141693115,2.2149999141693115,730.0
2024-03-01 12:54:00,OM,3.1600000858306885,3.1600000858306885,3.1600000858306885,3.1600000858306885,3.1600000858306885,418.0
2024-03-01 12:54:00,OMCL,26.479999542236328,26.479999542236328,26.5049991607666,26.479999542236328,26.5049991607666,694.0
2024-03-01 12:54:00,OMER,4.784999847412109,4.784999847412109,4.784999847412109,4.784999847412109,4.784999847412109,272.0
2024-03-01 12:54:00,OMGA,4.184999942779541,4.184999942779541,4.184999942779541,4.184999942779541,4.184999942779541,102.0
2024-03-01 12:55:00,ABCL,5.258900165557861,5.258900165557861,5.259099960327148,5.255000114440918,5.255000114440918,1198.0
2024-03-01 12:55:00,ABEO,7.840000152587891,7.840000152587891,7.840000152587891,7.820000171661377,7.820000171661377,11062.0
2024-03-01 12:55:00,ABSI,5.244999885559082,5.244999885559082,5.255000114440918,5.244999885559082,5.255000114440918,2972.0
2024-03-01 12:55:00,ACAD,24.43000030517578,24.43000030517578,24.459999084472656,24.420000076293945,24.43000030517578,2966.0
2024-03-01 12:55:00,ACB,3.2249999046325684,3.2249999046325684,3.2300000190734863,3.2249999046325684,3.2300000190734863,860.0
2024-03-01 12:55:00,ACCD,10.234999656677246,10.234999656677246,10.234999656677246,10.234999656677246,10.234999656677246,221.0
2024-03-01 12:55:00,ACET,2.3970000743865967,2.3970000743865967,2.4000000953674316,2.3949999809265137,2.4000000953674316,484.0
2024-03-01 12:55:00,ACHC,84.63999938964844,84.63999938964844,84.70999908447266,84.63999938964844,84.70999908447266,1365.0
2024-03-01 12:55:00,ACLX,66.98500061035156,66.98500061035156,66.98500061035156,66.98500061035156,66.98500061035156,146.0
2024-03-01 12:55:00,ACRS,1.2300000190734863,1.2300000190734863,1.2400000095367432,1.2300000190734863,1.2300000190734863,921.0
2024-03-01 12:55:00,ACXP,3.119999885559082,3.119999885559082,3.1700000762939453,3.119999885559082,3.119999885559082,2005.0
2024-03-01 12:55:00,ADAG,3.25,3.25,3.25,3.25,3.25,331.0
2024-03-01 12:55:00,ADIL,3.0799999237060547,3.0799999237060547,3.0899999141693115,3.0601000785827637,3.0799999237060547,9476.0
2024-03-01 12:55:00,ADMA,5.454999923706055,5.454999923706055,5.4654998779296875,5.449999809265137,5.4654998779296875,45596.0
2024-03-01 12:55:00,ADUS,93.70999908447266,93.70999908447266,93.70999908447266,93.70999908447266,93.70999908447266,153.0
2024-03-01 12:55:00,AFMD,0.6389999985694885,0.6389999985694885,0.6389999985694885,0.6389999985694885,0.6389999985694885,132.0
2024-03-01 12:55:00,AGEN,0.6739000082015991,0.6739000082015991,0.6739000082015991,0.6738499999046326,0.6739000082015991,47271.0
2024-03-01 12:55:00,AGIO,32.95000076293945,32.95000076293945,32.95000076293945,32.95000076293945,32.95000076293945,529.0
2024-03-01 12:55:00,AHCO,10.704999923706055,10.704999923706055,10.710000038146973,10.704999923706055,10.704999923706055,1048.0
2024-03-01 12:55:00,AIMD,0.949999988079071,0.949999988079071,0.949999988079071,0.9300000071525574,0.9399999976158142,5406.0
2024-03-01 12:55:00,AIRS,6.510000228881836,6.510000228881836,6.510000228881836,6.510000228881836,6.510000228881836,120.0
2024-03-01 12:55:00,AKAN,0.22499999403953552,0.22499999403953552,0.22509999573230743,0.22179999947547913,0.22509999573230743,4040.0
2024-03-01 12:55:00,AKBA,1.6888999938964844,1.6888999938964844,1.6888999938964844,1.6799999475479126,1.680899977684021,1964.0
2024-03-01 12:55:00,AKLI,0.34150001406669617,0.34150001406669617,0.34150001406669617,0.34150001406669617,0.34150001406669617,187.0
2024-03-01 12:55:00,AKRO,29.969999313354492,29.969999313354492,30.09000015258789,29.969999313354492,30.09000015258789,2861.0
2024-03-01 12:55:00,ALDX,4.170000076293945,4.170000076293945,4.170000076293945,4.169300079345703,4.169300079345703,2850.0
2024-03-01 12:55:00,ALGS,1.1100000143051147,1.1100000143051147,1.1100000143051147,1.1100000143051147,1.1100000143051147,2186.0
2024-03-01 12:55:00,ALHC,5.739999771118164,5.739999771118164,5.739999771118164,5.730000019073486,5.739999771118164,3659.0
2024-03-01 12:55:00,ALLK,1.6050000190734863,1.6050000190734863,1.6050000190734863,1.600000023841858,1.6050000190734863,5549.0
2024-03-01 12:55:00,ALLO,5.054999828338623,5.054999828338623,5.065000057220459,5.054999828338623,5.065000057220459,3657.0
2024-03-01 12:55:00,ALNY,154.85000610351562,154.85000610351562,154.85000610351562,154.72999572753906,154.80999755859375,578.0
2024-03-01 12:55:00,ALPN,35.81999969482422,35.81999969482422,35.86000061035156,35.81999969482422,35.83000183105469,1689.0
2024-03-01 12:55:00,ALT,12.09000015258789,12.09000015258789,12.109999656677246,12.09000015258789,12.109999656677246,2250.0
2024-03-01 12:55:00,ALVR,0.755299985408783,0.755299985408783,0.7556999921798706,0.7548999786376953,0.7548999786376953,2648.0
2024-03-01 12:55:00,AMED,93.31999969482422,93.31999969482422,93.31999969482422,93.31999969482422,93.31999969482422,317.0
2024-03-01 12:55:00,AMGN,281.1794128417969,281.1794128417969,281.4100036621094,281.1499938964844,281.4100036621094,4669.0
2024-03-01 12:55:00,AMLX,18.795000076293945,18.795000076293945,18.799999237060547,18.780000686645508,18.799999237060547,3710.0
2024-03-01 12:55:00,AMPH,45.209999084472656,45.209999084472656,45.244598388671875,45.20500183105469,45.20500183105469,1337.0
2024-03-01 12:55:00,AMRN,1.0499999523162842,1.0499999523162842,1.059999942779541,1.0499999523162842,1.0506999492645264,1354.0
2024-03-01 12:55:00,ANNX,6.139999866485596,6.139999866485596,6.139999866485596,6.070000171661377,6.070000171661377,5827.0
2024-03-01 12:55:00,ANTX,3.0199999809265137,3.0199999809265137,3.0199999809265137,3.0199999809265137,3.0199999809265137,100.0
2024-03-01 12:55:00,APLS,64.75,64.75,64.94000244140625,64.7300033569336,64.94000244140625,6912.0
2024-03-01 12:55:00,APLT,7.105000019073486,7.105000019073486,7.110000133514404,7.099999904632568,7.099999904632568,2866.0
2024-03-01 12:55:00,AQST,4.229400157928467,4.229400157928467,4.230000019073486,4.220099925994873,4.230000019073486,2355.0
2024-03-01 12:55:00,ARAY,2.6449999809265137,2.6449999809265137,2.6449999809265137,2.640000104904175,2.640000104904175,655.0
2024-03-01 12:55:00,ARDX,9.579999923706055,9.579999923706055,9.599200248718262,9.579999923706055,9.595000267028809,47570.0
2024-03-01 12:55:00,ARQT,11.78499984741211,11.78499984741211,11.78499984741211,11.761199951171875,11.779999732971191,7364.0
2024-03-01 12:55:00,ARVN,49.43000030517578,49.43000030517578,49.43000030517578,49.41999816894531,49.43000030517578,600.0
2024-03-01 12:55:00,ARWR,35.9900016784668,35.9900016784668,36.20000076293945,35.9900016784668,36.20000076293945,9101.0
2024-03-01 12:55:00,ASND,151.69000244140625,151.69000244140625,151.75,151.69000244140625,151.75,327.0
2024-03-01 12:55:00,ASRT,0.9250500202178955,0.9250500202178955,0.9250500202178955,0.920199990272522,0.9250500202178955,301.0
2024-03-01 12:55:00,ATAI,2.1210999488830566,2.1210999488830566,2.130000114440918,2.119999885559082,2.119999885559082,1675.0
2024-03-01 12:55:00,ATEC,13.5649995803833,13.5649995803833,13.585000038146973,13.5649995803833,13.585000038146973,5478.0
2024-03-01 12:55:00,ATHA,3.994999885559082,3.994999885559082,3.994999885559082,3.994999885559082,3.994999885559082,100.0
2024-03-01 12:55:00,ATOS,1.0199999809265137,1.0199999809265137,1.0199999809265137,1.0190000534057617,1.0199999809265137,30160.0
2024-03-01 12:55:00,ATRA,0.7900000214576721,0.7900000214576721,0.7926499843597412,0.7878000140190125,0.7878999710083008,2000.0
2024-03-01 12:55:00,ATRC,36.095001220703125,36.095001220703125,36.095001220703125,36.095001220703125,36.095001220703125,113.0
2024-03-01 12:55:00,AUGX,4.565000057220459,4.565000057220459,4.565000057220459,4.565000057220459,4.565000057220459,455.0
2024-03-01 12:55:00,AUPH,5.855000019073486,5.855000019073486,5.864999771118164,5.84499979019165,5.864999771118164,7623.0
2024-03-01 12:55:00,AUTL,6.389999866485596,6.389999866485596,6.389999866485596,6.389999866485596,6.389999866485596,207.0
2024-03-01 12:55:00,AVDL,12.994999885559082,12.994999885559082,13.010000228881836,12.979999542236328,13.010000228881836,709.0
2024-03-01 12:55:00,AVIR,4.539999961853027,4.539999961853027,4.539999961853027,4.539999961853027,4.539999961853027,256.0
2024-03-01 12:55:00,AVRO,1.350000023841858,1.350000023841858,1.350000023841858,1.350000023841858,1.350000023841858,101.0
2024-03-01 12:55:00,AVTX,4.539999961853027,4.539999961853027,4.539999961853027,4.539999961853027,4.539999961853027,348.0
2024-03-01 12:55:00,AVXL,5.40500020980835,5.40500020980835,5.40500020980835,5.40500020980835,5.40500020980835,369.0
2024-03-01 12:55:00,AXSM,82.45500183105469,82.45500183105469,82.51499938964844,82.3499984741211,82.51499938964844,3142.0
2024-03-01 12:55:00,AZN,64.69499969482422,64.69499969482422,64.69999694824219,64.69000244140625,64.69499969482422,3952.0
2024-03-01 12:55:00,BBLG,2.691999912261963,2.691999912261963,2.7899999618530273,2.600600004196167,2.617000102996826,9949.0
2024-03-01 12:55:00,BCAB,2.734999895095825,2.734999895095825,2.734999895095825,2.734999895095825,2.734999895095825,113.0
2024-03-01 12:55:00,BCDA,0.5651000142097473,0.5651000142097473,0.5651000142097473,0.5651000142097473,0.5651000142097473,302.0
2024-03-01 12:55:00,BCRX,5.764999866485596,5.764999866485596,5.769999980926514,5.7600998878479,5.769899845123291,2884.0
2024-03-01 12:55:00,BCYC,25.854999542236328,25.854999542236328,25.854999542236328,25.854999542236328,25.854999542236328,191.0
2024-03-01 12:55:00,BDTX,4.96999979019165,4.96999979019165,4.994999885559082,4.949999809265137,4.994999885559082,14733.0
2024-03-01 12:55:00,BEAM,40.1349983215332,40.1349983215332,40.1349983215332,40.119998931884766,40.1349983215332,1370.0
2024-03-01 12:55:00,BGNE,166.75999450683594,166.75999450683594,166.75999450683594,166.75999450683594,166.75999450683594,119.0
2024-03-01 12:55:00,BIIB,221.36500549316406,221.36500549316406,221.3699951171875,221.30999755859375,221.34500122070312,2387.0
2024-03-01 12:55:00,BIOR,1.1699999570846558,1.1699999570846558,1.1699999570846558,1.1699999570846558,1.1699999570846558,5321.0
2024-03-01 12:55:00,BIVI,1.8600000143051147,1.8600000143051147,1.8674999475479126,1.850000023841858,1.8674999475479126,13428.0
2024-03-01 12:55:00,BJDX,0.7994999885559082,0.7994999885559082,0.7994999885559082,0.7994999885559082,0.7994999885559082,143.0
2024-03-01 12:55:00,BLFS,18.200000762939453,18.200000762939453,18.2450008392334,18.200000762939453,18.2450008392334,850.0
2024-03-01 12:55:00,BLUE,1.590000033378601,1.590000033378601,1.5999000072479248,1.590000033378601,1.5957000255584717,3106.0
2024-03-01 12:55:00,BMEA,18.21500015258789,18.21500015258789,18.21500015258789,18.21500015258789,18.21500015258789,551.0
2024-03-01 12:55:00,BMRN,87.36000061035156,87.36000061035156,87.37999725341797,87.36000061035156,87.37999725341797,1722.0
2024-03-01 12:55:00,BNR,0.8399500250816345,0.8399500250816345,0.8399500250816345,0.8399500250816345,0.8399500250816345,100.0
2024-03-01 12:55:00,BNTX,91.58999633789062,91.58999633789062,91.58999633789062,91.58999633789062,91.58999633789062,108.0
2024-03-01 12:55:00,BOLT,1.2000000476837158,1.2000000476837158,1.2000000476837158,1.190000057220459,1.2000000476837158,901.0
2024-03-01 12:55:00,BRKR,88.31999969482422,88.31999969482422,88.31999969482422,88.31999969482422,88.31999969482422,135.0
2024-03-01 12:55:00,BSGM,0.6432499885559082,0.6432499885559082,0.6432499885559082,0.6430000066757202,0.6430000066757202,202.0
2024-03-01 12:55:00,BTAI,3.200000047683716,3.200000047683716,3.200000047683716,3.184999942779541,3.1882998943328857,3548.0
2024-03-01 12:55:00,BTTX,0.17599999904632568,0.17599999904632568,0.17800000309944153,0.17599999904632568,0.17790000140666962,5220.0
2024-03-01 12:55:00,BWAY,6.53000020980835,6.53000020980835,6.53000020980835,6.53000020980835,6.53000020980835,100.0
2024-03-01 12:55:00,CABA,24.06999969482422,24.06999969482422,24.06999969482422,24.06999969482422,24.06999969482422,692.0
2024-03-01 12:55:00,CAPR,4.574999809265137,4.574999809265137,4.574999809265137,4.570000171661377,4.574999809265137,3030.0
2024-03-01 12:55:00,CARA,0.9366999864578247,0.9366999864578247,0.9366999864578247,0.9324759840965271,0.9348999857902527,5807.0
2024-03-01 12:55:00,CBAY,32.2400016784668,32.2400016784668,32.2400016784668,32.23500061035156,32.23500061035156,1099.0
2024-03-01 12:55:00,CCCC,10.96500015258789,10.96500015258789,10.979999542236328,10.96500015258789,10.979999542236328,7515.0
2024-03-01 12:55:00,CCRN,18.239999771118164,18.239999771118164,18.239999771118164,18.184999465942383,18.184999465942383,2050.0
2024-03-01 12:55:00,CDMO,8.069999694824219,8.069999694824219,8.079999923706055,8.069999694824219,8.079999923706055,201.0
2024-03-01 12:55:00,CDNA,12.369999885559082,12.369999885559082,12.380000114440918,12.350000381469727,12.359999656677246,3739.0
2024-03-01 12:55:00,CDXS,4.485000133514404,4.485000133514404,4.485000133514404,4.485000133514404,4.485000133514404,201.0
2024-03-01 12:55:00,CELC,16.18000030517578,16.18000030517578,16.18000030517578,16.18000030517578,16.18000030517578,212.0
2024-03-01 12:55:00,CERE,41.1150016784668,41.1150016784668,41.1150016784668,41.11000061035156,41.11000061035156,740.0
2024-03-01 12:55:00,CERS,2.2249999046325684,2.2249999046325684,2.2300000190734863,2.2249999046325684,2.2300000190734863,663.0
2024-03-01 12:55:00,CERT,17.940000534057617,17.940000534057617,17.940000534057617,17.940000534057617,17.940000534057617,342.0
2024-03-01 12:55:00,CGC,3.265000104904175,3.265000104904175,3.265000104904175,3.259999990463257,3.265000104904175,4085.0
2024-03-01 12:55:00,CGEM,18.940000534057617,18.940000534057617,18.940000534057617,18.940000534057617,18.940000534057617,202.0
2024-03-01 12:55:00,CGEN,2.690000057220459,2.690000057220459,2.690000057220459,2.690000057220459,2.690000057220459,991.0
2024-03-01 12:55:00,CHRS,2.4049999713897705,2.4049999713897705,2.4049999713897705,2.4000000953674316,2.400099992752075,2443.0
2024-03-01 12:55:00,CLDX,50.7599983215332,50.7599983215332,50.7599983215332,50.755001068115234,50.755001068115234,1260.0
2024-03-01 12:55:00,CLOV,0.8636999726295471,0.8636999726295471,0.8636999726295471,0.8618999719619751,0.8622000217437744,65090.0
2024-03-01 12:55:00,CLPT,6.670100212097168,6.670100212097168,6.690000057220459,6.670000076293945,6.690000057220459,1617.0
2024-03-01 12:55:00,CMPS,11.460100173950195,11.460100173950195,11.489999771118164,11.460100173950195,11.489999771118164,508.0
2024-03-01 12:55:00,CMPX,1.8300000429153442,1.8300000429153442,1.8300000429153442,1.8300000429153442,1.8300000429153442,100.0
2024-03-01 12:55:00,CMRX,1.159999966621399,1.159999966621399,1.159999966621399,1.159999966621399,1.159999966621399,148.0
2024-03-01 12:55:00,CNTA,10.954999923706055,10.954999923706055,10.954999923706055,10.954999923706055,10.954999923706055,1144.0
2024-03-01 12:55:00,COGT,7.190000057220459,7.190000057220459,7.199999809265137,7.190000057220459,7.199999809265137,3274.0
2024-03-01 12:55:00,COLL,36.787899017333984,36.787899017333984,36.787899017333984,36.775001525878906,36.775001525878906,297.0
2024-03-01 12:55:00,CORT,24.240100860595703,24.240100860595703,24.260000228881836,24.239999771118164,24.260000228881836,4046.0
2024-03-01 12:55:00,CPRX,17.100000381469727,17.100000381469727,17.110000610351562,17.100000381469727,17.100000381469727,3174.0
2024-03-01 12:55:00,CRBU,7.954999923706055,7.954999923706055,7.965000152587891,7.949999809265137,7.965000152587891,1324.0
2024-03-01 12:55:00,CRDF,2.3884999752044678,2.3884999752044678,2.4096999168395996,2.369999885559082,2.375,20702.0
2024-03-01 12:55:00,CRDL,1.934999942779541,1.934999942779541,1.934999942779541,1.934999942779541,1.934999942779541,788.0
2024-03-01 12:55:00,CRMD,3.7049999237060547,3.7049999237060547,3.7049999237060547,3.7049999237060547,3.7049999237060547,500.0
2024-03-01 12:55:00,CRNX,46.43000030517578,46.43000030517578,46.540000915527344,46.38999938964844,46.5,1580.0
2024-03-01 12:55:00,CRSP,86.05290222167969,86.05290222167969,86.05290222167969,86.0199966430664,86.0199966430664,1258.0
2024-03-01 12:55:00,CRVS,2.259999990463257,2.259999990463257,2.265000104904175,2.259999990463257,2.259999990463257,319.0
2024-03-01 12:55:00,CSTL,20.5,20.5,20.524999618530273,20.5,20.524999618530273,330.0
2024-03-01 12:55:00,CTKB,8.8149995803833,8.8149995803833,8.819999694824219,8.8149995803833,8.819999694824219,1191.0
2024-03-01 12:55:00,CTMX,2.7049999237060547,2.7049999237060547,2.7100000381469727,2.700000047683716,2.700000047683716,1275.0
2024-03-01 12:55:00,CTXR,0.777999997138977,0.777999997138977,0.7785000205039978,0.777999997138977,0.7785000205039978,870.0
2024-03-01 12:55:00,CUE,2.2200000286102295,2.2200000286102295,2.2300000190734863,2.2200000286102295,2.2298998832702637,3931.0
2024-03-01 12:55:00,CUTR,2.430000066757202,2.430000066757202,2.430000066757202,2.4200000762939453,2.4200000762939453,3684.0
2024-03-01 12:55:00,CYTK,73.47000122070312,73.47000122070312,73.55999755859375,73.44000244140625,73.50499725341797,4221.0
2024-03-01 12:55:00,CYTO,2.351599931716919,2.351599931716919,2.351599931716919,2.3499999046325684,2.3499999046325684,1320.0
2024-03-01 12:55:00,DARE,0.5521000027656555,0.5521000027656555,0.5521000027656555,0.5521000027656555,0.5521000027656555,1000.0
2024-03-01 12:55:00,DCGO,4.144999980926514,4.144999980926514,4.144999980926514,4.144999980926514,4.144999980926514,253.0
2024-03-01 12:55:00,DCPH,17.485000610351562,17.485000610351562,17.485000610351562,17.485000610351562,17.485000610351562,100.0
2024-03-01 12:55:00,DH,8.75,8.75,8.760000228881836,8.75,8.760000228881836,1714.0
2024-03-01 12:55:00,DMTK,0.8583999872207642,0.8583999872207642,0.8583999872207642,0.8583999872207642,0.8583999872207642,110.0
2024-03-01 12:55:00,DNLI,20.850000381469727,20.850000381469727,20.864999771118164,20.850000381469727,20.864999771118164,5061.0
2024-03-01 12:55:00,DSGN,2.9049999713897705,2.9049999713897705,2.9049999713897705,2.9000000953674316,2.9000000953674316,523.0
2024-03-01 12:55:00,DTIL,12.210100173950195,12.210100173950195,12.305000305175781,12.210100173950195,12.305000305175781,202.0
2024-03-01 12:55:00,DVAX,12.904999732971191,12.904999732971191,12.904999732971191,12.904999732971191,12.904999732971191,395.0
2024-03-01 12:55:00,DXCM,121.5999984741211,121.5999984741211,121.62000274658203,121.54229736328125,121.58000183105469,3915.0
2024-03-01 12:55:00,DYN,28.799999237060547,28.799999237060547,28.799999237060547,28.75,28.799999237060547,1381.0
2024-03-01 12:55:00,EDIT,10.854999542236328,10.854999542236328,10.868800163269043,10.850000381469727,10.868800163269043,2530.0
2024-03-01 12:55:00,EFTR,15.5,15.5,15.5,15.399999618530273,15.399999618530273,2025.0
2024-03-01 12:55:00,EKSO,1.9800000190734863,1.9800000190734863,1.9800000190734863,1.9800000190734863,1.9800000190734863,817.0
2024-03-01 12:55:00,ELEV,5.014999866485596,5.014999866485596,5.019999980926514,5.0,5.019999980926514,1330.0
2024-03-01 12:55:00,ENVB,1.5379999876022339,1.5379999876022339,1.5499999523162842,1.5199999809265137,1.5299999713897705,1688.0
2024-03-01 12:55:00,ERAS,2.5350000858306885,2.5350000858306885,2.5350000858306885,2.5350000858306885,2.5350000858306885,407.0
2024-03-01 12:55:00,ESPR,2.5250000953674316,2.5250000953674316,2.5250000953674316,2.5250000953674316,2.5250000953674316,2610.0
2024-03-01 12:55:00,ESTA,45.58000183105469,45.58000183105469,45.73500061035156,45.58000183105469,45.73500061035156,209.0
2024-03-01 12:55:00,ETNB,13.220000267028809,13.220000267028809,13.239999771118164,13.220000267028809,13.239999771118164,4471.0
2024-03-01 12:55:00,EVAX,3.5799999237060547,3.5799999237060547,3.5799999237060547,3.5799999237060547,3.5799999237060547,251.0
2024-03-01 12:55:00,EWTX,17.110000610351562,17.110000610351562,17.110000610351562,17.110000610351562,17.110000610351562,317.0
2024-03-01 12:55:00,EXAI,6.804999828338623,6.804999828338623,6.804999828338623,6.800000190734863,6.800000190734863,330.0
2024-03-01 12:55:00,EXAS,60.40999984741211,60.40999984741211,60.470001220703125,60.40999984741211,60.470001220703125,2295.0
2024-03-01 12:55:00,EXEL,22.5049991607666,22.5049991607666,22.5049991607666,22.5,22.5,1451.0
2024-03-01 12:55:00,EYEN,2.4749999046325684,2.4749999046325684,2.4800000190734863,2.4700000286102295,2.4800000190734863,22854.0
2024-03-01 12:55:00,EYPT,28.010000228881836,28.010000228881836,28.010000228881836,27.9950008392334,27.9950008392334,311.0
2024-03-01 12:55:00,FATE,7.579999923706055,7.579999923706055,7.599999904632568,7.579999923706055,7.599999904632568,2933.0
2024-03-01 12:55:00,FDMT,29.280000686645508,29.280000686645508,29.280000686645508,29.280000686645508,29.280000686645508,201.0
2024-03-01 12:55:00,FEMY,1.7196999788284302,1.7196999788284302,1.7196999788284302,1.7196999788284302,1.7196999788284302,1001.0
2024-03-01 12:55:00,FGEN,1.8700000047683716,1.8700000047683716,1.8700000047683716,1.8693000078201294,1.8693000078201294,1802.0
2024-03-01 12:55:00,FHTX,7.929999828338623,7.929999828338623,7.929999828338623,7.929999828338623,7.929999828338623,150.0
2024-03-01 12:55:00,FLGT,23.252300262451172,23.252300262451172,23.252300262451172,23.252300262451172,23.252300262451172,143.0
2024-03-01 12:55:00,FOLD,13.354999542236328,13.354999542236328,13.375,13.350000381469727,13.364999771118164,11577.0
2024-03-01 12:55:00,FULC,10.869999885559082,10.869999885559082,10.880000114440918,10.864999771118164,10.864999771118164,1927.0
2024-03-01 12:55:00,FUSN,12.369999885559082,12.369999885559082,12.369999885559082,12.350000381469727,12.350000381469727,1057.0
2024-03-01 12:55:00,GALT,1.9667999744415283,1.9667999744415283,1.9667999744415283,1.9667999744415283,1.9667999744415283,156.0
2024-03-01 12:55:00,GDRX,8.21500015258789,8.21500015258789,8.225000381469727,8.21500015258789,8.225000381469727,2539.0
2024-03-01 12:55:00,GERN,2.219899892807007,2.219899892807007,2.2200000286102295,2.2149999141693115,2.2200000286102295,4840.0
2024-03-01 12:55:00,GH,19.19499969482422,19.19499969482422,19.204999923706055,19.19499969482422,19.204999923706055,848.0
2024-03-01 12:55:00,GILD,72.2750015258789,72.2750015258789,72.31999969482422,72.2699966430664,72.31999969482422,7571.0
2024-03-01 12:55:00,GLPG,35.220001220703125,35.220001220703125,35.220001220703125,35.220001220703125,35.220001220703125,491.0
2024-03-01 12:55:00,GOSS,1.4049999713897705,1.4049999713897705,1.4049999713897705,1.399999976158142,1.399999976158142,510.0
2024-03-01 12:55:00,GRPH,3.494999885559082,3.494999885559082,3.494999885559082,3.494999885559082,3.494999885559082,200.0
2024-03-01 12:55:00,GRTS,2.1449999809265137,2.1449999809265137,2.1500000953674316,2.140000104904175,2.1500000953674316,1455.0
2024-03-01 12:55:00,GTHX,3.740000009536743,3.740000009536743,3.740000009536743,3.7249999046325684,3.734999895095825,6280.0
2024-03-01 12:55:00,HALO,41.56999969482422,41.56999969482422,41.56999969482422,41.47999954223633,41.48500061035156,10604.0
2024-03-01 12:55:00,HARP,22.940000534057617,22.940000534057617,22.940000534057617,22.940000534057617,22.940000534057617,211.0
2024-03-01 12:55:00,HCAT,8.039999961853027,8.039999961853027,8.039999961853027,8.029999732971191,8.029999732971191,694.0
2024-03-01 12:55:00,HCSG,12.65999984741211,12.65999984741211,12.65999984741211,12.654999732971191,12.654999732971191,1351.0
2024-03-01 12:55:00,HCTI,2.4800000190734863,2.4800000190734863,2.505000114440918,2.4600000381469727,2.4700000286102295,6321.0
2024-03-01 12:55:00,HLTH,0.27160000801086426,0.27160000801086426,0.27160000801086426,0.2708500027656555,0.2712000012397766,1500.0
2024-03-01 12:55:00,HLVX,19.280000686645508,19.280000686645508,19.280000686645508,19.200000762939453,19.200000762939453,970.0
2024-03-01 12:55:00,HOLX,73.96499633789062,73.96499633789062,73.96499633789062,73.9000015258789,73.9000015258789,1786.0
2024-03-01 12:55:00,HOWL,7.119999885559082,7.119999885559082,7.119999885559082,7.099999904632568,7.099999904632568,360.0
2024-03-01 12:55:00,HQY,81.66000366210938,81.66000366210938,81.68000030517578,81.66000366210938,81.68000030517578,1848.0
2024-03-01 12:55:00,HRMY,31.584999084472656,31.584999084472656,31.584999084472656,31.584999084472656,31.584999084472656,473.0
2024-03-01 12:55:00,HROW,10.890000343322754,10.890000343322754,10.890000343322754,10.890000343322754,10.890000343322754,594.0
2024-03-01 12:55:00,HRTX,2.617500066757202,2.617500066757202,2.617500066757202,2.61299991607666,2.61299991607666,378.0
2024-03-01 12:55:00,HSIC,76.94000244140625,76.94000244140625,76.94000244140625,76.91000366210938,76.91000366210938,1681.0
2024-03-01 12:55:00,HUMA,3.4549999237060547,3.4549999237060547,3.4600000381469727,3.4500999450683594,3.4549999237060547,1466.0
2024-03-01 12:55:00,IART,36.66999816894531,36.66999816894531,36.66999816894531,36.6349983215332,36.6349983215332,2243.0
2024-03-01 12:55:00,IBRX,4.815000057220459,4.815000057220459,4.815000057220459,4.815000057220459,4.815000057220459,557.0
2024-03-01 12:55:00,ICAD,1.8898999691009521,1.8898999691009521,1.8898999691009521,1.8898999691009521,1.8898999691009521,480.0
2024-03-01 12:55:00,ICUI,104.76000213623047,104.76000213623047,104.81999969482422,104.76000213623047,104.81999969482422,340.0
2024-03-01 12:55:00,IDXX,583.280029296875,583.280029296875,583.280029296875,582.6799926757812,582.6799926757812,865.0
2024-03-01 12:55:00,IDYA,46.560001373291016,46.560001373291016,46.6150016784668,46.54999923706055,46.6150016784668,1830.0
2024-03-01 12:55:00,IGMS,13.470000267028809,13.470000267028809,13.470000267028809,13.449999809265137,13.449999809265137,389.0
2024-03-01 12:55:00,ILMN,142.24000549316406,142.24000549316406,142.24000549316406,142.24000549316406,142.24000549316406,370.0
2024-03-01 12:55:00,IMAB,1.8300000429153442,1.8300000429153442,1.8300000429153442,1.8300000429153442,1.8300000429153442,100.0
2024-03-01 12:55:00,IMCR,67.8499984741211,67.8499984741211,67.91000366210938,67.8499984741211,67.91000366210938,331.0
2024-03-01 12:55:00,IMNM,26.2450008392334,26.2450008392334,26.270000457763672,26.219999313354492,26.2549991607666,2477.0
2024-03-01 12:55:00,IMUX,1.4800000190734863,1.4800000190734863,1.4809999465942383,1.4800000190734863,1.4809999465942383,847.0
2024-03-01 12:55:00,IMVT,36.36000061035156,36.36000061035156,36.369998931884766,36.36000061035156,36.369998931884766,591.0
2024-03-01 12:55:00,INAB,1.0800000429153442,1.0800000429153442,1.0850000381469727,1.0800000429153442,1.0850000381469727,980.0
2024-03-01 12:55:00,INCY,59.314998626708984,59.314998626708984,59.33000183105469,59.314998626708984,59.33000183105469,1007.0
2024-03-01 12:55:00,INM,0.4009999930858612,0.4009999930858612,0.4009999930858612,0.4009999930858612,0.4009999930858612,142.0
2024-03-01 12:55:00,INMD,22.829999923706055,22.829999923706055,22.850000381469727,22.829999923706055,22.850000381469727,1960.0
2024-03-01 12:55:00,INO,9.449999809265137,9.449999809265137,9.449999809265137,9.449999809265137,9.449999809265137,177.0
2024-03-01 12:55:00,INSM,28.610000610351562,28.610000610351562,28.610000610351562,28.610000610351562,28.610000610351562,512.0
2024-03-01 12:55:00,INVA,15.654999732971191,15.654999732971191,15.654999732971191,15.654999732971191,15.654999732971191,1098.0
2024-03-01 12:55:00,INZY,6.704999923706055,6.704999923706055,6.704999923706055,6.704999923706055,6.704999923706055,577.0
2024-03-01 12:55:00,IOBT,1.840000033378601,1.840000033378601,1.850000023841858,1.840000033378601,1.850000023841858,6310.0
2024-03-01 12:55:00,IONS,45.900001525878906,45.900001525878906,45.900001525878906,45.880001068115234,45.880001068115234,836.0
2024-03-01 12:55:00,IOVA,16.829999923706055,16.829999923706055,16.850000381469727,16.825000762939453,16.84000015258789,12779.0
2024-03-01 12:55:00,IPSC,3.799999952316284,3.799999952316284,3.8010001182556152,3.799999952316284,3.799999952316284,1273.0
2024-03-01 12:55:00,IRIX,2.640000104904175,2.640000104904175,2.640000104904175,2.640000104904175,2.640000104904175,290.0
2024-03-01 12:55:00,IRTC,121.73500061035156,121.73500061035156,121.73500061035156,121.73500061035156,121.73500061035156,337.0
2024-03-01 12:55:00,IRWD,9.145000457763672,9.145000457763672,9.149999618530273,9.079999923706055,9.085000038146973,29888.0
2024-03-01 12:55:00,ISRG,395.5400085449219,395.5400085449219,395.5400085449219,395.1969909667969,395.1969909667969,1010.0
2024-03-01 12:55:00,ITCI,71.56999969482422,71.56999969482422,71.56999969482422,71.56999969482422,71.56999969482422,337.0
2024-03-01 12:55:00,JAGX,0.07440000027418137,0.07440000027418137,0.07440000027418137,0.07429999858140945,0.07440000027418137,42198.0
2024-03-01 12:55:00,JANX,46.540000915527344,46.540000915527344,46.540000915527344,46.540000915527344,46.540000915527344,544.0
2024-03-01 12:55:00,JAZZ,119.36000061035156,119.36000061035156,119.36000061035156,119.36000061035156,119.36000061035156,369.0
2024-03-01 12:55:00,JSPR,21.0049991607666,21.0049991607666,21.0049991607666,21.0049991607666,21.0049991607666,148.0
2024-03-01 12:55:00,JYNT,9.9399995803833,9.9399995803833,9.9399995803833,9.9399995803833,9.9399995803833,115.0
2024-03-01 12:55:00,KALA,7.380000114440918,7.380000114440918,7.380000114440918,7.380000114440918,7.380000114440918,200.0
2024-03-01 12:55:00,KALV,14.039999961853027,14.039999961853027,14.039999961853027,14.039999961853027,14.039999961853027,172.0
2024-03-01 12:55:00,KNSA,21.799400329589844,21.799400329589844,21.799400329589844,21.799400329589844,21.799400329589844,136.0
2024-03-01 12:55:00,KNTE,2.6050000190734863,2.6050000190734863,2.6050000190734863,2.5999999046325684,2.5999999046325684,600.0
2024-03-01 12:55:00,KPRX,0.6499999761581421,0.6499999761581421,0.6527000069618225,0.6499999761581421,0.6527000069618225,1000.0
2024-03-01 12:55:00,KPTI,1.2050000429153442,1.2050000429153442,1.215000033378601,1.2050000429153442,1.215000033378601,6427.0
2024-03-01 12:55:00,KRON,1.034999966621399,1.034999966621399,1.034999966621399,1.0299999713897705,1.0299999713897705,14623.0
2024-03-01 12:55:00,KRTX,316.93499755859375,316.93499755859375,316.95001220703125,316.93499755859375,316.95001220703125,1141.0
2024-03-01 12:55:00,KRYS,168.90499877929688,168.90499877929688,168.90499877929688,168.90499877929688,168.90499877929688,505.0
2024-03-01 12:55:00,KTRA,0.09740000218153,0.09740000218153,0.09740000218153,0.09669999778270721,0.09740000218153,1765.0
2024-03-01 12:55:00,KURA,21.155000686645508,21.155000686645508,21.155000686645508,21.155000686645508,21.155000686645508,221.0
2024-03-01 12:55:00,KYMR,44.125,44.125,44.125,44.125,44.125,173.0
2024-03-01 12:55:00,KZR,1.0750000476837158,1.0750000476837158,1.0774999856948853,1.0700000524520874,1.0700000524520874,657.0
2024-03-01 12:55:00,LAB,2.515000104904175,2.515000104904175,2.515000104904175,2.515000104904175,2.515000104904175,382.0
2024-03-01 12:55:00,LBPH,22.06999969482422,22.06999969482422,22.06999969482422,22.06999969482422,22.06999969482422,305.0
2024-03-01 12:55:00,LEGN,66.04000091552734,66.04000091552734,66.06999969482422,66.02999877929688,66.06999969482422,2079.0
2024-03-01 12:55:00,LFMD,8.0,8.0,8.0,7.989999771118164,7.989999771118164,613.0
2024-03-01 12:55:00,LFST,7.760000228881836,7.760000228881836,7.764999866485596,7.75,7.760000228881836,6229.0
2024-03-01 12:55:00,LGND,78.29000091552734,78.29000091552734,78.29000091552734,78.29000091552734,78.29000091552734,353.0
2024-03-01 12:55:00,LIAN,4.864999771118164,4.864999771118164,4.864999771118164,4.864999771118164,4.864999771118164,154.0
2024-03-01 12:55:00,LIFE,1.934999942779541,1.934999942779541,1.934999942779541,1.934999942779541,1.934999942779541,201.0
2024-03-01 12:55:00,LIVN,55.7400016784668,55.7400016784668,55.7400016784668,55.7400016784668,55.7400016784668,634.0
2024-03-01 12:55:00,LMAT,67.0199966430664,67.0199966430664,67.28369903564453,67.0199966430664,67.0199966430664,1426.0
2024-03-01 12:55:00,LNTH,65.44740295410156,65.44740295410156,65.44740295410156,65.44740295410156,65.44740295410156,621.0
2024-03-01 12:55:00,LQDA,14.510000228881836,14.510000228881836,14.510000228881836,14.510000228881836,14.510000228881836,156.0
2024-03-01 12:55:00,LTRN,4.519999980926514,4.519999980926514,4.519999980926514,4.519999980926514,4.519999980926514,120.0
2024-03-01 12:55:00,LUNG,9.399999618530273,9.399999618530273,9.399999618530273,9.399999618530273,9.399999618530273,341.0
2024-03-01 12:55:00,LVTX,3.0299999713897705,3.0299999713897705,3.0299999713897705,3.015000104904175,3.015000104904175,200.0
2024-03-01 12:55:00,LXRX,2.5250000953674316,2.5250000953674316,2.5250000953674316,2.5199999809265137,2.5199999809265137,4855.0
2024-03-01 12:55:00,LYEL,3.1549999713897705,3.1549999713897705,3.1549999713897705,3.1549999713897705,3.1549999713897705,200.0
2024-03-01 12:55:00,LYRA,5.644999980926514,5.644999980926514,5.644999980926514,5.644999980926514,5.644999980926514,103.0
2024-03-01 12:55:00,MASI,128.3300018310547,128.3300018310547,128.3699951171875,128.3300018310547,128.3699951171875,551.0
2024-03-01 12:55:00,MCRB,1.2000000476837158,1.2000000476837158,1.2000000476837158,1.2000000476837158,1.2000000476837158,100.0
2024-03-01 12:55:00,MDRX,6.050000190734863,6.050000190734863,6.099999904632568,6.050000190734863,6.099999904632568,12978.0
2024-03-01 12:55:00,MDXG,8.6875,8.6875,8.6899995803833,8.680000305175781,8.6850004196167,12551.0
2024-03-01 12:55:00,ME,0.5759000182151794,0.5759000182151794,0.5759000182151794,0.5743499994277954,0.5743499994277954,955.0
2024-03-01 12:55:00,MGNX,18.959999084472656,18.959999084472656,18.959999084472656,18.959999084472656,18.959999084472656,565.0
2024-03-01 12:55:00,MIRM,29.920000076293945,29.920000076293945,29.920000076293945,29.920000076293945,29.920000076293945,363.0
2024-03-01 12:55:00,MNKD,4.53000020980835,4.53000020980835,4.53000020980835,4.53000020980835,4.53000020980835,226.0
2024-03-01 12:55:00,MNMD,6.139999866485596,6.139999866485596,6.15500020980835,6.139999866485596,6.15500020980835,1305.0
2024-03-01 12:55:00,MNPR,0.8349999785423279,0.8349999785423279,0.8349999785423279,0.8324999809265137,0.8324999809265137,925.0
2024-03-01 12:55:00,MODV,28.010000228881836,28.010000228881836,28.014999389648438,28.010000228881836,28.014999389648438,318.0
2024-03-01 12:55:00,MORF,39.525001525878906,39.525001525878906,39.525001525878906,39.525001525878906,39.525001525878906,163.0
2024-03-01 12:55:00,MRAI,1.5680999755859375,1.5680999755859375,1.5680999755859375,1.5680999755859375,1.5680999755859375,151.0
2024-03-01 12:55:00,MREO,3.863300085067749,3.863300085067749,3.863300085067749,3.863300085067749,3.863300085067749,500.0
2024-03-01 12:55:00,MRNA,96.71009826660156,96.71009826660156,96.76000213623047,96.71009826660156,96.76000213623047,1681.0
2024-03-01 12:55:00,MRNS,10.069999694824219,10.069999694824219,10.100000381469727,10.029999732971191,10.029999732971191,12703.0
2024-03-01 12:55:00,MRSN,5.985000133514404,5.985000133514404,5.994999885559082,5.985000133514404,5.989999771118164,7168.0
2024-03-01 12:55:00,MRUS,51.96500015258789,51.96500015258789,51.96500015258789,51.96500015258789,51.96500015258789,491.0
2024-03-01 12:55:00,MRVI,7.824999809265137,7.824999809265137,7.824999809265137,7.820000171661377,7.824999809265137,716.0
2024-03-01 12:55:00,MXCT,4.764999866485596,4.764999866485596,4.764999866485596,4.764999866485596,4.764999866485596,697.0
2024-03-01 12:55:00,MYGN,21.829999923706055,21.829999923706055,21.829999923706055,21.799999237060547,21.809999465942383,614.0
2024-03-01 12:55:00,MYNZ,0.878600001335144,0.878600001335144,0.878600001335144,0.878600001335144,0.878600001335144,5000.0
2024-03-01 12:55:00,NARI,45.380001068115234,45.380001068115234,45.400001525878906,45.36000061035156,45.369998931884766,3835.0
2024-03-01 12:55:00,NAUT,2.6600000858306885,2.6600000858306885,2.6600000858306885,2.6500000953674316,2.6500000953674316,323.0
2024-03-01 12:55:00,NBIX,131.0399932861328,131.0399932861328,131.07000732421875,131.0399932861328,131.07000732421875,2277.0
2024-03-01 12:55:00,NEO,16.1200008392334,16.1200008392334,16.1200008392334,16.1200008392334,16.1200008392334,319.0
2024-03-01 12:55:00,NEOG,17.354999542236328,17.354999542236328,17.354999542236328,17.344999313354492,17.350000381469727,1100.0
2024-03-01 12:55:00,NGM,1.5299999713897705,1.5299999713897705,1.5299999713897705,1.5299999713897705,1.5299999713897705,618.0
2024-03-01 12:55:00,NKTR,0.7888000011444092,0.7888000011444092,0.789900004863739,0.7875499725341797,0.7875499725341797,681.0
2024-03-01 12:55:00,NNOX,11.091500282287598,11.091500282287598,11.130000114440918,11.09000015258789,11.130000114440918,10599.0
2024-03-01 12:55:00,NOTV,8.07979965209961,8.07979965209961,8.07979965209961,8.07979965209961,8.07979965209961,743.0
2024-03-01 12:55:00,NRIX,13.630000114440918,13.630000114440918,13.630000114440918,13.619999885559082,13.619999885559082,925.0
2024-03-01 12:55:00,NRSN,2.0622000694274902,2.0622000694274902,2.0622000694274902,2.049999952316284,2.049999952316284,1616.0
2024-03-01 12:55:00,NRXP,0.41990000009536743,0.41990000009536743,0.41999998688697815,0.41990000009536743,0.41999998688697815,1544.0
2024-03-01 12:55:00,NTLA,33.500701904296875,33.500701904296875,33.5099983215332,33.4900016784668,33.5099983215332,1189.0
2024-03-01 12:55:00,NTRA,89.00499725341797,89.00499725341797,89.05500030517578,88.95999908447266,89.0250015258789,3363.0
2024-03-01 12:55:00,NUVL,88.75,88.75,88.83000183105469,88.75,88.83000183105469,754.0
2024-03-01 12:55:00,NVAX,5.139999866485596,5.139999866485596,5.148499965667725,5.130000114440918,5.132500171661377,9435.0
2024-03-01 12:55:00,NVCT,10.6850004196167,10.6850004196167,10.6850004196167,10.6850004196167,10.6850004196167,121.0
2024-03-01 12:55:00,NXTC,1.75,1.75,1.75,1.75,1.75,100.0
2024-03-01 12:55:00,OCGN,0.9450500011444092,0.9450500011444092,0.9450500011444092,0.9450500011444092,0.9450500011444092,247.0
2024-03-01 12:55:00,OCUL,10.819999694824219,10.819999694824219,10.849900245666504,10.819999694824219,10.84000015258789,7139.0
2024-03-01 12:55:00,OFIX,12.854999542236328,12.854999542236328,12.854999542236328,12.854999542236328,12.854999542236328,181.0
2024-03-01 12:55:00,OGI,2.2149999141693115,2.2149999141693115,2.2149999141693115,2.2100000381469727,2.2149999141693115,2433.0
2024-03-01 12:55:00,OLK,22.639999389648438,22.639999389648438,22.639999389648438,22.639999389648438,22.639999389648438,241.0
2024-03-01 12:55:00,OLMA,14.880000114440918,14.880000114440918,14.890000343322754,14.879199981689453,14.890000343322754,3167.0
2024-03-01 12:55:00,OMGA,4.190000057220459,4.190000057220459,4.190000057220459,4.189700126647949,4.189700126647949,1510.0
2024-03-01 12:55:00,ONCT,10.145099639892578,10.145099639892578,10.145099639892578,10.145099639892578,10.145099639892578,500.0
2024-03-01 12:55:00,ONVO,1.0300999879837036,1.0300999879837036,1.0300999879837036,1.0300999879837036,1.0300999879837036,1000.0
2024-03-01 12:56:00,ABCL,5.241199970245361,5.241199970245361,5.25,5.241199970245361,5.25,6444.0
2024-03-01 12:56:00,ABEO,7.860000133514404,7.860000133514404,7.864999771118164,7.860000133514404,7.860000133514404,655.0
2024-03-01 12:56:00,ABOS,4.695000171661377,4.695000171661377,4.695000171661377,4.695000171661377,4.695000171661377,146.0
2024-03-01 12:56:00,ABSI,5.244999885559082,5.244999885559082,5.244999885559082,5.244999885559082,5.244999885559082,290.0
2024-03-01 12:56:00,ACAD,24.450000762939453,24.450000762939453,24.450000762939453,24.40999984741211,24.420000076293945,1775.0
2024-03-01 12:56:00,ACB,3.2200000286102295,3.2200000286102295,3.2200000286102295,3.2100000381469727,3.2200000286102295,1859.0
2024-03-01 12:56:00,ACET,2.4000000953674316,2.4000000953674316,2.4000000953674316,2.4000000953674316,2.4000000953674316,100.0
2024-03-01 12:56:00,ACHC,84.66999816894531,84.66999816894531,84.66999816894531,84.66999816894531,84.66999816894531,245.0
2024-03-01 12:56:00,ACLX,67.01000213623047,67.01000213623047,67.01000213623047,66.95999908447266,66.95999908447266,1373.0
2024-03-01 12:56:00,ACON,0.40400099754333496,0.40400099754333496,0.40400099754333496,0.40400099754333496,0.40400099754333496,190.0
2024-03-01 12:56:00,ACRS,1.2300000190734863,1.2300000190734863,1.2400000095367432,1.2300000190734863,1.2400000095367432,1287.0
2024-03-01 12:56:00,ACXP,3.1549999713897705,3.1549999713897705,3.1549999713897705,3.109999895095825,3.109999895095825,2375.0
2024-03-01 12:56:00,ADIL,3.049999952316284,3.049999952316284,3.0799999237060547,3.049999952316284,3.061800003051758,12203.0
2024-03-01 12:56:00,ADMA,5.451399803161621,5.451399803161621,5.460000038146973,5.451399803161621,5.454999923706055,1788.0
2024-03-01 12:56:00,ADVM,1.9700000286102295,1.9700000286102295,1.975000023841858,1.9700000286102295,1.975000023841858,551.0
2024-03-01 12:56:00,AFIB,0.20520000159740448,0.20520000159740448,0.20520000159740448,0.20520000159740448,0.20520000159740448,10097.0
2024-03-01 12:56:00,AGEN,0.6747000217437744,0.6747000217437744,0.675000011920929,0.6739000082015991,0.6739000082015991,141076.0
2024-03-01 12:56:00,AGIO,32.935001373291016,32.935001373291016,32.935001373291016,32.93000030517578,32.93000030517578,624.0
2024-03-01 12:56:00,AHCO,10.694999694824219,10.694999694824219,10.704999923706055,10.694999694824219,10.704999923706055,3252.0
2024-03-01 12:56:00,AIH,0.5043500065803528,0.5043500065803528,0.5043500065803528,0.5043500065803528,0.5043500065803528,500.0
2024-03-01 12:56:00,AIMD,0.9300000071525574,0.9300000071525574,0.9300010204315186,0.9200000166893005,0.9300000071525574,1640.0
2024-03-01 12:56:00,AIRS,6.5,6.5,6.5,6.5,6.5,101.0
2024-03-01 12:56:00,AKAN,0.22190000116825104,0.22190000116825104,0.22499999403953552,0.22190000116825104,0.22499999403953552,7661.0
2024-03-01 12:56:00,AKBA,1.684999942779541,1.684999942779541,1.684999942779541,1.684999942779541,1.684999942779541,212.0
2024-03-01 12:56:00,AKRO,29.950000762939453,29.950000762939453,29.98889923095703,29.950000762939453,29.96500015258789,1485.0
2024-03-01 12:56:00,ALDX,4.159999847412109,4.159999847412109,4.159999847412109,4.159999847412109,4.159999847412109,114.0
2024-03-01 12:56:00,ALEC,7.385000228881836,7.385000228881836,7.385000228881836,7.385000228881836,7.385000228881836,288.0
2024-03-01 12:56:00,ALGN,304.3500061035156,304.3500061035156,304.3999938964844,304.32000732421875,304.32000732421875,1357.0
2024-03-01 12:56:00,ALHC,5.739999771118164,5.739999771118164,5.75,5.739999771118164,5.7428998947143555,600.0
2024-03-01 12:56:00,ALKS,30.139999389648438,30.139999389648438,30.149999618530273,30.125,30.125,5114.0
2024-03-01 12:56:00,ALLO,5.058800220489502,5.058800220489502,5.058800220489502,5.058800220489502,5.058800220489502,1695.0
2024-03-01 12:56:00,ALNY,154.6999969482422,154.6999969482422,154.6999969482422,154.64999389648438,154.64999389648438,780.0
2024-03-01 12:56:00,ALPN,35.801998138427734,35.801998138427734,35.83000183105469,35.801998138427734,35.83000183105469,1052.0
2024-03-01 12:56:00,ALT,12.100000381469727,12.100000381469727,12.100000381469727,12.085000038146973,12.09000015258789,2546.0
2024-03-01 12:56:00,ALVR,0.7556999921798706,0.7556999921798706,0.7556999921798706,0.7554000020027161,0.7554000020027161,1683.0
2024-03-01 12:56:00,ALXO,15.050000190734863,15.050000190734863,15.050000190734863,15.050000190734863,15.050000190734863,333.0
2024-03-01 12:56:00,AMGN,281.05999755859375,281.05999755859375,281.20001220703125,281.05999755859375,281.20001220703125,4626.0
2024-03-01 12:56:00,AMLX,18.799999237060547,18.799999237060547,18.799999237060547,18.795000076293945,18.795000076293945,268.0
2024-03-01 12:56:00,AMPH,45.20500183105469,45.20500183105469,45.22999954223633,45.16999816894531,45.22999954223633,1991.0
2024-03-01 12:56:00,ANIP,66.70500183105469,66.70500183105469,66.70500183105469,66.70500183105469,66.70500183105469,509.0
2024-03-01 12:56:00,ANNX,6.119999885559082,6.119999885559082,6.123499870300293,6.119999885559082,6.123499870300293,959.0
2024-03-01 12:56:00,APDN,0.5699999928474426,0.5699999928474426,0.5699999928474426,0.5699999928474426,0.5699999928474426,125.0
2024-03-01 12:56:00,APLS,64.77999877929688,64.77999877929688,64.77999877929688,64.75,64.77999877929688,1149.0
2024-03-01 12:56:00,APLT,7.074999809265137,7.074999809265137,7.110000133514404,7.074999809265137,7.099999904632568,6687.0
2024-03-01 12:56:00,AQST,4.21999979019165,4.21999979019165,4.229899883270264,4.199999809265137,4.229899883270264,5563.0
2024-03-01 12:56:00,ARAY,2.640000104904175,2.640000104904175,2.640000104904175,2.640000104904175,2.640000104904175,114.0
2024-03-01 12:56:00,ARDX,9.595000267028809,9.595000267028809,9.595000267028809,9.579999923706055,9.585000038146973,22549.0
2024-03-01 12:56:00,ARQT,11.789999961853027,11.789999961853027,11.789999961853027,11.774999618530273,11.779999732971191,9996.0
2024-03-01 12:56:00,ARVN,49.43000030517578,49.43000030517578,49.43000030517578,49.43000030517578,49.43000030517578,113.0
2024-03-01 12:56:00,ARWR,35.89500045776367,35.89500045776367,36.0,35.89500045776367,36.0,2648.0
2024-03-01 12:56:00,ASND,151.83999633789062,151.83999633789062,151.83999633789062,151.83999633789062,151.83999633789062,235.0
2024-03-01 12:56:00,ASRT,0.9298999905586243,0.9298999905586243,0.9298999905586243,0.9298999905586243,0.9298999905586243,101.0
2024-03-01 12:56:00,ATAI,2.119999885559082,2.119999885559082,2.125,2.119999885559082,2.119999885559082,333.0
2024-03-01 12:56:00,ATEC,13.555000305175781,13.555000305175781,13.5649995803833,13.555000305175781,13.5649995803833,1594.0
2024-03-01 12:56:00,ATRA,0.7975000143051147,0.7975000143051147,0.7975000143051147,0.7900000214576721,0.7900000214576721,200.0
2024-03-01 12:56:00,ATXS,14.90999984741211,14.90999984741211,14.920000076293945,14.895000457763672,14.920000076293945,4806.0
2024-03-01 12:56:00,AUPH,5.840000152587891,5.840000152587891,5.849999904632568,5.835000038146973,5.849999904632568,4974.0
2024-03-01 12:56:00,AUTL,6.375,6.375,6.380000114440918,6.375,6.380000114440918,601.0
2024-03-01 12:56:00,AVDL,12.979999542236328,12.979999542236328,13.005000114440918,12.979999542236328,13.005000114440918,490.0
2024-03-01 12:56:00,AVIR,4.545000076293945,4.545000076293945,4.545000076293945,4.545000076293945,4.545000076293945,170.0
2024-03-01 12:56:00,AWH,4.0,4.0,4.0,4.0,4.0,100.0
2024-03-01 12:56:00,AXNX,67.56999969482422,67.56999969482422,67.56999969482422,67.47000122070312,67.47000122070312,4661.0
2024-03-01 12:56:00,AXSM,82.41999816894531,82.41999816894531,82.42500305175781,82.41999816894531,82.42500305175781,647.0
2024-03-01 12:56:00,AZN,64.68499755859375,64.68499755859375,64.69999694824219,64.67500305175781,64.69499969482422,8742.0
2024-03-01 12:56:00,AZTA,67.0,67.0,67.0,66.90499877929688,66.91000366210938,3714.0
2024-03-01 12:56:00,BBIO,36.154998779296875,36.154998779296875,36.18000030517578,36.147499084472656,36.18000030517578,842.0
2024-03-01 12:56:00,BBLG,2.700000047683716,2.700000047683716,2.700000047683716,2.549999952316284,2.630000114440918,11659.0
2024-03-01 12:56:00,BCAB,2.734999895095825,2.734999895095825,2.740000009536743,2.734999895095825,2.740000009536743,991.0
2024-03-01 12:56:00,BCEL,0.2651999890804291,0.2651999890804291,0.2651999890804291,0.2651999890804291,0.2651999890804291,10700.0
2024-03-01 12:56:00,BCLI,0.3560999929904938,0.3560999929904938,0.3560999929904938,0.3560999929904938,0.3560999929904938,1100.0
2024-03-01 12:56:00,BDTX,5.010000228881836,5.010000228881836,5.014999866485596,4.96999979019165,4.96999979019165,3215.0
2024-03-01 12:56:00,BEAM,40.130001068115234,40.130001068115234,40.130001068115234,40.11000061035156,40.119998931884766,1679.0
2024-03-01 12:56:00,BGNE,166.91000366210938,166.91000366210938,166.91000366210938,166.91000366210938,166.91000366210938,511.0
2024-03-01 12:56:00,BGXX,0.2736999988555908,0.2736999988555908,0.2736999988555908,0.2727000117301941,0.2727000117301941,6890.0
2024-03-01 12:56:00,BIIB,221.1999969482422,221.1999969482422,221.27000427246094,221.1999969482422,221.27000427246094,2283.0
2024-03-01 12:56:00,BIOL,0.13809999823570251,0.13809999823570251,0.13809999823570251,0.1371999979019165,0.13740000128746033,17691.0
2024-03-01 12:56:00,BIOR,1.1509000062942505,1.1509000062942505,1.1649999618530273,1.1509000062942505,1.160099983215332,4710.0
2024-03-01 12:56:00,BIVI,1.867799997329712,1.867799997329712,1.8700000047683716,1.850000023841858,1.8594000339508057,15586.0
2024-03-01 12:56:00,BJDX,0.8199999928474426,0.8199999928474426,0.8199999928474426,0.8199999928474426,0.8199999928474426,661.0
2024-03-01 12:56:00,BLUE,1.600000023841858,1.600000023841858,1.600000023841858,1.5950000286102295,1.5950000286102295,8320.0
2024-03-01 12:56:00,BMRA,1.190000057220459,1.190000057220459,1.190000057220459,1.190000057220459,1.190000057220459,650.0
2024-03-01 12:56:00,BMRN,87.3550033569336,87.3550033569336,87.37999725341797,87.33999633789062,87.37999725341797,6229.0
2024-03-01 12:56:00,BNGO,1.2598999738693237,1.2598999738693237,1.2598999738693237,1.2598999738693237,1.2598999738693237,201.0
2024-03-01 12:56:00,BNTX,91.66000366210938,91.66000366210938,91.66000366210938,91.66000366210938,91.66000366210938,576.0
2024-03-01 12:56:00,BPMC,97.33499908447266,97.33499908447266,97.33499908447266,97.33499908447266,97.33499908447266,222.0
2024-03-01 12:56:00,BRKR,88.28399658203125,88.28399658203125,88.31999969482422,88.28399658203125,88.31999969482422,2488.0
2024-03-01 12:56:00,BRTX,1.5,1.5,1.5,1.5,1.5,676.0
2024-03-01 12:56:00,BSGM,0.6432499885559082,0.6432499885559082,0.6432499885559082,0.6432499885559082,0.6432499885559082,100.0
2024-03-01 12:56:00,BTTX,0.17520000040531158,0.17520000040531158,0.1761000007390976,0.17520000040531158,0.17599999904632568,16469.0
2024-03-01 12:56:00,BWAY,6.53000020980835,6.53000020980835,6.53000020980835,6.53000020980835,6.53000020980835,100.0
2024-03-01 12:56:00,CABA,24.06999969482422,24.06999969482422,24.079999923706055,24.06999969482422,24.079999923706055,758.0
2024-03-01 12:56:00,CARA,0.9380000233650208,0.9380000233650208,0.9380000233650208,0.9380000233650208,0.9380000233650208,130.0
2024-03-01 12:56:00,CBAY,32.2400016784668,32.2400016784668,32.2400016784668,32.23500061035156,32.23500061035156,1483.0
2024-03-01 12:56:00,CCCC,10.975000381469727,10.975000381469727,10.975000381469727,10.961199760437012,10.96500015258789,4119.0
2024-03-01 12:56:00,CCRN,18.21500015258789,18.21500015258789,18.21500015258789,18.21500015258789,18.21500015258789,225.0
2024-03-01 12:56:00,CDMO,8.079999923706055,8.079999923706055,8.079999923706055,8.069999694824219,8.069999694824219,2402.0
2024-03-01 12:56:00,CDNA,12.350000381469727,12.350000381469727,12.380000114440918,12.350000381469727,12.380000114440918,2671.0
2024-03-01 12:56:00,CERE,41.1150016784668,41.1150016784668,41.1150016784668,41.1150016784668,41.1150016784668,596.0
2024-03-01 12:56:00,CERS,2.2300000190734863,2.2300000190734863,2.2300000190734863,2.2300000190734863,2.2300000190734863,338.0
2024-03-01 12:56:00,CERT,17.93000030517578,17.93000030517578,17.93000030517578,17.93000030517578,17.93000030517578,727.0
2024-03-01 12:56:00,CGC,3.2679998874664307,3.2679998874664307,3.26990008354187,3.259999990463257,3.259999990463257,1228.0
2024-03-01 12:56:00,CGEM,18.96500015258789,18.96500015258789,18.96500015258789,18.940000534057617,18.940000534057617,200.0
2024-03-01 12:56:00,CHRS,2.4049999713897705,2.4049999713897705,2.4100000858306885,2.4049999713897705,2.4100000858306885,305.0
2024-03-01 12:56:00,CJJD,2.950000047683716,2.950000047683716,2.950000047683716,2.950000047683716,2.950000047683716,521.0
2024-03-01 12:56:00,CLDX,50.73500061035156,50.73500061035156,50.76499938964844,50.66999816894531,50.7599983215332,4587.0
2024-03-01 12:56:00,CLOV,0.8679999709129333,0.8679999709129333,0.8679999709129333,0.8634999990463257,0.8636000156402588,76028.0
2024-03-01 12:56:00,CLPT,6.704599857330322,6.704599857330322,6.704599857330322,6.704599857330322,6.704599857330322,500.0
2024-03-01 12:56:00,CLSD,1.381100058555603,1.381100058555603,1.381100058555603,1.381100058555603,1.381100058555603,125.0
2024-03-01 12:56:00,CMPS,11.449999809265137,11.449999809265137,11.479999542236328,11.449999809265137,11.479999542236328,788.0
2024-03-01 12:56:00,CMRX,1.1699999570846558,1.1699999570846558,1.1699999570846558,1.1699999570846558,1.1699999570846558,300.0
2024-03-01 12:56:00,CNSP,0.3199999928474426,0.3199999928474426,0.3199999928474426,0.3188999891281128,0.3190000057220459,4124.0
2024-03-01 12:56:00,COGT,7.159999847412109,7.159999847412109,7.179999828338623,7.159999847412109,7.179999828338623,2782.0
2024-03-01 12:56:00,COLL,36.86000061035156,36.86000061035156,36.86000061035156,36.81999969482422,36.81999969482422,1283.0
2024-03-01 12:56:00,CORT,24.270000457763672,24.270000457763672,24.280000686645508,24.239999771118164,24.239999771118164,2477.0
2024-03-01 12:56:00,CPRX,17.100000381469727,17.100000381469727,17.110000610351562,17.100000381469727,17.110000610351562,8340.0
2024-03-01 12:56:00,CPSI,9.510000228881836,9.510000228881836,9.510000228881836,9.470000267028809,9.5,867.0
2024-03-01 12:56:00,CRBU,7.940000057220459,7.940000057220459,7.949999809265137,7.940000057220459,7.949999809265137,2081.0
2024-03-01 12:56:00,CRDF,2.390000104904175,2.390000104904175,2.3940000534057617,2.369999885559082,2.384999990463257,11971.0
2024-03-01 12:56:00,CRMD,3.718600034713745,3.718600034713745,3.7197000980377197,3.7100000381469727,3.7100000381469727,2133.0
2024-03-01 12:56:00,CRNX,46.36000061035156,46.36000061035156,46.38999938964844,46.349998474121094,46.38999938964844,986.0
2024-03-01 12:56:00,CRON,2.065000057220459,2.065000057220459,2.065000057220459,2.065000057220459,2.065000057220459,176.0
2024-03-01 12:56:00,CRSP,86.02999877929688,86.02999877929688,86.02999877929688,85.86009979248047,85.93000030517578,1815.0
2024-03-01 12:56:00,CRVS,2.265000104904175,2.265000104904175,2.265000104904175,2.265000104904175,2.265000104904175,1000.0
2024-03-01 12:56:00,CTKB,8.819999694824219,8.819999694824219,8.819999694824219,8.819999694824219,8.819999694824219,756.0
2024-03-01 12:56:00,CTMX,2.7049999237060547,2.7049999237060547,2.7049999237060547,2.700000047683716,2.7019999027252197,1988.0
2024-03-01 12:56:00,CUTR,2.440000057220459,2.440000057220459,2.440000057220459,2.4212000370025635,2.4212000370025635,1100.0
2024-03-01 12:56:00,CVAC,3.5199999809265137,3.5199999809265137,3.5199999809265137,3.5199999809265137,3.5199999809265137,819.0
2024-03-01 12:56:00,CYTK,73.47000122070312,73.47000122070312,73.48999786376953,73.47000122070312,73.47000122070312,620.0
2024-03-01 12:56:00,CYTO,2.399899959564209,2.399899959564209,2.4000000953674316,2.351599931716919,2.351599931716919,10949.0
2024-03-01 12:56:00,DARE,0.5521000027656555,0.5521000027656555,0.5521000027656555,0.5521000027656555,0.5521000027656555,100.0
2024-03-01 12:56:00,DCGO,4.144999980926514,4.144999980926514,4.144999980926514,4.144999980926514,4.144999980926514,1161.0
2024-03-01 12:56:00,DCPH,17.5,17.5,17.5049991607666,17.469999313354492,17.469999313354492,5078.0
2024-03-01 12:56:00,DMTK,0.8586999773979187,0.8586999773979187,0.8589000105857849,0.8583999872207642,0.8583999872207642,4964.0
2024-03-01 12:56:00,DNLI,20.850000381469727,20.850000381469727,20.850000381469727,20.84000015258789,20.84000015258789,663.0
2024-03-01 12:56:00,DTIL,12.305000305175781,12.305000305175781,12.3100004196167,12.210100173950195,12.3100004196167,861.0
2024-03-01 12:56:00,DVAX,12.899999618530273,12.899999618530273,12.904999732971191,12.895000457763672,12.904999732971191,4109.0
2024-03-01 12:56:00,DXCM,121.56500244140625,121.56500244140625,121.6050033569336,121.55999755859375,121.6050033569336,5317.0
2024-03-01 12:56:00,DYN,28.795000076293945,28.795000076293945,28.799999237060547,28.770000457763672,28.799999237060547,976.0
2024-03-01 12:56:00,EDAP,6.8471999168396,6.8471999168396,6.8471999168396,6.8471999168396,6.8471999168396,700.0
2024-03-01 12:56:00,EDIT,10.819999694824219,10.819999694824219,10.850000381469727,10.819999694824219,10.850000381469727,3518.0
2024-03-01 12:56:00,EFTR,15.499899864196777,15.499899864196777,15.499899864196777,15.486300468444824,15.486300468444824,296.0
2024-03-01 12:56:00,EGRX,6.724999904632568,6.724999904632568,6.724999904632568,6.724999904632568,6.724999904632568,236.0
2024-03-01 12:56:00,ELEV,5.034999847412109,5.034999847412109,5.039999961853027,5.014999866485596,5.03000020980835,2262.0
2024-03-01 12:56:00,EMBC,14.529999732971191,14.529999732971191,14.529999732971191,14.529999732971191,14.529999732971191,241.0
2024-03-01 12:56:00,ENTA,15.399999618530273,15.399999618530273,15.399999618530273,15.390000343322754,15.390000343322754,2492.0
2024-03-01 12:56:00,ENVB,1.541599988937378,1.541599988937378,1.5499999523162842,1.5299999713897705,1.531000018119812,2446.0
2024-03-01 12:56:00,EOLS,14.770999908447266,14.770999908447266,14.770999908447266,14.71500015258789,14.75,10557.0
2024-03-01 12:56:00,EQ,2.4800000190734863,2.4800000190734863,2.4800000190734863,2.4800000190734863,2.4800000190734863,129.0
2024-03-01 12:56:00,ERAS,2.5350000858306885,2.5350000858306885,2.5399999618530273,2.5350000858306885,2.5350000858306885,890.0
2024-03-01 12:56:00,ESPR,2.5250000953674316,2.5250000953674316,2.5250000953674316,2.5199999809265137,2.5199999809265137,1250.0
2024-03-01 12:56:00,ETNB,13.25,13.25,13.25,13.1899995803833,13.239999771118164,17082.0
2024-03-01 12:56:00,ETON,4.449999809265137,4.449999809265137,4.460000038146973,4.449999809265137,4.460000038146973,1954.0
2024-03-01 12:56:00,EVAX,3.5,3.5,3.5299999713897705,3.5,3.5299999713897705,1961.0
2024-03-01 12:56:00,EWTX,17.1200008392334,17.1200008392334,17.1200008392334,17.1200008392334,17.1200008392334,369.0
2024-03-01 12:56:00,EXAI,6.804999828338623,6.804999828338623,6.804999828338623,6.804999828338623,6.804999828338623,292.0
2024-03-01 12:56:00,EXAS,60.380001068115234,60.380001068115234,60.40999984741211,60.380001068115234,60.40999984741211,1640.0
2024-03-01 12:56:00,EXEL,22.510000228881836,22.510000228881836,22.514999389648438,22.5,22.5,9634.0
2024-03-01 12:56:00,EYEN,2.4500999450683594,2.4500999450683594,2.4790000915527344,2.4500999450683594,2.4739999771118164,13255.0
2024-03-01 12:56:00,EYPT,27.983999252319336,27.983999252319336,27.983999252319336,27.983999252319336,27.983999252319336,902.0
2024-03-01 12:56:00,FATE,7.590000152587891,7.590000152587891,7.590000152587891,7.579999923706055,7.579999923706055,5756.0
2024-03-01 12:56:00,FDMT,29.315000534057617,29.315000534057617,29.315000534057617,29.315000534057617,29.315000534057617,1125.0
2024-03-01 12:56:00,FEMY,1.7200000286102295,1.7200000286102295,1.7200000286102295,1.7200000286102295,1.7200000286102295,100.0
2024-03-01 12:56:00,FGEN,1.8700000047683716,1.8700000047683716,1.8700000047683716,1.8700000047683716,1.8700000047683716,201.0
2024-03-01 12:56:00,FHTX,7.920000076293945,7.920000076293945,7.920000076293945,7.920000076293945,7.920000076293945,348.0
2024-03-01 12:56:00,FOLD,13.350000381469727,13.350000381469727,13.350000381469727,13.345000267028809,13.350000381469727,4193.0
2024-03-01 12:56:00,FULC,10.859999656677246,10.859999656677246,10.859999656677246,10.859999656677246,10.859999656677246,251.0
2024-03-01 12:56:00,FUSN,12.350000381469727,12.350000381469727,12.350000381469727,12.350000381469727,12.350000381469727,342.0
2024-03-01 12:56:00,GALT,1.9550000429153442,1.9550000429153442,1.9550000429153442,1.9550000429153442,1.9550000429153442,1535.0
2024-03-01 12:56:00,GBIO,2.6449999809265137,2.6449999809265137,2.6449999809265137,2.630000114440918,2.630000114440918,200.0
2024-03-01 12:56:00,GDRX,8.220000267028809,8.220000267028809,8.220000267028809,8.210000038146973,8.210000038146973,4017.0
2024-03-01 12:56:00,GERN,2.2249999046325684,2.2249999046325684,2.2249999046325684,2.2149999141693115,2.2200000286102295,45053.0
2024-03-01 12:56:00,GH,19.19499969482422,19.19499969482422,19.19499969482422,19.190000534057617,19.190000534057617,672.0
2024-03-01 12:56:00,GILD,72.2249984741211,72.2249984741211,72.27999877929688,72.2249984741211,72.27999877929688,5036.0
2024-03-01 12:56:00,GLPG,35.220001220703125,35.220001220703125,35.220001220703125,35.220001220703125,35.220001220703125,456.0
2024-03-01 12:56:00,GMAB,29.350000381469727,29.350000381469727,29.360000610351562,29.350000381469727,29.360000610351562,707.0
2024-03-01 12:56:00,GMDA,0.3815999925136566,0.3815999925136566,0.3815999925136566,0.3815999925136566,0.3815999925136566,300.0
2024-03-01 12:56:00,GOSS,1.4012999534606934,1.4012999534606934,1.4049999713897705,1.4012999534606934,1.4049999713897705,500.0
2024-03-01 12:56:00,GRFS,7.085000038146973,7.085000038146973,7.085000038146973,7.085000038146973,7.085000038146973,113.0
2024-03-01 12:56:00,GRTS,2.1449999809265137,2.1449999809265137,2.1500000953674316,2.140000104904175,2.1500000953674316,957.0
2024-03-01 12:56:00,GTHX,3.744999885559082,3.744999885559082,3.744999885559082,3.740000009536743,3.740000009536743,2627.0
2024-03-01 12:56:00,HALO,41.54999923706055,41.54999923706055,41.560001373291016,41.54999923706055,41.560001373291016,506.0
2024-03-01 12:56:00,HARP,22.940000534057617,22.940000534057617,22.940000534057617,22.940000534057617,22.940000534057617,229.0
2024-03-01 12:56:00,HCAT,8.050000190734863,8.050000190734863,8.050000190734863,8.039999961853027,8.039999961853027,2000.0
2024-03-01 12:56:00,HLTH,0.27149999141693115,0.27149999141693115,0.27149999141693115,0.27000001072883606,0.27000001072883606,1538.0
2024-03-01 12:56:00,HLVX,19.350000381469727,19.350000381469727,19.350000381469727,19.350000381469727,19.350000381469727,188.0
2024-03-01 12:56:00,HOLX,74.0199966430664,74.0199966430664,74.05999755859375,74.0,74.0,3693.0
2024-03-01 12:56:00,HOOK,0.7799999713897705,0.7799999713897705,0.7799999713897705,0.7799999713897705,0.7799999713897705,4341.0
2024-03-01 12:56:00,HOWL,6.880000114440918,6.880000114440918,7.079999923706055,6.880000114440918,7.059999942779541,9998.0
2024-03-01 12:56:00,HQY,81.73999786376953,81.73999786376953,81.73999786376953,81.68000030517578,81.68000030517578,2347.0
2024-03-01 12:56:00,HROW,10.880000114440918,10.880000114440918,10.880000114440918,10.880000114440918,10.880000114440918,103.0
2024-03-01 12:56:00,HRTX,2.617500066757202,2.617500066757202,2.619999885559082,2.609999895095825,2.619999885559082,4260.0
2024-03-01 12:56:00,HSDT,4.940000057220459,4.940000057220459,4.940000057220459,4.940000057220459,4.940000057220459,10002.0
2024-03-01 12:56:00,HSIC,76.94000244140625,76.94000244140625,76.94000244140625,76.94000244140625,76.94000244140625,1857.0
2024-03-01 12:56:00,HSTM,27.440000534057617,27.440000534057617,27.440000534057617,27.440000534057617,27.440000534057617,179.0
2024-03-01 12:56:00,HUMA,3.4549999237060547,3.4549999237060547,3.4600000381469727,3.451200008392334,3.451200008392334,1193.0
2024-03-01 12:56:00,IBRX,4.800000190734863,4.800000190734863,4.815000057220459,4.795000076293945,4.815000057220459,27462.0
2024-03-01 12:56:00,ICAD,1.875,1.875,1.875,1.875,1.875,257.0
2024-03-01 12:56:00,ICLR,322.6600036621094,322.6600036621094,322.6600036621094,322.6600036621094,322.6600036621094,494.0
2024-03-01 12:56:00,IDYA,46.55500030517578,46.55500030517578,46.55500030517578,46.55500030517578,46.55500030517578,374.0
2024-03-01 12:56:00,IGMS,13.489999771118164,13.489999771118164,13.489999771118164,13.489999771118164,13.489999771118164,529.0
2024-03-01 12:56:00,IINN,1.6799999475479126,1.6799999475479126,1.6799999475479126,1.6699999570846558,1.6699999570846558,2006.0
2024-03-01 12:56:00,ILMN,142.22000122070312,142.22000122070312,142.22000122070312,142.22000122070312,142.22000122070312,625.0
2024-03-01 12:56:00,IMAB,1.8307000398635864,1.8307000398635864,1.8307000398635864,1.8307000398635864,1.8307000398635864,110.0
2024-03-01 12:56:00,IMCR,67.81999969482422,67.81999969482422,67.97000122070312,67.81999969482422,67.97000122070312,401.0
2024-03-01 12:56:00,IMMX,3.559999942779541,3.559999942779541,3.569999933242798,3.555000066757202,3.555000066757202,1510.0
2024-03-01 12:56:00,IMNM,26.190000534057617,26.190000534057617,26.25,26.15999984741211,26.25,1780.0
2024-03-01 12:56:00,IMTX,13.0,13.0,13.0,13.0,13.0,501.0
2024-03-01 12:56:00,IMVT,36.349998474121094,36.349998474121094,36.36000061035156,36.349998474121094,36.36000061035156,1242.0
2024-03-01 12:56:00,INAB,1.0800000429153442,1.0800000429153442,1.080199956893921,1.0800000429153442,1.0800000429153442,592.0
2024-03-01 12:56:00,INCY,59.31999969482422,59.31999969482422,59.31999969482422,59.310001373291016,59.314998626708984,1994.0
2024-03-01 12:56:00,INGN,6.804999828338623,6.804999828338623,6.804999828338623,6.800000190734863,6.800000190734863,413.0
2024-03-01 12:56:00,INMD,22.829999923706055,22.829999923706055,22.829999923706055,22.829999923706055,22.829999923706055,726.0
2024-03-01 12:56:00,INSM,28.559999465942383,28.559999465942383,28.600000381469727,28.530000686645508,28.600000381469727,1817.0
2024-03-01 12:56:00,INZY,6.699999809265137,6.699999809265137,6.699999809265137,6.699999809265137,6.699999809265137,227.0
2024-03-01 12:56:00,IOBT,1.850000023841858,1.850000023841858,1.850000023841858,1.850000023841858,1.850000023841858,559.0
2024-03-01 12:56:00,IONS,45.88999938964844,45.88999938964844,45.89500045776367,45.869998931884766,45.89500045776367,562.0
2024-03-01 12:56:00,IOVA,16.809999465942383,16.809999465942383,16.834999084472656,16.799999237060547,16.81999969482422,22352.0
2024-03-01 12:56:00,IRTC,121.5199966430664,121.5199966430664,121.74500274658203,121.5199966430664,121.74500274658203,3528.0
2024-03-01 12:56:00,IRWD,9.135000228881836,9.135000228881836,9.140000343322754,9.135000228881836,9.140000343322754,7165.0
2024-03-01 12:56:00,ISRG,395.7200012207031,395.7200012207031,395.7200012207031,395.510009765625,395.510009765625,3492.0
2024-03-01 12:56:00,ITCI,71.49500274658203,71.49500274658203,71.55000305175781,71.45999908447266,71.55000305175781,916.0
2024-03-01 12:56:00,ITRM,1.25,1.25,1.25,1.25,1.25,2192.0
2024-03-01 12:56:00,IVVD,4.010000228881836,4.010000228881836,4.050000190734863,4.010000228881836,4.050000190734863,3794.0
2024-03-01 12:56:00,IXHL,5.46999979019165,5.46999979019165,5.46999979019165,5.440000057220459,5.440000057220459,1991.0
2024-03-01 12:56:00,JAGX,0.07320000231266022,0.07320000231266022,0.07440000027418137,0.07300099730491638,0.07440000027418137,221583.0
2024-03-01 12:56:00,JAZZ,119.43000030517578,119.43000030517578,119.44999694824219,119.43000030517578,119.44999694824219,1511.0
2024-03-01 12:56:00,KALA,7.350100040435791,7.350100040435791,7.400000095367432,7.350100040435791,7.400000095367432,695.0
2024-03-01 12:56:00,KALV,14.020000457763672,14.020000457763672,14.020000457763672,14.020000457763672,14.020000457763672,524.0
2024-03-01 12:56:00,KMDA,6.369999885559082,6.369999885559082,6.369999885559082,6.369999885559082,6.369999885559082,278.0
2024-03-01 12:56:00,KNSA,21.78499984741211,21.78499984741211,21.78499984741211,21.78499984741211,21.78499984741211,236.0
2024-03-01 12:56:00,KNTE,2.609999895095825,2.609999895095825,2.609999895095825,2.6050000190734863,2.6050000190734863,329.0
2024-03-01 12:56:00,KOD,6.119999885559082,6.119999885559082,6.119999885559082,6.119999885559082,6.119999885559082,223.0
2024-03-01 12:56:00,KPRX,0.6499999761581421,0.6499999761581421,0.6502000093460083,0.6499999761581421,0.6502000093460083,800.0
2024-03-01 12:56:00,KPTI,1.2050000429153442,1.2050000429153442,1.2050000429153442,1.2050000429153442,1.2050000429153442,1214.0
2024-03-01 12:56:00,KRON,1.034999966621399,1.034999966621399,1.034999966621399,1.0299999713897705,1.0299999713897705,3469.0
2024-03-01 12:56:00,KRTX,316.95001220703125,316.95001220703125,316.95001220703125,316.95001220703125,316.95001220703125,2864.0
2024-03-01 12:56:00,KURA,21.149999618530273,21.149999618530273,21.149999618530273,21.149999618530273,21.149999618530273,232.0
2024-03-01 12:56:00,KYMR,44.125,44.125,44.125,44.125,44.125,193.0
2024-03-01 12:56:00,KZR,1.0750000476837158,1.0750000476837158,1.0750000476837158,1.0700000524520874,1.0700000524520874,1911.0
2024-03-01 12:56:00,LBPH,22.05500030517578,22.05500030517578,22.05500030517578,22.05500030517578,22.05500030517578,336.0
2024-03-01 12:56:00,LFMD,8.0,8.0,8.0,7.989999771118164,8.0,400.0
2024-03-01 12:56:00,LFST,7.755000114440918,7.755000114440918,7.760000228881836,7.744999885559082,7.75,5493.0
2024-03-01 12:56:00,LIFE,1.9399000406265259,1.9399000406265259,1.940000057220459,1.934999942779541,1.934999942779541,1937.0
2024-03-01 12:56:00,LIVN,55.72999954223633,55.72999954223633,55.7599983215332,55.72999954223633,55.72999954223633,863.0
2024-03-01 12:56:00,LNTH,65.61000061035156,65.61000061035156,65.61000061035156,65.45500183105469,65.45500183105469,7028.0
2024-03-01 12:56:00,LQDA,14.510000228881836,14.510000228881836,14.510000228881836,14.510000228881836,14.510000228881836,928.0
2024-03-01 12:56:00,LTRN,4.539999961853027,4.539999961853027,4.539999961853027,4.53000020980835,4.53000020980835,252.0
2024-03-01 12:56:00,LUCY,0.3889000117778778,0.3889000117778778,0.3889000117778778,0.3889000117778778,0.3889000117778778,105.0
2024-03-01 12:56:00,LVTX,3.015000104904175,3.015000104904175,3.015000104904175,3.015000104904175,3.015000104904175,404.0
2024-03-01 12:56:00,LXRX,2.5250000953674316,2.5250000953674316,2.5295000076293945,2.5250000953674316,2.5295000076293945,525.0
2024-03-01 12:56:00,LYEL,3.1549999713897705,3.1549999713897705,3.1549999713897705,3.1549999713897705,3.1549999713897705,502.0
2024-03-01 12:56:00,LYRA,5.630000114440918,5.630000114440918,5.659999847412109,5.630000114440918,5.639999866485596,25803.0
2024-03-01 12:56:00,MCRB,1.2099000215530396,1.2099000215530396,1.2099000215530396,1.2000000476837158,1.2000000476837158,7550.0
2024-03-01 12:56:00,MDRX,6.050000190734863,6.050000190734863,6.050000190734863,6.039999961853027,6.050000190734863,45592.0
2024-03-01 12:56:00,MDXG,8.680000305175781,8.680000305175781,8.6850004196167,8.680000305175781,8.6850004196167,948.0
2024-03-01 12:56:00,ME,0.5758000016212463,0.5758000016212463,0.5758000016212463,0.5743499994277954,0.5743499994277954,2000.0
2024-03-01 12:56:00,MGNX,18.93000030517578,18.93000030517578,18.950000762939453,18.93000030517578,18.950000762939453,1176.0
2024-03-01 12:56:00,MGTX,6.440000057220459,6.440000057220459,6.440000057220459,6.440000057220459,6.440000057220459,123.0
2024-03-01 12:56:00,MIRM,29.895000457763672,29.895000457763672,29.895000457763672,29.895000457763672,29.895000457763672,494.0
2024-03-01 12:56:00,MLTX,51.625,51.625,51.625,51.625,51.625,457.0
2024-03-01 12:56:00,MMSI,76.5,76.5,76.5,76.375,76.375,715.0
2024-03-01 12:56:00,MNKD,4.53000020980835,4.53000020980835,4.53000020980835,4.519999980926514,4.525899887084961,6168.0
2024-03-01 12:56:00,MNMD,6.130000114440918,6.130000114440918,6.130000114440918,6.119999885559082,6.119999885559082,9113.0
2024-03-01 12:56:00,MODD,1.9199999570846558,1.9199999570846558,1.9199999570846558,1.9199999570846558,1.9199999570846558,100.0
2024-03-01 12:56:00,MORF,39.470001220703125,39.470001220703125,39.5099983215332,39.470001220703125,39.4900016784668,1828.0
2024-03-01 12:56:00,MREO,3.880000114440918,3.880000114440918,3.880000114440918,3.8691000938415527,3.8698999881744385,7794.0
2024-03-01 12:56:00,MRNA,96.62999725341797,96.62999725341797,96.69999694824219,96.62000274658203,96.69000244140625,4708.0
2024-03-01 12:56:00,MRNS,10.095000267028809,10.095000267028809,10.095000267028809,10.095000267028809,10.095000267028809,1349.0
2024-03-01 12:56:00,MRSN,5.954999923706055,5.954999923706055,5.985000133514404,5.949999809265137,5.985000133514404,4745.0
2024-03-01 12:56:00,MRUS,51.96500015258789,51.96500015258789,51.96500015258789,51.96500015258789,51.96500015258789,205.0
2024-03-01 12:56:00,MRVI,7.815000057220459,7.815000057220459,7.820000171661377,7.815000057220459,7.820000171661377,1292.0
2024-03-01 12:56:00,MYGN,21.80500030517578,21.80500030517578,21.80500030517578,21.80500030517578,21.80500030517578,966.0
2024-03-01 12:56:00,MYMD,3.4000000953674316,3.4000000953674316,3.4000000953674316,3.4000000953674316,3.4000000953674316,154.0
2024-03-01 12:56:00,MYNZ,0.8787000179290771,0.8787000179290771,0.8787000179290771,0.8787000179290771,0.8787000179290771,124.0
2024-03-01 12:56:00,NARI,45.29999923706055,45.29999923706055,45.38999938964844,45.29999923706055,45.380001068115234,4533.0
2024-03-01 12:56:00,NBIX,131.05999755859375,131.05999755859375,131.05999755859375,130.99000549316406,131.02499389648438,3861.0
2024-03-01 12:56:00,NEOG,17.350000381469727,17.350000381469727,17.360000610351562,17.350000381469727,17.354999542236328,2048.0
2024-03-01 12:56:00,NGM,1.5299999713897705,1.5299999713897705,1.534999966621399,1.5299999713897705,1.5299999713897705,2275.0
2024-03-01 12:56:00,NKTR,0.7900000214576721,0.7900000214576721,0.7900000214576721,0.789900004863739,0.789900004863739,13436.0
2024-03-01 12:56:00,NKTX,12.899900436401367,12.899900436401367,12.899900436401367,12.899900436401367,12.899900436401367,315.0
2024-03-01 12:56:00,NNOX,11.060999870300293,11.060999870300293,11.09000015258789,11.050000190734863,11.09000015258789,11491.0
2024-03-01 12:56:00,NOTV,8.079999923706055,8.079999923706055,8.079999923706055,8.079999923706055,8.079999923706055,478.0
2024-03-01 12:56:00,NRBO,5.96999979019165,5.96999979019165,5.96999979019165,5.929999828338623,5.929999828338623,3599.0
2024-03-01 12:56:00,NRIX,13.640000343322754,13.640000343322754,13.640000343322754,13.630000114440918,13.630000114440918,450.0
2024-03-01 12:56:00,NRSN,2.0100998878479004,2.0100998878479004,2.0685999393463135,2.0100998878479004,2.0685999393463135,1350.0
2024-03-01 12:56:00,NRXP,0.41999998688697815,0.41999998688697815,0.41999998688697815,0.41990000009536743,0.41990000009536743,944.0
2024-03-01 12:56:00,NTLA,33.45000076293945,33.45000076293945,33.4900016784668,33.439998626708984,33.4900016784668,1223.0
2024-03-01 12:56:00,NTRA,88.93499755859375,88.93499755859375,88.94999694824219,88.93000030517578,88.94999694824219,1925.0
2024-03-01 12:56:00,NUTX,0.11389899998903275,0.11389899998903275,0.11389899998903275,0.11389899998903275,0.11389899998903275,310.0
2024-03-01 12:56:00,NUVL,88.69000244140625,88.69000244140625,88.7300033569336,88.66999816894531,88.69999694824219,709.0
2024-03-01 12:56:00,NVAX,5.175000190734863,5.175000190734863,5.175000190734863,5.139999866485596,5.139999866485596,14258.0
2024-03-01 12:56:00,NVOS,0.6419000029563904,0.6419000029563904,0.6419000029563904,0.6419000029563904,0.6419000029563904,502.0
2024-03-01 12:56:00,NXTC,1.75,1.75,1.75,1.75,1.75,125.0
2024-03-01 12:56:00,OCGN,0.9487000107765198,0.9487000107765198,0.9487000107765198,0.9450500011444092,0.9450500011444092,376.0
2024-03-01 12:56:00,OCUL,10.821999549865723,10.821999549865723,10.821999549865723,10.819999694824219,10.819999694824219,1095.0
2024-03-01 12:56:00,OGI,2.2102999687194824,2.2102999687194824,2.2149999141693115,2.2100000381469727,2.2149999141693115,4144.0
2024-03-01 12:56:00,OLK,22.649999618530273,22.649999618530273,22.649999618530273,22.639999389648438,22.639999389648438,605.0
2024-03-01 12:56:00,OLMA,14.770000457763672,14.770000457763672,14.890000343322754,14.725700378417969,14.890000343322754,8550.0
2024-03-01 12:56:00,OM,3.1649999618530273,3.1649999618530273,3.1700000762939453,3.1649999618530273,3.1700000762939453,397.0
2024-03-01 12:56:00,OMCL,26.479999542236328,26.479999542236328,26.479999542236328,26.479999542236328,26.479999542236328,220.0
2024-03-01 12:56:00,OMER,4.775000095367432,4.775000095367432,4.78000020980835,4.769999980926514,4.78000020980835,893.0
2024-03-01 12:56:00,OMGA,4.190400123596191,4.190400123596191,4.190400123596191,4.190400123596191,4.190400123596191,158.0
2024-03-01 12:57:00,ABCL,5.260000228881836,5.260000228881836,5.260000228881836,5.25,5.25,2301.0
2024-03-01 12:57:00,ABOS,4.699999809265137,4.699999809265137,4.699999809265137,4.699999809265137,4.699999809265137,675.0
2024-03-01 12:57:00,ABSI,5.244999885559082,5.244999885559082,5.25,5.244999885559082,5.25,500.0
2024-03-01 12:57:00,ACAD,24.469999313354492,24.469999313354492,24.469999313354492,24.440000534057617,24.440000534057617,3730.0
2024-03-01 12:57:00,ACB,3.2149999141693115,3.2149999141693115,3.2149999141693115,3.2100000381469727,3.2100000381469727,900.0
2024-03-01 12:57:00,ACET,2.4049999713897705,2.4049999713897705,2.4049999713897705,2.4000000953674316,2.4000000953674316,2235.0
2024-03-01 12:57:00,ACHC,84.66500091552734,84.66500091552734,84.66500091552734,84.66500091552734,84.66500091552734,226.0
2024-03-01 12:57:00,ACHL,1.350000023841858,1.350000023841858,1.350000023841858,1.350000023841858,1.350000023841858,483.0
2024-03-01 12:57:00,ACIU,3.950000047683716,3.950000047683716,3.950000047683716,3.950000047683716,3.950000047683716,100.0
2024-03-01 12:57:00,ACLX,67.0199966430664,67.0199966430664,67.02999877929688,66.9800033569336,67.02999877929688,1413.0
2024-03-01 12:57:00,ACRS,1.2350000143051147,1.2350000143051147,1.2400000095367432,1.2300000190734863,1.2400000095367432,620.0
2024-03-01 12:57:00,ACXP,3.1600000858306885,3.1600000858306885,3.1600000858306885,3.1600000858306885,3.1600000858306885,100.0
2024-03-01 12:57:00,ADIL,3.0450000762939453,3.0450000762939453,3.0799999237060547,3.0399999618530273,3.065000057220459,36516.0
2024-03-01 12:57:00,ADMA,5.449999809265137,5.449999809265137,5.458700180053711,5.449999809265137,5.458700180053711,1349.0
2024-03-01 12:57:00,ADUS,93.6675033569336,93.6675033569336,93.6675033569336,93.6675033569336,93.6675033569336,189.0
2024-03-01 12:57:00,ADVM,1.975000023841858,1.975000023841858,1.975000023841858,1.975000023841858,1.975000023841858,219.0
2024-03-01 12:57:00,AFMD,0.6389999985694885,0.6389999985694885,0.6389999985694885,0.6389999985694885,0.6389999985694885,200.0
2024-03-01 12:57:00,AGEN,0.6759999990463257,0.6759999990463257,0.6759999990463257,0.6746500134468079,0.6746500134468079,65841.0
2024-03-01 12:57:00,AGIO,32.935001373291016,32.935001373291016,32.935001373291016,32.935001373291016,32.935001373291016,728.0
2024-03-01 12:57:00,AHCO,10.680000305175781,10.680000305175781,10.6899995803833,10.680000305175781,10.6899995803833,1310.0
2024-03-01 12:57:00,AIMD,0.9337000250816345,0.9337000250816345,0.9402999877929688,0.9337000250816345,0.9402999877929688,2250.0
2024-03-01 12:57:00,AIRS,6.539999961853027,6.539999961853027,6.539999961853027,6.539999961853027,6.539999961853027,290.0
2024-03-01 12:57:00,AKAN,0.22100000083446503,0.22100000083446503,0.22300000488758087,0.22100000083446503,0.22300000488758087,9162.0
2024-03-01 12:57:00,AKBA,1.684999942779541,1.684999942779541,1.6885000467300415,1.684999942779541,1.684999942779541,1865.0
2024-03-01 12:57:00,AKRO,29.924999237060547,29.924999237060547,29.950000762939453,29.924999237060547,29.950000762939453,1349.0
2024-03-01 12:57:00,AKYA,6.03000020980835,6.03000020980835,6.03000020980835,6.03000020980835,6.03000020980835,452.0
2024-03-01 12:57:00,ALDX,4.170000076293945,4.170000076293945,4.170000076293945,4.170000076293945,4.170000076293945,191.0
2024-03-01 12:57:00,ALEC,7.375,7.375,7.380000114440918,7.375,7.380000114440918,1693.0
2024-03-01 12:57:00,ALGN,304.3399963378906,304.3399963378906,304.3500061035156,304.3399963378906,304.3500061035156,516.0
2024-03-01 12:57:00,ALGS,1.1100000143051147,1.1100000143051147,1.1100000143051147,1.1100000143051147,1.1100000143051147,4000.0
2024-03-01 12:57:00,ALHC,5.724999904632568,5.724999904632568,5.75,5.71999979019165,5.75,6299.0
2024-03-01 12:57:00,ALKS,30.190000534057617,30.190000534057617,30.190000534057617,30.145000457763672,30.149999618530273,3680.0
2024-03-01 12:57:00,ALLO,5.054999828338623,5.054999828338623,5.058800220489502,5.054999828338623,5.054999828338623,808.0
2024-03-01 12:57:00,ALPN,35.85499954223633,35.85499954223633,35.86000061035156,35.84000015258789,35.84000015258789,855.0
2024-03-01 12:57:00,ALT,12.069999694824219,12.069999694824219,12.100299835205078,12.0600004196167,12.100299835205078,9061.0
2024-03-01 12:57:00,ALVR,0.7554000020027161,0.7554000020027161,0.7554000020027161,0.7554000020027161,0.7554000020027161,100.0
2024-03-01 12:57:00,ALXO,15.0600004196167,15.0600004196167,15.069999694824219,15.0600004196167,15.0600004196167,1397.0
2024-03-01 12:57:00,AMGN,281.1000061035156,281.1000061035156,281.1000061035156,281.010009765625,281.0799865722656,4213.0
2024-03-01 12:57:00,AMLX,18.80500030517578,18.80500030517578,18.80500030517578,18.799999237060547,18.799999237060547,406.0
2024-03-01 12:57:00,AMRN,1.0499999523162842,1.0499999523162842,1.059999942779541,1.0499999523162842,1.0499999523162842,1312.0
2024-03-01 12:57:00,ANIP,66.81500244140625,66.81500244140625,66.81500244140625,66.81500244140625,66.81500244140625,397.0
2024-03-01 12:57:00,ANNX,6.139999866485596,6.139999866485596,6.139999866485596,6.132500171661377,6.139999866485596,538.0
2024-03-01 12:57:00,ANTX,3.0199999809265137,3.0199999809265137,3.0199999809265137,3.0199999809265137,3.0199999809265137,724.0
2024-03-01 12:57:00,APDN,0.5699999928474426,0.5699999928474426,0.5699999928474426,0.5698999762535095,0.5698999762535095,1136.0
2024-03-01 12:57:00,APLS,64.66999816894531,64.66999816894531,64.70999908447266,64.66999816894531,64.70999908447266,1352.0
2024-03-01 12:57:00,AQST,4.239999771118164,4.239999771118164,4.239999771118164,4.230000019073486,4.230000019073486,6074.0
2024-03-01 12:57:00,ARDX,9.585000038146973,9.585000038146973,9.595000267028809,9.579999923706055,9.595000267028809,7532.0
2024-03-01 12:57:00,ARQT,11.795000076293945,11.795000076293945,11.800000190734863,11.789999961853027,11.795000076293945,6140.0
2024-03-01 12:57:00,ARVN,49.38999938964844,49.38999938964844,49.47679901123047,49.31999969482422,49.47679901123047,1243.0
2024-03-01 12:57:00,ARWR,35.88999938964844,35.88999938964844,35.900001525878906,35.8849983215332,35.900001525878906,1897.0
2024-03-01 12:57:00,ASND,151.5399932861328,151.5399932861328,151.80999755859375,151.5399932861328,151.80999755859375,1101.0
2024-03-01 12:57:00,ASRT,0.9250500202178955,0.9250500202178955,0.9250500202178955,0.920199990272522,0.920199990272522,327.0
2024-03-01 12:57:00,ATAI,2.130000114440918,2.130000114440918,2.139899969100952,2.125,2.125,2746.0
2024-03-01 12:57:00,ATEC,13.550000190734863,13.550000190734863,13.550000190734863,13.550000190734863,13.550000190734863,110.0
2024-03-01 12:57:00,ATRA,0.7900000214576721,0.7900000214576721,0.7975000143051147,0.7900000214576721,0.7900999784469604,1220.0
2024-03-01 12:57:00,ATXS,14.890000343322754,14.890000343322754,14.930000305175781,14.890000343322754,14.930000305175781,4184.0
2024-03-01 12:57:00,AURA,9.414999961853027,9.414999961853027,9.414999961853027,9.414999961853027,9.414999961853027,121.0
2024-03-01 12:57:00,AUTL,6.380000114440918,6.380000114440918,6.380000114440918,6.380000114440918,6.380000114440918,620.0
2024-03-01 12:57:00,AVDL,12.979999542236328,12.979999542236328,13.010000228881836,12.979999542236328,12.979999542236328,5574.0
2024-03-01 12:57:00,AWH,4.099999904632568,4.099999904632568,4.099999904632568,4.099999904632568,4.099999904632568,101.0
2024-03-01 12:57:00,AXNX,67.55000305175781,67.55000305175781,67.56999969482422,67.55000305175781,67.56999969482422,1543.0
2024-03-01 12:57:00,AZN,64.69000244140625,64.69000244140625,64.69000244140625,64.68000030517578,64.68499755859375,1577.0
2024-03-01 12:57:00,AZTA,67.13500213623047,67.13500213623047,67.13500213623047,67.08999633789062,67.08999633789062,601.0
2024-03-01 12:57:00,BCAB,2.744999885559082,2.744999885559082,2.744999885559082,2.734999895095825,2.739799976348877,3268.0
2024-03-01 12:57:00,BCLI,0.3560999929904938,0.3560999929904938,0.3560999929904938,0.3560999929904938,0.3560999929904938,185.0
2024-03-01 12:57:00,BCRX,5.769999980926514,5.769999980926514,5.769999980926514,5.764999866485596,5.764999866485596,629.0
2024-03-01 12:57:00,BEAM,40.165000915527344,40.165000915527344,40.165000915527344,40.15999984741211,40.15999984741211,1397.0
2024-03-01 12:57:00,BEAT,1.5399999618530273,1.5399999618530273,1.5399999618530273,1.4950000047683716,1.5,16620.0
2024-03-01 12:57:00,BGXX,0.2727000117301941,0.2727000117301941,0.2727000117301941,0.2727000117301941,0.2727000117301941,202.0
2024-03-01 12:57:00,BIIB,221.1999969482422,221.1999969482422,221.1999969482422,221.1999969482422,221.1999969482422,1042.0
2024-03-01 12:57:00,BIOL,0.13930000364780426,0.13930000364780426,0.13930000364780426,0.1371999979019165,0.1371999979019165,1251.0
2024-03-01 12:57:00,BIOR,1.149999976158142,1.149999976158142,1.1511000394821167,1.149999976158142,1.1502000093460083,1718.0
2024-03-01 12:57:00,BIVI,1.8600000143051147,1.8600000143051147,1.8700000047683716,1.850000023841858,1.8698999881744385,30123.0
2024-03-01 12:57:00,BLFS,18.260000228881836,18.260000228881836,18.280000686645508,18.239999771118164,18.239999771118164,1195.0
2024-03-01 12:57:00,BLUE,1.597499966621399,1.597499966621399,1.597499966621399,1.590000033378601,1.5923999547958374,4104.0
2024-03-01 12:57:00,BMRA,1.1799999475479126,1.1799999475479126,1.1799999475479126,1.1799999475479126,1.1799999475479126,933.0
2024-03-01 12:57:00,BMRN,87.37999725341797,87.37999725341797,87.41000366210938,87.37999725341797,87.37999725341797,5209.0
2024-03-01 12:57:00,BPMC,97.2750015258789,97.2750015258789,97.38749694824219,97.26000213623047,97.38749694824219,1321.0
2024-03-01 12:57:00,BRKR,88.31999969482422,88.31999969482422,88.31999969482422,88.30999755859375,88.30999755859375,999.0
2024-03-01 12:57:00,BSGM,0.6430000066757202,0.6430000066757202,0.6430000066757202,0.6430000066757202,0.6430000066757202,113.0
2024-03-01 12:57:00,BTTX,0.18000000715255737,0.18000000715255737,0.18000000715255737,0.17520000040531158,0.17554999887943268,65204.0
2024-03-01 12:57:00,BWAY,6.53000020980835,6.53000020980835,6.53000020980835,6.53000020980835,6.53000020980835,200.0
2024-03-01 12:57:00,CABA,24.06999969482422,24.06999969482422,24.084999084472656,24.06999969482422,24.084999084472656,405.0
2024-03-01 12:57:00,CAPR,4.570000171661377,4.570000171661377,4.570000171661377,4.559999942779541,4.559999942779541,351.0
2024-03-01 12:57:00,CARA,0.9384999871253967,0.9384999871253967,0.9384999871253967,0.9384999871253967,0.9384999871253967,2905.0
2024-03-01 12:57:00,CBAY,32.2400016784668,32.2400016784668,32.2400016784668,32.23500061035156,32.2400016784668,11201.0
2024-03-01 12:57:00,CCCC,10.960000038146973,10.960000038146973,10.975000381469727,10.960000038146973,10.975000381469727,1266.0
2024-03-01 12:57:00,CDNA,12.369999885559082,12.369999885559082,12.369999885559082,12.350000381469727,12.350000381469727,1248.0
2024-03-01 12:57:00,CDXS,4.489999771118164,4.489999771118164,4.489999771118164,4.485000133514404,4.489999771118164,325.0
2024-03-01 12:57:00,CERE,41.11000061035156,41.11000061035156,41.1150016784668,41.11000061035156,41.1150016784668,1154.0
2024-03-01 12:57:00,CERS,2.2300000190734863,2.2300000190734863,2.2300000190734863,2.2300000190734863,2.2300000190734863,315.0
2024-03-01 12:57:00,CERT,17.899999618530273,17.899999618530273,17.934999465942383,17.899999618530273,17.934999465942383,6220.0
2024-03-01 12:57:00,CGC,3.265000104904175,3.265000104904175,3.26990008354187,3.265000104904175,3.265000104904175,1810.0
2024-03-01 12:57:00,CGEM,18.954999923706055,18.954999923706055,18.989999771118164,18.950000762939453,18.989900588989258,1644.0
2024-03-01 12:57:00,CHRS,2.4200000762939453,2.4200000762939453,2.4200000762939453,2.4049999713897705,2.4049999713897705,4197.0
2024-03-01 12:57:00,CLDX,50.68000030517578,50.68000030517578,50.73500061035156,50.68000030517578,50.73500061035156,1605.0
2024-03-01 12:57:00,CLNN,0.3874000012874603,0.3874000012874603,0.3874000012874603,0.3874000012874603,0.3874000012874603,100.0
2024-03-01 12:57:00,CLOV,0.8682000041007996,0.8682000041007996,0.8698989748954773,0.8668000102043152,0.8673999905586243,96460.0
2024-03-01 12:57:00,CLRB,4.170000076293945,4.170000076293945,4.170000076293945,4.150000095367432,4.150000095367432,9265.0
2024-03-01 12:57:00,CMPS,11.470000267028809,11.470000267028809,11.470000267028809,11.460000038146973,11.460000038146973,514.0
2024-03-01 12:57:00,CMPX,1.840000033378601,1.840000033378601,1.850000023841858,1.840000033378601,1.850000023841858,468.0
2024-03-01 12:57:00,CMRX,1.1650999784469604,1.1650999784469604,1.1650999784469604,1.1650999784469604,1.1650999784469604,800.0
2024-03-01 12:57:00,COGT,7.150000095367432,7.150000095367432,7.159999847412109,7.150000095367432,7.159999847412109,1622.0
2024-03-01 12:57:00,CORT,24.280000686645508,24.280000686645508,24.280000686645508,24.270000457763672,24.270000457763672,536.0
2024-03-01 12:57:00,CPRX,17.100000381469727,17.100000381469727,17.10919952392578,17.100000381469727,17.10919952392578,2149.0
2024-03-01 12:57:00,CRBP,32.09000015258789,32.09000015258789,32.17900085449219,32.09000015258789,32.17900085449219,623.0
2024-03-01 12:57:00,CRBU,7.940000057220459,7.940000057220459,7.949999809265137,7.940000057220459,7.940000057220459,645.0
2024-03-01 12:57:00,CRDF,2.3919999599456787,2.3919999599456787,2.4000000953674316,2.370800018310547,2.370800018310547,5739.0
2024-03-01 12:57:00,CRDL,1.8899999856948853,1.8899999856948853,1.9199999570846558,1.8899999856948853,1.9199999570846558,9395.0
2024-03-01 12:57:00,CRON,2.065000057220459,2.065000057220459,2.065000057220459,2.065000057220459,2.065000057220459,128.0
2024-03-01 12:57:00,CRSP,86.01000213623047,86.01000213623047,86.01000213623047,86.0,86.0,537.0
2024-03-01 12:57:00,CTMX,2.7019999027252197,2.7019999027252197,2.7100000381469727,2.700000047683716,2.7049999237060547,2912.0
2024-03-01 12:57:00,CUTR,2.420099973678589,2.420099973678589,2.420099973678589,2.420099973678589,2.420099973678589,604.0
2024-03-01 12:57:00,CVRX,20.760000228881836,20.760000228881836,20.760000228881836,20.760000228881836,20.760000228881836,207.0
2024-03-01 12:57:00,CYT,3.109999895095825,3.109999895095825,3.109999895095825,3.109999895095825,3.109999895095825,301.0
2024-03-01 12:57:00,CYTK,73.37989807128906,73.37989807128906,73.45999908447266,73.3499984741211,73.45999908447266,9239.0
2024-03-01 12:57:00,CYTO,2.430000066757202,2.430000066757202,2.440000057220459,2.4000000953674316,2.4000000953674316,4254.0
2024-03-01 12:57:00,DARE,0.5521000027656555,0.5521000027656555,0.5521000027656555,0.5521000027656555,0.5521000027656555,202.0
2024-03-01 12:57:00,DH,8.75,8.75,8.770000457763672,8.75,8.760000228881836,1506.0
2024-03-01 12:57:00,DMTK,0.8693000078201294,0.8693000078201294,0.8693000078201294,0.8587999939918518,0.8587999939918518,4109.0
2024-03-01 12:57:00,DNLI,20.84000015258789,20.84000015258789,20.850000381469727,20.84000015258789,20.84000015258789,645.0
2024-03-01 12:57:00,DRIO,2.0092999935150146,2.0092999935150146,2.0092999935150146,2.0092999935150146,2.0092999935150146,150.0
2024-03-01 12:57:00,DTIL,12.3100004196167,12.3100004196167,12.3100004196167,12.260000228881836,12.260000228881836,280.0
2024-03-01 12:57:00,DVAX,12.904999732971191,12.904999732971191,12.904999732971191,12.899999618530273,12.899999618530273,1565.0
2024-03-01 12:57:00,DXCM,121.61000061035156,121.61000061035156,121.61000061035156,121.49500274658203,121.55000305175781,5518.0
2024-03-01 12:57:00,DYN,28.795000076293945,28.795000076293945,28.795000076293945,28.75,28.75,1420.0
2024-03-01 12:57:00,EDAP,6.9243998527526855,6.9243998527526855,6.9243998527526855,6.889999866485596,6.889999866485596,2216.0
2024-03-01 12:57:00,EDIT,10.84000015258789,10.84000015258789,10.84000015258789,10.820099830627441,10.820099830627441,2819.0
2024-03-01 12:57:00,EFTR,15.437899589538574,15.437899589538574,15.437899589538574,15.437899589538574,15.437899589538574,295.0
2024-03-01 12:57:00,EGRX,6.739999771118164,6.739999771118164,6.739999771118164,6.739999771118164,6.739999771118164,565.0
2024-03-01 12:57:00,ELEV,5.059999942779541,5.059999942779541,5.079999923706055,5.034999847412109,5.034999847412109,2743.0
2024-03-01 12:57:00,EMBC,14.524999618530273,14.524999618530273,14.524999618530273,14.524999618530273,14.524999618530273,257.0
2024-03-01 12:57:00,ENTX,1.409999966621399,1.409999966621399,1.409999966621399,1.409999966621399,1.409999966621399,300.0
2024-03-01 12:57:00,ENVB,1.5299999713897705,1.5299999713897705,1.5389000177383423,1.5299999713897705,1.5389000177383423,1099.0
2024-03-01 12:57:00,ERAS,2.5350000858306885,2.5350000858306885,2.5350000858306885,2.5350000858306885,2.5350000858306885,342.0
2024-03-01 12:57:00,ESPR,2.5250000953674316,2.5250000953674316,2.5250000953674316,2.5199999809265137,2.5250000953674316,5199.0
2024-03-01 12:57:00,ESTA,45.72999954223633,45.72999954223633,45.72999954223633,45.72999954223633,45.72999954223633,124.0
2024-03-01 12:57:00,ETNB,13.260000228881836,13.260000228881836,13.260000228881836,13.260000228881836,13.260000228881836,1513.0
2024-03-01 12:57:00,EXAS,60.439998626708984,60.439998626708984,60.439998626708984,60.38999938964844,60.38999938964844,2649.0
2024-03-01 12:57:00,EXEL,22.514999389648438,22.514999389648438,22.514999389648438,22.510000228881836,22.510000228881836,848.0
2024-03-01 12:57:00,EYEN,2.4999001026153564,2.4999001026153564,2.5,2.4590001106262207,2.4590001106262207,51072.0
2024-03-01 12:57:00,FATE,7.59499979019165,7.59499979019165,7.599999904632568,7.591000080108643,7.59499979019165,1453.0
2024-03-01 12:57:00,FBIO,2.3399999141693115,2.3399999141693115,2.3499999046325684,2.3399999141693115,2.3499999046325684,5804.0
2024-03-01 12:57:00,FDMT,29.315000534057617,29.315000534057617,29.315000534057617,29.280000686645508,29.280000686645508,733.0
2024-03-01 12:57:00,FGEN,1.875,1.875,1.875,1.860700011253357,1.860700011253357,1108.0
2024-03-01 12:57:00,FHTX,7.945000171661377,7.945000171661377,7.945000171661377,7.945000171661377,7.945000171661377,132.0
2024-03-01 12:57:00,FLGT,23.229999542236328,23.229999542236328,23.229999542236328,23.229999542236328,23.229999542236328,243.0
2024-03-01 12:57:00,FOLD,13.345000267028809,13.345000267028809,13.350000381469727,13.345000267028809,13.350000381469727,1099.0
2024-03-01 12:57:00,FULC,10.850000381469727,10.850000381469727,10.850000381469727,10.850000381469727,10.850000381469727,504.0
2024-03-01 12:57:00,FUSN,12.350000381469727,12.350000381469727,12.369999885559082,12.350000381469727,12.350000381469727,361.0
2024-03-01 12:57:00,GBIO,2.6449999809265137,2.6449999809265137,2.6480000019073486,2.6449999809265137,2.6480000019073486,620.0
2024-03-01 12:57:00,GDRX,8.220000267028809,8.220000267028809,8.225000381469727,8.210000038146973,8.220000267028809,9426.0
2024-03-01 12:57:00,GERN,2.2300000190734863,2.2300000190734863,2.2300000190734863,2.22160005569458,2.2300000190734863,24747.0
2024-03-01 12:57:00,GH,19.200000762939453,19.200000762939453,19.209999084472656,19.200000762939453,19.200000762939453,782.0
2024-03-01 12:57:00,GILD,72.21499633789062,72.21499633789062,72.22000122070312,72.20999908447266,72.22000122070312,9762.0
2024-03-01 12:57:00,GMAB,29.350000381469727,29.350000381469727,29.350000381469727,29.350000381469727,29.350000381469727,485.0
2024-03-01 12:57:00,GMDA,0.3815999925136566,0.3815999925136566,0.3815999925136566,0.3815999925136566,0.3815999925136566,200.0
2024-03-01 12:57:00,GOSS,1.399999976158142,1.399999976158142,1.4049999713897705,1.399999976158142,1.4049999713897705,1035.0
2024-03-01 12:57:00,GRPH,3.494999885559082,3.494999885559082,3.494999885559082,3.494999885559082,3.494999885559082,172.0
2024-03-01 12:57:00,GRTS,2.1475000381469727,2.1475000381469727,2.1475000381469727,2.1475000381469727,2.1475000381469727,1020.0
2024-03-01 12:57:00,GTHX,3.74180006980896,3.74180006980896,3.74180006980896,3.7400999069213867,3.7400999069213867,614.0
2024-03-01 12:57:00,HALO,41.51499938964844,41.51499938964844,41.560001373291016,41.51499938964844,41.560001373291016,2511.0
2024-03-01 12:57:00,HCTI,2.502500057220459,2.502500057220459,2.502500057220459,2.502500057220459,2.502500057220459,274.0
2024-03-01 12:57:00,HLTH,0.27015799283981323,0.27015799283981323,0.27015799283981323,0.27015799283981323,0.27015799283981323,103.0
2024-03-01 12:57:00,HLVX,19.34000015258789,19.34000015258789,19.34000015258789,19.34000015258789,19.34000015258789,100.0
2024-03-01 12:57:00,HOLX,74.04000091552734,74.04000091552734,74.04000091552734,74.01000213623047,74.0199966430664,3682.0
2024-03-01 12:57:00,HRTX,2.619999885559082,2.619999885559082,2.619999885559082,2.609999895095825,2.609999895095825,245.0
2024-03-01 12:57:00,HSIC,76.94999694824219,76.94999694824219,76.94999694824219,76.94999694824219,76.94999694824219,247.0
2024-03-01 12:57:00,HUMA,3.4649999141693115,3.4649999141693115,3.4700000286102295,3.4500999450683594,3.4600000381469727,8518.0
2024-03-01 12:57:00,IART,36.66999816894531,36.66999816894531,36.66999816894531,36.66999816894531,36.66999816894531,100.0
2024-03-01 12:57:00,ICLR,322.8500061035156,322.8500061035156,322.8500061035156,322.8500061035156,322.8500061035156,199.0
2024-03-01 12:57:00,ICUI,104.69999694824219,104.69999694824219,104.69999694824219,104.69999694824219,104.69999694824219,726.0
2024-03-01 12:57:00,IDYA,46.54999923706055,46.54999923706055,46.560298919677734,46.54999923706055,46.55500030517578,1481.0
2024-03-01 12:57:00,IGMS,13.479999542236328,13.479999542236328,13.479999542236328,13.479999542236328,13.479999542236328,101.0
2024-03-01 12:57:00,IINN,1.6717000007629395,1.6717000007629395,1.6717000007629395,1.6717000007629395,1.6717000007629395,322.0
2024-03-01 12:57:00,IKT,2.0899999141693115,2.0899999141693115,2.109999895095825,2.069999933242798,2.109999895095825,6000.0
2024-03-01 12:57:00,ILMN,142.2449951171875,142.2449951171875,142.2449951171875,142.2449951171875,142.2449951171875,1065.0
2024-03-01 12:57:00,IMMP,2.3399999141693115,2.3399999141693115,2.3399999141693115,2.3399999141693115,2.3399999141693115,246.0
2024-03-01 12:57:00,IMNM,26.15999984741211,26.15999984741211,26.170000076293945,26.15999984741211,26.170000076293945,639.0
2024-03-01 12:57:00,IMTX,13.0,13.0,13.0,13.0,13.0,110.0
2024-03-01 12:57:00,IMUX,1.4800000190734863,1.4800000190734863,1.4819999933242798,1.4800000190734863,1.4819999933242798,517.0
2024-03-01 12:57:00,IMVT,36.349998474121094,36.349998474121094,36.3650016784668,36.34000015258789,36.3650016784668,711.0
2024-03-01 12:57:00,INAB,1.070099949836731,1.070099949836731,1.070099949836731,1.070099949836731,1.070099949836731,511.0
2024-03-01 12:57:00,INBX,36.619998931884766,36.619998931884766,36.619998931884766,36.619998931884766,36.619998931884766,137.0
2024-03-01 12:57:00,INCR,1.9500000476837158,1.9500000476837158,1.9500000476837158,1.9500000476837158,1.9500000476837158,163.0
2024-03-01 12:57:00,INCY,59.31999969482422,59.31999969482422,59.31999969482422,59.31999969482422,59.31999969482422,589.0
2024-03-01 12:57:00,INMB,12.470000267028809,12.470000267028809,12.520000457763672,12.454999923706055,12.454999923706055,400.0
2024-03-01 12:57:00,INMD,22.850500106811523,22.850500106811523,22.850500106811523,22.829999923706055,22.834999084472656,2585.0
2024-03-01 12:57:00,INO,9.435600280761719,9.435600280761719,9.449999809265137,9.420000076293945,9.44629955291748,2207.0
2024-03-01 12:57:00,INSM,28.55500030517578,28.55500030517578,28.55500030517578,28.540000915527344,28.549999237060547,953.0
2024-03-01 12:57:00,INVA,15.680000305175781,15.680000305175781,15.680000305175781,15.649999618530273,15.649999618530273,4888.0
2024-03-01 12:57:00,IOBT,1.840000033378601,1.840000033378601,1.850000023841858,1.840000033378601,1.850000023841858,420.0
2024-03-01 12:57:00,IONS,45.900001525878906,45.900001525878906,45.900001525878906,45.900001525878906,45.900001525878906,553.0
2024-03-01 12:57:00,IOVA,16.815000534057617,16.815000534057617,16.81999969482422,16.799999237060547,16.80500030517578,10547.0
2024-03-01 12:57:00,IRWD,9.119999885559082,9.119999885559082,9.135000228881836,9.100000381469727,9.135000228881836,29568.0
2024-03-01 12:57:00,ISRG,395.6700134277344,395.6700134277344,395.6700134277344,395.5400085449219,395.635009765625,2657.0
2024-03-01 12:57:00,ITCI,71.49500274658203,71.49500274658203,71.49500274658203,71.49500274658203,71.49500274658203,103.0
2024-03-01 12:57:00,IVVD,3.990000009536743,3.990000009536743,4.010000228881836,3.990000009536743,4.010000228881836,2499.0
2024-03-01 12:57:00,IXHL,5.430699825286865,5.430699825286865,5.464000225067139,5.430699825286865,5.464000225067139,780.0
2024-03-01 12:57:00,JAGX,0.0737999975681305,0.0737999975681305,0.07429999858140945,0.07320000231266022,0.07320000231266022,7167.0
2024-03-01 12:57:00,JANX,46.47999954223633,46.47999954223633,46.54999923706055,46.41999816894531,46.54499816894531,828.0
2024-03-01 12:57:00,JAZZ,119.41000366210938,119.41000366210938,119.41999816894531,119.41000366210938,119.41999816894531,15847.0
2024-03-01 12:57:00,KALA,7.350100040435791,7.350100040435791,7.350100040435791,7.350100040435791,7.350100040435791,1089.0
2024-03-01 12:57:00,KALV,14.039999961853027,14.039999961853027,14.039999961853027,14.039999961853027,14.039999961853027,111.0
2024-03-01 12:57:00,KMDA,6.369999885559082,6.369999885559082,6.369999885559082,6.369999885559082,6.369999885559082,253.0
2024-03-01 12:57:00,KOD,6.119999885559082,6.119999885559082,6.119999885559082,6.119999885559082,6.119999885559082,452.0
2024-03-01 12:57:00,KPRX,0.6499999761581421,0.6499999761581421,0.6499999761581421,0.6499999761581421,0.6499999761581421,303.0
2024-03-01 12:57:00,KPTI,1.2050000429153442,1.2050000429153442,1.2050000429153442,1.2050000429153442,1.2050000429153442,200.0
2024-03-01 12:57:00,KRON,1.0299999713897705,1.0299999713897705,1.0299999713897705,1.0299999713897705,1.0299999713897705,1197.0
2024-03-01 12:57:00,KRTX,316.94500732421875,316.94500732421875,316.95001220703125,316.94500732421875,316.95001220703125,2009.0
2024-03-01 12:57:00,KZR,1.0750000476837158,1.0750000476837158,1.0750000476837158,1.0750000476837158,1.0750000476837158,150.0
2024-03-01 12:57:00,LAB,2.515000104904175,2.515000104904175,2.5199999809265137,2.515000104904175,2.5199999809265137,400.0
2024-03-01 12:57:00,LBPH,22.03499984741211,22.03499984741211,22.03499984741211,22.03499984741211,22.03499984741211,100.0
2024-03-01 12:57:00,LEGN,66.01000213623047,66.01000213623047,66.05000305175781,66.01000213623047,66.05000305175781,260.0
2024-03-01 12:57:00,LEXX,2.809999942779541,2.809999942779541,2.819999933242798,2.7899999618530273,2.7899999618530273,3759.0
2024-03-01 12:57:00,LFLY,3.0,3.0,3.0,3.0,3.0,200.0
2024-03-01 12:57:00,LFMD,8.0,8.0,8.0,8.0,8.0,101.0
2024-03-01 12:57:00,LFST,7.760000228881836,7.760000228881836,7.768799781799316,7.760000228881836,7.768799781799316,1100.0
2024-03-01 12:57:00,LIFE,1.934999942779541,1.934999942779541,1.940000057220459,1.934999942779541,1.9399000406265259,3138.0
2024-03-01 12:57:00,LMAT,67.16500091552734,67.16500091552734,67.16500091552734,67.16500091552734,67.16500091552734,217.0
2024-03-01 12:57:00,LNTH,65.59500122070312,65.59500122070312,65.59500122070312,65.59500122070312,65.59500122070312,353.0
2024-03-01 12:57:00,LPCN,3.9000000953674316,3.9000000953674316,3.9000000953674316,3.9000000953674316,3.9000000953674316,198.0
2024-03-01 12:57:00,LRMR,11.420000076293945,11.420000076293945,11.420000076293945,11.420000076293945,11.420000076293945,154.0
2024-03-01 12:57:00,LTRN,4.550000190734863,4.550000190734863,4.550000190734863,4.550000190734863,4.550000190734863,100.0
2024-03-01 12:57:00,LUCD,1.2400000095367432,1.2400000095367432,1.2400000095367432,1.2400000095367432,1.2400000095367432,474.0
2024-03-01 12:57:00,LUNG,9.40999984741211,9.40999984741211,9.40999984741211,9.40999984741211,9.40999984741211,298.0
2024-03-01 12:57:00,LVTX,3.015000104904175,3.015000104904175,3.015000104904175,3.015000104904175,3.015000104904175,100.0
2024-03-01 12:57:00,LXRX,2.5250000953674316,2.5250000953674316,2.5250000953674316,2.5250000953674316,2.5250000953674316,250.0
2024-03-01 12:57:00,LYEL,3.1549999713897705,3.1549999713897705,3.1549999713897705,3.1549999713897705,3.1549999713897705,239.0
2024-03-01 12:57:00,LYRA,5.670000076293945,5.670000076293945,5.690000057220459,5.650000095367432,5.650000095367432,4743.0
2024-03-01 12:57:00,MBRX,0.6299999952316284,0.6299999952316284,0.6299999952316284,0.625,0.625,500.0
2024-03-01 12:57:00,MCRB,1.2000000476837158,1.2000000476837158,1.2000000476837158,1.2000000476837158,1.2000000476837158,515.0
2024-03-01 12:57:00,MDRX,6.099999904632568,6.099999904632568,6.150000095367432,6.039999961853027,6.039999961853027,1636.0
2024-03-01 12:57:00,MDXG,8.710000038146973,8.710000038146973,8.710000038146973,8.680000305175781,8.680000305175781,23339.0
2024-03-01 12:57:00,ME,0.5745999813079834,0.5745999813079834,0.5758000016212463,0.574400007724762,0.5758000016212463,4092.0
2024-03-01 12:57:00,MGNX,18.940000534057617,18.940000534057617,18.940000534057617,18.940000534057617,18.940000534057617,1189.0
2024-03-01 12:57:00,MLTX,51.630001068115234,51.630001068115234,51.68000030517578,51.630001068115234,51.630001068115234,994.0
2024-03-01 12:57:00,MMSI,76.55500030517578,76.55500030517578,76.56999969482422,76.41999816894531,76.41999816894531,1926.0
2024-03-01 12:57:00,MNKD,4.525000095367432,4.525000095367432,4.53000020980835,4.525000095367432,4.53000020980835,585.0
2024-03-01 12:57:00,MNMD,6.130300045013428,6.130300045013428,6.139200210571289,6.110000133514404,6.130899906158447,10716.0
2024-03-01 12:57:00,MODD,1.9199999570846558,1.9199999570846558,1.9199999570846558,1.9149999618530273,1.9149999618530273,500.0
2024-03-01 12:57:00,MODV,28.030000686645508,28.030000686645508,28.030000686645508,28.030000686645508,28.030000686645508,119.0
2024-03-01 12:57:00,MOR,17.579999923706055,17.579999923706055,17.579999923706055,17.579999923706055,17.579999923706055,121.0
2024-03-01 12:57:00,MRNA,96.63999938964844,96.63999938964844,96.69000244140625,96.58999633789062,96.65489959716797,6964.0
2024-03-01 12:57:00,MRNS,10.140000343322754,10.140000343322754,10.15999984741211,10.104999542236328,10.104999542236328,27594.0
2024-03-01 12:57:00,MRSN,5.985000133514404,5.985000133514404,5.9899001121521,5.949999809265137,5.954999923706055,5436.0
2024-03-01 12:57:00,MRUS,51.790000915527344,51.790000915527344,51.94499969482422,51.790000915527344,51.939998626708984,1956.0
2024-03-01 12:57:00,MRVI,7.804999828338623,7.804999828338623,7.809999942779541,7.804999828338623,7.809999942779541,1787.0
2024-03-01 12:57:00,MXCT,4.764999866485596,4.764999866485596,4.764999866485596,4.764999866485596,4.764999866485596,130.0
2024-03-01 12:57:00,NARI,45.154998779296875,45.154998779296875,45.310001373291016,45.11000061035156,45.310001373291016,6299.0
2024-03-01 12:57:00,NAUT,2.6600000858306885,2.6600000858306885,2.6600000858306885,2.640000104904175,2.640000104904175,200.0
2024-03-01 12:57:00,NBIX,131.05999755859375,131.05999755859375,131.0800018310547,131.0399932861328,131.0500030517578,1874.0
2024-03-01 12:57:00,NEO,16.110000610351562,16.110000610351562,16.1200008392334,16.110000610351562,16.1200008392334,301.0
2024-03-01 12:57:00,NEOG,17.354999542236328,17.354999542236328,17.354999542236328,17.344999313354492,17.350000381469727,616.0
2024-03-01 12:57:00,NGM,1.5299999713897705,1.5299999713897705,1.534999966621399,1.5299999713897705,1.5299999713897705,423.0
2024-03-01 12:57:00,NKTR,0.789900004863739,0.789900004863739,0.789900004863739,0.7896999716758728,0.789900004863739,1636.0
2024-03-01 12:57:00,NNOX,11.100000381469727,11.100000381469727,11.100000381469727,11.0600004196167,11.0600004196167,8360.0
2024-03-01 12:57:00,NOTV,8.105799674987793,8.105799674987793,8.149999618530273,8.079999923706055,8.079999923706055,4070.0
2024-03-01 12:57:00,NPCE,16.8700008392334,16.8700008392334,16.8700008392334,16.8700008392334,16.8700008392334,125.0
2024-03-01 12:57:00,NRIX,13.635000228881836,13.635000228881836,13.640000343322754,13.635000228881836,13.640000343322754,330.0
2024-03-01 12:57:00,NTLA,33.47999954223633,33.47999954223633,33.47999954223633,33.47999954223633,33.47999954223633,604.0
2024-03-01 12:57:00,NTRA,89.33000183105469,89.33000183105469,89.4800033569336,88.93499755859375,88.98999786376953,28473.0
2024-03-01 12:57:00,NVAX,5.164999961853027,5.164999961853027,5.179999828338623,5.159999847412109,5.175000190734863,15802.0
2024-03-01 12:57:00,NVCR,16.049999237060547,16.049999237060547,16.049999237060547,16.049999237060547,16.049999237060547,204.0
2024-03-01 12:57:00,NVCT,10.6899995803833,10.6899995803833,10.6899995803833,10.6899995803833,10.6899995803833,523.0
2024-03-01 12:57:00,NXTC,1.7649999856948853,1.7649999856948853,1.7799999713897705,1.75,1.75,802.0
2024-03-01 12:57:00,OCGN,0.9450500011444092,0.9450500011444092,0.9450500011444092,0.9413999915122986,0.9450500011444092,491.0
2024-03-01 12:57:00,OCUL,10.829999923706055,10.829999923706055,10.835000038146973,10.829999923706055,10.829999923706055,2222.0
2024-03-01 12:57:00,OCUP,2.494999885559082,2.494999885559082,2.494999885559082,2.494999885559082,2.494999885559082,215.0
2024-03-01 12:57:00,OGI,2.2149999141693115,2.2149999141693115,2.2149999141693115,2.210099935531616,2.210099935531616,6107.0
2024-03-01 12:57:00,OLMA,14.720000267028809,14.720000267028809,14.800000190734863,14.720000267028809,14.770000457763672,834.0
2024-03-01 12:57:00,OM,3.1549999713897705,3.1549999713897705,3.1700000762939453,3.1500000953674316,3.1649999618530273,4881.0
2024-03-01 12:57:00,OMIC,0.5950999855995178,0.5950999855995178,0.5950999855995178,0.5950999855995178,0.5950999855995178,1911.0
2024-03-01 12:57:00,ONCT,10.149999618530273,10.149999618530273,10.149999618530273,10.149999618530273,10.149999618530273,100.0
2024-03-01 12:57:00,ONVO,1.0399999618530273,1.0399999618530273,1.0399999618530273,1.0399999618530273,1.0399999618530273,375.0
2024-03-01 12:58:00,AADI,2.0,2.0,2.0,2.0,2.0,301.0
2024-03-01 12:58:00,ABCL,5.259900093078613,5.259900093078613,5.260000228881836,5.259900093078613,5.260000228881836,3391.0
2024-03-01 12:58:00,ABEO,7.855000019073486,7.855000019073486,7.869900226593018,7.855000019073486,7.860000133514404,7113.0
2024-03-01 12:58:00,ABSI,5.244999885559082,5.244999885559082,5.249899864196777,5.239999771118164,5.244999885559082,663.0
2024-03-01 12:58:00,ABUS,2.7750000953674316,2.7750000953674316,2.7750000953674316,2.7750000953674316,2.7750000953674316,897.0
2024-03-01 12:58:00,ACAD,24.507999420166016,24.507999420166016,24.530000686645508,24.489999771118164,24.489999771118164,5979.0
2024-03-01 12:58:00,ACB,3.2200000286102295,3.2200000286102295,3.2200000286102295,3.2100000381469727,3.2100000381469727,8650.0
2024-03-01 12:58:00,ACCD,10.239999771118164,10.239999771118164,10.239999771118164,10.239999771118164,10.239999771118164,546.0
2024-03-01 12:58:00,ACET,2.4049999713897705,2.4049999713897705,2.4049999713897705,2.4000000953674316,2.4000000953674316,1033.0
2024-03-01 12:58:00,ACHC,84.71499633789062,84.71499633789062,84.71499633789062,84.71499633789062,84.71499633789062,289.0
2024-03-01 12:58:00,ACHV,4.329999923706055,4.329999923706055,4.329999923706055,4.300000190734863,4.300000190734863,4510.0
2024-03-01 12:58:00,ACIU,3.9049999713897705,3.9049999713897705,3.9049999713897705,3.9049999713897705,3.9049999713897705,200.0
2024-03-01 12:58:00,ACLX,66.79000091552734,66.79000091552734,66.94999694824219,66.79000091552734,66.94999694824219,3010.0
2024-03-01 12:58:00,ACON,0.40000998973846436,0.40000998973846436,0.40400001406669617,0.40000998973846436,0.40400001406669617,3400.0
2024-03-01 12:58:00,ACRS,1.2300000190734863,1.2300000190734863,1.2400000095367432,1.2300000190734863,1.2300000190734863,926.0
2024-03-01 12:58:00,ACXP,3.1600000858306885,3.1600000858306885,3.1600000858306885,3.1600000858306885,3.1600000858306885,100.0
2024-03-01 12:58:00,ADAP,1.6176999807357788,1.6176999807357788,1.6176999807357788,1.6176999807357788,1.6176999807357788,167.0
2024-03-01 12:58:00,ADIL,3.069999933242798,3.069999933242798,3.069999933242798,3.0399999618530273,3.0450000762939453,7830.0
2024-03-01 12:58:00,ADMA,5.449999809265137,5.449999809265137,5.454999923706055,5.449999809265137,5.449999809265137,1563.0
2024-03-01 12:58:00,ADTX,3.4790000915527344,3.4790000915527344,3.4790000915527344,3.4790000915527344,3.4790000915527344,270.0
2024-03-01 12:58:00,ADUS,93.98999786376953,93.98999786376953,93.98999786376953,93.80000305175781,93.80000305175781,752.0
2024-03-01 12:58:00,ADVM,1.9700000286102295,1.9700000286102295,1.9700000286102295,1.9700000286102295,1.9700000286102295,616.0
2024-03-01 12:58:00,AGEN,0.6798999905586243,0.6798999905586243,0.6800000071525574,0.6758999824523926,0.6759999990463257,160132.0
2024-03-01 12:58:00,AGIO,32.91999816894531,32.91999816894531,32.91999816894531,32.91999816894531,32.91999816894531,1373.0
2024-03-01 12:58:00,AHCO,10.664999961853027,10.664999961853027,10.6850004196167,10.664999961853027,10.664999961853027,2676.0
2024-03-01 12:58:00,AIMD,0.9318000078201294,0.9318000078201294,0.9318000078201294,0.9318000078201294,0.9318000078201294,435.0
2024-03-01 12:58:00,AIRS,6.510000228881836,6.510000228881836,6.510000228881836,6.510000228881836,6.510000228881836,111.0
2024-03-01 12:58:00,AKAN,0.22030000388622284,0.22030000388622284,0.22100000083446503,0.22030000388622284,0.22100000083446503,10798.0
2024-03-01 12:58:00,AKBA,1.684999942779541,1.684999942779541,1.684999942779541,1.684999942779541,1.684999942779541,120.0
2024-03-01 12:58:00,AKLI,0.3400999903678894,0.3400999903678894,0.3400999903678894,0.3400999903678894,0.3400999903678894,1001.0
2024-03-01 12:58:00,AKRO,29.825000762939453,29.825000762939453,29.899999618530273,29.825000762939453,29.899999618530273,2454.0
2024-03-01 12:58:00,ALDX,4.170000076293945,4.170000076293945,4.170000076293945,4.170000076293945,4.170000076293945,156.0
2024-03-01 12:58:00,ALGN,304.4075012207031,304.4075012207031,304.4075012207031,304.4075012207031,304.4075012207031,227.0
2024-03-01 12:58:00,ALGS,1.1050000190734863,1.1050000190734863,1.117400050163269,1.1050000190734863,1.117400050163269,545.0
2024-03-01 12:58:00,ALHC,5.715000152587891,5.715000152587891,5.71999979019165,5.715000152587891,5.71999979019165,1447.0
2024-03-01 12:58:00,ALKS,30.189899444580078,30.189899444580078,30.190000534057617,30.174999237060547,30.190000534057617,2051.0
2024-03-01 12:58:00,ALLK,1.600000023841858,1.600000023841858,1.6050000190734863,1.600000023841858,1.6050000190734863,1302.0
2024-03-01 12:58:00,ALPN,35.875,35.875,35.900001525878906,35.875,35.880001068115234,1004.0
2024-03-01 12:58:00,ALT,12.050000190734863,12.050000190734863,12.069999694824219,12.050000190734863,12.0600004196167,1690.0
2024-03-01 12:58:00,ALXO,15.074999809265137,15.074999809265137,15.074999809265137,15.0600004196167,15.0600004196167,1750.0
2024-03-01 12:58:00,AMGN,281.2049865722656,281.2049865722656,281.239990234375,281.1199951171875,281.1199951171875,5345.0
2024-03-01 12:58:00,AMLX,18.799999237060547,18.799999237060547,18.80150032043457,18.795000076293945,18.799999237060547,2234.0
2024-03-01 12:58:00,AMPH,45.380001068115234,45.380001068115234,45.380001068115234,45.22999954223633,45.22999954223633,9530.0
2024-03-01 12:58:00,ANGO,5.519999980926514,5.519999980926514,5.519999980926514,5.519999980926514,5.519999980926514,1914.0
2024-03-01 12:58:00,ANIP,66.54000091552734,66.54000091552734,66.65499877929688,66.54000091552734,66.6500015258789,1055.0
2024-03-01 12:58:00,ANNX,6.138400077819824,6.138400077819824,6.139999866485596,6.119999885559082,6.119999885559082,4827.0
2024-03-01 12:58:00,APLS,64.71790313720703,64.71790313720703,64.78500366210938,64.66999816894531,64.68000030517578,3846.0
2024-03-01 12:58:00,APLT,7.074999809265137,7.074999809265137,7.074999809265137,7.059999942779541,7.074999809265137,1294.0
2024-03-01 12:58:00,APRE,8.829899787902832,8.829899787902832,8.829899787902832,8.829899787902832,8.829899787902832,268.0
2024-03-01 12:58:00,AQST,4.21999979019165,4.21999979019165,4.239999771118164,4.21999979019165,4.239999771118164,8914.0
2024-03-01 12:58:00,ARDX,9.585000038146973,9.585000038146973,9.59000015258789,9.579999923706055,9.589900016784668,2999.0
2024-03-01 12:58:00,ARQT,11.789999961853027,11.789999961853027,11.79990005493164,11.779999732971191,11.79990005493164,5885.0
2024-03-01 12:58:00,ARVN,49.279998779296875,49.279998779296875,49.38999938964844,49.279998779296875,49.38999938964844,410.0
2024-03-01 12:58:00,ARWR,35.84000015258789,35.84000015258789,35.88999938964844,35.81999969482422,35.880001068115234,4182.0
2024-03-01 12:58:00,ASND,151.72500610351562,151.72500610351562,151.72500610351562,151.72500610351562,151.72500610351562,211.0
2024-03-01 12:58:00,ASRT,0.920199990272522,0.920199990272522,0.9250500202178955,0.920199990272522,0.9250500202178955,337.0
2024-03-01 12:58:00,ATAI,2.130000114440918,2.130000114440918,2.134999990463257,2.130000114440918,2.134999990463257,2473.0
2024-03-01 12:58:00,ATEC,13.524999618530273,13.524999618530273,13.555000305175781,13.520000457763672,13.555000305175781,6279.0
2024-03-01 12:58:00,ATHA,4.005000114440918,4.005000114440918,4.005000114440918,4.0,4.0,1030.0
2024-03-01 12:58:00,ATOS,1.0119999647140503,1.0119999647140503,1.0119999647140503,1.0119999647140503,1.0119999647140503,501.0
2024-03-01 12:58:00,ATRA,0.7972999811172485,0.7972999811172485,0.7972999811172485,0.7900000214576721,0.7901009917259216,829.0
2024-03-01 12:58:00,ATRC,36.150001525878906,36.150001525878906,36.150001525878906,36.11000061035156,36.130001068115234,1214.0
2024-03-01 12:58:00,ATXS,14.8100004196167,14.8100004196167,14.899999618530273,14.739999771118164,14.869999885559082,9825.0
2024-03-01 12:58:00,AUGX,4.565000057220459,4.565000057220459,4.565000057220459,4.565000057220459,4.565000057220459,604.0
2024-03-01 12:58:00,AUPH,5.849999904632568,5.849999904632568,5.855000019073486,5.849999904632568,5.849999904632568,4820.0
2024-03-01 12:58:00,AURA,9.369999885559082,9.369999885559082,9.395000457763672,9.350000381469727,9.395000457763672,2067.0
2024-03-01 12:58:00,AUTL,6.360000133514404,6.360000133514404,6.369999885559082,6.360000133514404,6.369999885559082,637.0
2024-03-01 12:58:00,AVDL,12.989999771118164,12.989999771118164,12.989999771118164,12.970000267028809,12.970000267028809,1514.0
2024-03-01 12:58:00,AVXL,5.394999980926514,5.394999980926514,5.40500020980835,5.389999866485596,5.40500020980835,19718.0
2024-03-01 12:58:00,AXGN,10.529999732971191,10.529999732971191,10.529999732971191,10.529999732971191,10.529999732971191,161.0
2024-03-01 12:58:00,AXNX,67.55999755859375,67.55999755859375,67.55999755859375,67.5199966430664,67.55999755859375,8135.0
2024-03-01 12:58:00,AXSM,82.43000030517578,82.43000030517578,82.44000244140625,82.43000030517578,82.44000244140625,486.0
2024-03-01 12:58:00,AZN,64.69499969482422,64.69499969482422,64.69999694824219,64.69000244140625,64.69000244140625,9014.0
2024-03-01 12:58:00,AZTA,67.0999984741211,67.0999984741211,67.12000274658203,67.0999984741211,67.12000274658203,1193.0
2024-03-01 12:58:00,BBLG,2.699899911880493,2.699899911880493,2.699899911880493,2.699899911880493,2.699899911880493,300.0
2024-03-01 12:58:00,BCDA,0.5698999762535095,0.5698999762535095,0.5698999762535095,0.5698999762535095,0.5698999762535095,293.0
2024-03-01 12:58:00,BCRX,5.760000228881836,5.760000228881836,5.764999866485596,5.760000228881836,5.764999866485596,1904.0
2024-03-01 12:58:00,BCYC,26.010000228881836,26.010000228881836,26.049999237060547,25.8799991607666,25.8799991607666,5359.0
2024-03-01 12:58:00,BDSX,1.600000023841858,1.600000023841858,1.600000023841858,1.600000023841858,1.600000023841858,217.0
2024-03-01 12:58:00,BDTX,5.019999980926514,5.019999980926514,5.019999980926514,5.014999866485596,5.014999866485596,557.0
2024-03-01 12:58:00,BEAM,40.119998931884766,40.119998931884766,40.189998626708984,40.11000061035156,40.189998626708984,2202.0
2024-03-01 12:58:00,BEAT,1.5399999618530273,1.5399999618530273,1.5399999618530273,1.5399999618530273,1.5399999618530273,914.0
2024-03-01 12:58:00,BFRI,0.8710989952087402,0.8710989952087402,0.8710989952087402,0.8710989952087402,0.8710989952087402,1000.0
2024-03-01 12:58:00,BGXX,0.27070000767707825,0.27070000767707825,0.27070000767707825,0.27070000767707825,0.27070000767707825,504.0
2024-03-01 12:58:00,BIOL,0.13930000364780426,0.13930000364780426,0.13930000364780426,0.13930000364780426,0.13930000364780426,251.0
2024-03-01 12:58:00,BIOR,1.149999976158142,1.149999976158142,1.149999976158142,1.149999976158142,1.149999976158142,2089.0
2024-03-01 12:58:00,BIVI,1.8424999713897705,1.8424999713897705,1.8674999475479126,1.840000033378601,1.8600000143051147,27012.0
2024-03-01 12:58:00,BLFS,18.229999542236328,18.229999542236328,18.25,18.229999542236328,18.239999771118164,1348.0
2024-03-01 12:58:00,BLUE,1.5950000286102295,1.5950000286102295,1.597499966621399,1.590499997138977,1.5950000286102295,6186.0
2024-03-01 12:58:00,BMEA,18.200000762939453,18.200000762939453,18.209999084472656,18.200000762939453,18.209999084472656,940.0
2024-03-01 12:58:00,BMRN,87.36000061035156,87.36000061035156,87.36000061035156,87.36000061035156,87.36000061035156,949.0
2024-03-01 12:58:00,BNGO,1.2549999952316284,1.2549999952316284,1.2549999952316284,1.2549999952316284,1.2549999952316284,509.0
2024-03-01 12:58:00,BNR,0.8202000260353088,0.8202000260353088,0.8399500250816345,0.819100022315979,0.8399500250816345,4829.0
2024-03-01 12:58:00,BNTX,91.6500015258789,91.6500015258789,91.66999816894531,91.6500015258789,91.66000366210938,619.0
2024-03-01 12:58:00,BPMC,97.1500015258789,97.1500015258789,97.2300033569336,97.1500015258789,97.2300033569336,300.0
2024-03-01 12:58:00,BRKR,88.31999969482422,88.31999969482422,88.33999633789062,88.31999969482422,88.33999633789062,806.0
2024-03-01 12:58:00,BSGM,0.6430000066757202,0.6430000066757202,0.6430000066757202,0.6430000066757202,0.6430000066757202,101.0
2024-03-01 12:58:00,BTAI,3.200000047683716,3.200000047683716,3.200000047683716,3.200000047683716,3.200000047683716,309.0
2024-03-01 12:58:00,BTCY,0.902999997138977,0.902999997138977,0.902999997138977,0.902999997138977,0.902999997138977,334.0
2024-03-01 12:58:00,BTTX,0.17710000276565552,0.17710000276565552,0.1784999966621399,0.17710000276565552,0.1784999966621399,14301.0
2024-03-01 12:58:00,CABA,24.059999465942383,24.059999465942383,24.084999084472656,24.059999465942383,24.079999923706055,2286.0
2024-03-01 12:58:00,CAPR,4.53000020980835,4.53000020980835,4.559999942779541,4.510000228881836,4.559999942779541,12934.0
2024-03-01 12:58:00,CARA,0.9384999871253967,0.9384999871253967,0.9384999871253967,0.9243999719619751,0.9243999719619751,409.0
2024-03-01 12:58:00,CBAY,32.2400016784668,32.2400016784668,32.2400016784668,32.23500061035156,32.2400016784668,2324.0
2024-03-01 12:58:00,CCCC,10.930000305175781,10.930000305175781,10.954999923706055,10.930000305175781,10.954999923706055,1502.0
2024-03-01 12:58:00,CCRN,18.200000762939453,18.200000762939453,18.200000762939453,18.200000762939453,18.200000762939453,177.0
2024-03-01 12:58:00,CDMO,8.079999923706055,8.079999923706055,8.079999923706055,8.079999923706055,8.079999923706055,295.0
2024-03-01 12:58:00,CDNA,12.345000267028809,12.345000267028809,12.359999656677246,12.345000267028809,12.359999656677246,1197.0
2024-03-01 12:58:00,CDXS,4.480000019073486,4.480000019073486,4.489999771118164,4.480000019073486,4.489999771118164,402.0
2024-03-01 12:58:00,CERE,41.095001220703125,41.095001220703125,41.11000061035156,41.09000015258789,41.11000061035156,10935.0
2024-03-01 12:58:00,CERS,2.2300000190734863,2.2300000190734863,2.2300000190734863,2.2249999046325684,2.2300000190734863,1307.0
2024-03-01 12:58:00,CERT,17.895000457763672,17.895000457763672,17.909900665283203,17.895000457763672,17.899999618530273,3288.0
2024-03-01 12:58:00,CGC,3.265000104904175,3.265000104904175,3.2699999809265137,3.259999990463257,3.265000104904175,8743.0
2024-03-01 12:58:00,CGTX,2.009999990463257,2.009999990463257,2.0199999809265137,2.009999990463257,2.0199999809265137,501.0
2024-03-01 12:58:00,CHRS,2.4049999713897705,2.4049999713897705,2.4200000762939453,2.4049999713897705,2.4149999618530273,9985.0
2024-03-01 12:58:00,CING,1.3600000143051147,1.3600000143051147,1.3600000143051147,1.3600000143051147,1.3600000143051147,386.0
2024-03-01 12:58:00,CJJD,2.8949999809265137,2.8949999809265137,2.950000047683716,2.890000104904175,2.950000047683716,1147.0
2024-03-01 12:58:00,CLDX,50.56999969482422,50.56999969482422,50.689998626708984,50.459999084472656,50.689998626708984,6362.0
2024-03-01 12:58:00,CLNN,0.38749998807907104,0.38749998807907104,0.38749998807907104,0.38690000772476196,0.3874000012874603,1409.0
2024-03-01 12:58:00,CLOV,0.8690000176429749,0.8690000176429749,0.8691999912261963,0.8690000176429749,0.8691999912261963,44834.0
2024-03-01 12:58:00,CLRB,4.150000095367432,4.150000095367432,4.150000095367432,4.150000095367432,4.150000095367432,2278.0
2024-03-01 12:58:00,CMPS,11.4399995803833,11.4399995803833,11.479999542236328,11.4399995803833,11.479999542236328,780.0
2024-03-01 12:58:00,CMRX,1.1799999475479126,1.1799999475479126,1.1799999475479126,1.1699999570846558,1.1699999570846558,1326.0
2024-03-01 12:58:00,CNSP,0.3199000060558319,0.3199000060558319,0.3199000060558319,0.3199000060558319,0.3199000060558319,1000.0
2024-03-01 12:58:00,COGT,7.139999866485596,7.139999866485596,7.150000095367432,7.139999866485596,7.150000095367432,1548.0
2024-03-01 12:58:00,COLL,36.834999084472656,36.834999084472656,36.834999084472656,36.834999084472656,36.834999084472656,328.0
2024-03-01 12:58:00,CORT,24.270000457763672,24.270000457763672,24.280000686645508,24.270000457763672,24.280000686645508,1847.0
2024-03-01 12:58:00,CPRX,17.059999465942383,17.059999465942383,17.104999542236328,17.059999465942383,17.100000381469727,5292.0
2024-03-01 12:58:00,CRBU,7.940000057220459,7.940000057220459,7.945000171661377,7.940000057220459,7.945000171661377,2377.0
2024-03-01 12:58:00,CRDF,2.369999885559082,2.369999885559082,2.4000000953674316,2.369999885559082,2.3907999992370605,20081.0
2024-03-01 12:58:00,CRDL,1.9033000469207764,1.9033000469207764,1.9033000469207764,1.899999976158142,1.899999976158142,2779.0
2024-03-01 12:58:00,CRMD,3.7149999141693115,3.7149999141693115,3.7149999141693115,3.7149999141693115,3.7149999141693115,641.0
2024-03-01 12:58:00,CRNX,46.439998626708984,46.439998626708984,46.439998626708984,46.3849983215332,46.3849983215332,230.0
2024-03-01 12:58:00,CRON,2.065000057220459,2.065000057220459,2.065000057220459,2.065000057220459,2.065000057220459,3159.0
2024-03-01 12:58:00,CRSP,86.04000091552734,86.04000091552734,86.05799865722656,86.0199966430664,86.02999877929688,997.0
2024-03-01 12:58:00,CRVS,2.2300000190734863,2.2300000190734863,2.259999990463257,2.2300000190734863,2.259999990463257,1101.0
2024-03-01 12:58:00,CSTL,20.56999969482422,20.56999969482422,20.56999969482422,20.56999969482422,20.56999969482422,107.0
2024-03-01 12:58:00,CTKB,8.8100004196167,8.8100004196167,8.84000015258789,8.8100004196167,8.819999694824219,13612.0
2024-03-01 12:58:00,CTMX,2.7200000286102295,2.7200000286102295,2.7200000286102295,2.700000047683716,2.700000047683716,15562.0
2024-03-01 12:58:00,CUE,2.2200000286102295,2.2200000286102295,2.2200000286102295,2.2200000286102295,2.2200000286102295,335.0
2024-03-01 12:58:00,CUTR,2.427999973297119,2.427999973297119,2.430000066757202,2.427999973297119,2.430000066757202,623.0
2024-03-01 12:58:00,CVAC,3.5,3.5,3.5209999084472656,3.5,3.5209999084472656,16503.0
2024-03-01 12:58:00,CVRX,20.709999084472656,20.709999084472656,20.709999084472656,20.690000534057617,20.690000534057617,1191.0
2024-03-01 12:58:00,CYTK,73.31999969482422,73.31999969482422,73.37999725341797,73.31999969482422,73.36499786376953,4563.0
2024-03-01 12:58:00,CYTO,2.438499927520752,2.438499927520752,2.438499927520752,2.369999885559082,2.4200000762939453,4794.0
2024-03-01 12:58:00,DARE,0.5521000027656555,0.5521000027656555,0.5521000027656555,0.5521000027656555,0.5521000027656555,22518.0
2024-03-01 12:58:00,DAWN,17.469999313354492,17.469999313354492,17.469999313354492,17.469999313354492,17.469999313354492,607.0
2024-03-01 12:58:00,DCGO,4.159999847412109,4.159999847412109,4.168000221252441,4.139999866485596,4.150000095367432,10511.0
2024-03-01 12:58:00,DCPH,17.479999542236328,17.479999542236328,17.5,17.479999542236328,17.5,1099.0
2024-03-01 12:58:00,DH,8.75,8.75,8.75,8.75,8.75,269.0
2024-03-01 12:58:00,DMTK,0.859499990940094,0.859499990940094,0.8799989819526672,0.859499990940094,0.8798999786376953,3085.0
2024-03-01 12:58:00,DNLI,20.84000015258789,20.84000015258789,20.850000381469727,20.84000015258789,20.850000381469727,1126.0
2024-03-01 12:58:00,DRIO,2.0,2.0,2.0,2.0,2.0,101.0
2024-03-01 12:58:00,DSGN,2.9000000953674316,2.9000000953674316,2.9000000953674316,2.9000000953674316,2.9000000953674316,249.0
2024-03-01 12:58:00,DTIL,12.361100196838379,12.361100196838379,12.4399995803833,12.300000190734863,12.309900283813477,3334.0
2024-03-01 12:58:00,DVAX,12.895000457763672,12.895000457763672,12.899999618530273,12.895000457763672,12.899999618530273,1958.0
2024-03-01 12:58:00,DXCM,121.70500183105469,121.70500183105469,121.71990203857422,121.5999984741211,121.61499786376953,8083.0
2024-03-01 12:58:00,DYN,28.774999618530273,28.774999618530273,28.795000076293945,28.739999771118164,28.770000457763672,5209.0
2024-03-01 12:58:00,EDIT,10.8149995803833,10.8149995803833,10.84000015258789,10.8149995803833,10.84000015258789,2386.0
2024-03-01 12:58:00,EFTR,15.199999809265137,15.199999809265137,15.40999984741211,15.199999809265137,15.40999984741211,2260.0
2024-03-01 12:58:00,ELEV,5.079999923706055,5.079999923706055,5.079999923706055,5.039999961853027,5.059999942779541,1002.0
2024-03-01 12:58:00,EMBC,14.51200008392334,14.51200008392334,14.51200008392334,14.51200008392334,14.51200008392334,167.0
2024-03-01 12:58:00,ENTA,15.40999984741211,15.40999984741211,15.40999984741211,15.40999984741211,15.40999984741211,310.0
2024-03-01 12:58:00,ENVB,1.531000018119812,1.531000018119812,1.531000018119812,1.531000018119812,1.531000018119812,152.0
2024-03-01 12:58:00,EOLS,14.789999961853027,14.789999961853027,14.789999961853027,14.789999961853027,14.789999961853027,434.0
2024-03-01 12:58:00,ERAS,2.5350000858306885,2.5350000858306885,2.5350000858306885,2.5350000858306885,2.5350000858306885,254.0
2024-03-01 12:58:00,ESPR,2.5250000953674316,2.5250000953674316,2.5250000953674316,2.5250000953674316,2.5250000953674316,302.0
2024-03-01 12:58:00,ESTA,45.540000915527344,45.540000915527344,45.560001373291016,45.540000915527344,45.54999923706055,1531.0
2024-03-01 12:58:00,ETNB,13.265399932861328,13.265399932861328,13.265399932861328,13.260000228881836,13.260000228881836,626.0
2024-03-01 12:58:00,EWTX,17.09000015258789,17.09000015258789,17.1299991607666,17.09000015258789,17.1299991607666,1453.0
2024-03-01 12:58:00,EXAI,6.801000118255615,6.801000118255615,6.801000118255615,6.801000118255615,6.801000118255615,191.0
2024-03-01 12:58:00,EXAS,60.41999816894531,60.41999816894531,60.470001220703125,60.41999816894531,60.435001373291016,1354.0
2024-03-01 12:58:00,EXEL,22.510000228881836,22.510000228881836,22.510000228881836,22.510000228881836,22.510000228881836,100.0
2024-03-01 12:58:00,EYEN,2.4800000190734863,2.4800000190734863,2.490000009536743,2.4800000190734863,2.4800000190734863,8079.0
2024-03-01 12:58:00,EYPT,27.950000762939453,27.950000762939453,27.985000610351562,27.950000762939453,27.969999313354492,1964.0
2024-03-01 12:58:00,FATE,7.59499979019165,7.59499979019165,7.619999885559082,7.59499979019165,7.599999904632568,24958.0
2024-03-01 12:58:00,FBIO,2.341900110244751,2.341900110244751,2.341900110244751,2.341900110244751,2.341900110244751,112.0
2024-03-01 12:58:00,FDMT,29.315000534057617,29.315000534057617,29.315000534057617,29.315000534057617,29.315000534057617,100.0
2024-03-01 12:58:00,FGEN,1.8700000047683716,1.8700000047683716,1.875,1.8700000047683716,1.875,4431.0
2024-03-01 12:58:00,FIXX,0.9300000071525574,0.9300000071525574,0.9300000071525574,0.9259629845619202,0.9300000071525574,1769.0
2024-03-01 12:58:00,FOLD,13.345000267028809,13.345000267028809,13.345000267028809,13.345000267028809,13.345000267028809,834.0
2024-03-01 12:58:00,FULC,10.890000343322754,10.890000343322754,10.899999618530273,10.84000015258789,10.850000381469727,10916.0
2024-03-01 12:58:00,FUSN,12.364999771118164,12.364999771118164,12.380000114440918,12.364999771118164,12.369999885559082,3886.0
2024-03-01 12:58:00,GANX,4.650000095367432,4.650000095367432,4.650000095367432,4.650000095367432,4.650000095367432,372.0
2024-03-01 12:58:00,GBIO,2.6449999809265137,2.6449999809265137,2.6482999324798584,2.6449999809265137,2.6482999324798584,600.0
2024-03-01 12:58:00,GDRX,8.225000381469727,8.225000381469727,8.229999542236328,8.225000381469727,8.225000381469727,3443.0
2024-03-01 12:58:00,GERN,2.2300000190734863,2.2300000190734863,2.2300000190734863,2.2200000286102295,2.2300000190734863,6207.0
2024-03-01 12:58:00,GH,19.200000762939453,19.200000762939453,19.21500015258789,19.200000762939453,19.209999084472656,1891.0
2024-03-01 12:58:00,GILD,72.22000122070312,72.22000122070312,72.25499725341797,72.21499633789062,72.21499633789062,18662.0
2024-03-01 12:58:00,GLPG,35.20500183105469,35.20500183105469,35.20500183105469,35.20500183105469,35.20500183105469,447.0
2024-03-01 12:58:00,GLTO,0.75,0.75,0.75,0.75,0.75,1000.0
2024-03-01 12:58:00,GMAB,29.350000381469727,29.350000381469727,29.350000381469727,29.350000381469727,29.350000381469727,100.0
2024-03-01 12:58:00,GOSS,1.3849999904632568,1.3849999904632568,1.4049999713897705,1.3849999904632568,1.399999976158142,45893.0
2024-03-01 12:58:00,GRFS,7.079999923706055,7.079999923706055,7.079999923706055,7.079999923706055,7.079999923706055,126.0
2024-03-01 12:58:00,GRPH,3.494999885559082,3.494999885559082,3.494999885559082,3.494999885559082,3.494999885559082,100.0
2024-03-01 12:58:00,GRTS,2.1449999809265137,2.1449999809265137,2.1449999809265137,2.140000104904175,2.140000104904175,729.0
2024-03-01 12:58:00,GTHX,3.75,3.75,3.75,3.745300054550171,3.745300054550171,6316.0
2024-03-01 12:58:00,HALO,41.5099983215332,41.5099983215332,41.52000045776367,41.5099983215332,41.52000045776367,883.0
2024-03-01 12:58:00,HCAT,8.03499984741211,8.03499984741211,8.050000190734863,8.03499984741211,8.039999961853027,1450.0
2024-03-01 12:58:00,HCSG,12.645000457763672,12.645000457763672,12.65999984741211,12.645000457763672,12.65999984741211,1409.0
2024-03-01 12:58:00,HCTI,2.4800000190734863,2.4800000190734863,2.5281999111175537,2.4800000190734863,2.5274999141693115,2300.0
2024-03-01 12:58:00,HLVX,19.350000381469727,19.350000381469727,19.350000381469727,19.350000381469727,19.350000381469727,200.0
2024-03-01 12:58:00,HOLX,74.04000091552734,74.04000091552734,74.05999755859375,74.0199966430664,74.0199966430664,4180.0
2024-03-01 12:58:00,HOOK,0.7710999846458435,0.7710999846458435,0.7804999947547913,0.7710999846458435,0.7804999947547913,4021.0
2024-03-01 12:58:00,HQY,81.72250366210938,81.72250366210938,81.7249984741211,81.72250366210938,81.7249984741211,532.0
2024-03-01 12:58:00,HRMY,31.530000686645508,31.530000686645508,31.559999465942383,31.530000686645508,31.559999465942383,682.0
2024-03-01 12:58:00,HROW,10.88070011138916,10.88070011138916,10.88070011138916,10.88070011138916,10.88070011138916,795.0
2024-03-01 12:58:00,HRTX,2.5950000286102295,2.5950000286102295,2.617500066757202,2.5899999141693115,2.609999895095825,23978.0
2024-03-01 12:58:00,HSIC,76.94499969482422,76.94499969482422,76.95999908447266,76.93000030517578,76.95999908447266,1882.0
2024-03-01 12:58:00,HUMA,3.4700000286102295,3.4700000286102295,3.4700000286102295,3.4600000381469727,3.4649999141693115,11506.0
2024-03-01 12:58:00,IART,36.63999938964844,36.63999938964844,36.66999816894531,36.63999938964844,36.650001525878906,4257.0
2024-03-01 12:58:00,IBRX,4.780099868774414,4.780099868774414,4.795000076293945,4.780099868774414,4.795000076293945,7081.0
2024-03-01 12:58:00,ICLR,322.8500061035156,322.8500061035156,322.8500061035156,322.8500061035156,322.8500061035156,490.0
2024-03-01 12:58:00,ICUI,104.6500015258789,104.6500015258789,104.6500015258789,104.6500015258789,104.6500015258789,332.0
2024-03-01 12:58:00,IDXX,582.885009765625,582.885009765625,582.885009765625,582.885009765625,582.885009765625,229.0
2024-03-01 12:58:00,IGMS,13.460000038146973,13.460000038146973,13.460000038146973,13.449999809265137,13.460000038146973,691.0
2024-03-01 12:58:00,IMAB,1.8300000429153442,1.8300000429153442,1.8300000429153442,1.8300000429153442,1.8300000429153442,245.0
2024-03-01 12:58:00,IMMX,3.565000057220459,3.565000057220459,3.565000057220459,3.565000057220459,3.565000057220459,100.0
2024-03-01 12:58:00,IMTX,13.0,13.0,13.0,13.0,13.0,281.0
2024-03-01 12:58:00,IMUX,1.48989999294281,1.48989999294281,1.4900000095367432,1.4850000143051147,1.4900000095367432,4543.0
2024-03-01 12:58:00,IMVT,36.38999938964844,36.38999938964844,36.400001525878906,36.349998474121094,36.349998474121094,2973.0
2024-03-01 12:58:00,INBX,36.58000183105469,36.58000183105469,36.6150016784668,36.58000183105469,36.6150016784668,667.0
2024-03-01 12:58:00,INCY,59.279998779296875,59.279998779296875,59.31999969482422,59.279998779296875,59.31999969482422,1152.0
2024-03-01 12:58:00,INGN,6.809999942779541,6.809999942779541,6.809999942779541,6.800000190734863,6.800000190734863,433.0
2024-03-01 12:58:00,INMB,12.40999984741211,12.40999984741211,12.40999984741211,12.40999984741211,12.40999984741211,120.0
2024-03-01 12:58:00,INMD,22.860000610351562,22.860000610351562,22.860000610351562,22.857999801635742,22.857999801635742,1674.0
2024-03-01 12:58:00,INNV,4.829999923706055,4.829999923706055,4.940000057220459,4.829999923706055,4.909999847412109,13884.0
2024-03-01 12:58:00,INZY,6.690000057220459,6.690000057220459,6.715000152587891,6.690000057220459,6.695000171661377,5227.0
2024-03-01 12:58:00,IONS,45.8650016784668,45.8650016784668,45.900001525878906,45.86000061035156,45.869998931884766,1627.0
2024-03-01 12:58:00,IOVA,16.81999969482422,16.81999969482422,16.84000015258789,16.815000534057617,16.81999969482422,11789.0
2024-03-01 12:58:00,IRIX,2.6201000213623047,2.6201000213623047,2.6201000213623047,2.6201000213623047,2.6201000213623047,1128.0
2024-03-01 12:58:00,IRMD,41.974998474121094,41.974998474121094,41.974998474121094,41.974998474121094,41.974998474121094,464.0
2024-03-01 12:58:00,IRTC,121.5999984741211,121.5999984741211,121.5999984741211,121.5999984741211,121.5999984741211,466.0
2024-03-01 12:58:00,IRWD,9.125,9.125,9.126299858093262,9.119999885559082,9.119999885559082,2820.0
2024-03-01 12:58:00,ISRG,395.67498779296875,395.67498779296875,395.75,395.67498779296875,395.7300109863281,1474.0
2024-03-01 12:58:00,ITCI,71.45999908447266,71.45999908447266,71.46399688720703,71.45999908447266,71.46399688720703,1081.0
2024-03-01 12:58:00,ITOS,11.050000190734863,11.050000190734863,11.050000190734863,10.970000267028809,10.970000267028809,632.0
2024-03-01 12:58:00,ITRM,1.25,1.25,1.25,1.25,1.25,4456.0
2024-03-01 12:58:00,IXHL,5.460000038146973,5.460000038146973,5.460000038146973,5.460000038146973,5.460000038146973,344.0
2024-03-01 12:58:00,JAGX,0.07320000231266022,0.07320000231266022,0.0737999975681305,0.07320000231266022,0.07320000231266022,92864.0
2024-03-01 12:58:00,JANX,46.420101165771484,46.420101165771484,46.420101165771484,46.420101165771484,46.420101165771484,519.0
2024-03-01 12:58:00,JAZZ,119.05999755859375,119.05999755859375,119.37000274658203,119.05999755859375,119.37000274658203,1467.0
2024-03-01 12:58:00,JSPR,20.899999618530273,20.899999618530273,20.9375,20.850000381469727,20.9375,675.0
2024-03-01 12:58:00,JYNT,9.970000267028809,9.970000267028809,9.970000267028809,9.970000267028809,9.970000267028809,440.0
2024-03-01 12:58:00,KALV,14.039999961853027,14.039999961853027,14.039999961853027,14.039999961853027,14.039999961853027,260.0
2024-03-01 12:58:00,KNSA,21.760000228881836,21.760000228881836,21.78499984741211,21.760000228881836,21.78499984741211,1275.0
2024-03-01 12:58:00,KNTE,2.5999999046325684,2.5999999046325684,2.5999999046325684,2.5999999046325684,2.5999999046325684,400.0
2024-03-01 12:58:00,KOD,6.119999885559082,6.119999885559082,6.119999885559082,6.119999885559082,6.119999885559082,308.0
2024-03-01 12:58:00,KPRX,0.6593000292778015,0.6593000292778015,0.6593000292778015,0.6500999927520752,0.6500999927520752,1000.0
2024-03-01 12:58:00,KPTI,1.2020000219345093,1.2020000219345093,1.2050000429153442,1.2020000219345093,1.2050000429153442,1540.0
2024-03-01 12:58:00,KRBP,2.359999895095825,2.359999895095825,2.359999895095825,2.359999895095825,2.359999895095825,425.0
2024-03-01 12:58:00,KRTX,316.94500732421875,316.94500732421875,316.95001220703125,316.94000244140625,316.95001220703125,3405.0
2024-03-01 12:58:00,KURA,21.149999618530273,21.149999618530273,21.149999618530273,21.139999389648438,21.139999389648438,572.0
2024-03-01 12:58:00,KYMR,44.10499954223633,44.10499954223633,44.125,44.06999969482422,44.125,1448.0
2024-03-01 12:58:00,LAB,2.5199999809265137,2.5199999809265137,2.5199999809265137,2.515000104904175,2.5199999809265137,577.0
2024-03-01 12:58:00,LBPH,22.03499984741211,22.03499984741211,22.03499984741211,22.030000686645508,22.030000686645508,257.0
2024-03-01 12:58:00,LFMD,8.0,8.0,8.010000228881836,7.989999771118164,7.989999771118164,600.0
2024-03-01 12:58:00,LFST,7.755000114440918,7.755000114440918,7.7600998878479,7.755000114440918,7.7600998878479,2377.0
2024-03-01 12:58:00,LGND,78.29000091552734,78.29000091552734,78.29000091552734,78.29000091552734,78.29000091552734,212.0
2024-03-01 12:58:00,LIAN,4.869999885559082,4.869999885559082,4.869999885559082,4.864999771118164,4.864999771118164,2006.0
2024-03-01 12:58:00,LIFE,1.940000057220459,1.940000057220459,1.940000057220459,1.940000057220459,1.940000057220459,352.0
2024-03-01 12:58:00,LIVN,55.7599983215332,55.7599983215332,55.7599983215332,55.7599983215332,55.7599983215332,227.0
2024-03-01 12:58:00,LMAT,67.2699966430664,67.2699966430664,67.2699966430664,67.0199966430664,67.0199966430664,791.0
2024-03-01 12:58:00,LNTH,65.44999694824219,65.44999694824219,65.59500122070312,65.44999694824219,65.59500122070312,1797.0
2024-03-01 12:58:00,LPTX,2.9200000762939453,2.9200000762939453,2.9200000762939453,2.9200000762939453,2.9200000762939453,540.0
2024-03-01 12:58:00,LTRN,4.554999828338623,4.554999828338623,4.579999923706055,4.554999828338623,4.579999923706055,734.0
2024-03-01 12:58:00,LUNG,9.420000076293945,9.420000076293945,9.430000305175781,9.420000076293945,9.430000305175781,797.0
2024-03-01 12:58:00,LVTX,3.015000104904175,3.015000104904175,3.029900074005127,3.015000104904175,3.015000104904175,2000.0
2024-03-01 12:58:00,LXRX,2.515000104904175,2.515000104904175,2.5199999809265137,2.510999917984009,2.5199999809265137,20512.0
2024-03-01 12:58:00,LYEL,3.1549999713897705,3.1549999713897705,3.1549999713897705,3.1549999713897705,3.1549999713897705,568.0
2024-03-01 12:58:00,LYRA,5.690000057220459,5.690000057220459,5.690000057220459,5.659999847412109,5.659999847412109,1355.0
2024-03-01 12:58:00,MACK,14.720000267028809,14.720000267028809,14.720000267028809,14.720000267028809,14.720000267028809,123.0
2024-03-01 12:58:00,MASI,128.18499755859375,128.18499755859375,128.18499755859375,128.18499755859375,128.18499755859375,194.0
2024-03-01 12:58:00,MBOT,1.3049999475479126,1.3049999475479126,1.309999942779541,1.3049999475479126,1.309999942779541,1741.0
2024-03-01 12:58:00,MCRB,1.2000000476837158,1.2000000476837158,1.2043999433517456,1.2000000476837158,1.2000000476837158,1330.0
2024-03-01 12:58:00,MDGL,250.46499633789062,250.46499633789062,250.98989868164062,250.46499633789062,250.98989868164062,320.0
2024-03-01 12:58:00,MDRX,6.050000190734863,6.050000190734863,6.099999904632568,6.050000190734863,6.099999904632568,6612.0
2024-03-01 12:58:00,MDXG,8.720000267028809,8.720000267028809,8.729999542236328,8.720000267028809,8.725000381469727,6082.0
2024-03-01 12:58:00,ME,0.5742499828338623,0.5742499828338623,0.5758000016212463,0.5737000107765198,0.5758000016212463,7936.0
2024-03-01 12:58:00,MEDP,401.05999755859375,401.05999755859375,401.05999755859375,401.05999755859375,401.05999755859375,207.0
2024-03-01 12:58:00,MLTX,51.630001068115234,51.630001068115234,51.630001068115234,51.630001068115234,51.630001068115234,318.0
2024-03-01 12:58:00,MMSI,76.5,76.5,76.6500015258789,76.45999908447266,76.6500015258789,1348.0
2024-03-01 12:58:00,MNKD,4.525000095367432,4.525000095367432,4.525000095367432,4.525000095367432,4.525000095367432,538.0
2024-03-01 12:58:00,MNMD,6.139999866485596,6.139999866485596,6.139999866485596,6.139900207519531,6.139900207519531,892.0
2024-03-01 12:58:00,MNPR,0.8391939997673035,0.8391939997673035,0.8391939997673035,0.8391939997673035,0.8391939997673035,550.0
2024-03-01 12:58:00,MODD,1.9199999570846558,1.9199999570846558,1.9199999570846558,1.9199999570846558,1.9199999570846558,200.0
2024-03-01 12:58:00,MODV,28.010000228881836,28.010000228881836,28.020000457763672,28.010000228881836,28.020000457763672,478.0
2024-03-01 12:58:00,MOTS,0.6798989772796631,0.6798989772796631,0.6798989772796631,0.6798989772796631,0.6798989772796631,110.0
2024-03-01 12:58:00,MREO,3.884999990463257,3.884999990463257,3.8882999420166016,3.884999990463257,3.8882999420166016,1100.0
2024-03-01 12:58:00,MRNA,96.6500015258789,96.6500015258789,96.66999816894531,96.6500015258789,96.66999816894531,603.0
2024-03-01 12:58:00,MRNS,10.180000305175781,10.180000305175781,10.180000305175781,10.109999656677246,10.135000228881836,5365.0
2024-03-01 12:58:00,MRSN,5.974999904632568,5.974999904632568,5.989999771118164,5.960000038146973,5.980000019073486,6955.0
2024-03-01 12:58:00,MRUS,51.650001525878906,51.650001525878906,51.75,51.650001525878906,51.75,1873.0
2024-03-01 12:58:00,MRVI,7.804999828338623,7.804999828338623,7.809999942779541,7.804999828338623,7.809999942779541,719.0
2024-03-01 12:58:00,MXCT,4.760000228881836,4.760000228881836,4.764999866485596,4.760000228881836,4.764999866485596,384.0
2024-03-01 12:58:00,NARI,45.130001068115234,45.130001068115234,45.189998626708984,45.130001068115234,45.16299819946289,4468.0
2024-03-01 12:58:00,NAUT,2.6600000858306885,2.6600000858306885,2.6600000858306885,2.6600000858306885,2.6600000858306885,100.0
2024-03-01 12:58:00,NBIX,131.00469970703125,131.00469970703125,131.02000427246094,130.99000549316406,131.02000427246094,1925.0
2024-03-01 12:58:00,NEO,16.1200008392334,16.1200008392334,16.1200008392334,16.110000610351562,16.1200008392334,523.0
2024-03-01 12:58:00,NEOG,17.354999542236328,17.354999542236328,17.354999542236328,17.354999542236328,17.354999542236328,530.0
2024-03-01 12:58:00,NGM,1.5299999713897705,1.5299999713897705,1.5299999713897705,1.5299999713897705,1.5299999713897705,100.0
2024-03-01 12:58:00,NKTR,0.789900004863739,0.789900004863739,0.789900004863739,0.7896999716758728,0.789900004863739,900.0
2024-03-01 12:58:00,NKTX,12.800000190734863,12.800000190734863,12.836199760437012,12.800000190734863,12.836199760437012,951.0
2024-03-01 12:58:00,NNOX,11.041500091552734,11.041500091552734,11.100000381469727,11.041500091552734,11.100000381469727,22769.0
2024-03-01 12:58:00,NOTV,8.125,8.125,8.125,8.109999656677246,8.109999656677246,747.0
2024-03-01 12:58:00,NRC,40.65999984741211,40.65999984741211,40.65999984741211,40.65999984741211,40.65999984741211,420.0
2024-03-01 12:58:00,NRSN,2.0250000953674316,2.0250000953674316,2.049999952316284,2.0250000953674316,2.049999952316284,977.0
2024-03-01 12:58:00,NTLA,33.47990036010742,33.47990036010742,33.47990036010742,33.459999084472656,33.470001220703125,1985.0
2024-03-01 12:58:00,NTRA,89.31500244140625,89.31500244140625,89.31500244140625,89.31500244140625,89.31500244140625,441.0
2024-03-01 12:58:00,NUTX,0.11330000311136246,0.11330000311136246,0.11330000311136246,0.11330000311136246,0.11330000311136246,101.0
2024-03-01 12:58:00,NUVL,88.7699966430664,88.7699966430664,88.7699966430664,88.7699966430664,88.7699966430664,380.0
2024-03-01 12:58:00,NVAX,5.159999847412109,5.159999847412109,5.170000076293945,5.159999847412109,5.170000076293945,4015.0
2024-03-01 12:58:00,NVCR,16.059999465942383,16.059999465942383,16.059999465942383,16.059999465942383,16.059999465942383,221.0
2024-03-01 12:58:00,NXTC,1.7699999809265137,1.7699999809265137,1.7699999809265137,1.7699999809265137,1.7699999809265137,162.0
2024-03-01 12:58:00,OCGN,0.9415000081062317,0.9415000081062317,0.9450500011444092,0.9415000081062317,0.9450500011444092,472.0
2024-03-01 12:58:00,OCUL,10.824999809265137,10.824999809265137,10.829999923706055,10.819999694824219,10.819999694824219,3492.0
2024-03-01 12:58:00,OGI,2.2149999141693115,2.2149999141693115,2.2167999744415283,2.2149999141693115,2.2167999744415283,762.0
2024-03-01 12:58:00,OLMA,14.760000228881836,14.760000228881836,14.760000228881836,14.720000267028809,14.720000267028809,326.0
2024-03-01 12:58:00,OM,3.1500000953674316,3.1500000953674316,3.1500000953674316,3.1500000953674316,3.1500000953674316,529.0
2024-03-01 12:58:00,OMCL,26.479999542236328,26.479999542236328,26.5049991607666,26.479999542236328,26.5049991607666,503.0
2024-03-01 12:58:00,OMER,4.77269983291626,4.77269983291626,4.77269983291626,4.77269983291626,4.77269983291626,201.0
2024-03-01 12:58:00,OMGA,4.190000057220459,4.190000057220459,4.190000057220459,4.180600166320801,4.180600166320801,1567.0
2024-03-01 12:59:00,AADI,1.9900000095367432,1.9900000095367432,1.9900000095367432,1.9800000190734863,1.9900000095367432,1094.0
2024-03-01 12:59:00,ABCL,5.25,5.25,5.255000114440918,5.25,5.255000114440918,1580.0
2024-03-01 12:59:00,ABSI,5.25,5.25,5.25,5.239999771118164,5.239999771118164,351.0
2024-03-01 12:59:00,ABUS,2.7750000953674316,2.7750000953674316,2.7799999713897705,2.7750000953674316,2.7799999713897705,1412.0
2024-03-01 12:59:00,ACAD,24.489999771118164,24.489999771118164,24.5,24.489999771118164,24.489999771118164,1222.0
2024-03-01 12:59:00,ACB,3.200000047683716,3.200000047683716,3.2249999046325684,3.200000047683716,3.2149999141693115,23816.0
2024-03-01 12:59:00,ACCD,10.239999771118164,10.239999771118164,10.239999771118164,10.239999771118164,10.239999771118164,647.0
2024-03-01 12:59:00,ACET,2.4049999713897705,2.4049999713897705,2.4049999713897705,2.4049999713897705,2.4049999713897705,272.0
2024-03-01 12:59:00,ACHC,84.54499816894531,84.54499816894531,84.62000274658203,84.48999786376953,84.62000274658203,4234.0
2024-03-01 12:59:00,ACHL,1.3401000499725342,1.3401000499725342,1.3401000499725342,1.3401000499725342,1.3401000499725342,5000.0
2024-03-01 12:59:00,ACHV,4.329999923706055,4.329999923706055,4.329999923706055,4.329999923706055,4.329999923706055,490.0
2024-03-01 12:59:00,ACIU,3.9193999767303467,3.9193999767303467,3.9193999767303467,3.9193999767303467,3.9193999767303467,1000.0
2024-03-01 12:59:00,ACLX,66.86000061035156,66.86000061035156,66.87000274658203,66.86000061035156,66.87000274658203,723.0
2024-03-01 12:59:00,ACRS,1.2400000095367432,1.2400000095367432,1.2400000095367432,1.2300000190734863,1.2350000143051147,1552.0
2024-03-01 12:59:00,ACXP,3.140000104904175,3.140000104904175,3.1500000953674316,3.140000104904175,3.1500000953674316,210.0
2024-03-01 12:59:00,ADAP,1.6019999980926514,1.6019999980926514,1.6100000143051147,1.6019999980926514,1.6100000143051147,1687.0
2024-03-01 12:59:00,ADIL,3.0792999267578125,3.0792999267578125,3.0799999237060547,3.0525999069213867,3.0678000450134277,36766.0
2024-03-01 12:59:00,ADMA,5.454999923706055,5.454999923706055,5.454999923706055,5.449999809265137,5.449999809265137,2282.0
2024-03-01 12:59:00,ADPT,4.204999923706055,4.204999923706055,4.204999923706055,4.204999923706055,4.204999923706055,415.0
2024-03-01 12:59:00,ADVM,1.975000023841858,1.975000023841858,1.975000023841858,1.975000023841858,1.975000023841858,193.0
2024-03-01 12:59:00,AFMD,0.6389999985694885,0.6389999985694885,0.6389999985694885,0.6389999985694885,0.6389999985694885,100.0
2024-03-01 12:59:00,AGEN,0.6790000200271606,0.6790000200271606,0.6800000071525574,0.6772000193595886,0.6800000071525574,152532.0
2024-03-01 12:59:00,AGIO,32.904998779296875,32.904998779296875,32.904998779296875,32.904998779296875,32.904998779296875,470.0
2024-03-01 12:59:00,AHCO,10.699999809265137,10.699999809265137,10.699999809265137,10.649999618530273,10.65999984741211,8700.0
2024-03-01 12:59:00,AIRS,6.510000228881836,6.510000228881836,6.510000228881836,6.489999771118164,6.489999771118164,320.0
2024-03-01 12:59:00,AKBA,1.684999942779541,1.684999942779541,1.690000057220459,1.684999942779541,1.690000057220459,6370.0
2024-03-01 12:59:00,AKRO,29.78499984741211,29.78499984741211,29.799999237060547,29.78499984741211,29.799999237060547,1007.0
2024-03-01 12:59:00,ALDX,4.164100170135498,4.164100170135498,4.170000076293945,4.164100170135498,4.170000076293945,2069.0
2024-03-01 12:59:00,ALEC,7.360000133514404,7.360000133514404,7.369999885559082,7.360000133514404,7.369999885559082,3009.0
2024-03-01 12:59:00,ALGN,304.2349853515625,304.2349853515625,304.3599853515625,304.2349853515625,304.3599853515625,355.0
2024-03-01 12:59:00,ALGS,1.1089999675750732,1.1089999675750732,1.1089999675750732,1.100000023841858,1.100000023841858,4766.0
2024-03-01 12:59:00,ALHC,5.704999923706055,5.704999923706055,5.712500095367432,5.702499866485596,5.710000038146973,669.0
2024-03-01 12:59:00,ALKS,30.18000030517578,30.18000030517578,30.184999465942383,30.18000030517578,30.184999465942383,2549.0
2024-03-01 12:59:00,ALLK,1.600000023841858,1.600000023841858,1.600000023841858,1.600000023841858,1.600000023841858,150.0
2024-03-01 12:59:00,ALLO,5.039999961853027,5.039999961853027,5.050000190734863,5.039999961853027,5.050000190734863,5086.0
2024-03-01 12:59:00,ALNY,154.60000610351562,154.60000610351562,154.6999969482422,154.5749969482422,154.6999969482422,1691.0
2024-03-01 12:59:00,ALPN,35.779998779296875,35.779998779296875,35.81999969482422,35.779998779296875,35.81999969482422,1457.0
2024-03-01 12:59:00,ALT,12.05150032043457,12.05150032043457,12.0600004196167,12.029999732971191,12.029999732971191,2380.0
2024-03-01 12:59:00,ALVO,15.720000267028809,15.720000267028809,15.720000267028809,15.720000267028809,15.720000267028809,1267.0
2024-03-01 12:59:00,ALVR,0.7556999921798706,0.7556999921798706,0.7556999921798706,0.7556999921798706,0.7556999921798706,228.0
2024-03-01 12:59:00,AMED,93.31999969482422,93.31999969482422,93.31999969482422,93.31999969482422,93.31999969482422,633.0
2024-03-01 12:59:00,AMGN,281.1099853515625,281.1099853515625,281.1700134277344,281.1099853515625,281.1700134277344,2267.0
2024-03-01 12:59:00,AMLX,18.799999237060547,18.799999237060547,18.809900283813477,18.799999237060547,18.809900283813477,300.0
2024-03-01 12:59:00,AMPH,45.34000015258789,45.34000015258789,45.3400993347168,45.34000015258789,45.3400993347168,974.0
2024-03-01 12:59:00,AMRN,1.0499999523162842,1.0499999523162842,1.0549999475479126,1.0499999523162842,1.0549999475479126,3793.0
2024-03-01 12:59:00,ANAB,25.43000030517578,25.43000030517578,25.43000030517578,25.43000030517578,25.43000030517578,1355.0
2024-03-01 12:59:00,ANIK,24.889999389648438,24.889999389648438,24.920000076293945,24.889999389648438,24.920000076293945,776.0
2024-03-01 12:59:00,ANNX,6.135000228881836,6.135000228881836,6.139999866485596,6.130000114440918,6.137199878692627,8114.0
2024-03-01 12:59:00,APLS,64.68000030517578,64.68000030517578,64.70999908447266,64.66999816894531,64.70999908447266,4537.0
2024-03-01 12:59:00,APVO,0.16619999706745148,0.16619999706745148,0.16619999706745148,0.16619999706745148,0.16619999706745148,470.0
2024-03-01 12:59:00,ARCT,39.959999084472656,39.959999084472656,39.959999084472656,39.93000030517578,39.93000030517578,2235.0
2024-03-01 12:59:00,ARDX,9.585000038146973,9.585000038146973,9.59000015258789,9.579999923706055,9.585000038146973,7061.0
2024-03-01 12:59:00,ARQT,11.800000190734863,11.800000190734863,11.800000190734863,11.760000228881836,11.782400131225586,48831.0
2024-03-01 12:59:00,ARVN,49.189998626708984,49.189998626708984,49.279998779296875,49.189998626708984,49.2599983215332,2104.0
2024-03-01 12:59:00,ARWR,35.79990005493164,35.79990005493164,35.84000015258789,35.750099182128906,35.810001373291016,2268.0
2024-03-01 12:59:00,ASND,151.6999969482422,151.6999969482422,151.6999969482422,151.6999969482422,151.6999969482422,132.0
2024-03-01 12:59:00,ASRT,0.9298999905586243,0.9298999905586243,0.9298999905586243,0.920199990272522,0.920199990272522,203.0
2024-03-01 12:59:00,ATAI,2.130000114440918,2.130000114440918,2.130000114440918,2.130000114440918,2.130000114440918,416.0
2024-03-01 12:59:00,ATEC,13.539999961853027,13.539999961853027,13.539999961853027,13.529999732971191,13.529999732971191,2367.0
2024-03-01 12:59:00,ATOS,1.0199999809265137,1.0199999809265137,1.0199999809265137,1.0149999856948853,1.0149999856948853,500.0
2024-03-01 12:59:00,ATRA,0.7900999784469604,0.7900999784469604,0.7943999767303467,0.7900000214576721,0.7900000214576721,1220.0
2024-03-01 12:59:00,ATRC,36.150001525878906,36.150001525878906,36.150001525878906,36.150001525878906,36.150001525878906,206.0
2024-03-01 12:59:00,ATXS,14.720000267028809,14.720000267028809,14.75,14.720000267028809,14.75,1224.0
2024-03-01 12:59:00,AUPH,5.860000133514404,5.860000133514404,5.860000133514404,5.860000133514404,5.860000133514404,1569.0
2024-03-01 12:59:00,AURA,9.369999885559082,9.369999885559082,9.369999885559082,9.369999885559082,9.369999885559082,515.0
2024-03-01 12:59:00,AVIR,4.539999961853027,4.539999961853027,4.539999961853027,4.539999961853027,4.539999961853027,1917.0
2024-03-01 12:59:00,AVRO,1.350000023841858,1.350000023841858,1.350000023841858,1.350000023841858,1.350000023841858,887.0
2024-03-01 12:59:00,AVXL,5.389999866485596,5.389999866485596,5.389999866485596,5.389999866485596,5.389999866485596,219.0
2024-03-01 12:59:00,AXSM,82.2699966430664,82.2699966430664,82.33999633789062,82.26000213623047,82.33999633789062,725.0
2024-03-01 12:59:00,AZN,64.68000030517578,64.68000030517578,64.69499969482422,64.66999816894531,64.69499969482422,4968.0
2024-03-01 12:59:00,AZTA,67.0999984741211,67.0999984741211,67.0999984741211,67.0999984741211,67.0999984741211,575.0
2024-03-01 12:59:00,BBIO,36.08000183105469,36.08000183105469,36.154998779296875,36.08000183105469,36.154998779296875,3137.0
2024-03-01 12:59:00,BBLG,2.5999999046325684,2.5999999046325684,2.6080000400543213,2.5999999046325684,2.6080000400543213,4380.0
2024-03-01 12:59:00,BCAB,2.75,2.75,2.75,2.744999885559082,2.744999885559082,1337.0
2024-03-01 12:59:00,BCEL,0.2651999890804291,0.2651999890804291,0.2651999890804291,0.2651999890804291,0.2651999890804291,194.0
2024-03-01 12:59:00,BCRX,5.75,5.75,5.769999980926514,5.75,5.764999866485596,15269.0
2024-03-01 12:59:00,BCYC,25.969999313354492,25.969999313354492,25.969999313354492,25.969999313354492,25.969999313354492,115.0
2024-03-01 12:59:00,BDTX,4.989999771118164,4.989999771118164,5.019999980926514,4.989999771118164,5.019999980926514,3496.0
2024-03-01 12:59:00,BEAM,40.07590103149414,40.07590103149414,40.099998474121094,40.07500076293945,40.099998474121094,1615.0
2024-03-01 12:59:00,BGNE,166.6649932861328,166.6649932861328,166.6699981689453,166.63999938964844,166.63999938964844,377.0
2024-03-01 12:59:00,BIIB,221.0800018310547,221.0800018310547,221.1199951171875,221.0800018310547,221.1199951171875,1616.0
2024-03-01 12:59:00,BIOL,0.1371999979019165,0.1371999979019165,0.1371999979019165,0.1371999979019165,0.1371999979019165,10000.0
2024-03-01 12:59:00,BIOR,1.1399999856948853,1.1399999856948853,1.149999976158142,1.1399999856948853,1.149999976158142,1048.0
2024-03-01 12:59:00,BIVI,1.8007999658584595,1.8007999658584595,1.850000023841858,1.7999999523162842,1.840000033378601,91886.0
2024-03-01 12:59:00,BLUE,1.600000023841858,1.600000023841858,1.600000023841858,1.590000033378601,1.5950000286102295,5614.0
2024-03-01 12:59:00,BMEA,18.190000534057617,18.190000534057617,18.209999084472656,18.190000534057617,18.209999084472656,1200.0
2024-03-01 12:59:00,BMRA,1.190000057220459,1.190000057220459,1.190000057220459,1.190000057220459,1.190000057220459,210.0
2024-03-01 12:59:00,BMRN,87.37999725341797,87.37999725341797,87.37999725341797,87.33999633789062,87.36000061035156,1262.0
2024-03-01 12:59:00,BNR,0.8216000199317932,0.8216000199317932,0.8241000175476074,0.8216000199317932,0.8241000175476074,341.0
2024-03-01 12:59:00,BNTX,91.65499877929688,91.65499877929688,91.65499877929688,91.5999984741211,91.5999984741211,394.0
2024-03-01 12:59:00,BPMC,97.0999984741211,97.0999984741211,97.1500015258789,97.05000305175781,97.1500015258789,716.0
2024-03-01 12:59:00,BRKR,88.30000305175781,88.30000305175781,88.30000305175781,88.29000091552734,88.30000305175781,679.0
2024-03-01 12:59:00,BSGM,0.6230999827384949,0.6230999827384949,0.6230999827384949,0.6230999827384949,0.6230999827384949,999.0
2024-03-01 12:59:00,BTTX,0.17710000276565552,0.17710000276565552,0.17800000309944153,0.17710000276565552,0.17720000445842743,6022.0
2024-03-01 12:59:00,BWAY,6.53000020980835,6.53000020980835,6.53000020980835,6.53000020980835,6.53000020980835,201.0
2024-03-01 12:59:00,CABA,24.06999969482422,24.06999969482422,24.06999969482422,24.059999465942383,24.059999465942383,1189.0
2024-03-01 12:59:00,CAPR,4.539999961853027,4.539999961853027,4.570000171661377,4.53000020980835,4.53000020980835,5895.0
2024-03-01 12:59:00,CARA,0.9384999871253967,0.9384999871253967,0.9384999871253967,0.9384999871253967,0.9384999871253967,530.0
2024-03-01 12:59:00,CBAY,32.2400016784668,32.2400016784668,32.2400016784668,32.22999954223633,32.22999954223633,1752.0
2024-03-01 12:59:00,CCCC,10.930000305175781,10.930000305175781,10.9350004196167,10.925000190734863,10.930000305175781,2035.0
2024-03-01 12:59:00,CCRN,18.200000762939453,18.200000762939453,18.200000762939453,18.200000762939453,18.200000762939453,528.0
2024-03-01 12:59:00,CDMO,8.079999923706055,8.079999923706055,8.079999923706055,8.079999923706055,8.079999923706055,202.0
2024-03-01 12:59:00,CDNA,12.359999656677246,12.359999656677246,12.359999656677246,12.350000381469727,12.350000381469727,1387.0
2024-03-01 12:59:00,CDXS,4.477700233459473,4.477700233459473,4.480000019073486,4.474999904632568,4.474999904632568,2530.0
2024-03-01 12:59:00,CERE,41.092498779296875,41.092498779296875,41.095001220703125,41.092498779296875,41.095001220703125,3725.0
2024-03-01 12:59:00,CERT,17.895000457763672,17.895000457763672,17.90999984741211,17.895000457763672,17.90999984741211,478.0
2024-03-01 12:59:00,CGC,3.259999990463257,3.259999990463257,3.2699999809265137,3.259999990463257,3.265000104904175,10743.0
2024-03-01 12:59:00,CGEM,18.920000076293945,18.920000076293945,18.920000076293945,18.920000076293945,18.920000076293945,704.0
2024-03-01 12:59:00,CHRS,2.4100000858306885,2.4100000858306885,2.4100000858306885,2.4012999534606934,2.4012999534606934,10203.0
2024-03-01 12:59:00,CLDX,50.400001525878906,50.400001525878906,50.564998626708984,50.400001525878906,50.564998626708984,3199.0
2024-03-01 12:59:00,CLOV,0.8676000237464905,0.8676000237464905,0.8690000176429749,0.8676000237464905,0.8689000010490417,100908.0
2024-03-01 12:59:00,CLPT,6.699999809265137,6.699999809265137,6.699999809265137,6.699999809265137,6.699999809265137,625.0
2024-03-01 12:59:00,CLRB,4.159999847412109,4.159999847412109,4.159999847412109,4.15500020980835,4.15500020980835,6163.0
2024-03-01 12:59:00,CMPS,11.46780014038086,11.46780014038086,11.470000267028809,11.4399995803833,11.460000038146973,1595.0
2024-03-01 12:59:00,CMPX,1.8300000429153442,1.8300000429153442,1.8300000429153442,1.8300000429153442,1.8300000429153442,133.0
2024-03-01 12:59:00,CMRX,1.1698999404907227,1.1698999404907227,1.1749999523162842,1.1698999404907227,1.1749999523162842,2806.0
2024-03-01 12:59:00,CNSP,0.3240000009536743,0.3240000009536743,0.3240000009536743,0.3199999928474426,0.3199999928474426,2088.0
2024-03-01 12:59:00,CNTA,10.960000038146973,10.960000038146973,10.961600303649902,10.90999984741211,10.90999984741211,1292.0
2024-03-01 12:59:00,COGT,7.139999866485596,7.139999866485596,7.150000095367432,7.139999866485596,7.139999866485596,807.0
2024-03-01 12:59:00,CORT,24.209999084472656,24.209999084472656,24.260000228881836,24.200000762939453,24.260000228881836,3951.0
2024-03-01 12:59:00,CPRX,17.079999923706055,17.079999923706055,17.079999923706055,17.05500030517578,17.05500030517578,2953.0
2024-03-01 12:59:00,CPSI,9.524999618530273,9.524999618530273,9.524999618530273,9.524999618530273,9.524999618530273,225.0
2024-03-01 12:59:00,CRBU,7.940000057220459,7.940000057220459,7.945000171661377,7.940000057220459,7.940000057220459,1988.0
2024-03-01 12:59:00,CRDF,2.389899969100952,2.389899969100952,2.390000104904175,2.369999885559082,2.369999885559082,7429.0
2024-03-01 12:59:00,CRDL,1.8949999809265137,1.8949999809265137,1.8949999809265137,1.8949999809265137,1.8949999809265137,193.0
2024-03-01 12:59:00,CRNX,46.439998626708984,46.439998626708984,46.439998626708984,46.439998626708984,46.439998626708984,289.0
2024-03-01 12:59:00,CRON,2.065000057220459,2.065000057220459,2.065000057220459,2.065000057220459,2.065000057220459,400.0
2024-03-01 12:59:00,CRSP,85.99479675292969,85.99479675292969,86.04000091552734,85.95999908447266,86.0,1907.0
2024-03-01 12:59:00,CRVS,2.244999885559082,2.244999885559082,2.25,2.240000009536743,2.240000009536743,999.0
2024-03-01 12:59:00,CSTL,20.530000686645508,20.530000686645508,20.530000686645508,20.530000686645508,20.530000686645508,521.0
2024-03-01 12:59:00,CTMX,2.7298998832702637,2.7298998832702637,2.7298998832702637,2.7200000286102295,2.7200000286102295,403.0
2024-03-01 12:59:00,CTXR,0.7712000012397766,0.7712000012397766,0.7712000012397766,0.7712000012397766,0.7712000012397766,1500.0
2024-03-01 12:59:00,CUE,2.2200000286102295,2.2200000286102295,2.2200000286102295,2.2200000286102295,2.2200000286102295,1222.0
2024-03-01 12:59:00,CVAC,3.5,3.5,3.5,3.5,3.5,100.0
2024-03-01 12:59:00,CYTK,73.30999755859375,73.30999755859375,73.30999755859375,73.27999877929688,73.28500366210938,2145.0
2024-03-01 12:59:00,CYTO,2.3680999279022217,2.3680999279022217,2.3949999809265137,2.3666000366210938,2.3666000366210938,2355.0
2024-03-01 12:59:00,DAWN,17.450000762939453,17.450000762939453,17.459999084472656,17.450000762939453,17.459999084472656,645.0
2024-03-01 12:59:00,DCGO,4.164999961853027,4.164999961853027,4.164999961853027,4.150000095367432,4.159999847412109,8158.0
2024-03-01 12:59:00,DCPH,17.485000610351562,17.485000610351562,17.485000610351562,17.485000610351562,17.485000610351562,177.0
2024-03-01 12:59:00,DERM,4.099899768829346,4.099899768829346,4.099899768829346,4.099899768829346,4.099899768829346,268.0
2024-03-01 12:59:00,DH,8.75,8.75,8.75,8.75,8.75,349.0
2024-03-01 12:59:00,DMTK,0.8641319870948792,0.8641319870948792,0.8641319870948792,0.8622000217437744,0.8622000217437744,694.0
2024-03-01 12:59:00,DNLI,20.829999923706055,20.829999923706055,20.84000015258789,20.829999923706055,20.829999923706055,1208.0
2024-03-01 12:59:00,DRRX,1.0049999952316284,1.0049999952316284,1.0049999952316284,1.0049999952316284,1.0049999952316284,106.0
2024-03-01 12:59:00,DSGN,2.890000104904175,2.890000104904175,2.900099992752075,2.890000104904175,2.9000000953674316,2539.0
2024-03-01 12:59:00,DTIL,12.420000076293945,12.420000076293945,12.4399995803833,12.359999656677246,12.4399995803833,1581.0
2024-03-01 12:59:00,DVAX,12.895000457763672,12.895000457763672,12.895000457763672,12.895000457763672,12.895000457763672,582.0
2024-03-01 12:59:00,DXCM,121.68000030517578,121.68000030517578,121.79000091552734,121.68000030517578,121.69999694824219,8970.0
2024-03-01 12:59:00,DYN,28.770000457763672,28.770000457763672,28.780000686645508,28.700000762939453,28.774999618530273,15119.0
2024-03-01 12:59:00,EDIT,10.824999809265137,10.824999809265137,10.824999809265137,10.8149995803833,10.8149995803833,1472.0
2024-03-01 12:59:00,EGRX,6.71999979019165,6.71999979019165,6.71999979019165,6.71999979019165,6.71999979019165,1134.0
2024-03-01 12:59:00,EKSO,1.9900000095367432,1.9900000095367432,1.9900000095367432,1.9900000095367432,1.9900000095367432,1042.0
2024-03-01 12:59:00,ELEV,5.059999942779541,5.059999942779541,5.079999923706055,5.039999961853027,5.070000171661377,904.0
2024-03-01 12:59:00,EMBC,14.470000267028809,14.470000267028809,14.510000228881836,14.470000267028809,14.510000228881836,2578.0
2024-03-01 12:59:00,ENSG,123.16999816894531,123.16999816894531,123.16999816894531,123.16999816894531,123.16999816894531,263.0
2024-03-01 12:59:00,ENTA,15.404999732971191,15.404999732971191,15.404999732971191,15.404999732971191,15.404999732971191,120.0
2024-03-01 12:59:00,ENVB,1.5199999809265137,1.5199999809265137,1.5499999523162842,1.5199999809265137,1.5399999618530273,2411.0
2024-03-01 12:59:00,EOLS,14.779999732971191,14.779999732971191,14.779999732971191,14.779999732971191,14.779999732971191,462.0
2024-03-01 12:59:00,ERAS,2.515000104904175,2.515000104904175,2.5299999713897705,2.515000104904175,2.5299999713897705,11958.0
2024-03-01 12:59:00,ESPR,2.515000104904175,2.515000104904175,2.5199999809265137,2.515000104904175,2.5199999809265137,6587.0
2024-03-01 12:59:00,ETNB,13.220000267028809,13.220000267028809,13.270000457763672,13.210000038146973,13.270000457763672,5061.0
2024-03-01 12:59:00,EWTX,17.06999969482422,17.06999969482422,17.079999923706055,17.059999465942383,17.079999923706055,2237.0
2024-03-01 12:59:00,EXAI,6.800000190734863,6.800000190734863,6.800000190734863,6.800000190734863,6.800000190734863,486.0
2024-03-01 12:59:00,EXAS,60.369998931884766,60.369998931884766,60.40999984741211,60.36000061035156,60.400001525878906,2571.0
2024-03-01 12:59:00,EXEL,22.514999389648438,22.514999389648438,22.514999389648438,22.510000228881836,22.510000228881836,1046.0
2024-03-01 12:59:00,EYEN,2.460099935531616,2.460099935531616,2.5,2.460099935531616,2.475399971008301,22047.0
2024-03-01 12:59:00,EYPT,27.940000534057617,27.940000534057617,27.940000534057617,27.940000534057617,27.940000534057617,403.0
2024-03-01 12:59:00,FATE,7.579999923706055,7.579999923706055,7.59499979019165,7.574999809265137,7.591800212860107,5204.0
2024-03-01 12:59:00,FBIO,2.340100049972534,2.340100049972534,2.340100049972534,2.340100049972534,2.340100049972534,1201.0
2024-03-01 12:59:00,FDMT,29.280000686645508,29.280000686645508,29.315000534057617,29.280000686645508,29.315000534057617,1245.0
2024-03-01 12:59:00,FEMY,1.7100000381469727,1.7100000381469727,1.7100000381469727,1.7100000381469727,1.7100000381469727,125.0
2024-03-01 12:59:00,FGEN,1.8700000047683716,1.8700000047683716,1.8700000047683716,1.8650000095367432,1.8650000095367432,5121.0
2024-03-01 12:59:00,FIXX,0.9300000071525574,0.9300000071525574,0.9300000071525574,0.9259629845619202,0.9300000071525574,1150.0
2024-03-01 12:59:00,FOLD,13.335000038146973,13.335000038146973,13.34000015258789,13.329999923706055,13.34000015258789,6046.0
2024-03-01 12:59:00,FULC,10.867799758911133,10.867799758911133,10.867799758911133,10.867799758911133,10.867799758911133,1303.0
2024-03-01 12:59:00,FUSN,12.364999771118164,12.364999771118164,12.364999771118164,12.350000381469727,12.364999771118164,1735.0
2024-03-01 12:59:00,FWBI,8.520000457763672,8.520000457763672,8.520000457763672,8.520000457763672,8.520000457763672,287.0
2024-03-01 12:59:00,GDRX,8.220000267028809,8.220000267028809,8.225000381469727,8.220000267028809,8.220000267028809,7221.0
2024-03-01 12:59:00,GERN,2.2300000190734863,2.2300000190734863,2.2300000190734863,2.2200000286102295,2.2249999046325684,20540.0
2024-03-01 12:59:00,GH,19.18000030517578,19.18000030517578,19.18000030517578,19.18000030517578,19.18000030517578,316.0
2024-03-01 12:59:00,GILD,72.21499633789062,72.21499633789062,72.22000122070312,72.19999694824219,72.21499633789062,9186.0
2024-03-01 12:59:00,GLSI,12.699999809265137,12.699999809265137,12.699999809265137,12.484999656677246,12.484999656677246,466.0
2024-03-01 12:59:00,GLTO,0.7401990294456482,0.7401990294456482,0.7401990294456482,0.7401990294456482,0.7401990294456482,5011.0
2024-03-01 12:59:00,GLYC,3.0399999618530273,3.0399999618530273,3.0399999618530273,3.0299999713897705,3.0299999713897705,400.0
2024-03-01 12:59:00,GMAB,29.334999084472656,29.334999084472656,29.34000015258789,29.334999084472656,29.34000015258789,1325.0
2024-03-01 12:59:00,GMDA,0.3799999952316284,0.3799999952316284,0.3837999999523163,0.3799999952316284,0.3837999999523163,11621.0
2024-03-01 12:59:00,GOSS,1.3899999856948853,1.3899999856948853,1.3899999856948853,1.3849999904632568,1.3849999904632568,400.0
2024-03-01 12:59:00,GRFS,7.079999923706055,7.079999923706055,7.079999923706055,7.079999923706055,7.079999923706055,126.0
2024-03-01 12:59:00,GRTS,2.1549999713897705,2.1549999713897705,2.1600000858306885,2.1449999809265137,2.1449999809265137,23753.0
2024-03-01 12:59:00,GTHX,3.75,3.75,3.755000114440918,3.7400999069213867,3.750200033187866,3518.0
2024-03-01 12:59:00,HALO,41.47999954223633,41.47999954223633,41.5099983215332,41.47999954223633,41.5099983215332,802.0
2024-03-01 12:59:00,HARP,22.940000534057617,22.940000534057617,22.940000534057617,22.940000534057617,22.940000534057617,214.0
2024-03-01 12:59:00,HCAT,8.039999961853027,8.039999961853027,8.039999961853027,8.029999732971191,8.029999732971191,586.0
2024-03-01 12:59:00,HCTI,2.4809999465942383,2.4809999465942383,2.4809999465942383,2.4809999465942383,2.4809999465942383,251.0
2024-03-01 12:59:00,HITI,1.7519999742507935,1.7519999742507935,1.7519999742507935,1.7519999742507935,1.7519999742507935,198.0
2024-03-01 12:59:00,HLVX,19.261600494384766,19.261600494384766,19.399999618530273,19.261600494384766,19.399999618530273,1263.0
2024-03-01 12:59:00,HOLX,74.0199966430664,74.0199966430664,74.05000305175781,74.0199966430664,74.05000305175781,3107.0
2024-03-01 12:59:00,HQY,81.71499633789062,81.71499633789062,81.7249984741211,81.69000244140625,81.7249984741211,3586.0
2024-03-01 12:59:00,HRMY,31.46500015258789,31.46500015258789,31.524999618530273,31.46500015258789,31.524999618530273,1215.0
2024-03-01 12:59:00,HRTX,2.5850000381469727,2.5850000381469727,2.5999999046325684,2.5850000381469727,2.5999999046325684,15009.0
2024-03-01 12:59:00,HSIC,76.94999694824219,76.94999694824219,76.94999694824219,76.93000030517578,76.93000030517578,1116.0
2024-03-01 12:59:00,HSTM,27.415000915527344,27.415000915527344,27.43000030517578,27.415000915527344,27.43000030517578,845.0
2024-03-01 12:59:00,HUMA,3.4700000286102295,3.4700000286102295,3.4700000286102295,3.4649999141693115,3.4649999141693115,1004.0
2024-03-01 12:59:00,IART,36.64500045776367,36.64500045776367,36.64500045776367,36.630001068115234,36.630001068115234,2088.0
2024-03-01 12:59:00,IBRX,4.769999980926514,4.769999980926514,4.784999847412109,4.769999980926514,4.784999847412109,7130.0
2024-03-01 12:59:00,ICUI,104.48500061035156,104.48500061035156,104.56999969482422,104.48500061035156,104.56999969482422,1299.0
2024-03-01 12:59:00,IDXX,583.3900146484375,583.3900146484375,583.3900146484375,582.885009765625,582.885009765625,294.0
2024-03-01 12:59:00,IDYA,46.4900016784668,46.4900016784668,46.56999969482422,46.470001220703125,46.56999969482422,2726.0
2024-03-01 12:59:00,IKT,2.0899999141693115,2.0899999141693115,2.0899999141693115,2.0899999141693115,2.0899999141693115,114.0
2024-03-01 12:59:00,ILMN,142.22000122070312,142.22000122070312,142.22999572753906,142.16000366210938,142.22000122070312,1087.0
2024-03-01 12:59:00,IMMX,3.565000057220459,3.565000057220459,3.565000057220459,3.565000057220459,3.565000057220459,400.0
2024-03-01 12:59:00,IMTX,13.0,13.0,13.0,13.0,13.0,100.0
2024-03-01 12:59:00,IMUX,1.4950000047683716,1.4950000047683716,1.4950000047683716,1.4950000047683716,1.4950000047683716,3592.0
2024-03-01 12:59:00,IMVT,36.279998779296875,36.279998779296875,36.33000183105469,36.279998779296875,36.33000183105469,1961.0
2024-03-01 12:59:00,INAB,1.0801000595092773,1.0801000595092773,1.0801000595092773,1.0801000595092773,1.0801000595092773,209.0
2024-03-01 12:59:00,INBX,36.54999923706055,36.54999923706055,36.54999923706055,36.52000045776367,36.52000045776367,606.0
2024-03-01 12:59:00,INCY,59.24250030517578,59.24250030517578,59.27000045776367,59.24250030517578,59.27000045776367,772.0
2024-03-01 12:59:00,INGN,6.820000171661377,6.820000171661377,6.820000171661377,6.809999942779541,6.809999942779541,203.0
2024-03-01 12:59:00,INMD,22.860000610351562,22.860000610351562,22.86009979248047,22.850000381469727,22.86009979248047,2942.0
2024-03-01 12:59:00,INO,9.430000305175781,9.430000305175781,9.430000305175781,9.430000305175781,9.430000305175781,600.0
2024-03-01 12:59:00,INSM,28.530000686645508,28.530000686645508,28.530000686645508,28.524999618530273,28.524999618530273,1248.0
2024-03-01 12:59:00,INVA,15.674699783325195,15.674699783325195,15.675000190734863,15.674699783325195,15.675000190734863,590.0
2024-03-01 12:59:00,INZY,6.679999828338623,6.679999828338623,6.679999828338623,6.679999828338623,6.679999828338623,363.0
2024-03-01 12:59:00,IOBT,1.8450000286102295,1.8450000286102295,1.8450000286102295,1.8424999713897705,1.8424999713897705,1235.0
2024-03-01 12:59:00,IONS,45.88999938964844,45.88999938964844,45.900001525878906,45.875,45.875,781.0
2024-03-01 12:59:00,IOVA,16.829999923706055,16.829999923706055,16.84000015258789,16.795000076293945,16.81999969482422,17177.0
2024-03-01 12:59:00,IPSC,3.819999933242798,3.819999933242798,3.819999933242798,3.819999933242798,3.819999933242798,201.0
2024-03-01 12:59:00,IRWD,9.114999771118164,9.114999771118164,9.125,9.100000381469727,9.125,19497.0
2024-03-01 12:59:00,ISRG,395.70001220703125,395.70001220703125,395.7099914550781,395.6416015625,395.7099914550781,1245.0
2024-03-01 12:59:00,ITCI,71.45999908447266,71.45999908447266,71.5,71.44999694824219,71.45999908447266,1078.0
2024-03-01 12:59:00,IVVD,3.990000009536743,3.990000009536743,3.990000009536743,3.990000009536743,3.990000009536743,303.0
2024-03-01 12:59:00,IXHL,5.46999979019165,5.46999979019165,5.46999979019165,5.46999979019165,5.46999979019165,100.0
2024-03-01 12:59:00,JAGX,0.0737999975681305,0.0737999975681305,0.0737999975681305,0.07320000231266022,0.07349999994039536,18325.0
2024-03-01 12:59:00,JANX,46.459999084472656,46.459999084472656,46.459999084472656,46.459999084472656,46.459999084472656,632.0
2024-03-01 12:59:00,JAZZ,119.01000213623047,119.01000213623047,119.01000213623047,119.01000213623047,119.01000213623047,400.0
2024-03-01 12:59:00,KALA,7.349999904632568,7.349999904632568,7.349999904632568,7.349999904632568,7.349999904632568,315.0
2024-03-01 12:59:00,KALV,14.119999885559082,14.119999885559082,14.119999885559082,14.039999961853027,14.039999961853027,6708.0
2024-03-01 12:59:00,KIDS,27.389999389648438,27.389999389648438,27.389999389648438,27.389999389648438,27.389999389648438,382.0
2024-03-01 12:59:00,KNSA,21.719999313354492,21.719999313354492,21.739999771118164,21.719999313354492,21.739999771118164,993.0
2024-03-01 12:59:00,KNTE,2.6050000190734863,2.6050000190734863,2.6050000190734863,2.6050000190734863,2.6050000190734863,676.0
2024-03-01 12:59:00,KOD,6.110000133514404,6.110000133514404,6.110000133514404,6.110000133514404,6.110000133514404,359.0
2024-03-01 12:59:00,KPRX,0.6523000001907349,0.6523000001907349,0.6523000001907349,0.6523000001907349,0.6523000001907349,150.0
2024-03-01 12:59:00,KPTI,1.2100000381469727,1.2100000381469727,1.2100000381469727,1.2050000429153442,1.2089999914169312,1474.0
2024-03-01 12:59:00,KRON,1.0299999713897705,1.0299999713897705,1.0299999713897705,1.0299999713897705,1.0299999713897705,4341.0
2024-03-01 12:59:00,KROS,70.05999755859375,70.05999755859375,70.05999755859375,70.05000305175781,70.05999755859375,799.0
2024-03-01 12:59:00,KRTX,316.94000244140625,316.94000244140625,316.95001220703125,316.875,316.94000244140625,2852.0
2024-03-01 12:59:00,KRYS,168.83999633789062,168.83999633789062,168.83999633789062,168.83999633789062,168.83999633789062,288.0
2024-03-01 12:59:00,KTRA,0.09880000352859497,0.09880000352859497,0.09880000352859497,0.09880000352859497,0.09880000352859497,18000.0
2024-03-01 12:59:00,KURA,21.1200008392334,21.1200008392334,21.135000228881836,21.1200008392334,21.1299991607666,1862.0
2024-03-01 12:59:00,KYMR,44.06999969482422,44.06999969482422,44.09000015258789,44.060001373291016,44.060001373291016,687.0
2024-03-01 12:59:00,KZR,1.0750000476837158,1.0750000476837158,1.0750000476837158,1.0700000524520874,1.0700000524520874,780.0
2024-03-01 12:59:00,LAB,2.515000104904175,2.515000104904175,2.5199999809265137,2.515000104904175,2.515000104904175,1982.0
2024-03-01 12:59:00,LBPH,21.934999465942383,21.934999465942383,22.030000686645508,21.934999465942383,22.030000686645508,1425.0
2024-03-01 12:59:00,LEGN,66.01000213623047,66.01000213623047,66.01000213623047,66.01000213623047,66.01000213623047,329.0
2024-03-01 12:59:00,LFMD,8.0,8.0,8.0,7.989999771118164,7.989999771118164,490.0
2024-03-01 12:59:00,LFST,7.749899864196777,7.749899864196777,7.75,7.749899864196777,7.75,1025.0
2024-03-01 12:59:00,LGND,78.08999633789062,78.08999633789062,78.19999694824219,78.08999633789062,78.19999694824219,723.0
2024-03-01 12:59:00,LNTH,65.49500274658203,65.49500274658203,65.49500274658203,65.49500274658203,65.49500274658203,261.0
2024-03-01 12:59:00,LQDA,14.520000457763672,14.520000457763672,14.520000457763672,14.515000343322754,14.515000343322754,808.0
2024-03-01 12:59:00,LTRN,4.534200191497803,4.534200191497803,4.534200191497803,4.534200191497803,4.534200191497803,732.0
2024-03-01 12:59:00,LUNG,9.390000343322754,9.390000343322754,9.40999984741211,9.390000343322754,9.40999984741211,1147.0
2024-03-01 12:59:00,LVTX,3.065000057220459,3.065000057220459,3.0829999446868896,3.0199999809265137,3.0199999809265137,3165.0
2024-03-01 12:59:00,LXRX,2.515000104904175,2.515000104904175,2.5199999809265137,2.515000104904175,2.519399881362915,3666.0
2024-03-01 12:59:00,LYEL,3.1549999713897705,3.1549999713897705,3.1549999713897705,3.1549999713897705,3.1549999713897705,163.0
2024-03-01 12:59:00,MASI,128.11000061035156,128.11000061035156,128.16000366210938,128.0500030517578,128.16000366210938,2752.0
2024-03-01 12:59:00,MASS,7.400000095367432,7.400000095367432,7.400000095367432,7.400000095367432,7.400000095367432,228.0
2024-03-01 12:59:00,MBRX,0.6274999976158142,0.6274999976158142,0.6274999976158142,0.6274999976158142,0.6274999976158142,100.0
2024-03-01 12:59:00,MCRB,1.2000000476837158,1.2000000476837158,1.2050000429153442,1.2000000476837158,1.2050000429153442,320.0
2024-03-01 12:59:00,MDGL,250.0,250.0,250.4600067138672,250.0,250.4600067138672,892.0
2024-03-01 12:59:00,MDRX,6.050000190734863,6.050000190734863,6.099999904632568,6.050000190734863,6.050000190734863,27897.0
2024-03-01 12:59:00,MDXG,8.71500015258789,8.71500015258789,8.720000267028809,8.71500015258789,8.720000267028809,2760.0
2024-03-01 12:59:00,ME,0.572700023651123,0.572700023651123,0.5742999911308289,0.572700023651123,0.5742999911308289,5569.0
2024-03-01 12:59:00,MEDP,400.69000244140625,400.69000244140625,400.69000244140625,400.69000244140625,400.69000244140625,180.0
2024-03-01 12:59:00,MGNX,18.920000076293945,18.920000076293945,18.950000762939453,18.920000076293945,18.940000534057617,4002.0
2024-03-01 12:59:00,MIRM,29.860000610351562,29.860000610351562,29.860000610351562,29.860000610351562,29.860000610351562,534.0
2024-03-01 12:59:00,MLTX,51.720001220703125,51.720001220703125,51.72999954223633,51.5900993347168,51.5900993347168,2401.0
2024-03-01 12:59:00,MMSI,76.5,76.5,76.5,76.44000244140625,76.5,947.0
2024-03-01 12:59:00,MNKD,4.521500110626221,4.521500110626221,4.521500110626221,4.521500110626221,4.521500110626221,723.0
2024-03-01 12:59:00,MNMD,6.119999885559082,6.119999885559082,6.130000114440918,6.110000133514404,6.130000114440918,2688.0
2024-03-01 12:59:00,MNPR,0.839900016784668,0.839900016784668,0.839900016784668,0.839900016784668,0.839900016784668,129.0
2024-03-01 12:59:00,MODD,1.9050999879837036,1.9050999879837036,1.9199999570846558,1.9050999879837036,1.9199999570846558,300.0
2024-03-01 12:59:00,MOR,17.59000015258789,17.59000015258789,17.600000381469727,17.589000701904297,17.589000701904297,2897.0
2024-03-01 12:59:00,MORF,39.595001220703125,39.595001220703125,39.595001220703125,39.54999923706055,39.57500076293945,713.0
2024-03-01 12:59:00,MOTS,0.6700000166893005,0.6700000166893005,0.6700000166893005,0.6700000166893005,0.6700000166893005,481.0
2024-03-01 12:59:00,MRNA,96.53050231933594,96.53050231933594,96.65249633789062,96.53050231933594,96.62000274658203,4466.0
2024-03-01 12:59:00,MRNS,10.180000305175781,10.180000305175781,10.180000305175781,10.164999961853027,10.180000305175781,791.0
2024-03-01 12:59:00,MRSN,5.96999979019165,5.96999979019165,5.974999904632568,5.96999979019165,5.974999904632568,495.0
2024-03-01 12:59:00,MRUS,51.790000915527344,51.790000915527344,51.79499816894531,51.630001068115234,51.630001068115234,2092.0
2024-03-01 12:59:00,MRVI,7.804999828338623,7.804999828338623,7.804999828338623,7.804999828338623,7.804999828338623,277.0
2024-03-01 12:59:00,MXCT,4.764999866485596,4.764999866485596,4.764999866485596,4.764999866485596,4.764999866485596,690.0
2024-03-01 12:59:00,MYGN,21.790000915527344,21.790000915527344,21.790000915527344,21.790000915527344,21.790000915527344,499.0
2024-03-01 12:59:00,NARI,45.08000183105469,45.08000183105469,45.150001525878906,45.02000045776367,45.150001525878906,5195.0
2024-03-01 12:59:00,NAUT,2.6600000858306885,2.6600000858306885,2.6600000858306885,2.6600000858306885,2.6600000858306885,200.0
2024-03-01 12:59:00,NBIX,131.05999755859375,131.05999755859375,131.05999755859375,131.00999450683594,131.00999450683594,1887.0
2024-03-01 12:59:00,NCNA,0.3160000145435333,0.3160000145435333,0.3160000145435333,0.3151000142097473,0.3151000142097473,8469.0
2024-03-01 12:59:00,NEO,16.1200008392334,16.1200008392334,16.1200008392334,16.110000610351562,16.110000610351562,1504.0
2024-03-01 12:59:00,NEOG,17.354999542236328,17.354999542236328,17.354999542236328,17.354999542236328,17.354999542236328,292.0
2024-03-01 12:59:00,NERV,2.5999999046325684,2.5999999046325684,2.5999999046325684,2.559999942779541,2.559999942779541,1284.0
2024-03-01 12:59:00,NGM,1.5299999713897705,1.5299999713897705,1.5299999713897705,1.5299999713897705,1.5299999713897705,659.0
2024-03-01 12:59:00,NKTR,0.7849509716033936,0.7849509716033936,0.7915999889373779,0.7799999713897705,0.789900004863739,48229.0
2024-03-01 12:59:00,NNOX,11.039999961853027,11.039999961853027,11.045000076293945,11.039999961853027,11.039999961853027,1111.0
2024-03-01 12:59:00,NOTV,8.130000114440918,8.130000114440918,8.130000114440918,8.130000114440918,8.130000114440918,100.0
2024-03-01 12:59:00,NRIX,13.600000381469727,13.600000381469727,13.640000343322754,13.59000015258789,13.640000343322754,2382.0
2024-03-01 12:59:00,NRXP,0.4198499917984009,0.4198499917984009,0.4198499917984009,0.4198499917984009,0.4198499917984009,214.0
2024-03-01 12:59:00,NTLA,33.42499923706055,33.42499923706055,33.45000076293945,33.41999816894531,33.45000076293945,2264.0
2024-03-01 12:59:00,NTRA,89.31500244140625,89.31500244140625,89.37999725341797,89.31500244140625,89.37000274658203,567.0
2024-03-01 12:59:00,NUTX,0.11330000311136246,0.11330000311136246,0.11389999836683273,0.11330000311136246,0.11389999836683273,1277.0
2024-03-01 12:59:00,NVAX,5.150100231170654,5.150100231170654,5.164999961853027,5.150000095367432,5.150899887084961,15485.0
2024-03-01 12:59:00,NVCR,16.040000915527344,16.040000915527344,16.040000915527344,16.030000686645508,16.040000915527344,1545.0
2024-03-01 12:59:00,NXTC,1.7899999618530273,1.7899999618530273,1.7899999618530273,1.7790000438690186,1.7790000438690186,4247.0
2024-03-01 12:59:00,OCGN,0.9451000094413757,0.9451000094413757,0.9469000101089478,0.9451000094413757,0.9469000101089478,3465.0
2024-03-01 12:59:00,OCUL,10.8100004196167,10.8100004196167,10.824999809265137,10.8100004196167,10.824999809265137,1260.0
2024-03-01 12:59:00,OFIX,12.850000381469727,12.850000381469727,12.850000381469727,12.850000381469727,12.850000381469727,656.0
2024-03-01 12:59:00,OGI,2.2100000381469727,2.2100000381469727,2.218899965286255,2.2100000381469727,2.2149999141693115,1830.0
2024-03-01 12:59:00,OLK,22.645000457763672,22.645000457763672,22.645000457763672,22.645000457763672,22.645000457763672,320.0
2024-03-01 12:59:00,OLMA,14.720000267028809,14.720000267028809,14.760000228881836,14.720000267028809,14.760000228881836,2001.0
2024-03-01 12:59:00,OMCL,26.479999542236328,26.479999542236328,26.5049991607666,26.479999542236328,26.5049991607666,835.0
2024-03-01 12:59:00,OMER,4.769999980926514,4.769999980926514,4.769999980926514,4.764999866485596,4.769999980926514,2387.0
2024-03-01 12:59:00,OMIC,0.5950999855995178,0.5950999855995178,0.5950999855995178,0.5950999855995178,0.5950999855995178,200.0
2024-03-01 13:00:00,ABCL,5.255000114440918,5.255000114440918,5.255000114440918,5.255000114440918,5.255000114440918,131.0
2024-03-01 13:00:00,ABEO,7.855000019073486,7.855000019073486,7.855000019073486,7.855000019073486,7.855000019073486,100.0
2024-03-01 13:00:00,ABOS,4.679999828338623,4.679999828338623,4.695000171661377,4.679999828338623,4.690000057220459,6324.0
2024-03-01 13:00:00,ABSI,5.339900016784668,5.339900016784668,5.340000152587891,5.239999771118164,5.25,136469.0
2024-03-01 13:00:00,ABUS,2.7750000953674316,2.7750000953674316,2.7750000953674316,2.7750000953674316,2.7750000953674316,219.0
2024-03-01 13:00:00,ACAD,24.489999771118164,24.489999771118164,24.489999771118164,24.459999084472656,24.469999313354492,3754.0
2024-03-01 13:00:00,ACB,3.200000047683716,3.200000047683716,3.200000047683716,3.190000057220459,3.200000047683716,1951.0
2024-03-01 13:00:00,ACCD,10.220000267028809,10.220000267028809,10.229999542236328,10.220000267028809,10.229999542236328,814.0
2024-03-01 13:00:00,ACET,2.3949999809265137,2.3949999809265137,2.4049999713897705,2.3949999809265137,2.4049999713897705,2073.0
2024-03-01 13:00:00,ACHL,1.3401000499725342,1.3401000499725342,1.3401000499725342,1.3401000499725342,1.3401000499725342,5010.0
2024-03-01 13:00:00,ACLX,66.83999633789062,66.83999633789062,66.83999633789062,66.83999633789062,66.83999633789062,221.0
2024-03-01 13:00:00,ACON,0.4034999907016754,0.4034999907016754,0.4034999907016754,0.4034999907016754,0.4034999907016754,1250.0
2024-03-01 13:00:00,ACRS,1.2400000095367432,1.2400000095367432,1.2400000095367432,1.2300000190734863,1.2400000095367432,1372.0
2024-03-01 13:00:00,ACXP,3.130000114440918,3.130000114440918,3.140000104904175,3.130000114440918,3.140000104904175,298.0
2024-03-01 13:00:00,ADIL,3.139899969100952,3.139899969100952,3.1500000953674316,3.0797998905181885,3.0799999237060547,54069.0
2024-03-01 13:00:00,ADMA,5.454999923706055,5.454999923706055,5.45989990234375,5.449999809265137,5.454999923706055,5344.0
2024-03-01 13:00:00,ADPT,4.199999809265137,4.199999809265137,4.199999809265137,4.199999809265137,4.199999809265137,2128.0
2024-03-01 13:00:00,ADUS,93.93499755859375,93.93499755859375,93.93499755859375,93.93499755859375,93.93499755859375,199.0
2024-03-01 13:00:00,AGEN,0.6776999831199646,0.6776999831199646,0.6780999898910522,0.6776999831199646,0.6780999898910522,8223.0
2024-03-01 13:00:00,AGIO,32.89500045776367,32.89500045776367,32.91999816894531,32.89500045776367,32.91999816894531,367.0
2024-03-01 13:00:00,AKAN,0.22200000286102295,0.22200000286102295,0.23149999976158142,0.22030000388622284,0.22200000286102295,14207.0
2024-03-01 13:00:00,AKBA,1.6800999641418457,1.6800999641418457,1.690000057220459,1.6800999641418457,1.690000057220459,3226.0
2024-03-01 13:00:00,AKLI,0.3400999903678894,0.3400999903678894,0.3400999903678894,0.3400999903678894,0.3400999903678894,441.0
2024-03-01 13:00:00,AKRO,29.774999618530273,29.774999618530273,29.806400299072266,29.760000228881836,29.806400299072266,1096.0
2024-03-01 13:00:00,ALDX,4.167500019073486,4.167500019073486,4.170000076293945,4.167500019073486,4.170000076293945,293.0
2024-03-01 13:00:00,ALGN,304.1600036621094,304.1600036621094,304.1700134277344,304.1600036621094,304.1700134277344,846.0
2024-03-01 13:00:00,ALGS,1.090000033378601,1.090000033378601,1.090000033378601,1.090000033378601,1.090000033378601,225.0
2024-03-01 13:00:00,ALHC,5.704999923706055,5.704999923706055,5.704999923706055,5.699999809265137,5.699999809265137,2074.0
2024-03-01 13:00:00,ALKS,30.200000762939453,30.200000762939453,30.200000762939453,30.190000534057617,30.190000534057617,930.0
2024-03-01 13:00:00,ALLK,1.6050000190734863,1.6050000190734863,1.6074999570846558,1.6050000190734863,1.6074999570846558,847.0
2024-03-01 13:00:00,ALLO,5.039999961853027,5.039999961853027,5.039999961853027,5.039999961853027,5.039999961853027,1044.0
2024-03-01 13:00:00,ALNY,154.4949951171875,154.4949951171875,154.64999389648438,154.4600067138672,154.64999389648438,1285.0
2024-03-01 13:00:00,ALPN,35.75,35.75,35.75,35.75,35.75,560.0
2024-03-01 13:00:00,ALT,12.020000457763672,12.020000457763672,12.039999961853027,12.020000457763672,12.039999961853027,1301.0
2024-03-01 13:00:00,ALXO,15.029999732971191,15.029999732971191,15.0600004196167,15.029999732971191,15.0600004196167,1441.0
2024-03-01 13:00:00,AMGN,281.05999755859375,281.05999755859375,281.17999267578125,281.05999755859375,281.1189880371094,3792.0
2024-03-01 13:00:00,AMLX,18.799999237060547,18.799999237060547,18.799999237060547,18.799999237060547,18.799999237060547,333.0
2024-03-01 13:00:00,AMPH,45.29999923706055,45.29999923706055,45.38999938964844,45.29999923706055,45.38999938964844,1467.0
2024-03-01 13:00:00,AMRN,1.0499999523162842,1.0499999523162842,1.0549999475479126,1.0499999523162842,1.0549999475479126,5716.0
2024-03-01 13:00:00,ANGO,5.510000228881836,5.510000228881836,5.510000228881836,5.510000228881836,5.510000228881836,548.0
2024-03-01 13:00:00,ANNX,6.130000114440918,6.130000114440918,6.139999866485596,6.110000133514404,6.130000114440918,10890.0
2024-03-01 13:00:00,APLS,64.72000122070312,64.72000122070312,64.76000213623047,64.62000274658203,64.69000244140625,3252.0
2024-03-01 13:00:00,APLT,7.079999923706055,7.079999923706055,7.079999923706055,7.074999809265137,7.074999809265137,669.0
2024-03-01 13:00:00,AQST,4.210000038146973,4.210000038146973,4.210000038146973,4.210000038146973,4.210000038146973,381.0
2024-03-01 13:00:00,ARAY,2.640000104904175,2.640000104904175,2.640000104904175,2.640000104904175,2.640000104904175,126.0
2024-03-01 13:00:00,ARDX,9.569999694824219,9.569999694824219,9.585000038146973,9.569999694824219,9.579999923706055,9602.0
2024-03-01 13:00:00,ARGX,392.125,392.125,392.125,392.125,392.125,207.0
2024-03-01 13:00:00,ARQT,11.789999961853027,11.789999961853027,11.789999961853027,11.789999961853027,11.789999961853027,103.0
2024-03-01 13:00:00,ARVN,49.130001068115234,49.130001068115234,49.130001068115234,49.04999923706055,49.04999923706055,447.0
2024-03-01 13:00:00,ARWR,35.720001220703125,35.720001220703125,35.775001525878906,35.6150016784668,35.775001525878906,8923.0
2024-03-01 13:00:00,ASND,151.8300018310547,151.8300018310547,151.8300018310547,151.7050018310547,151.7050018310547,350.0
2024-03-01 13:00:00,ASRT,0.920199990272522,0.920199990272522,0.9250500202178955,0.920199990272522,0.920199990272522,1327.0
2024-03-01 13:00:00,ATAI,2.130000114440918,2.130000114440918,2.130000114440918,2.130000114440918,2.130000114440918,804.0
2024-03-01 13:00:00,ATEC,13.520000457763672,13.520000457763672,13.545000076293945,13.520000457763672,13.539999961853027,9555.0
2024-03-01 13:00:00,ATRA,0.7900000214576721,0.7900000214576721,0.7900000214576721,0.7900000214576721,0.7900000214576721,124.0
2024-03-01 13:00:00,ATRC,36.119998931884766,36.119998931884766,36.119998931884766,36.119998931884766,36.119998931884766,220.0
2024-03-01 13:00:00,ATXS,14.779999732971191,14.779999732971191,14.779999732971191,14.720000267028809,14.770000457763672,2450.0
2024-03-01 13:00:00,AUPH,5.859899997711182,5.859899997711182,5.860400199890137,5.859899997711182,5.860400199890137,958.0
2024-03-01 13:00:00,AUTL,6.354899883270264,6.354899883270264,6.354899883270264,6.354899883270264,6.354899883270264,288.0
2024-03-01 13:00:00,AVDL,12.989999771118164,12.989999771118164,13.0,12.989999771118164,13.0,8090.0
2024-03-01 13:00:00,AVIR,4.53000020980835,4.53000020980835,4.53000020980835,4.53000020980835,4.53000020980835,326.0
2024-03-01 13:00:00,AVXL,5.369999885559082,5.369999885559082,5.389999866485596,5.369999885559082,5.389999866485596,21432.0
2024-03-01 13:00:00,AWH,4.099999904632568,4.099999904632568,4.105000019073486,4.099999904632568,4.099999904632568,403.0
2024-03-01 13:00:00,AXGN,10.520000457763672,10.520000457763672,10.529999732971191,10.510000228881836,10.529999732971191,1014.0
2024-03-01 13:00:00,AXSM,82.23999786376953,82.23999786376953,82.23999786376953,82.23999786376953,82.23999786376953,830.0
2024-03-01 13:00:00,AZN,64.66500091552734,64.66500091552734,64.67500305175781,64.66500091552734,64.67500305175781,3230.0
2024-03-01 13:00:00,AZTA,67.16000366210938,67.16000366210938,67.16000366210938,67.13500213623047,67.13500213623047,401.0
2024-03-01 13:00:00,BBIO,36.095001220703125,36.095001220703125,36.095001220703125,36.09000015258789,36.09000015258789,521.0
2024-03-01 13:00:00,BBLG,2.609999895095825,2.609999895095825,2.609999895095825,2.5999999046325684,2.5999999046325684,947.0
2024-03-01 13:00:00,BCRX,5.75,5.75,5.759300231933594,5.75,5.75,2869.0
2024-03-01 13:00:00,BCYC,25.954999923706055,25.954999923706055,25.954999923706055,25.954999923706055,25.954999923706055,214.0
2024-03-01 13:00:00,BDSX,1.590000033378601,1.590000033378601,1.590000033378601,1.590000033378601,1.590000033378601,307.0
2024-03-01 13:00:00,BDTX,4.989999771118164,4.989999771118164,4.989999771118164,4.989999771118164,4.989999771118164,454.0
2024-03-01 13:00:00,BEAM,40.09000015258789,40.09000015258789,40.099998474121094,40.064998626708984,40.07500076293945,3381.0
2024-03-01 13:00:00,BGNE,166.1999969482422,166.1999969482422,166.36000061035156,166.1999969482422,166.36000061035156,468.0
2024-03-01 13:00:00,BIIB,221.07000732421875,221.07000732421875,221.07000732421875,221.0,221.0500030517578,2793.0
2024-03-01 13:00:00,BIOL,0.1388999968767166,0.1388999968767166,0.1388999968767166,0.1388999968767166,0.1388999968767166,192.0
2024-03-01 13:00:00,BIOR,1.1399999856948853,1.1399999856948853,1.1399999856948853,1.1399999856948853,1.1399999856948853,456.0
2024-03-01 13:00:00,BIVI,1.7999999523162842,1.7999999523162842,1.8200000524520874,1.7999999523162842,1.809999942779541,58047.0
2024-03-01 13:00:00,BJDX,0.8203999996185303,0.8203999996185303,0.8203999996185303,0.8203999996185303,0.8203999996185303,543.0
2024-03-01 13:00:00,BLFS,18.200000762939453,18.200000762939453,18.209999084472656,18.200000762939453,18.209999084472656,840.0
2024-03-01 13:00:00,BLUE,1.5950000286102295,1.5950000286102295,1.597499966621399,1.590000033378601,1.5950000286102295,8006.0
2024-03-01 13:00:00,BMEA,18.170000076293945,18.170000076293945,18.18000030517578,18.170000076293945,18.18000030517578,732.0
2024-03-01 13:00:00,BMRN,87.375,87.375,87.4000015258789,87.36000061035156,87.36000061035156,2126.0
2024-03-01 13:00:00,BNGO,1.250100016593933,1.250100016593933,1.250100016593933,1.25,1.25,482.0
2024-03-01 13:00:00,BNR,0.8216000199317932,0.8216000199317932,0.8216000199317932,0.819100022315979,0.8191999793052673,300.0
2024-03-01 13:00:00,BNTX,91.66000366210938,91.66000366210938,91.66000366210938,91.66000366210938,91.66000366210938,297.0
2024-03-01 13:00:00,BPMC,96.77010345458984,96.77010345458984,97.02999877929688,96.77010345458984,97.02999877929688,2608.0
2024-03-01 13:00:00,BRKR,88.25150299072266,88.25150299072266,88.29000091552734,88.25,88.26000213623047,1434.0
2024-03-01 13:00:00,BSGM,0.6430000066757202,0.6430000066757202,0.6430000066757202,0.6430000066757202,0.6430000066757202,107.0
2024-03-01 13:00:00,BTAI,3.2009999752044678,3.2009999752044678,3.2009999752044678,3.2009999752044678,3.2009999752044678,264.0
2024-03-01 13:00:00,BTCY,0.9031000137329102,0.9031000137329102,0.9031000137329102,0.9031000137329102,0.9031000137329102,100.0
2024-03-01 13:00:00,CABA,24.030000686645508,24.030000686645508,24.049999237060547,24.010000228881836,24.049999237060547,4829.0
2024-03-01 13:00:00,CARA,0.9384999871253967,0.9384999871253967,0.9384999871253967,0.9384999871253967,0.9384999871253967,200.0
2024-03-01 13:00:00,CBAY,32.23500061035156,32.23500061035156,32.2400016784668,32.23500061035156,32.23500061035156,1238.0
2024-03-01 13:00:00,CCCC,10.90999984741211,10.90999984741211,10.930000305175781,10.895000457763672,10.930000305175781,2410.0
2024-03-01 13:00:00,CCRN,18.229999542236328,18.229999542236328,18.229999542236328,18.200000762939453,18.200000762939453,1008.0
2024-03-01 13:00:00,CDMO,8.079999923706055,8.079999923706055,8.079999923706055,8.079999923706055,8.079999923706055,225.0
2024-03-01 13:00:00,CDNA,12.359999656677246,12.359999656677246,12.359999656677246,12.350000381469727,12.350000381469727,2323.0
2024-03-01 13:00:00,CDXS,4.4899001121521,4.4899001121521,4.489999771118164,4.4899001121521,4.489999771118164,2237.0
2024-03-01 13:00:00,CELC,16.239999771118164,16.239999771118164,16.239999771118164,16.239999771118164,16.239999771118164,100.0
2024-03-01 13:00:00,CERE,41.095001220703125,41.095001220703125,41.095001220703125,41.095001220703125,41.095001220703125,3420.0
2024-03-01 13:00:00,CERS,2.2249999046325684,2.2249999046325684,2.2249999046325684,2.2249999046325684,2.2249999046325684,726.0
2024-03-01 13:00:00,CERT,17.895000457763672,17.895000457763672,17.895000457763672,17.895000457763672,17.895000457763672,102.0
2024-03-01 13:00:00,CGC,3.2660999298095703,3.2660999298095703,3.2660999298095703,3.259999990463257,3.259999990463257,2335.0
2024-03-01 13:00:00,CGEM,18.889999389648438,18.889999389648438,18.889999389648438,18.8799991607666,18.889999389648438,883.0
2024-03-01 13:00:00,CGEN,2.6893999576568604,2.6893999576568604,2.6893999576568604,2.6893999576568604,2.6893999576568604,210.0
2024-03-01 13:00:00,CHRS,2.4049999713897705,2.4049999713897705,2.4049999713897705,2.4049999713897705,2.4049999713897705,586.0
2024-03-01 13:00:00,CING,1.3700000047683716,1.3700000047683716,1.3700000047683716,1.3700000047683716,1.3700000047683716,348.0
2024-03-01 13:00:00,CKPT,2.2100000381469727,2.2100000381469727,2.210599899291992,2.2100000381469727,2.210599899291992,2358.0
2024-03-01 13:00:00,CLDX,50.43000030517578,50.43000030517578,50.43000030517578,50.36000061035156,50.36000061035156,445.0
2024-03-01 13:00:00,CLNN,0.38749998807907104,0.38749998807907104,0.38749998807907104,0.38510000705718994,0.38510000705718994,16423.0
2024-03-01 13:00:00,CLOV,0.8647000193595886,0.8647000193595886,0.8676999807357788,0.8640999794006348,0.8676000237464905,85229.0
2024-03-01 13:00:00,CLPT,6.699999809265137,6.699999809265137,6.699999809265137,6.650000095367432,6.650000095367432,778.0
2024-03-01 13:00:00,CMPS,11.449999809265137,11.449999809265137,11.470000267028809,11.449999809265137,11.449999809265137,470.0
2024-03-01 13:00:00,CNTA,10.970000267028809,10.970000267028809,10.970000267028809,10.910099983215332,10.9399995803833,625.0
2024-03-01 13:00:00,COGT,7.139999866485596,7.139999866485596,7.139999866485596,7.139999866485596,7.139999866485596,458.0
2024-03-01 13:00:00,CORT,24.174999237060547,24.174999237060547,24.190000534057617,24.15999984741211,24.190000534057617,1772.0
2024-03-01 13:00:00,CPSI,9.585000038146973,9.585000038146973,9.619999885559082,9.550000190734863,9.550000190734863,1247.0
2024-03-01 13:00:00,CRBU,7.954999923706055,7.954999923706055,7.965000152587891,7.940000057220459,7.940000057220459,8097.0
2024-03-01 13:00:00,CRDF,2.371999979019165,2.371999979019165,2.390000104904175,2.369999885559082,2.390000104904175,8217.0
2024-03-01 13:00:00,CRMD,3.7049999237060547,3.7049999237060547,3.7100000381469727,3.7049999237060547,3.7100000381469727,1455.0
2024-03-01 13:00:00,CRON,2.0601000785827637,2.0601000785827637,2.0601000785827637,2.0601000785827637,2.0601000785827637,409.0
2024-03-01 13:00:00,CRSP,85.8949966430664,85.8949966430664,85.95999908447266,85.8949966430664,85.93000030517578,2006.0
2024-03-01 13:00:00,CSTL,20.43000030517578,20.43000030517578,20.469999313354492,20.43000030517578,20.469999313354492,1174.0
2024-03-01 13:00:00,CTKB,8.8149995803833,8.8149995803833,8.8149995803833,8.800000190734863,8.800000190734863,1620.0
2024-03-01 13:00:00,CTMX,2.7249999046325684,2.7249999046325684,2.7300000190734863,2.7200000286102295,2.7237000465393066,3160.0
2024-03-01 13:00:00,CUE,2.2100000381469727,2.2100000381469727,2.2100000381469727,2.2100000381469727,2.2100000381469727,142.0
2024-03-01 13:00:00,CUTR,2.430000066757202,2.430000066757202,2.430000066757202,2.430000066757202,2.430000066757202,101.0
2024-03-01 13:00:00,CVAC,3.5,3.5,3.5,3.5,3.5,708.0
2024-03-01 13:00:00,CVRX,20.639999389648438,20.639999389648438,20.707500457763672,20.639999389648438,20.707500457763672,873.0
2024-03-01 13:00:00,CYTK,73.30999755859375,73.30999755859375,73.33000183105469,73.30999755859375,73.30999755859375,1112.0
2024-03-01 13:00:00,CYTO,2.3949999809265137,2.3949999809265137,2.4019999504089355,2.3659000396728516,2.3659000396728516,2231.0
2024-03-01 13:00:00,DAWN,17.450000762939453,17.450000762939453,17.450000762939453,17.450000762939453,17.450000762939453,1106.0
2024-03-01 13:00:00,DCGO,4.164999961853027,4.164999961853027,4.164999961853027,4.164999961853027,4.164999961853027,1494.0
2024-03-01 13:00:00,DCPH,17.459999084472656,17.459999084472656,17.459999084472656,17.459999084472656,17.459999084472656,322.0
2024-03-01 13:00:00,DH,8.710000038146973,8.710000038146973,8.75,8.710000038146973,8.75,1634.0
2024-03-01 13:00:00,DMTK,0.8651000261306763,0.8651000261306763,0.8651000261306763,0.8593999743461609,0.859499990940094,4103.0
2024-03-01 13:00:00,DNLI,20.809999465942383,20.809999465942383,20.829999923706055,20.809999465942383,20.829999923706055,2439.0
2024-03-01 13:00:00,DSGN,2.8949999809265137,2.8949999809265137,2.8949999809265137,2.892699956893921,2.892699956893921,1414.0
2024-03-01 13:00:00,DTIL,12.489999771118164,12.489999771118164,12.5,12.40999984741211,12.40999984741211,3043.0
2024-03-01 13:00:00,DVAX,12.899999618530273,12.899999618530273,12.899999618530273,12.895000457763672,12.899999618530273,2060.0
2024-03-01 13:00:00,DXCM,121.7300033569336,121.7300033569336,121.73999786376953,121.58999633789062,121.66999816894531,6059.0
2024-03-01 13:00:00,DYN,28.7450008392334,28.7450008392334,28.774999618530273,28.739999771118164,28.75,4391.0
2024-03-01 13:00:00,EDAP,6.914999961853027,6.914999961853027,6.929999828338623,6.914999961853027,6.914999961853027,1200.0
2024-03-01 13:00:00,EDIT,10.8100004196167,10.8100004196167,10.819999694824219,10.805000305175781,10.819999694824219,3099.0
2024-03-01 13:00:00,EGRX,6.730000019073486,6.730000019073486,6.730000019073486,6.710000038146973,6.730000019073486,443.0
2024-03-01 13:00:00,EIGR,6.769999980926514,6.769999980926514,6.769999980926514,6.769999980926514,6.769999980926514,110.0
2024-03-01 13:00:00,ELEV,5.079999923706055,5.079999923706055,5.079999923706055,5.039999961853027,5.059999942779541,601.0
2024-03-01 13:00:00,ENSG,123.04000091552734,123.04000091552734,123.1500015258789,123.04000091552734,123.1500015258789,1022.0
2024-03-01 13:00:00,ENTA,15.420000076293945,15.420000076293945,15.420000076293945,15.404999732971191,15.404999732971191,230.0
2024-03-01 13:00:00,ENTX,1.4049999713897705,1.4049999713897705,1.4049999713897705,1.4049999713897705,1.4049999713897705,606.0
2024-03-01 13:00:00,ENVB,1.5291999578475952,1.5291999578475952,1.5299999713897705,1.5199999809265137,1.5199999809265137,4040.0
2024-03-01 13:00:00,EOLS,14.789999961853027,14.789999961853027,14.789999961853027,14.789999961853027,14.789999961853027,220.0
2024-03-01 13:00:00,ERAS,2.515000104904175,2.515000104904175,2.515000104904175,2.515000104904175,2.515000104904175,620.0
2024-03-01 13:00:00,ESPR,2.515000104904175,2.515000104904175,2.515000104904175,2.509999990463257,2.509999990463257,819.0
2024-03-01 13:00:00,ESTA,45.474998474121094,45.474998474121094,45.474998474121094,45.474998474121094,45.474998474121094,377.0
2024-03-01 13:00:00,EVGN,0.9625509977340698,0.9625509977340698,0.9625509977340698,0.9625509977340698,0.9625509977340698,1100.0
2024-03-01 13:00:00,EWTX,17.06999969482422,17.06999969482422,17.079999923706055,17.06999969482422,17.06999969482422,1392.0
2024-03-01 13:00:00,EXAS,60.375,60.375,60.375,60.36000061035156,60.369998931884766,1039.0
2024-03-01 13:00:00,EXEL,22.510000228881836,22.510000228881836,22.514999389648438,22.510000228881836,22.514999389648438,685.0
2024-03-01 13:00:00,EYEN,2.4800000190734863,2.4800000190734863,2.4800000190734863,2.460099935531616,2.460099935531616,2324.0
2024-03-01 13:00:00,FATE,7.574999809265137,7.574999809265137,7.574999809265137,7.574999809265137,7.574999809265137,180.0
2024-03-01 13:00:00,FBIO,2.3399999141693115,2.3399999141693115,2.3399999141693115,2.3399999141693115,2.3399999141693115,100.0
2024-03-01 13:00:00,FDMT,29.15999984741211,29.15999984741211,29.25,29.15999984741211,29.25,826.0
2024-03-01 13:00:00,FGEN,1.8700000047683716,1.8700000047683716,1.8700000047683716,1.8700000047683716,1.8700000047683716,1121.0
2024-03-01 13:00:00,FLGT,23.229999542236328,23.229999542236328,23.229999542236328,23.229999542236328,23.229999542236328,201.0
2024-03-01 13:00:00,FOLD,13.324999809265137,13.324999809265137,13.329999923706055,13.324999809265137,13.329999923706055,1142.0
2024-03-01 13:00:00,FULC,10.854999542236328,10.854999542236328,10.890000343322754,10.8100004196167,10.890000343322754,11011.0
2024-03-01 13:00:00,FUSN,12.369999885559082,12.369999885559082,12.369999885559082,12.350000381469727,12.350000381469727,2286.0
2024-03-01 13:00:00,GBIO,2.630000114440918,2.630000114440918,2.648400068283081,2.630000114440918,2.648400068283081,1230.0
2024-03-01 13:00:00,GDRX,8.225000381469727,8.225000381469727,8.229900360107422,8.220000267028809,8.220000267028809,855.0
2024-03-01 13:00:00,GERN,2.2200000286102295,2.2200000286102295,2.2300000190734863,2.2200000286102295,2.2249999046325684,16579.0
2024-03-01 13:00:00,GH,19.149999618530273,19.149999618530273,19.170000076293945,19.149999618530273,19.170000076293945,1212.0
2024-03-01 13:00:00,GILD,72.21499633789062,72.21499633789062,72.21749877929688,72.21150207519531,72.21499633789062,2666.0
2024-03-01 13:00:00,GLSI,12.524999618530273,12.524999618530273,12.699999809265137,12.524999618530273,12.529999732971191,976.0
2024-03-01 13:00:00,GLTO,0.7400000095367432,0.7400000095367432,0.7401000261306763,0.7400000095367432,0.7401000261306763,11734.0
2024-03-01 13:00:00,GLUE,6.46999979019165,6.46999979019165,6.46999979019165,6.46999979019165,6.46999979019165,223.0
2024-03-01 13:00:00,GLYC,3.049999952316284,3.049999952316284,3.049999952316284,3.049999952316284,3.049999952316284,100.0
2024-03-01 13:00:00,GMDA,0.3779999911785126,0.3779999911785126,0.3779999911785126,0.3779999911785126,0.3779999911785126,300.0
2024-03-01 13:00:00,GOSS,1.3849999904632568,1.3849999904632568,1.3849999904632568,1.3849999904632568,1.3849999904632568,300.0
2024-03-01 13:00:00,GRFS,7.085000038146973,7.085000038146973,7.085000038146973,7.085000038146973,7.085000038146973,312.0
2024-03-01 13:00:00,GRPH,3.494999885559082,3.494999885559082,3.494999885559082,3.494999885559082,3.494999885559082,180.0
2024-03-01 13:00:00,GRTS,2.1591999530792236,2.1591999530792236,2.1600000858306885,2.1584999561309814,2.1600000858306885,2073.0
2024-03-01 13:00:00,GTHX,3.7249999046325684,3.7249999046325684,3.7799999713897705,3.7249999046325684,3.7499001026153564,23378.0
2024-03-01 13:00:00,HCAT,8.03499984741211,8.03499984741211,8.03499984741211,8.03499984741211,8.03499984741211,202.0
2024-03-01 13:00:00,HLTH,0.2700999975204468,0.2700999975204468,0.2700999975204468,0.2700999975204468,0.2700999975204468,200.0
2024-03-01 13:00:00,HOLX,74.02999877929688,74.02999877929688,74.02999877929688,74.01000213623047,74.01000213623047,1359.0
2024-03-01 13:00:00,HQY,81.81999969482422,81.81999969482422,81.81999969482422,81.76000213623047,81.76000213623047,2305.0
2024-03-01 13:00:00,HRMY,31.485000610351562,31.485000610351562,31.485000610351562,31.485000610351562,31.485000610351562,279.0
2024-03-01 13:00:00,HROW,10.880000114440918,10.880000114440918,10.880000114440918,10.880000114440918,10.880000114440918,183.0
2024-03-01 13:00:00,HRTX,2.5799999237060547,2.5799999237060547,2.589900016784668,2.5799999237060547,2.5799999237060547,5807.0
2024-03-01 13:00:00,HSCS,0.11840000003576279,0.11840000003576279,0.1185000017285347,0.11840000003576279,0.1185000017285347,10270.0
2024-03-01 13:00:00,HSIC,76.93499755859375,76.93499755859375,76.93499755859375,76.91000366210938,76.93000030517578,1837.0
2024-03-01 13:00:00,HSTM,27.440000534057617,27.440000534057617,27.440000534057617,27.420000076293945,27.420000076293945,450.0
2024-03-01 13:00:00,HUMA,3.4700000286102295,3.4700000286102295,3.4700000286102295,3.4600000381469727,3.4649999141693115,2935.0
2024-03-01 13:00:00,IART,36.630001068115234,36.630001068115234,36.64500045776367,36.630001068115234,36.64500045776367,954.0
2024-03-01 13:00:00,IBRX,4.779900074005127,4.779900074005127,4.779900074005127,4.775000095367432,4.777699947357178,673.0
2024-03-01 13:00:00,ICUI,104.38999938964844,104.38999938964844,104.5,104.32839965820312,104.44999694824219,2460.0
2024-03-01 13:00:00,IDYA,46.5,46.5,46.5099983215332,46.47999954223633,46.5099983215332,479.0
2024-03-01 13:00:00,IKNA,1.500100016593933,1.500100016593933,1.5049999952316284,1.500100016593933,1.5049999952316284,489.0
2024-03-01 13:00:00,ILMN,142.19000244140625,142.19000244140625,142.22999572753906,142.1699981689453,142.22999572753906,1731.0
2024-03-01 13:00:00,IMCR,67.75,67.75,67.94000244140625,67.75,67.94000244140625,748.0
2024-03-01 13:00:00,IMMX,3.559999942779541,3.559999942779541,3.565000057220459,3.559999942779541,3.565000057220459,400.0
2024-03-01 13:00:00,IMNM,26.260000228881836,26.260000228881836,26.280000686645508,26.170000076293945,26.170000076293945,4542.0
2024-03-01 13:00:00,IMTX,12.989999771118164,12.989999771118164,12.989999771118164,12.989999771118164,12.989999771118164,100.0
2024-03-01 13:00:00,IMVT,36.209999084472656,36.209999084472656,36.209999084472656,36.209999084472656,36.209999084472656,208.0
2024-03-01 13:00:00,INCY,59.279998779296875,59.279998779296875,59.279998779296875,59.22999954223633,59.255001068115234,1463.0
2024-03-01 13:00:00,INGN,6.800000190734863,6.800000190734863,6.800000190734863,6.800000190734863,6.800000190734863,411.0
2024-03-01 13:00:00,INMD,22.841899871826172,22.841899871826172,22.860300064086914,22.841899871826172,22.860300064086914,4811.0
2024-03-01 13:00:00,INO,9.390000343322754,9.390000343322754,9.420000076293945,9.390000343322754,9.420000076293945,1826.0
2024-03-01 13:00:00,INSM,28.5,28.5,28.520000457763672,28.5,28.510000228881836,1847.0
2024-03-01 13:00:00,INVO,1.2000000476837158,1.2000000476837158,1.2000000476837158,1.2000000476837158,1.2000000476837158,962.0
2024-03-01 13:00:00,IONS,45.83000183105469,45.83000183105469,45.880001068115234,45.83000183105469,45.880001068115234,2158.0
2024-03-01 13:00:00,IOVA,16.825000762939453,16.825000762939453,16.834999084472656,16.81999969482422,16.834999084472656,8565.0
2024-03-01 13:00:00,IRTC,121.48999786376953,121.48999786376953,121.48999786376953,121.48999786376953,121.48999786376953,223.0
2024-03-01 13:00:00,IRWD,9.079999923706055,9.079999923706055,9.109999656677246,9.069999694824219,9.109999656677246,87913.0
2024-03-01 13:00:00,ISRG,395.69000244140625,395.69000244140625,395.7099914550781,395.54998779296875,395.6000061035156,5555.0
2024-03-01 13:00:00,ITCI,71.3949966430664,71.3949966430664,71.41999816894531,71.36000061035156,71.41999816894531,884.0
2024-03-01 13:00:00,IXHL,5.46999979019165,5.46999979019165,5.46999979019165,5.46999979019165,5.46999979019165,180.0
2024-03-01 13:00:00,JAGX,0.07370000332593918,0.07370000332593918,0.0737999975681305,0.07329999655485153,0.07329999655485153,39597.0
2024-03-01 13:00:00,JANX,46.540000915527344,46.540000915527344,46.540000915527344,46.540000915527344,46.540000915527344,433.0
2024-03-01 13:00:00,JAZZ,118.86009979248047,118.86009979248047,119.00499725341797,118.86009979248047,119.00499725341797,315.0
2024-03-01 13:00:00,KALV,14.0600004196167,14.0600004196167,14.077500343322754,14.0600004196167,14.069999694824219,786.0
2024-03-01 13:00:00,KNTE,2.6050000190734863,2.6050000190734863,2.609999895095825,2.6050000190734863,2.609999895095825,278.0
2024-03-01 13:00:00,KOD,6.099999904632568,6.099999904632568,6.099999904632568,6.099999904632568,6.099999904632568,1214.0
2024-03-01 13:00:00,KPTI,1.2100000381469727,1.2100000381469727,1.2100000381469727,1.2050000429153442,1.2050000429153442,1931.0
2024-03-01 13:00:00,KRTX,316.8599853515625,316.8599853515625,316.8999938964844,316.8599853515625,316.8999938964844,276.0
2024-03-01 13:00:00,KRYS,168.66000366210938,168.66000366210938,168.66000366210938,168.60000610351562,168.61000061035156,665.0
2024-03-01 13:00:00,KTRA,0.09860000014305115,0.09860000014305115,0.09880000352859497,0.09860000014305115,0.09880000352859497,400.0
2024-03-01 13:00:00,KURA,21.100000381469727,21.100000381469727,21.100000381469727,21.100000381469727,21.100000381469727,685.0
2024-03-01 13:00:00,KYMR,44.040000915527344,44.040000915527344,44.09000015258789,44.040000915527344,44.040000915527344,605.0
2024-03-01 13:00:00,KZIA,0.23999999463558197,0.23999999463558197,0.2409999966621399,0.23999999463558197,0.2409999966621399,2660.0
2024-03-01 13:00:00,KZR,1.0750000476837158,1.0750000476837158,1.0750000476837158,1.0700000524520874,1.0700000524520874,5562.0
2024-03-01 13:00:00,LAB,2.515000104904175,2.515000104904175,2.5199999809265137,2.515000104904175,2.5199999809265137,6082.0
2024-03-01 13:00:00,LBPH,21.850000381469727,21.850000381469727,21.940000534057617,21.850000381469727,21.940000534057617,491.0
2024-03-01 13:00:00,LEGN,65.97000122070312,65.97000122070312,65.97000122070312,65.97000122070312,65.97000122070312,601.0
2024-03-01 13:00:00,LEXX,2.807499885559082,2.807499885559082,2.807499885559082,2.807499885559082,2.807499885559082,1000.0
2024-03-01 13:00:00,LFST,7.739999771118164,7.739999771118164,7.739999771118164,7.739999771118164,7.739999771118164,1203.0
2024-03-01 13:00:00,LGVN,0.5400000214576721,0.5400000214576721,0.5400000214576721,0.5400000214576721,0.5400000214576721,131.0
2024-03-01 13:00:00,LIVN,55.689998626708984,55.689998626708984,55.744998931884766,55.560001373291016,55.744998931884766,7493.0
2024-03-01 13:00:00,LNTH,65.58000183105469,65.58000183105469,65.58000183105469,65.58000183105469,65.58000183105469,548.0
2024-03-01 13:00:00,LPTX,2.9200000762939453,2.9200000762939453,2.9200000762939453,2.9200000762939453,2.9200000762939453,290.0
2024-03-01 13:00:00,LQDA,14.529999732971191,14.529999732971191,14.529999732971191,14.524999618530273,14.524999618530273,908.0
2024-03-01 13:00:00,LRMR,11.4399995803833,11.4399995803833,11.4399995803833,11.4399995803833,11.4399995803833,155.0
2024-03-01 13:00:00,LVTX,3.04010009765625,3.04010009765625,3.055000066757202,3.04010009765625,3.055000066757202,628.0
2024-03-01 13:00:00,LXRX,2.515000104904175,2.515000104904175,2.5199999809265137,2.515000104904175,2.515000104904175,4092.0
2024-03-01 13:00:00,LYEL,3.1600000858306885,3.1600000858306885,3.1600000858306885,3.1600000858306885,3.1600000858306885,100.0
2024-03-01 13:00:00,LYRA,5.670000076293945,5.670000076293945,5.699999809265137,5.670000076293945,5.699999809265137,1205.0
2024-03-01 13:00:00,MACK,14.710000038146973,14.710000038146973,14.710000038146973,14.710000038146973,14.710000038146973,353.0
2024-03-01 13:00:00,MBRX,0.6373000144958496,0.6373000144958496,0.6373000144958496,0.625245988368988,0.625245988368988,7044.0
2024-03-01 13:00:00,MCRB,1.2100000381469727,1.2100000381469727,1.2100000381469727,1.2000000476837158,1.2000000476837158,2825.0
2024-03-01 13:00:00,MDRX,6.050000190734863,6.050000190734863,6.099999904632568,6.0,6.050000190734863,150404.0
2024-03-01 13:00:00,MDXG,8.71500015258789,8.71500015258789,8.71500015258789,8.71500015258789,8.71500015258789,1389.0
2024-03-01 13:00:00,ME,0.574150025844574,0.574150025844574,0.574150025844574,0.5726000070571899,0.572700023651123,3511.0
2024-03-01 13:00:00,MEDP,400.6099853515625,400.6099853515625,401.0199890136719,400.6099853515625,400.760009765625,3400.0
2024-03-01 13:00:00,MEDS,9.149999618530273,9.149999618530273,9.149999618530273,9.149999618530273,9.149999618530273,147.0
2024-03-01 13:00:00,MESO,2.049999952316284,2.049999952316284,2.049999952316284,2.049999952316284,2.049999952316284,100.0
2024-03-01 13:00:00,MGNX,18.915000915527344,18.915000915527344,18.924999237060547,18.899999618530273,18.920000076293945,1006.0
2024-03-01 13:00:00,MGTX,6.454999923706055,6.454999923706055,6.454999923706055,6.454999923706055,6.454999923706055,608.0
2024-03-01 13:00:00,MIRM,29.760000228881836,29.760000228881836,29.860000610351562,29.760000228881836,29.860000610351562,1675.0
2024-03-01 13:00:00,MIST,1.7599999904632568,1.7599999904632568,1.7799999713897705,1.75,1.7549999952316284,14638.0
2024-03-01 13:00:00,MLTX,51.720001220703125,51.720001220703125,51.77000045776367,51.689998626708984,51.689998626708984,638.0
2024-03-01 13:00:00,MMSI,76.5,76.5,76.5,76.5,76.5,185.0
2024-03-01 13:00:00,MNKD,4.519999980926514,4.519999980926514,4.53000020980835,4.519999980926514,4.525000095367432,851.0
2024-03-01 13:00:00,MNMD,6.125,6.125,6.125,6.125,6.125,364.0
2024-03-01 13:00:00,MODD,1.9199999570846558,1.9199999570846558,1.9199999570846558,1.9199999570846558,1.9199999570846558,700.0
2024-03-01 13:00:00,MODV,28.06999969482422,28.06999969482422,28.06999969482422,28.010000228881836,28.010000228881836,449.0
2024-03-01 13:00:00,MORF,39.560001373291016,39.560001373291016,39.560001373291016,39.560001373291016,39.560001373291016,419.0
2024-03-01 13:00:00,MREO,3.884999990463257,3.884999990463257,3.884999990463257,3.880000114440918,3.880199909210205,10321.0
2024-03-01 13:00:00,MRNA,96.5999984741211,96.5999984741211,96.5999984741211,96.5199966430664,96.56500244140625,2562.0
2024-03-01 13:00:00,MRSN,5.989999771118164,5.989999771118164,5.994999885559082,5.974999904632568,5.974999904632568,3057.0
2024-03-01 13:00:00,MRUS,51.77000045776367,51.77000045776367,51.77000045776367,51.7599983215332,51.7599983215332,322.0
2024-03-01 13:00:00,MRVI,7.804999828338623,7.804999828338623,7.809199810028076,7.800000190734863,7.809199810028076,1550.0
2024-03-01 13:00:00,MXCT,4.764999866485596,4.764999866485596,4.764999866485596,4.764999866485596,4.764999866485596,103.0
2024-03-01 13:00:00,NARI,45.02000045776367,45.02000045776367,45.060001373291016,45.0,45.04999923706055,2844.0
2024-03-01 13:00:00,NBIX,131.0399932861328,131.0399932861328,131.07000732421875,131.02999877929688,131.02999877929688,2197.0
2024-03-01 13:00:00,NEO,16.1200008392334,16.1200008392334,16.1200008392334,16.1200008392334,16.1200008392334,474.0
2024-03-01 13:00:00,NEOG,17.344999313354492,17.344999313354492,17.350000381469727,17.344999313354492,17.350000381469727,1008.0
2024-03-01 13:00:00,NKTR,0.7900000214576721,0.7900000214576721,0.7900000214576721,0.7900000214576721,0.7900000214576721,1592.0
2024-03-01 13:00:00,NKTX,12.819999694824219,12.819999694824219,12.829999923706055,12.8100004196167,12.829999923706055,746.0
2024-03-01 13:00:00,NNOX,11.031499862670898,11.031499862670898,11.03499984741211,11.029999732971191,11.029999732971191,7282.0
2024-03-01 13:00:00,NOTV,8.149999618530273,8.149999618530273,8.149999618530273,8.149999618530273,8.149999618530273,112.0
2024-03-01 13:00:00,NPCE,16.8799991607666,16.8799991607666,16.8799991607666,16.8799991607666,16.8799991607666,211.0
2024-03-01 13:00:00,NRBO,5.932400226593018,5.932400226593018,5.96999979019165,5.932400226593018,5.96999979019165,601.0
2024-03-01 13:00:00,NRIX,13.59000015258789,13.59000015258789,13.59000015258789,13.569999694824219,13.579999923706055,532.0
2024-03-01 13:00:00,NRSN,2.049999952316284,2.049999952316284,2.049999952316284,2.0399999618530273,2.0499000549316406,760.0
2024-03-01 13:00:00,NRXP,0.4198000133037567,0.4198000133037567,0.4198000133037567,0.4196999967098236,0.4196999967098236,200.0
2024-03-01 13:00:00,NTLA,33.41999816894531,33.41999816894531,33.439998626708984,33.41999816894531,33.43000030517578,2417.0
2024-03-01 13:00:00,NTRA,89.55999755859375,89.55999755859375,89.69000244140625,89.2354965209961,89.4000015258789,16368.0
2024-03-01 13:00:00,NUTX,0.11309999972581863,0.11309999972581863,0.11309999972581863,0.11309999972581863,0.11309999972581863,110.0
2024-03-01 13:00:00,NUVL,88.63899993896484,88.63899993896484,88.7249984741211,88.5999984741211,88.63999938964844,594.0
2024-03-01 13:00:00,NVAX,5.15910005569458,5.15910005569458,5.159999847412109,5.1508002281188965,5.159999847412109,2341.0
2024-03-01 13:00:00,NVCR,16.014999389648438,16.014999389648438,16.031200408935547,16.014999389648438,16.031200408935547,1117.0
2024-03-01 13:00:00,NVOS,0.6417999863624573,0.6417999863624573,0.6417999863624573,0.6417999863624573,0.6417999863624573,300.0
2024-03-01 13:00:00,NXTC,1.7799999713897705,1.7799999713897705,1.7799999713897705,1.7799999713897705,1.7799999713897705,100.0
2024-03-01 13:00:00,OCGN,0.9463000297546387,0.9463000297546387,0.9469000101089478,0.9463000297546387,0.9469000101089478,1276.0
2024-03-01 13:00:00,OCUL,10.789999961853027,10.789999961853027,10.8100004196167,10.789999961853027,10.8100004196167,3507.0
2024-03-01 13:00:00,OGI,2.2100000381469727,2.2100000381469727,2.2149999141693115,2.2100000381469727,2.210900068283081,1008.0
2024-03-01 13:00:00,OLK,22.645000457763672,22.645000457763672,22.645000457763672,22.645000457763672,22.645000457763672,100.0
2024-03-01 13:00:00,OLMA,14.649999618530273,14.649999618530273,14.720000267028809,14.630000114440918,14.720000267028809,3955.0
2024-03-01 13:00:00,OMER,4.764999866485596,4.764999866485596,4.769999980926514,4.764999866485596,4.769999980926514,451.0
2024-03-01 13:00:00,OMIC,0.5914000272750854,0.5914000272750854,0.5950999855995178,0.5914000272750854,0.5950999855995178,1109.0
2024-03-01 13:01:00,AADI,1.9900000095367432,1.9900000095367432,1.998900055885315,1.9900000095367432,1.998900055885315,1172.0
2024-03-01 13:01:00,ABCL,5.244999885559082,5.244999885559082,5.25,5.244999885559082,5.25,8866.0
2024-03-01 13:01:00,ABEO,7.829999923706055,7.829999923706055,7.855000019073486,7.829999923706055,7.855000019073486,1857.0
2024-03-01 13:01:00,ABOS,4.679999828338623,4.679999828338623,4.679999828338623,4.679999828338623,4.679999828338623,927.0
2024-03-01 13:01:00,ABSI,5.329999923706055,5.329999923706055,5.340000152587891,5.324999809265137,5.340000152587891,9707.0
2024-03-01 13:01:00,ABUS,2.7750000953674316,2.7750000953674316,2.7750000953674316,2.7750000953674316,2.7750000953674316,120.0
2024-03-01 13:01:00,ACAD,24.489999771118164,24.489999771118164,24.530000686645508,24.479999542236328,24.489999771118164,7239.0
2024-03-01 13:01:00,ACB,3.200000047683716,3.200000047683716,3.200000047683716,3.200000047683716,3.200000047683716,1105.0
2024-03-01 13:01:00,ACET,2.390000104904175,2.390000104904175,2.3970000743865967,2.390000104904175,2.3970000743865967,200.0
2024-03-01 13:01:00,ACHC,84.54499816894531,84.54499816894531,84.54499816894531,84.54499816894531,84.54499816894531,281.0
2024-03-01 13:01:00,ACHV,4.360000133514404,4.360000133514404,4.360000133514404,4.329999923706055,4.329999923706055,7105.0
2024-03-01 13:01:00,ACIU,3.9100000858306885,3.9100000858306885,3.9100000858306885,3.9100000858306885,3.9100000858306885,1075.0
2024-03-01 13:01:00,ACLX,66.72000122070312,66.72000122070312,66.79499816894531,66.70999908447266,66.79499816894531,1287.0
2024-03-01 13:01:00,ACRS,1.2300000190734863,1.2300000190734863,1.2400000095367432,1.2300000190734863,1.2400000095367432,228.0
2024-03-01 13:01:00,ACXP,3.1466000080108643,3.1466000080108643,3.1500000953674316,3.140000104904175,3.1500000953674316,4063.0
2024-03-01 13:01:00,ADIL,3.119999885559082,3.119999885559082,3.1500000953674316,3.1050000190734863,3.130000114440918,33911.0
2024-03-01 13:01:00,ADMA,5.449999809265137,5.449999809265137,5.454999923706055,5.449999809265137,5.454999923706055,1556.0
2024-03-01 13:01:00,ADPT,4.190000057220459,4.190000057220459,4.190000057220459,4.190000057220459,4.190000057220459,127.0
2024-03-01 13:01:00,ADUS,93.76000213623047,93.76000213623047,93.88999938964844,93.73999786376953,93.73999786376953,3751.0
2024-03-01 13:01:00,ADVM,1.9700000286102295,1.9700000286102295,1.9700000286102295,1.9700000286102295,1.9700000286102295,4701.0
2024-03-01 13:01:00,AFMD,0.6389999985694885,0.6389999985694885,0.6389999985694885,0.6389999985694885,0.6389999985694885,100.0
2024-03-01 13:01:00,AGEN,0.6782000064849854,0.6782000064849854,0.6782000064849854,0.6772000193595886,0.6772000193595886,3650.0
2024-03-01 13:01:00,AGIO,32.869998931884766,32.869998931884766,32.869998931884766,32.869998931884766,32.869998931884766,380.0
2024-03-01 13:01:00,AHCO,10.654999732971191,10.654999732971191,10.694999694824219,10.654999732971191,10.694999694824219,4119.0
2024-03-01 13:01:00,AIRS,6.510000228881836,6.510000228881836,6.539999961853027,6.510000228881836,6.539999961853027,330.0
2024-03-01 13:01:00,AKAN,0.22190000116825104,0.22190000116825104,0.22200000286102295,0.22190000116825104,0.22200000286102295,7000.0
2024-03-01 13:01:00,AKBA,1.690000057220459,1.690000057220459,1.690000057220459,1.680899977684021,1.680899977684021,1425.0
2024-03-01 13:01:00,AKLI,0.33340001106262207,0.33340001106262207,0.3400999903678894,0.33340001106262207,0.3400999903678894,10268.0
2024-03-01 13:01:00,AKRO,29.739999771118164,29.739999771118164,29.774999618530273,29.739999771118164,29.774999618530273,1397.0
2024-03-01 13:01:00,ALDX,4.167500019073486,4.167500019073486,4.167500019073486,4.167500019073486,4.167500019073486,100.0
2024-03-01 13:01:00,ALHC,5.704999923706055,5.704999923706055,5.704999923706055,5.702499866485596,5.702499866485596,1462.0
2024-03-01 13:01:00,ALKS,30.184999465942383,30.184999465942383,30.19499969482422,30.18000030517578,30.19499969482422,2962.0
2024-03-01 13:01:00,ALLK,1.6074999570846558,1.6074999570846558,1.6074999570846558,1.6074999570846558,1.6074999570846558,260.0
2024-03-01 13:01:00,ALNY,154.3800048828125,154.3800048828125,154.5,154.3800048828125,154.5,315.0
2024-03-01 13:01:00,ALPN,35.7599983215332,35.7599983215332,35.7599983215332,35.7599983215332,35.7599983215332,248.0
2024-03-01 13:01:00,ALT,12.028499603271484,12.028499603271484,12.029999732971191,12.0,12.010000228881836,3654.0
2024-03-01 13:01:00,ALVR,0.7556999921798706,0.7556999921798706,0.7556999921798706,0.755649983882904,0.755649983882904,3119.0
2024-03-01 13:01:00,AMED,93.30999755859375,93.30999755859375,93.30999755859375,93.30999755859375,93.30999755859375,742.0
2024-03-01 13:01:00,AMGN,281.0299987792969,281.0299987792969,281.1400146484375,281.0299987792969,281.0950012207031,2829.0
2024-03-01 13:01:00,AMPH,45.29999923706055,45.29999923706055,45.29999923706055,45.29499816894531,45.29499816894531,942.0
2024-03-01 13:01:00,AMRN,1.0499999523162842,1.0499999523162842,1.0549999475479126,1.0499999523162842,1.0549999475479126,1453.0
2024-03-01 13:01:00,ANIP,66.5250015258789,66.5250015258789,66.5250015258789,66.4000015258789,66.4000015258789,289.0
2024-03-01 13:01:00,APLS,64.66000366210938,64.66000366210938,64.75389862060547,64.66000366210938,64.75389862060547,1185.0
2024-03-01 13:01:00,APLT,7.099999904632568,7.099999904632568,7.099999904632568,7.070000171661377,7.070000171661377,5509.0
2024-03-01 13:01:00,AQST,4.156000137329102,4.156000137329102,4.199999809265137,4.150000095367432,4.199999809265137,8605.0
2024-03-01 13:01:00,ARDX,9.5649995803833,9.5649995803833,9.574999809265137,9.5600004196167,9.574999809265137,10920.0
2024-03-01 13:01:00,ARGX,392.489990234375,392.489990234375,392.489990234375,392.489990234375,392.489990234375,576.0
2024-03-01 13:01:00,ARQT,11.765000343322754,11.765000343322754,11.789999961853027,11.765000343322754,11.789999961853027,9023.0
2024-03-01 13:01:00,ARVN,49.1150016784668,49.1150016784668,49.1150016784668,49.03499984741211,49.03499984741211,304.0
2024-03-01 13:01:00,ARWR,35.69499969482422,35.69499969482422,35.73540115356445,35.69499969482422,35.73540115356445,844.0
2024-03-01 13:01:00,ASMB,13.300000190734863,13.300000190734863,13.300000190734863,13.289999961853027,13.289999961853027,506.0
2024-03-01 13:01:00,ASND,151.91000366210938,151.91000366210938,151.91000366210938,151.91000366210938,151.91000366210938,598.0
2024-03-01 13:01:00,ASRT,0.9294999837875366,0.9294999837875366,0.9294999837875366,0.920199990272522,0.9249500036239624,835.0
2024-03-01 13:01:00,ATAI,2.140000104904175,2.140000104904175,2.140000104904175,2.1361000537872314,2.1361000537872314,10118.0
2024-03-01 13:01:00,ATEC,13.529999732971191,13.529999732971191,13.529999732971191,13.529999732971191,13.529999732971191,1032.0
2024-03-01 13:01:00,ATHA,4.005000114440918,4.005000114440918,4.010000228881836,4.001299858093262,4.005000114440918,500.0
2024-03-01 13:01:00,ATRA,0.7972999811172485,0.7972999811172485,0.7972999811172485,0.7900000214576721,0.7900000214576721,6354.0
2024-03-01 13:01:00,ATRC,36.119998931884766,36.119998931884766,36.119998931884766,36.119998931884766,36.119998931884766,366.0
2024-03-01 13:01:00,ATXI,0.15209999680519104,0.15209999680519104,0.15209999680519104,0.15209999680519104,0.15209999680519104,1058.0
2024-03-01 13:01:00,ATXS,14.7298002243042,14.7298002243042,14.7298002243042,14.7298002243042,14.7298002243042,151.0
2024-03-01 13:01:00,AVDL,13.0,13.0,13.0,13.0,13.0,3116.0
2024-03-01 13:01:00,AVIR,4.534999847412109,4.534999847412109,4.534999847412109,4.53000020980835,4.53000020980835,311.0
2024-03-01 13:01:00,AVRO,1.350000023841858,1.350000023841858,1.350000023841858,1.3450000286102295,1.3450000286102295,1507.0
2024-03-01 13:01:00,AVXL,5.329999923706055,5.329999923706055,5.360000133514404,5.329999923706055,5.360000133514404,28913.0
2024-03-01 13:01:00,AXNX,67.54000091552734,67.54000091552734,67.54000091552734,67.54000091552734,67.54000091552734,2009.0
2024-03-01 13:01:00,AZN,64.66500091552734,64.66500091552734,64.67500305175781,64.66500091552734,64.66999816894531,4469.0
2024-03-01 13:01:00,AZTA,67.16999816894531,67.16999816894531,67.18000030517578,67.11100006103516,67.18000030517578,897.0
2024-03-01 13:01:00,BBIO,36.06999969482422,36.06999969482422,36.06999969482422,36.06999969482422,36.06999969482422,528.0
2024-03-01 13:01:00,BBLG,2.609999895095825,2.609999895095825,2.609999895095825,2.609999895095825,2.609999895095825,2000.0
2024-03-01 13:01:00,BCAB,2.755000114440918,2.755000114440918,2.759999990463257,2.755000114440918,2.759999990463257,200.0
2024-03-01 13:01:00,BCRX,5.759900093078613,5.759900093078613,5.760000228881836,5.755000114440918,5.755000114440918,4328.0
2024-03-01 13:01:00,BDSX,1.5999000072479248,1.5999000072479248,1.5999000072479248,1.5999000072479248,1.5999000072479248,556.0
2024-03-01 13:01:00,BDTX,5.0,5.0,5.0,5.0,5.0,373.0
2024-03-01 13:01:00,BEAM,40.094600677490234,40.094600677490234,40.11000061035156,40.06639862060547,40.06639862060547,1626.0
2024-03-01 13:01:00,BIIB,221.17999267578125,221.17999267578125,221.17999267578125,221.1199951171875,221.1199951171875,1330.0
2024-03-01 13:01:00,BIOR,1.1332999467849731,1.1332999467849731,1.1399999856948853,1.1299999952316284,1.1398999691009521,3973.0
2024-03-01 13:01:00,BIVI,1.840000033378601,1.840000033378601,1.850000023841858,1.8016999959945679,1.8016999959945679,59239.0
2024-03-01 13:01:00,BLFS,18.135000228881836,18.135000228881836,18.139999389648438,18.09000015258789,18.11750030517578,6335.0
2024-03-01 13:01:00,BLUE,1.597499966621399,1.597499966621399,1.597499966621399,1.5950000286102295,1.5950000286102295,614.0
2024-03-01 13:01:00,BMEA,18.149999618530273,18.149999618530273,18.15999984741211,18.149999618530273,18.15999984741211,461.0
2024-03-01 13:01:00,BMRN,87.38500213623047,87.38500213623047,87.4000015258789,87.38500213623047,87.4000015258789,3383.0
2024-03-01 13:01:00,BNR,0.8241000175476074,0.8241000175476074,0.8241000175476074,0.8241000175476074,0.8241000175476074,400.0
2024-03-01 13:01:00,BNTC,5.190000057220459,5.190000057220459,5.190000057220459,5.190000057220459,5.190000057220459,303.0
2024-03-01 13:01:00,BNTX,91.66000366210938,91.66000366210938,91.70539855957031,91.62000274658203,91.70539855957031,1648.0
2024-03-01 13:01:00,BPMC,96.88999938964844,96.88999938964844,96.88999938964844,96.88999938964844,96.88999938964844,168.0
2024-03-01 13:01:00,BRKR,88.27999877929688,88.27999877929688,88.27999877929688,88.26499938964844,88.26499938964844,723.0
2024-03-01 13:01:00,BSGM,0.6430000066757202,0.6430000066757202,0.6430000066757202,0.6430000066757202,0.6430000066757202,101.0
2024-03-01 13:01:00,BTMD,5.989999771118164,5.989999771118164,6.0,5.989999771118164,6.0,1026.0
2024-03-01 13:01:00,BTTX,0.17710000276565552,0.17710000276565552,0.17720100283622742,0.17710000276565552,0.17720100283622742,2700.0
2024-03-01 13:01:00,CABA,24.010000228881836,24.010000228881836,24.020000457763672,24.010000228881836,24.020000457763672,270.0
2024-03-01 13:01:00,CADL,1.7100000381469727,1.7100000381469727,1.7100000381469727,1.7100000381469727,1.7100000381469727,100.0
2024-03-01 13:01:00,CAPR,4.52239990234375,4.52239990234375,4.52239990234375,4.52239990234375,4.52239990234375,160.0
2024-03-01 13:01:00,CARA,0.9380000233650208,0.9380000233650208,0.9384999871253967,0.9380000233650208,0.9384999871253967,1445.0
2024-03-01 13:01:00,CBAY,32.23500061035156,32.23500061035156,32.2400016784668,32.22999954223633,32.22999954223633,2370.0
2024-03-01 13:01:00,CCCC,10.970000267028809,10.970000267028809,10.975000381469727,10.899999618530273,10.899999618530273,9672.0
2024-03-01 13:01:00,CDNA,12.329999923706055,12.329999923706055,12.380000114440918,12.329999923706055,12.380000114440918,4260.0
2024-03-01 13:01:00,CDXS,4.494999885559082,4.494999885559082,4.5,4.489999771118164,4.489999771118164,1758.0
2024-03-01 13:01:00,CERE,41.095001220703125,41.095001220703125,41.095001220703125,41.09000015258789,41.09000015258789,1425.0
2024-03-01 13:01:00,CERS,2.2249999046325684,2.2249999046325684,2.2249999046325684,2.2249999046325684,2.2249999046325684,527.0
2024-03-01 13:01:00,CERT,17.895000457763672,17.895000457763672,17.895000457763672,17.895000457763672,17.895000457763672,445.0
2024-03-01 13:01:00,CGC,3.259999990463257,3.259999990463257,3.2602999210357666,3.259999990463257,3.259999990463257,2721.0
2024-03-01 13:01:00,CGTX,2.0199999809265137,2.0199999809265137,2.0199999809265137,2.0199999809265137,2.0199999809265137,201.0
2024-03-01 13:01:00,CHRS,2.4100000858306885,2.4100000858306885,2.4100000858306885,2.4049999713897705,2.4049999713897705,2325.0
2024-03-01 13:01:00,CING,1.340000033378601,1.340000033378601,1.3600000143051147,1.340000033378601,1.3600000143051147,10121.0
2024-03-01 13:01:00,CLDX,50.564998626708984,50.564998626708984,50.630001068115234,50.369998931884766,50.43000030517578,16451.0
2024-03-01 13:01:00,CLOV,0.8641999959945679,0.8641999959945679,0.864799976348877,0.8640999794006348,0.8647000193595886,49504.0
2024-03-01 13:01:00,CLRB,4.150000095367432,4.150000095367432,4.150000095367432,4.150000095367432,4.150000095367432,500.0
2024-03-01 13:01:00,CLSD,1.399999976158142,1.399999976158142,1.399999976158142,1.399999976158142,1.399999976158142,116.0
2024-03-01 13:01:00,CMPS,11.40999984741211,11.40999984741211,11.479999542236328,11.350000381469727,11.479999542236328,12791.0
2024-03-01 13:01:00,CMPX,1.850000023841858,1.850000023841858,1.850000023841858,1.840000033378601,1.840000033378601,13973.0
2024-03-01 13:01:00,CMRX,1.1699999570846558,1.1699999570846558,1.1699999570846558,1.1699999570846558,1.1699999570846558,100.0
2024-03-01 13:01:00,CNTA,10.9399995803833,10.9399995803833,10.9399995803833,10.9399995803833,10.9399995803833,191.0
2024-03-01 13:01:00,COGT,7.150000095367432,7.150000095367432,7.150000095367432,7.130000114440918,7.139999866485596,3410.0
2024-03-01 13:01:00,CORT,24.25,24.25,24.25,24.174999237060547,24.174999237060547,6237.0
2024-03-01 13:01:00,CPRX,17.135000228881836,17.135000228881836,17.139999389648438,17.09000015258789,17.09000015258789,5126.0
2024-03-01 13:01:00,CPSI,9.619999885559082,9.619999885559082,9.619999885559082,9.619999885559082,9.619999885559082,313.0
2024-03-01 13:01:00,CRBU,7.954999923706055,7.954999923706055,7.954999923706055,7.952000141143799,7.954999923706055,1379.0
2024-03-01 13:01:00,CRDF,2.375,2.375,2.380000114440918,2.369999885559082,2.380000114440918,6055.0
2024-03-01 13:01:00,CRNX,46.3849983215332,46.3849983215332,46.45000076293945,46.310001373291016,46.310001373291016,459.0
2024-03-01 13:01:00,CRON,2.069499969482422,2.069499969482422,2.069499969482422,2.059999942779541,2.065000057220459,1959.0
2024-03-01 13:01:00,CRSP,85.94000244140625,85.94000244140625,85.97000122070312,85.87999725341797,85.91999816894531,2402.0
2024-03-01 13:01:00,CRVS,2.2562999725341797,2.2562999725341797,2.2562999725341797,2.252500057220459,2.252500057220459,200.0
2024-03-01 13:01:00,CSTL,20.299999237060547,20.299999237060547,20.3799991607666,20.299999237060547,20.3799991607666,1186.0
2024-03-01 13:01:00,CTMX,2.734999895095825,2.734999895095825,2.740000009536743,2.7249999046325684,2.7249999046325684,10098.0
2024-03-01 13:01:00,CTXR,0.7712000012397766,0.7712000012397766,0.7712000012397766,0.7712000012397766,0.7712000012397766,401.0
2024-03-01 13:01:00,CUE,2.2100000381469727,2.2100000381469727,2.2100000381469727,2.2100000381469727,2.2100000381469727,200.0
2024-03-01 13:01:00,CVRX,20.600000381469727,20.600000381469727,20.674999237060547,20.600000381469727,20.674999237060547,629.0
2024-03-01 13:01:00,CYTK,73.22000122070312,73.22000122070312,73.27999877929688,73.22000122070312,73.2699966430664,2260.0
2024-03-01 13:01:00,CYTO,2.430000066757202,2.430000066757202,2.430000066757202,2.4000000953674316,2.4000000953674316,1005.0
2024-03-01 13:01:00,DARE,0.5600000023841858,0.5600000023841858,0.5600000023841858,0.5590000152587891,0.5590000152587891,2149.0
2024-03-01 13:01:00,DCPH,17.454999923706055,17.454999923706055,17.454999923706055,17.454999923706055,17.454999923706055,124.0
2024-03-01 13:01:00,DH,8.699999809265137,8.699999809265137,8.718400001525879,8.699999809265137,8.718400001525879,1022.0
2024-03-01 13:01:00,DMTK,0.8650000095367432,0.8650000095367432,0.8651000261306763,0.8650000095367432,0.8651000261306763,12975.0
2024-03-01 13:01:00,DNLI,20.80500030517578,20.80500030517578,20.809999465942383,20.799999237060547,20.809999465942383,697.0
2024-03-01 13:01:00,DSGN,2.8949999809265137,2.8949999809265137,2.8949999809265137,2.8949999809265137,2.8949999809265137,249.0
2024-03-01 13:01:00,DTIL,12.489999771118164,12.489999771118164,12.489999771118164,12.470000267028809,12.470000267028809,925.0
2024-03-01 13:01:00,DVAX,12.895000457763672,12.895000457763672,12.899999618530273,12.895000457763672,12.899999618530273,1684.0
2024-03-01 13:01:00,DXCM,121.67500305175781,121.67500305175781,121.7699966430664,121.67500305175781,121.70999908447266,4372.0
2024-03-01 13:01:00,DYN,28.770000457763672,28.770000457763672,28.770000457763672,28.75,28.75,3215.0
2024-03-01 13:01:00,EDIT,10.819999694824219,10.819999694824219,10.819999694824219,10.801199913024902,10.805000305175781,3285.0
2024-03-01 13:01:00,EFTR,15.269000053405762,15.269000053405762,15.269000053405762,15.269000053405762,15.269000053405762,199.0
2024-03-01 13:01:00,EIGR,6.760000228881836,6.760000228881836,6.760000228881836,6.75,6.760000228881836,707.0
2024-03-01 13:01:00,ELEV,5.059999942779541,5.059999942779541,5.079999923706055,5.059999942779541,5.059999942779541,702.0
2024-03-01 13:01:00,EMBC,14.449999809265137,14.449999809265137,14.449999809265137,14.449999809265137,14.449999809265137,453.0
2024-03-01 13:01:00,ENSC,0.9300000071525574,0.9300000071525574,0.9312009811401367,0.9300000071525574,0.9312009811401367,3638.0
2024-03-01 13:01:00,ENTX,1.4098999500274658,1.4098999500274658,1.409999966621399,1.4000999927520752,1.4049999713897705,7255.0
2024-03-01 13:01:00,ENVB,1.5157999992370605,1.5157999992370605,1.5299999713897705,1.5157999992370605,1.5199999809265137,6769.0
2024-03-01 13:01:00,EOLS,14.789999961853027,14.789999961853027,14.789999961853027,14.789999961853027,14.789999961853027,310.0
2024-03-01 13:01:00,ERAS,2.515000104904175,2.515000104904175,2.515000104904175,2.515000104904175,2.515000104904175,1012.0
2024-03-01 13:01:00,ESPR,2.515399932861328,2.515399932861328,2.5199999809265137,2.509999990463257,2.509999990463257,4463.0
2024-03-01 13:01:00,ETNB,13.229999542236328,13.229999542236328,13.229999542236328,13.220000267028809,13.220000267028809,1616.0
2024-03-01 13:01:00,EVGN,0.9649999737739563,0.9649999737739563,0.9649999737739563,0.9649999737739563,0.9649999737739563,1188.0
2024-03-01 13:01:00,EWTX,17.059999465942383,17.059999465942383,17.059999465942383,17.059999465942383,17.059999465942383,577.0
2024-03-01 13:01:00,EXAI,6.799699783325195,6.799699783325195,6.799699783325195,6.799699783325195,6.799699783325195,395.0
2024-03-01 13:01:00,EXAS,60.404998779296875,60.404998779296875,60.40999984741211,60.349998474121094,60.369998931884766,1970.0
2024-03-01 13:01:00,EYEN,2.4700000286102295,2.4700000286102295,2.4749999046325684,2.4700000286102295,2.4749999046325684,14105.0
2024-03-01 13:01:00,FATE,7.59499979019165,7.59499979019165,7.605000019073486,7.574999809265137,7.574999809265137,6937.0
2024-03-01 13:01:00,FENC,9.729999542236328,9.729999542236328,9.729999542236328,9.729999542236328,9.729999542236328,112.0
2024-03-01 13:01:00,FOLD,13.324999809265137,13.324999809265137,13.324999809265137,13.324999809265137,13.324999809265137,1317.0
2024-03-01 13:01:00,FULC,10.869999885559082,10.869999885559082,10.869999885559082,10.869999885559082,10.869999885559082,520.0
2024-03-01 13:01:00,FUSN,12.359999656677246,12.359999656677246,12.369999885559082,12.359999656677246,12.369999885559082,723.0
2024-03-01 13:01:00,GALT,1.9500000476837158,1.9500000476837158,1.9500000476837158,1.9500000476837158,1.9500000476837158,100.0
2024-03-01 13:01:00,GDRX,8.220000267028809,8.220000267028809,8.229999542236328,8.220000267028809,8.220100402832031,1740.0
2024-03-01 13:01:00,GEG,1.9701000452041626,1.9701000452041626,1.9701000452041626,1.9700000286102295,1.9700000286102295,1250.0
2024-03-01 13:01:00,GERN,2.2211999893188477,2.2211999893188477,2.2300000190734863,2.2200000286102295,2.2200000286102295,33698.0
2024-03-01 13:01:00,GH,19.165000915527344,19.165000915527344,19.170000076293945,19.15999984741211,19.15999984741211,1961.0
2024-03-01 13:01:00,GILD,72.24500274658203,72.24500274658203,72.24500274658203,72.20500183105469,72.22000122070312,8186.0
2024-03-01 13:01:00,GLYC,3.0399999618530273,3.0399999618530273,3.0399999618530273,3.0399999618530273,3.0399999618530273,349.0
2024-03-01 13:01:00,GOSS,1.3799999952316284,1.3799999952316284,1.3849999904632568,1.3700000047683716,1.3849999904632568,20863.0
2024-03-01 13:01:00,GRFS,7.079999923706055,7.079999923706055,7.079999923706055,7.079999923706055,7.079999923706055,197.0
2024-03-01 13:01:00,GRPH,3.494999885559082,3.494999885559082,3.494999885559082,3.494999885559082,3.494999885559082,100.0
2024-03-01 13:01:00,GRTS,2.1549999713897705,2.1549999713897705,2.1549999713897705,2.1549999713897705,2.1549999713897705,1301.0
2024-03-01 13:01:00,GRTX,0.2337999939918518,0.2337999939918518,0.2337999939918518,0.23260000348091125,0.23319999873638153,850.0
2024-03-01 13:01:00,GTHX,3.7298998832702637,3.7298998832702637,3.7300000190734863,3.7200000286102295,3.7200000286102295,2476.0
2024-03-01 13:01:00,HALO,41.505001068115234,41.505001068115234,41.505001068115234,41.505001068115234,41.505001068115234,329.0
2024-03-01 13:01:00,HCAT,8.039999961853027,8.039999961853027,8.039999961853027,8.029999732971191,8.029999732971191,484.0
2024-03-01 13:01:00,HLVX,19.225000381469727,19.225000381469727,19.225000381469727,19.225000381469727,19.225000381469727,113.0
2024-03-01 13:01:00,HOLX,74.02999877929688,74.02999877929688,74.05000305175781,74.0199966430664,74.0199966430664,4531.0
2024-03-01 13:01:00,HOWL,6.989999771118164,6.989999771118164,6.989999771118164,6.989999771118164,6.989999771118164,136.0
2024-03-01 13:01:00,HPCO,0.25209999084472656,0.25209999084472656,0.25209999084472656,0.25209999084472656,0.25209999084472656,100.0
2024-03-01 13:01:00,HQY,81.72000122070312,81.72000122070312,81.80999755859375,81.72000122070312,81.80999755859375,2809.0
2024-03-01 13:01:00,HRMY,31.475000381469727,31.475000381469727,31.475000381469727,31.475000381469727,31.475000381469727,133.0
2024-03-01 13:01:00,HROW,10.869999885559082,10.869999885559082,10.869999885559082,10.869999885559082,10.869999885559082,361.0
2024-03-01 13:01:00,HRTX,2.5799999237060547,2.5799999237060547,2.5799999237060547,2.5799999237060547,2.5799999237060547,100.0
2024-03-01 13:01:00,HSIC,76.91000366210938,76.91000366210938,76.91000366210938,76.91000366210938,76.91000366210938,695.0
2024-03-01 13:01:00,HUMA,3.4649999141693115,3.4649999141693115,3.4649999141693115,3.4600000381469727,3.4649999141693115,3231.0
2024-03-01 13:01:00,IART,36.619998931884766,36.619998931884766,36.63999938964844,36.619998931884766,36.63999938964844,354.0
2024-03-01 13:01:00,IBRX,4.769999980926514,4.769999980926514,4.775000095367432,4.769999980926514,4.775000095367432,3502.0
2024-03-01 13:01:00,ICLR,322.6400146484375,322.6400146484375,322.70001220703125,322.6400146484375,322.70001220703125,1095.0
2024-03-01 13:01:00,ICUI,104.36499786376953,104.36499786376953,104.43000030517578,104.36499786376953,104.37000274658203,1195.0
2024-03-01 13:01:00,IDXX,582.8499755859375,582.8499755859375,583.25,582.8350219726562,583.239990234375,1154.0
2024-03-01 13:01:00,IDYA,46.459999084472656,46.459999084472656,46.459999084472656,46.459999084472656,46.459999084472656,390.0
2024-03-01 13:01:00,IKNA,1.5049999952316284,1.5049999952316284,1.5049999952316284,1.5049999952316284,1.5049999952316284,102.0
2024-03-01 13:01:00,ILMN,142.27000427246094,142.27000427246094,142.27000427246094,142.1699981689453,142.1699981689453,2450.0
2024-03-01 13:01:00,IMAB,1.8350000381469727,1.8350000381469727,1.8393000364303589,1.8350000381469727,1.8393000364303589,386.0
2024-03-01 13:01:00,IMNM,26.20009994506836,26.20009994506836,26.20009994506836,26.20009994506836,26.20009994506836,266.0
2024-03-01 13:01:00,IMTX,12.989999771118164,12.989999771118164,12.989999771118164,12.989999771118164,12.989999771118164,373.0
2024-03-01 13:01:00,IMUX,1.4900000095367432,1.4900000095367432,1.4950000047683716,1.4900000095367432,1.4950000047683716,2242.0
2024-03-01 13:01:00,IMVT,36.209999084472656,36.209999084472656,36.209999084472656,36.209999084472656,36.209999084472656,489.0
2024-03-01 13:01:00,INCY,59.29999923706055,59.29999923706055,59.29999923706055,59.279998779296875,59.279998779296875,921.0
2024-03-01 13:01:00,INGN,6.820000171661377,6.820000171661377,6.820000171661377,6.809999942779541,6.809999942779541,443.0
2024-03-01 13:01:00,INMD,22.840099334716797,22.840099334716797,22.850000381469727,22.829999923706055,22.840099334716797,9105.0
2024-03-01 13:01:00,INSM,28.489999771118164,28.489999771118164,28.489999771118164,28.489999771118164,28.489999771118164,597.0
2024-03-01 13:01:00,INVA,15.640000343322754,15.640000343322754,15.670000076293945,15.640000343322754,15.670000076293945,2510.0
2024-03-01 13:01:00,IONS,45.83000183105469,45.83000183105469,45.849998474121094,45.83000183105469,45.849998474121094,44181.0
2024-03-01 13:01:00,IOVA,16.80500030517578,16.80500030517578,16.82990074157715,16.790000915527344,16.825000762939453,20941.0
2024-03-01 13:01:00,IRTC,121.5,121.5,121.5,121.5,121.5,312.0
2024-03-01 13:01:00,IRWD,9.104999542236328,9.104999542236328,9.109999656677246,9.079999923706055,9.085000038146973,23386.0
2024-03-01 13:01:00,ITCI,71.4000015258789,71.4000015258789,71.4000015258789,71.4000015258789,71.4000015258789,412.0
2024-03-01 13:01:00,ITRM,1.2556999921798706,1.2556999921798706,1.2556999921798706,1.2556999921798706,1.2556999921798706,197.0
2024-03-01 13:01:00,IVVD,3.990000009536743,3.990000009536743,4.010000228881836,3.990000009536743,3.994999885559082,1439.0
2024-03-01 13:01:00,IXHL,5.569900035858154,5.569900035858154,5.570000171661377,5.489999771118164,5.489999771118164,5992.0
2024-03-01 13:01:00,JAGX,0.07400000095367432,0.07400000095367432,0.07419999688863754,0.07370000332593918,0.07374999672174454,236446.0
2024-03-01 13:01:00,JAZZ,119.16000366210938,119.16000366210938,119.18000030517578,119.0199966430664,119.0199966430664,2681.0
2024-03-01 13:01:00,KALV,14.0600004196167,14.0600004196167,14.074999809265137,14.0600004196167,14.0600004196167,606.0
2024-03-01 13:01:00,KNTE,2.6050000190734863,2.6050000190734863,2.6050000190734863,2.6050000190734863,2.6050000190734863,325.0
2024-03-01 13:01:00,KOD,6.100100040435791,6.100100040435791,6.100100040435791,6.100100040435791,6.100100040435791,244.0
2024-03-01 13:01:00,KPTI,1.2050000429153442,1.2050000429153442,1.2050000429153442,1.2050000429153442,1.2050000429153442,1005.0
2024-03-01 13:01:00,KRON,1.0399999618530273,1.0399999618530273,1.0399999618530273,1.034999966621399,1.034999966621399,7631.0
2024-03-01 13:01:00,KROS,70.2177963256836,70.2177963256836,70.2177963256836,70.2177963256836,70.2177963256836,481.0
2024-03-01 13:01:00,KRYS,168.4199981689453,168.4199981689453,168.4600067138672,168.4199981689453,168.4600067138672,609.0
2024-03-01 13:01:00,KTRA,0.09809999912977219,0.09809999912977219,0.09870000183582306,0.09809999912977219,0.09870000183582306,602.0
2024-03-01 13:01:00,KURA,21.100000381469727,21.100000381469727,21.100000381469727,21.100000381469727,21.100000381469727,342.0
2024-03-01 13:01:00,KYMR,44.029998779296875,44.029998779296875,44.040000915527344,44.029998779296875,44.040000915527344,678.0
2024-03-01 13:01:00,KZIA,0.24250000715255737,0.24250000715255737,0.24250000715255737,0.24250000715255737,0.24250000715255737,2000.0
2024-03-01 13:01:00,KZR,1.065000057220459,1.065000057220459,1.0750000476837158,1.065000057220459,1.0750000476837158,2349.0
2024-03-01 13:01:00,LAB,2.5250000953674316,2.5250000953674316,2.5250000953674316,2.5199999809265137,2.5199999809265137,28098.0
2024-03-01 13:01:00,LBPH,21.829999923706055,21.829999923706055,21.829999923706055,21.829999923706055,21.829999923706055,131.0
2024-03-01 13:01:00,LFLY,3.0,3.0,3.0,3.0,3.0,100.0
2024-03-01 13:01:00,LFMD,8.010000228881836,8.010000228881836,8.010000228881836,7.989999771118164,7.989999771118164,543.0
2024-03-01 13:01:00,LFST,7.744999885559082,7.744999885559082,7.744999885559082,7.744999885559082,7.744999885559082,809.0
2024-03-01 13:01:00,LIFE,1.940000057220459,1.940000057220459,1.940000057220459,1.940000057220459,1.940000057220459,100.0
2024-03-01 13:01:00,LNTH,65.46499633789062,65.46499633789062,65.47250366210938,65.46499633789062,65.47250366210938,209.0
2024-03-01 13:01:00,LPTX,2.890000104904175,2.890000104904175,2.890000104904175,2.890000104904175,2.890000104904175,380.0
2024-03-01 13:01:00,LQDA,14.489999771118164,14.489999771118164,14.524999618530273,14.489999771118164,14.522100448608398,6647.0
2024-03-01 13:01:00,LTRN,4.534999847412109,4.534999847412109,4.542699813842773,4.534999847412109,4.542699813842773,2000.0
2024-03-01 13:01:00,LUNG,9.390000343322754,9.390000343322754,9.390000343322754,9.390000343322754,9.390000343322754,111.0
2024-03-01 13:01:00,LYEL,3.1500000953674316,3.1500000953674316,3.1500000953674316,3.1500000953674316,3.1500000953674316,108.0
2024-03-01 13:01:00,LYRA,5.679999828338623,5.679999828338623,5.699999809265137,5.650000095367432,5.650000095367432,21042.0
2024-03-01 13:01:00,MASI,128.0,128.0,128.0,128.0,128.0,735.0
2024-03-01 13:01:00,MASS,7.389999866485596,7.389999866485596,7.389999866485596,7.389999866485596,7.389999866485596,309.0
2024-03-01 13:01:00,MBRX,0.6373000144958496,0.6373000144958496,0.6373000144958496,0.6373000144958496,0.6373000144958496,202.0
2024-03-01 13:01:00,MCRB,1.208299994468689,1.208299994468689,1.208299994468689,1.2000000476837158,1.2000000476837158,800.0
2024-03-01 13:01:00,MDRX,6.099999904632568,6.099999904632568,6.099999904632568,6.010000228881836,6.099999904632568,111675.0
2024-03-01 13:01:00,MDXG,8.71500015258789,8.71500015258789,8.71500015258789,8.71500015258789,8.71500015258789,706.0
2024-03-01 13:01:00,ME,0.5756999850273132,0.5756999850273132,0.5756999850273132,0.572700023651123,0.572700023651123,3705.0
2024-03-01 13:01:00,MEDP,401.07000732421875,401.07000732421875,401.5799865722656,401.07000732421875,401.5799865722656,1229.0
2024-03-01 13:01:00,MGNX,18.899999618530273,18.899999618530273,18.915000915527344,18.899999618530273,18.899999618530273,1721.0
2024-03-01 13:01:00,MHUA,0.6899999976158142,0.6899999976158142,0.6899999976158142,0.6899999976158142,0.6899999976158142,300.0
2024-03-01 13:01:00,MIRM,29.700000762939453,29.700000762939453,29.701000213623047,29.700000762939453,29.700000762939453,519.0
2024-03-01 13:01:00,MIST,1.75,1.75,1.75,1.75,1.75,200.0
2024-03-01 13:01:00,MLTX,51.65999984741211,51.65999984741211,51.68000030517578,51.65999984741211,51.66999816894531,1354.0
2024-03-01 13:01:00,MNKD,4.525000095367432,4.525000095367432,4.53000020980835,4.519999980926514,4.519999980926514,2143.0
2024-03-01 13:01:00,MNMD,6.085000038146973,6.085000038146973,6.119999885559082,6.085000038146973,6.119999885559082,6962.0
2024-03-01 13:01:00,MNOV,1.3799999952316284,1.3799999952316284,1.3799999952316284,1.3799999952316284,1.3799999952316284,100.0
2024-03-01 13:01:00,MODD,1.9299999475479126,1.9299999475479126,1.9299999475479126,1.9149999618530273,1.9299999475479126,400.0
2024-03-01 13:01:00,MODV,28.075000762939453,28.075000762939453,28.075000762939453,28.075000762939453,28.075000762939453,101.0
2024-03-01 13:01:00,MORF,39.54499816894531,39.54499816894531,39.54499816894531,39.529998779296875,39.529998779296875,532.0
2024-03-01 13:01:00,MREO,3.884999990463257,3.884999990463257,3.884999990463257,3.884999990463257,3.884999990463257,128.0
2024-03-01 13:01:00,MRNA,96.58999633789062,96.58999633789062,96.58999633789062,96.51499938964844,96.55999755859375,7429.0
2024-03-01 13:01:00,MRNS,10.15310001373291,10.15310001373291,10.15310001373291,10.15310001373291,10.15310001373291,441.0
2024-03-01 13:01:00,MRSN,5.934999942779541,5.934999942779541,5.989999771118164,5.925000190734863,5.989999771118164,12089.0
2024-03-01 13:01:00,MRUS,51.73500061035156,51.73500061035156,51.73500061035156,51.73500061035156,51.73500061035156,680.0
2024-03-01 13:01:00,MRVI,7.78000020980835,7.78000020980835,7.800000190734863,7.78000020980835,7.800000190734863,5458.0
2024-03-01 13:01:00,MXCT,4.764999866485596,4.764999866485596,4.764999866485596,4.764999866485596,4.764999866485596,452.0
2024-03-01 13:01:00,MYGN,21.815000534057617,21.815000534057617,21.815000534057617,21.815000534057617,21.815000534057617,217.0
2024-03-01 13:01:00,NARI,45.0,45.0,45.029998779296875,44.910099029541016,45.029998779296875,27829.0
2024-03-01 13:01:00,NEO,16.100000381469727,16.100000381469727,16.114999771118164,16.100000381469727,16.114999771118164,403.0
2024-03-01 13:01:00,NEOG,17.344999313354492,17.344999313354492,17.344999313354492,17.344999313354492,17.344999313354492,217.0
2024-03-01 13:01:00,NGM,1.5299999713897705,1.5299999713897705,1.5299999713897705,1.5299999713897705,1.5299999713897705,896.0
2024-03-01 13:01:00,NKTX,12.819999694824219,12.819999694824219,12.829999923706055,12.819999694824219,12.820599555969238,1075.0
2024-03-01 13:01:00,NNOX,11.029999732971191,11.029999732971191,11.03499984741211,11.029999732971191,11.03499984741211,1217.0
2024-03-01 13:01:00,NOTV,8.109999656677246,8.109999656677246,8.109999656677246,8.109999656677246,8.109999656677246,142.0
2024-03-01 13:01:00,NTLA,33.43000030517578,33.43000030517578,33.439998626708984,33.41999816894531,33.41999816894531,1918.0
2024-03-01 13:01:00,NTRA,89.56999969482422,89.56999969482422,89.6500015258789,89.56999969482422,89.6500015258789,1189.0
2024-03-01 13:01:00,NUTX,0.11276199668645859,0.11276199668645859,0.11379999667406082,0.11276199668645859,0.11379999667406082,820.0
2024-03-01 13:01:00,NVAX,5.159999847412109,5.159999847412109,5.159999847412109,5.150000095367432,5.159999847412109,9174.0
2024-03-01 13:01:00,NVCR,16.01580047607422,16.01580047607422,16.01580047607422,16.01580047607422,16.01580047607422,731.0
2024-03-01 13:01:00,NVOS,0.6417999863624573,0.6417999863624573,0.6417999863624573,0.6417999863624573,0.6417999863624573,1500.0
2024-03-01 13:01:00,NXTC,1.7899999618530273,1.7899999618530273,1.7899999618530273,1.7799999713897705,1.7799999713897705,7592.0
2024-03-01 13:01:00,OCGN,0.9463000297546387,0.9463000297546387,0.9463000297546387,0.9463000297546387,0.9463000297546387,1470.0
2024-03-01 13:01:00,OCUL,10.770000457763672,10.770000457763672,10.779999732971191,10.763500213623047,10.779999732971191,1265.0
2024-03-01 13:01:00,OGI,2.210099935531616,2.210099935531616,2.2149999141693115,2.2100000381469727,2.2149999141693115,5636.0
2024-03-01 13:01:00,OKYO,1.409999966621399,1.409999966621399,1.409999966621399,1.3899999856948853,1.409999966621399,783.0
2024-03-01 13:01:00,OLK,22.639999389648438,22.639999389648438,22.645000457763672,22.639999389648438,22.645000457763672,1264.0
2024-03-01 13:01:00,OLMA,14.619999885559082,14.619999885559082,14.619999885559082,14.619999885559082,14.619999885559082,633.0
2024-03-01 13:01:00,OMGA,4.190000057220459,4.190000057220459,4.190000057220459,4.190000057220459,4.190000057220459,311.0
2024-03-01 13:01:00,ONCT,10.149999618530273,10.149999618530273,10.15999984741211,10.149999618530273,10.15999984741211,377.0
2024-03-01 13:02:00,ABCL,5.244999885559082,5.244999885559082,5.25,5.244999885559082,5.25,695.0
2024-03-01 13:02:00,ABSI,5.340000152587891,5.340000152587891,5.340000152587891,5.335000038146973,5.340000152587891,3072.0
2024-03-01 13:02:00,ABUS,2.7750000953674316,2.7750000953674316,2.7750000953674316,2.7750000953674316,2.7750000953674316,1206.0
2024-03-01 13:02:00,ACAD,24.479999542236328,24.479999542236328,24.489999771118164,24.479999542236328,24.489999771118164,3391.0
2024-03-01 13:02:00,ACB,3.2000999450683594,3.2000999450683594,3.2049999237060547,3.2000999450683594,3.2049999237060547,701.0
2024-03-01 13:02:00,ACET,2.4000000953674316,2.4000000953674316,2.4000000953674316,2.390000104904175,2.4000000953674316,300.0
2024-03-01 13:02:00,ACHC,84.43000030517578,84.43000030517578,84.5,84.43000030517578,84.48999786376953,1377.0
2024-03-01 13:02:00,ACHL,1.3598999977111816,1.3598999977111816,1.3600000143051147,1.3598999977111816,1.3600000143051147,10034.0
2024-03-01 13:02:00,ACHV,4.360000133514404,4.360000133514404,4.360000133514404,4.349999904632568,4.349999904632568,402.0
2024-03-01 13:02:00,ACLX,66.76499938964844,66.76499938964844,66.76750183105469,66.76499938964844,66.76750183105469,404.0
2024-03-01 13:02:00,ACON,0.4033989906311035,0.4033989906311035,0.4034999907016754,0.4033989906311035,0.4034999907016754,350.0
2024-03-01 13:02:00,ACRS,1.2400000095367432,1.2400000095367432,1.2400000095367432,1.2300000190734863,1.2300000190734863,1000.0
2024-03-01 13:02:00,ADIL,3.109999895095825,3.109999895095825,3.130000114440918,3.0799999237060547,3.110100030899048,17455.0
2024-03-01 13:02:00,ADMA,5.454999923706055,5.454999923706055,5.454999923706055,5.449999809265137,5.454999923706055,1453.0
2024-03-01 13:02:00,ADPT,4.190000057220459,4.190000057220459,4.199999809265137,4.190000057220459,4.195000171661377,10403.0
2024-03-01 13:02:00,ADVM,1.975000023841858,1.975000023841858,1.975000023841858,1.9700000286102295,1.9700000286102295,1142.0
2024-03-01 13:02:00,AFMD,0.6388999819755554,0.6388999819755554,0.6389999985694885,0.6388999819755554,0.6389999985694885,11100.0
2024-03-01 13:02:00,AGEN,0.6780989766120911,0.6780989766120911,0.6782000064849854,0.6776999831199646,0.6782000064849854,14955.0
2024-03-01 13:02:00,AGIO,32.91999816894531,32.91999816894531,32.91999816894531,32.86000061035156,32.869998931884766,1835.0
2024-03-01 13:02:00,AHCO,10.630000114440918,10.630000114440918,10.649999618530273,10.630000114440918,10.649999618530273,1926.0
2024-03-01 13:02:00,AKAN,0.22169999778270721,0.22169999778270721,0.22200000286102295,0.21889999508857727,0.22200000286102295,17675.0
2024-03-01 13:02:00,AKBA,1.684999942779541,1.684999942779541,1.690000057220459,1.684999942779541,1.690000057220459,23642.0
2024-03-01 13:02:00,AKRO,29.739999771118164,29.739999771118164,29.739999771118164,29.729999542236328,29.729999542236328,1106.0
2024-03-01 13:02:00,ALDX,4.170000076293945,4.170000076293945,4.170000076293945,4.170000076293945,4.170000076293945,200.0
2024-03-01 13:02:00,ALEC,7.340000152587891,7.340000152587891,7.340000152587891,7.340000152587891,7.340000152587891,450.0
2024-03-01 13:02:00,ALGN,304.2699890136719,304.2699890136719,304.3299865722656,304.2699890136719,304.3299865722656,846.0
2024-03-01 13:02:00,ALHC,5.704999923706055,5.704999923706055,5.704999923706055,5.704999923706055,5.704999923706055,322.0
2024-03-01 13:02:00,ALLK,1.6050000190734863,1.6050000190734863,1.6074999570846558,1.6050000190734863,1.6074999570846558,353.0
2024-03-01 13:02:00,ALLO,5.034999847412109,5.034999847412109,5.034999847412109,5.034999847412109,5.034999847412109,2403.0
2024-03-01 13:02:00,ALNY,154.27499389648438,154.27499389648438,154.38999938964844,154.26499938964844,154.38999938964844,2140.0
2024-03-01 13:02:00,ALPN,35.7400016784668,35.7400016784668,35.775001525878906,35.7400016784668,35.775001525878906,1279.0
2024-03-01 13:02:00,ALT,12.010000228881836,12.010000228881836,12.020000457763672,12.010000228881836,12.020000457763672,4585.0
2024-03-01 13:02:00,AMED,93.28500366210938,93.28500366210938,93.30000305175781,93.28500366210938,93.30000305175781,666.0
2024-03-01 13:02:00,AMGN,281.07000732421875,281.07000732421875,281.07000732421875,280.9700012207031,281.0,3017.0
2024-03-01 13:02:00,AMLX,18.729999542236328,18.729999542236328,18.790000915527344,18.729999542236328,18.790000915527344,1656.0
2024-03-01 13:02:00,AMPH,45.33000183105469,45.33000183105469,45.34000015258789,45.33000183105469,45.34000015258789,445.0
2024-03-01 13:02:00,AMRN,1.0549999475479126,1.0549999475479126,1.0549999475479126,1.0549999475479126,1.0549999475479126,11200.0
2024-03-01 13:02:00,ANAB,25.354999542236328,25.354999542236328,25.399999618530273,25.354999542236328,25.399999618530273,1120.0
2024-03-01 13:02:00,ANGO,5.514999866485596,5.514999866485596,5.514999866485596,5.514999866485596,5.514999866485596,512.0
2024-03-01 13:02:00,ANIP,66.40499877929688,66.40499877929688,66.40499877929688,66.40499877929688,66.40499877929688,358.0
2024-03-01 13:02:00,APLS,64.59459686279297,64.59459686279297,64.66000366210938,64.55999755859375,64.66000366210938,2556.0
2024-03-01 13:02:00,APLT,7.099999904632568,7.099999904632568,7.099999904632568,7.099999904632568,7.099999904632568,478.0
2024-03-01 13:02:00,AQST,4.139200210571289,4.139200210571289,4.150000095367432,4.133600234985352,4.150000095367432,17781.0
2024-03-01 13:02:00,ARDX,9.5600004196167,9.5600004196167,9.5600004196167,9.550000190734863,9.5600004196167,9019.0
2024-03-01 13:02:00,ARQT,11.729999542236328,11.729999542236328,11.765000343322754,11.729999542236328,11.765000343322754,9243.0
2024-03-01 13:02:00,ARVN,49.05500030517578,49.05500030517578,49.084999084472656,49.05500030517578,49.084999084472656,961.0
2024-03-01 13:02:00,ARWR,35.600101470947266,35.600101470947266,35.654998779296875,35.600101470947266,35.63199996948242,971.0
2024-03-01 13:02:00,ASLN,0.7602999806404114,0.7602999806404114,0.7602999806404114,0.7602999806404114,0.7602999806404114,3155.0
2024-03-01 13:02:00,ASMB,13.306099891662598,13.306099891662598,13.306099891662598,13.300000190734863,13.300000190734863,688.0
2024-03-01 13:02:00,ASRT,0.9248999953269958,0.9248999953269958,0.9248999953269958,0.920199990272522,0.920199990272522,500.0
2024-03-01 13:02:00,ATAI,2.1401000022888184,2.1401000022888184,2.1496999263763428,2.140000104904175,2.140000104904175,20855.0
2024-03-01 13:02:00,ATRA,0.7936499714851379,0.7936499714851379,0.7936499714851379,0.7900000214576721,0.7900000214576721,1611.0
2024-03-01 13:02:00,ATRC,36.09000015258789,36.09000015258789,36.119998931884766,36.08000183105469,36.119998931884766,2415.0
2024-03-01 13:02:00,AUTL,6.349999904632568,6.349999904632568,6.349999904632568,6.349999904632568,6.349999904632568,121.0
2024-03-01 13:02:00,AVDL,13.0,13.0,13.0,12.993000030517578,13.0,1753.0
2024-03-01 13:02:00,AVIR,4.534999847412109,4.534999847412109,4.534999847412109,4.534999847412109,4.534999847412109,250.0
2024-03-01 13:02:00,AVRO,1.350000023841858,1.350000023841858,1.350000023841858,1.350000023841858,1.350000023841858,100.0
2024-03-01 13:02:00,AVXL,5.3302998542785645,5.3302998542785645,5.3308000564575195,5.3302998542785645,5.3308000564575195,1020.0
2024-03-01 13:02:00,AXGN,10.510000228881836,10.510000228881836,10.510000228881836,10.510000228881836,10.510000228881836,310.0
2024-03-01 13:02:00,AXSM,82.12999725341797,82.12999725341797,82.12999725341797,82.12999725341797,82.12999725341797,431.0
2024-03-01 13:02:00,AZN,64.65499877929688,64.65499877929688,64.66500091552734,64.65499877929688,64.66500091552734,3189.0
2024-03-01 13:02:00,AZTA,67.16000366210938,67.16000366210938,67.16000366210938,67.16000366210938,67.16000366210938,100.0
2024-03-01 13:02:00,BBIO,36.095001220703125,36.095001220703125,36.11000061035156,36.092498779296875,36.11000061035156,464.0
2024-03-01 13:02:00,BBLG,2.521399974822998,2.521399974822998,2.609999895095825,2.5199999809265137,2.609999895095825,2383.0
2024-03-01 13:02:00,BCLI,0.35760000348091125,0.35760000348091125,0.35760000348091125,0.35760000348091125,0.35760000348091125,100.0
2024-03-01 13:02:00,BCRX,5.755000114440918,5.755000114440918,5.755000114440918,5.75,5.75,1654.0
2024-03-01 13:02:00,BDTX,5.0,5.0,5.0,5.0,5.0,218.0
2024-03-01 13:02:00,BEAM,40.095001220703125,40.095001220703125,40.099998474121094,40.095001220703125,40.099998474121094,500.0
2024-03-01 13:02:00,BGNE,165.9550018310547,165.9550018310547,165.9550018310547,165.9550018310547,165.9550018310547,155.0
2024-03-01 13:02:00,BGXX,0.27070000767707825,0.27070000767707825,0.2721000015735626,0.27070000767707825,0.2721000015735626,617.0
2024-03-01 13:02:00,BIIB,221.25,221.25,221.25,221.1300048828125,221.1300048828125,770.0
2024-03-01 13:02:00,BIOR,1.1491999626159668,1.1491999626159668,1.1491999626159668,1.1491999626159668,1.1491999626159668,714.0
2024-03-01 13:02:00,BIVI,1.8600000143051147,1.8600000143051147,1.8700000047683716,1.840000033378601,1.8499000072479248,22128.0
2024-03-01 13:02:00,BLFS,18.190000534057617,18.190000534057617,18.190000534057617,18.135000228881836,18.135000228881836,1611.0
2024-03-01 13:02:00,BLUE,1.5950000286102295,1.5950000286102295,1.597499966621399,1.590000033378601,1.5950000286102295,3980.0
2024-03-01 13:02:00,BMEA,18.190000534057617,18.190000534057617,18.190000534057617,18.15999984741211,18.15999984741211,1993.0
2024-03-01 13:02:00,BMRN,87.4000015258789,87.4000015258789,87.41000366210938,87.36000061035156,87.38999938964844,4546.0
2024-03-01 13:02:00,BNR,0.8216000199317932,0.8216000199317932,0.8216000199317932,0.8216000199317932,0.8216000199317932,100.0
2024-03-01 13:02:00,BNTC,5.190000057220459,5.190000057220459,5.190000057220459,5.189899921417236,5.189899921417236,200.0
2024-03-01 13:02:00,BPMC,96.97000122070312,96.97000122070312,96.97000122070312,96.97000122070312,96.97000122070312,205.0
2024-03-01 13:02:00,BRKR,88.30000305175781,88.30000305175781,88.30000305175781,88.25,88.25,1280.0
2024-03-01 13:02:00,BRTX,1.5099999904632568,1.5099999904632568,1.5298999547958374,1.5099999904632568,1.5298999547958374,1400.0
2024-03-01 13:02:00,BSGM,0.6430000066757202,0.6430000066757202,0.6431499719619751,0.6430000066757202,0.6431499719619751,200.0
2024-03-01 13:02:00,BTTX,0.17710000276565552,0.17710000276565552,0.17990000545978546,0.17710000276565552,0.17990000545978546,26599.0
2024-03-01 13:02:00,BVS,4.75,4.75,4.75,4.75,4.75,656.0
2024-03-01 13:02:00,BWAY,6.53000020980835,6.53000020980835,6.53000020980835,6.53000020980835,6.53000020980835,100.0
2024-03-01 13:02:00,CABA,24.030000686645508,24.030000686645508,24.030000686645508,24.0,24.0,1052.0
2024-03-01 13:02:00,CARA,0.9200000166893005,0.9200000166893005,0.9243999719619751,0.9110000133514404,0.9243999719619751,5250.0
2024-03-01 13:02:00,CBAY,32.23500061035156,32.23500061035156,32.2400016784668,32.23500061035156,32.23500061035156,1473.0
2024-03-01 13:02:00,CCCC,10.975000381469727,10.975000381469727,10.975000381469727,10.970000267028809,10.970000267028809,605.0
2024-03-01 13:02:00,CDNA,12.319999694824219,12.319999694824219,12.319999694824219,12.300999641418457,12.319999694824219,1276.0
2024-03-01 13:02:00,CERE,41.095001220703125,41.095001220703125,41.095001220703125,41.095001220703125,41.095001220703125,740.0
2024-03-01 13:02:00,CERS,2.2149999141693115,2.2149999141693115,2.2200000286102295,2.2149999141693115,2.2200000286102295,6629.0
2024-03-01 13:02:00,CERT,17.895000457763672,17.895000457763672,17.895000457763672,17.895000457763672,17.895000457763672,297.0
2024-03-01 13:02:00,CGC,3.265000104904175,3.265000104904175,3.265000104904175,3.259999990463257,3.260200023651123,2444.0
2024-03-01 13:02:00,CGEN,2.690000057220459,2.690000057220459,2.690000057220459,2.690000057220459,2.690000057220459,272.0
2024-03-01 13:02:00,CHRS,2.4100000858306885,2.4100000858306885,2.4100000858306885,2.400099992752075,2.400099992752075,700.0
2024-03-01 13:02:00,CING,1.3600000143051147,1.3600000143051147,1.3600000143051147,1.34089994430542,1.34089994430542,301.0
2024-03-01 13:02:00,CLDX,50.689998626708984,50.689998626708984,50.720001220703125,50.540000915527344,50.564998626708984,13211.0
2024-03-01 13:02:00,CLNN,0.3926999866962433,0.3926999866962433,0.3926999866962433,0.3926999866962433,0.3926999866962433,400.0
2024-03-01 13:02:00,CLOV,0.8650000095367432,0.8650000095367432,0.8652999997138977,0.8640999794006348,0.8641499876976013,87033.0
2024-03-01 13:02:00,CLRB,4.150300025939941,4.150300025939941,4.150300025939941,4.150300025939941,4.150300025939941,100.0
2024-03-01 13:02:00,CMPS,11.345000267028809,11.345000267028809,11.397500038146973,11.300000190734863,11.390000343322754,23104.0
2024-03-01 13:02:00,CMRX,1.1699999570846558,1.1699999570846558,1.1699999570846558,1.1699999570846558,1.1699999570846558,100.0
2024-03-01 13:02:00,CNTA,10.960000038146973,10.960000038146973,11.0,10.960000038146973,10.970000267028809,3498.0
2024-03-01 13:02:00,COGT,7.150000095367432,7.150000095367432,7.150000095367432,7.130000114440918,7.130000114440918,3761.0
2024-03-01 13:02:00,COLL,36.86000061035156,36.86000061035156,36.86000061035156,36.86000061035156,36.86000061035156,307.0
2024-03-01 13:02:00,CORT,24.270000457763672,24.270000457763672,24.270000457763672,24.270000457763672,24.270000457763672,100.0
2024-03-01 13:02:00,CPRX,17.135000228881836,17.135000228881836,17.135000228881836,17.135000228881836,17.135000228881836,896.0
2024-03-01 13:02:00,CPSI,9.604999542236328,9.604999542236328,9.630000114440918,9.604999542236328,9.630000114440918,757.0
2024-03-01 13:02:00,CRBU,7.960000038146973,7.960000038146973,7.965000152587891,7.960000038146973,7.965000152587891,949.0
2024-03-01 13:02:00,CRDF,2.375,2.375,2.375,2.365000009536743,2.3701000213623047,4920.0
2024-03-01 13:02:00,CRDL,1.8799999952316284,1.8799999952316284,1.8899999856948853,1.8799999952316284,1.8899999856948853,5038.0
2024-03-01 13:02:00,CRNX,46.50699996948242,46.50699996948242,46.5099983215332,46.310001373291016,46.369998931884766,4504.0
2024-03-01 13:02:00,CRON,2.065000057220459,2.065000057220459,2.065000057220459,2.065000057220459,2.065000057220459,101.0
2024-03-01 13:02:00,CRSP,85.9800033569336,85.9800033569336,85.9800033569336,85.91500091552734,85.91500091552734,798.0
2024-03-01 13:02:00,CTKB,8.805000305175781,8.805000305175781,8.8149995803833,8.805000305175781,8.8149995803833,1964.0
2024-03-01 13:02:00,CTMX,2.740000009536743,2.740000009536743,2.7455999851226807,2.7300000190734863,2.7316999435424805,9554.0
2024-03-01 13:02:00,CUE,2.2100000381469727,2.2100000381469727,2.2100000381469727,2.2100000381469727,2.2100000381469727,517.0
2024-03-01 13:02:00,CUTR,2.4200000762939453,2.4200000762939453,2.4209001064300537,2.4200000762939453,2.4209001064300537,1935.0
2024-03-01 13:02:00,CVAC,3.505000114440918,3.505000114440918,3.509999990463257,3.505000114440918,3.505000114440918,428.0
2024-03-01 13:02:00,CYTK,73.18000030517578,73.18000030517578,73.20249938964844,73.16999816894531,73.16999816894531,454.0
2024-03-01 13:02:00,CYTO,2.4286000728607178,2.4286000728607178,2.430000066757202,2.359999895095825,2.430000066757202,7751.0
2024-03-01 13:02:00,DAWN,17.399999618530273,17.399999618530273,17.399999618530273,17.399999618530273,17.399999618530273,134.0
2024-03-01 13:02:00,DCGO,4.164999961853027,4.164999961853027,4.164999961853027,4.164999961853027,4.164999961853027,200.0
2024-03-01 13:02:00,DCPH,17.450000762939453,17.450000762939453,17.450000762939453,17.440000534057617,17.440000534057617,1151.0
2024-03-01 13:02:00,DH,8.704999923706055,8.704999923706055,8.710000038146973,8.699999809265137,8.710000038146973,670.0
2024-03-01 13:02:00,DMTK,0.8648989796638489,0.8648989796638489,0.872501015663147,0.8500000238418579,0.872501015663147,19397.0
2024-03-01 13:02:00,DNLI,20.790000915527344,20.790000915527344,20.80500030517578,20.790000915527344,20.790000915527344,389.0
2024-03-01 13:02:00,DRIO,2.009999990463257,2.009999990463257,2.009999990463257,2.009999990463257,2.009999990463257,2033.0
2024-03-01 13:02:00,DTIL,12.489999771118164,12.489999771118164,12.5,12.479999542236328,12.479999542236328,7796.0
2024-03-01 13:02:00,DVAX,12.895000457763672,12.895000457763672,12.904999732971191,12.895000457763672,12.899999618530273,2766.0
2024-03-01 13:02:00,DXCM,121.8499984741211,121.8499984741211,121.8499984741211,121.68499755859375,121.68499755859375,5789.0
2024-03-01 13:02:00,DYN,28.625,28.625,28.729999542236328,28.579999923706055,28.719999313354492,3785.0
2024-03-01 13:02:00,EDIT,10.829999923706055,10.829999923706055,10.829999923706055,10.8149995803833,10.8149995803833,2811.0
2024-03-01 13:02:00,EGRX,6.71999979019165,6.71999979019165,6.71999979019165,6.71999979019165,6.71999979019165,230.0
2024-03-01 13:02:00,EKSO,1.9900000095367432,1.9900000095367432,1.9900000095367432,1.9900000095367432,1.9900000095367432,263.0
2024-03-01 13:02:00,ELEV,5.059999942779541,5.059999942779541,5.079999923706055,5.059999942779541,5.062399864196777,837.0
2024-03-01 13:02:00,EMBC,14.430000305175781,14.430000305175781,14.430000305175781,14.430000305175781,14.430000305175781,192.0
2024-03-01 13:02:00,ENLV,3.349900007247925,3.349900007247925,3.349900007247925,3.349900007247925,3.349900007247925,7800.0
2024-03-01 13:02:00,ENTA,15.399999618530273,15.399999618530273,15.399999618530273,15.399999618530273,15.399999618530273,184.0
2024-03-01 13:02:00,ENVB,1.5184999704360962,1.5184999704360962,1.5199999809265137,1.5099999904632568,1.5199999809265137,4625.0
2024-03-01 13:02:00,EOLS,14.789999961853027,14.789999961853027,14.789999961853027,14.789999961853027,14.789999961853027,480.0
2024-03-01 13:02:00,ERAS,2.509999990463257,2.509999990463257,2.515000104904175,2.509999990463257,2.509999990463257,350.0
2024-03-01 13:02:00,ESPR,2.5100998878479004,2.5100998878479004,2.5120999813079834,2.5100998878479004,2.5100998878479004,2489.0
2024-03-01 13:02:00,ESTA,45.470001220703125,45.470001220703125,45.470001220703125,45.470001220703125,45.470001220703125,208.0
2024-03-01 13:02:00,ETNB,13.229999542236328,13.229999542236328,13.229999542236328,13.229999542236328,13.229999542236328,728.0
2024-03-01 13:02:00,ETON,4.448400020599365,4.448400020599365,4.449999809265137,4.448400020599365,4.449999809265137,797.0
2024-03-01 13:02:00,EVGN,0.9649999737739563,0.9649999737739563,0.9649999737739563,0.9649999737739563,0.9649999737739563,3134.0
2024-03-01 13:02:00,EWTX,17.06999969482422,17.06999969482422,17.06999969482422,17.06999969482422,17.06999969482422,547.0
2024-03-01 13:02:00,EXAS,60.40999984741211,60.40999984741211,60.41999816894531,60.40999984741211,60.41999816894531,399.0
2024-03-01 13:02:00,EXEL,22.514999389648438,22.514999389648438,22.514999389648438,22.5049991607666,22.510000228881836,8413.0
2024-03-01 13:02:00,EYEN,2.4600000381469727,2.4600000381469727,2.4600000381469727,2.440000057220459,2.450000047683716,3800.0
2024-03-01 13:02:00,EYPT,27.94499969482422,27.94499969482422,27.969999313354492,27.94499969482422,27.969999313354492,212.0
2024-03-01 13:02:00,FATE,7.599899768829346,7.599899768829346,7.599999904632568,7.59250020980835,7.59250020980835,1328.0
2024-03-01 13:02:00,FBIO,2.2899999618530273,2.2899999618530273,2.3399999141693115,2.2799999713897705,2.3399999141693115,45262.0
2024-03-01 13:02:00,FDMT,29.149999618530273,29.149999618530273,29.149999618530273,29.149999618530273,29.149999618530273,117.0
2024-03-01 13:02:00,FEMY,1.7000000476837158,1.7000000476837158,1.7009999752044678,1.7000000476837158,1.7009999752044678,1000.0
2024-03-01 13:02:00,FGEN,1.875,1.875,1.875,1.8700000047683716,1.8700000047683716,2843.0
2024-03-01 13:02:00,FIXX,0.9300000071525574,0.9300000071525574,0.9300000071525574,0.9300000071525574,0.9300000071525574,200.0
2024-03-01 13:02:00,FOLD,13.345000267028809,13.345000267028809,13.345000267028809,13.319999694824219,13.319999694824219,4733.0
2024-03-01 13:02:00,FULC,10.859999656677246,10.859999656677246,10.859999656677246,10.859999656677246,10.859999656677246,372.0
2024-03-01 13:02:00,FUSN,12.34000015258789,12.34000015258789,12.350000381469727,12.34000015258789,12.350000381469727,1026.0
2024-03-01 13:02:00,FWBI,8.510000228881836,8.510000228881836,8.510000228881836,8.501500129699707,8.501500129699707,212.0
2024-03-01 13:02:00,GALT,1.9500999450683594,1.9500999450683594,1.9500999450683594,1.9500999450683594,1.9500999450683594,119.0
2024-03-01 13:02:00,GBIO,2.6500000953674316,2.6500000953674316,2.6600000858306885,2.6449999809265137,2.6449999809265137,1406.0
2024-03-01 13:02:00,GDRX,8.25,8.25,8.255000114440918,8.225000381469727,8.225000381469727,3892.0
2024-03-01 13:02:00,GEG,1.9700000286102295,1.9700000286102295,1.9700000286102295,1.9700000286102295,1.9700000286102295,155.0
2024-03-01 13:02:00,GERN,2.2200000286102295,2.2200000286102295,2.2300000190734863,2.2200000286102295,2.2200000286102295,18826.0
2024-03-01 13:02:00,GILD,72.2300033569336,72.2300033569336,72.23999786376953,72.22000122070312,72.23999786376953,5258.0
2024-03-01 13:02:00,GMAB,29.31999969482422,29.31999969482422,29.31999969482422,29.309999465942383,29.31999969482422,1526.0
2024-03-01 13:02:00,GOVX,2.555000066757202,2.555000066757202,2.555000066757202,2.555000066757202,2.555000066757202,1150.0
2024-03-01 13:02:00,GRFS,7.085000038146973,7.085000038146973,7.090000152587891,7.079999923706055,7.085000038146973,3764.0
2024-03-01 13:02:00,GRTS,2.1549999713897705,2.1549999713897705,2.1549999713897705,2.1549999713897705,2.1549999713897705,273.0
2024-03-01 13:02:00,GRTX,0.23000000417232513,0.23000000417232513,0.2328999936580658,0.23000000417232513,0.2328999936580658,1400.0
2024-03-01 13:02:00,GTHX,3.7298998832702637,3.7298998832702637,3.7300000190734863,3.7298998832702637,3.7300000190734863,1699.0
2024-03-01 13:02:00,HALO,41.47999954223633,41.47999954223633,41.5099983215332,41.470001220703125,41.474998474121094,2585.0
2024-03-01 13:02:00,HARP,22.94499969482422,22.94499969482422,22.94499969482422,22.940000534057617,22.940000534057617,278.0
2024-03-01 13:02:00,HCAT,8.039999961853027,8.039999961853027,8.039999961853027,8.029999732971191,8.029999732971191,960.0
2024-03-01 13:02:00,HCSG,12.630000114440918,12.630000114440918,12.630000114440918,12.630000114440918,12.630000114440918,201.0
2024-03-01 13:02:00,HLTH,0.2712000012397766,0.2712000012397766,0.2712000012397766,0.2712000012397766,0.2712000012397766,100.0
2024-03-01 13:02:00,HLVX,19.360000610351562,19.360000610351562,19.360000610351562,19.360000610351562,19.360000610351562,155.0
2024-03-01 13:02:00,HOLX,74.04000091552734,74.04000091552734,74.04000091552734,74.0199966430664,74.02999877929688,2181.0
2024-03-01 13:02:00,HRMY,31.459999084472656,31.459999084472656,31.5049991607666,31.450000762939453,31.475000381469727,4841.0
2024-03-01 13:02:00,HRTX,2.5799999237060547,2.5799999237060547,2.5801000595092773,2.5799999237060547,2.5801000595092773,2490.0
2024-03-01 13:02:00,HSIC,76.9000015258789,76.9000015258789,76.9000015258789,76.88999938964844,76.9000015258789,1785.0
2024-03-01 13:02:00,HUMA,3.4600000381469727,3.4600000381469727,3.4649999141693115,3.4600000381469727,3.4649999141693115,1327.0
2024-03-01 13:02:00,IART,36.619998931884766,36.619998931884766,36.619998931884766,36.619998931884766,36.619998931884766,669.0
2024-03-01 13:02:00,IBRX,4.760000228881836,4.760000228881836,4.764999866485596,4.75,4.760000228881836,19620.0
2024-03-01 13:02:00,ICAD,1.8909000158309937,1.8909000158309937,1.899999976158142,1.8899999856948853,1.8899999856948853,6847.0
2024-03-01 13:02:00,ICUI,104.49500274658203,104.49500274658203,104.55000305175781,104.41000366210938,104.41000366210938,2120.0
2024-03-01 13:02:00,IDYA,46.5,46.5,46.5,46.494998931884766,46.494998931884766,310.0
2024-03-01 13:02:00,IGMS,13.4399995803833,13.4399995803833,13.4399995803833,13.40999984741211,13.430000305175781,1050.0
2024-03-01 13:02:00,ILMN,142.27999877929688,142.27999877929688,142.27999877929688,142.27999877929688,142.27999877929688,492.0
2024-03-01 13:02:00,IMCR,67.7699966430664,67.7699966430664,67.7699966430664,67.75,67.76000213623047,1309.0
2024-03-01 13:02:00,IMMX,3.559999942779541,3.559999942779541,3.559999942779541,3.549999952316284,3.559999942779541,599.0
2024-03-01 13:02:00,IMNM,26.2450008392334,26.2450008392334,26.25,26.2450008392334,26.25,493.0
2024-03-01 13:02:00,IMRN,1.6699999570846558,1.6699999570846558,1.6699999570846558,1.6699999570846558,1.6699999570846558,100.0
2024-03-01 13:02:00,IMTX,12.989999771118164,12.989999771118164,12.989999771118164,12.989999771118164,12.989999771118164,217.0
2024-03-01 13:02:00,IMVT,36.27000045776367,36.27000045776367,36.27000045776367,36.2400016784668,36.244998931884766,648.0
2024-03-01 13:02:00,INCY,59.27000045776367,59.27000045776367,59.279998779296875,59.23500061035156,59.27000045776367,3263.0
2024-03-01 13:02:00,INGN,6.820000171661377,6.820000171661377,6.820000171661377,6.800000190734863,6.800000190734863,640.0
2024-03-01 13:02:00,INMD,22.84480094909668,22.84480094909668,22.84480094909668,22.840599060058594,22.840599060058594,1790.0
2024-03-01 13:02:00,INSM,28.485000610351562,28.485000610351562,28.489999771118164,28.485000610351562,28.489999771118164,381.0
2024-03-01 13:02:00,INVA,15.630000114440918,15.630000114440918,15.640000343322754,15.630000114440918,15.640000343322754,1102.0
2024-03-01 13:02:00,IONS,45.88999938964844,45.88999938964844,45.88999938964844,45.849998474121094,45.849998474121094,2220.0
2024-03-01 13:02:00,IOVA,16.829999923706055,16.829999923706055,16.829999923706055,16.80500030517578,16.809999465942383,7640.0
2024-03-01 13:02:00,IRWD,9.1274995803833,9.1274995803833,9.135000228881836,9.100000381469727,9.104999542236328,11476.0
2024-03-01 13:02:00,ISRG,395.67999267578125,395.67999267578125,395.67999267578125,395.67999267578125,395.67999267578125,633.0
2024-03-01 13:02:00,ITCI,71.4000015258789,71.4000015258789,71.4000015258789,71.4000015258789,71.4000015258789,100.0
2024-03-01 13:02:00,IVVD,4.00600004196167,4.00600004196167,4.00600004196167,4.00600004196167,4.00600004196167,1036.0
2024-03-01 13:02:00,IXHL,5.568399906158447,5.568399906158447,5.568999767303467,5.559999942779541,5.564199924468994,1752.0
2024-03-01 13:02:00,JAGX,0.07429999858140945,0.07429999858140945,0.07429999858140945,0.07400000095367432,0.07429999858140945,42566.0
2024-03-01 13:02:00,JANX,46.459999084472656,46.459999084472656,46.63999938964844,46.459999084472656,46.459999084472656,1246.0
2024-03-01 13:02:00,KALV,14.09000015258789,14.09000015258789,14.100000381469727,14.069999694824219,14.069999694824219,1351.0
2024-03-01 13:02:00,KNSA,21.700000762939453,21.700000762939453,21.700000762939453,21.700000762939453,21.700000762939453,463.0
2024-03-01 13:02:00,KNTE,2.6050000190734863,2.6050000190734863,2.6050000190734863,2.6050000190734863,2.6050000190734863,225.0
2024-03-01 13:02:00,KOD,6.105000019073486,6.105000019073486,6.105000019073486,6.099999904632568,6.099999904632568,933.0
2024-03-01 13:02:00,KPTI,1.2050000429153442,1.2050000429153442,1.2050000429153442,1.2050000429153442,1.2050000429153442,100.0
2024-03-01 13:02:00,KRON,1.0299999713897705,1.0299999713897705,1.0399999618530273,1.024999976158142,1.0399999618530273,28694.0
2024-03-01 13:02:00,KROS,70.00499725341797,70.00499725341797,70.05000305175781,69.98999786376953,70.05000305175781,441.0
2024-03-01 13:02:00,KRTX,316.8349914550781,316.8349914550781,316.8349914550781,316.8349914550781,316.8349914550781,666.0
2024-03-01 13:02:00,KRYS,168.3699951171875,168.3699951171875,168.3699951171875,168.3699951171875,168.3699951171875,1175.0
2024-03-01 13:02:00,KTRA,0.09870000183582306,0.09870000183582306,0.09870000183582306,0.09809999912977219,0.09860000014305115,800.0
2024-03-01 13:02:00,KURA,21.09000015258789,21.09000015258789,21.09000015258789,21.09000015258789,21.09000015258789,351.0
2024-03-01 13:02:00,KYMR,44.029998779296875,44.029998779296875,44.029998779296875,44.029998779296875,44.029998779296875,522.0
2024-03-01 13:02:00,KZR,1.065000057220459,1.065000057220459,1.065000057220459,1.059999942779541,1.059999942779541,649.0
2024-03-01 13:02:00,LAB,2.5199999809265137,2.5199999809265137,2.5250000953674316,2.5199999809265137,2.5250000953674316,22650.0
2024-03-01 13:02:00,LFST,7.775000095367432,7.775000095367432,7.775000095367432,7.744999885559082,7.744999885559082,7923.0
2024-03-01 13:02:00,LGND,77.9800033569336,77.9800033569336,77.9800033569336,77.9800033569336,77.9800033569336,438.0
2024-03-01 13:02:00,LIFE,1.940000057220459,1.940000057220459,1.940000057220459,1.940000057220459,1.940000057220459,121.0
2024-03-01 13:02:00,LMAT,67.16500091552734,67.16500091552734,67.16500091552734,67.16500091552734,67.16500091552734,277.0
2024-03-01 13:02:00,LNSR,4.800000190734863,4.800000190734863,4.800000190734863,4.800000190734863,4.800000190734863,229.0
2024-03-01 13:02:00,LNTH,65.41999816894531,65.41999816894531,65.41999816894531,65.41999816894531,65.41999816894531,293.0
2024-03-01 13:02:00,LPTX,2.9100000858306885,2.9100000858306885,2.9100000858306885,2.9100000858306885,2.9100000858306885,386.0
2024-03-01 13:02:00,LQDA,14.490900039672852,14.490900039672852,14.490900039672852,14.489999771118164,14.489999771118164,319.0
2024-03-01 13:02:00,LRMR,11.4399995803833,11.4399995803833,11.4399995803833,11.4399995803833,11.4399995803833,203.0
2024-03-01 13:02:00,LTRN,4.534999847412109,4.534999847412109,4.534999847412109,4.534999847412109,4.534999847412109,179.0
2024-03-01 13:02:00,LUNG,9.390000343322754,9.390000343322754,9.390000343322754,9.390000343322754,9.390000343322754,139.0
2024-03-01 13:02:00,LVTX,3.069999933242798,3.069999933242798,3.069999933242798,3.0399999618530273,3.0399999618530273,316.0
2024-03-01 13:02:00,LXRX,2.5199999809265137,2.5199999809265137,2.5199999809265137,2.515000104904175,2.5199999809265137,1584.0
2024-03-01 13:02:00,LYEL,3.1549999713897705,3.1549999713897705,3.1549999713897705,3.1549999713897705,3.1549999713897705,396.0
2024-03-01 13:02:00,LYRA,5.679999828338623,5.679999828338623,5.679999828338623,5.650000095367432,5.659999847412109,4186.0
2024-03-01 13:02:00,MASI,128.0399932861328,128.0399932861328,128.0399932861328,128.0399932861328,128.0399932861328,256.0
2024-03-01 13:02:00,MASS,7.380000114440918,7.380000114440918,7.380000114440918,7.380000114440918,7.380000114440918,395.0
2024-03-01 13:02:00,MCRB,1.2050000429153442,1.2050000429153442,1.2050000429153442,1.2000000476837158,1.2000000476837158,253.0
2024-03-01 13:02:00,MDGL,250.40499877929688,250.40499877929688,250.40499877929688,250.40499877929688,250.40499877929688,431.0
2024-03-01 13:02:00,MDRX,6.050000190734863,6.050000190734863,6.099999904632568,6.050000190734863,6.050000190734863,36181.0
2024-03-01 13:02:00,MDXG,8.71500015258789,8.71500015258789,8.71500015258789,8.71500015258789,8.71500015258789,1189.0
2024-03-01 13:02:00,ME,0.5738999843597412,0.5738999843597412,0.5756999850273132,0.572700023651123,0.5756999850273132,1224.0
2024-03-01 13:02:00,MGNX,18.93000030517578,18.93000030517578,18.93000030517578,18.93000030517578,18.93000030517578,129.0
2024-03-01 13:02:00,MIRM,29.690000534057617,29.690000534057617,29.71500015258789,29.690000534057617,29.71500015258789,765.0
2024-03-01 13:02:00,MLTX,51.619998931884766,51.619998931884766,51.68000030517578,51.61000061035156,51.68000030517578,1519.0
2024-03-01 13:02:00,MNKD,4.525000095367432,4.525000095367432,4.53000020980835,4.519999980926514,4.53000020980835,1796.0
2024-03-01 13:02:00,MNMD,6.119999885559082,6.119999885559082,6.119999885559082,6.079999923706055,6.079999923706055,3200.0
2024-03-01 13:02:00,MNPR,0.8349509835243225,0.8349509835243225,0.8349509835243225,0.8349509835243225,0.8349509835243225,109.0
2024-03-01 13:02:00,MODD,1.9299999475479126,1.9299999475479126,1.9299999475479126,1.9299999475479126,1.9299999475479126,1420.0
2024-03-01 13:02:00,MODV,28.010000228881836,28.010000228881836,28.075000762939453,28.010000228881836,28.075000762939453,499.0
2024-03-01 13:02:00,MORF,39.599998474121094,39.599998474121094,39.599998474121094,39.599998474121094,39.599998474121094,242.0
2024-03-01 13:02:00,MREO,3.884999990463257,3.884999990463257,3.884999990463257,3.881200075149536,3.8814001083374023,2032.0
2024-03-01 13:02:00,MRNA,96.5199966430664,96.5199966430664,96.58000183105469,96.5199966430664,96.56999969482422,4178.0
2024-03-01 13:02:00,MRNS,10.125,10.125,10.15999984741211,10.109999656677246,10.15999984741211,53475.0
2024-03-01 13:02:00,MRSN,5.96999979019165,5.96999979019165,5.96999979019165,5.940000057220459,5.940000057220459,1639.0
2024-03-01 13:02:00,MRUS,51.790000915527344,51.790000915527344,51.790000915527344,51.7599983215332,51.7599983215332,854.0
2024-03-01 13:02:00,MRVI,7.764999866485596,7.764999866485596,7.771999835968018,7.760000228881836,7.769999980926514,7301.0
2024-03-01 13:02:00,MXCT,4.764999866485596,4.764999866485596,4.764999866485596,4.764999866485596,4.764999866485596,359.0
2024-03-01 13:02:00,MYGN,21.809999465942383,21.809999465942383,21.809999465942383,21.809999465942383,21.809999465942383,115.0
2024-03-01 13:02:00,MYNZ,0.8622000217437744,0.8622000217437744,0.878000020980835,0.8622000217437744,0.8690000176429749,5300.0
2024-03-01 13:02:00,NARI,45.0,45.0,45.040000915527344,44.959999084472656,44.9900016784668,27547.0
2024-03-01 13:02:00,NAUT,2.6600000858306885,2.6600000858306885,2.6600000858306885,2.6600000858306885,2.6600000858306885,200.0
2024-03-01 13:02:00,NBIX,131.02999877929688,131.02999877929688,131.02999877929688,131.02999877929688,131.02999877929688,450.0
2024-03-01 13:02:00,NEO,16.100000381469727,16.100000381469727,16.1200008392334,16.100000381469727,16.1200008392334,366.0
2024-03-01 13:02:00,NEOG,17.344999313354492,17.344999313354492,17.344999313354492,17.344999313354492,17.344999313354492,663.0
2024-03-01 13:02:00,NKTR,0.7900000214576721,0.7900000214576721,0.7900000214576721,0.789900004863739,0.789900004863739,1642.0
2024-03-01 13:02:00,NKTX,12.819999694824219,12.819999694824219,12.819999694824219,12.789999961853027,12.800000190734863,1565.0
2024-03-01 13:02:00,NNOX,11.039999961853027,11.039999961853027,11.04010009765625,11.034500122070312,11.034500122070312,4371.0
2024-03-01 13:02:00,NOTV,8.149999618530273,8.149999618530273,8.154999732971191,8.149999618530273,8.154999732971191,1279.0
2024-03-01 13:02:00,NRBO,5.96999979019165,5.96999979019165,5.96999979019165,5.960000038146973,5.960000038146973,550.0
2024-03-01 13:02:00,NRIX,13.59000015258789,13.59000015258789,13.59000015258789,13.59000015258789,13.59000015258789,347.0
2024-03-01 13:02:00,NRSN,2.0399999618530273,2.0399999618530273,2.049999952316284,2.035099983215332,2.035099983215332,1540.0
2024-03-01 13:02:00,NTLA,33.44990158081055,33.44990158081055,33.44990158081055,33.40999984741211,33.41999816894531,2806.0
2024-03-01 13:02:00,NTRA,89.73999786376953,89.73999786376953,89.73999786376953,89.58999633789062,89.63999938964844,10341.0
2024-03-01 13:02:00,NUTX,0.11330000311136246,0.11330000311136246,0.11379999667406082,0.11270000040531158,0.11379999667406082,3251.0
2024-03-01 13:02:00,NUVL,88.8499984741211,88.8499984741211,88.8499984741211,88.7300033569336,88.7300033569336,2074.0
2024-03-01 13:02:00,NVAX,5.15500020980835,5.15500020980835,5.159999847412109,5.150000095367432,5.150000095367432,1919.0
2024-03-01 13:02:00,NVCT,10.6850004196167,10.6850004196167,10.6850004196167,10.6850004196167,10.6850004196167,200.0
2024-03-01 13:02:00,NVOS,0.6309490203857422,0.6309490203857422,0.6309490203857422,0.6309490203857422,0.6309490203857422,243.0
2024-03-01 13:02:00,OCGN,0.9448000192642212,0.9448000192642212,0.9465000033378601,0.9448000192642212,0.9465000033378601,4800.0
2024-03-01 13:02:00,OCUL,10.819899559020996,10.819899559020996,10.819899559020996,10.760700225830078,10.760700225830078,8378.0
2024-03-01 13:02:00,OFIX,12.850000381469727,12.850000381469727,12.850000381469727,12.850000381469727,12.850000381469727,167.0
2024-03-01 13:02:00,OGI,2.2000999450683594,2.2000999450683594,2.2100000381469727,2.2000999450683594,2.2100000381469727,1999.0
2024-03-01 13:02:00,OLMA,14.664999961853027,14.664999961853027,14.699999809265137,14.600000381469727,14.600000381469727,1420.0
2024-03-01 13:03:00,ABCL,5.244999885559082,5.244999885559082,5.244999885559082,5.244999885559082,5.244999885559082,308.0
2024-03-01 13:03:00,ABEO,7.820000171661377,7.820000171661377,7.820000171661377,7.820000171661377,7.820000171661377,1709.0
2024-03-01 13:03:00,ABOS,4.659999847412109,4.659999847412109,4.670000076293945,4.659999847412109,4.670000076293945,1565.0
2024-03-01 13:03:00,ABSI,5.340000152587891,5.340000152587891,5.340000152587891,5.335000038146973,5.335000038146973,1431.0
2024-03-01 13:03:00,ABUS,2.7699999809265137,2.7699999809265137,2.7750000953674316,2.7699999809265137,2.7750000953674316,3753.0
2024-03-01 13:03:00,ACAD,24.450000762939453,24.450000762939453,24.479999542236328,24.420000076293945,24.479999542236328,7133.0
2024-03-01 13:03:00,ACB,3.190000057220459,3.190000057220459,3.2000999450683594,3.190000057220459,3.2000999450683594,2187.0
2024-03-01 13:03:00,ACCD,10.199999809265137,10.199999809265137,10.199999809265137,10.199999809265137,10.199999809265137,385.0
2024-03-01 13:03:00,ACET,2.390000104904175,2.390000104904175,2.4000000953674316,2.390000104904175,2.3949999809265137,350.0
2024-03-01 13:03:00,ACHC,84.4800033569336,84.4800033569336,84.4800033569336,84.41999816894531,84.43000030517578,709.0
2024-03-01 13:03:00,ACIU,3.9100000858306885,3.9100000858306885,3.9100000858306885,3.9100000858306885,3.9100000858306885,202.0
2024-03-01 13:03:00,ACLX,66.72049713134766,66.72049713134766,66.76000213623047,66.72049713134766,66.76000213623047,850.0
2024-03-01 13:03:00,ACON,0.4074999988079071,0.4074999988079071,0.4099000096321106,0.4034000039100647,0.4034000039100647,11802.0
2024-03-01 13:03:00,ACRS,1.2400000095367432,1.2400000095367432,1.2400000095367432,1.2300000190734863,1.2300000190734863,2586.0
2024-03-01 13:03:00,ACXP,3.125,3.125,3.125,3.125,3.125,109.0
2024-03-01 13:03:00,ADIL,3.0999999046325684,3.0999999046325684,3.130000114440918,3.0799999237060547,3.119999885559082,9169.0
2024-03-01 13:03:00,ADMA,5.474999904632568,5.474999904632568,5.474999904632568,5.454999923706055,5.460000038146973,44163.0
2024-03-01 13:03:00,ADPT,4.190000057220459,4.190000057220459,4.190000057220459,4.190000057220459,4.190000057220459,2461.0
2024-03-01 13:03:00,ADVM,1.975000023841858,1.975000023841858,1.975000023841858,1.9700000286102295,1.975000023841858,697.0
2024-03-01 13:03:00,AFMD,0.6399999856948853,0.6399999856948853,0.6399999856948853,0.6396999955177307,0.6396999955177307,2359.0
2024-03-01 13:03:00,AGEN,0.6782000064849854,0.6782000064849854,0.6782000064849854,0.6776990294456482,0.6782000064849854,3029.0
2024-03-01 13:03:00,AGIO,32.91999816894531,32.91999816894531,32.91999816894531,32.91999816894531,32.91999816894531,231.0
2024-03-01 13:03:00,AHCO,10.619999885559082,10.619999885559082,10.619999885559082,10.619999885559082,10.619999885559082,425.0
2024-03-01 13:03:00,AIMD,0.9667999744415283,0.9667999744415283,0.9667999744415283,0.9667999744415283,0.9667999744415283,277.0
2024-03-01 13:03:00,AIRS,6.519999980926514,6.519999980926514,6.519999980926514,6.519999980926514,6.519999980926514,101.0
2024-03-01 13:03:00,AKAN,0.21799999475479126,0.21799999475479126,0.22020000219345093,0.21799999475479126,0.21819999814033508,6705.0
2024-03-01 13:03:00,AKBA,1.6806000471115112,1.6806000471115112,1.690000057220459,1.6806000471115112,1.690000057220459,11233.0
2024-03-01 13:03:00,AKRO,29.739999771118164,29.739999771118164,29.770000457763672,29.670000076293945,29.68000030517578,5869.0
2024-03-01 13:03:00,AKYA,6.070000171661377,6.070000171661377,6.070000171661377,6.031000137329102,6.031000137329102,206.0
2024-03-01 13:03:00,ALDX,4.190000057220459,4.190000057220459,4.190000057220459,4.170000076293945,4.170000076293945,13910.0
2024-03-01 13:03:00,ALEC,7.320000171661377,7.320000171661377,7.329999923706055,7.320000171661377,7.329999923706055,1110.0
2024-03-01 13:03:00,ALGN,304.45001220703125,304.45001220703125,304.45001220703125,304.45001220703125,304.45001220703125,157.0
2024-03-01 13:03:00,ALHC,5.710000038146973,5.710000038146973,5.710000038146973,5.704999923706055,5.704999923706055,203.0
2024-03-01 13:03:00,ALKS,30.19499969482422,30.19499969482422,30.195999145507812,30.19499969482422,30.195999145507812,1029.0
2024-03-01 13:03:00,ALLK,1.5950000286102295,1.5950000286102295,1.6100000143051147,1.5950000286102295,1.6050000190734863,5313.0
2024-03-01 13:03:00,ALLO,5.039999961853027,5.039999961853027,5.039999961853027,5.034999847412109,5.034999847412109,3720.0
2024-03-01 13:03:00,ALNY,154.27000427246094,154.27000427246094,154.27000427246094,154.1750030517578,154.27000427246094,563.0
2024-03-01 13:03:00,ALPN,35.77000045776367,35.77000045776367,35.77000045776367,35.77000045776367,35.77000045776367,782.0
2024-03-01 13:03:00,ALT,12.001999855041504,12.001999855041504,12.029999732971191,11.989999771118164,12.005000114440918,17736.0
2024-03-01 13:03:00,ALXO,15.029999732971191,15.029999732971191,15.029999732971191,15.029999732971191,15.029999732971191,308.0
2024-03-01 13:03:00,AMGN,280.9200134277344,280.9200134277344,281.18499755859375,280.9200134277344,281.1199951171875,5040.0
2024-03-01 13:03:00,AMLX,18.75,18.75,18.769899368286133,18.739999771118164,18.739999771118164,3763.0
2024-03-01 13:03:00,AMPH,45.279998779296875,45.279998779296875,45.380001068115234,45.27000045776367,45.334999084472656,3023.0
2024-03-01 13:03:00,AMRN,1.0499999523162842,1.0499999523162842,1.0499999523162842,1.0499999523162842,1.0499999523162842,300.0
2024-03-01 13:03:00,ANAB,25.399999618530273,25.399999618530273,25.399999618530273,25.3799991607666,25.3799991607666,349.0
2024-03-01 13:03:00,ANGO,5.514999866485596,5.514999866485596,5.514999866485596,5.514999866485596,5.514999866485596,175.0
2024-03-01 13:03:00,ANNX,6.130000114440918,6.130000114440918,6.130000114440918,6.130000114440918,6.130000114440918,354.0
2024-03-01 13:03:00,APLS,64.51499938964844,64.51499938964844,64.63999938964844,64.4749984741211,64.63999938964844,4323.0
2024-03-01 13:03:00,APLT,7.130000114440918,7.130000114440918,7.130000114440918,7.099999904632568,7.099999904632568,2001.0
2024-03-01 13:03:00,AQST,4.172900199890137,4.172900199890137,4.179999828338623,4.110000133514404,4.130000114440918,15907.0
2024-03-01 13:03:00,ARAY,2.630000114440918,2.630000114440918,2.640000104904175,2.630000114440918,2.640000104904175,1150.0
2024-03-01 13:03:00,ARCT,39.959999084472656,39.959999084472656,40.040000915527344,39.959999084472656,40.040000915527344,2517.0
2024-03-01 13:03:00,ARDX,9.550000190734863,9.550000190734863,9.5600004196167,9.550000190734863,9.5600004196167,24591.0
2024-03-01 13:03:00,ARQT,11.725000381469727,11.725000381469727,11.760000228881836,11.725000381469727,11.734999656677246,15248.0
2024-03-01 13:03:00,ARVN,49.040000915527344,49.040000915527344,49.040000915527344,49.040000915527344,49.040000915527344,216.0
2024-03-01 13:03:00,ARWR,35.630001068115234,35.630001068115234,35.689998626708984,35.599998474121094,35.689998626708984,2885.0
2024-03-01 13:03:00,ASND,151.96499633789062,151.96499633789062,151.96499633789062,151.91000366210938,151.91000366210938,845.0
2024-03-01 13:03:00,ASRT,0.920199990272522,0.920199990272522,0.9294999837875366,0.920199990272522,0.9254000186920166,1201.0
2024-03-01 13:03:00,ATAI,2.140000104904175,2.140000104904175,2.1489999294281006,2.140000104904175,2.1449999809265137,4663.0
2024-03-01 13:03:00,ATEC,13.5,13.5,13.520000457763672,13.5,13.520000457763672,2345.0
2024-03-01 13:03:00,ATRA,0.7936499714851379,0.7936499714851379,0.7972999811172485,0.7900000214576721,0.7936499714851379,3022.0
2024-03-01 13:03:00,ATXI,0.1535000056028366,0.1535000056028366,0.1535000056028366,0.1534000039100647,0.1534000039100647,6503.0
2024-03-01 13:03:00,AUPH,5.849999904632568,5.849999904632568,5.855000019073486,5.849999904632568,5.855000019073486,1084.0
2024-03-01 13:03:00,AUTL,6.360000133514404,6.360000133514404,6.364999771118164,6.360000133514404,6.360000133514404,1509.0
2024-03-01 13:03:00,AVDL,12.989999771118164,12.989999771118164,13.0,12.989999771118164,13.0,1002.0
2024-03-01 13:03:00,AVIR,4.5,4.5,4.534999847412109,4.5,4.534999847412109,7725.0
2024-03-01 13:03:00,AVRO,1.350000023841858,1.350000023841858,1.350000023841858,1.350000023841858,1.350000023841858,101.0
2024-03-01 13:03:00,AVXL,5.329999923706055,5.329999923706055,5.329999923706055,5.300000190734863,5.329999923706055,22030.0
2024-03-01 13:03:00,AZN,64.65440368652344,64.65440368652344,64.66500091552734,64.6500015258789,64.66000366210938,6305.0
2024-03-01 13:03:00,AZTA,67.12999725341797,67.12999725341797,67.16000366210938,67.11000061035156,67.16000366210938,3240.0
2024-03-01 13:03:00,BBIO,36.087501525878906,36.087501525878906,36.087501525878906,36.06999969482422,36.06999969482422,376.0
2024-03-01 13:03:00,BBLG,2.640000104904175,2.640000104904175,2.640000104904175,2.5999999046325684,2.5999999046325684,1654.0
2024-03-01 13:03:00,BCAB,2.755000114440918,2.755000114440918,2.755000114440918,2.755000114440918,2.755000114440918,100.0
2024-03-01 13:03:00,BCDA,0.5609999895095825,0.5609999895095825,0.5698999762535095,0.5609999895095825,0.5698999762535095,1000.0
2024-03-01 13:03:00,BCRX,5.744999885559082,5.744999885559082,5.760000228881836,5.744999885559082,5.760000228881836,4617.0
2024-03-01 13:03:00,BCYC,26.0,26.0,26.0,26.0,26.0,479.0
2024-03-01 13:03:00,BDTX,5.0,5.0,5.0,5.0,5.0,373.0
2024-03-01 13:03:00,BEAM,40.02000045776367,40.02000045776367,40.10499954223633,40.0099983215332,40.10499954223633,3848.0
2024-03-01 13:03:00,BGXX,0.2736999988555908,0.2736999988555908,0.2736999988555908,0.2736999988555908,0.2736999988555908,655.0
2024-03-01 13:03:00,BIOL,0.1388999968767166,0.1388999968767166,0.1388999968767166,0.13770000636577606,0.13770000636577606,10125.0
2024-03-01 13:03:00,BIOR,1.1340999603271484,1.1340999603271484,1.1399999856948853,1.1340999603271484,1.1399999856948853,1700.0
2024-03-01 13:03:00,BIVI,1.8550000190734863,1.8550000190734863,1.8700000047683716,1.8401000499725342,1.850100040435791,43952.0
2024-03-01 13:03:00,BLFS,18.270000457763672,18.270000457763672,18.270000457763672,18.219999313354492,18.229999542236328,629.0
2024-03-01 13:03:00,BLUE,1.5950000286102295,1.5950000286102295,1.597499966621399,1.590000033378601,1.5950000286102295,8650.0
2024-03-01 13:03:00,BMEA,18.170000076293945,18.170000076293945,18.18000030517578,18.149999618530273,18.18000030517578,2106.0
2024-03-01 13:03:00,BMRN,87.41000366210938,87.41000366210938,87.41000366210938,87.38999938964844,87.4000015258789,2960.0
2024-03-01 13:03:00,BNGO,1.2515000104904175,1.2515000104904175,1.2515000104904175,1.2515000104904175,1.2515000104904175,1134.0
2024-03-01 13:03:00,BNTC,5.180099964141846,5.180099964141846,5.184999942779541,5.180099964141846,5.184999942779541,1413.0
2024-03-01 13:03:00,BNTX,91.55000305175781,91.55000305175781,91.66000366210938,91.52999877929688,91.66000366210938,2555.0
2024-03-01 13:03:00,BOLT,1.190000057220459,1.190000057220459,1.2000000476837158,1.190000057220459,1.190000057220459,3160.0
2024-03-01 13:03:00,BRKR,88.33999633789062,88.33999633789062,88.33999633789062,88.33999633789062,88.33999633789062,354.0
2024-03-01 13:03:00,BTTX,0.17560000717639923,0.17560000717639923,0.17990000545978546,0.17560000717639923,0.1784999966621399,25408.0
2024-03-01 13:03:00,BWAY,6.519999980926514,6.519999980926514,6.53000020980835,6.519999980926514,6.53000020980835,250.0
2024-03-01 13:03:00,CABA,24.030000686645508,24.030000686645508,24.040000915527344,24.030000686645508,24.040000915527344,514.0
2024-03-01 13:03:00,CAPR,4.579999923706055,4.579999923706055,4.579999923706055,4.547999858856201,4.547999858856201,720.0
2024-03-01 13:03:00,CARA,0.9383999705314636,0.9383999705314636,0.9383999705314636,0.9383999705314636,0.9383999705314636,1018.0
2024-03-01 13:03:00,CBAY,32.2400016784668,32.2400016784668,32.2400016784668,32.22999954223633,32.23500061035156,2614.0
2024-03-01 13:03:00,CCCC,10.949999809265137,10.949999809265137,10.970000267028809,10.949999809265137,10.970000267028809,851.0
2024-03-01 13:03:00,CCRN,18.209999084472656,18.209999084472656,18.209999084472656,18.209999084472656,18.209999084472656,739.0
2024-03-01 13:03:00,CDMO,8.079999923706055,8.079999923706055,8.079999923706055,8.079999923706055,8.079999923706055,662.0
2024-03-01 13:03:00,CDNA,12.319999694824219,12.319999694824219,12.324999809265137,12.3100004196167,12.319999694824219,3203.0
2024-03-01 13:03:00,CDXS,4.5,4.5,4.5,4.5,4.5,978.0
2024-03-01 13:03:00,CELC,16.210899353027344,16.210899353027344,16.239999771118164,16.149999618530273,16.149999618530273,754.0
2024-03-01 13:03:00,CELU,3.569999933242798,3.569999933242798,3.589900016784668,3.569999933242798,3.589900016784668,1038.0
2024-03-01 13:03:00,CERE,41.099998474121094,41.099998474121094,41.099998474121094,41.092498779296875,41.099998474121094,1640.0
2024-03-01 13:03:00,CERS,2.2200000286102295,2.2200000286102295,2.2200000286102295,2.2200000286102295,2.2200000286102295,1945.0
2024-03-01 13:03:00,CERT,17.899999618530273,17.899999618530273,17.90999984741211,17.899999618530273,17.90999984741211,381.0
2024-03-01 13:03:00,CGC,3.265000104904175,3.265000104904175,3.265000104904175,3.259999990463257,3.265000104904175,1953.0
2024-03-01 13:03:00,CGEM,18.84000015258789,18.84000015258789,18.8799991607666,18.84000015258789,18.8799991607666,360.0
2024-03-01 13:03:00,CGEN,2.680000066757202,2.680000066757202,2.680000066757202,2.680000066757202,2.680000066757202,184.0
2024-03-01 13:03:00,CGTX,2.0199999809265137,2.0199999809265137,2.0199999809265137,2.0199999809265137,2.0199999809265137,105.0
2024-03-01 13:03:00,CHRS,2.4000000953674316,2.4000000953674316,2.4049999713897705,2.4000000953674316,2.40120005607605,1212.0
2024-03-01 13:03:00,CLDX,50.779998779296875,50.779998779296875,50.779998779296875,50.63999938964844,50.69499969482422,5404.0
2024-03-01 13:03:00,CLOV,0.864799976348877,0.864799976348877,0.8650010228157043,0.864799976348877,0.8650010228157043,43497.0
2024-03-01 13:03:00,CLRB,4.159999847412109,4.159999847412109,4.159999847412109,4.159999847412109,4.159999847412109,100.0
2024-03-01 13:03:00,CMPS,11.32409954071045,11.32409954071045,11.32409954071045,11.32409954071045,11.32409954071045,483.0
2024-03-01 13:03:00,CMRX,1.1699999570846558,1.1699999570846558,1.1699999570846558,1.1699999570846558,1.1699999570846558,100.0
2024-03-01 13:03:00,CNTA,10.920000076293945,10.920000076293945,10.920000076293945,10.920000076293945,10.920000076293945,300.0
2024-03-01 13:03:00,COGT,7.150000095367432,7.150000095367432,7.159999847412109,7.144999980926514,7.159999847412109,998.0
2024-03-01 13:03:00,COLL,36.84000015258789,36.84000015258789,36.849998474121094,36.810001373291016,36.810001373291016,474.0
2024-03-01 13:03:00,CORT,24.25,24.25,24.260000228881836,24.25,24.260000228881836,1237.0
2024-03-01 13:03:00,CPRX,17.15999984741211,17.15999984741211,17.170000076293945,17.139999389648438,17.139999389648438,6789.0
2024-03-01 13:03:00,CPSI,9.569999694824219,9.569999694824219,9.570099830627441,9.550000190734863,9.570099830627441,2254.0
2024-03-01 13:03:00,CRBU,7.945000171661377,7.945000171661377,7.960000038146973,7.945000171661377,7.960000038146973,1541.0
2024-03-01 13:03:00,CRDF,2.3499999046325684,2.3499999046325684,2.369999885559082,2.3299999237060547,2.369999885559082,28025.0
2024-03-01 13:03:00,CRDL,1.8547999858856201,1.8547999858856201,1.8701000213623047,1.850100040435791,1.8700000047683716,20457.0
2024-03-01 13:03:00,CRNX,46.470001220703125,46.470001220703125,46.47999954223633,46.45000076293945,46.47999954223633,1238.0
2024-03-01 13:03:00,CRON,2.065000057220459,2.065000057220459,2.065000057220459,2.065000057220459,2.065000057220459,315.0
2024-03-01 13:03:00,CRSP,86.07990264892578,86.07990264892578,86.11000061035156,85.98999786376953,86.01000213623047,3700.0
2024-03-01 13:03:00,CSTL,20.303300857543945,20.303300857543945,20.303300857543945,20.303300857543945,20.303300857543945,232.0
2024-03-01 13:03:00,CTKB,8.8100004196167,8.8100004196167,8.8149995803833,8.8100004196167,8.8100004196167,1860.0
2024-03-01 13:03:00,CTMX,2.744999885559082,2.744999885559082,2.75,2.7300000190734863,2.740000009536743,4318.0
2024-03-01 13:03:00,CYTK,73.125,73.125,73.20500183105469,73.125,73.20500183105469,1045.0
2024-03-01 13:03:00,CYTO,2.42330002784729,2.42330002784729,2.42330002784729,2.4200000762939453,2.4200000762939453,1611.0
2024-03-01 13:03:00,DARE,0.5600000023841858,0.5600000023841858,0.5600000023841858,0.5600000023841858,0.5600000023841858,1625.0
2024-03-01 13:03:00,DAWN,17.40999984741211,17.40999984741211,17.420000076293945,17.40999984741211,17.420000076293945,355.0
2024-03-01 13:03:00,DCGO,4.159999847412109,4.159999847412109,4.159999847412109,4.159999847412109,4.159999847412109,398.0
2024-03-01 13:03:00,DCPH,17.42099952697754,17.42099952697754,17.450000762939453,17.42099952697754,17.450000762939453,1222.0
2024-03-01 13:03:00,DH,8.75,8.75,8.75,8.704999923706055,8.704999923706055,5356.0
2024-03-01 13:03:00,DMTK,0.8587999939918518,0.8587999939918518,0.8587999939918518,0.8587999939918518,0.8587999939918518,112.0
2024-03-01 13:03:00,DNLI,20.770000457763672,20.770000457763672,20.80500030517578,20.770000457763672,20.80500030517578,2118.0
2024-03-01 13:03:00,DTIL,12.46500015258789,12.46500015258789,12.489999771118164,12.3572998046875,12.489999771118164,9374.0
2024-03-01 13:03:00,DVAX,12.895000457763672,12.895000457763672,12.899999618530273,12.895000457763672,12.899999618530273,2527.0
2024-03-01 13:03:00,DXCM,121.80999755859375,121.80999755859375,121.8499984741211,121.80000305175781,121.83999633789062,5117.0
2024-03-01 13:03:00,DYN,28.616500854492188,28.616500854492188,28.625,28.616500854492188,28.625,2088.0
2024-03-01 13:03:00,EDIT,10.850000381469727,10.850000381469727,10.854999542236328,10.845000267028809,10.850000381469727,1616.0
2024-03-01 13:03:00,EGRX,6.710000038146973,6.710000038146973,6.710000038146973,6.710000038146973,6.710000038146973,220.0
2024-03-01 13:03:00,EKSO,2.0,2.0,2.0,1.9900000095367432,1.999899983406067,649.0
2024-03-01 13:03:00,ELEV,5.059999942779541,5.059999942779541,5.079999923706055,5.059999942779541,5.059999942779541,2603.0
2024-03-01 13:03:00,EMBC,14.404999732971191,14.404999732971191,14.420000076293945,14.404999732971191,14.420000076293945,562.0
2024-03-01 13:03:00,ENLV,3.349900007247925,3.349900007247925,3.349900007247925,3.349900007247925,3.349900007247925,600.0
2024-03-01 13:03:00,ENSG,122.83000183105469,122.83000183105469,123.01000213623047,122.83000183105469,123.01000213623047,915.0
2024-03-01 13:03:00,ENTA,15.404999732971191,15.404999732971191,15.404999732971191,15.404999732971191,15.404999732971191,972.0
2024-03-01 13:03:00,ENVB,1.5,1.5,1.5199999809265137,1.4950000047683716,1.51010000705719,44968.0
2024-03-01 13:03:00,ERAS,2.505000114440918,2.505000114440918,2.515000104904175,2.505000114440918,2.515000104904175,11674.0
2024-03-01 13:03:00,ESPR,2.515000104904175,2.515000104904175,2.515000104904175,2.509999990463257,2.515000104904175,1368.0
2024-03-01 13:03:00,ESTA,45.45000076293945,45.45000076293945,45.45500183105469,45.314998626708984,45.314998626708984,340.0
2024-03-01 13:03:00,ETNB,13.210000038146973,13.210000038146973,13.229999542236328,13.210000038146973,13.229999542236328,3477.0
2024-03-01 13:03:00,EWTX,17.049999237060547,17.049999237060547,17.049999237060547,17.049999237060547,17.049999237060547,234.0
2024-03-01 13:03:00,EXAI,6.799900054931641,6.799900054931641,6.799900054931641,6.799900054931641,6.799900054931641,202.0
2024-03-01 13:03:00,EXAS,60.470001220703125,60.470001220703125,60.470001220703125,60.439998626708984,60.439998626708984,1509.0
2024-03-01 13:03:00,EXEL,22.520000457763672,22.520000457763672,22.524999618530273,22.514999389648438,22.520000457763672,5186.0
2024-03-01 13:03:00,EYEN,2.444999933242798,2.444999933242798,2.4500999450683594,2.440000057220459,2.4500999450683594,19446.0
2024-03-01 13:03:00,EYPT,27.950000762939453,27.950000762939453,27.950000762939453,27.920000076293945,27.940000534057617,638.0
2024-03-01 13:03:00,FATE,7.599999904632568,7.599999904632568,7.599999904632568,7.59499979019165,7.599999904632568,2819.0
2024-03-01 13:03:00,FBIO,2.299999952316284,2.299999952316284,2.299999952316284,2.299999952316284,2.299999952316284,303.0
2024-03-01 13:03:00,FDMT,29.15999984741211,29.15999984741211,29.209999084472656,29.110000610351562,29.165000915527344,1036.0
2024-03-01 13:03:00,FEMY,1.7199000120162964,1.7199000120162964,1.7199000120162964,1.7199000120162964,1.7199000120162964,1501.0
2024-03-01 13:03:00,FGEN,1.8550000190734863,1.8550000190734863,1.8700000047683716,1.8550000190734863,1.8700000047683716,8401.0
2024-03-01 13:03:00,FHTX,7.920000076293945,7.920000076293945,7.920000076293945,7.920000076293945,7.920000076293945,231.0
2024-03-01 13:03:00,FLGT,23.209999084472656,23.209999084472656,23.209999084472656,23.209999084472656,23.209999084472656,100.0
2024-03-01 13:03:00,FOLD,13.329999923706055,13.329999923706055,13.34000015258789,13.329999923706055,13.34000015258789,1717.0
2024-03-01 13:03:00,FULC,10.850000381469727,10.850000381469727,10.859999656677246,10.850000381469727,10.859999656677246,226.0
2024-03-01 13:03:00,FUSN,12.350000381469727,12.350000381469727,12.359999656677246,12.350000381469727,12.350000381469727,2705.0
2024-03-01 13:03:00,GDRX,8.239999771118164,8.239999771118164,8.255000114440918,8.239999771118164,8.255000114440918,3191.0
2024-03-01 13:03:00,GERN,2.2200000286102295,2.2200000286102295,2.2300000190734863,2.2200000286102295,2.2249999046325684,32513.0
2024-03-01 13:03:00,GH,19.170000076293945,19.170000076293945,19.170000076293945,19.170000076293945,19.170000076293945,1643.0
2024-03-01 13:03:00,GHRS,8.805000305175781,8.805000305175781,8.805000305175781,8.805000305175781,8.805000305175781,2857.0
2024-03-01 13:03:00,GILD,72.19499969482422,72.19499969482422,72.2300033569336,72.19499969482422,72.2249984741211,8093.0
2024-03-01 13:03:00,GMDA,0.3779999911785126,0.3779999911785126,0.3779999911785126,0.3779999911785126,0.3779999911785126,330.0
2024-03-01 13:03:00,GOSS,1.3849999904632568,1.3849999904632568,1.3899999856948853,1.3700000047683716,1.3700000047683716,3934.0
2024-03-01 13:03:00,GRFS,7.090000152587891,7.090000152587891,7.090000152587891,7.080100059509277,7.080100059509277,450.0
2024-03-01 13:03:00,GRTS,2.1549999713897705,2.1549999713897705,2.1586999893188477,2.1549999713897705,2.1586999893188477,1817.0
2024-03-01 13:03:00,GRTX,0.23000000417232513,0.23000000417232513,0.23000000417232513,0.23000000417232513,0.23000000417232513,6762.0
2024-03-01 13:03:00,GTHX,3.7249999046325684,3.7249999046325684,3.7249999046325684,3.7249999046325684,3.7249999046325684,270.0
2024-03-01 13:03:00,HALO,41.41999816894531,41.41999816894531,41.47999954223633,41.380001068115234,41.47999954223633,4942.0
2024-03-01 13:03:00,HARP,22.94499969482422,22.94499969482422,22.94499969482422,22.94499969482422,22.94499969482422,414.0
2024-03-01 13:03:00,HCAT,8.029999732971191,8.029999732971191,8.029999732971191,8.029999732971191,8.029999732971191,1034.0
2024-03-01 13:03:00,HCSG,12.619999885559082,12.619999885559082,12.630000114440918,12.614999771118164,12.630000114440918,1686.0
2024-03-01 13:03:00,HOLX,74.04000091552734,74.04000091552734,74.05000305175781,74.04000091552734,74.05000305175781,1046.0
2024-03-01 13:03:00,HOWL,6.980000019073486,6.980000019073486,6.980000019073486,6.980000019073486,6.980000019073486,110.0
2024-03-01 13:03:00,HRMY,31.440000534057617,31.440000534057617,31.440000534057617,31.420000076293945,31.440000534057617,420.0
2024-03-01 13:03:00,HRTX,2.5799999237060547,2.5799999237060547,2.5850000381469727,2.5799999237060547,2.5850000381469727,1500.0
2024-03-01 13:03:00,HSIC,76.81999969482422,76.81999969482422,76.87999725341797,76.80000305175781,76.87999725341797,2959.0
2024-03-01 13:03:00,HUMA,3.4649999141693115,3.4649999141693115,3.4700000286102295,3.4649999141693115,3.4649999141693115,3421.0
2024-03-01 13:03:00,IART,36.61000061035156,36.61000061035156,36.619998931884766,36.61000061035156,36.619998931884766,261.0
2024-03-01 13:03:00,IBRX,4.759900093078613,4.759900093078613,4.769999980926514,4.75,4.760000228881836,29058.0
2024-03-01 13:03:00,ICAD,1.8899999856948853,1.8899999856948853,1.8901000022888184,1.8899999856948853,1.8901000022888184,10073.0
2024-03-01 13:03:00,ICLR,322.7799987792969,322.7799987792969,322.7799987792969,322.7799987792969,322.7799987792969,918.0
2024-03-01 13:03:00,IDYA,46.529998779296875,46.529998779296875,46.529998779296875,46.5,46.5,380.0
2024-03-01 13:03:00,IGMS,13.40999984741211,13.40999984741211,13.529999732971191,13.40999984741211,13.470000267028809,7876.0
2024-03-01 13:03:00,ILMN,142.22000122070312,142.22000122070312,142.27000427246094,142.22000122070312,142.27000427246094,1271.0
2024-03-01 13:03:00,IMMX,3.5520999431610107,3.5520999431610107,3.555000066757202,3.5520999431610107,3.555000066757202,501.0
2024-03-01 13:03:00,IMNM,26.16710090637207,26.16710090637207,26.239999771118164,26.16710090637207,26.190000534057617,1460.0
2024-03-01 13:03:00,IMVT,36.25,36.25,36.27000045776367,36.25,36.27000045776367,876.0
2024-03-01 13:03:00,INBX,36.5,36.5,36.540000915527344,36.5,36.540000915527344,1252.0
2024-03-01 13:03:00,INCY,59.279998779296875,59.279998779296875,59.279998779296875,59.279998779296875,59.279998779296875,1418.0
2024-03-01 13:03:00,INGN,6.829999923706055,6.829999923706055,6.829999923706055,6.809999942779541,6.809999942779541,27474.0
2024-03-01 13:03:00,INMD,22.860000610351562,22.860000610351562,22.860000610351562,22.843000411987305,22.843000411987305,2819.0
2024-03-01 13:03:00,INSM,28.489999771118164,28.489999771118164,28.489999771118164,28.489999771118164,28.489999771118164,202.0
2024-03-01 13:03:00,INVA,15.619999885559082,15.619999885559082,15.635000228881836,15.609999656677246,15.635000228881836,3505.0
2024-03-01 13:03:00,INZY,6.670000076293945,6.670000076293945,6.670000076293945,6.670000076293945,6.670000076293945,537.0
2024-03-01 13:03:00,IOBT,1.840000033378601,1.840000033378601,1.8401000499725342,1.840000033378601,1.8401000499725342,2104.0
2024-03-01 13:03:00,IONS,45.849998474121094,45.849998474121094,45.90999984741211,45.849998474121094,45.90999984741211,2044.0
2024-03-01 13:03:00,IOVA,16.815000534057617,16.815000534057617,16.850000381469727,16.815000534057617,16.825000762939453,16438.0
2024-03-01 13:03:00,IPA,1.8413000106811523,1.8413000106811523,1.8413000106811523,1.8413000106811523,1.8413000106811523,169.0
2024-03-01 13:03:00,IPSC,3.799999952316284,3.799999952316284,3.800100088119507,3.799999952316284,3.800100088119507,622.0
2024-03-01 13:03:00,IRMD,41.92499923706055,41.92499923706055,41.92499923706055,41.86000061035156,41.86000061035156,1157.0
2024-03-01 13:03:00,IRWD,9.119999885559082,9.119999885559082,9.130000114440918,9.119999885559082,9.120100021362305,2062.0
2024-03-01 13:03:00,ISRG,395.8399963378906,395.8399963378906,395.9599914550781,395.7900085449219,395.7900085449219,4073.0
2024-03-01 13:03:00,ITCI,71.40499877929688,71.40499877929688,71.40499877929688,71.40499877929688,71.40499877929688,268.0
2024-03-01 13:03:00,ITRM,1.2692999839782715,1.2692999839782715,1.2692999839782715,1.2599999904632568,1.2599999904632568,8891.0
2024-03-01 13:03:00,IXHL,5.599999904632568,5.599999904632568,5.599999904632568,5.570000171661377,5.570000171661377,1022.0
2024-03-01 13:03:00,JAGX,0.07425100356340408,0.07425100356340408,0.07429999858140945,0.07400000095367432,0.07400000095367432,34245.0
2024-03-01 13:03:00,JSPR,21.0,21.0,21.0,21.0,21.0,130.0
2024-03-01 13:03:00,KALV,14.100000381469727,14.100000381469727,14.100000381469727,14.09000015258789,14.09000015258789,699.0
2024-03-01 13:03:00,KNTE,2.600100040435791,2.600100040435791,2.6050000190734863,2.600100040435791,2.6050000190734863,9600.0
2024-03-01 13:03:00,KOD,6.099999904632568,6.099999904632568,6.099999904632568,6.099999904632568,6.099999904632568,639.0
2024-03-01 13:03:00,KPTI,1.2036999464035034,1.2036999464035034,1.2050000429153442,1.2036999464035034,1.2050000429153442,1245.0
2024-03-01 13:03:00,KRON,1.0299999713897705,1.0299999713897705,1.0299999713897705,1.0299999713897705,1.0299999713897705,4037.0
2024-03-01 13:03:00,KROS,69.94000244140625,69.94000244140625,69.94000244140625,69.94000244140625,69.94000244140625,434.0
2024-03-01 13:03:00,KTRA,0.09830000251531601,0.09830000251531601,0.09880000352859497,0.0982000008225441,0.09880000352859497,5260.0
2024-03-01 13:03:00,KYMR,44.04999923706055,44.04999923706055,44.084999084472656,44.040000915527344,44.060001373291016,1460.0
2024-03-01 13:03:00,KZR,1.065000057220459,1.065000057220459,1.065000057220459,1.065000057220459,1.065000057220459,300.0
2024-03-01 13:03:00,LAB,2.5250000953674316,2.5250000953674316,2.5250000953674316,2.5199999809265137,2.5250000953674316,3766.0
2024-03-01 13:03:00,LBPH,21.84000015258789,21.84000015258789,21.84000015258789,21.834999084472656,21.834999084472656,204.0
2024-03-01 13:03:00,LEGN,65.9375,65.9375,66.0,65.91999816894531,66.0,2796.0
2024-03-01 13:03:00,LFMD,7.989999771118164,7.989999771118164,8.0,7.989999771118164,8.0,615.0
2024-03-01 13:03:00,LFST,7.784999847412109,7.784999847412109,7.804999828338623,7.775000095367432,7.7789998054504395,13949.0
2024-03-01 13:03:00,LGND,78.0999984741211,78.0999984741211,78.0999984741211,78.05999755859375,78.05999755859375,998.0
2024-03-01 13:03:00,LIVN,55.630001068115234,55.630001068115234,55.630001068115234,55.630001068115234,55.630001068115234,237.0
2024-03-01 13:03:00,LNTH,65.46499633789062,65.46499633789062,65.46499633789062,65.46499633789062,65.46499633789062,583.0
2024-03-01 13:03:00,LPTX,2.912400007247925,2.912400007247925,2.912400007247925,2.912400007247925,2.912400007247925,1200.0
2024-03-01 13:03:00,LTRN,4.550000190734863,4.550000190734863,4.550000190734863,4.550000190734863,4.550000190734863,291.0
2024-03-01 13:03:00,LVTX,3.0318000316619873,3.0318000316619873,3.0318000316619873,3.025899887084961,3.025899887084961,1201.0
2024-03-01 13:03:00,LXRX,2.5,2.5,2.5199999809265137,2.5,2.5199999809265137,16072.0
2024-03-01 13:03:00,LYEL,3.1600000858306885,3.1600000858306885,3.1600000858306885,3.1600000858306885,3.1600000858306885,442.0
2024-03-01 13:03:00,LYRA,5.699999809265137,5.699999809265137,5.699999809265137,5.640100002288818,5.640100002288818,2657.0
2024-03-01 13:03:00,MACK,14.710000038146973,14.710000038146973,14.710000038146973,14.710000038146973,14.710000038146973,368.0
2024-03-01 13:03:00,MASI,128.0399932861328,128.0399932861328,128.0399932861328,128.0399932861328,128.0399932861328,164.0
2024-03-01 13:03:00,MCRB,1.2000000476837158,1.2000000476837158,1.2000000476837158,1.2000000476837158,1.2000000476837158,100.0
2024-03-01 13:03:00,MDRX,6.050000190734863,6.050000190734863,6.099999904632568,6.050000190734863,6.050000190734863,4002.0
2024-03-01 13:03:00,MDWD,14.332200050354004,14.332200050354004,14.332200050354004,14.332200050354004,14.332200050354004,155.0
2024-03-01 13:03:00,MDXG,8.704999923706055,8.704999923706055,8.71500015258789,8.700699806213379,8.71500015258789,5344.0
2024-03-01 13:03:00,ME,0.5733000040054321,0.5733000040054321,0.5738999843597412,0.5726000070571899,0.572700023651123,2988.0
2024-03-01 13:03:00,MEDP,402.2650146484375,402.2650146484375,402.2650146484375,400.9200134277344,401.42498779296875,7518.0
2024-03-01 13:03:00,MGNX,18.969999313354492,18.969999313354492,18.969999313354492,18.899999618530273,18.899999618530273,7430.0
2024-03-01 13:03:00,MHUA,0.699999988079071,0.699999988079071,0.7095000147819519,0.6999250054359436,0.6999250054359436,1100.0
2024-03-01 13:03:00,MLTX,51.53499984741211,51.53499984741211,51.53499984741211,51.470001220703125,51.511199951171875,1028.0
2024-03-01 13:03:00,MMSI,76.53759765625,76.53759765625,76.53759765625,76.53759765625,76.53759765625,359.0
2024-03-01 13:03:00,MNKD,4.519999980926514,4.519999980926514,4.53000020980835,4.514999866485596,4.519999980926514,37002.0
2024-03-01 13:03:00,MNMD,6.100900173187256,6.100900173187256,6.110000133514404,6.100900173187256,6.110000133514404,903.0
2024-03-01 13:03:00,MNOV,1.3791999816894531,1.3791999816894531,1.3791999816894531,1.3791999816894531,1.3791999816894531,310.0
2024-03-01 13:03:00,MODD,1.9299999475479126,1.9299999475479126,1.9299999475479126,1.9299999475479126,1.9299999475479126,200.0
2024-03-01 13:03:00,MODV,28.0,28.0,28.010000228881836,28.0,28.010000228881836,1882.0
2024-03-01 13:03:00,MOR,17.59000015258789,17.59000015258789,17.59000015258789,17.59000015258789,17.59000015258789,898.0
2024-03-01 13:03:00,MRNA,96.3667984008789,96.3667984008789,96.54499816894531,96.3499984741211,96.54499816894531,11107.0
2024-03-01 13:03:00,MRNS,10.210000038146973,10.210000038146973,10.210000038146973,10.109999656677246,10.111000061035156,6440.0
2024-03-01 13:03:00,MRSN,5.949999809265137,5.949999809265137,5.974999904632568,5.940000057220459,5.974999904632568,4333.0
2024-03-01 13:03:00,MRVI,7.735000133514404,7.735000133514404,7.760000228881836,7.730000019073486,7.760000228881836,6608.0
2024-03-01 13:03:00,MXCT,4.760000228881836,4.760000228881836,4.760000228881836,4.760000228881836,4.760000228881836,650.0
2024-03-01 13:03:00,MYGN,21.729999542236328,21.729999542236328,21.790000915527344,21.729999542236328,21.790000915527344,2568.0
2024-03-01 13:03:00,MYNZ,0.8601999878883362,0.8601999878883362,0.8622000217437744,0.8601999878883362,0.8622000217437744,400.0
2024-03-01 13:03:00,NARI,45.11000061035156,45.11000061035156,45.11000061035156,45.0,45.0,6612.0
2024-03-01 13:03:00,NAUT,2.6600000858306885,2.6600000858306885,2.6600000858306885,2.6600000858306885,2.6600000858306885,299.0
2024-03-01 13:03:00,NBIX,131.0800018310547,131.0800018310547,131.09500122070312,131.02499389648438,131.02499389648438,1874.0
2024-03-01 13:03:00,NEO,16.100000381469727,16.100000381469727,16.110000610351562,16.100000381469727,16.110000610351562,587.0
2024-03-01 13:03:00,NEOG,17.375,17.375,17.3799991607666,17.344999313354492,17.344999313354492,5237.0
2024-03-01 13:03:00,NKTX,12.760000228881836,12.760000228881836,12.789999961853027,12.760000228881836,12.789999961853027,397.0
2024-03-01 13:03:00,NNOX,11.015000343322754,11.015000343322754,11.029999732971191,11.010000228881836,11.029999732971191,8146.0
2024-03-01 13:03:00,NPCE,16.700000762939453,16.700000762939453,16.8799991607666,16.700000762939453,16.8799991607666,2406.0
2024-03-01 13:03:00,NRIX,13.595000267028809,13.595000267028809,13.595000267028809,13.595000267028809,13.595000267028809,722.0
2024-03-01 13:03:00,NRSN,2.0671000480651855,2.0671000480651855,2.0699000358581543,2.0671000480651855,2.0699000358581543,1656.0
2024-03-01 13:03:00,NRXP,0.41940000653266907,0.41940000653266907,0.4196999967098236,0.4174000024795532,0.4174000024795532,11726.0
2024-03-01 13:03:00,NTLA,33.38999938964844,33.38999938964844,33.45000076293945,33.380001068115234,33.45000076293945,2693.0
2024-03-01 13:03:00,NTRA,89.68499755859375,89.68499755859375,89.76000213623047,89.55999755859375,89.76000213623047,9083.0
2024-03-01 13:03:00,NUVL,88.91000366210938,88.91000366210938,88.91000366210938,88.91000366210938,88.91000366210938,252.0
2024-03-01 13:03:00,NVAX,5.139999866485596,5.139999866485596,5.150000095367432,5.139999866485596,5.150000095367432,22865.0
2024-03-01 13:03:00,NVCR,15.965900421142578,15.965900421142578,16.0,15.965900421142578,16.0,2239.0
2024-03-01 13:03:00,NXTC,1.7799999713897705,1.7799999713897705,1.7799999713897705,1.7799999713897705,1.7799999713897705,338.0
2024-03-01 13:03:00,OCGN,0.9415010213851929,0.9415010213851929,0.9455999732017517,0.9415010213851929,0.9448000192642212,53387.0
2024-03-01 13:03:00,OCUL,10.8149995803833,10.8149995803833,10.8149995803833,10.805000305175781,10.8100004196167,721.0
2024-03-01 13:03:00,OCX,2.9500999450683594,2.9500999450683594,2.9500999450683594,2.940000057220459,2.950000047683716,4253.0
2024-03-01 13:03:00,OFIX,12.854999542236328,12.854999542236328,12.854999542236328,12.845000267028809,12.850000381469727,769.0
2024-03-01 13:03:00,OGI,2.2049999237060547,2.2049999237060547,2.2049999237060547,2.2049999237060547,2.2049999237060547,5554.0
2024-03-01 13:03:00,OLMA,14.710000038146973,14.710000038146973,14.710000038146973,14.710000038146973,14.710000038146973,341.0
2024-03-01 13:03:00,OM,3.1500000953674316,3.1500000953674316,3.1500000953674316,3.140000104904175,3.1449999809265137,518.0
2024-03-01 13:03:00,OMER,4.764999866485596,4.764999866485596,4.764999866485596,4.764999866485596,4.764999866485596,505.0
2024-03-01 13:03:00,OMGA,4.184999942779541,4.184999942779541,4.190000057220459,4.179999828338623,4.184999942779541,2095.0
2024-03-01 13:03:00,ONCY,1.1384999752044678,1.1384999752044678,1.1384999752044678,1.1312999725341797,1.1312999725341797,281.0
2024-03-01 13:03:00,ONVO,1.0299999713897705,1.0299999713897705,1.0299999713897705,1.0299999713897705,1.0299999713897705,150.0
2024-03-01 13:04:00,ABCL,5.255000114440918,5.255000114440918,5.255000114440918,5.244999885559082,5.244999885559082,2452.0
2024-03-01 13:04:00,ABEO,7.699999809265137,7.699999809265137,7.760000228881836,7.699999809265137,7.760000228881836,11593.0
2024-03-01 13:04:00,ABOS,4.659999847412109,4.659999847412109,4.659999847412109,4.65500020980835,4.65500020980835,1668.0
2024-03-01 13:04:00,ABSI,5.329999923706055,5.329999923706055,5.340000152587891,5.320000171661377,5.335000038146973,10066.0
2024-03-01 13:04:00,ABUS,2.7699999809265137,2.7699999809265137,2.7750000953674316,2.7699999809265137,2.7699999809265137,836.0
2024-03-01 13:04:00,ABVC,1.1799999475479126,1.1799999475479126,1.1799999475479126,1.1799999475479126,1.1799999475479126,951.0
2024-03-01 13:04:00,ACAD,24.469999313354492,24.469999313354492,24.469999313354492,24.454999923706055,24.459999084472656,1311.0
2024-03-01 13:04:00,ACB,3.190000057220459,3.190000057220459,3.190000057220459,3.190000057220459,3.190000057220459,749.0
2024-03-01 13:04:00,ACCD,10.1899995803833,10.1899995803833,10.194999694824219,10.1850004196167,10.194999694824219,3715.0
2024-03-01 13:04:00,ACET,2.390000104904175,2.390000104904175,2.3949999809265137,2.390000104904175,2.3949999809265137,917.0
2024-03-01 13:04:00,ACHC,84.4800033569336,84.4800033569336,84.4800033569336,84.4800033569336,84.4800033569336,246.0
2024-03-01 13:04:00,ACHV,4.360000133514404,4.360000133514404,4.360000133514404,4.360000133514404,4.360000133514404,431.0
2024-03-01 13:04:00,ACLX,66.88500213623047,66.88500213623047,66.95999908447266,66.77999877929688,66.77999877929688,1646.0
2024-03-01 13:04:00,ACON,0.4097999930381775,0.4097999930381775,0.4097999930381775,0.4074999988079071,0.4074999988079071,4055.0
2024-03-01 13:04:00,ACRS,1.2300000190734863,1.2300000190734863,1.2400000095367432,1.2300000190734863,1.2300000190734863,1111.0
2024-03-01 13:04:00,ADIL,3.0899999141693115,3.0899999141693115,3.119999885559082,3.0827999114990234,3.0827999114990234,21356.0
2024-03-01 13:04:00,ADMA,5.485000133514404,5.485000133514404,5.485000133514404,5.474999904632568,5.480000019073486,2757.0
2024-03-01 13:04:00,ADPT,4.204999923706055,4.204999923706055,4.210000038146973,4.190000057220459,4.190000057220459,5977.0
2024-03-01 13:04:00,ADVM,1.9800000190734863,1.9800000190734863,1.9800000190734863,1.9800000190734863,1.9800000190734863,818.0
2024-03-01 13:04:00,AGEN,0.6782000064849854,0.6782000064849854,0.6782000064849854,0.6779500246047974,0.6780999898910522,5650.0
2024-03-01 13:04:00,AGIO,32.91999816894531,32.91999816894531,32.91999816894531,32.91999816894531,32.91999816894531,660.0
2024-03-01 13:04:00,AGRX,0.839900016784668,0.839900016784668,0.839900016784668,0.839900016784668,0.839900016784668,107.0
2024-03-01 13:04:00,AHCO,10.609999656677246,10.609999656677246,10.614999771118164,10.604999542236328,10.609999656677246,4217.0
2024-03-01 13:04:00,AIRS,6.498000144958496,6.498000144958496,6.498000144958496,6.498000144958496,6.498000144958496,201.0
2024-03-01 13:04:00,AKAN,0.21490000188350677,0.21490000188350677,0.23080000281333923,0.21400000154972076,0.21799999475479126,27412.0
2024-03-01 13:04:00,AKBA,1.690000057220459,1.690000057220459,1.690000057220459,1.684999942779541,1.684999942779541,7476.0
2024-03-01 13:04:00,AKLI,0.3443709909915924,0.3443709909915924,0.3443709909915924,0.3443709909915924,0.3443709909915924,205.0
2024-03-01 13:04:00,AKRO,29.799999237060547,29.799999237060547,29.799999237060547,29.774999618530273,29.777299880981445,1366.0
2024-03-01 13:04:00,ALDX,4.230000019073486,4.230000019073486,4.230000019073486,4.190000057220459,4.190000057220459,85711.0
2024-03-01 13:04:00,ALEC,7.309999942779541,7.309999942779541,7.320000171661377,7.309999942779541,7.320000171661377,952.0
2024-03-01 13:04:00,ALGN,304.3999938964844,304.3999938964844,304.4700012207031,304.3999938964844,304.4700012207031,1328.0
2024-03-01 13:04:00,ALGS,1.0986000299453735,1.0986000299453735,1.0986000299453735,1.0950000286102295,1.0950000286102295,2000.0
2024-03-01 13:04:00,ALHC,5.702499866485596,5.702499866485596,5.704999923706055,5.702499866485596,5.704999923706055,313.0
2024-03-01 13:04:00,ALKS,30.25,30.25,30.260000228881836,30.19499969482422,30.19499969482422,4940.0
2024-03-01 13:04:00,ALLK,1.6050000190734863,1.6050000190734863,1.6050000190734863,1.5950000286102295,1.600000023841858,8993.0
2024-03-01 13:04:00,ALLO,5.045000076293945,5.045000076293945,5.050000190734863,5.045000076293945,5.045000076293945,3289.0
2024-03-01 13:04:00,ALNY,154.3249969482422,154.3249969482422,154.38999938964844,154.27499389648438,154.3000030517578,1516.0
2024-03-01 13:04:00,ALPN,35.79999923706055,35.79999923706055,35.79999923706055,35.75,35.77000045776367,1265.0
2024-03-01 13:04:00,ALT,12.010000228881836,12.010000228881836,12.020000457763672,12.0,12.0,4921.0
2024-03-01 13:04:00,ALVO,15.720000267028809,15.720000267028809,15.720000267028809,15.720000267028809,15.720000267028809,105.0
2024-03-01 13:04:00,ALXO,15.020000457763672,15.020000457763672,15.020000457763672,15.020000457763672,15.020000457763672,117.0
2024-03-01 13:04:00,AMGN,280.7799987792969,280.7799987792969,280.95001220703125,280.7799987792969,280.92498779296875,8094.0
2024-03-01 13:04:00,AMLX,18.790000915527344,18.790000915527344,18.790000915527344,18.770000457763672,18.770000457763672,3350.0
2024-03-01 13:04:00,AMPH,45.29999923706055,45.29999923706055,45.29999923706055,45.29999923706055,45.29999923706055,440.0
2024-03-01 13:04:00,AMRN,1.0499999523162842,1.0499999523162842,1.0599000453948975,1.0499999523162842,1.0549999475479126,5941.0
2024-03-01 13:04:00,ANAB,25.399999618530273,25.399999618530273,25.424999237060547,25.399999618530273,25.399999618530273,2285.0
2024-03-01 13:04:00,ANGO,5.519999980926514,5.519999980926514,5.519999980926514,5.519999980926514,5.519999980926514,1279.0
2024-03-01 13:04:00,ANNX,6.139999866485596,6.139999866485596,6.139999866485596,6.119999885559082,6.119999885559082,6507.0
2024-03-01 13:04:00,APLS,64.73999786376953,64.73999786376953,64.73999786376953,64.52999877929688,64.56999969482422,2551.0
2024-03-01 13:04:00,APLT,7.139999866485596,7.139999866485596,7.139999866485596,7.114999771118164,7.114999771118164,2539.0
2024-03-01 13:04:00,AQST,4.190000057220459,4.190000057220459,4.199999809265137,4.171500205993652,4.190000057220459,4202.0
2024-03-01 13:04:00,ARAY,2.634999990463257,2.634999990463257,2.634999990463257,2.634999990463257,2.634999990463257,101.0
2024-03-01 13:04:00,ARCT,39.97999954223633,39.97999954223633,39.97999954223633,39.92499923706055,39.92499923706055,429.0
2024-03-01 13:04:00,ARDX,9.539999961853027,9.539999961853027,9.552499771118164,9.539999961853027,9.539999961853027,25909.0
2024-03-01 13:04:00,ARQT,11.8100004196167,11.8100004196167,11.8100004196167,11.720199584960938,11.720199584960938,76636.0
2024-03-01 13:04:00,ARVN,48.95000076293945,48.95000076293945,49.0,48.95000076293945,48.994998931884766,833.0
2024-03-01 13:04:00,ARWR,35.685001373291016,35.685001373291016,35.720001220703125,35.61000061035156,35.61000061035156,1955.0
2024-03-01 13:04:00,ASND,152.25,152.25,152.25,151.99000549316406,151.99000549316406,436.0
2024-03-01 13:04:00,ASRT,0.920199990272522,0.920199990272522,0.9248999953269958,0.920199990272522,0.9248999953269958,200.0
2024-03-01 13:04:00,ATAI,2.1449999809265137,2.1449999809265137,2.148699998855591,2.1410000324249268,2.148699998855591,1925.0
2024-03-01 13:04:00,ATEC,13.510000228881836,13.510000228881836,13.510000228881836,13.505000114440918,13.505000114440918,2987.0
2024-03-01 13:04:00,ATOS,1.010200023651123,1.010200023651123,1.010200023651123,1.010200023651123,1.010200023651123,200.0
2024-03-01 13:04:00,ATRA,0.7936999797821045,0.7936999797821045,0.7936999797821045,0.7936999797821045,0.7936999797821045,200.0
2024-03-01 13:04:00,ATXS,14.800000190734863,14.800000190734863,14.800000190734863,14.770000457763672,14.770000457763672,19265.0
2024-03-01 13:04:00,AUPH,5.860000133514404,5.860000133514404,5.860000133514404,5.855000019073486,5.855000019073486,554.0
2024-03-01 13:04:00,AUTL,6.389999866485596,6.389999866485596,6.389999866485596,6.364999771118164,6.364999771118164,1431.0
2024-03-01 13:04:00,AVDL,12.979999542236328,12.979999542236328,13.0,12.9399995803833,12.985199928283691,7053.0
2024-03-01 13:04:00,AVXL,5.309999942779541,5.309999942779541,5.309999942779541,5.304999828338623,5.304999828338623,4029.0
2024-03-01 13:04:00,AXGN,10.520000457763672,10.520000457763672,10.520000457763672,10.520000457763672,10.520000457763672,751.0
2024-03-01 13:04:00,AZN,64.66000366210938,64.66000366210938,64.66000366210938,64.6500015258789,64.6511001586914,2082.0
2024-03-01 13:04:00,AZTA,67.16500091552734,67.16500091552734,67.16500091552734,67.13999938964844,67.13999938964844,616.0
2024-03-01 13:04:00,BBIO,36.11000061035156,36.11000061035156,36.119998931884766,36.11000061035156,36.119998931884766,1078.0
2024-03-01 13:04:00,BBLG,2.659899950027466,2.659899950027466,2.659899950027466,2.5999999046325684,2.5999999046325684,8197.0
2024-03-01 13:04:00,BCAB,2.759999990463257,2.759999990463257,2.759999990463257,2.759999990463257,2.759999990463257,1415.0
2024-03-01 13:04:00,BCRX,5.75,5.75,5.75,5.744999885559082,5.744999885559082,3384.0
2024-03-01 13:04:00,BDTX,4.994999885559082,4.994999885559082,5.0,4.994999885559082,4.994999885559082,594.0
2024-03-01 13:04:00,BEAM,40.099998474121094,40.099998474121094,40.099998474121094,40.029998779296875,40.029998779296875,2922.0
2024-03-01 13:04:00,BFRI,0.8642100095748901,0.8642100095748901,0.8710989952087402,0.8642100095748901,0.8710989952087402,310.0
2024-03-01 13:04:00,BGNE,166.2274932861328,166.2274932861328,166.2274932861328,166.2274932861328,166.2274932861328,529.0
2024-03-01 13:04:00,BGXX,0.2736999988555908,0.2736999988555908,0.2736999988555908,0.2721000015735626,0.2721000015735626,6457.0
2024-03-01 13:04:00,BIIB,221.25,221.25,221.25,221.02999877929688,221.02999877929688,815.0
2024-03-01 13:04:00,BIOR,1.1399999856948853,1.1399999856948853,1.1399999856948853,1.1399999856948853,1.1399999856948853,789.0
2024-03-01 13:04:00,BIVI,1.850000023841858,1.850000023841858,1.8600000143051147,1.840000033378601,1.8486000299453735,22747.0
2024-03-01 13:04:00,BLFS,18.315000534057617,18.315000534057617,18.315000534057617,18.315000534057617,18.315000534057617,202.0
2024-03-01 13:04:00,BLRX,1.3991999626159668,1.3991999626159668,1.3991999626159668,1.3991999626159668,1.3991999626159668,3000.0
2024-03-01 13:04:00,BLUE,1.5950000286102295,1.5950000286102295,1.600000023841858,1.5950000286102295,1.597499966621399,2534.0
2024-03-01 13:04:00,BMEA,18.18000030517578,18.18000030517578,18.190000534057617,18.165000915527344,18.165000915527344,1072.0
2024-03-01 13:04:00,BMRN,87.41000366210938,87.41000366210938,87.41999816894531,87.4000015258789,87.4000015258789,3382.0
2024-03-01 13:04:00,BNGO,1.25,1.25,1.25,1.25,1.25,102.0
2024-03-01 13:04:00,BNR,0.8202999830245972,0.8202999830245972,0.8215000033378601,0.8202999830245972,0.8215000033378601,200.0
2024-03-01 13:04:00,BNTX,91.5250015258789,91.5250015258789,91.5250015258789,91.5250015258789,91.5250015258789,251.0
2024-03-01 13:04:00,BPMC,96.94499969482422,96.94499969482422,96.97000122070312,96.88999938964844,96.97000122070312,1595.0
2024-03-01 13:04:00,BRKR,88.32499694824219,88.32499694824219,88.32499694824219,88.32499694824219,88.32499694824219,108.0
2024-03-01 13:04:00,BRTX,1.5199999809265137,1.5199999809265137,1.5298999547958374,1.5199999809265137,1.5298999547958374,200.0
2024-03-01 13:04:00,BSGM,0.6432999968528748,0.6432999968528748,0.6432999968528748,0.6430000066757202,0.6430000066757202,10100.0
2024-03-01 13:04:00,BTTX,0.17560000717639923,0.17560000717639923,0.17990000545978546,0.17560000717639923,0.17980000376701355,4925.0
2024-03-01 13:04:00,BWAY,6.514999866485596,6.514999866485596,6.514999866485596,6.514999866485596,6.514999866485596,200.0
2024-03-01 13:04:00,CABA,24.040000915527344,24.040000915527344,24.045000076293945,24.014999389648438,24.020000457763672,2542.0
2024-03-01 13:04:00,CAPR,4.579999923706055,4.579999923706055,4.579999923706055,4.579999923706055,4.579999923706055,100.0
2024-03-01 13:04:00,CARA,0.9350000023841858,0.9350000023841858,0.9383999705314636,0.9350000023841858,0.9383999705314636,11660.0
2024-03-01 13:04:00,CBAY,32.2400016784668,32.2400016784668,32.2400016784668,32.23500061035156,32.23500061035156,2220.0
2024-03-01 13:04:00,CCCC,10.960000038146973,10.960000038146973,10.960000038146973,10.949999809265137,10.949999809265137,885.0
2024-03-01 13:04:00,CCRN,18.209999084472656,18.209999084472656,18.209999084472656,18.209999084472656,18.209999084472656,148.0
2024-03-01 13:04:00,CDMO,8.099900245666504,8.099900245666504,8.099900245666504,8.069999694824219,8.069999694824219,3737.0
2024-03-01 13:04:00,CDNA,12.350000381469727,12.350000381469727,12.350000381469727,12.3100004196167,12.3100004196167,2001.0
2024-03-01 13:04:00,CDXS,4.519999980926514,4.519999980926514,4.519999980926514,4.510000228881836,4.510000228881836,1535.0
2024-03-01 13:04:00,CELC,16.149999618530273,16.149999618530273,16.15999984741211,16.149999618530273,16.149999618530273,333.0
2024-03-01 13:04:00,CERE,41.099998474121094,41.099998474121094,41.099998474121094,41.099998474121094,41.099998474121094,1669.0
2024-03-01 13:04:00,CERT,17.899999618530273,17.899999618530273,17.905000686645508,17.889999389648438,17.905000686645508,3490.0
2024-03-01 13:04:00,CGC,3.255000114440918,3.255000114440918,3.259999990463257,3.25,3.259999990463257,15329.0
2024-03-01 13:04:00,CGEM,18.84000015258789,18.84000015258789,18.84000015258789,18.84000015258789,18.84000015258789,109.0
2024-03-01 13:04:00,CGEN,2.680000066757202,2.680000066757202,2.690000057220459,2.680000066757202,2.690000057220459,1512.0
2024-03-01 13:04:00,CHRS,2.4149999618530273,2.4149999618530273,2.4149999618530273,2.4049999713897705,2.4049999713897705,10713.0
2024-03-01 13:04:00,CLDX,50.89500045776367,50.89500045776367,50.95000076293945,50.81999969482422,50.900001525878906,2013.0
2024-03-01 13:04:00,CLOV,0.8644000291824341,0.8644000291824341,0.864799976348877,0.864300012588501,0.864799976348877,13105.0
2024-03-01 13:04:00,CLRB,4.15500020980835,4.15500020980835,4.15500020980835,4.150000095367432,4.150000095367432,223.0
2024-03-01 13:04:00,CLSD,1.3916000127792358,1.3916000127792358,1.3916000127792358,1.3916000127792358,1.3916000127792358,102.0
2024-03-01 13:04:00,CMPS,11.390000343322754,11.390000343322754,11.399999618530273,11.329999923706055,11.34000015258789,1623.0
2024-03-01 13:04:00,CMPX,1.840000033378601,1.840000033378601,1.840000033378601,1.840000033378601,1.840000033378601,284.0
2024-03-01 13:04:00,CNTA,10.90999984741211,10.90999984741211,10.90999984741211,10.90999984741211,10.90999984741211,311.0
2024-03-01 13:04:00,COGT,7.170000076293945,7.170000076293945,7.179999828338623,7.150000095367432,7.150000095367432,6296.0
2024-03-01 13:04:00,CPIX,2.200000047683716,2.200000047683716,2.200000047683716,2.200000047683716,2.200000047683716,101.0
2024-03-01 13:04:00,CPRX,17.155000686645508,17.155000686645508,17.165000915527344,17.155000686645508,17.165000915527344,2267.0
2024-03-01 13:04:00,CRBU,7.974999904632568,7.974999904632568,7.974999904632568,7.940000057220459,7.940000057220459,5498.0
2024-03-01 13:04:00,CRDF,2.3299999237060547,2.3299999237060547,2.349900007247925,2.319999933242798,2.349900007247925,6770.0
2024-03-01 13:04:00,CRDL,1.8899999856948853,1.8899999856948853,1.909999966621399,1.8700000047683716,1.8700000047683716,11778.0
2024-03-01 13:04:00,CRMD,3.7100000381469727,3.7100000381469727,3.7100000381469727,3.7100000381469727,3.7100000381469727,11234.0
2024-03-01 13:04:00,CRNX,46.54999923706055,46.54999923706055,46.58000183105469,46.470001220703125,46.5,1986.0
2024-03-01 13:04:00,CRON,2.0683000087738037,2.0683000087738037,2.0683000087738037,2.0683000087738037,2.0683000087738037,550.0
2024-03-01 13:04:00,CRSP,86.05999755859375,86.05999755859375,86.17939758300781,85.9800033569336,85.9800033569336,3026.0
2024-03-01 13:04:00,CRVS,2.255000114440918,2.255000114440918,2.255000114440918,2.255000114440918,2.255000114440918,2029.0
2024-03-01 13:04:00,CTKB,8.850000381469727,8.850000381469727,8.850000381469727,8.8100004196167,8.8100004196167,4901.0
2024-03-01 13:04:00,CTMX,2.7750000953674316,2.7750000953674316,2.7799999713897705,2.744999885559082,2.744999885559082,71342.0
2024-03-01 13:04:00,CUTR,2.4200000762939453,2.4200000762939453,2.430000066757202,2.4200000762939453,2.430000066757202,600.0
2024-03-01 13:04:00,CVAC,3.490600109100342,3.490600109100342,3.509999990463257,3.490600109100342,3.5099000930786133,15568.0
2024-03-01 13:04:00,CYTK,73.16999816894531,73.16999816894531,73.18000030517578,73.08999633789062,73.08999633789062,2893.0
2024-03-01 13:04:00,CYTO,2.4200000762939453,2.4200000762939453,2.4200000762939453,2.403599977493286,2.4200000762939453,1419.0
2024-03-01 13:04:00,DAWN,17.43000030517578,17.43000030517578,17.440000534057617,17.420000076293945,17.420000076293945,2057.0
2024-03-01 13:04:00,DCGO,4.164999961853027,4.164999961853027,4.164999961853027,4.159999847412109,4.159999847412109,265.0
2024-03-01 13:04:00,DCPH,17.424999237060547,17.424999237060547,17.43000030517578,17.424999237060547,17.43000030517578,1411.0
2024-03-01 13:04:00,DH,8.795000076293945,8.795000076293945,8.800000190734863,8.75,8.75,3997.0
2024-03-01 13:04:00,DMTK,0.8525000214576721,0.8525000214576721,0.8525000214576721,0.8525000214576721,0.8525000214576721,3051.0
2024-03-01 13:04:00,DNLI,20.80500030517578,20.80500030517578,20.809999465942383,20.78499984741211,20.78499984741211,2161.0
2024-03-01 13:04:00,DRRX,1.0,1.0,1.0,1.0,1.0,106.0
2024-03-01 13:04:00,DTIL,12.454999923706055,12.454999923706055,12.46500015258789,12.350099563598633,12.46500015258789,4907.0
2024-03-01 13:04:00,DVAX,12.899999618530273,12.899999618530273,12.899999618530273,12.895000457763672,12.899999618530273,1056.0
2024-03-01 13:04:00,DXCM,121.88999938964844,121.88999938964844,121.88999938964844,121.83000183105469,121.83000183105469,3915.0
2024-03-01 13:04:00,DYN,28.75,28.75,28.770000457763672,28.625,28.625,12335.0
2024-03-01 13:04:00,EDIT,10.885000228881836,10.885000228881836,10.890000343322754,10.859999656677246,10.859999656677246,1462.0
2024-03-01 13:04:00,ELEV,5.045000076293945,5.045000076293945,5.079999923706055,5.039999961853027,5.059999942779541,11949.0
2024-03-01 13:04:00,EMBC,14.395000457763672,14.395000457763672,14.395000457763672,14.395000457763672,14.395000457763672,217.0
2024-03-01 13:04:00,ENSG,122.77999877929688,122.77999877929688,122.77999877929688,122.77999877929688,122.77999877929688,242.0
2024-03-01 13:04:00,ENTA,15.390000343322754,15.390000343322754,15.395000457763672,15.390000343322754,15.390000343322754,1171.0
2024-03-01 13:04:00,ENVB,1.5199999809265137,1.5199999809265137,1.5199999809265137,1.5,1.5,924.0
2024-03-01 13:04:00,EOLS,14.819999694824219,14.819999694824219,14.819999694824219,14.78499984741211,14.789999961853027,20945.0
2024-03-01 13:04:00,EQ,2.4800000190734863,2.4800000190734863,2.4800000190734863,2.4800000190734863,2.4800000190734863,115.0
2024-03-01 13:04:00,ERAS,2.505000114440918,2.505000114440918,2.509999990463257,2.5,2.509999990463257,4386.0
2024-03-01 13:04:00,ESPR,2.5220000743865967,2.5220000743865967,2.5250000953674316,2.5139000415802,2.5139000415802,15039.0
2024-03-01 13:04:00,ETNB,13.260000228881836,13.260000228881836,13.270000457763672,13.220000267028809,13.220000267028809,5663.0
2024-03-01 13:04:00,EWTX,17.06999969482422,17.06999969482422,17.06999969482422,17.049999237060547,17.049999237060547,828.0
2024-03-01 13:04:00,EXAI,6.800000190734863,6.800000190734863,6.800000190734863,6.800000190734863,6.800000190734863,785.0
2024-03-01 13:04:00,EXAS,60.529998779296875,60.529998779296875,60.55500030517578,60.45500183105469,60.45500183105469,2832.0
2024-03-01 13:04:00,EXEL,22.540000915527344,22.540000915527344,22.540000915527344,22.520000457763672,22.524999618530273,2664.0
2024-03-01 13:04:00,EYEN,2.4700000286102295,2.4700000286102295,2.4700000286102295,2.450000047683716,2.450000047683716,1977.0
2024-03-01 13:04:00,EYPT,28.0,28.0,28.020000457763672,27.959999084472656,27.959999084472656,3533.0
2024-03-01 13:04:00,FATE,7.639999866485596,7.639999866485596,7.639999866485596,7.605000019073486,7.605000019073486,1993.0
2024-03-01 13:04:00,FDMT,29.239999771118164,29.239999771118164,29.25,29.15999984741211,29.15999984741211,3416.0
2024-03-01 13:04:00,FEMY,1.7100000381469727,1.7100000381469727,1.7100000381469727,1.7100000381469727,1.7100000381469727,100.0
2024-03-01 13:04:00,FENC,9.819999694824219,9.819999694824219,9.819999694824219,9.819999694824219,9.819999694824219,481.0
2024-03-01 13:04:00,FGEN,1.8600000143051147,1.8600000143051147,1.8600000143051147,1.8550000190734863,1.8550000190734863,913.0
2024-03-01 13:04:00,FLGT,23.209999084472656,23.209999084472656,23.209999084472656,23.209999084472656,23.209999084472656,276.0
2024-03-01 13:04:00,FOLD,13.345000267028809,13.345000267028809,13.345000267028809,13.335000038146973,13.335000038146973,3396.0
2024-03-01 13:04:00,FONR,22.440000534057617,22.440000534057617,22.440000534057617,22.2539005279541,22.2539005279541,277.0
2024-03-01 13:04:00,FULC,10.85099983215332,10.85099983215332,10.85099983215332,10.85099983215332,10.85099983215332,201.0
2024-03-01 13:04:00,FUSN,12.359999656677246,12.359999656677246,12.369999885559082,12.359999656677246,12.369999885559082,722.0
2024-03-01 13:04:00,FWBI,8.5,8.5,8.5,8.5,8.5,192.0
2024-03-01 13:04:00,GDRX,8.239999771118164,8.239999771118164,8.239999771118164,8.234999656677246,8.234999656677246,1543.0
2024-03-01 13:04:00,GERN,2.2300000190734863,2.2300000190734863,2.2300000190734863,2.2200000286102295,2.2200000286102295,12283.0
2024-03-01 13:04:00,GH,19.15999984741211,19.15999984741211,19.15999984741211,19.139999389648438,19.149999618530273,2270.0
2024-03-01 13:04:00,GILD,72.22000122070312,72.22000122070312,72.2300033569336,72.19000244140625,72.19000244140625,5829.0
2024-03-01 13:04:00,GMAB,29.31999969482422,29.31999969482422,29.31999969482422,29.31999969482422,29.31999969482422,1677.0
2024-03-01 13:04:00,GRFS,7.085000038146973,7.085000038146973,7.090000152587891,7.085000038146973,7.085000038146973,1692.0
2024-03-01 13:04:00,GRPH,3.494999885559082,3.494999885559082,3.494999885559082,3.494999885559082,3.494999885559082,100.0
2024-03-01 13:04:00,GRTS,2.1649999618530273,2.1649999618530273,2.1649999618530273,2.1600000858306885,2.1600000858306885,7148.0
2024-03-01 13:04:00,GTHX,3.746999979019165,3.746999979019165,3.746999979019165,3.7300000190734863,3.7300000190734863,1235.0
2024-03-01 13:04:00,HALO,41.439998626708984,41.439998626708984,41.459999084472656,41.415000915527344,41.415000915527344,1511.0
2024-03-01 13:04:00,HARP,22.940000534057617,22.940000534057617,22.940000534057617,22.940000534057617,22.940000534057617,157.0
2024-03-01 13:04:00,HBIO,4.340000152587891,4.340000152587891,4.340000152587891,4.340000152587891,4.340000152587891,154.0
2024-03-01 13:04:00,HCAT,8.050000190734863,8.050000190734863,8.050000190734863,8.029999732971191,8.029999732971191,2901.0
2024-03-01 13:04:00,HCSG,12.635000228881836,12.635000228881836,12.635000228881836,12.630000114440918,12.630000114440918,939.0
2024-03-01 13:04:00,HITI,1.7598999738693237,1.7598999738693237,1.7599999904632568,1.7598999738693237,1.7599999904632568,406.0
2024-03-01 13:04:00,HOLX,74.04000091552734,74.04000091552734,74.04000091552734,74.01000213623047,74.0199966430664,1528.0
2024-03-01 13:04:00,HQY,81.66999816894531,81.66999816894531,81.69000244140625,81.66999816894531,81.69000244140625,980.0
2024-03-01 13:04:00,HRTX,2.5950000286102295,2.5950000286102295,2.5950000286102295,2.5799999237060547,2.5799999237060547,19013.0
2024-03-01 13:04:00,HSCS,0.1185000017285347,0.1185000017285347,0.1185000017285347,0.1185000017285347,0.1185000017285347,116.0
2024-03-01 13:04:00,HSIC,76.83000183105469,76.83000183105469,76.8499984741211,76.83000183105469,76.83999633789062,1566.0
2024-03-01 13:04:00,HSTM,27.375,27.375,27.375,27.375,27.375,100.0
2024-03-01 13:04:00,HUMA,3.4649999141693115,3.4649999141693115,3.4649999141693115,3.460099935531616,3.460099935531616,1560.0
2024-03-01 13:04:00,IART,36.619998931884766,36.619998931884766,36.619998931884766,36.619998931884766,36.619998931884766,670.0
2024-03-01 13:04:00,IBRX,4.760000228881836,4.760000228881836,4.760000228881836,4.752500057220459,4.752500057220459,5309.0
2024-03-01 13:04:00,ICLR,323.0799865722656,323.0799865722656,323.1700134277344,322.8299865722656,322.9800109863281,3869.0
2024-03-01 13:04:00,ICUI,104.73999786376953,104.73999786376953,104.73999786376953,104.66999816894531,104.66999816894531,815.0
2024-03-01 13:04:00,IDXX,583.25,583.25,583.25,582.489501953125,582.7949829101562,391.0
2024-03-01 13:04:00,IDYA,46.529998779296875,46.529998779296875,46.540000915527344,46.529998779296875,46.529998779296875,517.0
2024-03-01 13:04:00,IGMS,13.4399995803833,13.4399995803833,13.4399995803833,13.430000305175781,13.430000305175781,521.0
2024-03-01 13:04:00,ILMN,142.2899932861328,142.2899932861328,142.2899932861328,142.2899932861328,142.2899932861328,641.0
2024-03-01 13:04:00,IMMX,3.555000066757202,3.555000066757202,3.555000066757202,3.555000066757202,3.555000066757202,100.0
2024-03-01 13:04:00,IMNM,26.209999084472656,26.209999084472656,26.209999084472656,26.209999084472656,26.209999084472656,327.0
2024-03-01 13:04:00,IMUX,1.4900000095367432,1.4900000095367432,1.4900000095367432,1.4900000095367432,1.4900000095367432,204.0
2024-03-01 13:04:00,IMVT,36.290000915527344,36.290000915527344,36.290000915527344,36.2400016784668,36.2599983215332,1523.0
2024-03-01 13:04:00,INBX,36.50979995727539,36.50979995727539,36.54999923706055,36.50979995727539,36.54999923706055,1698.0
2024-03-01 13:04:00,INCY,59.310001373291016,59.310001373291016,59.310001373291016,59.28499984741211,59.28499984741211,1479.0
2024-03-01 13:04:00,INGN,6.840000152587891,6.840000152587891,6.840000152587891,6.829999923706055,6.835000038146973,1727.0
2024-03-01 13:04:00,INMD,22.8700008392334,22.8700008392334,22.8700008392334,22.860000610351562,22.860000610351562,1158.0
2024-03-01 13:04:00,INO,9.355899810791016,9.355899810791016,9.420000076293945,9.355899810791016,9.420000076293945,2808.0
2024-03-01 13:04:00,INSM,28.510000228881836,28.510000228881836,28.510000228881836,28.469999313354492,28.489999771118164,2673.0
2024-03-01 13:04:00,INVA,15.654999732971191,15.654999732971191,15.654999732971191,15.609999656677246,15.609999656677246,4314.0
2024-03-01 13:04:00,IONM,0.34940001368522644,0.34940001368522644,0.34940001368522644,0.335099995136261,0.335099995136261,2200.0
2024-03-01 13:04:00,IONS,45.91999816894531,45.91999816894531,45.91999816894531,45.8849983215332,45.8849983215332,382.0
2024-03-01 13:04:00,IOVA,16.899999618530273,16.899999618530273,16.90999984741211,16.815000534057617,16.815000534057617,23406.0
2024-03-01 13:04:00,IRWD,9.130000114440918,9.130000114440918,9.145000457763672,9.125,9.125,40579.0
2024-03-01 13:04:00,ISRG,395.9599914550781,395.9599914550781,395.9599914550781,395.8399963378906,395.8399963378906,1860.0
2024-03-01 13:04:00,ITCI,71.43000030517578,71.43000030517578,71.43000030517578,71.37000274658203,71.41500091552734,1147.0
2024-03-01 13:04:00,IVVD,4.019999980926514,4.019999980926514,4.019999980926514,4.019999980926514,4.019999980926514,100.0
2024-03-01 13:04:00,IXHL,5.5991997718811035,5.5991997718811035,5.5991997718811035,5.5991997718811035,5.5991997718811035,110.0
2024-03-01 13:04:00,JAGX,0.0746999979019165,0.0746999979019165,0.0746999979019165,0.07419999688863754,0.07429999858140945,178056.0
2024-03-01 13:04:00,JAZZ,118.9175033569336,118.9175033569336,119.0,118.9175033569336,119.0,1545.0
2024-03-01 13:04:00,KALV,14.149999618530273,14.149999618530273,14.149999618530273,14.109999656677246,14.109999656677246,1195.0
2024-03-01 13:04:00,KNSA,21.719999313354492,21.719999313354492,21.719999313354492,21.719999313354492,21.719999313354492,200.0
2024-03-01 13:04:00,KNTE,2.6001999378204346,2.6001999378204346,2.6098999977111816,2.6001999378204346,2.6098999977111816,3000.0
2024-03-01 13:04:00,KOD,6.110000133514404,6.110000133514404,6.110000133514404,6.110000133514404,6.110000133514404,525.0
2024-03-01 13:04:00,KPTI,1.2200000286102295,1.2200000286102295,1.2200000286102295,1.2100000381469727,1.2100000381469727,6574.0
2024-03-01 13:04:00,KRON,1.0299999713897705,1.0299999713897705,1.0299999713897705,1.0299999713897705,1.0299999713897705,1806.0
2024-03-01 13:04:00,KROS,69.96499633789062,69.96499633789062,69.96499633789062,69.96499633789062,69.96499633789062,208.0
2024-03-01 13:04:00,KTRA,0.09839899837970734,0.09839899837970734,0.09839999675750732,0.09839899837970734,0.09839999675750732,2401.0
2024-03-01 13:04:00,KURA,21.149999618530273,21.149999618530273,21.15999984741211,21.110000610351562,21.110000610351562,3289.0
2024-03-01 13:04:00,KYMR,44.150001525878906,44.150001525878906,44.150001525878906,44.04999923706055,44.04999923706055,2335.0
2024-03-01 13:04:00,KZIA,0.25200000405311584,0.25200000405311584,0.25200000405311584,0.25200000405311584,0.25200000405311584,151.0
2024-03-01 13:04:00,KZR,1.065000057220459,1.065000057220459,1.0700000524520874,1.065000057220459,1.0700000524520874,229.0
2024-03-01 13:04:00,LAB,2.5399999618530273,2.5399999618530273,2.5399999618530273,2.5250000953674316,2.5299999713897705,10725.0
2024-03-01 13:04:00,LEGN,65.93000030517578,65.93000030517578,65.94000244140625,65.93000030517578,65.94000244140625,261.0
2024-03-01 13:04:00,LEXX,2.8199000358581543,2.8199000358581543,2.8199000358581543,2.8199000358581543,2.8199000358581543,256.0
2024-03-01 13:04:00,LFMD,8.010000228881836,8.010000228881836,8.010000228881836,7.989999771118164,8.0,612.0
2024-03-01 13:04:00,LFST,7.795000076293945,7.795000076293945,7.804999828338623,7.784999847412109,7.784999847412109,4409.0
2024-03-01 13:04:00,LIVN,55.75,55.75,55.779998779296875,55.66999816894531,55.66999816894531,1717.0
2024-03-01 13:04:00,LMAT,67.65499877929688,67.65499877929688,67.65499877929688,67.05999755859375,67.05999755859375,2729.0
2024-03-01 13:04:00,LQDA,14.5,14.5,14.5,14.489999771118164,14.5,1305.0
2024-03-01 13:04:00,LUNG,9.399999618530273,9.399999618530273,9.399999618530273,9.399999618530273,9.399999618530273,359.0
2024-03-01 13:04:00,LXRX,2.5,2.5,2.505000114440918,2.494999885559082,2.5,14963.0
2024-03-01 13:04:00,LYEL,3.1649999618530273,3.1649999618530273,3.1649999618530273,3.1600000858306885,3.1600000858306885,2841.0
2024-03-01 13:04:00,LYRA,5.71999979019165,5.71999979019165,5.71999979019165,5.699999809265137,5.699999809265137,4608.0
2024-03-01 13:04:00,MASI,128.1999969482422,128.1999969482422,128.1999969482422,128.0449981689453,128.0449981689453,2477.0
2024-03-01 13:04:00,MASS,7.380000114440918,7.380000114440918,7.380000114440918,7.380000114440918,7.380000114440918,100.0
2024-03-01 13:04:00,MCRB,1.2000000476837158,1.2000000476837158,1.2000000476837158,1.2000000476837158,1.2000000476837158,1209.0
2024-03-01 13:04:00,MDGL,251.4199981689453,251.4199981689453,251.4199981689453,250.7899932861328,250.7899932861328,2500.0
2024-03-01 13:04:00,MDRX,6.099999904632568,6.099999904632568,6.099999904632568,6.050000190734863,6.050000190734863,3727.0
2024-03-01 13:04:00,MDXG,8.699999809265137,8.699999809265137,8.710000038146973,8.680000305175781,8.700699806213379,18157.0
2024-03-01 13:04:00,ME,0.5726000070571899,0.5726000070571899,0.5727999806404114,0.5726000070571899,0.572700023651123,10763.0
2024-03-01 13:04:00,MGNX,19.020000457763672,19.020000457763672,19.020000457763672,19.0,19.0,1088.0
2024-03-01 13:04:00,MIRM,29.739999771118164,29.739999771118164,29.75,29.709999084472656,29.719999313354492,5213.0
2024-03-01 13:04:00,MLTX,51.529998779296875,51.529998779296875,51.529998779296875,51.47999954223633,51.47999954223633,202.0
2024-03-01 13:04:00,MMSI,76.58999633789062,76.58999633789062,76.58999633789062,76.5,76.54000091552734,1439.0
2024-03-01 13:04:00,MNKD,4.5233001708984375,4.5233001708984375,4.5233001708984375,4.519999980926514,4.519999980926514,12867.0
2024-03-01 13:04:00,MNMD,6.110000133514404,6.110000133514404,6.119999885559082,6.099999904632568,6.110000133514404,2390.0
2024-03-01 13:04:00,MNOV,1.3799999952316284,1.3799999952316284,1.3799999952316284,1.3798999786376953,1.3799999952316284,4614.0
2024-03-01 13:04:00,MODD,1.9299999475479126,1.9299999475479126,1.9299999475479126,1.9299999475479126,1.9299999475479126,338.0
2024-03-01 13:04:00,MODV,28.075000762939453,28.075000762939453,28.100000381469727,28.0,28.0,4314.0
2024-03-01 13:04:00,MORF,39.560001373291016,39.560001373291016,39.560001373291016,39.560001373291016,39.560001373291016,309.0
2024-03-01 13:04:00,MRNA,96.51599884033203,96.51599884033203,96.54000091552734,96.3499984741211,96.3499984741211,6841.0
2024-03-01 13:04:00,MRNS,10.194999694824219,10.194999694824219,10.194999694824219,10.194999694824219,10.194999694824219,109.0
2024-03-01 13:04:00,MRSN,5.985000133514404,5.985000133514404,5.985000133514404,5.960000038146973,5.960000038146973,4933.0
2024-03-01 13:04:00,MRUS,51.810001373291016,51.810001373291016,51.810001373291016,51.790000915527344,51.790000915527344,2066.0
2024-03-01 13:04:00,MRVI,7.769999980926514,7.769999980926514,7.769999980926514,7.730000019073486,7.730000019073486,12788.0
2024-03-01 13:04:00,MXCT,4.75,4.75,4.755000114440918,4.75,4.755000114440918,673.0
2024-03-01 13:04:00,NARI,45.20500183105469,45.20500183105469,45.22999954223633,45.130001068115234,45.13999938964844,5487.0
2024-03-01 13:04:00,NBIX,131.21499633789062,131.21499633789062,131.21499633789062,131.1199951171875,131.13499450683594,3227.0
2024-03-01 13:04:00,NEO,16.1200008392334,16.1200008392334,16.1200008392334,16.1200008392334,16.1200008392334,236.0
2024-03-01 13:04:00,NEOG,17.375,17.375,17.375,17.3700008392334,17.3700008392334,724.0
2024-03-01 13:04:00,NGM,1.5299999713897705,1.5299999713897705,1.5299999713897705,1.5299999713897705,1.5299999713897705,1044.0
2024-03-01 13:04:00,NKTR,0.7850000262260437,0.7850000262260437,0.7900000214576721,0.7850000262260437,0.789900004863739,1546.0
2024-03-01 13:04:00,NKTX,12.760000228881836,12.760000228881836,12.789999961853027,12.760000228881836,12.789999961853027,3005.0
2024-03-01 13:04:00,NNOX,11.0600004196167,11.0600004196167,11.0600004196167,11.0,11.024999618530273,11073.0
2024-03-01 13:04:00,NOTV,8.119999885559082,8.119999885559082,8.1899995803833,8.119999885559082,8.140000343322754,4377.0
2024-03-01 13:04:00,NRIX,13.619999885559082,13.619999885559082,13.619999885559082,13.600000381469727,13.600000381469727,1839.0
2024-03-01 13:04:00,NRXP,0.41999998688697815,0.41999998688697815,0.41999998688697815,0.4198000133037567,0.4198000133037567,4183.0
2024-03-01 13:04:00,NTLA,33.439998626708984,33.439998626708984,33.440799713134766,33.38999938964844,33.38999938964844,3023.0
2024-03-01 13:04:00,NTRA,89.66999816894531,89.66999816894531,89.80500030517578,89.58999633789062,89.66000366210938,12168.0
2024-03-01 13:04:00,NUVL,88.83000183105469,88.83000183105469,88.90499877929688,88.83000183105469,88.8499984741211,1746.0
2024-03-01 13:04:00,NVAX,5.164999961853027,5.164999961853027,5.164999961853027,5.135000228881836,5.135000228881836,14677.0
2024-03-01 13:04:00,NVCR,16.0,16.0,16.0,15.989999771118164,15.989999771118164,1251.0
2024-03-01 13:04:00,OCUL,10.850000381469727,10.850000381469727,10.850000381469727,10.810099601745605,10.810099601745605,9621.0
2024-03-01 13:04:00,OGI,2.2007999420166016,2.2007999420166016,2.2007999420166016,2.2007999420166016,2.2007999420166016,2331.0
2024-03-01 13:04:00,OLK,22.645000457763672,22.645000457763672,22.645000457763672,22.645000457763672,22.645000457763672,264.0
2024-03-01 13:04:00,OLMA,14.680000305175781,14.680000305175781,14.680000305175781,14.680000305175781,14.680000305175781,403.0
2024-03-01 13:04:00,OM,3.1449999809265137,3.1449999809265137,3.1500000953674316,3.1449999809265137,3.1449999809265137,810.0
2024-03-01 13:04:00,OMCL,26.440000534057617,26.440000534057617,26.479999542236328,26.440000534057617,26.479999542236328,615.0
2024-03-01 13:04:00,OMER,4.775000095367432,4.775000095367432,4.775000095367432,4.769999980926514,4.769999980926514,541.0
2024-03-01 13:04:00,OMGA,4.20989990234375,4.20989990234375,4.20989990234375,4.195000171661377,4.199999809265137,3319.0
2024-03-01 13:04:00,ONVO,1.0199999809265137,1.0199999809265137,1.0199999809265137,1.0199999809265137,1.0199999809265137,1112.0
2024-03-01 13:05:00,ABCL,5.255000114440918,5.255000114440918,5.255000114440918,5.255000114440918,5.255000114440918,200.0
2024-03-01 13:05:00,ABOS,4.659999847412109,4.659999847412109,4.664999961853027,4.659999847412109,4.664999961853027,256.0
2024-03-01 13:05:00,ABSI,5.329100131988525,5.329100131988525,5.329100131988525,5.329100131988525,5.329100131988525,415.0
2024-03-01 13:05:00,ABUS,2.7699999809265137,2.7699999809265137,2.7699999809265137,2.7699999809265137,2.7699999809265137,241.0
2024-03-01 13:05:00,ACAD,24.46500015258789,24.46500015258789,24.469999313354492,24.46500015258789,24.469999313354492,1105.0
2024-03-01 13:05:00,ACB,3.194999933242798,3.194999933242798,3.194999933242798,3.194999933242798,3.194999933242798,610.0
2024-03-01 13:05:00,ACET,2.3949999809265137,2.3949999809265137,2.4000000953674316,2.3949999809265137,2.4000000953674316,400.0
2024-03-01 13:05:00,ACHC,84.4800033569336,84.4800033569336,84.4800033569336,84.4800033569336,84.4800033569336,174.0
2024-03-01 13:05:00,ACHV,4.360000133514404,4.360000133514404,4.360000133514404,4.360000133514404,4.360000133514404,130.0
2024-03-01 13:05:00,ACLX,66.86499786376953,66.86499786376953,66.87999725341797,66.86499786376953,66.87999725341797,457.0
2024-03-01 13:05:00,ACON,0.40852999687194824,0.40852999687194824,0.4097999930381775,0.40852999687194824,0.4097999930381775,1300.0
2024-03-01 13:05:00,ACRS,1.2300000190734863,1.2300000190734863,1.2400000095367432,1.2300000190734863,1.2400000095367432,1004.0
2024-03-01 13:05:00,ACST,3.4000000953674316,3.4000000953674316,3.4000000953674316,3.4000000953674316,3.4000000953674316,755.0
2024-03-01 13:05:00,ACXP,3.1505000591278076,3.1505000591278076,3.1505000591278076,3.1505000591278076,3.1505000591278076,132.0
2024-03-01 13:05:00,ADIL,3.0899999141693115,3.0899999141693115,3.099900007247925,3.0799999237060547,3.0899999141693115,4312.0
2024-03-01 13:05:00,ADMA,5.505000114440918,5.505000114440918,5.510000228881836,5.485000133514404,5.485000133514404,40708.0
2024-03-01 13:05:00,ADPT,4.199999809265137,4.199999809265137,4.204999923706055,4.199999809265137,4.204999923706055,11128.0
2024-03-01 13:05:00,AFMD,0.6388999819755554,0.6388999819755554,0.6388999819755554,0.6388999819755554,0.6388999819755554,104.0
2024-03-01 13:05:00,AGEN,0.6786999702453613,0.6786999702453613,0.6789000034332275,0.677299976348877,0.677299976348877,32972.0
2024-03-01 13:05:00,AGIO,32.91999816894531,32.91999816894531,32.95000076293945,32.91999816894531,32.91999816894531,1110.0
2024-03-01 13:05:00,AHCO,10.609999656677246,10.609999656677246,10.609999656677246,10.609999656677246,10.609999656677246,310.0
2024-03-01 13:05:00,AKAN,0.2150000035762787,0.2150000035762787,0.2152000069618225,0.2150000035762787,0.2150000035762787,11212.0
2024-03-01 13:05:00,AKBA,1.690000057220459,1.690000057220459,1.690000057220459,1.6885000467300415,1.690000057220459,1440.0
2024-03-01 13:05:00,AKRO,29.853300094604492,29.853300094604492,29.853300094604492,29.853300094604492,29.853300094604492,320.0
2024-03-01 13:05:00,ALDX,4.260000228881836,4.260000228881836,4.260000228881836,4.239999771118164,4.239999771118164,11509.0
2024-03-01 13:05:00,ALEC,7.335000038146973,7.335000038146973,7.340000152587891,7.309999942779541,7.309999942779541,7190.0
2024-03-01 13:05:00,ALGS,1.100000023841858,1.100000023841858,1.100000023841858,1.100000023841858,1.100000023841858,415.0
2024-03-01 13:05:00,ALHC,5.702499866485596,5.702499866485596,5.704999923706055,5.702499866485596,5.704999923706055,211.0
2024-03-01 13:05:00,ALLK,1.600000023841858,1.600000023841858,1.6100000143051147,1.600000023841858,1.6100000143051147,470.0
2024-03-01 13:05:00,ALLO,5.050000190734863,5.050000190734863,5.050000190734863,5.045000076293945,5.050000190734863,814.0
2024-03-01 13:05:00,ALPN,35.869998931884766,35.869998931884766,35.900001525878906,35.790000915527344,35.790000915527344,4398.0
2024-03-01 13:05:00,ALT,12.010000228881836,12.010000228881836,12.010000228881836,12.010000228881836,12.010000228881836,622.0
2024-03-01 13:05:00,ALVR,0.7555999755859375,0.7555999755859375,0.7555999755859375,0.7555999755859375,0.7555999755859375,100.0
2024-03-01 13:05:00,AMGN,280.8699951171875,280.8699951171875,280.8699951171875,280.7900085449219,280.79998779296875,2537.0
2024-03-01 13:05:00,AMLX,18.799999237060547,18.799999237060547,18.809999465942383,18.799999237060547,18.809999465942383,709.0
2024-03-01 13:05:00,AMPH,45.30500030517578,45.30500030517578,45.30500030517578,45.29999923706055,45.29999923706055,1126.0
2024-03-01 13:05:00,AMRN,1.0499999523162842,1.0499999523162842,1.0549999475479126,1.0499999523162842,1.0499999523162842,3297.0
2024-03-01 13:05:00,ANGO,5.525000095367432,5.525000095367432,5.525000095367432,5.525000095367432,5.525000095367432,339.0
2024-03-01 13:05:00,ANIP,66.59500122070312,66.59500122070312,66.59500122070312,66.59500122070312,66.59500122070312,301.0
2024-03-01 13:05:00,ANNX,6.110000133514404,6.110000133514404,6.130000114440918,6.110000133514404,6.130000114440918,2472.0
2024-03-01 13:05:00,APLT,7.150000095367432,7.150000095367432,7.159999847412109,7.144999980926514,7.144999980926514,1133.0
2024-03-01 13:05:00,AQST,4.196499824523926,4.196499824523926,4.199900150299072,4.190000057220459,4.190000057220459,2352.0
2024-03-01 13:05:00,ARAY,2.634999990463257,2.634999990463257,2.639699935913086,2.630000114440918,2.630000114440918,5886.0
2024-03-01 13:05:00,ARCT,39.97999954223633,39.97999954223633,39.97999954223633,39.97999954223633,39.97999954223633,251.0
2024-03-01 13:05:00,ARDX,9.539999961853027,9.539999961853027,9.542499542236328,9.529999732971191,9.539999961853027,9651.0
2024-03-01 13:05:00,ARGX,392.4200134277344,392.4200134277344,392.4200134277344,392.4200134277344,392.4200134277344,611.0
2024-03-01 13:05:00,ARQT,11.824999809265137,11.824999809265137,11.84000015258789,11.800000190734863,11.800000190734863,21654.0
2024-03-01 13:05:00,ARVN,48.94499969482422,48.94499969482422,49.0099983215332,48.90999984741211,49.0099983215332,974.0
2024-03-01 13:05:00,ARWR,35.68000030517578,35.68000030517578,35.68000030517578,35.68000030517578,35.68000030517578,174.0
2024-03-01 13:05:00,ASMB,13.3100004196167,13.3100004196167,13.329999923706055,13.3100004196167,13.329999923706055,204.0
2024-03-01 13:05:00,ASND,152.22000122070312,152.22000122070312,152.22000122070312,152.22000122070312,152.22000122070312,107.0
2024-03-01 13:05:00,ASRT,0.9225000143051147,0.9225000143051147,0.9260500073432922,0.920199990272522,0.9248999953269958,901.0
2024-03-01 13:05:00,ATAI,2.1500000953674316,2.1500000953674316,2.1500000953674316,2.1449999809265137,2.1500000953674316,1944.0
2024-03-01 13:05:00,ATEC,13.510000228881836,13.510000228881836,13.515000343322754,13.505000114440918,13.505000114440918,4900.0
2024-03-01 13:05:00,ATHA,4.010000228881836,4.010000228881836,4.010000228881836,4.010000228881836,4.010000228881836,206.0
2024-03-01 13:05:00,ATOS,1.0149999856948853,1.0149999856948853,1.0199999809265137,1.0104999542236328,1.0199999809265137,2201.0
2024-03-01 13:05:00,ATRA,0.7936999797821045,0.7936999797821045,0.7972999811172485,0.7918999791145325,0.7936999797821045,1385.0
2024-03-01 13:05:00,ATRC,36.09000015258789,36.09000015258789,36.09000015258789,36.09000015258789,36.09000015258789,107.0
2024-03-01 13:05:00,ATXS,14.819999694824219,14.819999694824219,14.819999694824219,14.819999694824219,14.819999694824219,1004.0
2024-03-01 13:05:00,AUTL,6.385000228881836,6.385000228881836,6.389999866485596,6.385000228881836,6.389999866485596,1200.0
2024-03-01 13:05:00,AVDL,12.979999542236328,12.979999542236328,12.979999542236328,12.979999542236328,12.979999542236328,103.0
2024-03-01 13:05:00,AVIR,4.46999979019165,4.46999979019165,4.494999885559082,4.46999979019165,4.494999885559082,3762.0
2024-03-01 13:05:00,AVXL,5.320000171661377,5.320000171661377,5.320000171661377,5.304999828338623,5.304999828338623,6372.0
2024-03-01 13:05:00,AZN,64.65499877929688,64.65499877929688,64.66000366210938,64.6500015258789,64.66000366210938,1078.0
2024-03-01 13:05:00,BBIO,36.084999084472656,36.084999084472656,36.11000061035156,36.06999969482422,36.11000061035156,1340.0
2024-03-01 13:05:00,BBLG,2.625,2.625,2.630000114440918,2.625,2.630000114440918,4055.0
2024-03-01 13:05:00,BCAB,2.755000114440918,2.755000114440918,2.755000114440918,2.755000114440918,2.755000114440918,104.0
2024-03-01 13:05:00,BCLI,0.3560999929904938,0.3560999929904938,0.3560999929904938,0.3560999929904938,0.3560999929904938,100.0
2024-03-01 13:05:00,BCRX,5.755000114440918,5.755000114440918,5.755000114440918,5.755000114440918,5.755000114440918,1198.0
2024-03-01 13:05:00,BDSX,1.600000023841858,1.600000023841858,1.600000023841858,1.5950000286102295,1.5950000286102295,973.0
2024-03-01 13:05:00,BDTX,4.989999771118164,4.989999771118164,4.990099906921387,4.989999771118164,4.990099906921387,222.0
2024-03-01 13:05:00,BIIB,221.1199951171875,221.1199951171875,221.1199951171875,221.1199951171875,221.1199951171875,489.0
2024-03-01 13:05:00,BIMI,3.7699999809265137,3.7699999809265137,3.7699999809265137,3.7699999809265137,3.7699999809265137,210.0
2024-03-01 13:05:00,BIOL,0.13889899849891663,0.13889899849891663,0.1388999968767166,0.13889899849891663,0.1388999968767166,12000.0
2024-03-01 13:05:00,BIVI,1.8586000204086304,1.8586000204086304,1.8586000204086304,1.8300000429153442,1.850000023841858,42503.0
2024-03-01 13:05:00,BLFS,18.270000457763672,18.270000457763672,18.309999465942383,18.270000457763672,18.309999465942383,1642.0
2024-03-01 13:05:00,BLRX,1.399999976158142,1.399999976158142,1.399999976158142,1.399999976158142,1.399999976158142,100.0
2024-03-01 13:05:00,BLUE,1.5950000286102295,1.5950000286102295,1.597499966621399,1.5950000286102295,1.5950000286102295,8268.0
2024-03-01 13:05:00,BMEA,18.18000030517578,18.18000030517578,18.18000030517578,18.18000030517578,18.18000030517578,138.0
2024-03-01 13:05:00,BMRN,87.4800033569336,87.4800033569336,87.4800033569336,87.4000015258789,87.40499877929688,5712.0
2024-03-01 13:05:00,BNR,0.819100022315979,0.819100022315979,0.8202999830245972,0.819100022315979,0.8202999830245972,200.0
2024-03-01 13:05:00,BNTX,91.6500015258789,91.6500015258789,91.70249938964844,91.5824966430664,91.62999725341797,3029.0
2024-03-01 13:05:00,BPMC,97.11499786376953,97.11499786376953,97.11499786376953,96.9000015258789,96.97000122070312,1676.0
2024-03-01 13:05:00,BRKR,88.31999969482422,88.31999969482422,88.33999633789062,88.31999969482422,88.33000183105469,780.0
2024-03-01 13:05:00,BRTX,1.5099999904632568,1.5099999904632568,1.5149999856948853,1.5099999904632568,1.5149999856948853,700.0
2024-03-01 13:05:00,BSGM,0.6432999968528748,0.6432999968528748,0.6432999968528748,0.6432999968528748,0.6432999968528748,141.0
2024-03-01 13:05:00,BTAI,3.208199977874756,3.208199977874756,3.208199977874756,3.208199977874756,3.208199977874756,521.0
2024-03-01 13:05:00,BTTX,0.17775000631809235,0.17775000631809235,0.17775000631809235,0.1766750067472458,0.1766750067472458,5796.0
2024-03-01 13:05:00,BWAY,6.514999866485596,6.514999866485596,6.514999866485596,6.514999866485596,6.514999866485596,100.0
2024-03-01 13:05:00,CABA,24.030000686645508,24.030000686645508,24.040000915527344,24.030000686645508,24.040000915527344,302.0
2024-03-01 13:05:00,CBAY,32.2400016784668,32.2400016784668,32.2400016784668,32.2400016784668,32.2400016784668,1018.0
2024-03-01 13:05:00,CCCC,10.954999923706055,10.954999923706055,10.970000267028809,10.954999923706055,10.96500015258789,1548.0
2024-03-01 13:05:00,CDNA,12.359999656677246,12.359999656677246,12.359999656677246,12.359999656677246,12.359999656677246,664.0
2024-03-01 13:05:00,CDXS,4.534999847412109,4.534999847412109,4.539999961853027,4.53000020980835,4.53000020980835,1409.0
2024-03-01 13:05:00,CELC,16.31999969482422,16.31999969482422,16.31999969482422,16.270000457763672,16.270000457763672,420.0
2024-03-01 13:05:00,CERE,41.092498779296875,41.092498779296875,41.092498779296875,41.092498779296875,41.092498779296875,463.0
2024-03-01 13:05:00,CERS,2.2200000286102295,2.2200000286102295,2.2200000286102295,2.2200000286102295,2.2200000286102295,309.0
2024-03-01 13:05:00,CERT,17.899999618530273,17.899999618530273,17.899999618530273,17.899999618530273,17.899999618530273,205.0
2024-03-01 13:05:00,CGC,3.265000104904175,3.265000104904175,3.265000104904175,3.255000114440918,3.255000114440918,7527.0
2024-03-01 13:05:00,CGEM,18.84000015258789,18.84000015258789,18.84000015258789,18.84000015258789,18.84000015258789,120.0
2024-03-01 13:05:00,CGEN,2.670099973678589,2.670099973678589,2.680000066757202,2.670099973678589,2.680000066757202,1126.0
2024-03-01 13:05:00,CGTX,2.049999952316284,2.049999952316284,2.049999952316284,2.015000104904175,2.015000104904175,13330.0
2024-03-01 13:05:00,CHRS,2.4149999618530273,2.4149999618530273,2.4149999618530273,2.4100000858306885,2.4100000858306885,1752.0
2024-03-01 13:05:00,CKPT,2.2049999237060547,2.2049999237060547,2.2188000679016113,2.200000047683716,2.2100000381469727,9331.0
2024-03-01 13:05:00,CLDX,50.900001525878906,50.900001525878906,50.970001220703125,50.88999938964844,50.89500045776367,5809.0
2024-03-01 13:05:00,CLNN,0.39469999074935913,0.39469999074935913,0.39469999074935913,0.39469999074935913,0.39469999074935913,200.0
2024-03-01 13:05:00,CLOV,0.864300012588501,0.864300012588501,0.8644000291824341,0.864300012588501,0.8644000291824341,2700.0
2024-03-01 13:05:00,CLPT,6.7083001136779785,6.7083001136779785,6.7083001136779785,6.679999828338623,6.679999828338623,270.0
2024-03-01 13:05:00,CLRB,4.170000076293945,4.170000076293945,4.170000076293945,4.159900188446045,4.159900188446045,8891.0
2024-03-01 13:05:00,COGT,7.190000057220459,7.190000057220459,7.190000057220459,7.179999828338623,7.179999828338623,1860.0
2024-03-01 13:05:00,CORT,24.235000610351562,24.235000610351562,24.235000610351562,24.235000610351562,24.235000610351562,428.0
2024-03-01 13:05:00,CPIX,2.200000047683716,2.200000047683716,2.200000047683716,2.200000047683716,2.200000047683716,100.0
2024-03-01 13:05:00,CPRX,17.145000457763672,17.145000457763672,17.149999618530273,17.145000457763672,17.149999618530273,1847.0
2024-03-01 13:05:00,CRBU,7.974999904632568,7.974999904632568,7.974999904632568,7.96999979019165,7.96999979019165,429.0
2024-03-01 13:05:00,CRDF,2.3506999015808105,2.3506999015808105,2.369999885559082,2.3299999237060547,2.3299999237060547,16987.0
2024-03-01 13:05:00,CRMD,3.7200000286102295,3.7200000286102295,3.7200000286102295,3.7149999141693115,3.7149999141693115,450.0
2024-03-01 13:05:00,CRNX,46.779998779296875,46.779998779296875,46.779998779296875,46.58000183105469,46.58000183105469,1372.0
2024-03-01 13:05:00,CRSP,86.08000183105469,86.08000183105469,86.11000061035156,86.08000183105469,86.11000061035156,255.0
2024-03-01 13:05:00,CSTL,20.243999481201172,20.243999481201172,20.271299362182617,20.243999481201172,20.271299362182617,1125.0
2024-03-01 13:05:00,CTKB,8.824999809265137,8.824999809265137,8.84000015258789,8.824999809265137,8.84000015258789,2076.0
2024-03-01 13:05:00,CTMX,2.7200000286102295,2.7200000286102295,2.7799999713897705,2.7100000381469727,2.7750000953674316,32297.0
2024-03-01 13:05:00,CUTR,2.4200000762939453,2.4200000762939453,2.424999952316284,2.4200000762939453,2.424999952316284,675.0
2024-03-01 13:05:00,CYTK,73.19000244140625,73.19000244140625,73.21499633789062,73.19000244140625,73.21499633789062,243.0
2024-03-01 13:05:00,CYTO,2.4000000953674316,2.4000000953674316,2.4254000186920166,2.369999885559082,2.4254000186920166,3348.0
2024-03-01 13:05:00,DARE,0.5600000023841858,0.5600000023841858,0.5600000023841858,0.5600000023841858,0.5600000023841858,100.0
2024-03-01 13:05:00,DCPH,17.420000076293945,17.420000076293945,17.420000076293945,17.40999984741211,17.420000076293945,1112.0
2024-03-01 13:05:00,DH,8.8149995803833,8.8149995803833,8.8149995803833,8.8100004196167,8.8100004196167,757.0
2024-03-01 13:05:00,DMTK,0.8650000095367432,0.8650000095367432,0.8650000095367432,0.8650000095367432,0.8650000095367432,300.0
2024-03-01 13:05:00,DNLI,20.81999969482422,20.81999969482422,20.81999969482422,20.80500030517578,20.80500030517578,1674.0
2024-03-01 13:05:00,DTIL,12.45989990234375,12.45989990234375,12.460000038146973,12.359999656677246,12.404999732971191,8806.0
2024-03-01 13:05:00,DVAX,12.899999618530273,12.899999618530273,12.899999618530273,12.899999618530273,12.899999618530273,512.0
2024-03-01 13:05:00,DXCM,121.91500091552734,121.91500091552734,121.94000244140625,121.86000061035156,121.86000061035156,4900.0
2024-03-01 13:05:00,DYN,28.764999389648438,28.764999389648438,28.780000686645508,28.690000534057617,28.75,5038.0
2024-03-01 13:05:00,EDIT,10.890000343322754,10.890000343322754,10.890000343322754,10.880000114440918,10.880000114440918,4252.0
2024-03-01 13:05:00,EFTR,15.345000267028809,15.345000267028809,15.41919994354248,15.345000267028809,15.41919994354248,603.0
2024-03-01 13:05:00,EGRX,6.715000152587891,6.715000152587891,6.715000152587891,6.715000152587891,6.715000152587891,342.0
2024-03-01 13:05:00,ELEV,5.010000228881836,5.010000228881836,5.03000020980835,4.989999771118164,5.03000020980835,6490.0
2024-03-01 13:05:00,ELOX,0.8700000047683716,0.8700000047683716,0.8700000047683716,0.8700000047683716,0.8700000047683716,1004.0
2024-03-01 13:05:00,EMBC,14.414999961853027,14.414999961853027,14.430000305175781,14.414999961853027,14.420000076293945,1231.0
2024-03-01 13:05:00,ENLV,3.3399999141693115,3.3399999141693115,3.3399999141693115,3.3399999141693115,3.3399999141693115,419.0
2024-03-01 13:05:00,ENSG,122.77999877929688,122.77999877929688,122.77999877929688,122.69999694824219,122.7699966430664,626.0
2024-03-01 13:05:00,ENVB,1.4991999864578247,1.4991999864578247,1.5199999809265137,1.4700000286102295,1.5002000331878662,21446.0
2024-03-01 13:05:00,EOLS,14.819999694824219,14.819999694824219,14.819999694824219,14.8100004196167,14.8100004196167,750.0
2024-03-01 13:05:00,ESPR,2.5199999809265137,2.5199999809265137,2.526700019836426,2.5199999809265137,2.526700019836426,3144.0
2024-03-01 13:05:00,ESTA,45.29999923706055,45.29999923706055,45.30500030517578,45.29999923706055,45.30500030517578,521.0
2024-03-01 13:05:00,ETNB,13.289999961853027,13.289999961853027,13.289999961853027,13.279999732971191,13.279999732971191,1096.0
2024-03-01 13:05:00,EWTX,17.049999237060547,17.049999237060547,17.059999465942383,17.040000915527344,17.059999465942383,1439.0
2024-03-01 13:05:00,EXAS,60.560001373291016,60.560001373291016,60.560001373291016,60.52000045776367,60.529998779296875,1292.0
2024-03-01 13:05:00,EXEL,22.545000076293945,22.545000076293945,22.545000076293945,22.540000915527344,22.540000915527344,3292.0
2024-03-01 13:05:00,EYEN,2.466399908065796,2.466399908065796,2.466399908065796,2.4400999546051025,2.4400999546051025,1372.0
2024-03-01 13:05:00,EYPT,28.010000228881836,28.010000228881836,28.010000228881836,27.950000762939453,27.959999084472656,520.0
2024-03-01 13:05:00,FATE,7.644999980926514,7.644999980926514,7.659999847412109,7.630000114440918,7.630000114440918,8819.0
2024-03-01 13:05:00,FBIO,2.309999942779541,2.309999942779541,2.309999942779541,2.299999952316284,2.299999952316284,3953.0
2024-03-01 13:05:00,FDMT,29.270000457763672,29.270000457763672,29.270000457763672,29.260000228881836,29.260000228881836,558.0
2024-03-01 13:05:00,FEMY,1.7100000381469727,1.7100000381469727,1.7100000381469727,1.7079999446868896,1.7100000381469727,300.0
2024-03-01 13:05:00,FGEN,1.8600000143051147,1.8600000143051147,1.8600000143051147,1.8600000143051147,1.8600000143051147,2012.0
2024-03-01 13:05:00,FIXX,0.9251999855041504,0.9251999855041504,0.9251999855041504,0.9251999855041504,0.9251999855041504,294.0
2024-03-01 13:05:00,FOLD,13.359999656677246,13.359999656677246,13.359999656677246,13.345000267028809,13.345000267028809,5089.0
2024-03-01 13:05:00,FULC,10.869999885559082,10.869999885559082,10.869999885559082,10.859999656677246,10.869999885559082,1228.0
2024-03-01 13:05:00,FUSN,12.350000381469727,12.350000381469727,12.359999656677246,12.350000381469727,12.359999656677246,220.0
2024-03-01 13:05:00,GALT,1.9600000381469727,1.9600000381469727,1.9600000381469727,1.9600000381469727,1.9600000381469727,400.0
2024-03-01 13:05:00,GDRX,8.239999771118164,8.239999771118164,8.239999771118164,8.239999771118164,8.239999771118164,245.0
2024-03-01 13:05:00,GERN,2.2221999168395996,2.2221999168395996,2.2300000190734863,2.2221999168395996,2.2300000190734863,5944.0
2024-03-01 13:05:00,GH,19.150100708007812,19.150100708007812,19.150100708007812,19.150100708007812,19.150100708007812,171.0
2024-03-01 13:05:00,GILD,72.22000122070312,72.22000122070312,72.22000122070312,72.19999694824219,72.19999694824219,7442.0
2024-03-01 13:05:00,GMAB,29.31999969482422,29.31999969482422,29.329999923706055,29.31999969482422,29.329999923706055,320.0
2024-03-01 13:05:00,GOSS,1.3899999856948853,1.3899999856948853,1.3949999809265137,1.3899999856948853,1.3899999856948853,10887.0
2024-03-01 13:05:00,GRFS,7.085000038146973,7.085000038146973,7.085000038146973,7.085000038146973,7.085000038146973,410.0
2024-03-01 13:05:00,GRTS,2.180000066757202,2.180000066757202,2.180000066757202,2.1700000762939453,2.1700000762939453,21377.0
2024-03-01 13:05:00,GTHX,3.75,3.75,3.75,3.75,3.75,556.0
2024-03-01 13:05:00,HALO,41.47999954223633,41.47999954223633,41.47999954223633,41.44499969482422,41.44499969482422,855.0
2024-03-01 13:05:00,HCAT,8.045000076293945,8.045000076293945,8.050000190734863,8.045000076293945,8.050000190734863,902.0
2024-03-01 13:05:00,HLVX,19.264999389648438,19.264999389648438,19.360000610351562,19.264999389648438,19.360000610351562,200.0
2024-03-01 13:05:00,HOLX,74.0199966430664,74.0199966430664,74.04000091552734,74.0199966430664,74.04000091552734,1029.0
2024-03-01 13:05:00,HOWL,6.940000057220459,6.940000057220459,6.980000019073486,6.940000057220459,6.980000019073486,350.0
2024-03-01 13:05:00,HQY,81.67500305175781,81.67500305175781,81.67500305175781,81.67500305175781,81.67500305175781,292.0
2024-03-01 13:05:00,HRMY,31.44499969482422,31.44499969482422,31.44499969482422,31.44499969482422,31.44499969482422,350.0
2024-03-01 13:05:00,HROW,10.829999923706055,10.829999923706055,10.859999656677246,10.829999923706055,10.859999656677246,1741.0
2024-03-01 13:05:00,HRTX,2.5950000286102295,2.5950000286102295,2.5975000858306885,2.5899999141693115,2.5899999141693115,300.0
2024-03-01 13:05:00,HSCS,0.1185000017285347,0.1185000017285347,0.1185000017285347,0.11845000088214874,0.11845000088214874,201.0
2024-03-01 13:05:00,HSIC,76.83999633789062,76.83999633789062,76.8499984741211,76.81999969482422,76.81999969482422,2138.0
2024-03-01 13:05:00,HSTM,27.360000610351562,27.360000610351562,27.360000610351562,27.360000610351562,27.360000610351562,400.0
2024-03-01 13:05:00,HUMA,3.4649999141693115,3.4649999141693115,3.4649999141693115,3.4649999141693115,3.4649999141693115,1848.0
2024-03-01 13:05:00,IART,36.560001373291016,36.560001373291016,36.61000061035156,36.560001373291016,36.599998474121094,11873.0
2024-03-01 13:05:00,IDYA,46.599998474121094,46.599998474121094,46.599998474121094,46.58000183105469,46.58000183105469,1421.0
2024-03-01 13:05:00,IKNA,1.5049999952316284,1.5049999952316284,1.5049999952316284,1.5049999952316284,1.5049999952316284,503.0
2024-03-01 13:05:00,ILMN,142.27499389648438,142.27499389648438,142.27499389648438,142.27499389648438,142.27499389648438,244.0
2024-03-01 13:05:00,IMAB,1.8300000429153442,1.8300000429153442,1.8350000381469727,1.8300000429153442,1.8350000381469727,677.0
2024-03-01 13:05:00,IMCR,67.86499786376953,67.86499786376953,67.86499786376953,67.86499786376953,67.86499786376953,335.0
2024-03-01 13:05:00,IMNM,26.239999771118164,26.239999771118164,26.239999771118164,26.225000381469727,26.225000381469727,783.0
2024-03-01 13:05:00,IMTX,12.989999771118164,12.989999771118164,12.989999771118164,12.989999771118164,12.989999771118164,116.0
2024-03-01 13:05:00,IMUX,1.4900000095367432,1.4900000095367432,1.4991999864578247,1.4900000095367432,1.4991999864578247,2809.0
2024-03-01 13:05:00,IMVT,36.314998626708984,36.314998626708984,36.314998626708984,36.28499984741211,36.28499984741211,948.0
2024-03-01 13:05:00,INBX,36.54999923706055,36.54999923706055,36.54999923706055,36.54999923706055,36.54999923706055,207.0
2024-03-01 13:05:00,INCY,59.310001373291016,59.310001373291016,59.310001373291016,59.310001373291016,59.310001373291016,100.0
2024-03-01 13:05:00,INGN,6.849999904632568,6.849999904632568,6.849999904632568,6.849999904632568,6.849999904632568,248.0
2024-03-01 13:05:00,INM,0.4038200080394745,0.4038200080394745,0.4038200080394745,0.4038200080394745,0.4038200080394745,150.0
2024-03-01 13:05:00,INMB,12.475000381469727,12.475000381469727,12.475000381469727,12.475000381469727,12.475000381469727,207.0
2024-03-01 13:05:00,INMD,22.8700008392334,22.8700008392334,22.8799991607666,22.8700008392334,22.8799991607666,1480.0
2024-03-01 13:05:00,INO,9.329999923706055,9.329999923706055,9.350000381469727,9.329999923706055,9.350000381469727,1271.0
2024-03-01 13:05:00,INSM,28.540000915527344,28.540000915527344,28.540000915527344,28.510000228881836,28.510000228881836,1952.0
2024-03-01 13:05:00,INVA,15.675000190734863,15.675000190734863,15.675000190734863,15.664999961853027,15.664999961853027,366.0
2024-03-01 13:05:00,IONM,0.335099995136261,0.335099995136261,0.34940001368522644,0.335099995136261,0.3379000127315521,2100.0
2024-03-01 13:05:00,IONS,45.939998626708984,45.939998626708984,45.939998626708984,45.93000030517578,45.93000030517578,409.0
2024-03-01 13:05:00,IOVA,16.954999923706055,16.954999923706055,16.959999084472656,16.895000457763672,16.90999984741211,31811.0
2024-03-01 13:05:00,IRTC,121.58000183105469,121.58000183105469,121.58000183105469,121.58000183105469,121.58000183105469,333.0
2024-03-01 13:05:00,IRWD,9.110099792480469,9.110099792480469,9.125,9.109999656677246,9.119999885559082,10662.0
2024-03-01 13:05:00,ISRG,395.8699951171875,395.8699951171875,396.0,395.8699951171875,396.0,3380.0
2024-03-01 13:05:00,ITCI,71.43000030517578,71.43000030517578,71.43000030517578,71.43000030517578,71.43000030517578,110.0
2024-03-01 13:05:00,IVVD,4.019999980926514,4.019999980926514,4.019999980926514,4.019999980926514,4.019999980926514,320.0
2024-03-01 13:05:00,IXHL,5.590000152587891,5.590000152587891,5.590000152587891,5.559999942779541,5.579999923706055,1809.0
2024-03-01 13:05:00,JAGX,0.07450000196695328,0.07450000196695328,0.0746999979019165,0.07429999858140945,0.07450000196695328,103293.0
2024-03-01 13:05:00,KIDS,27.459999084472656,27.459999084472656,27.459999084472656,27.40999984741211,27.40999984741211,1257.0
2024-03-01 13:05:00,KNSA,21.709999084472656,21.709999084472656,21.739999771118164,21.709999084472656,21.709999084472656,406.0
2024-03-01 13:05:00,KNTE,2.5999999046325684,2.5999999046325684,2.5999999046325684,2.5999999046325684,2.5999999046325684,1108.0
2024-03-01 13:05:00,KOD,6.099999904632568,6.099999904632568,6.099999904632568,6.099999904632568,6.099999904632568,643.0
2024-03-01 13:05:00,KPRX,0.6349999904632568,0.6349999904632568,0.6499999761581421,0.6349999904632568,0.6499999761581421,17173.0
2024-03-01 13:05:00,KPTI,1.2200000286102295,1.2200000286102295,1.2200000286102295,1.215000033378601,1.215000033378601,214.0
2024-03-01 13:05:00,KRON,1.0299999713897705,1.0299999713897705,1.0299999713897705,1.0199999809265137,1.0299999713897705,14002.0
2024-03-01 13:05:00,KRYS,168.2449951171875,168.2449951171875,168.2449951171875,167.8800048828125,167.8800048828125,2332.0
2024-03-01 13:05:00,KTRA,0.09839999675750732,0.09839999675750732,0.09839999675750732,0.09839999675750732,0.09839999675750732,6002.0
2024-03-01 13:05:00,KYMR,44.125,44.125,44.130001068115234,44.125,44.130001068115234,590.0
2024-03-01 13:05:00,KZR,1.0800000429153442,1.0800000429153442,1.0800000429153442,1.065000057220459,1.065000057220459,11103.0
2024-03-01 13:05:00,LAB,2.5399999618530273,2.5399999618530273,2.5399999618530273,2.5299999713897705,2.5299999713897705,6197.0
2024-03-01 13:05:00,LBPH,21.84000015258789,21.84000015258789,21.84000015258789,21.84000015258789,21.84000015258789,108.0
2024-03-01 13:05:00,LFMD,8.0,8.0,8.0,8.0,8.0,452.0
2024-03-01 13:05:00,LFST,7.800000190734863,7.800000190734863,7.804999828338623,7.795000076293945,7.800000190734863,4578.0
2024-03-01 13:05:00,LIVN,55.7599983215332,55.7599983215332,55.7599983215332,55.755001068115234,55.755001068115234,593.0
2024-03-01 13:05:00,LPTX,2.9000000953674316,2.9000000953674316,2.9000000953674316,2.9000000953674316,2.9000000953674316,400.0
2024-03-01 13:05:00,LQDA,14.490699768066406,14.490699768066406,14.5,14.490699768066406,14.5,800.0
2024-03-01 13:05:00,LVTX,3.059999942779541,3.059999942779541,3.059999942779541,3.0299999713897705,3.0299999713897705,1345.0
2024-03-01 13:05:00,LXRX,2.515000104904175,2.515000104904175,2.515000104904175,2.509999990463257,2.509999990463257,3391.0
2024-03-01 13:05:00,LYEL,3.1649999618530273,3.1649999618530273,3.1700000762939453,3.1649999618530273,3.1700000762939453,283.0
2024-03-01 13:05:00,LYRA,5.699999809265137,5.699999809265137,5.71999979019165,5.699999809265137,5.71999979019165,3313.0
2024-03-01 13:05:00,MASS,7.369999885559082,7.369999885559082,7.369999885559082,7.369999885559082,7.369999885559082,252.0
2024-03-01 13:05:00,MCRB,1.2100000381469727,1.2100000381469727,1.2100000381469727,1.2000000476837158,1.2000000476837158,453.0
2024-03-01 13:05:00,MDRX,6.050000190734863,6.050000190734863,6.050000190734863,6.050000190734863,6.050000190734863,1635.0
2024-03-01 13:05:00,MDXG,8.680000305175781,8.680000305175781,8.704999923706055,8.680000305175781,8.699999809265137,4736.0
2024-03-01 13:05:00,ME,0.5706999897956848,0.5706999897956848,0.572700023651123,0.5703999996185303,0.572700023651123,24117.0
2024-03-01 13:05:00,MEDP,401.5,401.5,401.8399963378906,401.5,401.8399963378906,1589.0
2024-03-01 13:05:00,MEDS,9.060700416564941,9.060700416564941,9.060700416564941,9.060700416564941,9.060700416564941,180.0
2024-03-01 13:05:00,MGTX,6.454999923706055,6.454999923706055,6.454999923706055,6.454999923706055,6.454999923706055,600.0
2024-03-01 13:05:00,MLTX,51.619998931884766,51.619998931884766,51.619998931884766,51.54999923706055,51.584999084472656,2235.0
2024-03-01 13:05:00,MNKD,4.510000228881836,4.510000228881836,4.525000095367432,4.510000228881836,4.519999980926514,8490.0
2024-03-01 13:05:00,MNMD,6.111000061035156,6.111000061035156,6.118299961090088,6.111000061035156,6.114999771118164,2135.0
2024-03-01 13:05:00,MNPR,0.8349999785423279,0.8349999785423279,0.8349999785423279,0.8349999785423279,0.8349999785423279,137.0
2024-03-01 13:05:00,MODD,1.9500000476837158,1.9500000476837158,1.9500000476837158,1.934999942779541,1.940000057220459,3500.0
2024-03-01 13:05:00,MOTS,0.6798989772796631,0.6798989772796631,0.6798989772796631,0.6798989772796631,0.6798989772796631,475.0
2024-03-01 13:05:00,MREO,3.9398999214172363,3.9398999214172363,3.940000057220459,3.890000104904175,3.890000104904175,24460.0
2024-03-01 13:05:00,MRNA,96.44999694824219,96.44999694824219,96.54000091552734,96.44999694824219,96.51000213623047,7326.0
2024-03-01 13:05:00,MRSN,5.913700103759766,5.913700103759766,5.989999771118164,5.913700103759766,5.985000133514404,25268.0
2024-03-01 13:05:00,MRUS,51.84000015258789,51.84000015258789,51.84000015258789,51.84000015258789,51.84000015258789,391.0
2024-03-01 13:05:00,MRVI,7.761000156402588,7.761000156402588,7.769999980926514,7.761000156402588,7.769999980926514,669.0
2024-03-01 13:05:00,MYGN,21.739999771118164,21.739999771118164,21.739999771118164,21.739999771118164,21.739999771118164,225.0
2024-03-01 13:05:00,MYNZ,0.8611000180244446,0.8611000180244446,0.8611000180244446,0.8600000143051147,0.8600999712944031,1769.0
2024-03-01 13:05:00,NARI,45.06999969482422,45.06999969482422,45.221900939941406,45.06999969482422,45.209999084472656,4031.0
2024-03-01 13:05:00,NAUT,2.640000104904175,2.640000104904175,2.640000104904175,2.640000104904175,2.640000104904175,134.0
2024-03-01 13:05:00,NBIX,131.2550048828125,131.2550048828125,131.2550048828125,131.2100067138672,131.2100067138672,1291.0
2024-03-01 13:05:00,NCNA,0.33079999685287476,0.33079999685287476,0.33079999685287476,0.33079999685287476,0.33079999685287476,505.0
2024-03-01 13:05:00,NEO,16.1200008392334,16.1200008392334,16.1200008392334,16.1200008392334,16.1200008392334,143.0
2024-03-01 13:05:00,NEOG,17.3799991607666,17.3799991607666,17.3799991607666,17.375,17.375,1688.0
2024-03-01 13:05:00,NEPT,0.45489999651908875,0.45489999651908875,0.45489999651908875,0.45489999651908875,0.45489999651908875,5000.0
2024-03-01 13:05:00,NGM,1.5299999713897705,1.5299999713897705,1.5299999713897705,1.5299999713897705,1.5299999713897705,414.0
2024-03-01 13:05:00,NKTR,0.7850000262260437,0.7850000262260437,0.7900000214576721,0.7850000262260437,0.7900000214576721,7890.0
2024-03-01 13:05:00,NKTX,12.6899995803833,12.6899995803833,12.75,12.6899995803833,12.75,2504.0
2024-03-01 13:05:00,NNOX,11.100000381469727,11.100000381469727,11.100000381469727,11.069999694824219,11.069999694824219,6155.0
2024-03-01 13:05:00,NRIX,13.670000076293945,13.670000076293945,13.670000076293945,13.649999618530273,13.649999618530273,826.0
2024-03-01 13:05:00,NRXP,0.41990000009536743,0.41990000009536743,0.41990000009536743,0.41990000009536743,0.41990000009536743,289.0
2024-03-01 13:05:00,NTLA,33.415000915527344,33.415000915527344,33.43000030517578,33.415000915527344,33.41999816894531,822.0
2024-03-01 13:05:00,NTRA,89.62000274658203,89.62000274658203,89.69000244140625,89.55000305175781,89.66999816894531,8104.0
2024-03-01 13:05:00,NUVL,88.91000366210938,88.91000366210938,88.9800033569336,88.87000274658203,88.9800033569336,2700.0
2024-03-01 13:05:00,NUWE,0.5752000212669373,0.5752000212669373,0.5756000280380249,0.5752000212669373,0.5752999782562256,900.0
2024-03-01 13:05:00,NVAX,5.159299850463867,5.159299850463867,5.170000076293945,5.159299850463867,5.170000076293945,14337.0
2024-03-01 13:05:00,NVCR,16.010000228881836,16.010000228881836,16.010000228881836,16.0,16.0,211.0
2024-03-01 13:05:00,NVCT,10.625,10.625,10.625,10.625,10.625,103.0
2024-03-01 13:05:00,OCGN,0.9414010047912598,0.9414010047912598,0.9414010047912598,0.9414010047912598,0.9414010047912598,1615.0
2024-03-01 13:05:00,OCUL,10.845000267028809,10.845000267028809,10.85890007019043,10.845000267028809,10.850000381469727,2292.0
2024-03-01 13:05:00,OGI,2.2049999237060547,2.2049999237060547,2.2049999237060547,2.2049999237060547,2.2049999237060547,134.0
2024-03-01 13:05:00,OLK,22.645000457763672,22.645000457763672,22.645000457763672,22.645000457763672,22.645000457763672,423.0
2024-03-01 13:05:00,OLMA,14.734999656677246,14.734999656677246,14.739999771118164,14.699999809265137,14.704999923706055,767.0
2024-03-01 13:05:00,OM,3.1449999809265137,3.1449999809265137,3.1449999809265137,3.1449999809265137,3.1449999809265137,125.0
2024-03-01 13:05:00,OMGA,4.21999979019165,4.21999979019165,4.230000019073486,4.204999923706055,4.210000038146973,1413.0
2024-03-01 13:06:00,AADI,1.9900000095367432,1.9900000095367432,1.9900000095367432,1.9900000095367432,1.9900000095367432,108.0
2024-03-01 13:06:00,ABCL,5.255000114440918,5.255000114440918,5.260000228881836,5.25,5.260000228881836,2044.0
2024-03-01 13:06:00,ABIO,1.649999976158142,1.649999976158142,1.649999976158142,1.649999976158142,1.649999976158142,480.0
2024-03-01 13:06:00,ABSI,5.324999809265137,5.324999809265137,5.324999809265137,5.320499897003174,5.324999809265137,5104.0
2024-03-01 13:06:00,ABUS,2.7750000953674316,2.7750000953674316,2.7750000953674316,2.7750000953674316,2.7750000953674316,364.0
2024-03-01 13:06:00,ACAD,24.450000762939453,24.450000762939453,24.46500015258789,24.450000762939453,24.46500015258789,2152.0
2024-03-01 13:06:00,ACB,3.200000047683716,3.200000047683716,3.208899974822998,3.200000047683716,3.200000047683716,4605.0
2024-03-01 13:06:00,ACET,2.3970000743865967,2.3970000743865967,2.4000000953674316,2.390000104904175,2.4000000953674316,620.0
2024-03-01 13:06:00,ACHV,4.360000133514404,4.360000133514404,4.360000133514404,4.360000133514404,4.360000133514404,500.0
2024-03-01 13:06:00,ACLX,66.8550033569336,66.8550033569336,66.9000015258789,66.8550033569336,66.9000015258789,311.0
2024-03-01 13:06:00,ACON,0.4000000059604645,0.4000000059604645,0.40195998549461365,0.4000000059604645,0.4000000059604645,11916.0
2024-03-01 13:06:00,ACRS,1.2350000143051147,1.2350000143051147,1.2400000095367432,1.2300000190734863,1.2400000095367432,600.0
2024-03-01 13:06:00,ADIL,3.059999942779541,3.059999942779541,3.0999999046325684,3.059999942779541,3.081700086593628,16607.0
2024-03-01 13:06:00,ADMA,5.510000228881836,5.510000228881836,5.510000228881836,5.505000114440918,5.505000114440918,1127.0
2024-03-01 13:06:00,ADPT,4.204999923706055,4.204999923706055,4.204999923706055,4.204999923706055,4.204999923706055,100.0
2024-03-01 13:06:00,AGEN,0.6786999702453613,0.6786999702453613,0.6789000034332275,0.678600013256073,0.6786999702453613,12522.0
2024-03-01 13:06:00,AHCO,10.579999923706055,10.579999923706055,10.614999771118164,10.579999923706055,10.614999771118164,2669.0
2024-03-01 13:06:00,AIRS,6.5,6.5,6.5,6.489999771118164,6.489999771118164,310.0
2024-03-01 13:06:00,AKAN,0.2224999964237213,0.2224999964237213,0.2224999964237213,0.21490000188350677,0.2150000035762787,11954.0
2024-03-01 13:06:00,AKBA,1.690000057220459,1.690000057220459,1.690000057220459,1.684999942779541,1.690000057220459,1135.0
2024-03-01 13:06:00,AKRO,29.8799991607666,29.8799991607666,29.8799991607666,29.8700008392334,29.8700008392334,352.0
2024-03-01 13:06:00,ALDX,4.25,4.25,4.259500026702881,4.25,4.257999897003174,2983.0
2024-03-01 13:06:00,ALHC,5.710000038146973,5.710000038146973,5.710000038146973,5.710000038146973,5.710000038146973,106.0
2024-03-01 13:06:00,ALLK,1.6050000190734863,1.6050000190734863,1.6050000190734863,1.6050000190734863,1.6050000190734863,943.0
2024-03-01 13:06:00,ALLO,5.045000076293945,5.045000076293945,5.045000076293945,5.045000076293945,5.045000076293945,439.0
2024-03-01 13:06:00,ALPN,35.8849983215332,35.8849983215332,35.8849983215332,35.8849983215332,35.8849983215332,500.0
2024-03-01 13:06:00,ALT,12.015000343322754,12.015000343322754,12.020000457763672,12.010000228881836,12.010000228881836,2208.0
2024-03-01 13:06:00,ALXO,15.039999961853027,15.039999961853027,15.0600004196167,15.010000228881836,15.010000228881836,2559.0
2024-03-01 13:06:00,AMGN,280.739990234375,280.739990234375,280.8500061035156,280.7300109863281,280.8500061035156,1826.0
2024-03-01 13:06:00,AMLX,18.8031005859375,18.8031005859375,18.81999969482422,18.799999237060547,18.799999237060547,917.0
2024-03-01 13:06:00,AMPH,45.40999984741211,45.40999984741211,45.40999984741211,45.314998626708984,45.314998626708984,2142.0
2024-03-01 13:06:00,AMRN,1.0499999523162842,1.0499999523162842,1.0549999475479126,1.0499999523162842,1.0549999475479126,3567.0
2024-03-01 13:06:00,ANNX,6.119999885559082,6.119999885559082,6.119999885559082,6.119999885559082,6.119999885559082,187.0
2024-03-01 13:06:00,APDN,0.5699999928474426,0.5699999928474426,0.5699999928474426,0.5699999928474426,0.5699999928474426,736.0
2024-03-01 13:06:00,APLS,64.83999633789062,64.83999633789062,64.83999633789062,64.73999786376953,64.73999786376953,2426.0
2024-03-01 13:06:00,APLT,7.103499889373779,7.103499889373779,7.159999847412109,7.103499889373779,7.139999866485596,5325.0
2024-03-01 13:06:00,APTO,1.820099949836731,1.820099949836731,1.840000033378601,1.820099949836731,1.8300000429153442,1139.0
2024-03-01 13:06:00,AQST,4.195000171661377,4.195000171661377,4.1996002197265625,4.190000057220459,4.1996002197265625,729.0
2024-03-01 13:06:00,ARAY,2.6449999809265137,2.6449999809265137,2.6449999809265137,2.634999990463257,2.634999990463257,2466.0
2024-03-01 13:06:00,ARCT,39.96500015258789,39.96500015258789,39.96500015258789,39.96500015258789,39.96500015258789,166.0
2024-03-01 13:06:00,ARDX,9.510000228881836,9.510000228881836,9.53499984741211,9.510000228881836,9.53499984741211,15444.0
2024-03-01 13:06:00,ARGX,392.6499938964844,392.6499938964844,392.6499938964844,392.6499938964844,392.6499938964844,167.0
2024-03-01 13:06:00,ARQT,11.710000038146973,11.710000038146973,11.821100234985352,11.699999809265137,11.821100234985352,17055.0
2024-03-01 13:06:00,ARVN,48.82500076293945,48.82500076293945,48.96500015258789,48.82500076293945,48.96500015258789,1488.0
2024-03-01 13:06:00,ARWR,35.68000030517578,35.68000030517578,35.68000030517578,35.68000030517578,35.68000030517578,210.0
2024-03-01 13:06:00,ASMB,13.3100004196167,13.3100004196167,13.329999923706055,13.3100004196167,13.329999923706055,203.0
2024-03-01 13:06:00,ASND,152.2449951171875,152.2449951171875,152.2449951171875,152.2449951171875,152.2449951171875,408.0
2024-03-01 13:06:00,ASRT,0.9225000143051147,0.9225000143051147,0.922789990901947,0.9225000143051147,0.922789990901947,1301.0
2024-03-01 13:06:00,ATAI,2.1410000324249268,2.1410000324249268,2.1410000324249268,2.140000104904175,2.140000104904175,210.0
2024-03-01 13:06:00,ATEC,13.505000114440918,13.505000114440918,13.510000228881836,13.505000114440918,13.510000228881836,301.0
2024-03-01 13:06:00,ATRA,0.7936999797821045,0.7936999797821045,0.7936999797821045,0.7936999797821045,0.7936999797821045,123.0
2024-03-01 13:06:00,ATRC,36.08399963378906,36.08399963378906,36.08399963378906,36.08399963378906,36.08399963378906,352.0
2024-03-01 13:06:00,AUPH,5.849999904632568,5.849999904632568,5.855000019073486,5.849999904632568,5.855000019073486,338.0
2024-03-01 13:06:00,AUTL,6.389999866485596,6.389999866485596,6.389999866485596,6.389999866485596,6.389999866485596,301.0
2024-03-01 13:06:00,AVDL,12.989999771118164,12.989999771118164,12.989999771118164,12.979000091552734,12.979000091552734,1170.0
2024-03-01 13:06:00,AVIR,4.46999979019165,4.46999979019165,4.46999979019165,4.46999979019165,4.46999979019165,416.0
2024-03-01 13:06:00,AVXL,5.329999923706055,5.329999923706055,5.329999923706055,5.324999809265137,5.324999809265137,400.0
2024-03-01 13:06:00,AXSM,82.0999984741211,82.0999984741211,82.125,82.0999984741211,82.125,1135.0
2024-03-01 13:06:00,AZN,64.65499877929688,64.65499877929688,64.66000366210938,64.6500015258789,64.66000366210938,1612.0
2024-03-01 13:06:00,AZTA,67.21499633789062,67.21499633789062,67.21499633789062,67.16500091552734,67.16500091552734,2123.0
2024-03-01 13:06:00,BBIO,36.11000061035156,36.11000061035156,36.11000061035156,36.11000061035156,36.11000061035156,401.0
2024-03-01 13:06:00,BBLG,2.630000114440918,2.630000114440918,2.630000114440918,2.6205999851226807,2.6205999851226807,1441.0
2024-03-01 13:06:00,BCAB,2.755000114440918,2.755000114440918,2.755000114440918,2.755000114440918,2.755000114440918,264.0
2024-03-01 13:06:00,BCDA,0.5605000257492065,0.5605000257492065,0.5605000257492065,0.5605000257492065,0.5605000257492065,203.0
2024-03-01 13:06:00,BCLI,0.3560999929904938,0.3560999929904938,0.3560999929904938,0.3560999929904938,0.3560999929904938,904.0
2024-03-01 13:06:00,BCRX,5.755000114440918,5.755000114440918,5.755000114440918,5.755000114440918,5.755000114440918,263.0
2024-03-01 13:06:00,BDTX,4.994999885559082,4.994999885559082,4.994999885559082,4.994999885559082,4.994999885559082,131.0
2024-03-01 13:06:00,BEAM,40.09000015258789,40.09000015258789,40.099998474121094,40.060001373291016,40.060001373291016,1577.0
2024-03-01 13:06:00,BIOL,0.1388999968767166,0.1388999968767166,0.1388999968767166,0.1388999968767166,0.1388999968767166,10100.0
2024-03-01 13:06:00,BIVI,1.8401000499725342,1.8401000499725342,1.850000023841858,1.8401000499725342,1.8480000495910645,4440.0
2024-03-01 13:06:00,BLFS,18.219999313354492,18.219999313354492,18.219999313354492,18.219999313354492,18.219999313354492,391.0
2024-03-01 13:06:00,BLRX,1.399899959564209,1.399899959564209,1.399899959564209,1.399899959564209,1.399899959564209,1759.0
2024-03-01 13:06:00,BLUE,1.5950000286102295,1.5950000286102295,1.600000023841858,1.590000033378601,1.597499966621399,1728.0
2024-03-01 13:06:00,BMRA,1.190000057220459,1.190000057220459,1.190000057220459,1.190000057220459,1.190000057220459,219.0
2024-03-01 13:06:00,BNGO,1.2549999952316284,1.2549999952316284,1.257599949836731,1.2549999952316284,1.257599949836731,1430.0
2024-03-01 13:06:00,BNTX,91.62000274658203,91.62000274658203,91.6500015258789,91.62000274658203,91.6500015258789,1128.0
2024-03-01 13:06:00,BPMC,97.16000366210938,97.16000366210938,97.16000366210938,97.16000366210938,97.16000366210938,129.0
2024-03-01 13:06:00,BRKR,88.37000274658203,88.37000274658203,88.37000274658203,88.37000274658203,88.37000274658203,518.0
2024-03-01 13:06:00,BRTX,1.5099999904632568,1.5099999904632568,1.5099999904632568,1.5099999904632568,1.5099999904632568,400.0
2024-03-01 13:06:00,BSGM,0.6310999989509583,0.6310999989509583,0.6432999968528748,0.6310999989509583,0.6432999968528748,430.0
2024-03-01 13:06:00,BTAI,3.200000047683716,3.200000047683716,3.20989990234375,3.200000047683716,3.20989990234375,320.0
2024-03-01 13:06:00,BVS,4.75,4.75,4.75,4.739999771118164,4.739999771118164,218.0
2024-03-01 13:06:00,BWAY,6.514999866485596,6.514999866485596,6.514999866485596,6.514999866485596,6.514999866485596,100.0
2024-03-01 13:06:00,CABA,24.059999465942383,24.059999465942383,24.065000534057617,24.049999237060547,24.049999237060547,1357.0
2024-03-01 13:06:00,CAPR,4.579999923706055,4.579999923706055,4.579999923706055,4.579999923706055,4.579999923706055,435.0
2024-03-01 13:06:00,CARA,0.9350000023841858,0.9350000023841858,0.9383999705314636,0.930649995803833,0.930649995803833,1396.0
2024-03-01 13:06:00,CBAY,32.2400016784668,32.2400016784668,32.2400016784668,32.23500061035156,32.2400016784668,2177.0
2024-03-01 13:06:00,CCCC,10.954999923706055,10.954999923706055,10.954999923706055,10.949999809265137,10.949999809265137,1487.0
2024-03-01 13:06:00,CDMO,8.09000015258789,8.09000015258789,8.09000015258789,8.079999923706055,8.079999923706055,221.0
2024-03-01 13:06:00,CDNA,12.359999656677246,12.359999656677246,12.380000114440918,12.359999656677246,12.380000114440918,3829.0
2024-03-01 13:06:00,CDXC,1.649999976158142,1.649999976158142,1.649999976158142,1.649999976158142,1.649999976158142,131.0
2024-03-01 13:06:00,CDXS,4.510000228881836,4.510000228881836,4.53000020980835,4.510000228881836,4.53000020980835,907.0
2024-03-01 13:06:00,CELC,16.139999389648438,16.139999389648438,16.139999389648438,16.139999389648438,16.139999389648438,150.0
2024-03-01 13:06:00,CERE,41.10499954223633,41.10499954223633,41.11000061035156,41.092498779296875,41.099998474121094,4335.0
2024-03-01 13:06:00,CERT,17.899999618530273,17.899999618530273,17.899999618530273,17.899999618530273,17.899999618530273,346.0
2024-03-01 13:06:00,CGC,3.259999990463257,3.259999990463257,3.265000104904175,3.259999990463257,3.259999990463257,4913.0
2024-03-01 13:06:00,CGEN,2.690000057220459,2.690000057220459,2.690000057220459,2.680000066757202,2.680000066757202,789.0
2024-03-01 13:06:00,CHRS,2.4100000858306885,2.4100000858306885,2.4149999618530273,2.4100000858306885,2.4100000858306885,3712.0
2024-03-01 13:06:00,CING,1.3502999544143677,1.3502999544143677,1.3502999544143677,1.3502999544143677,1.3502999544143677,2891.0
2024-03-01 13:06:00,CLDX,51.0099983215332,51.0099983215332,51.06999969482422,50.98500061035156,50.98500061035156,8519.0
2024-03-01 13:06:00,CLOV,0.8644000291824341,0.8644000291824341,0.8644000291824341,0.864300012588501,0.864300012588501,12376.0
2024-03-01 13:06:00,CMPS,11.460000038146973,11.460000038146973,11.489999771118164,11.40999984741211,11.40999984741211,1256.0
2024-03-01 13:06:00,CMRX,1.1799999475479126,1.1799999475479126,1.1799999475479126,1.1799999475479126,1.1799999475479126,309.0
2024-03-01 13:06:00,COGT,7.179999828338623,7.179999828338623,7.179999828338623,7.179999828338623,7.179999828338623,2157.0
2024-03-01 13:06:00,CORT,24.239999771118164,24.239999771118164,24.239999771118164,24.239999771118164,24.239999771118164,967.0
2024-03-01 13:06:00,CPRX,17.139999389648438,17.139999389648438,17.145000457763672,17.139999389648438,17.145000457763672,461.0
2024-03-01 13:06:00,CRBU,7.960000038146973,7.960000038146973,7.96999979019165,7.960000038146973,7.96999979019165,340.0
2024-03-01 13:06:00,CRDF,2.3499999046325684,2.3499999046325684,2.359999895095825,2.3499999046325684,2.3550000190734863,3116.0
2024-03-01 13:06:00,CRNX,46.689998626708984,46.689998626708984,46.810001373291016,46.689998626708984,46.790000915527344,3610.0
2024-03-01 13:06:00,CRSP,86.08000183105469,86.08000183105469,86.08000183105469,86.08000183105469,86.08000183105469,584.0
2024-03-01 13:06:00,CSTL,20.299999237060547,20.299999237060547,20.299999237060547,20.299999237060547,20.299999237060547,185.0
2024-03-01 13:06:00,CTMX,2.7200000286102295,2.7200000286102295,2.7200000286102295,2.7149999141693115,2.7200000286102295,702.0
2024-03-01 13:06:00,CUTR,2.4000000953674316,2.4000000953674316,2.4200000762939453,2.390000104904175,2.4200000762939453,11011.0
2024-03-01 13:06:00,CYTK,73.20999908447266,73.20999908447266,73.20999908447266,73.16999816894531,73.16999816894531,832.0
2024-03-01 13:06:00,CYTO,2.369999885559082,2.369999885559082,2.390000104904175,2.3671998977661133,2.367500066757202,730.0
2024-03-01 13:06:00,DARE,0.5649999976158142,0.5649999976158142,0.5649999976158142,0.5600000023841858,0.5600000023841858,4382.0
2024-03-01 13:06:00,DAWN,17.424999237060547,17.424999237060547,17.43000030517578,17.424999237060547,17.43000030517578,423.0
2024-03-01 13:06:00,DCGO,4.159999847412109,4.159999847412109,4.159999847412109,4.159999847412109,4.159999847412109,231.0
2024-03-01 13:06:00,DCPH,17.469999313354492,17.469999313354492,17.486000061035156,17.415000915527344,17.415000915527344,6542.0
2024-03-01 13:06:00,DERM,4.0,4.0,4.065000057220459,4.0,4.065000057220459,4449.0
2024-03-01 13:06:00,DH,8.8100004196167,8.8100004196167,8.819999694824219,8.8100004196167,8.819999694824219,288.0
2024-03-01 13:06:00,DMTK,0.8600000143051147,0.8600000143051147,0.8600000143051147,0.8600000143051147,0.8600000143051147,110.0
2024-03-01 13:06:00,DNLI,20.815000534057617,20.815000534057617,20.815000534057617,20.815000534057617,20.815000534057617,352.0
2024-03-01 13:06:00,DTIL,12.494999885559082,12.494999885559082,12.5,12.40999984741211,12.40999984741211,9438.0
2024-03-01 13:06:00,DVAX,12.895000457763672,12.895000457763672,12.899999618530273,12.895000457763672,12.899999618530273,2787.0
2024-03-01 13:06:00,DXCM,121.9000015258789,121.9000015258789,121.91999816894531,121.87000274658203,121.88999938964844,5424.0
2024-03-01 13:06:00,DYN,28.760000228881836,28.760000228881836,28.760000228881836,28.7450008392334,28.7450008392334,1230.0
2024-03-01 13:06:00,EDIT,10.875,10.875,10.890000343322754,10.875,10.889699935913086,8258.0
2024-03-01 13:06:00,EKSO,2.0099000930786133,2.0099000930786133,2.0099000930786133,2.0099000930786133,2.0099000930786133,136.0
2024-03-01 13:06:00,ELEV,5.0,5.0,5.019999980926514,5.0,5.0,502.0
2024-03-01 13:06:00,ENSG,122.58000183105469,122.58000183105469,122.65010070800781,122.58000183105469,122.65010070800781,2956.0
2024-03-01 13:06:00,ENVB,1.5,1.5,1.5,1.4839999675750732,1.4839999675750732,8481.0
2024-03-01 13:06:00,EOLS,14.8100004196167,14.8100004196167,14.810700416564941,14.8100004196167,14.810700416564941,701.0
2024-03-01 13:06:00,ERAS,2.505000114440918,2.505000114440918,2.505000114440918,2.505000114440918,2.505000114440918,325.0
2024-03-01 13:06:00,ESPR,2.5250000953674316,2.5250000953674316,2.5250000953674316,2.5199999809265137,2.5199999809265137,1041.0
2024-03-01 13:06:00,ETNB,13.289999961853027,13.289999961853027,13.289999961853027,13.279999732971191,13.280099868774414,1834.0
2024-03-01 13:06:00,EWTX,17.040000915527344,17.040000915527344,17.0664005279541,17.040000915527344,17.0664005279541,1158.0
2024-03-01 13:06:00,EXAS,60.505001068115234,60.505001068115234,60.540000915527344,60.505001068115234,60.53010177612305,2551.0
2024-03-01 13:06:00,EXEL,22.545000076293945,22.545000076293945,22.545000076293945,22.540000915527344,22.540000915527344,399.0
2024-03-01 13:06:00,EYEN,2.469899892807007,2.469899892807007,2.469899892807007,2.4549999237060547,2.4549999237060547,471.0
2024-03-01 13:06:00,EYPT,28.0,28.0,28.020000457763672,28.0,28.010000228881836,3277.0
2024-03-01 13:06:00,FATE,7.639999866485596,7.639999866485596,7.650000095367432,7.635000228881836,7.639999866485596,5314.0
2024-03-01 13:06:00,FBIO,2.3092000484466553,2.3092000484466553,2.3092000484466553,2.3092000484466553,2.3092000484466553,922.0
2024-03-01 13:06:00,FDMT,29.260000228881836,29.260000228881836,29.260000228881836,29.260000228881836,29.260000228881836,532.0
2024-03-01 13:06:00,FEMY,1.7000000476837158,1.7000000476837158,1.7000000476837158,1.7000000476837158,1.7000000476837158,1230.0
2024-03-01 13:06:00,FENC,9.760000228881836,9.760000228881836,9.760000228881836,9.760000228881836,9.760000228881836,307.0
2024-03-01 13:06:00,FGEN,1.8700000047683716,1.8700000047683716,1.8700000047683716,1.8700000047683716,1.8700000047683716,931.0
2024-03-01 13:06:00,FOLD,13.359999656677246,13.359999656677246,13.359999656677246,13.354999542236328,13.359999656677246,1461.0
2024-03-01 13:06:00,FUSN,12.375,12.375,12.380000114440918,12.359299659729004,12.359299659729004,1077.0
2024-03-01 13:06:00,GALT,1.9600000381469727,1.9600000381469727,1.9600000381469727,1.9600000381469727,1.9600000381469727,306.0
2024-03-01 13:06:00,GCTK,0.31200000643730164,0.31200000643730164,0.31279999017715454,0.31200000643730164,0.31279999017715454,523.0
2024-03-01 13:06:00,GDRX,8.239899635314941,8.239899635314941,8.240900039672852,8.229999542236328,8.240900039672852,1607.0
2024-03-01 13:06:00,GERN,2.2219998836517334,2.2219998836517334,2.2300000190734863,2.2219998836517334,2.2300000190734863,22919.0
2024-03-01 13:06:00,GH,19.149999618530273,19.149999618530273,19.15999984741211,19.149999618530273,19.15999984741211,1212.0
2024-03-01 13:06:00,GILD,72.17970275878906,72.17970275878906,72.2300033569336,72.17970275878906,72.2300033569336,4633.0
2024-03-01 13:06:00,GMAB,29.329999923706055,29.329999923706055,29.329999923706055,29.329999923706055,29.329999923706055,472.0
2024-03-01 13:06:00,GOSS,1.399999976158142,1.399999976158142,1.399999976158142,1.399999976158142,1.399999976158142,1199.0
2024-03-01 13:06:00,GRFS,7.090000152587891,7.090000152587891,7.090000152587891,7.090000152587891,7.090000152587891,114.0
2024-03-01 13:06:00,GRPH,3.494999885559082,3.494999885559082,3.494999885559082,3.494999885559082,3.494999885559082,164.0
2024-03-01 13:06:00,GRTS,2.174999952316284,2.174999952316284,2.180000066757202,2.174999952316284,2.180000066757202,2129.0
2024-03-01 13:06:00,GTHX,3.744999885559082,3.744999885559082,3.759999990463257,3.744999885559082,3.755000114440918,6783.0
2024-03-01 13:06:00,HALO,41.470001220703125,41.470001220703125,41.470001220703125,41.470001220703125,41.470001220703125,371.0
2024-03-01 13:06:00,HARP,22.940000534057617,22.940000534057617,22.940000534057617,22.940000534057617,22.940000534057617,247.0
2024-03-01 13:06:00,HCAT,8.045000076293945,8.045000076293945,8.045000076293945,8.045000076293945,8.045000076293945,123.0
2024-03-01 13:06:00,HCSG,12.630000114440918,12.630000114440918,12.630000114440918,12.630000114440918,12.630000114440918,1001.0
2024-03-01 13:06:00,HCTI,2.4800000190734863,2.4800000190734863,2.5299999713897705,2.4800000190734863,2.5299999713897705,2020.0
2024-03-01 13:06:00,HLVX,19.260000228881836,19.260000228881836,19.264999389648438,19.260000228881836,19.264999389648438,490.0
2024-03-01 13:06:00,HOLX,74.04000091552734,74.04000091552734,74.04000091552734,74.04000091552734,74.04000091552734,164.0
2024-03-01 13:06:00,HPCO,0.2590000033378601,0.2590000033378601,0.2590000033378601,0.25600001215934753,0.25600001215934753,700.0
2024-03-01 13:06:00,HRMY,31.440000534057617,31.440000534057617,31.440000534057617,31.440000534057617,31.440000534057617,829.0
2024-03-01 13:06:00,HROW,10.84000015258789,10.84000015258789,10.84000015258789,10.810099601745605,10.810099601745605,3136.0
2024-03-01 13:06:00,HRTX,2.5899999141693115,2.5899999141693115,2.599900007247925,2.5899999141693115,2.599900007247925,730.0
2024-03-01 13:06:00,HSIC,76.81500244140625,76.81500244140625,76.83499908447266,76.79000091552734,76.83499908447266,2031.0
2024-03-01 13:06:00,HSTM,27.333900451660156,27.333900451660156,27.360000610351562,27.333900451660156,27.360000610351562,1158.0
2024-03-01 13:06:00,HUGE,0.8977000117301941,0.8977000117301941,0.8977000117301941,0.8977000117301941,0.8977000117301941,254.0
2024-03-01 13:06:00,HUMA,3.4649999141693115,3.4649999141693115,3.4649999141693115,3.460700035095215,3.4649999141693115,3282.0
2024-03-01 13:06:00,IART,36.540000915527344,36.540000915527344,36.58000183105469,36.5,36.560001373291016,2810.0
2024-03-01 13:06:00,IBRX,4.768499851226807,4.768499851226807,4.775000095367432,4.760000228881836,4.760000228881836,3631.0
2024-03-01 13:06:00,ICAD,1.8901000022888184,1.8901000022888184,1.8901000022888184,1.8899999856948853,1.8899999856948853,1216.0
2024-03-01 13:06:00,ICCC,5.300000190734863,5.300000190734863,5.300000190734863,5.300000190734863,5.300000190734863,332.0
2024-03-01 13:06:00,IDXX,583.25,583.25,583.25,583.22998046875,583.22998046875,1363.0
2024-03-01 13:06:00,IINN,1.6799999475479126,1.6799999475479126,1.687999963760376,1.6799999475479126,1.687999963760376,1640.0
2024-03-01 13:06:00,IKT,2.178999900817871,2.178999900817871,2.178999900817871,2.178999900817871,2.178999900817871,194.0
2024-03-01 13:06:00,ILMN,142.27999877929688,142.27999877929688,142.27999877929688,142.25999450683594,142.25999450683594,610.0
2024-03-01 13:06:00,IMMX,3.555000066757202,3.555000066757202,3.555000066757202,3.555000066757202,3.555000066757202,200.0
2024-03-01 13:06:00,IMVT,36.22999954223633,36.22999954223633,36.290000915527344,36.22999954223633,36.290000915527344,2341.0
2024-03-01 13:06:00,INCY,59.31999969482422,59.31999969482422,59.31999969482422,59.310001373291016,59.310001373291016,1154.0
2024-03-01 13:06:00,INM,0.40450000762939453,0.40450000762939453,0.40450000762939453,0.40450000762939453,0.40450000762939453,1869.0
2024-03-01 13:06:00,INMB,12.390000343322754,12.390000343322754,12.420000076293945,12.270000457763672,12.40999984741211,3211.0
2024-03-01 13:06:00,INMD,22.8700008392334,22.8700008392334,22.8700008392334,22.8700008392334,22.8700008392334,833.0
2024-03-01 13:06:00,INNV,4.849999904632568,4.849999904632568,4.889999866485596,4.849999904632568,4.869999885559082,1008.0
2024-03-01 13:06:00,INO,9.369999885559082,9.369999885559082,9.369999885559082,9.319999694824219,9.319999694824219,2996.0
2024-03-01 13:06:00,INSM,28.489999771118164,28.489999771118164,28.524999618530273,28.489999771118164,28.524999618530273,2007.0
2024-03-01 13:06:00,INVA,15.704999923706055,15.704999923706055,15.704999923706055,15.680000305175781,15.680000305175781,2222.0
2024-03-01 13:06:00,IOBT,1.8499000072479248,1.8499000072479248,1.8499000072479248,1.8499000072479248,1.8499000072479248,500.0
2024-03-01 13:06:00,IONM,0.34940001368522644,0.34940001368522644,0.34940001368522644,0.335099995136261,0.3422999978065491,1319.0
2024-03-01 13:06:00,IONS,45.93000030517578,45.93000030517578,45.939998626708984,45.93000030517578,45.939998626708984,377.0
2024-03-01 13:06:00,IOVA,16.94499969482422,16.94499969482422,16.959999084472656,16.940000534057617,16.95009994506836,16742.0
2024-03-01 13:06:00,IRWD,9.100000381469727,9.100000381469727,9.109999656677246,9.09000015258789,9.109999656677246,18125.0
2024-03-01 13:06:00,ISRG,395.875,395.875,395.8900146484375,395.875,395.8900146484375,1003.0
2024-03-01 13:06:00,ITCI,71.4000015258789,71.4000015258789,71.4000015258789,71.37000274658203,71.4000015258789,1900.0
2024-03-01 13:06:00,IXHL,5.539999961853027,5.539999961853027,5.562399864196777,5.539999961853027,5.562399864196777,1147.0
2024-03-01 13:06:00,JAGX,0.0746999979019165,0.0746999979019165,0.0746999979019165,0.07440000027418137,0.07440000027418137,247507.0
2024-03-01 13:06:00,JANX,46.439998626708984,46.439998626708984,46.54499816894531,46.439998626708984,46.54499816894531,446.0
2024-03-01 13:06:00,JAZZ,118.8499984741211,118.8499984741211,118.87000274658203,118.8499984741211,118.86000061035156,1289.0
2024-03-01 13:06:00,JYNT,10.010000228881836,10.010000228881836,10.010000228881836,9.954999923706055,9.954999923706055,2886.0
2024-03-01 13:06:00,KALV,14.179499626159668,14.179499626159668,14.179499626159668,14.179499626159668,14.179499626159668,269.0
2024-03-01 13:06:00,KNSA,21.760000228881836,21.760000228881836,21.760000228881836,21.720500946044922,21.720500946044922,2582.0
2024-03-01 13:06:00,KOD,6.099999904632568,6.099999904632568,6.099999904632568,6.099999904632568,6.099999904632568,2023.0
2024-03-01 13:06:00,KPRX,0.6378999948501587,0.6378999948501587,0.6399999856948853,0.6341999769210815,0.6341999769210815,2811.0
2024-03-01 13:06:00,KPTI,1.2100000381469727,1.2100000381469727,1.215000033378601,1.2100000381469727,1.215000033378601,6760.0
2024-03-01 13:06:00,KRON,1.024999976158142,1.024999976158142,1.0299999713897705,1.024999976158142,1.0299999713897705,11366.0
2024-03-01 13:06:00,KROS,69.88999938964844,69.88999938964844,69.88999938964844,69.88999938964844,69.88999938964844,201.0
2024-03-01 13:06:00,KTRA,0.09839800000190735,0.09839800000190735,0.09839999675750732,0.09839800000190735,0.09839999675750732,10001.0
2024-03-01 13:06:00,KURA,21.190000534057617,21.190000534057617,21.190000534057617,21.165000915527344,21.165000915527344,1747.0
2024-03-01 13:06:00,KYMR,44.13999938964844,44.13999938964844,44.13999938964844,44.119998931884766,44.125,431.0
2024-03-01 13:06:00,KZR,1.0750000476837158,1.0750000476837158,1.090000033378601,1.0750000476837158,1.090000033378601,200.0
2024-03-01 13:06:00,LAB,2.509999990463257,2.509999990463257,2.5399999618530273,2.509999990463257,2.5399999618530273,27792.0
2024-03-01 13:06:00,LEXX,2.819999933242798,2.819999933242798,2.819999933242798,2.819999933242798,2.819999933242798,111.0
2024-03-01 13:06:00,LFMD,8.0,8.0,8.0,8.0,8.0,200.0
2024-03-01 13:06:00,LFST,7.800000190734863,7.800000190734863,7.800000190734863,7.800000190734863,7.800000190734863,576.0
2024-03-01 13:06:00,LMAT,67.83999633789062,67.83999633789062,67.83999633789062,67.83999633789062,67.83999633789062,336.0
2024-03-01 13:06:00,LNTH,65.5,65.5,65.5,65.4749984741211,65.4749984741211,536.0
2024-03-01 13:06:00,LUNG,9.40999984741211,9.40999984741211,9.40999984741211,9.390000343322754,9.390000343322754,214.0
2024-03-01 13:06:00,LVTX,3.0,3.0,3.000200033187866,2.994999885559082,3.000200033187866,5171.0
2024-03-01 13:06:00,LXRX,2.5199999809265137,2.5199999809265137,2.5199999809265137,2.5199999809265137,2.5199999809265137,271.0
2024-03-01 13:06:00,LYRA,5.710000038146973,5.710000038146973,5.739999771118164,5.704999923706055,5.710000038146973,3218.0
2024-03-01 13:06:00,MACK,14.710000038146973,14.710000038146973,14.710000038146973,14.710000038146973,14.710000038146973,296.0
2024-03-01 13:06:00,MCRB,1.2050000429153442,1.2050000429153442,1.2099000215530396,1.2000000476837158,1.2099000215530396,8094.0
2024-03-01 13:06:00,MDGL,250.36000061035156,250.36000061035156,252.1999969482422,250.36000061035156,252.1999969482422,2295.0
2024-03-01 13:06:00,MDRX,6.050000190734863,6.050000190734863,6.149899959564209,6.050000190734863,6.050000190734863,204516.0
2024-03-01 13:06:00,MDXG,8.670000076293945,8.670000076293945,8.680000305175781,8.670000076293945,8.680000305175781,1536.0
2024-03-01 13:06:00,ME,0.5726000070571899,0.5726000070571899,0.5726000070571899,0.570900022983551,0.570900022983551,8821.0
2024-03-01 13:06:00,MEDP,402.1449890136719,402.1449890136719,402.30999755859375,401.67999267578125,401.7900085449219,3180.0
2024-03-01 13:06:00,MGNX,19.059999465942383,19.059999465942383,19.059999465942383,19.0492000579834,19.049999237060547,970.0
2024-03-01 13:06:00,MLTX,51.61000061035156,51.61000061035156,51.61000061035156,51.61000061035156,51.61000061035156,218.0
2024-03-01 13:06:00,MMSI,76.63500213623047,76.63500213623047,76.63500213623047,76.56999969482422,76.58000183105469,698.0
2024-03-01 13:06:00,MNKD,4.510000228881836,4.510000228881836,4.519999980926514,4.510000228881836,4.514999866485596,6902.0
2024-03-01 13:06:00,MNMD,6.119999885559082,6.119999885559082,6.119999885559082,6.114999771118164,6.118800163269043,746.0
2024-03-01 13:06:00,MNPR,0.8399999737739563,0.8399999737739563,0.8399999737739563,0.8399999737739563,0.8399999737739563,986.0
2024-03-01 13:06:00,MODD,1.9199999570846558,1.9199999570846558,1.9199999570846558,1.9199999570846558,1.9199999570846558,2800.0
2024-03-01 13:06:00,MODV,28.024599075317383,28.024599075317383,28.024599075317383,28.024599075317383,28.024599075317383,121.0
2024-03-01 13:06:00,MORF,39.599998474121094,39.599998474121094,39.630001068115234,39.599998474121094,39.599998474121094,533.0
2024-03-01 13:06:00,MREO,3.9398999214172363,3.9398999214172363,3.9398999214172363,3.930000066757202,3.930000066757202,1310.0
2024-03-01 13:06:00,MRNA,96.3499984741211,96.3499984741211,96.47989654541016,96.3499984741211,96.44999694824219,7107.0
2024-03-01 13:06:00,MRNS,10.300000190734863,10.300000190734863,10.300000190734863,10.210000038146973,10.210000038146973,6702.0
2024-03-01 13:06:00,MRSN,5.900000095367432,5.900000095367432,5.90500020980835,5.889999866485596,5.900000095367432,5281.0
2024-03-01 13:06:00,MRUS,51.810001373291016,51.810001373291016,51.810001373291016,51.77000045776367,51.790000915527344,2240.0
2024-03-01 13:06:00,MRVI,7.769999980926514,7.769999980926514,7.769999980926514,7.769999980926514,7.769999980926514,454.0
2024-03-01 13:06:00,MYGN,21.719999313354492,21.719999313354492,21.719999313354492,21.719999313354492,21.719999313354492,201.0
2024-03-01 13:06:00,NARI,45.02000045776367,45.02000045776367,45.06999969482422,45.0,45.06999969482422,5858.0
2024-03-01 13:06:00,NBIX,131.3350067138672,131.3350067138672,131.3699951171875,131.30999755859375,131.30999755859375,2913.0
2024-03-01 13:06:00,NEO,16.1200008392334,16.1200008392334,16.1200008392334,16.1200008392334,16.1200008392334,441.0
2024-03-01 13:06:00,NEOG,17.344999313354492,17.344999313354492,17.3700008392334,17.34000015258789,17.3700008392334,3888.0
2024-03-01 13:06:00,NEPT,0.45009899139404297,0.45009899139404297,0.45500001311302185,0.45009899139404297,0.45500001311302185,10100.0
2024-03-01 13:06:00,NEXI,6.460000038146973,6.460000038146973,6.5,6.460000038146973,6.5,780.0
2024-03-01 13:06:00,NKTR,0.7914999723434448,0.7914999723434448,0.7914999723434448,0.7900000214576721,0.7900000214576721,4125.0
2024-03-01 13:06:00,NKTX,12.719900131225586,12.719900131225586,12.719900131225586,12.719900131225586,12.719900131225586,232.0
2024-03-01 13:06:00,NNOX,11.074999809265137,11.074999809265137,11.100000381469727,11.074999809265137,11.100000381469727,1476.0
2024-03-01 13:06:00,NOTV,8.114999771118164,8.114999771118164,8.114999771118164,8.100299835205078,8.114999771118164,403.0
2024-03-01 13:06:00,NRBO,5.896200180053711,5.896200180053711,5.896200180053711,5.896200180053711,5.896200180053711,294.0
2024-03-01 13:06:00,NRIX,13.659899711608887,13.659899711608887,13.659899711608887,13.659899711608887,13.659899711608887,5000.0
2024-03-01 13:06:00,NRSN,2.069999933242798,2.069999933242798,2.069999933242798,2.069999933242798,2.069999933242798,1509.0
2024-03-01 13:06:00,NRXP,0.4187000095844269,0.4187000095844269,0.41990000009536743,0.4187000095844269,0.41990000009536743,2792.0
2024-03-01 13:06:00,NTLA,33.369998931884766,33.369998931884766,33.40999984741211,33.369998931884766,33.40999984741211,1915.0
2024-03-01 13:06:00,NTRA,89.55999755859375,89.55999755859375,89.58999633789062,89.47000122070312,89.58999633789062,3313.0
2024-03-01 13:06:00,NUTX,0.11330000311136246,0.11330000311136246,0.11330000311136246,0.11330000311136246,0.11330000311136246,148.0
2024-03-01 13:06:00,NUVL,88.87000274658203,88.87000274658203,88.88999938964844,88.87000274658203,88.88999938964844,1357.0
2024-03-01 13:06:00,NUWE,0.5799999833106995,0.5799999833106995,0.5799999833106995,0.5799999833106995,0.5799999833106995,778.0
2024-03-01 13:06:00,NVAX,5.159999847412109,5.159999847412109,5.164999961853027,5.150000095367432,5.156199932098389,26072.0
2024-03-01 13:06:00,NVCT,10.675000190734863,10.675000190734863,10.675000190734863,10.628899574279785,10.628899574279785,896.0
2024-03-01 13:06:00,NXTC,1.7699999809265137,1.7699999809265137,1.7699999809265137,1.7699999809265137,1.7699999809265137,317.0
2024-03-01 13:06:00,OCGN,0.9434999823570251,0.9434999823570251,0.9434999823570251,0.9434999823570251,0.9434999823570251,1472.0
2024-03-01 13:06:00,OCUL,10.84000015258789,10.84000015258789,10.84000015258789,10.819999694824219,10.84000015258789,3270.0
2024-03-01 13:06:00,OGI,2.2049999237060547,2.2049999237060547,2.2049999237060547,2.2049999237060547,2.2049999237060547,1029.0
2024-03-01 13:06:00,OLMA,14.630000114440918,14.630000114440918,14.739999771118164,14.630000114440918,14.739999771118164,3093.0
2024-03-01 13:06:00,OM,3.140000104904175,3.140000104904175,3.140000104904175,3.140000104904175,3.140000104904175,100.0
2024-03-01 13:06:00,OMCL,26.46500015258789,26.46500015258789,26.46500015258789,26.46500015258789,26.46500015258789,228.0
2024-03-01 13:06:00,OMER,4.78000020980835,4.78000020980835,4.78000020980835,4.775000095367432,4.78000020980835,1047.0
2024-03-01 13:06:00,OMGA,4.21999979019165,4.21999979019165,4.21999979019165,4.21999979019165,4.21999979019165,211.0
2024-03-01 13:07:00,ABCL,5.255000114440918,5.255000114440918,5.255000114440918,5.255000114440918,5.255000114440918,342.0
2024-03-01 13:07:00,ABSI,5.355000019073486,5.355000019073486,5.355000019073486,5.320000171661377,5.324999809265137,25179.0
2024-03-01 13:07:00,ABVC,1.1699999570846558,1.1699999570846558,1.184999942779541,1.1699999570846558,1.184999942779541,600.0
2024-03-01 13:07:00,ACAD,24.399999618530273,24.399999618530273,24.440000534057617,24.399999618530273,24.440000534057617,3802.0
2024-03-01 13:07:00,ACB,3.2049999237060547,3.2049999237060547,3.2049999237060547,3.200000047683716,3.2007999420166016,1252.0
2024-03-01 13:07:00,ACCD,10.1899995803833,10.1899995803833,10.1899995803833,10.1899995803833,10.1899995803833,449.0
2024-03-01 13:07:00,ACET,2.3949999809265137,2.3949999809265137,2.3970000743865967,2.390000104904175,2.390000104904175,1531.0
2024-03-01 13:07:00,ACHC,84.4800033569336,84.4800033569336,84.4800033569336,84.4800033569336,84.4800033569336,248.0
2024-03-01 13:07:00,ACLX,67.16999816894531,67.16999816894531,67.16999816894531,66.91000366210938,66.91000366210938,2398.0
2024-03-01 13:07:00,ACRS,1.2300000190734863,1.2300000190734863,1.2400000095367432,1.2300000190734863,1.2300000190734863,620.0
2024-03-01 13:07:00,ADIL,3.059999942779541,3.059999942779541,3.0799999237060547,3.049999952316284,3.059999942779541,23362.0
2024-03-01 13:07:00,ADMA,5.505000114440918,5.505000114440918,5.510000228881836,5.505000114440918,5.510000228881836,367.0
2024-03-01 13:07:00,ADPT,4.210000038146973,4.210000038146973,4.210000038146973,4.204999923706055,4.204999923706055,395.0
2024-03-01 13:07:00,ADVM,1.9800000190734863,1.9800000190734863,1.9800000190734863,1.9700000286102295,1.9700000286102295,4857.0
2024-03-01 13:07:00,AFMD,0.6301000118255615,0.6301000118255615,0.6388999819755554,0.6301000118255615,0.6388999819755554,2100.0
2024-03-01 13:07:00,AGEN,0.6788750290870667,0.6788750290870667,0.6790000200271606,0.6786999702453613,0.6786999702453613,15899.0
2024-03-01 13:07:00,AHCO,10.5600004196167,10.5600004196167,10.579999923706055,10.5600004196167,10.579999923706055,2086.0
2024-03-01 13:07:00,AIRS,6.489999771118164,6.489999771118164,6.5,6.480000019073486,6.5,333.0
2024-03-01 13:07:00,AKAN,0.21490000188350677,0.21490000188350677,0.2224999964237213,0.21490000188350677,0.2151000052690506,9481.0
2024-03-01 13:07:00,AKBA,1.690000057220459,1.690000057220459,1.690000057220459,1.690000057220459,1.690000057220459,795.0
2024-03-01 13:07:00,AKRO,29.834999084472656,29.834999084472656,29.834999084472656,29.799999237060547,29.799999237060547,1505.0
2024-03-01 13:07:00,AKYA,6.019999980926514,6.019999980926514,6.019999980926514,6.010000228881836,6.019999980926514,2092.0
2024-03-01 13:07:00,ALDX,4.260000228881836,4.260000228881836,4.260000228881836,4.244999885559082,4.25,14727.0
2024-03-01 13:07:00,ALEC,7.340000152587891,7.340000152587891,7.340000152587891,7.340000152587891,7.340000152587891,502.0
2024-03-01 13:07:00,ALGN,304.30499267578125,304.30499267578125,304.30999755859375,304.30499267578125,304.30999755859375,2113.0
2024-03-01 13:07:00,ALHC,5.710000038146973,5.710000038146973,5.710000038146973,5.704999923706055,5.704999923706055,1449.0
2024-03-01 13:07:00,ALKS,30.260000228881836,30.260000228881836,30.260000228881836,30.260000228881836,30.260000228881836,829.0
2024-03-01 13:07:00,ALLO,5.039999961853027,5.039999961853027,5.039999961853027,5.039999961853027,5.039999961853027,646.0
2024-03-01 13:07:00,ALNY,154.38499450683594,154.38499450683594,154.42999267578125,154.33999633789062,154.33999633789062,1131.0
2024-03-01 13:07:00,ALPN,35.88999938964844,35.88999938964844,35.90999984741211,35.86000061035156,35.880001068115234,4191.0
2024-03-01 13:07:00,ALT,12.000100135803223,12.000100135803223,12.020000457763672,12.0,12.010000228881836,9487.0
2024-03-01 13:07:00,ALVO,15.720000267028809,15.720000267028809,15.720000267028809,15.720000267028809,15.720000267028809,150.0
2024-03-01 13:07:00,ALVR,0.7555999755859375,0.7555999755859375,0.7555999755859375,0.7555999755859375,0.7555999755859375,400.0
2024-03-01 13:07:00,AMED,93.33999633789062,93.33999633789062,93.33999633789062,93.33999633789062,93.33999633789062,292.0
2024-03-01 13:07:00,AMGN,280.67999267578125,280.67999267578125,280.7850036621094,280.6499938964844,280.7850036621094,3872.0
2024-03-01 13:07:00,AMLX,18.81999969482422,18.81999969482422,18.81999969482422,18.809999465942383,18.81999969482422,810.0
2024-03-01 13:07:00,AMPH,45.38999938964844,45.38999938964844,45.38999938964844,45.38999938964844,45.38999938964844,332.0
2024-03-01 13:07:00,AMRN,1.0499999523162842,1.0499999523162842,1.0549999475479126,1.0499999523162842,1.0549999475479126,571.0
2024-03-01 13:07:00,ANNX,6.090000152587891,6.090000152587891,6.110000133514404,6.090000152587891,6.110000133514404,2360.0
2024-03-01 13:07:00,APLS,64.87999725341797,64.87999725341797,64.87999725341797,64.79000091552734,64.80000305175781,5213.0
2024-03-01 13:07:00,APLT,7.159900188446045,7.159900188446045,7.159900188446045,7.110000133514404,7.110000133514404,11670.0
2024-03-01 13:07:00,AQST,4.199999809265137,4.199999809265137,4.199999809265137,4.199900150299072,4.199900150299072,3221.0
2024-03-01 13:07:00,ARCT,39.95000076293945,39.95000076293945,39.95000076293945,39.95000076293945,39.95000076293945,673.0
2024-03-01 13:07:00,ARDX,9.524200439453125,9.524200439453125,9.529999732971191,9.479999542236328,9.510000228881836,40298.0
2024-03-01 13:07:00,ARQT,11.71500015258789,11.71500015258789,11.720000267028809,11.710000038146973,11.710000038146973,9405.0
2024-03-01 13:07:00,ARVN,48.7400016784668,48.7400016784668,48.81999969482422,48.70500183105469,48.81999969482422,1938.0
2024-03-01 13:07:00,ARWR,35.685001373291016,35.685001373291016,35.720001220703125,35.685001373291016,35.720001220703125,330.0
2024-03-01 13:07:00,ASMB,13.34000015258789,13.34000015258789,13.345000267028809,13.34000015258789,13.345000267028809,294.0
2024-03-01 13:07:00,ASRT,0.9225000143051147,0.9225000143051147,0.9294999837875366,0.9225000143051147,0.9294999837875366,600.0
2024-03-01 13:07:00,ATAI,2.140000104904175,2.140000104904175,2.1449999809265137,2.140000104904175,2.1401000022888184,1170.0
2024-03-01 13:07:00,ATEC,13.505000114440918,13.505000114440918,13.505000114440918,13.505000114440918,13.505000114440918,722.0
2024-03-01 13:07:00,ATHA,3.994999885559082,3.994999885559082,4.0,3.994999885559082,4.0,937.0
2024-03-01 13:07:00,ATRA,0.7972999811172485,0.7972999811172485,0.7972999811172485,0.7936999797821045,0.7936999797821045,2156.0
2024-03-01 13:07:00,ATXI,0.1535000056028366,0.1535000056028366,0.1535000056028366,0.1535000056028366,0.1535000056028366,124.0
2024-03-01 13:07:00,AUPH,5.860000133514404,5.860000133514404,5.860000133514404,5.855000019073486,5.855000019073486,326.0
2024-03-01 13:07:00,AURA,9.364999771118164,9.364999771118164,9.364999771118164,9.364999771118164,9.364999771118164,108.0
2024-03-01 13:07:00,AUTL,6.369999885559082,6.369999885559082,6.389999866485596,6.369999885559082,6.389999866485596,2499.0
2024-03-01 13:07:00,AVDL,13.0,13.0,13.0,12.981900215148926,12.981900215148926,5287.0
2024-03-01 13:07:00,AVRO,1.350000023841858,1.350000023841858,1.350000023841858,1.350000023841858,1.350000023841858,1000.0
2024-03-01 13:07:00,AVXL,5.329999923706055,5.329999923706055,5.329999923706055,5.324999809265137,5.324999809265137,591.0
2024-03-01 13:07:00,AXSM,82.11499786376953,82.11499786376953,82.11499786376953,82.11499786376953,82.11499786376953,427.0
2024-03-01 13:07:00,AZN,64.65499877929688,64.65499877929688,64.66000366210938,64.6500015258789,64.65499877929688,6792.0
2024-03-01 13:07:00,AZTA,67.21499633789062,67.21499633789062,67.21499633789062,67.18000030517578,67.18000030517578,2265.0
2024-03-01 13:07:00,BACK,1.3700000047683716,1.3700000047683716,1.3700000047683716,1.3700000047683716,1.3700000047683716,583.0
2024-03-01 13:07:00,BBIO,36.060001373291016,36.060001373291016,36.08000183105469,36.060001373291016,36.06999969482422,1691.0
2024-03-01 13:07:00,BCAB,2.755000114440918,2.755000114440918,2.755000114440918,2.755000114440918,2.755000114440918,110.0
2024-03-01 13:07:00,BCRX,5.755000114440918,5.755000114440918,5.760000228881836,5.755000114440918,5.755000114440918,846.0
2024-03-01 13:07:00,BCYC,26.1200008392334,26.1200008392334,26.1200008392334,26.1200008392334,26.1200008392334,302.0
2024-03-01 13:07:00,BEAM,40.09000015258789,40.09000015258789,40.09000015258789,40.09000015258789,40.09000015258789,526.0
2024-03-01 13:07:00,BIMI,3.740000009536743,3.740000009536743,3.740000009536743,3.740000009536743,3.740000009536743,1064.0
2024-03-01 13:07:00,BIOL,0.13809999823570251,0.13809999823570251,0.13809999823570251,0.13809999823570251,0.13809999823570251,232.0
2024-03-01 13:07:00,BIVI,1.86080002784729,1.86080002784729,1.8700000047683716,1.840000033378601,1.8499000072479248,40618.0
2024-03-01 13:07:00,BLUE,1.5902999639511108,1.5902999639511108,1.597499966621399,1.590000033378601,1.590000033378601,5852.0
2024-03-01 13:07:00,BMEA,18.15999984741211,18.15999984741211,18.15999984741211,18.15999984741211,18.15999984741211,100.0
2024-03-01 13:07:00,BMRN,87.5199966430664,87.5199966430664,87.5199966430664,87.5199966430664,87.5199966430664,177.0
2024-03-01 13:07:00,BNGO,1.250100016593933,1.250100016593933,1.2549999952316284,1.250100016593933,1.2549999952316284,1288.0
2024-03-01 13:07:00,BNOX,1.2300000190734863,1.2300000190734863,1.2300000190734863,1.2300000190734863,1.2300000190734863,726.0
2024-03-01 13:07:00,BNR,0.8202999830245972,0.8202999830245972,0.8202999830245972,0.8191499710083008,0.8191499710083008,1400.0
2024-03-01 13:07:00,BNTX,91.56999969482422,91.56999969482422,91.56999969482422,91.56999969482422,91.56999969482422,369.0
2024-03-01 13:07:00,BPMC,97.2300033569336,97.2300033569336,97.2300033569336,97.2300033569336,97.2300033569336,298.0
2024-03-01 13:07:00,BPTS,0.4797999858856201,0.4797999858856201,0.4797999858856201,0.4797999858856201,0.4797999858856201,114.0
2024-03-01 13:07:00,BRKR,88.41000366210938,88.41000366210938,88.41000366210938,88.38999938964844,88.38999938964844,859.0
2024-03-01 13:07:00,BTAI,3.190000057220459,3.190000057220459,3.200000047683716,3.190000057220459,3.200000047683716,1619.0
2024-03-01 13:07:00,BTMD,5.965000152587891,5.965000152587891,5.965000152587891,5.965000152587891,5.965000152587891,240.0
2024-03-01 13:07:00,BTTX,0.17900000512599945,0.17900000512599945,0.17900000512599945,0.17560000717639923,0.17560100555419922,16011.0
2024-03-01 13:07:00,BWAY,6.514999866485596,6.514999866485596,6.514999866485596,6.514999866485596,6.514999866485596,100.0
2024-03-01 13:07:00,CABA,24.040000915527344,24.040000915527344,24.040000915527344,24.040000915527344,24.040000915527344,385.0
2024-03-01 13:07:00,CARA,0.9229000210762024,0.9229000210762024,0.9350000023841858,0.9229000210762024,0.9350000023841858,9651.0
2024-03-01 13:07:00,CBAY,32.2400016784668,32.2400016784668,32.2400016784668,32.2400016784668,32.2400016784668,826.0
2024-03-01 13:07:00,CCCC,10.949999809265137,10.949999809265137,10.949999809265137,10.949999809265137,10.949999809265137,122.0
2024-03-01 13:07:00,CCRN,18.2185001373291,18.2185001373291,18.2185001373291,18.2185001373291,18.2185001373291,315.0
2024-03-01 13:07:00,CDMO,8.079999923706055,8.079999923706055,8.09000015258789,8.079999923706055,8.09000015258789,339.0
2024-03-01 13:07:00,CDNA,12.329999923706055,12.329999923706055,12.359999656677246,12.319999694824219,12.359999656677246,1949.0
2024-03-01 13:07:00,CDXS,4.53000020980835,4.53000020980835,4.53000020980835,4.494999885559082,4.5,2736.0
2024-03-01 13:07:00,CELC,16.110000610351562,16.110000610351562,16.110000610351562,16.110000610351562,16.110000610351562,150.0
2024-03-01 13:07:00,CERE,41.10499954223633,41.10499954223633,41.10499954223633,41.099998474121094,41.099998474121094,721.0
2024-03-01 13:07:00,CERT,17.899999618530273,17.899999618530273,17.899999618530273,17.899999618530273,17.899999618530273,691.0
2024-03-01 13:07:00,CGC,3.2600998878479004,3.2600998878479004,3.2699999809265137,3.259999990463257,3.259999990463257,1781.0
2024-03-01 13:07:00,CGEM,18.84000015258789,18.84000015258789,18.84000015258789,18.84000015258789,18.84000015258789,108.0
2024-03-01 13:07:00,CHRS,2.4100000858306885,2.4100000858306885,2.410099983215332,2.4100000858306885,2.4100000858306885,1979.0
2024-03-01 13:07:00,CLDX,50.97999954223633,50.97999954223633,51.02000045776367,50.880001068115234,50.97999954223633,9875.0
2024-03-01 13:07:00,CLOV,0.8648499846458435,0.8648499846458435,0.8650000095367432,0.8644000291824341,0.8644000291824341,20420.0
2024-03-01 13:07:00,CLPT,6.650000095367432,6.650000095367432,6.650000095367432,6.650000095367432,6.650000095367432,103.0
2024-03-01 13:07:00,CLSD,1.3899999856948853,1.3899999856948853,1.3899999856948853,1.3899999856948853,1.3899999856948853,555.0
2024-03-01 13:07:00,CMPS,11.489999771118164,11.489999771118164,11.489999771118164,11.479999542236328,11.479999542236328,328.0
2024-03-01 13:07:00,CMRX,1.1799999475479126,1.1799999475479126,1.1799999475479126,1.1799999475479126,1.1799999475479126,300.0
2024-03-01 13:07:00,COGT,7.170000076293945,7.170000076293945,7.179999828338623,7.169000148773193,7.179999828338623,2803.0
2024-03-01 13:07:00,CORT,24.239999771118164,24.239999771118164,24.25,24.239999771118164,24.239999771118164,2978.0
2024-03-01 13:07:00,CPIX,2.200000047683716,2.200000047683716,2.200000047683716,2.200000047683716,2.200000047683716,1920.0
2024-03-01 13:07:00,CPRX,17.1299991607666,17.1299991607666,17.139999389648438,17.125,17.139999389648438,5130.0
2024-03-01 13:07:00,CRBU,7.960000038146973,7.960000038146973,7.96999979019165,7.960000038146973,7.960000038146973,1083.0
2024-03-01 13:07:00,CRDF,2.3399999141693115,2.3399999141693115,2.3499999046325684,2.3299999237060547,2.3499999046325684,8518.0
2024-03-01 13:07:00,CRDL,1.9199999570846558,1.9199999570846558,1.9199999570846558,1.899999976158142,1.899999976158142,9826.0
2024-03-01 13:07:00,CRNX,46.7400016784668,46.7400016784668,46.7400016784668,46.709999084472656,46.709999084472656,573.0
2024-03-01 13:07:00,CRON,2.069999933242798,2.069999933242798,2.069999933242798,2.059999942779541,2.059999942779541,1895.0
2024-03-01 13:07:00,CRSP,86.0,86.0,86.05680084228516,86.0,86.05000305175781,1080.0
2024-03-01 13:07:00,CTKB,8.8100004196167,8.8100004196167,8.819999694824219,8.800000190734863,8.819999694824219,1595.0
2024-03-01 13:07:00,CTMX,2.700000047683716,2.700000047683716,2.7300000190734863,2.680000066757202,2.7200000286102295,11365.0
2024-03-01 13:07:00,CUTR,2.3901000022888184,2.3901000022888184,2.400099992752075,2.390000104904175,2.4000000953674316,10959.0
2024-03-01 13:07:00,CVAC,3.490000009536743,3.490000009536743,3.490000009536743,3.484999895095825,3.490000009536743,7983.0
2024-03-01 13:07:00,CYTH,1.614300012588501,1.614300012588501,1.614300012588501,1.614300012588501,1.614300012588501,388.0
2024-03-01 13:07:00,CYTK,73.16999816894531,73.16999816894531,73.22000122070312,73.16999816894531,73.22000122070312,583.0
2024-03-01 13:07:00,CYTO,2.369999885559082,2.369999885559082,2.399899959564209,2.369999885559082,2.380000114440918,523.0
2024-03-01 13:07:00,DAWN,17.43000030517578,17.43000030517578,17.43000030517578,17.420000076293945,17.420000076293945,412.0
2024-03-01 13:07:00,DCGO,4.164999961853027,4.164999961853027,4.164999961853027,4.159999847412109,4.159999847412109,2712.0
2024-03-01 13:07:00,DCPH,17.459999084472656,17.459999084472656,17.459999084472656,17.440000534057617,17.459999084472656,866.0
2024-03-01 13:07:00,DH,8.8100004196167,8.8100004196167,8.819999694824219,8.8100004196167,8.8100004196167,1012.0
2024-03-01 13:07:00,DMTK,0.8500000238418579,0.8500000238418579,0.864799976348877,0.8500000238418579,0.864799976348877,5900.0
2024-03-01 13:07:00,DNLI,20.790000915527344,20.790000915527344,20.799999237060547,20.790000915527344,20.799999237060547,1962.0
2024-03-01 13:07:00,DSGN,2.890000104904175,2.890000104904175,2.890000104904175,2.890000104904175,2.890000104904175,100.0
2024-03-01 13:07:00,DTIL,12.475000381469727,12.475000381469727,12.499899864196777,12.475000381469727,12.489999771118164,11441.0
2024-03-01 13:07:00,DXCM,121.94000244140625,121.94000244140625,121.94999694824219,121.90750122070312,121.91000366210938,5335.0
2024-03-01 13:07:00,EDAP,6.922999858856201,6.922999858856201,6.925000190734863,6.922999858856201,6.925000190734863,500.0
2024-03-01 13:07:00,EDIT,10.861499786376953,10.861499786376953,10.869999885559082,10.859999656677246,10.869999885559082,3020.0
2024-03-01 13:07:00,EKSO,2.009200096130371,2.009200096130371,2.0199999809265137,2.009200096130371,2.009999990463257,1000.0
2024-03-01 13:07:00,ELEV,5.0,5.0,5.0,4.989999771118164,5.0,3001.0
2024-03-01 13:07:00,EMBC,14.430000305175781,14.430000305175781,14.430000305175781,14.420000076293945,14.420000076293945,707.0
2024-03-01 13:07:00,ENTA,15.399999618530273,15.399999618530273,15.399999618530273,15.359999656677246,15.359999656677246,417.0
2024-03-01 13:07:00,ENVB,1.4900000095367432,1.4900000095367432,1.4900000095367432,1.4900000095367432,1.4900000095367432,405.0
2024-03-01 13:07:00,EOLS,14.8100004196167,14.8100004196167,14.8100004196167,14.8100004196167,14.8100004196167,375.0
2024-03-01 13:07:00,EQ,2.4700000286102295,2.4700000286102295,2.4700000286102295,2.4700000286102295,2.4700000286102295,503.0
2024-03-01 13:07:00,ERAS,2.505000114440918,2.505000114440918,2.505000114440918,2.5,2.5,353.0
2024-03-01 13:07:00,ESPR,2.5199999809265137,2.5199999809265137,2.5250000953674316,2.5199999809265137,2.5199999809265137,983.0
2024-03-01 13:07:00,ESTA,45.45500183105469,45.45500183105469,45.45500183105469,45.45500183105469,45.45500183105469,100.0
2024-03-01 13:07:00,ETNB,13.319999694824219,13.319999694824219,13.319999694824219,13.279999732971191,13.279999732971191,8377.0
2024-03-01 13:07:00,EVAX,3.5,3.5,3.5,3.5,3.5,548.0
2024-03-01 13:07:00,EWTX,17.0,17.0,17.030000686645508,17.0,17.030000686645508,2871.0
2024-03-01 13:07:00,EXAS,60.45500183105469,60.45500183105469,60.45500183105469,60.41999816894531,60.45000076293945,1609.0
2024-03-01 13:07:00,EXEL,22.545000076293945,22.545000076293945,22.545000076293945,22.545000076293945,22.545000076293945,645.0
2024-03-01 13:07:00,EYEN,2.45989990234375,2.45989990234375,2.4600000381469727,2.45989990234375,2.4600000381469727,1300.0
2024-03-01 13:07:00,EYPT,28.014999389648438,28.014999389648438,28.020000457763672,27.9950008392334,27.9950008392334,3350.0
2024-03-01 13:07:00,FATE,7.635000228881836,7.635000228881836,7.635000228881836,7.635000228881836,7.635000228881836,561.0
2024-03-01 13:07:00,FBIO,2.325200080871582,2.325200080871582,2.325200080871582,2.309999942779541,2.309999942779541,2139.0
2024-03-01 13:07:00,FDMT,29.260000228881836,29.260000228881836,29.260000228881836,29.260000228881836,29.260000228881836,813.0
2024-03-01 13:07:00,FGEN,1.8700000047683716,1.8700000047683716,1.8700000047683716,1.8700000047683716,1.8700000047683716,3128.0
2024-03-01 13:07:00,FOLD,13.359999656677246,13.359999656677246,13.359999656677246,13.354999542236328,13.354999542236328,540.0
2024-03-01 13:07:00,FULC,10.859999656677246,10.859999656677246,10.869999885559082,10.859999656677246,10.869999885559082,2194.0
2024-03-01 13:07:00,FUSN,12.385000228881836,12.385000228881836,12.399999618530273,12.375,12.375,2082.0
2024-03-01 13:07:00,GDRX,8.229999542236328,8.229999542236328,8.234999656677246,8.229999542236328,8.234999656677246,1388.0
2024-03-01 13:07:00,GERN,2.2300000190734863,2.2300000190734863,2.2300000190734863,2.2249999046325684,2.2249999046325684,34852.0
2024-03-01 13:07:00,GH,19.139999389648438,19.139999389648438,19.139999389648438,19.1299991607666,19.1299991607666,1171.0
2024-03-01 13:07:00,GILD,72.16999816894531,72.16999816894531,72.17659759521484,72.16000366210938,72.17659759521484,8877.0
2024-03-01 13:07:00,GMAB,29.315000534057617,29.315000534057617,29.329999923706055,29.315000534057617,29.329999923706055,479.0
2024-03-01 13:07:00,GMDA,0.3779999911785126,0.3779999911785126,0.3781000077724457,0.3779999911785126,0.3781000077724457,10528.0
2024-03-01 13:07:00,GNPX,4.565000057220459,4.565000057220459,4.565000057220459,4.565000057220459,4.565000057220459,105.0
2024-03-01 13:07:00,GOSS,1.4009000062942505,1.4009000062942505,1.4049999713897705,1.4009000062942505,1.4049999713897705,477.0
2024-03-01 13:07:00,GRFS,7.114999771118164,7.114999771118164,7.119999885559082,7.085000038146973,7.090000152587891,8025.0
2024-03-01 13:07:00,GRTS,2.190000057220459,2.190000057220459,2.200000047683716,2.174999952316284,2.174999952316284,18730.0
2024-03-01 13:07:00,GTHX,3.75,3.75,3.75,3.744999885559082,3.744999885559082,1003.0
2024-03-01 13:07:00,HALO,41.459999084472656,41.459999084472656,41.459999084472656,41.459999084472656,41.459999084472656,271.0
2024-03-01 13:07:00,HARP,22.940000534057617,22.940000534057617,22.940000534057617,22.940000534057617,22.940000534057617,541.0
2024-03-01 13:07:00,HCAT,8.045000076293945,8.045000076293945,8.045000076293945,8.039999961853027,8.039999961853027,1513.0
2024-03-01 13:07:00,HCTI,2.430000066757202,2.430000066757202,2.5,2.380000114440918,2.5,20960.0
2024-03-01 13:07:00,HLVX,19.209999084472656,19.209999084472656,19.209999084472656,19.209999084472656,19.209999084472656,148.0
2024-03-01 13:07:00,HOLX,74.05999755859375,74.05999755859375,74.05999755859375,74.02999877929688,74.02999877929688,2987.0
2024-03-01 13:07:00,HPCO,0.25209999084472656,0.25209999084472656,0.25599899888038635,0.25209999084472656,0.25599899888038635,2100.0
2024-03-01 13:07:00,HQY,81.69999694824219,81.69999694824219,81.70999908447266,81.69999694824219,81.70999908447266,1437.0
2024-03-01 13:07:00,HRMY,31.434999465942383,31.434999465942383,31.434999465942383,31.434999465942383,31.434999465942383,281.0
2024-03-01 13:07:00,HRTX,2.5799999237060547,2.5799999237060547,2.5899999141693115,2.5799999237060547,2.5899999141693115,5987.0
2024-03-01 13:07:00,HSIC,76.7699966430664,76.7699966430664,76.80500030517578,76.7699966430664,76.80500030517578,743.0
2024-03-01 13:07:00,HSTM,27.309999465942383,27.309999465942383,27.309999465942383,27.309999465942383,27.309999465942383,364.0
2024-03-01 13:07:00,HUMA,3.4649999141693115,3.4649999141693115,3.4700000286102295,3.4600000381469727,3.4649999141693115,9262.0
2024-03-01 13:07:00,IBRX,4.760000228881836,4.760000228881836,4.761199951171875,4.760000228881836,4.761199951171875,380.0
2024-03-01 13:07:00,ICLR,323.2699890136719,323.2699890136719,323.55999755859375,323.260009765625,323.260009765625,2634.0
2024-03-01 13:07:00,ICUI,104.87000274658203,104.87000274658203,104.87000274658203,104.87000274658203,104.87000274658203,366.0
2024-03-01 13:07:00,IDXX,582.4400024414062,582.4400024414062,582.6799926757812,582.3200073242188,582.6799926757812,1132.0
2024-03-01 13:07:00,IDYA,46.54999923706055,46.54999923706055,46.58000183105469,46.54999923706055,46.58000183105469,1353.0
2024-03-01 13:07:00,IGMS,13.4399995803833,13.4399995803833,13.4399995803833,13.4399995803833,13.4399995803833,151.0
2024-03-01 13:07:00,ILMN,142.3300018310547,142.3300018310547,142.3300018310547,142.27999877929688,142.27999877929688,1510.0
2024-03-01 13:07:00,IMAB,1.840000033378601,1.840000033378601,1.840000033378601,1.840000033378601,1.840000033378601,182.0
2024-03-01 13:07:00,IMCC,0.32152000069618225,0.32152000069618225,0.32152000069618225,0.32152000069618225,0.32152000069618225,332.0
2024-03-01 13:07:00,IMCR,67.9113998413086,67.9113998413086,67.9113998413086,67.9113998413086,67.9113998413086,540.0
2024-03-01 13:07:00,IMMX,3.569999933242798,3.569999933242798,3.5799999237060547,3.559999942779541,3.559999942779541,1440.0
2024-03-01 13:07:00,IMNM,25.950000762939453,25.950000762939453,26.22100067138672,25.940000534057617,26.22100067138672,33048.0
2024-03-01 13:07:00,IMTX,12.989999771118164,12.989999771118164,12.989999771118164,12.989999771118164,12.989999771118164,325.0
2024-03-01 13:07:00,IMVT,36.27000045776367,36.27000045776367,36.279998779296875,36.255001068115234,36.255001068115234,1681.0
2024-03-01 13:07:00,INBX,36.54999923706055,36.54999923706055,36.54999923706055,36.54999923706055,36.54999923706055,200.0
2024-03-01 13:07:00,INCY,59.310001373291016,59.310001373291016,59.310001373291016,59.29999923706055,59.310001373291016,948.0
2024-03-01 13:07:00,INGN,6.820000171661377,6.820000171661377,6.840000152587891,6.820000171661377,6.840000152587891,2542.0
2024-03-01 13:07:00,INM,0.4050000011920929,0.4050000011920929,0.4050000011920929,0.4050000011920929,0.4050000011920929,470.0
2024-03-01 13:07:00,INMD,22.864999771118164,22.864999771118164,22.864999771118164,22.864999771118164,22.864999771118164,267.0
2024-03-01 13:07:00,INO,9.380000114440918,9.380000114440918,9.380000114440918,9.350000381469727,9.350000381469727,1492.0
2024-03-01 13:07:00,INSM,28.475000381469727,28.475000381469727,28.489999771118164,28.46500015258789,28.489999771118164,579.0
2024-03-01 13:07:00,INVA,15.704999923706055,15.704999923706055,15.710000038146973,15.704999923706055,15.710000038146973,1028.0
2024-03-01 13:07:00,INZY,6.690000057220459,6.690000057220459,6.690000057220459,6.690000057220459,6.690000057220459,211.0
2024-03-01 13:07:00,IOBT,1.7899999618530273,1.7899999618530273,1.7899999618530273,1.7899999618530273,1.7899999618530273,341.0
2024-03-01 13:07:00,IONM,0.335099995136261,0.335099995136261,0.34940001368522644,0.335099995136261,0.335099995136261,2100.0
2024-03-01 13:07:00,IONS,45.939998626708984,45.939998626708984,45.939998626708984,45.90999984741211,45.939998626708984,389.0
2024-03-01 13:07:00,IOVA,16.921600341796875,16.921600341796875,16.94569969177246,16.921600341796875,16.940000534057617,15383.0
2024-03-01 13:07:00,IRTC,121.63999938964844,121.63999938964844,121.63999938964844,121.63999938964844,121.63999938964844,484.0
2024-03-01 13:07:00,IRWD,9.095000267028809,9.095000267028809,9.095000267028809,9.09000015258789,9.095000267028809,2203.0
2024-03-01 13:07:00,ISRG,396.1050109863281,396.1050109863281,396.1199951171875,395.8800048828125,395.989990234375,2651.0
2024-03-01 13:07:00,ITCI,71.33999633789062,71.33999633789062,71.33999633789062,71.32499694824219,71.32499694824219,245.0
2024-03-01 13:07:00,ITOS,11.029999732971191,11.029999732971191,11.029999732971191,11.0,11.0,23112.0
2024-03-01 13:07:00,ITRM,1.2799999713897705,1.2799999713897705,1.2799999713897705,1.2799999713897705,1.2799999713897705,133.0
2024-03-01 13:07:00,IVVD,4.03000020980835,4.03000020980835,4.03000020980835,3.992000102996826,3.992000102996826,629.0
2024-03-01 13:07:00,IXHL,5.5,5.5,5.510000228881836,5.5,5.5,543.0
2024-03-01 13:07:00,JAGX,0.07590000331401825,0.07590000331401825,0.07599999755620956,0.07460000365972519,0.0746999979019165,222336.0
2024-03-01 13:07:00,JANX,46.43000030517578,46.43000030517578,46.43000030517578,46.43000030517578,46.43000030517578,323.0
2024-03-01 13:07:00,JAZZ,118.91000366210938,118.91000366210938,118.98999786376953,118.87999725341797,118.87999725341797,2718.0
2024-03-01 13:07:00,KNTE,2.5999999046325684,2.5999999046325684,2.5999999046325684,2.5999999046325684,2.5999999046325684,300.0
2024-03-01 13:07:00,KOD,6.09499979019165,6.09499979019165,6.09499979019165,6.085000038146973,6.090000152587891,1360.0
2024-03-01 13:07:00,KPTI,1.2050000429153442,1.2050000429153442,1.2050000429153442,1.2050000429153442,1.2050000429153442,100.0
2024-03-01 13:07:00,KYMR,44.1150016784668,44.1150016784668,44.1150016784668,44.11000061035156,44.11000061035156,847.0
2024-03-01 13:07:00,KZR,1.0750000476837158,1.0750000476837158,1.0750000476837158,1.0750000476837158,1.0750000476837158,600.0
2024-03-01 13:07:00,LAB,2.505000114440918,2.505000114440918,2.515000104904175,2.5000998973846436,2.515000104904175,5254.0
2024-03-01 13:07:00,LBPH,21.84000015258789,21.84000015258789,21.84000015258789,21.84000015258789,21.84000015258789,300.0
2024-03-01 13:07:00,LFMD,8.0,8.0,8.0,7.989999771118164,7.994999885559082,400.0
2024-03-01 13:07:00,LFST,7.795000076293945,7.795000076293945,7.800000190734863,7.784999847412109,7.795000076293945,7154.0
2024-03-01 13:07:00,LIVN,55.7599983215332,55.7599983215332,55.7599983215332,55.7599983215332,55.7599983215332,224.0
2024-03-01 13:07:00,LNTH,65.4625015258789,65.4625015258789,65.57499694824219,65.45500183105469,65.57499694824219,1537.0
2024-03-01 13:07:00,LUNG,9.390000343322754,9.390000343322754,9.390000343322754,9.390000343322754,9.390000343322754,525.0
2024-03-01 13:07:00,LVTX,2.9800000190734863,2.9800000190734863,3.0,2.9700000286102295,3.0,3298.0
2024-03-01 13:07:00,LXRX,2.51990008354187,2.51990008354187,2.51990008354187,2.515000104904175,2.515000104904175,704.0
2024-03-01 13:07:00,LYEL,3.1700000762939453,3.1700000762939453,3.1700000762939453,3.1649999618530273,3.1649999618530273,306.0
2024-03-01 13:07:00,LYRA,5.704999923706055,5.704999923706055,5.71999979019165,5.704999923706055,5.710000038146973,402.0
2024-03-01 13:07:00,MASI,128.15499877929688,128.15499877929688,128.15499877929688,128.15499877929688,128.15499877929688,147.0
2024-03-01 13:07:00,MCRB,1.2000000476837158,1.2000000476837158,1.2050000429153442,1.2000000476837158,1.2050000429153442,1200.0
2024-03-01 13:07:00,MDRX,6.099999904632568,6.099999904632568,6.150000095367432,6.039999961853027,6.059999942779541,155641.0
2024-03-01 13:07:00,MDXG,8.670000076293945,8.670000076293945,8.670000076293945,8.670000076293945,8.670000076293945,459.0
2024-03-01 13:07:00,ME,0.570900022983551,0.570900022983551,0.570900022983551,0.5708000063896179,0.570900022983551,1766.0
2024-03-01 13:07:00,MEDP,401.80999755859375,401.80999755859375,401.80999755859375,401.80999755859375,401.80999755859375,223.0
2024-03-01 13:07:00,MESO,2.0399999618530273,2.0399999618530273,2.0399999618530273,2.0399999618530273,2.0399999618530273,722.0
2024-03-01 13:07:00,MGNX,19.03499984741211,19.03499984741211,19.049999237060547,19.03499984741211,19.049999237060547,1143.0
2024-03-01 13:07:00,MGTX,6.460000038146973,6.460000038146973,6.460000038146973,6.454999923706055,6.454999923706055,617.0
2024-03-01 13:07:00,MIST,1.757599949836731,1.757599949836731,1.757599949836731,1.757599949836731,1.757599949836731,200.0
2024-03-01 13:07:00,MMSI,76.54499816894531,76.54499816894531,76.54499816894531,76.54499816894531,76.54499816894531,330.0
2024-03-01 13:07:00,MNKD,4.510000228881836,4.510000228881836,4.514999866485596,4.510000228881836,4.510000228881836,1002.0
2024-03-01 13:07:00,MNMD,6.130000114440918,6.130000114440918,6.130000114440918,6.110000133514404,6.120200157165527,3093.0
2024-03-01 13:07:00,MNPR,0.8349999785423279,0.8349999785423279,0.8349999785423279,0.8349999785423279,0.8349999785423279,300.0
2024-03-01 13:07:00,MORF,39.584999084472656,39.584999084472656,39.584999084472656,39.584999084472656,39.584999084472656,794.0
2024-03-01 13:07:00,MREO,3.938800096511841,3.938800096511841,3.9398999214172363,3.938800096511841,3.9398999214172363,1202.0
2024-03-01 13:07:00,MRNA,96.37460327148438,96.37460327148438,96.42109680175781,96.33499908447266,96.33499908447266,4440.0
2024-03-01 13:07:00,MRSN,5.940000057220459,5.940000057220459,5.940000057220459,5.90500020980835,5.90500020980835,4056.0
2024-03-01 13:07:00,MRVI,7.755000114440918,7.755000114440918,7.764999866485596,7.755000114440918,7.764999866485596,2133.0
2024-03-01 13:07:00,MYGN,21.760000228881836,21.760000228881836,21.760000228881836,21.719999313354492,21.739999771118164,1058.0
2024-03-01 13:07:00,MYMD,3.390000104904175,3.390000104904175,3.390000104904175,3.390000104904175,3.390000104904175,1554.0
2024-03-01 13:07:00,NARI,45.04999923706055,45.04999923706055,45.06719970703125,45.0,45.06719970703125,4303.0
2024-03-01 13:07:00,NAUT,2.640000104904175,2.640000104904175,2.640000104904175,2.640000104904175,2.640000104904175,113.0
2024-03-01 13:07:00,NEO,16.1200008392334,16.1200008392334,16.1200008392334,16.110000610351562,16.110000610351562,1284.0
2024-03-01 13:07:00,NEOG,17.350000381469727,17.350000381469727,17.354999542236328,17.344999313354492,17.344999313354492,983.0
2024-03-01 13:07:00,NEPT,0.4489000141620636,0.4489000141620636,0.45989999175071716,0.4478999972343445,0.45989999175071716,19391.0
2024-03-01 13:07:00,NEXI,6.5,6.5,6.5,6.5,6.5,434.0
2024-03-01 13:07:00,NGM,1.5299999713897705,1.5299999713897705,1.534999966621399,1.5299999713897705,1.534999966621399,713.0
2024-03-01 13:07:00,NKTR,0.7900000214576721,0.7900000214576721,0.7900000214576721,0.7900000214576721,0.7900000214576721,1001.0
2024-03-01 13:07:00,NKTX,12.680000305175781,12.680000305175781,12.6899995803833,12.640000343322754,12.640000343322754,8781.0
2024-03-01 13:07:00,NNOX,11.081000328063965,11.081000328063965,11.09000015258789,11.079999923706055,11.079999923706055,1196.0
2024-03-01 13:07:00,NOTV,8.180000305175781,8.180000305175781,8.180000305175781,8.129199981689453,8.130000114440918,4482.0
2024-03-01 13:07:00,NRC,40.56999969482422,40.56999969482422,40.56999969482422,40.56999969482422,40.56999969482422,1223.0
2024-03-01 13:07:00,NRIX,13.640000343322754,13.640000343322754,13.640000343322754,13.630000114440918,13.630000114440918,521.0
2024-03-01 13:07:00,NRSN,2.092400074005127,2.092400074005127,2.099900007247925,2.092400074005127,2.099900007247925,2522.0
2024-03-01 13:07:00,NTLA,33.36000061035156,33.36000061035156,33.369998931884766,33.349998474121094,33.36000061035156,2295.0
2024-03-01 13:07:00,NTRA,89.55999755859375,89.55999755859375,89.55999755859375,89.5199966430664,89.5199966430664,641.0
2024-03-01 13:07:00,NUVL,88.80999755859375,88.80999755859375,88.80999755859375,88.80999755859375,88.80999755859375,385.0
2024-03-01 13:07:00,NVAX,5.164999961853027,5.164999961853027,5.170000076293945,5.159999847412109,5.168799877166748,22778.0
2024-03-01 13:07:00,NVCR,16.010000228881836,16.010000228881836,16.010000228881836,16.010000228881836,16.010000228881836,283.0
2024-03-01 13:07:00,NVOS,0.6201009750366211,0.6201009750366211,0.6201009750366211,0.6201009750366211,0.6201009750366211,10059.0
2024-03-01 13:07:00,OCGN,0.9435499906539917,0.9435499906539917,0.9455999732017517,0.9415000081062317,0.9434999823570251,10480.0
2024-03-01 13:07:00,OCUL,10.829999923706055,10.829999923706055,10.829999923706055,10.829999923706055,10.829999923706055,1330.0
2024-03-01 13:07:00,OGI,2.202500104904175,2.202500104904175,2.2100000381469727,2.2005999088287354,2.2049999237060547,10640.0
2024-03-01 13:07:00,OM,3.140000104904175,3.140000104904175,3.140000104904175,3.134999990463257,3.140000104904175,1552.0
2024-03-01 13:07:00,OMCL,26.46500015258789,26.46500015258789,26.46500015258789,26.46500015258789,26.46500015258789,392.0
2024-03-01 13:07:00,OMIC,0.5989999771118164,0.5989999771118164,0.5989999771118164,0.5989999771118164,0.5989999771118164,100.0
2024-03-01 13:08:00,ABEO,7.760000228881836,7.760000228881836,7.760000228881836,7.760000228881836,7.760000228881836,217.0
2024-03-01 13:08:00,ABOS,4.650000095367432,4.650000095367432,4.669899940490723,4.650000095367432,4.669899940490723,1547.0
2024-03-01 13:08:00,ABSI,5.364999771118164,5.364999771118164,5.369999885559082,5.355000019073486,5.355000019073486,6474.0
2024-03-01 13:08:00,ABUS,2.7750000953674316,2.7750000953674316,2.7750000953674316,2.7750000953674316,2.7750000953674316,121.0
2024-03-01 13:08:00,ABVC,1.1799999475479126,1.1799999475479126,1.1799999475479126,1.1799999475479126,1.1799999475479126,165.0
2024-03-01 13:08:00,ACAD,24.3799991607666,24.3799991607666,24.3799991607666,24.3799991607666,24.3799991607666,917.0
2024-03-01 13:08:00,ACB,3.2100000381469727,3.2100000381469727,3.2100000381469727,3.2100000381469727,3.2100000381469727,223.0
2024-03-01 13:08:00,ACET,2.4000000953674316,2.4000000953674316,2.4000000953674316,2.3949999809265137,2.3949999809265137,310.0
2024-03-01 13:08:00,ACHC,84.43009948730469,84.43009948730469,84.4800033569336,84.43000030517578,84.4800033569336,2160.0
2024-03-01 13:08:00,ACLX,67.22000122070312,67.22000122070312,67.22000122070312,67.22000122070312,67.22000122070312,112.0
2024-03-01 13:08:00,ACON,0.4049000144004822,0.4049000144004822,0.4049000144004822,0.4000000059604645,0.4000000059604645,2768.0
2024-03-01 13:08:00,ACRS,1.2350000143051147,1.2350000143051147,1.2400000095367432,1.2300000190734863,1.2400000095367432,721.0
2024-03-01 13:08:00,ADIL,3.059999942779541,3.059999942779541,3.069999933242798,3.0199999809265137,3.069999933242798,46707.0
2024-03-01 13:08:00,ADMA,5.505000114440918,5.505000114440918,5.505000114440918,5.5,5.501100063323975,2488.0
2024-03-01 13:08:00,ADPT,4.204999923706055,4.204999923706055,4.204999923706055,4.204999923706055,4.204999923706055,200.0
2024-03-01 13:08:00,ADVM,1.9635000228881836,1.9635000228881836,1.975000023841858,1.9500000476837158,1.975000023841858,26830.0
2024-03-01 13:08:00,AFMD,0.6351000070571899,0.6351000070571899,0.6399999856948853,0.6351000070571899,0.6399999856948853,4929.0
2024-03-01 13:08:00,AGEN,0.6787999868392944,0.6787999868392944,0.6789000034332275,0.6785100102424622,0.6788750290870667,20531.0
2024-03-01 13:08:00,AGIO,32.90999984741211,32.90999984741211,32.93000030517578,32.90999984741211,32.91999816894531,525.0
2024-03-01 13:08:00,AHCO,10.5649995803833,10.5649995803833,10.5649995803833,10.550000190734863,10.550000190734863,2491.0
2024-03-01 13:08:00,AIRS,6.480000019073486,6.480000019073486,6.5,6.480000019073486,6.5,822.0
2024-03-01 13:08:00,AKAN,0.21449999511241913,0.21449999511241913,0.21960000693798065,0.21449999511241913,0.21960000693798065,1022.0
2024-03-01 13:08:00,AKBA,1.684999942779541,1.684999942779541,1.6950000524520874,1.6799999475479126,1.690000057220459,47992.0
2024-03-01 13:08:00,AKRO,29.825000762939453,29.825000762939453,29.825000762939453,29.825000762939453,29.825000762939453,366.0
2024-03-01 13:08:00,ALDX,4.269999980926514,4.269999980926514,4.269999980926514,4.259300231933594,4.260000228881836,2478.0
2024-03-01 13:08:00,ALHC,5.704999923706055,5.704999923706055,5.704999923706055,5.702499866485596,5.702499866485596,13249.0
2024-03-01 13:08:00,ALKS,30.260000228881836,30.260000228881836,30.270000457763672,30.260000228881836,30.260000228881836,416.0
2024-03-01 13:08:00,ALLK,1.6050000190734863,1.6050000190734863,1.6050000190734863,1.6050000190734863,1.6050000190734863,500.0
2024-03-01 13:08:00,ALLO,5.034999847412109,5.034999847412109,5.039999961853027,5.034999847412109,5.039999961853027,1407.0
2024-03-01 13:08:00,ALNY,154.27999877929688,154.27999877929688,154.2899932861328,154.27999877929688,154.2899932861328,1015.0
2024-03-01 13:08:00,ALPN,35.849998474121094,35.849998474121094,35.849998474121094,35.849998474121094,35.849998474121094,107.0
2024-03-01 13:08:00,ALT,12.010000228881836,12.010000228881836,12.010000228881836,11.979999542236328,12.0,22563.0
2024-03-01 13:08:00,AMED,93.27999877929688,93.27999877929688,93.27999877929688,93.27999877929688,93.27999877929688,132.0
2024-03-01 13:08:00,AMGN,280.6499938964844,280.6499938964844,280.760009765625,280.6300048828125,280.68499755859375,2781.0
2024-03-01 13:08:00,AMLX,18.809999465942383,18.809999465942383,18.809999465942383,18.790000915527344,18.809999465942383,2267.0
2024-03-01 13:08:00,AMPH,45.400001525878906,45.400001525878906,45.439998626708984,45.400001525878906,45.439998626708984,996.0
2024-03-01 13:08:00,AMRN,1.0499999523162842,1.0499999523162842,1.0549999475479126,1.0499999523162842,1.0549999475479126,4529.0
2024-03-01 13:08:00,ANNX,6.019999980926514,6.019999980926514,6.090000152587891,6.010000228881836,6.050000190734863,22548.0
2024-03-01 13:08:00,APDN,0.5690000057220459,0.5690000057220459,0.5698999762535095,0.5690000057220459,0.5698999762535095,1930.0
2024-03-01 13:08:00,APLS,64.88999938964844,64.88999938964844,64.88999938964844,64.88999938964844,64.88999938964844,382.0
2024-03-01 13:08:00,APLT,7.139999866485596,7.139999866485596,7.139999866485596,7.139999866485596,7.139999866485596,25373.0
2024-03-01 13:08:00,AQST,4.199999809265137,4.199999809265137,4.199999809265137,4.196599960327148,4.196599960327148,679.0
2024-03-01 13:08:00,ARAY,2.640000104904175,2.640000104904175,2.640000104904175,2.640000104904175,2.640000104904175,1324.0
2024-03-01 13:08:00,ARCT,39.900001525878906,39.900001525878906,39.900001525878906,39.900001525878906,39.900001525878906,529.0
2024-03-01 13:08:00,ARDX,9.5,9.5,9.524999618530273,9.5,9.520000457763672,25832.0
2024-03-01 13:08:00,ARQT,11.645000457763672,11.645000457763672,11.710000038146973,11.630000114440918,11.710000038146973,11982.0
2024-03-01 13:08:00,ARVN,48.75,48.75,48.78499984741211,48.689998626708984,48.78499984741211,1385.0
2024-03-01 13:08:00,ARWR,35.65999984741211,35.65999984741211,35.685001373291016,35.611698150634766,35.685001373291016,1845.0
2024-03-01 13:08:00,ASND,152.25,152.25,152.25,152.1300048828125,152.1999969482422,751.0
2024-03-01 13:08:00,ASRT,0.9294999837875366,0.9294999837875366,0.9296000003814697,0.921999990940094,0.921999990940094,701.0
2024-03-01 13:08:00,ATAI,2.1419999599456787,2.1419999599456787,2.1419999599456787,2.1419999599456787,2.1419999599456787,700.0
2024-03-01 13:08:00,ATEC,13.5,13.5,13.515000343322754,13.5,13.5,17597.0
2024-03-01 13:08:00,ATOS,1.01010000705719,1.01010000705719,1.01010000705719,1.01010000705719,1.01010000705719,1010.0
2024-03-01 13:08:00,ATRA,0.7936999797821045,0.7936999797821045,0.7936999797821045,0.7936999797821045,0.7936999797821045,183.0
2024-03-01 13:08:00,ATXS,14.854999542236328,14.854999542236328,14.880000114440918,14.829999923706055,14.829999923706055,2991.0
2024-03-01 13:08:00,AUPH,5.855000019073486,5.855000019073486,5.860000133514404,5.849999904632568,5.855000019073486,1302.0
2024-03-01 13:08:00,AUTL,6.349999904632568,6.349999904632568,6.349999904632568,6.349999904632568,6.349999904632568,163.0
2024-03-01 13:08:00,AVAH,2.384999990463257,2.384999990463257,2.384999990463257,2.384999990463257,2.384999990463257,103.0
2024-03-01 13:08:00,AVDL,13.0,13.0,13.020000457763672,13.0,13.020000457763672,854.0
2024-03-01 13:08:00,AVIR,4.46999979019165,4.46999979019165,4.474999904632568,4.465000152587891,4.46999979019165,3521.0
2024-03-01 13:08:00,AVRO,1.350000023841858,1.350000023841858,1.350000023841858,1.350000023841858,1.350000023841858,200.0
2024-03-01 13:08:00,AVXL,5.329999923706055,5.329999923706055,5.329999923706055,5.329999923706055,5.329999923706055,1596.0
2024-03-01 13:08:00,AXGN,10.545000076293945,10.545000076293945,10.550000190734863,10.545000076293945,10.550000190734863,213.0
2024-03-01 13:08:00,AXNX,67.52999877929688,67.52999877929688,67.52999877929688,67.52999877929688,67.52999877929688,973.0
2024-03-01 13:08:00,AZN,64.65499877929688,64.65499877929688,64.65499877929688,64.65499877929688,64.65499877929688,322.0
2024-03-01 13:08:00,AZTA,67.16000366210938,67.16000366210938,67.18000030517578,67.16000366210938,67.18000030517578,716.0
2024-03-01 13:08:00,BBLG,2.6600000858306885,2.6600000858306885,2.6600000858306885,2.6600000858306885,2.6600000858306885,1115.0
2024-03-01 13:08:00,BCAB,2.759999990463257,2.759999990463257,2.759999990463257,2.759999990463257,2.759999990463257,100.0
2024-03-01 13:08:00,BCLI,0.3560999929904938,0.3560999929904938,0.3560999929904938,0.3560999929904938,0.3560999929904938,3529.0
2024-03-01 13:08:00,BCRX,5.744999885559082,5.744999885559082,5.755000114440918,5.744999885559082,5.755000114440918,3913.0
2024-03-01 13:08:00,BCYC,25.985000610351562,25.985000610351562,25.989999771118164,25.985000610351562,25.989999771118164,362.0
2024-03-01 13:08:00,BDTX,4.989999771118164,4.989999771118164,4.989999771118164,4.989999771118164,4.989999771118164,623.0
2024-03-01 13:08:00,BEAM,40.067501068115234,40.067501068115234,40.08000183105469,40.067501068115234,40.07500076293945,582.0
2024-03-01 13:08:00,BIIB,221.19000244140625,221.19000244140625,221.19000244140625,220.99009704589844,220.99009704589844,368.0
2024-03-01 13:08:00,BIOL,0.13930000364780426,0.13930000364780426,0.13930000364780426,0.13899999856948853,0.13920000195503235,2646.0
2024-03-01 13:08:00,BIVI,1.8799999952316284,1.8799999952316284,1.899999976158142,1.850000023841858,1.8697999715805054,85960.0
2024-03-01 13:08:00,BLFS,18.149999618530273,18.149999618530273,18.235000610351562,18.110000610351562,18.235000610351562,2328.0
2024-03-01 13:08:00,BLUE,1.5950000286102295,1.5950000286102295,1.597499966621399,1.590000033378601,1.5950000286102295,5980.0
2024-03-01 13:08:00,BMEA,18.155000686645508,18.155000686645508,18.170000076293945,18.1200008392334,18.170000076293945,2437.0
2024-03-01 13:08:00,BMRN,87.54499816894531,87.54499816894531,87.55999755859375,87.52999877929688,87.52999877929688,33291.0
2024-03-01 13:08:00,BOLT,1.190000057220459,1.190000057220459,1.190000057220459,1.190000057220459,1.190000057220459,1220.0
2024-03-01 13:08:00,BPMC,97.2300033569336,97.2300033569336,97.2300033569336,97.2300033569336,97.2300033569336,140.0
2024-03-01 13:08:00,BRKR,88.37000274658203,88.37000274658203,88.4000015258789,88.37000274658203,88.38999938964844,741.0
2024-03-01 13:08:00,BSGM,0.64410001039505,0.64410001039505,0.64410001039505,0.6432999968528748,0.6432999968528748,3210.0
2024-03-01 13:08:00,BTAI,3.1900999546051025,3.1900999546051025,3.200000047683716,3.1900999546051025,3.200000047683716,200.0
2024-03-01 13:08:00,BTMD,5.960000038146973,5.960000038146973,5.980000019073486,5.960000038146973,5.980000019073486,503.0
2024-03-01 13:08:00,BTTX,0.1772499978542328,0.1772499978542328,0.17890000343322754,0.1772499978542328,0.17890000343322754,5000.0
2024-03-01 13:08:00,BWAY,6.514999866485596,6.514999866485596,6.514999866485596,6.514999866485596,6.514999866485596,100.0
2024-03-01 13:08:00,CABA,24.030000686645508,24.030000686645508,24.030000686645508,24.030000686645508,24.030000686645508,100.0
2024-03-01 13:08:00,CARA,0.9200000166893005,0.9200000166893005,0.9200000166893005,0.9200000166893005,0.9200000166893005,1469.0
2024-03-01 13:08:00,CBAY,32.2400016784668,32.2400016784668,32.2400016784668,32.23500061035156,32.23500061035156,1916.0
2024-03-01 13:08:00,CCCC,10.9350004196167,10.9350004196167,10.942999839782715,10.920000076293945,10.942999839782715,2762.0
2024-03-01 13:08:00,CCRN,18.200000762939453,18.200000762939453,18.200000762939453,18.200000762939453,18.200000762939453,622.0
2024-03-01 13:08:00,CDMO,8.079999923706055,8.079999923706055,8.079999923706055,8.079999923706055,8.079999923706055,200.0
2024-03-01 13:08:00,CDNA,12.330100059509277,12.330100059509277,12.330100059509277,12.329999923706055,12.329999923706055,669.0
2024-03-01 13:08:00,CDTX,0.7199000120162964,0.7199000120162964,0.7199000120162964,0.7199000120162964,0.7199000120162964,104.0
2024-03-01 13:08:00,CDXS,4.523799896240234,4.523799896240234,4.523799896240234,4.523799896240234,4.523799896240234,1079.0
2024-03-01 13:08:00,CELC,16.219999313354492,16.219999313354492,16.219999313354492,16.219999313354492,16.219999313354492,119.0
2024-03-01 13:08:00,CERE,41.10499954223633,41.10499954223633,41.11000061035156,41.099998474121094,41.099998474121094,1315.0
2024-03-01 13:08:00,CERS,2.2149999141693115,2.2149999141693115,2.2200000286102295,2.2149999141693115,2.2200000286102295,1275.0
2024-03-01 13:08:00,CERT,17.875,17.875,17.899999618530273,17.8700008392334,17.899999618530273,3649.0
2024-03-01 13:08:00,CGC,3.2599000930786133,3.2599000930786133,3.265000104904175,3.255000114440918,3.265000104904175,10464.0
2024-03-01 13:08:00,CGEN,2.690000057220459,2.690000057220459,2.690000057220459,2.68969988822937,2.68969988822937,2200.0
2024-03-01 13:08:00,CHEK,2.1600000858306885,2.1600000858306885,2.1600000858306885,2.1600000858306885,2.1600000858306885,100.0
2024-03-01 13:08:00,CHRS,2.4100000858306885,2.4100000858306885,2.418600082397461,2.4049999713897705,2.4149999618530273,13515.0
2024-03-01 13:08:00,CING,1.3720999956130981,1.3720999956130981,1.3720999956130981,1.3720999956130981,1.3720999956130981,690.0
2024-03-01 13:08:00,CLDX,50.974998474121094,50.974998474121094,50.97999954223633,50.974998474121094,50.97999954223633,700.0
2024-03-01 13:08:00,CLNN,0.39469999074935913,0.39469999074935913,0.39469999074935913,0.39469999074935913,0.39469999074935913,1063.0
2024-03-01 13:08:00,CLOV,0.8669000267982483,0.8669000267982483,0.8669000267982483,0.8648989796638489,0.8648989796638489,37727.0
2024-03-01 13:08:00,CMPS,11.5,11.5,11.5,11.479999542236328,11.489999771118164,4614.0
2024-03-01 13:08:00,CMPX,1.845900058746338,1.845900058746338,1.845900058746338,1.845900058746338,1.845900058746338,201.0
2024-03-01 13:08:00,CMRX,1.1799999475479126,1.1799999475479126,1.1799999475479126,1.1799999475479126,1.1799999475479126,118.0
2024-03-01 13:08:00,COGT,7.170000076293945,7.170000076293945,7.170000076293945,7.170000076293945,7.170000076293945,415.0
2024-03-01 13:08:00,CORT,24.25,24.25,24.25,24.25,24.25,408.0
2024-03-01 13:08:00,CPRX,17.174999237060547,17.174999237060547,17.174999237060547,17.1299991607666,17.135000228881836,6053.0
2024-03-01 13:08:00,CRBU,7.945000171661377,7.945000171661377,7.960000038146973,7.940000057220459,7.960000038146973,5099.0
2024-03-01 13:08:00,CRDF,2.3399999141693115,2.3399999141693115,2.359999895095825,2.3299999237060547,2.330199956893921,12084.0
2024-03-01 13:08:00,CRDL,1.9062999486923218,1.9062999486923218,1.9062999486923218,1.9062999486923218,1.9062999486923218,115.0
2024-03-01 13:08:00,CRNX,46.68000030517578,46.68000030517578,46.709999084472656,46.68000030517578,46.709999084472656,467.0
2024-03-01 13:08:00,CRON,2.065000057220459,2.065000057220459,2.065000057220459,2.0601999759674072,2.0601999759674072,1697.0
2024-03-01 13:08:00,CRSP,85.88999938964844,85.88999938964844,85.94499969482422,85.88999938964844,85.94499969482422,729.0
2024-03-01 13:08:00,CSTL,20.299999237060547,20.299999237060547,20.299999237060547,20.239999771118164,20.239999771118164,336.0
2024-03-01 13:08:00,CTKB,8.78499984741211,8.78499984741211,8.789999961853027,8.78499984741211,8.789999961853027,518.0
2024-03-01 13:08:00,CTMX,2.694999933242798,2.694999933242798,2.7090001106262207,2.694999933242798,2.7090001106262207,523.0
2024-03-01 13:08:00,CUTR,2.4000000953674316,2.4000000953674316,2.4000000953674316,2.4000000953674316,2.4000000953674316,200.0
2024-03-01 13:08:00,CYTK,73.1500015258789,73.1500015258789,73.16999816894531,73.1500015258789,73.16999816894531,1719.0
2024-03-01 13:08:00,CYTO,2.359999895095825,2.359999895095825,2.3701000213623047,2.359999895095825,2.3701000213623047,7623.0
2024-03-01 13:08:00,DARE,0.566100001335144,0.566100001335144,0.566100001335144,0.566100001335144,0.566100001335144,100.0
2024-03-01 13:08:00,DAWN,17.420000076293945,17.420000076293945,17.420000076293945,17.420000076293945,17.420000076293945,406.0
2024-03-01 13:08:00,DCGO,4.164999961853027,4.164999961853027,4.170000076293945,4.159999847412109,4.159999847412109,801.0
2024-03-01 13:08:00,DCPH,17.46500015258789,17.46500015258789,17.46500015258789,17.46500015258789,17.46500015258789,308.0
2024-03-01 13:08:00,DCTH,4.190000057220459,4.190000057220459,4.190000057220459,4.190000057220459,4.190000057220459,196.0
2024-03-01 13:08:00,DH,8.800000190734863,8.800000190734863,8.829999923706055,8.800000190734863,8.829999923706055,2498.0
2024-03-01 13:08:00,DMTK,0.8575999736785889,0.8575999736785889,0.8591870069503784,0.8575999736785889,0.8591870069503784,1002.0
2024-03-01 13:08:00,DNLI,20.760000228881836,20.760000228881836,20.790000915527344,20.760000228881836,20.790000915527344,1566.0
2024-03-01 13:08:00,DSGN,2.880000114440918,2.880000114440918,2.890000104904175,2.880000114440918,2.890000104904175,1073.0
2024-03-01 13:08:00,DTIL,12.100000381469727,12.100000381469727,12.475000381469727,12.100000381469727,12.475000381469727,9892.0
2024-03-01 13:08:00,DVAX,12.895000457763672,12.895000457763672,12.895000457763672,12.895000457763672,12.895000457763672,215.0
2024-03-01 13:08:00,DXCM,121.84500122070312,121.84500122070312,121.95999908447266,121.83999633789062,121.9260025024414,8910.0
2024-03-01 13:08:00,DYN,28.75,28.75,28.75,28.7450008392334,28.75,752.0
2024-03-01 13:08:00,EDAP,6.809999942779541,6.809999942779541,6.925000190734863,6.809999942779541,6.925000190734863,5005.0
2024-03-01 13:08:00,EDIT,10.859999656677246,10.859999656677246,10.859999656677246,10.854999542236328,10.857500076293945,5277.0
2024-03-01 13:08:00,EFTR,15.479999542236328,15.479999542236328,15.479999542236328,15.470000267028809,15.470000267028809,900.0
2024-03-01 13:08:00,ELEV,5.019999980926514,5.019999980926514,5.019999980926514,4.989999771118164,5.019999980926514,938.0
2024-03-01 13:08:00,ENLV,3.3499999046325684,3.3499999046325684,3.3499999046325684,3.3499999046325684,3.3499999046325684,383.0
2024-03-01 13:08:00,ENSC,0.9200000166893005,0.9200000166893005,0.9202479720115662,0.9200000166893005,0.9200000166893005,3249.0
2024-03-01 13:08:00,ENSG,122.6449966430664,122.6449966430664,122.6449966430664,122.6449966430664,122.6449966430664,740.0
2024-03-01 13:08:00,ENVB,1.5080000162124634,1.5080000162124634,1.5080000162124634,1.4702999591827393,1.4900000095367432,16487.0
2024-03-01 13:08:00,ESPR,2.5199999809265137,2.5199999809265137,2.5250000953674316,2.5199999809265137,2.5250000953674316,1152.0
2024-03-01 13:08:00,ESTA,45.29999923706055,45.29999923706055,45.45500183105469,45.29999923706055,45.45500183105469,1076.0
2024-03-01 13:08:00,ETNB,13.3100004196167,13.3100004196167,13.3100004196167,13.289999961853027,13.289999961853027,2805.0
2024-03-01 13:08:00,EVAX,3.5,3.5,3.5,3.5,3.5,204.0
2024-03-01 13:08:00,EVLO,0.05400000140070915,0.05400000140070915,0.05400000140070915,0.05400000140070915,0.05400000140070915,172.0
2024-03-01 13:08:00,EWTX,17.010000228881836,17.010000228881836,17.020000457763672,17.0,17.0,3722.0
2024-03-01 13:08:00,EXAI,6.800000190734863,6.800000190734863,6.800000190734863,6.800000190734863,6.800000190734863,464.0
2024-03-01 13:08:00,EXAS,60.33000183105469,60.33000183105469,60.380001068115234,60.33000183105469,60.380001068115234,437.0
2024-03-01 13:08:00,EXEL,22.55500030517578,22.55500030517578,22.55500030517578,22.545000076293945,22.545000076293945,2996.0
2024-03-01 13:08:00,EYEN,2.5,2.5,2.5,2.4600000381469727,2.4600000381469727,9117.0
2024-03-01 13:08:00,EYPT,28.020000457763672,28.020000457763672,28.020000457763672,28.020000457763672,28.020000457763672,1451.0
2024-03-01 13:08:00,FDMT,29.260000228881836,29.260000228881836,29.260000228881836,29.260000228881836,29.260000228881836,140.0
2024-03-01 13:08:00,FEMY,1.6993000507354736,1.6993000507354736,1.6993000507354736,1.6993000507354736,1.6993000507354736,106.0
2024-03-01 13:08:00,FENC,9.649999618530273,9.649999618530273,9.649999618530273,9.649999618530273,9.649999618530273,1130.0
2024-03-01 13:08:00,FGEN,1.8799999952316284,1.8799999952316284,1.8799999952316284,1.875,1.8799999952316284,1376.0
2024-03-01 13:08:00,FOLD,13.329999923706055,13.329999923706055,13.353099822998047,13.329999923706055,13.353099822998047,3945.0
2024-03-01 13:08:00,FULC,10.850000381469727,10.850000381469727,10.859999656677246,10.850000381469727,10.859999656677246,210.0
2024-03-01 13:08:00,FUSN,12.380000114440918,12.380000114440918,12.399999618530273,12.380000114440918,12.399999618530273,1093.0
2024-03-01 13:08:00,GBIO,2.6500000953674316,2.6500000953674316,2.6600000858306885,2.6500000953674316,2.6500000953674316,580.0
2024-03-01 13:08:00,GDRX,8.229999542236328,8.229999542236328,8.229999542236328,8.229999542236328,8.229999542236328,1463.0
2024-03-01 13:08:00,GERN,2.2300000190734863,2.2300000190734863,2.2300000190734863,2.22379994392395,2.2249999046325684,29202.0
2024-03-01 13:08:00,GH,19.1299991607666,19.1299991607666,19.145000457763672,19.1299991607666,19.145000457763672,703.0
2024-03-01 13:08:00,GILD,72.18499755859375,72.18499755859375,72.19000244140625,72.16500091552734,72.1675033569336,6281.0
2024-03-01 13:08:00,GLSI,12.5,12.5,12.5,12.5,12.5,400.0
2024-03-01 13:08:00,GMDA,0.375,0.375,0.3784500062465668,0.375,0.3784500062465668,37287.0
2024-03-01 13:08:00,GNFT,3.680000066757202,3.680000066757202,3.690000057220459,3.680000066757202,3.690000057220459,2156.0
2024-03-01 13:08:00,GOSS,1.399999976158142,1.399999976158142,1.4049999713897705,1.399999976158142,1.402500033378601,610.0
2024-03-01 13:08:00,GOVX,2.559999942779541,2.559999942779541,2.559999942779541,2.559999942779541,2.559999942779541,292.0
2024-03-01 13:08:00,GRFS,7.105000019073486,7.105000019073486,7.139999866485596,7.105000019073486,7.119999885559082,6713.0
2024-03-01 13:08:00,GRPH,3.490000009536743,3.490000009536743,3.490000009536743,3.490000009536743,3.490000009536743,200.0
2024-03-01 13:08:00,GRTS,2.190000057220459,2.190000057220459,2.199899911880493,2.190000057220459,2.194999933242798,2631.0
2024-03-01 13:08:00,GTHX,3.755000114440918,3.755000114440918,3.7609000205993652,3.75,3.759999990463257,4653.0
2024-03-01 13:08:00,HALO,41.46500015258789,41.46500015258789,41.470001220703125,41.439998626708984,41.439998626708984,1485.0
2024-03-01 13:08:00,HBIO,4.34499979019165,4.34499979019165,4.34499979019165,4.329999923706055,4.329999923706055,217.0
2024-03-01 13:08:00,HCAT,8.039999961853027,8.039999961853027,8.039999961853027,8.039999961853027,8.039999961853027,513.0
2024-03-01 13:08:00,HCSG,12.635000228881836,12.635000228881836,12.635000228881836,12.635000228881836,12.635000228881836,100.0
2024-03-01 13:08:00,HCTI,2.440000057220459,2.440000057220459,2.440000057220459,2.380000114440918,2.380000114440918,1735.0
2024-03-01 13:08:00,HLTH,0.27160000801086426,0.27160000801086426,0.27160000801086426,0.27160000801086426,0.27160000801086426,800.0
2024-03-01 13:08:00,HLVX,19.190000534057617,19.190000534057617,19.190000534057617,19.049999237060547,19.1299991607666,1147.0
2024-03-01 13:08:00,HOLX,74.02999877929688,74.02999877929688,74.05000305175781,74.02999877929688,74.05000305175781,1010.0
2024-03-01 13:08:00,HOWL,6.9019999504089355,6.9019999504089355,6.949999809265137,6.889999866485596,6.949999809265137,300.0
2024-03-01 13:08:00,HPCO,0.25209999084472656,0.25209999084472656,0.25209999084472656,0.25209999084472656,0.25209999084472656,2493.0
2024-03-01 13:08:00,HRMY,31.434999465942383,31.434999465942383,31.434999465942383,31.434999465942383,31.434999465942383,202.0
2024-03-01 13:08:00,HSIC,76.7750015258789,76.7750015258789,76.7750015258789,76.7750015258789,76.7750015258789,370.0
2024-03-01 13:08:00,HUMA,3.430000066757202,3.430000066757202,3.4649999141693115,3.430000066757202,3.4649999141693115,18535.0
2024-03-01 13:08:00,IART,36.47999954223633,36.47999954223633,36.5099983215332,36.47999954223633,36.5099983215332,1167.0
2024-03-01 13:08:00,IBRX,4.768799781799316,4.768799781799316,4.768799781799316,4.764999866485596,4.765500068664551,684.0
2024-03-01 13:08:00,IDXX,582.1849975585938,582.1849975585938,582.1849975585938,582.1849975585938,582.1849975585938,232.0
2024-03-01 13:08:00,IDYA,46.55500030517578,46.55500030517578,46.55500030517578,46.55500030517578,46.55500030517578,346.0
2024-03-01 13:08:00,IINN,1.6877000331878662,1.6877000331878662,1.6877000331878662,1.6877000331878662,1.6877000331878662,200.0
2024-03-01 13:08:00,ILMN,142.27999877929688,142.27999877929688,142.32000732421875,142.27999877929688,142.32000732421875,479.0
2024-03-01 13:08:00,IMAB,1.8300000429153442,1.8300000429153442,1.8300000429153442,1.8300000429153442,1.8300000429153442,351.0
2024-03-01 13:08:00,IMMX,3.5601000785827637,3.5601000785827637,3.5899999141693115,3.5601000785827637,3.5799999237060547,1230.0
2024-03-01 13:08:00,IMNM,25.874000549316406,25.874000549316406,25.959999084472656,25.760000228881836,25.950000762939453,5638.0
2024-03-01 13:08:00,IMUX,1.4909000396728516,1.4909000396728516,1.4909000396728516,1.4909000396728516,1.4909000396728516,297.0
2024-03-01 13:08:00,IMVT,36.2599983215332,36.2599983215332,36.2599983215332,36.2599983215332,36.2599983215332,402.0
2024-03-01 13:08:00,INAB,1.0750000476837158,1.0750000476837158,1.0750000476837158,1.0750000476837158,1.0750000476837158,1390.0
2024-03-01 13:08:00,INCY,59.310001373291016,59.310001373291016,59.310001373291016,59.310001373291016,59.310001373291016,245.0
2024-03-01 13:08:00,INMB,12.359999656677246,12.359999656677246,12.359999656677246,12.359999656677246,12.359999656677246,213.0
2024-03-01 13:08:00,INMD,22.860000610351562,22.860000610351562,22.860000610351562,22.860000610351562,22.860000610351562,1692.0
2024-03-01 13:08:00,INO,9.34000015258789,9.34000015258789,9.380000114440918,9.34000015258789,9.380000114440918,2009.0
2024-03-01 13:08:00,INSM,28.450000762939453,28.450000762939453,28.46500015258789,28.450000762939453,28.46500015258789,341.0
2024-03-01 13:08:00,INVA,15.694999694824219,15.694999694824219,15.699999809265137,15.6899995803833,15.699999809265137,1628.0
2024-03-01 13:08:00,IONM,0.34940001368522644,0.34940001368522644,0.34940001368522644,0.335099995136261,0.335099995136261,7635.0
2024-03-01 13:08:00,IONS,45.915000915527344,45.915000915527344,45.939998626708984,45.890201568603516,45.93000030517578,642.0
2024-03-01 13:08:00,IOVA,16.929899215698242,16.929899215698242,16.93000030517578,16.920000076293945,16.924999237060547,3039.0
2024-03-01 13:08:00,IPSC,3.799999952316284,3.799999952316284,3.799999952316284,3.799999952316284,3.799999952316284,300.0
2024-03-01 13:08:00,IRTC,121.55000305175781,121.55000305175781,121.58000183105469,121.55000305175781,121.58000183105469,1665.0
2024-03-01 13:08:00,IRWD,9.079999923706055,9.079999923706055,9.100000381469727,9.079999923706055,9.100000381469727,12587.0
2024-03-01 13:08:00,ISRG,396.114990234375,396.114990234375,396.20001220703125,396.1099853515625,396.1499938964844,1496.0
2024-03-01 13:08:00,ITCI,71.32499694824219,71.32499694824219,71.32499694824219,71.32499694824219,71.32499694824219,125.0
2024-03-01 13:08:00,ITOS,11.015000343322754,11.015000343322754,11.079999923706055,11.0,11.039999961853027,13685.0
2024-03-01 13:08:00,ITRM,1.274999976158142,1.274999976158142,1.274999976158142,1.274999976158142,1.274999976158142,275.0
2024-03-01 13:08:00,IVVD,4.019999980926514,4.019999980926514,4.019999980926514,4.019999980926514,4.019999980926514,318.0
2024-03-01 13:08:00,IXHL,5.53000020980835,5.53000020980835,5.53000020980835,5.53000020980835,5.53000020980835,250.0
2024-03-01 13:08:00,JAGX,0.07569999992847443,0.07569999992847443,0.0763000026345253,0.07559999823570251,0.07584500312805176,206504.0
2024-03-01 13:08:00,JANX,46.420101165771484,46.420101165771484,46.420101165771484,46.420101165771484,46.420101165771484,442.0
2024-03-01 13:08:00,JAZZ,118.93830108642578,118.93830108642578,118.93830108642578,118.93830108642578,118.93830108642578,1251.0
2024-03-01 13:08:00,JSPR,20.850000381469727,20.850000381469727,20.979999542236328,20.850000381469727,20.979999542236328,596.0
2024-03-01 13:08:00,KALV,14.170000076293945,14.170000076293945,14.170000076293945,14.170000076293945,14.170000076293945,445.0
2024-03-01 13:08:00,KNSA,21.7549991607666,21.7549991607666,21.760000228881836,21.75,21.760000228881836,1587.0
2024-03-01 13:08:00,KOD,6.090000152587891,6.090000152587891,6.090000152587891,6.090000152587891,6.090000152587891,133.0
2024-03-01 13:08:00,KPTI,1.2050000429153442,1.2050000429153442,1.2050000429153442,1.2050000429153442,1.2050000429153442,430.0
2024-03-01 13:08:00,KRMD,2.109999895095825,2.109999895095825,2.140000104904175,2.109999895095825,2.1240999698638916,5844.0
2024-03-01 13:08:00,KROS,69.9800033569336,69.9800033569336,69.9800033569336,69.9800033569336,69.9800033569336,489.0
2024-03-01 13:08:00,KTRA,0.09839800000190735,0.09839800000190735,0.09839999675750732,0.09839800000190735,0.09839999675750732,10940.0
2024-03-01 13:08:00,KURA,21.200000762939453,21.200000762939453,21.200000762939453,21.200000762939453,21.200000762939453,300.0
2024-03-01 13:08:00,KYMR,43.97999954223633,43.97999954223633,44.09000015258789,43.97999954223633,44.09000015258789,2195.0
2024-03-01 13:08:00,KZR,1.0750000476837158,1.0750000476837158,1.0750000476837158,1.0750000476837158,1.0750000476837158,711.0
2024-03-01 13:08:00,LAB,2.5,2.5,2.505000114440918,2.5,2.505000114440918,418.0
2024-03-01 13:08:00,LBPH,21.84000015258789,21.84000015258789,21.84000015258789,21.84000015258789,21.84000015258789,110.0
2024-03-01 13:08:00,LFMD,8.0,8.0,8.010000228881836,7.989999771118164,8.0,807.0
2024-03-01 13:08:00,LFST,7.789999961853027,7.789999961853027,7.795000076293945,7.789999961853027,7.795000076293945,616.0
2024-03-01 13:08:00,LGND,77.79000091552734,77.79000091552734,78.08999633789062,77.79000091552734,78.08999633789062,1127.0
2024-03-01 13:08:00,LIVN,55.79999923706055,55.79999923706055,55.810001373291016,55.76499938964844,55.76499938964844,795.0
2024-03-01 13:08:00,LMAT,67.90260314941406,67.90260314941406,67.98999786376953,67.90260314941406,67.92839813232422,527.0
2024-03-01 13:08:00,LNTH,65.5199966430664,65.5199966430664,65.5199966430664,65.46499633789062,65.46499633789062,542.0
2024-03-01 13:08:00,LPTX,2.9298999309539795,2.9298999309539795,2.9298999309539795,2.9298999309539795,2.9298999309539795,1002.0
2024-03-01 13:08:00,LQDA,14.5,14.5,14.5,14.5,14.5,225.0
2024-03-01 13:08:00,LUNG,9.40250015258789,9.40250015258789,9.404999732971191,9.399999618530273,9.399999618530273,1176.0
2024-03-01 13:08:00,LVTX,2.9800000190734863,2.9800000190734863,2.9800000190734863,2.9649999141693115,2.9800000190734863,2726.0
2024-03-01 13:08:00,LXRX,2.509999990463257,2.509999990463257,2.5199999809265137,2.509999990463257,2.51990008354187,12263.0
2024-03-01 13:08:00,LYEL,3.1649999618530273,3.1649999618530273,3.1649999618530273,3.1649999618530273,3.1649999618530273,150.0
2024-03-01 13:08:00,LYRA,5.710000038146973,5.710000038146973,5.710000038146973,5.704999923706055,5.704999923706055,929.0
2024-03-01 13:08:00,MCRB,1.2000000476837158,1.2000000476837158,1.2100000381469727,1.2000000476837158,1.2100000381469727,2541.0
2024-03-01 13:08:00,MDGL,251.2519989013672,251.2519989013672,251.2519989013672,251.2519989013672,251.2519989013672,249.0
2024-03-01 13:08:00,MDRX,6.039999961853027,6.039999961853027,6.099999904632568,6.039999961853027,6.099999904632568,18392.0
2024-03-01 13:08:00,MDWD,14.300000190734863,14.300000190734863,14.300100326538086,14.300000190734863,14.300000190734863,521.0
2024-03-01 13:08:00,MDXG,8.675000190734863,8.675000190734863,8.6850004196167,8.670000076293945,8.680000305175781,3187.0
2024-03-01 13:08:00,MDXH,3.7300000190734863,3.7300000190734863,3.7300000190734863,3.7300000190734863,3.7300000190734863,1000.0
2024-03-01 13:08:00,ME,0.570900022983551,0.570900022983551,0.5709999799728394,0.5708000063896179,0.570900022983551,10175.0
2024-03-01 13:08:00,MEDP,401.94000244140625,401.94000244140625,401.94000244140625,401.94000244140625,401.94000244140625,561.0
2024-03-01 13:08:00,MGNX,19.04960060119629,19.04960060119629,19.04960060119629,19.040000915527344,19.040000915527344,543.0
2024-03-01 13:08:00,MNKD,4.510000228881836,4.510000228881836,4.514999866485596,4.510000228881836,4.510000228881836,1975.0
2024-03-01 13:08:00,MNMD,6.119999885559082,6.119999885559082,6.135000228881836,6.119999885559082,6.123799800872803,2827.0
2024-03-01 13:08:00,MNOV,1.3746000528335571,1.3746000528335571,1.3746000528335571,1.3746000528335571,1.3746000528335571,305.0
2024-03-01 13:08:00,MORF,39.540000915527344,39.540000915527344,39.560001373291016,39.540000915527344,39.54999923706055,690.0
2024-03-01 13:08:00,MREO,3.9549999237060547,3.9549999237060547,3.9549999237060547,3.936000108718872,3.936000108718872,17703.0
2024-03-01 13:08:00,MRNA,96.33999633789062,96.33999633789062,96.37460327148438,96.33999633789062,96.37460327148438,2223.0
2024-03-01 13:08:00,MRNS,10.220000267028809,10.220000267028809,10.274999618530273,10.210000038146973,10.274999618530273,7608.0
2024-03-01 13:08:00,MRSN,5.929999828338623,5.929999828338623,5.949999809265137,5.920000076293945,5.940000057220459,2123.0
2024-03-01 13:08:00,MRVI,7.739999771118164,7.739999771118164,7.75,7.735000133514404,7.75,2718.0
2024-03-01 13:08:00,MYGN,21.770000457763672,21.770000457763672,21.770000457763672,21.770000457763672,21.770000457763672,701.0
2024-03-01 13:08:00,NARI,45.08000183105469,45.08000183105469,45.16460037231445,45.0099983215332,45.0099983215332,2552.0
2024-03-01 13:08:00,NAUT,2.640000104904175,2.640000104904175,2.640000104904175,2.640000104904175,2.640000104904175,100.0
2024-03-01 13:08:00,NBIX,131.3000030517578,131.3000030517578,131.3249969482422,131.3000030517578,131.3249969482422,670.0
2024-03-01 13:08:00,NDRA,1.1500999927520752,1.1500999927520752,1.1500999927520752,1.1500999927520752,1.1500999927520752,111.0
2024-03-01 13:08:00,NEO,16.1200008392334,16.1200008392334,16.1200008392334,16.1200008392334,16.1200008392334,592.0
2024-03-01 13:08:00,NEOG,17.350000381469727,17.350000381469727,17.354999542236328,17.350000381469727,17.354999542236328,702.0
2024-03-01 13:08:00,NKTR,0.7979570031166077,0.7979570031166077,0.7990000247955322,0.7907000184059143,0.7907000184059143,15373.0
2024-03-01 13:08:00,NKTX,12.670000076293945,12.670000076293945,12.6850004196167,12.670000076293945,12.680000305175781,440.0
2024-03-01 13:08:00,NNOX,11.0600004196167,11.0600004196167,11.079999923706055,11.0600004196167,11.079999923706055,1574.0
2024-03-01 13:08:00,NRIX,13.635000228881836,13.635000228881836,13.680000305175781,13.635000228881836,13.649999618530273,8164.0
2024-03-01 13:08:00,NRSN,2.0999999046325684,2.0999999046325684,2.118799924850464,2.0940001010894775,2.0940001010894775,6425.0
2024-03-01 13:08:00,NTLA,33.31760025024414,33.31760025024414,33.349998474121094,33.31760025024414,33.34749984741211,1494.0
2024-03-01 13:08:00,NTRA,89.48500061035156,89.48500061035156,89.55999755859375,89.48500061035156,89.55999755859375,1819.0
2024-03-01 13:08:00,NUVL,88.76000213623047,88.76000213623047,88.81999969482422,88.76000213623047,88.81999969482422,375.0
2024-03-01 13:08:00,NVAX,5.159999847412109,5.159999847412109,5.159999847412109,5.159999847412109,5.159999847412109,959.0
2024-03-01 13:08:00,NVCR,15.989999771118164,15.989999771118164,16.0,15.989999771118164,16.0,1795.0
2024-03-01 13:08:00,NVOS,0.6201000213623047,0.6201000213623047,0.6201000213623047,0.6201000213623047,0.6201000213623047,4941.0
2024-03-01 13:08:00,NXTC,1.7699999809265137,1.7699999809265137,1.7699999809265137,1.7699999809265137,1.7699999809265137,300.0
2024-03-01 13:08:00,OCGN,0.9435499906539917,0.9435499906539917,0.9455999732017517,0.9416000247001648,0.9455999732017517,658.0
2024-03-01 13:08:00,OCUL,10.819999694824219,10.819999694824219,10.819999694824219,10.819999694824219,10.819999694824219,475.0
2024-03-01 13:08:00,OLK,22.684999465942383,22.684999465942383,22.690000534057617,22.645000457763672,22.645000457763672,2584.0
2024-03-01 13:08:00,OLMA,14.619999885559082,14.619999885559082,14.619999885559082,14.590999603271484,14.600199699401855,2585.0
2024-03-01 13:08:00,OM,3.134999990463257,3.134999990463257,3.134999990463257,3.134999990463257,3.134999990463257,342.0
2024-03-01 13:08:00,OMGA,4.21999979019165,4.21999979019165,4.21999979019165,4.21999979019165,4.21999979019165,100.0
2024-03-01 13:08:00,ONCY,1.1399999856948853,1.1399999856948853,1.1399999856948853,1.1399999856948853,1.1399999856948853,10000.0
2024-03-01 13:09:00,ABCL,5.250999927520752,5.250999927520752,5.259799957275391,5.250999927520752,5.259799957275391,2337.0
2024-03-01 13:09:00,ABSI,5.369999885559082,5.369999885559082,5.369999885559082,5.361999988555908,5.369999885559082,3766.0
2024-03-01 13:09:00,ABUS,2.7750000953674316,2.7750000953674316,2.7750000953674316,2.7750000953674316,2.7750000953674316,764.0
2024-03-01 13:09:00,ACAD,24.420000076293945,24.420000076293945,24.420000076293945,24.3799991607666,24.3799991607666,2839.0
2024-03-01 13:09:00,ACB,3.200000047683716,3.200000047683716,3.200000047683716,3.200000047683716,3.200000047683716,1065.0
2024-03-01 13:09:00,ACET,2.3949999809265137,2.3949999809265137,2.4000000953674316,2.390000104904175,2.390000104904175,1312.0
2024-03-01 13:09:00,ACHC,84.48999786376953,84.48999786376953,84.48999786376953,84.4800033569336,84.4800033569336,225.0
2024-03-01 13:09:00,ACHL,1.350000023841858,1.350000023841858,1.350000023841858,1.350000023841858,1.350000023841858,6055.0
2024-03-01 13:09:00,ACHV,4.360000133514404,4.360000133514404,4.360000133514404,4.360000133514404,4.360000133514404,130.0
2024-03-01 13:09:00,ACLX,67.20999908447266,67.20999908447266,67.20999908447266,67.20999908447266,67.20999908447266,343.0
2024-03-01 13:09:00,ACON,0.4050000011920929,0.4050000011920929,0.4050000011920929,0.4050000011920929,0.4050000011920929,501.0
2024-03-01 13:09:00,ACRS,1.2400000095367432,1.2400000095367432,1.2400000095367432,1.2300000190734863,1.2350000143051147,1920.0
2024-03-01 13:09:00,ADIL,3.049999952316284,3.049999952316284,3.0799999237060547,3.049999952316284,3.0615999698638916,13493.0
2024-03-01 13:09:00,ADMA,5.505000114440918,5.505000114440918,5.507400035858154,5.502900123596191,5.505000114440918,3196.0
2024-03-01 13:09:00,ADPT,4.204999923706055,4.204999923706055,4.204999923706055,4.204999923706055,4.204999923706055,217.0
2024-03-01 13:09:00,AFMD,0.6399999856948853,0.6399999856948853,0.6399999856948853,0.6399999856948853,0.6399999856948853,11911.0
2024-03-01 13:09:00,AGEN,0.6790000200271606,0.6790000200271606,0.6790000200271606,0.6787999868392944,0.6789000034332275,90910.0
2024-03-01 13:09:00,AGIO,32.90999984741211,32.90999984741211,32.90999984741211,32.88999938964844,32.88999938964844,1613.0
2024-03-01 13:09:00,AHCO,10.574999809265137,10.574999809265137,10.574999809265137,10.5649995803833,10.5649995803833,2900.0
2024-03-01 13:09:00,AIRS,6.454999923706055,6.454999923706055,6.454999923706055,6.454999923706055,6.454999923706055,102.0
2024-03-01 13:09:00,AKAN,0.21389999985694885,0.21389999985694885,0.21490000188350677,0.21389999985694885,0.21459999680519104,12192.0
2024-03-01 13:09:00,AKBA,1.6899000406265259,1.6899000406265259,1.690000057220459,1.684999942779541,1.6899000406265259,3647.0
2024-03-01 13:09:00,AKRO,29.8799991607666,29.8799991607666,29.889999389648438,29.84000015258789,29.84000015258789,2380.0
2024-03-01 13:09:00,ALDX,4.279799938201904,4.279799938201904,4.28000020980835,4.271200180053711,4.275000095367432,1586.0
2024-03-01 13:09:00,ALEC,7.335000038146973,7.335000038146973,7.335000038146973,7.335000038146973,7.335000038146973,967.0
2024-03-01 13:09:00,ALHC,5.710000038146973,5.710000038146973,5.710000038146973,5.695000171661377,5.699999809265137,5036.0
2024-03-01 13:09:00,ALKS,30.2450008392334,30.2450008392334,30.270000457763672,30.2450008392334,30.267000198364258,1941.0
2024-03-01 13:09:00,ALLO,5.034999847412109,5.034999847412109,5.034999847412109,5.034999847412109,5.034999847412109,1226.0
2024-03-01 13:09:00,ALLR,0.3950999975204468,0.3950999975204468,0.3950999975204468,0.3950999975204468,0.3950999975204468,664.0
2024-03-01 13:09:00,ALPN,35.875,35.875,35.875,35.849998474121094,35.849998474121094,1295.0
2024-03-01 13:09:00,ALRN,5.130000114440918,5.130000114440918,5.130000114440918,5.130000114440918,5.130000114440918,401.0
2024-03-01 13:09:00,ALT,11.989999771118164,11.989999771118164,12.01099967956543,11.989999771118164,12.01099967956543,12154.0
2024-03-01 13:09:00,ALVR,0.7555999755859375,0.7555999755859375,0.7555999755859375,0.7555999755859375,0.7555999755859375,236.0
2024-03-01 13:09:00,ALXO,15.020000457763672,15.020000457763672,15.020000457763672,15.020000457763672,15.020000457763672,205.0
2024-03-01 13:09:00,AMGN,280.67999267578125,280.67999267578125,280.69500732421875,280.6300048828125,280.69500732421875,1922.0
2024-03-01 13:09:00,AMPH,45.369998931884766,45.369998931884766,45.369998931884766,45.369998931884766,45.369998931884766,2147.0
2024-03-01 13:09:00,AMRN,1.0499999523162842,1.0499999523162842,1.059999942779541,1.0499999523162842,1.0499999523162842,700.0
2024-03-01 13:09:00,ANGO,5.519999980926514,5.519999980926514,5.519999980926514,5.519999980926514,5.519999980926514,488.0
2024-03-01 13:09:00,ANNX,5.989999771118164,5.989999771118164,6.039999961853027,5.980000019073486,6.03000020980835,137908.0
2024-03-01 13:09:00,APLS,64.88999938964844,64.88999938964844,64.88999938964844,64.8499984741211,64.88500213623047,1439.0
2024-03-01 13:09:00,APLT,7.170000076293945,7.170000076293945,7.170000076293945,7.150000095367432,7.150000095367432,3153.0
2024-03-01 13:09:00,AQST,4.199999809265137,4.199999809265137,4.200699806213379,4.199999809265137,4.200699806213379,1428.0
2024-03-01 13:09:00,ARDX,9.498499870300293,9.498499870300293,9.510000228881836,9.494999885559082,9.5,35804.0
2024-03-01 13:09:00,ARQT,11.675000190734863,11.675000190734863,11.680000305175781,11.630000114440918,11.655200004577637,6261.0
2024-03-01 13:09:00,ARTL,1.4500000476837158,1.4500000476837158,1.4700000286102295,1.4500000476837158,1.4700000286102295,1215.0
2024-03-01 13:09:00,ARVN,48.790000915527344,48.790000915527344,48.80500030517578,48.689998626708984,48.70000076293945,2310.0
2024-03-01 13:09:00,ARWR,35.59000015258789,35.59000015258789,35.65999984741211,35.59000015258789,35.65999984741211,1578.0
2024-03-01 13:09:00,ASLN,0.7599999904632568,0.7599999904632568,0.7599999904632568,0.7599999904632568,0.7599999904632568,4010.0
2024-03-01 13:09:00,ASND,152.22999572753906,152.22999572753906,152.25,152.22999572753906,152.25,345.0
2024-03-01 13:09:00,ASRT,0.9258000254631042,0.9258000254631042,0.9258000254631042,0.9258000254631042,0.9258000254631042,200.0
2024-03-01 13:09:00,ATAI,2.1449999809265137,2.1449999809265137,2.1500000953674316,2.140000104904175,2.1500000953674316,3518.0
2024-03-01 13:09:00,ATEC,13.489999771118164,13.489999771118164,13.494999885559082,13.489999771118164,13.494999885559082,1551.0
2024-03-01 13:09:00,ATOS,1.0099999904632568,1.0099999904632568,1.01010000705719,1.0099999904632568,1.01010000705719,10220.0
2024-03-01 13:09:00,ATRA,0.7907999753952026,0.7907999753952026,0.7907999753952026,0.7907999753952026,0.7907999753952026,423.0
2024-03-01 13:09:00,ATXI,0.15219999849796295,0.15219999849796295,0.15219999849796295,0.15219999849796295,0.15219999849796295,274.0
2024-03-01 13:09:00,ATXS,14.890000343322754,14.890000343322754,14.890000343322754,14.880000114440918,14.880000114440918,627.0
2024-03-01 13:09:00,AUGX,4.565000057220459,4.565000057220459,4.565000057220459,4.565000057220459,4.565000057220459,662.0
2024-03-01 13:09:00,AUPH,5.855000019073486,5.855000019073486,5.855000019073486,5.855000019073486,5.855000019073486,904.0
2024-03-01 13:09:00,AUTL,6.360000133514404,6.360000133514404,6.360000133514404,6.360000133514404,6.360000133514404,190.0
2024-03-01 13:09:00,AVDL,12.979999542236328,12.979999542236328,12.989999771118164,12.979999542236328,12.989999771118164,2583.0
2024-03-01 13:09:00,AZN,64.65499877929688,64.65499877929688,64.66999816894531,64.6509017944336,64.66000366210938,9845.0
2024-03-01 13:09:00,BBIO,36.095001220703125,36.095001220703125,36.095001220703125,36.095001220703125,36.095001220703125,312.0
2024-03-01 13:09:00,BCAB,2.755000114440918,2.755000114440918,2.759999990463257,2.755000114440918,2.755000114440918,526.0
2024-03-01 13:09:00,BCLI,0.3560999929904938,0.3560999929904938,0.3560999929904938,0.3560999929904938,0.3560999929904938,1275.0
2024-03-01 13:09:00,BCRX,5.744999885559082,5.744999885559082,5.744999885559082,5.744999885559082,5.744999885559082,1239.0
2024-03-01 13:09:00,BDTX,5.014999866485596,5.014999866485596,5.014999866485596,4.994999885559082,4.994999885559082,910.0
2024-03-01 13:09:00,BEAM,40.099998474121094,40.099998474121094,40.099998474121094,40.07500076293945,40.07500076293945,982.0
2024-03-01 13:09:00,BIIB,221.23500061035156,221.23500061035156,221.23500061035156,221.11000061035156,221.11000061035156,981.0
2024-03-01 13:09:00,BIOL,0.13950000703334808,0.13950000703334808,0.13950000703334808,0.13930000364780426,0.13940000534057617,20176.0
2024-03-01 13:09:00,BIVI,1.899899959564209,1.899899959564209,1.899999976158142,1.8799999952316284,1.8804999589920044,24695.0
2024-03-01 13:09:00,BLUE,1.597499966621399,1.597499966621399,1.597499966621399,1.590000033378601,1.5950000286102295,4943.0
2024-03-01 13:09:00,BMEA,18.139999389648438,18.139999389648438,18.149999618530273,18.139999389648438,18.149999618530273,292.0
2024-03-01 13:09:00,BMRN,87.56999969482422,87.56999969482422,87.56999969482422,87.5250015258789,87.54499816894531,2447.0
2024-03-01 13:09:00,BPMC,97.26000213623047,97.26000213623047,97.29000091552734,97.16000366210938,97.16000366210938,1060.0
2024-03-01 13:09:00,BRKR,88.39399719238281,88.39399719238281,88.41000366210938,88.39399719238281,88.41000366210938,480.0
2024-03-01 13:09:00,BSGM,0.6600000262260437,0.6600000262260437,0.6600000262260437,0.6600000262260437,0.6600000262260437,100.0
2024-03-01 13:09:00,BTAI,3.1700000762939453,3.1700000762939453,3.190000057220459,3.1700000762939453,3.190000057220459,8144.0
2024-03-01 13:09:00,BTTX,0.17560000717639923,0.17560000717639923,0.17560000717639923,0.17560000717639923,0.17560000717639923,1500.0
2024-03-01 13:09:00,BVS,4.744999885559082,4.744999885559082,4.744999885559082,4.744999885559082,4.744999885559082,237.0
2024-03-01 13:09:00,BWAY,6.514999866485596,6.514999866485596,6.514999866485596,6.514999866485596,6.514999866485596,100.0
2024-03-01 13:09:00,CABA,24.040000915527344,24.040000915527344,24.040000915527344,24.040000915527344,24.040000915527344,195.0
2024-03-01 13:09:00,CBAY,32.2400016784668,32.2400016784668,32.2400016784668,32.23500061035156,32.2400016784668,878.0
2024-03-01 13:09:00,CCCC,10.960000038146973,10.960000038146973,10.960000038146973,10.9399995803833,10.9399995803833,697.0
2024-03-01 13:09:00,CDMO,8.079999923706055,8.079999923706055,8.09000015258789,8.079999923706055,8.09000015258789,593.0
2024-03-01 13:09:00,CDNA,12.324999809265137,12.324999809265137,12.329999923706055,12.319999694824219,12.329999923706055,2440.0
2024-03-01 13:09:00,CELC,16.280000686645508,16.280000686645508,16.280000686645508,16.280000686645508,16.280000686645508,120.0
2024-03-01 13:09:00,CERE,41.10499954223633,41.10499954223633,41.11000061035156,41.099998474121094,41.099998474121094,659.0
2024-03-01 13:09:00,CERS,2.2200000286102295,2.2200000286102295,2.2200000286102295,2.2200000286102295,2.2200000286102295,701.0
2024-03-01 13:09:00,CERT,17.860000610351562,17.860000610351562,17.8700008392334,17.850000381469727,17.8700008392334,1253.0
2024-03-01 13:09:00,CGC,3.2699999809265137,3.2699999809265137,3.2699999809265137,3.255000114440918,3.259999990463257,4238.0
2024-03-01 13:09:00,CGEM,18.84000015258789,18.84000015258789,18.84000015258789,18.84000015258789,18.84000015258789,286.0
2024-03-01 13:09:00,CHRS,2.4149999618530273,2.4149999618530273,2.4149999618530273,2.4149999618530273,2.4149999618530273,9433.0
2024-03-01 13:09:00,CLDX,51.244998931884766,51.244998931884766,51.244998931884766,50.95000076293945,50.974998474121094,7754.0
2024-03-01 13:09:00,CLOV,0.8665000200271606,0.8665000200271606,0.8675000071525574,0.8664500117301941,0.8674989938735962,58525.0
2024-03-01 13:09:00,CLPT,6.709400177001953,6.709400177001953,6.709400177001953,6.709400177001953,6.709400177001953,100.0
2024-03-01 13:09:00,CMAX,7.764999866485596,7.764999866485596,7.764999866485596,7.764999866485596,7.764999866485596,602.0
2024-03-01 13:09:00,CMPS,11.5,11.5,11.505000114440918,11.5,11.505000114440918,905.0
2024-03-01 13:09:00,CNSP,0.3240000009536743,0.3240000009536743,0.3240000009536743,0.32199999690055847,0.32199999690055847,6802.0
2024-03-01 13:09:00,CODX,1.159999966621399,1.159999966621399,1.159999966621399,1.1598999500274658,1.159999966621399,1616.0
2024-03-01 13:09:00,COGT,7.159999847412109,7.159999847412109,7.170000076293945,7.159999847412109,7.170000076293945,1463.0
2024-03-01 13:09:00,CORT,24.260000228881836,24.260000228881836,24.260000228881836,24.239999771118164,24.25,5796.0
2024-03-01 13:09:00,CPRX,17.174999237060547,17.174999237060547,17.174999237060547,17.170000076293945,17.174999237060547,892.0
2024-03-01 13:09:00,CPSI,9.5649995803833,9.5649995803833,9.5649995803833,9.5649995803833,9.5649995803833,259.0
2024-03-01 13:09:00,CRBP,32.060001373291016,32.060001373291016,32.060001373291016,32.060001373291016,32.060001373291016,269.0
2024-03-01 13:09:00,CRBU,7.954999923706055,7.954999923706055,7.954999923706055,7.940000057220459,7.945000171661377,6420.0
2024-03-01 13:09:00,CRDF,2.3499999046325684,2.3499999046325684,2.3499999046325684,2.3299999237060547,2.3399999141693115,17963.0
2024-03-01 13:09:00,CRDL,1.9183000326156616,1.9183000326156616,1.9183000326156616,1.9183000326156616,1.9183000326156616,264.0
2024-03-01 13:09:00,CRNX,46.79999923706055,46.79999923706055,46.79999923706055,46.70500183105469,46.70500183105469,1607.0
2024-03-01 13:09:00,CRON,2.069999933242798,2.069999933242798,2.069999933242798,2.0650999546051025,2.0650999546051025,301.0
2024-03-01 13:09:00,CRSP,86.04000091552734,86.04000091552734,86.07499694824219,85.9000015258789,85.9000015258789,1621.0
2024-03-01 13:09:00,CRVS,2.25,2.25,2.25,2.25,2.25,118.0
2024-03-01 13:09:00,CTKB,8.800000190734863,8.800000190734863,8.800000190734863,8.779999732971191,8.779999732971191,2357.0
2024-03-01 13:09:00,CTMX,2.699399948120117,2.699399948120117,2.699399948120117,2.699399948120117,2.699399948120117,114.0
2024-03-01 13:09:00,CTXR,0.774399995803833,0.774399995803833,0.774399995803833,0.774399995803833,0.774399995803833,346.0
2024-03-01 13:09:00,CUE,2.2149999141693115,2.2149999141693115,2.2200000286102295,2.2149999141693115,2.2149999141693115,971.0
2024-03-01 13:09:00,CVRX,20.610000610351562,20.610000610351562,20.610000610351562,20.610000610351562,20.610000610351562,257.0
2024-03-01 13:09:00,CYCC,2.629699945449829,2.629699945449829,2.629699945449829,2.629699945449829,2.629699945449829,3389.0
2024-03-01 13:09:00,CYTK,73.16999816894531,73.16999816894531,73.19080352783203,73.1500015258789,73.16000366210938,1104.0
2024-03-01 13:09:00,CYTO,2.4000000953674316,2.4000000953674316,2.4200000762939453,2.361599922180176,2.369999885559082,3676.0
2024-03-01 13:09:00,DAWN,17.43000030517578,17.43000030517578,17.434999465942383,17.43000030517578,17.434999465942383,631.0
2024-03-01 13:09:00,DCGO,4.159999847412109,4.159999847412109,4.159999847412109,4.159999847412109,4.159999847412109,539.0
2024-03-01 13:09:00,DH,8.819999694824219,8.819999694824219,8.819999694824219,8.800000190734863,8.800000190734863,2027.0
2024-03-01 13:09:00,DMTK,0.8511009812355042,0.8511009812355042,0.8600000143051147,0.8511009812355042,0.8528000116348267,1760.0
2024-03-01 13:09:00,DNLI,20.780000686645508,20.780000686645508,20.780000686645508,20.770000457763672,20.770000457763672,1607.0
2024-03-01 13:09:00,DSGN,2.884999990463257,2.884999990463257,2.884999990463257,2.884999990463257,2.884999990463257,132.0
2024-03-01 13:09:00,DTIL,12.180000305175781,12.180000305175781,12.244999885559082,12.109999656677246,12.109999656677246,6097.0
2024-03-01 13:09:00,DVAX,12.896499633789062,12.896499633789062,12.899999618530273,12.896499633789062,12.899999618530273,393.0
2024-03-01 13:09:00,DXCM,121.83000183105469,121.83000183105469,121.87000274658203,121.80999755859375,121.83000183105469,4126.0
2024-03-01 13:09:00,DYN,28.770000457763672,28.770000457763672,28.78499984741211,28.75,28.75,3043.0
2024-03-01 13:09:00,EDIT,10.866299629211426,10.866299629211426,10.869999885559082,10.859999656677246,10.859999656677246,1501.0
2024-03-01 13:09:00,EGRX,6.729899883270264,6.729899883270264,6.729899883270264,6.729899883270264,6.729899883270264,835.0
2024-03-01 13:09:00,EKSO,2.0199999809265137,2.0199999809265137,2.0199999809265137,2.0199999809265137,2.0199999809265137,166.0
2024-03-01 13:09:00,ELEV,5.0,5.0,5.019999980926514,4.989999771118164,4.989999771118164,802.0
2024-03-01 13:09:00,ENLV,3.313199996948242,3.313199996948242,3.313199996948242,3.313199996948242,3.313199996948242,220.0
2024-03-01 13:09:00,ENTA,15.390000343322754,15.390000343322754,15.390000343322754,15.359999656677246,15.359999656677246,671.0
2024-03-01 13:09:00,ENVB,1.5199999809265137,1.5199999809265137,1.5199999809265137,1.5,1.5,1731.0
2024-03-01 13:09:00,EOLS,14.800000190734863,14.800000190734863,14.800000190734863,14.800000190734863,14.800000190734863,934.0
2024-03-01 13:09:00,EPIX,9.545000076293945,9.545000076293945,9.545000076293945,9.545000076293945,9.545000076293945,586.0
2024-03-01 13:09:00,ESPR,2.520900011062622,2.520900011062622,2.5250000953674316,2.5199999809265137,2.5250000953674316,4290.0
2024-03-01 13:09:00,ETNB,13.319999694824219,13.319999694824219,13.319999694824219,13.3100004196167,13.3100004196167,4144.0
2024-03-01 13:09:00,EVOK,0.6290000081062317,0.6290000081062317,0.6399999856948853,0.6290000081062317,0.6399999856948853,1100.0
2024-03-01 13:09:00,EWTX,17.0,17.0,17.0,17.0,17.0,315.0
2024-03-01 13:09:00,EXAS,60.38999938964844,60.38999938964844,60.43000030517578,60.38999938964844,60.400001525878906,2575.0
2024-03-01 13:09:00,EXEL,22.55500030517578,22.55500030517578,22.55500030517578,22.55500030517578,22.55500030517578,1124.0
2024-03-01 13:09:00,FATE,7.635000228881836,7.635000228881836,7.635000228881836,7.635000228881836,7.635000228881836,558.0
2024-03-01 13:09:00,FBIO,2.323499917984009,2.323499917984009,2.3299999237060547,2.323499917984009,2.3299999237060547,881.0
2024-03-01 13:09:00,FDMT,29.290000915527344,29.290000915527344,29.290000915527344,29.280000686645508,29.280000686645508,575.0
2024-03-01 13:09:00,FLGT,23.25,23.25,23.25,23.25,23.25,237.0
2024-03-01 13:09:00,FOLD,13.34000015258789,13.34000015258789,13.34000015258789,13.335000038146973,13.34000015258789,1326.0
2024-03-01 13:09:00,FULC,10.850000381469727,10.850000381469727,10.859999656677246,10.850000381469727,10.850000381469727,300.0
2024-03-01 13:09:00,FUSN,12.414999961853027,12.414999961853027,12.430000305175781,12.399999618530273,12.399999618530273,1644.0
2024-03-01 13:09:00,GDRX,8.229999542236328,8.229999542236328,8.229999542236328,8.229999542236328,8.229999542236328,409.0
2024-03-01 13:09:00,GERN,2.2300000190734863,2.2300000190734863,2.2300000190734863,2.2216999530792236,2.2249999046325684,8382.0
2024-03-01 13:09:00,GILD,72.19499969482422,72.19499969482422,72.20500183105469,72.18499755859375,72.18499755859375,7869.0
2024-03-01 13:09:00,GLYC,3.0399999618530273,3.0399999618530273,3.049999952316284,3.0399999618530273,3.049999952316284,302.0
2024-03-01 13:09:00,GMAB,29.31999969482422,29.31999969482422,29.31999969482422,29.31999969482422,29.31999969482422,227.0
2024-03-01 13:09:00,GMDA,0.37040001153945923,0.37040001153945923,0.375,0.37040001153945923,0.375,14299.0
2024-03-01 13:09:00,GOSS,1.399999976158142,1.399999976158142,1.4049999713897705,1.399999976158142,1.399999976158142,500.0
2024-03-01 13:09:00,GRFS,7.105000019073486,7.105000019073486,7.105000019073486,7.105000019073486,7.105000019073486,625.0
2024-03-01 13:09:00,GRPH,3.490000009536743,3.490000009536743,3.490000009536743,3.490000009536743,3.490000009536743,100.0
2024-03-01 13:09:00,GRTS,2.1898999214172363,2.1898999214172363,2.1898999214172363,2.1898999214172363,2.1898999214172363,5201.0
2024-03-01 13:09:00,GTHX,3.755000114440918,3.755000114440918,3.759999990463257,3.755000114440918,3.759999990463257,400.0
2024-03-01 13:09:00,HALO,41.5099983215332,41.5099983215332,41.5099983215332,41.47999954223633,41.47999954223633,1625.0
2024-03-01 13:09:00,HCAT,8.039999961853027,8.039999961853027,8.039999961853027,8.029999732971191,8.029999732971191,560.0
2024-03-01 13:09:00,HCSG,12.630000114440918,12.630000114440918,12.630000114440918,12.630000114440918,12.630000114440918,723.0
2024-03-01 13:09:00,HCTI,2.4000000953674316,2.4000000953674316,2.400099992752075,2.4000000953674316,2.4000000953674316,3805.0
2024-03-01 13:09:00,HITI,1.7699999809265137,1.7699999809265137,1.7699999809265137,1.7699999809265137,1.7699999809265137,556.0
2024-03-01 13:09:00,HLTH,0.2712000012397766,0.2712000012397766,0.2712000012397766,0.2712000012397766,0.2712000012397766,163.0
2024-03-01 13:09:00,HOLX,74.05500030517578,74.05500030517578,74.05500030517578,74.02999877929688,74.02999877929688,860.0
2024-03-01 13:09:00,HOWL,6.889999866485596,6.889999866485596,6.889999866485596,6.889999866485596,6.889999866485596,100.0
2024-03-01 13:09:00,HQY,81.69000244140625,81.69000244140625,81.69000244140625,81.69000244140625,81.69000244140625,727.0
2024-03-01 13:09:00,HRMY,31.434999465942383,31.434999465942383,31.434999465942383,31.40999984741211,31.434999465942383,570.0
2024-03-01 13:09:00,HROW,10.84000015258789,10.84000015258789,10.850000381469727,10.84000015258789,10.840399742126465,3465.0
2024-03-01 13:09:00,HRTX,2.5799999237060547,2.5799999237060547,2.5850000381469727,2.5799999237060547,2.5850000381469727,1267.0
2024-03-01 13:09:00,HSIC,76.86000061035156,76.86000061035156,76.86000061035156,76.80500030517578,76.80500030517578,5025.0
2024-03-01 13:09:00,HUMA,3.434999942779541,3.434999942779541,3.434999942779541,3.434999942779541,3.434999942779541,1375.0
2024-03-01 13:09:00,IART,36.439998626708984,36.439998626708984,36.439998626708984,36.439998626708984,36.439998626708984,4040.0
2024-03-01 13:09:00,IBRX,4.769999980926514,4.769999980926514,4.775000095367432,4.769999980926514,4.769999980926514,2726.0
2024-03-01 13:09:00,ICLR,323.44500732421875,323.44500732421875,323.44500732421875,323.44500732421875,323.44500732421875,353.0
2024-03-01 13:09:00,ICUI,104.86000061035156,104.86000061035156,104.91999816894531,104.86000061035156,104.91999816894531,432.0
2024-03-01 13:09:00,IDXX,582.3300170898438,582.3300170898438,582.3300170898438,582.3150024414062,582.3150024414062,283.0
2024-03-01 13:09:00,IDYA,46.584999084472656,46.584999084472656,46.584999084472656,46.58000183105469,46.58000183105469,388.0
2024-03-01 13:09:00,IGMS,13.470000267028809,13.470000267028809,13.470000267028809,13.444999694824219,13.460000038146973,523.0
2024-03-01 13:09:00,IKNA,1.5099999904632568,1.5099999904632568,1.5099999904632568,1.5099999904632568,1.5099999904632568,301.0
2024-03-01 13:09:00,ILMN,142.35000610351562,142.35000610351562,142.39999389648438,142.35000610351562,142.35000610351562,912.0
2024-03-01 13:09:00,IMMX,3.559999942779541,3.559999942779541,3.559999942779541,3.559999942779541,3.559999942779541,100.0
2024-03-01 13:09:00,IMNM,25.826400756835938,25.826400756835938,25.84000015258789,25.826400756835938,25.84000015258789,305.0
2024-03-01 13:09:00,IMTX,12.989999771118164,12.989999771118164,12.989999771118164,12.989999771118164,12.989999771118164,115.0
2024-03-01 13:09:00,IMUX,1.4900000095367432,1.4900000095367432,1.4900000095367432,1.4900000095367432,1.4900000095367432,438.0
2024-03-01 13:09:00,IMVT,36.244998931884766,36.244998931884766,36.244998931884766,36.2400016784668,36.2400016784668,435.0
2024-03-01 13:09:00,INBX,36.54499816894531,36.54499816894531,36.54499816894531,36.54499816894531,36.54499816894531,145.0
2024-03-01 13:09:00,INCY,59.29999923706055,59.29999923706055,59.29999923706055,59.29999923706055,59.29999923706055,235.0
2024-03-01 13:09:00,INGN,6.821000099182129,6.821000099182129,6.821000099182129,6.821000099182129,6.821000099182129,368.0
2024-03-01 13:09:00,INMD,22.854999542236328,22.854999542236328,22.860000610351562,22.850299835205078,22.850299835205078,2246.0
2024-03-01 13:09:00,INO,9.332500457763672,9.332500457763672,9.350000381469727,9.332500457763672,9.34000015258789,1459.0
2024-03-01 13:09:00,INSM,28.459999084472656,28.459999084472656,28.459999084472656,28.440000534057617,28.440000534057617,1337.0
2024-03-01 13:09:00,INVA,15.669899940490723,15.669899940490723,15.694999694824219,15.669899940490723,15.694999694824219,1334.0
2024-03-01 13:09:00,INZY,6.695000171661377,6.695000171661377,6.695000171661377,6.695000171661377,6.695000171661377,611.0
2024-03-01 13:09:00,IONS,45.915000915527344,45.915000915527344,45.939998626708984,45.915000915527344,45.939998626708984,593.0
2024-03-01 13:09:00,IOVA,16.9822998046875,16.9822998046875,16.9950008392334,16.924999237060547,16.924999237060547,30869.0
2024-03-01 13:09:00,IRMD,41.88999938964844,41.88999938964844,41.88999938964844,41.845001220703125,41.845001220703125,417.0
2024-03-01 13:09:00,IRWD,9.085000038146973,9.085000038146973,9.085000038146973,9.079999923706055,9.079999923706055,2955.0
2024-03-01 13:09:00,ISRG,395.94000244140625,395.94000244140625,396.0299987792969,395.94000244140625,396.010009765625,3443.0
2024-03-01 13:09:00,ITCI,71.33499908447266,71.33499908447266,71.33499908447266,71.33499908447266,71.33499908447266,202.0
2024-03-01 13:09:00,ITOS,11.010000228881836,11.010000228881836,11.010000228881836,11.0,11.0,385.0
2024-03-01 13:09:00,ITRM,1.2799999713897705,1.2799999713897705,1.2799999713897705,1.2799999713897705,1.2799999713897705,1500.0
2024-03-01 13:09:00,IXHL,5.500800132751465,5.500800132751465,5.514900207519531,5.5,5.514900207519531,1008.0
2024-03-01 13:09:00,JAGX,0.07670000195503235,0.07670000195503235,0.07670000195503235,0.07599999755620956,0.0763000026345253,254296.0
2024-03-01 13:09:00,JANX,46.54999923706055,46.54999923706055,46.54999923706055,46.54999923706055,46.54999923706055,422.0
2024-03-01 13:09:00,JAZZ,118.87000274658203,118.87000274658203,118.87000274658203,118.87000274658203,118.87000274658203,423.0
2024-03-01 13:09:00,KNSA,21.75,21.75,21.75,21.75,21.75,129.0
2024-03-01 13:09:00,KNTE,2.5950000286102295,2.5950000286102295,2.5999999046325684,2.5950000286102295,2.5999999046325684,3657.0
2024-03-01 13:09:00,KOD,6.085000038146973,6.085000038146973,6.085000038146973,6.079999923706055,6.079999923706055,306.0
2024-03-01 13:09:00,KPRX,0.6335009932518005,0.6335009932518005,0.6335009932518005,0.6335009932518005,0.6335009932518005,4000.0
2024-03-01 13:09:00,KPTI,1.2050000429153442,1.2050000429153442,1.2050000429153442,1.2050000429153442,1.2050000429153442,818.0
2024-03-01 13:09:00,KRMD,2.109999895095825,2.109999895095825,2.109999895095825,2.109999895095825,2.109999895095825,318.0
2024-03-01 13:09:00,KRON,1.0299999713897705,1.0299999713897705,1.0399999618530273,1.024999976158142,1.0298999547958374,4980.0
2024-03-01 13:09:00,KRTX,316.8500061035156,316.8500061035156,316.8500061035156,316.8500061035156,316.8500061035156,797.0
2024-03-01 13:09:00,KTRA,0.0966000035405159,0.0966000035405159,0.0982000008225441,0.0966000035405159,0.0982000008225441,55398.0
2024-03-01 13:09:00,KURA,21.200000762939453,21.200000762939453,21.200000762939453,21.200000762939453,21.200000762939453,200.0
2024-03-01 13:09:00,KYMR,43.9900016784668,43.9900016784668,44.029998779296875,43.97999954223633,44.029998779296875,1165.0
2024-03-01 13:09:00,KZR,1.0750000476837158,1.0750000476837158,1.0750000476837158,1.0750000476837158,1.0750000476837158,200.0
2024-03-01 13:09:00,LAB,2.505000114440918,2.505000114440918,2.505000114440918,2.505000114440918,2.505000114440918,800.0
2024-03-01 13:09:00,LBPH,21.84000015258789,21.84000015258789,21.84000015258789,21.84000015258789,21.84000015258789,101.0
2024-03-01 13:09:00,LEGN,66.0,66.0,66.0,65.9800033569336,65.9800033569336,1373.0
2024-03-01 13:09:00,LFLY,3.0,3.0,3.0,3.0,3.0,100.0
2024-03-01 13:09:00,LFMD,8.0,8.0,8.0,7.991300106048584,7.991300106048584,2275.0
2024-03-01 13:09:00,LFST,7.784999847412109,7.784999847412109,7.784999847412109,7.784999847412109,7.784999847412109,110.0
2024-03-01 13:09:00,LIAN,4.864999771118164,4.864999771118164,4.864999771118164,4.860000133514404,4.860000133514404,251.0
2024-03-01 13:09:00,LIVN,55.79999923706055,55.79999923706055,55.79999923706055,55.79999923706055,55.79999923706055,101.0
2024-03-01 13:09:00,LMAT,68.04000091552734,68.04000091552734,68.04000091552734,68.04000091552734,68.04000091552734,154.0
2024-03-01 13:09:00,LQDA,14.5,14.5,14.5,14.5,14.5,524.0
2024-03-01 13:09:00,LUNG,9.4399995803833,9.4399995803833,9.4399995803833,9.399999618530273,9.399999618530273,2798.0
2024-03-01 13:09:00,LVTX,2.9700000286102295,2.9700000286102295,2.9800000190734863,2.9700000286102295,2.9800000190734863,1464.0
2024-03-01 13:09:00,LXRX,2.509999990463257,2.509999990463257,2.515000104904175,2.509999990463257,2.509999990463257,5392.0
2024-03-01 13:09:00,LYEL,3.1700000762939453,3.1700000762939453,3.1700000762939453,3.1649999618530273,3.1649999618530273,461.0
2024-03-01 13:09:00,LYRA,5.700200080871582,5.700200080871582,5.704999923706055,5.700200080871582,5.704999923706055,200.0
2024-03-01 13:09:00,MASI,128.15499877929688,128.15499877929688,128.15499877929688,128.15499877929688,128.15499877929688,242.0
2024-03-01 13:09:00,MCRB,1.2000000476837158,1.2000000476837158,1.2000000476837158,1.2000000476837158,1.2000000476837158,200.0
2024-03-01 13:09:00,MDRX,6.050000190734863,6.050000190734863,6.099999904632568,6.039999961853027,6.099999904632568,5972.0
2024-03-01 13:09:00,MDXG,8.6850004196167,8.6850004196167,8.6850004196167,8.680000305175781,8.680000305175781,3350.0
2024-03-01 13:09:00,ME,0.5709999799728394,0.5709999799728394,0.5709999799728394,0.5709999799728394,0.5709999799728394,475.0
2024-03-01 13:09:00,MGNX,19.010000228881836,19.010000228881836,19.040000915527344,19.010000228881836,19.032699584960938,2527.0
2024-03-01 13:09:00,MIRM,29.81999969482422,29.81999969482422,29.81999969482422,29.81999969482422,29.81999969482422,304.0
2024-03-01 13:09:00,MIST,1.75,1.75,1.7799999713897705,1.75,1.7799999713897705,400.0
2024-03-01 13:09:00,MLTX,51.599998474121094,51.599998474121094,51.599998474121094,51.599998474121094,51.599998474121094,585.0
2024-03-01 13:09:00,MMSI,76.68000030517578,76.68000030517578,76.68000030517578,76.62000274658203,76.62000274658203,752.0
2024-03-01 13:09:00,MNKD,4.510000228881836,4.510000228881836,4.514999866485596,4.510000228881836,4.510000228881836,2102.0
2024-03-01 13:09:00,MNMD,6.139999866485596,6.139999866485596,6.139999866485596,6.120999813079834,6.125,3434.0
2024-03-01 13:09:00,MNPR,0.8399999737739563,0.8399999737739563,0.8399999737739563,0.8349999785423279,0.8399999737739563,5003.0
2024-03-01 13:09:00,MORF,39.58000183105469,39.58000183105469,39.58000183105469,39.58000183105469,39.58000183105469,552.0
2024-03-01 13:09:00,MREO,3.984999895095825,3.984999895095825,4.010000228881836,3.9588000774383545,3.9598000049591064,118794.0
2024-03-01 13:09:00,MRNA,96.40570068359375,96.40570068359375,96.44000244140625,96.3311996459961,96.40709686279297,6130.0
2024-03-01 13:09:00,MRSN,5.940000057220459,5.940000057220459,5.940000057220459,5.929500102996826,5.929500102996826,1730.0
2024-03-01 13:09:00,MRUS,51.849998474121094,51.849998474121094,51.849998474121094,51.709999084472656,51.720001220703125,2443.0
2024-03-01 13:09:00,MRVI,7.744999885559082,7.744999885559082,7.744999885559082,7.739999771118164,7.739999771118164,334.0
2024-03-01 13:09:00,MXCT,4.764999866485596,4.764999866485596,4.764999866485596,4.755000114440918,4.755000114440918,1850.0
2024-03-01 13:09:00,NAUT,2.640000104904175,2.640000104904175,2.6600000858306885,2.640000104904175,2.6600000858306885,310.0
2024-03-01 13:09:00,NBIX,131.1699981689453,131.1699981689453,131.2899932861328,131.1699981689453,131.2899932861328,2628.0
2024-03-01 13:09:00,NEO,16.1200008392334,16.1200008392334,16.1200008392334,16.1200008392334,16.1200008392334,273.0
2024-03-01 13:09:00,NEOG,17.344999313354492,17.344999313354492,17.344999313354492,17.344999313354492,17.344999313354492,211.0
2024-03-01 13:09:00,NGM,1.5299999713897705,1.5299999713897705,1.5299999713897705,1.5299999713897705,1.5299999713897705,100.0
2024-03-01 13:09:00,NKTR,0.7985000014305115,0.7985000014305115,0.7985000014305115,0.796750009059906,0.796750009059906,1591.0
2024-03-01 13:09:00,NNOX,11.047300338745117,11.047300338745117,11.050000190734863,11.047300338745117,11.048399925231934,1250.0
2024-03-01 13:09:00,NRXP,0.4188010096549988,0.4188010096549988,0.4188010096549988,0.4188010096549988,0.4188010096549988,2261.0
2024-03-01 13:09:00,NSPR,2.609299898147583,2.609299898147583,2.619800090789795,2.6089999675750732,2.6089999675750732,3433.0
2024-03-01 13:09:00,NTLA,33.34000015258789,33.34000015258789,33.344398498535156,33.31999969482422,33.31999969482422,2166.0
2024-03-01 13:09:00,NTRA,89.4800033569336,89.4800033569336,89.50499725341797,89.44999694824219,89.50499725341797,4072.0
2024-03-01 13:09:00,NUTX,0.11270000040531158,0.11270000040531158,0.11270000040531158,0.11270000040531158,0.11270000040531158,610.0
2024-03-01 13:09:00,NVAX,5.170000076293945,5.170000076293945,5.170000076293945,5.164999961853027,5.170000076293945,11054.0
2024-03-01 13:09:00,NVCR,16.020000457763672,16.020000457763672,16.020000457763672,16.0,16.0,1901.0
2024-03-01 13:09:00,NVOS,0.6302409768104553,0.6302409768104553,0.6348000168800354,0.6299999952316284,0.6348000168800354,11800.0
2024-03-01 13:09:00,NXTC,1.75,1.75,1.75,1.7450000047683716,1.75,2478.0
2024-03-01 13:09:00,OCGN,0.9448000192642212,0.9448000192642212,0.9448000192642212,0.9435499906539917,0.9435499906539917,207.0
2024-03-01 13:09:00,OCUL,10.824999809265137,10.824999809265137,10.827500343322754,10.8100004196167,10.8100004196167,3492.0
2024-03-01 13:09:00,OGI,2.20989990234375,2.20989990234375,2.2100000381469727,2.2049999237060547,2.2100000381469727,2605.0
2024-03-01 13:09:00,OLK,22.684999465942383,22.684999465942383,22.684999465942383,22.68000030517578,22.68000030517578,1723.0
2024-03-01 13:09:00,OLMA,14.65999984741211,14.65999984741211,14.65999984741211,14.600000381469727,14.606499671936035,1091.0
2024-03-01 13:09:00,OMER,4.78000020980835,4.78000020980835,4.78000020980835,4.78000020980835,4.78000020980835,152.0
2024-03-01 13:09:00,OMGA,4.21999979019165,4.21999979019165,4.21999979019165,4.21999979019165,4.21999979019165,144.0
2024-03-01 13:09:00,ONCT,10.121500015258789,10.121500015258789,10.180000305175781,10.121500015258789,10.180000305175781,500.0
2024-03-01 13:09:00,ONCY,1.1399999856948853,1.1399999856948853,1.1399999856948853,1.1318999528884888,1.1318999528884888,1243.0
2024-03-01 13:10:00,AADI,1.9900000095367432,1.9900000095367432,1.9993000030517578,1.9900000095367432,1.9993000030517578,350.0
2024-03-01 13:10:00,ABCL,5.255000114440918,5.255000114440918,5.255000114440918,5.255000114440918,5.255000114440918,220.0
2024-03-01 13:10:00,ABEO,7.760000228881836,7.760000228881836,7.760000228881836,7.760000228881836,7.760000228881836,137.0
2024-03-01 13:10:00,ABOS,4.659999847412109,4.659999847412109,4.659999847412109,4.644999980926514,4.644999980926514,1147.0
2024-03-01 13:10:00,ABSI,5.388800144195557,5.388800144195557,5.389999866485596,5.360000133514404,5.369999885559082,13655.0
2024-03-01 13:10:00,ACAD,24.450000762939453,24.450000762939453,24.454999923706055,24.43000030517578,24.43000030517578,5568.0
2024-03-01 13:10:00,ACB,3.2181999683380127,3.2181999683380127,3.2181999683380127,3.2100000381469727,3.2100000381469727,2802.0
2024-03-01 13:10:00,ACCD,10.1899995803833,10.1899995803833,10.1899995803833,10.1899995803833,10.1899995803833,241.0
2024-03-01 13:10:00,ACET,2.4000000953674316,2.4000000953674316,2.4000000953674316,2.390000104904175,2.3949999809265137,410.0
2024-03-01 13:10:00,ACHC,84.51499938964844,84.51499938964844,84.51499938964844,84.45999908447266,84.45999908447266,2818.0
2024-03-01 13:10:00,ACHV,4.349999904632568,4.349999904632568,4.349999904632568,4.349999904632568,4.349999904632568,100.0
2024-03-01 13:10:00,ACLX,67.31999969482422,67.31999969482422,67.33000183105469,67.31999969482422,67.33000183105469,510.0
2024-03-01 13:10:00,ACRS,1.2300000190734863,1.2300000190734863,1.2400000095367432,1.2300000190734863,1.2300000190734863,927.0
2024-03-01 13:10:00,ACXP,3.1500000953674316,3.1500000953674316,3.1500000953674316,3.0910000801086426,3.0910000801086426,314.0
2024-03-01 13:10:00,ADIL,3.049999952316284,3.049999952316284,3.069999933242798,3.049999952316284,3.049999952316284,5872.0
2024-03-01 13:10:00,ADMA,5.505000114440918,5.505000114440918,5.510000228881836,5.505000114440918,5.510000228881836,2235.0
2024-03-01 13:10:00,ADPT,4.210000038146973,4.210000038146973,4.210000038146973,4.210000038146973,4.210000038146973,250.0
2024-03-01 13:10:00,AGEN,0.6789500117301941,0.6789500117301941,0.6790000200271606,0.678849995136261,0.6789000034332275,33605.0
2024-03-01 13:10:00,AGIO,32.90999984741211,32.90999984741211,32.90999984741211,32.90999984741211,32.90999984741211,126.0
2024-03-01 13:10:00,AHCO,10.609999656677246,10.609999656677246,10.614999771118164,10.579999923706055,10.579999923706055,2588.0
2024-03-01 13:10:00,AKAN,0.21400000154972076,0.21400000154972076,0.21490000188350677,0.21400000154972076,0.21490000188350677,294.0
2024-03-01 13:10:00,AKBA,1.684999942779541,1.684999942779541,1.690000057220459,1.684999942779541,1.684999942779541,500.0
2024-03-01 13:10:00,AKLI,0.3377000093460083,0.3377000093460083,0.3377000093460083,0.3368000090122223,0.3368000090122223,975.0
2024-03-01 13:10:00,AKRO,29.889999389648438,29.889999389648438,29.889999389648438,29.889999389648438,29.889999389648438,161.0
2024-03-01 13:10:00,AKYA,6.001299858093262,6.001299858093262,6.001299858093262,6.0,6.0,600.0
2024-03-01 13:10:00,ALDX,4.304999828338623,4.304999828338623,4.304999828338623,4.287899971008301,4.287899971008301,8017.0
2024-03-01 13:10:00,ALEC,7.335000038146973,7.335000038146973,7.335000038146973,7.335000038146973,7.335000038146973,535.0
2024-03-01 13:10:00,ALHC,5.710000038146973,5.710000038146973,5.710000038146973,5.699999809265137,5.699999809265137,391.0
2024-03-01 13:10:00,ALKS,30.219999313354492,30.219999313354492,30.239999771118164,30.219999313354492,30.239999771118164,4245.0
2024-03-01 13:10:00,ALLK,1.6100000143051147,1.6100000143051147,1.6100000143051147,1.6100000143051147,1.6100000143051147,100.0
2024-03-01 13:10:00,ALLO,5.039999961853027,5.039999961853027,5.045000076293945,5.034999847412109,5.034999847412109,4898.0
2024-03-01 13:10:00,ALPN,35.79999923706055,35.79999923706055,35.86000061035156,35.79999923706055,35.849998474121094,4208.0
2024-03-01 13:10:00,ALT,12.017999649047852,12.017999649047852,12.020000457763672,11.991000175476074,12.0,13090.0
2024-03-01 13:10:00,ALVO,15.710000038146973,15.710000038146973,15.710000038146973,15.710000038146973,15.710000038146973,1127.0
2024-03-01 13:10:00,ALVR,0.755649983882904,0.755649983882904,0.755649983882904,0.755649983882904,0.755649983882904,500.0
2024-03-01 13:10:00,ALXO,15.020000457763672,15.020000457763672,15.020000457763672,15.020000457763672,15.020000457763672,310.0
2024-03-01 13:10:00,ALZN,0.9021099805831909,0.9021099805831909,0.9021099805831909,0.9021099805831909,0.9021099805831909,595.0
2024-03-01 13:10:00,AMED,93.30000305175781,93.30000305175781,93.30000305175781,93.30000305175781,93.30000305175781,282.0
2024-03-01 13:10:00,AMGN,280.7395935058594,280.7395935058594,280.7395935058594,280.6600036621094,280.7300109863281,2177.0
2024-03-01 13:10:00,AMLX,18.790000915527344,18.790000915527344,18.790000915527344,18.790000915527344,18.790000915527344,128.0
2024-03-01 13:10:00,AMRN,1.059999942779541,1.059999942779541,1.059999942779541,1.0499999523162842,1.0549999475479126,8820.0
2024-03-01 13:10:00,ANNX,5.989999771118164,5.989999771118164,5.989999771118164,5.989999771118164,5.989999771118164,1506.0
2024-03-01 13:10:00,ANTX,3.0199999809265137,3.0199999809265137,3.0199999809265137,3.0199999809265137,3.0199999809265137,157.0
2024-03-01 13:10:00,APLS,64.94999694824219,64.94999694824219,64.94999694824219,64.9000015258789,64.93000030517578,3010.0
2024-03-01 13:10:00,APLT,7.139999866485596,7.139999866485596,7.139999866485596,7.139999866485596,7.139999866485596,407.0
2024-03-01 13:10:00,APYX,2.069999933242798,2.069999933242798,2.069999933242798,2.069999933242798,2.069999933242798,225.0
2024-03-01 13:10:00,AQST,4.200799942016602,4.200799942016602,4.200799942016602,4.179999828338623,4.195000171661377,10038.0
2024-03-01 13:10:00,ARDX,9.494999885559082,9.494999885559082,9.5,9.489999771118164,9.499199867248535,3549.0
2024-03-01 13:10:00,ARQT,11.739800453186035,11.739800453186035,11.749899864196777,11.686400413513184,11.686400413513184,8561.0
2024-03-01 13:10:00,ARVN,48.82500076293945,48.82500076293945,48.86000061035156,48.82500076293945,48.84000015258789,1305.0
2024-03-01 13:10:00,ARWR,35.65999984741211,35.65999984741211,35.65999984741211,35.63999938964844,35.63999938964844,1527.0
2024-03-01 13:10:00,ASLN,0.7965999841690063,0.7965999841690063,0.7965999841690063,0.7965999841690063,0.7965999841690063,2000.0
2024-03-01 13:10:00,ASND,152.11000061035156,152.11000061035156,152.11500549316406,151.97000122070312,152.11500549316406,1000.0
2024-03-01 13:10:00,ASRT,0.9294999837875366,0.9294999837875366,0.9294999837875366,0.921999990940094,0.921999990940094,301.0
2024-03-01 13:10:00,ATAI,2.1401000022888184,2.1401000022888184,2.1500000953674316,2.140000104904175,2.1412999629974365,3305.0
2024-03-01 13:10:00,ATEC,13.494999885559082,13.494999885559082,13.49839973449707,13.494999885559082,13.494999885559082,1596.0
2024-03-01 13:10:00,ATRA,0.7936999797821045,0.7936999797821045,0.7936999797821045,0.7936999797821045,0.7936999797821045,2715.0
2024-03-01 13:10:00,ATRC,36.095001220703125,36.095001220703125,36.095001220703125,36.095001220703125,36.095001220703125,304.0
2024-03-01 13:10:00,AUPH,5.855000019073486,5.855000019073486,5.855000019073486,5.855000019073486,5.855000019073486,528.0
2024-03-01 13:10:00,AUTL,6.355000019073486,6.355000019073486,6.364999771118164,6.349999904632568,6.360000133514404,4106.0
2024-03-01 13:10:00,AVDL,12.970000267028809,12.970000267028809,12.970000267028809,12.970000267028809,12.970000267028809,307.0
2024-03-01 13:10:00,AVRO,1.3450000286102295,1.3450000286102295,1.3450000286102295,1.3450000286102295,1.3450000286102295,100.0
2024-03-01 13:10:00,AXNX,67.52999877929688,67.52999877929688,67.52999877929688,67.52999877929688,67.52999877929688,269.0
2024-03-01 13:10:00,AXSM,82.21499633789062,82.21499633789062,82.26000213623047,82.12000274658203,82.12000274658203,3567.0
2024-03-01 13:10:00,AZN,64.66999816894531,64.66999816894531,64.66999816894531,64.6500015258789,64.66000366210938,5761.0
2024-03-01 13:10:00,AZTA,67.19999694824219,67.19999694824219,67.19999694824219,67.19999694824219,67.19999694824219,252.0
2024-03-01 13:10:00,BBIO,36.119998931884766,36.119998931884766,36.119998931884766,36.119998931884766,36.119998931884766,250.0
2024-03-01 13:10:00,BBLG,2.602299928665161,2.602299928665161,2.650099992752075,2.602299928665161,2.6500000953674316,1846.0
2024-03-01 13:10:00,BCAB,2.759999990463257,2.759999990463257,2.759999990463257,2.759999990463257,2.759999990463257,100.0
2024-03-01 13:10:00,BCLI,0.357589989900589,0.357589989900589,0.357589989900589,0.357589989900589,0.357589989900589,3000.0
2024-03-01 13:10:00,BCRX,5.744999885559082,5.744999885559082,5.744999885559082,5.744999885559082,5.744999885559082,627.0
2024-03-01 13:10:00,BDTX,5.019999980926514,5.019999980926514,5.019999980926514,5.019999980926514,5.019999980926514,533.0
2024-03-01 13:10:00,BEAM,40.162498474121094,40.162498474121094,40.162498474121094,40.11000061035156,40.11000061035156,2417.0
2024-03-01 13:10:00,BGNE,166.0399932861328,166.0399932861328,166.0399932861328,166.0399932861328,166.0399932861328,406.0
2024-03-01 13:10:00,BIIB,221.3350067138672,221.3350067138672,221.43499755859375,221.0749969482422,221.0749969482422,3252.0
2024-03-01 13:10:00,BIOL,0.13989999890327454,0.13989999890327454,0.14000000059604645,0.13979999721050262,0.13979999721050262,20978.0
2024-03-01 13:10:00,BIOR,1.1399999856948853,1.1399999856948853,1.1399999856948853,1.1299999952316284,1.1399999856948853,1497.0
2024-03-01 13:10:00,BIVI,1.9457000494003296,1.9457000494003296,1.9700000286102295,1.8949999809265137,1.8949999809265137,215537.0
2024-03-01 13:10:00,BLFS,18.174999237060547,18.174999237060547,18.174999237060547,18.174999237060547,18.174999237060547,2281.0
2024-03-01 13:10:00,BLUE,1.5950000286102295,1.5950000286102295,1.597499966621399,1.590000033378601,1.5950000286102295,14060.0
2024-03-01 13:10:00,BMEA,18.1299991607666,18.1299991607666,18.1299991607666,18.1299991607666,18.1299991607666,238.0
2024-03-01 13:10:00,BMRN,87.5250015258789,87.5250015258789,87.57499694824219,87.5199966430664,87.57499694824219,2731.0
2024-03-01 13:10:00,BNGO,1.2549999952316284,1.2549999952316284,1.2549999952316284,1.2549999952316284,1.2549999952316284,789.0
2024-03-01 13:10:00,BNR,0.8282999992370605,0.8282999992370605,0.8282999992370605,0.8282999992370605,0.8282999992370605,100.0
2024-03-01 13:10:00,BNTX,91.69000244140625,91.69000244140625,91.69000244140625,91.5999984741211,91.5999984741211,1147.0
2024-03-01 13:10:00,BPMC,97.47000122070312,97.47000122070312,97.47000122070312,97.47000122070312,97.47000122070312,100.0
2024-03-01 13:10:00,BRKR,88.41000366210938,88.41000366210938,88.41000366210938,88.38999938964844,88.38999938964844,509.0
2024-03-01 13:10:00,BSGM,0.6744999885559082,0.6744999885559082,0.6744999885559082,0.6639999747276306,0.6639999747276306,200.0
2024-03-01 13:10:00,BTAI,3.190000057220459,3.190000057220459,3.190000057220459,3.184999942779541,3.184999942779541,1405.0
2024-03-01 13:10:00,BTTX,0.17260000109672546,0.17260000109672546,0.17635099589824677,0.17260000109672546,0.1759749948978424,102714.0
2024-03-01 13:10:00,BVS,4.755000114440918,4.755000114440918,4.769999980926514,4.75,4.75,1126.0
2024-03-01 13:10:00,BWAY,6.514999866485596,6.514999866485596,6.514999866485596,6.514999866485596,6.514999866485596,100.0
2024-03-01 13:10:00,CABA,24.05500030517578,24.05500030517578,24.05500030517578,24.040000915527344,24.049999237060547,2216.0
2024-03-01 13:10:00,CADL,1.7100000381469727,1.7100000381469727,1.7100000381469727,1.7100000381469727,1.7100000381469727,100.0
2024-03-01 13:10:00,CBAY,32.2400016784668,32.2400016784668,32.2400016784668,32.23500061035156,32.2400016784668,3752.0
2024-03-01 13:10:00,CCCC,10.970000267028809,10.970000267028809,10.975000381469727,10.970000267028809,10.970000267028809,4519.0
2024-03-01 13:10:00,CCRN,18.190099716186523,18.190099716186523,18.190099716186523,18.190099716186523,18.190099716186523,531.0
2024-03-01 13:10:00,CDMO,8.09000015258789,8.09000015258789,8.09000015258789,8.079999923706055,8.079999923706055,284.0
2024-03-01 13:10:00,CDNA,12.329999923706055,12.329999923706055,12.329999923706055,12.329999923706055,12.329999923706055,407.0
2024-03-01 13:10:00,CDXS,4.539999961853027,4.539999961853027,4.539999961853027,4.525000095367432,4.525000095367432,1581.0
2024-03-01 13:10:00,CELC,16.209999084472656,16.209999084472656,16.209999084472656,16.209999084472656,16.209999084472656,100.0
2024-03-01 13:10:00,CERE,41.102500915527344,41.102500915527344,41.11000061035156,41.099998474121094,41.099998474121094,1297.0
2024-03-01 13:10:00,CERT,17.854999542236328,17.854999542236328,17.854999542236328,17.850000381469727,17.850000381469727,262.0
2024-03-01 13:10:00,CGC,3.265000104904175,3.265000104904175,3.265000104904175,3.259999990463257,3.259999990463257,500.0
2024-03-01 13:10:00,CGEM,18.84000015258789,18.84000015258789,18.899999618530273,18.84000015258789,18.889999389648438,688.0
2024-03-01 13:10:00,CGEN,2.690000057220459,2.690000057220459,2.690000057220459,2.690000057220459,2.690000057220459,100.0
2024-03-01 13:10:00,CHEK,2.1500000953674316,2.1500000953674316,2.1500000953674316,2.1500000953674316,2.1500000953674316,1152.0
2024-03-01 13:10:00,CHRS,2.410099983215332,2.410099983215332,2.4200000762939453,2.410099983215332,2.4114999771118164,816.0
2024-03-01 13:10:00,CJJD,2.890000104904175,2.890000104904175,2.890000104904175,2.890000104904175,2.890000104904175,867.0
2024-03-01 13:10:00,CLDX,51.3650016784668,51.3650016784668,51.3650016784668,51.279998779296875,51.31999969482422,2024.0
2024-03-01 13:10:00,CLNN,0.3991999924182892,0.3991999924182892,0.3991999924182892,0.3991999924182892,0.3991999924182892,5000.0
2024-03-01 13:10:00,CLOV,0.8655999898910522,0.8655999898910522,0.8665000200271606,0.8655999898910522,0.8665000200271606,39175.0
2024-03-01 13:10:00,CLPT,6.679999828338623,6.679999828338623,6.699999809265137,6.679999828338623,6.699999809265137,350.0
2024-03-01 13:10:00,CLRB,4.159999847412109,4.159999847412109,4.159999847412109,4.159999847412109,4.159999847412109,2300.0
2024-03-01 13:10:00,CMPS,11.529999732971191,11.529999732971191,11.529999732971191,11.520000457763672,11.520000457763672,1751.0
2024-03-01 13:10:00,CMRX,1.1786999702453613,1.1786999702453613,1.1786999702453613,1.1786999702453613,1.1786999702453613,200.0
2024-03-01 13:10:00,CNSP,0.32199999690055847,0.32199999690055847,0.32199999690055847,0.32199999690055847,0.32199999690055847,298.0
2024-03-01 13:10:00,COGT,7.179999828338623,7.179999828338623,7.179999828338623,7.170000076293945,7.170000076293945,5829.0
2024-03-01 13:10:00,CORT,24.272499084472656,24.272499084472656,24.272499084472656,24.270000457763672,24.270000457763672,1515.0
2024-03-01 13:10:00,CPRX,17.184999465942383,17.184999465942383,17.184999465942383,17.170000076293945,17.179000854492188,2933.0
2024-03-01 13:10:00,CRBP,32.15999984741211,32.15999984741211,32.15999984741211,32.15999984741211,32.15999984741211,352.0
2024-03-01 13:10:00,CRBU,7.949999809265137,7.949999809265137,7.954999923706055,7.949999809265137,7.954999923706055,445.0
2024-03-01 13:10:00,CRDF,2.3499999046325684,2.3499999046325684,2.359999895095825,2.3399999141693115,2.3399999141693115,5950.0
2024-03-01 13:10:00,CRDL,1.9199999570846558,1.9199999570846558,1.9199999570846558,1.9199999570846558,1.9199999570846558,103.0
2024-03-01 13:10:00,CRMD,3.7149999141693115,3.7149999141693115,3.7149999141693115,3.7149999141693115,3.7149999141693115,130.0
2024-03-01 13:10:00,CRNX,46.810001373291016,46.810001373291016,46.82500076293945,46.7400016784668,46.7400016784668,800.0
2024-03-01 13:10:00,CRON,2.065999984741211,2.065999984741211,2.069999933242798,2.065000057220459,2.069999933242798,1165.0
2024-03-01 13:10:00,CRSP,86.11000061035156,86.11000061035156,86.1635971069336,86.01170349121094,86.08999633789062,1302.0
2024-03-01 13:10:00,CTKB,8.803999900817871,8.803999900817871,8.803999900817871,8.803999900817871,8.803999900817871,163.0
2024-03-01 13:10:00,CTMX,2.6986000537872314,2.6986000537872314,2.6986000537872314,2.694999933242798,2.694999933242798,1110.0
2024-03-01 13:10:00,CVAC,3.5,3.5,3.5,3.490000009536743,3.490000009536743,1710.0
2024-03-01 13:10:00,CYTK,73.16999816894531,73.16999816894531,73.19000244140625,73.13999938964844,73.16999816894531,2786.0
2024-03-01 13:10:00,CYTO,2.360100030899048,2.360100030899048,2.369999885559082,2.359999895095825,2.359999895095825,5650.0
2024-03-01 13:10:00,DAWN,17.450000762939453,17.450000762939453,17.46940040588379,17.440000534057617,17.440000534057617,2240.0
2024-03-01 13:10:00,DCGO,4.164999961853027,4.164999961853027,4.164999961853027,4.164999961853027,4.164999961853027,510.0
2024-03-01 13:10:00,DCPH,17.478099822998047,17.478099822998047,17.478099822998047,17.478099822998047,17.478099822998047,112.0
2024-03-01 13:10:00,DERM,4.069900035858154,4.069900035858154,4.069900035858154,4.069900035858154,4.069900035858154,449.0
2024-03-01 13:10:00,DH,8.835000038146973,8.835000038146973,8.869999885559082,8.829999923706055,8.829999923706055,2559.0
2024-03-01 13:10:00,DMTK,0.8401010036468506,0.8401010036468506,0.8511000275611877,0.8401010036468506,0.8510000109672546,805.0
2024-03-01 13:10:00,DNLI,20.795000076293945,20.795000076293945,20.799999237060547,20.790000915527344,20.790000915527344,649.0
2024-03-01 13:10:00,DRMA,0.45899999141693115,0.45899999141693115,0.45899999141693115,0.45899999141693115,0.45899999141693115,683.0
2024-03-01 13:10:00,DSGN,2.890000104904175,2.890000104904175,2.890000104904175,2.890000104904175,2.890000104904175,1586.0
2024-03-01 13:10:00,DTIL,12.225000381469727,12.225000381469727,12.225000381469727,12.210599899291992,12.225000381469727,588.0
2024-03-01 13:10:00,DVAX,12.904999732971191,12.904999732971191,12.904999732971191,12.899999618530273,12.899999618530273,1547.0
2024-03-01 13:10:00,DXCM,121.83110046386719,121.83110046386719,121.8740005493164,121.79000091552734,121.81999969482422,6572.0
2024-03-01 13:10:00,DYN,28.7549991607666,28.7549991607666,28.770000457763672,28.7549991607666,28.770000457763672,729.0
2024-03-01 13:10:00,EDAP,6.869999885559082,6.869999885559082,6.869999885559082,6.869999885559082,6.869999885559082,205.0
2024-03-01 13:10:00,EDIT,10.90999984741211,10.90999984741211,10.90999984741211,10.869999885559082,10.869999885559082,3195.0
2024-03-01 13:10:00,EFTR,15.318699836730957,15.318699836730957,15.318699836730957,15.318699836730957,15.318699836730957,200.0
2024-03-01 13:10:00,ELEV,5.019999980926514,5.019999980926514,5.03000020980835,5.010000228881836,5.010000228881836,3827.0
2024-03-01 13:10:00,EMBC,14.4399995803833,14.4399995803833,14.4399995803833,14.425000190734863,14.428899765014648,488.0
2024-03-01 13:10:00,ENVB,1.5199999809265137,1.5199999809265137,1.5399999618530273,1.5099999904632568,1.5099999904632568,8032.0
2024-03-01 13:10:00,EOLS,14.8100004196167,14.8100004196167,14.8100004196167,14.8100004196167,14.8100004196167,437.0
2024-03-01 13:10:00,EPIX,9.454999923706055,9.454999923706055,9.545000076293945,9.454999923706055,9.545000076293945,2100.0
2024-03-01 13:10:00,EQ,2.4800000190734863,2.4800000190734863,2.4800000190734863,2.4800000190734863,2.4800000190734863,171.0
2024-03-01 13:10:00,ERAS,2.505000114440918,2.505000114440918,2.505000114440918,2.505000114440918,2.505000114440918,400.0
2024-03-01 13:10:00,ESPR,2.5199999809265137,2.5199999809265137,2.529900074005127,2.5199999809265137,2.529900074005127,3320.0
2024-03-01 13:10:00,ESTA,45.439998626708984,45.439998626708984,45.439998626708984,45.439998626708984,45.439998626708984,432.0
2024-03-01 13:10:00,ETNB,13.329999923706055,13.329999923706055,13.329999923706055,13.32800006866455,13.329999923706055,1083.0
2024-03-01 13:10:00,EWTX,17.010000228881836,17.010000228881836,17.020000457763672,17.010000228881836,17.020000457763672,4144.0
2024-03-01 13:10:00,EXAS,60.380001068115234,60.380001068115234,60.380001068115234,60.380001068115234,60.380001068115234,479.0
2024-03-01 13:10:00,EXEL,22.565000534057617,22.565000534057617,22.565000534057617,22.559999465942383,22.559999465942383,1627.0
2024-03-01 13:10:00,EYEN,2.4800000190734863,2.4800000190734863,2.4800000190734863,2.470099925994873,2.4800000190734863,7035.0
2024-03-01 13:10:00,FATE,7.684999942779541,7.684999942779541,7.684999942779541,7.635000228881836,7.635000228881836,6962.0
2024-03-01 13:10:00,FDMT,29.3700008392334,29.3700008392334,29.3700008392334,29.260000228881836,29.260000228881836,3114.0
2024-03-01 13:10:00,FEMY,1.6904000043869019,1.6904000043869019,1.6904000043869019,1.6899000406265259,1.690000057220459,6595.0
2024-03-01 13:10:00,FGEN,1.8849999904632568,1.8849999904632568,1.8849999904632568,1.8799999952316284,1.8799999952316284,2825.0
2024-03-01 13:10:00,FHTX,7.920000076293945,7.920000076293945,7.920000076293945,7.920000076293945,7.920000076293945,205.0
2024-03-01 13:10:00,FLGC,1.1201000213623047,1.1201000213623047,1.2009999752044678,1.1201000213623047,1.2009999752044678,5488.0
2024-03-01 13:10:00,FOLD,13.354999542236328,13.354999542236328,13.354999542236328,13.345000267028809,13.345000267028809,2086.0
2024-03-01 13:10:00,FULC,10.970000267028809,10.970000267028809,10.989999771118164,10.850000381469727,10.850000381469727,69026.0
2024-03-01 13:10:00,FUSN,12.430000305175781,12.430000305175781,12.4399995803833,12.430000305175781,12.4399995803833,513.0
2024-03-01 13:10:00,GDRX,8.255000114440918,8.255000114440918,8.255000114440918,8.229999542236328,8.229999542236328,3486.0
2024-03-01 13:10:00,GERN,2.2300000190734863,2.2300000190734863,2.2300000190734863,2.2239999771118164,2.2249999046325684,12624.0
2024-03-01 13:10:00,GH,19.1299991607666,19.1299991607666,19.1299991607666,19.1200008392334,19.1200008392334,1056.0
2024-03-01 13:10:00,GILD,72.19999694824219,72.19999694824219,72.19999694824219,72.18499755859375,72.19499969482422,4702.0
2024-03-01 13:10:00,GMAB,29.350000381469727,29.350000381469727,29.350000381469727,29.329999923706055,29.329999923706055,916.0
2024-03-01 13:10:00,GMDA,0.3749000132083893,0.3749000132083893,0.3749000132083893,0.37264999747276306,0.37264999747276306,300.0
2024-03-01 13:10:00,GNFT,3.6061999797821045,3.6061999797821045,3.640000104904175,3.6061999797821045,3.609999895095825,2200.0
2024-03-01 13:10:00,GOSS,1.399999976158142,1.399999976158142,1.399999976158142,1.399999976158142,1.399999976158142,5024.0
2024-03-01 13:10:00,GRFS,7.125,7.125,7.125,7.105000019073486,7.107900142669678,4291.0
2024-03-01 13:10:00,GTHX,3.744999885559082,3.744999885559082,3.759999990463257,3.744999885559082,3.75,4342.0
2024-03-01 13:10:00,HALO,41.529998779296875,41.529998779296875,41.529998779296875,41.5099983215332,41.5099983215332,1309.0
2024-03-01 13:10:00,HARP,22.940000534057617,22.940000534057617,22.940000534057617,22.940000534057617,22.940000534057617,391.0
2024-03-01 13:10:00,HCAT,8.079999923706055,8.079999923706055,8.079999923706055,8.029999732971191,8.029999732971191,4784.0
2024-03-01 13:10:00,HCSG,12.645000457763672,12.645000457763672,12.645000457763672,12.640000343322754,12.640000343322754,775.0
2024-03-01 13:10:00,HCTI,2.4000000953674316,2.4000000953674316,2.4000000953674316,2.4000000953674316,2.4000000953674316,1989.0
2024-03-01 13:10:00,HITI,1.7603000402450562,1.7603000402450562,1.7603000402450562,1.7603000402450562,1.7603000402450562,2032.0
2024-03-01 13:10:00,HLVX,19.190000534057617,19.190000534057617,19.190000534057617,19.190000534057617,19.190000534057617,275.0
2024-03-01 13:10:00,HOLX,74.08000183105469,74.08000183105469,74.08000183105469,74.05999755859375,74.05999755859375,1092.0
2024-03-01 13:10:00,HOWL,6.949999809265137,6.949999809265137,6.949999809265137,6.949999809265137,6.949999809265137,100.0
2024-03-01 13:10:00,HPCO,0.25209999084472656,0.25209999084472656,0.25209999084472656,0.25209999084472656,0.25209999084472656,4600.0
2024-03-01 13:10:00,HRMY,31.469999313354492,31.469999313354492,31.510000228881836,31.434999465942383,31.434999465942383,4402.0
2024-03-01 13:10:00,HRTX,2.5975000858306885,2.5975000858306885,2.5975000858306885,2.5850000381469727,2.5850000381469727,17642.0
2024-03-01 13:10:00,HSCS,0.1185000017285347,0.1185000017285347,0.1185000017285347,0.1185000017285347,0.1185000017285347,176.0
2024-03-01 13:10:00,HSDT,4.889999866485596,4.889999866485596,4.894999980926514,4.889999866485596,4.894999980926514,220.0
2024-03-01 13:10:00,HSIC,76.88999938964844,76.88999938964844,76.88999938964844,76.87000274658203,76.87000274658203,662.0
2024-03-01 13:10:00,HSTM,27.299999237060547,27.299999237060547,27.31999969482422,27.299999237060547,27.31999969482422,749.0
2024-03-01 13:10:00,HUMA,3.430000066757202,3.430000066757202,3.4398000240325928,3.430000066757202,3.430000066757202,6984.0
2024-03-01 13:10:00,IART,36.47999954223633,36.47999954223633,36.4900016784668,36.439998626708984,36.439998626708984,5002.0
2024-03-01 13:10:00,IBRX,4.775000095367432,4.775000095367432,4.775000095367432,4.775000095367432,4.775000095367432,5540.0
2024-03-01 13:10:00,ICCM,1.2999999523162842,1.2999999523162842,1.2999999523162842,1.2999999523162842,1.2999999523162842,111.0
2024-03-01 13:10:00,ICUI,105.0199966430664,105.0199966430664,105.05000305175781,104.94000244140625,104.94000244140625,1014.0
2024-03-01 13:10:00,IDXX,582.3350219726562,582.3350219726562,582.3350219726562,582.3350219726562,582.3350219726562,464.0
2024-03-01 13:10:00,IDYA,46.599998474121094,46.599998474121094,46.599998474121094,46.599998474121094,46.599998474121094,145.0
2024-03-01 13:10:00,IFRX,1.8300000429153442,1.8300000429153442,1.8450000286102295,1.8300000429153442,1.8450000286102295,5260.0
2024-03-01 13:10:00,IGMS,13.494999885559082,13.494999885559082,13.494999885559082,13.494999885559082,13.494999885559082,405.0
2024-03-01 13:10:00,ILMN,142.3699951171875,142.3699951171875,142.3699951171875,142.3699951171875,142.3699951171875,359.0
2024-03-01 13:10:00,IMCR,67.93000030517578,67.93000030517578,67.93000030517578,67.9000015258789,67.9000015258789,325.0
2024-03-01 13:10:00,IMMX,3.559999942779541,3.559999942779541,3.559999942779541,3.559999942779541,3.559999942779541,100.0
2024-03-01 13:10:00,IMNM,25.860000610351562,25.860000610351562,25.889999389648438,25.860000610351562,25.8799991607666,372.0
2024-03-01 13:10:00,IMTX,12.989999771118164,12.989999771118164,12.989999771118164,12.989999771118164,12.989999771118164,202.0
2024-03-01 13:10:00,INBX,36.54499816894531,36.54499816894531,36.54499816894531,36.54499816894531,36.54499816894531,109.0
2024-03-01 13:10:00,INCY,59.33000183105469,59.33000183105469,59.33000183105469,59.310001373291016,59.3120002746582,1229.0
2024-03-01 13:10:00,INGN,6.835000038146973,6.835000038146973,6.835000038146973,6.829999923706055,6.829999923706055,2021.0
2024-03-01 13:10:00,INKT,0.9556999802589417,0.9556999802589417,0.9556999802589417,0.9556999802589417,0.9556999802589417,293.0
2024-03-01 13:10:00,INMD,22.864999771118164,22.864999771118164,22.864999771118164,22.854999542236328,22.854999542236328,1520.0
2024-03-01 13:10:00,INO,9.34000015258789,9.34000015258789,9.34000015258789,9.34000015258789,9.34000015258789,1058.0
2024-03-01 13:10:00,INSM,28.485000610351562,28.485000610351562,28.485000610351562,28.485000610351562,28.485000610351562,1033.0
2024-03-01 13:10:00,INVA,15.670000076293945,15.670000076293945,15.680000305175781,15.670000076293945,15.670000076293945,3876.0
2024-03-01 13:10:00,INZY,6.659999847412109,6.659999847412109,6.690000057220459,6.659999847412109,6.690000057220459,4775.0
2024-03-01 13:10:00,IONS,45.880001068115234,45.880001068115234,45.939998626708984,45.86000061035156,45.939998626708984,2250.0
2024-03-01 13:10:00,IOVA,16.975000381469727,16.975000381469727,16.9950008392334,16.969999313354492,16.985000610351562,19673.0
2024-03-01 13:10:00,IRWD,9.09000015258789,9.09000015258789,9.109999656677246,9.085000038146973,9.09000015258789,48556.0
2024-03-01 13:10:00,ISRG,396.0199890136719,396.0199890136719,396.0199890136719,395.8800048828125,395.9960021972656,3880.0
2024-03-01 13:10:00,ITCI,71.30999755859375,71.30999755859375,71.4000015258789,71.30500030517578,71.33499908447266,5567.0
2024-03-01 13:10:00,ITOS,11.010000228881836,11.010000228881836,11.010000228881836,11.010000228881836,11.010000228881836,460.0
2024-03-01 13:10:00,ITRM,1.2799999713897705,1.2799999713897705,1.2799999713897705,1.2799999713897705,1.2799999713897705,249.0
2024-03-01 13:10:00,IVVD,4.010000228881836,4.010000228881836,4.03000020980835,4.010000228881836,4.03000020980835,1228.0
2024-03-01 13:10:00,JAGX,0.07940000295639038,0.07940000295639038,0.07980000227689743,0.07599999755620956,0.07649999856948853,489085.0
2024-03-01 13:10:00,JANX,46.54999923706055,46.54999923706055,46.65999984741211,46.529998779296875,46.65999984741211,4128.0
2024-03-01 13:10:00,JAZZ,118.87999725341797,118.87999725341797,118.94000244140625,118.87999725341797,118.88999938964844,1556.0
2024-03-01 13:10:00,JYNT,9.989999771118164,9.989999771118164,9.989999771118164,9.989999771118164,9.989999771118164,100.0
2024-03-01 13:10:00,KALV,14.199999809265137,14.199999809265137,14.199999809265137,14.140000343322754,14.140000343322754,249.0
2024-03-01 13:10:00,KNSA,21.735000610351562,21.735000610351562,21.75,21.735000610351562,21.75,767.0
2024-03-01 13:10:00,KNTE,2.5950000286102295,2.5950000286102295,2.5999999046325684,2.5950000286102295,2.5999999046325684,625.0
2024-03-01 13:10:00,KOD,6.090000152587891,6.090000152587891,6.090000152587891,6.090000152587891,6.090000152587891,882.0
2024-03-01 13:10:00,KPRX,0.6399999856948853,0.6399999856948853,0.6399999856948853,0.6399999856948853,0.6399999856948853,1000.0
2024-03-01 13:10:00,KPTI,1.2100000381469727,1.2100000381469727,1.2100000381469727,1.2050000429153442,1.2050000429153442,1304.0
2024-03-01 13:10:00,KRON,1.0299999713897705,1.0299999713897705,1.0299999713897705,1.0299999713897705,1.0299999713897705,10211.0
2024-03-01 13:10:00,KRYS,168.5399932861328,168.5399932861328,168.5399932861328,168.27000427246094,168.27000427246094,655.0
2024-03-01 13:10:00,KTRA,0.09839999675750732,0.09839999675750732,0.09839999675750732,0.09661000221967697,0.09661000221967697,1141.0
2024-03-01 13:10:00,KURA,21.200000762939453,21.200000762939453,21.200000762939453,21.200000762939453,21.200000762939453,221.0
2024-03-01 13:10:00,KYMR,44.084999084472656,44.084999084472656,44.099998474121094,44.0,44.0,3759.0
2024-03-01 13:10:00,KZR,1.0800000429153442,1.0800000429153442,1.0800000429153442,1.0750000476837158,1.0750000476837158,1131.0
2024-03-01 13:10:00,LAB,2.505000114440918,2.505000114440918,2.505000114440918,2.5000998973846436,2.505000114440918,2152.0
2024-03-01 13:10:00,LBPH,21.834999084472656,21.834999084472656,21.834999084472656,21.834999084472656,21.834999084472656,444.0
2024-03-01 13:10:00,LFLY,3.005000114440918,3.005000114440918,3.005000114440918,3.005000114440918,3.005000114440918,121.0
2024-03-01 13:10:00,LFMD,8.0,8.0,8.0,7.989999771118164,8.0,759.0
2024-03-01 13:10:00,LFST,7.795000076293945,7.795000076293945,7.795000076293945,7.789999961853027,7.789999961853027,854.0
2024-03-01 13:10:00,LGND,77.98999786376953,77.98999786376953,77.98999786376953,77.98999786376953,77.98999786376953,314.0
2024-03-01 13:10:00,LIVN,55.84000015258789,55.84000015258789,55.84000015258789,55.810001373291016,55.81999969482422,574.0
2024-03-01 13:10:00,LMAT,67.88999938964844,67.88999938964844,67.99949645996094,67.88999938964844,67.99949645996094,759.0
2024-03-01 13:10:00,LNTH,65.48500061035156,65.48500061035156,65.48500061035156,65.48500061035156,65.48500061035156,154.0
2024-03-01 13:10:00,LQDA,14.520000457763672,14.520000457763672,14.520000457763672,14.510000228881836,14.510000228881836,647.0
2024-03-01 13:10:00,LRMR,11.449999809265137,11.449999809265137,11.449999809265137,11.4399995803833,11.4399995803833,495.0
2024-03-01 13:10:00,LTRN,4.520899772644043,4.520899772644043,4.520899772644043,4.520899772644043,4.520899772644043,1003.0
2024-03-01 13:10:00,LUNG,9.449999809265137,9.449999809265137,9.449999809265137,9.449999809265137,9.449999809265137,580.0
2024-03-01 13:10:00,LVTX,2.9700000286102295,2.9700000286102295,3.0,2.9600000381469727,2.9600000381469727,9950.0
2024-03-01 13:10:00,LYEL,3.1700000762939453,3.1700000762939453,3.1700000762939453,3.1700000762939453,3.1700000762939453,400.0
2024-03-01 13:10:00,LYRA,5.699999809265137,5.699999809265137,5.71999979019165,5.699999809265137,5.71999979019165,4423.0
2024-03-01 13:10:00,MACK,14.720000267028809,14.720000267028809,14.720000267028809,14.720000267028809,14.720000267028809,337.0
2024-03-01 13:10:00,MASS,7.340000152587891,7.340000152587891,7.340000152587891,7.340000152587891,7.340000152587891,202.0
2024-03-01 13:10:00,MCRB,1.2050000429153442,1.2050000429153442,1.2050000429153442,1.2000000476837158,1.2000000476837158,1363.0
2024-03-01 13:10:00,MDGL,250.27999877929688,250.27999877929688,250.27999877929688,250.27999877929688,250.27999877929688,932.0
2024-03-01 13:10:00,MDRX,6.099999904632568,6.099999904632568,6.099999904632568,6.050000190734863,6.099999904632568,1755.0
2024-03-01 13:10:00,MDXG,8.6850004196167,8.6850004196167,8.6850004196167,8.6850004196167,8.6850004196167,749.0
2024-03-01 13:10:00,ME,0.570900022983551,0.570900022983551,0.5710999965667725,0.570900022983551,0.5710999965667725,4102.0
2024-03-01 13:10:00,MGNX,19.020000457763672,19.020000457763672,19.020000457763672,19.020000457763672,19.020000457763672,839.0
2024-03-01 13:10:00,MLTX,51.56999969482422,51.56999969482422,51.56999969482422,51.56999969482422,51.56999969482422,816.0
2024-03-01 13:10:00,MNKD,4.510900020599365,4.510900020599365,4.514999866485596,4.510000228881836,4.510000228881836,3580.0
2024-03-01 13:10:00,MNMD,6.144999980926514,6.144999980926514,6.144999980926514,6.144999980926514,6.144999980926514,105.0
2024-03-01 13:10:00,MNPR,0.8442500233650208,0.8442500233650208,0.8442500233650208,0.8442500233650208,0.8442500233650208,268.0
2024-03-01 13:10:00,MODV,28.020000457763672,28.020000457763672,28.059999465942383,28.014999389648438,28.014999389648438,457.0
2024-03-01 13:10:00,MREO,3.9939000606536865,3.9939000606536865,4.0,3.990000009536743,3.990000009536743,12154.0
2024-03-01 13:10:00,MRNA,96.45500183105469,96.45500183105469,96.48989868164062,96.43000030517578,96.44000244140625,1834.0
2024-03-01 13:10:00,MRNS,10.255000114440918,10.255000114440918,10.255000114440918,10.25,10.25,2655.0
2024-03-01 13:10:00,MRSN,5.929999828338623,5.929999828338623,5.960000038146973,5.920000076293945,5.945000171661377,3385.0
2024-03-01 13:10:00,MRUS,51.86000061035156,51.86000061035156,51.86000061035156,51.86000061035156,51.86000061035156,384.0
2024-03-01 13:10:00,MRVI,7.75,7.75,7.75,7.75,7.75,2308.0
2024-03-01 13:10:00,MXCT,4.764999866485596,4.764999866485596,4.764999866485596,4.764999866485596,4.764999866485596,466.0
2024-03-01 13:10:00,MYGN,21.799999237060547,21.799999237060547,21.799999237060547,21.760000228881836,21.760000228881836,3166.0
2024-03-01 13:10:00,NARI,45.07500076293945,45.07500076293945,45.13999938964844,45.02000045776367,45.119998931884766,5746.0
2024-03-01 13:10:00,NBIX,131.21499633789062,131.21499633789062,131.21499633789062,131.21499633789062,131.21499633789062,783.0
2024-03-01 13:10:00,NCNA,0.33500000834465027,0.33500000834465027,0.33500000834465027,0.33500000834465027,0.33500000834465027,215.0
2024-03-01 13:10:00,NDRA,1.159999966621399,1.159999966621399,1.159999966621399,1.159999966621399,1.159999966621399,1301.0
2024-03-01 13:10:00,NEOG,17.344999313354492,17.344999313354492,17.350000381469727,17.344999313354492,17.350000381469727,578.0
2024-03-01 13:10:00,NKTR,0.7950000166893005,0.7950000166893005,0.7990000247955322,0.7950000166893005,0.7950000166893005,5205.0
2024-03-01 13:10:00,NKTX,12.649999618530273,12.649999618530273,12.670000076293945,12.649999618530273,12.670000076293945,707.0
2024-03-01 13:10:00,NNOX,11.045000076293945,11.045000076293945,11.050000190734863,11.042200088500977,11.042200088500977,4788.0
2024-03-01 13:10:00,NRBO,5.949999809265137,5.949999809265137,5.949999809265137,5.940000057220459,5.940000057220459,680.0
2024-03-01 13:10:00,NRC,40.51499938964844,40.51499938964844,40.51499938964844,40.51499938964844,40.51499938964844,337.0
2024-03-01 13:10:00,NRIX,13.649999618530273,13.649999618530273,13.654999732971191,13.649999618530273,13.649999618530273,796.0
2024-03-01 13:10:00,NRSN,2.0899999141693115,2.0899999141693115,2.0899999141693115,2.0899999141693115,2.0899999141693115,126.0
2024-03-01 13:10:00,NRXP,0.4189000129699707,0.4189000129699707,0.4189000129699707,0.4187999963760376,0.4187999963760376,600.0
2024-03-01 13:10:00,NTLA,33.39500045776367,33.39500045776367,33.39500045776367,33.349998474121094,33.349998474121094,2163.0
2024-03-01 13:10:00,NTRA,89.49500274658203,89.49500274658203,89.55000305175781,89.4800033569336,89.51000213623047,4781.0
2024-03-01 13:10:00,NUTX,0.11270000040531158,0.11270000040531158,0.11379999667406082,0.11270000040531158,0.11379999667406082,6015.0
2024-03-01 13:10:00,NUVL,88.66000366210938,88.66000366210938,88.75,88.66000366210938,88.75,435.0
2024-03-01 13:10:00,NVAX,5.179999828338623,5.179999828338623,5.186299800872803,5.170000076293945,5.179900169372559,38008.0
2024-03-01 13:10:00,NVNO,6.449999809265137,6.449999809265137,6.449999809265137,6.449999809265137,6.449999809265137,140.0
2024-03-01 13:10:00,NVOS,0.6302000284194946,0.6302000284194946,0.6302000284194946,0.6200000047683716,0.6200000047683716,10512.0
2024-03-01 13:10:00,OCGN,0.9435499906539917,0.9435499906539917,0.9435499906539917,0.9435499906539917,0.9435499906539917,253.0
2024-03-01 13:10:00,OCUL,10.875200271606445,10.875200271606445,10.880000114440918,10.824999809265137,10.824999809265137,12250.0
2024-03-01 13:10:00,OFIX,12.890000343322754,12.890000343322754,12.890000343322754,12.859999656677246,12.859999656677246,2740.0
2024-03-01 13:10:00,OGI,2.2100000381469727,2.2100000381469727,2.2100000381469727,2.2049999237060547,2.20989990234375,16629.0
2024-03-01 13:10:00,OLK,22.719999313354492,22.719999313354492,22.719999313354492,22.690000534057617,22.690000534057617,2721.0
2024-03-01 13:10:00,OLMA,14.630000114440918,14.630000114440918,14.630000114440918,14.630000114440918,14.630000114440918,628.0
2024-03-01 13:10:00,OMCL,26.479999542236328,26.479999542236328,26.5,26.46500015258789,26.46500015258789,1962.0
2024-03-01 13:10:00,OMER,4.775000095367432,4.775000095367432,4.78000020980835,4.775000095367432,4.78000020980835,748.0
2024-03-01 13:10:00,OMGA,4.230000019073486,4.230000019073486,4.230000019073486,4.224999904632568,4.230000019073486,378.0
2024-03-01 13:10:00,ONCT,10.16819953918457,10.16819953918457,10.180000305175781,10.16819953918457,10.180000305175781,200.0
2024-03-01 13:11:00,AADI,1.9800000190734863,1.9800000190734863,2.0,1.9800000190734863,1.9900000095367432,410.0
2024-03-01 13:11:00,ABCL,5.255000114440918,5.255000114440918,5.255000114440918,5.255000114440918,5.255000114440918,143.0
2024-03-01 13:11:00,ABEO,7.760000228881836,7.760000228881836,7.760000228881836,7.760000228881836,7.760000228881836,379.0
2024-03-01 13:11:00,ABSI,5.389999866485596,5.389999866485596,5.389999866485596,5.380000114440918,5.389999866485596,2966.0
2024-03-01 13:11:00,ABUS,2.7750000953674316,2.7750000953674316,2.7799999713897705,2.7750000953674316,2.7799999713897705,1433.0
2024-03-01 13:11:00,ACAD,24.44499969482422,24.44499969482422,24.44499969482422,24.440000534057617,24.44499969482422,1245.0
2024-03-01 13:11:00,ACB,3.219399929046631,3.219399929046631,3.2200000286102295,3.219399929046631,3.2200000286102295,385.0
2024-03-01 13:11:00,ACCD,10.194999694824219,10.194999694824219,10.194999694824219,10.194999694824219,10.194999694824219,220.0
2024-03-01 13:11:00,ACET,2.4000000953674316,2.4000000953674316,2.4000000953674316,2.3949999809265137,2.4000000953674316,4584.0
2024-03-01 13:11:00,ACHC,84.625,84.625,84.625,84.58999633789062,84.58999633789062,503.0
2024-03-01 13:11:00,ACHV,4.340000152587891,4.340000152587891,4.360000133514404,4.340000152587891,4.340000152587891,2106.0
2024-03-01 13:11:00,ACIU,3.876499891281128,3.876499891281128,3.876499891281128,3.876499891281128,3.876499891281128,678.0
2024-03-01 13:11:00,ACLX,67.26000213623047,67.26000213623047,67.26000213623047,67.26000213623047,67.26000213623047,234.0
2024-03-01 13:11:00,ACRS,1.2400000095367432,1.2400000095367432,1.2400000095367432,1.2300000190734863,1.2400000095367432,1110.0
2024-03-01 13:11:00,ADIL,3.059999942779541,3.059999942779541,3.069999933242798,3.049999952316284,3.050600051879883,6718.0
2024-03-01 13:11:00,ADMA,5.508200168609619,5.508200168609619,5.510000228881836,5.505000114440918,5.505000114440918,1642.0
2024-03-01 13:11:00,ADPT,4.199999809265137,4.199999809265137,4.210000038146973,4.199999809265137,4.210000038146973,17308.0
2024-03-01 13:11:00,ADVM,1.9713000059127808,1.9713000059127808,1.975000023841858,1.9700000286102295,1.975000023841858,2152.0
2024-03-01 13:11:00,AFMD,0.6399999856948853,0.6399999856948853,0.6399999856948853,0.6399999856948853,0.6399999856948853,100.0
2024-03-01 13:11:00,AGEN,0.6790000200271606,0.6790000200271606,0.6790000200271606,0.6789000034332275,0.6790000200271606,59001.0
2024-03-01 13:11:00,AGIO,32.91999816894531,32.91999816894531,32.91999816894531,32.88999938964844,32.90999984741211,500.0
2024-03-01 13:11:00,AHCO,10.600000381469727,10.600000381469727,10.604999542236328,10.600000381469727,10.604999542236328,498.0
2024-03-01 13:11:00,AKAN,0.21844999492168427,0.21844999492168427,0.22190000116825104,0.21130000054836273,0.21490000188350677,14352.0
2024-03-01 13:11:00,AKBA,1.684999942779541,1.684999942779541,1.690000057220459,1.684999942779541,1.684999942779541,406.0
2024-03-01 13:11:00,AKLI,0.3449000120162964,0.3449000120162964,0.3449999988079071,0.3400000035762787,0.3400000035762787,1751.0
2024-03-01 13:11:00,AKRO,29.959999084472656,29.959999084472656,29.969999313354492,29.864999771118164,29.8799991607666,17513.0
2024-03-01 13:11:00,ALDX,4.28000020980835,4.28000020980835,4.304999828338623,4.28000020980835,4.304999828338623,5500.0
2024-03-01 13:11:00,ALEC,7.324999809265137,7.324999809265137,7.329999923706055,7.324999809265137,7.329999923706055,2135.0
2024-03-01 13:11:00,ALGN,304.1600036621094,304.1600036621094,304.3900146484375,304.1600036621094,304.3900146484375,1956.0
2024-03-01 13:11:00,ALHC,5.699999809265137,5.699999809265137,5.699999809265137,5.695000171661377,5.699999809265137,4085.0
2024-03-01 13:11:00,ALKS,30.229999542236328,30.229999542236328,30.229999542236328,30.229999542236328,30.229999542236328,356.0
2024-03-01 13:11:00,ALLK,1.6050000190734863,1.6050000190734863,1.6050000190734863,1.6050000190734863,1.6050000190734863,920.0
2024-03-01 13:11:00,ALNY,154.35000610351562,154.35000610351562,154.35000610351562,154.35000610351562,154.35000610351562,113.0
2024-03-01 13:11:00,ALPN,35.755001068115234,35.755001068115234,35.79999923706055,35.755001068115234,35.77000045776367,1173.0
2024-03-01 13:11:00,ALT,12.020000457763672,12.020000457763672,12.020000457763672,12.0,12.020000457763672,9205.0
2024-03-01 13:11:00,ALVO,15.699999809265137,15.699999809265137,15.699999809265137,15.699999809265137,15.699999809265137,295.0
2024-03-01 13:11:00,ALVR,0.7556999921798706,0.7556999921798706,0.7556999921798706,0.7556999921798706,0.7556999921798706,498.0
2024-03-01 13:11:00,AMGN,280.7850036621094,280.7850036621094,280.7900085449219,280.70001220703125,280.7300109863281,4394.0
2024-03-01 13:11:00,AMLX,18.799999237060547,18.799999237060547,18.80500030517578,18.799999237060547,18.80500030517578,620.0
2024-03-01 13:11:00,AMPH,45.415000915527344,45.415000915527344,45.415000915527344,45.36140060424805,45.36140060424805,389.0
2024-03-01 13:11:00,AMRN,1.0499999523162842,1.0499999523162842,1.0549999475479126,1.0499999523162842,1.0549999475479126,1204.0
2024-03-01 13:11:00,ANGO,5.519999980926514,5.519999980926514,5.519999980926514,5.514999866485596,5.519999980926514,1581.0
2024-03-01 13:11:00,ANIP,66.52999877929688,66.52999877929688,66.52999877929688,66.52999877929688,66.52999877929688,322.0
2024-03-01 13:11:00,ANNX,5.989999771118164,5.989999771118164,6.0,5.989999771118164,5.989999771118164,7126.0
2024-03-01 13:11:00,APLS,64.81999969482422,64.81999969482422,64.91500091552734,64.81999969482422,64.91500091552734,3801.0
2024-03-01 13:11:00,APLT,7.139999866485596,7.139999866485596,7.139999866485596,7.130000114440918,7.139999866485596,2672.0
2024-03-01 13:11:00,APTO,1.8450000286102295,1.8450000286102295,1.8450000286102295,1.8450000286102295,1.8450000286102295,542.0
2024-03-01 13:11:00,APVO,0.16599999368190765,0.16599999368190765,0.16599999368190765,0.16599999368190765,0.16599999368190765,2028.0
2024-03-01 13:11:00,AQST,4.200099945068359,4.200099945068359,4.200099945068359,4.200099945068359,4.200099945068359,568.0
2024-03-01 13:11:00,ARCT,39.880001068115234,39.880001068115234,39.915000915527344,39.880001068115234,39.915000915527344,353.0
2024-03-01 13:11:00,ARDX,9.494999885559082,9.494999885559082,9.5,9.489999771118164,9.494999885559082,3232.0
2024-03-01 13:11:00,ARGX,392.2650146484375,392.2650146484375,392.2650146484375,391.9800109863281,392.0400085449219,1228.0
2024-03-01 13:11:00,ARQT,11.755000114440918,11.755000114440918,11.755000114440918,11.721099853515625,11.730899810791016,4846.0
2024-03-01 13:11:00,ARVN,48.82500076293945,48.82500076293945,48.82500076293945,48.82500076293945,48.82500076293945,307.0
2024-03-01 13:11:00,ASLN,0.7753999829292297,0.7753999829292297,0.7967000007629395,0.7753999829292297,0.7967000007629395,1183.0
2024-03-01 13:11:00,ASND,152.10499572753906,152.10499572753906,152.10499572753906,152.0399932861328,152.0399932861328,610.0
2024-03-01 13:11:00,ASRT,0.921999990940094,0.921999990940094,0.9225000143051147,0.921999990940094,0.9225000143051147,1161.0
2024-03-01 13:11:00,ATAI,2.1449999809265137,2.1449999809265137,2.1449999809265137,2.140000104904175,2.1449999809265137,1736.0
2024-03-01 13:11:00,ATEC,13.489999771118164,13.489999771118164,13.494999885559082,13.489999771118164,13.494999885559082,839.0
2024-03-01 13:11:00,ATRA,0.7972999811172485,0.7972999811172485,0.7972999811172485,0.7972999811172485,0.7972999811172485,584.0
2024-03-01 13:11:00,ATXI,0.15209999680519104,0.15209999680519104,0.15209999680519104,0.15209999680519104,0.15209999680519104,2435.0
2024-03-01 13:11:00,AUPH,5.855000019073486,5.855000019073486,5.855000019073486,5.855000019073486,5.855000019073486,323.0
2024-03-01 13:11:00,AURA,9.345000267028809,9.345000267028809,9.350000381469727,9.345000267028809,9.345000267028809,587.0
2024-03-01 13:11:00,AVDL,12.979999542236328,12.979999542236328,12.979999542236328,12.979999542236328,12.979999542236328,137.0
2024-03-01 13:11:00,AVIR,4.46999979019165,4.46999979019165,4.46999979019165,4.46999979019165,4.46999979019165,1477.0
2024-03-01 13:11:00,AVTE,24.1200008392334,24.1200008392334,24.1200008392334,23.6200008392334,23.6200008392334,643.0
2024-03-01 13:11:00,AVXL,5.324999809265137,5.324999809265137,5.324999809265137,5.324999809265137,5.324999809265137,857.0
2024-03-01 13:11:00,AXGN,10.540800094604492,10.540800094604492,10.550000190734863,10.540800094604492,10.550000190734863,318.0
2024-03-01 13:11:00,AXNX,67.52999877929688,67.52999877929688,67.52999877929688,67.52999877929688,67.52999877929688,175.0
2024-03-01 13:11:00,AZN,64.66999816894531,64.66999816894531,64.66999816894531,64.66500091552734,64.66500091552734,1156.0
2024-03-01 13:11:00,AZTA,67.20999908447266,67.20999908447266,67.20999908447266,67.19000244140625,67.20999908447266,770.0
2024-03-01 13:11:00,BBIO,36.130001068115234,36.130001068115234,36.130001068115234,36.130001068115234,36.130001068115234,417.0
2024-03-01 13:11:00,BBLG,2.5199999809265137,2.5199999809265137,2.549999952316284,2.515000104904175,2.549999952316284,1193.0
2024-03-01 13:11:00,BCAB,2.759999990463257,2.759999990463257,2.759999990463257,2.755000114440918,2.755000114440918,210.0
2024-03-01 13:11:00,BCLI,0.35760000348091125,0.35760000348091125,0.35760000348091125,0.35760000348091125,0.35760000348091125,100.0
2024-03-01 13:11:00,BCRX,5.75,5.75,5.75,5.744999885559082,5.744999885559082,208.0
2024-03-01 13:11:00,BCYC,26.1200008392334,26.1200008392334,26.1200008392334,26.1200008392334,26.1200008392334,302.0
2024-03-01 13:11:00,BDTX,5.034999847412109,5.034999847412109,5.034999847412109,5.034999847412109,5.034999847412109,107.0
2024-03-01 13:11:00,BEAM,40.15999984741211,40.15999984741211,40.15999984741211,40.15999984741211,40.15999984741211,242.0
2024-03-01 13:11:00,BFRI,0.8711000084877014,0.8711000084877014,0.8711000084877014,0.8711000084877014,0.8711000084877014,200.0
2024-03-01 13:11:00,BIOL,0.14190000295639038,0.14190000295639038,0.14249999821186066,0.14000000059604645,0.14000000059604645,33390.0
2024-03-01 13:11:00,BIOR,1.1399999856948853,1.1399999856948853,1.1490000486373901,1.1399999856948853,1.1490000486373901,201.0
2024-03-01 13:11:00,BIVI,1.950700044631958,1.950700044631958,1.9800000190734863,1.910099983215332,1.9407000541687012,151768.0
2024-03-01 13:11:00,BLUE,1.5950000286102295,1.5950000286102295,1.597499966621399,1.590000033378601,1.590000033378601,11318.0
2024-03-01 13:11:00,BMEA,18.170000076293945,18.170000076293945,18.170000076293945,18.1299991607666,18.1299991607666,528.0
2024-03-01 13:11:00,BMRN,87.51000213623047,87.51000213623047,87.51499938964844,87.4800033569336,87.51000213623047,3352.0
2024-03-01 13:11:00,BNTX,91.69000244140625,91.69000244140625,91.69000244140625,91.69000244140625,91.69000244140625,171.0
2024-03-01 13:11:00,BPMC,97.38999938964844,97.38999938964844,97.38999938964844,97.38999938964844,97.38999938964844,317.0
2024-03-01 13:11:00,BRKR,88.3949966430664,88.3949966430664,88.41999816894531,88.3949966430664,88.4000015258789,460.0
2024-03-01 13:11:00,BRTX,1.5149999856948853,1.5149999856948853,1.5149999856948853,1.5149999856948853,1.5149999856948853,200.0
2024-03-01 13:11:00,BSGM,0.6700000166893005,0.6700000166893005,0.6700000166893005,0.6700000166893005,0.6700000166893005,145.0
2024-03-01 13:11:00,BTAI,3.194999933242798,3.194999933242798,3.194999933242798,3.194999933242798,3.194999933242798,670.0
2024-03-01 13:11:00,BTTX,0.1728000044822693,0.1728000044822693,0.1749500036239624,0.1728000044822693,0.1737000048160553,14052.0
2024-03-01 13:11:00,BWAY,6.514999866485596,6.514999866485596,6.549900054931641,6.514999866485596,6.549900054931641,677.0
2024-03-01 13:11:00,CABA,24.059999465942383,24.059999465942383,24.059999465942383,24.059999465942383,24.059999465942383,298.0
2024-03-01 13:11:00,CADL,1.7100000381469727,1.7100000381469727,1.7100000381469727,1.7100000381469727,1.7100000381469727,530.0
2024-03-01 13:11:00,CARA,0.9300000071525574,0.9300000071525574,0.9300000071525574,0.9300000071525574,0.9300000071525574,204.0
2024-03-01 13:11:00,CBAY,32.2400016784668,32.2400016784668,32.2400016784668,32.2400016784668,32.2400016784668,1054.0
2024-03-01 13:11:00,CCRN,18.18000030517578,18.18000030517578,18.190000534057617,18.18000030517578,18.190000534057617,879.0
2024-03-01 13:11:00,CDMO,8.079999923706055,8.079999923706055,8.09000015258789,8.079999923706055,8.09000015258789,410.0
2024-03-01 13:11:00,CDNA,12.260000228881836,12.260000228881836,12.34000015258789,12.260000228881836,12.34000015258789,6048.0
2024-03-01 13:11:00,CDXS,4.545000076293945,4.545000076293945,4.550000190734863,4.534999847412109,4.534999847412109,2155.0
2024-03-01 13:11:00,CELC,16.15999984741211,16.15999984741211,16.299999237060547,16.15999984741211,16.299999237060547,200.0
2024-03-01 13:11:00,CERE,41.10499954223633,41.10499954223633,41.11000061035156,41.102500915527344,41.102500915527344,957.0
2024-03-01 13:11:00,CERT,17.854999542236328,17.854999542236328,17.858299255371094,17.854999542236328,17.854999542236328,503.0
2024-03-01 13:11:00,CGC,3.2648000717163086,3.2648000717163086,3.2699999809265137,3.2648000717163086,3.26990008354187,3262.0
2024-03-01 13:11:00,CGEM,18.875,18.875,18.8789005279541,18.850000381469727,18.8789005279541,2468.0
2024-03-01 13:11:00,CGTX,2.0450000762939453,2.0450000762939453,2.0450000762939453,2.0450000762939453,2.0450000762939453,403.0
2024-03-01 13:11:00,CHRS,2.4200000762939453,2.4200000762939453,2.4200000762939453,2.4200000762939453,2.4200000762939453,260.0
2024-03-01 13:11:00,CLDX,51.22999954223633,51.22999954223633,51.41999816894531,51.22999954223633,51.3650016784668,7704.0
2024-03-01 13:11:00,CLNN,0.39010000228881836,0.39010000228881836,0.39010000228881836,0.39010000228881836,0.39010000228881836,200.0
2024-03-01 13:11:00,CLOV,0.8652999997138977,0.8652999997138977,0.8655999898910522,0.8652999997138977,0.8654999732971191,2800.0
2024-03-01 13:11:00,CLRB,4.159999847412109,4.159999847412109,4.159999847412109,4.15500020980835,4.15500020980835,1800.0
2024-03-01 13:11:00,CMPS,11.550000190734863,11.550000190734863,11.550000190734863,11.529999732971191,11.529999732971191,325.0
2024-03-01 13:11:00,CMRX,1.1700999736785889,1.1700999736785889,1.1700999736785889,1.1700999736785889,1.1700999736785889,7603.0
2024-03-01 13:11:00,CNSP,0.3296000063419342,0.3296000063419342,0.3296000063419342,0.3296000063419342,0.3296000063419342,5082.0
2024-03-01 13:11:00,COLL,36.84000015258789,36.84000015258789,36.84000015258789,36.84000015258789,36.84000015258789,349.0
2024-03-01 13:11:00,CORT,24.270000457763672,24.270000457763672,24.270000457763672,24.270000457763672,24.270000457763672,300.0
2024-03-01 13:11:00,CPRX,17.174999237060547,17.174999237060547,17.185800552368164,17.174999237060547,17.185800552368164,2907.0
2024-03-01 13:11:00,CPSI,9.5649995803833,9.5649995803833,9.5649995803833,9.5600004196167,9.5600004196167,604.0
2024-03-01 13:11:00,CRBU,7.940000057220459,7.940000057220459,7.949999809265137,7.940000057220459,7.949999809265137,1581.0
2024-03-01 13:11:00,CRDF,2.434999942779541,2.434999942779541,2.450000047683716,2.359999895095825,2.359999895095825,71944.0
2024-03-01 13:11:00,CRMD,3.7100000381469727,3.7100000381469727,3.7149999141693115,3.7100000381469727,3.7149999141693115,732.0
2024-03-01 13:11:00,CRNX,46.72999954223633,46.72999954223633,46.869998931884766,46.709999084472656,46.810001373291016,2766.0
2024-03-01 13:11:00,CRON,2.0608999729156494,2.0608999729156494,2.065000057220459,2.0608999729156494,2.065000057220459,1256.0
2024-03-01 13:11:00,CRSP,86.11499786376953,86.11499786376953,86.11499786376953,86.11499786376953,86.11499786376953,573.0
2024-03-01 13:11:00,CRVS,2.259999990463257,2.259999990463257,2.259999990463257,2.259999990463257,2.259999990463257,329.0
2024-03-01 13:11:00,CSTL,20.170000076293945,20.170000076293945,20.25,20.170000076293945,20.25,1809.0
2024-03-01 13:11:00,CTKB,8.84000015258789,8.84000015258789,8.84000015258789,8.8100004196167,8.8100004196167,1213.0
2024-03-01 13:11:00,CTMX,2.694999933242798,2.694999933242798,2.700000047683716,2.6900999546051025,2.700000047683716,2066.0
2024-03-01 13:11:00,CUTR,2.4100000858306885,2.4100000858306885,2.4100000858306885,2.4000000953674316,2.4000000953674316,201.0
2024-03-01 13:11:00,CVAC,3.5,3.5,3.509999990463257,3.5,3.5,21600.0
2024-03-01 13:11:00,CYCC,2.5999999046325684,2.5999999046325684,2.5999999046325684,2.5999999046325684,2.5999999046325684,693.0
2024-03-01 13:11:00,CYTK,73.13999938964844,73.13999938964844,73.18000030517578,73.13999938964844,73.13999938964844,833.0
2024-03-01 13:11:00,CYTO,2.361999988555908,2.361999988555908,2.368499994277954,2.359999895095825,2.360100030899048,5192.0
2024-03-01 13:11:00,DAWN,17.489999771118164,17.489999771118164,17.489999771118164,17.469999313354492,17.489999771118164,1089.0
2024-03-01 13:11:00,DCGO,4.179999828338623,4.179999828338623,4.190000057220459,4.170000076293945,4.170000076293945,11502.0
2024-03-01 13:11:00,DCPH,17.479000091552734,17.479000091552734,17.479999542236328,17.479000091552734,17.479999542236328,293.0
2024-03-01 13:11:00,DMTK,0.8650000095367432,0.8650000095367432,0.8650000095367432,0.8650000095367432,0.8650000095367432,330.0
2024-03-01 13:11:00,DNLI,20.799999237060547,20.799999237060547,20.799999237060547,20.799999237060547,20.799999237060547,390.0
2024-03-01 13:11:00,DRIO,2.009999990463257,2.009999990463257,2.009999990463257,2.009999990463257,2.009999990463257,1117.0
2024-03-01 13:11:00,DSGN,2.8949999809265137,2.8949999809265137,2.8949999809265137,2.8949999809265137,2.8949999809265137,157.0
2024-03-01 13:11:00,DVAX,12.895000457763672,12.895000457763672,12.899999618530273,12.895000457763672,12.899999618530273,2295.0
2024-03-01 13:11:00,DXCM,121.92500305175781,121.92500305175781,121.94000244140625,121.86000061035156,121.86000061035156,4076.0
2024-03-01 13:11:00,DYN,28.770000457763672,28.770000457763672,28.774999618530273,28.75,28.7549991607666,8827.0
2024-03-01 13:11:00,EDAP,6.949900150299072,6.949900150299072,6.949900150299072,6.860000133514404,6.860000133514404,3384.0
2024-03-01 13:11:00,EDIT,10.899999618530273,10.899999618530273,10.899999618530273,10.899999618530273,10.899999618530273,828.0
2024-03-01 13:11:00,EFTR,15.250100135803223,15.250100135803223,15.250100135803223,15.250100135803223,15.250100135803223,1000.0
2024-03-01 13:11:00,EGRX,6.71999979019165,6.71999979019165,6.71999979019165,6.71999979019165,6.71999979019165,490.0
2024-03-01 13:11:00,ELEV,5.039999961853027,5.039999961853027,5.039999961853027,5.03000020980835,5.03000020980835,605.0
2024-03-01 13:11:00,ENVB,1.5299999713897705,1.5299999713897705,1.5299999713897705,1.5199999809265137,1.527999997138977,2350.0
2024-03-01 13:11:00,EPIX,9.545000076293945,9.545000076293945,9.545000076293945,9.545000076293945,9.545000076293945,511.0
2024-03-01 13:11:00,ERAS,2.505000114440918,2.505000114440918,2.509999990463257,2.505000114440918,2.509999990463257,3252.0
2024-03-01 13:11:00,ESPR,2.5199999809265137,2.5199999809265137,2.5199999809265137,2.5199999809265137,2.5199999809265137,1870.0
2024-03-01 13:11:00,ETNB,13.300000190734863,13.300000190734863,13.34000015258789,13.300000190734863,13.329999923706055,3720.0
2024-03-01 13:11:00,EVGN,0.9689990282058716,0.9689990282058716,0.968999981880188,0.9649999737739563,0.9649999737739563,1662.0
2024-03-01 13:11:00,EWTX,17.010000228881836,17.010000228881836,17.010000228881836,17.010000228881836,17.010000228881836,1143.0
2024-03-01 13:11:00,EXAS,60.36000061035156,60.36000061035156,60.40570068359375,60.36000061035156,60.40570068359375,1638.0
2024-03-01 13:11:00,EXEL,22.575000762939453,22.575000762939453,22.575000762939453,22.565000534057617,22.565000534057617,3723.0
2024-03-01 13:11:00,EYEN,2.479300022125244,2.479300022125244,2.4800000190734863,2.4704999923706055,2.47189998626709,5123.0
2024-03-01 13:11:00,FATE,7.684999942779541,7.684999942779541,7.690000057220459,7.681000232696533,7.690000057220459,961.0
2024-03-01 13:11:00,FDMT,29.43000030517578,29.43000030517578,29.43000030517578,29.43000030517578,29.43000030517578,165.0
2024-03-01 13:11:00,FEMY,1.690000057220459,1.690000057220459,1.690000057220459,1.690000057220459,1.690000057220459,160.0
2024-03-01 13:11:00,FGEN,1.8849999904632568,1.8849999904632568,1.8899999856948853,1.8849999904632568,1.8899999856948853,1437.0
2024-03-01 13:11:00,FOLD,13.355999946594238,13.355999946594238,13.355999946594238,13.355999946594238,13.355999946594238,374.0
2024-03-01 13:11:00,FULC,10.960000038146973,10.960000038146973,10.960000038146973,10.920000076293945,10.949999809265137,1822.0
2024-03-01 13:11:00,FUSN,12.4399995803833,12.4399995803833,12.4399995803833,12.414999961853027,12.418000221252441,896.0
2024-03-01 13:11:00,GALT,1.9500999450683594,1.9500999450683594,1.9500999450683594,1.9500999450683594,1.9500999450683594,100.0
2024-03-01 13:11:00,GDRX,8.260000228881836,8.260000228881836,8.262999534606934,8.260000228881836,8.262999534606934,460.0
2024-03-01 13:11:00,GERN,2.2249999046325684,2.2249999046325684,2.2300000190734863,2.2249999046325684,2.2249999046325684,6336.0
2024-03-01 13:11:00,GH,19.114999771118164,19.114999771118164,19.1200008392334,19.114999771118164,19.1200008392334,1134.0
2024-03-01 13:11:00,GILD,72.19499969482422,72.19499969482422,72.1980972290039,72.19000244140625,72.19000244140625,6931.0
2024-03-01 13:11:00,GLYC,3.049999952316284,3.049999952316284,3.049999952316284,3.049999952316284,3.049999952316284,304.0
2024-03-01 13:11:00,GMAB,29.344999313354492,29.344999313354492,29.344999313354492,29.344999313354492,29.344999313354492,100.0
2024-03-01 13:11:00,GMDA,0.37040001153945923,0.37040001153945923,0.37310001254081726,0.37040001153945923,0.37310001254081726,14408.0
2024-03-01 13:11:00,GRFS,7.114999771118164,7.114999771118164,7.119999885559082,7.114999771118164,7.119999885559082,3339.0
2024-03-01 13:11:00,GRTS,2.190000057220459,2.190000057220459,2.190000057220459,2.190000057220459,2.190000057220459,330.0
2024-03-01 13:11:00,GTHX,3.748500108718872,3.748500108718872,3.748500108718872,3.740000009536743,3.7400999069213867,3270.0
2024-03-01 13:11:00,HALO,41.54999923706055,41.54999923706055,41.54999923706055,41.54999923706055,41.54999923706055,320.0
2024-03-01 13:11:00,HCAT,8.100000381469727,8.100000381469727,8.100000381469727,8.085000038146973,8.09000015258789,1956.0
2024-03-01 13:11:00,HCM,15.3100004196167,15.3100004196167,15.3100004196167,15.3100004196167,15.3100004196167,101.0
2024-03-01 13:11:00,HCSG,12.654999732971191,12.654999732971191,12.654999732971191,12.649999618530273,12.649999618530273,862.0
2024-03-01 13:11:00,HCTI,2.430000066757202,2.430000066757202,2.430000066757202,2.4200000762939453,2.4298999309539795,668.0
2024-03-01 13:11:00,HOLX,74.0999984741211,74.0999984741211,74.10320281982422,74.08999633789062,74.08999633789062,501.0
2024-03-01 13:11:00,HOWL,6.989999771118164,6.989999771118164,6.989999771118164,6.989999771118164,6.989999771118164,114.0
2024-03-01 13:11:00,HRMY,31.510000228881836,31.510000228881836,31.510000228881836,31.510000228881836,31.510000228881836,918.0
2024-03-01 13:11:00,HRTX,2.5850000381469727,2.5850000381469727,2.5950000286102295,2.5799999237060547,2.5899999141693115,9305.0
2024-03-01 13:11:00,HSCS,0.11840000003576279,0.11840000003576279,0.11840000003576279,0.11840000003576279,0.11840000003576279,1263.0
2024-03-01 13:11:00,HSIC,76.88999938964844,76.88999938964844,76.91000366210938,76.88999938964844,76.8949966430664,1007.0
2024-03-01 13:11:00,HUMA,3.4000000953674316,3.4000000953674316,3.434999942779541,3.4000000953674316,3.434999942779541,6084.0
2024-03-01 13:11:00,IART,36.529998779296875,36.529998779296875,36.529998779296875,36.4900016784668,36.4900016784668,2593.0
2024-03-01 13:11:00,IBRX,4.78000020980835,4.78000020980835,4.78000020980835,4.78000020980835,4.78000020980835,173.0
2024-03-01 13:11:00,ICCC,5.369999885559082,5.369999885559082,5.369999885559082,5.369999885559082,5.369999885559082,103.0
2024-03-01 13:11:00,IDXX,582.3800048828125,582.3800048828125,582.4299926757812,582.3049926757812,582.3049926757812,771.0
2024-03-01 13:11:00,IDYA,46.54499816894531,46.54499816894531,46.58000183105469,46.529998779296875,46.58000183105469,2072.0
2024-03-01 13:11:00,ILMN,142.36000061035156,142.36000061035156,142.36000061035156,142.36000061035156,142.36000061035156,318.0
2024-03-01 13:11:00,IMNM,25.924999237060547,25.924999237060547,25.950000762939453,25.899999618530273,25.950000762939453,698.0
2024-03-01 13:11:00,IMVT,36.16999816894531,36.16999816894531,36.25,36.16999816894531,36.25,4108.0
2024-03-01 13:11:00,INAB,1.0750000476837158,1.0750000476837158,1.0750000476837158,1.0700000524520874,1.0720000267028809,1017.0
2024-03-01 13:11:00,INCY,59.310001373291016,59.310001373291016,59.34000015258789,59.310001373291016,59.310001373291016,3146.0
2024-03-01 13:11:00,INKT,0.9204999804496765,0.9204999804496765,0.9394000172615051,0.9204999804496765,0.9394000172615051,730.0
2024-03-01 13:11:00,INMD,22.864999771118164,22.864999771118164,22.864999771118164,22.864999771118164,22.864999771118164,880.0
2024-03-01 13:11:00,INO,9.279999732971191,9.279999732971191,9.335000038146973,9.279999732971191,9.335000038146973,8067.0
2024-03-01 13:11:00,INSM,28.489999771118164,28.489999771118164,28.489999771118164,28.485000610351562,28.485000610351562,455.0
2024-03-01 13:11:00,INVA,15.65999984741211,15.65999984741211,15.664999961853027,15.65999984741211,15.664999961853027,410.0
2024-03-01 13:11:00,IOBT,1.7899999618530273,1.7899999618530273,1.7899999618530273,1.7899999618530273,1.7899999618530273,414.0
2024-03-01 13:11:00,IONS,45.79999923706055,45.79999923706055,45.88999938964844,45.79999923706055,45.86000061035156,12366.0
2024-03-01 13:11:00,IOVA,16.989999771118164,16.989999771118164,16.989999771118164,16.969999313354492,16.969999313354492,8543.0
2024-03-01 13:11:00,IPA,1.8741999864578247,1.8741999864578247,1.8741999864578247,1.8741999864578247,1.8741999864578247,231.0
2024-03-01 13:11:00,IPSC,3.809999942779541,3.809999942779541,3.809999942779541,3.809999942779541,3.809999942779541,397.0
2024-03-01 13:11:00,IRWD,9.09000015258789,9.09000015258789,9.095000267028809,9.09000015258789,9.090100288391113,801.0
2024-03-01 13:11:00,ISRG,396.1300048828125,396.1300048828125,396.1600036621094,396.1300048828125,396.1400146484375,1183.0
2024-03-01 13:11:00,ITCI,71.24500274658203,71.24500274658203,71.30000305175781,71.24500274658203,71.27999877929688,1037.0
2024-03-01 13:11:00,ITRM,1.2799999713897705,1.2799999713897705,1.2799999713897705,1.2799999713897705,1.2799999713897705,200.0
2024-03-01 13:11:00,JAGX,0.07914900034666061,0.07914900034666061,0.07980000227689743,0.07800000160932541,0.07912900298833847,604795.0
2024-03-01 13:11:00,JANX,46.560001373291016,46.560001373291016,46.560001373291016,46.560001373291016,46.560001373291016,231.0
2024-03-01 13:11:00,JAZZ,118.94999694824219,118.94999694824219,118.94999694824219,118.94999694824219,118.94999694824219,336.0
2024-03-01 13:11:00,JYNT,10.0,10.0,10.0,9.970000267028809,9.970000267028809,682.0
2024-03-01 13:11:00,KNTE,2.5950000286102295,2.5950000286102295,2.5950000286102295,2.5950000286102295,2.5950000286102295,100.0
2024-03-01 13:11:00,KOD,6.090000152587891,6.090000152587891,6.090000152587891,6.090000152587891,6.090000152587891,402.0
2024-03-01 13:11:00,KPRX,0.6567999720573425,0.6567999720573425,0.6567999720573425,0.6567999720573425,0.6567999720573425,5011.0
2024-03-01 13:11:00,KPTI,1.2100000381469727,1.2100000381469727,1.2100000381469727,1.2050000429153442,1.2100000381469727,1023.0
2024-03-01 13:11:00,KROS,69.86000061035156,69.86000061035156,69.86000061035156,69.83999633789062,69.86000061035156,1267.0
2024-03-01 13:11:00,KRYS,168.5,168.5,168.5,168.5,168.5,353.0
2024-03-01 13:11:00,KURA,21.204999923706055,21.204999923706055,21.209999084472656,21.204999923706055,21.209999084472656,914.0
2024-03-01 13:11:00,KYMR,44.099998474121094,44.099998474121094,44.099998474121094,44.084999084472656,44.084999084472656,453.0
2024-03-01 13:11:00,KZR,1.0787999629974365,1.0787999629974365,1.0800000429153442,1.0787999629974365,1.0800000429153442,1810.0
2024-03-01 13:11:00,LAB,2.505000114440918,2.505000114440918,2.505000114440918,2.505000114440918,2.505000114440918,200.0
2024-03-01 13:11:00,LBPH,21.834999084472656,21.834999084472656,21.834999084472656,21.834999084472656,21.834999084472656,232.0
2024-03-01 13:11:00,LEGN,65.97000122070312,65.97000122070312,65.97000122070312,65.97000122070312,65.97000122070312,212.0
2024-03-01 13:11:00,LEXX,2.819999933242798,2.819999933242798,2.819999933242798,2.819999933242798,2.819999933242798,500.0
2024-03-01 13:11:00,LFMD,8.0,8.0,8.0,7.989999771118164,7.989999771118164,515.0
2024-03-01 13:11:00,LFST,7.795000076293945,7.795000076293945,7.795000076293945,7.795000076293945,7.795000076293945,1339.0
2024-03-01 13:11:00,LGND,77.94000244140625,77.94000244140625,77.94000244140625,77.94000244140625,77.94000244140625,319.0
2024-03-01 13:11:00,LIVN,55.814998626708984,55.814998626708984,55.814998626708984,55.814998626708984,55.814998626708984,120.0
2024-03-01 13:11:00,LMAT,68.01000213623047,68.01000213623047,68.01000213623047,68.01000213623047,68.01000213623047,249.0
2024-03-01 13:11:00,LNTH,65.48500061035156,65.48500061035156,65.48500061035156,65.48500061035156,65.48500061035156,468.0
2024-03-01 13:11:00,LQDA,14.550000190734863,14.550000190734863,14.550000190734863,14.515000343322754,14.524999618530273,12611.0
2024-03-01 13:11:00,LVTX,2.9846999645233154,2.9846999645233154,2.9999001026153564,2.975100040435791,2.975100040435791,1316.0
2024-03-01 13:11:00,LXRX,2.5299999713897705,2.5299999713897705,2.5299999713897705,2.509999990463257,2.509999990463257,8296.0
2024-03-01 13:11:00,LYEL,3.178999900817871,3.178999900817871,3.180000066757202,3.1700000762939453,3.1700000762939453,2825.0
2024-03-01 13:11:00,LYRA,5.670000076293945,5.670000076293945,5.670000076293945,5.670000076293945,5.670000076293945,200.0
2024-03-01 13:11:00,MASI,128.1300048828125,128.1300048828125,128.1300048828125,128.1300048828125,128.1300048828125,366.0
2024-03-01 13:11:00,MCRB,1.2000000476837158,1.2000000476837158,1.2100000381469727,1.2000000476837158,1.2100000381469727,631.0
2024-03-01 13:11:00,MDRX,6.050000190734863,6.050000190734863,6.050000190734863,6.050000190734863,6.050000190734863,4143.0
2024-03-01 13:11:00,MDXG,8.6850004196167,8.6850004196167,8.6850004196167,8.6850004196167,8.6850004196167,1680.0
2024-03-01 13:11:00,ME,0.5709999799728394,0.5709999799728394,0.5709999799728394,0.5709999799728394,0.5709999799728394,100.0
2024-03-01 13:11:00,MEDP,402.5299987792969,402.5299987792969,402.5299987792969,402.5299987792969,402.5299987792969,255.0
2024-03-01 13:11:00,MGNX,19.020000457763672,19.020000457763672,19.020000457763672,19.020000457763672,19.020000457763672,1345.0
2024-03-01 13:11:00,MGTX,6.449999809265137,6.449999809265137,6.449999809265137,6.449999809265137,6.449999809265137,100.0
2024-03-01 13:11:00,MNKD,4.514999866485596,4.514999866485596,4.519999980926514,4.510000228881836,4.519999980926514,4429.0
2024-03-01 13:11:00,MNMD,6.119999885559082,6.119999885559082,6.139999866485596,6.119999885559082,6.139999866485596,3254.0
2024-03-01 13:11:00,MNOV,1.3700000047683716,1.3700000047683716,1.3799999952316284,1.3700000047683716,1.3799999952316284,210.0
2024-03-01 13:11:00,MODV,28.110000610351562,28.110000610351562,28.110000610351562,28.059999465942383,28.059999465942383,1435.0
2024-03-01 13:11:00,MORF,39.560001373291016,39.560001373291016,39.560001373291016,39.560001373291016,39.560001373291016,149.0
2024-03-01 13:11:00,MREO,4.045000076293945,4.045000076293945,4.050000190734863,3.9902000427246094,3.9902000427246094,18624.0
2024-03-01 13:11:00,MRNA,96.42500305175781,96.42500305175781,96.43000030517578,96.36000061035156,96.41999816894531,4065.0
2024-03-01 13:11:00,MRNS,10.25,10.25,10.25,10.25,10.25,243.0
2024-03-01 13:11:00,MRSN,5.934999942779541,5.934999942779541,5.949999809265137,5.934999942779541,5.940000057220459,3927.0
2024-03-01 13:11:00,MRUS,51.79499816894531,51.79499816894531,51.90999984741211,51.79499816894531,51.90999984741211,3977.0
2024-03-01 13:11:00,MRVI,7.75,7.75,7.75,7.75,7.75,223.0
2024-03-01 13:11:00,MXCT,4.769999980926514,4.769999980926514,4.769999980926514,4.769999980926514,4.769999980926514,405.0
2024-03-01 13:11:00,MYGN,21.818899154663086,21.818899154663086,21.818899154663086,21.818899154663086,21.818899154663086,288.0
2024-03-01 13:11:00,NARI,44.98500061035156,44.98500061035156,45.099998474121094,44.95000076293945,45.029998779296875,8808.0
2024-03-01 13:11:00,NAUT,2.640000104904175,2.640000104904175,2.640000104904175,2.640000104904175,2.640000104904175,588.0
2024-03-01 13:11:00,NDRA,1.1999000310897827,1.1999000310897827,1.1999000310897827,1.1698999404907227,1.1698999404907227,5541.0
2024-03-01 13:11:00,NEO,16.1200008392334,16.1200008392334,16.1200008392334,16.1200008392334,16.1200008392334,552.0
2024-03-01 13:11:00,NEOG,17.344999313354492,17.344999313354492,17.344999313354492,17.344999313354492,17.344999313354492,107.0
2024-03-01 13:11:00,NERV,2.575000047683716,2.575000047683716,2.5980000495910645,2.575000047683716,2.5964999198913574,1784.0
2024-03-01 13:11:00,NEXI,6.510000228881836,6.510000228881836,6.510000228881836,6.5,6.5,1254.0
2024-03-01 13:11:00,NGM,1.5299999713897705,1.5299999713897705,1.5299999713897705,1.5299999713897705,1.5299999713897705,970.0
2024-03-01 13:11:00,NKTR,0.7950000166893005,0.7950000166893005,0.7950000166893005,0.7950000166893005,0.7950000166893005,4464.0
2024-03-01 13:11:00,NNOX,11.050000190734863,11.050000190734863,11.050000190734863,11.045000076293945,11.045000076293945,994.0
2024-03-01 13:11:00,NPCE,16.729999542236328,16.729999542236328,16.729999542236328,16.729999542236328,16.729999542236328,222.0
2024-03-01 13:11:00,NRBO,6.0,6.0,6.0,5.949999809265137,5.960000038146973,2212.0
2024-03-01 13:11:00,NRIX,13.649999618530273,13.649999618530273,13.65999984741211,13.649999618530273,13.65999984741211,516.0
2024-03-01 13:11:00,NRSN,2.090100049972534,2.090100049972534,2.090100049972534,2.090100049972534,2.090100049972534,100.0
2024-03-01 13:11:00,NSPR,2.680000066757202,2.680000066757202,2.680000066757202,2.680000066757202,2.680000066757202,100.0
2024-03-01 13:11:00,NTRA,89.37200164794922,89.37200164794922,89.49500274658203,89.37200164794922,89.49500274658203,4877.0
2024-03-01 13:11:00,NUTX,0.11330000311136246,0.11330000311136246,0.11389899998903275,0.11270000040531158,0.11389899998903275,10045.0
2024-03-01 13:11:00,NVAX,5.1875,5.1875,5.190000057220459,5.179999828338623,5.179999828338623,2660.0
2024-03-01 13:11:00,NVNO,6.349999904632568,6.349999904632568,6.480000019073486,6.349999904632568,6.480000019073486,4156.0
2024-03-01 13:11:00,NXTC,1.75,1.75,1.75,1.75,1.75,100.0
2024-03-01 13:11:00,OCGN,0.9434999823570251,0.9434999823570251,0.9434999823570251,0.9420509934425354,0.9434999823570251,618.0
2024-03-01 13:11:00,OCUL,10.90999984741211,10.90999984741211,10.90999984741211,10.859999656677246,10.880000114440918,11065.0
2024-03-01 13:11:00,OCUP,2.494999885559082,2.494999885559082,2.494999885559082,2.494999885559082,2.494999885559082,100.0
2024-03-01 13:11:00,OFIX,12.885000228881836,12.885000228881836,12.885000228881836,12.885000228881836,12.885000228881836,528.0
2024-03-01 13:11:00,OGI,2.2049999237060547,2.2049999237060547,2.208199977874756,2.2049999237060547,2.208199977874756,243.0
2024-03-01 13:11:00,OLK,22.729999542236328,22.729999542236328,22.729999542236328,22.729999542236328,22.729999542236328,106.0
2024-03-01 13:11:00,OLMA,14.600000381469727,14.600000381469727,14.630000114440918,14.600000381469727,14.630000114440918,365.0
2024-03-01 13:11:00,OMCL,26.499000549316406,26.499000549316406,26.499000549316406,26.499000549316406,26.499000549316406,152.0
2024-03-01 13:11:00,ONCT,10.16819953918457,10.16819953918457,10.180000305175781,10.16819953918457,10.180000305175781,285.0
2024-03-01 13:11:00,ONCY,1.1309000253677368,1.1309000253677368,1.1349999904632568,1.1309000253677368,1.1349999904632568,522.0
2024-03-01 13:12:00,ABCL,5.255000114440918,5.255000114440918,5.255000114440918,5.255000114440918,5.255000114440918,447.0
2024-03-01 13:12:00,ABEO,7.760000228881836,7.760000228881836,7.760000228881836,7.760000228881836,7.760000228881836,478.0
2024-03-01 13:12:00,ABOS,4.664999961853027,4.664999961853027,4.664999961853027,4.664999961853027,4.664999961853027,131.0
2024-03-01 13:12:00,ABSI,5.360000133514404,5.360000133514404,5.389999866485596,5.349999904632568,5.389999866485596,9880.0
2024-03-01 13:12:00,ACAD,24.454999923706055,24.454999923706055,24.469999313354492,24.440000534057617,24.44499969482422,4385.0
2024-03-01 13:12:00,ACB,3.210099935531616,3.210099935531616,3.210099935531616,3.210099935531616,3.210099935531616,443.0
2024-03-01 13:12:00,ACET,2.4000000953674316,2.4000000953674316,2.4000000953674316,2.390000104904175,2.4000000953674316,302.0
2024-03-01 13:12:00,ACHV,4.335000038146973,4.335000038146973,4.335000038146973,4.335000038146973,4.335000038146973,114.0
2024-03-01 13:12:00,ACLX,67.25050354003906,67.25050354003906,67.2750015258789,67.25050354003906,67.2750015258789,816.0
2024-03-01 13:12:00,ACRS,1.2300000190734863,1.2300000190734863,1.2400000095367432,1.2300000190734863,1.2400000095367432,1088.0
2024-03-01 13:12:00,ADAP,1.600000023841858,1.600000023841858,1.600000023841858,1.600000023841858,1.600000023841858,213.0
2024-03-01 13:12:00,ADIL,3.059999942779541,3.059999942779541,3.069999933242798,3.059999942779541,3.065000057220459,5890.0
2024-03-01 13:12:00,ADMA,5.505000114440918,5.505000114440918,5.510000228881836,5.501200199127197,5.505000114440918,2642.0
2024-03-01 13:12:00,ADVM,1.9700000286102295,1.9700000286102295,1.9700000286102295,1.965000033378601,1.9700000286102295,5750.0
2024-03-01 13:12:00,AGEN,0.6790000200271606,0.6790000200271606,0.6790000200271606,0.6790000200271606,0.6790000200271606,14655.0
2024-03-01 13:12:00,AGIO,32.90999984741211,32.90999984741211,32.90999984741211,32.90999984741211,32.90999984741211,314.0
2024-03-01 13:12:00,AHCO,10.604999542236328,10.604999542236328,10.604999542236328,10.595000267028809,10.604999542236328,3679.0
2024-03-01 13:12:00,AKAN,0.21870000660419464,0.21870000660419464,0.22190000116825104,0.21870000660419464,0.22190000116825104,2392.0
2024-03-01 13:12:00,AKBA,1.6888999938964844,1.6888999938964844,1.690000057220459,1.6799999475479126,1.690000057220459,3620.0
2024-03-01 13:12:00,AKLI,0.3418999910354614,0.3418999910354614,0.3418999910354614,0.3418999910354614,0.3418999910354614,1140.0
2024-03-01 13:12:00,AKRO,30.059999465942383,30.059999465942383,30.059999465942383,29.979999542236328,29.979999542236328,818.0
2024-03-01 13:12:00,ALDX,4.300000190734863,4.300000190734863,4.300000190734863,4.289000034332275,4.289999961853027,5339.0
2024-03-01 13:12:00,ALGN,304.1499938964844,304.1499938964844,304.2099914550781,304.07000732421875,304.2099914550781,1678.0
2024-03-01 13:12:00,ALHC,5.695000171661377,5.695000171661377,5.695000171661377,5.692500114440918,5.692500114440918,1195.0
2024-03-01 13:12:00,ALKS,30.25,30.25,30.25,30.219999313354492,30.219999313354492,2816.0
2024-03-01 13:12:00,ALLK,1.6150000095367432,1.6150000095367432,1.6150000095367432,1.6050000190734863,1.6100000143051147,12165.0
2024-03-01 13:12:00,ALLO,5.054999828338623,5.054999828338623,5.054999828338623,5.050000190734863,5.050000190734863,2704.0
2024-03-01 13:12:00,ALNY,154.30999755859375,154.30999755859375,154.31500244140625,154.30999755859375,154.31500244140625,628.0
2024-03-01 13:12:00,ALPN,35.869998931884766,35.869998931884766,35.869998931884766,35.79999923706055,35.79999923706055,1935.0
2024-03-01 13:12:00,ALT,12.029999732971191,12.029999732971191,12.029999732971191,12.024999618530273,12.029199600219727,1356.0
2024-03-01 13:12:00,ALXO,15.020000457763672,15.020000457763672,15.020000457763672,15.020000457763672,15.020000457763672,372.0
2024-03-01 13:12:00,AMGN,280.7799987792969,280.7799987792969,280.875,280.760009765625,280.7950134277344,4795.0
2024-03-01 13:12:00,AMPH,45.39500045776367,45.39500045776367,45.39500045776367,45.39500045776367,45.39500045776367,262.0
2024-03-01 13:12:00,AMRN,1.0499999523162842,1.0499999523162842,1.0549999475479126,1.0499999523162842,1.0549999475479126,8903.0
2024-03-01 13:12:00,ANAB,25.450000762939453,25.450000762939453,25.450000762939453,25.43000030517578,25.43000030517578,743.0
2024-03-01 13:12:00,ANIP,66.48500061035156,66.48500061035156,66.48999786376953,66.48500061035156,66.48999786376953,417.0
2024-03-01 13:12:00,ANNX,5.980000019073486,5.980000019073486,6.0,5.96999979019165,5.989999771118164,8975.0
2024-03-01 13:12:00,APLS,64.8499984741211,64.8499984741211,64.86000061035156,64.83999633789062,64.86000061035156,1148.0
2024-03-01 13:12:00,AQST,4.210000038146973,4.210000038146973,4.210000038146973,4.210000038146973,4.210000038146973,337.0
2024-03-01 13:12:00,ARCT,39.95000076293945,39.95000076293945,39.97999954223633,39.95000076293945,39.95000076293945,2385.0
2024-03-01 13:12:00,ARDX,9.5,9.5,9.5,9.489999771118164,9.5,3169.0
2024-03-01 13:12:00,ARGX,392.510009765625,392.510009765625,392.510009765625,392.510009765625,392.510009765625,256.0
2024-03-01 13:12:00,ARQT,11.765000343322754,11.765000343322754,11.765000343322754,11.739999771118164,11.75,3039.0
2024-03-01 13:12:00,ARVN,48.83000183105469,48.83000183105469,48.83000183105469,48.755001068115234,48.755001068115234,1431.0
2024-03-01 13:12:00,ARWR,35.70000076293945,35.70000076293945,35.70000076293945,35.654998779296875,35.654998779296875,2196.0
2024-03-01 13:12:00,ASND,152.10499572753906,152.10499572753906,152.10499572753906,152.10499572753906,152.10499572753906,573.0
2024-03-01 13:12:00,ASRT,0.9294999837875366,0.9294999837875366,0.9294999837875366,0.9258000254631042,0.9258000254631042,201.0
2024-03-01 13:12:00,ATAI,2.1449999809265137,2.1449999809265137,2.1549999713897705,2.1449999809265137,2.1449999809265137,45958.0
2024-03-01 13:12:00,ATEC,13.494999885559082,13.494999885559082,13.505000114440918,13.494999885559082,13.5,7093.0
2024-03-01 13:12:00,ATHA,4.0,4.0,4.0,4.0,4.0,279.0
2024-03-01 13:12:00,ATRA,0.7975000143051147,0.7975000143051147,0.7975000143051147,0.7958999872207642,0.7958999872207642,825.0
2024-03-01 13:12:00,ATRC,36.095001220703125,36.095001220703125,36.11000061035156,36.095001220703125,36.11000061035156,415.0
2024-03-01 13:12:00,ATXS,14.822500228881836,14.822500228881836,14.869999885559082,14.800000190734863,14.869999885559082,2941.0
2024-03-01 13:12:00,AUPH,5.869999885559082,5.869999885559082,5.869999885559082,5.855000019073486,5.855000019073486,7335.0
2024-03-01 13:12:00,AURA,9.300000190734863,9.300000190734863,9.329999923706055,9.300000190734863,9.329999923706055,818.0
2024-03-01 13:12:00,AUTL,6.363999843597412,6.363999843597412,6.363999843597412,6.360000133514404,6.360000133514404,1063.0
2024-03-01 13:12:00,AVDL,13.0,13.0,13.005000114440918,13.0,13.0,1507.0
2024-03-01 13:12:00,AVTE,23.8435001373291,23.8435001373291,24.139999389648438,23.65999984741211,23.8799991607666,3979.0
2024-03-01 13:12:00,AXNX,67.5,67.5,67.52999877929688,67.5,67.52999877929688,358.0
2024-03-01 13:12:00,AZN,64.67500305175781,64.67500305175781,64.68000030517578,64.66100311279297,64.6698989868164,3163.0
2024-03-01 13:12:00,AZTA,67.19999694824219,67.19999694824219,67.19999694824219,67.19999694824219,67.19999694824219,479.0
2024-03-01 13:12:00,BBIO,36.15999984741211,36.15999984741211,36.20000076293945,36.15999984741211,36.15999984741211,2789.0
2024-03-01 13:12:00,BBLG,2.615999937057495,2.615999937057495,2.615999937057495,2.5199999809265137,2.5199999809265137,464.0
2024-03-01 13:12:00,BCAB,2.759999990463257,2.759999990463257,2.759999990463257,2.759999990463257,2.759999990463257,113.0
2024-03-01 13:12:00,BCLI,0.35600000619888306,0.35600000619888306,0.35600000619888306,0.35600000619888306,0.35600000619888306,1900.0
2024-03-01 13:12:00,BCRX,5.744999885559082,5.744999885559082,5.75,5.739999771118164,5.75,2446.0
2024-03-01 13:12:00,BDTX,5.039999961853027,5.039999961853027,5.039999961853027,5.034999847412109,5.034999847412109,1165.0
2024-03-01 13:12:00,BEAM,40.13010025024414,40.13010025024414,40.150001525878906,40.130001068115234,40.13999938964844,1228.0
2024-03-01 13:12:00,BGNE,166.18980407714844,166.18980407714844,166.18980407714844,166.18980407714844,166.18980407714844,389.0
2024-03-01 13:12:00,BGXX,0.27459999918937683,0.27459999918937683,0.27459999918937683,0.2736999988555908,0.2736999988555908,27152.0
2024-03-01 13:12:00,BIIB,221.25430297851562,221.25430297851562,221.25430297851562,221.25430297851562,221.25430297851562,561.0
2024-03-01 13:12:00,BIOL,0.1420000046491623,0.1420000046491623,0.1420000046491623,0.14000000059604645,0.14190000295639038,78493.0
2024-03-01 13:12:00,BIOR,1.1469999551773071,1.1469999551773071,1.1469999551773071,1.1469999551773071,1.1469999551773071,105.0
2024-03-01 13:12:00,BIVI,1.9282000064849854,1.9282000064849854,1.9700000286102295,1.9199999570846558,1.9500999450683594,87276.0
2024-03-01 13:12:00,BJDX,0.8170499801635742,0.8170499801635742,0.8170499801635742,0.8170499801635742,0.8170499801635742,1500.0
2024-03-01 13:12:00,BLFS,18.239999771118164,18.239999771118164,18.239999771118164,18.184999465942383,18.184999465942383,1110.0
2024-03-01 13:12:00,BLUE,1.5950000286102295,1.5950000286102295,1.597499966621399,1.590000033378601,1.5950000286102295,3205.0
2024-03-01 13:12:00,BMEA,18.1299991607666,18.1299991607666,18.131500244140625,18.1299991607666,18.1299991607666,5247.0
2024-03-01 13:12:00,BMRA,1.2100000381469727,1.2100000381469727,1.2100000381469727,1.2100000381469727,1.2100000381469727,800.0
2024-03-01 13:12:00,BMRN,87.6449966430664,87.6449966430664,87.6449966430664,87.52999877929688,87.52999877929688,2304.0
2024-03-01 13:12:00,BNGO,1.2598999738693237,1.2598999738693237,1.2598999738693237,1.2598999738693237,1.2598999738693237,1190.0
2024-03-01 13:12:00,BNR,0.8282999992370605,0.8282999992370605,0.8282999992370605,0.8282999992370605,0.8282999992370605,101.0
2024-03-01 13:12:00,BRKR,88.4000015258789,88.4000015258789,88.4000015258789,88.37000274658203,88.37999725341797,1281.0
2024-03-01 13:12:00,BSGM,0.6700000166893005,0.6700000166893005,0.6700000166893005,0.6700000166893005,0.6700000166893005,100.0
2024-03-01 13:12:00,BTAI,3.200000047683716,3.200000047683716,3.200000047683716,3.200000047683716,3.200000047683716,281.0
2024-03-01 13:12:00,BTTX,0.1738000065088272,0.1738000065088272,0.1738000065088272,0.1738000065088272,0.1738000065088272,500.0
2024-03-01 13:12:00,BWAY,6.514999866485596,6.514999866485596,6.514999866485596,6.514999866485596,6.514999866485596,100.0
2024-03-01 13:12:00,CABA,24.079999923706055,24.079999923706055,24.079999923706055,24.059999465942383,24.059999465942383,1622.0
2024-03-01 13:12:00,CAPR,4.570000171661377,4.570000171661377,4.570000171661377,4.570000171661377,4.570000171661377,378.0
2024-03-01 13:12:00,CBAY,32.2400016784668,32.2400016784668,32.2400016784668,32.2400016784668,32.2400016784668,1008.0
2024-03-01 13:12:00,CCCC,10.944999694824219,10.944999694824219,10.960000038146973,10.944999694824219,10.960000038146973,1406.0
2024-03-01 13:12:00,CCRN,18.18000030517578,18.18000030517578,18.18000030517578,18.174999237060547,18.174999237060547,848.0
2024-03-01 13:12:00,CDNA,12.225000381469727,12.225000381469727,12.225000381469727,12.225000381469727,12.225000381469727,236.0
2024-03-01 13:12:00,CDTX,0.7203999757766724,0.7203999757766724,0.7203999757766724,0.7203999757766724,0.7203999757766724,813.0
2024-03-01 13:12:00,CDXC,1.649999976158142,1.649999976158142,1.649999976158142,1.649999976158142,1.649999976158142,2819.0
2024-03-01 13:12:00,CDXS,4.550000190734863,4.550000190734863,4.550000190734863,4.545000076293945,4.545000076293945,472.0
2024-03-01 13:12:00,CELZ,4.282299995422363,4.282299995422363,4.282299995422363,4.282299995422363,4.282299995422363,355.0
2024-03-01 13:12:00,CERE,41.10499954223633,41.10499954223633,41.10499954223633,41.099998474121094,41.10499954223633,918.0
2024-03-01 13:12:00,CERS,2.2200000286102295,2.2200000286102295,2.2200000286102295,2.2112998962402344,2.2149999141693115,899.0
2024-03-01 13:12:00,CERT,17.850000381469727,17.850000381469727,17.850000381469727,17.84000015258789,17.84000015258789,710.0
2024-03-01 13:12:00,CGC,3.265000104904175,3.265000104904175,3.265000104904175,3.265000104904175,3.265000104904175,420.0
2024-03-01 13:12:00,CGEM,18.850000381469727,18.850000381469727,18.850000381469727,18.850000381469727,18.850000381469727,346.0
2024-03-01 13:12:00,CJJD,2.890000104904175,2.890000104904175,2.890000104904175,2.890000104904175,2.890000104904175,287.0
2024-03-01 13:12:00,CLDX,51.32500076293945,51.32500076293945,51.34000015258789,51.29999923706055,51.32500076293945,1562.0
2024-03-01 13:12:00,CLNN,0.39423999190330505,0.39423999190330505,0.39500001072883606,0.39423999190330505,0.39500001072883606,10250.0
2024-03-01 13:12:00,CLOV,0.8652999997138977,0.8652999997138977,0.8654000163078308,0.8652999997138977,0.8652999997138977,10905.0
2024-03-01 13:12:00,CLRB,4.159999847412109,4.159999847412109,4.159999847412109,4.159999847412109,4.159999847412109,1490.0
2024-03-01 13:12:00,CMPS,11.550000190734863,11.550000190734863,11.550000190734863,11.515000343322754,11.548500061035156,1265.0
2024-03-01 13:12:00,CMRX,1.1799999475479126,1.1799999475479126,1.1799999475479126,1.1799999475479126,1.1799999475479126,2415.0
2024-03-01 13:12:00,CORT,24.270000457763672,24.270000457763672,24.270000457763672,24.270000457763672,24.270000457763672,311.0
2024-03-01 13:12:00,CPRX,17.174999237060547,17.174999237060547,17.174999237060547,17.170000076293945,17.174999237060547,2078.0
2024-03-01 13:12:00,CRBU,7.945000171661377,7.945000171661377,7.945000171661377,7.940000057220459,7.945000171661377,340.0
2024-03-01 13:12:00,CRDF,2.40910005569458,2.40910005569458,2.438800096511841,2.4000000953674316,2.434999942779541,11002.0
2024-03-01 13:12:00,CRDL,1.9000999927520752,1.9000999927520752,1.92739999294281,1.9000999927520752,1.92739999294281,1178.0
2024-03-01 13:12:00,CRON,2.069999933242798,2.069999933242798,2.069999933242798,2.069999933242798,2.069999933242798,201.0
2024-03-01 13:12:00,CRSP,86.08999633789062,86.08999633789062,86.20999908447266,86.08999633789062,86.0999984741211,5947.0
2024-03-01 13:12:00,CTKB,8.850000381469727,8.850000381469727,8.850000381469727,8.850000381469727,8.850000381469727,1881.0
2024-03-01 13:12:00,CTMX,2.680000066757202,2.680000066757202,2.7100000381469727,2.6600000858306885,2.694999933242798,24469.0
2024-03-01 13:12:00,CUTR,2.4100000858306885,2.4100000858306885,2.4100000858306885,2.4100000858306885,2.4100000858306885,271.0
2024-03-01 13:12:00,CVAC,3.505000114440918,3.505000114440918,3.505000114440918,3.505000114440918,3.505000114440918,200.0
2024-03-01 13:12:00,CYTK,73.18000030517578,73.18000030517578,73.18000030517578,73.12999725341797,73.16000366210938,473.0
2024-03-01 13:12:00,CYTO,2.369999885559082,2.369999885559082,2.369999885559082,2.359999895095825,2.359999895095825,2206.0
2024-03-01 13:12:00,DAWN,17.489999771118164,17.489999771118164,17.5049991607666,17.489999771118164,17.4950008392334,1512.0
2024-03-01 13:12:00,DCGO,4.179999828338623,4.179999828338623,4.179999828338623,4.179999828338623,4.179999828338623,113.0
2024-03-01 13:12:00,DH,8.864999771118164,8.864999771118164,8.864999771118164,8.864999771118164,8.864999771118164,182.0
2024-03-01 13:12:00,DMTK,0.8575000166893005,0.8575000166893005,0.8575000166893005,0.8574990034103394,0.8574990034103394,675.0
2024-03-01 13:12:00,DNLI,20.799999237060547,20.799999237060547,20.799999237060547,20.790800094604492,20.790800094604492,528.0
2024-03-01 13:12:00,DTIL,12.390000343322754,12.390000343322754,12.390000343322754,12.25,12.25,1825.0
2024-03-01 13:12:00,DVAX,12.904999732971191,12.904999732971191,12.904999732971191,12.899999618530273,12.899999618530273,2784.0
2024-03-01 13:12:00,DXCM,121.8550033569336,121.8550033569336,121.97000122070312,121.8550033569336,121.94999694824219,5375.0
2024-03-01 13:12:00,DYN,28.760000228881836,28.760000228881836,28.770000457763672,28.7450008392334,28.770000457763672,1715.0
2024-03-01 13:12:00,EDIT,10.90839958190918,10.90839958190918,10.90999984741211,10.899999618530273,10.899999618530273,1011.0
2024-03-01 13:12:00,EGRX,6.71999979019165,6.71999979019165,6.71999979019165,6.71999979019165,6.71999979019165,485.0
2024-03-01 13:12:00,EIGR,6.760000228881836,6.760000228881836,6.760000228881836,6.760000228881836,6.760000228881836,505.0
2024-03-01 13:12:00,ELEV,5.03000020980835,5.03000020980835,5.039999961853027,5.03000020980835,5.03000020980835,666.0
2024-03-01 13:12:00,EMBC,14.430000305175781,14.430000305175781,14.430000305175781,14.430000305175781,14.430000305175781,107.0
2024-03-01 13:12:00,ENVB,1.5199999809265137,1.5199999809265137,1.5399999618530273,1.5199999809265137,1.5299999713897705,4525.0
2024-03-01 13:12:00,EQ,2.4700000286102295,2.4700000286102295,2.4800000190734863,2.460099935531616,2.460099935531616,3833.0
2024-03-01 13:12:00,ERAS,2.505000114440918,2.505000114440918,2.505000114440918,2.5,2.505000114440918,903.0
2024-03-01 13:12:00,ESPR,2.5250000953674316,2.5250000953674316,2.5250000953674316,2.5199999809265137,2.5199999809265137,5741.0
2024-03-01 13:12:00,ESTA,45.279998779296875,45.279998779296875,45.279998779296875,45.279998779296875,45.279998779296875,156.0
2024-03-01 13:12:00,ETNB,13.300000190734863,13.300000190734863,13.3100004196167,13.300000190734863,13.3100004196167,1624.0
2024-03-01 13:12:00,EVGN,0.9502000212669373,0.9502000212669373,0.9502000212669373,0.9502000212669373,0.9502000212669373,2000.0
2024-03-01 13:12:00,EWTX,17.010000228881836,17.010000228881836,17.010000228881836,17.010000228881836,17.010000228881836,101.0
2024-03-01 13:12:00,EXAI,6.789999961853027,6.789999961853027,6.789999961853027,6.789999961853027,6.789999961853027,3634.0
2024-03-01 13:12:00,EXAS,60.290000915527344,60.290000915527344,60.36000061035156,60.290000915527344,60.36000061035156,1402.0
2024-03-01 13:12:00,EXEL,22.584999084472656,22.584999084472656,22.584999084472656,22.579999923706055,22.579999923706055,665.0
2024-03-01 13:12:00,EYEN,2.4900999069213867,2.4900999069213867,2.4900999069213867,2.4749999046325684,2.4749999046325684,4487.0
2024-03-01 13:12:00,EYPT,27.979999542236328,27.979999542236328,27.979999542236328,27.979999542236328,27.979999542236328,1277.0
2024-03-01 13:12:00,FATE,7.71750020980835,7.71750020980835,7.71750020980835,7.684999942779541,7.684999942779541,3988.0
2024-03-01 13:12:00,FDMT,29.399999618530273,29.399999618530273,29.440000534057617,29.399999618530273,29.420000076293945,754.0
2024-03-01 13:12:00,FEMY,1.6950000524520874,1.6950000524520874,1.6950000524520874,1.6950000524520874,1.6950000524520874,500.0
2024-03-01 13:12:00,FGEN,1.8949999809265137,1.8949999809265137,1.8949999809265137,1.8898999691009521,1.8899999856948853,3406.0
2024-03-01 13:12:00,FLGT,23.209999084472656,23.209999084472656,23.209999084472656,23.209999084472656,23.209999084472656,127.0
2024-03-01 13:12:00,FOLD,13.359999656677246,13.359999656677246,13.359999656677246,13.354999542236328,13.354999542236328,2952.0
2024-03-01 13:12:00,FULC,10.90999984741211,10.90999984741211,10.960000038146973,10.90999984741211,10.960000038146973,3077.0
2024-03-01 13:12:00,FUSN,12.470000267028809,12.470000267028809,12.470000267028809,12.4350004196167,12.4350004196167,742.0
2024-03-01 13:12:00,GANX,4.670000076293945,4.670000076293945,4.670000076293945,4.670000076293945,4.670000076293945,245.0
2024-03-01 13:12:00,GDRX,8.25,8.25,8.25,8.25,8.25,215.0
2024-03-01 13:12:00,GERN,2.2300000190734863,2.2300000190734863,2.2300000190734863,2.2200000286102295,2.2300000190734863,6077.0
2024-03-01 13:12:00,GH,19.110000610351562,19.110000610351562,19.110000610351562,19.110000610351562,19.110000610351562,458.0
2024-03-01 13:12:00,GILD,72.22000122070312,72.22000122070312,72.22000122070312,72.19499969482422,72.19999694824219,13359.0
2024-03-01 13:12:00,GLPG,35.15999984741211,35.15999984741211,35.189998626708984,35.15999984741211,35.189998626708984,551.0
2024-03-01 13:12:00,GLSI,12.380000114440918,12.380000114440918,12.380000114440918,12.34000015258789,12.34000015258789,328.0
2024-03-01 13:12:00,GLUE,6.449999809265137,6.449999809265137,6.449999809265137,6.449999809265137,6.449999809265137,581.0
2024-03-01 13:12:00,GMAB,29.344999313354492,29.344999313354492,29.344999313354492,29.344999313354492,29.344999313354492,567.0
2024-03-01 13:12:00,GMDA,0.3749000132083893,0.3749000132083893,0.3749000132083893,0.3749000132083893,0.3749000132083893,100.0
2024-03-01 13:12:00,GRFS,7.105000019073486,7.105000019073486,7.125,7.105000019073486,7.114999771118164,8763.0
2024-03-01 13:12:00,GRPH,3.490000009536743,3.490000009536743,3.494999885559082,3.490000009536743,3.490000009536743,346.0
2024-03-01 13:12:00,GRTS,2.184999942779541,2.184999942779541,2.184999942779541,2.184999942779541,2.184999942779541,103.0
2024-03-01 13:12:00,GTHX,3.7499001026153564,3.7499001026153564,3.7499001026153564,3.744999885559082,3.744999885559082,220.0
2024-03-01 13:12:00,HALO,41.5099983215332,41.5099983215332,41.53499984741211,41.5099983215332,41.53499984741211,1287.0
2024-03-01 13:12:00,HARP,22.940000534057617,22.940000534057617,22.940000534057617,22.940000534057617,22.940000534057617,157.0
2024-03-01 13:12:00,HCAT,8.109999656677246,8.109999656677246,8.109999656677246,8.100000381469727,8.100000381469727,448.0
2024-03-01 13:12:00,HCSG,12.651000022888184,12.651000022888184,12.651000022888184,12.651000022888184,12.651000022888184,100.0
2024-03-01 13:12:00,HOLX,74.08999633789062,74.08999633789062,74.10800170898438,74.08999633789062,74.10800170898438,1520.0
2024-03-01 13:12:00,HOOK,0.7749999761581421,0.7749999761581421,0.7749999761581421,0.7749999761581421,0.7749999761581421,19996.0
2024-03-01 13:12:00,HRTX,2.5799999237060547,2.5799999237060547,2.5899999141693115,2.5799999237060547,2.5850000381469727,2748.0
2024-03-01 13:12:00,HSIC,76.9000015258789,76.9000015258789,76.9000015258789,76.86000061035156,76.88999938964844,2480.0
2024-03-01 13:12:00,HUMA,3.4000000953674316,3.4000000953674316,3.4049999713897705,3.4000000953674316,3.4007999897003174,5846.0
2024-03-01 13:12:00,IART,36.529998779296875,36.529998779296875,36.54999923706055,36.525001525878906,36.540000915527344,1096.0
2024-03-01 13:12:00,IBRX,4.769999980926514,4.769999980926514,4.77400016784668,4.769999980926514,4.77400016784668,5103.0
2024-03-01 13:12:00,ICAD,1.8901000022888184,1.8901000022888184,1.8901000022888184,1.8899999856948853,1.8899999856948853,1746.0
2024-03-01 13:12:00,ICLR,323.1300048828125,323.1300048828125,323.1400146484375,323.1300048828125,323.1400146484375,1338.0
2024-03-01 13:12:00,ICUI,105.01000213623047,105.01000213623047,105.01000213623047,105.01000213623047,105.01000213623047,280.0
2024-03-01 13:12:00,IDYA,46.58000183105469,46.58000183105469,46.58000183105469,46.58000183105469,46.58000183105469,259.0
2024-03-01 13:12:00,IFRX,1.826799988746643,1.826799988746643,1.826799988746643,1.826799988746643,1.826799988746643,110.0
2024-03-01 13:12:00,IGMS,13.550000190734863,13.550000190734863,13.550000190734863,13.539999961853027,13.539999961853027,947.0
2024-03-01 13:12:00,IINN,1.6699999570846558,1.6699999570846558,1.6699999570846558,1.6699999570846558,1.6699999570846558,474.0
2024-03-01 13:12:00,IKT,2.119999885559082,2.119999885559082,2.140000104904175,2.119999885559082,2.140000104904175,253.0
2024-03-01 13:12:00,ILMN,142.3000946044922,142.3000946044922,142.3000946044922,142.3000946044922,142.3000946044922,599.0
2024-03-01 13:12:00,IMAB,1.8300000429153442,1.8300000429153442,1.8300000429153442,1.8300000429153442,1.8300000429153442,100.0
2024-03-01 13:12:00,IMCR,67.89749908447266,67.89749908447266,67.89749908447266,67.89749908447266,67.89749908447266,354.0
2024-03-01 13:12:00,IMMX,3.559999942779541,3.559999942779541,3.559999942779541,3.559999942779541,3.559999942779541,200.0
2024-03-01 13:12:00,IMNM,25.985000610351562,25.985000610351562,25.985000610351562,25.93000030517578,25.93000030517578,679.0
2024-03-01 13:12:00,IMUX,1.4800000190734863,1.4800000190734863,1.4900000095367432,1.4800000190734863,1.4900000095367432,3234.0
2024-03-01 13:12:00,INBX,36.52000045776367,36.52000045776367,36.52000045776367,36.52000045776367,36.52000045776367,290.0
2024-03-01 13:12:00,INCY,59.380001068115234,59.380001068115234,59.380001068115234,59.33000183105469,59.33000183105469,2016.0
2024-03-01 13:12:00,INKT,0.9205999970436096,0.9205999970436096,0.9205999970436096,0.9205999970436096,0.9205999970436096,1003.0
2024-03-01 13:12:00,INMD,22.8700008392334,22.8700008392334,22.8789005279541,22.8700008392334,22.8700008392334,589.0
2024-03-01 13:12:00,INO,9.270000457763672,9.270000457763672,9.279999732971191,9.270000457763672,9.279999732971191,735.0
2024-03-01 13:12:00,INSM,28.489999771118164,28.489999771118164,28.489999771118164,28.489999771118164,28.489999771118164,424.0
2024-03-01 13:12:00,INVA,15.65999984741211,15.65999984741211,15.65999984741211,15.65999984741211,15.65999984741211,118.0
2024-03-01 13:12:00,INZY,6.659999847412109,6.659999847412109,6.659999847412109,6.659999847412109,6.659999847412109,253.0
2024-03-01 13:12:00,IONS,45.810001373291016,45.810001373291016,45.810001373291016,45.80500030517578,45.80500030517578,308.0
2024-03-01 13:12:00,IOVA,16.98200035095215,16.98200035095215,16.9950008392334,16.979999542236328,16.989999771118164,17723.0
2024-03-01 13:12:00,IRWD,9.09000015258789,9.09000015258789,9.100000381469727,9.09000015258789,9.095000267028809,3610.0
2024-03-01 13:12:00,ISRG,395.9649963378906,395.9649963378906,396.1000061035156,395.8800048828125,396.1000061035156,2850.0
2024-03-01 13:12:00,ITCI,71.24500274658203,71.24500274658203,71.24500274658203,71.24500274658203,71.24500274658203,543.0
2024-03-01 13:12:00,ITOS,11.010000228881836,11.010000228881836,11.010000228881836,11.010000228881836,11.010000228881836,200.0
2024-03-01 13:12:00,ITRM,1.2799999713897705,1.2799999713897705,1.2899999618530273,1.2799999713897705,1.2899999618530273,4146.0
2024-03-01 13:12:00,IVVD,4.014999866485596,4.014999866485596,4.014999866485596,4.014999866485596,4.014999866485596,1586.0
2024-03-01 13:12:00,JAGX,0.07890000194311142,0.07890000194311142,0.07940000295639038,0.07750000059604645,0.07909999787807465,514612.0
2024-03-01 13:12:00,JANX,46.65999984741211,46.65999984741211,46.65999984741211,46.650001525878906,46.650001525878906,270.0
2024-03-01 13:12:00,JAZZ,118.94999694824219,118.94999694824219,118.94999694824219,118.89700317382812,118.89700317382812,727.0
2024-03-01 13:12:00,KNSA,21.760000228881836,21.760000228881836,21.770000457763672,21.760000228881836,21.770000457763672,288.0
2024-03-01 13:12:00,KNTE,2.5950000286102295,2.5950000286102295,2.5950000286102295,2.5950000286102295,2.5950000286102295,100.0
2024-03-01 13:12:00,KPTI,1.2100000381469727,1.2100000381469727,1.2100000381469727,1.2050000429153442,1.2050000429153442,1328.0
2024-03-01 13:12:00,KRON,1.0449999570846558,1.0449999570846558,1.0449999570846558,1.0299999713897705,1.0299999713897705,7124.0
2024-03-01 13:12:00,KURA,21.25,21.25,21.25,21.209999084472656,21.209999084472656,725.0
2024-03-01 13:12:00,KYMR,44.10499954223633,44.10499954223633,44.10499954223633,44.099998474121094,44.099998474121094,721.0
2024-03-01 13:12:00,LAB,2.5009000301361084,2.5009000301361084,2.505000114440918,2.5009000301361084,2.505000114440918,1645.0
2024-03-01 13:12:00,LEGN,65.97000122070312,65.97000122070312,66.0,65.94000244140625,65.94999694824219,2173.0
2024-03-01 13:12:00,LFMD,8.0,8.0,8.010000228881836,8.0,8.010000228881836,405.0
2024-03-01 13:12:00,LGND,78.08000183105469,78.08000183105469,78.12999725341797,78.06999969482422,78.06999969482422,1525.0
2024-03-01 13:12:00,LIVN,55.84000015258789,55.84000015258789,55.84000015258789,55.84000015258789,55.84000015258789,153.0
2024-03-01 13:12:00,LMAT,67.8499984741211,67.8499984741211,67.8499984741211,67.8499984741211,67.8499984741211,233.0
2024-03-01 13:12:00,LQDA,14.550000190734863,14.550000190734863,14.550000190734863,14.550000190734863,14.550000190734863,181.0
2024-03-01 13:12:00,LUNG,9.454999923706055,9.454999923706055,9.454999923706055,9.454999923706055,9.454999923706055,115.0
2024-03-01 13:12:00,LVTX,2.9814999103546143,2.9814999103546143,2.990000009536743,2.9800000190734863,2.990000009536743,1100.0
2024-03-01 13:12:00,LXRX,2.5250000953674316,2.5250000953674316,2.529400110244751,2.5250000953674316,2.529400110244751,569.0
2024-03-01 13:12:00,LYRA,5.75,5.75,5.75,5.690000057220459,5.690000057220459,13907.0
2024-03-01 13:12:00,MACK,14.722000122070312,14.722000122070312,14.722000122070312,14.722000122070312,14.722000122070312,914.0
2024-03-01 13:12:00,MASS,7.340000152587891,7.340000152587891,7.340000152587891,7.340000152587891,7.340000152587891,387.0
2024-03-01 13:12:00,MCRB,1.2050000429153442,1.2050000429153442,1.2050000429153442,1.2050000429153442,1.2050000429153442,352.0
2024-03-01 13:12:00,MDRX,6.050000190734863,6.050000190734863,6.099999904632568,6.039999961853027,6.050000190734863,243234.0
2024-03-01 13:12:00,MDXG,8.6850004196167,8.6850004196167,8.6899995803833,8.6850004196167,8.6899995803833,927.0
2024-03-01 13:12:00,MDXH,3.730799913406372,3.730799913406372,3.730799913406372,3.730799913406372,3.730799913406372,100.0
2024-03-01 13:12:00,ME,0.5702000260353088,0.5702000260353088,0.570900022983551,0.5699999928474426,0.570900022983551,9899.0
2024-03-01 13:12:00,MEDP,402.25,402.25,402.5299987792969,402.25,402.5299987792969,715.0
2024-03-01 13:12:00,MGNX,19.020000457763672,19.020000457763672,19.020000457763672,19.020000457763672,19.020000457763672,649.0
2024-03-01 13:12:00,MGTX,6.449999809265137,6.449999809265137,6.449999809265137,6.449999809265137,6.449999809265137,168.0
2024-03-01 13:12:00,MLTX,51.599998474121094,51.599998474121094,51.61000061035156,51.58000183105469,51.61000061035156,877.0
2024-03-01 13:12:00,MNKD,4.510000228881836,4.510000228881836,4.519999980926514,4.510000228881836,4.510000228881836,1863.0
2024-03-01 13:12:00,MNMD,6.119999885559082,6.119999885559082,6.119999885559082,6.119999885559082,6.119999885559082,977.0
2024-03-01 13:12:00,MODD,1.8899999856948853,1.8899999856948853,1.9049999713897705,1.8899999856948853,1.9049999713897705,1858.0
2024-03-01 13:12:00,MODV,28.079999923706055,28.079999923706055,28.079999923706055,28.079999923706055,28.079999923706055,300.0
2024-03-01 13:12:00,MOR,17.579999923706055,17.579999923706055,17.579999923706055,17.579999923706055,17.579999923706055,567.0
2024-03-01 13:12:00,MORF,39.529998779296875,39.529998779296875,39.54999923706055,39.529998779296875,39.54999923706055,386.0
2024-03-01 13:12:00,MREO,4.029900074005127,4.029900074005127,4.045000076293945,4.021100044250488,4.045000076293945,5641.0
2024-03-01 13:12:00,MRNA,96.41999816894531,96.41999816894531,96.46990203857422,96.37000274658203,96.46990203857422,1176.0
2024-03-01 13:12:00,MRNS,10.265000343322754,10.265000343322754,10.265000343322754,10.260000228881836,10.260000228881836,2272.0
2024-03-01 13:12:00,MRSN,5.965000152587891,5.965000152587891,5.965000152587891,5.934999942779541,5.934999942779541,2281.0
2024-03-01 13:12:00,MRUS,51.79999923706055,51.79999923706055,51.79999923706055,51.79999923706055,51.79999923706055,1455.0
2024-03-01 13:12:00,MRVI,7.755000114440918,7.755000114440918,7.755000114440918,7.755000114440918,7.755000114440918,203.0
2024-03-01 13:12:00,MTEM,3.5899999141693115,3.5899999141693115,3.5899999141693115,3.5899999141693115,3.5899999141693115,128.0
2024-03-01 13:12:00,MXCT,4.764999866485596,4.764999866485596,4.764999866485596,4.764999866485596,4.764999866485596,284.0
2024-03-01 13:12:00,MYGN,21.829999923706055,21.829999923706055,21.829999923706055,21.829999923706055,21.829999923706055,220.0
2024-03-01 13:12:00,MYNZ,0.8611000180244446,0.8611000180244446,0.8611000180244446,0.8611000180244446,0.8611000180244446,336.0
2024-03-01 13:12:00,NARI,44.970001220703125,44.970001220703125,44.9900016784668,44.935001373291016,44.939998626708984,2815.0
2024-03-01 13:12:00,NBIX,131.25999450683594,131.25999450683594,131.30999755859375,131.2100067138672,131.2100067138672,4103.0
2024-03-01 13:12:00,NDRA,1.1900999546051025,1.1900999546051025,1.190500020980835,1.190000057220459,1.1900999546051025,3000.0
2024-03-01 13:12:00,NEO,16.110000610351562,16.110000610351562,16.110000610351562,16.110000610351562,16.110000610351562,100.0
2024-03-01 13:12:00,NEOG,17.344999313354492,17.344999313354492,17.344999313354492,17.344999313354492,17.344999313354492,555.0
2024-03-01 13:12:00,NGM,1.5299999713897705,1.5299999713897705,1.5299999713897705,1.5299999713897705,1.5299999713897705,616.0
2024-03-01 13:12:00,NNOX,11.059800148010254,11.059800148010254,11.059800148010254,11.04990005493164,11.050000190734863,1678.0
2024-03-01 13:12:00,NRBO,6.03000020980835,6.03000020980835,6.050000190734863,5.906899929046631,5.906899929046631,2485.0
2024-03-01 13:12:00,NRIX,13.720000267028809,13.720000267028809,13.720000267028809,13.649999618530273,13.649999618530273,4197.0
2024-03-01 13:12:00,NRSN,2.059999942779541,2.059999942779541,2.0899999141693115,2.059999942779541,2.0899999141693115,310.0
2024-03-01 13:12:00,NTLA,33.369998931884766,33.369998931884766,33.41529846191406,33.369998931884766,33.41529846191406,2453.0
2024-03-01 13:12:00,NTRA,89.37000274658203,89.37000274658203,89.38999938964844,89.37000274658203,89.38999938964844,1687.0
2024-03-01 13:12:00,NVAX,5.190000057220459,5.190000057220459,5.199999809265137,5.184999942779541,5.184999942779541,15493.0
2024-03-01 13:12:00,NVCR,16.020000457763672,16.020000457763672,16.049999237060547,16.020000457763672,16.040000915527344,2811.0
2024-03-01 13:12:00,NVCT,10.6850004196167,10.6850004196167,10.6850004196167,10.6850004196167,10.6850004196167,186.0
2024-03-01 13:12:00,NXTC,1.75,1.75,1.75,1.75,1.75,100.0
2024-03-01 13:12:00,OCGN,0.9455999732017517,0.9455999732017517,0.9455999732017517,0.9434999823570251,0.9445499777793884,3537.0
2024-03-01 13:12:00,OCUL,10.899999618530273,10.899999618530273,10.904999732971191,10.899999618530273,10.904999732971191,4060.0
2024-03-01 13:12:00,OGI,2.2049999237060547,2.2049999237060547,2.2049999237060547,2.2049999237060547,2.2049999237060547,1537.0
2024-03-01 13:12:00,OLMA,14.640000343322754,14.640000343322754,14.640000343322754,14.619999885559082,14.619999885559082,1202.0
2024-03-01 13:12:00,OM,3.134000062942505,3.134000062942505,3.134999990463257,3.130000114440918,3.130000114440918,1389.0
2024-03-01 13:12:00,OMCL,26.420000076293945,26.420000076293945,26.479999542236328,26.420000076293945,26.479999542236328,3770.0
2024-03-01 13:13:00,ABCL,5.244999885559082,5.244999885559082,5.255000114440918,5.241199970245361,5.25,4276.0
2024-03-01 13:13:00,ABOS,4.659999847412109,4.659999847412109,4.659999847412109,4.659999847412109,4.659999847412109,238.0
2024-03-01 13:13:00,ABSI,5.360000133514404,5.360000133514404,5.369999885559082,5.349999904632568,5.360000133514404,4819.0
2024-03-01 13:13:00,ACAD,24.450000762939453,24.450000762939453,24.459999084472656,24.434999465942383,24.459999084472656,2635.0
2024-03-01 13:13:00,ACB,3.2186999320983887,3.2186999320983887,3.2186999320983887,3.2100000381469727,3.2100000381469727,437.0
2024-03-01 13:13:00,ACCD,10.1850004196167,10.1850004196167,10.1899995803833,10.1850004196167,10.1899995803833,1306.0
2024-03-01 13:13:00,ACET,2.4000000953674316,2.4000000953674316,2.4000000953674316,2.390000104904175,2.390000104904175,366.0
2024-03-01 13:13:00,ACHC,84.57250213623047,84.57250213623047,84.57250213623047,84.54000091552734,84.54000091552734,978.0
2024-03-01 13:13:00,ACLX,67.2750015258789,67.2750015258789,67.27999877929688,67.2750015258789,67.27999877929688,305.0
2024-03-01 13:13:00,ACRS,1.2400000095367432,1.2400000095367432,1.2400000095367432,1.2350000143051147,1.2350000143051147,1455.0
2024-03-01 13:13:00,ADIL,3.080199956893921,3.080199956893921,3.0899999141693115,3.0608999729156494,3.0608999729156494,8263.0
2024-03-01 13:13:00,ADMA,5.507500171661377,5.507500171661377,5.507500171661377,5.505000114440918,5.505000114440918,759.0
2024-03-01 13:13:00,ADPT,4.195000171661377,4.195000171661377,4.199999809265137,4.195000171661377,4.199999809265137,3769.0
2024-03-01 13:13:00,ADTX,3.4846999645233154,3.4846999645233154,3.4846999645233154,3.4800000190734863,3.4800000190734863,1374.0
2024-03-01 13:13:00,ADVM,1.9700000286102295,1.9700000286102295,1.975000023841858,1.9700000286102295,1.975000023841858,655.0
2024-03-01 13:13:00,AFMD,0.6399999856948853,0.6399999856948853,0.6399999856948853,0.6399999856948853,0.6399999856948853,100.0
2024-03-01 13:13:00,AGEN,0.6825000047683716,0.6825000047683716,0.6825000047683716,0.6790000200271606,0.6790000200271606,176322.0
2024-03-01 13:13:00,AGIO,32.90999984741211,32.90999984741211,32.90999984741211,32.90999984741211,32.90999984741211,246.0
2024-03-01 13:13:00,AGRX,0.8398000001907349,0.8398000001907349,0.8398000001907349,0.8398000001907349,0.8398000001907349,101.0
2024-03-01 13:13:00,AHCO,10.595000267028809,10.595000267028809,10.600000381469727,10.595000267028809,10.600000381469727,852.0
2024-03-01 13:13:00,AIRS,6.449999809265137,6.449999809265137,6.460000038146973,6.445000171661377,6.460000038146973,422.0
2024-03-01 13:13:00,AKAN,0.21850599348545074,0.21850599348545074,0.22190000116825104,0.2175000011920929,0.21879999339580536,6235.0
2024-03-01 13:13:00,AKBA,1.690000057220459,1.690000057220459,1.690000057220459,1.690000057220459,1.690000057220459,100.0
2024-03-01 13:13:00,AKRO,30.085899353027344,30.085899353027344,30.085899353027344,30.079999923706055,30.079999923706055,424.0
2024-03-01 13:13:00,ALGN,304.010009765625,304.010009765625,304.010009765625,304.010009765625,304.010009765625,393.0
2024-03-01 13:13:00,ALGS,1.1100000143051147,1.1100000143051147,1.1100000143051147,1.1100000143051147,1.1100000143051147,639.0
2024-03-01 13:13:00,ALHC,5.695000171661377,5.695000171661377,5.695000171661377,5.692500114440918,5.692500114440918,427.0
2024-03-01 13:13:00,ALKS,30.229999542236328,30.229999542236328,30.2450008392334,30.229999542236328,30.2450008392334,1157.0
2024-03-01 13:13:00,ALLK,1.6150000095367432,1.6150000095367432,1.6150000095367432,1.6150000095367432,1.6150000095367432,520.0
2024-03-01 13:13:00,ALLO,5.054999828338623,5.054999828338623,5.054999828338623,5.054999828338623,5.054999828338623,219.0
2024-03-01 13:13:00,ALNY,154.27499389648438,154.27499389648438,154.27499389648438,154.27499389648438,154.27499389648438,189.0
2024-03-01 13:13:00,ALPN,35.90999984741211,35.90999984741211,35.90999984741211,35.86000061035156,35.86000061035156,2054.0
2024-03-01 13:13:00,ALT,12.010000228881836,12.010000228881836,12.038299560546875,12.010000228881836,12.038299560546875,2835.0
2024-03-01 13:13:00,AMGN,280.79998779296875,280.79998779296875,280.79998779296875,280.70001220703125,280.70001220703125,3872.0
2024-03-01 13:13:00,AMLX,18.790000915527344,18.790000915527344,18.799999237060547,18.790000915527344,18.799999237060547,478.0
2024-03-01 13:13:00,AMPH,45.398101806640625,45.398101806640625,45.400001525878906,45.39500045776367,45.39500045776367,1027.0
2024-03-01 13:13:00,AMRN,1.0499999523162842,1.0499999523162842,1.059999942779541,1.0499999523162842,1.0499999523162842,560.0
2024-03-01 13:13:00,ANIP,66.3949966430664,66.3949966430664,66.3949966430664,66.22000122070312,66.3499984741211,1673.0
2024-03-01 13:13:00,ANNX,5.980000019073486,5.980000019073486,5.989999771118164,5.980000019073486,5.980000019073486,1946.0
2024-03-01 13:13:00,APDN,0.5698990225791931,0.5698990225791931,0.5698990225791931,0.5698990225791931,0.5698990225791931,275.0
2024-03-01 13:13:00,APLS,64.87000274658203,64.87000274658203,64.88999938964844,64.81999969482422,64.88500213623047,4158.0
2024-03-01 13:13:00,APLT,7.125,7.125,7.130000114440918,7.125,7.130000114440918,1107.0
2024-03-01 13:13:00,AQST,4.204999923706055,4.204999923706055,4.204999923706055,4.204999923706055,4.204999923706055,399.0
2024-03-01 13:13:00,ARAY,2.640000104904175,2.640000104904175,2.640000104904175,2.640000104904175,2.640000104904175,921.0
2024-03-01 13:13:00,ARDX,9.494999885559082,9.494999885559082,9.505000114440918,9.490099906921387,9.494999885559082,15247.0
2024-03-01 13:13:00,ARQT,11.760000228881836,11.760000228881836,11.770000457763672,11.75,11.765000343322754,3109.0
2024-03-01 13:13:00,ARVN,48.709999084472656,48.709999084472656,48.77000045776367,48.709999084472656,48.77000045776367,1403.0
2024-03-01 13:13:00,ARWR,35.63999938964844,35.63999938964844,35.689998626708984,35.630001068115234,35.68790054321289,3478.0
2024-03-01 13:13:00,ASMB,13.149999618530273,13.149999618530273,13.170000076293945,13.149999618530273,13.170000076293945,1230.0
2024-03-01 13:13:00,ASND,152.10499572753906,152.10499572753906,152.10499572753906,152.10499572753906,152.10499572753906,348.0
2024-03-01 13:13:00,ASRT,0.92330002784729,0.92330002784729,0.9296000003814697,0.921999990940094,0.9296000003814697,658.0
2024-03-01 13:13:00,ATAI,2.140000104904175,2.140000104904175,2.1475000381469727,2.140000104904175,2.1475000381469727,345.0
2024-03-01 13:13:00,ATEC,13.484999656677246,13.484999656677246,13.505000114440918,13.484999656677246,13.494999885559082,9016.0
2024-03-01 13:13:00,ATRA,0.7981500029563904,0.7981500029563904,0.7986999750137329,0.7975000143051147,0.7975000143051147,3007.0
2024-03-01 13:13:00,ATRC,36.095001220703125,36.095001220703125,36.095001220703125,36.095001220703125,36.095001220703125,264.0
2024-03-01 13:13:00,ATXS,14.816800117492676,14.816800117492676,14.816800117492676,14.816800117492676,14.816800117492676,257.0
2024-03-01 13:13:00,AUPH,5.864999771118164,5.864999771118164,5.869999885559082,5.864999771118164,5.869999885559082,451.0
2024-03-01 13:13:00,AUTL,6.369999885559082,6.369999885559082,6.369999885559082,6.360000133514404,6.360000133514404,308.0
2024-03-01 13:13:00,AVDL,12.99209976196289,12.99209976196289,12.99209976196289,12.99209976196289,12.99209976196289,222.0
2024-03-01 13:13:00,AXNX,67.48999786376953,67.48999786376953,67.51000213623047,67.48999786376953,67.51000213623047,2353.0
2024-03-01 13:13:00,AZN,64.68000030517578,64.68000030517578,64.68000030517578,64.66999816894531,64.66999816894531,1272.0
2024-03-01 13:13:00,AZTA,67.18000030517578,67.18000030517578,67.18000030517578,67.18000030517578,67.18000030517578,130.0
2024-03-01 13:13:00,BBIO,36.1349983215332,36.1349983215332,36.15999984741211,36.119998931884766,36.15999984741211,2959.0
2024-03-01 13:13:00,BCAB,2.755000114440918,2.755000114440918,2.755000114440918,2.755000114440918,2.755000114440918,110.0
2024-03-01 13:13:00,BCDA,0.5605999827384949,0.5605999827384949,0.5605999827384949,0.5605999827384949,0.5605999827384949,291.0
2024-03-01 13:13:00,BCRX,5.75,5.75,5.75,5.739999771118164,5.744999885559082,1880.0
2024-03-01 13:13:00,BDTX,5.045000076293945,5.045000076293945,5.045000076293945,5.045000076293945,5.045000076293945,100.0
2024-03-01 13:13:00,BEAM,40.119998931884766,40.119998931884766,40.1349983215332,40.119998931884766,40.1349983215332,1354.0
2024-03-01 13:13:00,BGXX,0.27079999446868896,0.27079999446868896,0.27079999446868896,0.27079999446868896,0.27079999446868896,780.0
2024-03-01 13:13:00,BIIB,221.31500244140625,221.31500244140625,221.31500244140625,221.31500244140625,221.31500244140625,212.0
2024-03-01 13:13:00,BIOL,0.14000000059604645,0.14000000059604645,0.1420000046491623,0.13989999890327454,0.1420000046491623,18764.0
2024-03-01 13:13:00,BIOR,1.1312999725341797,1.1312999725341797,1.1349999904632568,1.1312999725341797,1.1349999904632568,2587.0
2024-03-01 13:13:00,BIVI,1.9601000547409058,1.9601000547409058,1.9700000286102295,1.923799991607666,1.923799991607666,43334.0
2024-03-01 13:13:00,BJDX,0.8141999840736389,0.8141999840736389,0.8170499801635742,0.8141000270843506,0.8170499801635742,4000.0
2024-03-01 13:13:00,BLFS,18.239999771118164,18.239999771118164,18.239999771118164,18.239999771118164,18.239999771118164,288.0
2024-03-01 13:13:00,BLRX,1.3911000490188599,1.3911000490188599,1.3911000490188599,1.3911000490188599,1.3911000490188599,281.0
2024-03-01 13:13:00,BLUE,1.5950000286102295,1.5950000286102295,1.600000023841858,1.590000033378601,1.597499966621399,7443.0
2024-03-01 13:13:00,BMEA,18.110000610351562,18.110000610351562,18.1200008392334,18.079999923706055,18.1200008392334,3135.0
2024-03-01 13:13:00,BMRA,1.2300000190734863,1.2300000190734863,1.2300000190734863,1.2300000190734863,1.2300000190734863,255.0
2024-03-01 13:13:00,BMRN,87.62000274658203,87.62000274658203,87.62000274658203,87.62000274658203,87.62000274658203,250.0
2024-03-01 13:13:00,BNGO,1.2549999952316284,1.2549999952316284,1.2549999952316284,1.2549999952316284,1.2549999952316284,200.0
2024-03-01 13:13:00,BNTX,91.69499969482422,91.69499969482422,91.69499969482422,91.62000274658203,91.62000274658203,403.0
2024-03-01 13:13:00,BPMC,97.36000061035156,97.36000061035156,97.44999694824219,97.33000183105469,97.44999694824219,1815.0
2024-03-01 13:13:00,BRKR,88.36000061035156,88.36000061035156,88.375,88.36000061035156,88.375,860.0
2024-03-01 13:13:00,BRTX,1.51010000705719,1.51010000705719,1.51010000705719,1.51010000705719,1.51010000705719,569.0
2024-03-01 13:13:00,BSGM,0.6700000166893005,0.6700000166893005,0.6700000166893005,0.6700000166893005,0.6700000166893005,100.0
2024-03-01 13:13:00,BTTX,0.17350000143051147,0.17350000143051147,0.17499999701976776,0.1728000044822693,0.17499999701976776,6812.0
2024-03-01 13:13:00,BVS,4.760000228881836,4.760000228881836,4.760000228881836,4.760000228881836,4.760000228881836,226.0
2024-03-01 13:13:00,BWAY,6.514999866485596,6.514999866485596,6.514999866485596,6.514999866485596,6.514999866485596,100.0
2024-03-01 13:13:00,CABA,24.09000015258789,24.09000015258789,24.100000381469727,24.084999084472656,24.084999084472656,1585.0
2024-03-01 13:13:00,CBAY,32.23500061035156,32.23500061035156,32.2400016784668,32.23500061035156,32.2400016784668,1834.0
2024-03-01 13:13:00,CCCC,10.970000267028809,10.970000267028809,10.984999656677246,10.9350004196167,10.9399995803833,22094.0
2024-03-01 13:13:00,CCEL,5.034999847412109,5.034999847412109,5.034999847412109,5.034999847412109,5.034999847412109,245.0
2024-03-01 13:13:00,CDMO,8.0649995803833,8.0649995803833,8.09000015258789,8.0649995803833,8.09000015258789,1721.0
2024-03-01 13:13:00,CDNA,12.239999771118164,12.239999771118164,12.239999771118164,12.220000267028809,12.220000267028809,2960.0
2024-03-01 13:13:00,CDTX,0.7204999923706055,0.7204999923706055,0.7204999923706055,0.7204999923706055,0.7204999923706055,100.0
2024-03-01 13:13:00,CDXC,1.6399999856948853,1.6399999856948853,1.6399999856948853,1.6399999856948853,1.6399999856948853,379.0
2024-03-01 13:13:00,CDXS,4.525000095367432,4.525000095367432,4.550000190734863,4.525000095367432,4.550000190734863,3452.0
2024-03-01 13:13:00,CERE,41.10499954223633,41.10499954223633,41.11000061035156,41.099998474121094,41.099998474121094,424.0
2024-03-01 13:13:00,CERS,2.2200000286102295,2.2200000286102295,2.2200000286102295,2.2200000286102295,2.2200000286102295,533.0
2024-03-01 13:13:00,CERT,17.809999465942383,17.809999465942383,17.84000015258789,17.809999465942383,17.84000015258789,1158.0
2024-03-01 13:13:00,CGC,3.265000104904175,3.265000104904175,3.2699999809265137,3.259999990463257,3.259999990463257,2198.0
2024-03-01 13:13:00,CGEM,18.850000381469727,18.850000381469727,18.850000381469727,18.850000381469727,18.850000381469727,280.0
2024-03-01 13:13:00,CGEN,2.690000057220459,2.690000057220459,2.690000057220459,2.690000057220459,2.690000057220459,421.0
2024-03-01 13:13:00,CHRS,2.4198999404907227,2.4198999404907227,2.4198999404907227,2.4198999404907227,2.4198999404907227,653.0
2024-03-01 13:13:00,CING,1.350000023841858,1.350000023841858,1.3798999786376953,1.350000023841858,1.3798999786376953,238.0
2024-03-01 13:13:00,CLDX,51.34000015258789,51.34000015258789,51.34000015258789,51.279998779296875,51.33000183105469,1361.0
2024-03-01 13:13:00,CLOV,0.8651000261306763,0.8651000261306763,0.8652999997138977,0.8651000261306763,0.8652999997138977,4337.0
2024-03-01 13:13:00,CLPT,6.670000076293945,6.670000076293945,6.674699783325195,6.670000076293945,6.674699783325195,715.0
2024-03-01 13:13:00,CMPS,11.545000076293945,11.545000076293945,11.545000076293945,11.529999732971191,11.529999732971191,431.0
2024-03-01 13:13:00,CMPX,1.8480000495910645,1.8480000495910645,1.8480000495910645,1.8480000495910645,1.8480000495910645,102.0
2024-03-01 13:13:00,COLL,36.810001373291016,36.810001373291016,36.810001373291016,36.79999923706055,36.810001373291016,814.0
2024-03-01 13:13:00,CORT,24.260000228881836,24.260000228881836,24.270000457763672,24.260000228881836,24.260000228881836,1458.0
2024-03-01 13:13:00,CPRX,17.170000076293945,17.170000076293945,17.170000076293945,17.170000076293945,17.170000076293945,378.0
2024-03-01 13:13:00,CRBU,7.940000057220459,7.940000057220459,7.940000057220459,7.929999828338623,7.940000057220459,6335.0
2024-03-01 13:13:00,CRDF,2.4398000240325928,2.4398000240325928,2.450000047683716,2.4100000858306885,2.4100000858306885,10238.0
2024-03-01 13:13:00,CRMD,3.7149999141693115,3.7149999141693115,3.7149999141693115,3.7149999141693115,3.7149999141693115,227.0
2024-03-01 13:13:00,CRNX,46.72999954223633,46.72999954223633,46.72999954223633,46.72999954223633,46.72999954223633,119.0
2024-03-01 13:13:00,CRON,2.065000057220459,2.065000057220459,2.065000057220459,2.060800075531006,2.060800075531006,601.0
2024-03-01 13:13:00,CRSP,86.0199966430664,86.0199966430664,86.04000091552734,85.95999908447266,86.0,1466.0
2024-03-01 13:13:00,CSTL,20.170000076293945,20.170000076293945,20.170000076293945,20.170000076293945,20.170000076293945,146.0
2024-03-01 13:13:00,CTKB,8.845000267028809,8.845000267028809,8.850000381469727,8.845000267028809,8.850000381469727,1109.0
2024-03-01 13:13:00,CTMX,2.690000057220459,2.690000057220459,2.690000057220459,2.6700000762939453,2.680000066757202,4242.0
2024-03-01 13:13:00,CVAC,3.490000009536743,3.490000009536743,3.5,3.4800000190734863,3.5,23367.0
2024-03-01 13:13:00,CYTK,73.16500091552734,73.16500091552734,73.16500091552734,73.12999725341797,73.16500091552734,709.0
2024-03-01 13:13:00,DARE,0.574999988079071,0.574999988079071,0.574999988079071,0.574999988079071,0.574999988079071,110.0
2024-03-01 13:13:00,DAWN,17.469999313354492,17.469999313354492,17.469999313354492,17.469999313354492,17.469999313354492,781.0
2024-03-01 13:13:00,DCGO,4.179999828338623,4.179999828338623,4.179999828338623,4.179999828338623,4.179999828338623,105.0
2024-03-01 13:13:00,DCPH,17.46500015258789,17.46500015258789,17.46500015258789,17.450000762939453,17.450000762939453,203.0
2024-03-01 13:13:00,DH,8.850000381469727,8.850000381469727,8.859999656677246,8.850000381469727,8.850000381469727,1254.0
2024-03-01 13:13:00,DNLI,20.795000076293945,20.795000076293945,20.795000076293945,20.790000915527344,20.790000915527344,774.0
2024-03-01 13:13:00,DRIO,2.0199999809265137,2.0199999809265137,2.0199999809265137,2.0199999809265137,2.0199999809265137,712.0
2024-03-01 13:13:00,DRTS,2.982599973678589,2.982599973678589,2.982599973678589,2.982599973678589,2.982599973678589,979.0
2024-03-01 13:13:00,DTIL,12.3100004196167,12.3100004196167,12.3100004196167,12.239999771118164,12.3100004196167,1559.0
2024-03-01 13:13:00,DVAX,12.907500267028809,12.907500267028809,12.907500267028809,12.899999618530273,12.899999618530273,391.0
2024-03-01 13:13:00,DXCM,121.83999633789062,121.83999633789062,121.9000015258789,121.83999633789062,121.87999725341797,3016.0
2024-03-01 13:13:00,DYN,28.760000228881836,28.760000228881836,28.760000228881836,28.75,28.760000228881836,1880.0
2024-03-01 13:13:00,EDIT,10.885000228881836,10.885000228881836,10.899999618530273,10.885000228881836,10.899999618530273,2696.0
2024-03-01 13:13:00,EFTR,15.399999618530273,15.399999618530273,15.413800239562988,15.399999618530273,15.413800239562988,341.0
2024-03-01 13:13:00,ELEV,5.03000020980835,5.03000020980835,5.039999961853027,5.019999980926514,5.019999980926514,801.0
2024-03-01 13:13:00,EMBC,14.40999984741211,14.40999984741211,14.430000305175781,14.40999984741211,14.430000305175781,671.0
2024-03-01 13:13:00,ENSG,122.62999725341797,122.62999725341797,122.66000366210938,122.62999725341797,122.66000366210938,402.0
2024-03-01 13:13:00,ENVB,1.5199999809265137,1.5199999809265137,1.5210000276565552,1.5199999809265137,1.5210000276565552,736.0
2024-03-01 13:13:00,EQ,2.5,2.5,2.5,2.490000009536743,2.490000009536743,249.0
2024-03-01 13:13:00,ESPR,2.5199999809265137,2.5199999809265137,2.5199999809265137,2.515000104904175,2.5199999809265137,23767.0
2024-03-01 13:13:00,ESTA,45.279998779296875,45.279998779296875,45.279998779296875,45.279998779296875,45.279998779296875,225.0
2024-03-01 13:13:00,ETNB,13.300000190734863,13.300000190734863,13.3100004196167,13.279999732971191,13.291099548339844,8152.0
2024-03-01 13:13:00,EWTX,17.010000228881836,17.010000228881836,17.010000228881836,17.010000228881836,17.010000228881836,268.0
2024-03-01 13:13:00,EXAS,60.2400016784668,60.2400016784668,60.26499938964844,60.20000076293945,60.2400016784668,3049.0
2024-03-01 13:13:00,EXEL,22.579999923706055,22.579999923706055,22.584999084472656,22.56999969482422,22.584999084472656,6563.0
2024-03-01 13:13:00,EYEN,2.480299949645996,2.480299949645996,2.480299949645996,2.480299949645996,2.480299949645996,503.0
2024-03-01 13:13:00,FATE,7.710000038146973,7.710000038146973,7.71999979019165,7.710000038146973,7.719200134277344,6376.0
2024-03-01 13:13:00,FBRX,0.7200000286102295,0.7200000286102295,0.7200000286102295,0.7200000286102295,0.7200000286102295,186.0
2024-03-01 13:13:00,FDMT,29.399999618530273,29.399999618530273,29.399999618530273,29.399999618530273,29.399999618530273,100.0
2024-03-01 13:13:00,FEMY,1.7000000476837158,1.7000000476837158,1.7000000476837158,1.6950000524520874,1.6950000524520874,1000.0
2024-03-01 13:13:00,FGEN,1.8899999856948853,1.8899999856948853,1.8949999809265137,1.8899999856948853,1.8949999809265137,3669.0
2024-03-01 13:13:00,FLGT,23.239999771118164,23.239999771118164,23.239999771118164,23.239999771118164,23.239999771118164,825.0
2024-03-01 13:13:00,FOLD,13.369999885559082,13.369999885559082,13.369999885559082,13.369999885559082,13.369999885559082,189.0
2024-03-01 13:13:00,FULC,10.95300006866455,10.95300006866455,10.96500015258789,10.90999984741211,10.90999984741211,3174.0
2024-03-01 13:13:00,FUSN,12.45009994506836,12.45009994506836,12.489999771118164,12.45009994506836,12.470000267028809,1041.0
2024-03-01 13:13:00,FWBI,8.640000343322754,8.640000343322754,8.640000343322754,8.604999542236328,8.604999542236328,350.0
2024-03-01 13:13:00,GDRX,8.25,8.25,8.260000228881836,8.244999885559082,8.25,5627.0
2024-03-01 13:13:00,GERN,2.2249999046325684,2.2249999046325684,2.2300000190734863,2.2249999046325684,2.2249999046325684,2521.0
2024-03-01 13:13:00,GH,19.079999923706055,19.079999923706055,19.100000381469727,19.079999923706055,19.100000381469727,1277.0
2024-03-01 13:13:00,GILD,72.18499755859375,72.18499755859375,72.21499633789062,72.18499755859375,72.21499633789062,6049.0
2024-03-01 13:13:00,GLPG,35.1349983215332,35.1349983215332,35.15999984741211,35.1349983215332,35.15999984741211,299.0
2024-03-01 13:13:00,GMDA,0.3747999966144562,0.3747999966144562,0.3747999966144562,0.3747999966144562,0.3747999966144562,1004.0
2024-03-01 13:13:00,GRFS,7.128799915313721,7.128799915313721,7.128799915313721,7.105000019073486,7.105000019073486,8542.0
2024-03-01 13:13:00,GRPH,3.494999885559082,3.494999885559082,3.494999885559082,3.490000009536743,3.494999885559082,320.0
2024-03-01 13:13:00,GRTS,2.184999942779541,2.184999942779541,2.184999942779541,2.180000066757202,2.184999942779541,3935.0
2024-03-01 13:13:00,GTHX,3.744999885559082,3.744999885559082,3.75,3.740000009536743,3.744999885559082,2304.0
2024-03-01 13:13:00,HALO,41.45000076293945,41.45000076293945,41.47999954223633,41.45000076293945,41.470001220703125,1559.0
2024-03-01 13:13:00,HBIO,4.340000152587891,4.340000152587891,4.347300052642822,4.340000152587891,4.347300052642822,805.0
2024-03-01 13:13:00,HCAT,8.119999885559082,8.119999885559082,8.119999885559082,8.119999885559082,8.119999885559082,102.0
2024-03-01 13:13:00,HCSG,12.645000457763672,12.645000457763672,12.649999618530273,12.645000457763672,12.649999618530273,458.0
2024-03-01 13:13:00,HCTI,2.4899001121520996,2.4899001121520996,2.4899001121520996,2.4899001121520996,2.4899001121520996,172.0
2024-03-01 13:13:00,HITI,1.7649999856948853,1.7649999856948853,1.7649999856948853,1.7649999856948853,1.7649999856948853,5051.0
2024-03-01 13:13:00,HLTH,0.27079999446868896,0.27079999446868896,0.27079999446868896,0.27079999446868896,0.27079999446868896,2000.0
2024-03-01 13:13:00,HOLX,74.04000091552734,74.04000091552734,74.06999969482422,74.04000091552734,74.06999969482422,1897.0
2024-03-01 13:13:00,HOOK,0.7799999713897705,0.7799999713897705,0.7799999713897705,0.7749999761581421,0.7749999761581421,400.0
2024-03-01 13:13:00,HOWL,6.989999771118164,6.989999771118164,6.989999771118164,6.989999771118164,6.989999771118164,100.0
2024-03-01 13:13:00,HQY,81.62999725341797,81.62999725341797,81.69000244140625,81.62999725341797,81.69000244140625,1635.0
2024-03-01 13:13:00,HSIC,76.9000015258789,76.9000015258789,76.9000015258789,76.9000015258789,76.9000015258789,1174.0
2024-03-01 13:13:00,HUMA,3.4049999713897705,3.4049999713897705,3.4100000858306885,3.4000000953674316,3.4100000858306885,9347.0
2024-03-01 13:13:00,IART,36.54999923706055,36.54999923706055,36.54999923706055,36.54999923706055,36.54999923706055,249.0
2024-03-01 13:13:00,IBRX,4.760000228881836,4.760000228881836,4.769999980926514,4.760000228881836,4.769999980926514,5535.0
2024-03-01 13:13:00,ICCM,1.2999999523162842,1.2999999523162842,1.2999999523162842,1.2999999523162842,1.2999999523162842,120.0
2024-03-01 13:13:00,ICUI,105.05000305175781,105.05000305175781,105.05000305175781,104.94000244140625,104.94000244140625,494.0
2024-03-01 13:13:00,IDXX,581.72998046875,581.72998046875,582.0800170898438,581.72998046875,582.0800170898438,606.0
2024-03-01 13:13:00,IINN,1.687600016593933,1.687600016593933,1.687600016593933,1.687600016593933,1.687600016593933,131.0
2024-03-01 13:13:00,ILMN,142.2949981689453,142.2949981689453,142.3249969482422,142.2899932861328,142.2899932861328,1012.0
2024-03-01 13:13:00,IMCR,67.87999725341797,67.87999725341797,67.88999938964844,67.87999725341797,67.88999938964844,301.0
2024-03-01 13:13:00,IMMX,3.559999942779541,3.559999942779541,3.559999942779541,3.559999942779541,3.559999942779541,606.0
2024-03-01 13:13:00,IMNM,25.860000610351562,25.860000610351562,25.959999084472656,25.860000610351562,25.959999084472656,1243.0
2024-03-01 13:13:00,IMTX,12.989999771118164,12.989999771118164,12.989999771118164,12.989999771118164,12.989999771118164,420.0
2024-03-01 13:13:00,INAB,1.0700000524520874,1.0700000524520874,1.0700000524520874,1.0700000524520874,1.0700000524520874,150.0
2024-03-01 13:13:00,INCY,59.36000061035156,59.36000061035156,59.36000061035156,59.349998474121094,59.36000061035156,1153.0
2024-03-01 13:13:00,INGN,6.835000038146973,6.835000038146973,6.835000038146973,6.835000038146973,6.835000038146973,174.0
2024-03-01 13:13:00,INMB,12.239999771118164,12.239999771118164,12.239999771118164,12.239999771118164,12.239999771118164,101.0
2024-03-01 13:13:00,INMD,22.864999771118164,22.864999771118164,22.875,22.864999771118164,22.8700008392334,2127.0
2024-03-01 13:13:00,INSM,28.475000381469727,28.475000381469727,28.479999542236328,28.469999313354492,28.469999313354492,4873.0
2024-03-01 13:13:00,INVA,15.675000190734863,15.675000190734863,15.675000190734863,15.664999961853027,15.664999961853027,2695.0
2024-03-01 13:13:00,INZY,6.659999847412109,6.659999847412109,6.659999847412109,6.659999847412109,6.659999847412109,160.0
2024-03-01 13:13:00,IONS,45.880001068115234,45.880001068115234,45.880001068115234,45.790000915527344,45.79999923706055,5921.0
2024-03-01 13:13:00,IOVA,16.969999313354492,16.969999313354492,16.989999771118164,16.969999313354492,16.989900588989258,7702.0
2024-03-01 13:13:00,IRMD,41.88999938964844,41.88999938964844,41.88999938964844,41.88999938964844,41.88999938964844,172.0
2024-03-01 13:13:00,IRWD,9.079999923706055,9.079999923706055,9.095000267028809,9.079999923706055,9.095000267028809,10598.0
2024-03-01 13:13:00,ISRG,395.9100036621094,395.9100036621094,395.9649963378906,395.8999938964844,395.9649963378906,2072.0
2024-03-01 13:13:00,ITOS,11.010000228881836,11.010000228881836,11.010000228881836,11.010000228881836,11.010000228881836,242.0
2024-03-01 13:13:00,ITRM,1.2599999904632568,1.2599999904632568,1.2699999809265137,1.2599999904632568,1.2699999809265137,6112.0
2024-03-01 13:13:00,JAGX,0.07900000363588333,0.07900000363588333,0.07900000363588333,0.07800000160932541,0.07880000025033951,386921.0
2024-03-01 13:13:00,JANX,46.7400016784668,46.7400016784668,46.7400016784668,46.650001525878906,46.659000396728516,4482.0
2024-03-01 13:13:00,JAZZ,118.89600372314453,118.89600372314453,118.89600372314453,118.89600372314453,118.89600372314453,310.0
2024-03-01 13:13:00,JYNT,9.979999542236328,9.979999542236328,10.029999732971191,9.979999542236328,10.029999732971191,500.0
2024-03-01 13:13:00,KPTI,1.2100000381469727,1.2100000381469727,1.2100000381469727,1.2100000381469727,1.2100000381469727,826.0
2024-03-01 13:13:00,KRON,1.0299999713897705,1.0299999713897705,1.0299999713897705,1.0299999713897705,1.0299999713897705,305.0
2024-03-01 13:13:00,KTRA,0.0982000008225441,0.0982000008225441,0.09830000251531601,0.0982000008225441,0.09830000251531601,1100.0
2024-03-01 13:13:00,KURA,21.280000686645508,21.280000686645508,21.280000686645508,21.280000686645508,21.280000686645508,1580.0
2024-03-01 13:13:00,KYMR,44.11000061035156,44.11000061035156,44.119998931884766,44.099998474121094,44.099998474121094,1163.0
2024-03-01 13:13:00,KZR,1.0800000429153442,1.0800000429153442,1.0800000429153442,1.0800000429153442,1.0800000429153442,8411.0
2024-03-01 13:13:00,LAB,2.505000114440918,2.505000114440918,2.505000114440918,2.505000114440918,2.505000114440918,406.0
2024-03-01 13:13:00,LBPH,21.850000381469727,21.850000381469727,21.889999389648438,21.850000381469727,21.889999389648438,427.0
2024-03-01 13:13:00,LFST,7.78000020980835,7.78000020980835,7.789999961853027,7.78000020980835,7.789999961853027,1446.0
2024-03-01 13:13:00,LGND,78.08000183105469,78.08000183105469,78.08000183105469,78.08000183105469,78.08000183105469,320.0
2024-03-01 13:13:00,LGVN,0.5404999852180481,0.5404999852180481,0.5404999852180481,0.5404999852180481,0.5404999852180481,100.0
2024-03-01 13:13:00,LIAN,4.860000133514404,4.860000133514404,4.860000133514404,4.860000133514404,4.860000133514404,101.0
2024-03-01 13:13:00,LIVN,55.81999969482422,55.81999969482422,55.81999969482422,55.81999969482422,55.81999969482422,103.0
2024-03-01 13:13:00,LMAT,68.01000213623047,68.01000213623047,68.01000213623047,67.99500274658203,67.99500274658203,200.0
2024-03-01 13:13:00,LNSR,4.880000114440918,4.880000114440918,4.880000114440918,4.880000114440918,4.880000114440918,183.0
2024-03-01 13:13:00,LUNG,9.454999923706055,9.454999923706055,9.454999923706055,9.454999923706055,9.454999923706055,530.0
2024-03-01 13:13:00,LVTX,2.9820001125335693,2.9820001125335693,2.990000009536743,2.9820001125335693,2.990000009536743,350.0
2024-03-01 13:13:00,LYEL,3.180000066757202,3.180000066757202,3.180000066757202,3.180000066757202,3.180000066757202,200.0
2024-03-01 13:13:00,LYRA,5.75,5.75,5.75,5.735000133514404,5.735000133514404,629.0
2024-03-01 13:13:00,MBRX,0.6373000144958496,0.6373000144958496,0.6373000144958496,0.6373000144958496,0.6373000144958496,3134.0
2024-03-01 13:13:00,MCRB,1.2100000381469727,1.2100000381469727,1.2100000381469727,1.2000000476837158,1.2000000476837158,437.0
2024-03-01 13:13:00,MDRX,6.059999942779541,6.059999942779541,6.099999904632568,6.050000190734863,6.050000190734863,101392.0
2024-03-01 13:13:00,MDXG,8.675000190734863,8.675000190734863,8.680000305175781,8.675000190734863,8.680000305175781,2496.0
2024-03-01 13:13:00,ME,0.5702000260353088,0.5702000260353088,0.5702000260353088,0.5701000094413757,0.5701000094413757,3773.0
2024-03-01 13:13:00,MGNX,19.020000457763672,19.020000457763672,19.030000686645508,19.020000457763672,19.030000686645508,685.0
2024-03-01 13:13:00,MGTX,6.474999904632568,6.474999904632568,6.474999904632568,6.474999904632568,6.474999904632568,527.0
2024-03-01 13:13:00,MIRM,29.770000457763672,29.770000457763672,29.799999237060547,29.770000457763672,29.78499984741211,623.0
2024-03-01 13:13:00,MIST,1.7649999856948853,1.7649999856948853,1.7649999856948853,1.7649999856948853,1.7649999856948853,171.0
2024-03-01 13:13:00,MLTX,51.369998931884766,51.369998931884766,51.59000015258789,51.369998931884766,51.59000015258789,3310.0
2024-03-01 13:13:00,MMSI,76.58000183105469,76.58000183105469,76.58999633789062,76.58000183105469,76.58999633789062,519.0
2024-03-01 13:13:00,MNKD,4.514999866485596,4.514999866485596,4.514999866485596,4.510000228881836,4.510000228881836,6350.0
2024-03-01 13:13:00,MNMD,6.119999885559082,6.119999885559082,6.119999885559082,6.110000133514404,6.119999885559082,2050.0
2024-03-01 13:13:00,MNPR,0.8442999720573425,0.8442999720573425,0.8483899831771851,0.8442999720573425,0.8483899831771851,500.0
2024-03-01 13:13:00,MODV,28.075000762939453,28.075000762939453,28.075000762939453,28.075000762939453,28.075000762939453,131.0
2024-03-01 13:13:00,MORF,39.54499816894531,39.54499816894531,39.54999923706055,39.54499816894531,39.54999923706055,652.0
2024-03-01 13:13:00,MREO,4.021399974822998,4.021399974822998,4.025000095367432,4.010000228881836,4.021500110626221,11081.0
2024-03-01 13:13:00,MRNA,96.33000183105469,96.33000183105469,96.37000274658203,96.33000183105469,96.37000274658203,1574.0
2024-03-01 13:13:00,MRNS,10.265000343322754,10.265000343322754,10.265000343322754,10.260000228881836,10.265000343322754,331.0
2024-03-01 13:13:00,MRSN,5.965000152587891,5.965000152587891,5.96999979019165,5.954999923706055,5.960000038146973,2142.0
2024-03-01 13:13:00,MRUS,51.80500030517578,51.80500030517578,51.80500030517578,51.80500030517578,51.80500030517578,530.0
2024-03-01 13:13:00,MRVI,7.730999946594238,7.730999946594238,7.75,7.730000019073486,7.75,3123.0
2024-03-01 13:13:00,MTEM,3.700000047683716,3.700000047683716,3.700000047683716,3.700000047683716,3.700000047683716,340.0
2024-03-01 13:13:00,MYGN,21.829999923706055,21.829999923706055,21.829999923706055,21.829999923706055,21.829999923706055,246.0
2024-03-01 13:13:00,NAOV,0.9800000190734863,0.9800000190734863,0.9800000190734863,0.9800000190734863,0.9800000190734863,820.0
2024-03-01 13:13:00,NARI,45.0099983215332,45.0099983215332,45.0099983215332,44.940101623535156,44.974998474121094,2345.0
2024-03-01 13:13:00,NBIX,131.25999450683594,131.25999450683594,131.27000427246094,131.22000122070312,131.22000122070312,868.0
2024-03-01 13:13:00,NBSE,0.8949999809265137,0.8949999809265137,0.8949999809265137,0.8949999809265137,0.8949999809265137,200.0
2024-03-01 13:13:00,NDRA,1.1799999475479126,1.1799999475479126,1.1993999481201172,1.1699999570846558,1.190000057220459,1400.0
2024-03-01 13:13:00,NEO,16.110000610351562,16.110000610351562,16.1200008392334,16.110000610351562,16.1200008392334,1273.0
2024-03-01 13:13:00,NEOG,17.34000015258789,17.34000015258789,17.344999313354492,17.34000015258789,17.344999313354492,1332.0
2024-03-01 13:13:00,NGM,1.5299999713897705,1.5299999713897705,1.534999966621399,1.5299999713897705,1.534999966621399,1780.0
2024-03-01 13:13:00,NKTR,0.7923200130462646,0.7923200130462646,0.7929999828338623,0.7923200130462646,0.7929999828338623,6016.0
2024-03-01 13:13:00,NKTX,12.68019962310791,12.68019962310791,12.68019962310791,12.63010025024414,12.63010025024414,873.0
2024-03-01 13:13:00,NNOX,11.03499984741211,11.03499984741211,11.050000190734863,11.029999732971191,11.050000190734863,1849.0
2024-03-01 13:13:00,NOTV,8.125,8.125,8.125,8.125,8.125,100.0
2024-03-01 13:13:00,NRSN,2.0199999809265137,2.0199999809265137,2.0432000160217285,2.0199999809265137,2.0432000160217285,2719.0
2024-03-01 13:13:00,NRXP,0.4187000095844269,0.4187000095844269,0.4187000095844269,0.4187000095844269,0.4187000095844269,234.0
2024-03-01 13:13:00,NTLA,33.31999969482422,33.31999969482422,33.36000061035156,33.31999969482422,33.36000061035156,1710.0
2024-03-01 13:13:00,NTRA,89.43000030517578,89.43000030517578,89.45320129394531,89.36499786376953,89.37000274658203,4519.0
2024-03-01 13:13:00,NUTX,0.11330000311136246,0.11330000311136246,0.1136000007390976,0.11330000311136246,0.11330000311136246,5611.0
2024-03-01 13:13:00,NUVL,88.75,88.75,88.75,88.75,88.75,100.0
2024-03-01 13:13:00,NVAX,5.199999809265137,5.199999809265137,5.199999809265137,5.184999942779541,5.195000171661377,30745.0
2024-03-01 13:13:00,NVCR,15.970000267028809,15.970000267028809,16.010000228881836,15.970000267028809,16.010000228881836,1632.0
2024-03-01 13:13:00,NVCT,10.6850004196167,10.6850004196167,10.6850004196167,10.6850004196167,10.6850004196167,384.0
2024-03-01 13:13:00,OCGN,0.9455999732017517,0.9455999732017517,0.9455999732017517,0.9455999732017517,0.9455999732017517,373.0
2024-03-01 13:13:00,OCUL,10.895000457763672,10.895000457763672,10.899700164794922,10.895000457763672,10.899700164794922,4173.0
2024-03-01 13:13:00,OFIX,12.890000343322754,12.890000343322754,12.895000457763672,12.869999885559082,12.885000228881836,2075.0
2024-03-01 13:13:00,OGI,2.2074999809265137,2.2074999809265137,2.2074999809265137,2.2049999237060547,2.2049999237060547,230.0
2024-03-01 13:13:00,OLK,22.729999542236328,22.729999542236328,22.729999542236328,22.725000381469727,22.725000381469727,226.0
2024-03-01 13:13:00,OLMA,14.609999656677246,14.609999656677246,14.640000343322754,14.600000381469727,14.609999656677246,2466.0
2024-03-01 13:13:00,OM,3.134999990463257,3.134999990463257,3.134999990463257,3.134999990463257,3.134999990463257,130.0
2024-03-01 13:13:00,OMER,4.775000095367432,4.775000095367432,4.775000095367432,4.769999980926514,4.769999980926514,2897.0
2024-03-01 13:13:00,ONCT,10.180000305175781,10.180000305175781,10.180000305175781,10.180000305175781,10.180000305175781,150.0
2024-03-01 13:13:00,ONCY,1.1399999856948853,1.1399999856948853,1.1399999856948853,1.1301000118255615,1.1301000118255615,8368.0
2024-03-01 13:13:00,ONVO,1.0199999809265137,1.0199999809265137,1.0199999809265137,1.0199999809265137,1.0199999809265137,2845.0
2024-03-01 13:14:00,ABCL,5.244999885559082,5.244999885559082,5.244999885559082,5.239999771118164,5.244999885559082,430.0
2024-03-01 13:14:00,ABSI,5.380000114440918,5.380000114440918,5.380000114440918,5.360000133514404,5.369999885559082,2731.0
2024-03-01 13:14:00,ABUS,2.7750000953674316,2.7750000953674316,2.7750000953674316,2.7750000953674316,2.7750000953674316,165.0
2024-03-01 13:14:00,ACAD,24.43000030517578,24.43000030517578,24.440000534057617,24.420000076293945,24.43000030517578,1352.0
2024-03-01 13:14:00,ACB,3.2100000381469727,3.2100000381469727,3.2149999141693115,3.2100000381469727,3.210200071334839,2013.0
2024-03-01 13:14:00,ACCD,10.180000305175781,10.180000305175781,10.180100440979004,10.180000305175781,10.180100440979004,353.0
2024-03-01 13:14:00,ACET,2.390000104904175,2.390000104904175,2.4000000953674316,2.390000104904175,2.3949999809265137,701.0
2024-03-01 13:14:00,ACHC,84.5199966430664,84.5199966430664,84.59500122070312,84.5199966430664,84.55999755859375,811.0
2024-03-01 13:14:00,ACIU,3.9049999713897705,3.9049999713897705,3.9049999713897705,3.9049999713897705,3.9049999713897705,491.0
2024-03-01 13:14:00,ACLX,67.30500030517578,67.30500030517578,67.30500030517578,67.30000305175781,67.30500030517578,871.0
2024-03-01 13:14:00,ACON,0.4010010063648224,0.4010010063648224,0.4010010063648224,0.4010010063648224,0.4010010063648224,101.0
2024-03-01 13:14:00,ACRS,1.2400000095367432,1.2400000095367432,1.2400000095367432,1.2300000190734863,1.2400000095367432,820.0
2024-03-01 13:14:00,ADAP,1.6100000143051147,1.6100000143051147,1.618399977684021,1.6100000143051147,1.618399977684021,5338.0
2024-03-01 13:14:00,ADIL,3.109999895095825,3.109999895095825,3.119999885559082,3.0799999237060547,3.0801000595092773,50627.0
2024-03-01 13:14:00,ADMA,5.505000114440918,5.505000114440918,5.505000114440918,5.5,5.505000114440918,2671.0
2024-03-01 13:14:00,ADPT,4.190000057220459,4.190000057220459,4.190000057220459,4.190000057220459,4.190000057220459,2282.0
2024-03-01 13:14:00,ADVM,1.9700000286102295,1.9700000286102295,1.9700000286102295,1.9700000286102295,1.9700000286102295,342.0
2024-03-01 13:14:00,AFIB,0.20509999990463257,0.20509999990463257,0.20509999990463257,0.20509999990463257,0.20509999990463257,299.0
2024-03-01 13:14:00,AFMD,0.6351510286331177,0.6351510286331177,0.6351510286331177,0.6351510286331177,0.6351510286331177,500.0
2024-03-01 13:14:00,AGEN,0.682449996471405,0.682449996471405,0.6825000047683716,0.6801000237464905,0.6825000047683716,182152.0
2024-03-01 13:14:00,AGIO,32.88999938964844,32.88999938964844,32.88999938964844,32.88999938964844,32.88999938964844,332.0
2024-03-01 13:14:00,AHCO,10.585000038146973,10.585000038146973,10.59000015258789,10.579999923706055,10.59000015258789,1587.0
2024-03-01 13:14:00,AIRS,6.429999828338623,6.429999828338623,6.445000171661377,6.429999828338623,6.43209981918335,1501.0
2024-03-01 13:14:00,AKAN,0.21870000660419464,0.21870000660419464,0.21870000660419464,0.2150000035762787,0.21870000660419464,13784.0
2024-03-01 13:14:00,AKBA,1.690000057220459,1.690000057220459,1.690000057220459,1.684999942779541,1.690000057220459,1576.0
2024-03-01 13:14:00,AKRO,30.006999969482422,30.006999969482422,30.049999237060547,29.989999771118164,30.049999237060547,3078.0
2024-03-01 13:14:00,AKYA,6.0,6.0,6.022799968719482,6.0,6.022799968719482,976.0
2024-03-01 13:14:00,ALDX,4.314899921417236,4.314899921417236,4.320000171661377,4.309999942779541,4.309999942779541,1518.0
2024-03-01 13:14:00,ALEC,7.324999809265137,7.324999809265137,7.324999809265137,7.324999809265137,7.324999809265137,239.0
2024-03-01 13:14:00,ALGN,303.7900085449219,303.7900085449219,303.8800048828125,303.7900085449219,303.8800048828125,1186.0
2024-03-01 13:14:00,ALKS,30.219999313354492,30.219999313354492,30.225000381469727,30.219999313354492,30.22010040283203,3272.0
2024-03-01 13:14:00,ALLK,1.6150000095367432,1.6150000095367432,1.6150000095367432,1.6150000095367432,1.6150000095367432,1741.0
2024-03-01 13:14:00,ALNY,154.35000610351562,154.35000610351562,154.35000610351562,154.27000427246094,154.27000427246094,253.0
2024-03-01 13:14:00,ALT,11.986300468444824,11.986300468444824,12.010000228881836,11.979999542236328,12.0,7436.0
2024-03-01 13:14:00,ALXO,15.020000457763672,15.020000457763672,15.020000457763672,15.020000457763672,15.020000457763672,245.0
2024-03-01 13:14:00,AMED,93.3010025024414,93.3010025024414,93.3010025024414,93.3010025024414,93.3010025024414,319.0
2024-03-01 13:14:00,AMGN,280.739990234375,280.739990234375,280.80999755859375,280.69000244140625,280.80999755859375,1687.0
2024-03-01 13:14:00,AMPH,45.39500045776367,45.39500045776367,45.42499923706055,45.39500045776367,45.39500045776367,1990.0
2024-03-01 13:14:00,AMRN,1.0499999523162842,1.0499999523162842,1.0549999475479126,1.0499999523162842,1.0549999475479126,827.0
2024-03-01 13:14:00,ANGO,5.514999866485596,5.514999866485596,5.514999866485596,5.514999866485596,5.514999866485596,148.0
2024-03-01 13:14:00,ANNX,5.980000019073486,5.980000019073486,6.0,5.980000019073486,5.989999771118164,6683.0
2024-03-01 13:14:00,APLS,64.94000244140625,64.94000244140625,64.95500183105469,64.86000061035156,64.87000274658203,3516.0
2024-03-01 13:14:00,APLT,7.125,7.125,7.139900207519531,7.110000133514404,7.110000133514404,654.0
2024-03-01 13:14:00,AQST,4.201200008392334,4.201200008392334,4.210000038146973,4.201099872589111,4.201099872589111,1164.0
2024-03-01 13:14:00,ARDX,9.489999771118164,9.489999771118164,9.5,9.484999656677246,9.489999771118164,10622.0
2024-03-01 13:14:00,ARGX,393.04998779296875,393.04998779296875,393.04998779296875,392.5199890136719,392.5199890136719,1956.0
2024-03-01 13:14:00,ARQT,11.75,11.75,11.770000457763672,11.75,11.75,2200.0
2024-03-01 13:14:00,ARVN,48.72999954223633,48.72999954223633,48.72999954223633,48.72999954223633,48.72999954223633,284.0
2024-03-01 13:14:00,ARWR,35.650001525878906,35.650001525878906,35.650001525878906,35.650001525878906,35.650001525878906,358.0
2024-03-01 13:14:00,ASRT,0.9258000254631042,0.9258000254631042,0.9296000003814697,0.9258000254631042,0.9296000003814697,310.0
2024-03-01 13:14:00,ATAI,2.130000114440918,2.130000114440918,2.140000104904175,2.128999948501587,2.140000104904175,5108.0
2024-03-01 13:14:00,ATEC,13.479999542236328,13.479999542236328,13.489999771118164,13.475000381469727,13.489999771118164,11220.0
2024-03-01 13:14:00,ATRA,0.8004000186920166,0.8004000186920166,0.8004000186920166,0.7975999712944031,0.798799991607666,22884.0
2024-03-01 13:14:00,ATRC,36.095001220703125,36.095001220703125,36.119998931884766,36.095001220703125,36.119998931884766,411.0
2024-03-01 13:14:00,ATXI,0.15279999375343323,0.15279999375343323,0.15279999375343323,0.15279999375343323,0.15279999375343323,301.0
2024-03-01 13:14:00,AUPH,5.864999771118164,5.864999771118164,5.864999771118164,5.864999771118164,5.864999771118164,658.0
2024-03-01 13:14:00,AUTL,6.380000114440918,6.380000114440918,6.380000114440918,6.369900226593018,6.369999885559082,783.0
2024-03-01 13:14:00,AVDL,12.979999542236328,12.979999542236328,12.979999542236328,12.979999542236328,12.979999542236328,100.0
2024-03-01 13:14:00,AVIR,4.494999885559082,4.494999885559082,4.494999885559082,4.480000019073486,4.480000019073486,2365.0
2024-03-01 13:14:00,AVRO,1.3450000286102295,1.3450000286102295,1.3450000286102295,1.3450000286102295,1.3450000286102295,101.0
2024-03-01 13:14:00,AVXL,5.329999923706055,5.329999923706055,5.329999923706055,5.324999809265137,5.324999809265137,211.0
2024-03-01 13:14:00,AXGN,10.53499984741211,10.53499984741211,10.53499984741211,10.53499984741211,10.53499984741211,285.0
2024-03-01 13:14:00,AXNX,67.4749984741211,67.4749984741211,67.5,67.4749984741211,67.5,789.0
2024-03-01 13:14:00,AXSM,82.2249984741211,82.2249984741211,82.28500366210938,82.2249984741211,82.28500366210938,2498.0
2024-03-01 13:14:00,AYTU,2.8761000633239746,2.8761000633239746,2.8761000633239746,2.8761000633239746,2.8761000633239746,455.0
2024-03-01 13:14:00,AZN,64.67500305175781,64.67500305175781,64.67990112304688,64.67500305175781,64.67500305175781,1766.0
2024-03-01 13:14:00,AZTA,67.12999725341797,67.12999725341797,67.19999694824219,67.12999725341797,67.19999694824219,1636.0
2024-03-01 13:14:00,BBLG,2.549999952316284,2.549999952316284,2.619999885559082,2.549999952316284,2.619999885559082,922.0
2024-03-01 13:14:00,BCRX,5.739999771118164,5.739999771118164,5.75,5.739999771118164,5.739999771118164,2567.0
2024-03-01 13:14:00,BCYC,26.200000762939453,26.200000762939453,26.200000762939453,26.200000762939453,26.200000762939453,346.0
2024-03-01 13:14:00,BDTX,5.045000076293945,5.045000076293945,5.049900054931641,5.045000076293945,5.049900054931641,910.0
2024-03-01 13:14:00,BEAM,40.1150016784668,40.1150016784668,40.119998931884766,40.10499954223633,40.11000061035156,3645.0
2024-03-01 13:14:00,BGNE,166.22500610351562,166.22500610351562,166.22500610351562,166.22500610351562,166.22500610351562,360.0
2024-03-01 13:14:00,BGXX,0.27070000767707825,0.27070000767707825,0.27070000767707825,0.27070000767707825,0.27070000767707825,1457.0
2024-03-01 13:14:00,BIIB,221.4499969482422,221.4499969482422,221.4499969482422,221.375,221.375,1650.0
2024-03-01 13:14:00,BIOL,0.14199599623680115,0.14199599623680115,0.1420000046491623,0.14199599623680115,0.1420000046491623,450.0
2024-03-01 13:14:00,BIOR,1.1200000047683716,1.1200000047683716,1.1299999952316284,1.1200000047683716,1.1299999952316284,4205.0
2024-03-01 13:14:00,BIVI,1.9500000476837158,1.9500000476837158,1.9700000286102295,1.940000057220459,1.9687000513076782,103006.0
2024-03-01 13:14:00,BJDX,0.8094000220298767,0.8094000220298767,0.8141000270843506,0.8094000220298767,0.8141000270843506,2146.0
2024-03-01 13:14:00,BLUE,1.590000033378601,1.590000033378601,1.600000023841858,1.590000033378601,1.5950000286102295,2608.0
2024-03-01 13:14:00,BMEA,18.09000015258789,18.09000015258789,18.09000015258789,18.09000015258789,18.09000015258789,406.0
2024-03-01 13:14:00,BMRN,87.73999786376953,87.73999786376953,87.73999786376953,87.6500015258789,87.6500015258789,2468.0
2024-03-01 13:14:00,BNGO,1.2549999952316284,1.2549999952316284,1.2599999904632568,1.25,1.2599999904632568,88739.0
2024-03-01 13:14:00,BNTX,91.73999786376953,91.73999786376953,91.73999786376953,91.64959716796875,91.69499969482422,1042.0
2024-03-01 13:14:00,BPMC,97.36000061035156,97.36000061035156,97.36000061035156,97.36000061035156,97.36000061035156,228.0
2024-03-01 13:14:00,BRKR,88.27999877929688,88.27999877929688,88.36000061035156,88.27999877929688,88.36000061035156,1738.0
2024-03-01 13:14:00,BSGM,0.6700000166893005,0.6700000166893005,0.6700000166893005,0.6500999927520752,0.6500999927520752,301.0
2024-03-01 13:14:00,BTTX,0.17569999396800995,0.17569999396800995,0.17569999396800995,0.1736000031232834,0.17499999701976776,14171.0
2024-03-01 13:14:00,BVS,4.760000228881836,4.760000228881836,4.760000228881836,4.760000228881836,4.760000228881836,404.0
2024-03-01 13:14:00,BWAY,6.514999866485596,6.514999866485596,6.514999866485596,6.514999866485596,6.514999866485596,100.0
2024-03-01 13:14:00,CABA,24.100000381469727,24.100000381469727,24.100000381469727,24.100000381469727,24.100000381469727,1483.0
2024-03-01 13:14:00,CAPR,4.570000171661377,4.570000171661377,4.570000171661377,4.570000171661377,4.570000171661377,104.0
2024-03-01 13:14:00,CARA,0.9136000275611877,0.9136000275611877,0.91839998960495,0.9136000275611877,0.91839998960495,1010.0
2024-03-01 13:14:00,CBAY,32.22999954223633,32.22999954223633,32.2400016784668,32.22999954223633,32.2400016784668,7372.0
2024-03-01 13:14:00,CCCC,11.0,11.0,11.005000114440918,10.979999542236328,10.979999542236328,20690.0
2024-03-01 13:14:00,CDMO,8.0600004196167,8.0600004196167,8.0649995803833,8.0600004196167,8.0600004196167,1078.0
2024-03-01 13:14:00,CDNA,12.25,12.25,12.25,12.25,12.25,988.0
2024-03-01 13:14:00,CDTX,0.72079998254776,0.72079998254776,0.72079998254776,0.72079998254776,0.72079998254776,100.0
2024-03-01 13:14:00,CDXS,4.5,4.5,4.53000020980835,4.5,4.53000020980835,1432.0
2024-03-01 13:14:00,CELC,16.239999771118164,16.239999771118164,16.315000534057617,16.15999984741211,16.260000228881836,642.0
2024-03-01 13:14:00,CERE,41.10499954223633,41.10499954223633,41.11000061035156,41.102500915527344,41.102500915527344,1772.0
2024-03-01 13:14:00,CERS,2.2200000286102295,2.2200000286102295,2.2200000286102295,2.2200000286102295,2.2200000286102295,443.0
2024-03-01 13:14:00,CERT,17.809999465942383,17.809999465942383,17.820899963378906,17.809999465942383,17.809999465942383,834.0
2024-03-01 13:14:00,CGC,3.265000104904175,3.265000104904175,3.2699999809265137,3.265000104904175,3.2699999809265137,2652.0
2024-03-01 13:14:00,CGEM,18.850000381469727,18.850000381469727,18.850000381469727,18.850000381469727,18.850000381469727,676.0
2024-03-01 13:14:00,CHRS,2.4200000762939453,2.4200000762939453,2.4200000762939453,2.4100000858306885,2.4149999618530273,1458.0
2024-03-01 13:14:00,CLDX,51.279998779296875,51.279998779296875,51.349998474121094,51.27000045776367,51.34000015258789,2143.0
2024-03-01 13:14:00,CLNN,0.39010000228881836,0.39010000228881836,0.39010000228881836,0.39010000228881836,0.39010000228881836,330.0
2024-03-01 13:14:00,CLOV,0.8648999929428101,0.8648999929428101,0.8651000261306763,0.8648999929428101,0.8650000095367432,2701.0
2024-03-01 13:14:00,CLRB,4.170000076293945,4.170000076293945,4.170000076293945,4.164999961853027,4.169899940490723,2692.0
2024-03-01 13:14:00,CMPS,11.510000228881836,11.510000228881836,11.539999961853027,11.5,11.539999961853027,1507.0
2024-03-01 13:14:00,CODX,1.1533000469207764,1.1533000469207764,1.1533000469207764,1.149999976158142,1.149999976158142,1019.0
2024-03-01 13:14:00,COGT,7.179999828338623,7.179999828338623,7.189899921417236,7.179999828338623,7.189899921417236,1248.0
2024-03-01 13:14:00,COLL,36.779998779296875,36.779998779296875,36.79999923706055,36.779998779296875,36.79999923706055,730.0
2024-03-01 13:14:00,CORT,24.260000228881836,24.260000228881836,24.260000228881836,24.25,24.25,2309.0
2024-03-01 13:14:00,CPRX,17.18000030517578,17.18000030517578,17.19499969482422,17.165000915527344,17.170000076293945,8841.0
2024-03-01 13:14:00,CPSI,9.59000015258789,9.59000015258789,9.59000015258789,9.550000190734863,9.550000190734863,3574.0
2024-03-01 13:14:00,CRBU,7.920000076293945,7.920000076293945,7.940000057220459,7.909999847412109,7.934999942779541,22650.0
2024-03-01 13:14:00,CRDF,2.420099973678589,2.420099973678589,2.4600000381469727,2.4200000762939453,2.434999942779541,26428.0
2024-03-01 13:14:00,CRNX,46.790000915527344,46.790000915527344,46.81999969482422,46.70000076293945,46.75,2569.0
2024-03-01 13:14:00,CRON,2.069999933242798,2.069999933242798,2.069999933242798,2.065000057220459,2.065000057220459,2647.0
2024-03-01 13:14:00,CRSP,86.06500244140625,86.06500244140625,86.06500244140625,86.02999877929688,86.02999877929688,479.0
2024-03-01 13:14:00,CSTL,20.190000534057617,20.190000534057617,20.190000534057617,20.190000534057617,20.190000534057617,592.0
2024-03-01 13:14:00,CTKB,8.835000038146973,8.835000038146973,8.845000267028809,8.835000038146973,8.845000267028809,1899.0
2024-03-01 13:14:00,CTMX,2.640000104904175,2.640000104904175,2.680000066757202,2.640000104904175,2.6700000762939453,13487.0
2024-03-01 13:14:00,CUTR,2.4059998989105225,2.4059998989105225,2.4059998989105225,2.4059998989105225,2.4059998989105225,352.0
2024-03-01 13:14:00,CVRX,20.655000686645508,20.655000686645508,20.655000686645508,20.655000686645508,20.655000686645508,501.0
2024-03-01 13:14:00,CYTK,73.33999633789062,73.33999633789062,73.33999633789062,73.16500091552734,73.16999816894531,5890.0
2024-03-01 13:14:00,CYTO,2.359999895095825,2.359999895095825,2.359999895095825,2.359999895095825,2.359999895095825,515.0
2024-03-01 13:14:00,DARE,0.5705000162124634,0.5705000162124634,0.5705000162124634,0.5705000162124634,0.5705000162124634,250.0
2024-03-01 13:14:00,DCGO,4.179999828338623,4.179999828338623,4.179999828338623,4.179999828338623,4.179999828338623,122.0
2024-03-01 13:14:00,DCPH,17.459999084472656,17.459999084472656,17.479999542236328,17.450000762939453,17.450000762939453,443.0
2024-03-01 13:14:00,DH,8.84000015258789,8.84000015258789,8.84000015258789,8.84000015258789,8.84000015258789,304.0
2024-03-01 13:14:00,DNLI,20.790000915527344,20.790000915527344,20.79759979248047,20.780000686645508,20.795000076293945,2537.0
2024-03-01 13:14:00,DTIL,12.470000267028809,12.470000267028809,12.470000267028809,12.295999526977539,12.295999526977539,2542.0
2024-03-01 13:14:00,DVAX,12.899999618530273,12.899999618530273,12.899999618530273,12.899999618530273,12.899999618530273,134.0
2024-03-01 13:14:00,DXCM,121.66999816894531,121.66999816894531,121.75,121.61000061035156,121.7300033569336,9027.0
2024-03-01 13:14:00,DYN,28.579999923706055,28.579999923706055,28.790000915527344,28.579999923706055,28.770000457763672,13661.0
2024-03-01 13:14:00,EDIT,10.890000343322754,10.890000343322754,10.890000343322754,10.885000228881836,10.885000228881836,719.0
2024-03-01 13:14:00,EFTR,15.359600067138672,15.359600067138672,15.359600067138672,15.359600067138672,15.359600067138672,287.0
2024-03-01 13:14:00,ELEV,5.03000020980835,5.03000020980835,5.039999961853027,5.019999980926514,5.019999980926514,600.0
2024-03-01 13:14:00,EMBC,14.40820026397705,14.40820026397705,14.40820026397705,14.40820026397705,14.40820026397705,244.0
2024-03-01 13:14:00,ENTA,15.399999618530273,15.399999618530273,15.399999618530273,15.399999618530273,15.399999618530273,135.0
2024-03-01 13:14:00,ENVB,1.5299999713897705,1.5299999713897705,1.5299999713897705,1.5199999809265137,1.5199999809265137,3108.0
2024-03-01 13:14:00,EOLS,14.8100004196167,14.8100004196167,14.8100004196167,14.8100004196167,14.8100004196167,154.0
2024-03-01 13:14:00,EQ,2.5,2.5,2.5,2.5,2.5,200.0
2024-03-01 13:14:00,ERAS,2.505000114440918,2.505000114440918,2.505000114440918,2.505000114440918,2.505000114440918,248.0
2024-03-01 13:14:00,ESPR,2.5199999809265137,2.5199999809265137,2.5250000953674316,2.5199999809265137,2.5199999809265137,1446.0
2024-03-01 13:14:00,ETNB,13.300000190734863,13.300000190734863,13.3100004196167,13.300000190734863,13.3100004196167,1511.0
2024-03-01 13:14:00,EWTX,17.010000228881836,17.010000228881836,17.010000228881836,17.010000228881836,17.010000228881836,198.0
2024-03-01 13:14:00,EXAS,60.279998779296875,60.279998779296875,60.279998779296875,60.279998779296875,60.279998779296875,108.0
2024-03-01 13:14:00,EXEL,22.575000762939453,22.575000762939453,22.57990074157715,22.575000762939453,22.57990074157715,1281.0
2024-03-01 13:14:00,EYEN,2.4800000190734863,2.4800000190734863,2.498199939727783,2.4800000190734863,2.498199939727783,1080.0
2024-03-01 13:14:00,FATE,7.715000152587891,7.715000152587891,7.719299793243408,7.715000152587891,7.719299793243408,1288.0
2024-03-01 13:14:00,FBIO,2.3299999237060547,2.3299999237060547,2.3299999237060547,2.319999933242798,2.319999933242798,292.0
2024-03-01 13:14:00,FBRX,0.7150999903678894,0.7150999903678894,0.7200000286102295,0.7150999903678894,0.7200000286102295,1536.0
2024-03-01 13:14:00,FDMT,29.43000030517578,29.43000030517578,29.43000030517578,29.399999618530273,29.399999618530273,391.0
2024-03-01 13:14:00,FEMY,1.7000000476837158,1.7000000476837158,1.7000000476837158,1.6950000524520874,1.6950000524520874,3037.0
2024-03-01 13:14:00,FGEN,1.8899999856948853,1.8899999856948853,1.8899999856948853,1.8899999856948853,1.8899999856948853,730.0
2024-03-01 13:14:00,FOLD,13.359999656677246,13.359999656677246,13.364999771118164,13.359999656677246,13.364999771118164,4187.0
2024-03-01 13:14:00,FULC,10.979000091552734,10.979000091552734,10.979000091552734,10.960000038146973,10.96500015258789,1274.0
2024-03-01 13:14:00,FUSN,12.475000381469727,12.475000381469727,12.475000381469727,12.475000381469727,12.475000381469727,1937.0
2024-03-01 13:14:00,GERN,2.2300000190734863,2.2300000190734863,2.2300000190734863,2.2200000286102295,2.2300000190734863,3836.0
2024-03-01 13:14:00,GH,19.094999313354492,19.094999313354492,19.094999313354492,19.06999969482422,19.06999969482422,2664.0
2024-03-01 13:14:00,GILD,72.19000244140625,72.19000244140625,72.19499969482422,72.18499755859375,72.18499755859375,3545.0
2024-03-01 13:14:00,GLUE,6.429999828338623,6.429999828338623,6.429999828338623,6.429999828338623,6.429999828338623,217.0
2024-03-01 13:14:00,GOSS,1.3914999961853027,1.3914999961853027,1.3914999961853027,1.3914999961853027,1.3914999961853027,2018.0
2024-03-01 13:14:00,GRFS,7.114999771118164,7.114999771118164,7.1209001541137695,7.114999771118164,7.1209001541137695,1179.0
2024-03-01 13:14:00,GRPH,3.494999885559082,3.494999885559082,3.494999885559082,3.494999885559082,3.494999885559082,166.0
2024-03-01 13:14:00,GRTS,2.184999942779541,2.184999942779541,2.1898999214172363,2.180000066757202,2.180000066757202,5094.0
2024-03-01 13:14:00,GTHX,3.740000009536743,3.740000009536743,3.744999885559082,3.740000009536743,3.744999885559082,575.0
2024-03-01 13:14:00,HALO,41.4900016784668,41.4900016784668,41.4900016784668,41.4900016784668,41.4900016784668,328.0
2024-03-01 13:14:00,HBIO,4.349999904632568,4.349999904632568,4.349999904632568,4.349999904632568,4.349999904632568,195.0
2024-03-01 13:14:00,HCAT,8.130000114440918,8.130000114440918,8.130000114440918,8.119999885559082,8.130000114440918,2110.0
2024-03-01 13:14:00,HLTH,0.27160000801086426,0.27160000801086426,0.27160000801086426,0.27160000801086426,0.27160000801086426,574.0
2024-03-01 13:14:00,HOLX,74.0,74.0,74.0199966430664,73.98999786376953,74.01000213623047,1978.0
2024-03-01 13:14:00,HOWL,6.914999961853027,6.914999961853027,6.914999961853027,6.914999961853027,6.914999961853027,100.0
2024-03-01 13:14:00,HQY,81.58000183105469,81.58000183105469,81.58000183105469,81.58000183105469,81.58000183105469,1182.0
2024-03-01 13:14:00,HRMY,31.46500015258789,31.46500015258789,31.5,31.459999084472656,31.5,1222.0
2024-03-01 13:14:00,HROW,10.869999885559082,10.869999885559082,10.869999885559082,10.869999885559082,10.869999885559082,574.0
2024-03-01 13:14:00,HRTX,2.5799999237060547,2.5799999237060547,2.5850000381469727,2.5799999237060547,2.5850000381469727,9960.0
2024-03-01 13:14:00,HSIC,76.9000015258789,76.9000015258789,76.9000015258789,76.9000015258789,76.9000015258789,741.0
2024-03-01 13:14:00,HUMA,3.4000000953674316,3.4000000953674316,3.4100000858306885,3.4000000953674316,3.4049999713897705,7716.0
2024-03-01 13:14:00,IART,36.53499984741211,36.53499984741211,36.55500030517578,36.505001068115234,36.55500030517578,1287.0
2024-03-01 13:14:00,IBRX,4.760000228881836,4.760000228881836,4.760000228881836,4.760000228881836,4.760000228881836,304.0
2024-03-01 13:14:00,ICLR,322.8900146484375,322.8900146484375,323.1199951171875,322.8900146484375,323.1199951171875,1195.0
2024-03-01 13:14:00,ICUI,104.91999816894531,104.91999816894531,104.91999816894531,104.91999816894531,104.91999816894531,230.0
2024-03-01 13:14:00,IDXX,581.510009765625,581.510009765625,581.510009765625,581.510009765625,581.510009765625,958.0
2024-03-01 13:14:00,IDYA,46.57500076293945,46.57500076293945,46.57500076293945,46.57500076293945,46.57500076293945,300.0
2024-03-01 13:14:00,IGMS,13.595000267028809,13.595000267028809,13.595000267028809,13.579999923706055,13.579999923706055,271.0
2024-03-01 13:14:00,ILMN,142.18499755859375,142.18499755859375,142.3000030517578,142.18499755859375,142.3000030517578,1642.0
2024-03-01 13:14:00,IMAB,1.8350000381469727,1.8350000381469727,1.8350000381469727,1.8350000381469727,1.8350000381469727,165.0
2024-03-01 13:14:00,IMCR,67.79499816894531,67.79499816894531,67.87999725341797,67.76000213623047,67.87999725341797,1987.0
2024-03-01 13:14:00,IMMX,3.559999942779541,3.559999942779541,3.559999942779541,3.559999942779541,3.559999942779541,100.0
2024-03-01 13:14:00,IMNM,25.875,25.875,25.889999389648438,25.8700008392334,25.8700008392334,1566.0
2024-03-01 13:14:00,IMTX,12.989999771118164,12.989999771118164,12.989999771118164,12.989999771118164,12.989999771118164,201.0
2024-03-01 13:14:00,IMVT,36.15999984741211,36.15999984741211,36.16999816894531,36.15999984741211,36.16999816894531,821.0
2024-03-01 13:14:00,INBX,36.52000045776367,36.52000045776367,36.52000045776367,36.52000045776367,36.52000045776367,1176.0
2024-03-01 13:14:00,INCY,59.349998474121094,59.349998474121094,59.37990188598633,59.349998474121094,59.36000061035156,3678.0
2024-03-01 13:14:00,INGN,6.840000152587891,6.840000152587891,6.840000152587891,6.829999923706055,6.829999923706055,295.0
2024-03-01 13:14:00,INMD,22.829999923706055,22.829999923706055,22.860000610351562,22.829999923706055,22.860000610351562,1586.0
2024-03-01 13:14:00,INSM,28.450000762939453,28.450000762939453,28.469999313354492,28.450000762939453,28.469999313354492,1178.0
2024-03-01 13:14:00,INVA,15.675000190734863,15.675000190734863,15.675000190734863,15.675000190734863,15.675000190734863,407.0
2024-03-01 13:14:00,IONS,45.86000061035156,45.86000061035156,45.88999938964844,45.86000061035156,45.88999938964844,619.0
2024-03-01 13:14:00,IOVA,16.979999542236328,16.979999542236328,16.989999771118164,16.969999313354492,16.970199584960938,9992.0
2024-03-01 13:14:00,IRWD,9.074999809265137,9.074999809265137,9.09000015258789,9.069999694824219,9.088800430297852,7016.0
2024-03-01 13:14:00,ISRG,395.9599914550781,395.9599914550781,395.9599914550781,395.8999938964844,395.9200134277344,1670.0
2024-03-01 13:14:00,ITCI,71.22000122070312,71.22000122070312,71.26000213623047,71.22000122070312,71.25499725341797,1015.0
2024-03-01 13:14:00,ITOS,11.050000190734863,11.050000190734863,11.09000015258789,11.012499809265137,11.029899597167969,6006.0
2024-03-01 13:14:00,IVVD,4.014999866485596,4.014999866485596,4.014999866485596,4.014999866485596,4.014999866485596,100.0
2024-03-01 13:14:00,JAGX,0.07909999787807465,0.07909999787807465,0.07989999651908875,0.07840000092983246,0.07900000363588333,146875.0
2024-03-01 13:14:00,JANX,46.834999084472656,46.834999084472656,46.834999084472656,46.834999084472656,46.834999084472656,2915.0
2024-03-01 13:14:00,JAZZ,118.6449966430664,118.6449966430664,118.94999694824219,118.5781021118164,118.94999694824219,12182.0
2024-03-01 13:14:00,KALV,14.170000076293945,14.170000076293945,14.170000076293945,14.140000343322754,14.14009952545166,872.0
2024-03-01 13:14:00,KNTE,2.5950000286102295,2.5950000286102295,2.5950000286102295,2.5950000286102295,2.5950000286102295,200.0
2024-03-01 13:14:00,KOD,6.090000152587891,6.090000152587891,6.090000152587891,6.090000152587891,6.090000152587891,500.0
2024-03-01 13:14:00,KPTI,1.2100000381469727,1.2100000381469727,1.2100000381469727,1.2050000429153442,1.2050000429153442,330.0
2024-03-01 13:14:00,KRON,1.0398999452590942,1.0398999452590942,1.0399999618530273,1.0398999452590942,1.0399999618530273,3127.0
2024-03-01 13:14:00,KROS,69.83000183105469,69.83000183105469,69.83000183105469,69.83000183105469,69.83000183105469,156.0
2024-03-01 13:14:00,KRTX,316.7850036621094,316.7850036621094,316.7850036621094,316.67999267578125,316.67999267578125,1221.0
2024-03-01 13:14:00,KRYS,168.5050048828125,168.5050048828125,168.5050048828125,168.5,168.5,344.0
2024-03-01 13:14:00,KTRA,0.0966000035405159,0.0966000035405159,0.09830000251531601,0.0966000035405159,0.0982000008225441,3160.0
2024-03-01 13:14:00,KURA,21.280000686645508,21.280000686645508,21.280000686645508,21.280000686645508,21.280000686645508,673.0
2024-03-01 13:14:00,KYMR,44.125,44.125,44.130001068115234,44.125,44.130001068115234,222.0
2024-03-01 13:14:00,KZR,1.0750000476837158,1.0750000476837158,1.0750000476837158,1.0750000476837158,1.0750000476837158,547.0
2024-03-01 13:14:00,LAB,2.5250000953674316,2.5250000953674316,2.5299999713897705,2.505000114440918,2.509999990463257,13826.0
2024-03-01 13:14:00,LBPH,21.905000686645508,21.905000686645508,21.905000686645508,21.829999923706055,21.905000686645508,930.0
2024-03-01 13:14:00,LFMD,8.0,8.0,8.0,7.989999771118164,7.989999771118164,400.0
2024-03-01 13:14:00,LFST,7.78000020980835,7.78000020980835,7.78000020980835,7.78000020980835,7.78000020980835,104.0
2024-03-01 13:14:00,LIAN,4.860799789428711,4.860799789428711,4.860799789428711,4.860799789428711,4.860799789428711,400.0
2024-03-01 13:14:00,LIVN,55.814998626708984,55.814998626708984,55.83000183105469,55.814998626708984,55.83000183105469,218.0
2024-03-01 13:14:00,LMAT,68.05999755859375,68.05999755859375,68.05999755859375,68.05999755859375,68.05999755859375,803.0
2024-03-01 13:14:00,LNTH,65.44000244140625,65.44000244140625,65.51000213623047,65.44000244140625,65.5,3548.0
2024-03-01 13:14:00,LPTX,2.9123001098632812,2.9123001098632812,2.9200000762939453,2.9123001098632812,2.9200000762939453,1429.0
2024-03-01 13:14:00,LQDA,14.545000076293945,14.545000076293945,14.545000076293945,14.539999961853027,14.545000076293945,796.0
2024-03-01 13:14:00,LRMR,11.479999542236328,11.479999542236328,11.479999542236328,11.479999542236328,11.479999542236328,206.0
2024-03-01 13:14:00,LUNG,9.399999618530273,9.399999618530273,9.4399995803833,9.399999618530273,9.4399995803833,4586.0
2024-03-01 13:14:00,LVTX,2.9749999046325684,2.9749999046325684,2.990000009536743,2.9749999046325684,2.990000009536743,1356.0
2024-03-01 13:14:00,LXRX,2.5199999809265137,2.5199999809265137,2.5299999713897705,2.5199999809265137,2.5299999713897705,2240.0
2024-03-01 13:14:00,LYEL,3.174999952316284,3.174999952316284,3.180000066757202,3.174999952316284,3.180000066757202,5619.0
2024-03-01 13:14:00,MASI,128.35000610351562,128.35000610351562,128.35000610351562,128.0500030517578,128.0500030517578,5262.0
2024-03-01 13:14:00,MBOT,1.3285000324249268,1.3285000324249268,1.3285000324249268,1.3285000324249268,1.3285000324249268,102.0
2024-03-01 13:14:00,MCRB,1.2050000429153442,1.2050000429153442,1.2050000429153442,1.2000000476837158,1.2050000429153442,2753.0
2024-03-01 13:14:00,MDGL,250.91470336914062,250.91470336914062,250.91470336914062,250.91470336914062,250.91470336914062,292.0
2024-03-01 13:14:00,MDRX,6.050000190734863,6.050000190734863,6.099999904632568,6.050000190734863,6.090000152587891,57450.0
2024-03-01 13:14:00,MDXG,8.670000076293945,8.670000076293945,8.680000305175781,8.670000076293945,8.675000190734863,1383.0
2024-03-01 13:14:00,ME,0.5748000144958496,0.5748000144958496,0.5748000144958496,0.5702999830245972,0.5702999830245972,97339.0
2024-03-01 13:14:00,MEDP,401.0400085449219,401.0400085449219,401.8299865722656,400.29998779296875,401.8299865722656,2906.0
2024-03-01 13:14:00,MEIP,4.204999923706055,4.204999923706055,4.204999923706055,4.204999923706055,4.204999923706055,134.0
2024-03-01 13:14:00,MGNX,19.030000686645508,19.030000686645508,19.030000686645508,19.0049991607666,19.024999618530273,4333.0
2024-03-01 13:14:00,MGTX,6.449999809265137,6.449999809265137,6.449999809265137,6.449999809265137,6.449999809265137,146.0
2024-03-01 13:14:00,MHUA,0.699999988079071,0.699999988079071,0.699999988079071,0.699999988079071,0.699999988079071,820.0
2024-03-01 13:14:00,MIRM,29.815000534057617,29.815000534057617,29.815000534057617,29.815000534057617,29.815000534057617,100.0
2024-03-01 13:14:00,MLTX,51.33000183105469,51.33000183105469,51.42499923706055,51.33000183105469,51.38999938964844,2190.0
2024-03-01 13:14:00,MMSI,76.56999969482422,76.56999969482422,76.56999969482422,76.56999969482422,76.56999969482422,1211.0
2024-03-01 13:14:00,MNKD,4.519999980926514,4.519999980926514,4.519999980926514,4.510000228881836,4.514999866485596,4544.0
2024-03-01 13:14:00,MNMD,6.129700183868408,6.129700183868408,6.129700183868408,6.125,6.125,651.0
2024-03-01 13:14:00,MNPR,0.8550000190734863,0.8550000190734863,0.8550000190734863,0.8450999855995178,0.8483999967575073,5131.0
2024-03-01 13:14:00,MORF,39.54999923706055,39.54999923706055,39.54999923706055,39.54999923706055,39.54999923706055,530.0
2024-03-01 13:14:00,MREO,4.020100116729736,4.020100116729736,4.025000095367432,4.020100116729736,4.020899772644043,2775.0
2024-03-01 13:14:00,MRNA,96.36000061035156,96.36000061035156,96.4000015258789,96.36000061035156,96.36000061035156,914.0
2024-03-01 13:14:00,MRNS,10.300000190734863,10.300000190734863,10.300000190734863,10.25,10.25,41165.0
2024-03-01 13:14:00,MRSN,5.945000171661377,5.945000171661377,5.960000038146973,5.945000171661377,5.960000038146973,1559.0
2024-03-01 13:14:00,MRUS,51.790000915527344,51.790000915527344,51.810001373291016,51.72999954223633,51.810001373291016,747.0
2024-03-01 13:14:00,MRVI,7.739999771118164,7.739999771118164,7.739999771118164,7.730000019073486,7.735000133514404,4179.0
2024-03-01 13:14:00,MXCT,4.764999866485596,4.764999866485596,4.769999980926514,4.764999866485596,4.769999980926514,418.0
2024-03-01 13:14:00,MYGN,21.829999923706055,21.829999923706055,21.829999923706055,21.81999969482422,21.81999969482422,408.0
2024-03-01 13:14:00,NAOV,0.9800000190734863,0.9800000190734863,0.9800000190734863,0.9800000190734863,0.9800000190734863,106.0
2024-03-01 13:14:00,NARI,45.0,45.0,45.029998779296875,44.97999954223633,44.97999954223633,3448.0
2024-03-01 13:14:00,NBIX,131.2449951171875,131.2449951171875,131.25999450683594,131.22000122070312,131.22000122070312,490.0
2024-03-01 13:14:00,NBSE,0.8949999809265137,0.8949999809265137,0.8949999809265137,0.8949999809265137,0.8949999809265137,102.0
2024-03-01 13:14:00,NEO,16.110000610351562,16.110000610351562,16.110000610351562,16.110000610351562,16.110000610351562,2046.0
2024-03-01 13:14:00,NEOG,17.334999084472656,17.334999084472656,17.344999313354492,17.329999923706055,17.329999923706055,2265.0
2024-03-01 13:14:00,NGM,1.5299999713897705,1.5299999713897705,1.5299999713897705,1.5299999713897705,1.5299999713897705,1397.0
2024-03-01 13:14:00,NKTR,0.7822099924087524,0.7822099924087524,0.7822099924087524,0.7822099924087524,0.7822099924087524,1096.0
2024-03-01 13:14:00,NKTX,12.722999572753906,12.722999572753906,12.722999572753906,12.65999984741211,12.65999984741211,3522.0
2024-03-01 13:14:00,NNOX,11.020000457763672,11.020000457763672,11.03499984741211,11.020000457763672,11.029999732971191,1633.0
2024-03-01 13:14:00,NOTV,8.154999732971191,8.154999732971191,8.154999732971191,8.140000343322754,8.140000343322754,2282.0
2024-03-01 13:14:00,NRIX,13.729999542236328,13.729999542236328,13.729999542236328,13.729999542236328,13.729999542236328,1175.0
2024-03-01 13:14:00,NRSN,2.0199999809265137,2.0199999809265137,2.0299999713897705,2.003499984741211,2.003499984741211,3530.0
2024-03-01 13:14:00,NRXP,0.4187999963760376,0.4187999963760376,0.4187999963760376,0.4187999963760376,0.4187999963760376,165.0
2024-03-01 13:14:00,NTLA,33.32500076293945,33.32500076293945,33.334999084472656,33.310001373291016,33.310001373291016,4199.0
2024-03-01 13:14:00,NTRA,89.44999694824219,89.44999694824219,89.49500274658203,89.38999938964844,89.43000030517578,7744.0
2024-03-01 13:14:00,NUTX,0.11330000311136246,0.11330000311136246,0.11330000311136246,0.11330000311136246,0.11330000311136246,2437.0
2024-03-01 13:14:00,NUVL,88.74500274658203,88.74500274658203,88.74500274658203,88.74500274658203,88.74500274658203,248.0
2024-03-01 13:14:00,NVAX,5.215000152587891,5.215000152587891,5.21999979019165,5.199999809265137,5.199999809265137,41631.0
2024-03-01 13:14:00,NVCR,15.970000267028809,15.970000267028809,15.970000267028809,15.970000267028809,15.970000267028809,565.0
2024-03-01 13:14:00,NXTC,1.75,1.75,1.75,1.75,1.75,100.0
2024-03-01 13:14:00,OCUL,10.899999618530273,10.899999618530273,10.899999618530273,10.895000457763672,10.895000457763672,653.0
2024-03-01 13:14:00,OCUP,2.494999885559082,2.494999885559082,2.494999885559082,2.4809000492095947,2.4809000492095947,1100.0
2024-03-01 13:14:00,OFIX,12.930000305175781,12.930000305175781,12.930000305175781,12.869999885559082,12.869999885559082,2817.0
2024-03-01 13:14:00,OGI,2.2049999237060547,2.2049999237060547,2.2049999237060547,2.2049999237060547,2.2049999237060547,613.0
2024-03-01 13:14:00,OLK,22.739999771118164,22.739999771118164,22.739999771118164,22.725000381469727,22.729999542236328,1986.0
2024-03-01 13:14:00,OLMA,14.550000190734863,14.550000190734863,14.600000381469727,14.550000190734863,14.600000381469727,2020.0
2024-03-01 13:14:00,OMCL,26.360000610351562,26.360000610351562,26.360000610351562,26.360000610351562,26.360000610351562,198.0
2024-03-01 13:14:00,OMGA,4.239999771118164,4.239999771118164,4.239999771118164,4.235000133514404,4.235000133514404,826.0
2024-03-01 13:14:00,ONCT,10.180000305175781,10.180000305175781,10.180000305175781,10.180000305175781,10.180000305175781,1500.0
2024-03-01 13:15:00,ABCL,5.242499828338623,5.242499828338623,5.25,5.242499828338623,5.244999885559082,1570.0
2024-03-01 13:15:00,ABOS,4.679999828338623,4.679999828338623,4.679999828338623,4.659999847412109,4.659999847412109,2562.0
2024-03-01 13:15:00,ABSI,5.389100074768066,5.389100074768066,5.389900207519531,5.389100074768066,5.389900207519531,1013.0
2024-03-01 13:15:00,ABUS,2.7750000953674316,2.7750000953674316,2.7750000953674316,2.7750000953674316,2.7750000953674316,128.0
2024-03-01 13:15:00,ACAD,24.450000762939453,24.450000762939453,24.450000762939453,24.43000030517578,24.43000030517578,2819.0
2024-03-01 13:15:00,ACB,3.2100000381469727,3.2100000381469727,3.2139999866485596,3.2100000381469727,3.2139999866485596,332.0
2024-03-01 13:15:00,ACET,2.4049999713897705,2.4049999713897705,2.4049999713897705,2.3949999809265137,2.4000000953674316,4562.0
2024-03-01 13:15:00,ACHL,1.350000023841858,1.350000023841858,1.350000023841858,1.350000023841858,1.350000023841858,109.0
2024-03-01 13:15:00,ACLX,67.30000305175781,67.30000305175781,67.30000305175781,67.30000305175781,67.30000305175781,382.0
2024-03-01 13:15:00,ACON,0.4049000144004822,0.4049000144004822,0.4049000144004822,0.4049000144004822,0.4049000144004822,1057.0
2024-03-01 13:15:00,ACRS,1.2400000095367432,1.2400000095367432,1.2400000095367432,1.2300000190734863,1.2350000143051147,1122.0
2024-03-01 13:15:00,ADIL,3.130000114440918,3.130000114440918,3.190000057220459,3.114000082015991,3.1198999881744385,63587.0
2024-03-01 13:15:00,ADMA,5.505000114440918,5.505000114440918,5.510000228881836,5.5,5.509900093078613,7664.0
2024-03-01 13:15:00,ADPT,4.184999942779541,4.184999942779541,4.184999942779541,4.184999942779541,4.184999942779541,130.0
2024-03-01 13:15:00,AFMD,0.6399999856948853,0.6399999856948853,0.6399999856948853,0.6399999856948853,0.6399999856948853,999.0
2024-03-01 13:15:00,AGEN,0.6825000047683716,0.6825000047683716,0.6825000047683716,0.6815999746322632,0.6825000047683716,21198.0
2024-03-01 13:15:00,AGIO,32.939998626708984,32.939998626708984,32.939998626708984,32.90999984741211,32.90999984741211,2100.0
2024-03-01 13:15:00,AHCO,10.579999923706055,10.579999923706055,10.585000038146973,10.579999923706055,10.585000038146973,787.0
2024-03-01 13:15:00,AKAN,0.21870000660419464,0.21870000660419464,0.21870000660419464,0.21870000660419464,0.21870000660419464,1786.0
2024-03-01 13:15:00,AKBA,1.684999942779541,1.684999942779541,1.690000057220459,1.684999942779541,1.690000057220459,252.0
2024-03-01 13:15:00,AKRO,30.007099151611328,30.007099151611328,30.007099151611328,30.007099151611328,30.007099151611328,140.0
2024-03-01 13:15:00,AKYA,6.000999927520752,6.000999927520752,6.000999927520752,6.000999927520752,6.000999927520752,297.0
2024-03-01 13:15:00,ALDX,4.309999942779541,4.309999942779541,4.315000057220459,4.309999942779541,4.309999942779541,2962.0
2024-03-01 13:15:00,ALEC,7.329999923706055,7.329999923706055,7.329999923706055,7.324999809265137,7.324999809265137,3561.0
2024-03-01 13:15:00,ALHC,5.699999809265137,5.699999809265137,5.699999809265137,5.699999809265137,5.699999809265137,129.0
2024-03-01 13:15:00,ALLK,1.6200000047683716,1.6200000047683716,1.6200000047683716,1.6200000047683716,1.6200000047683716,200.0
2024-03-01 13:15:00,ALNY,154.4250030517578,154.4250030517578,154.4499969482422,154.22999572753906,154.22999572753906,2312.0
2024-03-01 13:15:00,ALPN,35.8849983215332,35.8849983215332,35.8849983215332,35.8849983215332,35.8849983215332,506.0
2024-03-01 13:15:00,ALT,11.989999771118164,11.989999771118164,11.994199752807617,11.979999542236328,11.989999771118164,5841.0
2024-03-01 13:15:00,ALXO,15.020000457763672,15.020000457763672,15.039999961853027,15.020000457763672,15.039999961853027,465.0
2024-03-01 13:15:00,AMGN,280.75,280.75,280.80999755859375,280.67999267578125,280.7349853515625,2985.0
2024-03-01 13:15:00,AMLX,18.790000915527344,18.790000915527344,18.806900024414062,18.790000915527344,18.806900024414062,2129.0
2024-03-01 13:15:00,AMPH,45.39500045776367,45.39500045776367,45.39500045776367,45.39500045776367,45.39500045776367,993.0
2024-03-01 13:15:00,AMRN,1.0549999475479126,1.0549999475479126,1.0549999475479126,1.0499999523162842,1.0500999689102173,12727.0
2024-03-01 13:15:00,ANAB,25.40999984741211,25.40999984741211,25.420000076293945,25.40999984741211,25.420000076293945,466.0
2024-03-01 13:15:00,ANIP,66.23999786376953,66.23999786376953,66.25,66.23999786376953,66.25,229.0
2024-03-01 13:15:00,ANNX,6.03000020980835,6.03000020980835,6.03000020980835,5.96999979019165,5.989999771118164,8333.0
2024-03-01 13:15:00,APLS,64.91999816894531,64.91999816894531,64.94999694824219,64.88999938964844,64.94000244140625,2944.0
2024-03-01 13:15:00,APLT,7.139999866485596,7.139999866485596,7.150000095367432,7.125,7.125,3092.0
2024-03-01 13:15:00,AQST,4.208199977874756,4.208199977874756,4.210000038146973,4.208199977874756,4.210000038146973,971.0
2024-03-01 13:15:00,ARCT,39.965999603271484,39.965999603271484,39.970001220703125,39.965999603271484,39.970001220703125,303.0
2024-03-01 13:15:00,ARDX,9.494999885559082,9.494999885559082,9.505000114440918,9.489999771118164,9.489999771118164,24486.0
2024-03-01 13:15:00,ARQT,11.770000457763672,11.770000457763672,11.770000457763672,11.75,11.760000228881836,5622.0
2024-03-01 13:15:00,ARVN,48.744998931884766,48.744998931884766,48.77000045776367,48.70000076293945,48.70000076293945,1412.0
2024-03-01 13:15:00,ASND,152.22999572753906,152.22999572753906,152.22999572753906,152.22999572753906,152.22999572753906,916.0
2024-03-01 13:15:00,ASRT,0.921999990940094,0.921999990940094,0.9225000143051147,0.921999990940094,0.9225000143051147,900.0
2024-03-01 13:15:00,ATAI,2.125,2.125,2.125,2.119999885559082,2.119999885559082,1155.0
2024-03-01 13:15:00,ATEC,13.489999771118164,13.489999771118164,13.489999771118164,13.489999771118164,13.489999771118164,200.0
2024-03-01 13:15:00,ATHA,3.9900999069213867,3.9900999069213867,3.9900999069213867,3.9900999069213867,3.9900999069213867,200.0
2024-03-01 13:15:00,ATRA,0.8075010180473328,0.8075010180473328,0.8075010180473328,0.8002989888191223,0.8002989888191223,35647.0
2024-03-01 13:15:00,AUGX,4.570000171661377,4.570000171661377,4.570000171661377,4.570000171661377,4.570000171661377,114.0
2024-03-01 13:15:00,AUPH,5.869999885559082,5.869999885559082,5.869999885559082,5.864999771118164,5.864999771118164,528.0
2024-03-01 13:15:00,AUTL,6.380000114440918,6.380000114440918,6.380000114440918,6.375,6.375,1089.0
2024-03-01 13:15:00,AVDL,13.050000190734863,13.050000190734863,13.069999694824219,13.0,13.0,404592.0
2024-03-01 13:15:00,AVXL,5.328800201416016,5.328800201416016,5.329999923706055,5.328800201416016,5.329999923706055,201.0
2024-03-01 13:15:00,AXGN,10.520000457763672,10.520000457763672,10.520000457763672,10.520000457763672,10.520000457763672,116.0
2024-03-01 13:15:00,AXNX,67.5,67.5,67.5,67.5,67.5,347.0
2024-03-01 13:15:00,AXSM,82.2699966430664,82.2699966430664,82.2699966430664,82.18000030517578,82.18000030517578,325.0
2024-03-01 13:15:00,AZN,64.69000244140625,64.69000244140625,64.69000244140625,64.67500305175781,64.67500305175781,3466.0
2024-03-01 13:15:00,AZTA,67.12000274658203,67.12000274658203,67.1500015258789,67.12000274658203,67.1500015258789,601.0
2024-03-01 13:15:00,BBIO,36.13999938964844,36.13999938964844,36.13999938964844,36.13999938964844,36.13999938964844,739.0
2024-03-01 13:15:00,BCAB,2.759999990463257,2.759999990463257,2.759999990463257,2.755000114440918,2.755000114440918,324.0
2024-03-01 13:15:00,BCLI,0.35499998927116394,0.35499998927116394,0.35600000619888306,0.35499998927116394,0.35600000619888306,20660.0
2024-03-01 13:15:00,BCRX,5.742499828338623,5.742499828338623,5.75,5.739999771118164,5.747499942779541,3738.0
2024-03-01 13:15:00,BCYC,26.209999084472656,26.209999084472656,26.209999084472656,26.209999084472656,26.209999084472656,344.0
2024-03-01 13:15:00,BDSX,1.590000033378601,1.590000033378601,1.590000033378601,1.590000033378601,1.590000033378601,280.0
2024-03-01 13:15:00,BDTX,5.045000076293945,5.045000076293945,5.045000076293945,5.045000076293945,5.045000076293945,100.0
2024-03-01 13:15:00,BEAM,40.119998931884766,40.119998931884766,40.119998931884766,40.119998931884766,40.119998931884766,696.0
2024-03-01 13:15:00,BGNE,166.50999450683594,166.50999450683594,166.50999450683594,166.48500061035156,166.48500061035156,1447.0
2024-03-01 13:15:00,BIIB,221.4499969482422,221.4499969482422,221.4499969482422,221.33999633789062,221.33999633789062,1110.0
2024-03-01 13:15:00,BIOL,0.1419990062713623,0.1419990062713623,0.1419990062713623,0.14159999787807465,0.14159999787807465,4240.0
2024-03-01 13:15:00,BIOR,1.1299999952316284,1.1299999952316284,1.1299999952316284,1.1193000078201294,1.1193000078201294,5521.0
2024-03-01 13:15:00,BIVI,2.0,2.0,2.0099000930786133,1.9450000524520874,1.9450000524520874,149350.0
2024-03-01 13:15:00,BLFS,18.190000534057617,18.190000534057617,18.219999313354492,18.190000534057617,18.219999313354492,1014.0
2024-03-01 13:15:00,BLUE,1.590000033378601,1.590000033378601,1.597499966621399,1.590000033378601,1.5950000286102295,10808.0
2024-03-01 13:15:00,BMEA,18.149999618530273,18.149999618530273,18.149999618530273,18.094999313354492,18.100000381469727,3309.0
2024-03-01 13:15:00,BMRN,87.68000030517578,87.68000030517578,87.71499633789062,87.68000030517578,87.68009948730469,17400.0
2024-03-01 13:15:00,BNGO,1.2502000331878662,1.2502000331878662,1.2549999952316284,1.25,1.2549999952316284,7321.0
2024-03-01 13:15:00,BNTX,91.78500366210938,91.78500366210938,91.78500366210938,91.68000030517578,91.76339721679688,5761.0
2024-03-01 13:15:00,BPMC,97.38500213623047,97.38500213623047,97.45999908447266,97.38500213623047,97.45999908447266,464.0
2024-03-01 13:15:00,BRKR,88.34500122070312,88.34500122070312,88.34500122070312,88.30999755859375,88.30999755859375,1455.0
2024-03-01 13:15:00,BSGM,0.6500999927520752,0.6500999927520752,0.6500999927520752,0.6500999927520752,0.6500999927520752,105.0
2024-03-01 13:15:00,BTTX,0.17990000545978546,0.17990000545978546,0.17990000545978546,0.17509999871253967,0.17669999599456787,51185.0
2024-03-01 13:15:00,BVS,4.760000228881836,4.760000228881836,4.760000228881836,4.760000228881836,4.760000228881836,202.0
2024-03-01 13:15:00,BWAY,6.514999866485596,6.514999866485596,6.514999866485596,6.514999866485596,6.514999866485596,101.0
2024-03-01 13:15:00,CABA,24.110000610351562,24.110000610351562,24.110000610351562,24.110000610351562,24.110000610351562,1318.0
2024-03-01 13:15:00,CARA,0.9300000071525574,0.9300000071525574,0.9300000071525574,0.9300000071525574,0.9300000071525574,1180.0
2024-03-01 13:15:00,CBAY,32.2400016784668,32.2400016784668,32.2400016784668,32.23500061035156,32.2400016784668,1609.0
2024-03-01 13:15:00,CCCC,10.989999771118164,10.989999771118164,11.005000114440918,10.989999771118164,11.0,3769.0
2024-03-01 13:15:00,CDMO,8.055000305175781,8.055000305175781,8.055000305175781,8.055000305175781,8.055000305175781,280.0
2024-03-01 13:15:00,CDNA,12.244999885559082,12.244999885559082,12.260000228881836,12.244999885559082,12.25,476.0
2024-03-01 13:15:00,CDTX,0.7208999991416931,0.7208999991416931,0.7208999991416931,0.7208999991416931,0.7208999991416931,715.0
2024-03-01 13:15:00,CDXS,4.554999828338623,4.554999828338623,4.559999942779541,4.519999980926514,4.519999980926514,13018.0
2024-03-01 13:15:00,CELU,3.5125999450683594,3.5125999450683594,3.5125999450683594,3.5125999450683594,3.5125999450683594,174.0
2024-03-01 13:15:00,CERE,41.10499954223633,41.10499954223633,41.11000061035156,41.099998474121094,41.099998474121094,1757.0
2024-03-01 13:15:00,CERS,2.2200000286102295,2.2200000286102295,2.2200000286102295,2.2200000286102295,2.2200000286102295,101.0
2024-03-01 13:15:00,CERT,17.790000915527344,17.790000915527344,17.825000762939453,17.770000457763672,17.81999969482422,1680.0
2024-03-01 13:15:00,CGC,3.2699999809265137,3.2699999809265137,3.2699999809265137,3.265000104904175,3.2699999809265137,2438.0
2024-03-01 13:15:00,CGEM,18.8700008392334,18.8700008392334,18.8799991607666,18.84000015258789,18.84000015258789,2187.0
2024-03-01 13:15:00,CHRS,2.424999952316284,2.424999952316284,2.424999952316284,2.4100000858306885,2.4100000858306885,8273.0
2024-03-01 13:15:00,CKPT,2.2049999237060547,2.2049999237060547,2.2049999237060547,2.200000047683716,2.20169997215271,1367.0
2024-03-01 13:15:00,CLDX,51.51499938964844,51.51499938964844,51.529998779296875,51.31999969482422,51.31999969482422,8995.0
2024-03-01 13:15:00,CLOV,0.864300012588501,0.864300012588501,0.8648009896278381,0.864300012588501,0.8648009896278381,86854.0
2024-03-01 13:15:00,CLPT,6.650000095367432,6.650000095367432,6.650000095367432,6.650000095367432,6.650000095367432,113.0
2024-03-01 13:15:00,CMPS,11.5,11.5,11.510000228881836,11.5,11.510000228881836,400.0
2024-03-01 13:15:00,CMRX,1.1799999475479126,1.1799999475479126,1.1799999475479126,1.1799999475479126,1.1799999475479126,118.0
2024-03-01 13:15:00,CNSP,0.3296000063419342,0.3296000063419342,0.3296000063419342,0.3296000063419342,0.3296000063419342,2223.0
2024-03-01 13:15:00,CODX,1.149999976158142,1.149999976158142,1.149999976158142,1.149999976158142,1.149999976158142,581.0
2024-03-01 13:15:00,COGT,7.179999828338623,7.179999828338623,7.179999828338623,7.179999828338623,7.179999828338623,215.0
2024-03-01 13:15:00,CPRX,17.200000762939453,17.200000762939453,17.200000762939453,17.184999465942383,17.184999465942383,5450.0
2024-03-01 13:15:00,CPSI,9.5600004196167,9.5600004196167,9.598600387573242,9.550000190734863,9.550000190734863,7826.0
2024-03-01 13:15:00,CRBU,7.954999923706055,7.954999923706055,7.954999923706055,7.929999828338623,7.929999828338623,3351.0
2024-03-01 13:15:00,CRDF,2.4488000869750977,2.4488000869750977,2.4600000381469727,2.430000066757202,2.4600000381469727,5052.0
2024-03-01 13:15:00,CRMD,3.7200000286102295,3.7200000286102295,3.7200000286102295,3.7200000286102295,3.7200000286102295,152.0
2024-03-01 13:15:00,CRNX,46.7599983215332,46.7599983215332,46.7599983215332,46.7599983215332,46.7599983215332,220.0
2024-03-01 13:15:00,CRON,2.065000057220459,2.065000057220459,2.065000057220459,2.065000057220459,2.065000057220459,102.0
2024-03-01 13:15:00,CRSP,86.12000274658203,86.12000274658203,86.12000274658203,86.08000183105469,86.0999984741211,918.0
2024-03-01 13:15:00,CRVS,2.240000009536743,2.240000009536743,2.25,2.240000009536743,2.25,7904.0
2024-03-01 13:15:00,CSTL,20.21500015258789,20.21500015258789,20.219999313354492,20.21500015258789,20.219999313354492,828.0
2024-03-01 13:15:00,CTKB,8.84000015258789,8.84000015258789,8.84000015258789,8.84000015258789,8.84000015258789,1038.0
2024-03-01 13:15:00,CTMX,2.6494998931884766,2.6494998931884766,2.6500000953674316,2.640000104904175,2.640000104904175,4421.0
2024-03-01 13:15:00,CUTR,2.4000000953674316,2.4000000953674316,2.401099920272827,2.4000000953674316,2.401099920272827,2353.0
2024-03-01 13:15:00,CVAC,3.494999885559082,3.494999885559082,3.494999885559082,3.494999885559082,3.494999885559082,1023.0
2024-03-01 13:15:00,CYTK,73.26000213623047,73.26000213623047,73.29499816894531,73.26000213623047,73.29499816894531,941.0
2024-03-01 13:15:00,DAWN,17.479999542236328,17.479999542236328,17.479999542236328,17.479999542236328,17.479999542236328,246.0
2024-03-01 13:15:00,DCGO,4.179999828338623,4.179999828338623,4.184999942779541,4.179999828338623,4.184999942779541,317.0
2024-03-01 13:15:00,DCPH,17.510000228881836,17.510000228881836,17.510000228881836,17.479999542236328,17.479999542236328,4138.0
2024-03-01 13:15:00,DH,8.854999542236328,8.854999542236328,8.854999542236328,8.854999542236328,8.854999542236328,284.0
2024-03-01 13:15:00,DMTK,0.8720999956130981,0.8720999956130981,0.8798990249633789,0.8720999956130981,0.8798990249633789,580.0
2024-03-01 13:15:00,DNLI,20.780000686645508,20.780000686645508,20.790000915527344,20.780000686645508,20.780000686645508,1081.0
2024-03-01 13:15:00,DTIL,12.4399995803833,12.4399995803833,12.475000381469727,12.430000305175781,12.430000305175781,7027.0
2024-03-01 13:15:00,DVAX,12.895000457763672,12.895000457763672,12.899999618530273,12.895000457763672,12.899999618530273,2171.0
2024-03-01 13:15:00,DXCM,121.70999908447266,121.70999908447266,121.70999908447266,121.63999938964844,121.6500015258789,4337.0
2024-03-01 13:15:00,DYN,28.559999465942383,28.559999465942383,28.559999465942383,28.559999465942383,28.559999465942383,837.0
2024-03-01 13:15:00,EDIT,10.895000457763672,10.895000457763672,10.895000457763672,10.890000343322754,10.890000343322754,1173.0
2024-03-01 13:15:00,ELDN,1.839900016784668,1.839900016784668,1.839900016784668,1.839900016784668,1.839900016784668,429.0
2024-03-01 13:15:00,ELEV,5.03000020980835,5.03000020980835,5.039999961853027,5.03000020980835,5.036900043487549,715.0
2024-03-01 13:15:00,ENSG,122.58999633789062,122.58999633789062,122.58999633789062,122.58999633789062,122.58999633789062,859.0
2024-03-01 13:15:00,ENVB,1.5299999713897705,1.5299999713897705,1.5299999713897705,1.5204999446868896,1.524999976158142,1647.0
2024-03-01 13:15:00,EOLS,14.8100004196167,14.8100004196167,14.8100004196167,14.8100004196167,14.8100004196167,272.0
2024-03-01 13:15:00,EQ,2.490000009536743,2.490000009536743,2.5,2.490000009536743,2.490000009536743,15238.0
2024-03-01 13:15:00,ESPR,2.5199999809265137,2.5199999809265137,2.5199999809265137,2.5199999809265137,2.5199999809265137,3251.0
2024-03-01 13:15:00,ETNB,13.289999961853027,13.289999961853027,13.300000190734863,13.289999961853027,13.300000190734863,312.0
2024-03-01 13:15:00,EWTX,17.020000457763672,17.020000457763672,17.024999618530273,17.010000228881836,17.020000457763672,5054.0
2024-03-01 13:15:00,EXAI,6.784999847412109,6.784999847412109,6.789999961853027,6.784999847412109,6.789999961853027,815.0
2024-03-01 13:15:00,EXAS,60.279998779296875,60.279998779296875,60.279998779296875,60.25,60.25,1308.0
2024-03-01 13:15:00,EXEL,22.584999084472656,22.584999084472656,22.584999084472656,22.579999923706055,22.579999923706055,2369.0
2024-03-01 13:15:00,EYEN,2.450000047683716,2.450000047683716,2.4725000858306885,2.450000047683716,2.4700000286102295,18837.0
2024-03-01 13:15:00,FATE,7.704999923706055,7.704999923706055,7.710000038146973,7.704999923706055,7.710000038146973,2348.0
2024-03-01 13:15:00,FDMT,29.469999313354492,29.469999313354492,29.469999313354492,29.43000030517578,29.43000030517578,358.0
2024-03-01 13:15:00,FGEN,1.8899999856948853,1.8899999856948853,1.8899999856948853,1.8799999952316284,1.8899999856948853,2237.0
2024-03-01 13:15:00,FOLD,13.385000228881836,13.385000228881836,13.385000228881836,13.354999542236328,13.354999542236328,7216.0
2024-03-01 13:15:00,FULC,10.989999771118164,10.989999771118164,11.0,10.979999542236328,10.979999542236328,2573.0
2024-03-01 13:15:00,FUSN,12.470000267028809,12.470000267028809,12.475000381469727,12.470000267028809,12.475000381469727,564.0
2024-03-01 13:15:00,GBIO,2.6500000953674316,2.6500000953674316,2.6500000953674316,2.6500000953674316,2.6500000953674316,210.0
2024-03-01 13:15:00,GDRX,8.239999771118164,8.239999771118164,8.244999885559082,8.239999771118164,8.239999771118164,811.0
2024-03-01 13:15:00,GEG,1.9700000286102295,1.9700000286102295,1.9700000286102295,1.9700000286102295,1.9700000286102295,300.0
2024-03-01 13:15:00,GERN,2.2300000190734863,2.2300000190734863,2.2300000190734863,2.2200000286102295,2.2300000190734863,6652.0
2024-03-01 13:15:00,GH,19.09000015258789,19.09000015258789,19.09000015258789,19.084999084472656,19.084999084472656,362.0
2024-03-01 13:15:00,GILD,72.19999694824219,72.19999694824219,72.20999908447266,72.18499755859375,72.18499755859375,5399.0
2024-03-01 13:15:00,GMAB,29.360000610351562,29.360000610351562,29.360000610351562,29.344999313354492,29.344999313354492,1243.0
2024-03-01 13:15:00,GMDA,0.3749000132083893,0.3749000132083893,0.3749000132083893,0.3749000132083893,0.3749000132083893,110.0
2024-03-01 13:15:00,GOSS,1.399999976158142,1.399999976158142,1.399999976158142,1.399999976158142,1.399999976158142,1257.0
2024-03-01 13:15:00,GRFS,7.114999771118164,7.114999771118164,7.114999771118164,7.114999771118164,7.114999771118164,188.0
2024-03-01 13:15:00,GRTS,2.1809000968933105,2.1809000968933105,2.1809000968933105,2.1800999641418457,2.1800999641418457,2161.0
2024-03-01 13:15:00,GTHX,3.744999885559082,3.744999885559082,3.744999885559082,3.740799903869629,3.740799903869629,3435.0
2024-03-01 13:15:00,HALO,41.43000030517578,41.43000030517578,41.43000030517578,41.43000030517578,41.43000030517578,200.0
2024-03-01 13:15:00,HARP,22.94499969482422,22.94499969482422,22.94499969482422,22.94499969482422,22.94499969482422,101.0
2024-03-01 13:15:00,HBIO,4.355000019073486,4.355000019073486,4.355000019073486,4.355000019073486,4.355000019073486,200.0
2024-03-01 13:15:00,HCAT,8.149999618530273,8.149999618530273,8.149999618530273,8.130000114440918,8.130000114440918,1166.0
2024-03-01 13:15:00,HCSG,12.640000343322754,12.640000343322754,12.640000343322754,12.640000343322754,12.640000343322754,473.0
2024-03-01 13:15:00,HCTI,2.4899001121520996,2.4899001121520996,2.4899001121520996,2.4899001121520996,2.4899001121520996,395.0
2024-03-01 13:15:00,HOLX,74.04499816894531,74.04499816894531,74.04499816894531,74.01000213623047,74.0199966430664,2294.0
2024-03-01 13:15:00,HOOK,0.7799999713897705,0.7799999713897705,0.7799999713897705,0.7799999713897705,0.7799999713897705,102.0
2024-03-01 13:15:00,HOWL,6.989999771118164,6.989999771118164,6.989999771118164,6.989999771118164,6.989999771118164,253.0
2024-03-01 13:15:00,HRMY,31.479999542236328,31.479999542236328,31.479999542236328,31.46500015258789,31.46500015258789,460.0
2024-03-01 13:15:00,HUMA,3.3801000118255615,3.3801000118255615,3.4049999713897705,3.3801000118255615,3.4019999504089355,15272.0
2024-03-01 13:15:00,IART,36.54999923706055,36.54999923706055,36.54999923706055,36.54999923706055,36.54999923706055,170.0
2024-03-01 13:15:00,IBRX,4.767300128936768,4.767300128936768,4.767300128936768,4.767300128936768,4.767300128936768,605.0
2024-03-01 13:15:00,ICAD,1.8700000047683716,1.8700000047683716,1.899999976158142,1.8700000047683716,1.899999976158142,6410.0
2024-03-01 13:15:00,IDYA,46.57500076293945,46.57500076293945,46.599998474121094,46.57500076293945,46.599998474121094,1543.0
2024-03-01 13:15:00,IFRX,1.809999942779541,1.809999942779541,1.809999942779541,1.809999942779541,1.809999942779541,100.0
2024-03-01 13:15:00,ILMN,142.26499938964844,142.26499938964844,142.2899932861328,142.1475067138672,142.1475067138672,1957.0
2024-03-01 13:15:00,IMAB,1.8300000429153442,1.8300000429153442,1.8300000429153442,1.8300000429153442,1.8300000429153442,100.0
2024-03-01 13:15:00,IMCR,68.01000213623047,68.01000213623047,68.01000213623047,67.91999816894531,67.91999816894531,1385.0
2024-03-01 13:15:00,IMMX,3.569999933242798,3.569999933242798,3.569999933242798,3.569999933242798,3.569999933242798,202.0
2024-03-01 13:15:00,IMUX,1.475000023841858,1.475000023841858,1.4819999933242798,1.475000023841858,1.4819999933242798,6612.0
2024-03-01 13:15:00,IMVT,36.189998626708984,36.189998626708984,36.189998626708984,36.15999984741211,36.17399978637695,2296.0
2024-03-01 13:15:00,INAB,1.0799000263214111,1.0799000263214111,1.0799000263214111,1.0799000263214111,1.0799000263214111,1800.0
2024-03-01 13:15:00,INBX,36.516998291015625,36.516998291015625,36.516998291015625,36.516998291015625,36.516998291015625,677.0
2024-03-01 13:15:00,INCY,59.349998474121094,59.349998474121094,59.349998474121094,59.349998474121094,59.349998474121094,388.0
2024-03-01 13:15:00,INGN,6.835000038146973,6.835000038146973,6.835000038146973,6.835000038146973,6.835000038146973,221.0
2024-03-01 13:15:00,INMD,22.84000015258789,22.84000015258789,22.84000015258789,22.829999923706055,22.829999923706055,2737.0
2024-03-01 13:15:00,INO,9.310199737548828,9.310199737548828,9.310199737548828,9.310199737548828,9.310199737548828,507.0
2024-03-01 13:15:00,INSM,28.459999084472656,28.459999084472656,28.459999084472656,28.450000762939453,28.450000762939453,1317.0
2024-03-01 13:15:00,INVA,15.675000190734863,15.675000190734863,15.675000190734863,15.675000190734863,15.675000190734863,300.0
2024-03-01 13:15:00,IONS,45.86000061035156,45.86000061035156,45.900001525878906,45.86000061035156,45.86000061035156,1282.0
2024-03-01 13:15:00,IOVA,17.014999389648438,17.014999389648438,17.030000686645508,16.980300903320312,16.985000610351562,72833.0
2024-03-01 13:15:00,IRTC,121.6500015258789,121.6500015258789,121.6500015258789,121.6500015258789,121.6500015258789,547.0
2024-03-01 13:15:00,IRWD,9.085000038146973,9.085000038146973,9.09000015258789,9.074999809265137,9.074999809265137,9119.0
2024-03-01 13:15:00,ISRG,396.010009765625,396.010009765625,396.010009765625,395.8999938964844,395.8999938964844,562.0
2024-03-01 13:15:00,ITCI,71.19999694824219,71.19999694824219,71.20999908447266,71.19999694824219,71.19999694824219,589.0
2024-03-01 13:15:00,ITOS,11.085000038146973,11.085000038146973,11.085000038146973,11.050000190734863,11.050000190734863,613.0
2024-03-01 13:15:00,ITRM,1.2599999904632568,1.2599999904632568,1.2599999904632568,1.2599999904632568,1.2599999904632568,191.0
2024-03-01 13:15:00,IVVD,4.014999866485596,4.014999866485596,4.019999980926514,4.010000228881836,4.010000228881836,2302.0
2024-03-01 13:15:00,JAGX,0.07890000194311142,0.07890000194311142,0.07970000058412552,0.07829999923706055,0.07960700243711472,358016.0
2024-03-01 13:15:00,JAZZ,118.77999877929688,118.77999877929688,118.80999755859375,118.75,118.75,3188.0
2024-03-01 13:15:00,KNSA,21.770000457763672,21.770000457763672,21.770000457763672,21.770000457763672,21.770000457763672,163.0
2024-03-01 13:15:00,KOD,6.09499979019165,6.09499979019165,6.09499979019165,6.09499979019165,6.09499979019165,133.0
2024-03-01 13:15:00,KPTI,1.2014000415802002,1.2014000415802002,1.2100000381469727,1.2014000415802002,1.2100000381469727,2417.0
2024-03-01 13:15:00,KRON,1.034999966621399,1.034999966621399,1.0399999618530273,1.034999966621399,1.034999966621399,1534.0
2024-03-01 13:15:00,KRYS,169.0399932861328,169.0399932861328,169.0399932861328,168.64999389648438,168.64999389648438,856.0
2024-03-01 13:15:00,KTRA,0.0982000008225441,0.0982000008225441,0.0982000008225441,0.09740000218153,0.0982000008225441,51700.0
2024-03-01 13:15:00,KURA,21.28499984741211,21.28499984741211,21.28499984741211,21.28499984741211,21.28499984741211,113.0
2024-03-01 13:15:00,KYMR,44.125,44.125,44.130001068115234,44.119998931884766,44.119998931884766,819.0
2024-03-01 13:15:00,LAB,2.5250000953674316,2.5250000953674316,2.5250000953674316,2.5250000953674316,2.5250000953674316,978.0
2024-03-01 13:15:00,LBPH,22.0,22.0,22.030000686645508,21.905000686645508,21.905000686645508,4230.0
2024-03-01 13:15:00,LEGN,66.01000213623047,66.01000213623047,66.01000213623047,66.0,66.0,805.0
2024-03-01 13:15:00,LFMD,8.0,8.0,8.010000228881836,7.989999771118164,7.989999771118164,803.0
2024-03-01 13:15:00,LFST,7.775000095367432,7.775000095367432,7.789899826049805,7.775000095367432,7.789899826049805,2990.0
2024-03-01 13:15:00,LGVN,0.5321000218391418,0.5321000218391418,0.5321000218391418,0.5321000218391418,0.5321000218391418,112.0
2024-03-01 13:15:00,LIFE,1.9400999546051025,1.9400999546051025,1.9400999546051025,1.9400999546051025,1.9400999546051025,110.0
2024-03-01 13:15:00,LIVN,55.86000061035156,55.86000061035156,55.880001068115234,55.814998626708984,55.814998626708984,3390.0
2024-03-01 13:15:00,LMAT,68.04190063476562,68.04190063476562,68.04190063476562,68.0,68.0,452.0
2024-03-01 13:15:00,LNTH,65.36000061035156,65.36000061035156,65.40499877929688,65.3550033569336,65.40499877929688,1922.0
2024-03-01 13:15:00,LQDA,14.545000076293945,14.545000076293945,14.550000190734863,14.545000076293945,14.550000190734863,1451.0
2024-03-01 13:15:00,LUMO,2.970099925994873,2.970099925994873,2.970599889755249,2.970099925994873,2.970599889755249,1008.0
2024-03-01 13:15:00,LVTX,2.9600000381469727,2.9600000381469727,2.990000009536743,2.9600000381469727,2.9711999893188477,6868.0
2024-03-01 13:15:00,LXRX,2.5250000953674316,2.5250000953674316,2.5250000953674316,2.5250000953674316,2.5250000953674316,240.0
2024-03-01 13:15:00,LYEL,3.1700000762939453,3.1700000762939453,3.174999952316284,3.1700000762939453,3.1740000247955322,7022.0
2024-03-01 13:15:00,LYRA,5.735000133514404,5.735000133514404,5.739999771118164,5.735000133514404,5.739999771118164,534.0
2024-03-01 13:15:00,MCRB,1.2000000476837158,1.2000000476837158,1.2050000429153442,1.2000000476837158,1.2050000429153442,200.0
2024-03-01 13:15:00,MDGL,251.6300048828125,251.6300048828125,251.64999389648438,251.38999938964844,251.38999938964844,1794.0
2024-03-01 13:15:00,MDRX,6.098599910736084,6.098599910736084,6.099999904632568,6.050000190734863,6.050000190734863,4078.0
2024-03-01 13:15:00,MDXG,8.675000190734863,8.675000190734863,8.675000190734863,8.670000076293945,8.670000076293945,713.0
2024-03-01 13:15:00,ME,0.5749099850654602,0.5749099850654602,0.5752000212669373,0.5745999813079834,0.5746999979019165,65501.0
2024-03-01 13:15:00,MESO,2.0299999713897705,2.0299999713897705,2.0399999618530273,2.0299999713897705,2.0399999618530273,260.0
2024-03-01 13:15:00,MGNX,19.03580093383789,19.03580093383789,19.03580093383789,19.03580093383789,19.03580093383789,1731.0
2024-03-01 13:15:00,MIRM,29.81999969482422,29.81999969482422,29.81999969482422,29.81999969482422,29.81999969482422,672.0
2024-03-01 13:15:00,MLTX,51.220001220703125,51.220001220703125,51.220001220703125,51.220001220703125,51.220001220703125,204.0
2024-03-01 13:15:00,MMSI,76.33999633789062,76.33999633789062,76.5,76.33999633789062,76.5,938.0
2024-03-01 13:15:00,MNKD,4.53000020980835,4.53000020980835,4.53000020980835,4.514999866485596,4.514999866485596,32746.0
2024-03-01 13:15:00,MNMD,6.130000114440918,6.130000114440918,6.130000114440918,6.129000186920166,6.129899978637695,907.0
2024-03-01 13:15:00,MNPR,0.8550000190734863,0.8550000190734863,0.8550000190734863,0.8495000004768372,0.8525789976119995,7788.0
2024-03-01 13:15:00,MODV,28.075000762939453,28.075000762939453,28.075000762939453,28.075000762939453,28.075000762939453,100.0
2024-03-01 13:15:00,MORF,39.54999923706055,39.54999923706055,39.54999923706055,39.54999923706055,39.54999923706055,152.0
2024-03-01 13:15:00,MREO,4.010000228881836,4.010000228881836,4.019999980926514,4.005000114440918,4.019999980926514,4331.0
2024-03-01 13:15:00,MRNA,96.38999938964844,96.38999938964844,96.44499969482422,96.36000061035156,96.36000061035156,5530.0
2024-03-01 13:15:00,MRNS,10.40999984741211,10.40999984741211,10.40999984741211,10.324999809265137,10.324999809265137,2138.0
2024-03-01 13:15:00,MRSN,5.985000133514404,5.985000133514404,5.989999771118164,5.945000171661377,5.945000171661377,3739.0
2024-03-01 13:15:00,MRUS,51.80500030517578,51.80500030517578,51.80500030517578,51.80500030517578,51.80500030517578,249.0
2024-03-01 13:15:00,MRVI,7.7230000495910645,7.7230000495910645,7.730000019073486,7.7230000495910645,7.730000019073486,962.0
2024-03-01 13:15:00,MXCT,4.769999980926514,4.769999980926514,4.769999980926514,4.769999980926514,4.769999980926514,228.0
2024-03-01 13:15:00,MYNZ,0.878000020980835,0.878000020980835,0.878000020980835,0.878000020980835,0.878000020980835,2000.0
2024-03-01 13:15:00,NARI,44.95000076293945,44.95000076293945,45.064998626708984,44.95000076293945,45.025001525878906,3709.0
2024-03-01 13:15:00,NBIX,131.27999877929688,131.27999877929688,131.27999877929688,131.14999389648438,131.2449951171875,5284.0
2024-03-01 13:15:00,NEO,16.09000015258789,16.09000015258789,16.100000381469727,16.09000015258789,16.100000381469727,1001.0
2024-03-01 13:15:00,NEPT,0.4438999891281128,0.4438999891281128,0.4487999975681305,0.4438999891281128,0.4487999975681305,1014.0
2024-03-01 13:15:00,NGM,1.5299999713897705,1.5299999713897705,1.5299999713897705,1.5299999713897705,1.5299999713897705,523.0
2024-03-01 13:15:00,NKTX,12.75,12.75,12.75,12.75,12.75,185.0
2024-03-01 13:15:00,NNOX,11.01990032196045,11.01990032196045,11.050000190734863,11.010000228881836,11.020000457763672,13347.0
2024-03-01 13:15:00,NOTV,8.15999984741211,8.15999984741211,8.15999984741211,8.149999618530273,8.149999618530273,2705.0
2024-03-01 13:15:00,NRBO,5.965000152587891,5.965000152587891,5.965000152587891,5.965000152587891,5.965000152587891,2066.0
2024-03-01 13:15:00,NRIX,13.73799991607666,13.73799991607666,13.73799991607666,13.73799991607666,13.73799991607666,1256.0
2024-03-01 13:15:00,NRSN,2.0199999809265137,2.0199999809265137,2.0199999809265137,2.0199999809265137,2.0199999809265137,452.0
2024-03-01 13:15:00,NTLA,33.36000061035156,33.36000061035156,33.36000061035156,33.34000015258789,33.34000015258789,1676.0
2024-03-01 13:15:00,NTRA,89.58000183105469,89.58000183105469,89.58000183105469,89.51000213623047,89.52999877929688,3295.0
2024-03-01 13:15:00,NUVL,88.80999755859375,88.80999755859375,88.86000061035156,88.80000305175781,88.83999633789062,3336.0
2024-03-01 13:15:00,NVAX,5.215000152587891,5.215000152587891,5.224999904632568,5.210000038146973,5.216899871826172,16089.0
2024-03-01 13:15:00,NVNO,6.239999771118164,6.239999771118164,6.309999942779541,6.239999771118164,6.300000190734863,2105.0
2024-03-01 13:15:00,OCGN,0.9456999897956848,0.9456999897956848,0.9458000063896179,0.9456999897956848,0.9456999897956848,510.0
2024-03-01 13:15:00,OCUL,10.854999542236328,10.854999542236328,10.899999618530273,10.854999542236328,10.899999618530273,7713.0
2024-03-01 13:15:00,OFIX,12.930000305175781,12.930000305175781,12.930000305175781,12.913999557495117,12.913999557495117,599.0
2024-03-01 13:15:00,OGI,2.190000057220459,2.190000057220459,2.2049999237060547,2.190000057220459,2.2049999237060547,25580.0
2024-03-01 13:15:00,OLK,22.725000381469727,22.725000381469727,22.729999542236328,22.725000381469727,22.729999542236328,857.0
2024-03-01 13:15:00,OLMA,14.5600004196167,14.5600004196167,14.5600004196167,14.5600004196167,14.5600004196167,373.0
2024-03-01 13:15:00,OM,3.130000114440918,3.130000114440918,3.130000114440918,3.130000114440918,3.130000114440918,328.0
2024-03-01 13:15:00,OMCL,26.3799991607666,26.3799991607666,26.3799991607666,26.3799991607666,26.3799991607666,403.0
2024-03-01 13:15:00,OMIC,0.5989999771118164,0.5989999771118164,0.5989999771118164,0.5989999771118164,0.5989999771118164,231.0
2024-03-01 13:15:00,ONTX,0.8050510287284851,0.8050510287284851,0.8050510287284851,0.8050510287284851,0.8050510287284851,674.0
2024-03-01 13:15:00,ONVO,1.0199999809265137,1.0199999809265137,1.0199999809265137,1.0199999809265137,1.0199999809265137,1061.0
2024-03-01 13:16:00,AADI,1.9800000190734863,1.9800000190734863,1.9900000095367432,1.9800000190734863,1.9807000160217285,790.0
2024-03-01 13:16:00,ABOS,4.688799858093262,4.688799858093262,4.688799858093262,4.688799858093262,4.688799858093262,274.0
2024-03-01 13:16:00,ABSI,5.389900207519531,5.389900207519531,5.389999866485596,5.380000114440918,5.389999866485596,8567.0
2024-03-01 13:16:00,ACAD,24.450000762939453,24.450000762939453,24.450000762939453,24.450000762939453,24.450000762939453,168.0
2024-03-01 13:16:00,ACB,3.2149999141693115,3.2149999141693115,3.2195000648498535,3.2149999141693115,3.2195000648498535,626.0
2024-03-01 13:16:00,ACCD,10.1850004196167,10.1850004196167,10.1850004196167,10.1850004196167,10.1850004196167,511.0
2024-03-01 13:16:00,ACET,2.4049999713897705,2.4049999713897705,2.4049999713897705,2.4049999713897705,2.4049999713897705,778.0
2024-03-01 13:16:00,ACHC,84.72000122070312,84.72000122070312,84.73999786376953,84.58000183105469,84.58000183105469,6418.0
2024-03-01 13:16:00,ACHV,4.340000152587891,4.340000152587891,4.340000152587891,4.335000038146973,4.340000152587891,1005.0
2024-03-01 13:16:00,ACLX,67.34500122070312,67.34500122070312,67.44999694824219,67.34500122070312,67.41999816894531,1082.0
2024-03-01 13:16:00,ACON,0.4049000144004822,0.4049000144004822,0.4074000120162964,0.4049000144004822,0.4050000011920929,3139.0
2024-03-01 13:16:00,ACRS,1.2300000190734863,1.2300000190734863,1.2300000190734863,1.2300000190734863,1.2300000190734863,120.0
2024-03-01 13:16:00,ADIL,3.1301000118255615,3.1301000118255615,3.1500000953674316,3.130000114440918,3.1403000354766846,22944.0
2024-03-01 13:16:00,ADMA,5.5,5.5,5.505000114440918,5.5,5.505000114440918,888.0
2024-03-01 13:16:00,ADPT,4.184999942779541,4.184999942779541,4.184999942779541,4.184999942779541,4.184999942779541,277.0
2024-03-01 13:16:00,ADVM,1.975000023841858,1.975000023841858,1.975000023841858,1.9700000286102295,1.9700000286102295,894.0
2024-03-01 13:16:00,AFIB,0.20509999990463257,0.20509999990463257,0.20520000159740448,0.20509999990463257,0.20509999990463257,10008.0
2024-03-01 13:16:00,AFMD,0.630299985408783,0.630299985408783,0.630299985408783,0.630299985408783,0.630299985408783,400.0
2024-03-01 13:16:00,AGEN,0.6825000047683716,0.6825000047683716,0.6825000047683716,0.6808000206947327,0.682449996471405,66200.0
2024-03-01 13:16:00,AGIO,32.935001373291016,32.935001373291016,32.935001373291016,32.93000030517578,32.93000030517578,227.0
2024-03-01 13:16:00,AHCO,10.630000114440918,10.630000114440918,10.635000228881836,10.59000015258789,10.59000015258789,4442.0
2024-03-01 13:16:00,AKAN,0.218299999833107,0.218299999833107,0.218299999833107,0.21799999475479126,0.21799999475479126,13973.0
2024-03-01 13:16:00,AKBA,1.684999942779541,1.684999942779541,1.690000057220459,1.684999942779541,1.690000057220459,4008.0
2024-03-01 13:16:00,AKLI,0.3449000120162964,0.3449000120162964,0.3449000120162964,0.3449000120162964,0.3449000120162964,1730.0
2024-03-01 13:16:00,AKRO,30.030000686645508,30.030000686645508,30.030000686645508,30.030000686645508,30.030000686645508,255.0
2024-03-01 13:16:00,ALDX,4.309999942779541,4.309999942779541,4.309999942779541,4.309999942779541,4.309999942779541,145.0
2024-03-01 13:16:00,ALEC,7.335000038146973,7.335000038146973,7.335000038146973,7.335000038146973,7.335000038146973,538.0
2024-03-01 13:16:00,ALGN,303.94500732421875,303.94500732421875,303.94500732421875,303.94500732421875,303.94500732421875,1273.0
2024-03-01 13:16:00,ALHC,5.699999809265137,5.699999809265137,5.699999809265137,5.699999809265137,5.699999809265137,110.0
2024-03-01 13:16:00,ALKS,30.229999542236328,30.229999542236328,30.239999771118164,30.225000381469727,30.225000381469727,3050.0
2024-03-01 13:16:00,ALLK,1.6200000047683716,1.6200000047683716,1.6200000047683716,1.6150000095367432,1.6200000047683716,1881.0
2024-03-01 13:16:00,ALPN,35.94499969482422,35.94499969482422,35.970001220703125,35.92499923706055,35.92499923706055,2091.0
2024-03-01 13:16:00,ALT,12.0,12.0,12.0,11.960000038146973,11.989999771118164,31587.0
2024-03-01 13:16:00,ALXO,15.020000457763672,15.020000457763672,15.020000457763672,15.020000457763672,15.020000457763672,191.0
2024-03-01 13:16:00,AMGN,280.80999755859375,280.80999755859375,280.8599853515625,280.7900085449219,280.7900085449219,1683.0
2024-03-01 13:16:00,AMLX,18.78499984741211,18.78499984741211,18.809999465942383,18.78499984741211,18.790000915527344,3161.0
2024-03-01 13:16:00,AMPH,45.45000076293945,45.45000076293945,45.45000076293945,45.420501708984375,45.420501708984375,440.0
2024-03-01 13:16:00,AMRN,1.0499999523162842,1.0499999523162842,1.0549999475479126,1.0499999523162842,1.0499999523162842,23692.0
2024-03-01 13:16:00,ANNX,6.057499885559082,6.057499885559082,6.057499885559082,6.019999980926514,6.019999980926514,6459.0
2024-03-01 13:16:00,APLS,64.92500305175781,64.92500305175781,64.92500305175781,64.92500305175781,64.92500305175781,949.0
2024-03-01 13:16:00,APLT,7.139999866485596,7.139999866485596,7.139999866485596,7.139999866485596,7.139999866485596,1565.0
2024-03-01 13:16:00,AQST,4.209700107574463,4.209700107574463,4.210000038146973,4.204999923706055,4.210000038146973,1618.0
2024-03-01 13:16:00,ARAY,2.644399881362915,2.644399881362915,2.6449999809265137,2.644399881362915,2.6449999809265137,2040.0
2024-03-01 13:16:00,ARDX,9.5,9.5,9.505000114440918,9.489999771118164,9.489999771118164,39735.0
2024-03-01 13:16:00,ARQT,11.710000038146973,11.710000038146973,11.765000343322754,11.694999694824219,11.760000228881836,15261.0
2024-03-01 13:16:00,ARVN,48.80500030517578,48.80500030517578,48.86000061035156,48.779998779296875,48.779998779296875,3420.0
2024-03-01 13:16:00,ARWR,35.619998931884766,35.619998931884766,35.68000030517578,35.6150016784668,35.650001525878906,3238.0
2024-03-01 13:16:00,ASRT,0.9254999756813049,0.9254999756813049,0.9254999756813049,0.9254999756813049,0.9254999756813049,100.0
2024-03-01 13:16:00,ATAI,2.140000104904175,2.140000104904175,2.140000104904175,2.119999885559082,2.119999885559082,14797.0
2024-03-01 13:16:00,ATEC,13.494999885559082,13.494999885559082,13.494999885559082,13.489999771118164,13.489999771118164,2120.0
2024-03-01 13:16:00,ATHA,3.994999885559082,3.994999885559082,3.994999885559082,3.994999885559082,3.994999885559082,100.0
2024-03-01 13:16:00,ATHE,1.815000057220459,1.815000057220459,1.815000057220459,1.815000057220459,1.815000057220459,175.0
2024-03-01 13:16:00,ATOS,1.0012999773025513,1.0012999773025513,1.0012999773025513,1.0012999773025513,1.0012999773025513,214.0
2024-03-01 13:16:00,ATRA,0.8075000047683716,0.8075000047683716,0.8100000023841858,0.8075000047683716,0.8100000023841858,82018.0
2024-03-01 13:16:00,ATRC,36.060001373291016,36.060001373291016,36.08000183105469,36.060001373291016,36.06999969482422,967.0
2024-03-01 13:16:00,ATXS,14.829999923706055,14.829999923706055,14.829999923706055,14.8100004196167,14.8100004196167,492.0
2024-03-01 13:16:00,AUPH,5.875,5.875,5.875,5.869999885559082,5.869999885559082,2597.0
2024-03-01 13:16:00,AUTL,6.385000228881836,6.385000228881836,6.385000228881836,6.385000228881836,6.385000228881836,100.0
2024-03-01 13:16:00,AVDL,13.1899995803833,13.1899995803833,13.1899995803833,13.069999694824219,13.069999694824219,7316.0
2024-03-01 13:16:00,AVRO,1.3600000143051147,1.3600000143051147,1.3600000143051147,1.3450000286102295,1.3450000286102295,3193.0
2024-03-01 13:16:00,AVXL,5.320000171661377,5.320000171661377,5.329999923706055,5.320000171661377,5.320000171661377,1169.0
2024-03-01 13:16:00,AXNX,67.58999633789062,67.58999633789062,67.58999633789062,67.45999908447266,67.45999908447266,2405.0
2024-03-01 13:16:00,AZN,64.67430114746094,64.67430114746094,64.69499969482422,64.67430114746094,64.69000244140625,8807.0
2024-03-01 13:16:00,AZTA,67.15499877929688,67.15499877929688,67.16000366210938,67.1500015258789,67.1500015258789,510.0
2024-03-01 13:16:00,BBIO,36.150001525878906,36.150001525878906,36.150001525878906,36.150001525878906,36.150001525878906,520.0
2024-03-01 13:16:00,BBLG,2.549999952316284,2.549999952316284,2.549999952316284,2.549999952316284,2.549999952316284,1280.0
2024-03-01 13:16:00,BCAB,2.755000114440918,2.755000114440918,2.755000114440918,2.755000114440918,2.755000114440918,1237.0
2024-03-01 13:16:00,BCRX,5.744999885559082,5.744999885559082,5.744999885559082,5.739999771118164,5.744999885559082,1268.0
2024-03-01 13:16:00,BCTX,3.559999942779541,3.559999942779541,3.559999942779541,3.559999942779541,3.559999942779541,506.0
2024-03-01 13:16:00,BDTX,5.050000190734863,5.050000190734863,5.050000190734863,5.045000076293945,5.045000076293945,716.0
2024-03-01 13:16:00,BEAM,40.13999938964844,40.13999938964844,40.16999816894531,40.119998931884766,40.119998931884766,1904.0
2024-03-01 13:16:00,BGNE,166.91000366210938,166.91000366210938,166.91000366210938,166.91000366210938,166.91000366210938,286.0
2024-03-01 13:16:00,BIIB,221.44500732421875,221.44500732421875,221.44500732421875,221.44500732421875,221.44500732421875,257.0
2024-03-01 13:16:00,BIOL,0.14159999787807465,0.14159999787807465,0.1420000046491623,0.14159999787807465,0.14180000126361847,8200.0
2024-03-01 13:16:00,BIOR,1.1115000247955322,1.1115000247955322,1.149999976158142,1.1115000247955322,1.149999976158142,949.0
2024-03-01 13:16:00,BIVI,1.9600000381469727,1.9600000381469727,2.009999990463257,1.9600000381469727,2.003999948501587,106667.0
2024-03-01 13:16:00,BLFS,18.18000030517578,18.18000030517578,18.18000030517578,18.149999618530273,18.18000030517578,673.0
2024-03-01 13:16:00,BLUE,1.597499966621399,1.597499966621399,1.597499966621399,1.5928000211715698,1.5950000286102295,3919.0
2024-03-01 13:16:00,BMEA,18.15999984741211,18.15999984741211,18.15999984741211,18.15999984741211,18.15999984741211,134.0
2024-03-01 13:16:00,BMRN,87.71499633789062,87.71499633789062,87.71499633789062,87.70999908447266,87.70999908447266,1032.0
2024-03-01 13:16:00,BNGO,1.2599999904632568,1.2599999904632568,1.2599999904632568,1.2549999952316284,1.2549999952316284,2689.0
2024-03-01 13:16:00,BNR,0.8394500017166138,0.8394500017166138,0.8394500017166138,0.8394500017166138,0.8394500017166138,100.0
2024-03-01 13:16:00,BTAI,3.194999933242798,3.194999933242798,3.194999933242798,3.194999933242798,3.194999933242798,165.0
2024-03-01 13:16:00,BTTX,0.17509999871253967,0.17509999871253967,0.17509999871253967,0.17509999871253967,0.17509999871253967,305.0
2024-03-01 13:16:00,BVS,4.760000228881836,4.760000228881836,4.760000228881836,4.760000228881836,4.760000228881836,194.0
2024-03-01 13:16:00,BWAY,6.514999866485596,6.514999866485596,6.514999866485596,6.514999866485596,6.514999866485596,100.0
2024-03-01 13:16:00,CABA,24.09000015258789,24.09000015258789,24.110000610351562,24.09000015258789,24.110000610351562,1703.0
2024-03-01 13:16:00,CALT,21.559999465942383,21.559999465942383,21.559999465942383,21.559999465942383,21.559999465942383,157.0
2024-03-01 13:16:00,CAPR,4.579999923706055,4.579999923706055,4.579999923706055,4.579999923706055,4.579999923706055,113.0
2024-03-01 13:16:00,CARA,0.9287999868392944,0.9287999868392944,0.9300000071525574,0.9136000275611877,0.9300000071525574,15698.0
2024-03-01 13:16:00,CBAY,32.23500061035156,32.23500061035156,32.2400016784668,32.23500061035156,32.23500061035156,16561.0
2024-03-01 13:16:00,CCCC,10.998800277709961,10.998800277709961,11.0,10.998800277709961,11.0,442.0
2024-03-01 13:16:00,CCRN,18.170000076293945,18.170000076293945,18.170000076293945,18.170000076293945,18.170000076293945,406.0
2024-03-01 13:16:00,CDMO,8.039999961853027,8.039999961853027,8.050000190734863,8.039999961853027,8.050000190734863,266.0
2024-03-01 13:16:00,CDNA,12.260000228881836,12.260000228881836,12.260000228881836,12.25,12.260000228881836,1366.0
2024-03-01 13:16:00,CERE,41.1150016784668,41.1150016784668,41.119998931884766,41.102500915527344,41.10660171508789,3581.0
2024-03-01 13:16:00,CERS,2.2200000286102295,2.2200000286102295,2.2200000286102295,2.2200000286102295,2.2200000286102295,303.0
2024-03-01 13:16:00,CERT,17.780000686645508,17.780000686645508,17.799999237060547,17.780000686645508,17.799999237060547,1500.0
2024-03-01 13:16:00,CGC,3.265000104904175,3.265000104904175,3.2690000534057617,3.265000104904175,3.2690000534057617,721.0
2024-03-01 13:16:00,CHRS,2.424999952316284,2.424999952316284,2.425299882888794,2.4200000762939453,2.425299882888794,1750.0
2024-03-01 13:16:00,CLDX,51.564998626708984,51.564998626708984,51.619998931884766,51.51499938964844,51.54999923706055,11371.0
2024-03-01 13:16:00,CLOV,0.864300012588501,0.864300012588501,0.8644000291824341,0.864300012588501,0.864300012588501,36885.0
2024-03-01 13:16:00,CLRB,4.179999828338623,4.179999828338623,4.190000057220459,4.173999786376953,4.173999786376953,13157.0
2024-03-01 13:16:00,CMPS,11.545000076293945,11.545000076293945,11.550000190734863,11.539999961853027,11.539999961853027,5445.0
2024-03-01 13:16:00,COGT,7.179999828338623,7.179999828338623,7.190000057220459,7.179999828338623,7.190000057220459,546.0
2024-03-01 13:16:00,COLL,36.834999084472656,36.834999084472656,36.84000015258789,36.834999084472656,36.84000015258789,465.0
2024-03-01 13:16:00,CORT,24.260000228881836,24.260000228881836,24.264999389648438,24.25,24.264999389648438,3324.0
2024-03-01 13:16:00,CPRX,17.204999923706055,17.204999923706055,17.209999084472656,17.200000762939453,17.200000762939453,2724.0
2024-03-01 13:16:00,CPSI,9.550000190734863,9.550000190734863,9.600000381469727,9.550000190734863,9.5600004196167,1798.0
2024-03-01 13:16:00,CRBU,7.940000057220459,7.940000057220459,7.949999809265137,7.940000057220459,7.949999809265137,2869.0
2024-03-01 13:16:00,CRDF,2.4498000144958496,2.4498000144958496,2.4560000896453857,2.440000057220459,2.440000057220459,11946.0
2024-03-01 13:16:00,CRNX,46.849998474121094,46.849998474121094,46.875999450683594,46.81999969482422,46.81999969482422,703.0
2024-03-01 13:16:00,CRON,2.065000057220459,2.065000057220459,2.065000057220459,2.065000057220459,2.065000057220459,100.0
2024-03-01 13:16:00,CRSP,86.08999633789062,86.08999633789062,86.08999633789062,86.08999633789062,86.08999633789062,431.0
2024-03-01 13:16:00,CTKB,8.835000038146973,8.835000038146973,8.84000015258789,8.835000038146973,8.84000015258789,955.0
2024-03-01 13:16:00,CTMX,2.6700000762939453,2.6700000762939453,2.6700000762939453,2.6449999809265137,2.6449999809265137,1707.0
2024-03-01 13:16:00,CTXR,0.7712000012397766,0.7712000012397766,0.7712000012397766,0.7710999846458435,0.7710999846458435,212.0
2024-03-01 13:16:00,CUTR,2.4000000953674316,2.4000000953674316,2.4000000953674316,2.4000000953674316,2.4000000953674316,240.0
2024-03-01 13:16:00,CYTK,73.36000061035156,73.36000061035156,73.36000061035156,73.29499816894531,73.30000305175781,1455.0
2024-03-01 13:16:00,CYTO,2.390000104904175,2.390000104904175,2.390000104904175,2.390000104904175,2.390000104904175,937.0
2024-03-01 13:16:00,DARE,0.574999988079071,0.574999988079071,0.574999988079071,0.574999988079071,0.574999988079071,4140.0
2024-03-01 13:16:00,DCGO,4.190000057220459,4.190000057220459,4.190000057220459,4.180099964141846,4.180099964141846,645.0
2024-03-01 13:16:00,DCPH,17.510000228881836,17.510000228881836,17.510000228881836,17.510000228881836,17.510000228881836,115.0
2024-03-01 13:16:00,DH,8.84000015258789,8.84000015258789,8.84000015258789,8.84000015258789,8.84000015258789,388.0
2024-03-01 13:16:00,DMTK,0.8505010008811951,0.8505010008811951,0.8505010008811951,0.8505010008811951,0.8505010008811951,250.0
2024-03-01 13:16:00,DNLI,20.770000457763672,20.770000457763672,20.799999237060547,20.770000457763672,20.799999237060547,3424.0
2024-03-01 13:16:00,DRMA,0.44600000977516174,0.44600000977516174,0.44600000977516174,0.44600000977516174,0.44600000977516174,552.0
2024-03-01 13:16:00,DRRX,1.0049999952316284,1.0049999952316284,1.0049999952316284,1.0049999952316284,1.0049999952316284,175.0
2024-03-01 13:16:00,DSGN,2.8949999809265137,2.8949999809265137,2.8949999809265137,2.8949999809265137,2.8949999809265137,126.0
2024-03-01 13:16:00,DTIL,12.4399995803833,12.4399995803833,12.4399995803833,12.39009952545166,12.4399995803833,8432.0
2024-03-01 13:16:00,DXCM,121.7300033569336,121.7300033569336,121.75,121.69999694824219,121.70999908447266,6551.0
2024-03-01 13:16:00,DYAI,1.3600000143051147,1.3600000143051147,1.3600000143051147,1.3499000072479248,1.350000023841858,7668.0
2024-03-01 13:16:00,DYN,28.549999237060547,28.549999237060547,28.549999237060547,28.549999237060547,28.549999237060547,146.0
2024-03-01 13:16:00,EDIT,10.895000457763672,10.895000457763672,10.899999618530273,10.895000457763672,10.895000457763672,746.0
2024-03-01 13:16:00,EGRX,6.739999771118164,6.739999771118164,6.75,6.730000019073486,6.75,590.0
2024-03-01 13:16:00,EIGR,6.792600154876709,6.792600154876709,6.792600154876709,6.792600154876709,6.792600154876709,202.0
2024-03-01 13:16:00,ELEV,5.050000190734863,5.050000190734863,5.059999942779541,5.03000020980835,5.039999961853027,7715.0
2024-03-01 13:16:00,EMBC,14.390000343322754,14.390000343322754,14.390000343322754,14.390000343322754,14.390000343322754,138.0
2024-03-01 13:16:00,ENTA,15.46500015258789,15.46500015258789,15.46500015258789,15.390000343322754,15.390000343322754,2662.0
2024-03-01 13:16:00,ENVB,1.5299999713897705,1.5299999713897705,1.5299999713897705,1.5,1.5290000438690186,7490.0
2024-03-01 13:16:00,EOLS,14.859999656677246,14.859999656677246,14.859999656677246,14.819999694824219,14.819999694824219,3375.0
2024-03-01 13:16:00,EQ,2.490000009536743,2.490000009536743,2.490000009536743,2.490000009536743,2.490000009536743,408.0
2024-03-01 13:16:00,ERAS,2.5,2.5,2.505000114440918,2.5,2.505000114440918,1123.0
2024-03-01 13:16:00,ESPR,2.5199999809265137,2.5199999809265137,2.5199999809265137,2.5199999809265137,2.5199999809265137,719.0
2024-03-01 13:16:00,ETNB,13.279999732971191,13.279999732971191,13.289999961853027,13.279999732971191,13.289999961853027,2489.0
2024-03-01 13:16:00,EXAS,60.36000061035156,60.36000061035156,60.36000061035156,60.310001373291016,60.310001373291016,1661.0
2024-03-01 13:16:00,EXEL,22.594999313354492,22.594999313354492,22.594999313354492,22.59000015258789,22.59000015258789,1502.0
2024-03-01 13:16:00,EYEN,2.45989990234375,2.45989990234375,2.4600000381469727,2.455699920654297,2.4600000381469727,3494.0
2024-03-01 13:16:00,EYPT,28.0,28.0,28.0,27.959999084472656,27.959999084472656,2558.0
2024-03-01 13:16:00,FATE,7.710000038146973,7.710000038146973,7.710000038146973,7.699999809265137,7.704999923706055,1564.0
2024-03-01 13:16:00,FBIO,2.3299999237060547,2.3299999237060547,2.3299999237060547,2.3299999237060547,2.3299999237060547,3237.0
2024-03-01 13:16:00,FDMT,29.427799224853516,29.427799224853516,29.427799224853516,29.420000076293945,29.420000076293945,1517.0
2024-03-01 13:16:00,FGEN,1.8799999952316284,1.8799999952316284,1.8899999856948853,1.8799999952316284,1.8899999856948853,1698.0
2024-03-01 13:16:00,FHTX,7.960000038146973,7.960000038146973,7.960000038146973,7.960000038146973,7.960000038146973,236.0
2024-03-01 13:16:00,FOLD,13.38010025024414,13.38010025024414,13.38010025024414,13.38010025024414,13.38010025024414,1000.0
2024-03-01 13:16:00,FULC,10.989999771118164,10.989999771118164,10.989999771118164,10.989999771118164,10.989999771118164,423.0
2024-03-01 13:16:00,FUSN,12.470000267028809,12.470000267028809,12.470000267028809,12.470000267028809,12.470000267028809,103.0
2024-03-01 13:16:00,FWBI,8.680000305175781,8.680000305175781,8.680000305175781,8.630000114440918,8.630000114440918,2346.0
2024-03-01 13:16:00,GBIO,2.640000104904175,2.640000104904175,2.6500000953674316,2.640000104904175,2.6465001106262207,3916.0
2024-03-01 13:16:00,GCTK,0.31200000643730164,0.31200000643730164,0.31200000643730164,0.31200000643730164,0.31200000643730164,1100.0
2024-03-01 13:16:00,GDRX,8.239999771118164,8.239999771118164,8.244999885559082,8.239999771118164,8.244999885559082,239.0
2024-03-01 13:16:00,GERN,2.2300000190734863,2.2300000190734863,2.2300000190734863,2.2200000286102295,2.2249999046325684,18827.0
2024-03-01 13:16:00,GH,19.09000015258789,19.09000015258789,19.09980010986328,19.079999923706055,19.09980010986328,581.0
2024-03-01 13:16:00,GILD,72.19499969482422,72.19499969482422,72.20500183105469,72.18499755859375,72.20500183105469,7176.0
2024-03-01 13:16:00,GLYC,3.0399999618530273,3.0399999618530273,3.0399999618530273,3.0399999618530273,3.0399999618530273,348.0
2024-03-01 13:16:00,GMAB,29.354999542236328,29.354999542236328,29.354999542236328,29.354999542236328,29.354999542236328,258.0
2024-03-01 13:16:00,GOSS,1.399999976158142,1.399999976158142,1.399999976158142,1.399999976158142,1.399999976158142,5007.0
2024-03-01 13:16:00,GRTS,2.194999933242798,2.194999933242798,2.200000047683716,2.180000066757202,2.180000066757202,4958.0
2024-03-01 13:16:00,GTHX,3.744999885559082,3.744999885559082,3.744999885559082,3.740000009536743,3.740000009536743,4890.0
2024-03-01 13:16:00,HALO,41.459999084472656,41.459999084472656,41.459999084472656,41.459999084472656,41.459999084472656,329.0
2024-03-01 13:16:00,HARP,22.945899963378906,22.945899963378906,22.945899963378906,22.945899963378906,22.945899963378906,112.0
2024-03-01 13:16:00,HBIO,4.355000019073486,4.355000019073486,4.355000019073486,4.355000019073486,4.355000019073486,103.0
2024-03-01 13:16:00,HCAT,8.145000457763672,8.145000457763672,8.149999618530273,8.145000457763672,8.149999618530273,413.0
2024-03-01 13:16:00,HCSG,12.640000343322754,12.640000343322754,12.640000343322754,12.640000343322754,12.640000343322754,216.0
2024-03-01 13:16:00,HCTI,2.4600000381469727,2.4600000381469727,2.4899001121520996,2.450000047683716,2.4700000286102295,500.0
2024-03-01 13:16:00,HOLX,74.06999969482422,74.06999969482422,74.06999969482422,74.05999755859375,74.05999755859375,625.0
2024-03-01 13:16:00,HOOK,0.7889999747276306,0.7889999747276306,0.7900000214576721,0.7889999747276306,0.7900000214576721,402.0
2024-03-01 13:16:00,HRMY,31.469999313354492,31.469999313354492,31.469999313354492,31.469999313354492,31.469999313354492,669.0
2024-03-01 13:16:00,HRTX,2.5799999237060547,2.5799999237060547,2.5810999870300293,2.5799999237060547,2.5810999870300293,6300.0
2024-03-01 13:16:00,HSIC,76.83999633789062,76.83999633789062,76.94999694824219,76.82499694824219,76.91999816894531,5274.0
2024-03-01 13:16:00,HUMA,3.384999990463257,3.384999990463257,3.389899969100952,3.380000114440918,3.3801000118255615,1419.0
2024-03-01 13:16:00,HYPR,1.1399999856948853,1.1399999856948853,1.1399999856948853,1.1299999952316284,1.1299999952316284,2495.0
2024-03-01 13:16:00,IART,36.54999923706055,36.54999923706055,36.54999923706055,36.52000045776367,36.54999923706055,837.0
2024-03-01 13:16:00,IBRX,4.775000095367432,4.775000095367432,4.775000095367432,4.769999980926514,4.769999980926514,2998.0
2024-03-01 13:16:00,ICAD,1.8899999856948853,1.8899999856948853,1.8899999856948853,1.8798999786376953,1.8899999856948853,2174.0
2024-03-01 13:16:00,ICCM,1.2999999523162842,1.2999999523162842,1.2999999523162842,1.2999999523162842,1.2999999523162842,100.0
2024-03-01 13:16:00,ICLR,323.0150146484375,323.0150146484375,323.0150146484375,323.0150146484375,323.0150146484375,310.0
2024-03-01 13:16:00,ICUI,104.93000030517578,104.93000030517578,104.93000030517578,104.8499984741211,104.8499984741211,557.0
2024-03-01 13:16:00,IDYA,46.595001220703125,46.595001220703125,46.599998474121094,46.595001220703125,46.599998474121094,519.0
2024-03-01 13:16:00,ILMN,142.33999633789062,142.33999633789062,142.33999633789062,142.33999633789062,142.33999633789062,150.0
2024-03-01 13:16:00,IMMX,3.5601000785827637,3.5601000785827637,3.565000057220459,3.5601000785827637,3.565000057220459,400.0
2024-03-01 13:16:00,IMTX,12.979999542236328,12.979999542236328,12.979999542236328,12.979999542236328,12.979999542236328,110.0
2024-03-01 13:16:00,IMUX,1.475000023841858,1.475000023841858,1.475000023841858,1.475000023841858,1.475000023841858,613.0
2024-03-01 13:16:00,INBX,36.5099983215332,36.5099983215332,36.52000045776367,36.5,36.52000045776367,2273.0
2024-03-01 13:16:00,INCY,59.36000061035156,59.36000061035156,59.36000061035156,59.345001220703125,59.345001220703125,920.0
2024-03-01 13:16:00,INGN,6.840000152587891,6.840000152587891,6.840000152587891,6.829999923706055,6.829999923706055,1752.0
2024-03-01 13:16:00,INKT,0.9298999905586243,0.9298999905586243,0.9298999905586243,0.9298999905586243,0.9298999905586243,324.0
2024-03-01 13:16:00,INMD,22.860000610351562,22.860000610351562,22.860000610351562,22.854999542236328,22.854999542236328,956.0
2024-03-01 13:16:00,INO,9.395000457763672,9.395000457763672,9.395000457763672,9.339900016784668,9.339900016784668,9852.0
2024-03-01 13:16:00,INSM,28.5,28.5,28.5,28.469999313354492,28.469999313354492,1166.0
2024-03-01 13:16:00,INVA,15.681300163269043,15.681300163269043,15.6850004196167,15.675000190734863,15.675000190734863,2226.0
2024-03-01 13:16:00,INZY,6.6859002113342285,6.6859002113342285,6.6859002113342285,6.669899940490723,6.670000076293945,3513.0
2024-03-01 13:16:00,IONS,45.93000030517578,45.93000030517578,45.93000030517578,45.93000030517578,45.93000030517578,207.0
2024-03-01 13:16:00,IOVA,17.084999084472656,17.084999084472656,17.09000015258789,17.014999389648438,17.014999389648438,54214.0
2024-03-01 13:16:00,IRWD,9.085000038146973,9.085000038146973,9.09000015258789,9.085000038146973,9.09000015258789,1552.0
2024-03-01 13:16:00,ISRG,395.92498779296875,395.92498779296875,396.010009765625,395.92498779296875,396.0,1021.0
2024-03-01 13:16:00,ITCI,71.2699966430664,71.2699966430664,71.2699966430664,71.20999908447266,71.23999786376953,441.0
2024-03-01 13:16:00,ITOS,11.050000190734863,11.050000190734863,11.050000190734863,11.050000190734863,11.050000190734863,517.0
2024-03-01 13:16:00,IVVD,4.019999980926514,4.019999980926514,4.019999980926514,4.019999980926514,4.019999980926514,183.0
2024-03-01 13:16:00,JAGX,0.07810000330209732,0.07810000330209732,0.07900000363588333,0.07750000059604645,0.07890000194311142,266872.0
2024-03-01 13:16:00,JAZZ,118.91999816894531,118.91999816894531,118.91999816894531,118.83999633789062,118.83999633789062,571.0
2024-03-01 13:16:00,KALV,14.140000343322754,14.140000343322754,14.154999732971191,14.140000343322754,14.154999732971191,419.0
2024-03-01 13:16:00,KMDA,6.369999885559082,6.369999885559082,6.396100044250488,6.369999885559082,6.396100044250488,544.0
2024-03-01 13:16:00,KNSA,21.770000457763672,21.770000457763672,21.770000457763672,21.770000457763672,21.770000457763672,254.0
2024-03-01 13:16:00,KNTE,2.5950000286102295,2.5950000286102295,2.5950000286102295,2.5940001010894775,2.5950000286102295,415.0
2024-03-01 13:16:00,KPTI,1.2050000429153442,1.2050000429153442,1.2050000429153442,1.2050000429153442,1.2050000429153442,204.0
2024-03-01 13:16:00,KROS,69.81999969482422,69.81999969482422,69.81999969482422,69.81999969482422,69.81999969482422,248.0
2024-03-01 13:16:00,KRYS,168.93499755859375,168.93499755859375,168.93499755859375,168.9199981689453,168.9199981689453,8016.0
2024-03-01 13:16:00,KTRA,0.09889999777078629,0.09889999777078629,0.09889999777078629,0.09879899770021439,0.09879899770021439,16122.0
2024-03-01 13:16:00,KURA,21.290000915527344,21.290000915527344,21.290000915527344,21.290000915527344,21.290000915527344,102.0
2024-03-01 13:16:00,KYMR,44.130001068115234,44.130001068115234,44.130001068115234,44.125,44.125,323.0
2024-03-01 13:16:00,KZR,1.0800000429153442,1.0800000429153442,1.0800000429153442,1.0750000476837158,1.0750000476837158,394.0
2024-03-01 13:16:00,LAB,2.509999990463257,2.509999990463257,2.5350000858306885,2.509999990463257,2.5299999713897705,17987.0
2024-03-01 13:16:00,LEXX,2.805000066757202,2.805000066757202,2.805000066757202,2.805000066757202,2.805000066757202,1050.0
2024-03-01 13:16:00,LFMD,8.0,8.0,8.0,7.989999771118164,7.994200229644775,700.0
2024-03-01 13:16:00,LFST,7.775000095367432,7.775000095367432,7.775000095367432,7.775000095367432,7.775000095367432,456.0
2024-03-01 13:16:00,LIAN,4.864999771118164,4.864999771118164,4.864999771118164,4.860000133514404,4.860000133514404,1106.0
2024-03-01 13:16:00,LIFE,1.9450000524520874,1.9450000524520874,1.9450000524520874,1.9450000524520874,1.9450000524520874,1012.0
2024-03-01 13:16:00,LIVN,55.89500045776367,55.89500045776367,55.89500045776367,55.88999938964844,55.88999938964844,553.0
2024-03-01 13:16:00,LMAT,68.02999877929688,68.02999877929688,68.19000244140625,68.0199966430664,68.19000244140625,473.0
2024-03-01 13:16:00,LNTH,65.33999633789062,65.33999633789062,65.36000061035156,65.33999633789062,65.36000061035156,874.0
2024-03-01 13:16:00,LQDA,14.550000190734863,14.550000190734863,14.550000190734863,14.550000190734863,14.550000190734863,556.0
2024-03-01 13:16:00,LTRN,4.574999809265137,4.574999809265137,4.574999809265137,4.574999809265137,4.574999809265137,120.0
2024-03-01 13:16:00,LUNG,9.430000305175781,9.430000305175781,9.430000305175781,9.40999984741211,9.40999984741211,315.0
2024-03-01 13:16:00,LVTX,2.930000066757202,2.930000066757202,2.9600000381469727,2.9000000953674316,2.9600000381469727,2878.0
2024-03-01 13:16:00,LXRX,2.5199999809265137,2.5199999809265137,2.529599905014038,2.5199999809265137,2.5250000953674316,1737.0
2024-03-01 13:16:00,LYEL,3.174999952316284,3.174999952316284,3.174999952316284,3.1700000762939453,3.1700000762939453,912.0
2024-03-01 13:16:00,MASI,128.33999633789062,128.33999633789062,128.33999633789062,128.33999633789062,128.33999633789062,117.0
2024-03-01 13:16:00,MASS,7.329999923706055,7.329999923706055,7.329999923706055,7.329999923706055,7.329999923706055,500.0
2024-03-01 13:16:00,MCRB,1.2000000476837158,1.2000000476837158,1.2100000381469727,1.2000000476837158,1.2100000381469727,300.0
2024-03-01 13:16:00,MDRX,6.050000190734863,6.050000190734863,6.099999904632568,6.050000190734863,6.099999904632568,9023.0
2024-03-01 13:16:00,MDXG,8.670000076293945,8.670000076293945,8.675000190734863,8.670000076293945,8.670000076293945,731.0
2024-03-01 13:16:00,MDXH,3.7214999198913574,3.7214999198913574,3.7214999198913574,3.7214999198913574,3.7214999198913574,232.0
2024-03-01 13:16:00,ME,0.5740000009536743,0.5740000009536743,0.574999988079071,0.573199987411499,0.5748999714851379,22593.0
2024-03-01 13:16:00,MIRM,29.84000015258789,29.84000015258789,29.84000015258789,29.84000015258789,29.84000015258789,130.0
2024-03-01 13:16:00,MLTX,51.220001220703125,51.220001220703125,51.220001220703125,51.220001220703125,51.220001220703125,421.0
2024-03-01 13:16:00,MNKD,4.534999847412109,4.534999847412109,4.534999847412109,4.525000095367432,4.53000020980835,25071.0
2024-03-01 13:16:00,MNMD,6.122300148010254,6.122300148010254,6.13129997253418,6.119999885559082,6.119999885559082,1389.0
2024-03-01 13:16:00,MNPR,0.8550000190734863,0.8550000190734863,0.8550000190734863,0.8529999852180481,0.8529999852180481,6000.0
2024-03-01 13:16:00,MODV,28.075000762939453,28.075000762939453,28.075000762939453,28.075000762939453,28.075000762939453,100.0
2024-03-01 13:16:00,MORF,39.54999923706055,39.54999923706055,39.54999923706055,39.54999923706055,39.54999923706055,300.0
2024-03-01 13:16:00,MREO,4.005000114440918,4.005000114440918,4.010000228881836,4.0,4.00629997253418,5067.0
2024-03-01 13:16:00,MRNA,96.37870025634766,96.37870025634766,96.37989807128906,96.37870025634766,96.37989807128906,889.0
2024-03-01 13:16:00,MRSN,5.974999904632568,5.974999904632568,5.995999813079834,5.974999904632568,5.994999885559082,1414.0
2024-03-01 13:16:00,MRUS,51.755001068115234,51.755001068115234,51.790000915527344,51.7400016784668,51.790000915527344,1464.0
2024-03-01 13:16:00,MRVI,7.735000133514404,7.735000133514404,7.735000133514404,7.730000019073486,7.730000019073486,2809.0
2024-03-01 13:16:00,MXCT,4.769999980926514,4.769999980926514,4.775000095367432,4.764999866485596,4.769999980926514,10299.0
2024-03-01 13:16:00,NARI,45.06999969482422,45.06999969482422,45.06999969482422,44.900001525878906,44.970001220703125,6315.0
2024-03-01 13:16:00,NBIX,131.25,131.25,131.25,131.25,131.25,370.0
2024-03-01 13:16:00,NEO,16.079999923706055,16.079999923706055,16.100000381469727,16.079999923706055,16.09000015258789,2835.0
2024-03-01 13:16:00,NEOG,17.360000610351562,17.360000610351562,17.360000610351562,17.344999313354492,17.350000381469727,1170.0
2024-03-01 13:16:00,NEXI,6.5,6.5,6.5,6.5,6.5,488.0
2024-03-01 13:16:00,NGM,1.5299999713897705,1.5299999713897705,1.5299999713897705,1.5299999713897705,1.5299999713897705,729.0
2024-03-01 13:16:00,NKTR,0.789900004863739,0.789900004863739,0.789900004863739,0.789900004863739,0.789900004863739,101.0
2024-03-01 13:16:00,NNOX,11.039999961853027,11.039999961853027,11.055000305175781,11.03499984741211,11.055000305175781,2159.0
2024-03-01 13:16:00,NRIX,13.760000228881836,13.760000228881836,13.760000228881836,13.75,13.75,658.0
2024-03-01 13:16:00,NRSN,2.009999990463257,2.009999990463257,2.009999990463257,2.009999990463257,2.009999990463257,498.0
2024-03-01 13:16:00,NTLA,33.36000061035156,33.36000061035156,33.36000061035156,33.349998474121094,33.36000061035156,945.0
2024-03-01 13:16:00,NTRA,89.81999969482422,89.81999969482422,89.83499908447266,89.55000305175781,89.55000305175781,20669.0
2024-03-01 13:16:00,NUTX,0.11299999803304672,0.11299999803304672,0.11344999819993973,0.11299999803304672,0.11344999819993973,580.0
2024-03-01 13:16:00,NVAX,5.239999771118164,5.239999771118164,5.239999771118164,5.211699962615967,5.218800067901611,14297.0
2024-03-01 13:16:00,NVCR,15.979999542236328,15.979999542236328,15.979999542236328,15.979999542236328,15.979999542236328,676.0
2024-03-01 13:16:00,NXTC,1.7400000095367432,1.7400000095367432,1.7400000095367432,1.7400000095367432,1.7400000095367432,200.0
2024-03-01 13:16:00,OCGN,0.9472500085830688,0.9472500085830688,0.9472500085830688,0.9458000063896179,0.9458000063896179,6113.0
2024-03-01 13:16:00,OCUL,10.850000381469727,10.850000381469727,10.859999656677246,10.850000381469727,10.850000381469727,2868.0
2024-03-01 13:16:00,OCUP,2.4800000190734863,2.4800000190734863,2.4800000190734863,2.4800000190734863,2.4800000190734863,205.0
2024-03-01 13:16:00,OFIX,12.913999557495117,12.913999557495117,12.913999557495117,12.913999557495117,12.913999557495117,273.0
2024-03-01 13:16:00,OLK,22.725000381469727,22.725000381469727,22.729999542236328,22.725000381469727,22.729999542236328,342.0
2024-03-01 13:16:00,OLMA,14.51729965209961,14.51729965209961,14.550000190734863,14.51729965209961,14.550000190734863,1259.0
2024-03-01 13:16:00,OM,3.136399984359741,3.136399984359741,3.140000104904175,3.136399984359741,3.140000104904175,1138.0
2024-03-01 13:16:00,OMCL,26.3700008392334,26.3700008392334,26.3700008392334,26.3700008392334,26.3700008392334,449.0
2024-03-01 13:17:00,ABCL,5.241000175476074,5.241000175476074,5.244999885559082,5.241000175476074,5.244999885559082,1331.0
2024-03-01 13:17:00,ABEO,7.764999866485596,7.764999866485596,7.764999866485596,7.764999866485596,7.764999866485596,101.0
2024-03-01 13:17:00,ABOS,4.679999828338623,4.679999828338623,4.679999828338623,4.679999828338623,4.679999828338623,858.0
2024-03-01 13:17:00,ABSI,5.369999885559082,5.369999885559082,5.394999980926514,5.369999885559082,5.389999866485596,11663.0
2024-03-01 13:17:00,ABUS,2.7750000953674316,2.7750000953674316,2.7750000953674316,2.7699999809265137,2.7750000953674316,2147.0
2024-03-01 13:17:00,ACAD,24.3700008392334,24.3700008392334,24.45800018310547,24.3700008392334,24.450000762939453,8466.0
2024-03-01 13:17:00,ACB,3.2200000286102295,3.2200000286102295,3.2200000286102295,3.2149999141693115,3.2149999141693115,1095.0
2024-03-01 13:17:00,ACCD,10.149999618530273,10.149999618530273,10.180000305175781,10.149999618530273,10.180000305175781,1739.0
2024-03-01 13:17:00,ACET,2.4000000953674316,2.4000000953674316,2.4049999713897705,2.4000000953674316,2.4049999713897705,3429.0
2024-03-01 13:17:00,ACHV,4.340000152587891,4.340000152587891,4.340000152587891,4.340000152587891,4.340000152587891,1300.0
2024-03-01 13:17:00,ACON,0.40380001068115234,0.40380001068115234,0.4050000011920929,0.40345099568367004,0.40345099568367004,3482.0
2024-03-01 13:17:00,ACRS,1.2300000190734863,1.2300000190734863,1.2400000095367432,1.2300000190734863,1.2300000190734863,1126.0
2024-03-01 13:17:00,ADIL,3.1700000762939453,3.1700000762939453,3.1700000762939453,3.130000114440918,3.146899938583374,27970.0
2024-03-01 13:17:00,ADMA,5.505000114440918,5.505000114440918,5.505000114440918,5.5,5.505000114440918,2809.0
2024-03-01 13:17:00,ADPT,4.175000190734863,4.175000190734863,4.179999828338623,4.175000190734863,4.179999828338623,1307.0
2024-03-01 13:17:00,ADXN,9.281299591064453,9.281299591064453,9.281299591064453,9.281299591064453,9.281299591064453,860.0
2024-03-01 13:17:00,AFMD,0.6399999856948853,0.6399999856948853,0.6399999856948853,0.6399999856948853,0.6399999856948853,1821.0
2024-03-01 13:17:00,AGEN,0.6816999912261963,0.6816999912261963,0.682699978351593,0.6815999746322632,0.6815999746322632,7267.0
2024-03-01 13:17:00,AGIO,32.900001525878906,32.900001525878906,32.939998626708984,32.900001525878906,32.93000030517578,2082.0
2024-03-01 13:17:00,AHCO,10.619999885559082,10.619999885559082,10.625,10.619999885559082,10.625,787.0
2024-03-01 13:17:00,AKAN,0.2150000035762787,0.2150000035762787,0.218299999833107,0.2150000035762787,0.21809999644756317,19840.0
2024-03-01 13:17:00,AKBA,1.6799999475479126,1.6799999475479126,1.690000057220459,1.6799999475479126,1.684999942779541,14197.0
2024-03-01 13:17:00,AKLI,0.3449000120162964,0.3449000120162964,0.3449000120162964,0.34450000524520874,0.34450000524520874,200.0
2024-03-01 13:17:00,AKRO,29.920000076293945,29.920000076293945,30.0,29.889999389648438,30.0,4387.0
2024-03-01 13:17:00,AKYA,6.0,6.0,6.0,6.0,6.0,100.0
2024-03-01 13:17:00,ALDX,4.269999980926514,4.269999980926514,4.300000190734863,4.269999980926514,4.300000190734863,5566.0
2024-03-01 13:17:00,ALEC,7.289999961853027,7.289999961853027,7.329999923706055,7.289999961853027,7.329999923706055,4095.0
2024-03-01 13:17:00,ALGN,303.9200134277344,303.9200134277344,303.9599914550781,303.9200134277344,303.9599914550781,336.0
2024-03-01 13:17:00,ALGS,1.1100000143051147,1.1100000143051147,1.1399999856948853,1.1100000143051147,1.1100000143051147,15600.0
2024-03-01 13:17:00,ALHC,5.699999809265137,5.699999809265137,5.699999809265137,5.690000057220459,5.690000057220459,4838.0
2024-03-01 13:17:00,ALKS,30.219999313354492,30.219999313354492,30.225000381469727,30.219999313354492,30.225000381469727,647.0
2024-03-01 13:17:00,ALLK,1.6150000095367432,1.6150000095367432,1.6152000427246094,1.6150000095367432,1.6152000427246094,1320.0
2024-03-01 13:17:00,ALLO,5.039999961853027,5.039999961853027,5.050000190734863,5.039999961853027,5.050000190734863,1874.0
2024-03-01 13:17:00,ALNY,154.36000061035156,154.36000061035156,154.36000061035156,154.36000061035156,154.36000061035156,792.0
2024-03-01 13:17:00,ALPN,35.939998626708984,35.939998626708984,35.939998626708984,35.92499923706055,35.93450164794922,1770.0
2024-03-01 13:17:00,ALT,12.0,12.0,12.017000198364258,12.0,12.005000114440918,7366.0
2024-03-01 13:17:00,ALVO,15.710000038146973,15.710000038146973,15.710000038146973,15.710000038146973,15.710000038146973,153.0
2024-03-01 13:17:00,ALXO,15.020000457763672,15.020000457763672,15.020000457763672,15.020000457763672,15.020000457763672,767.0
2024-03-01 13:17:00,AMED,93.30999755859375,93.30999755859375,93.32879638671875,93.30999755859375,93.32879638671875,351.0
2024-03-01 13:17:00,AMGN,280.7149963378906,280.7149963378906,280.8399963378906,280.69000244140625,280.80999755859375,3473.0
2024-03-01 13:17:00,AMLX,18.780000686645508,18.780000686645508,18.790000915527344,18.780000686645508,18.790000915527344,1877.0
2024-03-01 13:17:00,AMPH,45.45000076293945,45.45000076293945,45.45000076293945,45.45000076293945,45.45000076293945,426.0
2024-03-01 13:17:00,AMRN,1.0549999475479126,1.0549999475479126,1.0549999475479126,1.0449999570846558,1.0499999523162842,84028.0
2024-03-01 13:17:00,ANGO,5.510000228881836,5.510000228881836,5.510000228881836,5.510000228881836,5.510000228881836,2203.0
2024-03-01 13:17:00,ANIP,66.41999816894531,66.41999816894531,66.41999816894531,66.4000015258789,66.4000015258789,875.0
2024-03-01 13:17:00,ANNX,6.039999961853027,6.039999961853027,6.054999828338623,6.039999961853027,6.054999828338623,1544.0
2024-03-01 13:17:00,APDN,0.5698999762535095,0.5698999762535095,0.5698999762535095,0.5698999762535095,0.5698999762535095,100.0
2024-03-01 13:17:00,APLS,64.77999877929688,64.77999877929688,65.0,64.77999877929688,64.9800033569336,5944.0
2024-03-01 13:17:00,APLT,7.159999847412109,7.159999847412109,7.159999847412109,7.139999866485596,7.139999866485596,18570.0
2024-03-01 13:17:00,AQST,4.159999847412109,4.159999847412109,4.20989990234375,4.159999847412109,4.20989990234375,16127.0
2024-03-01 13:17:00,ARAY,2.640000104904175,2.640000104904175,2.640000104904175,2.640000104904175,2.640000104904175,224.0
2024-03-01 13:17:00,ARCT,39.95500183105469,39.95500183105469,39.970001220703125,39.95000076293945,39.970001220703125,1293.0
2024-03-01 13:17:00,ARDX,9.494999885559082,9.494999885559082,9.5,9.489999771118164,9.5,11327.0
2024-03-01 13:17:00,ARQT,11.617199897766113,11.617199897766113,11.711799621582031,11.609999656677246,11.711799621582031,8267.0
2024-03-01 13:17:00,ARVN,48.66999816894531,48.66999816894531,48.7599983215332,48.66999816894531,48.7599983215332,1454.0
2024-03-01 13:17:00,ARWR,35.494998931884766,35.494998931884766,35.59000015258789,35.47999954223633,35.59000015258789,6005.0
2024-03-01 13:17:00,ATAI,2.140000104904175,2.140000104904175,2.1401000022888184,2.140000104904175,2.140000104904175,2094.0
2024-03-01 13:17:00,ATEC,13.489999771118164,13.489999771118164,13.5,13.489999771118164,13.5,1939.0
2024-03-01 13:17:00,ATHA,3.984999895095825,3.984999895095825,3.990000009536743,3.984999895095825,3.990000009536743,1241.0
2024-03-01 13:17:00,ATRA,0.8051499724388123,0.8051499724388123,0.8084999918937683,0.8004000186920166,0.8084999918937683,118917.0
2024-03-01 13:17:00,ATRC,36.02000045776367,36.02000045776367,36.029998779296875,36.02000045776367,36.029998779296875,1787.0
2024-03-01 13:17:00,ATXS,14.800000190734863,14.800000190734863,14.84000015258789,14.800000190734863,14.84000015258789,1350.0
2024-03-01 13:17:00,AUPH,5.864999771118164,5.864999771118164,5.869999885559082,5.864999771118164,5.869999885559082,3366.0
2024-03-01 13:17:00,AUTL,6.380000114440918,6.380000114440918,6.3892998695373535,6.380000114440918,6.3892998695373535,1208.0
2024-03-01 13:17:00,AVDL,13.220000267028809,13.220000267028809,13.220000267028809,13.187800407409668,13.187800407409668,7445.0
2024-03-01 13:17:00,AVXL,5.309999942779541,5.309999942779541,5.324999809265137,5.309999942779541,5.320000171661377,2687.0
2024-03-01 13:17:00,AXNX,67.61499786376953,67.61499786376953,67.61499786376953,67.61499786376953,67.61499786376953,1021.0
2024-03-01 13:17:00,AXSM,82.26000213623047,82.26000213623047,82.26000213623047,82.26000213623047,82.26000213623047,426.0
2024-03-01 13:17:00,AZN,64.66329956054688,64.66329956054688,64.68000030517578,64.66000366210938,64.68000030517578,4735.0
2024-03-01 13:17:00,AZTA,67.12000274658203,67.12000274658203,67.12999725341797,67.12000274658203,67.12999725341797,507.0
2024-03-01 13:17:00,BBIO,36.11000061035156,36.11000061035156,36.16999816894531,36.11000061035156,36.16999816894531,1868.0
2024-03-01 13:17:00,BCAB,2.755000114440918,2.755000114440918,2.755000114440918,2.755000114440918,2.755000114440918,134.0
2024-03-01 13:17:00,BCEL,0.27000001072883606,0.27000001072883606,0.27000001072883606,0.27000001072883606,0.27000001072883606,1038.0
2024-03-01 13:17:00,BCRX,5.71999979019165,5.71999979019165,5.75,5.71999979019165,5.739999771118164,14601.0
2024-03-01 13:17:00,BDTX,5.045000076293945,5.045000076293945,5.054999828338623,5.045000076293945,5.054999828338623,826.0
2024-03-01 13:17:00,BEAM,40.06999969482422,40.06999969482422,40.13010025024414,40.060001373291016,40.130001068115234,5045.0
2024-03-01 13:17:00,BEAT,1.537600040435791,1.537600040435791,1.537600040435791,1.537600040435791,1.537600040435791,200.0
2024-03-01 13:17:00,BGXX,0.27070000767707825,0.27070000767707825,0.27070000767707825,0.27070000767707825,0.27070000767707825,319.0
2024-03-01 13:17:00,BIIB,221.3000030517578,221.3000030517578,221.56500244140625,221.27999877929688,221.44500732421875,4043.0
2024-03-01 13:17:00,BIOL,0.14159999787807465,0.14159999787807465,0.14190000295639038,0.14159999787807465,0.14190000295639038,20430.0
2024-03-01 13:17:00,BIOR,1.1201000213623047,1.1201000213623047,1.125,1.1201000213623047,1.125,1071.0
2024-03-01 13:17:00,BIVI,1.9797999858856201,1.9797999858856201,1.9996000528335571,1.9600000381469727,1.961300015449524,42991.0
2024-03-01 13:17:00,BLFS,18.15999984741211,18.15999984741211,18.15999984741211,18.15999984741211,18.15999984741211,1059.0
2024-03-01 13:17:00,BLUE,1.5950000286102295,1.5950000286102295,1.597499966621399,1.590000033378601,1.5950000286102295,1536.0
2024-03-01 13:17:00,BMEA,18.139999389648438,18.139999389648438,18.139999389648438,18.139999389648438,18.139999389648438,340.0
2024-03-01 13:17:00,BMRN,87.66999816894531,87.66999816894531,87.70999908447266,87.66999816894531,87.70999908447266,1827.0
2024-03-01 13:17:00,BNGO,1.2598999738693237,1.2598999738693237,1.2598999738693237,1.2549999952316284,1.2549999952316284,1671.0
2024-03-01 13:17:00,BNR,0.8202000260353088,0.8202000260353088,0.8202000260353088,0.8202000260353088,0.8202000260353088,100.0
2024-03-01 13:17:00,BNTX,91.62000274658203,91.62000274658203,91.79000091552734,91.62000274658203,91.79000091552734,1070.0
2024-03-01 13:17:00,BPMC,97.3550033569336,97.3550033569336,97.3550033569336,97.3550033569336,97.3550033569336,201.0
2024-03-01 13:17:00,BRKR,88.3499984741211,88.3499984741211,88.3499984741211,88.3499984741211,88.3499984741211,461.0
2024-03-01 13:17:00,BSGM,0.6669999957084656,0.6669999957084656,0.6707500219345093,0.6669999957084656,0.6707500219345093,201.0
2024-03-01 13:17:00,BTAI,3.200000047683716,3.200000047683716,3.200000047683716,3.190000057220459,3.190000057220459,3460.0
2024-03-01 13:17:00,BTTX,0.17509999871253967,0.17509999871253967,0.17949999868869781,0.17509999871253967,0.17599999904632568,16601.0
2024-03-01 13:17:00,BWAY,6.514999866485596,6.514999866485596,6.514999866485596,6.514999866485596,6.514999866485596,100.0
2024-03-01 13:17:00,CABA,24.06999969482422,24.06999969482422,24.09000015258789,24.06999969482422,24.09000015258789,2237.0
2024-03-01 13:17:00,CAPR,4.579999923706055,4.579999923706055,4.579999923706055,4.579999923706055,4.579999923706055,100.0
2024-03-01 13:17:00,CARA,0.9279999732971191,0.9279999732971191,0.9279999732971191,0.9211999773979187,0.9211999773979187,805.0
2024-03-01 13:17:00,CBAY,32.23500061035156,32.23500061035156,32.2400016784668,32.23500061035156,32.23500061035156,1811.0
2024-03-01 13:17:00,CCCC,10.960000038146973,10.960000038146973,10.989999771118164,10.960000038146973,10.989999771118164,3110.0
2024-03-01 13:17:00,CCRN,18.170000076293945,18.170000076293945,18.170000076293945,18.170000076293945,18.170000076293945,440.0
2024-03-01 13:17:00,CDMO,8.029999732971191,8.029999732971191,8.039999961853027,8.029999732971191,8.039999961853027,2154.0
2024-03-01 13:17:00,CDNA,12.229999542236328,12.229999542236328,12.270000457763672,12.229999542236328,12.255000114440918,4248.0
2024-03-01 13:17:00,CDXS,4.554999828338623,4.554999828338623,4.559999942779541,4.554999828338623,4.559999942779541,324.0
2024-03-01 13:17:00,CELC,16.25,16.25,16.31999969482422,16.25,16.299999237060547,534.0
2024-03-01 13:17:00,CERE,41.11000061035156,41.11000061035156,41.1150016784668,41.11000061035156,41.11000061035156,2239.0
2024-03-01 13:17:00,CERS,2.2200000286102295,2.2200000286102295,2.2200000286102295,2.2200000286102295,2.2200000286102295,874.0
2024-03-01 13:17:00,CERT,17.760000228881836,17.760000228881836,17.809999465942383,17.760000228881836,17.799999237060547,3300.0
2024-03-01 13:17:00,CGC,3.265000104904175,3.265000104904175,3.265000104904175,3.259999990463257,3.265000104904175,3830.0
2024-03-01 13:17:00,CGEM,18.8700008392334,18.8700008392334,18.8700008392334,18.8700008392334,18.8700008392334,101.0
2024-03-01 13:17:00,CGTX,2.0450000762939453,2.0450000762939453,2.0450000762939453,2.0450000762939453,2.0450000762939453,1109.0
2024-03-01 13:17:00,CHRS,2.4200000762939453,2.4200000762939453,2.424999952316284,2.4200000762939453,2.424999952316284,5755.0
2024-03-01 13:17:00,CING,1.350000023841858,1.350000023841858,1.350000023841858,1.350000023841858,1.350000023841858,617.0
2024-03-01 13:17:00,CLDX,51.56999969482422,51.56999969482422,51.56999969482422,51.564998626708984,51.564998626708984,1442.0
2024-03-01 13:17:00,CLOV,0.8644000291824341,0.8644000291824341,0.8644000291824341,0.864300012588501,0.864300012588501,4696.0
2024-03-01 13:17:00,CLRB,4.180600166320801,4.180600166320801,4.180600166320801,4.180600166320801,4.180600166320801,431.0
2024-03-01 13:17:00,CMPS,11.550000190734863,11.550000190734863,11.550000190734863,11.5,11.524999618530273,1562.0
2024-03-01 13:17:00,CNTA,10.930000305175781,10.930000305175781,10.949999809265137,10.899999618530273,10.949999809265137,1286.0
2024-03-01 13:17:00,COGT,7.170000076293945,7.170000076293945,7.179999828338623,7.15500020980835,7.179999828338623,9530.0
2024-03-01 13:17:00,COLL,36.83330154418945,36.83330154418945,36.83330154418945,36.83330154418945,36.83330154418945,201.0
2024-03-01 13:17:00,CORT,24.239999771118164,24.239999771118164,24.25,24.239999771118164,24.25,2802.0
2024-03-01 13:17:00,CPRX,17.209999084472656,17.209999084472656,17.21500015258789,17.209999084472656,17.21500015258789,4241.0
2024-03-01 13:17:00,CRBU,7.934999942779541,7.934999942779541,7.949999809265137,7.934999942779541,7.949999809265137,788.0
2024-03-01 13:17:00,CRDF,2.430000066757202,2.430000066757202,2.450000047683716,2.430000066757202,2.449899911880493,4553.0
2024-03-01 13:17:00,CRNX,46.880001068115234,46.880001068115234,46.880001068115234,46.83000183105469,46.84000015258789,1830.0
2024-03-01 13:17:00,CRON,2.059999942779541,2.059999942779541,2.069999933242798,2.059999942779541,2.065000057220459,2103.0
2024-03-01 13:17:00,CRSP,86.0,86.0,86.0999984741211,86.0,86.05999755859375,829.0
2024-03-01 13:17:00,CRVS,2.23009991645813,2.23009991645813,2.23009991645813,2.2300000190734863,2.2300000190734863,10896.0
2024-03-01 13:17:00,CSTL,20.15999984741211,20.15999984741211,20.18000030517578,20.15999984741211,20.18000030517578,869.0
2024-03-01 13:17:00,CTKB,8.824999809265137,8.824999809265137,8.835000038146973,8.824999809265137,8.835000038146973,2093.0
2024-03-01 13:17:00,CTMX,2.6549999713897705,2.6549999713897705,2.6600000858306885,2.6500000953674316,2.6549999713897705,20260.0
2024-03-01 13:17:00,CTXR,0.7749999761581421,0.7749999761581421,0.7749999761581421,0.7712000012397766,0.7712000012397766,420.0
2024-03-01 13:17:00,CUTR,2.390899896621704,2.390899896621704,2.390899896621704,2.390899896621704,2.390899896621704,424.0
2024-03-01 13:17:00,CYTK,73.13999938964844,73.13999938964844,73.33499908447266,73.13999938964844,73.33499908447266,11798.0
2024-03-01 13:17:00,CYTO,2.390399932861328,2.390399932861328,2.390399932861328,2.3743999004364014,2.3743999004364014,12144.0
2024-03-01 13:17:00,DAWN,17.450000762939453,17.450000762939453,17.479999542236328,17.450000762939453,17.479999542236328,2070.0
2024-03-01 13:17:00,DCGO,4.170000076293945,4.170000076293945,4.179999828338623,4.170000076293945,4.179999828338623,2368.0
2024-03-01 13:17:00,DCPH,17.4950008392334,17.4950008392334,17.510000228881836,17.4950008392334,17.5,642.0
2024-03-01 13:17:00,DERM,4.0,4.0,4.0,4.0,4.0,100.0
2024-03-01 13:17:00,DH,8.829999923706055,8.829999923706055,8.850000381469727,8.819999694824219,8.850000381469727,6163.0
2024-03-01 13:17:00,DMTK,0.8600000143051147,0.8600000143051147,0.8600000143051147,0.8551999926567078,0.8551999926567078,2262.0
2024-03-01 13:17:00,DNLI,20.709999084472656,20.709999084472656,20.770000457763672,20.709999084472656,20.770000457763672,2985.0
2024-03-01 13:17:00,DSGN,2.8949999809265137,2.8949999809265137,2.8949999809265137,2.8949999809265137,2.8949999809265137,238.0
2024-03-01 13:17:00,DTIL,12.4350004196167,12.4350004196167,12.4399995803833,12.4350004196167,12.4399995803833,653.0
2024-03-01 13:17:00,DVAX,12.885000228881836,12.885000228881836,12.895000457763672,12.885000228881836,12.895000457763672,3723.0
2024-03-01 13:17:00,DXCM,121.88999938964844,121.88999938964844,121.88999938964844,121.70999908447266,121.70999908447266,9439.0
2024-03-01 13:17:00,DYN,28.540000915527344,28.540000915527344,28.6299991607666,28.530000686645508,28.579999923706055,1144.0
2024-03-01 13:17:00,EDIT,10.869999885559082,10.869999885559082,10.895000457763672,10.869999885559082,10.895000457763672,3143.0
2024-03-01 13:17:00,EFTR,15.54990005493164,15.54990005493164,15.54990005493164,15.479999542236328,15.479999542236328,1317.0
2024-03-01 13:17:00,ELEV,5.065000057220459,5.065000057220459,5.079999923706055,5.050000190734863,5.059999942779541,5620.0
2024-03-01 13:17:00,EMBC,14.399999618530273,14.399999618530273,14.399999618530273,14.399999618530273,14.399999618530273,385.0
2024-03-01 13:17:00,ENLV,3.3101000785827637,3.3101000785827637,3.3101000785827637,3.3101000785827637,3.3101000785827637,1389.0
2024-03-01 13:17:00,ENTA,15.420100212097168,15.420100212097168,15.420100212097168,15.420100212097168,15.420100212097168,1108.0
2024-03-01 13:17:00,ENVB,1.5199999809265137,1.5199999809265137,1.5299999713897705,1.5,1.514799952507019,4897.0
2024-03-01 13:17:00,EOLS,14.885000228881836,14.885000228881836,14.899999618530273,14.869999885559082,14.869999885559082,2273.0
2024-03-01 13:17:00,EQ,2.490000009536743,2.490000009536743,2.490000009536743,2.490000009536743,2.490000009536743,494.0
2024-03-01 13:17:00,ERAS,2.505000114440918,2.505000114440918,2.505000114440918,2.5,2.5,358.0
2024-03-01 13:17:00,ESPR,2.5250000953674316,2.5250000953674316,2.5250000953674316,2.5199999809265137,2.5199999809265137,792.0
2024-03-01 13:17:00,ESTA,45.619998931884766,45.619998931884766,45.619998931884766,45.400001525878906,45.45000076293945,6197.0
2024-03-01 13:17:00,ETNB,13.220000267028809,13.220000267028809,13.28950023651123,13.220000267028809,13.28950023651123,9350.0
2024-03-01 13:17:00,EVAX,3.5188000202178955,3.5188000202178955,3.5188000202178955,3.5188000202178955,3.5188000202178955,1159.0
2024-03-01 13:17:00,EWTX,17.0,17.0,17.020000457763672,17.0,17.020000457763672,1831.0
2024-03-01 13:17:00,EXAS,60.2599983215332,60.2599983215332,60.310001373291016,60.25,60.310001373291016,1067.0
2024-03-01 13:17:00,EXEL,22.59980010986328,22.59980010986328,22.59980010986328,22.594999313354492,22.594999313354492,3205.0
2024-03-01 13:17:00,EYEN,2.4600000381469727,2.4600000381469727,2.4749999046325684,2.4600000381469727,2.4749999046325684,2753.0
2024-03-01 13:17:00,EYPT,27.985000610351562,27.985000610351562,28.010000228881836,27.985000610351562,27.985000610351562,345.0
2024-03-01 13:17:00,FATE,7.701200008392334,7.701200008392334,7.710299968719482,7.699999809265137,7.710299968719482,2989.0
2024-03-01 13:17:00,FEMY,1.7200000286102295,1.7200000286102295,1.7200000286102295,1.7200000286102295,1.7200000286102295,133.0
2024-03-01 13:17:00,FGEN,1.8600000143051147,1.8600000143051147,1.8899999856948853,1.8600000143051147,1.8899999856948853,16739.0
2024-03-01 13:17:00,FIXX,0.9298999905586243,0.9298999905586243,0.9300000071525574,0.9204999804496765,0.9300000071525574,1300.0
2024-03-01 13:17:00,FOLD,13.375,13.375,13.390000343322754,13.375,13.390000343322754,3521.0
2024-03-01 13:17:00,FULC,10.979999542236328,10.979999542236328,10.989999771118164,10.979999542236328,10.989999771118164,673.0
2024-03-01 13:17:00,FUSN,12.470000267028809,12.470000267028809,12.489999771118164,12.454999923706055,12.470000267028809,432.0
2024-03-01 13:17:00,FWBI,8.633999824523926,8.633999824523926,8.640000343322754,8.609999656677246,8.640000343322754,1481.0
2024-03-01 13:17:00,GBIO,2.630000114440918,2.630000114440918,2.640000104904175,2.630000114440918,2.640000104904175,2520.0
2024-03-01 13:17:00,GDRX,8.220000267028809,8.220000267028809,8.239999771118164,8.220000267028809,8.239999771118164,6595.0
2024-03-01 13:17:00,GERN,2.234999895095825,2.234999895095825,2.240000009536743,2.2300000190734863,2.2300000190734863,50975.0
2024-03-01 13:17:00,GH,19.049999237060547,19.049999237060547,19.079999923706055,19.030000686645508,19.079999923706055,1297.0
2024-03-01 13:17:00,GILD,72.18299865722656,72.18299865722656,72.19499969482422,72.18299865722656,72.19499969482422,2477.0
2024-03-01 13:17:00,GLTO,0.7400000095367432,0.7400000095367432,0.7400000095367432,0.7400000095367432,0.7400000095367432,106.0
2024-03-01 13:17:00,GMAB,29.3700008392334,29.3700008392334,29.3799991607666,29.360000610351562,29.360000610351562,800.0
2024-03-01 13:17:00,GMDA,0.3749000132083893,0.3749000132083893,0.3749000132083893,0.3747999966144562,0.3749000132083893,10306.0
2024-03-01 13:17:00,GRFS,7.110000133514404,7.110000133514404,7.114999771118164,7.105000019073486,7.114999771118164,1712.0
2024-03-01 13:17:00,GRPH,3.494999885559082,3.494999885559082,3.494999885559082,3.494999885559082,3.494999885559082,100.0
2024-03-01 13:17:00,GRTS,2.1900999546051025,2.1900999546051025,2.194999933242798,2.190000057220459,2.194999933242798,3972.0
2024-03-01 13:17:00,GRTX,0.23000000417232513,0.23000000417232513,0.23135000467300415,0.23000000417232513,0.23000000417232513,1509.0
2024-03-01 13:17:00,GTHX,3.744999885559082,3.744999885559082,3.75,3.744999885559082,3.75,3000.0
2024-03-01 13:17:00,HALO,41.459999084472656,41.459999084472656,41.459999084472656,41.459999084472656,41.459999084472656,449.0
2024-03-01 13:17:00,HCAT,8.125,8.125,8.149999618530273,8.119999885559082,8.149999618530273,3766.0
2024-03-01 13:17:00,HCM,15.3100004196167,15.3100004196167,15.3100004196167,15.3100004196167,15.3100004196167,165.0
2024-03-01 13:17:00,HCSG,12.635000228881836,12.635000228881836,12.640000343322754,12.630000114440918,12.640000343322754,666.0
2024-03-01 13:17:00,HCTI,2.4899001121520996,2.4899001121520996,2.4899001121520996,2.4899001121520996,2.4899001121520996,120.0
2024-03-01 13:17:00,HITI,1.7649999856948853,1.7649999856948853,1.7649999856948853,1.7649999856948853,1.7649999856948853,109.0
2024-03-01 13:17:00,HOLX,74.05999755859375,74.05999755859375,74.08000183105469,74.05999755859375,74.08000183105469,2012.0
2024-03-01 13:17:00,HOOK,0.7799999713897705,0.7799999713897705,0.7799999713897705,0.7799999713897705,0.7799999713897705,100.0
2024-03-01 13:17:00,HRMY,31.489999771118164,31.489999771118164,31.5,31.469999313354492,31.475000381469727,2332.0
2024-03-01 13:17:00,HRTX,2.5799999237060547,2.5799999237060547,2.5799999237060547,2.5799999237060547,2.5799999237060547,2385.0
2024-03-01 13:17:00,HSIC,76.80000305175781,76.80000305175781,76.81999969482422,76.79000091552734,76.80999755859375,1110.0
2024-03-01 13:17:00,HUMA,3.380000114440918,3.380000114440918,3.384999990463257,3.380000114440918,3.384999990463257,2577.0
2024-03-01 13:17:00,IART,36.47999954223633,36.47999954223633,36.5,36.470001220703125,36.5,1768.0
2024-03-01 13:17:00,IBRX,4.766499996185303,4.766499996185303,4.771699905395508,4.764999866485596,4.771200180053711,3963.0
2024-03-01 13:17:00,ICAD,1.8849999904632568,1.8849999904632568,1.909999966621399,1.8747999668121338,1.909999966621399,2499.0
2024-03-01 13:17:00,ICLR,322.8500061035156,322.8500061035156,322.8500061035156,322.8500061035156,322.8500061035156,245.0
2024-03-01 13:17:00,ICUI,104.7699966430664,104.7699966430664,104.83000183105469,104.7699966430664,104.83000183105469,724.0
2024-03-01 13:17:00,IDYA,46.57500076293945,46.57500076293945,46.595001220703125,46.57500076293945,46.595001220703125,732.0
2024-03-01 13:17:00,ILMN,142.1699981689453,142.1699981689453,142.32000732421875,142.1199951171875,142.32000732421875,3596.0
2024-03-01 13:17:00,IMMX,3.559999942779541,3.559999942779541,3.565000057220459,3.559999942779541,3.565000057220459,299.0
2024-03-01 13:17:00,IMTX,12.960000038146973,12.960000038146973,12.960000038146973,12.960000038146973,12.960000038146973,1193.0
2024-03-01 13:17:00,IMVT,36.06999969482422,36.06999969482422,36.18000030517578,36.06999969482422,36.18000030517578,3347.0
2024-03-01 13:17:00,INBX,36.560001373291016,36.560001373291016,36.560001373291016,36.5,36.5,2182.0
2024-03-01 13:17:00,INCY,59.377498626708984,59.377498626708984,59.380001068115234,59.349998474121094,59.349998474121094,3111.0
2024-03-01 13:17:00,INGN,6.835000038146973,6.835000038146973,6.835000038146973,6.835000038146973,6.835000038146973,389.0
2024-03-01 13:17:00,INMB,12.34000015258789,12.34000015258789,12.34000015258789,12.34000015258789,12.34000015258789,107.0
2024-03-01 13:17:00,INMD,22.850000381469727,22.850000381469727,22.854999542236328,22.850000381469727,22.854999542236328,1437.0
2024-03-01 13:17:00,INO,9.369999885559082,9.369999885559082,9.369999885559082,9.369999885559082,9.369999885559082,131.0
2024-03-01 13:17:00,INSM,28.459999084472656,28.459999084472656,28.479999542236328,28.459999084472656,28.479999542236328,1122.0
2024-03-01 13:17:00,INVA,15.6850004196167,15.6850004196167,15.6850004196167,15.6850004196167,15.6850004196167,147.0
2024-03-01 13:17:00,INZY,6.670000076293945,6.670000076293945,6.690000057220459,6.670000076293945,6.690000057220459,719.0
2024-03-01 13:17:00,IONS,45.875,45.875,45.91999816894531,45.869998931884766,45.91999816894531,2990.0
2024-03-01 13:17:00,IOVA,17.045000076293945,17.045000076293945,17.081199645996094,17.045000076293945,17.081199645996094,28598.0
2024-03-01 13:17:00,IRMD,41.82500076293945,41.82500076293945,41.82500076293945,41.82500076293945,41.82500076293945,127.0
2024-03-01 13:17:00,IRTC,121.71499633789062,121.71499633789062,121.71499633789062,121.6500015258789,121.6500015258789,527.0
2024-03-01 13:17:00,IRWD,9.069999694824219,9.069999694824219,9.09000015258789,9.069999694824219,9.085000038146973,16545.0
2024-03-01 13:17:00,ISRG,396.05999755859375,396.05999755859375,396.05999755859375,395.90509033203125,395.90509033203125,1933.0
2024-03-01 13:17:00,ITCI,71.15499877929688,71.15499877929688,71.2699966430664,71.15499877929688,71.23500061035156,1331.0
2024-03-01 13:17:00,IVVD,4.019999980926514,4.019999980926514,4.03000020980835,4.019999980926514,4.03000020980835,225.0
2024-03-01 13:17:00,IXHL,5.53000020980835,5.53000020980835,5.53000020980835,5.499499797821045,5.5,1176.0
2024-03-01 13:17:00,JAGX,0.07810000330209732,0.07810000330209732,0.07890000194311142,0.07729999721050262,0.07810000330209732,185670.0
2024-03-01 13:17:00,JANX,46.720001220703125,46.720001220703125,46.720001220703125,46.720001220703125,46.720001220703125,851.0
2024-03-01 13:17:00,JAZZ,118.8550033569336,118.8550033569336,118.8582992553711,118.8550033569336,118.8550033569336,393.0
2024-03-01 13:17:00,JYNT,9.970000267028809,9.970000267028809,9.970000267028809,9.930000305175781,9.970000267028809,1089.0
2024-03-01 13:17:00,KNSA,21.790000915527344,21.790000915527344,21.790000915527344,21.774999618530273,21.774999618530273,358.0
2024-03-01 13:17:00,KOD,6.079999923706055,6.079999923706055,6.09499979019165,6.058499813079834,6.09499979019165,6469.0
2024-03-01 13:17:00,KPTI,1.2100000381469727,1.2100000381469727,1.2100000381469727,1.2050000429153442,1.2050000429153442,714.0
2024-03-01 13:17:00,KRON,1.024999976158142,1.024999976158142,1.034999966621399,1.024999976158142,1.0299999713897705,13266.0
2024-03-01 13:17:00,KRYS,168.9199981689453,168.9199981689453,168.9199981689453,168.9199981689453,168.9199981689453,193.0
2024-03-01 13:17:00,KTRA,0.09889999777078629,0.09889999777078629,0.09889999777078629,0.09889999777078629,0.09889999777078629,4625.0
2024-03-01 13:17:00,KURA,21.229999542236328,21.229999542236328,21.274999618530273,21.229999542236328,21.260000228881836,2690.0
2024-03-01 13:17:00,KYMR,44.119998931884766,44.119998931884766,44.125,44.09000015258789,44.125,1211.0
2024-03-01 13:17:00,KZR,1.0800000429153442,1.0800000429153442,1.0800000429153442,1.0800000429153442,1.0800000429153442,429.0
2024-03-01 13:17:00,LAB,2.515000104904175,2.515000104904175,2.515000104904175,2.509999990463257,2.509999990463257,1990.0
2024-03-01 13:17:00,LBPH,21.940000534057617,21.940000534057617,22.010000228881836,21.940000534057617,22.010000228881836,205.0
2024-03-01 13:17:00,LEGN,66.04499816894531,66.04499816894531,66.05999755859375,66.04499816894531,66.05000305175781,699.0
2024-03-01 13:17:00,LEXX,2.799999952316284,2.799999952316284,2.805000066757202,2.79010009765625,2.79010009765625,503.0
2024-03-01 13:17:00,LFMD,8.0,8.0,8.0,8.0,8.0,216.0
2024-03-01 13:17:00,LFST,7.769999980926514,7.769999980926514,7.769999980926514,7.769999980926514,7.769999980926514,657.0
2024-03-01 13:17:00,LIAN,4.864999771118164,4.864999771118164,4.864999771118164,4.864999771118164,4.864999771118164,201.0
2024-03-01 13:17:00,LIVN,55.869998931884766,55.869998931884766,55.880001068115234,55.869998931884766,55.880001068115234,1992.0
2024-03-01 13:17:00,LMAT,67.97000122070312,67.97000122070312,68.16529846191406,67.95999908447266,68.16529846191406,1767.0
2024-03-01 13:17:00,LNTH,65.30999755859375,65.30999755859375,65.375,65.30999755859375,65.375,2416.0
2024-03-01 13:17:00,LTRN,4.5345001220703125,4.5345001220703125,4.5345001220703125,4.530099868774414,4.530099868774414,4744.0
2024-03-01 13:17:00,LVTX,2.9100000858306885,2.9100000858306885,2.9549999237060547,2.9100000858306885,2.9200000762939453,1111.0
2024-03-01 13:17:00,LXRX,2.509999990463257,2.509999990463257,2.5299999713897705,2.509999990463257,2.5299999713897705,10744.0
2024-03-01 13:17:00,LYEL,3.174999952316284,3.174999952316284,3.180000066757202,3.174999952316284,3.174999952316284,323.0
2024-03-01 13:17:00,LYRA,5.71999979019165,5.71999979019165,5.730000019073486,5.71999979019165,5.730000019073486,734.0
2024-03-01 13:17:00,MACK,14.710000038146973,14.710000038146973,14.710000038146973,14.710000038146973,14.710000038146973,228.0
2024-03-01 13:17:00,MASI,128.3300018310547,128.3300018310547,128.33999633789062,128.3300018310547,128.33999633789062,401.0
2024-03-01 13:17:00,MCRB,1.2050000429153442,1.2050000429153442,1.2050000429153442,1.2000000476837158,1.2050000429153442,514.0
2024-03-01 13:17:00,MDRX,6.050000190734863,6.050000190734863,6.050000190734863,6.039999961853027,6.039999961853027,39247.0
2024-03-01 13:17:00,MDXG,8.654999732971191,8.654999732971191,8.675000190734863,8.654999732971191,8.670000076293945,5379.0
2024-03-01 13:17:00,ME,0.5734000205993652,0.5734000205993652,0.5740000009536743,0.5733000040054321,0.5740000009536743,3419.0
2024-03-01 13:17:00,MEDS,9.081600189208984,9.081600189208984,9.081600189208984,9.081600189208984,9.081600189208984,100.0
2024-03-01 13:17:00,MGNX,19.040000915527344,19.040000915527344,19.040000915527344,19.030000686645508,19.030000686645508,648.0
2024-03-01 13:17:00,MIRM,29.799999237060547,29.799999237060547,29.799999237060547,29.799999237060547,29.799999237060547,312.0
2024-03-01 13:17:00,MLTX,51.20500183105469,51.20500183105469,51.20500183105469,51.13999938964844,51.189998626708984,2205.0
2024-03-01 13:17:00,MNKD,4.545000076293945,4.545000076293945,4.550000190734863,4.534999847412109,4.534999847412109,9751.0
2024-03-01 13:17:00,MNMD,6.119999885559082,6.119999885559082,6.119999885559082,6.119999885559082,6.119999885559082,907.0
2024-03-01 13:17:00,MNOV,1.3799999952316284,1.3799999952316284,1.3799999952316284,1.3799999952316284,1.3799999952316284,100.0
2024-03-01 13:17:00,MNPR,0.8565000295639038,0.8565000295639038,0.8600000143051147,0.8531000018119812,0.8550000190734863,16685.0
2024-03-01 13:17:00,MODV,28.075000762939453,28.075000762939453,28.075000762939453,28.075000762939453,28.075000762939453,1081.0
2024-03-01 13:17:00,MOR,17.579999923706055,17.579999923706055,17.579999923706055,17.579999923706055,17.579999923706055,4859.0
2024-03-01 13:17:00,MORF,39.45000076293945,39.45000076293945,39.52000045776367,39.45000076293945,39.52000045776367,1403.0
2024-03-01 13:17:00,MREO,3.984999895095825,3.984999895095825,4.005000114440918,3.984999895095825,4.005000114440918,4936.0
2024-03-01 13:17:00,MRNA,96.16000366210938,96.16000366210938,96.37000274658203,96.16000366210938,96.37000274658203,12200.0
2024-03-01 13:17:00,MRNS,10.399999618530273,10.399999618530273,10.418000221252441,10.380000114440918,10.399999618530273,4738.0
2024-03-01 13:17:00,MRSN,5.96999979019165,5.96999979019165,5.974999904632568,5.965000152587891,5.974999904632568,3061.0
2024-03-01 13:17:00,MRUS,51.70500183105469,51.70500183105469,51.755001068115234,51.70500183105469,51.755001068115234,950.0
2024-03-01 13:17:00,MRVI,7.710000038146973,7.710000038146973,7.735000133514404,7.710000038146973,7.735000133514404,2119.0
2024-03-01 13:17:00,MXCT,4.769999980926514,4.769999980926514,4.769999980926514,4.769999980926514,4.769999980926514,1002.0
2024-03-01 13:17:00,MYGN,21.829999923706055,21.829999923706055,21.84000015258789,21.81999969482422,21.829999923706055,913.0
2024-03-01 13:17:00,NARI,44.970001220703125,44.970001220703125,45.040000915527344,44.93000030517578,45.029998779296875,4580.0
2024-03-01 13:17:00,NBIX,131.44000244140625,131.44000244140625,131.44000244140625,131.3000030517578,131.3000030517578,2786.0
2024-03-01 13:17:00,NEO,16.045000076293945,16.045000076293945,16.06999969482422,16.045000076293945,16.06999969482422,1438.0
2024-03-01 13:17:00,NEOG,17.334999084472656,17.334999084472656,17.360000610351562,17.334999084472656,17.360000610351562,2378.0
2024-03-01 13:17:00,NEPT,0.4399999976158142,0.4399999976158142,0.4438999891281128,0.4399999976158142,0.4438999891281128,692.0
2024-03-01 13:17:00,NKTX,12.744000434875488,12.744000434875488,12.744000434875488,12.729999542236328,12.729999542236328,1117.0
2024-03-01 13:17:00,NNOX,11.010000228881836,11.010000228881836,11.029999732971191,11.010000228881836,11.029999732971191,1104.0
2024-03-01 13:17:00,NPCE,16.729999542236328,16.729999542236328,16.729999542236328,16.729999542236328,16.729999542236328,211.0
2024-03-01 13:17:00,NRIX,13.734999656677246,13.734999656677246,13.779999732971191,13.729999542236328,13.762900352478027,4631.0
2024-03-01 13:17:00,NRXP,0.4185999929904938,0.4185999929904938,0.4187000095844269,0.4185999929904938,0.4187000095844269,450.0
2024-03-01 13:17:00,NTLA,33.29999923706055,33.29999923706055,33.349998474121094,33.29999923706055,33.349998474121094,4260.0
2024-03-01 13:17:00,NTRA,89.83000183105469,89.83000183105469,89.87999725341797,89.77999877929688,89.87999725341797,6276.0
2024-03-01 13:17:00,NUTX,0.11344999819993973,0.11344999819993973,0.11344999819993973,0.11344999819993973,0.11344999819993973,281.0
2024-03-01 13:17:00,NUVL,88.70999908447266,88.70999908447266,88.70999908447266,88.70999908447266,88.70999908447266,339.0
2024-03-01 13:17:00,NUWE,0.5770000219345093,0.5770000219345093,0.5770000219345093,0.5770000219345093,0.5770000219345093,2600.0
2024-03-01 13:17:00,NVAX,5.224999904632568,5.224999904632568,5.239999771118164,5.21999979019165,5.235000133514404,60282.0
2024-03-01 13:17:00,NVCR,15.960000038146973,15.960000038146973,15.970000267028809,15.960000038146973,15.970000267028809,1205.0
2024-03-01 13:17:00,NVOS,0.6299999952316284,0.6299999952316284,0.6299999952316284,0.6299999952316284,0.6299999952316284,490.0
2024-03-01 13:17:00,OCGN,0.9472500085830688,0.9472500085830688,0.9472500085830688,0.9458010196685791,0.9459999799728394,603.0
2024-03-01 13:17:00,OCUL,10.854999542236328,10.854999542236328,10.85990047454834,10.835000038146973,10.85990047454834,8367.0
2024-03-01 13:17:00,OGI,2.200000047683716,2.200000047683716,2.200000047683716,2.194999933242798,2.194999933242798,1205.0
2024-03-01 13:17:00,OLK,22.735000610351562,22.735000610351562,22.735000610351562,22.735000610351562,22.735000610351562,186.0
2024-03-01 13:17:00,OLMA,14.625,14.625,14.649999618530273,14.545000076293945,14.5600004196167,3463.0
2024-03-01 13:17:00,OM,3.119999885559082,3.119999885559082,3.130000114440918,3.119999885559082,3.130000114440918,888.0
2024-03-01 13:17:00,OMCL,26.34000015258789,26.34000015258789,26.3799991607666,26.34000015258789,26.3799991607666,987.0
2024-03-01 13:17:00,OMGA,4.239999771118164,4.239999771118164,4.25,4.239999771118164,4.239999771118164,333.0
2024-03-01 13:17:00,ONCY,1.1401000022888184,1.1401000022888184,1.1401000022888184,1.1401000022888184,1.1401000022888184,100.0
2024-03-01 13:18:00,AADI,1.9900000095367432,1.9900000095367432,1.9900000095367432,1.9900000095367432,1.9900000095367432,253.0
2024-03-01 13:18:00,ABCL,5.230000019073486,5.230000019073486,5.239999771118164,5.230000019073486,5.239999771118164,3058.0
2024-03-01 13:18:00,ABSI,5.375,5.375,5.379899978637695,5.369999885559082,5.369999885559082,7617.0
2024-03-01 13:18:00,ABUS,2.7750000953674316,2.7750000953674316,2.7750000953674316,2.7699999809265137,2.7699999809265137,688.0
2024-03-01 13:18:00,ACAD,24.34000015258789,24.34000015258789,24.34000015258789,24.34000015258789,24.34000015258789,1199.0
2024-03-01 13:18:00,ACB,3.2095000743865967,3.2095000743865967,3.2197000980377197,3.2049999237060547,3.2197000980377197,1833.0
2024-03-01 13:18:00,ACET,2.3949999809265137,2.3949999809265137,2.3949999809265137,2.3949999809265137,2.3949999809265137,200.0
2024-03-01 13:18:00,ACHV,4.340000152587891,4.340000152587891,4.340000152587891,4.340000152587891,4.340000152587891,228.0
2024-03-01 13:18:00,ACON,0.4009999930858612,0.4009999930858612,0.4009999930858612,0.4009999930858612,0.4009999930858612,700.0
2024-03-01 13:18:00,ACRS,1.2350000143051147,1.2350000143051147,1.2400000095367432,1.2350000143051147,1.2400000095367432,326.0
2024-03-01 13:18:00,ADAP,1.6299999952316284,1.6299999952316284,1.6299999952316284,1.6114000082015991,1.6114000082015991,8943.0
2024-03-01 13:18:00,ADIL,3.194999933242798,3.194999933242798,3.200000047683716,3.1600000858306885,3.180000066757202,49618.0
2024-03-01 13:18:00,ADMA,5.505000114440918,5.505000114440918,5.510000228881836,5.5,5.5,9464.0
2024-03-01 13:18:00,ADPT,4.164999961853027,4.164999961853027,4.170000076293945,4.164999961853027,4.170000076293945,629.0
2024-03-01 13:18:00,ADVM,1.9700000286102295,1.9700000286102295,1.9700000286102295,1.9700000286102295,1.9700000286102295,5766.0
2024-03-01 13:18:00,AFMD,0.6399999856948853,0.6399999856948853,0.6399999856948853,0.6399999856948853,0.6399999856948853,100.0
2024-03-01 13:18:00,AGEN,0.6816999912261963,0.6816999912261963,0.6816999912261963,0.6816999912261963,0.6816999912261963,400.0
2024-03-01 13:18:00,AGIO,32.880001068115234,32.880001068115234,32.880001068115234,32.86000061035156,32.880001068115234,651.0
2024-03-01 13:18:00,AGRX,0.839900016784668,0.839900016784668,0.839900016784668,0.839900016784668,0.839900016784668,120.0
2024-03-01 13:18:00,AHCO,10.600000381469727,10.600000381469727,10.609999656677246,10.600000381469727,10.609999656677246,1709.0
2024-03-01 13:18:00,AIRS,6.400000095367432,6.400000095367432,6.425000190734863,6.400000095367432,6.425000190734863,551.0
2024-03-01 13:18:00,AKAN,0.2150000035762787,0.2150000035762787,0.2150000035762787,0.2150000035762787,0.2150000035762787,2680.0
2024-03-01 13:18:00,AKBA,1.684999942779541,1.684999942779541,1.684999942779541,1.684999942779541,1.684999942779541,855.0
2024-03-01 13:18:00,AKRO,29.8700008392334,29.8700008392334,29.899999618530273,29.8700008392334,29.899999618530273,1151.0
2024-03-01 13:18:00,AKYA,6.028500080108643,6.028500080108643,6.028500080108643,6.0,6.028500080108643,300.0
2024-03-01 13:18:00,ALDX,4.28000020980835,4.28000020980835,4.28000020980835,4.275000095367432,4.275000095367432,1162.0
2024-03-01 13:18:00,ALGN,303.9200134277344,303.9200134277344,303.9200134277344,303.9200134277344,303.9200134277344,623.0
2024-03-01 13:18:00,ALGS,1.1100000143051147,1.1100000143051147,1.1100000143051147,1.1100000143051147,1.1100000143051147,101.0
2024-03-01 13:18:00,ALHC,5.695000171661377,5.695000171661377,5.699999809265137,5.690000057220459,5.690000057220459,5574.0
2024-03-01 13:18:00,ALKS,30.208599090576172,30.208599090576172,30.208599090576172,30.208599090576172,30.208599090576172,238.0
2024-03-01 13:18:00,ALLK,1.6150000095367432,1.6150000095367432,1.6200000047683716,1.6150000095367432,1.6150000095367432,1048.0
2024-03-01 13:18:00,ALLO,5.03000020980835,5.03000020980835,5.039999961853027,5.03000020980835,5.039999961853027,1986.0
2024-03-01 13:18:00,ALPN,35.904998779296875,35.904998779296875,35.92499923706055,35.900001525878906,35.92499923706055,1606.0
2024-03-01 13:18:00,ALRN,5.144999980926514,5.144999980926514,5.144999980926514,5.144999980926514,5.144999980926514,242.0
2024-03-01 13:18:00,ALT,12.020000457763672,12.020000457763672,12.020000457763672,12.0,12.0,1950.0
2024-03-01 13:18:00,ALVR,0.7538999915122986,0.7538999915122986,0.7555999755859375,0.7538999915122986,0.7555999755859375,1557.0
2024-03-01 13:18:00,AMGN,280.7699890136719,280.7699890136719,280.82000732421875,280.7200012207031,280.7898864746094,3060.0
2024-03-01 13:18:00,AMLX,18.780000686645508,18.780000686645508,18.78499984741211,18.780000686645508,18.78499984741211,731.0
2024-03-01 13:18:00,AMPH,45.38999938964844,45.38999938964844,45.45000076293945,45.380001068115234,45.45000076293945,3925.0
2024-03-01 13:18:00,AMRN,1.0499999523162842,1.0499999523162842,1.0549999475479126,1.0449999570846558,1.0499999523162842,48409.0
2024-03-01 13:18:00,ANAB,25.399999618530273,25.399999618530273,25.399999618530273,25.399999618530273,25.399999618530273,100.0
2024-03-01 13:18:00,ANIP,66.16500091552734,66.16500091552734,66.31500244140625,66.16500091552734,66.2300033569336,1287.0
2024-03-01 13:18:00,ANNX,6.050000190734863,6.050000190734863,6.050000190734863,6.019999980926514,6.019999980926514,330.0
2024-03-01 13:18:00,APLS,64.72000122070312,64.72000122070312,64.73999786376953,64.68000030517578,64.73999786376953,2147.0
2024-03-01 13:18:00,AQST,4.15500020980835,4.15500020980835,4.159999847412109,4.140600204467773,4.1595001220703125,2603.0
2024-03-01 13:18:00,ARDX,9.470000267028809,9.470000267028809,9.5,9.470000267028809,9.489999771118164,25253.0
2024-03-01 13:18:00,ARGX,392.9949951171875,392.9949951171875,392.9949951171875,392.9949951171875,392.9949951171875,342.0
2024-03-01 13:18:00,ARQT,11.604999542236328,11.604999542236328,11.625,11.5600004196167,11.619999885559082,18466.0
2024-03-01 13:18:00,ARVN,48.582298278808594,48.582298278808594,48.599998474121094,48.58000183105469,48.599998474121094,843.0
2024-03-01 13:18:00,ARWR,35.494998931884766,35.494998931884766,35.494998931884766,35.494998931884766,35.494998931884766,296.0
2024-03-01 13:18:00,ASLN,0.7450000047683716,0.7450000047683716,0.7599999904632568,0.7450000047683716,0.7599999904632568,6953.0
2024-03-01 13:18:00,ASND,152.1699981689453,152.1699981689453,152.1999969482422,151.97000122070312,152.1999969482422,616.0
2024-03-01 13:18:00,ASRT,0.9294000267982483,0.9294000267982483,0.9294000267982483,0.9294000267982483,0.9294000267982483,102.0
2024-03-01 13:18:00,ATAI,2.1435000896453857,2.1435000896453857,2.1500000953674316,2.140000104904175,2.140000104904175,2400.0
2024-03-01 13:18:00,ATEC,13.484999656677246,13.484999656677246,13.484999656677246,13.484999656677246,13.484999656677246,200.0
2024-03-01 13:18:00,ATRA,0.8051499724388123,0.8051499724388123,0.8098999857902527,0.8004000186920166,0.8004000186920166,15494.0
2024-03-01 13:18:00,ATXS,14.779999732971191,14.779999732971191,14.800000190734863,14.779999732971191,14.800000190734863,1006.0
2024-03-01 13:18:00,AUGX,4.570000171661377,4.570000171661377,4.570000171661377,4.559999942779541,4.559999942779541,312.0
2024-03-01 13:18:00,AUPH,5.864999771118164,5.864999771118164,5.864999771118164,5.864999771118164,5.864999771118164,402.0
2024-03-01 13:18:00,AURA,9.27750015258789,9.27750015258789,9.27750015258789,9.27750015258789,9.27750015258789,235.0
2024-03-01 13:18:00,AUTL,6.380000114440918,6.380000114440918,6.380000114440918,6.380000114440918,6.380000114440918,200.0
2024-03-01 13:18:00,AVDL,13.199999809265137,13.199999809265137,13.25,13.199999809265137,13.220000267028809,7071.0
2024-03-01 13:18:00,AVXL,5.300000190734863,5.300000190734863,5.309999942779541,5.300000190734863,5.309999942779541,2038.0
2024-03-01 13:18:00,AXGN,10.520000457763672,10.520000457763672,10.520000457763672,10.520000457763672,10.520000457763672,3037.0
2024-03-01 13:18:00,AXSM,82.26000213623047,82.26000213623047,82.26000213623047,82.26000213623047,82.26000213623047,148.0
2024-03-01 13:18:00,AZN,64.63999938964844,64.63999938964844,64.66000366210938,64.63999938964844,64.66000366210938,6404.0
2024-03-01 13:18:00,AZTA,67.11000061035156,67.11000061035156,67.11000061035156,67.11000061035156,67.11000061035156,106.0
2024-03-01 13:18:00,BBIO,36.040000915527344,36.040000915527344,36.060001373291016,36.040000915527344,36.060001373291016,766.0
2024-03-01 13:18:00,BBLG,2.5250000953674316,2.5250000953674316,2.549999952316284,2.505000114440918,2.5499000549316406,2511.0
2024-03-01 13:18:00,BCAB,2.755000114440918,2.755000114440918,2.755000114440918,2.755000114440918,2.755000114440918,500.0
2024-03-01 13:18:00,BCRX,5.699999809265137,5.699999809265137,5.71999979019165,5.699999809265137,5.71999979019165,4918.0
2024-03-01 13:18:00,BCYC,26.18000030517578,26.18000030517578,26.18000030517578,26.18000030517578,26.18000030517578,238.0
2024-03-01 13:18:00,BDTX,5.025000095367432,5.025000095367432,5.039999961853027,5.025000095367432,5.039999961853027,3718.0
2024-03-01 13:18:00,BEAM,40.03499984741211,40.03499984741211,40.03499984741211,40.03499984741211,40.03499984741211,100.0
2024-03-01 13:18:00,BGNE,166.58999633789062,166.58999633789062,166.63999938964844,166.5,166.63999938964844,1177.0
2024-03-01 13:18:00,BGXX,0.27070000767707825,0.27070000767707825,0.27070000767707825,0.27070000767707825,0.27070000767707825,707.0
2024-03-01 13:18:00,BIIB,221.42999267578125,221.42999267578125,221.42999267578125,221.33999633789062,221.33999633789062,476.0
2024-03-01 13:18:00,BIOL,0.14010000228881836,0.14010000228881836,0.1421000063419342,0.14010000228881836,0.14010000228881836,9282.0
2024-03-01 13:18:00,BIVI,1.9799000024795532,1.9799000024795532,2.0,1.9700000286102295,1.9772000312805176,52911.0
2024-03-01 13:18:00,BLFS,18.139999389648438,18.139999389648438,18.149999618530273,18.139999389648438,18.149999618530273,381.0
2024-03-01 13:18:00,BLUE,1.590000033378601,1.590000033378601,1.597499966621399,1.590000033378601,1.597499966621399,2507.0
2024-03-01 13:18:00,BMRN,87.6050033569336,87.6050033569336,87.63999938964844,87.5999984741211,87.63999938964844,1511.0
2024-03-01 13:18:00,BNGO,1.2598999738693237,1.2598999738693237,1.2599999904632568,1.25,1.2549999952316284,1129.0
2024-03-01 13:18:00,BOLT,1.190000057220459,1.190000057220459,1.2000000476837158,1.190000057220459,1.2000000476837158,1011.0
2024-03-01 13:18:00,BPMC,97.36000061035156,97.36000061035156,97.36000061035156,97.36000061035156,97.36000061035156,334.0
2024-03-01 13:18:00,BPTS,0.460099995136261,0.460099995136261,0.460099995136261,0.460099995136261,0.460099995136261,489.0
2024-03-01 13:18:00,BRKR,88.31999969482422,88.31999969482422,88.31999969482422,88.31999969482422,88.31999969482422,480.0
2024-03-01 13:18:00,BSGM,0.6707500219345093,0.6707500219345093,0.6707500219345093,0.6707500219345093,0.6707500219345093,221.0
2024-03-01 13:18:00,BWAY,6.514999866485596,6.514999866485596,6.514999866485596,6.514999866485596,6.514999866485596,100.0
2024-03-01 13:18:00,CABA,24.1299991607666,24.1299991607666,24.1299991607666,24.049999237060547,24.065000534057617,34344.0
2024-03-01 13:18:00,CADL,1.7200000286102295,1.7200000286102295,1.7200000286102295,1.7200000286102295,1.7200000286102295,2447.0
2024-03-01 13:18:00,CBAY,32.23500061035156,32.23500061035156,32.2400016784668,32.23500061035156,32.2400016784668,1875.0
2024-03-01 13:18:00,CCCC,10.96500015258789,10.96500015258789,10.96500015258789,10.96500015258789,10.96500015258789,229.0
2024-03-01 13:18:00,CCRN,18.170000076293945,18.170000076293945,18.170000076293945,18.170000076293945,18.170000076293945,186.0
2024-03-01 13:18:00,CDMO,8.020000457763672,8.020000457763672,8.024999618530273,8.010000228881836,8.020000457763672,51469.0
2024-03-01 13:18:00,CDNA,12.220000267028809,12.220000267028809,12.229999542236328,12.210000038146973,12.220000267028809,2459.0
2024-03-01 13:18:00,CDXS,4.554999828338623,4.554999828338623,4.559999942779541,4.550000190734863,4.550000190734863,696.0
2024-03-01 13:18:00,CELU,3.5,3.5,3.5,3.5,3.5,288.0
2024-03-01 13:18:00,CERE,41.10499954223633,41.10499954223633,41.10499954223633,41.10499954223633,41.10499954223633,231.0
2024-03-01 13:18:00,CGC,3.260200023651123,3.260200023651123,3.260200023651123,3.260200023651123,3.260200023651123,924.0
2024-03-01 13:18:00,CGEM,18.825000762939453,18.825000762939453,18.860000610351562,18.825000762939453,18.850000381469727,1469.0
2024-03-01 13:18:00,CHRS,2.4189999103546143,2.4189999103546143,2.4189999103546143,2.4100000858306885,2.4149999618530273,5432.0
2024-03-01 13:18:00,CLDX,51.529998779296875,51.529998779296875,51.56999969482422,51.4900016784668,51.56999969482422,6381.0
2024-03-01 13:18:00,CLNN,0.39500001072883606,0.39500001072883606,0.39500001072883606,0.39500001072883606,0.39500001072883606,380.0
2024-03-01 13:18:00,CLOV,0.8644000291824341,0.8644000291824341,0.8644000291824341,0.864300012588501,0.864300012588501,3257.0
2024-03-01 13:18:00,CLRB,4.170000076293945,4.170000076293945,4.171000003814697,4.159999847412109,4.171000003814697,5213.0
2024-03-01 13:18:00,CMPS,11.449999809265137,11.449999809265137,11.555000305175781,11.449999809265137,11.529999732971191,2647.0
2024-03-01 13:18:00,CMRX,1.1749999523162842,1.1749999523162842,1.1749999523162842,1.1749999523162842,1.1749999523162842,100.0
2024-03-01 13:18:00,CNSP,0.32725998759269714,0.32725998759269714,0.32725998759269714,0.32725998759269714,0.32725998759269714,709.0
2024-03-01 13:18:00,COGT,7.170000076293945,7.170000076293945,7.170000076293945,7.164999961853027,7.164999961853027,1584.0
2024-03-01 13:18:00,COLL,36.84000015258789,36.84000015258789,36.84000015258789,36.84000015258789,36.84000015258789,130.0
2024-03-01 13:18:00,CORT,24.290000915527344,24.290000915527344,24.290000915527344,24.239999771118164,24.239999771118164,2112.0
2024-03-01 13:18:00,CPSI,9.550000190734863,9.550000190734863,9.550000190734863,9.550000190734863,9.550000190734863,257.0
2024-03-01 13:18:00,CRBU,7.925000190734863,7.925000190734863,7.929999828338623,7.920000076293945,7.929999828338623,1139.0
2024-03-01 13:18:00,CRDF,2.4298999309539795,2.4298999309539795,2.4298999309539795,2.4200000762939453,2.42930006980896,9665.0
2024-03-01 13:18:00,CRDL,1.9299999475479126,1.9299999475479126,1.9299999475479126,1.9299999475479126,1.9299999475479126,125.0
2024-03-01 13:18:00,CRMD,3.7100000381469727,3.7100000381469727,3.7100000381469727,3.7100000381469727,3.7100000381469727,1565.0
2024-03-01 13:18:00,CRNX,46.880001068115234,46.880001068115234,46.880001068115234,46.880001068115234,46.880001068115234,286.0
2024-03-01 13:18:00,CRON,2.059999942779541,2.059999942779541,2.065000057220459,2.059999942779541,2.065000057220459,443.0
2024-03-01 13:18:00,CRSP,85.9800033569336,85.9800033569336,86.0,85.94999694824219,86.0,770.0
2024-03-01 13:18:00,CRVS,2.210099935531616,2.210099935531616,2.2200000286102295,2.210099935531616,2.2200000286102295,1587.0
2024-03-01 13:18:00,CSTL,20.1299991607666,20.1299991607666,20.1299991607666,20.1299991607666,20.1299991607666,615.0
2024-03-01 13:18:00,CTMX,2.6549999713897705,2.6549999713897705,2.6600000858306885,2.6500000953674316,2.6600000858306885,1689.0
2024-03-01 13:18:00,CTXR,0.7712000012397766,0.7712000012397766,0.7712000012397766,0.7712000012397766,0.7712000012397766,512.0
2024-03-01 13:18:00,CUTR,2.4100000858306885,2.4100000858306885,2.4100000858306885,2.4100000858306885,2.4100000858306885,140.0
2024-03-01 13:18:00,CYTK,73.11750030517578,73.11750030517578,73.13999938964844,73.11750030517578,73.13999938964844,816.0
2024-03-01 13:18:00,DAWN,17.420000076293945,17.420000076293945,17.420000076293945,17.420000076293945,17.420000076293945,536.0
2024-03-01 13:18:00,DCGO,4.159999847412109,4.159999847412109,4.170000076293945,4.159999847412109,4.170000076293945,3814.0
2024-03-01 13:18:00,DCPH,17.475000381469727,17.475000381469727,17.4950008392334,17.475000381469727,17.479999542236328,1887.0
2024-03-01 13:18:00,DH,8.8100004196167,8.8100004196167,8.819999694824219,8.779999732971191,8.8100004196167,4806.0
2024-03-01 13:18:00,DMTK,0.8600000143051147,0.8600000143051147,0.8600000143051147,0.8600000143051147,0.8600000143051147,1004.0
2024-03-01 13:18:00,DNLI,20.704999923706055,20.704999923706055,20.709999084472656,20.700000762939453,20.709999084472656,636.0
2024-03-01 13:18:00,DRRX,1.0049999952316284,1.0049999952316284,1.0049999952316284,1.0049999952316284,1.0049999952316284,108.0
2024-03-01 13:18:00,DTIL,12.414999961853027,12.414999961853027,12.4350004196167,12.414999961853027,12.414999961853027,1080.0
2024-03-01 13:18:00,DVAX,12.888999938964844,12.888999938964844,12.888999938964844,12.888999938964844,12.888999938964844,333.0
2024-03-01 13:18:00,DXCM,121.86000061035156,121.86000061035156,121.88999938964844,121.83000183105469,121.87000274658203,5814.0
2024-03-01 13:18:00,DYN,28.520000457763672,28.520000457763672,28.530000686645508,28.469999313354492,28.530000686645508,1149.0
2024-03-01 13:18:00,EDIT,10.829999923706055,10.829999923706055,10.856599807739258,10.829999923706055,10.856599807739258,5175.0
2024-03-01 13:18:00,EFTR,15.5,15.5,15.550000190734863,15.4975004196167,15.4975004196167,1903.0
2024-03-01 13:18:00,EGRX,6.75,6.75,6.75,6.75,6.75,444.0
2024-03-01 13:18:00,ELEV,5.070000171661377,5.070000171661377,5.070000171661377,5.059999942779541,5.070000171661377,1602.0
2024-03-01 13:18:00,EMBC,14.390000343322754,14.390000343322754,14.390299797058105,14.390000343322754,14.390299797058105,896.0
2024-03-01 13:18:00,ENSG,122.51499938964844,122.51499938964844,122.51499938964844,122.51499938964844,122.51499938964844,126.0
2024-03-01 13:18:00,ENTA,15.4399995803833,15.4399995803833,15.4399995803833,15.414999961853027,15.420000076293945,2217.0
2024-03-01 13:18:00,ENVB,1.5199999809265137,1.5199999809265137,1.5199999809265137,1.5,1.500100016593933,3541.0
2024-03-01 13:18:00,EOLS,14.869999885559082,14.869999885559082,14.880000114440918,14.869999885559082,14.869999885559082,795.0
2024-03-01 13:18:00,EPIX,9.524999618530273,9.524999618530273,9.524999618530273,9.524999618530273,9.524999618530273,413.0
2024-03-01 13:18:00,EQ,2.490000009536743,2.490000009536743,2.490000009536743,2.490000009536743,2.490000009536743,4636.0
2024-03-01 13:18:00,ERAS,2.505000114440918,2.505000114440918,2.505000114440918,2.505000114440918,2.505000114440918,300.0
2024-03-01 13:18:00,ESPR,2.5199999809265137,2.5199999809265137,2.5199999809265137,2.5199999809265137,2.5199999809265137,928.0
2024-03-01 13:18:00,ETNB,13.239999771118164,13.239999771118164,13.239999771118164,13.239999771118164,13.239999771118164,2010.0
2024-03-01 13:18:00,EVAX,3.5,3.5,3.5,3.5,3.5,368.0
2024-03-01 13:18:00,EVGN,0.9696999788284302,0.9696999788284302,0.9696999788284302,0.9696999788284302,0.9696999788284302,1702.0
2024-03-01 13:18:00,EXAI,6.769999980926514,6.769999980926514,6.769999980926514,6.769999980926514,6.769999980926514,1512.0
2024-03-01 13:18:00,EXAS,60.16999816894531,60.16999816894531,60.244998931884766,60.16999816894531,60.244998931884766,1608.0
2024-03-01 13:18:00,EXEL,22.600000381469727,22.600000381469727,22.610000610351562,22.59000015258789,22.59000015258789,8355.0
2024-03-01 13:18:00,EYPT,28.010000228881836,28.010000228881836,28.010000228881836,27.979999542236328,27.985000610351562,707.0
2024-03-01 13:18:00,FATE,7.684999942779541,7.684999942779541,7.709199905395508,7.684999942779541,7.709199905395508,2723.0
2024-03-01 13:18:00,FBIO,2.3399999141693115,2.3399999141693115,2.3399999141693115,2.339900016784668,2.339900016784668,1839.0
2024-03-01 13:18:00,FDMT,29.420000076293945,29.420000076293945,29.420000076293945,29.3700008392334,29.3700008392334,1500.0
2024-03-01 13:18:00,FLGT,23.209999084472656,23.209999084472656,23.209999084472656,23.190000534057617,23.209999084472656,1069.0
2024-03-01 13:18:00,FOLD,13.375,13.375,13.375,13.375,13.375,1514.0
2024-03-01 13:18:00,FULC,10.979999542236328,10.979999542236328,10.979999542236328,10.970000267028809,10.970000267028809,628.0
2024-03-01 13:18:00,FUSN,12.470000267028809,12.470000267028809,12.489999771118164,12.470000267028809,12.470000267028809,1192.0
2024-03-01 13:18:00,GALT,1.9500000476837158,1.9500000476837158,1.9500000476837158,1.9500000476837158,1.9500000476837158,100.0
2024-03-01 13:18:00,GBIO,2.6340999603271484,2.6340999603271484,2.6340999603271484,2.630000114440918,2.630000114440918,600.0
2024-03-01 13:18:00,GCTK,0.31049999594688416,0.31049999594688416,0.31200000643730164,0.3100000023841858,0.31200000643730164,300.0
2024-03-01 13:18:00,GDRX,8.234999656677246,8.234999656677246,8.239999771118164,8.21500015258789,8.220000267028809,3110.0
2024-03-01 13:18:00,GERN,2.234999895095825,2.234999895095825,2.240000009536743,2.2300000190734863,2.234999895095825,13629.0
2024-03-01 13:18:00,GH,19.045000076293945,19.045000076293945,19.049999237060547,19.030000686645508,19.030000686645508,1197.0
2024-03-01 13:18:00,GILD,72.19499969482422,72.19499969482422,72.19989776611328,72.18000030517578,72.18000030517578,2567.0
2024-03-01 13:18:00,GLPG,35.119998931884766,35.119998931884766,35.119998931884766,35.119998931884766,35.119998931884766,205.0
2024-03-01 13:18:00,GMAB,29.3700008392334,29.3700008392334,29.3700008392334,29.364999771118164,29.3700008392334,404.0
2024-03-01 13:18:00,GMDA,0.37279900908470154,0.37279900908470154,0.37279900908470154,0.37279900908470154,0.37279900908470154,100.0
2024-03-01 13:18:00,GRFS,7.105000019073486,7.105000019073486,7.105000019073486,7.105000019073486,7.105000019073486,460.0
2024-03-01 13:18:00,GRPH,3.494999885559082,3.494999885559082,3.494999885559082,3.490000009536743,3.490000009536743,564.0
2024-03-01 13:18:00,GRTS,2.180000066757202,2.180000066757202,2.194999933242798,2.180000066757202,2.194999933242798,4008.0
2024-03-01 13:18:00,GTHX,3.75,3.75,3.75,3.740000009536743,3.744999885559082,5185.0
2024-03-01 13:18:00,HALO,41.459999084472656,41.459999084472656,41.459999084472656,41.459999084472656,41.459999084472656,1314.0
2024-03-01 13:18:00,HBIO,4.355000019073486,4.355000019073486,4.355000019073486,4.355000019073486,4.355000019073486,220.0
2024-03-01 13:18:00,HCSG,12.635000228881836,12.635000228881836,12.635000228881836,12.635000228881836,12.635000228881836,123.0
2024-03-01 13:18:00,HCTI,2.4899001121520996,2.4899001121520996,2.4899001121520996,2.4899001121520996,2.4899001121520996,110.0
2024-03-01 13:18:00,HITI,1.7599999904632568,1.7599999904632568,1.7649999856948853,1.7599999904632568,1.7649999856948853,5101.0
2024-03-01 13:18:00,HLTH,0.27079999446868896,0.27079999446868896,0.27160000801086426,0.27079999446868896,0.27160000801086426,420.0
2024-03-01 13:18:00,HOLX,74.08499908447266,74.08499908447266,74.08999633789062,74.05999755859375,74.05999755859375,1046.0
2024-03-01 13:18:00,HOOK,0.7900000214576721,0.7900000214576721,0.7900000214576721,0.7900000214576721,0.7900000214576721,400.0
2024-03-01 13:18:00,HOWL,7.0,7.0,7.0,7.0,7.0,160.0
2024-03-01 13:18:00,HROW,10.879300117492676,10.879300117492676,10.879300117492676,10.879300117492676,10.879300117492676,1138.0
2024-03-01 13:18:00,HRTX,2.569999933242798,2.569999933242798,2.569999933242798,2.569999933242798,2.569999933242798,140.0
2024-03-01 13:18:00,HSIC,76.80000305175781,76.80000305175781,76.80000305175781,76.80000305175781,76.80000305175781,687.0
2024-03-01 13:18:00,HUMA,3.384999990463257,3.384999990463257,3.384999990463257,3.381200075149536,3.384999990463257,536.0
2024-03-01 13:18:00,IART,36.439998626708984,36.439998626708984,36.44499969482422,36.439998626708984,36.44499969482422,441.0
2024-03-01 13:18:00,IBRX,4.75,4.75,4.760000228881836,4.75,4.760000228881836,7994.0
2024-03-01 13:18:00,ICAD,1.8849999904632568,1.8849999904632568,1.8849999904632568,1.8601000308990479,1.8601000308990479,2020.0
2024-03-01 13:18:00,ICLR,322.7799987792969,322.7799987792969,322.7799987792969,322.7099914550781,322.7200012207031,566.0
2024-03-01 13:18:00,ICUI,104.71499633789062,104.71499633789062,104.83000183105469,104.62000274658203,104.70500183105469,3910.0
2024-03-01 13:18:00,IDYA,46.54999923706055,46.54999923706055,46.59000015258789,46.52000045776367,46.59000015258789,1612.0
2024-03-01 13:18:00,IGMS,13.510000228881836,13.510000228881836,13.5600004196167,13.510000228881836,13.5600004196167,2754.0
2024-03-01 13:18:00,IINN,1.6799999475479126,1.6799999475479126,1.6799999475479126,1.6799999475479126,1.6799999475479126,571.0
2024-03-01 13:18:00,ILMN,142.13499450683594,142.13499450683594,142.13499450683594,142.13499450683594,142.13499450683594,309.0
2024-03-01 13:18:00,IMRN,1.690000057220459,1.690000057220459,1.690000057220459,1.682800054550171,1.682800054550171,600.0
2024-03-01 13:18:00,IMUX,1.475000023841858,1.475000023841858,1.475000023841858,1.475000023841858,1.475000023841858,104.0
2024-03-01 13:18:00,INAB,1.079800009727478,1.079800009727478,1.079800009727478,1.079800009727478,1.079800009727478,357.0
2024-03-01 13:18:00,INBX,36.54999923706055,36.54999923706055,36.54999923706055,36.54999923706055,36.54999923706055,400.0
2024-03-01 13:18:00,INCY,59.36000061035156,59.36000061035156,59.369998931884766,59.36000061035156,59.369998931884766,1314.0
2024-03-01 13:18:00,INGN,6.829999923706055,6.829999923706055,6.829999923706055,6.829999923706055,6.829999923706055,2244.0
2024-03-01 13:18:00,INMD,22.860000610351562,22.860000610351562,22.860000610351562,22.844999313354492,22.84830093383789,1924.0
2024-03-01 13:18:00,INO,9.376700401306152,9.376700401306152,9.376700401306152,9.376700401306152,9.376700401306152,610.0
2024-03-01 13:18:00,INSM,28.450000762939453,28.450000762939453,28.450000762939453,28.450000762939453,28.450000762939453,100.0
2024-03-01 13:18:00,INVA,15.694999694824219,15.694999694824219,15.694999694824219,15.6850004196167,15.6899995803833,1261.0
2024-03-01 13:18:00,INZY,6.659999847412109,6.659999847412109,6.659999847412109,6.659999847412109,6.659999847412109,132.0
2024-03-01 13:18:00,IOVA,17.049999237060547,17.049999237060547,17.049999237060547,17.024999618530273,17.045000076293945,17020.0
2024-03-01 13:18:00,IRMD,41.810001373291016,41.810001373291016,41.82500076293945,41.79999923706055,41.82500076293945,1052.0
2024-03-01 13:18:00,IRWD,9.050000190734863,9.050000190734863,9.074999809265137,9.050000190734863,9.074999809265137,13375.0
2024-03-01 13:18:00,ISRG,396.0249938964844,396.0249938964844,396.1400146484375,396.0249938964844,396.1300048828125,896.0
2024-03-01 13:18:00,ITCI,71.13500213623047,71.13500213623047,71.16500091552734,71.13500213623047,71.16500091552734,202.0
2024-03-01 13:18:00,IVVD,4.019999980926514,4.019999980926514,4.019999980926514,4.019999980926514,4.019999980926514,1685.0
2024-03-01 13:18:00,JAGX,0.07609999924898148,0.07609999924898148,0.07779999822378159,0.07609999924898148,0.07750000059604645,271207.0
2024-03-01 13:18:00,JAZZ,119.05000305175781,119.05000305175781,119.05000305175781,118.8550033569336,118.8550033569336,2921.0
2024-03-01 13:18:00,KALV,14.170000076293945,14.170000076293945,14.170000076293945,14.149999618530273,14.15999984741211,2951.0
2024-03-01 13:18:00,KNSA,21.7549991607666,21.7549991607666,21.760000228881836,21.7549991607666,21.760000228881836,1956.0
2024-03-01 13:18:00,KNTE,2.5950000286102295,2.5950000286102295,2.5950000286102295,2.5950000286102295,2.5950000286102295,300.0
2024-03-01 13:18:00,KOD,6.070000171661377,6.070000171661377,6.085000038146973,6.070000171661377,6.085000038146973,641.0
2024-03-01 13:18:00,KPTI,1.2100000381469727,1.2100000381469727,1.2100000381469727,1.2050000429153442,1.2100000381469727,2235.0
2024-03-01 13:18:00,KRON,1.0299999713897705,1.0299999713897705,1.0399999618530273,1.0299999713897705,1.0299999713897705,12602.0
2024-03-01 13:18:00,KROS,69.7300033569336,69.7300033569336,69.8499984741211,69.7300033569336,69.76000213623047,1618.0
2024-03-01 13:18:00,KRYS,168.3800048828125,168.3800048828125,168.9250030517578,168.3800048828125,168.9250030517578,1944.0
2024-03-01 13:18:00,KURA,21.239999771118164,21.239999771118164,21.25,21.239999771118164,21.25,551.0
2024-03-01 13:18:00,KYMR,44.064998626708984,44.064998626708984,44.08000183105469,44.060001373291016,44.08000183105469,665.0
2024-03-01 13:18:00,KZR,1.0800000429153442,1.0800000429153442,1.0800000429153442,1.0750000476837158,1.0750000476837158,200.0
2024-03-01 13:18:00,LAB,2.5,2.5,2.509999990463257,2.5,2.509999990463257,5439.0
2024-03-01 13:18:00,LEXX,2.819999933242798,2.819999933242798,2.819999933242798,2.8199000358581543,2.8199000358581543,1578.0
2024-03-01 13:18:00,LFMD,8.0,8.0,8.0,7.989999771118164,8.0,402.0
2024-03-01 13:18:00,LFST,7.755000114440918,7.755000114440918,7.760000228881836,7.755000114440918,7.760000228881836,1043.0
2024-03-01 13:18:00,LGND,77.95249938964844,77.95249938964844,77.97000122070312,77.95249938964844,77.97000122070312,460.0
2024-03-01 13:18:00,LIVN,55.85499954223633,55.85499954223633,55.85499954223633,55.849998474121094,55.849998474121094,738.0
2024-03-01 13:18:00,LMAT,67.86000061035156,67.86000061035156,67.86000061035156,67.86000061035156,67.86000061035156,313.0
2024-03-01 13:18:00,LNTH,65.27999877929688,65.27999877929688,65.30999755859375,65.27999877929688,65.30999755859375,336.0
2024-03-01 13:18:00,LUNG,9.449999809265137,9.449999809265137,9.479999542236328,9.4399995803833,9.4399995803833,2458.0
2024-03-01 13:18:00,LVTX,2.9200000762939453,2.9200000762939453,2.930000066757202,2.9100000858306885,2.9110000133514404,5820.0
2024-03-01 13:18:00,LXRX,2.509999990463257,2.509999990463257,2.509999990463257,2.509999990463257,2.509999990463257,200.0
2024-03-01 13:18:00,LYEL,3.1798999309539795,3.1798999309539795,3.1798999309539795,3.174999952316284,3.174999952316284,1541.0
2024-03-01 13:18:00,LYRA,5.710000038146973,5.710000038146973,5.71999979019165,5.699999809265137,5.715000152587891,936.0
2024-03-01 13:18:00,MASI,128.34500122070312,128.34500122070312,128.34500122070312,128.34500122070312,128.34500122070312,1131.0
2024-03-01 13:18:00,MCRB,1.2000000476837158,1.2000000476837158,1.2050000429153442,1.2000000476837158,1.2015000581741333,3372.0
2024-03-01 13:18:00,MDGL,251.4499969482422,251.4499969482422,251.66000366210938,251.4499969482422,251.66000366210938,758.0
2024-03-01 13:18:00,MDRX,6.050000190734863,6.050000190734863,6.050000190734863,6.039999961853027,6.050000190734863,26155.0
2024-03-01 13:18:00,MDXG,8.654999732971191,8.654999732971191,8.65999984741211,8.649999618530273,8.649999618530273,1705.0
2024-03-01 13:18:00,ME,0.5734000205993652,0.5734000205993652,0.5734000205993652,0.5734000205993652,0.5734000205993652,3347.0
2024-03-01 13:18:00,MGNX,19.040000915527344,19.040000915527344,19.040000915527344,19.016199111938477,19.016199111938477,1122.0
2024-03-01 13:18:00,MIRM,29.80500030517578,29.80500030517578,29.80500030517578,29.80500030517578,29.80500030517578,100.0
2024-03-01 13:18:00,MIST,1.7549999952316284,1.7549999952316284,1.7549999952316284,1.75,1.75,496.0
2024-03-01 13:18:00,MLTX,51.119998931884766,51.119998931884766,51.18000030517578,51.119998931884766,51.15999984741211,4356.0
2024-03-01 13:18:00,MMSI,76.43000030517578,76.43000030517578,76.43000030517578,76.43000030517578,76.43000030517578,141.0
2024-03-01 13:18:00,MNKD,4.545000076293945,4.545000076293945,4.550000190734863,4.545000076293945,4.549900054931641,5766.0
2024-03-01 13:18:00,MNMD,6.114999771118164,6.114999771118164,6.114999771118164,6.110000133514404,6.110000133514404,536.0
2024-03-01 13:18:00,MNPR,0.8600000143051147,0.8600000143051147,0.8600000143051147,0.8600000143051147,0.8600000143051147,866.0
2024-03-01 13:18:00,MODV,28.075000762939453,28.075000762939453,28.075000762939453,28.075000762939453,28.075000762939453,105.0
2024-03-01 13:18:00,MORF,39.3849983215332,39.3849983215332,39.3849983215332,39.3849983215332,39.3849983215332,216.0
2024-03-01 13:18:00,MREO,3.990000009536743,3.990000009536743,3.990000009536743,3.9809999465942383,3.9809999465942383,7488.0
2024-03-01 13:18:00,MRNA,96.18609619140625,96.18609619140625,96.2345962524414,96.13999938964844,96.13999938964844,2300.0
2024-03-01 13:18:00,MRNS,10.430000305175781,10.430000305175781,10.430000305175781,10.375,10.375,35979.0
2024-03-01 13:18:00,MRSN,5.96999979019165,5.96999979019165,5.980000019073486,5.96999979019165,5.974999904632568,4499.0
2024-03-01 13:18:00,MRUS,51.654998779296875,51.654998779296875,51.70500183105469,51.63999938964844,51.70500183105469,1022.0
2024-03-01 13:18:00,MRVI,7.71999979019165,7.71999979019165,7.71999979019165,7.699999809265137,7.710000038146973,6700.0
2024-03-01 13:18:00,NARI,44.9900016784668,44.9900016784668,45.060001373291016,44.9900016784668,44.9900016784668,2626.0
2024-03-01 13:18:00,NDRA,1.1699999570846558,1.1699999570846558,1.1699999570846558,1.1699999570846558,1.1699999570846558,2523.0
2024-03-01 13:18:00,NEOG,17.34000015258789,17.34000015258789,17.34000015258789,17.325000762939453,17.329999923706055,1472.0
2024-03-01 13:18:00,NERV,2.5759999752044678,2.5759999752044678,2.5759999752044678,2.575000047683716,2.575000047683716,1231.0
2024-03-01 13:18:00,NEXI,6.448800086975098,6.448800086975098,6.449999809265137,6.440000057220459,6.449999809265137,1030.0
2024-03-01 13:18:00,NKTR,0.7894499897956848,0.7894499897956848,0.7900000214576721,0.7894499897956848,0.7900000214576721,2950.0
2024-03-01 13:18:00,NKTX,12.720000267028809,12.720000267028809,12.729999542236328,12.710000038146973,12.710000038146973,753.0
2024-03-01 13:18:00,NNOX,10.975000381469727,10.975000381469727,11.0,10.960100173950195,11.0,14745.0
2024-03-01 13:18:00,NOTV,8.133099555969238,8.133099555969238,8.133099555969238,8.133099555969238,8.133099555969238,1553.0
2024-03-01 13:18:00,NRIX,13.720000267028809,13.720000267028809,13.720000267028809,13.710000038146973,13.710000038146973,1600.0
2024-03-01 13:18:00,NRSN,2.009999990463257,2.009999990463257,2.009999990463257,2.0,2.0,2204.0
2024-03-01 13:18:00,NTLA,33.25,33.25,33.27000045776367,33.25,33.27000045776367,1406.0
2024-03-01 13:18:00,NTRA,89.87000274658203,89.87000274658203,89.96499633789062,89.7699966430664,89.87000274658203,17160.0
2024-03-01 13:18:00,NUVL,88.67500305175781,88.67500305175781,88.67500305175781,88.67500305175781,88.67500305175781,199.0
2024-03-01 13:18:00,NUWE,0.5849000215530396,0.5849000215530396,0.5849000215530396,0.5849000215530396,0.5849000215530396,100.0
2024-03-01 13:18:00,NVAX,5.21019983291626,5.21019983291626,5.230000019073486,5.21019983291626,5.21999979019165,11736.0
2024-03-01 13:18:00,NVCR,15.930000305175781,15.930000305175781,15.9350004196167,15.930000305175781,15.930000305175781,1763.0
2024-03-01 13:18:00,NXTC,1.7599999904632568,1.7599999904632568,1.7599999904632568,1.75,1.75,1100.0
2024-03-01 13:18:00,OCGN,0.9478999972343445,0.9478999972343445,0.949999988079071,0.9478999972343445,0.9487000107765198,63930.0
2024-03-01 13:18:00,OCUL,10.84000015258789,10.84000015258789,10.854999542236328,10.839500427246094,10.854999542236328,1683.0
2024-03-01 13:18:00,OGI,2.200000047683716,2.200000047683716,2.200000047683716,2.194999933242798,2.194999933242798,748.0
2024-03-01 13:18:00,OLMA,14.670000076293945,14.670000076293945,14.680000305175781,14.630000114440918,14.630000114440918,1057.0
2024-03-01 13:18:00,OM,3.119999885559082,3.119999885559082,3.119999885559082,3.119999885559082,3.119999885559082,292.0
2024-03-01 13:18:00,OMCL,26.34000015258789,26.34000015258789,26.3700008392334,26.34000015258789,26.34000015258789,541.0
2024-03-01 13:18:00,OMER,4.760000228881836,4.760000228881836,4.764999866485596,4.760000228881836,4.760000228881836,1418.0
2024-03-01 13:18:00,OMGA,4.239999771118164,4.239999771118164,4.239999771118164,4.239999771118164,4.239999771118164,274.0
2024-03-01 13:18:00,ONCY,1.1401000022888184,1.1401000022888184,1.1401000022888184,1.1401000022888184,1.1401000022888184,100.0
2024-03-01 13:19:00,AADI,1.9980000257492065,1.9980000257492065,2.0,1.9800000190734863,1.9900000095367432,3388.0
2024-03-01 13:19:00,ABCL,5.235000133514404,5.235000133514404,5.239999771118164,5.230000019073486,5.230000019073486,1320.0
2024-03-01 13:19:00,ABEO,7.764999866485596,7.764999866485596,7.764999866485596,7.764999866485596,7.764999866485596,150.0
2024-03-01 13:19:00,ABOS,4.670000076293945,4.670000076293945,4.675000190734863,4.670000076293945,4.675000190734863,386.0
2024-03-01 13:19:00,ABSI,5.385000228881836,5.385000228881836,5.389999866485596,5.369999885559082,5.375,4603.0
2024-03-01 13:19:00,ABUS,2.765000104904175,2.765000104904175,2.7699999809265137,2.765000104904175,2.7699999809265137,7012.0
2024-03-01 13:19:00,ABVC,1.1799999475479126,1.1799999475479126,1.1799999475479126,1.1799999475479126,1.1799999475479126,101.0
2024-03-01 13:19:00,ACAD,24.350000381469727,24.350000381469727,24.350000381469727,24.350000381469727,24.350000381469727,1357.0
2024-03-01 13:19:00,ACB,3.2049999237060547,3.2049999237060547,3.2049999237060547,3.2049999237060547,3.2049999237060547,465.0
2024-03-01 13:19:00,ACET,2.4000000953674316,2.4000000953674316,2.4000000953674316,2.390000104904175,2.4000000953674316,1112.0
2024-03-01 13:19:00,ACHC,84.69000244140625,84.69000244140625,84.69000244140625,84.66000366210938,84.66999816894531,1871.0
2024-03-01 13:19:00,ACHL,1.3592000007629395,1.3592000007629395,1.3592000007629395,1.3592000007629395,1.3592000007629395,148.0
2024-03-01 13:19:00,ACLX,67.2699966430664,67.2699966430664,67.2699966430664,67.25,67.26000213623047,1378.0
2024-03-01 13:19:00,ACON,0.4011000096797943,0.4011000096797943,0.4049000144004822,0.4011000096797943,0.4049000144004822,650.0
2024-03-01 13:19:00,ACRS,1.2400000095367432,1.2400000095367432,1.2400000095367432,1.2350000143051147,1.2350000143051147,1413.0
2024-03-01 13:19:00,ACXP,3.0899999141693115,3.0899999141693115,3.0899999141693115,3.0899999141693115,3.0899999141693115,302.0
2024-03-01 13:19:00,ADAP,1.600000023841858,1.600000023841858,1.6200000047683716,1.600000023841858,1.6200000047683716,13706.0
2024-03-01 13:19:00,ADIL,3.2599000930786133,3.2599000930786133,3.259999990463257,3.190000057220459,3.200000047683716,81347.0
2024-03-01 13:19:00,ADMA,5.5,5.5,5.510000228881836,5.5,5.505000114440918,1109.0
2024-03-01 13:19:00,ADPT,4.164999961853027,4.164999961853027,4.164999961853027,4.164999961853027,4.164999961853027,231.0
2024-03-01 13:19:00,ADVM,1.9600000381469727,1.9600000381469727,1.9600000381469727,1.9600000381469727,1.9600000381469727,3106.0
2024-03-01 13:19:00,AFMD,0.6399000287055969,0.6399000287055969,0.6399999856948853,0.6399000287055969,0.6399999856948853,1100.0
2024-03-01 13:19:00,AGEN,0.6818000078201294,0.6818000078201294,0.6827999949455261,0.6816999912261963,0.682699978351593,1425.0
2024-03-01 13:19:00,AGIO,32.86000061035156,32.86000061035156,32.880001068115234,32.86000061035156,32.880001068115234,1333.0
2024-03-01 13:19:00,AHCO,10.604999542236328,10.604999542236328,10.604999542236328,10.600000381469727,10.604999542236328,2002.0
2024-03-01 13:19:00,AKAN,0.2150000035762787,0.2150000035762787,0.2150000035762787,0.21494999527931213,0.2150000035762787,3591.0
2024-03-01 13:19:00,AKRO,29.937400817871094,29.937400817871094,29.937400817871094,29.899999618530273,29.899999618530273,510.0
2024-03-01 13:19:00,AKYA,6.0,6.0,6.0,6.0,6.0,124.0
2024-03-01 13:19:00,ALDX,4.279900074005127,4.279900074005127,4.28000020980835,4.279900074005127,4.28000020980835,2323.0
2024-03-01 13:19:00,ALEC,7.289999961853027,7.289999961853027,7.295000076293945,7.289999961853027,7.295000076293945,298.0
2024-03-01 13:19:00,ALGN,303.8699951171875,303.8699951171875,303.8699951171875,303.8699951171875,303.8699951171875,977.0
2024-03-01 13:19:00,ALGS,1.1100000143051147,1.1100000143051147,1.1299999952316284,1.1100000143051147,1.1100000143051147,2520.0
2024-03-01 13:19:00,ALHC,5.695000171661377,5.695000171661377,5.699999809265137,5.690000057220459,5.699999809265137,18492.0
2024-03-01 13:19:00,ALIM,3.7100000381469727,3.7100000381469727,3.7100000381469727,3.625,3.625,3146.0
2024-03-01 13:19:00,ALKS,30.235000610351562,30.235000610351562,30.235000610351562,30.209999084472656,30.209999084472656,2388.0
2024-03-01 13:19:00,ALLK,1.6200000047683716,1.6200000047683716,1.6200000047683716,1.6150000095367432,1.6150000095367432,602.0
2024-03-01 13:19:00,ALLO,5.039999961853027,5.039999961853027,5.039999961853027,5.03000020980835,5.034999847412109,1327.0
2024-03-01 13:19:00,ALPN,35.935001373291016,35.935001373291016,35.95000076293945,35.915000915527344,35.91999816894531,2119.0
2024-03-01 13:19:00,ALT,12.029999732971191,12.029999732971191,12.029999732971191,12.020000457763672,12.020000457763672,2428.0
2024-03-01 13:19:00,ALXO,15.020000457763672,15.020000457763672,15.03499984741211,15.020000457763672,15.03499984741211,503.0
2024-03-01 13:19:00,AMGN,280.6600036621094,280.6600036621094,280.7250061035156,280.6099853515625,280.7250061035156,4400.0
2024-03-01 13:19:00,AMLX,18.772499084472656,18.772499084472656,18.772499084472656,18.770000457763672,18.770000457763672,506.0
2024-03-01 13:19:00,AMPH,45.38999938964844,45.38999938964844,45.38999938964844,45.3849983215332,45.3849983215332,1270.0
2024-03-01 13:19:00,AMRN,1.0499999523162842,1.0499999523162842,1.0499999523162842,1.0499999523162842,1.0499999523162842,2339.0
2024-03-01 13:19:00,ANGO,5.505000114440918,5.505000114440918,5.505000114440918,5.505000114440918,5.505000114440918,189.0
2024-03-01 13:19:00,ANIX,3.509999990463257,3.509999990463257,3.509999990463257,3.509999990463257,3.509999990463257,101.0
2024-03-01 13:19:00,ANNX,6.065000057220459,6.065000057220459,6.070000171661377,6.050000190734863,6.059999942779541,1917.0
2024-03-01 13:19:00,ANTX,3.0199999809265137,3.0199999809265137,3.0199999809265137,3.0199999809265137,3.0199999809265137,100.0
2024-03-01 13:19:00,APLS,64.76000213623047,64.76000213623047,64.79000091552734,64.70999908447266,64.70999908447266,2384.0
2024-03-01 13:19:00,APLT,7.150000095367432,7.150000095367432,7.159999847412109,7.150000095367432,7.150000095367432,2814.0
2024-03-01 13:19:00,AQST,4.15500020980835,4.15500020980835,4.158999919891357,4.150000095367432,4.15500020980835,1914.0
2024-03-01 13:19:00,ARCT,39.959999084472656,39.959999084472656,39.959999084472656,39.959999084472656,39.959999084472656,326.0
2024-03-01 13:19:00,ARDX,9.479299545288086,9.479299545288086,9.479999542236328,9.46500015258789,9.46500015258789,11123.0
2024-03-01 13:19:00,ARGX,392.5,392.5,392.5199890136719,392.5,392.5199890136719,1560.0
2024-03-01 13:19:00,ARQT,11.65999984741211,11.65999984741211,11.65999984741211,11.600199699401855,11.600199699401855,5044.0
2024-03-01 13:19:00,ARVN,48.619998931884766,48.619998931884766,48.619998931884766,48.61000061035156,48.61000061035156,506.0
2024-03-01 13:19:00,ARWR,35.36000061035156,35.36000061035156,35.5,35.36000061035156,35.5,5776.0
2024-03-01 13:19:00,ASLN,0.7599999904632568,0.7599999904632568,0.7599999904632568,0.744949996471405,0.744949996471405,5402.0
2024-03-01 13:19:00,ASND,152.22000122070312,152.22000122070312,152.24000549316406,152.22000122070312,152.22000122070312,637.0
2024-03-01 13:19:00,ASRT,0.921500027179718,0.921500027179718,0.9254999756813049,0.921500027179718,0.9254999756813049,357.0
2024-03-01 13:19:00,ATAI,2.140000104904175,2.140000104904175,2.1500000953674316,2.140000104904175,2.1500000953674316,404.0
2024-03-01 13:19:00,ATEC,13.484999656677246,13.484999656677246,13.489999771118164,13.479999542236328,13.489999771118164,1815.0
2024-03-01 13:19:00,ATNF,3.349900007247925,3.349900007247925,3.349900007247925,3.349900007247925,3.349900007247925,507.0
2024-03-01 13:19:00,ATRA,0.7976999878883362,0.7976999878883362,0.8004999756813049,0.7975000143051147,0.8004999756813049,8947.0
2024-03-01 13:19:00,ATRC,36.029998779296875,36.029998779296875,36.04999923706055,36.0099983215332,36.04999923706055,2281.0
2024-03-01 13:19:00,ATXI,0.15279999375343323,0.15279999375343323,0.15299999713897705,0.15279999375343323,0.15299999713897705,1364.0
2024-03-01 13:19:00,AUGX,4.559999942779541,4.559999942779541,4.559999942779541,4.559999942779541,4.559999942779541,477.0
2024-03-01 13:19:00,AUPH,5.864999771118164,5.864999771118164,5.869999885559082,5.864999771118164,5.864999771118164,828.0
2024-03-01 13:19:00,AUTL,6.380000114440918,6.380000114440918,6.380000114440918,6.380000114440918,6.380000114440918,850.0
2024-03-01 13:19:00,AVDL,13.199999809265137,13.199999809265137,13.210000038146973,13.199999809265137,13.210000038146973,1167.0
2024-03-01 13:19:00,AVRO,1.3550000190734863,1.3550000190734863,1.3550000190734863,1.3550000190734863,1.3550000190734863,100.0
2024-03-01 13:19:00,AVTE,23.799999237060547,23.799999237060547,23.799999237060547,23.799999237060547,23.799999237060547,134.0
2024-03-01 13:19:00,AVXL,5.304999828338623,5.304999828338623,5.309999942779541,5.300000190734863,5.300000190734863,1218.0
2024-03-01 13:19:00,AZN,64.63999938964844,64.63999938964844,64.6449966430664,64.63050079345703,64.6449966430664,5928.0
2024-03-01 13:19:00,BBIO,36.04999923706055,36.04999923706055,36.04999923706055,36.01499938964844,36.01499938964844,1529.0
2024-03-01 13:19:00,BBLG,2.490000009536743,2.490000009536743,2.5,2.490000009536743,2.5,405.0
2024-03-01 13:19:00,BCAB,2.755000114440918,2.755000114440918,2.759999990463257,2.755000114440918,2.755000114440918,739.0
2024-03-01 13:19:00,BCLI,0.3504999876022339,0.3504999876022339,0.3549000024795532,0.3504999876022339,0.3549000024795532,1215.0
2024-03-01 13:19:00,BCRX,5.699999809265137,5.699999809265137,5.710000038146973,5.699999809265137,5.699999809265137,2506.0
2024-03-01 13:19:00,BEAM,40.060001373291016,40.060001373291016,40.06999969482422,40.03499984741211,40.03499984741211,1865.0
2024-03-01 13:19:00,BFRI,0.864300012588501,0.864300012588501,0.864300012588501,0.864300012588501,0.864300012588501,304.0
2024-03-01 13:19:00,BGNE,166.63999938964844,166.63999938964844,166.63999938964844,166.63999938964844,166.63999938964844,103.0
2024-03-01 13:19:00,BIIB,221.33999633789062,221.33999633789062,221.33999633789062,221.33999633789062,221.33999633789062,300.0
2024-03-01 13:19:00,BIOL,0.14159999787807465,0.14159999787807465,0.14190000295639038,0.14159999787807465,0.14190000295639038,3505.0
2024-03-01 13:19:00,BIVI,1.9800000190734863,1.9800000190734863,1.9900000095367432,1.9700000286102295,1.975000023841858,60537.0
2024-03-01 13:19:00,BLUE,1.590000033378601,1.590000033378601,1.5999000072479248,1.590000033378601,1.5950000286102295,3222.0
2024-03-01 13:19:00,BMEA,18.139999389648438,18.139999389648438,18.139999389648438,18.1299991607666,18.139999389648438,711.0
2024-03-01 13:19:00,BMRN,87.61000061035156,87.61000061035156,87.61000061035156,87.58499908447266,87.6050033569336,1865.0
2024-03-01 13:19:00,BNGO,1.2549999952316284,1.2549999952316284,1.2599999904632568,1.2549999952316284,1.2549999952316284,1806.0
2024-03-01 13:19:00,BNR,0.8394500017166138,0.8394500017166138,0.8394500017166138,0.8394500017166138,0.8394500017166138,100.0
2024-03-01 13:19:00,BNTC,5.189899921417236,5.189899921417236,5.190000057220459,5.189899921417236,5.190000057220459,1368.0
2024-03-01 13:19:00,BPMC,97.29000091552734,97.29000091552734,97.29000091552734,97.29000091552734,97.29000091552734,111.0
2024-03-01 13:19:00,BRKR,88.25,88.25,88.29000091552734,88.25,88.29000091552734,6773.0
2024-03-01 13:19:00,BSGM,0.6707500219345093,0.6707500219345093,0.6707500219345093,0.6707500219345093,0.6707500219345093,100.0
2024-03-01 13:19:00,BTAI,3.190000057220459,3.190000057220459,3.190000057220459,3.190000057220459,3.190000057220459,210.0
2024-03-01 13:19:00,BVS,4.751500129699707,4.751500129699707,4.751500129699707,4.751500129699707,4.751500129699707,359.0
2024-03-01 13:19:00,BWAY,6.519999980926514,6.519999980926514,6.519999980926514,6.519999980926514,6.519999980926514,100.0
2024-03-01 13:19:00,CABA,24.280000686645508,24.280000686645508,24.309999465942383,24.170000076293945,24.170000076293945,7185.0
2024-03-01 13:19:00,CADL,1.7450000047683716,1.7450000047683716,1.7450000047683716,1.7450000047683716,1.7450000047683716,200.0
2024-03-01 13:19:00,CAPR,4.480000019073486,4.480000019073486,4.550000190734863,4.480000019073486,4.550000190734863,10625.0
2024-03-01 13:19:00,CBAY,32.23500061035156,32.23500061035156,32.2400016784668,32.23500061035156,32.2400016784668,1797.0
2024-03-01 13:19:00,CCCC,11.0,11.0,11.0,10.96500015258789,10.96500015258789,3306.0
2024-03-01 13:19:00,CDMO,8.100000381469727,8.100000381469727,8.100000381469727,8.020000457763672,8.020000457763672,6590.0
2024-03-01 13:19:00,CDNA,12.300000190734863,12.300000190734863,12.300000190734863,12.228799819946289,12.228799819946289,2860.0
2024-03-01 13:19:00,CDXS,4.570000171661377,4.570000171661377,4.570000171661377,4.559999942779541,4.559999942779541,824.0
2024-03-01 13:19:00,CELC,16.270000457763672,16.270000457763672,16.329999923706055,16.15999984741211,16.15999984741211,2520.0
2024-03-01 13:19:00,CERE,41.099998474121094,41.099998474121094,41.10499954223633,41.099998474121094,41.099998474121094,501.0
2024-03-01 13:19:00,CERS,2.2149999141693115,2.2149999141693115,2.2149999141693115,2.2149999141693115,2.2149999141693115,2844.0
2024-03-01 13:19:00,CERT,17.75,17.75,17.75,17.75,17.75,695.0
2024-03-01 13:19:00,CGC,3.259999990463257,3.259999990463257,3.259999990463257,3.259999990463257,3.259999990463257,103.0
2024-03-01 13:19:00,CGEM,18.780000686645508,18.780000686645508,18.790000915527344,18.780000686645508,18.790000915527344,648.0
2024-03-01 13:19:00,CHRS,2.4200000762939453,2.4200000762939453,2.4200000762939453,2.4149999618530273,2.4149999618530273,18036.0
2024-03-01 13:19:00,CJJD,2.9600000381469727,2.9600000381469727,2.9600000381469727,2.9600000381469727,2.9600000381469727,148.0
2024-03-01 13:19:00,CLDX,51.54999923706055,51.54999923706055,51.59000015258789,51.5,51.529998779296875,3440.0
2024-03-01 13:19:00,CLNN,0.39489999413490295,0.39489999413490295,0.39500001072883606,0.39489999413490295,0.39500001072883606,2195.0
2024-03-01 13:19:00,CLOV,0.8644000291824341,0.8644000291824341,0.8644000291824341,0.8644000291824341,0.8644000291824341,1593.0
2024-03-01 13:19:00,CLPT,6.650000095367432,6.650000095367432,6.650000095367432,6.650000095367432,6.650000095367432,100.0
2024-03-01 13:19:00,CLRB,4.160299777984619,4.160299777984619,4.179999828338623,4.160299777984619,4.170499801635742,8863.0
2024-03-01 13:19:00,CMPS,11.479999542236328,11.479999542236328,11.479999542236328,11.460000038146973,11.460000038146973,733.0
2024-03-01 13:19:00,CMPX,1.868499994277954,1.868499994277954,1.868499994277954,1.840000033378601,1.840000033378601,372.0
2024-03-01 13:19:00,COGT,7.199999809265137,7.199999809265137,7.210000038146973,7.170000076293945,7.170000076293945,19965.0
2024-03-01 13:19:00,COLL,36.88999938964844,36.88999938964844,36.88999938964844,36.86000061035156,36.86000061035156,1804.0
2024-03-01 13:19:00,CORT,24.290000915527344,24.290000915527344,24.290000915527344,24.290000915527344,24.290000915527344,664.0
2024-03-01 13:19:00,CPSI,9.5649995803833,9.5649995803833,9.5649995803833,9.5649995803833,9.5649995803833,201.0
2024-03-01 13:19:00,CRBP,32.099998474121094,32.099998474121094,32.099998474121094,32.099998474121094,32.099998474121094,814.0
2024-03-01 13:19:00,CRBU,7.925000190734863,7.925000190734863,7.929999828338623,7.920000076293945,7.925000190734863,4664.0
2024-03-01 13:19:00,CRDF,2.450000047683716,2.450000047683716,2.450000047683716,2.4200000762939453,2.424999952316284,13219.0
2024-03-01 13:19:00,CRDL,1.9199999570846558,1.9199999570846558,1.9199999570846558,1.9199999570846558,1.9199999570846558,500.0
2024-03-01 13:19:00,CRNX,46.93000030517578,46.93000030517578,46.9900016784668,46.880001068115234,46.880001068115234,5142.0
2024-03-01 13:19:00,CRON,2.065000057220459,2.065000057220459,2.065000057220459,2.059999942779541,2.059999942779541,1642.0
2024-03-01 13:19:00,CRSP,86.11000061035156,86.11000061035156,86.11000061035156,85.9800033569336,85.9800033569336,2311.0
2024-03-01 13:19:00,CRVS,2.2100000381469727,2.2100000381469727,2.2200000286102295,2.2100000381469727,2.2109999656677246,9490.0
2024-03-01 13:19:00,CSTL,20.06999969482422,20.06999969482422,20.06999969482422,20.06999969482422,20.06999969482422,159.0
2024-03-01 13:19:00,CTKB,8.829999923706055,8.829999923706055,8.829999923706055,8.824999809265137,8.824999809265137,499.0
2024-03-01 13:19:00,CTMX,2.6500000953674316,2.6500000953674316,2.6549999713897705,2.6500000953674316,2.6549999713897705,837.0
2024-03-01 13:19:00,CUE,2.200000047683716,2.200000047683716,2.2130000591278076,2.190000057220459,2.2130000591278076,5763.0
2024-03-01 13:19:00,CVAC,3.494999885559082,3.494999885559082,3.494999885559082,3.494999885559082,3.494999885559082,991.0
2024-03-01 13:19:00,CVRX,20.610000610351562,20.610000610351562,20.610000610351562,20.610000610351562,20.610000610351562,191.0
2024-03-01 13:19:00,CYTK,73.0999984741211,73.0999984741211,73.0999984741211,73.06999969482422,73.06999969482422,1574.0
2024-03-01 13:19:00,CYTO,2.390000104904175,2.390000104904175,2.390000104904175,2.390000104904175,2.390000104904175,859.0
2024-03-01 13:19:00,DCGO,4.164999961853027,4.164999961853027,4.164999961853027,4.164999961853027,4.164999961853027,149.0
2024-03-01 13:19:00,DCPH,17.475000381469727,17.475000381469727,17.475000381469727,17.475000381469727,17.475000381469727,290.0
2024-03-01 13:19:00,DCTH,4.219900131225586,4.219900131225586,4.219900131225586,4.219900131225586,4.219900131225586,500.0
2024-03-01 13:19:00,DH,8.8149995803833,8.8149995803833,8.8149995803833,8.8149995803833,8.8149995803833,108.0
2024-03-01 13:19:00,DMTK,0.8505010008811951,0.8505010008811951,0.8505010008811951,0.8505010008811951,0.8505010008811951,500.0
2024-03-01 13:19:00,DNLI,20.729999542236328,20.729999542236328,20.729999542236328,20.700000762939453,20.700000762939453,2227.0
2024-03-01 13:19:00,DRRX,1.0094000101089478,1.0094000101089478,1.0094000101089478,1.0094000101089478,1.0094000101089478,140.0
2024-03-01 13:19:00,DTIL,12.414999961853027,12.414999961853027,12.414999961853027,12.414999961853027,12.414999961853027,174.0
2024-03-01 13:19:00,DVAX,12.875,12.875,12.885000228881836,12.875,12.885000228881836,2141.0
2024-03-01 13:19:00,DXCM,121.93000030517578,121.93000030517578,121.93000030517578,121.80000305175781,121.83999633789062,7558.0
2024-03-01 13:19:00,DYN,28.6200008392334,28.6200008392334,28.6200008392334,28.459999084472656,28.459999084472656,4055.0
2024-03-01 13:19:00,DYNT,0.49300000071525574,0.49300000071525574,0.49300000071525574,0.49300000071525574,0.49300000071525574,196.0
2024-03-01 13:19:00,EDIT,10.859999656677246,10.859999656677246,10.859999656677246,10.819999694824219,10.824999809265137,8980.0
2024-03-01 13:19:00,EDSA,4.78000020980835,4.78000020980835,4.78000020980835,4.78000020980835,4.78000020980835,711.0
2024-03-01 13:19:00,ELEV,5.074999809265137,5.074999809265137,5.079999923706055,5.064899921417236,5.070000171661377,1821.0
2024-03-01 13:19:00,EMBC,14.350000381469727,14.350000381469727,14.380000114440918,14.350000381469727,14.380000114440918,2392.0
2024-03-01 13:19:00,ENLV,3.2990000247955322,3.2990000247955322,3.3399999141693115,3.2899999618530273,3.3399999141693115,4112.0
2024-03-01 13:19:00,ENSG,122.51499938964844,122.51499938964844,122.51499938964844,122.51499938964844,122.51499938964844,200.0
2024-03-01 13:19:00,ENVB,1.5199999809265137,1.5199999809265137,1.5199999809265137,1.5199999809265137,1.5199999809265137,155.0
2024-03-01 13:19:00,EQ,2.490000009536743,2.490000009536743,2.490000009536743,2.490000009536743,2.490000009536743,100.0
2024-03-01 13:19:00,ERAS,2.494999885559082,2.494999885559082,2.505000114440918,2.494999885559082,2.505000114440918,7854.0
2024-03-01 13:19:00,ESPR,2.5199999809265137,2.5199999809265137,2.5199999809265137,2.5199999809265137,2.5199999809265137,1690.0
2024-03-01 13:19:00,ETNB,13.260000228881836,13.260000228881836,13.260000228881836,13.239999771118164,13.239999771118164,3452.0
2024-03-01 13:19:00,EWTX,17.0,17.0,17.0,17.0,17.0,296.0
2024-03-01 13:19:00,EXAS,60.209999084472656,60.209999084472656,60.209999084472656,60.20000076293945,60.20000076293945,1652.0
2024-03-01 13:19:00,EXEL,22.610000610351562,22.610000610351562,22.610000610351562,22.604999542236328,22.604999542236328,2576.0
2024-03-01 13:19:00,EYEN,2.430000066757202,2.430000066757202,2.4609999656677246,2.4200000762939453,2.4609999656677246,11496.0
2024-03-01 13:19:00,EYPT,28.020000457763672,28.020000457763672,28.030000686645508,27.969999313354492,28.010000228881836,2455.0
2024-03-01 13:19:00,FATE,7.71999979019165,7.71999979019165,7.71999979019165,7.684999942779541,7.684999942779541,3642.0
2024-03-01 13:19:00,FBIO,2.3399999141693115,2.3399999141693115,2.3499999046325684,2.3399999141693115,2.3399999141693115,9826.0
2024-03-01 13:19:00,FDMT,29.40999984741211,29.40999984741211,29.40999984741211,29.40999984741211,29.40999984741211,462.0
2024-03-01 13:19:00,FENC,9.649999618530273,9.649999618530273,9.65999984741211,9.649999618530273,9.65999984741211,622.0
2024-03-01 13:19:00,FGEN,1.8650000095367432,1.8650000095367432,1.8799999952316284,1.8550000190734863,1.8550000190734863,10801.0
2024-03-01 13:19:00,FLGT,23.219999313354492,23.219999313354492,23.219999313354492,23.149999618530273,23.149999618530273,3285.0
2024-03-01 13:19:00,FOLD,13.380000114440918,13.380000114440918,13.380000114440918,13.375,13.375,1262.0
2024-03-01 13:19:00,FULC,10.989999771118164,10.989999771118164,11.0,10.989999771118164,10.989999771118164,529.0
2024-03-01 13:19:00,FUSN,12.454999923706055,12.454999923706055,12.470000267028809,12.430000305175781,12.470000267028809,2544.0
2024-03-01 13:19:00,GANX,4.684999942779541,4.684999942779541,4.690999984741211,4.684999942779541,4.690999984741211,886.0
2024-03-01 13:19:00,GDRX,8.244999885559082,8.244999885559082,8.25,8.239999771118164,8.239999771118164,1407.0
2024-03-01 13:19:00,GERN,2.240000009536743,2.240000009536743,2.240000009536743,2.2300000190734863,2.234999895095825,16309.0
2024-03-01 13:19:00,GH,19.045000076293945,19.045000076293945,19.049999237060547,19.045000076293945,19.049999237060547,728.0
2024-03-01 13:19:00,GILD,72.20999908447266,72.20999908447266,72.21499633789062,72.19000244140625,72.19519805908203,11587.0
2024-03-01 13:19:00,GLSI,12.6899995803833,12.6899995803833,12.6899995803833,12.6899995803833,12.6899995803833,131.0
2024-03-01 13:19:00,GLYC,3.0399999618530273,3.0399999618530273,3.0399999618530273,3.0399999618530273,3.0399999618530273,100.0
2024-03-01 13:19:00,GMAB,29.399999618530273,29.399999618530273,29.399999618530273,29.378999710083008,29.3799991607666,2505.0
2024-03-01 13:19:00,GMDA,0.37070000171661377,0.37070000171661377,0.3749000132083893,0.37070000171661377,0.3747999966144562,5173.0
2024-03-01 13:19:00,GOSS,1.399999976158142,1.399999976158142,1.399999976158142,1.399999976158142,1.399999976158142,100.0
2024-03-01 13:19:00,GRFS,7.105000019073486,7.105000019073486,7.105000019073486,7.105000019073486,7.105000019073486,207.0
2024-03-01 13:19:00,GTHX,3.75,3.75,3.75,3.75,3.75,100.0
2024-03-01 13:19:00,HALO,41.48360061645508,41.48360061645508,41.529998779296875,41.48360061645508,41.4900016784668,3434.0
2024-03-01 13:19:00,HARP,22.950000762939453,22.950000762939453,22.950000762939453,22.950000762939453,22.950000762939453,153.0
2024-03-01 13:19:00,HBIO,4.360000133514404,4.360000133514404,4.360000133514404,4.360000133514404,4.360000133514404,391.0
2024-03-01 13:19:00,HCAT,8.140000343322754,8.140000343322754,8.140000343322754,8.130000114440918,8.130000114440918,1041.0
2024-03-01 13:19:00,HCM,15.3100004196167,15.3100004196167,15.3100004196167,15.3100004196167,15.3100004196167,160.0
2024-03-01 13:19:00,HCSG,12.635000228881836,12.635000228881836,12.635000228881836,12.635000228881836,12.635000228881836,229.0
2024-03-01 13:19:00,HCTI,2.444999933242798,2.444999933242798,2.444999933242798,2.444999933242798,2.444999933242798,613.0
2024-03-01 13:19:00,HITI,1.7599999904632568,1.7599999904632568,1.7599999904632568,1.7599999904632568,1.7599999904632568,240.0
2024-03-01 13:19:00,HLTH,0.27160000801086426,0.27160000801086426,0.27160000801086426,0.27160000801086426,0.27160000801086426,282.0
2024-03-01 13:19:00,HOLX,74.08999633789062,74.08999633789062,74.08999633789062,74.08999633789062,74.08999633789062,409.0
2024-03-01 13:19:00,HRTX,2.569999933242798,2.569999933242798,2.569999933242798,2.569999933242798,2.569999933242798,365.0
2024-03-01 13:19:00,HSIC,76.81500244140625,76.81500244140625,76.81500244140625,76.81500244140625,76.81500244140625,348.0
2024-03-01 13:19:00,HSTM,27.299999237060547,27.299999237060547,27.299999237060547,27.299999237060547,27.299999237060547,459.0
2024-03-01 13:19:00,HUMA,3.38100004196167,3.38100004196167,3.389699935913086,3.38100004196167,3.389699935913086,1031.0
2024-03-01 13:19:00,IART,36.41999816894531,36.41999816894531,36.45479965209961,36.41999816894531,36.45479965209961,1043.0
2024-03-01 13:19:00,IBRX,4.75,4.75,4.75,4.739999771118164,4.744999885559082,11875.0
2024-03-01 13:19:00,ICAD,1.8700000047683716,1.8700000047683716,1.8700000047683716,1.8700000047683716,1.8700000047683716,115.0
2024-03-01 13:19:00,ICLR,322.8599853515625,322.8599853515625,322.9700012207031,322.8599853515625,322.8999938964844,957.0
2024-03-01 13:19:00,ICUI,104.7300033569336,104.7300033569336,104.7300033569336,104.7300033569336,104.7300033569336,569.0
2024-03-01 13:19:00,IDYA,46.54999923706055,46.54999923706055,46.54999923706055,46.54999923706055,46.54999923706055,338.0
2024-03-01 13:19:00,IGMS,13.520000457763672,13.520000457763672,13.520000457763672,13.520000457763672,13.520000457763672,293.0
2024-03-01 13:19:00,ILMN,142.13499450683594,142.13499450683594,142.17999267578125,142.09010314941406,142.13999938964844,1878.0
2024-03-01 13:19:00,IMAB,1.8250000476837158,1.8250000476837158,1.8300000429153442,1.8250000476837158,1.8300000429153442,1150.0
2024-03-01 13:19:00,IMMX,3.559999942779541,3.559999942779541,3.559999942779541,3.555000066757202,3.555000066757202,2643.0
2024-03-01 13:19:00,IMUX,1.475000023841858,1.475000023841858,1.475000023841858,1.475000023841858,1.475000023841858,206.0
2024-03-01 13:19:00,IMVT,36.07500076293945,36.07500076293945,36.07749938964844,36.060001373291016,36.07500076293945,1451.0
2024-03-01 13:19:00,INBX,36.560001373291016,36.560001373291016,36.560001373291016,36.54999923706055,36.54999923706055,431.0
2024-03-01 13:19:00,INCY,59.3400993347168,59.3400993347168,59.38999938964844,59.3400993347168,59.369998931884766,5393.0
2024-03-01 13:19:00,INMD,22.860000610351562,22.860000610351562,22.860000610351562,22.860000610351562,22.860000610351562,418.0
2024-03-01 13:19:00,INO,9.40999984741211,9.40999984741211,9.40999984741211,9.40999984741211,9.40999984741211,897.0
2024-03-01 13:19:00,INSM,28.450000762939453,28.450000762939453,28.450000762939453,28.450000762939453,28.450000762939453,634.0
2024-03-01 13:19:00,INVA,15.694999694824219,15.694999694824219,15.694999694824219,15.694999694824219,15.694999694824219,446.0
2024-03-01 13:19:00,IONS,45.81999969482422,45.81999969482422,45.81999969482422,45.81999969482422,45.81999969482422,588.0
2024-03-01 13:19:00,IOVA,17.18000030517578,17.18000030517578,17.18000030517578,17.045000076293945,17.049999237060547,42877.0
2024-03-01 13:19:00,IRWD,9.051199913024902,9.051199913024902,9.0600004196167,9.050000190734863,9.055000305175781,5639.0
2024-03-01 13:19:00,ISRG,396.1275939941406,396.1275939941406,396.1275939941406,396.0249938964844,396.0249938964844,1378.0
2024-03-01 13:19:00,ITCI,71.12000274658203,71.12000274658203,71.16000366210938,71.12000274658203,71.13500213623047,472.0
2024-03-01 13:19:00,ITOS,11.050000190734863,11.050000190734863,11.050000190734863,11.050000190734863,11.050000190734863,518.0
2024-03-01 13:19:00,JAGX,0.07639999687671661,0.07639999687671661,0.07643099874258041,0.07559999823570251,0.07609999924898148,296420.0
2024-03-01 13:19:00,JAZZ,119.26000213623047,119.26000213623047,119.26000213623047,119.23889923095703,119.23889923095703,352.0
2024-03-01 13:19:00,JSPR,20.924999237060547,20.924999237060547,21.0,20.860000610351562,20.989999771118164,2523.0
2024-03-01 13:19:00,JYNT,9.970000267028809,9.970000267028809,9.984999656677246,9.960000038146973,9.979999542236328,637.0
2024-03-01 13:19:00,KALV,14.140000343322754,14.140000343322754,14.149999618530273,14.140000343322754,14.140000343322754,1445.0
2024-03-01 13:19:00,KNTE,2.5950000286102295,2.5950000286102295,2.5950000286102295,2.5950000286102295,2.5950000286102295,325.0
2024-03-01 13:19:00,KOD,6.074999809265137,6.074999809265137,6.074999809265137,6.074999809265137,6.074999809265137,197.0
2024-03-01 13:19:00,KRON,1.034999966621399,1.034999966621399,1.034999966621399,1.0299999713897705,1.0299999713897705,5424.0
2024-03-01 13:19:00,KYMR,44.07500076293945,44.07500076293945,44.07500076293945,44.06999969482422,44.06999969482422,418.0
2024-03-01 13:19:00,LAB,2.505000114440918,2.505000114440918,2.505000114440918,2.505000114440918,2.505000114440918,632.0
2024-03-01 13:19:00,LBPH,22.020000457763672,22.020000457763672,22.020000457763672,22.020000457763672,22.020000457763672,358.0
2024-03-01 13:19:00,LEGN,66.0199966430664,66.0199966430664,66.02999877929688,65.98999786376953,66.02999877929688,595.0
2024-03-01 13:19:00,LEXX,2.8499999046325684,2.8499999046325684,2.8499999046325684,2.819999933242798,2.819999933242798,441.0
2024-03-01 13:19:00,LFLY,3.0,3.0,3.0,3.0,3.0,100.0
2024-03-01 13:19:00,LFMD,8.0,8.0,8.010000228881836,7.989999771118164,7.989999771118164,915.0
2024-03-01 13:19:00,LFST,7.764999866485596,7.764999866485596,7.764999866485596,7.755000114440918,7.755000114440918,2125.0
2024-03-01 13:19:00,LGND,77.8499984741211,77.8499984741211,77.8499984741211,77.83000183105469,77.8499984741211,958.0
2024-03-01 13:19:00,LIAN,4.869999885559082,4.869999885559082,4.869999885559082,4.869999885559082,4.869999885559082,101.0
2024-03-01 13:19:00,LNTH,65.23500061035156,65.23500061035156,65.26000213623047,65.19499969482422,65.26000213623047,2804.0
2024-03-01 13:19:00,LQDA,14.569999694824219,14.569999694824219,14.569999694824219,14.555000305175781,14.555000305175781,1527.0
2024-03-01 13:19:00,LUNG,9.489999771118164,9.489999771118164,9.510000228881836,9.475000381469727,9.489999771118164,3551.0
2024-03-01 13:19:00,LVTX,2.930000066757202,2.930000066757202,2.930000066757202,2.930000066757202,2.930000066757202,185.0
2024-03-01 13:19:00,LXRX,2.5199999809265137,2.5199999809265137,2.5199999809265137,2.505000114440918,2.509999990463257,17158.0
2024-03-01 13:19:00,LYRA,5.71999979019165,5.71999979019165,5.71999979019165,5.699999809265137,5.699999809265137,1104.0
2024-03-01 13:19:00,MASI,128.57000732421875,128.57000732421875,128.57000732421875,128.56500244140625,128.56500244140625,406.0
2024-03-01 13:19:00,MCRB,1.2050000429153442,1.2050000429153442,1.2100000381469727,1.2000000476837158,1.2100000381469727,900.0
2024-03-01 13:19:00,MDGS,2.687999963760376,2.687999963760376,2.687999963760376,2.6700000762939453,2.6700000762939453,801.0
2024-03-01 13:19:00,MDRX,6.039999961853027,6.039999961853027,6.050000190734863,6.039999961853027,6.039999961853027,135454.0
2024-03-01 13:19:00,MDXG,8.664999961853027,8.664999961853027,8.664999961853027,8.65999984741211,8.65999984741211,3662.0
2024-03-01 13:19:00,ME,0.5734000205993652,0.5734000205993652,0.5734000205993652,0.5733000040054321,0.5733500123023987,7910.0
2024-03-01 13:19:00,MGNX,19.05500030517578,19.05500030517578,19.05500030517578,19.024999618530273,19.024999618530273,1775.0
2024-03-01 13:19:00,MIRM,29.799999237060547,29.799999237060547,29.799999237060547,29.799999237060547,29.799999237060547,150.0
2024-03-01 13:19:00,MLTX,51.09000015258789,51.09000015258789,51.09000015258789,51.029998779296875,51.06999969482422,2521.0
2024-03-01 13:19:00,MMSI,76.45890045166016,76.45890045166016,76.45890045166016,76.45890045166016,76.45890045166016,243.0
2024-03-01 13:19:00,MNKD,4.559999942779541,4.559999942779541,4.559999942779541,4.550000190734863,4.550000190734863,5718.0
2024-03-01 13:19:00,MNMD,6.114999771118164,6.114999771118164,6.119900226593018,6.114999771118164,6.114999771118164,1477.0
2024-03-01 13:19:00,MNOV,1.3700000047683716,1.3700000047683716,1.3700000047683716,1.3700000047683716,1.3700000047683716,1726.0
2024-03-01 13:19:00,MNPR,0.8740000128746033,0.8740000128746033,0.8799999952316284,0.8740000128746033,0.8799999952316284,2440.0
2024-03-01 13:19:00,MODV,28.059999465942383,28.059999465942383,28.075000762939453,28.059999465942383,28.075000762939453,281.0
2024-03-01 13:19:00,MOR,17.575000762939453,17.575000762939453,17.579999923706055,17.56999969482422,17.56999969482422,1571.0
2024-03-01 13:19:00,MORF,39.40999984741211,39.40999984741211,39.40999984741211,39.380001068115234,39.380001068115234,751.0
2024-03-01 13:19:00,MREO,4.005000114440918,4.005000114440918,4.005000114440918,3.9999001026153564,3.9999001026153564,2461.0
2024-03-01 13:19:00,MRNA,96.2300033569336,96.2300033569336,96.26000213623047,96.12999725341797,96.18499755859375,5669.0
2024-03-01 13:19:00,MRSN,5.96999979019165,5.96999979019165,5.96999979019165,5.949999809265137,5.96999979019165,7948.0
2024-03-01 13:19:00,MRUS,51.654998779296875,51.654998779296875,51.654998779296875,51.619998931884766,51.619998931884766,273.0
2024-03-01 13:19:00,MRVI,7.710000038146973,7.710000038146973,7.724999904632568,7.710000038146973,7.724999904632568,1817.0
2024-03-01 13:19:00,MXCT,4.764999866485596,4.764999866485596,4.764999866485596,4.760000228881836,4.764999866485596,904.0
2024-03-01 13:19:00,NARI,45.02000045776367,45.02000045776367,45.029998779296875,44.939998626708984,44.9900016784668,13041.0
2024-03-01 13:19:00,NAUT,2.6500000953674316,2.6500000953674316,2.6500000953674316,2.6500000953674316,2.6500000953674316,275.0
2024-03-01 13:19:00,NBIX,131.39500427246094,131.39500427246094,131.39999389648438,131.39500427246094,131.39999389648438,511.0
2024-03-01 13:19:00,NEO,16.020000457763672,16.020000457763672,16.020000457763672,16.020000457763672,16.020000457763672,808.0
2024-03-01 13:19:00,NEXI,6.414999961853027,6.414999961853027,6.414999961853027,6.380000114440918,6.380000114440918,423.0
2024-03-01 13:19:00,NGM,1.5299999713897705,1.5299999713897705,1.5299999713897705,1.5299999713897705,1.5299999713897705,224.0
2024-03-01 13:19:00,NKTR,0.7800099849700928,0.7800099849700928,0.7896999716758728,0.7799999713897705,0.7896999716758728,33315.0
2024-03-01 13:19:00,NKTX,12.720000267028809,12.720000267028809,12.720000267028809,12.720000267028809,12.720000267028809,2828.0
2024-03-01 13:19:00,NNOX,10.960399627685547,10.960399627685547,10.970000267028809,10.960100173950195,10.970000267028809,8257.0
2024-03-01 13:19:00,NOTV,8.120100021362305,8.120100021362305,8.140000343322754,8.120100021362305,8.140000343322754,1224.0
2024-03-01 13:19:00,NPCE,16.709999084472656,16.709999084472656,16.729999542236328,16.709999084472656,16.729999542236328,620.0
2024-03-01 13:19:00,NRIX,13.710000038146973,13.710000038146973,13.710000038146973,13.710000038146973,13.710000038146973,115.0
2024-03-01 13:19:00,NRSN,2.039900064468384,2.039900064468384,2.039900064468384,2.0397000312805176,2.0397000312805176,663.0
2024-03-01 13:19:00,NTLA,33.29999923706055,33.29999923706055,33.310001373291016,33.27000045776367,33.27000045776367,2055.0
2024-03-01 13:19:00,NTRA,89.84500122070312,89.84500122070312,89.90499877929688,89.83999633789062,89.9000015258789,5871.0
2024-03-01 13:19:00,NURO,3.9516000747680664,3.9516000747680664,3.9858999252319336,3.9516000747680664,3.9858999252319336,613.0
2024-03-01 13:19:00,NUWE,0.5849000215530396,0.5849000215530396,0.5849000215530396,0.5849000215530396,0.5849000215530396,145.0
2024-03-01 13:19:00,NVAX,5.215000152587891,5.215000152587891,5.21999979019165,5.210100173950195,5.21999979019165,9699.0
2024-03-01 13:19:00,NVCR,15.970000267028809,15.970000267028809,15.970000267028809,15.9399995803833,15.9399995803833,2388.0
2024-03-01 13:19:00,NXTC,1.75,1.75,1.75,1.75,1.75,432.0
2024-03-01 13:19:00,OCGN,0.949999988079071,0.949999988079071,0.9514999985694885,0.9459999799728394,0.949999988079071,167323.0
2024-03-01 13:19:00,OCUL,10.850000381469727,10.850000381469727,10.850000381469727,10.840100288391113,10.840100288391113,690.0
2024-03-01 13:19:00,OGI,2.194999933242798,2.194999933242798,2.194999933242798,2.194999933242798,2.194999933242798,201.0
2024-03-01 13:19:00,OLK,22.729999542236328,22.729999542236328,22.735000610351562,22.729999542236328,22.735000610351562,334.0
2024-03-01 13:19:00,OLMA,14.729999542236328,14.729999542236328,14.729999542236328,14.6899995803833,14.6899995803833,1357.0
2024-03-01 13:19:00,OM,3.119999885559082,3.119999885559082,3.119999885559082,3.115000009536743,3.115000009536743,1265.0
2024-03-01 13:19:00,OMGA,4.230000019073486,4.230000019073486,4.230000019073486,4.230000019073486,4.230000019073486,998.0
2024-03-01 13:20:00,AADI,2.0,2.0,2.0,2.0,2.0,303.0
2024-03-01 13:20:00,ABCL,5.235000133514404,5.235000133514404,5.235000133514404,5.235000133514404,5.235000133514404,3200.0
2024-03-01 13:20:00,ABEO,7.764999866485596,7.764999866485596,7.764999866485596,7.764999866485596,7.764999866485596,103.0
2024-03-01 13:20:00,ABSI,5.389100074768066,5.389100074768066,5.389999866485596,5.389100074768066,5.389999866485596,1502.0
2024-03-01 13:20:00,ACAD,24.350000381469727,24.350000381469727,24.350000381469727,24.350000381469727,24.350000381469727,326.0
2024-03-01 13:20:00,ACET,2.4000000953674316,2.4000000953674316,2.4000000953674316,2.3949999809265137,2.3949999809265137,275.0
2024-03-01 13:20:00,ACLX,67.38999938964844,67.38999938964844,67.38999938964844,67.2699966430664,67.2699966430664,1204.0
2024-03-01 13:20:00,ACRS,1.2400000095367432,1.2400000095367432,1.2400000095367432,1.2300000190734863,1.2300000190734863,500.0
2024-03-01 13:20:00,ADAP,1.6200000047683716,1.6200000047683716,1.6200000047683716,1.6200000047683716,1.6200000047683716,480.0
2024-03-01 13:20:00,ADIL,3.299999952316284,3.299999952316284,3.3499999046325684,3.2200000286102295,3.25,169934.0
2024-03-01 13:20:00,ADMA,5.505000114440918,5.505000114440918,5.505000114440918,5.5,5.505000114440918,2090.0
2024-03-01 13:20:00,ADPT,4.159999847412109,4.159999847412109,4.159999847412109,4.159999847412109,4.159999847412109,104.0
2024-03-01 13:20:00,ADVM,1.9600000381469727,1.9600000381469727,1.9600000381469727,1.9600000381469727,1.9600000381469727,162.0
2024-03-01 13:20:00,AFMD,0.6399999856948853,0.6399999856948853,0.6399999856948853,0.6399999856948853,0.6399999856948853,2457.0
2024-03-01 13:20:00,AGEN,0.6819499731063843,0.6819499731063843,0.6829000115394592,0.6811000108718872,0.6818000078201294,3602.0
2024-03-01 13:20:00,AGIO,32.880001068115234,32.880001068115234,32.880001068115234,32.880001068115234,32.880001068115234,461.0
2024-03-01 13:20:00,AGRX,0.8303999900817871,0.8303999900817871,0.8385819792747498,0.8292999863624573,0.8385819792747498,5858.0
2024-03-01 13:20:00,AHCO,10.569999694824219,10.569999694824219,10.604999542236328,10.569999694824219,10.604999542236328,3141.0
2024-03-01 13:20:00,AKAN,0.2150000035762787,0.2150000035762787,0.2150000035762787,0.2150000035762787,0.2150000035762787,301.0
2024-03-01 13:20:00,AKBA,1.6892000436782837,1.6892000436782837,1.6892000436782837,1.6799999475479126,1.6801999807357788,7273.0
2024-03-01 13:20:00,AKLI,0.3449999988079071,0.3449999988079071,0.3449999988079071,0.3449999988079071,0.3449999988079071,2334.0
2024-03-01 13:20:00,AKRO,29.920000076293945,29.920000076293945,29.920000076293945,29.920000076293945,29.920000076293945,178.0
2024-03-01 13:20:00,ALEC,7.295000076293945,7.295000076293945,7.300000190734863,7.295000076293945,7.295000076293945,4070.0
2024-03-01 13:20:00,ALGN,304.1499938964844,304.1499938964844,304.2300109863281,304.07000732421875,304.07000732421875,1784.0
2024-03-01 13:20:00,ALGS,1.1216000318527222,1.1216000318527222,1.1216000318527222,1.1216000318527222,1.1216000318527222,900.0
2024-03-01 13:20:00,ALHC,5.704999923706055,5.704999923706055,5.704999923706055,5.692500114440918,5.699999809265137,7198.0
2024-03-01 13:20:00,ALKS,30.232799530029297,30.232799530029297,30.235000610351562,30.229999542236328,30.235000610351562,494.0
2024-03-01 13:20:00,ALLK,1.6150000095367432,1.6150000095367432,1.6200000047683716,1.6150000095367432,1.6150000095367432,1720.0
2024-03-01 13:20:00,ALLO,5.045000076293945,5.045000076293945,5.050000190734863,5.039999961853027,5.039999961853027,5036.0
2024-03-01 13:20:00,ALNY,154.47000122070312,154.47000122070312,154.47000122070312,154.47000122070312,154.47000122070312,663.0
2024-03-01 13:20:00,ALPN,35.98500061035156,35.98500061035156,36.0,35.970001220703125,35.970001220703125,1148.0
2024-03-01 13:20:00,ALT,12.039999961853027,12.039999961853027,12.050000190734863,12.029999732971191,12.029999732971191,4031.0
2024-03-01 13:20:00,ALVR,0.7537999749183655,0.7537999749183655,0.7537999749183655,0.7537999749183655,0.7537999749183655,817.0
2024-03-01 13:20:00,ALXO,15.039999961853027,15.039999961853027,15.039999961853027,15.010000228881836,15.010000228881836,977.0
2024-03-01 13:20:00,AMED,93.3499984741211,93.3499984741211,93.3499984741211,93.3499984741211,93.3499984741211,407.0
2024-03-01 13:20:00,AMGN,280.760009765625,280.760009765625,280.760009765625,280.6499938964844,280.6499938964844,4735.0
2024-03-01 13:20:00,AMLX,18.809999465942383,18.809999465942383,18.81999969482422,18.780000686645508,18.780000686645508,29689.0
2024-03-01 13:20:00,AMPH,45.380001068115234,45.380001068115234,45.380001068115234,45.380001068115234,45.380001068115234,533.0
2024-03-01 13:20:00,AMRN,1.0499999523162842,1.0499999523162842,1.0549999475479126,1.0499999523162842,1.0549999475479126,803.0
2024-03-01 13:20:00,ANAB,25.3799991607666,25.3799991607666,25.3799991607666,25.3799991607666,25.3799991607666,192.0
2024-03-01 13:20:00,ANIP,65.93000030517578,65.93000030517578,66.06500244140625,65.93000030517578,66.06500244140625,276.0
2024-03-01 13:20:00,ANNX,6.065000057220459,6.065000057220459,6.065000057220459,6.065000057220459,6.065000057220459,800.0
2024-03-01 13:20:00,APLS,64.76000213623047,64.76000213623047,64.7699966430664,64.72000122070312,64.76499938964844,1542.0
2024-03-01 13:20:00,APLT,7.159999847412109,7.159999847412109,7.159999847412109,7.159999847412109,7.159999847412109,207.0
2024-03-01 13:20:00,AQST,4.150000095367432,4.150000095367432,4.15500020980835,4.150000095367432,4.151500225067139,2560.0
2024-03-01 13:20:00,ARCT,39.95500183105469,39.95500183105469,39.95500183105469,39.95500183105469,39.95500183105469,391.0
2024-03-01 13:20:00,ARDX,9.5,9.5,9.5,9.475000381469727,9.475000381469727,4967.0
2024-03-01 13:20:00,ARQT,11.66349983215332,11.66349983215332,11.677599906921387,11.65999984741211,11.670000076293945,17581.0
2024-03-01 13:20:00,ARVN,48.66999816894531,48.66999816894531,48.66999816894531,48.66999816894531,48.66999816894531,310.0
2024-03-01 13:20:00,ARWR,35.3849983215332,35.3849983215332,35.415000915527344,35.3849983215332,35.415000915527344,1212.0
2024-03-01 13:20:00,ASMB,13.210000038146973,13.210000038146973,13.210000038146973,13.149999618530273,13.149999618530273,1502.0
2024-03-01 13:20:00,ASND,152.24000549316406,152.24000549316406,152.24000549316406,152.24000549316406,152.24000549316406,383.0
2024-03-01 13:20:00,ASRT,0.9248499870300293,0.9248499870300293,0.9294999837875366,0.920199990272522,0.9294999837875366,1787.0
2024-03-01 13:20:00,ATAI,2.1500000953674316,2.1500000953674316,2.1500000953674316,2.140000104904175,2.140000104904175,269.0
2024-03-01 13:20:00,ATEC,13.479999542236328,13.479999542236328,13.489999771118164,13.479999542236328,13.489999771118164,691.0
2024-03-01 13:20:00,ATNF,3.3499999046325684,3.3499999046325684,3.3499999046325684,3.3499999046325684,3.3499999046325684,201.0
2024-03-01 13:20:00,ATOS,1.0099999904632568,1.0099999904632568,1.0099999904632568,1.0099999904632568,1.0099999904632568,1411.0
2024-03-01 13:20:00,ATRA,0.7998999953269958,0.7998999953269958,0.7998999953269958,0.7975000143051147,0.7975000143051147,1200.0
2024-03-01 13:20:00,ATRC,36.02000045776367,36.02000045776367,36.02000045776367,36.005001068115234,36.005001068115234,436.0
2024-03-01 13:20:00,ATXS,14.720000267028809,14.720000267028809,14.75,14.720000267028809,14.75,1276.0
2024-03-01 13:20:00,AUGX,4.559999942779541,4.559999942779541,4.559999942779541,4.559999942779541,4.559999942779541,346.0
2024-03-01 13:20:00,AUPH,5.860899925231934,5.860899925231934,5.860899925231934,5.860899925231934,5.860899925231934,4190.0
2024-03-01 13:20:00,AURA,9.300000190734863,9.300000190734863,9.300000190734863,9.274999618530273,9.300000190734863,411.0
2024-03-01 13:20:00,AVDL,13.220000267028809,13.220000267028809,13.239999771118164,13.220000267028809,13.225000381469727,13616.0
2024-03-01 13:20:00,AVTE,23.739999771118164,23.739999771118164,23.739999771118164,23.739999771118164,23.739999771118164,221.0
2024-03-01 13:20:00,AVTX,4.550000190734863,4.550000190734863,4.550000190734863,4.550000190734863,4.550000190734863,111.0
2024-03-01 13:20:00,AVXL,5.300000190734863,5.300000190734863,5.309999942779541,5.300000190734863,5.300000190734863,1020.0
2024-03-01 13:20:00,AXNX,67.61499786376953,67.61499786376953,67.61499786376953,67.61499786376953,67.61499786376953,514.0
2024-03-01 13:20:00,AXSM,82.16000366210938,82.16000366210938,82.25,82.16000366210938,82.25,1213.0
2024-03-01 13:20:00,AZN,64.6500015258789,64.6500015258789,64.6500015258789,64.63500213623047,64.63500213623047,7437.0
2024-03-01 13:20:00,AZTA,67.0999984741211,67.0999984741211,67.11000061035156,67.08999633789062,67.08999633789062,974.0
2024-03-01 13:20:00,BBIO,36.099998474121094,36.099998474121094,36.099998474121094,36.040000915527344,36.06999969482422,647.0
2024-03-01 13:20:00,BBLG,2.4649999141693115,2.4649999141693115,2.4749999046325684,2.440000057220459,2.4749999046325684,1503.0
2024-03-01 13:20:00,BCRX,5.708799839019775,5.708799839019775,5.708799839019775,5.699999809265137,5.699999809265137,2886.0
2024-03-01 13:20:00,BCTX,3.5450000762939453,3.5450000762939453,3.5450000762939453,3.5450000762939453,3.5450000762939453,294.0
2024-03-01 13:20:00,BCYC,26.18000030517578,26.18000030517578,26.18000030517578,26.18000030517578,26.18000030517578,540.0
2024-03-01 13:20:00,BDTX,5.019999980926514,5.019999980926514,5.019999980926514,5.019999980926514,5.019999980926514,100.0
2024-03-01 13:20:00,BEAM,40.10499954223633,40.10499954223633,40.10499954223633,40.07500076293945,40.08000183105469,783.0
2024-03-01 13:20:00,BGNE,166.4600067138672,166.4600067138672,166.4600067138672,166.3699951171875,166.3699951171875,467.0
2024-03-01 13:20:00,BGXX,0.27070000767707825,0.27070000767707825,0.27070000767707825,0.27070000767707825,0.27070000767707825,700.0
2024-03-01 13:20:00,BIIB,221.0749969482422,221.0749969482422,221.4199981689453,221.0749969482422,221.4199981689453,6976.0
2024-03-01 13:20:00,BIOR,1.13100004196167,1.13100004196167,1.13100004196167,1.13100004196167,1.13100004196167,151.0
2024-03-01 13:20:00,BIVI,1.951300024986267,1.951300024986267,1.9800000190734863,1.9500000476837158,1.9708000421524048,53350.0
2024-03-01 13:20:00,BLFS,18.1299991607666,18.1299991607666,18.1299991607666,18.1299991607666,18.1299991607666,200.0
2024-03-01 13:20:00,BLUE,1.5950000286102295,1.5950000286102295,1.5999000072479248,1.590000033378601,1.590000033378601,3044.0
2024-03-01 13:20:00,BMEA,18.139999389648438,18.139999389648438,18.163799285888672,18.139999389648438,18.163799285888672,606.0
2024-03-01 13:20:00,BMRA,1.2300000190734863,1.2300000190734863,1.2300000190734863,1.2300000190734863,1.2300000190734863,106.0
2024-03-01 13:20:00,BMRN,87.66500091552734,87.66500091552734,87.69000244140625,87.58000183105469,87.62999725341797,8408.0
2024-03-01 13:20:00,BNGO,1.2599999904632568,1.2599999904632568,1.2599999904632568,1.25,1.2599999904632568,1861.0
2024-03-01 13:20:00,BNTX,91.62059783935547,91.62059783935547,91.62059783935547,91.62059783935547,91.62059783935547,651.0
2024-03-01 13:20:00,BPMC,97.45999908447266,97.45999908447266,97.45999908447266,97.45999908447266,97.45999908447266,106.0
2024-03-01 13:20:00,BRKR,88.26000213623047,88.26000213623047,88.29000091552734,88.25,88.25,9868.0
2024-03-01 13:20:00,BSGM,0.6700000166893005,0.6700000166893005,0.6700000166893005,0.6700000166893005,0.6700000166893005,100.0
2024-03-01 13:20:00,BTTX,0.17900000512599945,0.17900000512599945,0.17900000512599945,0.17767499387264252,0.17767499387264252,5000.0
2024-03-01 13:20:00,BWAY,6.514999866485596,6.514999866485596,6.514999866485596,6.514999866485596,6.514999866485596,100.0
2024-03-01 13:20:00,BYSI,1.5399999618530273,1.5399999618530273,1.5399999618530273,1.5399999618530273,1.5399999618530273,200.0
2024-03-01 13:20:00,CABA,24.274999618530273,24.274999618530273,24.30500030517578,24.274999618530273,24.280000686645508,3295.0
2024-03-01 13:20:00,CALT,21.559999465942383,21.559999465942383,21.559999465942383,21.559999465942383,21.559999465942383,106.0
2024-03-01 13:20:00,CARA,0.9138000011444092,0.9138000011444092,0.9287999868392944,0.9138000011444092,0.9272000193595886,761.0
2024-03-01 13:20:00,CBAY,32.2400016784668,32.2400016784668,32.2400016784668,32.23500061035156,32.2400016784668,3340.0
2024-03-01 13:20:00,CCCC,11.0,11.0,11.005000114440918,10.989999771118164,10.999899864196777,8920.0
2024-03-01 13:20:00,CDMO,8.085000038146973,8.085000038146973,8.085000038146973,8.085000038146973,8.085000038146973,926.0
2024-03-01 13:20:00,CDNA,12.3100004196167,12.3100004196167,12.319999694824219,12.292400360107422,12.292400360107422,1687.0
2024-03-01 13:20:00,CDXS,4.570000171661377,4.570000171661377,4.570000171661377,4.570000171661377,4.570000171661377,100.0
2024-03-01 13:20:00,CERE,41.1150016784668,41.1150016784668,41.1150016784668,41.099998474121094,41.10499954223633,3209.0
2024-03-01 13:20:00,CERT,17.7450008392334,17.7450008392334,17.7450008392334,17.7450008392334,17.7450008392334,107.0
2024-03-01 13:20:00,CGC,3.255000114440918,3.255000114440918,3.2688000202178955,3.255000114440918,3.259999990463257,8890.0
2024-03-01 13:20:00,CGEN,2.6898000240325928,2.6898000240325928,2.690000057220459,2.6898000240325928,2.690000057220459,1524.0
2024-03-01 13:20:00,CHEK,2.119999885559082,2.119999885559082,2.119999885559082,2.119999885559082,2.119999885559082,158.0
2024-03-01 13:20:00,CHRS,2.4156999588012695,2.4156999588012695,2.4156999588012695,2.410099983215332,2.410099983215332,3270.0
2024-03-01 13:20:00,CING,1.340000033378601,1.340000033378601,1.3698999881744385,1.340000033378601,1.3698999881744385,1070.0
2024-03-01 13:20:00,CLDX,51.90250015258789,51.90250015258789,51.9900016784668,51.599998474121094,51.61000061035156,5724.0
2024-03-01 13:20:00,CLOV,0.864300012588501,0.864300012588501,0.8644000291824341,0.864300012588501,0.8644000291824341,9100.0
2024-03-01 13:20:00,CLPT,6.687099933624268,6.687099933624268,6.687099933624268,6.687099933624268,6.687099933624268,202.0
2024-03-01 13:20:00,CLRB,4.159999847412109,4.159999847412109,4.159999847412109,4.159999847412109,4.159999847412109,1214.0
2024-03-01 13:20:00,CMPS,11.479999542236328,11.479999542236328,11.5,11.479999542236328,11.489999771118164,603.0
2024-03-01 13:20:00,CMRX,1.1799999475479126,1.1799999475479126,1.1799999475479126,1.179800033569336,1.179800033569336,15430.0
2024-03-01 13:20:00,CNTB,1.1399999856948853,1.1399999856948853,1.1399999856948853,1.1399999856948853,1.1399999856948853,100.0
2024-03-01 13:20:00,COLL,36.93000030517578,36.93000030517578,36.93000030517578,36.88999938964844,36.88999938964844,360.0
2024-03-01 13:20:00,CPRX,17.200000762939453,17.200000762939453,17.21500015258789,17.200000762939453,17.209999084472656,3079.0
2024-03-01 13:20:00,CPSI,9.5600004196167,9.5600004196167,9.5600004196167,9.550000190734863,9.550000190734863,300.0
2024-03-01 13:20:00,CRBU,7.934999942779541,7.934999942779541,7.934999942779541,7.920000076293945,7.925000190734863,2154.0
2024-03-01 13:20:00,CRDF,2.450000047683716,2.450000047683716,2.459399938583374,2.440000057220459,2.450000047683716,7204.0
2024-03-01 13:20:00,CRDL,1.8799999952316284,1.8799999952316284,1.9199999570846558,1.8799999952316284,1.9199999570846558,5659.0
2024-03-01 13:20:00,CRMD,3.7049999237060547,3.7049999237060547,3.7049999237060547,3.7049999237060547,3.7049999237060547,137.0
2024-03-01 13:20:00,CRNX,46.95000076293945,46.95000076293945,46.95000076293945,46.935001373291016,46.935001373291016,590.0
2024-03-01 13:20:00,CRON,2.065000057220459,2.065000057220459,2.069999933242798,2.059999942779541,2.059999942779541,662.0
2024-03-01 13:20:00,CRSP,86.11499786376953,86.11499786376953,86.20999908447266,86.11499786376953,86.19999694824219,1394.0
2024-03-01 13:20:00,CSTL,20.07390022277832,20.07390022277832,20.07390022277832,20.07390022277832,20.07390022277832,707.0
2024-03-01 13:20:00,CTKB,8.819999694824219,8.819999694824219,8.829999923706055,8.819999694824219,8.829999923706055,1236.0
2024-03-01 13:20:00,CTMX,2.6549999713897705,2.6549999713897705,2.6549999713897705,2.6500000953674316,2.6500000953674316,5532.0
2024-03-01 13:20:00,CVAC,3.498800039291382,3.498800039291382,3.498800039291382,3.498800039291382,3.498800039291382,994.0
2024-03-01 13:20:00,CVRX,20.625,20.625,20.625,20.610000610351562,20.610000610351562,545.0
2024-03-01 13:20:00,CYCC,2.5999999046325684,2.5999999046325684,2.5999999046325684,2.5999999046325684,2.5999999046325684,697.0
2024-03-01 13:20:00,CYTK,73.0999984741211,73.0999984741211,73.13999938964844,73.0999984741211,73.13999938964844,270.0
2024-03-01 13:20:00,DARE,0.574999988079071,0.574999988079071,0.574999988079071,0.574999988079071,0.574999988079071,100.0
2024-03-01 13:20:00,DAWN,17.450000762939453,17.450000762939453,17.450000762939453,17.43000030517578,17.450000762939453,1320.0
2024-03-01 13:20:00,DCGO,4.159999847412109,4.159999847412109,4.159999847412109,4.159999847412109,4.159999847412109,305.0
2024-03-01 13:20:00,DCTH,4.210000038146973,4.210000038146973,4.210000038146973,4.210000038146973,4.210000038146973,417.0
2024-03-01 13:20:00,DH,8.8149995803833,8.8149995803833,8.8149995803833,8.8149995803833,8.8149995803833,177.0
2024-03-01 13:20:00,DMTK,0.8604999780654907,0.8604999780654907,0.8604999780654907,0.8503999710083008,0.8503999710083008,383.0
2024-03-01 13:20:00,DNLI,20.739999771118164,20.739999771118164,20.75,20.729999542236328,20.729999542236328,2899.0
2024-03-01 13:20:00,DTIL,12.4399995803833,12.4399995803833,12.4399995803833,12.414999961853027,12.4350004196167,1237.0
2024-03-01 13:20:00,DVAX,12.869999885559082,12.869999885559082,12.880000114440918,12.869999885559082,12.880000114440918,1037.0
2024-03-01 13:20:00,DXCM,121.91999816894531,121.91999816894531,121.94999694824219,121.9000015258789,121.93499755859375,4493.0
2024-03-01 13:20:00,DYN,28.600000381469727,28.600000381469727,28.61039924621582,28.600000381469727,28.61039924621582,738.0
2024-03-01 13:20:00,EDIT,10.854999542236328,10.854999542236328,10.854999542236328,10.854999542236328,10.854999542236328,587.0
2024-03-01 13:20:00,EKSO,2.009999990463257,2.009999990463257,2.0199999809265137,2.009999990463257,2.0199999809265137,810.0
2024-03-01 13:20:00,ELEV,5.070000171661377,5.070000171661377,5.090000152587891,5.070000171661377,5.074999809265137,2432.0
2024-03-01 13:20:00,ENSG,122.51499938964844,122.51499938964844,122.5199966430664,122.51499938964844,122.5199966430664,879.0
2024-03-01 13:20:00,ENVB,1.5099999904632568,1.5099999904632568,1.5099999904632568,1.5099999904632568,1.5099999904632568,200.0
2024-03-01 13:20:00,EOLS,14.899999618530273,14.899999618530273,14.899999618530273,14.890000343322754,14.890000343322754,607.0
2024-03-01 13:20:00,EQ,2.490000009536743,2.490000009536743,2.490000009536743,2.490000009536743,2.490000009536743,241.0
2024-03-01 13:20:00,ERAS,2.494999885559082,2.494999885559082,2.494999885559082,2.490000009536743,2.494999885559082,577.0
2024-03-01 13:20:00,ESPR,2.5199999809265137,2.5199999809265137,2.5199999809265137,2.5199999809265137,2.5199999809265137,589.0
2024-03-01 13:20:00,ESTA,45.685001373291016,45.685001373291016,45.685001373291016,45.685001373291016,45.685001373291016,220.0
2024-03-01 13:20:00,ETNB,13.289999961853027,13.289999961853027,13.289999961853027,13.270000457763672,13.270000457763672,3938.0
2024-03-01 13:20:00,EWTX,17.010000228881836,17.010000228881836,17.010000228881836,17.010000228881836,17.010000228881836,479.0
2024-03-01 13:20:00,EXAI,6.760000228881836,6.760000228881836,6.769999980926514,6.760000228881836,6.763700008392334,724.0
2024-03-01 13:20:00,EXAS,60.14500045776367,60.14500045776367,60.21500015258789,60.14500045776367,60.21500015258789,1966.0
2024-03-01 13:20:00,EXEL,22.614999771118164,22.614999771118164,22.614999771118164,22.610000610351562,22.610000610351562,2862.0
2024-03-01 13:20:00,EYEN,2.458699941635132,2.458699941635132,2.458699941635132,2.458699941635132,2.458699941635132,148.0
2024-03-01 13:20:00,EYPT,28.125,28.125,28.15999984741211,28.010000228881836,28.010000228881836,12652.0
2024-03-01 13:20:00,FATE,7.715000152587891,7.715000152587891,7.730000019073486,7.710000038146973,7.730000019073486,1995.0
2024-03-01 13:20:00,FDMT,29.469999313354492,29.469999313354492,29.469999313354492,29.440000534057617,29.440000534057617,1198.0
2024-03-01 13:20:00,FEMY,1.7200000286102295,1.7200000286102295,1.7200000286102295,1.7200000286102295,1.7200000286102295,4900.0
2024-03-01 13:20:00,FIXX,0.9298999905586243,0.9298999905586243,0.9298999905586243,0.9204999804496765,0.9204999804496765,1700.0
2024-03-01 13:20:00,FOLD,13.385000228881836,13.385000228881836,13.385000228881836,13.385000228881836,13.385000228881836,804.0
2024-03-01 13:20:00,FULC,11.100000381469727,11.100000381469727,11.100000381469727,11.0,11.0,13280.0
2024-03-01 13:20:00,FUSN,12.40999984741211,12.40999984741211,12.470000267028809,12.40999984741211,12.454999923706055,2445.0
2024-03-01 13:20:00,FWBI,8.574999809265137,8.574999809265137,8.600000381469727,8.574999809265137,8.600000381469727,530.0
2024-03-01 13:20:00,GDRX,8.255000114440918,8.255000114440918,8.255000114440918,8.25,8.25,3327.0
2024-03-01 13:20:00,GERN,2.240000009536743,2.240000009536743,2.240000009536743,2.234999895095825,2.238800048828125,5552.0
2024-03-01 13:20:00,GH,19.030000686645508,19.030000686645508,19.040000915527344,19.030000686645508,19.040000915527344,1335.0
2024-03-01 13:20:00,GILD,72.23500061035156,72.23500061035156,72.23999786376953,72.20999908447266,72.20999908447266,13580.0
2024-03-01 13:20:00,GLYC,3.0399999618530273,3.0399999618530273,3.0399999618530273,3.0399999618530273,3.0399999618530273,202.0
2024-03-01 13:20:00,GMAB,29.399999618530273,29.399999618530273,29.415000915527344,29.399999618530273,29.399999618530273,3313.0
2024-03-01 13:20:00,GOSS,1.399999976158142,1.399999976158142,1.399999976158142,1.399999976158142,1.399999976158142,236.0
2024-03-01 13:20:00,GRFS,7.105000019073486,7.105000019073486,7.105000019073486,7.105000019073486,7.105000019073486,100.0
2024-03-01 13:20:00,GRTS,2.2049999237060547,2.2049999237060547,2.2049999237060547,2.184999942779541,2.184999942779541,16418.0
2024-03-01 13:20:00,GTHX,3.740000009536743,3.740000009536743,3.744999885559082,3.740000009536743,3.744999885559082,506.0
2024-03-01 13:20:00,HALO,41.5099983215332,41.5099983215332,41.5099983215332,41.5099983215332,41.5099983215332,393.0
2024-03-01 13:20:00,HARP,22.940000534057617,22.940000534057617,22.940000534057617,22.940000534057617,22.940000534057617,294.0
2024-03-01 13:20:00,HCAT,8.136300086975098,8.136300086975098,8.140000343322754,8.136300086975098,8.140000343322754,836.0
2024-03-01 13:20:00,HCSG,12.630000114440918,12.630000114440918,12.633000373840332,12.630000114440918,12.633000373840332,538.0
2024-03-01 13:20:00,HCTI,2.4000000953674316,2.4000000953674316,2.4000000953674316,2.4000000953674316,2.4000000953674316,110.0
2024-03-01 13:20:00,HEPA,3.0999999046325684,3.0999999046325684,3.0999999046325684,3.0999999046325684,3.0999999046325684,130.0
2024-03-01 13:20:00,HLTH,0.27079999446868896,0.27079999446868896,0.27079999446868896,0.27079999446868896,0.27079999446868896,200.0
2024-03-01 13:20:00,HOLX,74.08000183105469,74.08000183105469,74.08000183105469,74.08000183105469,74.08000183105469,604.0
2024-03-01 13:20:00,HOOK,0.7900000214576721,0.7900000214576721,0.7900000214576721,0.7900000214576721,0.7900000214576721,122.0
2024-03-01 13:20:00,HOWL,7.0,7.0,7.0,7.0,7.0,144.0
2024-03-01 13:20:00,HRMY,31.5049991607666,31.5049991607666,31.530000686645508,31.5049991607666,31.530000686645508,506.0
2024-03-01 13:20:00,HROW,10.843799591064453,10.843799591064453,10.850000381469727,10.843799591064453,10.850000381469727,281.0
2024-03-01 13:20:00,HRTX,2.5850000381469727,2.5850000381469727,2.5850000381469727,2.569999933242798,2.5739998817443848,17631.0
2024-03-01 13:20:00,HSIC,76.81500244140625,76.81500244140625,76.81500244140625,76.81500244140625,76.81500244140625,134.0
2024-03-01 13:20:00,HUMA,3.38100004196167,3.38100004196167,3.38100004196167,3.380000114440918,3.380000114440918,735.0
2024-03-01 13:20:00,IART,36.400001525878906,36.400001525878906,36.42499923706055,36.400001525878906,36.42499923706055,1162.0
2024-03-01 13:20:00,IBRX,4.747799873352051,4.747799873352051,4.75,4.74399995803833,4.7480998039245605,7522.0
2024-03-01 13:20:00,ICCM,1.2999999523162842,1.2999999523162842,1.2999999523162842,1.2999999523162842,1.2999999523162842,101.0
2024-03-01 13:20:00,ICLR,322.9100036621094,322.9100036621094,322.9100036621094,322.8399963378906,322.8399963378906,313.0
2024-03-01 13:20:00,IFRX,1.809999942779541,1.809999942779541,1.809999942779541,1.809999942779541,1.809999942779541,140.0
2024-03-01 13:20:00,IKNA,1.5099999904632568,1.5099999904632568,1.5099999904632568,1.5049999952316284,1.5091999769210815,2752.0
2024-03-01 13:20:00,ILMN,142.05999755859375,142.05999755859375,142.1678924560547,142.05999755859375,142.11000061035156,2314.0
2024-03-01 13:20:00,IMAB,1.8300000429153442,1.8300000429153442,1.8300000429153442,1.8300000429153442,1.8300000429153442,100.0
2024-03-01 13:20:00,IMMX,3.559999942779541,3.559999942779541,3.559999942779541,3.559999942779541,3.559999942779541,100.0
2024-03-01 13:20:00,IMNM,25.985000610351562,25.985000610351562,26.010000228881836,25.860000610351562,25.899999618530273,1845.0
2024-03-01 13:20:00,IMVT,36.06999969482422,36.06999969482422,36.099998474121094,36.06999969482422,36.07500076293945,1192.0
2024-03-01 13:20:00,INBX,36.560001373291016,36.560001373291016,36.560001373291016,36.560001373291016,36.560001373291016,153.0
2024-03-01 13:20:00,INCR,1.9600000381469727,1.9600000381469727,1.9606000185012817,1.9600000381469727,1.9600000381469727,721.0
2024-03-01 13:20:00,INCY,59.40999984741211,59.40999984741211,59.40999984741211,59.34199905395508,59.349998474121094,4482.0
2024-03-01 13:20:00,INGN,6.809999942779541,6.809999942779541,6.820000171661377,6.809999942779541,6.820000171661377,2824.0
2024-03-01 13:20:00,INMB,12.305000305175781,12.305000305175781,12.305000305175781,12.305000305175781,12.305000305175781,200.0
2024-03-01 13:20:00,INMD,22.860000610351562,22.860000610351562,22.860000610351562,22.860000610351562,22.860000610351562,776.0
2024-03-01 13:20:00,INO,9.380000114440918,9.380000114440918,9.425000190734863,9.380000114440918,9.425000190734863,1539.0
2024-03-01 13:20:00,INSM,28.479999542236328,28.479999542236328,28.479999542236328,28.450000762939453,28.450000762939453,1660.0
2024-03-01 13:20:00,INVA,15.694999694824219,15.694999694824219,15.694999694824219,15.694999694824219,15.694999694824219,223.0
2024-03-01 13:20:00,INVO,1.2200000286102295,1.2200000286102295,1.2200000286102295,1.2200000286102295,1.2200000286102295,100.0
2024-03-01 13:20:00,INZY,6.664999961853027,6.664999961853027,6.664999961853027,6.663400173187256,6.663400173187256,752.0
2024-03-01 13:20:00,IOBT,1.8250000476837158,1.8250000476837158,1.8250000476837158,1.8250000476837158,1.8250000476837158,4078.0
2024-03-01 13:20:00,IONS,45.84000015258789,45.84000015258789,45.86000061035156,45.82400131225586,45.82400131225586,3636.0
2024-03-01 13:20:00,IOVA,17.145000457763672,17.145000457763672,17.18000030517578,17.139999389648438,17.17009925842285,26448.0
2024-03-01 13:20:00,IRTC,121.66000366210938,121.66000366210938,121.66000366210938,121.66000366210938,121.66000366210938,650.0
2024-03-01 13:20:00,IRWD,9.069999694824219,9.069999694824219,9.085000038146973,9.055000305175781,9.055000305175781,20012.0
2024-03-01 13:20:00,ISRG,396.1400146484375,396.1400146484375,396.1700134277344,396.04998779296875,396.04998779296875,1291.0
2024-03-01 13:20:00,ITCI,71.19999694824219,71.19999694824219,71.20999908447266,71.1449966430664,71.1449966430664,3276.0
2024-03-01 13:20:00,ITOS,11.119999885559082,11.119999885559082,11.119999885559082,11.050000190734863,11.050000190734863,800.0
2024-03-01 13:20:00,JAGX,0.07599999755620956,0.07599999755620956,0.07689999788999557,0.07599999755620956,0.07625000178813934,132662.0
2024-03-01 13:20:00,JANX,46.78030014038086,46.78030014038086,46.78030014038086,46.78030014038086,46.78030014038086,1501.0
2024-03-01 13:20:00,JAZZ,119.12860107421875,119.12860107421875,119.13999938964844,119.12860107421875,119.13999938964844,3088.0
2024-03-01 13:20:00,JSPR,20.924999237060547,20.924999237060547,20.924999237060547,20.924999237060547,20.924999237060547,570.0
2024-03-01 13:20:00,KALV,14.149999618530273,14.149999618530273,14.149999618530273,14.135000228881836,14.135000228881836,485.0
2024-03-01 13:20:00,KOD,6.065000057220459,6.065000057220459,6.079999923706055,6.065000057220459,6.079999923706055,1263.0
2024-03-01 13:20:00,KPTI,1.2050000429153442,1.2050000429153442,1.2100000381469727,1.2050000429153442,1.2050000429153442,1106.0
2024-03-01 13:20:00,KRON,1.0397000312805176,1.0397000312805176,1.0397000312805176,1.034999966621399,1.034999966621399,1000.0
2024-03-01 13:20:00,KTRA,0.09870000183582306,0.09870000183582306,0.09870000183582306,0.09870000183582306,0.09870000183582306,100.0
2024-03-01 13:20:00,KURA,21.2549991607666,21.2549991607666,21.260000228881836,21.25,21.25,1114.0
2024-03-01 13:20:00,KYMR,44.16999816894531,44.16999816894531,44.29999923706055,44.099998474121094,44.099998474121094,2467.0
2024-03-01 13:20:00,KZR,1.0750000476837158,1.0750000476837158,1.0800000429153442,1.0750000476837158,1.0800000429153442,439.0
2024-03-01 13:20:00,LAB,2.505000114440918,2.505000114440918,2.505000114440918,2.505000114440918,2.505000114440918,100.0
2024-03-01 13:20:00,LEGN,66.01499938964844,66.01499938964844,66.01499938964844,66.01499938964844,66.01499938964844,280.0
2024-03-01 13:20:00,LEXX,2.8017001152038574,2.8017001152038574,2.8017001152038574,2.8017001152038574,2.8017001152038574,1066.0
2024-03-01 13:20:00,LFMD,8.0,8.0,8.0,8.0,8.0,304.0
2024-03-01 13:20:00,LFST,7.764999866485596,7.764999866485596,7.764999866485596,7.764999866485596,7.764999866485596,651.0
2024-03-01 13:20:00,LGND,77.55500030517578,77.55500030517578,77.55500030517578,77.55500030517578,77.55500030517578,290.0
2024-03-01 13:20:00,LMAT,68.05000305175781,68.05000305175781,68.05000305175781,68.05000305175781,68.05000305175781,216.0
2024-03-01 13:20:00,LPTX,2.8949999809265137,2.8949999809265137,2.8949999809265137,2.8949999809265137,2.8949999809265137,857.0
2024-03-01 13:20:00,LTRN,4.585000038146973,4.585000038146973,4.590000152587891,4.585000038146973,4.590000152587891,260.0
2024-03-01 13:20:00,LUCD,1.2350000143051147,1.2350000143051147,1.2350000143051147,1.2350000143051147,1.2350000143051147,1040.0
2024-03-01 13:20:00,LUNG,9.489999771118164,9.489999771118164,9.489999771118164,9.489999771118164,9.489999771118164,222.0
2024-03-01 13:20:00,LVTX,2.9644999504089355,2.9644999504089355,3.0,2.9644999504089355,2.9649999141693115,1810.0
2024-03-01 13:20:00,LXRX,2.529099941253662,2.529099941253662,2.5299999713897705,2.5250000953674316,2.5250000953674316,2464.0
2024-03-01 13:20:00,LYEL,3.180000066757202,3.180000066757202,3.180000066757202,3.180000066757202,3.180000066757202,104.0
2024-03-01 13:20:00,LYRA,5.719900131225586,5.719900131225586,5.730000019073486,5.719900131225586,5.71999979019165,1096.0
2024-03-01 13:20:00,MACK,14.710000038146973,14.710000038146973,14.710000038146973,14.710000038146973,14.710000038146973,155.0
2024-03-01 13:20:00,MASI,128.625,128.625,128.625,128.625,128.625,255.0
2024-03-01 13:20:00,MBOT,1.3200000524520874,1.3200000524520874,1.3200000524520874,1.3200000524520874,1.3200000524520874,477.0
2024-03-01 13:20:00,MCRB,1.2000000476837158,1.2000000476837158,1.2050000429153442,1.2000000476837158,1.2000000476837158,945.0
2024-03-01 13:20:00,MDGL,251.2021026611328,251.2021026611328,251.6750030517578,251.2021026611328,251.66000366210938,982.0
2024-03-01 13:20:00,MDRX,6.050000190734863,6.050000190734863,6.050000190734863,6.039999961853027,6.039999961853027,46712.0
2024-03-01 13:20:00,MDXG,8.664999961853027,8.664999961853027,8.664999961853027,8.664999961853027,8.664999961853027,417.0
2024-03-01 13:20:00,ME,0.5734000205993652,0.5734000205993652,0.5734000205993652,0.5733000040054321,0.5734000205993652,11672.0
2024-03-01 13:20:00,MGNX,19.05500030517578,19.05500030517578,19.05500030517578,19.05500030517578,19.05500030517578,145.0
2024-03-01 13:20:00,MIRM,29.80500030517578,29.80500030517578,29.80500030517578,29.80500030517578,29.80500030517578,130.0
2024-03-01 13:20:00,MIST,1.75,1.75,1.75,1.75,1.75,312.0
2024-03-01 13:20:00,MLTX,51.13999938964844,51.13999938964844,51.13999938964844,51.09000015258789,51.09000015258789,2461.0
2024-03-01 13:20:00,MMSI,76.38999938964844,76.38999938964844,76.38999938964844,76.38999938964844,76.38999938964844,277.0
2024-03-01 13:20:00,MNKD,4.559999942779541,4.559999942779541,4.559999942779541,4.55019998550415,4.559999942779541,15985.0
2024-03-01 13:20:00,MNPR,0.8799999952316284,0.8799999952316284,0.8799999952316284,0.8798999786376953,0.8798999786376953,1877.0
2024-03-01 13:20:00,MOTS,0.6798999905586243,0.6798999905586243,0.6798999905586243,0.6798999905586243,0.6798999905586243,343.0
2024-03-01 13:20:00,MREO,4.009900093078613,4.009900093078613,4.010000228881836,4.005000114440918,4.005000114440918,7866.0
2024-03-01 13:20:00,MRNA,96.26000213623047,96.26000213623047,96.31999969482422,96.25,96.29499816894531,3350.0
2024-03-01 13:20:00,MRSN,5.994999885559082,5.994999885559082,5.994999885559082,5.974999904632568,5.974999904632568,2076.0
2024-03-01 13:20:00,MRUS,51.61000061035156,51.61000061035156,51.709999084472656,51.59000015258789,51.709999084472656,1760.0
2024-03-01 13:20:00,MXCT,4.764999866485596,4.764999866485596,4.764999866485596,4.764999866485596,4.764999866485596,346.0
2024-03-01 13:20:00,MYGN,21.860000610351562,21.860000610351562,21.860000610351562,21.84000015258789,21.860000610351562,554.0
2024-03-01 13:20:00,NARI,44.939998626708984,44.939998626708984,45.025001525878906,44.93000030517578,45.025001525878906,3686.0
2024-03-01 13:20:00,NAUT,2.6500000953674316,2.6500000953674316,2.6500000953674316,2.6500000953674316,2.6500000953674316,201.0
2024-03-01 13:20:00,NBIX,131.52000427246094,131.52000427246094,131.52000427246094,131.42999267578125,131.42999267578125,2260.0
2024-03-01 13:20:00,NEO,16.010000228881836,16.010000228881836,16.010000228881836,16.0049991607666,16.010000228881836,877.0
2024-03-01 13:20:00,NEOG,17.344999313354492,17.344999313354492,17.344999313354492,17.344999313354492,17.344999313354492,128.0
2024-03-01 13:20:00,NERV,2.5799999237060547,2.5799999237060547,2.5799999237060547,2.5799999237060547,2.5799999237060547,200.0
2024-03-01 13:20:00,NEXI,6.449999809265137,6.449999809265137,6.460000038146973,6.400000095367432,6.420000076293945,2089.0
2024-03-01 13:20:00,NGM,1.5299999713897705,1.5299999713897705,1.5299999713897705,1.5299999713897705,1.5299999713897705,622.0
2024-03-01 13:20:00,NNOX,10.960000038146973,10.960000038146973,10.969900131225586,10.960000038146973,10.969900131225586,1228.0
2024-03-01 13:20:00,NOTV,8.101400375366211,8.101400375366211,8.12660026550293,8.101400375366211,8.120599746704102,3780.0
2024-03-01 13:20:00,NRIX,13.720000267028809,13.720000267028809,13.720000267028809,13.720000267028809,13.720000267028809,100.0
2024-03-01 13:20:00,NRXP,0.41830000281333923,0.41830000281333923,0.41830000281333923,0.41499999165534973,0.41499999165534973,962.0
2024-03-01 13:20:00,NTLA,33.334999084472656,33.334999084472656,33.334999084472656,33.31999969482422,33.32429885864258,1944.0
2024-03-01 13:20:00,NTRA,89.86000061035156,89.86000061035156,89.86000061035156,89.86000061035156,89.86000061035156,461.0
2024-03-01 13:20:00,NUTX,0.11299999803304672,0.11299999803304672,0.11299999803304672,0.11299999803304672,0.11299999803304672,312.0
2024-03-01 13:20:00,NUVL,88.68000030517578,88.68000030517578,88.68000030517578,88.68000030517578,88.68000030517578,234.0
2024-03-01 13:20:00,NUWE,0.5768020153045654,0.5768020153045654,0.5768020153045654,0.5768020153045654,0.5768020153045654,142.0
2024-03-01 13:20:00,NVAX,5.21999979019165,5.21999979019165,5.21999979019165,5.21999979019165,5.21999979019165,4665.0
2024-03-01 13:20:00,NXTC,1.7599999904632568,1.7599999904632568,1.7599999904632568,1.7599999904632568,1.7599999904632568,100.0
2024-03-01 13:20:00,OCGN,0.9696000218391418,0.9696000218391418,0.9696000218391418,0.9490500092506409,0.949999988079071,70710.0
2024-03-01 13:20:00,OCUL,10.835000038146973,10.835000038146973,10.864999771118164,10.835000038146973,10.850000381469727,6161.0
2024-03-01 13:20:00,OGI,2.1916000843048096,2.1916000843048096,2.200000047683716,2.1916000843048096,2.194999933242798,1827.0
2024-03-01 13:20:00,OLK,22.735000610351562,22.735000610351562,22.735000610351562,22.735000610351562,22.735000610351562,421.0
2024-03-01 13:20:00,OLMA,14.729999542236328,14.729999542236328,14.729999542236328,14.729999542236328,14.729999542236328,500.0
2024-03-01 13:20:00,OM,3.125,3.125,3.125,3.119999885559082,3.119999885559082,2335.0
2024-03-01 13:20:00,OMCL,26.34000015258789,26.34000015258789,26.34000015258789,26.34000015258789,26.34000015258789,440.0
2024-03-01 13:20:00,OMER,4.760000228881836,4.760000228881836,4.760000228881836,4.760000228881836,4.760000228881836,101.0
2024-03-01 13:20:00,OMGA,4.230000019073486,4.230000019073486,4.235000133514404,4.230000019073486,4.235000133514404,300.0
2024-03-01 13:20:00,OMIC,0.5999000072479248,0.5999000072479248,0.6000000238418579,0.5999000072479248,0.6000000238418579,1199.0
2024-03-01 13:21:00,AADI,1.9950000047683716,1.9950000047683716,2.0,1.9900000095367432,2.0,1956.0
2024-03-01 13:21:00,ABCL,5.235000133514404,5.235000133514404,5.235000133514404,5.230000019073486,5.235000133514404,528.0
2024-03-01 13:21:00,ABSI,5.389999866485596,5.389999866485596,5.389999866485596,5.385000228881836,5.385000228881836,3285.0
2024-03-01 13:21:00,ABUS,2.765000104904175,2.765000104904175,2.765000104904175,2.765000104904175,2.765000104904175,165.0
2024-03-01 13:21:00,ACAD,24.3700008392334,24.3700008392334,24.3700008392334,24.34000015258789,24.34000015258789,4955.0
2024-03-01 13:21:00,ACB,3.20989990234375,3.20989990234375,3.20989990234375,3.2049999237060547,3.2091000080108643,618.0
2024-03-01 13:21:00,ACET,2.4000000953674316,2.4000000953674316,2.4000000953674316,2.4000000953674316,2.4000000953674316,100.0
2024-03-01 13:21:00,ACHC,84.73999786376953,84.73999786376953,84.75,84.69999694824219,84.69999694824219,795.0
2024-03-01 13:21:00,ACLX,67.30000305175781,67.30000305175781,67.38500213623047,67.30000305175781,67.38500213623047,1061.0
2024-03-01 13:21:00,ACON,0.404899001121521,0.404899001121521,0.4049000144004822,0.4011000096797943,0.4011009931564331,2668.0
2024-03-01 13:21:00,ACRS,1.2400000095367432,1.2400000095367432,1.2400000095367432,1.2300000190734863,1.2400000095367432,2940.0
2024-03-01 13:21:00,ACXP,3.0799999237060547,3.0799999237060547,3.0799999237060547,3.059999942779541,3.059999942779541,3169.0
2024-03-01 13:21:00,ADAP,1.6200000047683716,1.6200000047683716,1.6200000047683716,1.6200000047683716,1.6200000047683716,936.0
2024-03-01 13:21:00,ADIL,3.231300115585327,3.231300115585327,3.3320999145507812,3.1600000858306885,3.3320999145507812,111711.0
2024-03-01 13:21:00,ADMA,5.5,5.5,5.510000228881836,5.5,5.505000114440918,1572.0
2024-03-01 13:21:00,ADPT,4.164999961853027,4.164999961853027,4.170000076293945,4.164999961853027,4.164999961853027,1422.0
2024-03-01 13:21:00,ADUS,93.75,93.75,93.75,93.75,93.75,234.0
2024-03-01 13:21:00,ADVM,1.9600000381469727,1.9600000381469727,1.9600000381469727,1.9600000381469727,1.9600000381469727,680.0
2024-03-01 13:21:00,ADXN,9.199299812316895,9.199299812316895,9.199299812316895,9.199299812316895,9.199299812316895,120.0
2024-03-01 13:21:00,AFMD,0.6399999856948853,0.6399999856948853,0.6399999856948853,0.6399999856948853,0.6399999856948853,338.0
2024-03-01 13:21:00,AGEN,0.6829000115394592,0.6829000115394592,0.6829000115394592,0.6819999814033508,0.6823999881744385,36080.0
2024-03-01 13:21:00,AGIO,32.88999938964844,32.88999938964844,32.900001525878906,32.88999938964844,32.900001525878906,333.0
2024-03-01 13:21:00,AHCO,10.529999732971191,10.529999732971191,10.569999694824219,10.529999732971191,10.5649995803833,6573.0
2024-03-01 13:21:00,AKAN,0.2150000035762787,0.2150000035762787,0.2150000035762787,0.2150000035762787,0.2150000035762787,508.0
2024-03-01 13:21:00,AKBA,1.684999942779541,1.684999942779541,1.690000057220459,1.684999942779541,1.690000057220459,5834.0
2024-03-01 13:21:00,AKRO,30.010000228881836,30.010000228881836,30.010000228881836,29.940000534057617,29.940000534057617,2357.0
2024-03-01 13:21:00,ALHC,5.710000038146973,5.710000038146973,5.715000152587891,5.699999809265137,5.699999809265137,4063.0
2024-03-01 13:21:00,ALKS,30.239999771118164,30.239999771118164,30.239999771118164,30.237499237060547,30.239999771118164,949.0
2024-03-01 13:21:00,ALLK,1.6200000047683716,1.6200000047683716,1.6200000047683716,1.6200000047683716,1.6200000047683716,105.0
2024-03-01 13:21:00,ALLO,5.045000076293945,5.045000076293945,5.045000076293945,5.045000076293945,5.045000076293945,655.0
2024-03-01 13:21:00,ALNY,154.35000610351562,154.35000610351562,154.35000610351562,154.2899932861328,154.30999755859375,2706.0
2024-03-01 13:21:00,ALPN,36.0,36.0,36.0,36.0,36.0,325.0
2024-03-01 13:21:00,ALT,12.04010009765625,12.04010009765625,12.050000190734863,12.039999961853027,12.039999961853027,8241.0
2024-03-01 13:21:00,ALXO,15.020000457763672,15.020000457763672,15.020000457763672,15.020000457763672,15.020000457763672,196.0
2024-03-01 13:21:00,AMGN,280.6400146484375,280.6400146484375,280.7900085449219,280.6400146484375,280.7049865722656,4843.0
2024-03-01 13:21:00,AMLX,18.809999465942383,18.809999465942383,18.84000015258789,18.799999237060547,18.84000015258789,3383.0
2024-03-01 13:21:00,AMPH,45.56999969482422,45.56999969482422,45.56999969482422,45.38999938964844,45.38999938964844,3220.0
2024-03-01 13:21:00,AMRN,1.0499999523162842,1.0499999523162842,1.0549999475479126,1.0499999523162842,1.0549999475479126,4058.0
2024-03-01 13:21:00,ANGO,5.5,5.5,5.5,5.5,5.5,1167.0
2024-03-01 13:21:00,ANIP,66.0199966430664,66.0199966430664,66.0199966430664,66.0199966430664,66.0199966430664,456.0
2024-03-01 13:21:00,ANNX,6.050000190734863,6.050000190734863,6.050000190734863,6.050000190734863,6.050000190734863,103.0
2024-03-01 13:21:00,ANTX,3.009999990463257,3.009999990463257,3.009999990463257,3.009999990463257,3.009999990463257,222.0
2024-03-01 13:21:00,APLS,64.76000213623047,64.76000213623047,64.78500366210938,64.70999908447266,64.70999908447266,4104.0
2024-03-01 13:21:00,APLT,7.159999847412109,7.159999847412109,7.159999847412109,7.150000095367432,7.159999847412109,505.0
2024-03-01 13:21:00,AQST,4.159999847412109,4.159999847412109,4.159999847412109,4.139999866485596,4.139999866485596,3125.0
2024-03-01 13:21:00,ARDX,9.484999656677246,9.484999656677246,9.5,9.484999656677246,9.5,8152.0
2024-03-01 13:21:00,ARQT,11.649999618530273,11.649999618530273,11.666500091552734,11.649999618530273,11.65999984741211,2679.0
2024-03-01 13:21:00,ARVN,48.59000015258789,48.59000015258789,48.599998474121094,48.56999969482422,48.599998474121094,354.0
2024-03-01 13:21:00,ARWR,35.36000061035156,35.36000061035156,35.400001525878906,35.36000061035156,35.3849983215332,502.0
2024-03-01 13:21:00,ASLN,0.7599999904632568,0.7599999904632568,0.7599999904632568,0.7599999904632568,0.7599999904632568,100.0
2024-03-01 13:21:00,ASMB,13.100000381469727,13.100000381469727,13.100000381469727,13.100000381469727,13.100000381469727,334.0
2024-03-01 13:21:00,ASND,152.24000549316406,152.24000549316406,152.24000549316406,152.24000549316406,152.24000549316406,130.0
2024-03-01 13:21:00,ASRT,0.920199990272522,0.920199990272522,0.920199990272522,0.920199990272522,0.920199990272522,463.0
2024-03-01 13:21:00,ATAI,2.1600000858306885,2.1600000858306885,2.1600000858306885,2.1489999294281006,2.1489999294281006,27116.0
2024-03-01 13:21:00,ATEC,13.489999771118164,13.489999771118164,13.489999771118164,13.479999542236328,13.479999542236328,1552.0
2024-03-01 13:21:00,ATHA,3.984999895095825,3.984999895095825,3.984999895095825,3.984999895095825,3.984999895095825,396.0
2024-03-01 13:21:00,ATHE,1.8300000429153442,1.8300000429153442,1.8300000429153442,1.8003000020980835,1.8003000020980835,407.0
2024-03-01 13:21:00,ATNF,3.319999933242798,3.319999933242798,3.319999933242798,3.315000057220459,3.315000057220459,705.0
2024-03-01 13:21:00,ATOS,1.0099999904632568,1.0099999904632568,1.0099999904632568,1.0099999904632568,1.0099999904632568,103.0
2024-03-01 13:21:00,ATRA,0.7975000143051147,0.7975000143051147,0.7975000143051147,0.7975000143051147,0.7975000143051147,705.0
2024-03-01 13:21:00,ATRC,36.0,36.0,36.02000045776367,36.0,36.02000045776367,399.0
2024-03-01 13:21:00,ATRI,361.1300048828125,361.1300048828125,361.1300048828125,361.1300048828125,361.1300048828125,3583.0
2024-03-01 13:21:00,AUGX,4.539999961853027,4.539999961853027,4.539999961853027,4.539999961853027,4.539999961853027,100.0
2024-03-01 13:21:00,AUPH,5.864999771118164,5.864999771118164,5.864999771118164,5.860099792480469,5.860099792480469,413.0
2024-03-01 13:21:00,AUTL,6.380000114440918,6.380000114440918,6.380000114440918,6.380000114440918,6.380000114440918,161.0
2024-03-01 13:21:00,AVDL,13.199999809265137,13.199999809265137,13.260000228881836,13.199999809265137,13.229999542236328,15820.0
2024-03-01 13:21:00,AVRO,1.3550000190734863,1.3550000190734863,1.3550000190734863,1.3550000190734863,1.3550000190734863,101.0
2024-03-01 13:21:00,AVXL,5.300000190734863,5.300000190734863,5.300000190734863,5.300000190734863,5.300000190734863,479.0
2024-03-01 13:21:00,AZN,64.66000366210938,64.66000366210938,64.66000366210938,64.64029693603516,64.6500015258789,5281.0
2024-03-01 13:21:00,AZTA,67.0999984741211,67.0999984741211,67.0999984741211,67.0999984741211,67.0999984741211,102.0
2024-03-01 13:21:00,BBIO,36.06999969482422,36.06999969482422,36.099998474121094,36.06999969482422,36.099998474121094,260.0
2024-03-01 13:21:00,BBLG,2.5,2.5,2.5,2.430000066757202,2.4649999141693115,1612.0
2024-03-01 13:21:00,BCAB,2.756700038909912,2.756700038909912,2.756700038909912,2.755000114440918,2.755000114440918,243.0
2024-03-01 13:21:00,BCDA,0.5662000179290771,0.5662000179290771,0.5680999755859375,0.566100001335144,0.5680000185966492,16121.0
2024-03-01 13:21:00,BCRX,5.699999809265137,5.699999809265137,5.704999923706055,5.699999809265137,5.699999809265137,1362.0
2024-03-01 13:21:00,BDSX,1.5950000286102295,1.5950000286102295,1.5950000286102295,1.5950000286102295,1.5950000286102295,300.0
2024-03-01 13:21:00,BDTX,5.025000095367432,5.025000095367432,5.025000095367432,5.025000095367432,5.025000095367432,438.0
2024-03-01 13:21:00,BEAM,40.099998474121094,40.099998474121094,40.10499954223633,40.099998474121094,40.099998474121094,1099.0
2024-03-01 13:21:00,BIIB,221.22000122070312,221.22000122070312,221.22000122070312,221.07009887695312,221.07009887695312,1388.0
2024-03-01 13:21:00,BIOL,0.14190000295639038,0.14190000295639038,0.14190000295639038,0.14159999787807465,0.14190000295639038,80810.0
2024-03-01 13:21:00,BIOR,1.138200044631958,1.138200044631958,1.138200044631958,1.132200002670288,1.132200002670288,1988.0
2024-03-01 13:21:00,BIVI,1.9500000476837158,1.9500000476837158,1.9600000381469727,1.940000057220459,1.9600000381469727,42553.0
2024-03-01 13:21:00,BLFS,18.170000076293945,18.170000076293945,18.170000076293945,18.170000076293945,18.170000076293945,412.0
2024-03-01 13:21:00,BLUE,1.5950000286102295,1.5950000286102295,1.5950000286102295,1.590000033378601,1.5950000286102295,19473.0
2024-03-01 13:21:00,BMEA,18.190000534057617,18.190000534057617,18.190000534057617,18.190000534057617,18.190000534057617,121.0
2024-03-01 13:21:00,BMRN,87.6500015258789,87.6500015258789,87.69000244140625,87.6500015258789,87.66500091552734,1494.0
2024-03-01 13:21:00,BNR,0.8394500017166138,0.8394500017166138,0.8394500017166138,0.8394500017166138,0.8394500017166138,100.0
2024-03-01 13:21:00,BNTX,91.67500305175781,91.67500305175781,91.67500305175781,91.62000274658203,91.62000274658203,429.0
2024-03-01 13:21:00,BPMC,97.38500213623047,97.38500213623047,97.38500213623047,97.38500213623047,97.38500213623047,104.0
2024-03-01 13:21:00,BRKR,88.26499938964844,88.26499938964844,88.26499938964844,88.26499938964844,88.26499938964844,296.0
2024-03-01 13:21:00,BSGM,0.6707500219345093,0.6707500219345093,0.6707500219345093,0.6707500219345093,0.6707500219345093,101.0
2024-03-01 13:21:00,BTAI,3.180000066757202,3.180000066757202,3.190000057220459,3.180000066757202,3.190000057220459,940.0
2024-03-01 13:21:00,BTCY,0.9289000034332275,0.9289000034332275,0.9289000034332275,0.9289000034332275,0.9289000034332275,187.0
2024-03-01 13:21:00,BVS,4.755000114440918,4.755000114440918,4.755000114440918,4.755000114440918,4.755000114440918,104.0
2024-03-01 13:21:00,BWAY,6.514999866485596,6.514999866485596,6.514999866485596,6.514999866485596,6.514999866485596,100.0
2024-03-01 13:21:00,BYSI,1.524999976158142,1.524999976158142,1.524999976158142,1.524999976158142,1.524999976158142,124.0
2024-03-01 13:21:00,CABA,24.292499542236328,24.292499542236328,24.292499542236328,24.280000686645508,24.280000686645508,303.0
2024-03-01 13:21:00,CARA,0.9279999732971191,0.9279999732971191,0.9279999732971191,0.9273999929428101,0.9273999929428101,547.0
2024-03-01 13:21:00,CBAY,32.23500061035156,32.23500061035156,32.2400016784668,32.233001708984375,32.233001708984375,1303.0
2024-03-01 13:21:00,CCCC,11.0,11.0,11.0,10.99120044708252,10.99120044708252,1342.0
2024-03-01 13:21:00,CCRN,18.15999984741211,18.15999984741211,18.15999984741211,18.15999984741211,18.15999984741211,482.0
2024-03-01 13:21:00,CDMO,8.100000381469727,8.100000381469727,8.100000381469727,8.100000381469727,8.100000381469727,159.0
2024-03-01 13:21:00,CDNA,12.300000190734863,12.300000190734863,12.319999694824219,12.300000190734863,12.319999694824219,421.0
2024-03-01 13:21:00,CDXS,4.554999828338623,4.554999828338623,4.559999942779541,4.554999828338623,4.559999942779541,1663.0
2024-03-01 13:21:00,CELC,16.264999389648438,16.264999389648438,16.264999389648438,16.264999389648438,16.264999389648438,100.0
2024-03-01 13:21:00,CERE,41.10499954223633,41.10499954223633,41.1150016784668,41.10499954223633,41.11000061035156,1974.0
2024-03-01 13:21:00,CERS,2.2149999141693115,2.2149999141693115,2.2149999141693115,2.2149999141693115,2.2149999141693115,303.0
2024-03-01 13:21:00,CERT,17.75,17.75,17.75,17.7450008392334,17.7450008392334,431.0
2024-03-01 13:21:00,CGC,3.2599000930786133,3.2599000930786133,3.259999990463257,3.2500998973846436,3.255000114440918,8337.0
2024-03-01 13:21:00,CGEM,18.780000686645508,18.780000686645508,18.780000686645508,18.780000686645508,18.780000686645508,527.0
2024-03-01 13:21:00,CHRS,2.4112000465393066,2.4112000465393066,2.4112000465393066,2.4100000858306885,2.4100000858306885,810.0
2024-03-01 13:21:00,CING,1.3550000190734863,1.3550000190734863,1.3550000190734863,1.3550000190734863,1.3550000190734863,131.0
2024-03-01 13:21:00,CJJD,2.896699905395508,2.896699905395508,2.896699905395508,2.880000114440918,2.8803999423980713,342.0
2024-03-01 13:21:00,CLDX,52.060001373291016,52.060001373291016,52.060001373291016,51.869998931884766,51.900001525878906,14779.0
2024-03-01 13:21:00,CLNN,0.39489999413490295,0.39489999413490295,0.39489999413490295,0.39489999413490295,0.39489999413490295,1392.0
2024-03-01 13:21:00,CLOV,0.8652999997138977,0.8652999997138977,0.8655999898910522,0.864300012588501,0.8644000291824341,54679.0
2024-03-01 13:21:00,CLPT,6.688300132751465,6.688300132751465,6.688300132751465,6.688300132751465,6.688300132751465,161.0
2024-03-01 13:21:00,CMPS,11.479999542236328,11.479999542236328,11.479999542236328,11.475000381469727,11.479999542236328,701.0
2024-03-01 13:21:00,CMRX,1.184999942779541,1.184999942779541,1.184999942779541,1.184999942779541,1.184999942779541,400.0
2024-03-01 13:21:00,CNTA,10.949999809265137,10.949999809265137,10.949999809265137,10.949999809265137,10.949999809265137,200.0
2024-03-01 13:21:00,COGT,7.199999809265137,7.199999809265137,7.199999809265137,7.199999809265137,7.199999809265137,825.0
2024-03-01 13:21:00,COLL,36.900001525878906,36.900001525878906,36.900001525878906,36.88999938964844,36.88999938964844,336.0
2024-03-01 13:21:00,CORT,24.290000915527344,24.290000915527344,24.290000915527344,24.290000915527344,24.290000915527344,118.0
2024-03-01 13:21:00,COSM,0.7688000202178955,0.7688000202178955,0.7688000202178955,0.7633000016212463,0.7633000016212463,1030.0
2024-03-01 13:21:00,CPRX,17.20009994506836,17.20009994506836,17.20009994506836,17.20009994506836,17.20009994506836,358.0
2024-03-01 13:21:00,CPSI,9.552499771118164,9.552499771118164,9.5600004196167,9.550000190734863,9.5600004196167,1201.0
2024-03-01 13:21:00,CRBU,7.939799785614014,7.939799785614014,7.939799785614014,7.939799785614014,7.939799785614014,1136.0
2024-03-01 13:21:00,CRDF,2.440000057220459,2.440000057220459,2.444999933242798,2.430000066757202,2.440700054168701,11342.0
2024-03-01 13:21:00,CRMD,3.7200000286102295,3.7200000286102295,3.7200000286102295,3.700000047683716,3.700000047683716,3651.0
2024-03-01 13:21:00,CRNX,46.95000076293945,46.95000076293945,47.0099983215332,46.95000076293945,47.0,499.0
2024-03-01 13:21:00,CRON,2.065000057220459,2.065000057220459,2.065000057220459,2.0601000785827637,2.060699939727783,944.0
2024-03-01 13:21:00,CRSP,86.04000091552734,86.04000091552734,86.12000274658203,85.9800033569336,86.0802993774414,3486.0
2024-03-01 13:21:00,CSTL,20.190000534057617,20.190000534057617,20.190000534057617,20.061899185180664,20.125,3071.0
2024-03-01 13:21:00,CTKB,8.819999694824219,8.819999694824219,8.819999694824219,8.8149995803833,8.819999694824219,3063.0
2024-03-01 13:21:00,CTMX,2.640000104904175,2.640000104904175,2.650399923324585,2.640000104904175,2.650399923324585,782.0
2024-03-01 13:21:00,CUE,2.190000057220459,2.190000057220459,2.190000057220459,2.190000057220459,2.190000057220459,449.0
2024-03-01 13:21:00,CUTR,2.4000000953674316,2.4000000953674316,2.4000000953674316,2.390000104904175,2.390000104904175,2162.0
2024-03-01 13:21:00,CVAC,3.494999885559082,3.494999885559082,3.494999885559082,3.494999885559082,3.494999885559082,1180.0
2024-03-01 13:21:00,CYTK,73.06500244140625,73.06500244140625,73.16000366210938,73.04000091552734,73.12000274658203,2093.0
2024-03-01 13:21:00,CYTO,2.390000104904175,2.390000104904175,2.390000104904175,2.390000104904175,2.390000104904175,955.0
2024-03-01 13:21:00,DARE,0.5669999718666077,0.5669999718666077,0.5705000162124634,0.5669999718666077,0.5705000162124634,7374.0
2024-03-01 13:21:00,DCGO,4.175000190734863,4.175000190734863,4.175000190734863,4.164999961853027,4.164999961853027,9322.0
2024-03-01 13:21:00,DH,8.829999923706055,8.829999923706055,8.84000015258789,8.8100004196167,8.8149995803833,2700.0
2024-03-01 13:21:00,DMTK,0.8600000143051147,0.8600000143051147,0.8600999712944031,0.8349999785423279,0.8600000143051147,28939.0
2024-03-01 13:21:00,DNLI,20.739999771118164,20.739999771118164,20.739999771118164,20.739999771118164,20.739999771118164,434.0
2024-03-01 13:21:00,DSGN,2.8949999809265137,2.8949999809265137,2.8949999809265137,2.8949999809265137,2.8949999809265137,245.0
2024-03-01 13:21:00,DTIL,12.431400299072266,12.431400299072266,12.4399995803833,12.431400299072266,12.4399995803833,534.0
2024-03-01 13:21:00,DVAX,12.864999771118164,12.864999771118164,12.869999885559082,12.864999771118164,12.869999885559082,911.0
2024-03-01 13:21:00,DXCM,121.95999908447266,121.95999908447266,121.95999908447266,121.86000061035156,121.9000015258789,7050.0
2024-03-01 13:21:00,DYN,28.690000534057617,28.690000534057617,28.709999084472656,28.649999618530273,28.649999618530273,1332.0
2024-03-01 13:21:00,EDIT,10.829999923706055,10.829999923706055,10.869999885559082,10.819999694824219,10.859999656677246,21430.0
2024-03-01 13:21:00,EFTR,15.499899864196777,15.499899864196777,15.499899864196777,15.499899864196777,15.499899864196777,281.0
2024-03-01 13:21:00,ELEV,5.070000171661377,5.070000171661377,5.079999923706055,5.070000171661377,5.070000171661377,1301.0
2024-03-01 13:21:00,EMBC,14.333000183105469,14.333000183105469,14.333000183105469,14.333000183105469,14.333000183105469,234.0
2024-03-01 13:21:00,ENVB,1.5,1.5,1.5199999809265137,1.5,1.5099999904632568,2634.0
2024-03-01 13:21:00,EPIX,9.449999809265137,9.449999809265137,9.449999809265137,9.449999809265137,9.449999809265137,123.0
2024-03-01 13:21:00,ERAS,2.494999885559082,2.494999885559082,2.494999885559082,2.490000009536743,2.494999885559082,629.0
2024-03-01 13:21:00,ESPR,2.5199999809265137,2.5199999809265137,2.5250000953674316,2.5199999809265137,2.5199999809265137,1689.0
2024-03-01 13:21:00,ESTA,45.685001373291016,45.685001373291016,45.685001373291016,45.685001373291016,45.685001373291016,553.0
2024-03-01 13:21:00,EVO,7.539999961853027,7.539999961853027,7.539999961853027,7.539999961853027,7.539999961853027,100.0
2024-03-01 13:21:00,EWTX,17.010000228881836,17.010000228881836,17.010000228881836,17.010000228881836,17.010000228881836,110.0
2024-03-01 13:21:00,EXAI,6.766900062561035,6.766900062561035,6.769999980926514,6.760000228881836,6.760000228881836,1470.0
2024-03-01 13:21:00,EXAS,60.16999816894531,60.16999816894531,60.16999816894531,60.130001068115234,60.13100051879883,1177.0
2024-03-01 13:21:00,EXEL,22.614999771118164,22.614999771118164,22.614999771118164,22.610000610351562,22.614999771118164,9517.0
2024-03-01 13:21:00,EYPT,28.139999389648438,28.139999389648438,28.139999389648438,28.139999389648438,28.139999389648438,489.0
2024-03-01 13:21:00,FATE,7.715000152587891,7.715000152587891,7.71999979019165,7.710000038146973,7.710000038146973,1887.0
2024-03-01 13:21:00,FBIO,2.3399999141693115,2.3399999141693115,2.3399999141693115,2.3301000595092773,2.3399999141693115,1772.0
2024-03-01 13:21:00,FDMT,29.440000534057617,29.440000534057617,29.480100631713867,29.440000534057617,29.480100631713867,443.0
2024-03-01 13:21:00,FGEN,1.8700000047683716,1.8700000047683716,1.8700000047683716,1.8700000047683716,1.8700000047683716,1228.0
2024-03-01 13:21:00,FIXX,0.9298999905586243,0.9298999905586243,0.9298999905586243,0.9204999804496765,0.9204999804496765,1600.0
2024-03-01 13:21:00,FOLD,13.385000228881836,13.385000228881836,13.385000228881836,13.380000114440918,13.385000228881836,715.0
2024-03-01 13:21:00,FULC,11.125,11.125,11.149999618530273,11.109999656677246,11.109999656677246,3527.0
2024-03-01 13:21:00,FUSN,12.350000381469727,12.350000381469727,12.414999961853027,12.350000381469727,12.414999961853027,966.0
2024-03-01 13:21:00,GCTK,0.3118000030517578,0.3118000030517578,0.3118000030517578,0.3118000030517578,0.3118000030517578,100.0
2024-03-01 13:21:00,GERN,2.234999895095825,2.234999895095825,2.240000009536743,2.2316999435424805,2.2399001121520996,7500.0
2024-03-01 13:21:00,GH,19.030000686645508,19.030000686645508,19.030000686645508,19.020000457763672,19.030000686645508,14417.0
2024-03-01 13:21:00,GILD,72.24500274658203,72.24500274658203,72.24500274658203,72.2300033569336,72.23500061035156,6993.0
2024-03-01 13:21:00,GLTO,0.7357000112533569,0.7357000112533569,0.7357000112533569,0.7357000112533569,0.7357000112533569,251.0
2024-03-01 13:21:00,GMDA,0.37299901247024536,0.37299901247024536,0.37299901247024536,0.37299901247024536,0.37299901247024536,1046.0
2024-03-01 13:21:00,GOSS,1.399999976158142,1.399999976158142,1.399999976158142,1.399999976158142,1.399999976158142,2207.0
2024-03-01 13:21:00,GRFS,7.100100040435791,7.100100040435791,7.100100040435791,7.100100040435791,7.100100040435791,161.0
2024-03-01 13:21:00,GRPH,3.490000009536743,3.490000009536743,3.490000009536743,3.490000009536743,3.490000009536743,301.0
2024-03-01 13:21:00,GRTS,2.2049999237060547,2.2049999237060547,2.2049999237060547,2.2049999237060547,2.2049999237060547,203.0
2024-03-01 13:21:00,GTHX,3.75,3.75,3.75,3.744999885559082,3.75,901.0
2024-03-01 13:21:00,HALO,41.540000915527344,41.540000915527344,41.540000915527344,41.4900016784668,41.51499938964844,7116.0
2024-03-01 13:21:00,HARP,22.940000534057617,22.940000534057617,22.940000534057617,22.940000534057617,22.940000534057617,429.0
2024-03-01 13:21:00,HCTI,2.4899001121520996,2.4899001121520996,2.4899001121520996,2.4899001121520996,2.4899001121520996,141.0
2024-03-01 13:21:00,HLTH,0.2712000012397766,0.2712000012397766,0.2712000012397766,0.2712000012397766,0.2712000012397766,253.0
2024-03-01 13:21:00,HOLX,74.06999969482422,74.06999969482422,74.06999969482422,74.06999969482422,74.06999969482422,424.0
2024-03-01 13:21:00,HRMY,31.5049991607666,31.5049991607666,31.5049991607666,31.5049991607666,31.5049991607666,204.0
2024-03-01 13:21:00,HROW,10.880000114440918,10.880000114440918,10.880000114440918,10.869999885559082,10.869999885559082,1144.0
2024-03-01 13:21:00,HRTX,2.589900016784668,2.589900016784668,2.589900016784668,2.5799999237060547,2.5799999237060547,428.0
2024-03-01 13:21:00,HSIC,76.81500244140625,76.81500244140625,76.81500244140625,76.81500244140625,76.81500244140625,339.0
2024-03-01 13:21:00,HUMA,3.374000072479248,3.374000072479248,3.380000114440918,3.370800018310547,3.380000114440918,4122.0
2024-03-01 13:21:00,IART,36.400001525878906,36.400001525878906,36.400001525878906,36.400001525878906,36.400001525878906,389.0
2024-03-01 13:21:00,IBRX,4.745999813079834,4.745999813079834,4.748300075531006,4.744999885559082,4.744999885559082,1405.0
2024-03-01 13:21:00,IDYA,46.59000015258789,46.59000015258789,46.619998931884766,46.58000183105469,46.58000183105469,2105.0
2024-03-01 13:21:00,IKNA,1.5121999979019165,1.5121999979019165,1.5121999979019165,1.5099999904632568,1.5099999904632568,717.0
2024-03-01 13:21:00,ILMN,142.1699981689453,142.1699981689453,142.22999572753906,142.05999755859375,142.05999755859375,5642.0
2024-03-01 13:21:00,IMAB,1.8300000429153442,1.8300000429153442,1.8300000429153442,1.8300000429153442,1.8300000429153442,200.0
2024-03-01 13:21:00,IMMX,3.555000066757202,3.555000066757202,3.559999942779541,3.555000066757202,3.559999942779541,310.0
2024-03-01 13:21:00,IMUX,1.4701000452041626,1.4701000452041626,1.4707000255584717,1.4700000286102295,1.4700000286102295,2286.0
2024-03-01 13:21:00,IMVT,36.04999923706055,36.04999923706055,36.08000183105469,36.04999923706055,36.08000183105469,3400.0
2024-03-01 13:21:00,INGN,6.78000020980835,6.78000020980835,6.809999942779541,6.78000020980835,6.809999942779541,2912.0
2024-03-01 13:21:00,INMB,12.28499984741211,12.28499984741211,12.28499984741211,12.28499984741211,12.28499984741211,250.0
2024-03-01 13:21:00,INMD,22.850000381469727,22.850000381469727,22.850000381469727,22.850000381469727,22.850000381469727,162.0
2024-03-01 13:21:00,INO,9.390000343322754,9.390000343322754,9.399999618530273,9.369999885559082,9.399999618530273,1200.0
2024-03-01 13:21:00,INSM,28.469999313354492,28.469999313354492,28.479999542236328,28.469999313354492,28.469999313354492,1733.0
2024-03-01 13:21:00,INVA,15.694999694824219,15.694999694824219,15.694999694824219,15.694999694824219,15.694999694824219,477.0
2024-03-01 13:21:00,IONS,45.85499954223633,45.85499954223633,45.8650016784668,45.849998474121094,45.8650016784668,1122.0
2024-03-01 13:21:00,IOVA,17.165000915527344,17.165000915527344,17.184999465942383,17.139999389648438,17.149999618530273,27725.0
2024-03-01 13:21:00,IRWD,9.0649995803833,9.0649995803833,9.069999694824219,9.0600004196167,9.069999694824219,5984.0
2024-03-01 13:21:00,ISRG,395.9800109863281,395.9800109863281,396.1700134277344,395.9800109863281,396.1700134277344,1359.0
2024-03-01 13:21:00,ITCI,71.16999816894531,71.16999816894531,71.19200134277344,71.16999816894531,71.19200134277344,874.0
2024-03-01 13:21:00,ITOS,11.050000190734863,11.050000190734863,11.050000190734863,11.050000190734863,11.050000190734863,606.0
2024-03-01 13:21:00,IXHL,5.590000152587891,5.590000152587891,5.590000152587891,5.590000152587891,5.590000152587891,274.0
2024-03-01 13:21:00,JAGX,0.07620000094175339,0.07620000094175339,0.07689999788999557,0.07609999924898148,0.07689999788999557,60317.0
2024-03-01 13:21:00,JANX,46.59000015258789,46.59000015258789,46.59000015258789,46.59000015258789,46.59000015258789,249.0
2024-03-01 13:21:00,KALV,14.149999618530273,14.149999618530273,14.154999732971191,14.149999618530273,14.154999732971191,482.0
2024-03-01 13:21:00,KIDS,27.530000686645508,27.530000686645508,27.530000686645508,27.530000686645508,27.530000686645508,170.0
2024-03-01 13:21:00,KNTE,2.5950000286102295,2.5950000286102295,2.5950000286102295,2.5950000286102295,2.5950000286102295,650.0
2024-03-01 13:21:00,KOD,6.09499979019165,6.09499979019165,6.099999904632568,6.070000171661377,6.070000171661377,7188.0
2024-03-01 13:21:00,KPTI,1.2100000381469727,1.2100000381469727,1.2100000381469727,1.201200008392334,1.201200008392334,1119.0
2024-03-01 13:21:00,KRON,1.0399999618530273,1.0399999618530273,1.0399999618530273,1.034999966621399,1.0399999618530273,2020.0
2024-03-01 13:21:00,KROS,70.01000213623047,70.01000213623047,70.01000213623047,69.97000122070312,69.97000122070312,1705.0
2024-03-01 13:21:00,KRYS,168.27999877929688,168.27999877929688,168.27999877929688,168.27999877929688,168.27999877929688,115.0
2024-03-01 13:21:00,KTRA,0.09850099682807922,0.09850099682807922,0.09880000352859497,0.09850099682807922,0.09880000352859497,1317.0
2024-03-01 13:21:00,KURA,21.25,21.25,21.25,21.25,21.25,111.0
2024-03-01 13:21:00,KYMR,44.189998626708984,44.189998626708984,44.189998626708984,44.18000030517578,44.18000030517578,626.0
2024-03-01 13:21:00,LAB,2.505000114440918,2.505000114440918,2.505000114440918,2.505000114440918,2.505000114440918,1101.0
2024-03-01 13:21:00,LBPH,22.03499984741211,22.03499984741211,22.03499984741211,22.03499984741211,22.03499984741211,234.0
2024-03-01 13:21:00,LEGN,65.97000122070312,65.97000122070312,65.97000122070312,65.97000122070312,65.97000122070312,405.0
2024-03-01 13:21:00,LFST,7.755000114440918,7.755000114440918,7.760000228881836,7.755000114440918,7.760000228881836,1156.0
2024-03-01 13:21:00,LGND,77.52999877929688,77.52999877929688,77.52999877929688,77.52999877929688,77.52999877929688,336.0
2024-03-01 13:21:00,LIVN,55.869998931884766,55.869998931884766,55.869998931884766,55.869998931884766,55.869998931884766,528.0
2024-03-01 13:21:00,LNSR,4.75,4.75,4.75,4.75,4.75,155.0
2024-03-01 13:21:00,LNTH,65.20999908447266,65.20999908447266,65.21499633789062,65.20999908447266,65.21499633789062,545.0
2024-03-01 13:21:00,LPTX,2.8949999809265137,2.8949999809265137,2.8949999809265137,2.8949999809265137,2.8949999809265137,589.0
2024-03-01 13:21:00,LQDA,14.579999923706055,14.579999923706055,14.579999923706055,14.579999923706055,14.579999923706055,314.0
2024-03-01 13:21:00,LRMR,11.489999771118164,11.489999771118164,11.489999771118164,11.489999771118164,11.489999771118164,476.0
2024-03-01 13:21:00,LSTA,3.1480000019073486,3.1480000019073486,3.1480000019073486,3.1480000019073486,3.1480000019073486,100.0
2024-03-01 13:21:00,LTRN,4.53000020980835,4.53000020980835,4.53000020980835,4.53000020980835,4.53000020980835,500.0
2024-03-01 13:21:00,LUNG,9.489999771118164,9.489999771118164,9.489999771118164,9.489999771118164,9.489999771118164,320.0
2024-03-01 13:21:00,LVTX,3.0,3.0,3.0,2.9607999324798584,2.9607999324798584,8089.0
2024-03-01 13:21:00,LXRX,2.520900011062622,2.520900011062622,2.5260000228881836,2.520900011062622,2.5250000953674316,1733.0
2024-03-01 13:21:00,LYEL,3.180000066757202,3.180000066757202,3.180000066757202,3.180000066757202,3.180000066757202,125.0
2024-03-01 13:21:00,LYRA,5.710000038146973,5.710000038146973,5.71999979019165,5.710000038146973,5.719900131225586,907.0
2024-03-01 13:21:00,MCRB,1.2000000476837158,1.2000000476837158,1.2000000476837158,1.2000000476837158,1.2000000476837158,100.0
2024-03-01 13:21:00,MDGL,251.3000030517578,251.3000030517578,251.5850067138672,251.3000030517578,251.5850067138672,974.0
2024-03-01 13:21:00,MDRX,6.050000190734863,6.050000190734863,6.050000190734863,6.039999961853027,6.039999961853027,73960.0
2024-03-01 13:21:00,MDWD,14.324999809265137,14.324999809265137,14.324999809265137,14.324999809265137,14.324999809265137,121.0
2024-03-01 13:21:00,MDXG,8.664999961853027,8.664999961853027,8.664999961853027,8.664999961853027,8.664999961853027,841.0
2024-03-01 13:21:00,ME,0.5702000260353088,0.5702000260353088,0.5734000205993652,0.5677000284194946,0.5733000040054321,35420.0
2024-03-01 13:21:00,MGTX,6.474999904632568,6.474999904632568,6.474999904632568,6.474999904632568,6.474999904632568,134.0
2024-03-01 13:21:00,MNKD,4.559999942779541,4.559999942779541,4.559999942779541,4.550099849700928,4.550099849700928,855.0
2024-03-01 13:21:00,MNMD,6.111599922180176,6.111599922180176,6.114999771118164,6.111599922180176,6.114999771118164,846.0
2024-03-01 13:21:00,MNPR,0.8701000213623047,0.8701000213623047,0.875,0.8701000213623047,0.875,721.0
2024-03-01 13:21:00,MODD,1.909999966621399,1.909999966621399,1.909999966621399,1.909999966621399,1.909999966621399,200.0
2024-03-01 13:21:00,MODV,28.075000762939453,28.075000762939453,28.075000762939453,28.020000457763672,28.020000457763672,264.0
2024-03-01 13:21:00,MOLN,4.139999866485596,4.139999866485596,4.139999866485596,4.139999866485596,4.139999866485596,509.0
2024-03-01 13:21:00,MOR,17.579999923706055,17.579999923706055,17.579999923706055,17.579999923706055,17.579999923706055,200.0
2024-03-01 13:21:00,MORF,39.38999938964844,39.38999938964844,39.38999938964844,39.38999938964844,39.38999938964844,100.0
2024-03-01 13:21:00,MRAI,1.5743000507354736,1.5743000507354736,1.5743000507354736,1.5743000507354736,1.5743000507354736,177.0
2024-03-01 13:21:00,MREO,3.994999885559082,3.994999885559082,4.005000114440918,3.994999885559082,4.005000114440918,3046.0
2024-03-01 13:21:00,MRNA,96.23999786376953,96.23999786376953,96.26309967041016,96.21499633789062,96.22000122070312,1434.0
2024-03-01 13:21:00,MRNS,10.479999542236328,10.479999542236328,10.479999542236328,10.479999542236328,10.479999542236328,209.0
2024-03-01 13:21:00,MRSN,5.989999771118164,5.989999771118164,6.0,5.985000133514404,5.994999885559082,1997.0
2024-03-01 13:21:00,MRUS,51.61000061035156,51.61000061035156,51.61000061035156,51.61000061035156,51.61000061035156,473.0
2024-03-01 13:21:00,MRVI,7.715000152587891,7.715000152587891,7.730000019073486,7.704999923706055,7.704999923706055,17268.0
2024-03-01 13:21:00,MTEM,3.5899999141693115,3.5899999141693115,3.5899999141693115,3.5899999141693115,3.5899999141693115,362.0
2024-03-01 13:21:00,MYNZ,0.8600000143051147,0.8600000143051147,0.8610000014305115,0.8600000143051147,0.8610000014305115,1800.0
2024-03-01 13:21:00,NARI,44.875,44.875,44.93000030517578,44.869998931884766,44.91999816894531,10464.0
2024-03-01 13:21:00,NAUT,2.6500000953674316,2.6500000953674316,2.6500000953674316,2.6500000953674316,2.6500000953674316,218.0
2024-03-01 13:21:00,NBIX,131.5850067138672,131.5850067138672,131.61000061035156,131.5850067138672,131.61000061035156,206.0
2024-03-01 13:21:00,NEO,16.030000686645508,16.030000686645508,16.030000686645508,16.014999389648438,16.014999389648438,2668.0
2024-03-01 13:21:00,NEOG,17.350000381469727,17.350000381469727,17.350000381469727,17.350000381469727,17.350000381469727,902.0
2024-03-01 13:21:00,NERV,2.599900007247925,2.599900007247925,2.599900007247925,2.596299886703491,2.596299886703491,1400.0
2024-03-01 13:21:00,NEXI,6.460000038146973,6.460000038146973,6.460000038146973,6.460000038146973,6.460000038146973,1051.0
2024-03-01 13:21:00,NGM,1.5299999713897705,1.5299999713897705,1.534999966621399,1.5299999713897705,1.534999966621399,200.0
2024-03-01 13:21:00,NKTR,0.7860000133514404,0.7860000133514404,0.7860000133514404,0.7860000133514404,0.7860000133514404,250.0
2024-03-01 13:21:00,NNOX,10.960000038146973,10.960000038146973,10.970000267028809,10.960000038146973,10.970000267028809,999.0
2024-03-01 13:21:00,NOTV,8.140000343322754,8.140000343322754,8.140000343322754,8.130000114440918,8.130000114440918,895.0
2024-03-01 13:21:00,NRIX,13.694999694824219,13.694999694824219,13.720000267028809,13.694999694824219,13.720000267028809,946.0
2024-03-01 13:21:00,NTLA,33.33000183105469,33.33000183105469,33.34000015258789,33.31999969482422,33.34000015258789,1666.0
2024-03-01 13:21:00,NTRA,89.88999938964844,89.88999938964844,89.97000122070312,89.88999938964844,89.9000015258789,7004.0
2024-03-01 13:21:00,NUTX,0.11344999819993973,0.11344999819993973,0.11389999836683273,0.11299999803304672,0.11309999972581863,11275.0
2024-03-01 13:21:00,NUVL,88.7300033569336,88.7300033569336,88.7300033569336,88.66000366210938,88.66000366210938,1071.0
2024-03-01 13:21:00,NVAX,5.21999979019165,5.21999979019165,5.224999904632568,5.21999979019165,5.21999979019165,2022.0
2024-03-01 13:21:00,NVCR,15.960000038146973,15.960000038146973,15.960000038146973,15.960000038146973,15.960000038146973,709.0
2024-03-01 13:21:00,NVNO,6.25,6.25,6.25,6.25,6.25,246.0
2024-03-01 13:21:00,NXTC,1.7644000053405762,1.7644000053405762,1.7649999856948853,1.7644000053405762,1.7649999856948853,2350.0
2024-03-01 13:21:00,OCGN,0.9696000218391418,0.9696000218391418,0.9696000218391418,0.9639999866485596,0.9639999866485596,36147.0
2024-03-01 13:21:00,OCUL,10.84000015258789,10.84000015258789,10.859999656677246,10.829999923706055,10.829999923706055,3366.0
2024-03-01 13:21:00,OCUP,2.4800000190734863,2.4800000190734863,2.481100082397461,2.4800000190734863,2.481100082397461,300.0
2024-03-01 13:21:00,OGI,2.200000047683716,2.200000047683716,2.200000047683716,2.194999933242798,2.194999933242798,210.0
2024-03-01 13:21:00,OLMA,14.760000228881836,14.760000228881836,14.760000228881836,14.699999809265137,14.729999542236328,1310.0
2024-03-01 13:21:00,OM,3.134999990463257,3.134999990463257,3.134999990463257,3.130000114440918,3.130000114440918,1812.0
2024-03-01 13:21:00,OMCL,26.334999084472656,26.334999084472656,26.344999313354492,26.334999084472656,26.34000015258789,1001.0
2024-03-01 13:21:00,OMER,4.755000114440918,4.755000114440918,4.755000114440918,4.755000114440918,4.755000114440918,712.0
2024-03-01 13:21:00,OMGA,4.239999771118164,4.239999771118164,4.239999771118164,4.239999771118164,4.239999771118164,430.0
2024-03-01 13:21:00,OMIC,0.5999000072479248,0.5999000072479248,0.5999000072479248,0.5999000072479248,0.5999000072479248,176.0
2024-03-01 13:22:00,AADI,1.9950000047683716,1.9950000047683716,1.9950000047683716,1.9950000047683716,1.9950000047683716,315.0
2024-03-01 13:22:00,ABCL,5.235000133514404,5.235000133514404,5.235000133514404,5.235000133514404,5.235000133514404,238.0
2024-03-01 13:22:00,ABEO,7.764999866485596,7.764999866485596,7.764999866485596,7.764999866485596,7.764999866485596,224.0
2024-03-01 13:22:00,ABIO,1.6699999570846558,1.6699999570846558,1.6699999570846558,1.659999966621399,1.659999966621399,2748.0
2024-03-01 13:22:00,ABOS,4.670000076293945,4.670000076293945,4.675000190734863,4.664999961853027,4.675000190734863,2066.0
2024-03-01 13:22:00,ABSI,5.389999866485596,5.389999866485596,5.389999866485596,5.380000114440918,5.385000228881836,2418.0
2024-03-01 13:22:00,ABUS,2.765000104904175,2.765000104904175,2.765000104904175,2.765000104904175,2.765000104904175,1530.0
2024-03-01 13:22:00,ABVC,1.1799999475479126,1.1799999475479126,1.1799999475479126,1.1799999475479126,1.1799999475479126,467.0
2024-03-01 13:22:00,ACAD,24.3700008392334,24.3700008392334,24.3799991607666,24.360000610351562,24.360000610351562,4646.0
2024-03-01 13:22:00,ACB,3.2090001106262207,3.2090001106262207,3.2090001106262207,3.2049999237060547,3.2049999237060547,1080.0
2024-03-01 13:22:00,ACCD,10.130000114440918,10.130000114440918,10.140000343322754,10.130000114440918,10.130000114440918,1682.0
2024-03-01 13:22:00,ACET,2.4000000953674316,2.4000000953674316,2.4000000953674316,2.4000000953674316,2.4000000953674316,166.0
2024-03-01 13:22:00,ACHC,84.80000305175781,84.80000305175781,84.80000305175781,84.78500366210938,84.80000305175781,838.0
2024-03-01 13:22:00,ACHV,4.340000152587891,4.340000152587891,4.340000152587891,4.335000038146973,4.335000038146973,2382.0
2024-03-01 13:22:00,ACLX,67.18000030517578,67.18000030517578,67.33499908447266,67.18000030517578,67.33499908447266,2992.0
2024-03-01 13:22:00,ACON,0.404899001121521,0.404899001121521,0.4049000144004822,0.404899001121521,0.4049000144004822,1252.0
2024-03-01 13:22:00,ACRS,1.2300000190734863,1.2300000190734863,1.2350000143051147,1.2300000190734863,1.2350000143051147,220.0
2024-03-01 13:22:00,ACXP,3.049999952316284,3.049999952316284,3.069999933242798,3.049999952316284,3.069999933242798,916.0
2024-03-01 13:22:00,ADAP,1.6200000047683716,1.6200000047683716,1.6200000047683716,1.6200000047683716,1.6200000047683716,500.0
2024-03-01 13:22:00,ADIL,3.2300000190734863,3.2300000190734863,3.289900064468384,3.2100000381469727,3.2399001121520996,38301.0
2024-03-01 13:22:00,ADMA,5.5,5.5,5.505000114440918,5.5,5.505000114440918,5088.0
2024-03-01 13:22:00,ADPT,4.159999847412109,4.159999847412109,4.159999847412109,4.159999847412109,4.159999847412109,273.0
2024-03-01 13:22:00,ADVM,1.965000033378601,1.965000033378601,1.965000033378601,1.965000033378601,1.965000033378601,460.0
2024-03-01 13:22:00,AGEN,0.682699978351593,0.682699978351593,0.6829000115394592,0.6825000047683716,0.6825000047683716,10930.0
2024-03-01 13:22:00,AGIO,32.869998931884766,32.869998931884766,32.88999938964844,32.869998931884766,32.88999938964844,416.0
2024-03-01 13:22:00,AHCO,10.510000228881836,10.510000228881836,10.520000457763672,10.489999771118164,10.520000457763672,5568.0
2024-03-01 13:22:00,AIRS,6.380000114440918,6.380000114440918,6.400000095367432,6.369999885559082,6.400000095367432,506.0
2024-03-01 13:22:00,AKBA,1.684999942779541,1.684999942779541,1.690000057220459,1.684999942779541,1.6899000406265259,1338.0
2024-03-01 13:22:00,AKLI,0.3449999988079071,0.3449999988079071,0.3449999988079071,0.34150001406669617,0.34150001406669617,300.0
2024-03-01 13:22:00,AKRO,30.030000686645508,30.030000686645508,30.030000686645508,30.030000686645508,30.030000686645508,314.0
2024-03-01 13:22:00,ALEC,7.304999828338623,7.304999828338623,7.304999828338623,7.304999828338623,7.304999828338623,114.0
2024-03-01 13:22:00,ALGN,304.3999938964844,304.3999938964844,304.4800109863281,304.3999938964844,304.4800109863281,970.0
2024-03-01 13:22:00,ALGS,1.1298999786376953,1.1298999786376953,1.1399999856948853,1.1298999786376953,1.1299999952316284,11000.0
2024-03-01 13:22:00,ALHC,5.710000038146973,5.710000038146973,5.710000038146973,5.710000038146973,5.710000038146973,211.0
2024-03-01 13:22:00,ALKS,30.200000762939453,30.200000762939453,30.25,30.200000762939453,30.25,11034.0
2024-03-01 13:22:00,ALLK,1.6150000095367432,1.6150000095367432,1.6150000095367432,1.6150000095367432,1.6150000095367432,240.0
2024-03-01 13:22:00,ALLO,5.039999961853027,5.039999961853027,5.039999961853027,5.039999961853027,5.039999961853027,221.0
2024-03-01 13:22:00,ALPN,36.040000915527344,36.040000915527344,36.040000915527344,36.040000915527344,36.040000915527344,187.0
2024-03-01 13:22:00,ALT,12.020000457763672,12.020000457763672,12.030099868774414,12.010000228881836,12.029999732971191,9877.0
2024-03-01 13:22:00,ALXO,15.0600004196167,15.0600004196167,15.069999694824219,15.029999732971191,15.039999961853027,4351.0
2024-03-01 13:22:00,AMED,93.3499984741211,93.3499984741211,93.3499984741211,93.3499984741211,93.3499984741211,488.0
2024-03-01 13:22:00,AMGN,280.65008544921875,280.65008544921875,280.75,280.65008544921875,280.7099914550781,2708.0
2024-03-01 13:22:00,AMRN,1.0549999475479126,1.0549999475479126,1.0549999475479126,1.0499999523162842,1.0499999523162842,320.0
2024-03-01 13:22:00,ANIP,65.79000091552734,65.79000091552734,65.87000274658203,65.79000091552734,65.83000183105469,1610.0
2024-03-01 13:22:00,ANNX,6.042500019073486,6.042500019073486,6.059999942779541,6.042500019073486,6.050000190734863,3540.0
2024-03-01 13:22:00,ANTX,3.010200023651123,3.010200023651123,3.010200023651123,3.010200023651123,3.010200023651123,2123.0
2024-03-01 13:22:00,APLS,64.69000244140625,64.69000244140625,64.70999908447266,64.67500305175781,64.70999908447266,1670.0
2024-03-01 13:22:00,APLT,7.170000076293945,7.170000076293945,7.170000076293945,7.150000095367432,7.150000095367432,4167.0
2024-03-01 13:22:00,AQST,4.164999961853027,4.164999961853027,4.170000076293945,4.158999919891357,4.158999919891357,3941.0
2024-03-01 13:22:00,ARCT,39.93000030517578,39.93000030517578,39.93000030517578,39.91999816894531,39.91999816894531,809.0
2024-03-01 13:22:00,ARDX,9.479999542236328,9.479999542236328,9.489999771118164,9.479999542236328,9.484999656677246,1168.0
2024-03-01 13:22:00,ARGX,391.9599914550781,391.9599914550781,391.9599914550781,391.9599914550781,391.9599914550781,380.0
2024-03-01 13:22:00,ARQT,11.645000457763672,11.645000457763672,11.670000076293945,11.645000457763672,11.656200408935547,4813.0
2024-03-01 13:22:00,ARTL,1.4700000286102295,1.4700000286102295,1.4700000286102295,1.4700000286102295,1.4700000286102295,100.0
2024-03-01 13:22:00,ARVN,48.5,48.5,48.59000015258789,48.5,48.59000015258789,1003.0
2024-03-01 13:22:00,ARWR,35.31999969482422,35.31999969482422,35.41999816894531,35.31999969482422,35.39500045776367,2949.0
2024-03-01 13:22:00,ASND,152.7100067138672,152.7100067138672,152.7899932861328,152.27499389648438,152.27499389648438,1299.0
2024-03-01 13:22:00,ASRT,0.9248499870300293,0.9248499870300293,0.9248499870300293,0.9248499870300293,0.9248499870300293,167.0
2024-03-01 13:22:00,ATAI,2.1600000858306885,2.1600000858306885,2.1649999618530273,2.1549999713897705,2.1600000858306885,4647.0
2024-03-01 13:22:00,ATEC,13.484999656677246,13.484999656677246,13.489999771118164,13.479999542236328,13.489999771118164,1655.0
2024-03-01 13:22:00,ATRA,0.7986999750137329,0.7986999750137329,0.7986999750137329,0.7975000143051147,0.7986999750137329,1320.0
2024-03-01 13:22:00,ATRC,35.9900016784668,35.9900016784668,36.0,35.97999954223633,35.9900016784668,454.0
2024-03-01 13:22:00,AUGX,4.539999961853027,4.539999961853027,4.539999961853027,4.539999961853027,4.539999961853027,201.0
2024-03-01 13:22:00,AUPH,5.864999771118164,5.864999771118164,5.864999771118164,5.864999771118164,5.864999771118164,127.0
2024-03-01 13:22:00,AVDL,13.210000038146973,13.210000038146973,13.210000038146973,13.210000038146973,13.210000038146973,100.0
2024-03-01 13:22:00,AVIR,4.489999771118164,4.489999771118164,4.489999771118164,4.489999771118164,4.489999771118164,1634.0
2024-03-01 13:22:00,AVXL,5.300000190734863,5.300000190734863,5.304999828338623,5.300000190734863,5.300000190734863,730.0
2024-03-01 13:22:00,AXNX,67.61499786376953,67.61499786376953,67.61499786376953,67.61499786376953,67.61499786376953,892.0
2024-03-01 13:22:00,AXSM,82.08999633789062,82.08999633789062,82.16999816894531,82.08999633789062,82.16999816894531,1466.0
2024-03-01 13:22:00,AZN,64.6500015258789,64.6500015258789,64.66500091552734,64.6500015258789,64.66000366210938,6990.0
2024-03-01 13:22:00,AZTA,67.11499786376953,67.11499786376953,67.11499786376953,67.0999984741211,67.0999984741211,654.0
2024-03-01 13:22:00,BBIO,36.0,36.0,36.040000915527344,36.0,36.040000915527344,2265.0
2024-03-01 13:22:00,BBLG,2.430000066757202,2.430000066757202,2.4649999141693115,2.430000066757202,2.4649999141693115,1100.0
2024-03-01 13:22:00,BCLI,0.350600004196167,0.350600004196167,0.3506999909877777,0.350600004196167,0.3506999909877777,2110.0
2024-03-01 13:22:00,BCRX,5.704999923706055,5.704999923706055,5.704999923706055,5.699999809265137,5.699999809265137,1739.0
2024-03-01 13:22:00,BDSX,1.600000023841858,1.600000023841858,1.600000023841858,1.5950000286102295,1.5950000286102295,819.0
2024-03-01 13:22:00,BDTX,5.020100116729736,5.020100116729736,5.020100116729736,5.020100116729736,5.020100116729736,1088.0
2024-03-01 13:22:00,BEAM,40.10499954223633,40.10499954223633,40.10499954223633,40.10499954223633,40.10499954223633,518.0
2024-03-01 13:22:00,BGNE,166.6649932861328,166.6649932861328,166.6649932861328,166.6649932861328,166.6649932861328,116.0
2024-03-01 13:22:00,BGXX,0.27070000767707825,0.27070000767707825,0.27070000767707825,0.27059999108314514,0.27059999108314514,2436.0
2024-03-01 13:22:00,BIOL,0.14180000126361847,0.14180000126361847,0.14180000126361847,0.14180000126361847,0.14180000126361847,176.0
2024-03-01 13:22:00,BIOR,1.1299999952316284,1.1299999952316284,1.1380000114440918,1.1299999952316284,1.1380000114440918,610.0
2024-03-01 13:22:00,BIVI,1.934999942779541,1.934999942779541,1.9499000310897827,1.909999966621399,1.9412000179290771,69716.0
2024-03-01 13:22:00,BLFS,18.18000030517578,18.18000030517578,18.18000030517578,18.1299991607666,18.139999389648438,3434.0
2024-03-01 13:22:00,BLUE,1.5950000286102295,1.5950000286102295,1.5950000286102295,1.590000033378601,1.5950000286102295,1954.0
2024-03-01 13:22:00,BMEA,18.149999618530273,18.149999618530273,18.149999618530273,18.149999618530273,18.149999618530273,240.0
2024-03-01 13:22:00,BMRN,87.69000244140625,87.69000244140625,87.69000244140625,87.68000030517578,87.68000030517578,786.0
2024-03-01 13:22:00,BPMC,97.38500213623047,97.38500213623047,97.38500213623047,97.38500213623047,97.38500213623047,129.0
2024-03-01 13:22:00,BRKR,88.27999877929688,88.27999877929688,88.30000305175781,88.23500061035156,88.30000305175781,2353.0
2024-03-01 13:22:00,BRTX,1.5099999904632568,1.5099999904632568,1.5099999904632568,1.5099999904632568,1.5099999904632568,300.0
2024-03-01 13:22:00,BSGM,0.6707500219345093,0.6707500219345093,0.6707500219345093,0.6707500219345093,0.6707500219345093,100.0
2024-03-01 13:22:00,BTAI,3.180000066757202,3.180000066757202,3.180000066757202,3.180000066757202,3.180000066757202,156.0
2024-03-01 13:22:00,BTTX,0.1761000007390976,0.1761000007390976,0.1784999966621399,0.1761000007390976,0.1784999966621399,8900.0
2024-03-01 13:22:00,BYSI,1.5199999809265137,1.5199999809265137,1.5199999809265137,1.5199999809265137,1.5199999809265137,466.0
2024-03-01 13:22:00,CABA,24.280000686645508,24.280000686645508,24.299999237060547,24.280000686645508,24.28499984741211,1561.0
2024-03-01 13:22:00,CBAY,32.2400016784668,32.2400016784668,32.2400016784668,32.23500061035156,32.23500061035156,966.0
2024-03-01 13:22:00,CCCC,10.989999771118164,10.989999771118164,10.989999771118164,10.989999771118164,10.989999771118164,1971.0
2024-03-01 13:22:00,CCRN,18.165000915527344,18.165000915527344,18.165000915527344,18.165000915527344,18.165000915527344,637.0
2024-03-01 13:22:00,CDMO,8.082500457763672,8.082500457763672,8.100000381469727,8.082500457763672,8.100000381469727,949.0
2024-03-01 13:22:00,CDNA,12.300000190734863,12.300000190734863,12.3100004196167,12.300000190734863,12.3100004196167,2160.0
2024-03-01 13:22:00,CDXS,4.559999942779541,4.559999942779541,4.559999942779541,4.559999942779541,4.559999942779541,650.0
2024-03-01 13:22:00,CELC,16.200000762939453,16.200000762939453,16.200000762939453,16.200000762939453,16.200000762939453,105.0
2024-03-01 13:22:00,CERE,41.10499954223633,41.10499954223633,41.10499954223633,41.099998474121094,41.099998474121094,200.0
2024-03-01 13:22:00,CERS,2.2149999141693115,2.2149999141693115,2.2149999141693115,2.2100000381469727,2.2100000381469727,2000.0
2024-03-01 13:22:00,CERT,17.829999923706055,17.829999923706055,17.829999923706055,17.760000228881836,17.760000228881836,5093.0
2024-03-01 13:22:00,CGC,3.259999990463257,3.259999990463257,3.259999990463257,3.259999990463257,3.259999990463257,717.0
2024-03-01 13:22:00,CGEM,18.772499084472656,18.772499084472656,18.772499084472656,18.772499084472656,18.772499084472656,142.0
2024-03-01 13:22:00,CHEK,2.109999895095825,2.109999895095825,2.109999895095825,2.109999895095825,2.109999895095825,405.0
2024-03-01 13:22:00,CHRS,2.410099983215332,2.410099983215332,2.410099983215332,2.4100000858306885,2.4100000858306885,6946.0
2024-03-01 13:22:00,CING,1.340000033378601,1.340000033378601,1.340000033378601,1.340000033378601,1.340000033378601,177.0
2024-03-01 13:22:00,CJJD,2.880000114440918,2.880000114440918,2.880000114440918,2.880000114440918,2.880000114440918,522.0
2024-03-01 13:22:00,CLDX,51.900001525878906,51.900001525878906,52.099998474121094,51.900001525878906,52.07500076293945,5650.0
2024-03-01 13:22:00,CLOV,0.8687999844551086,0.8687999844551086,0.8687999844551086,0.8654999732971191,0.8654999732971191,3824.0
2024-03-01 13:22:00,CLRB,4.150000095367432,4.150000095367432,4.150000095367432,4.150000095367432,4.150000095367432,200.0
2024-03-01 13:22:00,CMPS,11.4399995803833,11.4399995803833,11.475000381469727,11.4399995803833,11.475000381469727,1915.0
2024-03-01 13:22:00,CMRX,1.1749999523162842,1.1749999523162842,1.184999942779541,1.1749999523162842,1.184999942779541,2373.0
2024-03-01 13:22:00,COGT,7.190000057220459,7.190000057220459,7.190000057220459,7.190000057220459,7.190000057220459,1190.0
2024-03-01 13:22:00,CORT,24.309999465942383,24.309999465942383,24.31999969482422,24.299999237060547,24.299999237060547,2360.0
2024-03-01 13:22:00,CPRX,17.200000762939453,17.200000762939453,17.20789909362793,17.190000534057617,17.200000762939453,4702.0
2024-03-01 13:22:00,CPSI,9.510000228881836,9.510000228881836,9.5600004196167,9.510000228881836,9.550000190734863,3384.0
2024-03-01 13:22:00,CRBU,7.925000190734863,7.925000190734863,7.934999942779541,7.925000190734863,7.934999942779541,3367.0
2024-03-01 13:22:00,CRDF,2.424999952316284,2.424999952316284,2.4402999877929688,2.410799980163574,2.440000057220459,12965.0
2024-03-01 13:22:00,CRDL,1.8899999856948853,1.8899999856948853,1.8899999856948853,1.8899999856948853,1.8899999856948853,881.0
2024-03-01 13:22:00,CRIS,10.141900062561035,10.141900062561035,10.141900062561035,10.141900062561035,10.141900062561035,1278.0
2024-03-01 13:22:00,CRMD,3.7100000381469727,3.7100000381469727,3.7149999141693115,3.7100000381469727,3.7149999141693115,2412.0
2024-03-01 13:22:00,CRNX,46.814998626708984,46.814998626708984,46.95000076293945,46.814998626708984,46.95000076293945,2677.0
2024-03-01 13:22:00,CRON,2.059999942779541,2.059999942779541,2.059999942779541,2.059999942779541,2.059999942779541,1410.0
2024-03-01 13:22:00,CRSP,85.96499633789062,85.96499633789062,86.0250015258789,85.95999908447266,86.0250015258789,1036.0
2024-03-01 13:22:00,CSTL,20.170000076293945,20.170000076293945,20.170000076293945,20.170000076293945,20.170000076293945,192.0
2024-03-01 13:22:00,CTMX,2.640000104904175,2.640000104904175,2.6449999809265137,2.640000104904175,2.6449999809265137,707.0
2024-03-01 13:22:00,CUTR,2.4000000953674316,2.4000000953674316,2.4000000953674316,2.390000104904175,2.390000104904175,6180.0
2024-03-01 13:22:00,CVRX,20.65999984741211,20.65999984741211,20.670000076293945,20.649999618530273,20.649999618530273,1323.0
2024-03-01 13:22:00,CYCC,2.6171998977661133,2.6171998977661133,2.6171998977661133,2.6171998977661133,2.6171998977661133,500.0
2024-03-01 13:22:00,CYTK,73.02999877929688,73.02999877929688,73.07659912109375,73.01000213623047,73.07659912109375,1410.0
2024-03-01 13:22:00,DCGO,4.170000076293945,4.170000076293945,4.170000076293945,4.170000076293945,4.170000076293945,209.0
2024-03-01 13:22:00,DCPH,17.450000762939453,17.450000762939453,17.489999771118164,17.450000762939453,17.489999771118164,2855.0
2024-03-01 13:22:00,DH,8.850000381469727,8.850000381469727,8.862500190734863,8.84000015258789,8.850000381469727,1166.0
2024-03-01 13:22:00,DMTK,0.8798999786376953,0.8798999786376953,0.8798999786376953,0.8797990083694458,0.8797990083694458,10016.0
2024-03-01 13:22:00,DNLI,20.719999313354492,20.719999313354492,20.739999771118164,20.719999313354492,20.729999542236328,1090.0
2024-03-01 13:22:00,DVAX,12.864999771118164,12.864999771118164,12.864999771118164,12.864999771118164,12.864999771118164,105.0
2024-03-01 13:22:00,DXCM,121.95999908447266,121.95999908447266,122.0,121.94000244140625,121.97000122070312,4768.0
2024-03-01 13:22:00,DYN,28.729999542236328,28.729999542236328,28.729999542236328,28.71500015258789,28.71500015258789,695.0
2024-03-01 13:22:00,EDIT,10.819999694824219,10.819999694824219,10.829500198364258,10.819999694824219,10.829500198364258,2190.0
2024-03-01 13:22:00,EGRX,6.724999904632568,6.724999904632568,6.730000019073486,6.71999979019165,6.730000019073486,1277.0
2024-03-01 13:22:00,EKSO,2.0,2.0,2.009999990463257,2.0,2.009999990463257,1536.0
2024-03-01 13:22:00,ELEV,5.065000057220459,5.065000057220459,5.099999904632568,5.059999942779541,5.070000171661377,11110.0
2024-03-01 13:22:00,EMBC,14.329999923706055,14.329999923706055,14.329999923706055,14.329999923706055,14.329999923706055,1611.0
2024-03-01 13:22:00,ENVB,1.5049999952316284,1.5049999952316284,1.5199999809265137,1.5,1.5,4281.0
2024-03-01 13:22:00,ERAS,2.494999885559082,2.494999885559082,2.494999885559082,2.494999885559082,2.494999885559082,100.0
2024-03-01 13:22:00,ESPR,2.5199999809265137,2.5199999809265137,2.5199999809265137,2.5199999809265137,2.5199999809265137,721.0
2024-03-01 13:22:00,ETNB,13.289999961853027,13.289999961853027,13.289999961853027,13.279999732971191,13.279999732971191,679.0
2024-03-01 13:22:00,EVOK,0.6290000081062317,0.6290000081062317,0.6290000081062317,0.6290000081062317,0.6290000081062317,102.0
2024-03-01 13:22:00,EWTX,17.0,17.0,17.0,17.0,17.0,655.0
2024-03-01 13:22:00,EXAI,6.75,6.75,6.75,6.75,6.75,1944.0
2024-03-01 13:22:00,EXAS,60.15999984741211,60.15999984741211,60.189998626708984,60.154998779296875,60.16999816894531,1787.0
2024-03-01 13:22:00,EXEL,22.610000610351562,22.610000610351562,22.618999481201172,22.610000610351562,22.618999481201172,1760.0
2024-03-01 13:22:00,EYEN,2.437299966812134,2.437299966812134,2.440999984741211,2.430000066757202,2.440999984741211,5430.0
2024-03-01 13:22:00,EYPT,28.149999618530273,28.149999618530273,28.174999237060547,28.110000610351562,28.110000610351562,4043.0
2024-03-01 13:22:00,FATE,7.699999809265137,7.699999809265137,7.710000038146973,7.699999809265137,7.710000038146973,1477.0
2024-03-01 13:22:00,FBIO,2.3399999141693115,2.3399999141693115,2.3399999141693115,2.3399999141693115,2.3399999141693115,296.0
2024-03-01 13:22:00,FDMT,29.44499969482422,29.44499969482422,29.44499969482422,29.44499969482422,29.44499969482422,173.0
2024-03-01 13:22:00,FOLD,13.375,13.375,13.385000228881836,13.375,13.385000228881836,2055.0
2024-03-01 13:22:00,FUSN,12.399999618530273,12.399999618530273,12.399999618530273,12.375,12.375,432.0
2024-03-01 13:22:00,GDRX,8.255000114440918,8.255000114440918,8.255000114440918,8.25,8.25,902.0
2024-03-01 13:22:00,GERN,2.236999988555908,2.236999988555908,2.240000009536743,2.234999895095825,2.240000009536743,5246.0
2024-03-01 13:22:00,GH,19.040000915527344,19.040000915527344,19.040000915527344,19.030000686645508,19.030000686645508,2231.0
2024-03-01 13:22:00,GHSI,8.359999656677246,8.359999656677246,8.359999656677246,8.359999656677246,8.359999656677246,100.0
2024-03-01 13:22:00,GILD,72.23999786376953,72.23999786376953,72.24500274658203,72.2300033569336,72.23999786376953,9500.0
2024-03-01 13:22:00,GNPX,4.590000152587891,4.590000152587891,4.590000152587891,4.590000152587891,4.590000152587891,260.0
2024-03-01 13:22:00,GOSS,1.3899999856948853,1.3899999856948853,1.4049999713897705,1.3899999856948853,1.399999976158142,31406.0
2024-03-01 13:22:00,GRFS,7.105000019073486,7.105000019073486,7.105000019073486,7.105000019073486,7.105000019073486,210.0
2024-03-01 13:22:00,GRTS,2.205699920654297,2.205699920654297,2.2100000381469727,2.205699920654297,2.209199905395508,5350.0
2024-03-01 13:22:00,GRTX,0.23000000417232513,0.23000000417232513,0.23000000417232513,0.23000000417232513,0.23000000417232513,400.0
2024-03-01 13:22:00,GTHX,3.7750000953674316,3.7750000953674316,3.7750000953674316,3.744999885559082,3.744999885559082,11070.0
2024-03-01 13:22:00,HALO,41.51499938964844,41.51499938964844,41.51499938964844,41.4900016784668,41.51499938964844,1351.0
2024-03-01 13:22:00,HCAT,8.140000343322754,8.140000343322754,8.140000343322754,8.140000343322754,8.140000343322754,117.0
2024-03-01 13:22:00,HCSG,12.625,12.625,12.625,12.619999885559082,12.625,532.0
2024-03-01 13:22:00,HCTI,2.4000000953674316,2.4000000953674316,2.4000000953674316,2.4000000953674316,2.4000000953674316,111.0
2024-03-01 13:22:00,HEPA,3.0999999046325684,3.0999999046325684,3.109999895095825,3.069999933242798,3.0999999046325684,12147.0
2024-03-01 13:22:00,HITI,1.7599999904632568,1.7599999904632568,1.7599999904632568,1.7599999904632568,1.7599999904632568,1360.0
2024-03-01 13:22:00,HOLX,74.12000274658203,74.12000274658203,74.13999938964844,74.08999633789062,74.08999633789062,2359.0
2024-03-01 13:22:00,HOOK,0.7900000214576721,0.7900000214576721,0.7900000214576721,0.7900000214576721,0.7900000214576721,147.0
2024-03-01 13:22:00,HOWL,7.0,7.0,7.0,7.0,7.0,100.0
2024-03-01 13:22:00,HQY,81.69999694824219,81.69999694824219,81.69999694824219,81.58000183105469,81.58000183105469,4340.0
2024-03-01 13:22:00,HROW,10.869999885559082,10.869999885559082,10.869999885559082,10.869999885559082,10.869999885559082,236.0
2024-03-01 13:22:00,HRTX,2.5850000381469727,2.5850000381469727,2.5850000381469727,2.5850000381469727,2.5850000381469727,1308.0
2024-03-01 13:22:00,HUMA,3.371000051498413,3.371000051498413,3.371000051498413,3.369999885559082,3.369999885559082,510.0
2024-03-01 13:22:00,IART,36.400001525878906,36.400001525878906,36.41999816894531,36.400001525878906,36.41999816894531,436.0
2024-03-01 13:22:00,IBRX,4.744999885559082,4.744999885559082,4.748799800872803,4.744999885559082,4.748199939727783,904.0
2024-03-01 13:22:00,ICLR,322.92498779296875,322.92498779296875,322.92498779296875,322.92498779296875,322.92498779296875,101.0
2024-03-01 13:22:00,ICUI,104.73999786376953,104.73999786376953,104.73999786376953,104.73999786376953,104.73999786376953,122.0
2024-03-01 13:22:00,IDYA,46.595001220703125,46.595001220703125,46.595001220703125,46.595001220703125,46.595001220703125,201.0
2024-03-01 13:22:00,IINN,1.6799999475479126,1.6799999475479126,1.6799999475479126,1.6799999475479126,1.6799999475479126,733.0
2024-03-01 13:22:00,IMAB,1.8300000429153442,1.8300000429153442,1.8300000429153442,1.8300000429153442,1.8300000429153442,573.0
2024-03-01 13:22:00,INCR,1.9500000476837158,1.9500000476837158,1.9700000286102295,1.9500000476837158,1.9700000286102295,541.0
2024-03-01 13:22:00,INCY,59.43000030517578,59.43000030517578,59.43000030517578,59.43000030517578,59.43000030517578,908.0
2024-03-01 13:22:00,INGN,6.769999980926514,6.769999980926514,6.769999980926514,6.769999980926514,6.769999980926514,239.0
2024-03-01 13:22:00,INMB,12.350000381469727,12.350000381469727,12.350000381469727,12.28499984741211,12.28499984741211,419.0
2024-03-01 13:22:00,INMD,22.844999313354492,22.844999313354492,22.854999542236328,22.844999313354492,22.854999542236328,973.0
2024-03-01 13:22:00,INO,9.420000076293945,9.420000076293945,9.420000076293945,9.40999984741211,9.40999984741211,4343.0
2024-03-01 13:22:00,INVA,15.694999694824219,15.694999694824219,15.694999694824219,15.694999694824219,15.694999694824219,138.0
2024-03-01 13:22:00,INZY,6.639999866485596,6.639999866485596,6.650000095367432,6.639999866485596,6.650000095367432,505.0
2024-03-01 13:22:00,IONS,45.869998931884766,45.869998931884766,45.869998931884766,45.840301513671875,45.849998474121094,1400.0
2024-03-01 13:22:00,IOVA,17.145000457763672,17.145000457763672,17.170000076293945,17.139999389648438,17.165000915527344,21956.0
2024-03-01 13:22:00,IRWD,9.061200141906738,9.061200141906738,9.0649995803833,9.0600004196167,9.0649995803833,1446.0
2024-03-01 13:22:00,ISRG,396.1449890136719,396.1449890136719,396.25,396.1099853515625,396.15350341796875,3765.0
2024-03-01 13:22:00,ITCI,71.18000030517578,71.18000030517578,71.18000030517578,71.18000030517578,71.18000030517578,100.0
2024-03-01 13:22:00,ITOS,11.053999900817871,11.053999900817871,11.095000267028809,11.050000190734863,11.050000190734863,1718.0
2024-03-01 13:22:00,IXHL,5.590000152587891,5.590000152587891,5.590000152587891,5.554100036621094,5.554100036621094,993.0
2024-03-01 13:22:00,JAGX,0.07620000094175339,0.07620000094175339,0.07670000195503235,0.07620000094175339,0.07620000094175339,25409.0
2024-03-01 13:22:00,JANX,46.7400016784668,46.7400016784668,46.7400016784668,46.7400016784668,46.7400016784668,247.0
2024-03-01 13:22:00,JAZZ,119.26000213623047,119.26000213623047,119.2699966430664,119.2300033569336,119.2300033569336,1659.0
2024-03-01 13:22:00,JSPR,20.924999237060547,20.924999237060547,20.924999237060547,20.924999237060547,20.924999237060547,248.0
2024-03-01 13:22:00,KALV,14.149999618530273,14.149999618530273,14.15999984741211,14.149999618530273,14.15999984741211,475.0
2024-03-01 13:22:00,KNSA,21.739999771118164,21.739999771118164,21.739999771118164,21.739999771118164,21.739999771118164,489.0
2024-03-01 13:22:00,KOD,6.079999923706055,6.079999923706055,6.090000152587891,6.079999923706055,6.090000152587891,529.0
2024-03-01 13:22:00,KPTI,1.1950000524520874,1.1950000524520874,1.2100000381469727,1.1950000524520874,1.2100000381469727,9893.0
2024-03-01 13:22:00,KRYS,168.32000732421875,168.32000732421875,168.32000732421875,168.32000732421875,168.32000732421875,175.0
2024-03-01 13:22:00,KURA,21.239999771118164,21.239999771118164,21.2549991607666,21.239999771118164,21.2549991607666,700.0
2024-03-01 13:22:00,KYMR,44.185001373291016,44.185001373291016,44.185001373291016,44.185001373291016,44.185001373291016,136.0
2024-03-01 13:22:00,KZR,1.0800000429153442,1.0800000429153442,1.0800000429153442,1.0800000429153442,1.0800000429153442,100.0
2024-03-01 13:22:00,LAB,2.505000114440918,2.505000114440918,2.505000114440918,2.5,2.505000114440918,5141.0
2024-03-01 13:22:00,LEXX,2.819999933242798,2.819999933242798,2.819999933242798,2.819999933242798,2.819999933242798,411.0
2024-03-01 13:22:00,LFLY,3.015000104904175,3.015000104904175,3.015000104904175,3.007499933242798,3.007499933242798,300.0
2024-03-01 13:22:00,LFMD,8.0,8.0,8.010000228881836,7.989999771118164,8.0,1500.0
2024-03-01 13:22:00,LFST,7.764999866485596,7.764999866485596,7.764999866485596,7.755000114440918,7.755000114440918,1872.0
2024-03-01 13:22:00,LGND,77.5250015258789,77.5250015258789,77.5250015258789,77.5250015258789,77.5250015258789,379.0
2024-03-01 13:22:00,LIVN,55.917999267578125,55.917999267578125,55.917999267578125,55.88999938964844,55.88999938964844,1449.0
2024-03-01 13:22:00,LNTH,65.21499633789062,65.21499633789062,65.21499633789062,65.21499633789062,65.21499633789062,137.0
2024-03-01 13:22:00,LTRN,4.561500072479248,4.561500072479248,4.561500072479248,4.561500072479248,4.561500072479248,226.0
2024-03-01 13:22:00,LVTX,2.994999885559082,2.994999885559082,3.0,2.994999885559082,3.0,378.0
2024-03-01 13:22:00,LXRX,2.5250000953674316,2.5250000953674316,2.528700113296509,2.5199999809265137,2.523099899291992,2358.0
2024-03-01 13:22:00,LYRA,5.710000038146973,5.710000038146973,5.715000152587891,5.710000038146973,5.715000152587891,301.0
2024-03-01 13:22:00,MASI,128.64999389648438,128.64999389648438,128.64999389648438,128.64999389648438,128.64999389648438,480.0
2024-03-01 13:22:00,MCRB,1.2050000429153442,1.2050000429153442,1.2100000381469727,1.2000000476837158,1.2100000381469727,367.0
2024-03-01 13:22:00,MDRX,6.050000190734863,6.050000190734863,6.050000190734863,6.039999961853027,6.039999961853027,69672.0
2024-03-01 13:22:00,MDXG,8.670000076293945,8.670000076293945,8.670000076293945,8.664999961853027,8.670000076293945,435.0
2024-03-01 13:22:00,ME,0.5681999921798706,0.5681999921798706,0.569100022315979,0.5681999921798706,0.569100022315979,2270.0
2024-03-01 13:22:00,MGNX,19.059999465942383,19.059999465942383,19.059999465942383,19.05500030517578,19.05500030517578,357.0
2024-03-01 13:22:00,MIRM,29.809999465942383,29.809999465942383,29.84000015258789,29.80500030517578,29.80500030517578,302.0
2024-03-01 13:22:00,MLTX,51.165000915527344,51.165000915527344,51.165000915527344,51.165000915527344,51.165000915527344,100.0
2024-03-01 13:22:00,MNKD,4.554999828338623,4.554999828338623,4.559999942779541,4.550000190734863,4.559999942779541,4469.0
2024-03-01 13:22:00,MNMD,6.138700008392334,6.138700008392334,6.138700008392334,6.110000133514404,6.114799976348877,3776.0
2024-03-01 13:22:00,MNPR,0.875,0.875,0.875,0.875,0.875,300.0
2024-03-01 13:22:00,MODV,28.059999465942383,28.059999465942383,28.075000762939453,28.059999465942383,28.075000762939453,305.0
2024-03-01 13:22:00,MOR,17.579999923706055,17.579999923706055,17.584999084472656,17.579999923706055,17.579999923706055,528.0
2024-03-01 13:22:00,MORF,39.38999938964844,39.38999938964844,39.38999938964844,39.38999938964844,39.38999938964844,333.0
2024-03-01 13:22:00,MREO,3.9800000190734863,3.9800000190734863,3.990000009536743,3.9600000381469727,3.990000009536743,6526.0
2024-03-01 13:22:00,MRNA,96.13999938964844,96.13999938964844,96.23999786376953,96.13999938964844,96.23999786376953,9212.0
2024-03-01 13:22:00,MRNS,10.479999542236328,10.479999542236328,10.5,10.470000267028809,10.479999542236328,2931.0
2024-03-01 13:22:00,MRSN,5.985000133514404,5.985000133514404,5.985000133514404,5.985000133514404,5.985000133514404,527.0
2024-03-01 13:22:00,MRUS,51.52000045776367,51.52000045776367,51.61000061035156,51.5099983215332,51.61000061035156,3188.0
2024-03-01 13:22:00,MRVI,7.710000038146973,7.710000038146973,7.71999979019165,7.710000038146973,7.710000038146973,719.0
2024-03-01 13:22:00,MXCT,4.764999866485596,4.764999866485596,4.769999980926514,4.764999866485596,4.769999980926514,616.0
2024-03-01 13:22:00,MYGN,21.84000015258789,21.84000015258789,21.84000015258789,21.84000015258789,21.84000015258789,100.0
2024-03-01 13:22:00,NAOV,0.9900000095367432,0.9900000095367432,0.9900000095367432,0.9900000095367432,0.9900000095367432,1662.0
2024-03-01 13:22:00,NARI,44.869998931884766,44.869998931884766,44.939998626708984,44.869998931884766,44.88999938964844,7820.0
2024-03-01 13:22:00,NAUT,2.5999999046325684,2.5999999046325684,2.5999999046325684,2.5999999046325684,2.5999999046325684,100.0
2024-03-01 13:22:00,NBIX,131.77000427246094,131.77000427246094,131.77000427246094,131.6300048828125,131.6300048828125,1689.0
2024-03-01 13:22:00,NEO,16.049999237060547,16.049999237060547,16.059999465942383,16.040000915527344,16.040000915527344,823.0
2024-03-01 13:22:00,NEOG,17.354999542236328,17.354999542236328,17.354999542236328,17.350000381469727,17.350000381469727,1533.0
2024-03-01 13:22:00,NERV,2.5799999237060547,2.5799999237060547,2.5799999237060547,2.5799999237060547,2.5799999237060547,464.0
2024-03-01 13:22:00,NKTR,0.7900000214576721,0.7900000214576721,0.7900000214576721,0.7900000214576721,0.7900000214576721,1508.0
2024-03-01 13:22:00,NNOX,10.989999771118164,10.989999771118164,11.00979995727539,10.970000267028809,10.975000381469727,5300.0
2024-03-01 13:22:00,NRIX,13.720000267028809,13.720000267028809,13.720000267028809,13.720000267028809,13.720000267028809,100.0
2024-03-01 13:22:00,NRSN,2.035399913787842,2.035399913787842,2.035399913787842,2.035399913787842,2.035399913787842,1009.0
2024-03-01 13:22:00,NSPR,2.637200117111206,2.637200117111206,2.637200117111206,2.637200117111206,2.637200117111206,1018.0
2024-03-01 13:22:00,NTLA,33.290000915527344,33.290000915527344,33.31999969482422,33.290000915527344,33.310001373291016,7315.0
2024-03-01 13:22:00,NTRA,89.94000244140625,89.94000244140625,89.94000244140625,89.94000244140625,89.94000244140625,169.0
2024-03-01 13:22:00,NUVL,88.79000091552734,88.79000091552734,88.79000091552734,88.79000091552734,88.79000091552734,253.0
2024-03-01 13:22:00,NVAX,5.230000019073486,5.230000019073486,5.230000019073486,5.21999979019165,5.21999979019165,4142.0
2024-03-01 13:22:00,NVCR,15.960000038146973,15.960000038146973,15.960000038146973,15.960000038146973,15.960000038146973,754.0
2024-03-01 13:22:00,NVNO,6.199999809265137,6.199999809265137,6.260000228881836,6.159999847412109,6.260000228881836,7364.0
2024-03-01 13:22:00,OCGN,0.9667999744415283,0.9667999744415283,0.9689000248908997,0.9645000100135803,0.9670000076293945,6965.0
2024-03-01 13:22:00,OCUL,10.84000015258789,10.84000015258789,10.850000381469727,10.84000015258789,10.845000267028809,1852.0
2024-03-01 13:22:00,OCUP,2.494999885559082,2.494999885559082,2.494999885559082,2.490000009536743,2.490000009536743,400.0
2024-03-01 13:22:00,OGI,2.194999933242798,2.194999933242798,2.194999933242798,2.194999933242798,2.194999933242798,104.0
2024-03-01 13:22:00,OLK,22.770000457763672,22.770000457763672,22.770000457763672,22.739999771118164,22.739999771118164,1575.0
2024-03-01 13:22:00,OLMA,14.699999809265137,14.699999809265137,14.755000114440918,14.6899995803833,14.755000114440918,2443.0
2024-03-01 13:22:00,OM,3.140000104904175,3.140000104904175,3.140000104904175,3.139400005340576,3.139400005340576,1978.0
2024-03-01 13:22:00,OMCL,26.31999969482422,26.31999969482422,26.334999084472656,26.31999969482422,26.31999969482422,721.0
2024-03-01 13:22:00,OMGA,4.235000133514404,4.235000133514404,4.235000133514404,4.235000133514404,4.235000133514404,100.0
2024-03-01 13:23:00,ABCL,5.235000133514404,5.235000133514404,5.235000133514404,5.235000133514404,5.235000133514404,680.0
2024-03-01 13:23:00,ABSI,5.389999866485596,5.389999866485596,5.389999866485596,5.380000114440918,5.389999866485596,5139.0
2024-03-01 13:23:00,ACAD,24.3799991607666,24.3799991607666,24.3799991607666,24.360000610351562,24.3700008392334,924.0
2024-03-01 13:23:00,ACB,3.200000047683716,3.200000047683716,3.2049999237060547,3.200000047683716,3.2049999237060547,346.0
2024-03-01 13:23:00,ACET,2.3949999809265137,2.3949999809265137,2.4000000953674316,2.3949999809265137,2.3949999809265137,771.0
2024-03-01 13:23:00,ACHC,84.76000213623047,84.76000213623047,84.76000213623047,84.76000213623047,84.76000213623047,663.0
2024-03-01 13:23:00,ACON,0.4049000144004822,0.4049000144004822,0.4049000144004822,0.4049000144004822,0.4049000144004822,100.0
2024-03-01 13:23:00,ACRS,1.2400000095367432,1.2400000095367432,1.2400000095367432,1.2300000190734863,1.2300000190734863,1422.0
2024-03-01 13:23:00,ACXP,3.069999933242798,3.069999933242798,3.069999933242798,3.059999942779541,3.059999942779541,2417.0
2024-03-01 13:23:00,ADAP,1.600000023841858,1.600000023841858,1.625599980354309,1.600000023841858,1.625599980354309,664.0
2024-03-01 13:23:00,ADIL,3.223599910736084,3.223599910736084,3.259999990463257,3.180000066757202,3.2200000286102295,65044.0
2024-03-01 13:23:00,ADMA,5.505000114440918,5.505000114440918,5.510000228881836,5.5,5.505000114440918,1565.0
2024-03-01 13:23:00,ADPT,4.139999866485596,4.139999866485596,4.164999961853027,4.139999866485596,4.161200046539307,4476.0
2024-03-01 13:23:00,ADVM,1.9600000381469727,1.9600000381469727,1.9600000381469727,1.9550000429153442,1.9600000381469727,2575.0
2024-03-01 13:23:00,AFMD,0.6399999856948853,0.6399999856948853,0.6399999856948853,0.6399999856948853,0.6399999856948853,178.0
2024-03-01 13:23:00,AGEN,0.6765499711036682,0.6765499711036682,0.682699978351593,0.6762999892234802,0.6825000047683716,432334.0
2024-03-01 13:23:00,AGIO,32.88999938964844,32.88999938964844,32.88999938964844,32.88999938964844,32.88999938964844,314.0
2024-03-01 13:23:00,AHCO,10.539999961853027,10.539999961853027,10.539999961853027,10.510000228881836,10.510000228881836,3705.0
2024-03-01 13:23:00,AKAN,0.2151000052690506,0.2151000052690506,0.2151000052690506,0.2151000052690506,0.2151000052690506,610.0
2024-03-01 13:23:00,AKBA,1.684999942779541,1.684999942779541,1.690000057220459,1.684999942779541,1.690000057220459,462.0
2024-03-01 13:23:00,AKRO,29.924999237060547,29.924999237060547,30.010000228881836,29.920000076293945,30.010000228881836,2635.0
2024-03-01 13:23:00,ALEC,7.304999828338623,7.304999828338623,7.309999942779541,7.300000190734863,7.309999942779541,330.0
2024-03-01 13:23:00,ALGN,304.30499267578125,304.30499267578125,304.30499267578125,304.30499267578125,304.30499267578125,520.0
2024-03-01 13:23:00,ALGS,1.100100040435791,1.100100040435791,1.1150000095367432,1.100000023841858,1.100000023841858,5838.0
2024-03-01 13:23:00,ALHC,5.699999809265137,5.699999809265137,5.699999809265137,5.695000171661377,5.699999809265137,1437.0
2024-03-01 13:23:00,ALKS,30.219999313354492,30.219999313354492,30.219999313354492,30.200000762939453,30.200000762939453,2339.0
2024-03-01 13:23:00,ALLK,1.6200000047683716,1.6200000047683716,1.6200000047683716,1.6150000095367432,1.6150000095367432,300.0
2024-03-01 13:23:00,ALLO,5.03000020980835,5.03000020980835,5.039999961853027,5.03000020980835,5.039999961853027,1480.0
2024-03-01 13:23:00,ALNY,154.3000030517578,154.3000030517578,154.30499267578125,154.22000122070312,154.30499267578125,488.0
2024-03-01 13:23:00,ALPN,36.040000915527344,36.040000915527344,36.040000915527344,36.040000915527344,36.040000915527344,897.0
2024-03-01 13:23:00,ALT,12.03499984741211,12.03499984741211,12.03499984741211,12.029999732971191,12.029999732971191,1516.0
2024-03-01 13:23:00,ALXO,15.0600004196167,15.0600004196167,15.0600004196167,15.0600004196167,15.0600004196167,841.0
2024-03-01 13:23:00,AMGN,280.6669006347656,280.6669006347656,280.760009765625,280.60009765625,280.67498779296875,3211.0
2024-03-01 13:23:00,AMLX,18.75,18.75,18.780000686645508,18.75,18.780000686645508,917.0
2024-03-01 13:23:00,AMPH,45.56999969482422,45.56999969482422,45.56999969482422,45.54499816894531,45.54499816894531,1100.0
2024-03-01 13:23:00,ANIP,65.9000015258789,65.9000015258789,65.9000015258789,65.9000015258789,65.9000015258789,452.0
2024-03-01 13:23:00,ANNX,6.050000190734863,6.050000190734863,6.050000190734863,6.050000190734863,6.050000190734863,1088.0
2024-03-01 13:23:00,ANTX,3.0,3.0,3.009999990463257,3.0,3.009999990463257,2645.0
2024-03-01 13:23:00,APLT,7.130000114440918,7.130000114440918,7.150000095367432,7.130000114440918,7.139999866485596,1156.0
2024-03-01 13:23:00,AQST,4.179999828338623,4.179999828338623,4.179999828338623,4.170000076293945,4.170000076293945,7117.0
2024-03-01 13:23:00,ARAY,2.6449999809265137,2.6449999809265137,2.6449999809265137,2.6449999809265137,2.6449999809265137,200.0
2024-03-01 13:23:00,ARCT,39.834999084472656,39.834999084472656,39.834999084472656,39.77000045776367,39.77000045776367,388.0
2024-03-01 13:23:00,ARDX,9.46500015258789,9.46500015258789,9.484999656677246,9.46500015258789,9.484999656677246,9630.0
2024-03-01 13:23:00,ARGX,391.9599914550781,391.9599914550781,391.9700012207031,391.9599914550781,391.9700012207031,518.0
2024-03-01 13:23:00,ARQT,11.6899995803833,11.6899995803833,11.6899995803833,11.645000457763672,11.645000457763672,9971.0
2024-03-01 13:23:00,ARTL,1.458299994468689,1.458299994468689,1.458299994468689,1.458299994468689,1.458299994468689,206.0
2024-03-01 13:23:00,ARVN,48.48500061035156,48.48500061035156,48.48500061035156,48.459999084472656,48.459999084472656,531.0
2024-03-01 13:23:00,ARWR,35.31999969482422,35.31999969482422,35.36000061035156,35.29999923706055,35.34000015258789,3875.0
2024-03-01 13:23:00,ASLN,0.7459999918937683,0.7459999918937683,0.7529500126838684,0.7459999918937683,0.7529500126838684,800.0
2024-03-01 13:23:00,ASND,152.7100067138672,152.7100067138672,152.7100067138672,152.6999969482422,152.6999969482422,234.0
2024-03-01 13:23:00,ATAI,2.180000066757202,2.180000066757202,2.180000066757202,2.1649999618530273,2.1700000762939453,11431.0
2024-03-01 13:23:00,ATEC,13.484999656677246,13.484999656677246,13.484999656677246,13.479999542236328,13.484999656677246,991.0
2024-03-01 13:23:00,ATRA,0.7986999750137329,0.7986999750137329,0.7998999953269958,0.7986999750137329,0.7998999953269958,1744.0
2024-03-01 13:23:00,ATRC,35.970001220703125,35.970001220703125,35.970001220703125,35.970001220703125,35.970001220703125,172.0
2024-03-01 13:23:00,ATXS,14.75,14.75,14.760000228881836,14.720000267028809,14.729999542236328,3050.0
2024-03-01 13:23:00,AUGX,4.539999961853027,4.539999961853027,4.539999961853027,4.539999961853027,4.539999961853027,100.0
2024-03-01 13:23:00,AUPH,5.864999771118164,5.864999771118164,5.864999771118164,5.860000133514404,5.864999771118164,1267.0
2024-03-01 13:23:00,AURA,9.260000228881836,9.260000228881836,9.279999732971191,9.260000228881836,9.279999732971191,333.0
2024-03-01 13:23:00,AUTL,6.380000114440918,6.380000114440918,6.380000114440918,6.376200199127197,6.376200199127197,1109.0
2024-03-01 13:23:00,AVAH,2.380000114440918,2.380000114440918,2.380000114440918,2.380000114440918,2.380000114440918,218.0
2024-03-01 13:23:00,AVDL,13.199999809265137,13.199999809265137,13.210000038146973,13.1850004196167,13.199999809265137,903.0
2024-03-01 13:23:00,AVIR,4.471099853515625,4.471099853515625,4.480000019073486,4.471099853515625,4.480000019073486,1894.0
2024-03-01 13:23:00,AVXL,5.289999961853027,5.289999961853027,5.304999828338623,5.289999961853027,5.300000190734863,6719.0
2024-03-01 13:23:00,AXNX,67.59300231933594,67.59300231933594,67.59300231933594,67.59300231933594,67.59300231933594,762.0
2024-03-01 13:23:00,AXSM,81.91999816894531,81.91999816894531,82.0,81.91999816894531,82.0,1097.0
2024-03-01 13:23:00,AZN,64.66500091552734,64.66500091552734,64.66999816894531,64.65119934082031,64.65499877929688,4405.0
2024-03-01 13:23:00,AZTA,67.0999984741211,67.0999984741211,67.0999984741211,67.08000183105469,67.0999984741211,1394.0
2024-03-01 13:23:00,BBIO,36.0099983215332,36.0099983215332,36.0099983215332,36.0099983215332,36.0099983215332,314.0
2024-03-01 13:23:00,BBLG,2.430000066757202,2.430000066757202,2.465399980545044,2.430000066757202,2.4300999641418457,2120.0
2024-03-01 13:23:00,BCAB,2.75,2.75,2.7799999713897705,2.75,2.755000114440918,6145.0
2024-03-01 13:23:00,BCLI,0.350600004196167,0.350600004196167,0.350600004196167,0.350600004196167,0.350600004196167,496.0
2024-03-01 13:23:00,BCRX,5.70989990234375,5.70989990234375,5.710000038146973,5.699999809265137,5.699999809265137,1868.0
2024-03-01 13:23:00,BCYC,26.25,26.25,26.25,26.25,26.25,206.0
2024-03-01 13:23:00,BDSX,1.590000033378601,1.590000033378601,1.590000033378601,1.5800000429153442,1.5800000429153442,11108.0
2024-03-01 13:23:00,BDTX,5.025000095367432,5.025000095367432,5.03000020980835,5.025000095367432,5.03000020980835,1007.0
2024-03-01 13:23:00,BEAM,40.099998474121094,40.099998474121094,40.10499954223633,40.095001220703125,40.099300384521484,1632.0
2024-03-01 13:23:00,BEAT,1.5800000429153442,1.5800000429153442,1.5800000429153442,1.5800000429153442,1.5800000429153442,401.0
2024-03-01 13:23:00,BGNE,166.25999450683594,166.25999450683594,166.25999450683594,166.25999450683594,166.25999450683594,682.0
2024-03-01 13:23:00,BIIB,221.02000427246094,221.02000427246094,221.17999267578125,220.97999572753906,221.17999267578125,2392.0
2024-03-01 13:23:00,BIOL,0.14169999957084656,0.14169999957084656,0.14169999957084656,0.14169999957084656,0.14169999957084656,2909.0
2024-03-01 13:23:00,BIOR,1.1399999856948853,1.1399999856948853,1.1399999856948853,1.1200000047683716,1.1299999952316284,1850.0
2024-03-01 13:23:00,BIVI,1.9600000381469727,1.9600000381469727,1.9700000286102295,1.934999942779541,1.940000057220459,37601.0
2024-03-01 13:23:00,BLFS,18.209999084472656,18.209999084472656,18.209999084472656,18.200000762939453,18.200000762939453,881.0
2024-03-01 13:23:00,BLRX,1.3700000047683716,1.3700000047683716,1.3700000047683716,1.3700000047683716,1.3700000047683716,1653.0
2024-03-01 13:23:00,BLUE,1.5950000286102295,1.5950000286102295,1.5994000434875488,1.5901000499725342,1.591599941253662,13487.0
2024-03-01 13:23:00,BMEA,18.150100708007812,18.150100708007812,18.150100708007812,18.149999618530273,18.149999618530273,827.0
2024-03-01 13:23:00,BMRN,87.68499755859375,87.68499755859375,87.68499755859375,87.6500015258789,87.66999816894531,1498.0
2024-03-01 13:23:00,BNGO,1.2549999952316284,1.2549999952316284,1.2549999952316284,1.2549999952316284,1.2549999952316284,301.0
2024-03-01 13:23:00,BNTX,91.5999984741211,91.5999984741211,91.62000274658203,91.5999984741211,91.62000274658203,2039.0
2024-03-01 13:23:00,BPMC,97.20999908447266,97.20999908447266,97.37999725341797,97.19999694824219,97.31999969482422,3435.0
2024-03-01 13:23:00,BRKR,88.27999877929688,88.27999877929688,88.27999877929688,88.24500274658203,88.24500274658203,1381.0
2024-03-01 13:23:00,BSGM,0.6669999957084656,0.6669999957084656,0.6744999885559082,0.6669999957084656,0.670799970626831,449.0
2024-03-01 13:23:00,BTAI,3.187700033187866,3.187700033187866,3.187700033187866,3.174999952316284,3.180000066757202,5575.0
2024-03-01 13:23:00,BTMD,5.989999771118164,5.989999771118164,5.989999771118164,5.980000019073486,5.980000019073486,373.0
2024-03-01 13:23:00,BTTX,0.17839999496936798,0.17839999496936798,0.17839999496936798,0.17839999496936798,0.17839999496936798,17000.0
2024-03-01 13:23:00,BWAY,6.550000190734863,6.550000190734863,6.550000190734863,6.514999866485596,6.514999866485596,913.0
2024-03-01 13:23:00,CABA,24.299999237060547,24.299999237060547,24.299999237060547,24.299999237060547,24.299999237060547,100.0
2024-03-01 13:23:00,CBAY,32.23500061035156,32.23500061035156,32.2400016784668,32.23500061035156,32.2400016784668,2896.0
2024-03-01 13:23:00,CCCC,10.989999771118164,10.989999771118164,10.991999626159668,10.989999771118164,10.99120044708252,2245.0
2024-03-01 13:23:00,CDMO,8.09000015258789,8.09000015258789,8.09000015258789,8.09000015258789,8.09000015258789,181.0
2024-03-01 13:23:00,CDNA,12.279999732971191,12.279999732971191,12.3100004196167,12.279999732971191,12.300000190734863,2364.0
2024-03-01 13:23:00,CDXS,4.554999828338623,4.554999828338623,4.559999942779541,4.550000190734863,4.559999942779541,1351.0
2024-03-01 13:23:00,CELC,16.32990074157715,16.32990074157715,16.32990074157715,16.2549991607666,16.2549991607666,217.0
2024-03-01 13:23:00,CELU,3.5722999572753906,3.5722999572753906,3.5722999572753906,3.5722999572753906,3.5722999572753906,286.0
2024-03-01 13:23:00,CERE,41.099998474121094,41.099998474121094,41.10499954223633,41.099998474121094,41.099998474121094,401.0
2024-03-01 13:23:00,CERS,2.2149999141693115,2.2149999141693115,2.2149999141693115,2.2100000381469727,2.2149999141693115,1620.0
2024-03-01 13:23:00,CERT,17.860000610351562,17.860000610351562,17.8700008392334,17.829999923706055,17.829999923706055,2182.0
2024-03-01 13:23:00,CGC,3.265000104904175,3.265000104904175,3.265000104904175,3.259999990463257,3.259999990463257,3944.0
2024-03-01 13:23:00,CHRS,2.4014999866485596,2.4014999866485596,2.4100000858306885,2.4000000953674316,2.4100000858306885,9130.0
2024-03-01 13:23:00,CLDX,52.23749923706055,52.23749923706055,52.29999923706055,51.900001525878906,51.900001525878906,12565.0
2024-03-01 13:23:00,CLOV,0.8657000064849854,0.8657000064849854,0.8687999844551086,0.8655999898910522,0.8673999905586243,91316.0
2024-03-01 13:23:00,CLPT,6.659999847412109,6.659999847412109,6.684999942779541,6.659999847412109,6.684999942779541,203.0
2024-03-01 13:23:00,CLRB,4.150000095367432,4.150000095367432,4.150000095367432,4.150000095367432,4.150000095367432,2010.0
2024-03-01 13:23:00,CMPX,1.840000033378601,1.840000033378601,1.840000033378601,1.840000033378601,1.840000033378601,222.0
2024-03-01 13:23:00,CNSP,0.3100000023841858,0.3100000023841858,0.3203999996185303,0.3100000023841858,0.3203999996185303,11400.0
2024-03-01 13:23:00,CNTG,0.699999988079071,0.699999988079071,0.699999988079071,0.699999988079071,0.699999988079071,200.0
2024-03-01 13:23:00,COGT,7.179999828338623,7.179999828338623,7.179999828338623,7.178999900817871,7.179999828338623,3590.0
2024-03-01 13:23:00,COLL,36.95000076293945,36.95000076293945,36.95000076293945,36.95000076293945,36.95000076293945,121.0
2024-03-01 13:23:00,CORT,24.31999969482422,24.31999969482422,24.31999969482422,24.31999969482422,24.31999969482422,242.0
2024-03-01 13:23:00,CPIX,2.200000047683716,2.200000047683716,2.200000047683716,2.200000047683716,2.200000047683716,1178.0
2024-03-01 13:23:00,CPRX,17.239999771118164,17.239999771118164,17.239999771118164,17.204999923706055,17.204999923706055,4488.0
2024-03-01 13:23:00,CPSI,9.491999626159668,9.491999626159668,9.550000190734863,9.489999771118164,9.550000190734863,3422.0
2024-03-01 13:23:00,CRBU,7.920000076293945,7.920000076293945,7.925000190734863,7.920000076293945,7.924099922180176,1235.0
2024-03-01 13:23:00,CRDF,2.430000066757202,2.430000066757202,2.430000066757202,2.4200000762939453,2.420099973678589,4447.0
2024-03-01 13:23:00,CRNX,46.68000030517578,46.68000030517578,46.84000015258789,46.68000030517578,46.75,1272.0
2024-03-01 13:23:00,CRON,2.065000057220459,2.065000057220459,2.065000057220459,2.059999942779541,2.059999942779541,512.0
2024-03-01 13:23:00,CRSP,85.95500183105469,85.95500183105469,86.07779693603516,85.86000061035156,85.86000061035156,1064.0
2024-03-01 13:23:00,CTMX,2.6449999809265137,2.6449999809265137,2.6500000953674316,2.630000114440918,2.640000104904175,4236.0
2024-03-01 13:23:00,CUTR,2.384999990463257,2.384999990463257,2.3929998874664307,2.384999990463257,2.3929998874664307,4045.0
2024-03-01 13:23:00,CYTK,72.9800033569336,72.9800033569336,73.0,72.9800033569336,73.0,755.0
2024-03-01 13:23:00,DAWN,17.399999618530273,17.399999618530273,17.415000915527344,17.399999618530273,17.415000915527344,413.0
2024-03-01 13:23:00,DCGO,4.170000076293945,4.170000076293945,4.179999828338623,4.170000076293945,4.179999828338623,322.0
2024-03-01 13:23:00,DH,8.880000114440918,8.880000114440918,8.880000114440918,8.880000114440918,8.880000114440918,111.0
2024-03-01 13:23:00,DMTK,0.8784999847412109,0.8784999847412109,0.8784999847412109,0.8784999847412109,0.8784999847412109,235.0
2024-03-01 13:23:00,DNLI,20.71500015258789,20.71500015258789,20.719999313354492,20.709999084472656,20.710100173950195,1453.0
2024-03-01 13:23:00,DRRX,1.0,1.0,1.0049999952316284,1.0,1.000100016593933,3572.0
2024-03-01 13:23:00,DVAX,12.854999542236328,12.854999542236328,12.860300064086914,12.854999542236328,12.860300064086914,1426.0
2024-03-01 13:23:00,DXCM,121.93000030517578,121.93000030517578,121.9800033569336,121.91500091552734,121.9563980102539,3846.0
2024-03-01 13:23:00,DYN,28.770000457763672,28.770000457763672,28.770000457763672,28.770000457763672,28.770000457763672,489.0
2024-03-01 13:23:00,EDIT,10.810099601745605,10.810099601745605,10.8149995803833,10.8100004196167,10.8149995803833,1201.0
2024-03-01 13:23:00,EIGR,6.989999771118164,6.989999771118164,6.989999771118164,6.989999771118164,6.989999771118164,280.0
2024-03-01 13:23:00,EKSO,2.000999927520752,2.000999927520752,2.000999927520752,2.000999927520752,2.000999927520752,3392.0
2024-03-01 13:23:00,ELEV,5.059999942779541,5.059999942779541,5.070000171661377,5.059999942779541,5.059999942779541,2080.0
2024-03-01 13:23:00,ENVB,1.5087000131607056,1.5087000131607056,1.5099999904632568,1.4900000095367432,1.5,13044.0
2024-03-01 13:23:00,EOLS,14.899999618530273,14.899999618530273,14.899999618530273,14.899999618530273,14.899999618530273,290.0
2024-03-01 13:23:00,ERAS,2.494999885559082,2.494999885559082,2.494999885559082,2.490000009536743,2.490000009536743,485.0
2024-03-01 13:23:00,ESPR,2.5199999809265137,2.5199999809265137,2.5250000953674316,2.5199999809265137,2.5199999809265137,542.0
2024-03-01 13:23:00,ESTA,45.630001068115234,45.630001068115234,45.630001068115234,45.56999969482422,45.619998931884766,2479.0
2024-03-01 13:23:00,ETNB,13.270000457763672,13.270000457763672,13.289999961853027,13.270000457763672,13.289999961853027,3070.0
2024-03-01 13:23:00,EWTX,17.0049991607666,17.0049991607666,17.0049991607666,17.0,17.0,581.0
2024-03-01 13:23:00,EXAS,60.15850067138672,60.15850067138672,60.15850067138672,60.15850067138672,60.15850067138672,496.0
2024-03-01 13:23:00,EXEL,22.614999771118164,22.614999771118164,22.614999771118164,22.610000610351562,22.610000610351562,873.0
2024-03-01 13:23:00,EYEN,2.401099920272827,2.401099920272827,2.4409000873565674,2.4000000953674316,2.440000057220459,18390.0
2024-03-01 13:23:00,EYPT,28.110000610351562,28.110000610351562,28.139999389648438,28.110000610351562,28.1299991607666,797.0
2024-03-01 13:23:00,FATE,7.715000152587891,7.715000152587891,7.730000019073486,7.699999809265137,7.699999809265137,2026.0
2024-03-01 13:23:00,FDMT,29.469999313354492,29.469999313354492,29.469999313354492,29.44499969482422,29.44499969482422,622.0
2024-03-01 13:23:00,FGEN,1.8799999952316284,1.8799999952316284,1.8799999952316284,1.8700000047683716,1.8700000047683716,3862.0
2024-03-01 13:23:00,FOLD,13.359999656677246,13.359999656677246,13.369999885559082,13.359999656677246,13.369999885559082,1833.0
2024-03-01 13:23:00,FULC,11.130000114440918,11.130000114440918,11.130000114440918,11.130000114440918,11.130000114440918,122.0
2024-03-01 13:23:00,FUSN,12.369999885559082,12.369999885559082,12.399999618530273,12.350000381469727,12.350000381469727,1105.0
2024-03-01 13:23:00,GCTK,0.3118000030517578,0.3118000030517578,0.3118000030517578,0.3118000030517578,0.3118000030517578,199.0
2024-03-01 13:23:00,GDRX,8.274999618530273,8.274999618530273,8.300000190734863,8.25,8.25,43749.0
2024-03-01 13:23:00,GERN,2.240000009536743,2.240000009536743,2.240000009536743,2.2316999435424805,2.2316999435424805,4044.0
2024-03-01 13:23:00,GH,19.030000686645508,19.030000686645508,19.03499984741211,19.020000457763672,19.03499984741211,19698.0
2024-03-01 13:23:00,GHSI,8.3100004196167,8.3100004196167,8.34000015258789,8.3100004196167,8.34000015258789,329.0
2024-03-01 13:23:00,GILD,72.25499725341797,72.25499725341797,72.26499938964844,72.2300033569336,72.23999786376953,8667.0
2024-03-01 13:23:00,GLUE,6.460000038146973,6.460000038146973,6.460000038146973,6.460000038146973,6.460000038146973,461.0
2024-03-01 13:23:00,GLYC,3.0299999713897705,3.0299999713897705,3.0299999713897705,3.0299999713897705,3.0299999713897705,300.0
2024-03-01 13:23:00,GMAB,29.409900665283203,29.409900665283203,29.409900665283203,29.394100189208984,29.394100189208984,1459.0
2024-03-01 13:23:00,GRFS,7.105000019073486,7.105000019073486,7.105000019073486,7.105000019073486,7.105000019073486,205.0
2024-03-01 13:23:00,GRPH,3.494999885559082,3.494999885559082,3.494999885559082,3.494999885559082,3.494999885559082,320.0
2024-03-01 13:23:00,GRTS,2.2049999237060547,2.2049999237060547,2.2058000564575195,2.2002999782562256,2.2002999782562256,978.0
2024-03-01 13:23:00,GRTX,0.23135000467300415,0.23135000467300415,0.23135000467300415,0.23135000467300415,0.23135000467300415,417.0
2024-03-01 13:23:00,GTHX,3.7950000762939453,3.7950000762939453,3.799999952316284,3.7799999713897705,3.7799999713897705,6312.0
2024-03-01 13:23:00,HALO,41.45000076293945,41.45000076293945,41.540000915527344,41.45000076293945,41.540000915527344,2463.0
2024-03-01 13:23:00,HCAT,8.149999618530273,8.149999618530273,8.149999618530273,8.130000114440918,8.130000114440918,2624.0
2024-03-01 13:23:00,HLTH,0.272599995136261,0.272599995136261,0.272599995136261,0.27160000801086426,0.27160000801086426,1034.0
2024-03-01 13:23:00,HOLX,74.1050033569336,74.1050033569336,74.12999725341797,74.1050033569336,74.12999725341797,1544.0
2024-03-01 13:23:00,HOWL,7.0,7.0,7.0,6.940000057220459,6.940000057220459,358.0
2024-03-01 13:23:00,HQY,81.6449966430664,81.6449966430664,81.66999816894531,81.6449966430664,81.66999816894531,509.0
2024-03-01 13:23:00,HRMY,31.5049991607666,31.5049991607666,31.5049991607666,31.5049991607666,31.5049991607666,222.0
2024-03-01 13:23:00,HSCS,0.11840000003576279,0.11840000003576279,0.11840000003576279,0.11840000003576279,0.11840000003576279,102.0
2024-03-01 13:23:00,HSIC,76.81999969482422,76.81999969482422,76.81999969482422,76.77999877929688,76.80000305175781,2242.0
2024-03-01 13:23:00,HSTM,27.354999542236328,27.354999542236328,27.354999542236328,27.280000686645508,27.30500030517578,2127.0
2024-03-01 13:23:00,HUMA,3.371000051498413,3.371000051498413,3.375,3.369999885559082,3.369999885559082,1660.0
2024-03-01 13:23:00,IART,36.40999984741211,36.40999984741211,36.40999984741211,36.400001525878906,36.400001525878906,3909.0
2024-03-01 13:23:00,IBRX,4.744999885559082,4.744999885559082,4.744999885559082,4.744999885559082,4.744999885559082,407.0
2024-03-01 13:23:00,ICCM,1.2999999523162842,1.2999999523162842,1.2999999523162842,1.2999999523162842,1.2999999523162842,100.0
2024-03-01 13:23:00,ICLR,322.92498779296875,322.92498779296875,322.92498779296875,322.92498779296875,322.92498779296875,589.0
2024-03-01 13:23:00,ICUI,104.6500015258789,104.6500015258789,104.65850067138672,104.6500015258789,104.65850067138672,249.0
2024-03-01 13:23:00,IDYA,46.5099983215332,46.5099983215332,46.595001220703125,46.5099983215332,46.595001220703125,4078.0
2024-03-01 13:23:00,ILMN,142.1750030517578,142.1750030517578,142.1750030517578,142.1750030517578,142.1750030517578,738.0
2024-03-01 13:23:00,IMAB,1.8300000429153442,1.8300000429153442,1.8300000429153442,1.8300000429153442,1.8300000429153442,100.0
2024-03-01 13:23:00,IMMP,2.3499999046325684,2.3499999046325684,2.3499999046325684,2.3450000286102295,2.3450000286102295,1175.0
2024-03-01 13:23:00,IMNN,1.0809999704360962,1.0809999704360962,1.0809999704360962,1.0800000429153442,1.0800000429153442,307.0
2024-03-01 13:23:00,IMUX,1.475000023841858,1.475000023841858,1.475000023841858,1.4700000286102295,1.4700000286102295,1106.0
2024-03-01 13:23:00,IMVT,36.029998779296875,36.029998779296875,36.029998779296875,36.029998779296875,36.029998779296875,300.0
2024-03-01 13:23:00,INCY,59.38999938964844,59.38999938964844,59.42499923706055,59.38999938964844,59.41999816894531,2342.0
2024-03-01 13:23:00,INMB,12.520000457763672,12.520000457763672,12.520000457763672,12.420000076293945,12.420000076293945,771.0
2024-03-01 13:23:00,INMD,22.864999771118164,22.864999771118164,22.864999771118164,22.844999313354492,22.850000381469727,2036.0
2024-03-01 13:23:00,INNV,4.800000190734863,4.800000190734863,4.800000190734863,4.800000190734863,4.800000190734863,1051.0
2024-03-01 13:23:00,INO,9.399999618530273,9.399999618530273,9.399999618530273,9.399999618530273,9.399999618530273,164.0
2024-03-01 13:23:00,INSM,28.44499969482422,28.44499969482422,28.44499969482422,28.44499969482422,28.44499969482422,519.0
2024-03-01 13:23:00,INVA,15.670000076293945,15.670000076293945,15.6899995803833,15.670000076293945,15.6899995803833,3239.0
2024-03-01 13:23:00,IOVA,17.145000457763672,17.145000457763672,17.149999618530273,17.139999389648438,17.145000457763672,3435.0
2024-03-01 13:23:00,IPSC,3.7950000762939453,3.7950000762939453,3.799999952316284,3.7950000762939453,3.799999952316284,1576.0
2024-03-01 13:23:00,IRIX,2.630000114440918,2.630000114440918,2.630000114440918,2.630000114440918,2.630000114440918,310.0
2024-03-01 13:23:00,IRMD,41.880001068115234,41.880001068115234,41.880001068115234,41.880001068115234,41.880001068115234,177.0
2024-03-01 13:23:00,IRTC,121.5999984741211,121.5999984741211,121.5999984741211,121.47000122070312,121.47000122070312,898.0
2024-03-01 13:23:00,IRWD,9.0600004196167,9.0600004196167,9.0649995803833,9.0600004196167,9.0649995803833,2574.0
2024-03-01 13:23:00,ISRG,396.239990234375,396.239990234375,396.239990234375,396.135009765625,396.1400146484375,455.0
2024-03-01 13:23:00,ITCI,71.44499969482422,71.44499969482422,71.44499969482422,71.18000030517578,71.18000030517578,27146.0
2024-03-01 13:23:00,ITOS,11.0600004196167,11.0600004196167,11.0600004196167,11.0600004196167,11.0600004196167,100.0
2024-03-01 13:23:00,IVA,3.9200000762939453,3.9200000762939453,3.9200000762939453,3.9200000762939453,3.9200000762939453,224.0
2024-03-01 13:23:00,IVVD,4.0,4.0,4.010000228881836,4.0,4.010000228881836,756.0
2024-03-01 13:23:00,IXHL,5.579999923706055,5.579999923706055,5.579999923706055,5.53000020980835,5.550000190734863,1015.0
2024-03-01 13:23:00,JAGX,0.07670000195503235,0.07670000195503235,0.07670000195503235,0.07620000094175339,0.07649999856948853,16296.0
2024-03-01 13:23:00,JANX,46.720001220703125,46.720001220703125,46.7400016784668,46.720001220703125,46.7400016784668,766.0
2024-03-01 13:23:00,JAZZ,119.30500030517578,119.30500030517578,119.35179901123047,119.23999786376953,119.25,1656.0
2024-03-01 13:23:00,JYNT,9.960000038146973,9.960000038146973,9.960000038146973,9.960000038146973,9.960000038146973,414.0
2024-03-01 13:23:00,KNSA,21.729999542236328,21.729999542236328,21.75,21.729999542236328,21.75,638.0
2024-03-01 13:23:00,KNTE,2.5950000286102295,2.5950000286102295,2.5950000286102295,2.5950000286102295,2.5950000286102295,110.0
2024-03-01 13:23:00,KOD,6.090000152587891,6.090000152587891,6.090000152587891,6.079999923706055,6.079999923706055,740.0
2024-03-01 13:23:00,KPTI,1.1950000524520874,1.1950000524520874,1.1950000524520874,1.1900999546051025,1.1900999546051025,2979.0
2024-03-01 13:23:00,KRYS,168.9199981689453,168.9199981689453,168.9199981689453,168.4600067138672,168.4600067138672,1587.0
2024-03-01 13:23:00,KTRA,0.0982000008225441,0.0982000008225441,0.0982000008225441,0.0982000008225441,0.0982000008225441,2098.0
2024-03-01 13:23:00,KURA,21.280000686645508,21.280000686645508,21.28499984741211,21.25,21.25,8948.0
2024-03-01 13:23:00,KYMR,44.19499969482422,44.19499969482422,44.19499969482422,44.19499969482422,44.19499969482422,237.0
2024-03-01 13:23:00,KZIA,0.23909999430179596,0.23909999430179596,0.23909999430179596,0.23909999430179596,0.23909999430179596,2369.0
2024-03-01 13:23:00,KZR,1.0750000476837158,1.0750000476837158,1.0800000429153442,1.0750000476837158,1.0800000429153442,202.0
2024-03-01 13:23:00,LAB,2.505000114440918,2.505000114440918,2.5051000118255615,2.505000114440918,2.505000114440918,3503.0
2024-03-01 13:23:00,LBPH,22.03499984741211,22.03499984741211,22.03499984741211,21.989999771118164,21.989999771118164,283.0
2024-03-01 13:23:00,LFLY,3.0,3.0,3.0,3.0,3.0,108.0
2024-03-01 13:23:00,LFMD,8.0,8.0,8.009499549865723,8.0,8.009499549865723,850.0
2024-03-01 13:23:00,LMAT,68.05000305175781,68.05000305175781,68.05000305175781,68.05000305175781,68.05000305175781,108.0
2024-03-01 13:23:00,LNTH,65.29000091552734,65.29000091552734,65.30000305175781,65.19000244140625,65.19000244140625,5755.0
2024-03-01 13:23:00,LQDA,14.600000381469727,14.600000381469727,14.600000381469727,14.579999923706055,14.579999923706055,1324.0
2024-03-01 13:23:00,LTRN,4.58620023727417,4.58620023727417,4.58620023727417,4.58620023727417,4.58620023727417,152.0
2024-03-01 13:23:00,LVTX,2.994999885559082,2.994999885559082,2.994999885559082,2.994999885559082,2.994999885559082,121.0
2024-03-01 13:23:00,LXRX,2.5199999809265137,2.5199999809265137,2.5260000228881836,2.5199999809265137,2.520900011062622,1792.0
2024-03-01 13:23:00,LYEL,3.174999952316284,3.174999952316284,3.174999952316284,3.174999952316284,3.174999952316284,107.0
2024-03-01 13:23:00,LYRA,5.695000171661377,5.695000171661377,5.71999979019165,5.695000171661377,5.710000038146973,3752.0
2024-03-01 13:23:00,MACK,14.710000038146973,14.710000038146973,14.710000038146973,14.710000038146973,14.710000038146973,495.0
2024-03-01 13:23:00,MASS,7.322500228881836,7.322500228881836,7.322500228881836,7.269999980926514,7.269999980926514,348.0
2024-03-01 13:23:00,MCRB,1.2000000476837158,1.2000000476837158,1.2050000429153442,1.2000000476837158,1.2050000429153442,1501.0
2024-03-01 13:23:00,MDGL,251.14999389648438,251.14999389648438,251.25,251.1199951171875,251.25,1833.0
2024-03-01 13:23:00,MDRX,6.039999961853027,6.039999961853027,6.050000190734863,6.039999961853027,6.050000190734863,26504.0
2024-03-01 13:23:00,MDXG,8.670000076293945,8.670000076293945,8.670000076293945,8.670000076293945,8.670000076293945,479.0
2024-03-01 13:23:00,ME,0.5680999755859375,0.5680999755859375,0.5680999755859375,0.5680999755859375,0.5680999755859375,2131.0
2024-03-01 13:23:00,MEDP,401.29998779296875,401.29998779296875,401.29998779296875,401.29998779296875,401.29998779296875,646.0
2024-03-01 13:23:00,MEDS,9.149999618530273,9.149999618530273,9.149999618530273,9.09000015258789,9.09000015258789,580.0
2024-03-01 13:23:00,MESO,2.0302999019622803,2.0302999019622803,2.0302999019622803,2.0302000045776367,2.0302000045776367,1000.0
2024-03-01 13:23:00,MGNX,19.06999969482422,19.06999969482422,19.06999969482422,19.06999969482422,19.06999969482422,1836.0
2024-03-01 13:23:00,MGTX,6.46999979019165,6.46999979019165,6.46999979019165,6.46999979019165,6.46999979019165,668.0
2024-03-01 13:23:00,MIRM,29.809999465942383,29.809999465942383,29.84000015258789,29.809999465942383,29.84000015258789,391.0
2024-03-01 13:23:00,MIST,1.75,1.75,1.75,1.75,1.75,210.0
2024-03-01 13:23:00,MLTX,51.209999084472656,51.209999084472656,51.209999084472656,51.12009811401367,51.12009811401367,2437.0
2024-03-01 13:23:00,MMSI,76.37999725341797,76.37999725341797,76.51000213623047,76.37999725341797,76.45999908447266,2472.0
2024-03-01 13:23:00,MNKD,4.554999828338623,4.554999828338623,4.559999942779541,4.554999828338623,4.559999942779541,312.0
2024-03-01 13:23:00,MNMD,6.130000114440918,6.130000114440918,6.130000114440918,6.130000114440918,6.130000114440918,393.0
2024-03-01 13:23:00,MNPR,0.8604999780654907,0.8604999780654907,0.8700000047683716,0.8569999933242798,0.8700000047683716,633.0
2024-03-01 13:23:00,MODD,1.9199999570846558,1.9199999570846558,1.9199999570846558,1.9199999570846558,1.9199999570846558,100.0
2024-03-01 13:23:00,MODV,28.059999465942383,28.059999465942383,28.059999465942383,28.059999465942383,28.059999465942383,100.0
2024-03-01 13:23:00,MOR,17.579999923706055,17.579999923706055,17.579999923706055,17.579999923706055,17.579999923706055,103.0
2024-03-01 13:23:00,MORF,39.36000061035156,39.36000061035156,39.36000061035156,39.36000061035156,39.36000061035156,260.0
2024-03-01 13:23:00,MREO,3.994999885559082,3.994999885559082,3.994999885559082,3.990000009536743,3.990000009536743,1578.0
2024-03-01 13:23:00,MRNA,96.12000274658203,96.12000274658203,96.16000366210938,96.08000183105469,96.1500015258789,6283.0
2024-03-01 13:23:00,MRNS,10.4399995803833,10.4399995803833,10.470000267028809,10.430000305175781,10.470000267028809,4829.0
2024-03-01 13:23:00,MRSN,5.980000019073486,5.980000019073486,5.985000133514404,5.96999979019165,5.985000133514404,3725.0
2024-03-01 13:23:00,MRUS,51.41630172729492,51.41630172729492,51.5099983215332,51.41630172729492,51.5099983215332,1670.0
2024-03-01 13:23:00,MRVI,7.715000152587891,7.715000152587891,7.715000152587891,7.710000038146973,7.710000038146973,269.0
2024-03-01 13:23:00,MXCT,4.764999866485596,4.764999866485596,4.764999866485596,4.760000228881836,4.760000228881836,545.0
2024-03-01 13:23:00,MYGN,21.84000015258789,21.84000015258789,21.860000610351562,21.84000015258789,21.860000610351562,356.0
2024-03-01 13:23:00,NAOV,0.9860000014305115,0.9860000014305115,0.9860000014305115,0.9860000014305115,0.9860000014305115,1000.0
2024-03-01 13:23:00,NARI,44.869998931884766,44.869998931884766,44.8849983215332,44.849998474121094,44.869998931884766,3238.0
2024-03-01 13:23:00,NAUT,2.640000104904175,2.640000104904175,2.640000104904175,2.640000104904175,2.640000104904175,100.0
2024-03-01 13:23:00,NBIX,131.82000732421875,131.82000732421875,131.91000366210938,131.8000030517578,131.91000366210938,348.0
2024-03-01 13:23:00,NEO,16.040000915527344,16.040000915527344,16.059999465942383,16.040000915527344,16.059999465942383,973.0
2024-03-01 13:23:00,NEOG,17.350000381469727,17.350000381469727,17.354999542236328,17.350000381469727,17.354999542236328,1229.0
2024-03-01 13:23:00,NERV,2.5799999237060547,2.5799999237060547,2.5799999237060547,2.5799999237060547,2.5799999237060547,120.0
2024-03-01 13:23:00,NEXI,6.449999809265137,6.449999809265137,6.449999809265137,6.449999809265137,6.449999809265137,891.0
2024-03-01 13:23:00,NGM,1.5299999713897705,1.5299999713897705,1.534999966621399,1.5299999713897705,1.5299999713897705,3409.0
2024-03-01 13:23:00,NNOX,10.989999771118164,10.989999771118164,10.989999771118164,10.989999771118164,10.989999771118164,263.0
2024-03-01 13:23:00,NPCE,16.729999542236328,16.729999542236328,16.729999542236328,16.729999542236328,16.729999542236328,161.0
2024-03-01 13:23:00,NRIX,13.720000267028809,13.720000267028809,13.720000267028809,13.710000038146973,13.710000038146973,1128.0
2024-03-01 13:23:00,NRSN,1.9986000061035156,1.9986000061035156,2.009999990463257,1.9900000095367432,2.009999990463257,2628.0
2024-03-01 13:23:00,NTLA,33.290000915527344,33.290000915527344,33.290000915527344,33.290000915527344,33.290000915527344,2002.0
2024-03-01 13:23:00,NTRA,89.93000030517578,89.93000030517578,89.93000030517578,89.87999725341797,89.87999725341797,739.0
2024-03-01 13:23:00,NUTX,0.11299999803304672,0.11299999803304672,0.11309999972581863,0.11299999803304672,0.11309999972581863,653.0
2024-03-01 13:23:00,NUVL,88.7300033569336,88.7300033569336,88.76000213623047,88.7300033569336,88.7300033569336,446.0
2024-03-01 13:23:00,NVAX,5.229899883270264,5.229899883270264,5.229899883270264,5.21999979019165,5.224999904632568,5506.0
2024-03-01 13:23:00,NVCR,15.949999809265137,15.949999809265137,15.970000267028809,15.949999809265137,15.970000267028809,945.0
2024-03-01 13:23:00,NVNO,6.224999904632568,6.224999904632568,6.239999771118164,6.170000076293945,6.199999809265137,6470.0
2024-03-01 13:23:00,NVOS,0.6297500133514404,0.6297500133514404,0.6394000053405762,0.6201009750366211,0.6201009750366211,29892.0
2024-03-01 13:23:00,NXTC,1.7599999904632568,1.7599999904632568,1.7599999904632568,1.7599999904632568,1.7599999904632568,100.0
2024-03-01 13:23:00,OCGN,0.9700000286102295,0.9700000286102295,0.9700000286102295,0.9668999910354614,0.9689000248908997,8534.0
2024-03-01 13:23:00,OCUL,10.84000015258789,10.84000015258789,10.84000015258789,10.84000015258789,10.84000015258789,100.0
2024-03-01 13:23:00,OGI,2.200000047683716,2.200000047683716,2.200000047683716,2.194999933242798,2.194999933242798,1227.0
2024-03-01 13:23:00,OLK,22.815000534057617,22.815000534057617,22.815000534057617,22.80500030517578,22.80500030517578,550.0
2024-03-01 13:23:00,OLMA,14.71500015258789,14.71500015258789,14.71500015258789,14.71500015258789,14.71500015258789,184.0
2024-03-01 13:23:00,OMCL,26.31999969482422,26.31999969482422,26.31999969482422,26.290000915527344,26.31999969482422,698.0
2024-03-01 13:23:00,OMGA,4.239999771118164,4.239999771118164,4.239999771118164,4.239999771118164,4.239999771118164,125.0
2024-03-01 13:23:00,OMIC,0.6000000238418579,0.6000000238418579,0.6000000238418579,0.6000000238418579,0.6000000238418579,1248.0
2024-03-01 13:23:00,ONCY,1.1419999599456787,1.1419999599456787,1.1419999599456787,1.1419999599456787,1.1419999599456787,226.0
2024-03-01 13:24:00,AADI,1.9950000047683716,1.9950000047683716,1.9950000047683716,1.9950000047683716,1.9950000047683716,120.0
2024-03-01 13:24:00,ABCL,5.235000133514404,5.235000133514404,5.235000133514404,5.230000019073486,5.230000019073486,310.0
2024-03-01 13:24:00,ABEO,7.764999866485596,7.764999866485596,7.764999866485596,7.764999866485596,7.764999866485596,101.0
2024-03-01 13:24:00,ABOS,4.664999961853027,4.664999961853027,4.664999961853027,4.664999961853027,4.664999961853027,191.0
2024-03-01 13:24:00,ABSI,5.400000095367432,5.400000095367432,5.420000076293945,5.385000228881836,5.389999866485596,23603.0
2024-03-01 13:24:00,ABVC,1.190000057220459,1.190000057220459,1.190000057220459,1.1799999475479126,1.1799999475479126,2188.0
2024-03-01 13:24:00,ACAD,24.3799991607666,24.3799991607666,24.3799991607666,24.3799991607666,24.3799991607666,100.0
2024-03-01 13:24:00,ACB,3.2049999237060547,3.2049999237060547,3.2049999237060547,3.2049999237060547,3.2049999237060547,301.0
2024-03-01 13:24:00,ACET,2.4000000953674316,2.4000000953674316,2.4000000953674316,2.390000104904175,2.390000104904175,723.0
2024-03-01 13:24:00,ACHL,1.3450000286102295,1.3450000286102295,1.3450000286102295,1.3450000286102295,1.3450000286102295,101.0
2024-03-01 13:24:00,ACLX,67.12000274658203,67.12000274658203,67.1500015258789,67.12000274658203,67.1500015258789,255.0
2024-03-01 13:24:00,ACON,0.4000000059604645,0.4000000059604645,0.40310001373291016,0.4000000059604645,0.4000000059604645,5200.0
2024-03-01 13:24:00,ACRS,1.2300000190734863,1.2300000190734863,1.2400000095367432,1.2300000190734863,1.2400000095367432,520.0
2024-03-01 13:24:00,ADIL,3.190000057220459,3.190000057220459,3.240000009536743,3.190000057220459,3.2200000286102295,33243.0
2024-03-01 13:24:00,ADMA,5.5,5.5,5.510000228881836,5.5,5.505000114440918,1610.0
2024-03-01 13:24:00,ADPT,4.144999980926514,4.144999980926514,4.144999980926514,4.141200065612793,4.141200065612793,384.0
2024-03-01 13:24:00,ADVM,1.9600000381469727,1.9600000381469727,1.9600000381469727,1.9550000429153442,1.9550000429153442,700.0
2024-03-01 13:24:00,AGEN,0.6772000193595886,0.6772000193595886,0.6777999997138977,0.6765499711036682,0.6765499711036682,16798.0
2024-03-01 13:24:00,AGIO,32.90999984741211,32.90999984741211,32.90999984741211,32.90999984741211,32.90999984741211,730.0
2024-03-01 13:24:00,AHCO,10.53499984741211,10.53499984741211,10.539999961853027,10.529999732971191,10.539999961853027,1237.0
2024-03-01 13:24:00,AIH,0.5054000020027161,0.5054000020027161,0.5054000020027161,0.5054000020027161,0.5054000020027161,500.0
2024-03-01 13:24:00,AIRS,6.369999885559082,6.369999885559082,6.400000095367432,6.369999885559082,6.400000095367432,460.0
2024-03-01 13:24:00,AKAN,0.2150000035762787,0.2150000035762787,0.2150000035762787,0.2150000035762787,0.2150000035762787,1025.0
2024-03-01 13:24:00,AKBA,1.684999942779541,1.684999942779541,1.690000057220459,1.684999942779541,1.690000057220459,1411.0
2024-03-01 13:24:00,AKLI,0.33810099959373474,0.33810099959373474,0.33810099959373474,0.33810099959373474,0.33810099959373474,542.0
2024-03-01 13:24:00,AKRO,29.954999923706055,29.954999923706055,29.954999923706055,29.920000076293945,29.93000030517578,430.0
2024-03-01 13:24:00,ALEC,7.304999828338623,7.304999828338623,7.304999828338623,7.304999828338623,7.304999828338623,128.0
2024-03-01 13:24:00,ALGS,1.1198999881744385,1.1198999881744385,1.1200000047683716,1.1019999980926514,1.1019999980926514,4102.0
2024-03-01 13:24:00,ALHC,5.699999809265137,5.699999809265137,5.699999809265137,5.695000171661377,5.699999809265137,1374.0
2024-03-01 13:24:00,ALLK,1.6200000047683716,1.6200000047683716,1.6200000047683716,1.6150000095367432,1.6150000095367432,632.0
2024-03-01 13:24:00,ALLO,5.034999847412109,5.034999847412109,5.039999961853027,5.03000020980835,5.03000020980835,1231.0
2024-03-01 13:24:00,ALNY,154.2949981689453,154.2949981689453,154.2949981689453,154.2949981689453,154.2949981689453,179.0
2024-03-01 13:24:00,ALPN,36.09600067138672,36.09600067138672,36.09600067138672,36.029998779296875,36.029998779296875,1349.0
2024-03-01 13:24:00,ALT,12.018600463867188,12.018600463867188,12.045000076293945,12.015000343322754,12.039999961853027,4208.0
2024-03-01 13:24:00,ALXO,15.069999694824219,15.069999694824219,15.069999694824219,15.069999694824219,15.069999694824219,153.0
2024-03-01 13:24:00,AMED,93.30999755859375,93.30999755859375,93.30999755859375,93.30999755859375,93.30999755859375,162.0
2024-03-01 13:24:00,AMGN,280.7049865722656,280.7049865722656,280.75,280.6600036621094,280.67999267578125,2149.0
2024-03-01 13:24:00,AMLX,18.739999771118164,18.739999771118164,18.760000228881836,18.739999771118164,18.739999771118164,593.0
2024-03-01 13:24:00,AMPH,45.58000183105469,45.58000183105469,45.58000183105469,45.58000183105469,45.58000183105469,1564.0
2024-03-01 13:24:00,ANNX,6.050000190734863,6.050000190734863,6.050000190734863,6.050000190734863,6.050000190734863,1286.0
2024-03-01 13:24:00,APLS,64.76000213623047,64.76000213623047,64.7699966430664,64.62000274658203,64.68000030517578,4141.0
2024-03-01 13:24:00,APLT,7.130000114440918,7.130000114440918,7.130000114440918,7.130000114440918,7.130000114440918,102.0
2024-03-01 13:24:00,AQST,4.190000057220459,4.190000057220459,4.198299884796143,4.190000057220459,4.190000057220459,1691.0
2024-03-01 13:24:00,ARCT,39.900001525878906,39.900001525878906,39.90999984741211,39.82360076904297,39.82360076904297,914.0
2024-03-01 13:24:00,ARDX,9.489999771118164,9.489999771118164,9.489999771118164,9.46500015258789,9.470000267028809,36900.0
2024-03-01 13:24:00,ARGX,392.0950012207031,392.0950012207031,392.0950012207031,392.0950012207031,392.0950012207031,185.0
2024-03-01 13:24:00,ARQT,11.670000076293945,11.670000076293945,11.6899995803833,11.670000076293945,11.6899995803833,3131.0
2024-03-01 13:24:00,ARVN,48.720001220703125,48.720001220703125,48.720001220703125,48.43000030517578,48.43000030517578,6174.0
2024-03-01 13:24:00,ARWR,35.4900016784668,35.4900016784668,35.4900016784668,35.31999969482422,35.31999969482422,9163.0
2024-03-01 13:24:00,ASLN,0.7475000023841858,0.7475000023841858,0.7475000023841858,0.7458999752998352,0.7458999752998352,11250.0
2024-03-01 13:24:00,ASND,152.6999969482422,152.6999969482422,152.6999969482422,152.6699981689453,152.6699981689453,206.0
2024-03-01 13:24:00,ASRT,0.9248499870300293,0.9248499870300293,0.9294000267982483,0.9248499870300293,0.9294000267982483,304.0
2024-03-01 13:24:00,ATAI,2.174999952316284,2.174999952316284,2.184999942779541,2.1700000762939453,2.177999973297119,38922.0
2024-03-01 13:24:00,ATEC,13.484999656677246,13.484999656677246,13.484999656677246,13.475000381469727,13.479999542236328,17561.0
2024-03-01 13:24:00,ATOS,1.0099999904632568,1.0099999904632568,1.0099999904632568,1.0089999437332153,1.0089999437332153,310.0
2024-03-01 13:24:00,ATRA,0.7998999953269958,0.7998999953269958,0.7998999953269958,0.7986990213394165,0.7986990213394165,2300.0
2024-03-01 13:24:00,ATRC,35.959999084472656,35.959999084472656,35.959999084472656,35.959999084472656,35.959999084472656,310.0
2024-03-01 13:24:00,ATXS,14.6899995803833,14.6899995803833,14.739999771118164,14.65999984741211,14.739999771118164,5161.0
2024-03-01 13:24:00,AUGX,4.539999961853027,4.539999961853027,4.539999961853027,4.539999961853027,4.539999961853027,100.0
2024-03-01 13:24:00,AUPH,5.864999771118164,5.864999771118164,5.864999771118164,5.861999988555908,5.861999988555908,5479.0
2024-03-01 13:24:00,AURA,9.265000343322754,9.265000343322754,9.289999961853027,9.265000343322754,9.265000343322754,1259.0
2024-03-01 13:24:00,AUTL,6.389999866485596,6.389999866485596,6.389999866485596,6.380000114440918,6.380000114440918,2953.0
2024-03-01 13:24:00,AVDL,13.229999542236328,13.229999542236328,13.229999542236328,13.1899995803833,13.1899995803833,4403.0
2024-03-01 13:24:00,AVXL,5.289999961853027,5.289999961853027,5.289999961853027,5.289999961853027,5.289999961853027,711.0
2024-03-01 13:24:00,AXGN,10.550000190734863,10.550000190734863,10.550000190734863,10.550000190734863,10.550000190734863,111.0
2024-03-01 13:24:00,AXNX,67.75499725341797,67.75499725341797,67.75499725341797,67.62000274658203,67.62000274658203,4025.0
2024-03-01 13:24:00,AXSM,81.92500305175781,81.92500305175781,81.92500305175781,81.91000366210938,81.91000366210938,1655.0
2024-03-01 13:24:00,AZN,64.66999816894531,64.66999816894531,64.66999816894531,64.66010284423828,64.66010284423828,1248.0
2024-03-01 13:24:00,BBIO,36.029998779296875,36.029998779296875,36.040000915527344,36.029998779296875,36.029998779296875,964.0
2024-03-01 13:24:00,BBLG,2.4800000190734863,2.4800000190734863,2.4800000190734863,2.4800000190734863,2.4800000190734863,804.0
2024-03-01 13:24:00,BCAB,2.7300000190734863,2.7300000190734863,2.740000009536743,2.7300000190734863,2.740000009536743,754.0
2024-03-01 13:24:00,BCRX,5.704999923706055,5.704999923706055,5.710000038146973,5.699999809265137,5.70989990234375,4122.0
2024-03-01 13:24:00,BCYC,26.260000228881836,26.260000228881836,26.260000228881836,26.260000228881836,26.260000228881836,351.0
2024-03-01 13:24:00,BEAM,40.13999938964844,40.13999938964844,40.13999938964844,40.10499954223633,40.10499954223633,1708.0
2024-03-01 13:24:00,BIIB,220.97999572753906,220.97999572753906,220.97999572753906,220.97999572753906,220.97999572753906,410.0
2024-03-01 13:24:00,BIOL,0.1416500061750412,0.1416500061750412,0.14169999957084656,0.1416500061750412,0.1416500061750412,8126.0
2024-03-01 13:24:00,BIVI,1.9500000476837158,1.9500000476837158,1.965000033378601,1.9299999475479126,1.960800051689148,24940.0
2024-03-01 13:24:00,BLUE,1.5950000286102295,1.5950000286102295,1.600000023841858,1.5950000286102295,1.5950000286102295,18073.0
2024-03-01 13:24:00,BMEA,18.149999618530273,18.149999618530273,18.170000076293945,18.1299991607666,18.149999618530273,2857.0
2024-03-01 13:24:00,BMRN,87.70999908447266,87.70999908447266,87.7249984741211,87.69999694824219,87.69999694824219,1821.0
2024-03-01 13:24:00,BNR,0.8394500017166138,0.8394500017166138,0.8394500017166138,0.8394500017166138,0.8394500017166138,100.0
2024-03-01 13:24:00,BNTX,91.6500015258789,91.6500015258789,91.66999816894531,91.58000183105469,91.62000274658203,862.0
2024-03-01 13:24:00,BPMC,97.21499633789062,97.21499633789062,97.21499633789062,97.21499633789062,97.21499633789062,283.0
2024-03-01 13:24:00,BPTS,0.49959999322891235,0.49959999322891235,0.49959999322891235,0.49959999322891235,0.49959999322891235,137.0
2024-03-01 13:24:00,BRKR,88.23999786376953,88.23999786376953,88.23999786376953,88.23999786376953,88.23999786376953,154.0
2024-03-01 13:24:00,BSGM,0.675000011920929,0.675000011920929,0.675000011920929,0.6669999957084656,0.6669999957084656,2486.0
2024-03-01 13:24:00,BTMD,5.989999771118164,5.989999771118164,6.010000228881836,5.989999771118164,6.0,2163.0
2024-03-01 13:24:00,BTTX,0.1761000007390976,0.1761000007390976,0.1784999966621399,0.1761000007390976,0.1784999966621399,11900.0
2024-03-01 13:24:00,BWAY,6.554999828338623,6.554999828338623,6.554999828338623,6.554999828338623,6.554999828338623,100.0
2024-03-01 13:24:00,CABA,24.25,24.25,24.29170036315918,24.239999771118164,24.29170036315918,3268.0
2024-03-01 13:24:00,CARA,0.9168000221252441,0.9168000221252441,0.9168000221252441,0.9168000221252441,0.9168000221252441,179.0
2024-03-01 13:24:00,CBAY,32.2400016784668,32.2400016784668,32.2400016784668,32.23500061035156,32.23500061035156,508.0
2024-03-01 13:24:00,CCCC,10.990900039672852,10.990900039672852,10.990900039672852,10.984999656677246,10.984999656677246,3249.0
2024-03-01 13:24:00,CDMO,8.100000381469727,8.100000381469727,8.100000381469727,8.100000381469727,8.100000381469727,217.0
2024-03-01 13:24:00,CDNA,12.3100004196167,12.3100004196167,12.3100004196167,12.279999732971191,12.279999732971191,3193.0
2024-03-01 13:24:00,CDXS,4.554999828338623,4.554999828338623,4.554999828338623,4.554999828338623,4.554999828338623,263.0
2024-03-01 13:24:00,CERE,41.10499954223633,41.10499954223633,41.10499954223633,41.099998474121094,41.099998474121094,1126.0
2024-03-01 13:24:00,CERS,2.2149999141693115,2.2149999141693115,2.2149999141693115,2.2100000381469727,2.2100000381469727,400.0
2024-03-01 13:24:00,CERT,17.875,17.875,17.8799991607666,17.864999771118164,17.8799991607666,1289.0
2024-03-01 13:24:00,CGC,3.265000104904175,3.265000104904175,3.2679998874664307,3.265000104904175,3.2679998874664307,440.0
2024-03-01 13:24:00,CHRS,2.4049999713897705,2.4049999713897705,2.4100000858306885,2.4049999713897705,2.4049999713897705,3107.0
2024-03-01 13:24:00,CING,1.340000033378601,1.340000033378601,1.3550000190734863,1.340000033378601,1.3550000190734863,362.0
2024-03-01 13:24:00,CKPT,2.2100000381469727,2.2100000381469727,2.2100000381469727,2.2049999237060547,2.2093000411987305,8838.0
2024-03-01 13:24:00,CLDX,52.220001220703125,52.220001220703125,52.220001220703125,52.220001220703125,52.220001220703125,160.0
2024-03-01 13:24:00,CLOV,0.8657000064849854,0.8657000064849854,0.8658000230789185,0.8657000064849854,0.8657000064849854,1249.0
2024-03-01 13:24:00,CLRB,4.150000095367432,4.150000095367432,4.150000095367432,4.150000095367432,4.150000095367432,123.0
2024-03-01 13:24:00,CMPS,11.395000457763672,11.395000457763672,11.399999618530273,11.390000343322754,11.390000343322754,736.0
2024-03-01 13:24:00,CNSP,0.3160000145435333,0.3160000145435333,0.3174999952316284,0.3160000145435333,0.3174999952316284,5113.0
2024-03-01 13:24:00,COGT,7.199999809265137,7.199999809265137,7.199999809265137,7.170000076293945,7.179999828338623,6726.0
2024-03-01 13:24:00,CPRX,17.248199462890625,17.248199462890625,17.260000228881836,17.24169921875,17.25,4532.0
2024-03-01 13:24:00,CPSI,9.505000114440918,9.505000114440918,9.505000114440918,9.505000114440918,9.505000114440918,231.0
2024-03-01 13:24:00,CRBU,7.934999942779541,7.934999942779541,7.934999942779541,7.920000076293945,7.925000190734863,5015.0
2024-03-01 13:24:00,CRDF,2.440000057220459,2.440000057220459,2.4600000381469727,2.434999942779541,2.434999942779541,6975.0
2024-03-01 13:24:00,CRMD,3.7049999237060547,3.7049999237060547,3.7049999237060547,3.7049999237060547,3.7049999237060547,547.0
2024-03-01 13:24:00,CRNX,46.68000030517578,46.68000030517578,46.709999084472656,46.599998474121094,46.61000061035156,1231.0
2024-03-01 13:24:00,CRSP,86.04000091552734,86.04000091552734,86.04000091552734,85.96499633789062,85.96499633789062,2931.0
2024-03-01 13:24:00,CRVS,2.2100000381469727,2.2100000381469727,2.210099935531616,2.2100000381469727,2.210099935531616,1103.0
2024-03-01 13:24:00,CSTL,20.200000762939453,20.200000762939453,20.209999084472656,20.200000762939453,20.209999084472656,1305.0
2024-03-01 13:24:00,CTKB,8.789999961853027,8.789999961853027,8.8149995803833,8.789999961853027,8.8149995803833,3936.0
2024-03-01 13:24:00,CTMX,2.640000104904175,2.640000104904175,2.6449999809265137,2.630000114440918,2.640000104904175,1409.0
2024-03-01 13:24:00,CUTR,2.4000000953674316,2.4000000953674316,2.4000000953674316,2.4000000953674316,2.4000000953674316,100.0
2024-03-01 13:24:00,CVAC,3.494999885559082,3.494999885559082,3.494999885559082,3.494999885559082,3.494999885559082,1027.0
2024-03-01 13:24:00,CYTK,72.97000122070312,72.97000122070312,73.01000213623047,72.97000122070312,72.9800033569336,1103.0
2024-03-01 13:24:00,CYTO,2.3561999797821045,2.3561999797821045,2.390000104904175,2.3561999797821045,2.369999885559082,5140.0
2024-03-01 13:24:00,DCPH,17.43000030517578,17.43000030517578,17.44499969482422,17.43000030517578,17.44499969482422,529.0
2024-03-01 13:24:00,DH,8.880000114440918,8.880000114440918,8.880000114440918,8.876999855041504,8.876999855041504,757.0
2024-03-01 13:24:00,DMTK,0.8720999956130981,0.8720999956130981,0.8720999956130981,0.8649489879608154,0.8649489879608154,768.0
2024-03-01 13:24:00,DNLI,20.739999771118164,20.739999771118164,20.739999771118164,20.704999923706055,20.704999923706055,3134.0
2024-03-01 13:24:00,DRRX,1.0025500059127808,1.0025500059127808,1.0025500059127808,1.0,1.0,5074.0
2024-03-01 13:24:00,DSGN,2.8949999809265137,2.8949999809265137,2.8949999809265137,2.8949999809265137,2.8949999809265137,366.0
2024-03-01 13:24:00,DTIL,12.414999961853027,12.414999961853027,12.4350004196167,12.414999961853027,12.4350004196167,802.0
2024-03-01 13:24:00,DVAX,12.859999656677246,12.859999656677246,12.859999656677246,12.850000381469727,12.854999542236328,1212.0
2024-03-01 13:24:00,DXCM,122.05999755859375,122.05999755859375,122.05999755859375,121.91999816894531,121.91999816894531,8062.0
2024-03-01 13:24:00,EDAP,6.860099792480469,6.860099792480469,6.860099792480469,6.860099792480469,6.860099792480469,175.0
2024-03-01 13:24:00,EDIT,10.859999656677246,10.859999656677246,10.859999656677246,10.819999694824219,10.819999694824219,5823.0
2024-03-01 13:24:00,EFTR,15.489899635314941,15.489899635314941,15.489899635314941,15.489899635314941,15.489899635314941,176.0
2024-03-01 13:24:00,EGRX,6.7204999923706055,6.7204999923706055,6.7204999923706055,6.7204999923706055,6.7204999923706055,704.0
2024-03-01 13:24:00,ELEV,5.059999942779541,5.059999942779541,5.070000171661377,5.059999942779541,5.060500144958496,1008.0
2024-03-01 13:24:00,EMBC,14.324999809265137,14.324999809265137,14.324999809265137,14.3100004196167,14.3100004196167,262.0
2024-03-01 13:24:00,ENSG,122.75,122.75,122.75,122.53500366210938,122.53500366210938,2607.0
2024-03-01 13:24:00,ENTA,15.4399995803833,15.4399995803833,15.4399995803833,15.4399995803833,15.4399995803833,340.0
2024-03-01 13:24:00,ENVB,1.496899962425232,1.496899962425232,1.5,1.4808000326156616,1.5,2674.0
2024-03-01 13:24:00,EOLS,14.90999984741211,14.90999984741211,14.90999984741211,14.899999618530273,14.899999618530273,484.0
2024-03-01 13:24:00,EQ,2.490000009536743,2.490000009536743,2.490000009536743,2.490000009536743,2.490000009536743,151.0
2024-03-01 13:24:00,ERAS,2.490000009536743,2.490000009536743,2.490000009536743,2.490000009536743,2.490000009536743,112.0
2024-03-01 13:24:00,ESPR,2.5199999809265137,2.5199999809265137,2.5250000953674316,2.5199999809265137,2.5199999809265137,9839.0
2024-03-01 13:24:00,ESTA,45.404998779296875,45.404998779296875,45.529998779296875,45.404998779296875,45.529998779296875,665.0
2024-03-01 13:24:00,ETNB,13.289999961853027,13.289999961853027,13.289999961853027,13.270000457763672,13.279999732971191,2472.0
2024-03-01 13:24:00,EVAX,3.4800000190734863,3.4800000190734863,3.5,3.4800000190734863,3.5,2025.0
2024-03-01 13:24:00,EVGN,0.960099995136261,0.960099995136261,0.960099995136261,0.960099995136261,0.960099995136261,3550.0
2024-03-01 13:24:00,EVO,7.539000034332275,7.539000034332275,7.539000034332275,7.539000034332275,7.539000034332275,194.0
2024-03-01 13:24:00,EWTX,17.024999618530273,17.024999618530273,17.024999618530273,17.010000228881836,17.010000228881836,4214.0
2024-03-01 13:24:00,EXAS,60.165000915527344,60.165000915527344,60.18000030517578,60.150001525878906,60.150001525878906,859.0
2024-03-01 13:24:00,EXEL,22.614999771118164,22.614999771118164,22.614999771118164,22.610000610351562,22.614999771118164,660.0
2024-03-01 13:24:00,EYEN,2.430000066757202,2.430000066757202,2.430000066757202,2.4100000858306885,2.4100000858306885,2272.0
2024-03-01 13:24:00,EYPT,28.06999969482422,28.06999969482422,28.170000076293945,28.06999969482422,28.170000076293945,2780.0
2024-03-01 13:24:00,FATE,7.730000019073486,7.730000019073486,7.730000019073486,7.715000152587891,7.71999979019165,7045.0
2024-03-01 13:24:00,FBIO,2.3299999237060547,2.3299999237060547,2.3380000591278076,2.3299999237060547,2.3380000591278076,1734.0
2024-03-01 13:24:00,FDMT,29.44499969482422,29.44499969482422,29.44499969482422,29.415000915527344,29.44499969482422,575.0
2024-03-01 13:24:00,FEMY,1.7300000190734863,1.7300000190734863,1.7300000190734863,1.7300000190734863,1.7300000190734863,100.0
2024-03-01 13:24:00,FIXX,0.9300000071525574,0.9300000071525574,0.9300000071525574,0.9298999905586243,0.9298999905586243,417.0
2024-03-01 13:24:00,FOLD,13.369999885559082,13.369999885559082,13.369999885559082,13.359999656677246,13.359999656677246,853.0
2024-03-01 13:24:00,FULC,11.140000343322754,11.140000343322754,11.140000343322754,11.130000114440918,11.13599967956543,3774.0
2024-03-01 13:24:00,FUSN,12.420000076293945,12.420000076293945,12.420000076293945,12.390000343322754,12.399999618530273,4628.0
2024-03-01 13:24:00,GDRX,8.295000076293945,8.295000076293945,8.300000190734863,8.279999732971191,8.279999732971191,6801.0
2024-03-01 13:24:00,GEG,1.9900000095367432,1.9900000095367432,1.9900000095367432,1.9800000190734863,1.9800000190734863,1000.0
2024-03-01 13:24:00,GERN,2.240000009536743,2.240000009536743,2.25,2.240000009536743,2.240000009536743,61198.0
2024-03-01 13:24:00,GH,19.030000686645508,19.030000686645508,19.03499984741211,19.024999618530273,19.024999618530273,1665.0
2024-03-01 13:24:00,GHSI,8.335000038146973,8.335000038146973,8.335000038146973,8.335000038146973,8.335000038146973,182.0
2024-03-01 13:24:00,GILD,72.27999877929688,72.27999877929688,72.29499816894531,72.25499725341797,72.25499725341797,10250.0
2024-03-01 13:24:00,GLTO,0.7400000095367432,0.7400000095367432,0.7400000095367432,0.7400000095367432,0.7400000095367432,112.0
2024-03-01 13:24:00,GMAB,29.389999389648438,29.389999389648438,29.40999984741211,29.389999389648438,29.408000946044922,3641.0
2024-03-01 13:24:00,GRFS,7.10099983215332,7.10099983215332,7.10099983215332,7.10099983215332,7.10099983215332,2542.0
2024-03-01 13:24:00,GRPH,3.4800000190734863,3.4800000190734863,3.490000009536743,3.4800000190734863,3.490000009536743,1718.0
2024-03-01 13:24:00,GRTS,2.2049999237060547,2.2049999237060547,2.206399917602539,2.200000047683716,2.206399917602539,314.0
2024-03-01 13:24:00,GRTX,0.23010000586509705,0.23010000586509705,0.23010000586509705,0.23010000586509705,0.23010000586509705,203.0
2024-03-01 13:24:00,GTHX,3.7857000827789307,3.7857000827789307,3.7950000762939453,3.7850000858306885,3.7950000762939453,3649.0
2024-03-01 13:24:00,HALO,41.5,41.5,41.5,41.470001220703125,41.470001220703125,853.0
2024-03-01 13:24:00,HCM,15.319999694824219,15.319999694824219,15.329999923706055,15.319999694824219,15.329999923706055,328.0
2024-03-01 13:24:00,HCSG,12.625,12.625,12.625,12.625,12.625,131.0
2024-03-01 13:24:00,HLTH,0.2721250057220459,0.2721250057220459,0.2721250057220459,0.2721250057220459,0.2721250057220459,100.0
2024-03-01 13:24:00,HLVX,19.147499084472656,19.147499084472656,19.190000534057617,19.147499084472656,19.190000534057617,525.0
2024-03-01 13:24:00,HOLX,74.11000061035156,74.11000061035156,74.11000061035156,74.0999984741211,74.0999984741211,1352.0
2024-03-01 13:24:00,HPCO,0.25200000405311584,0.25200000405311584,0.25209999084472656,0.25200000405311584,0.25209999084472656,2097.0
2024-03-01 13:24:00,HRMY,31.5049991607666,31.5049991607666,31.530000686645508,31.5049991607666,31.5049991607666,1394.0
2024-03-01 13:24:00,HRTX,2.5899999141693115,2.5899999141693115,2.5899999141693115,2.5850000381469727,2.5850000381469727,9283.0
2024-03-01 13:24:00,HSIC,76.86000061035156,76.86000061035156,76.87000274658203,76.83000183105469,76.83000183105469,3866.0
2024-03-01 13:24:00,HUMA,3.371000051498413,3.371000051498413,3.3798999786376953,3.369999885559082,3.375,1329.0
2024-03-01 13:24:00,IART,36.435001373291016,36.435001373291016,36.439998626708984,36.40999984741211,36.40999984741211,3381.0
2024-03-01 13:24:00,IBRX,4.775000095367432,4.775000095367432,4.775000095367432,4.744999885559082,4.744999885559082,16964.0
2024-03-01 13:24:00,ICUI,104.63999938964844,104.63999938964844,104.70999908447266,104.63999938964844,104.6449966430664,1248.0
2024-03-01 13:24:00,IDYA,46.70000076293945,46.70000076293945,46.70000076293945,46.56999969482422,46.56999969482422,1559.0
2024-03-01 13:24:00,IGMS,13.529999732971191,13.529999732971191,13.529999732971191,13.529999732971191,13.529999732971191,160.0
2024-03-01 13:24:00,IINN,1.6799999475479126,1.6799999475479126,1.6799999475479126,1.6699999570846558,1.6699999570846558,2844.0
2024-03-01 13:24:00,ILMN,142.2100067138672,142.2100067138672,142.2100067138672,142.1999969482422,142.1999969482422,969.0
2024-03-01 13:24:00,IMAB,1.8300000429153442,1.8300000429153442,1.8300000429153442,1.8300000429153442,1.8300000429153442,100.0
2024-03-01 13:24:00,IMNM,25.65999984741211,25.65999984741211,25.8799991607666,25.530000686645508,25.8799991607666,6005.0
2024-03-01 13:24:00,IMNN,1.089900016784668,1.089900016784668,1.089900016784668,1.089900016784668,1.089900016784668,4000.0
2024-03-01 13:24:00,IMTX,12.949999809265137,12.949999809265137,12.949999809265137,12.930000305175781,12.930000305175781,587.0
2024-03-01 13:24:00,IMVT,36.029998779296875,36.029998779296875,36.04999923706055,36.02000045776367,36.04999923706055,1349.0
2024-03-01 13:24:00,INBX,36.55500030517578,36.55500030517578,36.55500030517578,36.55500030517578,36.55500030517578,148.0
2024-03-01 13:24:00,INCY,59.400001525878906,59.400001525878906,59.400001525878906,59.400001525878906,59.400001525878906,374.0
2024-03-01 13:24:00,INGN,6.769999980926514,6.769999980926514,6.769999980926514,6.769999980926514,6.769999980926514,206.0
2024-03-01 13:24:00,INMD,22.875,22.875,22.875,22.864999771118164,22.864999771118164,1582.0
2024-03-01 13:24:00,INO,9.403499603271484,9.403499603271484,9.403499603271484,9.403499603271484,9.403499603271484,326.0
2024-03-01 13:24:00,INSM,28.469999313354492,28.469999313354492,28.479999542236328,28.44499969482422,28.450000762939453,2923.0
2024-03-01 13:24:00,INVA,15.6850004196167,15.6850004196167,15.6899995803833,15.680000305175781,15.680000305175781,2655.0
2024-03-01 13:24:00,INZY,6.664999961853027,6.664999961853027,6.670100212097168,6.649899959564209,6.650000095367432,6553.0
2024-03-01 13:24:00,IONS,45.869998931884766,45.869998931884766,45.869998931884766,45.84000015258789,45.84000015258789,2423.0
2024-03-01 13:24:00,IOVA,17.16160011291504,17.16160011291504,17.18000030517578,17.145000457763672,17.149900436401367,27374.0
2024-03-01 13:24:00,IRTC,121.51499938964844,121.51499938964844,121.51499938964844,121.43000030517578,121.45999908447266,1038.0
2024-03-01 13:24:00,IRWD,9.050000190734863,9.050000190734863,9.069999694824219,9.050000190734863,9.067500114440918,61328.0
2024-03-01 13:24:00,ISRG,396.2900085449219,396.2900085449219,396.3299865722656,395.8699951171875,396.0299987792969,8428.0
2024-03-01 13:24:00,ITCI,71.4000015258789,71.4000015258789,71.44999694824219,71.4000015258789,71.44499969482422,805.0
2024-03-01 13:24:00,ITOS,11.1899995803833,11.1899995803833,11.1899995803833,11.040599822998047,11.050000190734863,25583.0
2024-03-01 13:24:00,IVVD,4.019999980926514,4.019999980926514,4.019999980926514,4.010000228881836,4.010000228881836,1551.0
2024-03-01 13:24:00,IXHL,5.4654998779296875,5.4654998779296875,5.4654998779296875,5.4654998779296875,5.4654998779296875,102.0
2024-03-01 13:24:00,JAGX,0.07639999687671661,0.07639999687671661,0.07670000195503235,0.07609999924898148,0.07639999687671661,80735.0
2024-03-01 13:24:00,JAZZ,119.29850006103516,119.29850006103516,119.29850006103516,119.23999786376953,119.23999786376953,1868.0
2024-03-01 13:24:00,KNTE,2.5950000286102295,2.5950000286102295,2.5950000286102295,2.5950000286102295,2.5950000286102295,300.0
2024-03-01 13:24:00,KOD,6.099999904632568,6.099999904632568,6.099999904632568,6.099999904632568,6.099999904632568,111.0
2024-03-01 13:24:00,KPTI,1.1950000524520874,1.1950000524520874,1.1950000524520874,1.1950000524520874,1.1950000524520874,600.0
2024-03-01 13:24:00,KRON,1.0398999452590942,1.0398999452590942,1.0399999618530273,1.0398999452590942,1.0399999618530273,623.0
2024-03-01 13:24:00,KRYS,168.6488037109375,168.6488037109375,168.6488037109375,168.6488037109375,168.6488037109375,265.0
2024-03-01 13:24:00,KTRA,0.09870000183582306,0.09870000183582306,0.09880000352859497,0.09870000183582306,0.09880000352859497,7753.0
2024-03-01 13:24:00,KTTA,7.635000228881836,7.635000228881836,7.635000228881836,7.635000228881836,7.635000228881836,204.0
2024-03-01 13:24:00,KURA,21.459999084472656,21.459999084472656,21.459999084472656,21.290000915527344,21.290000915527344,20667.0
2024-03-01 13:24:00,KYMR,44.095001220703125,44.095001220703125,44.189998626708984,44.095001220703125,44.189998626708984,1878.0
2024-03-01 13:24:00,KZR,1.0800000429153442,1.0800000429153442,1.0800000429153442,1.0800000429153442,1.0800000429153442,2162.0
2024-03-01 13:24:00,LAB,2.505000114440918,2.505000114440918,2.505000114440918,2.505000114440918,2.505000114440918,632.0
2024-03-01 13:24:00,LFMD,8.0,8.0,8.010000228881836,7.989999771118164,8.010000228881836,1120.0
2024-03-01 13:24:00,LFST,7.78000020980835,7.78000020980835,7.78000020980835,7.769999980926514,7.769999980926514,4154.0
2024-03-01 13:24:00,LMAT,67.94000244140625,67.94000244140625,67.94000244140625,67.94000244140625,67.94000244140625,176.0
2024-03-01 13:24:00,LNTH,65.29499816894531,65.29499816894531,65.29499816894531,65.29499816894531,65.29499816894531,545.0
2024-03-01 13:24:00,LPTX,2.859999895095825,2.859999895095825,2.8949999809265137,2.859999895095825,2.8949999809265137,6376.0
2024-03-01 13:24:00,LQDA,14.639699935913086,14.639699935913086,14.639699935913086,14.630000114440918,14.630000114440918,755.0
2024-03-01 13:24:00,LTRN,4.570000171661377,4.570000171661377,4.570000171661377,4.570000171661377,4.570000171661377,134.0
2024-03-01 13:24:00,LUNG,9.460000038146973,9.460000038146973,9.479999542236328,9.460000038146973,9.479999542236328,1189.0
2024-03-01 13:24:00,LXRX,2.5199999809265137,2.5199999809265137,2.5250000953674316,2.5199999809265137,2.5250000953674316,4149.0
2024-03-01 13:24:00,LYEL,3.1700000762939453,3.1700000762939453,3.174999952316284,3.1700000762939453,3.174999952316284,292.0
2024-03-01 13:24:00,LYRA,5.699999809265137,5.699999809265137,5.710000038146973,5.695000171661377,5.699999809265137,1537.0
2024-03-01 13:24:00,MACK,14.720000267028809,14.720000267028809,14.720000267028809,14.720000267028809,14.720000267028809,550.0
2024-03-01 13:24:00,MCRB,1.2000000476837158,1.2000000476837158,1.2100000381469727,1.2000000476837158,1.2000000476837158,15689.0
2024-03-01 13:24:00,MDRX,6.039999961853027,6.039999961853027,6.050000190734863,6.039999961853027,6.050000190734863,36057.0
2024-03-01 13:24:00,MDXG,8.694999694824219,8.694999694824219,8.699999809265137,8.670000076293945,8.670000076293945,9719.0
2024-03-01 13:24:00,ME,0.5681999921798706,0.5681999921798706,0.5681999921798706,0.5680999755859375,0.5681999921798706,4925.0
2024-03-01 13:24:00,MGNX,19.079999923706055,19.079999923706055,19.079999923706055,19.079999923706055,19.079999923706055,788.0
2024-03-01 13:24:00,MHUA,0.6998999714851379,0.6998999714851379,0.6998999714851379,0.6998999714851379,0.6998999714851379,700.0
2024-03-01 13:24:00,MIRM,29.799999237060547,29.799999237060547,29.84000015258789,29.790000915527344,29.790000915527344,2254.0
2024-03-01 13:24:00,MNKD,4.554999828338623,4.554999828338623,4.559999942779541,4.550000190734863,4.554999828338623,1902.0
2024-03-01 13:24:00,MODD,1.9199999570846558,1.9199999570846558,1.9199999570846558,1.9199999570846558,1.9199999570846558,300.0
2024-03-01 13:24:00,MODV,28.06999969482422,28.06999969482422,28.075000762939453,28.06999969482422,28.075000762939453,403.0
2024-03-01 13:24:00,MOR,17.56999969482422,17.56999969482422,17.56999969482422,17.56999969482422,17.56999969482422,120.0
2024-03-01 13:24:00,MORF,39.38999938964844,39.38999938964844,39.40999984741211,39.38999938964844,39.40999984741211,357.0
2024-03-01 13:24:00,MREO,3.9946999549865723,3.9946999549865723,3.9946999549865723,3.9946999549865723,3.9946999549865723,460.0
2024-03-01 13:24:00,MRNA,96.13500213623047,96.13500213623047,96.13500213623047,96.12889862060547,96.12889862060547,712.0
2024-03-01 13:24:00,MRNS,10.470000267028809,10.470000267028809,10.470000267028809,10.4350004196167,10.4350004196167,2250.0
2024-03-01 13:24:00,MRSN,5.980000019073486,5.980000019073486,6.0,5.96999979019165,5.989999771118164,3615.0
2024-03-01 13:24:00,MRUS,51.42499923706055,51.42499923706055,51.489898681640625,51.38019943237305,51.41999816894531,1628.0
2024-03-01 13:24:00,MRVI,7.715000152587891,7.715000152587891,7.715000152587891,7.710000038146973,7.715000152587891,432.0
2024-03-01 13:24:00,MYGN,21.84000015258789,21.84000015258789,21.84000015258789,21.84000015258789,21.84000015258789,206.0
2024-03-01 13:24:00,NARI,44.935001373291016,44.935001373291016,44.939998626708984,44.869998931884766,44.880001068115234,6388.0
2024-03-01 13:24:00,NAUT,2.609999895095825,2.609999895095825,2.640000104904175,2.609999895095825,2.640000104904175,367.0
2024-03-01 13:24:00,NBIX,131.94000244140625,131.94000244140625,131.94000244140625,131.85499572753906,131.86000061035156,2074.0
2024-03-01 13:24:00,NBSE,0.871999979019165,0.871999979019165,0.871999979019165,0.871999979019165,0.871999979019165,322.0
2024-03-01 13:24:00,NCNA,0.31520000100135803,0.31520000100135803,0.31520000100135803,0.31520000100135803,0.31520000100135803,718.0
2024-03-01 13:24:00,NEO,16.049999237060547,16.049999237060547,16.049999237060547,16.049999237060547,16.049999237060547,227.0
2024-03-01 13:24:00,NEOG,17.350000381469727,17.350000381469727,17.350000381469727,17.350000381469727,17.350000381469727,316.0
2024-03-01 13:24:00,NGM,1.5299999713897705,1.5299999713897705,1.5299999713897705,1.5299999713897705,1.5299999713897705,918.0
2024-03-01 13:24:00,NKTR,0.7918000221252441,0.7918000221252441,0.7918000221252441,0.7918000221252441,0.7918000221252441,402.0
2024-03-01 13:24:00,NNOX,10.984999656677246,10.984999656677246,10.994999885559082,10.979999542236328,10.994999885559082,2297.0
2024-03-01 13:24:00,NRBO,5.900000095367432,5.900000095367432,5.949999809265137,5.900000095367432,5.949999809265137,2033.0
2024-03-01 13:24:00,NRIX,13.739999771118164,13.739999771118164,13.739999771118164,13.739999771118164,13.739999771118164,208.0
2024-03-01 13:24:00,NRSN,1.9600000381469727,1.9600000381469727,2.0341999530792236,1.9600000381469727,2.0199999809265137,20910.0
2024-03-01 13:24:00,NRXP,0.41499999165534973,0.41499999165534973,0.41499999165534973,0.41499999165534973,0.41499999165534973,10000.0
2024-03-01 13:24:00,NTLA,33.334999084472656,33.334999084472656,33.34000015258789,33.29999923706055,33.29999923706055,1649.0
2024-03-01 13:24:00,NTRA,90.0199966430664,90.0199966430664,90.05999755859375,89.91000366210938,89.94000244140625,35387.0
2024-03-01 13:24:00,NUVL,88.69000244140625,88.69000244140625,88.73500061035156,88.68000030517578,88.7300033569336,1265.0
2024-03-01 13:24:00,NVAX,5.235000133514404,5.235000133514404,5.235000133514404,5.224999904632568,5.224999904632568,6808.0
2024-03-01 13:24:00,NVCR,15.9399995803833,15.9399995803833,15.9399995803833,15.9350004196167,15.9350004196167,1621.0
2024-03-01 13:24:00,NVNO,6.25,6.25,6.25,6.224999904632568,6.224999904632568,300.0
2024-03-01 13:24:00,NXTC,1.7599999904632568,1.7599999904632568,1.7649999856948853,1.7599999904632568,1.7649999856948853,1197.0
2024-03-01 13:24:00,OCGN,0.9700000286102295,0.9700000286102295,0.9700000286102295,0.9684000015258789,0.9699680209159851,3049.0
2024-03-01 13:24:00,OCUL,10.829999923706055,10.829999923706055,10.835000038146973,10.829999923706055,10.829999923706055,3744.0
2024-03-01 13:24:00,OGI,2.194999933242798,2.194999933242798,2.200000047683716,2.194999933242798,2.194999933242798,1345.0
2024-03-01 13:24:00,OLK,22.790000915527344,22.790000915527344,22.8125,22.790000915527344,22.8125,3092.0
2024-03-01 13:24:00,OLMA,14.720000267028809,14.720000267028809,14.720000267028809,14.71500015258789,14.71500015258789,505.0
2024-03-01 13:24:00,OMCL,26.30500030517578,26.30500030517578,26.30500030517578,26.30500030517578,26.30500030517578,404.0
2024-03-01 13:24:00,OMER,4.75,4.75,4.75,4.75,4.75,407.0
2024-03-01 13:24:00,OMGA,4.239999771118164,4.239999771118164,4.239999771118164,4.239999771118164,4.239999771118164,777.0
2024-03-01 13:24:00,ONTX,0.8001999855041504,0.8001999855041504,0.8001999855041504,0.8001999855041504,0.8001999855041504,202.0
2024-03-01 13:25:00,ABCL,5.230000019073486,5.230000019073486,5.230000019073486,5.230000019073486,5.230000019073486,282.0
2024-03-01 13:25:00,ABOS,4.668900012969971,4.668900012969971,4.668900012969971,4.668900012969971,4.668900012969971,224.0
2024-03-01 13:25:00,ABSI,5.380000114440918,5.380000114440918,5.389999866485596,5.380000114440918,5.389999866485596,3020.0
2024-03-01 13:25:00,ABUS,2.7699999809265137,2.7699999809265137,2.7699999809265137,2.765000104904175,2.765000104904175,1229.0
2024-03-01 13:25:00,ACAD,24.3700008392334,24.3700008392334,24.3799991607666,24.34000015258789,24.3700008392334,6992.0
2024-03-01 13:25:00,ACB,3.2100000381469727,3.2100000381469727,3.2100000381469727,3.2090001106262207,3.2090001106262207,381.0
2024-03-01 13:25:00,ACCD,10.136500358581543,10.136500358581543,10.136500358581543,10.136500358581543,10.136500358581543,241.0
2024-03-01 13:25:00,ACET,2.3949999809265137,2.3949999809265137,2.4000000953674316,2.390000104904175,2.3949999809265137,866.0
2024-03-01 13:25:00,ACHC,84.79740142822266,84.79740142822266,84.79740142822266,84.79740142822266,84.79740142822266,120.0
2024-03-01 13:25:00,ACLX,67.02999877929688,67.02999877929688,67.0999984741211,66.91000366210938,67.0999984741211,2608.0
2024-03-01 13:25:00,ACON,0.4050000011920929,0.4050000011920929,0.4050000011920929,0.4050000011920929,0.4050000011920929,250.0
2024-03-01 13:25:00,ACRS,1.2400000095367432,1.2400000095367432,1.2400000095367432,1.2300000190734863,1.2400000095367432,2214.0
2024-03-01 13:25:00,ADIL,3.2279999256134033,3.2279999256134033,3.2300000190734863,3.190000057220459,3.190000057220459,15000.0
2024-03-01 13:25:00,ADMA,5.519999980926514,5.519999980926514,5.519999980926514,5.489999771118164,5.5,50757.0
2024-03-01 13:25:00,ADPT,4.15500020980835,4.15500020980835,4.159999847412109,4.144999980926514,4.150000095367432,4035.0
2024-03-01 13:25:00,ADUS,93.81999969482422,93.81999969482422,93.81999969482422,93.81999969482422,93.81999969482422,108.0
2024-03-01 13:25:00,ADVM,1.9550000429153442,1.9550000429153442,1.9550000429153442,1.9550000429153442,1.9550000429153442,200.0
2024-03-01 13:25:00,AFMD,0.6399999856948853,0.6399999856948853,0.6399999856948853,0.6399999856948853,0.6399999856948853,127.0
2024-03-01 13:25:00,AGEN,0.6777499914169312,0.6777499914169312,0.6777999997138977,0.6772000193595886,0.6772000193595886,7223.0
2024-03-01 13:25:00,AGIO,32.90999984741211,32.90999984741211,32.90999984741211,32.90999984741211,32.90999984741211,300.0
2024-03-01 13:25:00,AGRX,0.8065000176429749,0.8065000176429749,0.8240000009536743,0.8065000176429749,0.8240000009536743,2325.0
2024-03-01 13:25:00,AHCO,10.529999732971191,10.529999732971191,10.529999732971191,10.529999732971191,10.529999732971191,687.0
2024-03-01 13:25:00,AKAN,0.21799999475479126,0.21799999475479126,0.21860000491142273,0.21799999475479126,0.21860000491142273,500.0
2024-03-01 13:25:00,AKBA,1.690000057220459,1.690000057220459,1.690000057220459,1.684999942779541,1.684999942779541,325.0
2024-03-01 13:25:00,AKRO,29.950000762939453,29.950000762939453,29.950000762939453,29.950000762939453,29.950000762939453,229.0
2024-03-01 13:25:00,ALDX,4.300000190734863,4.300000190734863,4.300000190734863,4.289999961853027,4.289999961853027,1949.0
2024-03-01 13:25:00,ALEC,7.304999828338623,7.304999828338623,7.304999828338623,7.304999828338623,7.304999828338623,363.0
2024-03-01 13:25:00,ALGN,304.3833923339844,304.3833923339844,304.3833923339844,304.3833923339844,304.3833923339844,399.0
2024-03-01 13:25:00,ALGS,1.1195000410079956,1.1195000410079956,1.1195000410079956,1.1195000410079956,1.1195000410079956,400.0
2024-03-01 13:25:00,ALHC,5.699999809265137,5.699999809265137,5.699999809265137,5.699999809265137,5.699999809265137,602.0
2024-03-01 13:25:00,ALKS,30.25,30.25,30.25,30.209999084472656,30.219999313354492,9020.0
2024-03-01 13:25:00,ALLK,1.6150000095367432,1.6150000095367432,1.6200000047683716,1.6150000095367432,1.6150000095367432,1405.0
2024-03-01 13:25:00,ALLO,5.034999847412109,5.034999847412109,5.039999961853027,5.034999847412109,5.039999961853027,208.0
2024-03-01 13:25:00,ALNY,154.30999755859375,154.30999755859375,154.30999755859375,154.30999755859375,154.30999755859375,328.0
2024-03-01 13:25:00,ALPN,36.150001525878906,36.150001525878906,36.150001525878906,36.099998474121094,36.099998474121094,850.0
2024-03-01 13:25:00,ALT,12.010000228881836,12.010000228881836,12.01990032196045,12.0,12.010000228881836,3938.0
2024-03-01 13:25:00,ALXO,15.069999694824219,15.069999694824219,15.069999694824219,15.069999694824219,15.069999694824219,108.0
2024-03-01 13:25:00,AMED,93.31999969482422,93.31999969482422,93.31999969482422,93.31999969482422,93.31999969482422,256.0
2024-03-01 13:25:00,AMGN,280.4700012207031,280.4700012207031,280.68499755859375,280.3800048828125,280.68499755859375,9275.0
2024-03-01 13:25:00,AMLX,18.75,18.75,18.75,18.739999771118164,18.739999771118164,574.0
2024-03-01 13:25:00,AMRN,1.0549999475479126,1.0549999475479126,1.0585999488830566,1.0549999475479126,1.0585999488830566,374.0
2024-03-01 13:25:00,ANAB,25.399999618530273,25.399999618530273,25.399999618530273,25.399999618530273,25.399999618530273,323.0
2024-03-01 13:25:00,ANGO,5.494999885559082,5.494999885559082,5.494999885559082,5.489999771118164,5.494999885559082,702.0
2024-03-01 13:25:00,ANIP,66.05000305175781,66.05000305175781,66.05000305175781,66.05000305175781,66.05000305175781,137.0
2024-03-01 13:25:00,ANNX,6.050000190734863,6.050000190734863,6.050000190734863,6.050000190734863,6.050000190734863,354.0
2024-03-01 13:25:00,APDN,0.5674989819526672,0.5674989819526672,0.5674989819526672,0.5674989819526672,0.5674989819526672,925.0
2024-03-01 13:25:00,APLS,64.75499725341797,64.75499725341797,64.79000091552734,64.73999786376953,64.76000213623047,3188.0
2024-03-01 13:25:00,APLT,7.130000114440918,7.130000114440918,7.130000114440918,7.130000114440918,7.130000114440918,410.0
2024-03-01 13:25:00,AQST,4.209400177001953,4.209400177001953,4.210000038146973,4.199999809265137,4.199999809265137,1138.0
2024-03-01 13:25:00,ARCT,39.86000061035156,39.86000061035156,39.86000061035156,39.86000061035156,39.86000061035156,280.0
2024-03-01 13:25:00,ARDX,9.489999771118164,9.489999771118164,9.489999771118164,9.479999542236328,9.489999771118164,2118.0
2024-03-01 13:25:00,ARGX,391.760009765625,391.760009765625,391.760009765625,391.760009765625,391.760009765625,604.0
2024-03-01 13:25:00,ARQT,11.6899995803833,11.6899995803833,11.6899995803833,11.649999618530273,11.683899879455566,6720.0
2024-03-01 13:25:00,ARVN,48.790000915527344,48.790000915527344,48.790000915527344,48.724998474121094,48.724998474121094,550.0
2024-03-01 13:25:00,ARWR,35.43000030517578,35.43000030517578,35.459999084472656,35.43000030517578,35.459999084472656,875.0
2024-03-01 13:25:00,ASLN,0.7462000250816345,0.7462000250816345,0.7462000250816345,0.7462000250816345,0.7462000250816345,300.0
2024-03-01 13:25:00,ASND,152.24000549316406,152.24000549316406,152.52999877929688,152.24000549316406,152.52999877929688,2563.0
2024-03-01 13:25:00,ASRT,0.9294999837875366,0.9294999837875366,0.9294999837875366,0.9294999837875366,0.9294999837875366,200.0
2024-03-01 13:25:00,ATAI,2.170099973678589,2.170099973678589,2.177000045776367,2.1600000858306885,2.1600000858306885,15056.0
2024-03-01 13:25:00,ATEC,13.489999771118164,13.489999771118164,13.494999885559082,13.489999771118164,13.489999771118164,5181.0
2024-03-01 13:25:00,ATRA,0.794950008392334,0.794950008392334,0.7998999953269958,0.7901970148086548,0.7986999750137329,22823.0
2024-03-01 13:25:00,ATRC,35.959999084472656,35.959999084472656,35.959999084472656,35.959999084472656,35.959999084472656,203.0
2024-03-01 13:25:00,ATXS,14.729999542236328,14.729999542236328,14.760000228881836,14.630000114440918,14.630000114440918,4232.0
2024-03-01 13:25:00,AUGX,4.539999961853027,4.539999961853027,4.539999961853027,4.539999961853027,4.539999961853027,112.0
2024-03-01 13:25:00,AUPH,5.840000152587891,5.840000152587891,5.860000133514404,5.840000152587891,5.860000133514404,28720.0
2024-03-01 13:25:00,AURA,9.3100004196167,9.3100004196167,9.3100004196167,9.3100004196167,9.3100004196167,177.0
2024-03-01 13:25:00,AUTL,6.389999866485596,6.389999866485596,6.389999866485596,6.389999866485596,6.389999866485596,100.0
2024-03-01 13:25:00,AVDL,13.220000267028809,13.220000267028809,13.220000267028809,13.220000267028809,13.220000267028809,1267.0
2024-03-01 13:25:00,AVRO,1.3600000143051147,1.3600000143051147,1.3600000143051147,1.3550000190734863,1.3550000190734863,900.0
2024-03-01 13:25:00,AVXL,5.289999961853027,5.289999961853027,5.295000076293945,5.289999961853027,5.292600154876709,861.0
2024-03-01 13:25:00,AZN,64.68000030517578,64.68000030517578,64.68000030517578,64.66500091552734,64.66999816894531,2940.0
2024-03-01 13:25:00,AZTA,67.0999984741211,67.0999984741211,67.0999984741211,67.08999633789062,67.08999633789062,223.0
2024-03-01 13:25:00,BBIO,36.03499984741211,36.03499984741211,36.03499984741211,36.03499984741211,36.03499984741211,353.0
2024-03-01 13:25:00,BBLG,2.4700000286102295,2.4700000286102295,2.490000009536743,2.4700000286102295,2.484999895095825,5220.0
2024-03-01 13:25:00,BCAB,2.7300000190734863,2.7300000190734863,2.734999895095825,2.7300000190734863,2.734999895095825,600.0
2024-03-01 13:25:00,BCLI,0.3504999876022339,0.3504999876022339,0.3504999876022339,0.3504999876022339,0.3504999876022339,3011.0
2024-03-01 13:25:00,BCRX,5.704999923706055,5.704999923706055,5.707499980926514,5.699999809265137,5.699999809265137,2198.0
2024-03-01 13:25:00,BDTX,5.025000095367432,5.025000095367432,5.03000020980835,5.025000095367432,5.03000020980835,1008.0
2024-03-01 13:25:00,BEAM,40.13999938964844,40.13999938964844,40.13999938964844,40.130001068115234,40.130001068115234,742.0
2024-03-01 13:25:00,BIIB,221.0399932861328,221.0399932861328,221.0399932861328,221.0399932861328,221.0399932861328,758.0
2024-03-01 13:25:00,BIOL,0.14169999957084656,0.14169999957084656,0.14169999957084656,0.14169999957084656,0.14169999957084656,3001.0
2024-03-01 13:25:00,BIOR,1.1299999952316284,1.1299999952316284,1.1385999917984009,1.1299999952316284,1.1385999917984009,1048.0
2024-03-01 13:25:00,BIVI,1.940000057220459,1.940000057220459,1.958400011062622,1.940000057220459,1.958400011062622,2328.0
2024-03-01 13:25:00,BLFS,18.204999923706055,18.204999923706055,18.209999084472656,18.204999923706055,18.209999084472656,249.0
2024-03-01 13:25:00,BLUE,1.5950000286102295,1.5950000286102295,1.5950000286102295,1.590000033378601,1.5950000286102295,1888.0
2024-03-01 13:25:00,BMEA,18.1200008392334,18.1200008392334,18.139999389648438,18.1200008392334,18.139999389648438,1366.0
2024-03-01 13:25:00,BMRN,87.7500991821289,87.7500991821289,87.77999877929688,87.72000122070312,87.72000122070312,2563.0
2024-03-01 13:25:00,BNGO,1.2549999952316284,1.2549999952316284,1.2549999952316284,1.2549999952316284,1.2549999952316284,300.0
2024-03-01 13:25:00,BNTC,5.190000057220459,5.190000057220459,5.190000057220459,5.190000057220459,5.190000057220459,320.0
2024-03-01 13:25:00,BNTX,91.6500015258789,91.6500015258789,91.6500015258789,91.6500015258789,91.6500015258789,511.0
2024-03-01 13:25:00,BRKR,88.27999877929688,88.27999877929688,88.27999877929688,88.23999786376953,88.25399780273438,2775.0
2024-03-01 13:25:00,BSGM,0.675000011920929,0.675000011920929,0.675000011920929,0.670199990272522,0.670199990272522,730.0
2024-03-01 13:25:00,BTTX,0.1761000007390976,0.1761000007390976,0.1784999966621399,0.1761000007390976,0.17669999599456787,7399.0
2024-03-01 13:25:00,BVS,4.744999885559082,4.744999885559082,4.75,4.744999885559082,4.75,434.0
2024-03-01 13:25:00,CABA,24.260000228881836,24.260000228881836,24.260000228881836,24.260000228881836,24.260000228881836,223.0
2024-03-01 13:25:00,CAPR,4.539999961853027,4.539999961853027,4.550000190734863,4.514999866485596,4.539999961853027,1136.0
2024-03-01 13:25:00,CARA,0.9168000221252441,0.9168000221252441,0.9168000221252441,0.9168000221252441,0.9168000221252441,187.0
2024-03-01 13:25:00,CBAY,32.2400016784668,32.2400016784668,32.2400016784668,32.22999954223633,32.2400016784668,1301.0
2024-03-01 13:25:00,CCCC,10.989999771118164,10.989999771118164,10.991000175476074,10.989999771118164,10.989999771118164,1450.0
2024-03-01 13:25:00,CCRN,18.19499969482422,18.19499969482422,18.19499969482422,18.149999618530273,18.149999618530273,2020.0
2024-03-01 13:25:00,CDMO,8.119999885559082,8.119999885559082,8.119999885559082,8.100000381469727,8.100000381469727,3596.0
2024-03-01 13:25:00,CDNA,12.300000190734863,12.300000190734863,12.3100004196167,12.300000190734863,12.3100004196167,1392.0
2024-03-01 13:25:00,CDTX,0.7245000004768372,0.7245000004768372,0.7245000004768372,0.7210999727249146,0.7210999727249146,2567.0
2024-03-01 13:25:00,CDXS,4.554999828338623,4.554999828338623,4.554999828338623,4.554999828338623,4.554999828338623,101.0
2024-03-01 13:25:00,CELC,16.290000915527344,16.290000915527344,16.290000915527344,16.2549991607666,16.2549991607666,359.0
2024-03-01 13:25:00,CELU,3.569999933242798,3.569999933242798,3.569999933242798,3.569999933242798,3.569999933242798,367.0
2024-03-01 13:25:00,CERE,41.10499954223633,41.10499954223633,41.10499954223633,41.099998474121094,41.099998474121094,297.0
2024-03-01 13:25:00,CERS,2.2100000381469727,2.2100000381469727,2.2100000381469727,2.2100000381469727,2.2100000381469727,302.0
2024-03-01 13:25:00,CERT,17.889999389648438,17.889999389648438,17.889999389648438,17.889999389648438,17.889999389648438,177.0
2024-03-01 13:25:00,CGC,3.265000104904175,3.265000104904175,3.265000104904175,3.265000104904175,3.265000104904175,670.0
2024-03-01 13:25:00,CGEM,18.700000762939453,18.700000762939453,18.790000915527344,18.700000762939453,18.770000457763672,11138.0
2024-03-01 13:25:00,CHEK,2.0999999046325684,2.0999999046325684,2.0999999046325684,2.0999999046325684,2.0999999046325684,882.0
2024-03-01 13:25:00,CHRS,2.4000000953674316,2.4000000953674316,2.4049999713897705,2.4000000953674316,2.4049999713897705,2859.0
2024-03-01 13:25:00,CKPT,2.2300000190734863,2.2300000190734863,2.2300000190734863,2.2200000286102295,2.2200000286102295,5410.0
2024-03-01 13:25:00,CLDX,52.279998779296875,52.279998779296875,52.290000915527344,52.23500061035156,52.279998779296875,1735.0
2024-03-01 13:25:00,CLOV,0.8657000064849854,0.8657000064849854,0.8658000230789185,0.8657000064849854,0.8658000230789185,25705.0
2024-03-01 13:25:00,CLRB,4.150000095367432,4.150000095367432,4.159999847412109,4.150000095367432,4.159999847412109,4450.0
2024-03-01 13:25:00,CMPS,11.420000076293945,11.420000076293945,11.430000305175781,11.420000076293945,11.430000305175781,275.0
2024-03-01 13:25:00,CNTA,10.899999618530273,10.899999618530273,10.914999961853027,10.899999618530273,10.914999961853027,700.0
2024-03-01 13:25:00,CODX,1.159999966621399,1.159999966621399,1.159999966621399,1.159999966621399,1.159999966621399,610.0
2024-03-01 13:25:00,COGT,7.190000057220459,7.190000057220459,7.197700023651123,7.190000057220459,7.197700023651123,707.0
2024-03-01 13:25:00,COLL,36.900001525878906,36.900001525878906,36.95000076293945,36.900001525878906,36.95000076293945,528.0
2024-03-01 13:25:00,CORT,24.309999465942383,24.309999465942383,24.31999969482422,24.309999465942383,24.31999969482422,1725.0
2024-03-01 13:25:00,CPRX,17.2450008392334,17.2450008392334,17.2450008392334,17.239999771118164,17.239999771118164,582.0
2024-03-01 13:25:00,CPSI,9.520600318908691,9.520600318908691,9.520600318908691,9.520600318908691,9.520600318908691,307.0
2024-03-01 13:25:00,CRBP,32.125,32.125,32.18000030517578,32.125,32.18000030517578,414.0
2024-03-01 13:25:00,CRBU,7.934999942779541,7.934999942779541,7.934999942779541,7.934999942779541,7.934999942779541,741.0
2024-03-01 13:25:00,CRDF,2.430000066757202,2.430000066757202,2.440000057220459,2.4200000762939453,2.440000057220459,9780.0
2024-03-01 13:25:00,CRDL,1.8710999488830566,1.8710999488830566,1.8799999952316284,1.8710999488830566,1.875,666.0
2024-03-01 13:25:00,CRNX,46.62929916381836,46.62929916381836,46.665000915527344,46.62929916381836,46.665000915527344,290.0
2024-03-01 13:25:00,CRON,2.065000057220459,2.065000057220459,2.0699000358581543,2.0601000785827637,2.0699000358581543,5147.0
2024-03-01 13:25:00,CRSP,85.95500183105469,85.95500183105469,86.01000213623047,85.95500183105469,85.97000122070312,1469.0
2024-03-01 13:25:00,CRVS,2.2100000381469727,2.2100000381469727,2.2200000286102295,2.2100000381469727,2.2200000286102295,649.0
2024-03-01 13:25:00,CTMX,2.634999990463257,2.634999990463257,2.640000104904175,2.630000114440918,2.640000104904175,3175.0
2024-03-01 13:25:00,CYTK,73.0250015258789,73.0250015258789,73.08000183105469,72.9800033569336,73.0,11336.0
2024-03-01 13:25:00,CYTO,2.3499999046325684,2.3499999046325684,2.369999885559082,2.3499999046325684,2.367500066757202,5668.0
2024-03-01 13:25:00,DAWN,17.40999984741211,17.40999984741211,17.40999984741211,17.40999984741211,17.40999984741211,396.0
2024-03-01 13:25:00,DCGO,4.170000076293945,4.170000076293945,4.170000076293945,4.170000076293945,4.170000076293945,127.0
2024-03-01 13:25:00,DCPH,17.44499969482422,17.44499969482422,17.44499969482422,17.44499969482422,17.44499969482422,207.0
2024-03-01 13:25:00,DH,8.890000343322754,8.890000343322754,8.890000343322754,8.890000343322754,8.890000343322754,227.0
2024-03-01 13:25:00,DMTK,0.8758000135421753,0.8758000135421753,0.8758000135421753,0.8758000135421753,0.8758000135421753,167.0
2024-03-01 13:25:00,DNLI,20.735000610351562,20.735000610351562,20.747800827026367,20.729999542236328,20.747800827026367,1063.0
2024-03-01 13:25:00,DTIL,12.380000114440918,12.380000114440918,12.4399995803833,12.380000114440918,12.414999961853027,9155.0
2024-03-01 13:25:00,DVAX,12.854999542236328,12.854999542236328,12.864999771118164,12.854999542236328,12.859999656677246,4673.0
2024-03-01 13:25:00,DXCM,122.02999877929688,122.02999877929688,122.0999984741211,122.02999877929688,122.06999969482422,2997.0
2024-03-01 13:25:00,DYN,28.7450008392334,28.7450008392334,28.7450008392334,28.7450008392334,28.7450008392334,112.0
2024-03-01 13:25:00,EDAP,6.949999809265137,6.949999809265137,6.949999809265137,6.949999809265137,6.949999809265137,155.0
2024-03-01 13:25:00,EDIT,10.850000381469727,10.850000381469727,10.850000381469727,10.850000381469727,10.850000381469727,1318.0
2024-03-01 13:25:00,EFTR,15.489999771118164,15.489999771118164,15.489999771118164,15.489999771118164,15.489999771118164,151.0
2024-03-01 13:25:00,ELEV,5.005000114440918,5.005000114440918,5.059999942779541,4.974999904632568,5.059999942779541,12306.0
2024-03-01 13:25:00,EMBC,14.34000015258789,14.34000015258789,14.34000015258789,14.324999809265137,14.324999809265137,843.0
2024-03-01 13:25:00,ENVB,1.5,1.5,1.5,1.4802000522613525,1.4900000095367432,7905.0
2024-03-01 13:25:00,EPIX,9.449999809265137,9.449999809265137,9.460000038146973,9.449999809265137,9.460000038146973,226.0
2024-03-01 13:25:00,ERAS,2.494999885559082,2.494999885559082,2.494999885559082,2.494999885559082,2.494999885559082,551.0
2024-03-01 13:25:00,ESPR,2.5199999809265137,2.5199999809265137,2.5199999809265137,2.509999990463257,2.515000104904175,4356.0
2024-03-01 13:25:00,ESTA,45.400001525878906,45.400001525878906,45.400001525878906,45.400001525878906,45.400001525878906,113.0
2024-03-01 13:25:00,ETNB,13.279999732971191,13.279999732971191,13.300000190734863,13.279999732971191,13.300000190734863,3178.0
2024-03-01 13:25:00,EWTX,17.0,17.0,17.030000686645508,17.0,17.030000686645508,4612.0
2024-03-01 13:25:00,EXAI,6.760000228881836,6.760000228881836,6.760000228881836,6.760000228881836,6.760000228881836,515.0
2024-03-01 13:25:00,EXAS,60.13999938964844,60.13999938964844,60.169898986816406,60.130001068115234,60.165000915527344,2051.0
2024-03-01 13:25:00,EXEL,22.626399993896484,22.626399993896484,22.6299991607666,22.614999771118164,22.6200008392334,5019.0
2024-03-01 13:25:00,EYEN,2.4298999309539795,2.4298999309539795,2.450000047683716,2.4200000762939453,2.450000047683716,13017.0
2024-03-01 13:25:00,EYPT,27.969999313354492,27.969999313354492,27.979999542236328,27.969999313354492,27.979999542236328,389.0
2024-03-01 13:25:00,FATE,7.724999904632568,7.724999904632568,7.730000019073486,7.724999904632568,7.730000019073486,1062.0
2024-03-01 13:25:00,FBIO,2.3350000381469727,2.3350000381469727,2.3350000381469727,2.3350000381469727,2.3350000381469727,100.0
2024-03-01 13:25:00,FGEN,1.8600000143051147,1.8600000143051147,1.8799999952316284,1.8600000143051147,1.8799999952316284,11583.0
2024-03-01 13:25:00,FLGT,23.229999542236328,23.229999542236328,23.229999542236328,23.229999542236328,23.229999542236328,378.0
2024-03-01 13:25:00,FOLD,13.375,13.375,13.375,13.369999885559082,13.369999885559082,2388.0
2024-03-01 13:25:00,FULC,11.130000114440918,11.130000114440918,11.149999618530273,11.130000114440918,11.149999618530273,946.0
2024-03-01 13:25:00,FUSN,12.420000076293945,12.420000076293945,12.430000305175781,12.390000343322754,12.390000343322754,2498.0
2024-03-01 13:25:00,FWBI,8.600000381469727,8.600000381469727,8.609999656677246,8.550000190734863,8.579999923706055,6657.0
2024-03-01 13:25:00,GBIO,2.640000104904175,2.640000104904175,2.640000104904175,2.640000104904175,2.640000104904175,110.0
2024-03-01 13:25:00,GDRX,8.295000076293945,8.295000076293945,8.300000190734863,8.29010009765625,8.300000190734863,824.0
2024-03-01 13:25:00,GERN,2.240000009536743,2.240000009536743,2.25,2.2200000286102295,2.25,149051.0
2024-03-01 13:25:00,GH,19.010000228881836,19.010000228881836,19.030000686645508,19.010000228881836,19.030000686645508,2646.0
2024-03-01 13:25:00,GHSI,8.279999732971191,8.279999732971191,8.3100004196167,8.279999732971191,8.300000190734863,735.0
2024-03-01 13:25:00,GILD,72.25,72.25,72.27999877929688,72.23999786376953,72.2750015258789,10919.0
2024-03-01 13:25:00,GMAB,29.382099151611328,29.382099151611328,29.382099151611328,29.382099151611328,29.382099151611328,313.0
2024-03-01 13:25:00,GRTS,2.2000999450683594,2.2000999450683594,2.2049999237060547,2.2000999450683594,2.2049999237060547,572.0
2024-03-01 13:25:00,GRTX,0.23240000009536743,0.23240000009536743,0.23295000195503235,0.23010000586509705,0.23010000586509705,2853.0
2024-03-01 13:25:00,GTHX,3.7799999713897705,3.7799999713897705,3.7799999713897705,3.7750000953674316,3.7799999713897705,5076.0
2024-03-01 13:25:00,HALO,41.4900016784668,41.4900016784668,41.4900016784668,41.4900016784668,41.4900016784668,820.0
2024-03-01 13:25:00,HCAT,8.149999618530273,8.149999618530273,8.149999618530273,8.140000343322754,8.145000457763672,2156.0
2024-03-01 13:25:00,HCSG,12.621399879455566,12.621399879455566,12.621399879455566,12.621399879455566,12.621399879455566,154.0
2024-03-01 13:25:00,HITI,1.7599999904632568,1.7599999904632568,1.7599999904632568,1.7599999904632568,1.7599999904632568,306.0
2024-03-01 13:25:00,HLTH,0.27309998869895935,0.27309998869895935,0.27309998869895935,0.27309998869895935,0.27309998869895935,278.0
2024-03-01 13:25:00,HLVX,19.135000228881836,19.135000228881836,19.145000457763672,19.135000228881836,19.145000457763672,1374.0
2024-03-01 13:25:00,HOLX,74.125,74.125,74.12999725341797,74.12000274658203,74.12000274658203,1754.0
2024-03-01 13:25:00,HOTH,1.3200000524520874,1.3200000524520874,1.3200000524520874,1.3200000524520874,1.3200000524520874,332.0
2024-03-01 13:25:00,HOWL,7.0,7.0,7.0,7.0,7.0,189.0
2024-03-01 13:25:00,HRMY,31.5049991607666,31.5049991607666,31.520000457763672,31.5049991607666,31.5049991607666,1218.0
2024-03-01 13:25:00,HRTX,2.5975000858306885,2.5975000858306885,2.5999999046325684,2.5899999141693115,2.5899999141693115,543.0
2024-03-01 13:25:00,HSIC,76.83999633789062,76.83999633789062,76.87000274658203,76.83999633789062,76.87000274658203,1487.0
2024-03-01 13:25:00,HUGE,0.8985589742660522,0.8985589742660522,0.8985589742660522,0.8985589742660522,0.8985589742660522,633.0
2024-03-01 13:25:00,HUMA,3.371000051498413,3.371000051498413,3.375,3.369999885559082,3.371000051498413,1320.0
2024-03-01 13:25:00,IART,36.43000030517578,36.43000030517578,36.439998626708984,36.43000030517578,36.435001373291016,768.0
2024-03-01 13:25:00,IBRX,4.764999866485596,4.764999866485596,4.775000095367432,4.764999866485596,4.775000095367432,2602.0
2024-03-01 13:25:00,ICAD,1.9062000513076782,1.9062000513076782,1.9062000513076782,1.9062000513076782,1.9062000513076782,1070.0
2024-03-01 13:25:00,ICUI,104.72000122070312,104.72000122070312,104.77999877929688,104.72000122070312,104.77999877929688,309.0
2024-03-01 13:25:00,IKNA,1.5099999904632568,1.5099999904632568,1.5198999643325806,1.5099999904632568,1.5198999643325806,6464.0
2024-03-01 13:25:00,IMMX,3.555000066757202,3.555000066757202,3.555000066757202,3.555000066757202,3.555000066757202,100.0
2024-03-01 13:25:00,IMNM,25.459999084472656,25.459999084472656,25.53499984741211,25.405000686645508,25.53499984741211,6708.0
2024-03-01 13:25:00,IMRX,6.199999809265137,6.199999809265137,6.21999979019165,6.199999809265137,6.199999809265137,3975.0
2024-03-01 13:25:00,IMUX,1.4708000421524048,1.4708000421524048,1.4708000421524048,1.4708000421524048,1.4708000421524048,559.0
2024-03-01 13:25:00,INBX,36.540000915527344,36.540000915527344,36.540000915527344,36.52000045776367,36.529998779296875,504.0
2024-03-01 13:25:00,INCY,59.40999984741211,59.40999984741211,59.41999816894531,59.38999938964844,59.41550064086914,2735.0
2024-03-01 13:25:00,INDP,2.060800075531006,2.060800075531006,2.060800075531006,2.060800075531006,2.060800075531006,290.0
2024-03-01 13:25:00,INM,0.40450000762939453,0.40450000762939453,0.40450000762939453,0.40450000762939453,0.40450000762939453,1600.0
2024-03-01 13:25:00,INMD,22.8799991607666,22.8799991607666,22.8799991607666,22.875,22.875,723.0
2024-03-01 13:25:00,INSM,28.469999313354492,28.469999313354492,28.475000381469727,28.469999313354492,28.475000381469727,774.0
2024-03-01 13:25:00,INVA,15.6850004196167,15.6850004196167,15.6850004196167,15.6850004196167,15.6850004196167,406.0
2024-03-01 13:25:00,IONS,45.86000061035156,45.86000061035156,45.875,45.86000061035156,45.875,662.0
2024-03-01 13:25:00,IOVA,17.125,17.125,17.170000076293945,17.1200008392334,17.170000076293945,18177.0
2024-03-01 13:25:00,IPSC,3.7950000762939453,3.7950000762939453,3.7950000762939453,3.7950000762939453,3.7950000762939453,232.0
2024-03-01 13:25:00,IRWD,9.055000305175781,9.055000305175781,9.0600004196167,9.050000190734863,9.050000190734863,1518.0
2024-03-01 13:25:00,ISPC,0.46000000834465027,0.46000000834465027,0.46000000834465027,0.46000000834465027,0.46000000834465027,395.0
2024-03-01 13:25:00,ISRG,396.2300109863281,396.2300109863281,396.32000732421875,396.1012878417969,396.1012878417969,2304.0
2024-03-01 13:25:00,ITCI,71.44499969482422,71.44499969482422,71.44999694824219,71.44000244140625,71.44000244140625,1890.0
2024-03-01 13:25:00,ITOS,11.180000305175781,11.180000305175781,11.180000305175781,11.180000305175781,11.180000305175781,123.0
2024-03-01 13:25:00,ITRM,1.2599999904632568,1.2599999904632568,1.2599999904632568,1.2599999904632568,1.2599999904632568,1500.0
2024-03-01 13:25:00,JAGX,0.0746999979019165,0.0746999979019165,0.07649999856948853,0.07460000365972519,0.07639999687671661,175752.0
2024-03-01 13:25:00,JANX,46.75,46.75,46.75,46.7400016784668,46.7400016784668,1025.0
2024-03-01 13:25:00,JAZZ,119.43990325927734,119.43990325927734,119.43990325927734,119.22000122070312,119.25199890136719,3133.0
2024-03-01 13:25:00,KALA,7.414999961853027,7.414999961853027,7.414999961853027,7.414999961853027,7.414999961853027,464.0
2024-03-01 13:25:00,KALV,14.149999618530273,14.149999618530273,14.149999618530273,14.149999618530273,14.149999618530273,174.0
2024-03-01 13:25:00,KNSA,21.729999542236328,21.729999542236328,21.75,21.729999542236328,21.75,200.0
2024-03-01 13:25:00,KNTE,2.6050000190734863,2.6050000190734863,2.6050000190734863,2.5950000286102295,2.5950000286102295,11991.0
2024-03-01 13:25:00,KOD,6.085000038146973,6.085000038146973,6.099999904632568,6.085000038146973,6.099999904632568,520.0
2024-03-01 13:25:00,KPTI,1.1979999542236328,1.1979999542236328,1.1979999542236328,1.1950000524520874,1.1950000524520874,894.0
2024-03-01 13:25:00,KRMD,2.119999885559082,2.119999885559082,2.1389000415802,2.119999885559082,2.1389000415802,621.0
2024-03-01 13:25:00,KRON,1.0312999486923218,1.0312999486923218,1.0312999486923218,1.0312999486923218,1.0312999486923218,125.0
2024-03-01 13:25:00,KROS,70.0999984741211,70.0999984741211,70.0999984741211,70.0999984741211,70.0999984741211,576.0
2024-03-01 13:25:00,KTRA,0.09830000251531601,0.09830000251531601,0.09830000251531601,0.09830000251531601,0.09830000251531601,1008.0
2024-03-01 13:25:00,KURA,21.450000762939453,21.450000762939453,21.459999084472656,21.43000030517578,21.454999923706055,15030.0
2024-03-01 13:25:00,KYMR,44.084999084472656,44.084999084472656,44.09000015258789,44.084999084472656,44.09000015258789,663.0
2024-03-01 13:25:00,LAB,2.505000114440918,2.505000114440918,2.505000114440918,2.505000114440918,2.505000114440918,4625.0
2024-03-01 13:25:00,LEGN,65.98999786376953,65.98999786376953,65.99500274658203,65.98999786376953,65.99500274658203,292.0
2024-03-01 13:25:00,LEXX,2.811000108718872,2.811000108718872,2.811000108718872,2.811000108718872,2.811000108718872,150.0
2024-03-01 13:25:00,LFST,7.775000095367432,7.775000095367432,7.780700206756592,7.775000095367432,7.780700206756592,2100.0
2024-03-01 13:25:00,LIAN,4.860000133514404,4.860000133514404,4.860000133514404,4.860000133514404,4.860000133514404,123.0
2024-03-01 13:25:00,LMAT,68.11000061035156,68.11000061035156,68.11000061035156,68.11000061035156,68.11000061035156,583.0
2024-03-01 13:25:00,LPTX,2.8499999046325684,2.8499999046325684,2.8499999046325684,2.8499999046325684,2.8499999046325684,204.0
2024-03-01 13:25:00,LQDA,14.649999618530273,14.649999618530273,14.649999618530273,14.630000114440918,14.630000114440918,2834.0
2024-03-01 13:25:00,LVTX,2.924999952316284,2.924999952316284,3.0,2.9100000858306885,2.994999885559082,2517.0
2024-03-01 13:25:00,LXRX,2.5250000953674316,2.5250000953674316,2.5299999713897705,2.5199999809265137,2.529900074005127,11555.0
2024-03-01 13:25:00,LYEL,3.174999952316284,3.174999952316284,3.174999952316284,3.170099973678589,3.170099973678589,1002.0
2024-03-01 13:25:00,MASI,128.65750122070312,128.65750122070312,128.6699981689453,128.65750122070312,128.6699981689453,994.0
2024-03-01 13:25:00,MASS,7.309999942779541,7.309999942779541,7.309999942779541,7.300000190734863,7.300000190734863,248.0
2024-03-01 13:25:00,MCRB,1.2050000429153442,1.2050000429153442,1.2100000381469727,1.2000000476837158,1.2100000381469727,579.0
2024-03-01 13:25:00,MDGL,251.14999389648438,251.14999389648438,251.14999389648438,250.78269958496094,250.78269958496094,887.0
2024-03-01 13:25:00,MDRX,6.050000190734863,6.050000190734863,6.050000190734863,6.039999961853027,6.050000190734863,11654.0
2024-03-01 13:25:00,MDXG,8.675000190734863,8.675000190734863,8.694999694824219,8.675000190734863,8.694999694824219,5025.0
2024-03-01 13:25:00,ME,0.5681999921798706,0.5681999921798706,0.5681999921798706,0.5680999755859375,0.5681999921798706,843.0
2024-03-01 13:25:00,MEDP,400.79998779296875,400.79998779296875,400.8999938964844,400.79998779296875,400.8999938964844,1673.0
2024-03-01 13:25:00,MESO,2.0299999713897705,2.0299999713897705,2.0299999713897705,2.0299999713897705,2.0299999713897705,412.0
2024-03-01 13:25:00,MGNX,19.040000915527344,19.040000915527344,19.09000015258789,19.020000457763672,19.09000015258789,5983.0
2024-03-01 13:25:00,MIST,1.750100016593933,1.750100016593933,1.750100016593933,1.750100016593933,1.750100016593933,230.0
2024-03-01 13:25:00,MMSI,76.5,76.5,76.5,76.5,76.5,148.0
2024-03-01 13:25:00,MNKD,4.554999828338623,4.554999828338623,4.554999828338623,4.550000190734863,4.554999828338623,2252.0
2024-03-01 13:25:00,MNMD,6.121200084686279,6.121200084686279,6.138000011444092,6.119999885559082,6.138000011444092,2464.0
2024-03-01 13:25:00,MODD,1.9199999570846558,1.9199999570846558,1.9199999570846558,1.9199999570846558,1.9199999570846558,200.0
2024-03-01 13:25:00,MODV,28.075000762939453,28.075000762939453,28.100000381469727,28.059999465942383,28.100000381469727,2433.0
2024-03-01 13:25:00,MOR,17.579999923706055,17.579999923706055,17.579999923706055,17.579999923706055,17.579999923706055,103.0
2024-03-01 13:25:00,MORF,39.375,39.375,39.375,39.375,39.375,459.0
2024-03-01 13:25:00,MREO,3.9914000034332275,3.9914000034332275,3.9914000034332275,3.9914000034332275,3.9914000034332275,125.0
2024-03-01 13:25:00,MRNA,96.05999755859375,96.05999755859375,96.1449966430664,96.05999755859375,96.0999984741211,2746.0
2024-03-01 13:25:00,MRNS,10.450400352478027,10.450400352478027,10.450400352478027,10.450400352478027,10.450400352478027,645.0
2024-03-01 13:25:00,MRSN,5.989999771118164,5.989999771118164,5.989999771118164,5.96999979019165,5.980000019073486,3135.0
2024-03-01 13:25:00,MRUS,51.4900016784668,51.4900016784668,51.4900016784668,51.4900016784668,51.4900016784668,594.0
2024-03-01 13:25:00,MRVI,7.710000038146973,7.710000038146973,7.710000038146973,7.710000038146973,7.710000038146973,577.0
2024-03-01 13:25:00,MYGN,21.84000015258789,21.84000015258789,21.850000381469727,21.84000015258789,21.850000381469727,385.0
2024-03-01 13:25:00,NAOV,0.9801999926567078,0.9801999926567078,0.9801999926567078,0.9801999926567078,0.9801999926567078,100.0
2024-03-01 13:25:00,NARI,44.915000915527344,44.915000915527344,44.93000030517578,44.880001068115234,44.90999984741211,4231.0
2024-03-01 13:25:00,NBIX,131.97999572753906,131.97999572753906,131.97999572753906,131.91000366210938,131.91000366210938,463.0
2024-03-01 13:25:00,NEO,16.020000457763672,16.020000457763672,16.059499740600586,16.020000457763672,16.051000595092773,1349.0
2024-03-01 13:25:00,NNOX,10.930000305175781,10.930000305175781,10.979999542236328,10.930000305175781,10.979999542236328,7051.0
2024-03-01 13:25:00,NRBO,5.949999809265137,5.949999809265137,5.949999809265137,5.949999809265137,5.949999809265137,200.0
2024-03-01 13:25:00,NRIX,13.75,13.75,13.75,13.75,13.75,230.0
2024-03-01 13:25:00,NRXP,0.41304999589920044,0.41304999589920044,0.41499999165534973,0.41304999589920044,0.41499999165534973,13931.0
2024-03-01 13:25:00,NTLA,33.314998626708984,33.314998626708984,33.347999572753906,33.314998626708984,33.3474006652832,2324.0
2024-03-01 13:25:00,NTRA,90.01499938964844,90.01499938964844,90.05000305175781,89.97000122070312,90.05000305175781,4679.0
2024-03-01 13:25:00,NUVL,88.58499908447266,88.58499908447266,88.58499908447266,88.58499908447266,88.58499908447266,319.0
2024-03-01 13:25:00,NVAX,5.235000133514404,5.235000133514404,5.237500190734863,5.230000019073486,5.230000019073486,2990.0
2024-03-01 13:25:00,NVCR,15.9399995803833,15.9399995803833,15.9399995803833,15.9399995803833,15.9399995803833,102.0
2024-03-01 13:25:00,NVCT,10.649999618530273,10.649999618530273,10.649999618530273,10.649999618530273,10.649999618530273,107.0
2024-03-01 13:25:00,OCGN,0.9692000150680542,0.9692000150680542,0.9700000286102295,0.9685999751091003,0.9692500233650208,6810.0
2024-03-01 13:25:00,OCUL,10.800100326538086,10.800100326538086,10.829999923706055,10.800100326538086,10.829999923706055,1673.0
2024-03-01 13:25:00,OCUP,2.490000009536743,2.490000009536743,2.490000009536743,2.490000009536743,2.490000009536743,324.0
2024-03-01 13:25:00,OFIX,12.9399995803833,12.9399995803833,12.9399995803833,12.930000305175781,12.930000305175781,611.0
2024-03-01 13:25:00,OGI,2.1907999515533447,2.1907999515533447,2.200000047683716,2.1907999515533447,2.194999933242798,2776.0
2024-03-01 13:25:00,OLK,22.795000076293945,22.795000076293945,22.795000076293945,22.795000076293945,22.795000076293945,200.0
2024-03-01 13:25:00,OLMA,14.65999984741211,14.65999984741211,14.680000305175781,14.649999618530273,14.680000305175781,4058.0
2024-03-01 13:25:00,OM,3.140000104904175,3.140000104904175,3.1407999992370605,3.140000104904175,3.1407999992370605,986.0
2024-03-01 13:25:00,OMCL,26.347999572753906,26.347999572753906,26.350000381469727,26.329999923706055,26.34000015258789,4085.0
2024-03-01 13:25:00,OMGA,4.25,4.25,4.25,4.25,4.25,2604.0
2024-03-01 13:25:00,ONCT,10.21660041809082,10.21660041809082,10.21660041809082,10.21660041809082,10.21660041809082,284.0
2024-03-01 13:26:00,ABCL,5.239999771118164,5.239999771118164,5.239999771118164,5.235000133514404,5.238699913024902,4811.0
2024-03-01 13:26:00,ABEO,7.764999866485596,7.764999866485596,7.764999866485596,7.764999866485596,7.764999866485596,100.0
2024-03-01 13:26:00,ABOS,4.675000190734863,4.675000190734863,4.679999828338623,4.660099983215332,4.660099983215332,1755.0
2024-03-01 13:26:00,ABSI,5.414999961853027,5.414999961853027,5.420000076293945,5.380000114440918,5.389999866485596,23515.0
2024-03-01 13:26:00,ABVC,1.1865999698638916,1.1865999698638916,1.190000057220459,1.1865999698638916,1.1899000406265259,2000.0
2024-03-01 13:26:00,ACAD,24.309999465942383,24.309999465942383,24.375,24.309999465942383,24.3700008392334,6296.0
2024-03-01 13:26:00,ACB,3.2200000286102295,3.2200000286102295,3.2249999046325684,3.2090001106262207,3.2090001106262207,9652.0
2024-03-01 13:26:00,ACCD,10.140000343322754,10.140000343322754,10.140000343322754,10.140000343322754,10.140000343322754,668.0
2024-03-01 13:26:00,ACET,2.390000104904175,2.390000104904175,2.3949999809265137,2.390000104904175,2.390000104904175,1052.0
2024-03-01 13:26:00,ACHC,84.86000061035156,84.86000061035156,84.86000061035156,84.86000061035156,84.86000061035156,119.0
2024-03-01 13:26:00,ACHL,1.3450000286102295,1.3450000286102295,1.3450000286102295,1.3450000286102295,1.3450000286102295,500.0
2024-03-01 13:26:00,ACLX,67.1500015258789,67.1500015258789,67.1500015258789,66.99500274658203,67.06500244140625,4688.0
2024-03-01 13:26:00,ACON,0.4050000011920929,0.4050000011920929,0.4050000011920929,0.4050000011920929,0.4050000011920929,6000.0
2024-03-01 13:26:00,ACRS,1.2400000095367432,1.2400000095367432,1.2400000095367432,1.2300000190734863,1.2400000095367432,2494.0
2024-03-01 13:26:00,ADIL,3.190000057220459,3.190000057220459,3.240000009536743,3.190000057220459,3.2300000190734863,20807.0
2024-03-01 13:26:00,ADMA,5.53000020980835,5.53000020980835,5.53000020980835,5.519999980926514,5.519999980926514,4369.0
2024-03-01 13:26:00,ADPT,4.164999961853027,4.164999961853027,4.164999961853027,4.15500020980835,4.159999847412109,2271.0
2024-03-01 13:26:00,ADVM,1.9417999982833862,1.9417999982833862,1.9550000429153442,1.940000057220459,1.9550000429153442,4392.0
2024-03-01 13:26:00,AFIB,0.2053000032901764,0.2053000032901764,0.2053000032901764,0.2053000032901764,0.2053000032901764,351.0
2024-03-01 13:26:00,AGEN,0.6777499914169312,0.6777499914169312,0.6777999997138977,0.6777499914169312,0.6777999997138977,1893.0
2024-03-01 13:26:00,AGIO,32.88999938964844,32.88999938964844,32.90999984741211,32.88999938964844,32.90999984741211,565.0
2024-03-01 13:26:00,AHCO,10.5600004196167,10.5600004196167,10.5600004196167,10.520000457763672,10.524999618530273,2530.0
2024-03-01 13:26:00,AKAN,0.21860000491142273,0.21860000491142273,0.21860000491142273,0.21860000491142273,0.21860000491142273,402.0
2024-03-01 13:26:00,AKBA,1.6950000524520874,1.6950000524520874,1.6950000524520874,1.684999942779541,1.684999942779541,20533.0
2024-03-01 13:26:00,AKRO,30.16950035095215,30.16950035095215,30.260000228881836,29.979999542236328,29.979999542236328,18956.0
2024-03-01 13:26:00,AKYA,6.000999927520752,6.000999927520752,6.000999927520752,6.000999927520752,6.000999927520752,122.0
2024-03-01 13:26:00,ALDX,4.304999828338623,4.304999828338623,4.304999828338623,4.300000190734863,4.300000190734863,878.0
2024-03-01 13:26:00,ALEC,7.304999828338623,7.304999828338623,7.304999828338623,7.300000190734863,7.304999828338623,1000.0
2024-03-01 13:26:00,ALGS,1.090000033378601,1.090000033378601,1.1100000143051147,1.090000033378601,1.1100000143051147,4290.0
2024-03-01 13:26:00,ALHC,5.690000057220459,5.690000057220459,5.699999809265137,5.679999828338623,5.699999809265137,26852.0
2024-03-01 13:26:00,ALLK,1.625,1.625,1.6299999952316284,1.6150000095367432,1.6200000047683716,9468.0
2024-03-01 13:26:00,ALLO,5.050000190734863,5.050000190734863,5.050000190734863,5.03000020980835,5.034999847412109,6727.0
2024-03-01 13:26:00,ALNY,154.27999877929688,154.27999877929688,154.27999877929688,154.1750030517578,154.1750030517578,762.0
2024-03-01 13:26:00,ALPN,36.025001525878906,36.025001525878906,36.150001525878906,36.0099983215332,36.1349983215332,10317.0
2024-03-01 13:26:00,ALT,12.052399635314941,12.052399635314941,12.052399635314941,11.989999771118164,12.000900268554688,7808.0
2024-03-01 13:26:00,ALXO,15.095000267028809,15.095000267028809,15.095000267028809,15.069999694824219,15.069999694824219,2063.0
2024-03-01 13:26:00,AMED,93.30999755859375,93.30999755859375,93.30999755859375,93.30999755859375,93.30999755859375,311.0
2024-03-01 13:26:00,AMGN,280.4700012207031,280.4700012207031,280.5,280.4649963378906,280.4649963378906,1860.0
2024-03-01 13:26:00,AMLX,18.719999313354492,18.719999313354492,18.739999771118164,18.719999313354492,18.729999542236328,2789.0
2024-03-01 13:26:00,AMRN,1.0549999475479126,1.0549999475479126,1.0549999475479126,1.0501999855041504,1.0501999855041504,607.0
2024-03-01 13:26:00,ANAB,25.469999313354492,25.469999313354492,25.469999313354492,25.440000534057617,25.440000534057617,1935.0
2024-03-01 13:26:00,ANGO,5.5,5.5,5.5,5.5,5.5,1582.0
2024-03-01 13:26:00,ANIP,66.0999984741211,66.0999984741211,66.0999984741211,66.0999984741211,66.0999984741211,318.0
2024-03-01 13:26:00,ANNX,6.070000171661377,6.070000171661377,6.070000171661377,6.039999961853027,6.039999961853027,4014.0
2024-03-01 13:26:00,APLS,64.87000274658203,64.87000274658203,64.87000274658203,64.76499938964844,64.76499938964844,3473.0
2024-03-01 13:26:00,APLT,7.150000095367432,7.150000095367432,7.170000076293945,7.130000114440918,7.130000114440918,5195.0
2024-03-01 13:26:00,AQST,4.264999866485596,4.264999866485596,4.264999866485596,4.209499835968018,4.209499835968018,44423.0
2024-03-01 13:26:00,ARAY,2.6449999809265137,2.6449999809265137,2.6449999809265137,2.640000104904175,2.640000104904175,1259.0
2024-03-01 13:26:00,ARCT,39.900001525878906,39.900001525878906,39.900001525878906,39.900001525878906,39.900001525878906,116.0
2024-03-01 13:26:00,ARDX,9.5,9.5,9.505000114440918,9.489999771118164,9.489999771118164,9632.0
2024-03-01 13:26:00,ARQT,11.729999542236328,11.729999542236328,11.729999542236328,11.6899995803833,11.6899995803833,7016.0
2024-03-01 13:26:00,ARVN,48.8650016784668,48.8650016784668,48.869998931884766,48.83000183105469,48.83000183105469,617.0
2024-03-01 13:26:00,ARWR,35.529998779296875,35.529998779296875,35.529998779296875,35.41999816894531,35.43000030517578,2756.0
2024-03-01 13:26:00,ASLN,0.7459999918937683,0.7459999918937683,0.7459999918937683,0.7459980249404907,0.7459999918937683,585.0
2024-03-01 13:26:00,ASND,152.36000061035156,152.36000061035156,152.50999450683594,152.36000061035156,152.36000061035156,725.0
2024-03-01 13:26:00,ASRT,0.9248499870300293,0.9248499870300293,0.9248499870300293,0.920199990272522,0.9202929735183716,966.0
2024-03-01 13:26:00,ATAI,2.180000066757202,2.180000066757202,2.180000066757202,2.170099973678589,2.170099973678589,2006.0
2024-03-01 13:26:00,ATEC,13.5,13.5,13.505000114440918,13.489999771118164,13.489999771118164,12439.0
2024-03-01 13:26:00,ATHA,3.990000009536743,3.990000009536743,3.990000009536743,3.984999895095825,3.984999895095825,988.0
2024-03-01 13:26:00,ATOS,1.0088000297546387,1.0088000297546387,1.0088000297546387,1.0088000297546387,1.0088000297546387,196.0
2024-03-01 13:26:00,ATRA,0.7900999784469604,0.7900999784469604,0.794950008392334,0.7900999784469604,0.794950008392334,10600.0
2024-03-01 13:26:00,ATRC,35.959999084472656,35.959999084472656,35.97999954223633,35.959999084472656,35.959999084472656,3394.0
2024-03-01 13:26:00,ATXS,14.770000457763672,14.770000457763672,14.789999961853027,14.744999885559082,14.744999885559082,1039.0
2024-03-01 13:26:00,AUGX,4.559999942779541,4.559999942779541,4.559999942779541,4.539999961853027,4.539999961853027,473.0
2024-03-01 13:26:00,AUPH,5.849999904632568,5.849999904632568,5.849999904632568,5.84499979019165,5.84499979019165,2034.0
2024-03-01 13:26:00,AUTL,6.394999980926514,6.394999980926514,6.394999980926514,6.389999866485596,6.389999866485596,1100.0
2024-03-01 13:26:00,AVDL,13.229999542236328,13.229999542236328,13.239999771118164,13.229999542236328,13.239999771118164,650.0
2024-03-01 13:26:00,AVIR,4.480000019073486,4.480000019073486,4.480000019073486,4.480000019073486,4.480000019073486,1078.0
2024-03-01 13:26:00,AVRO,1.3550000190734863,1.3550000190734863,1.3550000190734863,1.3550000190734863,1.3550000190734863,500.0
2024-03-01 13:26:00,AVXL,5.315000057220459,5.315000057220459,5.315000057220459,5.28000020980835,5.289999961853027,14281.0
2024-03-01 13:26:00,AXGN,10.550000190734863,10.550000190734863,10.550000190734863,10.550000190734863,10.550000190734863,489.0
2024-03-01 13:26:00,AXSM,81.9800033569336,81.9800033569336,81.9800033569336,81.91999816894531,81.92500305175781,1190.0
2024-03-01 13:26:00,AZN,64.69000244140625,64.69000244140625,64.69000244140625,64.67240142822266,64.67240142822266,3866.0
2024-03-01 13:26:00,AZTA,67.08999633789062,67.08999633789062,67.08999633789062,67.08999633789062,67.08999633789062,362.0
2024-03-01 13:26:00,BBIO,36.11000061035156,36.11000061035156,36.11000061035156,36.08000183105469,36.08000183105469,221.0
2024-03-01 13:26:00,BBLG,2.4600000381469727,2.4600000381469727,2.484999895095825,2.4600000381469727,2.484999895095825,1100.0
2024-03-01 13:26:00,BCAB,2.7300000190734863,2.7300000190734863,2.734999895095825,2.7300000190734863,2.734999895095825,799.0
2024-03-01 13:26:00,BCDA,0.5662000179290771,0.5662000179290771,0.5662000179290771,0.5662000179290771,0.5662000179290771,101.0
2024-03-01 13:26:00,BCLI,0.3499999940395355,0.3499999940395355,0.3499999940395355,0.3499999940395355,0.3499999940395355,2300.0
2024-03-01 13:26:00,BCRX,5.70989990234375,5.70989990234375,5.710000038146973,5.699999809265137,5.699999809265137,3187.0
2024-03-01 13:26:00,BCYC,26.270000457763672,26.270000457763672,26.270000457763672,26.25,26.25,710.0
2024-03-01 13:26:00,BDTX,5.03000020980835,5.03000020980835,5.03000020980835,5.025000095367432,5.025000095367432,438.0
2024-03-01 13:26:00,BEAM,40.224998474121094,40.224998474121094,40.224998474121094,40.15999984741211,40.15999984741211,2035.0
2024-03-01 13:26:00,BIIB,221.1199951171875,221.1199951171875,221.1199951171875,220.94000244140625,220.94000244140625,775.0
2024-03-01 13:26:00,BIOL,0.14159999787807465,0.14159999787807465,0.1416500061750412,0.14159999787807465,0.1416500061750412,5100.0
2024-03-01 13:26:00,BIVI,1.9696999788284302,1.9696999788284302,1.9700000286102295,1.940000057220459,1.940000057220459,16742.0
2024-03-01 13:26:00,BLFS,18.239999771118164,18.239999771118164,18.239999771118164,18.209999084472656,18.229999542236328,1074.0
2024-03-01 13:26:00,BLPH,0.051600001752376556,0.051600001752376556,0.051600001752376556,0.051600001752376556,0.051600001752376556,8750.0
2024-03-01 13:26:00,BLUE,1.600000023841858,1.600000023841858,1.600000023841858,1.590000033378601,1.5906000137329102,13165.0
2024-03-01 13:26:00,BMEA,18.1299991607666,18.1299991607666,18.1299991607666,18.09000015258789,18.100000381469727,1687.0
2024-03-01 13:26:00,BMRN,87.79499816894531,87.79499816894531,87.79499816894531,87.79499816894531,87.79499816894531,453.0
2024-03-01 13:26:00,BNGO,1.25,1.25,1.25,1.25,1.25,100.0
2024-03-01 13:26:00,BNTX,91.72000122070312,91.72000122070312,91.72000122070312,91.72000122070312,91.72000122070312,472.0
2024-03-01 13:26:00,BPMC,97.32499694824219,97.32499694824219,97.36499786376953,97.26499938964844,97.33000183105469,2166.0
2024-03-01 13:26:00,BRKR,88.33000183105469,88.33000183105469,88.33000183105469,88.2925033569336,88.30000305175781,1783.0
2024-03-01 13:26:00,BRTX,1.5118000507354736,1.5118000507354736,1.5118000507354736,1.5118000507354736,1.5118000507354736,129.0
2024-03-01 13:26:00,BSGM,0.6710000038146973,0.6710000038146973,0.6800000071525574,0.6700999736785889,0.6800000071525574,3799.0
2024-03-01 13:26:00,BTMD,5.949999809265137,5.949999809265137,5.949999809265137,5.949999809265137,5.949999809265137,5986.0
2024-03-01 13:26:00,BTTX,0.17762300372123718,0.17762300372123718,0.17800000309944153,0.17599999904632568,0.1761000007390976,68620.0
2024-03-01 13:26:00,BVS,4.75,4.75,4.75,4.75,4.75,710.0
2024-03-01 13:26:00,CABA,24.28499984741211,24.28499984741211,24.28499984741211,24.239999771118164,24.239999771118164,1832.0
2024-03-01 13:26:00,CARA,0.9168000221252441,0.9168000221252441,0.9204999804496765,0.9168000221252441,0.9200000166893005,3987.0
2024-03-01 13:26:00,CBAY,32.2400016784668,32.2400016784668,32.2400016784668,32.2400016784668,32.2400016784668,1700.0
2024-03-01 13:26:00,CCCC,10.989999771118164,10.989999771118164,11.005000114440918,10.984999656677246,10.989999771118164,11093.0
2024-03-01 13:26:00,CDMO,8.119999885559082,8.119999885559082,8.119999885559082,8.119999885559082,8.119999885559082,316.0
2024-03-01 13:26:00,CDNA,12.319999694824219,12.319999694824219,12.319999694824219,12.3100004196167,12.319999694824219,1541.0
2024-03-01 13:26:00,CDXS,4.559999942779541,4.559999942779541,4.559999942779541,4.550000190734863,4.550000190734863,522.0
2024-03-01 13:26:00,CELC,16.2549991607666,16.2549991607666,16.329999923706055,16.2549991607666,16.329999923706055,743.0
2024-03-01 13:26:00,CERE,41.11000061035156,41.11000061035156,41.11000061035156,41.099998474121094,41.099998474121094,1011.0
2024-03-01 13:26:00,CERT,17.899999618530273,17.899999618530273,17.899999618530273,17.860000610351562,17.860000610351562,1417.0
2024-03-01 13:26:00,CGC,3.269200086593628,3.269200086593628,3.269200086593628,3.259999990463257,3.265000104904175,11716.0
2024-03-01 13:26:00,CGEM,18.709999084472656,18.709999084472656,18.780000686645508,18.709999084472656,18.739999771118164,696.0
2024-03-01 13:26:00,CHRS,2.4000000953674316,2.4000000953674316,2.4000000953674316,2.4000000953674316,2.4000000953674316,1131.0
2024-03-01 13:26:00,CING,1.3401000499725342,1.3401000499725342,1.3401000499725342,1.3401000499725342,1.3401000499725342,5003.0
2024-03-01 13:26:00,CLDX,52.400001525878906,52.400001525878906,52.459999084472656,52.290000915527344,52.290000915527344,5557.0
2024-03-01 13:26:00,CLNN,0.39489999413490295,0.39489999413490295,0.39489999413490295,0.39489999413490295,0.39489999413490295,100.0
2024-03-01 13:26:00,CLOV,0.8687999844551086,0.8687999844551086,0.8687999844551086,0.8657000064849854,0.8657000064849854,23229.0
2024-03-01 13:26:00,CLPT,6.684999942779541,6.684999942779541,6.684999942779541,6.684999942779541,6.684999942779541,217.0
2024-03-01 13:26:00,CMPS,11.430000305175781,11.430000305175781,11.430000305175781,11.414999961853027,11.430000305175781,708.0
2024-03-01 13:26:00,COGT,7.199999809265137,7.199999809265137,7.210000038146973,7.199999809265137,7.199999809265137,7159.0
2024-03-01 13:26:00,CORT,24.329999923706055,24.329999923706055,24.329999923706055,24.309999465942383,24.31999969482422,1109.0
2024-03-01 13:26:00,CPIX,2.1600000858306885,2.1600000858306885,2.1600000858306885,2.1600000858306885,2.1600000858306885,865.0
2024-03-01 13:26:00,CPRX,17.260000228881836,17.260000228881836,17.264999389648438,17.25,17.25,3719.0
2024-03-01 13:26:00,CRBP,32.000099182128906,32.000099182128906,32.01639938354492,32.000099182128906,32.01639938354492,970.0
2024-03-01 13:26:00,CRBU,7.960000038146973,7.960000038146973,7.965000152587891,7.929999828338623,7.934999942779541,10389.0
2024-03-01 13:26:00,CRDF,2.430000066757202,2.430000066757202,2.434999942779541,2.421099901199341,2.424999952316284,9885.0
2024-03-01 13:26:00,CRDL,1.8919999599456787,1.8919999599456787,1.899999976158142,1.8919999599456787,1.899999976158142,5134.0
2024-03-01 13:26:00,CRMD,3.7100000381469727,3.7100000381469727,3.7100000381469727,3.7100000381469727,3.7100000381469727,825.0
2024-03-01 13:26:00,CRNX,46.75,46.75,46.779998779296875,46.709999084472656,46.709999084472656,1367.0
2024-03-01 13:26:00,CRON,2.060699939727783,2.060699939727783,2.060699939727783,2.059999942779541,2.059999942779541,2000.0
2024-03-01 13:26:00,CRSP,85.98999786376953,85.98999786376953,85.98999786376953,85.97000122070312,85.97000122070312,589.0
2024-03-01 13:26:00,CTKB,8.854999542236328,8.854999542236328,8.854999542236328,8.795000076293945,8.800000190734863,6815.0
2024-03-01 13:26:00,CTMX,2.630000114440918,2.630000114440918,2.640000104904175,2.630000114440918,2.640000104904175,655.0
2024-03-01 13:26:00,CUE,2.200000047683716,2.200000047683716,2.200000047683716,2.200000047683716,2.200000047683716,1385.0
2024-03-01 13:26:00,CUTR,2.4000000953674316,2.4000000953674316,2.4000000953674316,2.4000000953674316,2.4000000953674316,740.0
2024-03-01 13:26:00,CVAC,3.494999885559082,3.494999885559082,3.494999885559082,3.494999885559082,3.494999885559082,802.0
2024-03-01 13:26:00,CYTK,73.01499938964844,73.01499938964844,73.12000274658203,73.0,73.0250015258789,8298.0
2024-03-01 13:26:00,CYTO,2.3499999046325684,2.3499999046325684,2.359999895095825,2.3499999046325684,2.359999895095825,1261.0
2024-03-01 13:26:00,DAWN,17.43000030517578,17.43000030517578,17.43000030517578,17.399999618530273,17.399999618530273,1399.0
2024-03-01 13:26:00,DCGO,4.170000076293945,4.170000076293945,4.178800106048584,4.170000076293945,4.178800106048584,200.0
2024-03-01 13:26:00,DCPH,17.450000762939453,17.450000762939453,17.459999084472656,17.43000030517578,17.44499969482422,637.0
2024-03-01 13:26:00,DH,8.869999885559082,8.869999885559082,8.890000343322754,8.869999885559082,8.890000343322754,476.0
2024-03-01 13:26:00,DMAC,3.0601000785827637,3.0601000785827637,3.0601000785827637,3.0601000785827637,3.0601000785827637,609.0
2024-03-01 13:26:00,DMTK,0.864100992679596,0.864100992679596,0.864100992679596,0.8640000224113464,0.8640000224113464,300.0
2024-03-01 13:26:00,DNLI,20.760000228881836,20.760000228881836,20.760000228881836,20.75,20.75,2109.0
2024-03-01 13:26:00,DTIL,12.40999984741211,12.40999984741211,12.449999809265137,12.390000343322754,12.390000343322754,12320.0
2024-03-01 13:26:00,DVAX,12.875,12.875,12.880000114440918,12.859999656677246,12.859999656677246,1764.0
2024-03-01 13:26:00,DXCM,122.08000183105469,122.08000183105469,122.08000183105469,121.98999786376953,122.02999877929688,6168.0
2024-03-01 13:26:00,DYN,28.729999542236328,28.729999542236328,28.770000457763672,28.729999542236328,28.770000457763672,864.0
2024-03-01 13:26:00,EDIT,10.869999885559082,10.869999885559082,10.869999885559082,10.859999656677246,10.859999656677246,2827.0
2024-03-01 13:26:00,EFTR,15.489999771118164,15.489999771118164,15.489999771118164,15.489999771118164,15.489999771118164,579.0
2024-03-01 13:26:00,ELEV,5.03000020980835,5.03000020980835,5.03000020980835,5.005000114440918,5.005000114440918,301.0
2024-03-01 13:26:00,EMBC,14.390000343322754,14.390000343322754,14.390000343322754,14.350000381469727,14.350000381469727,1878.0
2024-03-01 13:26:00,ENLV,3.299999952316284,3.299999952316284,3.299999952316284,3.2899999618530273,3.2899999618530273,1271.0
2024-03-01 13:26:00,ENTA,15.430000305175781,15.430000305175781,15.430000305175781,15.430000305175781,15.430000305175781,498.0
2024-03-01 13:26:00,ENVB,1.4950000047683716,1.4950000047683716,1.5,1.4900000095367432,1.5,18151.0
2024-03-01 13:26:00,EOLS,14.920000076293945,14.920000076293945,14.930000305175781,14.899999618530273,14.919899940490723,2198.0
2024-03-01 13:26:00,EQ,2.4800000190734863,2.4800000190734863,2.4800000190734863,2.4800000190734863,2.4800000190734863,1976.0
2024-03-01 13:26:00,ERAS,2.5,2.5,2.5,2.494999885559082,2.494999885559082,734.0
2024-03-01 13:26:00,ESPR,2.5199999809265137,2.5199999809265137,2.5199999809265137,2.5139999389648438,2.5199999809265137,3954.0
2024-03-01 13:26:00,ESTA,45.334999084472656,45.334999084472656,45.42499923706055,45.334999084472656,45.34000015258789,851.0
2024-03-01 13:26:00,ETNB,13.25,13.25,13.277999877929688,13.24899959564209,13.277999877929688,2867.0
2024-03-01 13:26:00,ETON,4.440000057220459,4.440000057220459,4.440000057220459,4.440000057220459,4.440000057220459,388.0
2024-03-01 13:26:00,EWTX,17.010000228881836,17.010000228881836,17.010000228881836,17.010000228881836,17.010000228881836,230.0
2024-03-01 13:26:00,EXAS,60.165000915527344,60.165000915527344,60.16999816894531,60.13999938964844,60.13999938964844,1726.0
2024-03-01 13:26:00,EXEL,22.625,22.625,22.6299991607666,22.625,22.6299991607666,2053.0
2024-03-01 13:26:00,EYEN,2.4300999641418457,2.4300999641418457,2.440000057220459,2.430000066757202,2.430000066757202,2022.0
2024-03-01 13:26:00,EYPT,28.020000457763672,28.020000457763672,28.020000457763672,27.959999084472656,27.959999084472656,1256.0
2024-03-01 13:26:00,FATE,7.75,7.75,7.75,7.724999904632568,7.724999904632568,2614.0
2024-03-01 13:26:00,FBIO,2.3299999237060547,2.3299999237060547,2.3299999237060547,2.3299999237060547,2.3299999237060547,1131.0
2024-03-01 13:26:00,FDMT,29.479999542236328,29.479999542236328,29.479999542236328,29.44499969482422,29.44499969482422,1022.0
2024-03-01 13:26:00,FOLD,13.380000114440918,13.380000114440918,13.380000114440918,13.369999885559082,13.369999885559082,4019.0
2024-03-01 13:26:00,FULC,11.119999885559082,11.119999885559082,11.149999618530273,11.119999885559082,11.140000343322754,9405.0
2024-03-01 13:26:00,FUSN,12.40999984741211,12.40999984741211,12.430000305175781,12.40999984741211,12.430000305175781,1314.0
2024-03-01 13:26:00,GBIO,2.619999885559082,2.619999885559082,2.6384999752044678,2.619999885559082,2.6384999752044678,700.0
2024-03-01 13:26:00,GCTK,0.3122900128364563,0.3122900128364563,0.3122900128364563,0.3100999891757965,0.3100999891757965,448.0
2024-03-01 13:26:00,GDRX,8.295000076293945,8.295000076293945,8.305000305175781,8.29010009765625,8.295000076293945,3623.0
2024-03-01 13:26:00,GERN,2.2399001121520996,2.2399001121520996,2.25,2.2316999435424805,2.240000009536743,121894.0
2024-03-01 13:26:00,GH,19.049999237060547,19.049999237060547,19.049999237060547,19.020000457763672,19.020000457763672,5243.0
2024-03-01 13:26:00,GILD,72.25969696044922,72.25969696044922,72.2750015258789,72.23999786376953,72.25,10450.0
2024-03-01 13:26:00,GLPG,35.125,35.125,35.125,35.125,35.125,364.0
2024-03-01 13:26:00,GLSI,12.665499687194824,12.665499687194824,12.665499687194824,12.665499687194824,12.665499687194824,420.0
2024-03-01 13:26:00,GLYC,3.0399999618530273,3.0399999618530273,3.0399999618530273,3.0399999618530273,3.0399999618530273,641.0
2024-03-01 13:26:00,GMAB,29.420000076293945,29.420000076293945,29.420000076293945,29.395000457763672,29.395000457763672,991.0
2024-03-01 13:26:00,GOSS,1.3904999494552612,1.3904999494552612,1.399999976158142,1.3904999494552612,1.399999976158142,530.0
2024-03-01 13:26:00,GRFS,7.105000019073486,7.105000019073486,7.105000019073486,7.105000019073486,7.105000019073486,812.0
2024-03-01 13:26:00,GRTS,2.200000047683716,2.200000047683716,2.2100000381469727,2.190000057220459,2.2100000381469727,26340.0
2024-03-01 13:26:00,GTHX,3.7799999713897705,3.7799999713897705,3.7811999320983887,3.7750000953674316,3.7811999320983887,2239.0
2024-03-01 13:26:00,HALO,41.5099983215332,41.5099983215332,41.5099983215332,41.5,41.5099983215332,480.0
2024-03-01 13:26:00,HCAT,8.140000343322754,8.140000343322754,8.140000343322754,8.130000114440918,8.130000114440918,593.0
2024-03-01 13:26:00,HCSG,12.635000228881836,12.635000228881836,12.635000228881836,12.630000114440918,12.630000114440918,1370.0
2024-03-01 13:26:00,HLVX,19.135000228881836,19.135000228881836,19.135000228881836,19.1299991607666,19.1299991607666,410.0
2024-03-01 13:26:00,HOLX,74.08999633789062,74.08999633789062,74.13999938964844,74.08999633789062,74.13999938964844,4450.0
2024-03-01 13:26:00,HRMY,31.614999771118164,31.614999771118164,31.6299991607666,31.5049991607666,31.5049991607666,3585.0
2024-03-01 13:26:00,HROW,10.899999618530273,10.899999618530273,10.899999618530273,10.890000343322754,10.890000343322754,863.0
2024-03-01 13:26:00,HRTX,2.5975000858306885,2.5975000858306885,2.5975000858306885,2.5975000858306885,2.5975000858306885,194.0
2024-03-01 13:26:00,HSCS,0.1185000017285347,0.1185000017285347,0.1185000017285347,0.1185000017285347,0.1185000017285347,385.0
2024-03-01 13:26:00,HSIC,76.8499984741211,76.8499984741211,76.8499984741211,76.83999633789062,76.83999633789062,1220.0
2024-03-01 13:26:00,HUMA,3.369999885559082,3.369999885559082,3.375,3.369999885559082,3.375,2145.0
2024-03-01 13:26:00,IART,36.45000076293945,36.45000076293945,36.459999084472656,36.45000076293945,36.45000076293945,3704.0
2024-03-01 13:26:00,IBRX,4.764999866485596,4.764999866485596,4.764999866485596,4.764999866485596,4.764999866485596,1067.0
2024-03-01 13:26:00,ICAD,1.8600000143051147,1.8600000143051147,1.8600000143051147,1.8600000143051147,1.8600000143051147,208.0
2024-03-01 13:26:00,ICCM,1.2999999523162842,1.2999999523162842,1.2999999523162842,1.2949999570846558,1.2999999523162842,2708.0
2024-03-01 13:26:00,ICUI,104.875,104.875,104.9000015258789,104.79000091552734,104.79000091552734,1444.0
2024-03-01 13:26:00,IDXX,580.7100219726562,580.7100219726562,580.7100219726562,580.7100219726562,580.7100219726562,346.0
2024-03-01 13:26:00,IDYA,46.7599983215332,46.7599983215332,46.7599983215332,46.66999816894531,46.66999816894531,1238.0
2024-03-01 13:26:00,IGMS,13.539999961853027,13.539999961853027,13.539999961853027,13.539999961853027,13.539999961853027,387.0
2024-03-01 13:26:00,IINN,1.6749999523162842,1.6749999523162842,1.6749999523162842,1.6749999523162842,1.6749999523162842,958.0
2024-03-01 13:26:00,IKNA,1.5,1.5,1.51010000705719,1.5,1.51010000705719,15485.0
2024-03-01 13:26:00,ILMN,142.35000610351562,142.35000610351562,142.35000610351562,142.24000549316406,142.24000549316406,2869.0
2024-03-01 13:26:00,IMAB,1.8300000429153442,1.8300000429153442,1.8300000429153442,1.8300000429153442,1.8300000429153442,205.0
2024-03-01 13:26:00,IMCR,67.93000030517578,67.93000030517578,67.93000030517578,67.93000030517578,67.93000030517578,183.0
2024-03-01 13:26:00,IMMX,3.559999942779541,3.559999942779541,3.559999942779541,3.559499979019165,3.559499979019165,1771.0
2024-03-01 13:26:00,IMNM,25.459999084472656,25.459999084472656,25.459999084472656,25.459999084472656,25.459999084472656,135.0
2024-03-01 13:26:00,IMTX,12.90999984741211,12.90999984741211,12.9399995803833,12.90999984741211,12.930000305175781,4412.0
2024-03-01 13:26:00,IMUX,1.4700000286102295,1.4700000286102295,1.4788999557495117,1.4700000286102295,1.4788999557495117,395.0
2024-03-01 13:26:00,IMVT,36.025001525878906,36.025001525878906,36.029998779296875,36.0099983215332,36.01499938964844,1533.0
2024-03-01 13:26:00,INBX,36.54999923706055,36.54999923706055,36.54999923706055,36.54999923706055,36.54999923706055,121.0
2024-03-01 13:26:00,INCY,59.43000030517578,59.43000030517578,59.439998626708984,59.42499923706055,59.43000030517578,3108.0
2024-03-01 13:26:00,INGN,6.771999835968018,6.771999835968018,6.771999835968018,6.771999835968018,6.771999835968018,208.0
2024-03-01 13:26:00,INM,0.4040049910545349,0.4040049910545349,0.4040049910545349,0.4040049910545349,0.4040049910545349,3959.0
2024-03-01 13:26:00,INMD,22.8799991607666,22.8799991607666,22.889999389648438,22.8799991607666,22.885000228881836,2616.0
2024-03-01 13:26:00,INO,9.4399995803833,9.4399995803833,9.4399995803833,9.420000076293945,9.420000076293945,474.0
2024-03-01 13:26:00,INSM,28.479999542236328,28.479999542236328,28.479999542236328,28.469999313354492,28.469999313354492,721.0
2024-03-01 13:26:00,INVA,15.6850004196167,15.6850004196167,15.6850004196167,15.6850004196167,15.6850004196167,534.0
2024-03-01 13:26:00,INVO,1.190000057220459,1.190000057220459,1.190000057220459,1.190000057220459,1.190000057220459,100.0
2024-03-01 13:26:00,INZY,6.670000076293945,6.670000076293945,6.670000076293945,6.659999847412109,6.659999847412109,317.0
2024-03-01 13:26:00,IONS,45.939998626708984,45.939998626708984,45.939998626708984,45.88999938964844,45.88999938964844,983.0
2024-03-01 13:26:00,IOVA,17.161399841308594,17.161399841308594,17.170000076293945,17.125,17.1299991607666,13108.0
2024-03-01 13:26:00,IRTC,121.58999633789062,121.58999633789062,121.58999633789062,121.58999633789062,121.58999633789062,526.0
2024-03-01 13:26:00,IRWD,9.055000305175781,9.055000305175781,9.055000305175781,9.055000305175781,9.055000305175781,290.0
2024-03-01 13:26:00,ISRG,396.32000732421875,396.32000732421875,396.32000732421875,396.32000732421875,396.32000732421875,857.0
2024-03-01 13:26:00,ITCI,71.49500274658203,71.49500274658203,71.5199966430664,71.45500183105469,71.45500183105469,1086.0
2024-03-01 13:26:00,ITOS,11.239999771118164,11.239999771118164,11.239999771118164,11.149999618530273,11.149999618530273,20426.0
2024-03-01 13:26:00,ITRM,1.26010000705719,1.26010000705719,1.26010000705719,1.26010000705719,1.26010000705719,195.0
2024-03-01 13:26:00,JAGX,0.07360000163316727,0.07360000163316727,0.07599999755620956,0.07249999791383743,0.07460000365972519,1381496.0
2024-03-01 13:26:00,JAZZ,119.44000244140625,119.44000244140625,119.44000244140625,119.44000244140625,119.44000244140625,471.0
2024-03-01 13:26:00,JYNT,9.960000038146973,9.960000038146973,9.960000038146973,9.960000038146973,9.960000038146973,398.0
2024-03-01 13:26:00,KALV,14.149999618530273,14.149999618530273,14.149999618530273,14.149999618530273,14.149999618530273,290.0
2024-03-01 13:26:00,KNSA,21.729999542236328,21.729999542236328,21.729999542236328,21.729999542236328,21.729999542236328,100.0
2024-03-01 13:26:00,KNTE,2.5999999046325684,2.5999999046325684,2.6050000190734863,2.5999999046325684,2.6050000190734863,913.0
2024-03-01 13:26:00,KPTI,1.1950000524520874,1.1950000524520874,1.1950000524520874,1.1950000524520874,1.1950000524520874,800.0
2024-03-01 13:26:00,KRTX,316.8900146484375,316.8900146484375,316.8900146484375,316.8900146484375,316.8900146484375,719.0
2024-03-01 13:26:00,KRYS,169.2949981689453,169.2949981689453,169.47999572753906,169.0,169.0,2660.0
2024-03-01 13:26:00,KURA,21.454999923706055,21.454999923706055,21.454999923706055,21.454999923706055,21.454999923706055,139.0
2024-03-01 13:26:00,KYMR,44.099998474121094,44.099998474121094,44.11000061035156,44.08000183105469,44.08000183105469,1951.0
2024-03-01 13:26:00,LAB,2.505000114440918,2.505000114440918,2.505000114440918,2.505000114440918,2.505000114440918,1000.0
2024-03-01 13:26:00,LBPH,22.049999237060547,22.049999237060547,22.079999923706055,22.040000915527344,22.040000915527344,1143.0
2024-03-01 13:26:00,LFLY,3.0,3.0,3.0,3.0,3.0,223.0
2024-03-01 13:26:00,LFMD,8.0,8.0,8.0,8.0,8.0,100.0
2024-03-01 13:26:00,LFST,7.78000020980835,7.78000020980835,7.78000020980835,7.78000020980835,7.78000020980835,1237.0
2024-03-01 13:26:00,LGND,77.68000030517578,77.68000030517578,77.68000030517578,77.61000061035156,77.61000061035156,2360.0
2024-03-01 13:26:00,LGVN,0.5339999794960022,0.5339999794960022,0.5339999794960022,0.5339999794960022,0.5339999794960022,1092.0
2024-03-01 13:26:00,LMAT,68.0,68.0,68.12999725341797,68.0,68.12999725341797,840.0
2024-03-01 13:26:00,LNTH,65.2750015258789,65.2750015258789,65.30000305175781,65.25,65.27999877929688,2926.0
2024-03-01 13:26:00,LRMR,11.5,11.5,11.510000228881836,11.5,11.5,1627.0
2024-03-01 13:26:00,LSTA,3.0999999046325684,3.0999999046325684,3.0999999046325684,3.0999999046325684,3.0999999046325684,405.0
2024-03-01 13:26:00,LTRN,4.590000152587891,4.590000152587891,4.590000152587891,4.590000152587891,4.590000152587891,400.0
2024-03-01 13:26:00,LUNG,9.470000267028809,9.470000267028809,9.470000267028809,9.470000267028809,9.470000267028809,421.0
2024-03-01 13:26:00,LXRX,2.5250000953674316,2.5250000953674316,2.5299999713897705,2.5215001106262207,2.5215001106262207,939.0
2024-03-01 13:26:00,LYEL,3.180000066757202,3.180000066757202,3.180000066757202,3.174999952316284,3.174999952316284,2458.0
2024-03-01 13:26:00,LYRA,5.684000015258789,5.684000015258789,5.695000171661377,5.684000015258789,5.695000171661377,403.0
2024-03-01 13:26:00,MASI,128.75999450683594,128.75999450683594,128.77999877929688,128.75999450683594,128.77999877929688,214.0
2024-03-01 13:26:00,MCRB,1.2000000476837158,1.2000000476837158,1.2099000215530396,1.2000000476837158,1.201300024986267,365.0
2024-03-01 13:26:00,MDRX,6.03000020980835,6.03000020980835,6.050000190734863,6.03000020980835,6.050000190734863,3887.0
2024-03-01 13:26:00,MDXG,8.680000305175781,8.680000305175781,8.6899995803833,8.680000305175781,8.680000305175781,5976.0
2024-03-01 13:26:00,ME,0.5684980154037476,0.5684980154037476,0.5684999823570251,0.568149983882904,0.5681999921798706,12140.0
2024-03-01 13:26:00,MEDP,400.8399963378906,400.8399963378906,400.8900146484375,400.8399963378906,400.8900146484375,681.0
2024-03-01 13:26:00,MGNX,19.049999237060547,19.049999237060547,19.049999237060547,19.049999237060547,19.049999237060547,1403.0
2024-03-01 13:26:00,MIRM,29.829999923706055,29.829999923706055,29.850000381469727,29.829999923706055,29.850000381469727,1213.0
2024-03-01 13:26:00,MLTX,51.29999923706055,51.29999923706055,51.29999923706055,51.19499969482422,51.19499969482422,1924.0
2024-03-01 13:26:00,MMSI,76.45999908447266,76.45999908447266,76.45999908447266,76.45999908447266,76.45999908447266,527.0
2024-03-01 13:26:00,MNKD,4.554999828338623,4.554999828338623,4.559999942779541,4.554999828338623,4.554999828338623,3477.0
2024-03-01 13:26:00,MNMD,6.120999813079834,6.120999813079834,6.125,6.119999885559082,6.119999885559082,421.0
2024-03-01 13:26:00,MNOV,1.3799999952316284,1.3799999952316284,1.3799999952316284,1.378000020980835,1.378000020980835,4405.0
2024-03-01 13:26:00,MODD,1.9199999570846558,1.9199999570846558,1.9199999570846558,1.9199999570846558,1.9199999570846558,100.0
2024-03-01 13:26:00,MODV,28.149999618530273,28.149999618530273,28.149999618530273,28.06999969482422,28.06999969482422,3728.0
2024-03-01 13:26:00,MOR,17.56999969482422,17.56999969482422,17.59000015258789,17.56999969482422,17.579999923706055,1493.0
2024-03-01 13:26:00,MREO,4.005000114440918,4.005000114440918,4.005000114440918,3.9911999702453613,3.9911999702453613,6505.0
2024-03-01 13:26:00,MRNA,96.13999938964844,96.13999938964844,96.13999938964844,96.02999877929688,96.11000061035156,5047.0
2024-03-01 13:26:00,MRSN,5.994999885559082,5.994999885559082,6.0,5.989999771118164,5.989999771118164,1521.0
2024-03-01 13:26:00,MRUS,51.36000061035156,51.36000061035156,51.36000061035156,51.36000061035156,51.36000061035156,205.0
2024-03-01 13:26:00,MRVI,7.715000152587891,7.715000152587891,7.71999979019165,7.715000152587891,7.715000152587891,840.0
2024-03-01 13:26:00,MXCT,4.775000095367432,4.775000095367432,4.775000095367432,4.769999980926514,4.769999980926514,644.0
2024-03-01 13:26:00,MYGN,21.950000762939453,21.950000762939453,21.950000762939453,21.829999923706055,21.829999923706055,5327.0
2024-03-01 13:26:00,NARI,44.91999816894531,44.91999816894531,44.935001373291016,44.91999816894531,44.91999816894531,1860.0
2024-03-01 13:26:00,NBIX,132.0,132.0,132.0,131.9600067138672,131.9600067138672,1153.0
2024-03-01 13:26:00,NDRA,1.1699999570846558,1.1699999570846558,1.1699999570846558,1.1686999797821045,1.1686999797821045,708.0
2024-03-01 13:26:00,NEOG,17.354999542236328,17.354999542236328,17.354999542236328,17.34429931640625,17.34429931640625,982.0
2024-03-01 13:26:00,NKTR,0.7858999967575073,0.7858999967575073,0.7870000004768372,0.7858999967575073,0.7870000004768372,3504.0
2024-03-01 13:26:00,NNOX,10.9399995803833,10.9399995803833,10.9399995803833,10.925000190734863,10.925000190734863,704.0
2024-03-01 13:26:00,NPCE,16.729999542236328,16.729999542236328,16.729999542236328,16.729999542236328,16.729999542236328,170.0
2024-03-01 13:26:00,NRIX,13.725000381469727,13.725000381469727,13.725000381469727,13.725000381469727,13.725000381469727,500.0
2024-03-01 13:26:00,NRSN,1.9700000286102295,1.9700000286102295,1.9709999561309814,1.9700000286102295,1.9709999561309814,4100.0
2024-03-01 13:26:00,NRXP,0.4141499996185303,0.4141499996185303,0.4141499996185303,0.4129999876022339,0.4129999876022339,2390.0
2024-03-01 13:26:00,NTLA,33.40999984741211,33.40999984741211,33.40999984741211,33.314998626708984,33.314998626708984,2471.0
2024-03-01 13:26:00,NTRA,89.94499969482422,89.94499969482422,90.01499938964844,89.93000030517578,90.01499938964844,8559.0
2024-03-01 13:26:00,NUTX,0.11344999819993973,0.11344999819993973,0.11344999819993973,0.11299999803304672,0.11299999803304672,435.0
2024-03-01 13:26:00,NUVL,88.63500213623047,88.63500213623047,88.66500091552734,88.62000274658203,88.62000274658203,1211.0
2024-03-01 13:26:00,NVAX,5.239999771118164,5.239999771118164,5.239999771118164,5.230100154876709,5.239999771118164,16169.0
2024-03-01 13:26:00,NVCR,15.960000038146973,15.960000038146973,15.960000038146973,15.949999809265137,15.949999809265137,1141.0
2024-03-01 13:26:00,NVNO,6.25,6.25,6.258500099182129,6.25,6.258500099182129,312.0
2024-03-01 13:26:00,NXTC,1.7649999856948853,1.7649999856948853,1.7649999856948853,1.7599999904632568,1.7599999904632568,300.0
2024-03-01 13:26:00,OCGN,0.968500018119812,0.968500018119812,0.9700000286102295,0.968500018119812,0.968999981880188,4744.0
2024-03-01 13:26:00,OCUL,10.835000038146973,10.835000038146973,10.835000038146973,10.805000305175781,10.805000305175781,4309.0
2024-03-01 13:26:00,OLMA,14.6899995803833,14.6899995803833,14.6899995803833,14.6899995803833,14.6899995803833,223.0
2024-03-01 13:26:00,OM,3.140000104904175,3.140000104904175,3.140000104904175,3.140000104904175,3.140000104904175,832.0
2024-03-01 13:26:00,OMER,4.760000228881836,4.760000228881836,4.760000228881836,4.760000228881836,4.760000228881836,792.0
2024-03-01 13:26:00,OMGA,4.255000114440918,4.255000114440918,4.255000114440918,4.255000114440918,4.255000114440918,263.0
2024-03-01 13:27:00,ABCL,5.235000133514404,5.235000133514404,5.239999771118164,5.231100082397461,5.239999771118164,1101.0
2024-03-01 13:27:00,ABEO,7.795000076293945,7.795000076293945,7.795000076293945,7.78000020980835,7.78000020980835,835.0
2024-03-01 13:27:00,ABSI,5.420000076293945,5.420000076293945,5.420000076293945,5.414999961853027,5.414999961853027,918.0
2024-03-01 13:27:00,ACAD,24.344200134277344,24.344200134277344,24.350000381469727,24.31999969482422,24.31999969482422,2041.0
2024-03-01 13:27:00,ACB,3.234999895095825,3.234999895095825,3.240000009536743,3.2200000286102295,3.2200000286102295,21125.0
2024-03-01 13:27:00,ACCD,10.164999961853027,10.164999961853027,10.164999961853027,10.149999618530273,10.149999618530273,1412.0
2024-03-01 13:27:00,ACET,2.3961000442504883,2.3961000442504883,2.3961000442504883,2.3961000442504883,2.3961000442504883,413.0
2024-03-01 13:27:00,ACHC,84.86000061035156,84.86000061035156,84.86000061035156,84.81999969482422,84.81999969482422,891.0
2024-03-01 13:27:00,ACHL,1.340000033378601,1.340000033378601,1.3450000286102295,1.340000033378601,1.3450000286102295,9060.0
2024-03-01 13:27:00,ACLX,67.08000183105469,67.08000183105469,67.23999786376953,67.08000183105469,67.19000244140625,2311.0
2024-03-01 13:27:00,ACON,0.4049000144004822,0.4049000144004822,0.4049000144004822,0.4049000144004822,0.4049000144004822,975.0
2024-03-01 13:27:00,ACRS,1.2350000143051147,1.2350000143051147,1.2400000095367432,1.2300000190734863,1.2300000190734863,1483.0
2024-03-01 13:27:00,ADIL,3.1600000858306885,3.1600000858306885,3.200000047683716,3.1600000858306885,3.190000057220459,22503.0
2024-03-01 13:27:00,ADMA,5.534999847412109,5.534999847412109,5.534999847412109,5.53000020980835,5.53000020980835,10255.0
2024-03-01 13:27:00,ADPT,4.170000076293945,4.170000076293945,4.170000076293945,4.170000076293945,4.170000076293945,726.0
2024-03-01 13:27:00,ADUS,93.87999725341797,93.87999725341797,93.87999725341797,93.87999725341797,93.87999725341797,500.0
2024-03-01 13:27:00,AFMD,0.6399999856948853,0.6399999856948853,0.6399999856948853,0.6399999856948853,0.6399999856948853,100.0
2024-03-01 13:27:00,AGEN,0.680400013923645,0.680400013923645,0.680400013923645,0.6777999997138977,0.6777999997138977,7574.0
2024-03-01 13:27:00,AGIO,32.95000076293945,32.95000076293945,32.95000076293945,32.90999984741211,32.90999984741211,2259.0
2024-03-01 13:27:00,AHCO,10.5649995803833,10.5649995803833,10.5649995803833,10.5600004196167,10.5649995803833,2538.0
2024-03-01 13:27:00,AIH,0.4992009997367859,0.4992009997367859,0.4992009997367859,0.4992009997367859,0.4992009997367859,1000.0
2024-03-01 13:27:00,AKAN,0.21870000660419464,0.21870000660419464,0.21870000660419464,0.21860000491142273,0.21870000660419464,500.0
2024-03-01 13:27:00,AKBA,1.690000057220459,1.690000057220459,1.6950000524520874,1.690000057220459,1.690000057220459,1838.0
2024-03-01 13:27:00,AKRO,30.270000457763672,30.270000457763672,30.270000457763672,30.049999237060547,30.149999618530273,5552.0
2024-03-01 13:27:00,ALDX,4.309999942779541,4.309999942779541,4.309999942779541,4.309999942779541,4.309999942779541,308.0
2024-03-01 13:27:00,ALEC,7.315000057220459,7.315000057220459,7.315000057220459,7.304999828338623,7.307499885559082,1930.0
2024-03-01 13:27:00,ALGS,1.1019999980926514,1.1019999980926514,1.1019999980926514,1.1019999980926514,1.1019999980926514,300.0
2024-03-01 13:27:00,ALHC,5.695000171661377,5.695000171661377,5.699999809265137,5.679999828338623,5.679999828338623,10074.0
2024-03-01 13:27:00,ALKS,30.25,30.25,30.25,30.25,30.25,100.0
2024-03-01 13:27:00,ALLK,1.6200000047683716,1.6200000047683716,1.6299999952316284,1.6200000047683716,1.625,2474.0
2024-03-01 13:27:00,ALLO,5.039999961853027,5.039999961853027,5.054999828338623,5.010000228881836,5.050000190734863,31718.0
2024-03-01 13:27:00,ALNY,153.77000427246094,153.77000427246094,154.1999969482422,153.69000244140625,154.17999267578125,3788.0
2024-03-01 13:27:00,ALPN,36.08000183105469,36.08000183105469,36.08000183105469,36.02000045776367,36.04999923706055,1768.0
2024-03-01 13:27:00,ALT,12.109999656677246,12.109999656677246,12.109999656677246,12.055000305175781,12.055000305175781,19894.0
2024-03-01 13:27:00,AMED,93.31999969482422,93.31999969482422,93.31999969482422,93.31999969482422,93.31999969482422,237.0
2024-03-01 13:27:00,AMGN,280.6499938964844,280.6499938964844,280.6499938964844,280.4200134277344,280.4200134277344,2880.0
2024-03-01 13:27:00,AMLX,18.719999313354492,18.719999313354492,18.75,18.719999313354492,18.75,925.0
2024-03-01 13:27:00,AMPH,45.4900016784668,45.4900016784668,45.64500045776367,45.47999954223633,45.64500045776367,3829.0
2024-03-01 13:27:00,AMRN,1.0499999523162842,1.0499999523162842,1.0549999475479126,1.0499999523162842,1.0549999475479126,7439.0
2024-03-01 13:27:00,ANGO,5.506199836730957,5.506199836730957,5.506199836730957,5.506199836730957,5.506199836730957,1181.0
2024-03-01 13:27:00,ANIP,66.0999984741211,66.0999984741211,66.0999984741211,66.07499694824219,66.07499694824219,200.0
2024-03-01 13:27:00,ANNX,6.099999904632568,6.099999904632568,6.099999904632568,6.079999923706055,6.079999923706055,345.0
2024-03-01 13:27:00,APLS,64.84500122070312,64.84500122070312,64.8499984741211,64.81999969482422,64.81999969482422,2555.0
2024-03-01 13:27:00,AQST,4.258500099182129,4.258500099182129,4.264999866485596,4.25,4.264999866485596,5564.0
2024-03-01 13:27:00,ARCT,39.97999954223633,39.97999954223633,39.97999954223633,39.900001525878906,39.900001525878906,1043.0
2024-03-01 13:27:00,ARDX,9.494999885559082,9.494999885559082,9.505000114440918,9.494999885559082,9.5,5815.0
2024-03-01 13:27:00,ARQT,11.760000228881836,11.760000228881836,11.760000228881836,11.739399909973145,11.739399909973145,11069.0
2024-03-01 13:27:00,ARVN,48.91999816894531,48.91999816894531,48.91999816894531,48.90999984741211,48.90999984741211,834.0
2024-03-01 13:27:00,ARWR,35.59000015258789,35.59000015258789,35.59000015258789,35.529998779296875,35.540000915527344,1806.0
2024-03-01 13:27:00,ASLN,0.7459099888801575,0.7459099888801575,0.7459999918937683,0.7459099888801575,0.7459999918937683,535.0
2024-03-01 13:27:00,ASRT,0.9248499870300293,0.9248499870300293,0.9248499870300293,0.9248499870300293,0.9248499870300293,104.0
2024-03-01 13:27:00,ATAI,2.174999952316284,2.174999952316284,2.180000066757202,2.174999952316284,2.1798999309539795,1726.0
2024-03-01 13:27:00,ATEC,13.5,13.5,13.5,13.494999885559082,13.5,1327.0
2024-03-01 13:27:00,ATRA,0.7997999787330627,0.7997999787330627,0.7997999787330627,0.7900999784469604,0.7900999784469604,2050.0
2024-03-01 13:27:00,AUGX,4.550000190734863,4.550000190734863,4.550000190734863,4.550000190734863,4.550000190734863,100.0
2024-03-01 13:27:00,AUPH,5.849999904632568,5.849999904632568,5.849999904632568,5.849999904632568,5.849999904632568,265.0
2024-03-01 13:27:00,AUTL,6.390100002288818,6.390100002288818,6.400000095367432,6.390100002288818,6.394999980926514,900.0
2024-03-01 13:27:00,AVDL,13.220000267028809,13.220000267028809,13.225299835205078,13.199999809265137,13.220000267028809,2592.0
2024-03-01 13:27:00,AVGR,3.8650999069213867,3.8650999069213867,3.8650999069213867,3.8650999069213867,3.8650999069213867,887.0
2024-03-01 13:27:00,AVRO,1.3550000190734863,1.3550000190734863,1.3550000190734863,1.3550000190734863,1.3550000190734863,800.0
2024-03-01 13:27:00,AXNX,67.80000305175781,67.80000305175781,67.80000305175781,67.80000305175781,67.80000305175781,903.0
2024-03-01 13:27:00,AXSM,81.91110229492188,81.91110229492188,81.91110229492188,81.91110229492188,81.91110229492188,744.0
2024-03-01 13:27:00,AZN,64.69999694824219,64.69999694824219,64.69999694824219,64.68499755859375,64.69000244140625,3560.0
2024-03-01 13:27:00,AZTA,67.11000061035156,67.11000061035156,67.11000061035156,67.11000061035156,67.11000061035156,448.0
2024-03-01 13:27:00,BBIO,36.08000183105469,36.08000183105469,36.099998474121094,36.08000183105469,36.099998474121094,1071.0
2024-03-01 13:27:00,BCLI,0.3481000065803528,0.3481000065803528,0.35010001063346863,0.3481000065803528,0.3499999940395355,12497.0
2024-03-01 13:27:00,BCRX,5.699999809265137,5.699999809265137,5.710000038146973,5.699999809265137,5.710000038146973,2695.0
2024-03-01 13:27:00,BDSX,1.5950000286102295,1.5950000286102295,1.5950000286102295,1.5950000286102295,1.5950000286102295,102.0
2024-03-01 13:27:00,BDTX,5.03000020980835,5.03000020980835,5.03000020980835,5.03000020980835,5.03000020980835,461.0
2024-03-01 13:27:00,BEAM,40.369998931884766,40.369998931884766,40.38999938964844,40.25,40.25,2489.0
2024-03-01 13:27:00,BIIB,221.14999389648438,221.14999389648438,221.14999389648438,221.14999389648438,221.14999389648438,884.0
2024-03-01 13:27:00,BIOL,0.1416500061750412,0.1416500061750412,0.1416500061750412,0.1416500061750412,0.1416500061750412,2035.0
2024-03-01 13:27:00,BIVI,1.9800000190734863,1.9800000190734863,1.9900000095367432,1.9600000381469727,1.9699000120162964,29149.0
2024-03-01 13:27:00,BLFS,18.239999771118164,18.239999771118164,18.239999771118164,18.239999771118164,18.239999771118164,612.0
2024-03-01 13:27:00,BLUE,1.5950000286102295,1.5950000286102295,1.600000023841858,1.5950000286102295,1.5950000286102295,13191.0
2024-03-01 13:27:00,BMEA,18.170000076293945,18.170000076293945,18.170000076293945,18.13050079345703,18.139999389648438,1989.0
2024-03-01 13:27:00,BMRN,87.79499816894531,87.79499816894531,87.79499816894531,87.79499816894531,87.79499816894531,641.0
2024-03-01 13:27:00,BNGO,1.2598999738693237,1.2598999738693237,1.2598999738693237,1.2598999738693237,1.2598999738693237,285.0
2024-03-01 13:27:00,BNR,0.8394500017166138,0.8394500017166138,0.8394500017166138,0.8394500017166138,0.8394500017166138,100.0
2024-03-01 13:27:00,BNTX,91.70999908447266,91.70999908447266,91.70999908447266,91.70999908447266,91.70999908447266,346.0
2024-03-01 13:27:00,BPMC,97.32499694824219,97.32499694824219,97.32499694824219,97.32499694824219,97.32499694824219,119.0
2024-03-01 13:27:00,BRKR,88.29000091552734,88.29000091552734,88.29000091552734,88.29000091552734,88.29000091552734,255.0
2024-03-01 13:27:00,BTMD,5.949999809265137,5.949999809265137,5.949999809265137,5.949999809265137,5.949999809265137,150.0
2024-03-01 13:27:00,BTTX,0.1770000010728836,0.1770000010728836,0.17759999632835388,0.17624999582767487,0.17759999632835388,6695.0
2024-03-01 13:27:00,BWAY,6.539999961853027,6.539999961853027,6.539999961853027,6.539999961853027,6.539999961853027,181.0
2024-03-01 13:27:00,CABA,24.295000076293945,24.295000076293945,24.34000015258789,24.280000686645508,24.299999237060547,1323.0
2024-03-01 13:27:00,CADL,1.7100000381469727,1.7100000381469727,1.7100000381469727,1.7100000381469727,1.7100000381469727,100.0
2024-03-01 13:27:00,CARA,0.9168000221252441,0.9168000221252441,0.9168000221252441,0.9168000221252441,0.9168000221252441,560.0
2024-03-01 13:27:00,CBAY,32.2400016784668,32.2400016784668,32.2400016784668,32.2400016784668,32.2400016784668,1417.0
2024-03-01 13:27:00,CDMO,8.119999885559082,8.119999885559082,8.119999885559082,8.119999885559082,8.119999885559082,250.0
2024-03-01 13:27:00,CDNA,12.350000381469727,12.350000381469727,12.350000381469727,12.3100004196167,12.317500114440918,2064.0
2024-03-01 13:27:00,CDXS,4.559999942779541,4.559999942779541,4.559999942779541,4.550000190734863,4.55049991607666,1184.0
2024-03-01 13:27:00,CERE,41.099998474121094,41.099998474121094,41.10499954223633,41.099998474121094,41.099998474121094,404.0
2024-03-01 13:27:00,CERT,17.924999237060547,17.924999237060547,17.940000534057617,17.920000076293945,17.920000076293945,946.0
2024-03-01 13:27:00,CGC,3.259999990463257,3.259999990463257,3.2690999507904053,3.259999990463257,3.2690999507904053,4682.0
2024-03-01 13:27:00,CGEM,18.700000762939453,18.700000762939453,18.70400047302246,18.700000762939453,18.700000762939453,915.0
2024-03-01 13:27:00,CHRS,2.4000000953674316,2.4000000953674316,2.4049999713897705,2.4000000953674316,2.4049999713897705,1041.0
2024-03-01 13:27:00,CKPT,2.2300000190734863,2.2300000190734863,2.2300000190734863,2.2300000190734863,2.2300000190734863,640.0
2024-03-01 13:27:00,CLDX,52.380001068115234,52.380001068115234,52.40999984741211,52.25,52.404998779296875,5476.0
2024-03-01 13:27:00,CLOV,0.8682500123977661,0.8682500123977661,0.8687999844551086,0.8682500123977661,0.8684489727020264,2302.0
2024-03-01 13:27:00,CLRB,4.150100231170654,4.150100231170654,4.150100231170654,4.150100231170654,4.150100231170654,2600.0
2024-03-01 13:27:00,CMPS,11.40999984741211,11.40999984741211,11.40999984741211,11.40999984741211,11.40999984741211,184.0
2024-03-01 13:27:00,CMPX,1.8700000047683716,1.8700000047683716,1.8700000047683716,1.8700000047683716,1.8700000047683716,725.0
2024-03-01 13:27:00,CNTG,0.6840000152587891,0.6840000152587891,0.6840000152587891,0.6840000152587891,0.6840000152587891,301.0
2024-03-01 13:27:00,CODX,1.159999966621399,1.159999966621399,1.159999966621399,1.159999966621399,1.159999966621399,1233.0
2024-03-01 13:27:00,COGT,7.204999923706055,7.204999923706055,7.210000038146973,7.199999809265137,7.199999809265137,2104.0
2024-03-01 13:27:00,COLL,36.970001220703125,36.970001220703125,36.970001220703125,36.95000076293945,36.95000076293945,947.0
2024-03-01 13:27:00,CORT,24.34000015258789,24.34000015258789,24.34000015258789,24.329999923706055,24.329999923706055,946.0
2024-03-01 13:27:00,COSM,0.7555999755859375,0.7555999755859375,0.7555999755859375,0.7555999755859375,0.7555999755859375,259.0
2024-03-01 13:27:00,CPRX,17.270000457763672,17.270000457763672,17.270000457763672,17.270000457763672,17.270000457763672,109.0
2024-03-01 13:27:00,CRBU,7.96999979019165,7.96999979019165,7.96999979019165,7.965000152587891,7.965000152587891,2278.0
2024-03-01 13:27:00,CRDF,2.450000047683716,2.450000047683716,2.450000047683716,2.430000066757202,2.4321000576019287,12249.0
2024-03-01 13:27:00,CRDL,1.9075000286102295,1.9075000286102295,1.909999966621399,1.9075000286102295,1.909999966621399,1900.0
2024-03-01 13:27:00,CRNX,46.880001068115234,46.880001068115234,46.88999938964844,46.77000045776367,46.77000045776367,1324.0
2024-03-01 13:27:00,CRON,2.059999942779541,2.059999942779541,2.069999933242798,2.059999942779541,2.069999933242798,9008.0
2024-03-01 13:27:00,CRSP,86.07499694824219,86.07499694824219,86.11000061035156,86.04499816894531,86.11000061035156,1552.0
2024-03-01 13:27:00,CSBR,5.650000095367432,5.650000095367432,5.650000095367432,5.650000095367432,5.650000095367432,0.0
2024-03-01 13:27:00,CTKB,8.84000015258789,8.84000015258789,8.854999542236328,8.84000015258789,8.854999542236328,4102.0
2024-03-01 13:27:00,CTMX,2.630000114440918,2.630000114440918,2.6500000953674316,2.630000114440918,2.634999990463257,3028.0
2024-03-01 13:27:00,CUTR,2.4100000858306885,2.4100000858306885,2.4100000858306885,2.4000000953674316,2.4000000953674316,1204.0
2024-03-01 13:27:00,CVAC,3.494999885559082,3.494999885559082,3.494999885559082,3.494999885559082,3.494999885559082,222.0
2024-03-01 13:27:00,CYCC,2.6298999786376953,2.6298999786376953,2.6298999786376953,2.6298999786376953,2.6298999786376953,100.0
2024-03-01 13:27:00,CYTK,72.9749984741211,72.9749984741211,73.0199966430664,72.94999694824219,73.01000213623047,5586.0
2024-03-01 13:27:00,CYTO,2.2799999713897705,2.2799999713897705,2.309999942779541,2.2799999713897705,2.309999942779541,2881.0
2024-03-01 13:27:00,DAWN,17.459999084472656,17.459999084472656,17.459999084472656,17.43000030517578,17.43000030517578,1767.0
2024-03-01 13:27:00,DCGO,4.170000076293945,4.170000076293945,4.170000076293945,4.170000076293945,4.170000076293945,247.0
2024-03-01 13:27:00,DH,8.890000343322754,8.890000343322754,8.899999618530273,8.890000343322754,8.899999618530273,261.0
2024-03-01 13:27:00,DMTK,0.8501009941101074,0.8501009941101074,0.871999979019165,0.8501009941101074,0.871999979019165,2044.0
2024-03-01 13:27:00,DNLI,20.770000457763672,20.770000457763672,20.770000457763672,20.760000228881836,20.760000228881836,764.0
2024-03-01 13:27:00,DSGN,2.9000000953674316,2.9000000953674316,2.9000000953674316,2.9000000953674316,2.9000000953674316,2003.0
2024-03-01 13:27:00,DTIL,12.4350004196167,12.4350004196167,12.449999809265137,12.40060043334961,12.410099983215332,13028.0
2024-03-01 13:27:00,DVAX,12.880000114440918,12.880000114440918,12.880000114440918,12.875,12.875,1064.0
2024-03-01 13:27:00,DXCM,122.01499938964844,122.01499938964844,122.08000183105469,122.01000213623047,122.08000183105469,2439.0
2024-03-01 13:27:00,DYN,28.770000457763672,28.770000457763672,28.770000457763672,28.770000457763672,28.770000457763672,310.0
2024-03-01 13:27:00,ELEV,5.025000095367432,5.025000095367432,5.03000020980835,5.010000228881836,5.03000020980835,1412.0
2024-03-01 13:27:00,ENSG,122.77989959716797,122.77989959716797,122.77989959716797,122.77989959716797,122.77989959716797,361.0
2024-03-01 13:27:00,ENVB,1.4983999729156494,1.4983999729156494,1.5,1.4909000396728516,1.4909000396728516,830.0
2024-03-01 13:27:00,EOLS,14.920000076293945,14.920000076293945,14.920000076293945,14.90999984741211,14.920000076293945,1888.0
2024-03-01 13:27:00,ESPR,2.5250000953674316,2.5250000953674316,2.5250000953674316,2.5199999809265137,2.5199999809265137,6323.0
2024-03-01 13:27:00,ETNB,13.220000267028809,13.220000267028809,13.270000457763672,13.220000267028809,13.25,6511.0
2024-03-01 13:27:00,EWTX,17.010000228881836,17.010000228881836,17.020000457763672,17.010000228881836,17.020000457763672,2614.0
2024-03-01 13:27:00,EXAI,6.769999980926514,6.769999980926514,6.769999980926514,6.769999980926514,6.769999980926514,237.0
2024-03-01 13:27:00,EXAS,60.13999938964844,60.13999938964844,60.15999984741211,60.13999938964844,60.15999984741211,506.0
2024-03-01 13:27:00,EXEL,22.625,22.625,22.625,22.625,22.625,993.0
2024-03-01 13:27:00,EYEN,2.450000047683716,2.450000047683716,2.450000047683716,2.4372000694274902,2.4372000694274902,2374.0
2024-03-01 13:27:00,EYPT,27.979999542236328,27.979999542236328,27.979999542236328,27.979999542236328,27.979999542236328,2559.0
2024-03-01 13:27:00,FATE,7.744999885559082,7.744999885559082,7.749899864196777,7.739999771118164,7.739999771118164,1365.0
2024-03-01 13:27:00,FDMT,29.475000381469727,29.475000381469727,29.475000381469727,29.475000381469727,29.475000381469727,100.0
2024-03-01 13:27:00,FEMY,1.7300000190734863,1.7300000190734863,1.7300000190734863,1.7300000190734863,1.7300000190734863,113.0
2024-03-01 13:27:00,FGEN,1.8700000047683716,1.8700000047683716,1.8701000213623047,1.8600000143051147,1.8600000143051147,9911.0
2024-03-01 13:27:00,FHTX,8.0,8.0,8.029999732971191,8.0,8.0,785.0
2024-03-01 13:27:00,FOLD,13.390000343322754,13.390000343322754,13.390000343322754,13.385000228881836,13.385000228881836,2222.0
2024-03-01 13:27:00,FULC,11.124899864196777,11.124899864196777,11.140000343322754,11.119999885559082,11.140000343322754,2175.0
2024-03-01 13:27:00,FUSN,12.390000343322754,12.390000343322754,12.399999618530273,12.390000343322754,12.399999618530273,415.0
2024-03-01 13:27:00,GALT,1.9500000476837158,1.9500000476837158,1.9500000476837158,1.9500000476837158,1.9500000476837158,100.0
2024-03-01 13:27:00,GANX,4.639999866485596,4.639999866485596,4.670000076293945,4.639999866485596,4.670000076293945,1511.0
2024-03-01 13:27:00,GDRX,8.300000190734863,8.300000190734863,8.305000305175781,8.289999961853027,8.305000305175781,3066.0
2024-03-01 13:27:00,GEG,1.9800000190734863,1.9800000190734863,1.9800000190734863,1.9800000190734863,1.9800000190734863,201.0
2024-03-01 13:27:00,GERN,2.2307000160217285,2.2307000160217285,2.240000009536743,2.2300000190734863,2.240000009536743,6369.0
2024-03-01 13:27:00,GH,19.09000015258789,19.09000015258789,19.09000015258789,19.059999465942383,19.059999465942383,1187.0
2024-03-01 13:27:00,GILD,72.30500030517578,72.30500030517578,72.30500030517578,72.24500274658203,72.25399780273438,17038.0
2024-03-01 13:27:00,GLSI,12.545000076293945,12.545000076293945,12.680000305175781,12.520000457763672,12.520000457763672,445.0
2024-03-01 13:27:00,GMAB,29.40999984741211,29.40999984741211,29.40999984741211,29.40999984741211,29.40999984741211,430.0
2024-03-01 13:27:00,GOSS,1.3975000381469727,1.3975000381469727,1.399999976158142,1.3975000381469727,1.399999976158142,1083.0
2024-03-01 13:27:00,GRFS,7.105000019073486,7.105000019073486,7.105000019073486,7.105000019073486,7.105000019073486,331.0
2024-03-01 13:27:00,GRPH,3.484999895095825,3.484999895095825,3.484999895095825,3.484999895095825,3.484999895095825,100.0
2024-03-01 13:27:00,GRTS,2.200000047683716,2.200000047683716,2.2049999237060547,2.190000057220459,2.194999933242798,42881.0
2024-03-01 13:27:00,GTHX,3.7899999618530273,3.7899999618530273,3.7899999618530273,3.7799999713897705,3.7799999713897705,1052.0
2024-03-01 13:27:00,HALO,41.5,41.5,41.5,41.47010040283203,41.47010040283203,1971.0
2024-03-01 13:27:00,HCAT,8.140000343322754,8.140000343322754,8.140000343322754,8.130000114440918,8.130000114440918,413.0
2024-03-01 13:27:00,HCTI,2.4000000953674316,2.4000000953674316,2.4100000858306885,2.4000000953674316,2.4049999713897705,5706.0
2024-03-01 13:27:00,HLVX,19.135000228881836,19.135000228881836,19.135000228881836,19.135000228881836,19.135000228881836,108.0
2024-03-01 13:27:00,HOLX,74.02999877929688,74.02999877929688,74.08000183105469,74.0,74.08000183105469,11992.0
2024-03-01 13:27:00,HOWL,7.0,7.0,7.0,6.96999979019165,6.96999979019165,1066.0
2024-03-01 13:27:00,HQY,81.69000244140625,81.69000244140625,81.7020034790039,81.62000274658203,81.69000244140625,1929.0
2024-03-01 13:27:00,HRTX,2.5975000858306885,2.5975000858306885,2.5999999046325684,2.5950000286102295,2.5999999046325684,1553.0
2024-03-01 13:27:00,HSIC,76.91000366210938,76.91000366210938,76.91000366210938,76.87999725341797,76.87999725341797,778.0
2024-03-01 13:27:00,HUGE,0.9200000166893005,0.9200000166893005,0.9200000166893005,0.9125000238418579,0.9125000238418579,649.0
2024-03-01 13:27:00,HUMA,3.371000051498413,3.371000051498413,3.371000051498413,3.371000051498413,3.371000051498413,687.0
2024-03-01 13:27:00,IART,36.41999816894531,36.41999816894531,36.439998626708984,36.41999816894531,36.439998626708984,2117.0
2024-03-01 13:27:00,IBRX,4.760000228881836,4.760000228881836,4.769999980926514,4.760000228881836,4.768700122833252,6496.0
2024-03-01 13:27:00,ICLR,322.8299865722656,322.8299865722656,322.92999267578125,322.8299865722656,322.92999267578125,410.0
2024-03-01 13:27:00,IDYA,46.810001373291016,46.810001373291016,46.810001373291016,46.79999923706055,46.79999923706055,300.0
2024-03-01 13:27:00,IFRX,1.8250000476837158,1.8250000476837158,1.840000033378601,1.8250000476837158,1.840000033378601,411.0
2024-03-01 13:27:00,IINN,1.679900050163269,1.679900050163269,1.679900050163269,1.679900050163269,1.679900050163269,1003.0
2024-03-01 13:27:00,ILMN,142.3300018310547,142.3300018310547,142.3300018310547,142.3300018310547,142.3300018310547,268.0
2024-03-01 13:27:00,IMCR,67.98500061035156,67.98500061035156,67.98500061035156,67.98500061035156,67.98500061035156,290.0
2024-03-01 13:27:00,IMMX,3.559999942779541,3.559999942779541,3.559999942779541,3.559999942779541,3.559999942779541,100.0
2024-03-01 13:27:00,IMNM,25.454999923706055,25.454999923706055,25.549999237060547,25.454999923706055,25.549999237060547,226.0
2024-03-01 13:27:00,IMNN,1.0099999904632568,1.0099999904632568,1.0800000429153442,1.0099999904632568,1.0800000429153442,13591.0
2024-03-01 13:27:00,IMVT,36.060001373291016,36.060001373291016,36.06999969482422,36.025001525878906,36.025001525878906,4417.0
2024-03-01 13:27:00,INGN,6.769999980926514,6.769999980926514,6.78000020980835,6.769999980926514,6.769999980926514,3411.0
2024-03-01 13:27:00,INMB,12.40999984741211,12.40999984741211,12.40999984741211,12.40999984741211,12.40999984741211,571.0
2024-03-01 13:27:00,INMD,22.875,22.875,22.8799991607666,22.875,22.8799991607666,1049.0
2024-03-01 13:27:00,INO,9.432000160217285,9.432000160217285,9.432000160217285,9.432000160217285,9.432000160217285,170.0
2024-03-01 13:27:00,INSM,28.489999771118164,28.489999771118164,28.489999771118164,28.485000610351562,28.489999771118164,1145.0
2024-03-01 13:27:00,INVA,15.6899995803833,15.6899995803833,15.699999809265137,15.6850004196167,15.6850004196167,7429.0
2024-03-01 13:27:00,IONS,45.970001220703125,45.970001220703125,45.970001220703125,45.95000076293945,45.95000076293945,304.0
2024-03-01 13:27:00,IOVA,17.155000686645508,17.155000686645508,17.170000076293945,17.149999618530273,17.170000076293945,10943.0
2024-03-01 13:27:00,IRMD,41.970001220703125,41.970001220703125,41.970001220703125,41.970001220703125,41.970001220703125,107.0
2024-03-01 13:27:00,IRWD,9.057499885559082,9.057499885559082,9.057499885559082,9.050000190734863,9.055000305175781,4539.0
2024-03-01 13:27:00,ISRG,396.4599914550781,396.4599914550781,396.510009765625,396.243408203125,396.5098876953125,1935.0
2024-03-01 13:27:00,ITCI,71.54000091552734,71.54000091552734,71.58000183105469,71.52999877929688,71.52999877929688,926.0
2024-03-01 13:27:00,IVVD,4.0,4.0,4.019999980926514,4.0,4.010000228881836,1594.0
2024-03-01 13:27:00,JAGX,0.07360000163316727,0.07360000163316727,0.07450000196695328,0.0731000006198883,0.07360000163316727,215154.0
2024-03-01 13:27:00,JANX,46.7599983215332,46.7599983215332,46.7599983215332,46.755001068115234,46.755001068115234,1294.0
2024-03-01 13:27:00,JAZZ,119.5199966430664,119.5199966430664,119.5199966430664,119.5199966430664,119.5199966430664,565.0
2024-03-01 13:27:00,JSPR,20.850000381469727,20.850000381469727,20.850000381469727,20.850000381469727,20.850000381469727,100.0
2024-03-01 13:27:00,KALV,14.210000038146973,14.210000038146973,14.210000038146973,14.180000305175781,14.180000305175781,2648.0
2024-03-01 13:27:00,KIDS,27.520000457763672,27.520000457763672,27.520000457763672,27.510000228881836,27.510000228881836,412.0
2024-03-01 13:27:00,KNSA,21.735000610351562,21.735000610351562,21.735000610351562,21.735000610351562,21.735000610351562,231.0
2024-03-01 13:27:00,KOD,6.099999904632568,6.099999904632568,6.099999904632568,6.099999904632568,6.099999904632568,834.0
2024-03-01 13:27:00,KPTI,1.1950000524520874,1.1950000524520874,1.2000000476837158,1.1950000524520874,1.1950000524520874,2291.0
2024-03-01 13:27:00,KRYS,169.47999572753906,169.47999572753906,169.47999572753906,169.3125,169.3125,1108.0
2024-03-01 13:27:00,KURA,21.559999465942383,21.559999465942383,21.559999465942383,21.479999542236328,21.479999542236328,1809.0
2024-03-01 13:27:00,KYMR,44.10499954223633,44.10499954223633,44.13999938964844,44.099998474121094,44.099998474121094,1959.0
2024-03-01 13:27:00,KZR,1.0800000429153442,1.0800000429153442,1.0800000429153442,1.0800000429153442,1.0800000429153442,320.0
2024-03-01 13:27:00,LAB,2.490000009536743,2.490000009536743,2.505000114440918,2.490000009536743,2.5002999305725098,12356.0
2024-03-01 13:27:00,LEGN,66.06999969482422,66.06999969482422,66.06999969482422,66.0199966430664,66.04000091552734,1955.0
2024-03-01 13:27:00,LEXX,2.819999933242798,2.819999933242798,2.819999933242798,2.8173000812530518,2.8173000812530518,1901.0
2024-03-01 13:27:00,LFMD,8.0,8.0,8.0,7.989999771118164,7.989999771118164,1503.0
2024-03-01 13:27:00,LFST,7.769999980926514,7.769999980926514,7.78000020980835,7.769999980926514,7.78000020980835,1433.0
2024-03-01 13:27:00,LMAT,67.97000122070312,67.97000122070312,67.97000122070312,67.97000122070312,67.97000122070312,193.0
2024-03-01 13:27:00,LNTH,65.27999877929688,65.27999877929688,65.27999877929688,65.27999877929688,65.27999877929688,529.0
2024-03-01 13:27:00,LPTX,2.875,2.875,2.875,2.875,2.875,30571.0
2024-03-01 13:27:00,LQDA,14.680000305175781,14.680000305175781,14.680000305175781,14.680000305175781,14.680000305175781,450.0
2024-03-01 13:27:00,LRMR,11.470000267028809,11.470000267028809,11.5,11.470000267028809,11.5,410.0
2024-03-01 13:27:00,LTRN,4.559999942779541,4.559999942779541,4.590000152587891,4.550000190734863,4.570000171661377,14793.0
2024-03-01 13:27:00,LUCD,1.2400000095367432,1.2400000095367432,1.2400000095367432,1.2400000095367432,1.2400000095367432,100.0
2024-03-01 13:27:00,LUNG,9.479999542236328,9.479999542236328,9.479999542236328,9.479299545288086,9.479299545288086,933.0
2024-03-01 13:27:00,LVTX,2.9000000953674316,2.9000000953674316,2.9600000381469727,2.9000000953674316,2.930000066757202,3308.0
2024-03-01 13:27:00,LXRX,2.5350000858306885,2.5350000858306885,2.5350000858306885,2.5199999809265137,2.5299999713897705,46891.0
2024-03-01 13:27:00,LYRA,5.690000057220459,5.690000057220459,5.690000057220459,5.690000057220459,5.690000057220459,210.0
2024-03-01 13:27:00,MASI,128.83999633789062,128.83999633789062,128.83999633789062,128.83999633789062,128.83999633789062,166.0
2024-03-01 13:27:00,MDRX,6.019999980926514,6.019999980926514,6.019999980926514,6.019999980926514,6.019999980926514,315.0
2024-03-01 13:27:00,MDXG,8.6850004196167,8.6850004196167,8.6850004196167,8.680000305175781,8.680000305175781,3976.0
2024-03-01 13:27:00,ME,0.5695000290870667,0.5695000290870667,0.5695000290870667,0.5691999793052673,0.5695000290870667,1867.0
2024-03-01 13:27:00,MEIP,4.259900093078613,4.259900093078613,4.259900093078613,4.259900093078613,4.259900093078613,100.0
2024-03-01 13:27:00,MGNX,19.059999465942383,19.059999465942383,19.059999465942383,19.059999465942383,19.059999465942383,100.0
2024-03-01 13:27:00,MHUA,0.6998999714851379,0.6998999714851379,0.6998999714851379,0.6998999714851379,0.6998999714851379,226.0
2024-03-01 13:27:00,MIRM,29.885000228881836,29.885000228881836,29.885000228881836,29.8799991607666,29.8799991607666,701.0
2024-03-01 13:27:00,MIST,1.7549999952316284,1.7549999952316284,1.7599999904632568,1.7549999952316284,1.7599999904632568,5100.0
2024-03-01 13:27:00,MLTX,51.470001220703125,51.470001220703125,51.470001220703125,51.34000015258789,51.34000015258789,847.0
2024-03-01 13:27:00,MNKD,4.559999942779541,4.559999942779541,4.559999942779541,4.554999828338623,4.554999828338623,2055.0
2024-03-01 13:27:00,MNMD,6.119999885559082,6.119999885559082,6.127099990844727,6.119999885559082,6.125,2415.0
2024-03-01 13:27:00,MODD,1.9199999570846558,1.9199999570846558,1.9199999570846558,1.9199999570846558,1.9199999570846558,200.0
2024-03-01 13:27:00,MORF,39.48500061035156,39.48500061035156,39.52000045776367,39.43000030517578,39.43000030517578,1378.0
2024-03-01 13:27:00,MOTS,0.6732000112533569,0.6732000112533569,0.6732000112533569,0.6625000238418579,0.6625000238418579,500.0
2024-03-01 13:27:00,MREO,4.005000114440918,4.005000114440918,4.010000228881836,4.005000114440918,4.005000114440918,2344.0
2024-03-01 13:27:00,MRNA,96.13999938964844,96.13999938964844,96.19000244140625,96.125,96.1500015258789,2369.0
2024-03-01 13:27:00,MRNS,10.489999771118164,10.489999771118164,10.489999771118164,10.470000267028809,10.470000267028809,1120.0
2024-03-01 13:27:00,MRSN,5.994999885559082,5.994999885559082,5.994999885559082,5.989999771118164,5.994999885559082,650.0
2024-03-01 13:27:00,MRUS,51.43000030517578,51.43000030517578,51.47999954223633,51.43000030517578,51.47999954223633,646.0
2024-03-01 13:27:00,MRVI,7.730000019073486,7.730000019073486,7.730000019073486,7.71999979019165,7.71999979019165,5186.0
2024-03-01 13:27:00,MXCT,4.764999866485596,4.764999866485596,4.775000095367432,4.760000228881836,4.775000095367432,4071.0
2024-03-01 13:27:00,MYGN,21.91010093688965,21.91010093688965,21.985000610351562,21.91010093688965,21.950000762939453,699.0
2024-03-01 13:27:00,NARI,44.939998626708984,44.939998626708984,44.959999084472656,44.92499923706055,44.92499923706055,2538.0
2024-03-01 13:27:00,NAUT,2.640000104904175,2.640000104904175,2.640000104904175,2.5999999046325684,2.5999999046325684,202.0
2024-03-01 13:27:00,NBIX,132.2100067138672,132.2100067138672,132.26499938964844,132.02999877929688,132.08999633789062,99085.0
2024-03-01 13:27:00,NEOG,17.3700008392334,17.3700008392334,17.3700008392334,17.360000610351562,17.360000610351562,1421.0
2024-03-01 13:27:00,NGM,1.5299999713897705,1.5299999713897705,1.5299999713897705,1.5299999713897705,1.5299999713897705,514.0
2024-03-01 13:27:00,NKTX,12.800000190734863,12.800000190734863,12.819999694824219,12.73490047454834,12.73490047454834,15495.0
2024-03-01 13:27:00,NNOX,10.960000038146973,10.960000038146973,10.960000038146973,10.960000038146973,10.960000038146973,761.0
2024-03-01 13:27:00,NOTV,8.149999618530273,8.149999618530273,8.149999618530273,8.149999618530273,8.149999618530273,101.0
2024-03-01 13:27:00,NRBO,5.949999809265137,5.949999809265137,5.949999809265137,5.949999809265137,5.949999809265137,550.0
2024-03-01 13:27:00,NRIX,13.75,13.75,13.75,13.725000381469727,13.729399681091309,2281.0
2024-03-01 13:27:00,NTLA,33.43000030517578,33.43000030517578,33.43000030517578,33.400001525878906,33.40999984741211,1200.0
2024-03-01 13:27:00,NTRA,89.94499969482422,89.94499969482422,89.94999694824219,89.91000366210938,89.94499969482422,2595.0
2024-03-01 13:27:00,NVAX,5.235000133514404,5.235000133514404,5.239999771118164,5.235000133514404,5.235000133514404,11047.0
2024-03-01 13:27:00,NVCR,15.960000038146973,15.960000038146973,15.960000038146973,15.960000038146973,15.960000038146973,164.0
2024-03-01 13:27:00,NVOS,0.6201000213623047,0.6201000213623047,0.6201000213623047,0.6201000213623047,0.6201000213623047,1100.0
2024-03-01 13:27:00,NXTC,1.7599999904632568,1.7599999904632568,1.7649999856948853,1.7599999904632568,1.7649999856948853,2103.0
2024-03-01 13:27:00,OCGN,0.9700000286102295,0.9700000286102295,0.9700000286102295,0.9692500233650208,0.9692500233650208,2809.0
2024-03-01 13:27:00,OCUL,10.84000015258789,10.84000015258789,10.84000015258789,10.829999923706055,10.835000038146973,717.0
2024-03-01 13:27:00,OFIX,12.930000305175781,12.930000305175781,12.9399995803833,12.930000305175781,12.9399995803833,419.0
2024-03-01 13:27:00,OGI,2.194999933242798,2.194999933242798,2.194999933242798,2.194999933242798,2.194999933242798,333.0
2024-03-01 13:27:00,OLK,22.799999237060547,22.799999237060547,22.799999237060547,22.799999237060547,22.799999237060547,306.0
2024-03-01 13:27:00,OLMA,14.709400177001953,14.709400177001953,14.709400177001953,14.704999923706055,14.704999923706055,432.0
2024-03-01 13:27:00,OMCL,26.3799991607666,26.3799991607666,26.3799991607666,26.360000610351562,26.360000610351562,1853.0
2024-03-01 13:27:00,OMER,4.78000020980835,4.78000020980835,4.78000020980835,4.78000020980835,4.78000020980835,267.0
2024-03-01 13:27:00,OMIC,0.6086999773979187,0.6086999773979187,0.6086999773979187,0.6086999773979187,0.6086999773979187,100.0
2024-03-01 13:28:00,AADI,1.9950000047683716,1.9950000047683716,1.9950000047683716,1.9950000047683716,1.9950000047683716,231.0
2024-03-01 13:28:00,ABCL,5.235000133514404,5.235000133514404,5.239999771118164,5.235000133514404,5.239999771118164,847.0
2024-03-01 13:28:00,ABEO,7.78000020980835,7.78000020980835,7.78000020980835,7.78000020980835,7.78000020980835,121.0
2024-03-01 13:28:00,ABOS,4.679999828338623,4.679999828338623,4.679999828338623,4.675000190734863,4.679999828338623,450.0
2024-03-01 13:28:00,ABSI,5.414999961853027,5.414999961853027,5.420000076293945,5.409999847412109,5.4166998863220215,7893.0
2024-03-01 13:28:00,ABVC,1.190000057220459,1.190000057220459,1.190000057220459,1.190000057220459,1.190000057220459,374.0
2024-03-01 13:28:00,ACAD,24.3700008392334,24.3700008392334,24.3700008392334,24.329999923706055,24.34000015258789,5928.0
2024-03-01 13:28:00,ACB,3.234999895095825,3.234999895095825,3.234999895095825,3.2300000190734863,3.2300000190734863,10790.0
2024-03-01 13:28:00,ACET,2.4000000953674316,2.4000000953674316,2.4000000953674316,2.390000104904175,2.4000000953674316,557.0
2024-03-01 13:28:00,ACHL,1.330399990081787,1.330399990081787,1.330399990081787,1.330399990081787,1.330399990081787,400.0
2024-03-01 13:28:00,ACLX,67.19999694824219,67.19999694824219,67.19999694824219,67.19999694824219,67.19999694824219,252.0
2024-03-01 13:28:00,ACRS,1.2350000143051147,1.2350000143051147,1.2400000095367432,1.2300000190734863,1.2300000190734863,1855.0
2024-03-01 13:28:00,ADAP,1.6098999977111816,1.6098999977111816,1.6098999977111816,1.6098999977111816,1.6098999977111816,2300.0
2024-03-01 13:28:00,ADIL,3.2100000381469727,3.2100000381469727,3.2200000286102295,3.1600000858306885,3.1600000858306885,40746.0
2024-03-01 13:28:00,ADMA,5.539999961853027,5.539999961853027,5.539999961853027,5.539999961853027,5.539999961853027,257.0
2024-03-01 13:28:00,ADVM,1.940000057220459,1.940000057220459,1.9450000524520874,1.940000057220459,1.9450000524520874,319.0
2024-03-01 13:28:00,AFMD,0.630299985408783,0.630299985408783,0.630299985408783,0.630299985408783,0.630299985408783,999.0
2024-03-01 13:28:00,AGEN,0.6825000047683716,0.6825000047683716,0.6825000047683716,0.6819999814033508,0.6819999814033508,17573.0
2024-03-01 13:28:00,AGIO,32.92499923706055,32.92499923706055,32.959999084472656,32.92499923706055,32.959999084472656,1043.0
2024-03-01 13:28:00,AHCO,10.5649995803833,10.5649995803833,10.5649995803833,10.5649995803833,10.5649995803833,101.0
2024-03-01 13:28:00,AIRS,6.400000095367432,6.400000095367432,6.409999847412109,6.400000095367432,6.409999847412109,201.0
2024-03-01 13:28:00,AKAN,0.21870000660419464,0.21870000660419464,0.21870000660419464,0.21870000660419464,0.21870000660419464,135.0
2024-03-01 13:28:00,AKBA,1.6950000524520874,1.6950000524520874,1.6974999904632568,1.6950000524520874,1.6974999904632568,823.0
2024-03-01 13:28:00,AKRO,30.209999084472656,30.209999084472656,30.233999252319336,30.209999084472656,30.233999252319336,814.0
2024-03-01 13:28:00,ALDX,4.319799900054932,4.319799900054932,4.329999923706055,4.309999942779541,4.309999942779541,7531.0
2024-03-01 13:28:00,ALEC,7.309999942779541,7.309999942779541,7.315000057220459,7.300000190734863,7.315000057220459,4323.0
2024-03-01 13:28:00,ALGN,304.625,304.625,304.625,304.5299987792969,304.5299987792969,1184.0
2024-03-01 13:28:00,ALGS,1.1198999881744385,1.1198999881744385,1.1198999881744385,1.1019999980926514,1.1019999980926514,2392.0
2024-03-01 13:28:00,ALHC,5.695000171661377,5.695000171661377,5.695000171661377,5.695000171661377,5.695000171661377,626.0
2024-03-01 13:28:00,ALKS,30.229999542236328,30.229999542236328,30.25,30.229999542236328,30.25,1307.0
2024-03-01 13:28:00,ALLK,1.625,1.625,1.625,1.625,1.625,536.0
2024-03-01 13:28:00,ALLO,5.040500164031982,5.040500164031982,5.045000076293945,5.040500164031982,5.045000076293945,551.0
2024-03-01 13:28:00,ALNY,153.60000610351562,153.60000610351562,153.71499633789062,153.60000610351562,153.7100067138672,1187.0
2024-03-01 13:28:00,ALPN,36.0,36.0,36.150001525878906,36.0,36.130001068115234,1970.0
2024-03-01 13:28:00,ALT,12.125,12.125,12.129899978637695,12.100000381469727,12.114999771118164,5810.0
2024-03-01 13:28:00,ALVR,0.7552000284194946,0.7552000284194946,0.7552000284194946,0.7552000284194946,0.7552000284194946,1343.0
2024-03-01 13:28:00,ALXO,15.100000381469727,15.100000381469727,15.100000381469727,15.100000381469727,15.100000381469727,100.0
2024-03-01 13:28:00,AMGN,280.739990234375,280.739990234375,280.7900085449219,280.69000244140625,280.69000244140625,4557.0
2024-03-01 13:28:00,AMLX,18.690000534057617,18.690000534057617,18.719999313354492,18.690000534057617,18.719999313354492,801.0
2024-03-01 13:28:00,AMPH,45.53499984741211,45.53499984741211,45.53499984741211,45.53499984741211,45.53499984741211,200.0
2024-03-01 13:28:00,AMRN,1.0499999523162842,1.0499999523162842,1.0499999523162842,1.0499999523162842,1.0499999523162842,278.0
2024-03-01 13:28:00,ANAB,25.459999084472656,25.459999084472656,25.5,25.459999084472656,25.5,488.0
2024-03-01 13:28:00,ANIP,66.07499694824219,66.07499694824219,66.07499694824219,66.07499694824219,66.07499694824219,378.0
2024-03-01 13:28:00,ANNX,6.110000133514404,6.110000133514404,6.110000133514404,6.090000152587891,6.090000152587891,5832.0
2024-03-01 13:28:00,ANTX,3.0,3.0,3.0,3.0,3.0,124.0
2024-03-01 13:28:00,APLS,64.9000015258789,64.9000015258789,64.9000015258789,64.86000061035156,64.87999725341797,2540.0
2024-03-01 13:28:00,APLT,7.150000095367432,7.150000095367432,7.150000095367432,7.150000095367432,7.150000095367432,240.0
2024-03-01 13:28:00,APTO,1.8315999507904053,1.8315999507904053,1.8315999507904053,1.8315999507904053,1.8315999507904053,609.0
2024-03-01 13:28:00,AQST,4.255000114440918,4.255000114440918,4.255000114440918,4.255000114440918,4.255000114440918,1028.0
2024-03-01 13:28:00,ARCT,39.94499969482422,39.94499969482422,39.94499969482422,39.94499969482422,39.94499969482422,284.0
2024-03-01 13:28:00,ARDX,9.494999885559082,9.494999885559082,9.5,9.489999771118164,9.5,2798.0
2024-03-01 13:28:00,ARQT,11.75,11.75,11.759900093078613,11.75,11.755000114440918,7242.0
2024-03-01 13:28:00,ARVN,48.93000030517578,48.93000030517578,48.93000030517578,48.880001068115234,48.88999938964844,1897.0
2024-03-01 13:28:00,ARWR,35.67499923706055,35.67499923706055,35.720001220703125,35.67499923706055,35.68000030517578,1753.0
2024-03-01 13:28:00,ASLN,0.7459999918937683,0.7459999918937683,0.7459999918937683,0.7459999918937683,0.7459999918937683,457.0
2024-03-01 13:28:00,ASND,152.0500030517578,152.0500030517578,152.49000549316406,151.97000122070312,152.49000549316406,3161.0
2024-03-01 13:28:00,ATAI,2.1700000762939453,2.1700000762939453,2.180000066757202,2.1700000762939453,2.17930006980896,2992.0
2024-03-01 13:28:00,ATEC,13.5,13.5,13.5,13.494999885559082,13.5,1033.0
2024-03-01 13:28:00,ATOS,1.0049999952316284,1.0049999952316284,1.0049999952316284,1.0049999952316284,1.0049999952316284,153.0
2024-03-01 13:28:00,ATRA,0.7950000166893005,0.7950000166893005,0.7950000166893005,0.7901999950408936,0.7901999950408936,821.0
2024-03-01 13:28:00,AUGX,4.550000190734863,4.550000190734863,4.550000190734863,4.550000190734863,4.550000190734863,117.0
2024-03-01 13:28:00,AUPH,5.849999904632568,5.849999904632568,5.855000019073486,5.849999904632568,5.855000019073486,713.0
2024-03-01 13:28:00,AUTL,6.389999866485596,6.389999866485596,6.389999866485596,6.389999866485596,6.389999866485596,740.0
2024-03-01 13:28:00,AVDL,13.229999542236328,13.229999542236328,13.229999542236328,13.229999542236328,13.229999542236328,859.0
2024-03-01 13:28:00,AVRO,1.3550000190734863,1.3550000190734863,1.3550000190734863,1.3550000190734863,1.3550000190734863,400.0
2024-03-01 13:28:00,AVXL,5.309999942779541,5.309999942779541,5.315000057220459,5.309999942779541,5.315000057220459,1622.0
2024-03-01 13:28:00,AXNX,67.93499755859375,67.93499755859375,67.93499755859375,67.80000305175781,67.80000305175781,1678.0
2024-03-01 13:28:00,AXSM,81.95999908447266,81.95999908447266,81.95999908447266,81.95500183105469,81.95500183105469,408.0
2024-03-01 13:28:00,AZN,64.69999694824219,64.69999694824219,64.70500183105469,64.69000244140625,64.69999694824219,6334.0
2024-03-01 13:28:00,AZTA,67.06999969482422,67.06999969482422,67.08999633789062,67.06999969482422,67.08999633789062,2284.0
2024-03-01 13:28:00,BBLG,2.4549999237060547,2.4549999237060547,2.4549999237060547,2.4549999237060547,2.4549999237060547,100.0
2024-03-01 13:28:00,BCLI,0.3449999988079071,0.3449999988079071,0.3449999988079071,0.3449999988079071,0.3449999988079071,100.0
2024-03-01 13:28:00,BCRX,5.718900203704834,5.718900203704834,5.71999979019165,5.699999809265137,5.699999809265137,11031.0
2024-03-01 13:28:00,BCYC,26.190000534057617,26.190000534057617,26.200000762939453,26.18000030517578,26.190000534057617,853.0
2024-03-01 13:28:00,BDTX,5.025000095367432,5.025000095367432,5.025000095367432,5.025000095367432,5.025000095367432,100.0
2024-03-01 13:28:00,BEAM,40.41999816894531,40.41999816894531,40.41999816894531,40.3754997253418,40.38990020751953,2753.0
2024-03-01 13:28:00,BEAT,1.5443999767303467,1.5443999767303467,1.5443999767303467,1.5443999767303467,1.5443999767303467,101.0
2024-03-01 13:28:00,BIIB,221.1199951171875,221.1199951171875,221.1750030517578,221.0500030517578,221.1750030517578,2365.0
2024-03-01 13:28:00,BIVI,1.9700000286102295,1.9700000286102295,1.9900000095367432,1.9600000381469727,1.9711999893188477,26441.0
2024-03-01 13:28:00,BLFS,18.18000030517578,18.18000030517578,18.18000030517578,18.18000030517578,18.18000030517578,690.0
2024-03-01 13:28:00,BLUE,1.5957000255584717,1.5957000255584717,1.600000023841858,1.590000033378601,1.5963000059127808,57457.0
2024-03-01 13:28:00,BMEA,18.145000457763672,18.145000457763672,18.170000076293945,18.145000457763672,18.170000076293945,685.0
2024-03-01 13:28:00,BMRA,1.2200000286102295,1.2200000286102295,1.2200000286102295,1.2200000286102295,1.2200000286102295,346.0
2024-03-01 13:28:00,BMRN,87.75,87.75,87.86000061035156,87.73100280761719,87.81999969482422,14593.0
2024-03-01 13:28:00,BNGO,1.25,1.25,1.25,1.25,1.25,356.0
2024-03-01 13:28:00,BNR,0.8393999934196472,0.8393999934196472,0.8393999934196472,0.8393999934196472,0.8393999934196472,100.0
2024-03-01 13:28:00,BPMC,97.32499694824219,97.32499694824219,97.32499694824219,97.32499694824219,97.32499694824219,465.0
2024-03-01 13:28:00,BRKR,88.25,88.25,88.29000091552734,88.25,88.29000091552734,1728.0
2024-03-01 13:28:00,BTAI,3.1898999214172363,3.1898999214172363,3.1898999214172363,3.1898999214172363,3.1898999214172363,651.0
2024-03-01 13:28:00,BTMD,5.949999809265137,5.949999809265137,5.95989990234375,5.949999809265137,5.949999809265137,903.0
2024-03-01 13:28:00,BTTX,0.17669999599456787,0.17669999599456787,0.1770000010728836,0.17660999298095703,0.1770000010728836,11800.0
2024-03-01 13:28:00,BVS,4.755000114440918,4.755000114440918,4.755000114440918,4.755000114440918,4.755000114440918,264.0
2024-03-01 13:28:00,CABA,24.290000915527344,24.290000915527344,24.31999969482422,24.290000915527344,24.31999969482422,339.0
2024-03-01 13:28:00,CAPR,4.540500164031982,4.540500164031982,4.540500164031982,4.540500164031982,4.540500164031982,115.0
2024-03-01 13:28:00,CARA,0.9168000221252441,0.9168000221252441,0.9168000221252441,0.9151999950408936,0.9151999950408936,9539.0
2024-03-01 13:28:00,CBAY,32.2400016784668,32.2400016784668,32.2400016784668,32.23500061035156,32.2400016784668,1086.0
2024-03-01 13:28:00,CCCC,11.0,11.0,11.005000114440918,10.994000434875488,10.994000434875488,4839.0
2024-03-01 13:28:00,CCRN,18.200000762939453,18.200000762939453,18.200000762939453,18.200000762939453,18.200000762939453,467.0
2024-03-01 13:28:00,CDMO,8.119999885559082,8.119999885559082,8.119999885559082,8.119999885559082,8.119999885559082,213.0
2024-03-01 13:28:00,CDNA,12.375,12.375,12.375,12.359000205993652,12.359000205993652,1427.0
2024-03-01 13:28:00,CDTX,0.7245000004768372,0.7245000004768372,0.7245000004768372,0.7245000004768372,0.7245000004768372,400.0
2024-03-01 13:28:00,CDXS,4.550000190734863,4.550000190734863,4.559999942779541,4.550000190734863,4.550000190734863,654.0
2024-03-01 13:28:00,CELC,16.2549991607666,16.2549991607666,16.2549991607666,16.2549991607666,16.2549991607666,485.0
2024-03-01 13:28:00,CERE,41.10499954223633,41.10499954223633,41.11000061035156,41.099998474121094,41.099998474121094,707.0
2024-03-01 13:28:00,CERS,2.2149999141693115,2.2149999141693115,2.2149999141693115,2.2100000381469727,2.2100000381469727,1901.0
2024-03-01 13:28:00,CERT,17.924999237060547,17.924999237060547,17.924999237060547,17.924999237060547,17.924999237060547,130.0
2024-03-01 13:28:00,CGEM,18.774999618530273,18.774999618530273,18.774999618530273,18.774999618530273,18.774999618530273,262.0
2024-03-01 13:28:00,CGEN,2.690000057220459,2.690000057220459,2.690000057220459,2.690000057220459,2.690000057220459,187.0
2024-03-01 13:28:00,CHRS,2.4000000953674316,2.4000000953674316,2.4100000858306885,2.4000000953674316,2.4049999713897705,3291.0
2024-03-01 13:28:00,CKPT,2.2300000190734863,2.2300000190734863,2.2300000190734863,2.2300000190734863,2.2300000190734863,1407.0
2024-03-01 13:28:00,CLDX,52.625,52.625,52.625,52.439998626708984,52.439998626708984,5361.0
2024-03-01 13:28:00,CLOV,0.8687999844551086,0.8687999844551086,0.8687999844551086,0.8683009743690491,0.868399977684021,5484.0
2024-03-01 13:28:00,CLRB,4.150000095367432,4.150000095367432,4.150000095367432,4.150000095367432,4.150000095367432,100.0
2024-03-01 13:28:00,CMPS,11.399999618530273,11.399999618530273,11.420000076293945,11.399999618530273,11.420000076293945,1007.0
2024-03-01 13:28:00,CNTA,10.880000114440918,10.880000114440918,10.930000305175781,10.880000114440918,10.930000305175781,50514.0
2024-03-01 13:28:00,COGT,7.204999923706055,7.204999923706055,7.210000038146973,7.204999923706055,7.210000038146973,1288.0
2024-03-01 13:28:00,COLL,36.93000030517578,36.93000030517578,36.97999954223633,36.93000030517578,36.970001220703125,2273.0
2024-03-01 13:28:00,CORT,24.350000381469727,24.350000381469727,24.350000381469727,24.34000015258789,24.34000015258789,2347.0
2024-03-01 13:28:00,CPRX,17.264999389648438,17.264999389648438,17.270000457763672,17.264999389648438,17.270000457763672,613.0
2024-03-01 13:28:00,CPSI,9.460000038146973,9.460000038146973,9.460000038146973,9.460000038146973,9.460000038146973,100.0
2024-03-01 13:28:00,CRBU,7.960000038146973,7.960000038146973,7.96999979019165,7.960000038146973,7.96999979019165,8315.0
2024-03-01 13:28:00,CRDF,2.450000047683716,2.450000047683716,2.4600000381469727,2.450000047683716,2.4593000411987305,12371.0
2024-03-01 13:28:00,CRDL,1.909999966621399,1.909999966621399,1.909999966621399,1.909999966621399,1.909999966621399,809.0
2024-03-01 13:28:00,CRIS,10.074999809265137,10.074999809265137,10.270000457763672,10.074999809265137,10.270000457763672,1900.0
2024-03-01 13:28:00,CRMD,3.7100000381469727,3.7100000381469727,3.7100000381469727,3.7100000381469727,3.7100000381469727,135.0
2024-03-01 13:28:00,CRNX,46.81999969482422,46.81999969482422,46.81999969482422,46.810001373291016,46.810001373291016,290.0
2024-03-01 13:28:00,CRON,2.059999942779541,2.059999942779541,2.065000057220459,2.059999942779541,2.065000057220459,1127.0
2024-03-01 13:28:00,CTKB,8.84000015258789,8.84000015258789,8.845000267028809,8.84000015258789,8.845000267028809,1010.0
2024-03-01 13:28:00,CTMX,2.6600000858306885,2.6600000858306885,2.6600000858306885,2.630000114440918,2.630000114440918,7082.0
2024-03-01 13:28:00,CUTR,2.4100000858306885,2.4100000858306885,2.4100000858306885,2.4100000858306885,2.4100000858306885,123.0
2024-03-01 13:28:00,CYCC,2.7399001121520996,2.7399001121520996,2.7399001121520996,2.619999885559082,2.619999885559082,5732.0
2024-03-01 13:28:00,CYTK,72.94000244140625,72.94000244140625,72.98999786376953,72.94000244140625,72.98999786376953,1190.0
2024-03-01 13:28:00,CYTO,2.2699999809265137,2.2699999809265137,2.2899999618530273,2.25,2.2899999618530273,1519.0
2024-03-01 13:28:00,DAWN,17.450000762939453,17.450000762939453,17.459999084472656,17.450000762939453,17.459999084472656,1060.0
2024-03-01 13:28:00,DCGO,4.178899765014648,4.178899765014648,4.178899765014648,4.170000076293945,4.175000190734863,717.0
2024-03-01 13:28:00,DCPH,17.5,17.5,17.5,17.45050048828125,17.459999084472656,6085.0
2024-03-01 13:28:00,DH,8.880000114440918,8.880000114440918,8.899999618530273,8.880000114440918,8.890000343322754,1344.0
2024-03-01 13:28:00,DMTK,0.8598999977111816,0.8598999977111816,0.864100992679596,0.8500000238418579,0.8550000190734863,4407.0
2024-03-01 13:28:00,DNLI,20.780000686645508,20.780000686645508,20.780000686645508,20.770000457763672,20.770000457763672,413.0
2024-03-01 13:28:00,DTIL,12.4399995803833,12.4399995803833,12.4399995803833,12.4399995803833,12.4399995803833,100.0
2024-03-01 13:28:00,DVAX,12.875,12.875,12.875,12.875,12.875,566.0
2024-03-01 13:28:00,DXCM,121.87999725341797,121.87999725341797,122.0199966430664,121.86000061035156,122.0199966430664,7721.0
2024-03-01 13:28:00,DYN,28.719999313354492,28.719999313354492,28.780000686645508,28.71500015258789,28.719999313354492,5068.0
2024-03-01 13:28:00,EDIT,10.880000114440918,10.880000114440918,10.885000228881836,10.880000114440918,10.885000228881836,1500.0
2024-03-01 13:28:00,ELEV,5.054999828338623,5.054999828338623,5.059999942779541,5.025000095367432,5.025000095367432,944.0
2024-03-01 13:28:00,EMBC,14.345000267028809,14.345000267028809,14.390000343322754,14.345000267028809,14.370100021362305,1973.0
2024-03-01 13:28:00,ENTA,15.460000038146973,15.460000038146973,15.460000038146973,15.449999809265137,15.449999809265137,584.0
2024-03-01 13:28:00,ENVB,1.5,1.5,1.5,1.4900000095367432,1.4988000392913818,12117.0
2024-03-01 13:28:00,ERAS,2.490000009536743,2.490000009536743,2.494999885559082,2.490000009536743,2.494999885559082,902.0
2024-03-01 13:28:00,ESPR,2.5250000953674316,2.5250000953674316,2.5250000953674316,2.5250000953674316,2.5250000953674316,140.0
2024-03-01 13:28:00,ETNB,13.220000267028809,13.220000267028809,13.220000267028809,13.220000267028809,13.220000267028809,384.0
2024-03-01 13:28:00,EXAS,60.040000915527344,60.040000915527344,60.16999816894531,60.040000915527344,60.154998779296875,6726.0
2024-03-01 13:28:00,EXEL,22.594999313354492,22.594999313354492,22.625,22.594999313354492,22.625,8802.0
2024-03-01 13:28:00,EYEN,2.450000047683716,2.450000047683716,2.450000047683716,2.450000047683716,2.450000047683716,1389.0
2024-03-01 13:28:00,EYPT,27.979999542236328,27.979999542236328,28.014999389648438,27.979999542236328,28.014999389648438,1666.0
2024-03-01 13:28:00,FATE,7.735000133514404,7.735000133514404,7.744999885559082,7.735000133514404,7.744999885559082,1154.0
2024-03-01 13:28:00,FBIO,2.3450000286102295,2.3450000286102295,2.3450000286102295,2.3299999237060547,2.3299999237060547,5385.0
2024-03-01 13:28:00,FDMT,29.5,29.5,29.5,29.5,29.5,228.0
2024-03-01 13:28:00,FEMY,1.7201000452041626,1.7201000452041626,1.7201000452041626,1.7201000452041626,1.7201000452041626,100.0
2024-03-01 13:28:00,FGEN,1.8700000047683716,1.8700000047683716,1.8700000047683716,1.8694000244140625,1.8700000047683716,3228.0
2024-03-01 13:28:00,FOLD,13.380000114440918,13.380000114440918,13.390000343322754,13.380000114440918,13.390000343322754,2800.0
2024-03-01 13:28:00,FULC,11.140000343322754,11.140000343322754,11.140000343322754,11.135000228881836,11.135000228881836,1305.0
2024-03-01 13:28:00,FUSN,12.390000343322754,12.390000343322754,12.390000343322754,12.390000343322754,12.390000343322754,358.0
2024-03-01 13:28:00,GANX,4.650000095367432,4.650000095367432,4.650000095367432,4.650000095367432,4.650000095367432,667.0
2024-03-01 13:28:00,GDRX,8.319999694824219,8.319999694824219,8.319999694824219,8.300000190734863,8.300000190734863,6220.0
2024-03-01 13:28:00,GERN,2.240000009536743,2.240000009536743,2.240000009536743,2.2339999675750732,2.240000009536743,11430.0
2024-03-01 13:28:00,GH,19.079999923706055,19.079999923706055,19.09000015258789,19.06999969482422,19.084999084472656,2899.0
2024-03-01 13:28:00,GILD,72.27999877929688,72.27999877929688,72.30500030517578,72.27999877929688,72.30500030517578,4711.0
2024-03-01 13:28:00,GMAB,29.389999389648438,29.389999389648438,29.395000457763672,29.389999389648438,29.395000457763672,485.0
2024-03-01 13:28:00,GNPX,4.547699928283691,4.547699928283691,4.547699928283691,4.547699928283691,4.547699928283691,516.0
2024-03-01 13:28:00,GOSS,1.4049999713897705,1.4049999713897705,1.4049999713897705,1.399999976158142,1.399999976158142,2387.0
2024-03-01 13:28:00,GRFS,7.105000019073486,7.105000019073486,7.110000133514404,7.105000019073486,7.105000019073486,660.0
2024-03-01 13:28:00,GRTS,2.190000057220459,2.190000057220459,2.200000047683716,2.190000057220459,2.194999933242798,2904.0
2024-03-01 13:28:00,GTHX,3.7899999618530273,3.7899999618530273,3.7899999618530273,3.7799999713897705,3.7799999713897705,260.0
2024-03-01 13:28:00,HALO,41.459999084472656,41.459999084472656,41.49620056152344,41.459999084472656,41.49620056152344,1582.0
2024-03-01 13:28:00,HCAT,8.140000343322754,8.140000343322754,8.145000457763672,8.135000228881836,8.145000457763672,1944.0
2024-03-01 13:28:00,HCM,15.300000190734863,15.300000190734863,15.300000190734863,15.300000190734863,15.300000190734863,105.0
2024-03-01 13:28:00,HCTI,2.4000000953674316,2.4000000953674316,2.4000000953674316,2.4000000953674316,2.4000000953674316,2431.0
2024-03-01 13:28:00,HOLX,73.98999786376953,73.98999786376953,74.02999877929688,73.98999786376953,74.02999877929688,2109.0
2024-03-01 13:28:00,HOWL,7.059999942779541,7.059999942779541,7.059999942779541,7.059999942779541,7.059999942779541,211.0
2024-03-01 13:28:00,HRMY,31.600000381469727,31.600000381469727,31.600000381469727,31.600000381469727,31.600000381469727,354.0
2024-03-01 13:28:00,HRTX,2.5950000286102295,2.5950000286102295,2.5950000286102295,2.5950000286102295,2.5950000286102295,201.0
2024-03-01 13:28:00,HSIC,76.90699768066406,76.90699768066406,76.91000366210938,76.87999725341797,76.9000015258789,1467.0
2024-03-01 13:28:00,HUMA,3.369999885559082,3.369999885559082,3.375,3.369999885559082,3.375,974.0
2024-03-01 13:28:00,IBRX,4.764999866485596,4.764999866485596,4.769999980926514,4.760000228881836,4.769999980926514,2276.0
2024-03-01 13:28:00,ICCM,1.2899999618530273,1.2899999618530273,1.2899999618530273,1.2899999618530273,1.2899999618530273,121.0
2024-03-01 13:28:00,IDYA,46.682498931884766,46.682498931884766,46.810001373291016,46.630001068115234,46.79999923706055,7686.0
2024-03-01 13:28:00,IKT,2.099900007247925,2.099900007247925,2.109999895095825,2.099900007247925,2.109999895095825,2100.0
2024-03-01 13:28:00,ILMN,142.22000122070312,142.22000122070312,142.31500244140625,142.2100067138672,142.31500244140625,1638.0
2024-03-01 13:28:00,IMMX,3.559999942779541,3.559999942779541,3.559999942779541,3.550100088119507,3.550100088119507,1040.0
2024-03-01 13:28:00,IMNM,25.53499984741211,25.53499984741211,25.547300338745117,25.459999084472656,25.459999084472656,2126.0
2024-03-01 13:28:00,IMTX,12.890000343322754,12.890000343322754,12.890000343322754,12.890000343322754,12.890000343322754,103.0
2024-03-01 13:28:00,IMUX,1.475000023841858,1.475000023841858,1.475000023841858,1.475000023841858,1.475000023841858,653.0
2024-03-01 13:28:00,IMVT,36.040000915527344,36.040000915527344,36.060001373291016,36.040000915527344,36.060001373291016,1856.0
2024-03-01 13:28:00,INBX,36.52000045776367,36.52000045776367,36.529998779296875,36.52000045776367,36.529998779296875,438.0
2024-03-01 13:28:00,INCY,59.380001068115234,59.380001068115234,59.41999816894531,59.380001068115234,59.41999816894531,2605.0
2024-03-01 13:28:00,INGN,6.760000228881836,6.760000228881836,6.760000228881836,6.760000228881836,6.760000228881836,104.0
2024-03-01 13:28:00,INMD,22.864999771118164,22.864999771118164,22.878000259399414,22.864999771118164,22.8700008392334,1239.0
2024-03-01 13:28:00,INO,9.444999694824219,9.444999694824219,9.444999694824219,9.444999694824219,9.444999694824219,179.0
2024-03-01 13:28:00,INSM,28.424999237060547,28.424999237060547,28.479999542236328,28.424999237060547,28.479999542236328,2218.0
2024-03-01 13:28:00,INVA,15.680000305175781,15.680000305175781,15.6850004196167,15.680000305175781,15.6850004196167,458.0
2024-03-01 13:28:00,IONS,45.970001220703125,45.970001220703125,45.970001220703125,45.970001220703125,45.970001220703125,386.0
2024-03-01 13:28:00,IOVA,17.114999771118164,17.114999771118164,17.165000915527344,17.111099243164062,17.155000686645508,19392.0
2024-03-01 13:28:00,IPSC,3.809999942779541,3.809999942779541,3.809999942779541,3.799999952316284,3.799999952316284,342.0
2024-03-01 13:28:00,IRMD,41.880001068115234,41.880001068115234,41.880001068115234,41.880001068115234,41.880001068115234,317.0
2024-03-01 13:28:00,IRTC,121.55500030517578,121.55500030517578,121.55500030517578,121.55500030517578,121.55500030517578,823.0
2024-03-01 13:28:00,IRWD,9.050000190734863,9.050000190734863,9.057499885559082,9.050000190734863,9.057499885559082,3810.0
2024-03-01 13:28:00,ISRG,396.5249938964844,396.5249938964844,396.6400146484375,396.3599853515625,396.4599914550781,3091.0
2024-03-01 13:28:00,ITCI,71.55999755859375,71.55999755859375,71.56500244140625,71.55999755859375,71.56500244140625,589.0
2024-03-01 13:28:00,ITOS,11.199999809265137,11.199999809265137,11.199999809265137,11.199999809265137,11.199999809265137,100.0
2024-03-01 13:28:00,IVVD,4.0,4.0,4.0,4.0,4.0,1340.0
2024-03-01 13:28:00,JAGX,0.0746999979019165,0.0746999979019165,0.0746999979019165,0.07360000163316727,0.07360000163316727,246805.0
2024-03-01 13:28:00,JAZZ,119.42500305175781,119.42500305175781,119.42500305175781,119.41000366210938,119.41999816894531,964.0
2024-03-01 13:28:00,JSPR,20.979999542236328,20.979999542236328,20.979999542236328,20.979999542236328,20.979999542236328,141.0
2024-03-01 13:28:00,JYNT,9.970000267028809,9.970000267028809,9.970000267028809,9.970000267028809,9.970000267028809,391.0
2024-03-01 13:28:00,KALV,14.1899995803833,14.1899995803833,14.225000381469727,14.1899995803833,14.225000381469727,428.0
2024-03-01 13:28:00,KNSA,21.7549991607666,21.7549991607666,21.770000457763672,21.75,21.75,4165.0
2024-03-01 13:28:00,KPTI,1.2000000476837158,1.2000000476837158,1.2000000476837158,1.1950000524520874,1.1991000175476074,1105.0
2024-03-01 13:28:00,KRON,1.0299999713897705,1.0299999713897705,1.0299999713897705,1.0299999713897705,1.0299999713897705,147.0
2024-03-01 13:28:00,KRYS,169.39500427246094,169.39500427246094,169.47000122070312,169.39500427246094,169.47000122070312,548.0
2024-03-01 13:28:00,KYMR,44.099998474121094,44.099998474121094,44.099998474121094,44.099998474121094,44.099998474121094,514.0
2024-03-01 13:28:00,KZR,1.0800000429153442,1.0800000429153442,1.0800000429153442,1.0800000429153442,1.0800000429153442,1280.0
2024-03-01 13:28:00,LAB,2.494999885559082,2.494999885559082,2.494999885559082,2.494999885559082,2.494999885559082,1034.0
2024-03-01 13:28:00,LBPH,22.020000457763672,22.020000457763672,22.020000457763672,22.020000457763672,22.020000457763672,139.0
2024-03-01 13:28:00,LFLY,2.990000009536743,2.990000009536743,2.990000009536743,2.990000009536743,2.990000009536743,200.0
2024-03-01 13:28:00,LFMD,8.0,8.0,8.010000228881836,8.0,8.0,2969.0
2024-03-01 13:28:00,LFST,7.775000095367432,7.775000095367432,7.775000095367432,7.769999980926514,7.769999980926514,211.0
2024-03-01 13:28:00,LIAN,4.860000133514404,4.860000133514404,4.860000133514404,4.860000133514404,4.860000133514404,186.0
2024-03-01 13:28:00,LIVN,55.91999816894531,55.91999816894531,55.91999816894531,55.91999816894531,55.91999816894531,158.0
2024-03-01 13:28:00,LMAT,67.9000015258789,67.9000015258789,68.05999755859375,67.87999725341797,68.05999755859375,2748.0
2024-03-01 13:28:00,LNTH,65.2699966430664,65.2699966430664,65.2699966430664,65.2699966430664,65.2699966430664,1035.0
2024-03-01 13:28:00,LQDA,14.664999961853027,14.664999961853027,14.682900428771973,14.664999961853027,14.682900428771973,507.0
2024-03-01 13:28:00,LRMR,11.5,11.5,11.5,11.5,11.5,828.0
2024-03-01 13:28:00,LTRN,4.554999828338623,4.554999828338623,4.559899806976318,4.554999828338623,4.559899806976318,466.0
2024-03-01 13:28:00,LVTX,2.9665000438690186,2.9665000438690186,2.9665000438690186,2.944999933242798,2.944999933242798,3495.0
2024-03-01 13:28:00,LXRX,2.5250000953674316,2.5250000953674316,2.5399999618530273,2.5199999809265137,2.5399999618530273,15861.0
2024-03-01 13:28:00,LYEL,3.184999942779541,3.184999942779541,3.184999942779541,3.184999942779541,3.184999942779541,142.0
2024-03-01 13:28:00,LYRA,5.690000057220459,5.690000057220459,5.704999923706055,5.684999942779541,5.690000057220459,2762.0
2024-03-01 13:28:00,MASI,128.89500427246094,128.89500427246094,128.89500427246094,128.85000610351562,128.85000610351562,643.0
2024-03-01 13:28:00,MASS,7.409999847412109,7.409999847412109,7.409999847412109,7.329999923706055,7.329999923706055,3682.0
2024-03-01 13:28:00,MCRB,1.2050000429153442,1.2050000429153442,1.2100000381469727,1.2000000476837158,1.2100000381469727,2304.0
2024-03-01 13:28:00,MDGL,251.22000122070312,251.22000122070312,251.22000122070312,251.22000122070312,251.22000122070312,730.0
2024-03-01 13:28:00,MDRX,5.989999771118164,5.989999771118164,6.050000190734863,5.989999771118164,6.050000190734863,48000.0
2024-03-01 13:28:00,MDXG,8.6850004196167,8.6850004196167,8.6850004196167,8.680100440979004,8.680100440979004,522.0
2024-03-01 13:28:00,ME,0.5694000124931335,0.5694000124931335,0.5694000124931335,0.5692999958992004,0.5692999958992004,2200.0
2024-03-01 13:28:00,MGNX,19.065000534057617,19.065000534057617,19.06999969482422,19.059999465942383,19.06999969482422,784.0
2024-03-01 13:28:00,MIRM,29.860000610351562,29.860000610351562,29.860000610351562,29.860000610351562,29.860000610351562,351.0
2024-03-01 13:28:00,MIST,1.75,1.75,1.7549999952316284,1.75,1.7549999952316284,1021.0
2024-03-01 13:28:00,MLTX,51.23500061035156,51.23500061035156,51.33000183105469,51.209999084472656,51.33000183105469,4436.0
2024-03-01 13:28:00,MNKD,4.554999828338623,4.554999828338623,4.559999942779541,4.550000190734863,4.554999828338623,1924.0
2024-03-01 13:28:00,MNMD,6.139999866485596,6.139999866485596,6.139999866485596,6.130000114440918,6.130000114440918,2358.0
2024-03-01 13:28:00,MODD,1.9199999570846558,1.9199999570846558,1.9199999570846558,1.9199999570846558,1.9199999570846558,200.0
2024-03-01 13:28:00,MOR,17.579999923706055,17.579999923706055,17.579999923706055,17.579999923706055,17.579999923706055,227.0
2024-03-01 13:28:00,MREO,3.982300043106079,3.982300043106079,4.005000114440918,3.9800000190734863,4.005000114440918,8361.0
2024-03-01 13:28:00,MRNA,96.18599700927734,96.18599700927734,96.18599700927734,96.13999938964844,96.13999938964844,1280.0
2024-03-01 13:28:00,MRNS,10.479999542236328,10.479999542236328,10.479999542236328,10.470000267028809,10.479999542236328,1499.0
2024-03-01 13:28:00,MRSN,5.980000019073486,5.980000019073486,6.005000114440918,5.980000019073486,6.0,26935.0
2024-03-01 13:28:00,MRVI,7.715000152587891,7.715000152587891,7.71999979019165,7.710000038146973,7.71999979019165,2407.0
2024-03-01 13:28:00,MYGN,21.989999771118164,21.989999771118164,21.989999771118164,21.989999771118164,21.989999771118164,139.0
2024-03-01 13:28:00,MYNZ,0.8748999834060669,0.8748999834060669,0.8748999834060669,0.8748999834060669,0.8748999834060669,100.0
2024-03-01 13:28:00,NARI,45.0,45.0,45.06999969482422,44.93000030517578,44.93000030517578,32331.0
2024-03-01 13:28:00,NAUT,2.6500000953674316,2.6500000953674316,2.6649999618530273,2.6500000953674316,2.6649999618530273,314.0
2024-03-01 13:28:00,NBIX,132.3249969482422,132.3249969482422,132.3249969482422,132.2050018310547,132.2050018310547,952.0
2024-03-01 13:28:00,NDRA,1.1608999967575073,1.1608999967575073,1.1608999967575073,1.1608999967575073,1.1608999967575073,400.0
2024-03-01 13:28:00,NEO,16.045000076293945,16.045000076293945,16.045000076293945,16.045000076293945,16.045000076293945,504.0
2024-03-01 13:28:00,NEOG,17.3700008392334,17.3700008392334,17.3799991607666,17.3700008392334,17.376300811767578,1423.0
2024-03-01 13:28:00,NERV,2.5799999237060547,2.5799999237060547,2.5799999237060547,2.569999933242798,2.5799999237060547,1200.0
2024-03-01 13:28:00,NKTR,0.7850499749183655,0.7850499749183655,0.7900000214576721,0.7850499749183655,0.7900000214576721,21227.0
2024-03-01 13:28:00,NKTX,12.779999732971191,12.779999732971191,12.819999694824219,12.779999732971191,12.819999694824219,1162.0
2024-03-01 13:28:00,NNOX,10.960000038146973,10.960000038146973,10.96500015258789,10.960000038146973,10.960100173950195,2770.0
2024-03-01 13:28:00,NOTV,8.149999618530273,8.149999618530273,8.15999984741211,8.140000343322754,8.149100303649902,7179.0
2024-03-01 13:28:00,NPCE,16.68000030517578,16.68000030517578,16.68000030517578,16.68000030517578,16.68000030517578,457.0
2024-03-01 13:28:00,NRBO,5.957099914550781,5.957099914550781,5.989999771118164,5.957099914550781,5.989999771118164,650.0
2024-03-01 13:28:00,NRC,40.650001525878906,40.650001525878906,40.650001525878906,40.61000061035156,40.61000061035156,570.0
2024-03-01 13:28:00,NRIX,13.710000038146973,13.710000038146973,13.770000457763672,13.710000038146973,13.755000114440918,2256.0
2024-03-01 13:28:00,NRXP,0.4129999876022339,0.4129999876022339,0.4141499996185303,0.4129999876022339,0.4141499996185303,5363.0
2024-03-01 13:28:00,NTLA,33.39500045776367,33.39500045776367,33.420101165771484,33.39500045776367,33.420101165771484,2229.0
2024-03-01 13:28:00,NTRA,89.79000091552734,89.79000091552734,89.97000122070312,89.73999786376953,89.94499969482422,13056.0
2024-03-01 13:28:00,NUTX,0.11344999819993973,0.11344999819993973,0.11344999819993973,0.11299999803304672,0.11309999972581863,627.0
2024-03-01 13:28:00,NUVL,88.80000305175781,88.80000305175781,88.80000305175781,88.80000305175781,88.80000305175781,194.0
2024-03-01 13:28:00,NUWE,0.5799999833106995,0.5799999833106995,0.5799999833106995,0.5751000046730042,0.5751000046730042,477.0
2024-03-01 13:28:00,NVAX,5.239999771118164,5.239999771118164,5.239999771118164,5.230000019073486,5.235000133514404,2108.0
2024-03-01 13:28:00,NVCR,15.954999923706055,15.954999923706055,15.970000267028809,15.954999923706055,15.970000267028809,3574.0
2024-03-01 13:28:00,NXTC,1.7599999904632568,1.7599999904632568,1.7599999904632568,1.7599999904632568,1.7599999904632568,320.0
2024-03-01 13:28:00,OCGN,0.9692500233650208,0.9692500233650208,0.9700000286102295,0.9692500233650208,0.9700000286102295,3281.0
2024-03-01 13:28:00,OCUL,10.880000114440918,10.880000114440918,10.880000114440918,10.839099884033203,10.839099884033203,13209.0
2024-03-01 13:28:00,OGI,2.200000047683716,2.200000047683716,2.200000047683716,2.194999933242798,2.194999933242798,426.0
2024-03-01 13:28:00,OLMA,14.650099754333496,14.650099754333496,14.65999984741211,14.650099754333496,14.65999984741211,422.0
2024-03-01 13:28:00,OMER,4.78000020980835,4.78000020980835,4.78000020980835,4.78000020980835,4.78000020980835,501.0
2024-03-01 13:28:00,OMGA,4.25600004196167,4.25600004196167,4.25600004196167,4.251500129699707,4.251500129699707,2562.0
2024-03-01 13:28:00,ONCT,10.215900421142578,10.215900421142578,10.215900421142578,10.215900421142578,10.215900421142578,500.0
2024-03-01 13:29:00,ABCL,5.235000133514404,5.235000133514404,5.239999771118164,5.230000019073486,5.235000133514404,5103.0
2024-03-01 13:29:00,ABEO,7.800000190734863,7.800000190734863,7.800000190734863,7.78000020980835,7.78000020980835,406.0
2024-03-01 13:29:00,ABOS,4.670000076293945,4.670000076293945,4.679999828338623,4.670000076293945,4.679999828338623,1448.0
2024-03-01 13:29:00,ABSI,5.385000228881836,5.385000228881836,5.409999847412109,5.380000114440918,5.409999847412109,9092.0
2024-03-01 13:29:00,ABUS,2.765000104904175,2.765000104904175,2.765000104904175,2.765000104904175,2.765000104904175,7096.0
2024-03-01 13:29:00,ACCD,10.164999961853027,10.164999961853027,10.170000076293945,10.164999961853027,10.170000076293945,982.0
2024-03-01 13:29:00,ACET,2.3949999809265137,2.3949999809265137,2.4000000953674316,2.390000104904175,2.3949999809265137,860.0
2024-03-01 13:29:00,ACHL,1.3301000595092773,1.3301000595092773,1.3301000595092773,1.3301000595092773,1.3301000595092773,431.0
2024-03-01 13:29:00,ACRS,1.2300000190734863,1.2300000190734863,1.2400000095367432,1.2300000190734863,1.2400000095367432,1220.0
2024-03-01 13:29:00,ADAP,1.6100000143051147,1.6100000143051147,1.6100000143051147,1.6050000190734863,1.6050000190734863,7636.0
2024-03-01 13:29:00,ADIL,3.173099994659424,3.173099994659424,3.240000009536743,3.173099994659424,3.2165000438690186,19988.0
2024-03-01 13:29:00,ADMA,5.53000020980835,5.53000020980835,5.534999847412109,5.53000020980835,5.534999847412109,803.0
2024-03-01 13:29:00,ADPT,4.159999847412109,4.159999847412109,4.164999961853027,4.159999847412109,4.164999961853027,1352.0
2024-03-01 13:29:00,ADVM,1.940000057220459,1.940000057220459,1.940000057220459,1.940000057220459,1.940000057220459,101.0
2024-03-01 13:29:00,AFMD,0.6399999856948853,0.6399999856948853,0.6399999856948853,0.6399999856948853,0.6399999856948853,715.0
2024-03-01 13:29:00,AGEN,0.6825000047683716,0.6825000047683716,0.6827999949455261,0.682200014591217,0.6825000047683716,25456.0
2024-03-01 13:29:00,AGIO,32.92499923706055,32.92499923706055,32.92499923706055,32.92499923706055,32.92499923706055,416.0
2024-03-01 13:29:00,AHCO,10.5600004196167,10.5600004196167,10.5600004196167,10.5600004196167,10.5600004196167,202.0
2024-03-01 13:29:00,AIRS,6.429999828338623,6.429999828338623,6.429999828338623,6.429999828338623,6.429999828338623,195.0
2024-03-01 13:29:00,AKAN,0.21870000660419464,0.21870000660419464,0.21870000660419464,0.21870000660419464,0.21870000660419464,125.0
2024-03-01 13:29:00,AKBA,1.7000000476837158,1.7000000476837158,1.7000000476837158,1.6950000524520874,1.6950000524520874,257.0
2024-03-01 13:29:00,AKLI,0.3449999988079071,0.3449999988079071,0.3449999988079071,0.3449999988079071,0.3449999988079071,1820.0
2024-03-01 13:29:00,AKRO,30.190000534057617,30.190000534057617,30.190000534057617,30.190000534057617,30.190000534057617,300.0
2024-03-01 13:29:00,ALEC,7.289999961853027,7.289999961853027,7.300000190734863,7.289999961853027,7.300000190734863,2110.0
2024-03-01 13:29:00,ALGN,304.43499755859375,304.43499755859375,304.4949951171875,304.43499755859375,304.4949951171875,254.0
2024-03-01 13:29:00,ALGS,1.1019999980926514,1.1019999980926514,1.1019999980926514,1.1002000570297241,1.1019999980926514,1500.0
2024-03-01 13:29:00,ALHC,5.670000076293945,5.670000076293945,5.679999828338623,5.664999961853027,5.679999828338623,3258.0
2024-03-01 13:29:00,ALKS,30.229999542236328,30.229999542236328,30.239999771118164,30.229999542236328,30.239999771118164,389.0
2024-03-01 13:29:00,ALLK,1.625,1.625,1.625,1.625,1.625,1079.0
2024-03-01 13:29:00,ALLO,5.034999847412109,5.034999847412109,5.045000076293945,5.034999847412109,5.045000076293945,4016.0
2024-03-01 13:29:00,ALNY,153.58999633789062,153.58999633789062,153.58999633789062,153.58999633789062,153.58999633789062,166.0
2024-03-01 13:29:00,ALPN,35.974998474121094,35.974998474121094,36.025001525878906,35.974998474121094,36.025001525878906,352.0
2024-03-01 13:29:00,ALT,12.104999542236328,12.104999542236328,12.154999732971191,12.104999542236328,12.130000114440918,19133.0
2024-03-01 13:29:00,ALXO,15.140000343322754,15.140000343322754,15.140000343322754,15.109999656677246,15.119999885559082,1462.0
2024-03-01 13:29:00,AMGN,280.6400146484375,280.6400146484375,280.7099914550781,280.6400146484375,280.7099914550781,2105.0
2024-03-01 13:29:00,AMLX,18.65999984741211,18.65999984741211,18.690000534057617,18.65999984741211,18.690000534057617,612.0
2024-03-01 13:29:00,AMPH,45.53499984741211,45.53499984741211,45.53499984741211,45.53300094604492,45.53300094604492,248.0
2024-03-01 13:29:00,AMRN,1.059999942779541,1.059999942779541,1.059999942779541,1.0499999523162842,1.0549999475479126,3569.0
2024-03-01 13:29:00,ANGO,5.5,5.5,5.509900093078613,5.5,5.509900093078613,1468.0
2024-03-01 13:29:00,ANIK,25.040000915527344,25.040000915527344,25.040000915527344,24.889999389648438,24.889999389648438,989.0
2024-03-01 13:29:00,ANIP,66.0,66.0,66.08000183105469,65.94999694824219,66.08000183105469,730.0
2024-03-01 13:29:00,ANIX,3.509999990463257,3.509999990463257,3.5399999618530273,3.509999990463257,3.5399999618530273,215.0
2024-03-01 13:29:00,ANNX,6.106400012969971,6.106400012969971,6.106400012969971,6.106400012969971,6.106400012969971,201.0
2024-03-01 13:29:00,APDN,0.5616000294685364,0.5616000294685364,0.5652999877929688,0.5616000294685364,0.5649999976158142,2243.0
2024-03-01 13:29:00,APLS,64.91000366210938,64.91000366210938,64.93000030517578,64.90499877929688,64.90499877929688,2525.0
2024-03-01 13:29:00,APLT,7.150000095367432,7.150000095367432,7.150000095367432,7.150000095367432,7.150000095367432,940.0
2024-03-01 13:29:00,AQST,4.289999961853027,4.289999961853027,4.295000076293945,4.255000114440918,4.258699893951416,17823.0
2024-03-01 13:29:00,ARAY,2.6449999809265137,2.6449999809265137,2.6449999809265137,2.6449999809265137,2.6449999809265137,110.0
2024-03-01 13:29:00,ARCT,39.90999984741211,39.90999984741211,39.90999984741211,39.90999984741211,39.90999984741211,473.0
2024-03-01 13:29:00,ARDX,9.489999771118164,9.489999771118164,9.5,9.484999656677246,9.5,6802.0
2024-03-01 13:29:00,ARGX,391.4100036621094,391.4100036621094,391.4100036621094,390.3999938964844,390.3999938964844,455.0
2024-03-01 13:29:00,ARQT,11.699999809265137,11.699999809265137,11.755000114440918,11.699999809265137,11.75409984588623,9099.0
2024-03-01 13:29:00,ARWR,35.689998626708984,35.689998626708984,35.69839859008789,35.665000915527344,35.665000915527344,1425.0
2024-03-01 13:29:00,ASND,152.03500366210938,152.03500366210938,152.0399932861328,152.03500366210938,152.0399932861328,472.0
2024-03-01 13:29:00,ASRT,0.9294999837875366,0.9294999837875366,0.9294999837875366,0.9248499870300293,0.9248499870300293,300.0
2024-03-01 13:29:00,ATAI,2.176500082015991,2.176500082015991,2.1791999340057373,2.174999952316284,2.1791999340057373,2350.0
2024-03-01 13:29:00,ATEC,13.489999771118164,13.489999771118164,13.5,13.489999771118164,13.5,6222.0
2024-03-01 13:29:00,ATHA,3.994999885559082,3.994999885559082,3.994999885559082,3.994999885559082,3.994999885559082,101.0
2024-03-01 13:29:00,ATOS,1.0099999904632568,1.0099999904632568,1.0099999904632568,1.0,1.0,10191.0
2024-03-01 13:29:00,ATRA,0.7997999787330627,0.7997999787330627,0.7997999787330627,0.7925999760627747,0.7950000166893005,901.0
2024-03-01 13:29:00,ATRC,35.9900016784668,35.9900016784668,35.9900016784668,35.970001220703125,35.9900016784668,1336.0
2024-03-01 13:29:00,AUGX,4.559999942779541,4.559999942779541,4.570000171661377,4.559999942779541,4.559999942779541,602.0
2024-03-01 13:29:00,AUPH,5.849999904632568,5.849999904632568,5.849999904632568,5.84499979019165,5.849999904632568,721.0
2024-03-01 13:29:00,AUTL,6.389999866485596,6.389999866485596,6.389999866485596,6.385000228881836,6.389999866485596,4592.0
2024-03-01 13:29:00,AVDL,13.229999542236328,13.229999542236328,13.255000114440918,13.220000267028809,13.25,12777.0
2024-03-01 13:29:00,AVRO,1.3550000190734863,1.3550000190734863,1.3550000190734863,1.3550000190734863,1.3550000190734863,308.0
2024-03-01 13:29:00,AVXL,5.320000171661377,5.320000171661377,5.320000171661377,5.309999942779541,5.315000057220459,3540.0
2024-03-01 13:29:00,AXNX,67.88999938964844,67.88999938964844,67.95500183105469,67.88999938964844,67.95500183105469,2826.0
2024-03-01 13:29:00,AXSM,82.24500274658203,82.24500274658203,82.2699966430664,82.0,82.0,2996.0
2024-03-01 13:29:00,AZN,64.66500091552734,64.66500091552734,64.69499969482422,64.66500091552734,64.69499969482422,6384.0
2024-03-01 13:29:00,AZTA,66.94000244140625,66.94000244140625,67.02999877929688,66.94000244140625,67.02999877929688,1577.0
2024-03-01 13:29:00,BBIO,36.13999938964844,36.13999938964844,36.13999938964844,36.13999938964844,36.13999938964844,278.0
2024-03-01 13:29:00,BBLG,2.4798998832702637,2.4798998832702637,2.4798998832702637,2.4798998832702637,2.4798998832702637,100.0
2024-03-01 13:29:00,BCLI,0.3449999988079071,0.3449999988079071,0.3449999988079071,0.3449999988079071,0.3449999988079071,115.0
2024-03-01 13:29:00,BCRX,5.704999923706055,5.704999923706055,5.715000152587891,5.704999923706055,5.710000038146973,3938.0
2024-03-01 13:29:00,BDSX,1.600000023841858,1.600000023841858,1.600000023841858,1.5999000072479248,1.600000023841858,2898.0
2024-03-01 13:29:00,BEAM,40.38999938964844,40.38999938964844,40.415000915527344,40.38999938964844,40.40999984741211,1822.0
2024-03-01 13:29:00,BIOL,0.1416500061750412,0.1416500061750412,0.14169999957084656,0.14159999787807465,0.1416500061750412,4352.0
2024-03-01 13:29:00,BIOR,1.1200000047683716,1.1200000047683716,1.1200000047683716,1.1200000047683716,1.1200000047683716,1076.0
2024-03-01 13:29:00,BIVI,1.965000033378601,1.965000033378601,1.975000023841858,1.9600000381469727,1.975000023841858,11340.0
2024-03-01 13:29:00,BLFS,18.1299991607666,18.1299991607666,18.170000076293945,18.1299991607666,18.15999984741211,2651.0
2024-03-01 13:29:00,BLUE,1.600000023841858,1.600000023841858,1.600000023841858,1.590000033378601,1.600000023841858,12056.0
2024-03-01 13:29:00,BMRN,87.72000122070312,87.72000122070312,87.76000213623047,87.70500183105469,87.75,1854.0
2024-03-01 13:29:00,BNOX,1.2300000190734863,1.2300000190734863,1.2300000190734863,1.2300000190734863,1.2300000190734863,381.0
2024-03-01 13:29:00,BNTX,91.55000305175781,91.55000305175781,91.62999725341797,91.55000305175781,91.62999725341797,1074.0
2024-03-01 13:29:00,BPMC,97.31999969482422,97.31999969482422,97.31999969482422,97.31999969482422,97.31999969482422,106.0
2024-03-01 13:29:00,BRKR,88.19000244140625,88.19000244140625,88.25,88.19000244140625,88.25,3016.0
2024-03-01 13:29:00,BTTX,0.17659999430179596,0.17659999430179596,0.1770000010728836,0.17659999430179596,0.17659999430179596,78823.0
2024-03-01 13:29:00,CABA,24.290000915527344,24.290000915527344,24.31999969482422,24.270000457763672,24.295000076293945,3973.0
2024-03-01 13:29:00,CAPR,4.5,4.5,4.5,4.5,4.5,544.0
2024-03-01 13:29:00,CARA,0.9300000071525574,0.9300000071525574,0.9300000071525574,0.9300000071525574,0.9300000071525574,600.0
2024-03-01 13:29:00,CBAY,32.2400016784668,32.2400016784668,32.2400016784668,32.2400016784668,32.2400016784668,1842.0
2024-03-01 13:29:00,CCCC,10.989999771118164,10.989999771118164,10.989999771118164,10.989999771118164,10.989999771118164,938.0
2024-03-01 13:29:00,CDMO,8.119999885559082,8.119999885559082,8.119999885559082,8.119999885559082,8.119999885559082,434.0
2024-03-01 13:29:00,CDNA,12.350000381469727,12.350000381469727,12.380000114440918,12.350000381469727,12.380000114440918,2904.0
2024-03-01 13:29:00,CDTX,0.7245000004768372,0.7245000004768372,0.7245000004768372,0.7245000004768372,0.7245000004768372,333.0
2024-03-01 13:29:00,CDXS,4.550000190734863,4.550000190734863,4.550000190734863,4.550000190734863,4.550000190734863,2689.0
2024-03-01 13:29:00,CERE,41.10499954223633,41.10499954223633,41.10499954223633,41.099998474121094,41.099998474121094,647.0
2024-03-01 13:29:00,CERS,2.2100000381469727,2.2100000381469727,2.2100000381469727,2.2100000381469727,2.2100000381469727,139.0
2024-03-01 13:29:00,CERT,17.940000534057617,17.940000534057617,17.940000534057617,17.924999237060547,17.924999237060547,414.0
2024-03-01 13:29:00,CGC,3.259999990463257,3.259999990463257,3.259999990463257,3.259999990463257,3.259999990463257,966.0
2024-03-01 13:29:00,CGEM,18.729999542236328,18.729999542236328,18.780000686645508,18.719999313354492,18.780000686645508,1281.0
2024-03-01 13:29:00,CGEN,2.690000057220459,2.690000057220459,2.690000057220459,2.690000057220459,2.690000057220459,1756.0
2024-03-01 13:29:00,CHRS,2.4000000953674316,2.4000000953674316,2.4084999561309814,2.4000000953674316,2.4000000953674316,6035.0
2024-03-01 13:29:00,CLDX,52.619998931884766,52.619998931884766,52.67430114746094,52.619998931884766,52.625,1272.0
2024-03-01 13:29:00,CLOV,0.8692499995231628,0.8692499995231628,0.8700000047683716,0.8690999746322632,0.8690999746322632,14786.0
2024-03-01 13:29:00,CLRB,4.150000095367432,4.150000095367432,4.150000095367432,4.150000095367432,4.150000095367432,323.0
2024-03-01 13:29:00,CMMB,0.6499999761581421,0.6499999761581421,0.6499999761581421,0.6499999761581421,0.6499999761581421,1610.0
2024-03-01 13:29:00,CMPS,11.420000076293945,11.420000076293945,11.420000076293945,11.40999984741211,11.40999984741211,300.0
2024-03-01 13:29:00,CNSP,0.32690000534057617,0.32690000534057617,0.32690000534057617,0.32690000534057617,0.32690000534057617,100.0
2024-03-01 13:29:00,CNTA,10.920000076293945,10.920000076293945,10.920000076293945,10.920000076293945,10.920000076293945,211.0
2024-03-01 13:29:00,COLL,36.90999984741211,36.90999984741211,36.90999984741211,36.90999984741211,36.90999984741211,243.0
2024-03-01 13:29:00,CORT,24.299999237060547,24.299999237060547,24.350000381469727,24.299999237060547,24.350000381469727,3208.0
2024-03-01 13:29:00,COSM,0.7556999921798706,0.7556999921798706,0.7556999921798706,0.7556999921798706,0.7556999921798706,168.0
2024-03-01 13:29:00,CPRX,17.270000457763672,17.270000457763672,17.270000457763672,17.264999389648438,17.264999389648438,1139.0
2024-03-01 13:29:00,CPSI,9.489999771118164,9.489999771118164,9.489999771118164,9.460000038146973,9.460000038146973,1060.0
2024-03-01 13:29:00,CRBP,32.16999816894531,32.16999816894531,32.25,32.16999816894531,32.189998626708984,1368.0
2024-03-01 13:29:00,CRBU,7.945000171661377,7.945000171661377,7.949999809265137,7.940000057220459,7.949999809265137,1675.0
2024-03-01 13:29:00,CRDF,2.4595000743865967,2.4595000743865967,2.4612998962402344,2.444999933242798,2.4489998817443848,19745.0
2024-03-01 13:29:00,CRDL,1.9199999570846558,1.9199999570846558,1.9199999570846558,1.899999976158142,1.909999966621399,502.0
2024-03-01 13:29:00,CRNX,46.849998474121094,46.849998474121094,46.880001068115234,46.79999923706055,46.880001068115234,1429.0
2024-03-01 13:29:00,CRON,2.065000057220459,2.065000057220459,2.065000057220459,2.065000057220459,2.065000057220459,249.0
2024-03-01 13:29:00,CRSP,85.9800033569336,85.9800033569336,86.06009674072266,85.9800033569336,86.06009674072266,1814.0
2024-03-01 13:29:00,CTKB,8.824999809265137,8.824999809265137,8.835000038146973,8.824999809265137,8.835000038146973,951.0
2024-03-01 13:29:00,CTMX,2.6549999713897705,2.6549999713897705,2.6549999713897705,2.6549999713897705,2.6549999713897705,309.0
2024-03-01 13:29:00,CUTR,2.399899959564209,2.399899959564209,2.4000000953674316,2.390000104904175,2.4000000953674316,5923.0
2024-03-01 13:29:00,CVAC,3.494999885559082,3.494999885559082,3.494999885559082,3.494999885559082,3.494999885559082,805.0
2024-03-01 13:29:00,CYTK,72.91999816894531,72.91999816894531,72.91999816894531,72.91999816894531,72.91999816894531,850.0
2024-03-01 13:29:00,CYTO,2.2402000427246094,2.2402000427246094,2.2952001094818115,2.2400999069213867,2.2952001094818115,5798.0
2024-03-01 13:29:00,DAWN,17.459999084472656,17.459999084472656,17.459999084472656,17.440000534057617,17.44499969482422,975.0
2024-03-01 13:29:00,DCGO,4.170000076293945,4.170000076293945,4.175000190734863,4.170000076293945,4.175000190734863,256.0
2024-03-01 13:29:00,DCPH,17.4950008392334,17.4950008392334,17.4950008392334,17.489999771118164,17.489999771118164,432.0
2024-03-01 13:29:00,DERM,4.03000020980835,4.03000020980835,4.03000020980835,4.03000020980835,4.03000020980835,503.0
2024-03-01 13:29:00,DH,8.84000015258789,8.84000015258789,8.880000114440918,8.84000015258789,8.880000114440918,2456.0
2024-03-01 13:29:00,DMTK,0.8600000143051147,0.8600000143051147,0.8600000143051147,0.8600000143051147,0.8600000143051147,296.0
2024-03-01 13:29:00,DNLI,20.799999237060547,20.799999237060547,20.799999237060547,20.7549991607666,20.760000228881836,20901.0
2024-03-01 13:29:00,DSGN,2.9049999713897705,2.9049999713897705,2.9049999713897705,2.9049999713897705,2.9049999713897705,381.0
2024-03-01 13:29:00,DTIL,12.600000381469727,12.600000381469727,12.699999809265137,12.439900398254395,12.4399995803833,16473.0
2024-03-01 13:29:00,DVAX,12.880000114440918,12.880000114440918,12.880000114440918,12.875,12.875,305.0
2024-03-01 13:29:00,DXCM,121.81999969482422,121.81999969482422,121.86000061035156,121.81999969482422,121.86000061035156,4387.0
2024-03-01 13:29:00,DYN,28.729999542236328,28.729999542236328,28.729999542236328,28.700000762939453,28.729999542236328,740.0
2024-03-01 13:29:00,EDAP,6.869999885559082,6.869999885559082,6.869999885559082,6.860000133514404,6.869999885559082,652.0
2024-03-01 13:29:00,EDIT,10.875,10.875,10.875,10.869999885559082,10.869999885559082,2051.0
2024-03-01 13:29:00,EGRX,6.71999979019165,6.71999979019165,6.71999979019165,6.71999979019165,6.71999979019165,425.0
2024-03-01 13:29:00,EIGR,6.800000190734863,6.800000190734863,6.800000190734863,6.800000190734863,6.800000190734863,489.0
2024-03-01 13:29:00,ELEV,5.050000190734863,5.050000190734863,5.059999942779541,5.04010009765625,5.059999942779541,2568.0
2024-03-01 13:29:00,ENTA,15.45009994506836,15.45009994506836,15.45009994506836,15.4399995803833,15.440099716186523,1713.0
2024-03-01 13:29:00,ENVB,1.499899983406067,1.499899983406067,1.5,1.4800000190734863,1.4800000190734863,15103.0
2024-03-01 13:29:00,EOLS,14.920000076293945,14.920000076293945,14.920000076293945,14.911399841308594,14.920000076293945,640.0
2024-03-01 13:29:00,ERAS,2.494999885559082,2.494999885559082,2.494999885559082,2.494999885559082,2.494999885559082,100.0
2024-03-01 13:29:00,ESPR,2.5250000953674316,2.5250000953674316,2.5250000953674316,2.5250000953674316,2.5250000953674316,2252.0
2024-03-01 13:29:00,ESTA,45.34000015258789,45.34000015258789,45.41999816894531,45.34000015258789,45.35179901123047,1500.0
2024-03-01 13:29:00,ETNB,13.220000267028809,13.220000267028809,13.229999542236328,13.220000267028809,13.229999542236328,1050.0
2024-03-01 13:29:00,EWTX,17.0,17.0,17.020000457763672,17.0,17.020000457763672,288.0
2024-03-01 13:29:00,EXAI,6.78000020980835,6.78000020980835,6.78000020980835,6.78000020980835,6.78000020980835,122.0
2024-03-01 13:29:00,EXAS,59.95249938964844,59.95249938964844,60.0099983215332,59.95249938964844,60.0099983215332,3034.0
2024-03-01 13:29:00,EXEL,22.575000762939453,22.575000762939453,22.594999313354492,22.56999969482422,22.594999313354492,6744.0
2024-03-01 13:29:00,EYEN,2.440000057220459,2.440000057220459,2.440700054168701,2.440000057220459,2.440700054168701,792.0
2024-03-01 13:29:00,FATE,7.75,7.75,7.75,7.735000133514404,7.735000133514404,8219.0
2024-03-01 13:29:00,FBIO,2.3399999141693115,2.3399999141693115,2.3399999141693115,2.3399999141693115,2.3399999141693115,200.0
2024-03-01 13:29:00,FDMT,29.475000381469727,29.475000381469727,29.475000381469727,29.475000381469727,29.475000381469727,491.0
2024-03-01 13:29:00,FGEN,1.875,1.875,1.8799999952316284,1.8698999881744385,1.8700000047683716,3135.0
2024-03-01 13:29:00,FOLD,13.375,13.375,13.385000228881836,13.375,13.385000228881836,1580.0
2024-03-01 13:29:00,FULC,11.149999618530273,11.149999618530273,11.149999618530273,11.140000343322754,11.140000343322754,1164.0
2024-03-01 13:29:00,FUSN,12.399999618530273,12.399999618530273,12.399999618530273,12.390000343322754,12.390000343322754,1435.0
2024-03-01 13:29:00,FWBI,8.5108003616333,8.5108003616333,8.5108003616333,8.510000228881836,8.510000228881836,448.0
2024-03-01 13:29:00,GALT,1.9600000381469727,1.9600000381469727,1.9600000381469727,1.9600000381469727,1.9600000381469727,800.0
2024-03-01 13:29:00,GDRX,8.335000038146973,8.335000038146973,8.335000038146973,8.324999809265137,8.329999923706055,1573.0
2024-03-01 13:29:00,GERN,2.241300106048584,2.241300106048584,2.25,2.240000009536743,2.240000009536743,57338.0
2024-03-01 13:29:00,GH,19.03499984741211,19.03499984741211,19.059999465942383,19.03499984741211,19.059999465942383,1653.0
2024-03-01 13:29:00,GILD,72.2750015258789,72.2750015258789,72.28500366210938,72.2750015258789,72.27999877929688,2733.0
2024-03-01 13:29:00,GLMD,0.3856000006198883,0.3856000006198883,0.3950999975204468,0.3856000006198883,0.3950999975204468,9082.0
2024-03-01 13:29:00,GLYC,3.049999952316284,3.049999952316284,3.049999952316284,3.0299999713897705,3.0299999713897705,401.0
2024-03-01 13:29:00,GMAB,29.354999542236328,29.354999542236328,29.3799991607666,29.354999542236328,29.3799991607666,1056.0
2024-03-01 13:29:00,GOSS,1.409999966621399,1.409999966621399,1.409999966621399,1.409999966621399,1.409999966621399,325.0
2024-03-01 13:29:00,GRFS,7.100100040435791,7.100100040435791,7.109899997711182,7.100100040435791,7.109899997711182,1560.0
2024-03-01 13:29:00,GRPH,3.4800000190734863,3.4800000190734863,3.4800000190734863,3.4800000190734863,3.4800000190734863,239.0
2024-03-01 13:29:00,GRTS,2.194999933242798,2.194999933242798,2.194999933242798,2.194999933242798,2.194999933242798,300.0
2024-03-01 13:29:00,GTHX,3.7799999713897705,3.7799999713897705,3.7899999618530273,3.7799999713897705,3.7899999618530273,538.0
2024-03-01 13:29:00,HALO,41.432498931884766,41.432498931884766,41.459999084472656,41.42499923706055,41.459999084472656,1408.0
2024-03-01 13:29:00,HCAT,8.130000114440918,8.130000114440918,8.140000343322754,8.130000114440918,8.130000114440918,887.0
2024-03-01 13:29:00,HCSG,12.635000228881836,12.635000228881836,12.645000457763672,12.635000228881836,12.645000457763672,1533.0
2024-03-01 13:29:00,HOLX,73.98999786376953,73.98999786376953,73.98999786376953,73.94999694824219,73.98999786376953,1667.0
2024-03-01 13:29:00,HOWL,7.070000171661377,7.070000171661377,7.070000171661377,7.070000171661377,7.070000171661377,101.0
2024-03-01 13:29:00,HPCO,0.2586899995803833,0.2586899995803833,0.2586899995803833,0.2586899995803833,0.2586899995803833,260.0
2024-03-01 13:29:00,HQY,81.5999984741211,81.5999984741211,81.5999984741211,81.5999984741211,81.5999984741211,275.0
2024-03-01 13:29:00,HRMY,31.59000015258789,31.59000015258789,31.59000015258789,31.59000015258789,31.59000015258789,225.0
2024-03-01 13:29:00,HRTX,2.5975000858306885,2.5975000858306885,2.5975000858306885,2.5899999141693115,2.5975000858306885,756.0
2024-03-01 13:29:00,HSIC,76.87000274658203,76.87000274658203,76.87999725341797,76.87000274658203,76.87999725341797,1268.0
2024-03-01 13:29:00,HUMA,3.3710999488830566,3.3710999488830566,3.375,3.369999885559082,3.369999885559082,8662.0
2024-03-01 13:29:00,IART,36.400001525878906,36.400001525878906,36.415000915527344,36.400001525878906,36.400001525878906,1573.0
2024-03-01 13:29:00,IBRX,4.77400016784668,4.77400016784668,4.77400016784668,4.760000228881836,4.764999866485596,4804.0
2024-03-01 13:29:00,ICAD,1.8899999856948853,1.8899999856948853,1.8899999856948853,1.8899999856948853,1.8899999856948853,607.0
2024-03-01 13:29:00,ICLR,322.42999267578125,322.42999267578125,322.70001220703125,322.42999267578125,322.70001220703125,2527.0
2024-03-01 13:29:00,ICUI,104.75,104.75,104.80999755859375,104.75,104.80999755859375,281.0
2024-03-01 13:29:00,IDXX,579.4600219726562,579.4600219726562,580.489990234375,579.4600219726562,580.489990234375,1649.0
2024-03-01 13:29:00,IFRX,1.8300000429153442,1.8300000429153442,1.8300000429153442,1.8300000429153442,1.8300000429153442,226.0
2024-03-01 13:29:00,IKNA,1.5098999738693237,1.5098999738693237,1.5098999738693237,1.5098999738693237,1.5098999738693237,532.0
2024-03-01 13:29:00,ILMN,142.10800170898438,142.10800170898438,142.18499755859375,142.09500122070312,142.1699981689453,4102.0
2024-03-01 13:29:00,IMMX,3.559999942779541,3.559999942779541,3.559999942779541,3.559999942779541,3.559999942779541,602.0
2024-03-01 13:29:00,IMNM,25.579999923706055,25.579999923706055,25.579999923706055,25.540000915527344,25.540000915527344,1796.0
2024-03-01 13:29:00,IMUX,1.475000023841858,1.475000023841858,1.475000023841858,1.475000023841858,1.475000023841858,214.0
2024-03-01 13:29:00,IMVT,36.04499816894531,36.04499816894531,36.04499816894531,36.03010177612305,36.03010177612305,453.0
2024-03-01 13:29:00,INAB,1.0700000524520874,1.0700000524520874,1.0700000524520874,1.0700000524520874,1.0700000524520874,498.0
2024-03-01 13:29:00,INBX,36.53499984741211,36.53499984741211,36.53499984741211,36.53499984741211,36.53499984741211,246.0
2024-03-01 13:29:00,INCY,59.345001220703125,59.345001220703125,59.349998474121094,59.345001220703125,59.349998474121094,1178.0
2024-03-01 13:29:00,INGN,6.75,6.75,6.769999980926514,6.75,6.769999980926514,940.0
2024-03-01 13:29:00,INMB,12.399999618530273,12.399999618530273,12.399999618530273,12.399999618530273,12.399999618530273,570.0
2024-03-01 13:29:00,INMD,22.860000610351562,22.860000610351562,22.860000610351562,22.860000610351562,22.860000610351562,432.0
2024-03-01 13:29:00,INO,9.430000305175781,9.430000305175781,9.460000038146973,9.430000305175781,9.455699920654297,2623.0
2024-03-01 13:29:00,INSM,28.43000030517578,28.43000030517578,28.43000030517578,28.424999237060547,28.424999237060547,726.0
2024-03-01 13:29:00,INVA,15.664999961853027,15.664999961853027,15.680000305175781,15.664999961853027,15.680000305175781,2684.0
2024-03-01 13:29:00,INZY,6.659999847412109,6.659999847412109,6.670000076293945,6.659999847412109,6.670000076293945,639.0
2024-03-01 13:29:00,IONS,45.970001220703125,45.970001220703125,45.970001220703125,45.94499969482422,45.94499969482422,730.0
2024-03-01 13:29:00,IOVA,17.1117000579834,17.1117000579834,17.1200008392334,17.110000610351562,17.115999221801758,12513.0
2024-03-01 13:29:00,IRWD,9.055000305175781,9.055000305175781,9.0600004196167,9.050000190734863,9.055000305175781,2824.0
2024-03-01 13:29:00,ISRG,396.3900146484375,396.3900146484375,396.4200134277344,396.25,396.3299865722656,4592.0
2024-03-01 13:29:00,ITCI,71.61499786376953,71.61499786376953,71.62000274658203,71.61000061035156,71.62000274658203,620.0
2024-03-01 13:29:00,ITOS,11.234999656677246,11.234999656677246,11.234999656677246,11.234999656677246,11.234999656677246,204.0
2024-03-01 13:29:00,JAGX,0.07410000264644623,0.07410000264644623,0.07440000027418137,0.07349999994039536,0.07440000027418137,121576.0
2024-03-01 13:29:00,JANX,46.88999938964844,46.88999938964844,46.88999938964844,46.88999938964844,46.88999938964844,1096.0
2024-03-01 13:29:00,JAZZ,119.41329956054688,119.41329956054688,119.41329956054688,119.36000061035156,119.37999725341797,892.0
2024-03-01 13:29:00,KALV,14.220000267028809,14.220000267028809,14.220000267028809,14.1899995803833,14.1899995803833,228.0
2024-03-01 13:29:00,KOD,6.09499979019165,6.09499979019165,6.099999904632568,6.09499979019165,6.099999904632568,315.0
2024-03-01 13:29:00,KPTI,1.2000000476837158,1.2000000476837158,1.2000000476837158,1.2000000476837158,1.2000000476837158,3011.0
2024-03-01 13:29:00,KRYS,169.3800048828125,169.3800048828125,169.3800048828125,169.30999755859375,169.30999755859375,532.0
2024-03-01 13:29:00,KURA,21.5,21.5,21.584999084472656,21.5,21.584999084472656,5346.0
2024-03-01 13:29:00,KYMR,44.09000015258789,44.09000015258789,44.095001220703125,44.09000015258789,44.095001220703125,550.0
2024-03-01 13:29:00,KZR,1.0800000429153442,1.0800000429153442,1.0800000429153442,1.0800000429153442,1.0800000429153442,400.0
2024-03-01 13:29:00,LAB,2.490299940109253,2.490299940109253,2.494999885559082,2.490299940109253,2.494999885559082,2400.0
2024-03-01 13:29:00,LEGN,66.04499816894531,66.04499816894531,66.04499816894531,66.04499816894531,66.04499816894531,255.0
2024-03-01 13:29:00,LFMD,7.989999771118164,7.989999771118164,7.989999771118164,7.989999771118164,7.989999771118164,101.0
2024-03-01 13:29:00,LFST,7.764999866485596,7.764999866485596,7.771100044250488,7.764999866485596,7.771100044250488,1607.0
2024-03-01 13:29:00,LIAN,4.860000133514404,4.860000133514404,4.860000133514404,4.860000133514404,4.860000133514404,1525.0
2024-03-01 13:29:00,LIVN,55.93000030517578,55.93000030517578,55.93000030517578,55.93000030517578,55.93000030517578,436.0
2024-03-01 13:29:00,LMAT,67.80000305175781,67.80000305175781,67.80000305175781,67.80000305175781,67.80000305175781,465.0
2024-03-01 13:29:00,LQDA,14.664999961853027,14.664999961853027,14.664999961853027,14.664999961853027,14.664999961853027,131.0
2024-03-01 13:29:00,LTRN,4.554999828338623,4.554999828338623,4.554999828338623,4.552000045776367,4.552000045776367,2160.0
2024-03-01 13:29:00,LUCD,1.23989999294281,1.23989999294281,1.23989999294281,1.23989999294281,1.23989999294281,220.0
2024-03-01 13:29:00,LUNG,9.5,9.5,9.5,9.479999542236328,9.479999542236328,1721.0
2024-03-01 13:29:00,LXRX,2.5199999809265137,2.5199999809265137,2.5250000953674316,2.5199999809265137,2.5199999809265137,5923.0
2024-03-01 13:29:00,LYRA,5.690000057220459,5.690000057220459,5.690000057220459,5.684999942779541,5.684999942779541,380.0
2024-03-01 13:29:00,MACK,14.710000038146973,14.710000038146973,14.710000038146973,14.710000038146973,14.710000038146973,251.0
2024-03-01 13:29:00,MASI,128.8625030517578,128.8625030517578,128.86500549316406,128.8625030517578,128.86500549316406,373.0
2024-03-01 13:29:00,MCRB,1.2000000476837158,1.2000000476837158,1.2000000476837158,1.2000000476837158,1.2000000476837158,409.0
2024-03-01 13:29:00,MDGL,251.69000244140625,251.69000244140625,251.69000244140625,251.67999267578125,251.67999267578125,995.0
2024-03-01 13:29:00,MDRX,6.0,6.0,6.099999904632568,5.989999771118164,6.0,366431.0
2024-03-01 13:29:00,MDXG,8.675000190734863,8.675000190734863,8.680000305175781,8.675000190734863,8.680000305175781,2892.0
2024-03-01 13:29:00,ME,0.5699999928474426,0.5699999928474426,0.5699999928474426,0.5695000290870667,0.5695000290870667,2538.0
2024-03-01 13:29:00,MEDP,400.5799865722656,400.5799865722656,401.1791076660156,400.1300048828125,401.1791076660156,1871.0
2024-03-01 13:29:00,MEIP,4.260000228881836,4.260000228881836,4.260000228881836,4.260000228881836,4.260000228881836,105.0
2024-03-01 13:29:00,MGTX,6.474999904632568,6.474999904632568,6.474999904632568,6.474999904632568,6.474999904632568,135.0
2024-03-01 13:29:00,MIRM,29.809999465942383,29.809999465942383,29.84000015258789,29.809999465942383,29.84000015258789,1117.0
2024-03-01 13:29:00,MLTX,51.25,51.25,51.25,51.25,51.25,541.0
2024-03-01 13:29:00,MMSI,76.4000015258789,76.4000015258789,76.4000015258789,76.4000015258789,76.4000015258789,642.0
2024-03-01 13:29:00,MNKD,4.539999961853027,4.539999961853027,4.556099891662598,4.539999961853027,4.556099891662598,26931.0
2024-03-01 13:29:00,MNMD,6.114999771118164,6.114999771118164,6.130000114440918,6.110000133514404,6.130000114440918,3218.0
2024-03-01 13:29:00,MNOV,1.3700000047683716,1.3700000047683716,1.3700000047683716,1.3700000047683716,1.3700000047683716,302.0
2024-03-01 13:29:00,MODD,1.909999966621399,1.909999966621399,1.909999966621399,1.909999966621399,1.909999966621399,300.0
2024-03-01 13:29:00,MOR,17.579999923706055,17.579999923706055,17.59000015258789,17.579999923706055,17.59000015258789,1605.0
2024-03-01 13:29:00,MORF,39.584999084472656,39.584999084472656,39.584999084472656,39.584999084472656,39.584999084472656,255.0
2024-03-01 13:29:00,MREO,3.9865000247955322,3.9865000247955322,3.990000009536743,3.98009991645813,3.984999895095825,10620.0
2024-03-01 13:29:00,MRNA,96.13990020751953,96.13990020751953,96.13999938964844,96.0999984741211,96.13500213623047,3829.0
2024-03-01 13:29:00,MRNS,10.479999542236328,10.479999542236328,10.489999771118164,10.470000267028809,10.48799991607666,4565.0
2024-03-01 13:29:00,MRSN,5.978799819946289,5.978799819946289,5.989999771118164,5.960000038146973,5.960000038146973,10030.0
2024-03-01 13:29:00,MRUS,51.560001373291016,51.560001373291016,51.564998626708984,51.380001068115234,51.47999954223633,5108.0
2024-03-01 13:29:00,MRVI,7.704999923706055,7.704999923706055,7.719900131225586,7.704999923706055,7.715000152587891,2118.0
2024-03-01 13:29:00,MXCT,4.764999866485596,4.764999866485596,4.764999866485596,4.764999866485596,4.764999866485596,282.0
2024-03-01 13:29:00,MYGN,21.924999237060547,21.924999237060547,21.924999237060547,21.90999984741211,21.90999984741211,1760.0
2024-03-01 13:29:00,MYNZ,0.8650000095367432,0.8650000095367432,0.8650000095367432,0.8650000095367432,0.8650000095367432,775.0
2024-03-01 13:29:00,NARI,45.2400016784668,45.2400016784668,45.2400016784668,45.0,45.04999923706055,3250.0
2024-03-01 13:29:00,NAUT,2.6500000953674316,2.6500000953674316,2.6500000953674316,2.6500000953674316,2.6500000953674316,202.0
2024-03-01 13:29:00,NBIX,132.41000366210938,132.41000366210938,132.41000366210938,132.31500244140625,132.41000366210938,1281.0
2024-03-01 13:29:00,NEO,16.030000686645508,16.030000686645508,16.040000915527344,16.024999618530273,16.024999618530273,707.0
2024-03-01 13:29:00,NEOG,17.360000610351562,17.360000610351562,17.364999771118164,17.360000610351562,17.364999771118164,500.0
2024-03-01 13:29:00,NERV,2.595599889755249,2.595599889755249,2.595599889755249,2.5899999141693115,2.5899999141693115,1100.0
2024-03-01 13:29:00,NGM,1.5299999713897705,1.5299999713897705,1.5299999713897705,1.5299999713897705,1.5299999713897705,317.0
2024-03-01 13:29:00,NKTR,0.7815499901771545,0.7815499901771545,0.7815499901771545,0.7800999879837036,0.7800999879837036,520.0
2024-03-01 13:29:00,NNOX,10.930000305175781,10.930000305175781,10.949700355529785,10.90999984741211,10.943499565124512,8712.0
2024-03-01 13:29:00,NOTV,8.130000114440918,8.130000114440918,8.149999618530273,8.130000114440918,8.149999618530273,2565.0
2024-03-01 13:29:00,NRBO,5.957099914550781,5.957099914550781,5.957099914550781,5.957099914550781,5.957099914550781,500.0
2024-03-01 13:29:00,NRC,40.529998779296875,40.529998779296875,40.529998779296875,40.529998779296875,40.529998779296875,382.0
2024-03-01 13:29:00,NRIX,13.729999542236328,13.729999542236328,13.75,13.710000038146973,13.75,1745.0
2024-03-01 13:29:00,NRXP,0.4142000079154968,0.4142000079154968,0.4142000079154968,0.4142000079154968,0.4142000079154968,111.0
2024-03-01 13:29:00,NTLA,33.37820053100586,33.37820053100586,33.39500045776367,33.37820053100586,33.39500045776367,1473.0
2024-03-01 13:29:00,NTRA,89.5250015258789,89.5250015258789,89.79000091552734,89.44999694824219,89.79000091552734,6802.0
2024-03-01 13:29:00,NUVL,88.74859619140625,88.74859619140625,88.74859619140625,88.74859619140625,88.74859619140625,155.0
2024-03-01 13:29:00,NUWE,0.5800999999046326,0.5800999999046326,0.5800999999046326,0.5800999999046326,0.5800999999046326,200.0
2024-03-01 13:29:00,NVAX,5.235000133514404,5.235000133514404,5.239999771118164,5.230000019073486,5.235000133514404,8571.0
2024-03-01 13:29:00,NVCR,15.9399995803833,15.9399995803833,15.960000038146973,15.9399995803833,15.960000038146973,1768.0
2024-03-01 13:29:00,NVCT,10.630000114440918,10.630000114440918,10.630000114440918,10.630000114440918,10.630000114440918,201.0
2024-03-01 13:29:00,NVNO,6.335000038146973,6.335000038146973,6.400000095367432,6.300000190734863,6.300000190734863,550.0
2024-03-01 13:29:00,NXTC,1.75,1.75,1.7599999904632568,1.75,1.7599999904632568,443.0
2024-03-01 13:29:00,OCGN,0.968500018119812,0.968500018119812,0.9700000286102295,0.968500018119812,0.9700000286102295,2323.0
2024-03-01 13:29:00,OCUL,10.895000457763672,10.895000457763672,10.90999984741211,10.880000114440918,10.880000114440918,6891.0
2024-03-01 13:29:00,OGI,2.1923000812530518,2.1923000812530518,2.1923000812530518,2.1923000812530518,2.1923000812530518,475.0
2024-03-01 13:29:00,OLK,22.799999237060547,22.799999237060547,22.799999237060547,22.795000076293945,22.795000076293945,1233.0
2024-03-01 13:29:00,OLMA,14.710000038146973,14.710000038146973,14.710000038146973,14.710000038146973,14.710000038146973,163.0
2024-03-01 13:29:00,OMCL,26.3799991607666,26.3799991607666,26.399999618530273,26.3799991607666,26.399999618530273,613.0
2024-03-01 13:29:00,OMGA,4.262800216674805,4.262800216674805,4.262800216674805,4.255000114440918,4.255000114440918,6779.0
2024-03-01 13:29:00,ONCT,10.25,10.25,10.25,10.25,10.25,700.0
2024-03-01 13:29:00,ONTX,0.8017160296440125,0.8017160296440125,0.8017160296440125,0.8017160296440125,0.8017160296440125,524.0
2024-03-01 13:30:00,AADI,1.9950000047683716,1.9950000047683716,2.0,1.9950000047683716,2.0,980.0
2024-03-01 13:30:00,ABCL,5.235000133514404,5.235000133514404,5.235000133514404,5.230000019073486,5.230000019073486,723.0
2024-03-01 13:30:00,ABIO,1.6699999570846558,1.6699999570846558,1.6699999570846558,1.6699999570846558,1.6699999570846558,779.0
2024-03-01 13:30:00,ABOS,4.670000076293945,4.670000076293945,4.670000076293945,4.670000076293945,4.670000076293945,450.0
2024-03-01 13:30:00,ABSI,5.360000133514404,5.360000133514404,5.380000114440918,5.360000133514404,5.380000114440918,6814.0
2024-03-01 13:30:00,ABUS,2.765000104904175,2.765000104904175,2.765000104904175,2.765000104904175,2.765000104904175,112.0
2024-03-01 13:30:00,ACAD,24.34000015258789,24.34000015258789,24.360000610351562,24.34000015258789,24.360000610351562,1921.0
2024-03-01 13:30:00,ACB,3.234999895095825,3.234999895095825,3.234999895095825,3.2300000190734863,3.2300000190734863,7107.0
2024-03-01 13:30:00,ACET,2.390000104904175,2.390000104904175,2.4000000953674316,2.390000104904175,2.390000104904175,657.0
2024-03-01 13:30:00,ACHC,84.8499984741211,84.8499984741211,84.8499984741211,84.83999633789062,84.8499984741211,591.0
2024-03-01 13:30:00,ACHV,4.360000133514404,4.360000133514404,4.360000133514404,4.34499979019165,4.34499979019165,510.0
2024-03-01 13:30:00,ACLX,67.20500183105469,67.20500183105469,67.20500183105469,67.20500183105469,67.20500183105469,274.0
2024-03-01 13:30:00,ACRS,1.2400000095367432,1.2400000095367432,1.2400000095367432,1.2300000190734863,1.2400000095367432,1057.0
2024-03-01 13:30:00,ADIL,3.180000066757202,3.180000066757202,3.2300000190734863,3.180000066757202,3.200000047683716,21182.0
2024-03-01 13:30:00,ADMA,5.530099868774414,5.530099868774414,5.534999847412109,5.530099868774414,5.534999847412109,1040.0
2024-03-01 13:30:00,ADPT,4.15500020980835,4.15500020980835,4.15500020980835,4.150000095367432,4.15500020980835,530.0
2024-03-01 13:30:00,ADUS,93.91999816894531,93.91999816894531,94.0,93.91999816894531,94.0,317.0
2024-03-01 13:30:00,ADVM,1.9450000524520874,1.9450000524520874,1.9450000524520874,1.9412000179290771,1.9412000179290771,361.0
2024-03-01 13:30:00,AGEN,0.6825000047683716,0.6825000047683716,0.6825000047683716,0.682200014591217,0.6825000047683716,18514.0
2024-03-01 13:30:00,AGIO,32.88999938964844,32.88999938964844,32.900001525878906,32.88999938964844,32.900001525878906,1274.0
2024-03-01 13:30:00,AHCO,10.569999694824219,10.569999694824219,10.569999694824219,10.5600004196167,10.5649995803833,11347.0
2024-03-01 13:30:00,AIRS,6.429999828338623,6.429999828338623,6.429999828338623,6.429999828338623,6.429999828338623,102.0
2024-03-01 13:30:00,AKBA,1.6900999546051025,1.6900999546051025,1.6974999904632568,1.690000057220459,1.690000057220459,4061.0
2024-03-01 13:30:00,AKRO,30.239999771118164,30.239999771118164,30.239999771118164,30.208799362182617,30.208799362182617,1790.0
2024-03-01 13:30:00,ALDX,4.322000026702881,4.322000026702881,4.322000026702881,4.320000171661377,4.320000171661377,1402.0
2024-03-01 13:30:00,ALGN,304.2900085449219,304.2900085449219,304.2900085449219,304.2900085449219,304.2900085449219,661.0
2024-03-01 13:30:00,ALGS,1.100000023841858,1.100000023841858,1.1019999980926514,1.100000023841858,1.1019999980926514,700.0
2024-03-01 13:30:00,ALHC,5.659999847412109,5.659999847412109,5.659999847412109,5.659999847412109,5.659999847412109,1311.0
2024-03-01 13:30:00,ALKS,30.219999313354492,30.219999313354492,30.229999542236328,30.209999084472656,30.229999542236328,886.0
2024-03-01 13:30:00,ALLK,1.625,1.625,1.6299999952316284,1.625,1.625,1915.0
2024-03-01 13:30:00,ALLO,5.034999847412109,5.034999847412109,5.034999847412109,5.034999847412109,5.034999847412109,662.0
2024-03-01 13:30:00,ALNY,153.7100067138672,153.7100067138672,153.78799438476562,153.7100067138672,153.78799438476562,924.0
2024-03-01 13:30:00,ALPN,36.08000183105469,36.08000183105469,36.08000183105469,36.01499938964844,36.01499938964844,374.0
2024-03-01 13:30:00,ALT,12.109999656677246,12.109999656677246,12.119999885559082,12.109999656677246,12.109999656677246,10569.0
2024-03-01 13:30:00,ALVR,0.7551000118255615,0.7551000118255615,0.7552000284194946,0.7545999884605408,0.7545999884605408,5230.0
2024-03-01 13:30:00,AMED,93.30999755859375,93.30999755859375,93.30999755859375,93.30999755859375,93.30999755859375,490.0
2024-03-01 13:30:00,AMGN,280.739990234375,280.739990234375,280.82501220703125,280.6600036621094,280.6600036621094,5858.0
2024-03-01 13:30:00,AMLX,18.65999984741211,18.65999984741211,18.68000030517578,18.65999984741211,18.65999984741211,2260.0
2024-03-01 13:30:00,AMPH,45.5099983215332,45.5099983215332,45.61000061035156,45.5099983215332,45.540000915527344,13417.0
2024-03-01 13:30:00,AMRN,1.0499999523162842,1.0499999523162842,1.0508999824523926,1.0499999523162842,1.0499999523162842,687.0
2024-03-01 13:30:00,ANIP,65.97059631347656,65.97059631347656,66.0,65.94999694824219,65.95999908447266,607.0
2024-03-01 13:30:00,ANIX,3.5100998878479004,3.5100998878479004,3.5100998878479004,3.5100998878479004,3.5100998878479004,534.0
2024-03-01 13:30:00,ANNX,6.105000019073486,6.105000019073486,6.110000133514404,6.105000019073486,6.110000133514404,485.0
2024-03-01 13:30:00,APLS,65.03500366210938,65.03500366210938,65.03500366210938,64.90499877929688,64.90499877929688,9264.0
2024-03-01 13:30:00,APLT,7.150000095367432,7.150000095367432,7.159999847412109,7.150000095367432,7.159999847412109,4368.0
2024-03-01 13:30:00,APVO,0.1550000011920929,0.1550000011920929,0.16040000319480896,0.1550000011920929,0.16040000319480896,14420.0
2024-03-01 13:30:00,AQST,4.300000190734863,4.300000190734863,4.300000190734863,4.300000190734863,4.300000190734863,204.0
2024-03-01 13:30:00,ARAY,2.640000104904175,2.640000104904175,2.640000104904175,2.640000104904175,2.640000104904175,119.0
2024-03-01 13:30:00,ARCT,39.92499923706055,39.92499923706055,39.92499923706055,39.92499923706055,39.92499923706055,150.0
2024-03-01 13:30:00,ARDX,9.484999656677246,9.484999656677246,9.489899635314941,9.484999656677246,9.489899635314941,1574.0
2024-03-01 13:30:00,ARQT,11.71500015258789,11.71500015258789,11.71500015258789,11.704999923706055,11.704999923706055,3147.0
2024-03-01 13:30:00,ARVN,48.8849983215332,48.8849983215332,48.8849983215332,48.83000183105469,48.83000183105469,521.0
2024-03-01 13:30:00,ARWR,35.56840133666992,35.56840133666992,35.63999938964844,35.56840133666992,35.63999938964844,1826.0
2024-03-01 13:30:00,ASRT,0.920199990272522,0.920199990272522,0.9248499870300293,0.920199990272522,0.9248499870300293,436.0
2024-03-01 13:30:00,ATAI,2.1689999103546143,2.1689999103546143,2.1760001182556152,2.1689999103546143,2.1760001182556152,5276.0
2024-03-01 13:30:00,ATEC,13.479999542236328,13.479999542236328,13.484999656677246,13.475000381469727,13.484999656677246,9022.0
2024-03-01 13:30:00,ATRA,0.7950999736785889,0.7950999736785889,0.7950999736785889,0.7950500249862671,0.7950500249862671,13031.0
2024-03-01 13:30:00,ATXS,14.800000190734863,14.800000190734863,14.829999923706055,14.779999732971191,14.779999732971191,4785.0
2024-03-01 13:30:00,AUGX,4.550000190734863,4.550000190734863,4.550000190734863,4.550000190734863,4.550000190734863,118.0
2024-03-01 13:30:00,AUPH,5.84499979019165,5.84499979019165,5.849999904632568,5.84499979019165,5.84499979019165,1877.0
2024-03-01 13:30:00,AUTL,6.389999866485596,6.389999866485596,6.389999866485596,6.385000228881836,6.389999866485596,1525.0
2024-03-01 13:30:00,AVAH,2.370300054550171,2.370300054550171,2.370300054550171,2.370300054550171,2.370300054550171,222.0
2024-03-01 13:30:00,AVDL,13.239999771118164,13.239999771118164,13.239999771118164,13.239999771118164,13.239999771118164,464.0
2024-03-01 13:30:00,AVIR,4.489999771118164,4.489999771118164,4.489999771118164,4.489999771118164,4.489999771118164,1971.0
2024-03-01 13:30:00,AVXL,5.315000057220459,5.315000057220459,5.315000057220459,5.315000057220459,5.315000057220459,259.0
2024-03-01 13:30:00,AXDX,1.001099944114685,1.001099944114685,1.001099944114685,1.001099944114685,1.001099944114685,263.0
2024-03-01 13:30:00,AXSM,82.25,82.25,82.30000305175781,82.25,82.30000305175781,710.0
2024-03-01 13:30:00,AZN,64.67500305175781,64.67500305175781,64.68000030517578,64.66999816894531,64.66999816894531,5611.0
2024-03-01 13:30:00,AZTA,66.91999816894531,66.91999816894531,66.91999816894531,66.91999816894531,66.91999816894531,170.0
2024-03-01 13:30:00,BBIO,36.040000915527344,36.040000915527344,36.099998474121094,35.9900016784668,36.099998474121094,2851.0
2024-03-01 13:30:00,BBLG,2.430000066757202,2.430000066757202,2.430000066757202,2.430000066757202,2.430000066757202,1005.0
2024-03-01 13:30:00,BCDA,0.5699899792671204,0.5699899792671204,0.5699999928474426,0.5666000247001648,0.5681999921798706,30679.0
2024-03-01 13:30:00,BCRX,5.699999809265137,5.699999809265137,5.704999923706055,5.699999809265137,5.699999809265137,480.0
2024-03-01 13:30:00,BCTX,3.5450000762939453,3.5450000762939453,3.5450000762939453,3.5450000762939453,3.5450000762939453,816.0
2024-03-01 13:30:00,BCYC,26.239999771118164,26.239999771118164,26.239999771118164,26.239999771118164,26.239999771118164,193.0
2024-03-01 13:30:00,BDTX,5.010000228881836,5.010000228881836,5.019999980926514,5.005000114440918,5.019999980926514,1491.0
2024-03-01 13:30:00,BEAM,40.37620162963867,40.37620162963867,40.38999938964844,40.36399841308594,40.380001068115234,3270.0
2024-03-01 13:30:00,BGNE,166.60000610351562,166.60000610351562,166.60000610351562,166.4199981689453,166.4199981689453,302.0
2024-03-01 13:30:00,BIOR,1.1299999952316284,1.1299999952316284,1.1299999952316284,1.125,1.1299999952316284,674.0
2024-03-01 13:30:00,BIVI,1.9600000381469727,1.9600000381469727,1.9699000120162964,1.9500000476837158,1.9600000381469727,25310.0
2024-03-01 13:30:00,BLFS,18.139999389648438,18.139999389648438,18.139999389648438,18.100000381469727,18.100000381469727,2393.0
2024-03-01 13:30:00,BLRX,1.3894000053405762,1.3894000053405762,1.3894000053405762,1.3894000053405762,1.3894000053405762,1008.0
2024-03-01 13:30:00,BLUE,1.600000023841858,1.600000023841858,1.600000023841858,1.593400001525879,1.600000023841858,6594.0
2024-03-01 13:30:00,BMEA,18.1299991607666,18.1299991607666,18.1299991607666,18.1299991607666,18.1299991607666,460.0
2024-03-01 13:30:00,BMRN,87.75,87.75,87.75,87.72000122070312,87.72000122070312,1172.0
2024-03-01 13:30:00,BNGO,1.2549999952316284,1.2549999952316284,1.2549999952316284,1.2549999952316284,1.2549999952316284,611.0
2024-03-01 13:30:00,BNTX,91.38999938964844,91.38999938964844,91.5199966430664,91.38999938964844,91.5199966430664,1443.0
2024-03-01 13:30:00,BPMC,97.27999877929688,97.27999877929688,97.28500366210938,97.20999908447266,97.25,5516.0
2024-03-01 13:30:00,BRKR,88.18499755859375,88.18499755859375,88.19999694824219,88.18000030517578,88.18000030517578,1180.0
2024-03-01 13:30:00,BRTX,1.5099999904632568,1.5099999904632568,1.5099999904632568,1.5099999904632568,1.5099999904632568,305.0
2024-03-01 13:30:00,BTAI,3.174999952316284,3.174999952316284,3.180000066757202,3.174999952316284,3.180000066757202,890.0
2024-03-01 13:30:00,BTMD,5.954999923706055,5.954999923706055,5.954999923706055,5.954999923706055,5.954999923706055,494.0
2024-03-01 13:30:00,BTTX,0.17649999260902405,0.17649999260902405,0.17669999599456787,0.17649999260902405,0.17659999430179596,43159.0
2024-03-01 13:30:00,BWAY,6.53000020980835,6.53000020980835,6.53000020980835,6.53000020980835,6.53000020980835,100.0
2024-03-01 13:30:00,CABA,24.280000686645508,24.280000686645508,24.295000076293945,24.280000686645508,24.295000076293945,717.0
2024-03-01 13:30:00,CADL,1.7450000047683716,1.7450000047683716,1.7450000047683716,1.7450000047683716,1.7450000047683716,147.0
2024-03-01 13:30:00,CARA,0.9289000034332275,0.9289000034332275,0.9290000200271606,0.9218000173568726,0.9218000173568726,900.0
2024-03-01 13:30:00,CBAY,32.2400016784668,32.2400016784668,32.2400016784668,32.22999954223633,32.2400016784668,1676.0
2024-03-01 13:30:00,CCCC,10.981200218200684,10.981200218200684,10.984999656677246,10.981200218200684,10.984999656677246,1936.0
2024-03-01 13:30:00,CDMO,8.079999923706055,8.079999923706055,8.119999885559082,8.079999923706055,8.119999885559082,3939.0
2024-03-01 13:30:00,CDNA,12.359999656677246,12.359999656677246,12.359999656677246,12.34000015258789,12.34000015258789,2341.0
2024-03-01 13:30:00,CDXS,4.554999828338623,4.554999828338623,4.554999828338623,4.554999828338623,4.554999828338623,246.0
2024-03-01 13:30:00,CERE,41.099998474121094,41.099998474121094,41.11000061035156,41.099998474121094,41.10499954223633,723.0
2024-03-01 13:30:00,CERT,17.90999984741211,17.90999984741211,17.940000534057617,17.90999984741211,17.940000534057617,2133.0
2024-03-01 13:30:00,CGC,3.259999990463257,3.259999990463257,3.259999990463257,3.25,3.259999990463257,1993.0
2024-03-01 13:30:00,CGEM,18.700000762939453,18.700000762939453,18.700000762939453,18.700000762939453,18.700000762939453,294.0
2024-03-01 13:30:00,CHRS,2.4200000762939453,2.4200000762939453,2.4200000762939453,2.4049999713897705,2.4100000858306885,28658.0
2024-03-01 13:30:00,CING,1.3592000007629395,1.3592000007629395,1.3592000007629395,1.3592000007629395,1.3592000007629395,740.0
2024-03-01 13:30:00,CLDX,52.6150016784668,52.6150016784668,52.619998931884766,52.5,52.54999923706055,3673.0
2024-03-01 13:30:00,CLNN,0.39489999413490295,0.39489999413490295,0.39500001072883606,0.39489999413490295,0.39500001072883606,1628.0
2024-03-01 13:30:00,CLOV,0.8705000281333923,0.8705000281333923,0.8705000281333923,0.8691999912261963,0.8691999912261963,15622.0
2024-03-01 13:30:00,CLPT,6.699999809265137,6.699999809265137,6.699999809265137,6.699999809265137,6.699999809265137,233.0
2024-03-01 13:30:00,CLRB,4.144999980926514,4.144999980926514,4.150000095367432,4.139999866485596,4.139999866485596,1298.0
2024-03-01 13:30:00,CMPS,11.425000190734863,11.425000190734863,11.4399995803833,11.420000076293945,11.420000076293945,456.0
2024-03-01 13:30:00,CNSP,0.32690000534057617,0.32690000534057617,0.32690000534057617,0.32690000534057617,0.32690000534057617,255.0
2024-03-01 13:30:00,CNTX,1.159999966621399,1.159999966621399,1.159999966621399,1.159999966621399,1.159999966621399,366.0
2024-03-01 13:30:00,COGT,7.199999809265137,7.199999809265137,7.199999809265137,7.190000057220459,7.199999809265137,3942.0
2024-03-01 13:30:00,CORT,24.309999465942383,24.309999465942383,24.309999465942383,24.309999465942383,24.309999465942383,120.0
2024-03-01 13:30:00,COSM,0.7555999755859375,0.7555999755859375,0.7555999755859375,0.7555999755859375,0.7555999755859375,207.0
2024-03-01 13:30:00,CPRX,17.264999389648438,17.264999389648438,17.270000457763672,17.260000228881836,17.264999389648438,2051.0
2024-03-01 13:30:00,CRBP,32.25910186767578,32.25910186767578,32.25910186767578,32.16999816894531,32.16999816894531,265.0
2024-03-01 13:30:00,CRBU,7.914999961853027,7.914999961853027,7.929999828338623,7.909999847412109,7.929999828338623,4401.0
2024-03-01 13:30:00,CRDF,2.4600000381469727,2.4600000381469727,2.4600000381469727,2.450000047683716,2.4600000381469727,13741.0
2024-03-01 13:30:00,CRDL,1.940000057220459,1.940000057220459,1.940000057220459,1.9198999404907227,1.9199999570846558,11995.0
2024-03-01 13:30:00,CRMD,3.7200000286102295,3.7200000286102295,3.7200000286102295,3.7200000286102295,3.7200000286102295,179.0
2024-03-01 13:30:00,CRON,2.069999933242798,2.069999933242798,2.069999933242798,2.06030011177063,2.060699939727783,1276.0
2024-03-01 13:30:00,CTMX,2.6449999809265137,2.6449999809265137,2.6600000858306885,2.6449999809265137,2.6549999713897705,9679.0
2024-03-01 13:30:00,CTXR,0.7742999792098999,0.7742999792098999,0.7742999792098999,0.7742999792098999,0.7742999792098999,632.0
2024-03-01 13:30:00,CUTR,2.380000114440918,2.380000114440918,2.390000104904175,2.380000114440918,2.390000104904175,6462.0
2024-03-01 13:30:00,CVAC,3.494999885559082,3.494999885559082,3.494999885559082,3.494999885559082,3.494999885559082,205.0
2024-03-01 13:30:00,CYCC,2.70989990234375,2.70989990234375,2.70989990234375,2.70989990234375,2.70989990234375,4983.0
2024-03-01 13:30:00,CYTK,72.95999908447266,72.95999908447266,72.98999786376953,72.95999908447266,72.9800033569336,2235.0
2024-03-01 13:30:00,CYTO,2.240000009536743,2.240000009536743,2.240000009536743,2.240000009536743,2.240000009536743,860.0
2024-03-01 13:30:00,DAWN,17.450000762939453,17.450000762939453,17.469900131225586,17.450000762939453,17.469900131225586,1067.0
2024-03-01 13:30:00,DCGO,4.175000190734863,4.175000190734863,4.175000190734863,4.170000076293945,4.175000190734863,1407.0
2024-03-01 13:30:00,DCPH,17.489999771118164,17.489999771118164,17.489999771118164,17.489999771118164,17.489999771118164,968.0
2024-03-01 13:30:00,DCTH,4.179999828338623,4.179999828338623,4.179999828338623,4.179999828338623,4.179999828338623,215.0
2024-03-01 13:30:00,DH,8.845000267028809,8.845000267028809,8.845000267028809,8.845000267028809,8.845000267028809,183.0
2024-03-01 13:30:00,DMTK,0.8501009941101074,0.8501009941101074,0.8600000143051147,0.8500000238418579,0.8600000143051147,6225.0
2024-03-01 13:30:00,DNLI,20.889999389648438,20.889999389648438,20.889999389648438,20.790000915527344,20.799999237060547,21275.0
2024-03-01 13:30:00,DRRX,1.0025500059127808,1.0025500059127808,1.0025500059127808,1.0025500059127808,1.0025500059127808,600.0
2024-03-01 13:30:00,DVAX,12.880000114440918,12.880000114440918,12.880000114440918,12.875,12.875,824.0
2024-03-01 13:30:00,DXCM,121.80999755859375,121.80999755859375,121.88999938964844,121.7750015258789,121.8499984741211,8628.0
2024-03-01 13:30:00,DYN,28.729999542236328,28.729999542236328,28.729999542236328,28.729999542236328,28.729999542236328,329.0
2024-03-01 13:30:00,EDAP,6.822700023651123,6.822700023651123,6.822700023651123,6.809999942779541,6.809999942779541,9583.0
2024-03-01 13:30:00,EDIT,10.869999885559082,10.869999885559082,10.869999885559082,10.864999771118164,10.869999885559082,2799.0
2024-03-01 13:30:00,EGRX,6.71999979019165,6.71999979019165,6.71999979019165,6.71999979019165,6.71999979019165,395.0
2024-03-01 13:30:00,EIGR,6.760000228881836,6.760000228881836,6.760000228881836,6.760000228881836,6.760000228881836,220.0
2024-03-01 13:30:00,ELEV,5.050000190734863,5.050000190734863,5.050000190734863,5.039999961853027,5.050000190734863,1002.0
2024-03-01 13:30:00,EMBC,14.324999809265137,14.324999809265137,14.34000015258789,14.319999694824219,14.319999694824219,415.0
2024-03-01 13:30:00,ENTA,15.420100212097168,15.420100212097168,15.4350004196167,15.420100212097168,15.4350004196167,615.0
2024-03-01 13:30:00,ENVB,1.482200026512146,1.482200026512146,1.4900000095367432,1.4800000190734863,1.4800000190734863,6723.0
2024-03-01 13:30:00,EOLS,14.90999984741211,14.90999984741211,14.920000076293945,14.90999984741211,14.920000076293945,2694.0
2024-03-01 13:30:00,EPIX,9.449999809265137,9.449999809265137,9.558199882507324,9.449999809265137,9.558199882507324,2154.0
2024-03-01 13:30:00,ERAS,2.494999885559082,2.494999885559082,2.494999885559082,2.490000009536743,2.490000009536743,1418.0
2024-03-01 13:30:00,ESPR,2.5199999809265137,2.5199999809265137,2.5299999713897705,2.5199999809265137,2.5299999713897705,3354.0
2024-03-01 13:30:00,ETNB,13.225000381469727,13.225000381469727,13.225000381469727,13.225000381469727,13.225000381469727,281.0
2024-03-01 13:30:00,EWTX,17.010000228881836,17.010000228881836,17.010000228881836,17.010000228881836,17.010000228881836,644.0
2024-03-01 13:30:00,EXAI,6.769999980926514,6.769999980926514,6.775000095367432,6.769999980926514,6.775000095367432,584.0
2024-03-01 13:30:00,EXAS,59.959999084472656,59.959999084472656,59.970001220703125,59.90999984741211,59.939998626708984,3466.0
2024-03-01 13:30:00,EXEL,22.586000442504883,22.586000442504883,22.586000442504883,22.579999923706055,22.579999923706055,4548.0
2024-03-01 13:30:00,EYPT,28.0,28.0,28.0,27.989999771118164,27.989999771118164,476.0
2024-03-01 13:30:00,FATE,7.760000228881836,7.760000228881836,7.760000228881836,7.735000133514404,7.744999885559082,5515.0
2024-03-01 13:30:00,FBIO,2.3350000381469727,2.3350000381469727,2.3387999534606934,2.3299999237060547,2.3387999534606934,702.0
2024-03-01 13:30:00,FDMT,29.489999771118164,29.489999771118164,29.489999771118164,29.489999771118164,29.489999771118164,302.0
2024-03-01 13:30:00,FEMY,1.7200000286102295,1.7200000286102295,1.7200000286102295,1.7200000286102295,1.7200000286102295,1037.0
2024-03-01 13:30:00,FGEN,1.8799999952316284,1.8799999952316284,1.8799999952316284,1.8799999952316284,1.8799999952316284,1100.0
2024-03-01 13:30:00,FHTX,8.244999885559082,8.244999885559082,8.244999885559082,8.244999885559082,8.244999885559082,100.0
2024-03-01 13:30:00,FOLD,13.369999885559082,13.369999885559082,13.375,13.369999885559082,13.375,1563.0
2024-03-01 13:30:00,FULC,11.199999809265137,11.199999809265137,11.199999809265137,11.149999618530273,11.149999618530273,2455.0
2024-03-01 13:30:00,GDRX,8.329999923706055,8.329999923706055,8.345000267028809,8.329999923706055,8.335000038146973,16827.0
2024-03-01 13:30:00,GERN,2.244999885559082,2.244999885559082,2.25,2.244999885559082,2.244999885559082,3747.0
2024-03-01 13:30:00,GH,19.049999237060547,19.049999237060547,19.049999237060547,19.030000686645508,19.030000686645508,3748.0
2024-03-01 13:30:00,GILD,72.30999755859375,72.30999755859375,72.31500244140625,72.2750015258789,72.2750015258789,13109.0
2024-03-01 13:30:00,GLYC,3.049999952316284,3.049999952316284,3.049999952316284,3.049999952316284,3.049999952316284,477.0
2024-03-01 13:30:00,GOSS,1.409999966621399,1.409999966621399,1.409999966621399,1.4009000062942505,1.409999966621399,1400.0
2024-03-01 13:30:00,GRFS,7.099999904632568,7.099999904632568,7.105000019073486,7.099999904632568,7.105000019073486,213.0
2024-03-01 13:30:00,GRTS,2.191800117492676,2.191800117492676,2.196899890899658,2.190200090408325,2.190200090408325,6485.0
2024-03-01 13:30:00,GTHX,3.799999952316284,3.799999952316284,3.799999952316284,3.7850000858306885,3.7899999618530273,1967.0
2024-03-01 13:30:00,HALO,41.404998779296875,41.404998779296875,41.404998779296875,41.404998779296875,41.404998779296875,316.0
2024-03-01 13:30:00,HARP,22.940000534057617,22.940000534057617,22.940000534057617,22.940000534057617,22.940000534057617,298.0
2024-03-01 13:30:00,HCAT,8.140000343322754,8.140000343322754,8.140000343322754,8.119999885559082,8.130000114440918,3830.0
2024-03-01 13:30:00,HCSG,12.633000373840332,12.633000373840332,12.633000373840332,12.633000373840332,12.633000373840332,100.0
2024-03-01 13:30:00,HCTI,2.4045000076293945,2.4045000076293945,2.4045000076293945,2.4045000076293945,2.4045000076293945,556.0
2024-03-01 13:30:00,HCWB,1.5999000072479248,1.5999000072479248,1.5999000072479248,1.5999000072479248,1.5999000072479248,1358.0
2024-03-01 13:30:00,HLVX,19.114999771118164,19.114999771118164,19.114999771118164,19.114999771118164,19.114999771118164,174.0
2024-03-01 13:30:00,HOLX,74.04000091552734,74.04000091552734,74.04000091552734,73.9749984741211,74.0,4350.0
2024-03-01 13:30:00,HOOK,0.7800999879837036,0.7800999879837036,0.7800999879837036,0.7800999879837036,0.7800999879837036,116.0
2024-03-01 13:30:00,HRTX,2.5899999141693115,2.5899999141693115,2.5999999046325684,2.5899999141693115,2.5999999046325684,296.0
2024-03-01 13:30:00,HSCS,0.1185000017285347,0.1185000017285347,0.1185000017285347,0.1185000017285347,0.1185000017285347,1441.0
2024-03-01 13:30:00,HSIC,76.91000366210938,76.91000366210938,76.91000366210938,76.9000015258789,76.9000015258789,1122.0
2024-03-01 13:30:00,HUMA,3.350100040435791,3.350100040435791,3.369999885559082,3.350100040435791,3.369999885559082,27664.0
2024-03-01 13:30:00,IBRX,4.789999961853027,4.789999961853027,4.789999961853027,4.775000095367432,4.775000095367432,4199.0
2024-03-01 13:30:00,ICCC,5.360000133514404,5.360000133514404,5.360000133514404,5.360000133514404,5.360000133514404,299.0
2024-03-01 13:30:00,ICLR,322.45001220703125,322.45001220703125,322.489990234375,322.45001220703125,322.489990234375,382.0
2024-03-01 13:30:00,ICUI,104.77999877929688,104.77999877929688,104.77999877929688,104.75,104.77999877929688,642.0
2024-03-01 13:30:00,IDXX,581.4299926757812,581.4299926757812,581.4299926757812,579.5700073242188,579.5700073242188,2603.0
2024-03-01 13:30:00,IGMS,13.529999732971191,13.529999732971191,13.539999961853027,13.529999732971191,13.529999732971191,771.0
2024-03-01 13:30:00,IINN,1.690000057220459,1.690000057220459,1.690000057220459,1.679900050163269,1.6799999475479126,937.0
2024-03-01 13:30:00,IKT,2.099900007247925,2.099900007247925,2.099900007247925,2.099900007247925,2.099900007247925,1236.0
2024-03-01 13:30:00,ILMN,142.0399932861328,142.0399932861328,142.0800018310547,142.02999877929688,142.0800018310547,2821.0
2024-03-01 13:30:00,IMCR,67.98999786376953,67.98999786376953,67.98999786376953,67.98999786376953,67.98999786376953,188.0
2024-03-01 13:30:00,IMNM,25.479999542236328,25.479999542236328,25.575000762939453,25.479999542236328,25.575000762939453,901.0
2024-03-01 13:30:00,IMNN,1.0300999879837036,1.0300999879837036,1.0300999879837036,1.0300999879837036,1.0300999879837036,101.0
2024-03-01 13:30:00,IMTX,12.890000343322754,12.890000343322754,12.890000343322754,12.890000343322754,12.890000343322754,159.0
2024-03-01 13:30:00,IMUX,1.4700000286102295,1.4700000286102295,1.4700000286102295,1.4700000286102295,1.4700000286102295,664.0
2024-03-01 13:30:00,IMVT,35.97100067138672,35.97100067138672,36.029998779296875,35.970001220703125,36.029998779296875,3307.0
2024-03-01 13:30:00,INAB,1.0800000429153442,1.0800000429153442,1.0800000429153442,1.0800000429153442,1.0800000429153442,2166.0
2024-03-01 13:30:00,INBX,36.52000045776367,36.52000045776367,36.53499984741211,36.52000045776367,36.53499984741211,301.0
2024-03-01 13:30:00,INCY,59.36989974975586,59.36989974975586,59.36989974975586,59.349998474121094,59.36000061035156,666.0
2024-03-01 13:30:00,INGN,6.739999771118164,6.739999771118164,6.75,6.739999771118164,6.75,1412.0
2024-03-01 13:30:00,INM,0.40400001406669617,0.40400001406669617,0.40400001406669617,0.40400001406669617,0.40400001406669617,185.0
2024-03-01 13:30:00,INMB,12.359999656677246,12.359999656677246,12.359999656677246,12.359999656677246,12.359999656677246,230.0
2024-03-01 13:30:00,INMD,22.860000610351562,22.860000610351562,22.860000610351562,22.860000610351562,22.860000610351562,564.0
2024-03-01 13:30:00,INO,9.420000076293945,9.420000076293945,9.420000076293945,9.420000076293945,9.420000076293945,230.0
2024-03-01 13:30:00,INSM,28.3799991607666,28.3799991607666,28.399999618530273,28.3799991607666,28.399999618530273,1248.0
2024-03-01 13:30:00,INVA,15.680000305175781,15.680000305175781,15.680000305175781,15.645000457763672,15.65999984741211,7603.0
2024-03-01 13:30:00,IONS,45.939998626708984,45.939998626708984,45.970001220703125,45.91999816894531,45.91999816894531,1733.0
2024-03-01 13:30:00,IOVA,17.129899978637695,17.129899978637695,17.170000076293945,17.110000610351562,17.110000610351562,18973.0
2024-03-01 13:30:00,IRWD,9.055000305175781,9.055000305175781,9.0600004196167,9.045000076293945,9.050000190734863,1038890.0
2024-03-01 13:30:00,ISRG,396.45001220703125,396.45001220703125,396.45001220703125,396.32501220703125,396.3599853515625,1198.0
2024-03-01 13:30:00,ITCI,71.55999755859375,71.55999755859375,71.55999755859375,71.55999755859375,71.55999755859375,527.0
2024-03-01 13:30:00,ITOS,11.25,11.25,11.25,11.229999542236328,11.229999542236328,971.0
2024-03-01 13:30:00,IVVD,4.0,4.0,4.0,4.0,4.0,226.0
2024-03-01 13:30:00,IXHL,5.559999942779541,5.559999942779541,5.559999942779541,5.559999942779541,5.559999942779541,127.0
2024-03-01 13:30:00,JAGX,0.07490000128746033,0.07490000128746033,0.07540000230073929,0.0737999975681305,0.07419999688863754,421183.0
2024-03-01 13:30:00,KALV,14.1899995803833,14.1899995803833,14.1899995803833,14.1899995803833,14.1899995803833,517.0
2024-03-01 13:30:00,KIDS,27.520000457763672,27.520000457763672,27.520000457763672,27.520000457763672,27.520000457763672,231.0
2024-03-01 13:30:00,KNSA,21.7549991607666,21.7549991607666,21.7549991607666,21.7549991607666,21.7549991607666,149.0
2024-03-01 13:30:00,KNTE,2.5950000286102295,2.5950000286102295,2.5950000286102295,2.5950000286102295,2.5950000286102295,400.0
2024-03-01 13:30:00,KRTX,316.8900146484375,316.8900146484375,316.8900146484375,316.8800048828125,316.8800048828125,270.0
2024-03-01 13:30:00,KTRA,0.09870000183582306,0.09870000183582306,0.09870000183582306,0.09870000183582306,0.09870000183582306,9120.0
2024-03-01 13:30:00,KURA,21.5,21.5,21.5,21.5,21.5,415.0
2024-03-01 13:30:00,KYMR,44.11000061035156,44.11000061035156,44.11000061035156,44.06999969482422,44.06999969482422,1238.0
2024-03-01 13:30:00,KZR,1.0750000476837158,1.0750000476837158,1.0750000476837158,1.0750000476837158,1.0750000476837158,100.0
2024-03-01 13:30:00,LAB,2.494999885559082,2.494999885559082,2.494999885559082,2.494999885559082,2.494999885559082,1499.0
2024-03-01 13:30:00,LBPH,22.09000015258789,22.09000015258789,22.09000015258789,22.030000686645508,22.059999465942383,1128.0
2024-03-01 13:30:00,LEGN,66.04499816894531,66.04499816894531,66.04499816894531,66.04499816894531,66.04499816894531,583.0
2024-03-01 13:30:00,LEXX,2.8148000240325928,2.8148000240325928,2.8148000240325928,2.8148000240325928,2.8148000240325928,195.0
2024-03-01 13:30:00,LFMD,8.0,8.0,8.0,8.0,8.0,458.0
2024-03-01 13:30:00,LIVN,55.933998107910156,55.933998107910156,55.933998107910156,55.933998107910156,55.933998107910156,281.0
2024-03-01 13:30:00,LNTH,65.23500061035156,65.23500061035156,65.23999786376953,65.22000122070312,65.23999786376953,1247.0
2024-03-01 13:30:00,LQDA,14.670000076293945,14.670000076293945,14.670000076293945,14.670000076293945,14.670000076293945,390.0
2024-03-01 13:30:00,LRMR,11.5,11.5,11.5,11.5,11.5,202.0
2024-03-01 13:30:00,LTRN,4.537799835205078,4.537799835205078,4.550000190734863,4.5355000495910645,4.550000190734863,1584.0
2024-03-01 13:30:00,LVTX,2.9700000286102295,2.9700000286102295,2.9700000286102295,2.9700000286102295,2.9700000286102295,100.0
2024-03-01 13:30:00,LXRX,2.5199999809265137,2.5199999809265137,2.5199999809265137,2.5199999809265137,2.5199999809265137,1057.0
2024-03-01 13:30:00,LYEL,3.184999942779541,3.184999942779541,3.184999942779541,3.184999942779541,3.184999942779541,327.0
2024-03-01 13:30:00,LYRA,5.690000057220459,5.690000057220459,5.690000057220459,5.675000190734863,5.690000057220459,4106.0
2024-03-01 13:30:00,MASI,128.88999938964844,128.88999938964844,128.88999938964844,128.85000610351562,128.85000610351562,983.0
2024-03-01 13:30:00,MCRB,1.2000000476837158,1.2000000476837158,1.2100000381469727,1.2000000476837158,1.2100000381469727,229.0
2024-03-01 13:30:00,MDGL,252.35000610351562,252.35000610351562,252.35000610351562,252.14500427246094,252.14500427246094,369.0
2024-03-01 13:30:00,MDRX,5.989999771118164,5.989999771118164,6.099999904632568,5.989999771118164,6.099999904632568,207107.0
2024-03-01 13:30:00,ME,0.5703999996185303,0.5703999996185303,0.5703999996185303,0.5701000094413757,0.5702999830245972,10810.0
2024-03-01 13:30:00,MGNX,19.065000534057617,19.065000534057617,19.079999923706055,19.065000534057617,19.079999923706055,686.0
2024-03-01 13:30:00,MIRM,29.809999465942383,29.809999465942383,29.809999465942383,29.809999465942383,29.809999465942383,425.0
2024-03-01 13:30:00,MLTX,51.27000045776367,51.27000045776367,51.27000045776367,51.20000076293945,51.20000076293945,978.0
2024-03-01 13:30:00,MNKD,4.534999847412109,4.534999847412109,4.539999961853027,4.534999847412109,4.539999961853027,11410.0
2024-03-01 13:30:00,MNMD,6.119800090789795,6.119800090789795,6.119900226593018,6.117700099945068,6.119900226593018,1374.0
2024-03-01 13:30:00,MNPR,0.8600000143051147,0.8600000143051147,0.8600000143051147,0.8600000143051147,0.8600000143051147,2002.0
2024-03-01 13:30:00,MODD,1.909999966621399,1.909999966621399,1.909999966621399,1.899999976158142,1.899999976158142,784.0
2024-03-01 13:30:00,MODV,28.149999618530273,28.149999618530273,28.149999618530273,28.149999618530273,28.149999618530273,207.0
2024-03-01 13:30:00,MOR,17.567899703979492,17.567899703979492,17.56999969482422,17.559999465942383,17.56999969482422,5046.0
2024-03-01 13:30:00,MORF,39.56999969482422,39.56999969482422,39.61000061035156,39.56999969482422,39.61000061035156,683.0
2024-03-01 13:30:00,MOTS,0.6798999905586243,0.6798999905586243,0.6798999905586243,0.6798999905586243,0.6798999905586243,680.0
2024-03-01 13:30:00,MRAI,1.5976999998092651,1.5976999998092651,1.5976999998092651,1.5976999998092651,1.5976999998092651,401.0
2024-03-01 13:30:00,MREO,3.990000009536743,3.990000009536743,3.994999885559082,3.9876999855041504,3.990000009536743,6730.0
2024-03-01 13:30:00,MRNA,95.97000122070312,95.97000122070312,96.1050033569336,95.88999938964844,96.1050033569336,13282.0
2024-03-01 13:30:00,MRSN,5.974999904632568,5.974999904632568,5.974999904632568,5.96999979019165,5.96999979019165,1510.0
2024-03-01 13:30:00,MRUS,51.689998626708984,51.689998626708984,51.689998626708984,51.595001220703125,51.595001220703125,1094.0
2024-03-01 13:30:00,MRVI,7.704999923706055,7.704999923706055,7.704999923706055,7.699999809265137,7.699999809265137,277.0
2024-03-01 13:30:00,MXCT,4.764999866485596,4.764999866485596,4.764999866485596,4.764999866485596,4.764999866485596,540.0
2024-03-01 13:30:00,MYGN,21.88249969482422,21.88249969482422,21.889999389648438,21.8700008392334,21.889999389648438,2674.0
2024-03-01 13:30:00,MYNZ,0.8629500269889832,0.8629500269889832,0.8629500269889832,0.8629500269889832,0.8629500269889832,100.0
2024-03-01 13:30:00,NARI,45.15999984741211,45.15999984741211,45.2400016784668,45.08000183105469,45.239898681640625,3144.0
2024-03-01 13:30:00,NBIX,132.19000244140625,132.19000244140625,132.36000061035156,132.1300048828125,132.35000610351562,5811.0
2024-03-01 13:30:00,NEO,16.040000915527344,16.040000915527344,16.040000915527344,16.040000915527344,16.040000915527344,115.0
2024-03-01 13:30:00,NEOG,17.350000381469727,17.350000381469727,17.354999542236328,17.350000381469727,17.354999542236328,359.0
2024-03-01 13:30:00,NERV,2.619999885559082,2.619999885559082,2.619999885559082,2.5999999046325684,2.5999999046325684,2073.0
2024-03-01 13:30:00,NNOX,11.0,11.0,11.0,10.9399995803833,10.9399995803833,6583.0
2024-03-01 13:30:00,NRBO,5.905700206756592,5.905700206756592,5.949999809265137,5.905700206756592,5.949999809265137,600.0
2024-03-01 13:30:00,NRIX,13.744999885559082,13.744999885559082,13.744999885559082,13.720000267028809,13.720000267028809,2599.0
2024-03-01 13:30:00,NRSN,2.029900074005127,2.029900074005127,2.029900074005127,2.029900074005127,2.029900074005127,530.0
2024-03-01 13:30:00,NRXP,0.4142000079154968,0.4142000079154968,0.4142000079154968,0.4142000079154968,0.4142000079154968,106.0
2024-03-01 13:30:00,NSPR,2.5999999046325684,2.5999999046325684,2.640000104904175,2.5999999046325684,2.640000104904175,200.0
2024-03-01 13:30:00,NTLA,33.38999938964844,33.38999938964844,33.38999938964844,33.38999938964844,33.38999938964844,123.0
2024-03-01 13:30:00,NTRA,89.48999786376953,89.48999786376953,89.52999877929688,89.4800033569336,89.52999877929688,1660.0
2024-03-01 13:30:00,NVAX,5.229400157928467,5.229400157928467,5.235000133514404,5.224999904632568,5.230999946594238,12381.0
2024-03-01 13:30:00,NVCT,10.640000343322754,10.640000343322754,10.640000343322754,10.640000343322754,10.640000343322754,400.0
2024-03-01 13:30:00,NVNO,6.375,6.375,6.375,6.360000133514404,6.360000133514404,440.0
2024-03-01 13:30:00,NVOS,0.6381999850273132,0.6381999850273132,0.6381999850273132,0.6381999850273132,0.6381999850273132,203.0
2024-03-01 13:30:00,NXL,0.3244999945163727,0.3244999945163727,0.3244999945163727,0.3244999945163727,0.3244999945163727,875.0
2024-03-01 13:30:00,NXTC,1.75,1.75,1.75,1.75,1.75,300.0
2024-03-01 13:30:00,OCGN,0.9685999751091003,0.9685999751091003,0.9692500233650208,0.9685999751091003,0.9692500233650208,5337.0
2024-03-01 13:30:00,OCUL,10.880000114440918,10.880000114440918,10.890000343322754,10.871000289916992,10.890000343322754,4877.0
2024-03-01 13:30:00,OFIX,12.930000305175781,12.930000305175781,12.930000305175781,12.930000305175781,12.930000305175781,706.0
2024-03-01 13:30:00,OGI,2.190000057220459,2.190000057220459,2.194999933242798,2.190000057220459,2.194999933242798,454.0
2024-03-01 13:30:00,OLK,22.795000076293945,22.795000076293945,22.795000076293945,22.795000076293945,22.795000076293945,200.0
2024-03-01 13:30:00,OLMA,14.710000038146973,14.710000038146973,14.710000038146973,14.677900314331055,14.677900314331055,2084.0
2024-03-01 13:30:00,OM,3.1500000953674316,3.1500000953674316,3.1500000953674316,3.1449999809265137,3.1449999809265137,5232.0
2024-03-01 13:30:00,OMCL,26.3799991607666,26.3799991607666,26.3799991607666,26.3799991607666,26.3799991607666,434.0
2024-03-01 13:30:00,OMER,4.769999980926514,4.769999980926514,4.769999980926514,4.769999980926514,4.769999980926514,743.0
2024-03-01 13:30:00,OMGA,4.260000228881836,4.260000228881836,4.260000228881836,4.260000228881836,4.260000228881836,259.0
2024-03-01 13:30:00,OMIC,0.6043000221252441,0.6043000221252441,0.6043000221252441,0.6043000221252441,0.6043000221252441,101.0
2024-03-01 13:31:00,ABCL,5.235000133514404,5.235000133514404,5.235000133514404,5.235000133514404,5.235000133514404,100.0
2024-03-01 13:31:00,ABEO,7.800000190734863,7.800000190734863,7.800000190734863,7.800000190734863,7.800000190734863,148.0
2024-03-01 13:31:00,ABOS,4.679999828338623,4.679999828338623,4.679999828338623,4.670499801635742,4.670499801635742,614.0
2024-03-01 13:31:00,ABSI,5.364999771118164,5.364999771118164,5.369999885559082,5.360000133514404,5.360000133514404,5092.0
2024-03-01 13:31:00,ABUS,2.759999990463257,2.759999990463257,2.765000104904175,2.759999990463257,2.765000104904175,1617.0
2024-03-01 13:31:00,ACAD,24.34000015258789,24.34000015258789,24.34000015258789,24.34000015258789,24.34000015258789,448.0
2024-03-01 13:31:00,ACB,3.240000009536743,3.240000009536743,3.240000009536743,3.2307000160217285,3.2307000160217285,3035.0
2024-03-01 13:31:00,ACET,2.3949999809265137,2.3949999809265137,2.4000000953674316,2.390000104904175,2.3949999809265137,652.0
2024-03-01 13:31:00,ACHC,84.76000213623047,84.76000213623047,84.875,84.76000213623047,84.875,1458.0
2024-03-01 13:31:00,ACHL,1.3300000429153442,1.3300000429153442,1.3300000429153442,1.3300000429153442,1.3300000429153442,513.0
2024-03-01 13:31:00,ACIU,3.940000057220459,3.940000057220459,3.940000057220459,3.940000057220459,3.940000057220459,185.0
2024-03-01 13:31:00,ACLX,67.20500183105469,67.20500183105469,67.20500183105469,67.20500183105469,67.20500183105469,342.0
2024-03-01 13:31:00,ACON,0.4049000144004822,0.4049000144004822,0.4050000011920929,0.4049000144004822,0.4050000011920929,11915.0
2024-03-01 13:31:00,ACRS,1.2400000095367432,1.2400000095367432,1.2400000095367432,1.2300000190734863,1.2300000190734863,2126.0
2024-03-01 13:31:00,ADAP,1.6197999715805054,1.6197999715805054,1.6197999715805054,1.6100000143051147,1.6100000143051147,3179.0
2024-03-01 13:31:00,ADIL,3.1802000999450684,3.1802000999450684,3.2100000381469727,3.180000066757202,3.191999912261963,17460.0
2024-03-01 13:31:00,ADMA,5.5320000648498535,5.5320000648498535,5.538899898529053,5.5320000648498535,5.534999847412109,2959.0
2024-03-01 13:31:00,ADPT,4.15500020980835,4.15500020980835,4.15500020980835,4.15500020980835,4.15500020980835,291.0
2024-03-01 13:31:00,ADUS,93.95500183105469,93.95500183105469,93.95500183105469,93.8499984741211,93.8499984741211,661.0
2024-03-01 13:31:00,ADVM,1.940000057220459,1.940000057220459,1.940000057220459,1.940000057220459,1.940000057220459,212.0
2024-03-01 13:31:00,AGEN,0.6829500198364258,0.6829500198364258,0.6830000281333923,0.6825000047683716,0.6825000047683716,161182.0
2024-03-01 13:31:00,AGIO,32.915000915527344,32.915000915527344,32.915000915527344,32.88999938964844,32.88999938964844,1056.0
2024-03-01 13:31:00,AHCO,10.5600004196167,10.5600004196167,10.5600004196167,10.545000076293945,10.5600004196167,7972.0
2024-03-01 13:31:00,AIRS,6.429999828338623,6.429999828338623,6.429999828338623,6.429999828338623,6.429999828338623,202.0
2024-03-01 13:31:00,AKAN,0.21490000188350677,0.21490000188350677,0.21860000491142273,0.21490000188350677,0.21860000491142273,14847.0
2024-03-01 13:31:00,AKBA,1.7000000476837158,1.7000000476837158,1.7000000476837158,1.6950000524520874,1.6950000524520874,1524.0
2024-03-01 13:31:00,AKLI,0.3479999899864197,0.3479999899864197,0.3479999899864197,0.3449999988079071,0.3449999988079071,1279.0
2024-03-01 13:31:00,AKRO,30.21500015258789,30.21500015258789,30.217500686645508,30.209999084472656,30.209999084472656,1200.0
2024-03-01 13:31:00,AKTX,2.213900089263916,2.213900089263916,2.213900089263916,2.213900089263916,2.213900089263916,112.0
2024-03-01 13:31:00,ALDX,4.324999809265137,4.324999809265137,4.324999809265137,4.320000171661377,4.324999809265137,1417.0
2024-03-01 13:31:00,ALEC,7.304999828338623,7.304999828338623,7.309999942779541,7.300000190734863,7.300000190734863,3121.0
2024-03-01 13:31:00,ALGS,1.100000023841858,1.100000023841858,1.100000023841858,1.100000023841858,1.100000023841858,600.0
2024-03-01 13:31:00,ALKS,30.219999313354492,30.219999313354492,30.219999313354492,30.219999313354492,30.219999313354492,262.0
2024-03-01 13:31:00,ALLK,1.6349999904632568,1.6349999904632568,1.6349999904632568,1.625,1.625,5435.0
2024-03-01 13:31:00,ALNY,153.6999969482422,153.6999969482422,153.6999969482422,153.625,153.6999969482422,411.0
2024-03-01 13:31:00,ALPN,36.0099983215332,36.0099983215332,36.0099983215332,36.0099983215332,36.0099983215332,264.0
2024-03-01 13:31:00,ALT,12.09000015258789,12.09000015258789,12.109999656677246,12.069999694824219,12.109999656677246,5512.0
2024-03-01 13:31:00,ALVO,15.680000305175781,15.680000305175781,15.694999694824219,15.680000305175781,15.694999694824219,1804.0
2024-03-01 13:31:00,ALVR,0.7552000284194946,0.7552000284194946,0.7552000284194946,0.7547000050544739,0.7547000050544739,5324.0
2024-03-01 13:31:00,ALXO,15.09000015258789,15.09000015258789,15.100000381469727,15.09000015258789,15.100000381469727,1324.0
2024-03-01 13:31:00,AMED,93.33499908447266,93.33499908447266,93.33499908447266,93.31999969482422,93.31999969482422,642.0
2024-03-01 13:31:00,AMGN,280.5400085449219,280.5400085449219,280.80999755859375,280.4800109863281,280.80999755859375,7475.0
2024-03-01 13:31:00,AMPH,45.61000061035156,45.61000061035156,45.61000061035156,45.505001068115234,45.505001068115234,1400.0
2024-03-01 13:31:00,AMRN,1.0499999523162842,1.0499999523162842,1.0549999475479126,1.0499999523162842,1.0549999475479126,10125.0
2024-03-01 13:31:00,ANAB,25.485000610351562,25.485000610351562,25.485000610351562,25.485000610351562,25.485000610351562,110.0
2024-03-01 13:31:00,ANNX,6.119999885559082,6.119999885559082,6.119999885559082,6.099999904632568,6.099999904632568,4245.0
2024-03-01 13:31:00,APLS,65.11000061035156,65.11000061035156,65.11000061035156,65.02999877929688,65.02999877929688,1461.0
2024-03-01 13:31:00,APLT,7.139999866485596,7.139999866485596,7.170000076293945,7.139999866485596,7.15500020980835,3649.0
2024-03-01 13:31:00,APVO,0.15399999916553497,0.15399999916553497,0.15399999916553497,0.15399999916553497,0.15399999916553497,546.0
2024-03-01 13:31:00,AQST,4.28000020980835,4.28000020980835,4.295000076293945,4.28000020980835,4.294000148773193,5681.0
2024-03-01 13:31:00,ARCT,39.79499816894531,39.79499816894531,39.900001525878906,39.540000915527344,39.880001068115234,16774.0
2024-03-01 13:31:00,ARDX,9.484999656677246,9.484999656677246,9.489999771118164,9.479999542236328,9.479999542236328,2254.0
2024-03-01 13:31:00,ARQT,11.770000457763672,11.770000457763672,11.859999656677246,11.720000267028809,11.720000267028809,39909.0
2024-03-01 13:31:00,ARVN,48.91999816894531,48.91999816894531,48.91999816894531,48.869998931884766,48.869998931884766,552.0
2024-03-01 13:31:00,ARWR,35.60499954223633,35.60499954223633,35.630001068115234,35.60499954223633,35.60499954223633,1847.0
2024-03-01 13:31:00,ASLN,0.7459999918937683,0.7459999918937683,0.7459999918937683,0.7459999918937683,0.7459999918937683,345.0
2024-03-01 13:31:00,ASMB,13.287699699401855,13.287699699401855,13.287699699401855,13.287699699401855,13.287699699401855,213.0
2024-03-01 13:31:00,ASRT,0.9294000267982483,0.9294000267982483,0.9294000267982483,0.9247999787330627,0.9248499870300293,1351.0
2024-03-01 13:31:00,ATAI,2.1600000858306885,2.1600000858306885,2.1610000133514404,2.1600000858306885,2.1610000133514404,5361.0
2024-03-01 13:31:00,ATEC,13.484999656677246,13.484999656677246,13.484999656677246,13.475000381469727,13.479999542236328,9065.0
2024-03-01 13:31:00,ATHA,3.994999885559082,3.994999885559082,3.994999885559082,3.994999885559082,3.994999885559082,192.0
2024-03-01 13:31:00,ATRA,0.7950999736785889,0.7950999736785889,0.7950999736785889,0.7903000116348267,0.7926750183105469,2568.0
2024-03-01 13:31:00,ATRC,35.97999954223633,35.97999954223633,36.02000045776367,35.97999954223633,36.02000045776367,636.0
2024-03-01 13:31:00,ATXS,14.829999923706055,14.829999923706055,14.829999923706055,14.789999961853027,14.789999961853027,300.0
2024-03-01 13:31:00,AUGX,4.559999942779541,4.559999942779541,4.559999942779541,4.550000190734863,4.550000190734863,233.0
2024-03-01 13:31:00,AUPH,5.84499979019165,5.84499979019165,5.84499979019165,5.84499979019165,5.84499979019165,332.0
2024-03-01 13:31:00,AURA,9.3100004196167,9.3100004196167,9.3100004196167,9.3100004196167,9.3100004196167,100.0
2024-03-01 13:31:00,AUTL,6.385000228881836,6.385000228881836,6.385000228881836,6.385000228881836,6.385000228881836,121.0
2024-03-01 13:31:00,AVDL,13.300000190734863,13.300000190734863,13.329999923706055,13.239999771118164,13.239999771118164,34572.0
2024-03-01 13:31:00,AVIR,4.484000205993652,4.484000205993652,4.484000205993652,4.484000205993652,4.484000205993652,763.0
2024-03-01 13:31:00,AVRO,1.3550000190734863,1.3550000190734863,1.3550000190734863,1.3550000190734863,1.3550000190734863,100.0
2024-03-01 13:31:00,AXSM,82.25,82.25,82.25,82.25,82.25,302.0
2024-03-01 13:31:00,AZN,64.66500091552734,64.66500091552734,64.67500305175781,64.66000366210938,64.66999816894531,2927.0
2024-03-01 13:31:00,AZTA,66.80999755859375,66.80999755859375,66.83000183105469,66.80999755859375,66.83000183105469,536.0
2024-03-01 13:31:00,BBIO,36.060001373291016,36.060001373291016,36.060001373291016,36.0099983215332,36.02000045776367,1258.0
2024-03-01 13:31:00,BCAB,2.7249999046325684,2.7249999046325684,2.7249999046325684,2.7249999046325684,2.7249999046325684,100.0
2024-03-01 13:31:00,BCDA,0.569998025894165,0.569998025894165,0.5699999928474426,0.5698999762535095,0.5699999928474426,9263.0
2024-03-01 13:31:00,BCEL,0.27000001072883606,0.27000001072883606,0.27000001072883606,0.27000001072883606,0.27000001072883606,500.0
2024-03-01 13:31:00,BCLI,0.3450999855995178,0.3450999855995178,0.3450999855995178,0.3450999855995178,0.3450999855995178,147.0
2024-03-01 13:31:00,BCRX,5.710000038146973,5.710000038146973,5.710000038146973,5.699999809265137,5.699999809265137,2515.0
2024-03-01 13:31:00,BEAM,40.439998626708984,40.439998626708984,40.439998626708984,40.36000061035156,40.375,3361.0
2024-03-01 13:31:00,BGNE,166.60000610351562,166.60000610351562,166.60000610351562,166.60000610351562,166.60000610351562,224.0
2024-03-01 13:31:00,BIIB,221.03500366210938,221.03500366210938,221.16000366210938,221.03500366210938,221.0800018310547,1303.0
2024-03-01 13:31:00,BIMI,3.7100000381469727,3.7100000381469727,3.73009991645813,3.7100000381469727,3.73009991645813,910.0
2024-03-01 13:31:00,BIOL,0.14169999957084656,0.14169999957084656,0.14169999957084656,0.14169999957084656,0.14169999957084656,120.0
2024-03-01 13:31:00,BIOR,1.1349999904632568,1.1349999904632568,1.1349999904632568,1.1349999904632568,1.1349999904632568,113.0
2024-03-01 13:31:00,BIVI,1.9700000286102295,1.9700000286102295,1.9700000286102295,1.9600000381469727,1.9600000381469727,4739.0
2024-03-01 13:31:00,BLFS,18.198999404907227,18.198999404907227,18.198999404907227,18.139999389648438,18.139999389648438,2150.0
2024-03-01 13:31:00,BLTE,46.58000183105469,46.58000183105469,46.58000183105469,46.400001525878906,46.400001525878906,3863.0
2024-03-01 13:31:00,BLUE,1.6100000143051147,1.6100000143051147,1.6100000143051147,1.5906000137329102,1.5950000286102295,102031.0
2024-03-01 13:31:00,BMRN,87.75499725341797,87.75499725341797,87.76000213623047,87.69999694824219,87.7300033569336,3608.0
2024-03-01 13:31:00,BNGO,1.2549999952316284,1.2549999952316284,1.2549999952316284,1.25,1.25,932.0
2024-03-01 13:31:00,BNTX,91.45999908447266,91.45999908447266,91.45999908447266,91.2300033569336,91.41000366210938,4221.0
2024-03-01 13:31:00,BPMC,97.20500183105469,97.20500183105469,97.25,97.20500183105469,97.25,2047.0
2024-03-01 13:31:00,BRKR,88.26000213623047,88.26000213623047,88.26000213623047,88.16999816894531,88.18499755859375,2699.0
2024-03-01 13:31:00,BTTX,0.17499999701976776,0.17499999701976776,0.17659999430179596,0.17499999701976776,0.17659999430179596,48278.0
2024-03-01 13:31:00,BVS,4.75,4.75,4.75,4.75,4.75,542.0
2024-03-01 13:31:00,BWAY,6.53000020980835,6.53000020980835,6.53000020980835,6.53000020980835,6.53000020980835,103.0
2024-03-01 13:31:00,CARA,0.9200000166893005,0.9200000166893005,0.9217990040779114,0.9200000166893005,0.9217990040779114,630.0
2024-03-01 13:31:00,CBAY,32.2400016784668,32.2400016784668,32.2400016784668,32.23500061035156,32.23500061035156,1207.0
2024-03-01 13:31:00,CCRN,18.214799880981445,18.214799880981445,18.214799880981445,18.214799880981445,18.214799880981445,555.0
2024-03-01 13:31:00,CDNA,12.399100303649902,12.399100303649902,12.399100303649902,12.369999885559082,12.369999885559082,1762.0
2024-03-01 13:31:00,CDXS,4.554999828338623,4.554999828338623,4.554999828338623,4.554999828338623,4.554999828338623,1227.0
2024-03-01 13:31:00,CELU,3.571500062942505,3.571500062942505,3.571500062942505,3.571500062942505,3.571500062942505,285.0
2024-03-01 13:31:00,CERE,41.10499954223633,41.10499954223633,41.11000061035156,41.099998474121094,41.099998474121094,803.0
2024-03-01 13:31:00,CERS,2.200000047683716,2.200000047683716,2.2100000381469727,2.200000047683716,2.2100000381469727,26116.0
2024-03-01 13:31:00,CERT,17.899999618530273,17.899999618530273,17.920000076293945,17.899999618530273,17.920000076293945,1845.0
2024-03-01 13:31:00,CGC,3.255000114440918,3.255000114440918,3.259999990463257,3.255000114440918,3.255000114440918,6507.0
2024-03-01 13:31:00,CGEM,18.770000457763672,18.770000457763672,18.799999237060547,18.700000762939453,18.700000762939453,3851.0
2024-03-01 13:31:00,CGEN,2.689300060272217,2.689300060272217,2.689300060272217,2.680500030517578,2.680500030517578,625.0
2024-03-01 13:31:00,CGTX,2.047100067138672,2.047100067138672,2.047100067138672,2.047100067138672,2.047100067138672,287.0
2024-03-01 13:31:00,CKPT,2.2300000190734863,2.2300000190734863,2.2300000190734863,2.2300000190734863,2.2300000190734863,170.0
2024-03-01 13:31:00,CLDX,52.51499938964844,52.51499938964844,52.63999938964844,52.5,52.60499954223633,9112.0
2024-03-01 13:31:00,CLOV,0.870199978351593,0.870199978351593,0.8737999796867371,0.8700000047683716,0.8700000047683716,1922.0
2024-03-01 13:31:00,CLPT,6.659999847412109,6.659999847412109,6.659999847412109,6.659999847412109,6.659999847412109,100.0
2024-03-01 13:31:00,CLRB,4.139999866485596,4.139999866485596,4.15500020980835,4.130000114440918,4.150000095367432,7759.0
2024-03-01 13:31:00,CMPS,11.390000343322754,11.390000343322754,11.4399995803833,11.390000343322754,11.430000305175781,923.0
2024-03-01 13:31:00,CODX,1.1699999570846558,1.1699999570846558,1.1699999570846558,1.1699999570846558,1.1699999570846558,442.0
2024-03-01 13:31:00,COGT,7.184999942779541,7.184999942779541,7.195000171661377,7.184999942779541,7.190199851989746,1875.0
2024-03-01 13:31:00,CORT,24.299999237060547,24.299999237060547,24.309999465942383,24.299999237060547,24.299999237060547,2563.0
2024-03-01 13:31:00,CPIX,2.130000114440918,2.130000114440918,2.130000114440918,2.130000114440918,2.130000114440918,592.0
2024-03-01 13:31:00,CPRX,17.30500030517578,17.30500030517578,17.31999969482422,17.264999389648438,17.264999389648438,8992.0
2024-03-01 13:31:00,CRBP,32.16999816894531,32.16999816894531,32.16999816894531,32.16999816894531,32.16999816894531,101.0
2024-03-01 13:31:00,CRBU,7.920000076293945,7.920000076293945,7.940000057220459,7.914999961853027,7.920000076293945,10378.0
2024-03-01 13:31:00,CRDF,2.4560000896453857,2.4560000896453857,2.4600000381469727,2.450000047683716,2.4549999237060547,5100.0
2024-03-01 13:31:00,CRDL,1.9299999475479126,1.9299999475479126,1.9299999475479126,1.909999966621399,1.9199999570846558,4376.0
2024-03-01 13:31:00,CRNX,46.82500076293945,46.82500076293945,46.880001068115234,46.82500076293945,46.880001068115234,403.0
2024-03-01 13:31:00,CRSP,85.8949966430664,85.8949966430664,85.9937973022461,85.8949966430664,85.9937973022461,1713.0
2024-03-01 13:31:00,CTKB,8.824999809265137,8.824999809265137,8.824999809265137,8.824999809265137,8.824999809265137,201.0
2024-03-01 13:31:00,CTMX,2.6449999809265137,2.6449999809265137,2.6500000953674316,2.6449999809265137,2.6500000953674316,701.0
2024-03-01 13:31:00,CUE,2.190000057220459,2.190000057220459,2.200000047683716,2.190000057220459,2.200000047683716,780.0
2024-03-01 13:31:00,CUTR,2.3808999061584473,2.3808999061584473,2.3808999061584473,2.3808999061584473,2.3808999061584473,506.0
2024-03-01 13:31:00,CVAC,3.490000009536743,3.490000009536743,3.490000009536743,3.490000009536743,3.490000009536743,1137.0
2024-03-01 13:31:00,CVRX,20.665000915527344,20.665000915527344,20.665000915527344,20.665000915527344,20.665000915527344,391.0
2024-03-01 13:31:00,CYCC,2.7100000381469727,2.7100000381469727,2.7100000381469727,2.700000047683716,2.700000047683716,1671.0
2024-03-01 13:31:00,CYTK,72.91999816894531,72.91999816894531,72.93000030517578,72.88999938964844,72.93000030517578,1948.0
2024-03-01 13:31:00,CYTO,2.2799999713897705,2.2799999713897705,2.299999952316284,2.2200000286102295,2.23799991607666,10666.0
2024-03-01 13:31:00,DARE,0.5709999799728394,0.5709999799728394,0.5709999799728394,0.5709999799728394,0.5709999799728394,206.0
2024-03-01 13:31:00,DAWN,17.469999313354492,17.469999313354492,17.469999313354492,17.450000762939453,17.451900482177734,1138.0
2024-03-01 13:31:00,DCGO,4.175000190734863,4.175000190734863,4.175000190734863,4.170000076293945,4.170000076293945,880.0
2024-03-01 13:31:00,DCPH,17.489999771118164,17.489999771118164,17.489999771118164,17.489999771118164,17.489999771118164,121.0
2024-03-01 13:31:00,DH,8.850000381469727,8.850000381469727,8.869999885559082,8.837499618530273,8.837499618530273,3070.0
2024-03-01 13:31:00,DMTK,0.8600000143051147,0.8600000143051147,0.8600000143051147,0.8321999907493591,0.8550009727478027,10346.0
2024-03-01 13:31:00,DNLI,20.90999984741211,20.90999984741211,20.90999984741211,20.889999389648438,20.889999389648438,855.0
2024-03-01 13:31:00,DRRX,1.0,1.0,1.0,1.0,1.0,156.0
2024-03-01 13:31:00,DTIL,12.600099563598633,12.600099563598633,12.680000305175781,12.600099563598633,12.640000343322754,1043.0
2024-03-01 13:31:00,DVAX,12.880000114440918,12.880000114440918,12.880000114440918,12.875,12.880000114440918,1697.0
2024-03-01 13:31:00,DXCM,121.76000213623047,121.76000213623047,121.8499984741211,121.76000213623047,121.78500366210938,11343.0
2024-03-01 13:31:00,DYN,28.729999542236328,28.729999542236328,28.760000228881836,28.729999542236328,28.760000228881836,368.0
2024-03-01 13:31:00,EDIT,10.899999618530273,10.899999618530273,10.899999618530273,10.869999885559082,10.869999885559082,2782.0
2024-03-01 13:31:00,EGRX,6.684999942779541,6.684999942779541,6.699999809265137,6.650000095367432,6.699999809265137,1367.0
2024-03-01 13:31:00,EIGR,7.299900054931641,7.299900054931641,7.299900054931641,7.299900054931641,7.299900054931641,152.0
2024-03-01 13:31:00,ELEV,5.050099849700928,5.050099849700928,5.070000171661377,5.050000190734863,5.059999942779541,911.0
2024-03-01 13:31:00,EMBC,14.3100004196167,14.3100004196167,14.319999694824219,14.3100004196167,14.319999694824219,491.0
2024-03-01 13:31:00,ENSG,122.59500122070312,122.59500122070312,122.66000366210938,122.59500122070312,122.66000366210938,1127.0
2024-03-01 13:31:00,ENTA,15.444999694824219,15.444999694824219,15.46500015258789,15.444999694824219,15.46500015258789,243.0
2024-03-01 13:31:00,ENVB,1.489799976348877,1.489799976348877,1.4900000095367432,1.4800000190734863,1.4800000190734863,1436.0
2024-03-01 13:31:00,ERAS,2.490000009536743,2.490000009536743,2.490000009536743,2.490000009536743,2.490000009536743,123.0
2024-03-01 13:31:00,ESPR,2.5250000953674316,2.5250000953674316,2.5250000953674316,2.5199999809265137,2.5199999809265137,1337.0
2024-03-01 13:31:00,ETNB,13.199999809265137,13.199999809265137,13.239999771118164,13.180000305175781,13.239999771118164,6203.0
2024-03-01 13:31:00,EVGN,0.9661970138549805,0.9661970138549805,0.9696999788284302,0.9661970138549805,0.9696999788284302,300.0
2024-03-01 13:31:00,EVO,7.539899826049805,7.539899826049805,7.539899826049805,7.539899826049805,7.539899826049805,684.0
2024-03-01 13:31:00,EXAI,6.760000228881836,6.760000228881836,6.760000228881836,6.760000228881836,6.760000228881836,251.0
2024-03-01 13:31:00,EXAS,60.0,60.0,60.0,59.97999954223633,59.97999954223633,467.0
2024-03-01 13:31:00,EXEL,22.59000015258789,22.59000015258789,22.594999313354492,22.479999542236328,22.579999923706055,313515.0
2024-03-01 13:31:00,EYEN,2.441999912261963,2.441999912261963,2.4493000507354736,2.441999912261963,2.442699909210205,1981.0
2024-03-01 13:31:00,EYPT,27.9950008392334,27.9950008392334,27.9950008392334,27.9950008392334,27.9950008392334,309.0
2024-03-01 13:31:00,FATE,7.769999980926514,7.769999980926514,7.769999980926514,7.760000228881836,7.764999866485596,775.0
2024-03-01 13:31:00,FDMT,29.450000762939453,29.450000762939453,29.450000762939453,29.450000762939453,29.450000762939453,528.0
2024-03-01 13:31:00,FHTX,8.229999542236328,8.229999542236328,8.229999542236328,8.1899995803833,8.199999809265137,645.0
2024-03-01 13:31:00,FOLD,13.364999771118164,13.364999771118164,13.375,13.364999771118164,13.375,1584.0
2024-03-01 13:31:00,FULC,11.210000038146973,11.210000038146973,11.210000038146973,11.204999923706055,11.204999923706055,636.0
2024-03-01 13:31:00,FUSN,12.399999618530273,12.399999618530273,12.399999618530273,12.399999618530273,12.399999618530273,544.0
2024-03-01 13:31:00,GANX,4.659999847412109,4.659999847412109,4.659999847412109,4.659999847412109,4.659999847412109,136.0
2024-03-01 13:31:00,GDRX,8.337800025939941,8.337800025939941,8.34000015258789,8.324999809265137,8.324999809265137,3061.0
2024-03-01 13:31:00,GERN,2.240000009536743,2.240000009536743,2.25,2.240000009536743,2.2446000576019287,17005.0
2024-03-01 13:31:00,GH,19.075000762939453,19.075000762939453,19.075000762939453,19.049999237060547,19.049999237060547,2415.0
2024-03-01 13:31:00,GILD,72.29499816894531,72.29499816894531,72.30999755859375,72.27999877929688,72.30999755859375,7371.0
2024-03-01 13:31:00,GLPG,35.154998779296875,35.154998779296875,35.154998779296875,35.154998779296875,35.154998779296875,112.0
2024-03-01 13:31:00,GMDA,0.37299999594688416,0.37299999594688416,0.3739500045776367,0.37299999594688416,0.3739500045776367,400.0
2024-03-01 13:31:00,GRFS,7.09499979019165,7.09499979019165,7.099999904632568,7.09499979019165,7.099999904632568,1893.0
2024-03-01 13:31:00,GRTS,2.1600000858306885,2.1600000858306885,2.194999933242798,2.1600000858306885,2.194999933242798,23518.0
2024-03-01 13:31:00,GTHX,3.8099000453948975,3.8099000453948975,3.8099000453948975,3.799999952316284,3.799999952316284,2489.0
2024-03-01 13:31:00,HALO,41.34000015258789,41.34000015258789,41.380001068115234,41.34000015258789,41.380001068115234,870.0
2024-03-01 13:31:00,HARP,22.940000534057617,22.940000534057617,22.940000534057617,22.940000534057617,22.940000534057617,257.0
2024-03-01 13:31:00,HBIO,4.315199851989746,4.315199851989746,4.315199851989746,4.315199851989746,4.315199851989746,359.0
2024-03-01 13:31:00,HCSG,12.625,12.625,12.635000228881836,12.625,12.635000228881836,1429.0
2024-03-01 13:31:00,HCTI,2.45989990234375,2.45989990234375,2.45989990234375,2.45989990234375,2.45989990234375,152.0
2024-03-01 13:31:00,HCWB,1.5983999967575073,1.5983999967575073,1.5983999967575073,1.5800000429153442,1.5800000429153442,2517.0
2024-03-01 13:31:00,HOLX,74.04000091552734,74.04000091552734,74.05000305175781,74.04000091552734,74.05000305175781,799.0
2024-03-01 13:31:00,HOWL,7.070000171661377,7.070000171661377,7.070000171661377,7.070000171661377,7.070000171661377,153.0
2024-03-01 13:31:00,HQY,81.61000061035156,81.61000061035156,81.66000366210938,81.5999984741211,81.66000366210938,1582.0
2024-03-01 13:31:00,HROW,10.880000114440918,10.880000114440918,10.903599739074707,10.880000114440918,10.903599739074707,245.0
2024-03-01 13:31:00,HRTX,2.5975000858306885,2.5975000858306885,2.5975000858306885,2.5899999141693115,2.5899999141693115,256.0
2024-03-01 13:31:00,HSIC,76.86000061035156,76.86000061035156,76.9000015258789,76.8499984741211,76.9000015258789,1812.0
2024-03-01 13:31:00,HUMA,3.3450000286102295,3.3450000286102295,3.3550000190734863,3.3399999141693115,3.3550000190734863,10270.0
2024-03-01 13:31:00,IART,36.400001525878906,36.400001525878906,36.40999984741211,36.400001525878906,36.400001525878906,2048.0
2024-03-01 13:31:00,IBRX,4.789999961853027,4.789999961853027,4.789999961853027,4.78000020980835,4.783999919891357,7787.0
2024-03-01 13:31:00,ICUI,104.81999969482422,104.81999969482422,104.81999969482422,104.81999969482422,104.81999969482422,282.0
2024-03-01 13:31:00,IDXX,580.875,580.875,580.875,580.875,580.875,219.0
2024-03-01 13:31:00,IDYA,46.720001220703125,46.720001220703125,46.720001220703125,46.665000915527344,46.665000915527344,571.0
2024-03-01 13:31:00,IGMS,13.550000190734863,13.550000190734863,13.550000190734863,13.550000190734863,13.550000190734863,777.0
2024-03-01 13:31:00,IINN,1.6799999475479126,1.6799999475479126,1.6799999475479126,1.6799999475479126,1.6799999475479126,1668.0
2024-03-01 13:31:00,IKT,2.0999999046325684,2.0999999046325684,2.0999999046325684,2.0999999046325684,2.0999999046325684,623.0
2024-03-01 13:31:00,ILMN,142.19000244140625,142.19000244140625,142.19000244140625,142.11000061035156,142.1300048828125,1534.0
2024-03-01 13:31:00,IMAB,1.8200000524520874,1.8200000524520874,1.8200000524520874,1.8200000524520874,1.8200000524520874,1700.0
2024-03-01 13:31:00,IMCC,0.3215180039405823,0.3215180039405823,0.3215180039405823,0.3215180039405823,0.3215180039405823,283.0
2024-03-01 13:31:00,IMMX,3.559999942779541,3.559999942779541,3.559999942779541,3.559999942779541,3.559999942779541,100.0
2024-03-01 13:31:00,IMNM,25.350000381469727,25.350000381469727,25.420000076293945,25.225000381469727,25.420000076293945,2544.0
2024-03-01 13:31:00,IMNN,1.0549999475479126,1.0549999475479126,1.059999942779541,1.0299999713897705,1.0299999713897705,479.0
2024-03-01 13:31:00,IMVT,35.959999084472656,35.959999084472656,35.9900016784668,35.959999084472656,35.970001220703125,875.0
2024-03-01 13:31:00,INBX,36.540000915527344,36.540000915527344,36.540000915527344,36.52000045776367,36.529998779296875,446.0
2024-03-01 13:31:00,INCY,59.400001525878906,59.400001525878906,59.400001525878906,59.369998931884766,59.369998931884766,1551.0
2024-03-01 13:31:00,INMD,22.850000381469727,22.850000381469727,22.850000381469727,22.829999923706055,22.84000015258789,2463.0
2024-03-01 13:31:00,INSM,28.385000228881836,28.385000228881836,28.399999618530273,28.375,28.399999618530273,2105.0
2024-03-01 13:31:00,INVA,15.689000129699707,15.689000129699707,15.689000129699707,15.680000305175781,15.680000305175781,590.0
2024-03-01 13:31:00,INZY,6.659999847412109,6.659999847412109,6.659999847412109,6.659999847412109,6.659999847412109,1045.0
2024-03-01 13:31:00,IONS,45.88999938964844,45.88999938964844,45.91999816894531,45.88999938964844,45.91999816894531,1489.0
2024-03-01 13:31:00,IOVA,17.076000213623047,17.076000213623047,17.1299991607666,17.050100326538086,17.125,27074.0
2024-03-01 13:31:00,IPSC,3.8299999237060547,3.8299999237060547,3.8299999237060547,3.8299999237060547,3.8299999237060547,100.0
2024-03-01 13:31:00,IRWD,9.020000457763672,9.020000457763672,9.050000190734863,9.020000457763672,9.050000190734863,36571.0
2024-03-01 13:31:00,ISRG,396.4200134277344,396.4200134277344,396.4200134277344,396.25,396.25,915.0
2024-03-01 13:31:00,ITCI,71.58499908447266,71.58499908447266,71.58499908447266,71.58499908447266,71.58499908447266,511.0
2024-03-01 13:31:00,ITOS,11.239999771118164,11.239999771118164,11.239999771118164,11.239999771118164,11.239999771118164,1164.0
2024-03-01 13:31:00,IVVD,4.0,4.0,4.0,4.0,4.0,102.0
2024-03-01 13:31:00,IXHL,5.53000020980835,5.53000020980835,5.53000020980835,5.53000020980835,5.53000020980835,136.0
2024-03-01 13:31:00,JAGX,0.07370000332593918,0.07370000332593918,0.07500000298023224,0.07349999994039536,0.07429999858140945,188248.0
2024-03-01 13:31:00,JANX,46.755001068115234,46.755001068115234,46.755001068115234,46.755001068115234,46.755001068115234,1027.0
2024-03-01 13:31:00,JAZZ,119.36000061035156,119.36000061035156,119.36000061035156,119.36000061035156,119.36000061035156,105.0
2024-03-01 13:31:00,JSPR,21.040000915527344,21.040000915527344,21.040000915527344,21.040000915527344,21.040000915527344,207.0
2024-03-01 13:31:00,KNSA,21.7549991607666,21.7549991607666,21.757200241088867,21.7549991607666,21.757200241088867,201.0
2024-03-01 13:31:00,KNTE,2.5950000286102295,2.5950000286102295,2.5950000286102295,2.5950000286102295,2.5950000286102295,300.0
2024-03-01 13:31:00,KOD,6.090000152587891,6.090000152587891,6.090000152587891,6.090000152587891,6.090000152587891,430.0
2024-03-01 13:31:00,KPTI,1.191499948501587,1.191499948501587,1.2000000476837158,1.191499948501587,1.1950000524520874,1597.0
2024-03-01 13:31:00,KRTX,316.8999938964844,316.8999938964844,316.8999938964844,316.7799987792969,316.8500061035156,1329.0
2024-03-01 13:31:00,KRYS,169.33999633789062,169.33999633789062,169.47999572753906,169.33999633789062,169.47999572753906,476.0
2024-03-01 13:31:00,KTRA,0.09870000183582306,0.09870000183582306,0.09870000183582306,0.09839999675750732,0.09839999675750732,3155.0
2024-03-01 13:31:00,KURA,21.5049991607666,21.5049991607666,21.5049991607666,21.5049991607666,21.5049991607666,300.0
2024-03-01 13:31:00,KYMR,44.130001068115234,44.130001068115234,44.130001068115234,44.10499954223633,44.10499954223633,918.0
2024-03-01 13:31:00,KZR,1.0800000429153442,1.0800000429153442,1.0800000429153442,1.0800000429153442,1.0800000429153442,2901.0
2024-03-01 13:31:00,LAB,2.494999885559082,2.494999885559082,2.494999885559082,2.494999885559082,2.494999885559082,3085.0
2024-03-01 13:31:00,LBPH,22.075000762939453,22.075000762939453,22.075000762939453,22.075000762939453,22.075000762939453,108.0
2024-03-01 13:31:00,LEGN,65.9800033569336,65.9800033569336,66.04499816894531,65.9800033569336,66.02999877929688,1834.0
2024-03-01 13:31:00,LFMD,8.0,8.0,8.0,7.989999771118164,7.989999771118164,202.0
2024-03-01 13:31:00,LFST,7.769999980926514,7.769999980926514,7.769999980926514,7.764999866485596,7.764999866485596,3474.0
2024-03-01 13:31:00,LGND,77.52999877929688,77.52999877929688,77.52999877929688,77.52999877929688,77.52999877929688,239.0
2024-03-01 13:31:00,LIAN,4.860000133514404,4.860000133514404,4.860000133514404,4.860000133514404,4.860000133514404,458.0
2024-03-01 13:31:00,LIFE,1.9400999546051025,1.9400999546051025,1.9400999546051025,1.9400999546051025,1.9400999546051025,1108.0
2024-03-01 13:31:00,LIVN,55.91999816894531,55.91999816894531,55.95000076293945,55.91999816894531,55.93000030517578,490.0
2024-03-01 13:31:00,LMAT,67.8499984741211,67.8499984741211,67.8499984741211,67.8499984741211,67.8499984741211,1128.0
2024-03-01 13:31:00,LNSR,4.873000144958496,4.873000144958496,4.873000144958496,4.873000144958496,4.873000144958496,202.0
2024-03-01 13:31:00,LNTH,65.20999908447266,65.20999908447266,65.20999908447266,65.20999908447266,65.20999908447266,189.0
2024-03-01 13:31:00,LQDA,14.6899995803833,14.6899995803833,14.6899995803833,14.6899995803833,14.6899995803833,501.0
2024-03-01 13:31:00,LRMR,11.5,11.5,11.5,11.5,11.5,128.0
2024-03-01 13:31:00,LTRN,4.510000228881836,4.510000228881836,4.559599876403809,4.510000228881836,4.557000160217285,15425.0
2024-03-01 13:31:00,LUNG,9.494999885559082,9.494999885559082,9.494999885559082,9.494999885559082,9.494999885559082,183.0
2024-03-01 13:31:00,LVTX,2.9100000858306885,2.9100000858306885,2.950000047683716,2.9100000858306885,2.9100000858306885,1511.0
2024-03-01 13:31:00,LXRX,2.5199999809265137,2.5199999809265137,2.5299999713897705,2.5199999809265137,2.520900011062622,1090.0
2024-03-01 13:31:00,LYEL,3.190000057220459,3.190000057220459,3.190000057220459,3.184999942779541,3.184999942779541,263.0
2024-03-01 13:31:00,LYRA,5.71999979019165,5.71999979019165,5.71999979019165,5.670000076293945,5.679999828338623,3020.0
2024-03-01 13:31:00,MASI,128.8800048828125,128.8800048828125,128.88999938964844,128.83999633789062,128.88999938964844,1353.0
2024-03-01 13:31:00,MCRB,1.2050000429153442,1.2050000429153442,1.2050000429153442,1.2050000429153442,1.2050000429153442,253.0
2024-03-01 13:31:00,MDRX,6.0,6.0,6.0,5.989999771118164,5.989999771118164,82961.0
2024-03-01 13:31:00,MDXG,8.675000190734863,8.675000190734863,8.675000190734863,8.675000190734863,8.675000190734863,683.0
2024-03-01 13:31:00,ME,0.574400007724762,0.574400007724762,0.574400007724762,0.5702999830245972,0.5705000162124634,46447.0
2024-03-01 13:31:00,MHUA,0.6998999714851379,0.6998999714851379,0.6998999714851379,0.6998999714851379,0.6998999714851379,400.0
2024-03-01 13:31:00,MIRM,29.81999969482422,29.81999969482422,29.81999969482422,29.81999969482422,29.81999969482422,480.0
2024-03-01 13:31:00,MLTX,51.36000061035156,51.36000061035156,51.369998931884766,51.290000915527344,51.29999923706055,1967.0
2024-03-01 13:31:00,MMSI,76.4000015258789,76.4000015258789,76.4000015258789,76.4000015258789,76.4000015258789,505.0
2024-03-01 13:31:00,MNKD,4.539999961853027,4.539999961853027,4.550000190734863,4.534999847412109,4.534999847412109,13144.0
2024-03-01 13:31:00,MNMD,6.114999771118164,6.114999771118164,6.119900226593018,6.110000133514404,6.110000133514404,2600.0
2024-03-01 13:31:00,MNPR,0.8788989782333374,0.8788989782333374,0.8788989782333374,0.8788989782333374,0.8788989782333374,400.0
2024-03-01 13:31:00,MODD,1.909999966621399,1.909999966621399,1.909999966621399,1.899999976158142,1.909999966621399,900.0
2024-03-01 13:31:00,MODV,28.209999084472656,28.209999084472656,28.209999084472656,28.209999084472656,28.209999084472656,191.0
2024-03-01 13:31:00,MREO,3.9749999046325684,3.9749999046325684,3.9800000190734863,3.9549999237060547,3.9800000190734863,12679.0
2024-03-01 13:31:00,MRNA,95.93939971923828,95.93939971923828,95.9800033569336,95.93550109863281,95.95760345458984,4148.0
2024-03-01 13:31:00,MRNS,10.470000267028809,10.470000267028809,10.470000267028809,10.470000267028809,10.470000267028809,148.0
2024-03-01 13:31:00,MRSN,5.989999771118164,5.989999771118164,5.989999771118164,5.980000019073486,5.980000019073486,8690.0
2024-03-01 13:31:00,MRUS,51.60499954223633,51.60499954223633,51.689998626708984,51.60499954223633,51.689998626708984,884.0
2024-03-01 13:31:00,MRVI,7.695000171661377,7.695000171661377,7.704999923706055,7.695000171661377,7.704999923706055,4161.0
2024-03-01 13:31:00,MYGN,21.90999984741211,21.90999984741211,21.90999984741211,21.8799991607666,21.8799991607666,1208.0
2024-03-01 13:31:00,MYNZ,0.8618000149726868,0.8618000149726868,0.8618000149726868,0.8616999983787537,0.8616999983787537,400.0
2024-03-01 13:31:00,NAOV,0.9700000286102295,0.9700000286102295,0.9700000286102295,0.9700000286102295,0.9700000286102295,288.0
2024-03-01 13:31:00,NARI,45.150001525878906,45.150001525878906,45.2400016784668,44.97999954223633,45.165000915527344,12852.0
2024-03-01 13:31:00,NAUT,2.630000114440918,2.630000114440918,2.630000114440918,2.630000114440918,2.630000114440918,100.0
2024-03-01 13:31:00,NBIX,131.99000549316406,131.99000549316406,132.02999877929688,131.9199981689453,132.02999877929688,1474.0
2024-03-01 13:31:00,NEO,16.030000686645508,16.030000686645508,16.030000686645508,16.030000686645508,16.030000686645508,1055.0
2024-03-01 13:31:00,NEOG,17.350000381469727,17.350000381469727,17.350000381469727,17.350000381469727,17.350000381469727,1109.0
2024-03-01 13:31:00,NGM,1.5299999713897705,1.5299999713897705,1.5299999713897705,1.5299999713897705,1.5299999713897705,725.0
2024-03-01 13:31:00,NKTR,0.7805500030517578,0.7805500030517578,0.7815499901771545,0.7800999879837036,0.7815499901771545,1224.0
2024-03-01 13:31:00,NKTX,12.734000205993652,12.734000205993652,12.75,12.734000205993652,12.75,1279.0
2024-03-01 13:31:00,NNOX,10.9975004196167,10.9975004196167,11.005000114440918,10.994999885559082,10.994999885559082,3270.0
2024-03-01 13:31:00,NPCE,16.709999084472656,16.709999084472656,16.709999084472656,16.709999084472656,16.709999084472656,139.0
2024-03-01 13:31:00,NRBO,5.928400039672852,5.928400039672852,5.928400039672852,5.928400039672852,5.928400039672852,2000.0
2024-03-01 13:31:00,NRC,40.70000076293945,40.70000076293945,40.70000076293945,40.70000076293945,40.70000076293945,199.0
2024-03-01 13:31:00,NRIX,13.729999542236328,13.729999542236328,13.739999771118164,13.729999542236328,13.739999771118164,577.0
2024-03-01 13:31:00,NRSN,1.9901000261306763,1.9901000261306763,1.9901000261306763,1.9900000095367432,1.9900000095367432,5100.0
2024-03-01 13:31:00,NRXP,0.4142009913921356,0.4142009913921356,0.4142009913921356,0.4142009913921356,0.4142009913921356,1000.0
2024-03-01 13:31:00,NSPR,2.5899999141693115,2.5899999141693115,2.5899999141693115,2.5899999141693115,2.5899999141693115,256.0
2024-03-01 13:31:00,NTLA,33.4900016784668,33.4900016784668,33.4900016784668,33.400001525878906,33.400001525878906,3572.0
2024-03-01 13:31:00,NTRA,89.68000030517578,89.68000030517578,89.68000030517578,89.58000183105469,89.58999633789062,4995.0
2024-03-01 13:31:00,NUVL,88.73999786376953,88.73999786376953,88.75,88.7125015258789,88.75,2482.0
2024-03-01 13:31:00,NUWE,0.5751000046730042,0.5751000046730042,0.5800999999046326,0.5751000046730042,0.5800999999046326,6538.0
2024-03-01 13:31:00,NVAX,5.239999771118164,5.239999771118164,5.239999771118164,5.21999979019165,5.224999904632568,25227.0
2024-03-01 13:31:00,NVCT,10.6899995803833,10.6899995803833,10.6899995803833,10.6899995803833,10.6899995803833,100.0
2024-03-01 13:31:00,NXTC,1.75,1.75,1.75,1.75,1.75,100.0
2024-03-01 13:31:00,OCGN,0.9797999858856201,0.9797999858856201,0.9797999858856201,0.9688000082969666,0.9700000286102295,50144.0
2024-03-01 13:31:00,OCUL,10.875300407409668,10.875300407409668,10.890000343322754,10.875300407409668,10.890000343322754,7355.0
2024-03-01 13:31:00,OCUP,2.4800000190734863,2.4800000190734863,2.4800000190734863,2.4800000190734863,2.4800000190734863,102.0
2024-03-01 13:31:00,OGI,2.194999933242798,2.194999933242798,2.200000047683716,2.194999933242798,2.194999933242798,712.0
2024-03-01 13:31:00,OLMA,14.8149995803833,14.8149995803833,14.8149995803833,14.729999542236328,14.729999542236328,765.0
2024-03-01 13:31:00,OMER,4.760000228881836,4.760000228881836,4.760000228881836,4.760000228881836,4.760000228881836,201.0
2024-03-01 13:32:00,ABCL,5.235000133514404,5.235000133514404,5.235000133514404,5.235000133514404,5.235000133514404,243.0
2024-03-01 13:32:00,ABSI,5.364999771118164,5.364999771118164,5.369999885559082,5.364999771118164,5.369999885559082,4764.0
2024-03-01 13:32:00,ABUS,2.765000104904175,2.765000104904175,2.765000104904175,2.759999990463257,2.765000104904175,1314.0
2024-03-01 13:32:00,ACAD,24.34000015258789,24.34000015258789,24.34000015258789,24.34000015258789,24.34000015258789,304.0
2024-03-01 13:32:00,ACB,3.240000009536743,3.240000009536743,3.240000009536743,3.234999895095825,3.234999895095825,1707.0
2024-03-01 13:32:00,ACET,2.4000000953674316,2.4000000953674316,2.4000000953674316,2.390000104904175,2.4000000953674316,452.0
2024-03-01 13:32:00,ACHC,84.83999633789062,84.83999633789062,84.83999633789062,84.83999633789062,84.83999633789062,130.0
2024-03-01 13:32:00,ACON,0.4097999930381775,0.4097999930381775,0.4097999930381775,0.4097999930381775,0.4097999930381775,200.0
2024-03-01 13:32:00,ACRS,1.2350000143051147,1.2350000143051147,1.2400000095367432,1.2300000190734863,1.2400000095367432,920.0
2024-03-01 13:32:00,ADAP,1.600100040435791,1.600100040435791,1.6100000143051147,1.600100040435791,1.6018999814987183,6311.0
2024-03-01 13:32:00,ADIL,3.2399001121520996,3.2399001121520996,3.2399001121520996,3.160099983215332,3.180000066757202,46500.0
2024-03-01 13:32:00,ADMA,5.539999961853027,5.539999961853027,5.550000190734863,5.53000020980835,5.539999961853027,26421.0
2024-03-01 13:32:00,ADTX,3.4600000381469727,3.4600000381469727,3.4600000381469727,3.4600000381469727,3.4600000381469727,450.0
2024-03-01 13:32:00,ADVM,1.9450000524520874,1.9450000524520874,1.9450000524520874,1.940000057220459,1.940000057220459,300.0
2024-03-01 13:32:00,AFMD,0.6399999856948853,0.6399999856948853,0.6399999856948853,0.6399999856948853,0.6399999856948853,120.0
2024-03-01 13:32:00,AGEN,0.6829000115394592,0.6829000115394592,0.6830000281333923,0.6829000115394592,0.6829990148544312,9650.0
2024-03-01 13:32:00,AGIO,32.90999984741211,32.90999984741211,32.92499923706055,32.900001525878906,32.92499923706055,401.0
2024-03-01 13:32:00,AHCO,10.569999694824219,10.569999694824219,10.585000038146973,10.5600004196167,10.5600004196167,6677.0
2024-03-01 13:32:00,AIRS,6.429999828338623,6.429999828338623,6.429999828338623,6.429999828338623,6.429999828338623,109.0
2024-03-01 13:32:00,AKAN,0.21130000054836273,0.21130000054836273,0.2150000035762787,0.21130000054836273,0.21400000154972076,13048.0
2024-03-01 13:32:00,AKBA,1.6950000524520874,1.6950000524520874,1.7000000476837158,1.6900999546051025,1.6950000524520874,6349.0
2024-03-01 13:32:00,AKRO,30.21500015258789,30.21500015258789,30.227500915527344,30.200000762939453,30.227500915527344,1045.0
2024-03-01 13:32:00,AKTX,2.2548000812530518,2.2548000812530518,2.2548000812530518,2.2548000812530518,2.2548000812530518,100.0
2024-03-01 13:32:00,ALDX,4.329999923706055,4.329999923706055,4.329999923706055,4.329999923706055,4.329999923706055,106.0
2024-03-01 13:32:00,ALGS,1.100000023841858,1.100000023841858,1.100000023841858,1.100000023841858,1.100000023841858,1100.0
2024-03-01 13:32:00,ALKS,30.219999313354492,30.219999313354492,30.219999313354492,30.219999313354492,30.219999313354492,311.0
2024-03-01 13:32:00,ALLK,1.6399999856948853,1.6399999856948853,1.6399999856948853,1.6349999904632568,1.6349999904632568,379.0
2024-03-01 13:32:00,ALLO,5.045000076293945,5.045000076293945,5.045000076293945,5.039999961853027,5.039999961853027,3882.0
2024-03-01 13:32:00,ALNY,153.61000061035156,153.61000061035156,153.6300048828125,153.61000061035156,153.61000061035156,748.0
2024-03-01 13:32:00,ALPN,36.0099983215332,36.0099983215332,36.0099983215332,36.0099983215332,36.0099983215332,269.0
2024-03-01 13:32:00,ALT,12.069999694824219,12.069999694824219,12.085000038146973,12.069999694824219,12.079999923706055,5146.0
2024-03-01 13:32:00,ALVO,15.640000343322754,15.640000343322754,15.649999618530273,15.640000343322754,15.649999618530273,1092.0
2024-03-01 13:32:00,ALVR,0.7546499967575073,0.7546499967575073,0.7546499967575073,0.7546499967575073,0.7546499967575073,100.0
2024-03-01 13:32:00,AMED,93.30999755859375,93.30999755859375,93.30999755859375,93.30999755859375,93.30999755859375,550.0
2024-03-01 13:32:00,AMGN,280.6499938964844,280.6499938964844,280.6499938964844,280.5400085449219,280.57501220703125,2252.0
2024-03-01 13:32:00,AMPH,45.65999984741211,45.65999984741211,45.65999984741211,45.65999984741211,45.65999984741211,470.0
2024-03-01 13:32:00,AMRN,1.0549999475479126,1.0549999475479126,1.0549999475479126,1.0549999475479126,1.0549999475479126,200.0
2024-03-01 13:32:00,ANGO,5.5,5.5,5.510000228881836,5.499899864196777,5.499899864196777,5686.0
2024-03-01 13:32:00,ANIK,24.969999313354492,24.969999313354492,24.969999313354492,24.969999313354492,24.969999313354492,631.0
2024-03-01 13:32:00,ANIP,65.9000015258789,65.9000015258789,65.9000015258789,65.9000015258789,65.9000015258789,278.0
2024-03-01 13:32:00,ANNX,6.190000057220459,6.190000057220459,6.190000057220459,6.130000114440918,6.130000114440918,6522.0
2024-03-01 13:32:00,APLS,65.0999984741211,65.0999984741211,65.19499969482422,65.0999984741211,65.11000061035156,5028.0
2024-03-01 13:32:00,APLT,7.150000095367432,7.150000095367432,7.159999847412109,7.150000095367432,7.150000095367432,395.0
2024-03-01 13:32:00,APVO,0.15410000085830688,0.15410000085830688,0.15410000085830688,0.15410000085830688,0.15410000085830688,2861.0
2024-03-01 13:32:00,APYX,2.0899999141693115,2.0899999141693115,2.0899999141693115,2.0899999141693115,2.0899999141693115,572.0
2024-03-01 13:32:00,AQST,4.275000095367432,4.275000095367432,4.279099941253662,4.275000095367432,4.279099941253662,858.0
2024-03-01 13:32:00,ARDX,9.475000381469727,9.475000381469727,9.484999656677246,9.470000267028809,9.484999656677246,10644.0
2024-03-01 13:32:00,ARQT,11.779899597167969,11.779899597167969,11.779999732971191,11.774999618530273,11.774999618530273,5617.0
2024-03-01 13:32:00,ARVN,48.8849983215332,48.8849983215332,48.88999938964844,48.8849983215332,48.88999938964844,550.0
2024-03-01 13:32:00,ARWR,35.720001220703125,35.720001220703125,35.720001220703125,35.630001068115234,35.630001068115234,2117.0
2024-03-01 13:32:00,ASND,151.4600067138672,151.4600067138672,152.0050048828125,151.10000610351562,152.0050048828125,5846.0
2024-03-01 13:32:00,ASRT,0.9049990177154541,0.9049990177154541,0.920199990272522,0.8999999761581421,0.920199990272522,39326.0
2024-03-01 13:32:00,ATAI,2.158799886703491,2.158799886703491,2.158799886703491,2.158799886703491,2.158799886703491,2566.0
2024-03-01 13:32:00,ATEC,13.46500015258789,13.46500015258789,13.484999656677246,13.449999809265137,13.484999656677246,24270.0
2024-03-01 13:32:00,ATHA,3.994999885559082,3.994999885559082,3.994999885559082,3.994999885559082,3.994999885559082,112.0
2024-03-01 13:32:00,ATNF,3.2209999561309814,3.2209999561309814,3.2799999713897705,3.2100000381469727,3.2799999713897705,2568.0
2024-03-01 13:32:00,ATRA,0.7950999736785889,0.7950999736785889,0.7950999736785889,0.7950999736785889,0.7950999736785889,1708.0
2024-03-01 13:32:00,ATXS,14.829999923706055,14.829999923706055,14.829999923706055,14.829999923706055,14.829999923706055,445.0
2024-03-01 13:32:00,AUGX,4.550000190734863,4.550000190734863,4.550000190734863,4.550000190734863,4.550000190734863,201.0
2024-03-01 13:32:00,AUPH,5.84499979019165,5.84499979019165,5.84499979019165,5.84499979019165,5.84499979019165,396.0
2024-03-01 13:32:00,AURA,9.3100004196167,9.3100004196167,9.3100004196167,9.3100004196167,9.3100004196167,327.0
2024-03-01 13:32:00,AUTL,6.380000114440918,6.380000114440918,6.380000114440918,6.380000114440918,6.380000114440918,112.0
2024-03-01 13:32:00,AVDL,13.239999771118164,13.239999771118164,13.300000190734863,13.239999771118164,13.300000190734863,7546.0
2024-03-01 13:32:00,AVXL,5.317500114440918,5.317500114440918,5.317500114440918,5.317500114440918,5.317500114440918,112.0
2024-03-01 13:32:00,AXNX,67.90499877929688,67.90499877929688,67.90499877929688,67.90499877929688,67.90499877929688,400.0
2024-03-01 13:32:00,AXSM,82.29499816894531,82.29499816894531,82.29969787597656,82.25,82.25,597.0
2024-03-01 13:32:00,AZN,64.67500305175781,64.67500305175781,64.67500305175781,64.66999816894531,64.66999816894531,2131.0
2024-03-01 13:32:00,AZTA,66.73999786376953,66.73999786376953,66.73999786376953,66.73999786376953,66.73999786376953,523.0
2024-03-01 13:32:00,BCAB,2.7249999046325684,2.7249999046325684,2.7249999046325684,2.7249999046325684,2.7249999046325684,124.0
2024-03-01 13:32:00,BCDA,0.5699999928474426,0.5699999928474426,0.5699999928474426,0.5699999928474426,0.5699999928474426,1000.0
2024-03-01 13:32:00,BCRX,5.705999851226807,5.705999851226807,5.710000038146973,5.704999923706055,5.710000038146973,2515.0
2024-03-01 13:32:00,BCYC,26.229999542236328,26.229999542236328,26.239999771118164,26.229999542236328,26.239999771118164,421.0
2024-03-01 13:32:00,BDSX,1.5950000286102295,1.5950000286102295,1.5950000286102295,1.5950000286102295,1.5950000286102295,426.0
2024-03-01 13:32:00,BDTX,5.0,5.0,5.00029993057251,4.994999885559082,5.00029993057251,1776.0
2024-03-01 13:32:00,BEAM,40.45000076293945,40.45000076293945,40.45000076293945,40.42499923706055,40.45000076293945,956.0
2024-03-01 13:32:00,BIIB,221.14999389648438,221.14999389648438,221.19000244140625,221.07000732421875,221.07000732421875,5249.0
2024-03-01 13:32:00,BIMI,3.680000066757202,3.680000066757202,3.7100000381469727,3.680000066757202,3.7100000381469727,1282.0
2024-03-01 13:32:00,BIOR,1.1100000143051147,1.1100000143051147,1.1349999904632568,1.1100000143051147,1.1349999904632568,3563.0
2024-03-01 13:32:00,BIVI,1.9800000190734863,1.9800000190734863,1.9900000095367432,1.9600000381469727,1.9700000286102295,47831.0
2024-03-01 13:32:00,BLFS,18.21500015258789,18.21500015258789,18.21500015258789,18.200000762939453,18.200000762939453,360.0
2024-03-01 13:32:00,BLUE,1.6050000190734863,1.6050000190734863,1.6100000143051147,1.6050000190734863,1.6050000190734863,3472.0
2024-03-01 13:32:00,BMEA,18.149999618530273,18.149999618530273,18.149999618530273,18.1299991607666,18.1299991607666,1619.0
2024-03-01 13:32:00,BMRN,87.73999786376953,87.73999786376953,87.76000213623047,87.72000122070312,87.73999786376953,2906.0
2024-03-01 13:32:00,BNGO,1.25,1.25,1.25,1.25,1.25,232.0
2024-03-01 13:32:00,BNR,0.8394500017166138,0.8394500017166138,0.8394500017166138,0.8394500017166138,0.8394500017166138,100.0
2024-03-01 13:32:00,BNTC,5.190000057220459,5.190000057220459,5.190000057220459,5.190000057220459,5.190000057220459,617.0
2024-03-01 13:32:00,BNTX,91.28009796142578,91.28009796142578,91.36000061035156,91.2699966430664,91.36000061035156,1012.0
2024-03-01 13:32:00,BRKR,88.25,88.25,88.2699966430664,88.25,88.2699966430664,1166.0
2024-03-01 13:32:00,BSGM,0.6800000071525574,0.6800000071525574,0.6800000071525574,0.6790000200271606,0.6790000200271606,393.0
2024-03-01 13:32:00,BTAI,3.190000057220459,3.190000057220459,3.190000057220459,3.174999952316284,3.180000066757202,7779.0
2024-03-01 13:32:00,BTTX,0.17550000548362732,0.17550000548362732,0.17589999735355377,0.17509999871253967,0.17509999871253967,24900.0
2024-03-01 13:32:00,BWAY,6.550000190734863,6.550000190734863,6.550000190734863,6.53000020980835,6.53000020980835,200.0
2024-03-01 13:32:00,CABA,24.229999542236328,24.229999542236328,24.260000228881836,24.229999542236328,24.260000228881836,1864.0
2024-03-01 13:32:00,CBAY,32.2400016784668,32.2400016784668,32.2400016784668,32.2400016784668,32.2400016784668,959.0
2024-03-01 13:32:00,CCCC,11.0,11.0,11.005000114440918,10.984999656677246,10.984999656677246,6463.0
2024-03-01 13:32:00,CDMO,8.09000015258789,8.09000015258789,8.09000015258789,8.09000015258789,8.09000015258789,131.0
2024-03-01 13:32:00,CDNA,12.385000228881836,12.385000228881836,12.390000343322754,12.385000228881836,12.390000343322754,850.0
2024-03-01 13:32:00,CDXS,4.565000057220459,4.565000057220459,4.565000057220459,4.559999942779541,4.559999942779541,955.0
2024-03-01 13:32:00,CELC,16.190000534057617,16.190000534057617,16.190000534057617,16.190000534057617,16.190000534057617,100.0
2024-03-01 13:32:00,CELU,3.5299999713897705,3.5299999713897705,3.5299999713897705,3.5299999713897705,3.5299999713897705,730.0
2024-03-01 13:32:00,CERE,41.099998474121094,41.099998474121094,41.11000061035156,41.099998474121094,41.099998474121094,1214.0
2024-03-01 13:32:00,CERS,2.200000047683716,2.200000047683716,2.2100000381469727,2.200000047683716,2.2100000381469727,400.0
2024-03-01 13:32:00,CERT,17.920000076293945,17.920000076293945,17.920000076293945,17.920000076293945,17.920000076293945,462.0
2024-03-01 13:32:00,CGC,3.255000114440918,3.255000114440918,3.259999990463257,3.255000114440918,3.259700059890747,690.0
2024-03-01 13:32:00,CHEK,2.109999895095825,2.109999895095825,2.109999895095825,2.109999895095825,2.109999895095825,325.0
2024-03-01 13:32:00,CHRS,2.424999952316284,2.424999952316284,2.424999952316284,2.424999952316284,2.424999952316284,1265.0
2024-03-01 13:32:00,CING,1.340000033378601,1.340000033378601,1.340000033378601,1.340000033378601,1.340000033378601,101.0
2024-03-01 13:32:00,CLDX,52.5099983215332,52.5099983215332,52.529998779296875,52.47999954223633,52.5,3478.0
2024-03-01 13:32:00,CLNN,0.39489999413490295,0.39489999413490295,0.39489999413490295,0.39489999413490295,0.39489999413490295,1037.0
2024-03-01 13:32:00,CLOV,0.8719009757041931,0.8719009757041931,0.8736000061035156,0.8701000213623047,0.870199978351593,3154.0
2024-03-01 13:32:00,CLPT,6.679999828338623,6.679999828338623,6.679999828338623,6.679999828338623,6.679999828338623,795.0
2024-03-01 13:32:00,CLRB,4.139999866485596,4.139999866485596,4.139999866485596,4.139999866485596,4.139999866485596,200.0
2024-03-01 13:32:00,CMPS,11.364999771118164,11.364999771118164,11.369999885559082,11.364999771118164,11.369999885559082,368.0
2024-03-01 13:32:00,CNTA,10.880000114440918,10.880000114440918,10.880000114440918,10.880000114440918,10.880000114440918,130.0
2024-03-01 13:32:00,CNTX,1.159999966621399,1.159999966621399,1.159999966621399,1.159999966621399,1.159999966621399,135.0
2024-03-01 13:32:00,COGT,7.190000057220459,7.190000057220459,7.195000171661377,7.190000057220459,7.190000057220459,3851.0
2024-03-01 13:32:00,COLL,36.900001525878906,36.900001525878906,36.900001525878906,36.880001068115234,36.900001525878906,1061.0
2024-03-01 13:32:00,CORT,24.309999465942383,24.309999465942383,24.309999465942383,24.309999465942383,24.309999465942383,1507.0
2024-03-01 13:32:00,CPRX,17.344999313354492,17.344999313354492,17.344999313354492,17.31999969482422,17.325000762939453,6714.0
2024-03-01 13:32:00,CPSI,9.5,9.5,9.520000457763672,9.479999542236328,9.479999542236328,5496.0
2024-03-01 13:32:00,CRBP,32.19160079956055,32.19160079956055,32.19160079956055,32.19160079956055,32.19160079956055,283.0
2024-03-01 13:32:00,CRBU,7.944300174713135,7.944300174713135,7.965000152587891,7.940000057220459,7.949999809265137,4148.0
2024-03-01 13:32:00,CRDF,2.4639999866485596,2.4639999866485596,2.4700000286102295,2.450000047683716,2.45989990234375,26628.0
2024-03-01 13:32:00,CRDL,1.940000057220459,1.940000057220459,1.940000057220459,1.9199999570846558,1.9199999570846558,4481.0
2024-03-01 13:32:00,CRNX,46.869998931884766,46.869998931884766,46.869998931884766,46.80099868774414,46.80099868774414,1092.0
2024-03-01 13:32:00,CRON,2.059999942779541,2.059999942779541,2.065000057220459,2.059999942779541,2.065000057220459,1479.0
2024-03-01 13:32:00,CRSP,85.84760284423828,85.84760284423828,85.97000122070312,85.84760284423828,85.97000122070312,2665.0
2024-03-01 13:32:00,CTKB,8.829999923706055,8.829999923706055,8.829999923706055,8.824999809265137,8.824999809265137,562.0
2024-03-01 13:32:00,CTMX,2.630000114440918,2.630000114440918,2.6500000953674316,2.630000114440918,2.6500000953674316,3813.0
2024-03-01 13:32:00,CUTR,2.3808999061584473,2.3808999061584473,2.3808999061584473,2.3801000118255615,2.3801000118255615,1631.0
2024-03-01 13:32:00,CVAC,3.494999885559082,3.494999885559082,3.494999885559082,3.494999885559082,3.494999885559082,1013.0
2024-03-01 13:32:00,CYTK,72.91999816894531,72.91999816894531,72.91999816894531,72.88999938964844,72.91999816894531,490.0
2024-03-01 13:32:00,DAWN,17.469999313354492,17.469999313354492,17.469999313354492,17.469999313354492,17.469999313354492,241.0
2024-03-01 13:32:00,DCGO,4.170000076293945,4.170000076293945,4.170000076293945,4.170000076293945,4.170000076293945,905.0
2024-03-01 13:32:00,DCPH,17.489999771118164,17.489999771118164,17.5,17.489999771118164,17.489999771118164,1039.0
2024-03-01 13:32:00,DCTH,4.179999828338623,4.179999828338623,4.180300235748291,4.179999828338623,4.179999828338623,1135.0
2024-03-01 13:32:00,DH,8.84000015258789,8.84000015258789,8.84000015258789,8.84000015258789,8.84000015258789,208.0
2024-03-01 13:32:00,DMTK,0.8464990258216858,0.8464990258216858,0.8464990258216858,0.8464990258216858,0.8464990258216858,2501.0
2024-03-01 13:32:00,DNLI,21.040000915527344,21.040000915527344,21.040000915527344,20.909900665283203,20.90999984741211,14820.0
2024-03-01 13:32:00,DRIO,2.005000114440918,2.005000114440918,2.005000114440918,2.005000114440918,2.005000114440918,166.0
2024-03-01 13:32:00,DRRX,0.9951000213623047,0.9951000213623047,0.9951000213623047,0.9951000213623047,0.9951000213623047,728.0
2024-03-01 13:32:00,DTIL,12.600000381469727,12.600000381469727,12.640000343322754,12.5649995803833,12.640000343322754,779.0
2024-03-01 13:32:00,DVAX,12.885000228881836,12.885000228881836,12.885000228881836,12.875,12.880000114440918,996.0
2024-03-01 13:32:00,DXCM,121.5199966430664,121.5199966430664,121.68499755859375,121.5199966430664,121.66999816894531,2679.0
2024-03-01 13:32:00,DYN,28.75,28.75,28.75,28.729999542236328,28.74959945678711,587.0
2024-03-01 13:32:00,EDAP,6.840000152587891,6.840000152587891,6.840000152587891,6.840000152587891,6.840000152587891,1009.0
2024-03-01 13:32:00,EDIT,10.90999984741211,10.90999984741211,10.90999984741211,10.890000343322754,10.890000343322754,3078.0
2024-03-01 13:32:00,EGRX,6.703700065612793,6.703700065612793,6.703700065612793,6.660099983215332,6.660099983215332,291.0
2024-03-01 13:32:00,EKSO,2.0,2.0,2.0,2.0,2.0,279.0
2024-03-01 13:32:00,ELEV,5.059999942779541,5.059999942779541,5.070000171661377,5.050000190734863,5.050000190734863,4164.0
2024-03-01 13:32:00,EMBC,14.3100004196167,14.3100004196167,14.3100004196167,14.3100004196167,14.3100004196167,204.0
2024-03-01 13:32:00,ENTA,15.420000076293945,15.420000076293945,15.420000076293945,15.420000076293945,15.420000076293945,200.0
2024-03-01 13:32:00,ENVB,1.4900000095367432,1.4900000095367432,1.4900000095367432,1.4800000190734863,1.48989999294281,1232.0
2024-03-01 13:32:00,ERAS,2.494999885559082,2.494999885559082,2.5,2.494999885559082,2.5,200.0
2024-03-01 13:32:00,ESPR,2.5199999809265137,2.5199999809265137,2.5199999809265137,2.5199999809265137,2.5199999809265137,812.0
2024-03-01 13:32:00,ETNB,13.220000267028809,13.220000267028809,13.220000267028809,13.199999809265137,13.199999809265137,9000.0
2024-03-01 13:32:00,EVAX,3.490000009536743,3.490000009536743,3.490000009536743,3.490000009536743,3.490000009536743,486.0
2024-03-01 13:32:00,EWTX,17.010000228881836,17.010000228881836,17.010000228881836,17.010000228881836,17.010000228881836,290.0
2024-03-01 13:32:00,EXAS,59.97999954223633,59.97999954223633,60.01499938964844,59.97999954223633,60.0,2137.0
2024-03-01 13:32:00,EXEL,22.470300674438477,22.470300674438477,22.579999923706055,22.469999313354492,22.579999923706055,190429.0
2024-03-01 13:32:00,EYEN,2.450000047683716,2.450000047683716,2.450000047683716,2.4300999641418457,2.440000057220459,4323.0
2024-03-01 13:32:00,FATE,7.769899845123291,7.769899845123291,7.78000020980835,7.764999866485596,7.769999980926514,4498.0
2024-03-01 13:32:00,FBIO,2.3399999141693115,2.3399999141693115,2.3450000286102295,2.3399999141693115,2.3399999141693115,4970.0
2024-03-01 13:32:00,FDMT,29.450000762939453,29.450000762939453,29.450000762939453,29.450000762939453,29.450000762939453,292.0
2024-03-01 13:32:00,FGEN,1.8752000331878662,1.8752000331878662,1.8799999952316284,1.875,1.8799999952316284,1229.0
2024-03-01 13:32:00,FLGT,23.219999313354492,23.219999313354492,23.219999313354492,23.219999313354492,23.219999313354492,377.0
2024-03-01 13:32:00,FOLD,13.369999885559082,13.369999885559082,13.369999885559082,13.369999885559082,13.369999885559082,1589.0
2024-03-01 13:32:00,FULC,11.210000038146973,11.210000038146973,11.219799995422363,11.210000038146973,11.219799995422363,790.0
2024-03-01 13:32:00,FUSN,12.420000076293945,12.420000076293945,12.420000076293945,12.404999732971191,12.420000076293945,619.0
2024-03-01 13:32:00,FWBI,8.5,8.5,8.550000190734863,8.5,8.550000190734863,1616.0
2024-03-01 13:32:00,GALT,1.965000033378601,1.965000033378601,1.965000033378601,1.9600000381469727,1.9600000381469727,376.0
2024-03-01 13:32:00,GBIO,2.637700080871582,2.637700080871582,2.637700080871582,2.637700080871582,2.637700080871582,100.0
2024-03-01 13:32:00,GDRX,8.345000267028809,8.345000267028809,8.345000267028809,8.34000015258789,8.34000015258789,2616.0
2024-03-01 13:32:00,GERN,2.25,2.25,2.25,2.240000009536743,2.244999885559082,13168.0
2024-03-01 13:32:00,GH,19.079999923706055,19.079999923706055,19.079999923706055,19.079999923706055,19.079999923706055,536.0
2024-03-01 13:32:00,GILD,72.30999755859375,72.30999755859375,72.33000183105469,72.29499816894531,72.29499816894531,7879.0
2024-03-01 13:32:00,GMAB,29.350000381469727,29.350000381469727,29.350000381469727,29.34000015258789,29.350000381469727,1620.0
2024-03-01 13:32:00,GOSS,1.409999966621399,1.409999966621399,1.409999966621399,1.409999966621399,1.409999966621399,1087.0
2024-03-01 13:32:00,GRFS,7.09499979019165,7.09499979019165,7.09499979019165,7.090000152587891,7.091599941253662,1130.0
2024-03-01 13:32:00,GRTS,2.1500000953674316,2.1500000953674316,2.1600000858306885,2.1500000953674316,2.1600000858306885,4624.0
2024-03-01 13:32:00,GTHX,3.809999942779541,3.809999942779541,3.809999942779541,3.809999942779541,3.809999942779541,139.0
2024-03-01 13:32:00,HALO,41.31999969482422,41.31999969482422,41.36000061035156,41.31999969482422,41.349998474121094,1263.0
2024-03-01 13:32:00,HCAT,8.109999656677246,8.109999656677246,8.140000343322754,8.109999656677246,8.140000343322754,3314.0
2024-03-01 13:32:00,HCSG,12.635000228881836,12.635000228881836,12.635000228881836,12.630000114440918,12.630000114440918,853.0
2024-03-01 13:32:00,HEPA,3.0999999046325684,3.0999999046325684,3.0999999046325684,3.0999999046325684,3.0999999046325684,100.0
2024-03-01 13:32:00,HLTH,0.27399998903274536,0.27399998903274536,0.27399998903274536,0.27399998903274536,0.27399998903274536,500.0
2024-03-01 13:32:00,HOLX,74.01000213623047,74.01000213623047,74.01000213623047,74.01000213623047,74.01000213623047,311.0
2024-03-01 13:32:00,HQY,81.61750030517578,81.61750030517578,81.61750030517578,81.61750030517578,81.61750030517578,105.0
2024-03-01 13:32:00,HRMY,31.65999984741211,31.65999984741211,31.65999984741211,31.614999771118164,31.614999771118164,422.0
2024-03-01 13:32:00,HRTX,2.5899999141693115,2.5899999141693115,2.5975000858306885,2.5899999141693115,2.5975000858306885,459.0
2024-03-01 13:32:00,HSCS,0.11840000003576279,0.11840000003576279,0.11875099688768387,0.11829999834299088,0.11875099688768387,35085.0
2024-03-01 13:32:00,HSIC,76.8499984741211,76.8499984741211,76.87999725341797,76.8499984741211,76.87999725341797,874.0
2024-03-01 13:32:00,HUMA,3.3399999141693115,3.3399999141693115,3.3424999713897705,3.3399999141693115,3.3410000801086426,8416.0
2024-03-01 13:32:00,IART,36.400001525878906,36.400001525878906,36.43000030517578,36.400001525878906,36.41999816894531,28784.0
2024-03-01 13:32:00,IBRX,4.784999847412109,4.784999847412109,4.788599967956543,4.784999847412109,4.784999847412109,1652.0
2024-03-01 13:32:00,ICCM,1.2999999523162842,1.2999999523162842,1.2999999523162842,1.2999999523162842,1.2999999523162842,105.0
2024-03-01 13:32:00,ICLR,322.3299865722656,322.3299865722656,322.3299865722656,322.2900085449219,322.2900085449219,686.0
2024-03-01 13:32:00,ICUI,104.93000030517578,104.93000030517578,104.93000030517578,104.93000030517578,104.93000030517578,240.0
2024-03-01 13:32:00,IDYA,46.77000045776367,46.77000045776367,46.77000045776367,46.77000045776367,46.77000045776367,229.0
2024-03-01 13:32:00,IINN,1.690000057220459,1.690000057220459,1.690000057220459,1.6899000406265259,1.690000057220459,12103.0
2024-03-01 13:32:00,IMAB,1.8188999891281128,1.8188999891281128,1.8188999891281128,1.8188999891281128,1.8188999891281128,530.0
2024-03-01 13:32:00,IMCR,67.98999786376953,67.98999786376953,67.98999786376953,67.98999786376953,67.98999786376953,1665.0
2024-03-01 13:32:00,IMMP,2.3499999046325684,2.3499999046325684,2.3499999046325684,2.3499999046325684,2.3499999046325684,381.0
2024-03-01 13:32:00,IMMX,3.559999942779541,3.559999942779541,3.559999942779541,3.559999942779541,3.559999942779541,100.0
2024-03-01 13:32:00,IMNM,25.280000686645508,25.280000686645508,25.309999465942383,25.280000686645508,25.309999465942383,801.0
2024-03-01 13:32:00,IMTX,12.880000114440918,12.880000114440918,12.880000114440918,12.880000114440918,12.880000114440918,106.0
2024-03-01 13:32:00,IMUX,1.4700000286102295,1.4700000286102295,1.4701000452041626,1.4700000286102295,1.4700000286102295,2540.0
2024-03-01 13:32:00,INBX,36.525001525878906,36.525001525878906,36.540000915527344,36.525001525878906,36.540000915527344,847.0
2024-03-01 13:32:00,INCY,59.400001525878906,59.400001525878906,59.41999816894531,59.400001525878906,59.41999816894531,1834.0
2024-03-01 13:32:00,INGN,6.739999771118164,6.739999771118164,6.739999771118164,6.739999771118164,6.739999771118164,225.0
2024-03-01 13:32:00,INKT,0.9300000071525574,0.9300000071525574,0.9394000172615051,0.9299489855766296,0.9394000172615051,1144.0
2024-03-01 13:32:00,INMB,12.444999694824219,12.444999694824219,12.444999694824219,12.444999694824219,12.444999694824219,107.0
2024-03-01 13:32:00,INMD,22.84000015258789,22.84000015258789,22.867700576782227,22.84000015258789,22.867700576782227,905.0
2024-03-01 13:32:00,INO,9.479999542236328,9.479999542236328,9.510000228881836,9.460000038146973,9.460000038146973,8994.0
2024-03-01 13:32:00,INSM,28.389999389648438,28.389999389648438,28.399999618530273,28.389999389648438,28.399999618530273,721.0
2024-03-01 13:32:00,INVA,15.680000305175781,15.680000305175781,15.680000305175781,15.680000305175781,15.680000305175781,982.0
2024-03-01 13:32:00,IONS,45.90999984741211,45.90999984741211,45.91999816894531,45.88999938964844,45.91999816894531,874.0
2024-03-01 13:32:00,IOVA,17.1200008392334,17.1200008392334,17.1200008392334,17.079999923706055,17.079999923706055,13766.0
2024-03-01 13:32:00,IRWD,9.0,9.0,9.024999618530273,9.0,9.020000457763672,23044.0
2024-03-01 13:32:00,ISRG,396.1050109863281,396.1050109863281,396.2699890136719,396.1050109863281,396.2300109863281,3377.0
2024-03-01 13:32:00,ITCI,71.63500213623047,71.63500213623047,71.63999938964844,71.63500213623047,71.63999938964844,803.0
2024-03-01 13:32:00,ITOS,11.239999771118164,11.239999771118164,11.239999771118164,11.239999771118164,11.239999771118164,111.0
2024-03-01 13:32:00,IVVD,3.994999885559082,3.994999885559082,3.994999885559082,3.993000030517578,3.993000030517578,551.0
2024-03-01 13:32:00,JAGX,0.07400000095367432,0.07400000095367432,0.07400000095367432,0.0729999989271164,0.07339999824762344,233699.0
2024-03-01 13:32:00,JAZZ,119.36499786376953,119.36499786376953,119.36499786376953,119.36000061035156,119.36000061035156,917.0
2024-03-01 13:32:00,KALA,7.420000076293945,7.420000076293945,7.420000076293945,7.420000076293945,7.420000076293945,257.0
2024-03-01 13:32:00,KOD,6.085000038146973,6.085000038146973,6.09499979019165,6.085000038146973,6.090000152587891,7391.0
2024-03-01 13:32:00,KPTI,1.2000000476837158,1.2000000476837158,1.2000000476837158,1.1950000524520874,1.2000000476837158,1495.0
2024-03-01 13:32:00,KRON,1.0299999713897705,1.0299999713897705,1.0299999713897705,1.0299999713897705,1.0299999713897705,6628.0
2024-03-01 13:32:00,KROS,69.9800033569336,69.9800033569336,70.0999984741211,69.9800033569336,70.0999984741211,287.0
2024-03-01 13:32:00,KTRA,0.09870000183582306,0.09870000183582306,0.09870000183582306,0.09849999845027924,0.09849999845027924,1905.0
2024-03-01 13:32:00,KURA,21.5,21.5,21.530000686645508,21.5,21.502500534057617,9449.0
2024-03-01 13:32:00,KYMR,44.15999984741211,44.15999984741211,44.165000915527344,44.15999984741211,44.165000915527344,385.0
2024-03-01 13:32:00,KZR,1.0800000429153442,1.0800000429153442,1.0800000429153442,1.0800000429153442,1.0800000429153442,214.0
2024-03-01 13:32:00,LAB,2.494999885559082,2.494999885559082,2.494999885559082,2.494999885559082,2.494999885559082,710.0
2024-03-01 13:32:00,LBPH,22.110000610351562,22.110000610351562,22.110000610351562,22.075000762939453,22.075000762939453,310.0
2024-03-01 13:32:00,LEGN,65.97000122070312,65.97000122070312,65.97000122070312,65.97000122070312,65.97000122070312,139.0
2024-03-01 13:32:00,LFLY,2.990000009536743,2.990000009536743,3.005000114440918,2.990000009536743,3.005000114440918,400.0
2024-03-01 13:32:00,LFMD,8.0,8.0,8.0,7.995999813079834,7.995999813079834,1271.0
2024-03-01 13:32:00,LFST,7.78000020980835,7.78000020980835,7.784999847412109,7.775000095367432,7.78000020980835,3065.0
2024-03-01 13:32:00,LGND,77.68000030517578,77.68000030517578,77.68000030517578,77.6500015258789,77.6500015258789,595.0
2024-03-01 13:32:00,LIAN,4.860000133514404,4.860000133514404,4.860000133514404,4.860000133514404,4.860000133514404,100.0
2024-03-01 13:32:00,LIVN,55.79499816894531,55.79499816894531,55.93000030517578,55.779998779296875,55.93000030517578,5965.0
2024-03-01 13:32:00,LMAT,68.0199966430664,68.0199966430664,68.0199966430664,67.98999786376953,67.98999786376953,625.0
2024-03-01 13:32:00,LNTH,65.22000122070312,65.22000122070312,65.22000122070312,65.22000122070312,65.22000122070312,645.0
2024-03-01 13:32:00,LQDA,14.699999809265137,14.699999809265137,14.699999809265137,14.6899995803833,14.6899995803833,1665.0
2024-03-01 13:32:00,LRMR,11.431699752807617,11.431699752807617,11.431699752807617,11.431699752807617,11.431699752807617,363.0
2024-03-01 13:32:00,LTRN,4.53000020980835,4.53000020980835,4.53000020980835,4.510000228881836,4.510000228881836,4902.0
2024-03-01 13:32:00,LUCD,1.2400000095367432,1.2400000095367432,1.2400000095367432,1.2400000095367432,1.2400000095367432,101.0
2024-03-01 13:32:00,LXRX,2.5250000953674316,2.5250000953674316,2.5250000953674316,2.5250000953674316,2.5250000953674316,233.0
2024-03-01 13:32:00,LYEL,3.190000057220459,3.190000057220459,3.190000057220459,3.190000057220459,3.190000057220459,100.0
2024-03-01 13:32:00,LYRA,5.690000057220459,5.690000057220459,5.699999809265137,5.690000057220459,5.699999809265137,618.0
2024-03-01 13:32:00,MACK,14.710000038146973,14.710000038146973,14.710000038146973,14.710000038146973,14.710000038146973,201.0
2024-03-01 13:32:00,MCRB,1.2000000476837158,1.2000000476837158,1.2000000476837158,1.2000000476837158,1.2000000476837158,202.0
2024-03-01 13:32:00,MDRX,5.989999771118164,5.989999771118164,6.0,5.989999771118164,6.0,10943.0
2024-03-01 13:32:00,MDXG,8.680000305175781,8.680000305175781,8.680000305175781,8.680000305175781,8.680000305175781,325.0
2024-03-01 13:32:00,ME,0.5741000175476074,0.5741000175476074,0.5741000175476074,0.5741000175476074,0.5741000175476074,900.0
2024-03-01 13:32:00,MGNX,19.100000381469727,19.100000381469727,19.100000381469727,19.079999923706055,19.079999923706055,3163.0
2024-03-01 13:32:00,MHUA,0.699999988079071,0.699999988079071,0.699999988079071,0.699999988079071,0.699999988079071,228.0
2024-03-01 13:32:00,MLTX,51.36000061035156,51.36000061035156,51.36000061035156,51.36000061035156,51.36000061035156,318.0
2024-03-01 13:32:00,MMSI,76.37999725341797,76.37999725341797,76.37999725341797,76.37999725341797,76.37999725341797,271.0
2024-03-01 13:32:00,MNKD,4.545000076293945,4.545000076293945,4.545000076293945,4.545000076293945,4.545000076293945,102.0
2024-03-01 13:32:00,MNMD,6.119900226593018,6.119900226593018,6.119900226593018,6.114999771118164,6.114999771118164,3449.0
2024-03-01 13:32:00,MODD,1.909999966621399,1.909999966621399,1.909999966621399,1.909999966621399,1.909999966621399,100.0
2024-03-01 13:32:00,MODV,28.200000762939453,28.200000762939453,28.200000762939453,28.200000762939453,28.200000762939453,177.0
2024-03-01 13:32:00,MOR,17.560199737548828,17.560199737548828,17.565000534057617,17.560199737548828,17.565000534057617,604.0
2024-03-01 13:32:00,MORF,39.560001373291016,39.560001373291016,39.560001373291016,39.53499984741211,39.53499984741211,868.0
2024-03-01 13:32:00,MREO,3.9798998832702637,3.9798998832702637,3.9798998832702637,3.9749999046325684,3.9749999046325684,1012.0
2024-03-01 13:32:00,MRNA,95.95999908447266,95.95999908447266,95.9749984741211,95.91000366210938,95.9749984741211,3489.0
2024-03-01 13:32:00,MRNS,10.479999542236328,10.479999542236328,10.479999542236328,10.470000267028809,10.470000267028809,2583.0
2024-03-01 13:32:00,MRSN,5.994999885559082,5.994999885559082,5.994999885559082,5.985000133514404,5.985000133514404,1447.0
2024-03-01 13:32:00,MRUS,51.57500076293945,51.57500076293945,51.584999084472656,51.560001373291016,51.56999969482422,2409.0
2024-03-01 13:32:00,MRVI,7.699999809265137,7.699999809265137,7.699999809265137,7.699999809265137,7.699999809265137,361.0
2024-03-01 13:32:00,MXCT,4.760000228881836,4.760000228881836,4.760000228881836,4.760000228881836,4.760000228881836,1036.0
2024-03-01 13:32:00,MYGN,21.93000030517578,21.93000030517578,21.93000030517578,21.915000915527344,21.920000076293945,300.0
2024-03-01 13:32:00,NARI,45.029998779296875,45.029998779296875,45.13240051269531,45.029998779296875,45.12329864501953,1982.0
2024-03-01 13:32:00,NAUT,2.6712000370025635,2.6712000370025635,2.6712000370025635,2.6712000370025635,2.6712000370025635,306.0
2024-03-01 13:32:00,NBIX,132.01499938964844,132.01499938964844,132.01499938964844,132.01499938964844,132.01499938964844,115.0
2024-03-01 13:32:00,NEO,16.059999465942383,16.059999465942383,16.059999465942383,16.049999237060547,16.049999237060547,798.0
2024-03-01 13:32:00,NKTR,0.7829999923706055,0.7829999923706055,0.7829999923706055,0.7805500030517578,0.7805500030517578,3467.0
2024-03-01 13:32:00,NNOX,10.970000267028809,10.970000267028809,11.005000114440918,10.963199615478516,11.0,3795.0
2024-03-01 13:32:00,NRBO,5.912600040435791,5.912600040435791,5.912600040435791,5.912600040435791,5.912600040435791,1581.0
2024-03-01 13:32:00,NRXP,0.41119998693466187,0.41119998693466187,0.4142000079154968,0.41119998693466187,0.4142000079154968,2465.0
2024-03-01 13:32:00,NTLA,33.4900016784668,33.4900016784668,33.4900016784668,33.4900016784668,33.4900016784668,270.0
2024-03-01 13:32:00,NTRA,89.7699966430664,89.7699966430664,89.7699966430664,89.68000030517578,89.71499633789062,3981.0
2024-03-01 13:32:00,NUWE,0.5752000212669373,0.5752000212669373,0.5755000114440918,0.5752000212669373,0.5755000114440918,1000.0
2024-03-01 13:32:00,NVAX,5.255000114440918,5.255000114440918,5.264999866485596,5.230000019073486,5.230000019073486,88282.0
2024-03-01 13:32:00,NVCR,15.970000267028809,15.970000267028809,15.970000267028809,15.960000038146973,15.960000038146973,1693.0
2024-03-01 13:32:00,NVCT,10.710000038146973,10.710000038146973,10.710000038146973,10.710000038146973,10.710000038146973,228.0
2024-03-01 13:32:00,NXTC,1.75,1.75,1.75,1.75,1.75,300.0
2024-03-01 13:32:00,OCGN,0.9795989990234375,0.9795989990234375,0.9797999858856201,0.9750000238418579,0.9754949808120728,10047.0
2024-03-01 13:32:00,OCUL,10.864999771118164,10.864999771118164,10.870200157165527,10.864999771118164,10.870200157165527,5875.0
2024-03-01 13:32:00,OCUP,2.490000009536743,2.490000009536743,2.490000009536743,2.490000009536743,2.490000009536743,301.0
2024-03-01 13:32:00,OGI,2.200000047683716,2.200000047683716,2.200000047683716,2.190000057220459,2.190000057220459,3573.0
2024-03-01 13:32:00,OLK,22.799999237060547,22.799999237060547,22.799999237060547,22.799999237060547,22.799999237060547,100.0
2024-03-01 13:32:00,OLMA,14.800000190734863,14.800000190734863,14.829999923706055,14.800000190734863,14.819999694824219,2059.0
2024-03-01 13:32:00,OMCL,26.309999465942383,26.309999465942383,26.360000610351562,26.299999237060547,26.360000610351562,2104.0
2024-03-01 13:32:00,OMER,4.764999866485596,4.764999866485596,4.764999866485596,4.764999866485596,4.764999866485596,188.0
2024-03-01 13:32:00,OMGA,4.255000114440918,4.255000114440918,4.255000114440918,4.255000114440918,4.255000114440918,103.0
2024-03-01 13:32:00,ONTX,0.8100000023841858,0.8100000023841858,0.8100000023841858,0.8100000023841858,0.8100000023841858,600.0
2024-03-01 13:33:00,ABEO,7.795000076293945,7.795000076293945,7.795000076293945,7.795000076293945,7.795000076293945,220.0
2024-03-01 13:33:00,ABOS,4.690000057220459,4.690000057220459,4.690000057220459,4.690000057220459,4.690000057220459,1247.0
2024-03-01 13:33:00,ABSI,5.340000152587891,5.340000152587891,5.360000133514404,5.340000152587891,5.360000133514404,5424.0
2024-03-01 13:33:00,ABUS,2.759999990463257,2.759999990463257,2.759999990463257,2.759999990463257,2.759999990463257,171.0
2024-03-01 13:33:00,ACAD,24.329999923706055,24.329999923706055,24.34000015258789,24.329999923706055,24.329999923706055,2521.0
2024-03-01 13:33:00,ACB,3.2399001121520996,3.2399001121520996,3.2399001121520996,3.2300000190734863,3.2300000190734863,4753.0
2024-03-01 13:33:00,ACCD,10.15999984741211,10.15999984741211,10.15999984741211,10.154999732971191,10.15999984741211,1736.0
2024-03-01 13:33:00,ACET,2.3949999809265137,2.3949999809265137,2.4000000953674316,2.390000104904175,2.390000104904175,909.0
2024-03-01 13:33:00,ACHC,84.80000305175781,84.80000305175781,84.80000305175781,84.80000305175781,84.80000305175781,115.0
2024-03-01 13:33:00,ACHL,1.3200000524520874,1.3200000524520874,1.3300000429153442,1.309999942779541,1.3300000429153442,16244.0
2024-03-01 13:33:00,ACON,0.40700000524520874,0.40700000524520874,0.4090000092983246,0.40700000524520874,0.4090000092983246,1820.0
2024-03-01 13:33:00,ACRS,1.2350000143051147,1.2350000143051147,1.2400000095367432,1.2300000190734863,1.2400000095367432,742.0
2024-03-01 13:33:00,ADIL,3.240000009536743,3.240000009536743,3.240000009536743,3.190000057220459,3.2149999141693115,32890.0
2024-03-01 13:33:00,ADMA,5.542900085449219,5.542900085449219,5.548799991607666,5.542900085449219,5.548799991607666,1247.0
2024-03-01 13:33:00,ADPT,4.15500020980835,4.15500020980835,4.15500020980835,4.15500020980835,4.15500020980835,340.0
2024-03-01 13:33:00,ADVM,1.9499000310897827,1.9499000310897827,1.9500000476837158,1.9407000541687012,1.9407000541687012,3943.0
2024-03-01 13:33:00,AFMD,0.6399999856948853,0.6399999856948853,0.6399999856948853,0.6399999856948853,0.6399999856948853,8922.0
2024-03-01 13:33:00,AGEN,0.6829500198364258,0.6829500198364258,0.6830000281333923,0.6829000115394592,0.6829000115394592,3793.0
2024-03-01 13:33:00,AGIO,32.900001525878906,32.900001525878906,32.90999984741211,32.88999938964844,32.90999984741211,729.0
2024-03-01 13:33:00,AHCO,10.5649995803833,10.5649995803833,10.574999809265137,10.5649995803833,10.569999694824219,1935.0
2024-03-01 13:33:00,AIRS,6.440000057220459,6.440000057220459,6.440000057220459,6.440000057220459,6.440000057220459,147.0
2024-03-01 13:33:00,AKAN,0.210999995470047,0.210999995470047,0.2110999971628189,0.20880000293254852,0.2110999971628189,24513.0
2024-03-01 13:33:00,AKBA,1.690000057220459,1.690000057220459,1.6950000524520874,1.690000057220459,1.6950000524520874,17124.0
2024-03-01 13:33:00,AKLI,0.3485029935836792,0.3485029935836792,0.3485029935836792,0.3485029935836792,0.3485029935836792,220.0
2024-03-01 13:33:00,AKRO,30.21500015258789,30.21500015258789,30.21500015258789,30.21500015258789,30.21500015258789,111.0
2024-03-01 13:33:00,AKTX,2.214099884033203,2.214099884033203,2.214099884033203,2.214099884033203,2.214099884033203,235.0
2024-03-01 13:33:00,AKYA,6.0,6.0,6.0,6.0,6.0,881.0
2024-03-01 13:33:00,ALDX,4.329999923706055,4.329999923706055,4.329999923706055,4.329899787902832,4.329999923706055,1487.0
2024-03-01 13:33:00,ALEC,7.300000190734863,7.300000190734863,7.304999828338623,7.300000190734863,7.304999828338623,673.0
2024-03-01 13:33:00,ALGN,304.2799987792969,304.2799987792969,304.3450012207031,304.2799987792969,304.3450012207031,943.0
2024-03-01 13:33:00,ALGS,1.100000023841858,1.100000023841858,1.100000023841858,1.100000023841858,1.100000023841858,981.0
2024-03-01 13:33:00,ALKS,30.25,30.25,30.2549991607666,30.229999542236328,30.229999542236328,3254.0
2024-03-01 13:33:00,ALLK,1.649999976158142,1.649999976158142,1.649999976158142,1.6397000551223755,1.6399999856948853,7594.0
2024-03-01 13:33:00,ALLO,5.045000076293945,5.045000076293945,5.045000076293945,5.045000076293945,5.045000076293945,497.0
2024-03-01 13:33:00,ALNY,153.52999877929688,153.52999877929688,153.52999877929688,153.52999877929688,153.52999877929688,101.0
2024-03-01 13:33:00,ALPN,36.04999923706055,36.04999923706055,36.08000183105469,36.04999923706055,36.08000183105469,2148.0
2024-03-01 13:33:00,ALT,12.050000190734863,12.050000190734863,12.0600004196167,12.050000190734863,12.0600004196167,1717.0
2024-03-01 13:33:00,ALVR,0.7546499967575073,0.7546499967575073,0.7546499967575073,0.7546499967575073,0.7546499967575073,100.0
2024-03-01 13:33:00,ALXO,15.079999923706055,15.079999923706055,15.079999923706055,15.079999923706055,15.079999923706055,209.0
2024-03-01 13:33:00,AMGN,280.6499938964844,280.6499938964844,280.6700134277344,280.6499938964844,280.6600036621094,877.0
2024-03-01 13:33:00,AMPH,45.53010177612305,45.53010177612305,45.53010177612305,45.53010177612305,45.53010177612305,279.0
2024-03-01 13:33:00,AMRN,1.0549999475479126,1.0549999475479126,1.0549999475479126,1.0499999523162842,1.0549999475479126,10658.0
2024-03-01 13:33:00,ANIP,65.98999786376953,65.98999786376953,65.98999786376953,65.8949966430664,65.9000015258789,382.0
2024-03-01 13:33:00,ANNX,6.210000038146973,6.210000038146973,6.210000038146973,6.190000057220459,6.190000057220459,3137.0
2024-03-01 13:33:00,APLS,65.11000061035156,65.11000061035156,65.12000274658203,65.11000061035156,65.12000274658203,835.0
2024-03-01 13:33:00,APLT,7.135000228881836,7.135000228881836,7.150000095367432,7.119999885559082,7.150000095367432,3639.0
2024-03-01 13:33:00,AQST,4.268400192260742,4.268400192260742,4.269999980926514,4.265999794006348,4.269999980926514,1336.0
2024-03-01 13:33:00,ARAY,2.6449999809265137,2.6449999809265137,2.6449999809265137,2.640000104904175,2.640000104904175,368.0
2024-03-01 13:33:00,ARDX,9.479999542236328,9.479999542236328,9.479999542236328,9.479999542236328,9.479999542236328,556.0
2024-03-01 13:33:00,ARGX,391.760009765625,391.760009765625,391.8800048828125,391.760009765625,391.8800048828125,610.0
2024-03-01 13:33:00,ARQT,11.780200004577637,11.780200004577637,11.789999961853027,11.770000457763672,11.774999618530273,10071.0
2024-03-01 13:33:00,ARVN,48.8849983215332,48.8849983215332,48.8849983215332,48.8849983215332,48.8849983215332,211.0
2024-03-01 13:33:00,ARWR,35.709999084472656,35.709999084472656,35.709999084472656,35.709999084472656,35.709999084472656,139.0
2024-03-01 13:33:00,ASRT,0.9049999713897705,0.9049999713897705,0.9049999713897705,0.9024999737739563,0.9049000144004822,6119.0
2024-03-01 13:33:00,ATAI,2.1600000858306885,2.1600000858306885,2.1600000858306885,2.1500000953674316,2.1600000858306885,12318.0
2024-03-01 13:33:00,ATEC,13.46500015258789,13.46500015258789,13.46500015258789,13.46500015258789,13.46500015258789,211.0
2024-03-01 13:33:00,ATOS,1.0099999904632568,1.0099999904632568,1.0099999904632568,1.0099999904632568,1.0099999904632568,100.0
2024-03-01 13:33:00,ATRA,0.7950000166893005,0.7950000166893005,0.7997999787330627,0.7927500009536743,0.7997999787330627,816.0
2024-03-01 13:33:00,ATXS,14.789999961853027,14.789999961853027,14.880000114440918,14.789999961853027,14.789999961853027,4163.0
2024-03-01 13:33:00,AUGX,4.550000190734863,4.550000190734863,4.559999942779541,4.550000190734863,4.559999942779541,990.0
2024-03-01 13:33:00,AUPH,5.864999771118164,5.864999771118164,5.880000114440918,5.84499979019165,5.849999904632568,25355.0
2024-03-01 13:33:00,AUTL,6.380000114440918,6.380000114440918,6.389999866485596,6.380000114440918,6.389999866485596,1862.0
2024-03-01 13:33:00,AVDL,13.244999885559082,13.244999885559082,13.270000457763672,13.239999771118164,13.260000228881836,13685.0
2024-03-01 13:33:00,AVRO,1.3550000190734863,1.3550000190734863,1.3550000190734863,1.3550000190734863,1.3550000190734863,100.0
2024-03-01 13:33:00,AVTE,23.670000076293945,23.670000076293945,23.670000076293945,23.670000076293945,23.670000076293945,1392.0
2024-03-01 13:33:00,AVXL,5.320000171661377,5.320000171661377,5.320000171661377,5.310100078582764,5.310100078582764,925.0
2024-03-01 13:33:00,AXDX,1.0,1.0,1.0,1.0,1.0,178.0
2024-03-01 13:33:00,AXNX,67.90499877929688,67.90499877929688,67.90499877929688,67.90499877929688,67.90499877929688,296.0
2024-03-01 13:33:00,AXSM,82.31500244140625,82.31500244140625,82.37999725341797,82.25499725341797,82.25499725341797,1119.0
2024-03-01 13:33:00,AZN,64.66999816894531,64.66999816894531,64.68000030517578,64.66999816894531,64.68000030517578,652.0
2024-03-01 13:33:00,AZTA,66.70999908447266,66.70999908447266,66.70999908447266,66.70999908447266,66.70999908447266,278.0
2024-03-01 13:33:00,BBLG,2.469899892807007,2.469899892807007,2.469899892807007,2.46589994430542,2.46589994430542,345.0
2024-03-01 13:33:00,BCAB,2.694999933242798,2.694999933242798,2.7204999923706055,2.694999933242798,2.7204999923706055,5264.0
2024-03-01 13:33:00,BCEL,0.2651999890804291,0.2651999890804291,0.26600000262260437,0.2651999890804291,0.26600000262260437,2100.0
2024-03-01 13:33:00,BCLI,0.3452000021934509,0.3452000021934509,0.3452000021934509,0.3452000021934509,0.3452000021934509,150.0
2024-03-01 13:33:00,BEAM,40.494998931884766,40.494998931884766,40.5,40.470001220703125,40.470001220703125,2475.0
2024-03-01 13:33:00,BIIB,221.1649932861328,221.1649932861328,221.1649932861328,221.1649932861328,221.1649932861328,229.0
2024-03-01 13:33:00,BIMI,3.539099931716919,3.539099931716919,3.539099931716919,3.539099931716919,3.539099931716919,788.0
2024-03-01 13:33:00,BIOL,0.1416500061750412,0.1416500061750412,0.1416500061750412,0.1416500061750412,0.1416500061750412,415.0
2024-03-01 13:33:00,BIVI,2.0,2.0,2.0,1.9700000286102295,1.9900000095367432,46147.0
2024-03-01 13:33:00,BLFS,18.219999313354492,18.219999313354492,18.219999313354492,18.219999313354492,18.219999313354492,176.0
2024-03-01 13:33:00,BLTE,46.58000183105469,46.58000183105469,46.58000183105469,46.58000183105469,46.58000183105469,240.0
2024-03-01 13:33:00,BLUE,1.6100000143051147,1.6100000143051147,1.6100000143051147,1.600100040435791,1.6050000190734863,2951.0
2024-03-01 13:33:00,BMEA,18.139999389648438,18.139999389648438,18.15999984741211,18.139999389648438,18.145000457763672,1478.0
2024-03-01 13:33:00,BMRN,87.72000122070312,87.72000122070312,87.76000213623047,87.72000122070312,87.75,2087.0
2024-03-01 13:33:00,BNGO,1.25,1.25,1.257699966430664,1.25,1.257699966430664,970.0
2024-03-01 13:33:00,BNOX,1.2400000095367432,1.2400000095367432,1.2400000095367432,1.2400000095367432,1.2400000095367432,106.0
2024-03-01 13:33:00,BNTC,5.223100185394287,5.223100185394287,5.223100185394287,5.223100185394287,5.223100185394287,1013.0
2024-03-01 13:33:00,BNTX,91.18000030517578,91.18000030517578,91.30999755859375,91.13999938964844,91.30999755859375,1436.0
2024-03-01 13:33:00,BOLT,1.2000000476837158,1.2000000476837158,1.2000000476837158,1.190000057220459,1.2000000476837158,508.0
2024-03-01 13:33:00,BTTX,0.17560000717639923,0.17560000717639923,0.17560000717639923,0.17560000717639923,0.17560000717639923,361.0
2024-03-01 13:33:00,BVS,4.739999771118164,4.739999771118164,4.739999771118164,4.739999771118164,4.739999771118164,223.0
2024-03-01 13:33:00,CABA,24.25,24.25,24.260000228881836,24.25,24.25,1345.0
2024-03-01 13:33:00,CALT,21.440000534057617,21.440000534057617,21.459999084472656,21.43000030517578,21.459999084472656,481.0
2024-03-01 13:33:00,CAPR,4.505000114440918,4.505000114440918,4.505000114440918,4.505000114440918,4.505000114440918,437.0
2024-03-01 13:33:00,CARA,0.9300000071525574,0.9300000071525574,0.9300000071525574,0.9136000275611877,0.9136000275611877,1672.0
2024-03-01 13:33:00,CBAY,32.2400016784668,32.2400016784668,32.2400016784668,32.2400016784668,32.2400016784668,904.0
2024-03-01 13:33:00,CCCC,11.024999618530273,11.024999618530273,11.024999618530273,11.0,11.0,4791.0
2024-03-01 13:33:00,CDNA,12.390000343322754,12.390000343322754,12.390000343322754,12.380000114440918,12.380000114440918,2187.0
2024-03-01 13:33:00,CDXS,4.5503997802734375,4.5503997802734375,4.565000057220459,4.550000190734863,4.559999942779541,1593.0
2024-03-01 13:33:00,CELC,16.290000915527344,16.290000915527344,16.290000915527344,16.18000030517578,16.18000030517578,1085.0
2024-03-01 13:33:00,CERE,41.099998474121094,41.099998474121094,41.11000061035156,41.099998474121094,41.10499954223633,929.0
2024-03-01 13:33:00,CERS,2.2049999237060547,2.2049999237060547,2.2049999237060547,2.194999933242798,2.200000047683716,12079.0
2024-03-01 13:33:00,CERT,17.915000915527344,17.915000915527344,17.915000915527344,17.90999984741211,17.90999984741211,528.0
2024-03-01 13:33:00,CGC,3.25,3.25,3.255000114440918,3.25,3.255000114440918,5011.0
2024-03-01 13:33:00,CGEM,18.75,18.75,18.75,18.75,18.75,296.0
2024-03-01 13:33:00,CGEN,2.6803998947143555,2.6803998947143555,2.682800054550171,2.6803998947143555,2.682800054550171,940.0
2024-03-01 13:33:00,CING,1.340499997138977,1.340499997138977,1.340499997138977,1.340499997138977,1.340499997138977,500.0
2024-03-01 13:33:00,CLDX,52.529998779296875,52.529998779296875,52.529998779296875,52.5099983215332,52.52000045776367,976.0
2024-03-01 13:33:00,CLOV,0.8736000061035156,0.8736000061035156,0.8736000061035156,0.8704000115394592,0.8735499978065491,7198.0
2024-03-01 13:33:00,CLRB,4.130000114440918,4.130000114440918,4.139999866485596,4.130000114440918,4.139999866485596,1300.0
2024-03-01 13:33:00,CMPS,11.34000015258789,11.34000015258789,11.359999656677246,11.34000015258789,11.359999656677246,998.0
2024-03-01 13:33:00,CMRX,1.190000057220459,1.190000057220459,1.190000057220459,1.190000057220459,1.190000057220459,2008.0
2024-03-01 13:33:00,COGT,7.179999828338623,7.179999828338623,7.190000057220459,7.179999828338623,7.190000057220459,1117.0
2024-03-01 13:33:00,CORT,24.329999923706055,24.329999923706055,24.329999923706055,24.31999969482422,24.31999969482422,553.0
2024-03-01 13:33:00,CPRX,17.329999923706055,17.329999923706055,17.350000381469727,17.329999923706055,17.350000381469727,5427.0
2024-03-01 13:33:00,CPSI,9.5,9.5,9.5,9.5,9.5,633.0
2024-03-01 13:33:00,CRBU,7.949999809265137,7.949999809265137,7.949999809265137,7.945000171661377,7.945000171661377,940.0
2024-03-01 13:33:00,CRDF,2.515000104904175,2.515000104904175,2.515000104904175,2.4700000286102295,2.4700000286102295,63132.0
2024-03-01 13:33:00,CRDL,1.9299999475479126,1.9299999475479126,1.9299999475479126,1.9299999475479126,1.9299999475479126,1649.0
2024-03-01 13:33:00,CRNX,46.86000061035156,46.86000061035156,46.97999954223633,46.810001373291016,46.869998931884766,4574.0
2024-03-01 13:33:00,CRON,2.065000057220459,2.065000057220459,2.065000057220459,2.059999942779541,2.059999942779541,597.0
2024-03-01 13:33:00,CRSP,85.87000274658203,85.87000274658203,85.91999816894531,85.8499984741211,85.875,1614.0
2024-03-01 13:33:00,CSTL,20.25,20.25,20.25,20.25,20.25,126.0
2024-03-01 13:33:00,CTKB,8.8149995803833,8.8149995803833,8.819999694824219,8.8149995803833,8.819999694824219,1166.0
2024-03-01 13:33:00,CTMX,2.630000114440918,2.630000114440918,2.634999990463257,2.630000114440918,2.630000114440918,924.0
2024-03-01 13:33:00,CUTR,2.4000000953674316,2.4000000953674316,2.4000000953674316,2.4000000953674316,2.4000000953674316,100.0
2024-03-01 13:33:00,CVRX,20.790000915527344,20.790000915527344,20.790000915527344,20.68000030517578,20.68000030517578,1632.0
2024-03-01 13:33:00,CYTK,72.92500305175781,72.92500305175781,72.93000030517578,72.9000015258789,72.92500305175781,724.0
2024-03-01 13:33:00,CYTO,2.319999933242798,2.319999933242798,2.319999933242798,2.319999933242798,2.319999933242798,120.0
2024-03-01 13:33:00,DAWN,17.479999542236328,17.479999542236328,17.479999542236328,17.479999542236328,17.479999542236328,672.0
2024-03-01 13:33:00,DCGO,4.170000076293945,4.170000076293945,4.170000076293945,4.170000076293945,4.170000076293945,288.0
2024-03-01 13:33:00,DH,8.859999656677246,8.859999656677246,8.859999656677246,8.859999656677246,8.859999656677246,107.0
2024-03-01 13:33:00,DMTK,0.8500009775161743,0.8500009775161743,0.8600000143051147,0.8500009775161743,0.8598999977111816,2607.0
2024-03-01 13:33:00,DNLI,21.049999237060547,21.049999237060547,21.059999465942383,21.024999618530273,21.024999618530273,798.0
2024-03-01 13:33:00,DSGN,2.9049999713897705,2.9049999713897705,2.9049999713897705,2.9000000953674316,2.9000000953674316,215.0
2024-03-01 13:33:00,DTIL,12.640000343322754,12.640000343322754,12.640000343322754,12.640000343322754,12.640000343322754,4149.0
2024-03-01 13:33:00,DVAX,12.885000228881836,12.885000228881836,12.890000343322754,12.885000228881836,12.885000228881836,961.0
2024-03-01 13:33:00,DXCM,121.5199966430664,121.5199966430664,121.5199966430664,121.47000122070312,121.49500274658203,7637.0
2024-03-01 13:33:00,DYN,28.729999542236328,28.729999542236328,28.760000228881836,28.700000762939453,28.700000762939453,493.0
2024-03-01 13:33:00,EDIT,10.90999984741211,10.90999984741211,10.90999984741211,10.904999732971191,10.904999732971191,590.0
2024-03-01 13:33:00,EGRX,6.684999942779541,6.684999942779541,6.684999942779541,6.684999942779541,6.684999942779541,334.0
2024-03-01 13:33:00,ELEV,5.050000190734863,5.050000190734863,5.059999942779541,5.050000190734863,5.050000190734863,1224.0
2024-03-01 13:33:00,ENSG,122.52999877929688,122.52999877929688,122.52999877929688,122.52999877929688,122.52999877929688,677.0
2024-03-01 13:33:00,ENTA,15.390000343322754,15.390000343322754,15.420000076293945,15.385000228881836,15.420000076293945,2217.0
2024-03-01 13:33:00,ENVB,1.4800000190734863,1.4800000190734863,1.4900000095367432,1.4800000190734863,1.48989999294281,406.0
2024-03-01 13:33:00,ERAS,2.490000009536743,2.490000009536743,2.490000009536743,2.490000009536743,2.490000009536743,391.0
2024-03-01 13:33:00,ESPR,2.5250000953674316,2.5250000953674316,2.5250000953674316,2.5199999809265137,2.5199999809265137,910.0
2024-03-01 13:33:00,ETNB,13.239999771118164,13.239999771118164,13.239999771118164,13.239999771118164,13.239999771118164,2270.0
2024-03-01 13:33:00,ETON,4.510000228881836,4.510000228881836,4.510000228881836,4.449999809265137,4.449999809265137,2619.0
2024-03-01 13:33:00,EVAX,3.490000009536743,3.490000009536743,3.490000009536743,3.490000009536743,3.490000009536743,244.0
2024-03-01 13:33:00,EWTX,17.019899368286133,17.019899368286133,17.019899368286133,17.010000228881836,17.010000228881836,972.0
2024-03-01 13:33:00,EXAS,59.959999084472656,59.959999084472656,60.0,59.959999084472656,60.0,1192.0
2024-03-01 13:33:00,EXEL,22.5049991607666,22.5049991607666,22.514999389648438,22.469999313354492,22.469999313354492,10374.0
2024-03-01 13:33:00,EYEN,2.430000066757202,2.430000066757202,2.4302000999450684,2.430000066757202,2.4302000999450684,3240.0
2024-03-01 13:33:00,EYPT,28.020000457763672,28.020000457763672,28.030000686645508,28.0049991607666,28.020000457763672,3116.0
2024-03-01 13:33:00,FATE,7.764999866485596,7.764999866485596,7.768799781799316,7.760000228881836,7.763999938964844,1507.0
2024-03-01 13:33:00,FBIO,2.3406999111175537,2.3406999111175537,2.3406999111175537,2.3406999111175537,2.3406999111175537,475.0
2024-03-01 13:33:00,FDMT,29.450000762939453,29.450000762939453,29.450000762939453,29.450000762939453,29.450000762939453,536.0
2024-03-01 13:33:00,FGEN,1.8799999952316284,1.8799999952316284,1.8799999952316284,1.8799999952316284,1.8799999952316284,1102.0
2024-03-01 13:33:00,FOLD,13.385000228881836,13.385000228881836,13.385000228881836,13.380000114440918,13.380000114440918,2549.0
2024-03-01 13:33:00,FULC,11.170000076293945,11.170000076293945,11.210000038146973,11.170000076293945,11.210000038146973,2732.0
2024-03-01 13:33:00,FUSN,12.404999732971191,12.404999732971191,12.420000076293945,12.404999732971191,12.420000076293945,314.0
2024-03-01 13:33:00,GALT,1.9600000381469727,1.9600000381469727,1.9600000381469727,1.9600000381469727,1.9600000381469727,775.0
2024-03-01 13:33:00,GDRX,8.329999923706055,8.329999923706055,8.350000381469727,8.329999923706055,8.350000381469727,2451.0
2024-03-01 13:33:00,GERN,2.244999885559082,2.244999885559082,2.25,2.240000009536743,2.25,6740.0
2024-03-01 13:33:00,GH,19.100000381469727,19.100000381469727,19.100000381469727,19.079999923706055,19.079999923706055,2062.0
2024-03-01 13:33:00,GILD,72.30999755859375,72.30999755859375,72.31999969482422,72.30500030517578,72.30999755859375,7686.0
2024-03-01 13:33:00,GOSS,1.3949999809265137,1.3949999809265137,1.4049999713897705,1.3949999809265137,1.4049999713897705,9171.0
2024-03-01 13:33:00,GRFS,7.085000038146973,7.085000038146973,7.090000152587891,7.085000038146973,7.090000152587891,1224.0
2024-03-01 13:33:00,GRTS,2.1500000953674316,2.1500000953674316,2.156599998474121,2.1500000953674316,2.1500000953674316,2346.0
2024-03-01 13:33:00,GTHX,3.809999942779541,3.809999942779541,3.809999942779541,3.799999952316284,3.809999942779541,9578.0
2024-03-01 13:33:00,HALO,41.36000061035156,41.36000061035156,41.380001068115234,41.36000061035156,41.369998931884766,1243.0
2024-03-01 13:33:00,HCSG,12.63599967956543,12.63599967956543,12.63599967956543,12.63599967956543,12.63599967956543,580.0
2024-03-01 13:33:00,HCWB,1.5901000499725342,1.5901000499725342,1.5901000499725342,1.5901000499725342,1.5901000499725342,2488.0
2024-03-01 13:33:00,HLVX,19.110000610351562,19.110000610351562,19.110000610351562,19.110000610351562,19.110000610351562,256.0
2024-03-01 13:33:00,HOLX,74.01899719238281,74.01899719238281,74.01899719238281,74.01899719238281,74.01899719238281,470.0
2024-03-01 13:33:00,HOWL,7.054999828338623,7.054999828338623,7.070000171661377,7.054999828338623,7.070000171661377,1041.0
2024-03-01 13:33:00,HQY,81.58999633789062,81.58999633789062,81.58999633789062,81.58999633789062,81.58999633789062,167.0
2024-03-01 13:33:00,HRMY,31.670000076293945,31.670000076293945,31.670000076293945,31.665000915527344,31.670000076293945,406.0
2024-03-01 13:33:00,HRTX,2.5899999141693115,2.5899999141693115,2.5975000858306885,2.5899999141693115,2.5899999141693115,805.0
2024-03-01 13:33:00,HSCS,0.11789999902248383,0.11789999902248383,0.11840000003576279,0.11789999902248383,0.11840000003576279,26165.0
2024-03-01 13:33:00,HSIC,76.87000274658203,76.87000274658203,76.87000274658203,76.8499984741211,76.8499984741211,411.0
2024-03-01 13:33:00,HUGE,0.8950999975204468,0.8950999975204468,0.8950999975204468,0.8950999975204468,0.8950999975204468,182.0
2024-03-01 13:33:00,HUMA,3.3399999141693115,3.3399999141693115,3.348900079727173,3.3399999141693115,3.3424999713897705,17958.0
2024-03-01 13:33:00,IART,36.41999816894531,36.41999816894531,36.439998626708984,36.415000915527344,36.415000915527344,3897.0
2024-03-01 13:33:00,IBRX,4.809999942779541,4.809999942779541,4.809999942779541,4.789999961853027,4.789999961853027,15031.0
2024-03-01 13:33:00,ICLR,322.239990234375,322.239990234375,322.239990234375,322.239990234375,322.239990234375,505.0
2024-03-01 13:33:00,ICUI,104.94000244140625,104.94000244140625,104.94000244140625,104.94000244140625,104.94000244140625,265.0
2024-03-01 13:33:00,IDXX,580.6199951171875,580.6199951171875,580.780029296875,580.6199951171875,580.780029296875,386.0
2024-03-01 13:33:00,IDYA,46.779998779296875,46.779998779296875,46.779998779296875,46.779998779296875,46.779998779296875,209.0
2024-03-01 13:33:00,ILMN,142.18499755859375,142.18499755859375,142.18499755859375,142.18499755859375,142.18499755859375,253.0
2024-03-01 13:33:00,IMAB,1.815000057220459,1.815000057220459,1.815000057220459,1.815000057220459,1.815000057220459,381.0
2024-03-01 13:33:00,IMCR,68.04499816894531,68.04499816894531,68.04499816894531,67.98999786376953,67.98999786376953,569.0
2024-03-01 13:33:00,IMMX,3.559999942779541,3.559999942779541,3.559999942779541,3.559999942779541,3.559999942779541,251.0
2024-03-01 13:33:00,IMRX,6.21999979019165,6.21999979019165,6.21999979019165,6.21999979019165,6.21999979019165,592.0
2024-03-01 13:33:00,IMUX,1.4700000286102295,1.4700000286102295,1.4700000286102295,1.4700000286102295,1.4700000286102295,949.0
2024-03-01 13:33:00,IMVT,35.97999954223633,35.97999954223633,35.97999954223633,35.97999954223633,35.97999954223633,266.0
2024-03-01 13:33:00,INBX,36.53499984741211,36.53499984741211,36.53499984741211,36.53499984741211,36.53499984741211,300.0
2024-03-01 13:33:00,INCY,59.369998931884766,59.369998931884766,59.400001525878906,59.369998931884766,59.400001525878906,1534.0
2024-03-01 13:33:00,INGN,6.78000020980835,6.78000020980835,6.78000020980835,6.751800060272217,6.751800060272217,3345.0
2024-03-01 13:33:00,INMB,12.397600173950195,12.397600173950195,12.397600173950195,12.397600173950195,12.397600173950195,616.0
2024-03-01 13:33:00,INMD,22.840099334716797,22.840099334716797,22.844999313354492,22.840099334716797,22.844999313354492,575.0
2024-03-01 13:33:00,INSM,28.399999618530273,28.399999618530273,28.399999618530273,28.399999618530273,28.399999618530273,426.0
2024-03-01 13:33:00,INVA,15.675000190734863,15.675000190734863,15.675000190734863,15.675000190734863,15.675000190734863,115.0
2024-03-01 13:33:00,IONS,45.91999816894531,45.91999816894531,45.91999816894531,45.904998779296875,45.90999984741211,823.0
2024-03-01 13:33:00,IOVA,17.104999542236328,17.104999542236328,17.1200008392334,17.100000381469727,17.1200008392334,8854.0
2024-03-01 13:33:00,IPSC,3.8299999237060547,3.8299999237060547,3.8299999237060547,3.8299999237060547,3.8299999237060547,124.0
2024-03-01 13:33:00,IRTC,121.55000305175781,121.55000305175781,121.63999938964844,121.55000305175781,121.63999938964844,442.0
2024-03-01 13:33:00,IRWD,9.015000343322754,9.015000343322754,9.020000457763672,9.0,9.005000114440918,38513.0
2024-03-01 13:33:00,ISRG,396.1099853515625,396.1099853515625,396.1099853515625,396.1099853515625,396.1099853515625,664.0
2024-03-01 13:33:00,ITCI,71.72000122070312,71.72000122070312,71.73999786376953,71.69999694824219,71.70999908447266,974.0
2024-03-01 13:33:00,ITOS,11.199999809265137,11.199999809265137,11.229999542236328,11.199999809265137,11.229999542236328,1149.0
2024-03-01 13:33:00,JAGX,0.0738999992609024,0.0738999992609024,0.07400000095367432,0.0729999989271164,0.0738999992609024,48932.0
2024-03-01 13:33:00,JANX,46.5,46.5,46.75,46.5,46.75,2390.0
2024-03-01 13:33:00,JAZZ,119.36499786376953,119.36499786376953,119.36499786376953,119.36499786376953,119.36499786376953,303.0
2024-03-01 13:33:00,KALV,14.221799850463867,14.221799850463867,14.221799850463867,14.221799850463867,14.221799850463867,219.0
2024-03-01 13:33:00,KIDS,27.520000457763672,27.520000457763672,27.520000457763672,27.520000457763672,27.520000457763672,246.0
2024-03-01 13:33:00,KNSA,21.780000686645508,21.780000686645508,21.780000686645508,21.770000457763672,21.770000457763672,770.0
2024-03-01 13:33:00,KNTE,2.6050000190734863,2.6050000190734863,2.609999895095825,2.5999999046325684,2.5999999046325684,6728.0
2024-03-01 13:33:00,KRON,1.0299999713897705,1.0299999713897705,1.0299999713897705,1.024999976158142,1.024999976158142,2611.0
2024-03-01 13:33:00,KRYS,169.47999572753906,169.47999572753906,169.5449981689453,169.47000122070312,169.47000122070312,2977.0
2024-03-01 13:33:00,KTRA,0.09870000183582306,0.09870000183582306,0.09870000183582306,0.09870000183582306,0.09870000183582306,231.0
2024-03-01 13:33:00,KYMR,44.165000915527344,44.165000915527344,44.165000915527344,44.150001525878906,44.150001525878906,423.0
2024-03-01 13:33:00,LAB,2.484999895095825,2.484999895095825,2.494999885559082,2.4800000190734863,2.494999885559082,19142.0
2024-03-01 13:33:00,LFLY,2.990000009536743,2.990000009536743,2.990000009536743,2.990000009536743,2.990000009536743,895.0
2024-03-01 13:33:00,LFMD,8.0,8.0,8.0,7.989999771118164,7.989999771118164,358.0
2024-03-01 13:33:00,LFST,7.784999847412109,7.784999847412109,7.784999847412109,7.784999847412109,7.784999847412109,197.0
2024-03-01 13:33:00,LMAT,68.1500015258789,68.1500015258789,68.17500305175781,68.1500015258789,68.17500305175781,304.0
2024-03-01 13:33:00,LQDA,14.699999809265137,14.699999809265137,14.699999809265137,14.670000076293945,14.694999694824219,13497.0
2024-03-01 13:33:00,LTRN,4.519999980926514,4.519999980926514,4.531199932098389,4.519999980926514,4.531199932098389,521.0
2024-03-01 13:33:00,LUNG,9.489999771118164,9.489999771118164,9.494999885559082,9.489999771118164,9.494999885559082,447.0
2024-03-01 13:33:00,LVTX,2.950000047683716,2.950000047683716,2.950000047683716,2.9200000762939453,2.9200000762939453,266.0
2024-03-01 13:33:00,LXRX,2.5299999713897705,2.5299999713897705,2.5399999618530273,2.5250000953674316,2.5299999713897705,14910.0
2024-03-01 13:33:00,LYEL,3.2049999237060547,3.2049999237060547,3.2149999141693115,3.190000057220459,3.190000057220459,15944.0
2024-03-01 13:33:00,LYRA,5.699999809265137,5.699999809265137,5.699999809265137,5.699999809265137,5.699999809265137,306.0
2024-03-01 13:33:00,MASI,128.9600067138672,128.9600067138672,128.9600067138672,128.94000244140625,128.94000244140625,1721.0
2024-03-01 13:33:00,MASS,7.394999980926514,7.394999980926514,7.394999980926514,7.389999866485596,7.389999866485596,783.0
2024-03-01 13:33:00,MCRB,1.2000000476837158,1.2000000476837158,1.2100000381469727,1.2000000476837158,1.2000000476837158,2153.0
2024-03-01 13:33:00,MDGL,252.1999969482422,252.1999969482422,252.1999969482422,252.1999969482422,252.1999969482422,633.0
2024-03-01 13:33:00,MDRX,5.989999771118164,5.989999771118164,6.0,5.989999771118164,5.989999771118164,22204.0
2024-03-01 13:33:00,MDXG,8.680000305175781,8.680000305175781,8.680000305175781,8.680000305175781,8.680000305175781,189.0
2024-03-01 13:33:00,ME,0.5746999979019165,0.5746999979019165,0.5746999979019165,0.5738000273704529,0.5741000175476074,2900.0
2024-03-01 13:33:00,MEDP,400.95001220703125,400.95001220703125,400.95001220703125,400.95001220703125,400.95001220703125,159.0
2024-03-01 13:33:00,MGTX,6.474999904632568,6.474999904632568,6.474999904632568,6.474999904632568,6.474999904632568,629.0
2024-03-01 13:33:00,MIRM,29.84000015258789,29.84000015258789,29.84000015258789,29.84000015258789,29.84000015258789,228.0
2024-03-01 13:33:00,MNKD,4.554999828338623,4.554999828338623,4.559999942779541,4.545000076293945,4.550000190734863,7022.0
2024-03-01 13:33:00,MNMD,6.14169979095459,6.14169979095459,6.14169979095459,6.119999885559082,6.119999885559082,1315.0
2024-03-01 13:33:00,MNPR,0.8512009978294373,0.8512009978294373,0.8512009978294373,0.8512009978294373,0.8512009978294373,585.0
2024-03-01 13:33:00,MODD,1.909999966621399,1.909999966621399,1.909999966621399,1.909999966621399,1.909999966621399,200.0
2024-03-01 13:33:00,MODV,28.350000381469727,28.350000381469727,28.350000381469727,28.25,28.25,2228.0
2024-03-01 13:33:00,MOTS,0.6714000105857849,0.6714000105857849,0.6714000105857849,0.6714000105857849,0.6714000105857849,3097.0
2024-03-01 13:33:00,MREO,3.9800000190734863,3.9800000190734863,3.984999895095825,3.9800000190734863,3.9800000190734863,5255.0
2024-03-01 13:33:00,MRNA,95.95500183105469,95.95500183105469,95.9800033569336,95.91000366210938,95.95999908447266,1581.0
2024-03-01 13:33:00,MRNS,10.489999771118164,10.489999771118164,10.489999771118164,10.479999542236328,10.479999542236328,6379.0
2024-03-01 13:33:00,MRSN,5.994999885559082,5.994999885559082,5.994999885559082,5.994999885559082,5.994999885559082,970.0
2024-03-01 13:33:00,MRUS,51.52000045776367,51.52000045776367,51.57500076293945,51.52000045776367,51.57500076293945,1065.0
2024-03-01 13:33:00,MRVI,7.710000038146973,7.710000038146973,7.715000152587891,7.704999923706055,7.704999923706055,3808.0
2024-03-01 13:33:00,MYGN,21.889999389648438,21.889999389648438,21.920000076293945,21.889999389648438,21.920000076293945,1638.0
2024-03-01 13:33:00,NARI,45.06999969482422,45.06999969482422,45.099998474121094,45.06999969482422,45.08000183105469,810.0
2024-03-01 13:33:00,NAUT,2.619999885559082,2.619999885559082,2.619999885559082,2.619999885559082,2.619999885559082,203.0
2024-03-01 13:33:00,NBIX,132.01499938964844,132.01499938964844,132.1199951171875,132.01499938964844,132.11000061035156,2040.0
2024-03-01 13:33:00,NEO,16.045000076293945,16.045000076293945,16.045000076293945,16.045000076293945,16.045000076293945,160.0
2024-03-01 13:33:00,NEOG,17.360000610351562,17.360000610351562,17.360000610351562,17.360000610351562,17.360000610351562,1214.0
2024-03-01 13:33:00,NGM,1.5299999713897705,1.5299999713897705,1.5299999713897705,1.5299999713897705,1.5299999713897705,1457.0
2024-03-01 13:33:00,NKTR,0.7811009883880615,0.7811009883880615,0.7811009883880615,0.7811009883880615,0.7811009883880615,4999.0
2024-03-01 13:33:00,NNOX,10.960000038146973,10.960000038146973,10.96500015258789,10.960000038146973,10.96500015258789,515.0
2024-03-01 13:33:00,NRIX,13.729999542236328,13.729999542236328,13.75,13.729999542236328,13.739999771118164,1566.0
2024-03-01 13:33:00,NRSN,2.029900074005127,2.029900074005127,2.029900074005127,2.029900074005127,2.029900074005127,241.0
2024-03-01 13:33:00,NRXP,0.4142000079154968,0.4142000079154968,0.4171000123023987,0.4142000079154968,0.4171000123023987,4113.0
2024-03-01 13:33:00,NTLA,33.52000045776367,33.52000045776367,33.529998779296875,33.5,33.5,1467.0
2024-03-01 13:33:00,NTRA,89.7750015258789,89.7750015258789,89.7750015258789,89.7750015258789,89.7750015258789,643.0
2024-03-01 13:33:00,NUVL,88.66000366210938,88.66000366210938,88.72000122070312,88.63500213623047,88.69000244140625,1473.0
2024-03-01 13:33:00,NUWE,0.5752000212669373,0.5752000212669373,0.5752999782562256,0.5752000212669373,0.5752999782562256,1400.0
2024-03-01 13:33:00,NVAX,5.255000114440918,5.255000114440918,5.260000228881836,5.25,5.25,25260.0
2024-03-01 13:33:00,NVCR,15.989999771118164,15.989999771118164,15.989999771118164,15.970000267028809,15.970000267028809,913.0
2024-03-01 13:33:00,NVNO,6.400000095367432,6.400000095367432,6.400000095367432,6.400000095367432,6.400000095367432,125.0
2024-03-01 13:33:00,OCGN,0.9750009775161743,0.9750009775161743,0.9797999858856201,0.9750000238418579,0.9750000238418579,5091.0
2024-03-01 13:33:00,OCUL,10.880000114440918,10.880000114440918,10.880000114440918,10.869999885559082,10.869999885559082,930.0
2024-03-01 13:33:00,OGI,2.200000047683716,2.200000047683716,2.200000047683716,2.194999933242798,2.194999933242798,212.0
2024-03-01 13:33:00,OLK,22.795000076293945,22.795000076293945,22.795000076293945,22.795000076293945,22.795000076293945,384.0
2024-03-01 13:33:00,OLMA,14.829999923706055,14.829999923706055,14.829999923706055,14.829999923706055,14.829999923706055,1263.0
2024-03-01 13:33:00,OM,3.1501998901367188,3.1501998901367188,3.1501998901367188,3.1501998901367188,3.1501998901367188,237.0
2024-03-01 13:33:00,OMIC,0.6000999808311462,0.6000999808311462,0.6000999808311462,0.6000999808311462,0.6000999808311462,500.0
2024-03-01 13:33:00,ONCT,10.25,10.25,10.25,10.211400032043457,10.211400032043457,791.0
2024-03-01 13:34:00,ABCL,5.235000133514404,5.235000133514404,5.239999771118164,5.230000019073486,5.235000133514404,734.0
2024-03-01 13:34:00,ABEO,7.795000076293945,7.795000076293945,7.795000076293945,7.795000076293945,7.795000076293945,120.0
2024-03-01 13:34:00,ABSI,5.349999904632568,5.349999904632568,5.360000133514404,5.329999923706055,5.340000152587891,4125.0
2024-03-01 13:34:00,ACAD,24.34000015258789,24.34000015258789,24.344999313354492,24.34000015258789,24.34000015258789,1712.0
2024-03-01 13:34:00,ACCD,10.15999984741211,10.15999984741211,10.164999961853027,10.154999732971191,10.154999732971191,919.0
2024-03-01 13:34:00,ACET,2.4049999713897705,2.4049999713897705,2.4049999713897705,2.4000000953674316,2.4000000953674316,3667.0
2024-03-01 13:34:00,ACHC,84.72000122070312,84.72000122070312,84.76000213623047,84.72000122070312,84.75,2073.0
2024-03-01 13:34:00,ACHV,4.360000133514404,4.360000133514404,4.360000133514404,4.360000133514404,4.360000133514404,1161.0
2024-03-01 13:34:00,ACIU,3.940000057220459,3.940000057220459,3.940000057220459,3.940000057220459,3.940000057220459,105.0
2024-03-01 13:34:00,ACLX,67.18000030517578,67.18000030517578,67.2699966430664,67.18000030517578,67.20500183105469,1631.0
2024-03-01 13:34:00,ACRS,1.2400000095367432,1.2400000095367432,1.2400000095367432,1.2300000190734863,1.2300000190734863,818.0
2024-03-01 13:34:00,ADAP,1.6100000143051147,1.6100000143051147,1.6100000143051147,1.6100000143051147,1.6100000143051147,1000.0
2024-03-01 13:34:00,ADIL,3.279900074005127,3.279900074005127,3.2899999618530273,3.2081000804901123,3.2300000190734863,139635.0
2024-03-01 13:34:00,ADMA,5.559800148010254,5.559800148010254,5.565000057220459,5.545000076293945,5.550000190734863,100008.0
2024-03-01 13:34:00,ADPT,4.15500020980835,4.15500020980835,4.15500020980835,4.15500020980835,4.15500020980835,262.0
2024-03-01 13:34:00,ADUS,93.86009979248047,93.86009979248047,93.86009979248047,93.86009979248047,93.86009979248047,215.0
2024-03-01 13:34:00,ADVM,1.9550000429153442,1.9550000429153442,1.9600000381469727,1.9407999515533447,1.9500000476837158,9858.0
2024-03-01 13:34:00,AFMD,0.6399999856948853,0.6399999856948853,0.6399999856948853,0.6399999856948853,0.6399999856948853,206.0
2024-03-01 13:34:00,AGEN,0.6829749941825867,0.6829749941825867,0.6830000281333923,0.6829000115394592,0.6829000115394592,15212.0
2024-03-01 13:34:00,AGIO,32.91999816894531,32.91999816894531,32.91999816894531,32.900001525878906,32.900001525878906,867.0
2024-03-01 13:34:00,AHCO,10.5600004196167,10.5600004196167,10.5600004196167,10.5600004196167,10.5600004196167,661.0
2024-03-01 13:34:00,AIRS,6.4679999351501465,6.4679999351501465,6.4679999351501465,6.4679999351501465,6.4679999351501465,779.0
2024-03-01 13:34:00,AKAN,0.21299999952316284,0.21299999952316284,0.21435099840164185,0.2070000022649765,0.20880000293254852,24265.0
2024-03-01 13:34:00,AKBA,1.6799999475479126,1.6799999475479126,1.690000057220459,1.6799999475479126,1.690000057220459,17626.0
2024-03-01 13:34:00,AKRO,30.21500015258789,30.21500015258789,30.227500915527344,30.209999084472656,30.209999084472656,784.0
2024-03-01 13:34:00,AKYA,6.050000190734863,6.050000190734863,6.050000190734863,6.050000190734863,6.050000190734863,223.0
2024-03-01 13:34:00,ALDX,4.340000152587891,4.340000152587891,4.340000152587891,4.331500053405762,4.339700222015381,960.0
2024-03-01 13:34:00,ALEC,7.329999923706055,7.329999923706055,7.329999923706055,7.309999942779541,7.309999942779541,2091.0
2024-03-01 13:34:00,ALGS,1.0901000499725342,1.0901000499725342,1.100000023841858,1.0901000499725342,1.100000023841858,2400.0
2024-03-01 13:34:00,ALHC,5.670000076293945,5.670000076293945,5.670000076293945,5.670000076293945,5.670000076293945,352.0
2024-03-01 13:34:00,ALKS,30.25,30.25,30.25,30.25,30.25,100.0
2024-03-01 13:34:00,ALLK,1.649999976158142,1.649999976158142,1.649999976158142,1.649999976158142,1.649999976158142,620.0
2024-03-01 13:34:00,ALLO,5.054999828338623,5.054999828338623,5.054999828338623,5.050000190734863,5.050000190734863,1721.0
2024-03-01 13:34:00,ALNY,153.68499755859375,153.68499755859375,153.7899932861328,153.6300048828125,153.6300048828125,1585.0
2024-03-01 13:34:00,ALPN,36.05500030517578,36.05500030517578,36.05500030517578,36.029998779296875,36.029998779296875,516.0
2024-03-01 13:34:00,ALT,12.079999923706055,12.079999923706055,12.079999923706055,12.039999961853027,12.039999961853027,5331.0
2024-03-01 13:34:00,ALXO,15.149999618530273,15.149999618530273,15.149999618530273,15.109999656677246,15.109999656677246,2305.0
2024-03-01 13:34:00,AMGN,280.7300109863281,280.7300109863281,280.739990234375,280.6650085449219,280.6650085449219,1625.0
2024-03-01 13:34:00,AMPH,45.595001220703125,45.595001220703125,45.595001220703125,45.595001220703125,45.595001220703125,893.0
2024-03-01 13:34:00,AMRN,1.0549999475479126,1.0549999475479126,1.059999942779541,1.0499999523162842,1.0549999475479126,900.0
2024-03-01 13:34:00,ANIP,65.9000015258789,65.9000015258789,65.9000015258789,65.9000015258789,65.9000015258789,1152.0
2024-03-01 13:34:00,ANNX,6.1875,6.1875,6.199999809265137,6.179999828338623,6.199999809265137,9697.0
2024-03-01 13:34:00,APLS,65.1449966430664,65.1449966430664,65.1500015258789,65.08999633789062,65.11000061035156,3403.0
2024-03-01 13:34:00,APLT,7.135000228881836,7.135000228881836,7.150000095367432,7.119999885559082,7.119999885559082,2000.0
2024-03-01 13:34:00,APVO,0.16179999709129333,0.16179999709129333,0.16179999709129333,0.16179899871349335,0.16179899871349335,873.0
2024-03-01 13:34:00,AQST,4.269999980926514,4.269999980926514,4.269999980926514,4.260900020599365,4.264999866485596,1591.0
2024-03-01 13:34:00,ARDX,9.484999656677246,9.484999656677246,9.484999656677246,9.475000381469727,9.475000381469727,3347.0
2024-03-01 13:34:00,ARQT,11.838000297546387,11.838000297546387,11.838000297546387,11.779999732971191,11.779999732971191,22932.0
2024-03-01 13:34:00,ARVN,49.0,49.0,49.04999923706055,48.93000030517578,48.93000030517578,3702.0
2024-03-01 13:34:00,ARWR,35.77000045776367,35.77000045776367,35.77000045776367,35.7322998046875,35.77000045776367,1889.0
2024-03-01 13:34:00,ASRT,0.8999999761581421,0.8999999761581421,0.9049990177154541,0.8999999761581421,0.9001010060310364,1685.0
2024-03-01 13:34:00,ATAI,2.1649999618530273,2.1649999618530273,2.1649999618530273,2.1600000858306885,2.1600000858306885,4959.0
2024-03-01 13:34:00,ATEC,13.470000267028809,13.470000267028809,13.470000267028809,13.46500015258789,13.46500015258789,384.0
2024-03-01 13:34:00,ATHA,4.0,4.0,4.0,3.994999885559082,3.994999885559082,201.0
2024-03-01 13:34:00,ATNF,3.3399999141693115,3.3399999141693115,3.3399999141693115,3.3399999141693115,3.3399999141693115,264.0
2024-03-01 13:34:00,ATRA,0.7926999926567078,0.7926999926567078,0.7926999926567078,0.7926999926567078,0.7926999926567078,130.0
2024-03-01 13:34:00,ATRC,36.0,36.0,36.0,36.0,36.0,335.0
2024-03-01 13:34:00,ATXI,0.1535000056028366,0.1535000056028366,0.1535000056028366,0.1535000056028366,0.1535000056028366,180.0
2024-03-01 13:34:00,ATXS,14.789999961853027,14.789999961853027,14.789999961853027,14.789999961853027,14.789999961853027,420.0
2024-03-01 13:34:00,AUGX,4.539999961853027,4.539999961853027,4.539999961853027,4.539999961853027,4.539999961853027,347.0
2024-03-01 13:34:00,AUPH,5.860000133514404,5.860000133514404,5.860000133514404,5.855000019073486,5.860000133514404,3605.0
2024-03-01 13:34:00,AUTL,6.394999980926514,6.394999980926514,6.400000095367432,6.380000114440918,6.380000114440918,2976.0
2024-03-01 13:34:00,AVDL,13.229999542236328,13.229999542236328,13.244999885559082,13.229999542236328,13.244999885559082,2660.0
2024-03-01 13:34:00,AVXL,5.324999809265137,5.324999809265137,5.324999809265137,5.320000171661377,5.320000171661377,5352.0
2024-03-01 13:34:00,AWH,3.9600000381469727,3.9600000381469727,4.059999942779541,3.880000114440918,4.059999942779541,2366.0
2024-03-01 13:34:00,AXDX,0.9599999785423279,0.9599999785423279,1.0,0.9599999785423279,1.0,2331.0
2024-03-01 13:34:00,AXNX,67.88500213623047,67.88500213623047,67.88500213623047,67.88500213623047,67.88500213623047,900.0
2024-03-01 13:34:00,AXSM,82.05000305175781,82.05000305175781,82.43000030517578,82.0,82.2699966430664,8195.0
2024-03-01 13:34:00,AZN,64.6759033203125,64.6759033203125,64.68499755859375,64.66000366210938,64.67500305175781,14536.0
2024-03-01 13:34:00,AZTA,66.73999786376953,66.73999786376953,66.7750015258789,66.72000122070312,66.7750015258789,626.0
2024-03-01 13:34:00,BBIO,36.09000015258789,36.09000015258789,36.09000015258789,36.060001373291016,36.08000183105469,1369.0
2024-03-01 13:34:00,BCDA,0.5698999762535095,0.5698999762535095,0.5698999762535095,0.5698999762535095,0.5698999762535095,110.0
2024-03-01 13:34:00,BCRX,5.710000038146973,5.710000038146973,5.710000038146973,5.704999923706055,5.704999923706055,3740.0
2024-03-01 13:34:00,BCTX,3.530100107192993,3.530100107192993,3.530100107192993,3.5299999713897705,3.5299999713897705,1817.0
2024-03-01 13:34:00,BCYC,26.239999771118164,26.239999771118164,26.239999771118164,26.239999771118164,26.239999771118164,184.0
2024-03-01 13:34:00,BDTX,5.010000228881836,5.010000228881836,5.010000228881836,5.005000114440918,5.005000114440918,1511.0
2024-03-01 13:34:00,BEAM,40.619998931884766,40.619998931884766,40.619998931884766,40.470001220703125,40.470001220703125,1790.0
2024-03-01 13:34:00,BEAT,1.5400999784469604,1.5400999784469604,1.5400999784469604,1.5400999784469604,1.5400999784469604,150.0
2024-03-01 13:34:00,BGNE,166.60499572753906,166.60499572753906,166.60499572753906,166.60499572753906,166.60499572753906,127.0
2024-03-01 13:34:00,BGXX,0.2703999876976013,0.2703999876976013,0.27059999108314514,0.2703999876976013,0.27059999108314514,805.0
2024-03-01 13:34:00,BIIB,221.0,221.0,221.02999877929688,220.99000549316406,221.02999877929688,1899.0
2024-03-01 13:34:00,BIOL,0.14169999957084656,0.14169999957084656,0.14169999957084656,0.1416500061750412,0.1416500061750412,64000.0
2024-03-01 13:34:00,BIVI,2.0318000316619873,2.0318000316619873,2.059999942779541,1.9901000261306763,1.9901000261306763,197316.0
2024-03-01 13:34:00,BLFS,18.145000457763672,18.145000457763672,18.219999313354492,18.100000381469727,18.219999313354492,8306.0
2024-03-01 13:34:00,BLUE,1.600000023841858,1.600000023841858,1.6100000143051147,1.600000023841858,1.6100000143051147,19163.0
2024-03-01 13:34:00,BMEA,18.174999237060547,18.174999237060547,18.18000030517578,18.174999237060547,18.18000030517578,1455.0
2024-03-01 13:34:00,BMRN,87.7300033569336,87.7300033569336,87.76000213623047,87.72000122070312,87.72000122070312,1083.0
2024-03-01 13:34:00,BNGO,1.2596999406814575,1.2596999406814575,1.2596999406814575,1.25,1.25,1510.0
2024-03-01 13:34:00,BNR,0.8199999928474426,0.8199999928474426,0.8199999928474426,0.8199999928474426,0.8199999928474426,200.0
2024-03-01 13:34:00,BPMC,97.19999694824219,97.19999694824219,97.21499633789062,97.16000366210938,97.21499633789062,347.0
2024-03-01 13:34:00,BRTX,1.5099999904632568,1.5099999904632568,1.51010000705719,1.5099999904632568,1.51010000705719,615.0
2024-03-01 13:34:00,BTAI,3.200000047683716,3.200000047683716,3.200000047683716,3.200000047683716,3.200000047683716,938.0
2024-03-01 13:34:00,BTTX,0.17560000717639923,0.17560000717639923,0.17589999735355377,0.17554999887943268,0.17579999566078186,4818.0
2024-03-01 13:34:00,CABA,24.295000076293945,24.295000076293945,24.30500030517578,24.25,24.25,4115.0
2024-03-01 13:34:00,CARA,0.9300000071525574,0.9300000071525574,0.9300000071525574,0.9298999905586243,0.9298999905586243,481.0
2024-03-01 13:34:00,CBAY,32.2400016784668,32.2400016784668,32.2400016784668,32.2400016784668,32.2400016784668,763.0
2024-03-01 13:34:00,CCCC,11.024999618530273,11.024999618530273,11.045000076293945,11.020000457763672,11.029999732971191,5769.0
2024-03-01 13:34:00,CCRN,18.18000030517578,18.18000030517578,18.18000030517578,18.18000030517578,18.18000030517578,290.0
2024-03-01 13:34:00,CDMO,8.100000381469727,8.100000381469727,8.100000381469727,8.09000015258789,8.09000015258789,1174.0
2024-03-01 13:34:00,CDNA,12.390999794006348,12.390999794006348,12.399999618530273,12.390000343322754,12.395000457763672,2499.0
2024-03-01 13:34:00,CDXS,4.554999828338623,4.554999828338623,4.558199882507324,4.550000190734863,4.550000190734863,1596.0
2024-03-01 13:34:00,CELC,16.30500030517578,16.30500030517578,16.30500030517578,16.30500030517578,16.30500030517578,1025.0
2024-03-01 13:34:00,CERE,41.099998474121094,41.099998474121094,41.11000061035156,41.099998474121094,41.099998474121094,1289.0
2024-03-01 13:34:00,CERS,2.2049999237060547,2.2049999237060547,2.2049999237060547,2.2049999237060547,2.2049999237060547,618.0
2024-03-01 13:34:00,CERT,17.920000076293945,17.920000076293945,17.920000076293945,17.920000076293945,17.920000076293945,325.0
2024-03-01 13:34:00,CGC,3.2599000930786133,3.2599000930786133,3.2599000930786133,3.255000114440918,3.255000114440918,601.0
2024-03-01 13:34:00,CGEM,18.790000915527344,18.790000915527344,18.790000915527344,18.790000915527344,18.790000915527344,150.0
2024-03-01 13:34:00,CHEK,2.0999999046325684,2.0999999046325684,2.0999999046325684,2.0999999046325684,2.0999999046325684,390.0
2024-03-01 13:34:00,CHRS,2.424999952316284,2.424999952316284,2.424999952316284,2.424999952316284,2.424999952316284,650.0
2024-03-01 13:34:00,CING,1.340000033378601,1.340000033378601,1.340000033378601,1.340000033378601,1.340000033378601,282.0
2024-03-01 13:34:00,CKPT,2.2149999141693115,2.2149999141693115,2.2200000286102295,2.200000047683716,2.2200000286102295,10372.0
2024-03-01 13:34:00,CLDX,52.6150016784668,52.6150016784668,52.65999984741211,52.560001373291016,52.58000183105469,4422.0
2024-03-01 13:34:00,CLOV,0.8726000189781189,0.8726000189781189,0.8733000159263611,0.8726000189781189,0.8733000159263611,45051.0
2024-03-01 13:34:00,CLRB,4.110000133514404,4.110000133514404,4.130000114440918,4.099999904632568,4.130000114440918,12659.0
2024-03-01 13:34:00,CMPS,11.345000267028809,11.345000267028809,11.350000381469727,11.34000015258789,11.34000015258789,807.0
2024-03-01 13:34:00,CMRX,1.1799999475479126,1.1799999475479126,1.1848000288009644,1.1799999475479126,1.1848000288009644,402.0
2024-03-01 13:34:00,CNTB,1.1699999570846558,1.1699999570846558,1.1699999570846558,1.1699999570846558,1.1699999570846558,317.0
2024-03-01 13:34:00,COGT,7.195000171661377,7.195000171661377,7.195000171661377,7.184999942779541,7.184999942779541,3790.0
2024-03-01 13:34:00,CORT,24.350000381469727,24.350000381469727,24.375,24.31999969482422,24.329999923706055,4843.0
2024-03-01 13:34:00,CPRX,17.325000762939453,17.325000762939453,17.336000442504883,17.325000762939453,17.336000442504883,2934.0
2024-03-01 13:34:00,CRBU,7.940000057220459,7.940000057220459,7.949999809265137,7.940000057220459,7.945000171661377,1330.0
2024-03-01 13:34:00,CRDF,2.509999990463257,2.509999990463257,2.5399999618530273,2.5,2.515000104904175,68745.0
2024-03-01 13:34:00,CRIS,10.100000381469727,10.100000381469727,10.100000381469727,10.100000381469727,10.100000381469727,156.0
2024-03-01 13:34:00,CRMD,3.7149999141693115,3.7149999141693115,3.7149999141693115,3.7149999141693115,3.7149999141693115,100.0
2024-03-01 13:34:00,CRNX,46.814998626708984,46.814998626708984,46.814998626708984,46.790000915527344,46.790000915527344,436.0
2024-03-01 13:34:00,CRON,2.069999933242798,2.069999933242798,2.069999933242798,2.059999942779541,2.065000057220459,445.0
2024-03-01 13:34:00,CRSP,85.98069763183594,85.98069763183594,86.05000305175781,85.88999938964844,85.9000015258789,1816.0
2024-03-01 13:34:00,CSTL,20.209999084472656,20.209999084472656,20.209999084472656,20.209999084472656,20.209999084472656,146.0
2024-03-01 13:34:00,CTKB,8.819999694824219,8.819999694824219,8.819999694824219,8.819999694824219,8.819999694824219,125.0
2024-03-01 13:34:00,CTMX,2.630000114440918,2.630000114440918,2.640000104904175,2.619999885559082,2.630000114440918,6529.0
2024-03-01 13:34:00,CUE,2.200000047683716,2.200000047683716,2.200000047683716,2.200000047683716,2.200000047683716,179.0
2024-03-01 13:34:00,CUTR,2.4000000953674316,2.4000000953674316,2.4000000953674316,2.4000000953674316,2.4000000953674316,310.0
2024-03-01 13:34:00,CYTK,72.87999725341797,72.87999725341797,72.93000030517578,72.87999725341797,72.92500305175781,3539.0
2024-03-01 13:34:00,DAWN,17.489999771118164,17.489999771118164,17.489999771118164,17.479999542236328,17.479999542236328,2980.0
2024-03-01 13:34:00,DCGO,4.199999809265137,4.199999809265137,4.199999809265137,4.170000076293945,4.175000190734863,18418.0
2024-03-01 13:34:00,DCPH,17.489999771118164,17.489999771118164,17.5,17.489999771118164,17.5,766.0
2024-03-01 13:34:00,DERM,4.0,4.0,4.0,4.0,4.0,100.0
2024-03-01 13:34:00,DH,8.845000267028809,8.845000267028809,8.859999656677246,8.845000267028809,8.859999656677246,322.0
2024-03-01 13:34:00,DMTK,0.8598989844322205,0.8598989844322205,0.8598999977111816,0.8598989844322205,0.8598999977111816,4714.0
2024-03-01 13:34:00,DNLI,21.075000762939453,21.075000762939453,21.09000015258789,21.06999969482422,21.06999969482422,869.0
2024-03-01 13:34:00,DTIL,12.637499809265137,12.637499809265137,12.649900436401367,12.637499809265137,12.649900436401367,5650.0
2024-03-01 13:34:00,DVAX,12.885000228881836,12.885000228881836,12.890000343322754,12.885000228881836,12.885000228881836,942.0
2024-03-01 13:34:00,DXCM,121.58999633789062,121.58999633789062,121.58999633789062,121.51000213623047,121.51000213623047,3593.0
2024-03-01 13:34:00,DYN,28.899999618530273,28.899999618530273,28.899999618530273,28.760000228881836,28.760000228881836,6748.0
2024-03-01 13:34:00,EDIT,10.930000305175781,10.930000305175781,10.930000305175781,10.904999732971191,10.904999732971191,2050.0
2024-03-01 13:34:00,EFTR,15.260000228881836,15.260000228881836,15.279999732971191,15.199999809265137,15.260000228881836,3963.0
2024-03-01 13:34:00,EIGR,7.0,7.0,7.0,6.940000057220459,6.999899864196777,1206.0
2024-03-01 13:34:00,EKSO,2.015700101852417,2.015700101852417,2.015700101852417,2.015700101852417,2.015700101852417,506.0
2024-03-01 13:34:00,ELEV,5.050000190734863,5.050000190734863,5.070000171661377,5.050000190734863,5.054999828338623,2078.0
2024-03-01 13:34:00,EMBC,14.305000305175781,14.305000305175781,14.317299842834473,14.305000305175781,14.3100004196167,765.0
2024-03-01 13:34:00,ENSG,122.38999938964844,122.38999938964844,122.41000366210938,122.38999938964844,122.41000366210938,697.0
2024-03-01 13:34:00,ENTA,15.38230037689209,15.38230037689209,15.385000228881836,15.38230037689209,15.385000228881836,710.0
2024-03-01 13:34:00,ENVB,1.4700000286102295,1.4700000286102295,1.4900000095367432,1.4700000286102295,1.4850000143051147,8541.0
2024-03-01 13:34:00,EOLS,14.918899536132812,14.918899536132812,14.918899536132812,14.918899536132812,14.918899536132812,313.0
2024-03-01 13:34:00,EQ,2.4700000286102295,2.4700000286102295,2.470099925994873,2.4700000286102295,2.470099925994873,1395.0
2024-03-01 13:34:00,ESPR,2.5250000953674316,2.5250000953674316,2.5250000953674316,2.5199999809265137,2.5250000953674316,5179.0
2024-03-01 13:34:00,ETNB,13.289999961853027,13.289999961853027,13.289999961853027,13.239999771118164,13.239999771118164,12683.0
2024-03-01 13:34:00,EVAX,3.490000009536743,3.490000009536743,3.490000009536743,3.490000009536743,3.490000009536743,550.0
2024-03-01 13:34:00,EWTX,17.010000228881836,17.010000228881836,17.010000228881836,17.010000228881836,17.010000228881836,109.0
2024-03-01 13:34:00,EXAI,6.769999980926514,6.769999980926514,6.769999980926514,6.769999980926514,6.769999980926514,328.0
2024-03-01 13:34:00,EXAS,60.040000915527344,60.040000915527344,60.040000915527344,60.0,60.0,2379.0
2024-03-01 13:34:00,EXEL,22.489999771118164,22.489999771118164,22.5049991607666,22.485000610351562,22.5049991607666,5026.0
2024-03-01 13:34:00,EYEN,2.4298999309539795,2.4298999309539795,2.430000066757202,2.410099983215332,2.410099983215332,7404.0
2024-03-01 13:34:00,EYPT,28.049999237060547,28.049999237060547,28.049999237060547,28.024999618530273,28.024999618530273,992.0
2024-03-01 13:34:00,FATE,7.775000095367432,7.775000095367432,7.78000020980835,7.760000228881836,7.769999980926514,2111.0
2024-03-01 13:34:00,FBIO,2.349900007247925,2.349900007247925,2.349900007247925,2.349900007247925,2.349900007247925,1165.0
2024-03-01 13:34:00,FDMT,29.450000762939453,29.450000762939453,29.489999771118164,29.450000762939453,29.450000762939453,576.0
2024-03-01 13:34:00,FGEN,1.875,1.875,1.875,1.875,1.875,400.0
2024-03-01 13:34:00,FHTX,8.234999656677246,8.234999656677246,8.234999656677246,8.234999656677246,8.234999656677246,192.0
2024-03-01 13:34:00,FLGT,23.2450008392334,23.2450008392334,23.25,23.229999542236328,23.229999542236328,1264.0
2024-03-01 13:34:00,FOLD,13.385000228881836,13.385000228881836,13.385000228881836,13.380000114440918,13.385000228881836,780.0
2024-03-01 13:34:00,FONR,22.209999084472656,22.209999084472656,22.209999084472656,22.209999084472656,22.209999084472656,134.0
2024-03-01 13:34:00,FULC,11.15999984741211,11.15999984741211,11.180000305175781,11.15999984741211,11.170000076293945,2952.0
2024-03-01 13:34:00,FUSN,12.414999961853027,12.414999961853027,12.420000076293945,12.414999961853027,12.420000076293945,1280.0
2024-03-01 13:34:00,GCTK,0.31139901280403137,0.31139901280403137,0.31139901280403137,0.31139901280403137,0.31139901280403137,1000.0
2024-03-01 13:34:00,GDRX,8.329999923706055,8.329999923706055,8.34000015258789,8.329999923706055,8.329999923706055,3492.0
2024-03-01 13:34:00,GERN,2.253999948501587,2.253999948501587,2.2588999271392822,2.25,2.25,202334.0
2024-03-01 13:34:00,GH,19.114999771118164,19.114999771118164,19.1200008392334,19.097999572753906,19.09869956970215,2019.0
2024-03-01 13:34:00,GILD,72.32499694824219,72.32499694824219,72.33000183105469,72.30999755859375,72.30999755859375,9850.0
2024-03-01 13:34:00,GMAB,29.354999542236328,29.354999542236328,29.354999542236328,29.350000381469727,29.350000381469727,740.0
2024-03-01 13:34:00,GMDA,0.37299999594688416,0.37299999594688416,0.37299999594688416,0.37299999594688416,0.37299999594688416,4929.0
2024-03-01 13:34:00,GOSS,1.3949999809265137,1.3949999809265137,1.3949999809265137,1.3949999809265137,1.3949999809265137,294.0
2024-03-01 13:34:00,GRFS,7.085000038146973,7.085000038146973,7.085000038146973,7.085000038146973,7.085000038146973,133.0
2024-03-01 13:34:00,GRTS,2.1500000953674316,2.1500000953674316,2.1598000526428223,2.1449999809265137,2.1500000953674316,17096.0
2024-03-01 13:34:00,GTHX,3.805000066757202,3.805000066757202,3.809999942779541,3.805000066757202,3.809999942779541,701.0
2024-03-01 13:34:00,HALO,41.39500045776367,41.39500045776367,41.39500045776367,41.380001068115234,41.38999938964844,1300.0
2024-03-01 13:34:00,HCAT,8.109999656677246,8.109999656677246,8.109999656677246,8.109999656677246,8.109999656677246,122.0
2024-03-01 13:34:00,HCSG,12.630999565124512,12.630999565124512,12.630999565124512,12.630000114440918,12.630000114440918,302.0
2024-03-01 13:34:00,HITI,1.7649999856948853,1.7649999856948853,1.7649999856948853,1.7649999856948853,1.7649999856948853,125.0
2024-03-01 13:34:00,HLTH,0.27480000257492065,0.27480000257492065,0.27489998936653137,0.27480000257492065,0.27480000257492065,2600.0
2024-03-01 13:34:00,HLVX,19.049999237060547,19.049999237060547,19.180500030517578,19.045000076293945,19.180500030517578,951.0
2024-03-01 13:34:00,HOLX,74.02300262451172,74.02300262451172,74.02300262451172,74.0,74.0,2905.0
2024-03-01 13:34:00,HOTH,1.2999999523162842,1.2999999523162842,1.2999999523162842,1.2999999523162842,1.2999999523162842,3172.0
2024-03-01 13:34:00,HOWL,7.070000171661377,7.070000171661377,7.070000171661377,7.065000057220459,7.065000057220459,235.0
2024-03-01 13:34:00,HRMY,31.670000076293945,31.670000076293945,31.670000076293945,31.670000076293945,31.670000076293945,229.0
2024-03-01 13:34:00,HROW,10.880000114440918,10.880000114440918,10.880000114440918,10.880000114440918,10.880000114440918,100.0
2024-03-01 13:34:00,HRTX,2.599100112915039,2.599100112915039,2.5999999046325684,2.5899999141693115,2.5999999046325684,1660.0
2024-03-01 13:34:00,HSCS,0.11789999902248383,0.11789999902248383,0.11789999902248383,0.11789999902248383,0.11789999902248383,684.0
2024-03-01 13:34:00,HSDT,4.890100002288818,4.890100002288818,4.890100002288818,4.890100002288818,4.890100002288818,333.0
2024-03-01 13:34:00,HSIC,76.88999938964844,76.88999938964844,76.88999938964844,76.88999938964844,76.88999938964844,201.0
2024-03-01 13:34:00,HUMA,3.340100049972534,3.340100049972534,3.3450000286102295,3.3399999141693115,3.341099977493286,4664.0
2024-03-01 13:34:00,IART,36.45000076293945,36.45000076293945,36.45000076293945,36.45000076293945,36.45000076293945,407.0
2024-03-01 13:34:00,IBRX,4.820000171661377,4.820000171661377,4.824999809265137,4.809999942779541,4.809999942779541,10480.0
2024-03-01 13:34:00,ICAD,1.8799999952316284,1.8799999952316284,1.8799999952316284,1.8432999849319458,1.8432999849319458,1858.0
2024-03-01 13:34:00,IDXX,580.97998046875,580.97998046875,581.260009765625,580.864990234375,581.0499877929688,1238.0
2024-03-01 13:34:00,IDYA,46.75,46.75,46.810001373291016,46.7400016784668,46.810001373291016,8600.0
2024-03-01 13:34:00,ILMN,142.17999267578125,142.17999267578125,142.17999267578125,142.17999267578125,142.17999267578125,377.0
2024-03-01 13:34:00,IMCR,67.9800033569336,67.9800033569336,67.9800033569336,67.9800033569336,67.9800033569336,205.0
2024-03-01 13:34:00,IMNM,25.389999389648438,25.389999389648438,25.389999389648438,25.3700008392334,25.375,551.0
2024-03-01 13:34:00,IMNN,1.034999966621399,1.034999966621399,1.034999966621399,1.034999966621399,1.034999966621399,100.0
2024-03-01 13:34:00,IMTX,12.880000114440918,12.880000114440918,12.880000114440918,12.880000114440918,12.880000114440918,143.0
2024-03-01 13:34:00,IMUX,1.475000023841858,1.475000023841858,1.4800000190734863,1.4700000286102295,1.4700000286102295,1198.0
2024-03-01 13:34:00,IMVT,35.98500061035156,35.98500061035156,35.9900016784668,35.974998474121094,35.974998474121094,1551.0
2024-03-01 13:34:00,INBX,36.54999923706055,36.54999923706055,36.54999923706055,36.54999923706055,36.54999923706055,190.0
2024-03-01 13:34:00,INCY,59.349998474121094,59.349998474121094,59.36000061035156,59.349998474121094,59.36000061035156,424.0
2024-03-01 13:34:00,INKT,0.9394000172615051,0.9394000172615051,0.9394000172615051,0.9394000172615051,0.9394000172615051,700.0
2024-03-01 13:34:00,INMD,22.860000610351562,22.860000610351562,22.860000610351562,22.844999313354492,22.844999313354492,1200.0
2024-03-01 13:34:00,INO,9.479999542236328,9.479999542236328,9.479999542236328,9.479999542236328,9.479999542236328,441.0
2024-03-01 13:34:00,INSM,28.40999984741211,28.40999984741211,28.40999984741211,28.395000457763672,28.395000457763672,1511.0
2024-03-01 13:34:00,INVA,15.675000190734863,15.675000190734863,15.675000190734863,15.670000076293945,15.670000076293945,299.0
2024-03-01 13:34:00,IONM,0.34950000047683716,0.34950000047683716,0.34950000047683716,0.34950000047683716,0.34950000047683716,100.0
2024-03-01 13:34:00,IONS,45.970001220703125,45.970001220703125,45.970001220703125,45.91999816894531,45.91999816894531,2752.0
2024-03-01 13:34:00,IOVA,17.110000610351562,17.110000610351562,17.1299991607666,17.075000762939453,17.104999542236328,18621.0
2024-03-01 13:34:00,IRWD,9.015000343322754,9.015000343322754,9.015000343322754,9.010000228881836,9.010000228881836,2150.0
2024-03-01 13:34:00,ISRG,396.1600036621094,396.1600036621094,396.1600036621094,395.8800048828125,396.010009765625,6130.0
2024-03-01 13:34:00,ITCI,71.75499725341797,71.75499725341797,71.75499725341797,71.72000122070312,71.72000122070312,669.0
2024-03-01 13:34:00,ITOS,11.22249984741211,11.22249984741211,11.260000228881836,11.210000038146973,11.260000228881836,910.0
2024-03-01 13:34:00,ITRM,1.2699999809265137,1.2699999809265137,1.2699999809265137,1.2699999809265137,1.2699999809265137,100.0
2024-03-01 13:34:00,IXHL,5.559999942779541,5.559999942779541,5.559999942779541,5.559999942779541,5.559999942779541,103.0
2024-03-01 13:34:00,JAGX,0.0729999989271164,0.0729999989271164,0.07400000095367432,0.0729999989271164,0.07311899960041046,209905.0
2024-03-01 13:34:00,JAZZ,119.36499786376953,119.36499786376953,119.36499786376953,119.36499786376953,119.36499786376953,386.0
2024-03-01 13:34:00,JSPR,21.049999237060547,21.049999237060547,21.049999237060547,21.040000915527344,21.040000915527344,440.0
2024-03-01 13:34:00,KALA,7.449999809265137,7.449999809265137,7.4644999504089355,7.449999809265137,7.4644999504089355,410.0
2024-03-01 13:34:00,KNSA,21.799999237060547,21.799999237060547,21.799999237060547,21.790000915527344,21.790000915527344,914.0
2024-03-01 13:34:00,KPRX,0.6401000022888184,0.6401000022888184,0.6450499892234802,0.6401000022888184,0.6450499892234802,2000.0
2024-03-01 13:34:00,KPTI,1.1950000524520874,1.1950000524520874,1.2000000476837158,1.1950000524520874,1.2000000476837158,1399.0
2024-03-01 13:34:00,KRTX,316.8599853515625,316.8599853515625,316.8599853515625,316.8599853515625,316.8599853515625,744.0
2024-03-01 13:34:00,KRYS,169.36000061035156,169.36000061035156,169.47999572753906,169.36000061035156,169.47999572753906,977.0
2024-03-01 13:34:00,KURA,21.55500030517578,21.55500030517578,21.55500030517578,21.530000686645508,21.530000686645508,428.0
2024-03-01 13:34:00,KYMR,44.20500183105469,44.20500183105469,44.20500183105469,44.189998626708984,44.189998626708984,461.0
2024-03-01 13:34:00,KZR,1.0800000429153442,1.0800000429153442,1.0800000429153442,1.0800000429153442,1.0800000429153442,775.0
2024-03-01 13:34:00,LAB,2.484999895095825,2.484999895095825,2.490000009536743,2.484999895095825,2.484999895095825,2874.0
2024-03-01 13:34:00,LBPH,22.040000915527344,22.040000915527344,22.075000762939453,22.040000915527344,22.075000762939453,920.0
2024-03-01 13:34:00,LEGN,66.0,66.0,66.0,66.0,66.0,560.0
2024-03-01 13:34:00,LFMD,7.989999771118164,7.989999771118164,8.0,7.989999771118164,8.0,423.0
2024-03-01 13:34:00,LFST,7.800000190734863,7.800000190734863,7.800000190734863,7.784999847412109,7.784999847412109,5250.0
2024-03-01 13:34:00,LGND,77.73500061035156,77.73500061035156,77.73500061035156,77.73500061035156,77.73500061035156,419.0
2024-03-01 13:34:00,LIVN,55.76499938964844,55.76499938964844,55.79499816894531,55.7599983215332,55.79499816894531,2680.0
2024-03-01 13:34:00,LMAT,68.33000183105469,68.33000183105469,68.33000183105469,68.0,68.26000213623047,860.0
2024-03-01 13:34:00,LNTH,65.22000122070312,65.22000122070312,65.27999877929688,65.22000122070312,65.27999877929688,846.0
2024-03-01 13:34:00,LPTX,2.8499999046325684,2.8499999046325684,2.8499999046325684,2.8499999046325684,2.8499999046325684,1007.0
2024-03-01 13:34:00,LQDA,14.6899995803833,14.6899995803833,14.699999809265137,14.6899995803833,14.699999809265137,732.0
2024-03-01 13:34:00,LTRN,4.369999885559082,4.369999885559082,4.510000228881836,4.349999904632568,4.500100135803223,17966.0
2024-03-01 13:34:00,LUNG,9.489999771118164,9.489999771118164,9.489999771118164,9.489999771118164,9.489999771118164,478.0
2024-03-01 13:34:00,LVTX,2.9100000858306885,2.9100000858306885,2.9100000858306885,2.9000000953674316,2.9000000953674316,3166.0
2024-03-01 13:34:00,LXRX,2.534600019454956,2.534600019454956,2.534600019454956,2.534600019454956,2.534600019454956,550.0
2024-03-01 13:34:00,LYEL,3.2049999237060547,3.2049999237060547,3.2100000381469727,3.2049999237060547,3.2100000381469727,1848.0
2024-03-01 13:34:00,LYRA,5.699999809265137,5.699999809265137,5.699999809265137,5.699999809265137,5.699999809265137,1200.0
2024-03-01 13:34:00,MASI,128.77499389648438,128.77499389648438,128.94500732421875,128.66000366210938,128.94500732421875,5524.0
2024-03-01 13:34:00,MASS,7.369999885559082,7.369999885559082,7.369999885559082,7.369999885559082,7.369999885559082,447.0
2024-03-01 13:34:00,MBOT,1.3299000263214111,1.3299000263214111,1.3299000263214111,1.3299000263214111,1.3299000263214111,105.0
2024-03-01 13:34:00,MCRB,1.2050000429153442,1.2050000429153442,1.2100000381469727,1.2045999765396118,1.2050000429153442,5629.0
2024-03-01 13:34:00,MDGL,252.07000732421875,252.07000732421875,252.25999450683594,252.07000732421875,252.25999450683594,366.0
2024-03-01 13:34:00,MDRX,5.989999771118164,5.989999771118164,6.050000190734863,5.989999771118164,5.989999771118164,43818.0
2024-03-01 13:34:00,MDXG,8.6850004196167,8.6850004196167,8.6899995803833,8.670000076293945,8.670000076293945,9076.0
2024-03-01 13:34:00,ME,0.5699999928474426,0.5699999928474426,0.5741000175476074,0.5684999823570251,0.5741000175476074,51152.0
2024-03-01 13:34:00,MGNX,19.104999542236328,19.104999542236328,19.104999542236328,19.079999923706055,19.09000015258789,2456.0
2024-03-01 13:34:00,MIRM,29.809999465942383,29.809999465942383,29.809999465942383,29.809999465942383,29.809999465942383,108.0
2024-03-01 13:34:00,MNKD,4.559999942779541,4.559999942779541,4.565000057220459,4.559999942779541,4.559999942779541,13332.0
2024-03-01 13:34:00,MNMD,6.179999828338623,6.179999828338623,6.179999828338623,6.150000095367432,6.150000095367432,1829.0
2024-03-01 13:34:00,MODD,1.8899999856948853,1.8899999856948853,1.909999966621399,1.8899999856948853,1.909999966621399,10709.0
2024-03-01 13:34:00,MOR,17.559999465942383,17.559999465942383,17.559999465942383,17.559999465942383,17.559999465942383,3831.0
2024-03-01 13:34:00,MOTS,0.6625000238418579,0.6625000238418579,0.6628999710083008,0.6625000238418579,0.6628000140190125,3750.0
2024-03-01 13:34:00,MOVE,0.5699999928474426,0.5699999928474426,0.5699999928474426,0.5699999928474426,0.5699999928474426,104.0
2024-03-01 13:34:00,MREO,3.984999895095825,3.984999895095825,3.984999895095825,3.9800000190734863,3.9800000190734863,2267.0
2024-03-01 13:34:00,MRNA,95.94499969482422,95.94499969482422,96.0,95.91999816894531,95.91999816894531,4219.0
2024-03-01 13:34:00,MRSN,5.989999771118164,5.989999771118164,6.0,5.985000133514404,5.990099906921387,4468.0
2024-03-01 13:34:00,MRUS,51.54999923706055,51.54999923706055,51.54999923706055,51.54999923706055,51.54999923706055,300.0
2024-03-01 13:34:00,MRVI,7.699999809265137,7.699999809265137,7.71999979019165,7.699999809265137,7.715000152587891,2664.0
2024-03-01 13:34:00,MXCT,4.775000095367432,4.775000095367432,4.775000095367432,4.769999980926514,4.769999980926514,1321.0
2024-03-01 13:34:00,MYGN,21.889999389648438,21.889999389648438,21.90999984741211,21.889999389648438,21.90999984741211,1174.0
2024-03-01 13:34:00,MYNZ,0.8787000179290771,0.8787000179290771,0.8787000179290771,0.8669999837875366,0.8669999837875366,2710.0
2024-03-01 13:34:00,NARI,45.165000915527344,45.165000915527344,45.220001220703125,45.09000015258789,45.09000015258789,9710.0
2024-03-01 13:34:00,NBIX,132.02499389648438,132.02499389648438,132.02499389648438,131.97000122070312,131.97000122070312,1331.0
2024-03-01 13:34:00,NEO,16.059999465942383,16.059999465942383,16.059999465942383,16.049999237060547,16.049999237060547,850.0
2024-03-01 13:34:00,NKTR,0.781499981880188,0.781499981880188,0.7817000150680542,0.781000018119812,0.781000018119812,51537.0
2024-03-01 13:34:00,NKTX,12.800000190734863,12.800000190734863,12.800000190734863,12.779999732971191,12.779999732971191,873.0
2024-03-01 13:34:00,NNOX,10.970000267028809,10.970000267028809,10.970000267028809,10.970000267028809,10.970000267028809,469.0
2024-03-01 13:34:00,NPCE,16.674999237060547,16.674999237060547,16.709999084472656,16.674999237060547,16.709999084472656,532.0
2024-03-01 13:34:00,NRIX,13.779999732971191,13.779999732971191,13.779999732971191,13.725000381469727,13.739999771118164,2069.0
2024-03-01 13:34:00,NRXP,0.4171999990940094,0.4171999990940094,0.4171999990940094,0.4171999990940094,0.4171999990940094,1178.0
2024-03-01 13:34:00,NTLA,33.560001373291016,33.560001373291016,33.57500076293945,33.525001525878906,33.540000915527344,4499.0
2024-03-01 13:34:00,NTRA,89.80500030517578,89.80500030517578,89.87000274658203,89.77999877929688,89.81999969482422,8674.0
2024-03-01 13:34:00,NUVL,88.66999816894531,88.66999816894531,88.66999816894531,88.66999816894531,88.66999816894531,104.0
2024-03-01 13:34:00,NVAX,5.269899845123291,5.269899845123291,5.269899845123291,5.255000114440918,5.260000228881836,43387.0
2024-03-01 13:34:00,NVCR,16.020000457763672,16.020000457763672,16.020000457763672,15.994999885559082,15.994999885559082,1768.0
2024-03-01 13:34:00,NVCT,10.6899995803833,10.6899995803833,10.6899995803833,10.6899995803833,10.6899995803833,250.0
2024-03-01 13:34:00,NVNO,6.300000190734863,6.300000190734863,6.300000190734863,6.300000190734863,6.300000190734863,109.0
2024-03-01 13:34:00,NXTC,1.75,1.75,1.75,1.75,1.75,205.0
2024-03-01 13:34:00,OCGN,0.9750000238418579,0.9750000238418579,0.9797999858856201,0.9750000238418579,0.978896975517273,1981.0
2024-03-01 13:34:00,OCUL,10.86929988861084,10.86929988861084,10.895000457763672,10.859999656677246,10.880000114440918,6451.0
2024-03-01 13:34:00,OGI,2.194999933242798,2.194999933242798,2.194999933242798,2.194999933242798,2.194999933242798,362.0
2024-03-01 13:34:00,OLK,22.790000915527344,22.790000915527344,22.850000381469727,22.790000915527344,22.799999237060547,9377.0
2024-03-01 13:34:00,OLMA,14.8149995803833,14.8149995803833,14.835000038146973,14.8149995803833,14.835000038146973,374.0
2024-03-01 13:34:00,OMER,4.78000020980835,4.78000020980835,4.78000020980835,4.769999980926514,4.769999980926514,938.0
2024-03-01 13:34:00,OMGA,4.260000228881836,4.260000228881836,4.260000228881836,4.260000228881836,4.260000228881836,283.0
2024-03-01 13:34:00,OMIC,0.6043009757995605,0.6043009757995605,0.6043009757995605,0.6043009757995605,0.6043009757995605,500.0
2024-03-01 13:35:00,ABCL,5.235000133514404,5.235000133514404,5.235000133514404,5.235000133514404,5.235000133514404,489.0
2024-03-01 13:35:00,ABEO,7.820000171661377,7.820000171661377,7.820000171661377,7.820000171661377,7.820000171661377,100.0
2024-03-01 13:35:00,ABOS,4.6996002197265625,4.6996002197265625,4.6996002197265625,4.690000057220459,4.690000057220459,1159.0
2024-03-01 13:35:00,ABUS,2.7699999809265137,2.7699999809265137,2.7699999809265137,2.765000104904175,2.765000104904175,1325.0
2024-03-01 13:35:00,ACAD,24.360000610351562,24.360000610351562,24.360000610351562,24.34000015258789,24.34000015258789,5601.0
2024-03-01 13:35:00,ACET,2.4049999713897705,2.4049999713897705,2.4049999713897705,2.4049999713897705,2.4049999713897705,1637.0
2024-03-01 13:35:00,ACHC,84.6500015258789,84.6500015258789,84.6500015258789,84.6500015258789,84.6500015258789,161.0
2024-03-01 13:35:00,ACHV,4.360000133514404,4.360000133514404,4.360000133514404,4.360000133514404,4.360000133514404,298.0
2024-03-01 13:35:00,ACLX,67.09500122070312,67.09500122070312,67.19000244140625,67.05999755859375,67.19000244140625,2654.0
2024-03-01 13:35:00,ACON,0.4097999930381775,0.4097999930381775,0.4097999930381775,0.4090000092983246,0.4090000092983246,3530.0
2024-03-01 13:35:00,ACRS,1.2400000095367432,1.2400000095367432,1.2400000095367432,1.2311999797821045,1.2311999797821045,2045.0
2024-03-01 13:35:00,ADAP,1.600000023841858,1.600000023841858,1.600000023841858,1.600000023841858,1.600000023841858,5000.0
2024-03-01 13:35:00,ADIL,3.2929999828338623,3.2929999828338623,3.319999933242798,3.240799903869629,3.25,122403.0
2024-03-01 13:35:00,ADMA,5.559999942779541,5.559999942779541,5.559999942779541,5.554999828338623,5.559999942779541,3600.0
2024-03-01 13:35:00,ADPT,4.164999961853027,4.164999961853027,4.164999961853027,4.159999847412109,4.159999847412109,3861.0
2024-03-01 13:35:00,ADVM,1.9450000524520874,1.9450000524520874,1.9500000476837158,1.9450000524520874,1.9500000476837158,1525.0
2024-03-01 13:35:00,AGEN,0.6829749941825867,0.6829749941825867,0.6830000281333923,0.6829000115394592,0.6829500198364258,13594.0
2024-03-01 13:35:00,AKAN,0.21439999341964722,0.21439999341964722,0.21439999341964722,0.21439999341964722,0.21439999341964722,7597.0
2024-03-01 13:35:00,AKBA,1.6899000406265259,1.6899000406265259,1.6899000406265259,1.684999942779541,1.684999942779541,1134.0
2024-03-01 13:35:00,AKRO,30.239999771118164,30.239999771118164,30.239999771118164,30.239999771118164,30.239999771118164,461.0
2024-03-01 13:35:00,ALDX,4.320000171661377,4.320000171661377,4.340000152587891,4.320000171661377,4.340000152587891,5772.0
2024-03-01 13:35:00,ALEC,7.340000152587891,7.340000152587891,7.340000152587891,7.340000152587891,7.340000152587891,248.0
2024-03-01 13:35:00,ALGN,304.2200012207031,304.2200012207031,304.239990234375,304.2200012207031,304.239990234375,1042.0
2024-03-01 13:35:00,ALHC,5.664999961853027,5.664999961853027,5.664999961853027,5.664999961853027,5.664999961853027,318.0
2024-03-01 13:35:00,ALKS,30.25,30.25,30.260000228881836,30.25,30.260000228881836,361.0
2024-03-01 13:35:00,ALLK,1.6449999809265137,1.6449999809265137,1.649999976158142,1.6449999809265137,1.649999976158142,837.0
2024-03-01 13:35:00,ALLO,5.054999828338623,5.054999828338623,5.054999828338623,5.054999828338623,5.054999828338623,156.0
2024-03-01 13:35:00,ALNY,153.65499877929688,153.65499877929688,153.65499877929688,153.65499877929688,153.65499877929688,445.0
2024-03-01 13:35:00,ALPN,36.040000915527344,36.040000915527344,36.040000915527344,36.029998779296875,36.029998779296875,272.0
2024-03-01 13:35:00,ALT,12.050000190734863,12.050000190734863,12.0600004196167,12.050000190734863,12.0600004196167,1630.0
2024-03-01 13:35:00,ALVR,0.7552000284194946,0.7552000284194946,0.7552000284194946,0.7541000247001648,0.7541000247001648,1725.0
2024-03-01 13:35:00,ALXO,15.149999618530273,15.149999618530273,15.149999618530273,15.149999618530273,15.149999618530273,135.0
2024-03-01 13:35:00,AMGN,280.69000244140625,280.69000244140625,280.7650146484375,280.69000244140625,280.7049865722656,2516.0
2024-03-01 13:35:00,AMLX,18.649999618530273,18.649999618530273,18.649999618530273,18.649999618530273,18.649999618530273,204.0
2024-03-01 13:35:00,AMPH,45.619998931884766,45.619998931884766,45.65999984741211,45.58000183105469,45.595001220703125,2146.0
2024-03-01 13:35:00,AMRN,1.0549999475479126,1.0549999475479126,1.0599000453948975,1.0549999475479126,1.0549999475479126,1628.0
2024-03-01 13:35:00,ANNX,6.144999980926514,6.144999980926514,6.179999828338623,6.099999904632568,6.179999828338623,27494.0
2024-03-01 13:35:00,ANTX,3.007999897003174,3.007999897003174,3.007999897003174,3.007999897003174,3.007999897003174,214.0
2024-03-01 13:35:00,APLS,65.16000366210938,65.16000366210938,65.16999816894531,65.09500122070312,65.11000061035156,3168.0
2024-03-01 13:35:00,APLT,7.139999866485596,7.139999866485596,7.139999866485596,7.119999885559082,7.119999885559082,600.0
2024-03-01 13:35:00,APVO,0.16619999706745148,0.16619999706745148,0.16619999706745148,0.1589999943971634,0.1589999943971634,37083.0
2024-03-01 13:35:00,AQST,4.244999885559082,4.244999885559082,4.269999980926514,4.239999771118164,4.269999980926514,60830.0
2024-03-01 13:35:00,ARDX,9.484999656677246,9.484999656677246,9.484999656677246,9.484999656677246,9.484999656677246,741.0
2024-03-01 13:35:00,ARGX,391.8800048828125,391.8800048828125,391.8800048828125,391.8800048828125,391.8800048828125,164.0
2024-03-01 13:35:00,ARQT,11.767499923706055,11.767499923706055,11.829999923706055,11.760000228881836,11.829999923706055,6370.0
2024-03-01 13:35:00,ARVN,48.974998474121094,48.974998474121094,48.9900016784668,48.95000076293945,48.9900016784668,1616.0
2024-03-01 13:35:00,ARWR,35.755001068115234,35.755001068115234,35.790000915527344,35.7400016784668,35.75,1563.0
2024-03-01 13:35:00,ASMB,13.199999809265137,13.199999809265137,13.199999809265137,13.199999809265137,13.199999809265137,353.0
2024-03-01 13:35:00,ATAI,2.168600082397461,2.168600082397461,2.168600082397461,2.160099983215332,2.160099983215332,616.0
2024-03-01 13:35:00,ATEC,13.470000267028809,13.470000267028809,13.470000267028809,13.46500015258789,13.470000267028809,1469.0
2024-03-01 13:35:00,ATRA,0.7879999876022339,0.7879999876022339,0.7950000166893005,0.7875999808311462,0.7950000166893005,17568.0
2024-03-01 13:35:00,ATXS,14.75,14.75,14.770000457763672,14.6899995803833,14.770000457763672,6418.0
2024-03-01 13:35:00,AUGX,4.519999980926514,4.519999980926514,4.53000020980835,4.519999980926514,4.53000020980835,884.0
2024-03-01 13:35:00,AUPH,5.855000019073486,5.855000019073486,5.861199855804443,5.855000019073486,5.861199855804443,1633.0
2024-03-01 13:35:00,AVDL,13.220000267028809,13.220000267028809,13.239999771118164,13.220000267028809,13.239999771118164,578.0
2024-03-01 13:35:00,AVXL,5.324999809265137,5.324999809265137,5.324999809265137,5.324999809265137,5.324999809265137,191.0
2024-03-01 13:35:00,AXNX,67.8499984741211,67.8499984741211,67.87999725341797,67.83999633789062,67.87000274658203,3871.0
2024-03-01 13:35:00,AXSM,82.30999755859375,82.30999755859375,82.41000366210938,82.1050033569336,82.1050033569336,2027.0
2024-03-01 13:35:00,AZN,64.66000366210938,64.66000366210938,64.67569732666016,64.66000366210938,64.67500305175781,6204.0
2024-03-01 13:35:00,BBIO,36.10499954223633,36.10499954223633,36.10499954223633,36.10499954223633,36.10499954223633,105.0
2024-03-01 13:35:00,BBLG,2.446000099182129,2.446000099182129,2.446000099182129,2.446000099182129,2.446000099182129,927.0
2024-03-01 13:35:00,BCAB,2.694999933242798,2.694999933242798,2.694999933242798,2.694999933242798,2.694999933242798,100.0
2024-03-01 13:35:00,BCLI,0.34755000472068787,0.34755000472068787,0.34755000472068787,0.34755000472068787,0.34755000472068787,1014.0
2024-03-01 13:35:00,BCRX,5.704999923706055,5.704999923706055,5.710000038146973,5.699999809265137,5.699999809265137,887.0
2024-03-01 13:35:00,BEAM,40.709999084472656,40.709999084472656,40.709999084472656,40.625,40.625,920.0
2024-03-01 13:35:00,BIIB,221.0,221.0,221.0,221.0,221.0,142.0
2024-03-01 13:35:00,BIOL,0.14169999957084656,0.14169999957084656,0.14249999821186066,0.1416500061750412,0.1416500061750412,68384.0
2024-03-01 13:35:00,BIOR,1.1399999856948853,1.1399999856948853,1.1399999856948853,1.1200000047683716,1.1200000047683716,704.0
2024-03-01 13:35:00,BIVI,2.049999952316284,2.049999952316284,2.069999933242798,2.0299999713897705,2.047499895095825,131779.0
2024-03-01 13:35:00,BLFS,18.170000076293945,18.170000076293945,18.18000030517578,18.145000457763672,18.145000457763672,1010.0
2024-03-01 13:35:00,BLUE,1.5911999940872192,1.5911999940872192,1.6100000143051147,1.5911999940872192,1.6038999557495117,40657.0
2024-03-01 13:35:00,BMEA,18.15999984741211,18.15999984741211,18.170000076293945,18.15999984741211,18.170000076293945,698.0
2024-03-01 13:35:00,BMRN,87.73999786376953,87.73999786376953,87.73999786376953,87.72000122070312,87.72000122070312,538.0
2024-03-01 13:35:00,BNGO,1.250100016593933,1.250100016593933,1.250100016593933,1.25,1.250100016593933,3034.0
2024-03-01 13:35:00,BNR,0.8394500017166138,0.8394500017166138,0.8394500017166138,0.8394500017166138,0.8394500017166138,100.0
2024-03-01 13:35:00,BNTX,91.30999755859375,91.30999755859375,91.30999755859375,91.20999908447266,91.26499938964844,2808.0
2024-03-01 13:35:00,BPMC,97.2300033569336,97.2300033569336,97.2300033569336,97.2300033569336,97.2300033569336,286.0
2024-03-01 13:35:00,BSGM,0.6790000200271606,0.6790000200271606,0.6790000200271606,0.6790000200271606,0.6790000200271606,101.0
2024-03-01 13:35:00,BTMD,5.940000057220459,5.940000057220459,5.940000057220459,5.940000057220459,5.940000057220459,300.0
2024-03-01 13:35:00,BTTX,0.1762000024318695,0.1762000024318695,0.17799900472164154,0.17589999735355377,0.17589999735355377,1600.0
2024-03-01 13:35:00,BWAY,6.550000190734863,6.550000190734863,6.559999942779541,6.550000190734863,6.550000190734863,300.0
2024-03-01 13:35:00,CBAY,32.2400016784668,32.2400016784668,32.2400016784668,32.2400016784668,32.2400016784668,1277.0
2024-03-01 13:35:00,CCCC,11.010000228881836,11.010000228881836,11.020000457763672,11.010000228881836,11.020000457763672,2156.0
2024-03-01 13:35:00,CCRN,18.200000762939453,18.200000762939453,18.209999084472656,18.200000762939453,18.209999084472656,424.0
2024-03-01 13:35:00,CDNA,12.380000114440918,12.380000114440918,12.395000457763672,12.380000114440918,12.395000457763672,2279.0
2024-03-01 13:35:00,CDTX,0.7218999862670898,0.7218999862670898,0.7218999862670898,0.7218999862670898,0.7218999862670898,539.0
2024-03-01 13:35:00,CDXS,4.550000190734863,4.550000190734863,4.554999828338623,4.550000190734863,4.550000190734863,2988.0
2024-03-01 13:35:00,CELC,16.395000457763672,16.395000457763672,16.399999618530273,16.214799880981445,16.30500030517578,8726.0
2024-03-01 13:35:00,CERE,41.10499954223633,41.10499954223633,41.11000061035156,41.099998474121094,41.11000061035156,710.0
2024-03-01 13:35:00,CERS,2.200000047683716,2.200000047683716,2.2049999237060547,2.200000047683716,2.2049999237060547,569.0
2024-03-01 13:35:00,CERT,17.950000762939453,17.950000762939453,17.959999084472656,17.889999389648438,17.90999984741211,6553.0
2024-03-01 13:35:00,CGC,3.2583000659942627,3.2583000659942627,3.2583000659942627,3.2583000659942627,3.2583000659942627,1314.0
2024-03-01 13:35:00,CGEN,2.6810998916625977,2.6810998916625977,2.6810998916625977,2.6810998916625977,2.6810998916625977,500.0
2024-03-01 13:35:00,CHRS,2.424999952316284,2.424999952316284,2.430000066757202,2.424999952316284,2.424999952316284,826.0
2024-03-01 13:35:00,CING,1.3597999811172485,1.3597999811172485,1.3597999811172485,1.3597999811172485,1.3597999811172485,244.0
2024-03-01 13:35:00,CKPT,2.2100000381469727,2.2100000381469727,2.219899892807007,2.2100000381469727,2.219899892807007,1202.0
2024-03-01 13:35:00,CLDX,52.689998626708984,52.689998626708984,52.689998626708984,52.68000030517578,52.68000030517578,2256.0
2024-03-01 13:35:00,CLNN,0.39489999413490295,0.39489999413490295,0.39489999413490295,0.39489999413490295,0.39489999413490295,8020.0
2024-03-01 13:35:00,CLOV,0.8726999759674072,0.8726999759674072,0.8726999759674072,0.8726000189781189,0.8726000189781189,25153.0
2024-03-01 13:35:00,CLRB,4.110000133514404,4.110000133514404,4.110000133514404,4.110000133514404,4.110000133514404,602.0
2024-03-01 13:35:00,CMMB,0.6474999785423279,0.6474999785423279,0.6474999785423279,0.6474999785423279,0.6474999785423279,400.0
2024-03-01 13:35:00,CMPS,11.289999961853027,11.289999961853027,11.335000038146973,11.280900001525879,11.335000038146973,1356.0
2024-03-01 13:35:00,CORT,24.3799991607666,24.3799991607666,24.3799991607666,24.3700008392334,24.3700008392334,380.0
2024-03-01 13:35:00,CPRX,17.329999923706055,17.329999923706055,17.34000015258789,17.329999923706055,17.329999923706055,4011.0
2024-03-01 13:35:00,CRBP,32.779998779296875,32.779998779296875,32.779998779296875,32.310001373291016,32.310001373291016,5369.0
2024-03-01 13:35:00,CRBU,7.949999809265137,7.949999809265137,7.949999809265137,7.945000171661377,7.945000171661377,1035.0
2024-03-01 13:35:00,CRDF,2.5097999572753906,2.5097999572753906,2.51990008354187,2.490000009536743,2.51990008354187,18430.0
2024-03-01 13:35:00,CRDL,1.9394999742507935,1.9394999742507935,1.9394999742507935,1.9394999742507935,1.9394999742507935,165.0
2024-03-01 13:35:00,CRMD,3.717900037765503,3.717900037765503,3.717900037765503,3.717900037765503,3.717900037765503,312.0
2024-03-01 13:35:00,CRNX,46.814998626708984,46.814998626708984,46.86000061035156,46.814998626708984,46.86000061035156,2209.0
2024-03-01 13:35:00,CRON,2.0601000785827637,2.0601000785827637,2.065000057220459,2.059999942779541,2.065000057220459,7208.0
2024-03-01 13:35:00,CTKB,8.859999656677246,8.859999656677246,8.859999656677246,8.8149995803833,8.8149995803833,3024.0
2024-03-01 13:35:00,CTMX,2.630000114440918,2.630000114440918,2.630000114440918,2.619999885559082,2.619999885559082,1808.0
2024-03-01 13:35:00,CUTR,2.4000000953674316,2.4000000953674316,2.4000000953674316,2.4000000953674316,2.4000000953674316,1277.0
2024-03-01 13:35:00,CVAC,3.4904000759124756,3.4904000759124756,3.494999885559082,3.4904000759124756,3.494999885559082,2252.0
2024-03-01 13:35:00,CYTK,72.87000274658203,72.87000274658203,72.8949966430664,72.87000274658203,72.87999725341797,774.0
2024-03-01 13:35:00,CYTO,2.2850000858306885,2.2850000858306885,2.2850000858306885,2.255000114440918,2.255000114440918,842.0
2024-03-01 13:35:00,DARE,0.5748990178108215,0.5748990178108215,0.5748990178108215,0.5748990178108215,0.5748990178108215,115.0
2024-03-01 13:35:00,DAWN,17.510000228881836,17.510000228881836,17.520000457763672,17.489999771118164,17.489999771118164,2008.0
2024-03-01 13:35:00,DCGO,4.199999809265137,4.199999809265137,4.204999923706055,4.199999809265137,4.199999809265137,1988.0
2024-03-01 13:35:00,DCPH,17.5,17.5,17.510000228881836,17.489999771118164,17.489999771118164,6191.0
2024-03-01 13:35:00,DH,8.859999656677246,8.859999656677246,8.859999656677246,8.859999656677246,8.859999656677246,349.0
2024-03-01 13:35:00,DMTK,0.854951024055481,0.854951024055481,0.8598989844322205,0.8500999808311462,0.8597999811172485,2232.0
2024-03-01 13:35:00,DNLI,21.09000015258789,21.09000015258789,21.09000015258789,21.09000015258789,21.09000015258789,697.0
2024-03-01 13:35:00,DSGN,2.9049999713897705,2.9049999713897705,2.9049999713897705,2.9049999713897705,2.9049999713897705,574.0
2024-03-01 13:35:00,DTIL,12.5649995803833,12.5649995803833,12.5649995803833,12.5649995803833,12.5649995803833,995.0
2024-03-01 13:35:00,DVAX,12.885000228881836,12.885000228881836,12.890000343322754,12.885000228881836,12.88599967956543,1083.0
2024-03-01 13:35:00,DXCM,121.51000213623047,121.51000213623047,121.62999725341797,121.48999786376953,121.61000061035156,6927.0
2024-03-01 13:35:00,DYN,28.899999618530273,28.899999618530273,28.899999618530273,28.899999618530273,28.899999618530273,190.0
2024-03-01 13:35:00,EDIT,10.939200401306152,10.939200401306152,10.939200401306152,10.9350004196167,10.9350004196167,638.0
2024-03-01 13:35:00,EFTR,15.260000228881836,15.260000228881836,15.260000228881836,15.229999542236328,15.229999542236328,471.0
2024-03-01 13:35:00,EGRX,6.739999771118164,6.739999771118164,6.739999771118164,6.684999942779541,6.684999942779541,5332.0
2024-03-01 13:35:00,EIGR,6.900000095367432,6.900000095367432,6.909999847412109,6.900000095367432,6.909999847412109,1045.0
2024-03-01 13:35:00,ELDN,1.8336000442504883,1.8336000442504883,1.8336000442504883,1.809999942779541,1.8200000524520874,1919.0
2024-03-01 13:35:00,ELEV,5.050000190734863,5.050000190734863,5.059999942779541,5.050000190734863,5.059999942779541,1927.0
2024-03-01 13:35:00,ENTA,15.376299858093262,15.376299858093262,15.376299858093262,15.376299858093262,15.376299858093262,1464.0
2024-03-01 13:35:00,ENVB,1.45169997215271,1.45169997215271,1.4700000286102295,1.45169997215271,1.4700000286102295,17035.0
2024-03-01 13:35:00,EQ,2.4700000286102295,2.4700000286102295,2.4700000286102295,2.4700000286102295,2.4700000286102295,314.0
2024-03-01 13:35:00,ERAS,2.490000009536743,2.490000009536743,2.490000009536743,2.490000009536743,2.490000009536743,120.0
2024-03-01 13:35:00,ESPR,2.5199999809265137,2.5199999809265137,2.5250000953674316,2.5199999809265137,2.5199999809265137,1289.0
2024-03-01 13:35:00,ESTA,45.27000045776367,45.27000045776367,45.27000045776367,45.27000045776367,45.27000045776367,546.0
2024-03-01 13:35:00,ETNB,13.295000076293945,13.295000076293945,13.3100004196167,13.295000076293945,13.3100004196167,927.0
2024-03-01 13:35:00,EVAX,3.490000009536743,3.490000009536743,3.490000009536743,3.490000009536743,3.490000009536743,330.0
2024-03-01 13:35:00,EWTX,17.010000228881836,17.010000228881836,17.014999389648438,17.010000228881836,17.014999389648438,860.0
2024-03-01 13:35:00,EXAI,6.769999980926514,6.769999980926514,6.769999980926514,6.760000228881836,6.760000228881836,380.0
2024-03-01 13:35:00,EXAS,60.0,60.0,60.0099983215332,60.0,60.0099983215332,1101.0
2024-03-01 13:35:00,EXEL,22.489999771118164,22.489999771118164,22.489999771118164,22.489999771118164,22.489999771118164,3207.0
2024-03-01 13:35:00,EYEN,2.3949999809265137,2.3949999809265137,2.4200000762939453,2.3949999809265137,2.4200000762939453,5893.0
2024-03-01 13:35:00,EYPT,28.059999465942383,28.059999465942383,28.059999465942383,28.030000686645508,28.030000686645508,332.0
2024-03-01 13:35:00,FATE,7.760000228881836,7.760000228881836,7.78000020980835,7.760000228881836,7.775000095367432,4260.0
2024-03-01 13:35:00,FBIO,2.3499999046325684,2.3499999046325684,2.3499999046325684,2.3499999046325684,2.3499999046325684,150.0
2024-03-01 13:35:00,FDMT,29.450000762939453,29.450000762939453,29.450000762939453,29.450000762939453,29.450000762939453,321.0
2024-03-01 13:35:00,FEMY,1.715000033378601,1.715000033378601,1.715000033378601,1.715000033378601,1.715000033378601,584.0
2024-03-01 13:35:00,FGEN,1.8799999952316284,1.8799999952316284,1.8799999952316284,1.8799999952316284,1.8799999952316284,1174.0
2024-03-01 13:35:00,FOLD,13.399999618530273,13.399999618530273,13.399999618530273,13.385000228881836,13.385000228881836,5200.0
2024-03-01 13:35:00,FULC,11.149999618530273,11.149999618530273,11.149999618530273,11.149999618530273,11.149999618530273,631.0
2024-03-01 13:35:00,FUSN,12.420000076293945,12.420000076293945,12.430000305175781,12.420000076293945,12.430000305175781,1305.0
2024-03-01 13:35:00,GCTK,0.3050000071525574,0.3050000071525574,0.31139999628067017,0.3050000071525574,0.310699999332428,8457.0
2024-03-01 13:35:00,GDRX,8.329999923706055,8.329999923706055,8.331899642944336,8.329999923706055,8.329999923706055,10452.0
2024-03-01 13:35:00,GERN,2.255000114440918,2.255000114440918,2.259999990463257,2.25,2.255000114440918,8748.0
2024-03-01 13:35:00,GH,19.110000610351562,19.110000610351562,19.110000610351562,19.108699798583984,19.110000610351562,2109.0
2024-03-01 13:35:00,GILD,72.29499816894531,72.29499816894531,72.33000183105469,72.29499816894531,72.32499694824219,11098.0
2024-03-01 13:35:00,GLPG,35.1150016784668,35.1150016784668,35.1150016784668,35.1150016784668,35.1150016784668,104.0
2024-03-01 13:35:00,GLTO,0.7251999974250793,0.7251999974250793,0.7251999974250793,0.7251999974250793,0.7251999974250793,3400.0
2024-03-01 13:35:00,GMDA,0.37450000643730164,0.37450000643730164,0.37470000982284546,0.37450000643730164,0.37450000643730164,1111.0
2024-03-01 13:35:00,GRTS,2.159899950027466,2.159899950027466,2.159899950027466,2.1500000953674316,2.1500000953674316,3356.0
2024-03-01 13:35:00,GTHX,3.809999942779541,3.809999942779541,3.809999942779541,3.799999952316284,3.801500082015991,3503.0
2024-03-01 13:35:00,HALO,41.41999816894531,41.41999816894531,41.43000030517578,41.39500045776367,41.39500045776367,2006.0
2024-03-01 13:35:00,HARP,22.940000534057617,22.940000534057617,22.940000534057617,22.940000534057617,22.940000534057617,250.0
2024-03-01 13:35:00,HCAT,8.109999656677246,8.109999656677246,8.109999656677246,8.109999656677246,8.109999656677246,405.0
2024-03-01 13:35:00,HCM,15.319999694824219,15.319999694824219,15.34000015258789,15.319999694824219,15.34000015258789,257.0
2024-03-01 13:35:00,HCSG,12.625,12.625,12.635000228881836,12.625,12.635000228881836,542.0
2024-03-01 13:35:00,HEPA,3.0638999938964844,3.0638999938964844,3.0799999237060547,3.0638999938964844,3.0799999237060547,500.0
2024-03-01 13:35:00,HLTH,0.27480000257492065,0.27480000257492065,0.27480000257492065,0.27480000257492065,0.27480000257492065,268.0
2024-03-01 13:35:00,HLVX,19.03499984741211,19.03499984741211,19.110000610351562,19.0,19.110000610351562,2577.0
2024-03-01 13:35:00,HOLX,74.0199966430664,74.0199966430664,74.04499816894531,74.0199966430664,74.0250015258789,1741.0
2024-03-01 13:35:00,HOOK,0.7900000214576721,0.7900000214576721,0.7900000214576721,0.789900004863739,0.789900004863739,2145.0
2024-03-01 13:35:00,HQY,81.5999984741211,81.5999984741211,81.5999984741211,81.5999984741211,81.5999984741211,314.0
2024-03-01 13:35:00,HROW,10.892000198364258,10.892000198364258,10.892000198364258,10.892000198364258,10.892000198364258,1418.0
2024-03-01 13:35:00,HRTX,2.5899999141693115,2.5899999141693115,2.5999999046325684,2.5899999141693115,2.5999999046325684,900.0
2024-03-01 13:35:00,HSCS,0.11749999970197678,0.11749999970197678,0.11789999902248383,0.11739999800920486,0.11789999902248383,20300.0
2024-03-01 13:35:00,HSIC,76.83499908447266,76.83499908447266,76.875,76.83499908447266,76.875,1064.0
2024-03-01 13:35:00,HUMA,3.3450000286102295,3.3450000286102295,3.3450000286102295,3.340100049972534,3.3401999473571777,5968.0
2024-03-01 13:35:00,IART,36.470001220703125,36.470001220703125,36.470001220703125,36.470001220703125,36.470001220703125,101.0
2024-03-01 13:35:00,IBRX,4.839900016784668,4.839900016784668,4.840000152587891,4.819900035858154,4.819900035858154,7725.0
2024-03-01 13:35:00,ICUI,105.05999755859375,105.05999755859375,105.05999755859375,105.05999755859375,105.05999755859375,466.0
2024-03-01 13:35:00,IDXX,580.72998046875,580.72998046875,580.97998046875,580.6900024414062,580.97998046875,1916.0
2024-03-01 13:35:00,IDYA,46.810001373291016,46.810001373291016,46.810001373291016,46.77000045776367,46.77000045776367,446.0
2024-03-01 13:35:00,IINN,1.6699999570846558,1.6699999570846558,1.670699954032898,1.6699999570846558,1.670699954032898,1233.0
2024-03-01 13:35:00,ILMN,142.10000610351562,142.10000610351562,142.16000366210938,142.08999633789062,142.16000366210938,1872.0
2024-03-01 13:35:00,IMAB,1.815000057220459,1.815000057220459,1.8200000524520874,1.815000057220459,1.815000057220459,13804.0
2024-03-01 13:35:00,IMCR,67.93000030517578,67.93000030517578,67.9800033569336,67.93000030517578,67.9800033569336,413.0
2024-03-01 13:35:00,IMMX,3.559999942779541,3.559999942779541,3.559999942779541,3.555000066757202,3.555000066757202,832.0
2024-03-01 13:35:00,IMNM,25.46500015258789,25.46500015258789,25.46500015258789,25.46500015258789,25.46500015258789,228.0
2024-03-01 13:35:00,IMNN,1.0299999713897705,1.0299999713897705,1.0299999713897705,1.0299999713897705,1.0299999713897705,484.0
2024-03-01 13:35:00,IMTX,12.880000114440918,12.880000114440918,12.880000114440918,12.880000114440918,12.880000114440918,103.0
2024-03-01 13:35:00,IMUX,1.475000023841858,1.475000023841858,1.475000023841858,1.475000023841858,1.475000023841858,622.0
2024-03-01 13:35:00,IMVT,36.0,36.0,36.0099983215332,35.9900016784668,36.0,2385.0
2024-03-01 13:35:00,INBX,36.540000915527344,36.540000915527344,36.540000915527344,36.540000915527344,36.540000915527344,275.0
2024-03-01 13:35:00,INCY,59.375,59.375,59.380001068115234,59.34000015258789,59.349998474121094,2073.0
2024-03-01 13:35:00,INGN,6.789999961853027,6.789999961853027,6.789999961853027,6.770100116729736,6.770100116729736,508.0
2024-03-01 13:35:00,INMD,22.864999771118164,22.864999771118164,22.8700008392334,22.860000610351562,22.860000610351562,1739.0
2024-03-01 13:35:00,INO,9.489999771118164,9.489999771118164,9.489999771118164,9.489999771118164,9.489999771118164,143.0
2024-03-01 13:35:00,INSM,28.44499969482422,28.44499969482422,28.450000762939453,28.405000686645508,28.405000686645508,4536.0
2024-03-01 13:35:00,INVA,15.670000076293945,15.670000076293945,15.675000190734863,15.670000076293945,15.675000190734863,481.0
2024-03-01 13:35:00,IONS,45.97999954223633,45.97999954223633,45.97999954223633,45.93000030517578,45.959999084472656,2896.0
2024-03-01 13:35:00,IOVA,17.1299991607666,17.1299991607666,17.174999237060547,17.104999542236328,17.104999542236328,27196.0
2024-03-01 13:35:00,IPSC,3.859999895095825,3.859999895095825,3.859999895095825,3.859999895095825,3.859999895095825,582.0
2024-03-01 13:35:00,IRWD,9.017499923706055,9.017499923706055,9.020000457763672,9.010000228881836,9.015000343322754,7090.0
2024-03-01 13:35:00,ISRG,395.864990234375,395.864990234375,396.0400085449219,395.8500061035156,396.0249938964844,5197.0
2024-03-01 13:35:00,ITOS,11.210000038146973,11.210000038146973,11.210000038146973,11.210000038146973,11.210000038146973,1242.0
2024-03-01 13:35:00,JAGX,0.07249999791383743,0.07249999791383743,0.0738999992609024,0.07169999927282333,0.0738999992609024,283423.0
2024-03-01 13:35:00,JANX,46.459999084472656,46.459999084472656,46.459999084472656,46.459999084472656,46.459999084472656,1033.0
2024-03-01 13:35:00,JAZZ,119.41000366210938,119.41000366210938,119.41000366210938,119.36000061035156,119.36000061035156,332.0
2024-03-01 13:35:00,KALV,14.25,14.25,14.25,14.25,14.25,110.0
2024-03-01 13:35:00,KNSA,21.809999465942383,21.809999465942383,21.809999465942383,21.809999465942383,21.809999465942383,444.0
2024-03-01 13:35:00,KOD,6.085000038146973,6.085000038146973,6.090000152587891,6.085000038146973,6.090000152587891,254.0
2024-03-01 13:35:00,KPTI,1.1900999546051025,1.1900999546051025,1.2000000476837158,1.1900999546051025,1.1950000524520874,2659.0
2024-03-01 13:35:00,KRMD,2.130000114440918,2.130000114440918,2.130000114440918,2.130000114440918,2.130000114440918,386.0
2024-03-01 13:35:00,KRON,1.024999976158142,1.024999976158142,1.0299999713897705,1.024999976158142,1.024999976158142,5697.0
2024-03-01 13:35:00,KRYS,169.38999938964844,169.38999938964844,169.41000366210938,169.10000610351562,169.36000061035156,2410.0
2024-03-01 13:35:00,KURA,21.65999984741211,21.65999984741211,21.65999984741211,21.559999465942383,21.559999465942383,2851.0
2024-03-01 13:35:00,KYMR,44.21500015258789,44.21500015258789,44.21500015258789,44.21500015258789,44.21500015258789,200.0
2024-03-01 13:35:00,KZR,1.0800000429153442,1.0800000429153442,1.0800000429153442,1.0800000429153442,1.0800000429153442,1403.0
2024-03-01 13:35:00,LAB,2.490000009536743,2.490000009536743,2.490000009536743,2.4800000190734863,2.4800000190734863,1388.0
2024-03-01 13:35:00,LEGN,66.01000213623047,66.01000213623047,66.01000213623047,66.01000213623047,66.01000213623047,223.0
2024-03-01 13:35:00,LFMD,8.0,8.0,8.0,8.0,8.0,838.0
2024-03-01 13:35:00,LFST,7.795000076293945,7.795000076293945,7.800000190734863,7.784999847412109,7.800000190734863,3254.0
2024-03-01 13:35:00,LIAN,4.860000133514404,4.860000133514404,4.860000133514404,4.860000133514404,4.860000133514404,200.0
2024-03-01 13:35:00,LIVN,55.834999084472656,55.834999084472656,55.852500915527344,55.77000045776367,55.779998779296875,5991.0
2024-03-01 13:35:00,LMAT,68.37000274658203,68.37000274658203,68.37000274658203,68.05000305175781,68.18000030517578,360.0
2024-03-01 13:35:00,LQDA,14.699999809265137,14.699999809265137,14.699999809265137,14.690099716186523,14.690099716186523,5679.0
2024-03-01 13:35:00,LRMR,11.5,11.5,11.5,11.5,11.5,185.0
2024-03-01 13:35:00,LTRN,4.454999923706055,4.454999923706055,4.454999923706055,4.454999923706055,4.454999923706055,779.0
2024-03-01 13:35:00,LUCD,1.23989999294281,1.23989999294281,1.23989999294281,1.23989999294281,1.23989999294281,348.0
2024-03-01 13:35:00,LUNG,9.479999542236328,9.479999542236328,9.479999542236328,9.479999542236328,9.479999542236328,462.0
2024-03-01 13:35:00,LXRX,2.5350000858306885,2.5350000858306885,2.5399999618530273,2.5311999320983887,2.5397000312805176,4550.0
2024-03-01 13:35:00,LYEL,3.2100000381469727,3.2100000381469727,3.2100000381469727,3.2100000381469727,3.2100000381469727,200.0
2024-03-01 13:35:00,LYRA,5.699999809265137,5.699999809265137,5.710000038146973,5.699999809265137,5.699999809265137,402.0
2024-03-01 13:35:00,MACK,14.720000267028809,14.720000267028809,14.720000267028809,14.710000038146973,14.710000038146973,343.0
2024-03-01 13:35:00,MCRB,1.2000000476837158,1.2000000476837158,1.2000000476837158,1.2000000476837158,1.2000000476837158,186.0
2024-03-01 13:35:00,MDGL,251.83999633789062,251.83999633789062,251.97500610351562,251.49000549316406,251.97500610351562,1684.0
2024-03-01 13:35:00,MDRX,6.050000190734863,6.050000190734863,6.050000190734863,5.989999771118164,5.989999771118164,8634.0
2024-03-01 13:35:00,MDXG,8.680000305175781,8.680000305175781,8.6850004196167,8.680000305175781,8.6850004196167,621.0
2024-03-01 13:35:00,ME,0.5719000101089478,0.5719000101089478,0.5723999738693237,0.5719000101089478,0.5719000101089478,1267.0
2024-03-01 13:35:00,MEDP,401.3599853515625,401.3599853515625,401.3599853515625,401.2300109863281,401.2300109863281,457.0
2024-03-01 13:35:00,MGNX,19.09000015258789,19.09000015258789,19.100000381469727,19.09000015258789,19.100000381469727,1779.0
2024-03-01 13:35:00,MGTX,6.46999979019165,6.46999979019165,6.46999979019165,6.46999979019165,6.46999979019165,475.0
2024-03-01 13:35:00,MIRM,29.809999465942383,29.809999465942383,29.809999465942383,29.809999465942383,29.809999465942383,125.0
2024-03-01 13:35:00,MLTX,51.38999938964844,51.38999938964844,51.400001525878906,51.3650016784668,51.3650016784668,3164.0
2024-03-01 13:35:00,MMSI,76.37000274658203,76.37000274658203,76.37000274658203,76.37000274658203,76.37000274658203,801.0
2024-03-01 13:35:00,MNKD,4.559999942779541,4.559999942779541,4.565000057220459,4.559999942779541,4.559999942779541,1600.0
2024-03-01 13:35:00,MNMD,6.169899940490723,6.169899940490723,6.179999828338623,6.169899940490723,6.179999828338623,2093.0
2024-03-01 13:35:00,MNPR,0.8511000275611877,0.8511000275611877,0.8611000180244446,0.8511000275611877,0.8511000275611877,10141.0
2024-03-01 13:35:00,MODD,1.8806999921798706,1.8806999921798706,1.8899999856948853,1.8806999921798706,1.8899999856948853,500.0
2024-03-01 13:35:00,MODV,28.329999923706055,28.329999923706055,28.329999923706055,28.329999923706055,28.329999923706055,254.0
2024-03-01 13:35:00,MORF,39.56999969482422,39.56999969482422,39.56999969482422,39.54499816894531,39.56999969482422,922.0
2024-03-01 13:35:00,MOTS,0.6574000120162964,0.6574000120162964,0.6574000120162964,0.654699981212616,0.654699981212616,217.0
2024-03-01 13:35:00,MREO,3.984499931335449,3.984499931335449,3.9897000789642334,3.9800000190734863,3.984999895095825,9936.0
2024-03-01 13:35:00,MRNA,95.87000274658203,95.87000274658203,95.93000030517578,95.84940338134766,95.93000030517578,2928.0
2024-03-01 13:35:00,MRNS,10.479999542236328,10.479999542236328,10.479999542236328,10.479999542236328,10.479999542236328,162.0
2024-03-01 13:35:00,MRSN,6.0,6.0,6.010000228881836,5.96999979019165,5.980000019073486,11384.0
2024-03-01 13:35:00,MRUS,51.54999923706055,51.54999923706055,51.54999923706055,51.54999923706055,51.54999923706055,310.0
2024-03-01 13:35:00,MRVI,7.699999809265137,7.699999809265137,7.699999809265137,7.695000171661377,7.699999809265137,648.0
2024-03-01 13:35:00,MYGN,21.90999984741211,21.90999984741211,21.90999984741211,21.90999984741211,21.90999984741211,748.0
2024-03-01 13:35:00,NARI,45.29669952392578,45.29669952392578,45.30929946899414,45.13999938964844,45.15999984741211,3776.0
2024-03-01 13:35:00,NBIX,131.97000122070312,131.97000122070312,131.9949951171875,131.97000122070312,131.97000122070312,525.0
2024-03-01 13:35:00,NEO,16.059999465942383,16.059999465942383,16.059999465942383,16.059999465942383,16.059999465942383,100.0
2024-03-01 13:35:00,NEOG,17.364999771118164,17.364999771118164,17.364999771118164,17.360000610351562,17.360000610351562,1125.0
2024-03-01 13:35:00,NEPT,0.4388999938964844,0.4388999938964844,0.4399000108242035,0.4388999938964844,0.4399000108242035,286.0
2024-03-01 13:35:00,NERV,2.640000104904175,2.640000104904175,2.6700000762939453,2.630000114440918,2.630000114440918,4703.0
2024-03-01 13:35:00,NGM,1.5299999713897705,1.5299999713897705,1.5299999713897705,1.5299999713897705,1.5299999713897705,400.0
2024-03-01 13:35:00,NKTX,12.921699523925781,12.921699523925781,12.921699523925781,12.809900283813477,12.8100004196167,14013.0
2024-03-01 13:35:00,NNOX,10.989999771118164,10.989999771118164,10.994999885559082,10.979999542236328,10.979999542236328,792.0
2024-03-01 13:35:00,NRIX,13.779999732971191,13.779999732971191,13.779999732971191,13.770000457763672,13.770000457763672,312.0
2024-03-01 13:35:00,NRXP,0.4171999990940094,0.4171999990940094,0.4171999990940094,0.4142000079154968,0.4142000079154968,585.0
2024-03-01 13:35:00,NTLA,33.5525016784668,33.5525016784668,33.560001373291016,33.5525016784668,33.55500030517578,992.0
2024-03-01 13:35:00,NTRA,89.69000244140625,89.69000244140625,89.80500030517578,89.66000366210938,89.80500030517578,3821.0
2024-03-01 13:35:00,NUTX,0.11342500150203705,0.11342500150203705,0.11342500150203705,0.11339999735355377,0.11339999735355377,417.0
2024-03-01 13:35:00,NUVL,88.63999938964844,88.63999938964844,88.63999938964844,88.63999938964844,88.63999938964844,162.0
2024-03-01 13:35:00,NVAX,5.244999885559082,5.244999885559082,5.268799781799316,5.239999771118164,5.260000228881836,25287.0
2024-03-01 13:35:00,NVCR,16.014999389648438,16.014999389648438,16.020000457763672,16.0049991607666,16.020000457763672,1813.0
2024-03-01 13:35:00,NXTC,1.7549999952316284,1.7549999952316284,1.7549999952316284,1.7549999952316284,1.7549999952316284,100.0
2024-03-01 13:35:00,OCGN,0.9750000238418579,0.9750000238418579,0.9779999852180481,0.9750000238418579,0.9750999808311462,21014.0
2024-03-01 13:35:00,OCUL,10.86989974975586,10.86989974975586,10.86989974975586,10.848999977111816,10.860099792480469,2773.0
2024-03-01 13:35:00,OFIX,12.920000076293945,12.920000076293945,12.923700332641602,12.920000076293945,12.923700332641602,1379.0
2024-03-01 13:35:00,OGI,2.199899911880493,2.199899911880493,2.199899911880493,2.199899911880493,2.199899911880493,654.0
2024-03-01 13:35:00,OLK,22.795000076293945,22.795000076293945,22.795000076293945,22.790000915527344,22.790000915527344,346.0
2024-03-01 13:35:00,OLMA,14.744999885559082,14.744999885559082,14.8149995803833,14.744999885559082,14.8149995803833,4504.0
2024-03-01 13:35:00,OM,3.1600000858306885,3.1600000858306885,3.1600000858306885,3.1600000858306885,3.1600000858306885,205.0
2024-03-01 13:35:00,OMCL,26.28499984741211,26.28499984741211,26.28499984741211,26.28499984741211,26.28499984741211,451.0
2024-03-01 13:35:00,OMGA,4.269999980926514,4.269999980926514,4.269999980926514,4.260000228881836,4.269999980926514,691.0
2024-03-01 13:35:00,OMIC,0.6008999943733215,0.6008999943733215,0.6008999943733215,0.6000000238418579,0.6008999943733215,1553.0
2024-03-01 13:36:00,AADI,1.9950000047683716,1.9950000047683716,1.9950000047683716,1.9950000047683716,1.9950000047683716,200.0
2024-03-01 13:36:00,ABCL,5.239999771118164,5.239999771118164,5.239999771118164,5.235000133514404,5.238999843597412,301.0
2024-03-01 13:36:00,ABEO,7.840000152587891,7.840000152587891,7.869999885559082,7.819699764251709,7.819799900054932,13208.0
2024-03-01 13:36:00,ABOS,4.690000057220459,4.690000057220459,4.699999809265137,4.690000057220459,4.699999809265137,4077.0
2024-03-01 13:36:00,ABSI,5.409999847412109,5.409999847412109,5.429999828338623,5.364999771118164,5.364999771118164,44757.0
2024-03-01 13:36:00,ABUS,2.7750000953674316,2.7750000953674316,2.7750000953674316,2.7699999809265137,2.7699999809265137,6019.0
2024-03-01 13:36:00,ACAD,24.360000610351562,24.360000610351562,24.360000610351562,24.360000610351562,24.360000610351562,1524.0
2024-03-01 13:36:00,ACB,3.234999895095825,3.234999895095825,3.234999895095825,3.2300000190734863,3.2300000190734863,3664.0
2024-03-01 13:36:00,ACCD,10.170000076293945,10.170000076293945,10.175000190734863,10.170000076293945,10.170000076293945,1014.0
2024-03-01 13:36:00,ACET,2.4100000858306885,2.4100000858306885,2.4100000858306885,2.4049999713897705,2.4100000858306885,658.0
2024-03-01 13:36:00,ACHC,84.61000061035156,84.61000061035156,84.61000061035156,84.61000061035156,84.61000061035156,767.0
2024-03-01 13:36:00,ACLX,67.12000274658203,67.12000274658203,67.12000274658203,67.11000061035156,67.11000061035156,485.0
2024-03-01 13:36:00,ACRS,1.2400000095367432,1.2400000095367432,1.2400000095367432,1.2300000190734863,1.2300000190734863,2576.0
2024-03-01 13:36:00,ADAP,1.6100000143051147,1.6100000143051147,1.6100000143051147,1.6100000143051147,1.6100000143051147,567.0
2024-03-01 13:36:00,ADIL,3.299999952316284,3.299999952316284,3.299999952316284,3.25,3.2839999198913574,52503.0
2024-03-01 13:36:00,ADMA,5.559999942779541,5.559999942779541,5.559999942779541,5.554999828338623,5.554999828338623,5048.0
2024-03-01 13:36:00,ADPT,4.170000076293945,4.170000076293945,4.170000076293945,4.170000076293945,4.170000076293945,859.0
2024-03-01 13:36:00,ADVM,1.9500000476837158,1.9500000476837158,1.9500000476837158,1.9450000524520874,1.9450000524520874,2592.0
2024-03-01 13:36:00,AFMD,0.6424000263214111,0.6424000263214111,0.6424000263214111,0.6424000263214111,0.6424000263214111,100.0
2024-03-01 13:36:00,AGEN,0.6829749941825867,0.6829749941825867,0.6830000281333923,0.682915985584259,0.6830000281333923,13836.0
2024-03-01 13:36:00,AGIO,32.900001525878906,32.900001525878906,32.900001525878906,32.880001068115234,32.880001068115234,564.0
2024-03-01 13:36:00,AHCO,10.5649995803833,10.5649995803833,10.5649995803833,10.5600004196167,10.5600004196167,1177.0
2024-03-01 13:36:00,AKAN,0.2134999930858612,0.2134999930858612,0.2143000066280365,0.2110999971628189,0.2110999971628189,8604.0
2024-03-01 13:36:00,AKBA,1.6799999475479126,1.6799999475479126,1.684999942779541,1.6799999475479126,1.684999942779541,1093.0
2024-03-01 13:36:00,AKLI,0.3490000069141388,0.3490000069141388,0.3490000069141388,0.3401010036468506,0.3401010036468506,3979.0
2024-03-01 13:36:00,AKRO,30.1200008392334,30.1200008392334,30.209999084472656,30.1200008392334,30.200000762939453,3810.0
2024-03-01 13:36:00,ALDX,4.310100078582764,4.310100078582764,4.315000057220459,4.309999942779541,4.310100078582764,6778.0
2024-03-01 13:36:00,ALEC,7.340000152587891,7.340000152587891,7.360000133514404,7.340000152587891,7.360000133514404,7432.0
2024-03-01 13:36:00,ALGN,304.1400146484375,304.1400146484375,304.260009765625,304.1400146484375,304.260009765625,1121.0
2024-03-01 13:36:00,ALHC,5.670000076293945,5.670000076293945,5.670000076293945,5.670000076293945,5.670000076293945,100.0
2024-03-01 13:36:00,ALKS,30.2549991607666,30.2549991607666,30.2549991607666,30.2549991607666,30.2549991607666,405.0
2024-03-01 13:36:00,ALLK,1.659999966621399,1.659999966621399,1.659999966621399,1.649999976158142,1.649999976158142,2588.0
2024-03-01 13:36:00,ALLO,5.054999828338623,5.054999828338623,5.054999828338623,5.054999828338623,5.054999828338623,1312.0
2024-03-01 13:36:00,ALNY,153.625,153.625,153.72000122070312,153.625,153.65499877929688,1011.0
2024-03-01 13:36:00,ALPN,35.970001220703125,35.970001220703125,36.04999923706055,35.970001220703125,36.04999923706055,2981.0
2024-03-01 13:36:00,ALT,12.057999610900879,12.057999610900879,12.069999694824219,12.045000076293945,12.055000305175781,4158.0
2024-03-01 13:36:00,ALXO,15.170000076293945,15.170000076293945,15.170000076293945,15.140000343322754,15.170000076293945,846.0
2024-03-01 13:36:00,AMED,93.30000305175781,93.30000305175781,93.30000305175781,93.30000305175781,93.30000305175781,443.0
2024-03-01 13:36:00,AMGN,280.7650146484375,280.7650146484375,280.82000732421875,280.7200012207031,280.7200012207031,4654.0
2024-03-01 13:36:00,AMLX,18.670000076293945,18.670000076293945,18.670000076293945,18.670000076293945,18.670000076293945,672.0
2024-03-01 13:36:00,AMPH,45.630001068115234,45.630001068115234,45.654998779296875,45.625,45.625,460.0
2024-03-01 13:36:00,AMRN,1.0499999523162842,1.0499999523162842,1.0585999488830566,1.0499999523162842,1.0499999523162842,576.0
2024-03-01 13:36:00,ANNX,6.199999809265137,6.199999809265137,6.213799953460693,6.159999847412109,6.159999847412109,4402.0
2024-03-01 13:36:00,APLS,65.19999694824219,65.19999694824219,65.19999694824219,65.1500015258789,65.1500015258789,2283.0
2024-03-01 13:36:00,APLT,7.150000095367432,7.150000095367432,7.179999828338623,7.130000114440918,7.131800174713135,10391.0
2024-03-01 13:36:00,APVO,0.16575400531291962,0.16575400531291962,0.16575400531291962,0.16575400531291962,0.16575400531291962,214.0
2024-03-01 13:36:00,AQST,4.264999866485596,4.264999866485596,4.264999866485596,4.248799800872803,4.248799800872803,3763.0
2024-03-01 13:36:00,ARDX,9.484999656677246,9.484999656677246,9.489999771118164,9.479999542236328,9.480199813842773,7742.0
2024-03-01 13:36:00,ARQT,11.8100004196167,11.8100004196167,11.8100004196167,11.765000343322754,11.779999732971191,5917.0
2024-03-01 13:36:00,ARVN,48.97999954223633,48.97999954223633,48.97999954223633,48.97999954223633,48.97999954223633,100.0
2024-03-01 13:36:00,ARWR,35.88999938964844,35.88999938964844,35.88999938964844,35.779998779296875,35.779998779296875,10738.0
2024-03-01 13:36:00,ASND,151.77000427246094,151.77000427246094,151.77000427246094,151.77000427246094,151.77000427246094,284.0
2024-03-01 13:36:00,ASRT,0.9024999737739563,0.9024999737739563,0.9049999713897705,0.9024999737739563,0.9024999737739563,304.0
2024-03-01 13:36:00,ATAI,2.1600000858306885,2.1600000858306885,2.1695001125335693,2.1600000858306885,2.1695001125335693,631.0
2024-03-01 13:36:00,ATEC,13.470000267028809,13.470000267028809,13.470000267028809,13.469900131225586,13.469900131225586,822.0
2024-03-01 13:36:00,ATHA,4.0,4.0,4.0,4.0,4.0,2033.0
2024-03-01 13:36:00,ATRA,0.7858999967575073,0.7858999967575073,0.786899983882904,0.7858999967575073,0.7868000268936157,5415.0
2024-03-01 13:36:00,ATRC,36.02000045776367,36.02000045776367,36.02000045776367,35.9900016784668,36.0,1654.0
2024-03-01 13:36:00,ATXI,0.1534000039100647,0.1534000039100647,0.1535000056028366,0.15330000221729279,0.1535000056028366,13534.0
2024-03-01 13:36:00,ATXS,14.800000190734863,14.800000190734863,14.800000190734863,14.779999732971191,14.779999732971191,641.0
2024-03-01 13:36:00,AUGX,4.519999980926514,4.519999980926514,4.519999980926514,4.519999980926514,4.519999980926514,322.0
2024-03-01 13:36:00,AUPH,5.855000019073486,5.855000019073486,5.860000133514404,5.855000019073486,5.860000133514404,981.0
2024-03-01 13:36:00,AURA,9.3100004196167,9.3100004196167,9.3100004196167,9.3100004196167,9.3100004196167,403.0
2024-03-01 13:36:00,AUTL,6.394999980926514,6.394999980926514,6.394999980926514,6.394999980926514,6.394999980926514,115.0
2024-03-01 13:36:00,AVDL,13.25,13.25,13.265000343322754,13.239999771118164,13.239999771118164,23565.0
2024-03-01 13:36:00,AVIR,4.480000019073486,4.480000019073486,4.485000133514404,4.480000019073486,4.485000133514404,480.0
2024-03-01 13:36:00,AVRO,1.3600000143051147,1.3600000143051147,1.3600000143051147,1.3600000143051147,1.3600000143051147,1100.0
2024-03-01 13:36:00,AVTX,4.53000020980835,4.53000020980835,4.53000020980835,4.53000020980835,4.53000020980835,107.0
2024-03-01 13:36:00,AVXL,5.329999923706055,5.329999923706055,5.329999923706055,5.329999923706055,5.329999923706055,715.0
2024-03-01 13:36:00,AXNX,67.8550033569336,67.8550033569336,67.88999938964844,67.8499984741211,67.8499984741211,5735.0
2024-03-01 13:36:00,AXSM,82.30999755859375,82.30999755859375,82.4000015258789,82.30999755859375,82.30999755859375,350.0
2024-03-01 13:36:00,AZN,64.67070007324219,64.67070007324219,64.68000030517578,64.66000366210938,64.66000366210938,4520.0
2024-03-01 13:36:00,AZTA,66.77249908447266,66.77249908447266,66.77249908447266,66.7300033569336,66.7300033569336,605.0
2024-03-01 13:36:00,BBIO,36.10499954223633,36.10499954223633,36.10499954223633,36.10499954223633,36.10499954223633,225.0
2024-03-01 13:36:00,BCAB,2.694999933242798,2.694999933242798,2.694999933242798,2.694999933242798,2.694999933242798,114.0
2024-03-01 13:36:00,BCLI,0.3452000021934509,0.3452000021934509,0.3452000021934509,0.3452000021934509,0.3452000021934509,100.0
2024-03-01 13:36:00,BCRX,5.71999979019165,5.71999979019165,5.71999979019165,5.704999923706055,5.704999923706055,5211.0
2024-03-01 13:36:00,BCYC,26.25,26.25,26.25,26.25,26.25,192.0
2024-03-01 13:36:00,BEAM,40.66320037841797,40.66320037841797,40.7400016784668,40.66320037841797,40.72999954223633,3402.0
2024-03-01 13:36:00,BGNE,167.19000244140625,167.19000244140625,167.19000244140625,166.3800048828125,166.52999877929688,5515.0
2024-03-01 13:36:00,BGXX,0.2702000141143799,0.2702000141143799,0.2702000141143799,0.2702000141143799,0.2702000141143799,1316.0
2024-03-01 13:36:00,BIIB,220.97999572753906,220.97999572753906,221.1199951171875,220.9600067138672,221.1199951171875,2678.0
2024-03-01 13:36:00,BIOR,1.1299999952316284,1.1299999952316284,1.1399999856948853,1.1299999952316284,1.1399999856948853,4153.0
2024-03-01 13:36:00,BIVI,2.0599000453948975,2.0599000453948975,2.059999942779541,2.0399999618530273,2.055000066757202,69564.0
2024-03-01 13:36:00,BLUE,1.5950000286102295,1.5950000286102295,1.597499966621399,1.5950000286102295,1.5950000286102295,1674.0
2024-03-01 13:36:00,BMEA,18.149999618530273,18.149999618530273,18.165000915527344,18.149999618530273,18.165000915527344,409.0
2024-03-01 13:36:00,BMRN,87.9000015258789,87.9000015258789,87.9000015258789,87.72000122070312,87.73999786376953,24595.0
2024-03-01 13:36:00,BNGO,1.2522000074386597,1.2522000074386597,1.2522000074386597,1.2522000074386597,1.2522000074386597,1004.0
2024-03-01 13:36:00,BPMC,96.9800033569336,96.9800033569336,97.23999786376953,96.91999816894531,97.23999786376953,4334.0
2024-03-01 13:36:00,BRKR,88.30999755859375,88.30999755859375,88.30999755859375,88.27999877929688,88.27999877929688,420.0
2024-03-01 13:36:00,BSGM,0.6711000204086304,0.6711000204086304,0.6711000204086304,0.6711000204086304,0.6711000204086304,420.0
2024-03-01 13:36:00,BTAI,3.20770001411438,3.20770001411438,3.2084999084472656,3.20770001411438,3.2084999084472656,774.0
2024-03-01 13:36:00,BTTX,0.17589999735355377,0.17589999735355377,0.17589999735355377,0.1758500039577484,0.17589999735355377,2100.0
2024-03-01 13:36:00,BWAY,6.550000190734863,6.550000190734863,6.550000190734863,6.53000020980835,6.550000190734863,2094.0
2024-03-01 13:36:00,CABA,24.295000076293945,24.295000076293945,24.295000076293945,24.295000076293945,24.295000076293945,1464.0
2024-03-01 13:36:00,CADL,1.7200000286102295,1.7200000286102295,1.7718000411987305,1.7200000286102295,1.7718000411987305,5355.0
2024-03-01 13:36:00,CARA,0.9298999905586243,0.9298999905586243,0.9298999905586243,0.9298999905586243,0.9298999905586243,2500.0
2024-03-01 13:36:00,CBAY,32.2400016784668,32.2400016784668,32.2400016784668,32.22999954223633,32.2400016784668,1365.0
2024-03-01 13:36:00,CCCC,11.015000343322754,11.015000343322754,11.020000457763672,11.005000114440918,11.010000228881836,2746.0
2024-03-01 13:36:00,CDMO,8.100000381469727,8.100000381469727,8.100000381469727,8.100000381469727,8.100000381469727,504.0
2024-03-01 13:36:00,CDNA,12.390000343322754,12.390000343322754,12.390000343322754,12.390000343322754,12.390000343322754,541.0
2024-03-01 13:36:00,CDTX,0.7218999862670898,0.7218999862670898,0.7218999862670898,0.7218000292778015,0.7218000292778015,2880.0
2024-03-01 13:36:00,CDXC,1.6412999629974365,1.6412999629974365,1.6412999629974365,1.6412999629974365,1.6412999629974365,352.0
2024-03-01 13:36:00,CDXS,4.550000190734863,4.550000190734863,4.554999828338623,4.550000190734863,4.550000190734863,1535.0
2024-03-01 13:36:00,CERE,41.10499954223633,41.10499954223633,41.10499954223633,41.099998474121094,41.099998474121094,912.0
2024-03-01 13:36:00,CERS,2.2049999237060547,2.2049999237060547,2.2100000381469727,2.2049999237060547,2.2049999237060547,1928.0
2024-03-01 13:36:00,CERT,17.959999084472656,17.959999084472656,17.959999084472656,17.959999084472656,17.959999084472656,322.0
2024-03-01 13:36:00,CGC,3.244999885559082,3.244999885559082,3.25,3.244999885559082,3.25,10898.0
2024-03-01 13:36:00,CGEM,18.81999969482422,18.81999969482422,18.829999923706055,18.75,18.75,1358.0
2024-03-01 13:36:00,CGEN,2.690000057220459,2.690000057220459,2.690000057220459,2.690000057220459,2.690000057220459,365.0
2024-03-01 13:36:00,CHRS,2.4398999214172363,2.4398999214172363,2.444999933242798,2.4298999309539795,2.430000066757202,34307.0
2024-03-01 13:36:00,CLDX,52.599998474121094,52.599998474121094,52.7400016784668,52.54999923706055,52.689998626708984,9102.0
2024-03-01 13:36:00,CLNN,0.39500001072883606,0.39500001072883606,0.39500001072883606,0.3948490023612976,0.39500001072883606,5881.0
2024-03-01 13:36:00,CLOV,0.8726000189781189,0.8726000189781189,0.8726999759674072,0.8726000189781189,0.8726000189781189,31714.0
2024-03-01 13:36:00,CLRB,4.110000133514404,4.110000133514404,4.119999885559082,4.110000133514404,4.119999885559082,1320.0
2024-03-01 13:36:00,CMPS,11.350000381469727,11.350000381469727,11.359999656677246,11.300000190734863,11.300000190734863,753.0
2024-03-01 13:36:00,CNSP,0.32010000944137573,0.32010000944137573,0.32420000433921814,0.32010000944137573,0.32420000433921814,1400.0
2024-03-01 13:36:00,COGT,7.199999809265137,7.199999809265137,7.199999809265137,7.195000171661377,7.199999809265137,4402.0
2024-03-01 13:36:00,CPRX,17.350000381469727,17.350000381469727,17.350000381469727,17.31999969482422,17.33799934387207,5677.0
2024-03-01 13:36:00,CPSI,9.505000114440918,9.505000114440918,9.510000228881836,9.5,9.510000228881836,1306.0
2024-03-01 13:36:00,CRBP,32.70500183105469,32.70500183105469,32.79999923706055,32.535499572753906,32.70000076293945,804.0
2024-03-01 13:36:00,CRBU,7.954999923706055,7.954999923706055,7.955999851226807,7.954999923706055,7.954999923706055,1153.0
2024-03-01 13:36:00,CRDF,2.5,2.5,2.515399932861328,2.494999885559082,2.5,22826.0
2024-03-01 13:36:00,CRDL,1.9500000476837158,1.9500000476837158,1.9500000476837158,1.9500000476837158,1.9500000476837158,302.0
2024-03-01 13:36:00,CRMD,3.7249999046325684,3.7249999046325684,3.7249999046325684,3.7200000286102295,3.7200000286102295,1508.0
2024-03-01 13:36:00,CRNX,46.78499984741211,46.78499984741211,46.78499984741211,46.78499984741211,46.78499984741211,115.0
2024-03-01 13:36:00,CRON,2.0601000785827637,2.0601000785827637,2.069999933242798,2.0601000785827637,2.0601000785827637,3687.0
2024-03-01 13:36:00,CRSP,86.15160369873047,86.15160369873047,86.18000030517578,86.08000183105469,86.08000183105469,1171.0
2024-03-01 13:36:00,CRVS,2.2200000286102295,2.2200000286102295,2.2200000286102295,2.2100000381469727,2.2200000286102295,6217.0
2024-03-01 13:36:00,CSTL,20.184999465942383,20.184999465942383,20.184999465942383,20.184999465942383,20.184999465942383,132.0
2024-03-01 13:36:00,CTKB,8.880000114440918,8.880000114440918,8.880000114440918,8.869999885559082,8.869999885559082,1031.0
2024-03-01 13:36:00,CTMX,2.619999885559082,2.619999885559082,2.625,2.619999885559082,2.625,305.0
2024-03-01 13:36:00,CTXR,0.770700991153717,0.770700991153717,0.770700991153717,0.7706999778747559,0.7706999778747559,1335.0
2024-03-01 13:36:00,CUTR,2.4000000953674316,2.4000000953674316,2.4000000953674316,2.4000000953674316,2.4000000953674316,1315.0
2024-03-01 13:36:00,CYTK,72.88999938964844,72.88999938964844,72.8949966430664,72.8499984741211,72.8949966430664,368.0
2024-03-01 13:36:00,CYTO,2.309999942779541,2.309999942779541,2.309999942779541,2.299999952316284,2.299999952316284,321.0
2024-03-01 13:36:00,DAWN,17.520000457763672,17.520000457763672,17.520000457763672,17.520000457763672,17.520000457763672,630.0
2024-03-01 13:36:00,DCGO,4.210000038146973,4.210000038146973,4.210000038146973,4.204999923706055,4.204999923706055,1860.0
2024-03-01 13:36:00,DCPH,17.530000686645508,17.530000686645508,17.53499984741211,17.510000228881836,17.510000228881836,3520.0
2024-03-01 13:36:00,DERM,4.050000190734863,4.050000190734863,4.050000190734863,4.03000020980835,4.03000020980835,879.0
2024-03-01 13:36:00,DH,8.84000015258789,8.84000015258789,8.84000015258789,8.84000015258789,8.84000015258789,100.0
2024-03-01 13:36:00,DMTK,0.8501009941101074,0.8501009941101074,0.8514000177383423,0.8500999808311462,0.8501009941101074,3850.0
2024-03-01 13:36:00,DNLI,21.110000610351562,21.110000610351562,21.125,21.110000610351562,21.1200008392334,2794.0
2024-03-01 13:36:00,DTIL,12.599900245666504,12.599900245666504,12.600000381469727,12.59000015258789,12.59000015258789,6686.0
2024-03-01 13:36:00,DVAX,12.890000343322754,12.890000343322754,12.890000343322754,12.885000228881836,12.885000228881836,563.0
2024-03-01 13:36:00,DXCM,121.54000091552734,121.54000091552734,121.55000305175781,121.5199966430664,121.5199966430664,4065.0
2024-03-01 13:36:00,DYN,29.149999618530273,29.149999618530273,29.18000030517578,28.920000076293945,28.920000076293945,7431.0
2024-03-01 13:36:00,EDIT,10.930000305175781,10.930000305175781,10.9399995803833,10.930000305175781,10.937000274658203,2018.0
2024-03-01 13:36:00,EFTR,15.311800003051758,15.311800003051758,15.311800003051758,15.311800003051758,15.311800003051758,310.0
2024-03-01 13:36:00,ELEV,5.050000190734863,5.050000190734863,5.059999942779541,5.039999961853027,5.039999961853027,945.0
2024-03-01 13:36:00,EMBC,14.319999694824219,14.319999694824219,14.319999694824219,14.289999961853027,14.289999961853027,1596.0
2024-03-01 13:36:00,ENSG,122.38999938964844,122.38999938964844,122.38999938964844,122.38500213623047,122.38500213623047,1070.0
2024-03-01 13:36:00,ENTX,1.409000039100647,1.409000039100647,1.409000039100647,1.409000039100647,1.409000039100647,205.0
2024-03-01 13:36:00,ENVB,1.465000033378601,1.465000033378601,1.4700000286102295,1.4600000381469727,1.4608999490737915,5713.0
2024-03-01 13:36:00,EOLS,14.90999984741211,14.90999984741211,14.914999961853027,14.90999984741211,14.914999961853027,1928.0
2024-03-01 13:36:00,EQ,2.4600000381469727,2.4600000381469727,2.4619998931884766,2.4600000381469727,2.4619998931884766,918.0
2024-03-01 13:36:00,ERAS,2.494999885559082,2.494999885559082,2.494999885559082,2.494999885559082,2.494999885559082,912.0
2024-03-01 13:36:00,ESPR,2.5250000953674316,2.5250000953674316,2.5250000953674316,2.5199999809265137,2.5250000953674316,1633.0
2024-03-01 13:36:00,ETNB,13.279999732971191,13.279999732971191,13.319999694824219,13.279999732971191,13.319999694824219,4618.0
2024-03-01 13:36:00,EVAX,3.490000009536743,3.490000009536743,3.490000009536743,3.490000009536743,3.490000009536743,561.0
2024-03-01 13:36:00,EVO,7.539999961853027,7.539999961853027,7.539999961853027,7.539999961853027,7.539999961853027,201.0
2024-03-01 13:36:00,EXAS,60.0,60.0,60.025001525878906,60.0,60.025001525878906,325.0
2024-03-01 13:36:00,EXEL,22.479999542236328,22.479999542236328,22.5049991607666,22.479999542236328,22.4950008392334,13111.0
2024-03-01 13:36:00,EYEN,2.390000104904175,2.390000104904175,2.4049999713897705,2.3499999046325684,2.390000104904175,39762.0
2024-03-01 13:36:00,EYPT,28.06999969482422,28.06999969482422,28.079999923706055,28.059999465942383,28.059999465942383,912.0
2024-03-01 13:36:00,FATE,7.75,7.75,7.764999866485596,7.75,7.764999866485596,1854.0
2024-03-01 13:36:00,FDMT,29.40999984741211,29.40999984741211,29.530000686645508,29.399999618530273,29.5,9551.0
2024-03-01 13:36:00,FEMY,1.7200000286102295,1.7200000286102295,1.7200000286102295,1.7200000286102295,1.7200000286102295,526.0
2024-03-01 13:36:00,FGEN,1.8700000047683716,1.8700000047683716,1.8844000101089478,1.8700000047683716,1.8799999952316284,11647.0
2024-03-01 13:36:00,FOLD,13.392999649047852,13.392999649047852,13.404999732971191,13.392999649047852,13.399999618530273,4995.0
2024-03-01 13:36:00,FULC,11.149999618530273,11.149999618530273,11.149999618530273,11.149999618530273,11.149999618530273,326.0
2024-03-01 13:36:00,FUSN,12.40999984741211,12.40999984741211,12.420000076293945,12.399999618530273,12.40999984741211,1772.0
2024-03-01 13:36:00,FWBI,8.260000228881836,8.260000228881836,8.5,8.260000228881836,8.5,2886.0
2024-03-01 13:36:00,GCTK,0.3090839982032776,0.3090839982032776,0.3090839982032776,0.3090839982032776,0.3090839982032776,100.0
2024-03-01 13:36:00,GDRX,8.330900192260742,8.330900192260742,8.34000015258789,8.329999923706055,8.335000038146973,1270.0
2024-03-01 13:36:00,GERN,2.255000114440918,2.255000114440918,2.259999990463257,2.255000114440918,2.255000114440918,2931.0
2024-03-01 13:36:00,GH,19.135000228881836,19.135000228881836,19.135000228881836,19.1200008392334,19.1200008392334,784.0
2024-03-01 13:36:00,GILD,72.30000305175781,72.30000305175781,72.31999969482422,72.29499816894531,72.29499816894531,8018.0
2024-03-01 13:36:00,GLPG,35.060001373291016,35.060001373291016,35.09000015258789,35.029998779296875,35.06999969482422,2412.0
2024-03-01 13:36:00,GLTO,0.7400000095367432,0.7400000095367432,0.7400000095367432,0.7400000095367432,0.7400000095367432,224.0
2024-03-01 13:36:00,GMAB,29.34000015258789,29.34000015258789,29.350000381469727,29.34000015258789,29.350000381469727,574.0
2024-03-01 13:36:00,GRFS,7.085000038146973,7.085000038146973,7.090000152587891,7.081200122833252,7.081200122833252,2569.0
2024-03-01 13:36:00,GRTS,2.1549999713897705,2.1549999713897705,2.1600000858306885,2.1500000953674316,2.1500000953674316,16781.0
2024-03-01 13:36:00,GTHX,3.819999933242798,3.819999933242798,3.819999933242798,3.815000057220459,3.8183000087738037,739.0
2024-03-01 13:36:00,HALO,41.439998626708984,41.439998626708984,41.439998626708984,41.400001525878906,41.41999816894531,1258.0
2024-03-01 13:36:00,HCAT,8.119999885559082,8.119999885559082,8.119999885559082,8.109999656677246,8.109999656677246,1910.0
2024-03-01 13:36:00,HCWB,1.5999000072479248,1.5999000072479248,1.5999000072479248,1.5999000072479248,1.5999000072479248,2510.0
2024-03-01 13:36:00,HEPA,3.0638999938964844,3.0638999938964844,3.0799999237060547,3.0638999938964844,3.0799999237060547,535.0
2024-03-01 13:36:00,HLTH,0.2750000059604645,0.2750000059604645,0.2750000059604645,0.27480000257492065,0.27480000257492065,1530.0
2024-03-01 13:36:00,HLVX,19.0049991607666,19.0049991607666,19.014999389648438,19.0,19.014999389648438,3409.0
2024-03-01 13:36:00,HOLX,74.02999877929688,74.02999877929688,74.04000091552734,74.02999877929688,74.04000091552734,317.0
2024-03-01 13:36:00,HOWL,7.070000171661377,7.070000171661377,7.070000171661377,7.070000171661377,7.070000171661377,123.0
2024-03-01 13:36:00,HRMY,31.674999237060547,31.674999237060547,31.674999237060547,31.639999389648438,31.66830062866211,775.0
2024-03-01 13:36:00,HRTX,2.5950000286102295,2.5950000286102295,2.5999999046325684,2.5899999141693115,2.5975000858306885,1823.0
2024-03-01 13:36:00,HSCS,0.11749999970197678,0.11749999970197678,0.11749999970197678,0.11749999970197678,0.11749999970197678,100.0
2024-03-01 13:36:00,HSIC,76.81999969482422,76.81999969482422,76.81999969482422,76.81999969482422,76.81999969482422,838.0
2024-03-01 13:36:00,HUGE,0.9100000262260437,0.9100000262260437,0.9100000262260437,0.9100000262260437,0.9100000262260437,104.0
2024-03-01 13:36:00,HUMA,3.3450000286102295,3.3450000286102295,3.3450000286102295,3.3399999141693115,3.3399999141693115,423.0
2024-03-01 13:36:00,IART,36.46500015258789,36.46500015258789,36.47999954223633,36.439998626708984,36.439998626708984,917.0
2024-03-01 13:36:00,IBRX,4.840000152587891,4.840000152587891,4.840000152587891,4.829999923706055,4.835000038146973,1063.0
2024-03-01 13:36:00,ICAD,1.8799999952316284,1.8799999952316284,1.8799999952316284,1.8700000047683716,1.8700000047683716,690.0
2024-03-01 13:36:00,ICCM,1.2999999523162842,1.2999999523162842,1.2999999523162842,1.2999999523162842,1.2999999523162842,214.0
2024-03-01 13:36:00,ICLR,322.1600036621094,322.1600036621094,322.1600036621094,322.1600036621094,322.1600036621094,581.0
2024-03-01 13:36:00,ICUI,105.5999984741211,105.5999984741211,105.62999725341797,105.19999694824219,105.19999694824219,1856.0
2024-03-01 13:36:00,IDXX,580.510009765625,580.510009765625,580.510009765625,580.510009765625,580.510009765625,299.0
2024-03-01 13:36:00,IINN,1.6699999570846558,1.6699999570846558,1.6699999570846558,1.6699999570846558,1.6699999570846558,350.0
2024-03-01 13:36:00,IKNA,1.4815000295639038,1.4815000295639038,1.5049999952316284,1.4800000190734863,1.5,33216.0
2024-03-01 13:36:00,ILMN,142.19000244140625,142.19000244140625,142.24000549316406,142.19000244140625,142.19000244140625,1999.0
2024-03-01 13:36:00,IMCR,68.05000305175781,68.05000305175781,68.05000305175781,67.9800033569336,67.98999786376953,645.0
2024-03-01 13:36:00,IMMX,3.568700075149536,3.568700075149536,3.568700075149536,3.5590999126434326,3.5590999126434326,301.0
2024-03-01 13:36:00,IMTX,12.925000190734863,12.925000190734863,12.9399995803833,12.899999618530273,12.920000076293945,3015.0
2024-03-01 13:36:00,IMUX,1.475000023841858,1.475000023841858,1.475000023841858,1.475000023841858,1.475000023841858,726.0
2024-03-01 13:36:00,IMVT,35.97999954223633,35.97999954223633,35.97999954223633,35.97999954223633,35.97999954223633,328.0
2024-03-01 13:36:00,INAB,1.079200029373169,1.079200029373169,1.0800000429153442,1.079200029373169,1.0800000429153442,479.0
2024-03-01 13:36:00,INCY,59.38800048828125,59.38800048828125,59.38999938964844,59.38800048828125,59.38999938964844,916.0
2024-03-01 13:36:00,INMD,22.875,22.875,22.875,22.8700008392334,22.8700008392334,621.0
2024-03-01 13:36:00,INO,9.534199714660645,9.534199714660645,9.550000190734863,9.5,9.5,3545.0
2024-03-01 13:36:00,INSM,28.434999465942383,28.434999465942383,28.434999465942383,28.434999465942383,28.434999465942383,264.0
2024-03-01 13:36:00,INVA,15.649999618530273,15.649999618530273,15.675000190734863,15.649999618530273,15.675000190734863,3695.0
2024-03-01 13:36:00,IOBT,1.8200000524520874,1.8200000524520874,1.8200000524520874,1.8200000524520874,1.8200000524520874,401.0
2024-03-01 13:36:00,IONS,46.02000045776367,46.02000045776367,46.02000045776367,45.95000076293945,45.95000076293945,11467.0
2024-03-01 13:36:00,IOVA,17.184999465942383,17.184999465942383,17.190000534057617,17.139999389648438,17.139999389648438,9615.0
2024-03-01 13:36:00,IRMD,41.85499954223633,41.85499954223633,41.85499954223633,41.85499954223633,41.85499954223633,206.0
2024-03-01 13:36:00,IRWD,9.029999732971191,9.029999732971191,9.055000305175781,9.015000343322754,9.015000343322754,76380.0
2024-03-01 13:36:00,ISRG,395.81500244140625,395.81500244140625,395.8500061035156,395.7930908203125,395.8500061035156,2924.0
2024-03-01 13:36:00,ITCI,71.81999969482422,71.81999969482422,71.81999969482422,71.81999969482422,71.81999969482422,163.0
2024-03-01 13:36:00,ITOS,11.199999809265137,11.199999809265137,11.229999542236328,11.199999809265137,11.210000038146973,2113.0
2024-03-01 13:36:00,IVA,3.8949999809265137,3.8949999809265137,3.8949999809265137,3.8949999809265137,3.8949999809265137,105.0
2024-03-01 13:36:00,IVVD,3.990000009536743,3.990000009536743,3.990000009536743,3.990000009536743,3.990000009536743,321.0
2024-03-01 13:36:00,JAGX,0.07209999859333038,0.07209999859333038,0.07270000129938126,0.07150000333786011,0.07199999690055847,133342.0
2024-03-01 13:36:00,JAZZ,119.47000122070312,119.47000122070312,119.47000122070312,119.4000015258789,119.4000015258789,1936.0
2024-03-01 13:36:00,JSPR,21.059999465942383,21.059999465942383,21.059999465942383,21.059999465942383,21.059999465942383,249.0
2024-03-01 13:36:00,KALV,14.220000267028809,14.220000267028809,14.220000267028809,14.220000267028809,14.220000267028809,150.0
2024-03-01 13:36:00,KOD,6.09499979019165,6.09499979019165,6.09499979019165,6.089700222015381,6.089900016784668,3362.0
2024-03-01 13:36:00,KPTI,1.1950000524520874,1.1950000524520874,1.2000000476837158,1.190000057220459,1.1950000524520874,2418.0
2024-03-01 13:36:00,KRON,1.024999976158142,1.024999976158142,1.024999976158142,1.024999976158142,1.024999976158142,333.0
2024-03-01 13:36:00,KROS,70.09500122070312,70.09500122070312,70.0999984741211,69.97010040283203,70.0999984741211,1214.0
2024-03-01 13:36:00,KRYS,169.31500244140625,169.31500244140625,169.3300018310547,169.27999877929688,169.3300018310547,1008.0
2024-03-01 13:36:00,KTRA,0.09862600266933441,0.09862600266933441,0.09862600266933441,0.09849999845027924,0.09849999845027924,843.0
2024-03-01 13:36:00,KYMR,44.25,44.25,44.25,44.220001220703125,44.224998474121094,526.0
2024-03-01 13:36:00,KZR,1.0800000429153442,1.0800000429153442,1.0800000429153442,1.0700000524520874,1.0800000429153442,2714.0
2024-03-01 13:36:00,LAB,2.484999895095825,2.484999895095825,2.490000009536743,2.484999895095825,2.484999895095825,1333.0
2024-03-01 13:36:00,LBPH,21.979999542236328,21.979999542236328,22.0049991607666,21.979999542236328,22.0049991607666,1003.0
2024-03-01 13:36:00,LEGN,65.94000244140625,65.94000244140625,65.94999694824219,65.93000030517578,65.94999694824219,847.0
2024-03-01 13:36:00,LFMD,8.0,8.0,8.0,8.0,8.0,200.0
2024-03-01 13:36:00,LFST,7.784999847412109,7.784999847412109,7.784999847412109,7.784999847412109,7.784999847412109,208.0
2024-03-01 13:36:00,LIFE,1.9400999546051025,1.9400999546051025,1.9400999546051025,1.9400999546051025,1.9400999546051025,196.0
2024-03-01 13:36:00,LNTH,65.2300033569336,65.2300033569336,65.2300033569336,65.2300033569336,65.2300033569336,218.0
2024-03-01 13:36:00,LQDA,14.694999694824219,14.694999694824219,14.694999694824219,14.694999694824219,14.694999694824219,199.0
2024-03-01 13:36:00,LXRX,2.5350000858306885,2.5350000858306885,2.5399999618530273,2.5350000858306885,2.5350000858306885,1703.0
2024-03-01 13:36:00,LYEL,3.2049999237060547,3.2049999237060547,3.2049999237060547,3.2049999237060547,3.2049999237060547,226.0
2024-03-01 13:36:00,LYRA,5.690000057220459,5.690000057220459,5.690000057220459,5.690000057220459,5.690000057220459,300.0
2024-03-01 13:36:00,MASS,7.368500232696533,7.368500232696533,7.368500232696533,7.368500232696533,7.368500232696533,650.0
2024-03-01 13:36:00,MBOT,1.3300000429153442,1.3300000429153442,1.3300000429153442,1.3250000476837158,1.3250000476837158,2056.0
2024-03-01 13:36:00,MCRB,1.2050000429153442,1.2050000429153442,1.2100000381469727,1.2000000476837158,1.2000000476837158,308.0
2024-03-01 13:36:00,MDGL,251.83999633789062,251.83999633789062,251.83999633789062,251.80999755859375,251.80999755859375,559.0
2024-03-01 13:36:00,MDRX,6.050000190734863,6.050000190734863,6.050000190734863,5.989999771118164,5.989999771118164,9023.0
2024-03-01 13:36:00,MDXG,8.6850004196167,8.6850004196167,8.6850004196167,8.6850004196167,8.6850004196167,200.0
2024-03-01 13:36:00,ME,0.5715000033378601,0.5715000033378601,0.5716500282287598,0.5715000033378601,0.5716500282287598,1201.0
2024-03-01 13:36:00,MGNX,19.100000381469727,19.100000381469727,19.109500885009766,19.100000381469727,19.109500885009766,454.0
2024-03-01 13:36:00,MGTX,6.449999809265137,6.449999809265137,6.449999809265137,6.449999809265137,6.449999809265137,102.0
2024-03-01 13:36:00,MIRM,29.809999465942383,29.809999465942383,29.809999465942383,29.809999465942383,29.809999465942383,224.0
2024-03-01 13:36:00,MLTX,51.400001525878906,51.400001525878906,51.400001525878906,51.400001525878906,51.400001525878906,900.0
2024-03-01 13:36:00,MNKD,4.565000057220459,4.565000057220459,4.565000057220459,4.559999942779541,4.559999942779541,537.0
2024-03-01 13:36:00,MNMD,6.159999847412109,6.159999847412109,6.164999961853027,6.159999847412109,6.164999961853027,914.0
2024-03-01 13:36:00,MNPR,0.8547999858856201,0.8547999858856201,0.8547999858856201,0.8547999858856201,0.8547999858856201,538.0
2024-03-01 13:36:00,MODD,1.8799999952316284,1.8799999952316284,1.8799999952316284,1.8799999952316284,1.8799999952316284,6000.0
2024-03-01 13:36:00,MREO,3.9886999130249023,3.9886999130249023,3.9886999130249023,3.9800000190734863,3.9800000190734863,1464.0
2024-03-01 13:36:00,MRNA,95.9749984741211,95.9749984741211,96.0,95.9000015258789,95.9000015258789,4387.0
2024-03-01 13:36:00,MRNS,10.46500015258789,10.46500015258789,10.479999542236328,10.40999984741211,10.479999542236328,12502.0
2024-03-01 13:36:00,MRSN,6.0,6.0,6.005000114440918,5.994999885559082,5.994999885559082,10682.0
2024-03-01 13:36:00,MRUS,51.4900016784668,51.4900016784668,51.54999923706055,51.47999954223633,51.54999923706055,2162.0
2024-03-01 13:36:00,MXCT,4.775000095367432,4.775000095367432,4.775000095367432,4.775000095367432,4.775000095367432,100.0
2024-03-01 13:36:00,MYNZ,0.8866990208625793,0.8866990208625793,0.8866990208625793,0.8866990208625793,0.8866990208625793,100.0
2024-03-01 13:36:00,NARI,45.45500183105469,45.45500183105469,45.45500183105469,45.29999923706055,45.29999923706055,5123.0
2024-03-01 13:36:00,NBIX,131.8800048828125,131.8800048828125,131.99000549316406,131.85000610351562,131.99000549316406,2751.0
2024-03-01 13:36:00,NCNA,0.33489999175071716,0.33489999175071716,0.33489999175071716,0.33489999175071716,0.33489999175071716,1055.0
2024-03-01 13:36:00,NEO,16.06999969482422,16.06999969482422,16.06999969482422,16.059999465942383,16.059999465942383,2048.0
2024-03-01 13:36:00,NEOG,17.375,17.375,17.375,17.3700008392334,17.3700008392334,1121.0
2024-03-01 13:36:00,NERV,2.609999895095825,2.609999895095825,2.688699960708618,2.609999895095825,2.688699960708618,3556.0
2024-03-01 13:36:00,NKTR,0.7792999744415283,0.7792999744415283,0.7799999713897705,0.7792999744415283,0.7799999713897705,1650.0
2024-03-01 13:36:00,NKTX,12.907999992370605,12.907999992370605,12.907999992370605,12.892399787902832,12.892399787902832,1512.0
2024-03-01 13:36:00,NNOX,10.994999885559082,10.994999885559082,10.994999885559082,10.979999542236328,10.994999885559082,3833.0
2024-03-01 13:36:00,NOTV,8.154999732971191,8.154999732971191,8.154999732971191,8.140000343322754,8.140000343322754,920.0
2024-03-01 13:36:00,NRIX,13.779999732971191,13.779999732971191,13.779999732971191,13.779999732971191,13.779999732971191,407.0
2024-03-01 13:36:00,NRSN,2.0188000202178955,2.0188000202178955,2.0285000801086426,2.0188000202178955,2.0285000801086426,364.0
2024-03-01 13:36:00,NRXP,0.4171999990940094,0.4171999990940094,0.4171999990940094,0.4171999990940094,0.4171999990940094,163.0
2024-03-01 13:36:00,NTLA,33.564998626708984,33.564998626708984,33.56999969482422,33.55860137939453,33.56999969482422,1326.0
2024-03-01 13:36:00,NTRA,89.73999786376953,89.73999786376953,89.74500274658203,89.6500015258789,89.68499755859375,4622.0
2024-03-01 13:36:00,NUVL,88.63500213623047,88.63500213623047,88.63999938964844,88.63500213623047,88.63999938964844,253.0
2024-03-01 13:36:00,NUWE,0.5800999999046326,0.5800999999046326,0.5800999999046326,0.5752999782562256,0.5752999782562256,1250.0
2024-03-01 13:36:00,NVAX,5.2399001121521,5.2399001121521,5.255000114440918,5.235000133514404,5.25,19196.0
2024-03-01 13:36:00,NVCR,16.012399673461914,16.012399673461914,16.030000686645508,16.012399673461914,16.020000457763672,566.0
2024-03-01 13:36:00,NXTC,1.7549999952316284,1.7549999952316284,1.7549999952316284,1.7549999952316284,1.7549999952316284,327.0
2024-03-01 13:36:00,OCGN,0.9700999855995178,0.9700999855995178,0.9768999814987183,0.9700999855995178,0.9750000238418579,19841.0
2024-03-01 13:36:00,OCUL,10.850000381469727,10.850000381469727,10.869999885559082,10.850000381469727,10.869999885559082,5036.0
2024-03-01 13:36:00,OGI,2.190000057220459,2.190000057220459,2.200000047683716,2.190000057220459,2.1921000480651855,1266.0
2024-03-01 13:36:00,OLK,22.799999237060547,22.799999237060547,22.799999237060547,22.799999237060547,22.799999237060547,1016.0
2024-03-01 13:36:00,OLMA,14.730500221252441,14.730500221252441,14.730500221252441,14.730500221252441,14.730500221252441,332.0
2024-03-01 13:36:00,OM,3.1700000762939453,3.1700000762939453,3.1700000762939453,3.1600000858306885,3.1600000858306885,1026.0
2024-03-01 13:36:00,OMER,4.78000020980835,4.78000020980835,4.78000020980835,4.78000020980835,4.78000020980835,437.0
2024-03-01 13:36:00,OMGA,4.25,4.25,4.255000114440918,4.244999885559082,4.25,3195.0
2024-03-01 13:36:00,OMIC,0.6101999878883362,0.6101999878883362,0.6154000163078308,0.6043499708175659,0.6079999804496765,9224.0
2024-03-01 13:36:00,ONCY,1.1401000022888184,1.1401000022888184,1.1401000022888184,1.1401000022888184,1.1401000022888184,500.0
2024-03-01 13:37:00,AADI,2.0,2.0,2.0,2.0,2.0,597.0
2024-03-01 13:37:00,ABCL,5.235000133514404,5.235000133514404,5.235000133514404,5.230000019073486,5.235000133514404,2002.0
2024-03-01 13:37:00,ABEO,7.8460001945495605,7.8460001945495605,7.8460001945495605,7.839200019836426,7.839200019836426,1020.0
2024-03-01 13:37:00,ABOS,4.699999809265137,4.699999809265137,4.699999809265137,4.699999809265137,4.699999809265137,222.0
2024-03-01 13:37:00,ABSI,5.389999866485596,5.389999866485596,5.428100109100342,5.389999866485596,5.414999961853027,8311.0
2024-03-01 13:37:00,ACAD,24.34000015258789,24.34000015258789,24.350000381469727,24.34000015258789,24.350000381469727,1496.0
2024-03-01 13:37:00,ACB,3.23009991645813,3.23009991645813,3.240000009536743,3.23009991645813,3.240000009536743,1562.0
2024-03-01 13:37:00,ACCD,10.170000076293945,10.170000076293945,10.170000076293945,10.170000076293945,10.170000076293945,743.0
2024-03-01 13:37:00,ACET,2.3949999809265137,2.3949999809265137,2.4049999713897705,2.3949999809265137,2.4049999713897705,10907.0
2024-03-01 13:37:00,ACHC,84.55999755859375,84.55999755859375,84.55999755859375,84.55999755859375,84.55999755859375,131.0
2024-03-01 13:37:00,ACLX,67.30000305175781,67.30000305175781,67.33000183105469,67.13999938964844,67.13999938964844,1803.0
2024-03-01 13:37:00,ACRS,1.2300000190734863,1.2300000190734863,1.2400000095367432,1.2300000190734863,1.2400000095367432,406.0
2024-03-01 13:37:00,ADAP,1.6100000143051147,1.6100000143051147,1.6100000143051147,1.6100000143051147,1.6100000143051147,2527.0
2024-03-01 13:37:00,ADIL,3.2699999809265137,3.2699999809265137,3.299999952316284,3.259999990463257,3.299999952316284,50023.0
2024-03-01 13:37:00,ADMA,5.554999828338623,5.554999828338623,5.559999942779541,5.554999828338623,5.554999828338623,1700.0
2024-03-01 13:37:00,ADPT,4.159999847412109,4.159999847412109,4.164999961853027,4.159999847412109,4.164999961853027,716.0
2024-03-01 13:37:00,ADVM,1.9450000524520874,1.9450000524520874,1.9450000524520874,1.9450000524520874,1.9450000524520874,464.0
2024-03-01 13:37:00,AGEN,0.6829749941825867,0.6829749941825867,0.6830000281333923,0.6829000115394592,0.6829749941825867,6938.0
2024-03-01 13:37:00,AGIO,32.8650016784668,32.8650016784668,32.91999816894531,32.8650016784668,32.91999816894531,823.0
2024-03-01 13:37:00,AHCO,10.5649995803833,10.5649995803833,10.5649995803833,10.5649995803833,10.5649995803833,218.0
2024-03-01 13:37:00,AIMD,0.9399999976158142,0.9399999976158142,0.9399999976158142,0.9399999976158142,0.9399999976158142,167.0
2024-03-01 13:37:00,AKAN,0.210099995136261,0.210099995136261,0.210099995136261,0.210099995136261,0.210099995136261,313.0
2024-03-01 13:37:00,AKBA,1.6799999475479126,1.6799999475479126,1.6899000406265259,1.6799999475479126,1.6899000406265259,27100.0
2024-03-01 13:37:00,AKLI,0.3402009904384613,0.3402009904384613,0.3402009904384613,0.3402009904384613,0.3402009904384613,275.0
2024-03-01 13:37:00,AKRO,30.030000686645508,30.030000686645508,30.079999923706055,30.030000686645508,30.079999923706055,1553.0
2024-03-01 13:37:00,ALEC,7.335000038146973,7.335000038146973,7.335000038146973,7.335000038146973,7.335000038146973,158.0
2024-03-01 13:37:00,ALGN,304.29998779296875,304.29998779296875,304.29998779296875,304.29998779296875,304.29998779296875,1397.0
2024-03-01 13:37:00,ALHC,5.664999961853027,5.664999961853027,5.664999961853027,5.664999961853027,5.664999961853027,317.0
2024-03-01 13:37:00,ALKS,30.239999771118164,30.239999771118164,30.2549991607666,30.239999771118164,30.2549991607666,1974.0
2024-03-01 13:37:00,ALLK,1.659999966621399,1.659999966621399,1.659999966621399,1.659999966621399,1.659999966621399,949.0
2024-03-01 13:37:00,ALLO,5.054999828338623,5.054999828338623,5.054999828338623,5.054999828338623,5.054999828338623,1527.0
2024-03-01 13:37:00,ALNY,153.69000244140625,153.69000244140625,153.69000244140625,153.69000244140625,153.69000244140625,286.0
2024-03-01 13:37:00,ALPN,35.959999084472656,35.959999084472656,35.959999084472656,35.959999084472656,35.959999084472656,133.0
2024-03-01 13:37:00,ALT,12.055000305175781,12.055000305175781,12.0600004196167,12.055000305175781,12.0600004196167,1036.0
2024-03-01 13:37:00,ALXO,15.15999984741211,15.15999984741211,15.15999984741211,15.15999984741211,15.15999984741211,389.0
2024-03-01 13:37:00,AMED,93.30000305175781,93.30000305175781,93.31999969482422,93.30000305175781,93.30000305175781,1458.0
2024-03-01 13:37:00,AMGN,280.7900085449219,280.7900085449219,280.7950134277344,280.7900085449219,280.7950134277344,674.0
2024-03-01 13:37:00,AMPH,45.380001068115234,45.380001068115234,45.70500183105469,45.369998931884766,45.630001068115234,35962.0
2024-03-01 13:37:00,AMRN,1.059999942779541,1.059999942779541,1.059999942779541,1.0499999523162842,1.059999942779541,1100.0
2024-03-01 13:37:00,ANGO,5.510000228881836,5.510000228881836,5.510000228881836,5.510000228881836,5.510000228881836,201.0
2024-03-01 13:37:00,ANIP,65.8949966430664,65.8949966430664,65.8949966430664,65.8949966430664,65.8949966430664,146.0
2024-03-01 13:37:00,APLS,65.19499969482422,65.19499969482422,65.19999694824219,65.18000030517578,65.18000030517578,3301.0
2024-03-01 13:37:00,APLT,7.150000095367432,7.150000095367432,7.179999828338623,7.150000095367432,7.164999961853027,336.0
2024-03-01 13:37:00,APRE,8.819899559020996,8.819899559020996,8.819899559020996,8.819899559020996,8.819899559020996,159.0
2024-03-01 13:37:00,APVO,0.1647540032863617,0.1647540032863617,0.1647540032863617,0.1647540032863617,0.1647540032863617,984.0
2024-03-01 13:37:00,AQST,4.25,4.25,4.259799957275391,4.25,4.25,2119.0
2024-03-01 13:37:00,ARCT,39.720001220703125,39.720001220703125,39.77000045776367,39.720001220703125,39.77000045776367,402.0
2024-03-01 13:37:00,ARDX,9.484999656677246,9.484999656677246,9.5,9.479999542236328,9.484999656677246,9164.0
2024-03-01 13:37:00,ARQT,11.805000305175781,11.805000305175781,11.819999694824219,11.805000305175781,11.819999694824219,208.0
2024-03-01 13:37:00,ARVN,48.959999084472656,48.959999084472656,49.0099983215332,48.93000030517578,48.97999954223633,3338.0
2024-03-01 13:37:00,ARWR,35.81999969482422,35.81999969482422,35.8650016784668,35.810001373291016,35.83000183105469,3109.0
2024-03-01 13:37:00,ASND,151.7899932861328,151.7899932861328,151.7899932861328,151.7899932861328,151.7899932861328,434.0
2024-03-01 13:37:00,ATAI,2.1549999713897705,2.1549999713897705,2.1649999618530273,2.1500000953674316,2.1649999618530273,10231.0
2024-03-01 13:37:00,ATEC,13.460000038146973,13.460000038146973,13.470000267028809,13.460000038146973,13.460000038146973,1215.0
2024-03-01 13:37:00,ATOS,1.0099999904632568,1.0099999904632568,1.0099999904632568,1.0099999904632568,1.0099999904632568,108.0
2024-03-01 13:37:00,ATRA,0.7851999998092651,0.7851999998092651,0.7851999998092651,0.7850000262260437,0.7850000262260437,2800.0
2024-03-01 13:37:00,ATRC,36.00749969482422,36.00749969482422,36.0099983215332,36.0,36.0,1861.0
2024-03-01 13:37:00,ATXI,0.15320000052452087,0.15320000052452087,0.15354999899864197,0.15320000052452087,0.1535000056028366,3262.0
2024-03-01 13:37:00,AVDL,13.246700286865234,13.246700286865234,13.270000457763672,13.246700286865234,13.249899864196777,20706.0
2024-03-01 13:37:00,AVRO,1.3550000190734863,1.3550000190734863,1.3550000190734863,1.3550000190734863,1.3550000190734863,735.0
2024-03-01 13:37:00,AXNX,67.83999633789062,67.83999633789062,67.8499984741211,67.83999633789062,67.8499984741211,1045.0
2024-03-01 13:37:00,AXSM,82.30000305175781,82.30000305175781,82.36000061035156,82.30000305175781,82.30000305175781,730.0
2024-03-01 13:37:00,AZN,64.67500305175781,64.67500305175781,64.68000030517578,64.66999816894531,64.68000030517578,2893.0
2024-03-01 13:37:00,AZTA,66.80999755859375,66.80999755859375,66.80999755859375,66.70999908447266,66.72000122070312,2094.0
2024-03-01 13:37:00,BBLG,2.4700000286102295,2.4700000286102295,2.4700000286102295,2.440000057220459,2.440000057220459,665.0
2024-03-01 13:37:00,BCAB,2.694999933242798,2.694999933242798,2.694999933242798,2.694999933242798,2.694999933242798,101.0
2024-03-01 13:37:00,BCLI,0.3449999988079071,0.3449999988079071,0.3454029858112335,0.3449999988079071,0.3452000021934509,1932.0
2024-03-01 13:37:00,BCRX,5.710000038146973,5.710000038146973,5.719900131225586,5.699999809265137,5.715000152587891,3795.0
2024-03-01 13:37:00,BDTX,4.989999771118164,4.989999771118164,5.0,4.989999771118164,5.0,1528.0
2024-03-01 13:37:00,BEAM,40.650001525878906,40.650001525878906,40.660099029541016,40.619998931884766,40.660099029541016,4960.0
2024-03-01 13:37:00,BIIB,221.11000061035156,221.11000061035156,221.11000061035156,220.9600067138672,221.0399932861328,681.0
2024-03-01 13:37:00,BIOL,0.14169999957084656,0.14169999957084656,0.14169999957084656,0.14159999787807465,0.1416500061750412,14778.0
2024-03-01 13:37:00,BIOR,1.1200000047683716,1.1200000047683716,1.1399999856948853,1.1200000047683716,1.1399999856948853,2113.0
2024-03-01 13:37:00,BIVI,2.05649995803833,2.05649995803833,2.069999933242798,2.049999952316284,2.059999942779541,55870.0
2024-03-01 13:37:00,BLUE,1.6050000190734863,1.6050000190734863,1.6074999570846558,1.5950000286102295,1.5950000286102295,100691.0
2024-03-01 13:37:00,BMEA,18.165000915527344,18.165000915527344,18.165000915527344,18.165000915527344,18.165000915527344,397.0
2024-03-01 13:37:00,BMRN,87.87999725341797,87.87999725341797,87.97000122070312,87.8550033569336,87.90499877929688,4306.0
2024-03-01 13:37:00,BNGO,1.2599999904632568,1.2599999904632568,1.2599999904632568,1.2599999904632568,1.2599999904632568,227.0
2024-03-01 13:37:00,BNR,0.8394500017166138,0.8394500017166138,0.8394500017166138,0.8394500017166138,0.8394500017166138,100.0
2024-03-01 13:37:00,BNTX,91.30999755859375,91.30999755859375,91.30999755859375,91.26000213623047,91.26000213623047,666.0
2024-03-01 13:37:00,BPMC,96.95999908447266,96.95999908447266,96.95999908447266,96.95999908447266,96.95999908447266,317.0
2024-03-01 13:37:00,BRKR,88.2699966430664,88.2699966430664,88.29000091552734,88.2699966430664,88.29000091552734,906.0
2024-03-01 13:37:00,BSGM,0.6754999756813049,0.6754999756813049,0.6754999756813049,0.6754999756813049,0.6754999756813049,220.0
2024-03-01 13:37:00,BTAI,3.1910998821258545,3.1910998821258545,3.20989990234375,3.190000057220459,3.20989990234375,4009.0
2024-03-01 13:37:00,BWAY,6.550000190734863,6.550000190734863,6.550000190734863,6.550000190734863,6.550000190734863,101.0
2024-03-01 13:37:00,CABA,24.270099639892578,24.270099639892578,24.270099639892578,24.270099639892578,24.270099639892578,189.0
2024-03-01 13:37:00,CARA,0.9300000071525574,0.9300000071525574,0.9300000071525574,0.9300000071525574,0.9300000071525574,600.0
2024-03-01 13:37:00,CBAY,32.22999954223633,32.22999954223633,32.236000061035156,32.22999954223633,32.23249816894531,25915.0
2024-03-01 13:37:00,CCCC,11.015999794006348,11.015999794006348,11.01990032196045,11.015999794006348,11.01990032196045,809.0
2024-03-01 13:37:00,CCRN,18.200000762939453,18.200000762939453,18.200000762939453,18.18000030517578,18.18000030517578,207.0
2024-03-01 13:37:00,CDMO,8.100000381469727,8.100000381469727,8.100000381469727,8.09000015258789,8.100000381469727,1145.0
2024-03-01 13:37:00,CDNA,12.420000076293945,12.420000076293945,12.420000076293945,12.390000343322754,12.390000343322754,2793.0
2024-03-01 13:37:00,CDXS,4.550000190734863,4.550000190734863,4.559999942779541,4.550000190734863,4.554999828338623,6022.0
2024-03-01 13:37:00,CELU,3.5850000381469727,3.5850000381469727,3.5850000381469727,3.5850000381469727,3.5850000381469727,1023.0
2024-03-01 13:37:00,CERE,41.099998474121094,41.099998474121094,41.11000061035156,41.099998474121094,41.10499954223633,1239.0
2024-03-01 13:37:00,CERS,2.2100000381469727,2.2100000381469727,2.2100000381469727,2.2100000381469727,2.2100000381469727,471.0
2024-03-01 13:37:00,CERT,17.969999313354492,17.969999313354492,17.969999313354492,17.969999313354492,17.969999313354492,565.0
2024-03-01 13:37:00,CGC,3.244999885559082,3.244999885559082,3.2499001026153564,3.244999885559082,3.244999885559082,628.0
2024-03-01 13:37:00,CHRS,2.434999942779541,2.434999942779541,2.440000057220459,2.430000066757202,2.430000066757202,14308.0
2024-03-01 13:37:00,CKPT,2.2100000381469727,2.2100000381469727,2.2100000381469727,2.2100000381469727,2.2100000381469727,101.0
2024-03-01 13:37:00,CLDX,52.599998474121094,52.599998474121094,52.599998474121094,52.599998474121094,52.599998474121094,500.0
2024-03-01 13:37:00,CLNN,0.39489999413490295,0.39489999413490295,0.39500001072883606,0.39489999413490295,0.39500001072883606,538.0
2024-03-01 13:37:00,CLOV,0.8712999820709229,0.8712999820709229,0.8726999759674072,0.8712999820709229,0.8726000189781189,78648.0
2024-03-01 13:37:00,CLRB,4.114999771118164,4.114999771118164,4.119999885559082,4.110000133514404,4.110000133514404,2098.0
2024-03-01 13:37:00,CMPS,11.369999885559082,11.369999885559082,11.369999885559082,11.319999694824219,11.369999885559082,5548.0
2024-03-01 13:37:00,CMRX,1.190000057220459,1.190000057220459,1.190000057220459,1.190000057220459,1.190000057220459,2000.0
2024-03-01 13:37:00,CNSP,0.32679998874664307,0.32679998874664307,0.32679998874664307,0.32679998874664307,0.32679998874664307,100.0
2024-03-01 13:37:00,CNTA,10.90999984741211,10.90999984741211,10.90999984741211,10.90999984741211,10.90999984741211,220.0
2024-03-01 13:37:00,COGT,7.199999809265137,7.199999809265137,7.199999809265137,7.199999809265137,7.199999809265137,151.0
2024-03-01 13:37:00,CORT,24.3799991607666,24.3799991607666,24.3799991607666,24.3799991607666,24.3799991607666,100.0
2024-03-01 13:37:00,CPSI,9.5,9.5,9.5,9.5,9.5,555.0
2024-03-01 13:37:00,CRBP,32.899898529052734,32.899898529052734,32.899898529052734,32.75469970703125,32.75469970703125,573.0
2024-03-01 13:37:00,CRBU,7.954999923706055,7.954999923706055,7.954999923706055,7.940000057220459,7.949999809265137,1772.0
2024-03-01 13:37:00,CRDF,2.4800000190734863,2.4800000190734863,2.4990999698638916,2.4702000617980957,2.4990999698638916,20538.0
2024-03-01 13:37:00,CRNX,46.790000915527344,46.790000915527344,46.81999969482422,46.720001220703125,46.81999969482422,1297.0
2024-03-01 13:37:00,CRON,2.049999952316284,2.049999952316284,2.059999942779541,2.049999952316284,2.059999942779541,13010.0
2024-03-01 13:37:00,CRSP,86.03559875488281,86.03559875488281,86.12999725341797,86.0,86.12000274658203,1715.0
2024-03-01 13:37:00,CSBR,5.550099849700928,5.550099849700928,5.599999904632568,5.550099849700928,5.599999904632568,651.0
2024-03-01 13:37:00,CTKB,8.880000114440918,8.880000114440918,8.880000114440918,8.880000114440918,8.880000114440918,110.0
2024-03-01 13:37:00,CTMX,2.630000114440918,2.630000114440918,2.630000114440918,2.619999885559082,2.619999885559082,8104.0
2024-03-01 13:37:00,CTXR,0.7700999975204468,0.7700999975204468,0.7735000252723694,0.7700999975204468,0.7700999975204468,2578.0
2024-03-01 13:37:00,CUTR,2.380000114440918,2.380000114440918,2.390000104904175,2.380000114440918,2.390000104904175,9270.0
2024-03-01 13:37:00,CVAC,3.4999001026153564,3.4999001026153564,3.4999001026153564,3.494999885559082,3.494999885559082,304.0
2024-03-01 13:37:00,CYCC,2.789900064468384,2.789900064468384,2.789900064468384,2.7890000343322754,2.7890000343322754,5961.0
2024-03-01 13:37:00,CYTK,72.7699966430664,72.7699966430664,72.8499984741211,72.75,72.8499984741211,3841.0
2024-03-01 13:37:00,DARE,0.5669999718666077,0.5669999718666077,0.574999988079071,0.5669999718666077,0.574999988079071,10202.0
2024-03-01 13:37:00,DAWN,17.530000686645508,17.530000686645508,17.530000686645508,17.510000228881836,17.510000228881836,1737.0
2024-03-01 13:37:00,DCGO,4.224999904632568,4.224999904632568,4.230000019073486,4.20989990234375,4.20989990234375,11218.0
2024-03-01 13:37:00,DCPH,17.530000686645508,17.530000686645508,17.530000686645508,17.530000686645508,17.530000686645508,135.0
2024-03-01 13:37:00,DH,8.869999885559082,8.869999885559082,8.869999885559082,8.84000015258789,8.84000015258789,401.0
2024-03-01 13:37:00,DMTK,0.8598999977111816,0.8598999977111816,0.8598999977111816,0.8500999808311462,0.8597999811172485,3972.0
2024-03-01 13:37:00,DNLI,21.110000610351562,21.110000610351562,21.118000030517578,21.110000610351562,21.110000610351562,1244.0
2024-03-01 13:37:00,DRRX,1.0,1.0,1.0,0.9900000095367432,0.9951000213623047,8413.0
2024-03-01 13:37:00,DVAX,12.885000228881836,12.885000228881836,12.885000228881836,12.875,12.885000228881836,5561.0
2024-03-01 13:37:00,DXCM,121.55000305175781,121.55000305175781,121.55000305175781,121.50499725341797,121.52999877929688,6476.0
2024-03-01 13:37:00,DYAI,1.350000023841858,1.350000023841858,1.350000023841858,1.350000023841858,1.350000023841858,100.0
2024-03-01 13:37:00,EDIT,10.914999961853027,10.914999961853027,10.930000305175781,10.914999961853027,10.930000305175781,5747.0
2024-03-01 13:37:00,EGRX,6.744999885559082,6.744999885559082,6.75,6.744999885559082,6.75,413.0
2024-03-01 13:37:00,ELEV,5.079999923706055,5.079999923706055,5.079999923706055,5.050000190734863,5.054999828338623,3425.0
2024-03-01 13:37:00,ENSG,122.41000366210938,122.41000366210938,122.43000030517578,122.41000366210938,122.43000030517578,1053.0
2024-03-01 13:37:00,ENVB,1.4699000120162964,1.4699000120162964,1.4700000286102295,1.4600000381469727,1.468500018119812,6847.0
2024-03-01 13:37:00,EQ,2.4800000190734863,2.4800000190734863,2.490000009536743,2.4700000286102295,2.490000009536743,415.0
2024-03-01 13:37:00,ERAS,2.484999895095825,2.484999895095825,2.490000009536743,2.4600000381469727,2.490000009536743,56047.0
2024-03-01 13:37:00,ESPR,2.5250000953674316,2.5250000953674316,2.5299999713897705,2.5250000953674316,2.5299999713897705,998.0
2024-03-01 13:37:00,ETNB,13.239999771118164,13.239999771118164,13.270000457763672,13.239999771118164,13.270000457763672,3070.0
2024-03-01 13:37:00,ETON,4.498000144958496,4.498000144958496,4.510000228881836,4.480000019073486,4.510000228881836,4192.0
2024-03-01 13:37:00,EWTX,17.0049991607666,17.0049991607666,17.010000228881836,17.0,17.0,9407.0
2024-03-01 13:37:00,EXAI,6.760000228881836,6.760000228881836,6.760000228881836,6.760000228881836,6.760000228881836,197.0
2024-03-01 13:37:00,EXAS,59.97679901123047,59.97679901123047,60.0099983215332,59.96500015258789,60.0099983215332,2559.0
2024-03-01 13:37:00,EXEL,22.46500015258789,22.46500015258789,22.479999542236328,22.459999084472656,22.475000381469727,8232.0
2024-03-01 13:37:00,EYEN,2.369999885559082,2.369999885559082,2.4000000953674316,2.3499999046325684,2.3989999294281006,26741.0
2024-03-01 13:37:00,EYPT,28.09000015258789,28.09000015258789,28.09000015258789,28.079999923706055,28.079999923706055,295.0
2024-03-01 13:37:00,FATE,7.739999771118164,7.739999771118164,7.75,7.739999771118164,7.75,2158.0
2024-03-01 13:37:00,FBIO,2.3550000190734863,2.3550000190734863,2.359999895095825,2.3550000190734863,2.359999895095825,4172.0
2024-03-01 13:37:00,FDMT,29.360000610351562,29.360000610351562,29.3799991607666,29.34000015258789,29.3799991607666,922.0
2024-03-01 13:37:00,FGEN,1.8700000047683716,1.8700000047683716,1.8700000047683716,1.8700000047683716,1.8700000047683716,1849.0
2024-03-01 13:37:00,FLGT,23.280000686645508,23.280000686645508,23.280000686645508,23.25,23.25,3281.0
2024-03-01 13:37:00,FOLD,13.385000228881836,13.385000228881836,13.395000457763672,13.385000228881836,13.395000457763672,1885.0
2024-03-01 13:37:00,FONR,22.350000381469727,22.350000381469727,22.350000381469727,22.350000381469727,22.350000381469727,113.0
2024-03-01 13:37:00,FULC,11.149999618530273,11.149999618530273,11.149999618530273,11.140999794006348,11.140999794006348,450.0
2024-03-01 13:37:00,FUSN,12.430000305175781,12.430000305175781,12.430000305175781,12.420000076293945,12.420000076293945,1102.0
2024-03-01 13:37:00,GALT,1.965000033378601,1.965000033378601,1.965000033378601,1.965000033378601,1.965000033378601,222.0
2024-03-01 13:37:00,GBIO,2.630000114440918,2.630000114440918,2.630000114440918,2.630000114440918,2.630000114440918,124.0
2024-03-01 13:37:00,GCTK,0.3050000071525574,0.3050000071525574,0.3050000071525574,0.3050000071525574,0.3050000071525574,100.0
2024-03-01 13:37:00,GDRX,8.359999656677246,8.359999656677246,8.380000114440918,8.335000038146973,8.335000038146973,12168.0
2024-03-01 13:37:00,GERN,2.255000114440918,2.255000114440918,2.259999990463257,2.2520999908447266,2.255000114440918,4228.0
2024-03-01 13:37:00,GH,19.108999252319336,19.108999252319336,19.1299991607666,19.108999252319336,19.1299991607666,2095.0
2024-03-01 13:37:00,GILD,72.29499816894531,72.29499816894531,72.30000305175781,72.29010009765625,72.30000305175781,2887.0
2024-03-01 13:37:00,GLPG,35.029998779296875,35.029998779296875,35.029998779296875,35.029998779296875,35.029998779296875,111.0
2024-03-01 13:37:00,GLTO,0.7251999974250793,0.7251999974250793,0.7251999974250793,0.7251999974250793,0.7251999974250793,114.0
2024-03-01 13:37:00,GMAB,29.350000381469727,29.350000381469727,29.350000381469727,29.334999084472656,29.334999084472656,1730.0
2024-03-01 13:37:00,GOSS,1.3949999809265137,1.3949999809265137,1.3949999809265137,1.3899999856948853,1.3949999809265137,1817.0
2024-03-01 13:37:00,GRFS,7.09499979019165,7.09499979019165,7.114999771118164,7.080999851226807,7.085000038146973,15441.0
2024-03-01 13:37:00,GRPH,3.4600000381469727,3.4600000381469727,3.4749999046325684,3.4600000381469727,3.4700000286102295,901.0
2024-03-01 13:37:00,GRTS,2.1600000858306885,2.1600000858306885,2.1700000762939453,2.1600000858306885,2.1649999618530273,5667.0
2024-03-01 13:37:00,GTHX,3.8069000244140625,3.8069000244140625,3.8399999141693115,3.799999952316284,3.819999933242798,24165.0
2024-03-01 13:37:00,HALO,41.459999084472656,41.459999084472656,41.459999084472656,41.41999816894531,41.41999816894531,2688.0
2024-03-01 13:37:00,HARP,22.940000534057617,22.940000534057617,22.940000534057617,22.940000534057617,22.940000534057617,214.0
2024-03-01 13:37:00,HCAT,8.114999771118164,8.114999771118164,8.119999885559082,8.109999656677246,8.119999885559082,1933.0
2024-03-01 13:37:00,HCSG,12.612000465393066,12.612000465393066,12.619999885559082,12.612000465393066,12.619999885559082,659.0
2024-03-01 13:37:00,HCTI,2.456700086593628,2.456700086593628,2.456700086593628,2.456700086593628,2.456700086593628,300.0
2024-03-01 13:37:00,HLTH,0.27489998936653137,0.27489998936653137,0.27489998936653137,0.27480000257492065,0.27480000257492065,310.0
2024-03-01 13:37:00,HLVX,19.0,19.0,19.0049991607666,19.0,19.0049991607666,815.0
2024-03-01 13:37:00,HOLX,74.04000091552734,74.04000091552734,74.04000091552734,74.04000091552734,74.04000091552734,422.0
2024-03-01 13:37:00,HOWL,7.079999923706055,7.079999923706055,7.079999923706055,7.079899787902832,7.079899787902832,2476.0
2024-03-01 13:37:00,HQY,81.55000305175781,81.55000305175781,81.55999755859375,81.55000305175781,81.55999755859375,909.0
2024-03-01 13:37:00,HRMY,31.684999465942383,31.684999465942383,31.684999465942383,31.684999465942383,31.684999465942383,352.0
2024-03-01 13:37:00,HRTX,2.5899999141693115,2.5899999141693115,2.5999999046325684,2.5899999141693115,2.5899999141693115,600.0
2024-03-01 13:37:00,HSIC,76.80000305175781,76.80000305175781,76.80000305175781,76.77999877929688,76.80000305175781,729.0
2024-03-01 13:37:00,HUMA,3.3424999713897705,3.3424999713897705,3.3424999713897705,3.3424999713897705,3.3424999713897705,116.0
2024-03-01 13:37:00,IART,36.5,36.5,36.5,36.46500015258789,36.47999954223633,2791.0
2024-03-01 13:37:00,IBRX,4.84499979019165,4.84499979019165,4.84499979019165,4.835000038146973,4.835000038146973,1640.0
2024-03-01 13:37:00,ICLR,322.0,322.0,322.0,322.0,322.0,275.0
2024-03-01 13:37:00,ICUI,105.87000274658203,105.87000274658203,105.87000274658203,105.87000274658203,105.87000274658203,201.0
2024-03-01 13:37:00,IDXX,580.3699951171875,580.3699951171875,580.6500244140625,580.2249755859375,580.6500244140625,629.0
2024-03-01 13:37:00,IDYA,46.779998779296875,46.779998779296875,46.79999923706055,46.77000045776367,46.79999923706055,1015.0
2024-03-01 13:37:00,IKNA,1.4700000286102295,1.4700000286102295,1.4700000286102295,1.4700000286102295,1.4700000286102295,200.0
2024-03-01 13:37:00,ILMN,142.18499755859375,142.18499755859375,142.18499755859375,142.18499755859375,142.18499755859375,498.0
2024-03-01 13:37:00,IMAB,1.815000057220459,1.815000057220459,1.8200000524520874,1.815000057220459,1.8199000358581543,1557.0
2024-03-01 13:37:00,IMCR,67.93000030517578,67.93000030517578,67.98999786376953,67.93000030517578,67.98999786376953,756.0
2024-03-01 13:37:00,IMTX,12.913299560546875,12.913299560546875,12.913299560546875,12.913299560546875,12.913299560546875,495.0
2024-03-01 13:37:00,IMUX,1.475000023841858,1.475000023841858,1.475000023841858,1.475000023841858,1.475000023841858,315.0
2024-03-01 13:37:00,IMVT,35.970001220703125,35.970001220703125,35.9900016784668,35.970001220703125,35.9900016784668,941.0
2024-03-01 13:37:00,INBX,36.529998779296875,36.529998779296875,36.529998779296875,36.529998779296875,36.529998779296875,884.0
2024-03-01 13:37:00,INCY,59.36000061035156,59.36000061035156,59.375,59.36000061035156,59.36000061035156,682.0
2024-03-01 13:37:00,INGN,6.784999847412109,6.784999847412109,6.784999847412109,6.784999847412109,6.784999847412109,271.0
2024-03-01 13:37:00,INO,9.539999961853027,9.539999961853027,9.539999961853027,9.539999961853027,9.539999961853027,1228.0
2024-03-01 13:37:00,INSM,28.40999984741211,28.40999984741211,28.43000030517578,28.40999984741211,28.43000030517578,878.0
2024-03-01 13:37:00,INVA,15.645000457763672,15.645000457763672,15.654999732971191,15.645000457763672,15.649999618530273,2551.0
2024-03-01 13:37:00,IONS,45.970001220703125,45.970001220703125,45.9900016784668,45.959999084472656,45.98500061035156,3752.0
2024-03-01 13:37:00,IOVA,17.110000610351562,17.110000610351562,17.184999465942383,17.110000610351562,17.184999465942383,39260.0
2024-03-01 13:37:00,IRMD,41.85499954223633,41.85499954223633,41.85499954223633,41.85499954223633,41.85499954223633,201.0
2024-03-01 13:37:00,IRTC,121.63999938964844,121.63999938964844,121.63999938964844,121.63999938964844,121.63999938964844,166.0
2024-03-01 13:37:00,IRWD,9.020000457763672,9.020000457763672,9.039999961853027,9.020000457763672,9.029999732971191,21332.0
2024-03-01 13:37:00,ISRG,395.94000244140625,395.94000244140625,395.94000244140625,395.8399963378906,395.9100036621094,1377.0
2024-03-01 13:37:00,ITCI,71.80999755859375,71.80999755859375,71.80999755859375,71.76000213623047,71.76000213623047,502.0
2024-03-01 13:37:00,ITOS,11.180000305175781,11.180000305175781,11.260000228881836,11.180000305175781,11.21500015258789,5711.0
2024-03-01 13:37:00,IVA,3.899899959564209,3.899899959564209,3.899899959564209,3.8949999809265137,3.8949999809265137,1016.0
2024-03-01 13:37:00,IVVD,4.0,4.0,4.0,4.0,4.0,964.0
2024-03-01 13:37:00,JAGX,0.07199999690055847,0.07199999690055847,0.07259999960660934,0.07199999690055847,0.0723000019788742,125061.0
2024-03-01 13:37:00,JANX,46.564998626708984,46.564998626708984,46.564998626708984,46.564998626708984,46.564998626708984,401.0
2024-03-01 13:37:00,KALV,14.220000267028809,14.220000267028809,14.220000267028809,14.220000267028809,14.220000267028809,222.0
2024-03-01 13:37:00,KIDS,27.520000457763672,27.520000457763672,27.520000457763672,27.520000457763672,27.520000457763672,194.0
2024-03-01 13:37:00,KNTE,2.6050000190734863,2.6050000190734863,2.6050000190734863,2.6050000190734863,2.6050000190734863,139.0
2024-03-01 13:37:00,KOD,6.085000038146973,6.085000038146973,6.090000152587891,6.085000038146973,6.090000152587891,625.0
2024-03-01 13:37:00,KPRX,0.6450510025024414,0.6450510025024414,0.6450510025024414,0.6450510025024414,0.6450510025024414,200.0
2024-03-01 13:37:00,KPTI,1.1950000524520874,1.1950000524520874,1.2000000476837158,1.1900999546051025,1.1900999546051025,3100.0
2024-03-01 13:37:00,KRON,1.024999976158142,1.024999976158142,1.0299999713897705,1.024999976158142,1.0299999713897705,5611.0
2024-03-01 13:37:00,KROS,70.06999969482422,70.06999969482422,70.21499633789062,69.98999786376953,70.0999984741211,1232.0
2024-03-01 13:37:00,KRYS,169.31500244140625,169.31500244140625,169.31500244140625,169.31500244140625,169.31500244140625,120.0
2024-03-01 13:37:00,KURA,21.674999237060547,21.674999237060547,21.674999237060547,21.674999237060547,21.674999237060547,582.0
2024-03-01 13:37:00,KYMR,44.23500061035156,44.23500061035156,44.23500061035156,44.209999084472656,44.220001220703125,2108.0
2024-03-01 13:37:00,KZR,1.0800000429153442,1.0800000429153442,1.0800000429153442,1.0800000429153442,1.0800000429153442,100.0
2024-03-01 13:37:00,LAB,2.4800000190734863,2.4800000190734863,2.484999895095825,2.4800000190734863,2.4800000190734863,1114.0
2024-03-01 13:37:00,LBPH,21.959999084472656,21.959999084472656,21.959999084472656,21.959999084472656,21.959999084472656,522.0
2024-03-01 13:37:00,LFMD,8.0,8.0,8.0,8.0,8.0,209.0
2024-03-01 13:37:00,LFST,7.775000095367432,7.775000095367432,7.78000020980835,7.775000095367432,7.78000020980835,1769.0
2024-03-01 13:37:00,LIAN,4.864999771118164,4.864999771118164,4.864999771118164,4.864999771118164,4.864999771118164,261.0
2024-03-01 13:37:00,LIFE,1.9500000476837158,1.9500000476837158,1.9500000476837158,1.9450000524520874,1.9500000476837158,1809.0
2024-03-01 13:37:00,LIVN,55.84000015258789,55.84000015258789,55.84000015258789,55.84000015258789,55.84000015258789,662.0
2024-03-01 13:37:00,LMAT,68.02999877929688,68.02999877929688,68.02999877929688,68.02999877929688,68.02999877929688,120.0
2024-03-01 13:37:00,LNSR,4.800000190734863,4.800000190734863,4.800000190734863,4.800000190734863,4.800000190734863,501.0
2024-03-01 13:37:00,LNTH,65.25,65.25,65.25,65.25,65.25,453.0
2024-03-01 13:37:00,LQDA,14.699999809265137,14.699999809265137,14.699999809265137,14.6899995803833,14.6899995803833,952.0
2024-03-01 13:37:00,LRMR,11.5,11.5,11.5,11.5,11.5,1494.0
2024-03-01 13:37:00,LUCY,0.38609999418258667,0.38609999418258667,0.38609999418258667,0.38600000739097595,0.3860499858856201,953.0
2024-03-01 13:37:00,LVTX,2.940000057220459,2.940000057220459,2.940000057220459,2.9100000858306885,2.9100000858306885,1267.0
2024-03-01 13:37:00,LXRX,2.5397000312805176,2.5397000312805176,2.5397000312805176,2.5350000858306885,2.5350000858306885,948.0
2024-03-01 13:37:00,LYEL,3.2049999237060547,3.2049999237060547,3.2049999237060547,3.2049999237060547,3.2049999237060547,236.0
2024-03-01 13:37:00,LYRA,5.699999809265137,5.699999809265137,5.710000038146973,5.679999828338623,5.679999828338623,1694.0
2024-03-01 13:37:00,MASI,128.75379943847656,128.75379943847656,128.83999633789062,128.75379943847656,128.76499938964844,846.0
2024-03-01 13:37:00,MCRB,1.2000000476837158,1.2000000476837158,1.2099000215530396,1.2000000476837158,1.2099000215530396,1713.0
2024-03-01 13:37:00,MDGL,251.83999633789062,251.83999633789062,251.83999633789062,251.80999755859375,251.83999633789062,538.0
2024-03-01 13:37:00,MDRX,5.989999771118164,5.989999771118164,5.989999771118164,5.989999771118164,5.989999771118164,1491.0
2024-03-01 13:37:00,MDXG,8.6850004196167,8.6850004196167,8.6899995803833,8.6850004196167,8.6899995803833,336.0
2024-03-01 13:37:00,ME,0.5715000033378601,0.5715000033378601,0.5716000199317932,0.5715000033378601,0.5716000199317932,10578.0
2024-03-01 13:37:00,MEDP,401.44000244140625,401.44000244140625,401.44000244140625,401.44000244140625,401.44000244140625,316.0
2024-03-01 13:37:00,MGNX,19.09000015258789,19.09000015258789,19.110000610351562,19.09000015258789,19.107999801635742,1171.0
2024-03-01 13:37:00,MIRM,29.790000915527344,29.790000915527344,29.809999465942383,29.790000915527344,29.809999465942383,449.0
2024-03-01 13:37:00,MLTX,51.43000030517578,51.43000030517578,51.43000030517578,51.43000030517578,51.43000030517578,319.0
2024-03-01 13:37:00,MMSI,76.2699966430664,76.2699966430664,76.33000183105469,76.2699966430664,76.33000183105469,1135.0
2024-03-01 13:37:00,MNKD,4.554999828338623,4.554999828338623,4.560100078582764,4.554999828338623,4.560100078582764,14596.0
2024-03-01 13:37:00,MNMD,6.166800022125244,6.166800022125244,6.166800022125244,6.159999847412109,6.159999847412109,1643.0
2024-03-01 13:37:00,MODD,1.8799999952316284,1.8799999952316284,1.8799999952316284,1.8799999952316284,1.8799999952316284,2000.0
2024-03-01 13:37:00,MOR,17.559999465942383,17.559999465942383,17.559999465942383,17.559999465942383,17.559999465942383,366.0
2024-03-01 13:37:00,MORF,39.529998779296875,39.529998779296875,39.560001373291016,39.5,39.560001373291016,786.0
2024-03-01 13:37:00,MREO,3.9800000190734863,3.9800000190734863,3.989799976348877,3.9800000190734863,3.989799976348877,3125.0
2024-03-01 13:37:00,MRNA,95.93499755859375,95.93499755859375,95.93499755859375,95.93000030517578,95.93000030517578,645.0
2024-03-01 13:37:00,MRNS,10.4399995803833,10.4399995803833,10.4399995803833,10.425000190734863,10.425000190734863,6204.0
2024-03-01 13:37:00,MRSN,5.980000019073486,5.980000019073486,5.994999885559082,5.980000019073486,5.994999885559082,4746.0
2024-03-01 13:37:00,MRUS,51.5,51.5,51.5099983215332,51.5,51.5099983215332,454.0
2024-03-01 13:37:00,MRVI,7.700099945068359,7.700099945068359,7.710000038146973,7.695000171661377,7.699999809265137,4364.0
2024-03-01 13:37:00,MXCT,4.769999980926514,4.769999980926514,4.775000095367432,4.769999980926514,4.775000095367432,2997.0
2024-03-01 13:37:00,MYGN,21.93000030517578,21.93000030517578,21.93000030517578,21.889999389648438,21.899999618530273,1986.0
2024-03-01 13:37:00,NAOV,0.9900000095367432,0.9900000095367432,0.9900000095367432,0.9890000224113464,0.9900000095367432,4914.0
2024-03-01 13:37:00,NARI,45.63999938964844,45.63999938964844,45.63999938964844,45.5,45.5,3893.0
2024-03-01 13:37:00,NAUT,2.609999895095825,2.609999895095825,2.609999895095825,2.609999895095825,2.609999895095825,10020.0
2024-03-01 13:37:00,NBIX,131.8699951171875,131.8699951171875,131.9199981689453,131.8699951171875,131.91000366210938,577.0
2024-03-01 13:37:00,NEO,16.049999237060547,16.049999237060547,16.059999465942383,16.049999237060547,16.059999465942383,710.0
2024-03-01 13:37:00,NEOG,17.364999771118164,17.364999771118164,17.3700008392334,17.364999771118164,17.3700008392334,1278.0
2024-03-01 13:37:00,NKTR,0.7777000069618225,0.7777000069618225,0.7799999713897705,0.7777000069618225,0.7792999744415283,7626.0
2024-03-01 13:37:00,NKTX,12.880000114440918,12.880000114440918,12.890000343322754,12.880000114440918,12.890000343322754,608.0
2024-03-01 13:37:00,NNOX,10.988800048828125,10.988800048828125,11.010000228881836,10.988800048828125,10.991700172424316,3488.0
2024-03-01 13:37:00,NPCE,16.625,16.625,16.625,16.625,16.625,206.0
2024-03-01 13:37:00,NRIX,13.729999542236328,13.729999542236328,13.770000457763672,13.729999542236328,13.770000457763672,3896.0
2024-03-01 13:37:00,NRSN,1.9915000200271606,1.9915000200271606,2.0,1.9915000200271606,2.0,2490.0
2024-03-01 13:37:00,NTLA,33.52069854736328,33.52069854736328,33.54999923706055,33.52069854736328,33.54999923706055,2791.0
2024-03-01 13:37:00,NTRA,89.61499786376953,89.61499786376953,89.6500015258789,89.61499786376953,89.6500015258789,1448.0
2024-03-01 13:37:00,NUVL,88.62999725341797,88.62999725341797,88.62999725341797,88.62999725341797,88.62999725341797,102.0
2024-03-01 13:37:00,NUWE,0.5777000188827515,0.5777000188827515,0.5777000188827515,0.5777000188827515,0.5777000188827515,170.0
2024-03-01 13:37:00,NVAX,5.235000133514404,5.235000133514404,5.238100051879883,5.230100154876709,5.238100051879883,6006.0
2024-03-01 13:37:00,NVCR,16.005399703979492,16.005399703979492,16.010000228881836,16.005399703979492,16.010000228881836,663.0
2024-03-01 13:37:00,OCGN,0.9714000225067139,0.9714000225067139,0.9768999814987183,0.9700999855995178,0.9700999855995178,37034.0
2024-03-01 13:37:00,OCUL,10.83080005645752,10.83080005645752,10.84000015258789,10.824999809265137,10.84000015258789,3275.0
2024-03-01 13:37:00,OGI,2.190000057220459,2.190000057220459,2.200000047683716,2.190000057220459,2.1991000175476074,6642.0
2024-03-01 13:37:00,OLK,22.860000610351562,22.860000610351562,22.864999771118164,22.844999313354492,22.844999313354492,1724.0
2024-03-01 13:37:00,OM,3.1700000762939453,3.1700000762939453,3.1700000762939453,3.1700000762939453,3.1700000762939453,2143.0
2024-03-01 13:37:00,OMCL,26.28499984741211,26.28499984741211,26.28499984741211,26.28499984741211,26.28499984741211,408.0
2024-03-01 13:37:00,OMGA,4.25,4.25,4.260000228881836,4.25,4.255000114440918,1775.0
2024-03-01 13:37:00,OMIC,0.6049000024795532,0.6049000024795532,0.6049000024795532,0.6049000024795532,0.6049000024795532,504.0
2024-03-01 13:38:00,ABCL,5.230000019073486,5.230000019073486,5.235000133514404,5.230000019073486,5.235000133514404,2122.0
2024-03-01 13:38:00,ABEO,7.840000152587891,7.840000152587891,7.840000152587891,7.840000152587891,7.840000152587891,213.0
2024-03-01 13:38:00,ABOS,4.690000057220459,4.690000057220459,4.690000057220459,4.690000057220459,4.690000057220459,127.0
2024-03-01 13:38:00,ABSI,5.409999847412109,5.409999847412109,5.409999847412109,5.389999866485596,5.389999866485596,1975.0
2024-03-01 13:38:00,ABUS,2.7750000953674316,2.7750000953674316,2.7750000953674316,2.7750000953674316,2.7750000953674316,343.0
2024-03-01 13:38:00,ACAD,24.325000762939453,24.325000762939453,24.350000381469727,24.300100326538086,24.34000015258789,3396.0
2024-03-01 13:38:00,ACB,3.2300000190734863,3.2300000190734863,3.2300000190734863,3.2300000190734863,3.2300000190734863,1766.0
2024-03-01 13:38:00,ACET,2.4000000953674316,2.4000000953674316,2.4000000953674316,2.3949999809265137,2.3949999809265137,864.0
2024-03-01 13:38:00,ACHC,84.58000183105469,84.58000183105469,84.62000274658203,84.55999755859375,84.62000274658203,2308.0
2024-03-01 13:38:00,ACHL,1.339900016784668,1.339900016784668,1.340000033378601,1.339900016784668,1.340000033378601,1137.0
2024-03-01 13:38:00,ACIU,3.9200000762939453,3.9200000762939453,3.9200000762939453,3.9200000762939453,3.9200000762939453,101.0
2024-03-01 13:38:00,ACLX,67.37000274658203,67.37000274658203,67.37000274658203,67.37000274658203,67.37000274658203,333.0
2024-03-01 13:38:00,ACRS,1.2400000095367432,1.2400000095367432,1.2400000095367432,1.2301000356674194,1.2400000095367432,2880.0
2024-03-01 13:38:00,ADAP,1.6100000143051147,1.6100000143051147,1.6100000143051147,1.6100000143051147,1.6100000143051147,313.0
2024-03-01 13:38:00,ADIL,3.259999990463257,3.259999990463257,3.289599895477295,3.25,3.259999990463257,15091.0
2024-03-01 13:38:00,ADMA,5.554999828338623,5.554999828338623,5.559999942779541,5.554999828338623,5.554999828338623,3312.0
2024-03-01 13:38:00,ADPT,4.15500020980835,4.15500020980835,4.15500020980835,4.15500020980835,4.15500020980835,352.0
2024-03-01 13:38:00,ADTX,3.444999933242798,3.444999933242798,3.444999933242798,3.444999933242798,3.444999933242798,776.0
2024-03-01 13:38:00,AFMD,0.6499999761581421,0.6499999761581421,0.6499999761581421,0.6424000263214111,0.6424000263214111,32835.0
2024-03-01 13:38:00,AGEN,0.6828500032424927,0.6828500032424927,0.6830000281333923,0.682699978351593,0.6829749941825867,111546.0
2024-03-01 13:38:00,AGIO,32.849998474121094,32.849998474121094,32.849998474121094,32.849998474121094,32.849998474121094,550.0
2024-03-01 13:38:00,AHCO,10.5649995803833,10.5649995803833,10.5649995803833,10.5649995803833,10.5649995803833,806.0
2024-03-01 13:38:00,AIMD,0.96670001745224,0.96670001745224,0.96670001745224,0.96670001745224,0.96670001745224,3015.0
2024-03-01 13:38:00,AIRS,6.5,6.5,6.5,6.5,6.5,121.0
2024-03-01 13:38:00,AKAN,0.20559999346733093,0.20559999346733093,0.2134999930858612,0.20559999346733093,0.2134999930858612,21749.0
2024-03-01 13:38:00,AKBA,1.684999942779541,1.684999942779541,1.684999942779541,1.6799999475479126,1.6799999475479126,446.0
2024-03-01 13:38:00,AKRO,29.9950008392334,29.9950008392334,30.030000686645508,29.969999313354492,30.0,7310.0
2024-03-01 13:38:00,AKYA,6.009099960327148,6.009099960327148,6.009099960327148,6.009099960327148,6.009099960327148,141.0
2024-03-01 13:38:00,ALDX,4.311200141906738,4.311200141906738,4.319799900054932,4.311200141906738,4.311200141906738,2145.0
2024-03-01 13:38:00,ALEC,7.326000213623047,7.326000213623047,7.329999923706055,7.320000171661377,7.329999923706055,1656.0
2024-03-01 13:38:00,ALGN,304.0299987792969,304.0299987792969,304.0299987792969,303.9599914550781,303.989990234375,1262.0
2024-03-01 13:38:00,ALHC,5.659999847412109,5.659999847412109,5.664999961853027,5.650000095367432,5.664999961853027,4247.0
2024-03-01 13:38:00,ALKS,30.229999542236328,30.229999542236328,30.2450008392334,30.229999542236328,30.2450008392334,2798.0
2024-03-01 13:38:00,ALLK,1.6598999500274658,1.6598999500274658,1.659999966621399,1.6598999500274658,1.659999966621399,502.0
2024-03-01 13:38:00,ALNY,153.69000244140625,153.69000244140625,153.80999755859375,153.68499755859375,153.68499755859375,3060.0
2024-03-01 13:38:00,ALPN,35.900001525878906,35.900001525878906,35.970001220703125,35.900001525878906,35.959999084472656,1425.0
2024-03-01 13:38:00,ALT,12.09000015258789,12.09000015258789,12.09000015258789,12.050000190734863,12.050000190734863,7772.0
2024-03-01 13:38:00,ALVO,15.65999984741211,15.65999984741211,15.65999984741211,15.65999984741211,15.65999984741211,117.0
2024-03-01 13:38:00,ALVR,0.7552000284194946,0.7552000284194946,0.7552000284194946,0.7551000118255615,0.7551000118255615,292.0
2024-03-01 13:38:00,AMGN,280.82000732421875,280.82000732421875,280.8450012207031,280.739990234375,280.739990234375,5977.0
2024-03-01 13:38:00,AMLX,18.649999618530273,18.649999618530273,18.649999618530273,18.649999618530273,18.649999618530273,823.0
2024-03-01 13:38:00,AMPH,45.35499954223633,45.35499954223633,45.35499954223633,45.32500076293945,45.32500076293945,1146.0
2024-03-01 13:38:00,AMRN,1.0549999475479126,1.0549999475479126,1.0549999475479126,1.0499999523162842,1.0503000020980835,3532.0
2024-03-01 13:38:00,ANGO,5.514999866485596,5.514999866485596,5.514999866485596,5.514999866485596,5.514999866485596,348.0
2024-03-01 13:38:00,ANIP,65.8949966430664,65.8949966430664,65.8949966430664,65.8949966430664,65.8949966430664,4163.0
2024-03-01 13:38:00,ANNX,6.199999809265137,6.199999809265137,6.219900131225586,6.199999809265137,6.219900131225586,2110.0
2024-03-01 13:38:00,APDN,0.5699999928474426,0.5699999928474426,0.5699999928474426,0.5658000111579895,0.5698999762535095,11425.0
2024-03-01 13:38:00,APLS,65.19499969482422,65.19499969482422,65.19750213623047,65.16999816894531,65.19499969482422,725.0
2024-03-01 13:38:00,APLT,7.150000095367432,7.150000095367432,7.179999828338623,7.139999866485596,7.159999847412109,7139.0
2024-03-01 13:38:00,AQST,4.240099906921387,4.240099906921387,4.240099906921387,4.239999771118164,4.239999771118164,2171.0
2024-03-01 13:38:00,ARAY,2.640000104904175,2.640000104904175,2.6449999809265137,2.640000104904175,2.6449999809265137,208.0
2024-03-01 13:38:00,ARDX,9.484999656677246,9.484999656677246,9.484999656677246,9.484999656677246,9.484999656677246,283.0
2024-03-01 13:38:00,ARQT,11.8100004196167,11.8100004196167,11.8100004196167,11.789999961853027,11.800000190734863,2470.0
2024-03-01 13:38:00,ARWR,35.75,35.75,35.790000915527344,35.7400016784668,35.790000915527344,1130.0
2024-03-01 13:38:00,ASLN,0.7960000038146973,0.7960000038146973,0.7960000038146973,0.7960000038146973,0.7960000038146973,125.0
2024-03-01 13:38:00,ASRT,0.9024999737739563,0.9024999737739563,0.9049999713897705,0.9024999737739563,0.9049999713897705,663.0
2024-03-01 13:38:00,ATAI,2.1500000953674316,2.1500000953674316,2.1500000953674316,2.140000104904175,2.1500000953674316,13117.0
2024-03-01 13:38:00,ATEC,13.444999694824219,13.444999694824219,13.470000267028809,13.444999694824219,13.470000267028809,6535.0
2024-03-01 13:38:00,ATHA,4.005000114440918,4.005000114440918,4.005000114440918,4.005000114440918,4.005000114440918,285.0
2024-03-01 13:38:00,ATRA,0.7850499749183655,0.7850499749183655,0.785099983215332,0.7850000262260437,0.785099983215332,12242.0
2024-03-01 13:38:00,ATRC,36.02000045776367,36.02000045776367,36.02000045776367,36.02000045776367,36.02000045776367,227.0
2024-03-01 13:38:00,ATXS,14.800000190734863,14.800000190734863,14.800000190734863,14.800000190734863,14.800000190734863,198.0
2024-03-01 13:38:00,AUGX,4.519999980926514,4.519999980926514,4.519999980926514,4.514999866485596,4.514999866485596,844.0
2024-03-01 13:38:00,AUTL,6.400000095367432,6.400000095367432,6.400000095367432,6.400000095367432,6.400000095367432,518.0
2024-03-01 13:38:00,AVDL,13.229999542236328,13.229999542236328,13.25,13.229999542236328,13.25,3237.0
2024-03-01 13:38:00,AXNX,67.86940002441406,67.86940002441406,67.87000274658203,67.81999969482422,67.81999969482422,5158.0
2024-03-01 13:38:00,AXSM,82.34500122070312,82.34500122070312,82.34500122070312,82.29000091552734,82.29000091552734,739.0
2024-03-01 13:38:00,AZN,64.68000030517578,64.68000030517578,64.68000030517578,64.67500305175781,64.68000030517578,5491.0
2024-03-01 13:38:00,AZTA,66.76000213623047,66.76000213623047,66.77999877929688,66.76000213623047,66.77999877929688,323.0
2024-03-01 13:38:00,BBIO,36.130001068115234,36.130001068115234,36.13999938964844,36.06999969482422,36.06999969482422,2020.0
2024-03-01 13:38:00,BCEL,0.2676999866962433,0.2676999866962433,0.2676999866962433,0.2651999890804291,0.2651999890804291,3800.0
2024-03-01 13:38:00,BCLI,0.3440000116825104,0.3440000116825104,0.3440000116825104,0.3440000116825104,0.3440000116825104,2035.0
2024-03-01 13:38:00,BCRX,5.7093000411987305,5.7093000411987305,5.7093000411987305,5.7093000411987305,5.7093000411987305,925.0
2024-03-01 13:38:00,BCTX,3.5199999809265137,3.5199999809265137,3.5199999809265137,3.5199999809265137,3.5199999809265137,827.0
2024-03-01 13:38:00,BDTX,4.994999885559082,4.994999885559082,4.994999885559082,4.994999885559082,4.994999885559082,165.0
2024-03-01 13:38:00,BEAM,40.619998931884766,40.619998931884766,40.619998931884766,40.61000061035156,40.619998931884766,1062.0
2024-03-01 13:38:00,BGNE,167.13499450683594,167.13499450683594,167.13499450683594,167.13499450683594,167.13499450683594,539.0
2024-03-01 13:38:00,BIIB,221.0449981689453,221.0449981689453,221.0449981689453,221.0449981689453,221.0449981689453,479.0
2024-03-01 13:38:00,BIOL,0.14249999821186066,0.14249999821186066,0.14249999821186066,0.14249999821186066,0.14249999821186066,2747.0
2024-03-01 13:38:00,BIOR,1.1100000143051147,1.1100000143051147,1.1200000047683716,1.1100000143051147,1.1200000047683716,1661.0
2024-03-01 13:38:00,BIVI,2.1050000190734863,2.1050000190734863,2.118799924850464,2.0399999618530273,2.0580999851226807,212849.0
2024-03-01 13:38:00,BLFS,18.209999084472656,18.209999084472656,18.209999084472656,18.155000686645508,18.155000686645508,1071.0
2024-03-01 13:38:00,BLUE,1.6074999570846558,1.6074999570846558,1.6100000143051147,1.6050000190734863,1.6050000190734863,6370.0
2024-03-01 13:38:00,BMEA,18.18000030517578,18.18000030517578,18.18000030517578,18.139999389648438,18.149999618530273,2852.0
2024-03-01 13:38:00,BMRN,87.875,87.875,87.91999816894531,87.875,87.9000015258789,681.0
2024-03-01 13:38:00,BNGO,1.2599999904632568,1.2599999904632568,1.2599999904632568,1.2599999904632568,1.2599999904632568,302.0
2024-03-01 13:38:00,BNTX,91.3499984741211,91.3499984741211,91.3499984741211,91.31999969482422,91.3499984741211,1209.0
2024-03-01 13:38:00,BRKR,88.31999969482422,88.31999969482422,88.31999969482422,88.31999969482422,88.31999969482422,412.0
2024-03-01 13:38:00,BRTX,1.5099999904632568,1.5099999904632568,1.511299967765808,1.5099999904632568,1.511299967765808,666.0
2024-03-01 13:38:00,BTAI,3.1738998889923096,3.1738998889923096,3.190000057220459,3.1738998889923096,3.190000057220459,2864.0
2024-03-01 13:38:00,BTTX,0.17579999566078186,0.17579999566078186,0.17579999566078186,0.17579999566078186,0.17579999566078186,120.0
2024-03-01 13:38:00,CABA,24.295000076293945,24.295000076293945,24.295000076293945,24.270000457763672,24.270000457763672,2218.0
2024-03-01 13:38:00,CARA,0.9273999929428101,0.9273999929428101,0.9300000071525574,0.9273999929428101,0.9300000071525574,625.0
2024-03-01 13:38:00,CBAY,32.22999954223633,32.22999954223633,32.2400016784668,32.22999954223633,32.22999954223633,4221.0
2024-03-01 13:38:00,CCCC,11.024999618530273,11.024999618530273,11.024999618530273,11.015000343322754,11.015000343322754,15579.0
2024-03-01 13:38:00,CCRN,18.200000762939453,18.200000762939453,18.200000762939453,18.200000762939453,18.200000762939453,1236.0
2024-03-01 13:38:00,CDMO,8.100000381469727,8.100000381469727,8.100000381469727,8.100000381469727,8.100000381469727,620.0
2024-03-01 13:38:00,CDNA,12.430000305175781,12.430000305175781,12.430000305175781,12.420000076293945,12.420000076293945,2695.0
2024-03-01 13:38:00,CDTX,0.7218999862670898,0.7218999862670898,0.7218999862670898,0.7218000292778015,0.7218000292778015,2120.0
2024-03-01 13:38:00,CDXS,4.550000190734863,4.550000190734863,4.559999942779541,4.550000190734863,4.559999942779541,3177.0
2024-03-01 13:38:00,CELC,16.459999084472656,16.459999084472656,16.459999084472656,16.31999969482422,16.399999618530273,4186.0
2024-03-01 13:38:00,CERE,41.10499954223633,41.10499954223633,41.10499954223633,41.099998474121094,41.099998474121094,925.0
2024-03-01 13:38:00,CERS,2.2049999237060547,2.2049999237060547,2.2100000381469727,2.2049999237060547,2.2100000381469727,1015.0
2024-03-01 13:38:00,CERT,18.0,18.0,18.0,17.979999542236328,17.979999542236328,5542.0
2024-03-01 13:38:00,CGC,3.244999885559082,3.244999885559082,3.244999885559082,3.244999885559082,3.244999885559082,438.0
2024-03-01 13:38:00,CHEK,2.1777000427246094,2.1777000427246094,2.1777000427246094,2.1777000427246094,2.1777000427246094,136.0
2024-03-01 13:38:00,CHRS,2.430000066757202,2.430000066757202,2.430000066757202,2.430000066757202,2.430000066757202,10942.0
2024-03-01 13:38:00,CKPT,2.200000047683716,2.200000047683716,2.2100000381469727,2.180000066757202,2.2100000381469727,10428.0
2024-03-01 13:38:00,CLDX,52.959999084472656,52.959999084472656,52.9900016784668,52.665000915527344,52.665000915527344,8823.0
2024-03-01 13:38:00,CLOV,0.8700000047683716,0.8700000047683716,0.871399998664856,0.8700000047683716,0.8712999820709229,76598.0
2024-03-01 13:38:00,CLRB,4.114999771118164,4.114999771118164,4.119999885559082,4.114999771118164,4.114999771118164,798.0
2024-03-01 13:38:00,CMPS,11.380000114440918,11.380000114440918,11.380000114440918,11.369999885559082,11.369999885559082,621.0
2024-03-01 13:38:00,CMRX,1.190000057220459,1.190000057220459,1.190000057220459,1.1700999736785889,1.1799999475479126,3953.0
2024-03-01 13:38:00,COGT,7.199999809265137,7.199999809265137,7.199999809265137,7.199999809265137,7.199999809265137,263.0
2024-03-01 13:38:00,CORT,24.3799991607666,24.3799991607666,24.389999389648438,24.3700008392334,24.3799991607666,2992.0
2024-03-01 13:38:00,CPRX,17.350099563598633,17.350099563598633,17.359899520874023,17.34000015258789,17.34000015258789,2192.0
2024-03-01 13:38:00,CPSI,9.505000114440918,9.505000114440918,9.505000114440918,9.505000114440918,9.505000114440918,100.0
2024-03-01 13:38:00,CRBP,32.720001220703125,32.720001220703125,32.832000732421875,32.65999984741211,32.832000732421875,2639.0
2024-03-01 13:38:00,CRBU,7.949999809265137,7.949999809265137,7.965000152587891,7.949999809265137,7.954999923706055,5243.0
2024-03-01 13:38:00,CRDF,2.4700000286102295,2.4700000286102295,2.4899001121520996,2.4700000286102295,2.4800000190734863,12532.0
2024-03-01 13:38:00,CRNX,46.7411994934082,46.7411994934082,46.77000045776367,46.7411994934082,46.77000045776367,511.0
2024-03-01 13:38:00,CRON,2.049999952316284,2.049999952316284,2.055000066757202,2.049999952316284,2.055000066757202,637.0
2024-03-01 13:38:00,CRSP,86.0199966430664,86.0199966430664,86.02999877929688,86.0199966430664,86.0199966430664,610.0
2024-03-01 13:38:00,CRVS,2.2200000286102295,2.2200000286102295,2.2699999809265137,2.2100000381469727,2.2300000190734863,10740.0
2024-03-01 13:38:00,CSTL,20.170000076293945,20.170000076293945,20.235000610351562,20.170000076293945,20.209999084472656,694.0
2024-03-01 13:38:00,CTKB,8.880000114440918,8.880000114440918,8.890000343322754,8.869999885559082,8.869999885559082,3862.0
2024-03-01 13:38:00,CTMX,2.625,2.625,2.625,2.625,2.625,101.0
2024-03-01 13:38:00,CTXR,0.7700999975204468,0.7700999975204468,0.7700999975204468,0.7700999975204468,0.7700999975204468,302.0
2024-03-01 13:38:00,CUE,2.200000047683716,2.200000047683716,2.200000047683716,2.200000047683716,2.200000047683716,141.0
2024-03-01 13:38:00,CUTR,2.380000114440918,2.380000114440918,2.380000114440918,2.380000114440918,2.380000114440918,100.0
2024-03-01 13:38:00,CVAC,3.494999885559082,3.494999885559082,3.494999885559082,3.490000009536743,3.494999885559082,1204.0
2024-03-01 13:38:00,CVRX,20.799999237060547,20.799999237060547,20.829999923706055,20.799999237060547,20.829999923706055,384.0
2024-03-01 13:38:00,CYTK,72.75,72.75,72.75,72.69999694824219,72.69999694824219,412.0
2024-03-01 13:38:00,DARE,0.574999988079071,0.574999988079071,0.574999988079071,0.574999988079071,0.574999988079071,472.0
2024-03-01 13:38:00,DAWN,17.530000686645508,17.530000686645508,17.530000686645508,17.530000686645508,17.530000686645508,904.0
2024-03-01 13:38:00,DCPH,17.520000457763672,17.520000457763672,17.53499984741211,17.520000457763672,17.520000457763672,1282.0
2024-03-01 13:38:00,DH,8.869999885559082,8.869999885559082,8.869999885559082,8.864999771118164,8.864999771118164,1385.0
2024-03-01 13:38:00,DMTK,0.8550999760627747,0.8550999760627747,0.8597999811172485,0.8501009941101074,0.854951024055481,4466.0
2024-03-01 13:38:00,DNLI,21.09000015258789,21.09000015258789,21.110000610351562,21.079999923706055,21.110000610351562,3187.0
2024-03-01 13:38:00,DTIL,12.545000076293945,12.545000076293945,12.545000076293945,12.5,12.545000076293945,416.0
2024-03-01 13:38:00,DVAX,12.885000228881836,12.885000228881836,12.885000228881836,12.885000228881836,12.885000228881836,533.0
2024-03-01 13:38:00,DXCM,121.51000213623047,121.51000213623047,121.5999984741211,121.4800033569336,121.55999755859375,8069.0
2024-03-01 13:38:00,DYN,29.219999313354492,29.219999313354492,29.219999313354492,29.15999984741211,29.15999984741211,498.0
2024-03-01 13:38:00,EDIT,10.911199569702148,10.911199569702148,10.911199569702148,10.911199569702148,10.911199569702148,297.0
2024-03-01 13:38:00,EFTR,15.20009994506836,15.20009994506836,15.20009994506836,15.20009994506836,15.20009994506836,100.0
2024-03-01 13:38:00,ELEV,5.079999923706055,5.079999923706055,5.090000152587891,5.070000171661377,5.090000152587891,1275.0
2024-03-01 13:38:00,EMBC,14.3100004196167,14.3100004196167,14.319999694824219,14.3100004196167,14.319999694824219,1171.0
2024-03-01 13:38:00,ENTA,15.40999984741211,15.40999984741211,15.40999984741211,15.399999618530273,15.399999618530273,1605.0
2024-03-01 13:38:00,ENVB,1.4700000286102295,1.4700000286102295,1.4700000286102295,1.4600000381469727,1.465000033378601,1998.0
2024-03-01 13:38:00,ERAS,2.484999895095825,2.484999895095825,2.484999895095825,2.4800000190734863,2.4800000190734863,3607.0
2024-03-01 13:38:00,ESPR,2.5250000953674316,2.5250000953674316,2.5250000953674316,2.5199999809265137,2.5199999809265137,1692.0
2024-03-01 13:38:00,ESTA,45.2599983215332,45.2599983215332,45.369998931884766,45.2599983215332,45.369998931884766,654.0
2024-03-01 13:38:00,ETNB,13.255000114440918,13.255000114440918,13.255000114440918,13.229999542236328,13.229999542236328,3742.0
2024-03-01 13:38:00,EVGN,0.9800000190734863,0.9800000190734863,0.9800000190734863,0.9696999788284302,0.9696999788284302,18655.0
2024-03-01 13:38:00,EWTX,17.0049991607666,17.0049991607666,17.010000228881836,17.0049991607666,17.010000228881836,694.0
2024-03-01 13:38:00,EXAS,59.97999954223633,59.97999954223633,60.00630187988281,59.970001220703125,59.970001220703125,1836.0
2024-03-01 13:38:00,EXEL,22.489999771118164,22.489999771118164,22.5,22.459999084472656,22.46500015258789,14775.0
2024-03-01 13:38:00,EYEN,2.384999990463257,2.384999990463257,2.384999990463257,2.384999990463257,2.384999990463257,231.0
2024-03-01 13:38:00,EYPT,28.1200008392334,28.1200008392334,28.1200008392334,28.09000015258789,28.09000015258789,787.0
2024-03-01 13:38:00,FATE,7.744999885559082,7.744999885559082,7.75,7.744999885559082,7.744999885559082,642.0
2024-03-01 13:38:00,FDMT,29.31999969482422,29.31999969482422,29.31999969482422,29.31999969482422,29.31999969482422,174.0
2024-03-01 13:38:00,FGEN,1.875,1.875,1.8799999952316284,1.875,1.875,1322.0
2024-03-01 13:38:00,FHTX,8.140000343322754,8.140000343322754,8.15999984741211,8.140000343322754,8.15999984741211,732.0
2024-03-01 13:38:00,FLGT,23.264999389648438,23.264999389648438,23.264999389648438,23.264999389648438,23.264999389648438,1124.0
2024-03-01 13:38:00,FOLD,13.375,13.375,13.375,13.375,13.375,313.0
2024-03-01 13:38:00,FULC,11.149999618530273,11.149999618530273,11.15999984741211,11.140999794006348,11.149999618530273,1681.0
2024-03-01 13:38:00,FUSN,12.4350004196167,12.4350004196167,12.4350004196167,12.420000076293945,12.420000076293945,695.0
2024-03-01 13:38:00,GCTK,0.3090839982032776,0.3090839982032776,0.3090839982032776,0.3090839982032776,0.3090839982032776,151.0
2024-03-01 13:38:00,GDRX,8.359999656677246,8.359999656677246,8.359999656677246,8.359999656677246,8.359999656677246,100.0
2024-03-01 13:38:00,GENE,2.25,2.25,2.25,2.25,2.25,226.0
2024-03-01 13:38:00,GERN,2.265000104904175,2.265000104904175,2.2699999809265137,2.255000114440918,2.255000114440918,92930.0
2024-03-01 13:38:00,GH,19.079999923706055,19.079999923706055,19.100000381469727,19.06999969482422,19.100000381469727,1361.0
2024-03-01 13:38:00,GILD,72.2750015258789,72.2750015258789,72.30000305175781,72.2750015258789,72.29499816894531,12454.0
2024-03-01 13:38:00,GMAB,29.360000610351562,29.360000610351562,29.360000610351562,29.34000015258789,29.34000015258789,1234.0
2024-03-01 13:38:00,GMDA,0.3747999966144562,0.3747999966144562,0.3747999966144562,0.3747999966144562,0.3747999966144562,400.0
2024-03-01 13:38:00,GRFS,7.09499979019165,7.09499979019165,7.099999904632568,7.09499979019165,7.099999904632568,2673.0
2024-03-01 13:38:00,GRPH,3.4600000381469727,3.4600000381469727,3.4600000381469727,3.4600000381469727,3.4600000381469727,105.0
2024-03-01 13:38:00,GRTS,2.1500000953674316,2.1500000953674316,2.1600000858306885,2.1500000953674316,2.1600000858306885,5158.0
2024-03-01 13:38:00,GTHX,3.805000066757202,3.805000066757202,3.809999942779541,3.805000066757202,3.8099000453948975,3506.0
2024-03-01 13:38:00,HALO,41.400001525878906,41.400001525878906,41.439998626708984,41.400001525878906,41.439998626708984,2157.0
2024-03-01 13:38:00,HCAT,8.114999771118164,8.114999771118164,8.114999771118164,8.114999771118164,8.114999771118164,100.0
2024-03-01 13:38:00,HCM,15.329999923706055,15.329999923706055,15.34000015258789,15.329999923706055,15.329999923706055,1597.0
2024-03-01 13:38:00,HCSG,12.614999771118164,12.614999771118164,12.614999771118164,12.614999771118164,12.614999771118164,1065.0
2024-03-01 13:38:00,HCTI,2.4100000858306885,2.4100000858306885,2.4100000858306885,2.4100000858306885,2.4100000858306885,311.0
2024-03-01 13:38:00,HCWB,1.5901000499725342,1.5901000499725342,1.5901000499725342,1.5901000499725342,1.5901000499725342,2599.0
2024-03-01 13:38:00,HLTH,0.2750000059604645,0.2750000059604645,0.2750000059604645,0.27480000257492065,0.27480000257492065,10200.0
2024-03-01 13:38:00,HLVX,18.8700008392334,18.8700008392334,18.940000534057617,18.8700008392334,18.924999237060547,873.0
2024-03-01 13:38:00,HOLX,74.02999877929688,74.02999877929688,74.05000305175781,74.02999877929688,74.04000091552734,2332.0
2024-03-01 13:38:00,HOWL,7.119999885559082,7.119999885559082,7.119999885559082,7.119999885559082,7.119999885559082,123.0
2024-03-01 13:38:00,HPCO,0.2540000081062317,0.2540000081062317,0.2540000081062317,0.2540000081062317,0.2540000081062317,1528.0
2024-03-01 13:38:00,HRMY,31.700000762939453,31.700000762939453,31.700000762939453,31.684999465942383,31.684999465942383,1523.0
2024-03-01 13:38:00,HRTX,2.5899999141693115,2.5899999141693115,2.5975000858306885,2.5899999141693115,2.5899999141693115,908.0
2024-03-01 13:38:00,HSIC,76.80000305175781,76.80000305175781,76.80000305175781,76.78500366210938,76.78500366210938,291.0
2024-03-01 13:38:00,HSTM,27.3700008392334,27.3700008392334,27.3700008392334,27.329999923706055,27.34000015258789,576.0
2024-03-01 13:38:00,HUGE,0.8999999761581421,0.8999999761581421,0.8999999761581421,0.8999999761581421,0.8999999761581421,277.0
2024-03-01 13:38:00,HUMA,3.3301000595092773,3.3301000595092773,3.3399999141693115,3.3301000595092773,3.3399999141693115,6368.0
2024-03-01 13:38:00,IART,36.529998779296875,36.529998779296875,36.529998779296875,36.5,36.5,1424.0
2024-03-01 13:38:00,IBRX,4.8520002365112305,4.8520002365112305,4.8520002365112305,4.840000152587891,4.8420000076293945,2501.0
2024-03-01 13:38:00,ICUI,105.91999816894531,105.91999816894531,106.06990051269531,105.9000015258789,106.06990051269531,626.0
2024-03-01 13:38:00,IDXX,580.280029296875,580.280029296875,580.6500244140625,580.280029296875,580.6400146484375,2690.0
2024-03-01 13:38:00,IDYA,46.7400016784668,46.7400016784668,46.76250076293945,46.72999954223633,46.7400016784668,1253.0
2024-03-01 13:38:00,IKNA,1.4700000286102295,1.4700000286102295,1.4700000286102295,1.4700000286102295,1.4700000286102295,353.0
2024-03-01 13:38:00,ILMN,142.35000610351562,142.35000610351562,142.3699951171875,142.11000061035156,142.17649841308594,6928.0
2024-03-01 13:38:00,IMCR,67.9800033569336,67.9800033569336,67.9800033569336,67.9800033569336,67.9800033569336,208.0
2024-03-01 13:38:00,IMMX,3.565000057220459,3.565000057220459,3.565000057220459,3.565000057220459,3.565000057220459,100.0
2024-03-01 13:38:00,IMUX,1.4800000190734863,1.4800000190734863,1.4800000190734863,1.4800000190734863,1.4800000190734863,276.0
2024-03-01 13:38:00,IMVT,35.98500061035156,35.98500061035156,35.98500061035156,35.98500061035156,35.98500061035156,220.0
2024-03-01 13:38:00,INBX,36.529998779296875,36.529998779296875,36.529998779296875,36.52000045776367,36.52000045776367,827.0
2024-03-01 13:38:00,INCY,59.369998931884766,59.369998931884766,59.369998931884766,59.369998931884766,59.369998931884766,471.0
2024-03-01 13:38:00,INMB,12.279999732971191,12.279999732971191,12.350000381469727,12.25,12.350000381469727,1587.0
2024-03-01 13:38:00,INMD,22.88599967956543,22.88599967956543,22.88599967956543,22.8799991607666,22.8799991607666,1474.0
2024-03-01 13:38:00,INSM,28.385000228881836,28.385000228881836,28.385000228881836,28.385000228881836,28.385000228881836,111.0
2024-03-01 13:38:00,INVA,15.649999618530273,15.649999618530273,15.654999732971191,15.640000343322754,15.640000343322754,2547.0
2024-03-01 13:38:00,INZY,6.670000076293945,6.670000076293945,6.670000076293945,6.670000076293945,6.670000076293945,246.0
2024-03-01 13:38:00,IONS,45.970001220703125,45.970001220703125,45.970001220703125,45.970001220703125,45.970001220703125,1459.0
2024-03-01 13:38:00,IOVA,17.145000457763672,17.145000457763672,17.190000534057617,17.094999313354492,17.110000610351562,33502.0
2024-03-01 13:38:00,IPSC,3.875,3.875,3.9000000953674316,3.8350000381469727,3.859999895095825,2713.0
2024-03-01 13:38:00,IRTC,121.6500015258789,121.6500015258789,121.6500015258789,121.6500015258789,121.6500015258789,341.0
2024-03-01 13:38:00,IRWD,9.03499984741211,9.03499984741211,9.039999961853027,9.015000343322754,9.029999732971191,41443.0
2024-03-01 13:38:00,ISRG,395.6700134277344,395.6700134277344,395.9700012207031,395.6600036621094,395.95001220703125,11371.0
2024-03-01 13:38:00,ITCI,71.80999755859375,71.80999755859375,71.80999755859375,71.7699966430664,71.80999755859375,741.0
2024-03-01 13:38:00,ITOS,11.180000305175781,11.180000305175781,11.180000305175781,11.175999641418457,11.180000305175781,1022.0
2024-03-01 13:38:00,JAGX,0.07169999927282333,0.07169999927282333,0.07259999960660934,0.07100000232458115,0.0718500018119812,428116.0
2024-03-01 13:38:00,JANX,46.400001525878906,46.400001525878906,46.564998626708984,45.959999084472656,46.564998626708984,45758.0
2024-03-01 13:38:00,JAZZ,119.44999694824219,119.44999694824219,119.44999694824219,119.40499877929688,119.40499877929688,448.0
2024-03-01 13:38:00,JYNT,9.970000267028809,9.970000267028809,9.970000267028809,9.970000267028809,9.970000267028809,606.0
2024-03-01 13:38:00,KALV,14.199999809265137,14.199999809265137,14.199999809265137,14.199999809265137,14.199999809265137,277.0
2024-03-01 13:38:00,KPTI,1.2000000476837158,1.2000000476837158,1.2000000476837158,1.1900999546051025,1.2000000476837158,1015.0
2024-03-01 13:38:00,KRYS,169.31500244140625,169.31500244140625,169.31500244140625,169.31500244140625,169.31500244140625,150.0
2024-03-01 13:38:00,KURA,21.69499969482422,21.69499969482422,21.69499969482422,21.670000076293945,21.670000076293945,1021.0
2024-03-01 13:38:00,KYMR,44.224998474121094,44.224998474121094,44.22999954223633,44.224998474121094,44.22999954223633,321.0
2024-03-01 13:38:00,KZR,1.0800000429153442,1.0800000429153442,1.0800000429153442,1.0750000476837158,1.0800000429153442,1888.0
2024-03-01 13:38:00,LAB,2.484999895095825,2.484999895095825,2.490000009536743,2.484999895095825,2.484999895095825,922.0
2024-03-01 13:38:00,LBPH,21.950000762939453,21.950000762939453,21.950000762939453,21.93000030517578,21.950000762939453,863.0
2024-03-01 13:38:00,LFMD,8.0,8.0,8.0,8.0,8.0,489.0
2024-03-01 13:38:00,LGND,77.89720153808594,77.89720153808594,77.89720153808594,77.89720153808594,77.89720153808594,479.0
2024-03-01 13:38:00,LIAN,4.860000133514404,4.860000133514404,4.860000133514404,4.860000133514404,4.860000133514404,301.0
2024-03-01 13:38:00,LIVN,55.880001068115234,55.880001068115234,55.880001068115234,55.880001068115234,55.880001068115234,132.0
2024-03-01 13:38:00,LMAT,68.20500183105469,68.20500183105469,68.24199676513672,68.20500183105469,68.24199676513672,706.0
2024-03-01 13:38:00,LNSR,4.730599880218506,4.730599880218506,4.730599880218506,4.730599880218506,4.730599880218506,679.0
2024-03-01 13:38:00,LNTH,65.23999786376953,65.23999786376953,65.25,65.23999786376953,65.25,986.0
2024-03-01 13:38:00,LPTX,2.9000000953674316,2.9000000953674316,2.9000000953674316,2.9000000953674316,2.9000000953674316,120.0
2024-03-01 13:38:00,LQDA,14.68019962310791,14.68019962310791,14.6899995803833,14.68019962310791,14.6899995803833,236.0
2024-03-01 13:38:00,LRMR,11.5,11.5,11.5,11.5,11.5,1141.0
2024-03-01 13:38:00,LVTX,2.9000000953674316,2.9000000953674316,2.940000057220459,2.9000000953674316,2.940000057220459,1226.0
2024-03-01 13:38:00,LXRX,2.5350000858306885,2.5350000858306885,2.539900064468384,2.5350000858306885,2.5350000858306885,9284.0
2024-03-01 13:38:00,LYEL,3.200000047683716,3.200000047683716,3.2049999237060547,3.200000047683716,3.2049999237060547,6460.0
2024-03-01 13:38:00,LYRA,5.679999828338623,5.679999828338623,5.679999828338623,5.679999828338623,5.679999828338623,136.0
2024-03-01 13:38:00,MACK,14.720000267028809,14.720000267028809,14.720000267028809,14.720000267028809,14.720000267028809,427.0
2024-03-01 13:38:00,MASI,128.77000427246094,128.77000427246094,128.77000427246094,128.77000427246094,128.77000427246094,124.0
2024-03-01 13:38:00,MASS,7.360000133514404,7.360000133514404,7.360000133514404,7.360000133514404,7.360000133514404,225.0
2024-03-01 13:38:00,MBRX,0.6334499716758728,0.6334499716758728,0.6334499716758728,0.6334499716758728,0.6334499716758728,146.0
2024-03-01 13:38:00,MCRB,1.2000000476837158,1.2000000476837158,1.2050000429153442,1.2000000476837158,1.2050000429153442,300.0
2024-03-01 13:38:00,MDRX,5.989999771118164,5.989999771118164,5.989999771118164,5.989999771118164,5.989999771118164,1095.0
2024-03-01 13:38:00,MDXG,8.6850004196167,8.6850004196167,8.6899995803833,8.6850004196167,8.6899995803833,1606.0
2024-03-01 13:38:00,ME,0.5715000033378601,0.5715000033378601,0.5716000199317932,0.5715000033378601,0.5716000199317932,1491.0
2024-03-01 13:38:00,MGNX,19.079999923706055,19.079999923706055,19.09000015258789,19.06999969482422,19.09000015258789,2982.0
2024-03-01 13:38:00,MIRM,29.760000228881836,29.760000228881836,29.780000686645508,29.760000228881836,29.780000686645508,903.0
2024-03-01 13:38:00,MLTX,51.41999816894531,51.41999816894531,51.41999816894531,51.40999984741211,51.40999984741211,667.0
2024-03-01 13:38:00,MMSI,76.16999816894531,76.16999816894531,76.22000122070312,76.16999816894531,76.22000122070312,821.0
2024-03-01 13:38:00,MNKD,4.554999828338623,4.554999828338623,4.559800148010254,4.554999828338623,4.559800148010254,17056.0
2024-03-01 13:38:00,MNMD,6.159999847412109,6.159999847412109,6.170000076293945,6.15500020980835,6.170000076293945,1167.0
2024-03-01 13:38:00,MODV,28.290000915527344,28.290000915527344,28.290000915527344,28.290000915527344,28.290000915527344,755.0
2024-03-01 13:38:00,MREO,3.990000009536743,3.990000009536743,3.990000009536743,3.9800000190734863,3.9800000190734863,863.0
2024-03-01 13:38:00,MRNA,95.91999816894531,95.91999816894531,95.91999816894531,95.91220092773438,95.91220092773438,471.0
2024-03-01 13:38:00,MRNS,10.430000305175781,10.430000305175781,10.430000305175781,10.399999618530273,10.399999618530273,333.0
2024-03-01 13:38:00,MRSN,5.980000019073486,5.980000019073486,5.980000019073486,5.96999979019165,5.974999904632568,882.0
2024-03-01 13:38:00,MRUS,51.380001068115234,51.380001068115234,51.459999084472656,51.380001068115234,51.459999084472656,1319.0
2024-03-01 13:38:00,MRVI,7.710999965667725,7.710999965667725,7.710999965667725,7.699999809265137,7.699999809265137,5252.0
2024-03-01 13:38:00,MYGN,21.905000686645508,21.905000686645508,21.905000686645508,21.8799991607666,21.8799991607666,599.0
2024-03-01 13:38:00,MYNZ,0.8621010184288025,0.8621010184288025,0.8621010184288025,0.8621010184288025,0.8621010184288025,250.0
2024-03-01 13:38:00,NARI,45.65999984741211,45.65999984741211,45.69499969482422,45.55009841918945,45.63999938964844,1734.0
2024-03-01 13:38:00,NEO,16.030099868774414,16.030099868774414,16.049999237060547,16.030000686645508,16.049999237060547,836.0
2024-03-01 13:38:00,NEOG,17.364999771118164,17.364999771118164,17.364999771118164,17.364999771118164,17.364999771118164,681.0
2024-03-01 13:38:00,NGM,1.5299999713897705,1.5299999713897705,1.534999966621399,1.5299999713897705,1.5299999713897705,1468.0
2024-03-01 13:38:00,NKTR,0.7700999975204468,0.7700999975204468,0.7735000252723694,0.7699999809265137,0.7699999809265137,10932.0
2024-03-01 13:38:00,NNOX,10.989999771118164,10.989999771118164,10.989999771118164,10.979999542236328,10.984999656677246,8456.0
2024-03-01 13:38:00,NRIX,13.699999809265137,13.699999809265137,13.699999809265137,13.699999809265137,13.699999809265137,129.0
2024-03-01 13:38:00,NTLA,33.5099983215332,33.5099983215332,33.53499984741211,33.5099983215332,33.53499984741211,1370.0
2024-03-01 13:38:00,NTRA,89.43000030517578,89.43000030517578,89.57170104980469,89.43000030517578,89.56999969482422,3354.0
2024-03-01 13:38:00,NUVL,88.63500213623047,88.63500213623047,88.63500213623047,88.63500213623047,88.63500213623047,271.0
2024-03-01 13:38:00,NVAX,5.25,5.25,5.25,5.21999979019165,5.23330020904541,23697.0
2024-03-01 13:38:00,NVNO,6.400000095367432,6.400000095367432,6.409999847412109,6.349999904632568,6.349999904632568,836.0
2024-03-01 13:38:00,NXTC,1.75,1.75,1.75,1.75,1.75,200.0
2024-03-01 13:38:00,OCGN,0.9700000286102295,0.9700000286102295,0.9732999801635742,0.9700000286102295,0.9714000225067139,11061.0
2024-03-01 13:38:00,OCUL,10.829999923706055,10.829999923706055,10.829999923706055,10.829999923706055,10.829999923706055,351.0
2024-03-01 13:38:00,OCUP,2.4800000190734863,2.4800000190734863,2.4800000190734863,2.4800000190734863,2.4800000190734863,269.0
2024-03-01 13:38:00,OFIX,12.90999984741211,12.90999984741211,12.90999984741211,12.90999984741211,12.90999984741211,634.0
2024-03-01 13:38:00,OGI,2.200000047683716,2.200000047683716,2.200000047683716,2.194999933242798,2.194999933242798,800.0
2024-03-01 13:38:00,OLK,22.854999542236328,22.854999542236328,22.854999542236328,22.850000381469727,22.854999542236328,740.0
2024-03-01 13:38:00,OLMA,14.800000190734863,14.800000190734863,14.800000190734863,14.729999542236328,14.739999771118164,3688.0
2024-03-01 13:38:00,OM,3.1700000762939453,3.1700000762939453,3.1700000762939453,3.1700000762939453,3.1700000762939453,102.0
2024-03-01 13:38:00,OMCL,26.30500030517578,26.30500030517578,26.30500030517578,26.299999237060547,26.299999237060547,200.0
2024-03-01 13:38:00,OMIC,0.6169999837875366,0.6169999837875366,0.6169999837875366,0.6000000238418579,0.6000000238418579,614.0
2024-03-01 13:38:00,ONCY,1.1399999856948853,1.1399999856948853,1.1399999856948853,1.1399999856948853,1.1399999856948853,3078.0
2024-03-01 13:39:00,ABCL,5.232500076293945,5.232500076293945,5.232500076293945,5.230000019073486,5.230000019073486,544.0
2024-03-01 13:39:00,ABOS,4.690000057220459,4.690000057220459,4.690000057220459,4.690000057220459,4.690000057220459,512.0
2024-03-01 13:39:00,ABSI,5.420000076293945,5.420000076293945,5.429999828338623,5.409999847412109,5.429500102996826,3519.0
2024-03-01 13:39:00,ABUS,2.7799999713897705,2.7799999713897705,2.7799999713897705,2.7750000953674316,2.7750000953674316,428.0
2024-03-01 13:39:00,ACAD,24.309999465942383,24.309999465942383,24.325000762939453,24.309999465942383,24.325000762939453,1533.0
2024-03-01 13:39:00,ACB,3.2300000190734863,3.2300000190734863,3.2300000190734863,3.2300000190734863,3.2300000190734863,498.0
2024-03-01 13:39:00,ACCD,10.15999984741211,10.15999984741211,10.15999984741211,10.15999984741211,10.15999984741211,207.0
2024-03-01 13:39:00,ACET,2.4000000953674316,2.4000000953674316,2.4000000953674316,2.390000104904175,2.390000104904175,416.0
2024-03-01 13:39:00,ACLX,67.44000244140625,67.44000244140625,67.44000244140625,67.44000244140625,67.44000244140625,499.0
2024-03-01 13:39:00,ACRS,1.2350000143051147,1.2350000143051147,1.2400000095367432,1.2350000143051147,1.2400000095367432,814.0
2024-03-01 13:39:00,ADIL,3.2699999809265137,3.2699999809265137,3.289900064468384,3.25,3.25,46293.0
2024-03-01 13:39:00,ADMA,5.559999942779541,5.559999942779541,5.559999942779541,5.554999828338623,5.559999942779541,796.0
2024-03-01 13:39:00,AFMD,0.6499999761581421,0.6499999761581421,0.6499999761581421,0.6499999761581421,0.6499999761581421,2136.0
2024-03-01 13:39:00,AGEN,0.6827999949455261,0.6827999949455261,0.6828500032424927,0.6827999949455261,0.6828500032424927,23490.0
2024-03-01 13:39:00,AGIO,32.81999969482422,32.81999969482422,32.834999084472656,32.81999969482422,32.834999084472656,548.0
2024-03-01 13:39:00,AIRS,6.489999771118164,6.489999771118164,6.489999771118164,6.489999771118164,6.489999771118164,285.0
2024-03-01 13:39:00,AKAN,0.21369999647140503,0.21369999647140503,0.21369999647140503,0.20999999344348907,0.20999999344348907,1441.0
2024-03-01 13:39:00,AKLI,0.3402999937534332,0.3402999937534332,0.3402999937534332,0.3402999937534332,0.3402999937534332,1109.0
2024-03-01 13:39:00,AKRO,29.905000686645508,29.905000686645508,30.0,29.899999618530273,30.0,4030.0
2024-03-01 13:39:00,AKYA,6.025000095367432,6.025000095367432,6.025000095367432,6.025000095367432,6.025000095367432,100.0
2024-03-01 13:39:00,ALDX,4.329999923706055,4.329999923706055,4.329999923706055,4.320000171661377,4.320000171661377,970.0
2024-03-01 13:39:00,ALGN,303.75,303.75,303.8999938964844,303.75,303.8999938964844,1294.0
2024-03-01 13:39:00,ALGS,1.090000033378601,1.090000033378601,1.090000033378601,1.090000033378601,1.090000033378601,500.0
2024-03-01 13:39:00,ALHC,5.639999866485596,5.639999866485596,5.659999847412109,5.639999866485596,5.659999847412109,313.0
2024-03-01 13:39:00,ALKS,30.239999771118164,30.239999771118164,30.2450008392334,30.229999542236328,30.229999542236328,4292.0
2024-03-01 13:39:00,ALLK,1.6699999570846558,1.6699999570846558,1.6699999570846558,1.659999966621399,1.659999966621399,3550.0
2024-03-01 13:39:00,ALLR,0.4099000096321106,0.4099000096321106,0.4099000096321106,0.4099000096321106,0.4099000096321106,1007.0
2024-03-01 13:39:00,ALPN,35.880001068115234,35.880001068115234,35.91999816894531,35.880001068115234,35.91999816894531,590.0
2024-03-01 13:39:00,ALT,12.09000015258789,12.09000015258789,12.100000381469727,12.085200309753418,12.09000015258789,1140.0
2024-03-01 13:39:00,ALVR,0.7541000247001648,0.7541000247001648,0.7541000247001648,0.7541000247001648,0.7541000247001648,100.0
2024-03-01 13:39:00,AMGN,280.9849853515625,280.9849853515625,281.0,280.82000732421875,280.82000732421875,6428.0
2024-03-01 13:39:00,AMLX,18.649999618530273,18.649999618530273,18.649999618530273,18.649999618530273,18.649999618530273,2596.0
2024-03-01 13:39:00,AMPH,45.41999816894531,45.41999816894531,45.459999084472656,45.400001525878906,45.400001525878906,4394.0
2024-03-01 13:39:00,AMRN,1.0549999475479126,1.0549999475479126,1.059999942779541,1.0507999658584595,1.0549999475479126,2182.0
2024-03-01 13:39:00,ANIP,66.00499725341797,66.00499725341797,66.04000091552734,65.8949966430664,65.8949966430664,1976.0
2024-03-01 13:39:00,ANNX,6.179999828338623,6.179999828338623,6.179999828338623,6.179999828338623,6.179999828338623,309.0
2024-03-01 13:39:00,ANTX,2.9900999069213867,2.9900999069213867,2.9900999069213867,2.9900999069213867,2.9900999069213867,1049.0
2024-03-01 13:39:00,APLS,65.19010162353516,65.19010162353516,65.22000122070312,65.1500015258789,65.16999816894531,8937.0
2024-03-01 13:39:00,APLT,7.150000095367432,7.150000095367432,7.150000095367432,7.139999866485596,7.139999866485596,1561.0
2024-03-01 13:39:00,AQST,4.239999771118164,4.239999771118164,4.244999885559082,4.239999771118164,4.244999885559082,679.0
2024-03-01 13:39:00,ARCT,39.720001220703125,39.720001220703125,39.720001220703125,39.720001220703125,39.720001220703125,196.0
2024-03-01 13:39:00,ARDX,9.489999771118164,9.489999771118164,9.489999771118164,9.479999542236328,9.484999656677246,1794.0
2024-03-01 13:39:00,ARGX,391.8699951171875,391.8699951171875,391.8699951171875,391.0199890136719,391.2749938964844,1502.0
2024-03-01 13:39:00,ARQT,11.850199699401855,11.850199699401855,11.869999885559082,11.805000305175781,11.805000305175781,21181.0
2024-03-01 13:39:00,ARVN,49.01110076904297,49.01110076904297,49.02000045776367,48.970001220703125,49.02000045776367,898.0
2024-03-01 13:39:00,ARWR,35.76250076293945,35.76250076293945,35.76250076293945,35.720001220703125,35.7401008605957,1857.0
2024-03-01 13:39:00,ASND,152.33999633789062,152.33999633789062,152.33999633789062,151.88999938964844,151.91000366210938,2212.0
2024-03-01 13:39:00,ASRT,0.9024999737739563,0.9024999737739563,0.9024999737739563,0.9024999737739563,0.9024999737739563,202.0
2024-03-01 13:39:00,ATAI,2.1500000953674316,2.1500000953674316,2.1500000953674316,2.1449999809265137,2.1449999809265137,1417.0
2024-03-01 13:39:00,ATEC,13.444999694824219,13.444999694824219,13.444999694824219,13.442299842834473,13.444999694824219,832.0
2024-03-01 13:39:00,ATNF,3.3399999141693115,3.3399999141693115,3.3399999141693115,3.3399999141693115,3.3399999141693115,235.0
2024-03-01 13:39:00,ATRA,0.7850499749183655,0.7850499749183655,0.7850499749183655,0.7850499749183655,0.7850499749183655,4600.0
2024-03-01 13:39:00,ATXI,0.1559000015258789,0.1559000015258789,0.1559000015258789,0.15589900314807892,0.15589900314807892,1331.0
2024-03-01 13:39:00,ATXS,14.800000190734863,14.800000190734863,14.800000190734863,14.795000076293945,14.795000076293945,4400.0
2024-03-01 13:39:00,AUPH,5.849999904632568,5.849999904632568,5.855000019073486,5.849999904632568,5.855000019073486,256.0
2024-03-01 13:39:00,AVDL,13.220000267028809,13.220000267028809,13.225000381469727,13.20009994506836,13.225000381469727,1950.0
2024-03-01 13:39:00,AVRO,1.3550000190734863,1.3550000190734863,1.3550000190734863,1.3550000190734863,1.3550000190734863,101.0
2024-03-01 13:39:00,AXNX,67.83999633789062,67.83999633789062,67.87000274658203,67.80999755859375,67.87000274658203,3822.0
2024-03-01 13:39:00,AXSM,82.32499694824219,82.32499694824219,82.34500122070312,82.32499694824219,82.34500122070312,636.0
2024-03-01 13:39:00,AZN,64.69000244140625,64.69000244140625,64.70500183105469,64.68499755859375,64.68499755859375,10405.0
2024-03-01 13:39:00,AZTA,66.75499725341797,66.75499725341797,66.76000213623047,66.69000244140625,66.75,669.0
2024-03-01 13:39:00,BBIO,36.08000183105469,36.08000183105469,36.099998474121094,36.08000183105469,36.099998474121094,1114.0
2024-03-01 13:39:00,BCAB,2.700000047683716,2.700000047683716,2.700000047683716,2.694999933242798,2.694999933242798,1305.0
2024-03-01 13:39:00,BCYC,26.260000228881836,26.260000228881836,26.260000228881836,26.260000228881836,26.260000228881836,152.0
2024-03-01 13:39:00,BDSX,1.600000023841858,1.600000023841858,1.600000023841858,1.600000023841858,1.600000023841858,459.0
2024-03-01 13:39:00,BEAM,40.630001068115234,40.630001068115234,40.630001068115234,40.630001068115234,40.630001068115234,152.0
2024-03-01 13:39:00,BGXX,0.2700999975204468,0.2700999975204468,0.2700999975204468,0.2700999975204468,0.2700999975204468,3271.0
2024-03-01 13:39:00,BIIB,221.11000061035156,221.11000061035156,221.11000061035156,221.10000610351562,221.10000610351562,1394.0
2024-03-01 13:39:00,BIOL,0.14399999380111694,0.14399999380111694,0.14399999380111694,0.14259999990463257,0.14259999990463257,7015.0
2024-03-01 13:39:00,BIOR,1.1100000143051147,1.1100000143051147,1.125,1.1100000143051147,1.1151000261306763,2230.0
2024-03-01 13:39:00,BIVI,2.1500000953674316,2.1500000953674316,2.1600000858306885,2.0999999046325684,2.1050000190734863,301709.0
2024-03-01 13:39:00,BLFS,18.290000915527344,18.290000915527344,18.290000915527344,18.229999542236328,18.229999542236328,3695.0
2024-03-01 13:39:00,BLUE,1.6100000143051147,1.6100000143051147,1.6100000143051147,1.600000023841858,1.600000023841858,10112.0
2024-03-01 13:39:00,BMEA,18.200000762939453,18.200000762939453,18.200000762939453,18.190000534057617,18.200000762939453,1640.0
2024-03-01 13:39:00,BMRN,87.875,87.875,87.875,87.875,87.875,182.0
2024-03-01 13:39:00,BNGO,1.2598999738693237,1.2598999738693237,1.2599999904632568,1.2549999952316284,1.2599999904632568,1308.0
2024-03-01 13:39:00,BPMC,96.9000015258789,96.9000015258789,97.13999938964844,96.83999633789062,96.95999908447266,3594.0
2024-03-01 13:39:00,BRKR,88.30000305175781,88.30000305175781,88.30000305175781,88.30000305175781,88.30000305175781,151.0
2024-03-01 13:39:00,BTTX,0.17820000648498535,0.17820000648498535,0.17820000648498535,0.17640000581741333,0.1770000010728836,26073.0
2024-03-01 13:39:00,BWAY,6.550000190734863,6.550000190734863,6.550000190734863,6.53000020980835,6.53000020980835,700.0
2024-03-01 13:39:00,CABA,24.295000076293945,24.295000076293945,24.295000076293945,24.295000076293945,24.295000076293945,332.0
2024-03-01 13:39:00,CAPR,4.470099925994873,4.470099925994873,4.470099925994873,4.470099925994873,4.470099925994873,168.0
2024-03-01 13:39:00,CBAY,32.2400016784668,32.2400016784668,32.2400016784668,32.23500061035156,32.23500061035156,1303.0
2024-03-01 13:39:00,CCCC,11.03499984741211,11.03499984741211,11.03499984741211,11.024999618530273,11.024999618530273,3918.0
2024-03-01 13:39:00,CDMO,8.104999542236328,8.104999542236328,8.104999542236328,8.100000381469727,8.100000381469727,461.0
2024-03-01 13:39:00,CDNA,12.444999694824219,12.444999694824219,12.449999809265137,12.444999694824219,12.449999809265137,1241.0
2024-03-01 13:39:00,CDXS,4.550000190734863,4.550000190734863,4.550000190734863,4.550000190734863,4.550000190734863,300.0
2024-03-01 13:39:00,CELC,16.440000534057617,16.440000534057617,16.479999542236328,16.440000534057617,16.479999542236328,558.0
2024-03-01 13:39:00,CERE,41.099998474121094,41.099998474121094,41.10499954223633,41.099998474121094,41.099998474121094,517.0
2024-03-01 13:39:00,CERS,2.2100000381469727,2.2100000381469727,2.2100000381469727,2.2100000381469727,2.2100000381469727,375.0
2024-03-01 13:39:00,CERT,17.899999618530273,17.899999618530273,17.989999771118164,17.899999618530273,17.979999542236328,8726.0
2024-03-01 13:39:00,CGC,3.240000009536743,3.240000009536743,3.2479000091552734,3.240000009536743,3.2479000091552734,996.0
2024-03-01 13:39:00,CGEM,18.770000457763672,18.770000457763672,18.825000762939453,18.770000457763672,18.825000762939453,446.0
2024-03-01 13:39:00,CHEK,2.0999999046325684,2.0999999046325684,2.0999999046325684,2.0999999046325684,2.0999999046325684,100.0
2024-03-01 13:39:00,CHRS,2.4238998889923096,2.4238998889923096,2.430000066757202,2.4238998889923096,2.430000066757202,1100.0
2024-03-01 13:39:00,CJJD,2.880000114440918,2.880000114440918,2.880000114440918,2.880000114440918,2.880000114440918,639.0
2024-03-01 13:39:00,CLDX,52.95000076293945,52.95000076293945,52.97999954223633,52.93000030517578,52.94499969482422,3359.0
2024-03-01 13:39:00,CLOV,0.8719000220298767,0.8719000220298767,0.8733000159263611,0.8700000047683716,0.8701000213623047,107843.0
2024-03-01 13:39:00,CLPT,6.659999847412109,6.659999847412109,6.659999847412109,6.659999847412109,6.659999847412109,100.0
2024-03-01 13:39:00,CLRB,4.139999866485596,4.139999866485596,4.139999866485596,4.11929988861084,4.11929988861084,6367.0
2024-03-01 13:39:00,CLSD,1.3901000022888184,1.3901000022888184,1.3901000022888184,1.3901000022888184,1.3901000022888184,818.0
2024-03-01 13:39:00,CMPS,11.350000381469727,11.350000381469727,11.399999618530273,11.350000381469727,11.385000228881836,461.0
2024-03-01 13:39:00,CNSP,0.32010000944137573,0.32010000944137573,0.32010000944137573,0.32010000944137573,0.32010000944137573,1292.0
2024-03-01 13:39:00,COGT,7.199999809265137,7.199999809265137,7.199999809265137,7.190100193023682,7.190100193023682,1149.0
2024-03-01 13:39:00,CPRX,17.325000762939453,17.325000762939453,17.360000610351562,17.325000762939453,17.354999542236328,8853.0
2024-03-01 13:39:00,CPSI,9.494999885559082,9.494999885559082,9.505000114440918,9.489999771118164,9.489999771118164,6022.0
2024-03-01 13:39:00,CRBP,32.720001220703125,32.720001220703125,32.720001220703125,32.720001220703125,32.720001220703125,218.0
2024-03-01 13:39:00,CRBU,7.96999979019165,7.96999979019165,7.96999979019165,7.96999979019165,7.96999979019165,931.0
2024-03-01 13:39:00,CRDF,2.4800000190734863,2.4800000190734863,2.48009991645813,2.4600000381469727,2.4702000617980957,17565.0
2024-03-01 13:39:00,CRMD,3.7200000286102295,3.7200000286102295,3.7200000286102295,3.7200000286102295,3.7200000286102295,113.0
2024-03-01 13:39:00,CRNX,46.7599983215332,46.7599983215332,46.7599983215332,46.7599983215332,46.7599983215332,178.0
2024-03-01 13:39:00,CRON,2.049999952316284,2.049999952316284,2.055000066757202,2.049999952316284,2.049999952316284,926.0
2024-03-01 13:39:00,CRSP,86.02110290527344,86.02110290527344,86.08000183105469,86.01959991455078,86.08000183105469,1946.0
2024-03-01 13:39:00,CRVS,2.2300000190734863,2.2300000190734863,2.267899990081787,2.2300000190734863,2.2674999237060547,6200.0
2024-03-01 13:39:00,CSTL,20.145000457763672,20.145000457763672,20.170000076293945,20.145000457763672,20.170000076293945,1755.0
2024-03-01 13:39:00,CTKB,8.885000228881836,8.885000228881836,8.885000228881836,8.875,8.880000114440918,2297.0
2024-03-01 13:39:00,CTMX,2.630000114440918,2.630000114440918,2.630000114440918,2.625,2.625,1970.0
2024-03-01 13:39:00,CTXR,0.7728989720344543,0.7728989720344543,0.7728989720344543,0.7728989720344543,0.7728989720344543,409.0
2024-03-01 13:39:00,CUTR,2.380000114440918,2.380000114440918,2.384999990463257,2.380000114440918,2.384999990463257,518.0
2024-03-01 13:39:00,CVAC,3.494999885559082,3.494999885559082,3.494999885559082,3.490000009536743,3.490000009536743,440.0
2024-03-01 13:39:00,CVRX,20.899999618530273,20.899999618530273,20.899999618530273,20.84000015258789,20.84000015258789,1968.0
2024-03-01 13:39:00,CYCC,2.7660000324249268,2.7660000324249268,2.7660000324249268,2.740000009536743,2.740000009536743,1616.0
2024-03-01 13:39:00,CYTK,72.78500366210938,72.78500366210938,72.78500366210938,72.75,72.77999877929688,942.0
2024-03-01 13:39:00,CYTO,2.319999933242798,2.319999933242798,2.319999933242798,2.319999933242798,2.319999933242798,105.0
2024-03-01 13:39:00,DARE,0.5707499980926514,0.5707499980926514,0.5707499980926514,0.5707499980926514,0.5707499980926514,3006.0
2024-03-01 13:39:00,DAWN,17.520000457763672,17.520000457763672,17.530000686645508,17.520000457763672,17.524999618530273,2236.0
2024-03-01 13:39:00,DCPH,17.530000686645508,17.530000686645508,17.530000686645508,17.524999618530273,17.524999618530273,806.0
2024-03-01 13:39:00,DH,8.84000015258789,8.84000015258789,8.850000381469727,8.84000015258789,8.850000381469727,1179.0
2024-03-01 13:39:00,DMTK,0.8598999977111816,0.8598999977111816,0.8598999977111816,0.8500000238418579,0.8500000238418579,3713.0
2024-03-01 13:39:00,DNLI,21.139999389648438,21.139999389648438,21.139999389648438,21.100000381469727,21.100000381469727,1673.0
2024-03-01 13:39:00,DSGN,2.9000000953674316,2.9000000953674316,2.9049999713897705,2.9000000953674316,2.9049999713897705,336.0
2024-03-01 13:39:00,DTIL,12.550000190734863,12.550000190734863,12.600000381469727,12.550000190734863,12.600000381469727,300.0
2024-03-01 13:39:00,DXCM,121.55000305175781,121.55000305175781,121.5553970336914,121.5,121.54000091552734,4386.0
2024-03-01 13:39:00,DYN,29.184999465942383,29.184999465942383,29.25,29.139999389648438,29.229999542236328,11053.0
2024-03-01 13:39:00,DYNT,0.48809999227523804,0.48809999227523804,0.49300000071525574,0.48809999227523804,0.49300000071525574,1310.0
2024-03-01 13:39:00,EDIT,10.920000076293945,10.920000076293945,10.920000076293945,10.920000076293945,10.920000076293945,1390.0
2024-03-01 13:39:00,EFTR,15.335000038146973,15.335000038146973,15.335000038146973,15.335000038146973,15.335000038146973,101.0
2024-03-01 13:39:00,EGRX,6.760000228881836,6.760000228881836,6.760000228881836,6.760000228881836,6.760000228881836,115.0
2024-03-01 13:39:00,ELEV,5.019999980926514,5.019999980926514,5.090000152587891,5.019999980926514,5.079999923706055,7104.0
2024-03-01 13:39:00,EMBC,14.300000190734863,14.300000190734863,14.300000190734863,14.300000190734863,14.300000190734863,649.0
2024-03-01 13:39:00,ENSG,122.40499877929688,122.40499877929688,122.40499877929688,122.40499877929688,122.40499877929688,106.0
2024-03-01 13:39:00,ENTA,15.414999961853027,15.414999961853027,15.414999961853027,15.414999961853027,15.414999961853027,161.0
2024-03-01 13:39:00,ENVB,1.5700000524520874,1.5700000524520874,1.5700000524520874,1.4600000381469727,1.4600000381469727,64878.0
2024-03-01 13:39:00,ERAS,2.484999895095825,2.484999895095825,2.484999895095825,2.4800000190734863,2.484999895095825,811.0
2024-03-01 13:39:00,ESPR,2.5250000953674316,2.5250000953674316,2.5250000953674316,2.5199999809265137,2.5199999809265137,3319.0
2024-03-01 13:39:00,ESTA,45.3650016784668,45.3650016784668,45.3650016784668,45.25,45.25,511.0
2024-03-01 13:39:00,ETNB,13.260000228881836,13.260000228881836,13.260000228881836,13.25,13.260000228881836,1671.0
2024-03-01 13:39:00,EVAX,3.4200000762939453,3.4200000762939453,3.4200000762939453,3.381700038909912,3.381700038909912,1644.0
2024-03-01 13:39:00,EVGN,0.9898999929428101,0.9898999929428101,0.9898999929428101,0.9750000238418579,0.9800000190734863,5215.0
2024-03-01 13:39:00,EWTX,17.010000228881836,17.010000228881836,17.010000228881836,17.010000228881836,17.010000228881836,165.0
2024-03-01 13:39:00,EXAS,59.96500015258789,59.96500015258789,60.0,59.959999084472656,60.0,2191.0
2024-03-01 13:39:00,EXEL,22.479999542236328,22.479999542236328,22.549999237060547,22.450000762939453,22.5,116419.0
2024-03-01 13:39:00,EYEN,2.384999990463257,2.384999990463257,2.384999990463257,2.3701000213623047,2.3701000213623047,5100.0
2024-03-01 13:39:00,EYPT,28.1200008392334,28.1200008392334,28.149999618530273,28.110000610351562,28.1299991607666,3291.0
2024-03-01 13:39:00,FATE,7.744999885559082,7.744999885559082,7.744999885559082,7.744999885559082,7.744999885559082,166.0
2024-03-01 13:39:00,FDMT,29.299999237060547,29.299999237060547,29.299999237060547,29.299999237060547,29.299999237060547,452.0
2024-03-01 13:39:00,FGEN,1.8799999952316284,1.8799999952316284,1.8799999952316284,1.875,1.875,908.0
2024-03-01 13:39:00,FHTX,8.149999618530273,8.149999618530273,8.149999618530273,8.149999618530273,8.149999618530273,511.0
2024-03-01 13:39:00,FOLD,13.375,13.375,13.375,13.375,13.375,201.0
2024-03-01 13:39:00,FULC,11.145000457763672,11.145000457763672,11.145000457763672,11.145000457763672,11.145000457763672,105.0
2024-03-01 13:39:00,FUSN,12.4399995803833,12.4399995803833,12.4399995803833,12.4350004196167,12.4350004196167,285.0
2024-03-01 13:39:00,GDRX,8.399999618530273,8.399999618530273,8.420000076293945,8.364999771118164,8.364999771118164,59364.0
2024-03-01 13:39:00,GERN,2.25,2.25,2.2667999267578125,2.25,2.265000104904175,130638.0
2024-03-01 13:39:00,GH,19.09000015258789,19.09000015258789,19.100000381469727,19.09000015258789,19.09000015258789,1532.0
2024-03-01 13:39:00,GILD,72.30500030517578,72.30500030517578,72.30500030517578,72.2750015258789,72.2750015258789,14122.0
2024-03-01 13:39:00,GLPG,35.060001373291016,35.060001373291016,35.060001373291016,35.060001373291016,35.060001373291016,112.0
2024-03-01 13:39:00,GLTO,0.7400000095367432,0.7400000095367432,0.7400000095367432,0.7398999929428101,0.7400000095367432,5000.0
2024-03-01 13:39:00,GMAB,29.3700008392334,29.3700008392334,29.3700008392334,29.3700008392334,29.3700008392334,265.0
2024-03-01 13:39:00,GRFS,7.09499979019165,7.09499979019165,7.09499979019165,7.09499979019165,7.09499979019165,301.0
2024-03-01 13:39:00,GRPH,3.4600000381469727,3.4600000381469727,3.4600000381469727,3.4600000381469727,3.4600000381469727,174.0
2024-03-01 13:39:00,GRTS,2.1549999713897705,2.1549999713897705,2.1600000858306885,2.1500000953674316,2.1500000953674316,6405.0
2024-03-01 13:39:00,GTHX,3.7899999618530273,3.7899999618530273,3.805000066757202,3.7899999618530273,3.803999900817871,6837.0
2024-03-01 13:39:00,HALO,41.40999984741211,41.40999984741211,41.40999984741211,41.40999984741211,41.40999984741211,375.0
2024-03-01 13:39:00,HCAT,8.114999771118164,8.114999771118164,8.114999771118164,8.114999771118164,8.114999771118164,300.0
2024-03-01 13:39:00,HCM,15.3100004196167,15.3100004196167,15.3100004196167,15.3100004196167,15.3100004196167,172.0
2024-03-01 13:39:00,HLTH,0.2750000059604645,0.2750000059604645,0.2750000059604645,0.2750000059604645,0.2750000059604645,3300.0
2024-03-01 13:39:00,HLVX,18.93000030517578,18.93000030517578,18.93000030517578,18.8700008392334,18.8700008392334,608.0
2024-03-01 13:39:00,HOWL,7.119999885559082,7.119999885559082,7.119999885559082,7.119999885559082,7.119999885559082,120.0
2024-03-01 13:39:00,HQY,81.55999755859375,81.55999755859375,81.58999633789062,81.55999755859375,81.56189727783203,1273.0
2024-03-01 13:39:00,HRTX,2.5899999141693115,2.5899999141693115,2.5999999046325684,2.5899999141693115,2.5899999141693115,2852.0
2024-03-01 13:39:00,HSIC,76.79000091552734,76.79000091552734,76.79000091552734,76.77999877929688,76.77999877929688,534.0
2024-03-01 13:39:00,HUMA,3.3324999809265137,3.3324999809265137,3.3350000381469727,3.3310000896453857,3.3310000896453857,647.0
2024-03-01 13:39:00,IART,36.540000915527344,36.540000915527344,36.540000915527344,36.540000915527344,36.540000915527344,692.0
2024-03-01 13:39:00,IBRX,4.858799934387207,4.858799934387207,4.860000133514404,4.855000019073486,4.855000019073486,1967.0
2024-03-01 13:39:00,ICLR,322.1300048828125,322.1300048828125,322.1300048828125,321.9700012207031,321.9700012207031,369.0
2024-03-01 13:39:00,ICUI,105.9800033569336,105.9800033569336,105.9800033569336,105.87000274658203,105.87000274658203,312.0
2024-03-01 13:39:00,IDYA,46.80500030517578,46.80500030517578,46.80500030517578,46.7599983215332,46.7599983215332,1279.0
2024-03-01 13:39:00,IKNA,1.4700000286102295,1.4700000286102295,1.4700000286102295,1.4700000286102295,1.4700000286102295,389.0
2024-03-01 13:39:00,ILMN,142.30999755859375,142.30999755859375,142.35000610351562,142.30999755859375,142.35000610351562,498.0
2024-03-01 13:39:00,IMAB,1.8300000429153442,1.8300000429153442,1.8300000429153442,1.8300000429153442,1.8300000429153442,300.0
2024-03-01 13:39:00,IMCR,68.04499816894531,68.04499816894531,68.04499816894531,68.04499816894531,68.04499816894531,351.0
2024-03-01 13:39:00,IMMX,3.565000057220459,3.565000057220459,3.569999933242798,3.565000057220459,3.569999933242798,1274.0
2024-03-01 13:39:00,IMUX,1.4800000190734863,1.4800000190734863,1.4800000190734863,1.475000023841858,1.475000023841858,228.0
2024-03-01 13:39:00,IMVT,35.970001220703125,35.970001220703125,35.970001220703125,35.970001220703125,35.970001220703125,249.0
2024-03-01 13:39:00,INCY,59.369998931884766,59.369998931884766,59.38999938964844,59.369998931884766,59.3849983215332,3359.0
2024-03-01 13:39:00,INGN,6.800000190734863,6.800000190734863,6.800000190734863,6.789999961853027,6.789999961853027,3145.0
2024-03-01 13:39:00,INO,9.53689956665039,9.53689956665039,9.53689956665039,9.53689956665039,9.53689956665039,347.0
2024-03-01 13:39:00,INSM,28.364999771118164,28.364999771118164,28.39539909362793,28.360000610351562,28.39539909362793,835.0
2024-03-01 13:39:00,INVA,15.640000343322754,15.640000343322754,15.649999618530273,15.640000343322754,15.649999618530273,800.0
2024-03-01 13:39:00,IOBT,1.8499000072479248,1.8499000072479248,1.8499000072479248,1.8499000072479248,1.8499000072479248,335.0
2024-03-01 13:39:00,IONS,45.970001220703125,45.970001220703125,45.970001220703125,45.959999084472656,45.970001220703125,1024.0
2024-03-01 13:39:00,IOVA,17.1200008392334,17.1200008392334,17.149999618530273,17.1200008392334,17.149999618530273,15183.0
2024-03-01 13:39:00,IRMD,41.869998931884766,41.869998931884766,41.869998931884766,41.869998931884766,41.869998931884766,171.0
2024-03-01 13:39:00,IRWD,9.039999961853027,9.039999961853027,9.050000190734863,9.029999732971191,9.03499984741211,9187.0
2024-03-01 13:39:00,ISRG,395.44000244140625,395.44000244140625,395.6700134277344,395.17999267578125,395.6700134277344,6606.0
2024-03-01 13:39:00,ITCI,71.75,71.75,71.77999877929688,71.72000122070312,71.75,2110.0
2024-03-01 13:39:00,ITOS,11.148300170898438,11.148300170898438,11.148300170898438,11.148300170898438,11.148300170898438,279.0
2024-03-01 13:39:00,IXHL,5.53000020980835,5.53000020980835,5.53000020980835,5.53000020980835,5.53000020980835,300.0
2024-03-01 13:39:00,JAGX,0.07169999927282333,0.07169999927282333,0.07190000265836716,0.07129999995231628,0.07180000096559525,44978.0
2024-03-01 13:39:00,JANX,46.51499938964844,46.51499938964844,46.52629852294922,46.349998474121094,46.400001525878906,6271.0
2024-03-01 13:39:00,JAZZ,119.4800033569336,119.4800033569336,119.4800033569336,119.4000015258789,119.4000015258789,805.0
2024-03-01 13:39:00,JSPR,20.985000610351562,20.985000610351562,20.985000610351562,20.985000610351562,20.985000610351562,141.0
2024-03-01 13:39:00,KALV,14.199999809265137,14.199999809265137,14.199999809265137,14.199999809265137,14.199999809265137,258.0
2024-03-01 13:39:00,KNTE,2.5999999046325684,2.5999999046325684,2.5999999046325684,2.5999999046325684,2.5999999046325684,545.0
2024-03-01 13:39:00,KPTI,1.1950000524520874,1.1950000524520874,1.2000000476837158,1.1900999546051025,1.2000000476837158,3517.0
2024-03-01 13:39:00,KRON,1.0298999547958374,1.0298999547958374,1.0299999713897705,1.0298999547958374,1.0299999713897705,10404.0
2024-03-01 13:39:00,KRYS,169.31500244140625,169.31500244140625,169.31500244140625,169.31500244140625,169.31500244140625,819.0
2024-03-01 13:39:00,KTRA,0.09849999845027924,0.09849999845027924,0.09849999845027924,0.09849999845027924,0.09849999845027924,100.0
2024-03-01 13:39:00,KURA,21.691699981689453,21.691699981689453,21.691699981689453,21.691699981689453,21.691699981689453,512.0
2024-03-01 13:39:00,KYMR,44.224998474121094,44.224998474121094,44.224998474121094,44.224998474121094,44.224998474121094,186.0
2024-03-01 13:39:00,KZR,1.0800000429153442,1.0800000429153442,1.0800000429153442,1.0800000429153442,1.0800000429153442,2000.0
2024-03-01 13:39:00,LAB,2.490000009536743,2.490000009536743,2.490000009536743,2.490000009536743,2.490000009536743,909.0
2024-03-01 13:39:00,LEGN,65.86000061035156,65.86000061035156,65.86000061035156,65.86000061035156,65.86000061035156,117.0
2024-03-01 13:39:00,LFMD,8.0,8.0,8.0,8.0,8.0,252.0
2024-03-01 13:39:00,LFST,7.764999866485596,7.764999866485596,7.78000020980835,7.764999866485596,7.775000095367432,2014.0
2024-03-01 13:39:00,LIAN,4.860000133514404,4.860000133514404,4.860000133514404,4.860000133514404,4.860000133514404,100.0
2024-03-01 13:39:00,LIFE,1.9500000476837158,1.9500000476837158,1.9500000476837158,1.9500000476837158,1.9500000476837158,1409.0
2024-03-01 13:39:00,LIVN,55.880001068115234,55.880001068115234,55.880001068115234,55.880001068115234,55.880001068115234,174.0
2024-03-01 13:39:00,LMAT,68.19090270996094,68.19090270996094,68.33999633789062,68.19090270996094,68.33999633789062,308.0
2024-03-01 13:39:00,LQDA,14.6899995803833,14.6899995803833,14.6899995803833,14.6899995803833,14.6899995803833,5327.0
2024-03-01 13:39:00,LRMR,11.5,11.5,11.5,11.5,11.5,478.0
2024-03-01 13:39:00,LUMO,2.9700000286102295,2.9700000286102295,2.9700000286102295,2.9700000286102295,2.9700000286102295,128.0
2024-03-01 13:39:00,LUNG,9.489999771118164,9.489999771118164,9.489999771118164,9.479999542236328,9.479999542236328,276.0
2024-03-01 13:39:00,LVTX,2.9059998989105225,2.9059998989105225,2.9059998989105225,2.9059998989105225,2.9059998989105225,570.0
2024-03-01 13:39:00,LXRX,2.5399999618530273,2.5399999618530273,2.5399999618530273,2.5299999713897705,2.5350000858306885,2500.0
2024-03-01 13:39:00,LYEL,3.200000047683716,3.200000047683716,3.200000047683716,3.200000047683716,3.200000047683716,445.0
2024-03-01 13:39:00,LYRA,5.699999809265137,5.699999809265137,5.699999809265137,5.699999809265137,5.699999809265137,100.0
2024-03-01 13:39:00,MACK,14.699999809265137,14.699999809265137,14.699999809265137,14.699999809265137,14.699999809265137,348.0
2024-03-01 13:39:00,MASI,128.76499938964844,128.76499938964844,128.76499938964844,128.76499938964844,128.76499938964844,146.0
2024-03-01 13:39:00,MASS,7.329999923706055,7.329999923706055,7.349999904632568,7.329999923706055,7.349999904632568,277.0
2024-03-01 13:39:00,MCRB,1.2050000429153442,1.2050000429153442,1.2100000381469727,1.2000000476837158,1.2000000476837158,400.0
2024-03-01 13:39:00,MDGL,251.7550048828125,251.7550048828125,251.7550048828125,251.7550048828125,251.7550048828125,388.0
2024-03-01 13:39:00,MDRX,5.989999771118164,5.989999771118164,6.050000190734863,5.989999771118164,6.050000190734863,13072.0
2024-03-01 13:39:00,MDXG,8.6850004196167,8.6850004196167,8.6899995803833,8.680000305175781,8.6850004196167,2485.0
2024-03-01 13:39:00,ME,0.5715000033378601,0.5715000033378601,0.5716000199317932,0.5715000033378601,0.5716000199317932,6770.0
2024-03-01 13:39:00,MEDP,401.2799987792969,401.2799987792969,401.2799987792969,401.2799987792969,401.2799987792969,318.0
2024-03-01 13:39:00,MGNX,19.075000762939453,19.075000762939453,19.075000762939453,19.075000762939453,19.075000762939453,137.0
2024-03-01 13:39:00,MIRM,29.75,29.75,29.760000228881836,29.75,29.760000228881836,1230.0
2024-03-01 13:39:00,MLTX,51.29999923706055,51.29999923706055,51.350101470947266,51.29999923706055,51.349998474121094,2321.0
2024-03-01 13:39:00,MNKD,4.554999828338623,4.554999828338623,4.554999828338623,4.554999828338623,4.554999828338623,1847.0
2024-03-01 13:39:00,MNMD,6.184999942779541,6.184999942779541,6.199999809265137,6.159999847412109,6.159999847412109,6639.0
2024-03-01 13:39:00,MORF,39.4900016784668,39.4900016784668,39.4900016784668,39.4900016784668,39.4900016784668,818.0
2024-03-01 13:39:00,MOTS,0.6520010232925415,0.6520010232925415,0.6520010232925415,0.6520000100135803,0.6520000100135803,2000.0
2024-03-01 13:39:00,MREO,4.0,4.0,4.0,3.984999895095825,3.984999895095825,8063.0
2024-03-01 13:39:00,MRNA,95.9000015258789,95.9000015258789,95.927001953125,95.89510345458984,95.927001953125,2434.0
2024-03-01 13:39:00,MRSN,5.96999979019165,5.96999979019165,5.980000019073486,5.96999979019165,5.980000019073486,1016.0
2024-03-01 13:39:00,MRUS,51.31999969482422,51.31999969482422,51.38999938964844,51.31999969482422,51.375,2048.0
2024-03-01 13:39:00,MRVI,7.71999979019165,7.71999979019165,7.71999979019165,7.71999979019165,7.71999979019165,302.0
2024-03-01 13:39:00,MYGN,21.8799991607666,21.8799991607666,21.8799991607666,21.8799991607666,21.8799991607666,139.0
2024-03-01 13:39:00,NARI,45.73500061035156,45.73500061035156,45.73500061035156,45.60900115966797,45.60900115966797,933.0
2024-03-01 13:39:00,NBIX,131.8000030517578,131.8000030517578,131.82000732421875,131.7899932861328,131.82000732421875,2545.0
2024-03-01 13:39:00,NEO,16.030000686645508,16.030000686645508,16.040000915527344,16.030000686645508,16.040000915527344,487.0
2024-03-01 13:39:00,NERV,2.6449999809265137,2.6449999809265137,2.6449999809265137,2.6449999809265137,2.6449999809265137,118.0
2024-03-01 13:39:00,NEXI,6.5,6.5,6.510000228881836,6.460000038146973,6.489999771118164,2552.0
2024-03-01 13:39:00,NGM,1.5299999713897705,1.5299999713897705,1.5299999713897705,1.5299999713897705,1.5299999713897705,1590.0
2024-03-01 13:39:00,NKTR,0.7699999809265137,0.7699999809265137,0.7767000198364258,0.7699999809265137,0.7767000198364258,551.0
2024-03-01 13:39:00,NKTX,12.880000114440918,12.880000114440918,12.880000114440918,12.880000114440918,12.880000114440918,394.0
2024-03-01 13:39:00,NMTC,1.2103999853134155,1.2103999853134155,1.2103999853134155,1.2103999853134155,1.2103999853134155,219.0
2024-03-01 13:39:00,NNOX,10.984999656677246,10.984999656677246,10.989899635314941,10.984999656677246,10.989899635314941,745.0
2024-03-01 13:39:00,NOTV,8.145700454711914,8.145700454711914,8.149999618530273,8.135000228881836,8.149999618530273,519.0
2024-03-01 13:39:00,NRIX,13.739999771118164,13.739999771118164,13.739999771118164,13.680000305175781,13.680000305175781,1326.0
2024-03-01 13:39:00,NRSN,2.0,2.0,2.0,2.0,2.0,103.0
2024-03-01 13:39:00,NRXP,0.42319899797439575,0.42319899797439575,0.42320001125335693,0.4189000129699707,0.4189000129699707,6790.0
2024-03-01 13:39:00,NSPR,2.633500099182129,2.633500099182129,2.633500099182129,2.633500099182129,2.633500099182129,577.0
2024-03-01 13:39:00,NTLA,33.5099983215332,33.5099983215332,33.525001525878906,33.5099983215332,33.525001525878906,698.0
2024-03-01 13:39:00,NTRA,89.50499725341797,89.50499725341797,89.50499725341797,89.50499725341797,89.50499725341797,538.0
2024-03-01 13:39:00,NUVL,88.62000274658203,88.62000274658203,88.6500015258789,88.62000274658203,88.63500213623047,1632.0
2024-03-01 13:39:00,NVAX,5.235000133514404,5.235000133514404,5.247799873352051,5.230000019073486,5.247799873352051,15313.0
2024-03-01 13:39:00,NVCR,16.020000457763672,16.020000457763672,16.020000457763672,16.010099411010742,16.010099411010742,441.0
2024-03-01 13:39:00,NXTC,1.75,1.75,1.7549999952316284,1.75,1.7549999952316284,300.0
2024-03-01 13:39:00,OCGN,0.9700000286102295,0.9700000286102295,0.9732999801635742,0.9684000015258789,0.9700000286102295,2946.0
2024-03-01 13:39:00,OCUL,10.850000381469727,10.850000381469727,10.850000381469727,10.829999923706055,10.829999923706055,3852.0
2024-03-01 13:39:00,OGI,2.1951000690460205,2.1951000690460205,2.200000047683716,2.194999933242798,2.194999933242798,1160.0
2024-03-01 13:39:00,OM,3.160099983215332,3.160099983215332,3.1700000762939453,3.160099983215332,3.1700000762939453,1277.0
2024-03-01 13:39:00,OMCL,26.31999969482422,26.31999969482422,26.31999969482422,26.290000915527344,26.290000915527344,677.0
2024-03-01 13:39:00,OMER,4.781099796295166,4.781099796295166,4.781099796295166,4.781099796295166,4.781099796295166,178.0
2024-03-01 13:39:00,OMGA,4.2596001625061035,4.2596001625061035,4.2596001625061035,4.25,4.25,1402.0
2024-03-01 13:40:00,ABCL,5.215000152587891,5.215000152587891,5.230000019073486,5.210000038146973,5.230000019073486,24567.0
2024-03-01 13:40:00,ABEO,7.840000152587891,7.840000152587891,7.840000152587891,7.840000152587891,7.840000152587891,200.0
2024-03-01 13:40:00,ABOS,4.699999809265137,4.699999809265137,4.704999923706055,4.695000171661377,4.695000171661377,12601.0
2024-03-01 13:40:00,ABSI,5.40500020980835,5.40500020980835,5.420000076293945,5.40500020980835,5.420000076293945,2522.0
2024-03-01 13:40:00,ACAD,24.309999465942383,24.309999465942383,24.309999465942383,24.309999465942383,24.309999465942383,799.0
2024-03-01 13:40:00,ACCD,10.149999618530273,10.149999618530273,10.154999732971191,10.140000343322754,10.154999732971191,851.0
2024-03-01 13:40:00,ACET,2.4000000953674316,2.4000000953674316,2.4000000953674316,2.4000000953674316,2.4000000953674316,710.0
2024-03-01 13:40:00,ACHC,84.58499908447266,84.58499908447266,84.62999725341797,84.58499908447266,84.58999633789062,1228.0
2024-03-01 13:40:00,ACLX,67.69999694824219,67.69999694824219,67.7300033569336,67.62000274658203,67.62000274658203,1935.0
2024-03-01 13:40:00,ACON,0.4050000011920929,0.4050000011920929,0.4050000011920929,0.4050000011920929,0.4050000011920929,500.0
2024-03-01 13:40:00,ACRS,1.2400000095367432,1.2400000095367432,1.2400000095367432,1.2300000190734863,1.2400000095367432,1326.0
2024-03-01 13:40:00,ADAP,1.6100000143051147,1.6100000143051147,1.6100000143051147,1.6100000143051147,1.6100000143051147,2532.0
2024-03-01 13:40:00,ADIL,3.249500036239624,3.249500036239624,3.2799999713897705,3.240000009536743,3.2699999809265137,36516.0
2024-03-01 13:40:00,ADMA,5.559999942779541,5.559999942779541,5.559999942779541,5.55109977722168,5.55109977722168,9043.0
2024-03-01 13:40:00,ADPT,4.164999961853027,4.164999961853027,4.164999961853027,4.159999847412109,4.159999847412109,1877.0
2024-03-01 13:40:00,ADVM,1.9500000476837158,1.9500000476837158,1.9500000476837158,1.9450000524520874,1.9450000524520874,711.0
2024-03-01 13:40:00,AFMD,0.6424999833106995,0.6424999833106995,0.6516000032424927,0.6424999833106995,0.6499999761581421,38741.0
2024-03-01 13:40:00,AGEN,0.6828500032424927,0.6828500032424927,0.6828500032424927,0.6828500032424927,0.6828500032424927,2241.0
2024-03-01 13:40:00,AGIO,32.849998474121094,32.849998474121094,32.849998474121094,32.834999084472656,32.834999084472656,890.0
2024-03-01 13:40:00,AHCO,10.5649995803833,10.5649995803833,10.5649995803833,10.5649995803833,10.5649995803833,1302.0
2024-03-01 13:40:00,AIRS,6.5,6.5,6.5,6.5,6.5,120.0
2024-03-01 13:40:00,AKAN,0.21870000660419464,0.21870000660419464,0.21870000660419464,0.21870000660419464,0.21870000660419464,254.0
2024-03-01 13:40:00,AKBA,1.6799999475479126,1.6799999475479126,1.684999942779541,1.6799999475479126,1.684999942779541,2914.0
2024-03-01 13:40:00,AKRO,29.809999465942383,29.809999465942383,29.849300384521484,29.809999465942383,29.849300384521484,501.0
2024-03-01 13:40:00,AKYA,6.0,6.0,6.0,6.0,6.0,314.0
2024-03-01 13:40:00,ALEC,7.349999904632568,7.349999904632568,7.349999904632568,7.329999923706055,7.329999923706055,3810.0
2024-03-01 13:40:00,ALHC,5.630000114440918,5.630000114440918,5.644999980926514,5.630000114440918,5.639999866485596,3897.0
2024-03-01 13:40:00,ALIM,3.740000009536743,3.740000009536743,3.740000009536743,3.684999942779541,3.684999942779541,1884.0
2024-03-01 13:40:00,ALKS,30.219999313354492,30.219999313354492,30.229999542236328,30.21500015258789,30.229999542236328,1245.0
2024-03-01 13:40:00,ALLK,1.6549999713897705,1.6549999713897705,1.6649999618530273,1.6549999713897705,1.6649999618530273,9913.0
2024-03-01 13:40:00,ALNY,153.55999755859375,153.55999755859375,153.55999755859375,153.55999755859375,153.55999755859375,594.0
2024-03-01 13:40:00,ALT,12.074999809265137,12.074999809265137,12.100000381469727,12.074999809265137,12.100000381469727,4316.0
2024-03-01 13:40:00,ALVO,15.619999885559082,15.619999885559082,15.619999885559082,15.619999885559082,15.619999885559082,164.0
2024-03-01 13:40:00,ALVR,0.7552000284194946,0.7552000284194946,0.7552000284194946,0.7552000284194946,0.7552000284194946,300.0
2024-03-01 13:40:00,AMGN,281.07501220703125,281.07501220703125,281.1099853515625,280.989990234375,281.0,7060.0
2024-03-01 13:40:00,AMLX,18.649999618530273,18.649999618530273,18.649999618530273,18.649999618530273,18.649999618530273,712.0
2024-03-01 13:40:00,AMRN,1.0549999475479126,1.0549999475479126,1.0549999475479126,1.0549999475479126,1.0549999475479126,369.0
2024-03-01 13:40:00,ANIP,66.33999633789062,66.33999633789062,66.49500274658203,66.27999877929688,66.40499877929688,919.0
2024-03-01 13:40:00,ANNX,6.179999828338623,6.179999828338623,6.179999828338623,6.179999828338623,6.179999828338623,134.0
2024-03-01 13:40:00,APDN,0.5618000030517578,0.5618000030517578,0.5618000030517578,0.5618000030517578,0.5618000030517578,1105.0
2024-03-01 13:40:00,APLS,65.19000244140625,65.19000244140625,65.22000122070312,65.18009948730469,65.197998046875,2714.0
2024-03-01 13:40:00,APLT,7.139999866485596,7.139999866485596,7.139999866485596,7.139999866485596,7.139999866485596,100.0
2024-03-01 13:40:00,AQST,4.244999885559082,4.244999885559082,4.244999885559082,4.244999885559082,4.244999885559082,212.0
2024-03-01 13:40:00,ARAY,2.640000104904175,2.640000104904175,2.6449999809265137,2.640000104904175,2.6449999809265137,805.0
2024-03-01 13:40:00,ARCT,39.86000061035156,39.86000061035156,39.86000061035156,39.7599983215332,39.7599983215332,2246.0
2024-03-01 13:40:00,ARDX,9.494999885559082,9.494999885559082,9.494999885559082,9.479999542236328,9.485600471496582,4905.0
2024-03-01 13:40:00,ARQT,11.859999656677246,11.859999656677246,11.859999656677246,11.84000015258789,11.850000381469727,8542.0
2024-03-01 13:40:00,ARVN,49.03499984741211,49.03499984741211,49.03499984741211,49.02000045776367,49.02000045776367,767.0
2024-03-01 13:40:00,ARWR,35.790000915527344,35.790000915527344,35.790000915527344,35.7400016784668,35.7400016784668,3227.0
2024-03-01 13:40:00,ASRT,0.9024999737739563,0.9024999737739563,0.9049999713897705,0.9024999737739563,0.9049999713897705,393.0
2024-03-01 13:40:00,ATAI,2.1549999713897705,2.1549999713897705,2.1600000858306885,2.1500000953674316,2.1500000953674316,4079.0
2024-03-01 13:40:00,ATEC,13.4399995803833,13.4399995803833,13.444999694824219,13.4399995803833,13.4399995803833,1366.0
2024-03-01 13:40:00,ATRA,0.7836999893188477,0.7836999893188477,0.7850000262260437,0.7836999893188477,0.7850000262260437,9919.0
2024-03-01 13:40:00,ATRC,35.9900016784668,35.9900016784668,35.9900016784668,35.9900016784668,35.9900016784668,613.0
2024-03-01 13:40:00,AUPH,5.849999904632568,5.849999904632568,5.849999904632568,5.849999904632568,5.849999904632568,759.0
2024-03-01 13:40:00,AUTL,6.400000095367432,6.400000095367432,6.400000095367432,6.394999980926514,6.394999980926514,314.0
2024-03-01 13:40:00,AVDL,13.229999542236328,13.229999542236328,13.229999542236328,13.229999542236328,13.229999542236328,100.0
2024-03-01 13:40:00,AVXL,5.329999923706055,5.329999923706055,5.329999923706055,5.324999809265137,5.324999809265137,704.0
2024-03-01 13:40:00,AXGN,10.569999694824219,10.569999694824219,10.569999694824219,10.569999694824219,10.569999694824219,123.0
2024-03-01 13:40:00,AXSM,82.40499877929688,82.40499877929688,82.40499877929688,82.32499694824219,82.32499694824219,1407.0
2024-03-01 13:40:00,AZN,64.69999694824219,64.69999694824219,64.70500183105469,64.69000244140625,64.69000244140625,5276.0
2024-03-01 13:40:00,BBIO,36.119998931884766,36.119998931884766,36.119998931884766,36.119998931884766,36.119998931884766,395.0
2024-03-01 13:40:00,BBLG,2.4549999237060547,2.4549999237060547,2.469899892807007,2.4549999237060547,2.469899892807007,1360.0
2024-03-01 13:40:00,BCLI,0.34529998898506165,0.34529998898506165,0.34529998898506165,0.3425000011920929,0.3425000011920929,2700.0
2024-03-01 13:40:00,BCRX,5.710000038146973,5.710000038146973,5.710000038146973,5.704999923706055,5.704999923706055,1080.0
2024-03-01 13:40:00,BDTX,4.989999771118164,4.989999771118164,4.989999771118164,4.989999771118164,4.989999771118164,115.0
2024-03-01 13:40:00,BEAM,40.630001068115234,40.630001068115234,40.630001068115234,40.59000015258789,40.630001068115234,1684.0
2024-03-01 13:40:00,BGNE,167.17250061035156,167.17250061035156,167.17250061035156,167.17250061035156,167.17250061035156,255.0
2024-03-01 13:40:00,BGXX,0.2700999975204468,0.2700999975204468,0.2700999975204468,0.2700999975204468,0.2700999975204468,1596.0
2024-03-01 13:40:00,BIIB,221.1199951171875,221.1199951171875,221.1199951171875,221.0449981689453,221.0449981689453,623.0
2024-03-01 13:40:00,BIOL,0.14390000700950623,0.14390000700950623,0.14399999380111694,0.14159999787807465,0.14159999787807465,15500.0
2024-03-01 13:40:00,BIOR,1.1100000143051147,1.1100000143051147,1.1299999952316284,1.1100000143051147,1.1299999952316284,6153.0
2024-03-01 13:40:00,BIVI,2.2100000381469727,2.2100000381469727,2.2100000381469727,2.1500000953674316,2.1500000953674316,279393.0
2024-03-01 13:40:00,BLFS,18.280000686645508,18.280000686645508,18.299999237060547,18.270000457763672,18.299999237060547,979.0
2024-03-01 13:40:00,BLUE,1.6050000190734863,1.6050000190734863,1.6100000143051147,1.600000023841858,1.6100000143051147,15992.0
2024-03-01 13:40:00,BMEA,18.19499969482422,18.19499969482422,18.19499969482422,18.19499969482422,18.19499969482422,336.0
2024-03-01 13:40:00,BMRN,87.88500213623047,87.88500213623047,87.9000015258789,87.87999725341797,87.88999938964844,2644.0
2024-03-01 13:40:00,BNGO,1.2549999952316284,1.2549999952316284,1.2599999904632568,1.25,1.2599999904632568,17705.0
2024-03-01 13:40:00,BNOX,1.2300000190734863,1.2300000190734863,1.2300000190734863,1.2300000190734863,1.2300000190734863,100.0
2024-03-01 13:40:00,BNR,0.8394500017166138,0.8394500017166138,0.8394500017166138,0.8394500017166138,0.8394500017166138,100.0
2024-03-01 13:40:00,BNTX,91.2750015258789,91.2750015258789,91.2750015258789,91.2750015258789,91.2750015258789,663.0
2024-03-01 13:40:00,BPMC,96.80999755859375,96.80999755859375,96.80999755859375,96.80999755859375,96.80999755859375,137.0
2024-03-01 13:40:00,BRKR,88.27999877929688,88.27999877929688,88.31999969482422,88.27999877929688,88.31999969482422,1400.0
2024-03-01 13:40:00,BSGM,0.6800000071525574,0.6800000071525574,0.6800000071525574,0.6800000071525574,0.6800000071525574,286.0
2024-03-01 13:40:00,BTAI,3.176100015640259,3.176100015640259,3.176100015640259,3.176100015640259,3.176100015640259,1500.0
2024-03-01 13:40:00,BTTX,0.17829999327659607,0.17829999327659607,0.1784999966621399,0.17810000479221344,0.17810000479221344,8600.0
2024-03-01 13:40:00,BWAY,6.550000190734863,6.550000190734863,6.550000190734863,6.550000190734863,6.550000190734863,100.0
2024-03-01 13:40:00,CABA,24.274999618530273,24.274999618530273,24.280000686645508,24.274999618530273,24.280000686645508,717.0
2024-03-01 13:40:00,CADL,1.7695000171661377,1.7695000171661377,1.7695000171661377,1.7695000171661377,1.7695000171661377,650.0
2024-03-01 13:40:00,CAPR,4.502299785614014,4.502299785614014,4.502299785614014,4.502299785614014,4.502299785614014,1500.0
2024-03-01 13:40:00,CBAY,32.2400016784668,32.2400016784668,32.2400016784668,32.22999954223633,32.22999954223633,5684.0
2024-03-01 13:40:00,CCCC,11.03499984741211,11.03499984741211,11.039999961853027,11.03499984741211,11.03499984741211,1494.0
2024-03-01 13:40:00,CDMO,8.109999656677246,8.109999656677246,8.109999656677246,8.104999542236328,8.104999542236328,454.0
2024-03-01 13:40:00,CDNA,12.449999809265137,12.449999809265137,12.449999809265137,12.444999694824219,12.449999809265137,824.0
2024-03-01 13:40:00,CDTX,0.7218000292778015,0.7218000292778015,0.7218000292778015,0.7218000292778015,0.7218000292778015,800.0
2024-03-01 13:40:00,CDXS,4.550000190734863,4.550000190734863,4.559999942779541,4.545000076293945,4.554999828338623,9113.0
2024-03-01 13:40:00,CELC,16.56999969482422,16.56999969482422,16.56999969482422,16.440000534057617,16.440000534057617,2106.0
2024-03-01 13:40:00,CELZ,4.25,4.25,4.25,4.25,4.25,138.0
2024-03-01 13:40:00,CERE,41.099998474121094,41.099998474121094,41.11000061035156,41.099998474121094,41.10499954223633,1111.0
2024-03-01 13:40:00,CERS,2.2049999237060547,2.2049999237060547,2.2100000381469727,2.200000047683716,2.2100000381469727,3570.0
2024-03-01 13:40:00,CERT,17.889999389648438,17.889999389648438,17.899999618530273,17.882999420166016,17.899999618530273,1075.0
2024-03-01 13:40:00,CGC,3.244999885559082,3.244999885559082,3.244999885559082,3.244999885559082,3.244999885559082,262.0
2024-03-01 13:40:00,CGEN,2.690000057220459,2.690000057220459,2.690000057220459,2.690000057220459,2.690000057220459,345.0
2024-03-01 13:40:00,CHRS,2.420099973678589,2.420099973678589,2.430000066757202,2.420099973678589,2.424999952316284,12463.0
2024-03-01 13:40:00,CJJD,2.890000104904175,2.890000104904175,2.890000104904175,2.890000104904175,2.890000104904175,556.0
2024-03-01 13:40:00,CKPT,2.200000047683716,2.200000047683716,2.200000047683716,2.200000047683716,2.200000047683716,100.0
2024-03-01 13:40:00,CLDX,52.77000045776367,52.77000045776367,52.91999816894531,52.720001220703125,52.91999816894531,4187.0
2024-03-01 13:40:00,CLNN,0.39489999413490295,0.39489999413490295,0.3949500024318695,0.39489999413490295,0.3949500024318695,1268.0
2024-03-01 13:40:00,CLOV,0.870199978351593,0.870199978351593,0.870199978351593,0.8700000047683716,0.8700000047683716,4723.0
2024-03-01 13:40:00,CLRB,4.139999866485596,4.139999866485596,4.139999866485596,4.130000114440918,4.130000114440918,5666.0
2024-03-01 13:40:00,CLSD,1.3600000143051147,1.3600000143051147,1.3899999856948853,1.3600000143051147,1.3899999856948853,4081.0
2024-03-01 13:40:00,CMMB,0.6499999761581421,0.6499999761581421,0.6499999761581421,0.6471999883651733,0.6471999883651733,2626.0
2024-03-01 13:40:00,CMPS,11.390000343322754,11.390000343322754,11.399999618530273,11.390000343322754,11.399999618530273,464.0
2024-03-01 13:40:00,CMPX,1.8799999952316284,1.8799999952316284,1.8799999952316284,1.8799999952316284,1.8799999952316284,229.0
2024-03-01 13:40:00,CNSP,0.3199999928474426,0.3199999928474426,0.32249999046325684,0.3199999928474426,0.32010000944137573,10931.0
2024-03-01 13:40:00,CNTX,1.149999976158142,1.149999976158142,1.1649999618530273,1.149999976158142,1.149999976158142,773.0
2024-03-01 13:40:00,COGT,7.199999809265137,7.199999809265137,7.199999809265137,7.199999809265137,7.199999809265137,243.0
2024-03-01 13:40:00,COLL,36.880001068115234,36.880001068115234,36.880001068115234,36.880001068115234,36.880001068115234,557.0
2024-03-01 13:40:00,CORT,24.40999984741211,24.40999984741211,24.40999984741211,24.399999618530273,24.399999618530273,1121.0
2024-03-01 13:40:00,CPRX,17.3700008392334,17.3700008392334,17.450000762939453,17.329999923706055,17.329999923706055,28497.0
2024-03-01 13:40:00,CRBP,32.75,32.75,32.75,32.58000183105469,32.70000076293945,3998.0
2024-03-01 13:40:00,CRBU,7.974999904632568,7.974999904632568,7.974999904632568,7.960000038146973,7.96999979019165,2694.0
2024-03-01 13:40:00,CRDF,2.4793999195098877,2.4793999195098877,2.4800000190734863,2.4600000381469727,2.4600000381469727,9296.0
2024-03-01 13:40:00,CRDL,1.9299999475479126,1.9299999475479126,1.9299999475479126,1.9299999475479126,1.9299999475479126,1032.0
2024-03-01 13:40:00,CRNX,46.72999954223633,46.72999954223633,46.72999954223633,46.720001220703125,46.720001220703125,447.0
2024-03-01 13:40:00,CRON,2.049999952316284,2.049999952316284,2.055000066757202,2.049999952316284,2.049999952316284,300.0
2024-03-01 13:40:00,CRSP,86.13999938964844,86.13999938964844,86.16000366210938,86.0199966430664,86.08999633789062,2348.0
2024-03-01 13:40:00,CRVS,2.25,2.25,2.25,2.25,2.25,700.0
2024-03-01 13:40:00,CSTL,20.079999923706055,20.079999923706055,20.110000610351562,20.079999923706055,20.110000610351562,1543.0
2024-03-01 13:40:00,CTMX,2.625,2.625,2.625,2.619999885559082,2.625,7447.0
2024-03-01 13:40:00,CUE,2.194999933242798,2.194999933242798,2.194999933242798,2.194999933242798,2.194999933242798,100.0
2024-03-01 13:40:00,CUTR,2.380000114440918,2.380000114440918,2.380000114440918,2.380000114440918,2.380000114440918,420.0
2024-03-01 13:40:00,CVAC,3.5,3.5,3.5,3.5,3.5,104.0
2024-03-01 13:40:00,CYT,3.109999895095825,3.109999895095825,3.109999895095825,3.0799999237060547,3.0950000286102295,4001.0
2024-03-01 13:40:00,CYTK,72.72000122070312,72.72000122070312,72.76499938964844,72.72000122070312,72.76000213623047,1729.0
2024-03-01 13:40:00,DAWN,17.53499984741211,17.53499984741211,17.53499984741211,17.520000457763672,17.520000457763672,3593.0
2024-03-01 13:40:00,DCGO,4.21999979019165,4.21999979019165,4.224999904632568,4.210000038146973,4.21999979019165,5061.0
2024-03-01 13:40:00,DCPH,17.5,17.5,17.540000915527344,17.5,17.530000686645508,17653.0
2024-03-01 13:40:00,DH,8.835000038146973,8.835000038146973,8.857600212097168,8.819999694824219,8.857600212097168,991.0
2024-03-01 13:40:00,DNLI,21.190000534057617,21.190000534057617,21.190000534057617,21.139999389648438,21.139999389648438,2398.0
2024-03-01 13:40:00,DRMA,0.4586000144481659,0.4586000144481659,0.4586000144481659,0.4586000144481659,0.4586000144481659,100.0
2024-03-01 13:40:00,DTIL,12.556300163269043,12.556300163269043,12.556300163269043,12.556300163269043,12.556300163269043,296.0
2024-03-01 13:40:00,DVAX,12.885000228881836,12.885000228881836,12.890000343322754,12.880000114440918,12.880000114440918,1430.0
2024-03-01 13:40:00,DXCM,121.52999877929688,121.52999877929688,121.54499816894531,121.51499938964844,121.54000091552734,3225.0
2024-03-01 13:40:00,DYN,29.184999465942383,29.184999465942383,29.184999465942383,29.174999237060547,29.184999465942383,4512.0
2024-03-01 13:40:00,EDIT,10.920000076293945,10.920000076293945,10.920000076293945,10.920000076293945,10.920000076293945,1649.0
2024-03-01 13:40:00,EGRX,6.690000057220459,6.690000057220459,6.730000019073486,6.690000057220459,6.730000019073486,4675.0
2024-03-01 13:40:00,ELEV,5.010000228881836,5.010000228881836,5.03000020980835,5.010000228881836,5.019999980926514,701.0
2024-03-01 13:40:00,ENVB,1.5299999713897705,1.5299999713897705,1.559999942779541,1.5199999809265137,1.5406999588012695,14277.0
2024-03-01 13:40:00,EQ,2.5,2.5,2.5,2.5,2.5,500.0
2024-03-01 13:40:00,ERAS,2.484999895095825,2.484999895095825,2.484999895095825,2.484999895095825,2.484999895095825,401.0
2024-03-01 13:40:00,ESPR,2.5250000953674316,2.5250000953674316,2.5250000953674316,2.5199999809265137,2.5199999809265137,4040.0
2024-03-01 13:40:00,ESTA,45.400001525878906,45.400001525878906,45.439998626708984,45.369998931884766,45.439998626708984,702.0
2024-03-01 13:40:00,ETNB,13.220000267028809,13.220000267028809,13.260000228881836,13.220000267028809,13.260000228881836,4564.0
2024-03-01 13:40:00,ETON,4.489999771118164,4.489999771118164,4.489999771118164,4.489999771118164,4.489999771118164,100.0
2024-03-01 13:40:00,EVGN,0.9898999929428101,0.9898999929428101,0.9898999929428101,0.9860000014305115,0.9860000014305115,5500.0
2024-03-01 13:40:00,EWTX,17.0049991607666,17.0049991607666,17.0049991607666,17.0049991607666,17.0049991607666,176.0
2024-03-01 13:40:00,EXAS,60.03499984741211,60.03499984741211,60.03499984741211,59.974998474121094,59.974998474121094,2034.0
2024-03-01 13:40:00,EXEL,22.4950008392334,22.4950008392334,22.5049991607666,22.475000381469727,22.489999771118164,49832.0
2024-03-01 13:40:00,FATE,7.744999885559082,7.744999885559082,7.744999885559082,7.744999885559082,7.744999885559082,473.0
2024-03-01 13:40:00,FDMT,29.315000534057617,29.315000534057617,29.315000534057617,29.315000534057617,29.315000534057617,298.0
2024-03-01 13:40:00,FGEN,1.8799999952316284,1.8799999952316284,1.8799999952316284,1.875,1.875,903.0
2024-03-01 13:40:00,FOLD,13.375,13.375,13.375,13.369999885559082,13.369999885559082,2895.0
2024-03-01 13:40:00,FULC,11.15999984741211,11.15999984741211,11.15999984741211,11.145000457763672,11.145000457763672,1566.0
2024-03-01 13:40:00,FUSN,12.420000076293945,12.420000076293945,12.4350004196167,12.420000076293945,12.4350004196167,1150.0
2024-03-01 13:40:00,GANX,4.639999866485596,4.639999866485596,4.639999866485596,4.639999866485596,4.639999866485596,100.0
2024-03-01 13:40:00,GDRX,8.399999618530273,8.399999618530273,8.40999984741211,8.385000228881836,8.399999618530273,10599.0
2024-03-01 13:40:00,GERN,2.251300096511841,2.251300096511841,2.259999990463257,2.251300096511841,2.251699924468994,2383.0
2024-03-01 13:40:00,GH,19.06999969482422,19.06999969482422,19.079999923706055,19.065000534057617,19.079999923706055,688.0
2024-03-01 13:40:00,GILD,72.32499694824219,72.32499694824219,72.33499908447266,72.28500366210938,72.30500030517578,9090.0
2024-03-01 13:40:00,GLTO,0.75,0.75,0.75,0.7400000095367432,0.7400000095367432,15264.0
2024-03-01 13:40:00,GLYC,3.0399999618530273,3.0399999618530273,3.0399999618530273,3.030100107192993,3.030100107192993,250.0
2024-03-01 13:40:00,GOSS,1.3949999809265137,1.3949999809265137,1.3949999809265137,1.3949999809265137,1.3949999809265137,300.0
2024-03-01 13:40:00,GRFS,7.09499979019165,7.09499979019165,7.099999904632568,7.091000080108643,7.09499979019165,1375.0
2024-03-01 13:40:00,GRTS,2.1500000953674316,2.1500000953674316,2.157900094985962,2.1500000953674316,2.1549999713897705,7340.0
2024-03-01 13:40:00,GTHX,3.7950000762939453,3.7950000762939453,3.7950000762939453,3.7799999713897705,3.782099962234497,3233.0
2024-03-01 13:40:00,HALO,41.43000030517578,41.43000030517578,41.43000030517578,41.41999816894531,41.41999816894531,1623.0
2024-03-01 13:40:00,HARP,22.940000534057617,22.940000534057617,22.950000762939453,22.940000534057617,22.94499969482422,11542.0
2024-03-01 13:40:00,HCAT,8.104999542236328,8.104999542236328,8.109999656677246,8.104999542236328,8.109999656677246,1640.0
2024-03-01 13:40:00,HITI,1.7649999856948853,1.7649999856948853,1.7649999856948853,1.7649999856948853,1.7649999856948853,300.0
2024-03-01 13:40:00,HLTH,0.2750000059604645,0.2750000059604645,0.2750000059604645,0.2750000059604645,0.2750000059604645,10230.0
2024-03-01 13:40:00,HOWL,7.065000057220459,7.065000057220459,7.065000057220459,7.065000057220459,7.065000057220459,375.0
2024-03-01 13:40:00,HQY,81.5199966430664,81.5199966430664,81.62000274658203,81.5199966430664,81.58999633789062,3453.0
2024-03-01 13:40:00,HRMY,31.65999984741211,31.65999984741211,31.670000076293945,31.65999984741211,31.670000076293945,712.0
2024-03-01 13:40:00,HRTX,2.5899999141693115,2.5899999141693115,2.59089994430542,2.5899999141693115,2.5899999141693115,711.0
2024-03-01 13:40:00,HSIC,76.80000305175781,76.80000305175781,76.80000305175781,76.80000305175781,76.80000305175781,629.0
2024-03-01 13:40:00,HUMA,3.3299999237060547,3.3299999237060547,3.3324999809265137,3.3299999237060547,3.3310000896453857,1091.0
2024-03-01 13:40:00,IART,36.525001525878906,36.525001525878906,36.529998779296875,36.525001525878906,36.529998779296875,495.0
2024-03-01 13:40:00,IBRX,4.855000019073486,4.855000019073486,4.864999771118164,4.849999904632568,4.860000133514404,4861.0
2024-03-01 13:40:00,ICAD,1.8799999952316284,1.8799999952316284,1.8799999952316284,1.8799999952316284,1.8799999952316284,200.0
2024-03-01 13:40:00,ICLR,322.5,322.5,322.5,322.29998779296875,322.30999755859375,1560.0
2024-03-01 13:40:00,ICUI,106.04000091552734,106.04000091552734,106.04000091552734,106.0,106.0,969.0
2024-03-01 13:40:00,IDYA,46.790000915527344,46.790000915527344,46.790000915527344,46.790000915527344,46.790000915527344,226.0
2024-03-01 13:40:00,IGMS,13.600000381469727,13.600000381469727,13.600000381469727,13.600000381469727,13.600000381469727,267.0
2024-03-01 13:40:00,IKNA,1.4800000190734863,1.4800000190734863,1.4800000190734863,1.4800000190734863,1.4800000190734863,1638.0
2024-03-01 13:40:00,ILMN,142.35000610351562,142.35000610351562,142.35000610351562,142.35000610351562,142.35000610351562,524.0
2024-03-01 13:40:00,IMAB,1.8229000568389893,1.8229000568389893,1.8229000568389893,1.8229000568389893,1.8229000568389893,250.0
2024-03-01 13:40:00,IMMX,3.565000057220459,3.565000057220459,3.565000057220459,3.565000057220459,3.565000057220459,100.0
2024-03-01 13:40:00,IMNM,25.399999618530273,25.399999618530273,25.440000534057617,25.399999618530273,25.440000534057617,742.0
2024-03-01 13:40:00,IMUX,1.475000023841858,1.475000023841858,1.475000023841858,1.475000023841858,1.475000023841858,121.0
2024-03-01 13:40:00,IMVT,35.95000076293945,35.95000076293945,35.98500061035156,35.95000076293945,35.98500061035156,2329.0
2024-03-01 13:40:00,INMB,12.279999732971191,12.279999732971191,12.279999732971191,12.279999732971191,12.279999732971191,164.0
2024-03-01 13:40:00,INMD,22.885000228881836,22.885000228881836,22.885000228881836,22.88249969482422,22.885000228881836,877.0
2024-03-01 13:40:00,INO,9.539999961853027,9.539999961853027,9.539999961853027,9.520000457763672,9.520000457763672,831.0
2024-03-01 13:40:00,INSM,28.389999389648438,28.389999389648438,28.389999389648438,28.364999771118164,28.3700008392334,2522.0
2024-03-01 13:40:00,INVA,15.649999618530273,15.649999618530273,15.654999732971191,15.645000457763672,15.645000457763672,2445.0
2024-03-01 13:40:00,IOBT,1.8499000072479248,1.8499000072479248,1.8499000072479248,1.8499000072479248,1.8499000072479248,300.0
2024-03-01 13:40:00,IONS,46.0,46.0,46.0,45.959999084472656,45.970001220703125,4331.0
2024-03-01 13:40:00,IOVA,17.135000228881836,17.135000228881836,17.174999237060547,17.1200008392334,17.1200008392334,27445.0
2024-03-01 13:40:00,IPSC,3.8610999584198,3.8610999584198,3.8610999584198,3.8610999584198,3.8610999584198,1906.0
2024-03-01 13:40:00,IRTC,121.55999755859375,121.55999755859375,121.63929748535156,121.55999755859375,121.63929748535156,488.0
2024-03-01 13:40:00,IRWD,9.055000305175781,9.055000305175781,9.055000305175781,9.024999618530273,9.039999961853027,22408.0
2024-03-01 13:40:00,ITCI,71.7249984741211,71.7249984741211,71.73500061035156,71.7249984741211,71.73500061035156,373.0
2024-03-01 13:40:00,IXHL,5.478000164031982,5.478000164031982,5.478000164031982,5.478000164031982,5.478000164031982,182.0
2024-03-01 13:40:00,JAGX,0.07180000096559525,0.07180000096559525,0.07190000265836716,0.07109999656677246,0.07159999758005142,157799.0
2024-03-01 13:40:00,JAZZ,119.48999786376953,119.48999786376953,119.48999786376953,119.4800033569336,119.4800033569336,748.0
2024-03-01 13:40:00,KALV,14.194999694824219,14.194999694824219,14.194999694824219,14.194999694824219,14.194999694824219,191.0
2024-03-01 13:40:00,KNSA,21.829999923706055,21.829999923706055,21.829999923706055,21.829999923706055,21.829999923706055,104.0
2024-03-01 13:40:00,KNTE,2.5999999046325684,2.5999999046325684,2.5999999046325684,2.5999999046325684,2.5999999046325684,1061.0
2024-03-01 13:40:00,KPTI,1.2000000476837158,1.2000000476837158,1.2000000476837158,1.190000057220459,1.1950000524520874,1700.0
2024-03-01 13:40:00,KRON,1.024999976158142,1.024999976158142,1.024999976158142,1.024999976158142,1.024999976158142,100.0
2024-03-01 13:40:00,KRTX,316.8500061035156,316.8500061035156,316.8999938964844,316.7799987792969,316.8599853515625,838.0
2024-03-01 13:40:00,KTRA,0.09870000183582306,0.09870000183582306,0.09870000183582306,0.09870000183582306,0.09870000183582306,5000.0
2024-03-01 13:40:00,KTTA,7.512499809265137,7.512499809265137,7.512499809265137,7.512499809265137,7.512499809265137,146.0
2024-03-01 13:40:00,KURA,21.704700469970703,21.704700469970703,21.725000381469727,21.65999984741211,21.690000534057617,3906.0
2024-03-01 13:40:00,KYMR,44.220001220703125,44.220001220703125,44.2599983215332,44.20000076293945,44.209999084472656,3283.0
2024-03-01 13:40:00,KZR,1.0800000429153442,1.0800000429153442,1.0800000429153442,1.0750000476837158,1.0750000476837158,400.0
2024-03-01 13:40:00,LAB,2.481300115585327,2.481300115585327,2.490000009536743,2.481300115585327,2.490000009536743,1460.0
2024-03-01 13:40:00,LBPH,21.850000381469727,21.850000381469727,21.850000381469727,21.850000381469727,21.850000381469727,218.0
2024-03-01 13:40:00,LEGN,65.83999633789062,65.83999633789062,65.86000061035156,65.83999633789062,65.86000061035156,532.0
2024-03-01 13:40:00,LFMD,8.0,8.0,8.0,8.0,8.0,318.0
2024-03-01 13:40:00,LFST,7.775000095367432,7.775000095367432,7.775000095367432,7.760000228881836,7.760000228881836,1671.0
2024-03-01 13:40:00,LIAN,4.864999771118164,4.864999771118164,4.864999771118164,4.860000133514404,4.860000133514404,300.0
2024-03-01 13:40:00,LIFE,1.940000057220459,1.940000057220459,1.9500000476837158,1.940000057220459,1.9500000476837158,10964.0
2024-03-01 13:40:00,LIVN,55.88999938964844,55.88999938964844,55.88999938964844,55.88999938964844,55.88999938964844,299.0
2024-03-01 13:40:00,LMAT,68.04000091552734,68.04000091552734,68.06999969482422,68.04000091552734,68.06999969482422,335.0
2024-03-01 13:40:00,LQDA,14.6899995803833,14.6899995803833,14.6899995803833,14.6899995803833,14.6899995803833,391.0
2024-03-01 13:40:00,LTRN,4.559700012207031,4.559700012207031,4.559700012207031,4.460000038146973,4.460000038146973,365.0
2024-03-01 13:40:00,LVTX,2.9100000858306885,2.9100000858306885,2.9100000858306885,2.8949999809265137,2.9000000953674316,1779.0
2024-03-01 13:40:00,LXRX,2.5350000858306885,2.5350000858306885,2.5350000858306885,2.5350000858306885,2.5350000858306885,1145.0
2024-03-01 13:40:00,LYEL,3.2049999237060547,3.2049999237060547,3.2049999237060547,3.200000047683716,3.200000047683716,1598.0
2024-03-01 13:40:00,LYRA,5.699999809265137,5.699999809265137,5.699999809265137,5.690000057220459,5.699999809265137,1238.0
2024-03-01 13:40:00,MASI,128.77000427246094,128.77000427246094,128.77000427246094,128.77000427246094,128.77000427246094,219.0
2024-03-01 13:40:00,MASS,7.329999923706055,7.329999923706055,7.340000152587891,7.329999923706055,7.340000152587891,1914.0
2024-03-01 13:40:00,MCRB,1.2000999450683594,1.2000999450683594,1.2000999450683594,1.2000000476837158,1.2000000476837158,22140.0
2024-03-01 13:40:00,MDRX,5.989999771118164,5.989999771118164,5.989999771118164,5.989999771118164,5.989999771118164,29826.0
2024-03-01 13:40:00,MDWD,14.29990005493164,14.29990005493164,14.300000190734863,14.29990005493164,14.300000190734863,210.0
2024-03-01 13:40:00,MDXG,8.6899995803833,8.6899995803833,8.6899995803833,8.6899995803833,8.6899995803833,115.0
2024-03-01 13:40:00,ME,0.571399986743927,0.571399986743927,0.5716000199317932,0.571399986743927,0.5715000033378601,14427.0
2024-03-01 13:40:00,MGNX,19.094999313354492,19.094999313354492,19.100000381469727,19.059999465942383,19.077600479125977,4062.0
2024-03-01 13:40:00,MGTX,6.449999809265137,6.449999809265137,6.449999809265137,6.449999809265137,6.449999809265137,100.0
2024-03-01 13:40:00,MIST,1.7549999952316284,1.7549999952316284,1.7549999952316284,1.7549999952316284,1.7549999952316284,1732.0
2024-03-01 13:40:00,MLTX,51.20009994506836,51.20009994506836,51.29499816894531,51.20000076293945,51.29499816894531,2176.0
2024-03-01 13:40:00,MNKD,4.565000057220459,4.565000057220459,4.565000057220459,4.554999828338623,4.559500217437744,26729.0
2024-03-01 13:40:00,MOR,17.549999237060547,17.549999237060547,17.549999237060547,17.549999237060547,17.549999237060547,340.0
2024-03-01 13:40:00,MORF,39.52000045776367,39.52000045776367,39.52000045776367,39.52000045776367,39.52000045776367,214.0
2024-03-01 13:40:00,MOTS,0.6532999873161316,0.6532999873161316,0.6532999873161316,0.6532999873161316,0.6532999873161316,600.0
2024-03-01 13:40:00,MRAI,1.600000023841858,1.600000023841858,1.600000023841858,1.600000023841858,1.600000023841858,860.0
2024-03-01 13:40:00,MREO,3.990000009536743,3.990000009536743,4.0,3.990000009536743,4.0,927.0
2024-03-01 13:40:00,MRNA,95.8949966430664,95.8949966430664,95.91999816894531,95.875,95.875,3838.0
2024-03-01 13:40:00,MRSN,5.974999904632568,5.974999904632568,5.985000133514404,5.960000038146973,5.96999979019165,7436.0
2024-03-01 13:40:00,MRUS,51.2599983215332,51.2599983215332,51.29999923706055,51.2599983215332,51.29999923706055,1222.0
2024-03-01 13:40:00,MRVI,7.710000038146973,7.710000038146973,7.715000152587891,7.710000038146973,7.715000152587891,1278.0
2024-03-01 13:40:00,MYGN,21.905000686645508,21.905000686645508,21.905000686645508,21.8799991607666,21.8799991607666,2075.0
2024-03-01 13:40:00,NARI,45.54999923706055,45.54999923706055,45.7400016784668,45.54999923706055,45.7400016784668,8067.0
2024-03-01 13:40:00,NBIX,131.9600067138672,131.9600067138672,132.00999450683594,131.84500122070312,131.84500122070312,4120.0
2024-03-01 13:40:00,NEO,16.040000915527344,16.040000915527344,16.040000915527344,16.020000457763672,16.030000686645508,1025.0
2024-03-01 13:40:00,NGM,1.5299999713897705,1.5299999713897705,1.5299999713897705,1.5299999713897705,1.5299999713897705,1099.0
2024-03-01 13:40:00,NKTX,12.899999618530273,12.899999618530273,12.899999618530273,12.890000343322754,12.890000343322754,639.0
2024-03-01 13:40:00,NNOX,11.010000228881836,11.010000228881836,11.010000228881836,10.989899635314941,10.989899635314941,3399.0
2024-03-01 13:40:00,NOTV,8.119999885559082,8.119999885559082,8.149999618530273,8.119999885559082,8.149999618530273,466.0
2024-03-01 13:40:00,NRBO,5.9496002197265625,5.9496002197265625,5.9496002197265625,5.9496002197265625,5.9496002197265625,750.0
2024-03-01 13:40:00,NRSN,2.0292000770568848,2.0292000770568848,2.0292000770568848,2.015000104904175,2.0197999477386475,9971.0
2024-03-01 13:40:00,NRXP,0.4180999994277954,0.4180999994277954,0.42890000343322754,0.4180999994277954,0.4253999888896942,2016.0
2024-03-01 13:40:00,NTLA,33.54999923706055,33.54999923706055,33.54999923706055,33.5099983215332,33.5099983215332,1709.0
2024-03-01 13:40:00,NTRA,89.36000061035156,89.36000061035156,89.43000030517578,89.33000183105469,89.43000030517578,753.0
2024-03-01 13:40:00,NUTX,0.11344999819993973,0.11344999819993973,0.1136000007390976,0.1128000020980835,0.11309999972581863,17757.0
2024-03-01 13:40:00,NUVL,88.6500015258789,88.6500015258789,88.6500015258789,88.6500015258789,88.6500015258789,295.0
2024-03-01 13:40:00,NVAX,5.232999801635742,5.232999801635742,5.239999771118164,5.230000019073486,5.235000133514404,4881.0
2024-03-01 13:40:00,NVCR,15.984999656677246,15.984999656677246,16.010000228881836,15.984999656677246,16.010000228881836,2372.0
2024-03-01 13:40:00,OCGN,0.9700509905815125,0.9700509905815125,0.9732999801635742,0.9668009877204895,0.9732999801635742,4508.0
2024-03-01 13:40:00,OCUL,10.869999885559082,10.869999885559082,10.875,10.864999771118164,10.864999771118164,6755.0
2024-03-01 13:40:00,OFIX,12.899999618530273,12.899999618530273,12.899999618530273,12.899999618530273,12.899999618530273,282.0
2024-03-01 13:40:00,OGI,2.194999933242798,2.194999933242798,2.200000047683716,2.190000057220459,2.191999912261963,6136.0
2024-03-01 13:40:00,OLK,22.93000030517578,22.93000030517578,22.959999084472656,22.860000610351562,22.860000610351562,8963.0
2024-03-01 13:40:00,OLMA,14.8100004196167,14.8100004196167,14.8100004196167,14.770000457763672,14.770000457763672,1369.0
2024-03-01 13:40:00,OM,3.1600000858306885,3.1600000858306885,3.1600000858306885,3.1600000858306885,3.1600000858306885,934.0
2024-03-01 13:40:00,OMCL,26.389999389648438,26.389999389648438,26.389999389648438,26.290000915527344,26.290000915527344,2582.0
2024-03-01 13:40:00,OMER,4.769999980926514,4.769999980926514,4.78000020980835,4.769999980926514,4.78000020980835,1293.0
2024-03-01 13:40:00,OMGA,4.260000228881836,4.260000228881836,4.260000228881836,4.259900093078613,4.259900093078613,8489.0
2024-03-01 13:41:00,ABCL,5.210000038146973,5.210000038146973,5.21999979019165,5.210000038146973,5.21999979019165,2590.0
2024-03-01 13:41:00,ABEO,7.840000152587891,7.840000152587891,7.840000152587891,7.840000152587891,7.840000152587891,228.0
2024-03-01 13:41:00,ABOS,4.699999809265137,4.699999809265137,4.699999809265137,4.690000057220459,4.699999809265137,8491.0
2024-03-01 13:41:00,ABSI,5.42140007019043,5.42140007019043,5.440000057220459,5.400000095367432,5.409999847412109,7363.0
2024-03-01 13:41:00,ABUS,2.779900074005127,2.779900074005127,2.779900074005127,2.779900074005127,2.779900074005127,212.0
2024-03-01 13:41:00,ACAD,24.31999969482422,24.31999969482422,24.31999969482422,24.31999969482422,24.31999969482422,1453.0
2024-03-01 13:41:00,ACB,3.23009991645813,3.23009991645813,3.239500045776367,3.2300000190734863,3.2300000190734863,1617.0
2024-03-01 13:41:00,ACCD,10.140000343322754,10.140000343322754,10.149999618530273,10.140000343322754,10.145000457763672,1804.0
2024-03-01 13:41:00,ACET,2.3949999809265137,2.3949999809265137,2.3949999809265137,2.3949999809265137,2.3949999809265137,400.0
2024-03-01 13:41:00,ACLX,67.84249877929688,67.84249877929688,67.84249877929688,67.72000122070312,67.72000122070312,1326.0
2024-03-01 13:41:00,ACRS,1.2350000143051147,1.2350000143051147,1.2400000095367432,1.2300000190734863,1.2400000095367432,520.0
2024-03-01 13:41:00,ADIL,3.2100000381469727,3.2100000381469727,3.2585999965667725,3.2100000381469727,3.2585999965667725,35336.0
2024-03-01 13:41:00,ADMA,5.559999942779541,5.559999942779541,5.559999942779541,5.55049991607666,5.55049991607666,1548.0
2024-03-01 13:41:00,ADPT,4.159999847412109,4.159999847412109,4.164999961853027,4.159999847412109,4.164999961853027,562.0
2024-03-01 13:41:00,ADUS,94.0199966430664,94.0199966430664,94.0199966430664,94.0199966430664,94.0199966430664,100.0
2024-03-01 13:41:00,AFMD,0.6499999761581421,0.6499999761581421,0.6499999761581421,0.6499999761581421,0.6499999761581421,1000.0
2024-03-01 13:41:00,AGEN,0.6828749775886536,0.6828749775886536,0.6828749775886536,0.6828749775886536,0.6828749775886536,525.0
2024-03-01 13:41:00,AGIO,32.8650016784668,32.8650016784668,32.869998931884766,32.834999084472656,32.834999084472656,996.0
2024-03-01 13:41:00,AHCO,10.550000190734863,10.550000190734863,10.5600004196167,10.53499984741211,10.5600004196167,7442.0
2024-03-01 13:41:00,AKBA,1.6799999475479126,1.6799999475479126,1.684999942779541,1.6799999475479126,1.684999942779541,1201.0
2024-03-01 13:41:00,AKLI,0.34040001034736633,0.34040001034736633,0.34040001034736633,0.34040001034736633,0.34040001034736633,364.0
2024-03-01 13:41:00,AKRO,29.899999618530273,29.899999618530273,29.940000534057617,29.860000610351562,29.860000610351562,3622.0
2024-03-01 13:41:00,ALDX,4.320099830627441,4.320099830627441,4.320099830627441,4.320099830627441,4.320099830627441,539.0
2024-03-01 13:41:00,ALEC,7.349999904632568,7.349999904632568,7.360000133514404,7.349999904632568,7.355000019073486,1966.0
2024-03-01 13:41:00,ALGN,303.9750061035156,303.9750061035156,303.9750061035156,303.9750061035156,303.9750061035156,323.0
2024-03-01 13:41:00,ALHC,5.630000114440918,5.630000114440918,5.630000114440918,5.630000114440918,5.630000114440918,262.0
2024-03-01 13:41:00,ALKS,30.219999313354492,30.219999313354492,30.219999313354492,30.21500015258789,30.21500015258789,6416.0
2024-03-01 13:41:00,ALLK,1.6549999713897705,1.6549999713897705,1.6549999713897705,1.6500999927520752,1.6500999927520752,1163.0
2024-03-01 13:41:00,ALLO,5.050000190734863,5.050000190734863,5.059999942779541,5.050000190734863,5.059999942779541,1893.0
2024-03-01 13:41:00,ALPN,35.90999984741211,35.90999984741211,35.939998626708984,35.90999984741211,35.93000030517578,3024.0
2024-03-01 13:41:00,ALT,12.100000381469727,12.100000381469727,12.100000381469727,12.074999809265137,12.074999809265137,3471.0
2024-03-01 13:41:00,AMGN,281.1400146484375,281.1400146484375,281.20001220703125,281.0849914550781,281.0849914550781,5234.0
2024-03-01 13:41:00,AMLX,18.684999465942383,18.684999465942383,18.690000534057617,18.657499313354492,18.670000076293945,6755.0
2024-03-01 13:41:00,AMPH,45.400001525878906,45.400001525878906,45.400001525878906,45.400001525878906,45.400001525878906,1264.0
2024-03-01 13:41:00,AMRN,1.0549999475479126,1.0549999475479126,1.059999942779541,1.0499999523162842,1.0549999475479126,6583.0
2024-03-01 13:41:00,ANAB,25.459999084472656,25.459999084472656,25.459999084472656,25.459999084472656,25.459999084472656,100.0
2024-03-01 13:41:00,ANNX,6.210000038146973,6.210000038146973,6.210000038146973,6.179999828338623,6.199999809265137,2149.0
2024-03-01 13:41:00,APLS,65.06999969482422,65.06999969482422,65.22000122070312,65.05999755859375,65.19999694824219,9180.0
2024-03-01 13:41:00,APLT,7.170000076293945,7.170000076293945,7.190000057220459,7.150000095367432,7.150000095367432,6650.0
2024-03-01 13:41:00,AQST,4.235000133514404,4.235000133514404,4.244999885559082,4.230000019073486,4.240900039672852,4339.0
2024-03-01 13:41:00,ARCT,39.869998931884766,39.869998931884766,39.869998931884766,39.869998931884766,39.869998931884766,584.0
2024-03-01 13:41:00,ARDX,9.5,9.5,9.5,9.489999771118164,9.494999885559082,5286.0
2024-03-01 13:41:00,ARQT,11.899999618530273,11.899999618530273,11.899999618530273,11.864999771118164,11.864999771118164,4832.0
2024-03-01 13:41:00,ARVN,49.060001373291016,49.060001373291016,49.11000061035156,49.060001373291016,49.06999969482422,1081.0
2024-03-01 13:41:00,ARWR,35.779998779296875,35.779998779296875,35.80500030517578,35.779998779296875,35.80500030517578,369.0
2024-03-01 13:41:00,ASRT,0.9035500288009644,0.9035500288009644,0.9049999713897705,0.9035500288009644,0.9049999713897705,2701.0
2024-03-01 13:41:00,ATAI,2.1600000858306885,2.1600000858306885,2.1600000858306885,2.1517999172210693,2.1549999713897705,1776.0
2024-03-01 13:41:00,ATEC,13.4350004196167,13.4350004196167,13.444999694824219,13.4350004196167,13.444999694824219,3907.0
2024-03-01 13:41:00,ATRA,0.7820000052452087,0.7820000052452087,0.7838500142097473,0.7820000052452087,0.7838500142097473,4868.0
2024-03-01 13:41:00,ATXI,0.1559000015258789,0.1559000015258789,0.1559000015258789,0.1559000015258789,0.1559000015258789,1038.0
2024-03-01 13:41:00,AUPH,5.855000019073486,5.855000019073486,5.855000019073486,5.855000019073486,5.855000019073486,395.0
2024-03-01 13:41:00,AVDL,13.210000038146973,13.210000038146973,13.210000038146973,13.210000038146973,13.210000038146973,150.0
2024-03-01 13:41:00,AVIR,4.480000019073486,4.480000019073486,4.480000019073486,4.480000019073486,4.480000019073486,249.0
2024-03-01 13:41:00,AZN,64.68499755859375,64.68499755859375,64.69499969482422,64.68000030517578,64.69000244140625,6221.0
2024-03-01 13:41:00,BBIO,36.17499923706055,36.17499923706055,36.17499923706055,36.119998931884766,36.125,2077.0
2024-03-01 13:41:00,BBLG,2.4549999237060547,2.4549999237060547,2.4549999237060547,2.4549999237060547,2.4549999237060547,110.0
2024-03-01 13:41:00,BCAB,2.694999933242798,2.694999933242798,2.694999933242798,2.694999933242798,2.694999933242798,100.0
2024-03-01 13:41:00,BCEL,0.26759999990463257,0.26759999990463257,0.26759999990463257,0.26759999990463257,0.26759999990463257,146.0
2024-03-01 13:41:00,BCLI,0.3499000072479248,0.3499000072479248,0.3499000072479248,0.3440999984741211,0.3440999984741211,1350.0
2024-03-01 13:41:00,BCRX,5.71999979019165,5.71999979019165,5.71999979019165,5.710000038146973,5.710000038146973,6341.0
2024-03-01 13:41:00,BCYC,26.19499969482422,26.19499969482422,26.239999771118164,26.19499969482422,26.239999771118164,368.0
2024-03-01 13:41:00,BDTX,4.994999885559082,4.994999885559082,4.994999885559082,4.994999885559082,4.994999885559082,200.0
2024-03-01 13:41:00,BEAM,40.709999084472656,40.709999084472656,40.7400016784668,40.63999938964844,40.63999938964844,1995.0
2024-03-01 13:41:00,BFRI,0.864300012588501,0.864300012588501,0.864300012588501,0.864300012588501,0.864300012588501,882.0
2024-03-01 13:41:00,BIIB,221.05999755859375,221.05999755859375,221.05999755859375,221.05999755859375,221.05999755859375,394.0
2024-03-01 13:41:00,BIOL,0.14270000159740448,0.14270000159740448,0.14270000159740448,0.14259999990463257,0.14270000159740448,11705.0
2024-03-01 13:41:00,BIOR,1.1101000308990479,1.1101000308990479,1.1110999584197998,1.100000023841858,1.1100000143051147,7248.0
2024-03-01 13:41:00,BIVI,2.1907999515533447,2.1907999515533447,2.219899892807007,2.180000066757202,2.200900077819824,348401.0
2024-03-01 13:41:00,BLUE,1.6100000143051147,1.6100000143051147,1.6100000143051147,1.600000023841858,1.600100040435791,14994.0
2024-03-01 13:41:00,BMEA,18.270000457763672,18.270000457763672,18.280000686645508,18.209999084472656,18.209999084472656,8721.0
2024-03-01 13:41:00,BMRN,87.93840026855469,87.93840026855469,87.93840026855469,87.88500213623047,87.88500213623047,1290.0
2024-03-01 13:41:00,BNGO,1.2649999856948853,1.2649999856948853,1.2699999809265137,1.2649999856948853,1.2699999809265137,745.0
2024-03-01 13:41:00,BPMC,96.94999694824219,96.94999694824219,96.94999694824219,96.91000366210938,96.91000366210938,1045.0
2024-03-01 13:41:00,BPTH,6.119999885559082,6.119999885559082,6.119999885559082,6.119999885559082,6.119999885559082,444.0
2024-03-01 13:41:00,BRKR,88.30000305175781,88.30000305175781,88.30500030517578,88.29000091552734,88.30500030517578,639.0
2024-03-01 13:41:00,BTAI,3.180000066757202,3.180000066757202,3.180000066757202,3.174999952316284,3.174999952316284,1556.0
2024-03-01 13:41:00,BTTX,0.17880000174045563,0.17880000174045563,0.17880000174045563,0.17829999327659607,0.1784999966621399,6202.0
2024-03-01 13:41:00,BWAY,6.53000020980835,6.53000020980835,6.53000020980835,6.53000020980835,6.53000020980835,100.0
2024-03-01 13:41:00,CABA,24.235000610351562,24.235000610351562,24.260000228881836,24.229999542236328,24.260000228881836,4183.0
2024-03-01 13:41:00,CAPR,4.53000020980835,4.53000020980835,4.53000020980835,4.53000020980835,4.53000020980835,215.0
2024-03-01 13:41:00,CARA,0.9304999709129333,0.9304999709129333,0.9304999709129333,0.9304999709129333,0.9304999709129333,389.0
2024-03-01 13:41:00,CBAY,32.23500061035156,32.23500061035156,32.2400016784668,32.23500061035156,32.23500061035156,1771.0
2024-03-01 13:41:00,CCCC,11.018799781799316,11.018799781799316,11.03499984741211,11.015000343322754,11.03499984741211,4195.0
2024-03-01 13:41:00,CDMO,8.114999771118164,8.114999771118164,8.114999771118164,8.114999771118164,8.114999771118164,1330.0
2024-03-01 13:41:00,CDNA,12.4399995803833,12.4399995803833,12.470000267028809,12.4399995803833,12.460000038146973,6451.0
2024-03-01 13:41:00,CDXS,4.550000190734863,4.550000190734863,4.554999828338623,4.550000190734863,4.550000190734863,2522.0
2024-03-01 13:41:00,CELC,16.510000228881836,16.510000228881836,16.510000228881836,16.510000228881836,16.510000228881836,3240.0
2024-03-01 13:41:00,CERE,41.099998474121094,41.099998474121094,41.10499954223633,41.099998474121094,41.10499954223633,540.0
2024-03-01 13:41:00,CERT,17.889999389648438,17.889999389648438,17.889999389648438,17.889999389648438,17.889999389648438,268.0
2024-03-01 13:41:00,CGC,3.244999885559082,3.244999885559082,3.25,3.2400999069213867,3.2400999069213867,3489.0
2024-03-01 13:41:00,CGEM,18.770000457763672,18.770000457763672,18.770000457763672,18.770000457763672,18.770000457763672,221.0
2024-03-01 13:41:00,CHRS,2.424999952316284,2.424999952316284,2.4260001182556152,2.424999952316284,2.424999952316284,1069.0
2024-03-01 13:41:00,CKPT,2.190000057220459,2.190000057220459,2.190000057220459,2.190000057220459,2.190000057220459,180.0
2024-03-01 13:41:00,CLDX,52.779998779296875,52.779998779296875,52.790000915527344,52.72999954223633,52.78499984741211,3216.0
2024-03-01 13:41:00,CLOV,0.8718000054359436,0.8718000054359436,0.8733999729156494,0.870199978351593,0.870199978351593,15406.0
2024-03-01 13:41:00,CMPS,11.369999885559082,11.369999885559082,11.385000228881836,11.329999923706055,11.385000228881836,1327.0
2024-03-01 13:41:00,CNSP,0.31349900364875793,0.31349900364875793,0.3199999928474426,0.31349900364875793,0.3199999928474426,1300.0
2024-03-01 13:41:00,COGT,7.199999809265137,7.199999809265137,7.199999809265137,7.190000057220459,7.199999809265137,1552.0
2024-03-01 13:41:00,CORT,24.399999618530273,24.399999618530273,24.40999984741211,24.399999618530273,24.40999984741211,408.0
2024-03-01 13:41:00,CPRX,17.399999618530273,17.399999618530273,17.399999618530273,17.3799991607666,17.3799991607666,3927.0
2024-03-01 13:41:00,CPSI,9.489999771118164,9.489999771118164,9.489999771118164,9.489999771118164,9.489999771118164,730.0
2024-03-01 13:41:00,CRBP,32.7140998840332,32.7140998840332,32.7140998840332,32.7140998840332,32.7140998840332,744.0
2024-03-01 13:41:00,CRBU,7.974999904632568,7.974999904632568,7.974999904632568,7.974999904632568,7.974999904632568,353.0
2024-03-01 13:41:00,CRDF,2.490000009536743,2.490000009536743,2.5099000930786133,2.4707000255584717,2.4707000255584717,36714.0
2024-03-01 13:41:00,CRIS,10.100000381469727,10.100000381469727,10.100000381469727,10.100000381469727,10.100000381469727,484.0
2024-03-01 13:41:00,CRMD,3.7300000190734863,3.7300000190734863,3.7300000190734863,3.7300000190734863,3.7300000190734863,155.0
2024-03-01 13:41:00,CRNX,46.77000045776367,46.77000045776367,46.77000045776367,46.77000045776367,46.77000045776367,249.0
2024-03-01 13:41:00,CRON,2.049999952316284,2.049999952316284,2.055000066757202,2.049999952316284,2.0541000366210938,814.0
2024-03-01 13:41:00,CRSP,86.07610321044922,86.07610321044922,86.16000366210938,86.02310180664062,86.16000366210938,3135.0
2024-03-01 13:41:00,CTKB,8.895000457763672,8.895000457763672,8.899999618530273,8.890000343322754,8.890000343322754,1419.0
2024-03-01 13:41:00,CTMX,2.625,2.625,2.630000114440918,2.625,2.629300117492676,1569.0
2024-03-01 13:41:00,CUTR,2.380000114440918,2.380000114440918,2.390000104904175,2.380000114440918,2.390000104904175,200.0
2024-03-01 13:41:00,CVAC,3.494999885559082,3.494999885559082,3.5,3.494999885559082,3.494999885559082,1058.0
2024-03-01 13:41:00,CYTO,2.255199909210205,2.255199909210205,2.2850000858306885,2.25,2.2799999713897705,4529.0
2024-03-01 13:41:00,DAWN,17.540000915527344,17.540000915527344,17.540000915527344,17.530000686645508,17.53499984741211,1657.0
2024-03-01 13:41:00,DCGO,4.215000152587891,4.215000152587891,4.215000152587891,4.214799880981445,4.214799880981445,2761.0
2024-03-01 13:41:00,DCPH,17.5,17.5,17.5,17.5,17.5,591.0
2024-03-01 13:41:00,DCTH,4.236400127410889,4.236400127410889,4.236400127410889,4.236400127410889,4.236400127410889,1000.0
2024-03-01 13:41:00,DH,8.835000038146973,8.835000038146973,8.835000038146973,8.835000038146973,8.835000038146973,200.0
2024-03-01 13:41:00,DMTK,0.8547999858856201,0.8547999858856201,0.8549000024795532,0.8547999858856201,0.8549000024795532,9293.0
2024-03-01 13:41:00,DNLI,21.225000381469727,21.225000381469727,21.239999771118164,21.219999313354492,21.239999771118164,1478.0
2024-03-01 13:41:00,DRIO,2.0,2.0,2.005000114440918,2.0,2.005000114440918,202.0
2024-03-01 13:41:00,DRMA,0.45890000462532043,0.45890000462532043,0.45890000462532043,0.45890000462532043,0.45890000462532043,211.0
2024-03-01 13:41:00,DTIL,12.600000381469727,12.600000381469727,12.600000381469727,12.600000381469727,12.600000381469727,100.0
2024-03-01 13:41:00,DVAX,12.885000228881836,12.885000228881836,12.885000228881836,12.885000228881836,12.885000228881836,644.0
2024-03-01 13:41:00,DXCM,121.55999755859375,121.55999755859375,121.58000183105469,121.5199966430664,121.52999877929688,10709.0
2024-03-01 13:41:00,DYN,28.969999313354492,28.969999313354492,29.219999313354492,28.8700008392334,29.219999313354492,33609.0
2024-03-01 13:41:00,DYNT,0.4883190095424652,0.4883190095424652,0.4883190095424652,0.4883190095424652,0.4883190095424652,1632.0
2024-03-01 13:41:00,EDIT,10.920000076293945,10.920000076293945,10.930000305175781,10.920000076293945,10.930000305175781,1123.0
2024-03-01 13:41:00,EFTR,15.109999656677246,15.109999656677246,15.289999961853027,15.109999656677246,15.279999732971191,2109.0
2024-03-01 13:41:00,EGRX,6.695000171661377,6.695000171661377,6.695000171661377,6.695000171661377,6.695000171661377,3193.0
2024-03-01 13:41:00,ELEV,5.039999961853027,5.039999961853027,5.039999961853027,5.010000228881836,5.0100998878479,1653.0
2024-03-01 13:41:00,ENSG,122.41000366210938,122.41000366210938,122.41000366210938,122.41000366210938,122.41000366210938,991.0
2024-03-01 13:41:00,ENTA,15.34000015258789,15.34000015258789,15.390000343322754,15.220000267028809,15.390000343322754,19914.0
2024-03-01 13:41:00,ENVB,1.5399999618530273,1.5399999618530273,1.5499999523162842,1.5199999809265137,1.532099962234497,17109.0
2024-03-01 13:41:00,EPIX,9.545000076293945,9.545000076293945,9.545000076293945,9.449999809265137,9.449999809265137,321.0
2024-03-01 13:41:00,EQ,2.490000009536743,2.490000009536743,2.490000009536743,2.490000009536743,2.490000009536743,258.0
2024-03-01 13:41:00,ERAS,2.484999895095825,2.484999895095825,2.484999895095825,2.484999895095825,2.484999895095825,491.0
2024-03-01 13:41:00,ESPR,2.5199999809265137,2.5199999809265137,2.5250000953674316,2.5199999809265137,2.5250000953674316,919.0
2024-03-01 13:41:00,ESTA,45.459999084472656,45.459999084472656,45.459999084472656,45.25,45.25,605.0
2024-03-01 13:41:00,ETNB,13.149999618530273,13.149999618530273,13.229999542236328,13.149999618530273,13.229999542236328,6054.0
2024-03-01 13:41:00,EVGN,0.9700000286102295,0.9700000286102295,0.9700000286102295,0.9700000286102295,0.9700000286102295,1900.0
2024-03-01 13:41:00,EWTX,17.049999237060547,17.049999237060547,17.049999237060547,17.010000228881836,17.010000228881836,4786.0
2024-03-01 13:41:00,EXAI,6.760000228881836,6.760000228881836,6.769999980926514,6.760000228881836,6.760000228881836,916.0
2024-03-01 13:41:00,EXAS,60.060001373291016,60.060001373291016,60.060001373291016,60.02000045776367,60.04999923706055,1251.0
2024-03-01 13:41:00,EXEL,22.5,22.5,22.5,22.489999771118164,22.489999771118164,1905.0
2024-03-01 13:41:00,EYEN,2.361299991607666,2.361299991607666,2.380000114440918,2.359999895095825,2.380000114440918,8154.0
2024-03-01 13:41:00,FATE,7.760000228881836,7.760000228881836,7.760000228881836,7.744999885559082,7.75,1189.0
2024-03-01 13:41:00,FDMT,29.31999969482422,29.31999969482422,29.31999969482422,29.31999969482422,29.31999969482422,217.0
2024-03-01 13:41:00,FGEN,1.875,1.875,1.875,1.875,1.875,300.0
2024-03-01 13:41:00,FIXX,0.9298999905586243,0.9298999905586243,0.9298999905586243,0.9298999905586243,0.9298999905586243,101.0
2024-03-01 13:41:00,FOLD,13.390000343322754,13.390000343322754,13.390000343322754,13.375,13.375,3267.0
2024-03-01 13:41:00,FULC,11.1899995803833,11.1899995803833,11.190899848937988,11.164999961853027,11.164999961853027,2657.0
2024-03-01 13:41:00,FUSN,12.420000076293945,12.420000076293945,12.430000305175781,12.414999961853027,12.420000076293945,430.0
2024-03-01 13:41:00,GANX,4.639999866485596,4.639999866485596,4.639999866485596,4.639999866485596,4.639999866485596,360.0
2024-03-01 13:41:00,GBIO,2.630000114440918,2.630000114440918,2.630000114440918,2.615000009536743,2.6201999187469482,8734.0
2024-03-01 13:41:00,GDRX,8.40999984741211,8.40999984741211,8.40999984741211,8.399999618530273,8.399999618530273,3357.0
2024-03-01 13:41:00,GERN,2.2600998878479004,2.2600998878479004,2.269700050354004,2.251699924468994,2.259999990463257,166993.0
2024-03-01 13:41:00,GH,19.06999969482422,19.06999969482422,19.075000762939453,19.06999969482422,19.075000762939453,346.0
2024-03-01 13:41:00,GILD,72.31999969482422,72.31999969482422,72.33499908447266,72.31500244140625,72.31999969482422,6517.0
2024-03-01 13:41:00,GLPG,35.060001373291016,35.060001373291016,35.060001373291016,35.060001373291016,35.060001373291016,102.0
2024-03-01 13:41:00,GLSI,12.5600004196167,12.5600004196167,12.5600004196167,12.430000305175781,12.430000305175781,447.0
2024-03-01 13:41:00,GLYC,3.049999952316284,3.049999952316284,3.049999952316284,3.049999952316284,3.049999952316284,305.0
2024-03-01 13:41:00,GMAB,29.3700008392334,29.3700008392334,29.3700008392334,29.3700008392334,29.3700008392334,289.0
2024-03-01 13:41:00,GMDA,0.3747999966144562,0.3747999966144562,0.3747999966144562,0.3747999966144562,0.3747999966144562,901.0
2024-03-01 13:41:00,GOSS,1.4049999713897705,1.4049999713897705,1.4049999713897705,1.399999976158142,1.399999976158142,4241.0
2024-03-01 13:41:00,GOVX,2.559999942779541,2.559999942779541,2.559999942779541,2.559999942779541,2.559999942779541,336.0
2024-03-01 13:41:00,GRFS,7.099999904632568,7.099999904632568,7.099999904632568,7.099999904632568,7.099999904632568,108.0
2024-03-01 13:41:00,GRTS,2.1449999809265137,2.1449999809265137,2.1500000953674316,2.140000104904175,2.1500000953674316,10264.0
2024-03-01 13:41:00,GTHX,3.7950000762939453,3.7950000762939453,3.7950000762939453,3.7899999618530273,3.7899999618530273,3445.0
2024-03-01 13:41:00,HALO,41.45000076293945,41.45000076293945,41.45000076293945,41.44499969482422,41.44499969482422,934.0
2024-03-01 13:41:00,HARP,22.950000762939453,22.950000762939453,22.950000762939453,22.950000762939453,22.950000762939453,160.0
2024-03-01 13:41:00,HBIO,4.320000171661377,4.320000171661377,4.320000171661377,4.320000171661377,4.320000171661377,127.0
2024-03-01 13:41:00,HCAT,8.100000381469727,8.100000381469727,8.104999542236328,8.100000381469727,8.104999542236328,1266.0
2024-03-01 13:41:00,HCTI,2.4000000953674316,2.4000000953674316,2.430000066757202,2.4000000953674316,2.430000066757202,576.0
2024-03-01 13:41:00,HLTH,0.2750000059604645,0.2750000059604645,0.2750000059604645,0.2750000059604645,0.2750000059604645,367.0
2024-03-01 13:41:00,HOLX,74.0,74.0,74.0199966430664,74.0,74.0199966430664,1901.0
2024-03-01 13:41:00,HOWL,7.119999885559082,7.119999885559082,7.119999885559082,7.119999885559082,7.119999885559082,124.0
2024-03-01 13:41:00,HQY,81.41999816894531,81.41999816894531,81.5,81.4000015258789,81.5,1387.0
2024-03-01 13:41:00,HRMY,31.639999389648438,31.639999389648438,31.639999389648438,31.639999389648438,31.639999389648438,110.0
2024-03-01 13:41:00,HRTX,2.5975000858306885,2.5975000858306885,2.5975000858306885,2.5899999141693115,2.5950000286102295,303.0
2024-03-01 13:41:00,HSIC,76.80989837646484,76.80989837646484,76.80989837646484,76.7699966430664,76.78500366210938,2131.0
2024-03-01 13:41:00,HUGE,0.9200000166893005,0.9200000166893005,0.9200000166893005,0.9200000166893005,0.9200000166893005,411.0
2024-03-01 13:41:00,HUMA,3.309999942779541,3.309999942779541,3.3399999141693115,3.309999942779541,3.3399999141693115,10329.0
2024-03-01 13:41:00,IART,36.470001220703125,36.470001220703125,36.52000045776367,36.470001220703125,36.52000045776367,3469.0
2024-03-01 13:41:00,ICAD,1.8798999786376953,1.8798999786376953,1.8798999786376953,1.8798999786376953,1.8798999786376953,343.0
2024-03-01 13:41:00,ICCM,1.2999999523162842,1.2999999523162842,1.2999999523162842,1.2999999523162842,1.2999999523162842,413.0
2024-03-01 13:41:00,ICLR,322.42999267578125,322.42999267578125,322.42999267578125,322.42999267578125,322.42999267578125,392.0
2024-03-01 13:41:00,IDYA,46.81999969482422,46.81999969482422,46.81999969482422,46.81999969482422,46.81999969482422,648.0
2024-03-01 13:41:00,IINN,1.6699999570846558,1.6699999570846558,1.6699999570846558,1.6699999570846558,1.6699999570846558,200.0
2024-03-01 13:41:00,ILMN,142.4149932861328,142.4149932861328,142.49000549316406,142.4149932861328,142.49000549316406,1036.0
2024-03-01 13:41:00,IMAB,1.8300000429153442,1.8300000429153442,1.8300000429153442,1.8300000429153442,1.8300000429153442,100.0
2024-03-01 13:41:00,IMMX,3.569999933242798,3.569999933242798,3.569999933242798,3.569999933242798,3.569999933242798,100.0
2024-03-01 13:41:00,IMNM,25.405000686645508,25.405000686645508,25.405000686645508,25.360000610351562,25.360000610351562,993.0
2024-03-01 13:41:00,IMUX,1.4700000286102295,1.4700000286102295,1.4700000286102295,1.4700000286102295,1.4700000286102295,153.0
2024-03-01 13:41:00,IMVT,35.959999084472656,35.959999084472656,35.959999084472656,35.959999084472656,35.959999084472656,336.0
2024-03-01 13:41:00,INBX,36.529998779296875,36.529998779296875,36.529998779296875,36.529998779296875,36.529998779296875,100.0
2024-03-01 13:41:00,INCY,59.560001373291016,59.560001373291016,59.650001525878906,59.380001068115234,59.380001068115234,26344.0
2024-03-01 13:41:00,INGN,6.789999961853027,6.789999961853027,6.809999942779541,6.789999961853027,6.809999942779541,725.0
2024-03-01 13:41:00,INMD,22.8700008392334,22.8700008392334,22.8799991607666,22.8700008392334,22.8799991607666,2375.0
2024-03-01 13:41:00,INSM,28.350000381469727,28.350000381469727,28.40999984741211,28.350000381469727,28.399999618530273,3167.0
2024-03-01 13:41:00,INVA,15.640000343322754,15.640000343322754,15.654999732971191,15.640000343322754,15.654999732971191,1662.0
2024-03-01 13:41:00,INZY,6.670000076293945,6.670000076293945,6.670000076293945,6.670000076293945,6.670000076293945,162.0
2024-03-01 13:41:00,IOBT,1.8359999656677246,1.8359999656677246,1.8359999656677246,1.8350000381469727,1.8350000381469727,1600.0
2024-03-01 13:41:00,IONS,45.970001220703125,45.970001220703125,46.0,45.970001220703125,46.0,1809.0
2024-03-01 13:41:00,IOVA,17.125,17.125,17.15999984741211,17.125,17.135000228881836,12579.0
2024-03-01 13:41:00,IRWD,9.055000305175781,9.055000305175781,9.0600004196167,9.050000190734863,9.055000305175781,3395.0
2024-03-01 13:41:00,ISRG,395.4599914550781,395.4599914550781,395.4599914550781,395.30999755859375,395.30999755859375,1275.0
2024-03-01 13:41:00,ITOS,11.140000343322754,11.140000343322754,11.170000076293945,11.140000343322754,11.145000457763672,16544.0
2024-03-01 13:41:00,JAGX,0.07190000265836716,0.07190000265836716,0.07190000265836716,0.07119999825954437,0.07119999825954437,80297.0
2024-03-01 13:41:00,JANX,46.209999084472656,46.209999084472656,46.5,46.209999084472656,46.47999954223633,2504.0
2024-03-01 13:41:00,KALV,14.25,14.25,14.25,14.25,14.25,100.0
2024-03-01 13:41:00,KNSA,21.825000762939453,21.825000762939453,21.825000762939453,21.80500030517578,21.80500030517578,426.0
2024-03-01 13:41:00,KNTE,2.5999999046325684,2.5999999046325684,2.5999999046325684,2.5999999046325684,2.5999999046325684,375.0
2024-03-01 13:41:00,KPRX,0.6449999809265137,0.6449999809265137,0.6449999809265137,0.6401000022888184,0.6401000022888184,6254.0
2024-03-01 13:41:00,KPTI,1.1950000524520874,1.1950000524520874,1.1950000524520874,1.190000057220459,1.1950000524520874,2011.0
2024-03-01 13:41:00,KRON,1.0299999713897705,1.0299999713897705,1.0299999713897705,1.0298999547958374,1.0299999713897705,2077.0
2024-03-01 13:41:00,KRTX,316.87249755859375,316.87249755859375,316.95001220703125,316.7699890136719,316.947998046875,2612.0
2024-03-01 13:41:00,KRYS,169.47000122070312,169.47000122070312,169.47000122070312,169.4600067138672,169.47000122070312,988.0
2024-03-01 13:41:00,KTRA,0.09870000183582306,0.09870000183582306,0.09870000183582306,0.09870000183582306,0.09870000183582306,2015.0
2024-03-01 13:41:00,KURA,21.780000686645508,21.780000686645508,21.780000686645508,21.739999771118164,21.739999771118164,500.0
2024-03-01 13:41:00,KYMR,44.227500915527344,44.227500915527344,44.244998931884766,44.220001220703125,44.220001220703125,1390.0
2024-03-01 13:41:00,KZR,1.0800000429153442,1.0800000429153442,1.0800000429153442,1.0800000429153442,1.0800000429153442,289.0
2024-03-01 13:41:00,LAB,2.490000009536743,2.490000009536743,2.490000009536743,2.4825000762939453,2.4825000762939453,1156.0
2024-03-01 13:41:00,LEGN,65.83999633789062,65.83999633789062,65.83999633789062,65.83999633789062,65.83999633789062,144.0
2024-03-01 13:41:00,LEXX,2.839900016784668,2.839900016784668,2.8399999141693115,2.820199966430664,2.820199966430664,2042.0
2024-03-01 13:41:00,LFMD,8.0,8.0,8.0,8.0,8.0,640.0
2024-03-01 13:41:00,LFST,7.775000095367432,7.775000095367432,7.775000095367432,7.775000095367432,7.775000095367432,120.0
2024-03-01 13:41:00,LIVN,55.849998474121094,55.849998474121094,55.869998931884766,55.849998474121094,55.869998931884766,1508.0
2024-03-01 13:41:00,LNSR,4.764999866485596,4.764999866485596,4.764999866485596,4.764999866485596,4.764999866485596,119.0
2024-03-01 13:41:00,LPTX,2.9000000953674316,2.9000000953674316,2.9000000953674316,2.9000000953674316,2.9000000953674316,393.0
2024-03-01 13:41:00,LQDA,14.6899995803833,14.6899995803833,14.6899995803833,14.6899995803833,14.6899995803833,164.0
2024-03-01 13:41:00,LRMR,11.489999771118164,11.489999771118164,11.5,11.489999771118164,11.489999771118164,782.0
2024-03-01 13:41:00,LUNG,9.494999885559082,9.494999885559082,9.515000343322754,9.479999542236328,9.5,6313.0
2024-03-01 13:41:00,LVTX,2.880000114440918,2.880000114440918,2.890000104904175,2.880000114440918,2.890000104904175,627.0
2024-03-01 13:41:00,LXRX,2.5250000953674316,2.5250000953674316,2.5299999713897705,2.5250000953674316,2.5299999713897705,14320.0
2024-03-01 13:41:00,LYEL,3.2049999237060547,3.2049999237060547,3.2049999237060547,3.2049999237060547,3.2049999237060547,700.0
2024-03-01 13:41:00,LYRA,5.699999809265137,5.699999809265137,5.699999809265137,5.699999809265137,5.699999809265137,200.0
2024-03-01 13:41:00,MASI,128.76499938964844,128.76499938964844,128.76499938964844,128.76499938964844,128.76499938964844,105.0
2024-03-01 13:41:00,MASS,7.329999923706055,7.329999923706055,7.329999923706055,7.329999923706055,7.329999923706055,150.0
2024-03-01 13:41:00,MBOT,1.3250000476837158,1.3250000476837158,1.3250000476837158,1.3250000476837158,1.3250000476837158,250.0
2024-03-01 13:41:00,MBRX,0.636900007724762,0.636900007724762,0.636900007724762,0.636900007724762,0.636900007724762,1045.0
2024-03-01 13:41:00,MCRB,1.2000000476837158,1.2000000476837158,1.2050000429153442,1.2000000476837158,1.2050000429153442,1112.0
2024-03-01 13:41:00,MDGL,251.63999938964844,251.63999938964844,252.1699981689453,251.63999938964844,252.16000366210938,1716.0
2024-03-01 13:41:00,MDRX,5.960000038146973,5.960000038146973,6.0,5.960000038146973,5.989999771118164,71898.0
2024-03-01 13:41:00,MDXG,8.680000305175781,8.680000305175781,8.6899995803833,8.680000305175781,8.680000305175781,1161.0
2024-03-01 13:41:00,ME,0.5714499950408936,0.5714499950408936,0.5715000033378601,0.571399986743927,0.571399986743927,12959.0
2024-03-01 13:41:00,MEDP,401.7449951171875,401.7449951171875,401.7449951171875,401.7449951171875,401.7449951171875,238.0
2024-03-01 13:41:00,MEDS,9.084199905395508,9.084199905395508,9.084199905395508,9.084199905395508,9.084199905395508,302.0
2024-03-01 13:41:00,MGNX,19.10099983215332,19.10099983215332,19.10099983215332,19.100000381469727,19.100000381469727,502.0
2024-03-01 13:41:00,MGTX,6.460000038146973,6.460000038146973,6.460000038146973,6.460000038146973,6.460000038146973,316.0
2024-03-01 13:41:00,MIRM,29.739999771118164,29.739999771118164,29.739999771118164,29.739999771118164,29.739999771118164,154.0
2024-03-01 13:41:00,MIST,1.7549999952316284,1.7549999952316284,1.7549999952316284,1.75,1.7549999952316284,5888.0
2024-03-01 13:41:00,MLTX,51.16999816894531,51.16999816894531,51.220001220703125,51.16999816894531,51.209999084472656,1173.0
2024-03-01 13:41:00,MMSI,76.13999938964844,76.13999938964844,76.1449966430664,76.13999938964844,76.1449966430664,973.0
2024-03-01 13:41:00,MNKD,4.565000057220459,4.565000057220459,4.570000171661377,4.565000057220459,4.570000171661377,2321.0
2024-03-01 13:41:00,MNMD,6.190000057220459,6.190000057220459,6.190000057220459,6.190000057220459,6.190000057220459,119.0
2024-03-01 13:41:00,MORF,39.52000045776367,39.52000045776367,39.52000045776367,39.52000045776367,39.52000045776367,723.0
2024-03-01 13:41:00,MREO,3.9999001026153564,3.9999001026153564,4.0,3.9999001026153564,4.0,1100.0
2024-03-01 13:41:00,MRNA,95.98999786376953,95.98999786376953,95.98999786376953,95.87999725341797,95.88999938964844,3035.0
2024-03-01 13:41:00,MRSN,5.96999979019165,5.96999979019165,5.96999979019165,5.96999979019165,5.96999979019165,1042.0
2024-03-01 13:41:00,MRUS,51.130001068115234,51.130001068115234,51.27000045776367,51.130001068115234,51.21500015258789,1993.0
2024-03-01 13:41:00,MRVI,7.710000038146973,7.710000038146973,7.710000038146973,7.710000038146973,7.710000038146973,100.0
2024-03-01 13:41:00,MTEM,3.7200000286102295,3.7200000286102295,3.7200000286102295,3.7200000286102295,3.7200000286102295,100.0
2024-03-01 13:41:00,NARI,45.58000183105469,45.58000183105469,45.630001068115234,45.54999923706055,45.630001068115234,2969.0
2024-03-01 13:41:00,NAUT,2.609999895095825,2.609999895095825,2.609999895095825,2.609999895095825,2.609999895095825,102.0
2024-03-01 13:41:00,NBIX,132.3800048828125,132.3800048828125,132.52000427246094,131.97999572753906,131.97999572753906,14628.0
2024-03-01 13:41:00,NDRA,1.159999966621399,1.159999966621399,1.159999966621399,1.159999966621399,1.159999966621399,146.0
2024-03-01 13:41:00,NEO,16.059999465942383,16.059999465942383,16.059999465942383,16.040000915527344,16.040000915527344,706.0
2024-03-01 13:41:00,NEOG,17.360000610351562,17.360000610351562,17.364999771118164,17.360000610351562,17.364999771118164,2125.0
2024-03-01 13:41:00,NERV,2.678999900817871,2.678999900817871,2.678999900817871,2.678999900817871,2.678999900817871,132.0
2024-03-01 13:41:00,NGM,1.5299999713897705,1.5299999713897705,1.5299999713897705,1.5299999713897705,1.5299999713897705,763.0
2024-03-01 13:41:00,NNOX,11.020000457763672,11.020000457763672,11.029999732971191,11.020000457763672,11.024999618530273,1011.0
2024-03-01 13:41:00,NRBO,5.949999809265137,5.949999809265137,5.949999809265137,5.949999809265137,5.949999809265137,621.0
2024-03-01 13:41:00,NRIX,13.770000457763672,13.770000457763672,13.770000457763672,13.75,13.75,1674.0
2024-03-01 13:41:00,NRSN,2.015000104904175,2.015000104904175,2.015000104904175,2.015000104904175,2.015000104904175,100.0
2024-03-01 13:41:00,NTLA,33.60969924926758,33.60969924926758,33.619998931884766,33.58000183105469,33.58000183105469,3538.0
2024-03-01 13:41:00,NTRA,89.42500305175781,89.42500305175781,89.42500305175781,89.37000274658203,89.42500305175781,800.0
2024-03-01 13:41:00,NVAX,5.235000133514404,5.235000133514404,5.239999771118164,5.231200218200684,5.239999771118164,14877.0
2024-03-01 13:41:00,NVCR,16.030000686645508,16.030000686645508,16.049999237060547,16.0,16.0,2251.0
2024-03-01 13:41:00,NVNO,6.369999885559082,6.369999885559082,6.369999885559082,6.369999885559082,6.369999885559082,100.0
2024-03-01 13:41:00,OCGN,0.9674500226974487,0.9674500226974487,0.9700000286102295,0.9650009870529175,0.9700000286102295,1385.0
2024-03-01 13:41:00,OCUL,10.876999855041504,10.876999855041504,10.876999855041504,10.869999885559082,10.869999885559082,2458.0
2024-03-01 13:41:00,OGI,2.190000057220459,2.190000057220459,2.190000057220459,2.190000057220459,2.190000057220459,213.0
2024-03-01 13:41:00,OLK,23.0,23.0,23.0,22.940000534057617,22.940000534057617,3926.0
2024-03-01 13:41:00,OLMA,14.8100004196167,14.8100004196167,14.8100004196167,14.8100004196167,14.8100004196167,779.0
2024-03-01 13:41:00,OM,3.1700000762939453,3.1700000762939453,3.1700000762939453,3.1700000762939453,3.1700000762939453,379.0
2024-03-01 13:41:00,OMER,4.78000020980835,4.78000020980835,4.78000020980835,4.78000020980835,4.78000020980835,451.0
2024-03-01 13:41:00,ONCY,1.1399999856948853,1.1399999856948853,1.1399999856948853,1.1398999691009521,1.1399999856948853,2500.0
2024-03-01 13:41:00,ONTX,0.8158010244369507,0.8158010244369507,0.8180999755859375,0.8158010244369507,0.8180999755859375,520.0
2024-03-01 13:42:00,ABCL,5.210000038146973,5.210000038146973,5.210000038146973,5.210000038146973,5.210000038146973,805.0
2024-03-01 13:42:00,ABEO,7.864099979400635,7.864099979400635,7.864099979400635,7.864099979400635,7.864099979400635,200.0
2024-03-01 13:42:00,ABOS,4.695000171661377,4.695000171661377,4.695000171661377,4.695000171661377,4.695000171661377,151.0
2024-03-01 13:42:00,ABSI,5.40500020980835,5.40500020980835,5.425000190734863,5.40500020980835,5.420000076293945,3856.0
2024-03-01 13:42:00,ABUS,2.7799999713897705,2.7799999713897705,2.7799999713897705,2.7799999713897705,2.7799999713897705,188.0
2024-03-01 13:42:00,ACAD,24.31999969482422,24.31999969482422,24.31999969482422,24.309999465942383,24.309999465942383,469.0
2024-03-01 13:42:00,ACCD,10.09000015258789,10.09000015258789,10.135000228881836,10.09000015258789,10.135000228881836,4247.0
2024-03-01 13:42:00,ACHL,1.3300000429153442,1.3300000429153442,1.3300000429153442,1.3300000429153442,1.3300000429153442,576.0
2024-03-01 13:42:00,ACIU,3.9200000762939453,3.9200000762939453,3.9200000762939453,3.9200000762939453,3.9200000762939453,100.0
2024-03-01 13:42:00,ACLX,67.91999816894531,67.91999816894531,67.91999816894531,67.91999816894531,67.91999816894531,1051.0
2024-03-01 13:42:00,ACON,0.40860000252723694,0.40860000252723694,0.4092000126838684,0.4050999879837036,0.4090000092983246,1838.0
2024-03-01 13:42:00,ACRS,1.2400000095367432,1.2400000095367432,1.2400000095367432,1.2300000190734863,1.2300000190734863,1206.0
2024-03-01 13:42:00,ADIL,3.190000057220459,3.190000057220459,3.240000009536743,3.190000057220459,3.2100000381469727,28665.0
2024-03-01 13:42:00,ADMA,5.559999942779541,5.559999942779541,5.559999942779541,5.558899879455566,5.559999942779541,1483.0
2024-03-01 13:42:00,ADPT,4.164999961853027,4.164999961853027,4.164999961853027,4.164999961853027,4.164999961853027,304.0
2024-03-01 13:42:00,ADUS,94.0199966430664,94.0199966430664,94.0199966430664,94.0199966430664,94.0199966430664,905.0
2024-03-01 13:42:00,ADVM,1.9450000524520874,1.9450000524520874,1.9450000524520874,1.9450000524520874,1.9450000524520874,342.0
2024-03-01 13:42:00,ADXN,9.239999771118164,9.239999771118164,9.239999771118164,9.239999771118164,9.239999771118164,100.0
2024-03-01 13:42:00,AFMD,0.6499999761581421,0.6499999761581421,0.6499999761581421,0.6499999761581421,0.6499999761581421,900.0
2024-03-01 13:42:00,AGEN,0.6790000200271606,0.6790000200271606,0.6829000115394592,0.6790000200271606,0.6828749775886536,55349.0
2024-03-01 13:42:00,AGIO,32.880001068115234,32.880001068115234,32.880001068115234,32.86000061035156,32.86000061035156,300.0
2024-03-01 13:42:00,AHCO,10.555000305175781,10.555000305175781,10.555000305175781,10.555000305175781,10.555000305175781,628.0
2024-03-01 13:42:00,AIMD,0.949999988079071,0.949999988079071,0.954200029373169,0.949999988079071,0.949999988079071,6728.0
2024-03-01 13:42:00,AIRS,6.480000019073486,6.480000019073486,6.480000019073486,6.480000019073486,6.480000019073486,101.0
2024-03-01 13:42:00,AKAN,0.21330000460147858,0.21330000460147858,0.21330000460147858,0.21299999952316284,0.2131499946117401,2001.0
2024-03-01 13:42:00,AKBA,1.690000057220459,1.690000057220459,1.690000057220459,1.690000057220459,1.690000057220459,200.0
2024-03-01 13:42:00,AKRO,29.8799991607666,29.8799991607666,29.915000915527344,29.8799991607666,29.915000915527344,3292.0
2024-03-01 13:42:00,ALEC,7.360000133514404,7.360000133514404,7.360000133514404,7.360000133514404,7.360000133514404,157.0
2024-03-01 13:42:00,ALHC,5.630000114440918,5.630000114440918,5.639999866485596,5.625,5.625,916.0
2024-03-01 13:42:00,ALKS,30.219999313354492,30.219999313354492,30.22719955444336,30.200000762939453,30.22719955444336,3463.0
2024-03-01 13:42:00,ALLK,1.6549999713897705,1.6549999713897705,1.6549999713897705,1.6549999713897705,1.6549999713897705,285.0
2024-03-01 13:42:00,ALLO,5.050000190734863,5.050000190734863,5.054999828338623,5.050000190734863,5.054999828338623,536.0
2024-03-01 13:42:00,ALNY,153.6699981689453,153.6699981689453,153.6699981689453,153.6699981689453,153.6699981689453,411.0
2024-03-01 13:42:00,ALPN,35.880001068115234,35.880001068115234,35.904998779296875,35.880001068115234,35.904998779296875,324.0
2024-03-01 13:42:00,ALT,12.09000015258789,12.09000015258789,12.104999542236328,12.085000038146973,12.104999542236328,2112.0
2024-03-01 13:42:00,ALVR,0.7541000247001648,0.7541000247001648,0.7541000247001648,0.7541000247001648,0.7541000247001648,136.0
2024-03-01 13:42:00,ALXO,15.170000076293945,15.170000076293945,15.170000076293945,15.164999961853027,15.164999961853027,629.0
2024-03-01 13:42:00,AMGN,281.135009765625,281.135009765625,281.17999267578125,281.0400085449219,281.1050109863281,3185.0
2024-03-01 13:42:00,AMLX,18.655000686645508,18.655000686645508,18.690000534057617,18.655000686645508,18.690000534057617,4915.0
2024-03-01 13:42:00,AMPH,45.345001220703125,45.345001220703125,45.429901123046875,45.345001220703125,45.429901123046875,2288.0
2024-03-01 13:42:00,AMRN,1.059999942779541,1.059999942779541,1.059999942779541,1.0525000095367432,1.0549999475479126,17156.0
2024-03-01 13:42:00,ANNX,6.210000038146973,6.210000038146973,6.210000038146973,6.210000038146973,6.210000038146973,300.0
2024-03-01 13:42:00,APLS,65.125,65.125,65.13999938964844,65.0199966430664,65.05000305175781,5981.0
2024-03-01 13:42:00,APLT,7.170000076293945,7.170000076293945,7.189000129699707,7.170000076293945,7.179999828338623,1966.0
2024-03-01 13:42:00,APVO,0.1626800000667572,0.1626800000667572,0.1626800000667572,0.1626800000667572,0.1626800000667572,505.0
2024-03-01 13:42:00,AQST,4.230000019073486,4.230000019073486,4.239999771118164,4.230000019073486,4.239999771118164,446.0
2024-03-01 13:42:00,ARAY,2.640000104904175,2.640000104904175,2.6449999809265137,2.640000104904175,2.6449999809265137,598.0
2024-03-01 13:42:00,ARDX,9.484999656677246,9.484999656677246,9.5,9.484999656677246,9.5,10277.0
2024-03-01 13:42:00,ARQT,11.84000015258789,11.84000015258789,11.90999984741211,11.824999809265137,11.90999984741211,25896.0
2024-03-01 13:42:00,ARVN,49.05500030517578,49.05500030517578,49.05500030517578,49.05500030517578,49.05500030517578,172.0
2024-03-01 13:42:00,ARWR,35.779998779296875,35.779998779296875,35.779998779296875,35.7400016784668,35.751399993896484,1156.0
2024-03-01 13:42:00,ASLN,0.75,0.75,0.7504000067710876,0.75,0.7504000067710876,5000.0
2024-03-01 13:42:00,ASND,152.61000061035156,152.61000061035156,152.61000061035156,152.52999877929688,152.52999877929688,538.0
2024-03-01 13:42:00,ASRT,0.9021000266075134,0.9021000266075134,0.9035490155220032,0.9021000266075134,0.9035490155220032,1242.0
2024-03-01 13:42:00,ATAI,2.1549999713897705,2.1549999713897705,2.1600000858306885,2.1549999713897705,2.1600000858306885,784.0
2024-03-01 13:42:00,ATEC,13.430000305175781,13.430000305175781,13.4399995803833,13.430000305175781,13.4399995803833,565.0
2024-03-01 13:42:00,ATHA,4.007999897003174,4.007999897003174,4.007999897003174,4.005000114440918,4.005000114440918,200.0
2024-03-01 13:42:00,ATNF,3.299999952316284,3.299999952316284,3.299999952316284,3.299999952316284,3.299999952316284,186.0
2024-03-01 13:42:00,ATOS,1.0099999904632568,1.0099999904632568,1.0099999904632568,1.0099999904632568,1.0099999904632568,100.0
2024-03-01 13:42:00,ATRA,0.7820500135421753,0.7820500135421753,0.7839999794960022,0.7820000052452087,0.7820000052452087,2589.0
2024-03-01 13:42:00,AUGX,4.525000095367432,4.525000095367432,4.53000020980835,4.525000095367432,4.53000020980835,401.0
2024-03-01 13:42:00,AUPH,5.855000019073486,5.855000019073486,5.860000133514404,5.855000019073486,5.855000019073486,442.0
2024-03-01 13:42:00,AUTL,6.400000095367432,6.400000095367432,6.400000095367432,6.400000095367432,6.400000095367432,238.0
2024-03-01 13:42:00,AVDL,13.221500396728516,13.221500396728516,13.239999771118164,13.221500396728516,13.239999771118164,1107.0
2024-03-01 13:42:00,AVIR,4.489999771118164,4.489999771118164,4.489999771118164,4.485000133514404,4.485000133514404,1397.0
2024-03-01 13:42:00,AVXL,5.324999809265137,5.324999809265137,5.324999809265137,5.324999809265137,5.324999809265137,219.0
2024-03-01 13:42:00,AXSM,82.26000213623047,82.26000213623047,82.38400268554688,82.19000244140625,82.38400268554688,2269.0
2024-03-01 13:42:00,AZN,64.69999694824219,64.69999694824219,64.69999694824219,64.69000244140625,64.69000244140625,2195.0
2024-03-01 13:42:00,BCRX,5.710000038146973,5.710000038146973,5.71999979019165,5.710000038146973,5.715000152587891,902.0
2024-03-01 13:42:00,BCYC,26.270000457763672,26.270000457763672,26.270000457763672,26.229999542236328,26.229999542236328,1116.0
2024-03-01 13:42:00,BDTX,4.994999885559082,4.994999885559082,4.994999885559082,4.994999885559082,4.994999885559082,122.0
2024-03-01 13:42:00,BEAM,40.72999954223633,40.72999954223633,40.72999954223633,40.709999084472656,40.709999084472656,3316.0
2024-03-01 13:42:00,BGNE,167.48500061035156,167.48500061035156,167.48500061035156,167.48500061035156,167.48500061035156,338.0
2024-03-01 13:42:00,BIIB,221.1199951171875,221.1199951171875,221.1199951171875,220.97999572753906,220.97999572753906,508.0
2024-03-01 13:42:00,BIOL,0.14399999380111694,0.14399999380111694,0.14399999380111694,0.14305000007152557,0.14305000007152557,29054.0
2024-03-01 13:42:00,BIOR,1.100000023841858,1.100000023841858,1.1200000047683716,1.100000023841858,1.1200000047683716,3804.0
2024-03-01 13:42:00,BIVI,2.1500000953674316,2.1500000953674316,2.190000057220459,2.130000114440918,2.190000057220459,270973.0
2024-03-01 13:42:00,BLFS,18.200000762939453,18.200000762939453,18.2549991607666,18.200000762939453,18.2549991607666,896.0
2024-03-01 13:42:00,BLUE,1.6094000339508057,1.6094000339508057,1.6094000339508057,1.6050000190734863,1.6069999933242798,1692.0
2024-03-01 13:42:00,BMEA,18.34000015258789,18.34000015258789,18.34000015258789,18.334999084472656,18.334999084472656,917.0
2024-03-01 13:42:00,BMRN,87.94999694824219,87.94999694824219,87.95999908447266,87.91999816894531,87.91999816894531,2848.0
2024-03-01 13:42:00,BNGO,1.2649999856948853,1.2649999856948853,1.2649999856948853,1.2649999856948853,1.2649999856948853,322.0
2024-03-01 13:42:00,BPMC,97.0,97.0,97.0,96.94999694824219,96.94999694824219,206.0
2024-03-01 13:42:00,BRKR,88.30000305175781,88.30000305175781,88.30000305175781,88.30000305175781,88.30000305175781,308.0
2024-03-01 13:42:00,BSGM,0.6800000071525574,0.6800000071525574,0.6800000071525574,0.6800000071525574,0.6800000071525574,7205.0
2024-03-01 13:42:00,BTTX,0.18000000715255737,0.18000000715255737,0.18000000715255737,0.178849995136261,0.178849995136261,22261.0
2024-03-01 13:42:00,CABA,24.21500015258789,24.21500015258789,24.219999313354492,24.209999084472656,24.209999084472656,1607.0
2024-03-01 13:42:00,CAPR,4.519999980926514,4.519999980926514,4.519999980926514,4.519999980926514,4.519999980926514,147.0
2024-03-01 13:42:00,CARA,0.9200000166893005,0.9200000166893005,0.9200000166893005,0.9200000166893005,0.9200000166893005,594.0
2024-03-01 13:42:00,CBAY,32.2400016784668,32.2400016784668,32.2400016784668,32.22999954223633,32.22999954223633,2559.0
2024-03-01 13:42:00,CCCC,11.011199951171875,11.011199951171875,11.011199951171875,11.011199951171875,11.011199951171875,440.0
2024-03-01 13:42:00,CDMO,8.114999771118164,8.114999771118164,8.114999771118164,8.114999771118164,8.114999771118164,224.0
2024-03-01 13:42:00,CDNA,12.390000343322754,12.390000343322754,12.420700073242188,12.390000343322754,12.420700073242188,1988.0
2024-03-01 13:42:00,CDXS,4.554999828338623,4.554999828338623,4.554999828338623,4.545000076293945,4.550000190734863,13796.0
2024-03-01 13:42:00,CELC,16.510000228881836,16.510000228881836,16.56999969482422,16.510000228881836,16.510000228881836,4720.0
2024-03-01 13:42:00,CERE,41.099998474121094,41.099998474121094,41.10499954223633,41.099998474121094,41.099998474121094,1114.0
2024-03-01 13:42:00,CERS,2.200000047683716,2.200000047683716,2.2049999237060547,2.200000047683716,2.2049999237060547,2831.0
2024-03-01 13:42:00,CERT,17.8700008392334,17.8700008392334,17.8799991607666,17.8700008392334,17.8799991607666,1201.0
2024-03-01 13:42:00,CGC,3.244999885559082,3.244999885559082,3.244999885559082,3.244999885559082,3.244999885559082,536.0
2024-03-01 13:42:00,CGEM,18.799999237060547,18.799999237060547,18.799999237060547,18.773000717163086,18.773000717163086,201.0
2024-03-01 13:42:00,CHRS,2.430000066757202,2.430000066757202,2.430000066757202,2.430000066757202,2.430000066757202,190.0
2024-03-01 13:42:00,CKPT,2.190000057220459,2.190000057220459,2.190000057220459,2.190000057220459,2.190000057220459,100.0
2024-03-01 13:42:00,CLDX,52.654998779296875,52.654998779296875,52.79999923706055,52.61000061035156,52.790000915527344,2891.0
2024-03-01 13:42:00,CLOV,0.870199978351593,0.870199978351593,0.8702999949455261,0.8701000213623047,0.8702999949455261,5409.0
2024-03-01 13:42:00,CLPT,6.659999847412109,6.659999847412109,6.659999847412109,6.659999847412109,6.659999847412109,200.0
2024-03-01 13:42:00,CMPS,11.369999885559082,11.369999885559082,11.369999885559082,11.369999885559082,11.369999885559082,250.0
2024-03-01 13:42:00,CMRX,1.190000057220459,1.190000057220459,1.190000057220459,1.190000057220459,1.190000057220459,1100.0
2024-03-01 13:42:00,COGT,7.190000057220459,7.190000057220459,7.210000038146973,7.190000057220459,7.204999923706055,930.0
2024-03-01 13:42:00,CORT,24.34000015258789,24.34000015258789,24.399999618530273,24.34000015258789,24.399999618530273,6209.0
2024-03-01 13:42:00,CPRX,17.37779998779297,17.37779998779297,17.399999618530273,17.37779998779297,17.399999618530273,3632.0
2024-03-01 13:42:00,CRBP,32.724998474121094,32.724998474121094,32.724998474121094,32.724998474121094,32.724998474121094,485.0
2024-03-01 13:42:00,CRBU,7.965000152587891,7.965000152587891,7.974999904632568,7.965000152587891,7.974999904632568,5942.0
2024-03-01 13:42:00,CRDF,2.4702999591827393,2.4702999591827393,2.490000009536743,2.4600000381469727,2.490000009536743,17351.0
2024-03-01 13:42:00,CRMD,3.721400022506714,3.721400022506714,3.7300000190734863,3.721400022506714,3.7300000190734863,1100.0
2024-03-01 13:42:00,CRNX,46.72999954223633,46.72999954223633,46.77000045776367,46.70000076293945,46.75,1126.0
2024-03-01 13:42:00,CRSP,86.0,86.0,86.05500030517578,86.0,86.02999877929688,1278.0
2024-03-01 13:42:00,CRVS,2.2300000190734863,2.2300000190734863,2.25219988822937,2.2300000190734863,2.25219988822937,5200.0
2024-03-01 13:42:00,CSTL,20.059999465942383,20.059999465942383,20.06999969482422,20.059999465942383,20.06999969482422,523.0
2024-03-01 13:42:00,CTKB,8.880000114440918,8.880000114440918,8.890000343322754,8.880000114440918,8.890000343322754,2696.0
2024-03-01 13:42:00,CTMX,2.625,2.625,2.625,2.6201000213623047,2.6201000213623047,2301.0
2024-03-01 13:42:00,CUE,2.190000057220459,2.190000057220459,2.190000057220459,2.190000057220459,2.190000057220459,612.0
2024-03-01 13:42:00,CYCC,2.7992000579833984,2.7992000579833984,2.7992000579833984,2.7992000579833984,2.7992000579833984,3000.0
2024-03-01 13:42:00,CYTK,72.74500274658203,72.74500274658203,72.75,72.70999908447266,72.75,1421.0
2024-03-01 13:42:00,CYTO,2.25,2.25,2.2850000858306885,2.25,2.2850000858306885,501.0
2024-03-01 13:42:00,DAWN,17.540000915527344,17.540000915527344,17.540000915527344,17.540000915527344,17.540000915527344,1591.0
2024-03-01 13:42:00,DCGO,4.210000038146973,4.210000038146973,4.210000038146973,4.199999809265137,4.210000038146973,5064.0
2024-03-01 13:42:00,DCTH,4.199999809265137,4.199999809265137,4.199999809265137,4.199999809265137,4.199999809265137,235.0
2024-03-01 13:42:00,DH,8.84000015258789,8.84000015258789,8.84000015258789,8.84000015258789,8.84000015258789,196.0
2024-03-01 13:42:00,DNLI,21.225500106811523,21.225500106811523,21.229999542236328,21.225000381469727,21.229999542236328,449.0
2024-03-01 13:42:00,DSGN,2.9049999713897705,2.9049999713897705,2.9049999713897705,2.9049999713897705,2.9049999713897705,200.0
2024-03-01 13:42:00,DTIL,12.5,12.5,12.598199844360352,12.5,12.550000190734863,1077.0
2024-03-01 13:42:00,DVAX,12.875,12.875,12.885000228881836,12.875,12.885000228881836,3446.0
2024-03-01 13:42:00,DXCM,121.58000183105469,121.58000183105469,121.61699676513672,121.55000305175781,121.56999969482422,3527.0
2024-03-01 13:42:00,DYN,29.03499984741211,29.03499984741211,29.040000915527344,28.90999984741211,28.90999984741211,4517.0
2024-03-01 13:42:00,EDIT,10.930000305175781,10.930000305175781,10.9350004196167,10.930000305175781,10.930000305175781,2591.0
2024-03-01 13:42:00,EGRX,6.659999847412109,6.659999847412109,6.659999847412109,6.659999847412109,6.659999847412109,413.0
2024-03-01 13:42:00,EKSO,1.9800000190734863,1.9800000190734863,2.0,1.9800000190734863,2.0,1106.0
2024-03-01 13:42:00,ELEV,5.034999847412109,5.034999847412109,5.034999847412109,5.034999847412109,5.034999847412109,329.0
2024-03-01 13:42:00,ENSG,122.19000244140625,122.19000244140625,122.36000061035156,122.19000244140625,122.3499984741211,2074.0
2024-03-01 13:42:00,ENTA,15.350000381469727,15.350000381469727,15.350000381469727,15.34000015258789,15.34000015258789,1624.0
2024-03-01 13:42:00,ENVB,1.5299999713897705,1.5299999713897705,1.5499999523162842,1.5299999713897705,1.5399999618530273,7735.0
2024-03-01 13:42:00,EOLS,14.899999618530273,14.899999618530273,14.90999984741211,14.899999618530273,14.90999984741211,2983.0
2024-03-01 13:42:00,ESPR,2.5199999809265137,2.5199999809265137,2.5199999809265137,2.515000104904175,2.5199999809265137,8853.0
2024-03-01 13:42:00,ETNB,13.100000381469727,13.100000381469727,13.149999618530273,13.09000015258789,13.149999618530273,7649.0
2024-03-01 13:42:00,EVGN,0.9700000286102295,0.9700000286102295,0.9700000286102295,0.9700000286102295,0.9700000286102295,144.0
2024-03-01 13:42:00,EWTX,17.040000915527344,17.040000915527344,17.049999237060547,17.040000915527344,17.049999237060547,618.0
2024-03-01 13:42:00,EXAS,60.04999923706055,60.04999923706055,60.09000015258789,60.04999923706055,60.09000015258789,1693.0
2024-03-01 13:42:00,EXEL,22.479999542236328,22.479999542236328,22.510000228881836,22.475000381469727,22.5,33259.0
2024-03-01 13:42:00,EYEN,2.359999895095825,2.359999895095825,2.3852999210357666,2.3399999141693115,2.360100030899048,25932.0
2024-03-01 13:42:00,EYPT,28.104999542236328,28.104999542236328,28.190000534057617,28.09000015258789,28.190000534057617,2593.0
2024-03-01 13:42:00,FATE,7.739999771118164,7.739999771118164,7.760000228881836,7.739999771118164,7.755000114440918,2996.0
2024-03-01 13:42:00,FBIO,2.3550000190734863,2.3550000190734863,2.3550000190734863,2.3499999046325684,2.3499999046325684,320.0
2024-03-01 13:42:00,FDMT,29.31999969482422,29.31999969482422,29.31999969482422,29.31999969482422,29.31999969482422,451.0
2024-03-01 13:42:00,FGEN,1.8799999952316284,1.8799999952316284,1.8799999952316284,1.8701000213623047,1.875,1833.0
2024-03-01 13:42:00,FOLD,13.380000114440918,13.380000114440918,13.380000114440918,13.380000114440918,13.380000114440918,921.0
2024-03-01 13:42:00,FONR,22.440000534057617,22.440000534057617,22.499900817871094,22.440000534057617,22.499900817871094,559.0
2024-03-01 13:42:00,FUSN,12.40999984741211,12.40999984741211,12.414999961853027,12.40999984741211,12.414999961853027,991.0
2024-03-01 13:42:00,GBIO,2.625,2.625,2.625,2.625,2.625,114.0
2024-03-01 13:42:00,GDRX,8.399999618530273,8.399999618530273,8.409899711608887,8.399999618530273,8.399999618530273,1610.0
2024-03-01 13:42:00,GEG,1.9700000286102295,1.9700000286102295,1.9700000286102295,1.9700000286102295,1.9700000286102295,100.0
2024-03-01 13:42:00,GERN,2.265000104904175,2.265000104904175,2.2699999809265137,2.259999990463257,2.259999990463257,9414.0
2024-03-01 13:42:00,GH,19.06999969482422,19.06999969482422,19.075000762939453,19.06999969482422,19.075000762939453,902.0
2024-03-01 13:42:00,GILD,72.32499694824219,72.32499694824219,72.33000183105469,72.30999755859375,72.30999755859375,2774.0
2024-03-01 13:42:00,GLUE,6.400000095367432,6.400000095367432,6.400000095367432,6.400000095367432,6.400000095367432,122.0
2024-03-01 13:42:00,GMAB,29.3799991607666,29.3799991607666,29.3799991607666,29.360000610351562,29.3700008392334,4028.0
2024-03-01 13:42:00,GRFS,7.085000038146973,7.085000038146973,7.099999904632568,7.085000038146973,7.09499979019165,11486.0
2024-03-01 13:42:00,GRPH,3.4600000381469727,3.4600000381469727,3.4600000381469727,3.4600000381469727,3.4600000381469727,100.0
2024-03-01 13:42:00,GRTS,2.159899950027466,2.159899950027466,2.159899950027466,2.1449999809265137,2.1449999809265137,9871.0
2024-03-01 13:42:00,GRTX,0.22990000247955322,0.22990000247955322,0.23000000417232513,0.2295999974012375,0.23000000417232513,6114.0
2024-03-01 13:42:00,GTHX,3.7850000858306885,3.7850000858306885,3.7950000762939453,3.7850000858306885,3.7899999618530273,2163.0
2024-03-01 13:42:00,HARP,22.950000762939453,22.950000762939453,22.950000762939453,22.94499969482422,22.94499969482422,618.0
2024-03-01 13:42:00,HCAT,8.09000015258789,8.09000015258789,8.100000381469727,8.09000015258789,8.095000267028809,1192.0
2024-03-01 13:42:00,HEPA,3.149399995803833,3.149399995803833,3.149399995803833,3.149399995803833,3.149399995803833,1061.0
2024-03-01 13:42:00,HLTH,0.2750000059604645,0.2750000059604645,0.2750000059604645,0.2750000059604645,0.2750000059604645,271.0
2024-03-01 13:42:00,HLVX,19.030000686645508,19.030000686645508,19.030000686645508,19.030000686645508,19.030000686645508,200.0
2024-03-01 13:42:00,HOLX,74.0250015258789,74.0250015258789,74.0250015258789,74.0,74.0,1483.0
2024-03-01 13:42:00,HOWL,7.059999942779541,7.059999942779541,7.073200225830078,7.059999942779541,7.073200225830078,1729.0
2024-03-01 13:42:00,HPCO,0.25200000405311584,0.25200000405311584,0.25209999084472656,0.25200000405311584,0.25209999084472656,602.0
2024-03-01 13:42:00,HQY,81.44999694824219,81.44999694824219,81.44999694824219,81.4000015258789,81.4000015258789,2161.0
2024-03-01 13:42:00,HRMY,31.670000076293945,31.670000076293945,31.670000076293945,31.670000076293945,31.670000076293945,245.0
2024-03-01 13:42:00,HRTX,2.5899999141693115,2.5899999141693115,2.5899999141693115,2.5899999141693115,2.5899999141693115,309.0
2024-03-01 13:42:00,HSCS,0.11749999970197678,0.11749999970197678,0.11749999970197678,0.11749999970197678,0.11749999970197678,250.0
2024-03-01 13:42:00,HSIC,76.79000091552734,76.79000091552734,76.79000091552734,76.79000091552734,76.79000091552734,994.0
2024-03-01 13:42:00,HUMA,3.2950000762939453,3.2950000762939453,3.305000066757202,3.2899999618530273,3.305000066757202,12326.0
2024-03-01 13:42:00,IART,36.45000076293945,36.45000076293945,36.4900016784668,36.45000076293945,36.470001220703125,4899.0
2024-03-01 13:42:00,IBRX,4.855000019073486,4.855000019073486,4.855000019073486,4.855000019073486,4.855000019073486,403.0
2024-03-01 13:42:00,ICCM,1.2999999523162842,1.2999999523162842,1.2999999523162842,1.2999999523162842,1.2999999523162842,200.0
2024-03-01 13:42:00,ICUI,105.9800033569336,105.9800033569336,106.0199966430664,105.91999816894531,106.0199966430664,2676.0
2024-03-01 13:42:00,IDYA,46.81999969482422,46.81999969482422,46.82500076293945,46.81999969482422,46.82500076293945,435.0
2024-03-01 13:42:00,IMAB,1.8200000524520874,1.8200000524520874,1.8300000429153442,1.8200000524520874,1.8300000429153442,5737.0
2024-03-01 13:42:00,IMCR,68.18000030517578,68.18000030517578,68.18000030517578,67.97000122070312,68.04499816894531,8200.0
2024-03-01 13:42:00,IMMX,3.565000057220459,3.565000057220459,3.565000057220459,3.565000057220459,3.565000057220459,200.0
2024-03-01 13:42:00,IMNM,25.450000762939453,25.450000762939453,25.450000762939453,25.450000762939453,25.450000762939453,114.0
2024-03-01 13:42:00,IMUX,1.4700000286102295,1.4700000286102295,1.4700000286102295,1.4700000286102295,1.4700000286102295,295.0
2024-03-01 13:42:00,IMVT,35.96500015258789,35.96500015258789,35.96500015258789,35.96500015258789,35.96500015258789,420.0
2024-03-01 13:42:00,INBX,36.529998779296875,36.529998779296875,36.529998779296875,36.529998779296875,36.529998779296875,209.0
2024-03-01 13:42:00,INCY,59.540000915527344,59.540000915527344,59.58000183105469,59.52000045776367,59.560001373291016,7079.0
2024-03-01 13:42:00,INGN,6.789999961853027,6.789999961853027,6.789999961853027,6.789999961853027,6.789999961853027,333.0
2024-03-01 13:42:00,INMD,22.860000610351562,22.860000610351562,22.8700008392334,22.860000610351562,22.8700008392334,1392.0
2024-03-01 13:42:00,INO,9.569999694824219,9.569999694824219,9.569999694824219,9.569999694824219,9.569999694824219,1066.0
2024-03-01 13:42:00,INSM,28.270000457763672,28.270000457763672,28.34000015258789,28.270000457763672,28.34000015258789,6408.0
2024-03-01 13:42:00,INVO,1.2200000286102295,1.2200000286102295,1.2200000286102295,1.2200000286102295,1.2200000286102295,100.0
2024-03-01 13:42:00,IONS,45.96500015258789,45.96500015258789,45.98500061035156,45.959999084472656,45.98500061035156,2622.0
2024-03-01 13:42:00,IOVA,17.079999923706055,17.079999923706055,17.1299991607666,17.065000534057617,17.125,32954.0
2024-03-01 13:42:00,IPA,1.8401000499725342,1.8401000499725342,1.8401000499725342,1.8401000499725342,1.8401000499725342,1500.0
2024-03-01 13:42:00,IRMD,41.83000183105469,41.83000183105469,41.83000183105469,41.83000183105469,41.83000183105469,512.0
2024-03-01 13:42:00,IRTC,121.5,121.5,121.5,121.45999908447266,121.48999786376953,1451.0
2024-03-01 13:42:00,IRWD,9.029999732971191,9.029999732971191,9.0600004196167,9.029999732971191,9.0600004196167,25366.0
2024-03-01 13:42:00,ITCI,71.72000122070312,71.72000122070312,71.74500274658203,71.72000122070312,71.74500274658203,955.0
2024-03-01 13:42:00,JAGX,0.0723000019788742,0.0723000019788742,0.07236099988222122,0.07129999995231628,0.07164999842643738,35492.0
2024-03-01 13:42:00,JAZZ,119.58999633789062,119.58999633789062,119.58999633789062,119.52999877929688,119.54000091552734,1628.0
2024-03-01 13:42:00,JSPR,21.15999984741211,21.15999984741211,21.15999984741211,21.15999984741211,21.15999984741211,127.0
2024-03-01 13:42:00,KALV,14.279999732971191,14.279999732971191,14.279999732971191,14.199999809265137,14.199999809265137,3857.0
2024-03-01 13:42:00,KIDS,27.540000915527344,27.540000915527344,27.540000915527344,27.540000915527344,27.540000915527344,394.0
2024-03-01 13:42:00,KNSA,21.829999923706055,21.829999923706055,21.829999923706055,21.829999923706055,21.829999923706055,320.0
2024-03-01 13:42:00,KNTE,2.5999999046325684,2.5999999046325684,2.5999999046325684,2.5999999046325684,2.5999999046325684,416.0
2024-03-01 13:42:00,KOD,6.085000038146973,6.085000038146973,6.085000038146973,6.085000038146973,6.085000038146973,123.0
2024-03-01 13:42:00,KPRX,0.6413000226020813,0.6413000226020813,0.6413000226020813,0.6406999826431274,0.6406999826431274,602.0
2024-03-01 13:42:00,KPTI,1.1900999546051025,1.1900999546051025,1.1900999546051025,1.1900999546051025,1.1900999546051025,1003.0
2024-03-01 13:42:00,KRON,1.0399999618530273,1.0399999618530273,1.0399999618530273,1.0399999618530273,1.0399999618530273,1500.0
2024-03-01 13:42:00,KROS,70.08999633789062,70.08999633789062,70.08999633789062,70.01000213623047,70.02999877929688,755.0
2024-03-01 13:42:00,KTRA,0.09839999675750732,0.09839999675750732,0.09839999675750732,0.09839999675750732,0.09839999675750732,585.0
2024-03-01 13:42:00,KURA,21.760000228881836,21.760000228881836,21.760000228881836,21.739999771118164,21.760000228881836,2115.0
2024-03-01 13:42:00,KYMR,44.255001068115234,44.255001068115234,44.2599983215332,44.255001068115234,44.2599983215332,1209.0
2024-03-01 13:42:00,KZR,1.0800000429153442,1.0800000429153442,1.0800000429153442,1.0800000429153442,1.0800000429153442,929.0
2024-03-01 13:42:00,LAB,2.4700000286102295,2.4700000286102295,2.484999895095825,2.4700000286102295,2.480299949645996,12357.0
2024-03-01 13:42:00,LEGN,65.87000274658203,65.87000274658203,65.87000274658203,65.87000274658203,65.87000274658203,121.0
2024-03-01 13:42:00,LEXX,2.8299999237060547,2.8299999237060547,2.8299999237060547,2.8201000690460205,2.8201000690460205,5805.0
2024-03-01 13:42:00,LFMD,7.989999771118164,7.989999771118164,8.0,7.989999771118164,8.0,200.0
2024-03-01 13:42:00,LFST,7.775000095367432,7.775000095367432,7.775000095367432,7.775000095367432,7.775000095367432,682.0
2024-03-01 13:42:00,LIAN,4.860000133514404,4.860000133514404,4.860000133514404,4.860000133514404,4.860000133514404,110.0
2024-03-01 13:42:00,LIXT,2.5299999713897705,2.5299999713897705,2.5299999713897705,2.5299999713897705,2.5299999713897705,138.0
2024-03-01 13:42:00,LMAT,68.23999786376953,68.23999786376953,68.23999786376953,68.23999786376953,68.23999786376953,102.0
2024-03-01 13:42:00,LNTH,65.16999816894531,65.16999816894531,65.20500183105469,65.16999816894531,65.20500183105469,1468.0
2024-03-01 13:42:00,LTRN,4.400000095367432,4.400000095367432,4.465799808502197,4.400000095367432,4.409999847412109,955.0
2024-03-01 13:42:00,LUNG,9.479999542236328,9.479999542236328,9.510000228881836,9.479999542236328,9.510000228881836,1064.0
2024-03-01 13:42:00,LVTX,2.890000104904175,2.890000104904175,2.9200000762939453,2.890000104904175,2.890000104904175,1150.0
2024-03-01 13:42:00,LXRX,2.5250000953674316,2.5250000953674316,2.5250000953674316,2.5250000953674316,2.5250000953674316,3647.0
2024-03-01 13:42:00,LYEL,3.2049999237060547,3.2049999237060547,3.2049999237060547,3.200000047683716,3.2049999237060547,2085.0
2024-03-01 13:42:00,LYRA,5.699999809265137,5.699999809265137,5.699999809265137,5.6921000480651855,5.6921000480651855,500.0
2024-03-01 13:42:00,MASI,128.86000061035156,128.86000061035156,128.86000061035156,128.86000061035156,128.86000061035156,1359.0
2024-03-01 13:42:00,MASS,7.369999885559082,7.369999885559082,7.369999885559082,7.369999885559082,7.369999885559082,1079.0
2024-03-01 13:42:00,MCRB,1.2000000476837158,1.2000000476837158,1.2050000429153442,1.2000000476837158,1.2050000429153442,3691.0
2024-03-01 13:42:00,MDGL,252.44000244140625,252.44000244140625,252.44500732421875,251.79339599609375,252.44500732421875,735.0
2024-03-01 13:42:00,MDRX,5.960000038146973,5.960000038146973,5.989999771118164,5.960000038146973,5.989999771118164,11443.0
2024-03-01 13:42:00,MDXG,8.675000190734863,8.675000190734863,8.6899995803833,8.670000076293945,8.6875,6088.0
2024-03-01 13:42:00,ME,0.5714499950408936,0.5714499950408936,0.5715000033378601,0.571399986743927,0.571399986743927,1962.0
2024-03-01 13:42:00,MEDP,401.20001220703125,401.20001220703125,401.7449951171875,401.20001220703125,401.7449951171875,1561.0
2024-03-01 13:42:00,MEIP,4.230000019073486,4.230000019073486,4.230000019073486,4.230000019073486,4.230000019073486,552.0
2024-03-01 13:42:00,MESO,2.0299999713897705,2.0299999713897705,2.0299999713897705,2.0299999713897705,2.0299999713897705,116.0
2024-03-01 13:42:00,MGNX,19.100099563598633,19.100099563598633,19.108400344848633,19.100099563598633,19.108400344848633,620.0
2024-03-01 13:42:00,MHUA,0.6899999976158142,0.6899999976158142,0.6900100111961365,0.6899999976158142,0.6900100111961365,1100.0
2024-03-01 13:42:00,MIRM,29.7549991607666,29.7549991607666,29.7549991607666,29.7549991607666,29.7549991607666,118.0
2024-03-01 13:42:00,MIST,1.7549999952316284,1.7549999952316284,1.7549999952316284,1.75,1.75,1805.0
2024-03-01 13:42:00,MNKD,4.565000057220459,4.565000057220459,4.570000171661377,4.565000057220459,4.570000171661377,1003.0
2024-03-01 13:42:00,MNMD,6.190000057220459,6.190000057220459,6.19290018081665,6.190000057220459,6.19290018081665,1049.0
2024-03-01 13:42:00,MOR,17.559999465942383,17.559999465942383,17.559999465942383,17.559999465942383,17.559999465942383,515.0
2024-03-01 13:42:00,MORF,39.529998779296875,39.529998779296875,39.57500076293945,39.52000045776367,39.57500076293945,716.0
2024-03-01 13:42:00,MRAI,1.5949000120162964,1.5949000120162964,1.5949000120162964,1.5949000120162964,1.5949000120162964,210.0
2024-03-01 13:42:00,MREO,3.990000009536743,3.990000009536743,3.990000009536743,3.990000009536743,3.990000009536743,315.0
2024-03-01 13:42:00,MRNA,95.95500183105469,95.95500183105469,95.99500274658203,95.91000366210938,95.98359680175781,4603.0
2024-03-01 13:42:00,MRSN,5.954999923706055,5.954999923706055,5.965000152587891,5.949999809265137,5.965000152587891,1743.0
2024-03-01 13:42:00,MRUS,51.11000061035156,51.11000061035156,51.119998931884766,51.11000061035156,51.119998931884766,419.0
2024-03-01 13:42:00,MRVI,7.710000038146973,7.710000038146973,7.71999979019165,7.710000038146973,7.710000038146973,1165.0
2024-03-01 13:42:00,MTEM,3.799999952316284,3.799999952316284,3.799999952316284,3.799999952316284,3.799999952316284,100.0
2024-03-01 13:42:00,MXCT,4.764999866485596,4.764999866485596,4.764999866485596,4.764999866485596,4.764999866485596,133.0
2024-03-01 13:42:00,MYGN,21.905000686645508,21.905000686645508,21.905000686645508,21.905000686645508,21.905000686645508,201.0
2024-03-01 13:42:00,MYMD,3.380000114440918,3.380000114440918,3.380000114440918,3.380000114440918,3.380000114440918,103.0
2024-03-01 13:42:00,NARI,45.52000045776367,45.52000045776367,45.56999969482422,45.52000045776367,45.54999923706055,1982.0
2024-03-01 13:42:00,NAUT,2.615000009536743,2.615000009536743,2.615000009536743,2.5999999046325684,2.5999999046325684,302.0
2024-03-01 13:42:00,NBIX,132.375,132.375,132.375,132.375,132.375,386.0
2024-03-01 13:42:00,NCNA,0.31529998779296875,0.31529998779296875,0.31529998779296875,0.31529998779296875,0.31529998779296875,250.0
2024-03-01 13:42:00,NEO,16.05500030517578,16.05500030517578,16.059999465942383,16.05500030517578,16.059999465942383,611.0
2024-03-01 13:42:00,NEOG,17.364999771118164,17.364999771118164,17.364999771118164,17.354999542236328,17.354999542236328,989.0
2024-03-01 13:42:00,NEXI,6.539999961853027,6.539999961853027,6.547999858856201,6.5,6.510000228881836,1236.0
2024-03-01 13:42:00,NKTR,0.7738500237464905,0.7738500237464905,0.7738500237464905,0.7738500237464905,0.7738500237464905,200.0
2024-03-01 13:42:00,NKTX,12.890000343322754,12.890000343322754,12.890000343322754,12.890000343322754,12.890000343322754,358.0
2024-03-01 13:42:00,NNOX,11.029999732971191,11.029999732971191,11.029999732971191,11.01990032196045,11.01990032196045,3758.0
2024-03-01 13:42:00,NRBO,6.0,6.0,6.0,6.0,6.0,189.0
2024-03-01 13:42:00,NRIX,13.739999771118164,13.739999771118164,13.760000228881836,13.739999771118164,13.760000228881836,989.0
2024-03-01 13:42:00,NRSN,2.015000104904175,2.015000104904175,2.015000104904175,2.015000104904175,2.015000104904175,108.0
2024-03-01 13:42:00,NRXP,0.42890000343322754,0.42890000343322754,0.42890000343322754,0.42890000343322754,0.42890000343322754,500.0
2024-03-01 13:42:00,NTLA,33.55500030517578,33.55500030517578,33.58000183105469,33.55500030517578,33.58000183105469,2619.0
2024-03-01 13:42:00,NTRA,89.42500305175781,89.42500305175781,89.42500305175781,89.42500305175781,89.42500305175781,495.0
2024-03-01 13:42:00,NUVL,88.4000015258789,88.4000015258789,88.56999969482422,88.4000015258789,88.56999969482422,1400.0
2024-03-01 13:42:00,NVAX,5.230000019073486,5.230000019073486,5.231200218200684,5.230000019073486,5.231200218200684,2536.0
2024-03-01 13:42:00,NVCR,16.030000686645508,16.030000686645508,16.030000686645508,16.030000686645508,16.030000686645508,388.0
2024-03-01 13:42:00,NVCT,10.699999809265137,10.699999809265137,10.699999809265137,10.699999809265137,10.699999809265137,216.0
2024-03-01 13:42:00,NVNO,6.4207000732421875,6.4207000732421875,6.4207000732421875,6.4207000732421875,6.4207000732421875,300.0
2024-03-01 13:42:00,NXTC,1.75,1.75,1.75,1.75,1.75,200.0
2024-03-01 13:42:00,OCGN,0.9700999855995178,0.9700999855995178,0.970300018787384,0.9649999737739563,0.9674500226974487,3472.0
2024-03-01 13:42:00,OCUL,10.859999656677246,10.859999656677246,10.890000343322754,10.859999656677246,10.885000228881836,4498.0
2024-03-01 13:42:00,OGI,2.194999933242798,2.194999933242798,2.194999933242798,2.194999933242798,2.194999933242798,200.0
2024-03-01 13:42:00,OLMA,14.800000190734863,14.800000190734863,14.84000015258789,14.789999961853027,14.84000015258789,2784.0
2024-03-01 13:42:00,OM,3.1700000762939453,3.1700000762939453,3.1700000762939453,3.1649999618530273,3.1649999618530273,2005.0
2024-03-01 13:42:00,OMCL,26.389999389648438,26.389999389648438,26.41699981689453,26.389999389648438,26.40999984741211,1313.0
2024-03-01 13:42:00,OMER,4.784999847412109,4.784999847412109,4.784999847412109,4.784999847412109,4.784999847412109,332.0
2024-03-01 13:42:00,OMGA,4.28000020980835,4.28000020980835,4.289999961853027,4.269999980926514,4.269999980926514,7151.0
2024-03-01 13:43:00,ABCL,5.210000038146973,5.210000038146973,5.210000038146973,5.199999809265137,5.210000038146973,2936.0
2024-03-01 13:43:00,ABEO,7.84499979019165,7.84499979019165,7.84499979019165,7.84499979019165,7.84499979019165,301.0
2024-03-01 13:43:00,ABOS,4.695000171661377,4.695000171661377,4.695000171661377,4.695000171661377,4.695000171661377,212.0
2024-03-01 13:43:00,ABSI,5.40500020980835,5.40500020980835,5.409999847412109,5.40500020980835,5.409999847412109,899.0
2024-03-01 13:43:00,ACAD,24.295000076293945,24.295000076293945,24.309999465942383,24.290000915527344,24.309999465942383,4190.0
2024-03-01 13:43:00,ACB,3.2300000190734863,3.2300000190734863,3.231100082397461,3.2300000190734863,3.231100082397461,1611.0
2024-03-01 13:43:00,ACCD,10.09000015258789,10.09000015258789,10.100000381469727,10.09000015258789,10.100000381469727,1300.0
2024-03-01 13:43:00,ACET,2.3984999656677246,2.3984999656677246,2.3984999656677246,2.3984999656677246,2.3984999656677246,277.0
2024-03-01 13:43:00,ACON,0.4081000089645386,0.4081000089645386,0.40950000286102295,0.4081000089645386,0.40950000286102295,600.0
2024-03-01 13:43:00,ACRS,1.2400000095367432,1.2400000095367432,1.2400000095367432,1.2300000190734863,1.2400000095367432,2273.0
2024-03-01 13:43:00,ADIL,3.201200008392334,3.201200008392334,3.2200000286102295,3.190000057220459,3.190000057220459,23614.0
2024-03-01 13:43:00,ADMA,5.559999942779541,5.559999942779541,5.559999942779541,5.559999942779541,5.559999942779541,3151.0
2024-03-01 13:43:00,ADPT,4.15500020980835,4.15500020980835,4.164999961853027,4.15500020980835,4.164999961853027,2945.0
2024-03-01 13:43:00,ADVM,1.9500000476837158,1.9500000476837158,1.9500000476837158,1.9500000476837158,1.9500000476837158,300.0
2024-03-01 13:43:00,ADXN,9.119999885559082,9.119999885559082,9.149999618530273,9.119999885559082,9.149999618530273,401.0
2024-03-01 13:43:00,AGEN,0.6771000027656555,0.6771000027656555,0.6787999868392944,0.6771000027656555,0.6787999868392944,102948.0
2024-03-01 13:43:00,AGIO,32.86000061035156,32.86000061035156,32.86000061035156,32.86000061035156,32.86000061035156,345.0
2024-03-01 13:43:00,AHCO,10.550000190734863,10.550000190734863,10.550000190734863,10.550000190734863,10.550000190734863,2072.0
2024-03-01 13:43:00,AIMD,0.949999988079071,0.949999988079071,0.949999988079071,0.949999988079071,0.949999988079071,100.0
2024-03-01 13:43:00,AIRS,6.489999771118164,6.489999771118164,6.489999771118164,6.489999771118164,6.489999771118164,100.0
2024-03-01 13:43:00,AKBA,1.684999942779541,1.684999942779541,1.684999942779541,1.684999942779541,1.684999942779541,200.0
2024-03-01 13:43:00,AKLI,0.3402999937534332,0.3402999937534332,0.3402999937534332,0.3402999937534332,0.3402999937534332,140.0
2024-03-01 13:43:00,AKRO,29.833999633789062,29.833999633789062,29.89620018005371,29.828699111938477,29.889999389648438,8650.0
2024-03-01 13:43:00,ALDX,4.324999809265137,4.324999809265137,4.324999809265137,4.320000171661377,4.324999809265137,1875.0
2024-03-01 13:43:00,ALEC,7.349999904632568,7.349999904632568,7.360000133514404,7.349999904632568,7.349999904632568,1329.0
2024-03-01 13:43:00,ALGS,1.1198999881744385,1.1198999881744385,1.1198999881744385,1.090000033378601,1.090000033378601,10100.0
2024-03-01 13:43:00,ALHC,5.625,5.625,5.625,5.625,5.625,423.0
2024-03-01 13:43:00,ALLK,1.6549999713897705,1.6549999713897705,1.659999966621399,1.6549999713897705,1.659999966621399,300.0
2024-03-01 13:43:00,ALLO,5.050000190734863,5.050000190734863,5.050000190734863,5.050000190734863,5.050000190734863,220.0
2024-03-01 13:43:00,ALNY,153.64999389648438,153.64999389648438,153.64999389648438,153.64999389648438,153.64999389648438,433.0
2024-03-01 13:43:00,ALT,12.088800430297852,12.088800430297852,12.09000015258789,12.085000038146973,12.085000038146973,1022.0
2024-03-01 13:43:00,ALVR,0.7541000247001648,0.7541000247001648,0.7541000247001648,0.7541000247001648,0.7541000247001648,101.0
2024-03-01 13:43:00,AMGN,281.0799865722656,281.0799865722656,281.1449890136719,281.0799865722656,281.1449890136719,2165.0
2024-03-01 13:43:00,AMLX,18.684999465942383,18.684999465942383,18.684999465942383,18.649999618530273,18.655000686645508,4437.0
2024-03-01 13:43:00,AMPH,45.32500076293945,45.32500076293945,45.32500076293945,45.32500076293945,45.32500076293945,409.0
2024-03-01 13:43:00,AMRN,1.0549999475479126,1.0549999475479126,1.0598000288009644,1.0499999523162842,1.0499999523162842,14818.0
2024-03-01 13:43:00,ANNX,6.179999828338623,6.179999828338623,6.199999809265137,6.179999828338623,6.199999809265137,1640.0
2024-03-01 13:43:00,ANTX,3.0,3.0,3.0,2.990000009536743,2.990000009536743,900.0
2024-03-01 13:43:00,APLS,65.12999725341797,65.12999725341797,65.12999725341797,65.08000183105469,65.12999725341797,1466.0
2024-03-01 13:43:00,APLT,7.170000076293945,7.170000076293945,7.179999828338623,7.170000076293945,7.179999828338623,3622.0
2024-03-01 13:43:00,AQST,4.239099979400635,4.239099979400635,4.239099979400635,4.235000133514404,4.235000133514404,1186.0
2024-03-01 13:43:00,ARDX,9.475000381469727,9.475000381469727,9.484999656677246,9.475000381469727,9.479999542236328,6341.0
2024-03-01 13:43:00,ARQT,11.880000114440918,11.880000114440918,11.880000114440918,11.84000015258789,11.84000015258789,2875.0
2024-03-01 13:43:00,ARVN,49.05500030517578,49.05500030517578,49.07500076293945,49.040000915527344,49.07500076293945,465.0
2024-03-01 13:43:00,ARWR,35.81999969482422,35.81999969482422,35.81999969482422,35.779998779296875,35.779998779296875,1276.0
2024-03-01 13:43:00,ASND,152.5500030517578,152.5500030517578,152.5500030517578,152.19000244140625,152.19000244140625,347.0
2024-03-01 13:43:00,ASRT,0.9021000266075134,0.9021000266075134,0.9021000266075134,0.9021000266075134,0.9021000266075134,753.0
2024-03-01 13:43:00,ATEC,13.414999961853027,13.414999961853027,13.4399995803833,13.40999984741211,13.4399995803833,4072.0
2024-03-01 13:43:00,ATOS,1.0099999904632568,1.0099999904632568,1.0099999904632568,1.0099999904632568,1.0099999904632568,216.0
2024-03-01 13:43:00,ATRA,0.7825999855995178,0.7825999855995178,0.785099983215332,0.7821000218391418,0.7839999794960022,1708.0
2024-03-01 13:43:00,ATXI,0.15549999475479126,0.15549999475479126,0.15549999475479126,0.15549999475479126,0.15549999475479126,125.0
2024-03-01 13:43:00,ATXS,14.8100004196167,14.8100004196167,14.8100004196167,14.8100004196167,14.8100004196167,218.0
2024-03-01 13:43:00,AUGX,4.53000020980835,4.53000020980835,4.53000020980835,4.53000020980835,4.53000020980835,225.0
2024-03-01 13:43:00,AUPH,5.860000133514404,5.860000133514404,5.860000133514404,5.849999904632568,5.849999904632568,839.0
2024-03-01 13:43:00,AVDL,13.222000122070312,13.222000122070312,13.239999771118164,13.222000122070312,13.239999771118164,2057.0
2024-03-01 13:43:00,AVXL,5.324999809265137,5.324999809265137,5.324999809265137,5.324999809265137,5.324999809265137,301.0
2024-03-01 13:43:00,AXNX,67.81999969482422,67.81999969482422,67.8499984741211,67.81999969482422,67.83000183105469,1829.0
2024-03-01 13:43:00,AXSM,82.25,82.25,82.25,82.25,82.25,193.0
2024-03-01 13:43:00,AZN,64.69999694824219,64.69999694824219,64.70999908447266,64.69210052490234,64.69999694824219,6602.0
2024-03-01 13:43:00,BBLG,2.4549999237060547,2.4549999237060547,2.4600000381469727,2.4549999237060547,2.4600000381469727,900.0
2024-03-01 13:43:00,BCAB,2.699899911880493,2.699899911880493,2.700000047683716,2.699899911880493,2.700000047683716,550.0
2024-03-01 13:43:00,BCDA,0.5699999928474426,0.5699999928474426,0.5699999928474426,0.5699999928474426,0.5699999928474426,1000.0
2024-03-01 13:43:00,BCLI,0.3499999940395355,0.3499999940395355,0.3499999940395355,0.3499000072479248,0.3499000072479248,1600.0
2024-03-01 13:43:00,BCRX,5.71750020980835,5.71750020980835,5.71750020980835,5.710000038146973,5.710000038146973,777.0
2024-03-01 13:43:00,BDTX,4.980000019073486,4.980000019073486,4.994999885559082,4.980000019073486,4.994999885559082,1056.0
2024-03-01 13:43:00,BEAM,40.72249984741211,40.72249984741211,40.72999954223633,40.720001220703125,40.720001220703125,1988.0
2024-03-01 13:43:00,BGNE,167.17999267578125,167.17999267578125,167.17999267578125,167.17999267578125,167.17999267578125,279.0
2024-03-01 13:43:00,BGXX,0.2700999975204468,0.2700999975204468,0.2700999975204468,0.2700999975204468,0.2700999975204468,5137.0
2024-03-01 13:43:00,BIIB,221.1649932861328,221.1649932861328,221.1649932861328,221.07000732421875,221.07000732421875,1504.0
2024-03-01 13:43:00,BIOL,0.14399999380111694,0.14399999380111694,0.14435000717639923,0.14390000700950623,0.14435000717639923,10925.0
2024-03-01 13:43:00,BIOR,1.090000033378601,1.090000033378601,1.100000023841858,1.090000033378601,1.100000023841858,6450.0
2024-03-01 13:43:00,BIVI,2.200000047683716,2.200000047683716,2.200000047683716,2.1500000953674316,2.1547999382019043,164487.0
2024-03-01 13:43:00,BLRX,1.3896000385284424,1.3896000385284424,1.3896000385284424,1.3896000385284424,1.3896000385284424,2067.0
2024-03-01 13:43:00,BLUE,1.6050000190734863,1.6050000190734863,1.6100000143051147,1.6050000190734863,1.6050000190734863,5440.0
2024-03-01 13:43:00,BMEA,18.290000915527344,18.290000915527344,18.290000915527344,18.290000915527344,18.290000915527344,439.0
2024-03-01 13:43:00,BMRN,87.95999908447266,87.95999908447266,87.95999908447266,87.94999694824219,87.94999694824219,449.0
2024-03-01 13:43:00,BNGO,1.2649999856948853,1.2649999856948853,1.2699999809265137,1.2649999856948853,1.2699999809265137,2320.0
2024-03-01 13:43:00,BNR,0.8394500017166138,0.8394500017166138,0.8394500017166138,0.8394500017166138,0.8394500017166138,100.0
2024-03-01 13:43:00,BPMC,96.94999694824219,96.94999694824219,96.94999694824219,96.94999694824219,96.94999694824219,448.0
2024-03-01 13:43:00,BRKR,88.29499816894531,88.29499816894531,88.30999755859375,88.29499816894531,88.30000305175781,583.0
2024-03-01 13:43:00,BTAI,3.180000066757202,3.180000066757202,3.180000066757202,3.180000066757202,3.180000066757202,443.0
2024-03-01 13:43:00,BTMD,5.949999809265137,5.949999809265137,5.949999809265137,5.920000076293945,5.920000076293945,2113.0
2024-03-01 13:43:00,BTTX,0.1805099993944168,0.1805099993944168,0.18060000240802765,0.18000000715255737,0.18000100553035736,12111.0
2024-03-01 13:43:00,BWAY,6.550000190734863,6.550000190734863,6.550000190734863,6.53000020980835,6.53000020980835,800.0
2024-03-01 13:43:00,CABA,24.209999084472656,24.209999084472656,24.219999313354492,24.200000762939453,24.200000762939453,619.0
2024-03-01 13:43:00,CARA,0.9309999942779541,0.9309999942779541,0.9309999942779541,0.9309999942779541,0.9309999942779541,413.0
2024-03-01 13:43:00,CBAY,32.22999954223633,32.22999954223633,32.23500061035156,32.22999954223633,32.231998443603516,2834.0
2024-03-01 13:43:00,CCCC,10.984999656677246,10.984999656677246,11.010100364685059,10.984999656677246,11.010000228881836,2811.0
2024-03-01 13:43:00,CDMO,8.114999771118164,8.114999771118164,8.114999771118164,8.104999542236328,8.109999656677246,2586.0
2024-03-01 13:43:00,CDNA,12.390000343322754,12.390000343322754,12.390000343322754,12.380000114440918,12.380000114440918,2328.0
2024-03-01 13:43:00,CDXS,4.550000190734863,4.550000190734863,4.559999942779541,4.550000190734863,4.550000190734863,4147.0
2024-03-01 13:43:00,CELC,16.510000228881836,16.510000228881836,16.59000015258789,16.510000228881836,16.510000228881836,4173.0
2024-03-01 13:43:00,CERE,41.099998474121094,41.099998474121094,41.11000061035156,41.099998474121094,41.10499954223633,905.0
2024-03-01 13:43:00,CERS,2.200000047683716,2.200000047683716,2.200000047683716,2.200000047683716,2.200000047683716,3674.0
2024-03-01 13:43:00,CERT,17.8799991607666,17.8799991607666,17.8799991607666,17.878000259399414,17.8799991607666,1629.0
2024-03-01 13:43:00,CGEM,18.770000457763672,18.770000457763672,18.780000686645508,18.760000228881836,18.770000457763672,2407.0
2024-03-01 13:43:00,CGEN,2.684999942779541,2.684999942779541,2.684999942779541,2.684999942779541,2.684999942779541,129.0
2024-03-01 13:43:00,CHRS,2.425600051879883,2.425600051879883,2.430000066757202,2.424999952316284,2.424999952316284,2962.0
2024-03-01 13:43:00,CKPT,2.190000057220459,2.190000057220459,2.190000057220459,2.190000057220459,2.190000057220459,100.0
2024-03-01 13:43:00,CLDX,52.6349983215332,52.6349983215332,52.6349983215332,52.59040069580078,52.619998931884766,1249.0
2024-03-01 13:43:00,CLLS,2.593899965286255,2.593899965286255,2.593899965286255,2.593899965286255,2.593899965286255,1000.0
2024-03-01 13:43:00,CLOV,0.8701000213623047,0.8701000213623047,0.870199978351593,0.8701000213623047,0.8701000213623047,4467.0
2024-03-01 13:43:00,CMPS,11.34000015258789,11.34000015258789,11.380000114440918,11.34000015258789,11.380000114440918,301.0
2024-03-01 13:43:00,CMPX,1.8700000047683716,1.8700000047683716,1.8700000047683716,1.8600000143051147,1.8600000143051147,456.0
2024-03-01 13:43:00,COGT,7.199999809265137,7.199999809265137,7.199999809265137,7.190000057220459,7.190000057220459,6312.0
2024-03-01 13:43:00,COLL,36.8849983215332,36.8849983215332,36.8849983215332,36.869998931884766,36.880001068115234,1281.0
2024-03-01 13:43:00,CORT,24.315000534057617,24.315000534057617,24.329999923706055,24.315000534057617,24.329999923706055,391.0
2024-03-01 13:43:00,CPRX,17.3887996673584,17.3887996673584,17.389999389648438,17.3700008392334,17.3700008392334,2793.0
2024-03-01 13:43:00,CPSI,9.475000381469727,9.475000381469727,9.475000381469727,9.475000381469727,9.475000381469727,194.0
2024-03-01 13:43:00,CRBU,7.940000057220459,7.940000057220459,7.965000152587891,7.940000057220459,7.960000038146973,6633.0
2024-03-01 13:43:00,CRDF,2.4855000972747803,2.4855000972747803,2.5,2.4700000286102295,2.4700000286102295,10849.0
2024-03-01 13:43:00,CRDL,1.9500000476837158,1.9500000476837158,1.9500000476837158,1.9500000476837158,1.9500000476837158,170.0
2024-03-01 13:43:00,CRMD,3.7249999046325684,3.7249999046325684,3.7249999046325684,3.7249999046325684,3.7249999046325684,6334.0
2024-03-01 13:43:00,CRON,2.049999952316284,2.049999952316284,2.050100088119507,2.049999952316284,2.050100088119507,318.0
2024-03-01 13:43:00,CRSP,85.88999938964844,85.88999938964844,85.98999786376953,85.88999938964844,85.97000122070312,2006.0
2024-03-01 13:43:00,CTMX,2.625,2.625,2.625,2.625,2.625,1101.0
2024-03-01 13:43:00,CUTR,2.369999885559082,2.369999885559082,2.369999885559082,2.369999885559082,2.369999885559082,100.0
2024-03-01 13:43:00,CVAC,3.490000009536743,3.490000009536743,3.498500108718872,3.490000009536743,3.498500108718872,14120.0
2024-03-01 13:43:00,CYCC,2.7850000858306885,2.7850000858306885,2.819999933242798,2.7850000858306885,2.7899999618530273,3677.0
2024-03-01 13:43:00,CYTK,72.70999908447266,72.70999908447266,72.74500274658203,72.70999908447266,72.70999908447266,751.0
2024-03-01 13:43:00,CYTO,2.25,2.25,2.25,2.25,2.25,300.0
2024-03-01 13:43:00,DAWN,17.549999237060547,17.549999237060547,17.549999237060547,17.540000915527344,17.540000915527344,1218.0
2024-03-01 13:43:00,DCGO,4.21999979019165,4.21999979019165,4.21999979019165,4.21999979019165,4.21999979019165,204.0
2024-03-01 13:43:00,DCPH,17.481000900268555,17.481000900268555,17.489999771118164,17.481000900268555,17.489999771118164,1018.0
2024-03-01 13:43:00,DERM,4.0,4.0,4.0,4.0,4.0,100.0
2024-03-01 13:43:00,DH,8.829999923706055,8.829999923706055,8.850000381469727,8.829999923706055,8.850000381469727,300.0
2024-03-01 13:43:00,DMTK,0.8547999858856201,0.8547999858856201,0.8547999858856201,0.8547989726066589,0.8547989726066589,1115.0
2024-03-01 13:43:00,DNLI,21.225000381469727,21.225000381469727,21.239999771118164,21.225000381469727,21.225000381469727,1282.0
2024-03-01 13:43:00,DSGN,2.9049999713897705,2.9049999713897705,2.9049999713897705,2.9049999713897705,2.9049999713897705,243.0
2024-03-01 13:43:00,DTIL,12.475000381469727,12.475000381469727,12.59000015258789,12.460599899291992,12.59000015258789,3488.0
2024-03-01 13:43:00,DVAX,12.869999885559082,12.869999885559082,12.880000114440918,12.869999885559082,12.880000114440918,736.0
2024-03-01 13:43:00,DXCM,121.58999633789062,121.58999633789062,121.58999633789062,121.54000091552734,121.58000183105469,3749.0
2024-03-01 13:43:00,DYN,29.049999237060547,29.049999237060547,29.075000762939453,28.969999313354492,29.03499984741211,2733.0
2024-03-01 13:43:00,EDIT,10.930000305175781,10.930000305175781,10.930000305175781,10.930000305175781,10.930000305175781,525.0
2024-03-01 13:43:00,EGRX,6.718599796295166,6.718599796295166,6.718599796295166,6.69189977645874,6.69189977645874,889.0
2024-03-01 13:43:00,ELEV,5.010000228881836,5.010000228881836,5.019999980926514,5.010000228881836,5.019999980926514,1666.0
2024-03-01 13:43:00,EMBC,14.270000457763672,14.270000457763672,14.270000457763672,14.270000457763672,14.270000457763672,1039.0
2024-03-01 13:43:00,ENSG,122.27999877929688,122.27999877929688,122.27999877929688,122.25,122.25,956.0
2024-03-01 13:43:00,ENTA,15.343799591064453,15.343799591064453,15.343799591064453,15.343799591064453,15.343799591064453,464.0
2024-03-01 13:43:00,ENVB,1.5499999523162842,1.5499999523162842,1.5499999523162842,1.534999966621399,1.534999966621399,265.0
2024-03-01 13:43:00,ERAS,2.484999895095825,2.484999895095825,2.484999895095825,2.4800000190734863,2.48009991645813,3330.0
2024-03-01 13:43:00,ESPR,2.5199999809265137,2.5199999809265137,2.5199999809265137,2.5199999809265137,2.5199999809265137,600.0
2024-03-01 13:43:00,ESTA,45.43000030517578,45.43000030517578,45.43000030517578,45.43000030517578,45.43000030517578,298.0
2024-03-01 13:43:00,ETNB,13.100000381469727,13.100000381469727,13.104999542236328,13.100000381469727,13.104999542236328,1200.0
2024-03-01 13:43:00,ETON,4.489999771118164,4.489999771118164,4.489999771118164,4.489999771118164,4.489999771118164,100.0
2024-03-01 13:43:00,EWTX,17.020000457763672,17.020000457763672,17.040000915527344,17.020000457763672,17.040000915527344,1452.0
2024-03-01 13:43:00,EXAI,6.730000019073486,6.730000019073486,6.75,6.730000019073486,6.75,1200.0
2024-03-01 13:43:00,EXAS,60.04999923706055,60.04999923706055,60.04999923706055,60.02000045776367,60.040000915527344,1071.0
2024-03-01 13:43:00,EXEL,22.454999923706055,22.454999923706055,22.469999313354492,22.454999923706055,22.469999313354492,1285.0
2024-03-01 13:43:00,EYEN,2.365000009536743,2.365000009536743,2.3731000423431396,2.3299999237060547,2.359999895095825,25632.0
2024-03-01 13:43:00,EYPT,28.079999923706055,28.079999923706055,28.100000381469727,28.06999969482422,28.06999969482422,1373.0
2024-03-01 13:43:00,FATE,7.744999885559082,7.744999885559082,7.75,7.71999979019165,7.739999771118164,9122.0
2024-03-01 13:43:00,FBIO,2.359999895095825,2.359999895095825,2.365000009536743,2.359999895095825,2.359999895095825,3022.0
2024-03-01 13:43:00,FDMT,29.28499984741211,29.28499984741211,29.28499984741211,29.270000457763672,29.270000457763672,826.0
2024-03-01 13:43:00,FNCH,2.619999885559082,2.619999885559082,2.640000104904175,2.619999885559082,2.640000104904175,2359.0
2024-03-01 13:43:00,FOLD,13.369999885559082,13.369999885559082,13.390000343322754,13.364999771118164,13.390000343322754,4140.0
2024-03-01 13:43:00,FULC,11.149999618530273,11.149999618530273,11.164999961853027,11.149999618530273,11.164999961853027,1268.0
2024-03-01 13:43:00,FUSN,12.350000381469727,12.350000381469727,12.420000076293945,12.350000381469727,12.399999618530273,1960.0
2024-03-01 13:43:00,GDRX,8.395000457763672,8.395000457763672,8.404999732971191,8.390000343322754,8.399999618530273,6375.0
2024-03-01 13:43:00,GERN,2.265000104904175,2.265000104904175,2.265000104904175,2.265000104904175,2.265000104904175,1100.0
2024-03-01 13:43:00,GH,19.059999465942383,19.059999465942383,19.059999465942383,19.059999465942383,19.059999465942383,657.0
2024-03-01 13:43:00,GILD,72.3550033569336,72.3550033569336,72.3582992553711,72.31999969482422,72.32499694824219,9289.0
2024-03-01 13:43:00,GMAB,29.3799991607666,29.3799991607666,29.3799991607666,29.3799991607666,29.3799991607666,713.0
2024-03-01 13:43:00,GOSS,1.409999966621399,1.409999966621399,1.409999966621399,1.409999966621399,1.409999966621399,300.0
2024-03-01 13:43:00,GOVX,2.559999942779541,2.559999942779541,2.569999933242798,2.559999942779541,2.569999933242798,552.0
2024-03-01 13:43:00,GRFS,7.085000038146973,7.085000038146973,7.090000152587891,7.080100059509277,7.085000038146973,1814.0
2024-03-01 13:43:00,GRTS,2.1500000953674316,2.1500000953674316,2.1512999534606934,2.1500000953674316,2.1512999534606934,1195.0
2024-03-01 13:43:00,GRTX,0.22609999775886536,0.22609999775886536,0.22824999690055847,0.22609999775886536,0.22630000114440918,2851.0
2024-03-01 13:43:00,GTHX,3.7699999809265137,3.7699999809265137,3.7850000858306885,3.7699999809265137,3.7850000858306885,2678.0
2024-03-01 13:43:00,HALO,41.45000076293945,41.45000076293945,41.45000076293945,41.43009948730469,41.439998626708984,1824.0
2024-03-01 13:43:00,HCAT,8.079999923706055,8.079999923706055,8.079999923706055,8.079999923706055,8.079999923706055,324.0
2024-03-01 13:43:00,HCSG,12.614999771118164,12.614999771118164,12.614999771118164,12.609999656677246,12.609999656677246,1523.0
2024-03-01 13:43:00,HITI,1.7599999904632568,1.7599999904632568,1.7599999904632568,1.7599999904632568,1.7599999904632568,126.0
2024-03-01 13:43:00,HLTH,0.27489998936653137,0.27489998936653137,0.2750000059604645,0.27489998936653137,0.2750000059604645,5400.0
2024-03-01 13:43:00,HLVX,19.020000457763672,19.020000457763672,19.020000457763672,19.020000457763672,19.020000457763672,103.0
2024-03-01 13:43:00,HOLX,74.05999755859375,74.05999755859375,74.05999755859375,74.05999755859375,74.05999755859375,218.0
2024-03-01 13:43:00,HOWL,7.105000019073486,7.105000019073486,7.105000019073486,7.059999942779541,7.059999942779541,615.0
2024-03-01 13:43:00,HRMY,31.645000457763672,31.645000457763672,31.645000457763672,31.645000457763672,31.645000457763672,182.0
2024-03-01 13:43:00,HRTX,2.5899999141693115,2.5899999141693115,2.5999999046325684,2.5899999141693115,2.5899999141693115,3612.0
2024-03-01 13:43:00,HSIC,76.8499984741211,76.8499984741211,76.8499984741211,76.80999755859375,76.80999755859375,3596.0
2024-03-01 13:43:00,HUGE,0.9010000228881836,0.9010000228881836,0.9010000228881836,0.9010000228881836,0.9010000228881836,100.0
2024-03-01 13:43:00,HUMA,3.2950000762939453,3.2950000762939453,3.2950000762939453,3.29010009765625,3.2950000762939453,2557.0
2024-03-01 13:43:00,IART,36.43000030517578,36.43000030517578,36.43000030517578,36.43000030517578,36.43000030517578,196.0
2024-03-01 13:43:00,IBRX,4.849999904632568,4.849999904632568,4.849999904632568,4.849999904632568,4.849999904632568,3420.0
2024-03-01 13:43:00,IDXX,579.6500244140625,579.6500244140625,580.4400024414062,579.6500244140625,580.4400024414062,311.0
2024-03-01 13:43:00,IDYA,46.959999084472656,46.959999084472656,46.96979904174805,46.83000183105469,46.83000183105469,9154.0
2024-03-01 13:43:00,IKNA,1.4700000286102295,1.4700000286102295,1.4700000286102295,1.4700000286102295,1.4700000286102295,200.0
2024-03-01 13:43:00,IMAB,1.8207000494003296,1.8207000494003296,1.8300000429153442,1.8207000494003296,1.8300000429153442,2743.0
2024-03-01 13:43:00,IMMX,3.565000057220459,3.565000057220459,3.565000057220459,3.565000057220459,3.565000057220459,103.0
2024-03-01 13:43:00,IMNM,25.450000762939453,25.450000762939453,25.450000762939453,25.450000762939453,25.450000762939453,352.0
2024-03-01 13:43:00,IMRN,1.690000057220459,1.690000057220459,1.690000057220459,1.690000057220459,1.690000057220459,103.0
2024-03-01 13:43:00,IMTX,12.9399995803833,12.9399995803833,12.9399995803833,12.9399995803833,12.9399995803833,128.0
2024-03-01 13:43:00,INCY,59.52000045776367,59.52000045776367,59.525001525878906,59.5099983215332,59.525001525878906,1159.0
2024-03-01 13:43:00,INMD,22.844999313354492,22.844999313354492,22.859899520874023,22.844999313354492,22.859899520874023,1601.0
2024-03-01 13:43:00,INO,9.5600004196167,9.5600004196167,9.580100059509277,9.5600004196167,9.579999923706055,5102.0
2024-03-01 13:43:00,INSM,28.274999618530273,28.274999618530273,28.280000686645508,28.270000457763672,28.270000457763672,1367.0
2024-03-01 13:43:00,INVA,15.625,15.625,15.630000114440918,15.619999885559082,15.630000114440918,488.0
2024-03-01 13:43:00,INZY,6.670000076293945,6.670000076293945,6.679999828338623,6.670000076293945,6.679999828338623,443.0
2024-03-01 13:43:00,IONS,45.97999954223633,45.97999954223633,45.97999954223633,45.96500015258789,45.96500015258789,458.0
2024-03-01 13:43:00,IOVA,17.079999923706055,17.079999923706055,17.079999923706055,17.06999969482422,17.079999923706055,8362.0
2024-03-01 13:43:00,IPSC,3.930000066757202,3.930000066757202,3.930000066757202,3.930000066757202,3.930000066757202,235.0
2024-03-01 13:43:00,IRMD,41.775001525878906,41.775001525878906,41.775001525878906,41.775001525878906,41.775001525878906,101.0
2024-03-01 13:43:00,IRWD,9.03499984741211,9.03499984741211,9.039999961853027,9.03499984741211,9.03499984741211,2150.0
2024-03-01 13:43:00,ISRG,395.4100036621094,395.4100036621094,395.44000244140625,395.385009765625,395.44000244140625,1342.0
2024-03-01 13:43:00,ITCI,71.70999908447266,71.70999908447266,71.70999908447266,71.70999908447266,71.70999908447266,262.0
2024-03-01 13:43:00,IXHL,5.559999942779541,5.559999942779541,5.559999942779541,5.53000020980835,5.53000020980835,301.0
2024-03-01 13:43:00,JAGX,0.0722000002861023,0.0722000002861023,0.0723000019788742,0.07199999690055847,0.07209999859333038,73832.0
2024-03-01 13:43:00,JANX,46.380001068115234,46.380001068115234,46.380001068115234,46.380001068115234,46.380001068115234,256.0
2024-03-01 13:43:00,JAZZ,119.45500183105469,119.45500183105469,119.5199966430664,119.41999816894531,119.5199966430664,2491.0
2024-03-01 13:43:00,KALV,14.1899995803833,14.1899995803833,14.25,14.1899995803833,14.25,3302.0
2024-03-01 13:43:00,KIDS,27.524999618530273,27.524999618530273,27.524999618530273,27.524999618530273,27.524999618530273,152.0
2024-03-01 13:43:00,KNSA,21.80500030517578,21.80500030517578,21.80500030517578,21.80500030517578,21.80500030517578,125.0
2024-03-01 13:43:00,KNTE,2.5999999046325684,2.5999999046325684,2.6050000190734863,2.5999999046325684,2.5999999046325684,2200.0
2024-03-01 13:43:00,KOD,6.079999923706055,6.079999923706055,6.079999923706055,6.079999923706055,6.079999923706055,716.0
2024-03-01 13:43:00,KPTI,1.2000000476837158,1.2000000476837158,1.2000000476837158,1.1900999546051025,1.1900999546051025,2052.0
2024-03-01 13:43:00,KRON,1.0396000146865845,1.0396000146865845,1.0396000146865845,1.0396000146865845,1.0396000146865845,111.0
2024-03-01 13:43:00,KROS,70.37000274658203,70.37000274658203,70.37000274658203,70.16999816894531,70.16999816894531,2152.0
2024-03-01 13:43:00,KRYS,169.47999572753906,169.47999572753906,169.47999572753906,169.47999572753906,169.47999572753906,166.0
2024-03-01 13:43:00,KTRA,0.09880000352859497,0.09880000352859497,0.09880000352859497,0.09880000352859497,0.09880000352859497,141.0
2024-03-01 13:43:00,KURA,21.780000686645508,21.780000686645508,21.780000686645508,21.780000686645508,21.780000686645508,1190.0
2024-03-01 13:43:00,KYMR,44.25,44.25,44.25,44.25,44.25,137.0
2024-03-01 13:43:00,LAB,2.4700000286102295,2.4700000286102295,2.4749999046325684,2.4700000286102295,2.4749999046325684,729.0
2024-03-01 13:43:00,LBPH,21.850000381469727,21.850000381469727,21.850000381469727,21.844999313354492,21.844999313354492,228.0
2024-03-01 13:43:00,LEGN,65.77999877929688,65.77999877929688,65.83000183105469,65.77999877929688,65.83000183105469,661.0
2024-03-01 13:43:00,LEXX,2.8399999141693115,2.8399999141693115,2.8399999141693115,2.8399999141693115,2.8399999141693115,618.0
2024-03-01 13:43:00,LFMD,7.989999771118164,7.989999771118164,8.0,7.989999771118164,8.0,678.0
2024-03-01 13:43:00,LIFE,1.9299999475479126,1.9299999475479126,1.940000057220459,1.9299999475479126,1.940000057220459,2810.0
2024-03-01 13:43:00,LIVN,55.83000183105469,55.83000183105469,55.849998474121094,55.83000183105469,55.849998474121094,943.0
2024-03-01 13:43:00,LMAT,68.20999908447266,68.20999908447266,68.20999908447266,68.20999908447266,68.20999908447266,202.0
2024-03-01 13:43:00,LNTH,65.16999816894531,65.16999816894531,65.16999816894531,65.1322021484375,65.1322021484375,418.0
2024-03-01 13:43:00,LQDA,14.6899995803833,14.6899995803833,14.6899995803833,14.6899995803833,14.6899995803833,215.0
2024-03-01 13:43:00,LRMR,11.460000038146973,11.460000038146973,11.479999542236328,11.460000038146973,11.479999542236328,1880.0
2024-03-01 13:43:00,LUCD,1.2400000095367432,1.2400000095367432,1.2400000095367432,1.2391999959945679,1.2391999959945679,736.0
2024-03-01 13:43:00,LUNG,9.470000267028809,9.470000267028809,9.479999542236328,9.470000267028809,9.479999542236328,567.0
2024-03-01 13:43:00,LVTX,2.9000000953674316,2.9000000953674316,2.9200000762939453,2.880000114440918,2.9000000953674316,827.0
2024-03-01 13:43:00,LXRX,2.5199999809265137,2.5199999809265137,2.5290000438690186,2.5199999809265137,2.5250000953674316,8872.0
2024-03-01 13:43:00,LYEL,3.2049999237060547,3.2049999237060547,3.20989990234375,3.2049999237060547,3.2049999237060547,1205.0
2024-03-01 13:43:00,LYRA,5.690000057220459,5.690000057220459,5.690000057220459,5.690000057220459,5.690000057220459,188.0
2024-03-01 13:43:00,MACK,14.710000038146973,14.710000038146973,14.710000038146973,14.704999923706055,14.710000038146973,1011.0
2024-03-01 13:43:00,MCRB,1.2050000429153442,1.2050000429153442,1.208400011062622,1.2000000476837158,1.2000000476837158,1231.0
2024-03-01 13:43:00,MDGL,251.65789794921875,251.65789794921875,252.0,251.65789794921875,251.82000732421875,1079.0
2024-03-01 13:43:00,MDRX,6.0,6.0,6.0,5.96999979019165,6.0,49092.0
2024-03-01 13:43:00,MDXG,8.680000305175781,8.680000305175781,8.6899995803833,8.675000190734863,8.675000190734863,11388.0
2024-03-01 13:43:00,MDXH,3.7300000190734863,3.7300000190734863,3.7300000190734863,3.7300000190734863,3.7300000190734863,432.0
2024-03-01 13:43:00,ME,0.5720000267028809,0.5720000267028809,0.5720000267028809,0.571399986743927,0.571399986743927,11902.0
2024-03-01 13:43:00,MGNX,19.09910011291504,19.09910011291504,19.107799530029297,19.09910011291504,19.107799530029297,720.0
2024-03-01 13:43:00,MIRM,29.764999389648438,29.764999389648438,29.764999389648438,29.729999542236328,29.729999542236328,942.0
2024-03-01 13:43:00,MIST,1.7450000047683716,1.7450000047683716,1.7450000047683716,1.7450000047683716,1.7450000047683716,300.0
2024-03-01 13:43:00,MLTX,51.150001525878906,51.150001525878906,51.165000915527344,51.119998931884766,51.165000915527344,867.0
2024-03-01 13:43:00,MNKD,4.565000057220459,4.565000057220459,4.569900035858154,4.565000057220459,4.569900035858154,1724.0
2024-03-01 13:43:00,MNMD,6.210000038146973,6.210000038146973,6.210000038146973,6.190000057220459,6.198500156402588,7656.0
2024-03-01 13:43:00,MODV,28.149999618530273,28.149999618530273,28.149999618530273,28.149999618530273,28.149999618530273,139.0
2024-03-01 13:43:00,MREO,3.990000009536743,3.990000009536743,4.0,3.990000009536743,3.994999885559082,5948.0
2024-03-01 13:43:00,MRNA,95.92500305175781,95.92500305175781,95.94000244140625,95.91000366210938,95.94000244140625,2163.0
2024-03-01 13:43:00,MRNS,10.4399995803833,10.4399995803833,10.4399995803833,10.4399995803833,10.4399995803833,644.0
2024-03-01 13:43:00,MRSN,5.954999923706055,5.954999923706055,5.955999851226807,5.954999923706055,5.954999923706055,1307.0
2024-03-01 13:43:00,MRVI,7.710000038146973,7.710000038146973,7.710000038146973,7.710000038146973,7.710000038146973,127.0
2024-03-01 13:43:00,MXCT,4.764999866485596,4.764999866485596,4.764999866485596,4.764999866485596,4.764999866485596,288.0
2024-03-01 13:43:00,MYGN,21.920000076293945,21.920000076293945,21.920000076293945,21.905000686645508,21.905000686645508,2739.0
2024-03-01 13:43:00,NARI,45.58000183105469,45.58000183105469,45.59000015258789,45.529998779296875,45.5536003112793,1876.0
2024-03-01 13:43:00,NBIX,132.60000610351562,132.60000610351562,132.60000610351562,132.375,132.375,1825.0
2024-03-01 13:43:00,NERV,2.680000066757202,2.680000066757202,2.680000066757202,2.680000066757202,2.680000066757202,1045.0
2024-03-01 13:43:00,NEXI,6.465000152587891,6.465000152587891,6.465000152587891,6.460000038146973,6.460000038146973,295.0
2024-03-01 13:43:00,NKTX,12.899999618530273,12.899999618530273,12.899999618530273,12.899999618530273,12.899999618530273,470.0
2024-03-01 13:43:00,NOTV,8.131699562072754,8.131699562072754,8.131699562072754,8.119999885559082,8.119999885559082,1387.0
2024-03-01 13:43:00,NRIX,13.71619987487793,13.71619987487793,13.720000267028809,13.710000038146973,13.720000267028809,947.0
2024-03-01 13:43:00,NRXP,0.4262999892234802,0.4262999892234802,0.42879900336265564,0.4262999892234802,0.42802000045776367,6550.0
2024-03-01 13:43:00,NTLA,33.53499984741211,33.53499984741211,33.540000915527344,33.52750015258789,33.540000915527344,736.0
2024-03-01 13:43:00,NTRA,89.43499755859375,89.43499755859375,89.43499755859375,89.37000274658203,89.4000015258789,2619.0
2024-03-01 13:43:00,NUTX,0.11289999634027481,0.11289999634027481,0.11299999803304672,0.1128000020980835,0.11299999803304672,600.0
2024-03-01 13:43:00,NVAX,5.230000019073486,5.230000019073486,5.237500190734863,5.230000019073486,5.230000019073486,1427.0
2024-03-01 13:43:00,NVCR,16.024999618530273,16.024999618530273,16.049999237060547,16.024999618530273,16.049999237060547,363.0
2024-03-01 13:43:00,NVOS,0.6299999952316284,0.6299999952316284,0.6299999952316284,0.6299999952316284,0.6299999952316284,303.0
2024-03-01 13:43:00,NXTC,1.75,1.75,1.75,1.75,1.75,301.0
2024-03-01 13:43:00,OCGN,0.9700999855995178,0.9700999855995178,0.9700999855995178,0.9700999855995178,0.9700999855995178,648.0
2024-03-01 13:43:00,OCUL,10.829999923706055,10.829999923706055,10.854999542236328,10.829999923706055,10.854999542236328,5547.0
2024-03-01 13:43:00,OGI,2.1805999279022217,2.1805999279022217,2.194999933242798,2.1805999279022217,2.1919000148773193,10653.0
2024-03-01 13:43:00,OLK,23.020000457763672,23.020000457763672,23.030000686645508,23.020000457763672,23.020000457763672,1615.0
2024-03-01 13:43:00,OLMA,14.819600105285645,14.819600105285645,14.819600105285645,14.800000190734863,14.800000190734863,1060.0
2024-03-01 13:43:00,OM,3.1700000762939453,3.1700000762939453,3.1700000762939453,3.1600000858306885,3.1600000858306885,210.0
2024-03-01 13:43:00,OMCL,26.415000915527344,26.415000915527344,26.43000030517578,26.40999984741211,26.40999984741211,571.0
2024-03-01 13:43:00,OMGA,4.320099830627441,4.320099830627441,4.340000152587891,4.28000020980835,4.289899826049805,26364.0
2024-03-01 13:43:00,ONCY,1.1301000118255615,1.1301000118255615,1.1301000118255615,1.1301000118255615,1.1301000118255615,6440.0
2024-03-01 13:43:00,ONTX,0.8159000277519226,0.8159000277519226,0.8159000277519226,0.8159000277519226,0.8159000277519226,300.0
2024-03-01 13:44:00,AADI,1.995300054550171,1.995300054550171,1.995300054550171,1.995300054550171,1.995300054550171,252.0
2024-03-01 13:44:00,ABCL,5.202499866485596,5.202499866485596,5.202499866485596,5.199999809265137,5.199999809265137,572.0
2024-03-01 13:44:00,ABSI,5.410999774932861,5.410999774932861,5.414999961853027,5.410999774932861,5.414999961853027,635.0
2024-03-01 13:44:00,ACAD,24.309999465942383,24.309999465942383,24.325000762939453,24.290000915527344,24.290000915527344,5416.0
2024-03-01 13:44:00,ACB,3.22979998588562,3.22979998588562,3.2300000190734863,3.220099925994873,3.2300000190734863,7877.0
2024-03-01 13:44:00,ACCD,10.095000267028809,10.095000267028809,10.100000381469727,10.079999923706055,10.079999923706055,2275.0
2024-03-01 13:44:00,ACET,2.398900032043457,2.398900032043457,2.4000000953674316,2.398900032043457,2.4000000953674316,300.0
2024-03-01 13:44:00,ACHC,84.58999633789062,84.58999633789062,84.58999633789062,84.58999633789062,84.58999633789062,198.0
2024-03-01 13:44:00,ACHV,4.345600128173828,4.345600128173828,4.345600128173828,4.345600128173828,4.345600128173828,1500.0
2024-03-01 13:44:00,ACIU,3.9200000762939453,3.9200000762939453,3.9200000762939453,3.9200000762939453,3.9200000762939453,225.0
2024-03-01 13:44:00,ACON,0.40689998865127563,0.40689998865127563,0.40689998865127563,0.4059999883174896,0.4059999883174896,469.0
2024-03-01 13:44:00,ACRS,1.2300000190734863,1.2300000190734863,1.2400000095367432,1.2300000190734863,1.2300000190734863,630.0
2024-03-01 13:44:00,ADIL,3.217900037765503,3.217900037765503,3.2200000286102295,3.200000047683716,3.2100000381469727,23710.0
2024-03-01 13:44:00,ADMA,5.559999942779541,5.559999942779541,5.559999942779541,5.559999942779541,5.559999942779541,1146.0
2024-03-01 13:44:00,ADPT,4.15500020980835,4.15500020980835,4.15500020980835,4.150000095367432,4.150000095367432,462.0
2024-03-01 13:44:00,ADVM,1.9550000429153442,1.9550000429153442,1.9550000429153442,1.9500000476837158,1.9500000476837158,2847.0
2024-03-01 13:44:00,ADXN,8.99940013885498,8.99940013885498,9.100000381469727,8.880000114440918,9.100000381469727,1493.0
2024-03-01 13:44:00,AFMD,0.6499000191688538,0.6499000191688538,0.6499999761581421,0.6498000025749207,0.6498000025749207,10105.0
2024-03-01 13:44:00,AGEN,0.6771000027656555,0.6771000027656555,0.6772000193595886,0.6769999861717224,0.6772000193595886,28612.0
2024-03-01 13:44:00,AIRS,6.5,6.5,6.5,6.5,6.5,120.0
2024-03-01 13:44:00,AKAN,0.21699999272823334,0.21699999272823334,0.21699999272823334,0.21699999272823334,0.21699999272823334,5000.0
2024-03-01 13:44:00,AKBA,1.690000057220459,1.690000057220459,1.690000057220459,1.6799999475479126,1.6893999576568604,817.0
2024-03-01 13:44:00,AKRO,29.850000381469727,29.850000381469727,29.850000381469727,29.809999465942383,29.850000381469727,740.0
2024-03-01 13:44:00,ALDX,4.324999809265137,4.324999809265137,4.326900005340576,4.320000171661377,4.320000171661377,426.0
2024-03-01 13:44:00,ALEC,7.340000152587891,7.340000152587891,7.340000152587891,7.340000152587891,7.340000152587891,1317.0
2024-03-01 13:44:00,ALHC,5.635000228881836,5.635000228881836,5.635000228881836,5.623000144958496,5.630000114440918,1458.0
2024-03-01 13:44:00,ALKS,30.225000381469727,30.225000381469727,30.225000381469727,30.219999313354492,30.219999313354492,2017.0
2024-03-01 13:44:00,ALLK,1.659999966621399,1.659999966621399,1.659999966621399,1.659999966621399,1.659999966621399,201.0
2024-03-01 13:44:00,ALLO,5.054999828338623,5.054999828338623,5.054999828338623,5.050000190734863,5.050000190734863,1436.0
2024-03-01 13:44:00,ALNY,153.6750030517578,153.6750030517578,153.75,153.6699981689453,153.75,1438.0
2024-03-01 13:44:00,ALPN,35.929901123046875,35.929901123046875,35.929901123046875,35.880001068115234,35.880001068115234,403.0
2024-03-01 13:44:00,ALT,12.0600004196167,12.0600004196167,12.095000267028809,12.0600004196167,12.085000038146973,2956.0
2024-03-01 13:44:00,ALVR,0.7541000247001648,0.7541000247001648,0.7552000284194946,0.7541000247001648,0.7552000284194946,503.0
2024-03-01 13:44:00,ALXO,15.140000343322754,15.140000343322754,15.140000343322754,15.140000343322754,15.140000343322754,1247.0
2024-03-01 13:44:00,AMED,93.31999969482422,93.31999969482422,93.31999969482422,93.31999969482422,93.31999969482422,101.0
2024-03-01 13:44:00,AMGN,281.1758117675781,281.1758117675781,281.20001220703125,281.1000061035156,281.1000061035156,3335.0
2024-03-01 13:44:00,AMLX,18.670000076293945,18.670000076293945,18.670000076293945,18.670000076293945,18.670000076293945,701.0
2024-03-01 13:44:00,AMPH,45.33000183105469,45.33000183105469,45.439998626708984,45.32500076293945,45.32500076293945,2603.0
2024-03-01 13:44:00,AMRN,1.0499999523162842,1.0499999523162842,1.0599000453948975,1.0499999523162842,1.0586999654769897,13752.0
2024-03-01 13:44:00,ANAB,25.520000457763672,25.520000457763672,25.520000457763672,25.5,25.5,389.0
2024-03-01 13:44:00,ANGO,5.514999866485596,5.514999866485596,5.514999866485596,5.514999866485596,5.514999866485596,255.0
2024-03-01 13:44:00,ANIX,3.5399999618530273,3.5399999618530273,3.5399999618530273,3.5399999618530273,3.5399999618530273,908.0
2024-03-01 13:44:00,ANNX,6.175000190734863,6.175000190734863,6.190000057220459,6.170000076293945,6.179999828338623,1512.0
2024-03-01 13:44:00,ANTX,3.007999897003174,3.007999897003174,3.007999897003174,3.007999897003174,3.007999897003174,253.0
2024-03-01 13:44:00,APLS,65.11499786376953,65.11499786376953,65.11499786376953,65.0999984741211,65.0999984741211,1137.0
2024-03-01 13:44:00,APLT,7.179900169372559,7.179900169372559,7.179900169372559,7.179900169372559,7.179900169372559,248.0
2024-03-01 13:44:00,AQST,4.248300075531006,4.248300075531006,4.248300075531006,4.239999771118164,4.239999771118164,2724.0
2024-03-01 13:44:00,ARDX,9.479999542236328,9.479999542236328,9.479999542236328,9.470000267028809,9.470000267028809,700.0
2024-03-01 13:44:00,ARQT,11.899999618530273,11.899999618530273,11.899999618530273,11.88010025024414,11.899999618530273,12753.0
2024-03-01 13:44:00,ARVN,49.06999969482422,49.06999969482422,49.06999969482422,49.02000045776367,49.02000045776367,627.0
2024-03-01 13:44:00,ARWR,35.810001373291016,35.810001373291016,35.810001373291016,35.7599983215332,35.7599983215332,244.0
2024-03-01 13:44:00,ASND,152.67999267578125,152.67999267578125,152.67999267578125,152.67999267578125,152.67999267578125,125.0
2024-03-01 13:44:00,ASRT,0.9049000144004822,0.9049000144004822,0.9049000144004822,0.9049000144004822,0.9049000144004822,119.0
2024-03-01 13:44:00,ATAI,2.1549999713897705,2.1549999713897705,2.1549999713897705,2.1549999713897705,2.1549999713897705,476.0
2024-03-01 13:44:00,ATEC,13.40999984741211,13.40999984741211,13.414999961853027,13.40999984741211,13.414999961853027,943.0
2024-03-01 13:44:00,ATHA,4.005000114440918,4.005000114440918,4.005000114440918,4.005000114440918,4.005000114440918,654.0
2024-03-01 13:44:00,ATRA,0.7802000045776367,0.7802000045776367,0.785099983215332,0.7802000045776367,0.785099983215332,400.0
2024-03-01 13:44:00,AUPH,5.855000019073486,5.855000019073486,5.855000019073486,5.855000019073486,5.855000019073486,451.0
2024-03-01 13:44:00,AUTL,6.400000095367432,6.400000095367432,6.400000095367432,6.400000095367432,6.400000095367432,118.0
2024-03-01 13:44:00,AVDL,13.25,13.25,13.25,13.226900100708008,13.226900100708008,8550.0
2024-03-01 13:44:00,AVRO,1.3550000190734863,1.3550000190734863,1.3600000143051147,1.3450000286102295,1.3550000190734863,12321.0
2024-03-01 13:44:00,AVXL,5.320000171661377,5.320000171661377,5.320000171661377,5.320000171661377,5.320000171661377,420.0
2024-03-01 13:44:00,AXGN,10.579999923706055,10.579999923706055,10.579999923706055,10.579999923706055,10.579999923706055,208.0
2024-03-01 13:44:00,AXNX,67.83999633789062,67.83999633789062,67.83999633789062,67.82499694824219,67.83000183105469,1715.0
2024-03-01 13:44:00,AXSM,82.25,82.25,82.25,82.25,82.25,650.0
2024-03-01 13:44:00,AZN,64.69999694824219,64.69999694824219,64.70500183105469,64.69000244140625,64.70500183105469,4399.0
2024-03-01 13:44:00,AZTA,66.81999969482422,66.81999969482422,66.81999969482422,66.81999969482422,66.81999969482422,336.0
2024-03-01 13:44:00,BBIO,36.189998626708984,36.189998626708984,36.189998626708984,36.15999984741211,36.15999984741211,833.0
2024-03-01 13:44:00,BBLG,2.440000057220459,2.440000057220459,2.4549999237060547,2.440000057220459,2.4549999237060547,1101.0
2024-03-01 13:44:00,BCAB,2.7149999141693115,2.7149999141693115,2.7200000286102295,2.700000047683716,2.700000047683716,469.0
2024-03-01 13:44:00,BCRX,5.715000152587891,5.715000152587891,5.71999979019165,5.710000038146973,5.715000152587891,1819.0
2024-03-01 13:44:00,BCTX,3.509999990463257,3.509999990463257,3.509999990463257,3.509999990463257,3.509999990463257,343.0
2024-03-01 13:44:00,BDTX,4.974999904632568,4.974999904632568,4.980000019073486,4.965000152587891,4.96999979019165,2470.0
2024-03-01 13:44:00,BEAM,40.724998474121094,40.724998474121094,40.72999954223633,40.72249984741211,40.724998474121094,8958.0
2024-03-01 13:44:00,BIIB,221.281005859375,221.281005859375,221.281005859375,221.281005859375,221.281005859375,772.0
2024-03-01 13:44:00,BIOL,0.14355100691318512,0.14355100691318512,0.14355100691318512,0.14355100691318512,0.14355100691318512,339.0
2024-03-01 13:44:00,BIOR,1.090000033378601,1.090000033378601,1.100000023841858,1.0800000429153442,1.0801000595092773,3412.0
2024-03-01 13:44:00,BIVI,2.1798999309539795,2.1798999309539795,2.200000047683716,2.1500000953674316,2.200000047683716,169837.0
2024-03-01 13:44:00,BLFS,18.19499969482422,18.19499969482422,18.19499969482422,18.19499969482422,18.19499969482422,802.0
2024-03-01 13:44:00,BLUE,1.600100040435791,1.600100040435791,1.6100000143051147,1.600100040435791,1.6100000143051147,4030.0
2024-03-01 13:44:00,BMEA,18.270000457763672,18.270000457763672,18.270000457763672,18.270000457763672,18.270000457763672,1095.0
2024-03-01 13:44:00,BMRN,87.9800033569336,87.9800033569336,88.02999877929688,87.94100189208984,87.94999694824219,29966.0
2024-03-01 13:44:00,BNGO,1.2699999809265137,1.2699999809265137,1.2699999809265137,1.2699999809265137,1.2699999809265137,568.0
2024-03-01 13:44:00,BPMC,96.87999725341797,96.87999725341797,96.88999938964844,96.87000274658203,96.88999938964844,831.0
2024-03-01 13:44:00,BRKR,88.27999877929688,88.27999877929688,88.27999877929688,88.27999877929688,88.27999877929688,523.0
2024-03-01 13:44:00,BTMD,5.949999809265137,5.949999809265137,5.949999809265137,5.940000057220459,5.940000057220459,318.0
2024-03-01 13:44:00,BTTX,0.1809999942779541,0.1809999942779541,0.18199999630451202,0.18050000071525574,0.18050000071525574,19473.0
2024-03-01 13:44:00,BVS,4.756800174713135,4.756800174713135,4.756800174713135,4.756800174713135,4.756800174713135,248.0
2024-03-01 13:44:00,BWAY,6.53000020980835,6.53000020980835,6.53000020980835,6.53000020980835,6.53000020980835,401.0
2024-03-01 13:44:00,CABA,24.209999084472656,24.209999084472656,24.209999084472656,24.209999084472656,24.209999084472656,679.0
2024-03-01 13:44:00,CADL,1.7450000047683716,1.7450000047683716,1.7450000047683716,1.7450000047683716,1.7450000047683716,100.0
2024-03-01 13:44:00,CBAY,32.2400016784668,32.2400016784668,32.2400016784668,32.230098724365234,32.2400016784668,846.0
2024-03-01 13:44:00,CCCC,10.990099906921387,10.990099906921387,11.0,10.984999656677246,10.989999771118164,1678.0
2024-03-01 13:44:00,CDMO,8.109999656677246,8.109999656677246,8.109999656677246,8.109999656677246,8.109999656677246,217.0
2024-03-01 13:44:00,CDNA,12.420000076293945,12.420000076293945,12.420000076293945,12.40999984741211,12.40999984741211,802.0
2024-03-01 13:44:00,CDTX,0.7204999923706055,0.7204999923706055,0.7204999923706055,0.7204999923706055,0.7204999923706055,400.0
2024-03-01 13:44:00,CDXS,4.558800220489502,4.558800220489502,4.558800220489502,4.550000190734863,4.554999828338623,1309.0
2024-03-01 13:44:00,CELC,16.479999542236328,16.479999542236328,16.540000915527344,16.479999542236328,16.479999542236328,1677.0
2024-03-01 13:44:00,CERE,41.099998474121094,41.099998474121094,41.11000061035156,41.099998474121094,41.10499954223633,977.0
2024-03-01 13:44:00,CERS,2.200500011444092,2.200500011444092,2.2049999237060547,2.200000047683716,2.200000047683716,2321.0
2024-03-01 13:44:00,CERT,17.889999389648438,17.889999389648438,17.889999389648438,17.889999389648438,17.889999389648438,1394.0
2024-03-01 13:44:00,CGC,3.244999885559082,3.244999885559082,3.244999885559082,3.244999885559082,3.244999885559082,300.0
2024-03-01 13:44:00,CING,1.3595999479293823,1.3595999479293823,1.3595999479293823,1.340000033378601,1.340000033378601,600.0
2024-03-01 13:44:00,CKPT,2.190000057220459,2.190000057220459,2.190000057220459,2.190000057220459,2.190000057220459,100.0
2024-03-01 13:44:00,CLDX,52.595001220703125,52.595001220703125,52.66999816894531,52.52000045776367,52.6349983215332,4919.0
2024-03-01 13:44:00,CLOV,0.870199978351593,0.870199978351593,0.870199978351593,0.870199978351593,0.870199978351593,1311.0
2024-03-01 13:44:00,CLPT,6.679999828338623,6.679999828338623,6.679999828338623,6.675000190734863,6.679999828338623,852.0
2024-03-01 13:44:00,CLRB,4.135000228881836,4.135000228881836,4.139999866485596,4.130099773406982,4.130099773406982,2100.0
2024-03-01 13:44:00,CMPS,11.329999923706055,11.329999923706055,11.34000015258789,11.319999694824219,11.34000015258789,490.0
2024-03-01 13:44:00,CMRX,1.2100000381469727,1.2100000381469727,1.2100000381469727,1.184999942779541,1.184999942779541,34499.0
2024-03-01 13:44:00,COGT,7.179999828338623,7.179999828338623,7.190000057220459,7.179999828338623,7.179999828338623,785.0
2024-03-01 13:44:00,CORT,24.329999923706055,24.329999923706055,24.329999923706055,24.309999465942383,24.31999969482422,1366.0
2024-03-01 13:44:00,COSM,0.7684999704360962,0.7684999704360962,0.7684999704360962,0.7555999755859375,0.7555999755859375,5293.0
2024-03-01 13:44:00,CPRX,17.385000228881836,17.385000228881836,17.385000228881836,17.385000228881836,17.385000228881836,1589.0
2024-03-01 13:44:00,CPSI,9.475000381469727,9.475000381469727,9.475000381469727,9.475000381469727,9.475000381469727,193.0
2024-03-01 13:44:00,CRBU,7.934999942779541,7.934999942779541,7.934999942779541,7.929999828338623,7.929999828338623,354.0
2024-03-01 13:44:00,CRDF,2.4946000576019287,2.4946000576019287,2.5199999809265137,2.4707999229431152,2.4899001121520996,31245.0
2024-03-01 13:44:00,CRMD,3.7200000286102295,3.7200000286102295,3.7200000286102295,3.7200000286102295,3.7200000286102295,3046.0
2024-03-01 13:44:00,CRNX,46.709999084472656,46.709999084472656,46.709999084472656,46.630001068115234,46.68000030517578,1073.0
2024-03-01 13:44:00,CRON,2.049999952316284,2.049999952316284,2.055000066757202,2.049999952316284,2.055000066757202,515.0
2024-03-01 13:44:00,CRSP,85.87000274658203,85.87000274658203,85.9000015258789,85.87000274658203,85.89140319824219,1181.0
2024-03-01 13:44:00,CRVS,2.2300000190734863,2.2300000190734863,2.2300000190734863,2.2300000190734863,2.2300000190734863,152.0
2024-03-01 13:44:00,CSTL,20.098800659179688,20.098800659179688,20.098800659179688,20.098800659179688,20.098800659179688,847.0
2024-03-01 13:44:00,CTKB,8.869999885559082,8.869999885559082,8.869999885559082,8.869999885559082,8.869999885559082,101.0
2024-03-01 13:44:00,CTMX,2.5899999141693115,2.5899999141693115,2.625,2.5799999237060547,2.625,10695.0
2024-03-01 13:44:00,CTXR,0.7714999914169312,0.7714999914169312,0.7714999914169312,0.7700999975204468,0.7700999975204468,3298.0
2024-03-01 13:44:00,CUTR,2.380000114440918,2.380000114440918,2.380000114440918,2.380000114440918,2.380000114440918,217.0
2024-03-01 13:44:00,CVAC,3.494999885559082,3.494999885559082,3.494999885559082,3.494999885559082,3.494999885559082,1098.0
2024-03-01 13:44:00,CVRX,20.81999969482422,20.81999969482422,20.81999969482422,20.81999969482422,20.81999969482422,148.0
2024-03-01 13:44:00,CYTK,72.79989624023438,72.79989624023438,72.81999969482422,72.75,72.75,6313.0
2024-03-01 13:44:00,DARE,0.5707499980926514,0.5707499980926514,0.5707499980926514,0.5707499980926514,0.5707499980926514,165.0
2024-03-01 13:44:00,DCGO,4.20989990234375,4.20989990234375,4.210000038146973,4.204999923706055,4.210000038146973,2001.0
2024-03-01 13:44:00,DCPH,17.479900360107422,17.479900360107422,17.479999542236328,17.469999313354492,17.479999542236328,3879.0
2024-03-01 13:44:00,DH,8.864999771118164,8.864999771118164,8.869999885559082,8.84000015258789,8.84000015258789,5712.0
2024-03-01 13:44:00,DMTK,0.8500000238418579,0.8500000238418579,0.8549000024795532,0.8500000238418579,0.8500999808311462,7129.0
2024-03-01 13:44:00,DNLI,21.190000534057617,21.190000534057617,21.225000381469727,21.18000030517578,21.225000381469727,2101.0
2024-03-01 13:44:00,DTIL,12.40999984741211,12.40999984741211,12.489999771118164,12.40999984741211,12.475000381469727,1126.0
2024-03-01 13:44:00,DVAX,12.869999885559082,12.869999885559082,12.869999885559082,12.869999885559082,12.869999885559082,481.0
2024-03-01 13:44:00,DXCM,121.6500015258789,121.6500015258789,121.66999816894531,121.5999984741211,121.5999984741211,4169.0
2024-03-01 13:44:00,DYN,29.049999237060547,29.049999237060547,29.049999237060547,29.020000457763672,29.020000457763672,1046.0
2024-03-01 13:44:00,DYNT,0.5145999789237976,0.5145999789237976,0.5145999789237976,0.5145999789237976,0.5145999789237976,423.0
2024-03-01 13:44:00,EDIT,10.920000076293945,10.920000076293945,10.930000305175781,10.920000076293945,10.930000305175781,630.0
2024-03-01 13:44:00,EFTR,15.349900245666504,15.349900245666504,15.349900245666504,15.349900245666504,15.349900245666504,100.0
2024-03-01 13:44:00,ELEV,5.0,5.0,5.0,5.0,5.0,502.0
2024-03-01 13:44:00,ENSG,122.33999633789062,122.33999633789062,122.33999633789062,122.33999633789062,122.33999633789062,459.0
2024-03-01 13:44:00,ENTA,15.364999771118164,15.364999771118164,15.364999771118164,15.364999771118164,15.364999771118164,114.0
2024-03-01 13:44:00,ENTX,1.399999976158142,1.399999976158142,1.399999976158142,1.399999976158142,1.399999976158142,505.0
2024-03-01 13:44:00,ENVB,1.5348000526428223,1.5348000526428223,1.5399999618530273,1.5348000526428223,1.5398999452590942,1600.0
2024-03-01 13:44:00,EQ,2.490000009536743,2.490000009536743,2.490000009536743,2.490000009536743,2.490000009536743,598.0
2024-03-01 13:44:00,ERAS,2.4800000190734863,2.4800000190734863,2.4860000610351562,2.4800000190734863,2.4860000610351562,329.0
2024-03-01 13:44:00,ESPR,2.5199999809265137,2.5199999809265137,2.5209999084472656,2.5199999809265137,2.5199999809265137,3132.0
2024-03-01 13:44:00,ETNB,13.095000267028809,13.095000267028809,13.104999542236328,13.09000015258789,13.104999542236328,1197.0
2024-03-01 13:44:00,EXAI,6.731599807739258,6.731599807739258,6.731599807739258,6.731599807739258,6.731599807739258,550.0
2024-03-01 13:44:00,EXAS,60.04999923706055,60.04999923706055,60.06999969482422,60.040000915527344,60.04999923706055,1320.0
2024-03-01 13:44:00,EXEL,22.459999084472656,22.459999084472656,22.459999084472656,22.454999923706055,22.454999923706055,4383.0
2024-03-01 13:44:00,EYEN,2.4000000953674316,2.4000000953674316,2.4000000953674316,2.359999895095825,2.3782999515533447,10100.0
2024-03-01 13:44:00,EYPT,28.020000457763672,28.020000457763672,28.020000457763672,28.020000457763672,28.020000457763672,416.0
2024-03-01 13:44:00,FATE,7.739999771118164,7.739999771118164,7.739999771118164,7.739999771118164,7.739999771118164,306.0
2024-03-01 13:44:00,FBIO,2.3508999347686768,2.3508999347686768,2.359999895095825,2.3508999347686768,2.359999895095825,4878.0
2024-03-01 13:44:00,FDMT,29.28499984741211,29.28499984741211,29.28499984741211,29.28499984741211,29.28499984741211,604.0
2024-03-01 13:44:00,FEMY,1.7200000286102295,1.7200000286102295,1.7200000286102295,1.7100000381469727,1.7100000381469727,5131.0
2024-03-01 13:44:00,FGEN,1.8799999952316284,1.8799999952316284,1.8799999952316284,1.8799999952316284,1.8799999952316284,1300.0
2024-03-01 13:44:00,FHTX,8.100000381469727,8.100000381469727,8.109999656677246,8.09000015258789,8.100000381469727,1791.0
2024-03-01 13:44:00,FOLD,13.364999771118164,13.364999771118164,13.364999771118164,13.364999771118164,13.364999771118164,271.0
2024-03-01 13:44:00,FULC,11.149999618530273,11.149999618530273,11.15999984741211,11.149999618530273,11.15999984741211,409.0
2024-03-01 13:44:00,FUSN,12.359999656677246,12.359999656677246,12.390000343322754,12.345000267028809,12.390000343322754,569.0
2024-03-01 13:44:00,GANX,4.650000095367432,4.650000095367432,4.650000095367432,4.630000114440918,4.639999866485596,703.0
2024-03-01 13:44:00,GDRX,8.393099784851074,8.393099784851074,8.399999618530273,8.390000343322754,8.395000457763672,3668.0
2024-03-01 13:44:00,GERN,2.265000104904175,2.265000104904175,2.2699999809265137,2.265000104904175,2.265000104904175,2550.0
2024-03-01 13:44:00,GH,19.075000762939453,19.075000762939453,19.079999923706055,19.065000534057617,19.06999969482422,1147.0
2024-03-01 13:44:00,GILD,72.38500213623047,72.38500213623047,72.38500213623047,72.36000061035156,72.36000061035156,2611.0
2024-03-01 13:44:00,GLPG,35.040000915527344,35.040000915527344,35.08000183105469,35.02000045776367,35.08000183105469,2902.0
2024-03-01 13:44:00,GMAB,29.405000686645508,29.405000686645508,29.420000076293945,29.389999389648438,29.389999389648438,2352.0
2024-03-01 13:44:00,GMDA,0.3747999966144562,0.3747999966144562,0.3749000132083893,0.3747999966144562,0.3749000132083893,897.0
2024-03-01 13:44:00,GRFS,7.085000038146973,7.085000038146973,7.085000038146973,7.079999923706055,7.085000038146973,500.0
2024-03-01 13:44:00,GRPH,3.4649999141693115,3.4649999141693115,3.4649999141693115,3.4600000381469727,3.4649999141693115,400.0
2024-03-01 13:44:00,GRTS,2.1449999809265137,2.1449999809265137,2.1500000953674316,2.1449999809265137,2.1500000953674316,3938.0
2024-03-01 13:44:00,GTHX,3.7799999713897705,3.7799999713897705,3.7799999713897705,3.7699999809265137,3.7699999809265137,2887.0
2024-03-01 13:44:00,HALO,41.45500183105469,41.45500183105469,41.470001220703125,41.45500183105469,41.459999084472656,600.0
2024-03-01 13:44:00,HARP,22.94499969482422,22.94499969482422,22.94499969482422,22.94499969482422,22.94499969482422,1768.0
2024-03-01 13:44:00,HCAT,8.095000267028809,8.095000267028809,8.100000381469727,8.095000267028809,8.100000381469727,1956.0
2024-03-01 13:44:00,HCM,15.25,15.25,15.260000228881836,15.100000381469727,15.199999809265137,10191.0
2024-03-01 13:44:00,HCTI,2.4000000953674316,2.4000000953674316,2.4000000953674316,2.4000000953674316,2.4000000953674316,620.0
2024-03-01 13:44:00,HCWB,1.5999000072479248,1.5999000072479248,1.600000023841858,1.590000033378601,1.590000033378601,4592.0
2024-03-01 13:44:00,HLTH,0.2749530076980591,0.2749530076980591,0.2750000059604645,0.2749530076980591,0.2750000059604645,540.0
2024-03-01 13:44:00,HLVX,19.030000686645508,19.030000686645508,19.030000686645508,19.030000686645508,19.030000686645508,304.0
2024-03-01 13:44:00,HOLX,74.09500122070312,74.09500122070312,74.09500122070312,74.08999633789062,74.08999633789062,570.0
2024-03-01 13:44:00,HRMY,31.575000762939453,31.575000762939453,31.639999389648438,31.469999313354492,31.639999389648438,9656.0
2024-03-01 13:44:00,HRTX,2.5899999141693115,2.5899999141693115,2.5899999141693115,2.5899999141693115,2.5899999141693115,100.0
2024-03-01 13:44:00,HSCS,0.11739999800920486,0.11739999800920486,0.11749999970197678,0.11739999800920486,0.11739999800920486,10393.0
2024-03-01 13:44:00,HSIC,76.86000061035156,76.86000061035156,76.86000061035156,76.84500122070312,76.84500122070312,818.0
2024-03-01 13:44:00,HSTM,27.34000015258789,27.34000015258789,27.34000015258789,27.329999923706055,27.34000015258789,702.0
2024-03-01 13:44:00,HUGE,0.9103999733924866,0.9103999733924866,0.9103999733924866,0.9103999733924866,0.9103999733924866,181.0
2024-03-01 13:44:00,HUMA,3.291100025177002,3.291100025177002,3.2950000762939453,3.2899999618530273,3.2950000762939453,2073.0
2024-03-01 13:44:00,IART,36.4375,36.4375,36.439998626708984,36.43000030517578,36.43000030517578,1142.0
2024-03-01 13:44:00,IBRX,4.84119987487793,4.84119987487793,4.84119987487793,4.84119987487793,4.84119987487793,486.0
2024-03-01 13:44:00,ICCM,1.2949999570846558,1.2949999570846558,1.2949999570846558,1.2949999570846558,1.2949999570846558,253.0
2024-03-01 13:44:00,ICLR,322.7349853515625,322.7349853515625,322.7349853515625,322.7349853515625,322.7349853515625,131.0
2024-03-01 13:44:00,ICUI,106.04499816894531,106.04499816894531,106.04499816894531,106.04499816894531,106.04499816894531,553.0
2024-03-01 13:44:00,IGMS,13.385000228881836,13.385000228881836,13.569999694824219,13.380000114440918,13.569999694824219,16303.0
2024-03-01 13:44:00,IINN,1.6890000104904175,1.6890000104904175,1.6890000104904175,1.6890000104904175,1.6890000104904175,179.0
2024-03-01 13:44:00,IKNA,1.4700000286102295,1.4700000286102295,1.4700000286102295,1.4700000286102295,1.4700000286102295,300.0
2024-03-01 13:44:00,ILMN,142.4600067138672,142.4600067138672,142.4600067138672,142.4250030517578,142.4250030517578,1367.0
2024-03-01 13:44:00,IMUX,1.4700000286102295,1.4700000286102295,1.4700000286102295,1.4700000286102295,1.4700000286102295,143.0
2024-03-01 13:44:00,IMVT,35.96500015258789,35.96500015258789,35.9900016784668,35.96500015258789,35.9900016784668,207.0
2024-03-01 13:44:00,INBX,36.529998779296875,36.529998779296875,36.529998779296875,36.529998779296875,36.529998779296875,283.0
2024-03-01 13:44:00,INCY,59.540000915527344,59.540000915527344,59.54100036621094,59.52000045776367,59.52000045776367,2561.0
2024-03-01 13:44:00,INGN,6.789299964904785,6.789299964904785,6.789299964904785,6.789299964904785,6.789299964904785,824.0
2024-03-01 13:44:00,INM,0.38999998569488525,0.38999998569488525,0.4041000008583069,0.38999998569488525,0.4034999907016754,11689.0
2024-03-01 13:44:00,INMB,12.34000015258789,12.34000015258789,12.34000015258789,12.34000015258789,12.34000015258789,109.0
2024-03-01 13:44:00,INMD,22.829999923706055,22.829999923706055,22.829999923706055,22.825000762939453,22.825000762939453,1621.0
2024-03-01 13:44:00,INO,9.529999732971191,9.529999732971191,9.574999809265137,9.529999732971191,9.574999809265137,1993.0
2024-03-01 13:44:00,INSM,28.229999542236328,28.229999542236328,28.290000915527344,28.229999542236328,28.290000915527344,2078.0
2024-03-01 13:44:00,INVA,15.619999885559082,15.619999885559082,15.619999885559082,15.619999885559082,15.619999885559082,163.0
2024-03-01 13:44:00,IONS,46.0,46.0,46.0,45.97999954223633,45.97999954223633,1893.0
2024-03-01 13:44:00,IOVA,17.078800201416016,17.078800201416016,17.079999923706055,17.06999969482422,17.079999923706055,5224.0
2024-03-01 13:44:00,IRTC,121.5,121.5,121.5,121.5,121.5,140.0
2024-03-01 13:44:00,IRWD,9.03499984741211,9.03499984741211,9.039999961853027,9.029999732971191,9.03499984741211,4499.0
2024-03-01 13:44:00,ISRG,395.4599914550781,395.4599914550781,395.4599914550781,395.4599914550781,395.4599914550781,252.0
2024-03-01 13:44:00,ITCI,71.76000213623047,71.76000213623047,71.77999877929688,71.73999786376953,71.77999877929688,1795.0
2024-03-01 13:44:00,ITOS,11.25,11.25,11.25,11.1899995803833,11.1899995803833,1997.0
2024-03-01 13:44:00,IVA,3.890000104904175,3.890000104904175,3.8949999809265137,3.890000104904175,3.8949999809265137,2080.0
2024-03-01 13:44:00,IVVD,4.0,4.0,4.0,3.990999937057495,4.0,825.0
2024-03-01 13:44:00,IXHL,5.5,5.5,5.5,5.5,5.5,521.0
2024-03-01 13:44:00,JAGX,0.0722000002861023,0.0722000002861023,0.0723000019788742,0.0722000002861023,0.07229900360107422,17289.0
2024-03-01 13:44:00,JANX,46.2400016784668,46.2400016784668,46.380001068115234,46.2400016784668,46.380001068115234,254.0
2024-03-01 13:44:00,JAZZ,119.45500183105469,119.45500183105469,119.45500183105469,119.45500183105469,119.45500183105469,1344.0
2024-03-01 13:44:00,KALV,14.199999809265137,14.199999809265137,14.199999809265137,14.1899995803833,14.1899995803833,1200.0
2024-03-01 13:44:00,KNSA,21.825000762939453,21.825000762939453,21.825000762939453,21.825000762939453,21.825000762939453,198.0
2024-03-01 13:44:00,KNTE,2.5999999046325684,2.5999999046325684,2.5999999046325684,2.5999999046325684,2.5999999046325684,200.0
2024-03-01 13:44:00,KOD,6.085000038146973,6.085000038146973,6.090000152587891,6.085000038146973,6.090000152587891,550.0
2024-03-01 13:44:00,KPTI,1.1950000524520874,1.1950000524520874,1.1950000524520874,1.190000057220459,1.1950000524520874,2900.0
2024-03-01 13:44:00,KRON,1.0399999618530273,1.0399999618530273,1.0399999618530273,1.0362999439239502,1.0399999618530273,910.0
2024-03-01 13:44:00,KROS,70.37000274658203,70.37000274658203,70.37000274658203,70.37000274658203,70.37000274658203,173.0
2024-03-01 13:44:00,KTRA,0.09910000115633011,0.09910000115633011,0.09910000115633011,0.09880000352859497,0.09880000352859497,7120.0
2024-03-01 13:44:00,KURA,21.81999969482422,21.81999969482422,21.81999969482422,21.81999969482422,21.81999969482422,101.0
2024-03-01 13:44:00,KYMR,44.220001220703125,44.220001220703125,44.2400016784668,44.220001220703125,44.22999954223633,1370.0
2024-03-01 13:44:00,KZR,1.0800000429153442,1.0800000429153442,1.0800000429153442,1.0750000476837158,1.0750000476837158,220.0
2024-03-01 13:44:00,LAB,2.4649999141693115,2.4649999141693115,2.4700000286102295,2.4649999141693115,2.4700000286102295,11894.0
2024-03-01 13:44:00,LBPH,21.850000381469727,21.850000381469727,21.850000381469727,21.850000381469727,21.850000381469727,115.0
2024-03-01 13:44:00,LFMD,8.0,8.0,8.0,8.0,8.0,100.0
2024-03-01 13:44:00,LFST,7.769999980926514,7.769999980926514,7.769999980926514,7.769999980926514,7.769999980926514,891.0
2024-03-01 13:44:00,LIAN,4.860000133514404,4.860000133514404,4.860000133514404,4.860000133514404,4.860000133514404,202.0
2024-03-01 13:44:00,LIFE,1.9249999523162842,1.9249999523162842,1.9249999523162842,1.9249999523162842,1.9249999523162842,102.0
2024-03-01 13:44:00,LIVN,55.810001373291016,55.810001373291016,55.810001373291016,55.810001373291016,55.810001373291016,415.0
2024-03-01 13:44:00,LMAT,68.05500030517578,68.05500030517578,68.06999969482422,68.05500030517578,68.06999969482422,343.0
2024-03-01 13:44:00,LQDA,14.694999694824219,14.694999694824219,14.699999809265137,14.6899995803833,14.6899995803833,1512.0
2024-03-01 13:44:00,LUCD,1.2304999828338623,1.2304999828338623,1.2304999828338623,1.2304999828338623,1.2304999828338623,207.0
2024-03-01 13:44:00,LUNG,9.475000381469727,9.475000381469727,9.475000381469727,9.475000381469727,9.475000381469727,167.0
2024-03-01 13:44:00,LVTX,2.869999885559082,2.869999885559082,2.869999885559082,2.8499999046325684,2.859999895095825,2495.0
2024-03-01 13:44:00,LXRX,2.5199999809265137,2.5199999809265137,2.5201001167297363,2.5199999809265137,2.5201001167297363,6305.0
2024-03-01 13:44:00,LYEL,3.2049999237060547,3.2049999237060547,3.2049999237060547,3.2049999237060547,3.2049999237060547,248.0
2024-03-01 13:44:00,LYRA,5.690000057220459,5.690000057220459,5.704999923706055,5.670000076293945,5.699999809265137,2008.0
2024-03-01 13:44:00,MASI,128.81500244140625,128.81500244140625,128.8800048828125,128.80499267578125,128.80499267578125,756.0
2024-03-01 13:44:00,MBOT,1.3250000476837158,1.3250000476837158,1.3250000476837158,1.3250000476837158,1.3250000476837158,191.0
2024-03-01 13:44:00,MBRX,0.636900007724762,0.636900007724762,0.636900007724762,0.6367999911308289,0.6367999911308289,770.0
2024-03-01 13:44:00,MCRB,1.2100000381469727,1.2100000381469727,1.2100000381469727,1.2000000476837158,1.2050000429153442,300.0
2024-03-01 13:44:00,MDGL,251.60360717773438,251.60360717773438,252.2449951171875,251.60360717773438,252.2449951171875,817.0
2024-03-01 13:44:00,MDRX,6.0,6.0,6.0,5.980000019073486,6.0,9168.0
2024-03-01 13:44:00,MDXG,8.675000190734863,8.675000190734863,8.675000190734863,8.670000076293945,8.675000190734863,3266.0
2024-03-01 13:44:00,ME,0.574999988079071,0.574999988079071,0.574999988079071,0.5717999935150146,0.5723999738693237,9898.0
2024-03-01 13:44:00,MGNX,19.1299991607666,19.1299991607666,19.1299991607666,19.100000381469727,19.100000381469727,4063.0
2024-03-01 13:44:00,MGTX,6.474999904632568,6.474999904632568,6.474999904632568,6.474999904632568,6.474999904632568,562.0
2024-03-01 13:44:00,MLTX,51.140899658203125,51.140899658203125,51.15999984741211,51.13999938964844,51.13999938964844,2070.0
2024-03-01 13:44:00,MNKD,4.570000171661377,4.570000171661377,4.570000171661377,4.565000057220459,4.570000171661377,991.0
2024-03-01 13:44:00,MNMD,6.21999979019165,6.21999979019165,6.21999979019165,6.215000152587891,6.215000152587891,1668.0
2024-03-01 13:44:00,MODD,1.8799999952316284,1.8799999952316284,1.8899999856948853,1.8799999952316284,1.8899999856948853,1000.0
2024-03-01 13:44:00,MOR,17.559999465942383,17.559999465942383,17.559999465942383,17.549999237060547,17.549999237060547,399.0
2024-03-01 13:44:00,MORF,39.45000076293945,39.45000076293945,39.494998931884766,39.45000076293945,39.4900016784668,1562.0
2024-03-01 13:44:00,MRNA,95.93000030517578,95.93000030517578,95.93000030517578,95.87000274658203,95.88999938964844,2818.0
2024-03-01 13:44:00,MRSN,5.949999809265137,5.949999809265137,5.954999923706055,5.945000171661377,5.954999923706055,3879.0
2024-03-01 13:44:00,MRUS,51.130001068115234,51.130001068115234,51.15999984741211,51.040000915527344,51.04999923706055,4229.0
2024-03-01 13:44:00,MRVI,7.715000152587891,7.715000152587891,7.715000152587891,7.710000038146973,7.710000038146973,1032.0
2024-03-01 13:44:00,MYGN,21.959999084472656,21.959999084472656,21.959999084472656,21.915000915527344,21.920000076293945,1540.0
2024-03-01 13:44:00,MYMD,3.4000000953674316,3.4000000953674316,3.4000000953674316,3.4000000953674316,3.4000000953674316,151.0
2024-03-01 13:44:00,NARI,45.540000915527344,45.540000915527344,45.67499923706055,45.540000915527344,45.619998931884766,3214.0
2024-03-01 13:44:00,NBIX,132.63999938964844,132.63999938964844,132.63999938964844,132.63999938964844,132.63999938964844,334.0
2024-03-01 13:44:00,NEO,16.05500030517578,16.05500030517578,16.05500030517578,16.05500030517578,16.05500030517578,392.0
2024-03-01 13:44:00,NEOG,17.375,17.375,17.375,17.3700008392334,17.3700008392334,2018.0
2024-03-01 13:44:00,NEXI,6.46999979019165,6.46999979019165,6.46999979019165,6.46999979019165,6.46999979019165,100.0
2024-03-01 13:44:00,NKTR,0.7742999792098999,0.7742999792098999,0.7767000198364258,0.7736499905586243,0.7736499905586243,2052.0
2024-03-01 13:44:00,NKTX,12.899900436401367,12.899900436401367,12.899900436401367,12.899900436401367,12.899900436401367,126.0
2024-03-01 13:44:00,NNOX,11.029899597167969,11.029899597167969,11.029899597167969,11.029899597167969,11.029899597167969,527.0
2024-03-01 13:44:00,NOTV,8.149999618530273,8.149999618530273,8.154999732971191,8.145000457763672,8.149999618530273,1001.0
2024-03-01 13:44:00,NRIX,13.710000038146973,13.710000038146973,13.739999771118164,13.710000038146973,13.739999771118164,1464.0
2024-03-01 13:44:00,NRXP,0.4235999882221222,0.4235999882221222,0.4235999882221222,0.4235999882221222,0.4235999882221222,340.0
2024-03-01 13:44:00,NTLA,33.54499816894531,33.54499816894531,33.55500030517578,33.54119873046875,33.54499816894531,2630.0
2024-03-01 13:44:00,NTRA,89.45999908447266,89.45999908447266,89.57499694824219,89.43000030517578,89.44999694824219,7921.0
2024-03-01 13:44:00,NUVL,88.33999633789062,88.33999633789062,88.33999633789062,88.33999633789062,88.33999633789062,146.0
2024-03-01 13:44:00,NVAX,5.235000133514404,5.235000133514404,5.239999771118164,5.230000019073486,5.230000019073486,20831.0
2024-03-01 13:44:00,NVCT,10.75,10.75,10.75,10.680000305175781,10.699999809265137,4689.0
2024-03-01 13:44:00,NVNO,6.425000190734863,6.425000190734863,6.425000190734863,6.425000190734863,6.425000190734863,100.0
2024-03-01 13:44:00,OCGN,0.9699749946594238,0.9699749946594238,0.9700000286102295,0.9699500203132629,0.9699500203132629,2565.0
2024-03-01 13:44:00,OCUL,10.84000015258789,10.84000015258789,10.84000015258789,10.835000038146973,10.835000038146973,895.0
2024-03-01 13:44:00,OFIX,12.899999618530273,12.899999618530273,12.899999618530273,12.890000343322754,12.890000343322754,1859.0
2024-03-01 13:44:00,OGI,2.180000066757202,2.180000066757202,2.1898999214172363,2.180000066757202,2.185800075531006,1402.0
2024-03-01 13:44:00,OLK,23.05500030517578,23.05500030517578,23.05500030517578,23.05500030517578,23.05500030517578,100.0
2024-03-01 13:44:00,OM,3.1700000762939453,3.1700000762939453,3.1700000762939453,3.1700000762939453,3.1700000762939453,106.0
2024-03-01 13:44:00,OMCL,26.440000534057617,26.440000534057617,26.440000534057617,26.440000534057617,26.440000534057617,107.0
2024-03-01 13:44:00,OMGA,4.349999904632568,4.349999904632568,4.360000133514404,4.3460001945495605,4.348400115966797,12692.0
2024-03-01 13:44:00,ONTX,0.8198999762535095,0.8198999762535095,0.8198999762535095,0.8198999762535095,0.8198999762535095,106.0
2024-03-01 13:45:00,AADI,1.9900000095367432,1.9900000095367432,1.998900055885315,1.9900000095367432,1.998900055885315,398.0
2024-03-01 13:45:00,ABCL,5.199999809265137,5.199999809265137,5.199999809265137,5.195000171661377,5.199999809265137,2438.0
2024-03-01 13:45:00,ABEO,7.84499979019165,7.84499979019165,7.84499979019165,7.820099830627441,7.84499979019165,1577.0
2024-03-01 13:45:00,ABOS,4.684999942779541,4.684999942779541,4.698200225830078,4.684999942779541,4.698200225830078,1516.0
2024-03-01 13:45:00,ABSI,5.429999828338623,5.429999828338623,5.429999828338623,5.409999847412109,5.420000076293945,3602.0
2024-03-01 13:45:00,ABUS,2.7799999713897705,2.7799999713897705,2.7799999713897705,2.7750000953674316,2.7750000953674316,1216.0
2024-03-01 13:45:00,ACAD,24.299999237060547,24.299999237060547,24.315000534057617,24.290000915527344,24.301000595092773,6087.0
2024-03-01 13:45:00,ACB,3.2249999046325684,3.2249999046325684,3.22979998588562,3.2249999046325684,3.2249999046325684,678.0
2024-03-01 13:45:00,ACCD,10.100000381469727,10.100000381469727,10.100000381469727,10.09000015258789,10.09000015258789,621.0
2024-03-01 13:45:00,ACET,2.3949999809265137,2.3949999809265137,2.4000000953674316,2.390000104904175,2.390000104904175,547.0
2024-03-01 13:45:00,ACHL,1.3300000429153442,1.3300000429153442,1.3300000429153442,1.3300000429153442,1.3300000429153442,230.0
2024-03-01 13:45:00,ACHV,4.349999904632568,4.349999904632568,4.360000133514404,4.340000152587891,4.360000133514404,2711.0
2024-03-01 13:45:00,ACIU,3.9149999618530273,3.9149999618530273,3.9200000762939453,3.9000000953674316,3.9200000762939453,1380.0
2024-03-01 13:45:00,ACON,0.4097999930381775,0.4097999930381775,0.4097999930381775,0.40700000524520874,0.40700000524520874,3201.0
2024-03-01 13:45:00,ACRS,1.2400000095367432,1.2400000095367432,1.2400000095367432,1.2300000190734863,1.2350000143051147,1914.0
2024-03-01 13:45:00,ADAP,1.6095999479293823,1.6095999479293823,1.6095999479293823,1.6050000190734863,1.6050000190734863,684.0
2024-03-01 13:45:00,ADIL,3.2019999027252197,3.2019999027252197,3.240000009536743,3.197700023651123,3.2200000286102295,12354.0
2024-03-01 13:45:00,ADMA,5.550000190734863,5.550000190734863,5.559999942779541,5.545000076293945,5.559999942779541,25571.0
2024-03-01 13:45:00,ADPT,4.150000095367432,4.150000095367432,4.15500020980835,4.150000095367432,4.150000095367432,2823.0
2024-03-01 13:45:00,ADVM,1.9800000190734863,1.9800000190734863,1.9800000190734863,1.9550000429153442,1.9550000429153442,11239.0
2024-03-01 13:45:00,AGEN,0.6767500042915344,0.6767500042915344,0.6771010160446167,0.6759999990463257,0.6771010160446167,35740.0
2024-03-01 13:45:00,AGIO,32.83000183105469,32.83000183105469,32.86000061035156,32.83000183105469,32.86000061035156,1159.0
2024-03-01 13:45:00,AHCO,10.565999984741211,10.565999984741211,10.565999984741211,10.53499984741211,10.539999961853027,6426.0
2024-03-01 13:45:00,AIRS,6.5,6.5,6.5,6.5,6.5,710.0
2024-03-01 13:45:00,AKAN,0.20960000157356262,0.20960000157356262,0.21330000460147858,0.20960000157356262,0.21299999952316284,2534.0
2024-03-01 13:45:00,AKBA,1.690000057220459,1.690000057220459,1.690000057220459,1.6799999475479126,1.684999942779541,1853.0
2024-03-01 13:45:00,AKRO,29.815000534057617,29.815000534057617,29.829999923706055,29.815000534057617,29.829999923706055,1035.0
2024-03-01 13:45:00,ALDX,4.300000190734863,4.300000190734863,4.3221001625061035,4.295000076293945,4.3221001625061035,11453.0
2024-03-01 13:45:00,ALEC,7.329999923706055,7.329999923706055,7.329999923706055,7.329999923706055,7.329999923706055,877.0
2024-03-01 13:45:00,ALGN,303.989990234375,303.989990234375,303.989990234375,303.989990234375,303.989990234375,546.0
2024-03-01 13:45:00,ALGS,1.1205999851226807,1.1205999851226807,1.1205999851226807,1.1050000190734863,1.1050000190734863,3967.0
2024-03-01 13:45:00,ALHC,5.639999866485596,5.639999866485596,5.639999866485596,5.639999866485596,5.639999866485596,291.0
2024-03-01 13:45:00,ALKS,30.219999313354492,30.219999313354492,30.219999313354492,30.219999313354492,30.219999313354492,1025.0
2024-03-01 13:45:00,ALLK,1.659999966621399,1.659999966621399,1.659999966621399,1.6549999713897705,1.6549999713897705,363.0
2024-03-01 13:45:00,ALLO,5.054999828338623,5.054999828338623,5.054999828338623,5.054999828338623,5.054999828338623,525.0
2024-03-01 13:45:00,ALLR,0.4025000035762787,0.4025000035762787,0.40424999594688416,0.4025000035762787,0.40424999594688416,4999.0
2024-03-01 13:45:00,ALNY,153.50999450683594,153.50999450683594,153.59500122070312,153.50999450683594,153.5800018310547,1769.0
2024-03-01 13:45:00,ALPN,35.900001525878906,35.900001525878906,35.900001525878906,35.900001525878906,35.900001525878906,214.0
2024-03-01 13:45:00,ALT,12.079999923706055,12.079999923706055,12.079999923706055,12.045000076293945,12.0600004196167,7789.0
2024-03-01 13:45:00,ALXO,15.119999885559082,15.119999885559082,15.145000457763672,15.119999885559082,15.145000457763672,1115.0
2024-03-01 13:45:00,AMED,93.41500091552734,93.41500091552734,93.41500091552734,93.30000305175781,93.30000305175781,5679.0
2024-03-01 13:45:00,AMGN,281.17999267578125,281.17999267578125,281.19000244140625,281.17999267578125,281.17999267578125,1692.0
2024-03-01 13:45:00,AMPH,45.40999984741211,45.40999984741211,45.459999084472656,45.40999984741211,45.459999084472656,629.0
2024-03-01 13:45:00,AMRN,1.0549999475479126,1.0549999475479126,1.0549999475479126,1.0499999523162842,1.0499999523162842,269.0
2024-03-01 13:45:00,ANIP,66.2750015258789,66.2750015258789,66.2750015258789,66.2750015258789,66.2750015258789,198.0
2024-03-01 13:45:00,ANNX,6.159999847412109,6.159999847412109,6.170000076293945,6.139999866485596,6.170000076293945,5298.0
2024-03-01 13:45:00,ANTX,3.0095999240875244,3.0095999240875244,3.0095999240875244,3.0058000087738037,3.0058000087738037,546.0
2024-03-01 13:45:00,APLS,65.12000274658203,65.12000274658203,65.16999816894531,65.06009674072266,65.16999816894531,3250.0
2024-03-01 13:45:00,APLT,7.159999847412109,7.159999847412109,7.159999847412109,7.159999847412109,7.159999847412109,670.0
2024-03-01 13:45:00,AQST,4.289999961853027,4.289999961853027,4.289999961853027,4.25,4.25,21894.0
2024-03-01 13:45:00,ARDX,9.475000381469727,9.475000381469727,9.475000381469727,9.460000038146973,9.470000267028809,5202.0
2024-03-01 13:45:00,ARQT,11.801799774169922,11.801799774169922,11.88010025024414,11.800000190734863,11.88010025024414,14825.0
2024-03-01 13:45:00,ARVN,48.994998931884766,48.994998931884766,49.04499816894531,48.97999954223633,49.04499816894531,2317.0
2024-03-01 13:45:00,ARWR,35.810001373291016,35.810001373291016,35.810001373291016,35.7599983215332,35.810001373291016,644.0
2024-03-01 13:45:00,ASND,152.57000732421875,152.57000732421875,152.57000732421875,152.57000732421875,152.57000732421875,239.0
2024-03-01 13:45:00,ATEC,13.425000190734863,13.425000190734863,13.425000190734863,13.40999984741211,13.414999961853027,5134.0
2024-03-01 13:45:00,ATRA,0.785099983215332,0.785099983215332,0.785099983215332,0.785099983215332,0.785099983215332,558.0
2024-03-01 13:45:00,ATXS,14.78499984741211,14.78499984741211,14.787099838256836,14.760000228881836,14.770000457763672,3186.0
2024-03-01 13:45:00,AUPH,5.855000019073486,5.855000019073486,5.855000019073486,5.855000019073486,5.855000019073486,103.0
2024-03-01 13:45:00,AUTL,6.380000114440918,6.380000114440918,6.394199848175049,6.380000114440918,6.389999866485596,4478.0
2024-03-01 13:45:00,AVDL,13.239999771118164,13.239999771118164,13.239999771118164,13.239999771118164,13.239999771118164,1178.0
2024-03-01 13:45:00,AVRO,1.3550000190734863,1.3550000190734863,1.3550000190734863,1.3550000190734863,1.3550000190734863,101.0
2024-03-01 13:45:00,AVXL,5.309999942779541,5.309999942779541,5.320000171661377,5.309999942779541,5.320000171661377,2991.0
2024-03-01 13:45:00,AXDX,0.9700000286102295,0.9700000286102295,0.9700000286102295,0.9700000286102295,0.9700000286102295,108.0
2024-03-01 13:45:00,AXNX,67.87999725341797,67.87999725341797,67.88999938964844,67.87000274658203,67.87000274658203,1677.0
2024-03-01 13:45:00,AXSM,82.24500274658203,82.24500274658203,82.25,82.24500274658203,82.25,404.0
2024-03-01 13:45:00,AZN,64.70500183105469,64.70500183105469,64.70500183105469,64.69999694824219,64.70500183105469,3757.0
2024-03-01 13:45:00,AZTA,66.82499694824219,66.82499694824219,66.82499694824219,66.82499694824219,66.82499694824219,104.0
2024-03-01 13:45:00,BBIO,36.13999938964844,36.13999938964844,36.13999938964844,36.119998931884766,36.130001068115234,769.0
2024-03-01 13:45:00,BBLG,2.440000057220459,2.440000057220459,2.4700000286102295,2.440000057220459,2.4549999237060547,600.0
2024-03-01 13:45:00,BCDA,0.5698999762535095,0.5698999762535095,0.5698999762535095,0.5698000192642212,0.5698999762535095,1210.0
2024-03-01 13:45:00,BCLI,0.34529998898506165,0.34529998898506165,0.34529998898506165,0.34529998898506165,0.34529998898506165,1247.0
2024-03-01 13:45:00,BCRX,5.710000038146973,5.710000038146973,5.710000038146973,5.710000038146973,5.710000038146973,555.0
2024-03-01 13:45:00,BCYC,26.329999923706055,26.329999923706055,26.329999923706055,26.329999923706055,26.329999923706055,349.0
2024-03-01 13:45:00,BDTX,4.96999979019165,4.96999979019165,4.980000019073486,4.96999979019165,4.980000019073486,444.0
2024-03-01 13:45:00,BEAM,40.71500015258789,40.71500015258789,40.720001220703125,40.71500015258789,40.720001220703125,1344.0
2024-03-01 13:45:00,BEAT,1.5499999523162842,1.5499999523162842,1.5499999523162842,1.5499999523162842,1.5499999523162842,133.0
2024-03-01 13:45:00,BGXX,0.2696000039577484,0.2696000039577484,0.2700999975204468,0.2696000039577484,0.2700499892234802,5352.0
2024-03-01 13:45:00,BIOL,0.1436000019311905,0.1436000019311905,0.1436000019311905,0.1436000019311905,0.1436000019311905,18001.0
2024-03-01 13:45:00,BIOR,1.0800000429153442,1.0800000429153442,1.090000033378601,1.0800000429153442,1.090000033378601,1165.0
2024-03-01 13:45:00,BIVI,2.1600000858306885,2.1600000858306885,2.180000066757202,2.1600000858306885,2.174999952316284,63522.0
2024-03-01 13:45:00,BLFS,18.170000076293945,18.170000076293945,18.21500015258789,18.139999389648438,18.21500015258789,1144.0
2024-03-01 13:45:00,BLUE,1.6050000190734863,1.6050000190734863,1.6100000143051147,1.6050000190734863,1.6100000143051147,3454.0
2024-03-01 13:45:00,BMEA,18.25,18.25,18.260000228881836,18.25,18.260000228881836,932.0
2024-03-01 13:45:00,BMRN,87.98999786376953,87.98999786376953,88.02999877929688,87.97000122070312,87.9800033569336,12277.0
2024-03-01 13:45:00,BNGO,1.2640000581741333,1.2640000581741333,1.2699999809265137,1.2640000581741333,1.2649999856948853,2475.0
2024-03-01 13:45:00,BNR,0.8394500017166138,0.8394500017166138,0.8394500017166138,0.8394500017166138,0.8394500017166138,100.0
2024-03-01 13:45:00,BNTX,91.3499984741211,91.3499984741211,91.3499984741211,91.2699966430664,91.2699966430664,299.0
2024-03-01 13:45:00,BPMC,96.91000366210938,96.91000366210938,96.91000366210938,96.86000061035156,96.86000061035156,289.0
2024-03-01 13:45:00,BRKR,88.2699966430664,88.2699966430664,88.2699966430664,88.2699966430664,88.2699966430664,443.0
2024-03-01 13:45:00,BTAI,3.1798999309539795,3.1798999309539795,3.1798999309539795,3.1798999309539795,3.1798999309539795,313.0
2024-03-01 13:45:00,BTCY,0.9290000200271606,0.9290000200271606,0.9290000200271606,0.9290000200271606,0.9290000200271606,528.0
2024-03-01 13:45:00,BTTX,0.18170000612735748,0.18170000612735748,0.18230000138282776,0.181099995970726,0.18150000274181366,47197.0
2024-03-01 13:45:00,BWAY,6.53000020980835,6.53000020980835,6.53000020980835,6.53000020980835,6.53000020980835,100.0
2024-03-01 13:45:00,CABA,24.110000610351562,24.110000610351562,24.190000534057617,24.110000610351562,24.190000534057617,2484.0
2024-03-01 13:45:00,CADL,1.7450000047683716,1.7450000047683716,1.7450000047683716,1.7450000047683716,1.7450000047683716,100.0
2024-03-01 13:45:00,CARA,0.9319000244140625,0.9319000244140625,0.9319000244140625,0.9319000244140625,0.9319000244140625,566.0
2024-03-01 13:45:00,CBAY,32.2400016784668,32.2400016784668,32.2400016784668,32.22999954223633,32.23500061035156,3256.0
2024-03-01 13:45:00,CCCC,10.984999656677246,10.984999656677246,10.994999885559082,10.981499671936035,10.989999771118164,2129.0
2024-03-01 13:45:00,CDMO,8.109999656677246,8.109999656677246,8.109999656677246,8.104999542236328,8.104999542236328,490.0
2024-03-01 13:45:00,CDNA,12.390000343322754,12.390000343322754,12.40999984741211,12.390000343322754,12.40999984741211,1556.0
2024-03-01 13:45:00,CDXS,4.550000190734863,4.550000190734863,4.554999828338623,4.550000190734863,4.554999828338623,603.0
2024-03-01 13:45:00,CELC,16.479999542236328,16.479999542236328,16.479999542236328,16.479999542236328,16.479999542236328,115.0
2024-03-01 13:45:00,CERE,41.099998474121094,41.099998474121094,41.11000061035156,41.099998474121094,41.102500915527344,760.0
2024-03-01 13:45:00,CERT,17.889999389648438,17.889999389648438,17.889999389648438,17.889999389648438,17.889999389648438,289.0
2024-03-01 13:45:00,CGC,3.248500108718872,3.248500108718872,3.248500108718872,3.2400999069213867,3.2400999069213867,1428.0
2024-03-01 13:45:00,CGEM,18.741899490356445,18.741899490356445,18.75,18.741899490356445,18.75,292.0
2024-03-01 13:45:00,CHRS,2.4200000762939453,2.4200000762939453,2.424999952316284,2.4200000762939453,2.424999952316284,494.0
2024-03-01 13:45:00,CKPT,2.190000057220459,2.190000057220459,2.190000057220459,2.190000057220459,2.190000057220459,200.0
2024-03-01 13:45:00,CLDX,52.5,52.5,52.595001220703125,52.459999084472656,52.595001220703125,2636.0
2024-03-01 13:45:00,CLNN,0.3937000036239624,0.3937000036239624,0.3937000036239624,0.3937000036239624,0.3937000036239624,849.0
2024-03-01 13:45:00,CLOV,0.8701000213623047,0.8701000213623047,0.870199978351593,0.8701000213623047,0.8701000213623047,5858.0
2024-03-01 13:45:00,CLPT,6.679999828338623,6.679999828338623,6.679999828338623,6.675000190734863,6.675000190734863,1510.0
2024-03-01 13:45:00,CLRB,4.130000114440918,4.130000114440918,4.130099773406982,4.119999885559082,4.130000114440918,3113.0
2024-03-01 13:45:00,CMPS,11.390000343322754,11.390000343322754,11.390000343322754,11.329999923706055,11.329999923706055,692.0
2024-03-01 13:45:00,CMRX,1.2100000381469727,1.2100000381469727,1.2100000381469727,1.2000000476837158,1.2000000476837158,663.0
2024-03-01 13:45:00,CNSP,0.3135490119457245,0.3135490119457245,0.3135490119457245,0.3135490119457245,0.3135490119457245,500.0
2024-03-01 13:45:00,COGT,7.170000076293945,7.170000076293945,7.179999828338623,7.170000076293945,7.179999828338623,3187.0
2024-03-01 13:45:00,CORT,24.329999923706055,24.329999923706055,24.329999923706055,24.329999923706055,24.329999923706055,537.0
2024-03-01 13:45:00,CPRX,17.420000076293945,17.420000076293945,17.420000076293945,17.3700008392334,17.385000228881836,8736.0
2024-03-01 13:45:00,CPSI,9.479999542236328,9.479999542236328,9.479999542236328,9.460000038146973,9.460000038146973,534.0
2024-03-01 13:45:00,CRBP,32.724998474121094,32.724998474121094,32.724998474121094,32.5,32.504398345947266,1344.0
2024-03-01 13:45:00,CRBU,7.929999828338623,7.929999828338623,7.929999828338623,7.929999828338623,7.929999828338623,403.0
2024-03-01 13:45:00,CRDF,2.509999990463257,2.509999990463257,2.5195999145507812,2.5,2.5,12647.0
2024-03-01 13:45:00,CRDL,1.9450000524520874,1.9450000524520874,1.9450000524520874,1.9450000524520874,1.9450000524520874,700.0
2024-03-01 13:45:00,CRNX,46.45000076293945,46.45000076293945,46.58000183105469,46.45000076293945,46.58000183105469,507.0
2024-03-01 13:45:00,CRSP,85.7750015258789,85.7750015258789,85.8499984741211,85.76000213623047,85.8499984741211,2919.0
2024-03-01 13:45:00,CSTL,19.989999771118164,19.989999771118164,20.049999237060547,19.989999771118164,20.040000915527344,1322.0
2024-03-01 13:45:00,CTKB,8.875,8.875,8.875,8.875,8.875,100.0
2024-03-01 13:45:00,CTMX,2.5850000381469727,2.5850000381469727,2.5950000286102295,2.5799999237060547,2.5899999141693115,5160.0
2024-03-01 13:45:00,CTXR,0.7702000141143799,0.7702000141143799,0.7703999876976013,0.7700999975204468,0.7700999975204468,711.0
2024-03-01 13:45:00,CUTR,2.380000114440918,2.380000114440918,2.380000114440918,2.380000114440918,2.380000114440918,2486.0
2024-03-01 13:45:00,CVAC,3.496999979019165,3.496999979019165,3.496999979019165,3.496999979019165,3.496999979019165,101.0
2024-03-01 13:45:00,CYCC,2.849900007247925,2.849900007247925,2.849900007247925,2.849900007247925,2.849900007247925,628.0
2024-03-01 13:45:00,CYTK,72.76499938964844,72.76499938964844,72.76499938964844,72.73999786376953,72.73999786376953,533.0
2024-03-01 13:45:00,DAWN,17.549999237060547,17.549999237060547,17.549999237060547,17.540000915527344,17.549999237060547,1176.0
2024-03-01 13:45:00,DCGO,4.204999923706055,4.204999923706055,4.204999923706055,4.202499866485596,4.202499866485596,236.0
2024-03-01 13:45:00,DCPH,17.450000762939453,17.450000762939453,17.450000762939453,17.450000762939453,17.450000762939453,598.0
2024-03-01 13:45:00,DH,8.869999885559082,8.869999885559082,8.869999885559082,8.864999771118164,8.864999771118164,201.0
2024-03-01 13:45:00,DMTK,0.8429999947547913,0.8429999947547913,0.8549000024795532,0.8429999947547913,0.8500000238418579,11013.0
2024-03-01 13:45:00,DNLI,21.190000534057617,21.190000534057617,21.190000534057617,21.190000534057617,21.190000534057617,950.0
2024-03-01 13:45:00,DRRX,0.9934999942779541,0.9934999942779541,0.9934999942779541,0.9934999942779541,0.9934999942779541,290.0
2024-03-01 13:45:00,DSGN,2.9049999713897705,2.9049999713897705,2.9049999713897705,2.9049999713897705,2.9049999713897705,308.0
2024-03-01 13:45:00,DVAX,12.869999885559082,12.869999885559082,12.869999885559082,12.869999885559082,12.869999885559082,111.0
2024-03-01 13:45:00,DXCM,121.65499877929688,121.65499877929688,121.66999816894531,121.62000274658203,121.6500015258789,4890.0
2024-03-01 13:45:00,DYN,28.93000030517578,28.93000030517578,28.93000030517578,28.93000030517578,28.93000030517578,333.0
2024-03-01 13:45:00,EDIT,10.899999618530273,10.899999618530273,10.920000076293945,10.899999618530273,10.920000076293945,6331.0
2024-03-01 13:45:00,EFTR,15.229999542236328,15.229999542236328,15.229999542236328,15.229999542236328,15.229999542236328,100.0
2024-03-01 13:45:00,ELEV,5.005000114440918,5.005000114440918,5.014999866485596,5.0,5.014999866485596,4426.0
2024-03-01 13:45:00,ENSG,122.26499938964844,122.26499938964844,122.32499694824219,122.26499938964844,122.32499694824219,608.0
2024-03-01 13:45:00,ENTA,15.350000381469727,15.350000381469727,15.364999771118164,15.350000381469727,15.364999771118164,308.0
2024-03-01 13:45:00,ENVB,1.5099999904632568,1.5099999904632568,1.5399999618530273,1.5,1.5399999618530273,2647.0
2024-03-01 13:45:00,ERAS,2.484999895095825,2.484999895095825,2.484999895095825,2.4800000190734863,2.4800000190734863,3462.0
2024-03-01 13:45:00,ESPR,2.5250000953674316,2.5250000953674316,2.5350000858306885,2.5199999809265137,2.5199999809265137,20587.0
2024-03-01 13:45:00,ETNB,13.079999923706055,13.079999923706055,13.079999923706055,13.050000190734863,13.079999923706055,2858.0
2024-03-01 13:45:00,EVGN,0.9700000286102295,0.9700000286102295,0.9700000286102295,0.9700000286102295,0.9700000286102295,375.0
2024-03-01 13:45:00,EWTX,17.010000228881836,17.010000228881836,17.010000228881836,17.010000228881836,17.010000228881836,878.0
2024-03-01 13:45:00,EXAS,60.02000045776367,60.02000045776367,60.029998779296875,60.0099983215332,60.02000045776367,1779.0
2024-03-01 13:45:00,EXEL,22.479999542236328,22.479999542236328,22.479999542236328,22.46500015258789,22.46500015258789,2465.0
2024-03-01 13:45:00,EYEN,2.390000104904175,2.390000104904175,2.430000066757202,2.390000104904175,2.4000000953674316,20932.0
2024-03-01 13:45:00,EYPT,27.979999542236328,27.979999542236328,28.009700775146484,27.979999542236328,27.989999771118164,629.0
2024-03-01 13:45:00,FATE,7.735000133514404,7.735000133514404,7.739999771118164,7.735000133514404,7.739999771118164,635.0
2024-03-01 13:45:00,FDMT,29.3799991607666,29.3799991607666,29.3799991607666,29.239999771118164,29.25,4301.0
2024-03-01 13:45:00,FGEN,1.8799999952316284,1.8799999952316284,1.8799999952316284,1.8799999952316284,1.8799999952316284,1145.0
2024-03-01 13:45:00,FNCH,2.859999895095825,2.859999895095825,2.859999895095825,2.859999895095825,2.859999895095825,104.0
2024-03-01 13:45:00,FOLD,13.364999771118164,13.364999771118164,13.364999771118164,13.364999771118164,13.364999771118164,1376.0
2024-03-01 13:45:00,FULC,11.130000114440918,11.130000114440918,11.15999984741211,11.130000114440918,11.15999984741211,1474.0
2024-03-01 13:45:00,FUSN,12.369999885559082,12.369999885559082,12.369999885559082,12.34000015258789,12.34000015258789,2959.0
2024-03-01 13:45:00,FWBI,8.34000015258789,8.34000015258789,8.34000015258789,8.34000015258789,8.34000015258789,105.0
2024-03-01 13:45:00,GANX,4.65500020980835,4.65500020980835,4.65500020980835,4.65500020980835,4.65500020980835,100.0
2024-03-01 13:45:00,GBIO,2.625,2.625,2.625,2.625,2.625,100.0
2024-03-01 13:45:00,GDRX,8.390000343322754,8.390000343322754,8.390199661254883,8.390000343322754,8.390000343322754,1771.0
2024-03-01 13:45:00,GEG,1.9701999425888062,1.9701999425888062,1.9701999425888062,1.9701999425888062,1.9701999425888062,110.0
2024-03-01 13:45:00,GERN,2.2799999713897705,2.2799999713897705,2.2799999713897705,2.2639999389648438,2.265000104904175,137953.0
2024-03-01 13:45:00,GH,19.06999969482422,19.06999969482422,19.06999969482422,19.06999969482422,19.06999969482422,288.0
2024-03-01 13:45:00,GILD,72.37999725341797,72.37999725341797,72.38500213623047,72.37129974365234,72.38500213623047,8303.0
2024-03-01 13:45:00,GLSI,12.5649995803833,12.5649995803833,12.5649995803833,12.5649995803833,12.5649995803833,118.0
2024-03-01 13:45:00,GLTO,0.7493810057640076,0.7493810057640076,0.75,0.7493810057640076,0.7498990297317505,5100.0
2024-03-01 13:45:00,GLYC,3.0399999618530273,3.0399999618530273,3.0399999618530273,3.0399999618530273,3.0399999618530273,202.0
2024-03-01 13:45:00,GOSS,1.409999966621399,1.409999966621399,1.409999966621399,1.4098999500274658,1.409999966621399,1017.0
2024-03-01 13:45:00,GRFS,7.081099987030029,7.081099987030029,7.090000152587891,7.079999923706055,7.085000038146973,3430.0
2024-03-01 13:45:00,GRTS,2.140000104904175,2.140000104904175,2.1498000621795654,2.134999990463257,2.140000104904175,11745.0
2024-03-01 13:45:00,GRTX,0.22990000247955322,0.22990000247955322,0.22990000247955322,0.22509999573230743,0.22744999825954437,3726.0
2024-03-01 13:45:00,GTHX,3.771699905395508,3.771699905395508,3.7799999713897705,3.771699905395508,3.7799999713897705,1460.0
2024-03-01 13:45:00,HALO,41.369998931884766,41.369998931884766,41.439998626708984,41.369998931884766,41.439998626708984,2937.0
2024-03-01 13:45:00,HARP,22.940000534057617,22.940000534057617,22.940000534057617,22.940000534057617,22.940000534057617,428.0
2024-03-01 13:45:00,HCM,15.170000076293945,15.170000076293945,15.170000076293945,15.170000076293945,15.170000076293945,430.0
2024-03-01 13:45:00,HCSG,12.609999656677246,12.609999656677246,12.614899635314941,12.609999656677246,12.614899635314941,279.0
2024-03-01 13:45:00,HCWB,1.5999000072479248,1.5999000072479248,1.600000023841858,1.5999000072479248,1.600000023841858,2787.0
2024-03-01 13:45:00,HLTH,0.27489998936653137,0.27489998936653137,0.27489998936653137,0.27489998936653137,0.27489998936653137,517.0
2024-03-01 13:45:00,HOLX,74.12000274658203,74.12000274658203,74.12000274658203,74.0999984741211,74.0999984741211,972.0
2024-03-01 13:45:00,HOOK,0.7900000214576721,0.7900000214576721,0.7900000214576721,0.7900000214576721,0.7900000214576721,20129.0
2024-03-01 13:45:00,HPCO,0.2500999867916107,0.2500999867916107,0.2500999867916107,0.2500999867916107,0.2500999867916107,1401.0
2024-03-01 13:45:00,HQY,81.43000030517578,81.43000030517578,81.43000030517578,81.37999725341797,81.37999725341797,1456.0
2024-03-01 13:45:00,HRTX,2.5950000286102295,2.5950000286102295,2.5975000858306885,2.5899999141693115,2.5899999141693115,6936.0
2024-03-01 13:45:00,HSCS,0.11749999970197678,0.11749999970197678,0.11749999970197678,0.11739999800920486,0.11739999800920486,9537.0
2024-03-01 13:45:00,HUMA,3.2950000762939453,3.2950000762939453,3.299999952316284,3.2899999618530273,3.2950000762939453,6967.0
2024-03-01 13:45:00,IART,36.525001525878906,36.525001525878906,36.525001525878906,36.448299407958984,36.45000076293945,3160.0
2024-03-01 13:45:00,IBRX,4.840000152587891,4.840000152587891,4.84499979019165,4.840000152587891,4.840000152587891,6441.0
2024-03-01 13:45:00,ICLR,322.6099853515625,322.6099853515625,322.7300109863281,322.4700012207031,322.7300109863281,401.0
2024-03-01 13:45:00,IDXX,579.8250122070312,579.8250122070312,580.14501953125,579.8250122070312,580.14501953125,462.0
2024-03-01 13:45:00,IDYA,46.93000030517578,46.93000030517578,46.93000030517578,46.900001525878906,46.900001525878906,1769.0
2024-03-01 13:45:00,IGMS,13.260000228881836,13.260000228881836,13.390000343322754,13.260000228881836,13.385000228881836,2470.0
2024-03-01 13:45:00,IINN,1.6799999475479126,1.6799999475479126,1.6799999475479126,1.6799999475479126,1.6799999475479126,1500.0
2024-03-01 13:45:00,ILMN,142.2449951171875,142.2449951171875,142.4600067138672,142.24000549316406,142.40499877929688,2624.0
2024-03-01 13:45:00,IMCR,68.11000061035156,68.11000061035156,68.11000061035156,68.11000061035156,68.11000061035156,374.0
2024-03-01 13:45:00,IMMX,3.565000057220459,3.565000057220459,3.565000057220459,3.565000057220459,3.565000057220459,103.0
2024-03-01 13:45:00,IMNN,1.030900001525879,1.030900001525879,1.030900001525879,1.030900001525879,1.030900001525879,532.0
2024-03-01 13:45:00,IMTX,12.9399995803833,12.9399995803833,12.9399995803833,12.930000305175781,12.930000305175781,701.0
2024-03-01 13:45:00,IMUX,1.4700000286102295,1.4700000286102295,1.4700000286102295,1.4700000286102295,1.4700000286102295,164.0
2024-03-01 13:45:00,IMVT,35.96500015258789,35.96500015258789,35.96500015258789,35.939998626708984,35.939998626708984,249.0
2024-03-01 13:45:00,INCY,59.4900016784668,59.4900016784668,59.52000045776367,59.4900016784668,59.5099983215332,1596.0
2024-03-01 13:45:00,INM,0.38199999928474426,0.38199999928474426,0.3885999917984009,0.38100001215934753,0.3885999917984009,2332.0
2024-03-01 13:45:00,INO,9.600000381469727,9.600000381469727,9.600000381469727,9.550000190734863,9.569999694824219,2608.0
2024-03-01 13:45:00,INSM,28.260000228881836,28.260000228881836,28.260000228881836,28.200000762939453,28.229999542236328,2751.0
2024-03-01 13:45:00,INVA,15.619999885559082,15.619999885559082,15.625,15.619999885559082,15.625,2085.0
2024-03-01 13:45:00,INZY,6.659999847412109,6.659999847412109,6.659999847412109,6.659999847412109,6.659999847412109,454.0
2024-03-01 13:45:00,IOBT,1.7599999904632568,1.7599999904632568,1.8200000524520874,1.7599999904632568,1.8200000524520874,4106.0
2024-03-01 13:45:00,IONS,45.9900016784668,45.9900016784668,46.01499938964844,45.9900016784668,46.0099983215332,2199.0
2024-03-01 13:45:00,IOVA,17.094999313354492,17.094999313354492,17.104999542236328,17.065000534057617,17.075000762939453,22323.0
2024-03-01 13:45:00,IRWD,9.03499984741211,9.03499984741211,9.039999961853027,9.029999732971191,9.03499984741211,3040.0
2024-03-01 13:45:00,ISRG,395.1650085449219,395.1650085449219,395.4049987792969,395.1650085449219,395.3900146484375,2858.0
2024-03-01 13:45:00,ITCI,71.79000091552734,71.79000091552734,71.79000091552734,71.79000091552734,71.79000091552734,183.0
2024-03-01 13:45:00,JAGX,0.07249999791383743,0.07249999791383743,0.07270000129938126,0.0722000002861023,0.0722000002861023,178552.0
2024-03-01 13:45:00,JANX,46.23500061035156,46.23500061035156,46.23500061035156,46.23500061035156,46.23500061035156,363.0
2024-03-01 13:45:00,KALV,14.194999694824219,14.194999694824219,14.194999694824219,14.194999694824219,14.194999694824219,272.0
2024-03-01 13:45:00,KIDS,27.540000915527344,27.540000915527344,27.540000915527344,27.520000457763672,27.520000457763672,310.0
2024-03-01 13:45:00,KNSA,21.80500030517578,21.80500030517578,21.80500030517578,21.80500030517578,21.80500030517578,100.0
2024-03-01 13:45:00,KNTE,2.5999999046325684,2.5999999046325684,2.5999999046325684,2.5999999046325684,2.5999999046325684,313.0
2024-03-01 13:45:00,KOD,6.079999923706055,6.079999923706055,6.079999923706055,6.079999923706055,6.079999923706055,122.0
2024-03-01 13:45:00,KPRX,0.6424999833106995,0.6424999833106995,0.6424999833106995,0.6424999833106995,0.6424999833106995,250.0
2024-03-01 13:45:00,KPTI,1.1900999546051025,1.1900999546051025,1.2000000476837158,1.190000057220459,1.1950000524520874,2664.0
2024-03-01 13:45:00,KROS,70.25,70.25,70.4000015258789,70.13999938964844,70.4000015258789,1629.0
2024-03-01 13:45:00,KRYS,169.3249969482422,169.3249969482422,169.3249969482422,169.3249969482422,169.3249969482422,276.0
2024-03-01 13:45:00,KURA,21.81999969482422,21.81999969482422,21.81999969482422,21.81999969482422,21.81999969482422,1024.0
2024-03-01 13:45:00,KZR,1.090000033378601,1.090000033378601,1.090000033378601,1.0700000524520874,1.0750000476837158,2975.0
2024-03-01 13:45:00,LAB,2.4600000381469727,2.4600000381469727,2.4649999141693115,2.4600000381469727,2.4600000381469727,990.0
2024-03-01 13:45:00,LBPH,21.84000015258789,21.84000015258789,21.850000381469727,21.84000015258789,21.850000381469727,539.0
2024-03-01 13:45:00,LEGN,65.79499816894531,65.79499816894531,65.79499816894531,65.79499816894531,65.79499816894531,322.0
2024-03-01 13:45:00,LEXX,2.869999885559082,2.869999885559082,2.879300117492676,2.869999885559082,2.879300117492676,3642.0
2024-03-01 13:45:00,LFMD,8.0,8.0,8.0,8.0,8.0,680.0
2024-03-01 13:45:00,LFST,7.760000228881836,7.760000228881836,7.760000228881836,7.760000228881836,7.760000228881836,272.0
2024-03-01 13:45:00,LIAN,4.860000133514404,4.860000133514404,4.860000133514404,4.860000133514404,4.860000133514404,100.0
2024-03-01 13:45:00,LIVN,55.779998779296875,55.779998779296875,55.80500030517578,55.779998779296875,55.79999923706055,890.0
2024-03-01 13:45:00,LNSR,4.764999866485596,4.764999866485596,4.889900207519531,4.764999866485596,4.829999923706055,6100.0
2024-03-01 13:45:00,LNTH,65.12999725341797,65.12999725341797,65.12999725341797,65.12999725341797,65.12999725341797,141.0
2024-03-01 13:45:00,LQDA,14.699999809265137,14.699999809265137,14.699999809265137,14.680000305175781,14.6899995803833,1385.0
2024-03-01 13:45:00,LTRN,4.400000095367432,4.400000095367432,4.414999961853027,4.400000095367432,4.410099983215332,845.0
2024-03-01 13:45:00,LUNG,9.470000267028809,9.470000267028809,9.470000267028809,9.470000267028809,9.470000267028809,434.0
2024-03-01 13:45:00,LVTX,2.884999990463257,2.884999990463257,2.8952999114990234,2.869999885559082,2.8949999809265137,4802.0
2024-03-01 13:45:00,LXRX,2.5199999809265137,2.5199999809265137,2.5299999713897705,2.5199999809265137,2.5201001167297363,1312.0
2024-03-01 13:45:00,LYEL,3.200000047683716,3.200000047683716,3.2049999237060547,3.200000047683716,3.2049999237060547,4595.0
2024-03-01 13:45:00,LYRA,5.659999847412109,5.659999847412109,5.690000057220459,5.659999847412109,5.670100212097168,2696.0
2024-03-01 13:45:00,MCRB,1.2000000476837158,1.2000000476837158,1.2050000429153442,1.2000000476837158,1.2050000429153442,5823.0
2024-03-01 13:45:00,MDRX,5.980000019073486,5.980000019073486,6.0,5.980000019073486,6.0,20058.0
2024-03-01 13:45:00,MDXG,8.664999961853027,8.664999961853027,8.664999961853027,8.664999961853027,8.664999961853027,574.0
2024-03-01 13:45:00,ME,0.5758000016212463,0.5758000016212463,0.5758000016212463,0.5758000016212463,0.5758000016212463,333.0
2024-03-01 13:45:00,MGNX,19.13089942932129,19.13089942932129,19.139999389648438,19.1299991607666,19.1299991607666,8990.0
2024-03-01 13:45:00,MIST,1.7300000190734863,1.7300000190734863,1.7300000190734863,1.7300000190734863,1.7300000190734863,110.0
2024-03-01 13:45:00,MLTX,51.06999969482422,51.06999969482422,51.119998931884766,51.06999969482422,51.119998931884766,859.0
2024-03-01 13:45:00,MNKD,4.565000057220459,4.565000057220459,4.565000057220459,4.561399936676025,4.565000057220459,1643.0
2024-03-01 13:45:00,MODV,28.149999618530273,28.149999618530273,28.149999618530273,28.149999618530273,28.149999618530273,137.0
2024-03-01 13:45:00,MORF,39.40999984741211,39.40999984741211,39.44499969482422,39.40999984741211,39.44499969482422,511.0
2024-03-01 13:45:00,MRAI,1.570099949836731,1.570099949836731,1.570099949836731,1.570099949836731,1.570099949836731,505.0
2024-03-01 13:45:00,MRNA,95.89199829101562,95.89199829101562,95.89199829101562,95.87999725341797,95.87999725341797,2593.0
2024-03-01 13:45:00,MRNS,10.40999984741211,10.40999984741211,10.449999809265137,10.390000343322754,10.449999809265137,2200.0
2024-03-01 13:45:00,MRSN,5.980000019073486,5.980000019073486,5.980000019073486,5.940000057220459,5.940000057220459,3685.0
2024-03-01 13:45:00,MRUS,51.095001220703125,51.095001220703125,51.130001068115234,51.095001220703125,51.119998931884766,1128.0
2024-03-01 13:45:00,MRVI,7.71999979019165,7.71999979019165,7.71999979019165,7.715000152587891,7.715000152587891,337.0
2024-03-01 13:45:00,NARI,45.349998474121094,45.349998474121094,45.53779983520508,45.31999969482422,45.53779983520508,5066.0
2024-03-01 13:45:00,NBIX,132.44000244140625,132.44000244140625,132.5399932861328,132.39999389648438,132.5399932861328,2402.0
2024-03-01 13:45:00,NEO,16.040000915527344,16.040000915527344,16.040000915527344,16.030000686645508,16.040000915527344,999.0
2024-03-01 13:45:00,NEOG,17.385000228881836,17.385000228881836,17.385000228881836,17.385000228881836,17.385000228881836,363.0
2024-03-01 13:45:00,NGM,1.5299999713897705,1.5299999713897705,1.5299999713897705,1.5299999713897705,1.5299999713897705,695.0
2024-03-01 13:45:00,NKTX,12.869999885559082,12.869999885559082,12.869999885559082,12.869999885559082,12.869999885559082,398.0
2024-03-01 13:45:00,NNOX,11.0600004196167,11.0600004196167,11.074999809265137,11.029899597167969,11.029899597167969,6718.0
2024-03-01 13:45:00,NOTV,8.149999618530273,8.149999618530273,8.149999618530273,8.140000343322754,8.14009952545166,3324.0
2024-03-01 13:45:00,NPCE,16.59000015258789,16.59000015258789,16.645000457763672,16.5049991607666,16.645000457763672,1622.0
2024-03-01 13:45:00,NRIX,13.720000267028809,13.720000267028809,13.720000267028809,13.680000305175781,13.699999809265137,850.0
2024-03-01 13:45:00,NRSN,2.0399999618530273,2.0399999618530273,2.0399999618530273,2.009999990463257,2.009999990463257,19023.0
2024-03-01 13:45:00,NRXP,0.4262999892234802,0.4262999892234802,0.4262999892234802,0.4262999892234802,0.4262999892234802,202.0
2024-03-01 13:45:00,NTLA,33.5,33.5,33.540000915527344,33.47999954223633,33.540000915527344,2201.0
2024-03-01 13:45:00,NTRA,89.30999755859375,89.30999755859375,89.43250274658203,89.30999755859375,89.41999816894531,2531.0
2024-03-01 13:45:00,NUVL,88.3550033569336,88.3550033569336,88.3550033569336,88.3550033569336,88.3550033569336,272.0
2024-03-01 13:45:00,NUWE,0.5800999999046326,0.5800999999046326,0.5800999999046326,0.5799999833106995,0.5799999833106995,231.0
2024-03-01 13:45:00,NVAX,5.210000038146973,5.210000038146973,5.235000133514404,5.210000038146973,5.235000133514404,17401.0
2024-03-01 13:45:00,NVCR,16.040000915527344,16.040000915527344,16.040000915527344,16.040000915527344,16.040000915527344,109.0
2024-03-01 13:45:00,NVCT,10.770000457763672,10.770000457763672,10.770000457763672,10.770000457763672,10.770000457763672,210.0
2024-03-01 13:45:00,NXTC,1.7549999952316284,1.7549999952316284,1.7549999952316284,1.7549999952316284,1.7549999952316284,204.0
2024-03-01 13:45:00,OCGN,0.9699000120162964,0.9699000120162964,0.9699500203132629,0.9699000120162964,0.9699000120162964,2218.0
2024-03-01 13:45:00,OCUL,10.835000038146973,10.835000038146973,10.84000015258789,10.829999923706055,10.84000015258789,1121.0
2024-03-01 13:45:00,OLK,23.049999237060547,23.049999237060547,23.06999969482422,23.0,23.05500030517578,11133.0
2024-03-01 13:45:00,OLMA,14.75,14.75,14.800000190734863,14.75,14.800000190734863,2181.0
2024-03-01 13:45:00,OM,3.1700000762939453,3.1700000762939453,3.1700000762939453,3.1649999618530273,3.1649999618530273,794.0
2024-03-01 13:45:00,OMCL,26.389999389648438,26.389999389648438,26.46500015258789,26.3700008392334,26.46500015258789,2966.0
2024-03-01 13:45:00,OMGA,4.340000152587891,4.340000152587891,4.360000133514404,4.340000152587891,4.360000133514404,1777.0
2024-03-01 13:45:00,OMIC,0.6169999837875366,0.6169999837875366,0.6169999837875366,0.6169999837875366,0.6169999837875366,100.0
2024-03-01 13:45:00,ONCY,1.1299999952316284,1.1299999952316284,1.149999976158142,1.1299999952316284,1.149999976158142,2100.0
2024-03-01 13:46:00,ABCL,5.195000171661377,5.195000171661377,5.199999809265137,5.190000057220459,5.199999809265137,8794.0
2024-03-01 13:46:00,ABEO,7.840000152587891,7.840000152587891,7.840000152587891,7.820000171661377,7.820000171661377,1825.0
2024-03-01 13:46:00,ABOS,4.670000076293945,4.670000076293945,4.679999828338623,4.670000076293945,4.679999828338623,4107.0
2024-03-01 13:46:00,ABSI,5.440000057220459,5.440000057220459,5.440000057220459,5.429999828338623,5.429999828338623,1810.0
2024-03-01 13:46:00,ABUS,2.7799999713897705,2.7799999713897705,2.7799999713897705,2.7799999713897705,2.7799999713897705,289.0
2024-03-01 13:46:00,ACAD,24.299999237060547,24.299999237060547,24.299999237060547,24.299999237060547,24.299999237060547,403.0
2024-03-01 13:46:00,ACB,3.221299886703491,3.221299886703491,3.2300000190734863,3.221299886703491,3.2295000553131104,1313.0
2024-03-01 13:46:00,ACCD,10.095000267028809,10.095000267028809,10.100000381469727,10.095000267028809,10.100000381469727,837.0
2024-03-01 13:46:00,ACET,2.399899959564209,2.399899959564209,2.4000000953674316,2.390000104904175,2.4000000953674316,762.0
2024-03-01 13:46:00,ACHC,84.5,84.5,84.58999633789062,84.5,84.58999633789062,1780.0
2024-03-01 13:46:00,ACIU,3.950000047683716,3.950000047683716,3.950000047683716,3.930000066757202,3.930000066757202,1416.0
2024-03-01 13:46:00,ACLX,68.06500244140625,68.06500244140625,68.06500244140625,68.06500244140625,68.06500244140625,312.0
2024-03-01 13:46:00,ACRS,1.2300000190734863,1.2300000190734863,1.2400000095367432,1.2300000190734863,1.2400000095367432,1142.0
2024-03-01 13:46:00,ADIL,3.200000047683716,3.200000047683716,3.224900007247925,3.200000047683716,3.2100000381469727,9540.0
2024-03-01 13:46:00,ADMA,5.55019998550415,5.55019998550415,5.559999942779541,5.55019998550415,5.559999942779541,1918.0
2024-03-01 13:46:00,ADPT,4.139999866485596,4.139999866485596,4.15500020980835,4.139999866485596,4.15500020980835,3152.0
2024-03-01 13:46:00,ADVM,1.9700000286102295,1.9700000286102295,1.9800000190734863,1.9700000286102295,1.9800000190734863,2337.0
2024-03-01 13:46:00,ADXN,9.180000305175781,9.180000305175781,9.180000305175781,9.100000381469727,9.100000381469727,1252.0
2024-03-01 13:46:00,AFMD,0.6499999761581421,0.6499999761581421,0.6499999761581421,0.6499999761581421,0.6499999761581421,1630.0
2024-03-01 13:46:00,AGEN,0.6760500073432922,0.6760500073432922,0.6767500042915344,0.6740000247955322,0.6767500042915344,6787.0
2024-03-01 13:46:00,AGIO,32.83000183105469,32.83000183105469,32.84000015258789,32.81999969482422,32.83000183105469,3272.0
2024-03-01 13:46:00,AHCO,10.569999694824219,10.569999694824219,10.569999694824219,10.569999694824219,10.569999694824219,326.0
2024-03-01 13:46:00,AIMD,0.9539999961853027,0.9539999961853027,0.9539999961853027,0.9539999961853027,0.9539999961853027,1000.0
2024-03-01 13:46:00,AIRS,6.5,6.5,6.5,6.5,6.5,137.0
2024-03-01 13:46:00,AKAN,0.20999999344348907,0.20999999344348907,0.21369999647140503,0.20999999344348907,0.21369999647140503,4020.0
2024-03-01 13:46:00,AKBA,1.6799999475479126,1.6799999475479126,1.684999942779541,1.6799999475479126,1.684999942779541,204.0
2024-03-01 13:46:00,AKLI,0.3499000072479248,0.3499000072479248,0.3499000072479248,0.3402999937534332,0.3402999937534332,1914.0
2024-03-01 13:46:00,AKRO,29.959999084472656,29.959999084472656,29.979999542236328,29.799999237060547,29.84000015258789,16572.0
2024-03-01 13:46:00,ALDX,4.300000190734863,4.300000190734863,4.30079984664917,4.300000190734863,4.300000190734863,2108.0
2024-03-01 13:46:00,ALEC,7.320000171661377,7.320000171661377,7.329999923706055,7.320000171661377,7.320000171661377,904.0
2024-03-01 13:46:00,ALGS,1.1200000047683716,1.1200000047683716,1.1200000047683716,1.1200000047683716,1.1200000047683716,1677.0
2024-03-01 13:46:00,ALHC,5.664999961853027,5.664999961853027,5.664999961853027,5.639900207519531,5.639900207519531,29424.0
2024-03-01 13:46:00,ALKS,30.229999542236328,30.229999542236328,30.229999542236328,30.219999313354492,30.219999313354492,424.0
2024-03-01 13:46:00,ALLK,1.659999966621399,1.659999966621399,1.659999966621399,1.659999966621399,1.659999966621399,200.0
2024-03-01 13:46:00,ALLO,5.050000190734863,5.050000190734863,5.054999828338623,5.050000190734863,5.050000190734863,525.0
2024-03-01 13:46:00,ALNY,153.3300018310547,153.3300018310547,153.52000427246094,153.3300018310547,153.50999450683594,2264.0
2024-03-01 13:46:00,ALPN,35.900001525878906,35.900001525878906,35.900001525878906,35.900001525878906,35.900001525878906,230.0
2024-03-01 13:46:00,ALT,12.09000015258789,12.09000015258789,12.09000015258789,12.079999923706055,12.079999923706055,1671.0
2024-03-01 13:46:00,ALVR,0.7541999816894531,0.7541999816894531,0.7541999816894531,0.7541999816894531,0.7541999816894531,100.0
2024-03-01 13:46:00,ALXO,15.100000381469727,15.100000381469727,15.119999885559082,15.100000381469727,15.109999656677246,2976.0
2024-03-01 13:46:00,AMGN,281.1700134277344,281.1700134277344,281.18359375,281.131591796875,281.17999267578125,2458.0
2024-03-01 13:46:00,AMPH,45.400001525878906,45.400001525878906,45.46900177001953,45.400001525878906,45.42499923706055,2095.0
2024-03-01 13:46:00,AMRN,1.0549999475479126,1.0549999475479126,1.0585999488830566,1.0499999523162842,1.0549999475479126,30928.0
2024-03-01 13:46:00,ANIP,66.41999816894531,66.41999816894531,66.41999816894531,66.4000015258789,66.4000015258789,619.0
2024-03-01 13:46:00,ANNX,6.139999866485596,6.139999866485596,6.150000095367432,6.139999866485596,6.139999866485596,312.0
2024-03-01 13:46:00,APLS,65.13999938964844,65.13999938964844,65.13999938964844,65.05000305175781,65.12000274658203,6796.0
2024-03-01 13:46:00,APLT,7.170000076293945,7.170000076293945,7.170000076293945,7.170000076293945,7.170000076293945,1600.0
2024-03-01 13:46:00,AQST,4.28000020980835,4.28000020980835,4.309999942779541,4.28000020980835,4.299699783325195,9154.0
2024-03-01 13:46:00,ARCT,39.790000915527344,39.790000915527344,39.85499954223633,39.790000915527344,39.85499954223633,812.0
2024-03-01 13:46:00,ARDX,9.461199760437012,9.461199760437012,9.475000381469727,9.461199760437012,9.470199584960938,3352.0
2024-03-01 13:46:00,ARQT,11.859999656677246,11.859999656677246,11.859999656677246,11.805000305175781,11.805000305175781,9658.0
2024-03-01 13:46:00,ARWR,35.76499938964844,35.76499938964844,35.810001373291016,35.75,35.810001373291016,3194.0
2024-03-01 13:46:00,ASND,152.6300048828125,152.6300048828125,152.6699981689453,152.5399932861328,152.5399932861328,338.0
2024-03-01 13:46:00,ASRT,0.9017999768257141,0.9017999768257141,0.9049000144004822,0.9017999768257141,0.9049000144004822,1101.0
2024-03-01 13:46:00,ATAI,2.1558001041412354,2.1558001041412354,2.1558001041412354,2.154900074005127,2.154900074005127,685.0
2024-03-01 13:46:00,ATEC,13.425000190734863,13.425000190734863,13.425000190734863,13.425000190734863,13.425000190734863,310.0
2024-03-01 13:46:00,ATHA,4.0,4.0,4.0,4.0,4.0,252.0
2024-03-01 13:46:00,ATOS,1.0099999904632568,1.0099999904632568,1.0099999904632568,1.0099999904632568,1.0099999904632568,100.0
2024-03-01 13:46:00,ATRA,0.7854999899864197,0.7854999899864197,0.7854999899864197,0.785099983215332,0.785099983215332,2200.0
2024-03-01 13:46:00,AUGX,4.519999980926514,4.519999980926514,4.519999980926514,4.519999980926514,4.519999980926514,967.0
2024-03-01 13:46:00,AUPH,5.840000152587891,5.840000152587891,5.855000019073486,5.829999923706055,5.849999904632568,15099.0
2024-03-01 13:46:00,AUTL,6.369999885559082,6.369999885559082,6.380000114440918,6.364999771118164,6.380000114440918,5555.0
2024-03-01 13:46:00,AVDL,13.25,13.25,13.25,13.25,13.25,1212.0
2024-03-01 13:46:00,AVIR,4.494999885559082,4.494999885559082,4.494999885559082,4.494999885559082,4.494999885559082,208.0
2024-03-01 13:46:00,AVXL,5.315000057220459,5.315000057220459,5.315000057220459,5.309999942779541,5.309999942779541,810.0
2024-03-01 13:46:00,AXNX,67.9000015258789,67.9000015258789,67.91500091552734,67.9000015258789,67.91500091552734,5927.0
2024-03-01 13:46:00,AXSM,82.25,82.25,82.25,82.24500274658203,82.24500274658203,787.0
2024-03-01 13:46:00,AZN,64.70500183105469,64.70500183105469,64.70999908447266,64.69999694824219,64.70999908447266,7424.0
2024-03-01 13:46:00,AZTA,66.77999877929688,66.77999877929688,66.79000091552734,66.77999877929688,66.79000091552734,1223.0
2024-03-01 13:46:00,BBLG,2.4000000953674316,2.4000000953674316,2.440000057220459,2.4000000953674316,2.440000057220459,2749.0
2024-03-01 13:46:00,BCAB,2.7149999141693115,2.7149999141693115,2.7149999141693115,2.7149999141693115,2.7149999141693115,180.0
2024-03-01 13:46:00,BCRX,5.710000038146973,5.710000038146973,5.71750020980835,5.710000038146973,5.71750020980835,4342.0
2024-03-01 13:46:00,BCYC,26.200000762939453,26.200000762939453,26.209999084472656,26.190000534057617,26.200000762939453,980.0
2024-03-01 13:46:00,BEAM,40.650001525878906,40.650001525878906,40.71500015258789,40.63999938964844,40.71500015258789,6142.0
2024-03-01 13:46:00,BGXX,0.26930001378059387,0.26930001378059387,0.2694000005722046,0.26930001378059387,0.2694000005722046,2408.0
2024-03-01 13:46:00,BIIB,221.22999572753906,221.22999572753906,221.22999572753906,221.22999572753906,221.22999572753906,754.0
2024-03-01 13:46:00,BIOL,0.14399999380111694,0.14399999380111694,0.1444000005722046,0.1436000019311905,0.1444000005722046,30446.0
2024-03-01 13:46:00,BIOR,1.089900016784668,1.089900016784668,1.089900016784668,1.0800000429153442,1.0800000429153442,3100.0
2024-03-01 13:46:00,BIVI,2.1298999786376953,2.1298999786376953,2.1649999618530273,2.0899999141693115,2.1600000858306885,313299.0
2024-03-01 13:46:00,BLFS,18.170000076293945,18.170000076293945,18.170000076293945,18.170000076293945,18.170000076293945,125.0
2024-03-01 13:46:00,BLUE,1.6074999570846558,1.6074999570846558,1.6100000143051147,1.6050000190734863,1.6050000190734863,7607.0
2024-03-01 13:46:00,BMEA,18.229999542236328,18.229999542236328,18.239999771118164,18.229999542236328,18.239999771118164,638.0
2024-03-01 13:46:00,BMRN,87.95999908447266,87.95999908447266,88.0199966430664,87.95999908447266,87.9800033569336,18921.0
2024-03-01 13:46:00,BNGO,1.2698999643325806,1.2698999643325806,1.2698999643325806,1.2698999643325806,1.2698999643325806,201.0
2024-03-01 13:46:00,BNTX,91.32499694824219,91.32499694824219,91.32499694824219,91.32499694824219,91.32499694824219,106.0
2024-03-01 13:46:00,BRKR,88.25,88.25,88.27999877929688,88.25,88.25,1980.0
2024-03-01 13:46:00,BSGM,0.6775000095367432,0.6775000095367432,0.6775000095367432,0.6775000095367432,0.6775000095367432,226.0
2024-03-01 13:46:00,BTTX,0.18039999902248383,0.18039999902248383,0.18199999630451202,0.18039999902248383,0.18160000443458557,35345.0
2024-03-01 13:46:00,BWAY,6.53000020980835,6.53000020980835,6.53000020980835,6.53000020980835,6.53000020980835,492.0
2024-03-01 13:46:00,BYSI,1.5099999904632568,1.5099999904632568,1.5099999904632568,1.5099999904632568,1.5099999904632568,150.0
2024-03-01 13:46:00,CABA,24.110000610351562,24.110000610351562,24.110000610351562,24.110000610351562,24.110000610351562,1036.0
2024-03-01 13:46:00,CADL,1.7400000095367432,1.7400000095367432,1.7400000095367432,1.7400000095367432,1.7400000095367432,200.0
2024-03-01 13:46:00,CBAY,32.22999954223633,32.22999954223633,32.2400016784668,32.22999954223633,32.23080062866211,4561.0
2024-03-01 13:46:00,CCCC,10.989999771118164,10.989999771118164,10.990099906921387,10.989999771118164,10.990099906921387,441.0
2024-03-01 13:46:00,CCRN,18.19499969482422,18.19499969482422,18.19499969482422,18.19499969482422,18.19499969482422,284.0
2024-03-01 13:46:00,CDMO,8.100000381469727,8.100000381469727,8.100000381469727,8.100000381469727,8.100000381469727,2523.0
2024-03-01 13:46:00,CDNA,12.319999694824219,12.319999694824219,12.390000343322754,12.319999694824219,12.390000343322754,3506.0
2024-03-01 13:46:00,CDTX,0.7204999923706055,0.7204999923706055,0.7204999923706055,0.7204999923706055,0.7204999923706055,200.0
2024-03-01 13:46:00,CDXS,4.559999942779541,4.559999942779541,4.570000171661377,4.550000190734863,4.550000190734863,2375.0
2024-03-01 13:46:00,CERE,41.10499954223633,41.10499954223633,41.11000061035156,41.099998474121094,41.099998474121094,1751.0
2024-03-01 13:46:00,CERS,2.200000047683716,2.200000047683716,2.200000047683716,2.200000047683716,2.200000047683716,3035.0
2024-03-01 13:46:00,CERT,17.889999389648438,17.889999389648438,17.899999618530273,17.889999389648438,17.899999618530273,646.0
2024-03-01 13:46:00,CGC,3.2400999069213867,3.2400999069213867,3.2400999069213867,3.2400999069213867,3.2400999069213867,304.0
2024-03-01 13:46:00,CGEM,18.670000076293945,18.670000076293945,18.739999771118164,18.670000076293945,18.739999771118164,8874.0
2024-03-01 13:46:00,CGEN,2.690000057220459,2.690000057220459,2.690000057220459,2.690000057220459,2.690000057220459,1010.0
2024-03-01 13:46:00,CHRS,2.4200000762939453,2.4200000762939453,2.430000066757202,2.4200000762939453,2.424999952316284,1700.0
2024-03-01 13:46:00,CJJD,2.890000104904175,2.890000104904175,2.890000104904175,2.890000104904175,2.890000104904175,1196.0
2024-03-01 13:46:00,CKPT,2.200000047683716,2.200000047683716,2.200000047683716,2.200000047683716,2.200000047683716,100.0
2024-03-01 13:46:00,CLDX,52.516300201416016,52.516300201416016,52.560001373291016,52.45000076293945,52.494998931884766,5760.0
2024-03-01 13:46:00,CLNN,0.3925490081310272,0.3925490081310272,0.3925490081310272,0.3925490081310272,0.3925490081310272,127.0
2024-03-01 13:46:00,CLOV,0.8701000213623047,0.8701000213623047,0.870199978351593,0.8701000213623047,0.8701000213623047,20456.0
2024-03-01 13:46:00,CLPT,6.684999942779541,6.684999942779541,6.690000057220459,6.684999942779541,6.690000057220459,1073.0
2024-03-01 13:46:00,CLRB,4.130000114440918,4.130000114440918,4.135000228881836,4.130000114440918,4.135000228881836,820.0
2024-03-01 13:46:00,CMPS,11.34000015258789,11.34000015258789,11.390000343322754,11.34000015258789,11.375,1333.0
2024-03-01 13:46:00,CNTA,10.930000305175781,10.930000305175781,10.930000305175781,10.930000305175781,10.930000305175781,266.0
2024-03-01 13:46:00,COGT,7.170000076293945,7.170000076293945,7.170000076293945,7.170000076293945,7.170000076293945,500.0
2024-03-01 13:46:00,CORT,24.350000381469727,24.350000381469727,24.350000381469727,24.34000015258789,24.34000015258789,971.0
2024-03-01 13:46:00,CPRX,17.420000076293945,17.420000076293945,17.420000076293945,17.389999389648438,17.40999984741211,8690.0
2024-03-01 13:46:00,CRBU,7.934999942779541,7.934999942779541,7.940000057220459,7.929999828338623,7.934999942779541,5556.0
2024-03-01 13:46:00,CRDF,2.5199999809265137,2.5199999809265137,2.5199999809265137,2.490299940109253,2.4923999309539795,22464.0
2024-03-01 13:46:00,CRDL,1.9500000476837158,1.9500000476837158,1.9500000476837158,1.934999942779541,1.9450000524520874,12596.0
2024-03-01 13:46:00,CRMD,3.7211999893188477,3.7211999893188477,3.7211999893188477,3.7211999893188477,3.7211999893188477,1010.0
2024-03-01 13:46:00,CRNX,46.47999954223633,46.47999954223633,46.540000915527344,46.459999084472656,46.459999084472656,451.0
2024-03-01 13:46:00,CRSP,85.7699966430664,85.7699966430664,85.81500244140625,85.76000213623047,85.79000091552734,1209.0
2024-03-01 13:46:00,CSTL,20.0,20.0,20.0,19.989999771118164,19.989999771118164,734.0
2024-03-01 13:46:00,CTKB,8.875,8.875,8.875,8.875,8.875,200.0
2024-03-01 13:46:00,CTMX,2.5850000381469727,2.5850000381469727,2.5899999141693115,2.5850000381469727,2.5850000381469727,1000.0
2024-03-01 13:46:00,CTXR,0.7702000141143799,0.7702000141143799,0.7702000141143799,0.7700999975204468,0.7702000141143799,2311.0
2024-03-01 13:46:00,CUTR,2.390000104904175,2.390000104904175,2.390000104904175,2.390000104904175,2.390000104904175,100.0
2024-03-01 13:46:00,CVAC,3.494999885559082,3.494999885559082,3.494999885559082,3.494999885559082,3.494999885559082,803.0
2024-03-01 13:46:00,CYCC,2.808300018310547,2.808300018310547,2.808300018310547,2.808300018310547,2.808300018310547,100.0
2024-03-01 13:46:00,CYTK,72.70500183105469,72.70500183105469,72.76000213623047,72.62000274658203,72.76000213623047,3895.0
2024-03-01 13:46:00,CYTO,2.2799999713897705,2.2799999713897705,2.2799999713897705,2.2799999713897705,2.2799999713897705,394.0
2024-03-01 13:46:00,DAWN,17.549999237060547,17.549999237060547,17.549999237060547,17.540000915527344,17.549999237060547,5800.0
2024-03-01 13:46:00,DCGO,4.200900077819824,4.200900077819824,4.200900077819824,4.200900077819824,4.200900077819824,464.0
2024-03-01 13:46:00,DCPH,17.450000762939453,17.450000762939453,17.450000762939453,17.399999618530273,17.43000030517578,4742.0
2024-03-01 13:46:00,DH,8.850000381469727,8.850000381469727,8.859999656677246,8.850000381469727,8.859999656677246,880.0
2024-03-01 13:46:00,DMTK,0.8431010246276855,0.8431010246276855,0.8549000024795532,0.8431010246276855,0.854889988899231,1377.0
2024-03-01 13:46:00,DNLI,21.260000228881836,21.260000228881836,21.260000228881836,21.19499969482422,21.19499969482422,2883.0
2024-03-01 13:46:00,DRRX,1.0,1.0,1.0,1.0,1.0,261.0
2024-03-01 13:46:00,DVAX,12.869999885559082,12.869999885559082,12.875,12.869999885559082,12.869999885559082,1965.0
2024-03-01 13:46:00,DXCM,121.83000183105469,121.83000183105469,121.83000183105469,121.61000061035156,121.6500015258789,12147.0
2024-03-01 13:46:00,DYN,28.850000381469727,28.850000381469727,28.8700008392334,28.850000381469727,28.8700008392334,378.0
2024-03-01 13:46:00,EDAP,6.795000076293945,6.795000076293945,6.800000190734863,6.795000076293945,6.800000190734863,200.0
2024-03-01 13:46:00,EDIT,10.930000305175781,10.930000305175781,10.930000305175781,10.909899711608887,10.909899711608887,5170.0
2024-03-01 13:46:00,EFTR,15.25,15.25,15.25,15.25,15.25,606.0
2024-03-01 13:46:00,ELEV,5.0,5.0,5.03000020980835,5.0,5.014999866485596,1501.0
2024-03-01 13:46:00,ENSG,122.16999816894531,122.16999816894531,122.26000213623047,122.12999725341797,122.26000213623047,1241.0
2024-03-01 13:46:00,ENTA,15.364999771118164,15.364999771118164,15.364999771118164,15.364999771118164,15.364999771118164,200.0
2024-03-01 13:46:00,ENVB,1.5154999494552612,1.5154999494552612,1.5154999494552612,1.5099999904632568,1.5099999904632568,733.0
2024-03-01 13:46:00,EPIX,9.539999961853027,9.539999961853027,9.539999961853027,9.539999961853027,9.539999961853027,100.0
2024-03-01 13:46:00,EQ,2.490000009536743,2.490000009536743,2.490000009536743,2.490000009536743,2.490000009536743,151.0
2024-03-01 13:46:00,ERAS,2.484999895095825,2.484999895095825,2.484999895095825,2.484999895095825,2.484999895095825,110.0
2024-03-01 13:46:00,ESPR,2.5350000858306885,2.5350000858306885,2.5350000858306885,2.5350000858306885,2.5350000858306885,1761.0
2024-03-01 13:46:00,ESTA,45.220001220703125,45.220001220703125,45.36000061035156,45.220001220703125,45.36000061035156,871.0
2024-03-01 13:46:00,ETNB,13.069999694824219,13.069999694824219,13.079999923706055,13.0649995803833,13.0649995803833,7146.0
2024-03-01 13:46:00,EXAS,59.994998931884766,59.994998931884766,60.0099983215332,59.9900016784668,60.0099983215332,801.0
2024-03-01 13:46:00,EXEL,22.479999542236328,22.479999542236328,22.479999542236328,22.475000381469727,22.475000381469727,795.0
2024-03-01 13:46:00,EYEN,2.4100000858306885,2.4100000858306885,2.4100000858306885,2.3901000022888184,2.3901000022888184,5205.0
2024-03-01 13:46:00,EYPT,28.010000228881836,28.010000228881836,28.010000228881836,28.010000228881836,28.010000228881836,123.0
2024-03-01 13:46:00,FATE,7.735000133514404,7.735000133514404,7.735000133514404,7.735000133514404,7.735000133514404,335.0
2024-03-01 13:46:00,FDMT,29.440000534057617,29.440000534057617,29.440000534057617,29.399999618530273,29.399999618530273,1586.0
2024-03-01 13:46:00,FOLD,13.375,13.375,13.380000114440918,13.369999885559082,13.369999885559082,3999.0
2024-03-01 13:46:00,FULC,11.100000381469727,11.100000381469727,11.125,11.100000381469727,11.125,1931.0
2024-03-01 13:46:00,FUSN,12.390000343322754,12.390000343322754,12.399999618530273,12.390000343322754,12.390000343322754,523.0
2024-03-01 13:46:00,GANX,4.639999866485596,4.639999866485596,4.639999866485596,4.639999866485596,4.639999866485596,109.0
2024-03-01 13:46:00,GBIO,2.619999885559082,2.619999885559082,2.625,2.615000009536743,2.625,16974.0
2024-03-01 13:46:00,GDRX,8.380000114440918,8.380000114440918,8.390000343322754,8.380000114440918,8.390000343322754,2498.0
2024-03-01 13:46:00,GERN,2.2799999713897705,2.2799999713897705,2.2799999713897705,2.2716000080108643,2.2799999713897705,10245.0
2024-03-01 13:46:00,GH,19.079999923706055,19.079999923706055,19.09000015258789,19.075000762939453,19.075000762939453,1008.0
2024-03-01 13:46:00,GILD,72.36499786376953,72.36499786376953,72.37580108642578,72.36499786376953,72.375,5951.0
2024-03-01 13:46:00,GLPG,35.060001373291016,35.060001373291016,35.060001373291016,35.060001373291016,35.060001373291016,447.0
2024-03-01 13:46:00,GLYC,3.0399999618530273,3.0399999618530273,3.0399999618530273,3.0399999618530273,3.0399999618530273,200.0
2024-03-01 13:46:00,GMAB,29.40999984741211,29.40999984741211,29.40999984741211,29.40999984741211,29.40999984741211,631.0
2024-03-01 13:46:00,GMDA,0.3788999915122986,0.3788999915122986,0.3788999915122986,0.3749000132083893,0.3749000132083893,13109.0
2024-03-01 13:46:00,GOSS,1.4149999618530273,1.4149999618530273,1.4149999618530273,1.409999966621399,1.409999966621399,5101.0
2024-03-01 13:46:00,GRFS,7.079999923706055,7.079999923706055,7.079999923706055,7.079999923706055,7.079999923706055,174.0
2024-03-01 13:46:00,GRPH,3.4600000381469727,3.4600000381469727,3.4649999141693115,3.4600000381469727,3.4649999141693115,400.0
2024-03-01 13:46:00,GRTS,2.140000104904175,2.140000104904175,2.140000104904175,2.130000114440918,2.134999990463257,5450.0
2024-03-01 13:46:00,GRTX,0.22989900410175323,0.22989900410175323,0.22989900410175323,0.22750000655651093,0.22750000655651093,1495.0
2024-03-01 13:46:00,GTHX,3.759999990463257,3.759999990463257,3.7750000953674316,3.759999990463257,3.7750000953674316,3034.0
2024-03-01 13:46:00,HALO,41.375,41.375,41.38999938964844,41.375,41.38999938964844,1019.0
2024-03-01 13:46:00,HBIO,4.320000171661377,4.320000171661377,4.320000171661377,4.320000171661377,4.320000171661377,278.0
2024-03-01 13:46:00,HCAT,8.085000038146973,8.085000038146973,8.09000015258789,8.085000038146973,8.09000015258789,770.0
2024-03-01 13:46:00,HCSG,12.609999656677246,12.609999656677246,12.609999656677246,12.609999656677246,12.609999656677246,110.0
2024-03-01 13:46:00,HCTI,2.400099992752075,2.400099992752075,2.4100000858306885,2.400099992752075,2.4100000858306885,445.0
2024-03-01 13:46:00,HCWB,1.5499999523162842,1.5499999523162842,1.5999000072479248,1.5499999523162842,1.5999000072479248,2752.0
2024-03-01 13:46:00,HLTH,0.2750000059604645,0.2750000059604645,0.2750000059604645,0.27497801184654236,0.27497801184654236,261.0
2024-03-01 13:46:00,HLVX,19.040000915527344,19.040000915527344,19.040000915527344,19.030000686645508,19.030000686645508,200.0
2024-03-01 13:46:00,HOLX,74.13999938964844,74.13999938964844,74.13999938964844,74.125,74.125,830.0
2024-03-01 13:46:00,HROW,10.890000343322754,10.890000343322754,10.890000343322754,10.880000114440918,10.880000114440918,1192.0
2024-03-01 13:46:00,HRTX,2.5950000286102295,2.5950000286102295,2.5975000858306885,2.5899999141693115,2.5899999141693115,1364.0
2024-03-01 13:46:00,HSCS,0.11739999800920486,0.11739999800920486,0.11739999800920486,0.11739999800920486,0.11739999800920486,2296.0
2024-03-01 13:46:00,HSIC,76.80999755859375,76.80999755859375,76.87000274658203,76.80999755859375,76.87000274658203,1831.0
2024-03-01 13:46:00,HUGE,0.9104999899864197,0.9104999899864197,0.9104999899864197,0.9104999899864197,0.9104999899864197,1002.0
2024-03-01 13:46:00,HUMA,3.2850000858306885,3.2850000858306885,3.2960000038146973,3.2799999713897705,3.2899999618530273,10842.0
2024-03-01 13:46:00,IART,36.54999923706055,36.54999923706055,36.54999923706055,36.525001525878906,36.525001525878906,1621.0
2024-03-01 13:46:00,IBRX,4.840000152587891,4.840000152587891,4.8460001945495605,4.840000152587891,4.8460001945495605,4435.0
2024-03-01 13:46:00,ICLR,322.4200134277344,322.4200134277344,322.4200134277344,322.4200134277344,322.4200134277344,100.0
2024-03-01 13:46:00,ICUI,105.91000366210938,105.91000366210938,106.05500030517578,105.91000366210938,106.05500030517578,1552.0
2024-03-01 13:46:00,IDXX,580.0999755859375,580.0999755859375,580.3400268554688,579.969970703125,580.3400268554688,922.0
2024-03-01 13:46:00,IDYA,46.880001068115234,46.880001068115234,46.88999938964844,46.880001068115234,46.880001068115234,678.0
2024-03-01 13:46:00,IGMS,13.270000457763672,13.270000457763672,13.289999961853027,13.260000228881836,13.260000228881836,1134.0
2024-03-01 13:46:00,IINN,1.690000057220459,1.690000057220459,1.690000057220459,1.6899000406265259,1.6899000406265259,279.0
2024-03-01 13:46:00,IKNA,1.4723000526428223,1.4723000526428223,1.4723000526428223,1.4723000526428223,1.4723000526428223,114.0
2024-03-01 13:46:00,ILMN,142.3300018310547,142.3300018310547,142.3800048828125,142.3300018310547,142.3800048828125,1611.0
2024-03-01 13:46:00,IMCC,0.32190001010894775,0.32190001010894775,0.32190001010894775,0.32190001010894775,0.32190001010894775,329.0
2024-03-01 13:46:00,IMNM,25.459999084472656,25.459999084472656,25.459999084472656,25.43000030517578,25.43000030517578,252.0
2024-03-01 13:46:00,IMUX,1.4700000286102295,1.4700000286102295,1.4700000286102295,1.4700000286102295,1.4700000286102295,161.0
2024-03-01 13:46:00,IMVT,35.88999938964844,35.88999938964844,35.9900016784668,35.88999938964844,35.9900016784668,3918.0
2024-03-01 13:46:00,INCY,59.40999984741211,59.40999984741211,59.470001220703125,59.40999984741211,59.470001220703125,2293.0
2024-03-01 13:46:00,INGN,6.78000020980835,6.78000020980835,6.78000020980835,6.769999980926514,6.78000020980835,550.0
2024-03-01 13:46:00,INMD,22.829999923706055,22.829999923706055,22.829999923706055,22.829999923706055,22.829999923706055,1307.0
2024-03-01 13:46:00,INO,9.569999694824219,9.569999694824219,9.569999694824219,9.569999694824219,9.569999694824219,440.0
2024-03-01 13:46:00,INSM,28.260000228881836,28.260000228881836,28.260000228881836,28.260000228881836,28.260000228881836,431.0
2024-03-01 13:46:00,INVO,1.2200000286102295,1.2200000286102295,1.2200000286102295,1.2200000286102295,1.2200000286102295,100.0
2024-03-01 13:46:00,IONS,45.9900016784668,45.9900016784668,46.0,45.974998474121094,45.974998474121094,1018.0
2024-03-01 13:46:00,IOVA,17.079999923706055,17.079999923706055,17.100000381469727,17.075000762939453,17.094999313354492,15411.0
2024-03-01 13:46:00,IPSC,3.869999885559082,3.869999885559082,3.869999885559082,3.869999885559082,3.869999885559082,300.0
2024-03-01 13:46:00,IRMD,41.849998474121094,41.849998474121094,41.849998474121094,41.849998474121094,41.849998474121094,114.0
2024-03-01 13:46:00,IRTC,121.36499786376953,121.36499786376953,121.47879791259766,121.36499786376953,121.47879791259766,1308.0
2024-03-01 13:46:00,IRWD,9.03499984741211,9.03499984741211,9.039999961853027,9.029999732971191,9.03499984741211,3715.0
2024-03-01 13:46:00,ISRG,395.5,395.5,395.5,395.1600036621094,395.1600036621094,4170.0
2024-03-01 13:46:00,ITCI,71.76000213623047,71.76000213623047,71.76000213623047,71.76000213623047,71.76000213623047,434.0
2024-03-01 13:46:00,ITOS,11.229999542236328,11.229999542236328,11.229999542236328,11.229999542236328,11.229999542236328,111.0
2024-03-01 13:46:00,IXHL,5.5,5.5,5.5,5.5,5.5,500.0
2024-03-01 13:46:00,JAGX,0.0737999975681305,0.0737999975681305,0.07400000095367432,0.07270000129938126,0.07270000129938126,142366.0
2024-03-01 13:46:00,JANX,46.0,46.0,46.16999816894531,45.900001525878906,46.0,4902.0
2024-03-01 13:46:00,JAZZ,119.45500183105469,119.45500183105469,119.45500183105469,119.44999694824219,119.44999694824219,591.0
2024-03-01 13:46:00,JYNT,9.989999771118164,9.989999771118164,9.989999771118164,9.970000267028809,9.970000267028809,575.0
2024-03-01 13:46:00,KALV,14.210000038146973,14.210000038146973,14.210000038146973,14.1899995803833,14.199999809265137,1009.0
2024-03-01 13:46:00,KNSA,21.80500030517578,21.80500030517578,21.829999923706055,21.80500030517578,21.829999923706055,211.0
2024-03-01 13:46:00,KNTE,2.6050000190734863,2.6050000190734863,2.6050000190734863,2.5999999046325684,2.5999999046325684,300.0
2024-03-01 13:46:00,KPTI,1.1950000524520874,1.1950000524520874,1.1950000524520874,1.1900999546051025,1.1950000524520874,1920.0
2024-03-01 13:46:00,KRYS,169.4199981689453,169.4199981689453,169.4199981689453,169.4199981689453,169.4199981689453,428.0
2024-03-01 13:46:00,KTRA,0.09910000115633011,0.09910000115633011,0.09910000115633011,0.09910000115633011,0.09910000115633011,204.0
2024-03-01 13:46:00,KURA,21.81999969482422,21.81999969482422,21.81999969482422,21.81999969482422,21.81999969482422,107.0
2024-03-01 13:46:00,KYMR,44.16999816894531,44.16999816894531,44.20500183105469,44.16999816894531,44.20500183105469,1548.0
2024-03-01 13:46:00,KZR,1.0850000381469727,1.0850000381469727,1.090000033378601,1.0850000381469727,1.090000033378601,1360.0
2024-03-01 13:46:00,LAB,2.4600000381469727,2.4600000381469727,2.4649999141693115,2.4600000381469727,2.4649999141693115,1814.0
2024-03-01 13:46:00,LBPH,21.844999313354492,21.844999313354492,21.844999313354492,21.844999313354492,21.844999313354492,482.0
2024-03-01 13:46:00,LEXX,2.8589999675750732,2.8589999675750732,2.8589999675750732,2.8589999675750732,2.8589999675750732,226.0
2024-03-01 13:46:00,LFMD,7.989999771118164,7.989999771118164,8.0,7.980000019073486,8.0,7333.0
2024-03-01 13:46:00,LGND,77.75,77.75,77.75,77.75,77.75,307.0
2024-03-01 13:46:00,LGVN,0.5404999852180481,0.5404999852180481,0.5404999852180481,0.5321000218391418,0.5321000218391418,208.0
2024-03-01 13:46:00,LIFE,1.9293999671936035,1.9293999671936035,1.9293999671936035,1.9293999671936035,1.9293999671936035,577.0
2024-03-01 13:46:00,LMAT,68.04000091552734,68.04000091552734,68.30999755859375,68.04000091552734,68.23999786376953,306.0
2024-03-01 13:46:00,LNTH,65.12999725341797,65.12999725341797,65.12999725341797,65.12999725341797,65.12999725341797,601.0
2024-03-01 13:46:00,LPTX,2.9000000953674316,2.9000000953674316,2.9000000953674316,2.9000000953674316,2.9000000953674316,2420.0
2024-03-01 13:46:00,LQDA,14.69950008392334,14.69950008392334,14.69950008392334,14.69950008392334,14.69950008392334,503.0
2024-03-01 13:46:00,LUNG,9.470000267028809,9.470000267028809,9.470000267028809,9.460000038146973,9.460000038146973,4246.0
2024-03-01 13:46:00,LXRX,2.515000104904175,2.515000104904175,2.5250000953674316,2.509999990463257,2.520900011062622,6568.0
2024-03-01 13:46:00,LYEL,3.200000047683716,3.200000047683716,3.200000047683716,3.194999933242798,3.194999933242798,1058.0
2024-03-01 13:46:00,LYRA,5.639999866485596,5.639999866485596,5.670000076293945,5.639999866485596,5.650000095367432,990.0
2024-03-01 13:46:00,MACK,14.699999809265137,14.699999809265137,14.699999809265137,14.699999809265137,14.699999809265137,217.0
2024-03-01 13:46:00,MASI,128.77999877929688,128.77999877929688,128.77999877929688,128.77999877929688,128.77999877929688,214.0
2024-03-01 13:46:00,MBRX,0.6367999911308289,0.6367999911308289,0.6367999911308289,0.6367999911308289,0.6367999911308289,213.0
2024-03-01 13:46:00,MCRB,1.2050000429153442,1.2050000429153442,1.2050000429153442,1.2000000476837158,1.2000000476837158,232.0
2024-03-01 13:46:00,MDGL,251.32000732421875,251.32000732421875,251.64999389648438,251.32000732421875,251.64999389648438,857.0
2024-03-01 13:46:00,MDRX,6.0,6.0,6.0,5.980000019073486,5.980000019073486,9115.0
2024-03-01 13:46:00,ME,0.5746999979019165,0.5746999979019165,0.5758000016212463,0.5746999979019165,0.5758000016212463,2244.0
2024-03-01 13:46:00,MGNX,19.100000381469727,19.100000381469727,19.130300521850586,19.100000381469727,19.130300521850586,2605.0
2024-03-01 13:46:00,MGTX,6.489999771118164,6.489999771118164,6.489999771118164,6.489999771118164,6.489999771118164,100.0
2024-03-01 13:46:00,MIRM,29.719999313354492,29.719999313354492,29.750999450683594,29.719999313354492,29.750999450683594,447.0
2024-03-01 13:46:00,MIST,1.7300000190734863,1.7300000190734863,1.75,1.7300000190734863,1.7400000095367432,976.0
2024-03-01 13:46:00,MNKD,4.553800106048584,4.553800106048584,4.559999942779541,4.553800106048584,4.559999942779541,33889.0
2024-03-01 13:46:00,MNMD,6.21999979019165,6.21999979019165,6.224999904632568,6.219900131225586,6.224999904632568,3398.0
2024-03-01 13:46:00,MODD,1.8899999856948853,1.8899999856948853,1.8899999856948853,1.8899999856948853,1.8899999856948853,300.0
2024-03-01 13:46:00,MOR,17.559999465942383,17.559999465942383,17.559999465942383,17.559999465942383,17.559999465942383,380.0
2024-03-01 13:46:00,MORF,39.43000030517578,39.43000030517578,39.43000030517578,39.43000030517578,39.43000030517578,361.0
2024-03-01 13:46:00,MREO,3.984999895095825,3.984999895095825,3.990000009536743,3.984999895095825,3.990000009536743,1394.0
2024-03-01 13:46:00,MRNA,95.8499984741211,95.8499984741211,95.91000366210938,95.83999633789062,95.91000366210938,1524.0
2024-03-01 13:46:00,MRNS,10.359999656677246,10.359999656677246,10.390000343322754,10.359999656677246,10.390000343322754,1355.0
2024-03-01 13:46:00,MRSN,5.954999923706055,5.954999923706055,5.980000019073486,5.954999923706055,5.971199989318848,4171.0
2024-03-01 13:46:00,MRUS,51.13999938964844,51.13999938964844,51.13999938964844,51.09000015258789,51.099998474121094,1177.0
2024-03-01 13:46:00,MRVI,7.704999923706055,7.704999923706055,7.710000038146973,7.704999923706055,7.710000038146973,2231.0
2024-03-01 13:46:00,MXCT,4.764999866485596,4.764999866485596,4.764999866485596,4.760000228881836,4.764999866485596,653.0
2024-03-01 13:46:00,MYGN,21.959999084472656,21.959999084472656,21.959999084472656,21.959999084472656,21.959999084472656,357.0
2024-03-01 13:46:00,NARI,45.399898529052734,45.399898529052734,45.400001525878906,45.29999923706055,45.29999923706055,6100.0
2024-03-01 13:46:00,NBIX,132.42999267578125,132.42999267578125,132.42999267578125,132.42999267578125,132.42999267578125,2147.0
2024-03-01 13:46:00,NEO,16.040000915527344,16.040000915527344,16.040000915527344,16.040000915527344,16.040000915527344,323.0
2024-03-01 13:46:00,NEOG,17.385000228881836,17.385000228881836,17.385000228881836,17.375,17.3799991607666,2635.0
2024-03-01 13:46:00,NKTR,0.7730370163917542,0.7730370163917542,0.7730370163917542,0.7730370163917542,0.7730370163917542,5000.0
2024-03-01 13:46:00,NKTX,12.8100004196167,12.8100004196167,12.84000015258789,12.8100004196167,12.84000015258789,288.0
2024-03-01 13:46:00,NMTC,1.2395000457763672,1.2395000457763672,1.2395000457763672,1.2395000457763672,1.2395000457763672,1826.0
2024-03-01 13:46:00,NNOX,11.024999618530273,11.024999618530273,11.055000305175781,11.020000457763672,11.055000305175781,2913.0
2024-03-01 13:46:00,NOTV,8.154999732971191,8.154999732971191,8.154999732971191,8.154999732971191,8.154999732971191,331.0
2024-03-01 13:46:00,NRBO,5.923500061035156,5.923500061035156,5.923500061035156,5.923500061035156,5.923500061035156,2800.0
2024-03-01 13:46:00,NRC,40.63999938964844,40.63999938964844,40.63999938964844,40.61000061035156,40.630001068115234,950.0
2024-03-01 13:46:00,NRIX,13.729999542236328,13.729999542236328,13.729999542236328,13.699999809265137,13.699999809265137,1170.0
2024-03-01 13:46:00,NRXP,0.4237009882926941,0.4237009882926941,0.4237009882926941,0.4235999882221222,0.4237009882926941,8069.0
2024-03-01 13:46:00,NTLA,33.505001068115234,33.505001068115234,33.5099983215332,33.5,33.5099983215332,1703.0
2024-03-01 13:46:00,NTRA,89.31999969482422,89.31999969482422,89.31999969482422,89.31500244140625,89.31500244140625,553.0
2024-03-01 13:46:00,NUTX,0.11299999803304672,0.11299999803304672,0.11309999972581863,0.11299999803304672,0.11299999803304672,1302.0
2024-03-01 13:46:00,NVAX,5.202000141143799,5.202000141143799,5.215000152587891,5.199999809265137,5.215000152587891,16596.0
2024-03-01 13:46:00,NVCR,16.040000915527344,16.040000915527344,16.040000915527344,16.040000915527344,16.040000915527344,294.0
2024-03-01 13:46:00,NXTC,1.75,1.75,1.75,1.75,1.75,200.0
2024-03-01 13:46:00,OCGN,0.9697999954223633,0.9697999954223633,0.9699000120162964,0.9696999788284302,0.9699000120162964,6832.0
2024-03-01 13:46:00,OCUL,10.829999923706055,10.829999923706055,10.830100059509277,10.821900367736816,10.829999923706055,3651.0
2024-03-01 13:46:00,OFIX,12.899999618530273,12.899999618530273,12.899999618530273,12.899999618530273,12.899999618530273,128.0
2024-03-01 13:46:00,OGI,2.185800075531006,2.185800075531006,2.185800075531006,2.185800075531006,2.185800075531006,106.0
2024-03-01 13:46:00,OLK,23.045000076293945,23.045000076293945,23.049999237060547,23.045000076293945,23.045000076293945,530.0
2024-03-01 13:46:00,OLMA,14.770000457763672,14.770000457763672,14.779999732971191,14.770000457763672,14.779999732971191,212.0
2024-03-01 13:46:00,OM,3.1700000762939453,3.1700000762939453,3.1700000762939453,3.1649999618530273,3.1649999618530273,300.0
2024-03-01 13:46:00,OMCL,26.3700008392334,26.3700008392334,26.3700008392334,26.3700008392334,26.3700008392334,248.0
2024-03-01 13:46:00,OMGA,4.329999923706055,4.329999923706055,4.355000019073486,4.329999923706055,4.349999904632568,4068.0
2024-03-01 13:47:00,AADI,1.9900000095367432,1.9900000095367432,1.9950000047683716,1.9900000095367432,1.9901000261306763,387.0
2024-03-01 13:47:00,ABCL,5.199999809265137,5.199999809265137,5.199999809265137,5.199999809265137,5.199999809265137,161.0
2024-03-01 13:47:00,ABEO,7.835000038146973,7.835000038146973,7.835000038146973,7.835000038146973,7.835000038146973,130.0
2024-03-01 13:47:00,ABOS,4.650000095367432,4.650000095367432,4.664999961853027,4.650000095367432,4.659999847412109,2815.0
2024-03-01 13:47:00,ABSI,5.440000057220459,5.440000057220459,5.440000057220459,5.429999828338623,5.440000057220459,2778.0
2024-03-01 13:47:00,ABUS,2.7750000953674316,2.7750000953674316,2.7750000953674316,2.7750000953674316,2.7750000953674316,1293.0
2024-03-01 13:47:00,ACAD,24.290000915527344,24.290000915527344,24.299999237060547,24.290000915527344,24.299999237060547,687.0
2024-03-01 13:47:00,ACB,3.2100000381469727,3.2100000381469727,3.2284998893737793,3.2100000381469727,3.2284998893737793,9591.0
2024-03-01 13:47:00,ACCD,10.109999656677246,10.109999656677246,10.109999656677246,10.100000381469727,10.100000381469727,882.0
2024-03-01 13:47:00,ACET,2.3949999809265137,2.3949999809265137,2.4000000953674316,2.3949999809265137,2.3949999809265137,633.0
2024-03-01 13:47:00,ACLX,68.02999877929688,68.02999877929688,68.08000183105469,67.87000274658203,68.06500244140625,2058.0
2024-03-01 13:47:00,ACON,0.4099000096321106,0.4099000096321106,0.4099000096321106,0.4099000096321106,0.4099000096321106,389.0
2024-03-01 13:47:00,ACRS,1.2400000095367432,1.2400000095367432,1.2400000095367432,1.2300000190734863,1.2300000190734863,1171.0
2024-03-01 13:47:00,ACXP,3.0,3.0,3.0199999809265137,3.0,3.0199999809265137,2319.0
2024-03-01 13:47:00,ADAP,1.6050000190734863,1.6050000190734863,1.6050000190734863,1.6050000190734863,1.6050000190734863,755.0
2024-03-01 13:47:00,ADIL,3.2149999141693115,3.2149999141693115,3.240000009536743,3.2100000381469727,3.2149999141693115,19947.0
2024-03-01 13:47:00,ADMA,5.554999828338623,5.554999828338623,5.554999828338623,5.554999828338623,5.554999828338623,728.0
2024-03-01 13:47:00,ADPT,4.144999980926514,4.144999980926514,4.150000095367432,4.144999980926514,4.144999980926514,9240.0
2024-03-01 13:47:00,ADVM,1.9600000381469727,1.9600000381469727,1.9800000190734863,1.9550000429153442,1.9800000190734863,13042.0
2024-03-01 13:47:00,AFMD,0.6499999761581421,0.6499999761581421,0.6499999761581421,0.6499999761581421,0.6499999761581421,346.0
2024-03-01 13:47:00,AGEN,0.6750500202178955,0.6750500202178955,0.6769999861717224,0.675000011920929,0.6760500073432922,4985.0
2024-03-01 13:47:00,AGIO,32.810001373291016,32.810001373291016,32.810001373291016,32.810001373291016,32.810001373291016,647.0
2024-03-01 13:47:00,AHCO,10.555000305175781,10.555000305175781,10.5600004196167,10.555000305175781,10.5600004196167,1014.0
2024-03-01 13:47:00,AIRS,6.474999904632568,6.474999904632568,6.485000133514404,6.46999979019165,6.485000133514404,329.0
2024-03-01 13:47:00,AKAN,0.2101999968290329,0.2101999968290329,0.2117999941110611,0.20999999344348907,0.20999999344348907,22703.0
2024-03-01 13:47:00,AKBA,1.684999942779541,1.684999942779541,1.684999942779541,1.6799999475479126,1.684999942779541,2293.0
2024-03-01 13:47:00,AKLI,0.3499999940395355,0.3499999940395355,0.3499999940395355,0.3499999940395355,0.3499999940395355,4450.0
2024-03-01 13:47:00,AKRO,30.0,30.0,30.020000457763672,29.940000534057617,29.940000534057617,1716.0
2024-03-01 13:47:00,AKYA,6.010000228881836,6.010000228881836,6.010000228881836,6.010000228881836,6.010000228881836,954.0
2024-03-01 13:47:00,ALDX,4.295000076293945,4.295000076293945,4.295000076293945,4.295000076293945,4.295000076293945,1026.0
2024-03-01 13:47:00,ALEC,7.320000171661377,7.320000171661377,7.320000171661377,7.320000171661377,7.320000171661377,333.0
2024-03-01 13:47:00,ALGS,1.090000033378601,1.090000033378601,1.100000023841858,1.090000033378601,1.100000023841858,6477.0
2024-03-01 13:47:00,ALHC,5.675000190734863,5.675000190734863,5.675000190734863,5.664999961853027,5.670000076293945,3929.0
2024-03-01 13:47:00,ALKS,30.219999313354492,30.219999313354492,30.229999542236328,30.209999084472656,30.219999313354492,2147.0
2024-03-01 13:47:00,ALLK,1.6549999713897705,1.6549999713897705,1.659999966621399,1.6549999713897705,1.659999966621399,300.0
2024-03-01 13:47:00,ALLO,5.054999828338623,5.054999828338623,5.059999942779541,5.045000076293945,5.050000190734863,13049.0
2024-03-01 13:47:00,ALPN,35.880001068115234,35.880001068115234,35.880001068115234,35.880001068115234,35.880001068115234,1298.0
2024-03-01 13:47:00,ALT,12.119999885559082,12.119999885559082,12.130000114440918,12.100000381469727,12.100000381469727,4672.0
2024-03-01 13:47:00,ALVR,0.7541000247001648,0.7541000247001648,0.7541000247001648,0.7541000247001648,0.7541000247001648,233.0
2024-03-01 13:47:00,AMED,93.4800033569336,93.4800033569336,93.4800033569336,93.41999816894531,93.41999816894531,978.0
2024-03-01 13:47:00,AMGN,281.1050109863281,281.1050109863281,281.2200012207031,281.0799865722656,281.2099914550781,4169.0
2024-03-01 13:47:00,AMLX,18.649999618530273,18.649999618530273,18.670000076293945,18.649999618530273,18.670000076293945,1264.0
2024-03-01 13:47:00,AMPH,45.34000015258789,45.34000015258789,45.38999938964844,45.34000015258789,45.38999938964844,301.0
2024-03-01 13:47:00,AMRN,1.0599000453948975,1.0599000453948975,1.059999942779541,1.0499999523162842,1.0500999689102173,13810.0
2024-03-01 13:47:00,ANAB,25.389999389648438,25.389999389648438,25.485000610351562,25.389999389648438,25.485000610351562,685.0
2024-03-01 13:47:00,ANGO,5.514999866485596,5.514999866485596,5.514999866485596,5.514999866485596,5.514999866485596,139.0
2024-03-01 13:47:00,ANIP,66.51000213623047,66.51000213623047,66.51000213623047,66.51000213623047,66.51000213623047,326.0
2024-03-01 13:47:00,ANNX,6.139999866485596,6.139999866485596,6.150000095367432,6.110000133514404,6.139999866485596,4196.0
2024-03-01 13:47:00,APLS,65.13749694824219,65.13749694824219,65.16999816894531,65.1050033569336,65.1050033569336,3406.0
2024-03-01 13:47:00,APLT,7.130000114440918,7.130000114440918,7.170000076293945,7.130000114440918,7.170000076293945,4104.0
2024-03-01 13:47:00,ARDX,9.454999923706055,9.454999923706055,9.46500015258789,9.454999923706055,9.46500015258789,5660.0
2024-03-01 13:47:00,ARQT,11.84000015258789,11.84000015258789,11.850000381469727,11.84000015258789,11.850000381469727,2038.0
2024-03-01 13:47:00,ARVN,48.93000030517578,48.93000030517578,48.994998931884766,48.93000030517578,48.994998931884766,954.0
2024-03-01 13:47:00,ARWR,35.744998931884766,35.744998931884766,35.754398345947266,35.720001220703125,35.75,2880.0
2024-03-01 13:47:00,ASND,152.6699981689453,152.6699981689453,152.6699981689453,152.58999633789062,152.58999633789062,429.0
2024-03-01 13:47:00,ASRT,0.9034000039100647,0.9034000039100647,0.9034000039100647,0.9034000039100647,0.9034000039100647,119.0
2024-03-01 13:47:00,ATAI,2.140000104904175,2.140000104904175,2.1500000953674316,2.140000104904175,2.1500000953674316,7705.0
2024-03-01 13:47:00,ATEC,13.425000190734863,13.425000190734863,13.425000190734863,13.420000076293945,13.425000190734863,1067.0
2024-03-01 13:47:00,ATNF,3.2950000762939453,3.2950000762939453,3.2950000762939453,3.2300000190734863,3.2300000190734863,889.0
2024-03-01 13:47:00,ATOS,1.007699966430664,1.007699966430664,1.007699966430664,1.007699966430664,1.007699966430664,310.0
2024-03-01 13:47:00,ATRA,0.7854999899864197,0.7854999899864197,0.7854999899864197,0.7854999899864197,0.7854999899864197,505.0
2024-03-01 13:47:00,ATRC,36.0,36.0,36.02000045776367,36.0,36.0,1742.0
2024-03-01 13:47:00,ATXS,14.75,14.75,14.760000228881836,14.75,14.760000228881836,3757.0
2024-03-01 13:47:00,AUGX,4.510000228881836,4.510000228881836,4.510000228881836,4.510000228881836,4.510000228881836,104.0
2024-03-01 13:47:00,AUTL,6.360000133514404,6.360000133514404,6.360000133514404,6.360000133514404,6.360000133514404,417.0
2024-03-01 13:47:00,AVDL,13.25,13.25,13.25,13.244999885559082,13.244999885559082,3187.0
2024-03-01 13:47:00,AVIR,4.485000133514404,4.485000133514404,4.489999771118164,4.485000133514404,4.489999771118164,2493.0
2024-03-01 13:47:00,AVRO,1.3550000190734863,1.3550000190734863,1.3550000190734863,1.3550000190734863,1.3550000190734863,100.0
2024-03-01 13:47:00,AVXL,5.309999942779541,5.309999942779541,5.315000057220459,5.309999942779541,5.309999942779541,758.0
2024-03-01 13:47:00,AXGN,10.5600004196167,10.5600004196167,10.5600004196167,10.5600004196167,10.5600004196167,732.0
2024-03-01 13:47:00,AXNX,67.88500213623047,67.88500213623047,67.88500213623047,67.87999725341797,67.87999725341797,200.0
2024-03-01 13:47:00,AXSM,82.25,82.25,82.25,82.25,82.25,266.0
2024-03-01 13:47:00,AZN,64.69000244140625,64.69000244140625,64.70500183105469,64.69000244140625,64.70500183105469,2378.0
2024-03-01 13:47:00,AZTA,66.88999938964844,66.88999938964844,66.88999938964844,66.87000274658203,66.87000274658203,1214.0
2024-03-01 13:47:00,BBIO,36.060001373291016,36.060001373291016,36.11000061035156,36.060001373291016,36.11000061035156,2480.0
2024-03-01 13:47:00,BBLG,2.390000104904175,2.390000104904175,2.4000000953674316,2.390000104904175,2.4000000953674316,2122.0
2024-03-01 13:47:00,BCAB,2.7149999141693115,2.7149999141693115,2.7149999141693115,2.7149999141693115,2.7149999141693115,136.0
2024-03-01 13:47:00,BCDA,0.5601000189781189,0.5601000189781189,0.5698999762535095,0.5600000023841858,0.5698999762535095,15404.0
2024-03-01 13:47:00,BCRX,5.70989990234375,5.70989990234375,5.710000038146973,5.704999923706055,5.710000038146973,1720.0
2024-03-01 13:47:00,BCTX,3.5,3.5,3.5,3.5,3.5,232.0
2024-03-01 13:47:00,BEAM,40.540000915527344,40.540000915527344,40.61000061035156,40.5099983215332,40.61000061035156,3078.0
2024-03-01 13:47:00,BIIB,221.1300048828125,221.1300048828125,221.1300048828125,221.1300048828125,221.1300048828125,766.0
2024-03-01 13:47:00,BIOL,0.14479899406433105,0.14479899406433105,0.14489999413490295,0.1437000036239624,0.1437000036239624,27544.0
2024-03-01 13:47:00,BIOR,1.0800000429153442,1.0800000429153442,1.0800000429153442,1.0713000297546387,1.0713000297546387,746.0
2024-03-01 13:47:00,BIVI,2.0899999141693115,2.0899999141693115,2.130000114440918,2.0899999141693115,2.125,81663.0
2024-03-01 13:47:00,BLFS,18.170000076293945,18.170000076293945,18.170000076293945,18.170000076293945,18.170000076293945,245.0
2024-03-01 13:47:00,BLUE,1.5950000286102295,1.5950000286102295,1.6074999570846558,1.5950000286102295,1.6050000190734863,69805.0
2024-03-01 13:47:00,BMEA,18.239999771118164,18.239999771118164,18.260000228881836,18.229999542236328,18.260000228881836,2354.0
2024-03-01 13:47:00,BMRN,87.91000366210938,87.91000366210938,87.9800033569336,87.91000366210938,87.95999908447266,3984.0
2024-03-01 13:47:00,BNTX,91.3550033569336,91.3550033569336,91.37999725341797,91.3550033569336,91.37999725341797,843.0
2024-03-01 13:47:00,BPMC,96.77999877929688,96.77999877929688,96.8499984741211,96.77999877929688,96.8499984741211,647.0
2024-03-01 13:47:00,BRKR,88.30999755859375,88.30999755859375,88.30999755859375,88.2699966430664,88.2699966430664,1652.0
2024-03-01 13:47:00,BTTX,0.18000000715255737,0.18000000715255737,0.18050099909305573,0.18000000715255737,0.18050000071525574,60754.0
2024-03-01 13:47:00,BWAY,6.539999961853027,6.539999961853027,6.539999961853027,6.519999980926514,6.53000020980835,969.0
2024-03-01 13:47:00,CABA,24.100000381469727,24.100000381469727,24.100000381469727,24.100000381469727,24.100000381469727,277.0
2024-03-01 13:47:00,CARA,0.9139000177383423,0.9139000177383423,0.9139000177383423,0.9139000177383423,0.9139000177383423,200.0
2024-03-01 13:47:00,CBAY,32.22999954223633,32.22999954223633,32.2400016784668,32.22999954223633,32.2400016784668,4555.0
2024-03-01 13:47:00,CCCC,10.984999656677246,10.984999656677246,10.989999771118164,10.960000038146973,10.979999542236328,12361.0
2024-03-01 13:47:00,CDMO,8.109999656677246,8.109999656677246,8.109999656677246,8.109999656677246,8.109999656677246,254.0
2024-03-01 13:47:00,CDNA,12.34000015258789,12.34000015258789,12.350000381469727,12.319999694824219,12.319999694824219,3553.0
2024-03-01 13:47:00,CDXS,4.574999809265137,4.574999809265137,4.574999809265137,4.570000171661377,4.570000171661377,3726.0
2024-03-01 13:47:00,CERE,41.099998474121094,41.099998474121094,41.099998474121094,41.099998474121094,41.099998474121094,214.0
2024-03-01 13:47:00,CERS,2.190000057220459,2.190000057220459,2.190000057220459,2.190000057220459,2.190000057220459,109.0
2024-03-01 13:47:00,CERT,17.889999389648438,17.889999389648438,17.889999389648438,17.8799991607666,17.8799991607666,827.0
2024-03-01 13:47:00,CGC,3.244999885559082,3.244999885559082,3.244999885559082,3.2402000427246094,3.2402000427246094,1523.0
2024-03-01 13:47:00,CGEM,18.670000076293945,18.670000076293945,18.670000076293945,18.65999984741211,18.65999984741211,260.0
2024-03-01 13:47:00,CHRS,2.4210000038146973,2.4210000038146973,2.424999952316284,2.4200000762939453,2.424999952316284,4858.0
2024-03-01 13:47:00,CING,1.340000033378601,1.340000033378601,1.340000033378601,1.340000033378601,1.340000033378601,100.0
2024-03-01 13:47:00,CKPT,2.190000057220459,2.190000057220459,2.190000057220459,2.190000057220459,2.190000057220459,100.0
2024-03-01 13:47:00,CLDX,52.470001220703125,52.470001220703125,52.505001068115234,52.39500045776367,52.505001068115234,7255.0
2024-03-01 13:47:00,CLOV,0.870199978351593,0.870199978351593,0.870199978351593,0.8701000213623047,0.8701000213623047,3939.0
2024-03-01 13:47:00,CLRB,4.130000114440918,4.130000114440918,4.130099773406982,4.119999885559082,4.130000114440918,5278.0
2024-03-01 13:47:00,CMPS,11.300000190734863,11.300000190734863,11.329999923706055,11.300000190734863,11.329999923706055,476.0
2024-03-01 13:47:00,CMRX,1.2100000381469727,1.2100000381469727,1.2100000381469727,1.2100000381469727,1.2100000381469727,7957.0
2024-03-01 13:47:00,COGT,7.175000190734863,7.175000190734863,7.179999828338623,7.170000076293945,7.170000076293945,1139.0
2024-03-01 13:47:00,COLL,36.78499984741211,36.78499984741211,36.849998474121094,36.78499984741211,36.849998474121094,3322.0
2024-03-01 13:47:00,CORT,24.354999542236328,24.354999542236328,24.354999542236328,24.34000015258789,24.34000015258789,3767.0
2024-03-01 13:47:00,CPRX,17.424999237060547,17.424999237060547,17.424999237060547,17.405000686645508,17.415000915527344,4159.0
2024-03-01 13:47:00,CPSI,9.5,9.5,9.5,9.479999542236328,9.479999542236328,3050.0
2024-03-01 13:47:00,CRBP,32.92499923706055,32.92499923706055,32.92499923706055,32.92499923706055,32.92499923706055,152.0
2024-03-01 13:47:00,CRBU,7.9375,7.9375,7.9375,7.929999828338623,7.929999828338623,531.0
2024-03-01 13:47:00,CRDF,2.5000998973846436,2.5000998973846436,2.5199999809265137,2.5,2.5199999809265137,12764.0
2024-03-01 13:47:00,CRDL,1.940000057220459,1.940000057220459,1.940000057220459,1.940000057220459,1.940000057220459,3000.0
2024-03-01 13:47:00,CRMD,3.7249999046325684,3.7249999046325684,3.7249999046325684,3.7249999046325684,3.7249999046325684,1074.0
2024-03-01 13:47:00,CRNX,46.54999923706055,46.54999923706055,46.560001373291016,46.46500015258789,46.474998474121094,2031.0
2024-03-01 13:47:00,CRON,2.049999952316284,2.049999952316284,2.055000066757202,2.049999952316284,2.055000066757202,1201.0
2024-03-01 13:47:00,CRSP,85.61000061035156,85.61000061035156,85.6500015258789,85.61000061035156,85.63140106201172,2022.0
2024-03-01 13:47:00,CSTL,19.989999771118164,19.989999771118164,20.024999618530273,19.989999771118164,20.024999618530273,587.0
2024-03-01 13:47:00,CTKB,8.880000114440918,8.880000114440918,8.880000114440918,8.864999771118164,8.875,5073.0
2024-03-01 13:47:00,CTMX,2.589200019836426,2.589200019836426,2.589200019836426,2.5799999237060547,2.5799999237060547,300.0
2024-03-01 13:47:00,CTXR,0.7700999975204468,0.7700999975204468,0.7702000141143799,0.7700999975204468,0.7702000141143799,658.0
2024-03-01 13:47:00,CUE,2.1700000762939453,2.1700000762939453,2.190000057220459,2.1700000762939453,2.190000057220459,886.0
2024-03-01 13:47:00,CUTR,2.369999885559082,2.369999885559082,2.390000104904175,2.369999885559082,2.390000104904175,250.0
2024-03-01 13:47:00,CVAC,3.494999885559082,3.494999885559082,3.494999885559082,3.494999885559082,3.494999885559082,202.0
2024-03-01 13:47:00,CYCC,2.775899887084961,2.775899887084961,2.775899887084961,2.775899887084961,2.775899887084961,126.0
2024-03-01 13:47:00,CYTO,2.299999952316284,2.299999952316284,2.299999952316284,2.2822999954223633,2.299999952316284,3420.0
2024-03-01 13:47:00,DAWN,17.545000076293945,17.545000076293945,17.549999237060547,17.540000915527344,17.549999237060547,3084.0
2024-03-01 13:47:00,DBVT,0.8198999762535095,0.8198999762535095,0.8199999928474426,0.8198999762535095,0.8199999928474426,350.0
2024-03-01 13:47:00,DCGO,4.204999923706055,4.204999923706055,4.204999923706055,4.199999809265137,4.199999809265137,1093.0
2024-03-01 13:47:00,DH,8.85990047454834,8.85990047454834,8.85990047454834,8.850000381469727,8.850000381469727,987.0
2024-03-01 13:47:00,DMTK,0.8508999943733215,0.8508999943733215,0.854889988899231,0.8487989902496338,0.854889988899231,1305.0
2024-03-01 13:47:00,DNLI,21.260000228881836,21.260000228881836,21.260000228881836,21.25,21.25,410.0
2024-03-01 13:47:00,DRIO,2.0,2.0,2.0,2.0,2.0,100.0
2024-03-01 13:47:00,DSGN,2.9049999713897705,2.9049999713897705,2.9049999713897705,2.9000000953674316,2.9049999713897705,371.0
2024-03-01 13:47:00,DTIL,12.360300064086914,12.360300064086914,12.375,12.350000381469727,12.350000381469727,1103.0
2024-03-01 13:47:00,DVAX,12.859999656677246,12.859999656677246,12.864999771118164,12.859999656677246,12.864999771118164,659.0
2024-03-01 13:47:00,DXCM,121.81999969482422,121.81999969482422,121.87999725341797,121.81999969482422,121.83999633789062,10063.0
2024-03-01 13:47:00,DYN,28.90999984741211,28.90999984741211,28.920000076293945,28.860000610351562,28.885000228881836,2569.0
2024-03-01 13:47:00,EDIT,10.925000190734863,10.925000190734863,10.929499626159668,10.920000076293945,10.920000076293945,2859.0
2024-03-01 13:47:00,EFTR,15.239999771118164,15.239999771118164,15.239999771118164,15.239999771118164,15.239999771118164,113.0
2024-03-01 13:47:00,EGRX,6.684999942779541,6.684999942779541,6.684999942779541,6.684999942779541,6.684999942779541,107.0
2024-03-01 13:47:00,ELEV,5.0,5.0,5.03000020980835,5.0,5.03000020980835,734.0
2024-03-01 13:47:00,ENTA,15.34000015258789,15.34000015258789,15.364999771118164,15.34000015258789,15.363900184631348,432.0
2024-03-01 13:47:00,ENVB,1.5399999618530273,1.5399999618530273,1.5399999618530273,1.5199999809265137,1.5199999809265137,646.0
2024-03-01 13:47:00,EOLS,14.880000114440918,14.880000114440918,14.890000343322754,14.880000114440918,14.880000114440918,1296.0
2024-03-01 13:47:00,ERAS,2.4800000190734863,2.4800000190734863,2.484999895095825,2.4800000190734863,2.4800000190734863,15134.0
2024-03-01 13:47:00,ESPR,2.5350000858306885,2.5350000858306885,2.539900064468384,2.5299999713897705,2.5299999713897705,8227.0
2024-03-01 13:47:00,ESTA,45.349998474121094,45.349998474121094,45.349998474121094,45.349998474121094,45.349998474121094,234.0
2024-03-01 13:47:00,ETNB,13.0600004196167,13.0600004196167,13.0600004196167,13.0600004196167,13.0600004196167,530.0
2024-03-01 13:47:00,EXAI,6.730000019073486,6.730000019073486,6.739999771118164,6.730000019073486,6.739999771118164,457.0
2024-03-01 13:47:00,EXAS,59.98500061035156,59.98500061035156,60.0,59.97999954223633,60.0,1909.0
2024-03-01 13:47:00,EXEL,22.489999771118164,22.489999771118164,22.489999771118164,22.479999542236328,22.479999542236328,3858.0
2024-03-01 13:47:00,EYEN,2.409899950027466,2.409899950027466,2.409899950027466,2.390000104904175,2.4000000953674316,14005.0
2024-03-01 13:47:00,EYPT,27.979999542236328,27.979999542236328,27.989999771118164,27.979999542236328,27.989999771118164,351.0
2024-03-01 13:47:00,FATE,7.735000133514404,7.735000133514404,7.735000133514404,7.735000133514404,7.735000133514404,151.0
2024-03-01 13:47:00,FDMT,29.5,29.5,29.510000228881836,29.469999313354492,29.510000228881836,2325.0
2024-03-01 13:47:00,FGEN,1.8799999952316284,1.8799999952316284,1.8799999952316284,1.875,1.8799999952316284,2232.0
2024-03-01 13:47:00,FLGT,23.255199432373047,23.255199432373047,23.280000686645508,23.239999771118164,23.280000686645508,1436.0
2024-03-01 13:47:00,FOLD,13.395000457763672,13.395000457763672,13.395000457763672,13.375,13.375,4594.0
2024-03-01 13:47:00,FULC,11.109999656677246,11.109999656677246,11.119999885559082,11.100000381469727,11.100000381469727,2681.0
2024-03-01 13:47:00,FUSN,12.390000343322754,12.390000343322754,12.404999732971191,12.390000343322754,12.399999618530273,800.0
2024-03-01 13:47:00,FWBI,8.350000381469727,8.350000381469727,8.350000381469727,8.350000381469727,8.350000381469727,100.0
2024-03-01 13:47:00,GDRX,8.385000228881836,8.385000228881836,8.385000228881836,8.359999656677246,8.380000114440918,8969.0
2024-03-01 13:47:00,GERN,2.2799999713897705,2.2799999713897705,2.2799999713897705,2.271399974822998,2.2799999713897705,13762.0
2024-03-01 13:47:00,GILD,72.36499786376953,72.36499786376953,72.3949966430664,72.36499786376953,72.37999725341797,7356.0
2024-03-01 13:47:00,GLPG,35.02000045776367,35.02000045776367,35.029998779296875,35.02000045776367,35.02000045776367,640.0
2024-03-01 13:47:00,GLUE,6.429999828338623,6.429999828338623,6.429999828338623,6.429999828338623,6.429999828338623,222.0
2024-03-01 13:47:00,GLYC,3.0399999618530273,3.0399999618530273,3.0399999618530273,3.0399999618530273,3.0399999618530273,120.0
2024-03-01 13:47:00,GMAB,29.399999618530273,29.399999618530273,29.399999618530273,29.399999618530273,29.399999618530273,483.0
2024-03-01 13:47:00,GOSS,1.4199999570846558,1.4199999570846558,1.4199999570846558,1.4199999570846558,1.4199999570846558,122.0
2024-03-01 13:47:00,GRFS,7.085000038146973,7.085000038146973,7.085000038146973,7.079999923706055,7.079999923706055,751.0
2024-03-01 13:47:00,GRTS,2.134999990463257,2.134999990463257,2.140000104904175,2.130000114440918,2.134999990463257,7067.0
2024-03-01 13:47:00,GRTX,0.22990000247955322,0.22990000247955322,0.22990000247955322,0.22990000247955322,0.22990000247955322,409.0
2024-03-01 13:47:00,GTHX,3.759999990463257,3.759999990463257,3.7699999809265137,3.759999990463257,3.765000104904175,2812.0
2024-03-01 13:47:00,HALO,41.375,41.375,41.375,41.375,41.375,434.0
2024-03-01 13:47:00,HARP,22.940000534057617,22.940000534057617,22.940000534057617,22.940000534057617,22.940000534057617,235.0
2024-03-01 13:47:00,HCAT,8.085000038146973,8.085000038146973,8.09000015258789,8.085000038146973,8.09000015258789,1017.0
2024-03-01 13:47:00,HCSG,12.614999771118164,12.614999771118164,12.614999771118164,12.614999771118164,12.614999771118164,342.0
2024-03-01 13:47:00,HCTI,2.4458000659942627,2.4458000659942627,2.4458000659942627,2.4458000659942627,2.4458000659942627,300.0
2024-03-01 13:47:00,HEPA,3.100100040435791,3.100100040435791,3.100100040435791,3.100100040435791,3.100100040435791,150.0
2024-03-01 13:47:00,HLTH,0.2750000059604645,0.2750000059604645,0.2750000059604645,0.2750000059604645,0.2750000059604645,521.0
2024-03-01 13:47:00,HLVX,19.059999465942383,19.059999465942383,19.059999465942383,19.059999465942383,19.059999465942383,100.0
2024-03-01 13:47:00,HOLX,74.19999694824219,74.19999694824219,74.19999694824219,74.1500015258789,74.1500015258789,2864.0
2024-03-01 13:47:00,HRTX,2.5799999237060547,2.5799999237060547,2.5975000858306885,2.5799999237060547,2.5975000858306885,5958.0
2024-03-01 13:47:00,HSDT,4.800099849700928,4.800099849700928,4.894999980926514,4.800000190734863,4.860000133514404,4939.0
2024-03-01 13:47:00,HSIC,76.83000183105469,76.83000183105469,76.8499984741211,76.82499694824219,76.82499694824219,780.0
2024-03-01 13:47:00,HUMA,3.2850000858306885,3.2850000858306885,3.2850000858306885,3.2799999713897705,3.2799999713897705,3090.0
2024-03-01 13:47:00,IART,36.54499816894531,36.54499816894531,36.54499816894531,36.532501220703125,36.540000915527344,1093.0
2024-03-01 13:47:00,IBRX,4.840000152587891,4.840000152587891,4.849999904632568,4.830100059509277,4.830100059509277,2492.0
2024-03-01 13:47:00,ICAD,1.8700000047683716,1.8700000047683716,1.8700000047683716,1.8700000047683716,1.8700000047683716,1002.0
2024-03-01 13:47:00,ICLR,322.6449890136719,322.6449890136719,322.6449890136719,322.5,322.5,403.0
2024-03-01 13:47:00,ICUI,105.95999908447266,105.95999908447266,105.9800033569336,105.81999969482422,105.9800033569336,1157.0
2024-03-01 13:47:00,IDXX,580.5499877929688,580.5499877929688,580.5499877929688,580.1199951171875,580.1199951171875,2001.0
2024-03-01 13:47:00,IDYA,46.79999923706055,46.79999923706055,46.849998474121094,46.79999923706055,46.849998474121094,943.0
2024-03-01 13:47:00,IKT,2.109999895095825,2.109999895095825,2.109999895095825,2.109999895095825,2.109999895095825,280.0
2024-03-01 13:47:00,ILMN,142.4600067138672,142.4600067138672,142.4600067138672,142.44000244140625,142.44000244140625,1264.0
2024-03-01 13:47:00,IMMX,3.565000057220459,3.565000057220459,3.565000057220459,3.565000057220459,3.565000057220459,100.0
2024-03-01 13:47:00,IMTX,12.88010025024414,12.88010025024414,12.90999984741211,12.88010025024414,12.90999984741211,1076.0
2024-03-01 13:47:00,IMVT,35.86000061035156,35.86000061035156,35.869998931884766,35.86000061035156,35.869998931884766,332.0
2024-03-01 13:47:00,INBX,36.51499938964844,36.51499938964844,36.529998779296875,36.5099983215332,36.529998779296875,912.0
2024-03-01 13:47:00,INCY,59.369998931884766,59.369998931884766,59.40999984741211,59.369998931884766,59.40999984741211,2040.0
2024-03-01 13:47:00,INGN,6.77869987487793,6.77869987487793,6.77869987487793,6.77869987487793,6.77869987487793,388.0
2024-03-01 13:47:00,INM,0.4090000092983246,0.4090000092983246,0.4090000092983246,0.4000000059604645,0.4000000059604645,240.0
2024-03-01 13:47:00,INMB,12.350000381469727,12.350000381469727,12.350000381469727,12.350000381469727,12.350000381469727,454.0
2024-03-01 13:47:00,INMD,22.829999923706055,22.829999923706055,22.829999923706055,22.825000762939453,22.829999923706055,809.0
2024-03-01 13:47:00,INO,9.569000244140625,9.569000244140625,9.569000244140625,9.569000244140625,9.569000244140625,170.0
2024-03-01 13:47:00,INSM,28.260000228881836,28.260000228881836,28.260000228881836,28.229999542236328,28.260000228881836,2387.0
2024-03-01 13:47:00,INVA,15.609999656677246,15.609999656677246,15.619999885559082,15.600000381469727,15.619999885559082,6959.0
2024-03-01 13:47:00,INVO,1.2200000286102295,1.2200000286102295,1.2200000286102295,1.2200000286102295,1.2200000286102295,456.0
2024-03-01 13:47:00,INZY,6.635000228881836,6.635000228881836,6.635000228881836,6.635000228881836,6.635000228881836,293.0
2024-03-01 13:47:00,IONM,0.34643998742103577,0.34643998742103577,0.34643998742103577,0.33500000834465027,0.33500000834465027,220.0
2024-03-01 13:47:00,IONS,46.0,46.0,46.0,45.9900016784668,45.994998931884766,510.0
2024-03-01 13:47:00,IOVA,17.075000762939453,17.075000762939453,17.079999923706055,17.059999465942383,17.079999923706055,16403.0
2024-03-01 13:47:00,IPSC,3.875,3.875,3.875,3.859999895095825,3.869999885559082,417.0
2024-03-01 13:47:00,IRMD,41.85499954223633,41.85499954223633,41.85499954223633,41.85499954223633,41.85499954223633,200.0
2024-03-01 13:47:00,IRWD,9.010000228881836,9.010000228881836,9.039999961853027,9.005000114440918,9.03499984741211,34209.0
2024-03-01 13:47:00,ISRG,395.5,395.5,395.5,395.5,395.5,334.0
2024-03-01 13:47:00,ITOS,11.260000228881836,11.260000228881836,11.260000228881836,11.260000228881836,11.260000228881836,141.0
2024-03-01 13:47:00,IVVD,4.0,4.0,4.0,4.0,4.0,708.0
2024-03-01 13:47:00,IXHL,5.449999809265137,5.449999809265137,5.480000019073486,5.449999809265137,5.480000019073486,1253.0
2024-03-01 13:47:00,JAGX,0.07569999992847443,0.07569999992847443,0.07590000331401825,0.07360000163316727,0.07360000163316727,508950.0
2024-03-01 13:47:00,JANX,46.19499969482422,46.19499969482422,46.19499969482422,46.19499969482422,46.19499969482422,183.0
2024-03-01 13:47:00,JAZZ,119.45999908447266,119.45999908447266,119.45999908447266,119.45999908447266,119.45999908447266,357.0
2024-03-01 13:47:00,JSPR,21.020000457763672,21.020000457763672,21.020000457763672,21.020000457763672,21.020000457763672,763.0
2024-03-01 13:47:00,KIDS,27.559999465942383,27.559999465942383,27.559999465942383,27.540000915527344,27.540000915527344,868.0
2024-03-01 13:47:00,KNSA,21.790000915527344,21.790000915527344,21.790000915527344,21.770000457763672,21.780000686645508,2856.0
2024-03-01 13:47:00,KNTE,2.5999999046325684,2.5999999046325684,2.5999999046325684,2.5999999046325684,2.5999999046325684,800.0
2024-03-01 13:47:00,KOD,6.079999923706055,6.079999923706055,6.079999923706055,6.070000171661377,6.079999923706055,4281.0
2024-03-01 13:47:00,KPTI,1.1950000524520874,1.1950000524520874,1.1950000524520874,1.1900999546051025,1.1900999546051025,1521.0
2024-03-01 13:47:00,KRYS,168.99000549316406,168.99000549316406,169.17999267578125,168.99000549316406,169.1699981689453,1128.0
2024-03-01 13:47:00,KURA,21.825000762939453,21.825000762939453,21.84000015258789,21.825000762939453,21.825000762939453,1409.0
2024-03-01 13:47:00,KYMR,44.154998779296875,44.154998779296875,44.15999984741211,44.154998779296875,44.15999984741211,273.0
2024-03-01 13:47:00,KZR,1.0850000381469727,1.0850000381469727,1.0850000381469727,1.0850000381469727,1.0850000381469727,200.0
2024-03-01 13:47:00,LAB,2.4600000381469727,2.4600000381469727,2.4649999141693115,2.4600000381469727,2.4600000381469727,520.0
2024-03-01 13:47:00,LBPH,21.895000457763672,21.895000457763672,21.895000457763672,21.895000457763672,21.895000457763672,253.0
2024-03-01 13:47:00,LFMD,8.0,8.0,8.010000228881836,7.989999771118164,7.989999771118164,3729.0
2024-03-01 13:47:00,LFST,7.775000095367432,7.775000095367432,7.775000095367432,7.755000114440918,7.769899845123291,5506.0
2024-03-01 13:47:00,LIAN,4.860000133514404,4.860000133514404,4.860000133514404,4.860000133514404,4.860000133514404,110.0
2024-03-01 13:47:00,LIFE,1.9299999475479126,1.9299999475479126,1.9299999475479126,1.9249999523162842,1.9249999523162842,2208.0
2024-03-01 13:47:00,LIVN,55.807498931884766,55.807498931884766,55.810001373291016,55.79999923706055,55.79999923706055,1196.0
2024-03-01 13:47:00,LMAT,68.19889831542969,68.19889831542969,68.19889831542969,68.19889831542969,68.19889831542969,415.0
2024-03-01 13:47:00,LNSR,4.833700180053711,4.833700180053711,4.860000133514404,4.833700180053711,4.860000133514404,642.0
2024-03-01 13:47:00,LNTH,65.13500213623047,65.13500213623047,65.16000366210938,65.12999725341797,65.16000366210938,1757.0
2024-03-01 13:47:00,LPTX,2.869999885559082,2.869999885559082,2.869999885559082,2.869999885559082,2.869999885559082,1069.0
2024-03-01 13:47:00,LQDA,14.6899995803833,14.6899995803833,14.6899995803833,14.6899995803833,14.6899995803833,444.0
2024-03-01 13:47:00,LTRN,4.440000057220459,4.440000057220459,4.465000152587891,4.369999885559082,4.465000152587891,6393.0
2024-03-01 13:47:00,LXRX,2.5299999713897705,2.5299999713897705,2.5299999713897705,2.515000104904175,2.5174999237060547,10017.0
2024-03-01 13:47:00,LYEL,3.200000047683716,3.200000047683716,3.200000047683716,3.200000047683716,3.200000047683716,306.0
2024-03-01 13:47:00,LYRA,5.650000095367432,5.650000095367432,5.650000095367432,5.650000095367432,5.650000095367432,108.0
2024-03-01 13:47:00,MASI,128.84500122070312,128.84500122070312,128.84500122070312,128.83999633789062,128.83999633789062,793.0
2024-03-01 13:47:00,MBRX,0.636900007724762,0.636900007724762,0.636900007724762,0.636900007724762,0.636900007724762,100.0
2024-03-01 13:47:00,MCRB,1.2050000429153442,1.2050000429153442,1.2050000429153442,1.2000000476837158,1.2050000429153442,1517.0
2024-03-01 13:47:00,MDGL,251.75,251.75,251.75,251.36000061035156,251.36000061035156,375.0
2024-03-01 13:47:00,MDRX,6.0,6.0,6.0,5.960000038146973,6.0,36715.0
2024-03-01 13:47:00,MDXG,8.65999984741211,8.65999984741211,8.664999961853027,8.65999984741211,8.664999961853027,2064.0
2024-03-01 13:47:00,ME,0.5734000205993652,0.5734000205993652,0.5738000273704529,0.5734000205993652,0.5738000273704529,22008.0
2024-03-01 13:47:00,MGNX,19.104999542236328,19.104999542236328,19.1200008392334,19.079999923706055,19.100000381469727,7535.0
2024-03-01 13:47:00,MHUA,0.6998999714851379,0.6998999714851379,0.6998999714851379,0.6998999714851379,0.6998999714851379,100.0
2024-03-01 13:47:00,MIRM,29.760000228881836,29.760000228881836,29.760000228881836,29.760000228881836,29.760000228881836,123.0
2024-03-01 13:47:00,MIST,1.7450000047683716,1.7450000047683716,1.7450000047683716,1.7450000047683716,1.7450000047683716,200.0
2024-03-01 13:47:00,MLTX,51.0,51.0,51.0,51.0,51.0,444.0
2024-03-01 13:47:00,MMSI,76.0999984741211,76.0999984741211,76.1500015258789,76.0999984741211,76.1500015258789,1123.0
2024-03-01 13:47:00,MNKD,4.554999828338623,4.554999828338623,4.554999828338623,4.550000190734863,4.550000190734863,1222.0
2024-03-01 13:47:00,MNMD,6.219799995422363,6.219799995422363,6.228300094604492,6.219799995422363,6.228300094604492,942.0
2024-03-01 13:47:00,MODV,28.149999618530273,28.149999618530273,28.149999618530273,28.149999618530273,28.149999618530273,206.0
2024-03-01 13:47:00,MOR,17.549999237060547,17.549999237060547,17.559999465942383,17.540000915527344,17.559999465942383,13479.0
2024-03-01 13:47:00,MORF,39.33000183105469,39.33000183105469,39.33000183105469,39.310001373291016,39.33000183105469,1061.0
2024-03-01 13:47:00,MREO,3.9856998920440674,3.9856998920440674,3.9856998920440674,3.9856998920440674,3.9856998920440674,754.0
2024-03-01 13:47:00,MRNA,95.75,95.75,95.875,95.69139862060547,95.875,18796.0
2024-03-01 13:47:00,MRSN,5.954999923706055,5.954999923706055,5.960000038146973,5.954999923706055,5.954999923706055,969.0
2024-03-01 13:47:00,MRUS,51.125,51.125,51.15999984741211,51.122501373291016,51.15999984741211,872.0
2024-03-01 13:47:00,MRVI,7.699999809265137,7.699999809265137,7.704999923706055,7.699999809265137,7.704999923706055,410.0
2024-03-01 13:47:00,MTEM,3.7100000381469727,3.7100000381469727,3.7100000381469727,3.7100000381469727,3.7100000381469727,100.0
2024-03-01 13:47:00,MXCT,4.764999866485596,4.764999866485596,4.764999866485596,4.760000228881836,4.764999866485596,552.0
2024-03-01 13:47:00,MYGN,22.000499725341797,22.000499725341797,22.020000457763672,21.979999542236328,21.979999542236328,1577.0
2024-03-01 13:47:00,NARI,45.58000183105469,45.58000183105469,45.58000183105469,45.36000061035156,45.36000061035156,10245.0
2024-03-01 13:47:00,NAUT,2.609999895095825,2.609999895095825,2.609999895095825,2.609999895095825,2.609999895095825,100.0
2024-03-01 13:47:00,NBIX,132.22999572753906,132.22999572753906,132.3300018310547,132.17999267578125,132.3300018310547,2069.0
2024-03-01 13:47:00,NEO,16.030000686645508,16.030000686645508,16.049999237060547,16.030000686645508,16.049999237060547,790.0
2024-03-01 13:47:00,NEOG,17.395000457763672,17.395000457763672,17.395000457763672,17.389999389648438,17.389999389648438,647.0
2024-03-01 13:47:00,NGM,1.5299999713897705,1.5299999713897705,1.534999966621399,1.5299999713897705,1.534999966621399,1075.0
2024-03-01 13:47:00,NKTR,0.7749000191688538,0.7749000191688538,0.7749000191688538,0.7730000019073486,0.7730000019073486,360.0
2024-03-01 13:47:00,NKTX,12.824999809265137,12.824999809265137,12.842300415039062,12.824999809265137,12.842300415039062,329.0
2024-03-01 13:47:00,NNOX,11.0600004196167,11.0600004196167,11.0600004196167,11.029999732971191,11.029999732971191,2840.0
2024-03-01 13:47:00,NOTV,8.149999618530273,8.149999618530273,8.151200294494629,8.140000343322754,8.151200294494629,3426.0
2024-03-01 13:47:00,NPCE,16.520000457763672,16.520000457763672,16.520000457763672,16.520000457763672,16.520000457763672,111.0
2024-03-01 13:47:00,NRBO,5.989999771118164,5.989999771118164,5.989999771118164,5.989999771118164,5.989999771118164,264.0
2024-03-01 13:47:00,NRC,40.56999969482422,40.56999969482422,40.56999969482422,40.56999969482422,40.56999969482422,434.0
2024-03-01 13:47:00,NRIX,13.680000305175781,13.680000305175781,13.71500015258789,13.680000305175781,13.699999809265137,2587.0
2024-03-01 13:47:00,NRSN,2.035900115966797,2.035900115966797,2.0399999618530273,2.035900115966797,2.0399999618530273,530.0
2024-03-01 13:47:00,NRXP,0.4262000024318695,0.4262000024318695,0.4262000024318695,0.42500001192092896,0.42500001192092896,2425.0
2024-03-01 13:47:00,NTLA,33.44499969482422,33.44499969482422,33.47999954223633,33.44499969482422,33.47999954223633,1136.0
2024-03-01 13:47:00,NTRA,89.20999908447266,89.20999908447266,89.36000061035156,89.20999908447266,89.33999633789062,6914.0
2024-03-01 13:47:00,NUTX,0.11299999803304672,0.11299999803304672,0.11299999803304672,0.11299999803304672,0.11299999803304672,115.0
2024-03-01 13:47:00,NUVL,88.3499984741211,88.3499984741211,88.3499984741211,88.3499984741211,88.3499984741211,216.0
2024-03-01 13:47:00,NVAX,5.191199779510498,5.191199779510498,5.204999923706055,5.190000057220459,5.204999923706055,13077.0
2024-03-01 13:47:00,NVCR,16.024999618530273,16.024999618530273,16.024999618530273,16.024999618530273,16.024999618530273,133.0
2024-03-01 13:47:00,NVNO,6.360099792480469,6.360099792480469,6.360099792480469,6.360099792480469,6.360099792480469,304.0
2024-03-01 13:47:00,NXTC,1.75,1.75,1.75,1.75,1.75,100.0
2024-03-01 13:47:00,OCGN,0.9696999788284302,0.9696999788284302,0.9696999788284302,0.9685999751091003,0.9685999751091003,760.0
2024-03-01 13:47:00,OCUL,10.810500144958496,10.810500144958496,10.819999694824219,10.8100004196167,10.819999694824219,1159.0
2024-03-01 13:47:00,OLK,23.06999969482422,23.06999969482422,23.06999969482422,23.020000457763672,23.045000076293945,59694.0
2024-03-01 13:47:00,OLMA,14.75,14.75,14.789999961853027,14.720000267028809,14.789999961853027,3082.0
2024-03-01 13:47:00,OM,3.140000104904175,3.140000104904175,3.160099983215332,3.140000104904175,3.160099983215332,3901.0
2024-03-01 13:47:00,OMCL,26.374000549316406,26.374000549316406,26.374000549316406,26.374000549316406,26.374000549316406,291.0
2024-03-01 13:47:00,OMGA,4.329999923706055,4.329999923706055,4.349999904632568,4.329999923706055,4.330100059509277,4876.0
2024-03-01 13:47:00,OMIC,0.5999000072479248,0.5999000072479248,0.6084499955177307,0.5999000072479248,0.6084499955177307,200.0
2024-03-01 13:48:00,AADI,1.9950000047683716,1.9950000047683716,1.9950000047683716,1.9950000047683716,1.9950000047683716,105.0
2024-03-01 13:48:00,ABCL,5.184999942779541,5.184999942779541,5.195000171661377,5.184999942779541,5.190000057220459,5353.0
2024-03-01 13:48:00,ABEO,7.789999961853027,7.789999961853027,7.820000171661377,7.789999961853027,7.820000171661377,1871.0
2024-03-01 13:48:00,ABSI,5.440000057220459,5.440000057220459,5.440000057220459,5.434999942779541,5.434999942779541,6828.0
2024-03-01 13:48:00,ABUS,2.759999990463257,2.759999990463257,2.7699999809265137,2.755000114440918,2.7699999809265137,9182.0
2024-03-01 13:48:00,ACAD,24.280000686645508,24.280000686645508,24.290000915527344,24.274999618530273,24.290000915527344,2331.0
2024-03-01 13:48:00,ACB,3.2149999141693115,3.2149999141693115,3.220099925994873,3.2149999141693115,3.2200000286102295,11423.0
2024-03-01 13:48:00,ACET,2.390000104904175,2.390000104904175,2.3949999809265137,2.390000104904175,2.3949999809265137,859.0
2024-03-01 13:48:00,ACHV,4.349999904632568,4.349999904632568,4.349999904632568,4.349999904632568,4.349999904632568,100.0
2024-03-01 13:48:00,ACIU,3.944999933242798,3.944999933242798,3.944999933242798,3.944999933242798,3.944999933242798,149.0
2024-03-01 13:48:00,ACLX,67.94499969482422,67.94499969482422,68.01000213623047,67.94499969482422,68.01000213623047,464.0
2024-03-01 13:48:00,ACRS,1.2350000143051147,1.2350000143051147,1.2400000095367432,1.2300000190734863,1.2350000143051147,3688.0
2024-03-01 13:48:00,ADIL,3.3299999237060547,3.3299999237060547,3.369999885559082,3.2200000286102295,3.220099925994873,266670.0
2024-03-01 13:48:00,ADMA,5.554999828338623,5.554999828338623,5.559999942779541,5.550000190734863,5.550000190734863,1072.0
2024-03-01 13:48:00,ADPT,4.144999980926514,4.144999980926514,4.150000095367432,4.144999980926514,4.150000095367432,314.0
2024-03-01 13:48:00,ADVM,1.9600000381469727,1.9600000381469727,1.9600000381469727,1.9600000381469727,1.9600000381469727,1839.0
2024-03-01 13:48:00,ADXN,9.199999809265137,9.199999809265137,9.199999809265137,9.199999809265137,9.199999809265137,457.0
2024-03-01 13:48:00,AFMD,0.6499999761581421,0.6499999761581421,0.6499999761581421,0.6499999761581421,0.6499999761581421,180.0
2024-03-01 13:48:00,AHCO,10.5600004196167,10.5600004196167,10.5600004196167,10.5600004196167,10.5600004196167,841.0
2024-03-01 13:48:00,AIRS,6.465000152587891,6.465000152587891,6.489999771118164,6.449999809265137,6.489999771118164,753.0
2024-03-01 13:48:00,AKAN,0.20999999344348907,0.20999999344348907,0.20999999344348907,0.20999999344348907,0.20999999344348907,6448.0
2024-03-01 13:48:00,AKBA,1.6799999475479126,1.6799999475479126,1.6875,1.6799999475479126,1.6799999475479126,601.0
2024-03-01 13:48:00,AKLI,0.35030001401901245,0.35030001401901245,0.35030001401901245,0.35030001401901245,0.35030001401901245,437.0
2024-03-01 13:48:00,AKRO,29.979999542236328,29.979999542236328,29.981000900268555,29.979999542236328,29.981000900268555,477.0
2024-03-01 13:48:00,ALDX,4.289999961853027,4.289999961853027,4.29010009765625,4.289999961853027,4.29010009765625,6809.0
2024-03-01 13:48:00,ALEC,7.329999923706055,7.329999923706055,7.329999923706055,7.320000171661377,7.320000171661377,996.0
2024-03-01 13:48:00,ALGN,304.239990234375,304.239990234375,304.2699890136719,304.2200012207031,304.2200012207031,2098.0
2024-03-01 13:48:00,ALGS,1.117900013923645,1.117900013923645,1.117900013923645,1.117900013923645,1.117900013923645,849.0
2024-03-01 13:48:00,ALHC,5.672500133514404,5.672500133514404,5.672500133514404,5.672500133514404,5.672500133514404,209.0
2024-03-01 13:48:00,ALKS,30.219999313354492,30.219999313354492,30.219999313354492,30.219999313354492,30.219999313354492,1617.0
2024-03-01 13:48:00,ALLK,1.659999966621399,1.659999966621399,1.659999966621399,1.6549999713897705,1.6549999713897705,599.0
2024-03-01 13:48:00,ALLR,0.41200000047683716,0.41200000047683716,0.41200000047683716,0.4099999964237213,0.4099999964237213,5002.0
2024-03-01 13:48:00,ALNY,153.08999633789062,153.08999633789062,153.08999633789062,153.08999633789062,153.08999633789062,184.0
2024-03-01 13:48:00,ALT,12.100000381469727,12.100000381469727,12.119999885559082,12.079999923706055,12.119999885559082,5031.0
2024-03-01 13:48:00,ALVR,0.7541000247001648,0.7541000247001648,0.7541000247001648,0.7541000247001648,0.7541000247001648,190.0
2024-03-01 13:48:00,ALXO,15.069999694824219,15.069999694824219,15.069999694824219,15.069999694824219,15.069999694824219,515.0
2024-03-01 13:48:00,AMED,93.4800033569336,93.4800033569336,93.48999786376953,93.4800033569336,93.4800033569336,855.0
2024-03-01 13:48:00,AMGN,280.9530944824219,280.9530944824219,281.07000732421875,280.94000244140625,281.07000732421875,2490.0
2024-03-01 13:48:00,AMLX,18.679399490356445,18.679399490356445,18.679399490356445,18.679399490356445,18.679399490356445,112.0
2024-03-01 13:48:00,AMPH,45.39500045776367,45.39500045776367,45.39500045776367,45.373199462890625,45.373199462890625,1665.0
2024-03-01 13:48:00,AMRN,1.0499999523162842,1.0499999523162842,1.059999942779541,1.0499999523162842,1.0499999523162842,20527.0
2024-03-01 13:48:00,ANAB,25.434999465942383,25.434999465942383,25.434999465942383,25.3799991607666,25.3799991607666,411.0
2024-03-01 13:48:00,ANGO,5.513500213623047,5.513500213623047,5.513500213623047,5.513500213623047,5.513500213623047,323.0
2024-03-01 13:48:00,ANIP,66.34500122070312,66.34500122070312,66.51000213623047,66.34500122070312,66.48999786376953,1443.0
2024-03-01 13:48:00,ANNX,6.167500019073486,6.167500019073486,6.167500019073486,6.130000114440918,6.150000095367432,3453.0
2024-03-01 13:48:00,APLS,65.18000030517578,65.18000030517578,65.22000122070312,65.16000366210938,65.16000366210938,6037.0
2024-03-01 13:48:00,APLT,7.130000114440918,7.130000114440918,7.130000114440918,7.130000114440918,7.130000114440918,313.0
2024-03-01 13:48:00,APVO,0.16619999706745148,0.16619999706745148,0.16619999706745148,0.16619999706745148,0.16619999706745148,2000.0
2024-03-01 13:48:00,AQST,4.250800132751465,4.250800132751465,4.275000095367432,4.250100135803223,4.275000095367432,3178.0
2024-03-01 13:48:00,ARCT,39.7400016784668,39.7400016784668,39.7400016784668,39.68000030517578,39.689998626708984,824.0
2024-03-01 13:48:00,ARDX,9.449999809265137,9.449999809265137,9.458200454711914,9.449999809265137,9.449999809265137,2655.0
2024-03-01 13:48:00,ARQT,11.87339973449707,11.87339973449707,11.87339973449707,11.84000015258789,11.859999656677246,5471.0
2024-03-01 13:48:00,ARVN,48.880001068115234,48.880001068115234,48.959999084472656,48.880001068115234,48.959999084472656,792.0
2024-03-01 13:48:00,ARWR,35.709999084472656,35.709999084472656,35.75,35.709999084472656,35.724998474121094,526.0
2024-03-01 13:48:00,ASND,152.5500030517578,152.5500030517578,152.5500030517578,152.5500030517578,152.5500030517578,190.0
2024-03-01 13:48:00,ASRT,0.9034000039100647,0.9034000039100647,0.9034000039100647,0.9034000039100647,0.9034000039100647,100.0
2024-03-01 13:48:00,ATAI,2.1500000953674316,2.1500000953674316,2.1500000953674316,2.1449999809265137,2.1449999809265137,375.0
2024-03-01 13:48:00,ATEC,13.425000190734863,13.425000190734863,13.425000190734863,13.425000190734863,13.425000190734863,620.0
2024-03-01 13:48:00,ATHA,3.9999001026153564,3.9999001026153564,3.9999001026153564,3.994999885559082,3.994999885559082,600.0
2024-03-01 13:48:00,ATRA,0.7860999703407288,0.7860999703407288,0.7860999703407288,0.7800999879837036,0.7800999879837036,6230.0
2024-03-01 13:48:00,ATXI,0.1543000042438507,0.1543000042438507,0.1543000042438507,0.1543000042438507,0.1543000042438507,210.0
2024-03-01 13:48:00,AUGX,4.510000228881836,4.510000228881836,4.510000228881836,4.510000228881836,4.510000228881836,100.0
2024-03-01 13:48:00,AUPH,5.837500095367432,5.837500095367432,5.837500095367432,5.831699848175049,5.831699848175049,4072.0
2024-03-01 13:48:00,AUTL,6.355000019073486,6.355000019073486,6.355000019073486,6.355000019073486,6.355000019073486,100.0
2024-03-01 13:48:00,AVDL,13.244999885559082,13.244999885559082,13.25,13.239999771118164,13.244999885559082,1503.0
2024-03-01 13:48:00,AVXL,5.324999809265137,5.324999809265137,5.324999809265137,5.309999942779541,5.309999942779541,19212.0
2024-03-01 13:48:00,AXGN,10.539999961853027,10.539999961853027,10.5600004196167,10.539999961853027,10.550000190734863,1065.0
2024-03-01 13:48:00,AXSM,82.25,82.25,82.25,82.25,82.25,550.0
2024-03-01 13:48:00,AZN,64.69000244140625,64.69000244140625,64.69000244140625,64.68499755859375,64.69000244140625,5314.0
2024-03-01 13:48:00,BBIO,36.040000915527344,36.040000915527344,36.060001373291016,36.040000915527344,36.060001373291016,1176.0
2024-03-01 13:48:00,BCAB,2.7149999141693115,2.7149999141693115,2.7149999141693115,2.7149999141693115,2.7149999141693115,177.0
2024-03-01 13:48:00,BCYC,26.25,26.25,26.25,26.239999771118164,26.239999771118164,255.0
2024-03-01 13:48:00,BDTX,4.974999904632568,4.974999904632568,4.974999904632568,4.974999904632568,4.974999904632568,279.0
2024-03-01 13:48:00,BEAM,40.540000915527344,40.540000915527344,40.540000915527344,40.540000915527344,40.540000915527344,392.0
2024-03-01 13:48:00,BIOL,0.14740000665187836,0.14740000665187836,0.14745000004768372,0.14489999413490295,0.14489999413490295,157451.0
2024-03-01 13:48:00,BIOR,1.0800000429153442,1.0800000429153442,1.0800000429153442,1.0800000429153442,1.0800000429153442,259.0
2024-03-01 13:48:00,BIVI,2.0899999141693115,2.0899999141693115,2.109999895095825,2.069999933242798,2.0999999046325684,153839.0
2024-03-01 13:48:00,BLRX,1.3842999935150146,1.3842999935150146,1.3842999935150146,1.3842999935150146,1.3842999935150146,866.0
2024-03-01 13:48:00,BLUE,1.597000002861023,1.597000002861023,1.597000002861023,1.590000033378601,1.590000033378601,5744.0
2024-03-01 13:48:00,BMEA,18.235000610351562,18.235000610351562,18.235000610351562,18.219999313354492,18.235000610351562,2238.0
2024-03-01 13:48:00,BMRA,1.2200000286102295,1.2200000286102295,1.2200000286102295,1.2200000286102295,1.2200000286102295,412.0
2024-03-01 13:48:00,BMRN,87.95999908447266,87.95999908447266,87.98999786376953,87.91999816894531,87.91999816894531,3981.0
2024-03-01 13:48:00,BNGO,1.2625000476837158,1.2625000476837158,1.2649999856948853,1.2625000476837158,1.2649999856948853,2040.0
2024-03-01 13:48:00,BNR,0.8394500017166138,0.8394500017166138,0.8394500017166138,0.8394500017166138,0.8394500017166138,100.0
2024-03-01 13:48:00,BOLT,1.190000057220459,1.190000057220459,1.190000057220459,1.190000057220459,1.190000057220459,639.0
2024-03-01 13:48:00,BRKR,88.30999755859375,88.30999755859375,88.31999969482422,88.30999755859375,88.31999969482422,722.0
2024-03-01 13:48:00,BTTX,0.18199999630451202,0.18199999630451202,0.1851000040769577,0.18000000715255737,0.18000000715255737,64522.0
2024-03-01 13:48:00,BWAY,6.53000020980835,6.53000020980835,6.53000020980835,6.53000020980835,6.53000020980835,200.0
2024-03-01 13:48:00,CABA,24.127500534057617,24.127500534057617,24.149999618530273,24.114999771118164,24.1299991607666,1544.0
2024-03-01 13:48:00,CBAY,32.22999954223633,32.22999954223633,32.2400016784668,32.22999954223633,32.2400016784668,5842.0
2024-03-01 13:48:00,CCCC,10.994999885559082,10.994999885559082,10.994999885559082,10.979999542236328,10.979999542236328,2124.0
2024-03-01 13:48:00,CCRN,18.184999465942383,18.184999465942383,18.184999465942383,18.184999465942383,18.184999465942383,291.0
2024-03-01 13:48:00,CDMO,8.109999656677246,8.109999656677246,8.109999656677246,8.109999656677246,8.109999656677246,101.0
2024-03-01 13:48:00,CDNA,12.350000381469727,12.350000381469727,12.350000381469727,12.350000381469727,12.350000381469727,1548.0
2024-03-01 13:48:00,CDXS,4.565000057220459,4.565000057220459,4.570000171661377,4.565000057220459,4.570000171661377,2142.0
2024-03-01 13:48:00,CERE,41.099998474121094,41.099998474121094,41.11000061035156,41.099998474121094,41.099998474121094,1005.0
2024-03-01 13:48:00,CERT,17.895000457763672,17.895000457763672,17.899999618530273,17.8799991607666,17.899999618530273,2506.0
2024-03-01 13:48:00,CGC,3.240000009536743,3.240000009536743,3.244999885559082,3.240000009536743,3.2400999069213867,2044.0
2024-03-01 13:48:00,CGEM,18.639999389648438,18.639999389648438,18.639999389648438,18.639999389648438,18.639999389648438,212.0
2024-03-01 13:48:00,CHRS,2.4149999618530273,2.4149999618530273,2.4200000762939453,2.4100000858306885,2.4200000762939453,10079.0
2024-03-01 13:48:00,CING,1.3450000286102295,1.3450000286102295,1.3450000286102295,1.3450000286102295,1.3450000286102295,326.0
2024-03-01 13:48:00,CKPT,2.190000057220459,2.190000057220459,2.190000057220459,2.190000057220459,2.190000057220459,100.0
2024-03-01 13:48:00,CLDX,52.52000045776367,52.52000045776367,52.52000045776367,52.380001068115234,52.470001220703125,9787.0
2024-03-01 13:48:00,CLNN,0.39010000228881836,0.39010000228881836,0.39500001072883606,0.39010000228881836,0.39500001072883606,6200.0
2024-03-01 13:48:00,CLOV,0.8701000213623047,0.8701000213623047,0.870199978351593,0.8701000213623047,0.870199978351593,19729.0
2024-03-01 13:48:00,CLRB,4.130000114440918,4.130000114440918,4.130000114440918,4.130000114440918,4.130000114440918,2887.0
2024-03-01 13:48:00,CLSD,1.3799999952316284,1.3799999952316284,1.3799999952316284,1.3799999952316284,1.3799999952316284,217.0
2024-03-01 13:48:00,CMPS,11.289999961853027,11.289999961853027,11.3100004196167,11.289999961853027,11.3100004196167,3465.0
2024-03-01 13:48:00,COGT,7.170000076293945,7.170000076293945,7.175000190734863,7.170000076293945,7.170000076293945,871.0
2024-03-01 13:48:00,CPRX,17.43000030517578,17.43000030517578,17.43000030517578,17.43000030517578,17.43000030517578,918.0
2024-03-01 13:48:00,CPSI,9.487299919128418,9.487299919128418,9.5,9.487299919128418,9.5,1865.0
2024-03-01 13:48:00,CRBP,32.724998474121094,32.724998474121094,32.724998474121094,32.724998474121094,32.724998474121094,161.0
2024-03-01 13:48:00,CRBU,7.920000076293945,7.920000076293945,7.934999942779541,7.920000076293945,7.929999828338623,2871.0
2024-03-01 13:48:00,CRDF,2.4800000190734863,2.4800000190734863,2.5000998973846436,2.4700000286102295,2.5000998973846436,23842.0
2024-03-01 13:48:00,CRDL,1.9600000381469727,1.9600000381469727,1.9600000381469727,1.9500000476837158,1.9500000476837158,3835.0
2024-03-01 13:48:00,CRMD,3.7200000286102295,3.7200000286102295,3.7249999046325684,3.7200000286102295,3.7249999046325684,1500.0
2024-03-01 13:48:00,CRNX,46.61000061035156,46.61000061035156,46.67649841308594,46.560001373291016,46.560001373291016,2443.0
2024-03-01 13:48:00,CRON,2.055000066757202,2.055000066757202,2.055000066757202,2.049999952316284,2.049999952316284,202.0
2024-03-01 13:48:00,CRSP,85.70999908447266,85.70999908447266,85.75,85.64440155029297,85.66000366210938,3499.0
2024-03-01 13:48:00,CTKB,8.885000228881836,8.885000228881836,8.899999618530273,8.885000228881836,8.890000343322754,2634.0
2024-03-01 13:48:00,CTMX,2.5850000381469727,2.5850000381469727,2.5850000381469727,2.5804998874664307,2.5850000381469727,575.0
2024-03-01 13:48:00,CTXR,0.7700999975204468,0.7700999975204468,0.7700999975204468,0.7700999975204468,0.7700999975204468,300.0
2024-03-01 13:48:00,CUE,2.174999952316284,2.174999952316284,2.174999952316284,2.1700000762939453,2.1700000762939453,387.0
2024-03-01 13:48:00,CVAC,3.494999885559082,3.494999885559082,3.494999885559082,3.494999885559082,3.494999885559082,204.0
2024-03-01 13:48:00,CYTK,72.65499877929688,72.65499877929688,72.68000030517578,72.6449966430664,72.65499877929688,1127.0
2024-03-01 13:48:00,DAWN,17.549999237060547,17.549999237060547,17.549999237060547,17.540000915527344,17.545000076293945,3348.0
2024-03-01 13:48:00,DCGO,4.190000057220459,4.190000057220459,4.199999809265137,4.190000057220459,4.199999809265137,3442.0
2024-03-01 13:48:00,DERM,4.050000190734863,4.050000190734863,4.050000190734863,4.050000190734863,4.050000190734863,100.0
2024-03-01 13:48:00,DH,8.859999656677246,8.859999656677246,8.86989974975586,8.850000381469727,8.86989974975586,3717.0
2024-03-01 13:48:00,DMTK,0.8508999943733215,0.8508999943733215,0.8508999943733215,0.8431010246276855,0.8469489812850952,1500.0
2024-03-01 13:48:00,DNLI,21.2450008392334,21.2450008392334,21.25,21.229999542236328,21.25,836.0
2024-03-01 13:48:00,DRTS,2.993799924850464,2.993799924850464,2.993799924850464,2.993799924850464,2.993799924850464,1199.0
2024-03-01 13:48:00,DSGN,2.9049999713897705,2.9049999713897705,2.9049999713897705,2.9049999713897705,2.9049999713897705,140.0
2024-03-01 13:48:00,DTIL,12.390000343322754,12.390000343322754,12.399999618530273,12.369999885559082,12.390000343322754,3592.0
2024-03-01 13:48:00,DVAX,12.864999771118164,12.864999771118164,12.864999771118164,12.859999656677246,12.859999656677246,519.0
2024-03-01 13:48:00,DXCM,121.56999969482422,121.56999969482422,121.83999633789062,121.56999969482422,121.80999755859375,5676.0
2024-03-01 13:48:00,DYN,28.790000915527344,28.790000915527344,28.899999618530273,28.790000915527344,28.899999618530273,1627.0
2024-03-01 13:48:00,EDIT,10.925000190734863,10.925000190734863,10.925000190734863,10.914999961853027,10.920000076293945,2854.0
2024-03-01 13:48:00,EGRX,6.670000076293945,6.670000076293945,6.670000076293945,6.670000076293945,6.670000076293945,203.0
2024-03-01 13:48:00,ELEV,5.025000095367432,5.025000095367432,5.03000020980835,5.006700038909912,5.006700038909912,1282.0
2024-03-01 13:48:00,ENSG,122.16000366210938,122.16000366210938,122.16000366210938,122.16000366210938,122.16000366210938,568.0
2024-03-01 13:48:00,ENTA,15.359000205993652,15.359000205993652,15.359000205993652,15.359000205993652,15.359000205993652,304.0
2024-03-01 13:48:00,ENTX,1.4000999927520752,1.4000999927520752,1.4049999713897705,1.4000999927520752,1.4049999713897705,200.0
2024-03-01 13:48:00,ENVB,1.5399999618530273,1.5399999618530273,1.5399999618530273,1.524999976158142,1.524999976158142,838.0
2024-03-01 13:48:00,EPIX,9.550000190734863,9.550000190734863,9.550000190734863,9.550000190734863,9.550000190734863,325.0
2024-03-01 13:48:00,ERAS,2.509999990463257,2.509999990463257,2.509999990463257,2.484999895095825,2.484999895095825,35084.0
2024-03-01 13:48:00,ESPR,2.53439998626709,2.53439998626709,2.53439998626709,2.53439998626709,2.53439998626709,1321.0
2024-03-01 13:48:00,ESTA,45.349998474121094,45.349998474121094,45.349998474121094,45.349998474121094,45.349998474121094,110.0
2024-03-01 13:48:00,ETNB,13.039999961853027,13.039999961853027,13.050000190734863,13.029999732971191,13.050000190734863,3313.0
2024-03-01 13:48:00,EWTX,17.010000228881836,17.010000228881836,17.020000457763672,17.0,17.0,5386.0
2024-03-01 13:48:00,EXAS,60.02000045776367,60.02000045776367,60.02000045776367,59.970001220703125,60.0,1253.0
2024-03-01 13:48:00,EXEL,22.510000228881836,22.510000228881836,22.510000228881836,22.482500076293945,22.489999771118164,6485.0
2024-03-01 13:48:00,EYEN,2.399899959564209,2.399899959564209,2.399899959564209,2.380000114440918,2.390000104904175,5539.0
2024-03-01 13:48:00,EYPT,27.979999542236328,27.979999542236328,28.0,27.979999542236328,27.979999542236328,502.0
2024-03-01 13:48:00,FATE,7.739999771118164,7.739999771118164,7.739999771118164,7.739999771118164,7.739999771118164,105.0
2024-03-01 13:48:00,FBIO,2.359999895095825,2.359999895095825,2.359999895095825,2.359999895095825,2.359999895095825,238.0
2024-03-01 13:48:00,FDMT,29.5049991607666,29.5049991607666,29.5049991607666,29.5049991607666,29.5049991607666,648.0
2024-03-01 13:48:00,FEMY,1.7200000286102295,1.7200000286102295,1.7200000286102295,1.7200000286102295,1.7200000286102295,400.0
2024-03-01 13:48:00,FENC,9.760000228881836,9.760000228881836,9.760000228881836,9.760000228881836,9.760000228881836,1622.0
2024-03-01 13:48:00,FGEN,1.8700000047683716,1.8700000047683716,1.8799999952316284,1.8672000169754028,1.8799999952316284,8621.0
2024-03-01 13:48:00,FLGC,1.1612000465393066,1.1612000465393066,1.1612000465393066,1.1612000465393066,1.1612000465393066,100.0
2024-03-01 13:48:00,FOLD,13.395000457763672,13.395000457763672,13.399999618530273,13.395000457763672,13.399999618530273,1201.0
2024-03-01 13:48:00,FULC,11.119999885559082,11.119999885559082,11.119999885559082,11.114999771118164,11.114999771118164,420.0
2024-03-01 13:48:00,FUSN,12.399999618530273,12.399999618530273,12.40999984741211,12.399999618530273,12.40999984741211,320.0
2024-03-01 13:48:00,FWBI,8.444999694824219,8.444999694824219,8.444999694824219,8.4399995803833,8.444999694824219,400.0
2024-03-01 13:48:00,GALT,1.9600000381469727,1.9600000381469727,1.965000033378601,1.9600000381469727,1.965000033378601,330.0
2024-03-01 13:48:00,GBIO,2.619999885559082,2.619999885559082,2.619999885559082,2.619999885559082,2.619999885559082,100.0
2024-03-01 13:48:00,GDRX,8.380000114440918,8.380000114440918,8.385000228881836,8.375,8.385000228881836,4300.0
2024-03-01 13:48:00,GERN,2.2799999713897705,2.2799999713897705,2.2799999713897705,2.2701001167297363,2.2799999713897705,15079.0
2024-03-01 13:48:00,GILD,72.3499984741211,72.3499984741211,72.36499786376953,72.34500122070312,72.36499786376953,4955.0
2024-03-01 13:48:00,GLMD,0.39980000257492065,0.39980000257492065,0.39980000257492065,0.39969998598098755,0.39969998598098755,11401.0
2024-03-01 13:48:00,GMAB,29.3700008392334,29.3700008392334,29.3700008392334,29.3700008392334,29.3700008392334,158.0
2024-03-01 13:48:00,GNPX,4.565000057220459,4.565000057220459,4.565000057220459,4.565000057220459,4.565000057220459,249.0
2024-03-01 13:48:00,GRFS,7.085000038146973,7.085000038146973,7.085000038146973,7.085000038146973,7.085000038146973,101.0
2024-03-01 13:48:00,GRPH,3.4649999141693115,3.4649999141693115,3.4649999141693115,3.4649999141693115,3.4649999141693115,100.0
2024-03-01 13:48:00,GRTS,2.130000114440918,2.130000114440918,2.139899969100952,2.130000114440918,2.130000114440918,3998.0
2024-03-01 13:48:00,GRTX,0.22990000247955322,0.22990000247955322,0.22990000247955322,0.22990000247955322,0.22990000247955322,2154.0
2024-03-01 13:48:00,GTHX,3.75,3.75,3.765000104904175,3.75,3.758699893951416,6272.0
2024-03-01 13:48:00,HALO,41.400001525878906,41.400001525878906,41.40999984741211,41.375,41.375,3898.0
2024-03-01 13:48:00,HCAT,8.079999923706055,8.079999923706055,8.085000038146973,8.079999923706055,8.085000038146973,2703.0
2024-03-01 13:48:00,HLVX,19.06999969482422,19.06999969482422,19.06999969482422,19.0,19.059999465942383,629.0
2024-03-01 13:48:00,HOLX,74.22000122070312,74.22000122070312,74.22000122070312,74.22000122070312,74.22000122070312,987.0
2024-03-01 13:48:00,HRTX,2.5799999237060547,2.5799999237060547,2.5799999237060547,2.5799999237060547,2.5799999237060547,300.0
2024-03-01 13:48:00,HSIC,76.79100036621094,76.79100036621094,76.83999633789062,76.79100036621094,76.83999633789062,8367.0
2024-03-01 13:48:00,HUMA,3.2850000858306885,3.2850000858306885,3.2899999618530273,3.280100107192993,3.2850000858306885,7581.0
2024-03-01 13:48:00,IART,36.53499984741211,36.53499984741211,36.53499984741211,36.52000045776367,36.529998779296875,1588.0
2024-03-01 13:48:00,IBRX,4.840000152587891,4.840000152587891,4.840000152587891,4.840000152587891,4.840000152587891,315.0
2024-03-01 13:48:00,ICCM,1.2999999523162842,1.2999999523162842,1.2999999523162842,1.2999999523162842,1.2999999523162842,100.0
2024-03-01 13:48:00,ICLR,322.4599914550781,322.4599914550781,322.82000732421875,322.4599914550781,322.82000732421875,1058.0
2024-03-01 13:48:00,ICUI,106.18499755859375,106.18499755859375,106.18499755859375,106.16000366210938,106.16000366210938,1204.0
2024-03-01 13:48:00,IINN,1.6799999475479126,1.6799999475479126,1.6799999475479126,1.6775000095367432,1.6799999475479126,1820.0
2024-03-01 13:48:00,IMCR,67.98500061035156,67.98500061035156,68.18000030517578,67.8499984741211,68.18000030517578,5650.0
2024-03-01 13:48:00,IMMX,3.565000057220459,3.565000057220459,3.565000057220459,3.565000057220459,3.565000057220459,101.0
2024-03-01 13:48:00,IMNM,25.5,25.5,25.5,25.5,25.5,425.0
2024-03-01 13:48:00,IMNN,1.0300999879837036,1.0300999879837036,1.0399999618530273,1.0300999879837036,1.0399999618530273,400.0
2024-03-01 13:48:00,IMUX,1.4700000286102295,1.4700000286102295,1.4700000286102295,1.4700000286102295,1.4700000286102295,122.0
2024-03-01 13:48:00,IMVT,35.84000015258789,35.84000015258789,35.869998931884766,35.84000015258789,35.86000061035156,2649.0
2024-03-01 13:48:00,INBX,36.54999923706055,36.54999923706055,36.54999923706055,36.5,36.5,932.0
2024-03-01 13:48:00,INCY,59.35100173950195,59.35100173950195,59.3650016784668,59.349998474121094,59.3650016784668,931.0
2024-03-01 13:48:00,INGN,6.78000020980835,6.78000020980835,6.789999961853027,6.78000020980835,6.789999961853027,501.0
2024-03-01 13:48:00,INMD,22.837900161743164,22.837900161743164,22.837900161743164,22.837900161743164,22.837900161743164,371.0
2024-03-01 13:48:00,INO,9.572400093078613,9.572400093078613,9.579999923706055,9.569999694824219,9.579999923706055,433.0
2024-03-01 13:48:00,INSM,28.235000610351562,28.235000610351562,28.2549991607666,28.235000610351562,28.2549991607666,710.0
2024-03-01 13:48:00,INVA,15.569999694824219,15.569999694824219,15.604999542236328,15.569999694824219,15.604999542236328,2964.0
2024-03-01 13:48:00,INVO,1.2199000120162964,1.2199000120162964,1.2199000120162964,1.2199000120162964,1.2199000120162964,944.0
2024-03-01 13:48:00,IOBT,1.8300000429153442,1.8300000429153442,1.8300000429153442,1.8300000429153442,1.8300000429153442,160.0
2024-03-01 13:48:00,IONM,0.3481000065803528,0.3481000065803528,0.3481000065803528,0.3481000065803528,0.3481000065803528,100.0
2024-03-01 13:48:00,IONS,46.0,46.0,46.0099983215332,46.0,46.0,707.0
2024-03-01 13:48:00,IOVA,17.094999313354492,17.094999313354492,17.100000381469727,17.06999969482422,17.075000762939453,8763.0
2024-03-01 13:48:00,IPSC,3.9100000858306885,3.9100000858306885,3.9100000858306885,3.9000000953674316,3.9000000953674316,5993.0
2024-03-01 13:48:00,IRTC,121.36499786376953,121.36499786376953,121.36499786376953,121.2699966430664,121.36499786376953,716.0
2024-03-01 13:48:00,IRWD,9.015000343322754,9.015000343322754,9.020000457763672,9.005000114440918,9.020000457763672,8417.0
2024-03-01 13:48:00,ISRG,395.7799987792969,395.7799987792969,395.79998779296875,395.4800109863281,395.5,3813.0
2024-03-01 13:48:00,ITCI,71.76499938964844,71.76499938964844,71.76499938964844,71.76499938964844,71.76499938964844,1838.0
2024-03-01 13:48:00,JAGX,0.07540000230073929,0.07540000230073929,0.07540000230073929,0.07509999722242355,0.07540000230073929,139940.0
2024-03-01 13:48:00,JANX,46.0,46.0,46.0,46.0,46.0,695.0
2024-03-01 13:48:00,JAZZ,119.23999786376953,119.23999786376953,119.45500183105469,119.23999786376953,119.45500183105469,3215.0
2024-03-01 13:48:00,KIDS,27.6299991607666,27.6299991607666,27.6299991607666,27.600000381469727,27.600000381469727,277.0
2024-03-01 13:48:00,KNSA,21.770000457763672,21.770000457763672,21.809999465942383,21.770000457763672,21.790000915527344,5097.0
2024-03-01 13:48:00,KNTE,2.5999999046325684,2.5999999046325684,2.5999999046325684,2.5999999046325684,2.5999999046325684,1104.0
2024-03-01 13:48:00,KOD,6.080100059509277,6.080100059509277,6.080999851226807,6.079999923706055,6.080999851226807,2049.0
2024-03-01 13:48:00,KPRX,0.6449000239372253,0.6449000239372253,0.6449999809265137,0.6449000239372253,0.6449999809265137,607.0
2024-03-01 13:48:00,KPTI,1.1950000524520874,1.1950000524520874,1.2000000476837158,1.1950000524520874,1.1950000524520874,1056.0
2024-03-01 13:48:00,KROS,70.02999877929688,70.02999877929688,70.05999755859375,69.8499984741211,69.95999908447266,1407.0
2024-03-01 13:48:00,KRTX,316.75,316.75,316.8299865722656,316.75,316.7699890136719,903.0
2024-03-01 13:48:00,KRYS,169.0800018310547,169.0800018310547,169.0800018310547,169.0800018310547,169.0800018310547,981.0
2024-03-01 13:48:00,KURA,21.760000228881836,21.760000228881836,21.825000762939453,21.760000228881836,21.825000762939453,2916.0
2024-03-01 13:48:00,KYMR,44.16999816894531,44.16999816894531,44.18000030517578,44.150001525878906,44.150001525878906,901.0
2024-03-01 13:48:00,KZR,1.0850000381469727,1.0850000381469727,1.090000033378601,1.0800000429153442,1.0850000381469727,962.0
2024-03-01 13:48:00,LAB,2.4649999141693115,2.4649999141693115,2.4649999141693115,2.4649999141693115,2.4649999141693115,582.0
2024-03-01 13:48:00,LEGN,65.7699966430664,65.7699966430664,65.7699966430664,65.7699966430664,65.7699966430664,118.0
2024-03-01 13:48:00,LFMD,8.0,8.0,8.0,7.994999885559082,7.994999885559082,709.0
2024-03-01 13:48:00,LFST,7.784999847412109,7.784999847412109,7.784999847412109,7.78000020980835,7.78000020980835,2812.0
2024-03-01 13:48:00,LIAN,4.860000133514404,4.860000133514404,4.860000133514404,4.860000133514404,4.860000133514404,100.0
2024-03-01 13:48:00,LIFE,1.9199999570846558,1.9199999570846558,1.9249999523162842,1.9199999570846558,1.9199999570846558,2000.0
2024-03-01 13:48:00,LMAT,68.2125015258789,68.2125015258789,68.2125015258789,68.2125015258789,68.2125015258789,326.0
2024-03-01 13:48:00,LNTH,65.13500213623047,65.13500213623047,65.13500213623047,65.13500213623047,65.13500213623047,353.0
2024-03-01 13:48:00,LQDA,14.694999694824219,14.694999694824219,14.699999809265137,14.680000305175781,14.680000305175781,12910.0
2024-03-01 13:48:00,LUCD,1.2400000095367432,1.2400000095367432,1.2400000095367432,1.2400000095367432,1.2400000095367432,100.0
2024-03-01 13:48:00,LVTX,2.890000104904175,2.890000104904175,2.930000066757202,2.890000104904175,2.9000000953674316,1255.0
2024-03-01 13:48:00,LXRX,2.5299999713897705,2.5299999713897705,2.5299999713897705,2.5250000953674316,2.5250000953674316,1644.0
2024-03-01 13:48:00,LYEL,3.200000047683716,3.200000047683716,3.200000047683716,3.200000047683716,3.200000047683716,100.0
2024-03-01 13:48:00,MACK,14.710000038146973,14.710000038146973,14.710000038146973,14.699999809265137,14.699999809265137,334.0
2024-03-01 13:48:00,MASI,128.6199951171875,128.6199951171875,128.7050018310547,128.61000061035156,128.63999938964844,1431.0
2024-03-01 13:48:00,MASS,7.375,7.375,7.375,7.375,7.375,106.0
2024-03-01 13:48:00,MCRB,1.2050000429153442,1.2050000429153442,1.2050000429153442,1.2000000476837158,1.2000000476837158,400.0
2024-03-01 13:48:00,MDGL,251.61839294433594,251.61839294433594,251.61839294433594,251.61839294433594,251.61839294433594,955.0
2024-03-01 13:48:00,MDRX,5.960000038146973,5.960000038146973,6.0,5.960000038146973,5.960000038146973,14929.0
2024-03-01 13:48:00,MDXG,8.664999961853027,8.664999961853027,8.664999961853027,8.664999961853027,8.664999961853027,428.0
2024-03-01 13:48:00,ME,0.572700023651123,0.572700023651123,0.5734000205993652,0.572700023651123,0.5734000205993652,5431.0
2024-03-01 13:48:00,MGNX,19.100000381469727,19.100000381469727,19.100000381469727,19.094999313354492,19.100000381469727,2056.0
2024-03-01 13:48:00,MHUA,0.699999988079071,0.699999988079071,0.699999988079071,0.699999988079071,0.699999988079071,200.0
2024-03-01 13:48:00,MIST,1.7300000190734863,1.7300000190734863,1.7300000190734863,1.7300000190734863,1.7300000190734863,100.0
2024-03-01 13:48:00,MLTX,50.970001220703125,50.970001220703125,51.0,50.959999084472656,51.0,2394.0
2024-03-01 13:48:00,MMSI,76.06999969482422,76.06999969482422,76.06999969482422,76.06999969482422,76.06999969482422,368.0
2024-03-01 13:48:00,MNKD,4.550000190734863,4.550000190734863,4.554999828338623,4.550000190734863,4.554999828338623,4516.0
2024-03-01 13:48:00,MNMD,6.210000038146973,6.210000038146973,6.210000038146973,6.210000038146973,6.210000038146973,1039.0
2024-03-01 13:48:00,MORF,39.33000183105469,39.33000183105469,39.33000183105469,39.33000183105469,39.33000183105469,325.0
2024-03-01 13:48:00,MREO,3.9890999794006348,3.9890999794006348,3.990000009536743,3.9890999794006348,3.990000009536743,1386.0
2024-03-01 13:48:00,MRNA,95.69000244140625,95.69000244140625,95.7300033569336,95.69000244140625,95.7135009765625,5058.0
2024-03-01 13:48:00,MRSN,5.949999809265137,5.949999809265137,5.954999923706055,5.945000171661377,5.954999923706055,3552.0
2024-03-01 13:48:00,MRUS,51.125,51.125,51.15999984741211,51.125,51.15999984741211,637.0
2024-03-01 13:48:00,MRVI,7.699999809265137,7.699999809265137,7.704999923706055,7.699999809265137,7.704999923706055,2558.0
2024-03-01 13:48:00,MXCT,4.764999866485596,4.764999866485596,4.764999866485596,4.764999866485596,4.764999866485596,164.0
2024-03-01 13:48:00,MYGN,22.020000457763672,22.020000457763672,22.020000457763672,22.020000457763672,22.020000457763672,144.0
2024-03-01 13:48:00,NARI,45.5,45.5,45.625,45.4900016784668,45.625,2428.0
2024-03-01 13:48:00,NAUT,2.609999895095825,2.609999895095825,2.609999895095825,2.609999895095825,2.609999895095825,102.0
2024-03-01 13:48:00,NBIX,132.16000366210938,132.16000366210938,132.16000366210938,132.16000366210938,132.16000366210938,544.0
2024-03-01 13:48:00,NEO,16.020000457763672,16.020000457763672,16.030000686645508,16.020000457763672,16.020000457763672,762.0
2024-03-01 13:48:00,NEOG,17.395000457763672,17.395000457763672,17.395000457763672,17.395000457763672,17.395000457763672,336.0
2024-03-01 13:48:00,NEPH,3.1700000762939453,3.1700000762939453,3.190000057220459,3.1700000762939453,3.1700000762939453,1571.0
2024-03-01 13:48:00,NEXI,6.454999923706055,6.454999923706055,6.454999923706055,6.454999923706055,6.454999923706055,100.0
2024-03-01 13:48:00,NGM,1.5299999713897705,1.5299999713897705,1.5300999879837036,1.5299999713897705,1.5299999713897705,5987.0
2024-03-01 13:48:00,NKTR,0.7754999995231628,0.7754999995231628,0.7754999995231628,0.7754999995231628,0.7754999995231628,856.0
2024-03-01 13:48:00,NKTX,12.800000190734863,12.800000190734863,12.800000190734863,12.789999961853027,12.800000190734863,486.0
2024-03-01 13:48:00,NLSP,0.39489999413490295,0.39489999413490295,0.39980000257492065,0.39489999413490295,0.39980000257492065,1013.0
2024-03-01 13:48:00,NMRD,0.08139999955892563,0.08139999955892563,0.08139999955892563,0.07900000363588333,0.08139999955892563,376.0
2024-03-01 13:48:00,NNOX,11.069999694824219,11.069999694824219,11.069999694824219,11.06149959564209,11.069999694824219,362.0
2024-03-01 13:48:00,NOTV,8.109999656677246,8.109999656677246,8.130000114440918,8.109999656677246,8.130000114440918,2460.0
2024-03-01 13:48:00,NRIX,13.649999618530273,13.649999618530273,13.680000305175781,13.649999618530273,13.670000076293945,1368.0
2024-03-01 13:48:00,NRSN,2.049999952316284,2.049999952316284,2.049999952316284,2.0499000549316406,2.0499000549316406,1800.0
2024-03-01 13:48:00,NRXP,0.4253000020980835,0.4253000020980835,0.4262999892234802,0.4253000020980835,0.4262999892234802,4770.0
2024-03-01 13:48:00,NTLA,33.47050094604492,33.47050094604492,33.47999954223633,33.43000030517578,33.439998626708984,4325.0
2024-03-01 13:48:00,NTRA,89.29499816894531,89.29499816894531,89.37999725341797,89.27999877929688,89.30999755859375,6648.0
2024-03-01 13:48:00,NUVL,88.19999694824219,88.19999694824219,88.22000122070312,88.19999694824219,88.22000122070312,1171.0
2024-03-01 13:48:00,NVAX,5.195000171661377,5.195000171661377,5.195000171661377,5.184999942779541,5.193399906158447,12078.0
2024-03-01 13:48:00,NVCR,16.040000915527344,16.040000915527344,16.040000915527344,16.040000915527344,16.040000915527344,113.0
2024-03-01 13:48:00,NVCT,10.774999618530273,10.774999618530273,10.774999618530273,10.774999618530273,10.774999618530273,121.0
2024-03-01 13:48:00,NVOS,0.6269999742507935,0.6269999742507935,0.6269999742507935,0.6269999742507935,0.6269999742507935,100.0
2024-03-01 13:48:00,OCGN,0.9696000218391418,0.9696000218391418,0.9696000218391418,0.9696000218391418,0.9696000218391418,301.0
2024-03-01 13:48:00,OCUL,10.789999961853027,10.789999961853027,10.810099601745605,10.779999732971191,10.8100004196167,12676.0
2024-03-01 13:48:00,OFIX,12.949999809265137,12.949999809265137,12.949999809265137,12.90999984741211,12.90999984741211,5871.0
2024-03-01 13:48:00,OGI,2.190000057220459,2.190000057220459,2.200000047683716,2.184999942779541,2.184999942779541,21301.0
2024-03-01 13:48:00,OLK,23.065000534057617,23.065000534057617,23.06999969482422,23.059999465942383,23.06999969482422,660.0
2024-03-01 13:48:00,OLMA,14.70199966430664,14.70199966430664,14.70199966430664,14.70199966430664,14.70199966430664,263.0
2024-03-01 13:48:00,OMER,4.769999980926514,4.769999980926514,4.78000020980835,4.769999980926514,4.78000020980835,1029.0
2024-03-01 13:48:00,OMGA,4.340000152587891,4.340000152587891,4.359899997711182,4.329999923706055,4.3420000076293945,5158.0
2024-03-01 13:48:00,OMIC,0.6084510087966919,0.6084510087966919,0.6169999837875366,0.6084510087966919,0.6169999837875366,880.0
2024-03-01 13:48:00,ONCY,1.1399999856948853,1.1399999856948853,1.1399999856948853,1.1399999856948853,1.1399999856948853,125.0
2024-03-01 13:49:00,ABCL,5.184999942779541,5.184999942779541,5.184999942779541,5.179999828338623,5.184999942779541,10824.0
2024-03-01 13:49:00,ABOS,4.650000095367432,4.650000095367432,4.658999919891357,4.650000095367432,4.658999919891357,275.0
2024-03-01 13:49:00,ABSI,5.440000057220459,5.440000057220459,5.440000057220459,5.434999942779541,5.440000057220459,3285.0
2024-03-01 13:49:00,ACAD,24.295000076293945,24.295000076293945,24.295000076293945,24.270000457763672,24.280000686645508,2450.0
2024-03-01 13:49:00,ACB,3.2200000286102295,3.2200000286102295,3.2200000286102295,3.2200000286102295,3.2200000286102295,186.0
2024-03-01 13:49:00,ACCD,10.09000015258789,10.09000015258789,10.109999656677246,10.09000015258789,10.109999656677246,344.0
2024-03-01 13:49:00,ACET,2.3949999809265137,2.3949999809265137,2.3949999809265137,2.390000104904175,2.3949999809265137,631.0
2024-03-01 13:49:00,ACHC,84.44999694824219,84.44999694824219,84.45999908447266,84.44999694824219,84.45999908447266,866.0
2024-03-01 13:49:00,ACLX,67.87000274658203,67.87000274658203,67.87000274658203,67.87000274658203,67.87000274658203,710.0
2024-03-01 13:49:00,ACRS,1.2400000095367432,1.2400000095367432,1.2400000095367432,1.2300000190734863,1.2400000095367432,1415.0
2024-03-01 13:49:00,ADIL,3.314500093460083,3.314500093460083,3.380000114440918,3.309999942779541,3.35479998588562,106615.0
2024-03-01 13:49:00,ADMA,5.554999828338623,5.554999828338623,5.554999828338623,5.550000190734863,5.554999828338623,1854.0
2024-03-01 13:49:00,ADPT,4.139999866485596,4.139999866485596,4.144999980926514,4.139999866485596,4.139999866485596,2929.0
2024-03-01 13:49:00,ADUS,94.0,94.0,94.0,94.0,94.0,364.0
2024-03-01 13:49:00,ADVM,1.9600000381469727,1.9600000381469727,1.9600000381469727,1.9600000381469727,1.9600000381469727,211.0
2024-03-01 13:49:00,ADXN,9.239999771118164,9.239999771118164,9.239999771118164,9.239999771118164,9.239999771118164,193.0
2024-03-01 13:49:00,AGEN,0.6745499968528748,0.6745499968528748,0.6754999756813049,0.6744999885559082,0.6750500202178955,32598.0
2024-03-01 13:49:00,AGIO,32.814998626708984,32.814998626708984,32.814998626708984,32.814998626708984,32.814998626708984,100.0
2024-03-01 13:49:00,AHCO,10.5649995803833,10.5649995803833,10.5649995803833,10.5649995803833,10.5649995803833,202.0
2024-03-01 13:49:00,AIH,0.5095000267028809,0.5095000267028809,0.5095000267028809,0.5095000267028809,0.5095000267028809,147.0
2024-03-01 13:49:00,AIMD,0.9539999961853027,0.9539999961853027,0.9539999961853027,0.9539999961853027,0.9539999961853027,100.0
2024-03-01 13:49:00,AIRS,6.489999771118164,6.489999771118164,6.489999771118164,6.489999771118164,6.489999771118164,201.0
2024-03-01 13:49:00,AKAN,0.20600000023841858,0.20600000023841858,0.20999999344348907,0.20600000023841858,0.20999999344348907,21643.0
2024-03-01 13:49:00,AKBA,1.6799999475479126,1.6799999475479126,1.684999942779541,1.6799999475479126,1.6799999475479126,5335.0
2024-03-01 13:49:00,AKLI,0.35030001401901245,0.35030001401901245,0.35030001401901245,0.35030001401901245,0.35030001401901245,975.0
2024-03-01 13:49:00,AKRO,29.959999084472656,29.959999084472656,30.040000915527344,29.959999084472656,29.979999542236328,5190.0
2024-03-01 13:49:00,AKYA,6.000999927520752,6.000999927520752,6.000999927520752,6.000999927520752,6.000999927520752,101.0
2024-03-01 13:49:00,ALDX,4.291500091552734,4.291500091552734,4.300000190734863,4.289999961853027,4.289999961853027,5506.0
2024-03-01 13:49:00,ALEC,7.327499866485596,7.327499866485596,7.327499866485596,7.320000171661377,7.320000171661377,1584.0
2024-03-01 13:49:00,ALGS,1.090000033378601,1.090000033378601,1.1200000047683716,1.090000033378601,1.1200000047683716,793.0
2024-03-01 13:49:00,ALHC,5.679999828338623,5.679999828338623,5.679999828338623,5.670000076293945,5.672500133514404,2575.0
2024-03-01 13:49:00,ALKS,30.219999313354492,30.219999313354492,30.225000381469727,30.21500015258789,30.219999313354492,1004.0
2024-03-01 13:49:00,ALLK,1.6549999713897705,1.6549999713897705,1.6549999713897705,1.6549999713897705,1.6549999713897705,218.0
2024-03-01 13:49:00,ALLO,5.050000190734863,5.050000190734863,5.054999828338623,5.050000190734863,5.050000190734863,972.0
2024-03-01 13:49:00,ALNY,153.15499877929688,153.15499877929688,153.16000366210938,153.15499877929688,153.16000366210938,433.0
2024-03-01 13:49:00,ALPN,35.84000015258789,35.84000015258789,35.869998931884766,35.84000015258789,35.849998474121094,2049.0
2024-03-01 13:49:00,ALT,12.125,12.125,12.125,12.10990047454834,12.10990047454834,2302.0
2024-03-01 13:49:00,ALXO,15.050000190734863,15.050000190734863,15.050000190734863,15.050000190734863,15.050000190734863,420.0
2024-03-01 13:49:00,AMGN,280.6700134277344,280.6700134277344,280.95989990234375,280.6099853515625,280.95989990234375,5382.0
2024-03-01 13:49:00,AMLX,18.649999618530273,18.649999618530273,18.649999618530273,18.649999618530273,18.649999618530273,100.0
2024-03-01 13:49:00,AMPH,45.29999923706055,45.29999923706055,45.31999969482422,45.244998931884766,45.31999969482422,3269.0
2024-03-01 13:49:00,AMRN,1.0499999523162842,1.0499999523162842,1.0599000453948975,1.0499999523162842,1.0499999523162842,11679.0
2024-03-01 13:49:00,ANGO,5.510000228881836,5.510000228881836,5.510000228881836,5.510000228881836,5.510000228881836,348.0
2024-03-01 13:49:00,ANNX,6.179999828338623,6.179999828338623,6.189899921417236,6.170000076293945,6.170000076293945,3014.0
2024-03-01 13:49:00,APLS,65.20999908447266,65.20999908447266,65.20999908447266,65.12999725341797,65.16000366210938,15417.0
2024-03-01 13:49:00,APLT,7.110000133514404,7.110000133514404,7.150000095367432,7.099999904632568,7.130000114440918,6033.0
2024-03-01 13:49:00,AQST,4.25,4.25,4.255000114440918,4.25,4.255000114440918,945.0
2024-03-01 13:49:00,ARCT,39.709999084472656,39.709999084472656,39.709999084472656,39.689998626708984,39.689998626708984,263.0
2024-03-01 13:49:00,ARDX,9.454999923706055,9.454999923706055,9.454999923706055,9.449999809265137,9.45009994506836,7694.0
2024-03-01 13:49:00,ARGX,391.4549865722656,391.4549865722656,391.4549865722656,391.4549865722656,391.4549865722656,168.0
2024-03-01 13:49:00,ARQT,11.880000114440918,11.880000114440918,11.880000114440918,11.864999771118164,11.869999885559082,4809.0
2024-03-01 13:49:00,ARVN,48.86000061035156,48.86000061035156,48.89500045776367,48.86000061035156,48.88999938964844,1406.0
2024-03-01 13:49:00,ARWR,35.720001220703125,35.720001220703125,35.77000045776367,35.720001220703125,35.75,4264.0
2024-03-01 13:49:00,ASND,152.47999572753906,152.47999572753906,152.52000427246094,152.19000244140625,152.19000244140625,695.0
2024-03-01 13:49:00,ASRT,0.9034500122070312,0.9034500122070312,0.9034500122070312,0.9034500122070312,0.9034500122070312,1101.0
2024-03-01 13:49:00,ATEC,13.404999732971191,13.404999732971191,13.425000190734863,13.404999732971191,13.425000190734863,4483.0
2024-03-01 13:49:00,ATHA,3.994999885559082,3.994999885559082,3.994999885559082,3.994999885559082,3.994999885559082,1482.0
2024-03-01 13:49:00,ATRA,0.7860999703407288,0.7860999703407288,0.7861999869346619,0.7860999703407288,0.7860999703407288,2839.0
2024-03-01 13:49:00,ATRC,36.005001068115234,36.005001068115234,36.005001068115234,36.005001068115234,36.005001068115234,483.0
2024-03-01 13:49:00,AUGX,4.519999980926514,4.519999980926514,4.519999980926514,4.519999980926514,4.519999980926514,106.0
2024-03-01 13:49:00,AUTL,6.360000133514404,6.360000133514404,6.360000133514404,6.360000133514404,6.360000133514404,3134.0
2024-03-01 13:49:00,AVDL,13.180000305175781,13.180000305175781,13.25,13.180000305175781,13.244999885559082,8793.0
2024-03-01 13:49:00,AVIR,4.480000019073486,4.480000019073486,4.480000019073486,4.480000019073486,4.480000019073486,948.0
2024-03-01 13:49:00,AVRO,1.3550000190734863,1.3550000190734863,1.3550000190734863,1.3550000190734863,1.3550000190734863,100.0
2024-03-01 13:49:00,AVTE,24.06999969482422,24.06999969482422,24.06999969482422,24.059999465942383,24.059999465942383,508.0
2024-03-01 13:49:00,AVXL,5.324999809265137,5.324999809265137,5.324999809265137,5.320000171661377,5.324999809265137,632.0
2024-03-01 13:49:00,AXSM,82.25,82.25,82.25,82.25,82.25,1040.0
2024-03-01 13:49:00,AZN,64.68000030517578,64.68000030517578,64.69000244140625,64.66999816894531,64.69000244140625,8632.0
2024-03-01 13:49:00,AZTA,66.87000274658203,66.87000274658203,66.88999938964844,66.86499786376953,66.87000274658203,858.0
2024-03-01 13:49:00,BACK,1.4299999475479126,1.4299999475479126,1.4299999475479126,1.4299999475479126,1.4299999475479126,635.0
2024-03-01 13:49:00,BBIO,36.0,36.0,36.02000045776367,35.9900016784668,36.0099983215332,2996.0
2024-03-01 13:49:00,BBLG,2.4100000858306885,2.4100000858306885,2.4100000858306885,2.4100000858306885,2.4100000858306885,285.0
2024-03-01 13:49:00,BCLI,0.34470000863075256,0.34470000863075256,0.34470000863075256,0.34470000863075256,0.34470000863075256,603.0
2024-03-01 13:49:00,BCRX,5.704999923706055,5.704999923706055,5.704999923706055,5.704999923706055,5.704999923706055,2429.0
2024-03-01 13:49:00,BCTX,3.5,3.5,3.5,3.490000009536743,3.5,1720.0
2024-03-01 13:49:00,BEAM,40.540000915527344,40.540000915527344,40.599998474121094,40.540000915527344,40.55500030517578,2144.0
2024-03-01 13:49:00,BGNE,167.2050018310547,167.2050018310547,167.2050018310547,167.2050018310547,167.2050018310547,415.0
2024-03-01 13:49:00,BGXX,0.26820001006126404,0.26820001006126404,0.26820001006126404,0.26820001006126404,0.26820001006126404,3000.0
2024-03-01 13:49:00,BIIB,221.21499633789062,221.21499633789062,221.22999572753906,221.1199951171875,221.22999572753906,3962.0
2024-03-01 13:49:00,BIOL,0.14499999582767487,0.14499999582767487,0.1462000012397766,0.14499999582767487,0.14509999752044678,28041.0
2024-03-01 13:49:00,BIOR,1.0800000429153442,1.0800000429153442,1.0800000429153442,1.0800000429153442,1.0800000429153442,2070.0
2024-03-01 13:49:00,BIVI,2.1098999977111816,2.1098999977111816,2.130000114440918,2.069999933242798,2.0899999141693115,100522.0
2024-03-01 13:49:00,BJDX,0.8198999762535095,0.8198999762535095,0.8198999762535095,0.8198999762535095,0.8198999762535095,375.0
2024-03-01 13:49:00,BLFS,18.1299991607666,18.1299991607666,18.1299991607666,18.1299991607666,18.1299991607666,135.0
2024-03-01 13:49:00,BLUE,1.590000033378601,1.590000033378601,1.600000023841858,1.590000033378601,1.590000033378601,8341.0
2024-03-01 13:49:00,BMEA,18.25,18.25,18.25,18.235000610351562,18.235000610351562,1147.0
2024-03-01 13:49:00,BMRN,87.95999908447266,87.95999908447266,87.95999908447266,87.94499969482422,87.94499969482422,1312.0
2024-03-01 13:49:00,BNOX,1.2400000095367432,1.2400000095367432,1.2400000095367432,1.2400000095367432,1.2400000095367432,360.0
2024-03-01 13:49:00,BNTX,91.33000183105469,91.33000183105469,91.33000183105469,91.33000183105469,91.33000183105469,421.0
2024-03-01 13:49:00,BPMC,96.86000061035156,96.86000061035156,96.93000030517578,96.80999755859375,96.80999755859375,923.0
2024-03-01 13:49:00,BRKR,88.27999877929688,88.27999877929688,88.27999877929688,88.27999877929688,88.27999877929688,320.0
2024-03-01 13:49:00,BRTX,1.5099999904632568,1.5099999904632568,1.5199999809265137,1.5099999904632568,1.5199999809265137,294.0
2024-03-01 13:49:00,BSGM,0.6800000071525574,0.6800000071525574,0.6800000071525574,0.6798999905586243,0.6798999905586243,1419.0
2024-03-01 13:49:00,BTAI,3.1798999309539795,3.1798999309539795,3.1798999309539795,3.1777000427246094,3.1777000427246094,655.0
2024-03-01 13:49:00,BTTX,0.1809999942779541,0.1809999942779541,0.18299999833106995,0.1808999925851822,0.18299999833106995,29000.0
2024-03-01 13:49:00,BWAY,6.53000020980835,6.53000020980835,6.53000020980835,6.53000020980835,6.53000020980835,212.0
2024-03-01 13:49:00,BYSI,1.4900000095367432,1.4900000095367432,1.5,1.4900000095367432,1.5,1360.0
2024-03-01 13:49:00,CABA,24.149999618530273,24.149999618530273,24.155000686645508,24.1299991607666,24.139999389648438,1495.0
2024-03-01 13:49:00,CADL,1.7200000286102295,1.7200000286102295,1.7200000286102295,1.7200000286102295,1.7200000286102295,100.0
2024-03-01 13:49:00,CAPR,4.519999980926514,4.519999980926514,4.519999980926514,4.519999980926514,4.519999980926514,163.0
2024-03-01 13:49:00,CARA,0.9399999976158142,0.9399999976158142,0.9399999976158142,0.9399999976158142,0.9399999976158142,1206.0
2024-03-01 13:49:00,CBAY,32.231998443603516,32.231998443603516,32.2400016784668,32.22999954223633,32.22999954223633,1669.0
2024-03-01 13:49:00,CCRN,18.184999465942383,18.184999465942383,18.184999465942383,18.184999465942383,18.184999465942383,367.0
2024-03-01 13:49:00,CDMO,8.114999771118164,8.114999771118164,8.114999771118164,8.109999656677246,8.109999656677246,301.0
2024-03-01 13:49:00,CDNA,12.380000114440918,12.380000114440918,12.380000114440918,12.359999656677246,12.359999656677246,1937.0
2024-03-01 13:49:00,CDXS,4.565000057220459,4.565000057220459,4.577499866485596,4.565000057220459,4.565000057220459,3079.0
2024-03-01 13:49:00,CELC,16.549999237060547,16.549999237060547,16.549999237060547,16.489999771118164,16.540000915527344,1575.0
2024-03-01 13:49:00,CERE,41.099998474121094,41.099998474121094,41.11000061035156,41.099998474121094,41.11000061035156,1365.0
2024-03-01 13:49:00,CERT,17.8799991607666,17.8799991607666,17.885000228881836,17.8799991607666,17.885000228881836,1109.0
2024-03-01 13:49:00,CGC,3.247299909591675,3.247299909591675,3.247299909591675,3.247299909591675,3.247299909591675,294.0
2024-03-01 13:49:00,CGEM,18.6200008392334,18.6200008392334,18.6200008392334,18.6200008392334,18.6200008392334,282.0
2024-03-01 13:49:00,CGEN,2.680000066757202,2.680000066757202,2.690000057220459,2.680000066757202,2.684999942779541,2056.0
2024-03-01 13:49:00,CHRS,2.4149999618530273,2.4149999618530273,2.4200000762939453,2.4149999618530273,2.4200000762939453,650.0
2024-03-01 13:49:00,CING,1.3250000476837158,1.3250000476837158,1.340000033378601,1.3250000476837158,1.340000033378601,1155.0
2024-03-01 13:49:00,CLDX,52.4900016784668,52.4900016784668,52.51499938964844,52.47999954223633,52.51499938964844,1625.0
2024-03-01 13:49:00,CLNN,0.39500001072883606,0.39500001072883606,0.39500001072883606,0.39500001072883606,0.39500001072883606,110.0
2024-03-01 13:49:00,CLOV,0.8701000213623047,0.8701000213623047,0.870199978351593,0.8701000213623047,0.870199978351593,45353.0
2024-03-01 13:49:00,CMPS,11.300000190734863,11.300000190734863,11.34000015258789,11.300000190734863,11.319999694824219,1131.0
2024-03-01 13:49:00,COGT,7.170000076293945,7.170000076293945,7.179999828338623,7.159999847412109,7.159999847412109,908.0
2024-03-01 13:49:00,CORT,24.360000610351562,24.360000610351562,24.360000610351562,24.334999084472656,24.344999313354492,4389.0
2024-03-01 13:49:00,CPRX,17.43000030517578,17.43000030517578,17.43000030517578,17.424999237060547,17.424999237060547,2758.0
2024-03-01 13:49:00,CPSI,9.489999771118164,9.489999771118164,9.489999771118164,9.479999542236328,9.479999542236328,267.0
2024-03-01 13:49:00,CRBP,32.59000015258789,32.59000015258789,32.59000015258789,32.59000015258789,32.59000015258789,547.0
2024-03-01 13:49:00,CRBU,7.929999828338623,7.929999828338623,7.934999942779541,7.920000076293945,7.929999828338623,6099.0
2024-03-01 13:49:00,CRDF,2.490000009536743,2.490000009536743,2.5,2.4800000190734863,2.4800000190734863,6540.0
2024-03-01 13:49:00,CRDL,1.9700000286102295,1.9700000286102295,1.9700000286102295,1.961899995803833,1.961899995803833,7000.0
2024-03-01 13:49:00,CRIS,10.110099792480469,10.110099792480469,10.110099792480469,10.109999656677246,10.109999656677246,1434.0
2024-03-01 13:49:00,CRNX,46.63999938964844,46.63999938964844,46.66999816894531,46.53049850463867,46.61000061035156,3801.0
2024-03-01 13:49:00,CRSP,85.69999694824219,85.69999694824219,85.76000213623047,85.69999694824219,85.7300033569336,1272.0
2024-03-01 13:49:00,CSTL,19.979999542236328,19.979999542236328,19.979999542236328,19.979999542236328,19.979999542236328,205.0
2024-03-01 13:49:00,CTKB,8.920000076293945,8.920000076293945,8.920000076293945,8.885000228881836,8.885000228881836,3951.0
2024-03-01 13:49:00,CTMX,2.5850000381469727,2.5850000381469727,2.5850000381469727,2.5804998874664307,2.5850000381469727,3058.0
2024-03-01 13:49:00,CTXR,0.7700999975204468,0.7700999975204468,0.7700999975204468,0.7700999975204468,0.7700999975204468,302.0
2024-03-01 13:49:00,CUTR,2.3499999046325684,2.3499999046325684,2.384999990463257,2.3299999237060547,2.384999990463257,39591.0
2024-03-01 13:49:00,CVAC,3.494999885559082,3.494999885559082,3.494999885559082,3.490000009536743,3.490000009536743,1109.0
2024-03-01 13:49:00,CYT,3.0950000286102295,3.0950000286102295,3.0950000286102295,3.0950000286102295,3.0950000286102295,500.0
2024-03-01 13:49:00,CYTK,72.66000366210938,72.66000366210938,72.70999908447266,72.58999633789062,72.63999938964844,2948.0
2024-03-01 13:49:00,DAWN,17.55500030517578,17.55500030517578,17.55500030517578,17.549999237060547,17.549999237060547,682.0
2024-03-01 13:49:00,DBVT,0.8201000094413757,0.8201000094413757,0.8201000094413757,0.8101999759674072,0.8101999759674072,2972.0
2024-03-01 13:49:00,DCGO,4.179999828338623,4.179999828338623,4.184999942779541,4.179999828338623,4.179999828338623,771.0
2024-03-01 13:49:00,DCPH,17.441499710083008,17.441499710083008,17.441499710083008,17.441499710083008,17.441499710083008,192.0
2024-03-01 13:49:00,DH,8.850000381469727,8.850000381469727,8.850000381469727,8.850000381469727,8.850000381469727,501.0
2024-03-01 13:49:00,DMTK,0.8508999943733215,0.8508999943733215,0.8508999943733215,0.8508999943733215,0.8508999943733215,1005.0
2024-03-01 13:49:00,DNLI,21.2450008392334,21.2450008392334,21.2450008392334,21.229999542236328,21.2450008392334,636.0
2024-03-01 13:49:00,DRIO,2.0,2.0,2.0,2.0,2.0,883.0
2024-03-01 13:49:00,DTIL,12.390000343322754,12.390000343322754,12.390000343322754,12.369999885559082,12.369999885559082,2773.0
2024-03-01 13:49:00,DVAX,12.864999771118164,12.864999771118164,12.880000114440918,12.854999542236328,12.859999656677246,11859.0
2024-03-01 13:49:00,DXCM,121.59500122070312,121.59500122070312,121.61000061035156,121.5,121.55999755859375,6400.0
2024-03-01 13:49:00,DYN,28.780000686645508,28.780000686645508,28.780000686645508,28.780000686645508,28.780000686645508,330.0
2024-03-01 13:49:00,EDIT,10.930000305175781,10.930000305175781,10.930000305175781,10.920000076293945,10.920000076293945,739.0
2024-03-01 13:49:00,EGRX,6.699999809265137,6.699999809265137,6.699999809265137,6.684999942779541,6.684999942779541,213.0
2024-03-01 13:49:00,EKSO,2.0199999809265137,2.0199999809265137,2.0199999809265137,1.999899983406067,2.0,10815.0
2024-03-01 13:49:00,ELEV,5.010000228881836,5.010000228881836,5.019999980926514,5.0,5.019999980926514,2818.0
2024-03-01 13:49:00,ENTA,15.364999771118164,15.364999771118164,15.364999771118164,15.364999771118164,15.364999771118164,108.0
2024-03-01 13:49:00,ENVB,1.5299999713897705,1.5299999713897705,1.5399999618530273,1.5299999713897705,1.5399999618530273,538.0
2024-03-01 13:49:00,EOLS,14.869999885559082,14.869999885559082,14.869999885559082,14.869999885559082,14.869999885559082,149.0
2024-03-01 13:49:00,EPIX,9.449999809265137,9.449999809265137,9.460000038146973,9.449999809265137,9.449999809265137,2390.0
2024-03-01 13:49:00,ERAS,2.505000114440918,2.505000114440918,2.505000114440918,2.505000114440918,2.505000114440918,410.0
2024-03-01 13:49:00,ESPR,2.5350000858306885,2.5350000858306885,2.539900064468384,2.5350000858306885,2.539900064468384,1630.0
2024-03-01 13:49:00,ESTA,45.349998474121094,45.349998474121094,45.349998474121094,45.22999954223633,45.22999954223633,205.0
2024-03-01 13:49:00,ETNB,13.055000305175781,13.055000305175781,13.069999694824219,13.055000305175781,13.055000305175781,704.0
2024-03-01 13:49:00,EXAI,6.735000133514404,6.735000133514404,6.735000133514404,6.735000133514404,6.735000133514404,1058.0
2024-03-01 13:49:00,EXAS,60.01499938964844,60.01499938964844,60.01499938964844,59.994998931884766,59.994998931884766,1144.0
2024-03-01 13:49:00,EXEL,22.499799728393555,22.499799728393555,22.510000228881836,22.4950008392334,22.510000228881836,1889.0
2024-03-01 13:49:00,EYEN,2.380000114440918,2.380000114440918,2.380000114440918,2.369999885559082,2.380000114440918,7379.0
2024-03-01 13:49:00,EYPT,27.979999542236328,27.979999542236328,27.979999542236328,27.979999542236328,27.979999542236328,457.0
2024-03-01 13:49:00,FATE,7.75,7.75,7.75,7.730000019073486,7.730000019073486,2540.0
2024-03-01 13:49:00,FBIO,2.3450000286102295,2.3450000286102295,2.3550000190734863,2.3399999141693115,2.3550000190734863,6933.0
2024-03-01 13:49:00,FEMY,1.7400000095367432,1.7400000095367432,1.7400000095367432,1.7400000095367432,1.7400000095367432,983.0
2024-03-01 13:49:00,FGEN,1.8650000095367432,1.8650000095367432,1.8650000095367432,1.8650000095367432,1.8650000095367432,890.0
2024-03-01 13:49:00,FLGT,23.235000610351562,23.235000610351562,23.280000686645508,23.229999542236328,23.280000686645508,1322.0
2024-03-01 13:49:00,FOLD,13.390000343322754,13.390000343322754,13.399999618530273,13.385000228881836,13.395000457763672,7136.0
2024-03-01 13:49:00,FUSN,12.385000228881836,12.385000228881836,12.40999984741211,12.385000228881836,12.40999984741211,1127.0
2024-03-01 13:49:00,FWBI,8.430000305175781,8.430000305175781,8.430000305175781,8.430000305175781,8.430000305175781,132.0
2024-03-01 13:49:00,GBIO,2.630000114440918,2.630000114440918,2.630000114440918,2.619999885559082,2.619999885559082,3269.0
2024-03-01 13:49:00,GDRX,8.375,8.375,8.385000228881836,8.371299743652344,8.385000228881836,1758.0
2024-03-01 13:49:00,GEG,1.9794000387191772,1.9794000387191772,1.9794000387191772,1.9794000387191772,1.9794000387191772,100.0
2024-03-01 13:49:00,GERN,2.2799999713897705,2.2799999713897705,2.2799999713897705,2.2739999294281006,2.2799999713897705,14223.0
2024-03-01 13:49:00,GH,19.09000015258789,19.09000015258789,19.09000015258789,19.079999923706055,19.079999923706055,1493.0
2024-03-01 13:49:00,GILD,72.32499694824219,72.32499694824219,72.3499984741211,72.31500244140625,72.3499984741211,9549.0
2024-03-01 13:49:00,GLMD,0.39980000257492065,0.39980000257492065,0.39980000257492065,0.39980000257492065,0.39980000257492065,897.0
2024-03-01 13:49:00,GLPG,35.060001373291016,35.060001373291016,35.09000015258789,35.02000045776367,35.02000045776367,3304.0
2024-03-01 13:49:00,GLSI,12.680000305175781,12.680000305175781,12.680000305175781,12.55370044708252,12.55370044708252,1327.0
2024-03-01 13:49:00,GLYC,3.0450000762939453,3.0450000762939453,3.0450000762939453,3.0450000762939453,3.0450000762939453,422.0
2024-03-01 13:49:00,GMDA,0.3788999915122986,0.3788999915122986,0.3788999915122986,0.3788999915122986,0.3788999915122986,101.0
2024-03-01 13:49:00,GOSS,1.4199999570846558,1.4199999570846558,1.4299999475479126,1.4149999618530273,1.4149999618530273,11537.0
2024-03-01 13:49:00,GRFS,7.085000038146973,7.085000038146973,7.085000038146973,7.080999851226807,7.085000038146973,5448.0
2024-03-01 13:49:00,GRPH,3.4649999141693115,3.4649999141693115,3.4649999141693115,3.4649999141693115,3.4649999141693115,100.0
2024-03-01 13:49:00,GRTS,2.130000114440918,2.130000114440918,2.134999990463257,2.130000114440918,2.134999990463257,5537.0
2024-03-01 13:49:00,GRTX,0.22990000247955322,0.22990000247955322,0.22990000247955322,0.2281000018119812,0.22990000247955322,10600.0
2024-03-01 13:49:00,GTHX,3.740000009536743,3.740000009536743,3.744999885559082,3.740000009536743,3.744999885559082,4700.0
2024-03-01 13:49:00,HARP,22.940000534057617,22.940000534057617,22.940000534057617,22.940000534057617,22.940000534057617,202.0
2024-03-01 13:49:00,HCAT,8.069999694824219,8.069999694824219,8.069999694824219,8.069999694824219,8.069999694824219,100.0
2024-03-01 13:49:00,HCM,15.170000076293945,15.170000076293945,15.180000305175781,15.170000076293945,15.180000305175781,207.0
2024-03-01 13:49:00,HCSG,12.600000381469727,12.600000381469727,12.609999656677246,12.600000381469727,12.609999656677246,1389.0
2024-03-01 13:49:00,HCTI,2.4000000953674316,2.4000000953674316,2.4000000953674316,2.4000000953674316,2.4000000953674316,101.0
2024-03-01 13:49:00,HLVX,19.06999969482422,19.06999969482422,19.06999969482422,19.0,19.0,675.0
2024-03-01 13:49:00,HOLX,74.16000366210938,74.16000366210938,74.21499633789062,74.16000366210938,74.20999908447266,5026.0
2024-03-01 13:49:00,HOOK,0.789900004863739,0.789900004863739,0.789900004863739,0.789900004863739,0.789900004863739,119.0
2024-03-01 13:49:00,HOWL,7.110000133514404,7.110000133514404,7.110000133514404,7.110000133514404,7.110000133514404,123.0
2024-03-01 13:49:00,HRMY,31.600000381469727,31.600000381469727,31.6200008392334,31.600000381469727,31.6200008392334,394.0
2024-03-01 13:49:00,HRTX,2.5799999237060547,2.5799999237060547,2.5799999237060547,2.5799999237060547,2.5799999237060547,886.0
2024-03-01 13:49:00,HSDT,4.855000019073486,4.855000019073486,4.855000019073486,4.855000019073486,4.855000019073486,200.0
2024-03-01 13:49:00,HSIC,76.7750015258789,76.7750015258789,76.80000305175781,76.76000213623047,76.80000305175781,2022.0
2024-03-01 13:49:00,HUMA,3.2850000858306885,3.2850000858306885,3.2899999618530273,3.2850000858306885,3.2850000858306885,13946.0
2024-03-01 13:49:00,IART,36.5,36.5,36.54999923706055,36.5,36.54999923706055,450.0
2024-03-01 13:49:00,IBRX,4.875,4.875,4.889999866485596,4.840700149536133,4.840700149536133,29716.0
2024-03-01 13:49:00,ICLR,322.4599914550781,322.4599914550781,322.4599914550781,322.4599914550781,322.4599914550781,282.0
2024-03-01 13:49:00,ICUI,106.5199966430664,106.5199966430664,106.58000183105469,106.30999755859375,106.30999755859375,3502.0
2024-03-01 13:49:00,IDXX,580.14501953125,580.14501953125,580.14501953125,580.14501953125,580.14501953125,179.0
2024-03-01 13:49:00,IDYA,46.7599983215332,46.7599983215332,46.810001373291016,46.70000076293945,46.810001373291016,3201.0
2024-03-01 13:49:00,IKNA,1.4850000143051147,1.4850000143051147,1.4850000143051147,1.4850000143051147,1.4850000143051147,210.0
2024-03-01 13:49:00,ILMN,142.39999389648438,142.39999389648438,142.39999389648438,142.39999389648438,142.39999389648438,835.0
2024-03-01 13:49:00,IMAB,1.829800009727478,1.829800009727478,1.829800009727478,1.8250000476837158,1.8250000476837158,227.0
2024-03-01 13:49:00,IMCR,68.0,68.0,68.0250015258789,68.0,68.0,1627.0
2024-03-01 13:49:00,IMMX,3.565000057220459,3.565000057220459,3.565000057220459,3.565000057220459,3.565000057220459,100.0
2024-03-01 13:49:00,IMNN,1.0398999452590942,1.0398999452590942,1.0399999618530273,1.0307999849319458,1.0307999849319458,2300.0
2024-03-01 13:49:00,IMVT,35.875,35.875,35.875,35.84000015258789,35.869998931884766,1476.0
2024-03-01 13:49:00,INCY,59.459999084472656,59.459999084472656,59.459999084472656,59.36000061035156,59.36000061035156,6581.0
2024-03-01 13:49:00,INGN,6.760000228881836,6.760000228881836,6.78000020980835,6.760000228881836,6.78000020980835,903.0
2024-03-01 13:49:00,INMD,22.834999084472656,22.834999084472656,22.834999084472656,22.81999969482422,22.81999969482422,4809.0
2024-03-01 13:49:00,INO,9.550000190734863,9.550000190734863,9.569999694824219,9.550000190734863,9.55780029296875,1883.0
2024-03-01 13:49:00,INSM,28.2549991607666,28.2549991607666,28.270000457763672,28.229999542236328,28.25,5313.0
2024-03-01 13:49:00,INVA,15.569999694824219,15.569999694824219,15.579999923706055,15.550000190734863,15.569999694824219,7758.0
2024-03-01 13:49:00,INZY,6.630000114440918,6.630000114440918,6.630000114440918,6.630000114440918,6.630000114440918,333.0
2024-03-01 13:49:00,IONM,0.33500000834465027,0.33500000834465027,0.33500000834465027,0.33500000834465027,0.33500000834465027,125.0
2024-03-01 13:49:00,IONS,46.02000045776367,46.02000045776367,46.02000045776367,46.0,46.0,2592.0
2024-03-01 13:49:00,IOVA,17.110000610351562,17.110000610351562,17.110000610351562,17.049999237060547,17.094999313354492,31404.0
2024-03-01 13:49:00,IPSC,3.869999885559082,3.869999885559082,3.9100000858306885,3.869999885559082,3.9100000858306885,17916.0
2024-03-01 13:49:00,IRIX,2.630000114440918,2.630000114440918,2.630000114440918,2.630000114440918,2.630000114440918,290.0
2024-03-01 13:49:00,IRMD,41.68000030517578,41.68000030517578,41.77000045776367,41.68000030517578,41.77000045776367,931.0
2024-03-01 13:49:00,IRWD,9.011500358581543,9.011500358581543,9.020000457763672,9.010000228881836,9.015000343322754,3571.0
2024-03-01 13:49:00,ISRG,395.5899963378906,395.5899963378906,395.9700012207031,395.4949951171875,395.9100036621094,4498.0
2024-03-01 13:49:00,ITCI,71.66000366210938,71.66000366210938,71.73999786376953,71.66000366210938,71.7300033569336,2491.0
2024-03-01 13:49:00,JAGX,0.07540000230073929,0.07540000230073929,0.07540000230073929,0.07509999722242355,0.07519999891519547,200556.0
2024-03-01 13:49:00,JANX,46.04999923706055,46.04999923706055,46.150001525878906,46.04999923706055,46.150001525878906,1603.0
2024-03-01 13:49:00,JAZZ,119.37000274658203,119.37000274658203,119.47000122070312,119.3550033569336,119.47000122070312,744.0
2024-03-01 13:49:00,KNSA,21.790000915527344,21.790000915527344,21.809999465942383,21.790000915527344,21.799999237060547,2213.0
2024-03-01 13:49:00,KOD,6.079999923706055,6.079999923706055,6.079999923706055,6.074999809265137,6.074999809265137,723.0
2024-03-01 13:49:00,KPTI,1.1950000524520874,1.1950000524520874,1.2000000476837158,1.1950000524520874,1.2000000476837158,200.0
2024-03-01 13:49:00,KRMD,2.119999885559082,2.119999885559082,2.119999885559082,2.119999885559082,2.119999885559082,716.0
2024-03-01 13:49:00,KRON,1.0391000509262085,1.0391000509262085,1.0391000509262085,1.0391000509262085,1.0391000509262085,135.0
2024-03-01 13:49:00,KROS,70.0199966430664,70.0199966430664,70.0199966430664,70.0199966430664,70.0199966430664,212.0
2024-03-01 13:49:00,KTRA,0.09969999641180038,0.09969999641180038,0.09969999641180038,0.09910000115633011,0.09910000115633011,10706.0
2024-03-01 13:49:00,KURA,21.774999618530273,21.774999618530273,21.780000686645508,21.774999618530273,21.780000686645508,639.0
2024-03-01 13:49:00,KYMR,43.97999954223633,43.97999954223633,44.16999816894531,43.95000076293945,44.16999816894531,7961.0
2024-03-01 13:49:00,KZR,1.0850000381469727,1.0850000381469727,1.090000033378601,1.0850000381469727,1.0850000381469727,743.0
2024-03-01 13:49:00,LAB,2.4649999141693115,2.4649999141693115,2.4649999141693115,2.4600000381469727,2.4600000381469727,2672.0
2024-03-01 13:49:00,LBPH,21.829999923706055,21.829999923706055,21.829999923706055,21.829999923706055,21.829999923706055,330.0
2024-03-01 13:49:00,LEGN,65.7699966430664,65.7699966430664,65.80000305175781,65.7699966430664,65.79499816894531,484.0
2024-03-01 13:49:00,LFMD,8.0,8.0,8.0,8.0,8.0,213.0
2024-03-01 13:49:00,LFST,7.784999847412109,7.784999847412109,7.784999847412109,7.784999847412109,7.784999847412109,122.0
2024-03-01 13:49:00,LGVN,0.536300003528595,0.536300003528595,0.536300003528595,0.536300003528595,0.536300003528595,105.0
2024-03-01 13:49:00,LIFE,1.9198999404907227,1.9198999404907227,1.9198999404907227,1.9198999404907227,1.9198999404907227,100.0
2024-03-01 13:49:00,LIVN,55.79999923706055,55.79999923706055,55.810001373291016,55.79999923706055,55.810001373291016,811.0
2024-03-01 13:49:00,LNTH,65.11499786376953,65.11499786376953,65.11499786376953,65.08000183105469,65.0999984741211,1277.0
2024-03-01 13:49:00,LPCN,3.869999885559082,3.869999885559082,3.869999885559082,3.869999885559082,3.869999885559082,161.0
2024-03-01 13:49:00,LQDA,14.699999809265137,14.699999809265137,14.699999809265137,14.699999809265137,14.699999809265137,1274.0
2024-03-01 13:49:00,LTRN,4.454999923706055,4.454999923706055,4.454999923706055,4.454999923706055,4.454999923706055,150.0
2024-03-01 13:49:00,LVTX,2.8299999237060547,2.8299999237060547,2.890000104904175,2.8299999237060547,2.890000104904175,700.0
2024-03-01 13:49:00,LXRX,2.5250000953674316,2.5250000953674316,2.5250000953674316,2.5250000953674316,2.5250000953674316,397.0
2024-03-01 13:49:00,LYEL,3.200000047683716,3.200000047683716,3.200000047683716,3.200000047683716,3.200000047683716,550.0
2024-03-01 13:49:00,LYRA,5.65500020980835,5.65500020980835,5.65500020980835,5.650000095367432,5.650000095367432,1322.0
2024-03-01 13:49:00,MACK,14.699999809265137,14.699999809265137,14.699999809265137,14.699999809265137,14.699999809265137,858.0
2024-03-01 13:49:00,MASI,128.52999877929688,128.52999877929688,128.52999877929688,128.52999877929688,128.52999877929688,495.0
2024-03-01 13:49:00,MCRB,1.2000000476837158,1.2000000476837158,1.2050000429153442,1.2000000476837158,1.2000000476837158,3785.0
2024-03-01 13:49:00,MDGL,251.47999572753906,251.47999572753906,251.84500122070312,251.47999572753906,251.84500122070312,506.0
2024-03-01 13:49:00,MDGS,2.6700000762939453,2.6700000762939453,2.6700000762939453,2.6700000762939453,2.6700000762939453,100.0
2024-03-01 13:49:00,MDRX,6.0,6.0,6.0,5.960000038146973,5.960000038146973,2959.0
2024-03-01 13:49:00,MDXG,8.65999984741211,8.65999984741211,8.670000076293945,8.65999984741211,8.664999961853027,1417.0
2024-03-01 13:49:00,ME,0.5717999935150146,0.5717999935150146,0.572700023651123,0.5717999935150146,0.572700023651123,7391.0
2024-03-01 13:49:00,MEDP,400.6000061035156,400.6000061035156,401.07501220703125,400.6000061035156,401.07501220703125,1707.0
2024-03-01 13:49:00,MGNX,19.1200008392334,19.1200008392334,19.1200008392334,19.100000381469727,19.110000610351562,2885.0
2024-03-01 13:49:00,MIRM,29.71500015258789,29.71500015258789,29.75,29.700000762939453,29.719999313354492,2961.0
2024-03-01 13:49:00,MLTX,50.72999954223633,50.72999954223633,50.869998931884766,50.72999954223633,50.869998931884766,1567.0
2024-03-01 13:49:00,MNKD,4.551300048828125,4.551300048828125,4.554999828338623,4.550000190734863,4.5503997802734375,5719.0
2024-03-01 13:49:00,MNMD,6.210000038146973,6.210000038146973,6.210000038146973,6.210000038146973,6.210000038146973,228.0
2024-03-01 13:49:00,MODD,1.8899999856948853,1.8899999856948853,1.8899999856948853,1.8899999856948853,1.8899999856948853,1305.0
2024-03-01 13:49:00,MODV,28.149999618530273,28.149999618530273,28.149999618530273,28.149999618530273,28.149999618530273,200.0
2024-03-01 13:49:00,MOR,17.540000915527344,17.540000915527344,17.540000915527344,17.540000915527344,17.540000915527344,322.0
2024-03-01 13:49:00,MORF,39.349998474121094,39.349998474121094,39.36000061035156,39.349998474121094,39.36000061035156,514.0
2024-03-01 13:49:00,MREO,4.005000114440918,4.005000114440918,4.005000114440918,3.990000009536743,3.990000009536743,6979.0
2024-03-01 13:49:00,MRNA,95.81999969482422,95.81999969482422,95.81999969482422,95.65499877929688,95.66999816894531,8326.0
2024-03-01 13:49:00,MRSN,5.945000171661377,5.945000171661377,5.949999809265137,5.945000171661377,5.949999809265137,1153.0
2024-03-01 13:49:00,MRUS,51.15999984741211,51.15999984741211,51.15999984741211,51.15999984741211,51.15999984741211,110.0
2024-03-01 13:49:00,MRVI,7.710000038146973,7.710000038146973,7.710000038146973,7.690000057220459,7.699999809265137,8269.0
2024-03-01 13:49:00,MXCT,4.769999980926514,4.769999980926514,4.775000095367432,4.764999866485596,4.764999866485596,4954.0
2024-03-01 13:49:00,NARI,45.5,45.5,45.58000183105469,45.5,45.560001373291016,2663.0
2024-03-01 13:49:00,NBIX,132.1699981689453,132.1699981689453,132.1699981689453,132.16000366210938,132.16000366210938,1106.0
2024-03-01 13:49:00,NEO,16.049999237060547,16.049999237060547,16.049999237060547,16.030000686645508,16.030000686645508,1272.0
2024-03-01 13:49:00,NEOG,17.3799991607666,17.3799991607666,17.389999389648438,17.375,17.389999389648438,2550.0
2024-03-01 13:49:00,NEXI,6.429999828338623,6.429999828338623,6.429999828338623,6.429999828338623,6.429999828338623,161.0
2024-03-01 13:49:00,NGM,1.5299999713897705,1.5299999713897705,1.5299999713897705,1.5299999713897705,1.5299999713897705,444.0
2024-03-01 13:49:00,NKTR,0.7760999798774719,0.7760999798774719,0.7766000032424927,0.7760999798774719,0.7766000032424927,300.0
2024-03-01 13:49:00,NNOX,11.095000267028809,11.095000267028809,11.095000267028809,11.069999694824219,11.069999694824219,10133.0
2024-03-01 13:49:00,NPCE,16.5,16.5,16.5,16.5,16.5,289.0
2024-03-01 13:49:00,NRIX,13.645000457763672,13.645000457763672,13.65999984741211,13.630000114440918,13.640000343322754,1013.0
2024-03-01 13:49:00,NRSN,2.0464000701904297,2.0464000701904297,2.0480000972747803,2.0299999713897705,2.0299999713897705,2100.0
2024-03-01 13:49:00,NRXP,0.42500001192092896,0.42500001192092896,0.42500001192092896,0.4235999882221222,0.4235999882221222,4570.0
2024-03-01 13:49:00,NTLA,33.4900016784668,33.4900016784668,33.52000045776367,33.4900016784668,33.52000045776367,1243.0
2024-03-01 13:49:00,NTRA,89.3550033569336,89.3550033569336,89.4000015258789,89.29000091552734,89.29499816894531,7180.0
2024-03-01 13:49:00,NUTX,0.1128000020980835,0.1128000020980835,0.11309999972581863,0.1128000020980835,0.11309999972581863,1500.0
2024-03-01 13:49:00,NUVL,88.01499938964844,88.01499938964844,88.19000244140625,88.0,88.11000061035156,2106.0
2024-03-01 13:49:00,NVAX,5.195000171661377,5.195000171661377,5.210000038146973,5.190000057220459,5.199999809265137,9807.0
2024-03-01 13:49:00,NVCR,16.024999618530273,16.024999618530273,16.030000686645508,16.013700485229492,16.013700485229492,1482.0
2024-03-01 13:49:00,NVOS,0.6377999782562256,0.6377999782562256,0.6377999782562256,0.6377999782562256,0.6377999782562256,101.0
2024-03-01 13:49:00,NXTC,1.75,1.75,1.7549999952316284,1.75,1.7549999952316284,200.0
2024-03-01 13:49:00,OCGN,0.9650099873542786,0.9650099873542786,0.9696999788284302,0.9649999737739563,0.9690999984741211,1679.0
2024-03-01 13:49:00,OCUL,10.79010009765625,10.79010009765625,10.795000076293945,10.789999961853027,10.789999961853027,3809.0
2024-03-01 13:49:00,OFIX,12.934000015258789,12.934000015258789,12.934000015258789,12.934000015258789,12.934000015258789,231.0
2024-03-01 13:49:00,OLK,23.06999969482422,23.06999969482422,23.079999923706055,23.06999969482422,23.079999923706055,3383.0
2024-03-01 13:49:00,OLMA,14.729999542236328,14.729999542236328,14.729999542236328,14.6899995803833,14.6899995803833,933.0
2024-03-01 13:49:00,OM,3.1424999237060547,3.1424999237060547,3.1500000953674316,3.1424999237060547,3.1449999809265137,3016.0
2024-03-01 13:49:00,OMCL,26.3799991607666,26.3799991607666,26.395000457763672,26.3799991607666,26.395000457763672,627.0
2024-03-01 13:49:00,OMER,4.770400047302246,4.770400047302246,4.770400047302246,4.770400047302246,4.770400047302246,198.0
2024-03-01 13:49:00,OMGA,4.329999923706055,4.329999923706055,4.349899768829346,4.329999923706055,4.349899768829346,450.0
2024-03-01 13:50:00,AADI,1.9950000047683716,1.9950000047683716,1.9950000047683716,1.9950000047683716,1.9950000047683716,245.0
2024-03-01 13:50:00,ABCL,5.195000171661377,5.195000171661377,5.199999809265137,5.184999942779541,5.184999942779541,7652.0
2024-03-01 13:50:00,ABOS,4.652100086212158,4.652100086212158,4.65500020980835,4.650000095367432,4.650000095367432,1556.0
2024-03-01 13:50:00,ABSI,5.440000057220459,5.440000057220459,5.440000057220459,5.429999828338623,5.434999942779541,5473.0
2024-03-01 13:50:00,ACAD,24.309999465942383,24.309999465942383,24.309999465942383,24.299999237060547,24.299999237060547,2049.0
2024-03-01 13:50:00,ACB,3.2102999687194824,3.2102999687194824,3.227400064468384,3.2102999687194824,3.2200000286102295,7304.0
2024-03-01 13:50:00,ACCD,10.100000381469727,10.100000381469727,10.100000381469727,10.100000381469727,10.100000381469727,1286.0
2024-03-01 13:50:00,ACET,2.3949999809265137,2.3949999809265137,2.4000000953674316,2.390000104904175,2.3949999809265137,553.0
2024-03-01 13:50:00,ACON,0.4099000096321106,0.4099000096321106,0.4099000096321106,0.4099000096321106,0.4099000096321106,1000.0
2024-03-01 13:50:00,ACONW,0.04989999905228615,0.04989999905228615,0.05000000074505806,0.04989999905228615,0.05000000074505806,2828.0
2024-03-01 13:50:00,ACRS,1.2400000095367432,1.2400000095367432,1.2400000095367432,1.2300000190734863,1.2400000095367432,1672.0
2024-03-01 13:50:00,ADAP,1.6009999513626099,1.6009999513626099,1.6009999513626099,1.6009999513626099,1.6009999513626099,333.0
2024-03-01 13:50:00,ADIL,3.384999990463257,3.384999990463257,3.390000104904175,3.2699999809265137,3.309999942779541,108499.0
2024-03-01 13:50:00,ADMA,5.550000190734863,5.550000190734863,5.559999942779541,5.550000190734863,5.559999942779541,4142.0
2024-03-01 13:50:00,ADPT,4.139999866485596,4.139999866485596,4.139999866485596,4.139999866485596,4.139999866485596,700.0
2024-03-01 13:50:00,ADXN,9.300000190734863,9.300000190734863,9.300000190734863,9.25,9.25,734.0
2024-03-01 13:50:00,AFMD,0.6499999761581421,0.6499999761581421,0.6499999761581421,0.6499999761581421,0.6499999761581421,100.0
2024-03-01 13:50:00,AGEN,0.6745499968528748,0.6745499968528748,0.6746000051498413,0.6744999885559082,0.6744999885559082,4693.0
2024-03-01 13:50:00,AGIO,32.814998626708984,32.814998626708984,32.814998626708984,32.814998626708984,32.814998626708984,534.0
2024-03-01 13:50:00,AHCO,10.557000160217285,10.557000160217285,10.5600004196167,10.555000305175781,10.5600004196167,3022.0
2024-03-01 13:50:00,AIH,0.5095000267028809,0.5095000267028809,0.5095000267028809,0.5095000267028809,0.5095000267028809,500.0
2024-03-01 13:50:00,AKAN,0.2070000022649765,0.2070000022649765,0.2100680023431778,0.20600000023841858,0.20600000023841858,21927.0
2024-03-01 13:50:00,AKBA,1.6818000078201294,1.6818000078201294,1.6875,1.6818000078201294,1.6875,454.0
2024-03-01 13:50:00,ALEC,7.320000171661377,7.320000171661377,7.320000171661377,7.320000171661377,7.320000171661377,435.0
2024-03-01 13:50:00,ALHC,5.684999942779541,5.684999942779541,5.690000057220459,5.675000190734863,5.675000190734863,832.0
2024-03-01 13:50:00,ALKS,30.239999771118164,30.239999771118164,30.239999771118164,30.229999542236328,30.229999542236328,2711.0
2024-03-01 13:50:00,ALLK,1.6549999713897705,1.6549999713897705,1.659999966621399,1.6549999713897705,1.6549999713897705,600.0
2024-03-01 13:50:00,ALNY,153.0850067138672,153.0850067138672,153.27499389648438,153.0850067138672,153.1699981689453,648.0
2024-03-01 13:50:00,ALPN,35.849998474121094,35.849998474121094,35.849998474121094,35.84000015258789,35.84000015258789,1108.0
2024-03-01 13:50:00,ALT,12.130000114440918,12.130000114440918,12.130000114440918,12.130000114440918,12.130000114440918,287.0
2024-03-01 13:50:00,ALVO,15.649999618530273,15.649999618530273,15.649999618530273,15.649999618530273,15.649999618530273,210.0
2024-03-01 13:50:00,ALVR,0.7552000284194946,0.7552000284194946,0.7552000284194946,0.7541000247001648,0.7541000247001648,500.0
2024-03-01 13:50:00,AMGN,280.55999755859375,280.55999755859375,280.6700134277344,280.5299987792969,280.6700134277344,2526.0
2024-03-01 13:50:00,AMLX,18.649999618530273,18.649999618530273,18.649999618530273,18.6299991607666,18.649999618530273,5479.0
2024-03-01 13:50:00,AMPH,45.290000915527344,45.290000915527344,45.400001525878906,45.290000915527344,45.400001525878906,1752.0
2024-03-01 13:50:00,AMRN,1.0499999523162842,1.0499999523162842,1.0499999523162842,1.0499999523162842,1.0499999523162842,20645.0
2024-03-01 13:50:00,ANAB,25.389999389648438,25.389999389648438,25.389999389648438,25.389999389648438,25.389999389648438,304.0
2024-03-01 13:50:00,ANNX,6.199999809265137,6.199999809265137,6.199999809265137,6.179999828338623,6.1875,521.0
2024-03-01 13:50:00,APLS,65.21499633789062,65.21499633789062,65.23999786376953,65.19999694824219,65.21499633789062,4147.0
2024-03-01 13:50:00,APLT,7.114999771118164,7.114999771118164,7.114999771118164,7.099999904632568,7.099999904632568,501.0
2024-03-01 13:50:00,AQST,4.260000228881836,4.260000228881836,4.260000228881836,4.260000228881836,4.260000228881836,2542.0
2024-03-01 13:50:00,ARDX,9.454999923706055,9.454999923706055,9.454999923706055,9.452699661254883,9.454999923706055,2470.0
2024-03-01 13:50:00,ARGX,391.1700134277344,391.1700134277344,391.1700134277344,391.1700134277344,391.1700134277344,467.0
2024-03-01 13:50:00,ARQT,11.875,11.875,11.880000114440918,11.875,11.880000114440918,1017.0
2024-03-01 13:50:00,ARVN,48.86000061035156,48.86000061035156,48.90999984741211,48.86000061035156,48.90999984741211,338.0
2024-03-01 13:50:00,ARWR,35.724998474121094,35.724998474121094,35.779998779296875,35.724998474121094,35.779998779296875,1297.0
2024-03-01 13:50:00,ASND,152.49000549316406,152.49000549316406,152.49000549316406,152.49000549316406,152.49000549316406,235.0
2024-03-01 13:50:00,ASRT,0.9045339822769165,0.9045339822769165,0.9045339822769165,0.9035000205039978,0.9035000205039978,220.0
2024-03-01 13:50:00,ATAI,2.1449999809265137,2.1449999809265137,2.1449999809265137,2.1449999809265137,2.1449999809265137,101.0
2024-03-01 13:50:00,ATEC,13.40999984741211,13.40999984741211,13.40999984741211,13.40999984741211,13.40999984741211,364.0
2024-03-01 13:50:00,ATOS,1.0099999904632568,1.0099999904632568,1.0099999904632568,1.0,1.0,262.0
2024-03-01 13:50:00,ATRA,0.7860999703407288,0.7860999703407288,0.7860999703407288,0.7860999703407288,0.7860999703407288,421.0
2024-03-01 13:50:00,ATXI,0.15547700226306915,0.15547700226306915,0.15547700226306915,0.15547700226306915,0.15547700226306915,3078.0
2024-03-01 13:50:00,AUGX,4.519999980926514,4.519999980926514,4.519999980926514,4.510000228881836,4.510000228881836,3425.0
2024-03-01 13:50:00,AUPH,5.835000038146973,5.835000038146973,5.835000038146973,5.835000038146973,5.835000038146973,101.0
2024-03-01 13:50:00,AUTL,6.364999771118164,6.364999771118164,6.364999771118164,6.364999771118164,6.364999771118164,133.0
2024-03-01 13:50:00,AVDL,13.180000305175781,13.180000305175781,13.180000305175781,13.170000076293945,13.170000076293945,823.0
2024-03-01 13:50:00,AVIR,4.46999979019165,4.46999979019165,4.474999904632568,4.46999979019165,4.46999979019165,717.0
2024-03-01 13:50:00,AVRO,1.350100040435791,1.350100040435791,1.3550000190734863,1.350100040435791,1.3550000190734863,6200.0
2024-03-01 13:50:00,AXSM,82.30500030517578,82.30500030517578,82.30500030517578,82.30500030517578,82.30500030517578,254.0
2024-03-01 13:50:00,AZN,64.66999816894531,64.66999816894531,64.66999816894531,64.66999816894531,64.66999816894531,1830.0
2024-03-01 13:50:00,BBIO,36.02000045776367,36.02000045776367,36.02000045776367,36.02000045776367,36.02000045776367,735.0
2024-03-01 13:50:00,BCAB,2.7149999141693115,2.7149999141693115,2.7149999141693115,2.7149999141693115,2.7149999141693115,132.0
2024-03-01 13:50:00,BCRX,5.704999923706055,5.704999923706055,5.710000038146973,5.699999809265137,5.704999923706055,3250.0
2024-03-01 13:50:00,BCYC,26.270000457763672,26.270000457763672,26.270000457763672,26.270000457763672,26.270000457763672,383.0
2024-03-01 13:50:00,BDTX,4.96999979019165,4.96999979019165,4.974999904632568,4.96999979019165,4.974999904632568,206.0
2024-03-01 13:50:00,BEAM,40.542701721191406,40.542701721191406,40.58000183105469,40.540000915527344,40.540000915527344,1924.0
2024-03-01 13:50:00,BGXX,0.26499998569488525,0.26499998569488525,0.268202006816864,0.26499998569488525,0.26820001006126404,15182.0
2024-03-01 13:50:00,BIIB,221.1999969482422,221.1999969482422,221.1999969482422,221.1999969482422,221.1999969482422,181.0
2024-03-01 13:50:00,BIOL,0.14509999752044678,0.14509999752044678,0.1462000012397766,0.14399999380111694,0.1462000012397766,29406.0
2024-03-01 13:50:00,BIOR,1.0808000564575195,1.0808000564575195,1.0808000564575195,1.0808000564575195,1.0808000564575195,1158.0
2024-03-01 13:50:00,BIVI,2.1098999977111816,2.1098999977111816,2.11899995803833,2.0899999141693115,2.0920000076293945,32232.0
2024-03-01 13:50:00,BLFS,18.170000076293945,18.170000076293945,18.18000030517578,18.165000915527344,18.165000915527344,491.0
2024-03-01 13:50:00,BLUE,1.596500039100647,1.596500039100647,1.600000023841858,1.596500039100647,1.600000023841858,1602.0
2024-03-01 13:50:00,BMEA,18.25,18.25,18.280000686645508,18.25,18.270000457763672,2460.0
2024-03-01 13:50:00,BMRN,88.0199966430664,88.0199966430664,88.04000091552734,87.97000122070312,87.97000122070312,3566.0
2024-03-01 13:50:00,BNR,0.8393999934196472,0.8393999934196472,0.8393999934196472,0.8393999934196472,0.8393999934196472,100.0
2024-03-01 13:50:00,BNTX,91.3550033569336,91.3550033569336,91.3550033569336,91.3550033569336,91.3550033569336,415.0
2024-03-01 13:50:00,BPMC,96.93499755859375,96.93499755859375,96.93499755859375,96.93499755859375,96.93499755859375,162.0
2024-03-01 13:50:00,BRKR,88.26110076904297,88.26110076904297,88.26110076904297,88.26110076904297,88.26110076904297,2961.0
2024-03-01 13:50:00,BRTX,1.5199999809265137,1.5199999809265137,1.5199999809265137,1.5199999809265137,1.5199999809265137,109.0
2024-03-01 13:50:00,BSGM,0.6800000071525574,0.6800000071525574,0.6800000071525574,0.6800000071525574,0.6800000071525574,1218.0
2024-03-01 13:50:00,BTCY,0.9100000262260437,0.9100000262260437,0.9100000262260437,0.9100000262260437,0.9100000262260437,460.0
2024-03-01 13:50:00,BTTX,0.1808999925851822,0.1808999925851822,0.1809999942779541,0.1808999925851822,0.1809999942779541,1101.0
2024-03-01 13:50:00,BWAY,6.514999866485596,6.514999866485596,6.514999866485596,6.514999866485596,6.514999866485596,221.0
2024-03-01 13:50:00,CABA,24.155000686645508,24.155000686645508,24.155000686645508,24.149999618530273,24.149999618530273,868.0
2024-03-01 13:50:00,CBAY,32.2400016784668,32.2400016784668,32.2400016784668,32.23500061035156,32.2400016784668,1464.0
2024-03-01 13:50:00,CCCC,11.005000114440918,11.005000114440918,11.005000114440918,11.0,11.0,2921.0
2024-03-01 13:50:00,CCRN,18.190000534057617,18.190000534057617,18.190000534057617,18.190000534057617,18.190000534057617,464.0
2024-03-01 13:50:00,CDMO,8.109999656677246,8.109999656677246,8.119999885559082,8.109999656677246,8.109999656677246,620.0
2024-03-01 13:50:00,CDNA,12.359999656677246,12.359999656677246,12.359999656677246,12.359999656677246,12.359999656677246,839.0
2024-03-01 13:50:00,CDXS,4.559999942779541,4.559999942779541,4.565000057220459,4.559999942779541,4.565000057220459,1808.0
2024-03-01 13:50:00,CELC,16.575000762939453,16.575000762939453,16.575000762939453,16.540000915527344,16.540000915527344,730.0
2024-03-01 13:50:00,CERE,41.10499954223633,41.10499954223633,41.11000061035156,41.099998474121094,41.10499954223633,1518.0
2024-03-01 13:50:00,CERT,17.8700008392334,17.8700008392334,17.8799991607666,17.864999771118164,17.8799991607666,1247.0
2024-03-01 13:50:00,CGC,3.240000009536743,3.240000009536743,3.240000009536743,3.240000009536743,3.240000009536743,2550.0
2024-03-01 13:50:00,CHRS,2.4100000858306885,2.4100000858306885,2.4149999618530273,2.4100000858306885,2.4149999618530273,200.0
2024-03-01 13:50:00,CKPT,2.209199905395508,2.209199905395508,2.209199905395508,2.190000057220459,2.190000057220459,600.0
2024-03-01 13:50:00,CLDX,52.53499984741211,52.53499984741211,52.54999923706055,52.494998931884766,52.52000045776367,2947.0
2024-03-01 13:50:00,CLOV,0.87295001745224,0.87295001745224,0.8730000257492065,0.870199978351593,0.870199978351593,42411.0
2024-03-01 13:50:00,CMPS,11.329999923706055,11.329999923706055,11.359999656677246,11.319999694824219,11.359999656677246,1099.0
2024-03-01 13:50:00,CMPX,1.855299949645996,1.855299949645996,1.855299949645996,1.855299949645996,1.855299949645996,182.0
2024-03-01 13:50:00,CMRX,1.2100000381469727,1.2100000381469727,1.2200000286102295,1.2100000381469727,1.2200000286102295,2800.0
2024-03-01 13:50:00,CNSP,0.3135490119457245,0.3135490119457245,0.3135490119457245,0.3135490119457245,0.3135490119457245,501.0
2024-03-01 13:50:00,COGT,7.175000190734863,7.175000190734863,7.175000190734863,7.170000076293945,7.170000076293945,1108.0
2024-03-01 13:50:00,CORT,24.399999618530273,24.399999618530273,24.399999618530273,24.375,24.375,1296.0
2024-03-01 13:50:00,CPRX,17.44499969482422,17.44499969482422,17.450000762939453,17.43000030517578,17.43000030517578,4751.0
2024-03-01 13:50:00,CPSI,9.489999771118164,9.489999771118164,9.5,9.489999771118164,9.489999771118164,1877.0
2024-03-01 13:50:00,CRBP,32.689998626708984,32.689998626708984,32.70000076293945,32.59000015258789,32.59000015258789,1179.0
2024-03-01 13:50:00,CRDF,2.4700000286102295,2.4700000286102295,2.490000009536743,2.4700000286102295,2.490000009536743,6711.0
2024-03-01 13:50:00,CRDL,1.9697999954223633,1.9697999954223633,1.9700000286102295,1.9697999954223633,1.9700000286102295,3317.0
2024-03-01 13:50:00,CRNX,46.63999938964844,46.63999938964844,46.63999938964844,46.63999938964844,46.63999938964844,618.0
2024-03-01 13:50:00,CRON,2.049999952316284,2.049999952316284,2.055000066757202,2.049999952316284,2.055000066757202,1904.0
2024-03-01 13:50:00,CRSP,85.86990356445312,85.86990356445312,85.86990356445312,85.79000091552734,85.79000091552734,1030.0
2024-03-01 13:50:00,CRVS,2.2300000190734863,2.2300000190734863,2.2300000190734863,2.2300000190734863,2.2300000190734863,160.0
2024-03-01 13:50:00,CSTL,19.969999313354492,19.969999313354492,19.969999313354492,19.969999313354492,19.969999313354492,131.0
2024-03-01 13:50:00,CTMX,2.569999933242798,2.569999933242798,2.5850000381469727,2.569999933242798,2.5850000381469727,6834.0
2024-03-01 13:50:00,CUE,2.180000066757202,2.180000066757202,2.180000066757202,2.180000066757202,2.180000066757202,707.0
2024-03-01 13:50:00,CUTR,2.359999895095825,2.359999895095825,2.359999895095825,2.3499999046325684,2.3499999046325684,650.0
2024-03-01 13:50:00,CVRX,20.69499969482422,20.69499969482422,20.799999237060547,20.69499969482422,20.799999237060547,1702.0
2024-03-01 13:50:00,CYCC,2.8499999046325684,2.8499999046325684,2.8508999347686768,2.8499999046325684,2.8508999347686768,462.0
2024-03-01 13:50:00,CYT,3.109999895095825,3.109999895095825,3.109999895095825,3.109999895095825,3.109999895095825,100.0
2024-03-01 13:50:00,CYTK,72.5999984741211,72.5999984741211,72.66500091552734,72.5999984741211,72.66500091552734,709.0
2024-03-01 13:50:00,CYTO,2.295300006866455,2.295300006866455,2.299999952316284,2.295300006866455,2.299999952316284,271.0
2024-03-01 13:50:00,DAWN,17.549999237060547,17.549999237060547,17.569900512695312,17.549999237060547,17.55500030517578,4782.0
2024-03-01 13:50:00,DCGO,4.184999942779541,4.184999942779541,4.184999942779541,4.179999828338623,4.179999828338623,1606.0
2024-03-01 13:50:00,DCPH,17.45680046081543,17.45680046081543,17.45680046081543,17.450000762939453,17.450000762939453,3071.0
2024-03-01 13:50:00,DH,8.854999542236328,8.854999542236328,8.854999542236328,8.850000381469727,8.850000381469727,2253.0
2024-03-01 13:50:00,DNLI,21.295000076293945,21.295000076293945,21.299999237060547,21.25,21.25,6845.0
2024-03-01 13:50:00,DSGN,2.9100000858306885,2.9100000858306885,2.9100000858306885,2.9100000858306885,2.9100000858306885,109.0
2024-03-01 13:50:00,DTIL,12.364999771118164,12.364999771118164,12.369999885559082,12.350099563598633,12.350099563598633,743.0
2024-03-01 13:50:00,DVAX,12.875,12.875,12.875,12.869999885559082,12.869999885559082,1268.0
2024-03-01 13:50:00,DXCM,121.58999633789062,121.58999633789062,121.59500122070312,121.58999633789062,121.58999633789062,549.0
2024-03-01 13:50:00,DYN,28.799999237060547,28.799999237060547,28.815000534057617,28.780000686645508,28.780000686645508,978.0
2024-03-01 13:50:00,ECOR,7.014999866485596,7.014999866485596,7.014999866485596,6.769999980926514,6.929999828338623,1508.0
2024-03-01 13:50:00,EDIT,10.930000305175781,10.930000305175781,10.930000305175781,10.9266996383667,10.9266996383667,295.0
2024-03-01 13:50:00,EGRX,6.670000076293945,6.670000076293945,6.670000076293945,6.670000076293945,6.670000076293945,222.0
2024-03-01 13:50:00,EKSO,2.009999990463257,2.009999990463257,2.0199999809265137,2.009999990463257,2.0199999809265137,399.0
2024-03-01 13:50:00,ELEV,5.025000095367432,5.025000095367432,5.025000095367432,5.010000228881836,5.010000228881836,802.0
2024-03-01 13:50:00,EMBC,14.289999961853027,14.289999961853027,14.289999961853027,14.289999961853027,14.289999961853027,115.0
2024-03-01 13:50:00,ENSG,122.12000274658203,122.12000274658203,122.1500015258789,122.12000274658203,122.1500015258789,613.0
2024-03-01 13:50:00,ENTA,15.385000228881836,15.385000228881836,15.385000228881836,15.385000228881836,15.385000228881836,116.0
2024-03-01 13:50:00,ENVB,1.469599962234497,1.469599962234497,1.5299999713897705,1.469599962234497,1.5099999904632568,7558.0
2024-03-01 13:50:00,EOLS,14.890000343322754,14.890000343322754,14.890000343322754,14.869999885559082,14.869999885559082,4560.0
2024-03-01 13:50:00,EQ,2.490000009536743,2.490000009536743,2.490000009536743,2.490000009536743,2.490000009536743,124.0
2024-03-01 13:50:00,ERAS,2.505000114440918,2.505000114440918,2.509999990463257,2.505000114440918,2.509999990463257,1082.0
2024-03-01 13:50:00,ESPR,2.5350000858306885,2.5350000858306885,2.5350000858306885,2.5299999713897705,2.5350000858306885,14120.0
2024-03-01 13:50:00,ESTA,45.349998474121094,45.349998474121094,45.349998474121094,45.349998474121094,45.349998474121094,340.0
2024-03-01 13:50:00,ETNB,13.050000190734863,13.050000190734863,13.050000190734863,13.050000190734863,13.050000190734863,330.0
2024-03-01 13:50:00,EVO,7.550000190734863,7.550000190734863,7.550000190734863,7.550000190734863,7.550000190734863,248.0
2024-03-01 13:50:00,EWTX,17.010000228881836,17.010000228881836,17.010000228881836,17.010000228881836,17.010000228881836,508.0
2024-03-01 13:50:00,EXAS,60.0,60.0,60.01499938964844,60.0,60.0,1007.0
2024-03-01 13:50:00,EXEL,22.510000228881836,22.510000228881836,22.510000228881836,22.5,22.5,1436.0
2024-03-01 13:50:00,EYEN,2.369999885559082,2.369999885559082,2.3798999786376953,2.359999895095825,2.3798999786376953,3001.0
2024-03-01 13:50:00,FATE,7.739999771118164,7.739999771118164,7.760000228881836,7.739999771118164,7.755000114440918,3552.0
2024-03-01 13:50:00,FBIO,2.3447000980377197,2.3447000980377197,2.3450000286102295,2.3399999141693115,2.3408000469207764,3333.0
2024-03-01 13:50:00,FDMT,29.40999984741211,29.40999984741211,29.5049991607666,29.40999984741211,29.5049991607666,1514.0
2024-03-01 13:50:00,FEMY,1.7480000257492065,1.7480000257492065,1.7480000257492065,1.7480000257492065,1.7480000257492065,2700.0
2024-03-01 13:50:00,FGEN,1.8650000095367432,1.8650000095367432,1.8650000095367432,1.8650000095367432,1.8650000095367432,823.0
2024-03-01 13:50:00,FLGC,1.159999966621399,1.159999966621399,1.159999966621399,1.159999966621399,1.159999966621399,1001.0
2024-03-01 13:50:00,FLGT,23.226900100708008,23.226900100708008,23.229999542236328,23.226900100708008,23.229999542236328,320.0
2024-03-01 13:50:00,FOLD,13.395000457763672,13.395000457763672,13.399999618530273,13.385000228881836,13.385000228881836,3559.0
2024-03-01 13:50:00,FULC,11.09000015258789,11.09000015258789,11.119999885559082,11.079999923706055,11.119999885559082,2034.0
2024-03-01 13:50:00,FUSN,12.366100311279297,12.366100311279297,12.385000228881836,12.366100311279297,12.385000228881836,611.0
2024-03-01 13:50:00,GANX,4.679999828338623,4.679999828338623,4.679999828338623,4.679999828338623,4.679999828338623,400.0
2024-03-01 13:50:00,GDRX,8.369999885559082,8.369999885559082,8.380000114440918,8.369999885559082,8.375,1378.0
2024-03-01 13:50:00,GERN,2.2899999618530273,2.2899999618530273,2.2899999618530273,2.2750000953674316,2.2799999713897705,79778.0
2024-03-01 13:50:00,GH,19.104999542236328,19.104999542236328,19.110000610351562,19.09000015258789,19.094999313354492,1918.0
2024-03-01 13:50:00,GILD,72.31500244140625,72.31500244140625,72.32499694824219,72.30500030517578,72.32499694824219,7329.0
2024-03-01 13:50:00,GLPG,35.084999084472656,35.084999084472656,35.09000015258789,35.08000183105469,35.08000183105469,1394.0
2024-03-01 13:50:00,GLTO,0.7498999834060669,0.7498999834060669,0.7498999834060669,0.7498999834060669,0.7498999834060669,1000.0
2024-03-01 13:50:00,GMAB,29.3700008392334,29.3700008392334,29.375,29.3700008392334,29.375,949.0
2024-03-01 13:50:00,GMDA,0.3788999915122986,0.3788999915122986,0.3788999915122986,0.3788500130176544,0.3788500130176544,3122.0
2024-03-01 13:50:00,GOSS,1.4199999570846558,1.4199999570846558,1.4199999570846558,1.4199999570846558,1.4199999570846558,200.0
2024-03-01 13:50:00,GRFS,7.085000038146973,7.085000038146973,7.089900016784668,7.085000038146973,7.089900016784668,420.0
2024-03-01 13:50:00,GRTS,2.119999885559082,2.119999885559082,2.130000114440918,2.119999885559082,2.130000114440918,7652.0
2024-03-01 13:50:00,GRTX,0.22990000247955322,0.22990000247955322,0.22990000247955322,0.22990000247955322,0.22990000247955322,500.0
2024-03-01 13:50:00,GTHX,3.759999990463257,3.759999990463257,3.759999990463257,3.740000009536743,3.748500108718872,11060.0
2024-03-01 13:50:00,HALO,41.400001525878906,41.400001525878906,41.40999984741211,41.38999938964844,41.38999938964844,937.0
2024-03-01 13:50:00,HARP,22.940000534057617,22.940000534057617,22.94499969482422,22.940000534057617,22.94499969482422,489.0
2024-03-01 13:50:00,HCAT,8.074999809265137,8.074999809265137,8.079999923706055,8.074999809265137,8.079999923706055,923.0
2024-03-01 13:50:00,HCSG,12.585000038146973,12.585000038146973,12.600000381469727,12.579999923706055,12.600000381469727,1948.0
2024-03-01 13:50:00,HCTI,2.4000000953674316,2.4000000953674316,2.4000000953674316,2.4000000953674316,2.4000000953674316,1067.0
2024-03-01 13:50:00,HEPA,3.0999999046325684,3.0999999046325684,3.109999895095825,3.0999999046325684,3.109999895095825,1424.0
2024-03-01 13:50:00,HLTH,0.27549999952316284,0.27549999952316284,0.27549999952316284,0.2750000059604645,0.2750000059604645,4655.0
2024-03-01 13:50:00,HLVX,19.059999465942383,19.059999465942383,19.059999465942383,19.059999465942383,19.059999465942383,169.0
2024-03-01 13:50:00,HOLX,74.12999725341797,74.12999725341797,74.13999938964844,74.12999725341797,74.13999938964844,1126.0
2024-03-01 13:50:00,HOWL,7.059999942779541,7.059999942779541,7.059999942779541,7.059999942779541,7.059999942779541,248.0
2024-03-01 13:50:00,HQY,81.4000015258789,81.4000015258789,81.43000030517578,81.36000061035156,81.4000015258789,3210.0
2024-03-01 13:50:00,HRMY,31.639999389648438,31.639999389648438,31.639999389648438,31.6200008392334,31.6200008392334,2434.0
2024-03-01 13:50:00,HRTX,2.5799999237060547,2.5799999237060547,2.580899953842163,2.5799999237060547,2.5803000926971436,4002.0
2024-03-01 13:50:00,HSIC,76.76000213623047,76.76000213623047,76.78500366210938,76.76000213623047,76.7699966430664,1239.0
2024-03-01 13:50:00,HSTM,27.329999923706055,27.329999923706055,27.34000015258789,27.329999923706055,27.34000015258789,650.0
2024-03-01 13:50:00,HUMA,3.2825000286102295,3.2825000286102295,3.2860000133514404,3.2799999713897705,3.2799999713897705,2248.0
2024-03-01 13:50:00,IART,36.499900817871094,36.499900817871094,36.499900817871094,36.47999954223633,36.4900016784668,1825.0
2024-03-01 13:50:00,IBRX,4.864999771118164,4.864999771118164,4.869999885559082,4.864999771118164,4.869999885559082,6667.0
2024-03-01 13:50:00,ICUI,106.5790023803711,106.5790023803711,106.58000183105469,106.44999694824219,106.5199966430664,3109.0
2024-03-01 13:50:00,IDXX,580.094970703125,580.094970703125,580.094970703125,580.094970703125,580.094970703125,411.0
2024-03-01 13:50:00,IDYA,46.73500061035156,46.73500061035156,46.73500061035156,46.73500061035156,46.73500061035156,268.0
2024-03-01 13:50:00,IFRX,1.839900016784668,1.839900016784668,1.840000033378601,1.8209999799728394,1.8209999799728394,3605.0
2024-03-01 13:50:00,IINN,1.6800999641418457,1.6800999641418457,1.6800999641418457,1.6800999641418457,1.6800999641418457,276.0
2024-03-01 13:50:00,ILMN,142.3300018310547,142.3300018310547,142.39999389648438,142.3300018310547,142.39999389648438,1065.0
2024-03-01 13:50:00,IMAB,1.8200000524520874,1.8200000524520874,1.8200000524520874,1.8200000524520874,1.8200000524520874,800.0
2024-03-01 13:50:00,IMNM,25.489999771118164,25.489999771118164,25.489999771118164,25.489999771118164,25.489999771118164,105.0
2024-03-01 13:50:00,IMTX,12.881099700927734,12.881099700927734,12.881099700927734,12.881099700927734,12.881099700927734,370.0
2024-03-01 13:50:00,IMUX,1.4600000381469727,1.4600000381469727,1.4700000286102295,1.4600000381469727,1.4700000286102295,7243.0
2024-03-01 13:50:00,IMVT,35.891998291015625,35.891998291015625,35.91999816894531,35.88999938964844,35.900001525878906,2265.0
2024-03-01 13:50:00,INBX,36.56999969482422,36.56999969482422,36.56999969482422,36.56999969482422,36.56999969482422,103.0
2024-03-01 13:50:00,INCY,59.435001373291016,59.435001373291016,59.5,59.435001373291016,59.459999084472656,2738.0
2024-03-01 13:50:00,INGN,6.75,6.75,6.75,6.75,6.75,185.0
2024-03-01 13:50:00,INMB,12.359999656677246,12.359999656677246,12.359999656677246,12.359999656677246,12.359999656677246,585.0
2024-03-01 13:50:00,INO,9.550100326538086,9.550100326538086,9.569999694824219,9.550000190734863,9.569999694824219,1213.0
2024-03-01 13:50:00,INSM,28.2549991607666,28.2549991607666,28.2549991607666,28.2549991607666,28.2549991607666,687.0
2024-03-01 13:50:00,INVA,15.5649995803833,15.5649995803833,15.574999809265137,15.5649995803833,15.574999809265137,640.0
2024-03-01 13:50:00,INZY,6.630000114440918,6.630000114440918,6.630000114440918,6.630000114440918,6.630000114440918,253.0
2024-03-01 13:50:00,IOBT,1.8300000429153442,1.8300000429153442,1.8300000429153442,1.8300000429153442,1.8300000429153442,967.0
2024-03-01 13:50:00,IONM,0.34940001368522644,0.34940001368522644,0.34940001368522644,0.34940001368522644,0.34940001368522644,100.0
2024-03-01 13:50:00,IONS,46.04999923706055,46.04999923706055,46.04999923706055,46.0099983215332,46.0099983215332,510.0
2024-03-01 13:50:00,IOVA,17.084999084472656,17.084999084472656,17.107999801635742,17.084999084472656,17.104999542236328,7276.0
2024-03-01 13:50:00,IRWD,9.010000228881836,9.010000228881836,9.015000343322754,9.010000228881836,9.015000343322754,1932.0
2024-03-01 13:50:00,ITCI,71.73999786376953,71.73999786376953,71.76000213623047,71.69999694824219,71.69999694824219,1827.0
2024-03-01 13:50:00,ITOS,11.279999732971191,11.279999732971191,11.279999732971191,11.239999771118164,11.244999885559082,3183.0
2024-03-01 13:50:00,JAGX,0.07599999755620956,0.07599999755620956,0.07649999856948853,0.07540000230073929,0.07540000230073929,122173.0
2024-03-01 13:50:00,JANX,46.02009963989258,46.02009963989258,46.04999923706055,46.0099983215332,46.04999923706055,1761.0
2024-03-01 13:50:00,JAZZ,119.34249877929688,119.34249877929688,119.41000366210938,119.34249877929688,119.36499786376953,1298.0
2024-03-01 13:50:00,KIDS,27.594999313354492,27.594999313354492,27.594999313354492,27.594999313354492,27.594999313354492,430.0
2024-03-01 13:50:00,KNSA,21.809999465942383,21.809999465942383,21.809999465942383,21.799999237060547,21.799999237060547,600.0
2024-03-01 13:50:00,KNTE,2.5999999046325684,2.5999999046325684,2.5999999046325684,2.5999999046325684,2.5999999046325684,600.0
2024-03-01 13:50:00,KPTI,1.1999000310897827,1.1999000310897827,1.2000000476837158,1.1950000524520874,1.1950000524520874,1957.0
2024-03-01 13:50:00,KRMD,2.130000114440918,2.130000114440918,2.130000114440918,2.130000114440918,2.130000114440918,455.0
2024-03-01 13:50:00,KTRA,0.10000000149011612,0.10000000149011612,0.10000000149011612,0.09939999878406525,0.09939999878406525,8001.0
2024-03-01 13:50:00,KYMR,43.95500183105469,43.95500183105469,43.95500183105469,43.95500183105469,43.95500183105469,100.0
2024-03-01 13:50:00,LAB,2.4605000019073486,2.4605000019073486,2.4605000019073486,2.4600000381469727,2.4600000381469727,1241.0
2024-03-01 13:50:00,LBPH,21.81999969482422,21.81999969482422,21.81999969482422,21.81999969482422,21.81999969482422,114.0
2024-03-01 13:50:00,LEGN,65.79499816894531,65.79499816894531,65.79499816894531,65.79499816894531,65.79499816894531,131.0
2024-03-01 13:50:00,LFMD,7.989999771118164,7.989999771118164,8.0,7.989999771118164,8.0,322.0
2024-03-01 13:50:00,LFST,7.784999847412109,7.784999847412109,7.784999847412109,7.784999847412109,7.784999847412109,263.0
2024-03-01 13:50:00,LIAN,4.860000133514404,4.860000133514404,4.860000133514404,4.860000133514404,4.860000133514404,111.0
2024-03-01 13:50:00,LIFE,1.9149999618530273,1.9149999618530273,1.9149999618530273,1.9149999618530273,1.9149999618530273,150.0
2024-03-01 13:50:00,LMAT,68.21269989013672,68.21269989013672,68.36000061035156,68.21269989013672,68.36000061035156,750.0
2024-03-01 13:50:00,LTRN,4.454999923706055,4.454999923706055,4.549900054931641,4.454999923706055,4.549900054931641,600.0
2024-03-01 13:50:00,LUNG,9.489999771118164,9.489999771118164,9.489999771118164,9.489999771118164,9.489999771118164,300.0
2024-03-01 13:50:00,LVTX,2.869999885559082,2.869999885559082,2.869999885559082,2.799999952316284,2.819999933242798,2479.0
2024-03-01 13:50:00,LXRX,2.5250000953674316,2.5250000953674316,2.5299999713897705,2.5199999809265137,2.5199999809265137,5757.0
2024-03-01 13:50:00,LYEL,3.200000047683716,3.200000047683716,3.200000047683716,3.200000047683716,3.200000047683716,100.0
2024-03-01 13:50:00,MASS,7.375,7.375,7.375,7.375,7.375,778.0
2024-03-01 13:50:00,MBOT,1.320099949836731,1.320099949836731,1.320099949836731,1.320099949836731,1.320099949836731,1253.0
2024-03-01 13:50:00,MBRX,0.636900007724762,0.636900007724762,0.636900007724762,0.636900007724762,0.636900007724762,100.0
2024-03-01 13:50:00,MCRB,1.2050000429153442,1.2050000429153442,1.2050000429153442,1.2000000476837158,1.2000000476837158,815.0
2024-03-01 13:50:00,MDRX,5.960000038146973,5.960000038146973,6.0,5.960000038146973,6.0,18000.0
2024-03-01 13:50:00,MDXG,8.65999984741211,8.65999984741211,8.664999961853027,8.645000457763672,8.664999961853027,12481.0
2024-03-01 13:50:00,ME,0.5705999732017517,0.5705999732017517,0.5717999935150146,0.5702000260353088,0.5717999935150146,11520.0
2024-03-01 13:50:00,MEDP,400.875,400.875,400.875,400.6000061035156,400.6099853515625,1561.0
2024-03-01 13:50:00,MGTX,6.46999979019165,6.46999979019165,6.46999979019165,6.46999979019165,6.46999979019165,515.0
2024-03-01 13:50:00,MIRM,29.68000030517578,29.68000030517578,29.700000762939453,29.68000030517578,29.700000762939453,897.0
2024-03-01 13:50:00,MIST,1.7450000047683716,1.7450000047683716,1.7450000047683716,1.7450000047683716,1.7450000047683716,225.0
2024-03-01 13:50:00,MLTX,50.720001220703125,50.720001220703125,50.720001220703125,50.720001220703125,50.720001220703125,803.0
2024-03-01 13:50:00,MMSI,76.0,76.0,76.01000213623047,76.0,76.01000213623047,543.0
2024-03-01 13:50:00,MNKD,4.554999828338623,4.554999828338623,4.554999828338623,4.550000190734863,4.554999828338623,4336.0
2024-03-01 13:50:00,MNMD,6.215000152587891,6.215000152587891,6.21999979019165,6.215000152587891,6.21999979019165,820.0
2024-03-01 13:50:00,MODD,1.8799999952316284,1.8799999952316284,1.8799999952316284,1.8799999952316284,1.8799999952316284,2201.0
2024-03-01 13:50:00,MODV,28.149999618530273,28.149999618530273,28.184999465942383,28.149999618530273,28.184999465942383,1447.0
2024-03-01 13:50:00,MORF,39.46500015258789,39.46500015258789,39.46500015258789,39.400001525878906,39.400001525878906,296.0
2024-03-01 13:50:00,MREO,4.005000114440918,4.005000114440918,4.005000114440918,4.005000114440918,4.005000114440918,238.0
2024-03-01 13:50:00,MRNA,95.69010162353516,95.69010162353516,95.73999786376953,95.66999816894531,95.66999816894531,11791.0
2024-03-01 13:50:00,MRNS,10.34000015258789,10.34000015258789,10.34000015258789,10.34000015258789,10.34000015258789,858.0
2024-03-01 13:50:00,MRSN,5.949999809265137,5.949999809265137,5.949999809265137,5.940000057220459,5.945000171661377,1552.0
2024-03-01 13:50:00,MRUS,51.06999969482422,51.06999969482422,51.15999984741211,51.06999969482422,51.119998931884766,3131.0
2024-03-01 13:50:00,MRVI,7.715000152587891,7.715000152587891,7.715000152587891,7.70989990234375,7.710000038146973,3377.0
2024-03-01 13:50:00,MXCT,4.760000228881836,4.760000228881836,4.760000228881836,4.760000228881836,4.760000228881836,203.0
2024-03-01 13:50:00,MYGN,22.010000228881836,22.010000228881836,22.010000228881836,22.010000228881836,22.010000228881836,120.0
2024-03-01 13:50:00,NARI,45.630001068115234,45.630001068115234,45.630001068115234,45.5099983215332,45.5099983215332,1793.0
2024-03-01 13:50:00,NBIX,132.2100067138672,132.2100067138672,132.22000122070312,132.1750030517578,132.22000122070312,3563.0
2024-03-01 13:50:00,NEO,16.049999237060547,16.049999237060547,16.049999237060547,16.040000915527344,16.049999237060547,428.0
2024-03-01 13:50:00,NGM,1.5299999713897705,1.5299999713897705,1.5299999713897705,1.5299999713897705,1.5299999713897705,1661.0
2024-03-01 13:50:00,NKTR,0.7754999995231628,0.7754999995231628,0.7766000032424927,0.7754999995231628,0.7754999995231628,1281.0
2024-03-01 13:50:00,NKTX,12.789999961853027,12.789999961853027,12.789999961853027,12.789999961853027,12.789999961853027,361.0
2024-03-01 13:50:00,NNOX,11.085000038146973,11.085000038146973,11.111499786376953,11.085000038146973,11.095000267028809,8368.0
2024-03-01 13:50:00,NOTV,8.109999656677246,8.109999656677246,8.109999656677246,8.109999656677246,8.109999656677246,373.0
2024-03-01 13:50:00,NRC,40.51499938964844,40.51499938964844,40.51499938964844,40.51499938964844,40.51499938964844,137.0
2024-03-01 13:50:00,NRIX,13.649999618530273,13.649999618530273,13.649999618530273,13.630000114440918,13.630000114440918,431.0
2024-03-01 13:50:00,NRSN,2.049999952316284,2.049999952316284,2.049999952316284,2.049799919128418,2.049799919128418,546.0
2024-03-01 13:50:00,NTLA,33.5099983215332,33.5099983215332,33.5099983215332,33.5099983215332,33.5099983215332,334.0
2024-03-01 13:50:00,NTRA,89.31500244140625,89.31500244140625,89.42500305175781,89.26499938964844,89.4000015258789,5401.0
2024-03-01 13:50:00,NUVL,87.77999877929688,87.77999877929688,88.0,87.7699966430664,88.0,832.0
2024-03-01 13:50:00,NVAX,5.1930999755859375,5.1930999755859375,5.210000038146973,5.1930999755859375,5.19980001449585,39211.0
2024-03-01 13:50:00,NVCR,16.030000686645508,16.030000686645508,16.040000915527344,16.030000686645508,16.030000686645508,474.0
2024-03-01 13:50:00,NVCT,10.739999771118164,10.739999771118164,10.800000190734863,10.699999809265137,10.800000190734863,803.0
2024-03-01 13:50:00,NXTC,1.75,1.75,1.75,1.75,1.75,200.0
2024-03-01 13:50:00,OCGN,0.9686700105667114,0.9686700105667114,0.9695000052452087,0.9686700105667114,0.9695000052452087,1531.0
2024-03-01 13:50:00,OCUL,10.819700241088867,10.819700241088867,10.84000015258789,10.789999961853027,10.789999961853027,6463.0
2024-03-01 13:50:00,OCUP,2.490000009536743,2.490000009536743,2.490000009536743,2.490000009536743,2.490000009536743,101.0
2024-03-01 13:50:00,OFIX,12.930000305175781,12.930000305175781,12.9350004196167,12.920000076293945,12.920000076293945,709.0
2024-03-01 13:50:00,OGI,2.1900999546051025,2.1900999546051025,2.194999933242798,2.190000057220459,2.191800117492676,4617.0
2024-03-01 13:50:00,OLK,23.059999465942383,23.059999465942383,23.079999923706055,23.059999465942383,23.075000762939453,3690.0
2024-03-01 13:50:00,OLMA,14.760000228881836,14.760000228881836,14.760000228881836,14.75,14.75,386.0
2024-03-01 13:50:00,OMCL,26.389999389648438,26.389999389648438,26.389999389648438,26.389999389648438,26.389999389648438,223.0
2024-03-01 13:50:00,OMGA,4.309999942779541,4.309999942779541,4.349899768829346,4.300000190734863,4.349899768829346,8517.0
2024-03-01 13:50:00,ONTX,0.8184000253677368,0.8184000253677368,0.8184000253677368,0.8184000253677368,0.8184000253677368,180.0
2024-03-01 13:51:00,AADI,1.9950000047683716,1.9950000047683716,1.9950000047683716,1.9950000047683716,1.9950000047683716,250.0
2024-03-01 13:51:00,ABCL,5.184999942779541,5.184999942779541,5.199999809265137,5.184999942779541,5.199999809265137,3101.0
2024-03-01 13:51:00,ABOS,4.639999866485596,4.639999866485596,4.650000095367432,4.639999866485596,4.650000095367432,235.0
2024-03-01 13:51:00,ABSI,5.440000057220459,5.440000057220459,5.440000057220459,5.434999942779541,5.440000057220459,2661.0
2024-03-01 13:51:00,ACAD,24.295000076293945,24.295000076293945,24.309999465942383,24.290000915527344,24.309999465942383,3061.0
2024-03-01 13:51:00,ACB,3.2149999141693115,3.2149999141693115,3.2149999141693115,3.2107999324798584,3.2107999324798584,2163.0
2024-03-01 13:51:00,ACCD,10.09000015258789,10.09000015258789,10.100000381469727,10.069999694824219,10.100000381469727,2066.0
2024-03-01 13:51:00,ACET,2.3949999809265137,2.3949999809265137,2.3949999809265137,2.390000104904175,2.3949999809265137,616.0
2024-03-01 13:51:00,ACHC,84.30000305175781,84.30000305175781,84.30000305175781,84.30000305175781,84.30000305175781,665.0
2024-03-01 13:51:00,ACHV,4.360000133514404,4.360000133514404,4.360000133514404,4.360000133514404,4.360000133514404,110.0
2024-03-01 13:51:00,ACLX,67.69499969482422,67.69499969482422,67.73999786376953,67.69499969482422,67.7300033569336,790.0
2024-03-01 13:51:00,ACON,0.4099000096321106,0.4099000096321106,0.4099000096321106,0.4099000096321106,0.4099000096321106,100.0
2024-03-01 13:51:00,ACRS,1.2400000095367432,1.2400000095367432,1.2400000095367432,1.2350000143051147,1.2400000095367432,1403.0
2024-03-01 13:51:00,ADIL,3.3269999027252197,3.3269999027252197,3.390000104904175,3.299999952316284,3.380000114440918,138215.0
2024-03-01 13:51:00,ADMA,5.550000190734863,5.550000190734863,5.555500030517578,5.550000190734863,5.550000190734863,1455.0
2024-03-01 13:51:00,ADPT,4.119999885559082,4.119999885559082,4.139999866485596,4.119999885559082,4.139999866485596,9748.0
2024-03-01 13:51:00,ADUS,94.04000091552734,94.04000091552734,94.04000091552734,93.87999725341797,93.97000122070312,2730.0
2024-03-01 13:51:00,ADVM,1.9700000286102295,1.9700000286102295,1.9700000286102295,1.9520000219345093,1.9600000381469727,2893.0
2024-03-01 13:51:00,ADXN,9.300000190734863,9.300000190734863,9.300000190734863,9.300000190734863,9.300000190734863,1468.0
2024-03-01 13:51:00,AGEN,0.6745749711990356,0.6745749711990356,0.6746000051498413,0.6744999885559082,0.6744999885559082,10986.0
2024-03-01 13:51:00,AGIO,32.790000915527344,32.790000915527344,32.80500030517578,32.790000915527344,32.79999923706055,981.0
2024-03-01 13:51:00,AHCO,10.529999732971191,10.529999732971191,10.550000190734863,10.529999732971191,10.550000190734863,3682.0
2024-03-01 13:51:00,AIRS,6.5,6.5,6.5,6.5,6.5,100.0
2024-03-01 13:51:00,AKAN,0.20810000598430634,0.20810000598430634,0.20810000598430634,0.20800000429153442,0.20810000598430634,6444.0
2024-03-01 13:51:00,AKBA,1.6875,1.6875,1.690000057220459,1.6799999475479126,1.6799999475479126,535.0
2024-03-01 13:51:00,AKRO,29.989999771118164,29.989999771118164,29.989999771118164,29.950000762939453,29.950000762939453,22569.0
2024-03-01 13:51:00,AKYA,6.0,6.0,6.0,6.0,6.0,2348.0
2024-03-01 13:51:00,ALDX,4.284999847412109,4.284999847412109,4.289999961853027,4.284999847412109,4.289999961853027,922.0
2024-03-01 13:51:00,ALEC,7.309999942779541,7.309999942779541,7.320000171661377,7.309999942779541,7.320000171661377,3227.0
2024-03-01 13:51:00,ALHC,5.690000057220459,5.690000057220459,5.690000057220459,5.690000057220459,5.690000057220459,119.0
2024-03-01 13:51:00,ALKS,30.270000457763672,30.270000457763672,30.274999618530273,30.239999771118164,30.239999771118164,4952.0
2024-03-01 13:51:00,ALLK,1.6549999713897705,1.6549999713897705,1.659999966621399,1.6549999713897705,1.6549999713897705,525.0
2024-03-01 13:51:00,ALLO,5.050000190734863,5.050000190734863,5.051499843597412,5.050000190734863,5.051499843597412,1592.0
2024-03-01 13:51:00,ALT,12.109999656677246,12.109999656677246,12.130000114440918,12.109999656677246,12.130000114440918,4415.0
2024-03-01 13:51:00,ALVR,0.7541000247001648,0.7541000247001648,0.7541000247001648,0.7541000247001648,0.7541000247001648,200.0
2024-03-01 13:51:00,AMED,93.55000305175781,93.55000305175781,93.55000305175781,93.55000305175781,93.55000305175781,120.0
2024-03-01 13:51:00,AMGN,280.5,280.5,280.5784912109375,280.5,280.55999755859375,3517.0
2024-03-01 13:51:00,AMLX,18.6200008392334,18.6200008392334,18.6200008392334,18.6200008392334,18.6200008392334,104.0
2024-03-01 13:51:00,AMPH,45.380001068115234,45.380001068115234,45.38999938964844,45.290000915527344,45.290000915527344,3627.0
2024-03-01 13:51:00,AMRN,1.0499999523162842,1.0499999523162842,1.0549999475479126,1.0499999523162842,1.0549999475479126,60329.0
2024-03-01 13:51:00,ANGO,5.505000114440918,5.505000114440918,5.510000228881836,5.505000114440918,5.510000228881836,2386.0
2024-03-01 13:51:00,ANIK,24.920000076293945,24.920000076293945,25.020000457763672,24.920000076293945,24.959999084472656,1063.0
2024-03-01 13:51:00,ANIP,66.6500015258789,66.6500015258789,66.6500015258789,66.47000122070312,66.47000122070312,917.0
2024-03-01 13:51:00,ANNX,6.215000152587891,6.215000152587891,6.215000152587891,6.199999809265137,6.199999809265137,4793.0
2024-03-01 13:51:00,APDN,0.5698999762535095,0.5698999762535095,0.5698999762535095,0.5698999762535095,0.5698999762535095,176.0
2024-03-01 13:51:00,APLS,65.30000305175781,65.30000305175781,65.30000305175781,65.18000030517578,65.19000244140625,4784.0
2024-03-01 13:51:00,APLT,7.099999904632568,7.099999904632568,7.114999771118164,7.099999904632568,7.099999904632568,653.0
2024-03-01 13:51:00,AQST,4.239999771118164,4.239999771118164,4.239999771118164,4.239999771118164,4.239999771118164,235.0
2024-03-01 13:51:00,ARCT,39.625,39.625,39.689998626708984,39.625,39.68000030517578,677.0
2024-03-01 13:51:00,ARDX,9.459400177001953,9.459400177001953,9.460000038146973,9.449999809265137,9.454999923706055,1546.0
2024-03-01 13:51:00,ARGX,391.44000244140625,391.44000244140625,391.44000244140625,391.44000244140625,391.44000244140625,827.0
2024-03-01 13:51:00,ARQT,11.859999656677246,11.859999656677246,11.875,11.84000015258789,11.875,9063.0
2024-03-01 13:51:00,ARVN,48.810001373291016,48.810001373291016,48.869998931884766,48.810001373291016,48.86000061035156,1085.0
2024-03-01 13:51:00,ARWR,35.689998626708984,35.689998626708984,35.744998931884766,35.65999984741211,35.744998931884766,4162.0
2024-03-01 13:51:00,ASND,152.5,152.5,152.5500030517578,152.39999389648438,152.49000549316406,635.0
2024-03-01 13:51:00,ASRT,0.9035000205039978,0.9035000205039978,0.9035000205039978,0.9020000100135803,0.9020000100135803,201.0
2024-03-01 13:51:00,ATAI,2.130000114440918,2.130000114440918,2.140000104904175,2.130000114440918,2.140000104904175,5233.0
2024-03-01 13:51:00,ATEC,13.390000343322754,13.390000343322754,13.399999618530273,13.390000343322754,13.399999618530273,2637.0
2024-03-01 13:51:00,ATHA,3.9800000190734863,3.9800000190734863,3.990000009536743,3.9800000190734863,3.990000009536743,557.0
2024-03-01 13:51:00,ATRA,0.7861999869346619,0.7861999869346619,0.7868000268936157,0.7860999703407288,0.7868000268936157,1300.0
2024-03-01 13:51:00,ATRC,35.97999954223633,35.97999954223633,36.005001068115234,35.97999954223633,35.9900016784668,2265.0
2024-03-01 13:51:00,AUGX,4.519999980926514,4.519999980926514,4.53000020980835,4.519999980926514,4.53000020980835,729.0
2024-03-01 13:51:00,AUPH,5.830100059509277,5.830100059509277,5.830100059509277,5.829999923706055,5.829999923706055,2347.0
2024-03-01 13:51:00,AUTL,6.360000133514404,6.360000133514404,6.360000133514404,6.360000133514404,6.360000133514404,312.0
2024-03-01 13:51:00,AVDL,13.180000305175781,13.180000305175781,13.180000305175781,13.180000305175781,13.180000305175781,729.0
2024-03-01 13:51:00,AVRO,1.3600000143051147,1.3600000143051147,1.3600000143051147,1.3550000190734863,1.3550000190734863,1000.0
2024-03-01 13:51:00,AVXL,5.3282999992370605,5.3282999992370605,5.3282999992370605,5.324999809265137,5.324999809265137,763.0
2024-03-01 13:51:00,AXNX,67.88500213623047,67.88500213623047,67.88500213623047,67.88500213623047,67.88500213623047,511.0
2024-03-01 13:51:00,AXSM,82.2750015258789,82.2750015258789,82.32499694824219,82.2750015258789,82.32499694824219,529.0
2024-03-01 13:51:00,AZN,64.66999816894531,64.66999816894531,64.66999816894531,64.66500091552734,64.66999816894531,363.0
2024-03-01 13:51:00,AZTA,66.91999816894531,66.91999816894531,66.93000030517578,66.91999816894531,66.91999816894531,726.0
2024-03-01 13:51:00,BBIO,35.970001220703125,35.970001220703125,36.0,35.970001220703125,36.0,1005.0
2024-03-01 13:51:00,BCAB,2.7149999141693115,2.7149999141693115,2.7149999141693115,2.7149999141693115,2.7149999141693115,300.0
2024-03-01 13:51:00,BCRX,5.700799942016602,5.700799942016602,5.700799942016602,5.700799942016602,5.700799942016602,1060.0
2024-03-01 13:51:00,BDTX,4.940000057220459,4.940000057220459,4.96999979019165,4.930099964141846,4.96999979019165,6274.0
2024-03-01 13:51:00,BEAM,40.36000061035156,40.36000061035156,40.5099983215332,40.279998779296875,40.5,6444.0
2024-03-01 13:51:00,BGNE,167.22000122070312,167.22000122070312,167.22000122070312,167.22000122070312,167.22000122070312,542.0
2024-03-01 13:51:00,BIIB,221.1649932861328,221.1649932861328,221.1649932861328,221.08999633789062,221.08999633789062,663.0
2024-03-01 13:51:00,BIOL,0.14219999313354492,0.14219999313354492,0.1462000012397766,0.14219999313354492,0.14399999380111694,18276.0
2024-03-01 13:51:00,BIVI,2.109999895095825,2.109999895095825,2.119999885559082,2.0999999046325684,2.1050000190734863,28256.0
2024-03-01 13:51:00,BLCM,0.08597999811172485,0.08597999811172485,0.08597999811172485,0.08597999811172485,0.08597999811172485,120.0
2024-03-01 13:51:00,BLFS,18.15999984741211,18.15999984741211,18.15999984741211,18.15999984741211,18.15999984741211,147.0
2024-03-01 13:51:00,BLUE,1.600000023841858,1.600000023841858,1.600000023841858,1.590000033378601,1.590000033378601,3151.0
2024-03-01 13:51:00,BMEA,18.229999542236328,18.229999542236328,18.239999771118164,18.219999313354492,18.239999771118164,1519.0
2024-03-01 13:51:00,BMRN,88.1500015258789,88.1500015258789,88.16000366210938,88.01000213623047,88.0250015258789,7374.0
2024-03-01 13:51:00,BNGO,1.2699999809265137,1.2699999809265137,1.2699999809265137,1.2649999856948853,1.2699999809265137,5102.0
2024-03-01 13:51:00,BNTX,91.18000030517578,91.18000030517578,91.3550033569336,91.18000030517578,91.3550033569336,3174.0
2024-03-01 13:51:00,BPMC,96.72000122070312,96.72000122070312,96.94000244140625,96.72000122070312,96.94000244140625,1710.0
2024-03-01 13:51:00,BRKR,88.27999877929688,88.27999877929688,88.27999877929688,88.27999877929688,88.27999877929688,607.0
2024-03-01 13:51:00,BRTX,1.5298999547958374,1.5298999547958374,1.5298999547958374,1.5298999547958374,1.5298999547958374,1019.0
2024-03-01 13:51:00,BTAI,3.1700000762939453,3.1700000762939453,3.1700000762939453,3.1700000762939453,3.1700000762939453,3200.0
2024-03-01 13:51:00,BTCY,0.8999999761581421,0.8999999761581421,0.9099000096321106,0.8999999761581421,0.906000018119812,3077.0
2024-03-01 13:51:00,BTTX,0.1808999925851822,0.1808999925851822,0.18090100586414337,0.1808999925851822,0.18090100586414337,2259.0
2024-03-01 13:51:00,BVS,4.75,4.75,4.75,4.735000133514404,4.739999771118164,812.0
2024-03-01 13:51:00,BWAY,6.539999961853027,6.539999961853027,6.539999961853027,6.53000020980835,6.53000020980835,662.0
2024-03-01 13:51:00,CABA,24.145000457763672,24.145000457763672,24.145000457763672,24.145000457763672,24.145000457763672,217.0
2024-03-01 13:51:00,CBAY,32.2400016784668,32.2400016784668,32.2400016784668,32.22999954223633,32.23500061035156,4792.0
2024-03-01 13:51:00,CCCC,10.960000038146973,10.960000038146973,11.0,10.9399995803833,11.0,14100.0
2024-03-01 13:51:00,CDNA,12.369999885559082,12.369999885559082,12.369999885559082,12.300000190734863,12.354999542236328,6171.0
2024-03-01 13:51:00,CDTX,0.7200000286102295,0.7200000286102295,0.7200000286102295,0.7200000286102295,0.7200000286102295,230.0
2024-03-01 13:51:00,CDXS,4.551199913024902,4.551199913024902,4.554999828338623,4.550000190734863,4.554999828338623,5043.0
2024-03-01 13:51:00,CELC,16.540000915527344,16.540000915527344,16.540000915527344,16.540000915527344,16.540000915527344,205.0
2024-03-01 13:51:00,CELZ,4.25,4.25,4.25,4.25,4.25,251.0
2024-03-01 13:51:00,CERE,41.10499954223633,41.10499954223633,41.10499954223633,41.099998474121094,41.099998474121094,977.0
2024-03-01 13:51:00,CERS,2.180000066757202,2.180000066757202,2.190000057220459,2.180000066757202,2.190000057220459,6366.0
2024-03-01 13:51:00,CERT,17.864999771118164,17.864999771118164,17.864999771118164,17.860000610351562,17.860000610351562,362.0
2024-03-01 13:51:00,CGC,3.2481000423431396,3.2481000423431396,3.2481000423431396,3.2481000423431396,3.2481000423431396,523.0
2024-03-01 13:51:00,CHRS,2.4149999618530273,2.4149999618530273,2.4149999618530273,2.4100000858306885,2.4100000858306885,1307.0
2024-03-01 13:51:00,CKPT,2.190000057220459,2.190000057220459,2.190000057220459,2.190000057220459,2.190000057220459,100.0
2024-03-01 13:51:00,CLDX,52.505001068115234,52.505001068115234,52.540000915527344,52.459999084472656,52.540000915527344,8294.0
2024-03-01 13:51:00,CLOV,0.8712999820709229,0.8712999820709229,0.8729000091552734,0.8712999820709229,0.8729000091552734,13541.0
2024-03-01 13:51:00,CMPS,11.339900016784668,11.339900016784668,11.339900016784668,11.3149995803833,11.3149995803833,503.0
2024-03-01 13:51:00,CMRX,1.2050000429153442,1.2050000429153442,1.2050000429153442,1.2050000429153442,1.2050000429153442,315.0
2024-03-01 13:51:00,COGT,7.204999923706055,7.204999923706055,7.204999923706055,7.170000076293945,7.170000076293945,10411.0
2024-03-01 13:51:00,CORT,24.360000610351562,24.360000610351562,24.399999618530273,24.350000381469727,24.399999618530273,2942.0
2024-03-01 13:51:00,CPRX,17.415000915527344,17.415000915527344,17.440000534057617,17.405000686645508,17.440000534057617,3631.0
2024-03-01 13:51:00,CRBP,32.5,32.5,32.5,32.5,32.5,645.0
2024-03-01 13:51:00,CRBU,7.909999847412109,7.909999847412109,7.929999828338623,7.909999847412109,7.929999828338623,4406.0
2024-03-01 13:51:00,CRDF,2.4798998832702637,2.4798998832702637,2.4800000190734863,2.4700000286102295,2.4702999591827393,26458.0
2024-03-01 13:51:00,CRDL,1.9700000286102295,1.9700000286102295,1.9700000286102295,1.9500000476837158,1.9500000476837158,3204.0
2024-03-01 13:51:00,CRMD,3.7149999141693115,3.7149999141693115,3.7200000286102295,3.7149999141693115,3.7200000286102295,1612.0
2024-03-01 13:51:00,CRNX,46.6150016784668,46.6150016784668,46.65999984741211,46.58000183105469,46.61000061035156,1368.0
2024-03-01 13:51:00,CRON,2.049999952316284,2.049999952316284,2.055000066757202,2.049999952316284,2.055000066757202,324.0
2024-03-01 13:51:00,CRSP,85.62999725341797,85.62999725341797,85.73500061035156,85.62999725341797,85.72000122070312,1460.0
2024-03-01 13:51:00,CSTL,19.983999252319336,19.983999252319336,19.983999252319336,19.983999252319336,19.983999252319336,271.0
2024-03-01 13:51:00,CTKB,8.920000076293945,8.920000076293945,8.920000076293945,8.90999984741211,8.90999984741211,4248.0
2024-03-01 13:51:00,CTMX,2.569999933242798,2.569999933242798,2.5799999237060547,2.569999933242798,2.569999933242798,2433.0
2024-03-01 13:51:00,CUTR,2.359999895095825,2.359999895095825,2.359999895095825,2.3499999046325684,2.3499999046325684,490.0
2024-03-01 13:51:00,CVAC,3.494999885559082,3.494999885559082,3.494999885559082,3.494999885559082,3.494999885559082,294.0
2024-03-01 13:51:00,CYTK,72.5999984741211,72.5999984741211,72.61000061035156,72.5999984741211,72.61000061035156,458.0
2024-03-01 13:51:00,DARE,0.5699999928474426,0.5699999928474426,0.5724999904632568,0.5699999928474426,0.5724999904632568,2009.0
2024-03-01 13:51:00,DAWN,17.559999465942383,17.559999465942383,17.559999465942383,17.549999237060547,17.559999465942383,1261.0
2024-03-01 13:51:00,DCGO,4.179999828338623,4.179999828338623,4.179999828338623,4.179999828338623,4.179999828338623,116.0
2024-03-01 13:51:00,DCPH,17.450000762939453,17.450000762939453,17.450000762939453,17.450000762939453,17.450000762939453,201.0
2024-03-01 13:51:00,DH,8.850000381469727,8.850000381469727,8.850000381469727,8.850000381469727,8.850000381469727,712.0
2024-03-01 13:51:00,DMTK,0.8508999943733215,0.8508999943733215,0.8508999943733215,0.847898006439209,0.8500000238418579,611.0
2024-03-01 13:51:00,DNLI,21.229999542236328,21.229999542236328,21.280000686645508,21.219999313354492,21.280000686645508,3129.0
2024-03-01 13:51:00,DSGN,2.901099920272827,2.901099920272827,2.9022998809814453,2.901099920272827,2.9022998809814453,336.0
2024-03-01 13:51:00,DTIL,12.375,12.375,12.375,12.364999771118164,12.375,547.0
2024-03-01 13:51:00,DVAX,12.869999885559082,12.869999885559082,12.869999885559082,12.864999771118164,12.869999885559082,1687.0
2024-03-01 13:51:00,DXCM,121.5999984741211,121.5999984741211,121.5999984741211,121.5,121.55999755859375,8768.0
2024-03-01 13:51:00,DYAI,1.3521000146865845,1.3521000146865845,1.3521000146865845,1.3521000146865845,1.3521000146865845,657.0
2024-03-01 13:51:00,DYN,28.8700008392334,28.8700008392334,28.8799991607666,28.799999237060547,28.799999237060547,3741.0
2024-03-01 13:51:00,EDIT,10.920000076293945,10.920000076293945,10.920000076293945,10.920000076293945,10.920000076293945,1938.0
2024-03-01 13:51:00,EGRX,6.659999847412109,6.659999847412109,6.670000076293945,6.659999847412109,6.670000076293945,668.0
2024-03-01 13:51:00,ELEV,5.010000228881836,5.010000228881836,5.010000228881836,5.010000228881836,5.010000228881836,2211.0
2024-03-01 13:51:00,EMBC,14.28499984741211,14.28499984741211,14.28499984741211,14.28499984741211,14.28499984741211,181.0
2024-03-01 13:51:00,ENSG,122.22000122070312,122.22000122070312,122.22000122070312,122.11000061035156,122.11000061035156,711.0
2024-03-01 13:51:00,ENTA,15.390000343322754,15.390000343322754,15.390000343322754,15.369999885559082,15.369999885559082,584.0
2024-03-01 13:51:00,ENVB,1.5,1.5,1.5049999952316284,1.4700000286102295,1.4800000190734863,2805.0
2024-03-01 13:51:00,EOLS,14.899999618530273,14.899999618530273,14.899999618530273,14.899999618530273,14.899999618530273,447.0
2024-03-01 13:51:00,ESPR,2.5350000858306885,2.5350000858306885,2.5350000858306885,2.5350000858306885,2.5350000858306885,914.0
2024-03-01 13:51:00,ESTA,45.349998474121094,45.349998474121094,45.38999938964844,45.349998474121094,45.38999938964844,303.0
2024-03-01 13:51:00,ETNB,13.029999732971191,13.029999732971191,13.039999961853027,13.020000457763672,13.039999961853027,3499.0
2024-03-01 13:51:00,EWTX,17.010000228881836,17.010000228881836,17.010000228881836,17.010000228881836,17.010000228881836,298.0
2024-03-01 13:51:00,EXAI,6.724999904632568,6.724999904632568,6.728700160980225,6.724999904632568,6.728700160980225,1604.0
2024-03-01 13:51:00,EXAS,59.96500015258789,59.96500015258789,59.9900016784668,59.91999816894531,59.9900016784668,2873.0
2024-03-01 13:51:00,EXEL,22.5,22.5,22.5049991607666,22.5,22.5049991607666,4471.0
2024-03-01 13:51:00,EYEN,2.380000114440918,2.380000114440918,2.380000114440918,2.369999885559082,2.369999885559082,485.0
2024-03-01 13:51:00,FATE,7.739999771118164,7.739999771118164,7.739999771118164,7.724999904632568,7.730000019073486,4897.0
2024-03-01 13:51:00,FDMT,29.415000915527344,29.415000915527344,29.415000915527344,29.415000915527344,29.415000915527344,106.0
2024-03-01 13:51:00,FGEN,1.8650000095367432,1.8650000095367432,1.8700000047683716,1.8650000095367432,1.8700000047683716,400.0
2024-03-01 13:51:00,FLGT,23.209999084472656,23.209999084472656,23.209999084472656,23.209999084472656,23.209999084472656,486.0
2024-03-01 13:51:00,FOLD,13.40939998626709,13.40939998626709,13.40939998626709,13.390000343322754,13.390000343322754,7567.0
2024-03-01 13:51:00,FULC,11.0600004196167,11.0600004196167,11.079999923706055,11.0600004196167,11.079999923706055,651.0
2024-03-01 13:51:00,FUSN,12.335000038146973,12.335000038146973,12.390000343322754,12.335000038146973,12.375,1768.0
2024-03-01 13:51:00,GBIO,2.619999885559082,2.619999885559082,2.630000114440918,2.619999885559082,2.630000114440918,1978.0
2024-03-01 13:51:00,GDRX,8.354999542236328,8.354999542236328,8.369999885559082,8.354999542236328,8.369999885559082,4524.0
2024-03-01 13:51:00,GERN,2.2799999713897705,2.2799999713897705,2.2899999618530273,2.2799999713897705,2.2899999618530273,155358.0
2024-03-01 13:51:00,GH,19.077499389648438,19.077499389648438,19.100000381469727,19.077499389648438,19.100000381469727,1202.0
2024-03-01 13:51:00,GILD,72.30500030517578,72.30500030517578,72.31999969482422,72.2750015258789,72.31009674072266,20867.0
2024-03-01 13:51:00,GLSI,12.680000305175781,12.680000305175781,12.680000305175781,12.680000305175781,12.680000305175781,349.0
2024-03-01 13:51:00,GLTO,0.75,0.75,0.75,0.75,0.75,1000.0
2024-03-01 13:51:00,GMAB,29.360000610351562,29.360000610351562,29.360000610351562,29.360000610351562,29.360000610351562,419.0
2024-03-01 13:51:00,GMDA,0.3815999925136566,0.3815999925136566,0.3815999925136566,0.37959998846054077,0.37959998846054077,103713.0
2024-03-01 13:51:00,GOSS,1.4199999570846558,1.4199999570846558,1.4199999570846558,1.4149999618530273,1.4149999618530273,211.0
2024-03-01 13:51:00,GRFS,7.085000038146973,7.085000038146973,7.085000038146973,7.085000038146973,7.085000038146973,110.0
2024-03-01 13:51:00,GRPH,3.4649999141693115,3.4649999141693115,3.4649999141693115,3.4649999141693115,3.4649999141693115,102.0
2024-03-01 13:51:00,GRTS,2.1159000396728516,2.1159000396728516,2.125,2.115000009536743,2.119999885559082,7964.0
2024-03-01 13:51:00,GRTX,0.22990000247955322,0.22990000247955322,0.22990000247955322,0.22990000247955322,0.22990000247955322,600.0
2024-03-01 13:51:00,HALO,41.34000015258789,41.34000015258789,41.400001525878906,41.34000015258789,41.400001525878906,3949.0
2024-03-01 13:51:00,HARP,22.950000762939453,22.950000762939453,22.950000762939453,22.950000762939453,22.950000762939453,100.0
2024-03-01 13:51:00,HCAT,8.079999923706055,8.079999923706055,8.079999923706055,8.0649995803833,8.069999694824219,3826.0
2024-03-01 13:51:00,HCSG,12.600000381469727,12.600000381469727,12.600000381469727,12.59000015258789,12.59000015258789,1932.0
2024-03-01 13:51:00,HEPA,3.059999942779541,3.059999942779541,3.069999933242798,3.059999942779541,3.069999933242798,490.0
2024-03-01 13:51:00,HITI,1.7599999904632568,1.7599999904632568,1.7599999904632568,1.7599999904632568,1.7599999904632568,100.0
2024-03-01 13:51:00,HLTH,0.27869999408721924,0.27869999408721924,0.27880001068115234,0.27869999408721924,0.27880001068115234,3378.0
2024-03-01 13:51:00,HOLX,74.16999816894531,74.16999816894531,74.16999816894531,74.12999725341797,74.12999725341797,2426.0
2024-03-01 13:51:00,HQY,81.41000366210938,81.41000366210938,81.41000366210938,81.37999725341797,81.37999725341797,1293.0
2024-03-01 13:51:00,HRMY,31.6299991607666,31.6299991607666,31.6299991607666,31.600000381469727,31.6299991607666,1197.0
2024-03-01 13:51:00,HROW,10.880000114440918,10.880000114440918,10.880000114440918,10.880000114440918,10.880000114440918,403.0
2024-03-01 13:51:00,HRTX,2.569999933242798,2.569999933242798,2.5799999237060547,2.569999933242798,2.5799999237060547,15697.0
2024-03-01 13:51:00,HSIC,76.77999877929688,76.77999877929688,76.78500366210938,76.77999877929688,76.77999877929688,1103.0
2024-03-01 13:51:00,HUMA,3.280600070953369,3.280600070953369,3.2850000858306885,3.280600070953369,3.2850000858306885,924.0
2024-03-01 13:51:00,IART,36.474998474121094,36.474998474121094,36.474998474121094,36.474998474121094,36.474998474121094,544.0
2024-03-01 13:51:00,IBRX,4.860000133514404,4.860000133514404,4.869999885559082,4.860000133514404,4.869999885559082,6168.0
2024-03-01 13:51:00,ICAD,1.8650000095367432,1.8650000095367432,1.8650000095367432,1.8650000095367432,1.8650000095367432,136.0
2024-03-01 13:51:00,ICCM,1.309999942779541,1.309999942779541,1.309999942779541,1.309999942779541,1.309999942779541,140.0
2024-03-01 13:51:00,ICLR,322.5799865722656,322.5799865722656,322.5799865722656,322.5799865722656,322.5799865722656,350.0
2024-03-01 13:51:00,IDXX,580.0999755859375,580.0999755859375,580.0999755859375,580.0499877929688,580.0499877929688,336.0
2024-03-01 13:51:00,IDYA,46.685001373291016,46.685001373291016,46.685001373291016,46.685001373291016,46.685001373291016,641.0
2024-03-01 13:51:00,IGMS,13.319999694824219,13.319999694824219,13.319999694824219,13.300000190734863,13.300000190734863,379.0
2024-03-01 13:51:00,IINN,1.684999942779541,1.684999942779541,1.684999942779541,1.684999942779541,1.684999942779541,370.0
2024-03-01 13:51:00,ILMN,142.3249969482422,142.3249969482422,142.3350067138672,142.3000030517578,142.3000030517578,1113.0
2024-03-01 13:51:00,IMAB,1.8200000524520874,1.8200000524520874,1.8200000524520874,1.8200000524520874,1.8200000524520874,200.0
2024-03-01 13:51:00,IMCR,68.00499725341797,68.00499725341797,68.00499725341797,68.00499725341797,68.00499725341797,587.0
2024-03-01 13:51:00,IMMX,3.565000057220459,3.565000057220459,3.569999933242798,3.565000057220459,3.569999933242798,401.0
2024-03-01 13:51:00,IMNM,25.4950008392334,25.4950008392334,25.4950008392334,25.4950008392334,25.4950008392334,1061.0
2024-03-01 13:51:00,IMNN,1.0399999618530273,1.0399999618530273,1.0399999618530273,1.0399999618530273,1.0399999618530273,211.0
2024-03-01 13:51:00,IMTX,12.880000114440918,12.880000114440918,12.880000114440918,12.880000114440918,12.880000114440918,293.0
2024-03-01 13:51:00,IMVT,35.900001525878906,35.900001525878906,35.90999984741211,35.869998931884766,35.88999938964844,1782.0
2024-03-01 13:51:00,INCY,59.4900016784668,59.4900016784668,59.5,59.38999938964844,59.400001525878906,6316.0
2024-03-01 13:51:00,INGN,6.75,6.75,6.75,6.75,6.75,149.0
2024-03-01 13:51:00,INMB,12.3149995803833,12.3149995803833,12.3149995803833,12.3149995803833,12.3149995803833,529.0
2024-03-01 13:51:00,INMD,22.850000381469727,22.850000381469727,22.850000381469727,22.829999923706055,22.84000015258789,3885.0
2024-03-01 13:51:00,INO,9.550000190734863,9.550000190734863,9.550000190734863,9.550000190734863,9.550000190734863,368.0
2024-03-01 13:51:00,INSM,28.274999618530273,28.274999618530273,28.274999618530273,28.235000610351562,28.239999771118164,1851.0
2024-03-01 13:51:00,INVA,15.5649995803833,15.5649995803833,15.5649995803833,15.5600004196167,15.5600004196167,1820.0
2024-03-01 13:51:00,INZY,6.631999969482422,6.631999969482422,6.635000228881836,6.600599765777588,6.605000019073486,15714.0
2024-03-01 13:51:00,IONM,0.34643998742103577,0.34643998742103577,0.34643998742103577,0.33500000834465027,0.33500000834465027,732.0
2024-03-01 13:51:00,IONS,45.97999954223633,45.97999954223633,46.03499984741211,45.97999954223633,46.03499984741211,2415.0
2024-03-01 13:51:00,IOVA,17.084999084472656,17.084999084472656,17.09000015258789,17.065000534057617,17.079999923706055,15176.0
2024-03-01 13:51:00,IPSC,3.9000000953674316,3.9000000953674316,3.9100000858306885,3.9000000953674316,3.9100000858306885,800.0
2024-03-01 13:51:00,IRIX,2.6449999809265137,2.6449999809265137,2.6449999809265137,2.6449999809265137,2.6449999809265137,100.0
2024-03-01 13:51:00,IRMD,41.66999816894531,41.66999816894531,41.66999816894531,41.66999816894531,41.66999816894531,357.0
2024-03-01 13:51:00,IRWD,9.010000228881836,9.010000228881836,9.029999732971191,8.994999885559082,9.015000343322754,170411.0
2024-03-01 13:51:00,ISPC,0.4449999928474426,0.4449999928474426,0.4449999928474426,0.4449999928474426,0.4449999928474426,172.0
2024-03-01 13:51:00,ISRG,395.5950012207031,395.5950012207031,395.67999267578125,395.4750061035156,395.4750061035156,1850.0
2024-03-01 13:51:00,ITCI,71.77999877929688,71.77999877929688,71.77999877929688,71.69999694824219,71.73999786376953,1344.0
2024-03-01 13:51:00,ITOS,11.289999961853027,11.289999961853027,11.289999961853027,11.281000137329102,11.281000137329102,501.0
2024-03-01 13:51:00,JAGX,0.07599999755620956,0.07599999755620956,0.07699999958276749,0.07569999992847443,0.07569999992847443,94704.0
2024-03-01 13:51:00,JANX,46.334999084472656,46.334999084472656,46.334999084472656,46.040000915527344,46.040000915527344,404.0
2024-03-01 13:51:00,JAZZ,119.3550033569336,119.3550033569336,119.3550033569336,119.3550033569336,119.3550033569336,438.0
2024-03-01 13:51:00,JYNT,9.960000038146973,9.960000038146973,9.975000381469727,9.960000038146973,9.975000381469727,210.0
2024-03-01 13:51:00,KALV,14.204999923706055,14.204999923706055,14.204999923706055,14.204999923706055,14.204999923706055,104.0
2024-03-01 13:51:00,KNSA,21.799999237060547,21.799999237060547,21.809999465942383,21.780000686645508,21.80500030517578,1179.0
2024-03-01 13:51:00,KNTE,2.5999999046325684,2.5999999046325684,2.600100040435791,2.5999999046325684,2.5999999046325684,1858.0
2024-03-01 13:51:00,KOD,6.074999809265137,6.074999809265137,6.079999923706055,6.074999809265137,6.079999923706055,465.0
2024-03-01 13:51:00,KPTI,1.1950000524520874,1.1950000524520874,1.1950000524520874,1.1950000524520874,1.1950000524520874,301.0
2024-03-01 13:51:00,KRTX,316.739990234375,316.739990234375,316.75,316.739990234375,316.75,986.0
2024-03-01 13:51:00,KTRA,0.09989999979734421,0.09989999979734421,0.09989999979734421,0.09969999641180038,0.09969999641180038,9250.0
2024-03-01 13:51:00,KURA,21.783700942993164,21.783700942993164,21.783700942993164,21.748699188232422,21.760000228881836,1513.0
2024-03-01 13:51:00,KYMR,43.95500183105469,43.95500183105469,43.95500183105469,43.95500183105469,43.95500183105469,120.0
2024-03-01 13:51:00,KZR,1.090000033378601,1.090000033378601,1.090000033378601,1.0850000381469727,1.090000033378601,325.0
2024-03-01 13:51:00,LAB,2.4600000381469727,2.4600000381469727,2.4600000381469727,2.450000047683716,2.4600000381469727,7955.0
2024-03-01 13:51:00,LEGN,65.79499816894531,65.79499816894531,65.79499816894531,65.79499816894531,65.79499816894531,341.0
2024-03-01 13:51:00,LFMD,7.989999771118164,7.989999771118164,8.0,7.989999771118164,8.0,585.0
2024-03-01 13:51:00,LFST,7.777500152587891,7.777500152587891,7.78000020980835,7.775000095367432,7.78000020980835,3540.0
2024-03-01 13:51:00,LGND,77.56999969482422,77.56999969482422,77.5999984741211,77.56999969482422,77.5999984741211,610.0
2024-03-01 13:51:00,LIAN,4.860000133514404,4.860000133514404,4.860000133514404,4.860000133514404,4.860000133514404,110.0
2024-03-01 13:51:00,LIVN,55.75,55.75,55.790000915527344,55.75,55.779998779296875,1045.0
2024-03-01 13:51:00,LMAT,68.20159912109375,68.20159912109375,68.20159912109375,68.20159912109375,68.20159912109375,321.0
2024-03-01 13:51:00,LNTH,65.12000274658203,65.12000274658203,65.12000274658203,65.11000061035156,65.11000061035156,1891.0
2024-03-01 13:51:00,LQDA,14.694999694824219,14.694999694824219,14.699999809265137,14.694999694824219,14.694999694824219,1035.0
2024-03-01 13:51:00,LUCD,1.2400000095367432,1.2400000095367432,1.2400000095367432,1.2400000095367432,1.2400000095367432,100.0
2024-03-01 13:51:00,LUNG,9.479999542236328,9.479999542236328,9.479999542236328,9.479999542236328,9.479999542236328,762.0
2024-03-01 13:51:00,LXRX,2.515000104904175,2.515000104904175,2.5199999809265137,2.515000104904175,2.5199999809265137,10391.0
2024-03-01 13:51:00,LYEL,3.194999933242798,3.194999933242798,3.194999933242798,3.194999933242798,3.194999933242798,457.0
2024-03-01 13:51:00,LYRA,5.659999847412109,5.659999847412109,5.659999847412109,5.650000095367432,5.650000095367432,206.0
2024-03-01 13:51:00,MASI,128.36000061035156,128.36000061035156,128.36000061035156,128.36000061035156,128.36000061035156,348.0
2024-03-01 13:51:00,MASS,7.329999923706055,7.329999923706055,7.360000133514404,7.329999923706055,7.360000133514404,640.0
2024-03-01 13:51:00,MBRX,0.6299999952316284,0.6299999952316284,0.6370000243186951,0.6299999952316284,0.6299999952316284,2446.0
2024-03-01 13:51:00,MCRB,1.2000000476837158,1.2000000476837158,1.2000000476837158,1.2000000476837158,1.2000000476837158,41387.0
2024-03-01 13:51:00,MDGL,251.32000732421875,251.32000732421875,251.36000061035156,251.32000732421875,251.3300018310547,995.0
2024-03-01 13:51:00,MDRX,6.0,6.0,6.0,5.960000038146973,5.960000038146973,16591.0
2024-03-01 13:51:00,MDXG,8.649999618530273,8.649999618530273,8.654999732971191,8.649999618530273,8.654999732971191,648.0
2024-03-01 13:51:00,ME,0.5690500140190125,0.5690500140190125,0.5698999762535095,0.5690000057220459,0.5698999762535095,2470.0
2024-03-01 13:51:00,MEDP,401.42999267578125,401.42999267578125,401.42999267578125,401.42999267578125,401.42999267578125,416.0
2024-03-01 13:51:00,MGNX,19.1299991607666,19.1299991607666,19.1299991607666,19.110000610351562,19.110000610351562,865.0
2024-03-01 13:51:00,MHUA,0.6899999976158142,0.6899999976158142,0.6899999976158142,0.6899999976158142,0.6899999976158142,227.0
2024-03-01 13:51:00,MIRM,29.704999923706055,29.704999923706055,29.719999313354492,29.649999618530273,29.65999984741211,4726.0
2024-03-01 13:51:00,MLTX,50.81999969482422,50.81999969482422,50.81999969482422,50.77000045776367,50.77000045776367,1334.0
2024-03-01 13:51:00,MMSI,76.08999633789062,76.08999633789062,76.08999633789062,76.0374984741211,76.0374984741211,247.0
2024-03-01 13:51:00,MNKD,4.550000190734863,4.550000190734863,4.550000190734863,4.550000190734863,4.550000190734863,2462.0
2024-03-01 13:51:00,MNMD,6.21999979019165,6.21999979019165,6.21999979019165,6.204999923706055,6.210000038146973,1350.0
2024-03-01 13:51:00,MNPR,0.8673999905586243,0.8673999905586243,0.8673999905586243,0.8673999905586243,0.8673999905586243,129.0
2024-03-01 13:51:00,MODV,28.229999542236328,28.229999542236328,28.229999542236328,28.18000030517578,28.18000030517578,1685.0
2024-03-01 13:51:00,MORF,39.439998626708984,39.439998626708984,39.45000076293945,39.439998626708984,39.45000076293945,301.0
2024-03-01 13:51:00,MREO,4.0,4.0,4.005000114440918,3.998800039291382,4.0,5318.0
2024-03-01 13:51:00,MRNA,95.54000091552734,95.54000091552734,95.70999908447266,95.52999877929688,95.70999908447266,14445.0
2024-03-01 13:51:00,MRSN,5.929999828338623,5.929999828338623,5.949999809265137,5.929999828338623,5.945000171661377,9632.0
2024-03-01 13:51:00,MRVI,7.699999809265137,7.699999809265137,7.710000038146973,7.695000171661377,7.710000038146973,5454.0
2024-03-01 13:51:00,MTEM,3.700000047683716,3.700000047683716,3.700000047683716,3.700000047683716,3.700000047683716,100.0
2024-03-01 13:51:00,MYGN,22.014999389648438,22.014999389648438,22.014999389648438,22.014999389648438,22.014999389648438,232.0
2024-03-01 13:51:00,NARI,45.540000915527344,45.540000915527344,45.560699462890625,45.540000915527344,45.560699462890625,1655.0
2024-03-01 13:51:00,NAUT,2.619999885559082,2.619999885559082,2.619999885559082,2.619999885559082,2.619999885559082,201.0
2024-03-01 13:51:00,NBIX,132.11000061035156,132.11000061035156,132.14999389648438,132.11000061035156,132.14999389648438,1770.0
2024-03-01 13:51:00,NEO,16.049999237060547,16.049999237060547,16.049999237060547,16.030000686645508,16.040000915527344,429.0
2024-03-01 13:51:00,NEOG,17.385000228881836,17.385000228881836,17.385000228881836,17.375,17.3799991607666,1435.0
2024-03-01 13:51:00,NGM,1.5199999809265137,1.5199999809265137,1.5300999879837036,1.5199999809265137,1.5299999713897705,7359.0
2024-03-01 13:51:00,NKTX,12.859999656677246,12.859999656677246,12.869999885559082,12.789999961853027,12.789999961853027,3931.0
2024-03-01 13:51:00,NNOX,11.0600004196167,11.0600004196167,11.079999923706055,11.050000190734863,11.079999923706055,7551.0
2024-03-01 13:51:00,NRC,40.525001525878906,40.525001525878906,40.525001525878906,40.525001525878906,40.525001525878906,473.0
2024-03-01 13:51:00,NRIX,13.645000457763672,13.645000457763672,13.649999618530273,13.630000114440918,13.640000343322754,1299.0
2024-03-01 13:51:00,NRSN,2.0299999713897705,2.0299999713897705,2.0399999618530273,2.0299999713897705,2.0320000648498535,2636.0
2024-03-01 13:51:00,NRXP,0.42320001125335693,0.42320001125335693,0.4262999892234802,0.42320001125335693,0.42320001125335693,927.0
2024-03-01 13:51:00,NTLA,33.4900016784668,33.4900016784668,33.494998931884766,33.45000076293945,33.494998931884766,2266.0
2024-03-01 13:51:00,NTRA,89.32499694824219,89.32499694824219,89.32499694824219,89.22000122070312,89.26000213623047,4909.0
2024-03-01 13:51:00,NUTX,0.11309999972581863,0.11309999972581863,0.11320000141859055,0.11309999972581863,0.11309999972581863,2388.0
2024-03-01 13:51:00,NUVL,87.61000061035156,87.61000061035156,87.61000061035156,87.61000061035156,87.61000061035156,234.0
2024-03-01 13:51:00,NVAX,5.195000171661377,5.195000171661377,5.199999809265137,5.195000171661377,5.195000171661377,1662.0
2024-03-01 13:51:00,NVCR,16.040000915527344,16.040000915527344,16.059999465942383,16.014999389648438,16.020000457763672,8501.0
2024-03-01 13:51:00,OCGN,0.9674999713897705,0.9674999713897705,0.9696999788284302,0.9649999737739563,0.9649999737739563,2286.0
2024-03-01 13:51:00,OCUL,10.805000305175781,10.805000305175781,10.8100004196167,10.800000190734863,10.8100004196167,1804.0
2024-03-01 13:51:00,OGI,2.190000057220459,2.190000057220459,2.1900999546051025,2.190000057220459,2.1900999546051025,1796.0
2024-03-01 13:51:00,OLK,23.030000686645508,23.030000686645508,23.05500030517578,23.030000686645508,23.05500030517578,2655.0
2024-03-01 13:51:00,OLMA,14.760000228881836,14.760000228881836,14.762900352478027,14.734999656677246,14.739999771118164,1020.0
2024-03-01 13:51:00,OMCL,26.385000228881836,26.385000228881836,26.389999389648438,26.3700008392334,26.389999389648438,1300.0
2024-03-01 13:51:00,OMER,4.769999980926514,4.769999980926514,4.769999980926514,4.769999980926514,4.769999980926514,100.0
2024-03-01 13:51:00,OMGA,4.320000171661377,4.320000171661377,4.320000171661377,4.309999942779541,4.309999942779541,354.0
2024-03-01 13:52:00,ABCL,5.184999942779541,5.184999942779541,5.184999942779541,5.184999942779541,5.184999942779541,121.0
2024-03-01 13:52:00,ABEO,7.789999961853027,7.789999961853027,7.789999961853027,7.789999961853027,7.789999961853027,495.0
2024-03-01 13:52:00,ABOS,4.630000114440918,4.630000114440918,4.635000228881836,4.630000114440918,4.635000228881836,274.0
2024-03-01 13:52:00,ABSI,5.519999980926514,5.519999980926514,5.53000020980835,5.425000190734863,5.429999828338623,157497.0
2024-03-01 13:52:00,ABUS,2.75,2.75,2.7588999271392822,2.75,2.7588999271392822,760.0
2024-03-01 13:52:00,ABVC,1.1950000524520874,1.1950000524520874,1.1950000524520874,1.1950000524520874,1.1950000524520874,100.0
2024-03-01 13:52:00,ACAD,24.299999237060547,24.299999237060547,24.299999237060547,24.280000686645508,24.295000076293945,2508.0
2024-03-01 13:52:00,ACB,3.217400074005127,3.217400074005127,3.217400074005127,3.217400074005127,3.217400074005127,425.0
2024-03-01 13:52:00,ACCD,10.09000015258789,10.09000015258789,10.09000015258789,10.09000015258789,10.09000015258789,431.0
2024-03-01 13:52:00,ACET,2.3949999809265137,2.3949999809265137,2.4000000953674316,2.390000104904175,2.3949999809265137,400.0
2024-03-01 13:52:00,ACLX,67.87950134277344,67.87950134277344,67.87999725341797,67.7699966430664,67.7699966430664,1961.0
2024-03-01 13:52:00,ACRS,1.2400000095367432,1.2400000095367432,1.2400000095367432,1.2400000095367432,1.2400000095367432,520.0
2024-03-01 13:52:00,ADIL,3.3499999046325684,3.3499999046325684,3.380000114440918,3.319999933242798,3.3399999141693115,60239.0
2024-03-01 13:52:00,ADMA,5.554999828338623,5.554999828338623,5.554999828338623,5.550000190734863,5.550000190734863,1484.0
2024-03-01 13:52:00,ADPT,4.119999885559082,4.119999885559082,4.130000114440918,4.119999885559082,4.125,629.0
2024-03-01 13:52:00,AEMD,1.7400000095367432,1.7400000095367432,1.7400000095367432,1.7400000095367432,1.7400000095367432,104.0
2024-03-01 13:52:00,AFMD,0.6499999761581421,0.6499999761581421,0.6499999761581421,0.6499999761581421,0.6499999761581421,100.0
2024-03-01 13:52:00,AGEN,0.6745749711990356,0.6745749711990356,0.6745749711990356,0.6744999885559082,0.6745749711990356,4008.0
2024-03-01 13:52:00,AGIO,32.81999969482422,32.81999969482422,32.834999084472656,32.79999923706055,32.834999084472656,892.0
2024-03-01 13:52:00,AHCO,10.520000457763672,10.520000457763672,10.524999618530273,10.520000457763672,10.524999618530273,1047.0
2024-03-01 13:52:00,AIH,0.5095000267028809,0.5095000267028809,0.5095000267028809,0.5095000267028809,0.5095000267028809,400.0
2024-03-01 13:52:00,AIRS,6.5,6.5,6.5,6.5,6.5,101.0
2024-03-01 13:52:00,AKAN,0.2102999985218048,0.2102999985218048,0.2102999985218048,0.20810000598430634,0.20810000598430634,1000.0
2024-03-01 13:52:00,AKBA,1.6799999475479126,1.6799999475479126,1.6875,1.6799999475479126,1.6799999475479126,604.0
2024-03-01 13:52:00,AKLI,0.3488270044326782,0.3488270044326782,0.3488270044326782,0.3408010005950928,0.3455510139465332,4558.0
2024-03-01 13:52:00,AKRO,30.020000457763672,30.020000457763672,30.020000457763672,30.0,30.0,1066.0
2024-03-01 13:52:00,ALEC,7.324999809265137,7.324999809265137,7.329999923706055,7.320000171661377,7.320000171661377,2592.0
2024-03-01 13:52:00,ALHC,5.682000160217285,5.682000160217285,5.690000057220459,5.682000160217285,5.690000057220459,301.0
2024-03-01 13:52:00,ALKS,30.270000457763672,30.270000457763672,30.280000686645508,30.268999099731445,30.268999099731445,1616.0
2024-03-01 13:52:00,ALLK,1.659999966621399,1.659999966621399,1.659999966621399,1.6549999713897705,1.6549999713897705,400.0
2024-03-01 13:52:00,ALLO,5.050000190734863,5.050000190734863,5.050000190734863,5.050000190734863,5.050000190734863,849.0
2024-03-01 13:52:00,ALNY,153.15499877929688,153.15499877929688,153.2550048828125,153.15499877929688,153.16000366210938,1039.0
2024-03-01 13:52:00,ALPN,35.81999969482422,35.81999969482422,35.81999969482422,35.81999969482422,35.81999969482422,124.0
2024-03-01 13:52:00,ALT,12.11989974975586,12.11989974975586,12.119999885559082,12.109999656677246,12.112000465393066,2580.0
2024-03-01 13:52:00,ALVR,0.7541000247001648,0.7541000247001648,0.7541000247001648,0.7541000247001648,0.7541000247001648,100.0
2024-03-01 13:52:00,ALXO,15.029999732971191,15.029999732971191,15.029999732971191,15.029999732971191,15.029999732971191,488.0
2024-03-01 13:52:00,AMGN,280.45001220703125,280.45001220703125,280.4700012207031,280.4200134277344,280.4599914550781,2715.0
2024-03-01 13:52:00,AMLX,18.6299991607666,18.6299991607666,18.639999389648438,18.6200008392334,18.6200008392334,2478.0
2024-03-01 13:52:00,AMPH,45.47999954223633,45.47999954223633,45.47999954223633,45.439998626708984,45.439998626708984,700.0
2024-03-01 13:52:00,AMRN,1.0499999523162842,1.0499999523162842,1.0549999475479126,1.0499999523162842,1.0500999689102173,12088.0
2024-03-01 13:52:00,ANGO,5.5,5.5,5.5,5.5,5.5,170.0
2024-03-01 13:52:00,ANIP,66.80999755859375,66.80999755859375,66.80999755859375,66.69000244140625,66.69000244140625,1068.0
2024-03-01 13:52:00,APLS,65.30000305175781,65.30000305175781,65.30000305175781,65.30000305175781,65.30000305175781,1025.0
2024-03-01 13:52:00,APLT,7.139999866485596,7.139999866485596,7.139999866485596,7.110000133514404,7.110000133514404,2963.0
2024-03-01 13:52:00,AQST,4.241000175476074,4.241000175476074,4.25,4.241000175476074,4.25,857.0
2024-03-01 13:52:00,ARDX,9.454999923706055,9.454999923706055,9.460000038146973,9.454999923706055,9.454999923706055,1794.0
2024-03-01 13:52:00,ARQT,11.842399597167969,11.842399597167969,11.859999656677246,11.84000015258789,11.859999656677246,8926.0
2024-03-01 13:52:00,ARVN,48.7599983215332,48.7599983215332,48.7599983215332,48.7599983215332,48.7599983215332,344.0
2024-03-01 13:52:00,ARWR,35.655601501464844,35.655601501464844,35.655601501464844,35.64289855957031,35.650001525878906,985.0
2024-03-01 13:52:00,ASND,152.5500030517578,152.5500030517578,152.5500030517578,152.5399932861328,152.5399932861328,544.0
2024-03-01 13:52:00,ASRT,0.9020000100135803,0.9020000100135803,0.9035000205039978,0.9020000100135803,0.9020000100135803,1301.0
2024-03-01 13:52:00,ATAI,2.134999990463257,2.134999990463257,2.134999990463257,2.134999990463257,2.134999990463257,650.0
2024-03-01 13:52:00,ATEC,13.395000457763672,13.395000457763672,13.395000457763672,13.390000343322754,13.390000343322754,2240.0
2024-03-01 13:52:00,ATOS,1.0049999952316284,1.0049999952316284,1.0049999952316284,1.0049999952316284,1.0049999952316284,100.0
2024-03-01 13:52:00,ATRA,0.7858999967575073,0.7858999967575073,0.7858999967575073,0.7858999967575073,0.7858999967575073,306.0
2024-03-01 13:52:00,ATRC,36.0,36.0,36.02000045776367,36.0,36.02000045776367,543.0
2024-03-01 13:52:00,ATXS,14.760000228881836,14.760000228881836,14.760000228881836,14.729999542236328,14.729999542236328,436.0
2024-03-01 13:52:00,AUGX,4.519999980926514,4.519999980926514,4.519999980926514,4.519999980926514,4.519999980926514,105.0
2024-03-01 13:52:00,AUPH,5.835000038146973,5.835000038146973,5.835000038146973,5.835000038146973,5.835000038146973,334.0
2024-03-01 13:52:00,AVDL,13.180000305175781,13.180000305175781,13.180000305175781,13.180000305175781,13.180000305175781,680.0
2024-03-01 13:52:00,AVRO,1.3550000190734863,1.3550000190734863,1.3550000190734863,1.3550000190734863,1.3550000190734863,200.0
2024-03-01 13:52:00,AVTX,4.537099838256836,4.537099838256836,4.537099838256836,4.537099838256836,4.537099838256836,1000.0
2024-03-01 13:52:00,AXNX,67.875,67.875,67.87999725341797,67.875,67.87999725341797,854.0
2024-03-01 13:52:00,AXSM,82.37989807128906,82.37989807128906,82.37989807128906,82.30999755859375,82.30999755859375,746.0
2024-03-01 13:52:00,AZN,64.66999816894531,64.66999816894531,64.66999816894531,64.66349792480469,64.66349792480469,440.0
2024-03-01 13:52:00,AZTA,66.93000030517578,66.93000030517578,66.93000030517578,66.93000030517578,66.93000030517578,161.0
2024-03-01 13:52:00,BBLG,2.4261999130249023,2.4261999130249023,2.4261999130249023,2.347899913787842,2.347899913787842,322.0
2024-03-01 13:52:00,BCRX,5.692500114440918,5.692500114440918,5.704999923706055,5.692500114440918,5.704999923706055,10001.0
2024-03-01 13:52:00,BDTX,4.945000171661377,4.945000171661377,4.949999809265137,4.942999839782715,4.942999839782715,1920.0
2024-03-01 13:52:00,BEAM,40.369998931884766,40.369998931884766,40.38999938964844,40.369998931884766,40.369998931884766,1432.0
2024-03-01 13:52:00,BEAT,1.5399999618530273,1.5399999618530273,1.5399999618530273,1.5399999618530273,1.5399999618530273,2042.0
2024-03-01 13:52:00,BGXX,0.2603600025177002,0.2603600025177002,0.26170000433921814,0.26010000705718994,0.26170000433921814,632.0
2024-03-01 13:52:00,BIIB,221.25999450683594,221.25999450683594,221.25999450683594,221.22999572753906,221.22999572753906,1511.0
2024-03-01 13:52:00,BIOL,0.1441500037908554,0.1441500037908554,0.1441500037908554,0.1421000063419342,0.14219999313354492,2719.0
2024-03-01 13:52:00,BIOR,1.059999942779541,1.059999942779541,1.0800000429153442,1.059999942779541,1.0800000429153442,3839.0
2024-03-01 13:52:00,BIVI,2.110100030899048,2.110100030899048,2.119999885559082,2.0999999046325684,2.109999895095825,38901.0
2024-03-01 13:52:00,BLFS,18.239999771118164,18.239999771118164,18.270000457763672,18.15999984741211,18.15999984741211,5353.0
2024-03-01 13:52:00,BLUE,1.590000033378601,1.590000033378601,1.590000033378601,1.590000033378601,1.590000033378601,108.0
2024-03-01 13:52:00,BMRN,88.23999786376953,88.23999786376953,88.26000213623047,88.13999938964844,88.13999938964844,3323.0
2024-03-01 13:52:00,BNGO,1.2699999809265137,1.2699999809265137,1.2699999809265137,1.2699999809265137,1.2699999809265137,418.0
2024-03-01 13:52:00,BNTX,91.2300033569336,91.2300033569336,91.2300033569336,91.2300033569336,91.2300033569336,336.0
2024-03-01 13:52:00,BOLT,1.2000000476837158,1.2000000476837158,1.2000000476837158,1.1950000524520874,1.2000000476837158,1290.0
2024-03-01 13:52:00,BPMC,96.83000183105469,96.83000183105469,96.83000183105469,96.83000183105469,96.83000183105469,226.0
2024-03-01 13:52:00,BRKR,88.29000091552734,88.29000091552734,88.29000091552734,88.29000091552734,88.29000091552734,194.0
2024-03-01 13:52:00,BTCY,0.9398999810218811,0.9398999810218811,0.9398999810218811,0.9398999810218811,0.9398999810218811,279.0
2024-03-01 13:52:00,BTMD,5.940000057220459,5.940000057220459,5.949999809265137,5.940000057220459,5.949999809265137,1144.0
2024-03-01 13:52:00,BTTX,0.18299999833106995,0.18299999833106995,0.18299999833106995,0.18119999766349792,0.18289899826049805,2799.0
2024-03-01 13:52:00,BVS,4.744999885559082,4.744999885559082,4.75,4.739999771118164,4.739999771118164,762.0
2024-03-01 13:52:00,BWAY,6.514999866485596,6.514999866485596,6.514999866485596,6.514999866485596,6.514999866485596,100.0
2024-03-01 13:52:00,CABA,24.170000076293945,24.170000076293945,24.170000076293945,24.149999618530273,24.149999618530273,1381.0
2024-03-01 13:52:00,CARA,0.9399999976158142,0.9399999976158142,0.9399999976158142,0.9399999976158142,0.9399999976158142,1490.0
2024-03-01 13:52:00,CBAY,32.2400016784668,32.2400016784668,32.2400016784668,32.22999954223633,32.22999954223633,2416.0
2024-03-01 13:52:00,CDMO,8.119999885559082,8.119999885559082,8.119999885559082,8.109999656677246,8.109999656677246,1298.0
2024-03-01 13:52:00,CDNA,12.380000114440918,12.380000114440918,12.380000114440918,12.369999885559082,12.369999885559082,1100.0
2024-03-01 13:52:00,CDXS,4.534999847412109,4.534999847412109,4.550000190734863,4.531099796295166,4.550000190734863,3308.0
2024-03-01 13:52:00,CERE,41.10499954223633,41.10499954223633,41.11000061035156,41.099998474121094,41.099998474121094,835.0
2024-03-01 13:52:00,CERS,2.184999942779541,2.184999942779541,2.190000057220459,2.184999942779541,2.190000057220459,570.0
2024-03-01 13:52:00,CERT,17.8700008392334,17.8700008392334,17.8700008392334,17.864999771118164,17.864999771118164,1472.0
2024-03-01 13:52:00,CHRS,2.4149999618530273,2.4149999618530273,2.4149999618530273,2.4100000858306885,2.4100000858306885,712.0
2024-03-01 13:52:00,CKPT,2.190000057220459,2.190000057220459,2.190000057220459,2.190000057220459,2.190000057220459,129.0
2024-03-01 13:52:00,CLDX,52.51499938964844,52.51499938964844,52.51499938964844,52.5099983215332,52.5099983215332,900.0
2024-03-01 13:52:00,CLOV,0.8712999820709229,0.8712999820709229,0.8712999820709229,0.8712000250816345,0.8712999820709229,2888.0
2024-03-01 13:52:00,CLRB,4.130000114440918,4.130000114440918,4.130000114440918,4.130000114440918,4.130000114440918,418.0
2024-03-01 13:52:00,CMPS,11.329999923706055,11.329999923706055,11.329999923706055,11.3149995803833,11.3149995803833,666.0
2024-03-01 13:52:00,CMRX,1.2096999883651733,1.2096999883651733,1.2100000381469727,1.2096999883651733,1.2100000381469727,1960.0
2024-03-01 13:52:00,CNTA,10.90999984741211,10.90999984741211,10.90999984741211,10.890000343322754,10.890000343322754,736.0
2024-03-01 13:52:00,COGT,7.204999923706055,7.204999923706055,7.204999923706055,7.204999923706055,7.204999923706055,2782.0
2024-03-01 13:52:00,CORT,24.36989974975586,24.36989974975586,24.36989974975586,24.36989974975586,24.36989974975586,225.0
2024-03-01 13:52:00,CPRX,17.434999465942383,17.434999465942383,17.434999465942383,17.415000915527344,17.415000915527344,1151.0
2024-03-01 13:52:00,CPSI,9.484999656677246,9.484999656677246,9.489999771118164,9.484999656677246,9.489999771118164,324.0
2024-03-01 13:52:00,CRBU,7.900000095367432,7.900000095367432,7.920000076293945,7.900000095367432,7.914999961853027,13786.0
2024-03-01 13:52:00,CRDF,2.430000066757202,2.430000066757202,2.4749999046325684,2.4200000762939453,2.4600000381469727,44522.0
2024-03-01 13:52:00,CRMD,3.7100000381469727,3.7100000381469727,3.7149999141693115,3.7100000381469727,3.7149999141693115,9416.0
2024-03-01 13:52:00,CRNX,46.6150016784668,46.6150016784668,46.6150016784668,46.6150016784668,46.6150016784668,515.0
2024-03-01 13:52:00,CRON,2.058199882507324,2.058199882507324,2.058199882507324,2.058199882507324,2.058199882507324,1470.0
2024-03-01 13:52:00,CRSP,85.6449966430664,85.6449966430664,85.68000030517578,85.6240005493164,85.66000366210938,1635.0
2024-03-01 13:52:00,CSTL,19.989999771118164,19.989999771118164,20.01289939880371,19.989999771118164,20.01289939880371,605.0
2024-03-01 13:52:00,CTKB,8.930000305175781,8.930000305175781,8.930000305175781,8.920000076293945,8.920000076293945,2009.0
2024-03-01 13:52:00,CTMX,2.575000047683716,2.575000047683716,2.575000047683716,2.569999933242798,2.569999933242798,1400.0
2024-03-01 13:52:00,CUTR,2.380000114440918,2.380000114440918,2.380000114440918,2.368000030517578,2.369999885559082,3725.0
2024-03-01 13:52:00,CVAC,3.494999885559082,3.494999885559082,3.494999885559082,3.494999885559082,3.494999885559082,805.0
2024-03-01 13:52:00,CVRX,20.69499969482422,20.69499969482422,20.69499969482422,20.69499969482422,20.69499969482422,126.0
2024-03-01 13:52:00,CYT,3.0899999141693115,3.0899999141693115,3.0899999141693115,3.0899999141693115,3.0899999141693115,201.0
2024-03-01 13:52:00,CYTK,72.5999984741211,72.5999984741211,72.5999984741211,72.5999984741211,72.5999984741211,710.0
2024-03-01 13:52:00,DARE,0.5748999714851379,0.5748999714851379,0.5748999714851379,0.5748999714851379,0.5748999714851379,1862.0
2024-03-01 13:52:00,DAWN,17.559999465942383,17.559999465942383,17.559999465942383,17.559999465942383,17.559999465942383,204.0
2024-03-01 13:52:00,DCGO,4.179999828338623,4.179999828338623,4.184999942779541,4.179999828338623,4.184999942779541,765.0
2024-03-01 13:52:00,DH,8.854999542236328,8.854999542236328,8.854999542236328,8.854999542236328,8.854999542236328,101.0
2024-03-01 13:52:00,DMTK,0.8499000072479248,0.8499000072479248,0.8499000072479248,0.8499000072479248,0.8499000072479248,113.0
2024-03-01 13:52:00,DNLI,21.21500015258789,21.21500015258789,21.229999542236328,21.21500015258789,21.229999542236328,408.0
2024-03-01 13:52:00,DTIL,12.158300399780273,12.158300399780273,12.380000114440918,12.140000343322754,12.380000114440918,8272.0
2024-03-01 13:52:00,DVAX,12.875,12.875,12.875,12.875,12.875,207.0
2024-03-01 13:52:00,DXCM,121.75499725341797,121.75499725341797,121.7699966430664,121.62000274658203,121.62000274658203,3086.0
2024-03-01 13:52:00,DYN,28.850000381469727,28.850000381469727,28.850000381469727,28.790000915527344,28.790000915527344,789.0
2024-03-01 13:52:00,EDAP,6.760000228881836,6.760000228881836,6.760000228881836,6.760000228881836,6.760000228881836,514.0
2024-03-01 13:52:00,EDIT,10.920000076293945,10.920000076293945,10.920000076293945,10.920000076293945,10.920000076293945,519.0
2024-03-01 13:52:00,EFTR,15.25,15.25,15.25,15.229999542236328,15.239999771118164,531.0
2024-03-01 13:52:00,EIGR,6.980000019073486,6.980000019073486,6.980000019073486,6.980000019073486,6.980000019073486,112.0
2024-03-01 13:52:00,ELDN,1.809999942779541,1.809999942779541,1.8242000341415405,1.809999942779541,1.809999942779541,6687.0
2024-03-01 13:52:00,ELEV,5.010000228881836,5.010000228881836,5.010000228881836,5.010000228881836,5.010000228881836,400.0
2024-03-01 13:52:00,ENLV,3.299999952316284,3.299999952316284,3.299999952316284,3.299999952316284,3.299999952316284,356.0
2024-03-01 13:52:00,ENSG,122.07209777832031,122.07209777832031,122.07209777832031,122.0,122.0,286.0
2024-03-01 13:52:00,ENTA,15.380000114440918,15.380000114440918,15.420000076293945,15.380000114440918,15.390000343322754,4076.0
2024-03-01 13:52:00,ENVB,1.5099999904632568,1.5099999904632568,1.5099999904632568,1.5,1.5099999904632568,1383.0
2024-03-01 13:52:00,EOLS,14.90999984741211,14.90999984741211,14.90999984741211,14.899999618530273,14.899999618530273,4559.0
2024-03-01 13:52:00,ESPR,2.5450000762939453,2.5450000762939453,2.5450000762939453,2.5399999618530273,2.5399999618530273,5087.0
2024-03-01 13:52:00,ESTA,45.310001373291016,45.310001373291016,45.32709884643555,45.310001373291016,45.32709884643555,1872.0
2024-03-01 13:52:00,ETNB,12.979999542236328,12.979999542236328,13.029999732971191,12.979999542236328,13.029999732971191,12038.0
2024-03-01 13:52:00,EWTX,17.0,17.0,17.014999389648438,17.0,17.014999389648438,3020.0
2024-03-01 13:52:00,EXAI,6.729000091552734,6.729000091552734,6.729000091552734,6.724999904632568,6.724999904632568,582.0
2024-03-01 13:52:00,EXAS,59.96500015258789,59.96500015258789,59.97999954223633,59.95000076293945,59.95000076293945,2865.0
2024-03-01 13:52:00,EXEL,22.520000457763672,22.520000457763672,22.520000457763672,22.4950008392334,22.4950008392334,6620.0
2024-03-01 13:52:00,EYEN,2.3801000118255615,2.3801000118255615,2.382499933242798,2.3801000118255615,2.382499933242798,1924.0
2024-03-01 13:52:00,EYPT,28.0049991607666,28.0049991607666,28.030000686645508,28.0,28.020000457763672,3728.0
2024-03-01 13:52:00,FATE,7.739999771118164,7.739999771118164,7.739999771118164,7.739999771118164,7.739999771118164,583.0
2024-03-01 13:52:00,FDMT,29.415000915527344,29.415000915527344,29.415000915527344,29.415000915527344,29.415000915527344,504.0
2024-03-01 13:52:00,FGEN,1.8650000095367432,1.8650000095367432,1.8650000095367432,1.8650000095367432,1.8650000095367432,769.0
2024-03-01 13:52:00,FOLD,13.414999961853027,13.414999961853027,13.414999961853027,13.404999732971191,13.40999984741211,2214.0
2024-03-01 13:52:00,FUSN,12.319999694824219,12.319999694824219,12.34000015258789,12.3100004196167,12.34000015258789,1228.0
2024-03-01 13:52:00,GANX,4.639999866485596,4.639999866485596,4.639999866485596,4.639999866485596,4.639999866485596,100.0
2024-03-01 13:52:00,GBIO,2.615000009536743,2.615000009536743,2.619999885559082,2.615000009536743,2.619999885559082,1000.0
2024-03-01 13:52:00,GDRX,8.354999542236328,8.354999542236328,8.359999656677246,8.350000381469727,8.350000381469727,1202.0
2024-03-01 13:52:00,GERN,2.299999952316284,2.299999952316284,2.299999952316284,2.2822000980377197,2.2822000980377197,47554.0
2024-03-01 13:52:00,GH,19.09000015258789,19.09000015258789,19.09000015258789,19.09000015258789,19.09000015258789,321.0
2024-03-01 13:52:00,GILD,72.30999755859375,72.30999755859375,72.31999969482422,72.30000305175781,72.30500030517578,4576.0
2024-03-01 13:52:00,GLMD,0.39010098576545715,0.39010098576545715,0.39010098576545715,0.39010098576545715,0.39010098576545715,500.0
2024-03-01 13:52:00,GLPG,35.084999084472656,35.084999084472656,35.084999084472656,35.084999084472656,35.084999084472656,300.0
2024-03-01 13:52:00,GLTO,0.75,0.75,0.75,0.75,0.75,1000.0
2024-03-01 13:52:00,GLUE,6.420000076293945,6.420000076293945,6.420000076293945,6.420000076293945,6.420000076293945,331.0
2024-03-01 13:52:00,GMAB,29.375,29.375,29.375,29.364999771118164,29.364999771118164,1150.0
2024-03-01 13:52:00,GMDA,0.3799999952316284,0.3799999952316284,0.3815999925136566,0.3799999952316284,0.3815999925136566,5792.0
2024-03-01 13:52:00,GRFS,7.085000038146973,7.085000038146973,7.090000152587891,7.085000038146973,7.085000038146973,4438.0
2024-03-01 13:52:00,GRTS,2.109999895095825,2.109999895095825,2.1187000274658203,2.109999895095825,2.115000009536743,5453.0
2024-03-01 13:52:00,GRTX,0.22990000247955322,0.22990000247955322,0.22990000247955322,0.22990000247955322,0.22990000247955322,400.0
2024-03-01 13:52:00,GTHX,3.7899999618530273,3.7899999618530273,3.7899999618530273,3.7716000080108643,3.7716000080108643,752.0
2024-03-01 13:52:00,HALO,41.310001373291016,41.310001373291016,41.337501525878906,41.310001373291016,41.337501525878906,491.0
2024-03-01 13:52:00,HARP,22.950000762939453,22.950000762939453,22.950000762939453,22.950000762939453,22.950000762939453,1417.0
2024-03-01 13:52:00,HCTI,2.4000000953674316,2.4000000953674316,2.4000000953674316,2.4000000953674316,2.4000000953674316,595.0
2024-03-01 13:52:00,HLTH,0.2770000100135803,0.2770000100135803,0.27889999747276306,0.2770000100135803,0.27799999713897705,28184.0
2024-03-01 13:52:00,HOWL,7.110000133514404,7.110000133514404,7.110000133514404,7.110000133514404,7.110000133514404,122.0
2024-03-01 13:52:00,HQY,81.41000366210938,81.41000366210938,81.41000366210938,81.33999633789062,81.33999633789062,291.0
2024-03-01 13:52:00,HRTX,2.569999933242798,2.569999933242798,2.5799999237060547,2.569999933242798,2.569999933242798,19068.0
2024-03-01 13:52:00,HSIC,76.76000213623047,76.76000213623047,76.78500366210938,76.76000213623047,76.78500366210938,1315.0
2024-03-01 13:52:00,HUMA,3.2850000858306885,3.2850000858306885,3.289900064468384,3.2799999713897705,3.2825000286102295,3689.0
2024-03-01 13:52:00,IART,36.47999954223633,36.47999954223633,36.47999954223633,36.47999954223633,36.47999954223633,508.0
2024-03-01 13:52:00,IBRX,4.860000133514404,4.860000133514404,4.864999771118164,4.855000019073486,4.864999771118164,7527.0
2024-03-01 13:52:00,ICAD,1.850000023841858,1.850000023841858,1.8650000095367432,1.850000023841858,1.8650000095367432,783.0
2024-03-01 13:52:00,ICUI,106.26000213623047,106.26000213623047,106.33999633789062,106.2300033569336,106.33999633789062,2687.0
2024-03-01 13:52:00,ILMN,142.32000732421875,142.32000732421875,142.32000732421875,142.25999450683594,142.25999450683594,1733.0
2024-03-01 13:52:00,IMAB,1.8193999528884888,1.8193999528884888,1.8193999528884888,1.8193999528884888,1.8193999528884888,200.0
2024-03-01 13:52:00,IMNM,25.469999313354492,25.469999313354492,25.469999313354492,25.469999313354492,25.469999313354492,548.0
2024-03-01 13:52:00,IMUX,1.465000033378601,1.465000033378601,1.465000033378601,1.465000033378601,1.465000033378601,113.0
2024-03-01 13:52:00,IMVT,35.900001525878906,35.900001525878906,35.93000030517578,35.900001525878906,35.90999984741211,2127.0
2024-03-01 13:52:00,INBX,36.560001373291016,36.560001373291016,36.560001373291016,36.560001373291016,36.560001373291016,352.0
2024-03-01 13:52:00,INCY,59.415000915527344,59.415000915527344,59.474998474121094,59.40999984741211,59.474998474121094,1770.0
2024-03-01 13:52:00,INGN,6.75,6.75,6.75,6.75,6.75,105.0
2024-03-01 13:52:00,INMD,22.8700008392334,22.8700008392334,22.875,22.854999542236328,22.854999542236328,2149.0
2024-03-01 13:52:00,INO,9.560500144958496,9.560500144958496,9.560500144958496,9.560500144958496,9.560500144958496,148.0
2024-03-01 13:52:00,INSM,28.270000457763672,28.270000457763672,28.270000457763672,28.270000457763672,28.270000457763672,350.0
2024-03-01 13:52:00,INVA,15.5649995803833,15.5649995803833,15.5649995803833,15.5649995803833,15.5649995803833,102.0
2024-03-01 13:52:00,INVO,1.2199000120162964,1.2199000120162964,1.2199000120162964,1.2199000120162964,1.2199000120162964,317.0
2024-03-01 13:52:00,IONS,45.98500061035156,45.98500061035156,46.0,45.98500061035156,45.997501373291016,876.0
2024-03-01 13:52:00,IOVA,17.05500030517578,17.05500030517578,17.084999084472656,17.049999237060547,17.084999084472656,19096.0
2024-03-01 13:52:00,IPSC,3.9000000953674316,3.9000000953674316,3.9000000953674316,3.9000000953674316,3.9000000953674316,500.0
2024-03-01 13:52:00,IRMD,41.595001220703125,41.595001220703125,41.595001220703125,41.595001220703125,41.595001220703125,171.0
2024-03-01 13:52:00,IRWD,9.010000228881836,9.010000228881836,9.024999618530273,9.010000228881836,9.015000343322754,26954.0
2024-03-01 13:52:00,ISRG,395.94000244140625,395.94000244140625,395.94000244140625,395.67999267578125,395.67999267578125,1273.0
2024-03-01 13:52:00,ITCI,71.80000305175781,71.80000305175781,71.80999755859375,71.80000305175781,71.80999755859375,572.0
2024-03-01 13:52:00,JAGX,0.07644999772310257,0.07644999772310257,0.07699999958276749,0.07599999755620956,0.0763000026345253,195906.0
2024-03-01 13:52:00,JANX,46.17499923706055,46.17499923706055,46.17499923706055,46.17499923706055,46.17499923706055,286.0
2024-03-01 13:52:00,JAZZ,119.36000061035156,119.36000061035156,119.36000061035156,119.36000061035156,119.36000061035156,382.0
2024-03-01 13:52:00,KNSA,21.799999237060547,21.799999237060547,21.799999237060547,21.78499984741211,21.790000915527344,2181.0
2024-03-01 13:52:00,KPTI,1.1950000524520874,1.1950000524520874,1.1988999843597412,1.1950000524520874,1.1950000524520874,800.0
2024-03-01 13:52:00,KROS,70.0250015258789,70.0250015258789,70.0250015258789,70.0250015258789,70.0250015258789,464.0
2024-03-01 13:52:00,KTRA,0.09989999979734421,0.09989999979734421,0.09989999979734421,0.0997999981045723,0.09989999979734421,5715.0
2024-03-01 13:52:00,KURA,21.739999771118164,21.739999771118164,21.780000686645508,21.739999771118164,21.780000686645508,401.0
2024-03-01 13:52:00,KZIA,0.23899999260902405,0.23899999260902405,0.23899999260902405,0.23899999260902405,0.23899999260902405,4990.0
2024-03-01 13:52:00,KZR,1.090000033378601,1.090000033378601,1.090000033378601,1.090000033378601,1.090000033378601,205.0
2024-03-01 13:52:00,LAB,2.4549999237060547,2.4549999237060547,2.4600000381469727,2.453399896621704,2.4549999237060547,2976.0
2024-03-01 13:52:00,LEXX,2.8598999977111816,2.8598999977111816,2.8598999977111816,2.8598999977111816,2.8598999977111816,500.0
2024-03-01 13:52:00,LFMD,8.0,8.0,8.0,8.0,8.0,167.0
2024-03-01 13:52:00,LFST,7.760000228881836,7.760000228881836,7.78000020980835,7.760000228881836,7.78000020980835,6481.0
2024-03-01 13:52:00,LGND,77.72000122070312,77.72000122070312,77.72000122070312,77.6500015258789,77.66000366210938,1834.0
2024-03-01 13:52:00,LIAN,4.860000133514404,4.860000133514404,4.860000133514404,4.860000133514404,4.860000133514404,100.0
2024-03-01 13:52:00,LMAT,68.08000183105469,68.08000183105469,68.16000366210938,68.08000183105469,68.16000366210938,290.0
2024-03-01 13:52:00,LPTX,2.9000000953674316,2.9000000953674316,2.9000000953674316,2.9000000953674316,2.9000000953674316,164.0
2024-03-01 13:52:00,LQDA,14.739999771118164,14.739999771118164,14.739999771118164,14.699999809265137,14.699999809265137,6970.0
2024-03-01 13:52:00,LTRN,4.400000095367432,4.400000095367432,4.400000095367432,4.400000095367432,4.400000095367432,201.0
2024-03-01 13:52:00,LUNG,9.479999542236328,9.479999542236328,9.479999542236328,9.479999542236328,9.479999542236328,173.0
2024-03-01 13:52:00,LVTX,2.8466999530792236,2.8466999530792236,2.8499999046325684,2.819999933242798,2.819999933242798,2484.0
2024-03-01 13:52:00,LXRX,2.5199999809265137,2.5199999809265137,2.5209999084472656,2.515000104904175,2.515000104904175,8596.0
2024-03-01 13:52:00,LYRA,5.650000095367432,5.650000095367432,5.670000076293945,5.650000095367432,5.659999847412109,1402.0
2024-03-01 13:52:00,MBRX,0.6399999856948853,0.6399999856948853,0.6399999856948853,0.6399999856948853,0.6399999856948853,129.0
2024-03-01 13:52:00,MCRB,1.190000057220459,1.190000057220459,1.2050000429153442,1.190000057220459,1.2050000429153442,45161.0
2024-03-01 13:52:00,MDGL,251.1199951171875,251.1199951171875,251.1199951171875,251.02000427246094,251.02000427246094,544.0
2024-03-01 13:52:00,MDRX,5.949999809265137,5.949999809265137,6.0,5.949999809265137,5.960000038146973,65138.0
2024-03-01 13:52:00,MDXG,8.649999618530273,8.649999618530273,8.654999732971191,8.649999618530273,8.654999732971191,6259.0
2024-03-01 13:52:00,ME,0.5702000260353088,0.5702000260353088,0.5702000260353088,0.569100022315979,0.569100022315979,19186.0
2024-03-01 13:52:00,MEDP,401.6199951171875,401.6199951171875,401.6199951171875,401.6199951171875,401.6199951171875,132.0
2024-03-01 13:52:00,MGNX,19.149999618530273,19.149999618530273,19.149999618530273,19.1299991607666,19.1299991607666,1137.0
2024-03-01 13:52:00,MGTX,6.46999979019165,6.46999979019165,6.46999979019165,6.46999979019165,6.46999979019165,100.0
2024-03-01 13:52:00,MIST,1.7400000095367432,1.7400000095367432,1.75,1.7300000190734863,1.75,15903.0
2024-03-01 13:52:00,MLTX,50.849998474121094,50.849998474121094,50.869998931884766,50.78499984741211,50.78499984741211,2233.0
2024-03-01 13:52:00,MMSI,76.1050033569336,76.1050033569336,76.1050033569336,76.1050033569336,76.1050033569336,911.0
2024-03-01 13:52:00,MNKD,4.550000190734863,4.550000190734863,4.554999828338623,4.550000190734863,4.550000190734863,3235.0
2024-03-01 13:52:00,MNMD,6.215000152587891,6.215000152587891,6.215000152587891,6.21150016784668,6.215000152587891,1594.0
2024-03-01 13:52:00,MNOV,1.378499984741211,1.378499984741211,1.378499984741211,1.378499984741211,1.378499984741211,160.0
2024-03-01 13:52:00,MNPR,0.8788999915122986,0.8788999915122986,0.8788999915122986,0.8744199872016907,0.8744199872016907,3439.0
2024-03-01 13:52:00,MODV,28.235000610351562,28.235000610351562,28.235000610351562,28.235000610351562,28.235000610351562,348.0
2024-03-01 13:52:00,MORF,39.40999984741211,39.40999984741211,39.40999984741211,39.40999984741211,39.40999984741211,177.0
2024-03-01 13:52:00,MOTS,0.658050000667572,0.658050000667572,0.658050000667572,0.658050000667572,0.658050000667572,504.0
2024-03-01 13:52:00,MRKR,3.6500000953674316,3.6500000953674316,3.6500000953674316,3.6500000953674316,3.6500000953674316,100.0
2024-03-01 13:52:00,MRNA,95.4000015258789,95.4000015258789,95.52999877929688,95.37999725341797,95.52999877929688,9631.0
2024-03-01 13:52:00,MRSN,5.960000038146973,5.960000038146973,5.965000152587891,5.909999847412109,5.934999942779541,6026.0
2024-03-01 13:52:00,MRUS,51.029998779296875,51.029998779296875,51.060001373291016,51.0099983215332,51.02000045776367,2639.0
2024-03-01 13:52:00,MRVI,7.690000057220459,7.690000057220459,7.699999809265137,7.690000057220459,7.699999809265137,1421.0
2024-03-01 13:52:00,MXCT,4.764999866485596,4.764999866485596,4.764999866485596,4.764999866485596,4.764999866485596,141.0
2024-03-01 13:52:00,MYGN,22.040000915527344,22.040000915527344,22.040000915527344,22.010000228881836,22.010000228881836,829.0
2024-03-01 13:52:00,MYNZ,0.8621000051498413,0.8621000051498413,0.8621000051498413,0.8621000051498413,0.8621000051498413,600.0
2024-03-01 13:52:00,NARI,45.6598014831543,45.6598014831543,45.67499923706055,45.540000915527344,45.54499816894531,2756.0
2024-03-01 13:52:00,NBIX,132.13499450683594,132.13499450683594,132.13999938964844,132.11000061035156,132.13999938964844,2187.0
2024-03-01 13:52:00,NEO,16.049999237060547,16.049999237060547,16.059999465942383,16.049999237060547,16.058500289916992,849.0
2024-03-01 13:52:00,NEOG,17.385000228881836,17.385000228881836,17.385000228881836,17.385000228881836,17.385000228881836,107.0
2024-03-01 13:52:00,NEPT,0.42590001225471497,0.42590001225471497,0.4388999938964844,0.42590001225471497,0.4388999938964844,19895.0
2024-03-01 13:52:00,NGM,1.5199999809265137,1.5199999809265137,1.524999976158142,1.5199999809265137,1.524999976158142,916.0
2024-03-01 13:52:00,NKTR,0.7760999798774719,0.7760999798774719,0.7760999798774719,0.7760000228881836,0.7760000228881836,1646.0
2024-03-01 13:52:00,NNOX,11.07979965209961,11.07979965209961,11.07979965209961,11.0649995803833,11.0649995803833,2983.0
2024-03-01 13:52:00,NOTV,8.104999542236328,8.104999542236328,8.104999542236328,8.104999542236328,8.104999542236328,286.0
2024-03-01 13:52:00,NRIX,13.770000457763672,13.770000457763672,13.770000457763672,13.645000457763672,13.645000457763672,8350.0
2024-03-01 13:52:00,NRSN,2.009999990463257,2.009999990463257,2.0350000858306885,2.009999990463257,2.0350000858306885,6767.0
2024-03-01 13:52:00,NTLA,33.471500396728516,33.471500396728516,33.480098724365234,33.459999084472656,33.480098724365234,2456.0
2024-03-01 13:52:00,NTRA,89.33000183105469,89.33000183105469,89.38500213623047,89.33000183105469,89.33000183105469,3997.0
2024-03-01 13:52:00,NUTX,0.11299999803304672,0.11299999803304672,0.11309999972581863,0.11299999803304672,0.11309999972581863,500.0
2024-03-01 13:52:00,NUVL,87.7249984741211,87.7249984741211,87.7249984741211,87.7249984741211,87.7249984741211,276.0
2024-03-01 13:52:00,NVAX,5.195000171661377,5.195000171661377,5.199999809265137,5.190299987792969,5.195000171661377,2087.0
2024-03-01 13:52:00,NVCR,16.030000686645508,16.030000686645508,16.030000686645508,16.020000457763672,16.024999618530273,1110.0
2024-03-01 13:52:00,NVNO,6.480000019073486,6.480000019073486,6.480000019073486,6.480000019073486,6.480000019073486,255.0
2024-03-01 13:52:00,NXTC,1.7599999904632568,1.7599999904632568,1.7699999809265137,1.7599999904632568,1.7699999809265137,600.0
2024-03-01 13:52:00,OCGN,0.9699000120162964,0.9699000120162964,0.9700000286102295,0.9699000120162964,0.9700000286102295,605.0
2024-03-01 13:52:00,OCUL,10.8149995803833,10.8149995803833,10.81980037689209,10.801899909973145,10.809900283813477,2191.0
2024-03-01 13:52:00,OGI,2.200000047683716,2.200000047683716,2.200000047683716,2.194999933242798,2.194999933242798,1616.0
2024-03-01 13:52:00,OLK,23.024999618530273,23.024999618530273,23.024999618530273,23.024999618530273,23.024999618530273,20106.0
2024-03-01 13:52:00,OLMA,14.789999961853027,14.789999961853027,14.789999961853027,14.765000343322754,14.779999732971191,4024.0
2024-03-01 13:52:00,OM,3.140000104904175,3.140000104904175,3.1463000774383545,3.140000104904175,3.1463000774383545,535.0
2024-03-01 13:52:00,OMGA,4.329999923706055,4.329999923706055,4.329999923706055,4.320000171661377,4.320000171661377,538.0
2024-03-01 13:52:00,OMIC,0.6000999808311462,0.6000999808311462,0.6000999808311462,0.6000999808311462,0.6000999808311462,500.0
2024-03-01 13:52:00,ONCT,10.329999923706055,10.329999923706055,10.329999923706055,10.329999923706055,10.329999923706055,829.0
2024-03-01 13:53:00,ABCL,5.180799961090088,5.180799961090088,5.180799961090088,5.180799961090088,5.180799961090088,264.0
2024-03-01 13:53:00,ABEO,7.75,7.75,7.760000228881836,7.75,7.760000228881836,918.0
2024-03-01 13:53:00,ABSI,5.489999771118164,5.489999771118164,5.519999980926514,5.489999771118164,5.519999980926514,54519.0
2024-03-01 13:53:00,ACAD,24.299999237060547,24.299999237060547,24.299999237060547,24.299999237060547,24.299999237060547,425.0
2024-03-01 13:53:00,ACET,2.3949999809265137,2.3949999809265137,2.3949999809265137,2.390000104904175,2.390000104904175,714.0
2024-03-01 13:53:00,ACHC,84.23500061035156,84.23500061035156,84.30000305175781,84.23500061035156,84.30000305175781,634.0
2024-03-01 13:53:00,ACRS,1.2350000143051147,1.2350000143051147,1.2400000095367432,1.2300000190734863,1.2400000095367432,4155.0
2024-03-01 13:53:00,ACXP,3.0,3.0,3.0,3.0,3.0,788.0
2024-03-01 13:53:00,ADIL,3.4000000953674316,3.4000000953674316,3.430000066757202,3.319999933242798,3.3499999046325684,206487.0
2024-03-01 13:53:00,ADMA,5.554999828338623,5.554999828338623,5.554999828338623,5.550000190734863,5.554999828338623,2273.0
2024-03-01 13:53:00,ADVM,1.9700000286102295,1.9700000286102295,1.9700000286102295,1.9700000286102295,1.9700000286102295,100.0
2024-03-01 13:53:00,AFMD,0.6499999761581421,0.6499999761581421,0.6499999761581421,0.6499999761581421,0.6499999761581421,522.0
2024-03-01 13:53:00,AGEN,0.6745749711990356,0.6745749711990356,0.6746000051498413,0.6745499968528748,0.6745749711990356,1500.0
2024-03-01 13:53:00,AGIO,32.81999969482422,32.81999969482422,32.81999969482422,32.81999969482422,32.81999969482422,201.0
2024-03-01 13:53:00,AHCO,10.520000457763672,10.520000457763672,10.524999618530273,10.520000457763672,10.524999618530273,200.0
2024-03-01 13:53:00,AIMD,0.9539999961853027,0.9539999961853027,0.9539999961853027,0.9539999961853027,0.9539999961853027,100.0
2024-03-01 13:53:00,AIRS,6.5,6.5,6.5,6.5,6.5,225.0
2024-03-01 13:53:00,AKAN,0.2102999985218048,0.2102999985218048,0.2102999985218048,0.2102999985218048,0.2102999985218048,282.0
2024-03-01 13:53:00,AKBA,1.6749999523162842,1.6749999523162842,1.6847000122070312,1.6699999570846558,1.6799999475479126,16829.0
2024-03-01 13:53:00,AKLI,0.35199999809265137,0.35199999809265137,0.35199999809265137,0.34880000352859497,0.34880000352859497,1772.0
2024-03-01 13:53:00,AKRO,30.014999389648438,30.014999389648438,30.014999389648438,30.0,30.0,533.0
2024-03-01 13:53:00,ALDX,4.289000034332275,4.289000034332275,4.289000034332275,4.289000034332275,4.289000034332275,502.0
2024-03-01 13:53:00,ALEC,7.320000171661377,7.320000171661377,7.320000171661377,7.320000171661377,7.320000171661377,101.0
2024-03-01 13:53:00,ALHC,5.690000057220459,5.690000057220459,5.690000057220459,5.679999828338623,5.679999828338623,1334.0
2024-03-01 13:53:00,ALKS,30.260000228881836,30.260000228881836,30.280000686645508,30.260000228881836,30.280000686645508,2226.0
2024-03-01 13:53:00,ALLK,1.6699999570846558,1.6699999570846558,1.6699999570846558,1.659999966621399,1.659999966621399,10051.0
2024-03-01 13:53:00,ALNY,153.32000732421875,153.32000732421875,153.32000732421875,153.24000549316406,153.24000549316406,1844.0
2024-03-01 13:53:00,ALPN,35.78960037231445,35.78960037231445,35.810001373291016,35.78960037231445,35.810001373291016,472.0
2024-03-01 13:53:00,ALT,12.09000015258789,12.09000015258789,12.10949993133545,12.079999923706055,12.10949993133545,4965.0
2024-03-01 13:53:00,AMED,93.55999755859375,93.55999755859375,93.55999755859375,93.55999755859375,93.55999755859375,736.0
2024-03-01 13:53:00,AMGN,280.5199890136719,280.5199890136719,280.5849914550781,280.4599914550781,280.4599914550781,4016.0
2024-03-01 13:53:00,AMLX,18.610000610351562,18.610000610351562,18.6299991607666,18.610000610351562,18.6200008392334,4797.0
2024-03-01 13:53:00,AMPH,45.474998474121094,45.474998474121094,45.529998779296875,45.474998474121094,45.529998779296875,490.0
2024-03-01 13:53:00,AMRN,1.0499999523162842,1.0499999523162842,1.0499999523162842,1.0499999523162842,1.0499999523162842,203.0
2024-03-01 13:53:00,ANNX,6.179999828338623,6.179999828338623,6.199999809265137,6.179999828338623,6.199999809265137,2930.0
2024-03-01 13:53:00,APDN,0.5618000030517578,0.5618000030517578,0.5699480175971985,0.5618000030517578,0.5698999762535095,440.0
2024-03-01 13:53:00,APLS,65.26599884033203,65.26599884033203,65.29000091552734,65.25,65.27999877929688,3195.0
2024-03-01 13:53:00,APLT,7.130000114440918,7.130000114440918,7.130000114440918,7.130000114440918,7.130000114440918,819.0
2024-03-01 13:53:00,APRE,8.74899959564209,8.74899959564209,8.74899959564209,8.74899959564209,8.74899959564209,234.0
2024-03-01 13:53:00,APTO,1.8200000524520874,1.8200000524520874,1.820099949836731,1.8200000524520874,1.820099949836731,3686.0
2024-03-01 13:53:00,AQST,4.25,4.25,4.25,4.241399765014648,4.241399765014648,3290.0
2024-03-01 13:53:00,ARDX,9.470000267028809,9.470000267028809,9.470000267028809,9.460000038146973,9.460000038146973,4407.0
2024-03-01 13:53:00,ARQT,11.8100004196167,11.8100004196167,11.875,11.800000190734863,11.850000381469727,25661.0
2024-03-01 13:53:00,ARVN,48.709999084472656,48.709999084472656,48.7599983215332,48.709999084472656,48.7599983215332,240.0
2024-03-01 13:53:00,ARWR,35.709999084472656,35.709999084472656,35.709999084472656,35.66400146484375,35.66999816894531,1378.0
2024-03-01 13:53:00,ASND,152.5,152.5,152.5,152.5,152.5,576.0
2024-03-01 13:53:00,ASRT,0.9049990177154541,0.9049990177154541,0.9049990177154541,0.9020000100135803,0.9035000205039978,2160.0
2024-03-01 13:53:00,ATAI,2.134999990463257,2.134999990463257,2.134999990463257,2.130000114440918,2.130000114440918,729.0
2024-03-01 13:53:00,ATEC,13.399999618530273,13.399999618530273,13.399999618530273,13.399999618530273,13.399999618530273,289.0
2024-03-01 13:53:00,ATRA,0.7864999771118164,0.7864999771118164,0.7864999771118164,0.7861999869346619,0.7861999869346619,698.0
2024-03-01 13:53:00,ATXS,14.8100004196167,14.8100004196167,14.819999694824219,14.760000228881836,14.779999732971191,3648.0
2024-03-01 13:53:00,AUGX,4.519999980926514,4.519999980926514,4.519999980926514,4.519999980926514,4.519999980926514,100.0
2024-03-01 13:53:00,AURA,9.319999694824219,9.319999694824219,9.319999694824219,9.319999694824219,9.319999694824219,122.0
2024-03-01 13:53:00,AUTL,6.369999885559082,6.369999885559082,6.369999885559082,6.364999771118164,6.364999771118164,1517.0
2024-03-01 13:53:00,AVDL,13.199999809265137,13.199999809265137,13.199999809265137,13.170000076293945,13.180000305175781,5437.0
2024-03-01 13:53:00,AVRO,1.3550000190734863,1.3550000190734863,1.3550000190734863,1.3550000190734863,1.3550000190734863,101.0
2024-03-01 13:53:00,AVTX,4.53000020980835,4.53000020980835,4.53000020980835,4.53000020980835,4.53000020980835,386.0
2024-03-01 13:53:00,AVXL,5.327499866485596,5.327499866485596,5.327499866485596,5.327499866485596,5.327499866485596,211.0
2024-03-01 13:53:00,AWH,4.0,4.0,4.0,4.0,4.0,133.0
2024-03-01 13:53:00,AXGN,10.550000190734863,10.550000190734863,10.550000190734863,10.550000190734863,10.550000190734863,249.0
2024-03-01 13:53:00,AXSM,82.31500244140625,82.31500244140625,82.31500244140625,82.31500244140625,82.31500244140625,249.0
2024-03-01 13:53:00,AZN,64.69000244140625,64.69000244140625,64.69000244140625,64.66000366210938,64.66999816894531,6738.0
2024-03-01 13:53:00,BBIO,36.02000045776367,36.02000045776367,36.02000045776367,36.02000045776367,36.02000045776367,537.0
2024-03-01 13:53:00,BCAB,2.7149999141693115,2.7149999141693115,2.7149999141693115,2.7149999141693115,2.7149999141693115,119.0
2024-03-01 13:53:00,BCRX,5.695000171661377,5.695000171661377,5.695000171661377,5.690000057220459,5.695000171661377,940.0
2024-03-01 13:53:00,BCTX,3.5,3.5,3.5,3.5,3.5,101.0
2024-03-01 13:53:00,BDTX,4.949999809265137,4.949999809265137,4.949999809265137,4.949900150299072,4.949900150299072,221.0
2024-03-01 13:53:00,BEAM,40.345001220703125,40.345001220703125,40.36000061035156,40.34000015258789,40.36000061035156,1467.0
2024-03-01 13:53:00,BIIB,221.33999633789062,221.33999633789062,221.33999633789062,221.3000030517578,221.3000030517578,1782.0
2024-03-01 13:53:00,BIOL,0.14419999718666077,0.14419999718666077,0.14499999582767487,0.14419999718666077,0.14499999582767487,18472.0
2024-03-01 13:53:00,BIOR,1.0885000228881836,1.0885000228881836,1.0885000228881836,1.0808000564575195,1.0844999551773071,4277.0
2024-03-01 13:53:00,BIVI,2.140000104904175,2.140000104904175,2.140000104904175,2.109999895095825,2.1161000728607178,50966.0
2024-03-01 13:53:00,BLFS,18.209999084472656,18.209999084472656,18.229999542236328,18.200000762939453,18.229999542236328,973.0
2024-03-01 13:53:00,BLRX,1.3871999979019165,1.3871999979019165,1.3871999979019165,1.3871999979019165,1.3871999979019165,1016.0
2024-03-01 13:53:00,BLUE,1.590000033378601,1.590000033378601,1.600000023841858,1.590000033378601,1.5950000286102295,15625.0
2024-03-01 13:53:00,BMEA,18.229999542236328,18.229999542236328,18.229999542236328,18.229999542236328,18.229999542236328,100.0
2024-03-01 13:53:00,BMRN,88.25,88.25,88.26000213623047,88.19999694824219,88.26000213623047,5444.0
2024-03-01 13:53:00,BNR,0.8394500017166138,0.8394500017166138,0.8394500017166138,0.8394500017166138,0.8394500017166138,100.0
2024-03-01 13:53:00,BOLT,1.2000000476837158,1.2000000476837158,1.2000000476837158,1.2000000476837158,1.2000000476837158,201.0
2024-03-01 13:53:00,BPMC,96.83000183105469,96.83000183105469,96.83000183105469,96.83000183105469,96.83000183105469,276.0
2024-03-01 13:53:00,BRKR,88.31999969482422,88.31999969482422,88.33000183105469,88.30999755859375,88.30999755859375,1046.0
2024-03-01 13:53:00,BTAI,3.1700000762939453,3.1700000762939453,3.1700000762939453,3.1700000762939453,3.1700000762939453,191.0
2024-03-01 13:53:00,BTMD,5.940000057220459,5.940000057220459,5.940000057220459,5.940000057220459,5.940000057220459,1410.0
2024-03-01 13:53:00,BTTX,0.18289999663829803,0.18289999663829803,0.18299999833106995,0.18289999663829803,0.18299999833106995,3157.0
2024-03-01 13:53:00,CABA,24.170000076293945,24.170000076293945,24.170000076293945,24.170000076293945,24.170000076293945,926.0
2024-03-01 13:53:00,CADL,1.7300000190734863,1.7300000190734863,1.7300000190734863,1.7300000190734863,1.7300000190734863,215.0
2024-03-01 13:53:00,CARA,0.926800012588501,0.926800012588501,0.9399999976158142,0.926800012588501,0.9399999976158142,1162.0
2024-03-01 13:53:00,CCCC,10.954999923706055,10.954999923706055,10.954999923706055,10.954999923706055,10.954999923706055,441.0
2024-03-01 13:53:00,CCRN,18.18000030517578,18.18000030517578,18.18000030517578,18.18000030517578,18.18000030517578,291.0
2024-03-01 13:53:00,CDMO,8.109999656677246,8.109999656677246,8.109999656677246,8.100000381469727,8.100000381469727,607.0
2024-03-01 13:53:00,CDNA,12.40999984741211,12.40999984741211,12.40999984741211,12.40999984741211,12.40999984741211,575.0
2024-03-01 13:53:00,CDXS,4.534999847412109,4.534999847412109,4.534999847412109,4.534999847412109,4.534999847412109,140.0
2024-03-01 13:53:00,CELC,16.540000915527344,16.540000915527344,16.540000915527344,16.540000915527344,16.540000915527344,255.0
2024-03-01 13:53:00,CERE,41.099998474121094,41.099998474121094,41.10499954223633,41.099998474121094,41.099998474121094,1727.0
2024-03-01 13:53:00,CERS,2.184999942779541,2.184999942779541,2.184999942779541,2.184999942779541,2.184999942779541,170.0
2024-03-01 13:53:00,CERT,17.875,17.875,17.875,17.875,17.875,118.0
2024-03-01 13:53:00,CGC,3.240000009536743,3.240000009536743,3.240000009536743,3.240000009536743,3.240000009536743,17205.0
2024-03-01 13:53:00,CGEM,18.6200008392334,18.6200008392334,18.6299991607666,18.6200008392334,18.6200008392334,870.0
2024-03-01 13:53:00,CGEN,2.680000066757202,2.680000066757202,2.680000066757202,2.674999952316284,2.679500102996826,1624.0
2024-03-01 13:53:00,CHRS,2.4149999618530273,2.4149999618530273,2.4149999618530273,2.4100000858306885,2.4149999618530273,1401.0
2024-03-01 13:53:00,CKPT,2.190000057220459,2.190000057220459,2.190000057220459,2.190000057220459,2.190000057220459,150.0
2024-03-01 13:53:00,CLDX,52.58000183105469,52.58000183105469,52.58000183105469,52.51499938964844,52.51499938964844,4083.0
2024-03-01 13:53:00,CLOV,0.8712000250816345,0.8712000250816345,0.8712999820709229,0.8712000250816345,0.8712000250816345,3350.0
2024-03-01 13:53:00,CLPT,6.684999942779541,6.684999942779541,6.684999942779541,6.684999942779541,6.684999942779541,103.0
2024-03-01 13:53:00,CLRB,4.1209001541137695,4.1209001541137695,4.122000217437744,4.1209001541137695,4.122000217437744,256.0
2024-03-01 13:53:00,CLSD,1.3930000066757202,1.3930000066757202,1.3930000066757202,1.3930000066757202,1.3930000066757202,101.0
2024-03-01 13:53:00,CMPS,11.329999923706055,11.329999923706055,11.329999923706055,11.3149995803833,11.3149995803833,356.0
2024-03-01 13:53:00,CNTA,10.90999984741211,10.90999984741211,10.90999984741211,10.90999984741211,10.90999984741211,528.0
2024-03-01 13:53:00,COGT,7.204999923706055,7.204999923706055,7.210000038146973,7.204999923706055,7.210000038146973,2302.0
2024-03-01 13:53:00,CPRX,17.454999923706055,17.454999923706055,17.46980094909668,17.440000534057617,17.440000534057617,5585.0
2024-03-01 13:53:00,CPSI,9.489999771118164,9.489999771118164,9.489999771118164,9.489999771118164,9.489999771118164,795.0
2024-03-01 13:53:00,CRBP,32.6614990234375,32.6614990234375,32.6614990234375,32.6614990234375,32.6614990234375,359.0
2024-03-01 13:53:00,CRBU,7.900000095367432,7.900000095367432,7.909999847412109,7.900000095367432,7.909999847412109,1008.0
2024-03-01 13:53:00,CRDF,2.450000047683716,2.450000047683716,2.4526000022888184,2.4254000186920166,2.4254000186920166,13023.0
2024-03-01 13:53:00,CRDL,1.9800000190734863,1.9800000190734863,1.9800000190734863,1.9700000286102295,1.9700000286102295,10256.0
2024-03-01 13:53:00,CRMD,3.7049999237060547,3.7049999237060547,3.7049999237060547,3.7049999237060547,3.7049999237060547,100.0
2024-03-01 13:53:00,CRON,2.049999952316284,2.049999952316284,2.055000066757202,2.049999952316284,2.055000066757202,965.0
2024-03-01 13:53:00,CRSP,85.6500015258789,85.6500015258789,85.6500015258789,85.6500015258789,85.6500015258789,274.0
2024-03-01 13:53:00,CTKB,8.970000267028809,8.970000267028809,8.970000267028809,8.9399995803833,8.9399995803833,5390.0
2024-03-01 13:53:00,CTMX,2.575000047683716,2.575000047683716,2.5799999237060547,2.569999933242798,2.569999933242798,2580.0
2024-03-01 13:53:00,CUTR,2.375,2.375,2.375,2.370800018310547,2.370800018310547,749.0
2024-03-01 13:53:00,CYTK,72.80999755859375,72.80999755859375,72.80999755859375,72.6449966430664,72.6449966430664,5260.0
2024-03-01 13:53:00,CYTO,2.25,2.25,2.2799999713897705,2.25,2.2799999713897705,1108.0
2024-03-01 13:53:00,DAWN,17.549999237060547,17.549999237060547,17.559999465942383,17.549999237060547,17.559999465942383,504.0
2024-03-01 13:53:00,DCGO,4.179999828338623,4.179999828338623,4.184999942779541,4.179999828338623,4.184999942779541,311.0
2024-03-01 13:53:00,DCTH,4.201499938964844,4.201499938964844,4.201499938964844,4.201499938964844,4.201499938964844,868.0
2024-03-01 13:53:00,DERM,4.0,4.0,4.0,4.0,4.0,100.0
2024-03-01 13:53:00,DH,8.850000381469727,8.850000381469727,8.854999542236328,8.850000381469727,8.850000381469727,1416.0
2024-03-01 13:53:00,DNLI,21.190000534057617,21.190000534057617,21.219999313354492,21.190000534057617,21.219999313354492,2293.0
2024-03-01 13:53:00,DTIL,12.170000076293945,12.170000076293945,12.180000305175781,12.15999984741211,12.15999984741211,2739.0
2024-03-01 13:53:00,DVAX,12.875,12.875,12.880000114440918,12.875,12.880000114440918,721.0
2024-03-01 13:53:00,DXCM,121.77999877929688,121.77999877929688,121.77999877929688,121.73999786376953,121.75499725341797,7123.0
2024-03-01 13:53:00,DYAI,1.350000023841858,1.350000023841858,1.350000023841858,1.350000023841858,1.350000023841858,242.0
2024-03-01 13:53:00,DYN,28.799999237060547,28.799999237060547,28.809999465942383,28.799999237060547,28.809999465942383,568.0
2024-03-01 13:53:00,EDIT,10.925000190734863,10.925000190734863,10.925000190734863,10.920000076293945,10.920000076293945,1471.0
2024-03-01 13:53:00,EGRX,6.659999847412109,6.659999847412109,6.659999847412109,6.659999847412109,6.659999847412109,114.0
2024-03-01 13:53:00,EIGR,7.170000076293945,7.170000076293945,7.170000076293945,7.170000076293945,7.170000076293945,223.0
2024-03-01 13:53:00,EKSO,2.0199999809265137,2.0199999809265137,2.0199999809265137,2.01990008354187,2.01990008354187,230.0
2024-03-01 13:53:00,ELEV,5.010000228881836,5.010000228881836,5.019999980926514,5.0,5.0,1403.0
2024-03-01 13:53:00,EMBC,14.28499984741211,14.28499984741211,14.28499984741211,14.28499984741211,14.28499984741211,239.0
2024-03-01 13:53:00,ENSG,121.7699966430664,121.7699966430664,122.05999755859375,121.7699966430664,122.05999755859375,2537.0
2024-03-01 13:53:00,ENTA,15.390000343322754,15.390000343322754,15.390000343322754,15.390000343322754,15.390000343322754,114.0
2024-03-01 13:53:00,ENTX,1.409999966621399,1.409999966621399,1.409999966621399,1.409999966621399,1.409999966621399,895.0
2024-03-01 13:53:00,ENVB,1.5,1.5,1.5099999904632568,1.4900000095367432,1.5,5763.0
2024-03-01 13:53:00,EOLS,14.880000114440918,14.880000114440918,14.914999961853027,14.880000114440918,14.90999984741211,2126.0
2024-03-01 13:53:00,EPIX,9.289999961853027,9.289999961853027,9.40999984741211,9.289999961853027,9.399999618530273,1583.0
2024-03-01 13:53:00,ESPR,2.549999952316284,2.549999952316284,2.549999952316284,2.5450000762939453,2.549999952316284,860.0
2024-03-01 13:53:00,ESTA,45.04999923706055,45.04999923706055,45.30120086669922,45.04999923706055,45.27000045776367,2456.0
2024-03-01 13:53:00,ETNB,13.0,13.0,13.0,12.989999771118164,12.989999771118164,8273.0
2024-03-01 13:53:00,EVGN,0.9800000190734863,0.9800000190734863,0.9800000190734863,0.9800000190734863,0.9800000190734863,142.0
2024-03-01 13:53:00,EWTX,17.0049991607666,17.0049991607666,17.010000228881836,17.0049991607666,17.010000228881836,2746.0
2024-03-01 13:53:00,EXAI,6.724999904632568,6.724999904632568,6.724999904632568,6.724999904632568,6.724999904632568,1261.0
2024-03-01 13:53:00,EXAS,60.0,60.0,60.0,59.98500061035156,59.98500061035156,1508.0
2024-03-01 13:53:00,EXEL,22.530000686645508,22.530000686645508,22.53499984741211,22.530000686645508,22.530000686645508,1773.0
2024-03-01 13:53:00,EYPT,28.0,28.0,28.0,28.0,28.0,574.0
2024-03-01 13:53:00,FATE,7.741199970245361,7.741199970245361,7.741199970245361,7.735000133514404,7.739999771118164,950.0
2024-03-01 13:53:00,FEMY,1.749899983406067,1.749899983406067,1.75,1.7418999671936035,1.7418999671936035,3983.0
2024-03-01 13:53:00,FGEN,1.8650000095367432,1.8650000095367432,1.8700000047683716,1.8650000095367432,1.8700000047683716,1411.0
2024-03-01 13:53:00,FOLD,13.420000076293945,13.420000076293945,13.420000076293945,13.414999961853027,13.414999961853027,2609.0
2024-03-01 13:53:00,FULC,11.09000015258789,11.09000015258789,11.09000015258789,11.0600004196167,11.069999694824219,2479.0
2024-03-01 13:53:00,FUSN,12.3100004196167,12.3100004196167,12.3149995803833,12.3100004196167,12.3149995803833,380.0
2024-03-01 13:53:00,FWBI,8.489999771118164,8.489999771118164,8.569999694824219,8.489999771118164,8.569999694824219,504.0
2024-03-01 13:53:00,GALT,1.9639999866485596,1.9639999866485596,1.965000033378601,1.9639999866485596,1.965000033378601,1524.0
2024-03-01 13:53:00,GBIO,2.615000009536743,2.615000009536743,2.615000009536743,2.615000009536743,2.615000009536743,514.0
2024-03-01 13:53:00,GCTK,0.30959999561309814,0.30959999561309814,0.30959999561309814,0.3050000071525574,0.3075009882450104,1080.0
2024-03-01 13:53:00,GDRX,8.354999542236328,8.354999542236328,8.354999542236328,8.350000381469727,8.351200103759766,1233.0
2024-03-01 13:53:00,GERN,2.299999952316284,2.299999952316284,2.299999952316284,2.2899999618530273,2.2950000762939453,24500.0
2024-03-01 13:53:00,GH,19.09000015258789,19.09000015258789,19.09000015258789,19.09000015258789,19.09000015258789,434.0
2024-03-01 13:53:00,GILD,72.33000183105469,72.33000183105469,72.33999633789062,72.3114013671875,72.31500244140625,8886.0
2024-03-01 13:53:00,GLMD,0.3930000066757202,0.3930000066757202,0.3930000066757202,0.3930000066757202,0.3930000066757202,161.0
2024-03-01 13:53:00,GLPG,35.099998474121094,35.099998474121094,35.099998474121094,35.099998474121094,35.099998474121094,684.0
2024-03-01 13:53:00,GLSI,12.680000305175781,12.680000305175781,12.680000305175781,12.680000305175781,12.680000305175781,200.0
2024-03-01 13:53:00,GLTO,0.75,0.75,0.75,0.75,0.75,2000.0
2024-03-01 13:53:00,GMAB,29.399999618530273,29.399999618530273,29.399999618530273,29.375,29.375,1784.0
2024-03-01 13:53:00,GOSS,1.4199999570846558,1.4199999570846558,1.4199999570846558,1.4199999570846558,1.4199999570846558,100.0
2024-03-01 13:53:00,GRFS,7.085000038146973,7.085000038146973,7.089900016784668,7.079999923706055,7.079999923706055,838.0
2024-03-01 13:53:00,GRPH,3.4649999141693115,3.4649999141693115,3.4649999141693115,3.4649999141693115,3.4649999141693115,120.0
2024-03-01 13:53:00,GRTS,2.115000009536743,2.115000009536743,2.119999885559082,2.109999895095825,2.109999895095825,13364.0
2024-03-01 13:53:00,GRTX,0.22990000247955322,0.22990000247955322,0.22990000247955322,0.22990000247955322,0.22990000247955322,200.0
2024-03-01 13:53:00,GTHX,3.805999994277954,3.805999994277954,3.805999994277954,3.7950000762939453,3.799999952316284,3886.0
2024-03-01 13:53:00,HALO,41.36000061035156,41.36000061035156,41.36000061035156,41.36000061035156,41.36000061035156,100.0
2024-03-01 13:53:00,HARP,22.950000762939453,22.950000762939453,22.950000762939453,22.9424991607666,22.9424991607666,200.0
2024-03-01 13:53:00,HCAT,8.119999885559082,8.119999885559082,8.119999885559082,8.079999923706055,8.079999923706055,5548.0
2024-03-01 13:53:00,HOLX,74.18499755859375,74.18499755859375,74.19000244140625,74.18499755859375,74.19000244140625,576.0
2024-03-01 13:53:00,HQY,81.38500213623047,81.38500213623047,81.38500213623047,81.38500213623047,81.38500213623047,124.0
2024-03-01 13:53:00,HRMY,31.684999465942383,31.684999465942383,31.684999465942383,31.6299991607666,31.6299991607666,1723.0
2024-03-01 13:53:00,HRTX,2.569999933242798,2.569999933242798,2.569999933242798,2.569999933242798,2.569999933242798,1405.0
2024-03-01 13:53:00,HSDT,4.84499979019165,4.84499979019165,4.84499979019165,4.820000171661377,4.820000171661377,931.0
2024-03-01 13:53:00,HSIC,76.77999877929688,76.77999877929688,76.79000091552734,76.7750015258789,76.7750015258789,557.0
2024-03-01 13:53:00,HUMA,3.2799999713897705,3.2799999713897705,3.289900064468384,3.2799999713897705,3.2799999713897705,4378.0
2024-03-01 13:53:00,IART,36.47999954223633,36.47999954223633,36.4900016784668,36.47999954223633,36.4900016784668,224.0
2024-03-01 13:53:00,IBRX,4.860199928283691,4.860199928283691,4.863399982452393,4.860199928283691,4.863399982452393,725.0
2024-03-01 13:53:00,ICCM,1.2900999784469604,1.2900999784469604,1.2900999784469604,1.2900999784469604,1.2900999784469604,300.0
2024-03-01 13:53:00,ICUI,105.93000030517578,105.93000030517578,105.9437026977539,105.93000030517578,105.93000030517578,1498.0
2024-03-01 13:53:00,IDYA,46.77000045776367,46.77000045776367,46.77000045776367,46.77000045776367,46.77000045776367,462.0
2024-03-01 13:53:00,IINN,1.6806000471115112,1.6806000471115112,1.6806000471115112,1.6806000471115112,1.6806000471115112,657.0
2024-03-01 13:53:00,IKNA,1.4700000286102295,1.4700000286102295,1.4700000286102295,1.4700000286102295,1.4700000286102295,517.0
2024-03-01 13:53:00,ILMN,142.3800048828125,142.3800048828125,142.3800048828125,142.33999633789062,142.33999633789062,970.0
2024-03-01 13:53:00,IMAB,1.815000057220459,1.815000057220459,1.815000057220459,1.815000057220459,1.815000057220459,100.0
2024-03-01 13:53:00,IMCR,67.99500274658203,67.99500274658203,68.01499938964844,67.99500274658203,68.01499938964844,537.0
2024-03-01 13:53:00,IMMX,3.565000057220459,3.565000057220459,3.565000057220459,3.565000057220459,3.565000057220459,214.0
2024-03-01 13:53:00,IMNM,25.559900283813477,25.559900283813477,25.559900283813477,25.5,25.510000228881836,1902.0
2024-03-01 13:53:00,IMTX,12.869999885559082,12.869999885559082,12.869999885559082,12.869999885559082,12.869999885559082,232.0
2024-03-01 13:53:00,IMUX,1.465000033378601,1.465000033378601,1.465000033378601,1.465000033378601,1.465000033378601,101.0
2024-03-01 13:53:00,IMVT,35.900001525878906,35.900001525878906,35.900001525878906,35.900001525878906,35.900001525878906,1246.0
2024-03-01 13:53:00,INCY,59.43000030517578,59.43000030517578,59.43000030517578,59.43000030517578,59.43000030517578,814.0
2024-03-01 13:53:00,INGN,6.75,6.75,6.75,6.75,6.75,265.0
2024-03-01 13:53:00,INMD,22.878400802612305,22.878400802612305,22.8799991607666,22.878400802612305,22.8799991607666,442.0
2024-03-01 13:53:00,INO,9.600000381469727,9.600000381469727,9.640000343322754,9.579899787902832,9.579999923706055,10020.0
2024-03-01 13:53:00,INSM,28.270000457763672,28.270000457763672,28.270000457763672,28.260000228881836,28.270000457763672,1050.0
2024-03-01 13:53:00,INVA,15.5649995803833,15.5649995803833,15.5649995803833,15.5649995803833,15.5649995803833,308.0
2024-03-01 13:53:00,IOBT,1.839900016784668,1.839900016784668,1.840000033378601,1.815000057220459,1.815000057220459,675.0
2024-03-01 13:53:00,IONS,46.0,46.0,46.0,45.970001220703125,45.994998931884766,1042.0
2024-03-01 13:53:00,IOVA,17.05500030517578,17.05500030517578,17.059999465942383,17.049999237060547,17.059999465942383,11452.0
2024-03-01 13:53:00,IRTC,120.93499755859375,120.93499755859375,121.26499938964844,120.91500091552734,121.25,2773.0
2024-03-01 13:53:00,IRWD,9.010000228881836,9.010000228881836,9.020000457763672,9.010000228881836,9.015000343322754,1632.0
2024-03-01 13:53:00,ISRG,395.92999267578125,395.92999267578125,395.92999267578125,395.80499267578125,395.80499267578125,877.0
2024-03-01 13:53:00,ITCI,71.8499984741211,71.8499984741211,71.8499984741211,71.8499984741211,71.8499984741211,293.0
2024-03-01 13:53:00,JAGX,0.07699999958276749,0.07699999958276749,0.07699999958276749,0.07599999755620956,0.07639999687671661,493906.0
2024-03-01 13:53:00,JANX,46.18000030517578,46.18000030517578,46.33000183105469,46.18000030517578,46.29999923706055,1002.0
2024-03-01 13:53:00,JAZZ,119.36499786376953,119.36499786376953,119.36499786376953,119.36000061035156,119.36000061035156,718.0
2024-03-01 13:53:00,KALV,14.199999809265137,14.199999809265137,14.199999809265137,14.199999809265137,14.199999809265137,202.0
2024-03-01 13:53:00,KNSA,21.809999465942383,21.809999465942383,21.809999465942383,21.799999237060547,21.799999237060547,803.0
2024-03-01 13:53:00,KNTE,2.5999999046325684,2.5999999046325684,2.5999999046325684,2.5999999046325684,2.5999999046325684,200.0
2024-03-01 13:53:00,KPTI,1.2000000476837158,1.2000000476837158,1.2050000429153442,1.1900999546051025,1.1950000524520874,11115.0
2024-03-01 13:53:00,KRON,1.0299999713897705,1.0299999713897705,1.0299999713897705,1.0299999713897705,1.0299999713897705,205.0
2024-03-01 13:53:00,KRYS,169.16000366210938,169.16000366210938,169.16000366210938,169.16000366210938,169.16000366210938,200.0
2024-03-01 13:53:00,KTRA,0.09989999979734421,0.09989999979734421,0.09989999979734421,0.0997999981045723,0.0997999981045723,745.0
2024-03-01 13:53:00,KURA,21.7549991607666,21.7549991607666,21.7549991607666,21.739999771118164,21.739999771118164,213.0
2024-03-01 13:53:00,KYMR,43.95500183105469,43.95500183105469,43.95500183105469,43.95500183105469,43.95500183105469,100.0
2024-03-01 13:53:00,KZR,1.090000033378601,1.090000033378601,1.090000033378601,1.0850000381469727,1.090000033378601,325.0
2024-03-01 13:53:00,LAB,2.4549999237060547,2.4549999237060547,2.4549999237060547,2.4549999237060547,2.4549999237060547,300.0
2024-03-01 13:53:00,LBPH,21.889999389648438,21.889999389648438,21.889999389648438,21.799999237060547,21.809999465942383,4000.0
2024-03-01 13:53:00,LEGN,65.83000183105469,65.83000183105469,65.83999633789062,65.80000305175781,65.80000305175781,1411.0
2024-03-01 13:53:00,LEXX,2.8101000785827637,2.8101000785827637,2.8299999237060547,2.809999942779541,2.8299999237060547,7951.0
2024-03-01 13:53:00,LFMD,8.0,8.0,8.0,7.989999771118164,7.989999771118164,292.0
2024-03-01 13:53:00,LFST,7.744999885559082,7.744999885559082,7.760000228881836,7.744999885559082,7.760000228881836,5268.0
2024-03-01 13:53:00,LGND,77.7300033569336,77.7300033569336,77.7300033569336,77.7300033569336,77.7300033569336,196.0
2024-03-01 13:53:00,LIAN,4.860000133514404,4.860000133514404,4.860000133514404,4.860000133514404,4.860000133514404,310.0
2024-03-01 13:53:00,LIFE,1.9103000164031982,1.9103000164031982,1.9103000164031982,1.9103000164031982,1.9103000164031982,5004.0
2024-03-01 13:53:00,LIVN,55.790000915527344,55.790000915527344,55.790000915527344,55.77000045776367,55.775001525878906,903.0
2024-03-01 13:53:00,LIXT,2.4800000190734863,2.4800000190734863,2.4800000190734863,2.4800000190734863,2.4800000190734863,250.0
2024-03-01 13:53:00,LMAT,68.21489715576172,68.21489715576172,68.36000061035156,68.21489715576172,68.36000061035156,508.0
2024-03-01 13:53:00,LNTH,65.12000274658203,65.12000274658203,65.16000366210938,65.11499786376953,65.16000366210938,1119.0
2024-03-01 13:53:00,LQDA,14.6899995803833,14.6899995803833,14.739999771118164,14.6899995803833,14.739999771118164,5155.0
2024-03-01 13:53:00,LTRN,4.451200008392334,4.451200008392334,4.451200008392334,4.451200008392334,4.451200008392334,200.0
2024-03-01 13:53:00,LVTX,2.815000057220459,2.815000057220459,2.8399999141693115,2.799999952316284,2.8299999237060547,3799.0
2024-03-01 13:53:00,LXRX,2.5299999713897705,2.5299999713897705,2.5299999713897705,2.5199999809265137,2.5199999809265137,5103.0
2024-03-01 13:53:00,LYEL,3.200000047683716,3.200000047683716,3.200000047683716,3.200000047683716,3.200000047683716,100.0
2024-03-01 13:53:00,MASI,128.27000427246094,128.27000427246094,128.375,128.1999969482422,128.375,2747.0
2024-03-01 13:53:00,MASS,7.349999904632568,7.349999904632568,7.349999904632568,7.349999904632568,7.349999904632568,106.0
2024-03-01 13:53:00,MCRB,1.190000057220459,1.190000057220459,1.2000000476837158,1.190000057220459,1.1950000524520874,2245.0
2024-03-01 13:53:00,MDGS,2.680000066757202,2.680000066757202,2.680000066757202,2.680000066757202,2.680000066757202,237.0
2024-03-01 13:53:00,MDRX,5.920000076293945,5.920000076293945,6.0,5.920000076293945,5.940000057220459,63163.0
2024-03-01 13:53:00,MDXG,8.649999618530273,8.649999618530273,8.65999984741211,8.640000343322754,8.65999984741211,5791.0
2024-03-01 13:53:00,ME,0.5712000131607056,0.5712000131607056,0.5721499919891357,0.5712000131607056,0.5721499919891357,881.0
2024-03-01 13:53:00,MGNX,19.15999984741211,19.15999984741211,19.15999984741211,19.149999618530273,19.15999984741211,467.0
2024-03-01 13:53:00,MIRM,29.700000762939453,29.700000762939453,29.729999542236328,29.68000030517578,29.729999542236328,1233.0
2024-03-01 13:53:00,MIST,1.7300000190734863,1.7300000190734863,1.7300000190734863,1.7300000190734863,1.7300000190734863,600.0
2024-03-01 13:53:00,MLTX,50.91999816894531,50.91999816894531,50.91999816894531,50.880001068115234,50.880001068115234,1386.0
2024-03-01 13:53:00,MMSI,76.08000183105469,76.08000183105469,76.13999938964844,76.08000183105469,76.13999938964844,1659.0
2024-03-01 13:53:00,MNKD,4.565000057220459,4.565000057220459,4.570000171661377,4.554999828338623,4.554999828338623,17586.0
2024-03-01 13:53:00,MNPR,0.8779990077018738,0.8779990077018738,0.8779990077018738,0.8779990077018738,0.8779990077018738,105.0
2024-03-01 13:53:00,MODD,1.8799999952316284,1.8799999952316284,1.8799999952316284,1.8799999952316284,1.8799999952316284,600.0
2024-03-01 13:53:00,MREO,3.997999906539917,3.997999906539917,3.9999001026153564,3.994999885559082,3.9999001026153564,2094.0
2024-03-01 13:53:00,MRKR,3.6700000762939453,3.6700000762939453,3.6700000762939453,3.6600000858306885,3.6600000858306885,350.0
2024-03-01 13:53:00,MRNA,95.47000122070312,95.47000122070312,95.48999786376953,95.33999633789062,95.39600372314453,7191.0
2024-03-01 13:53:00,MRSN,5.934999942779541,5.934999942779541,5.960000038146973,5.934999942779541,5.960000038146973,2367.0
2024-03-01 13:53:00,MRUS,51.029998779296875,51.029998779296875,51.029998779296875,51.029998779296875,51.029998779296875,292.0
2024-03-01 13:53:00,MYGN,22.030000686645508,22.030000686645508,22.030000686645508,22.030000686645508,22.030000686645508,124.0
2024-03-01 13:53:00,NARI,45.630001068115234,45.630001068115234,45.63999938964844,45.58000183105469,45.61000061035156,2320.0
2024-03-01 13:53:00,NEO,16.049999237060547,16.049999237060547,16.049999237060547,16.049999237060547,16.049999237060547,501.0
2024-03-01 13:53:00,NEOG,17.385000228881836,17.385000228881836,17.385000228881836,17.385000228881836,17.385000228881836,417.0
2024-03-01 13:53:00,NEPT,0.42500001192092896,0.42500001192092896,0.42500001192092896,0.42500001192092896,0.42500001192092896,575.0
2024-03-01 13:53:00,NKTR,0.7773500084877014,0.7773500084877014,0.7773500084877014,0.7763000130653381,0.7763500213623047,13704.0
2024-03-01 13:53:00,NNOX,11.020000457763672,11.020000457763672,11.079999923706055,11.020000457763672,11.079999923706055,2997.0
2024-03-01 13:53:00,NOTV,8.119999885559082,8.119999885559082,8.130000114440918,8.109700202941895,8.109700202941895,3488.0
2024-03-01 13:53:00,NRSN,1.9919999837875366,1.9919999837875366,2.016700029373169,1.9800000190734863,2.016700029373169,4488.0
2024-03-01 13:53:00,NRXP,0.42320001125335693,0.42320001125335693,0.42330101132392883,0.42320001125335693,0.42320001125335693,4806.0
2024-03-01 13:53:00,NTLA,33.459999084472656,33.459999084472656,33.48500061035156,33.459999084472656,33.48500061035156,774.0
2024-03-01 13:53:00,NTRA,89.30500030517578,89.30500030517578,89.3550033569336,89.29000091552734,89.3499984741211,3524.0
2024-03-01 13:53:00,NUTX,0.11299999803304672,0.11299999803304672,0.11299999803304672,0.11299999803304672,0.11299999803304672,700.0
2024-03-01 13:53:00,NUVL,87.7249984741211,87.7249984741211,87.7249984741211,87.7249984741211,87.7249984741211,194.0
2024-03-01 13:53:00,NUWE,0.5799999833106995,0.5799999833106995,0.5799999833106995,0.5799999833106995,0.5799999833106995,548.0
2024-03-01 13:53:00,NVAX,5.224999904632568,5.224999904632568,5.230000019073486,5.198699951171875,5.198699951171875,34148.0
2024-03-01 13:53:00,NVCR,16.030000686645508,16.030000686645508,16.030000686645508,16.020000457763672,16.020000457763672,1540.0
2024-03-01 13:53:00,NXTC,1.75,1.75,1.7599999904632568,1.75,1.7599999904632568,201.0
2024-03-01 13:53:00,OCGN,0.9699000120162964,0.9699000120162964,0.9699000120162964,0.9674999713897705,0.9674999713897705,407.0
2024-03-01 13:53:00,OCUL,10.831199645996094,10.831199645996094,10.835000038146973,10.819999694824219,10.819999694824219,2106.0
2024-03-01 13:53:00,OLK,22.9950008392334,22.9950008392334,23.03499984741211,22.989999771118164,23.030000686645508,6078.0
2024-03-01 13:53:00,OMER,4.78000020980835,4.78000020980835,4.78000020980835,4.78000020980835,4.78000020980835,457.0
2024-03-01 13:53:00,OMIC,0.6150000095367432,0.6150000095367432,0.6150000095367432,0.6150000095367432,0.6150000095367432,270.0
2024-03-01 13:53:00,ONTX,0.8199999928474426,0.8199999928474426,0.8199999928474426,0.8199999928474426,0.8199999928474426,1442.0
2024-03-01 13:54:00,AADI,1.9950000047683716,1.9950000047683716,1.9950000047683716,1.9950000047683716,1.9950000047683716,101.0
2024-03-01 13:54:00,ABCL,5.179999828338623,5.179999828338623,5.184999942779541,5.179999828338623,5.184999942779541,1434.0
2024-03-01 13:54:00,ABEO,7.775000095367432,7.775000095367432,7.775000095367432,7.775000095367432,7.775000095367432,359.0
2024-03-01 13:54:00,ABOS,4.625,4.625,4.630000114440918,4.625,4.630000114440918,792.0
2024-03-01 13:54:00,ABSI,5.508200168609619,5.508200168609619,5.508900165557861,5.489999771118164,5.5,4400.0
2024-03-01 13:54:00,ACAD,24.290000915527344,24.290000915527344,24.299999237060547,24.280000686645508,24.299999237060547,4195.0
2024-03-01 13:54:00,ACCD,10.056400299072266,10.056400299072266,10.104999542236328,10.056400299072266,10.104999542236328,1529.0
2024-03-01 13:54:00,ACET,2.3949999809265137,2.3949999809265137,2.4000000953674316,2.390000104904175,2.390000104904175,702.0
2024-03-01 13:54:00,ACHC,84.23999786376953,84.23999786376953,84.2699966430664,84.18000030517578,84.19999694824219,970.0
2024-03-01 13:54:00,ACHL,1.320099949836731,1.320099949836731,1.3300000429153442,1.320099949836731,1.3300000429153442,6603.0
2024-03-01 13:54:00,ACHV,4.360000133514404,4.360000133514404,4.360000133514404,4.360000133514404,4.360000133514404,100.0
2024-03-01 13:54:00,ACLX,67.88500213623047,67.88500213623047,67.95999908447266,67.88500213623047,67.95999908447266,579.0
2024-03-01 13:54:00,ACRS,1.2350000143051147,1.2350000143051147,1.2350000143051147,1.2300000190734863,1.2300000190734863,1072.0
2024-03-01 13:54:00,ACXP,3.069999933242798,3.069999933242798,3.069999933242798,3.069999933242798,3.069999933242798,100.0
2024-03-01 13:54:00,ADIL,3.3299999237060547,3.3299999237060547,3.4100000858306885,3.3299999237060547,3.4000000953674316,65542.0
2024-03-01 13:54:00,ADMA,5.554999828338623,5.554999828338623,5.558899879455566,5.550000190734863,5.554999828338623,7910.0
2024-03-01 13:54:00,ADPT,4.110000133514404,4.110000133514404,4.125,4.105000019073486,4.125,10151.0
2024-03-01 13:54:00,ADVM,1.965000033378601,1.965000033378601,1.965000033378601,1.965000033378601,1.965000033378601,594.0
2024-03-01 13:54:00,AFMD,0.6499999761581421,0.6499999761581421,0.6499999761581421,0.6499999761581421,0.6499999761581421,100.0
2024-03-01 13:54:00,AGEN,0.6745749711990356,0.6745749711990356,0.6746000051498413,0.6744999885559082,0.6744999885559082,6161.0
2024-03-01 13:54:00,AGIO,32.790000915527344,32.790000915527344,32.81999969482422,32.790000915527344,32.81999969482422,961.0
2024-03-01 13:54:00,AHCO,10.524999618530273,10.524999618530273,10.524999618530273,10.520000457763672,10.520000457763672,1049.0
2024-03-01 13:54:00,AIH,0.5,0.5,0.5,0.5,0.5,100.0
2024-03-01 13:54:00,AIMD,0.9539999961853027,0.9539999961853027,0.9539999961853027,0.9539999961853027,0.9539999961853027,100.0
2024-03-01 13:54:00,AIRS,6.480000019073486,6.480000019073486,6.480000019073486,6.480000019073486,6.480000019073486,100.0
2024-03-01 13:54:00,AKAN,0.2061000019311905,0.2061000019311905,0.20810000598430634,0.2061000019311905,0.20810000598430634,1272.0
2024-03-01 13:54:00,AKBA,1.6785000562667847,1.6785000562667847,1.6785000562667847,1.6713999509811401,1.6713999509811401,594.0
2024-03-01 13:54:00,AKLI,0.35199999809265137,0.35199999809265137,0.35199999809265137,0.35199999809265137,0.35199999809265137,400.0
2024-03-01 13:54:00,AKRO,30.0049991607666,30.0049991607666,30.037500381469727,29.989999771118164,30.024999618530273,3480.0
2024-03-01 13:54:00,ALDX,4.28000020980835,4.28000020980835,4.282299995422363,4.28000020980835,4.282299995422363,3196.0
2024-03-01 13:54:00,ALEC,7.349999904632568,7.349999904632568,7.349999904632568,7.320000171661377,7.320000171661377,4286.0
2024-03-01 13:54:00,ALHC,5.679999828338623,5.679999828338623,5.679999828338623,5.679999828338623,5.679999828338623,649.0
2024-03-01 13:54:00,ALKS,30.229999542236328,30.229999542236328,30.264999389648438,30.229999542236328,30.264999389648438,3814.0
2024-03-01 13:54:00,ALLK,1.6749999523162842,1.6749999523162842,1.6775000095367432,1.6699999570846558,1.6749999523162842,530.0
2024-03-01 13:54:00,ALLO,5.054999828338623,5.054999828338623,5.054999828338623,5.054999828338623,5.054999828338623,155.0
2024-03-01 13:54:00,ALNY,153.27000427246094,153.27000427246094,153.36000061035156,153.27000427246094,153.34500122070312,1167.0
2024-03-01 13:54:00,ALPN,35.810001373291016,35.810001373291016,35.810001373291016,35.79999923706055,35.79999923706055,356.0
2024-03-01 13:54:00,ALT,12.100000381469727,12.100000381469727,12.100000381469727,12.079999923706055,12.09000015258789,4308.0
2024-03-01 13:54:00,ALVR,0.7552000284194946,0.7552000284194946,0.7552000284194946,0.7541000247001648,0.7541000247001648,2031.0
2024-03-01 13:54:00,AMED,93.55500030517578,93.55500030517578,93.55500030517578,93.55500030517578,93.55500030517578,308.0
2024-03-01 13:54:00,AMGN,280.5450134277344,280.5450134277344,280.5849914550781,280.5400085449219,280.55999755859375,1889.0
2024-03-01 13:54:00,AMLX,18.6299991607666,18.6299991607666,18.6299991607666,18.625,18.625,300.0
2024-03-01 13:54:00,AMPH,45.4900016784668,45.4900016784668,45.540000915527344,45.4900016784668,45.540000915527344,875.0
2024-03-01 13:54:00,AMRN,1.0499999523162842,1.0499999523162842,1.0549999475479126,1.0499999523162842,1.0499999523162842,1629.0
2024-03-01 13:54:00,ANAB,25.399999618530273,25.399999618530273,25.440000534057617,25.399999618530273,25.440000534057617,674.0
2024-03-01 13:54:00,ANNX,6.179999828338623,6.179999828338623,6.179999828338623,6.179999828338623,6.179999828338623,1020.0
2024-03-01 13:54:00,APDN,0.5699999928474426,0.5699999928474426,0.5699999928474426,0.5699999928474426,0.5699999928474426,493.0
2024-03-01 13:54:00,APLS,65.01499938964844,65.01499938964844,65.26000213623047,65.01499938964844,65.2300033569336,5297.0
2024-03-01 13:54:00,APLT,7.139999866485596,7.139999866485596,7.139999866485596,7.139999866485596,7.139999866485596,400.0
2024-03-01 13:54:00,AQST,4.269999980926514,4.269999980926514,4.28000020980835,4.239999771118164,4.25,29636.0
2024-03-01 13:54:00,ARAY,2.6401000022888184,2.6401000022888184,2.6401000022888184,2.6401000022888184,2.6401000022888184,292.0
2024-03-01 13:54:00,ARCT,39.625,39.625,39.625,39.625,39.625,197.0
2024-03-01 13:54:00,ARDX,9.479999542236328,9.479999542236328,9.479999542236328,9.469900131225586,9.469900131225586,5670.0
2024-03-01 13:54:00,ARQT,11.720000267028809,11.720000267028809,11.800000190734863,11.720000267028809,11.800000190734863,11512.0
2024-03-01 13:54:00,ARVN,48.83000183105469,48.83000183105469,48.95000076293945,48.709999084472656,48.709999084472656,7370.0
2024-03-01 13:54:00,ARWR,35.689998626708984,35.689998626708984,35.689998626708984,35.68000030517578,35.689998626708984,876.0
2024-03-01 13:54:00,ASRT,0.9020000100135803,0.9020000100135803,0.9035000205039978,0.9020000100135803,0.9035000205039978,800.0
2024-03-01 13:54:00,ATAI,2.130000114440918,2.130000114440918,2.134999990463257,2.130000114440918,2.134999990463257,729.0
2024-03-01 13:54:00,ATEC,13.395000457763672,13.395000457763672,13.399999618530273,13.390000343322754,13.399999618530273,769.0
2024-03-01 13:54:00,ATRC,35.93000030517578,35.93000030517578,35.97999954223633,35.93000030517578,35.97999954223633,2918.0
2024-03-01 13:54:00,ATXS,14.789999961853027,14.789999961853027,14.8100004196167,14.789999961853027,14.8100004196167,1686.0
2024-03-01 13:54:00,AUGX,4.519999980926514,4.519999980926514,4.519999980926514,4.519999980926514,4.519999980926514,204.0
2024-03-01 13:54:00,AUPH,5.835000038146973,5.835000038146973,5.835000038146973,5.829999923706055,5.835000038146973,1652.0
2024-03-01 13:54:00,AUTL,6.380000114440918,6.380000114440918,6.380000114440918,6.369999885559082,6.369999885559082,404.0
2024-03-01 13:54:00,AVDL,13.199700355529785,13.199700355529785,13.199999809265137,13.199700355529785,13.199999809265137,4011.0
2024-03-01 13:54:00,AVRO,1.3550000190734863,1.3550000190734863,1.3550000190734863,1.3550000190734863,1.3550000190734863,483.0
2024-03-01 13:54:00,AVXL,5.327499866485596,5.327499866485596,5.327499866485596,5.324999809265137,5.324999809265137,584.0
2024-03-01 13:54:00,AXNX,67.875,67.875,67.875,67.875,67.875,166.0
2024-03-01 13:54:00,AXSM,82.37999725341797,82.37999725341797,82.37999725341797,82.37999725341797,82.37999725341797,718.0
2024-03-01 13:54:00,AZN,64.68000030517578,64.68000030517578,64.69000244140625,64.68000030517578,64.69000244140625,3029.0
2024-03-01 13:54:00,AZTA,66.95999908447266,66.95999908447266,66.95999908447266,66.93000030517578,66.93000030517578,642.0
2024-03-01 13:54:00,BBIO,35.959999084472656,35.959999084472656,36.01499938964844,35.959999084472656,35.9900016784668,2240.0
2024-03-01 13:54:00,BCAB,2.6700000762939453,2.6700000762939453,2.7100000381469727,2.6700000762939453,2.7100000381469727,11124.0
2024-03-01 13:54:00,BCLI,0.34488001465797424,0.34488001465797424,0.34488001465797424,0.34488001465797424,0.34488001465797424,114.0
2024-03-01 13:54:00,BCRX,5.695000171661377,5.695000171661377,5.695000171661377,5.690000057220459,5.695000171661377,1765.0
2024-03-01 13:54:00,BCYC,26.229999542236328,26.229999542236328,26.229999542236328,26.229999542236328,26.229999542236328,299.0
2024-03-01 13:54:00,BDSX,1.5950000286102295,1.5950000286102295,1.5950000286102295,1.5917999744415283,1.5917999744415283,200.0
2024-03-01 13:54:00,BDTX,4.945000171661377,4.945000171661377,4.949900150299072,4.940100193023682,4.940100193023682,1477.0
2024-03-01 13:54:00,BEAM,40.22999954223633,40.22999954223633,40.29999923706055,40.22999954223633,40.29999923706055,1485.0
2024-03-01 13:54:00,BIIB,221.38699340820312,221.38699340820312,221.38699340820312,221.38699340820312,221.38699340820312,588.0
2024-03-01 13:54:00,BIOL,0.1421000063419342,0.1421000063419342,0.1421000063419342,0.1421000063419342,0.1421000063419342,13481.0
2024-03-01 13:54:00,BIOR,1.0750000476837158,1.0750000476837158,1.0750000476837158,1.0750000476837158,1.0750000476837158,1016.0
2024-03-01 13:54:00,BIVI,2.119999885559082,2.119999885559082,2.140000104904175,2.115000009536743,2.130500078201294,25300.0
2024-03-01 13:54:00,BLUE,1.5950000286102295,1.5950000286102295,1.5950000286102295,1.590000033378601,1.5950000286102295,1878.0
2024-03-01 13:54:00,BMEA,18.204999923706055,18.204999923706055,18.25,18.204999923706055,18.229999542236328,6083.0
2024-03-01 13:54:00,BMRN,88.14230346679688,88.14230346679688,88.2750015258789,88.12000274658203,88.26000213623047,5889.0
2024-03-01 13:54:00,BNTX,91.08000183105469,91.08000183105469,91.20999908447266,91.08000183105469,91.20999908447266,1269.0
2024-03-01 13:54:00,BPMC,96.7300033569336,96.7300033569336,96.7300033569336,96.7300033569336,96.7300033569336,158.0
2024-03-01 13:54:00,BRKR,88.33999633789062,88.33999633789062,88.33999633789062,88.32499694824219,88.32499694824219,1348.0
2024-03-01 13:54:00,BTAI,3.1700000762939453,3.1700000762939453,3.1700000762939453,3.1700000762939453,3.1700000762939453,2560.0
2024-03-01 13:54:00,BTTX,0.18310000002384186,0.18310000002384186,0.18389999866485596,0.18195000290870667,0.18195000290870667,9846.0
2024-03-01 13:54:00,CABA,24.149999618530273,24.149999618530273,24.18000030517578,24.149999618530273,24.170000076293945,3524.0
2024-03-01 13:54:00,CADL,1.7300000190734863,1.7300000190734863,1.7300000190734863,1.7300000190734863,1.7300000190734863,175.0
2024-03-01 13:54:00,CBAY,32.2400016784668,32.2400016784668,32.2400016784668,32.22999954223633,32.2400016784668,3923.0
2024-03-01 13:54:00,CCCC,10.954999923706055,10.954999923706055,10.954999923706055,10.954999923706055,10.954999923706055,318.0
2024-03-01 13:54:00,CDMO,8.109999656677246,8.109999656677246,8.109999656677246,8.109999656677246,8.109999656677246,405.0
2024-03-01 13:54:00,CDNA,12.40999984741211,12.40999984741211,12.430000305175781,12.40999984741211,12.430000305175781,1278.0
2024-03-01 13:54:00,CDXS,4.510000228881836,4.510000228881836,4.534999847412109,4.510000228881836,4.534999847412109,2052.0
2024-03-01 13:54:00,CELC,16.479999542236328,16.479999542236328,16.540000915527344,16.479999542236328,16.540000915527344,216.0
2024-03-01 13:54:00,CERE,41.099998474121094,41.099998474121094,41.10499954223633,41.099998474121094,41.099998474121094,537.0
2024-03-01 13:54:00,CERS,2.184999942779541,2.184999942779541,2.184999942779541,2.184999942779541,2.184999942779541,1783.0
2024-03-01 13:54:00,CERT,17.889999389648438,17.889999389648438,17.889999389648438,17.8799991607666,17.8799991607666,1899.0
2024-03-01 13:54:00,CGEM,18.600000381469727,18.600000381469727,18.65999984741211,18.600000381469727,18.65999984741211,358.0
2024-03-01 13:54:00,CGTX,2.030100107192993,2.030100107192993,2.030100107192993,2.030100107192993,2.030100107192993,1034.0
2024-03-01 13:54:00,CHRS,2.4149999618530273,2.4149999618530273,2.4200000762939453,2.4100000858306885,2.4149999618530273,6879.0
2024-03-01 13:54:00,CKPT,2.190000057220459,2.190000057220459,2.190000057220459,2.190000057220459,2.190000057220459,100.0
2024-03-01 13:54:00,CLDX,52.1150016784668,52.1150016784668,52.540000915527344,52.1150016784668,52.50279998779297,18134.0
2024-03-01 13:54:00,CLNN,0.39259999990463257,0.39259999990463257,0.39259999990463257,0.39259999990463257,0.39259999990463257,203.0
2024-03-01 13:54:00,CLOV,0.8716999888420105,0.8716999888420105,0.8720899820327759,0.8712000250816345,0.8712000250816345,80212.0
2024-03-01 13:54:00,CLPT,6.659999847412109,6.659999847412109,6.659999847412109,6.659999847412109,6.659999847412109,100.0
2024-03-01 13:54:00,CLRB,4.119999885559082,4.119999885559082,4.119999885559082,4.119999885559082,4.119999885559082,957.0
2024-03-01 13:54:00,CMPS,11.319999694824219,11.319999694824219,11.329999923706055,11.270000457763672,11.329999923706055,1782.0
2024-03-01 13:54:00,CMRX,1.2200000286102295,1.2200000286102295,1.2200000286102295,1.2200000286102295,1.2200000286102295,123.0
2024-03-01 13:54:00,COGT,7.204999923706055,7.204999923706055,7.204999923706055,7.204999923706055,7.204999923706055,1038.0
2024-03-01 13:54:00,COLL,36.81999969482422,36.81999969482422,36.81999969482422,36.79499816894531,36.79499816894531,370.0
2024-03-01 13:54:00,CORT,24.389699935913086,24.389699935913086,24.389699935913086,24.3700008392334,24.3700008392334,744.0
2024-03-01 13:54:00,CPRX,17.43000030517578,17.43000030517578,17.454999923706055,17.43000030517578,17.45199966430664,3225.0
2024-03-01 13:54:00,CPSI,9.491999626159668,9.491999626159668,9.5,9.489999771118164,9.489999771118164,1247.0
2024-03-01 13:54:00,CRBU,7.889999866485596,7.889999866485596,7.909999847412109,7.875,7.909999847412109,30667.0
2024-03-01 13:54:00,CRDF,2.450000047683716,2.450000047683716,2.450000047683716,2.440000057220459,2.4456000328063965,7387.0
2024-03-01 13:54:00,CRDL,1.9900000095367432,1.9900000095367432,1.9900000095367432,1.9800000190734863,1.9800000190734863,18652.0
2024-03-01 13:54:00,CRMD,3.7049999237060547,3.7049999237060547,3.7049999237060547,3.7049999237060547,3.7049999237060547,332.0
2024-03-01 13:54:00,CRNX,46.650001525878906,46.650001525878906,46.650001525878906,46.56999969482422,46.56999969482422,462.0
2024-03-01 13:54:00,CRON,2.055000066757202,2.055000066757202,2.055000066757202,2.051100015640259,2.051100015640259,1274.0
2024-03-01 13:54:00,CRSP,85.62000274658203,85.62000274658203,85.6449966430664,85.62000274658203,85.6449966430664,816.0
2024-03-01 13:54:00,CRVS,2.25,2.25,2.25,2.2300000190734863,2.2300000190734863,490.0
2024-03-01 13:54:00,CSTL,20.03499984741211,20.03499984741211,20.03499984741211,20.020000457763672,20.020000457763672,1471.0
2024-03-01 13:54:00,CTKB,8.960000038146973,8.960000038146973,8.970000267028809,8.954999923706055,8.970000267028809,2588.0
2024-03-01 13:54:00,CTMX,2.575000047683716,2.575000047683716,2.5799999237060547,2.575000047683716,2.5799999237060547,7133.0
2024-03-01 13:54:00,CUE,2.184999942779541,2.184999942779541,2.184999942779541,2.184999942779541,2.184999942779541,181.0
2024-03-01 13:54:00,CUTR,2.369999885559082,2.369999885559082,2.380000114440918,2.365000009536743,2.380000114440918,9186.0
2024-03-01 13:54:00,CVAC,3.494999885559082,3.494999885559082,3.494999885559082,3.490000009536743,3.490000009536743,329.0
2024-03-01 13:54:00,CYTK,72.66000366210938,72.66000366210938,72.80999755859375,72.66000366210938,72.80999755859375,4489.0
2024-03-01 13:54:00,CYTO,2.2799999713897705,2.2799999713897705,2.2799999713897705,2.2762999534606934,2.2762999534606934,1236.0
2024-03-01 13:54:00,DARE,0.5646010041236877,0.5646010041236877,0.5695000290870667,0.5644999742507935,0.5695000290870667,10001.0
2024-03-01 13:54:00,DAWN,17.55500030517578,17.55500030517578,17.559999465942383,17.55500030517578,17.559999465942383,1662.0
2024-03-01 13:54:00,DCGO,4.186100006103516,4.186100006103516,4.186100006103516,4.179999828338623,4.179999828338623,3623.0
2024-03-01 13:54:00,DCPH,17.453399658203125,17.453399658203125,17.453399658203125,17.453399658203125,17.453399658203125,1001.0
2024-03-01 13:54:00,DH,8.850000381469727,8.850000381469727,8.850000381469727,8.850000381469727,8.850000381469727,782.0
2024-03-01 13:54:00,DMTK,0.8464509844779968,0.8464509844779968,0.8464509844779968,0.8464509844779968,0.8464509844779968,862.0
2024-03-01 13:54:00,DNLI,21.170000076293945,21.170000076293945,21.184999465942383,21.170000076293945,21.184999465942383,1111.0
2024-03-01 13:54:00,DSGN,2.9049999713897705,2.9049999713897705,2.9049999713897705,2.9049999713897705,2.9049999713897705,397.0
2024-03-01 13:54:00,DTIL,12.329999923706055,12.329999923706055,12.329999923706055,12.180000305175781,12.180000305175781,3895.0
2024-03-01 13:54:00,DVAX,12.875,12.875,12.875,12.875,12.875,337.0
2024-03-01 13:54:00,DXCM,121.79000091552734,121.79000091552734,121.79000091552734,121.76499938964844,121.77999877929688,2432.0
2024-03-01 13:54:00,DYN,28.829999923706055,28.829999923706055,28.864999771118164,28.825000762939453,28.825000762939453,2280.0
2024-03-01 13:54:00,EDIT,10.895000457763672,10.895000457763672,10.929699897766113,10.895000457763672,10.929699897766113,5112.0
2024-03-01 13:54:00,EGRX,6.650000095367432,6.650000095367432,6.650000095367432,6.650000095367432,6.650000095367432,107.0
2024-03-01 13:54:00,ELEV,5.010000228881836,5.010000228881836,5.010000228881836,5.0,5.0,399.0
2024-03-01 13:54:00,EMBC,14.270000457763672,14.270000457763672,14.270000457763672,14.270000457763672,14.270000457763672,421.0
2024-03-01 13:54:00,ENSG,121.90499877929688,121.90499877929688,121.90499877929688,121.90499877929688,121.90499877929688,290.0
2024-03-01 13:54:00,ENTA,15.375,15.375,15.375,15.375,15.375,324.0
2024-03-01 13:54:00,ENVB,1.5098999738693237,1.5098999738693237,1.5098999738693237,1.4910000562667847,1.4910000562667847,663.0
2024-03-01 13:54:00,EOLS,14.859999656677246,14.859999656677246,14.859999656677246,14.859999656677246,14.859999656677246,313.0
2024-03-01 13:54:00,EPIX,9.34000015258789,9.34000015258789,9.34000015258789,9.34000015258789,9.34000015258789,144.0
2024-03-01 13:54:00,ERAS,2.494999885559082,2.494999885559082,2.5000998973846436,2.494999885559082,2.5000998973846436,15146.0
2024-03-01 13:54:00,ESPR,2.5450000762939453,2.5450000762939453,2.5450000762939453,2.5399999618530273,2.5450000762939453,2619.0
2024-03-01 13:54:00,ESTA,44.974998474121094,44.974998474121094,44.974998474121094,44.974998474121094,44.974998474121094,136.0
2024-03-01 13:54:00,ETNB,13.0,13.0,13.0,12.989999771118164,13.0,1421.0
2024-03-01 13:54:00,EVGN,0.9599999785423279,0.9599999785423279,0.9599999785423279,0.9599999785423279,0.9599999785423279,9987.0
2024-03-01 13:54:00,EXAS,59.9900016784668,59.9900016784668,60.040000915527344,59.9900016784668,60.040000915527344,1836.0
2024-03-01 13:54:00,EXEL,22.524999618530273,22.524999618530273,22.53499984741211,22.524999618530273,22.530000686645508,4350.0
2024-03-01 13:54:00,EYEN,2.4000000953674316,2.4000000953674316,2.4000000953674316,2.4000000953674316,2.4000000953674316,263.0
2024-03-01 13:54:00,EYPT,27.93000030517578,27.93000030517578,28.0,27.93000030517578,28.0,2253.0
2024-03-01 13:54:00,FATE,7.728300094604492,7.728300094604492,7.739999771118164,7.728300094604492,7.739999771118164,1008.0
2024-03-01 13:54:00,FDMT,29.34000015258789,29.34000015258789,29.3799991607666,29.34000015258789,29.360000610351562,2283.0
2024-03-01 13:54:00,FEMY,1.75,1.75,1.75,1.75,1.75,200.0
2024-03-01 13:54:00,FHTX,7.96999979019165,7.96999979019165,7.96999979019165,7.96999979019165,7.96999979019165,111.0
2024-03-01 13:54:00,FIXX,0.9300000071525574,0.9300000071525574,0.9300000071525574,0.9300000071525574,0.9300000071525574,1800.0
2024-03-01 13:54:00,FLGT,23.25,23.25,23.25,23.25,23.25,310.0
2024-03-01 13:54:00,FOLD,13.425000190734863,13.425000190734863,13.425000190734863,13.414999961853027,13.420000076293945,1249.0
2024-03-01 13:54:00,FUSN,12.28499984741211,12.28499984741211,12.3100004196167,12.279999732971191,12.3100004196167,6869.0
2024-03-01 13:54:00,GALT,1.9700000286102295,1.9700000286102295,1.9700000286102295,1.9700000286102295,1.9700000286102295,400.0
2024-03-01 13:54:00,GBIO,2.615000009536743,2.615000009536743,2.615000009536743,2.615000009536743,2.615000009536743,448.0
2024-03-01 13:54:00,GDRX,8.354999542236328,8.354999542236328,8.354999542236328,8.350000381469727,8.354999542236328,1189.0
2024-03-01 13:54:00,GERN,2.2950000762939453,2.2950000762939453,2.299999952316284,2.2899999618530273,2.2999000549316406,30123.0
2024-03-01 13:54:00,GH,19.079999923706055,19.079999923706055,19.09000015258789,19.079999923706055,19.079999923706055,1998.0
2024-03-01 13:54:00,GILD,72.33000183105469,72.33000183105469,72.33499908447266,72.31829833984375,72.32499694824219,5559.0
2024-03-01 13:54:00,GLPG,35.09000015258789,35.09000015258789,35.09000015258789,35.09000015258789,35.09000015258789,224.0
2024-03-01 13:54:00,GLTO,0.75,0.75,0.75,0.75,0.75,132.0
2024-03-01 13:54:00,GMDA,0.3792000114917755,0.3792000114917755,0.3792000114917755,0.3792000114917755,0.3792000114917755,200.0
2024-03-01 13:54:00,GOSS,1.4149999618530273,1.4149999618530273,1.4149999618530273,1.4149999618530273,1.4149999618530273,311.0
2024-03-01 13:54:00,GRFS,7.074999809265137,7.074999809265137,7.085000038146973,7.070000171661377,7.085000038146973,3386.0
2024-03-01 13:54:00,GRTS,2.130000114440918,2.130000114440918,2.130000114440918,2.125,2.125,1327.0
2024-03-01 13:54:00,GRTX,0.22990000247955322,0.22990000247955322,0.22990000247955322,0.22990000247955322,0.22990000247955322,202.0
2024-03-01 13:54:00,GTHX,3.7850000858306885,3.7850000858306885,3.800100088119507,3.7850000858306885,3.800100088119507,4413.0
2024-03-01 13:54:00,HALO,41.32500076293945,41.32500076293945,41.32500076293945,41.310001373291016,41.310001373291016,360.0
2024-03-01 13:54:00,HCAT,8.109999656677246,8.109999656677246,8.130000114440918,8.109999656677246,8.130000114440918,1862.0
2024-03-01 13:54:00,HCSG,12.600000381469727,12.600000381469727,12.609999656677246,12.600000381469727,12.600000381469727,1317.0
2024-03-01 13:54:00,HCTI,2.3949999809265137,2.3949999809265137,2.3949999809265137,2.3949999809265137,2.3949999809265137,190.0
2024-03-01 13:54:00,HLTH,0.27300000190734863,0.27300000190734863,0.27399998903274536,0.27300000190734863,0.27300000190734863,6929.0
2024-03-01 13:54:00,HOLX,74.2300033569336,74.2300033569336,74.2300033569336,74.19000244140625,74.19999694824219,6111.0
2024-03-01 13:54:00,HOWL,7.119999885559082,7.119999885559082,7.119999885559082,7.119999885559082,7.119999885559082,123.0
2024-03-01 13:54:00,HQY,81.33999633789062,81.33999633789062,81.43000030517578,81.33999633789062,81.41000366210938,3294.0
2024-03-01 13:54:00,HRTX,2.5450000762939453,2.5450000762939453,2.575000047683716,2.5450000762939453,2.569999933242798,92214.0
2024-03-01 13:54:00,HSIC,76.7300033569336,76.7300033569336,76.7750015258789,76.68499755859375,76.76000213623047,4188.0
2024-03-01 13:54:00,HUMA,3.289900064468384,3.289900064468384,3.289900064468384,3.2799999713897705,3.2799999713897705,701.0
2024-03-01 13:54:00,IART,36.470001220703125,36.470001220703125,36.47999954223633,36.470001220703125,36.47999954223633,765.0
2024-03-01 13:54:00,IBRX,4.864999771118164,4.864999771118164,4.864999771118164,4.860000133514404,4.860000133514404,870.0
2024-03-01 13:54:00,ICUI,106.02999877929688,106.02999877929688,106.06999969482422,105.93000030517578,105.93000030517578,1003.0
2024-03-01 13:54:00,IDXX,580.135009765625,580.135009765625,580.135009765625,580.135009765625,580.135009765625,315.0
2024-03-01 13:54:00,IDYA,46.72999954223633,46.72999954223633,46.755001068115234,46.72999954223633,46.755001068115234,979.0
2024-03-01 13:54:00,ILMN,142.22500610351562,142.22500610351562,142.27000427246094,142.22500610351562,142.25999450683594,1372.0
2024-03-01 13:54:00,IMAB,1.8150999546051025,1.8150999546051025,1.8200000524520874,1.8150999546051025,1.8200000524520874,311.0
2024-03-01 13:54:00,IMMX,3.565000057220459,3.565000057220459,3.565000057220459,3.565000057220459,3.565000057220459,224.0
2024-03-01 13:54:00,IMNM,25.520000457763672,25.520000457763672,25.520000457763672,25.520000457763672,25.520000457763672,526.0
2024-03-01 13:54:00,IMTX,12.869999885559082,12.869999885559082,12.869999885559082,12.869999885559082,12.869999885559082,110.0
2024-03-01 13:54:00,IMVT,35.86199951171875,35.86199951171875,35.88999938964844,35.86000061035156,35.88999938964844,2161.0
2024-03-01 13:54:00,INCY,59.369998931884766,59.369998931884766,59.43000030517578,59.31999969482422,59.40999984741211,4016.0
2024-03-01 13:54:00,INDP,2.07450008392334,2.07450008392334,2.07450008392334,2.07450008392334,2.07450008392334,140.0
2024-03-01 13:54:00,INGN,6.760000228881836,6.760000228881836,6.760000228881836,6.75,6.75,228.0
2024-03-01 13:54:00,INMB,12.3100004196167,12.3100004196167,12.3100004196167,12.3100004196167,12.3100004196167,100.0
2024-03-01 13:54:00,INMD,22.8700008392334,22.8700008392334,22.8700008392334,22.8700008392334,22.8700008392334,391.0
2024-03-01 13:54:00,INO,9.646400451660156,9.646400451660156,9.646400451660156,9.630000114440918,9.630000114440918,1323.0
2024-03-01 13:54:00,INSM,28.25,28.25,28.264999389648438,28.25,28.264999389648438,1539.0
2024-03-01 13:54:00,INVA,15.5600004196167,15.5600004196167,15.5649995803833,15.5600004196167,15.5649995803833,462.0
2024-03-01 13:54:00,INZY,6.635000228881836,6.635000228881836,6.635000228881836,6.635000228881836,6.635000228881836,242.0
2024-03-01 13:54:00,IONS,46.0099983215332,46.0099983215332,46.0099983215332,45.9900016784668,45.9900016784668,1238.0
2024-03-01 13:54:00,IOVA,17.0,17.0,17.094999313354492,16.989999771118164,17.049999237060547,40494.0
2024-03-01 13:54:00,IPSC,3.9000000953674316,3.9000000953674316,3.9000000953674316,3.9000000953674316,3.9000000953674316,200.0
2024-03-01 13:54:00,IRWD,9.015000343322754,9.015000343322754,9.029999732971191,9.010000228881836,9.015000343322754,33976.0
2024-03-01 13:54:00,ISRG,395.75,395.75,395.80499267578125,395.75,395.80499267578125,478.0
2024-03-01 13:54:00,JAGX,0.07760000228881836,0.07760000228881836,0.07779999822378159,0.07699999958276749,0.07699999958276749,245857.0
2024-03-01 13:54:00,JANX,46.31999969482422,46.31999969482422,46.349998474121094,46.18000030517578,46.18000030517578,1153.0
2024-03-01 13:54:00,JAZZ,119.3550033569336,119.3550033569336,119.36499786376953,119.3550033569336,119.36499786376953,368.0
2024-03-01 13:54:00,JYNT,9.989999771118164,9.989999771118164,9.989999771118164,9.979999542236328,9.979999542236328,350.0
2024-03-01 13:54:00,KNSA,21.81999969482422,21.81999969482422,21.81999969482422,21.809999465942383,21.81999969482422,605.0
2024-03-01 13:54:00,KNTE,2.5999999046325684,2.5999999046325684,2.5999999046325684,2.5999999046325684,2.5999999046325684,200.0
2024-03-01 13:54:00,KOD,6.054999828338623,6.054999828338623,6.070000171661377,6.054999828338623,6.070000171661377,1063.0
2024-03-01 13:54:00,KPTI,1.2000000476837158,1.2000000476837158,1.2000000476837158,1.1950000524520874,1.1950000524520874,638.0
2024-03-01 13:54:00,KRYS,169.15499877929688,169.15499877929688,169.15499877929688,169.15499877929688,169.15499877929688,262.0
2024-03-01 13:54:00,KTRA,0.0997999981045723,0.0997999981045723,0.09989999979734421,0.0997999981045723,0.0997999981045723,3900.0
2024-03-01 13:54:00,KURA,21.780000686645508,21.780000686645508,21.780000686645508,21.780000686645508,21.780000686645508,158.0
2024-03-01 13:54:00,KYMR,43.95500183105469,43.95500183105469,43.95500183105469,43.95500183105469,43.95500183105469,623.0
2024-03-01 13:54:00,KZIA,0.24699999392032623,0.24699999392032623,0.24699999392032623,0.24699999392032623,0.24699999392032623,1200.0
2024-03-01 13:54:00,KZR,1.090000033378601,1.090000033378601,1.090000033378601,1.0850000381469727,1.0850000381469727,300.0
2024-03-01 13:54:00,LAB,2.4600000381469727,2.4600000381469727,2.4600000381469727,2.450000047683716,2.4549999237060547,3800.0
2024-03-01 13:54:00,LEGN,65.81999969482422,65.81999969482422,65.81999969482422,65.81999969482422,65.81999969482422,200.0
2024-03-01 13:54:00,LFMD,7.989999771118164,7.989999771118164,8.0,7.989999771118164,8.0,218.0
2024-03-01 13:54:00,LFST,7.744999885559082,7.744999885559082,7.744999885559082,7.744999885559082,7.744999885559082,290.0
2024-03-01 13:54:00,LIAN,4.860000133514404,4.860000133514404,4.860000133514404,4.860000133514404,4.860000133514404,100.0
2024-03-01 13:54:00,LIVN,55.779998779296875,55.779998779296875,55.779998779296875,55.779998779296875,55.779998779296875,279.0
2024-03-01 13:54:00,LMAT,68.12000274658203,68.12000274658203,68.12000274658203,68.12000274658203,68.12000274658203,128.0
2024-03-01 13:54:00,LNTH,65.16999816894531,65.16999816894531,65.25,65.12000274658203,65.12000274658203,4535.0
2024-03-01 13:54:00,LPTX,2.9000000953674316,2.9000000953674316,2.9000000953674316,2.9000000953674316,2.9000000953674316,566.0
2024-03-01 13:54:00,LQDA,14.6899995803833,14.6899995803833,14.6899995803833,14.6899995803833,14.6899995803833,332.0
2024-03-01 13:54:00,LRMR,11.460000038146973,11.460000038146973,11.460000038146973,11.449999809265137,11.460000038146973,561.0
2024-03-01 13:54:00,LUCD,1.2400000095367432,1.2400000095367432,1.2400000095367432,1.2400000095367432,1.2400000095367432,136.0
2024-03-01 13:54:00,LUCY,0.3887999951839447,0.3887999951839447,0.3887999951839447,0.3887999951839447,0.3887999951839447,2000.0
2024-03-01 13:54:00,LUNG,9.460000038146973,9.460000038146973,9.460000038146973,9.460000038146973,9.460000038146973,887.0
2024-03-01 13:54:00,LVTX,2.8494999408721924,2.8494999408721924,2.852400064468384,2.809999942779541,2.8299999237060547,1913.0
2024-03-01 13:54:00,LYEL,3.200000047683716,3.200000047683716,3.200000047683716,3.194999933242798,3.194999933242798,380.0
2024-03-01 13:54:00,LYRA,5.650000095367432,5.650000095367432,5.650000095367432,5.650000095367432,5.650000095367432,120.0
2024-03-01 13:54:00,MASI,128.27000427246094,128.27000427246094,128.27000427246094,128.27000427246094,128.27000427246094,378.0
2024-03-01 13:54:00,MASS,7.329999923706055,7.329999923706055,7.340000152587891,7.329999923706055,7.340000152587891,8636.0
2024-03-01 13:54:00,MCRB,1.190000057220459,1.190000057220459,1.190000057220459,1.190000057220459,1.190000057220459,100.0
2024-03-01 13:54:00,MDGL,250.80999755859375,250.80999755859375,250.80999755859375,250.80999755859375,250.80999755859375,855.0
2024-03-01 13:54:00,MDRX,5.949999809265137,5.949999809265137,6.0,5.940000057220459,6.0,40570.0
2024-03-01 13:54:00,MDWD,14.25,14.25,14.25,14.25,14.25,453.0
2024-03-01 13:54:00,MDXG,8.645000457763672,8.645000457763672,8.645000457763672,8.645000457763672,8.645000457763672,100.0
2024-03-01 13:54:00,ME,0.5702999830245972,0.5702999830245972,0.5758000016212463,0.5702999830245972,0.5702999830245972,23597.0
2024-03-01 13:54:00,MEDP,401.20001220703125,401.20001220703125,401.5799865722656,401.20001220703125,401.5799865722656,679.0
2024-03-01 13:54:00,MGNX,19.135000228881836,19.135000228881836,19.15999984741211,19.1299991607666,19.15999984741211,3382.0
2024-03-01 13:54:00,MGTX,6.460000038146973,6.460000038146973,6.46999979019165,6.460000038146973,6.46999979019165,1316.0
2024-03-01 13:54:00,MNKD,4.579999923706055,4.579999923706055,4.579999923706055,4.570000171661377,4.570000171661377,37520.0
2024-03-01 13:54:00,MNMD,6.210000038146973,6.210000038146973,6.219900131225586,6.204999923706055,6.214799880981445,2641.0
2024-03-01 13:54:00,MNPR,0.8411999940872192,0.8411999940872192,0.8633999824523926,0.8410999774932861,0.8522999882698059,16900.0
2024-03-01 13:54:00,MODD,1.8799999952316284,1.8799999952316284,1.8849999904632568,1.8799999952316284,1.8799999952316284,800.0
2024-03-01 13:54:00,MOR,17.540000915527344,17.540000915527344,17.540000915527344,17.540000915527344,17.540000915527344,216.0
2024-03-01 13:54:00,MORF,39.38999938964844,39.38999938964844,39.38999938964844,39.38999938964844,39.38999938964844,261.0
2024-03-01 13:54:00,MOTS,0.6581000089645386,0.6581000089645386,0.6581000089645386,0.6581000089645386,0.6581000089645386,101.0
2024-03-01 13:54:00,MRKR,3.6649999618530273,3.6649999618530273,3.6649999618530273,3.6649999618530273,3.6649999618530273,200.0
2024-03-01 13:54:00,MRNA,95.17500305175781,95.17500305175781,95.41999816894531,95.17500305175781,95.41999816894531,2613.0
2024-03-01 13:54:00,MRNS,10.300000190734863,10.300000190734863,10.329999923706055,10.300000190734863,10.329999923706055,1683.0
2024-03-01 13:54:00,MRSN,5.929999828338623,5.929999828338623,5.934999942779541,5.929999828338623,5.934999942779541,2173.0
2024-03-01 13:54:00,MRUS,51.125,51.125,51.125,51.04999923706055,51.04999923706055,2034.0
2024-03-01 13:54:00,MRVI,7.696000099182129,7.696000099182129,7.696000099182129,7.690000057220459,7.690000057220459,1166.0
2024-03-01 13:54:00,MXCT,4.764999866485596,4.764999866485596,4.764999866485596,4.764999866485596,4.764999866485596,130.0
2024-03-01 13:54:00,MYGN,22.030000686645508,22.030000686645508,22.030000686645508,22.030000686645508,22.030000686645508,215.0
2024-03-01 13:54:00,NARI,45.689998626708984,45.689998626708984,45.689998626708984,45.619998931884766,45.619998931884766,901.0
2024-03-01 13:54:00,NAUT,2.609999895095825,2.609999895095825,2.609999895095825,2.609999895095825,2.609999895095825,100.0
2024-03-01 13:54:00,NBIX,132.10000610351562,132.10000610351562,132.1649932861328,132.08999633789062,132.1649932861328,1268.0
2024-03-01 13:54:00,NEO,16.045000076293945,16.045000076293945,16.06999969482422,16.045000076293945,16.06999969482422,1223.0
2024-03-01 13:54:00,NEXI,6.400000095367432,6.400000095367432,6.41379976272583,6.400000095367432,6.41379976272583,566.0
2024-03-01 13:54:00,NKTR,0.7764000296592712,0.7764000296592712,0.7777000069618225,0.7764000296592712,0.7771999835968018,3776.0
2024-03-01 13:54:00,NNOX,11.029999732971191,11.029999732971191,11.029999732971191,11.0,11.020000457763672,3543.0
2024-03-01 13:54:00,NOTV,8.109999656677246,8.109999656677246,8.109999656677246,8.109999656677246,8.109999656677246,122.0
2024-03-01 13:54:00,NPCE,16.44499969482422,16.44499969482422,16.450000762939453,16.44499969482422,16.450000762939453,329.0
2024-03-01 13:54:00,NRBO,5.949999809265137,5.949999809265137,5.949999809265137,5.949999809265137,5.949999809265137,1028.0
2024-03-01 13:54:00,NRIX,13.730500221252441,13.730500221252441,13.730500221252441,13.730500221252441,13.730500221252441,100.0
2024-03-01 13:54:00,NRSN,1.975000023841858,1.975000023841858,1.9900000095367432,1.9500000476837158,1.9869999885559082,13834.0
2024-03-01 13:54:00,NRXP,0.4228000044822693,0.4228000044822693,0.4228000044822693,0.41999998688697815,0.41999998688697815,20519.0
2024-03-01 13:54:00,NTLA,33.439998626708984,33.439998626708984,33.47999954223633,33.439998626708984,33.470001220703125,1599.0
2024-03-01 13:54:00,NTRA,89.11000061035156,89.11000061035156,89.34500122070312,89.11000061035156,89.30999755859375,5098.0
2024-03-01 13:54:00,NUVL,87.72000122070312,87.72000122070312,87.7249984741211,87.72000122070312,87.7249984741211,360.0
2024-03-01 13:54:00,NVAX,5.210000038146973,5.210000038146973,5.230000019073486,5.199999809265137,5.224999904632568,51611.0
2024-03-01 13:54:00,NVCR,16.0,16.0,16.020000457763672,16.0,16.020000457763672,1553.0
2024-03-01 13:54:00,OCGN,0.9671000242233276,0.9671000242233276,0.9699000120162964,0.9671000242233276,0.9699000120162964,3612.0
2024-03-01 13:54:00,OCUL,10.829999923706055,10.829999923706055,10.850000381469727,10.829999923706055,10.84000015258789,2821.0
2024-03-01 13:54:00,OCUP,2.4800000190734863,2.4800000190734863,2.4800000190734863,2.4800000190734863,2.4800000190734863,102.0
2024-03-01 13:54:00,OGI,2.200000047683716,2.200000047683716,2.200000047683716,2.194999933242798,2.194999933242798,1032.0
2024-03-01 13:54:00,OLK,22.9950008392334,22.9950008392334,22.9950008392334,22.9950008392334,22.9950008392334,204.0
2024-03-01 13:54:00,OLMA,14.763999938964844,14.763999938964844,14.800000190734863,14.760000228881836,14.800000190734863,2158.0
2024-03-01 13:54:00,OMCL,26.34000015258789,26.34000015258789,26.3700008392334,26.34000015258789,26.3700008392334,1979.0
2024-03-01 13:54:00,OMGA,4.340000152587891,4.340000152587891,4.340000152587891,4.340000152587891,4.340000152587891,645.0
2024-03-01 13:54:00,OMIC,0.607450008392334,0.607450008392334,0.607450008392334,0.607450008392334,0.607450008392334,200.0
2024-03-01 13:54:00,ONTX,0.8248000144958496,0.8248000144958496,0.8248000144958496,0.8248000144958496,0.8248000144958496,115.0
2024-03-01 13:55:00,AADI,1.9950000047683716,1.9950000047683716,2.0,1.9950000047683716,2.0,843.0
2024-03-01 13:55:00,ABCL,5.184999942779541,5.184999942779541,5.184999942779541,5.170000076293945,5.170000076293945,1928.0
2024-03-01 13:55:00,ABSI,5.489999771118164,5.489999771118164,5.494999885559082,5.465000152587891,5.489999771118164,16342.0
2024-03-01 13:55:00,ACAD,24.299999237060547,24.299999237060547,24.31999969482422,24.28499984741211,24.28499984741211,7517.0
2024-03-01 13:55:00,ACB,3.2151999473571777,3.2151999473571777,3.2151999473571777,3.2151999473571777,3.2151999473571777,398.0
2024-03-01 13:55:00,ACCD,10.0649995803833,10.0649995803833,10.0649995803833,10.0649995803833,10.0649995803833,193.0
2024-03-01 13:55:00,ACET,2.3949999809265137,2.3949999809265137,2.3949999809265137,2.390000104904175,2.3949999809265137,822.0
2024-03-01 13:55:00,ACHL,1.3300000429153442,1.3300000429153442,1.3300000429153442,1.3207999467849731,1.3207999467849731,7097.0
2024-03-01 13:55:00,ACHV,4.360000133514404,4.360000133514404,4.360000133514404,4.360000133514404,4.360000133514404,100.0
2024-03-01 13:55:00,ACLX,67.8499984741211,67.8499984741211,67.86499786376953,67.8499984741211,67.86499786376953,573.0
2024-03-01 13:55:00,ACON,0.4050000011920929,0.4050000011920929,0.4099000096321106,0.4050000011920929,0.4099000096321106,8472.0
2024-03-01 13:55:00,ACRS,1.2400000095367432,1.2400000095367432,1.2400000095367432,1.2350000143051147,1.2400000095367432,1597.0
2024-03-01 13:55:00,ADIL,3.339900016784668,3.339900016784668,3.3499999046325684,3.319999933242798,3.3399999141693115,53152.0
2024-03-01 13:55:00,ADMA,5.550000190734863,5.550000190734863,5.554999828338623,5.550000190734863,5.550000190734863,3080.0
2024-03-01 13:55:00,ADPT,4.114999771118164,4.114999771118164,4.114999771118164,4.114999771118164,4.114999771118164,183.0
2024-03-01 13:55:00,ADVM,1.9700000286102295,1.9700000286102295,1.9700000286102295,1.965000033378601,1.965000033378601,685.0
2024-03-01 13:55:00,AGEN,0.6744999885559082,0.6744999885559082,0.6746000051498413,0.6744999885559082,0.6745749711990356,12896.0
2024-03-01 13:55:00,AGIO,32.83000183105469,32.83000183105469,32.83000183105469,32.790000915527344,32.790000915527344,1667.0
2024-03-01 13:55:00,AHCO,10.579999923706055,10.579999923706055,10.585000038146973,10.520000457763672,10.520000457763672,10200.0
2024-03-01 13:55:00,AIH,0.5,0.5,0.5,0.5,0.5,200.0
2024-03-01 13:55:00,AIMD,0.9539999961853027,0.9539999961853027,0.9539999961853027,0.9539999961853027,0.9539999961853027,100.0
2024-03-01 13:55:00,AIRS,6.46999979019165,6.46999979019165,6.5,6.449999809265137,6.5,986.0
2024-03-01 13:55:00,AKBA,1.6749999523162842,1.6749999523162842,1.6799999475479126,1.6749999523162842,1.6749999523162842,2395.0
2024-03-01 13:55:00,AKLI,0.35179999470710754,0.35179999470710754,0.35499998927116394,0.35179999470710754,0.35199999809265137,43466.0
2024-03-01 13:55:00,AKRO,30.03499984741211,30.03499984741211,30.0625,30.0049991607666,30.0049991607666,4303.0
2024-03-01 13:55:00,AKYA,6.010799884796143,6.010799884796143,6.010799884796143,6.010799884796143,6.010799884796143,2618.0
2024-03-01 13:55:00,ALDX,4.281199932098389,4.281199932098389,4.287399768829346,4.264999866485596,4.269999980926514,4566.0
2024-03-01 13:55:00,ALEC,7.360000133514404,7.360000133514404,7.360000133514404,7.349999904632568,7.349999904632568,369.0
2024-03-01 13:55:00,ALGN,303.875,303.875,304.0350036621094,303.75,304.0350036621094,3051.0
2024-03-01 13:55:00,ALHC,5.690000057220459,5.690000057220459,5.690000057220459,5.690000057220459,5.690000057220459,110.0
2024-03-01 13:55:00,ALKS,30.21500015258789,30.21500015258789,30.229999542236328,30.21500015258789,30.229999542236328,2886.0
2024-03-01 13:55:00,ALLK,1.6749999523162842,1.6749999523162842,1.6799999475479126,1.6749999523162842,1.6799999475479126,408.0
2024-03-01 13:55:00,ALLO,5.059999942779541,5.059999942779541,5.059999942779541,5.039999961853027,5.050000190734863,10055.0
2024-03-01 13:55:00,ALLR,0.4099999964237213,0.4099999964237213,0.4099999964237213,0.4099999964237213,0.4099999964237213,100.0
2024-03-01 13:55:00,ALNY,153.27999877929688,153.27999877929688,153.27999877929688,153.25999450683594,153.25999450683594,362.0
2024-03-01 13:55:00,ALPN,35.79999923706055,35.79999923706055,35.79999923706055,35.779998779296875,35.779998779296875,400.0
2024-03-01 13:55:00,ALT,12.119999885559082,12.119999885559082,12.119999885559082,12.095000267028809,12.095000267028809,10969.0
2024-03-01 13:55:00,ALVR,0.7552000284194946,0.7552000284194946,0.7552000284194946,0.7540000081062317,0.7540000081062317,6400.0
2024-03-01 13:55:00,ALZN,0.9100000262260437,0.9100000262260437,0.9100000262260437,0.9100000262260437,0.9100000262260437,400.0
2024-03-01 13:55:00,AMGN,280.6300048828125,280.6300048828125,280.659912109375,280.5299987792969,280.5299987792969,3732.0
2024-03-01 13:55:00,AMLX,18.614999771118164,18.614999771118164,18.614999771118164,18.610000610351562,18.610000610351562,227.0
2024-03-01 13:55:00,AMPH,45.560001373291016,45.560001373291016,45.599998474121094,45.459999084472656,45.494998931884766,4628.0
2024-03-01 13:55:00,ANAB,25.40999984741211,25.40999984741211,25.40999984741211,25.385000228881836,25.389999389648438,2042.0
2024-03-01 13:55:00,ANGO,5.500800132751465,5.500800132751465,5.500800132751465,5.500800132751465,5.500800132751465,1130.0
2024-03-01 13:55:00,ANIK,24.979999542236328,24.979999542236328,24.979999542236328,24.979999542236328,24.979999542236328,1057.0
2024-03-01 13:55:00,ANIP,66.86000061035156,66.86000061035156,66.86000061035156,66.86000061035156,66.86000061035156,613.0
2024-03-01 13:55:00,ANNX,6.170000076293945,6.170000076293945,6.179999828338623,6.170000076293945,6.179999828338623,2450.0
2024-03-01 13:55:00,APLS,64.91999816894531,64.91999816894531,64.94999694824219,64.76000213623047,64.94999694824219,5560.0
2024-03-01 13:55:00,APLT,7.139999866485596,7.139999866485596,7.139999866485596,7.139999866485596,7.139999866485596,1004.0
2024-03-01 13:55:00,AQST,4.277200222015381,4.277200222015381,4.277200222015381,4.277200222015381,4.277200222015381,204.0
2024-03-01 13:55:00,ARCT,39.560001373291016,39.560001373291016,39.560001373291016,39.560001373291016,39.560001373291016,177.0
2024-03-01 13:55:00,ARDX,9.479999542236328,9.479999542236328,9.479999542236328,9.460000038146973,9.47130012512207,9746.0
2024-03-01 13:55:00,ARQT,11.75,11.75,11.75,11.693099975585938,11.720000267028809,5882.0
2024-03-01 13:55:00,ARVN,48.81999969482422,48.81999969482422,48.83000183105469,48.81999969482422,48.83000183105469,593.0
2024-03-01 13:55:00,ARWR,35.61980056762695,35.61980056762695,35.65999984741211,35.61980056762695,35.65999984741211,1178.0
2024-03-01 13:55:00,ASND,152.69000244140625,152.69000244140625,152.6999969482422,152.5500030517578,152.5500030517578,1541.0
2024-03-01 13:55:00,ASRT,0.9049999713897705,0.9049999713897705,0.9049999713897705,0.9020000100135803,0.9035000205039978,518.0
2024-03-01 13:55:00,ATEC,13.40999984741211,13.40999984741211,13.40999984741211,13.390000343322754,13.395000457763672,3626.0
2024-03-01 13:55:00,ATHA,3.9749999046325684,3.9749999046325684,3.9800000190734863,3.9749999046325684,3.9800000190734863,800.0
2024-03-01 13:55:00,ATOS,1.0099999904632568,1.0099999904632568,1.0099999904632568,1.0099999904632568,1.0099999904632568,100.0
2024-03-01 13:55:00,ATRA,0.7861999869346619,0.7861999869346619,0.7868000268936157,0.7861999869346619,0.7868000268936157,3994.0
2024-03-01 13:55:00,AUGX,4.519999980926514,4.519999980926514,4.519999980926514,4.519999980926514,4.519999980926514,205.0
2024-03-01 13:55:00,AUPH,5.829999923706055,5.829999923706055,5.829999923706055,5.829999923706055,5.829999923706055,611.0
2024-03-01 13:55:00,AURA,9.319999694824219,9.319999694824219,9.319999694824219,9.319999694824219,9.319999694824219,239.0
2024-03-01 13:55:00,AUTL,6.380000114440918,6.380000114440918,6.380000114440918,6.380000114440918,6.380000114440918,123.0
2024-03-01 13:55:00,AVIR,4.465000152587891,4.465000152587891,4.46999979019165,4.465000152587891,4.46999979019165,1163.0
2024-03-01 13:55:00,AVTE,24.15999984741211,24.15999984741211,24.15999984741211,24.149999618530273,24.149999618530273,256.0
2024-03-01 13:55:00,AVXL,5.324999809265137,5.324999809265137,5.324999809265137,5.324999809265137,5.324999809265137,299.0
2024-03-01 13:55:00,AXNX,67.86499786376953,67.86499786376953,67.86499786376953,67.86499786376953,67.86499786376953,1181.0
2024-03-01 13:55:00,AZN,64.68000030517578,64.68000030517578,64.68000030517578,64.66999816894531,64.67500305175781,2305.0
2024-03-01 13:55:00,AZTA,66.98999786376953,66.98999786376953,66.98999786376953,66.98999786376953,66.98999786376953,123.0
2024-03-01 13:55:00,BBIO,35.95800018310547,35.95800018310547,35.959999084472656,35.95000076293945,35.959999084472656,904.0
2024-03-01 13:55:00,BBLG,2.430000066757202,2.430000066757202,2.430000066757202,2.430000066757202,2.430000066757202,572.0
2024-03-01 13:55:00,BCAB,2.694999933242798,2.694999933242798,2.694999933242798,2.6649999618530273,2.6700000762939453,3233.0
2024-03-01 13:55:00,BCDA,0.5690000057220459,0.5690000057220459,0.5690000057220459,0.5690000057220459,0.5690000057220459,684.0
2024-03-01 13:55:00,BCRX,5.690000057220459,5.690000057220459,5.695000171661377,5.690000057220459,5.690000057220459,2474.0
2024-03-01 13:55:00,BDSX,1.5950000286102295,1.5950000286102295,1.5950000286102295,1.5950000286102295,1.5950000286102295,431.0
2024-03-01 13:55:00,BDTX,4.939000129699707,4.939000129699707,4.940000057220459,4.929999828338623,4.940000057220459,721.0
2024-03-01 13:55:00,BEAM,40.21500015258789,40.21500015258789,40.244998931884766,40.18000030517578,40.217498779296875,1534.0
2024-03-01 13:55:00,BIIB,221.39999389648438,221.39999389648438,221.39999389648438,221.39999389648438,221.39999389648438,2472.0
2024-03-01 13:55:00,BIOL,0.14399999380111694,0.14399999380111694,0.14444899559020996,0.14399999380111694,0.14444899559020996,3288.0
2024-03-01 13:55:00,BIOR,1.100000023841858,1.100000023841858,1.100000023841858,1.090000033378601,1.090000033378601,5415.0
2024-03-01 13:55:00,BIVI,2.111999988555908,2.111999988555908,2.1500000953674316,2.0999999046325684,2.119999885559082,91955.0
2024-03-01 13:55:00,BLFS,18.139999389648438,18.139999389648438,18.18000030517578,18.1299991607666,18.18000030517578,3650.0
2024-03-01 13:55:00,BLUE,1.590000033378601,1.590000033378601,1.5960999727249146,1.590000033378601,1.5950000286102295,2537.0
2024-03-01 13:55:00,BMEA,18.170000076293945,18.170000076293945,18.200000762939453,18.170000076293945,18.200000762939453,1560.0
2024-03-01 13:55:00,BMRN,88.0999984741211,88.0999984741211,88.12000274658203,88.06999969482422,88.12000274658203,6469.0
2024-03-01 13:55:00,BNGO,1.2674000263214111,1.2674000263214111,1.2674000263214111,1.2674000263214111,1.2674000263214111,203.0
2024-03-01 13:55:00,BNR,0.8394500017166138,0.8394500017166138,0.8394500017166138,0.8394500017166138,0.8394500017166138,100.0
2024-03-01 13:55:00,BNTX,91.08000183105469,91.08000183105469,91.08000183105469,91.08000183105469,91.08000183105469,202.0
2024-03-01 13:55:00,BPMC,96.72000122070312,96.72000122070312,96.7699966430664,96.72000122070312,96.75,555.0
2024-03-01 13:55:00,BRKR,88.41999816894531,88.41999816894531,88.41999816894531,88.34500122070312,88.36000061035156,2948.0
2024-03-01 13:55:00,BTAI,3.174999952316284,3.174999952316284,3.174999952316284,3.174999952316284,3.174999952316284,120.0
2024-03-01 13:55:00,BTTX,0.1808999925851822,0.1808999925851822,0.1858000010251999,0.1808999925851822,0.1808999925851822,37851.0
2024-03-01 13:55:00,BVS,4.75,4.75,4.760000228881836,4.75,4.760000228881836,437.0
2024-03-01 13:55:00,CABA,24.190000534057617,24.190000534057617,24.219999313354492,24.149999618530273,24.149999618530273,4757.0
2024-03-01 13:55:00,CAPR,4.510000228881836,4.510000228881836,4.510000228881836,4.46999979019165,4.46999979019165,402.0
2024-03-01 13:55:00,CARA,0.9269000291824341,0.9269000291824341,0.9399999976158142,0.9136000275611877,0.9136000275611877,6320.0
2024-03-01 13:55:00,CBAY,32.2400016784668,32.2400016784668,32.2400016784668,32.22999954223633,32.23500061035156,2913.0
2024-03-01 13:55:00,CCCC,10.984999656677246,10.984999656677246,10.992500305175781,10.920000076293945,10.949999809265137,9422.0
2024-03-01 13:55:00,CCRN,18.209999084472656,18.209999084472656,18.209999084472656,18.209999084472656,18.209999084472656,131.0
2024-03-01 13:55:00,CDMO,8.109999656677246,8.109999656677246,8.109999656677246,8.100000381469727,8.100000381469727,485.0
2024-03-01 13:55:00,CDNA,12.390000343322754,12.390000343322754,12.40999984741211,12.390000343322754,12.40999984741211,2272.0
2024-03-01 13:55:00,CDXS,4.511199951171875,4.511199951171875,4.511199951171875,4.511199951171875,4.511199951171875,708.0
2024-03-01 13:55:00,CELC,16.592500686645508,16.592500686645508,16.592500686645508,16.55500030517578,16.55500030517578,222.0
2024-03-01 13:55:00,CERE,41.099998474121094,41.099998474121094,41.10499954223633,41.099998474121094,41.099998474121094,4665.0
2024-03-01 13:55:00,CERS,2.184999942779541,2.184999942779541,2.184999942779541,2.184499979019165,2.184999942779541,393.0
2024-03-01 13:55:00,CERT,17.905000686645508,17.905000686645508,17.905000686645508,17.885000228881836,17.889999389648438,1397.0
2024-03-01 13:55:00,CGC,3.2492001056671143,3.2492001056671143,3.2492001056671143,3.240000009536743,3.240000009536743,2022.0
2024-03-01 13:55:00,CGEM,18.579999923706055,18.579999923706055,18.579999923706055,18.579999923706055,18.579999923706055,396.0
2024-03-01 13:55:00,CHEK,2.0999999046325684,2.0999999046325684,2.0999999046325684,2.0999999046325684,2.0999999046325684,495.0
2024-03-01 13:55:00,CHRS,2.41129994392395,2.41129994392395,2.41129994392395,2.4100000858306885,2.4100000858306885,535.0
2024-03-01 13:55:00,CKPT,2.190000057220459,2.190000057220459,2.190000057220459,2.190000057220459,2.190000057220459,100.0
2024-03-01 13:55:00,CLDX,51.9900016784668,51.9900016784668,52.220001220703125,51.79999923706055,52.119998931884766,109549.0
2024-03-01 13:55:00,CLOV,0.8715000152587891,0.8715000152587891,0.8718000054359436,0.8714600205421448,0.8717100024223328,48285.0
2024-03-01 13:55:00,CLRB,4.099999904632568,4.099999904632568,4.119999885559082,4.099999904632568,4.110000133514404,12086.0
2024-03-01 13:55:00,CLSD,1.3737000226974487,1.3737000226974487,1.3799999952316284,1.3737000226974487,1.3799999952316284,1864.0
2024-03-01 13:55:00,CMPS,11.319999694824219,11.319999694824219,11.319999694824219,11.319999694824219,11.319999694824219,379.0
2024-03-01 13:55:00,CMRX,1.2200000286102295,1.2200000286102295,1.2200000286102295,1.2200000286102295,1.2200000286102295,100.0
2024-03-01 13:55:00,COGT,7.204999923706055,7.204999923706055,7.204999923706055,7.199999809265137,7.199999809265137,1287.0
2024-03-01 13:55:00,COLL,36.79499816894531,36.79499816894531,36.79499816894531,36.79499816894531,36.79499816894531,247.0
2024-03-01 13:55:00,CORT,24.3700008392334,24.3700008392334,24.389999389648438,24.364999771118164,24.389999389648438,2723.0
2024-03-01 13:55:00,CPRX,17.44499969482422,17.44499969482422,17.450000762939453,17.424999237060547,17.424999237060547,2000.0
2024-03-01 13:55:00,CPSI,9.5,9.5,9.5,9.489999771118164,9.489999771118164,854.0
2024-03-01 13:55:00,CRBP,32.70500183105469,32.70500183105469,32.70500183105469,32.68130111694336,32.68130111694336,735.0
2024-03-01 13:55:00,CRBU,7.909999847412109,7.909999847412109,7.909999847412109,7.869999885559082,7.889999866485596,7102.0
2024-03-01 13:55:00,CRDF,2.4700000286102295,2.4700000286102295,2.4798998832702637,2.444999933242798,2.444999933242798,9477.0
2024-03-01 13:55:00,CRDL,1.9800000190734863,1.9800000190734863,1.9900000095367432,1.9800000190734863,1.9900000095367432,10100.0
2024-03-01 13:55:00,CRMD,3.70989990234375,3.70989990234375,3.70989990234375,3.700000047683716,3.700000047683716,310.0
2024-03-01 13:55:00,CRNX,46.595001220703125,46.595001220703125,46.630001068115234,46.560001373291016,46.60499954223633,1510.0
2024-03-01 13:55:00,CRON,2.049999952316284,2.049999952316284,2.055000066757202,2.049999952316284,2.049999952316284,1330.0
2024-03-01 13:55:00,CRSP,85.62999725341797,85.62999725341797,85.63999938964844,85.52529907226562,85.52529907226562,1273.0
2024-03-01 13:55:00,CSTL,20.010000228881836,20.010000228881836,20.010000228881836,20.010000228881836,20.010000228881836,652.0
2024-03-01 13:55:00,CTKB,8.954999923706055,8.954999923706055,8.954999923706055,8.954999923706055,8.954999923706055,590.0
2024-03-01 13:55:00,CTMX,2.5799999237060547,2.5799999237060547,2.5799999237060547,2.575000047683716,2.575000047683716,761.0
2024-03-01 13:55:00,CUE,2.1800999641418457,2.1800999641418457,2.1800999641418457,2.1800999641418457,2.1800999641418457,335.0
2024-03-01 13:55:00,CVAC,3.494999885559082,3.494999885559082,3.494999885559082,3.494999885559082,3.494999885559082,811.0
2024-03-01 13:55:00,CYTK,72.70999908447266,72.70999908447266,72.70999908447266,72.66000366210938,72.66000366210938,582.0
2024-03-01 13:55:00,CYTO,2.2799999713897705,2.2799999713897705,2.319999933242798,2.2799999713897705,2.299999952316284,1699.0
2024-03-01 13:55:00,DAWN,17.579999923706055,17.579999923706055,17.59000015258789,17.549999237060547,17.549999237060547,6760.0
2024-03-01 13:55:00,DCGO,4.170000076293945,4.170000076293945,4.179999828338623,4.170000076293945,4.179999828338623,1412.0
2024-03-01 13:55:00,DCPH,17.510000228881836,17.510000228881836,17.510000228881836,17.44499969482422,17.450000762939453,4895.0
2024-03-01 13:55:00,DH,8.8100004196167,8.8100004196167,8.850000381469727,8.800000190734863,8.850000381469727,6495.0
2024-03-01 13:55:00,DNLI,21.200000762939453,21.200000762939453,21.200000762939453,21.170000076293945,21.190000534057617,2499.0
2024-03-01 13:55:00,DTIL,12.380000114440918,12.380000114440918,12.380000114440918,12.300000190734863,12.380000114440918,4072.0
2024-03-01 13:55:00,DVAX,12.875,12.875,12.875,12.875,12.875,627.0
2024-03-01 13:55:00,DXCM,121.86000061035156,121.86000061035156,121.86000061035156,121.75,121.7750015258789,5733.0
2024-03-01 13:55:00,DYN,28.709999084472656,28.709999084472656,28.81999969482422,28.709999084472656,28.81999969482422,2048.0
2024-03-01 13:55:00,EDIT,10.899999618530273,10.899999618530273,10.899999618530273,10.880000114440918,10.895000457763672,3557.0
2024-03-01 13:55:00,EGRX,6.664999961853027,6.664999961853027,6.664999961853027,6.664999961853027,6.664999961853027,576.0
2024-03-01 13:55:00,ELEV,5.010000228881836,5.010000228881836,5.019999980926514,5.0,5.0,900.0
2024-03-01 13:55:00,EMBC,14.289999961853027,14.289999961853027,14.289999961853027,14.279999732971191,14.279999732971191,1358.0
2024-03-01 13:55:00,ENSG,121.91500091552734,121.91500091552734,121.91500091552734,121.91000366210938,121.91000366210938,585.0
2024-03-01 13:55:00,ENTA,15.378999710083008,15.378999710083008,15.378999710083008,15.37399959564209,15.37399959564209,684.0
2024-03-01 13:55:00,ENVB,1.5008000135421753,1.5008000135421753,1.5099999904632568,1.5008000135421753,1.5099999904632568,1861.0
2024-03-01 13:55:00,EOLS,14.850000381469727,14.850000381469727,14.850000381469727,14.850000381469727,14.850000381469727,496.0
2024-03-01 13:55:00,EQ,2.490000009536743,2.490000009536743,2.490000009536743,2.490000009536743,2.490000009536743,196.0
2024-03-01 13:55:00,ERAS,2.494999885559082,2.494999885559082,2.494999885559082,2.494999885559082,2.494999885559082,149.0
2024-03-01 13:55:00,ESPR,2.555000066757202,2.555000066757202,2.555000066757202,2.5350000858306885,2.5450000762939453,46979.0
2024-03-01 13:55:00,ESTA,45.0,45.0,45.0,45.0,45.0,347.0
2024-03-01 13:55:00,ETNB,12.960000038146973,12.960000038146973,12.989999771118164,12.960000038146973,12.989999771118164,2803.0
2024-03-01 13:55:00,ETON,4.46999979019165,4.46999979019165,4.46999979019165,4.46999979019165,4.46999979019165,250.0
2024-03-01 13:55:00,EVGN,0.9700000286102295,0.9700000286102295,0.9700000286102295,0.9700000286102295,0.9700000286102295,100.0
2024-03-01 13:55:00,EWTX,17.010000228881836,17.010000228881836,17.010000228881836,17.0,17.0,657.0
2024-03-01 13:55:00,EXAS,60.0,60.0,60.0,59.970001220703125,59.98500061035156,591.0
2024-03-01 13:55:00,EXEL,22.510000228881836,22.510000228881836,22.520000457763672,22.4950008392334,22.520000457763672,6085.0
2024-03-01 13:55:00,EYEN,2.390000104904175,2.390000104904175,2.4000000953674316,2.390000104904175,2.390000104904175,6977.0
2024-03-01 13:55:00,EYPT,27.889999389648438,27.889999389648438,27.889999389648438,27.889999389648438,27.889999389648438,702.0
2024-03-01 13:55:00,FATE,7.739999771118164,7.739999771118164,7.744999885559082,7.720900058746338,7.724999904632568,4806.0
2024-03-01 13:55:00,FDMT,29.325000762939453,29.325000762939453,29.325000762939453,29.325000762939453,29.325000762939453,278.0
2024-03-01 13:55:00,FEMY,1.750100016593933,1.750100016593933,1.750100016593933,1.750100016593933,1.750100016593933,111.0
2024-03-01 13:55:00,FGEN,1.8600000143051147,1.8600000143051147,1.8700000047683716,1.8600000143051147,1.8650000095367432,8049.0
2024-03-01 13:55:00,FIXX,0.9300000071525574,0.9300000071525574,0.9300000071525574,0.9300000071525574,0.9300000071525574,120.0
2024-03-01 13:55:00,FLGT,23.28499984741211,23.28499984741211,23.28499984741211,23.25,23.25,2617.0
2024-03-01 13:55:00,FOLD,13.425000190734863,13.425000190734863,13.430000305175781,13.425000190734863,13.425000190734863,2762.0
2024-03-01 13:55:00,FULC,11.100000381469727,11.100000381469727,11.100000381469727,11.069999694824219,11.079999923706055,2507.0
2024-03-01 13:55:00,FUSN,12.289999961853027,12.289999961853027,12.300000190734863,12.270000457763672,12.28499984741211,520.0
2024-03-01 13:55:00,GDRX,8.350000381469727,8.350000381469727,8.359999656677246,8.350000381469727,8.350000381469727,2963.0
2024-03-01 13:55:00,GERN,2.2811999320983887,2.2811999320983887,2.297499895095825,2.2799999713897705,2.2899999618530273,113591.0
2024-03-01 13:55:00,GH,19.09000015258789,19.09000015258789,19.09000015258789,19.079999923706055,19.079999923706055,1037.0
2024-03-01 13:55:00,GILD,72.37000274658203,72.37000274658203,72.37000274658203,72.33000183105469,72.33499908447266,7175.0
2024-03-01 13:55:00,GLMD,0.38999998569488525,0.38999998569488525,0.39149999618530273,0.38999998569488525,0.39149999618530273,2303.0
2024-03-01 13:55:00,GLYC,3.0299999713897705,3.0299999713897705,3.0299999713897705,3.0299999713897705,3.0299999713897705,136.0
2024-03-01 13:55:00,GMAB,29.385000228881836,29.385000228881836,29.399999618530273,29.385000228881836,29.389999389648438,1259.0
2024-03-01 13:55:00,GOSS,1.4199999570846558,1.4199999570846558,1.4199999570846558,1.4199999570846558,1.4199999570846558,100.0
2024-03-01 13:55:00,GRFS,7.085000038146973,7.085000038146973,7.085000038146973,7.070000171661377,7.070000171661377,8425.0
2024-03-01 13:55:00,GRTS,2.125,2.125,2.1280999183654785,2.125,2.1280999183654785,1778.0
2024-03-01 13:55:00,GRTX,0.22990000247955322,0.22990000247955322,0.22990000247955322,0.2282000035047531,0.2282000035047531,9403.0
2024-03-01 13:55:00,GTBP,4.215000152587891,4.215000152587891,4.215000152587891,4.215000152587891,4.215000152587891,182.0
2024-03-01 13:55:00,GTHX,3.79010009765625,3.79010009765625,3.79010009765625,3.779900074005127,3.7799999713897705,3444.0
2024-03-01 13:55:00,HALO,41.36000061035156,41.36000061035156,41.3849983215332,41.32500076293945,41.32500076293945,3151.0
2024-03-01 13:55:00,HCAT,8.109999656677246,8.109999656677246,8.109999656677246,8.109999656677246,8.109999656677246,900.0
2024-03-01 13:55:00,HCM,15.194499969482422,15.194499969482422,15.194499969482422,15.194499969482422,15.194499969482422,481.0
2024-03-01 13:55:00,HCSG,12.59000015258789,12.59000015258789,12.595000267028809,12.59000015258789,12.59000015258789,3013.0
2024-03-01 13:55:00,HCTI,2.3949999809265137,2.3949999809265137,2.3949999809265137,2.3949999809265137,2.3949999809265137,100.0
2024-03-01 13:55:00,HOLX,74.26000213623047,74.26000213623047,74.26000213623047,74.26000213623047,74.26000213623047,514.0
2024-03-01 13:55:00,HOWL,7.099999904632568,7.099999904632568,7.099999904632568,7.020100116729736,7.020100116729736,298.0
2024-03-01 13:55:00,HPCO,0.2549999952316284,0.2549999952316284,0.2549999952316284,0.2549999952316284,0.2549999952316284,100.0
2024-03-01 13:55:00,HRMY,31.700000762939453,31.700000762939453,31.700000762939453,31.690000534057617,31.690000534057617,488.0
2024-03-01 13:55:00,HRTX,2.575000047683716,2.575000047683716,2.5799999237060547,2.549999952316284,2.5590999126434326,101730.0
2024-03-01 13:55:00,HSCS,0.11744999885559082,0.11744999885559082,0.11744999885559082,0.11744999885559082,0.11744999885559082,2202.0
2024-03-01 13:55:00,HUMA,3.2799999713897705,3.2799999713897705,3.289900064468384,3.2799999713897705,3.289900064468384,3380.0
2024-03-01 13:55:00,IART,36.48500061035156,36.48500061035156,36.4900016784668,36.45500183105469,36.470001220703125,5085.0
2024-03-01 13:55:00,IBRX,4.860000133514404,4.860000133514404,4.860000133514404,4.860000133514404,4.860000133514404,2323.0
2024-03-01 13:55:00,ICCM,1.2999999523162842,1.2999999523162842,1.2999999523162842,1.2999999523162842,1.2999999523162842,102.0
2024-03-01 13:55:00,ICLR,322.6499938964844,322.6499938964844,322.6499938964844,322.6449890136719,322.6449890136719,299.0
2024-03-01 13:55:00,ICUI,106.03500366210938,106.03500366210938,106.03500366210938,106.03500366210938,106.03500366210938,157.0
2024-03-01 13:55:00,IDYA,46.77000045776367,46.77000045776367,46.77000045776367,46.77000045776367,46.77000045776367,211.0
2024-03-01 13:55:00,IGMS,13.300000190734863,13.300000190734863,13.300000190734863,13.300000190734863,13.300000190734863,470.0
2024-03-01 13:55:00,ILMN,142.3300018310547,142.3300018310547,142.3300018310547,142.27999877929688,142.27999877929688,2153.0
2024-03-01 13:55:00,IMMX,3.559999942779541,3.559999942779541,3.559999942779541,3.559999942779541,3.559999942779541,514.0
2024-03-01 13:55:00,IMNN,1.0299999713897705,1.0299999713897705,1.0299999713897705,1.0299999713897705,1.0299999713897705,8938.0
2024-03-01 13:55:00,IMTX,12.869999885559082,12.869999885559082,12.869999885559082,12.869999885559082,12.869999885559082,250.0
2024-03-01 13:55:00,IMUX,1.4600000381469727,1.4600000381469727,1.4700000286102295,1.4600000381469727,1.4600000381469727,423.0
2024-03-01 13:55:00,IMVT,35.900001525878906,35.900001525878906,35.90999984741211,35.84000015258789,35.86000061035156,4016.0
2024-03-01 13:55:00,INCY,59.52000045776367,59.52000045776367,59.52000045776367,59.369998931884766,59.369998931884766,7639.0
2024-03-01 13:55:00,INGN,6.75,6.75,6.75,6.75,6.75,370.0
2024-03-01 13:55:00,INMD,22.8799991607666,22.8799991607666,22.8799991607666,22.8700008392334,22.8700008392334,2273.0
2024-03-01 13:55:00,INO,9.600000381469727,9.600000381469727,9.609999656677246,9.600000381469727,9.609999656677246,443.0
2024-03-01 13:55:00,INSM,28.21500015258789,28.21500015258789,28.225000381469727,28.200000762939453,28.209999084472656,2974.0
2024-03-01 13:55:00,INVA,15.539999961853027,15.539999961853027,15.5600004196167,15.529999732971191,15.5600004196167,3272.0
2024-03-01 13:55:00,INZY,6.629899978637695,6.629899978637695,6.630000114440918,6.629899978637695,6.630000114440918,832.0
2024-03-01 13:55:00,IONM,0.33500000834465027,0.33500000834465027,0.33500000834465027,0.33500000834465027,0.33500000834465027,170.0
2024-03-01 13:55:00,IONS,45.99330139160156,45.99330139160156,46.02000045776367,45.99330139160156,46.0,2387.0
2024-03-01 13:55:00,IOVA,17.065000534057617,17.065000534057617,17.079999923706055,16.990100860595703,16.9950008392334,24879.0
2024-03-01 13:55:00,IPSC,3.9000000953674316,3.9000000953674316,3.9000000953674316,3.9000000953674316,3.9000000953674316,200.0
2024-03-01 13:55:00,IRMD,41.529998779296875,41.529998779296875,41.529998779296875,41.529998779296875,41.529998779296875,102.0
2024-03-01 13:55:00,IRWD,9.029999732971191,9.029999732971191,9.050000190734863,9.015000343322754,9.017000198364258,37191.0
2024-03-01 13:55:00,ISRG,396.0799865722656,396.0799865722656,396.4100036621094,395.6400146484375,395.79998779296875,7787.0
2024-03-01 13:55:00,ITCI,71.82499694824219,71.82499694824219,71.82499694824219,71.82499694824219,71.82499694824219,214.0
2024-03-01 13:55:00,JAGX,0.07720000296831131,0.07720000296831131,0.07769999653100967,0.07599999755620956,0.07759299874305725,149932.0
2024-03-01 13:55:00,JANX,46.185001373291016,46.185001373291016,46.334999084472656,46.185001373291016,46.334999084472656,566.0
2024-03-01 13:55:00,JAZZ,119.41999816894531,119.41999816894531,119.43000030517578,119.29000091552734,119.33999633789062,1869.0
2024-03-01 13:55:00,KALV,14.204999923706055,14.204999923706055,14.204999923706055,14.199999809265137,14.199999809265137,457.0
2024-03-01 13:55:00,KNSA,21.829999923706055,21.829999923706055,21.829999923706055,21.809999465942383,21.809999465942383,1986.0
2024-03-01 13:55:00,KNTE,2.5999999046325684,2.5999999046325684,2.5999999046325684,2.5999999046325684,2.5999999046325684,1244.0
2024-03-01 13:55:00,KOD,6.054999828338623,6.054999828338623,6.054999828338623,6.054999828338623,6.054999828338623,103.0
2024-03-01 13:55:00,KRYS,169.14999389648438,169.14999389648438,169.14999389648438,169.14999389648438,169.14999389648438,190.0
2024-03-01 13:55:00,KTRA,0.0997999981045723,0.0997999981045723,0.0997999981045723,0.09960000216960907,0.0997999981045723,1721.0
2024-03-01 13:55:00,KURA,21.780000686645508,21.780000686645508,21.780000686645508,21.75,21.75,488.0
2024-03-01 13:55:00,KYMR,44.0,44.0,44.029998779296875,43.85499954223633,43.90999984741211,5395.0
2024-03-01 13:55:00,KZR,1.0850000381469727,1.0850000381469727,1.090000033378601,1.0850000381469727,1.090000033378601,400.0
2024-03-01 13:55:00,LAB,2.4549999237060547,2.4549999237060547,2.4600000381469727,2.4549999237060547,2.4600000381469727,636.0
2024-03-01 13:55:00,LEGN,65.77999877929688,65.77999877929688,65.81999969482422,65.75,65.81999969482422,1851.0
2024-03-01 13:55:00,LFLY,2.9000000953674316,2.9000000953674316,2.9400999546051025,2.9000000953674316,2.940000057220459,740.0
2024-03-01 13:55:00,LFMD,8.0,8.0,8.0,8.0,8.0,106.0
2024-03-01 13:55:00,LFST,7.744999885559082,7.744999885559082,7.75,7.744999885559082,7.75,586.0
2024-03-01 13:55:00,LIVN,55.81999969482422,55.81999969482422,55.81999969482422,55.810001373291016,55.810001373291016,1350.0
2024-03-01 13:55:00,LNTH,65.23999786376953,65.23999786376953,65.23999786376953,65.16999816894531,65.2334976196289,1432.0
2024-03-01 13:55:00,LPTX,2.9000000953674316,2.9000000953674316,2.9000000953674316,2.9000000953674316,2.9000000953674316,115.0
2024-03-01 13:55:00,LQDA,14.699999809265137,14.699999809265137,14.699999809265137,14.6899995803833,14.699999809265137,2364.0
2024-03-01 13:55:00,LRMR,11.390000343322754,11.390000343322754,11.390000343322754,11.390000343322754,11.390000343322754,666.0
2024-03-01 13:55:00,LUCY,0.3871000111103058,0.3871000111103058,0.3871000111103058,0.3871000111103058,0.3871000111103058,1062.0
2024-03-01 13:55:00,LUNG,9.46500015258789,9.46500015258789,9.46500015258789,9.460000038146973,9.460000038146973,471.0
2024-03-01 13:55:00,LVTX,2.819999933242798,2.819999933242798,2.8499999046325684,2.819999933242798,2.8499999046325684,603.0
2024-03-01 13:55:00,LXRX,2.515000104904175,2.515000104904175,2.5199999809265137,2.515000104904175,2.5199999809265137,7121.0
2024-03-01 13:55:00,LYRA,5.659999847412109,5.659999847412109,5.670000076293945,5.650000095367432,5.670000076293945,1113.0
2024-03-01 13:55:00,MASI,128.24000549316406,128.24000549316406,128.24000549316406,128.23500061035156,128.23500061035156,819.0
2024-03-01 13:55:00,MBOT,1.3200000524520874,1.3200000524520874,1.3200000524520874,1.3200000524520874,1.3200000524520874,626.0
2024-03-01 13:55:00,MCRB,1.190000057220459,1.190000057220459,1.190000057220459,1.190000057220459,1.190000057220459,155.0
2024-03-01 13:55:00,MDRX,5.940000057220459,5.940000057220459,5.940000057220459,5.940000057220459,5.940000057220459,1657.0
2024-03-01 13:55:00,MDXG,8.640000343322754,8.640000343322754,8.645000457763672,8.640000343322754,8.645000457763672,4415.0
2024-03-01 13:55:00,ME,0.572950005531311,0.572950005531311,0.572950005531311,0.572950005531311,0.572950005531311,200.0
2024-03-01 13:55:00,MEDP,401.625,401.625,401.625,401.625,401.625,252.0
2024-03-01 13:55:00,MGNX,19.1299991607666,19.1299991607666,19.139999389648438,19.100000381469727,19.1200008392334,4171.0
2024-03-01 13:55:00,MGTX,6.429999828338623,6.429999828338623,6.449999809265137,6.429999828338623,6.449999809265137,331.0
2024-03-01 13:55:00,MIRM,29.670000076293945,29.670000076293945,29.670000076293945,29.670000076293945,29.670000076293945,163.0
2024-03-01 13:55:00,MLTX,51.119998931884766,51.119998931884766,51.119998931884766,50.95000076293945,50.9900016784668,6034.0
2024-03-01 13:55:00,MNKD,4.574999809265137,4.574999809265137,4.579999923706055,4.574999809265137,4.574999809265137,801.0
2024-03-01 13:55:00,MNMD,6.239999771118164,6.239999771118164,6.239999771118164,6.21999979019165,6.21999979019165,1915.0
2024-03-01 13:55:00,MNPR,0.8411099910736084,0.8411099910736084,0.8411999940872192,0.8411099910736084,0.8411999940872192,328.0
2024-03-01 13:55:00,MODV,28.21299934387207,28.21299934387207,28.21299934387207,28.21299934387207,28.21299934387207,1085.0
2024-03-01 13:55:00,MORF,39.38999938964844,39.38999938964844,39.38999938964844,39.38999938964844,39.38999938964844,122.0
2024-03-01 13:55:00,MREO,3.989799976348877,3.989799976348877,3.990000009536743,3.989799976348877,3.990000009536743,679.0
2024-03-01 13:55:00,MRNA,95.30999755859375,95.30999755859375,95.30999755859375,95.17500305175781,95.19999694824219,4265.0
2024-03-01 13:55:00,MRNS,10.300000190734863,10.300000190734863,10.300000190734863,10.300000190734863,10.300000190734863,186.0
2024-03-01 13:55:00,MRSN,5.93720006942749,5.93720006942749,5.93720006942749,5.929999828338623,5.929999828338623,1313.0
2024-03-01 13:55:00,MRUS,51.16999816894531,51.16999816894531,51.16999816894531,51.130001068115234,51.130001068115234,803.0
2024-03-01 13:55:00,MRVI,7.724999904632568,7.724999904632568,7.724999904632568,7.690000057220459,7.699999809265137,6718.0
2024-03-01 13:55:00,MXCT,4.764999866485596,4.764999866485596,4.764999866485596,4.760000228881836,4.760000228881836,996.0
2024-03-01 13:55:00,MYGN,22.014999389648438,22.014999389648438,22.014999389648438,22.014999389648438,22.014999389648438,456.0
2024-03-01 13:55:00,NARI,45.91999816894531,45.91999816894531,45.91999816894531,45.68000030517578,45.68000030517578,4098.0
2024-03-01 13:55:00,NBIX,132.0,132.0,132.06500244140625,132.0,132.06500244140625,709.0
2024-03-01 13:55:00,NEOG,17.395000457763672,17.395000457763672,17.395000457763672,17.389999389648438,17.389999389648438,1097.0
2024-03-01 13:55:00,NKTR,0.7775989770889282,0.7775989770889282,0.7775989770889282,0.7775989770889282,0.7775989770889282,2500.0
2024-03-01 13:55:00,NKTX,12.859999656677246,12.859999656677246,12.859999656677246,12.859999656677246,12.859999656677246,514.0
2024-03-01 13:55:00,NNOX,11.045000076293945,11.045000076293945,11.048199653625488,11.029000282287598,11.029000282287598,2361.0
2024-03-01 13:55:00,NOTV,8.130000114440918,8.130000114440918,8.132100105285645,8.130000114440918,8.130000114440918,1440.0
2024-03-01 13:55:00,NPCE,16.459999084472656,16.459999084472656,16.533000946044922,16.459999084472656,16.533000946044922,848.0
2024-03-01 13:55:00,NRIX,13.779999732971191,13.779999732971191,13.779999732971191,13.755000114440918,13.755000114440918,2142.0
2024-03-01 13:55:00,NRSN,1.9925999641418457,1.9925999641418457,1.9925999641418457,1.9775999784469604,1.9775999784469604,612.0
2024-03-01 13:55:00,NTLA,33.439998626708984,33.439998626708984,33.45000076293945,33.40999984741211,33.41999816894531,2086.0
2024-03-01 13:55:00,NTRA,89.11000061035156,89.11000061035156,89.1449966430664,89.08000183105469,89.08999633789062,2994.0
2024-03-01 13:55:00,NUVL,87.6500015258789,87.6500015258789,87.6500015258789,87.6500015258789,87.6500015258789,488.0
2024-03-01 13:55:00,NVAX,5.210000038146973,5.210000038146973,5.21999979019165,5.195000171661377,5.201600074768066,43097.0
2024-03-01 13:55:00,NVCR,16.010000228881836,16.010000228881836,16.010000228881836,16.010000228881836,16.010000228881836,1062.0
2024-03-01 13:55:00,NVOS,0.6349999904632568,0.6349999904632568,0.6349999904632568,0.6349999904632568,0.6349999904632568,500.0
2024-03-01 13:55:00,NXTC,1.75,1.75,1.75,1.75,1.75,300.0
2024-03-01 13:55:00,OCGN,0.9620000123977661,0.9620000123977661,0.9650999903678894,0.9620000123977661,0.9649999737739563,5251.0
2024-03-01 13:55:00,OCUL,10.8149995803833,10.8149995803833,10.832599639892578,10.814000129699707,10.819999694824219,3868.0
2024-03-01 13:55:00,OGI,2.200000047683716,2.200000047683716,2.200000047683716,2.194999933242798,2.194999933242798,205.0
2024-03-01 13:55:00,OLK,22.979999542236328,22.979999542236328,22.989999771118164,22.969999313354492,22.989999771118164,2242.0
2024-03-01 13:55:00,OM,3.1424999237060547,3.1424999237060547,3.1424999237060547,3.1424999237060547,3.1424999237060547,100.0
2024-03-01 13:55:00,OMCL,26.30500030517578,26.30500030517578,26.329999923706055,26.299999237060547,26.329999923706055,757.0
2024-03-01 13:55:00,OMGA,4.349999904632568,4.349999904632568,4.349999904632568,4.349999904632568,4.349999904632568,407.0
2024-03-01 13:56:00,AADI,1.9950000047683716,1.9950000047683716,1.9950000047683716,1.9950000047683716,1.9950000047683716,302.0
2024-03-01 13:56:00,ABCL,5.184999942779541,5.184999942779541,5.184999942779541,5.179999828338623,5.179999828338623,1670.0
2024-03-01 13:56:00,ABOS,4.619999885559082,4.619999885559082,4.620100021362305,4.619999885559082,4.620100021362305,1029.0
2024-03-01 13:56:00,ABSI,5.494999885559082,5.494999885559082,5.5,5.489999771118164,5.489999771118164,10243.0
2024-03-01 13:56:00,ABUS,2.759999990463257,2.759999990463257,2.759999990463257,2.759999990463257,2.759999990463257,954.0
2024-03-01 13:56:00,ACAD,24.299999237060547,24.299999237060547,24.299999237060547,24.299999237060547,24.299999237060547,609.0
2024-03-01 13:56:00,ACB,3.2200000286102295,3.2200000286102295,3.2200000286102295,3.2200000286102295,3.2200000286102295,3103.0
2024-03-01 13:56:00,ACCD,10.069999694824219,10.069999694824219,10.069999694824219,10.069999694824219,10.069999694824219,637.0
2024-03-01 13:56:00,ACET,2.3949999809265137,2.3949999809265137,2.4000000953674316,2.390000104904175,2.3949999809265137,1310.0
2024-03-01 13:56:00,ACHL,1.340000033378601,1.340000033378601,1.340000033378601,1.3250000476837158,1.3250000476837158,26050.0
2024-03-01 13:56:00,ACHV,4.349999904632568,4.349999904632568,4.3582000732421875,4.349999904632568,4.3582000732421875,300.0
2024-03-01 13:56:00,ACLX,67.93499755859375,67.93499755859375,67.93499755859375,67.93499755859375,67.93499755859375,216.0
2024-03-01 13:56:00,ACONW,0.05000000074505806,0.05000000074505806,0.05000000074505806,0.05000000074505806,0.05000000074505806,1000.0
2024-03-01 13:56:00,ACRS,1.2350000143051147,1.2350000143051147,1.2400000095367432,1.2350000143051147,1.2350000143051147,7712.0
2024-03-01 13:56:00,ADIL,3.3399999141693115,3.3399999141693115,3.369999885559082,3.3299999237060547,3.3499999046325684,31536.0
2024-03-01 13:56:00,ADMA,5.554999828338623,5.554999828338623,5.554999828338623,5.550000190734863,5.550000190734863,2589.0
2024-03-01 13:56:00,ADPT,4.119999885559082,4.119999885559082,4.119999885559082,4.114999771118164,4.114999771118164,436.0
2024-03-01 13:56:00,ADVM,1.9700000286102295,1.9700000286102295,1.9700000286102295,1.965000033378601,1.9700000286102295,1900.0
2024-03-01 13:56:00,AFMD,0.6499999761581421,0.6499999761581421,0.6499999761581421,0.6499999761581421,0.6499999761581421,700.0
2024-03-01 13:56:00,AGEN,0.6745749711990356,0.6745749711990356,0.6746000051498413,0.6744999885559082,0.6745749711990356,3358.0
2024-03-01 13:56:00,AGIO,32.814998626708984,32.814998626708984,32.84000015258789,32.810001373291016,32.84000015258789,1174.0
2024-03-01 13:56:00,AHCO,10.5649995803833,10.5649995803833,10.574999809265137,10.5649995803833,10.569999694824219,2649.0
2024-03-01 13:56:00,AIRS,6.449999809265137,6.449999809265137,6.460000038146973,6.449999809265137,6.460000038146973,598.0
2024-03-01 13:56:00,AKAN,0.2101999968290329,0.2101999968290329,0.2101999968290329,0.20800000429153442,0.20800000429153442,6929.0
2024-03-01 13:56:00,AKBA,1.6749999523162842,1.6749999523162842,1.6799999475479126,1.6749999523162842,1.6799999475479126,1502.0
2024-03-01 13:56:00,AKLI,0.35179999470710754,0.35179999470710754,0.35179999470710754,0.35179999470710754,0.35179999470710754,2484.0
2024-03-01 13:56:00,AKRO,30.040000915527344,30.040000915527344,30.040000915527344,30.040000915527344,30.040000915527344,457.0
2024-03-01 13:56:00,AKYA,6.019999980926514,6.019999980926514,6.019999980926514,6.019999980926514,6.019999980926514,202.0
2024-03-01 13:56:00,ALDX,4.291500091552734,4.291500091552734,4.291500091552734,4.289999961853027,4.289999961853027,1097.0
2024-03-01 13:56:00,ALEC,7.360000133514404,7.360000133514404,7.360000133514404,7.360000133514404,7.360000133514404,666.0
2024-03-01 13:56:00,ALHC,5.675000190734863,5.675000190734863,5.675000190734863,5.675000190734863,5.675000190734863,301.0
2024-03-01 13:56:00,ALKS,30.235000610351562,30.235000610351562,30.2450008392334,30.21500015258789,30.21500015258789,3253.0
2024-03-01 13:56:00,ALLK,1.6799999475479126,1.6799999475479126,1.6799999475479126,1.6749999523162842,1.6799999475479126,400.0
2024-03-01 13:56:00,ALLO,5.054999828338623,5.054999828338623,5.054999828338623,5.054999828338623,5.054999828338623,245.0
2024-03-01 13:56:00,ALLR,0.4099999964237213,0.4099999964237213,0.4099999964237213,0.4099999964237213,0.4099999964237213,105.0
2024-03-01 13:56:00,ALNY,153.27999877929688,153.27999877929688,153.27999877929688,153.27999877929688,153.27999877929688,421.0
2024-03-01 13:56:00,ALPN,35.939998626708984,35.939998626708984,35.939998626708984,35.81999969482422,35.81999969482422,3301.0
2024-03-01 13:56:00,ALT,12.109999656677246,12.109999656677246,12.130000114440918,12.109999656677246,12.119999885559082,7918.0
2024-03-01 13:56:00,ALVR,0.7537999749183655,0.7537999749183655,0.7552000284194946,0.7537999749183655,0.7552000284194946,456.0
2024-03-01 13:56:00,ALXO,15.029999732971191,15.029999732971191,15.029999732971191,15.029999732971191,15.029999732971191,415.0
2024-03-01 13:56:00,AMGN,280.610107421875,280.610107421875,280.6300048828125,280.5050048828125,280.5899963378906,3040.0
2024-03-01 13:56:00,AMLX,18.610000610351562,18.610000610351562,18.6200008392334,18.610000610351562,18.6200008392334,207.0
2024-03-01 13:56:00,AMPH,45.56800079345703,45.56800079345703,45.56800079345703,45.560001373291016,45.560001373291016,1699.0
2024-03-01 13:56:00,AMRN,1.0499999523162842,1.0499999523162842,1.0599000453948975,1.0499999523162842,1.0499999523162842,11261.0
2024-03-01 13:56:00,ANNX,6.159999847412109,6.159999847412109,6.170000076293945,6.159999847412109,6.170000076293945,533.0
2024-03-01 13:56:00,APLS,65.0250015258789,65.0250015258789,65.0250015258789,64.9000015258789,64.93000030517578,9744.0
2024-03-01 13:56:00,APLT,7.144999980926514,7.144999980926514,7.150000095367432,7.139999866485596,7.139999866485596,946.0
2024-03-01 13:56:00,AQST,4.275000095367432,4.275000095367432,4.275000095367432,4.275000095367432,4.275000095367432,221.0
2024-03-01 13:56:00,ARDX,9.479999542236328,9.479999542236328,9.484999656677246,9.479999542236328,9.479999542236328,5294.0
2024-03-01 13:56:00,ARGX,391.80999755859375,391.80999755859375,391.82000732421875,391.80999755859375,391.80999755859375,2998.0
2024-03-01 13:56:00,ARQT,11.75,11.75,11.760000228881836,11.729999542236328,11.752400398254395,7140.0
2024-03-01 13:56:00,ARWR,35.720001220703125,35.720001220703125,35.7599983215332,35.630001068115234,35.630001068115234,12225.0
2024-03-01 13:56:00,ASMB,13.350000381469727,13.350000381469727,13.350000381469727,13.350000381469727,13.350000381469727,315.0
2024-03-01 13:56:00,ASRT,0.9035000205039978,0.9035000205039978,0.9035000205039978,0.9035000205039978,0.9035000205039978,351.0
2024-03-01 13:56:00,ATAI,2.134999990463257,2.134999990463257,2.134999990463257,2.134999990463257,2.134999990463257,702.0
2024-03-01 13:56:00,ATEC,13.4399995803833,13.4399995803833,13.4399995803833,13.40999984741211,13.40999984741211,4280.0
2024-03-01 13:56:00,ATHA,3.9700000286102295,3.9700000286102295,3.9700000286102295,3.9700000286102295,3.9700000286102295,155.0
2024-03-01 13:56:00,ATOS,1.0099999904632568,1.0099999904632568,1.0099999904632568,1.0099999904632568,1.0099999904632568,143.0
2024-03-01 13:56:00,ATRA,0.7861999869346619,0.7861999869346619,0.7861999869346619,0.7861999869346619,0.7861999869346619,171.0
2024-03-01 13:56:00,AUGX,4.519999980926514,4.519999980926514,4.53000020980835,4.519999980926514,4.519999980926514,673.0
2024-03-01 13:56:00,AUPH,5.835000038146973,5.835000038146973,5.840000152587891,5.835000038146973,5.835000038146973,1350.0
2024-03-01 13:56:00,AVDL,13.1899995803833,13.1899995803833,13.1899995803833,13.182499885559082,13.182499885559082,1178.0
2024-03-01 13:56:00,AVIR,4.46999979019165,4.46999979019165,4.46999979019165,4.46999979019165,4.46999979019165,1161.0
2024-03-01 13:56:00,AVRO,1.350000023841858,1.350000023841858,1.3550000190734863,1.350000023841858,1.3550000190734863,5533.0
2024-03-01 13:56:00,AVTX,4.550000190734863,4.550000190734863,4.550000190734863,4.550000190734863,4.550000190734863,101.0
2024-03-01 13:56:00,AVXL,5.320300102233887,5.320300102233887,5.329999923706055,5.320300102233887,5.329999923706055,3160.0
2024-03-01 13:56:00,AXNX,67.87999725341797,67.87999725341797,67.87999725341797,67.87999725341797,67.87999725341797,2821.0
2024-03-01 13:56:00,AXSM,82.25,82.25,82.25,82.25,82.25,598.0
2024-03-01 13:56:00,AZN,64.68000030517578,64.68000030517578,64.69000244140625,64.66999816894531,64.69000244140625,2463.0
2024-03-01 13:56:00,AZTA,67.0,67.0,67.0,66.96499633789062,66.96499633789062,853.0
2024-03-01 13:56:00,BBIO,36.0099983215332,36.0099983215332,36.0099983215332,35.939998626708984,35.939998626708984,815.0
2024-03-01 13:56:00,BCDA,0.5651999711990356,0.5651999711990356,0.5651999711990356,0.5651000142097473,0.5651000142097473,787.0
2024-03-01 13:56:00,BCEL,0.27000001072883606,0.27000001072883606,0.27000001072883606,0.27000001072883606,0.27000001072883606,380.0
2024-03-01 13:56:00,BCRX,5.690000057220459,5.690000057220459,5.695000171661377,5.684999942779541,5.690000057220459,6848.0
2024-03-01 13:56:00,BCYC,26.239999771118164,26.239999771118164,26.239999771118164,26.239999771118164,26.239999771118164,166.0
2024-03-01 13:56:00,BDTX,4.933800220489502,4.933800220489502,4.940000057220459,4.933800220489502,4.939899921417236,1310.0
2024-03-01 13:56:00,BEAM,40.189998626708984,40.189998626708984,40.25809860229492,40.15999984741211,40.220001220703125,10381.0
2024-03-01 13:56:00,BIOL,0.14399999380111694,0.14399999380111694,0.14399999380111694,0.14399999380111694,0.14399999380111694,1946.0
2024-03-01 13:56:00,BIOR,1.0987000465393066,1.0987000465393066,1.0987000465393066,1.0987000465393066,1.0987000465393066,1200.0
2024-03-01 13:56:00,BIVI,2.0406999588012695,2.0406999588012695,2.119999885559082,2.0399999618530273,2.109999895095825,147503.0
2024-03-01 13:56:00,BLFS,18.15999984741211,18.15999984741211,18.190000534057617,18.15999984741211,18.190000534057617,286.0
2024-03-01 13:56:00,BLUE,1.590000033378601,1.590000033378601,1.600000023841858,1.590000033378601,1.5982999801635742,16519.0
2024-03-01 13:56:00,BMEA,18.200000762939453,18.200000762939453,18.200000762939453,18.174299240112305,18.174299240112305,2038.0
2024-03-01 13:56:00,BMRN,88.12000274658203,88.12000274658203,88.12000274658203,88.07499694824219,88.08000183105469,3651.0
2024-03-01 13:56:00,BNGO,1.2674000263214111,1.2674000263214111,1.2674000263214111,1.2674000263214111,1.2674000263214111,1200.0
2024-03-01 13:56:00,BNTX,91.16999816894531,91.16999816894531,91.16999816894531,91.08000183105469,91.08000183105469,2023.0
2024-03-01 13:56:00,BPMC,96.77100372314453,96.77100372314453,96.77100372314453,96.77100372314453,96.77100372314453,261.0
2024-03-01 13:56:00,BTAI,3.180000066757202,3.180000066757202,3.180000066757202,3.180000066757202,3.180000066757202,3408.0
2024-03-01 13:56:00,BTTX,0.18539999425411224,0.18539999425411224,0.18539999425411224,0.18539999425411224,0.18539999425411224,150.0
2024-03-01 13:56:00,BWAY,6.514999866485596,6.514999866485596,6.514999866485596,6.514999866485596,6.514999866485596,201.0
2024-03-01 13:56:00,CABA,24.200000762939453,24.200000762939453,24.219999313354492,24.190000534057617,24.219999313354492,1923.0
2024-03-01 13:56:00,CAPR,4.460000038146973,4.460000038146973,4.46999979019165,4.460000038146973,4.46999979019165,586.0
2024-03-01 13:56:00,CARA,0.9200000166893005,0.9200000166893005,0.9273999929428101,0.9182000160217285,0.9268100261688232,15818.0
2024-03-01 13:56:00,CBAY,32.2400016784668,32.2400016784668,32.2400016784668,32.22999954223633,32.2400016784668,3067.0
2024-03-01 13:56:00,CCCC,11.0,11.0,11.0,10.989999771118164,10.989999771118164,1996.0
2024-03-01 13:56:00,CCRN,18.209999084472656,18.209999084472656,18.209999084472656,18.19499969482422,18.19499969482422,1841.0
2024-03-01 13:56:00,CDNA,12.430000305175781,12.430000305175781,12.430000305175781,12.390000343322754,12.390000343322754,2999.0
2024-03-01 13:56:00,CDXS,4.525000095367432,4.525000095367432,4.525000095367432,4.511199951171875,4.511199951171875,2093.0
2024-03-01 13:56:00,CELC,16.389999389648438,16.389999389648438,16.479999542236328,16.389999389648438,16.479999542236328,1172.0
2024-03-01 13:56:00,CELZ,4.202099800109863,4.202099800109863,4.202099800109863,4.202099800109863,4.202099800109863,1157.0
2024-03-01 13:56:00,CERE,41.099998474121094,41.099998474121094,41.10499954223633,41.099998474121094,41.10499954223633,595.0
2024-03-01 13:56:00,CERT,17.885000228881836,17.885000228881836,17.899999618530273,17.885000228881836,17.899999618530273,1934.0
2024-03-01 13:56:00,CGC,3.243299961090088,3.243299961090088,3.243299961090088,3.240000009536743,3.240000009536743,3531.0
2024-03-01 13:56:00,CGEM,18.579999923706055,18.579999923706055,18.596599578857422,18.579999923706055,18.596599578857422,335.0
2024-03-01 13:56:00,CHRS,2.4149999618530273,2.4149999618530273,2.4149999618530273,2.4100000858306885,2.4149999618530273,3159.0
2024-03-01 13:56:00,CING,1.339900016784668,1.339900016784668,1.339900016784668,1.339900016784668,1.339900016784668,992.0
2024-03-01 13:56:00,CKPT,2.190000057220459,2.190000057220459,2.200000047683716,2.190000057220459,2.190000057220459,695.0
2024-03-01 13:56:00,CLDX,51.95500183105469,51.95500183105469,51.95500183105469,51.900001525878906,51.90999984741211,874.0
2024-03-01 13:56:00,CLNN,0.39489999413490295,0.39489999413490295,0.39500001072883606,0.39489999413490295,0.39500001072883606,3099.0
2024-03-01 13:56:00,CLOV,0.8716999888420105,0.8716999888420105,0.8716999888420105,0.8716999888420105,0.8716999888420105,795.0
2024-03-01 13:56:00,CLPT,6.684999942779541,6.684999942779541,6.684999942779541,6.684999942779541,6.684999942779541,500.0
2024-03-01 13:56:00,CLRB,4.099999904632568,4.099999904632568,4.099999904632568,4.099999904632568,4.099999904632568,865.0
2024-03-01 13:56:00,CMPS,11.359999656677246,11.359999656677246,11.359999656677246,11.324999809265137,11.329999923706055,629.0
2024-03-01 13:56:00,CMRX,1.2100000381469727,1.2100000381469727,1.2100000381469727,1.2100000381469727,1.2100000381469727,1100.0
2024-03-01 13:56:00,COGT,7.195000171661377,7.195000171661377,7.215000152587891,7.195000171661377,7.210000038146973,4717.0
2024-03-01 13:56:00,COLL,36.7599983215332,36.7599983215332,36.8297004699707,36.7599983215332,36.8297004699707,257.0
2024-03-01 13:56:00,CORT,24.389999389648438,24.389999389648438,24.389999389648438,24.3700008392334,24.3700008392334,1286.0
2024-03-01 13:56:00,CPRX,17.450000762939453,17.450000762939453,17.450000762939453,17.450000762939453,17.450000762939453,818.0
2024-03-01 13:56:00,CPSI,9.489999771118164,9.489999771118164,9.5,9.489999771118164,9.5,532.0
2024-03-01 13:56:00,CRBP,32.70500183105469,32.70500183105469,32.70500183105469,32.70500183105469,32.70500183105469,100.0
2024-03-01 13:56:00,CRBU,7.90500020980835,7.90500020980835,7.90500020980835,7.90500020980835,7.90500020980835,678.0
2024-03-01 13:56:00,CRDF,2.440000057220459,2.440000057220459,2.4700000286102295,2.440000057220459,2.4700000286102295,6046.0
2024-03-01 13:56:00,CRMD,3.700000047683716,3.700000047683716,3.7049999237060547,3.700000047683716,3.7049999237060547,201.0
2024-03-01 13:56:00,CRNX,46.599998474121094,46.599998474121094,46.63999938964844,46.560001373291016,46.560001373291016,469.0
2024-03-01 13:56:00,CRON,2.059999942779541,2.059999942779541,2.059999942779541,2.059999942779541,2.059999942779541,474.0
2024-03-01 13:56:00,CRVS,2.24180006980896,2.24180006980896,2.24180006980896,2.2300000190734863,2.2300000190734863,1620.0
2024-03-01 13:56:00,CTMX,2.575000047683716,2.575000047683716,2.5799999237060547,2.575000047683716,2.575000047683716,3629.0
2024-03-01 13:56:00,CUTR,2.366300106048584,2.366300106048584,2.369999885559082,2.366300106048584,2.369999885559082,2329.0
2024-03-01 13:56:00,CVRX,20.760000228881836,20.760000228881836,20.760000228881836,20.741600036621094,20.741600036621094,1003.0
2024-03-01 13:56:00,CYCC,2.800100088119507,2.800100088119507,2.800100088119507,2.800100088119507,2.800100088119507,499.0
2024-03-01 13:56:00,CYTK,72.6500015258789,72.6500015258789,72.7300033569336,72.6500015258789,72.7300033569336,1870.0
2024-03-01 13:56:00,CYTO,2.359999895095825,2.359999895095825,2.359999895095825,2.359999895095825,2.359999895095825,101.0
2024-03-01 13:56:00,DAWN,17.56999969482422,17.56999969482422,17.56999969482422,17.56999969482422,17.56999969482422,414.0
2024-03-01 13:56:00,DCGO,4.179999828338623,4.179999828338623,4.179999828338623,4.175000190734863,4.175000190734863,3303.0
2024-03-01 13:56:00,DCPH,17.510000228881836,17.510000228881836,17.510000228881836,17.510000228881836,17.510000228881836,220.0
2024-03-01 13:56:00,DH,8.800000190734863,8.800000190734863,8.800000190734863,8.800000190734863,8.800000190734863,228.0
2024-03-01 13:56:00,DMTK,0.8496000170707703,0.8496000170707703,0.8496000170707703,0.8496000170707703,0.8496000170707703,361.0
2024-03-01 13:56:00,DSGN,2.9049999713897705,2.9049999713897705,2.9049999713897705,2.9049999713897705,2.9049999713897705,111.0
2024-03-01 13:56:00,DTIL,12.390000343322754,12.390000343322754,12.390000343322754,12.390000343322754,12.390000343322754,100.0
2024-03-01 13:56:00,DVAX,12.880000114440918,12.880000114440918,12.880000114440918,12.875,12.875,478.0
2024-03-01 13:56:00,DXCM,121.91999816894531,121.91999816894531,121.95999908447266,121.86000061035156,121.86000061035156,6466.0
2024-03-01 13:56:00,DYAI,1.3600000143051147,1.3600000143051147,1.3600000143051147,1.3598999977111816,1.3598999977111816,8135.0
2024-03-01 13:56:00,DYN,28.7450008392334,28.7450008392334,28.799999237060547,28.729999542236328,28.7549991607666,5442.0
2024-03-01 13:56:00,EDIT,10.914999961853027,10.914999961853027,10.914999961853027,10.909700393676758,10.909799575805664,1951.0
2024-03-01 13:56:00,EFTR,15.319999694824219,15.319999694824219,15.460000038146973,15.319999694824219,15.350000381469727,5037.0
2024-03-01 13:56:00,EIGR,7.420000076293945,7.420000076293945,7.420000076293945,7.190000057220459,7.190000057220459,965.0
2024-03-01 13:56:00,ELEV,5.0,5.0,5.010000228881836,5.0,5.0,900.0
2024-03-01 13:56:00,ENSG,121.94999694824219,121.94999694824219,121.94999694824219,121.94999694824219,121.94999694824219,167.0
2024-03-01 13:56:00,ENVB,1.500100016593933,1.500100016593933,1.5099999904632568,1.500100016593933,1.5020999908447266,4809.0
2024-03-01 13:56:00,ERAS,2.5,2.5,2.5,2.494999885559082,2.5,1340.0
2024-03-01 13:56:00,ESPR,2.550299882888794,2.550299882888794,2.550299882888794,2.549999952316284,2.549999952316284,716.0
2024-03-01 13:56:00,ETNB,12.960000038146973,12.960000038146973,12.970000267028809,12.960000038146973,12.970000267028809,1107.0
2024-03-01 13:56:00,EXAS,60.02000045776367,60.02000045776367,60.02000045776367,60.0,60.0,1072.0
2024-03-01 13:56:00,EXEL,22.5,22.5,22.510000228881836,22.5,22.510000228881836,2123.0
2024-03-01 13:56:00,EYEN,2.390899896621704,2.390899896621704,2.390899896621704,2.390899896621704,2.390899896621704,1270.0
2024-03-01 13:56:00,EYPT,27.959999084472656,27.959999084472656,27.979999542236328,27.93000030517578,27.93000030517578,1824.0
2024-03-01 13:56:00,FATE,7.735000133514404,7.735000133514404,7.735000133514404,7.735000133514404,7.735000133514404,2162.0
2024-03-01 13:56:00,FDMT,29.325000762939453,29.325000762939453,29.325000762939453,29.325000762939453,29.325000762939453,673.0
2024-03-01 13:56:00,FEMY,1.7549999952316284,1.7549999952316284,1.7549999952316284,1.7549999952316284,1.7549999952316284,400.0
2024-03-01 13:56:00,FENC,9.920000076293945,9.920000076293945,9.920000076293945,9.920000076293945,9.920000076293945,501.0
2024-03-01 13:56:00,FGEN,1.8700000047683716,1.8700000047683716,1.8700000047683716,1.8650000095367432,1.8650000095367432,1115.0
2024-03-01 13:56:00,FLGT,23.260000228881836,23.260000228881836,23.299999237060547,23.260000228881836,23.28499984741211,1354.0
2024-03-01 13:56:00,FOLD,13.422499656677246,13.422499656677246,13.430000305175781,13.422499656677246,13.425000190734863,752.0
2024-03-01 13:56:00,FUSN,12.289999961853027,12.289999961853027,12.289999961853027,12.289999961853027,12.289999961853027,300.0
2024-03-01 13:56:00,GBIO,2.619999885559082,2.619999885559082,2.619999885559082,2.619999885559082,2.619999885559082,697.0
2024-03-01 13:56:00,GDRX,8.359999656677246,8.359999656677246,8.359999656677246,8.350000381469727,8.350000381469727,2615.0
2024-03-01 13:56:00,GERN,2.2899999618530273,2.2899999618530273,2.2899999618530273,2.2799999713897705,2.2850000858306885,13947.0
2024-03-01 13:56:00,GHSI,8.289999961853027,8.289999961853027,8.289999961853027,8.289999961853027,8.289999961853027,2240.0
2024-03-01 13:56:00,GILD,72.375,72.375,72.37999725341797,72.36499786376953,72.36499786376953,9844.0
2024-03-01 13:56:00,GMAB,29.415000915527344,29.415000915527344,29.420000076293945,29.40999984741211,29.40999984741211,1519.0
2024-03-01 13:56:00,GMDA,0.37689998745918274,0.37689998745918274,0.37689998745918274,0.37689998745918274,0.37689998745918274,200.0
2024-03-01 13:56:00,GNPX,4.590000152587891,4.590000152587891,4.590000152587891,4.590000152587891,4.590000152587891,248.0
2024-03-01 13:56:00,GOSS,1.4199999570846558,1.4199999570846558,1.4199999570846558,1.4199999570846558,1.4199999570846558,103.0
2024-03-01 13:56:00,GRFS,7.085000038146973,7.085000038146973,7.090000152587891,7.085000038146973,7.085000038146973,1515.0
2024-03-01 13:56:00,GRTX,0.22990000247955322,0.22990000247955322,0.22990000247955322,0.22990000247955322,0.22990000247955322,400.0
2024-03-01 13:56:00,GTHX,3.807499885559082,3.807499885559082,3.807499885559082,3.7850000858306885,3.7899999618530273,4207.0
2024-03-01 13:56:00,HALO,41.3849983215332,41.3849983215332,41.38999938964844,41.3849983215332,41.38999938964844,547.0
2024-03-01 13:56:00,HARP,22.950000762939453,22.950000762939453,22.950000762939453,22.950000762939453,22.950000762939453,181.0
2024-03-01 13:56:00,HCAT,8.109999656677246,8.109999656677246,8.109999656677246,8.109999656677246,8.109999656677246,385.0
2024-03-01 13:56:00,HCSG,12.619999885559082,12.619999885559082,12.619999885559082,12.600000381469727,12.600000381469727,1095.0
2024-03-01 13:56:00,HCTI,2.367000102996826,2.367000102996826,2.367000102996826,2.367000102996826,2.367000102996826,450.0
2024-03-01 13:56:00,HLTH,0.27149999141693115,0.27149999141693115,0.27149999141693115,0.27140000462532043,0.27140000462532043,1101.0
2024-03-01 13:56:00,HOLX,74.29000091552734,74.29000091552734,74.29000091552734,74.27999877929688,74.27999877929688,1136.0
2024-03-01 13:56:00,HOWL,7.119999885559082,7.119999885559082,7.119999885559082,7.119999885559082,7.119999885559082,124.0
2024-03-01 13:56:00,HRTX,2.575000047683716,2.575000047683716,2.575000047683716,2.5729000568389893,2.5729000568389893,350.0
2024-03-01 13:56:00,HSIC,76.73999786376953,76.73999786376953,76.73999786376953,76.73999786376953,76.73999786376953,753.0
2024-03-01 13:56:00,HSTM,27.299999237060547,27.299999237060547,27.299999237060547,27.299999237060547,27.299999237060547,321.0
2024-03-01 13:56:00,HUGE,0.8804000020027161,0.8804000020027161,0.8804000020027161,0.8802000284194946,0.8802000284194946,1055.0
2024-03-01 13:56:00,HUMA,3.280900001525879,3.280900001525879,3.2892000675201416,3.2799999713897705,3.2850000858306885,2916.0
2024-03-01 13:56:00,IART,36.47999954223633,36.47999954223633,36.48500061035156,36.470001220703125,36.48500061035156,1615.0
2024-03-01 13:56:00,IBRX,4.869999885559082,4.869999885559082,4.869999885559082,4.864299774169922,4.869999885559082,1550.0
2024-03-01 13:56:00,ICAD,1.8600000143051147,1.8600000143051147,1.8777999877929688,1.8600000143051147,1.8777999877929688,1315.0
2024-03-01 13:56:00,ICCM,1.2899999618530273,1.2899999618530273,1.2999999523162842,1.2899999618530273,1.2999999523162842,251.0
2024-03-01 13:56:00,ICLR,322.80999755859375,322.80999755859375,322.95001220703125,322.67999267578125,322.94000244140625,2042.0
2024-03-01 13:56:00,ICUI,106.12000274658203,106.12000274658203,106.12000274658203,106.03500366210938,106.03500366210938,859.0
2024-03-01 13:56:00,IDXX,580.2550048828125,580.2550048828125,580.2550048828125,580.14501953125,580.14501953125,534.0
2024-03-01 13:56:00,IDYA,46.79499816894531,46.79499816894531,46.79499816894531,46.779998779296875,46.779998779296875,353.0
2024-03-01 13:56:00,IINN,1.6799999475479126,1.6799999475479126,1.6799999475479126,1.6799999475479126,1.6799999475479126,1145.0
2024-03-01 13:56:00,IKNA,1.4800000190734863,1.4800000190734863,1.4800000190734863,1.4800000190734863,1.4800000190734863,298.0
2024-03-01 13:56:00,ILMN,142.3800048828125,142.3800048828125,142.3800048828125,142.3800048828125,142.3800048828125,227.0
2024-03-01 13:56:00,IMAB,1.809999942779541,1.809999942779541,1.8187999725341797,1.809999942779541,1.8187999725341797,1400.0
2024-03-01 13:56:00,IMCR,68.0,68.0,68.0,68.0,68.0,432.0
2024-03-01 13:56:00,IMMX,3.559999942779541,3.559999942779541,3.559999942779541,3.559999942779541,3.559999942779541,101.0
2024-03-01 13:56:00,IMNM,25.600000381469727,25.600000381469727,25.649999618530273,25.600000381469727,25.649999618530273,934.0
2024-03-01 13:56:00,IMNN,1.0099999904632568,1.0099999904632568,1.0099999904632568,1.0099999904632568,1.0099999904632568,365.0
2024-03-01 13:56:00,IMVT,35.915000915527344,35.915000915527344,35.93000030517578,35.915000915527344,35.93000030517578,548.0
2024-03-01 13:56:00,INBX,36.55500030517578,36.55500030517578,36.55500030517578,36.55500030517578,36.55500030517578,164.0
2024-03-01 13:56:00,INCY,59.470001220703125,59.470001220703125,59.52000045776367,59.470001220703125,59.52000045776367,1785.0
2024-03-01 13:56:00,INGN,6.75,6.75,6.75,6.75,6.75,237.0
2024-03-01 13:56:00,INMB,12.28499984741211,12.28499984741211,12.28499984741211,12.28499984741211,12.28499984741211,171.0
2024-03-01 13:56:00,INMD,22.875,22.875,22.875,22.875,22.875,670.0
2024-03-01 13:56:00,INO,9.619999885559082,9.619999885559082,9.640000343322754,9.609999656677246,9.614800453186035,947.0
2024-03-01 13:56:00,INSM,28.229999542236328,28.229999542236328,28.229999542236328,28.229999542236328,28.229999542236328,1218.0
2024-03-01 13:56:00,INVA,15.539999961853027,15.539999961853027,15.545000076293945,15.53499984741211,15.539999961853027,2763.0
2024-03-01 13:56:00,INZY,6.639999866485596,6.639999866485596,6.639999866485596,6.639900207519531,6.639900207519531,838.0
2024-03-01 13:56:00,IONS,45.994998931884766,45.994998931884766,46.02000045776367,45.994998931884766,45.994998931884766,1759.0
2024-03-01 13:56:00,IOVA,17.065000534057617,17.065000534057617,17.075000762939453,17.05500030517578,17.065000534057617,21037.0
2024-03-01 13:56:00,IPA,1.874500036239624,1.874500036239624,1.874500036239624,1.874500036239624,1.874500036239624,110.0
2024-03-01 13:56:00,IPSC,3.9000000953674316,3.9000000953674316,3.9000000953674316,3.9000000953674316,3.9000000953674316,200.0
2024-03-01 13:56:00,IRWD,9.03499984741211,9.03499984741211,9.03499984741211,9.029999732971191,9.03499984741211,2676.0
2024-03-01 13:56:00,ISPC,0.46000000834465027,0.46000000834465027,0.46000000834465027,0.45249998569488525,0.46000000834465027,25355.0
2024-03-01 13:56:00,ISRG,396.7200012207031,396.7200012207031,396.7721862792969,396.2850036621094,396.4100036621094,6217.0
2024-03-01 13:56:00,ITOS,11.279999732971191,11.279999732971191,11.279999732971191,11.279999732971191,11.279999732971191,3540.0
2024-03-01 13:56:00,ITRM,1.2699999809265137,1.2699999809265137,1.2699999809265137,1.2699999809265137,1.2699999809265137,341.0
2024-03-01 13:56:00,IVVD,3.990000009536743,3.990000009536743,4.0,3.9800000190734863,3.990000009536743,4400.0
2024-03-01 13:56:00,IXHL,5.510000228881836,5.510000228881836,5.53000020980835,5.510000228881836,5.53000020980835,200.0
2024-03-01 13:56:00,JAGX,0.07599999755620956,0.07599999755620956,0.07729999721050262,0.07599999755620956,0.07720000296831131,47248.0
2024-03-01 13:56:00,JANX,46.18000030517578,46.18000030517578,46.18000030517578,46.18000030517578,46.18000030517578,538.0
2024-03-01 13:56:00,JAZZ,119.4000015258789,119.4000015258789,119.4000015258789,119.37999725341797,119.37999725341797,918.0
2024-03-01 13:56:00,KALV,14.210000038146973,14.210000038146973,14.220000267028809,14.210000038146973,14.220000267028809,1365.0
2024-03-01 13:56:00,KNSA,21.81999969482422,21.81999969482422,21.84000015258789,21.81999969482422,21.84000015258789,812.0
2024-03-01 13:56:00,KOD,6.054900169372559,6.054900169372559,6.054900169372559,6.054900169372559,6.054900169372559,1580.0
2024-03-01 13:56:00,KPTI,1.2000000476837158,1.2000000476837158,1.2000000476837158,1.1900999546051025,1.2000000476837158,2149.0
2024-03-01 13:56:00,KRYS,169.15499877929688,169.15499877929688,169.15499877929688,169.15499877929688,169.15499877929688,221.0
2024-03-01 13:56:00,KTRA,0.09989999979734421,0.09989999979734421,0.09989999979734421,0.09960000216960907,0.0997999981045723,13964.0
2024-03-01 13:56:00,KZR,1.0850000381469727,1.0850000381469727,1.0850000381469727,1.0800000429153442,1.0800000429153442,1486.0
2024-03-01 13:56:00,LAB,2.4700000286102295,2.4700000286102295,2.4700000286102295,2.452500104904175,2.4600000381469727,24089.0
2024-03-01 13:56:00,LBPH,21.81999969482422,21.81999969482422,21.81999969482422,21.81999969482422,21.81999969482422,356.0
2024-03-01 13:56:00,LEGN,65.83000183105469,65.83000183105469,65.83000183105469,65.83000183105469,65.83000183105469,626.0
2024-03-01 13:56:00,LEXX,2.8350000381469727,2.8350000381469727,2.8350000381469727,2.811000108718872,2.819999933242798,2704.0
2024-03-01 13:56:00,LFMD,8.0,8.0,8.0,8.0,8.0,100.0
2024-03-01 13:56:00,LFST,7.744999885559082,7.744999885559082,7.75,7.744999885559082,7.75,2916.0
2024-03-01 13:56:00,LGND,78.00499725341797,78.00499725341797,78.00499725341797,78.00499725341797,78.00499725341797,178.0
2024-03-01 13:56:00,LMAT,68.27999877929688,68.27999877929688,68.27999877929688,68.08599853515625,68.08599853515625,614.0
2024-03-01 13:56:00,LNTH,65.24430084228516,65.24430084228516,65.2699966430664,65.23999786376953,65.25499725341797,1231.0
2024-03-01 13:56:00,LPTX,2.9100000858306885,2.9100000858306885,2.9100000858306885,2.8801000118255615,2.9000000953674316,1359.0
2024-03-01 13:56:00,LQDA,14.710000038146973,14.710000038146973,14.710000038146973,14.685700416564941,14.6899995803833,1295.0
2024-03-01 13:56:00,LTRN,4.454400062561035,4.454400062561035,4.454400062561035,4.454400062561035,4.454400062561035,468.0
2024-03-01 13:56:00,LUNG,9.489999771118164,9.489999771118164,9.489999771118164,9.46500015258789,9.46500015258789,1424.0
2024-03-01 13:56:00,LVTX,2.8901000022888184,2.8901000022888184,2.8901000022888184,2.8299999237060547,2.8299999237060547,6735.0
2024-03-01 13:56:00,LXRX,2.515000104904175,2.515000104904175,2.5199999809265137,2.5100998878479004,2.5100998878479004,2956.0
2024-03-01 13:56:00,LYEL,3.1912999153137207,3.1912999153137207,3.1991000175476074,3.1912999153137207,3.1991000175476074,480.0
2024-03-01 13:56:00,LYRA,5.670000076293945,5.670000076293945,5.670000076293945,5.670000076293945,5.670000076293945,103.0
2024-03-01 13:56:00,MACK,14.710000038146973,14.710000038146973,14.710000038146973,14.710000038146973,14.710000038146973,370.0
2024-03-01 13:56:00,MASI,128.30499267578125,128.30499267578125,128.30499267578125,128.30499267578125,128.30499267578125,607.0
2024-03-01 13:56:00,MCRB,1.190000057220459,1.190000057220459,1.2000000476837158,1.190000057220459,1.190000057220459,1105.0
2024-03-01 13:56:00,MDGL,250.6699981689453,250.6699981689453,250.6699981689453,250.6699981689453,250.6699981689453,469.0
2024-03-01 13:56:00,MDRX,5.929999828338623,5.929999828338623,5.949999809265137,5.929999828338623,5.949999809265137,240412.0
2024-03-01 13:56:00,MDXG,8.635000228881836,8.635000228881836,8.635000228881836,8.635000228881836,8.635000228881836,631.0
2024-03-01 13:56:00,ME,0.5756499767303467,0.5756499767303467,0.5756499767303467,0.572950005531311,0.572950005531311,482.0
2024-03-01 13:56:00,MEDP,401.6600036621094,401.6600036621094,401.6600036621094,401.5849914550781,401.5849914550781,904.0
2024-03-01 13:56:00,MGTX,6.430099964141846,6.430099964141846,6.430099964141846,6.430099964141846,6.430099964141846,502.0
2024-03-01 13:56:00,MIRM,29.65999984741211,29.65999984741211,29.65999984741211,29.65999984741211,29.65999984741211,204.0
2024-03-01 13:56:00,MIST,1.7300000190734863,1.7300000190734863,1.7300000190734863,1.7300000190734863,1.7300000190734863,770.0
2024-03-01 13:56:00,MLTX,51.221500396728516,51.221500396728516,51.221500396728516,51.221500396728516,51.221500396728516,395.0
2024-03-01 13:56:00,MMSI,76.16000366210938,76.16000366210938,76.20999908447266,76.13500213623047,76.16000366210938,8843.0
2024-03-01 13:56:00,MNKD,4.579999923706055,4.579999923706055,4.579999923706055,4.574999809265137,4.574999809265137,1684.0
2024-03-01 13:56:00,MNPR,0.8493000268936157,0.8493000268936157,0.8493000268936157,0.8431000113487244,0.8452000021934509,2714.0
2024-03-01 13:56:00,MORF,39.38999938964844,39.38999938964844,39.38999938964844,39.38999938964844,39.38999938964844,333.0
2024-03-01 13:56:00,MREO,3.984999895095825,3.984999895095825,3.9899001121520996,3.9800000190734863,3.9899001121520996,564.0
2024-03-01 13:56:00,MRNA,95.33499908447266,95.33499908447266,95.36000061035156,95.26000213623047,95.30500030517578,8279.0
2024-03-01 13:56:00,MRNS,10.3100004196167,10.3100004196167,10.3100004196167,10.3100004196167,10.3100004196167,206.0
2024-03-01 13:56:00,MRSN,5.954999923706055,5.954999923706055,5.954999923706055,5.940000057220459,5.940000057220459,3733.0
2024-03-01 13:56:00,MRVI,7.760000228881836,7.760000228881836,7.760000228881836,7.724999904632568,7.730000019073486,10932.0
2024-03-01 13:56:00,MYGN,22.084999084472656,22.084999084472656,22.084999084472656,22.030000686645508,22.03499984741211,2691.0
2024-03-01 13:56:00,NARI,45.76499938964844,45.76499938964844,45.880001068115234,45.720001220703125,45.880001068115234,6832.0
2024-03-01 13:56:00,NBIX,132.11000061035156,132.11000061035156,132.11000061035156,132.00999450683594,132.00999450683594,699.0
2024-03-01 13:56:00,NCNA,0.33489999175071716,0.33489999175071716,0.33489999175071716,0.33489999175071716,0.33489999175071716,325.0
2024-03-01 13:56:00,NEO,16.075000762939453,16.075000762939453,16.075000762939453,16.06999969482422,16.06999969482422,214.0
2024-03-01 13:56:00,NEOG,17.395000457763672,17.395000457763672,17.395000457763672,17.395000457763672,17.395000457763672,523.0
2024-03-01 13:56:00,NEPT,0.42500001192092896,0.42500001192092896,0.42500001192092896,0.42500001192092896,0.42500001192092896,2744.0
2024-03-01 13:56:00,NGM,1.5199999809265137,1.5199999809265137,1.524999976158142,1.5199999809265137,1.524999976158142,1721.0
2024-03-01 13:56:00,NKTR,0.7777000069618225,0.7777000069618225,0.7777000069618225,0.7777000069618225,0.7777000069618225,2500.0
2024-03-01 13:56:00,NNOX,11.045000076293945,11.045000076293945,11.045000076293945,11.045000076293945,11.045000076293945,105.0
2024-03-01 13:56:00,NRBO,5.999899864196777,5.999899864196777,6.0,5.949999809265137,5.949999809265137,9519.0
2024-03-01 13:56:00,NRIX,13.770000457763672,13.770000457763672,13.79800033569336,13.770000457763672,13.79800033569336,1264.0
2024-03-01 13:56:00,NRXP,0.4262999892234802,0.4262999892234802,0.4262999892234802,0.4262999892234802,0.4262999892234802,120.0
2024-03-01 13:56:00,NTLA,33.459999084472656,33.459999084472656,33.459999084472656,33.459999084472656,33.459999084472656,836.0
2024-03-01 13:56:00,NTRA,89.13500213623047,89.13500213623047,89.19999694824219,89.08999633789062,89.1449966430664,12200.0
2024-03-01 13:56:00,NUTX,0.11330000311136246,0.11330000311136246,0.11330000311136246,0.11330000311136246,0.11330000311136246,2287.0
2024-03-01 13:56:00,NVAX,5.210000038146973,5.210000038146973,5.210000038146973,5.199999809265137,5.208799839019775,4813.0
2024-03-01 13:56:00,NVCR,16.024999618530273,16.024999618530273,16.024999618530273,16.020000457763672,16.020000457763672,1419.0
2024-03-01 13:56:00,NVOS,0.6377999782562256,0.6377999782562256,0.6377999782562256,0.6377999782562256,0.6377999782562256,2500.0
2024-03-01 13:56:00,NXTC,1.75,1.75,1.75,1.75,1.75,100.0
2024-03-01 13:56:00,OCGN,0.9628999829292297,0.9628999829292297,0.9629999995231628,0.9603000283241272,0.9605000019073486,31407.0
2024-03-01 13:56:00,OCUL,10.824999809265137,10.824999809265137,10.824999809265137,10.819899559020996,10.819999694824219,1474.0
2024-03-01 13:56:00,OCX,2.9400999546051025,2.9400999546051025,2.9400999546051025,2.940000057220459,2.940000057220459,261.0
2024-03-01 13:56:00,OFIX,12.960000038146973,12.960000038146973,12.960000038146973,12.9399995803833,12.9399995803833,1470.0
2024-03-01 13:56:00,OGI,2.194999933242798,2.194999933242798,2.194999933242798,2.190000057220459,2.190000057220459,626.0
2024-03-01 13:56:00,OLK,22.979999542236328,22.979999542236328,22.979999542236328,22.979999542236328,22.979999542236328,103.0
2024-03-01 13:56:00,OM,3.1449999809265137,3.1449999809265137,3.1449999809265137,3.1449999809265137,3.1449999809265137,132.0
2024-03-01 13:56:00,OMCL,26.31999969482422,26.31999969482422,26.325000762939453,26.31999969482422,26.325000762939453,458.0
2024-03-01 13:56:00,OMGA,4.355000019073486,4.355000019073486,4.355000019073486,4.355000019073486,4.355000019073486,206.0
2024-03-01 13:56:00,OMIC,0.6049000024795532,0.6049000024795532,0.6049000024795532,0.6049000024795532,0.6049000024795532,500.0
2024-03-01 13:57:00,ABOS,4.625,4.625,4.630000114440918,4.619999885559082,4.619999885559082,741.0
2024-03-01 13:57:00,ABSI,5.5,5.5,5.510000228881836,5.499800205230713,5.499800205230713,4539.0
2024-03-01 13:57:00,ABUS,2.75,2.75,2.75,2.75,2.75,519.0
2024-03-01 13:57:00,ACAD,24.30500030517578,24.30500030517578,24.309999465942383,24.30500030517578,24.309999465942383,843.0
2024-03-01 13:57:00,ACB,3.2200000286102295,3.2200000286102295,3.2200000286102295,3.2200000286102295,3.2200000286102295,567.0
2024-03-01 13:57:00,ACCD,10.085000038146973,10.085000038146973,10.085000038146973,10.079999923706055,10.079999923706055,572.0
2024-03-01 13:57:00,ACET,2.390000104904175,2.390000104904175,2.3949999809265137,2.390000104904175,2.3949999809265137,4167.0
2024-03-01 13:57:00,ACHV,4.349999904632568,4.349999904632568,4.349999904632568,4.349999904632568,4.349999904632568,100.0
2024-03-01 13:57:00,ACLX,68.00499725341797,68.00499725341797,68.00499725341797,68.00499725341797,68.00499725341797,431.0
2024-03-01 13:57:00,ACRS,1.2400000095367432,1.2400000095367432,1.2400000095367432,1.2359999418258667,1.2359999418258667,5005.0
2024-03-01 13:57:00,ADAP,1.6013000011444092,1.6013000011444092,1.6013000011444092,1.6013000011444092,1.6013000011444092,927.0
2024-03-01 13:57:00,ADIL,3.2852001190185547,3.2852001190185547,3.359999895095825,3.2699999809265137,3.3299999237060547,91312.0
2024-03-01 13:57:00,ADMA,5.557499885559082,5.557499885559082,5.557499885559082,5.550000190734863,5.550000190734863,2339.0
2024-03-01 13:57:00,ADPT,4.114999771118164,4.114999771118164,4.114999771118164,4.114999771118164,4.114999771118164,156.0
2024-03-01 13:57:00,ADUS,94.0,94.0,94.02999877929688,94.0,94.02999877929688,606.0
2024-03-01 13:57:00,AGEN,0.6745749711990356,0.6745749711990356,0.6745749711990356,0.6744999885559082,0.6745749711990356,2322.0
2024-03-01 13:57:00,AGIO,32.779998779296875,32.779998779296875,32.779998779296875,32.779998779296875,32.779998779296875,353.0
2024-03-01 13:57:00,AIMD,0.9539999961853027,0.9539999961853027,0.9539999961853027,0.9539999961853027,0.9539999961853027,1000.0
2024-03-01 13:57:00,AKBA,1.690000057220459,1.690000057220459,1.690000057220459,1.6785999536514282,1.6799999475479126,6535.0
2024-03-01 13:57:00,AKLI,0.3587000072002411,0.3587000072002411,0.3587000072002411,0.35429999232292175,0.35429999232292175,925.0
2024-03-01 13:57:00,AKRO,30.024999618530273,30.024999618530273,30.030000686645508,30.024999618530273,30.024999618530273,1418.0
2024-03-01 13:57:00,ALDX,4.315000057220459,4.315000057220459,4.315000057220459,4.300000190734863,4.300000190734863,3312.0
2024-03-01 13:57:00,ALHC,5.679999828338623,5.679999828338623,5.690000057220459,5.679999828338623,5.690000057220459,436.0
2024-03-01 13:57:00,ALKS,30.229999542236328,30.229999542236328,30.229999542236328,30.229999542236328,30.229999542236328,854.0
2024-03-01 13:57:00,ALLK,1.6799999475479126,1.6799999475479126,1.6799999475479126,1.6799999475479126,1.6799999475479126,320.0
2024-03-01 13:57:00,ALLO,5.054999828338623,5.054999828338623,5.059999942779541,5.054999828338623,5.059999942779541,931.0
2024-03-01 13:57:00,ALPN,35.93000030517578,35.93000030517578,35.970001220703125,35.91999816894531,35.93000030517578,3073.0
2024-03-01 13:57:00,ALT,12.09000015258789,12.09000015258789,12.09000015258789,12.09000015258789,12.09000015258789,840.0
2024-03-01 13:57:00,AMED,93.50749969482422,93.50749969482422,93.50749969482422,93.50749969482422,93.50749969482422,258.0
2024-03-01 13:57:00,AMGN,280.510009765625,280.510009765625,280.5799865722656,280.4200134277344,280.5799865722656,3822.0
2024-03-01 13:57:00,AMLX,18.610000610351562,18.610000610351562,18.610000610351562,18.610000610351562,18.610000610351562,205.0
2024-03-01 13:57:00,AMPH,45.564998626708984,45.564998626708984,45.564998626708984,45.564998626708984,45.564998626708984,541.0
2024-03-01 13:57:00,AMRN,1.0499999523162842,1.0499999523162842,1.0499999523162842,1.0499999523162842,1.0499999523162842,210.0
2024-03-01 13:57:00,ANGO,5.505000114440918,5.505000114440918,5.505000114440918,5.505000114440918,5.505000114440918,335.0
2024-03-01 13:57:00,APLS,65.11499786376953,65.11499786376953,65.13999938964844,65.0199966430664,65.0250015258789,5939.0
2024-03-01 13:57:00,APLT,7.130000114440918,7.130000114440918,7.150000095367432,7.130000114440918,7.144999980926514,5414.0
2024-03-01 13:57:00,AQST,4.274499893188477,4.274499893188477,4.274499893188477,4.274499893188477,4.274499893188477,140.0
2024-03-01 13:57:00,ARCT,39.65999984741211,39.65999984741211,39.66999816894531,39.650001525878906,39.650001525878906,477.0
2024-03-01 13:57:00,ARDX,9.494999885559082,9.494999885559082,9.494999885559082,9.48009967803955,9.48009967803955,2709.0
2024-03-01 13:57:00,ARQT,11.75,11.75,11.760000228881836,11.739999771118164,11.760000228881836,6645.0
2024-03-01 13:57:00,ARVN,48.91999816894531,48.91999816894531,48.91999816894531,48.790000915527344,48.790000915527344,1597.0
2024-03-01 13:57:00,ARWR,35.720001220703125,35.720001220703125,35.720001220703125,35.709999084472656,35.709999084472656,1011.0
2024-03-01 13:57:00,ASLN,0.7968000173568726,0.7968000173568726,0.7968000173568726,0.7968000173568726,0.7968000173568726,1250.0
2024-03-01 13:57:00,ASND,152.88999938964844,152.88999938964844,152.88999938964844,152.80999755859375,152.80999755859375,634.0
2024-03-01 13:57:00,ASRT,0.9035000205039978,0.9035000205039978,0.9054999947547913,0.9020000100135803,0.9020000100135803,7965.0
2024-03-01 13:57:00,ATEC,13.425000190734863,13.425000190734863,13.4399995803833,13.425000190734863,13.4399995803833,3563.0
2024-03-01 13:57:00,ATHE,1.8100999593734741,1.8100999593734741,1.8100999593734741,1.8100999593734741,1.8100999593734741,246.0
2024-03-01 13:57:00,ATOS,1.000100016593933,1.000100016593933,1.000100016593933,1.000100016593933,1.000100016593933,493.0
2024-03-01 13:57:00,ATRA,0.7868000268936157,0.7868000268936157,0.7868000268936157,0.7868000268936157,0.7868000268936157,505.0
2024-03-01 13:57:00,ATRC,35.959999084472656,35.959999084472656,35.970001220703125,35.95000076293945,35.95000076293945,1599.0
2024-03-01 13:57:00,ATXS,14.789999961853027,14.789999961853027,14.789999961853027,14.789999961853027,14.789999961853027,201.0
2024-03-01 13:57:00,AUPH,5.835000038146973,5.835000038146973,5.835000038146973,5.835000038146973,5.835000038146973,300.0
2024-03-01 13:57:00,AUTL,6.369999885559082,6.369999885559082,6.380000114440918,6.369999885559082,6.370100021362305,660.0
2024-03-01 13:57:00,AVDL,13.170000076293945,13.170000076293945,13.1899995803833,13.15999984741211,13.1899995803833,2070.0
2024-03-01 13:57:00,AVIR,4.480000019073486,4.480000019073486,4.480000019073486,4.480000019073486,4.480000019073486,147.0
2024-03-01 13:57:00,AVXL,5.335000038146973,5.335000038146973,5.335000038146973,5.320300102233887,5.324999809265137,8778.0
2024-03-01 13:57:00,AXGN,10.529999732971191,10.529999732971191,10.569999694824219,10.529999732971191,10.550000190734863,6533.0
2024-03-01 13:57:00,AXNX,67.7300033569336,67.7300033569336,67.87999725341797,67.7300033569336,67.87999725341797,5533.0
2024-03-01 13:57:00,AXSM,82.12000274658203,82.12000274658203,82.25,82.12000274658203,82.2300033569336,1947.0
2024-03-01 13:57:00,AZN,64.67500305175781,64.67500305175781,64.68000030517578,64.66999816894531,64.68000030517578,6110.0
2024-03-01 13:57:00,BBIO,36.029998779296875,36.029998779296875,36.040000915527344,35.98500061035156,35.98500061035156,1537.0
2024-03-01 13:57:00,BCAB,2.694999933242798,2.694999933242798,2.694999933242798,2.694999933242798,2.694999933242798,103.0
2024-03-01 13:57:00,BCDA,0.5674999952316284,0.5674999952316284,0.5674999952316284,0.5651000142097473,0.5651000142097473,644.0
2024-03-01 13:57:00,BCLI,0.3499999940395355,0.3499999940395355,0.3499999940395355,0.3452000021934509,0.3452000021934509,1370.0
2024-03-01 13:57:00,BCRX,5.679999828338623,5.679999828338623,5.695000171661377,5.679999828338623,5.695000171661377,5974.0
2024-03-01 13:57:00,BCYC,26.1200008392334,26.1200008392334,26.139999389648438,26.110000610351562,26.139999389648438,940.0
2024-03-01 13:57:00,BDTX,4.940000057220459,4.940000057220459,4.940000057220459,4.934999942779541,4.934999942779541,2148.0
2024-03-01 13:57:00,BEAM,40.29999923706055,40.29999923706055,40.29999923706055,40.150001525878906,40.15999984741211,6467.0
2024-03-01 13:57:00,BGNE,167.14500427246094,167.14500427246094,167.14500427246094,167.1199951171875,167.1199951171875,974.0
2024-03-01 13:57:00,BIIB,221.5399932861328,221.5399932861328,221.5399932861328,221.41000366210938,221.41000366210938,331.0
2024-03-01 13:57:00,BIOL,0.14489999413490295,0.14489999413490295,0.14489999413490295,0.14399999380111694,0.14399999380111694,26558.0
2024-03-01 13:57:00,BIOR,1.090000033378601,1.090000033378601,1.0987000465393066,1.090000033378601,1.0987000465393066,2450.0
2024-03-01 13:57:00,BIVI,2.059999942779541,2.059999942779541,2.069999933242798,2.0399999618530273,2.0399999618530273,83171.0
2024-03-01 13:57:00,BLFS,18.188199996948242,18.188199996948242,18.188199996948242,18.188199996948242,18.188199996948242,595.0
2024-03-01 13:57:00,BLUE,1.5950000286102295,1.5950000286102295,1.600000023841858,1.5901000499725342,1.5950000286102295,5554.0
2024-03-01 13:57:00,BMEA,18.229999542236328,18.229999542236328,18.229999542236328,18.209999084472656,18.209999084472656,1328.0
2024-03-01 13:57:00,BMRN,88.0199966430664,88.0199966430664,88.12000274658203,88.0,88.12000274658203,4571.0
2024-03-01 13:57:00,BNGO,1.2625000476837158,1.2625000476837158,1.2699999809265137,1.2625000476837158,1.2699999809265137,756.0
2024-03-01 13:57:00,BNOX,1.2400000095367432,1.2400000095367432,1.2400000095367432,1.2400000095367432,1.2400000095367432,112.0
2024-03-01 13:57:00,BNTX,91.20500183105469,91.20500183105469,91.20500183105469,91.19999694824219,91.19999694824219,576.0
2024-03-01 13:57:00,BPMC,96.91000366210938,96.91000366210938,96.91000366210938,96.72000122070312,96.72000122070312,682.0
2024-03-01 13:57:00,BRKR,88.44499969482422,88.44499969482422,88.44499969482422,88.44499969482422,88.44499969482422,208.0
2024-03-01 13:57:00,BRTX,1.5199999809265137,1.5199999809265137,1.5199999809265137,1.5199999809265137,1.5199999809265137,120.0
2024-03-01 13:57:00,BTAI,3.190000057220459,3.190000057220459,3.190000057220459,3.190000057220459,3.190000057220459,1280.0
2024-03-01 13:57:00,BTTX,0.1821250021457672,0.1821250021457672,0.18549899756908417,0.1821250021457672,0.18410000205039978,13630.0
2024-03-01 13:57:00,CABA,24.18000030517578,24.18000030517578,24.190000534057617,24.149999618530273,24.190000534057617,3960.0
2024-03-01 13:57:00,CBAY,32.2400016784668,32.2400016784668,32.2400016784668,32.22999954223633,32.23500061035156,1987.0
2024-03-01 13:57:00,CCCC,11.005000114440918,11.005000114440918,11.005000114440918,11.0,11.0,1949.0
2024-03-01 13:57:00,CCRN,18.200000762939453,18.200000762939453,18.200000762939453,18.200000762939453,18.200000762939453,1187.0
2024-03-01 13:57:00,CDMO,8.109999656677246,8.109999656677246,8.109999656677246,8.109999656677246,8.109999656677246,718.0
2024-03-01 13:57:00,CDNA,12.4399995803833,12.4399995803833,12.4399995803833,12.4399995803833,12.4399995803833,994.0
2024-03-01 13:57:00,CDXC,1.648800015449524,1.648800015449524,1.648800015449524,1.6449999809265137,1.6486999988555908,928.0
2024-03-01 13:57:00,CDXS,4.525000095367432,4.525000095367432,4.525000095367432,4.525000095367432,4.525000095367432,700.0
2024-03-01 13:57:00,CERE,41.10499954223633,41.10499954223633,41.11000061035156,41.099998474121094,41.10499954223633,4303.0
2024-03-01 13:57:00,CERS,2.184999942779541,2.184999942779541,2.190000057220459,2.184999942779541,2.184999942779541,2374.0
2024-03-01 13:57:00,CERT,17.875,17.875,17.885000228881836,17.875,17.885000228881836,1246.0
2024-03-01 13:57:00,CGC,3.240000009536743,3.240000009536743,3.240000009536743,3.240000009536743,3.240000009536743,100.0
2024-03-01 13:57:00,CGEN,2.680000066757202,2.680000066757202,2.684999942779541,2.680000066757202,2.684999942779541,216.0
2024-03-01 13:57:00,CHRS,2.4000000953674316,2.4000000953674316,2.4149999618530273,2.4000000953674316,2.4149999618530273,15245.0
2024-03-01 13:57:00,CLDX,51.91999816894531,51.91999816894531,51.95500183105469,51.599998474121094,51.95500183105469,7877.0
2024-03-01 13:57:00,CLOV,0.8714500069618225,0.8714500069618225,0.8716999888420105,0.871399998664856,0.871399998664856,3200.0
2024-03-01 13:57:00,CLRB,4.09499979019165,4.09499979019165,4.09499979019165,4.090000152587891,4.090000152587891,636.0
2024-03-01 13:57:00,CMMB,0.6471999883651733,0.6471999883651733,0.6471999883651733,0.6471999883651733,0.6471999883651733,765.0
2024-03-01 13:57:00,CMPS,11.369999885559082,11.369999885559082,11.369999885559082,11.32409954071045,11.32409954071045,734.0
2024-03-01 13:57:00,CMRX,1.2200000286102295,1.2200000286102295,1.2200000286102295,1.2200000286102295,1.2200000286102295,300.0
2024-03-01 13:57:00,CNSP,0.3100999891757965,0.3100999891757965,0.3109999895095825,0.3100999891757965,0.3109999895095825,3431.0
2024-03-01 13:57:00,COGT,7.204999923706055,7.204999923706055,7.204999923706055,7.199999809265137,7.199999809265137,1296.0
2024-03-01 13:57:00,COLL,36.790000915527344,36.790000915527344,36.790000915527344,36.790000915527344,36.790000915527344,446.0
2024-03-01 13:57:00,CORT,24.40999984741211,24.40999984741211,24.40999984741211,24.399999618530273,24.399999618530273,958.0
2024-03-01 13:57:00,CPRX,17.459999084472656,17.459999084472656,17.459999084472656,17.424999237060547,17.44499969482422,9734.0
2024-03-01 13:57:00,CRBU,7.900000095367432,7.900000095367432,7.909999847412109,7.900000095367432,7.90500020980835,2682.0
2024-03-01 13:57:00,CRDF,2.440000057220459,2.440000057220459,2.4549999237060547,2.440000057220459,2.4549999237060547,3417.0
2024-03-01 13:57:00,CRDL,1.9700000286102295,1.9700000286102295,1.9700000286102295,1.9700000286102295,1.9700000286102295,126.0
2024-03-01 13:57:00,CRMD,3.7070999145507812,3.7070999145507812,3.70989990234375,3.7070999145507812,3.70989990234375,1211.0
2024-03-01 13:57:00,CRNX,46.61000061035156,46.61000061035156,46.61000061035156,46.56999969482422,46.56999969482422,653.0
2024-03-01 13:57:00,CRON,2.049999952316284,2.049999952316284,2.055000066757202,2.049999952316284,2.055000066757202,515.0
2024-03-01 13:57:00,CRSP,85.7699966430664,85.7699966430664,85.7699966430664,85.63999938964844,85.63999938964844,1214.0
2024-03-01 13:57:00,CTKB,8.954999923706055,8.954999923706055,8.960000038146973,8.954999923706055,8.960000038146973,602.0
2024-03-01 13:57:00,CTMX,2.5799999237060547,2.5799999237060547,2.5799999237060547,2.575000047683716,2.575000047683716,1265.0
2024-03-01 13:57:00,CTXR,0.7714999914169312,0.7714999914169312,0.7739999890327454,0.7700999975204468,0.7739999890327454,9613.0
2024-03-01 13:57:00,CYTK,72.6500015258789,72.6500015258789,72.68499755859375,72.6500015258789,72.6500015258789,1705.0
2024-03-01 13:57:00,CYTO,2.319999933242798,2.319999933242798,2.319999933242798,2.319999933242798,2.319999933242798,240.0
2024-03-01 13:57:00,DARE,0.5699999928474426,0.5699999928474426,0.5699999928474426,0.5699999928474426,0.5699999928474426,5000.0
2024-03-01 13:57:00,DAWN,17.604999542236328,17.604999542236328,17.610000610351562,17.579999923706055,17.579999923706055,6328.0
2024-03-01 13:57:00,DCGO,4.179999828338623,4.179999828338623,4.179999828338623,4.179999828338623,4.179999828338623,106.0
2024-03-01 13:57:00,DCPH,17.510000228881836,17.510000228881836,17.530000686645508,17.510000228881836,17.510000228881836,962.0
2024-03-01 13:57:00,DH,8.800000190734863,8.800000190734863,8.819999694824219,8.800000190734863,8.8100004196167,416.0
2024-03-01 13:57:00,DMTK,0.8496000170707703,0.8496000170707703,0.8496000170707703,0.8496000170707703,0.8496000170707703,212.0
2024-03-01 13:57:00,DNLI,21.219999313354492,21.219999313354492,21.219999313354492,21.200000762939453,21.200000762939453,2396.0
2024-03-01 13:57:00,DSGN,2.9000000953674316,2.9000000953674316,2.9100000858306885,2.9000000953674316,2.9100000858306885,2058.0
2024-03-01 13:57:00,DTIL,12.359999656677246,12.359999656677246,12.359999656677246,12.345000267028809,12.359999656677246,610.0
2024-03-01 13:57:00,DVAX,12.885000228881836,12.885000228881836,12.885000228881836,12.875,12.875,2623.0
2024-03-01 13:57:00,DXCM,121.96499633789062,121.96499633789062,121.9800033569336,121.93000030517578,121.95999908447266,3083.0
2024-03-01 13:57:00,DYN,28.7450008392334,28.7450008392334,28.7450008392334,28.68000030517578,28.7450008392334,428.0
2024-03-01 13:57:00,EDIT,10.899999618530273,10.899999618530273,10.914999961853027,10.899999618530273,10.914999961853027,4675.0
2024-03-01 13:57:00,EGRX,6.679999828338623,6.679999828338623,6.679999828338623,6.679999828338623,6.679999828338623,243.0
2024-03-01 13:57:00,ELEV,5.039999961853027,5.039999961853027,5.039999961853027,5.0,5.019999980926514,2021.0
2024-03-01 13:57:00,ENSC,0.9169999957084656,0.9169999957084656,0.9169999957084656,0.9169999957084656,0.9169999957084656,100.0
2024-03-01 13:57:00,ENSG,121.95500183105469,121.95500183105469,121.95500183105469,121.9000015258789,121.9000015258789,525.0
2024-03-01 13:57:00,ENTA,15.425000190734863,15.425000190734863,15.425000190734863,15.425000190734863,15.425000190734863,417.0
2024-03-01 13:57:00,ENVB,1.5399999618530273,1.5399999618530273,1.5399999618530273,1.5099999904632568,1.5099999904632568,375.0
2024-03-01 13:57:00,EQ,2.4867000579833984,2.4867000579833984,2.4867000579833984,2.4867000579833984,2.4867000579833984,346.0
2024-03-01 13:57:00,ERAS,2.515000104904175,2.515000104904175,2.5199999809265137,2.509999990463257,2.509999990463257,1052.0
2024-03-01 13:57:00,ESPR,2.549999952316284,2.549999952316284,2.549999952316284,2.549999952316284,2.549999952316284,1889.0
2024-03-01 13:57:00,ESTA,45.03499984741211,45.03499984741211,45.03499984741211,45.03499984741211,45.03499984741211,694.0
2024-03-01 13:57:00,ETNB,12.920000076293945,12.920000076293945,12.970000267028809,12.920000076293945,12.970000267028809,7644.0
2024-03-01 13:57:00,EVGN,0.9800000190734863,0.9800000190734863,0.9800000190734863,0.9700000286102295,0.9800000190734863,2000.0
2024-03-01 13:57:00,EWTX,17.014999389648438,17.014999389648438,17.030000686645508,17.010000228881836,17.010000228881836,4068.0
2024-03-01 13:57:00,EXAS,60.029998779296875,60.029998779296875,60.06999969482422,60.029998779296875,60.029998779296875,2018.0
2024-03-01 13:57:00,EXEL,22.489999771118164,22.489999771118164,22.489999771118164,22.489999771118164,22.489999771118164,688.0
2024-03-01 13:57:00,EYEN,2.384999990463257,2.384999990463257,2.389899969100952,2.384999990463257,2.389899969100952,321.0
2024-03-01 13:57:00,FATE,7.739999771118164,7.739999771118164,7.739999771118164,7.730000019073486,7.730000019073486,967.0
2024-03-01 13:57:00,FDMT,29.325000762939453,29.325000762939453,29.325000762939453,29.325000762939453,29.325000762939453,166.0
2024-03-01 13:57:00,FEMY,1.7599999904632568,1.7599999904632568,1.7599999904632568,1.7599999904632568,1.7599999904632568,100.0
2024-03-01 13:57:00,FGEN,1.8700000047683716,1.8700000047683716,1.8700000047683716,1.8650000095367432,1.8650000095367432,566.0
2024-03-01 13:57:00,FOLD,13.444999694824219,13.444999694824219,13.444999694824219,13.425000190734863,13.425000190734863,8757.0
2024-03-01 13:57:00,FULC,11.100000381469727,11.100000381469727,11.100000381469727,11.100000381469727,11.100000381469727,140.0
2024-03-01 13:57:00,FUSN,12.3100004196167,12.3100004196167,12.3100004196167,12.289999961853027,12.289999961853027,3662.0
2024-03-01 13:57:00,GBIO,2.619999885559082,2.619999885559082,2.624000072479248,2.619999885559082,2.624000072479248,1026.0
2024-03-01 13:57:00,GCTK,0.3100000023841858,0.3100000023841858,0.3100000023841858,0.3100000023841858,0.3100000023841858,100.0
2024-03-01 13:57:00,GDRX,8.350500106811523,8.350500106811523,8.354999542236328,8.350500106811523,8.354999542236328,5427.0
2024-03-01 13:57:00,GERN,2.2850000858306885,2.2850000858306885,2.2899999618530273,2.2850000858306885,2.2883999347686768,8027.0
2024-03-01 13:57:00,GH,19.110000610351562,19.110000610351562,19.110000610351562,19.09000015258789,19.09000015258789,1196.0
2024-03-01 13:57:00,GHSI,8.300000190734863,8.300000190734863,8.300000190734863,8.199999809265137,8.199999809265137,4898.0
2024-03-01 13:57:00,GILD,72.37999725341797,72.37999725341797,72.37999725341797,72.3550033569336,72.375,6485.0
2024-03-01 13:57:00,GLPG,35.09000015258789,35.09000015258789,35.10499954223633,35.09000015258789,35.10499954223633,681.0
2024-03-01 13:57:00,GLSI,12.680000305175781,12.680000305175781,12.680000305175781,12.680000305175781,12.680000305175781,271.0
2024-03-01 13:57:00,GLUE,6.400000095367432,6.400000095367432,6.400000095367432,6.400000095367432,6.400000095367432,394.0
2024-03-01 13:57:00,GMAB,29.405000686645508,29.405000686645508,29.40999984741211,29.405000686645508,29.40999984741211,470.0
2024-03-01 13:57:00,GOSS,1.4199999570846558,1.4199999570846558,1.4199999570846558,1.4199999570846558,1.4199999570846558,100.0
2024-03-01 13:57:00,GRFS,7.085000038146973,7.085000038146973,7.085000038146973,7.085000038146973,7.085000038146973,550.0
2024-03-01 13:57:00,GRTS,2.125,2.125,2.1298999786376953,2.119999885559082,2.125,1594.0
2024-03-01 13:57:00,GRTX,0.2290000021457672,0.2290000021457672,0.22990000247955322,0.2290000021457672,0.22990000247955322,500.0
2024-03-01 13:57:00,GTHX,3.8018999099731445,3.8018999099731445,3.809999942779541,3.799999952316284,3.805000066757202,1318.0
2024-03-01 13:57:00,HALO,41.349998474121094,41.349998474121094,41.369998931884766,41.349998474121094,41.369998931884766,2469.0
2024-03-01 13:57:00,HARP,22.9424991607666,22.9424991607666,22.9424991607666,22.9424991607666,22.9424991607666,100.0
2024-03-01 13:57:00,HCAT,8.140000343322754,8.140000343322754,8.140000343322754,8.109999656677246,8.109999656677246,1499.0
2024-03-01 13:57:00,HCSG,12.59000015258789,12.59000015258789,12.619999885559082,12.59000015258789,12.619999885559082,2232.0
2024-03-01 13:57:00,HCTI,2.423099994659424,2.423099994659424,2.423099994659424,2.359999895095825,2.359999895095825,1555.0
2024-03-01 13:57:00,HLTH,0.27140000462532043,0.27140000462532043,0.27310100197792053,0.27140000462532043,0.27140000462532043,7899.0
2024-03-01 13:57:00,HOLX,74.29000091552734,74.29000091552734,74.30000305175781,74.28099822998047,74.30000305175781,2250.0
2024-03-01 13:57:00,HOOK,0.789900004863739,0.789900004863739,0.7900000214576721,0.7889999747276306,0.7889999747276306,16395.0
2024-03-01 13:57:00,HOWL,7.110000133514404,7.110000133514404,7.114999771118164,7.110000133514404,7.114999771118164,224.0
2024-03-01 13:57:00,HQY,81.36000061035156,81.36000061035156,81.36000061035156,81.33999633789062,81.33999633789062,923.0
2024-03-01 13:57:00,HROW,10.880000114440918,10.880000114440918,10.880000114440918,10.880000114440918,10.880000114440918,103.0
2024-03-01 13:57:00,HRTX,2.569999933242798,2.569999933242798,2.575000047683716,2.569999933242798,2.575000047683716,3484.0
2024-03-01 13:57:00,HSIC,76.75,76.75,76.75,76.7300033569336,76.73999786376953,688.0
2024-03-01 13:57:00,HUMA,3.2799999713897705,3.2799999713897705,3.2850000858306885,3.2799999713897705,3.2850000858306885,1422.0
2024-03-01 13:57:00,IART,36.4900016784668,36.4900016784668,36.5,36.47999954223633,36.5,2930.0
2024-03-01 13:57:00,IBRX,4.875,4.875,4.875,4.869999885559082,4.869999885559082,2177.0
2024-03-01 13:57:00,ICLR,322.80999755859375,322.80999755859375,322.80999755859375,322.80999755859375,322.80999755859375,338.0
2024-03-01 13:57:00,IDXX,580.27001953125,580.27001953125,580.27001953125,580.27001953125,580.27001953125,121.0
2024-03-01 13:57:00,IDYA,46.849998474121094,46.849998474121094,46.849998474121094,46.79499816894531,46.79499816894531,750.0
2024-03-01 13:57:00,ILMN,142.39999389648438,142.39999389648438,142.39999389648438,142.27000427246094,142.32000732421875,1406.0
2024-03-01 13:57:00,IMMX,3.559999942779541,3.559999942779541,3.559999942779541,3.559999942779541,3.559999942779541,161.0
2024-03-01 13:57:00,IMNM,25.530000686645508,25.530000686645508,25.56999969482422,25.530000686645508,25.56999969482422,2947.0
2024-03-01 13:57:00,IMUX,1.4699000120162964,1.4699000120162964,1.4700000286102295,1.465000033378601,1.465000033378601,3661.0
2024-03-01 13:57:00,IMVT,35.95000076293945,35.95000076293945,35.95000076293945,35.939998626708984,35.94499969482422,865.0
2024-03-01 13:57:00,INCY,59.45000076293945,59.45000076293945,59.45000076293945,59.43000030517578,59.439998626708984,603.0
2024-03-01 13:57:00,INMB,12.40999984741211,12.40999984741211,12.40999984741211,12.40999984741211,12.40999984741211,752.0
2024-03-01 13:57:00,INMD,22.875,22.875,22.875,22.875,22.875,567.0
2024-03-01 13:57:00,INO,9.630000114440918,9.630000114440918,9.631500244140625,9.630000114440918,9.631500244140625,3638.0
2024-03-01 13:57:00,INSM,28.229999542236328,28.229999542236328,28.239999771118164,28.229999542236328,28.239999771118164,1317.0
2024-03-01 13:57:00,INVA,15.53499984741211,15.53499984741211,15.545000076293945,15.53499984741211,15.539999961853027,1099.0
2024-03-01 13:57:00,IONM,0.335099995136261,0.335099995136261,0.335099995136261,0.335099995136261,0.335099995136261,1266.0
2024-03-01 13:57:00,IONS,46.0099983215332,46.0099983215332,46.0099983215332,45.97999954223633,45.9900016784668,1775.0
2024-03-01 13:57:00,IOVA,17.06879997253418,17.06879997253418,17.100000381469727,17.04360008239746,17.059999465942383,28468.0
2024-03-01 13:57:00,IPSC,3.9000000953674316,3.9000000953674316,3.9000000953674316,3.865299940109253,3.9000000953674316,3000.0
2024-03-01 13:57:00,IRTC,121.12000274658203,121.12000274658203,121.12999725341797,121.06999969482422,121.08000183105469,2519.0
2024-03-01 13:57:00,IRWD,9.020000457763672,9.020000457763672,9.029999732971191,9.020000457763672,9.029999732971191,5921.0
2024-03-01 13:57:00,ISPC,0.45899999141693115,0.45899999141693115,0.46000000834465027,0.45249998569488525,0.46000000834465027,696.0
2024-03-01 13:57:00,ISRG,396.8500061035156,396.8500061035156,396.8800048828125,396.70001220703125,396.7698974609375,3437.0
2024-03-01 13:57:00,ITCI,71.8499984741211,71.8499984741211,71.86000061035156,71.83999633789062,71.86000061035156,519.0
2024-03-01 13:57:00,IVVD,3.990000009536743,3.990000009536743,3.990000009536743,3.990000009536743,3.990000009536743,330.0
2024-03-01 13:57:00,JAGX,0.07689999788999557,0.07689999788999557,0.0771000012755394,0.07599999755620956,0.07689099758863449,63550.0
2024-03-01 13:57:00,JAZZ,119.33000183105469,119.33000183105469,119.37000274658203,119.33000183105469,119.33999633789062,780.0
2024-03-01 13:57:00,KALV,14.199999809265137,14.199999809265137,14.199999809265137,14.199999809265137,14.199999809265137,206.0
2024-03-01 13:57:00,KIDS,27.56999969482422,27.56999969482422,27.56999969482422,27.56999969482422,27.56999969482422,310.0
2024-03-01 13:57:00,KNSA,21.829999923706055,21.829999923706055,21.844999313354492,21.829999923706055,21.844999313354492,840.0
2024-03-01 13:57:00,KOD,6.034999847412109,6.034999847412109,6.054999828338623,6.034999847412109,6.054999828338623,3534.0
2024-03-01 13:57:00,KPTI,1.1950000524520874,1.1950000524520874,1.2000000476837158,1.190000057220459,1.2000000476837158,3377.0
2024-03-01 13:57:00,KROS,69.97000122070312,69.97000122070312,69.97000122070312,69.97000122070312,69.97000122070312,133.0
2024-03-01 13:57:00,KRYS,169.15499877929688,169.15499877929688,169.2602996826172,169.15499877929688,169.2602996826172,440.0
2024-03-01 13:57:00,KTRA,0.09989999979734421,0.09989999979734421,0.09989999979734421,0.0997999981045723,0.0997999981045723,6471.0
2024-03-01 13:57:00,KURA,21.764999389648438,21.764999389648438,21.764999389648438,21.75909996032715,21.75909996032715,775.0
2024-03-01 13:57:00,KYMR,44.040000915527344,44.040000915527344,44.040000915527344,44.0,44.0099983215332,1179.0
2024-03-01 13:57:00,LAB,2.4700000286102295,2.4700000286102295,2.4700000286102295,2.4649999141693115,2.4700000286102295,1840.0
2024-03-01 13:57:00,LEXX,2.8350000381469727,2.8350000381469727,2.8387999534606934,2.8350000381469727,2.8387999534606934,1700.0
2024-03-01 13:57:00,LFMD,8.0,8.0,8.010000228881836,7.989999771118164,8.0,2549.0
2024-03-01 13:57:00,LFST,7.744999885559082,7.744999885559082,7.744999885559082,7.744999885559082,7.744999885559082,2034.0
2024-03-01 13:57:00,LGVN,0.5404999852180481,0.5404999852180481,0.5404999852180481,0.5404999852180481,0.5404999852180481,302.0
2024-03-01 13:57:00,LIAN,4.860000133514404,4.860000133514404,4.860000133514404,4.860000133514404,4.860000133514404,100.0
2024-03-01 13:57:00,LNTH,65.24430084228516,65.24430084228516,65.25019836425781,65.23999786376953,65.23999786376953,2024.0
2024-03-01 13:57:00,LQDA,14.710000038146973,14.710000038146973,14.710000038146973,14.699999809265137,14.699999809265137,851.0
2024-03-01 13:57:00,LUCD,1.2400000095367432,1.2400000095367432,1.2400000095367432,1.2400000095367432,1.2400000095367432,104.0
2024-03-01 13:57:00,LVTX,2.8524999618530273,2.8524999618530273,2.8524999618530273,2.8524999618530273,2.8524999618530273,957.0
2024-03-01 13:57:00,LXRX,2.5201001167297363,2.5201001167297363,2.5201001167297363,2.515000104904175,2.515000104904175,4060.0
2024-03-01 13:57:00,LYEL,3.200000047683716,3.200000047683716,3.200000047683716,3.194999933242798,3.194999933242798,300.0
2024-03-01 13:57:00,LYRA,5.650000095367432,5.650000095367432,5.650000095367432,5.650000095367432,5.650000095367432,100.0
2024-03-01 13:57:00,MCRB,1.194000005722046,1.194000005722046,1.1950000524520874,1.190000057220459,1.1950000524520874,1600.0
2024-03-01 13:57:00,MDGL,250.30999755859375,250.30999755859375,250.30999755859375,250.0800018310547,250.22999572753906,867.0
2024-03-01 13:57:00,MDRX,5.929999828338623,5.929999828338623,5.949999809265137,5.929999828338623,5.949999809265137,114961.0
2024-03-01 13:57:00,MDXG,8.635000228881836,8.635000228881836,8.640000343322754,8.635000228881836,8.640000343322754,1011.0
2024-03-01 13:57:00,ME,0.5728999972343445,0.5728999972343445,0.572950005531311,0.5728999972343445,0.5728999972343445,1813.0
2024-03-01 13:57:00,MGNX,19.190000534057617,19.190000534057617,19.190000534057617,19.139999389648438,19.149999618530273,3691.0
2024-03-01 13:57:00,MGTX,6.449999809265137,6.449999809265137,6.449999809265137,6.425000190734863,6.425000190734863,677.0
2024-03-01 13:57:00,MIRM,29.700000762939453,29.700000762939453,29.709999084472656,29.670000076293945,29.700000762939453,673.0
2024-03-01 13:57:00,MIST,1.7350000143051147,1.7350000143051147,1.7350000143051147,1.7301000356674194,1.7301000356674194,2150.0
2024-03-01 13:57:00,MMSI,76.0999984741211,76.0999984741211,76.18000030517578,76.0999984741211,76.18000030517578,1019.0
2024-03-01 13:57:00,MNKD,4.579999923706055,4.579999923706055,4.579999923706055,4.574999809265137,4.579999923706055,649.0
2024-03-01 13:57:00,MNMD,6.239999771118164,6.239999771118164,6.239999771118164,6.239999771118164,6.239999771118164,1078.0
2024-03-01 13:57:00,MOR,17.540000915527344,17.540000915527344,17.540700912475586,17.540000915527344,17.540700912475586,882.0
2024-03-01 13:57:00,MORF,39.36000061035156,39.36000061035156,39.36000061035156,39.36000061035156,39.36000061035156,333.0
2024-03-01 13:57:00,MOTS,0.6581000089645386,0.6581000089645386,0.6581000089645386,0.6581000089645386,0.6581000089645386,247.0
2024-03-01 13:57:00,MREO,3.9899001121520996,3.9899001121520996,3.990000009536743,3.984999895095825,3.984999895095825,2053.0
2024-03-01 13:57:00,MRNA,95.3949966430664,95.3949966430664,95.4000015258789,95.27010345458984,95.3499984741211,6780.0
2024-03-01 13:57:00,MRNS,10.319999694824219,10.319999694824219,10.319999694824219,10.319999694824219,10.319999694824219,266.0
2024-03-01 13:57:00,MRSN,5.974999904632568,5.974999904632568,5.974999904632568,5.954999923706055,5.954999923706055,5516.0
2024-03-01 13:57:00,MRUS,51.209999084472656,51.209999084472656,51.209999084472656,51.209999084472656,51.209999084472656,339.0
2024-03-01 13:57:00,MRVI,7.744999885559082,7.744999885559082,7.760000228881836,7.744999885559082,7.760000228881836,1564.0
2024-03-01 13:57:00,MYGN,22.100000381469727,22.100000381469727,22.100000381469727,22.06999969482422,22.06999969482422,1006.0
2024-03-01 13:57:00,MYMD,3.4398999214172363,3.4398999214172363,3.4398999214172363,3.4398999214172363,3.4398999214172363,1151.0
2024-03-01 13:57:00,NARI,45.52000045776367,45.52000045776367,45.76499938964844,45.5099983215332,45.76499938964844,6482.0
2024-03-01 13:57:00,NAUT,2.609999895095825,2.609999895095825,2.609999895095825,2.609999895095825,2.609999895095825,159.0
2024-03-01 13:57:00,NBIX,131.94000244140625,131.94000244140625,132.02999877929688,131.91000366210938,132.02999877929688,4089.0
2024-03-01 13:57:00,NEO,16.100000381469727,16.100000381469727,16.100000381469727,16.09000015258789,16.09000015258789,562.0
2024-03-01 13:57:00,NEPT,0.42399999499320984,0.42399999499320984,0.42399999499320984,0.42399999499320984,0.42399999499320984,448.0
2024-03-01 13:57:00,NERV,2.6710000038146973,2.6710000038146973,2.6710000038146973,2.6710000038146973,2.6710000038146973,254.0
2024-03-01 13:57:00,NGM,1.5199999809265137,1.5199999809265137,1.524999976158142,1.5199999809265137,1.524999976158142,2600.0
2024-03-01 13:57:00,NKTR,0.7757999897003174,0.7757999897003174,0.7777000069618225,0.7757999897003174,0.7777000069618225,878.0
2024-03-01 13:57:00,NNOX,11.029999732971191,11.029999732971191,11.0600004196167,11.029999732971191,11.050000190734863,5628.0
2024-03-01 13:57:00,NRIX,13.859999656677246,13.859999656677246,13.859999656677246,13.789999961853027,13.789999961853027,1883.0
2024-03-01 13:57:00,NTLA,33.47999954223633,33.47999954223633,33.52000045776367,33.470001220703125,33.470001220703125,3247.0
2024-03-01 13:57:00,NTRA,89.26000213623047,89.26000213623047,89.2750015258789,89.11000061035156,89.11000061035156,7197.0
2024-03-01 13:57:00,NVAX,5.199999809265137,5.199999809265137,5.210000038146973,5.195000171661377,5.210000038146973,12460.0
2024-03-01 13:57:00,NVCR,16.03499984741211,16.03499984741211,16.03499984741211,16.030000686645508,16.030000686645508,932.0
2024-03-01 13:57:00,NVCT,10.8100004196167,10.8100004196167,10.8100004196167,10.800000190734863,10.800000190734863,207.0
2024-03-01 13:57:00,NXTC,1.7699999809265137,1.7699999809265137,1.7899999618530273,1.7599999904632568,1.7599999904632568,4781.0
2024-03-01 13:57:00,OCGN,0.9603000283241272,0.9603000283241272,0.9603000283241272,0.9603000283241272,0.9603000283241272,222.0
2024-03-01 13:57:00,OCUL,10.819999694824219,10.819999694824219,10.84000015258789,10.819999694824219,10.826299667358398,4563.0
2024-03-01 13:57:00,OFIX,12.949999809265137,12.949999809265137,12.949999809265137,12.949999809265137,12.949999809265137,122.0
2024-03-01 13:57:00,OGI,2.200000047683716,2.200000047683716,2.200000047683716,2.194999933242798,2.194999933242798,250.0
2024-03-01 13:57:00,OLK,22.975000381469727,22.975000381469727,22.979999542236328,22.975000381469727,22.979999542236328,1702.0
2024-03-01 13:57:00,OLMA,14.869999885559082,14.869999885559082,14.869999885559082,14.741499900817871,14.741499900817871,6317.0
2024-03-01 13:57:00,OM,3.1500000953674316,3.1500000953674316,3.1500000953674316,3.1500000953674316,3.1500000953674316,100.0
2024-03-01 13:57:00,OMCL,26.290000915527344,26.290000915527344,26.290000915527344,26.290000915527344,26.290000915527344,140.0
2024-03-01 13:58:00,AADI,1.9950000047683716,1.9950000047683716,1.9972000122070312,1.9900000095367432,1.9972000122070312,3280.0
2024-03-01 13:58:00,ABCL,5.189899921417236,5.189899921417236,5.189899921417236,5.184999942779541,5.184999942779541,536.0
2024-03-01 13:58:00,ABSI,5.519999980926514,5.519999980926514,5.53000020980835,5.510000228881836,5.519999980926514,6177.0
2024-03-01 13:58:00,ACAD,24.299999237060547,24.299999237060547,24.299999237060547,24.296300888061523,24.299999237060547,2609.0
2024-03-01 13:58:00,ACCD,10.09000015258789,10.09000015258789,10.09000015258789,10.09000015258789,10.09000015258789,326.0
2024-03-01 13:58:00,ACET,2.3949999809265137,2.3949999809265137,2.4000000953674316,2.390000104904175,2.3949999809265137,617.0
2024-03-01 13:58:00,ACLX,68.34500122070312,68.34500122070312,68.34500122070312,68.23500061035156,68.23500061035156,323.0
2024-03-01 13:58:00,ACRS,1.2400000095367432,1.2400000095367432,1.2400000095367432,1.2350000143051147,1.2400000095367432,1189.0
2024-03-01 13:58:00,ADIL,3.2950000762939453,3.2950000762939453,3.319999933242798,3.2799999713897705,3.2799999713897705,36139.0
2024-03-01 13:58:00,ADMA,5.554999828338623,5.554999828338623,5.554999828338623,5.550000190734863,5.550000190734863,649.0
2024-03-01 13:58:00,ADPT,4.114999771118164,4.114999771118164,4.114999771118164,4.114999771118164,4.114999771118164,267.0
2024-03-01 13:58:00,ADVM,1.965000033378601,1.965000033378601,1.9700000286102295,1.965000033378601,1.9700000286102295,946.0
2024-03-01 13:58:00,AFMD,0.6499999761581421,0.6499999761581421,0.6499999761581421,0.6499999761581421,0.6499999761581421,635.0
2024-03-01 13:58:00,AGEN,0.6744999885559082,0.6744999885559082,0.6746000051498413,0.6744999885559082,0.6745499968528748,20971.0
2024-03-01 13:58:00,AGIO,32.79499816894531,32.79499816894531,32.79499816894531,32.779998779296875,32.779998779296875,302.0
2024-03-01 13:58:00,AKAN,0.20800000429153442,0.20800000429153442,0.20810000598430634,0.20800000429153442,0.20800000429153442,1103.0
2024-03-01 13:58:00,AKBA,1.684999942779541,1.684999942779541,1.690000057220459,1.684999942779541,1.684999942779541,7166.0
2024-03-01 13:58:00,AKRO,30.030000686645508,30.030000686645508,30.030000686645508,30.030000686645508,30.030000686645508,801.0
2024-03-01 13:58:00,AKYA,6.005000114440918,6.005000114440918,6.005000114440918,6.005000114440918,6.005000114440918,100.0
2024-03-01 13:58:00,ALDX,4.320000171661377,4.320000171661377,4.321199893951416,4.315000057220459,4.320000171661377,1782.0
2024-03-01 13:58:00,ALGN,303.8299865722656,303.8299865722656,303.8299865722656,303.8299865722656,303.8299865722656,239.0
2024-03-01 13:58:00,ALHC,5.690000057220459,5.690000057220459,5.690000057220459,5.690000057220459,5.690000057220459,165.0
2024-03-01 13:58:00,ALKS,30.235000610351562,30.235000610351562,30.235000610351562,30.235000610351562,30.235000610351562,268.0
2024-03-01 13:58:00,ALLK,1.6749999523162842,1.6749999523162842,1.6799999475479126,1.6749999523162842,1.6799999475479126,2043.0
2024-03-01 13:58:00,ALLO,5.054999828338623,5.054999828338623,5.054999828338623,5.054999828338623,5.054999828338623,508.0
2024-03-01 13:58:00,ALNY,153.1699981689453,153.1699981689453,153.39999389648438,153.14999389648438,153.39999389648438,4078.0
2024-03-01 13:58:00,ALPN,35.939998626708984,35.939998626708984,35.944000244140625,35.91999816894531,35.944000244140625,1383.0
2024-03-01 13:58:00,ALT,12.100000381469727,12.100000381469727,12.100000381469727,12.069999694824219,12.080100059509277,10352.0
2024-03-01 13:58:00,ALVR,0.7537999749183655,0.7537999749183655,0.7537999749183655,0.7537999749183655,0.7537999749183655,165.0
2024-03-01 13:58:00,ALXO,15.095000267028809,15.095000267028809,15.109999656677246,15.029999732971191,15.029999732971191,3935.0
2024-03-01 13:58:00,AMGN,280.6700134277344,280.6700134277344,280.6700134277344,280.5262145996094,280.5262145996094,4515.0
2024-03-01 13:58:00,AMLX,18.6299991607666,18.6299991607666,18.6299991607666,18.6299991607666,18.6299991607666,2871.0
2024-03-01 13:58:00,AMPH,45.52000045776367,45.52000045776367,45.54999923706055,45.52000045776367,45.54999923706055,1012.0
2024-03-01 13:58:00,AMRN,1.0549999475479126,1.0549999475479126,1.0549999475479126,1.0499999523162842,1.0499999523162842,10709.0
2024-03-01 13:58:00,ANGO,5.504000186920166,5.504000186920166,5.505000114440918,5.504000186920166,5.505000114440918,1267.0
2024-03-01 13:58:00,ANNX,6.170000076293945,6.170000076293945,6.179900169372559,6.159999847412109,6.170000076293945,2130.0
2024-03-01 13:58:00,ANTX,3.000999927520752,3.000999927520752,3.000999927520752,3.000999927520752,3.000999927520752,1335.0
2024-03-01 13:58:00,APLS,65.22000122070312,65.22000122070312,65.22000122070312,65.13999938964844,65.1500015258789,3271.0
2024-03-01 13:58:00,APLT,7.110000133514404,7.110000133514404,7.139999866485596,7.110000133514404,7.139999866485596,200.0
2024-03-01 13:58:00,AQST,4.260000228881836,4.260000228881836,4.289999961853027,4.260000228881836,4.279900074005127,7457.0
2024-03-01 13:58:00,ARAY,2.6449999809265137,2.6449999809265137,2.6449999809265137,2.6449999809265137,2.6449999809265137,200.0
2024-03-01 13:58:00,ARCT,39.744998931884766,39.744998931884766,39.75,39.68000030517578,39.689998626708984,3809.0
2024-03-01 13:58:00,ARDX,9.499300003051758,9.499300003051758,9.499300003051758,9.499300003051758,9.499300003051758,1126.0
2024-03-01 13:58:00,ARQT,11.729999542236328,11.729999542236328,11.752799987792969,11.720000267028809,11.752799987792969,6826.0
2024-03-01 13:58:00,ARVN,48.939998626708984,48.939998626708984,48.939998626708984,48.939998626708984,48.939998626708984,425.0
2024-03-01 13:58:00,ARWR,35.744998931884766,35.744998931884766,35.744998931884766,35.729400634765625,35.729400634765625,301.0
2024-03-01 13:58:00,ASLN,0.7968000173568726,0.7968000173568726,0.7968000173568726,0.7968000173568726,0.7968000173568726,100.0
2024-03-01 13:58:00,ASND,152.9499969482422,152.9499969482422,152.9499969482422,152.76499938964844,152.89999389648438,668.0
2024-03-01 13:58:00,ASRT,0.9050999879837036,0.9050999879837036,0.9050999879837036,0.9050999879837036,0.9050999879837036,200.0
2024-03-01 13:58:00,ATAI,2.1384999752044678,2.1384999752044678,2.1384999752044678,2.1384999752044678,2.1384999752044678,386.0
2024-03-01 13:58:00,ATRA,0.7856000065803528,0.7856000065803528,0.7868000268936157,0.7856000065803528,0.7868000268936157,720.0
2024-03-01 13:58:00,AUGX,4.565000057220459,4.565000057220459,4.565000057220459,4.539999961853027,4.539999961853027,5543.0
2024-03-01 13:58:00,AUPH,5.835000038146973,5.835000038146973,5.835000038146973,5.835000038146973,5.835000038146973,899.0
2024-03-01 13:58:00,AUTL,6.371200084686279,6.371200084686279,6.375,6.371200084686279,6.375,394.0
2024-03-01 13:58:00,AVDL,13.170000076293945,13.170000076293945,13.170000076293945,13.170000076293945,13.170000076293945,1451.0
2024-03-01 13:58:00,AVRO,1.340000033378601,1.340000033378601,1.340000033378601,1.340000033378601,1.340000033378601,2892.0
2024-03-01 13:58:00,AXNX,67.7249984741211,67.7249984741211,67.73999786376953,67.7249984741211,67.739501953125,1253.0
2024-03-01 13:58:00,AXSM,82.1500015258789,82.1500015258789,82.1500015258789,82.1500015258789,82.1500015258789,101.0
2024-03-01 13:58:00,AZN,64.68000030517578,64.68000030517578,64.68000030517578,64.67500305175781,64.67500305175781,2299.0
2024-03-01 13:58:00,BCAB,2.694999933242798,2.694999933242798,2.694999933242798,2.694999933242798,2.694999933242798,201.0
2024-03-01 13:58:00,BCDA,0.5674999952316284,0.5674999952316284,0.5698990225791931,0.5674999952316284,0.5698990225791931,400.0
2024-03-01 13:58:00,BCEL,0.2653000056743622,0.2653000056743622,0.2653000056743622,0.2653000056743622,0.2653000056743622,101.0
2024-03-01 13:58:00,BCRX,5.699999809265137,5.699999809265137,5.704999923706055,5.679999828338623,5.679999828338623,18101.0
2024-03-01 13:58:00,BEAM,40.209999084472656,40.209999084472656,40.27000045776367,40.209999084472656,40.27000045776367,1245.0
2024-03-01 13:58:00,BIIB,221.60000610351562,221.60000610351562,221.6300048828125,221.49000549316406,221.55999755859375,5844.0
2024-03-01 13:58:00,BIOL,0.14480000734329224,0.14480000734329224,0.14489999413490295,0.1445000022649765,0.14480000734329224,49357.0
2024-03-01 13:58:00,BIOR,1.100000023841858,1.100000023841858,1.100000023841858,1.100000023841858,1.100000023841858,100.0
2024-03-01 13:58:00,BIVI,2.069999933242798,2.069999933242798,2.0799999237060547,2.049999952316284,2.058000087738037,41389.0
2024-03-01 13:58:00,BLFS,18.19499969482422,18.19499969482422,18.209999084472656,18.19499969482422,18.209999084472656,274.0
2024-03-01 13:58:00,BLUE,1.590000033378601,1.590000033378601,1.5950000286102295,1.590000033378601,1.5950000286102295,1391.0
2024-03-01 13:58:00,BMEA,18.229999542236328,18.229999542236328,18.229999542236328,18.229999542236328,18.229999542236328,256.0
2024-03-01 13:58:00,BMRN,87.92500305175781,87.92500305175781,88.0250015258789,87.92500305175781,88.0250015258789,2745.0
2024-03-01 13:58:00,BNGO,1.2699999809265137,1.2699999809265137,1.2699999809265137,1.2635999917984009,1.2635999917984009,300.0
2024-03-01 13:58:00,BNR,0.8394500017166138,0.8394500017166138,0.8394500017166138,0.8394500017166138,0.8394500017166138,100.0
2024-03-01 13:58:00,BNTX,91.20999908447266,91.20999908447266,91.20999908447266,91.20999908447266,91.20999908447266,402.0
2024-03-01 13:58:00,BPMC,96.81999969482422,96.81999969482422,96.81999969482422,96.81999969482422,96.81999969482422,237.0
2024-03-01 13:58:00,BRKR,88.43000030517578,88.43000030517578,88.45999908447266,88.41999816894531,88.45999908447266,2956.0
2024-03-01 13:58:00,BTAI,3.1963999271392822,3.1963999271392822,3.1963999271392822,3.1963999271392822,3.1963999271392822,1000.0
2024-03-01 13:58:00,BTTX,0.18209999799728394,0.18209999799728394,0.18549999594688416,0.18209999799728394,0.18549999594688416,1350.0
2024-03-01 13:58:00,CABA,24.15999984741211,24.15999984741211,24.15999984741211,24.15999984741211,24.15999984741211,245.0
2024-03-01 13:58:00,CALA,0.019999999552965164,0.019999999552965164,0.019999999552965164,0.019999999552965164,0.019999999552965164,0.0
2024-03-01 13:58:00,CARA,0.9200000166893005,0.9200000166893005,0.9200000166893005,0.919700026512146,0.919700026512146,201.0
2024-03-01 13:58:00,CBAY,32.2400016784668,32.2400016784668,32.2400016784668,32.22999954223633,32.22999954223633,3720.0
2024-03-01 13:58:00,CCCC,11.007499694824219,11.007499694824219,11.010000228881836,11.0,11.005000114440918,4328.0
2024-03-01 13:58:00,CCRN,18.204999923706055,18.204999923706055,18.204999923706055,18.204999923706055,18.204999923706055,226.0
2024-03-01 13:58:00,CDMO,8.109999656677246,8.109999656677246,8.109999656677246,8.109999656677246,8.109999656677246,110.0
2024-03-01 13:58:00,CDNA,12.460000038146973,12.460000038146973,12.489999771118164,12.460000038146973,12.475000381469727,2967.0
2024-03-01 13:58:00,CDXC,1.6450999975204468,1.6450999975204468,1.6450999975204468,1.6450999975204468,1.6450999975204468,1002.0
2024-03-01 13:58:00,CDXS,4.525000095367432,4.525000095367432,4.525000095367432,4.525000095367432,4.525000095367432,406.0
2024-03-01 13:58:00,CELC,16.389999389648438,16.389999389648438,16.389999389648438,16.389999389648438,16.389999389648438,200.0
2024-03-01 13:58:00,CERE,41.10499954223633,41.10499954223633,41.10499954223633,41.099998474121094,41.099998474121094,1122.0
2024-03-01 13:58:00,CERS,2.184999942779541,2.184999942779541,2.184999942779541,2.184999942779541,2.184999942779541,300.0
2024-03-01 13:58:00,CERT,17.8799991607666,17.8799991607666,17.8799991607666,17.8799991607666,17.8799991607666,799.0
2024-03-01 13:58:00,CGC,3.25,3.25,3.25,3.240000009536743,3.2497000694274902,17176.0
2024-03-01 13:58:00,CGEM,18.582500457763672,18.582500457763672,18.59000015258789,18.559999465942383,18.559999465942383,4019.0
2024-03-01 13:58:00,CHRS,2.4000000953674316,2.4000000953674316,2.4049999713897705,2.4000000953674316,2.4000000953674316,1105.0
2024-03-01 13:58:00,CKPT,2.190000057220459,2.190000057220459,2.190000057220459,2.190000057220459,2.190000057220459,100.0
2024-03-01 13:58:00,CLDX,51.869998931884766,51.869998931884766,51.970001220703125,51.861000061035156,51.970001220703125,1728.0
2024-03-01 13:58:00,CLNN,0.39010000228881836,0.39010000228881836,0.39489999413490295,0.39010000228881836,0.39489999413490295,48706.0
2024-03-01 13:58:00,CLOV,0.871399998664856,0.871399998664856,0.8720999956130981,0.871399998664856,0.8715000152587891,30965.0
2024-03-01 13:58:00,CLPT,6.679999828338623,6.679999828338623,6.679999828338623,6.659999847412109,6.670000076293945,963.0
2024-03-01 13:58:00,CLRB,4.105000019073486,4.105000019073486,4.105000019073486,4.090000152587891,4.090000152587891,4601.0
2024-03-01 13:58:00,CMMB,0.6489999890327454,0.6489999890327454,0.6489999890327454,0.6489999890327454,0.6489999890327454,197.0
2024-03-01 13:58:00,CMPS,11.369999885559082,11.369999885559082,11.390000343322754,11.364999771118164,11.390000343322754,947.0
2024-03-01 13:58:00,CMRX,1.2200000286102295,1.2200000286102295,1.2200000286102295,1.2100000381469727,1.2100000381469727,241.0
2024-03-01 13:58:00,CNSP,0.3125,0.3125,0.3125,0.3125,0.3125,543.0
2024-03-01 13:58:00,COGT,7.204999923706055,7.204999923706055,7.207499980926514,7.204999923706055,7.207499980926514,1250.0
2024-03-01 13:58:00,CORT,24.40999984741211,24.40999984741211,24.40999984741211,24.40999984741211,24.40999984741211,274.0
2024-03-01 13:58:00,CPRX,17.459999084472656,17.459999084472656,17.459999084472656,17.450899124145508,17.459999084472656,2299.0
2024-03-01 13:58:00,CRBU,7.875,7.875,7.914999961853027,7.875,7.914999961853027,11477.0
2024-03-01 13:58:00,CRDF,2.444499969482422,2.444499969482422,2.4600000381469727,2.430000066757202,2.4600000381469727,3501.0
2024-03-01 13:58:00,CRMD,3.700000047683716,3.700000047683716,3.708899974822998,3.700000047683716,3.7049999237060547,1764.0
2024-03-01 13:58:00,CRON,2.049999952316284,2.049999952316284,2.049999952316284,2.049999952316284,2.049999952316284,382.0
2024-03-01 13:58:00,CRSP,85.80000305175781,85.80000305175781,85.80000305175781,85.77999877929688,85.77999877929688,807.0
2024-03-01 13:58:00,CTKB,8.979999542236328,8.979999542236328,8.979999542236328,8.954999923706055,8.960000038146973,6818.0
2024-03-01 13:58:00,CTMX,2.5950000286102295,2.5950000286102295,2.5950000286102295,2.5899999141693115,2.5899999141693115,893.0
2024-03-01 13:58:00,CUTR,2.380000114440918,2.380000114440918,2.380000114440918,2.380000114440918,2.380000114440918,500.0
2024-03-01 13:58:00,CVAC,3.494999885559082,3.494999885559082,3.494999885559082,3.494999885559082,3.494999885559082,803.0
2024-03-01 13:58:00,CYTK,72.6500015258789,72.6500015258789,72.68499755859375,72.63999938964844,72.68499755859375,640.0
2024-03-01 13:58:00,DAWN,17.604999542236328,17.604999542236328,17.61989974975586,17.59000015258789,17.61989974975586,1414.0
2024-03-01 13:58:00,DCGO,4.189300060272217,4.189300060272217,4.189300060272217,4.179999828338623,4.184999942779541,2318.0
2024-03-01 13:58:00,DCPH,17.510000228881836,17.510000228881836,17.530000686645508,17.510000228881836,17.510000228881836,715.0
2024-03-01 13:58:00,DH,8.8100004196167,8.8100004196167,8.8100004196167,8.800000190734863,8.800000190734863,426.0
2024-03-01 13:58:00,DMTK,0.8496000170707703,0.8496000170707703,0.8496000170707703,0.848576009273529,0.848576009273529,20100.0
2024-03-01 13:58:00,DRRX,1.0099999904632568,1.0099999904632568,1.0099999904632568,1.0099999904632568,1.0099999904632568,204.0
2024-03-01 13:58:00,DTIL,12.350000381469727,12.350000381469727,12.359999656677246,12.350000381469727,12.359999656677246,312.0
2024-03-01 13:58:00,DVAX,12.885000228881836,12.885000228881836,12.885000228881836,12.880000114440918,12.885000228881836,3972.0
2024-03-01 13:58:00,DXCM,121.81999969482422,121.81999969482422,122.0,121.81999969482422,121.9749984741211,7624.0
2024-03-01 13:58:00,DYN,28.78350067138672,28.78350067138672,28.78350067138672,28.68000030517578,28.7450008392334,703.0
2024-03-01 13:58:00,EDIT,10.904999732971191,10.904999732971191,10.904999732971191,10.904999732971191,10.904999732971191,101.0
2024-03-01 13:58:00,EFTR,15.260100364685059,15.260100364685059,15.260100364685059,15.260100364685059,15.260100364685059,218.0
2024-03-01 13:58:00,EGRX,6.690000057220459,6.690000057220459,6.690000057220459,6.690000057220459,6.690000057220459,1162.0
2024-03-01 13:58:00,EKSO,2.0,2.0,2.0,2.0,2.0,743.0
2024-03-01 13:58:00,ELEV,5.054999828338623,5.054999828338623,5.070000171661377,5.050000190734863,5.050000190734863,694.0
2024-03-01 13:58:00,ENSC,0.9300000071525574,0.9300000071525574,0.9300000071525574,0.9298999905586243,0.9298999905586243,11032.0
2024-03-01 13:58:00,ENSG,122.0199966430664,122.0199966430664,122.0199966430664,122.01000213623047,122.01000213623047,1124.0
2024-03-01 13:58:00,ENVB,1.5399999618530273,1.5399999618530273,1.5399999618530273,1.5127999782562256,1.5399999618530273,1305.0
2024-03-01 13:58:00,EOLS,14.850000381469727,14.850000381469727,14.850000381469727,14.850000381469727,14.850000381469727,225.0
2024-03-01 13:58:00,ESPR,2.549999952316284,2.549999952316284,2.555000066757202,2.549999952316284,2.555000066757202,7999.0
2024-03-01 13:58:00,ETNB,12.9350004196167,12.9350004196167,12.9350004196167,12.920000076293945,12.9350004196167,759.0
2024-03-01 13:58:00,EWTX,17.010000228881836,17.010000228881836,17.010000228881836,17.010000228881836,17.010000228881836,305.0
2024-03-01 13:58:00,EXAI,6.730000019073486,6.730000019073486,6.739999771118164,6.730000019073486,6.730000019073486,701.0
2024-03-01 13:58:00,EXAS,60.040000915527344,60.040000915527344,60.08000183105469,60.040000915527344,60.07500076293945,2433.0
2024-03-01 13:58:00,EXEL,22.489999771118164,22.489999771118164,22.489999771118164,22.489999771118164,22.489999771118164,2527.0
2024-03-01 13:58:00,EYEN,2.3801000118255615,2.3801000118255615,2.3801000118255615,2.3801000118255615,2.3801000118255615,5199.0
2024-03-01 13:58:00,EYPT,28.040000915527344,28.040000915527344,28.040000915527344,28.020000457763672,28.020000457763672,507.0
2024-03-01 13:58:00,FATE,7.744999885559082,7.744999885559082,7.744999885559082,7.744999885559082,7.744999885559082,209.0
2024-03-01 13:58:00,FDMT,29.290000915527344,29.290000915527344,29.290000915527344,29.290000915527344,29.290000915527344,460.0
2024-03-01 13:58:00,FEMY,1.7584999799728394,1.7584999799728394,1.7584999799728394,1.7584999799728394,1.7584999799728394,222.0
2024-03-01 13:58:00,FGEN,1.8700000047683716,1.8700000047683716,1.8700000047683716,1.8650000095367432,1.8650000095367432,1316.0
2024-03-01 13:58:00,FHTX,8.020000457763672,8.020000457763672,8.020000457763672,8.020000457763672,8.020000457763672,200.0
2024-03-01 13:58:00,FLGT,23.274999618530273,23.274999618530273,23.274999618530273,23.274999618530273,23.274999618530273,228.0
2024-03-01 13:58:00,FOLD,13.449999809265137,13.449999809265137,13.449999809265137,13.4399995803833,13.449999809265137,5815.0
2024-03-01 13:58:00,FUSN,12.289999961853027,12.289999961853027,12.3100004196167,12.289999961853027,12.3100004196167,795.0
2024-03-01 13:58:00,GDRX,8.350000381469727,8.350000381469727,8.358799934387207,8.350000381469727,8.350000381469727,764.0
2024-03-01 13:58:00,GEG,1.9800000190734863,1.9800000190734863,1.9800000190734863,1.9800000190734863,1.9800000190734863,267.0
2024-03-01 13:58:00,GERN,2.2850000858306885,2.2850000858306885,2.2850000858306885,2.2799999713897705,2.281399965286255,2583.0
2024-03-01 13:58:00,GH,19.100000381469727,19.100000381469727,19.110000610351562,19.100000381469727,19.110000610351562,1210.0
2024-03-01 13:58:00,GILD,72.40499877929688,72.40499877929688,72.41000366210938,72.38500213623047,72.38999938964844,3036.0
2024-03-01 13:58:00,GMDA,0.3786099851131439,0.3786099851131439,0.3786099851131439,0.3786099851131439,0.3786099851131439,5084.0
2024-03-01 13:58:00,GRFS,7.080999851226807,7.080999851226807,7.085000038146973,7.080999851226807,7.081900119781494,992.0
2024-03-01 13:58:00,GRPH,3.4600000381469727,3.4600000381469727,3.4600000381469727,3.4600000381469727,3.4600000381469727,134.0
2024-03-01 13:58:00,GRTS,2.125,2.125,2.130000114440918,2.125,2.130000114440918,1760.0
2024-03-01 13:58:00,GRTX,0.22990000247955322,0.22990000247955322,0.22990000247955322,0.22990000247955322,0.22990000247955322,200.0
2024-03-01 13:58:00,GTHX,3.7799999713897705,3.7799999713897705,3.805000066757202,3.7799999713897705,3.805000066757202,4829.0
2024-03-01 13:58:00,HALO,41.380001068115234,41.380001068115234,41.380001068115234,41.349998474121094,41.349998474121094,1434.0
2024-03-01 13:58:00,HARP,22.950000762939453,22.950000762939453,22.950000762939453,22.940000534057617,22.950000762939453,15730.0
2024-03-01 13:58:00,HCAT,8.119999885559082,8.119999885559082,8.119999885559082,8.119999885559082,8.119999885559082,574.0
2024-03-01 13:58:00,HCM,15.170000076293945,15.170000076293945,15.170000076293945,15.170000076293945,15.170000076293945,200.0
2024-03-01 13:58:00,HCSG,12.59000015258789,12.59000015258789,12.59000015258789,12.59000015258789,12.59000015258789,891.0
2024-03-01 13:58:00,HCTI,2.4000000953674316,2.4000000953674316,2.4000000953674316,2.4000000953674316,2.4000000953674316,2765.0
2024-03-01 13:58:00,HEPA,3.059999942779541,3.059999942779541,3.059999942779541,3.059999942779541,3.059999942779541,157.0
2024-03-01 13:58:00,HLTH,0.2712000012397766,0.2712000012397766,0.27140000462532043,0.2712000012397766,0.27140000462532043,1405.0
2024-03-01 13:58:00,HOLX,74.30000305175781,74.30000305175781,74.30000305175781,74.19000244140625,74.27999877929688,14421.0
2024-03-01 13:58:00,HOOK,0.7833099961280823,0.7833099961280823,0.7833099961280823,0.7833099961280823,0.7833099961280823,1036.0
2024-03-01 13:58:00,HRMY,31.709999084472656,31.709999084472656,31.709999084472656,31.709999084472656,31.709999084472656,492.0
2024-03-01 13:58:00,HRTX,2.575000047683716,2.575000047683716,2.575000047683716,2.5701000690460205,2.5701000690460205,642.0
2024-03-01 13:58:00,HSIC,76.80000305175781,76.80000305175781,76.80000305175781,76.7300033569336,76.7300033569336,4054.0
2024-03-01 13:58:00,HUMA,3.2799999713897705,3.2799999713897705,3.2850000858306885,3.2799999713897705,3.2850000858306885,1515.0
2024-03-01 13:58:00,IART,36.527000427246094,36.527000427246094,36.527000427246094,36.5,36.5,1941.0
2024-03-01 13:58:00,IBRX,4.885000228881836,4.885000228881836,4.885000228881836,4.870100021362305,4.870100021362305,22784.0
2024-03-01 13:58:00,ICCM,1.309999942779541,1.309999942779541,1.309999942779541,1.309999942779541,1.309999942779541,106.0
2024-03-01 13:58:00,ICLR,323.0849914550781,323.0849914550781,323.0849914550781,322.94000244140625,322.94000244140625,447.0
2024-03-01 13:58:00,ICUI,106.16000366210938,106.16000366210938,106.45999908447266,106.16000366210938,106.20999908447266,1609.0
2024-03-01 13:58:00,IMAB,1.8199000358581543,1.8199000358581543,1.8199000358581543,1.8199000358581543,1.8199000358581543,200.0
2024-03-01 13:58:00,IMNM,25.469999313354492,25.469999313354492,25.469999313354492,25.469999313354492,25.469999313354492,315.0
2024-03-01 13:58:00,IMNN,1.0140000581741333,1.0140000581741333,1.0199999809265137,1.0139000415802002,1.0139000415802002,6429.0
2024-03-01 13:58:00,INCY,59.45500183105469,59.45500183105469,59.45500183105469,59.43000030517578,59.43000030517578,458.0
2024-03-01 13:58:00,INGN,6.75,6.75,6.75,6.75,6.75,443.0
2024-03-01 13:58:00,INMD,22.87150001525879,22.87150001525879,22.87150001525879,22.87150001525879,22.87150001525879,399.0
2024-03-01 13:58:00,INO,9.642000198364258,9.642000198364258,9.642000198364258,9.626199722290039,9.630000114440918,1174.0
2024-03-01 13:58:00,INSM,28.219999313354492,28.219999313354492,28.229999542236328,28.219999313354492,28.229999542236328,558.0
2024-03-01 13:58:00,INVA,15.520000457763672,15.520000457763672,15.53499984741211,15.520000457763672,15.529999732971191,2378.0
2024-03-01 13:58:00,IOBT,1.7999999523162842,1.7999999523162842,1.8200000524520874,1.7999999523162842,1.8200000524520874,295.0
2024-03-01 13:58:00,IONS,45.97999954223633,45.97999954223633,46.01649856567383,45.97999954223633,46.01649856567383,2264.0
2024-03-01 13:58:00,IOVA,17.020000457763672,17.020000457763672,17.069900512695312,17.0049991607666,17.064899444580078,17798.0
2024-03-01 13:58:00,IPSC,3.860100030899048,3.860100030899048,3.890000104904175,3.860100030899048,3.890000104904175,306.0
2024-03-01 13:58:00,IRIX,2.640000104904175,2.640000104904175,2.640000104904175,2.640000104904175,2.640000104904175,628.0
2024-03-01 13:58:00,IRMD,41.540000915527344,41.540000915527344,41.584999084472656,41.540000915527344,41.584999084472656,291.0
2024-03-01 13:58:00,IRTC,121.12000274658203,121.12000274658203,121.12000274658203,121.12000274658203,121.12000274658203,222.0
2024-03-01 13:58:00,IRWD,9.020000457763672,9.020000457763672,9.024999618530273,9.020000457763672,9.020000457763672,6842.0
2024-03-01 13:58:00,ISRG,396.7149963378906,396.7149963378906,396.8500061035156,396.7149963378906,396.8500061035156,915.0
2024-03-01 13:58:00,ITCI,71.86000061035156,71.86000061035156,71.86000061035156,71.86000061035156,71.86000061035156,690.0
2024-03-01 13:58:00,JAGX,0.07689999788999557,0.07689999788999557,0.0771000012755394,0.07609999924898148,0.07670000195503235,302551.0
2024-03-01 13:58:00,JANX,46.18000030517578,46.18000030517578,46.18000030517578,46.18000030517578,46.18000030517578,144.0
2024-03-01 13:58:00,JAZZ,119.33000183105469,119.33000183105469,119.33000183105469,119.33000183105469,119.33000183105469,688.0
2024-03-01 13:58:00,KALV,14.204999923706055,14.204999923706055,14.204999923706055,14.204999923706055,14.204999923706055,324.0
2024-03-01 13:58:00,KNSA,21.860000610351562,21.860000610351562,21.860000610351562,21.81999969482422,21.829999923706055,1915.0
2024-03-01 13:58:00,KNTE,2.619999885559082,2.619999885559082,2.619999885559082,2.5999999046325684,2.5999999046325684,9958.0
2024-03-01 13:58:00,KOD,6.045000076293945,6.045000076293945,6.063600063323975,6.019999980926514,6.034999847412109,15406.0
2024-03-01 13:58:00,KPRX,0.657899022102356,0.657899022102356,0.6578999757766724,0.657899022102356,0.6578999757766724,1999.0
2024-03-01 13:58:00,KPTI,1.1950000524520874,1.1950000524520874,1.2000000476837158,1.190000057220459,1.1950000524520874,1906.0
2024-03-01 13:58:00,KRTX,316.6499938964844,316.6499938964844,316.6499938964844,316.6499938964844,316.6499938964844,150.0
2024-03-01 13:58:00,KRYS,169.30999755859375,169.30999755859375,169.30999755859375,169.10000610351562,169.15499877929688,1134.0
2024-03-01 13:58:00,KTRA,0.09929999709129333,0.09929999709129333,0.0997999981045723,0.09929999709129333,0.0997999981045723,1001.0
2024-03-01 13:58:00,KURA,21.84000015258789,21.84000015258789,21.84000015258789,21.780000686645508,21.780000686645508,3131.0
2024-03-01 13:58:00,KYMR,44.029998779296875,44.029998779296875,44.029998779296875,44.029998779296875,44.029998779296875,141.0
2024-03-01 13:58:00,KZIA,0.24699999392032623,0.24699999392032623,0.24699999392032623,0.24699999392032623,0.24699999392032623,277.0
2024-03-01 13:58:00,LAB,2.4700000286102295,2.4700000286102295,2.4700000286102295,2.4700000286102295,2.4700000286102295,705.0
2024-03-01 13:58:00,LEGN,65.76750183105469,65.76750183105469,65.81999969482422,65.76750183105469,65.80000305175781,1563.0
2024-03-01 13:58:00,LFMD,7.989999771118164,7.989999771118164,7.989999771118164,7.980000019073486,7.989999771118164,3378.0
2024-03-01 13:58:00,LFST,7.744999885559082,7.744999885559082,7.744999885559082,7.744999885559082,7.744999885559082,192.0
2024-03-01 13:58:00,LGND,78.0,78.0,78.0,78.0,78.0,429.0
2024-03-01 13:58:00,LIAN,4.860000133514404,4.860000133514404,4.860000133514404,4.860000133514404,4.860000133514404,110.0
2024-03-01 13:58:00,LMAT,68.44999694824219,68.44999694824219,68.44999694824219,68.2300033569336,68.2300033569336,2127.0
2024-03-01 13:58:00,LNTH,65.24040222167969,65.24040222167969,65.24040222167969,65.23999786376953,65.23999786376953,291.0
2024-03-01 13:58:00,LQDA,14.710000038146973,14.710000038146973,14.710000038146973,14.710000038146973,14.710000038146973,465.0
2024-03-01 13:58:00,LUNG,9.494999885559082,9.494999885559082,9.494999885559082,9.494999885559082,9.494999885559082,1965.0
2024-03-01 13:58:00,LVTX,2.880000114440918,2.880000114440918,2.880000114440918,2.8499999046325684,2.8508999347686768,3686.0
2024-03-01 13:58:00,LXRX,2.5250000953674316,2.5250000953674316,2.5250000953674316,2.5250000953674316,2.5250000953674316,400.0
2024-03-01 13:58:00,LYEL,3.194999933242798,3.194999933242798,3.200000047683716,3.190000057220459,3.200000047683716,16250.0
2024-03-01 13:58:00,LYRA,5.639999866485596,5.639999866485596,5.650000095367432,5.639999866485596,5.650000095367432,785.0
2024-03-01 13:58:00,MASI,128.25999450683594,128.25999450683594,128.27000427246094,128.25999450683594,128.27000427246094,694.0
2024-03-01 13:58:00,MCRB,1.190000057220459,1.190000057220459,1.1950000524520874,1.190000057220459,1.1950000524520874,481.0
2024-03-01 13:58:00,MDGL,249.79580688476562,249.79580688476562,250.61000061035156,249.79580688476562,249.89999389648438,2146.0
2024-03-01 13:58:00,MDRX,5.949999809265137,5.949999809265137,6.0,5.929999828338623,5.949999809265137,61411.0
2024-03-01 13:58:00,MDXG,8.630000114440918,8.630000114440918,8.630000114440918,8.630000114440918,8.630000114440918,3720.0
2024-03-01 13:58:00,MGNX,19.239999771118164,19.239999771118164,19.239999771118164,19.204999923706055,19.204999923706055,1131.0
2024-03-01 13:58:00,MGTX,6.449999809265137,6.449999809265137,6.449999809265137,6.449999809265137,6.449999809265137,598.0
2024-03-01 13:58:00,MLTX,51.16999816894531,51.16999816894531,51.16999816894531,51.15999984741211,51.15999984741211,348.0
2024-03-01 13:58:00,MMSI,76.12999725341797,76.12999725341797,76.16999816894531,76.0999984741211,76.0999984741211,928.0
2024-03-01 13:58:00,MNKD,4.574999809265137,4.574999809265137,4.579999923706055,4.574999809265137,4.579999923706055,2164.0
2024-03-01 13:58:00,MNMD,6.260000228881836,6.260000228881836,6.269999980926514,6.247900009155273,6.247900009155273,7230.0
2024-03-01 13:58:00,MODV,28.229999542236328,28.229999542236328,28.229999542236328,28.229999542236328,28.229999542236328,340.0
2024-03-01 13:58:00,MOTS,0.6579999923706055,0.6579999923706055,0.6579999923706055,0.6579999923706055,0.6579999923706055,211.0
2024-03-01 13:58:00,MREO,3.994999885559082,3.994999885559082,3.994999885559082,3.990000009536743,3.990000009536743,1981.0
2024-03-01 13:58:00,MRNA,95.4800033569336,95.4800033569336,95.5,95.36000061035156,95.4000015258789,7247.0
2024-03-01 13:58:00,MRNS,10.3100004196167,10.3100004196167,10.324999809265137,10.3100004196167,10.313799858093262,3012.0
2024-03-01 13:58:00,MRSN,5.96999979019165,5.96999979019165,5.989999771118164,5.960000038146973,5.980000019073486,6891.0
2024-03-01 13:58:00,MRUS,51.16999816894531,51.16999816894531,51.16999816894531,51.16999816894531,51.16999816894531,100.0
2024-03-01 13:58:00,MRVI,7.75,7.75,7.75,7.744999885559082,7.744999885559082,1398.0
2024-03-01 13:58:00,NARI,45.64500045776367,45.64500045776367,45.650001525878906,45.540000915527344,45.540000915527344,2765.0
2024-03-01 13:58:00,NBIX,131.91000366210938,131.91000366210938,131.99000549316406,131.91000366210938,131.99000549316406,369.0
2024-03-01 13:58:00,NEO,16.104999542236328,16.104999542236328,16.104999542236328,16.104999542236328,16.104999542236328,313.0
2024-03-01 13:58:00,NGM,1.5199999809265137,1.5199999809265137,1.524999976158142,1.5199999809265137,1.5199999809265137,1529.0
2024-03-01 13:58:00,NKTR,0.7777000069618225,0.7777000069618225,0.7777000069618225,0.7777000069618225,0.7777000069618225,500.0
2024-03-01 13:58:00,NKTX,12.829999923706055,12.829999923706055,12.854999542236328,12.829999923706055,12.854999542236328,812.0
2024-03-01 13:58:00,NNOX,11.029899597167969,11.029899597167969,11.029899597167969,11.024999618530273,11.024999618530273,1686.0
2024-03-01 13:58:00,NOTV,8.154999732971191,8.154999732971191,8.15999984741211,8.140000343322754,8.146400451660156,1097.0
2024-03-01 13:58:00,NRBO,5.945000171661377,5.945000171661377,5.945000171661377,5.945000171661377,5.945000171661377,100.0
2024-03-01 13:58:00,NRIX,13.828700065612793,13.828700065612793,13.869999885559082,13.828700065612793,13.869999885559082,500.0
2024-03-01 13:58:00,NRXP,0.41999998688697815,0.41999998688697815,0.41999998688697815,0.41999998688697815,0.41999998688697815,295.0
2024-03-01 13:58:00,NTLA,33.474998474121094,33.474998474121094,33.474998474121094,33.474998474121094,33.474998474121094,596.0
2024-03-01 13:58:00,NTRA,89.20500183105469,89.20500183105469,89.25499725341797,89.20500183105469,89.25499725341797,1627.0
2024-03-01 13:58:00,NUVL,87.87000274658203,87.87000274658203,87.87999725341797,87.62000274658203,87.62000274658203,2084.0
2024-03-01 13:58:00,NUWE,0.5779989957809448,0.5779989957809448,0.5779989957809448,0.5779989957809448,0.5779989957809448,105.0
2024-03-01 13:58:00,NVAX,5.210000038146973,5.210000038146973,5.210000038146973,5.199999809265137,5.199999809265137,421.0
2024-03-01 13:58:00,NVCR,16.045000076293945,16.045000076293945,16.045000076293945,16.040000915527344,16.040000915527344,393.0
2024-03-01 13:58:00,NVOS,0.6269999742507935,0.6269999742507935,0.6377999782562256,0.6269999742507935,0.6377999782562256,2550.0
2024-03-01 13:58:00,NXGL,2.380000114440918,2.380000114440918,2.380000114440918,2.380000114440918,2.380000114440918,271.0
2024-03-01 13:58:00,NXTC,1.7899999618530273,1.7899999618530273,1.7899999618530273,1.7699999809265137,1.774999976158142,3000.0
2024-03-01 13:58:00,OCGN,0.9501000046730042,0.9501000046730042,0.9629999995231628,0.9501000046730042,0.9629999995231628,4881.0
2024-03-01 13:58:00,OCUL,10.75,10.75,10.8100004196167,10.75,10.8100004196167,6751.0
2024-03-01 13:58:00,OCUP,2.4800000190734863,2.4800000190734863,2.4800000190734863,2.4800000190734863,2.4800000190734863,200.0
2024-03-01 13:58:00,OFIX,12.949999809265137,12.949999809265137,12.949999809265137,12.949999809265137,12.949999809265137,442.0
2024-03-01 13:58:00,OGI,2.194999933242798,2.194999933242798,2.194999933242798,2.194999933242798,2.194999933242798,700.0
2024-03-01 13:58:00,OLK,22.940000534057617,22.940000534057617,22.959999084472656,22.940000534057617,22.959999084472656,1727.0
2024-03-01 13:58:00,OLMA,14.911999702453613,14.911999702453613,14.930000305175781,14.89430046081543,14.899999618530273,2114.0
2024-03-01 13:58:00,OM,3.1424999237060547,3.1424999237060547,3.1500000953674316,3.1424999237060547,3.1500000953674316,492.0
2024-03-01 13:58:00,OMCL,26.325000762939453,26.325000762939453,26.325000762939453,26.325000762939453,26.325000762939453,256.0
2024-03-01 13:58:00,OMER,4.78000020980835,4.78000020980835,4.78000020980835,4.78000020980835,4.78000020980835,615.0
2024-03-01 13:58:00,OMGA,4.354000091552734,4.354000091552734,4.354000091552734,4.354000091552734,4.354000091552734,2100.0
2024-03-01 13:58:00,OMIC,0.6000999808311462,0.6000999808311462,0.6049000024795532,0.6000999808311462,0.6049000024795532,1000.0
2024-03-01 13:59:00,AADI,1.9950000047683716,1.9950000047683716,1.9950000047683716,1.9950000047683716,1.9950000047683716,365.0
2024-03-01 13:59:00,ABCL,5.188799858093262,5.188799858093262,5.188799858093262,5.184999942779541,5.184999942779541,1021.0
2024-03-01 13:59:00,ABOS,4.630000114440918,4.630000114440918,4.630000114440918,4.625,4.630000114440918,2523.0
2024-03-01 13:59:00,ABSI,5.510000228881836,5.510000228881836,5.519999980926514,5.505000114440918,5.519999980926514,15472.0
2024-03-01 13:59:00,ACAD,24.31999969482422,24.31999969482422,24.31999969482422,24.295000076293945,24.299999237060547,3422.0
2024-03-01 13:59:00,ACB,3.2200000286102295,3.2200000286102295,3.2200000286102295,3.2151999473571777,3.219899892807007,626.0
2024-03-01 13:59:00,ACCD,10.09000015258789,10.09000015258789,10.09000015258789,10.09000015258789,10.09000015258789,132.0
2024-03-01 13:59:00,ACET,2.3949999809265137,2.3949999809265137,2.4000000953674316,2.390000104904175,2.4000000953674316,2810.0
2024-03-01 13:59:00,ACHC,84.38500213623047,84.38500213623047,84.38500213623047,84.16999816894531,84.16999816894531,2065.0
2024-03-01 13:59:00,ACHV,4.360000133514404,4.360000133514404,4.360000133514404,4.349999904632568,4.349999904632568,200.0
2024-03-01 13:59:00,ACLX,68.36000061035156,68.36000061035156,68.375,68.30000305175781,68.30000305175781,536.0
2024-03-01 13:59:00,ACRS,1.2300000190734863,1.2300000190734863,1.2300000190734863,1.2300000190734863,1.2300000190734863,100.0
2024-03-01 13:59:00,ACXP,3.0399999618530273,3.0399999618530273,3.0399999618530273,3.0399999618530273,3.0399999618530273,180.0
2024-03-01 13:59:00,ADIL,3.315000057220459,3.315000057220459,3.3299999237060547,3.2899999618530273,3.299999952316284,16362.0
2024-03-01 13:59:00,ADMA,5.554999828338623,5.554999828338623,5.554999828338623,5.550000190734863,5.550000190734863,2370.0
2024-03-01 13:59:00,ADPT,4.114999771118164,4.114999771118164,4.130000114440918,4.110000133514404,4.115799903869629,7571.0
2024-03-01 13:59:00,ADVM,1.965000033378601,1.965000033378601,1.965000033378601,1.9609999656677246,1.9609999656677246,4306.0
2024-03-01 13:59:00,AFMD,0.6499999761581421,0.6499999761581421,0.6499999761581421,0.6499999761581421,0.6499999761581421,100.0
2024-03-01 13:59:00,AGEN,0.6745749711990356,0.6745749711990356,0.6746000051498413,0.6744999885559082,0.6745749711990356,7420.0
2024-03-01 13:59:00,AGIO,32.82500076293945,32.82500076293945,32.82500076293945,32.779998779296875,32.779998779296875,1257.0
2024-03-01 13:59:00,AGRX,0.8399999737739563,0.8399999737739563,0.8399999737739563,0.8370000123977661,0.8370000123977661,32797.0
2024-03-01 13:59:00,AHCO,10.550000190734863,10.550000190734863,10.5600004196167,10.550000190734863,10.5600004196167,3657.0
2024-03-01 13:59:00,AIH,0.5,0.5,0.5,0.5,0.5,100.0
2024-03-01 13:59:00,AIMD,0.9733489751815796,0.9733489751815796,0.9733489751815796,0.9733489751815796,0.9733489751815796,920.0
2024-03-01 13:59:00,AKAN,0.20999999344348907,0.20999999344348907,0.2102999985218048,0.20999999344348907,0.20999999344348907,6389.0
2024-03-01 13:59:00,AKBA,1.684999942779541,1.684999942779541,1.690000057220459,1.6827000379562378,1.6827000379562378,803.0
2024-03-01 13:59:00,AKLI,0.35989999771118164,0.35989999771118164,0.35989999771118164,0.35989999771118164,0.35989999771118164,420.0
2024-03-01 13:59:00,AKRO,30.139999389648438,30.139999389648438,30.139999389648438,30.024999618530273,30.024999618530273,4286.0
2024-03-01 13:59:00,AKYA,5.989999771118164,5.989999771118164,5.989999771118164,5.989999771118164,5.989999771118164,100.0
2024-03-01 13:59:00,ALDX,4.320099830627441,4.320099830627441,4.320099830627441,4.320099830627441,4.320099830627441,378.0
2024-03-01 13:59:00,ALEC,7.389999866485596,7.389999866485596,7.389999866485596,7.369999885559082,7.369999885559082,3197.0
2024-03-01 13:59:00,ALHC,5.679999828338623,5.679999828338623,5.690000057220459,5.679999828338623,5.690000057220459,1319.0
2024-03-01 13:59:00,ALKS,30.235000610351562,30.235000610351562,30.25,30.235000610351562,30.239999771118164,1569.0
2024-03-01 13:59:00,ALLK,1.6749999523162842,1.6749999523162842,1.6799999475479126,1.6749999523162842,1.6799999475479126,500.0
2024-03-01 13:59:00,ALNY,153.2100067138672,153.2100067138672,153.2100067138672,153.2100067138672,153.2100067138672,480.0
2024-03-01 13:59:00,ALPN,35.95500183105469,35.95500183105469,35.959999084472656,35.92499923706055,35.959999084472656,1077.0
2024-03-01 13:59:00,ALT,12.152400016784668,12.152400016784668,12.15999984741211,12.109999656677246,12.109999656677246,38441.0
2024-03-01 13:59:00,ALVR,0.7552000284194946,0.7552000284194946,0.7552000284194946,0.7552000284194946,0.7552000284194946,2947.0
2024-03-01 13:59:00,ALXO,15.079999923706055,15.079999923706055,15.079999923706055,15.079999923706055,15.079999923706055,477.0
2024-03-01 13:59:00,AMGN,280.69000244140625,280.69000244140625,280.7699890136719,280.6300048828125,280.6300048828125,3335.0
2024-03-01 13:59:00,AMLX,18.63800048828125,18.63800048828125,18.639999389648438,18.6299991607666,18.6299991607666,875.0
2024-03-01 13:59:00,AMPH,45.55500030517578,45.55500030517578,45.560001373291016,45.4900016784668,45.4900016784668,1481.0
2024-03-01 13:59:00,AMRN,1.0549999475479126,1.0549999475479126,1.0549999475479126,1.0499999523162842,1.0499999523162842,608.0
2024-03-01 13:59:00,ANGO,5.5,5.5,5.5,5.5,5.5,135.0
2024-03-01 13:59:00,ANIP,67.01000213623047,67.01000213623047,67.01000213623047,67.01000213623047,67.01000213623047,105.0
2024-03-01 13:59:00,ANIX,3.5199999809265137,3.5199999809265137,3.5199999809265137,3.5199999809265137,3.5199999809265137,647.0
2024-03-01 13:59:00,ANNX,6.159999847412109,6.159999847412109,6.170000076293945,6.150000095367432,6.159999847412109,6302.0
2024-03-01 13:59:00,APLS,65.25,65.25,65.25499725341797,65.21499633789062,65.23999786376953,2290.0
2024-03-01 13:59:00,APLT,7.110000133514404,7.110000133514404,7.110000133514404,7.110000133514404,7.110000133514404,626.0
2024-03-01 13:59:00,AQST,4.25,4.25,4.260000228881836,4.25,4.260000228881836,1462.0
2024-03-01 13:59:00,ARAY,2.640000104904175,2.640000104904175,2.640000104904175,2.640000104904175,2.640000104904175,115.0
2024-03-01 13:59:00,ARCT,39.7400016784668,39.7400016784668,39.7400016784668,39.7400016784668,39.7400016784668,399.0
2024-03-01 13:59:00,ARDX,9.5,9.5,9.5,9.494999885559082,9.49940013885498,2955.0
2024-03-01 13:59:00,ARQT,11.739999771118164,11.739999771118164,11.739999771118164,11.729999542236328,11.729999542236328,637.0
2024-03-01 13:59:00,ARVN,48.8849983215332,48.8849983215332,48.8849983215332,48.869998931884766,48.869998931884766,300.0
2024-03-01 13:59:00,ARWR,35.77000045776367,35.77000045776367,35.77000045776367,35.75,35.75,1703.0
2024-03-01 13:59:00,ASND,152.9499969482422,152.9499969482422,152.9499969482422,152.9499969482422,152.9499969482422,276.0
2024-03-01 13:59:00,ASRT,0.9100000262260437,0.9100000262260437,0.9100000262260437,0.9100000262260437,0.9100000262260437,1683.0
2024-03-01 13:59:00,ATAI,2.1679999828338623,2.1679999828338623,2.1700000762939453,2.134999990463257,2.140000104904175,20684.0
2024-03-01 13:59:00,ATEC,13.430000305175781,13.430000305175781,13.430000305175781,13.430000305175781,13.430000305175781,493.0
2024-03-01 13:59:00,ATHA,3.9749999046325684,3.9749999046325684,3.9749999046325684,3.9749999046325684,3.9749999046325684,150.0
2024-03-01 13:59:00,ATOS,1.0099999904632568,1.0099999904632568,1.0099999904632568,1.0099999904632568,1.0099999904632568,147.0
2024-03-01 13:59:00,ATRA,0.7861999869346619,0.7861999869346619,0.7861999869346619,0.7861999869346619,0.7861999869346619,345.0
2024-03-01 13:59:00,ATXS,14.739999771118164,14.739999771118164,14.779999732971191,14.729999542236328,14.770000457763672,5982.0
2024-03-01 13:59:00,AUGX,4.565000057220459,4.565000057220459,4.565000057220459,4.565000057220459,4.565000057220459,100.0
2024-03-01 13:59:00,AUPH,5.840000152587891,5.840000152587891,5.840000152587891,5.832499980926514,5.835000038146973,1107.0
2024-03-01 13:59:00,AUTL,6.369999885559082,6.369999885559082,6.380000114440918,6.369999885559082,6.380000114440918,204.0
2024-03-01 13:59:00,AVDL,13.170000076293945,13.170000076293945,13.170000076293945,13.170000076293945,13.170000076293945,530.0
2024-03-01 13:59:00,AVIR,4.479700088500977,4.479700088500977,4.480000019073486,4.474999904632568,4.474999904632568,677.0
2024-03-01 13:59:00,AVXL,5.340000152587891,5.340000152587891,5.340000152587891,5.340000152587891,5.340000152587891,323.0
2024-03-01 13:59:00,AXGN,10.520000457763672,10.520000457763672,10.520000457763672,10.520000457763672,10.520000457763672,201.0
2024-03-01 13:59:00,AXNX,67.70999908447266,67.70999908447266,67.72000122070312,67.70999908447266,67.71759796142578,1071.0
2024-03-01 13:59:00,AXSM,82.1500015258789,82.1500015258789,82.1500015258789,82.11000061035156,82.1500015258789,726.0
2024-03-01 13:59:00,AZN,64.69499969482422,64.69499969482422,64.69499969482422,64.68000030517578,64.68000030517578,4467.0
2024-03-01 13:59:00,AZTA,67.02999877929688,67.02999877929688,67.02999877929688,66.99500274658203,66.99500274658203,367.0
2024-03-01 13:59:00,BCAB,2.694999933242798,2.694999933242798,2.694999933242798,2.694999933242798,2.694999933242798,100.0
2024-03-01 13:59:00,BCYC,26.059999465942383,26.059999465942383,26.104999542236328,26.059999465942383,26.104999542236328,244.0
2024-03-01 13:59:00,BDTX,4.929999828338623,4.929999828338623,4.940000057220459,4.929999828338623,4.940000057220459,1400.0
2024-03-01 13:59:00,BGXX,0.25999999046325684,0.25999999046325684,0.25999999046325684,0.2572000026702881,0.25999999046325684,20140.0
2024-03-01 13:59:00,BIIB,221.58169555664062,221.58169555664062,221.58169555664062,221.58169555664062,221.58169555664062,395.0
2024-03-01 13:59:00,BIOL,0.14489999413490295,0.14489999413490295,0.14489999413490295,0.14470000565052032,0.14489999413490295,9834.0
2024-03-01 13:59:00,BIOR,1.0915000438690186,1.0915000438690186,1.0950000286102295,1.0915000438690186,1.0950000286102295,1378.0
2024-03-01 13:59:00,BIVI,2.069999933242798,2.069999933242798,2.0899999141693115,2.059999942779541,2.076900005340576,48213.0
2024-03-01 13:59:00,BLFS,18.2450008392334,18.2450008392334,18.2450008392334,18.19499969482422,18.19499969482422,916.0
2024-03-01 13:59:00,BLRX,1.3701000213623047,1.3701000213623047,1.371000051498413,1.3701000213623047,1.371000051498413,935.0
2024-03-01 13:59:00,BLUE,1.5950000286102295,1.5950000286102295,1.600000023841858,1.590000033378601,1.5932999849319458,19035.0
2024-03-01 13:59:00,BMEA,18.241500854492188,18.241500854492188,18.241500854492188,18.209999084472656,18.228300094604492,1098.0
2024-03-01 13:59:00,BMRN,87.92130279541016,87.92130279541016,87.92130279541016,87.88999938964844,87.9000015258789,1556.0
2024-03-01 13:59:00,BNTX,91.20999908447266,91.20999908447266,91.20999908447266,91.20999908447266,91.20999908447266,222.0
2024-03-01 13:59:00,BPMC,96.82499694824219,96.82499694824219,96.9000015258789,96.73999786376953,96.9000015258789,675.0
2024-03-01 13:59:00,BRKR,88.44999694824219,88.44999694824219,88.44999694824219,88.44999694824219,88.44999694824219,941.0
2024-03-01 13:59:00,BTTX,0.18300099670886993,0.18300099670886993,0.18300099670886993,0.18300099670886993,0.18300099670886993,1000.0
2024-03-01 13:59:00,BVS,4.739999771118164,4.739999771118164,4.760000228881836,4.739999771118164,4.755000114440918,1916.0
2024-03-01 13:59:00,CARA,0.9297999739646912,0.9297999739646912,0.9297999739646912,0.9200000166893005,0.9200000166893005,820.0
2024-03-01 13:59:00,CBAY,32.23500061035156,32.23500061035156,32.23500061035156,32.2327995300293,32.2327995300293,1030.0
2024-03-01 13:59:00,CCCC,11.0,11.0,11.0,10.984999656677246,11.0,3269.0
2024-03-01 13:59:00,CDMO,8.119999885559082,8.119999885559082,8.119999885559082,8.119999885559082,8.119999885559082,304.0
2024-03-01 13:59:00,CDNA,12.46500015258789,12.46500015258789,12.470000267028809,12.46500015258789,12.470000267028809,1027.0
2024-03-01 13:59:00,CDXS,4.525000095367432,4.525000095367432,4.525000095367432,4.521999835968018,4.521999835968018,1838.0
2024-03-01 13:59:00,CELC,16.389999389648438,16.389999389648438,16.389999389648438,16.389999389648438,16.389999389648438,656.0
2024-03-01 13:59:00,CERE,41.099998474121094,41.099998474121094,41.10499954223633,41.099998474121094,41.10499954223633,1367.0
2024-03-01 13:59:00,CERS,2.184999942779541,2.184999942779541,2.184999942779541,2.184999942779541,2.184999942779541,244.0
2024-03-01 13:59:00,CERT,17.889999389648438,17.889999389648438,17.889999389648438,17.889999389648438,17.889999389648438,1184.0
2024-03-01 13:59:00,CGC,3.246500015258789,3.246500015258789,3.2481000423431396,3.246500015258789,3.2481000423431396,2342.0
2024-03-01 13:59:00,CHEK,2.0999999046325684,2.0999999046325684,2.0999999046325684,2.0999999046325684,2.0999999046325684,1010.0
2024-03-01 13:59:00,CHRS,2.4000000953674316,2.4000000953674316,2.4049999713897705,2.4000000953674316,2.4000000953674316,705.0
2024-03-01 13:59:00,CKPT,2.190000057220459,2.190000057220459,2.190000057220459,2.190000057220459,2.190000057220459,100.0
2024-03-01 13:59:00,CLDX,52.10499954223633,52.10499954223633,52.150001525878906,51.95000076293945,51.959999084472656,7004.0
2024-03-01 13:59:00,CLOV,0.8726500272750854,0.8726500272750854,0.8726500272750854,0.871399998664856,0.871399998664856,16868.0
2024-03-01 13:59:00,CLRB,4.099999904632568,4.099999904632568,4.099999904632568,4.099999904632568,4.099999904632568,2253.0
2024-03-01 13:59:00,CLSD,1.3700000047683716,1.3700000047683716,1.3700000047683716,1.3700000047683716,1.3700000047683716,100.0
2024-03-01 13:59:00,CMPS,11.359999656677246,11.359999656677246,11.359999656677246,11.359999656677246,11.359999656677246,406.0
2024-03-01 13:59:00,CMPX,1.888100028038025,1.888100028038025,1.888100028038025,1.888100028038025,1.888100028038025,420.0
2024-03-01 13:59:00,CNTA,10.90999984741211,10.90999984741211,10.90999984741211,10.90999984741211,10.90999984741211,317.0
2024-03-01 13:59:00,COGT,7.204999923706055,7.204999923706055,7.204999923706055,7.204999923706055,7.204999923706055,531.0
2024-03-01 13:59:00,COLL,36.76499938964844,36.76499938964844,36.77000045776367,36.7599983215332,36.7599983215332,496.0
2024-03-01 13:59:00,CORT,24.40999984741211,24.40999984741211,24.40999984741211,24.389999389648438,24.40999984741211,1661.0
2024-03-01 13:59:00,CPRX,17.420000076293945,17.420000076293945,17.454999923706055,17.420000076293945,17.454999923706055,3404.0
2024-03-01 13:59:00,CPSI,9.489999771118164,9.489999771118164,9.5,9.489999771118164,9.489999771118164,1529.0
2024-03-01 13:59:00,CRBU,7.860000133514404,7.860000133514404,7.87470006942749,7.860000133514404,7.869999885559082,1521.0
2024-03-01 13:59:00,CRDF,2.460099935531616,2.460099935531616,2.490000009536743,2.4491000175476074,2.4491000175476074,22867.0
2024-03-01 13:59:00,CRDL,1.9900000095367432,1.9900000095367432,1.9900000095367432,1.98989999294281,1.98989999294281,13483.0
2024-03-01 13:59:00,CRMD,3.700000047683716,3.700000047683716,3.7049999237060547,3.700000047683716,3.7049999237060547,302.0
2024-03-01 13:59:00,CRNX,46.720001220703125,46.720001220703125,46.75,46.630001068115234,46.64649963378906,6654.0
2024-03-01 13:59:00,CRON,2.049999952316284,2.049999952316284,2.055000066757202,2.0399999618530273,2.055000066757202,16268.0
2024-03-01 13:59:00,CRSP,85.80999755859375,85.80999755859375,85.8499984741211,85.78500366210938,85.78500366210938,1049.0
2024-03-01 13:59:00,CTKB,8.989999771118164,8.989999771118164,8.989999771118164,8.970000267028809,8.970000267028809,1653.0
2024-03-01 13:59:00,CTMX,2.5999999046325684,2.5999999046325684,2.5999999046325684,2.5950000286102295,2.5950000286102295,1207.0
2024-03-01 13:59:00,CVAC,3.498800039291382,3.498800039291382,3.498800039291382,3.490000009536743,3.490000009536743,1149.0
2024-03-01 13:59:00,CVRX,20.795000076293945,20.795000076293945,20.795000076293945,20.795000076293945,20.795000076293945,313.0
2024-03-01 13:59:00,CYTK,72.6500015258789,72.6500015258789,72.72000122070312,72.6500015258789,72.72000122070312,2582.0
2024-03-01 13:59:00,CYTO,2.359999895095825,2.359999895095825,2.359999895095825,2.359999895095825,2.359999895095825,119.0
2024-03-01 13:59:00,DAWN,17.604999542236328,17.604999542236328,17.604999542236328,17.604999542236328,17.604999542236328,430.0
2024-03-01 13:59:00,DCPH,17.510000228881836,17.510000228881836,17.520000457763672,17.510000228881836,17.510000228881836,698.0
2024-03-01 13:59:00,DH,8.800000190734863,8.800000190734863,8.8100004196167,8.800000190734863,8.800000190734863,328.0
2024-03-01 13:59:00,DMTK,0.8499000072479248,0.8499000072479248,0.8500000238418579,0.8459500074386597,0.8496000170707703,30700.0
2024-03-01 13:59:00,DNLI,21.219999313354492,21.219999313354492,21.219999313354492,21.219999313354492,21.219999313354492,680.0
2024-03-01 13:59:00,DTIL,12.359999656677246,12.359999656677246,12.359999656677246,12.359999656677246,12.359999656677246,909.0
2024-03-01 13:59:00,DVAX,12.885000228881836,12.885000228881836,12.885000228881836,12.885000228881836,12.885000228881836,365.0
2024-03-01 13:59:00,DXCM,121.760498046875,121.760498046875,121.80000305175781,121.7300033569336,121.79499816894531,6625.0
2024-03-01 13:59:00,DYN,28.68000030517578,28.68000030517578,28.739999771118164,28.68000030517578,28.739999771118164,407.0
2024-03-01 13:59:00,EDIT,10.904999732971191,10.904999732971191,10.904999732971191,10.904999732971191,10.904999732971191,400.0
2024-03-01 13:59:00,EIGR,7.2600998878479,7.2600998878479,7.414999961853027,7.2600998878479,7.414999961853027,512.0
2024-03-01 13:59:00,ELEV,5.054999828338623,5.054999828338623,5.070000171661377,5.040599822998047,5.054999828338623,1199.0
2024-03-01 13:59:00,EMBC,14.3100004196167,14.3100004196167,14.3100004196167,14.3100004196167,14.3100004196167,660.0
2024-03-01 13:59:00,ENSC,0.926800012588501,0.926800012588501,0.926800012588501,0.926800012588501,0.926800012588501,226.0
2024-03-01 13:59:00,ENTA,15.430000305175781,15.430000305175781,15.430000305175781,15.430000305175781,15.430000305175781,108.0
2024-03-01 13:59:00,ENVB,1.5099999904632568,1.5099999904632568,1.5299999713897705,1.5099999904632568,1.5199999809265137,3322.0
2024-03-01 13:59:00,EPIX,9.428899765014648,9.428899765014648,9.428899765014648,9.428899765014648,9.428899765014648,1070.0
2024-03-01 13:59:00,ESPR,2.549999952316284,2.549999952316284,2.549999952316284,2.549999952316284,2.549999952316284,1302.0
2024-03-01 13:59:00,ETNB,12.920000076293945,12.920000076293945,12.9350004196167,12.920000076293945,12.9350004196167,1577.0
2024-03-01 13:59:00,EVGN,0.9650999903678894,0.9650999903678894,0.9650999903678894,0.9599999785423279,0.9599999785423279,800.0
2024-03-01 13:59:00,EWTX,17.010000228881836,17.010000228881836,17.010000228881836,17.010000228881836,17.010000228881836,460.0
2024-03-01 13:59:00,EXAI,6.739999771118164,6.739999771118164,6.739999771118164,6.739999771118164,6.739999771118164,190.0
2024-03-01 13:59:00,EXAS,60.099998474121094,60.099998474121094,60.099998474121094,60.06999969482422,60.08000183105469,1239.0
2024-03-01 13:59:00,EXEL,22.4950008392334,22.4950008392334,22.5049991607666,22.489999771118164,22.5,4158.0
2024-03-01 13:59:00,EYPT,27.961999893188477,27.961999893188477,27.961999893188477,27.961999893188477,27.961999893188477,303.0
2024-03-01 13:59:00,FATE,7.739999771118164,7.739999771118164,7.739999771118164,7.739999771118164,7.739999771118164,2531.0
2024-03-01 13:59:00,FDMT,29.309999465942383,29.309999465942383,29.334999084472656,29.299999237060547,29.309999465942383,1109.0
2024-03-01 13:59:00,FGEN,1.8650000095367432,1.8650000095367432,1.8700000047683716,1.8619999885559082,1.8650000095367432,3292.0
2024-03-01 13:59:00,FHTX,8.140000343322754,8.140000343322754,8.1899995803833,8.0600004196167,8.0600004196167,6406.0
2024-03-01 13:59:00,FLGC,1.1500999927520752,1.1500999927520752,1.159999966621399,1.149999976158142,1.1512999534606934,1024.0
2024-03-01 13:59:00,FNCH,2.7200000286102295,2.7200000286102295,2.7200000286102295,2.7200000286102295,2.7200000286102295,1058.0
2024-03-01 13:59:00,FULC,11.100000381469727,11.100000381469727,11.100000381469727,11.09000015258789,11.09000015258789,668.0
2024-03-01 13:59:00,FUSN,12.289999961853027,12.289999961853027,12.289999961853027,12.279999732971191,12.279999732971191,1086.0
2024-03-01 13:59:00,GALT,1.975000023841858,1.975000023841858,1.975000023841858,1.975000023841858,1.975000023841858,216.0
2024-03-01 13:59:00,GANX,4.639999866485596,4.639999866485596,4.639999866485596,4.639999866485596,4.639999866485596,100.0
2024-03-01 13:59:00,GDRX,8.350000381469727,8.350000381469727,8.354999542236328,8.350000381469727,8.354999542236328,660.0
2024-03-01 13:59:00,GERN,2.2799999713897705,2.2799999713897705,2.288300037384033,2.2799999713897705,2.2850000858306885,16290.0
2024-03-01 13:59:00,GILD,72.40499877929688,72.40499877929688,72.42500305175781,72.4000015258789,72.40499877929688,7642.0
2024-03-01 13:59:00,GLYC,3.0399999618530273,3.0399999618530273,3.0399999618530273,3.0399999618530273,3.0399999618530273,143.0
2024-03-01 13:59:00,GMAB,29.420000076293945,29.420000076293945,29.420000076293945,29.40999984741211,29.40999984741211,323.0
2024-03-01 13:59:00,GNFT,3.634999990463257,3.634999990463257,3.6500000953674316,3.634999990463257,3.634999990463257,3765.0
2024-03-01 13:59:00,GNPX,4.599999904632568,4.599999904632568,4.599999904632568,4.599400043487549,4.599400043487549,302.0
2024-03-01 13:59:00,GOSS,1.419800043106079,1.419800043106079,1.419800043106079,1.419800043106079,1.419800043106079,125.0
2024-03-01 13:59:00,GOVX,2.559999942779541,2.559999942779541,2.559999942779541,2.559999942779541,2.559999942779541,287.0
2024-03-01 13:59:00,GRFS,7.080999851226807,7.080999851226807,7.085000038146973,7.080999851226807,7.080999851226807,818.0
2024-03-01 13:59:00,GRPH,3.4600000381469727,3.4600000381469727,3.4600000381469727,3.4600000381469727,3.4600000381469727,623.0
2024-03-01 13:59:00,GRTS,2.134999990463257,2.134999990463257,2.134999990463257,2.12280011177063,2.125,13932.0
2024-03-01 13:59:00,GRTX,0.2298000007867813,0.2298000007867813,0.22990000247955322,0.2298000007867813,0.22990000247955322,503.0
2024-03-01 13:59:00,GTHX,3.7899999618530273,3.7899999618530273,3.7899999618530273,3.7850000858306885,3.7899999618530273,887.0
2024-03-01 13:59:00,HALO,41.380001068115234,41.380001068115234,41.380001068115234,41.36000061035156,41.380001068115234,1575.0
2024-03-01 13:59:00,HARP,22.950000762939453,22.950000762939453,22.950000762939453,22.940000534057617,22.940000534057617,1611.0
2024-03-01 13:59:00,HCAT,8.140000343322754,8.140000343322754,8.140000343322754,8.140000343322754,8.140000343322754,634.0
2024-03-01 13:59:00,HCM,15.170000076293945,15.170000076293945,15.170000076293945,15.170000076293945,15.170000076293945,304.0
2024-03-01 13:59:00,HCTI,2.4000000953674316,2.4000000953674316,2.4000000953674316,2.4000000953674316,2.4000000953674316,345.0
2024-03-01 13:59:00,HOLX,74.31999969482422,74.31999969482422,74.31999969482422,74.30000305175781,74.30999755859375,12136.0
2024-03-01 13:59:00,HOOK,0.78329998254776,0.78329998254776,0.78329998254776,0.78329998254776,0.78329998254776,460.0
2024-03-01 13:59:00,HPCO,0.2500999867916107,0.2500999867916107,0.2500999867916107,0.2500999867916107,0.2500999867916107,1273.0
2024-03-01 13:59:00,HQY,81.2699966430664,81.2699966430664,81.2699966430664,81.2699966430664,81.2699966430664,443.0
2024-03-01 13:59:00,HRMY,31.670000076293945,31.670000076293945,31.670000076293945,31.670000076293945,31.670000076293945,580.0
2024-03-01 13:59:00,HRTX,2.565000057220459,2.565000057220459,2.569999933242798,2.565000057220459,2.569999933242798,18389.0
2024-03-01 13:59:00,HSCS,0.11749999970197678,0.11749999970197678,0.11749999970197678,0.11744999885559082,0.11744999885559082,248.0
2024-03-01 13:59:00,HSIC,76.87999725341797,76.87999725341797,76.87999725341797,76.79000091552734,76.79900360107422,7240.0
2024-03-01 13:59:00,HSTM,27.329999923706055,27.329999923706055,27.329999923706055,27.329999923706055,27.329999923706055,508.0
2024-03-01 13:59:00,HUMA,3.2850000858306885,3.2850000858306885,3.2850000858306885,3.2799999713897705,3.2850000858306885,1536.0
2024-03-01 13:59:00,IART,36.529998779296875,36.529998779296875,36.529998779296875,36.529998779296875,36.529998779296875,978.0
2024-03-01 13:59:00,IBRX,4.889999866485596,4.889999866485596,4.889999866485596,4.880000114440918,4.881199836730957,3580.0
2024-03-01 13:59:00,ICAD,1.8519999980926514,1.8519999980926514,1.8519999980926514,1.8519999980926514,1.8519999980926514,500.0
2024-03-01 13:59:00,ICLR,323.32501220703125,323.32501220703125,323.32501220703125,323.29400634765625,323.29400634765625,560.0
2024-03-01 13:59:00,ICUI,106.1449966430664,106.1449966430664,106.16000366210938,106.1449966430664,106.16000366210938,656.0
2024-03-01 13:59:00,IDXX,580.3250122070312,580.3250122070312,580.3250122070312,580.3200073242188,580.3200073242188,619.0
2024-03-01 13:59:00,IDYA,46.869998931884766,46.869998931884766,46.869998931884766,46.869998931884766,46.869998931884766,339.0
2024-03-01 13:59:00,ILMN,142.2899932861328,142.2899932861328,142.32000732421875,142.2899932861328,142.32000732421875,519.0
2024-03-01 13:59:00,IMMX,3.559999942779541,3.559999942779541,3.559999942779541,3.559999942779541,3.559999942779541,236.0
2024-03-01 13:59:00,IMNN,1.0199999809265137,1.0199999809265137,1.0199999809265137,1.0199999809265137,1.0199999809265137,427.0
2024-03-01 13:59:00,IMUX,1.475000023841858,1.475000023841858,1.4800000190734863,1.4701000452041626,1.475000023841858,21303.0
2024-03-01 13:59:00,IMVT,35.94499969482422,35.94499969482422,35.95000076293945,35.939998626708984,35.95000076293945,791.0
2024-03-01 13:59:00,INBX,36.55500030517578,36.55500030517578,36.55500030517578,36.55500030517578,36.55500030517578,348.0
2024-03-01 13:59:00,INCY,59.46500015258789,59.46500015258789,59.467498779296875,59.46500015258789,59.467498779296875,702.0
2024-03-01 13:59:00,INGN,6.75,6.75,6.75,6.75,6.75,105.0
2024-03-01 13:59:00,INMD,22.875,22.875,22.8799991607666,22.875,22.8799991607666,763.0
2024-03-01 13:59:00,INO,9.619999885559082,9.619999885559082,9.619999885559082,9.619999885559082,9.619999885559082,174.0
2024-03-01 13:59:00,INSM,28.200000762939453,28.200000762939453,28.219999313354492,28.200000762939453,28.219999313354492,2047.0
2024-03-01 13:59:00,INVA,15.520000457763672,15.520000457763672,15.53499984741211,15.520000457763672,15.520000457763672,6296.0
2024-03-01 13:59:00,INZY,6.650000095367432,6.650000095367432,6.659999847412109,6.6392998695373535,6.639999866485596,4628.0
2024-03-01 13:59:00,IONS,46.0099983215332,46.0099983215332,46.029998779296875,45.97999954223633,45.97999954223633,4038.0
2024-03-01 13:59:00,IOVA,17.014999389648438,17.014999389648438,17.019899368286133,17.010000228881836,17.010000228881836,6806.0
2024-03-01 13:59:00,IPSC,3.880000114440918,3.880000114440918,3.880000114440918,3.880000114440918,3.880000114440918,200.0
2024-03-01 13:59:00,IRWD,9.015000343322754,9.015000343322754,9.020000457763672,9.010000228881836,9.020000457763672,6267.0
2024-03-01 13:59:00,ISRG,396.8800048828125,396.8800048828125,396.92999267578125,396.6300048828125,396.82000732421875,2647.0
2024-03-01 13:59:00,ITCI,71.86000061035156,71.86000061035156,71.86000061035156,71.83000183105469,71.86000061035156,1235.0
2024-03-01 13:59:00,IVVD,3.990000009536743,3.990000009536743,3.990000009536743,3.990000009536743,3.990000009536743,146.0
2024-03-01 13:59:00,JAGX,0.07680000364780426,0.07680000364780426,0.07689999788999557,0.07649999856948853,0.07689999788999557,35866.0
2024-03-01 13:59:00,JANX,46.185001373291016,46.185001373291016,46.310001373291016,46.18090057373047,46.18090057373047,1447.0
2024-03-01 13:59:00,JAZZ,118.94999694824219,118.94999694824219,119.29000091552734,118.94999694824219,119.29000091552734,3102.0
2024-03-01 13:59:00,KNSA,21.809999465942383,21.809999465942383,21.834999084472656,21.809999465942383,21.834999084472656,880.0
2024-03-01 13:59:00,KOD,6.045000076293945,6.045000076293945,6.050000190734863,6.045000076293945,6.050000190734863,428.0
2024-03-01 13:59:00,KPRX,0.656000018119812,0.656000018119812,0.656000018119812,0.656000018119812,0.656000018119812,100.0
2024-03-01 13:59:00,KPTI,1.1950000524520874,1.1950000524520874,1.1950000524520874,1.190000057220459,1.1950000524520874,2036.0
2024-03-01 13:59:00,KTRA,0.09989999979734421,0.09989999979734421,0.09989999979734421,0.09989999979734421,0.09989999979734421,2000.0
2024-03-01 13:59:00,KURA,21.8799991607666,21.8799991607666,21.8799991607666,21.84000015258789,21.84000015258789,832.0
2024-03-01 13:59:00,KYMR,44.029998779296875,44.029998779296875,44.03499984741211,44.029998779296875,44.03499984741211,328.0
2024-03-01 13:59:00,LAB,2.4700000286102295,2.4700000286102295,2.4700000286102295,2.4700000286102295,2.4700000286102295,577.0
2024-03-01 13:59:00,LEGN,65.79000091552734,65.79000091552734,65.80000305175781,65.76000213623047,65.76000213623047,535.0
2024-03-01 13:59:00,LEXX,2.833400011062622,2.833400011062622,2.833400011062622,2.833400011062622,2.833400011062622,221.0
2024-03-01 13:59:00,LFST,7.739999771118164,7.739999771118164,7.739999771118164,7.739999771118164,7.739999771118164,379.0
2024-03-01 13:59:00,LIFE,1.9160000085830688,1.9160000085830688,1.9160000085830688,1.9160000085830688,1.9160000085830688,1352.0
2024-03-01 13:59:00,LIVN,55.81999969482422,55.81999969482422,55.83000183105469,55.79999923706055,55.82500076293945,2534.0
2024-03-01 13:59:00,LNTH,65.23999786376953,65.23999786376953,65.23999786376953,65.23999786376953,65.23999786376953,268.0
2024-03-01 13:59:00,LQDA,14.729999542236328,14.729999542236328,14.729999542236328,14.729999542236328,14.729999542236328,212.0
2024-03-01 13:59:00,LSTA,3.1080000400543213,3.1080000400543213,3.1080000400543213,3.1080000400543213,3.1080000400543213,112.0
2024-03-01 13:59:00,LUNG,9.494999885559082,9.494999885559082,9.494999885559082,9.494999885559082,9.494999885559082,143.0
2024-03-01 13:59:00,LVTX,2.799999952316284,2.799999952316284,2.8499999046325684,2.799999952316284,2.8499999046325684,4471.0
2024-03-01 13:59:00,LXRX,2.5299999713897705,2.5299999713897705,2.5299999713897705,2.5199999809265137,2.5199999809265137,741.0
2024-03-01 13:59:00,LYEL,3.174999952316284,3.174999952316284,3.184999942779541,3.174999952316284,3.184999942779541,4972.0
2024-03-01 13:59:00,LYRA,5.630000114440918,5.630000114440918,5.630000114440918,5.619999885559082,5.619999885559082,1218.0
2024-03-01 13:59:00,MASI,128.27000427246094,128.27000427246094,128.3300018310547,128.23500061035156,128.3300018310547,466.0
2024-03-01 13:59:00,MCRB,1.1900999546051025,1.1900999546051025,1.2000000476837158,1.190000057220459,1.2000000476837158,627.0
2024-03-01 13:59:00,MDRX,5.989999771118164,5.989999771118164,6.0,5.985000133514404,5.985000133514404,65121.0
2024-03-01 13:59:00,MDXG,8.625,8.625,8.630000114440918,8.619999885559082,8.625,3735.0
2024-03-01 13:59:00,ME,0.5726500153541565,0.5726500153541565,0.572700023651123,0.5726500153541565,0.572700023651123,1500.0
2024-03-01 13:59:00,MGNX,19.25,19.25,19.262399673461914,19.25,19.262399673461914,1454.0
2024-03-01 13:59:00,MGTX,6.454999923706055,6.454999923706055,6.454999923706055,6.454999923706055,6.454999923706055,557.0
2024-03-01 13:59:00,MLTX,51.150001525878906,51.150001525878906,51.15999984741211,51.150001525878906,51.15999984741211,446.0
2024-03-01 13:59:00,MMSI,76.18000030517578,76.18000030517578,76.19000244140625,76.16999816894531,76.19000244140625,1397.0
2024-03-01 13:59:00,MNKD,4.574999809265137,4.574999809265137,4.579999923706055,4.574999809265137,4.574999809265137,1620.0
2024-03-01 13:59:00,MNMD,6.260000228881836,6.260000228881836,6.260000228881836,6.257299900054932,6.260000228881836,844.0
2024-03-01 13:59:00,MNOV,1.3849999904632568,1.3849999904632568,1.3849999904632568,1.3849999904632568,1.3849999904632568,106.0
2024-03-01 13:59:00,MNPR,0.8578000068664551,0.8578000068664551,0.8578000068664551,0.8578000068664551,0.8578000068664551,100.0
2024-03-01 13:59:00,MODV,28.235000610351562,28.235000610351562,28.235000610351562,28.235000610351562,28.235000610351562,319.0
2024-03-01 13:59:00,MOR,17.54010009765625,17.54010009765625,17.545000076293945,17.54010009765625,17.545000076293945,342.0
2024-03-01 13:59:00,MORF,39.40999984741211,39.40999984741211,39.43000030517578,39.40999984741211,39.43000030517578,1335.0
2024-03-01 13:59:00,MRKR,3.680000066757202,3.680000066757202,3.680000066757202,3.6798999309539795,3.6798999309539795,260.0
2024-03-01 13:59:00,MRNA,95.3499984741211,95.3499984741211,95.5,95.30000305175781,95.45999908447266,6951.0
2024-03-01 13:59:00,MRNS,10.380000114440918,10.380000114440918,10.380000114440918,10.319999694824219,10.319999694824219,3254.0
2024-03-01 13:59:00,MRSN,5.96999979019165,5.96999979019165,5.974999904632568,5.96999979019165,5.96999979019165,2182.0
2024-03-01 13:59:00,MRUS,51.17499923706055,51.17499923706055,51.220001220703125,51.15999984741211,51.165000915527344,1767.0
2024-03-01 13:59:00,MRVI,7.769999980926514,7.769999980926514,7.769999980926514,7.75,7.75,7605.0
2024-03-01 13:59:00,MYGN,22.09000015258789,22.09000015258789,22.09000015258789,22.09000015258789,22.09000015258789,153.0
2024-03-01 13:59:00,NARI,45.58000183105469,45.58000183105469,45.63999938964844,45.58000183105469,45.59000015258789,2019.0
2024-03-01 13:59:00,NBIX,132.02000427246094,132.02000427246094,132.02999877929688,131.9600067138672,132.00999450683594,2056.0
2024-03-01 13:59:00,NCNA,0.32510000467300415,0.32510000467300415,0.32510000467300415,0.32510000467300415,0.32510000467300415,100.0
2024-03-01 13:59:00,NEO,16.110000610351562,16.110000610351562,16.110000610351562,16.09000015258789,16.09000015258789,713.0
2024-03-01 13:59:00,NEOG,17.389999389648438,17.389999389648438,17.389999389648438,17.389999389648438,17.389999389648438,325.0
2024-03-01 13:59:00,NEPT,0.4239000082015991,0.4239000082015991,0.4239000082015991,0.4239000082015991,0.4239000082015991,128.0
2024-03-01 13:59:00,NERV,2.619999885559082,2.619999885559082,2.619999885559082,2.619999885559082,2.619999885559082,2624.0
2024-03-01 13:59:00,NKTR,0.7797999978065491,0.7797999978065491,0.7797999978065491,0.7777000069618225,0.7777000069618225,1025.0
2024-03-01 13:59:00,NNOX,11.005000114440918,11.005000114440918,11.030099868774414,10.994999885559082,11.020000457763672,10165.0
2024-03-01 13:59:00,NRBO,5.989999771118164,5.989999771118164,5.989999771118164,5.96999979019165,5.96999979019165,544.0
2024-03-01 13:59:00,NRIX,13.84000015258789,13.84000015258789,13.859999656677246,13.84000015258789,13.859999656677246,329.0
2024-03-01 13:59:00,NTLA,33.4900016784668,33.4900016784668,33.4900016784668,33.459999084472656,33.459999084472656,1039.0
2024-03-01 13:59:00,NTRA,89.13999938964844,89.13999938964844,89.19999694824219,89.13999938964844,89.18000030517578,1263.0
2024-03-01 13:59:00,NUTX,0.11270000040531158,0.11270000040531158,0.11299999803304672,0.11270000040531158,0.1128000020980835,8343.0
2024-03-01 13:59:00,NVAX,5.204699993133545,5.204699993133545,5.204999923706055,5.202099800109863,5.204999923706055,951.0
2024-03-01 13:59:00,NVCR,16.030000686645508,16.030000686645508,16.040000915527344,16.030000686645508,16.040000915527344,2470.0
2024-03-01 13:59:00,NXTC,1.7949999570846558,1.7949999570846558,1.7999999523162842,1.7898000478744507,1.7899999618530273,3065.0
2024-03-01 13:59:00,OCGN,0.9505000114440918,0.9505000114440918,0.9552500247955322,0.949999988079071,0.9549999833106995,3311.0
2024-03-01 13:59:00,OCUL,10.770099639892578,10.770099639892578,10.770999908447266,10.760000228881836,10.760000228881836,5986.0
2024-03-01 13:59:00,OGI,2.200000047683716,2.200000047683716,2.200000047683716,2.194999933242798,2.194999933242798,220.0
2024-03-01 13:59:00,OLK,22.940000534057617,22.940000534057617,22.940000534057617,22.940000534057617,22.940000534057617,200.0
2024-03-01 13:59:00,OLMA,14.949999809265137,14.949999809265137,14.979999542236328,14.920000076293945,14.930000305175781,4813.0
2024-03-01 13:59:00,OM,3.1440000534057617,3.1440000534057617,3.1500000953674316,3.1440000534057617,3.1500000953674316,1057.0
2024-03-01 13:59:00,OMGA,4.380000114440918,4.380000114440918,4.380000114440918,4.360000133514404,4.360000133514404,3204.0
2024-03-01 13:59:00,ONCY,1.1495000123977661,1.1495000123977661,1.1495000123977661,1.1495000123977661,1.1495000123977661,100.0
2024-03-01 14:00:00,ABCL,5.1809000968933105,5.1809000968933105,5.1809000968933105,5.1809000968933105,5.1809000968933105,458.0
2024-03-01 14:00:00,ABOS,4.619999885559082,4.619999885559082,4.619999885559082,4.614999771118164,4.619999885559082,1666.0
2024-03-01 14:00:00,ABSI,5.525000095367432,5.525000095367432,5.525000095367432,5.5,5.510000228881836,3742.0
2024-03-01 14:00:00,ABUS,2.75,2.75,2.759999990463257,2.75,2.759999990463257,4829.0
2024-03-01 14:00:00,ACAD,24.315000534057617,24.315000534057617,24.31999969482422,24.30500030517578,24.309999465942383,2983.0
2024-03-01 14:00:00,ACB,3.2149999141693115,3.2149999141693115,3.2149999141693115,3.2149999141693115,3.2149999141693115,352.0
2024-03-01 14:00:00,ACCD,10.079999923706055,10.079999923706055,10.079999923706055,10.074999809265137,10.079999923706055,1635.0
2024-03-01 14:00:00,ACET,2.3949999809265137,2.3949999809265137,2.3949999809265137,2.390000104904175,2.3949999809265137,1004.0
2024-03-01 14:00:00,ACLX,68.2300033569336,68.2300033569336,68.27999877929688,68.2300033569336,68.27050018310547,789.0
2024-03-01 14:00:00,ACRS,1.2300000190734863,1.2300000190734863,1.2400000095367432,1.2300000190734863,1.2400000095367432,2837.0
2024-03-01 14:00:00,ADIL,3.3015999794006348,3.3015999794006348,3.3499999046325684,3.2899999618530273,3.3299999237060547,47158.0
2024-03-01 14:00:00,ADMA,5.550000190734863,5.550000190734863,5.553999900817871,5.550000190734863,5.550000190734863,1527.0
2024-03-01 14:00:00,ADPT,4.110000133514404,4.110000133514404,4.110000133514404,4.110000133514404,4.110000133514404,106.0
2024-03-01 14:00:00,ADVM,1.9800000190734863,1.9800000190734863,1.9800000190734863,1.965000033378601,1.9700000286102295,4371.0
2024-03-01 14:00:00,ADXN,9.430000305175781,9.430000305175781,9.430000305175781,9.329999923706055,9.329999923706055,1569.0
2024-03-01 14:00:00,AFMD,0.6499999761581421,0.6499999761581421,0.6499999761581421,0.6499999761581421,0.6499999761581421,100.0
2024-03-01 14:00:00,AGEN,0.6744999885559082,0.6744999885559082,0.6746000051498413,0.6744999885559082,0.6745499968528748,9984.0
2024-03-01 14:00:00,AGIO,32.81999969482422,32.81999969482422,32.81999969482422,32.810001373291016,32.810001373291016,911.0
2024-03-01 14:00:00,AHCO,10.5600004196167,10.5600004196167,10.5600004196167,10.555000305175781,10.555000305175781,2512.0
2024-03-01 14:00:00,AIRS,6.445400238037109,6.445400238037109,6.445400238037109,6.445400238037109,6.445400238037109,288.0
2024-03-01 14:00:00,AKAN,0.20999999344348907,0.20999999344348907,0.20999999344348907,0.20999999344348907,0.20999999344348907,2051.0
2024-03-01 14:00:00,AKBA,1.6799999475479126,1.6799999475479126,1.684999942779541,1.6799999475479126,1.684999942779541,5683.0
2024-03-01 14:00:00,AKLI,0.36000001430511475,0.36000001430511475,0.36000001430511475,0.36000001430511475,0.36000001430511475,684.0
2024-03-01 14:00:00,AKRO,30.139999389648438,30.139999389648438,30.15999984741211,30.139999389648438,30.139999389648438,1247.0
2024-03-01 14:00:00,AKYA,5.989999771118164,5.989999771118164,5.989999771118164,5.989999771118164,5.989999771118164,187.0
2024-03-01 14:00:00,ALDX,4.329999923706055,4.329999923706055,4.329999923706055,4.320099830627441,4.329999923706055,1747.0
2024-03-01 14:00:00,ALEC,7.389999866485596,7.389999866485596,7.400000095367432,7.389999866485596,7.400000095367432,1038.0
2024-03-01 14:00:00,ALGN,304.0249938964844,304.0249938964844,304.19500732421875,303.9800109863281,303.9800109863281,1376.0
2024-03-01 14:00:00,ALHC,5.679999828338623,5.679999828338623,5.690000057220459,5.675000190734863,5.675000190734863,1245.0
2024-03-01 14:00:00,ALKS,30.239999771118164,30.239999771118164,30.239999771118164,30.239900588989258,30.239999771118164,2095.0
2024-03-01 14:00:00,ALLK,1.6799999475479126,1.6799999475479126,1.6799999475479126,1.6799999475479126,1.6799999475479126,270.0
2024-03-01 14:00:00,ALLO,5.054999828338623,5.054999828338623,5.059999942779541,5.050000190734863,5.054999828338623,1371.0
2024-03-01 14:00:00,ALNY,153.05999755859375,153.05999755859375,153.25999450683594,153.05999755859375,153.19500732421875,2040.0
2024-03-01 14:00:00,ALT,12.15999984741211,12.15999984741211,12.15999984741211,12.149999618530273,12.15999984741211,3613.0
2024-03-01 14:00:00,ALVR,0.7552000284194946,0.7552000284194946,0.7552000284194946,0.7545499801635742,0.7545499801635742,827.0
2024-03-01 14:00:00,ALXO,15.079999923706055,15.079999923706055,15.100000381469727,15.079999923706055,15.100000381469727,458.0
2024-03-01 14:00:00,AMED,93.55999755859375,93.55999755859375,93.5999984741211,93.55999755859375,93.55999755859375,1185.0
2024-03-01 14:00:00,AMGN,281.0096130371094,281.0096130371094,281.0799865722656,280.6600036621094,280.6600036621094,7519.0
2024-03-01 14:00:00,AMLX,18.6299991607666,18.6299991607666,18.65999984741211,18.6299991607666,18.639999389648438,4135.0
2024-03-01 14:00:00,AMPH,45.53799819946289,45.53799819946289,45.53799819946289,45.53799819946289,45.53799819946289,729.0
2024-03-01 14:00:00,AMRN,1.0515999794006348,1.0515999794006348,1.059999942779541,1.0499999523162842,1.0549999475479126,891.0
2024-03-01 14:00:00,ANGO,5.505000114440918,5.505000114440918,5.505000114440918,5.505000114440918,5.505000114440918,232.0
2024-03-01 14:00:00,ANIP,66.86000061035156,66.86000061035156,66.86000061035156,66.86000061035156,66.86000061035156,273.0
2024-03-01 14:00:00,ANNX,6.175000190734863,6.175000190734863,6.179999828338623,6.159999847412109,6.159999847412109,6203.0
2024-03-01 14:00:00,APLS,65.23999786376953,65.23999786376953,65.27999877929688,65.22000122070312,65.27999877929688,4937.0
2024-03-01 14:00:00,APLT,7.110000133514404,7.110000133514404,7.110000133514404,7.110000133514404,7.110000133514404,497.0
2024-03-01 14:00:00,AQST,4.239999771118164,4.239999771118164,4.239999771118164,4.239999771118164,4.239999771118164,2390.0
2024-03-01 14:00:00,ARCT,39.73500061035156,39.73500061035156,39.73500061035156,39.73500061035156,39.73500061035156,429.0
2024-03-01 14:00:00,ARDX,9.5,9.5,9.5,9.490099906921387,9.5,2033.0
2024-03-01 14:00:00,ARQT,11.739999771118164,11.739999771118164,11.739999771118164,11.720000267028809,11.729999542236328,3766.0
2024-03-01 14:00:00,ARVN,48.900001525878906,48.900001525878906,48.93000030517578,48.869998931884766,48.869998931884766,1291.0
2024-03-01 14:00:00,ARWR,35.790000915527344,35.790000915527344,35.83599853515625,35.790000915527344,35.810001373291016,3735.0
2024-03-01 14:00:00,ASLN,0.75,0.75,0.7599999904632568,0.75,0.7599999904632568,200.0
2024-03-01 14:00:00,ASND,152.89999389648438,152.89999389648438,152.89999389648438,152.83999633789062,152.83999633789062,512.0
2024-03-01 14:00:00,ASRT,0.9099990129470825,0.9099990129470825,0.9099990129470825,0.9099990129470825,0.9099990129470825,1101.0
2024-03-01 14:00:00,ATAI,2.1649999618530273,2.1649999618530273,2.1649999618530273,2.1600000858306885,2.1600000858306885,555.0
2024-03-01 14:00:00,ATEC,13.444999694824219,13.444999694824219,13.444999694824219,13.430000305175781,13.430000305175781,3012.0
2024-03-01 14:00:00,ATRA,0.7868000268936157,0.7868000268936157,0.7868000268936157,0.7868000268936157,0.7868000268936157,3100.0
2024-03-01 14:00:00,ATRC,35.974998474121094,35.974998474121094,36.0,35.959999084472656,35.97999954223633,2520.0
2024-03-01 14:00:00,AUGX,4.565000057220459,4.565000057220459,4.565000057220459,4.565000057220459,4.565000057220459,100.0
2024-03-01 14:00:00,AUPH,5.835000038146973,5.835000038146973,5.835000038146973,5.829999923706055,5.829999923706055,278.0
2024-03-01 14:00:00,AVDL,13.149999618530273,13.149999618530273,13.170000076293945,13.119999885559082,13.170000076293945,7935.0
2024-03-01 14:00:00,AVXL,5.335000038146973,5.335000038146973,5.335000038146973,5.335000038146973,5.335000038146973,420.0
2024-03-01 14:00:00,AXGN,10.529999732971191,10.529999732971191,10.529999732971191,10.529999732971191,10.529999732971191,850.0
2024-03-01 14:00:00,AXNX,67.69000244140625,67.69000244140625,67.69999694824219,67.69000244140625,67.69999694824219,1377.0
2024-03-01 14:00:00,AXSM,82.00499725341797,82.00499725341797,82.12000274658203,82.00499725341797,82.11000061035156,1059.0
2024-03-01 14:00:00,AZN,64.69999694824219,64.69999694824219,64.70500183105469,64.69129943847656,64.69999694824219,7013.0
2024-03-01 14:00:00,AZTA,67.05999755859375,67.05999755859375,67.05999755859375,67.01000213623047,67.01000213623047,800.0
2024-03-01 14:00:00,BBIO,36.060001373291016,36.060001373291016,36.060001373291016,36.060001373291016,36.060001373291016,323.0
2024-03-01 14:00:00,BBLG,2.390000104904175,2.390000104904175,2.390000104904175,2.390000104904175,2.390000104904175,200.0
2024-03-01 14:00:00,BCAB,2.690000057220459,2.690000057220459,2.690000057220459,2.690000057220459,2.690000057220459,301.0
2024-03-01 14:00:00,BCYC,26.049999237060547,26.049999237060547,26.104999542236328,26.049999237060547,26.104999542236328,634.0
2024-03-01 14:00:00,BDTX,4.934999942779541,4.934999942779541,4.934999942779541,4.929999828338623,4.929999828338623,3811.0
2024-03-01 14:00:00,BEAM,40.209999084472656,40.209999084472656,40.23500061035156,40.18000030517578,40.21500015258789,1758.0
2024-03-01 14:00:00,BIIB,221.5749969482422,221.5749969482422,221.5749969482422,221.5749969482422,221.5749969482422,342.0
2024-03-01 14:00:00,BIOL,0.1445000022649765,0.1445000022649765,0.14489999413490295,0.1445000022649765,0.14489999413490295,1874.0
2024-03-01 14:00:00,BIOR,1.100000023841858,1.100000023841858,1.100000023841858,1.0999000072479248,1.100000023841858,6868.0
2024-03-01 14:00:00,BIVI,2.059999942779541,2.059999942779541,2.069999933242798,2.059999942779541,2.069999933242798,21432.0
2024-03-01 14:00:00,BLFS,18.270000457763672,18.270000457763672,18.270000457763672,18.260000228881836,18.260000228881836,498.0
2024-03-01 14:00:00,BLRX,1.3700000047683716,1.3700000047683716,1.3700000047683716,1.3700000047683716,1.3700000047683716,510.0
2024-03-01 14:00:00,BLTE,46.439998626708984,46.439998626708984,46.439998626708984,46.439998626708984,46.439998626708984,520.0
2024-03-01 14:00:00,BLUE,1.6050000190734863,1.6050000190734863,1.6050000190734863,1.590000033378601,1.600000023841858,276319.0
2024-03-01 14:00:00,BMEA,18.209999084472656,18.209999084472656,18.25,18.209999084472656,18.25,626.0
2024-03-01 14:00:00,BMRN,87.95999908447266,87.95999908447266,87.9800033569336,87.95500183105469,87.95500183105469,2275.0
2024-03-01 14:00:00,BNR,0.824999988079071,0.824999988079071,0.8299999833106995,0.8202999830245972,0.8299999833106995,700.0
2024-03-01 14:00:00,BNTX,91.21499633789062,91.21499633789062,91.21499633789062,91.21499633789062,91.21499633789062,924.0
2024-03-01 14:00:00,BPMC,96.82499694824219,96.82499694824219,96.82499694824219,96.82499694824219,96.82499694824219,188.0
2024-03-01 14:00:00,BRKR,88.47000122070312,88.47000122070312,88.47000122070312,88.47000122070312,88.47000122070312,614.0
2024-03-01 14:00:00,BTAI,3.190000057220459,3.190000057220459,3.190000057220459,3.190000057220459,3.190000057220459,1217.0
2024-03-01 14:00:00,BTTX,0.1850000023841858,0.1850000023841858,0.1850000023841858,0.1850000023841858,0.1850000023841858,228.0
2024-03-01 14:00:00,BVS,4.75,4.75,4.75,4.75,4.75,112.0
2024-03-01 14:00:00,CABA,24.104999542236328,24.104999542236328,24.165000915527344,24.09000015258789,24.165000915527344,2392.0
2024-03-01 14:00:00,CBAY,32.23500061035156,32.23500061035156,32.2400016784668,32.22999954223633,32.22999954223633,3374.0
2024-03-01 14:00:00,CCCC,10.984999656677246,10.984999656677246,11.005000114440918,10.984999656677246,11.005000114440918,2281.0
2024-03-01 14:00:00,CCRN,18.204999923706055,18.204999923706055,18.204999923706055,18.204999923706055,18.204999923706055,506.0
2024-03-01 14:00:00,CDMO,8.109999656677246,8.109999656677246,8.109999656677246,8.109999656677246,8.109999656677246,130.0
2024-03-01 14:00:00,CDNA,12.5,12.5,12.5,12.46500015258789,12.46500015258789,4779.0
2024-03-01 14:00:00,CDXS,4.539999961853027,4.539999961853027,4.539999961853027,4.525000095367432,4.525000095367432,2249.0
2024-03-01 14:00:00,CELC,16.540000915527344,16.540000915527344,16.540000915527344,16.459999084472656,16.469999313354492,2806.0
2024-03-01 14:00:00,CERE,41.099998474121094,41.099998474121094,41.10499954223633,41.099998474121094,41.099998474121094,2134.0
2024-03-01 14:00:00,CERS,2.190000057220459,2.190000057220459,2.190000057220459,2.180000066757202,2.180000066757202,1087.0
2024-03-01 14:00:00,CERT,17.899999618530273,17.899999618530273,17.899999618530273,17.899999618530273,17.899999618530273,363.0
2024-03-01 14:00:00,CGC,3.244999885559082,3.244999885559082,3.244999885559082,3.244999885559082,3.244999885559082,199.0
2024-03-01 14:00:00,CGEM,18.579999923706055,18.579999923706055,18.579999923706055,18.56999969482422,18.56999969482422,408.0
2024-03-01 14:00:00,CHEK,2.0799999237060547,2.0799999237060547,2.137500047683716,2.0799999237060547,2.090100049972534,1150.0
2024-03-01 14:00:00,CHRS,2.4000000953674316,2.4000000953674316,2.4000000953674316,2.4000000953674316,2.4000000953674316,347.0
2024-03-01 14:00:00,CKPT,2.190000057220459,2.190000057220459,2.190000057220459,2.190000057220459,2.190000057220459,100.0
2024-03-01 14:00:00,CLDX,52.06999969482422,52.06999969482422,52.1150016784668,51.90999984741211,52.1150016784668,10526.0
2024-03-01 14:00:00,CLOV,0.8725500106811523,0.8725500106811523,0.8730000257492065,0.8723999857902527,0.8726999759674072,36757.0
2024-03-01 14:00:00,CLPT,6.679999828338623,6.679999828338623,6.679999828338623,6.679999828338623,6.679999828338623,265.0
2024-03-01 14:00:00,CLRB,4.093999862670898,4.093999862670898,4.093999862670898,4.093999862670898,4.093999862670898,354.0
2024-03-01 14:00:00,CLSD,1.388800024986267,1.388800024986267,1.388800024986267,1.388800024986267,1.388800024986267,117.0
2024-03-01 14:00:00,CMPS,11.399999618530273,11.399999618530273,11.399999618530273,11.359999656677246,11.390000343322754,377.0
2024-03-01 14:00:00,COGT,7.204999923706055,7.204999923706055,7.204999923706055,7.204999923706055,7.204999923706055,277.0
2024-03-01 14:00:00,COLL,36.790000915527344,36.790000915527344,36.790000915527344,36.790000915527344,36.790000915527344,520.0
2024-03-01 14:00:00,CORT,24.420000076293945,24.420000076293945,24.43000030517578,24.399999618530273,24.40999984741211,2448.0
2024-03-01 14:00:00,CPRX,17.440000534057617,17.440000534057617,17.440000534057617,17.420000076293945,17.420000076293945,3368.0
2024-03-01 14:00:00,CRBP,32.630001068115234,32.630001068115234,32.630001068115234,32.630001068115234,32.630001068115234,477.0
2024-03-01 14:00:00,CRBU,7.864999771118164,7.864999771118164,7.868500232696533,7.864999771118164,7.868500232696533,1324.0
2024-03-01 14:00:00,CRDF,2.4798998832702637,2.4798998832702637,2.4800000190734863,2.450000047683716,2.450000047683716,11655.0
2024-03-01 14:00:00,CRDL,2.0199999809265137,2.0199999809265137,2.0199999809265137,1.9900000095367432,1.9900000095367432,7198.0
2024-03-01 14:00:00,CRMD,3.700000047683716,3.700000047683716,3.700000047683716,3.700000047683716,3.700000047683716,201.0
2024-03-01 14:00:00,CRNX,46.66999816894531,46.66999816894531,46.72999954223633,46.630001068115234,46.72999954223633,2850.0
2024-03-01 14:00:00,CRON,2.0399999618530273,2.0399999618530273,2.04010009765625,2.0399999618530273,2.04010009765625,656.0
2024-03-01 14:00:00,CRSP,85.79750061035156,85.79750061035156,85.87000274658203,85.79750061035156,85.85489654541016,729.0
2024-03-01 14:00:00,CRVS,2.2300000190734863,2.2300000190734863,2.2300000190734863,2.2300000190734863,2.2300000190734863,481.0
2024-03-01 14:00:00,CSTL,20.0,20.0,20.0,20.0,20.0,249.0
2024-03-01 14:00:00,CTKB,8.989999771118164,8.989999771118164,8.989999771118164,8.984999656677246,8.984999656677246,1432.0
2024-03-01 14:00:00,CTMX,2.5999999046325684,2.5999999046325684,2.5999999046325684,2.5899999141693115,2.5999999046325684,5400.0
2024-03-01 14:00:00,CVAC,3.494999885559082,3.494999885559082,3.494999885559082,3.494999885559082,3.494999885559082,1004.0
2024-03-01 14:00:00,CVRX,20.795000076293945,20.795000076293945,20.795000076293945,20.795000076293945,20.795000076293945,167.0
2024-03-01 14:00:00,CYCC,2.819999933242798,2.819999933242798,2.819999933242798,2.819999933242798,2.819999933242798,376.0
2024-03-01 14:00:00,CYTK,72.58999633789062,72.58999633789062,72.69999694824219,72.52999877929688,72.69999694824219,9721.0
2024-03-01 14:00:00,CYTO,2.353600025177002,2.353600025177002,2.353600025177002,2.353600025177002,2.353600025177002,443.0
2024-03-01 14:00:00,DAWN,17.59000015258789,17.59000015258789,17.610000610351562,17.59000015258789,17.610000610351562,400.0
2024-03-01 14:00:00,DCGO,4.190000057220459,4.190000057220459,4.190000057220459,4.179999828338623,4.179999828338623,2941.0
2024-03-01 14:00:00,DCPH,17.510000228881836,17.510000228881836,17.510000228881836,17.510000228881836,17.510000228881836,334.0
2024-03-01 14:00:00,DH,8.890000343322754,8.890000343322754,8.890000343322754,8.8100004196167,8.8100004196167,5096.0
2024-03-01 14:00:00,DMTK,0.8496999740600586,0.8496999740600586,0.8496999740600586,0.8449000120162964,0.8490999937057495,1200.0
2024-03-01 14:00:00,DNLI,21.260000228881836,21.260000228881836,21.260000228881836,21.229999542236328,21.229999542236328,1947.0
2024-03-01 14:00:00,DTIL,12.331999778747559,12.331999778747559,12.380000114440918,12.331999778747559,12.369999885559082,676.0
2024-03-01 14:00:00,DVAX,12.88010025024414,12.88010025024414,12.890000343322754,12.88010025024414,12.890000343322754,1192.0
2024-03-01 14:00:00,DXCM,121.88999938964844,121.88999938964844,121.9000015258789,121.77999877929688,121.77999877929688,9316.0
2024-03-01 14:00:00,DYN,28.739999771118164,28.739999771118164,28.739999771118164,28.739999771118164,28.739999771118164,896.0
2024-03-01 14:00:00,EDIT,10.90999984741211,10.90999984741211,10.90999984741211,10.904999732971191,10.90999984741211,2945.0
2024-03-01 14:00:00,EFTR,15.430000305175781,15.430000305175781,15.430000305175781,15.430000305175781,15.430000305175781,456.0
2024-03-01 14:00:00,ELDN,1.8367999792099,1.8367999792099,1.8367999792099,1.8367999792099,1.8367999792099,466.0
2024-03-01 14:00:00,ELEV,5.054999828338623,5.054999828338623,5.054999828338623,5.04010009765625,5.04010009765625,800.0
2024-03-01 14:00:00,ENSC,0.9271000027656555,0.9271000027656555,0.9296000003814697,0.9200000166893005,0.9291999936103821,1351.0
2024-03-01 14:00:00,ENTA,15.425000190734863,15.425000190734863,15.425000190734863,15.425000190734863,15.425000190734863,258.0
2024-03-01 14:00:00,ENVB,1.5099999904632568,1.5099999904632568,1.5299999713897705,1.5099999904632568,1.5299999713897705,3122.0
2024-03-01 14:00:00,EOLS,14.850000381469727,14.850000381469727,14.85099983215332,14.800000190734863,14.850000381469727,10471.0
2024-03-01 14:00:00,EPIX,9.345000267028809,9.345000267028809,9.430000305175781,9.345000267028809,9.430000305175781,842.0
2024-03-01 14:00:00,ESPR,2.555000066757202,2.555000066757202,2.555000066757202,2.549999952316284,2.549999952316284,1694.0
2024-03-01 14:00:00,ESTA,44.849998474121094,44.849998474121094,44.849998474121094,44.849998474121094,44.849998474121094,571.0
2024-03-01 14:00:00,ETNB,12.850000381469727,12.850000381469727,12.920000076293945,12.850000381469727,12.920000076293945,9951.0
2024-03-01 14:00:00,EVAX,3.440000057220459,3.440000057220459,3.440000057220459,3.440000057220459,3.440000057220459,419.0
2024-03-01 14:00:00,EVGN,0.9700000286102295,0.9700000286102295,0.9700000286102295,0.9700000286102295,0.9700000286102295,752.0
2024-03-01 14:00:00,EXAI,6.734899997711182,6.734899997711182,6.734899997711182,6.734899997711182,6.734899997711182,175.0
2024-03-01 14:00:00,EXAS,60.25,60.25,60.25,60.060001373291016,60.06999969482422,2601.0
2024-03-01 14:00:00,EXEL,22.5,22.5,22.5,22.489999771118164,22.489999771118164,5604.0
2024-03-01 14:00:00,EYEN,2.4089999198913574,2.4089999198913574,2.4089999198913574,2.384999990463257,2.384999990463257,9951.0
2024-03-01 14:00:00,EYPT,28.049999237060547,28.049999237060547,28.049999237060547,28.049999237060547,28.049999237060547,387.0
2024-03-01 14:00:00,FATE,7.760000228881836,7.760000228881836,7.760000228881836,7.744999885559082,7.748799800872803,5153.0
2024-03-01 14:00:00,FBIO,2.3499999046325684,2.3499999046325684,2.3499999046325684,2.3485000133514404,2.3499999046325684,1506.0
2024-03-01 14:00:00,FDMT,29.270000457763672,29.270000457763672,29.309999465942383,29.270000457763672,29.290000915527344,1424.0
2024-03-01 14:00:00,FEMY,1.7599999904632568,1.7599999904632568,1.7599999904632568,1.7549999952316284,1.7549999952316284,2962.0
2024-03-01 14:00:00,FENC,9.65999984741211,9.65999984741211,9.680000305175781,9.65999984741211,9.680000305175781,581.0
2024-03-01 14:00:00,FGEN,1.8550000190734863,1.8550000190734863,1.8650000095367432,1.850000023841858,1.8650000095367432,7431.0
2024-03-01 14:00:00,FLGC,1.1500999927520752,1.1500999927520752,1.1500999927520752,1.1500999927520752,1.1500999927520752,161.0
2024-03-01 14:00:00,FOLD,13.425000190734863,13.425000190734863,13.454999923706055,13.425000190734863,13.454999923706055,4305.0
2024-03-01 14:00:00,FONR,22.354999542236328,22.354999542236328,22.354999542236328,22.354999542236328,22.354999542236328,517.0
2024-03-01 14:00:00,FULC,11.010000228881836,11.010000228881836,11.095000267028809,11.0,11.09000015258789,20489.0
2024-03-01 14:00:00,FUSN,12.279999732971191,12.279999732971191,12.289999961853027,12.279999732971191,12.28499984741211,479.0
2024-03-01 14:00:00,GANX,4.650000095367432,4.650000095367432,4.650000095367432,4.650000095367432,4.650000095367432,350.0
2024-03-01 14:00:00,GDRX,8.354999542236328,8.354999542236328,8.354999542236328,8.350000381469727,8.350000381469727,1354.0
2024-03-01 14:00:00,GERN,2.27620005607605,2.27620005607605,2.2899999618530273,2.2750000953674316,2.2850000858306885,67976.0
2024-03-01 14:00:00,GH,19.094999313354492,19.094999313354492,19.100000381469727,19.094999313354492,19.100000381469727,1068.0
2024-03-01 14:00:00,GILD,72.4800033569336,72.4800033569336,72.4800033569336,72.40499877929688,72.41000366210938,10505.0
2024-03-01 14:00:00,GLPG,35.09000015258789,35.09000015258789,35.09000015258789,35.06589889526367,35.06589889526367,619.0
2024-03-01 14:00:00,GLYC,3.0299999713897705,3.0299999713897705,3.030400037765503,3.0299999713897705,3.030400037765503,4468.0
2024-03-01 14:00:00,GMAB,29.43000030517578,29.43000030517578,29.43000030517578,29.420000076293945,29.420000076293945,430.0
2024-03-01 14:00:00,GOSS,1.4199999570846558,1.4199999570846558,1.4199999570846558,1.4199999570846558,1.4199999570846558,176.0
2024-03-01 14:00:00,GRFS,7.085000038146973,7.085000038146973,7.085000038146973,7.080999851226807,7.080999851226807,720.0
2024-03-01 14:00:00,GRTS,2.134999990463257,2.134999990463257,2.138400077819824,2.134999990463257,2.134999990463257,1602.0
2024-03-01 14:00:00,GRTX,0.22990000247955322,0.22990000247955322,0.22990000247955322,0.2290000021457672,0.22990000247955322,1100.0
2024-03-01 14:00:00,GTHX,3.7950000762939453,3.7950000762939453,3.799999952316284,3.7950000762939453,3.799999952316284,3087.0
2024-03-01 14:00:00,HALO,41.380001068115234,41.380001068115234,41.380001068115234,41.380001068115234,41.380001068115234,166.0
2024-03-01 14:00:00,HARP,22.940000534057617,22.940000534057617,22.950000762939453,22.940000534057617,22.940000534057617,1444.0
2024-03-01 14:00:00,HCAT,8.149999618530273,8.149999618530273,8.149999618530273,8.149999618530273,8.149999618530273,1014.0
2024-03-01 14:00:00,HCTI,2.4100000858306885,2.4100000858306885,2.4100000858306885,2.4100000858306885,2.4100000858306885,215.0
2024-03-01 14:00:00,HITI,1.7599999904632568,1.7599999904632568,1.7599999904632568,1.7599999904632568,1.7599999904632568,126.0
2024-03-01 14:00:00,HOLX,74.3499984741211,74.3499984741211,74.3499984741211,74.30999755859375,74.30999755859375,2638.0
2024-03-01 14:00:00,HOWL,7.119999885559082,7.119999885559082,7.119999885559082,7.070000171661377,7.070000171661377,1791.0
2024-03-01 14:00:00,HROW,10.890000343322754,10.890000343322754,10.890000343322754,10.890000343322754,10.890000343322754,1258.0
2024-03-01 14:00:00,HRTX,2.575000047683716,2.575000047683716,2.5799999237060547,2.575000047683716,2.5799999237060547,5793.0
2024-03-01 14:00:00,HSIC,76.87999725341797,76.87999725341797,76.87999725341797,76.87000274658203,76.87000274658203,1263.0
2024-03-01 14:00:00,HUMA,3.2850000858306885,3.2850000858306885,3.2850000858306885,3.2850000858306885,3.2850000858306885,1589.0
2024-03-01 14:00:00,IART,36.52000045776367,36.52000045776367,36.529998779296875,36.52000045776367,36.529998779296875,1305.0
2024-03-01 14:00:00,IBRX,4.869999885559082,4.869999885559082,4.889999866485596,4.860000133514404,4.889999866485596,28247.0
2024-03-01 14:00:00,ICLR,323.42498779296875,323.42498779296875,323.42498779296875,323.3399963378906,323.3399963378906,1169.0
2024-03-01 14:00:00,IDXX,580.530029296875,580.530029296875,580.75,580.1300048828125,580.364990234375,3619.0
2024-03-01 14:00:00,ILMN,142.42999267578125,142.42999267578125,142.42999267578125,142.3699951171875,142.3699951171875,788.0
2024-03-01 14:00:00,IMAB,1.809999942779541,1.809999942779541,1.8107000589370728,1.809999942779541,1.8107000589370728,211.0
2024-03-01 14:00:00,IMCR,67.99500274658203,67.99500274658203,67.99500274658203,67.99500274658203,67.99500274658203,197.0
2024-03-01 14:00:00,IMNM,25.415000915527344,25.415000915527344,25.450000762939453,25.415000915527344,25.450000762939453,917.0
2024-03-01 14:00:00,IMUX,1.475000023841858,1.475000023841858,1.475000023841858,1.475000023841858,1.475000023841858,823.0
2024-03-01 14:00:00,IMVT,35.94499969482422,35.94499969482422,35.959999084472656,35.94499969482422,35.959999084472656,427.0
2024-03-01 14:00:00,INAB,1.090000033378601,1.090000033378601,1.090000033378601,1.090000033378601,1.090000033378601,100.0
2024-03-01 14:00:00,INCY,59.4900016784668,59.4900016784668,59.4900016784668,59.45000076293945,59.45000076293945,1765.0
2024-03-01 14:00:00,INGN,6.789999961853027,6.789999961853027,6.789999961853027,6.760000228881836,6.760000228881836,4007.0
2024-03-01 14:00:00,INMD,22.889999389648438,22.889999389648438,22.889999389648438,22.8799991607666,22.8799991607666,3200.0
2024-03-01 14:00:00,INO,9.619999885559082,9.619999885559082,9.619999885559082,9.619999885559082,9.619999885559082,2841.0
2024-03-01 14:00:00,INSM,28.219999313354492,28.219999313354492,28.219999313354492,28.209999084472656,28.209999084472656,3255.0
2024-03-01 14:00:00,INVA,15.524999618530273,15.524999618530273,15.524999618530273,15.520000457763672,15.520000457763672,3417.0
2024-03-01 14:00:00,INZY,6.650000095367432,6.650000095367432,6.650000095367432,6.650000095367432,6.650000095367432,375.0
2024-03-01 14:00:00,IOVA,17.084999084472656,17.084999084472656,17.084999084472656,17.010000228881836,17.014999389648438,39353.0
2024-03-01 14:00:00,IPSC,3.880000114440918,3.880000114440918,3.880000114440918,3.880000114440918,3.880000114440918,105.0
2024-03-01 14:00:00,IRTC,121.25,121.25,121.25,121.12999725341797,121.12999725341797,1161.0
2024-03-01 14:00:00,IRWD,9.015000343322754,9.015000343322754,9.020000457763672,9.010000228881836,9.010000228881836,11069.0
2024-03-01 14:00:00,ISRG,396.9849853515625,396.9849853515625,397.1600036621094,396.864990234375,396.9200134277344,6884.0
2024-03-01 14:00:00,ITCI,71.87999725341797,71.87999725341797,71.87999725341797,71.875,71.875,530.0
2024-03-01 14:00:00,ITOS,11.359999656677246,11.359999656677246,11.359999656677246,11.305999755859375,11.305999755859375,1270.0
2024-03-01 14:00:00,IVVD,3.9820001125335693,3.9820001125335693,3.9820001125335693,3.9800000190734863,3.9800000190734863,677.0
2024-03-01 14:00:00,JAGX,0.07699800282716751,0.07699800282716751,0.07699999958276749,0.07649999856948853,0.07689999788999557,46950.0
2024-03-01 14:00:00,JANX,46.02000045776367,46.02000045776367,46.02000045776367,46.02000045776367,46.02000045776367,525.0
2024-03-01 14:00:00,JAZZ,118.87999725341797,118.87999725341797,118.9800033569336,118.87999725341797,118.97000122070312,839.0
2024-03-01 14:00:00,KALV,14.199999809265137,14.199999809265137,14.210000038146973,14.199999809265137,14.199999809265137,1365.0
2024-03-01 14:00:00,KNSA,21.809999465942383,21.809999465942383,21.81999969482422,21.799999237060547,21.809999465942383,2058.0
2024-03-01 14:00:00,KOD,6.054999828338623,6.054999828338623,6.054999828338623,6.045000076293945,6.050000190734863,667.0
2024-03-01 14:00:00,KPRX,0.656000018119812,0.656000018119812,0.656000018119812,0.656000018119812,0.656000018119812,100.0
2024-03-01 14:00:00,KPTI,1.1950000524520874,1.1950000524520874,1.1950000524520874,1.1950000524520874,1.1950000524520874,805.0
2024-03-01 14:00:00,KROS,70.02999877929688,70.02999877929688,70.13999938964844,70.02999877929688,70.13999938964844,477.0
2024-03-01 14:00:00,KTRA,0.09989999979734421,0.09989999979734421,0.09989999979734421,0.09989999979734421,0.09989999979734421,499.0
2024-03-01 14:00:00,KYMR,44.05500030517578,44.05500030517578,44.05500030517578,44.05500030517578,44.05500030517578,209.0
2024-03-01 14:00:00,KZR,1.0850000381469727,1.0850000381469727,1.0850000381469727,1.0850000381469727,1.0850000381469727,157.0
2024-03-01 14:00:00,LAB,2.4700000286102295,2.4700000286102295,2.4700000286102295,2.4649999141693115,2.4700000286102295,1742.0
2024-03-01 14:00:00,LFMD,7.989999771118164,7.989999771118164,7.989999771118164,7.980000019073486,7.980000019073486,579.0
2024-03-01 14:00:00,LFST,7.744999885559082,7.744999885559082,7.744999885559082,7.744999885559082,7.744999885559082,401.0
2024-03-01 14:00:00,LGND,77.94000244140625,77.94000244140625,77.94000244140625,77.87000274658203,77.87000274658203,785.0
2024-03-01 14:00:00,LIAN,4.860000133514404,4.860000133514404,4.860000133514404,4.860000133514404,4.860000133514404,200.0
2024-03-01 14:00:00,LIVN,55.869998931884766,55.869998931884766,55.869998931884766,55.83000183105469,55.83000183105469,725.0
2024-03-01 14:00:00,LNTH,65.25,65.25,65.26000213623047,65.25,65.25,1792.0
2024-03-01 14:00:00,LQDA,14.734999656677246,14.734999656677246,14.734999656677246,14.734999656677246,14.734999656677246,324.0
2024-03-01 14:00:00,LTRN,4.454999923706055,4.454999923706055,4.454999923706055,4.454999923706055,4.454999923706055,140.0
2024-03-01 14:00:00,LUNG,9.5,9.5,9.5,9.5,9.5,200.0
2024-03-01 14:00:00,LVTX,2.759999990463257,2.759999990463257,2.7899999618530273,2.75,2.7899999618530273,3506.0
2024-03-01 14:00:00,LXRX,2.5250000953674316,2.5250000953674316,2.5250000953674316,2.5250000953674316,2.5250000953674316,266.0
2024-03-01 14:00:00,LYEL,3.1800999641418457,3.1800999641418457,3.190000057220459,3.180000066757202,3.180000066757202,4489.0
2024-03-01 14:00:00,LYRA,5.635000228881836,5.635000228881836,5.635000228881836,5.619999885559082,5.630000114440918,655.0
2024-03-01 14:00:00,MASI,128.38999938964844,128.38999938964844,128.38999938964844,128.2949981689453,128.2949981689453,1784.0
2024-03-01 14:00:00,MASS,7.360000133514404,7.360000133514404,7.360000133514404,7.329999923706055,7.329999923706055,1833.0
2024-03-01 14:00:00,MCRB,1.2000000476837158,1.2000000476837158,1.2000000476837158,1.190000057220459,1.1950000524520874,40300.0
2024-03-01 14:00:00,MDRX,6.0,6.0,6.0,5.989999771118164,6.0,108274.0
2024-03-01 14:00:00,MDXG,8.635000228881836,8.635000228881836,8.635000228881836,8.619999885559082,8.625,6891.0
2024-03-01 14:00:00,ME,0.5724499821662903,0.5724499821662903,0.5749989748001099,0.5720000267028809,0.5726500153541565,7150.0
2024-03-01 14:00:00,MEDP,401.81500244140625,401.81500244140625,401.81500244140625,401.6700134277344,401.67498779296875,615.0
2024-03-01 14:00:00,MHUA,0.6899999976158142,0.6899999976158142,0.6899999976158142,0.6899999976158142,0.6899999976158142,485.0
2024-03-01 14:00:00,MMSI,76.26000213623047,76.26000213623047,76.26000213623047,76.26000213623047,76.26000213623047,557.0
2024-03-01 14:00:00,MNKD,4.579699993133545,4.579699993133545,4.579999923706055,4.574999809265137,4.579999923706055,1806.0
2024-03-01 14:00:00,MNMD,6.260000228881836,6.260000228881836,6.268599987030029,6.260000228881836,6.268599987030029,1473.0
2024-03-01 14:00:00,MNPR,0.8539000153541565,0.8539000153541565,0.8539000153541565,0.8539000153541565,0.8539000153541565,237.0
2024-03-01 14:00:00,MODV,28.235000610351562,28.235000610351562,28.235000610351562,28.235000610351562,28.235000610351562,220.0
2024-03-01 14:00:00,MOR,17.549999237060547,17.549999237060547,17.549999237060547,17.549999237060547,17.549999237060547,387.0
2024-03-01 14:00:00,MORF,39.415000915527344,39.415000915527344,39.415000915527344,39.415000915527344,39.415000915527344,236.0
2024-03-01 14:00:00,MOTS,0.6538000106811523,0.6538000106811523,0.6538000106811523,0.6538000106811523,0.6538000106811523,1000.0
2024-03-01 14:00:00,MREO,3.994999885559082,3.994999885559082,3.994999885559082,3.994999885559082,3.994999885559082,3174.0
2024-03-01 14:00:00,MRNA,95.34439849853516,95.34439849853516,95.3499984741211,95.32499694824219,95.32499694824219,2999.0
2024-03-01 14:00:00,MRNS,10.399999618530273,10.399999618530273,10.399999618530273,10.399999618530273,10.399999618530273,216.0
2024-03-01 14:00:00,MRSN,5.960000038146973,5.960000038146973,5.960000038146973,5.945000171661377,5.960000038146973,2331.0
2024-03-01 14:00:00,MRUS,51.16600036621094,51.16600036621094,51.16600036621094,51.16600036621094,51.16600036621094,110.0
2024-03-01 14:00:00,MRVI,7.784999847412109,7.784999847412109,7.784999847412109,7.775000095367432,7.78000020980835,3974.0
2024-03-01 14:00:00,MXCT,4.75,4.75,4.769999980926514,4.75,4.769999980926514,6462.0
2024-03-01 14:00:00,MYGN,22.100000381469727,22.100000381469727,22.100000381469727,22.094999313354492,22.094999313354492,550.0
2024-03-01 14:00:00,NARI,45.70000076293945,45.70000076293945,45.70000076293945,45.630001068115234,45.630001068115234,2235.0
2024-03-01 14:00:00,NBSE,0.8700000047683716,0.8700000047683716,0.8700000047683716,0.8700000047683716,0.8700000047683716,344.0
2024-03-01 14:00:00,NEO,16.094999313354492,16.094999313354492,16.094999313354492,16.094999313354492,16.094999313354492,688.0
2024-03-01 14:00:00,NEOG,17.415000915527344,17.415000915527344,17.415000915527344,17.395000457763672,17.395000457763672,2798.0
2024-03-01 14:00:00,NGM,1.5199999809265137,1.5199999809265137,1.5299999713897705,1.5199999809265137,1.5299999713897705,1421.0
2024-03-01 14:00:00,NKTR,0.7797999978065491,0.7797999978065491,0.7797999978065491,0.7768499851226807,0.7768499851226807,204.0
2024-03-01 14:00:00,NNOX,11.005000114440918,11.005000114440918,11.005000114440918,11.005000114440918,11.005000114440918,220.0
2024-03-01 14:00:00,NRBO,6.03000020980835,6.03000020980835,6.03000020980835,6.03000020980835,6.03000020980835,408.0
2024-03-01 14:00:00,NRIX,13.859999656677246,13.859999656677246,13.859999656677246,13.859999656677246,13.859999656677246,204.0
2024-03-01 14:00:00,NTLA,33.459999084472656,33.459999084472656,33.47800064086914,33.459999084472656,33.47800064086914,1899.0
2024-03-01 14:00:00,NTRA,89.18000030517578,89.18000030517578,89.18000030517578,89.13999938964844,89.13999938964844,874.0
2024-03-01 14:00:00,NUTX,0.11330000311136246,0.11330000311136246,0.11389999836683273,0.11330000311136246,0.11389999836683273,12355.0
2024-03-01 14:00:00,NUVL,87.9000015258789,87.9000015258789,87.94999694824219,87.9000015258789,87.94999694824219,410.0
2024-03-01 14:00:00,NVAX,5.215000152587891,5.215000152587891,5.21999979019165,5.210000038146973,5.210000038146973,7796.0
2024-03-01 14:00:00,OCGN,0.955551028251648,0.955551028251648,0.9599999785423279,0.9510999917984009,0.9510999917984009,2408.0
2024-03-01 14:00:00,OCUL,10.779999732971191,10.779999732971191,10.779999732971191,10.770000457763672,10.774999618530273,5345.0
2024-03-01 14:00:00,OCUP,2.4800000190734863,2.4800000190734863,2.4800000190734863,2.4800000190734863,2.4800000190734863,1336.0
2024-03-01 14:00:00,OFIX,12.970000267028809,12.970000267028809,12.970000267028809,12.960000038146973,12.960000038146973,1041.0
2024-03-01 14:00:00,OGI,2.180000066757202,2.180000066757202,2.198499917984009,2.180000066757202,2.190000057220459,14263.0
2024-03-01 14:00:00,OLK,22.940000534057617,22.940000534057617,22.940000534057617,22.940000534057617,22.940000534057617,100.0
2024-03-01 14:00:00,OLMA,14.960000038146973,14.960000038146973,14.960000038146973,14.960000038146973,14.960000038146973,164.0
2024-03-01 14:00:00,OM,3.1549999713897705,3.1549999713897705,3.1549999713897705,3.1500000953674316,3.1500000953674316,1738.0
2024-03-01 14:00:00,OMCL,26.325000762939453,26.325000762939453,26.34000015258789,26.32040023803711,26.34000015258789,510.0
2024-03-01 14:00:00,OMGA,4.389999866485596,4.389999866485596,4.389999866485596,4.379700183868408,4.379700183868408,6224.0
2024-03-01 14:00:00,ONCY,1.1491999626159668,1.1491999626159668,1.149999976158142,1.1301000118255615,1.1301000118255615,2377.0
2024-03-01 14:01:00,AADI,1.9950000047683716,1.9950000047683716,1.9950000047683716,1.9900000095367432,1.9900000095367432,3180.0
2024-03-01 14:01:00,ABCL,5.179999828338623,5.179999828338623,5.190000057220459,5.179999828338623,5.190000057220459,964.0
2024-03-01 14:01:00,ABSI,5.525000095367432,5.525000095367432,5.53000020980835,5.525000095367432,5.53000020980835,886.0
2024-03-01 14:01:00,ABUS,2.759200096130371,2.759200096130371,2.759200096130371,2.759200096130371,2.759200096130371,959.0
2024-03-01 14:01:00,ACAD,24.309999465942383,24.309999465942383,24.31999969482422,24.299999237060547,24.31999969482422,3984.0
2024-03-01 14:01:00,ACB,3.2149999141693115,3.2149999141693115,3.2200000286102295,3.2149999141693115,3.2149999141693115,1898.0
2024-03-01 14:01:00,ACCD,10.09000015258789,10.09000015258789,10.09000015258789,10.09000015258789,10.09000015258789,840.0
2024-03-01 14:01:00,ACET,2.4000000953674316,2.4000000953674316,2.4000000953674316,2.4000000953674316,2.4000000953674316,200.0
2024-03-01 14:01:00,ACHV,4.360000133514404,4.360000133514404,4.360000133514404,4.349999904632568,4.349999904632568,300.0
2024-03-01 14:01:00,ACLX,68.16000366210938,68.16000366210938,68.29000091552734,68.16000366210938,68.29000091552734,1285.0
2024-03-01 14:01:00,ADIL,3.299999952316284,3.299999952316284,3.3299999237060547,3.2899999618530273,3.319999933242798,13023.0
2024-03-01 14:01:00,ADMA,5.550000190734863,5.550000190734863,5.558599948883057,5.550000190734863,5.550000190734863,2938.0
2024-03-01 14:01:00,ADPT,4.114999771118164,4.114999771118164,4.114999771118164,4.114999771118164,4.114999771118164,225.0
2024-03-01 14:01:00,ADVM,1.9800000190734863,1.9800000190734863,1.9800000190734863,1.975000023841858,1.9800000190734863,1877.0
2024-03-01 14:01:00,AFMD,0.6499999761581421,0.6499999761581421,0.6499999761581421,0.6449999809265137,0.6449999809265137,9910.0
2024-03-01 14:01:00,AGEN,0.6739000082015991,0.6739000082015991,0.6746000051498413,0.6739000082015991,0.6745749711990356,83348.0
2024-03-01 14:01:00,AGIO,32.82500076293945,32.82500076293945,32.83000183105469,32.82500076293945,32.83000183105469,502.0
2024-03-01 14:01:00,AHCO,10.5649995803833,10.5649995803833,10.5649995803833,10.5649995803833,10.5649995803833,513.0
2024-03-01 14:01:00,AIH,0.5094000101089478,0.5094000101089478,0.5094000101089478,0.5094000101089478,0.5094000101089478,1000.0
2024-03-01 14:01:00,AKAN,0.20999999344348907,0.20999999344348907,0.20999999344348907,0.20999999344348907,0.20999999344348907,16037.0
2024-03-01 14:01:00,AKBA,1.690000057220459,1.690000057220459,1.690000057220459,1.6799999475479126,1.684999942779541,1343.0
2024-03-01 14:01:00,AKLI,0.36070001125335693,0.36070001125335693,0.36070001125335693,0.36000001430511475,0.36000001430511475,1456.0
2024-03-01 14:01:00,AKRO,30.135000228881836,30.135000228881836,30.139999389648438,30.135000228881836,30.139999389648438,923.0
2024-03-01 14:01:00,ALDX,4.335000038146973,4.335000038146973,4.340000152587891,4.329899787902832,4.329999923706055,3025.0
2024-03-01 14:01:00,ALEC,7.409999847412109,7.409999847412109,7.409999847412109,7.400000095367432,7.400000095367432,1171.0
2024-03-01 14:01:00,ALGN,304.1000061035156,304.1000061035156,304.1000061035156,304.1000061035156,304.1000061035156,837.0
2024-03-01 14:01:00,ALHC,5.670000076293945,5.670000076293945,5.695000171661377,5.65500020980835,5.690000057220459,28151.0
2024-03-01 14:01:00,ALLK,1.6799999475479126,1.6799999475479126,1.6799999475479126,1.6799999475479126,1.6799999475479126,320.0
2024-03-01 14:01:00,ALLO,5.050000190734863,5.050000190734863,5.054999828338623,5.050000190734863,5.050000190734863,1156.0
2024-03-01 14:01:00,ALLR,0.400299996137619,0.400299996137619,0.400299996137619,0.400299996137619,0.400299996137619,500.0
2024-03-01 14:01:00,ALNY,153.22500610351562,153.22500610351562,153.22500610351562,153.22500610351562,153.22500610351562,389.0
2024-03-01 14:01:00,ALPN,35.935001373291016,35.935001373291016,35.94499969482422,35.91999816894531,35.91999816894531,846.0
2024-03-01 14:01:00,ALT,12.199999809265137,12.199999809265137,12.199999809265137,12.16189956665039,12.16189956665039,10209.0
2024-03-01 14:01:00,ALVR,0.7552000284194946,0.7552000284194946,0.7552000284194946,0.7552000284194946,0.7552000284194946,436.0
2024-03-01 14:01:00,AMGN,280.9820861816406,280.9820861816406,281.07501220703125,280.9200134277344,280.9200134277344,3970.0
2024-03-01 14:01:00,AMPH,45.54999923706055,45.54999923706055,45.54999923706055,45.53499984741211,45.53499984741211,1474.0
2024-03-01 14:01:00,AMRN,1.0499999523162842,1.0499999523162842,1.059999942779541,1.0499999523162842,1.059999942779541,654.0
2024-03-01 14:01:00,ANAB,25.389999389648438,25.389999389648438,25.389999389648438,25.389999389648438,25.389999389648438,143.0
2024-03-01 14:01:00,ANGO,5.519999980926514,5.519999980926514,5.519999980926514,5.510000228881836,5.510000228881836,4357.0
2024-03-01 14:01:00,ANNX,6.177499771118164,6.177499771118164,6.179999828338623,6.170000076293945,6.170000076293945,2220.0
2024-03-01 14:01:00,ANTX,3.0199999809265137,3.0199999809265137,3.0199999809265137,3.0099000930786133,3.0099000930786133,2368.0
2024-03-01 14:01:00,APLS,65.27999877929688,65.27999877929688,65.30999755859375,65.23999786376953,65.23999786376953,3012.0
2024-03-01 14:01:00,APLT,7.125,7.125,7.139999866485596,7.110000133514404,7.110000133514404,1106.0
2024-03-01 14:01:00,APTO,1.7999999523162842,1.7999999523162842,1.8200000524520874,1.7999999523162842,1.8200000524520874,5023.0
2024-03-01 14:01:00,AQST,4.179999828338623,4.179999828338623,4.231200218200684,4.179999828338623,4.231200218200684,25782.0
2024-03-01 14:01:00,ARAY,2.6449999809265137,2.6449999809265137,2.6449999809265137,2.6449999809265137,2.6449999809265137,295.0
2024-03-01 14:01:00,ARCT,39.7400016784668,39.7400016784668,39.7400016784668,39.7400016784668,39.7400016784668,348.0
2024-03-01 14:01:00,ARDX,9.494999885559082,9.494999885559082,9.5,9.489999771118164,9.494999885559082,1573.0
2024-03-01 14:01:00,ARQT,11.680000305175781,11.680000305175781,11.739999771118164,11.680000305175781,11.729999542236328,16204.0
2024-03-01 14:01:00,ARVN,48.959999084472656,48.959999084472656,48.959999084472656,48.93000030517578,48.93000030517578,1214.0
2024-03-01 14:01:00,ARWR,35.78499984741211,35.78499984741211,35.80950164794922,35.78499984741211,35.80500030517578,1154.0
2024-03-01 14:01:00,ASRT,0.9100000262260437,0.9100000262260437,0.9100000262260437,0.9075000286102295,0.9075000286102295,3301.0
2024-03-01 14:01:00,ATAI,2.1693999767303467,2.1693999767303467,2.1693999767303467,2.1693999767303467,2.1693999767303467,3068.0
2024-03-01 14:01:00,ATEC,13.460000038146973,13.460000038146973,13.460000038146973,13.449999809265137,13.449999809265137,824.0
2024-03-01 14:01:00,ATHA,3.9800000190734863,3.9800000190734863,3.9800000190734863,3.9800000190734863,3.9800000190734863,483.0
2024-03-01 14:01:00,ATXS,14.739999771118164,14.739999771118164,14.739999771118164,14.739999771118164,14.739999771118164,142.0
2024-03-01 14:01:00,AUGX,4.550000190734863,4.550000190734863,4.550000190734863,4.550000190734863,4.550000190734863,101.0
2024-03-01 14:01:00,AUPH,5.835000038146973,5.835000038146973,5.84499979019165,5.835000038146973,5.840000152587891,10591.0
2024-03-01 14:01:00,AURA,9.324999809265137,9.324999809265137,9.324999809265137,9.324999809265137,9.324999809265137,368.0
2024-03-01 14:01:00,AUTL,6.380000114440918,6.380000114440918,6.389999866485596,6.380000114440918,6.380000114440918,4331.0
2024-03-01 14:01:00,AVDL,13.199999809265137,13.199999809265137,13.204999923706055,13.15999984741211,13.15999984741211,6220.0
2024-03-01 14:01:00,AVIR,4.485000133514404,4.485000133514404,4.485000133514404,4.485000133514404,4.485000133514404,158.0
2024-03-01 14:01:00,AVXL,5.329999923706055,5.329999923706055,5.329999923706055,5.329999923706055,5.329999923706055,2574.0
2024-03-01 14:01:00,AXSM,82.27999877929688,82.27999877929688,82.27999877929688,82.0,82.0,41862.0
2024-03-01 14:01:00,AZN,64.69999694824219,64.69999694824219,64.69999694824219,64.69000244140625,64.69499969482422,1774.0
2024-03-01 14:01:00,BBIO,36.06999969482422,36.06999969482422,36.06999969482422,36.06999969482422,36.06999969482422,657.0
2024-03-01 14:01:00,BBLG,2.390000104904175,2.390000104904175,2.430000066757202,2.390000104904175,2.390000104904175,634.0
2024-03-01 14:01:00,BCAB,2.694999933242798,2.694999933242798,2.700000047683716,2.694999933242798,2.700000047683716,402.0
2024-03-01 14:01:00,BCDA,0.567550003528595,0.567550003528595,0.567550003528595,0.567550003528595,0.567550003528595,100.0
2024-03-01 14:01:00,BCRX,5.695000171661377,5.695000171661377,5.695000171661377,5.691199779510498,5.691199779510498,625.0
2024-03-01 14:01:00,BDTX,4.934999942779541,4.934999942779541,4.934999942779541,4.934999942779541,4.934999942779541,476.0
2024-03-01 14:01:00,BEAM,40.2400016784668,40.2400016784668,40.25,40.20000076293945,40.209999084472656,1735.0
2024-03-01 14:01:00,BEAT,1.534999966621399,1.534999966621399,1.534999966621399,1.534999966621399,1.534999966621399,100.0
2024-03-01 14:01:00,BGXX,0.25870001316070557,0.25870001316070557,0.25870001316070557,0.25870001316070557,0.25870001316070557,248.0
2024-03-01 14:01:00,BIIB,221.53500366210938,221.53500366210938,221.5850067138672,221.47000122070312,221.5800018310547,2677.0
2024-03-01 14:01:00,BIOL,0.1445000022649765,0.1445000022649765,0.1445000022649765,0.1445000022649765,0.1445000022649765,1465.0
2024-03-01 14:01:00,BIVI,2.0899999141693115,2.0899999141693115,2.0899999141693115,2.059999942779541,2.069999933242798,38208.0
2024-03-01 14:01:00,BLFS,18.270000457763672,18.270000457763672,18.270000457763672,18.270000457763672,18.270000457763672,512.0
2024-03-01 14:01:00,BLUE,1.606600046157837,1.606600046157837,1.6075999736785889,1.600100040435791,1.6050000190734863,9135.0
2024-03-01 14:01:00,BMEA,18.229999542236328,18.229999542236328,18.229999542236328,18.229999542236328,18.229999542236328,233.0
2024-03-01 14:01:00,BMRN,88.0,88.0,88.0,87.97000122070312,87.97000122070312,2169.0
2024-03-01 14:01:00,BNGO,1.2649999856948853,1.2649999856948853,1.2649999856948853,1.2599999904632568,1.2649999856948853,3316.0
2024-03-01 14:01:00,BPMC,97.0,97.0,97.0,96.9000015258789,96.9000015258789,1239.0
2024-03-01 14:01:00,BRKR,88.4800033569336,88.4800033569336,88.4800033569336,88.47509765625,88.47509765625,2778.0
2024-03-01 14:01:00,BTTX,0.18320000171661377,0.18320000171661377,0.18400000035762787,0.18310000002384186,0.18400000035762787,17757.0
2024-03-01 14:01:00,BVS,4.739999771118164,4.739999771118164,4.739999771118164,4.739999771118164,4.739999771118164,637.0
2024-03-01 14:01:00,CBAY,32.22999954223633,32.22999954223633,32.2400016784668,32.22999954223633,32.2400016784668,2455.0
2024-03-01 14:01:00,CCCC,10.980999946594238,10.980999946594238,10.989999771118164,10.979999542236328,10.989999771118164,729.0
2024-03-01 14:01:00,CDMO,8.109999656677246,8.109999656677246,8.109999656677246,8.109999656677246,8.109999656677246,103.0
2024-03-01 14:01:00,CDNA,12.510000228881836,12.510000228881836,12.510000228881836,12.510000228881836,12.510000228881836,366.0
2024-03-01 14:01:00,CDTX,0.7210000157356262,0.7210000157356262,0.7210000157356262,0.7041000127792358,0.7149999737739563,4120.0
2024-03-01 14:01:00,CDXS,4.550000190734863,4.550000190734863,4.550000190734863,4.534999847412109,4.534999847412109,16305.0
2024-03-01 14:01:00,CELC,16.6299991607666,16.6299991607666,16.6299991607666,16.59000015258789,16.59000015258789,320.0
2024-03-01 14:01:00,CERE,41.099998474121094,41.099998474121094,41.10499954223633,41.099998474121094,41.099998474121094,951.0
2024-03-01 14:01:00,CERS,2.188499927520752,2.188499927520752,2.190000057220459,2.188499927520752,2.190000057220459,4073.0
2024-03-01 14:01:00,CERT,17.90999984741211,17.90999984741211,17.90999984741211,17.899999618530273,17.899999618530273,1354.0
2024-03-01 14:01:00,CGC,3.244999885559082,3.244999885559082,3.244999885559082,3.2400999069213867,3.244999885559082,804.0
2024-03-01 14:01:00,CGEM,18.579999923706055,18.579999923706055,18.579999923706055,18.540000915527344,18.540000915527344,389.0
2024-03-01 14:01:00,CHRS,2.4000000953674316,2.4000000953674316,2.4049999713897705,2.4000000953674316,2.4049999713897705,916.0
2024-03-01 14:01:00,CLDX,52.095001220703125,52.095001220703125,52.095001220703125,52.06999969482422,52.06999969482422,301.0
2024-03-01 14:01:00,CLOV,0.8737999796867371,0.8737999796867371,0.8738999962806702,0.8725500106811523,0.8726000189781189,6797.0
2024-03-01 14:01:00,CLRB,4.110000133514404,4.110000133514404,4.110000133514404,4.098700046539307,4.098700046539307,6030.0
2024-03-01 14:01:00,CMPS,11.390000343322754,11.390000343322754,11.390000343322754,11.390000343322754,11.390000343322754,326.0
2024-03-01 14:01:00,COGT,7.204999923706055,7.204999923706055,7.204999923706055,7.204999923706055,7.204999923706055,556.0
2024-03-01 14:01:00,COLL,36.790000915527344,36.790000915527344,36.790000915527344,36.790000915527344,36.790000915527344,631.0
2024-03-01 14:01:00,CORT,24.424999237060547,24.424999237060547,24.424999237060547,24.424999237060547,24.424999237060547,653.0
2024-03-01 14:01:00,CPRX,17.459999084472656,17.459999084472656,17.459999084472656,17.45050048828125,17.459999084472656,1903.0
2024-03-01 14:01:00,CRBU,7.894999980926514,7.894999980926514,7.894999980926514,7.860000133514404,7.869999885559082,7036.0
2024-03-01 14:01:00,CRDF,2.440000057220459,2.440000057220459,2.4707000255584717,2.430000066757202,2.4707000255584717,15017.0
2024-03-01 14:01:00,CRDL,1.9900000095367432,1.9900000095367432,2.0,1.9700000286102295,2.0,13394.0
2024-03-01 14:01:00,CRMD,3.694999933242798,3.694999933242798,3.7049999237060547,3.690000057220459,3.7049999237060547,7150.0
2024-03-01 14:01:00,CRNX,46.58000183105469,46.58000183105469,46.58000183105469,46.58000183105469,46.58000183105469,216.0
2024-03-01 14:01:00,CRSP,85.81500244140625,85.81500244140625,85.81500244140625,85.80500030517578,85.80500030517578,368.0
2024-03-01 14:01:00,CTKB,9.0,9.0,9.0,8.984999656677246,8.984999656677246,1046.0
2024-03-01 14:01:00,CTMX,2.5950000286102295,2.5950000286102295,2.5950000286102295,2.5899999141693115,2.5899999141693115,900.0
2024-03-01 14:01:00,CVAC,3.494999885559082,3.494999885559082,3.494999885559082,3.494999885559082,3.494999885559082,119.0
2024-03-01 14:01:00,CYTK,72.70999908447266,72.70999908447266,72.80999755859375,72.52999877929688,72.58999633789062,12862.0
2024-03-01 14:01:00,CYTO,2.319999933242798,2.319999933242798,2.319999933242798,2.319999933242798,2.319999933242798,101.0
2024-03-01 14:01:00,DARE,0.5697000026702881,0.5697000026702881,0.5697000026702881,0.5697000026702881,0.5697000026702881,1664.0
2024-03-01 14:01:00,DAWN,17.614999771118164,17.614999771118164,17.614999771118164,17.610000610351562,17.610000610351562,614.0
2024-03-01 14:01:00,DCPH,17.510000228881836,17.510000228881836,17.510000228881836,17.510000228881836,17.510000228881836,369.0
2024-03-01 14:01:00,DH,8.890000343322754,8.890000343322754,8.890000343322754,8.890000343322754,8.890000343322754,309.0
2024-03-01 14:01:00,DMTK,0.8485000133514404,0.8485000133514404,0.8485140204429626,0.8464999794960022,0.8485140204429626,4034.0
2024-03-01 14:01:00,DNLI,21.239999771118164,21.239999771118164,21.25,21.229999542236328,21.25,2816.0
2024-03-01 14:01:00,DTIL,12.260000228881836,12.260000228881836,12.260000228881836,12.260000228881836,12.260000228881836,500.0
2024-03-01 14:01:00,DVAX,12.880000114440918,12.880000114440918,12.890000343322754,12.880000114440918,12.890000343322754,276.0
2024-03-01 14:01:00,DXCM,121.81999969482422,121.81999969482422,121.88999938964844,121.77999877929688,121.88999938964844,7994.0
2024-03-01 14:01:00,DYN,28.700000762939453,28.700000762939453,28.709999084472656,28.700000762939453,28.700000762939453,560.0
2024-03-01 14:01:00,EDIT,10.899999618530273,10.899999618530273,10.904999732971191,10.890000343322754,10.904999732971191,3855.0
2024-03-01 14:01:00,ELEV,5.054999828338623,5.054999828338623,5.070000171661377,5.039999961853027,5.053500175476074,1756.0
2024-03-01 14:01:00,EMBC,14.345000267028809,14.345000267028809,14.345000267028809,14.345000267028809,14.345000267028809,155.0
2024-03-01 14:01:00,ENSG,122.06999969482422,122.06999969482422,122.0999984741211,122.06999969482422,122.0999984741211,1126.0
2024-03-01 14:01:00,ENTA,15.460000038146973,15.460000038146973,15.460000038146973,15.420000076293945,15.420000076293945,1268.0
2024-03-01 14:01:00,ENVB,1.5299999713897705,1.5299999713897705,1.5299999713897705,1.5140000581741333,1.5299999713897705,1788.0
2024-03-01 14:01:00,EOLS,14.84000015258789,14.84000015258789,14.845000267028809,14.84000015258789,14.84000015258789,807.0
2024-03-01 14:01:00,ERAS,2.5199999809265137,2.5199999809265137,2.5199999809265137,2.5199999809265137,2.5199999809265137,121.0
2024-03-01 14:01:00,ESPR,2.549999952316284,2.549999952316284,2.549999952316284,2.549999952316284,2.549999952316284,907.0
2024-03-01 14:01:00,ETNB,12.914999961853027,12.914999961853027,12.944999694824219,12.850000381469727,12.879599571228027,13156.0
2024-03-01 14:01:00,ETON,4.460000038146973,4.460000038146973,4.460000038146973,4.460000038146973,4.460000038146973,131.0
2024-03-01 14:01:00,EVGN,0.9700000286102295,0.9700000286102295,0.9700000286102295,0.9700000286102295,0.9700000286102295,268.0
2024-03-01 14:01:00,EWTX,17.010000228881836,17.010000228881836,17.010000228881836,17.010000228881836,17.010000228881836,703.0
2024-03-01 14:01:00,EXAS,60.189998626708984,60.189998626708984,60.28499984741211,60.189998626708984,60.246299743652344,1742.0
2024-03-01 14:01:00,EXEL,22.5,22.5,22.5049991607666,22.5,22.5,2411.0
2024-03-01 14:01:00,EYEN,2.369999885559082,2.369999885559082,2.390000104904175,2.369999885559082,2.390000104904175,5773.0
2024-03-01 14:01:00,FBIO,2.350100040435791,2.350100040435791,2.3550000190734863,2.350100040435791,2.3550000190734863,724.0
2024-03-01 14:01:00,FDMT,29.270000457763672,29.270000457763672,29.270000457763672,29.270000457763672,29.270000457763672,170.0
2024-03-01 14:01:00,FGEN,1.8600000143051147,1.8600000143051147,1.8600000143051147,1.8550000190734863,1.8550000190734863,701.0
2024-03-01 14:01:00,FHTX,8.229999542236328,8.229999542236328,8.239899635314941,8.229999542236328,8.239899635314941,401.0
2024-03-01 14:01:00,FOLD,13.425000190734863,13.425000190734863,13.4350004196167,13.420000076293945,13.425000190734863,4754.0
2024-03-01 14:01:00,FULC,10.960000038146973,10.960000038146973,11.0,10.960000038146973,11.0,1200.0
2024-03-01 14:01:00,FUSN,12.28499984741211,12.28499984741211,12.289999961853027,12.28499984741211,12.289999961853027,790.0
2024-03-01 14:01:00,GDRX,8.350000381469727,8.350000381469727,8.354999542236328,8.350000381469727,8.354999542236328,1200.0
2024-03-01 14:01:00,GENE,2.25,2.25,2.25,2.25,2.25,400.0
2024-03-01 14:01:00,GERN,2.2850000858306885,2.2850000858306885,2.289900064468384,2.2750000953674316,2.279900074005127,67216.0
2024-03-01 14:01:00,GH,19.114999771118164,19.114999771118164,19.114999771118164,19.100500106811523,19.100500106811523,799.0
2024-03-01 14:01:00,GILD,72.4749984741211,72.4749984741211,72.48999786376953,72.45999908447266,72.4749984741211,19114.0
2024-03-01 14:01:00,GLMD,0.39149999618530273,0.39149999618530273,0.39149999618530273,0.39149999618530273,0.39149999618530273,2395.0
2024-03-01 14:01:00,GLYC,3.0299999713897705,3.0299999713897705,3.0299999713897705,3.0299999713897705,3.0299999713897705,158.0
2024-03-01 14:01:00,GMAB,29.420000076293945,29.420000076293945,29.43000030517578,29.420000076293945,29.43000030517578,501.0
2024-03-01 14:01:00,GOSS,1.4199999570846558,1.4199999570846558,1.4249999523162842,1.4199999570846558,1.4199999570846558,6103.0
2024-03-01 14:01:00,GRFS,7.085000038146973,7.085000038146973,7.085000038146973,7.085000038146973,7.085000038146973,212.0
2024-03-01 14:01:00,GRPH,3.4649999141693115,3.4649999141693115,3.4649999141693115,3.4649999141693115,3.4649999141693115,401.0
2024-03-01 14:01:00,GRTS,2.134999990463257,2.134999990463257,2.1449999809265137,2.134999990463257,2.140000104904175,9994.0
2024-03-01 14:01:00,GRTX,0.23649999499320984,0.23649999499320984,0.23649999499320984,0.22990000247955322,0.22990000247955322,83122.0
2024-03-01 14:01:00,GTHX,3.765000104904175,3.765000104904175,3.7950000762939453,3.765000104904175,3.7950000762939453,2562.0
2024-03-01 14:01:00,HALO,41.404998779296875,41.404998779296875,41.43000030517578,41.369998931884766,41.400001525878906,1898.0
2024-03-01 14:01:00,HARP,22.9424991607666,22.9424991607666,22.94499969482422,22.9424991607666,22.94499969482422,300.0
2024-03-01 14:01:00,HCAT,8.154999732971191,8.154999732971191,8.170000076293945,8.149999618530273,8.15999984741211,2768.0
2024-03-01 14:01:00,HCSG,12.59000015258789,12.59000015258789,12.59000015258789,12.59000015258789,12.59000015258789,122.0
2024-03-01 14:01:00,HOLX,74.33300018310547,74.33300018310547,74.33999633789062,74.33300018310547,74.33999633789062,627.0
2024-03-01 14:01:00,HOWL,7.110000133514404,7.110000133514404,7.110000133514404,7.110000133514404,7.110000133514404,155.0
2024-03-01 14:01:00,HQY,81.4000015258789,81.4000015258789,81.4000015258789,81.33000183105469,81.33000183105469,4062.0
2024-03-01 14:01:00,HRMY,31.774999618530273,31.774999618530273,31.774999618530273,31.684999465942383,31.684999465942383,1910.0
2024-03-01 14:01:00,HRTX,2.575000047683716,2.575000047683716,2.575000047683716,2.569999933242798,2.575000047683716,1133.0
2024-03-01 14:01:00,HSIC,76.92990112304688,76.92990112304688,76.92990112304688,76.9000015258789,76.9000015258789,742.0
2024-03-01 14:01:00,HUGE,0.8799999952316284,0.8799999952316284,0.8799999952316284,0.8799999952316284,0.8799999952316284,206.0
2024-03-01 14:01:00,HUMA,3.2808001041412354,3.2808001041412354,3.2899999618530273,3.2799999713897705,3.2850000858306885,44999.0
2024-03-01 14:01:00,IART,36.51499938964844,36.51499938964844,36.52000045776367,36.51499938964844,36.52000045776367,476.0
2024-03-01 14:01:00,IBRX,4.869999885559082,4.869999885559082,4.869999885559082,4.869999885559082,4.869999885559082,944.0
2024-03-01 14:01:00,ICAD,1.850000023841858,1.850000023841858,1.8650000095367432,1.850000023841858,1.8519999980926514,2117.0
2024-03-01 14:01:00,ICLR,323.42498779296875,323.42498779296875,323.42498779296875,323.42498779296875,323.42498779296875,513.0
2024-03-01 14:01:00,ICUI,106.22000122070312,106.22000122070312,106.22000122070312,106.22000122070312,106.22000122070312,168.0
2024-03-01 14:01:00,IDXX,580.530029296875,580.530029296875,580.5800170898438,580.530029296875,580.5800170898438,366.0
2024-03-01 14:01:00,IDYA,46.91999816894531,46.91999816894531,46.91999816894531,46.91999816894531,46.91999816894531,556.0
2024-03-01 14:01:00,IKT,2.0999999046325684,2.0999999046325684,2.0999999046325684,2.0999999046325684,2.0999999046325684,100.0
2024-03-01 14:01:00,ILMN,142.3699951171875,142.3699951171875,142.42999267578125,142.3699951171875,142.42999267578125,580.0
2024-03-01 14:01:00,IMAB,1.8200000524520874,1.8200000524520874,1.8200000524520874,1.8200000524520874,1.8200000524520874,107.0
2024-03-01 14:01:00,IMMX,3.559999942779541,3.559999942779541,3.559999942779541,3.559999942779541,3.559999942779541,100.0
2024-03-01 14:01:00,IMTX,12.899999618530273,12.899999618530273,12.899999618530273,12.885000228881836,12.899999618530273,639.0
2024-03-01 14:01:00,IMUX,1.475000023841858,1.475000023841858,1.475000023841858,1.475000023841858,1.475000023841858,204.0
2024-03-01 14:01:00,IMVT,35.959999084472656,35.959999084472656,35.959999084472656,35.94499969482422,35.959999084472656,824.0
2024-03-01 14:01:00,INBX,36.57500076293945,36.57500076293945,36.57500076293945,36.57500076293945,36.57500076293945,100.0
2024-03-01 14:01:00,INCY,59.5,59.5,59.525001525878906,59.5,59.5,2202.0
2024-03-01 14:01:00,INMD,22.915000915527344,22.915000915527344,22.915000915527344,22.890499114990234,22.890499114990234,4149.0
2024-03-01 14:01:00,INO,9.65999984741211,9.65999984741211,9.670000076293945,9.649900436401367,9.649999618530273,4135.0
2024-03-01 14:01:00,INSM,28.18000030517578,28.18000030517578,28.229999542236328,28.18000030517578,28.229999542236328,4075.0
2024-03-01 14:01:00,INVA,15.569999694824219,15.569999694824219,15.574999809265137,15.524999618530273,15.529999732971191,4317.0
2024-03-01 14:01:00,IONM,0.34940001368522644,0.34940001368522644,0.34940001368522644,0.34940001368522644,0.34940001368522644,100.0
2024-03-01 14:01:00,IONS,46.029998779296875,46.029998779296875,46.040000915527344,46.029998779296875,46.029998779296875,1219.0
2024-03-01 14:01:00,IOVA,17.075000762939453,17.075000762939453,17.094999313354492,17.06999969482422,17.084999084472656,18397.0
2024-03-01 14:01:00,IPSC,3.880000114440918,3.880000114440918,3.880000114440918,3.880000114440918,3.880000114440918,200.0
2024-03-01 14:01:00,IRMD,41.54999923706055,41.54999923706055,41.54999923706055,41.54999923706055,41.54999923706055,203.0
2024-03-01 14:01:00,IRWD,9.015000343322754,9.015000343322754,9.020000457763672,9.010000228881836,9.010000228881836,5994.0
2024-03-01 14:01:00,ISRG,396.7300109863281,396.7300109863281,397.0400085449219,396.7300109863281,396.8999938964844,7181.0
2024-03-01 14:01:00,ITCI,71.9000015258789,71.9000015258789,71.93000030517578,71.9000015258789,71.9000015258789,4070.0
2024-03-01 14:01:00,ITOS,11.350000381469727,11.350000381469727,11.350000381469727,11.350000381469727,11.350000381469727,487.0
2024-03-01 14:01:00,IXHL,5.53000020980835,5.53000020980835,5.53000020980835,5.53000020980835,5.53000020980835,100.0
2024-03-01 14:01:00,JAGX,0.0778999999165535,0.0778999999165535,0.0778999999165535,0.07680000364780426,0.07689999788999557,194622.0
2024-03-01 14:01:00,JANX,46.185001373291016,46.185001373291016,46.185001373291016,46.185001373291016,46.185001373291016,652.0
2024-03-01 14:01:00,JAZZ,119.05500030517578,119.05500030517578,119.0999984741211,118.88999938964844,118.88999938964844,3769.0
2024-03-01 14:01:00,JYNT,10.005000114440918,10.005000114440918,10.005000114440918,9.989999771118164,10.0,691.0
2024-03-01 14:01:00,KALV,14.199999809265137,14.199999809265137,14.199999809265137,14.199999809265137,14.199999809265137,101.0
2024-03-01 14:01:00,KNSA,21.809999465942383,21.809999465942383,21.82990074157715,21.809999465942383,21.82990074157715,488.0
2024-03-01 14:01:00,KNTE,2.615000009536743,2.615000009536743,2.615000009536743,2.615000009536743,2.615000009536743,311.0
2024-03-01 14:01:00,KPTI,1.184999942779541,1.184999942779541,1.1950000524520874,1.184999942779541,1.1950000524520874,6269.0
2024-03-01 14:01:00,KRTX,316.7900085449219,316.7900085449219,316.7900085449219,316.7900085449219,316.7900085449219,200.0
2024-03-01 14:01:00,KTRA,0.09989999979734421,0.09989999979734421,0.10040000081062317,0.09929999709129333,0.09929999709129333,87125.0
2024-03-01 14:01:00,KURA,21.8799991607666,21.8799991607666,21.8799991607666,21.8799991607666,21.8799991607666,314.0
2024-03-01 14:01:00,KYMR,44.05500030517578,44.05500030517578,44.05500030517578,44.05500030517578,44.05500030517578,539.0
2024-03-01 14:01:00,KZR,1.090000033378601,1.090000033378601,1.090000033378601,1.090000033378601,1.090000033378601,238.0
2024-03-01 14:01:00,LAB,2.4700000286102295,2.4700000286102295,2.4700000286102295,2.4649999141693115,2.4649999141693115,2371.0
2024-03-01 14:01:00,LBPH,21.860000610351562,21.860000610351562,21.860000610351562,21.815000534057617,21.815000534057617,307.0
2024-03-01 14:01:00,LFMD,8.0,8.0,8.0,7.980000019073486,7.980000019073486,200.0
2024-03-01 14:01:00,LFST,7.739999771118164,7.739999771118164,7.744999885559082,7.730000019073486,7.744999885559082,11765.0
2024-03-01 14:01:00,LGVN,0.5249999761581421,0.5249999761581421,0.5404000282287598,0.5249999761581421,0.5404000282287598,20035.0
2024-03-01 14:01:00,LIAN,4.860000133514404,4.860000133514404,4.860000133514404,4.860000133514404,4.860000133514404,100.0
2024-03-01 14:01:00,LMAT,68.56400299072266,68.56400299072266,68.56400299072266,68.56400299072266,68.56400299072266,338.0
2024-03-01 14:01:00,LNTH,65.25499725341797,65.25499725341797,65.26909637451172,65.22000122070312,65.22000122070312,2543.0
2024-03-01 14:01:00,LPTX,2.9000000953674316,2.9000000953674316,2.930000066757202,2.9000000953674316,2.9200000762939453,1553.0
2024-03-01 14:01:00,LTRN,4.549900054931641,4.549900054931641,4.549900054931641,4.549900054931641,4.549900054931641,100.0
2024-03-01 14:01:00,LUCD,1.2400000095367432,1.2400000095367432,1.2400000095367432,1.2400000095367432,1.2400000095367432,122.0
2024-03-01 14:01:00,LUNG,9.5,9.5,9.5,9.5,9.5,650.0
2024-03-01 14:01:00,LXRX,2.5250000953674316,2.5250000953674316,2.5299999713897705,2.5199999809265137,2.5199999809265137,1176.0
2024-03-01 14:01:00,LYEL,3.190000057220459,3.190000057220459,3.190000057220459,3.190000057220459,3.190000057220459,304.0
2024-03-01 14:01:00,LYRA,5.639999866485596,5.639999866485596,5.639999866485596,5.619999885559082,5.619999885559082,1001.0
2024-03-01 14:01:00,MACK,14.710000038146973,14.710000038146973,14.710000038146973,14.710000038146973,14.710000038146973,408.0
2024-03-01 14:01:00,MCRB,1.2000000476837158,1.2000000476837158,1.2000000476837158,1.1950000524520874,1.1950000524520874,2451.0
2024-03-01 14:01:00,MDGL,250.46499633789062,250.46499633789062,250.46499633789062,249.96499633789062,249.96499633789062,1249.0
2024-03-01 14:01:00,MDRX,6.0,6.0,6.0,5.989999771118164,5.989999771118164,9015.0
2024-03-01 14:01:00,MDXG,8.630000114440918,8.630000114440918,8.640000343322754,8.625,8.640000343322754,4579.0
2024-03-01 14:01:00,ME,0.5743989944458008,0.5743989944458008,0.5743989944458008,0.5723999738693237,0.5723999738693237,1326.0
2024-03-01 14:01:00,MEDP,401.6600036621094,401.6600036621094,401.6600036621094,401.6600036621094,401.6600036621094,238.0
2024-03-01 14:01:00,MGNX,19.239999771118164,19.239999771118164,19.239999771118164,19.229999542236328,19.239999771118164,1492.0
2024-03-01 14:01:00,MIRM,29.684999465942383,29.684999465942383,29.684999465942383,29.684999465942383,29.684999465942383,336.0
2024-03-01 14:01:00,MIST,1.7350000143051147,1.7350000143051147,1.7350000143051147,1.7350000143051147,1.7350000143051147,520.0
2024-03-01 14:01:00,MLTX,51.16999816894531,51.16999816894531,51.16999816894531,51.09000015258789,51.11000061035156,2872.0
2024-03-01 14:01:00,MNKD,4.554999828338623,4.554999828338623,4.579999923706055,4.554999828338623,4.579899787902832,40529.0
2024-03-01 14:01:00,MNMD,6.24970006942749,6.24970006942749,6.260000228881836,6.246200084686279,6.260000228881836,3835.0
2024-03-01 14:01:00,MOR,17.549999237060547,17.549999237060547,17.549999237060547,17.549999237060547,17.549999237060547,164.0
2024-03-01 14:01:00,MORF,39.41999816894531,39.41999816894531,39.41999816894531,39.41999816894531,39.41999816894531,251.0
2024-03-01 14:01:00,MREO,3.9935998916625977,3.9935998916625977,3.9935998916625977,3.9935998916625977,3.9935998916625977,4049.0
2024-03-01 14:01:00,MRNA,95.29000091552734,95.29000091552734,95.30999755859375,95.29000091552734,95.30999755859375,579.0
2024-03-01 14:01:00,MRNS,10.390000343322754,10.390000343322754,10.390000343322754,10.390000343322754,10.390000343322754,130.0
2024-03-01 14:01:00,MRSN,5.965000152587891,5.965000152587891,5.965000152587891,5.960000038146973,5.960000038146973,1495.0
2024-03-01 14:01:00,MRUS,51.2599983215332,51.2599983215332,51.2599983215332,51.209999084472656,51.220001220703125,2201.0
2024-03-01 14:01:00,MRVI,7.78000020980835,7.78000020980835,7.78000020980835,7.78000020980835,7.78000020980835,136.0
2024-03-01 14:01:00,MXCT,4.75,4.75,4.75,4.75,4.75,1206.0
2024-03-01 14:01:00,MYGN,22.110000610351562,22.110000610351562,22.110000610351562,22.110000610351562,22.110000610351562,334.0
2024-03-01 14:01:00,NARI,45.70000076293945,45.70000076293945,45.75,45.65999984741211,45.75,2591.0
2024-03-01 14:01:00,NAUT,2.609999895095825,2.609999895095825,2.609999895095825,2.609999895095825,2.609999895095825,224.0
2024-03-01 14:01:00,NBIX,132.1999969482422,132.1999969482422,132.24000549316406,132.08999633789062,132.08999633789062,1554.0
2024-03-01 14:01:00,NEO,16.114999771118164,16.114999771118164,16.1200008392334,16.110000610351562,16.110000610351562,1346.0
2024-03-01 14:01:00,NEOG,17.434999465942383,17.434999465942383,17.434999465942383,17.420000076293945,17.420000076293945,615.0
2024-03-01 14:01:00,NGM,1.5199999809265137,1.5199999809265137,1.524999976158142,1.5199999809265137,1.524999976158142,824.0
2024-03-01 14:01:00,NKTR,0.7797999978065491,0.7797999978065491,0.7797999978065491,0.7738999724388123,0.7738999724388123,1087.0
2024-03-01 14:01:00,NKTX,12.859999656677246,12.859999656677246,12.859999656677246,12.859999656677246,12.859999656677246,1123.0
2024-03-01 14:01:00,NNOX,10.994999885559082,10.994999885559082,11.045000076293945,10.994999885559082,11.020000457763672,20553.0
2024-03-01 14:01:00,NOTV,8.149999618530273,8.149999618530273,8.149999618530273,8.145000457763672,8.145000457763672,930.0
2024-03-01 14:01:00,NRBO,6.0,6.0,6.0,6.0,6.0,768.0
2024-03-01 14:01:00,NRIX,13.84000015258789,13.84000015258789,13.869999885559082,13.84000015258789,13.869999885559082,417.0
2024-03-01 14:01:00,NRSN,1.9937000274658203,1.9937000274658203,1.9937000274658203,1.9936000108718872,1.9936000108718872,500.0
2024-03-01 14:01:00,NTRA,89.1500015258789,89.1500015258789,89.18000030517578,89.1500015258789,89.18000030517578,779.0
2024-03-01 14:01:00,NUWE,0.5752999782562256,0.5752999782562256,0.578000009059906,0.5752999782562256,0.578000009059906,3180.0
2024-03-01 14:01:00,NVAX,5.215000152587891,5.215000152587891,5.21999979019165,5.214099884033203,5.21999979019165,1250.0
2024-03-01 14:01:00,NVCR,16.040000915527344,16.040000915527344,16.040000915527344,16.040000915527344,16.040000915527344,835.0
2024-03-01 14:01:00,NXTC,1.7899999618530273,1.7899999618530273,1.7999999523162842,1.7899999618530273,1.7999999523162842,3068.0
2024-03-01 14:01:00,OCGN,0.9559999704360962,0.9559999704360962,0.9599999785423279,0.955551028251648,0.955551028251648,1964.0
2024-03-01 14:01:00,OCUL,10.795000076293945,10.795000076293945,10.795000076293945,10.78499984741211,10.78499984741211,1568.0
2024-03-01 14:01:00,OFIX,12.989999771118164,12.989999771118164,12.989999771118164,12.975000381469727,12.975000381469727,617.0
2024-03-01 14:01:00,OGI,2.1700000762939453,2.1700000762939453,2.180000066757202,2.1700000762939453,2.180000066757202,3625.0
2024-03-01 14:01:00,OKYO,1.4900000095367432,1.4900000095367432,1.4900000095367432,1.4800000190734863,1.4800000190734863,470.0
2024-03-01 14:01:00,OLK,22.920000076293945,22.920000076293945,22.950000762939453,22.920000076293945,22.94499969482422,6216.0
2024-03-01 14:01:00,OLMA,14.979999542236328,14.979999542236328,14.989999771118164,14.979999542236328,14.989999771118164,1256.0
2024-03-01 14:01:00,OMCL,26.398000717163086,26.398000717163086,26.398000717163086,26.350000381469727,26.350000381469727,1601.0
2024-03-01 14:01:00,OMGA,4.387499809265137,4.387499809265137,4.394999980926514,4.387499809265137,4.394999980926514,959.0
2024-03-01 14:01:00,ONCT,10.359999656677246,10.359999656677246,10.359999656677246,10.359999656677246,10.359999656677246,253.0
2024-03-01 14:01:00,ONCY,1.1394000053405762,1.1394000053405762,1.1394000053405762,1.1380000114440918,1.1380000114440918,3002.0
2024-03-01 14:02:00,AADI,2.0,2.0,2.0,1.9980000257492065,1.9980000257492065,1825.0
2024-03-01 14:02:00,ABCL,5.179999828338623,5.179999828338623,5.1809000968933105,5.179999828338623,5.1809000968933105,2661.0
2024-03-01 14:02:00,ABEO,7.784999847412109,7.784999847412109,7.784999847412109,7.784999847412109,7.784999847412109,202.0
2024-03-01 14:02:00,ABOS,4.619999885559082,4.619999885559082,4.619999885559082,4.619999885559082,4.619999885559082,539.0
2024-03-01 14:02:00,ABSI,5.479700088500977,5.479700088500977,5.5269999504089355,5.460000038146973,5.5269999504089355,11373.0
2024-03-01 14:02:00,ABUS,2.759999990463257,2.759999990463257,2.759999990463257,2.759999990463257,2.759999990463257,3579.0
2024-03-01 14:02:00,ACAD,24.290000915527344,24.290000915527344,24.299999237060547,24.28499984741211,24.299999237060547,1855.0
2024-03-01 14:02:00,ACB,3.2149999141693115,3.2149999141693115,3.2149999141693115,3.2149999141693115,3.2149999141693115,567.0
2024-03-01 14:02:00,ACCD,10.095000267028809,10.095000267028809,10.095000267028809,10.095000267028809,10.095000267028809,108.0
2024-03-01 14:02:00,ACET,2.4000000953674316,2.4000000953674316,2.4000000953674316,2.390000104904175,2.390000104904175,872.0
2024-03-01 14:02:00,ACHC,84.43000030517578,84.43000030517578,84.43000030517578,84.43000030517578,84.43000030517578,379.0
2024-03-01 14:02:00,ACLX,68.16000366210938,68.16000366210938,68.16000366210938,68.16000366210938,68.16000366210938,208.0
2024-03-01 14:02:00,ACON,0.4000000059604645,0.4000000059604645,0.4099999964237213,0.4000000059604645,0.4050000011920929,19882.0
2024-03-01 14:02:00,ACRS,1.2350000143051147,1.2350000143051147,1.2400000095367432,1.2300000190734863,1.2350000143051147,2049.0
2024-03-01 14:02:00,ADAP,1.6098999977111816,1.6098999977111816,1.6100000143051147,1.6050000190734863,1.608199954032898,1761.0
2024-03-01 14:02:00,ADIL,3.3199000358581543,3.3199000358581543,3.319999933242798,3.2899999618530273,3.299999952316284,16210.0
2024-03-01 14:02:00,ADMA,5.554999828338623,5.554999828338623,5.557499885559082,5.550000190734863,5.550099849700928,1686.0
2024-03-01 14:02:00,ADPT,4.110000133514404,4.110000133514404,4.110000133514404,4.110000133514404,4.110000133514404,108.0
2024-03-01 14:02:00,ADUS,94.05000305175781,94.05000305175781,94.05000305175781,94.04000091552734,94.04000091552734,1221.0
2024-03-01 14:02:00,ADVM,1.9800000190734863,1.9800000190734863,1.9800000190734863,1.975000023841858,1.9800000190734863,3561.0
2024-03-01 14:02:00,AFMD,0.6499999761581421,0.6499999761581421,0.6499999761581421,0.6499999761581421,0.6499999761581421,642.0
2024-03-01 14:02:00,AGEN,0.673799991607666,0.673799991607666,0.6738899946212769,0.673799991607666,0.6738499999046326,4053.0
2024-03-01 14:02:00,AGIO,32.82500076293945,32.82500076293945,32.82500076293945,32.82500076293945,32.82500076293945,101.0
2024-03-01 14:02:00,AHCO,10.53499984741211,10.53499984741211,10.5600004196167,10.53499984741211,10.5600004196167,3529.0
2024-03-01 14:02:00,AIH,0.5073000192642212,0.5073000192642212,0.5095000267028809,0.5049999952316284,0.5094000101089478,4400.0
2024-03-01 14:02:00,AIMD,0.949999988079071,0.949999988079071,0.949999988079071,0.949999988079071,0.949999988079071,100.0
2024-03-01 14:02:00,AKAN,0.21275000274181366,0.21275000274181366,0.21275000274181366,0.21275000274181366,0.21275000274181366,1000.0
2024-03-01 14:02:00,AKBA,1.684999942779541,1.684999942779541,1.684999942779541,1.684999942779541,1.684999942779541,1600.0
2024-03-01 14:02:00,AKLI,0.36969900131225586,0.36969900131225586,0.36970001459121704,0.36969900131225586,0.36970001459121704,542.0
2024-03-01 14:02:00,AKRO,30.104999542236328,30.104999542236328,30.135000228881836,30.102500915527344,30.135000228881836,1514.0
2024-03-01 14:02:00,ALDX,4.315000057220459,4.315000057220459,4.335000038146973,4.315000057220459,4.335000038146973,4880.0
2024-03-01 14:02:00,ALEC,7.414999961853027,7.414999961853027,7.420000076293945,7.400000095367432,7.420000076293945,1827.0
2024-03-01 14:02:00,ALGN,303.7699890136719,303.7699890136719,303.8599853515625,303.7699890136719,303.8599853515625,1024.0
2024-03-01 14:02:00,ALHC,5.670000076293945,5.670000076293945,5.670000076293945,5.65500020980835,5.670000076293945,1316.0
2024-03-01 14:02:00,ALKS,30.2450008392334,30.2450008392334,30.25,30.2450008392334,30.2450008392334,836.0
2024-03-01 14:02:00,ALLK,1.672700047492981,1.672700047492981,1.6799999475479126,1.672700047492981,1.6799999475479126,719.0
2024-03-01 14:02:00,ALLO,5.050000190734863,5.050000190734863,5.059999942779541,5.045000076293945,5.059999942779541,13088.0
2024-03-01 14:02:00,ALPN,35.93000030517578,35.93000030517578,35.93000030517578,35.90999984741211,35.91999816894531,2503.0
2024-03-01 14:02:00,ALT,12.177399635314941,12.177399635314941,12.196000099182129,12.15999984741211,12.1899995803833,5079.0
2024-03-01 14:02:00,ALXO,15.079999923706055,15.079999923706055,15.079999923706055,15.079999923706055,15.079999923706055,118.0
2024-03-01 14:02:00,AMGN,280.8900146484375,280.8900146484375,281.05499267578125,280.8599853515625,281.0249938964844,5011.0
2024-03-01 14:02:00,AMLX,18.649999618530273,18.649999618530273,18.649999618530273,18.649999618530273,18.649999618530273,409.0
2024-03-01 14:02:00,AMPH,45.494998931884766,45.494998931884766,45.54999923706055,45.459999084472656,45.54999923706055,5145.0
2024-03-01 14:02:00,AMRN,1.059999942779541,1.059999942779541,1.059999942779541,1.0549999475479126,1.0549999475479126,10820.0
2024-03-01 14:02:00,ANAB,25.399999618530273,25.399999618530273,25.399999618530273,25.399999618530273,25.399999618530273,881.0
2024-03-01 14:02:00,ANIP,66.75,66.75,66.83999633789062,66.75,66.83999633789062,452.0
2024-03-01 14:02:00,ANNX,6.175000190734863,6.175000190734863,6.179999828338623,6.170000076293945,6.179999828338623,2496.0
2024-03-01 14:02:00,APLS,65.22000122070312,65.22000122070312,65.25499725341797,65.20999908447266,65.25499725341797,5194.0
2024-03-01 14:02:00,APLT,7.110000133514404,7.110000133514404,7.125,7.110000133514404,7.125,608.0
2024-03-01 14:02:00,APVO,0.1574999988079071,0.1574999988079071,0.16300000250339508,0.1574999988079071,0.15758700668811798,30481.0
2024-03-01 14:02:00,ARAY,2.6500000953674316,2.6500000953674316,2.6500000953674316,2.6500000953674316,2.6500000953674316,108.0
2024-03-01 14:02:00,ARCT,39.709999084472656,39.709999084472656,39.73500061035156,39.709999084472656,39.73500061035156,793.0
2024-03-01 14:02:00,ARDX,9.489999771118164,9.489999771118164,9.5,9.484999656677246,9.5,4213.0
2024-03-01 14:02:00,ARGX,392.42999267578125,392.42999267578125,392.42999267578125,392.42999267578125,392.42999267578125,106.0
2024-03-01 14:02:00,ARQT,11.6899995803833,11.6899995803833,11.699999809265137,11.680000305175781,11.680000305175781,3348.0
2024-03-01 14:02:00,ARVN,48.90999984741211,48.90999984741211,48.90999984741211,48.90999984741211,48.90999984741211,1012.0
2024-03-01 14:02:00,ARWR,35.72999954223633,35.72999954223633,35.810001373291016,35.720001220703125,35.80500030517578,2988.0
2024-03-01 14:02:00,ASLN,0.75,0.75,0.75,0.75,0.75,1300.0
2024-03-01 14:02:00,ASMB,13.300000190734863,13.300000190734863,13.300000190734863,13.300000190734863,13.300000190734863,440.0
2024-03-01 14:02:00,ASND,152.97999572753906,152.97999572753906,152.97999572753906,152.91000366210938,152.91000366210938,506.0
2024-03-01 14:02:00,ASRT,0.9100000262260437,0.9100000262260437,0.9100000262260437,0.9100000262260437,0.9100000262260437,101.0
2024-03-01 14:02:00,ATAI,2.1700000762939453,2.1700000762939453,2.1700000762939453,2.1649999618530273,2.1689999103546143,1119.0
2024-03-01 14:02:00,ATEC,13.454999923706055,13.454999923706055,13.454999923706055,13.449999809265137,13.454999923706055,66934.0
2024-03-01 14:02:00,ATHA,3.984999895095825,3.984999895095825,3.984999895095825,3.984999895095825,3.984999895095825,351.0
2024-03-01 14:02:00,ATRA,0.7899990081787109,0.7899990081787109,0.7900000214576721,0.7868000268936157,0.7868000268936157,10939.0
2024-03-01 14:02:00,ATRC,36.0099983215332,36.0099983215332,36.0099983215332,36.0099983215332,36.0099983215332,239.0
2024-03-01 14:02:00,AUPH,5.835000038146973,5.835000038146973,5.835000038146973,5.835000038146973,5.835000038146973,541.0
2024-03-01 14:02:00,AUTL,6.369999885559082,6.369999885559082,6.380000114440918,6.369999885559082,6.380000114440918,1289.0
2024-03-01 14:02:00,AVDL,13.1899995803833,13.1899995803833,13.199999809265137,13.1899995803833,13.199999809265137,1980.0
2024-03-01 14:02:00,AVXL,5.320000171661377,5.320000171661377,5.324999809265137,5.320000171661377,5.324999809265137,654.0
2024-03-01 14:02:00,AXSM,82.33000183105469,82.33000183105469,82.5,82.31999969482422,82.38999938964844,6038.0
2024-03-01 14:02:00,AZN,64.69999694824219,64.69999694824219,64.72000122070312,64.69999694824219,64.70500183105469,14205.0
2024-03-01 14:02:00,AZTA,67.05500030517578,67.05500030517578,67.05500030517578,67.05500030517578,67.05500030517578,129.0
2024-03-01 14:02:00,BBIO,35.994998931884766,35.994998931884766,36.02000045776367,35.994998931884766,36.02000045776367,1232.0
2024-03-01 14:02:00,BCDA,0.5651000142097473,0.5651000142097473,0.5651000142097473,0.5651000142097473,0.5651000142097473,200.0
2024-03-01 14:02:00,BCRX,5.695000171661377,5.695000171661377,5.695000171661377,5.690000057220459,5.690000057220459,1048.0
2024-03-01 14:02:00,BDTX,4.920000076293945,4.920000076293945,4.929999828338623,4.920000076293945,4.929999828338623,746.0
2024-03-01 14:02:00,BEAM,40.08000183105469,40.08000183105469,40.27000045776367,40.08000183105469,40.27000045776367,3630.0
2024-03-01 14:02:00,BIIB,221.53500366210938,221.53500366210938,221.53500366210938,221.53500366210938,221.53500366210938,882.0
2024-03-01 14:02:00,BIOR,1.0988999605178833,1.0988999605178833,1.1100000143051147,1.0988999605178833,1.1050000190734863,2325.0
2024-03-01 14:02:00,BIVI,2.0701000690460205,2.0701000690460205,2.0899999141693115,2.069999933242798,2.0801000595092773,29094.0
2024-03-01 14:02:00,BLFS,18.28499984741211,18.28499984741211,18.299999237060547,18.28499984741211,18.299999237060547,670.0
2024-03-01 14:02:00,BLRX,1.3795000314712524,1.3795000314712524,1.3795000314712524,1.371500015258789,1.375,1383.0
2024-03-01 14:02:00,BLUE,1.6050000190734863,1.6050000190734863,1.6050000190734863,1.6050000190734863,1.6050000190734863,1064.0
2024-03-01 14:02:00,BMEA,18.18000030517578,18.18000030517578,18.209999084472656,18.18000030517578,18.209999084472656,1139.0
2024-03-01 14:02:00,BMRN,88.02999877929688,88.02999877929688,88.04499816894531,87.99500274658203,88.0250015258789,2223.0
2024-03-01 14:02:00,BNTX,91.02999877929688,91.02999877929688,91.16000366210938,91.02999877929688,91.16000366210938,3444.0
2024-03-01 14:02:00,BPMC,96.87000274658203,96.87000274658203,97.0,96.86000061035156,97.0,1833.0
2024-03-01 14:02:00,BRKR,88.47000122070312,88.47000122070312,88.47000122070312,88.47000122070312,88.47000122070312,149.0
2024-03-01 14:02:00,BTAI,3.184999942779541,3.184999942779541,3.184999942779541,3.180000066757202,3.180000066757202,333.0
2024-03-01 14:02:00,BTTX,0.18400000035762787,0.18400000035762787,0.18400000035762787,0.18355000019073486,0.18400000035762787,4295.0
2024-03-01 14:02:00,CABA,24.100000381469727,24.100000381469727,24.104999542236328,24.100000381469727,24.104999542236328,983.0
2024-03-01 14:02:00,CARA,0.9165999889373779,0.9165999889373779,0.9395999908447266,0.9164999723434448,0.9395999908447266,3613.0
2024-03-01 14:02:00,CBAY,32.2400016784668,32.2400016784668,32.2400016784668,32.22999954223633,32.23500061035156,3038.0
2024-03-01 14:02:00,CCCC,10.979999542236328,10.979999542236328,10.979999542236328,10.96500015258789,10.979999542236328,1736.0
2024-03-01 14:02:00,CDMO,8.119999885559082,8.119999885559082,8.119999885559082,8.109999656677246,8.109999656677246,3790.0
2024-03-01 14:02:00,CDNA,12.550000190734863,12.550000190734863,12.574899673461914,12.510000228881836,12.510000228881836,7450.0
2024-03-01 14:02:00,CDXC,1.6449999809265137,1.6449999809265137,1.649999976158142,1.6449999809265137,1.649999976158142,2085.0
2024-03-01 14:02:00,CDXS,4.550000190734863,4.550000190734863,4.56879997253418,4.550000190734863,4.559999942779541,9042.0
2024-03-01 14:02:00,CELC,16.530000686645508,16.530000686645508,16.530000686645508,16.530000686645508,16.530000686645508,7160.0
2024-03-01 14:02:00,CERE,41.099998474121094,41.099998474121094,41.10499954223633,41.099998474121094,41.10499954223633,821.0
2024-03-01 14:02:00,CERS,2.184999942779541,2.184999942779541,2.184999942779541,2.184999942779541,2.184999942779541,147.0
2024-03-01 14:02:00,CERT,17.920000076293945,17.920000076293945,17.920000076293945,17.90999984741211,17.90999984741211,632.0
2024-03-01 14:02:00,CGC,3.244999885559082,3.244999885559082,3.244999885559082,3.244999885559082,3.244999885559082,320.0
2024-03-01 14:02:00,CHEK,2.180000066757202,2.180000066757202,2.180000066757202,2.180000066757202,2.180000066757202,160.0
2024-03-01 14:02:00,CHRS,2.4100000858306885,2.4100000858306885,2.4200000762939453,2.4000000953674316,2.400099992752075,21263.0
2024-03-01 14:02:00,CJJD,2.8201000690460205,2.8201000690460205,2.8201000690460205,2.8201000690460205,2.8201000690460205,144.0
2024-03-01 14:02:00,CLDX,51.9900016784668,51.9900016784668,52.09000015258789,51.9900016784668,52.09000015258789,2959.0
2024-03-01 14:02:00,CLOV,0.8733999729156494,0.8733999729156494,0.8769999742507935,0.8730000257492065,0.8737999796867371,116004.0
2024-03-01 14:02:00,CLRB,4.119999885559082,4.119999885559082,4.119999885559082,4.119999885559082,4.119999885559082,600.0
2024-03-01 14:02:00,CMPS,11.350000381469727,11.350000381469727,11.390000343322754,11.330499649047852,11.390000343322754,1499.0
2024-03-01 14:02:00,CMRX,1.2100000381469727,1.2100000381469727,1.2100000381469727,1.2002999782562256,1.2002999782562256,11886.0
2024-03-01 14:02:00,CNSP,0.3100999891757965,0.3100999891757965,0.3135499954223633,0.3100999891757965,0.3135499954223633,40000.0
2024-03-01 14:02:00,COGT,7.195000171661377,7.195000171661377,7.204999923706055,7.195000171661377,7.204999923706055,12468.0
2024-03-01 14:02:00,CORT,24.420000076293945,24.420000076293945,24.43000030517578,24.420000076293945,24.43000030517578,1268.0
2024-03-01 14:02:00,CPRX,17.454999923706055,17.454999923706055,17.46500015258789,17.454999923706055,17.46500015258789,1686.0
2024-03-01 14:02:00,CRBU,7.88640022277832,7.88640022277832,7.894999980926514,7.88640022277832,7.894999980926514,2529.0
2024-03-01 14:02:00,CRDF,2.430000066757202,2.430000066757202,2.450000047683716,2.430000066757202,2.4409000873565674,5250.0
2024-03-01 14:02:00,CRDL,1.9850000143051147,1.9850000143051147,1.9850000143051147,1.9700000286102295,1.9700000286102295,9000.0
2024-03-01 14:02:00,CRMD,3.690000057220459,3.690000057220459,3.690000057220459,3.690000057220459,3.690000057220459,166.0
2024-03-01 14:02:00,CRNX,46.619998931884766,46.619998931884766,46.619998931884766,46.619998931884766,46.619998931884766,150.0
2024-03-01 14:02:00,CRON,2.0460000038146973,2.0460000038146973,2.0460000038146973,2.0450000762939453,2.0450000762939453,789.0
2024-03-01 14:02:00,CRSP,85.66000366210938,85.66000366210938,85.82499694824219,85.66000366210938,85.70999908447266,1842.0
2024-03-01 14:02:00,CTKB,8.989999771118164,8.989999771118164,8.994999885559082,8.984999656677246,8.994999885559082,3852.0
2024-03-01 14:02:00,CTMX,2.5999999046325684,2.5999999046325684,2.5999999046325684,2.5950000286102295,2.5950000286102295,3536.0
2024-03-01 14:02:00,CTXR,0.7702000141143799,0.7702000141143799,0.7702000141143799,0.7702000141143799,0.7702000141143799,474.0
2024-03-01 14:02:00,CYTK,72.80000305175781,72.80000305175781,72.86000061035156,72.80000305175781,72.83000183105469,575.0
2024-03-01 14:02:00,CYTO,2.319999933242798,2.319999933242798,2.319999933242798,2.319999933242798,2.319999933242798,430.0
2024-03-01 14:02:00,DAWN,17.610000610351562,17.610000610351562,17.614999771118164,17.600000381469727,17.614999771118164,3515.0
2024-03-01 14:02:00,DCGO,4.180300235748291,4.180300235748291,4.184999942779541,4.180200099945068,4.182499885559082,10348.0
2024-03-01 14:02:00,DCPH,17.510000228881836,17.510000228881836,17.510000228881836,17.510000228881836,17.510000228881836,516.0
2024-03-01 14:02:00,DH,8.859999656677246,8.859999656677246,8.890000343322754,8.859999656677246,8.890000343322754,597.0
2024-03-01 14:02:00,DMTK,0.8472660183906555,0.8472660183906555,0.8485000133514404,0.8464999794960022,0.8485000133514404,1628.0
2024-03-01 14:02:00,DNLI,21.209999084472656,21.209999084472656,21.229999542236328,21.209999084472656,21.229999542236328,2004.0
2024-03-01 14:02:00,DTIL,12.390000343322754,12.390000343322754,12.398099899291992,12.390000343322754,12.398099899291992,1081.0
2024-03-01 14:02:00,DVAX,12.885000228881836,12.885000228881836,12.885000228881836,12.885000228881836,12.885000228881836,542.0
2024-03-01 14:02:00,DXCM,121.79000091552734,121.79000091552734,121.80000305175781,121.76000213623047,121.79000091552734,3005.0
2024-03-01 14:02:00,DYN,28.68000030517578,28.68000030517578,28.75,28.68000030517578,28.700000762939453,1783.0
2024-03-01 14:02:00,EDIT,10.875,10.875,10.880000114440918,10.869999885559082,10.880000114440918,2819.0
2024-03-01 14:02:00,EGRX,6.71999979019165,6.71999979019165,6.71999979019165,6.71999979019165,6.71999979019165,130.0
2024-03-01 14:02:00,EIGR,7.719399929046631,7.719399929046631,7.719399929046631,7.599999904632568,7.599999904632568,992.0
2024-03-01 14:02:00,ELEV,5.090000152587891,5.090000152587891,5.090000152587891,5.074999809265137,5.074999809265137,601.0
2024-03-01 14:02:00,EMBC,14.34000015258789,14.34000015258789,14.34000015258789,14.329999923706055,14.34000015258789,1485.0
2024-03-01 14:02:00,ENVB,1.5299999713897705,1.5299999713897705,1.5299999713897705,1.5299999713897705,1.5299999713897705,224.0
2024-03-01 14:02:00,EOLS,14.84000015258789,14.84000015258789,14.849599838256836,14.84000015258789,14.849599838256836,852.0
2024-03-01 14:02:00,EQ,2.490000009536743,2.490000009536743,2.490000009536743,2.490000009536743,2.490000009536743,1100.0
2024-03-01 14:02:00,ERAS,2.515000104904175,2.515000104904175,2.515000104904175,2.515000104904175,2.515000104904175,218.0
2024-03-01 14:02:00,ESPR,2.5399999618530273,2.5399999618530273,2.549999952316284,2.5399999618530273,2.549999952316284,4963.0
2024-03-01 14:02:00,ETNB,12.90999984741211,12.90999984741211,12.930000305175781,12.90999984741211,12.930000305175781,2044.0
2024-03-01 14:02:00,EXAI,6.724999904632568,6.724999904632568,6.730000019073486,6.724999904632568,6.730000019073486,1180.0
2024-03-01 14:02:00,EXAS,60.16999816894531,60.16999816894531,60.189998626708984,60.099998474121094,60.189998626708984,4282.0
2024-03-01 14:02:00,EXEL,22.49250030517578,22.49250030517578,22.5,22.489999771118164,22.5,4146.0
2024-03-01 14:02:00,EYPT,27.969999313354492,27.969999313354492,28.0,27.969999313354492,28.0,682.0
2024-03-01 14:02:00,FATE,7.739999771118164,7.739999771118164,7.760000228881836,7.739999771118164,7.760000228881836,2617.0
2024-03-01 14:02:00,FDMT,29.31999969482422,29.31999969482422,29.329999923706055,29.260000228881836,29.290000915527344,2302.0
2024-03-01 14:02:00,FGEN,1.8600000143051147,1.8600000143051147,1.8600000143051147,1.8600000143051147,1.8600000143051147,6430.0
2024-03-01 14:02:00,FOLD,13.420000076293945,13.420000076293945,13.420000076293945,13.420000076293945,13.420000076293945,300.0
2024-03-01 14:02:00,FULC,10.970000267028809,10.970000267028809,10.970000267028809,10.960000038146973,10.960000038146973,426.0
2024-03-01 14:02:00,FUSN,12.28499984741211,12.28499984741211,12.28499984741211,12.279999732971191,12.279999732971191,1298.0
2024-03-01 14:02:00,FWBI,8.449999809265137,8.449999809265137,8.449999809265137,8.420000076293945,8.4399995803833,1387.0
2024-03-01 14:02:00,GANX,4.639999866485596,4.639999866485596,4.639999866485596,4.639999866485596,4.639999866485596,100.0
2024-03-01 14:02:00,GBIO,2.619999885559082,2.619999885559082,2.619999885559082,2.619999885559082,2.619999885559082,150.0
2024-03-01 14:02:00,GDRX,8.350000381469727,8.350000381469727,8.350000381469727,8.350000381469727,8.350000381469727,919.0
2024-03-01 14:02:00,GERN,2.281399965286255,2.281399965286255,2.28629994392395,2.2799999713897705,2.2850000858306885,6002.0
2024-03-01 14:02:00,GH,19.09000015258789,19.09000015258789,19.114999771118164,19.09000015258789,19.114999771118164,1908.0
2024-03-01 14:02:00,GHSI,8.319999694824219,8.319999694824219,8.319999694824219,8.319999694824219,8.319999694824219,102.0
2024-03-01 14:02:00,GILD,72.4749984741211,72.4749984741211,72.48999786376953,72.47000122070312,72.4800033569336,17828.0
2024-03-01 14:02:00,GLTO,0.7400000095367432,0.7400000095367432,0.7400000095367432,0.7400000095367432,0.7400000095367432,15000.0
2024-03-01 14:02:00,GLYC,3.009999990463257,3.009999990463257,3.0199999809265137,3.009999990463257,3.0199999809265137,14076.0
2024-03-01 14:02:00,GMAB,29.43000030517578,29.43000030517578,29.43000030517578,29.43000030517578,29.43000030517578,751.0
2024-03-01 14:02:00,GRFS,7.085000038146973,7.085000038146973,7.085000038146973,7.080999851226807,7.085000038146973,2176.0
2024-03-01 14:02:00,GRTS,2.1449999809265137,2.1449999809265137,2.149899959564209,2.134999990463257,2.134999990463257,7549.0
2024-03-01 14:02:00,GTHX,3.759999990463257,3.759999990463257,3.765000104904175,3.759999990463257,3.759999990463257,1399.0
2024-03-01 14:02:00,HALO,41.404998779296875,41.404998779296875,41.404998779296875,41.404998779296875,41.404998779296875,1031.0
2024-03-01 14:02:00,HARP,22.940000534057617,22.940000534057617,22.940000534057617,22.940000534057617,22.940000534057617,208.0
2024-03-01 14:02:00,HBIO,4.329999923706055,4.329999923706055,4.329999923706055,4.329999923706055,4.329999923706055,122.0
2024-03-01 14:02:00,HCAT,8.154999732971191,8.154999732971191,8.15999984741211,8.154999732971191,8.15999984741211,200.0
2024-03-01 14:02:00,HCM,15.220000267028809,15.220000267028809,15.220000267028809,15.220000267028809,15.220000267028809,101.0
2024-03-01 14:02:00,HCTI,2.4200000762939453,2.4200000762939453,2.4200000762939453,2.4200000762939453,2.4200000762939453,100.0
2024-03-01 14:02:00,HOLX,74.33999633789062,74.33999633789062,74.33999633789062,74.33999633789062,74.33999633789062,868.0
2024-03-01 14:02:00,HOWL,7.065000057220459,7.065000057220459,7.119999885559082,7.065000057220459,7.119999885559082,473.0
2024-03-01 14:02:00,HRMY,31.799999237060547,31.799999237060547,31.799999237060547,31.799999237060547,31.799999237060547,499.0
2024-03-01 14:02:00,HSIC,76.87999725341797,76.87999725341797,76.91500091552734,76.875,76.91500091552734,1890.0
2024-03-01 14:02:00,HUMA,3.2899999618530273,3.2899999618530273,3.2899999618530273,3.2799999713897705,3.2850000858306885,1961.0
2024-03-01 14:02:00,IART,36.52000045776367,36.52000045776367,36.52000045776367,36.52000045776367,36.52000045776367,575.0
2024-03-01 14:02:00,IBRX,4.849999904632568,4.849999904632568,4.860000133514404,4.849999904632568,4.860000133514404,2623.0
2024-03-01 14:02:00,IDXX,580.489990234375,580.489990234375,580.489990234375,580.489990234375,580.489990234375,258.0
2024-03-01 14:02:00,IDYA,46.880001068115234,46.880001068115234,46.939998626708984,46.880001068115234,46.939998626708984,1932.0
2024-03-01 14:02:00,ILMN,142.22360229492188,142.22360229492188,142.3000030517578,142.22360229492188,142.3000030517578,1926.0
2024-03-01 14:02:00,IMCR,67.9000015258789,67.9000015258789,67.98999786376953,67.8499984741211,67.91999816894531,3383.0
2024-03-01 14:02:00,IMMP,2.319999933242798,2.319999933242798,2.320199966430664,2.319999933242798,2.320199966430664,1725.0
2024-03-01 14:02:00,IMMX,3.559999942779541,3.559999942779541,3.559999942779541,3.559999942779541,3.559999942779541,100.0
2024-03-01 14:02:00,IMTX,12.885000228881836,12.885000228881836,12.885000228881836,12.885000228881836,12.885000228881836,188.0
2024-03-01 14:02:00,IMUX,1.475000023841858,1.475000023841858,1.475000023841858,1.475000023841858,1.475000023841858,272.0
2024-03-01 14:02:00,IMVT,35.93199920654297,35.93199920654297,35.95000076293945,35.93199920654297,35.95000076293945,1306.0
2024-03-01 14:02:00,INBX,36.630001068115234,36.630001068115234,36.630001068115234,36.630001068115234,36.630001068115234,832.0
2024-03-01 14:02:00,INCY,59.5099983215332,59.5099983215332,59.5099983215332,59.5099983215332,59.5099983215332,972.0
2024-03-01 14:02:00,INGN,6.789999961853027,6.789999961853027,6.799699783325195,6.789999961853027,6.799699783325195,1391.0
2024-03-01 14:02:00,INMD,22.915000915527344,22.915000915527344,22.915000915527344,22.915000915527344,22.915000915527344,1117.0
2024-03-01 14:02:00,INO,9.650899887084961,9.650899887084961,9.654999732971191,9.640000343322754,9.649999618530273,1598.0
2024-03-01 14:02:00,INSM,28.15999984741211,28.15999984741211,28.18000030517578,28.15999984741211,28.18000030517578,1624.0
2024-03-01 14:02:00,INVA,15.550000190734863,15.550000190734863,15.569999694824219,15.545000076293945,15.5649995803833,2166.0
2024-03-01 14:02:00,IONS,45.9900016784668,45.9900016784668,46.02000045776367,45.9900016784668,46.02000045776367,3361.0
2024-03-01 14:02:00,IOVA,17.045000076293945,17.045000076293945,17.079999923706055,17.03499984741211,17.079999923706055,10966.0
2024-03-01 14:02:00,IPSC,3.9000000953674316,3.9000000953674316,3.9000000953674316,3.860100030899048,3.880000114440918,424.0
2024-03-01 14:02:00,IRWD,9.0,9.0,9.015000343322754,9.0,9.010000228881836,24072.0
2024-03-01 14:02:00,ISRG,397.07000732421875,397.07000732421875,397.0799865722656,396.7200012207031,396.7200012207031,3134.0
2024-03-01 14:02:00,ITCI,71.93499755859375,71.93499755859375,71.93499755859375,71.93499755859375,71.93499755859375,237.0
2024-03-01 14:02:00,JAGX,0.07759899646043777,0.07759899646043777,0.0778999999165535,0.07689999788999557,0.07779999822378159,364382.0
2024-03-01 14:02:00,JAZZ,119.04000091552734,119.04000091552734,119.04000091552734,119.04000091552734,119.04000091552734,572.0
2024-03-01 14:02:00,JSPR,21.270000457763672,21.270000457763672,21.270000457763672,21.270000457763672,21.270000457763672,146.0
2024-03-01 14:02:00,KALV,14.199999809265137,14.199999809265137,14.199999809265137,14.194999694824219,14.199999809265137,747.0
2024-03-01 14:02:00,KOD,6.059999942779541,6.059999942779541,6.059999942779541,6.045000076293945,6.050000190734863,2801.0
2024-03-01 14:02:00,KPRX,0.6559990048408508,0.6559990048408508,0.6559990048408508,0.6559990048408508,0.6559990048408508,2000.0
2024-03-01 14:02:00,KPTI,1.184999942779541,1.184999942779541,1.184999942779541,1.184999942779541,1.184999942779541,300.0
2024-03-01 14:02:00,KRON,1.0399999618530273,1.0399999618530273,1.0399999618530273,1.034999966621399,1.0399999618530273,3568.0
2024-03-01 14:02:00,KROS,69.87000274658203,69.87000274658203,69.87000274658203,69.87000274658203,69.87000274658203,249.0
2024-03-01 14:02:00,KRTX,316.7300109863281,316.7300109863281,316.7300109863281,316.6600036621094,316.70001220703125,960.0
2024-03-01 14:02:00,KRYS,169.3300018310547,169.3300018310547,169.3300018310547,169.3300018310547,169.3300018310547,233.0
2024-03-01 14:02:00,KURA,21.899999618530273,21.899999618530273,21.899999618530273,21.799999237060547,21.864999771118164,6608.0
2024-03-01 14:02:00,KYMR,43.97999954223633,43.97999954223633,44.02000045776367,43.970001220703125,44.02000045776367,1096.0
2024-03-01 14:02:00,KZR,1.090000033378601,1.090000033378601,1.090000033378601,1.0850000381469727,1.0850000381469727,382.0
2024-03-01 14:02:00,LAB,2.4549999237060547,2.4549999237060547,2.4700000286102295,2.450000047683716,2.4649999141693115,24386.0
2024-03-01 14:02:00,LBPH,21.809999465942383,21.809999465942383,21.809999465942383,21.809999465942383,21.809999465942383,179.0
2024-03-01 14:02:00,LEGN,65.7699966430664,65.7699966430664,65.80999755859375,65.7699966430664,65.80999755859375,1390.0
2024-03-01 14:02:00,LEXX,2.8299999237060547,2.8299999237060547,2.8299999237060547,2.8299999237060547,2.8299999237060547,1996.0
2024-03-01 14:02:00,LFMD,7.989999771118164,7.989999771118164,7.989999771118164,7.980000019073486,7.980000019073486,401.0
2024-03-01 14:02:00,LFST,7.735000133514404,7.735000133514404,7.739999771118164,7.735000133514404,7.739999771118164,1616.0
2024-03-01 14:02:00,LGND,77.69999694824219,77.69999694824219,77.80000305175781,77.69999694824219,77.80000305175781,1732.0
2024-03-01 14:02:00,LGVN,0.5299999713897705,0.5299999713897705,0.5299999713897705,0.5250999927520752,0.5250999927520752,1123.0
2024-03-01 14:02:00,LIFE,1.9149999618530273,1.9149999618530273,1.9149999618530273,1.909999966621399,1.909999966621399,241.0
2024-03-01 14:02:00,LNTH,65.16000366210938,65.16000366210938,65.22000122070312,65.16000366210938,65.19000244140625,1872.0
2024-03-01 14:02:00,LQDA,14.729999542236328,14.729999542236328,14.729999542236328,14.720000267028809,14.720000267028809,1989.0
2024-03-01 14:02:00,LRMR,11.40999984741211,11.40999984741211,11.40999984741211,11.40999984741211,11.40999984741211,158.0
2024-03-01 14:02:00,LTRN,4.454999923706055,4.454999923706055,4.454999923706055,4.454999923706055,4.454999923706055,663.0
2024-03-01 14:02:00,LUNG,9.484999656677246,9.484999656677246,9.484999656677246,9.484999656677246,9.484999656677246,249.0
2024-03-01 14:02:00,LVTX,2.75,2.75,2.799999952316284,2.75,2.799999952316284,1580.0
2024-03-01 14:02:00,LXRX,2.515000104904175,2.515000104904175,2.5250000953674316,2.515000104904175,2.520400047302246,6845.0
2024-03-01 14:02:00,LYEL,3.184999942779541,3.184999942779541,3.1888999938964844,3.180000066757202,3.184999942779541,1827.0
2024-03-01 14:02:00,LYRA,5.635000228881836,5.635000228881836,5.635000228881836,5.619999885559082,5.619999885559082,701.0
2024-03-01 14:02:00,MASI,128.39100646972656,128.39100646972656,128.39100646972656,128.39100646972656,128.39100646972656,315.0
2024-03-01 14:02:00,MCRB,1.2050000429153442,1.2050000429153442,1.2050000429153442,1.190000057220459,1.190000057220459,92663.0
2024-03-01 14:02:00,MDRX,5.989999771118164,5.989999771118164,6.0,5.989999771118164,5.989999771118164,64077.0
2024-03-01 14:02:00,MDXG,8.619999885559082,8.619999885559082,8.629899978637695,8.614999771118164,8.625,2943.0
2024-03-01 14:02:00,MDXH,3.720099925994873,3.720099925994873,3.720099925994873,3.720099925994873,3.720099925994873,5000.0
2024-03-01 14:02:00,ME,0.574400007724762,0.574400007724762,0.574400007724762,0.5733000040054321,0.5738499760627747,4400.0
2024-03-01 14:02:00,MEDP,401.25,401.25,402.20001220703125,401.25,401.82501220703125,2444.0
2024-03-01 14:02:00,MGNX,19.229999542236328,19.229999542236328,19.239999771118164,19.229999542236328,19.239999771118164,1615.0
2024-03-01 14:02:00,MIST,1.7350000143051147,1.7350000143051147,1.7350000143051147,1.7350000143051147,1.7350000143051147,136.0
2024-03-01 14:02:00,MLTX,51.08000183105469,51.08000183105469,51.16999816894531,51.02000045776367,51.16999816894531,3482.0
2024-03-01 14:02:00,MNKD,4.534999847412109,4.534999847412109,4.550000190734863,4.534999847412109,4.550000190734863,17773.0
2024-03-01 14:02:00,MNMD,6.25,6.25,6.260000228881836,6.244999885559082,6.244999885559082,1899.0
2024-03-01 14:02:00,MODV,28.235000610351562,28.235000610351562,28.235000610351562,28.235000610351562,28.235000610351562,835.0
2024-03-01 14:02:00,MOR,17.540000915527344,17.540000915527344,17.540000915527344,17.540000915527344,17.540000915527344,1947.0
2024-03-01 14:02:00,MORF,39.45000076293945,39.45000076293945,39.45000076293945,39.45000076293945,39.45000076293945,513.0
2024-03-01 14:02:00,MOTS,0.6538500189781189,0.6538500189781189,0.6543999910354614,0.6538500189781189,0.6543999910354614,335.0
2024-03-01 14:02:00,MREO,3.990000009536743,3.990000009536743,4.0,3.984999895095825,4.0,1498.0
2024-03-01 14:02:00,MRNA,95.25990295410156,95.25990295410156,95.33000183105469,95.22000122070312,95.29000091552734,2272.0
2024-03-01 14:02:00,MRNS,10.399900436401367,10.399900436401367,10.399900436401367,10.399900436401367,10.399900436401367,250.0
2024-03-01 14:02:00,MRSN,5.949999809265137,5.949999809265137,5.965000152587891,5.934999942779541,5.965000152587891,4835.0
2024-03-01 14:02:00,MRUS,51.28499984741211,51.28499984741211,51.28499984741211,51.28499984741211,51.28499984741211,570.0
2024-03-01 14:02:00,MRVI,7.760000228881836,7.760000228881836,7.78000020980835,7.760000228881836,7.78000020980835,4513.0
2024-03-01 14:02:00,MTEM,3.700000047683716,3.700000047683716,3.700000047683716,3.700000047683716,3.700000047683716,800.0
2024-03-01 14:02:00,NARI,45.79999923706055,45.79999923706055,45.83000183105469,45.75,45.75,2114.0
2024-03-01 14:02:00,NBIX,132.14999389648438,132.14999389648438,132.14999389648438,132.14999389648438,132.14999389648438,1408.0
2024-03-01 14:02:00,NEO,16.1299991607666,16.1299991607666,16.1299991607666,16.1299991607666,16.1299991607666,308.0
2024-03-01 14:02:00,NKTR,0.7768499851226807,0.7768499851226807,0.7768499851226807,0.7768499851226807,0.7768499851226807,100.0
2024-03-01 14:02:00,NKTX,12.854999542236328,12.854999542236328,12.867500305175781,12.850000381469727,12.867500305175781,563.0
2024-03-01 14:02:00,NNOX,10.984999656677246,10.984999656677246,10.989999771118164,10.979999542236328,10.989999771118164,1586.0
2024-03-01 14:02:00,NOTV,8.145000457763672,8.145000457763672,8.145000457763672,8.145000457763672,8.145000457763672,200.0
2024-03-01 14:02:00,NRIX,13.84000015258789,13.84000015258789,13.859999656677246,13.84000015258789,13.84000015258789,812.0
2024-03-01 14:02:00,NRSN,2.0,2.0,2.0,1.997499942779541,1.997499942779541,3961.0
2024-03-01 14:02:00,NRXP,0.41999998688697815,0.41999998688697815,0.41999998688697815,0.41999998688697815,0.41999998688697815,270.0
2024-03-01 14:02:00,NTLA,33.43000030517578,33.43000030517578,33.470001220703125,33.43000030517578,33.470001220703125,2811.0
2024-03-01 14:02:00,NTRA,89.05999755859375,89.05999755859375,89.2300033569336,89.05999755859375,89.2300033569336,6887.0
2024-03-01 14:02:00,NUVL,88.02999877929688,88.02999877929688,88.02999877929688,88.00499725341797,88.00499725341797,522.0
2024-03-01 14:02:00,NVAX,5.230000019073486,5.230000019073486,5.235000133514404,5.215000152587891,5.215000152587891,26153.0
2024-03-01 14:02:00,NVCR,16.040000915527344,16.040000915527344,16.040000915527344,16.040000915527344,16.040000915527344,907.0
2024-03-01 14:02:00,NVCT,10.8100004196167,10.8100004196167,10.8100004196167,10.8100004196167,10.8100004196167,102.0
2024-03-01 14:02:00,NVNO,6.460000038146973,6.460000038146973,6.460000038146973,6.460000038146973,6.460000038146973,210.0
2024-03-01 14:02:00,NXTC,1.7949999570846558,1.7949999570846558,1.7999999523162842,1.7949999570846558,1.7999999523162842,2701.0
2024-03-01 14:02:00,OCGN,0.958050012588501,0.958050012588501,0.9599999785423279,0.9560999870300293,0.9599000215530396,752.0
2024-03-01 14:02:00,OCUL,10.755000114440918,10.755000114440918,10.795000076293945,10.739999771118164,10.795000076293945,5179.0
2024-03-01 14:02:00,OCUP,2.5,2.5,2.5,2.4749999046325684,2.4749999046325684,1346.0
2024-03-01 14:02:00,OGI,2.1700000762939453,2.1700000762939453,2.1700000762939453,2.1700000762939453,2.1700000762939453,309.0
2024-03-01 14:02:00,OLK,22.924999237060547,22.924999237060547,22.924999237060547,22.920000076293945,22.920000076293945,600.0
2024-03-01 14:02:00,OLMA,14.880000114440918,14.880000114440918,14.930000305175781,14.845000267028809,14.930000305175781,4558.0
2024-03-01 14:02:00,OM,3.1600000858306885,3.1600000858306885,3.1600000858306885,3.1600000858306885,3.1600000858306885,208.0
2024-03-01 14:02:00,OMCL,26.3799991607666,26.3799991607666,26.3799991607666,26.360000610351562,26.360000610351562,221.0
2024-03-01 14:02:00,OMGA,4.369999885559082,4.369999885559082,4.389999866485596,4.369999885559082,4.389999866485596,1366.0
2024-03-01 14:02:00,OMIC,0.6000000238418579,0.6000000238418579,0.6000000238418579,0.6000000238418579,0.6000000238418579,308.0
2024-03-01 14:02:00,ONCT,10.399999618530273,10.399999618530273,10.399999618530273,10.399900436401367,10.399900436401367,450.0
2024-03-01 14:03:00,ABCL,5.180500030517578,5.180500030517578,5.180500030517578,5.179999828338623,5.179999828338623,599.0
2024-03-01 14:03:00,ABEO,7.78000020980835,7.78000020980835,7.78000020980835,7.78000020980835,7.78000020980835,100.0
2024-03-01 14:03:00,ABSI,5.489999771118164,5.489999771118164,5.489999771118164,5.480000019073486,5.489999771118164,4148.0
2024-03-01 14:03:00,ABUS,2.755000114440918,2.755000114440918,2.759999990463257,2.7507998943328857,2.755000114440918,2491.0
2024-03-01 14:03:00,ACAD,24.290000915527344,24.290000915527344,24.290000915527344,24.290000915527344,24.290000915527344,685.0
2024-03-01 14:03:00,ACB,3.2200000286102295,3.2200000286102295,3.2200000286102295,3.2149999141693115,3.2149999141693115,1199.0
2024-03-01 14:03:00,ACCD,10.104999542236328,10.104999542236328,10.104999542236328,10.098799705505371,10.098799705505371,635.0
2024-03-01 14:03:00,ACET,2.4000000953674316,2.4000000953674316,2.4000000953674316,2.390000104904175,2.4000000953674316,767.0
2024-03-01 14:03:00,ACLX,68.04499816894531,68.04499816894531,68.1500015258789,68.04499816894531,68.1500015258789,859.0
2024-03-01 14:03:00,ACON,0.4000000059604645,0.4000000059604645,0.4018999934196472,0.4000000059604645,0.4000000059604645,3855.0
2024-03-01 14:03:00,ACRS,1.2300000190734863,1.2300000190734863,1.2400000095367432,1.2300000190734863,1.2300000190734863,747.0
2024-03-01 14:03:00,ADAP,1.6100000143051147,1.6100000143051147,1.6100000143051147,1.6100000143051147,1.6100000143051147,272.0
2024-03-01 14:03:00,ADIL,3.3550000190734863,3.3550000190734863,3.380000114440918,3.309999942779541,3.309999942779541,68656.0
2024-03-01 14:03:00,ADMA,5.539999961853027,5.539999961853027,5.550000190734863,5.539999961853027,5.550000190734863,28868.0
2024-03-01 14:03:00,ADPT,4.099999904632568,4.099999904632568,4.110000133514404,4.099999904632568,4.110000133514404,1644.0
2024-03-01 14:03:00,ADVM,1.9800000190734863,1.9800000190734863,1.9900000095367432,1.975000023841858,1.9800000190734863,3030.0
2024-03-01 14:03:00,AFMD,0.6499999761581421,0.6499999761581421,0.6499999761581421,0.6499999761581421,0.6499999761581421,300.0
2024-03-01 14:03:00,AGEN,0.6738499999046326,0.6738499999046326,0.6739000082015991,0.6738499999046326,0.6739000082015991,4613.0
2024-03-01 14:03:00,AGIO,32.79999923706055,32.79999923706055,32.814998626708984,32.79999923706055,32.810001373291016,924.0
2024-03-01 14:03:00,AHCO,10.545000076293945,10.545000076293945,10.545000076293945,10.529999732971191,10.529999732971191,2350.0
2024-03-01 14:03:00,AIH,0.5073000192642212,0.5073000192642212,0.5073000192642212,0.5073000192642212,0.5073000192642212,500.0
2024-03-01 14:03:00,AKAN,0.21549999713897705,0.21549999713897705,0.21549999713897705,0.21549999713897705,0.21549999713897705,10933.0
2024-03-01 14:03:00,AKBA,1.6799999475479126,1.6799999475479126,1.684999942779541,1.6799999475479126,1.684999942779541,13675.0
2024-03-01 14:03:00,AKLI,0.36239999532699585,0.36239999532699585,0.36239999532699585,0.36239999532699585,0.36239999532699585,1000.0
2024-03-01 14:03:00,AKRO,30.06999969482422,30.06999969482422,30.100000381469727,30.06999969482422,30.100000381469727,2240.0
2024-03-01 14:03:00,ALEC,7.409999847412109,7.409999847412109,7.414999961853027,7.409999847412109,7.414999961853027,1204.0
2024-03-01 14:03:00,ALHC,5.670000076293945,5.670000076293945,5.670000076293945,5.670000076293945,5.670000076293945,171.0
2024-03-01 14:03:00,ALKS,30.239999771118164,30.239999771118164,30.2450008392334,30.239999771118164,30.2450008392334,2399.0
2024-03-01 14:03:00,ALLK,1.6799999475479126,1.6799999475479126,1.6799999475479126,1.6749999523162842,1.6775000095367432,3158.0
2024-03-01 14:03:00,ALLO,5.050000190734863,5.050000190734863,5.050000190734863,5.050000190734863,5.050000190734863,1402.0
2024-03-01 14:03:00,ALNY,153.19000244140625,153.19000244140625,153.19000244140625,153.19000244140625,153.19000244140625,265.0
2024-03-01 14:03:00,ALPN,35.90999984741211,35.90999984741211,35.93000030517578,35.90999984741211,35.93000030517578,538.0
2024-03-01 14:03:00,ALT,12.1899995803833,12.1899995803833,12.199999809265137,12.170000076293945,12.180000305175781,24773.0
2024-03-01 14:03:00,AMED,93.66999816894531,93.66999816894531,93.70999908447266,93.62000274658203,93.62000274658203,4195.0
2024-03-01 14:03:00,AMGN,280.8254089355469,280.8254089355469,280.9150085449219,280.8254089355469,280.8599853515625,1962.0
2024-03-01 14:03:00,AMPH,45.5,45.5,45.5,45.46009826660156,45.494998931884766,3071.0
2024-03-01 14:03:00,AMRN,1.059999942779541,1.059999942779541,1.059999942779541,1.0500999689102173,1.0500999689102173,3081.0
2024-03-01 14:03:00,ANGO,5.525000095367432,5.525000095367432,5.525000095367432,5.525000095367432,5.525000095367432,638.0
2024-03-01 14:03:00,ANIP,66.80500030517578,66.80500030517578,66.80500030517578,66.70999908447266,66.80500030517578,1226.0
2024-03-01 14:03:00,ANNX,6.159999847412109,6.159999847412109,6.170000076293945,6.159999847412109,6.170000076293945,973.0
2024-03-01 14:03:00,APLS,65.11000061035156,65.11000061035156,65.19000244140625,65.08000183105469,65.19000244140625,2457.0
2024-03-01 14:03:00,APLT,7.110000133514404,7.110000133514404,7.125,7.110000133514404,7.125,401.0
2024-03-01 14:03:00,APVO,0.1574999988079071,0.1574999988079071,0.1574999988079071,0.1574999988079071,0.1574999988079071,100.0
2024-03-01 14:03:00,AQST,4.179900169372559,4.179900169372559,4.179900169372559,4.150000095367432,4.170000076293945,3591.0
2024-03-01 14:03:00,ARAY,2.6449999809265137,2.6449999809265137,2.6449999809265137,2.6449999809265137,2.6449999809265137,114.0
2024-03-01 14:03:00,ARDX,9.470000267028809,9.470000267028809,9.489999771118164,9.470000267028809,9.489999771118164,6013.0
2024-03-01 14:03:00,ARGX,392.45001220703125,392.45001220703125,392.45001220703125,392.44000244140625,392.44000244140625,1004.0
2024-03-01 14:03:00,ARQT,11.720000267028809,11.720000267028809,11.720000267028809,11.680000305175781,11.680000305175781,7584.0
2024-03-01 14:03:00,ARVN,48.91999816894531,48.91999816894531,48.91999816894531,48.915000915527344,48.915000915527344,381.0
2024-03-01 14:03:00,ARWR,35.720001220703125,35.720001220703125,35.75,35.70000076293945,35.709999084472656,3046.0
2024-03-01 14:03:00,ASLN,0.750199019908905,0.750199019908905,0.750199019908905,0.750199019908905,0.750199019908905,1000.0
2024-03-01 14:03:00,ASND,152.2100067138672,152.2100067138672,152.6649932861328,152.2100067138672,152.6649932861328,3532.0
2024-03-01 14:03:00,ASRT,0.9075000286102295,0.9075000286102295,0.9075000286102295,0.9075000286102295,0.9075000286102295,102.0
2024-03-01 14:03:00,ATAI,2.16129994392395,2.16129994392395,2.1649999618530273,2.1600000858306885,2.1600000858306885,1182.0
2024-03-01 14:03:00,ATEC,13.449999809265137,13.449999809265137,13.454999923706055,13.449999809265137,13.454999923706055,514.0
2024-03-01 14:03:00,ATOS,1.0099999904632568,1.0099999904632568,1.0099999904632568,1.0099999904632568,1.0099999904632568,100.0
2024-03-01 14:03:00,ATRA,0.7884500026702881,0.7884500026702881,0.7908999919891357,0.7884500026702881,0.7900000214576721,4950.0
2024-03-01 14:03:00,ATRC,36.0099983215332,36.0099983215332,36.0099983215332,35.97999954223633,35.97999954223633,248.0
2024-03-01 14:03:00,ATXS,14.720000267028809,14.720000267028809,14.720000267028809,14.720000267028809,14.720000267028809,435.0
2024-03-01 14:03:00,AUGX,4.565000057220459,4.565000057220459,4.565000057220459,4.550000190734863,4.550000190734863,300.0
2024-03-01 14:03:00,AUTL,6.360000133514404,6.360000133514404,6.360000133514404,6.360000133514404,6.360000133514404,121.0
2024-03-01 14:03:00,AVDL,13.180000305175781,13.180000305175781,13.1899995803833,13.180000305175781,13.1899995803833,1403.0
2024-03-01 14:03:00,AVIR,4.480000019073486,4.480000019073486,4.480000019073486,4.480000019073486,4.480000019073486,272.0
2024-03-01 14:03:00,AVTX,4.512599945068359,4.512599945068359,4.512599945068359,4.512599945068359,4.512599945068359,108.0
2024-03-01 14:03:00,AVXL,5.324999809265137,5.324999809265137,5.324999809265137,5.324999809265137,5.324999809265137,256.0
2024-03-01 14:03:00,AXGN,10.529999732971191,10.529999732971191,10.529999732971191,10.529999732971191,10.529999732971191,2324.0
2024-03-01 14:03:00,AXNX,67.56500244140625,67.56500244140625,67.56500244140625,67.56500244140625,67.56500244140625,130.0
2024-03-01 14:03:00,AXSM,82.33000183105469,82.33000183105469,82.33000183105469,82.33000183105469,82.33000183105469,397.0
2024-03-01 14:03:00,AZN,64.70500183105469,64.70500183105469,64.70500183105469,64.70500183105469,64.70500183105469,1375.0
2024-03-01 14:03:00,AZTA,67.05500030517578,67.05500030517578,67.05500030517578,67.05500030517578,67.05500030517578,367.0
2024-03-01 14:03:00,BBIO,35.959999084472656,35.959999084472656,35.994998931884766,35.959999084472656,35.994998931884766,913.0
2024-03-01 14:03:00,BCAB,2.694999933242798,2.694999933242798,2.700000047683716,2.694999933242798,2.694999933242798,2810.0
2024-03-01 14:03:00,BCRX,5.690000057220459,5.690000057220459,5.699999809265137,5.690000057220459,5.697500228881836,1356.0
2024-03-01 14:03:00,BCYC,26.0,26.0,26.049999237060547,26.0,26.049999237060547,899.0
2024-03-01 14:03:00,BEAM,40.07500076293945,40.07500076293945,40.125,40.04520034790039,40.064998626708984,2964.0
2024-03-01 14:03:00,BIIB,221.44000244140625,221.44000244140625,221.5500030517578,221.44000244140625,221.5500030517578,2402.0
2024-03-01 14:03:00,BIOL,0.14409999549388885,0.14409999549388885,0.14409999549388885,0.14409999549388885,0.14409999549388885,555.0
2024-03-01 14:03:00,BIOR,1.0915000438690186,1.0915000438690186,1.0988999605178833,1.0915000438690186,1.0915000438690186,4108.0
2024-03-01 14:03:00,BIVI,2.0850000381469727,2.0850000381469727,2.099900007247925,2.0799999237060547,2.0850000381469727,26049.0
2024-03-01 14:03:00,BLUE,1.6050000190734863,1.6050000190734863,1.6097999811172485,1.6050000190734863,1.6097999811172485,2815.0
2024-03-01 14:03:00,BMEA,18.18000030517578,18.18000030517578,18.190000534057617,18.18000030517578,18.18000030517578,1460.0
2024-03-01 14:03:00,BMRN,87.98999786376953,87.98999786376953,88.04000091552734,87.9749984741211,88.0199966430664,3337.0
2024-03-01 14:03:00,BNR,0.8248999714851379,0.8248999714851379,0.8248999714851379,0.8248999714851379,0.8248999714851379,100.0
2024-03-01 14:03:00,BNTX,91.0,91.0,91.02999877929688,91.0,91.02999877929688,674.0
2024-03-01 14:03:00,BPMC,96.7300033569336,96.7300033569336,96.80999755859375,96.72000122070312,96.80999755859375,947.0
2024-03-01 14:03:00,BRKR,88.47000122070312,88.47000122070312,88.47000122070312,88.47000122070312,88.47000122070312,182.0
2024-03-01 14:03:00,BSGM,0.6700000166893005,0.6700000166893005,0.6700000166893005,0.6700000166893005,0.6700000166893005,437.0
2024-03-01 14:03:00,BTAI,3.180000066757202,3.180000066757202,3.180000066757202,3.180000066757202,3.180000066757202,120.0
2024-03-01 14:03:00,BTMD,5.960000038146973,5.960000038146973,5.974999904632568,5.960000038146973,5.974999904632568,1404.0
2024-03-01 14:03:00,BTTX,0.18400000035762787,0.18400000035762787,0.18400000035762787,0.18379999697208405,0.18400000035762787,14045.0
2024-03-01 14:03:00,BWAY,6.514999866485596,6.514999866485596,6.514999866485596,6.514999866485596,6.514999866485596,416.0
2024-03-01 14:03:00,BYSI,1.5199999809265137,1.5199999809265137,1.5199999809265137,1.5149999856948853,1.5149999856948853,975.0
2024-03-01 14:03:00,CADL,1.7000000476837158,1.7000000476837158,1.7000000476837158,1.7000000476837158,1.7000000476837158,100.0
2024-03-01 14:03:00,CAPR,4.5,4.5,4.5,4.5,4.5,135.0
2024-03-01 14:03:00,CBAY,32.22999954223633,32.22999954223633,32.2400016784668,32.22999954223633,32.23500061035156,4497.0
2024-03-01 14:03:00,CCCC,10.994999885559082,10.994999885559082,10.994999885559082,10.989999771118164,10.989999771118164,597.0
2024-03-01 14:03:00,CDMO,8.119999885559082,8.119999885559082,8.119999885559082,8.119999885559082,8.119999885559082,609.0
2024-03-01 14:03:00,CDNA,12.529999732971191,12.529999732971191,12.53499984741211,12.529999732971191,12.53499984741211,2462.0
2024-03-01 14:03:00,CDXS,4.554999828338623,4.554999828338623,4.559999942779541,4.539999961853027,4.550000190734863,1946.0
2024-03-01 14:03:00,CELC,16.530000686645508,16.530000686645508,16.530000686645508,16.530000686645508,16.530000686645508,600.0
2024-03-01 14:03:00,CELU,3.5299999713897705,3.5299999713897705,3.5299999713897705,3.5299999713897705,3.5299999713897705,286.0
2024-03-01 14:03:00,CERE,41.099998474121094,41.099998474121094,41.10499954223633,41.099998474121094,41.10499954223633,724.0
2024-03-01 14:03:00,CERS,2.184999942779541,2.184999942779541,2.184999942779541,2.184999942779541,2.184999942779541,503.0
2024-03-01 14:03:00,CERT,17.920000076293945,17.920000076293945,17.920000076293945,17.920000076293945,17.920000076293945,2253.0
2024-03-01 14:03:00,CGC,3.244999885559082,3.244999885559082,3.244999885559082,3.244999885559082,3.244999885559082,2036.0
2024-03-01 14:03:00,CGEM,18.579999923706055,18.579999923706055,18.579999923706055,18.579999923706055,18.579999923706055,512.0
2024-03-01 14:03:00,CGEN,2.684999942779541,2.684999942779541,2.684999942779541,2.684999942779541,2.684999942779541,161.0
2024-03-01 14:03:00,CHRS,2.4149999618530273,2.4149999618530273,2.4149999618530273,2.4149999618530273,2.4149999618530273,100.0
2024-03-01 14:03:00,CLDX,51.77000045776367,51.77000045776367,52.04499816894531,51.75,52.04499816894531,4697.0
2024-03-01 14:03:00,CLNN,0.39348000288009644,0.39348000288009644,0.39348000288009644,0.39348000288009644,0.39348000288009644,260.0
2024-03-01 14:03:00,CLOV,0.8748000264167786,0.8748000264167786,0.8748000264167786,0.873199999332428,0.8733999729156494,11117.0
2024-03-01 14:03:00,CLRB,4.100100040435791,4.100100040435791,4.100100040435791,4.100100040435791,4.100100040435791,5000.0
2024-03-01 14:03:00,CMPS,11.354999542236328,11.354999542236328,11.359999656677246,11.340100288391113,11.350000381469727,3241.0
2024-03-01 14:03:00,CNSP,0.3100999891757965,0.3100999891757965,0.3100999891757965,0.3100999891757965,0.3100999891757965,5002.0
2024-03-01 14:03:00,CNTA,10.869999885559082,10.869999885559082,10.869999885559082,10.869999885559082,10.869999885559082,100.0
2024-03-01 14:03:00,CPSI,9.489999771118164,9.489999771118164,9.5,9.489999771118164,9.5,1491.0
2024-03-01 14:03:00,CRBP,32.621700286865234,32.621700286865234,32.621700286865234,32.621700286865234,32.621700286865234,200.0
2024-03-01 14:03:00,CRBU,7.880000114440918,7.880000114440918,7.885000228881836,7.880000114440918,7.880000114440918,990.0
2024-03-01 14:03:00,CRDF,2.4200000762939453,2.4200000762939453,2.437999963760376,2.4200000762939453,2.434999942779541,11867.0
2024-03-01 14:03:00,CRDL,1.9600000381469727,1.9600000381469727,1.9600000381469727,1.9600000381469727,1.9600000381469727,250.0
2024-03-01 14:03:00,CRMD,3.684999942779541,3.684999942779541,3.690000057220459,3.684999942779541,3.690000057220459,2469.0
2024-03-01 14:03:00,CRNX,46.58000183105469,46.58000183105469,46.619998931884766,46.54999923706055,46.619998931884766,1879.0
2024-03-01 14:03:00,CRON,2.0450000762939453,2.0450000762939453,2.0450000762939453,2.0450000762939453,2.0450000762939453,504.0
2024-03-01 14:03:00,CRSP,85.69499969482422,85.69499969482422,85.69999694824219,85.66999816894531,85.69999694824219,438.0
2024-03-01 14:03:00,CSTL,20.014999389648438,20.014999389648438,20.014999389648438,20.014999389648438,20.014999389648438,287.0
2024-03-01 14:03:00,CTKB,8.984999656677246,8.984999656677246,8.984999656677246,8.984999656677246,8.984999656677246,104.0
2024-03-01 14:03:00,CTMX,2.5950000286102295,2.5950000286102295,2.5999999046325684,2.5950000286102295,2.5950000286102295,1401.0
2024-03-01 14:03:00,CUTR,2.381500005722046,2.381500005722046,2.381500005722046,2.381500005722046,2.381500005722046,317.0
2024-03-01 14:03:00,CYTK,73.13600158691406,73.13600158691406,73.22000122070312,72.8499984741211,72.8499984741211,5115.0
2024-03-01 14:03:00,CYTO,2.359999895095825,2.359999895095825,2.359999895095825,2.359999895095825,2.359999895095825,100.0
2024-03-01 14:03:00,DAWN,17.610000610351562,17.610000610351562,17.610000610351562,17.610000610351562,17.610000610351562,196.0
2024-03-01 14:03:00,DCGO,4.179999828338623,4.179999828338623,4.179999828338623,4.179999828338623,4.179999828338623,765.0
2024-03-01 14:03:00,DCPH,17.489999771118164,17.489999771118164,17.520000457763672,17.489999771118164,17.510000228881836,4128.0
2024-03-01 14:03:00,DERM,4.059999942779541,4.059999942779541,4.059999942779541,4.059999942779541,4.059999942779541,300.0
2024-03-01 14:03:00,DMTK,0.8400999903678894,0.8400999903678894,0.8400999903678894,0.8400999903678894,0.8400999903678894,206.0
2024-03-01 14:03:00,DNLI,21.209999084472656,21.209999084472656,21.209999084472656,21.209999084472656,21.209999084472656,100.0
2024-03-01 14:03:00,DTIL,12.390000343322754,12.390000343322754,12.390000343322754,12.390000343322754,12.390000343322754,152.0
2024-03-01 14:03:00,DVAX,12.885000228881836,12.885000228881836,12.885000228881836,12.885000228881836,12.885000228881836,528.0
2024-03-01 14:03:00,DXCM,121.75,121.75,121.80500030517578,121.75,121.80500030517578,4353.0
2024-03-01 14:03:00,DYN,28.674999237060547,28.674999237060547,28.674999237060547,28.639999389648438,28.639999389648438,1499.0
2024-03-01 14:03:00,EDIT,10.869999885559082,10.869999885559082,10.875,10.869999885559082,10.875,1101.0
2024-03-01 14:03:00,EFTR,15.359999656677246,15.359999656677246,15.5,15.359999656677246,15.489999771118164,1643.0
2024-03-01 14:03:00,EIGR,8.0,8.0,8.0,7.409999847412109,7.409999847412109,2207.0
2024-03-01 14:03:00,ELEV,5.074999809265137,5.074999809265137,5.090000152587891,5.074999809265137,5.074999809265137,711.0
2024-03-01 14:03:00,EMBC,14.34000015258789,14.34000015258789,14.34000015258789,14.335000038146973,14.335000038146973,676.0
2024-03-01 14:03:00,ENVB,1.5099999904632568,1.5099999904632568,1.5299999713897705,1.5099999904632568,1.5299999713897705,2588.0
2024-03-01 14:03:00,EQ,2.4921000003814697,2.4921000003814697,2.4921000003814697,2.4921000003814697,2.4921000003814697,750.0
2024-03-01 14:03:00,ERAS,2.5199999809265137,2.5199999809265137,2.5199999809265137,2.515000104904175,2.5199999809265137,548.0
2024-03-01 14:03:00,ESPR,2.5445001125335693,2.5445001125335693,2.5445001125335693,2.5445001125335693,2.5445001125335693,591.0
2024-03-01 14:03:00,ESTA,44.755001068115234,44.755001068115234,44.755001068115234,44.755001068115234,44.755001068115234,127.0
2024-03-01 14:03:00,ETNB,12.920000076293945,12.920000076293945,12.920000076293945,12.920000076293945,12.920000076293945,508.0
2024-03-01 14:03:00,EXAS,60.099998474121094,60.099998474121094,60.15999984741211,60.099998474121094,60.119998931884766,1352.0
2024-03-01 14:03:00,EXEL,22.479999542236328,22.479999542236328,22.485000610351562,22.479999542236328,22.485000610351562,751.0
2024-03-01 14:03:00,EYPT,27.90999984741211,27.90999984741211,27.90999984741211,27.90999984741211,27.90999984741211,215.0
2024-03-01 14:03:00,FATE,7.744999885559082,7.744999885559082,7.744999885559082,7.744999885559082,7.744999885559082,838.0
2024-03-01 14:03:00,FBIO,2.3499999046325684,2.3499999046325684,2.3550000190734863,2.3499999046325684,2.3550000190734863,6538.0
2024-03-01 14:03:00,FDMT,29.325000762939453,29.325000762939453,29.325000762939453,29.325000762939453,29.325000762939453,378.0
2024-03-01 14:03:00,FGEN,1.8650000095367432,1.8650000095367432,1.8650000095367432,1.8600000143051147,1.8650000095367432,5142.0
2024-03-01 14:03:00,FOLD,13.420000076293945,13.420000076293945,13.420000076293945,13.420000076293945,13.420000076293945,1204.0
2024-03-01 14:03:00,FULC,10.960000038146973,10.960000038146973,10.960000038146973,10.960000038146973,10.960000038146973,100.0
2024-03-01 14:03:00,FUSN,12.279999732971191,12.279999732971191,12.28499984741211,12.279999732971191,12.28499984741211,340.0
2024-03-01 14:03:00,FWBI,8.744999885559082,8.744999885559082,8.75,8.600000381469727,8.600000381469727,10397.0
2024-03-01 14:03:00,GANX,4.639999866485596,4.639999866485596,4.650000095367432,4.639999866485596,4.650000095367432,551.0
2024-03-01 14:03:00,GDRX,8.345000267028809,8.345000267028809,8.354999542236328,8.345000267028809,8.354999542236328,2157.0
2024-03-01 14:03:00,GERN,2.2799999713897705,2.2799999713897705,2.2899999618530273,2.2799999713897705,2.281399965286255,23145.0
2024-03-01 14:03:00,GHSI,8.329999923706055,8.329999923706055,8.329999923706055,8.329999923706055,8.329999923706055,600.0
2024-03-01 14:03:00,GILD,72.47000122070312,72.47000122070312,72.4800033569336,72.46499633789062,72.47000122070312,19958.0
2024-03-01 14:03:00,GLTO,0.75,0.75,0.75,0.75,0.75,114.0
2024-03-01 14:03:00,GMAB,29.43000030517578,29.43000030517578,29.43000030517578,29.43000030517578,29.43000030517578,191.0
2024-03-01 14:03:00,GOSS,1.4299999475479126,1.4299999475479126,1.4299999475479126,1.4149999618530273,1.4199999570846558,11473.0
2024-03-01 14:03:00,GRFS,7.085000038146973,7.085000038146973,7.085000038146973,7.085000038146973,7.085000038146973,201.0
2024-03-01 14:03:00,GRTS,2.140000104904175,2.140000104904175,2.140000104904175,2.140000104904175,2.140000104904175,154.0
2024-03-01 14:03:00,GRTX,0.23649999499320984,0.23649999499320984,0.23649999499320984,0.23649999499320984,0.23649999499320984,203.0
2024-03-01 14:03:00,GTHX,3.744999885559082,3.744999885559082,3.7899999618530273,3.744999885559082,3.755000114440918,56104.0
2024-03-01 14:03:00,HALO,41.41999816894531,41.41999816894531,41.41999816894531,41.404998779296875,41.404998779296875,425.0
2024-03-01 14:03:00,HARP,22.940000534057617,22.940000534057617,22.940000534057617,22.940000534057617,22.940000534057617,221.0
2024-03-01 14:03:00,HCAT,8.149999618530273,8.149999618530273,8.154999732971191,8.149999618530273,8.154999732971191,1295.0
2024-03-01 14:03:00,HCSG,12.590999603271484,12.590999603271484,12.590999603271484,12.590999603271484,12.590999603271484,346.0
2024-03-01 14:03:00,HCTI,2.380000114440918,2.380000114440918,2.4100000858306885,2.380000114440918,2.390000104904175,1805.0
2024-03-01 14:03:00,HLVX,19.0,19.0,19.0,19.0,19.0,127.0
2024-03-01 14:03:00,HOLX,74.33499908447266,74.33499908447266,74.33499908447266,74.33499908447266,74.33499908447266,246.0
2024-03-01 14:03:00,HOWL,6.986999988555908,6.986999988555908,7.019999980926514,6.949999809265137,7.019999980926514,2088.0
2024-03-01 14:03:00,HQY,81.43000030517578,81.43000030517578,81.43000030517578,81.43000030517578,81.43000030517578,427.0
2024-03-01 14:03:00,HSIC,76.91999816894531,76.91999816894531,76.93000030517578,76.88999938964844,76.88999938964844,2281.0
2024-03-01 14:03:00,HUMA,3.2850000858306885,3.2850000858306885,3.2850000858306885,3.280100107192993,3.2850000858306885,3225.0
2024-03-01 14:03:00,IART,36.52000045776367,36.52000045776367,36.52000045776367,36.52000045776367,36.52000045776367,294.0
2024-03-01 14:03:00,IBRX,4.875,4.875,4.880000114440918,4.84499979019165,4.849999904632568,19640.0
2024-03-01 14:03:00,ICLR,323.3399963378906,323.3399963378906,323.3399963378906,323.3399963378906,323.3399963378906,542.0
2024-03-01 14:03:00,ICUI,105.98999786376953,105.98999786376953,106.1500015258789,105.98999786376953,106.1500015258789,1599.0
2024-03-01 14:03:00,IDXX,580.4849853515625,580.4849853515625,580.4849853515625,580.4849853515625,580.4849853515625,333.0
2024-03-01 14:03:00,IDYA,46.875,46.875,46.875,46.875,46.875,104.0
2024-03-01 14:03:00,IFRX,1.8200000524520874,1.8200000524520874,1.8200000524520874,1.8200000524520874,1.8200000524520874,101.0
2024-03-01 14:03:00,IKNA,1.4800000190734863,1.4800000190734863,1.4900000095367432,1.4800000190734863,1.4900000095367432,539.0
2024-03-01 14:03:00,ILMN,142.22999572753906,142.22999572753906,142.22999572753906,142.22999572753906,142.22999572753906,521.0
2024-03-01 14:03:00,IMAB,1.815000057220459,1.815000057220459,1.815000057220459,1.815000057220459,1.815000057220459,100.0
2024-03-01 14:03:00,IMTX,12.850000381469727,12.850000381469727,12.869999885559082,12.850000381469727,12.869999885559082,618.0
2024-03-01 14:03:00,INBX,36.599998474121094,36.599998474121094,36.599998474121094,36.599998474121094,36.599998474121094,267.0
2024-03-01 14:03:00,INGN,6.789999961853027,6.789999961853027,6.789999961853027,6.789999961853027,6.789999961853027,872.0
2024-03-01 14:03:00,INMD,22.90999984741211,22.90999984741211,22.915000915527344,22.90999984741211,22.915000915527344,2187.0
2024-03-01 14:03:00,INSM,28.15999984741211,28.15999984741211,28.170000076293945,28.15999984741211,28.15999984741211,858.0
2024-03-01 14:03:00,INVA,15.555000305175781,15.555000305175781,15.5600004196167,15.555000305175781,15.5600004196167,2436.0
2024-03-01 14:03:00,INZY,6.639999866485596,6.639999866485596,6.639999866485596,6.639999866485596,6.639999866485596,923.0
2024-03-01 14:03:00,IONS,46.0,46.0,46.0,45.9900016784668,45.9900016784668,601.0
2024-03-01 14:03:00,IOVA,17.040000915527344,17.040000915527344,17.059999465942383,17.03499984741211,17.04010009765625,23206.0
2024-03-01 14:03:00,IPSC,3.880000114440918,3.880000114440918,3.880000114440918,3.880000114440918,3.880000114440918,111.0
2024-03-01 14:03:00,IRTC,121.20500183105469,121.20500183105469,121.20500183105469,121.20500183105469,121.20500183105469,407.0
2024-03-01 14:03:00,IRWD,9.005000114440918,9.005000114440918,9.005000114440918,9.0,9.0,7250.0
2024-03-01 14:03:00,ISRG,396.9100036621094,396.9100036621094,396.9649963378906,396.8500061035156,396.8599853515625,2780.0
2024-03-01 14:03:00,ITCI,71.91500091552734,71.91500091552734,71.93499755859375,71.9000015258789,71.93499755859375,2191.0
2024-03-01 14:03:00,JAGX,0.0771000012755394,0.0771000012755394,0.07769999653100967,0.0771000012755394,0.07739999890327454,43862.0
2024-03-01 14:03:00,JANX,46.177799224853516,46.177799224853516,46.177799224853516,46.17499923706055,46.17499923706055,495.0
2024-03-01 14:03:00,JAZZ,119.04000091552734,119.04000091552734,119.04000091552734,119.04000091552734,119.04000091552734,1169.0
2024-03-01 14:03:00,KALV,14.192500114440918,14.192500114440918,14.194999694824219,14.192500114440918,14.194999694824219,213.0
2024-03-01 14:03:00,KNTE,2.609999895095825,2.609999895095825,2.609999895095825,2.609999895095825,2.609999895095825,100.0
2024-03-01 14:03:00,KOD,6.070000171661377,6.070000171661377,6.070000171661377,6.070000171661377,6.070000171661377,329.0
2024-03-01 14:03:00,KPRX,0.6477000117301941,0.6477000117301941,0.6477000117301941,0.6477000117301941,0.6477000117301941,100.0
2024-03-01 14:03:00,KPTI,1.184999942779541,1.184999942779541,1.184999942779541,1.184999942779541,1.184999942779541,707.0
2024-03-01 14:03:00,KROS,70.01499938964844,70.01499938964844,70.01499938964844,70.01499938964844,70.01499938964844,149.0
2024-03-01 14:03:00,KRYS,169.3300018310547,169.3300018310547,169.3300018310547,169.30999755859375,169.30999755859375,482.0
2024-03-01 14:03:00,KTRA,0.1006999984383583,0.1006999984383583,0.10140000283718109,0.1006999984383583,0.10080000013113022,2810.0
2024-03-01 14:03:00,KURA,21.885000228881836,21.885000228881836,21.885000228881836,21.8799991607666,21.8799991607666,716.0
2024-03-01 14:03:00,KZIA,0.23909999430179596,0.23909999430179596,0.23909999430179596,0.23909999430179596,0.23909999430179596,1825.0
2024-03-01 14:03:00,KZR,1.0850000381469727,1.0850000381469727,1.0850000381469727,1.0850000381469727,1.0850000381469727,400.0
2024-03-01 14:03:00,LAB,2.450000047683716,2.450000047683716,2.450000047683716,2.450000047683716,2.450000047683716,200.0
2024-03-01 14:03:00,LEGN,65.75,65.75,65.75,65.75,65.75,100.0
2024-03-01 14:03:00,LFMD,7.980000019073486,7.980000019073486,7.980000019073486,7.980000019073486,7.980000019073486,318.0
2024-03-01 14:03:00,LFST,7.724999904632568,7.724999904632568,7.735000133514404,7.724999904632568,7.735000133514404,5982.0
2024-03-01 14:03:00,LGVN,0.5273000001907349,0.5273000001907349,0.5321000218391418,0.5246999859809875,0.5299999713897705,7928.0
2024-03-01 14:03:00,LIAN,4.860000133514404,4.860000133514404,4.860000133514404,4.860000133514404,4.860000133514404,101.0
2024-03-01 14:03:00,LMAT,68.4000015258789,68.4000015258789,68.62409973144531,68.4000015258789,68.62409973144531,3055.0
2024-03-01 14:03:00,LNTH,65.12000274658203,65.12000274658203,65.15499877929688,65.12000274658203,65.13999938964844,1522.0
2024-03-01 14:03:00,LPTX,2.9100000858306885,2.9100000858306885,2.9100000858306885,2.9100000858306885,2.9100000858306885,150.0
2024-03-01 14:03:00,LQDA,14.744999885559082,14.744999885559082,14.744999885559082,14.739999771118164,14.739999771118164,1717.0
2024-03-01 14:03:00,LTRN,4.454999923706055,4.454999923706055,4.454999923706055,4.454999923706055,4.454999923706055,401.0
2024-03-01 14:03:00,LUCD,1.2400000095367432,1.2400000095367432,1.2400000095367432,1.2400000095367432,1.2400000095367432,105.0
2024-03-01 14:03:00,LXRX,2.5107998847961426,2.5107998847961426,2.510999917984009,2.5107998847961426,2.510999917984009,6447.0
2024-03-01 14:03:00,LYEL,3.190000057220459,3.190000057220459,3.190000057220459,3.184999942779541,3.184999942779541,1750.0
2024-03-01 14:03:00,LYRA,5.619999885559082,5.619999885559082,5.619999885559082,5.619999885559082,5.619999885559082,100.0
2024-03-01 14:03:00,MASI,128.22000122070312,128.22000122070312,128.22000122070312,128.22000122070312,128.22000122070312,257.0
2024-03-01 14:03:00,MCRB,1.2050000429153442,1.2050000429153442,1.2100000381469727,1.2050000429153442,1.2050000429153442,7184.0
2024-03-01 14:03:00,MDGL,249.86500549316406,249.86500549316406,249.86500549316406,249.86500549316406,249.86500549316406,848.0
2024-03-01 14:03:00,MDRX,5.980000019073486,5.980000019073486,6.0,5.090000152587891,5.989999771118164,388942.0
2024-03-01 14:03:00,MDXG,8.614999771118164,8.614999771118164,8.614999771118164,8.614999771118164,8.614999771118164,259.0
2024-03-01 14:03:00,ME,0.5702999830245972,0.5702999830245972,0.5723000168800354,0.5702999830245972,0.5722000002861023,28947.0
2024-03-01 14:03:00,MEDP,401.2699890136719,401.2699890136719,401.79998779296875,401.239990234375,401.79998779296875,1062.0
2024-03-01 14:03:00,MGNX,19.238000869750977,19.238000869750977,19.243799209594727,19.238000869750977,19.243799209594727,513.0
2024-03-01 14:03:00,MIST,1.7400000095367432,1.7400000095367432,1.7400000095367432,1.7400000095367432,1.7400000095367432,1010.0
2024-03-01 14:03:00,MNKD,4.53000020980835,4.53000020980835,4.534999847412109,4.53000020980835,4.53000020980835,1227.0
2024-03-01 14:03:00,MNMD,6.249899864196777,6.249899864196777,6.25,6.244999885559082,6.25,457.0
2024-03-01 14:03:00,MNOV,1.3799999952316284,1.3799999952316284,1.3799999952316284,1.3799999952316284,1.3799999952316284,304.0
2024-03-01 14:03:00,MNPR,0.85555100440979,0.85555100440979,0.85555100440979,0.8410999774932861,0.8410999774932861,396.0
2024-03-01 14:03:00,MODD,1.8849999904632568,1.8849999904632568,1.8849999904632568,1.8849999904632568,1.8849999904632568,1200.0
2024-03-01 14:03:00,MODV,28.149999618530273,28.149999618530273,28.149999618530273,28.09000015258789,28.149999618530273,2111.0
2024-03-01 14:03:00,MOR,17.540000915527344,17.540000915527344,17.540000915527344,17.540000915527344,17.540000915527344,300.0
2024-03-01 14:03:00,MORF,39.40999984741211,39.40999984741211,39.40999984741211,39.369998931884766,39.380001068115234,1816.0
2024-03-01 14:03:00,MREO,3.9855000972747803,3.9855000972747803,3.9855000972747803,3.9855000972747803,3.9855000972747803,100.0
2024-03-01 14:03:00,MRNA,95.13999938964844,95.13999938964844,95.19000244140625,95.13999938964844,95.19000244140625,1925.0
2024-03-01 14:03:00,MRSN,5.954999923706055,5.954999923706055,5.954999923706055,5.954999923706055,5.954999923706055,200.0
2024-03-01 14:03:00,MRUS,51.35499954223633,51.35499954223633,51.41999816894531,51.310001373291016,51.310001373291016,827.0
2024-03-01 14:03:00,MXCT,4.755000114440918,4.755000114440918,4.755000114440918,4.755000114440918,4.755000114440918,100.0
2024-03-01 14:03:00,MYGN,22.09000015258789,22.09000015258789,22.094999313354492,22.09000015258789,22.094999313354492,383.0
2024-03-01 14:03:00,NARI,45.7400016784668,45.7400016784668,45.85499954223633,45.7400016784668,45.85499954223633,4305.0
2024-03-01 14:03:00,NBIX,132.1199951171875,132.1199951171875,132.1199951171875,132.1199951171875,132.1199951171875,597.0
2024-03-01 14:03:00,NCNA,0.3319000005722046,0.3319000005722046,0.3319000005722046,0.3319000005722046,0.3319000005722046,3066.0
2024-03-01 14:03:00,NEO,16.1299991607666,16.1299991607666,16.1299991607666,16.1299991607666,16.1299991607666,316.0
2024-03-01 14:03:00,NEOG,17.43549919128418,17.43549919128418,17.43549919128418,17.43549919128418,17.43549919128418,262.0
2024-03-01 14:03:00,NEXI,6.330100059509277,6.330100059509277,6.369999885559082,6.330100059509277,6.369999885559082,1081.0
2024-03-01 14:03:00,NKTR,0.7768499851226807,0.7768499851226807,0.7797999978065491,0.7768499851226807,0.7795000076293945,1952.0
2024-03-01 14:03:00,NKTX,12.890000343322754,12.890000343322754,12.890000343322754,12.84000015258789,12.84000015258789,2328.0
2024-03-01 14:03:00,NNOX,10.979999542236328,10.979999542236328,10.984999656677246,10.979999542236328,10.98009967803955,6256.0
2024-03-01 14:03:00,NRIX,13.8100004196167,13.8100004196167,13.8100004196167,13.8100004196167,13.8100004196167,102.0
2024-03-01 14:03:00,NRXP,0.4262000024318695,0.4262000024318695,0.4262000024318695,0.4231489896774292,0.4231489896774292,443.0
2024-03-01 14:03:00,NTLA,33.474998474121094,33.474998474121094,33.4900016784668,33.41999816894531,33.427799224853516,4103.0
2024-03-01 14:03:00,NTRA,89.01000213623047,89.01000213623047,89.08000183105469,88.95500183105469,89.05999755859375,12145.0
2024-03-01 14:03:00,NVAX,5.21999979019165,5.21999979019165,5.228799819946289,5.210100173950195,5.228799819946289,20112.0
2024-03-01 14:03:00,NVCR,16.020000457763672,16.020000457763672,16.030000686645508,16.020000457763672,16.030000686645508,1315.0
2024-03-01 14:03:00,NXTC,1.7699999809265137,1.7699999809265137,1.7999999523162842,1.7699999809265137,1.7949999570846558,17915.0
2024-03-01 14:03:00,OCGN,0.9599999785423279,0.9599999785423279,0.9613000154495239,0.9560999870300293,0.9560999870300293,25132.0
2024-03-01 14:03:00,OCUL,10.775199890136719,10.775199890136719,10.795000076293945,10.755000114440918,10.755000114440918,5881.0
2024-03-01 14:03:00,OGI,2.1705000400543213,2.1705000400543213,2.1705000400543213,2.1705000400543213,2.1705000400543213,108.0
2024-03-01 14:03:00,OKYO,1.4900000095367432,1.4900000095367432,1.4900000095367432,1.4900000095367432,1.4900000095367432,384.0
2024-03-01 14:03:00,OLK,22.924999237060547,22.924999237060547,22.924999237060547,22.924999237060547,22.924999237060547,103.0
2024-03-01 14:03:00,OLMA,14.9399995803833,14.9399995803833,14.9399995803833,14.919699668884277,14.919699668884277,1775.0
2024-03-01 14:03:00,OMCL,26.399999618530273,26.399999618530273,26.399999618530273,26.399999618530273,26.399999618530273,287.0
2024-03-01 14:03:00,OMGA,4.400000095367432,4.400000095367432,4.400000095367432,4.380000114440918,4.380000114440918,13325.0
2024-03-01 14:03:00,ONCT,10.375,10.375,10.375,10.375,10.375,298.0
2024-03-01 14:03:00,ONTX,0.8199999928474426,0.8199999928474426,0.8199999928474426,0.8199999928474426,0.8199999928474426,242.0
2024-03-01 14:04:00,AADI,1.9950000047683716,1.9950000047683716,1.9950000047683716,1.9950000047683716,1.9950000047683716,200.0
2024-03-01 14:04:00,ABCL,5.184999942779541,5.184999942779541,5.184999942779541,5.179999828338623,5.184999942779541,1012.0
2024-03-01 14:04:00,ABEO,7.784999847412109,7.784999847412109,7.799799919128418,7.78000020980835,7.78000020980835,1481.0
2024-03-01 14:04:00,ABIO,1.6717000007629395,1.6717000007629395,1.6717000007629395,1.6717000007629395,1.6717000007629395,179.0
2024-03-01 14:04:00,ABOS,4.616099834442139,4.616099834442139,4.616099834442139,4.616099834442139,4.616099834442139,1300.0
2024-03-01 14:04:00,ABSI,5.5,5.5,5.5,5.489999771118164,5.489999771118164,439.0
2024-03-01 14:04:00,ABUS,2.75,2.75,2.755000114440918,2.75,2.755000114440918,1131.0
2024-03-01 14:04:00,ACAD,24.290000915527344,24.290000915527344,24.290000915527344,24.290000915527344,24.290000915527344,209.0
2024-03-01 14:04:00,ACCD,10.104999542236328,10.104999542236328,10.109999656677246,10.104999542236328,10.109999656677246,200.0
2024-03-01 14:04:00,ACET,2.3949999809265137,2.3949999809265137,2.4000000953674316,2.390000104904175,2.4000000953674316,1648.0
2024-03-01 14:04:00,ACHC,84.41999816894531,84.41999816894531,84.41999816894531,84.4000015258789,84.41999816894531,313.0
2024-03-01 14:04:00,ACHV,4.360000133514404,4.360000133514404,4.360000133514404,4.349999904632568,4.349999904632568,305.0
2024-03-01 14:04:00,ACON,0.4050000011920929,0.4050000011920929,0.4050000011920929,0.4050000011920929,0.4050000011920929,2050.0
2024-03-01 14:04:00,ACRS,1.2400000095367432,1.2400000095367432,1.2400000095367432,1.2300000190734863,1.2301000356674194,2816.0
2024-03-01 14:04:00,ADAP,1.6198999881744385,1.6198999881744385,1.6198999881744385,1.6198999881744385,1.6198999881744385,2113.0
2024-03-01 14:04:00,ADIL,3.3201000690460205,3.3201000690460205,3.375,3.3201000690460205,3.3554000854492188,85715.0
2024-03-01 14:04:00,ADMA,5.545000076293945,5.545000076293945,5.545000076293945,5.539999961853027,5.539999961853027,849.0
2024-03-01 14:04:00,ADPT,4.105999946594238,4.105999946594238,4.105999946594238,4.099999904632568,4.099999904632568,387.0
2024-03-01 14:04:00,ADVM,1.9800000190734863,1.9800000190734863,1.9800000190734863,1.9800000190734863,1.9800000190734863,2066.0
2024-03-01 14:04:00,ADXN,9.289999961853027,9.289999961853027,9.289999961853027,9.289999961853027,9.289999961853027,714.0
2024-03-01 14:04:00,AGEN,0.671999990940094,0.671999990940094,0.6738989949226379,0.671999990940094,0.6738499999046326,32814.0
2024-03-01 14:04:00,AGIO,32.814998626708984,32.814998626708984,32.814998626708984,32.79999923706055,32.79999923706055,725.0
2024-03-01 14:04:00,AHCO,10.545000076293945,10.545000076293945,10.545000076293945,10.545000076293945,10.545000076293945,300.0
2024-03-01 14:04:00,AIH,0.5051010251045227,0.5051010251045227,0.5095000267028809,0.5051010251045227,0.5095000267028809,950.0
2024-03-01 14:04:00,AIRS,6.445000171661377,6.445000171661377,6.445000171661377,6.445000171661377,6.445000171661377,100.0
2024-03-01 14:04:00,AKAN,0.20999999344348907,0.20999999344348907,0.20999999344348907,0.20999999344348907,0.20999999344348907,4213.0
2024-03-01 14:04:00,AKBA,1.684999942779541,1.684999942779541,1.690000057220459,1.6799999475479126,1.6805000305175781,8170.0
2024-03-01 14:04:00,AKLI,0.3622489869594574,0.3622489869594574,0.36250001192092896,0.36000001430511475,0.36000001430511475,1255.0
2024-03-01 14:04:00,AKRO,30.049999237060547,30.049999237060547,30.049999237060547,30.049999237060547,30.049999237060547,581.0
2024-03-01 14:04:00,AKYA,6.005000114440918,6.005000114440918,6.005000114440918,6.005000114440918,6.005000114440918,100.0
2024-03-01 14:04:00,ALDX,4.324999809265137,4.324999809265137,4.329999923706055,4.320000171661377,4.320000171661377,3073.0
2024-03-01 14:04:00,ALGN,303.7200012207031,303.7200012207031,303.79998779296875,303.7200012207031,303.79998779296875,1649.0
2024-03-01 14:04:00,ALHC,5.670000076293945,5.670000076293945,5.670000076293945,5.670000076293945,5.670000076293945,425.0
2024-03-01 14:04:00,ALKS,30.2450008392334,30.2450008392334,30.2450008392334,30.2450008392334,30.2450008392334,499.0
2024-03-01 14:04:00,ALLK,1.6649999618530273,1.6649999618530273,1.6749999523162842,1.6649999618530273,1.6749999523162842,7082.0
2024-03-01 14:04:00,ALLO,5.04580020904541,5.04580020904541,5.050000190734863,5.039999961853027,5.050000190734863,1254.0
2024-03-01 14:04:00,ALPN,35.88999938964844,35.88999938964844,35.88999938964844,35.88999938964844,35.88999938964844,422.0
2024-03-01 14:04:00,ALT,12.154999732971191,12.154999732971191,12.199999809265137,12.154999732971191,12.180000305175781,6409.0
2024-03-01 14:04:00,ALVR,0.7545710206031799,0.7545710206031799,0.7545710206031799,0.7540000081062317,0.7540000081062317,1030.0
2024-03-01 14:04:00,ALXO,15.069999694824219,15.069999694824219,15.079999923706055,15.069999694824219,15.079999923706055,1087.0
2024-03-01 14:04:00,AMGN,280.9444885253906,280.9444885253906,280.9700012207031,280.8540954589844,280.8540954589844,7512.0
2024-03-01 14:04:00,AMLX,18.639999389648438,18.639999389648438,18.639999389648438,18.639999389648438,18.639999389648438,1226.0
2024-03-01 14:04:00,AMPH,45.5,45.5,45.540000915527344,45.47010040283203,45.474998474121094,2436.0
2024-03-01 14:04:00,AMRN,1.0549999475479126,1.0549999475479126,1.059999942779541,1.0549999475479126,1.0549999475479126,1702.0
2024-03-01 14:04:00,ANEB,2.8499999046325684,2.8499999046325684,2.8499999046325684,2.8499999046325684,2.8499999046325684,1060.0
2024-03-01 14:04:00,ANGO,5.519999980926514,5.519999980926514,5.525000095367432,5.519999980926514,5.519999980926514,428.0
2024-03-01 14:04:00,ANIP,66.7300033569336,66.7300033569336,66.7300033569336,66.7300033569336,66.7300033569336,418.0
2024-03-01 14:04:00,ANNX,6.159999847412109,6.159999847412109,6.159999847412109,6.150000095367432,6.159999847412109,2523.0
2024-03-01 14:04:00,APLS,64.90799713134766,64.90799713134766,65.06999969482422,64.90799713134766,65.06999969482422,2547.0
2024-03-01 14:04:00,APLT,7.125,7.125,7.125,7.125,7.125,820.0
2024-03-01 14:04:00,APTO,1.8200000524520874,1.8200000524520874,1.8200000524520874,1.8200000524520874,1.8200000524520874,4345.0
2024-03-01 14:04:00,AQST,4.210000038146973,4.210000038146973,4.210000038146973,4.179999828338623,4.179999828338623,15753.0
2024-03-01 14:04:00,ARDX,9.475000381469727,9.475000381469727,9.475000381469727,9.46500015258789,9.475000381469727,6905.0
2024-03-01 14:04:00,ARGX,392.4200134277344,392.4200134277344,392.4200134277344,392.4200134277344,392.4200134277344,888.0
2024-03-01 14:04:00,ARQT,11.755000114440918,11.755000114440918,11.770000457763672,11.710100173950195,11.720000267028809,14825.0
2024-03-01 14:04:00,ARVN,48.915000915527344,48.915000915527344,48.915000915527344,48.915000915527344,48.915000915527344,116.0
2024-03-01 14:04:00,ARWR,35.709999084472656,35.709999084472656,35.709999084472656,35.709999084472656,35.709999084472656,350.0
2024-03-01 14:04:00,ASLN,0.7448999881744385,0.7448999881744385,0.7501000165939331,0.7448999881744385,0.7501000165939331,6010.0
2024-03-01 14:04:00,ASND,152.35000610351562,152.35000610351562,152.35000610351562,152.14999389648438,152.27000427246094,840.0
2024-03-01 14:04:00,ASRT,0.9075000286102295,0.9075000286102295,0.9075000286102295,0.9075000286102295,0.9075000286102295,100.0
2024-03-01 14:04:00,ATAI,2.1600000858306885,2.1600000858306885,2.1600000858306885,2.1593000888824463,2.1600000858306885,4795.0
2024-03-01 14:04:00,ATEC,13.460000038146973,13.460000038146973,13.460000038146973,13.454999923706055,13.454999923706055,517.0
2024-03-01 14:04:00,ATOS,1.0099999904632568,1.0099999904632568,1.0099999904632568,1.0099999904632568,1.0099999904632568,123.0
2024-03-01 14:04:00,ATRC,36.0099983215332,36.0099983215332,36.0099983215332,36.0099983215332,36.0099983215332,222.0
2024-03-01 14:04:00,AUGX,4.559999942779541,4.559999942779541,4.559999942779541,4.550000190734863,4.550000190734863,204.0
2024-03-01 14:04:00,AUPH,5.835000038146973,5.835000038146973,5.837699890136719,5.829999923706055,5.837699890136719,898.0
2024-03-01 14:04:00,AVDL,13.140000343322754,13.140000343322754,13.15999984741211,13.140000343322754,13.15999984741211,2455.0
2024-03-01 14:04:00,AVXL,5.320000171661377,5.320000171661377,5.324999809265137,5.320000171661377,5.324999809265137,1018.0
2024-03-01 14:04:00,AZN,64.70500183105469,64.70500183105469,64.70999908447266,64.70359802246094,64.70359802246094,710.0
2024-03-01 14:04:00,AZTA,67.05500030517578,67.05500030517578,67.05500030517578,67.05500030517578,67.05500030517578,173.0
2024-03-01 14:04:00,BBIO,36.0,36.0,36.0,35.939998626708984,36.0,1032.0
2024-03-01 14:04:00,BBLG,2.380000114440918,2.380000114440918,2.380000114440918,2.380000114440918,2.380000114440918,200.0
2024-03-01 14:04:00,BCAB,2.694999933242798,2.694999933242798,2.700000047683716,2.694999933242798,2.694999933242798,398.0
2024-03-01 14:04:00,BCEL,0.2653000056743622,0.2653000056743622,0.2653000056743622,0.2653000056743622,0.2653000056743622,105.0
2024-03-01 14:04:00,BCRX,5.697500228881836,5.697500228881836,5.699900150299072,5.697500228881836,5.699900150299072,376.0
2024-03-01 14:04:00,BDTX,4.925000190734863,4.925000190734863,4.925000190734863,4.925000190734863,4.925000190734863,598.0
2024-03-01 14:04:00,BEAM,40.084999084472656,40.084999084472656,40.084999084472656,40.02009963989258,40.07500076293945,1161.0
2024-03-01 14:04:00,BEAT,1.5491000413894653,1.5491000413894653,1.5499999523162842,1.5491000413894653,1.5497000217437744,8300.0
2024-03-01 14:04:00,BFRI,0.8700000047683716,0.8700000047683716,0.8700000047683716,0.8700000047683716,0.8700000047683716,330.0
2024-03-01 14:04:00,BIIB,221.5,221.5,221.50999450683594,221.44000244140625,221.47000122070312,2783.0
2024-03-01 14:04:00,BIOL,0.14480000734329224,0.14480000734329224,0.14489999413490295,0.1445000022649765,0.14489999413490295,24476.0
2024-03-01 14:04:00,BIOR,1.0988999605178833,1.0988999605178833,1.0988999605178833,1.0915000438690186,1.0915000438690186,2141.0
2024-03-01 14:04:00,BIVI,2.0950000286102295,2.0950000286102295,2.0999999046325684,2.070199966430664,2.087599992752075,34818.0
2024-03-01 14:04:00,BLFS,18.239999771118164,18.239999771118164,18.239999771118164,18.239999771118164,18.239999771118164,465.0
2024-03-01 14:04:00,BLUE,1.6050000190734863,1.6050000190734863,1.6050000190734863,1.6050000190734863,1.6050000190734863,3591.0
2024-03-01 14:04:00,BMEA,18.184999465942383,18.184999465942383,18.184999465942383,18.15999984741211,18.15999984741211,257.0
2024-03-01 14:04:00,BMRN,88.03500366210938,88.03500366210938,88.05000305175781,88.01000213623047,88.02999877929688,2622.0
2024-03-01 14:04:00,BNGO,1.2616000175476074,1.2616000175476074,1.2616000175476074,1.2616000175476074,1.2616000175476074,2008.0
2024-03-01 14:04:00,BNR,0.8199999928474426,0.8199999928474426,0.8199999928474426,0.8199999928474426,0.8199999928474426,100.0
2024-03-01 14:04:00,BNTC,5.199999809265137,5.199999809265137,5.199999809265137,5.199999809265137,5.199999809265137,102.0
2024-03-01 14:04:00,BRKR,88.4749984741211,88.4749984741211,88.4749984741211,88.4749984741211,88.4749984741211,710.0
2024-03-01 14:04:00,BTAI,3.184999942779541,3.184999942779541,3.184999942779541,3.184999942779541,3.184999942779541,483.0
2024-03-01 14:04:00,BTTX,0.18410000205039978,0.18410000205039978,0.18410000205039978,0.18410000205039978,0.18410000205039978,2001.0
2024-03-01 14:04:00,BYSI,1.4900000095367432,1.4900000095367432,1.4900000095367432,1.4900000095367432,1.4900000095367432,967.0
2024-03-01 14:04:00,CABA,24.100000381469727,24.100000381469727,24.110000610351562,24.09000015258789,24.100000381469727,1259.0
2024-03-01 14:04:00,CADL,1.7400000095367432,1.7400000095367432,1.7400000095367432,1.7400000095367432,1.7400000095367432,100.0
2024-03-01 14:04:00,CBAY,32.22999954223633,32.22999954223633,32.23500061035156,32.22999954223633,32.23099899291992,1827.0
2024-03-01 14:04:00,CCRN,18.209999084472656,18.209999084472656,18.209999084472656,18.209999084472656,18.209999084472656,676.0
2024-03-01 14:04:00,CDMO,8.119999885559082,8.119999885559082,8.119999885559082,8.119999885559082,8.119999885559082,200.0
2024-03-01 14:04:00,CDNA,12.5600004196167,12.5600004196167,12.5600004196167,12.529999732971191,12.529999732971191,1386.0
2024-03-01 14:04:00,CDXS,4.554999828338623,4.554999828338623,4.554999828338623,4.550000190734863,4.550000190734863,1063.0
2024-03-01 14:04:00,CELC,16.639999389648438,16.639999389648438,16.649999618530273,16.639999389648438,16.649999618530273,219.0
2024-03-01 14:04:00,CERE,41.10499954223633,41.10499954223633,41.10499954223633,41.099998474121094,41.10499954223633,880.0
2024-03-01 14:04:00,CERS,2.184999942779541,2.184999942779541,2.184999942779541,2.184999942779541,2.184999942779541,209.0
2024-03-01 14:04:00,CERT,17.8700008392334,17.8700008392334,17.93000030517578,17.8700008392334,17.92530059814453,3057.0
2024-03-01 14:04:00,CGC,3.240000009536743,3.240000009536743,3.244999885559082,3.240000009536743,3.240000009536743,3551.0
2024-03-01 14:04:00,CGEN,2.684999942779541,2.684999942779541,2.684999942779541,2.684999942779541,2.684999942779541,2001.0
2024-03-01 14:04:00,CHRS,2.4149999618530273,2.4149999618530273,2.4149999618530273,2.4100000858306885,2.410099983215332,6916.0
2024-03-01 14:04:00,CLOV,0.8730999827384949,0.8730999827384949,0.873199999332428,0.8730999827384949,0.8730999827384949,3033.0
2024-03-01 14:04:00,CLRB,4.104000091552734,4.104000091552734,4.104000091552734,4.104000091552734,4.104000091552734,1031.0
2024-03-01 14:04:00,CMPS,11.369999885559082,11.369999885559082,11.369999885559082,11.350000381469727,11.350000381469727,1037.0
2024-03-01 14:04:00,COGT,7.195000171661377,7.195000171661377,7.195000171661377,7.195000171661377,7.195000171661377,336.0
2024-03-01 14:04:00,CORT,24.440000534057617,24.440000534057617,24.440000534057617,24.420000076293945,24.43000030517578,1795.0
2024-03-01 14:04:00,COSM,0.7688000202178955,0.7688000202178955,0.7688000202178955,0.7684999704360962,0.7684999704360962,2717.0
2024-03-01 14:04:00,CPRX,17.469999313354492,17.469999313354492,17.475000381469727,17.459999084472656,17.46500015258789,5465.0
2024-03-01 14:04:00,CPSI,9.5,9.5,9.5,9.5,9.5,302.0
2024-03-01 14:04:00,CRBP,32.43000030517578,32.43000030517578,32.62220001220703,32.43000030517578,32.62220001220703,2766.0
2024-03-01 14:04:00,CRBU,7.875,7.875,7.875,7.869999885559082,7.875,402.0
2024-03-01 14:04:00,CRDF,2.4200000762939453,2.4200000762939453,2.430000066757202,2.380000114440918,2.4100000858306885,33814.0
2024-03-01 14:04:00,CRMD,3.684999942779541,3.684999942779541,3.684999942779541,3.684999942779541,3.684999942779541,293.0
2024-03-01 14:04:00,CRNX,46.51499938964844,46.51499938964844,46.51499938964844,46.51499938964844,46.51499938964844,226.0
2024-03-01 14:04:00,CRON,2.0450000762939453,2.0450000762939453,2.049999952316284,2.0450000762939453,2.0450000762939453,29506.0
2024-03-01 14:04:00,CRSP,85.69999694824219,85.69999694824219,85.73999786376953,85.62999725341797,85.62999725341797,1117.0
2024-03-01 14:04:00,CSTL,19.979999542236328,19.979999542236328,19.989999771118164,19.959999084472656,19.989999771118164,1362.0
2024-03-01 14:04:00,CTKB,9.0,9.0,9.020000457763672,8.979999542236328,8.989999771118164,69510.0
2024-03-01 14:04:00,CTMX,2.5950000286102295,2.5950000286102295,2.5950000286102295,2.5950000286102295,2.5950000286102295,1016.0
2024-03-01 14:04:00,CUTR,2.3891000747680664,2.3891000747680664,2.390000104904175,2.3891000747680664,2.3891000747680664,679.0
2024-03-01 14:04:00,CVAC,3.494999885559082,3.494999885559082,3.494999885559082,3.494999885559082,3.494999885559082,1157.0
2024-03-01 14:04:00,CVRX,20.799999237060547,20.799999237060547,20.799999237060547,20.799999237060547,20.799999237060547,582.0
2024-03-01 14:04:00,CYTK,73.11000061035156,73.11000061035156,73.1500015258789,73.11000061035156,73.13500213623047,322.0
2024-03-01 14:04:00,DAWN,17.6200008392334,17.6200008392334,17.6200008392334,17.610000610351562,17.610000610351562,1532.0
2024-03-01 14:04:00,DCPH,17.479999542236328,17.479999542236328,17.479999542236328,17.469999313354492,17.479999542236328,2306.0
2024-03-01 14:04:00,DCTH,4.199999809265137,4.199999809265137,4.199999809265137,4.199999809265137,4.199999809265137,114.0
2024-03-01 14:04:00,DH,8.869999885559082,8.869999885559082,8.869999885559082,8.859999656677246,8.869999885559082,616.0
2024-03-01 14:04:00,DMTK,0.8485000133514404,0.8485000133514404,0.8485000133514404,0.8445500135421753,0.8445500135421753,875.0
2024-03-01 14:04:00,DNLI,21.219999313354492,21.219999313354492,21.219999313354492,21.209999084472656,21.209999084472656,750.0
2024-03-01 14:04:00,DSGN,2.9100000858306885,2.9100000858306885,2.9100000858306885,2.9100000858306885,2.9100000858306885,348.0
2024-03-01 14:04:00,DTIL,12.361599922180176,12.361599922180176,12.390899658203125,12.361599922180176,12.390899658203125,434.0
2024-03-01 14:04:00,DVAX,12.890000343322754,12.890000343322754,12.890000343322754,12.885000228881836,12.885000228881836,878.0
2024-03-01 14:04:00,DXCM,121.79000091552734,121.79000091552734,121.80000305175781,121.76000213623047,121.76000213623047,6481.0
2024-03-01 14:04:00,DYN,28.719999313354492,28.719999313354492,28.719999313354492,28.674999237060547,28.674999237060547,1599.0
2024-03-01 14:04:00,EDIT,10.869999885559082,10.869999885559082,10.880000114440918,10.859999656677246,10.869999885559082,4372.0
2024-03-01 14:04:00,EGRX,6.71999979019165,6.71999979019165,6.71999979019165,6.71999979019165,6.71999979019165,298.0
2024-03-01 14:04:00,EIGR,8.0,8.0,8.010000228881836,7.900000095367432,8.0,2237.0
2024-03-01 14:04:00,EKSO,2.0199999809265137,2.0199999809265137,2.0199999809265137,2.0199999809265137,2.0199999809265137,100.0
2024-03-01 14:04:00,ELEV,5.08620023727417,5.08620023727417,5.099999904632568,5.074999809265137,5.074999809265137,7589.0
2024-03-01 14:04:00,ENTA,15.449999809265137,15.449999809265137,15.479999542236328,15.449999809265137,15.479999542236328,779.0
2024-03-01 14:04:00,ENVB,1.5118000507354736,1.5118000507354736,1.5299999713897705,1.5099999904632568,1.5298000574111938,3302.0
2024-03-01 14:04:00,EOLS,14.84000015258789,14.84000015258789,14.84000015258789,14.84000015258789,14.84000015258789,590.0
2024-03-01 14:04:00,EQ,2.490000009536743,2.490000009536743,2.490000009536743,2.490000009536743,2.490000009536743,255.0
2024-03-01 14:04:00,ESPR,2.5399999618530273,2.5399999618530273,2.5450000762939453,2.5399999618530273,2.5450000762939453,1410.0
2024-03-01 14:04:00,ETNB,12.920000076293945,12.920000076293945,12.9399995803833,12.90999984741211,12.93589973449707,5065.0
2024-03-01 14:04:00,EVAX,3.529900074005127,3.529900074005127,3.529900074005127,3.529900074005127,3.529900074005127,1423.0
2024-03-01 14:04:00,EWTX,17.0,17.0,17.0,17.0,17.0,1054.0
2024-03-01 14:04:00,EXAS,60.165000915527344,60.165000915527344,60.165000915527344,60.14500045776367,60.14500045776367,436.0
2024-03-01 14:04:00,EXEL,22.483699798583984,22.483699798583984,22.489999771118164,22.479999542236328,22.479999542236328,2475.0
2024-03-01 14:04:00,EYPT,27.959999084472656,27.959999084472656,27.959999084472656,27.959999084472656,27.959999084472656,325.0
2024-03-01 14:04:00,FATE,7.739999771118164,7.739999771118164,7.739999771118164,7.739999771118164,7.739999771118164,966.0
2024-03-01 14:04:00,FBIO,2.3499999046325684,2.3499999046325684,2.3499999046325684,2.3499999046325684,2.3499999046325684,505.0
2024-03-01 14:04:00,FEMY,1.7599999904632568,1.7599999904632568,1.7599999904632568,1.7599999904632568,1.7599999904632568,100.0
2024-03-01 14:04:00,FGEN,1.8600000143051147,1.8600000143051147,1.8600000143051147,1.8600000143051147,1.8600000143051147,1814.0
2024-03-01 14:04:00,FHTX,8.229999542236328,8.229999542236328,8.229999542236328,8.229999542236328,8.229999542236328,315.0
2024-03-01 14:04:00,FOLD,13.40999984741211,13.40999984741211,13.425000190734863,13.40999984741211,13.425000190734863,5019.0
2024-03-01 14:04:00,FULC,10.9350004196167,10.9350004196167,10.960000038146973,10.9350004196167,10.960000038146973,1511.0
2024-03-01 14:04:00,FUSN,12.279999732971191,12.279999732971191,12.289999961853027,12.279999732971191,12.28499984741211,1211.0
2024-03-01 14:04:00,GANX,4.65500020980835,4.65500020980835,4.65500020980835,4.65500020980835,4.65500020980835,350.0
2024-03-01 14:04:00,GDRX,8.34000015258789,8.34000015258789,8.34000015258789,8.34000015258789,8.34000015258789,549.0
2024-03-01 14:04:00,GENE,2.25,2.25,2.25,2.25,2.25,2145.0
2024-03-01 14:04:00,GERN,2.2850000858306885,2.2850000858306885,2.2850000858306885,2.2799999713897705,2.2850000858306885,1591.0
2024-03-01 14:04:00,GH,19.09000015258789,19.09000015258789,19.09000015258789,19.079999923706055,19.079999923706055,281.0
2024-03-01 14:04:00,GHSI,8.3100004196167,8.3100004196167,8.329999923706055,8.3100004196167,8.329999923706055,1593.0
2024-03-01 14:04:00,GILD,72.46499633789062,72.46499633789062,72.47000122070312,72.45500183105469,72.46499633789062,9246.0
2024-03-01 14:04:00,GLMD,0.4000000059604645,0.4000000059604645,0.4000000059604645,0.4000000059604645,0.4000000059604645,600.0
2024-03-01 14:04:00,GLTO,0.7498999834060669,0.7498999834060669,0.75,0.7498000264167786,0.75,18100.0
2024-03-01 14:04:00,GLYC,3.015000104904175,3.015000104904175,3.015000104904175,3.015000104904175,3.015000104904175,320.0
2024-03-01 14:04:00,GMAB,29.43000030517578,29.43000030517578,29.440000534057617,29.40999984741211,29.43000030517578,2983.0
2024-03-01 14:04:00,GOSS,1.4299999475479126,1.4299999475479126,1.4299999475479126,1.4299999475479126,1.4299999475479126,1110.0
2024-03-01 14:04:00,GRFS,7.085000038146973,7.085000038146973,7.085000038146973,7.085000038146973,7.085000038146973,557.0
2024-03-01 14:04:00,GRTS,2.1449999809265137,2.1449999809265137,2.1459999084472656,2.1449999809265137,2.1459999084472656,510.0
2024-03-01 14:04:00,GTHX,3.75,3.75,3.759999990463257,3.749000072479248,3.749000072479248,4097.0
2024-03-01 14:04:00,HALO,41.415000915527344,41.415000915527344,41.43000030517578,41.400001525878906,41.41999816894531,3606.0
2024-03-01 14:04:00,HARP,22.9424991607666,22.9424991607666,22.950000762939453,22.9424991607666,22.950000762939453,4562.0
2024-03-01 14:04:00,HCAT,8.149999618530273,8.149999618530273,8.149999618530273,8.149999618530273,8.149999618530273,103.0
2024-03-01 14:04:00,HCSG,12.59000015258789,12.59000015258789,12.59000015258789,12.59000015258789,12.59000015258789,907.0
2024-03-01 14:04:00,HCTI,2.369999885559082,2.369999885559082,2.369999885559082,2.359999895095825,2.362499952316284,1187.0
2024-03-01 14:04:00,HOLX,74.3499984741211,74.3499984741211,74.3499984741211,74.3499984741211,74.3499984741211,407.0
2024-03-01 14:04:00,HOWL,6.984300136566162,6.984300136566162,6.984300136566162,6.984300136566162,6.984300136566162,348.0
2024-03-01 14:04:00,HQY,81.41999816894531,81.41999816894531,81.43000030517578,81.41999816894531,81.41999816894531,742.0
2024-03-01 14:04:00,HRTX,2.569999933242798,2.569999933242798,2.5701000690460205,2.569999933242798,2.569999933242798,6221.0
2024-03-01 14:04:00,HSIC,76.88999938964844,76.88999938964844,76.91999816894531,76.87999725341797,76.9000015258789,1990.0
2024-03-01 14:04:00,HUMA,3.280100107192993,3.280100107192993,3.2899999618530273,3.2799999713897705,3.2899999618530273,17448.0
2024-03-01 14:04:00,IART,36.5,36.5,36.5099983215332,36.5,36.5099983215332,1147.0
2024-03-01 14:04:00,IBRX,4.880000114440918,4.880000114440918,4.880000114440918,4.880000114440918,4.880000114440918,1990.0
2024-03-01 14:04:00,ICAD,1.8301000595092773,1.8301000595092773,1.8301000595092773,1.8301000595092773,1.8301000595092773,3171.0
2024-03-01 14:04:00,IDXX,580.22998046875,580.22998046875,580.760009765625,580.22998046875,580.72998046875,3000.0
2024-03-01 14:04:00,IDYA,46.875,46.875,46.875,46.875,46.875,116.0
2024-03-01 14:04:00,ILMN,142.3800048828125,142.3800048828125,142.3800048828125,142.27000427246094,142.3300018310547,1668.0
2024-03-01 14:04:00,IMMX,3.559999942779541,3.559999942779541,3.559999942779541,3.559999942779541,3.559999942779541,151.0
2024-03-01 14:04:00,IMNN,1.0299999713897705,1.0299999713897705,1.0299999713897705,1.02839994430542,1.02839994430542,959.0
2024-03-01 14:04:00,IMTX,12.829999923706055,12.829999923706055,12.829999923706055,12.829999923706055,12.829999923706055,208.0
2024-03-01 14:04:00,IMVT,35.93000030517578,35.93000030517578,35.93000030517578,35.93000030517578,35.93000030517578,259.0
2024-03-01 14:04:00,INAB,1.0800000429153442,1.0800000429153442,1.0800000429153442,1.0800000429153442,1.0800000429153442,1120.0
2024-03-01 14:04:00,INBX,36.630001068115234,36.630001068115234,36.630001068115234,36.630001068115234,36.630001068115234,515.0
2024-03-01 14:04:00,INCY,59.47999954223633,59.47999954223633,59.47999954223633,59.45000076293945,59.4640007019043,1833.0
2024-03-01 14:04:00,INM,0.4090000092983246,0.4090000092983246,0.4090000092983246,0.4090000092983246,0.4090000092983246,2003.0
2024-03-01 14:04:00,INMD,22.889999389648438,22.889999389648438,22.90999984741211,22.885000228881836,22.90999984741211,2772.0
2024-03-01 14:04:00,INO,9.649999618530273,9.649999618530273,9.649999618530273,9.649999618530273,9.649999618530273,932.0
2024-03-01 14:04:00,INSM,28.18000030517578,28.18000030517578,28.18000030517578,28.15999984741211,28.170000076293945,1813.0
2024-03-01 14:04:00,INVA,15.529999732971191,15.529999732971191,15.550000190734863,15.529999732971191,15.550000190734863,1357.0
2024-03-01 14:04:00,IONM,0.34950000047683716,0.34950000047683716,0.34950000047683716,0.34950000047683716,0.34950000047683716,100.0
2024-03-01 14:04:00,IONS,45.97999954223633,45.97999954223633,45.97999954223633,45.97999954223633,45.97999954223633,1452.0
2024-03-01 14:04:00,IOVA,17.059999465942383,17.059999465942383,17.079999923706055,17.0,17.03499984741211,33483.0
2024-03-01 14:04:00,IPHA,2.5996999740600586,2.5996999740600586,2.5996999740600586,2.5996999740600586,2.5996999740600586,1750.0
2024-03-01 14:04:00,IPSC,3.880000114440918,3.880000114440918,3.880000114440918,3.880000114440918,3.880000114440918,120.0
2024-03-01 14:04:00,IRMD,41.459999084472656,41.459999084472656,41.56999969482422,41.459999084472656,41.56999969482422,298.0
2024-03-01 14:04:00,IRWD,9.010000228881836,9.010000228881836,9.010000228881836,9.0,9.0,211879.0
2024-03-01 14:04:00,ISRG,397.0050048828125,397.0050048828125,397.1000061035156,396.9599914550781,396.9599914550781,1218.0
2024-03-01 14:04:00,ITOS,11.350000381469727,11.350000381469727,11.350000381469727,11.350000381469727,11.350000381469727,353.0
2024-03-01 14:04:00,IVVD,3.9600000381469727,3.9600000381469727,3.9800000190734863,3.9600000381469727,3.9800000190734863,1912.0
2024-03-01 14:04:00,JAGX,0.07720000296831131,0.07720000296831131,0.07739999890327454,0.07680000364780426,0.07739999890327454,122678.0
2024-03-01 14:04:00,JANX,46.17499923706055,46.17499923706055,46.17499923706055,46.17499923706055,46.17499923706055,179.0
2024-03-01 14:04:00,JAZZ,119.20999908447266,119.20999908447266,119.2699966430664,119.04000091552734,119.04000091552734,6362.0
2024-03-01 14:04:00,KALV,14.149999618530273,14.149999618530273,14.199999809265137,14.149999618530273,14.194999694824219,2573.0
2024-03-01 14:04:00,KMDA,6.400000095367432,6.400000095367432,6.400000095367432,6.389999866485596,6.400000095367432,2332.0
2024-03-01 14:04:00,KPTI,1.1699999570846558,1.1699999570846558,1.184999942779541,1.1699999570846558,1.184999942779541,32408.0
2024-03-01 14:04:00,KRMD,2.130000114440918,2.130000114440918,2.130000114440918,2.130000114440918,2.130000114440918,379.0
2024-03-01 14:04:00,KROS,70.01499938964844,70.01499938964844,70.01499938964844,70.01499938964844,70.01499938964844,384.0
2024-03-01 14:04:00,KRYS,168.88499450683594,168.88499450683594,168.97999572753906,168.88499450683594,168.97999572753906,1548.0
2024-03-01 14:04:00,KYMR,43.970001220703125,43.970001220703125,43.970001220703125,43.96500015258789,43.96500015258789,587.0
2024-03-01 14:04:00,KZR,1.090000033378601,1.090000033378601,1.090000033378601,1.0850000381469727,1.0850000381469727,450.0
2024-03-01 14:04:00,LAB,2.4549999237060547,2.4549999237060547,2.4600000381469727,2.4549999237060547,2.4549999237060547,3189.0
2024-03-01 14:04:00,LBPH,21.809999465942383,21.809999465942383,21.837499618530273,21.809999465942383,21.837499618530273,247.0
2024-03-01 14:04:00,LEGN,65.66500091552734,65.66500091552734,65.73999786376953,65.65689849853516,65.73999786376953,2100.0
2024-03-01 14:04:00,LFST,7.730000019073486,7.730000019073486,7.730000019073486,7.724999904632568,7.724999904632568,2570.0
2024-03-01 14:04:00,LIAN,4.860000133514404,4.860000133514404,4.860000133514404,4.860000133514404,4.860000133514404,110.0
2024-03-01 14:04:00,LMAT,68.10009765625,68.10009765625,68.31999969482422,68.10009765625,68.31999969482422,537.0
2024-03-01 14:04:00,LNTH,65.11000061035156,65.11000061035156,65.11000061035156,65.11000061035156,65.11000061035156,435.0
2024-03-01 14:04:00,LQDA,14.729999542236328,14.729999542236328,14.739999771118164,14.729999542236328,14.739999771118164,1130.0
2024-03-01 14:04:00,LTRN,4.360000133514404,4.360000133514404,4.454999923706055,4.360000133514404,4.454999923706055,2314.0
2024-03-01 14:04:00,LVTX,2.759999990463257,2.759999990463257,2.7699999809265137,2.75,2.75,919.0
2024-03-01 14:04:00,LXRX,2.515000104904175,2.515000104904175,2.5199999809265137,2.515000104904175,2.515000104904175,4174.0
2024-03-01 14:04:00,LYEL,3.190000057220459,3.190000057220459,3.190000057220459,3.190000057220459,3.190000057220459,629.0
2024-03-01 14:04:00,LYRA,5.630000114440918,5.630000114440918,5.650000095367432,5.619999885559082,5.635000228881836,1219.0
2024-03-01 14:04:00,MASI,128.36000061035156,128.36000061035156,128.36000061035156,128.25,128.2550048828125,3634.0
2024-03-01 14:04:00,MCRB,1.2100000381469727,1.2100000381469727,1.2100000381469727,1.2050000429153442,1.2050000429153442,2951.0
2024-03-01 14:04:00,MDRX,5.980000019073486,5.980000019073486,6.0,5.980000019073486,5.980000019073486,28836.0
2024-03-01 14:04:00,ME,0.5691999793052673,0.5691999793052673,0.5723000168800354,0.5691999793052673,0.5723000168800354,1350.0
2024-03-01 14:04:00,MEDP,401.2699890136719,401.2699890136719,401.2699890136719,401.2699890136719,401.2699890136719,233.0
2024-03-01 14:04:00,MGNX,19.229999542236328,19.229999542236328,19.239999771118164,19.219999313354492,19.239999771118164,675.0
2024-03-01 14:04:00,MIRM,29.704999923706055,29.704999923706055,29.704999923706055,29.704999923706055,29.704999923706055,217.0
2024-03-01 14:04:00,MIST,1.7350000143051147,1.7350000143051147,1.7350000143051147,1.7350000143051147,1.7350000143051147,100.0
2024-03-01 14:04:00,MMSI,76.30000305175781,76.30000305175781,76.37999725341797,76.30000305175781,76.36000061035156,1348.0
2024-03-01 14:04:00,MNKD,4.53000020980835,4.53000020980835,4.53000020980835,4.53000020980835,4.53000020980835,2615.0
2024-03-01 14:04:00,MNMD,6.25,6.25,6.25,6.239999771118164,6.245999813079834,4445.0
2024-03-01 14:04:00,MODD,1.8849999904632568,1.8849999904632568,1.8849999904632568,1.8849999904632568,1.8849999904632568,200.0
2024-03-01 14:04:00,MODV,28.020000457763672,28.020000457763672,28.079999923706055,27.93000030517578,28.079999923706055,1828.0
2024-03-01 14:04:00,MOR,17.540000915527344,17.540000915527344,17.545000076293945,17.540000915527344,17.545000076293945,492.0
2024-03-01 14:04:00,MORF,39.38999938964844,39.38999938964844,39.38999938964844,39.38999938964844,39.38999938964844,909.0
2024-03-01 14:04:00,MOTS,0.6538000106811523,0.6538000106811523,0.6543999910354614,0.6538000106811523,0.6543999910354614,452.0
2024-03-01 14:04:00,MREO,3.984999895095825,3.984999895095825,3.98799991607666,3.984999895095825,3.98799991607666,1202.0
2024-03-01 14:04:00,MRNA,95.16999816894531,95.16999816894531,95.33000183105469,95.16000366210938,95.16000366210938,9364.0
2024-03-01 14:04:00,MRSN,5.965000152587891,5.965000152587891,5.969900131225586,5.954999923706055,5.954999923706055,2963.0
2024-03-01 14:04:00,MRUS,51.27000045776367,51.27000045776367,51.349998474121094,51.220001220703125,51.310001373291016,2918.0
2024-03-01 14:04:00,MRVI,7.764999866485596,7.764999866485596,7.764999866485596,7.760000228881836,7.760000228881836,875.0
2024-03-01 14:04:00,MXCT,4.755000114440918,4.755000114440918,4.755000114440918,4.755000114440918,4.755000114440918,178.0
2024-03-01 14:04:00,MYGN,22.075000762939453,22.075000762939453,22.075000762939453,22.03619956970215,22.03619956970215,1138.0
2024-03-01 14:04:00,NAOV,0.9900000095367432,0.9900000095367432,0.9900000095367432,0.9900000095367432,0.9900000095367432,403.0
2024-03-01 14:04:00,NARI,45.630001068115234,45.630001068115234,45.689998626708984,45.619998931884766,45.689998626708984,10280.0
2024-03-01 14:04:00,NBIX,132.19000244140625,132.19000244140625,132.19000244140625,132.19000244140625,132.19000244140625,797.0
2024-03-01 14:04:00,NEO,16.125,16.125,16.139999389648438,16.125,16.139999389648438,363.0
2024-03-01 14:04:00,NEOG,17.434999465942383,17.434999465942383,17.434999465942383,17.434999465942383,17.434999465942383,206.0
2024-03-01 14:04:00,NGM,1.524999976158142,1.524999976158142,1.524999976158142,1.524999976158142,1.524999976158142,100.0
2024-03-01 14:04:00,NKTX,12.869999885559082,12.869999885559082,12.869999885559082,12.869999885559082,12.869999885559082,100.0
2024-03-01 14:04:00,NNOX,10.960000038146973,10.960000038146973,10.970100402832031,10.949999809265137,10.970000267028809,1730.0
2024-03-01 14:04:00,NOTV,8.135000228881836,8.135000228881836,8.140000343322754,8.130000114440918,8.140000343322754,5567.0
2024-03-01 14:04:00,NRBO,5.980100154876709,5.980100154876709,6.009900093078613,5.980100154876709,6.009900093078613,1501.0
2024-03-01 14:04:00,NRIX,13.800000190734863,13.800000190734863,13.84000015258789,13.779999732971191,13.8100004196167,4631.0
2024-03-01 14:04:00,NTLA,33.48500061035156,33.48500061035156,33.5,33.48500061035156,33.48500061035156,691.0
2024-03-01 14:04:00,NTRA,89.05500030517578,89.05500030517578,89.05999755859375,88.9800033569336,89.0,13566.0
2024-03-01 14:04:00,NUVL,87.91500091552734,87.91500091552734,87.91500091552734,87.91500091552734,87.91500091552734,215.0
2024-03-01 14:04:00,NVAX,5.218800067901611,5.218800067901611,5.230000019073486,5.215000152587891,5.219900131225586,14322.0
2024-03-01 14:04:00,NVCR,16.024999618530273,16.024999618530273,16.024999618530273,16.014999389648438,16.014999389648438,1177.0
2024-03-01 14:04:00,NVOS,0.6377999782562256,0.6377999782562256,0.6377999782562256,0.6377999782562256,0.6377999782562256,102.0
2024-03-01 14:04:00,NXTC,1.7719999551773071,1.7719999551773071,1.784999966621399,1.7719999551773071,1.784999966621399,984.0
2024-03-01 14:04:00,OCGN,0.961899995803833,0.961899995803833,0.961899995803833,0.9613000154495239,0.9613000154495239,1100.0
2024-03-01 14:04:00,OCUL,10.767800331115723,10.767800331115723,10.770000457763672,10.765000343322754,10.765000343322754,1182.0
2024-03-01 14:04:00,OFIX,12.96500015258789,12.96500015258789,12.96500015258789,12.96500015258789,12.96500015258789,626.0
2024-03-01 14:04:00,OGI,2.172499895095825,2.172499895095825,2.174999952316284,2.172499895095825,2.174999952316284,1406.0
2024-03-01 14:04:00,OKYO,1.4850000143051147,1.4850000143051147,1.4850000143051147,1.4850000143051147,1.4850000143051147,500.0
2024-03-01 14:04:00,OM,3.1549999713897705,3.1549999713897705,3.1549999713897705,3.1449999809265137,3.1500000953674316,3326.0
2024-03-01 14:04:00,OMCL,26.364999771118164,26.364999771118164,26.364999771118164,26.364999771118164,26.364999771118164,250.0
2024-03-01 14:04:00,OMGA,4.400000095367432,4.400000095367432,4.409999847412109,4.393799781799316,4.393799781799316,1907.0
2024-03-01 14:04:00,ONCY,1.1399999856948853,1.1399999856948853,1.1399999856948853,1.1399999856948853,1.1399999856948853,285.0
2024-03-01 14:05:00,AADI,1.9950000047683716,1.9950000047683716,1.9950000047683716,1.9950000047683716,1.9950000047683716,178.0
2024-03-01 14:05:00,ABCL,5.184999942779541,5.184999942779541,5.184999942779541,5.184999942779541,5.184999942779541,294.0
2024-03-01 14:05:00,ABEO,7.795000076293945,7.795000076293945,7.800000190734863,7.795000076293945,7.800000190734863,778.0
2024-03-01 14:05:00,ABOS,4.610000133514404,4.610000133514404,4.610499858856201,4.610000133514404,4.610000133514404,649.0
2024-03-01 14:05:00,ABSI,5.5,5.5,5.5,5.5,5.5,345.0
2024-03-01 14:05:00,ABUS,2.744999885559082,2.744999885559082,2.75,2.744999885559082,2.75,4689.0
2024-03-01 14:05:00,ACAD,24.290000915527344,24.290000915527344,24.290000915527344,24.290000915527344,24.290000915527344,873.0
2024-03-01 14:05:00,ACB,3.2151999473571777,3.2151999473571777,3.2151999473571777,3.2142999172210693,3.2142999172210693,721.0
2024-03-01 14:05:00,ACCD,10.104999542236328,10.104999542236328,10.104999542236328,10.104999542236328,10.104999542236328,279.0
2024-03-01 14:05:00,ACET,2.390000104904175,2.390000104904175,2.4000000953674316,2.390000104904175,2.3949999809265137,643.0
2024-03-01 14:05:00,ACHC,84.4800033569336,84.4800033569336,84.4800033569336,84.4749984741211,84.4800033569336,1193.0
2024-03-01 14:05:00,ACRS,1.2300000190734863,1.2300000190734863,1.2400000095367432,1.2300000190734863,1.2400000095367432,1429.0
2024-03-01 14:05:00,ADIL,3.3010001182556152,3.3010001182556152,3.3303000926971436,3.3010001182556152,3.3299999237060547,29660.0
2024-03-01 14:05:00,ADMA,5.559999942779541,5.559999942779541,5.559999942779541,5.539999961853027,5.545000076293945,23288.0
2024-03-01 14:05:00,ADPT,4.099999904632568,4.099999904632568,4.105000019073486,4.099999904632568,4.105000019073486,212.0
2024-03-01 14:05:00,ADVM,1.975000023841858,1.975000023841858,1.9800000190734863,1.975000023841858,1.9800000190734863,2552.0
2024-03-01 14:05:00,AFMD,0.6499999761581421,0.6499999761581421,0.6499999761581421,0.6499999761581421,0.6499999761581421,2100.0
2024-03-01 14:05:00,AGEN,0.6719499826431274,0.6719499826431274,0.6719499826431274,0.6718999743461609,0.6718999743461609,5791.0
2024-03-01 14:05:00,AGIO,32.814998626708984,32.814998626708984,32.814998626708984,32.814998626708984,32.814998626708984,252.0
2024-03-01 14:05:00,AGRX,0.8100000023841858,0.8100000023841858,0.8100000023841858,0.8100000023841858,0.8100000023841858,108.0
2024-03-01 14:05:00,AHCO,10.545000076293945,10.545000076293945,10.545000076293945,10.545000076293945,10.545000076293945,312.0
2024-03-01 14:05:00,AIH,0.5073000192642212,0.5073000192642212,0.5073000192642212,0.5073000192642212,0.5073000192642212,100.0
2024-03-01 14:05:00,AIRS,6.46999979019165,6.46999979019165,6.46999979019165,6.46999979019165,6.46999979019165,100.0
2024-03-01 14:05:00,AKAN,0.21400000154972076,0.21400000154972076,0.21400000154972076,0.21400000154972076,0.21400000154972076,1579.0
2024-03-01 14:05:00,AKBA,1.6799999475479126,1.6799999475479126,1.6799999475479126,1.6799999475479126,1.6799999475479126,305.0
2024-03-01 14:05:00,AKLI,0.36000001430511475,0.36000001430511475,0.367000013589859,0.36000001430511475,0.367000013589859,1500.0
2024-03-01 14:05:00,AKRO,30.030000686645508,30.030000686645508,30.049999237060547,30.030000686645508,30.049999237060547,962.0
2024-03-01 14:05:00,ALDX,4.320099830627441,4.320099830627441,4.320099830627441,4.320099830627441,4.320099830627441,121.0
2024-03-01 14:05:00,ALEC,7.394999980926514,7.394999980926514,7.409999847412109,7.389999866485596,7.409999847412109,3709.0
2024-03-01 14:05:00,ALGN,303.54998779296875,303.54998779296875,303.7799987792969,303.54998779296875,303.7799987792969,1421.0
2024-03-01 14:05:00,ALHC,5.670000076293945,5.670000076293945,5.670000076293945,5.659999847412109,5.670000076293945,819.0
2024-03-01 14:05:00,ALKS,30.2450008392334,30.2450008392334,30.2450008392334,30.2450008392334,30.2450008392334,316.0
2024-03-01 14:05:00,ALLO,5.045000076293945,5.045000076293945,5.045000076293945,5.045000076293945,5.045000076293945,301.0
2024-03-01 14:05:00,ALLR,0.4099000096321106,0.4099000096321106,0.4099000096321106,0.4099000096321106,0.4099000096321106,478.0
2024-03-01 14:05:00,ALNY,153.17999267578125,153.17999267578125,153.18499755859375,153.1199951171875,153.18499755859375,838.0
2024-03-01 14:05:00,ALPN,35.91999816894531,35.91999816894531,35.91999816894531,35.900001525878906,35.900001525878906,1444.0
2024-03-01 14:05:00,ALT,12.15999984741211,12.15999984741211,12.15999984741211,12.15999984741211,12.15999984741211,341.0
2024-03-01 14:05:00,ALVR,0.7544999718666077,0.7544999718666077,0.7544999718666077,0.7541000247001648,0.7541000247001648,507.0
2024-03-01 14:05:00,ALXO,15.0600004196167,15.0600004196167,15.0600004196167,15.0600004196167,15.0600004196167,577.0
2024-03-01 14:05:00,AMED,93.68000030517578,93.68000030517578,93.68000030517578,93.68000030517578,93.68000030517578,404.0
2024-03-01 14:05:00,AMGN,280.9700012207031,280.9700012207031,281.0,280.8999938964844,280.9800109863281,8009.0
2024-03-01 14:05:00,AMLX,18.65999984741211,18.65999984741211,18.65999984741211,18.647499084472656,18.647499084472656,2943.0
2024-03-01 14:05:00,AMPH,45.525001525878906,45.525001525878906,45.54999923706055,45.47999954223633,45.5,5770.0
2024-03-01 14:05:00,AMRN,1.0549999475479126,1.0549999475479126,1.059999942779541,1.0549999475479126,1.0549999475479126,1826.0
2024-03-01 14:05:00,ANGO,5.519999980926514,5.519999980926514,5.519999980926514,5.519999980926514,5.519999980926514,1070.0
2024-03-01 14:05:00,ANNX,6.170000076293945,6.170000076293945,6.177499771118164,6.159999847412109,6.170000076293945,2821.0
2024-03-01 14:05:00,APLS,64.83499908447266,64.83499908447266,64.94999694824219,64.83499908447266,64.88999938964844,6254.0
2024-03-01 14:05:00,APLT,7.125,7.125,7.125,7.125,7.125,1819.0
2024-03-01 14:05:00,AQST,4.224999904632568,4.224999904632568,4.224999904632568,4.224999904632568,4.224999904632568,210.0
2024-03-01 14:05:00,ARDX,9.479999542236328,9.479999542236328,9.479999542236328,9.475000381469727,9.475000381469727,356.0
2024-03-01 14:05:00,ARQT,11.75,11.75,11.760000228881836,11.75,11.75,1958.0
2024-03-01 14:05:00,ARVN,48.915000915527344,48.915000915527344,48.915000915527344,48.915000915527344,48.915000915527344,226.0
2024-03-01 14:05:00,ARWR,35.689998626708984,35.689998626708984,35.70500183105469,35.65999984741211,35.70500183105469,2363.0
2024-03-01 14:05:00,ASND,152.5449981689453,152.5449981689453,152.5449981689453,152.5449981689453,152.5449981689453,201.0
2024-03-01 14:05:00,ATAI,2.1500000953674316,2.1500000953674316,2.1600000858306885,2.1500000953674316,2.1600000858306885,13254.0
2024-03-01 14:05:00,ATEC,13.460000038146973,13.460000038146973,13.460000038146973,13.454999923706055,13.460000038146973,1232.0
2024-03-01 14:05:00,ATRA,0.7914999723434448,0.7914999723434448,0.7914999723434448,0.7871999740600586,0.7908999919891357,7383.0
2024-03-01 14:05:00,ATRC,36.02000045776367,36.02000045776367,36.02000045776367,35.97999954223633,35.97999954223633,451.0
2024-03-01 14:05:00,ATXS,14.739999771118164,14.739999771118164,14.739999771118164,14.720000267028809,14.720000267028809,864.0
2024-03-01 14:05:00,AUGX,4.550000190734863,4.550000190734863,4.550000190734863,4.550000190734863,4.550000190734863,196.0
2024-03-01 14:05:00,AUTL,6.355000019073486,6.355000019073486,6.360000133514404,6.355000019073486,6.360000133514404,401.0
2024-03-01 14:05:00,AVDL,13.170000076293945,13.170000076293945,13.170000076293945,13.14009952545166,13.14009952545166,6802.0
2024-03-01 14:05:00,AVIR,4.485000133514404,4.485000133514404,4.485000133514404,4.485000133514404,4.485000133514404,109.0
2024-03-01 14:05:00,AVXL,5.329999923706055,5.329999923706055,5.329999923706055,5.320000171661377,5.320000171661377,6069.0
2024-03-01 14:05:00,AWH,3.9600000381469727,3.9600000381469727,3.9600000381469727,3.9600000381469727,3.9600000381469727,185.0
2024-03-01 14:05:00,AXGN,10.539999961853027,10.539999961853027,10.539999961853027,10.539999961853027,10.539999961853027,206.0
2024-03-01 14:05:00,AXNX,67.55999755859375,67.55999755859375,67.58000183105469,67.55999755859375,67.58000183105469,1032.0
2024-03-01 14:05:00,AXSM,82.33000183105469,82.33000183105469,82.33000183105469,82.33000183105469,82.33000183105469,1411.0
2024-03-01 14:05:00,AZN,64.70500183105469,64.70500183105469,64.70999908447266,64.69999694824219,64.70359802246094,22783.0
2024-03-01 14:05:00,AZTA,67.0199966430664,67.0199966430664,67.05500030517578,67.01499938964844,67.05500030517578,2170.0
2024-03-01 14:05:00,BBIO,35.96500015258789,35.96500015258789,35.97249984741211,35.96500015258789,35.97249984741211,309.0
2024-03-01 14:05:00,BCDA,0.5651000142097473,0.5651000142097473,0.5651000142097473,0.5651000142097473,0.5651000142097473,100.0
2024-03-01 14:05:00,BCRX,5.690000057220459,5.690000057220459,5.695000171661377,5.690000057220459,5.695000171661377,2353.0
2024-03-01 14:05:00,BDSX,1.5950000286102295,1.5950000286102295,1.5950000286102295,1.5950000286102295,1.5950000286102295,405.0
2024-03-01 14:05:00,BDTX,4.916999816894531,4.916999816894531,4.920000076293945,4.916999816894531,4.920000076293945,1207.0
2024-03-01 14:05:00,BEAM,39.935001373291016,39.935001373291016,40.189998626708984,39.93000030517578,40.04999923706055,6917.0
2024-03-01 14:05:00,BIIB,221.38999938964844,221.38999938964844,221.38999938964844,221.38999938964844,221.38999938964844,601.0
2024-03-01 14:05:00,BIOL,0.14480000734329224,0.14480000734329224,0.14489999413490295,0.14470000565052032,0.14489999413490295,4425.0
2024-03-01 14:05:00,BIOR,1.0913000106811523,1.0913000106811523,1.0988999605178833,1.090000033378601,1.090000033378601,4059.0
2024-03-01 14:05:00,BIVI,2.1075000762939453,2.1075000762939453,2.109999895095825,2.0899999141693115,2.099900007247925,44108.0
2024-03-01 14:05:00,BLFS,18.190000534057617,18.190000534057617,18.190000534057617,18.190000534057617,18.190000534057617,140.0
2024-03-01 14:05:00,BLUE,1.6050000190734863,1.6050000190734863,1.6100000143051147,1.600100040435791,1.6100000143051147,9138.0
2024-03-01 14:05:00,BMEA,18.15999984741211,18.15999984741211,18.199899673461914,18.15999984741211,18.199899673461914,1268.0
2024-03-01 14:05:00,BMRA,1.215000033378601,1.215000033378601,1.215000033378601,1.215000033378601,1.215000033378601,110.0
2024-03-01 14:05:00,BMRN,88.12000274658203,88.12000274658203,88.12000274658203,88.02999877929688,88.02999877929688,2652.0
2024-03-01 14:05:00,BNGO,1.2630000114440918,1.2630000114440918,1.2649999856948853,1.2630000114440918,1.2649999856948853,758.0
2024-03-01 14:05:00,BPMC,96.86000061035156,96.86000061035156,96.86000061035156,96.80000305175781,96.80000305175781,364.0
2024-03-01 14:05:00,BRKR,88.48999786376953,88.48999786376953,88.54000091552734,88.47000122070312,88.48999786376953,4903.0
2024-03-01 14:05:00,BTAI,3.184999942779541,3.184999942779541,3.184999942779541,3.184999942779541,3.184999942779541,420.0
2024-03-01 14:05:00,BTTX,0.18490000069141388,0.18490000069141388,0.1858000010251999,0.18410000205039978,0.1843000054359436,55118.0
2024-03-01 14:05:00,CABA,24.079999923706055,24.079999923706055,24.100000381469727,24.079999923706055,24.079999923706055,424.0
2024-03-01 14:05:00,CAPR,4.5,4.5,4.5,4.4944000244140625,4.5,992.0
2024-03-01 14:05:00,CARA,0.9399999976158142,0.9399999976158142,0.9399999976158142,0.9399999976158142,0.9399999976158142,1200.0
2024-03-01 14:05:00,CBAY,32.23500061035156,32.23500061035156,32.2400016784668,32.22999954223633,32.230201721191406,3953.0
2024-03-01 14:05:00,CCCC,11.0,11.0,11.0,10.989999771118164,10.989999771118164,586.0
2024-03-01 14:05:00,CCRN,18.270000457763672,18.270000457763672,18.270000457763672,18.229999542236328,18.229999542236328,2032.0
2024-03-01 14:05:00,CDMO,8.119999885559082,8.119999885559082,8.119999885559082,8.114999771118164,8.114999771118164,334.0
2024-03-01 14:05:00,CDNA,12.579999923706055,12.579999923706055,12.579999923706055,12.569999694824219,12.569999694824219,1155.0
2024-03-01 14:05:00,CDXS,4.554999828338623,4.554999828338623,4.570000171661377,4.550000190734863,4.550000190734863,2808.0
2024-03-01 14:05:00,CELC,16.65999984741211,16.65999984741211,16.65999984741211,16.639999389648438,16.639999389648438,1304.0
2024-03-01 14:05:00,CERE,41.099998474121094,41.099998474121094,41.10499954223633,41.099998474121094,41.099998474121094,522.0
2024-03-01 14:05:00,CERS,2.184999942779541,2.184999942779541,2.184999942779541,2.184999942779541,2.184999942779541,202.0
2024-03-01 14:05:00,CERT,17.8700008392334,17.8700008392334,17.8700008392334,17.8700008392334,17.8700008392334,202.0
2024-03-01 14:05:00,CGC,3.234999895095825,3.234999895095825,3.248699903488159,3.234999895095825,3.248699903488159,7294.0
2024-03-01 14:05:00,CGTX,2.049999952316284,2.049999952316284,2.049999952316284,2.049999952316284,2.049999952316284,334.0
2024-03-01 14:05:00,CHEK,2.1600000858306885,2.1600000858306885,2.1600000858306885,2.1600000858306885,2.1600000858306885,210.0
2024-03-01 14:05:00,CKPT,2.190000057220459,2.190000057220459,2.2049999237060547,2.190000057220459,2.2049999237060547,2300.0
2024-03-01 14:05:00,CLDX,51.79999923706055,51.79999923706055,51.845001220703125,51.790000915527344,51.845001220703125,1354.0
2024-03-01 14:05:00,CLOV,0.8734999895095825,0.8734999895095825,0.8738999962806702,0.8730999827384949,0.8730999827384949,19468.0
2024-03-01 14:05:00,CLRB,4.105000019073486,4.105000019073486,4.110000133514404,4.105000019073486,4.109899997711182,353.0
2024-03-01 14:05:00,CMPS,11.390000343322754,11.390000343322754,11.390000343322754,11.390000343322754,11.390000343322754,401.0
2024-03-01 14:05:00,CNSP,0.31690001487731934,0.31690001487731934,0.31690001487731934,0.31690001487731934,0.31690001487731934,1750.0
2024-03-01 14:05:00,COGT,7.195000171661377,7.195000171661377,7.195000171661377,7.195000171661377,7.195000171661377,453.0
2024-03-01 14:05:00,COSM,0.7799999713897705,0.7799999713897705,0.7799999713897705,0.7688000202178955,0.7688000202178955,5090.0
2024-03-01 14:05:00,CPRX,17.459999084472656,17.459999084472656,17.475000381469727,17.459999084472656,17.475000381469727,2922.0
2024-03-01 14:05:00,CPSI,9.5,9.5,9.5,9.489999771118164,9.5,696.0
2024-03-01 14:05:00,CRBU,7.869999885559082,7.869999885559082,7.880000114440918,7.869999885559082,7.8769001960754395,4334.0
2024-03-01 14:05:00,CRDF,2.390700101852417,2.390700101852417,2.440000057220459,2.390000104904175,2.4326000213623047,11897.0
2024-03-01 14:05:00,CRNX,46.57500076293945,46.57500076293945,46.57500076293945,46.57500076293945,46.57500076293945,338.0
2024-03-01 14:05:00,CRON,2.049999952316284,2.049999952316284,2.049999952316284,2.0450000762939453,2.0450000762939453,22126.0
2024-03-01 14:05:00,CRSP,85.7300033569336,85.7300033569336,85.7300033569336,85.6240005493164,85.6240005493164,863.0
2024-03-01 14:05:00,CTKB,9.020000457763672,9.020000457763672,9.020000457763672,9.0,9.0,14144.0
2024-03-01 14:05:00,CTMX,2.5950000286102295,2.5950000286102295,2.5999999046325684,2.5899999141693115,2.5950000286102295,6623.0
2024-03-01 14:05:00,CUTR,2.3891000747680664,2.3891000747680664,2.390000104904175,2.3891000747680664,2.390000104904175,476.0
2024-03-01 14:05:00,CVAC,3.4700000286102295,3.4700000286102295,3.494999885559082,3.4649999141693115,3.494999885559082,17391.0
2024-03-01 14:05:00,CYCC,2.8499999046325684,2.8499999046325684,2.851099967956543,2.8499999046325684,2.851099967956543,2001.0
2024-03-01 14:05:00,CYTK,73.05000305175781,73.05000305175781,73.13999938964844,73.05000305175781,73.13999938964844,505.0
2024-03-01 14:05:00,CYTO,2.359999895095825,2.359999895095825,2.359999895095825,2.319999933242798,2.319999933242798,2162.0
2024-03-01 14:05:00,DAWN,17.6299991607666,17.6299991607666,17.6299991607666,17.6200008392334,17.6200008392334,2039.0
2024-03-01 14:05:00,DCGO,4.184999942779541,4.184999942779541,4.184999942779541,4.179999828338623,4.179999828338623,506.0
2024-03-01 14:05:00,DH,8.850000381469727,8.850000381469727,8.864999771118164,8.850000381469727,8.864999771118164,486.0
2024-03-01 14:05:00,DMTK,0.8465999960899353,0.8465999960899353,0.847599983215332,0.8465999960899353,0.8465999960899353,920.0
2024-03-01 14:05:00,DNLI,21.264999389648438,21.264999389648438,21.264999389648438,21.229999542236328,21.229999542236328,2211.0
2024-03-01 14:05:00,DRRX,1.0,1.0,1.0,1.0,1.0,200.0
2024-03-01 14:05:00,DTIL,12.390000343322754,12.390000343322754,12.390000343322754,12.369999885559082,12.369999885559082,420.0
2024-03-01 14:05:00,DVAX,12.895000457763672,12.895000457763672,12.895000457763672,12.885000228881836,12.890000343322754,5084.0
2024-03-01 14:05:00,DXCM,121.7750015258789,121.7750015258789,121.79499816894531,121.73999786376953,121.79000091552734,6359.0
2024-03-01 14:05:00,DYN,28.665000915527344,28.665000915527344,28.709999084472656,28.665000915527344,28.709999084472656,1373.0
2024-03-01 14:05:00,EDIT,10.875,10.875,10.875,10.875,10.875,2259.0
2024-03-01 14:05:00,EFTR,15.449999809265137,15.449999809265137,15.600000381469727,15.449999809265137,15.579999923706055,2141.0
2024-03-01 14:05:00,EGRX,6.710000038146973,6.710000038146973,6.734399795532227,6.710000038146973,6.710000038146973,466.0
2024-03-01 14:05:00,EIGR,7.5,7.5,7.760000228881836,7.5,7.760000228881836,1254.0
2024-03-01 14:05:00,ELEV,5.085000038146973,5.085000038146973,5.090000152587891,5.070000171661377,5.079999923706055,4337.0
2024-03-01 14:05:00,ENSC,0.9240009784698486,0.9240009784698486,0.9240009784698486,0.9240000247955322,0.9240000247955322,855.0
2024-03-01 14:05:00,ENSG,122.08000183105469,122.08000183105469,122.08000183105469,122.06999969482422,122.06999969482422,753.0
2024-03-01 14:05:00,ENVB,1.5299999713897705,1.5299999713897705,1.5299999713897705,1.5199999809265137,1.5199999809265137,810.0
2024-03-01 14:05:00,EOLS,14.84000015258789,14.84000015258789,14.84000015258789,14.84000015258789,14.84000015258789,162.0
2024-03-01 14:05:00,ERAS,2.512700080871582,2.512700080871582,2.512700080871582,2.512700080871582,2.512700080871582,752.0
2024-03-01 14:05:00,ESPR,2.5399999618530273,2.5399999618530273,2.5450000762939453,2.5399999618530273,2.5450000762939453,1100.0
2024-03-01 14:05:00,ESTA,44.790000915527344,44.790000915527344,44.90999984741211,44.790000915527344,44.90999984741211,354.0
2024-03-01 14:05:00,ETNB,12.9350004196167,12.9350004196167,12.9399995803833,12.930000305175781,12.9399995803833,1138.0
2024-03-01 14:05:00,EXAI,6.71999979019165,6.71999979019165,6.724999904632568,6.71999979019165,6.724999904632568,803.0
2024-03-01 14:05:00,EXAS,60.15999984741211,60.15999984741211,60.16999816894531,60.119998931884766,60.16999816894531,1039.0
2024-03-01 14:05:00,EXEL,22.485000610351562,22.485000610351562,22.485000610351562,22.479999542236328,22.485000610351562,636.0
2024-03-01 14:05:00,EYEN,2.370300054550171,2.370300054550171,2.370300054550171,2.370300054550171,2.370300054550171,100.0
2024-03-01 14:05:00,EYPT,27.969999313354492,27.969999313354492,27.975000381469727,27.969999313354492,27.969999313354492,735.0
2024-03-01 14:05:00,FATE,7.739999771118164,7.739999771118164,7.75,7.739999771118164,7.744999885559082,11337.0
2024-03-01 14:05:00,FBIO,2.3529000282287598,2.3529000282287598,2.3529000282287598,2.3529000282287598,2.3529000282287598,254.0
2024-03-01 14:05:00,FDMT,29.299999237060547,29.299999237060547,29.315000534057617,29.299999237060547,29.299999237060547,331.0
2024-03-01 14:05:00,FEMY,1.750100016593933,1.750100016593933,1.750100016593933,1.75,1.75,4000.0
2024-03-01 14:05:00,FGEN,1.8600000143051147,1.8600000143051147,1.8650000095367432,1.8600000143051147,1.8602999448776245,4954.0
2024-03-01 14:05:00,FLGT,23.29990005493164,23.29990005493164,23.29990005493164,23.29990005493164,23.29990005493164,280.0
2024-03-01 14:05:00,FOLD,13.40999984741211,13.40999984741211,13.414999961853027,13.40999984741211,13.414999961853027,1463.0
2024-03-01 14:05:00,FULC,10.979999542236328,10.979999542236328,11.0,10.9350004196167,10.9350004196167,3699.0
2024-03-01 14:05:00,FUSN,12.260000228881836,12.260000228881836,12.28499984741211,12.25,12.28499984741211,3992.0
2024-03-01 14:05:00,FWBI,8.693400382995605,8.693400382995605,8.693400382995605,8.635000228881836,8.635000228881836,763.0
2024-03-01 14:05:00,GDRX,8.34000015258789,8.34000015258789,8.345000267028809,8.34000015258789,8.34000015258789,922.0
2024-03-01 14:05:00,GERN,2.2750000953674316,2.2750000953674316,2.2850000858306885,2.2699999809265137,2.2850000858306885,147072.0
2024-03-01 14:05:00,GH,19.110000610351562,19.110000610351562,19.110000610351562,19.100000381469727,19.100000381469727,1819.0
2024-03-01 14:05:00,GILD,72.45999908447266,72.45999908447266,72.46499633789062,72.45500183105469,72.45500183105469,4900.0
2024-03-01 14:05:00,GLSI,12.670000076293945,12.670000076293945,12.670000076293945,12.670000076293945,12.670000076293945,122.0
2024-03-01 14:05:00,GLYC,3.0299999713897705,3.0299999713897705,3.0299999713897705,3.0199999809265137,3.0199999809265137,5878.0
2024-03-01 14:05:00,GMDA,0.3799000084400177,0.3799000084400177,0.37994998693466187,0.3792000114917755,0.3799000084400177,1400.0
2024-03-01 14:05:00,GOSS,1.4299999475479126,1.4299999475479126,1.434999942779541,1.4299999475479126,1.4299999475479126,2993.0
2024-03-01 14:05:00,GRFS,7.080999851226807,7.080999851226807,7.0879998207092285,7.080999851226807,7.0879998207092285,2738.0
2024-03-01 14:05:00,GRTS,2.1549999713897705,2.1549999713897705,2.1549999713897705,2.1449999809265137,2.1449999809265137,17769.0
2024-03-01 14:05:00,GTHX,3.7499001026153564,3.7499001026153564,3.75,3.744999885559082,3.75,1658.0
2024-03-01 14:05:00,HALO,41.415000915527344,41.415000915527344,41.415000915527344,41.415000915527344,41.415000915527344,200.0
2024-03-01 14:05:00,HARP,22.950000762939453,22.950000762939453,22.950000762939453,22.950000762939453,22.950000762939453,100.0
2024-03-01 14:05:00,HCAT,8.149999618530273,8.149999618530273,8.149999618530273,8.149999618530273,8.149999618530273,224.0
2024-03-01 14:05:00,HCM,15.210000038146973,15.210000038146973,15.210000038146973,15.210000038146973,15.210000038146973,100.0
2024-03-01 14:05:00,HCTI,2.375699996948242,2.375699996948242,2.375699996948242,2.375699996948242,2.375699996948242,430.0
2024-03-01 14:05:00,HLVX,19.020000457763672,19.020000457763672,19.020000457763672,19.020000457763672,19.020000457763672,251.0
2024-03-01 14:05:00,HOLX,74.3499984741211,74.3499984741211,74.35890197753906,74.33100128173828,74.33999633789062,3481.0
2024-03-01 14:05:00,HOWL,6.960000038146973,6.960000038146973,7.039899826049805,6.960000038146973,7.039899826049805,1075.0
2024-03-01 14:05:00,HQY,81.47000122070312,81.47000122070312,81.47000122070312,81.44000244140625,81.47000122070312,579.0
2024-03-01 14:05:00,HRTX,2.559999942779541,2.559999942779541,2.5699000358581543,2.559999942779541,2.5699000358581543,11000.0
2024-03-01 14:05:00,HSIC,76.8550033569336,76.8550033569336,76.87999725341797,76.8550033569336,76.87999725341797,664.0
2024-03-01 14:05:00,HUMA,3.2850000858306885,3.2850000858306885,3.289599895477295,3.2799999713897705,3.281100034713745,10830.0
2024-03-01 14:05:00,IART,36.48500061035156,36.48500061035156,36.5099983215332,36.48500061035156,36.5099983215332,1794.0
2024-03-01 14:05:00,IBRX,4.880000114440918,4.880000114440918,4.880000114440918,4.880000114440918,4.880000114440918,207.0
2024-03-01 14:05:00,ICLR,323.4049987792969,323.4049987792969,323.4049987792969,323.4049987792969,323.4049987792969,406.0
2024-03-01 14:05:00,ICUI,106.1500015258789,106.1500015258789,106.1500015258789,106.1500015258789,106.1500015258789,117.0
2024-03-01 14:05:00,IDXX,580.02001953125,580.02001953125,580.02001953125,580.02001953125,580.02001953125,288.0
2024-03-01 14:05:00,IDYA,46.875,46.875,46.875,46.875,46.875,102.0
2024-03-01 14:05:00,IINN,1.690000057220459,1.690000057220459,1.690000057220459,1.690000057220459,1.690000057220459,169.0
2024-03-01 14:05:00,IKNA,1.4700000286102295,1.4700000286102295,1.472100019454956,1.4700000286102295,1.472100019454956,2426.0
2024-03-01 14:05:00,ILMN,142.35000610351562,142.35000610351562,142.4199981689453,142.3179931640625,142.3179931640625,1795.0
2024-03-01 14:05:00,IMMX,3.559999942779541,3.559999942779541,3.559999942779541,3.559999942779541,3.559999942779541,100.0
2024-03-01 14:05:00,IMVT,35.959999084472656,35.959999084472656,35.959999084472656,35.91999816894531,35.935001373291016,2515.0
2024-03-01 14:05:00,INAB,1.0800000429153442,1.0800000429153442,1.0800000429153442,1.0800000429153442,1.0800000429153442,15679.0
2024-03-01 14:05:00,INBX,36.619998931884766,36.619998931884766,36.619998931884766,36.619998931884766,36.619998931884766,220.0
2024-03-01 14:05:00,INCY,59.470001220703125,59.470001220703125,59.470001220703125,59.470001220703125,59.470001220703125,476.0
2024-03-01 14:05:00,INGN,6.789999961853027,6.789999961853027,6.795000076293945,6.789999961853027,6.795000076293945,1328.0
2024-03-01 14:05:00,INMD,22.885000228881836,22.885000228881836,22.898799896240234,22.885000228881836,22.898799896240234,1437.0
2024-03-01 14:05:00,INSM,28.239999771118164,28.239999771118164,28.239999771118164,28.174999237060547,28.17919921875,4455.0
2024-03-01 14:05:00,INVA,15.529999732971191,15.529999732971191,15.53499984741211,15.529999732971191,15.529999732971191,2443.0
2024-03-01 14:05:00,IONS,45.95500183105469,45.95500183105469,45.9900016784668,45.95500183105469,45.9900016784668,1750.0
2024-03-01 14:05:00,IOVA,17.040000915527344,17.040000915527344,17.059999465942383,17.030000686645508,17.059999465942383,10575.0
2024-03-01 14:05:00,IPSC,3.9200000762939453,3.9200000762939453,3.930000066757202,3.9000000953674316,3.9000000953674316,1517.0
2024-03-01 14:05:00,IRWD,9.03499984741211,9.03499984741211,9.03499984741211,9.0,9.0,47099.0
2024-03-01 14:05:00,ISRG,396.8900146484375,396.8900146484375,397.010009765625,396.8900146484375,397.0050048828125,1829.0
2024-03-01 14:05:00,ITCI,71.91999816894531,71.91999816894531,71.91999816894531,71.91999816894531,71.91999816894531,130.0
2024-03-01 14:05:00,IXHL,5.454999923706055,5.454999923706055,5.480000019073486,5.454999923706055,5.480000019073486,220.0
2024-03-01 14:05:00,JAGX,0.0771000012755394,0.0771000012755394,0.07720000296831131,0.07689999788999557,0.07689999788999557,67309.0
2024-03-01 14:05:00,JANX,46.310001373291016,46.310001373291016,46.310001373291016,46.310001373291016,46.310001373291016,588.0
2024-03-01 14:05:00,JSPR,21.399999618530273,21.399999618530273,21.399999618530273,21.260000228881836,21.260000228881836,603.0
2024-03-01 14:05:00,KALV,14.149999618530273,14.149999618530273,14.15999984741211,14.103300094604492,14.130000114440918,5538.0
2024-03-01 14:05:00,KNSA,21.799999237060547,21.799999237060547,21.825000762939453,21.799999237060547,21.825000762939453,411.0
2024-03-01 14:05:00,KOD,6.070000171661377,6.070000171661377,6.074999809265137,6.070000171661377,6.070000171661377,2383.0
2024-03-01 14:05:00,KPRX,0.6477000117301941,0.6477000117301941,0.6477000117301941,0.6463000178337097,0.6463000178337097,600.0
2024-03-01 14:05:00,KPTI,1.1799999475479126,1.1799999475479126,1.1799999475479126,1.1749999523162842,1.1749999523162842,335.0
2024-03-01 14:05:00,KRMD,2.130000114440918,2.130000114440918,2.1600000858306885,2.130000114440918,2.1500000953674316,3082.0
2024-03-01 14:05:00,KROS,69.87999725341797,69.87999725341797,69.87999725341797,69.87999725341797,69.87999725341797,228.0
2024-03-01 14:05:00,KRYS,169.1199951171875,169.1199951171875,169.1199951171875,169.1199951171875,169.1199951171875,110.0
2024-03-01 14:05:00,KTRA,0.10119999945163727,0.10119999945163727,0.10170000046491623,0.10100000351667404,0.10100000351667404,2283.0
2024-03-01 14:05:00,KURA,21.8700008392334,21.8700008392334,21.8700008392334,21.84000015258789,21.860000610351562,1492.0
2024-03-01 14:05:00,KYMR,43.96500015258789,43.96500015258789,43.96500015258789,43.96500015258789,43.96500015258789,198.0
2024-03-01 14:05:00,KZR,1.0850000381469727,1.0850000381469727,1.090000033378601,1.0800000429153442,1.090000033378601,4920.0
2024-03-01 14:05:00,LBPH,21.81999969482422,21.81999969482422,21.81999969482422,21.81999969482422,21.81999969482422,717.0
2024-03-01 14:05:00,LEGN,65.63999938964844,65.63999938964844,65.63999938964844,65.63999938964844,65.63999938964844,223.0
2024-03-01 14:05:00,LEXX,2.8301000595092773,2.8301000595092773,2.8301000595092773,2.8301000595092773,2.8301000595092773,401.0
2024-03-01 14:05:00,LFMD,7.960000038146973,7.960000038146973,7.980000019073486,7.949999809265137,7.980000019073486,3308.0
2024-03-01 14:05:00,LFST,7.730000019073486,7.730000019073486,7.730000019073486,7.730000019073486,7.730000019073486,293.0
2024-03-01 14:05:00,LIVN,55.900001525878906,55.900001525878906,55.900001525878906,55.900001525878906,55.900001525878906,510.0
2024-03-01 14:05:00,LNTH,64.91000366210938,64.91000366210938,65.05999755859375,64.91000366210938,65.05999755859375,3918.0
2024-03-01 14:05:00,LPTX,2.940000057220459,2.940000057220459,2.940000057220459,2.911900043487549,2.911900043487549,1665.0
2024-03-01 14:05:00,LQDA,14.729999542236328,14.729999542236328,14.729999542236328,14.729999542236328,14.729999542236328,528.0
2024-03-01 14:05:00,LVTX,2.7899999618530273,2.7899999618530273,2.7899999618530273,2.7699999809265137,2.7699999809265137,953.0
2024-03-01 14:05:00,LXRX,2.515000104904175,2.515000104904175,2.515000104904175,2.515000104904175,2.515000104904175,1044.0
2024-03-01 14:05:00,LYEL,3.190000057220459,3.190000057220459,3.190000057220459,3.190000057220459,3.190000057220459,141.0
2024-03-01 14:05:00,LYRA,5.619999885559082,5.619999885559082,5.639999866485596,5.610000133514404,5.619999885559082,3384.0
2024-03-01 14:05:00,MACK,14.699999809265137,14.699999809265137,14.710000038146973,14.699999809265137,14.710000038146973,794.0
2024-03-01 14:05:00,MASI,128.27000427246094,128.27000427246094,128.3300018310547,128.27000427246094,128.3300018310547,915.0
2024-03-01 14:05:00,MCRB,1.2201000452041626,1.2201000452041626,1.2300000190734863,1.2000000476837158,1.2050000429153442,100018.0
2024-03-01 14:05:00,MDRX,5.980000019073486,5.980000019073486,5.980000019073486,5.980000019073486,5.980000019073486,41183.0
2024-03-01 14:05:00,MDXG,8.614999771118164,8.614999771118164,8.619999885559082,8.614999771118164,8.619999885559082,218.0
2024-03-01 14:05:00,ME,0.5691999793052673,0.5691999793052673,0.5702000260353088,0.5691999793052673,0.5691999793052673,23021.0
2024-03-01 14:05:00,MGNX,19.290000915527344,19.290000915527344,19.290000915527344,19.23979949951172,19.23979949951172,4078.0
2024-03-01 14:05:00,MIRM,29.670000076293945,29.670000076293945,29.670000076293945,29.670000076293945,29.670000076293945,149.0
2024-03-01 14:05:00,MLTX,50.97999954223633,50.97999954223633,51.029998779296875,50.97999954223633,51.029998779296875,2562.0
2024-03-01 14:05:00,MMSI,76.25,76.25,76.25,76.25,76.25,249.0
2024-03-01 14:05:00,MNKD,4.525000095367432,4.525000095367432,4.53000020980835,4.52209997177124,4.53000020980835,7737.0
2024-03-01 14:05:00,MNMD,6.240900039672852,6.240900039672852,6.249899864196777,6.239999771118164,6.249899864196777,4277.0
2024-03-01 14:05:00,MODD,1.8849999904632568,1.8849999904632568,1.8849999904632568,1.8849999904632568,1.8849999904632568,200.0
2024-03-01 14:05:00,MODV,28.010000228881836,28.010000228881836,28.010000228881836,28.010000228881836,28.010000228881836,699.0
2024-03-01 14:05:00,MOR,17.540000915527344,17.540000915527344,17.545000076293945,17.540000915527344,17.545000076293945,602.0
2024-03-01 14:05:00,MREO,3.9749999046325684,3.9749999046325684,3.984999895095825,3.9749999046325684,3.984999895095825,2498.0
2024-03-01 14:05:00,MRNA,95.20999908447266,95.20999908447266,95.26529693603516,95.18000030517578,95.20999908447266,2204.0
2024-03-01 14:05:00,MRNS,10.40999984741211,10.40999984741211,10.40999984741211,10.399999618530273,10.399999618530273,673.0
2024-03-01 14:05:00,MRSN,5.960000038146973,5.960000038146973,5.965000152587891,5.945000171661377,5.960000038146973,9548.0
2024-03-01 14:05:00,MRUS,51.29999923706055,51.29999923706055,51.29999923706055,51.25,51.275001525878906,582.0
2024-03-01 14:05:00,MRVI,7.760000228881836,7.760000228881836,7.764999866485596,7.760000228881836,7.764999866485596,300.0
2024-03-01 14:05:00,MTEM,3.700000047683716,3.700000047683716,3.700000047683716,3.700000047683716,3.700000047683716,200.0
2024-03-01 14:05:00,MXCT,4.755000114440918,4.755000114440918,4.755000114440918,4.755000114440918,4.755000114440918,231.0
2024-03-01 14:05:00,MYGN,22.110000610351562,22.110000610351562,22.110000610351562,22.059999465942383,22.079999923706055,4167.0
2024-03-01 14:05:00,NARI,45.4900016784668,45.4900016784668,45.6349983215332,45.404998779296875,45.6349983215332,7877.0
2024-03-01 14:05:00,NEO,16.125,16.125,16.125,16.125,16.125,219.0
2024-03-01 14:05:00,NEOG,17.43000030517578,17.43000030517578,17.440000534057617,17.43000030517578,17.440000534057617,1324.0
2024-03-01 14:05:00,NGM,1.5199999809265137,1.5199999809265137,1.5299999713897705,1.5199999809265137,1.5199999809265137,44126.0
2024-03-01 14:05:00,NKTR,0.7799000144004822,0.7799000144004822,0.7799000144004822,0.7768999934196472,0.7797999978065491,1356.0
2024-03-01 14:05:00,NKTX,12.899999618530273,12.899999618530273,12.899999618530273,12.880000114440918,12.880000114440918,2339.0
2024-03-01 14:05:00,NNOX,10.960000038146973,10.960000038146973,10.96500015258789,10.960000038146973,10.960000038146973,924.0
2024-03-01 14:05:00,NRBO,6.079999923706055,6.079999923706055,6.079999923706055,6.034999847412109,6.039999961853027,1975.0
2024-03-01 14:05:00,NRIX,13.8100004196167,13.8100004196167,13.8100004196167,13.789999961853027,13.789999961853027,1500.0
2024-03-01 14:05:00,NRSN,2.0000998973846436,2.0000998973846436,2.0100998878479004,2.0,2.009999990463257,10500.0
2024-03-01 14:05:00,NTLA,33.46770095825195,33.46770095825195,33.48500061035156,33.46770095825195,33.48249816894531,1384.0
2024-03-01 14:05:00,NTRA,89.08999633789062,89.08999633789062,89.12000274658203,89.06999969482422,89.06999969482422,4590.0
2024-03-01 14:05:00,NUTX,0.11330000311136246,0.11330000311136246,0.11389999836683273,0.11270000040531158,0.1128000020980835,7954.0
2024-03-01 14:05:00,NUVL,87.80999755859375,87.80999755859375,87.97000122070312,87.80999755859375,87.97000122070312,476.0
2024-03-01 14:05:00,NVAX,5.215000152587891,5.215000152587891,5.219699859619141,5.215000152587891,5.219699859619141,657.0
2024-03-01 14:05:00,NXTC,1.7699999809265137,1.7699999809265137,1.784999966621399,1.7699999809265137,1.784999966621399,2600.0
2024-03-01 14:05:00,OCGN,0.960099995136261,0.960099995136261,0.9613000154495239,0.960099995136261,0.9613000154495239,8400.0
2024-03-01 14:05:00,OCUL,10.779999732971191,10.779999732971191,10.779999732971191,10.770000457763672,10.770000457763672,3144.0
2024-03-01 14:05:00,OFIX,12.949999809265137,12.949999809265137,12.949999809265137,12.949999809265137,12.949999809265137,429.0
2024-03-01 14:05:00,OGI,2.17549991607666,2.17549991607666,2.17549991607666,2.170099973678589,2.170099973678589,422.0
2024-03-01 14:05:00,OKYO,1.4842000007629395,1.4842000007629395,1.4850000143051147,1.4800000190734863,1.4850000143051147,429.0
2024-03-01 14:05:00,OLMA,15.0,15.0,15.050000190734863,14.920000076293945,15.0,12548.0
2024-03-01 14:05:00,OMCL,26.3799991607666,26.3799991607666,26.3799991607666,26.3799991607666,26.3799991607666,613.0
2024-03-01 14:05:00,OMGA,4.409999847412109,4.409999847412109,4.409999847412109,4.380000114440918,4.3907999992370605,8121.0
2024-03-01 14:05:00,ONVO,1.0099999904632568,1.0099999904632568,1.0099999904632568,1.0099999904632568,1.0099999904632568,1003.0
2024-03-01 14:06:00,AADI,1.9950000047683716,1.9950000047683716,2.0,1.9950000047683716,2.0,283.0
2024-03-01 14:06:00,ABCL,5.164999961853027,5.164999961853027,5.179999828338623,5.164999961853027,5.179999828338623,3579.0
2024-03-01 14:06:00,ABOS,4.599999904632568,4.599999904632568,4.599999904632568,4.599999904632568,4.599999904632568,809.0
2024-03-01 14:06:00,ABSI,5.46999979019165,5.46999979019165,5.480000019073486,5.460000038146973,5.480000019073486,5907.0
2024-03-01 14:06:00,ABUS,2.744999885559082,2.744999885559082,2.744999885559082,2.740000009536743,2.744999885559082,3049.0
2024-03-01 14:06:00,ACAD,24.260000228881836,24.260000228881836,24.290000915527344,24.260000228881836,24.290000915527344,3361.0
2024-03-01 14:06:00,ACB,3.200000047683716,3.200000047683716,3.2195000648498535,3.190000057220459,3.2195000648498535,20147.0
2024-03-01 14:06:00,ACCD,10.100000381469727,10.100000381469727,10.100000381469727,10.100000381469727,10.100000381469727,975.0
2024-03-01 14:06:00,ACET,2.4000000953674316,2.4000000953674316,2.4000000953674316,2.3949999809265137,2.3949999809265137,813.0
2024-03-01 14:06:00,ACHC,84.4000015258789,84.4000015258789,84.47750091552734,84.4000015258789,84.45999908447266,1740.0
2024-03-01 14:06:00,ACHV,4.360000133514404,4.360000133514404,4.360000133514404,4.349999904632568,4.349999904632568,200.0
2024-03-01 14:06:00,ACIU,3.9800000190734863,3.9800000190734863,3.9800000190734863,3.930000066757202,3.9303998947143555,3480.0
2024-03-01 14:06:00,ACLX,68.04499816894531,68.04499816894531,68.04499816894531,68.04499816894531,68.04499816894531,103.0
2024-03-01 14:06:00,ACRS,1.2300000190734863,1.2300000190734863,1.2400000095367432,1.2300000190734863,1.2300000190734863,428.0
2024-03-01 14:06:00,ADAG,3.240000009536743,3.240000009536743,3.240000009536743,3.2200000286102295,3.2200000286102295,732.0
2024-03-01 14:06:00,ADIL,3.3301000595092773,3.3301000595092773,3.349299907684326,3.299999952316284,3.309999942779541,50338.0
2024-03-01 14:06:00,ADMA,5.545000076293945,5.545000076293945,5.559899806976318,5.545000076293945,5.554999828338623,5200.0
2024-03-01 14:06:00,ADPT,4.105000019073486,4.105000019073486,4.105000019073486,4.105000019073486,4.105000019073486,101.0
2024-03-01 14:06:00,ADVM,1.9800000190734863,1.9800000190734863,1.9800000190734863,1.9700000286102295,1.975000023841858,900.0
2024-03-01 14:06:00,AFMD,0.6499999761581421,0.6499999761581421,0.6499999761581421,0.6499999761581421,0.6499999761581421,7696.0
2024-03-01 14:06:00,AGEN,0.6718999743461609,0.6718999743461609,0.6719989776611328,0.6718999743461609,0.6719989776611328,8786.0
2024-03-01 14:06:00,AGIO,32.79999923706055,32.79999923706055,32.814998626708984,32.79999923706055,32.8109016418457,655.0
2024-03-01 14:06:00,AHCO,10.53499984741211,10.53499984741211,10.54319953918457,10.53499984741211,10.54319953918457,2883.0
2024-03-01 14:06:00,AIH,0.5055999755859375,0.5055999755859375,0.5055999755859375,0.5055999755859375,0.5055999755859375,100.0
2024-03-01 14:06:00,AIRS,6.460000038146973,6.460000038146973,6.4679999351501465,6.460000038146973,6.4679999351501465,573.0
2024-03-01 14:06:00,AKAN,0.20999999344348907,0.20999999344348907,0.21310000121593475,0.20999999344348907,0.21310000121593475,4192.0
2024-03-01 14:06:00,AKBA,1.6799999475479126,1.6799999475479126,1.6875,1.6799999475479126,1.6875,402.0
2024-03-01 14:06:00,AKLI,0.35510000586509705,0.35510000586509705,0.35510000586509705,0.35510000586509705,0.35510000586509705,231.0
2024-03-01 14:06:00,AKRO,29.940000534057617,29.940000534057617,30.049999237060547,29.940000534057617,30.049999237060547,30878.0
2024-03-01 14:06:00,ALDX,4.315000057220459,4.315000057220459,4.320000171661377,4.309999942779541,4.320000171661377,4254.0
2024-03-01 14:06:00,ALEC,7.380000114440918,7.380000114440918,7.389999866485596,7.380000114440918,7.389999866485596,1122.0
2024-03-01 14:06:00,ALGN,303.1700134277344,303.1700134277344,303.1700134277344,303.1700134277344,303.1700134277344,700.0
2024-03-01 14:06:00,ALHC,5.664999961853027,5.664999961853027,5.670000076293945,5.664999961853027,5.670000076293945,907.0
2024-03-01 14:06:00,ALKS,30.264999389648438,30.264999389648438,30.264999389648438,30.2450008392334,30.2450008392334,4396.0
2024-03-01 14:06:00,ALLK,1.6649999618530273,1.6649999618530273,1.6699999570846558,1.6649999618530273,1.6649999618530273,700.0
2024-03-01 14:06:00,ALLO,5.034999847412109,5.034999847412109,5.039999961853027,5.034999847412109,5.039999961853027,3968.0
2024-03-01 14:06:00,ALNY,153.19000244140625,153.19000244140625,153.19000244140625,153.19000244140625,153.19000244140625,770.0
2024-03-01 14:06:00,ALPN,35.904998779296875,35.904998779296875,35.90999984741211,35.88999938964844,35.90999984741211,1541.0
2024-03-01 14:06:00,ALT,12.135000228881836,12.135000228881836,12.15999984741211,12.130000114440918,12.15999984741211,9304.0
2024-03-01 14:06:00,ALVR,0.7544370293617249,0.7544370293617249,0.7544370293617249,0.7544000148773193,0.7544000148773193,613.0
2024-03-01 14:06:00,AMGN,281.0,281.0,281.010009765625,280.92999267578125,281.0,4472.0
2024-03-01 14:06:00,AMLX,18.65999984741211,18.65999984741211,18.65999984741211,18.649999618530273,18.659700393676758,2880.0
2024-03-01 14:06:00,AMPH,45.48609924316406,45.48609924316406,45.5,45.474998474121094,45.5,1315.0
2024-03-01 14:06:00,AMRN,1.0549999475479126,1.0549999475479126,1.059999942779541,1.0499999523162842,1.0549999475479126,1982.0
2024-03-01 14:06:00,ANAB,25.389999389648438,25.389999389648438,25.389999389648438,25.389999389648438,25.389999389648438,290.0
2024-03-01 14:06:00,ANGO,5.519999980926514,5.519999980926514,5.519999980926514,5.519999980926514,5.519999980926514,108.0
2024-03-01 14:06:00,ANIP,66.79060363769531,66.79060363769531,66.81500244140625,66.79060363769531,66.81500244140625,325.0
2024-03-01 14:06:00,ANNX,6.090000152587891,6.090000152587891,6.170000076293945,6.090000152587891,6.170000076293945,20662.0
2024-03-01 14:06:00,APLS,64.77999877929688,64.77999877929688,64.86000061035156,64.77999877929688,64.86000061035156,2205.0
2024-03-01 14:06:00,APLT,7.125,7.125,7.139999866485596,7.110000133514404,7.125,3068.0
2024-03-01 14:06:00,AQST,4.21999979019165,4.21999979019165,4.21999979019165,4.21999979019165,4.21999979019165,2178.0
2024-03-01 14:06:00,ARCT,39.650001525878906,39.650001525878906,39.65999984741211,39.625,39.64500045776367,705.0
2024-03-01 14:06:00,ARDX,9.470000267028809,9.470000267028809,9.475000381469727,9.46500015258789,9.470000267028809,5262.0
2024-03-01 14:06:00,ARGX,391.9700012207031,391.9700012207031,391.9700012207031,391.9700012207031,391.9700012207031,1105.0
2024-03-01 14:06:00,ARQT,11.6899995803833,11.6899995803833,11.760000228881836,11.6899995803833,11.760000228881836,7351.0
2024-03-01 14:06:00,ARVN,48.88999938964844,48.88999938964844,48.89500045776367,48.86000061035156,48.88999938964844,1597.0
2024-03-01 14:06:00,ARWR,35.63999938964844,35.63999938964844,35.685001373291016,35.63999938964844,35.685001373291016,1303.0
2024-03-01 14:06:00,ASLN,0.7448999881744385,0.7448999881744385,0.7448999881744385,0.7448999881744385,0.7448999881744385,202.0
2024-03-01 14:06:00,ASND,152.49000549316406,152.49000549316406,152.49000549316406,152.49000549316406,152.49000549316406,245.0
2024-03-01 14:06:00,ASRT,0.9075000286102295,0.9075000286102295,0.9100000262260437,0.9075000286102295,0.9100000262260437,620.0
2024-03-01 14:06:00,ATAI,2.150599956512451,2.150599956512451,2.150599956512451,2.1500000953674316,2.1500000953674316,286.0
2024-03-01 14:06:00,ATEC,13.454999923706055,13.454999923706055,13.454999923706055,13.449999809265137,13.449999809265137,1549.0
2024-03-01 14:06:00,ATHA,3.9800000190734863,3.9800000190734863,3.9800000190734863,3.9800000190734863,3.9800000190734863,197.0
2024-03-01 14:06:00,ATRA,0.7901999950408936,0.7901999950408936,0.7914999723434448,0.7901999950408936,0.7914999723434448,5300.0
2024-03-01 14:06:00,ATRC,36.0099983215332,36.0099983215332,36.0099983215332,36.0099983215332,36.0099983215332,328.0
2024-03-01 14:06:00,ATXS,14.699999809265137,14.699999809265137,14.720000267028809,14.699999809265137,14.720000267028809,788.0
2024-03-01 14:06:00,AUGX,4.550000190734863,4.550000190734863,4.559999942779541,4.550000190734863,4.559999942779541,576.0
2024-03-01 14:06:00,AUPH,5.824999809265137,5.824999809265137,5.829999923706055,5.824999809265137,5.829999923706055,9678.0
2024-03-01 14:06:00,AURA,9.319999694824219,9.319999694824219,9.319999694824219,9.319999694824219,9.319999694824219,201.0
2024-03-01 14:06:00,AVDL,13.180000305175781,13.180000305175781,13.199999809265137,13.175000190734863,13.175000190734863,7211.0
2024-03-01 14:06:00,AVIR,4.480000019073486,4.480000019073486,4.480000019073486,4.480000019073486,4.480000019073486,765.0
2024-03-01 14:06:00,AVRO,1.340000033378601,1.340000033378601,1.340000033378601,1.340000033378601,1.340000033378601,200.0
2024-03-01 14:06:00,AXGN,10.545000076293945,10.545000076293945,10.545000076293945,10.545000076293945,10.545000076293945,100.0
2024-03-01 14:06:00,AXNX,67.58499908447266,67.58499908447266,67.58499908447266,67.58499908447266,67.58499908447266,130.0
2024-03-01 14:06:00,AZN,64.69499969482422,64.69499969482422,64.70999908447266,64.69499969482422,64.70999908447266,3700.0
2024-03-01 14:06:00,AZTA,66.97000122070312,66.97000122070312,66.9800033569336,66.97000122070312,66.9800033569336,1528.0
2024-03-01 14:06:00,BBIO,35.95000076293945,35.95000076293945,35.974998474121094,35.93000030517578,35.974998474121094,1413.0
2024-03-01 14:06:00,BBLG,2.3499999046325684,2.3499999046325684,2.3499999046325684,2.3499999046325684,2.3499999046325684,592.0
2024-03-01 14:06:00,BCRX,5.699999809265137,5.699999809265137,5.699999809265137,5.690000057220459,5.690000057220459,662.0
2024-03-01 14:06:00,BCTX,3.5599000453948975,3.5599000453948975,3.5599000453948975,3.5599000453948975,3.5599000453948975,100.0
2024-03-01 14:06:00,BDSX,1.600000023841858,1.600000023841858,1.600000023841858,1.600000023841858,1.600000023841858,248.0
2024-03-01 14:06:00,BDTX,4.860000133514404,4.860000133514404,4.910099983215332,4.860000133514404,4.909999847412109,38497.0
2024-03-01 14:06:00,BEAM,39.96500015258789,39.96500015258789,39.9900016784668,39.910099029541016,39.974998474121094,1928.0
2024-03-01 14:06:00,BGNE,167.3000030517578,167.3000030517578,167.3000030517578,167.3000030517578,167.3000030517578,806.0
2024-03-01 14:06:00,BIIB,221.5399932861328,221.5399932861328,221.5399932861328,221.5399932861328,221.5399932861328,458.0
2024-03-01 14:06:00,BIOL,0.14489999413490295,0.14489999413490295,0.14489999413490295,0.14480000734329224,0.14480000734329224,5857.0
2024-03-01 14:06:00,BIOR,1.090000033378601,1.090000033378601,1.100000023841858,1.090000033378601,1.100000023841858,4219.0
2024-03-01 14:06:00,BIVI,2.069999933242798,2.069999933242798,2.1075000762939453,2.069999933242798,2.1075000762939453,22248.0
2024-03-01 14:06:00,BLFS,18.139999389648438,18.139999389648438,18.200000762939453,18.1200008392334,18.190000534057617,1264.0
2024-03-01 14:06:00,BLUE,1.6050000190734863,1.6050000190734863,1.6050000190734863,1.6049000024795532,1.6050000190734863,4563.0
2024-03-01 14:06:00,BMEA,18.2549991607666,18.2549991607666,18.2549991607666,18.170000076293945,18.170000076293945,5777.0
2024-03-01 14:06:00,BMRN,88.1500015258789,88.1500015258789,88.1500015258789,88.12000274658203,88.12000274658203,1361.0
2024-03-01 14:06:00,BNR,0.8194500207901001,0.8194500207901001,0.8199999928474426,0.8194500207901001,0.8199999928474426,400.0
2024-03-01 14:06:00,BNTX,91.04000091552734,91.04000091552734,91.04000091552734,91.04000091552734,91.04000091552734,232.0
2024-03-01 14:06:00,BOLT,1.2000999450683594,1.2000999450683594,1.2000999450683594,1.2000999450683594,1.2000999450683594,100.0
2024-03-01 14:06:00,BPMC,96.66999816894531,96.66999816894531,96.69999694824219,96.66999816894531,96.69999694824219,829.0
2024-03-01 14:06:00,BRKR,88.44999694824219,88.44999694824219,88.4800033569336,88.44999694824219,88.4800033569336,1202.0
2024-03-01 14:06:00,BTAI,3.184999942779541,3.184999942779541,3.184999942779541,3.180000066757202,3.184999942779541,583.0
2024-03-01 14:06:00,BTTX,0.18479900062084198,0.18479900062084198,0.18479999899864197,0.1843000054359436,0.18479999899864197,2366.0
2024-03-01 14:06:00,CABA,24.100000381469727,24.100000381469727,24.100000381469727,24.100000381469727,24.100000381469727,309.0
2024-03-01 14:06:00,CAPR,4.510000228881836,4.510000228881836,4.519999980926514,4.494999885559082,4.494999885559082,928.0
2024-03-01 14:06:00,CARA,0.9265000224113464,0.9265000224113464,0.9265000224113464,0.9265000224113464,0.9265000224113464,142.0
2024-03-01 14:06:00,CBAY,32.22999954223633,32.22999954223633,32.2400016784668,32.22999954223633,32.23500061035156,18694.0
2024-03-01 14:06:00,CCCC,10.970000267028809,10.970000267028809,10.989999771118164,10.970000267028809,10.989999771118164,1447.0
2024-03-01 14:06:00,CDMO,8.109999656677246,8.109999656677246,8.109999656677246,8.104999542236328,8.109999656677246,1942.0
2024-03-01 14:06:00,CDNA,12.600000381469727,12.600000381469727,12.600000381469727,12.5649995803833,12.569999694824219,2709.0
2024-03-01 14:06:00,CDXS,4.554999828338623,4.554999828338623,4.565000057220459,4.554999828338623,4.559999942779541,794.0
2024-03-01 14:06:00,CELC,16.799999237060547,16.799999237060547,16.799999237060547,16.799999237060547,16.799999237060547,100.0
2024-03-01 14:06:00,CERE,41.099998474121094,41.099998474121094,41.10499954223633,41.099998474121094,41.10499954223633,1663.0
2024-03-01 14:06:00,CERS,2.180000066757202,2.180000066757202,2.1875,2.180000066757202,2.1875,702.0
2024-03-01 14:06:00,CERT,17.889999389648438,17.889999389648438,17.90999984741211,17.8700008392334,17.8700008392334,6282.0
2024-03-01 14:06:00,CGC,3.234999895095825,3.234999895095825,3.234999895095825,3.2300000190734863,3.234999895095825,946.0
2024-03-01 14:06:00,CGEM,18.579999923706055,18.579999923706055,18.579999923706055,18.579999923706055,18.579999923706055,251.0
2024-03-01 14:06:00,CHRS,2.4100000858306885,2.4100000858306885,2.4100000858306885,2.4100000858306885,2.4100000858306885,1195.0
2024-03-01 14:06:00,CKPT,2.190000057220459,2.190000057220459,2.2049999237060547,2.190000057220459,2.2049999237060547,1806.0
2024-03-01 14:06:00,CLDX,51.959999084472656,51.959999084472656,51.970001220703125,51.720001220703125,51.834999084472656,8681.0
2024-03-01 14:06:00,CLNN,0.38999998569488525,0.38999998569488525,0.39100000262260437,0.38999998569488525,0.39100000262260437,9622.0
2024-03-01 14:06:00,CLOV,0.8701000213623047,0.8701000213623047,0.8736000061035156,0.8700000047683716,0.8736000061035156,67000.0
2024-03-01 14:06:00,CLPT,6.650000095367432,6.650000095367432,6.650000095367432,6.650000095367432,6.650000095367432,157.0
2024-03-01 14:06:00,CLRB,4.09499979019165,4.09499979019165,4.099999904632568,4.09499979019165,4.099999904632568,4016.0
2024-03-01 14:06:00,CMPS,11.399999618530273,11.399999618530273,11.399999618530273,11.380000114440918,11.380000114440918,718.0
2024-03-01 14:06:00,CNTA,10.899999618530273,10.899999618530273,10.899999618530273,10.899999618530273,10.899999618530273,131.0
2024-03-01 14:06:00,COGT,7.195000171661377,7.195000171661377,7.195000171661377,7.195000171661377,7.195000171661377,288.0
2024-03-01 14:06:00,CORT,24.40999984741211,24.40999984741211,24.420000076293945,24.40999984741211,24.420000076293945,1653.0
2024-03-01 14:06:00,CPRX,17.454999923706055,17.454999923706055,17.46500015258789,17.45159912109375,17.46500015258789,2919.0
2024-03-01 14:06:00,CPSI,9.489999771118164,9.489999771118164,9.5,9.489999771118164,9.489999771118164,1424.0
2024-03-01 14:06:00,CRBU,7.880000114440918,7.880000114440918,7.880000114440918,7.869999885559082,7.875,1108.0
2024-03-01 14:06:00,CRDF,2.3986001014709473,2.3986001014709473,2.4000000953674316,2.390000104904175,2.390899896621704,8248.0
2024-03-01 14:06:00,CRNX,46.560001373291016,46.560001373291016,46.560001373291016,46.52000045776367,46.52000045776367,843.0
2024-03-01 14:06:00,CRON,2.0450000762939453,2.0450000762939453,2.049999952316284,2.0450000762939453,2.049999952316284,1210.0
2024-03-01 14:06:00,CRSP,85.57160186767578,85.57160186767578,85.6500015258789,85.55000305175781,85.61000061035156,1235.0
2024-03-01 14:06:00,CSTL,19.969999313354492,19.969999313354492,19.969999313354492,19.969999313354492,19.969999313354492,434.0
2024-03-01 14:06:00,CTKB,9.020000457763672,9.020000457763672,9.029999732971191,9.020000457763672,9.029999732971191,3498.0
2024-03-01 14:06:00,CTMX,2.5899999141693115,2.5899999141693115,2.5999999046325684,2.5899999141693115,2.5999999046325684,3179.0
2024-03-01 14:06:00,CUTR,2.390000104904175,2.390000104904175,2.390000104904175,2.390000104904175,2.390000104904175,112.0
2024-03-01 14:06:00,CVAC,3.4760000705718994,3.4760000705718994,3.4760000705718994,3.4760000705718994,3.4760000705718994,209.0
2024-03-01 14:06:00,CYCC,2.8566999435424805,2.8566999435424805,2.8566999435424805,2.8566999435424805,2.8566999435424805,252.0
2024-03-01 14:06:00,CYTK,72.9749984741211,72.9749984741211,73.11000061035156,72.95999908447266,73.11000061035156,3082.0
2024-03-01 14:06:00,DAWN,17.6200008392334,17.6200008392334,17.6299991607666,17.6200008392334,17.6299991607666,1327.0
2024-03-01 14:06:00,DCGO,4.170000076293945,4.170000076293945,4.179999828338623,4.170000076293945,4.179999828338623,3101.0
2024-03-01 14:06:00,DH,8.859999656677246,8.859999656677246,8.859999656677246,8.859999656677246,8.859999656677246,100.0
2024-03-01 14:06:00,DMTK,0.8442999720573425,0.8442999720573425,0.8465999960899353,0.8399999737739563,0.8465999960899353,2766.0
2024-03-01 14:06:00,DNLI,21.19499969482422,21.19499969482422,21.25,21.19499969482422,21.25,2619.0
2024-03-01 14:06:00,DSGN,2.8949999809265137,2.8949999809265137,2.9000000953674316,2.890000104904175,2.9000000953674316,2522.0
2024-03-01 14:06:00,DTIL,12.489999771118164,12.489999771118164,12.5,12.390000343322754,12.390000343322754,9257.0
2024-03-01 14:06:00,DVAX,12.885000228881836,12.885000228881836,12.890000343322754,12.880000114440918,12.890000343322754,3529.0
2024-03-01 14:06:00,DXCM,121.87999725341797,121.87999725341797,121.9000015258789,121.79000091552734,121.79000091552734,5753.0
2024-03-01 14:06:00,DYN,28.579999923706055,28.579999923706055,28.665000915527344,28.579999923706055,28.665000915527344,2661.0
2024-03-01 14:06:00,EDIT,10.875,10.875,10.880000114440918,10.875,10.880000114440918,510.0
2024-03-01 14:06:00,EGRX,6.710000038146973,6.710000038146973,6.710000038146973,6.710000038146973,6.710000038146973,1129.0
2024-03-01 14:06:00,ELEV,5.079999923706055,5.079999923706055,5.079999923706055,5.079999923706055,5.079999923706055,1054.0
2024-03-01 14:06:00,EMBC,14.329999923706055,14.329999923706055,14.34000015258789,14.329999923706055,14.34000015258789,763.0
2024-03-01 14:06:00,ENTA,15.40999984741211,15.40999984741211,15.460000038146973,15.399999618530273,15.460000038146973,1244.0
2024-03-01 14:06:00,ENVB,1.5119999647140503,1.5119999647140503,1.5299999713897705,1.5119999647140503,1.5199999809265137,3480.0
2024-03-01 14:06:00,EOLS,14.84000015258789,14.84000015258789,14.84000015258789,14.829999923706055,14.829999923706055,916.0
2024-03-01 14:06:00,EQ,2.4800000190734863,2.4800000190734863,2.4800000190734863,2.4800000190734863,2.4800000190734863,269.0
2024-03-01 14:06:00,ERAS,2.509999990463257,2.509999990463257,2.515000104904175,2.509999990463257,2.515000104904175,472.0
2024-03-01 14:06:00,ESPR,2.5399999618530273,2.5399999618530273,2.5450000762939453,2.5399999618530273,2.5450000762939453,866.0
2024-03-01 14:06:00,ESTA,44.90999984741211,44.90999984741211,44.90999984741211,44.78499984741211,44.78499984741211,225.0
2024-03-01 14:06:00,ETNB,12.960000038146973,12.960000038146973,12.960000038146973,12.930000305175781,12.9306001663208,4642.0
2024-03-01 14:06:00,EVGN,0.9549999833106995,0.9549999833106995,0.9799000024795532,0.9399999976158142,0.9799000024795532,33913.0
2024-03-01 14:06:00,EWTX,17.0,17.0,17.0,17.0,17.0,7822.0
2024-03-01 14:06:00,EXAS,59.9900016784668,59.9900016784668,60.165000915527344,59.95000076293945,60.165000915527344,14537.0
2024-03-01 14:06:00,EXEL,22.5,22.5,22.510000228881836,22.479999542236328,22.479999542236328,14098.0
2024-03-01 14:06:00,EYEN,2.375,2.375,2.375,2.375,2.375,113.0
2024-03-01 14:06:00,EYPT,27.969999313354492,27.969999313354492,27.969999313354492,27.969999313354492,27.969999313354492,407.0
2024-03-01 14:06:00,FATE,7.731100082397461,7.731100082397461,7.735000133514404,7.730000019073486,7.730000019073486,1563.0
2024-03-01 14:06:00,FDMT,29.3700008392334,29.3700008392334,29.3700008392334,29.290000915527344,29.315000534057617,6042.0
2024-03-01 14:06:00,FEMY,1.7549999952316284,1.7549999952316284,1.7549999952316284,1.7549999952316284,1.7549999952316284,241.0
2024-03-01 14:06:00,FLGT,23.274999618530273,23.274999618530273,23.274999618530273,23.274999618530273,23.274999618530273,161.0
2024-03-01 14:06:00,FOLD,13.40999984741211,13.40999984741211,13.40999984741211,13.40999984741211,13.40999984741211,1821.0
2024-03-01 14:06:00,FULC,11.0,11.0,11.0,10.994999885559082,10.994999885559082,1283.0
2024-03-01 14:06:00,FUSN,12.244999885559082,12.244999885559082,12.270000457763672,12.244999885559082,12.244999885559082,528.0
2024-03-01 14:06:00,FWBI,8.699999809265137,8.699999809265137,8.699999809265137,8.6899995803833,8.699899673461914,1918.0
2024-03-01 14:06:00,GBIO,2.619999885559082,2.619999885559082,2.619999885559082,2.619999885559082,2.619999885559082,198.0
2024-03-01 14:06:00,GDRX,8.34000015258789,8.34000015258789,8.345000267028809,8.34000015258789,8.34000015258789,1218.0
2024-03-01 14:06:00,GENE,2.259999990463257,2.259999990463257,2.259999990463257,2.259999990463257,2.259999990463257,4714.0
2024-03-01 14:06:00,GERN,2.2750000953674316,2.2750000953674316,2.2750000953674316,2.2699999809265137,2.2750000953674316,4853.0
2024-03-01 14:06:00,GH,19.100000381469727,19.100000381469727,19.104999542236328,19.094999313354492,19.104999542236328,1614.0
2024-03-01 14:06:00,GILD,72.45999908447266,72.45999908447266,72.4800033569336,72.45469665527344,72.46499633789062,12187.0
2024-03-01 14:06:00,GLMD,0.3921000063419342,0.3921000063419342,0.39989998936653137,0.3921000063419342,0.39989998936653137,389.0
2024-03-01 14:06:00,GLPG,35.06999969482422,35.06999969482422,35.06999969482422,35.06999969482422,35.06999969482422,320.0
2024-03-01 14:06:00,GLUE,6.400000095367432,6.400000095367432,6.40500020980835,6.389999866485596,6.389999866485596,401.0
2024-03-01 14:06:00,GLYC,3.0199999809265137,3.0199999809265137,3.0250000953674316,3.0199999809265137,3.0199999809265137,1737.0
2024-03-01 14:06:00,GMAB,29.420000076293945,29.420000076293945,29.420000076293945,29.40999984741211,29.40999984741211,2084.0
2024-03-01 14:06:00,GMDA,0.3797999918460846,0.3797999918460846,0.3797999918460846,0.3792000114917755,0.3792000114917755,300.0
2024-03-01 14:06:00,GOSS,1.4299999475479126,1.4299999475479126,1.4299999475479126,1.4299999475479126,1.4299999475479126,102.0
2024-03-01 14:06:00,GRFS,7.071000099182129,7.071000099182129,7.079999923706055,7.071000099182129,7.079999923706055,4483.0
2024-03-01 14:06:00,GRTS,2.130000114440918,2.130000114440918,2.1500000953674316,2.130000114440918,2.1500000953674316,20209.0
2024-03-01 14:06:00,GRTX,0.23000000417232513,0.23000000417232513,0.23000000417232513,0.23000000417232513,0.23000000417232513,2038.0
2024-03-01 14:06:00,GTHX,3.744999885559082,3.744999885559082,3.744999885559082,3.740000009536743,3.74399995803833,3337.0
2024-03-01 14:06:00,HALO,41.38999938964844,41.38999938964844,41.41999816894531,41.380001068115234,41.41999816894531,966.0
2024-03-01 14:06:00,HARP,22.94499969482422,22.94499969482422,22.949899673461914,22.9424991607666,22.9424991607666,5200.0
2024-03-01 14:06:00,HCAT,8.154999732971191,8.154999732971191,8.154999732971191,8.130000114440918,8.149999618530273,4095.0
2024-03-01 14:06:00,HCSG,12.59000015258789,12.59000015258789,12.59000015258789,12.59000015258789,12.59000015258789,276.0
2024-03-01 14:06:00,HCTI,2.350100040435791,2.350100040435791,2.365000009536743,2.3499999046325684,2.365000009536743,415.0
2024-03-01 14:06:00,HITI,1.7599999904632568,1.7599999904632568,1.7599999904632568,1.7599999904632568,1.7599999904632568,1150.0
2024-03-01 14:06:00,HOLX,74.31999969482422,74.31999969482422,74.3499984741211,74.31999969482422,74.3499984741211,1005.0
2024-03-01 14:06:00,HQY,81.48999786376953,81.48999786376953,81.51000213623047,81.48999786376953,81.51000213623047,568.0
2024-03-01 14:06:00,HSIC,76.86000061035156,76.86000061035156,76.86499786376953,76.86000061035156,76.86000061035156,435.0
2024-03-01 14:06:00,HSTM,27.299999237060547,27.299999237060547,27.299999237060547,27.299999237060547,27.299999237060547,397.0
2024-03-01 14:06:00,HUMA,3.2850000858306885,3.2850000858306885,3.289900064468384,3.2850000858306885,3.289900064468384,10131.0
2024-03-01 14:06:00,IBRX,4.869999885559082,4.869999885559082,4.880000114440918,4.869999885559082,4.880000114440918,2410.0
2024-03-01 14:06:00,ICLR,323.0199890136719,323.0199890136719,323.07000732421875,323.0199890136719,323.07000732421875,1663.0
2024-03-01 14:06:00,ICUI,105.98999786376953,105.98999786376953,106.1500015258789,105.98999786376953,106.1500015258789,710.0
2024-03-01 14:06:00,IDXX,579.4000244140625,579.4000244140625,579.4000244140625,579.4000244140625,579.4000244140625,1076.0
2024-03-01 14:06:00,IDYA,46.83000183105469,46.83000183105469,46.880001068115234,46.83000183105469,46.880001068115234,1592.0
2024-03-01 14:06:00,IINN,1.6799999475479126,1.6799999475479126,1.6799999475479126,1.6799999475479126,1.6799999475479126,374.0
2024-03-01 14:06:00,ILMN,142.22500610351562,142.22500610351562,142.27000427246094,142.22500610351562,142.27000427246094,557.0
2024-03-01 14:06:00,IMRX,6.159999847412109,6.159999847412109,6.159999847412109,6.159999847412109,6.159999847412109,148.0
2024-03-01 14:06:00,IMTX,12.829999923706055,12.829999923706055,12.829999923706055,12.829999923706055,12.829999923706055,348.0
2024-03-01 14:06:00,IMUX,1.4700000286102295,1.4700000286102295,1.4722000360488892,1.4700000286102295,1.4722000360488892,1193.0
2024-03-01 14:06:00,IMVT,35.939998626708984,35.939998626708984,35.959999084472656,35.939998626708984,35.959999084472656,1364.0
2024-03-01 14:06:00,INCY,59.477500915527344,59.477500915527344,59.47999954223633,59.459999084472656,59.47999954223633,748.0
2024-03-01 14:06:00,INGN,6.784999847412109,6.784999847412109,6.784999847412109,6.784999847412109,6.784999847412109,224.0
2024-03-01 14:06:00,INMD,22.8799991607666,22.8799991607666,22.889999389648438,22.8799991607666,22.889999389648438,1580.0
2024-03-01 14:06:00,INO,9.630000114440918,9.630000114440918,9.630000114440918,9.630000114440918,9.630000114440918,1052.0
2024-03-01 14:06:00,INSM,28.239999771118164,28.239999771118164,28.239999771118164,28.219999313354492,28.239999771118164,3422.0
2024-03-01 14:06:00,INVA,15.520000457763672,15.520000457763672,15.529999732971191,15.520000457763672,15.529999732971191,1380.0
2024-03-01 14:06:00,INZY,6.630000114440918,6.630000114440918,6.639999866485596,6.630000114440918,6.639999866485596,1134.0
2024-03-01 14:06:00,IONS,45.95000076293945,45.95000076293945,45.95500183105469,45.95000076293945,45.95500183105469,265.0
2024-03-01 14:06:00,IOVA,17.030000686645508,17.030000686645508,17.049999237060547,17.014999389648438,17.030000686645508,20403.0
2024-03-01 14:06:00,IPSC,3.9200000762939453,3.9200000762939453,3.9200000762939453,3.9200000762939453,3.9200000762939453,100.0
2024-03-01 14:06:00,IRIX,2.6600000858306885,2.6600000858306885,2.6600000858306885,2.6600000858306885,2.6600000858306885,110.0
2024-03-01 14:06:00,IRMD,41.52000045776367,41.52000045776367,41.52000045776367,41.52000045776367,41.52000045776367,692.0
2024-03-01 14:06:00,IRWD,9.015000343322754,9.015000343322754,9.039999961853027,9.010000228881836,9.037500381469727,28279.0
2024-03-01 14:06:00,ISRG,396.9949951171875,396.9949951171875,397.13079833984375,396.8999938964844,397.04998779296875,1889.0
2024-03-01 14:06:00,ITCI,71.92500305175781,71.92500305175781,71.92500305175781,71.92500305175781,71.92500305175781,446.0
2024-03-01 14:06:00,ITOS,11.34000015258789,11.34000015258789,11.34000015258789,11.335599899291992,11.335599899291992,844.0
2024-03-01 14:06:00,JAGX,0.07689999788999557,0.07689999788999557,0.07699999958276749,0.07689999788999557,0.07699999958276749,18021.0
2024-03-01 14:06:00,JANX,46.17499923706055,46.17499923706055,46.17499923706055,46.04499816894531,46.16460037231445,871.0
2024-03-01 14:06:00,JAZZ,119.19000244140625,119.19000244140625,119.19999694824219,119.12000274658203,119.19999694824219,3341.0
2024-03-01 14:06:00,JYNT,9.979999542236328,9.979999542236328,9.979999542236328,9.979999542236328,9.979999542236328,100.0
2024-03-01 14:06:00,KALA,7.429999828338623,7.429999828338623,7.429999828338623,7.429999828338623,7.429999828338623,500.0
2024-03-01 14:06:00,KALV,14.149999618530273,14.149999618530273,14.149999618530273,14.140000343322754,14.140000343322754,961.0
2024-03-01 14:06:00,KNSA,21.81999969482422,21.81999969482422,21.81999969482422,21.81999969482422,21.81999969482422,187.0
2024-03-01 14:06:00,KOD,6.074999809265137,6.074999809265137,6.079999923706055,6.074999809265137,6.079999923706055,717.0
2024-03-01 14:06:00,KPRX,0.6558989882469177,0.6558989882469177,0.6558989882469177,0.6558989882469177,0.6558989882469177,1526.0
2024-03-01 14:06:00,KPTI,1.1749999523162842,1.1749999523162842,1.1749999523162842,1.1700999736785889,1.1749999523162842,1746.0
2024-03-01 14:06:00,KROS,70.01499938964844,70.01499938964844,70.01499938964844,70.01499938964844,70.01499938964844,193.0
2024-03-01 14:06:00,KRTX,316.760009765625,316.760009765625,316.760009765625,316.760009765625,316.760009765625,939.0
2024-03-01 14:06:00,KRYS,168.8800048828125,168.8800048828125,168.8800048828125,168.8800048828125,168.8800048828125,385.0
2024-03-01 14:06:00,KTRA,0.1006999984383583,0.1006999984383583,0.10170000046491623,0.1006999984383583,0.10170000046491623,12176.0
2024-03-01 14:06:00,KURA,21.8799991607666,21.8799991607666,21.8799991607666,21.8799991607666,21.8799991607666,207.0
2024-03-01 14:06:00,KYMR,43.88999938964844,43.88999938964844,43.96500015258789,43.88999938964844,43.96500015258789,935.0
2024-03-01 14:06:00,KZR,1.090000033378601,1.090000033378601,1.090000033378601,1.090000033378601,1.090000033378601,200.0
2024-03-01 14:06:00,LAB,2.4549999237060547,2.4549999237060547,2.4549999237060547,2.4549999237060547,2.4549999237060547,417.0
2024-03-01 14:06:00,LBPH,21.93000030517578,21.93000030517578,21.93000030517578,21.809999465942383,21.84000015258789,5492.0
2024-03-01 14:06:00,LEXX,2.8550000190734863,2.8550000190734863,2.859999895095825,2.8499999046325684,2.8596999645233154,3254.0
2024-03-01 14:06:00,LFMD,7.940000057220459,7.940000057220459,7.949999809265137,7.940000057220459,7.949999809265137,1260.0
2024-03-01 14:06:00,LFST,7.71999979019165,7.71999979019165,7.730000019073486,7.71999979019165,7.730000019073486,2942.0
2024-03-01 14:06:00,LIAN,4.860000133514404,4.860000133514404,4.860000133514404,4.860000133514404,4.860000133514404,305.0
2024-03-01 14:06:00,LIVN,55.880001068115234,55.880001068115234,55.880001068115234,55.880001068115234,55.880001068115234,145.0
2024-03-01 14:06:00,LMAT,68.12999725341797,68.12999725341797,68.12999725341797,68.12999725341797,68.12999725341797,112.0
2024-03-01 14:06:00,LNTH,64.9000015258789,64.9000015258789,64.9000015258789,64.86000061035156,64.86000061035156,365.0
2024-03-01 14:06:00,LUCD,1.2400000095367432,1.2400000095367432,1.2400000095367432,1.2391999959945679,1.2391999959945679,800.0
2024-03-01 14:06:00,LUNG,9.460000038146973,9.460000038146973,9.470000267028809,9.460000038146973,9.470000267028809,2420.0
2024-03-01 14:06:00,LVTX,2.75,2.75,2.75,2.75,2.75,422.0
2024-03-01 14:06:00,LXRX,2.505000114440918,2.505000114440918,2.509999990463257,2.505000114440918,2.509999990463257,13297.0
2024-03-01 14:06:00,LYEL,3.190000057220459,3.190000057220459,3.190000057220459,3.190000057220459,3.190000057220459,200.0
2024-03-01 14:06:00,LYRA,5.599999904632568,5.599999904632568,5.599999904632568,5.599999904632568,5.599999904632568,100.0
2024-03-01 14:06:00,MACK,14.710000038146973,14.710000038146973,14.710000038146973,14.710000038146973,14.710000038146973,273.0
2024-03-01 14:06:00,MCRB,1.2300000190734863,1.2300000190734863,1.2300000190734863,1.2200000286102295,1.2201000452041626,13011.0
2024-03-01 14:06:00,MDGL,249.11000061035156,249.11000061035156,249.11000061035156,249.11000061035156,249.11000061035156,840.0
2024-03-01 14:06:00,MDRX,5.949999809265137,5.949999809265137,5.980000019073486,5.949999809265137,5.980000019073486,87323.0
2024-03-01 14:06:00,MDXG,8.609999656677246,8.609999656677246,8.614999771118164,8.609999656677246,8.614999771118164,961.0
2024-03-01 14:06:00,MDXH,3.7300000190734863,3.7300000190734863,3.7300000190734863,3.7300000190734863,3.7300000190734863,400.0
2024-03-01 14:06:00,ME,0.5601999759674072,0.5601999759674072,0.56979900598526,0.5601999759674072,0.5691999793052673,266021.0
2024-03-01 14:06:00,MIRM,29.684999465942383,29.684999465942383,29.684999465942383,29.684999465942383,29.684999465942383,280.0
2024-03-01 14:06:00,MIST,1.7350000143051147,1.7350000143051147,1.7350000143051147,1.7350000143051147,1.7350000143051147,200.0
2024-03-01 14:06:00,MLTX,50.810001373291016,50.810001373291016,50.939998626708984,50.779998779296875,50.939998626708984,774.0
2024-03-01 14:06:00,MNKD,4.519999980926514,4.519999980926514,4.525000095367432,4.519999980926514,4.519999980926514,4168.0
2024-03-01 14:06:00,MNMD,6.230100154876709,6.230100154876709,6.239999771118164,6.21999979019165,6.239999771118164,4084.0
2024-03-01 14:06:00,MODD,1.8799999952316284,1.8799999952316284,1.8849999904632568,1.8799999952316284,1.8849999904632568,2800.0
2024-03-01 14:06:00,MODV,27.8799991607666,27.8799991607666,28.010000228881836,27.8799991607666,28.010000228881836,958.0
2024-03-01 14:06:00,MOR,17.540000915527344,17.540000915527344,17.540000915527344,17.540000915527344,17.540000915527344,1464.0
2024-03-01 14:06:00,MORF,39.349998474121094,39.349998474121094,39.3849983215332,39.349998474121094,39.3849983215332,1789.0
2024-03-01 14:06:00,MOTS,0.6534000039100647,0.6534000039100647,0.6534000039100647,0.6534000039100647,0.6534000039100647,263.0
2024-03-01 14:06:00,MREO,3.971100091934204,3.971100091934204,3.9749999046325684,3.970900058746338,3.9749999046325684,4305.0
2024-03-01 14:06:00,MRNA,95.11000061035156,95.11000061035156,95.16999816894531,95.04499816894531,95.16999816894531,6455.0
2024-03-01 14:06:00,MRNS,10.40999984741211,10.40999984741211,10.40999984741211,10.40999984741211,10.40999984741211,221.0
2024-03-01 14:06:00,MRSN,5.945000171661377,5.945000171661377,5.954999923706055,5.945000171661377,5.954999923706055,1646.0
2024-03-01 14:06:00,MRUS,51.119998931884766,51.119998931884766,51.275001525878906,51.119998931884766,51.27000045776367,3254.0
2024-03-01 14:06:00,MRVI,7.755000114440918,7.755000114440918,7.764999866485596,7.755000114440918,7.760000228881836,3032.0
2024-03-01 14:06:00,MXCT,4.755000114440918,4.755000114440918,4.755000114440918,4.755000114440918,4.755000114440918,622.0
2024-03-01 14:06:00,MYGN,22.15999984741211,22.15999984741211,22.18000030517578,22.110000610351562,22.110000610351562,1877.0
2024-03-01 14:06:00,MYNZ,0.8690000176429749,0.8690000176429749,0.8690000176429749,0.8684999942779541,0.8690000176429749,704.0
2024-03-01 14:06:00,NARI,45.48500061035156,45.48500061035156,45.540000915527344,45.45000076293945,45.4900016784668,3377.0
2024-03-01 14:06:00,NBIX,132.1649932861328,132.1649932861328,132.18499755859375,132.1300048828125,132.13999938964844,5504.0
2024-03-01 14:06:00,NEO,16.100000381469727,16.100000381469727,16.1200008392334,16.100000381469727,16.1200008392334,2340.0
2024-03-01 14:06:00,NEOG,17.420000076293945,17.420000076293945,17.43000030517578,17.420000076293945,17.43000030517578,3515.0
2024-03-01 14:06:00,NGM,1.5199999809265137,1.5199999809265137,1.5299999713897705,1.5199999809265137,1.5199999809265137,4829.0
2024-03-01 14:06:00,NKTR,0.7799999713897705,0.7799999713897705,0.7799999713897705,0.7799000144004822,0.7799000144004822,3300.0
2024-03-01 14:06:00,NKTX,12.850000381469727,12.850000381469727,12.890000343322754,12.850000381469727,12.890000343322754,3629.0
2024-03-01 14:06:00,NNOX,10.9350004196167,10.9350004196167,10.944999694824219,10.9350004196167,10.944999694824219,1323.0
2024-03-01 14:06:00,NOTV,8.109999656677246,8.109999656677246,8.119999885559082,8.109999656677246,8.119999885559082,2096.0
2024-03-01 14:06:00,NRBO,6.079999923706055,6.079999923706055,6.085000038146973,6.070000171661377,6.070000171661377,2470.0
2024-03-01 14:06:00,NRIX,13.744999885559082,13.744999885559082,13.789999961853027,13.739999771118164,13.789999961853027,5667.0
2024-03-01 14:06:00,NRSN,2.0399999618530273,2.0399999618530273,2.0399999618530273,1.9800000190734863,1.9850000143051147,21700.0
2024-03-01 14:06:00,NRXP,0.41999998688697815,0.41999998688697815,0.41999998688697815,0.41999998688697815,0.41999998688697815,963.0
2024-03-01 14:06:00,NTLA,33.40999984741211,33.40999984741211,33.462501525878906,33.40999984741211,33.459999084472656,2316.0
2024-03-01 14:06:00,NTRA,89.0,89.0,89.08999633789062,88.98999786376953,89.08000183105469,7264.0
2024-03-01 14:06:00,NUVL,87.81999969482422,87.81999969482422,87.83000183105469,87.80000305175781,87.83000183105469,1086.0
2024-03-01 14:06:00,NVAX,5.215000152587891,5.215000152587891,5.215000152587891,5.210000038146973,5.215000152587891,4107.0
2024-03-01 14:06:00,NVCR,16.014999389648438,16.014999389648438,16.014999389648438,16.014999389648438,16.014999389648438,252.0
2024-03-01 14:06:00,NVCT,10.8100004196167,10.8100004196167,10.8100004196167,10.8100004196167,10.8100004196167,106.0
2024-03-01 14:06:00,NXTC,1.7999999523162842,1.7999999523162842,1.7999999523162842,1.7899999618530273,1.791100025177002,4482.0
2024-03-01 14:06:00,OCGN,0.960099995136261,0.960099995136261,0.960099995136261,0.960099995136261,0.960099995136261,200.0
2024-03-01 14:06:00,OCUL,10.779999732971191,10.779999732971191,10.8100004196167,10.779999732971191,10.795000076293945,3568.0
2024-03-01 14:06:00,OCUP,2.4800000190734863,2.4800000190734863,2.4800000190734863,2.4800000190734863,2.4800000190734863,100.0
2024-03-01 14:06:00,OFIX,12.930000305175781,12.930000305175781,12.930000305175781,12.930000305175781,12.930000305175781,438.0
2024-03-01 14:06:00,OGI,2.170599937438965,2.170599937438965,2.170599937438965,2.170599937438965,2.170599937438965,358.0
2024-03-01 14:06:00,OLK,22.920000076293945,22.920000076293945,22.924999237060547,22.920000076293945,22.924999237060547,1398.0
2024-03-01 14:06:00,OLMA,14.880000114440918,14.880000114440918,14.899999618530273,14.859999656677246,14.899999618530273,3061.0
2024-03-01 14:06:00,OMER,4.78000020980835,4.78000020980835,4.78000020980835,4.78000020980835,4.78000020980835,4947.0
2024-03-01 14:06:00,OMGA,4.428999900817871,4.428999900817871,4.428999900817871,4.40500020980835,4.40500020980835,5305.0
2024-03-01 14:07:00,ABCL,5.164999961853027,5.164999961853027,5.170000076293945,5.164999961853027,5.164999961853027,6988.0
2024-03-01 14:07:00,ABEO,7.795000076293945,7.795000076293945,7.795000076293945,7.795000076293945,7.795000076293945,277.0
2024-03-01 14:07:00,ABOS,4.590000152587891,4.590000152587891,4.590000152587891,4.590000152587891,4.590000152587891,1100.0
2024-03-01 14:07:00,ABSI,5.454999923706055,5.454999923706055,5.465000152587891,5.454999923706055,5.461299896240234,2776.0
2024-03-01 14:07:00,ACAD,24.219999313354492,24.219999313354492,24.25,24.21500015258789,24.25,2010.0
2024-03-01 14:07:00,ACCD,10.100000381469727,10.100000381469727,10.100000381469727,10.100000381469727,10.100000381469727,210.0
2024-03-01 14:07:00,ACET,2.3949999809265137,2.3949999809265137,2.3949999809265137,2.384999990463257,2.3949999809265137,12342.0
2024-03-01 14:07:00,ACHC,84.4000015258789,84.4000015258789,84.45999908447266,84.4000015258789,84.45999908447266,1111.0
2024-03-01 14:07:00,ACHL,1.3381999731063843,1.3381999731063843,1.340000033378601,1.3381999731063843,1.340000033378601,3428.0
2024-03-01 14:07:00,ACHV,4.360000133514404,4.360000133514404,4.360000133514404,4.360000133514404,4.360000133514404,105.0
2024-03-01 14:07:00,ACIU,3.944999933242798,3.944999933242798,3.944999933242798,3.934999942779541,3.935499906539917,8219.0
2024-03-01 14:07:00,ACLX,68.04499816894531,68.04499816894531,68.04499816894531,68.04499816894531,68.04499816894531,211.0
2024-03-01 14:07:00,ACRS,1.2400000095367432,1.2400000095367432,1.2400000095367432,1.2300000190734863,1.2350000143051147,1480.0
2024-03-01 14:07:00,ADAG,3.244999885559082,3.244999885559082,3.244999885559082,3.244999885559082,3.244999885559082,554.0
2024-03-01 14:07:00,ADIL,3.380000114440918,3.380000114440918,3.380000114440918,3.3399999141693115,3.3399999141693115,40296.0
2024-03-01 14:07:00,ADMA,5.545000076293945,5.545000076293945,5.549900054931641,5.539999961853027,5.545000076293945,2262.0
2024-03-01 14:07:00,ADPT,4.099999904632568,4.099999904632568,4.099999904632568,4.090000152587891,4.099999904632568,3280.0
2024-03-01 14:07:00,ADVM,1.9700000286102295,1.9700000286102295,1.9800000190734863,1.9700000286102295,1.9800000190734863,2401.0
2024-03-01 14:07:00,ADXN,9.119999885559082,9.119999885559082,9.119999885559082,9.119999885559082,9.119999885559082,194.0
2024-03-01 14:07:00,AFMD,0.6563000082969666,0.6563000082969666,0.6563000082969666,0.6510999798774719,0.6510999798774719,7167.0
2024-03-01 14:07:00,AGEN,0.6711999773979187,0.6711999773979187,0.671999990940094,0.6711999773979187,0.671999990940094,47009.0
2024-03-01 14:07:00,AGIO,32.779998779296875,32.779998779296875,32.79999923706055,32.779998779296875,32.79999923706055,1992.0
2024-03-01 14:07:00,AHCO,10.524999618530273,10.524999618530273,10.53499984741211,10.524999618530273,10.53499984741211,1620.0
2024-03-01 14:07:00,AIMD,0.949999988079071,0.949999988079071,0.949999988079071,0.949999988079071,0.949999988079071,100.0
2024-03-01 14:07:00,AIRS,6.429999828338623,6.429999828338623,6.429999828338623,6.429999828338623,6.429999828338623,276.0
2024-03-01 14:07:00,AKAN,0.21490000188350677,0.21490000188350677,0.21490000188350677,0.20999999344348907,0.20999999344348907,14852.0
2024-03-01 14:07:00,AKBA,1.6799999475479126,1.6799999475479126,1.6875,1.6799999475479126,1.6799999475479126,1000.0
2024-03-01 14:07:00,AKLI,0.35510000586509705,0.35510000586509705,0.358599990606308,0.35510000586509705,0.358599990606308,5075.0
2024-03-01 14:07:00,AKRO,29.69499969482422,29.69499969482422,29.90999984741211,29.670000076293945,29.90999984741211,10431.0
2024-03-01 14:07:00,AKYA,6.0,6.0,6.005000114440918,6.0,6.005000114440918,540.0
2024-03-01 14:07:00,ALEC,7.394999980926514,7.394999980926514,7.394999980926514,7.380000114440918,7.380000114440918,1734.0
2024-03-01 14:07:00,ALGN,302.8599853515625,302.8599853515625,302.8599853515625,302.8599853515625,302.8599853515625,350.0
2024-03-01 14:07:00,ALHC,5.670000076293945,5.670000076293945,5.670000076293945,5.670000076293945,5.670000076293945,575.0
2024-03-01 14:07:00,ALKS,30.260000228881836,30.260000228881836,30.264999389648438,30.260000228881836,30.264999389648438,733.0
2024-03-01 14:07:00,ALLK,1.6649999618530273,1.6649999618530273,1.6699999570846558,1.6649999618530273,1.6675000190734863,408.0
2024-03-01 14:07:00,ALNY,153.17999267578125,153.17999267578125,153.17999267578125,153.09500122070312,153.13999938964844,554.0
2024-03-01 14:07:00,ALT,12.130000114440918,12.130000114440918,12.135000228881836,12.130000114440918,12.130000114440918,2879.0
2024-03-01 14:07:00,ALVR,0.7544000148773193,0.7544000148773193,0.7544999718666077,0.7544000148773193,0.7544999718666077,1177.0
2024-03-01 14:07:00,ALXO,15.039999961853027,15.039999961853027,15.039999961853027,15.039999961853027,15.039999961853027,267.0
2024-03-01 14:07:00,AMGN,281.05938720703125,281.05938720703125,281.05938720703125,280.95001220703125,280.95001220703125,2963.0
2024-03-01 14:07:00,AMLX,18.65999984741211,18.65999984741211,18.65999984741211,18.65999984741211,18.65999984741211,684.0
2024-03-01 14:07:00,AMPH,45.52000045776367,45.52000045776367,45.52000045776367,45.474998474121094,45.474998474121094,1842.0
2024-03-01 14:07:00,AMRN,1.0549999475479126,1.0549999475479126,1.059999942779541,1.0549999475479126,1.0549999475479126,10923.0
2024-03-01 14:07:00,ANGO,5.519999980926514,5.519999980926514,5.519999980926514,5.519999980926514,5.519999980926514,1140.0
2024-03-01 14:07:00,ANIP,66.9000015258789,66.9000015258789,66.9000015258789,66.81500244140625,66.81500244140625,228.0
2024-03-01 14:07:00,ANNX,6.099999904632568,6.099999904632568,6.099999904632568,6.090000152587891,6.099999904632568,5139.0
2024-03-01 14:07:00,APLS,64.87000274658203,64.87000274658203,64.87999725341797,64.83000183105469,64.8499984741211,7154.0
2024-03-01 14:07:00,AQST,4.215000152587891,4.215000152587891,4.21999979019165,4.215000152587891,4.2195000648498535,459.0
2024-03-01 14:07:00,ARAY,2.640000104904175,2.640000104904175,2.6449999809265137,2.640000104904175,2.640000104904175,3031.0
2024-03-01 14:07:00,ARCT,39.47999954223633,39.47999954223633,39.630001068115234,39.47999954223633,39.630001068115234,1072.0
2024-03-01 14:07:00,ARDX,9.470000267028809,9.470000267028809,9.4798002243042,9.470000267028809,9.4798002243042,757.0
2024-03-01 14:07:00,ARQT,11.640000343322754,11.640000343322754,11.699999809265137,11.609999656677246,11.699700355529785,17876.0
2024-03-01 14:07:00,ARVN,48.81999969482422,48.81999969482422,48.86000061035156,48.79999923706055,48.81999969482422,721.0
2024-03-01 14:07:00,ARWR,35.59000015258789,35.59000015258789,35.59000015258789,35.59000015258789,35.59000015258789,352.0
2024-03-01 14:07:00,ASLN,0.7411999702453613,0.7411999702453613,0.7411999702453613,0.7411999702453613,0.7411999702453613,256.0
2024-03-01 14:07:00,ASRT,0.9100000262260437,0.9100000262260437,0.9100000262260437,0.9099000096321106,0.9099000096321106,312.0
2024-03-01 14:07:00,ATAI,2.1500000953674316,2.1500000953674316,2.1589999198913574,2.1500000953674316,2.1589999198913574,1261.0
2024-03-01 14:07:00,ATEC,13.449999809265137,13.449999809265137,13.454999923706055,13.449999809265137,13.449999809265137,1763.0
2024-03-01 14:07:00,ATHA,3.984999895095825,3.984999895095825,3.984999895095825,3.984999895095825,3.984999895095825,100.0
2024-03-01 14:07:00,ATOS,1.0099999904632568,1.0099999904632568,1.0099999904632568,1.0099999904632568,1.0099999904632568,249.0
2024-03-01 14:07:00,ATRA,0.7914999723434448,0.7914999723434448,0.7914999723434448,0.7902500033378601,0.7902500033378601,1661.0
2024-03-01 14:07:00,ATRC,35.970001220703125,35.970001220703125,35.970001220703125,35.959999084472656,35.959999084472656,475.0
2024-03-01 14:07:00,ATXI,0.15440000593662262,0.15440000593662262,0.15539999306201935,0.15440000593662262,0.15539999306201935,5669.0
2024-03-01 14:07:00,ATXS,14.71500015258789,14.71500015258789,14.720000267028809,14.710000038146973,14.710000038146973,1949.0
2024-03-01 14:07:00,AUPH,5.824999809265137,5.824999809265137,5.824999809265137,5.824999809265137,5.824999809265137,261.0
2024-03-01 14:07:00,AUTL,6.349999904632568,6.349999904632568,6.349999904632568,6.349999904632568,6.349999904632568,150.0
2024-03-01 14:07:00,AVAH,2.390000104904175,2.390000104904175,2.390000104904175,2.390000104904175,2.390000104904175,864.0
2024-03-01 14:07:00,AVDL,13.199999809265137,13.199999809265137,13.199999809265137,13.1899995803833,13.1899995803833,2299.0
2024-03-01 14:07:00,AVIR,4.46999979019165,4.46999979019165,4.46999979019165,4.46999979019165,4.46999979019165,368.0
2024-03-01 14:07:00,AVRO,1.340000033378601,1.340000033378601,1.340000033378601,1.340000033378601,1.340000033378601,138.0
2024-03-01 14:07:00,AVXL,5.321199893951416,5.321199893951416,5.329999923706055,5.321199893951416,5.329999923706055,2061.0
2024-03-01 14:07:00,AXGN,10.545000076293945,10.545000076293945,10.545000076293945,10.545000076293945,10.545000076293945,319.0
2024-03-01 14:07:00,AXNX,67.55999755859375,67.55999755859375,67.55999755859375,67.55999755859375,67.55999755859375,363.0
2024-03-01 14:07:00,AXSM,82.29000091552734,82.29000091552734,82.29000091552734,82.29000091552734,82.29000091552734,100.0
2024-03-01 14:07:00,AZN,64.69499969482422,64.69499969482422,64.69999694824219,64.69499969482422,64.69999694824219,1264.0
2024-03-01 14:07:00,AZTA,66.95999908447266,66.95999908447266,66.95999908447266,66.95999908447266,66.95999908447266,384.0
2024-03-01 14:07:00,BBIO,35.90999984741211,35.90999984741211,35.90999984741211,35.90999984741211,35.90999984741211,426.0
2024-03-01 14:07:00,BCAB,2.694999933242798,2.694999933242798,2.694999933242798,2.694999933242798,2.694999933242798,101.0
2024-03-01 14:07:00,BCDA,0.5651000142097473,0.5651000142097473,0.5651000142097473,0.5651000142097473,0.5651000142097473,136.0
2024-03-01 14:07:00,BCRX,5.704999923706055,5.704999923706055,5.704999923706055,5.690000057220459,5.690000057220459,12795.0
2024-03-01 14:07:00,BDSX,1.600000023841858,1.600000023841858,1.600000023841858,1.600000023841858,1.600000023841858,1621.0
2024-03-01 14:07:00,BDTX,4.885000228881836,4.885000228881836,4.889999866485596,4.864999771118164,4.864999771118164,11801.0
2024-03-01 14:07:00,BEAM,39.90999984741211,39.90999984741211,39.9900016784668,39.90999984741211,39.9900016784668,878.0
2024-03-01 14:07:00,BIIB,221.4199981689453,221.4199981689453,221.5399932861328,221.4199981689453,221.5399932861328,3094.0
2024-03-01 14:07:00,BIOL,0.14480000734329224,0.14480000734329224,0.14489999413490295,0.14480000734329224,0.14489999413490295,7990.0
2024-03-01 14:07:00,BIVI,2.0601000785827637,2.0601000785827637,2.086899995803833,2.059999942779541,2.069999933242798,31884.0
2024-03-01 14:07:00,BLFS,18.139999389648438,18.139999389648438,18.139999389648438,18.139999389648438,18.139999389648438,260.0
2024-03-01 14:07:00,BLUE,1.6050000190734863,1.6050000190734863,1.6074999570846558,1.6050000190734863,1.6050000190734863,2361.0
2024-03-01 14:07:00,BMRN,88.0,88.0,88.1500015258789,88.0,88.1500015258789,4280.0
2024-03-01 14:07:00,BNGO,1.2599999904632568,1.2599999904632568,1.2649999856948853,1.2599999904632568,1.2649999856948853,15446.0
2024-03-01 14:07:00,BNTX,91.03170013427734,91.03170013427734,91.03170013427734,91.03170013427734,91.03170013427734,560.0
2024-03-01 14:07:00,BPMC,96.58000183105469,96.58000183105469,96.6500015258789,96.58000183105469,96.6500015258789,816.0
2024-03-01 14:07:00,BRKR,88.43000030517578,88.43000030517578,88.44000244140625,88.43000030517578,88.44000244140625,487.0
2024-03-01 14:07:00,BTAI,3.184999942779541,3.184999942779541,3.184999942779541,3.184999942779541,3.184999942779541,446.0
2024-03-01 14:07:00,BTTX,0.1850000023841858,0.1850000023841858,0.1850000023841858,0.1843000054359436,0.18449999392032623,10114.0
2024-03-01 14:07:00,CABA,23.969999313354492,23.969999313354492,24.079999923706055,23.954999923706055,24.079999923706055,3612.0
2024-03-01 14:07:00,CALT,21.549999237060547,21.549999237060547,21.56999969482422,21.549999237060547,21.549999237060547,601.0
2024-03-01 14:07:00,CARA,0.9293000102043152,0.9293000102043152,0.9293000102043152,0.9287999868392944,0.9287999868392944,317.0
2024-03-01 14:07:00,CBAY,32.22999954223633,32.22999954223633,32.23500061035156,32.22999954223633,32.23500061035156,4618.0
2024-03-01 14:07:00,CCCC,10.949999809265137,10.949999809265137,10.970000267028809,10.944999694824219,10.970000267028809,3561.0
2024-03-01 14:07:00,CDNA,12.529999732971191,12.529999732971191,12.579999923706055,12.510000228881836,12.579999923706055,4186.0
2024-03-01 14:07:00,CDXS,4.565000057220459,4.565000057220459,4.565000057220459,4.550000190734863,4.550000190734863,19866.0
2024-03-01 14:07:00,CELC,16.790000915527344,16.790000915527344,16.790000915527344,16.77389907836914,16.77389907836914,230.0
2024-03-01 14:07:00,CERE,41.09000015258789,41.09000015258789,41.10499954223633,41.09000015258789,41.10499954223633,16682.0
2024-03-01 14:07:00,CERS,2.184999942779541,2.184999942779541,2.184999942779541,2.174999952316284,2.180000066757202,10543.0
2024-03-01 14:07:00,CERT,17.940000534057617,17.940000534057617,17.940000534057617,17.940000534057617,17.940000534057617,125.0
2024-03-01 14:07:00,CGC,3.234999895095825,3.234999895095825,3.234999895095825,3.2300000190734863,3.234999895095825,1809.0
2024-03-01 14:07:00,CGEM,18.559999465942383,18.559999465942383,18.594999313354492,18.540000915527344,18.540000915527344,725.0
2024-03-01 14:07:00,CGEN,2.690000057220459,2.690000057220459,2.690000057220459,2.690000057220459,2.690000057220459,300.0
2024-03-01 14:07:00,CHEK,2.0999999046325684,2.0999999046325684,2.109999895095825,2.0999999046325684,2.109999895095825,300.0
2024-03-01 14:07:00,CHRS,2.4149999618530273,2.4149999618530273,2.4149999618530273,2.4049999713897705,2.4100000858306885,21729.0
2024-03-01 14:07:00,CKPT,2.190000057220459,2.190000057220459,2.200000047683716,2.190000057220459,2.200000047683716,300.0
2024-03-01 14:07:00,CLDX,51.959999084472656,51.959999084472656,52.040000915527344,51.95000076293945,51.95000076293945,3073.0
2024-03-01 14:07:00,CLNN,0.390500009059906,0.390500009059906,0.390500009059906,0.38999998569488525,0.38999998569488525,7700.0
2024-03-01 14:07:00,CLOV,0.8700500130653381,0.8700500130653381,0.8701500296592712,0.8700000047683716,0.8701000213623047,29681.0
2024-03-01 14:07:00,CLPT,6.559999942779541,6.559999942779541,6.650000095367432,6.559999942779541,6.650000095367432,10970.0
2024-03-01 14:07:00,CLRB,4.090000152587891,4.090000152587891,4.090000152587891,4.090000152587891,4.090000152587891,200.0
2024-03-01 14:07:00,CMPS,11.390000343322754,11.390000343322754,11.390000343322754,11.375,11.390000343322754,1222.0
2024-03-01 14:07:00,CMRX,1.2200000286102295,1.2200000286102295,1.2200000286102295,1.2200000286102295,1.2200000286102295,100.0
2024-03-01 14:07:00,COGT,7.190000057220459,7.190000057220459,7.195000171661377,7.190000057220459,7.190000057220459,3390.0
2024-03-01 14:07:00,COLL,36.75,36.75,36.75270080566406,36.75,36.75270080566406,993.0
2024-03-01 14:07:00,CORT,24.40999984741211,24.40999984741211,24.40999984741211,24.399999618530273,24.399999618530273,1977.0
2024-03-01 14:07:00,CPRX,17.440000534057617,17.440000534057617,17.454999923706055,17.440000534057617,17.454999923706055,2968.0
2024-03-01 14:07:00,CRBU,7.869999885559082,7.869999885559082,7.875,7.869999885559082,7.869999885559082,4666.0
2024-03-01 14:07:00,CRDF,2.4049999713897705,2.4049999713897705,2.4100000858306885,2.390000104904175,2.390000104904175,5343.0
2024-03-01 14:07:00,CRMD,3.680000066757202,3.680000066757202,3.680000066757202,3.680000066757202,3.680000066757202,867.0
2024-03-01 14:07:00,CRNX,46.52000045776367,46.52000045776367,46.52000045776367,46.45000076293945,46.45000076293945,811.0
2024-03-01 14:07:00,CRON,2.0450000762939453,2.0450000762939453,2.049999952316284,2.0450000762939453,2.0450000762939453,1439.0
2024-03-01 14:07:00,CRSP,85.5198974609375,85.5198974609375,85.5198974609375,85.41000366210938,85.51000213623047,7163.0
2024-03-01 14:07:00,CSTL,19.975000381469727,19.975000381469727,19.975000381469727,19.975000381469727,19.975000381469727,140.0
2024-03-01 14:07:00,CTKB,9.000100135803223,9.000100135803223,9.010000228881836,9.0,9.010000228881836,3809.0
2024-03-01 14:07:00,CTMX,2.5450000762939453,2.5450000762939453,2.5950000286102295,2.5399999618530273,2.5899999141693115,12338.0
2024-03-01 14:07:00,CUE,2.184999942779541,2.184999942779541,2.184999942779541,2.184999942779541,2.184999942779541,143.0
2024-03-01 14:07:00,CYTK,72.97000122070312,72.97000122070312,73.05999755859375,72.97000122070312,72.97750091552734,2367.0
2024-03-01 14:07:00,CYTO,2.358599901199341,2.358599901199341,2.358599901199341,2.358599901199341,2.358599901199341,1056.0
2024-03-01 14:07:00,DAWN,17.625,17.625,17.625,17.610000610351562,17.6200008392334,1994.0
2024-03-01 14:07:00,DCGO,4.159999847412109,4.159999847412109,4.170000076293945,4.159999847412109,4.170000076293945,2291.0
2024-03-01 14:07:00,DCPH,17.469999313354492,17.469999313354492,17.469999313354492,17.469999313354492,17.469999313354492,932.0
2024-03-01 14:07:00,DH,8.859999656677246,8.859999656677246,8.869999885559082,8.859999656677246,8.869999885559082,322.0
2024-03-01 14:07:00,DMTK,0.8442999720573425,0.8442999720573425,0.8442999720573425,0.8399999737739563,0.8399999737739563,1799.0
2024-03-01 14:07:00,DNLI,21.200000762939453,21.200000762939453,21.200000762939453,21.200000762939453,21.200000762939453,421.0
2024-03-01 14:07:00,DSGN,2.8949999809265137,2.8949999809265137,2.8949999809265137,2.8949999809265137,2.8949999809265137,150.0
2024-03-01 14:07:00,DTIL,12.470000267028809,12.470000267028809,12.470000267028809,12.470000267028809,12.470000267028809,301.0
2024-03-01 14:07:00,DVAX,12.880000114440918,12.880000114440918,12.880000114440918,12.880000114440918,12.880000114440918,103.0
2024-03-01 14:07:00,DXCM,121.9800033569336,121.9800033569336,121.9800033569336,121.88999938964844,121.91000366210938,3888.0
2024-03-01 14:07:00,DYN,28.579999923706055,28.579999923706055,28.579999923706055,28.549999237060547,28.549999237060547,944.0
2024-03-01 14:07:00,EDIT,10.859999656677246,10.859999656677246,10.880000114440918,10.859999656677246,10.880000114440918,2907.0
2024-03-01 14:07:00,EFTR,15.545000076293945,15.545000076293945,15.545000076293945,15.545000076293945,15.545000076293945,100.0
2024-03-01 14:07:00,EGRX,6.690000057220459,6.690000057220459,6.690000057220459,6.690000057220459,6.690000057220459,203.0
2024-03-01 14:07:00,EKSO,2.0197999477386475,2.0197999477386475,2.0197999477386475,2.0197999477386475,2.0197999477386475,338.0
2024-03-01 14:07:00,ELEV,5.050000190734863,5.050000190734863,5.070000171661377,5.050000190734863,5.070000171661377,3645.0
2024-03-01 14:07:00,ENSC,0.9240000247955322,0.9240000247955322,0.9240000247955322,0.9240000247955322,0.9240000247955322,100.0
2024-03-01 14:07:00,ENTA,15.384200096130371,15.384200096130371,15.395000457763672,15.384200096130371,15.395000457763672,306.0
2024-03-01 14:07:00,ENVB,1.5298000574111938,1.5298000574111938,1.5298000574111938,1.5099999904632568,1.5199999809265137,2562.0
2024-03-01 14:07:00,EOLS,14.829999923706055,14.829999923706055,14.829999923706055,14.829999923706055,14.829999923706055,197.0
2024-03-01 14:07:00,ERAS,2.515000104904175,2.515000104904175,2.515000104904175,2.515000104904175,2.515000104904175,321.0
2024-03-01 14:07:00,ESPR,2.5450000762939453,2.5450000762939453,2.549999952316284,2.5399999618530273,2.549999952316284,6504.0
2024-03-01 14:07:00,ETNB,12.920000076293945,12.920000076293945,12.960000038146973,12.920000076293945,12.949999809265137,3249.0
2024-03-01 14:07:00,ETON,4.5,4.5,4.5,4.5,4.5,100.0
2024-03-01 14:07:00,EVGN,0.9549999833106995,0.9549999833106995,0.9549999833106995,0.9399999976158142,0.9399999976158142,15109.0
2024-03-01 14:07:00,EWTX,17.0,17.0,17.0,17.0,17.0,1689.0
2024-03-01 14:07:00,EXAI,6.71999979019165,6.71999979019165,6.729899883270264,6.71999979019165,6.729899883270264,2231.0
2024-03-01 14:07:00,EXAS,59.970001220703125,59.970001220703125,60.02000045776367,59.970001220703125,60.02000045776367,919.0
2024-03-01 14:07:00,EXEL,22.459999084472656,22.459999084472656,22.5,22.459999084472656,22.5,27907.0
2024-03-01 14:07:00,EYEN,2.359999895095825,2.359999895095825,2.369999885559082,2.359999895095825,2.369999885559082,456.0
2024-03-01 14:07:00,EYPT,27.934999465942383,27.934999465942383,27.959999084472656,27.934999465942383,27.959999084472656,211.0
2024-03-01 14:07:00,FATE,7.710000038146973,7.710000038146973,7.730000019073486,7.710000038146973,7.730000019073486,5409.0
2024-03-01 14:07:00,FEMY,1.75,1.75,1.7587000131607056,1.75,1.7587000131607056,200.0
2024-03-01 14:07:00,FENC,9.84000015258789,9.84000015258789,9.84000015258789,9.84000015258789,9.84000015258789,117.0
2024-03-01 14:07:00,FGEN,1.850000023841858,1.850000023841858,1.8600000143051147,1.850000023841858,1.8507000207901,1289.0
2024-03-01 14:07:00,FHTX,8.140000343322754,8.140000343322754,8.149999618530273,8.140000343322754,8.149999618530273,1679.0
2024-03-01 14:07:00,FOLD,13.404999732971191,13.404999732971191,13.404999732971191,13.404999732971191,13.404999732971191,340.0
2024-03-01 14:07:00,FUSN,12.270000457763672,12.270000457763672,12.270000457763672,12.244999885559082,12.244999885559082,200.0
2024-03-01 14:07:00,FWBI,8.739999771118164,8.739999771118164,8.739999771118164,8.739999771118164,8.739999771118164,128.0
2024-03-01 14:07:00,GANX,4.639999866485596,4.639999866485596,4.639999866485596,4.639999866485596,4.639999866485596,136.0
2024-03-01 14:07:00,GDRX,8.369999885559082,8.369999885559082,8.369999885559082,8.345000267028809,8.345000267028809,11138.0
2024-03-01 14:07:00,GENE,2.2799999713897705,2.2799999713897705,2.2899999618530273,2.2799999713897705,2.2799999713897705,566.0
2024-03-01 14:07:00,GERN,2.2699999809265137,2.2699999809265137,2.2750000953674316,2.2699999809265137,2.2699999809265137,110694.0
2024-03-01 14:07:00,GH,19.100000381469727,19.100000381469727,19.100000381469727,19.09000015258789,19.100000381469727,1095.0
2024-03-01 14:07:00,GILD,72.47000122070312,72.47000122070312,72.47000122070312,72.45999908447266,72.46499633789062,7516.0
2024-03-01 14:07:00,GLPG,35.064998626708984,35.064998626708984,35.064998626708984,35.064998626708984,35.064998626708984,486.0
2024-03-01 14:07:00,GLSI,12.520000457763672,12.520000457763672,12.5600004196167,12.520000457763672,12.5600004196167,347.0
2024-03-01 14:07:00,GMAB,29.420000076293945,29.420000076293945,29.420000076293945,29.420000076293945,29.420000076293945,220.0
2024-03-01 14:07:00,GMDA,0.37636598944664,0.37636598944664,0.37636598944664,0.37636598944664,0.37636598944664,250.0
2024-03-01 14:07:00,GOSS,1.4299999475479126,1.4299999475479126,1.4299999475479126,1.4299999475479126,1.4299999475479126,550.0
2024-03-01 14:07:00,GRFS,7.069900035858154,7.069900035858154,7.072000026702881,7.065000057220459,7.072000026702881,3167.0
2024-03-01 14:07:00,GRPH,3.4649999141693115,3.4649999141693115,3.4649999141693115,3.4649999141693115,3.4649999141693115,101.0
2024-03-01 14:07:00,GRTS,2.125,2.125,2.130000114440918,2.119999885559082,2.130000114440918,12928.0
2024-03-01 14:07:00,GTHX,3.740000009536743,3.740000009536743,3.740000009536743,3.734999895095825,3.740000009536743,3067.0
2024-03-01 14:07:00,HALO,41.35499954223633,41.35499954223633,41.38999938964844,41.35499954223633,41.38999938964844,1433.0
2024-03-01 14:07:00,HARP,22.9424991607666,22.9424991607666,22.9424991607666,22.9424991607666,22.9424991607666,100.0
2024-03-01 14:07:00,HCAT,8.15999984741211,8.15999984741211,8.170000076293945,8.149999618530273,8.149999618530273,3830.0
2024-03-01 14:07:00,HCSG,12.585000038146973,12.585000038146973,12.585000038146973,12.585000038146973,12.585000038146973,100.0
2024-03-01 14:07:00,HCTI,2.356100082397461,2.356100082397461,2.3798999786376953,2.3499999046325684,2.365000009536743,1416.0
2024-03-01 14:07:00,HLTH,0.27000001072883606,0.27000001072883606,0.27239999175071716,0.27000001072883606,0.27000001072883606,25491.0
2024-03-01 14:07:00,HOLX,74.33000183105469,74.33000183105469,74.33000183105469,74.33000183105469,74.33000183105469,1467.0
2024-03-01 14:07:00,HRMY,31.760000228881836,31.760000228881836,31.760000228881836,31.760000228881836,31.760000228881836,465.0
2024-03-01 14:07:00,HRTX,2.559999942779541,2.559999942779541,2.559999942779541,2.555000066757202,2.559999942779541,14187.0
2024-03-01 14:07:00,HSIC,76.83000183105469,76.83000183105469,76.83000183105469,76.83000183105469,76.83000183105469,605.0
2024-03-01 14:07:00,HUMA,3.2799999713897705,3.2799999713897705,3.2850000858306885,3.2799999713897705,3.280100107192993,1157.0
2024-03-01 14:07:00,IART,36.40999984741211,36.40999984741211,36.470001220703125,36.40999984741211,36.470001220703125,1691.0
2024-03-01 14:07:00,IBRX,4.869999885559082,4.869999885559082,4.869999885559082,4.864999771118164,4.869999885559082,18486.0
2024-03-01 14:07:00,ICUI,106.0,106.0,106.06500244140625,106.0,106.06500244140625,302.0
2024-03-01 14:07:00,IDXX,578.905029296875,578.905029296875,579.3800048828125,578.905029296875,579.0,925.0
2024-03-01 14:07:00,IDYA,46.84000015258789,46.84000015258789,46.84000015258789,46.84000015258789,46.84000015258789,133.0
2024-03-01 14:07:00,IFRX,1.7999999523162842,1.7999999523162842,1.8300000429153442,1.7999999523162842,1.8300000429153442,10534.0
2024-03-01 14:07:00,IGMS,13.300000190734863,13.300000190734863,13.300000190734863,13.300000190734863,13.300000190734863,133.0
2024-03-01 14:07:00,ILMN,142.17999267578125,142.17999267578125,142.25999450683594,142.1699981689453,142.25,3736.0
2024-03-01 14:07:00,IMAB,1.809999942779541,1.809999942779541,1.809999942779541,1.809999942779541,1.809999942779541,1130.0
2024-03-01 14:07:00,IMMX,3.559999942779541,3.559999942779541,3.559999942779541,3.559999942779541,3.559999942779541,103.0
2024-03-01 14:07:00,IMNM,25.329999923706055,25.329999923706055,25.389999389648438,25.31999969482422,25.389999389648438,2267.0
2024-03-01 14:07:00,IMTX,12.800000190734863,12.800000190734863,12.800000190734863,12.800000190734863,12.800000190734863,213.0
2024-03-01 14:07:00,IMUX,1.4700000286102295,1.4700000286102295,1.4759999513626099,1.4700000286102295,1.4759999513626099,1811.0
2024-03-01 14:07:00,IMVT,35.95000076293945,35.95000076293945,35.95000076293945,35.93000030517578,35.93000030517578,306.0
2024-03-01 14:07:00,INCY,59.45000076293945,59.45000076293945,59.474998474121094,59.45000076293945,59.470001220703125,2303.0
2024-03-01 14:07:00,INGN,6.78000020980835,6.78000020980835,6.788400173187256,6.78000020980835,6.784999847412109,3409.0
2024-03-01 14:07:00,INMD,22.850000381469727,22.850000381469727,22.8799991607666,22.850000381469727,22.8799991607666,1336.0
2024-03-01 14:07:00,INO,9.609999656677246,9.609999656677246,9.619999885559082,9.609999656677246,9.619999885559082,853.0
2024-03-01 14:07:00,INSM,28.219999313354492,28.219999313354492,28.246999740600586,28.209999084472656,28.239999771118164,2657.0
2024-03-01 14:07:00,INVA,15.555000305175781,15.555000305175781,15.5600004196167,15.520000457763672,15.524999618530273,5085.0
2024-03-01 14:07:00,INZY,6.614699840545654,6.614699840545654,6.614699840545654,6.6107001304626465,6.6107001304626465,924.0
2024-03-01 14:07:00,IONS,45.95000076293945,45.95000076293945,45.959999084472656,45.91999816894531,45.959999084472656,1306.0
2024-03-01 14:07:00,IOVA,17.024999618530273,17.024999618530273,17.031600952148438,17.020000457763672,17.031600952148438,11301.0
2024-03-01 14:07:00,IPSC,3.9200000762939453,3.9200000762939453,3.9200000762939453,3.9200000762939453,3.9200000762939453,638.0
2024-03-01 14:07:00,IRTC,121.20999908447266,121.20999908447266,121.20999908447266,121.20999908447266,121.20999908447266,393.0
2024-03-01 14:07:00,IRWD,9.005000114440918,9.005000114440918,9.01990032196045,9.0,9.015000343322754,23505.0
2024-03-01 14:07:00,ISRG,396.82000732421875,396.82000732421875,396.9939880371094,396.614990234375,396.9549865722656,8639.0
2024-03-01 14:07:00,ITCI,71.93000030517578,71.93000030517578,71.93000030517578,71.93000030517578,71.93000030517578,288.0
2024-03-01 14:07:00,IXHL,5.480000019073486,5.480000019073486,5.480000019073486,5.429999828338623,5.429999828338623,1655.0
2024-03-01 14:07:00,JAGX,0.07750000059604645,0.07750000059604645,0.07750000059604645,0.07689999788999557,0.07689999788999557,180648.0
2024-03-01 14:07:00,JANX,46.16999816894531,46.16999816894531,46.18000030517578,46.04999923706055,46.18000030517578,1433.0
2024-03-01 14:07:00,KALA,7.400000095367432,7.400000095367432,7.400000095367432,7.400000095367432,7.400000095367432,200.0
2024-03-01 14:07:00,KALV,14.149999618530273,14.149999618530273,14.149999618530273,14.140000343322754,14.149999618530273,1553.0
2024-03-01 14:07:00,KIDS,27.520000457763672,27.520000457763672,27.520000457763672,27.5,27.5,622.0
2024-03-01 14:07:00,KNSA,21.809999465942383,21.809999465942383,21.809999465942383,21.809999465942383,21.809999465942383,503.0
2024-03-01 14:07:00,KNTE,2.609999895095825,2.609999895095825,2.609999895095825,2.609999895095825,2.609999895095825,1417.0
2024-03-01 14:07:00,KOD,6.070000171661377,6.070000171661377,6.079999923706055,6.070000171661377,6.079999923706055,1528.0
2024-03-01 14:07:00,KPTI,1.1749999523162842,1.1749999523162842,1.1749999523162842,1.1699999570846558,1.1749999523162842,1200.0
2024-03-01 14:07:00,KRMD,2.134999990463257,2.134999990463257,2.134999990463257,2.134999990463257,2.134999990463257,100.0
2024-03-01 14:07:00,KRYS,168.61000061035156,168.61000061035156,168.61000061035156,168.61000061035156,168.61000061035156,462.0
2024-03-01 14:07:00,KTRA,0.10260000079870224,0.10260000079870224,0.10270000249147415,0.10100000351667404,0.10100000351667404,40255.0
2024-03-01 14:07:00,KURA,21.860000610351562,21.860000610351562,21.860000610351562,21.860000610351562,21.860000610351562,112.0
2024-03-01 14:07:00,KYMR,43.89500045776367,43.89500045776367,43.89500045776367,43.89500045776367,43.89500045776367,164.0
2024-03-01 14:07:00,KZR,1.090000033378601,1.090000033378601,1.090000033378601,1.090000033378601,1.090000033378601,100.0
2024-03-01 14:07:00,LAB,2.4549999237060547,2.4549999237060547,2.4549999237060547,2.4549999237060547,2.4549999237060547,405.0
2024-03-01 14:07:00,LBPH,21.84000015258789,21.84000015258789,21.93000030517578,21.84000015258789,21.93000030517578,607.0
2024-03-01 14:07:00,LEGN,65.5999984741211,65.5999984741211,65.62000274658203,65.5999984741211,65.5999984741211,705.0
2024-03-01 14:07:00,LEXX,2.8550000190734863,2.8550000190734863,2.8550000190734863,2.8550000190734863,2.8550000190734863,227.0
2024-03-01 14:07:00,LFST,7.7221999168396,7.7221999168396,7.7221999168396,7.7221999168396,7.7221999168396,816.0
2024-03-01 14:07:00,LGND,77.71499633789062,77.71499633789062,77.71499633789062,77.71499633789062,77.71499633789062,345.0
2024-03-01 14:07:00,LIFE,1.909999966621399,1.909999966621399,1.909999966621399,1.909999966621399,1.909999966621399,109.0
2024-03-01 14:07:00,LPTX,2.9200000762939453,2.9200000762939453,2.9200000762939453,2.9200000762939453,2.9200000762939453,1563.0
2024-03-01 14:07:00,LUNG,9.460000038146973,9.460000038146973,9.460000038146973,9.460000038146973,9.460000038146973,818.0
2024-03-01 14:07:00,LVTX,2.7799999713897705,2.7799999713897705,2.7799999713897705,2.75,2.75,735.0
2024-03-01 14:07:00,LXRX,2.5,2.5,2.509999990463257,2.5,2.505000114440918,13816.0
2024-03-01 14:07:00,LYEL,3.190000057220459,3.190000057220459,3.190000057220459,3.190000057220459,3.190000057220459,351.0
2024-03-01 14:07:00,LYRA,5.610000133514404,5.610000133514404,5.610000133514404,5.610000133514404,5.610000133514404,600.0
2024-03-01 14:07:00,MACK,14.699999809265137,14.699999809265137,14.699999809265137,14.699999809265137,14.699999809265137,1756.0
2024-03-01 14:07:00,MASI,127.81500244140625,127.81500244140625,128.27000427246094,127.81500244140625,128.2353973388672,12985.0
2024-03-01 14:07:00,MCRB,1.225000023841858,1.225000023841858,1.2299000024795532,1.225000023841858,1.2299000024795532,11058.0
2024-03-01 14:07:00,MDGL,249.1199951171875,249.1199951171875,249.1999969482422,249.1199951171875,249.1999969482422,2156.0
2024-03-01 14:07:00,MDRX,6.0,6.0,6.0,5.949999809265137,5.949999809265137,185192.0
2024-03-01 14:07:00,MDXG,8.625,8.625,8.625,8.609999656677246,8.619999885559082,5162.0
2024-03-01 14:07:00,ME,0.5577999949455261,0.5577999949455261,0.5601000189781189,0.5550000071525574,0.5601000189781189,68912.0
2024-03-01 14:07:00,MESO,2.030100107192993,2.030100107192993,2.049999952316284,2.0299999713897705,2.0299999713897705,3510.0
2024-03-01 14:07:00,MGNX,19.229999542236328,19.229999542236328,19.239999771118164,19.209999084472656,19.239999771118164,3713.0
2024-03-01 14:07:00,MGTX,6.440000057220459,6.440000057220459,6.440000057220459,6.440000057220459,6.440000057220459,629.0
2024-03-01 14:07:00,MIST,1.7350000143051147,1.7350000143051147,1.7350000143051147,1.7350000143051147,1.7350000143051147,110.0
2024-03-01 14:07:00,MLTX,50.78150177001953,50.78150177001953,50.790000915527344,50.779998779296875,50.779998779296875,488.0
2024-03-01 14:07:00,MMSI,76.33000183105469,76.33000183105469,76.33000183105469,76.33000183105469,76.33000183105469,197.0
2024-03-01 14:07:00,MNKD,4.510000228881836,4.510000228881836,4.519999980926514,4.510000228881836,4.519999980926514,12477.0
2024-03-01 14:07:00,MNMD,6.210000038146973,6.210000038146973,6.21999979019165,6.210000038146973,6.21999979019165,759.0
2024-03-01 14:07:00,MNPR,0.8600000143051147,0.8600000143051147,0.8600000143051147,0.8600000143051147,0.8600000143051147,2001.0
2024-03-01 14:07:00,MODV,27.90999984741211,27.90999984741211,28.0,27.834999084472656,27.969999313354492,3986.0
2024-03-01 14:07:00,MOR,17.540000915527344,17.540000915527344,17.540700912475586,17.540000915527344,17.540000915527344,1801.0
2024-03-01 14:07:00,MREO,3.9700000286102295,3.9700000286102295,3.9800000190734863,3.9700000286102295,3.9700000286102295,1450.0
2024-03-01 14:07:00,MRNA,95.12999725341797,95.12999725341797,95.12999725341797,95.0,95.06999969482422,6966.0
2024-03-01 14:07:00,MRSN,5.960000038146973,5.960000038146973,5.960000038146973,5.934999942779541,5.940000057220459,4056.0
2024-03-01 14:07:00,MRUS,51.06999969482422,51.06999969482422,51.09000015258789,51.06999969482422,51.09000015258789,537.0
2024-03-01 14:07:00,MRVI,7.739999771118164,7.739999771118164,7.764999866485596,7.739999771118164,7.764999866485596,3969.0
2024-03-01 14:07:00,MXCT,4.755000114440918,4.755000114440918,4.755000114440918,4.75,4.75,585.0
2024-03-01 14:07:00,MYGN,22.135000228881836,22.135000228881836,22.139999389648438,22.09000015258789,22.139999389648438,4609.0
2024-03-01 14:07:00,NARI,45.5099983215332,45.5099983215332,45.5099983215332,45.5099983215332,45.5099983215332,607.0
2024-03-01 14:07:00,NAUT,2.609999895095825,2.609999895095825,2.609999895095825,2.609999895095825,2.609999895095825,278.0
2024-03-01 14:07:00,NBIX,132.0500030517578,132.0500030517578,132.10000610351562,132.0500030517578,132.10000610351562,4289.0
2024-03-01 14:07:00,NEO,16.075000762939453,16.075000762939453,16.09000015258789,16.075000762939453,16.09000015258789,1178.0
2024-03-01 14:07:00,NEOG,17.389999389648438,17.389999389648438,17.40999984741211,17.389999389648438,17.40999984741211,1403.0
2024-03-01 14:07:00,NERV,2.619999885559082,2.619999885559082,2.619999885559082,2.619999885559082,2.619999885559082,1100.0
2024-03-01 14:07:00,NGM,1.5199999809265137,1.5199999809265137,1.524999976158142,1.5199999809265137,1.5199999809265137,14345.0
2024-03-01 14:07:00,NKTR,0.7769500017166138,0.7769500017166138,0.7799999713897705,0.7769500017166138,0.7799999713897705,700.0
2024-03-01 14:07:00,NKTX,12.8100004196167,12.8100004196167,12.83899974822998,12.8100004196167,12.819999694824219,761.0
2024-03-01 14:07:00,NNOX,10.925000190734863,10.925000190734863,10.925000190734863,10.90999984741211,10.920000076293945,9373.0
2024-03-01 14:07:00,NOTV,8.083999633789062,8.083999633789062,8.09000015258789,8.079999923706055,8.09000015258789,455.0
2024-03-01 14:07:00,NRBO,6.090000152587891,6.090000152587891,6.090000152587891,6.045000076293945,6.090000152587891,1179.0
2024-03-01 14:07:00,NRC,40.599998474121094,40.599998474121094,40.599998474121094,40.540000915527344,40.540000915527344,235.0
2024-03-01 14:07:00,NRIX,13.699999809265137,13.699999809265137,13.699999809265137,13.699999809265137,13.699999809265137,157.0
2024-03-01 14:07:00,NRSN,2.015000104904175,2.015000104904175,2.015000104904175,1.999500036239624,2.002000093460083,6771.0
2024-03-01 14:07:00,NTLA,33.404998779296875,33.404998779296875,33.40999984741211,33.404998779296875,33.40999984741211,1096.0
2024-03-01 14:07:00,NTRA,89.0,89.0,89.01499938964844,88.97000122070312,89.01000213623047,14913.0
2024-03-01 14:07:00,NUVL,87.82499694824219,87.82499694824219,87.82499694824219,87.82499694824219,87.82499694824219,132.0
2024-03-01 14:07:00,NVAX,5.220699787139893,5.220699787139893,5.230000019073486,5.210000038146973,5.213799953460693,33058.0
2024-03-01 14:07:00,NVCR,16.000099182128906,16.000099182128906,16.010000228881836,16.000099182128906,16.010000228881836,817.0
2024-03-01 14:07:00,NXTC,1.8000999689102173,1.8000999689102173,1.8200000524520874,1.7999999523162842,1.7999999523162842,7878.0
2024-03-01 14:07:00,OCGN,0.960099995136261,0.960099995136261,0.960099995136261,0.960099995136261,0.960099995136261,395.0
2024-03-01 14:07:00,OCUL,10.760000228881836,10.760000228881836,10.770000457763672,10.760000228881836,10.770000457763672,470.0
2024-03-01 14:07:00,OCUP,2.4700000286102295,2.4700000286102295,2.4700000286102295,2.4700000286102295,2.4700000286102295,125.0
2024-03-01 14:07:00,OLK,22.905000686645508,22.905000686645508,22.90999984741211,22.905000686645508,22.90999984741211,838.0
2024-03-01 14:07:00,OLMA,14.880000114440918,14.880000114440918,14.880000114440918,14.880000114440918,14.880000114440918,162.0
2024-03-01 14:07:00,OM,3.1449999809265137,3.1449999809265137,3.1500000953674316,3.1449999809265137,3.1500000953674316,455.0
2024-03-01 14:07:00,OMCL,26.299999237060547,26.299999237060547,26.360000610351562,26.299999237060547,26.360000610351562,3700.0
2024-03-01 14:07:00,OMGA,4.394999980926514,4.394999980926514,4.414999961853027,4.389999866485596,4.414999961853027,4849.0
2024-03-01 14:07:00,OMIC,0.607450008392334,0.607450008392334,0.607450008392334,0.607450008392334,0.607450008392334,175.0
2024-03-01 14:07:00,ONCT,10.5,10.5,10.5,10.399999618530273,10.399999618530273,980.0
2024-03-01 14:08:00,ABCL,5.164999961853027,5.164999961853027,5.164999961853027,5.159999847412109,5.164999961853027,547.0
2024-03-01 14:08:00,ABOS,4.599999904632568,4.599999904632568,4.599999904632568,4.5920000076293945,4.5920000076293945,2062.0
2024-03-01 14:08:00,ABSI,5.454999923706055,5.454999923706055,5.460000038146973,5.454999923706055,5.460000038146973,1971.0
2024-03-01 14:08:00,ACAD,24.219999313354492,24.219999313354492,24.219999313354492,24.209999084472656,24.209999084472656,540.0
2024-03-01 14:08:00,ACB,3.2049999237060547,3.2049999237060547,3.2049999237060547,3.200000047683716,3.200000047683716,13676.0
2024-03-01 14:08:00,ACCD,10.104999542236328,10.104999542236328,10.104999542236328,10.104999542236328,10.104999542236328,214.0
2024-03-01 14:08:00,ACET,2.3949999809265137,2.3949999809265137,2.3949999809265137,2.3949999809265137,2.3949999809265137,100.0
2024-03-01 14:08:00,ACLX,68.04499816894531,68.04499816894531,68.04499816894531,68.04499816894531,68.04499816894531,118.0
2024-03-01 14:08:00,ACRS,1.2400000095367432,1.2400000095367432,1.2400000095367432,1.2300000190734863,1.2300000190734863,1220.0
2024-03-01 14:08:00,ACXP,3.0299999713897705,3.0299999713897705,3.0299999713897705,3.0299999713897705,3.0299999713897705,163.0
2024-03-01 14:08:00,ADIL,3.440000057220459,3.440000057220459,3.440000057220459,3.369999885559082,3.3789000511169434,162835.0
2024-03-01 14:08:00,ADMA,5.545000076293945,5.545000076293945,5.546199798583984,5.539999961853027,5.539999961853027,3185.0
2024-03-01 14:08:00,ADPT,4.09499979019165,4.09499979019165,4.09499979019165,4.09499979019165,4.09499979019165,100.0
2024-03-01 14:08:00,ADVM,1.975000023841858,1.975000023841858,1.9800000190734863,1.9700000286102295,1.9800000190734863,956.0
2024-03-01 14:08:00,ADXN,9.050000190734863,9.050000190734863,9.050000190734863,9.050000190734863,9.050000190734863,446.0
2024-03-01 14:08:00,AFIB,0.21389999985694885,0.21389999985694885,0.21389999985694885,0.21389999985694885,0.21389999985694885,9002.0
2024-03-01 14:08:00,AGEN,0.6710500121116638,0.6710500121116638,0.6711999773979187,0.6710000038146973,0.6711999773979187,3726.0
2024-03-01 14:08:00,AGIO,32.77000045776367,32.77000045776367,32.77000045776367,32.7400016784668,32.7400016784668,2228.0
2024-03-01 14:08:00,AHCO,10.520000457763672,10.520000457763672,10.520000457763672,10.520000457763672,10.520000457763672,322.0
2024-03-01 14:08:00,AIMD,0.949999988079071,0.949999988079071,0.949999988079071,0.949999988079071,0.949999988079071,200.0
2024-03-01 14:08:00,AKBA,1.6875,1.6875,1.6875,1.6799999475479126,1.6799999475479126,3089.0
2024-03-01 14:08:00,AKLI,0.3621000051498413,0.3621000051498413,0.3621000051498413,0.3621000051498413,0.3621000051498413,108.0
2024-03-01 14:08:00,AKRO,29.639999389648438,29.639999389648438,29.700000762939453,29.6299991607666,29.674999237060547,5398.0
2024-03-01 14:08:00,ALDX,4.320000171661377,4.320000171661377,4.320000171661377,4.315000057220459,4.315000057220459,442.0
2024-03-01 14:08:00,ALEC,7.429999828338623,7.429999828338623,7.429999828338623,7.400000095367432,7.400000095367432,3808.0
2024-03-01 14:08:00,ALHC,5.664999961853027,5.664999961853027,5.664999961853027,5.664999961853027,5.664999961853027,157.0
2024-03-01 14:08:00,ALKS,30.260000228881836,30.260000228881836,30.260000228881836,30.260000228881836,30.260000228881836,498.0
2024-03-01 14:08:00,ALLK,1.6649999618530273,1.6649999618530273,1.6699999570846558,1.6649999618530273,1.6687999963760376,692.0
2024-03-01 14:08:00,ALLO,5.034999847412109,5.034999847412109,5.034999847412109,5.03000020980835,5.03000020980835,486.0
2024-03-01 14:08:00,ALNY,153.26499938964844,153.26499938964844,153.26499938964844,153.09500122070312,153.09500122070312,1463.0
2024-03-01 14:08:00,ALPN,35.91999816894531,35.91999816894531,35.91999816894531,35.91999816894531,35.91999816894531,257.0
2024-03-01 14:08:00,ALT,12.130000114440918,12.130000114440918,12.135100364685059,12.119999885559082,12.130000114440918,1952.0
2024-03-01 14:08:00,ALVR,0.7544000148773193,0.7544000148773193,0.7544000148773193,0.7544000148773193,0.7544000148773193,130.0
2024-03-01 14:08:00,ALXO,15.050000190734863,15.050000190734863,15.050000190734863,15.050000190734863,15.050000190734863,123.0
2024-03-01 14:08:00,AMED,93.70999908447266,93.70999908447266,93.70999908447266,93.70999908447266,93.70999908447266,243.0
2024-03-01 14:08:00,AMGN,281.04998779296875,281.04998779296875,281.1549987792969,281.0,281.0799865722656,12747.0
2024-03-01 14:08:00,AMLX,18.670000076293945,18.670000076293945,18.68000030517578,18.65999984741211,18.65999984741211,1594.0
2024-03-01 14:08:00,AMPH,45.57500076293945,45.57500076293945,45.650001525878906,45.529998779296875,45.529998779296875,4603.0
2024-03-01 14:08:00,AMRN,1.0549999475479126,1.0549999475479126,1.0549999475479126,1.0549999475479126,1.0549999475479126,1018.0
2024-03-01 14:08:00,ANNX,6.09499979019165,6.09499979019165,6.09499979019165,6.09499979019165,6.09499979019165,213.0
2024-03-01 14:08:00,APLS,64.74250030517578,64.74250030517578,64.81999969482422,64.74250030517578,64.81069946289062,4705.0
2024-03-01 14:08:00,APLT,7.110000133514404,7.110000133514404,7.139999866485596,7.085000038146973,7.125,9060.0
2024-03-01 14:08:00,AQST,4.210599899291992,4.210599899291992,4.210599899291992,4.210599899291992,4.210599899291992,597.0
2024-03-01 14:08:00,ARCT,39.599998474121094,39.599998474121094,39.599998474121094,39.599998474121094,39.599998474121094,234.0
2024-03-01 14:08:00,ARDX,9.477299690246582,9.477299690246582,9.479900360107422,9.470000267028809,9.475000381469727,1699.0
2024-03-01 14:08:00,ARQT,11.645000457763672,11.645000457763672,11.649999618530273,11.630000114440918,11.630000114440918,3879.0
2024-03-01 14:08:00,ARVN,48.834999084472656,48.834999084472656,48.849998474121094,48.77000045776367,48.79999923706055,688.0
2024-03-01 14:08:00,ARWR,35.65999984741211,35.65999984741211,35.65999984741211,35.599998474121094,35.599998474121094,3345.0
2024-03-01 14:08:00,ASND,152.75999450683594,152.75999450683594,152.75999450683594,152.75999450683594,152.75999450683594,114.0
2024-03-01 14:08:00,ASRT,0.9075000286102295,0.9075000286102295,0.9075000286102295,0.9075000286102295,0.9075000286102295,100.0
2024-03-01 14:08:00,ATAI,2.1600000858306885,2.1600000858306885,2.1600000858306885,2.1500000953674316,2.1500000953674316,10767.0
2024-03-01 14:08:00,ATEC,13.449999809265137,13.449999809265137,13.454999923706055,13.449999809265137,13.449999809265137,1125.0
2024-03-01 14:08:00,ATRA,0.7902500033378601,0.7902500033378601,0.7902500033378601,0.7902500033378601,0.7902500033378601,277.0
2024-03-01 14:08:00,ATRC,35.970001220703125,35.970001220703125,35.970001220703125,35.970001220703125,35.970001220703125,443.0
2024-03-01 14:08:00,ATXS,14.699999809265137,14.699999809265137,14.699999809265137,14.699999809265137,14.699999809265137,110.0
2024-03-01 14:08:00,AUGX,4.539999961853027,4.539999961853027,4.539999961853027,4.539999961853027,4.539999961853027,305.0
2024-03-01 14:08:00,AUTL,6.349999904632568,6.349999904632568,6.360000133514404,6.349999904632568,6.360000133514404,2731.0
2024-03-01 14:08:00,AVDL,13.199999809265137,13.199999809265137,13.210000038146973,13.199999809265137,13.199999809265137,11910.0
2024-03-01 14:08:00,AVRO,1.340000033378601,1.340000033378601,1.340000033378601,1.340000033378601,1.340000033378601,315.0
2024-03-01 14:08:00,AXGN,10.539999961853027,10.539999961853027,10.539999961853027,10.539999961853027,10.539999961853027,103.0
2024-03-01 14:08:00,AXNX,67.55999755859375,67.55999755859375,67.55999755859375,67.5,67.5,7468.0
2024-03-01 14:08:00,AXSM,82.37000274658203,82.37000274658203,82.41500091552734,82.29000091552734,82.36000061035156,2307.0
2024-03-01 14:08:00,AZN,64.70989990234375,64.70989990234375,64.70999908447266,64.69999694824219,64.69999694824219,10071.0
2024-03-01 14:08:00,AZTA,66.95999908447266,66.95999908447266,66.95999908447266,66.95999908447266,66.95999908447266,952.0
2024-03-01 14:08:00,BBIO,35.88999938964844,35.88999938964844,35.88999938964844,35.84000015258789,35.849998474121094,3035.0
2024-03-01 14:08:00,BCAB,2.700000047683716,2.700000047683716,2.700000047683716,2.700000047683716,2.700000047683716,139.0
2024-03-01 14:08:00,BCRX,5.710000038146973,5.710000038146973,5.710000038146973,5.710000038146973,5.710000038146973,357.0
2024-03-01 14:08:00,BDTX,4.894999980926514,4.894999980926514,4.900000095367432,4.889999866485596,4.889999866485596,963.0
2024-03-01 14:08:00,BIOL,0.14499999582767487,0.14499999582767487,0.14640000462532043,0.14480000734329224,0.14488999545574188,59873.0
2024-03-01 14:08:00,BIOR,1.0800000429153442,1.0800000429153442,1.090000033378601,1.0800000429153442,1.090000033378601,2368.0
2024-03-01 14:08:00,BIVI,2.0850000381469727,2.0850000381469727,2.089900016784668,2.059999942779541,2.065000057220459,68041.0
2024-03-01 14:08:00,BLFS,18.219999313354492,18.219999313354492,18.219999313354492,18.100000381469727,18.110000610351562,2356.0
2024-03-01 14:08:00,BLPH,0.051600001752376556,0.051600001752376556,0.051600001752376556,0.051600001752376556,0.051600001752376556,15000.0
2024-03-01 14:08:00,BLRX,1.3799999952316284,1.3799999952316284,1.3799999952316284,1.3799999952316284,1.3799999952316284,750.0
2024-03-01 14:08:00,BLUE,1.6064000129699707,1.6064000129699707,1.6100000143051147,1.6039999723434448,1.6050000190734863,2638.0
2024-03-01 14:08:00,BMEA,18.260000228881836,18.260000228881836,18.260000228881836,18.260000228881836,18.260000228881836,309.0
2024-03-01 14:08:00,BMRN,88.0,88.0,88.0,87.9749984741211,88.0,1660.0
2024-03-01 14:08:00,BNR,0.8194500207901001,0.8194500207901001,0.8198000192642212,0.8194500207901001,0.8198000192642212,265.0
2024-03-01 14:08:00,BPMC,96.6449966430664,96.6449966430664,96.6500015258789,96.5199966430664,96.5199966430664,840.0
2024-03-01 14:08:00,BRKR,88.44999694824219,88.44999694824219,88.44999694824219,88.44999694824219,88.44999694824219,1647.0
2024-03-01 14:08:00,BTAI,3.190000057220459,3.190000057220459,3.190000057220459,3.190000057220459,3.190000057220459,140.0
2024-03-01 14:08:00,BTTX,0.18440000712871552,0.18440000712871552,0.1850000023841858,0.1843000054359436,0.1850000023841858,5840.0
2024-03-01 14:08:00,BYSI,1.5,1.5,1.5,1.5,1.5,100.0
2024-03-01 14:08:00,CABA,23.979999542236328,23.979999542236328,23.979999542236328,23.979999542236328,23.979999542236328,298.0
2024-03-01 14:08:00,CARA,0.935699999332428,0.935699999332428,0.935699999332428,0.9344000220298767,0.9344000220298767,600.0
2024-03-01 14:08:00,CBAY,32.224998474121094,32.224998474121094,32.22999954223633,32.220001220703125,32.22999954223633,5400.0
2024-03-01 14:08:00,CCCC,11.0,11.0,11.0,10.951199531555176,10.951199531555176,5602.0
2024-03-01 14:08:00,CDNA,12.520000457763672,12.520000457763672,12.5600004196167,12.520000457763672,12.550000190734863,1269.0
2024-03-01 14:08:00,CDXS,4.559999942779541,4.559999942779541,4.570000171661377,4.554999828338623,4.559999942779541,3332.0
2024-03-01 14:08:00,CERE,41.08250045776367,41.08250045776367,41.084999084472656,41.08000183105469,41.08000183105469,2502.0
2024-03-01 14:08:00,CERS,2.1800999641418457,2.1800999641418457,2.1800999641418457,2.1800999641418457,2.1800999641418457,5009.0
2024-03-01 14:08:00,CERT,17.93000030517578,17.93000030517578,17.940000534057617,17.920000076293945,17.940000534057617,3269.0
2024-03-01 14:08:00,CGC,3.2300000190734863,3.2300000190734863,3.2397000789642334,3.2300000190734863,3.2397000789642334,5564.0
2024-03-01 14:08:00,CGEM,18.584999084472656,18.584999084472656,18.584999084472656,18.584999084472656,18.584999084472656,106.0
2024-03-01 14:08:00,CGEN,2.684999942779541,2.684999942779541,2.684999942779541,2.680000066757202,2.680000066757202,500.0
2024-03-01 14:08:00,CHRS,2.4200000762939453,2.4200000762939453,2.4200000762939453,2.4200000762939453,2.4200000762939453,311.0
2024-03-01 14:08:00,CING,1.3300000429153442,1.3300000429153442,1.3300000429153442,1.3200000524520874,1.3200000524520874,308.0
2024-03-01 14:08:00,CJJD,2.9000000953674316,2.9000000953674316,2.9000000953674316,2.9000000953674316,2.9000000953674316,103.0
2024-03-01 14:08:00,CLDX,52.209999084472656,52.209999084472656,52.209999084472656,52.0,52.0,4830.0
2024-03-01 14:08:00,CLOV,0.8678500056266785,0.8678500056266785,0.8700000047683716,0.8676499724388123,0.8700000047683716,21151.0
2024-03-01 14:08:00,CLPT,6.585000038146973,6.585000038146973,6.585000038146973,6.585000038146973,6.585000038146973,252.0
2024-03-01 14:08:00,CLRB,4.090000152587891,4.090000152587891,4.09499979019165,4.090000152587891,4.090000152587891,2237.0
2024-03-01 14:08:00,CMPS,11.390000343322754,11.390000343322754,11.390000343322754,11.390000343322754,11.390000343322754,216.0
2024-03-01 14:08:00,CNSP,0.3104430139064789,0.3104430139064789,0.3104430139064789,0.3104430139064789,0.3104430139064789,315.0
2024-03-01 14:08:00,COGT,7.190000057220459,7.190000057220459,7.190000057220459,7.190000057220459,7.190000057220459,761.0
2024-03-01 14:08:00,CORT,24.3799991607666,24.3799991607666,24.399999618530273,24.3799991607666,24.399999618530273,3088.0
2024-03-01 14:08:00,CPRX,17.475000381469727,17.475000381469727,17.4950008392334,17.44499969482422,17.44499969482422,9104.0
2024-03-01 14:08:00,CPSI,9.5,9.5,9.5,9.489999771118164,9.5,3329.0
2024-03-01 14:08:00,CRBU,7.875,7.875,7.880000114440918,7.860000133514404,7.864999771118164,3177.0
2024-03-01 14:08:00,CRDF,2.400099992752075,2.400099992752075,2.4007999897003174,2.4000000953674316,2.4003000259399414,6739.0
2024-03-01 14:08:00,CRDL,1.9600000381469727,1.9600000381469727,1.9600000381469727,1.9600000381469727,1.9600000381469727,3057.0
2024-03-01 14:08:00,CRMD,3.680000066757202,3.680000066757202,3.684999942779541,3.680000066757202,3.684999942779541,321.0
2024-03-01 14:08:00,CRON,2.049999952316284,2.049999952316284,2.049999952316284,2.0450000762939453,2.0450000762939453,964.0
2024-03-01 14:08:00,CRSP,85.51809692382812,85.51809692382812,85.51809692382812,85.51809692382812,85.51809692382812,312.0
2024-03-01 14:08:00,CRVS,2.2200000286102295,2.2200000286102295,2.2200000286102295,2.2200000286102295,2.2200000286102295,101.0
2024-03-01 14:08:00,CTKB,9.005000114440918,9.005000114440918,9.010000228881836,9.005000114440918,9.005000114440918,1920.0
2024-03-01 14:08:00,CTMX,2.5399999618530273,2.5399999618530273,2.549999952316284,2.5399999618530273,2.5399999618530273,8852.0
2024-03-01 14:08:00,CUTR,2.3891000747680664,2.3891000747680664,2.3891000747680664,2.3891000747680664,2.3891000747680664,630.0
2024-03-01 14:08:00,CVAC,3.4749999046325684,3.4749999046325684,3.4749999046325684,3.4749999046325684,3.4749999046325684,146.0
2024-03-01 14:08:00,CYTK,73.00499725341797,73.00499725341797,73.04000091552734,73.0,73.0,554.0
2024-03-01 14:08:00,DAWN,17.6299991607666,17.6299991607666,17.6299991607666,17.625,17.6299991607666,2288.0
2024-03-01 14:08:00,DCGO,4.150000095367432,4.150000095367432,4.150000095367432,4.150000095367432,4.150000095367432,234.0
2024-03-01 14:08:00,DCPH,17.47909927368164,17.47909927368164,17.47909927368164,17.47909927368164,17.47909927368164,522.0
2024-03-01 14:08:00,DH,8.859000205993652,8.859000205993652,8.859999656677246,8.859000205993652,8.859999656677246,324.0
2024-03-01 14:08:00,DMTK,0.8374999761581421,0.8374999761581421,0.839900016784668,0.8299999833106995,0.839900016784668,5900.0
2024-03-01 14:08:00,DNLI,21.207300186157227,21.207300186157227,21.209999084472656,21.207300186157227,21.209999084472656,435.0
2024-03-01 14:08:00,DRIO,1.9950000047683716,1.9950000047683716,1.9950000047683716,1.9950000047683716,1.9950000047683716,165.0
2024-03-01 14:08:00,DTIL,12.420000076293945,12.420000076293945,12.470000267028809,12.420000076293945,12.454999923706055,5613.0
2024-03-01 14:08:00,DVAX,12.875,12.875,12.890000343322754,12.869999885559082,12.890000343322754,16520.0
2024-03-01 14:08:00,DXCM,122.0250015258789,122.0250015258789,122.05000305175781,121.9800033569336,121.98999786376953,8137.0
2024-03-01 14:08:00,DYN,28.579999923706055,28.579999923706055,28.59000015258789,28.579999923706055,28.579999923706055,2050.0
2024-03-01 14:08:00,ECOR,7.019999980926514,7.019999980926514,7.019999980926514,7.019999980926514,7.019999980926514,1102.0
2024-03-01 14:08:00,EDIT,10.869999885559082,10.869999885559082,10.869999885559082,10.864999771118164,10.864999771118164,851.0
2024-03-01 14:08:00,EFTR,15.680000305175781,15.680000305175781,15.680000305175781,15.600000381469727,15.600000381469727,1909.0
2024-03-01 14:08:00,EGRX,6.670000076293945,6.670000076293945,6.670000076293945,6.670000076293945,6.670000076293945,103.0
2024-03-01 14:08:00,ELEV,5.045000076293945,5.045000076293945,5.050000190734863,5.045000076293945,5.045000076293945,400.0
2024-03-01 14:08:00,ENSG,122.05500030517578,122.05500030517578,122.05500030517578,122.05500030517578,122.05500030517578,256.0
2024-03-01 14:08:00,ENVB,1.5299999713897705,1.5299999713897705,1.5299999713897705,1.5199999809265137,1.524999976158142,2446.0
2024-03-01 14:08:00,EOLS,14.829999923706055,14.829999923706055,14.829999923706055,14.829999923706055,14.829999923706055,831.0
2024-03-01 14:08:00,EPIX,9.425000190734863,9.425000190734863,9.425000190734863,9.425000190734863,9.425000190734863,115.0
2024-03-01 14:08:00,ERAS,2.5199999809265137,2.5199999809265137,2.5199999809265137,2.515000104904175,2.515000104904175,799.0
2024-03-01 14:08:00,ESPR,2.5450000762939453,2.5450000762939453,2.5450000762939453,2.5399999618530273,2.5450000762939453,1625.0
2024-03-01 14:08:00,ETNB,12.930000305175781,12.930000305175781,12.930000305175781,12.930000305175781,12.930000305175781,554.0
2024-03-01 14:08:00,EWTX,17.0,17.0,17.010000228881836,17.0,17.0049991607666,1867.0
2024-03-01 14:08:00,EXAI,6.71999979019165,6.71999979019165,6.71999979019165,6.71999979019165,6.71999979019165,458.0
2024-03-01 14:08:00,EXAS,60.0099983215332,60.0099983215332,60.029998779296875,60.0,60.029998779296875,768.0
2024-03-01 14:08:00,EXEL,22.475000381469727,22.475000381469727,22.479999542236328,22.46500015258789,22.469999313354492,5346.0
2024-03-01 14:08:00,EYEN,2.3499999046325684,2.3499999046325684,2.359999895095825,2.3399999141693115,2.359999895095825,4760.0
2024-03-01 14:08:00,FATE,7.730000019073486,7.730000019073486,7.730000019073486,7.71999979019165,7.71999979019165,4241.0
2024-03-01 14:08:00,FBIO,2.3499999046325684,2.3499999046325684,2.3499999046325684,2.3499999046325684,2.3499999046325684,602.0
2024-03-01 14:08:00,FEMY,1.7400000095367432,1.7400000095367432,1.7510000467300415,1.7400000095367432,1.7510000467300415,2750.0
2024-03-01 14:08:00,FENC,9.84000015258789,9.84000015258789,9.84000015258789,9.84000015258789,9.84000015258789,255.0
2024-03-01 14:08:00,FOLD,13.399999618530273,13.399999618530273,13.399999618530273,13.399999618530273,13.399999618530273,390.0
2024-03-01 14:08:00,FUSN,12.25,12.25,12.270000457763672,12.244999885559082,12.244999885559082,810.0
2024-03-01 14:08:00,FWBI,8.732099533081055,8.732099533081055,8.75,8.732099533081055,8.739999771118164,841.0
2024-03-01 14:08:00,GANX,4.639999866485596,4.639999866485596,4.639999866485596,4.639999866485596,4.639999866485596,130.0
2024-03-01 14:08:00,GBIO,2.619999885559082,2.619999885559082,2.619999885559082,2.619999885559082,2.619999885559082,110.0
2024-03-01 14:08:00,GDRX,8.390000343322754,8.390000343322754,8.395000457763672,8.380000114440918,8.380000114440918,1258.0
2024-03-01 14:08:00,GENE,2.2899999618530273,2.2899999618530273,2.299999952316284,2.2899999618530273,2.299999952316284,610.0
2024-03-01 14:08:00,GERN,2.2699999809265137,2.2699999809265137,2.2795000076293945,2.2699999809265137,2.2699999809265137,16134.0
2024-03-01 14:08:00,GH,19.09000015258789,19.09000015258789,19.09000015258789,19.09000015258789,19.09000015258789,232.0
2024-03-01 14:08:00,GILD,72.41500091552734,72.41500091552734,72.47000122070312,72.41000366210938,72.46499633789062,15193.0
2024-03-01 14:08:00,GLYC,3.015000104904175,3.015000104904175,3.015000104904175,3.015000104904175,3.015000104904175,100.0
2024-03-01 14:08:00,GMAB,29.434999465942383,29.434999465942383,29.434999465942383,29.424999237060547,29.424999237060547,2135.0
2024-03-01 14:08:00,GMDA,0.3799000084400177,0.3799000084400177,0.3799000084400177,0.3770500123500824,0.37880000472068787,2050.0
2024-03-01 14:08:00,GRFS,7.105000019073486,7.105000019073486,7.110000133514404,7.060100078582764,7.060100078582764,14812.0
2024-03-01 14:08:00,GRTS,2.125,2.125,2.130000114440918,2.125,2.130000114440918,1296.0
2024-03-01 14:08:00,GTHX,3.75,3.75,3.75,3.7497000694274902,3.7497000694274902,416.0
2024-03-01 14:08:00,HALO,41.36000061035156,41.36000061035156,41.380001068115234,41.36000061035156,41.369998931884766,1018.0
2024-03-01 14:08:00,HCSG,12.630000114440918,12.630000114440918,12.630000114440918,12.585000038146973,12.585000038146973,7928.0
2024-03-01 14:08:00,HCTI,2.350100040435791,2.350100040435791,2.350100040435791,2.350100040435791,2.350100040435791,110.0
2024-03-01 14:08:00,HITI,1.7599999904632568,1.7599999904632568,1.7599999904632568,1.7599999904632568,1.7599999904632568,186.0
2024-03-01 14:08:00,HLTH,0.26980000734329224,0.26980000734329224,0.26989999413490295,0.26980000734329224,0.26989999413490295,420.0
2024-03-01 14:08:00,HOWL,7.03000020980835,7.03000020980835,7.03000020980835,7.03000020980835,7.03000020980835,216.0
2024-03-01 14:08:00,HPCO,0.259799987077713,0.259799987077713,0.259799987077713,0.25,0.2500999867916107,2038.0
2024-03-01 14:08:00,HROW,10.859999656677246,10.859999656677246,10.869999885559082,10.859999656677246,10.869999885559082,4295.0
2024-03-01 14:08:00,HRTX,2.559999942779541,2.559999942779541,2.5622000694274902,2.559999942779541,2.5622000694274902,3330.0
2024-03-01 14:08:00,HSDT,4.855000019073486,4.855000019073486,4.855000019073486,4.855000019073486,4.855000019073486,269.0
2024-03-01 14:08:00,HSIC,76.80500030517578,76.80500030517578,76.80500030517578,76.80500030517578,76.80500030517578,157.0
2024-03-01 14:08:00,HUMA,3.2725000381469727,3.2725000381469727,3.2850000858306885,3.2699999809265137,3.2850000858306885,7403.0
2024-03-01 14:08:00,IART,36.40999984741211,36.40999984741211,36.42499923706055,36.40999984741211,36.42499923706055,322.0
2024-03-01 14:08:00,IBRX,4.869999885559082,4.869999885559082,4.869999885559082,4.860000133514404,4.863999843597412,7347.0
2024-03-01 14:08:00,ICCM,1.309999942779541,1.309999942779541,1.309999942779541,1.309999942779541,1.309999942779541,154.0
2024-03-01 14:08:00,ICUI,106.04499816894531,106.04499816894531,106.04499816894531,106.04499816894531,106.04499816894531,131.0
2024-03-01 14:08:00,IDXX,578.9500122070312,578.9500122070312,579.3699951171875,578.3200073242188,578.3200073242188,2197.0
2024-03-01 14:08:00,IDYA,46.84000015258789,46.84000015258789,46.84000015258789,46.84000015258789,46.84000015258789,626.0
2024-03-01 14:08:00,IGMS,13.295000076293945,13.295000076293945,13.295000076293945,13.295000076293945,13.295000076293945,134.0
2024-03-01 14:08:00,IKT,2.119999885559082,2.119999885559082,2.119999885559082,2.119999885559082,2.119999885559082,2000.0
2024-03-01 14:08:00,ILMN,142.07000732421875,142.07000732421875,142.07000732421875,142.07000732421875,142.07000732421875,519.0
2024-03-01 14:08:00,IMCR,68.01750183105469,68.01750183105469,68.12000274658203,68.0,68.01750183105469,3911.0
2024-03-01 14:08:00,IMMX,3.5499000549316406,3.5499000549316406,3.549999952316284,3.5299999713897705,3.549999952316284,9148.0
2024-03-01 14:08:00,IMUX,1.4700000286102295,1.4700000286102295,1.4700000286102295,1.4700000286102295,1.4700000286102295,304.0
2024-03-01 14:08:00,IMVT,35.970001220703125,35.970001220703125,35.970001220703125,35.95000076293945,35.970001220703125,421.0
2024-03-01 14:08:00,INBX,36.619998931884766,36.619998931884766,36.67499923706055,36.619998931884766,36.67499923706055,356.0
2024-03-01 14:08:00,INCY,59.47999954223633,59.47999954223633,59.4900016784668,59.459999084472656,59.459999084472656,3430.0
2024-03-01 14:08:00,INGN,6.78000020980835,6.78000020980835,6.78000020980835,6.769999980926514,6.769999980926514,1514.0
2024-03-01 14:08:00,INMD,22.854999542236328,22.854999542236328,22.854999542236328,22.84000015258789,22.84000015258789,1442.0
2024-03-01 14:08:00,INO,9.640000343322754,9.640000343322754,9.640000343322754,9.609999656677246,9.610099792480469,6107.0
2024-03-01 14:08:00,INSM,28.219999313354492,28.219999313354492,28.219999313354492,28.21500015258789,28.21500015258789,342.0
2024-03-01 14:08:00,INVA,15.5600004196167,15.5600004196167,15.5649995803833,15.5600004196167,15.5600004196167,2300.0
2024-03-01 14:08:00,IONS,45.98500061035156,45.98500061035156,45.9900016784668,45.939998626708984,45.95000076293945,3597.0
2024-03-01 14:08:00,IOVA,17.020000457763672,17.020000457763672,17.030000686645508,17.020000457763672,17.020099639892578,27921.0
2024-03-01 14:08:00,IPSC,3.924999952316284,3.924999952316284,3.924999952316284,3.924999952316284,3.924999952316284,120.0
2024-03-01 14:08:00,IRWD,9.024999618530273,9.024999618530273,9.03499984741211,9.010000228881836,9.010000228881836,18944.0
2024-03-01 14:08:00,ISRG,396.9200134277344,396.9200134277344,396.9800109863281,396.8399963378906,396.8399963378906,2343.0
2024-03-01 14:08:00,ITCI,71.95999908447266,71.95999908447266,71.95999908447266,71.95999908447266,71.95999908447266,726.0
2024-03-01 14:08:00,IVVD,3.9600000381469727,3.9600000381469727,3.9700000286102295,3.9600000381469727,3.9700000286102295,1879.0
2024-03-01 14:08:00,JAGX,0.07850000262260437,0.07850000262260437,0.07850000262260437,0.07739999890327454,0.07739999890327454,453251.0
2024-03-01 14:08:00,JANX,46.04499816894531,46.04499816894531,46.16999816894531,46.040000915527344,46.16999816894531,2298.0
2024-03-01 14:08:00,JAZZ,119.18620300292969,119.18620300292969,119.18620300292969,119.18620300292969,119.18620300292969,244.0
2024-03-01 14:08:00,JSPR,21.399999618530273,21.399999618530273,21.399999618530273,21.270000457763672,21.270000457763672,260.0
2024-03-01 14:08:00,JYNT,9.979999542236328,9.979999542236328,9.994999885559082,9.979999542236328,9.994999885559082,214.0
2024-03-01 14:08:00,KALV,14.15999984741211,14.15999984741211,14.15999984741211,14.15999984741211,14.15999984741211,101.0
2024-03-01 14:08:00,KNSA,21.829999923706055,21.829999923706055,21.829999923706055,21.799999237060547,21.799999237060547,445.0
2024-03-01 14:08:00,KNTE,2.609999895095825,2.609999895095825,2.609999895095825,2.609999895095825,2.609999895095825,100.0
2024-03-01 14:08:00,KPTI,1.1749999523162842,1.1749999523162842,1.1749999523162842,1.1749999523162842,1.1749999523162842,476.0
2024-03-01 14:08:00,KRMD,2.134999990463257,2.134999990463257,2.134999990463257,2.134999990463257,2.134999990463257,100.0
2024-03-01 14:08:00,KROS,70.00499725341797,70.00499725341797,70.00499725341797,70.00499725341797,70.00499725341797,220.0
2024-03-01 14:08:00,KTRA,0.10100000351667404,0.10100000351667404,0.10270000249147415,0.10100000351667404,0.10270000249147415,7350.0
2024-03-01 14:08:00,KURA,21.899999618530273,21.899999618530273,21.899999618530273,21.899999618530273,21.899999618530273,892.0
2024-03-01 14:08:00,KYMR,43.845001220703125,43.845001220703125,43.845001220703125,43.845001220703125,43.845001220703125,200.0
2024-03-01 14:08:00,KZIA,0.23999999463558197,0.23999999463558197,0.23999999463558197,0.23999999463558197,0.23999999463558197,1903.0
2024-03-01 14:08:00,KZR,1.0850000381469727,1.0850000381469727,1.090000033378601,1.0850000381469727,1.090000033378601,3782.0
2024-03-01 14:08:00,LAB,2.4600000381469727,2.4600000381469727,2.4600000381469727,2.4549999237060547,2.4549999237060547,1278.0
2024-03-01 14:08:00,LBPH,21.915000915527344,21.915000915527344,21.915000915527344,21.915000915527344,21.915000915527344,319.0
2024-03-01 14:08:00,LEGN,65.61000061035156,65.61000061035156,65.61000061035156,65.61000061035156,65.61000061035156,345.0
2024-03-01 14:08:00,LEXX,2.8450000286102295,2.8450000286102295,2.8450000286102295,2.8450000286102295,2.8450000286102295,150.0
2024-03-01 14:08:00,LFMD,7.940000057220459,7.940000057220459,7.949999809265137,7.940000057220459,7.949999809265137,702.0
2024-03-01 14:08:00,LFST,7.724999904632568,7.724999904632568,7.724999904632568,7.724999904632568,7.724999904632568,107.0
2024-03-01 14:08:00,LIVN,55.900001525878906,55.900001525878906,55.900001525878906,55.900001525878906,55.900001525878906,195.0
2024-03-01 14:08:00,LNTH,64.80999755859375,64.80999755859375,64.88500213623047,64.80999755859375,64.88500213623047,215.0
2024-03-01 14:08:00,LQDA,14.710000038146973,14.710000038146973,14.710000038146973,14.710000038146973,14.710000038146973,271.0
2024-03-01 14:08:00,LRMR,11.383500099182129,11.383500099182129,11.383500099182129,11.383500099182129,11.383500099182129,419.0
2024-03-01 14:08:00,LTRN,4.45550012588501,4.45550012588501,4.45550012588501,4.360000133514404,4.369999885559082,3596.0
2024-03-01 14:08:00,LUNG,9.444999694824219,9.444999694824219,9.460000038146973,9.4399995803833,9.460000038146973,1080.0
2024-03-01 14:08:00,LVTX,2.759999990463257,2.759999990463257,2.759999990463257,2.75,2.75,299.0
2024-03-01 14:08:00,LXRX,2.494999885559082,2.494999885559082,2.5,2.494999885559082,2.494999885559082,2311.0
2024-03-01 14:08:00,LYEL,3.190000057220459,3.190000057220459,3.190000057220459,3.190000057220459,3.190000057220459,104.0
2024-03-01 14:08:00,LYRA,5.599999904632568,5.599999904632568,5.599999904632568,5.599999904632568,5.599999904632568,100.0
2024-03-01 14:08:00,MASI,127.67500305175781,127.67500305175781,127.76000213623047,127.67500305175781,127.76000213623047,1070.0
2024-03-01 14:08:00,MCRB,1.2300000190734863,1.2300000190734863,1.2300000190734863,1.2200000286102295,1.2300000190734863,33863.0
2024-03-01 14:08:00,MDGL,249.3719940185547,249.3719940185547,249.3719940185547,249.3719940185547,249.3719940185547,680.0
2024-03-01 14:08:00,MDRX,5.96999979019165,5.96999979019165,6.0,5.949999809265137,5.949999809265137,48528.0
2024-03-01 14:08:00,MDXG,8.625,8.625,8.630000114440918,8.625,8.625,905.0
2024-03-01 14:08:00,ME,0.5584999918937683,0.5584999918937683,0.5584999918937683,0.5576000213623047,0.5576000213623047,11681.0
2024-03-01 14:08:00,MEDP,401.1000061035156,401.1000061035156,401.2799987792969,401.1000061035156,401.2799987792969,2265.0
2024-03-01 14:08:00,MGNX,19.270000457763672,19.270000457763672,19.270000457763672,19.25,19.25,8233.0
2024-03-01 14:08:00,MGTX,6.421500205993652,6.421500205993652,6.421500205993652,6.421500205993652,6.421500205993652,799.0
2024-03-01 14:08:00,MIRM,29.684999465942383,29.684999465942383,29.684999465942383,29.684999465942383,29.684999465942383,110.0
2024-03-01 14:08:00,MLTX,50.9911003112793,50.9911003112793,50.9911003112793,50.790000915527344,50.790000915527344,4436.0
2024-03-01 14:08:00,MMSI,76.43000030517578,76.43000030517578,76.43000030517578,76.43000030517578,76.43000030517578,701.0
2024-03-01 14:08:00,MNKD,4.510000228881836,4.510000228881836,4.519999980926514,4.510000228881836,4.510000228881836,9543.0
2024-03-01 14:08:00,MNMD,6.203999996185303,6.203999996185303,6.210000038146973,6.199999809265137,6.210000038146973,3808.0
2024-03-01 14:08:00,MODD,1.8801000118255615,1.8801000118255615,1.8801000118255615,1.8801000118255615,1.8801000118255615,300.0
2024-03-01 14:08:00,MODV,28.010000228881836,28.010000228881836,28.030000686645508,27.90999984741211,27.90999984741211,1479.0
2024-03-01 14:08:00,MOR,17.540000915527344,17.540000915527344,17.540000915527344,17.540000915527344,17.540000915527344,101.0
2024-03-01 14:08:00,MOTS,0.6520000100135803,0.6520000100135803,0.6532999873161316,0.6520000100135803,0.6532999873161316,4632.0
2024-03-01 14:08:00,MREO,3.9700000286102295,3.9700000286102295,3.9700000286102295,3.9700000286102295,3.9700000286102295,1095.0
2024-03-01 14:08:00,MRNA,95.18499755859375,95.18499755859375,95.20999908447266,95.13999938964844,95.15499877929688,3157.0
2024-03-01 14:08:00,MRNS,10.430000305175781,10.430000305175781,10.430000305175781,10.420000076293945,10.420000076293945,310.0
2024-03-01 14:08:00,MRSN,5.96999979019165,5.96999979019165,5.96999979019165,5.954999923706055,5.960000038146973,6020.0
2024-03-01 14:08:00,MRUS,51.07500076293945,51.07500076293945,51.162498474121094,51.0099983215332,51.150001525878906,2317.0
2024-03-01 14:08:00,MRVI,7.744999885559082,7.744999885559082,7.744999885559082,7.735000133514404,7.735000133514404,3534.0
2024-03-01 14:08:00,MYGN,22.114999771118164,22.114999771118164,22.135000228881836,22.114999771118164,22.135000228881836,510.0
2024-03-01 14:08:00,NARI,45.459999084472656,45.459999084472656,45.494998931884766,45.439998626708984,45.45000076293945,4096.0
2024-03-01 14:08:00,NEO,16.059999465942383,16.059999465942383,16.059999465942383,16.059999465942383,16.059999465942383,100.0
2024-03-01 14:08:00,NEOG,17.395000457763672,17.395000457763672,17.395000457763672,17.395000457763672,17.395000457763672,108.0
2024-03-01 14:08:00,NGM,1.5199999809265137,1.5199999809265137,1.5199999809265137,1.5199999809265137,1.5199999809265137,1358.0
2024-03-01 14:08:00,NKTR,0.7799999713897705,0.7799999713897705,0.7799999713897705,0.7799999713897705,0.7799999713897705,1200.0
2024-03-01 14:08:00,NKTX,12.819999694824219,12.819999694824219,12.819999694824219,12.819999694824219,12.819999694824219,312.0
2024-03-01 14:08:00,NNOX,10.920000076293945,10.920000076293945,10.930000305175781,10.915200233459473,10.920100212097168,5796.0
2024-03-01 14:08:00,NOTV,8.100000381469727,8.100000381469727,8.100000381469727,8.100000381469727,8.100000381469727,434.0
2024-03-01 14:08:00,NRBO,6.079999923706055,6.079999923706055,6.079999923706055,6.079999923706055,6.079999923706055,298.0
2024-03-01 14:08:00,NRIX,13.710000038146973,13.710000038146973,13.710000038146973,13.694999694824219,13.694999694824219,219.0
2024-03-01 14:08:00,NRSN,2.0139999389648438,2.0139999389648438,2.0139999389648438,2.0139999389648438,2.0139999389648438,3259.0
2024-03-01 14:08:00,NRXP,0.4262999892234802,0.4262999892234802,0.4262999892234802,0.4262999892234802,0.4262999892234802,201.0
2024-03-01 14:08:00,NTLA,33.40999984741211,33.40999984741211,33.40999984741211,33.40999984741211,33.40999984741211,297.0
2024-03-01 14:08:00,NTRA,89.06999969482422,89.06999969482422,89.06999969482422,89.01499938964844,89.02999877929688,4421.0
2024-03-01 14:08:00,NUWE,0.5752999782562256,0.5752999782562256,0.5753999948501587,0.5752999782562256,0.5753999948501587,900.0
2024-03-01 14:08:00,NVAX,5.235000133514404,5.235000133514404,5.239999771118164,5.229899883270264,5.230000019073486,12198.0
2024-03-01 14:08:00,NVCR,16.010000228881836,16.010000228881836,16.010000228881836,16.010000228881836,16.010000228881836,1416.0
2024-03-01 14:08:00,NVCT,10.760000228881836,10.760000228881836,10.800000190734863,10.760000228881836,10.800000190734863,9656.0
2024-03-01 14:08:00,NXTC,1.809999942779541,1.809999942779541,1.809999942779541,1.7999999523162842,1.7999999523162842,2361.0
2024-03-01 14:08:00,OCGN,0.9584000110626221,0.9584000110626221,0.960099995136261,0.958299994468689,0.9584000110626221,25170.0
2024-03-01 14:08:00,OCUL,10.770000457763672,10.770000457763672,10.770000457763672,10.765000343322754,10.765000343322754,1537.0
2024-03-01 14:08:00,OGI,2.170099973678589,2.170099973678589,2.172499895095825,2.170099973678589,2.172499895095825,202.0
2024-03-01 14:08:00,OLMA,14.890000343322754,14.890000343322754,14.930000305175781,14.880000114440918,14.90999984741211,2853.0
2024-03-01 14:08:00,OMCL,26.320499420166016,26.320499420166016,26.320499420166016,26.320499420166016,26.320499420166016,290.0
2024-03-01 14:08:00,OMGA,4.394999980926514,4.394999980926514,4.397500038146973,4.389999866485596,4.389999866485596,697.0
2024-03-01 14:09:00,AADI,1.9950000047683716,1.9950000047683716,1.9950000047683716,1.9950000047683716,1.9950000047683716,558.0
2024-03-01 14:09:00,ABCL,5.164999961853027,5.164999961853027,5.170000076293945,5.159999847412109,5.159999847412109,778.0
2024-03-01 14:09:00,ABOS,4.611499786376953,4.611499786376953,4.611499786376953,4.611499786376953,4.611499786376953,545.0
2024-03-01 14:09:00,ABSI,5.465000152587891,5.465000152587891,5.46999979019165,5.460700035095215,5.460700035095215,1218.0
2024-03-01 14:09:00,ABUS,2.75,2.75,2.75,2.744999885559082,2.744999885559082,230.0
2024-03-01 14:09:00,ACAD,24.264999389648438,24.264999389648438,24.264999389648438,24.219999313354492,24.219999313354492,9164.0
2024-03-01 14:09:00,ACB,3.200000047683716,3.200000047683716,3.200000047683716,3.200000047683716,3.200000047683716,192.0
2024-03-01 14:09:00,ACCD,10.109999656677246,10.109999656677246,10.109999656677246,10.109999656677246,10.109999656677246,503.0
2024-03-01 14:09:00,ACET,2.4000000953674316,2.4000000953674316,2.4000000953674316,2.390000104904175,2.390000104904175,300.0
2024-03-01 14:09:00,ACHL,1.3309999704360962,1.3309999704360962,1.3309999704360962,1.3300000429153442,1.3309999704360962,4926.0
2024-03-01 14:09:00,ACHV,4.349999904632568,4.349999904632568,4.349999904632568,4.349999904632568,4.349999904632568,127.0
2024-03-01 14:09:00,ACLX,68.13500213623047,68.13500213623047,68.16000366210938,68.0999984741211,68.0999984741211,1454.0
2024-03-01 14:09:00,ACRS,1.2400000095367432,1.2400000095367432,1.2400000095367432,1.2300000190734863,1.2300000190734863,1167.0
2024-03-01 14:09:00,ADIL,3.5,3.5,3.5799999237060547,3.430000066757202,3.43969988822937,466940.0
2024-03-01 14:09:00,ADMA,5.550000190734863,5.550000190734863,5.550000190734863,5.545000076293945,5.550000190734863,7499.0
2024-03-01 14:09:00,ADPT,4.110000133514404,4.110000133514404,4.110000133514404,4.09499979019165,4.09499979019165,4479.0
2024-03-01 14:09:00,ADVM,1.9700000286102295,1.9700000286102295,1.9800000190734863,1.9700000286102295,1.9700000286102295,1062.0
2024-03-01 14:09:00,AFMD,0.656237006187439,0.656237006187439,0.6563000082969666,0.656237006187439,0.6563000082969666,2103.0
2024-03-01 14:09:00,AGEN,0.6711000204086304,0.6711000204086304,0.6711000204086304,0.6708999872207642,0.6710500121116638,78182.0
2024-03-01 14:09:00,AGIO,32.811100006103516,32.811100006103516,32.811100006103516,32.7599983215332,32.7599983215332,2901.0
2024-03-01 14:09:00,AGRX,0.8399999737739563,0.8399999737739563,0.8399999737739563,0.8399999737739563,0.8399999737739563,29760.0
2024-03-01 14:09:00,AHCO,10.520000457763672,10.520000457763672,10.524999618530273,10.520000457763672,10.524999618530273,2117.0
2024-03-01 14:09:00,AIRS,6.454999923706055,6.454999923706055,6.454999923706055,6.454999923706055,6.454999923706055,105.0
2024-03-01 14:09:00,AKAN,0.20999999344348907,0.20999999344348907,0.20999999344348907,0.20999999344348907,0.20999999344348907,688.0
2024-03-01 14:09:00,AKBA,1.690000057220459,1.690000057220459,1.690000057220459,1.690000057220459,1.690000057220459,100.0
2024-03-01 14:09:00,AKLI,0.35510000586509705,0.35510000586509705,0.35510000586509705,0.35510000586509705,0.35510000586509705,707.0
2024-03-01 14:09:00,AKRO,29.635000228881836,29.635000228881836,29.635000228881836,29.635000228881836,29.635000228881836,377.0
2024-03-01 14:09:00,ALDX,4.329999923706055,4.329999923706055,4.329999923706055,4.320000171661377,4.320000171661377,1841.0
2024-03-01 14:09:00,ALGN,303.0249938964844,303.0249938964844,303.0249938964844,303.0249938964844,303.0249938964844,634.0
2024-03-01 14:09:00,ALHC,5.650000095367432,5.650000095367432,5.659999847412109,5.650000095367432,5.659999847412109,3628.0
2024-03-01 14:09:00,ALKS,30.260000228881836,30.260000228881836,30.270000457763672,30.2549991607666,30.260000228881836,1249.0
2024-03-01 14:09:00,ALLK,1.6689000129699707,1.6689000129699707,1.6699999570846558,1.6689000129699707,1.6699999570846558,498.0
2024-03-01 14:09:00,ALLO,5.034999847412109,5.034999847412109,5.034999847412109,5.03000020980835,5.03000020980835,1996.0
2024-03-01 14:09:00,ALNY,153.2100067138672,153.2100067138672,153.27000427246094,153.14500427246094,153.14500427246094,1357.0
2024-03-01 14:09:00,ALPN,35.91999816894531,35.91999816894531,35.95989990234375,35.91999816894531,35.95989990234375,765.0
2024-03-01 14:09:00,ALT,12.164999961853027,12.164999961853027,12.164999961853027,12.119999885559082,12.119999885559082,3540.0
2024-03-01 14:09:00,ALVR,0.7544000148773193,0.7544000148773193,0.7544999718666077,0.7544000148773193,0.7544000148773193,1914.0
2024-03-01 14:09:00,ALXO,15.020000457763672,15.020000457763672,15.029999732971191,15.020000457763672,15.029999732971191,710.0
2024-03-01 14:09:00,AMGN,281.07000732421875,281.07000732421875,281.07000732421875,280.97918701171875,281.0050048828125,2129.0
2024-03-01 14:09:00,AMLX,18.709999084472656,18.709999084472656,18.709999084472656,18.690000534057617,18.690000534057617,2942.0
2024-03-01 14:09:00,AMPH,45.52320098876953,45.52320098876953,45.61000061035156,45.5,45.58000183105469,3038.0
2024-03-01 14:09:00,AMRN,1.0549999475479126,1.0549999475479126,1.0549999475479126,1.0549999475479126,1.0549999475479126,2700.0
2024-03-01 14:09:00,ANAB,25.3799991607666,25.3799991607666,25.3799991607666,25.3799991607666,25.3799991607666,224.0
2024-03-01 14:09:00,ANIP,67.0,67.0,67.0,66.81500244140625,66.81500244140625,1311.0
2024-03-01 14:09:00,ANNX,6.09499979019165,6.09499979019165,6.099999904632568,6.09499979019165,6.099999904632568,1442.0
2024-03-01 14:09:00,ANTX,3.0299999713897705,3.0299999713897705,3.0299999713897705,3.0299999713897705,3.0299999713897705,201.0
2024-03-01 14:09:00,APLS,64.76000213623047,64.76000213623047,64.83000183105469,64.68000030517578,64.74500274658203,3912.0
2024-03-01 14:09:00,APLT,7.130000114440918,7.130000114440918,7.130000114440918,7.114999771118164,7.119999885559082,1273.0
2024-03-01 14:09:00,AQST,4.2195000648498535,4.2195000648498535,4.219900131225586,4.210100173950195,4.215000152587891,10089.0
2024-03-01 14:09:00,ARCT,39.66999816894531,39.66999816894531,39.66999816894531,39.619998931884766,39.619998931884766,1118.0
2024-03-01 14:09:00,ARDX,9.479999542236328,9.479999542236328,9.484999656677246,9.479999542236328,9.479999542236328,2327.0
2024-03-01 14:09:00,ARGX,392.68499755859375,392.68499755859375,392.68499755859375,392.5199890136719,392.5199890136719,1222.0
2024-03-01 14:09:00,ARQT,11.654999732971191,11.654999732971191,11.65999984741211,11.649999618530273,11.649999618530273,1937.0
2024-03-01 14:09:00,ARVN,48.79999923706055,48.79999923706055,48.79999923706055,48.79999923706055,48.79999923706055,300.0
2024-03-01 14:09:00,ARWR,35.720001220703125,35.720001220703125,35.720001220703125,35.68000030517578,35.68000030517578,1566.0
2024-03-01 14:09:00,ASND,152.67999267578125,152.67999267578125,152.67999267578125,152.6699981689453,152.6699981689453,238.0
2024-03-01 14:09:00,ASRT,0.9100000262260437,0.9100000262260437,0.9100000262260437,0.9075000286102295,0.9075000286102295,1203.0
2024-03-01 14:09:00,ATAI,2.1596999168395996,2.1596999168395996,2.1596999168395996,2.1596999168395996,2.1596999168395996,700.0
2024-03-01 14:09:00,ATEC,13.449999809265137,13.449999809265137,13.460000038146973,13.449999809265137,13.460000038146973,2158.0
2024-03-01 14:09:00,ATHA,3.984999895095825,3.984999895095825,3.990000009536743,3.984999895095825,3.990000009536743,1105.0
2024-03-01 14:09:00,ATRA,0.7914999723434448,0.7914999723434448,0.7914999723434448,0.7914999723434448,0.7914999723434448,300.0
2024-03-01 14:09:00,ATXS,14.705599784851074,14.705599784851074,14.705599784851074,14.705599784851074,14.705599784851074,187.0
2024-03-01 14:09:00,AUGX,4.539999961853027,4.539999961853027,4.539999961853027,4.539999961853027,4.539999961853027,100.0
2024-03-01 14:09:00,AUPH,5.824999809265137,5.824999809265137,5.829999923706055,5.824999809265137,5.829999923706055,677.0
2024-03-01 14:09:00,AVDL,13.199999809265137,13.199999809265137,13.210000038146973,13.199999809265137,13.199999809265137,6466.0
2024-03-01 14:09:00,AVIR,4.461999893188477,4.461999893188477,4.461999893188477,4.460000038146973,4.460000038146973,972.0
2024-03-01 14:09:00,AVRO,1.3300000429153442,1.3300000429153442,1.340000033378601,1.3300000429153442,1.340000033378601,1465.0
2024-03-01 14:09:00,AVTE,24.06999969482422,24.06999969482422,24.06999969482422,24.059999465942383,24.059999465942383,210.0
2024-03-01 14:09:00,AVXL,5.321100234985352,5.321100234985352,5.321100234985352,5.321100234985352,5.321100234985352,2114.0
2024-03-01 14:09:00,AXGN,10.550000190734863,10.550000190734863,10.550000190734863,10.550000190734863,10.550000190734863,149.0
2024-03-01 14:09:00,AXNX,67.54000091552734,67.54000091552734,67.5999984741211,67.5,67.58000183105469,7508.0
2024-03-01 14:09:00,AXSM,82.38999938964844,82.38999938964844,82.38999938964844,82.38999938964844,82.38999938964844,490.0
2024-03-01 14:09:00,AZN,64.70999908447266,64.70999908447266,64.70999908447266,64.69499969482422,64.70999908447266,12015.0
2024-03-01 14:09:00,BBIO,35.91999816894531,35.91999816894531,35.91999816894531,35.90999984741211,35.90999984741211,570.0
2024-03-01 14:09:00,BBLG,2.4000000953674316,2.4000000953674316,2.4000000953674316,2.4000000953674316,2.4000000953674316,405.0
2024-03-01 14:09:00,BCAB,2.694999933242798,2.694999933242798,2.700000047683716,2.694999933242798,2.694999933242798,525.0
2024-03-01 14:09:00,BCLI,0.3499000072479248,0.3499000072479248,0.3499000072479248,0.3499000072479248,0.3499000072479248,1014.0
2024-03-01 14:09:00,BCRX,5.71999979019165,5.71999979019165,5.71999979019165,5.710000038146973,5.710000038146973,4191.0
2024-03-01 14:09:00,BDTX,4.902400016784668,4.902400016784668,4.902400016784668,4.894999980926514,4.894999980926514,245.0
2024-03-01 14:09:00,BEAM,40.029998779296875,40.029998779296875,40.029998779296875,39.90999984741211,39.90999984741211,1527.0
2024-03-01 14:09:00,BEAT,1.5499999523162842,1.5499999523162842,1.5499999523162842,1.5499999523162842,1.5499999523162842,332.0
2024-03-01 14:09:00,BFRI,0.878000020980835,0.878000020980835,0.878000020980835,0.878000020980835,0.878000020980835,103.0
2024-03-01 14:09:00,BGNE,167.17999267578125,167.17999267578125,167.17999267578125,167.17999267578125,167.17999267578125,515.0
2024-03-01 14:09:00,BIOL,0.14640000462532043,0.14640000462532043,0.14669999480247498,0.14630000293254852,0.14640000462532043,6600.0
2024-03-01 14:09:00,BIVI,2.071000099182129,2.071000099182129,2.0899999141693115,2.059999942779541,2.0850000381469727,21679.0
2024-03-01 14:09:00,BLFS,18.21500015258789,18.21500015258789,18.21500015258789,18.21500015258789,18.21500015258789,447.0
2024-03-01 14:09:00,BLUE,1.6100000143051147,1.6100000143051147,1.6100000143051147,1.6014000177383423,1.6100000143051147,25908.0
2024-03-01 14:09:00,BMEA,18.3799991607666,18.3799991607666,18.3799991607666,18.270000457763672,18.270000457763672,8569.0
2024-03-01 14:09:00,BMRN,87.98999786376953,87.98999786376953,88.01000213623047,87.98999786376953,88.01000213623047,504.0
2024-03-01 14:09:00,BNGO,1.2649999856948853,1.2649999856948853,1.2649999856948853,1.2649999856948853,1.2649999856948853,113.0
2024-03-01 14:09:00,BNTX,91.19499969482422,91.19499969482422,91.19499969482422,91.08999633789062,91.0999984741211,2897.0
2024-03-01 14:09:00,BOLT,1.2050000429153442,1.2050000429153442,1.2050000429153442,1.2050000429153442,1.2050000429153442,121.0
2024-03-01 14:09:00,BTAI,3.184999942779541,3.184999942779541,3.184999942779541,3.184999942779541,3.184999942779541,222.0
2024-03-01 14:09:00,BTTX,0.18599900603294373,0.18599900603294373,0.1860000044107437,0.1850000023841858,0.1851000040769577,78699.0
2024-03-01 14:09:00,BYSI,1.4900000095367432,1.4900000095367432,1.5,1.4900000095367432,1.5,296.0
2024-03-01 14:09:00,CABA,24.06999969482422,24.06999969482422,24.084999084472656,23.989999771118164,23.989999771118164,5732.0
2024-03-01 14:09:00,CARA,0.9261000156402588,0.9261000156402588,0.9261000156402588,0.9261000156402588,0.9261000156402588,146.0
2024-03-01 14:09:00,CBAY,32.224998474121094,32.224998474121094,32.22999954223633,32.224998474121094,32.224998474121094,1869.0
2024-03-01 14:09:00,CCCC,11.005000114440918,11.005000114440918,11.005000114440918,10.979999542236328,10.994999885559082,3963.0
2024-03-01 14:09:00,CCRN,18.264999389648438,18.264999389648438,18.264999389648438,18.260000228881836,18.260000228881836,710.0
2024-03-01 14:09:00,CDMO,8.119999885559082,8.119999885559082,8.119999885559082,8.100000381469727,8.100000381469727,906.0
2024-03-01 14:09:00,CDNA,12.520000457763672,12.520000457763672,12.520000457763672,12.510100364685059,12.520000457763672,1202.0
2024-03-01 14:09:00,CDXS,4.559999942779541,4.559999942779541,4.559999942779541,4.559999942779541,4.559999942779541,501.0
2024-03-01 14:09:00,CELC,16.69499969482422,16.69499969482422,16.780000686645508,16.69499969482422,16.780000686645508,219.0
2024-03-01 14:09:00,CERE,41.09000015258789,41.09000015258789,41.095001220703125,41.08250045776367,41.084999084472656,14365.0
2024-03-01 14:09:00,CERT,17.924999237060547,17.924999237060547,17.924999237060547,17.924999237060547,17.924999237060547,272.0
2024-03-01 14:09:00,CGC,3.2300000190734863,3.2300000190734863,3.2300000190734863,3.2300000190734863,3.2300000190734863,145.0
2024-03-01 14:09:00,CGEM,18.700000762939453,18.700000762939453,18.700000762939453,18.5625,18.5625,8771.0
2024-03-01 14:09:00,CGEN,2.690000057220459,2.690000057220459,2.690000057220459,2.684999942779541,2.684999942779541,4196.0
2024-03-01 14:09:00,CGTX,2.031100034713745,2.031100034713745,2.031100034713745,2.031100034713745,2.031100034713745,341.0
2024-03-01 14:09:00,CJJD,2.964600086212158,2.964600086212158,2.964600086212158,2.964600086212158,2.964600086212158,107.0
2024-03-01 14:09:00,CKPT,2.2095000743865967,2.2095000743865967,2.2095000743865967,2.2095000743865967,2.2095000743865967,201.0
2024-03-01 14:09:00,CLDX,52.150001525878906,52.150001525878906,52.21500015258789,52.150001525878906,52.209999084472656,3179.0
2024-03-01 14:09:00,CLOV,0.8654999732971191,0.8654999732971191,0.8677999973297119,0.8654999732971191,0.8677999973297119,9587.0
2024-03-01 14:09:00,CLRB,4.090000152587891,4.090000152587891,4.09499979019165,4.090000152587891,4.090000152587891,1131.0
2024-03-01 14:09:00,CMPS,11.489999771118164,11.489999771118164,11.489999771118164,11.390000343322754,11.399999618530273,4360.0
2024-03-01 14:09:00,CMRX,1.2100000381469727,1.2100000381469727,1.2100000381469727,1.2100000381469727,1.2100000381469727,728.0
2024-03-01 14:09:00,CNSP,0.31689900159835815,0.31689900159835815,0.31689900159835815,0.31689900159835815,0.31689900159835815,1000.0
2024-03-01 14:09:00,COGT,7.224999904632568,7.224999904632568,7.230000019073486,7.190000057220459,7.195000171661377,10171.0
2024-03-01 14:09:00,COLL,36.7400016784668,36.7400016784668,36.7400016784668,36.7400016784668,36.7400016784668,100.0
2024-03-01 14:09:00,CORT,24.409000396728516,24.409000396728516,24.409000396728516,24.385000228881836,24.385000228881836,1777.0
2024-03-01 14:09:00,CPRX,17.43000030517578,17.43000030517578,17.479999542236328,17.420000076293945,17.479999542236328,9215.0
2024-03-01 14:09:00,CPSI,9.5,9.5,9.5,9.5,9.5,100.0
2024-03-01 14:09:00,CRBP,32.516700744628906,32.516700744628906,32.516700744628906,32.516700744628906,32.516700744628906,271.0
2024-03-01 14:09:00,CRBU,7.909999847412109,7.909999847412109,7.909999847412109,7.869999885559082,7.880000114440918,2897.0
2024-03-01 14:09:00,CRDF,2.4149999618530273,2.4149999618530273,2.424999952316284,2.4049999713897705,2.4094998836517334,15124.0
2024-03-01 14:09:00,CRDL,1.9550000429153442,1.9550000429153442,1.9550000429153442,1.940000057220459,1.9500000476837158,7720.0
2024-03-01 14:09:00,CRON,2.0450000762939453,2.0450000762939453,2.0450000762939453,2.0450000762939453,2.0450000762939453,331.0
2024-03-01 14:09:00,CRSP,85.5199966430664,85.5199966430664,85.5199966430664,85.37000274658203,85.43499755859375,2257.0
2024-03-01 14:09:00,CRVS,2.2332000732421875,2.2332000732421875,2.2332000732421875,2.2332000732421875,2.2332000732421875,2299.0
2024-03-01 14:09:00,CSTL,19.959999084472656,19.959999084472656,19.959999084472656,19.959999084472656,19.959999084472656,363.0
2024-03-01 14:09:00,CTKB,9.010000228881836,9.010000228881836,9.010000228881836,9.010000228881836,9.010000228881836,1518.0
2024-03-01 14:09:00,CTMX,2.5350000858306885,2.5350000858306885,2.549999952316284,2.5299999713897705,2.5450000762939453,13113.0
2024-03-01 14:09:00,CTXR,0.7720999717712402,0.7720999717712402,0.7720999717712402,0.7720999717712402,0.7720999717712402,428.0
2024-03-01 14:09:00,CUE,2.190000057220459,2.190000057220459,2.190000057220459,2.180000066757202,2.180000066757202,226.0
2024-03-01 14:09:00,CUTR,2.390000104904175,2.390000104904175,2.390000104904175,2.3891000747680664,2.3891000747680664,671.0
2024-03-01 14:09:00,CYTK,73.0999984741211,73.0999984741211,73.0999984741211,72.9800033569336,73.0,1677.0
2024-03-01 14:09:00,CYTO,2.359999895095825,2.359999895095825,2.359999895095825,2.359999895095825,2.359999895095825,111.0
2024-03-01 14:09:00,DAWN,17.65999984741211,17.65999984741211,17.65999984741211,17.639999389648438,17.639999389648438,2452.0
2024-03-01 14:09:00,DCGO,4.15500020980835,4.15500020980835,4.159999847412109,4.150000095367432,4.150000095367432,7644.0
2024-03-01 14:09:00,DCPH,17.475000381469727,17.475000381469727,17.475000381469727,17.475000381469727,17.475000381469727,249.0
2024-03-01 14:09:00,DCTH,4.209799766540527,4.209799766540527,4.209799766540527,4.209799766540527,4.209799766540527,1684.0
2024-03-01 14:09:00,DH,8.850000381469727,8.850000381469727,8.850000381469727,8.850000381469727,8.850000381469727,236.0
2024-03-01 14:09:00,DMTK,0.8375999927520752,0.8375999927520752,0.8375999927520752,0.8299999833106995,0.8337990045547485,12115.0
2024-03-01 14:09:00,DNLI,21.239999771118164,21.239999771118164,21.239999771118164,21.204999923706055,21.204999923706055,900.0
2024-03-01 14:09:00,DTIL,12.470000267028809,12.470000267028809,12.470000267028809,12.460000038146973,12.460000038146973,1100.0
2024-03-01 14:09:00,DVAX,12.875,12.875,12.880000114440918,12.875,12.875,678.0
2024-03-01 14:09:00,DXCM,122.0,122.0,122.05999755859375,121.9801025390625,121.98999786376953,6505.0
2024-03-01 14:09:00,DYN,28.790000915527344,28.790000915527344,28.790000915527344,28.579999923706055,28.579999923706055,10873.0
2024-03-01 14:09:00,EDIT,10.880000114440918,10.880000114440918,10.880000114440918,10.864999771118164,10.864999771118164,3347.0
2024-03-01 14:09:00,EFTR,15.574999809265137,15.574999809265137,15.65999984741211,15.5649995803833,15.65999984741211,978.0
2024-03-01 14:09:00,ELEV,5.070000171661377,5.070000171661377,5.070000171661377,5.054999828338623,5.070000171661377,1199.0
2024-03-01 14:09:00,EMBC,14.300000190734863,14.300000190734863,14.319999694824219,14.300000190734863,14.319999694824219,4908.0
2024-03-01 14:09:00,ENSG,122.0468978881836,122.0468978881836,122.0468978881836,122.0468978881836,122.0468978881836,165.0
2024-03-01 14:09:00,ENTA,15.395000457763672,15.395000457763672,15.395000457763672,15.395000457763672,15.395000457763672,102.0
2024-03-01 14:09:00,ENVB,1.5111000537872314,1.5111000537872314,1.5299999713897705,1.5099999904632568,1.5099999904632568,1264.0
2024-03-01 14:09:00,EOLS,14.850000381469727,14.850000381469727,14.859999656677246,14.84000015258789,14.84000015258789,1982.0
2024-03-01 14:09:00,ERAS,2.509999990463257,2.509999990463257,2.509999990463257,2.509999990463257,2.509999990463257,254.0
2024-03-01 14:09:00,ESPR,2.5450000762939453,2.5450000762939453,2.5450000762939453,2.5450000762939453,2.5450000762939453,700.0
2024-03-01 14:09:00,ESTA,44.91999816894531,44.91999816894531,44.91999816894531,44.915000915527344,44.915000915527344,459.0
2024-03-01 14:09:00,ETNB,12.96049976348877,12.96049976348877,12.970000267028809,12.9399995803833,12.949999809265137,2208.0
2024-03-01 14:09:00,EVGN,0.9549999833106995,0.9549999833106995,0.9549999833106995,0.9549999833106995,0.9549999833106995,100.0
2024-03-01 14:09:00,EVOK,0.6200000047683716,0.6200000047683716,0.6280999779701233,0.6200000047683716,0.6280999779701233,800.0
2024-03-01 14:09:00,EWTX,16.93000030517578,16.93000030517578,17.0,16.920000076293945,17.0,5000.0
2024-03-01 14:09:00,EXAI,6.710000038146973,6.710000038146973,6.710000038146973,6.710000038146973,6.710000038146973,233.0
2024-03-01 14:09:00,EXAS,60.060001373291016,60.060001373291016,60.060001373291016,59.9900016784668,59.9900016784668,1892.0
2024-03-01 14:09:00,EXEL,22.479999542236328,22.479999542236328,22.479999542236328,22.479999542236328,22.479999542236328,17554.0
2024-03-01 14:09:00,EYPT,27.969999313354492,27.969999313354492,27.969999313354492,27.93000030517578,27.93000030517578,256.0
2024-03-01 14:09:00,FATE,7.739999771118164,7.739999771118164,7.739999771118164,7.730000019073486,7.730000019073486,2816.0
2024-03-01 14:09:00,FDMT,29.399999618530273,29.399999618530273,29.399999618530273,29.399999618530273,29.399999618530273,336.0
2024-03-01 14:09:00,FGEN,1.8600000143051147,1.8600000143051147,1.8600000143051147,1.8600000143051147,1.8600000143051147,1139.0
2024-03-01 14:09:00,FIXX,0.9298999905586243,0.9298999905586243,0.9298999905586243,0.9204000234603882,0.9204000234603882,700.0
2024-03-01 14:09:00,FLGT,23.274999618530273,23.274999618530273,23.274999618530273,23.2726993560791,23.2726993560791,645.0
2024-03-01 14:09:00,FOLD,13.425000190734863,13.425000190734863,13.425000190734863,13.404999732971191,13.404999732971191,11356.0
2024-03-01 14:09:00,FULC,11.0,11.0,11.010000228881836,11.0,11.0,1718.0
2024-03-01 14:09:00,FUSN,12.270000457763672,12.270000457763672,12.270000457763672,12.270000457763672,12.270000457763672,986.0
2024-03-01 14:09:00,GDRX,8.395000457763672,8.395000457763672,8.395999908447266,8.395000457763672,8.395999908447266,352.0
2024-03-01 14:09:00,GENE,2.299999952316284,2.299999952316284,2.299999952316284,2.299999952316284,2.299999952316284,291.0
2024-03-01 14:09:00,GERN,2.2850000858306885,2.2850000858306885,2.2899999618530273,2.2699999809265137,2.2699999809265137,80022.0
2024-03-01 14:09:00,GH,19.1200008392334,19.1200008392334,19.1200008392334,19.09000015258789,19.100000381469727,4109.0
2024-03-01 14:09:00,GILD,72.44499969482422,72.44499969482422,72.44999694824219,72.40499877929688,72.41000366210938,5819.0
2024-03-01 14:09:00,GLPG,35.06999969482422,35.06999969482422,35.09000015258789,35.06999969482422,35.09000015258789,450.0
2024-03-01 14:09:00,GLYC,3.015000104904175,3.015000104904175,3.015000104904175,3.015000104904175,3.015000104904175,100.0
2024-03-01 14:09:00,GMAB,29.450000762939453,29.450000762939453,29.450000762939453,29.422399520874023,29.434999465942383,1433.0
2024-03-01 14:09:00,GMDA,0.3770500123500824,0.3770500123500824,0.3770500123500824,0.3770500123500824,0.3770500123500824,490.0
2024-03-01 14:09:00,GOSS,1.440000057220459,1.440000057220459,1.440000057220459,1.440000057220459,1.440000057220459,3278.0
2024-03-01 14:09:00,GRFS,7.09499979019165,7.09499979019165,7.099999904632568,7.09499979019165,7.099999904632568,1991.0
2024-03-01 14:09:00,GRPH,3.4600000381469727,3.4600000381469727,3.4600000381469727,3.4600000381469727,3.4600000381469727,350.0
2024-03-01 14:09:00,GRTS,2.125,2.125,2.1287999153137207,2.125,2.1287999153137207,939.0
2024-03-01 14:09:00,GRTX,0.23499999940395355,0.23499999940395355,0.23499999940395355,0.23010000586509705,0.23010000586509705,13481.0
2024-03-01 14:09:00,GTHX,3.755000114440918,3.755000114440918,3.759999990463257,3.75,3.75,1601.0
2024-03-01 14:09:00,HALO,41.400001525878906,41.400001525878906,41.400001525878906,41.375,41.375,981.0
2024-03-01 14:09:00,HARP,22.9424991607666,22.9424991607666,22.950000762939453,22.9424991607666,22.950000762939453,395.0
2024-03-01 14:09:00,HCAT,8.180000305175781,8.180000305175781,8.180000305175781,8.170000076293945,8.170000076293945,1379.0
2024-03-01 14:09:00,HCWB,1.5880000591278076,1.5880000591278076,1.5880000591278076,1.5880000591278076,1.5880000591278076,1083.0
2024-03-01 14:09:00,HITI,1.75,1.75,1.7599999904632568,1.75,1.7599999904632568,5936.0
2024-03-01 14:09:00,HLTH,0.2680000066757202,0.2680000066757202,0.2680000066757202,0.2680000066757202,0.2680000066757202,461.0
2024-03-01 14:09:00,HLVX,19.010000228881836,19.010000228881836,19.010000228881836,19.010000228881836,19.010000228881836,127.0
2024-03-01 14:09:00,HOLX,74.33000183105469,74.33000183105469,74.33000183105469,74.31999969482422,74.31999969482422,605.0
2024-03-01 14:09:00,HQY,81.58000183105469,81.58000183105469,81.58000183105469,81.55000305175781,81.55000305175781,1285.0
2024-03-01 14:09:00,HRMY,31.770000457763672,31.770000457763672,31.770000457763672,31.7450008392334,31.7450008392334,1120.0
2024-03-01 14:09:00,HRTX,2.559999942779541,2.559999942779541,2.559999942779541,2.559999942779541,2.559999942779541,927.0
2024-03-01 14:09:00,HSCS,0.11749999970197678,0.11749999970197678,0.11749999970197678,0.11749999970197678,0.11749999970197678,500.0
2024-03-01 14:09:00,HSIC,76.80999755859375,76.80999755859375,76.83000183105469,76.77999877929688,76.83000183105469,1327.0
2024-03-01 14:09:00,HUMA,3.2725000381469727,3.2725000381469727,3.2799999713897705,3.2699999809265137,3.2799999713897705,13034.0
2024-03-01 14:09:00,IART,36.40999984741211,36.40999984741211,36.43000030517578,36.40999984741211,36.40999984741211,638.0
2024-03-01 14:09:00,IBRX,4.881199836730957,4.881199836730957,4.881199836730957,4.875,4.880000114440918,601.0
2024-03-01 14:09:00,ICAD,1.8798999786376953,1.8798999786376953,1.8798999786376953,1.8798999786376953,1.8798999786376953,340.0
2024-03-01 14:09:00,ICLR,323.2650146484375,323.2650146484375,323.2650146484375,323.2650146484375,323.2650146484375,135.0
2024-03-01 14:09:00,IFRX,1.7699999809265137,1.7699999809265137,1.7999999523162842,1.7699999809265137,1.7999999523162842,6991.0
2024-03-01 14:09:00,IGMS,13.220000267028809,13.220000267028809,13.295000076293945,13.220000267028809,13.295000076293945,3195.0
2024-03-01 14:09:00,IKT,2.1500000953674316,2.1500000953674316,2.1500000953674316,2.130000114440918,2.130000114440918,3439.0
2024-03-01 14:09:00,ILMN,142.25,142.25,142.27999877929688,142.11500549316406,142.1199951171875,3386.0
2024-03-01 14:09:00,IMAB,1.815000057220459,1.815000057220459,1.815000057220459,1.815000057220459,1.815000057220459,100.0
2024-03-01 14:09:00,IMCR,67.9000015258789,67.9000015258789,68.01000213623047,67.80000305175781,68.01000213623047,5299.0
2024-03-01 14:09:00,IMTX,12.819999694824219,12.819999694824219,12.819999694824219,12.800000190734863,12.800000190734863,531.0
2024-03-01 14:09:00,IMUX,1.4700000286102295,1.4700000286102295,1.4799000024795532,1.4700000286102295,1.4700000286102295,22618.0
2024-03-01 14:09:00,IMVT,35.93000030517578,35.93000030517578,35.970001220703125,35.91999816894531,35.93000030517578,6269.0
2024-03-01 14:09:00,INCY,59.47999954223633,59.47999954223633,59.483001708984375,59.47999954223633,59.483001708984375,464.0
2024-03-01 14:09:00,INGN,6.769999980926514,6.769999980926514,6.769999980926514,6.769999980926514,6.769999980926514,336.0
2024-03-01 14:09:00,INMD,22.899999618530273,22.899999618530273,22.899999618530273,22.860000610351562,22.860000610351562,3033.0
2024-03-01 14:09:00,INO,9.640000343322754,9.640000343322754,9.640000343322754,9.640000343322754,9.640000343322754,1151.0
2024-03-01 14:09:00,INSM,28.239999771118164,28.239999771118164,28.239999771118164,28.21500015258789,28.21500015258789,1868.0
2024-03-01 14:09:00,INVA,15.550000190734863,15.550000190734863,15.555000305175781,15.550000190734863,15.555000305175781,745.0
2024-03-01 14:09:00,INZY,6.645100116729736,6.645100116729736,6.645100116729736,6.6296000480651855,6.6296000480651855,2498.0
2024-03-01 14:09:00,IONS,45.9900016784668,45.9900016784668,45.9900016784668,45.970001220703125,45.970001220703125,771.0
2024-03-01 14:09:00,IOVA,17.024999618530273,17.024999618530273,17.049999237060547,17.0,17.024999618530273,24534.0
2024-03-01 14:09:00,IPSC,3.924999952316284,3.924999952316284,3.924999952316284,3.924999952316284,3.924999952316284,100.0
2024-03-01 14:09:00,IRWD,9.045000076293945,9.045000076293945,9.0600004196167,9.024999618530273,9.024999618530273,19683.0
2024-03-01 14:09:00,ISRG,397.010009765625,397.010009765625,397.010009765625,396.92999267578125,396.92999267578125,779.0
2024-03-01 14:09:00,ITCI,71.9800033569336,71.9800033569336,71.98999786376953,71.9800033569336,71.98999786376953,992.0
2024-03-01 14:09:00,ITOS,11.385000228881836,11.385000228881836,11.399999618530273,11.343000411987305,11.343000411987305,3853.0
2024-03-01 14:09:00,IVVD,3.9700000286102295,3.9700000286102295,3.9700000286102295,3.9700000286102295,3.9700000286102295,100.0
2024-03-01 14:09:00,JAGX,0.07979899644851685,0.07979899644851685,0.07999999821186066,0.07850000262260437,0.07850000262260437,596261.0
2024-03-01 14:09:00,JANX,46.04999923706055,46.04999923706055,46.04999923706055,46.04999923706055,46.04999923706055,410.0
2024-03-01 14:09:00,JAZZ,119.23500061035156,119.23500061035156,119.26000213623047,119.19999694824219,119.19999694824219,1354.0
2024-03-01 14:09:00,JSPR,21.280000686645508,21.280000686645508,21.280000686645508,21.280000686645508,21.280000686645508,120.0
2024-03-01 14:09:00,KALV,14.145000457763672,14.145000457763672,14.154999732971191,14.145000457763672,14.154999732971191,297.0
2024-03-01 14:09:00,KIDS,27.530000686645508,27.530000686645508,27.530000686645508,27.530000686645508,27.530000686645508,129.0
2024-03-01 14:09:00,KNTE,2.609999895095825,2.609999895095825,2.609999895095825,2.609999895095825,2.609999895095825,221.0
2024-03-01 14:09:00,KOD,6.085000038146973,6.085000038146973,6.085000038146973,6.085000038146973,6.085000038146973,100.0
2024-03-01 14:09:00,KPTI,1.1749999523162842,1.1749999523162842,1.1749999523162842,1.1700999736785889,1.1749999523162842,1500.0
2024-03-01 14:09:00,KRMD,2.134999990463257,2.134999990463257,2.134999990463257,2.134999990463257,2.134999990463257,100.0
2024-03-01 14:09:00,KROS,70.05999755859375,70.05999755859375,70.05999755859375,70.05999755859375,70.05999755859375,280.0
2024-03-01 14:09:00,KRYS,168.5,168.5,168.5,168.5,168.5,488.0
2024-03-01 14:09:00,KTRA,0.10199999809265137,0.10199999809265137,0.10260000079870224,0.10199999809265137,0.10199999809265137,14707.0
2024-03-01 14:09:00,KYMR,43.869998931884766,43.869998931884766,43.90999984741211,43.869998931884766,43.90999984741211,503.0
2024-03-01 14:09:00,KZR,1.090000033378601,1.090000033378601,1.090000033378601,1.090000033378601,1.090000033378601,210.0
2024-03-01 14:09:00,LAB,2.4549999237060547,2.4549999237060547,2.4600000381469727,2.452500104904175,2.452500104904175,500.0
2024-03-01 14:09:00,LEGN,65.69000244140625,65.69000244140625,65.69000244140625,65.62999725341797,65.62999725341797,1228.0
2024-03-01 14:09:00,LEXX,2.8299999237060547,2.8299999237060547,2.8299999237060547,2.8299999237060547,2.8299999237060547,1000.0
2024-03-01 14:09:00,LFMD,7.949999809265137,7.949999809265137,7.949999809265137,7.940000057220459,7.945000171661377,500.0
2024-03-01 14:09:00,LFST,7.720099925994873,7.720099925994873,7.730000019073486,7.720099925994873,7.724999904632568,1261.0
2024-03-01 14:09:00,LIAN,4.864999771118164,4.864999771118164,4.864999771118164,4.860000133514404,4.860000133514404,4691.0
2024-03-01 14:09:00,LIVN,55.88999938964844,55.88999938964844,55.88999938964844,55.88999938964844,55.88999938964844,589.0
2024-03-01 14:09:00,LMAT,68.2750015258789,68.2750015258789,68.2750015258789,68.2750015258789,68.2750015258789,281.0
2024-03-01 14:09:00,LNTH,64.86499786376953,64.86499786376953,64.86499786376953,64.86000061035156,64.86499786376953,2103.0
2024-03-01 14:09:00,LPCN,3.8399999141693115,3.8399999141693115,3.8399999141693115,3.8399999141693115,3.8399999141693115,159.0
2024-03-01 14:09:00,LQDA,14.720000267028809,14.720000267028809,14.720000267028809,14.720000267028809,14.720000267028809,241.0
2024-03-01 14:09:00,LUCD,1.2400000095367432,1.2400000095367432,1.2400000095367432,1.2400000095367432,1.2400000095367432,206.0
2024-03-01 14:09:00,LVTX,2.742000102996826,2.742000102996826,2.759999990463257,2.740000009536743,2.759999990463257,1034.0
2024-03-01 14:09:00,LXRX,2.5,2.5,2.5,2.494999885559082,2.494999885559082,921.0
2024-03-01 14:09:00,LYEL,3.140000104904175,3.140000104904175,3.184999942779541,3.140000104904175,3.184999942779541,27632.0
2024-03-01 14:09:00,LYRA,5.599999904632568,5.599999904632568,5.599999904632568,5.599999904632568,5.599999904632568,100.0
2024-03-01 14:09:00,MASI,127.63500213623047,127.63500213623047,127.66500091552734,127.63500213623047,127.66500091552734,536.0
2024-03-01 14:09:00,MCRB,1.2400000095367432,1.2400000095367432,1.2400000095367432,1.225000023841858,1.2300000190734863,40489.0
2024-03-01 14:09:00,MDGL,250.2100067138672,250.2100067138672,250.2100067138672,249.92999267578125,249.92999267578125,2117.0
2024-03-01 14:09:00,MDRX,5.960000038146973,5.960000038146973,6.0,5.960000038146973,5.96999979019165,50328.0
2024-03-01 14:09:00,MDXG,8.630000114440918,8.630000114440918,8.630000114440918,8.625,8.625,793.0
2024-03-01 14:09:00,ME,0.5633999705314636,0.5633999705314636,0.5633999705314636,0.5633999705314636,0.5633999705314636,212.0
2024-03-01 14:09:00,MGNX,19.295000076293945,19.295000076293945,19.295000076293945,19.285400390625,19.285400390625,527.0
2024-03-01 14:09:00,MGTX,6.420000076293945,6.420000076293945,6.420000076293945,6.420000076293945,6.420000076293945,100.0
2024-03-01 14:09:00,MIRM,29.690000534057617,29.690000534057617,29.719999313354492,29.684999465942383,29.684999465942383,2056.0
2024-03-01 14:09:00,MLTX,50.904998779296875,50.904998779296875,50.904998779296875,50.904998779296875,50.904998779296875,644.0
2024-03-01 14:09:00,MNKD,4.514999866485596,4.514999866485596,4.519999980926514,4.514999866485596,4.514999866485596,2455.0
2024-03-01 14:09:00,MNMD,6.230000019073486,6.230000019073486,6.230000019073486,6.210000038146973,6.210000038146973,1022.0
2024-03-01 14:09:00,MODV,27.920000076293945,27.920000076293945,28.030000686645508,27.8799991607666,28.010000228881836,1986.0
2024-03-01 14:09:00,MORF,39.459999084472656,39.459999084472656,39.459999084472656,39.40999984741211,39.40999984741211,2013.0
2024-03-01 14:09:00,MOTS,0.6521000266075134,0.6521000266075134,0.6521000266075134,0.6521000266075134,0.6521000266075134,500.0
2024-03-01 14:09:00,MREO,3.9700000286102295,3.9700000286102295,3.9800000190734863,3.9700000286102295,3.9800000190734863,1001.0
2024-03-01 14:09:00,MRKR,3.7100000381469727,3.7100000381469727,3.7100000381469727,3.700000047683716,3.700000047683716,700.0
2024-03-01 14:09:00,MRNA,95.2300033569336,95.2300033569336,95.25,95.16999816894531,95.18000030517578,10059.0
2024-03-01 14:09:00,MRNS,10.430000305175781,10.430000305175781,10.430000305175781,10.430000305175781,10.430000305175781,499.0
2024-03-01 14:09:00,MRSN,5.96999979019165,5.96999979019165,5.96999979019165,5.96999979019165,5.96999979019165,1743.0
2024-03-01 14:09:00,MRVI,7.755000114440918,7.755000114440918,7.760000228881836,7.744999885559082,7.744999885559082,3844.0
2024-03-01 14:09:00,MXCT,4.75,4.75,4.755000114440918,4.75,4.755000114440918,319.0
2024-03-01 14:09:00,MYGN,22.135000228881836,22.135000228881836,22.139999389648438,22.112699508666992,22.112699508666992,1601.0
2024-03-01 14:09:00,NARI,45.529998779296875,45.529998779296875,45.619998931884766,45.44499969482422,45.459999084472656,3989.0
2024-03-01 14:09:00,NBIX,132.05999755859375,132.05999755859375,132.05999755859375,132.0,132.0,576.0
2024-03-01 14:09:00,NEO,16.059999465942383,16.059999465942383,16.059999465942383,16.059999465942383,16.059999465942383,262.0
2024-03-01 14:09:00,NEOG,17.405000686645508,17.405000686645508,17.405000686645508,17.399999618530273,17.399999618530273,702.0
2024-03-01 14:09:00,NGM,1.5199999809265137,1.5199999809265137,1.5199999809265137,1.5199999809265137,1.5199999809265137,667.0
2024-03-01 14:09:00,NKTR,0.779899001121521,0.779899001121521,0.7799999713897705,0.7769500017166138,0.7769500017166138,1174.0
2024-03-01 14:09:00,NKTX,12.829899787902832,12.829899787902832,12.829899787902832,12.829899787902832,12.829899787902832,730.0
2024-03-01 14:09:00,NNOX,10.930000305175781,10.930000305175781,10.930000305175781,10.90999984741211,10.920000076293945,6289.0
2024-03-01 14:09:00,NOTV,8.09000015258789,8.09000015258789,8.09000015258789,8.09000015258789,8.09000015258789,103.0
2024-03-01 14:09:00,NPCE,16.295000076293945,16.295000076293945,16.295000076293945,16.295000076293945,16.295000076293945,218.0
2024-03-01 14:09:00,NRIX,13.720000267028809,13.720000267028809,13.720000267028809,13.699999809265137,13.699999809265137,1123.0
2024-03-01 14:09:00,NRXP,0.4262999892234802,0.4262999892234802,0.4262999892234802,0.4262999892234802,0.4262999892234802,200.0
2024-03-01 14:09:00,NTLA,33.45989990234375,33.45989990234375,33.45989990234375,33.41999816894531,33.41999816894531,2441.0
2024-03-01 14:09:00,NTRA,89.08000183105469,89.08000183105469,89.11000061035156,89.05500030517578,89.11000061035156,5092.0
2024-03-01 14:09:00,NUVL,87.81999969482422,87.81999969482422,87.81999969482422,87.81999969482422,87.81999969482422,280.0
2024-03-01 14:09:00,NUWE,0.5799999833106995,0.5799999833106995,0.5799999833106995,0.5799999833106995,0.5799999833106995,120.0
2024-03-01 14:09:00,NVAX,5.248499870300293,5.248499870300293,5.249899864196777,5.235000133514404,5.2399001121521,5795.0
2024-03-01 14:09:00,NVCR,16.014999389648438,16.014999389648438,16.014999389648438,16.010000228881836,16.010000228881836,688.0
2024-03-01 14:09:00,NVCT,10.800000190734863,10.800000190734863,10.800000190734863,10.800000190734863,10.800000190734863,400.0
2024-03-01 14:09:00,NXTC,1.812000036239624,1.812000036239624,1.8200000524520874,1.8099000453948975,1.809999942779541,7878.0
2024-03-01 14:09:00,OCGN,0.9598159790039062,0.9598159790039062,0.9598159790039062,0.9581999778747559,0.958299994468689,13050.0
2024-03-01 14:09:00,OCUL,10.774999618530273,10.774999618530273,10.774999618530273,10.755000114440918,10.760000228881836,2426.0
2024-03-01 14:09:00,OCUP,2.4700000286102295,2.4700000286102295,2.4700000286102295,2.4700000286102295,2.4700000286102295,236.0
2024-03-01 14:09:00,OGI,2.174999952316284,2.174999952316284,2.174999952316284,2.174999952316284,2.174999952316284,600.0
2024-03-01 14:09:00,OLK,22.899999618530273,22.899999618530273,22.899999618530273,22.899999618530273,22.899999618530273,781.0
2024-03-01 14:09:00,OLMA,14.880000114440918,14.880000114440918,14.899999618530273,14.859999656677246,14.859999656677246,3923.0
2024-03-01 14:09:00,OM,3.1500000953674316,3.1500000953674316,3.1500000953674316,3.1449999809265137,3.1449999809265137,821.0
2024-03-01 14:09:00,OMCL,26.30500030517578,26.30500030517578,26.325000762939453,26.30500030517578,26.325000762939453,499.0
2024-03-01 14:09:00,OMGA,4.400000095367432,4.400000095367432,4.400000095367432,4.390999794006348,4.390999794006348,1024.0
2024-03-01 14:09:00,ONCT,10.604999542236328,10.604999542236328,10.604999542236328,10.604999542236328,10.604999542236328,239.0
2024-03-01 14:09:00,ONCY,1.1449999809265137,1.1449999809265137,1.1449999809265137,1.1449999809265137,1.1449999809265137,100.0
2024-03-01 14:10:00,ABCL,5.159999847412109,5.159999847412109,5.164999961853027,5.159999847412109,5.1645002365112305,2388.0
2024-03-01 14:10:00,ABEO,7.789999961853027,7.789999961853027,7.789999961853027,7.789999961853027,7.789999961853027,178.0
2024-03-01 14:10:00,ABOS,4.605000019073486,4.605000019073486,4.610000133514404,4.605000019073486,4.610000133514404,613.0
2024-03-01 14:10:00,ABSI,5.430200099945068,5.430200099945068,5.460000038146973,5.430200099945068,5.460000038146973,6168.0
2024-03-01 14:10:00,ACAD,24.264999389648438,24.264999389648438,24.264999389648438,24.260000228881836,24.264999389648438,3588.0
2024-03-01 14:10:00,ACB,3.200000047683716,3.200000047683716,3.2100000381469727,3.200000047683716,3.2100000381469727,1881.0
2024-03-01 14:10:00,ACHC,84.36000061035156,84.36000061035156,84.4000015258789,84.36000061035156,84.4000015258789,512.0
2024-03-01 14:10:00,ACON,0.40000098943710327,0.40000098943710327,0.40000098943710327,0.4000000059604645,0.4000000059604645,7792.0
2024-03-01 14:10:00,ACRS,1.2400000095367432,1.2400000095367432,1.2400000095367432,1.2300000190734863,1.2400000095367432,1713.0
2024-03-01 14:10:00,ADIL,3.5699000358581543,3.5699000358581543,3.569999933242798,3.4800000190734863,3.5099000930786133,220085.0
2024-03-01 14:10:00,ADMA,5.554999828338623,5.554999828338623,5.554999828338623,5.554999828338623,5.554999828338623,285.0
2024-03-01 14:10:00,ADPT,4.105000019073486,4.105000019073486,4.105000019073486,4.105000019073486,4.105000019073486,101.0
2024-03-01 14:10:00,ADVM,1.9800000190734863,1.9800000190734863,1.9800000190734863,1.9700000286102295,1.9700000286102295,1570.0
2024-03-01 14:10:00,AFMD,0.6660000085830688,0.6660000085830688,0.6660000085830688,0.6563000082969666,0.6563000082969666,13975.0
2024-03-01 14:10:00,AGEN,0.6710000038146973,0.6710000038146973,0.6711000204086304,0.6707000136375427,0.6710000038146973,106802.0
2024-03-01 14:10:00,AGIO,32.78499984741211,32.78499984741211,32.78499984741211,32.78499984741211,32.78499984741211,370.0
2024-03-01 14:10:00,AHCO,10.510000228881836,10.510000228881836,10.520000457763672,10.510000228881836,10.520000457763672,2589.0
2024-03-01 14:10:00,AIMD,0.949999988079071,0.949999988079071,0.949999988079071,0.949999988079071,0.949999988079071,400.0
2024-03-01 14:10:00,AIRS,6.429999828338623,6.429999828338623,6.460000038146973,6.420000076293945,6.460000038146973,1403.0
2024-03-01 14:10:00,AKAN,0.21490000188350677,0.21490000188350677,0.21490000188350677,0.20999999344348907,0.21480000019073486,11477.0
2024-03-01 14:10:00,AKBA,1.690000057220459,1.690000057220459,1.690000057220459,1.690000057220459,1.690000057220459,100.0
2024-03-01 14:10:00,AKRO,29.56999969482422,29.56999969482422,29.635000228881836,29.56999969482422,29.610000610351562,1467.0
2024-03-01 14:10:00,ALDX,4.329999923706055,4.329999923706055,4.330999851226807,4.329999923706055,4.330999851226807,1445.0
2024-03-01 14:10:00,ALEC,7.449999809265137,7.449999809265137,7.460000038146973,7.449999809265137,7.449999809265137,1328.0
2024-03-01 14:10:00,ALHC,5.659999847412109,5.659999847412109,5.659999847412109,5.65500020980835,5.659999847412109,2517.0
2024-03-01 14:10:00,ALKS,30.239999771118164,30.239999771118164,30.260000228881836,30.239999771118164,30.260000228881836,2352.0
2024-03-01 14:10:00,ALLK,1.659999966621399,1.659999966621399,1.6649999618530273,1.659999966621399,1.6649999618530273,200.0
2024-03-01 14:10:00,ALLO,5.030799865722656,5.030799865722656,5.030799865722656,5.030799865722656,5.030799865722656,629.0
2024-03-01 14:10:00,ALNY,153.2100067138672,153.2100067138672,153.2100067138672,153.02999877929688,153.07000732421875,2378.0
2024-03-01 14:10:00,ALPN,35.91999816894531,35.91999816894531,35.91999816894531,35.91999816894531,35.91999816894531,373.0
2024-03-01 14:10:00,ALT,12.15999984741211,12.15999984741211,12.15999984741211,12.149999618530273,12.15999984741211,3359.0
2024-03-01 14:10:00,ALXO,15.020000457763672,15.020000457763672,15.020000457763672,15.020000457763672,15.020000457763672,118.0
2024-03-01 14:10:00,ALZN,0.9020000100135803,0.9020000100135803,0.9020000100135803,0.9020000100135803,0.9020000100135803,352.0
2024-03-01 14:10:00,AMGN,281.0799865722656,281.0799865722656,281.0799865722656,281.0075988769531,281.0450134277344,4933.0
2024-03-01 14:10:00,AMLX,18.670000076293945,18.670000076293945,18.68000030517578,18.670000076293945,18.68000030517578,1242.0
2024-03-01 14:10:00,AMPH,45.570701599121094,45.570701599121094,45.570701599121094,45.5,45.5,2425.0
2024-03-01 14:10:00,AMRN,1.0549999475479126,1.0549999475479126,1.0549999475479126,1.0499999523162842,1.0549999475479126,16077.0
2024-03-01 14:10:00,ANNX,6.090000152587891,6.090000152587891,6.099999904632568,6.090000152587891,6.099999904632568,1303.0
2024-03-01 14:10:00,ANTX,3.0299999713897705,3.0299999713897705,3.0299999713897705,3.0299999713897705,3.0299999713897705,100.0
2024-03-01 14:10:00,APLS,64.80500030517578,64.80500030517578,64.80500030517578,64.80000305175781,64.80000305175781,1122.0
2024-03-01 14:10:00,APLT,7.130000114440918,7.130000114440918,7.139999866485596,7.127799987792969,7.127799987792969,6827.0
2024-03-01 14:10:00,AQST,4.210000038146973,4.210000038146973,4.21999979019165,4.210000038146973,4.215000152587891,7639.0
2024-03-01 14:10:00,ARAY,2.640000104904175,2.640000104904175,2.640000104904175,2.640000104904175,2.640000104904175,106.0
2024-03-01 14:10:00,ARDX,9.479999542236328,9.479999542236328,9.489899635314941,9.475000381469727,9.489899635314941,10328.0
2024-03-01 14:10:00,ARGX,392.489990234375,392.489990234375,392.5899963378906,392.489990234375,392.5899963378906,2050.0
2024-03-01 14:10:00,ARQT,11.619999885559082,11.619999885559082,11.650099754333496,11.609999656677246,11.649999618530273,8941.0
2024-03-01 14:10:00,ARVN,48.814998626708984,48.814998626708984,48.845001220703125,48.790000915527344,48.79999923706055,838.0
2024-03-01 14:10:00,ARWR,35.685001373291016,35.685001373291016,35.71500015258789,35.685001373291016,35.690101623535156,2063.0
2024-03-01 14:10:00,ASMB,13.170000076293945,13.170000076293945,13.180000305175781,13.170000076293945,13.175000190734863,497.0
2024-03-01 14:10:00,ASND,152.69000244140625,152.69000244140625,152.69000244140625,152.69000244140625,152.69000244140625,289.0
2024-03-01 14:10:00,ATAI,2.1500000953674316,2.1500000953674316,2.1549999713897705,2.1500000953674316,2.1549999713897705,2027.0
2024-03-01 14:10:00,ATEC,13.454999923706055,13.454999923706055,13.460000038146973,13.449999809265137,13.460000038146973,1006.0
2024-03-01 14:10:00,ATOS,1.0098999738693237,1.0098999738693237,1.0098999738693237,1.0098999738693237,1.0098999738693237,5010.0
2024-03-01 14:10:00,ATRA,0.7900000214576721,0.7900000214576721,0.7914999723434448,0.7900000214576721,0.7914999723434448,1816.0
2024-03-01 14:10:00,ATRC,35.880001068115234,35.880001068115234,35.970001220703125,35.86000061035156,35.970001220703125,6980.0
2024-03-01 14:10:00,AUGX,4.539999961853027,4.539999961853027,4.539999961853027,4.539999961853027,4.539999961853027,102.0
2024-03-01 14:10:00,AUPH,5.820000171661377,5.820000171661377,5.824999809265137,5.820000171661377,5.824999809265137,961.0
2024-03-01 14:10:00,AURA,9.34000015258789,9.34000015258789,9.34000015258789,9.34000015258789,9.34000015258789,188.0
2024-03-01 14:10:00,AUTL,6.349999904632568,6.349999904632568,6.360000133514404,6.349999904632568,6.360000133514404,3441.0
2024-03-01 14:10:00,AVDL,13.199999809265137,13.199999809265137,13.210000038146973,13.1899995803833,13.199999809265137,11299.0
2024-03-01 14:10:00,AVIR,4.460000038146973,4.460000038146973,4.460000038146973,4.460000038146973,4.460000038146973,617.0
2024-03-01 14:10:00,AVRO,1.3300000429153442,1.3300000429153442,1.3300000429153442,1.3300000429153442,1.3300000429153442,154.0
2024-03-01 14:10:00,AXNX,67.55000305175781,67.55000305175781,67.55999755859375,67.5199966430664,67.54000091552734,2636.0
2024-03-01 14:10:00,AXSM,82.2699966430664,82.2699966430664,82.31999969482422,82.2699966430664,82.31999969482422,1107.0
2024-03-01 14:10:00,AZN,64.70500183105469,64.70500183105469,64.70999908447266,64.69999694824219,64.70999908447266,12671.0
2024-03-01 14:10:00,BBIO,35.932498931884766,35.932498931884766,35.932498931884766,35.932498931884766,35.932498931884766,227.0
2024-03-01 14:10:00,BCAB,2.700000047683716,2.700000047683716,2.700000047683716,2.700000047683716,2.700000047683716,101.0
2024-03-01 14:10:00,BCRX,5.715000152587891,5.715000152587891,5.715000152587891,5.714000225067139,5.715000152587891,820.0
2024-03-01 14:10:00,BDTX,4.900000095367432,4.900000095367432,4.90500020980835,4.900000095367432,4.90500020980835,1381.0
2024-03-01 14:10:00,BEAM,40.01499938964844,40.01499938964844,40.02000045776367,40.0,40.0181999206543,1576.0
2024-03-01 14:10:00,BEAT,1.5499999523162842,1.5499999523162842,1.5499999523162842,1.5499999523162842,1.5499999523162842,200.0
2024-03-01 14:10:00,BIOL,0.1451999992132187,0.1451999992132187,0.1451999992132187,0.1451999992132187,0.1451999992132187,5828.0
2024-03-01 14:10:00,BIOR,1.0799000263214111,1.0799000263214111,1.0799000263214111,1.0799000263214111,1.0799000263214111,3030.0
2024-03-01 14:10:00,BIVI,2.061300039291382,2.061300039291382,2.069999933242798,2.059999942779541,2.069999933242798,36229.0
2024-03-01 14:10:00,BLUE,1.600000023841858,1.600000023841858,1.6100000143051147,1.600000023841858,1.6050000190734863,5960.0
2024-03-01 14:10:00,BMEA,18.415000915527344,18.415000915527344,18.415000915527344,18.415000915527344,18.415000915527344,376.0
2024-03-01 14:10:00,BMRN,88.02999877929688,88.02999877929688,88.02999877929688,88.01000213623047,88.0199966430664,1691.0
2024-03-01 14:10:00,BNGO,1.2649999856948853,1.2649999856948853,1.2649999856948853,1.2649999856948853,1.2649999856948853,330.0
2024-03-01 14:10:00,BNTX,91.13999938964844,91.13999938964844,91.13999938964844,91.13999938964844,91.13999938964844,428.0
2024-03-01 14:10:00,BPMC,96.59010314941406,96.59010314941406,96.67500305175781,96.59010314941406,96.67500305175781,407.0
2024-03-01 14:10:00,BTTX,0.17800000309944153,0.17800000309944153,0.18589599430561066,0.17800000309944153,0.1858000010251999,74726.0
2024-03-01 14:10:00,CABA,24.045000076293945,24.045000076293945,24.079999923706055,24.045000076293945,24.06999969482422,5198.0
2024-03-01 14:10:00,CBAY,32.220001220703125,32.220001220703125,32.224998474121094,32.220001220703125,32.224998474121094,4909.0
2024-03-01 14:10:00,CCCC,11.0,11.0,11.0,10.994999885559082,10.994999885559082,1110.0
2024-03-01 14:10:00,CCRN,18.264999389648438,18.264999389648438,18.264999389648438,18.264999389648438,18.264999389648438,336.0
2024-03-01 14:10:00,CDMO,8.119999885559082,8.119999885559082,8.119999885559082,8.119999885559082,8.119999885559082,328.0
2024-03-01 14:10:00,CDNA,12.492400169372559,12.492400169372559,12.529999732971191,12.489999771118164,12.529999732971191,2935.0
2024-03-01 14:10:00,CDXS,4.550000190734863,4.550000190734863,4.590099811553955,4.550000190734863,4.570000171661377,5371.0
2024-03-01 14:10:00,CELC,16.704999923706055,16.704999923706055,16.780000686645508,16.704999923706055,16.760000228881836,584.0
2024-03-01 14:10:00,CERE,41.095001220703125,41.095001220703125,41.095001220703125,41.092498779296875,41.095001220703125,3674.0
2024-03-01 14:10:00,CGC,3.2249999046325684,3.2249999046325684,3.2300000190734863,3.2249999046325684,3.2300000190734863,1125.0
2024-03-01 14:10:00,CGEN,2.6740000247955322,2.6740000247955322,2.690000057220459,2.6740000247955322,2.690000057220459,3429.0
2024-03-01 14:10:00,CHEK,2.0999999046325684,2.0999999046325684,2.0999999046325684,2.0999999046325684,2.0999999046325684,106.0
2024-03-01 14:10:00,CHRS,2.4189999103546143,2.4189999103546143,2.4189999103546143,2.4189999103546143,2.4189999103546143,350.0
2024-03-01 14:10:00,CJJD,2.9000000953674316,2.9000000953674316,2.9000000953674316,2.9000000953674316,2.9000000953674316,117.0
2024-03-01 14:10:00,CKPT,2.190000057220459,2.190000057220459,2.2197000980377197,2.190000057220459,2.2197000980377197,9300.0
2024-03-01 14:10:00,CLDX,52.14250183105469,52.14250183105469,52.209999084472656,52.07500076293945,52.150001525878906,8229.0
2024-03-01 14:10:00,CLNN,0.38964301347732544,0.38964301347732544,0.38964301347732544,0.38964301347732544,0.38964301347732544,1000.0
2024-03-01 14:10:00,CLOV,0.8654000163078308,0.8654000163078308,0.8658000230789185,0.8653500080108643,0.8658000230789185,17010.0
2024-03-01 14:10:00,CLRB,4.090000152587891,4.090000152587891,4.099999904632568,4.090000152587891,4.090000152587891,4871.0
2024-03-01 14:10:00,CMPS,11.479999542236328,11.479999542236328,11.5,11.454400062561035,11.454400062561035,2951.0
2024-03-01 14:10:00,CMRX,1.2059999704360962,1.2059999704360962,1.2100000381469727,1.2059999704360962,1.2100000381469727,1400.0
2024-03-01 14:10:00,COGT,7.224999904632568,7.224999904632568,7.22599983215332,7.224999904632568,7.22599983215332,2847.0
2024-03-01 14:10:00,COLL,36.809898376464844,36.809898376464844,36.809898376464844,36.809898376464844,36.809898376464844,280.0
2024-03-01 14:10:00,CORT,24.395000457763672,24.395000457763672,24.405000686645508,24.395000457763672,24.405000686645508,890.0
2024-03-01 14:10:00,CPRX,17.3799991607666,17.3799991607666,17.420000076293945,17.3700008392334,17.420000076293945,10639.0
2024-03-01 14:10:00,CPSI,9.5,9.5,9.5,9.5,9.5,101.0
2024-03-01 14:10:00,CRBU,7.900000095367432,7.900000095367432,7.904600143432617,7.900000095367432,7.904600143432617,1189.0
2024-03-01 14:10:00,CRDF,2.4298999309539795,2.4298999309539795,2.430000066757202,2.4100000858306885,2.4200000762939453,14508.0
2024-03-01 14:10:00,CRMD,3.680000066757202,3.680000066757202,3.684999942779541,3.680000066757202,3.684999942779541,1262.0
2024-03-01 14:10:00,CRNX,46.529998779296875,46.529998779296875,46.540000915527344,46.5,46.540000915527344,1303.0
2024-03-01 14:10:00,CRON,2.044300079345703,2.044300079345703,2.044300079345703,2.044300079345703,2.044300079345703,216.0
2024-03-01 14:10:00,CRSP,85.50499725341797,85.50499725341797,85.50499725341797,85.50499725341797,85.50499725341797,623.0
2024-03-01 14:10:00,CRVS,2.2200000286102295,2.2200000286102295,2.2200000286102295,2.2200000286102295,2.2200000286102295,115.0
2024-03-01 14:10:00,CTKB,9.050000190734863,9.050000190734863,9.050000190734863,9.010000228881836,9.010000228881836,5821.0
2024-03-01 14:10:00,CTMX,2.5350000858306885,2.5350000858306885,2.5399999618530273,2.5350000858306885,2.5350000858306885,1316.0
2024-03-01 14:10:00,CUTR,2.3949999809265137,2.3949999809265137,2.4000000953674316,2.3949999809265137,2.4000000953674316,220.0
2024-03-01 14:10:00,CYTK,73.11000061035156,73.11000061035156,73.1500015258789,73.11000061035156,73.11499786376953,891.0
2024-03-01 14:10:00,DAWN,17.65999984741211,17.65999984741211,17.66710090637207,17.65999984741211,17.66710090637207,966.0
2024-03-01 14:10:00,DCGO,4.150000095367432,4.150000095367432,4.150000095367432,4.150000095367432,4.150000095367432,169.0
2024-03-01 14:10:00,DMTK,0.8375999927520752,0.8375999927520752,0.8375999927520752,0.8301010131835938,0.8301010131835938,14584.0
2024-03-01 14:10:00,DNLI,21.229999542236328,21.229999542236328,21.239999771118164,21.229999542236328,21.239999771118164,590.0
2024-03-01 14:10:00,DSGN,2.9000000953674316,2.9000000953674316,2.9000000953674316,2.8949999809265137,2.8949999809265137,355.0
2024-03-01 14:10:00,DTIL,12.449999809265137,12.449999809265137,12.449999809265137,12.444999694824219,12.444999694824219,301.0
2024-03-01 14:10:00,DXCM,122.0999984741211,122.0999984741211,122.0999984741211,121.9000015258789,122.01000213623047,10163.0
2024-03-01 14:10:00,DYN,28.770000457763672,28.770000457763672,28.770000457763672,28.770000457763672,28.770000457763672,1530.0
2024-03-01 14:10:00,EDIT,10.875,10.875,10.890000343322754,10.875,10.890000343322754,2685.0
2024-03-01 14:10:00,EFTR,15.75,15.75,15.75,15.59630012512207,15.59630012512207,6143.0
2024-03-01 14:10:00,EGRX,6.640100002288818,6.640100002288818,6.640100002288818,6.640100002288818,6.640100002288818,1826.0
2024-03-01 14:10:00,EIGR,7.5,7.5,7.5,7.5,7.5,200.0
2024-03-01 14:10:00,ELEV,5.070000171661377,5.070000171661377,5.070000171661377,5.070000171661377,5.070000171661377,380.0
2024-03-01 14:10:00,EMBC,14.3100004196167,14.3100004196167,14.3100004196167,14.3100004196167,14.3100004196167,1097.0
2024-03-01 14:10:00,ENLV,3.2799999713897705,3.2799999713897705,3.2799999713897705,3.2799999713897705,3.2799999713897705,649.0
2024-03-01 14:10:00,ENSC,0.9298989772796631,0.9298989772796631,0.9298989772796631,0.9298989772796631,0.9298989772796631,510.0
2024-03-01 14:10:00,ENSG,122.0,122.0,122.0,122.0,122.0,223.0
2024-03-01 14:10:00,ENTA,15.390000343322754,15.390000343322754,15.430000305175781,15.390000343322754,15.390000343322754,424.0
2024-03-01 14:10:00,ENVB,1.5099999904632568,1.5099999904632568,1.5199999809265137,1.5099999904632568,1.5099999904632568,595.0
2024-03-01 14:10:00,EOLS,14.850000381469727,14.850000381469727,14.850000381469727,14.84000015258789,14.84000015258789,762.0
2024-03-01 14:10:00,ESPR,2.5450000762939453,2.5450000762939453,2.5499000549316406,2.5450000762939453,2.5450000762939453,3265.0
2024-03-01 14:10:00,ESTA,44.91999816894531,44.91999816894531,44.91999816894531,44.779998779296875,44.849998474121094,1623.0
2024-03-01 14:10:00,ETNB,12.930000305175781,12.930000305175781,12.970000267028809,12.930000305175781,12.960000038146973,3186.0
2024-03-01 14:10:00,ETON,4.53000020980835,4.53000020980835,4.53000020980835,4.46999979019165,4.46999979019165,1260.0
2024-03-01 14:10:00,EWTX,16.93000030517578,16.93000030517578,16.93000030517578,16.93000030517578,16.93000030517578,208.0
2024-03-01 14:10:00,EXAI,6.710000038146973,6.710000038146973,6.710000038146973,6.710000038146973,6.710000038146973,465.0
2024-03-01 14:10:00,EXAS,59.959999084472656,59.959999084472656,60.060001373291016,59.959999084472656,60.060001373291016,3648.0
2024-03-01 14:10:00,EXEL,22.475000381469727,22.475000381469727,22.479999542236328,22.475000381469727,22.479999542236328,579.0
2024-03-01 14:10:00,EYPT,27.8799991607666,27.8799991607666,27.90999984741211,27.8799991607666,27.90999984741211,666.0
2024-03-01 14:10:00,FATE,7.740099906921387,7.740099906921387,7.740099906921387,7.735000133514404,7.739999771118164,1425.0
2024-03-01 14:10:00,FDMT,29.43000030517578,29.43000030517578,29.43000030517578,29.3799991607666,29.3799991607666,1887.0
2024-03-01 14:10:00,FEMY,1.7599999904632568,1.7599999904632568,1.7599999904632568,1.7599999904632568,1.7599999904632568,150.0
2024-03-01 14:10:00,FGEN,1.8600000143051147,1.8600000143051147,1.8600000143051147,1.8587000370025635,1.8587000370025635,312.0
2024-03-01 14:10:00,FLGT,23.29990005493164,23.29990005493164,23.29990005493164,23.25,23.25,1105.0
2024-03-01 14:10:00,FOLD,13.399999618530273,13.399999618530273,13.430000305175781,13.399999618530273,13.430000305175781,3885.0
2024-03-01 14:10:00,FULC,11.0,11.0,11.0,11.0,11.0,103.0
2024-03-01 14:10:00,FUSN,12.279999732971191,12.279999732971191,12.289999961853027,12.270000457763672,12.274999618530273,735.0
2024-03-01 14:10:00,FWBI,8.880000114440918,8.880000114440918,8.880000114440918,8.739999771118164,8.760000228881836,3462.0
2024-03-01 14:10:00,GBIO,2.625,2.625,2.630000114440918,2.615000009536743,2.6205999851226807,8072.0
2024-03-01 14:10:00,GDRX,8.390000343322754,8.390000343322754,8.39900016784668,8.390000343322754,8.391200065612793,675.0
2024-03-01 14:10:00,GENE,2.3499999046325684,2.3499999046325684,2.3499999046325684,2.319999933242798,2.319999933242798,900.0
2024-03-01 14:10:00,GERN,2.2799999713897705,2.2799999713897705,2.2899999618530273,2.2799999713897705,2.2799999713897705,54508.0
2024-03-01 14:10:00,GH,19.100000381469727,19.100000381469727,19.114999771118164,19.100000381469727,19.114999771118164,2454.0
2024-03-01 14:10:00,GILD,72.45999908447266,72.45999908447266,72.45999908447266,72.44499969482422,72.44750213623047,3055.0
2024-03-01 14:10:00,GLYC,3.009999990463257,3.009999990463257,3.0199999809265137,3.009999990463257,3.0199999809265137,1708.0
2024-03-01 14:10:00,GMAB,29.450000762939453,29.450000762939453,29.459999084472656,29.450000762939453,29.459999084472656,1179.0
2024-03-01 14:10:00,GOSS,1.4450000524520874,1.4450000524520874,1.4500000476837158,1.440000057220459,1.4500000476837158,1010.0
2024-03-01 14:10:00,GRFS,7.09499979019165,7.09499979019165,7.098800182342529,7.09499979019165,7.098800182342529,410.0
2024-03-01 14:10:00,GRTS,2.125,2.125,2.1277999877929688,2.125,2.1277999877929688,1750.0
2024-03-01 14:10:00,GRTX,0.23399999737739563,0.23399999737739563,0.23499999940395355,0.23399999737739563,0.23499999940395355,1300.0
2024-03-01 14:10:00,GTHX,3.759999990463257,3.759999990463257,3.759999990463257,3.759999990463257,3.759999990463257,100.0
2024-03-01 14:10:00,HALO,41.369998931884766,41.369998931884766,41.39500045776367,41.369998931884766,41.39500045776367,753.0
2024-03-01 14:10:00,HARP,22.950000762939453,22.950000762939453,22.950000762939453,22.940000534057617,22.940000534057617,10647.0
2024-03-01 14:10:00,HBIO,4.375,4.375,4.375,4.375,4.375,253.0
2024-03-01 14:10:00,HCAT,8.180000305175781,8.180000305175781,8.180000305175781,8.170000076293945,8.180000305175781,2322.0
2024-03-01 14:10:00,HCM,15.210000038146973,15.210000038146973,15.210000038146973,15.210000038146973,15.210000038146973,100.0
2024-03-01 14:10:00,HCTI,2.365000009536743,2.365000009536743,2.365000009536743,2.3499999046325684,2.3499999046325684,300.0
2024-03-01 14:10:00,HEPA,3.0601000785827637,3.0601000785827637,3.0601000785827637,3.0601000785827637,3.0601000785827637,357.0
2024-03-01 14:10:00,HITI,1.7400000095367432,1.7400000095367432,1.7450000047683716,1.7400000095367432,1.7400000095367432,10760.0
2024-03-01 14:10:00,HOLX,74.32499694824219,74.32499694824219,74.33000183105469,74.32499694824219,74.33000183105469,711.0
2024-03-01 14:10:00,HOWL,7.03000020980835,7.03000020980835,7.03000020980835,7.03000020980835,7.03000020980835,110.0
2024-03-01 14:10:00,HRTX,2.559999942779541,2.559999942779541,2.5601000785827637,2.559999942779541,2.559999942779541,1407.0
2024-03-01 14:10:00,HSCS,0.11739999800920486,0.11739999800920486,0.11744999885559082,0.11739999800920486,0.11744999885559082,400.0
2024-03-01 14:10:00,HSIC,76.87999725341797,76.87999725341797,76.87999725341797,76.83000183105469,76.83000183105469,3798.0
2024-03-01 14:10:00,HUMA,3.2699999809265137,3.2699999809265137,3.278700113296509,3.2699999809265137,3.2750000953674316,2651.0
2024-03-01 14:10:00,IART,36.400001525878906,36.400001525878906,36.42499923706055,36.400001525878906,36.404998779296875,1446.0
2024-03-01 14:10:00,IBRX,4.864999771118164,4.864999771118164,4.880000114440918,4.864999771118164,4.880000114440918,6034.0
2024-03-01 14:10:00,ICLR,323.2650146484375,323.2650146484375,323.2650146484375,323.260009765625,323.260009765625,581.0
2024-03-01 14:10:00,ICUI,106.07499694824219,106.07499694824219,106.07499694824219,106.07499694824219,106.07499694824219,421.0
2024-03-01 14:10:00,IDXX,579.2899780273438,579.2899780273438,579.5399780273438,579.2100219726562,579.2100219726562,2906.0
2024-03-01 14:10:00,IFRX,1.7699999809265137,1.7699999809265137,1.7699999809265137,1.7699999809265137,1.7699999809265137,413.0
2024-03-01 14:10:00,ILMN,142.16160583496094,142.16160583496094,142.1699981689453,142.1199951171875,142.1699981689453,1366.0
2024-03-01 14:10:00,IMNM,25.299999237060547,25.299999237060547,25.299999237060547,25.299999237060547,25.299999237060547,357.0
2024-03-01 14:10:00,IMNN,1.0299999713897705,1.0299999713897705,1.0299999713897705,1.0281000137329102,1.0281000137329102,554.0
2024-03-01 14:10:00,IMRN,1.7199000120162964,1.7199000120162964,1.7199000120162964,1.7199000120162964,1.7199000120162964,1996.0
2024-03-01 14:10:00,IMUX,1.4700000286102295,1.4700000286102295,1.4700000286102295,1.4700000286102295,1.4700000286102295,433.0
2024-03-01 14:10:00,IMVT,35.89500045776367,35.89500045776367,35.91999816894531,35.8849983215332,35.91999816894531,3439.0
2024-03-01 14:10:00,INBX,36.6150016784668,36.6150016784668,36.6150016784668,36.6150016784668,36.6150016784668,241.0
2024-03-01 14:10:00,INCY,59.525001525878906,59.525001525878906,59.525001525878906,59.47999954223633,59.47999954223633,956.0
2024-03-01 14:10:00,INMD,22.889999389648438,22.889999389648438,22.895000457763672,22.889999389648438,22.889999389648438,1353.0
2024-03-01 14:10:00,INO,9.670000076293945,9.670000076293945,9.670000076293945,9.649999618530273,9.649999618530273,851.0
2024-03-01 14:10:00,INSM,28.235000610351562,28.235000610351562,28.235000610351562,28.235000610351562,28.235000610351562,585.0
2024-03-01 14:10:00,INVA,15.524999618530273,15.524999618530273,15.539999961853027,15.524999618530273,15.539999961853027,725.0
2024-03-01 14:10:00,INVO,1.2100000381469727,1.2100000381469727,1.2100000381469727,1.2100000381469727,1.2100000381469727,158.0
2024-03-01 14:10:00,INZY,6.639999866485596,6.639999866485596,6.639999866485596,6.639999866485596,6.639999866485596,142.0
2024-03-01 14:10:00,IONS,45.974998474121094,45.974998474121094,45.98500061035156,45.970001220703125,45.98500061035156,1285.0
2024-03-01 14:10:00,IOVA,16.959999084472656,16.959999084472656,17.024999618530273,16.950000762939453,17.024999618530273,31204.0
2024-03-01 14:10:00,IPSC,3.940000057220459,3.940000057220459,3.940000057220459,3.940000057220459,3.940000057220459,1853.0
2024-03-01 14:10:00,IRTC,121.05999755859375,121.05999755859375,121.0999984741211,121.05999755859375,121.0999984741211,1779.0
2024-03-01 14:10:00,IRWD,9.039999961853027,9.039999961853027,9.055000305175781,9.039999961853027,9.045000076293945,13354.0
2024-03-01 14:10:00,ISRG,397.0849914550781,397.0849914550781,397.1099853515625,396.9100036621094,397.010009765625,5761.0
2024-03-01 14:10:00,ITCI,71.9800033569336,71.9800033569336,71.9800033569336,71.97000122070312,71.9800033569336,412.0
2024-03-01 14:10:00,JAGX,0.07899600267410278,0.07899600267410278,0.07980000227689743,0.07800000160932541,0.07980000227689743,304621.0
2024-03-01 14:10:00,JANX,46.04999923706055,46.04999923706055,46.099998474121094,46.04999923706055,46.04999923706055,1509.0
2024-03-01 14:10:00,JAZZ,119.2699966430664,119.2699966430664,119.2699966430664,119.2699966430664,119.2699966430664,854.0
2024-03-01 14:10:00,JSPR,21.3799991607666,21.3799991607666,21.3799991607666,21.280000686645508,21.280000686645508,852.0
2024-03-01 14:10:00,KALA,7.420000076293945,7.420000076293945,7.420000076293945,7.420000076293945,7.420000076293945,201.0
2024-03-01 14:10:00,KALV,14.145000457763672,14.145000457763672,14.149999618530273,14.145000457763672,14.149999618530273,700.0
2024-03-01 14:10:00,KIDS,27.520000457763672,27.520000457763672,27.520000457763672,27.520000457763672,27.520000457763672,205.0
2024-03-01 14:10:00,KNSA,21.809999465942383,21.809999465942383,21.809999465942383,21.809999465942383,21.809999465942383,100.0
2024-03-01 14:10:00,KNTE,2.609999895095825,2.609999895095825,2.609999895095825,2.609999895095825,2.609999895095825,300.0
2024-03-01 14:10:00,KOD,6.085000038146973,6.085000038146973,6.085000038146973,6.085000038146973,6.085000038146973,110.0
2024-03-01 14:10:00,KPTI,1.1749999523162842,1.1749999523162842,1.1749999523162842,1.1700999736785889,1.1749999523162842,2010.0
2024-03-01 14:10:00,KRMD,2.134999990463257,2.134999990463257,2.134999990463257,2.134999990463257,2.134999990463257,101.0
2024-03-01 14:10:00,KTRA,0.1023000031709671,0.1023000031709671,0.1023000031709671,0.10199999809265137,0.1023000031709671,26011.0
2024-03-01 14:10:00,KURA,21.899999618530273,21.899999618530273,21.899999618530273,21.899999618530273,21.899999618530273,674.0
2024-03-01 14:10:00,KYMR,43.90999984741211,43.90999984741211,43.90999984741211,43.90999984741211,43.90999984741211,100.0
2024-03-01 14:10:00,KZR,1.0836000442504883,1.0836000442504883,1.090000033378601,1.0836000442504883,1.090000033378601,247.0
2024-03-01 14:10:00,LAB,2.4600000381469727,2.4600000381469727,2.4600000381469727,2.452500104904175,2.4600000381469727,1171.0
2024-03-01 14:10:00,LFMD,7.940000057220459,7.940000057220459,7.945000171661377,7.940000057220459,7.945000171661377,424.0
2024-03-01 14:10:00,LFST,7.71750020980835,7.71750020980835,7.71999979019165,7.71750020980835,7.71999979019165,3411.0
2024-03-01 14:10:00,LIAN,4.864999771118164,4.864999771118164,4.864999771118164,4.864999771118164,4.864999771118164,119.0
2024-03-01 14:10:00,LIFE,1.910099983215332,1.910099983215332,1.910099983215332,1.910099983215332,1.910099983215332,503.0
2024-03-01 14:10:00,LIVN,55.88999938964844,55.88999938964844,55.88999938964844,55.86000061035156,55.880001068115234,1189.0
2024-03-01 14:10:00,LMAT,68.1500015258789,68.1500015258789,68.1500015258789,68.1500015258789,68.1500015258789,309.0
2024-03-01 14:10:00,LNTH,64.86499786376953,64.86499786376953,64.86499786376953,64.81999969482422,64.81999969482422,3083.0
2024-03-01 14:10:00,LQDA,14.710000038146973,14.710000038146973,14.710000038146973,14.710000038146973,14.710000038146973,909.0
2024-03-01 14:10:00,LTRN,4.449999809265137,4.449999809265137,4.449999809265137,4.449999809265137,4.449999809265137,301.0
2024-03-01 14:10:00,LVTX,2.7699999809265137,2.7699999809265137,2.7699999809265137,2.740000009536743,2.740000009536743,1486.0
2024-03-01 14:10:00,LXRX,2.499300003051758,2.499300003051758,2.5,2.494999885559082,2.494999885559082,3065.0
2024-03-01 14:10:00,LYEL,3.1449999809265137,3.1449999809265137,3.1449999809265137,3.140000104904175,3.1449999809265137,3702.0
2024-03-01 14:10:00,LYRA,5.610000133514404,5.610000133514404,5.610000133514404,5.610000133514404,5.610000133514404,220.0
2024-03-01 14:10:00,MASS,7.340000152587891,7.340000152587891,7.340000152587891,7.340000152587891,7.340000152587891,386.0
2024-03-01 14:10:00,MCRB,1.2350000143051147,1.2350000143051147,1.2400000095367432,1.2300000190734863,1.232100009918213,43598.0
2024-03-01 14:10:00,MDGL,249.5800018310547,249.5800018310547,249.7100067138672,249.5800018310547,249.7100067138672,401.0
2024-03-01 14:10:00,MDRX,5.960000038146973,5.960000038146973,6.050000190734863,5.960000038146973,5.960000038146973,30485.0
2024-03-01 14:10:00,MDXG,8.625,8.625,8.635000228881836,8.625,8.630000114440918,4054.0
2024-03-01 14:10:00,ME,0.5601000189781189,0.5601000189781189,0.5601000189781189,0.5601000189781189,0.5601000189781189,806.0
2024-03-01 14:10:00,MEDP,401.4599914550781,401.4599914550781,401.4599914550781,401.4599914550781,401.4599914550781,608.0
2024-03-01 14:10:00,MGNX,19.25,19.25,19.295000076293945,19.25,19.295000076293945,2581.0
2024-03-01 14:10:00,MIRM,29.725000381469727,29.725000381469727,29.725000381469727,29.725000381469727,29.725000381469727,110.0
2024-03-01 14:10:00,MMSI,76.3499984741211,76.3499984741211,76.37000274658203,76.31999969482422,76.37000274658203,1168.0
2024-03-01 14:10:00,MNKD,4.514999866485596,4.514999866485596,4.514999866485596,4.510000228881836,4.510000228881836,1020.0
2024-03-01 14:10:00,MNMD,6.21999979019165,6.21999979019165,6.2210001945495605,6.21999979019165,6.2210001945495605,880.0
2024-03-01 14:10:00,MNPR,0.8625500202178955,0.8625500202178955,0.8625500202178955,0.8625500202178955,0.8625500202178955,138.0
2024-03-01 14:10:00,MODV,28.110000610351562,28.110000610351562,28.110000610351562,27.979999542236328,28.010000228881836,2427.0
2024-03-01 14:10:00,MOR,17.540000915527344,17.540000915527344,17.540000915527344,17.540000915527344,17.540000915527344,2929.0
2024-03-01 14:10:00,MORF,39.435001373291016,39.435001373291016,39.435001373291016,39.43000030517578,39.43000030517578,460.0
2024-03-01 14:10:00,MOVE,0.5699999928474426,0.5699999928474426,0.5699999928474426,0.5699999928474426,0.5699999928474426,189.0
2024-03-01 14:10:00,MREO,3.9749999046325684,3.9749999046325684,3.9749999046325684,3.9749999046325684,3.9749999046325684,601.0
2024-03-01 14:10:00,MRNA,95.37000274658203,95.37000274658203,95.37000274658203,95.16999816894531,95.2300033569336,5879.0
2024-03-01 14:10:00,MRSN,5.96999979019165,5.96999979019165,5.96999979019165,5.965000152587891,5.965000152587891,1872.0
2024-03-01 14:10:00,MRUS,51.150001525878906,51.150001525878906,51.150001525878906,51.08000183105469,51.150001525878906,549.0
2024-03-01 14:10:00,MRVI,7.744999885559082,7.744999885559082,7.75,7.744999885559082,7.75,1149.0
2024-03-01 14:10:00,MXCT,4.755000114440918,4.755000114440918,4.755000114440918,4.755000114440918,4.755000114440918,288.0
2024-03-01 14:10:00,MYGN,22.1299991607666,22.1299991607666,22.1299991607666,22.1299991607666,22.1299991607666,307.0
2024-03-01 14:10:00,NARI,45.439998626708984,45.439998626708984,45.58000183105469,45.439998626708984,45.564998626708984,4595.0
2024-03-01 14:10:00,NAUT,2.630000114440918,2.630000114440918,2.630000114440918,2.609999895095825,2.609999895095825,387.0
2024-03-01 14:10:00,NBIX,131.92999267578125,131.92999267578125,132.02000427246094,131.92999267578125,132.02000427246094,1495.0
2024-03-01 14:10:00,NEO,16.06999969482422,16.06999969482422,16.070100784301758,16.06999969482422,16.06999969482422,948.0
2024-03-01 14:10:00,NEOG,17.405000686645508,17.405000686645508,17.405000686645508,17.405000686645508,17.405000686645508,186.0
2024-03-01 14:10:00,NERV,2.6449999809265137,2.6449999809265137,2.6449999809265137,2.6449999809265137,2.6449999809265137,202.0
2024-03-01 14:10:00,NGM,1.5199999809265137,1.5199999809265137,1.5199999809265137,1.5199999809265137,1.5199999809265137,1591.0
2024-03-01 14:10:00,NKTR,0.781000018119812,0.781000018119812,0.781000018119812,0.7799999713897705,0.7799999713897705,22661.0
2024-03-01 14:10:00,NNOX,10.920000076293945,10.920000076293945,10.9350004196167,10.899999618530273,10.9350004196167,3477.0
2024-03-01 14:10:00,NOTV,8.09000015258789,8.09000015258789,8.09000015258789,8.09000015258789,8.09000015258789,346.0
2024-03-01 14:10:00,NRBO,6.079999923706055,6.079999923706055,6.079999923706055,6.079999923706055,6.079999923706055,343.0
2024-03-01 14:10:00,NRIX,13.670000076293945,13.670000076293945,13.670000076293945,13.649999618530273,13.670000076293945,1649.0
2024-03-01 14:10:00,NRXP,0.41999998688697815,0.41999998688697815,0.41999998688697815,0.41999998688697815,0.41999998688697815,397.0
2024-03-01 14:10:00,NTLA,33.44499969482422,33.44499969482422,33.44499969482422,33.439998626708984,33.44499969482422,613.0
2024-03-01 14:10:00,NTRA,89.03279876708984,89.03279876708984,89.04000091552734,89.0,89.04000091552734,5593.0
2024-03-01 14:10:00,NUVL,87.66000366210938,87.66000366210938,87.73999786376953,87.61000061035156,87.73999786376953,1485.0
2024-03-01 14:10:00,NVAX,5.240099906921387,5.240099906921387,5.249000072479248,5.240099906921387,5.249000072479248,3862.0
2024-03-01 14:10:00,NVCT,10.725000381469727,10.725000381469727,10.777000427246094,10.725000381469727,10.777000427246094,1916.0
2024-03-01 14:10:00,NVNO,6.432000160217285,6.432000160217285,6.432000160217285,6.432000160217285,6.432000160217285,100.0
2024-03-01 14:10:00,NVOS,0.6377999782562256,0.6377999782562256,0.6377999782562256,0.6377999782562256,0.6377999782562256,3000.0
2024-03-01 14:10:00,NXTC,1.7899999618530273,1.7899999618530273,1.7899999618530273,1.7899999618530273,1.7899999618530273,200.0
2024-03-01 14:10:00,OCGN,0.958200991153717,0.958200991153717,0.958200991153717,0.9581999778747559,0.9581999778747559,1750.0
2024-03-01 14:10:00,OCUL,10.740699768066406,10.740699768066406,10.760000228881836,10.729999542236328,10.760000228881836,26953.0
2024-03-01 14:10:00,OGI,2.174999952316284,2.174999952316284,2.174999952316284,2.1703999042510986,2.1703999042510986,5007.0
2024-03-01 14:10:00,OLMA,14.829999923706055,14.829999923706055,14.890000343322754,14.829999923706055,14.890000343322754,2270.0
2024-03-01 14:10:00,OMGA,4.400100231170654,4.400100231170654,4.400100231170654,4.400100231170654,4.400100231170654,370.0
2024-03-01 14:11:00,ABCL,5.164999961853027,5.164999961853027,5.164999961853027,5.164999961853027,5.164999961853027,200.0
2024-03-01 14:11:00,ABEO,7.789999961853027,7.789999961853027,7.789999961853027,7.789999961853027,7.789999961853027,101.0
2024-03-01 14:11:00,ABOS,4.601200103759766,4.601200103759766,4.601200103759766,4.601200103759766,4.601200103759766,441.0
2024-03-01 14:11:00,ABSI,5.434999942779541,5.434999942779541,5.440299987792969,5.429999828338623,5.434000015258789,2693.0
2024-03-01 14:11:00,ACAD,24.280000686645508,24.280000686645508,24.290000915527344,24.270000457763672,24.270000457763672,5049.0
2024-03-01 14:11:00,ACB,3.194999933242798,3.194999933242798,3.199700117111206,3.194999933242798,3.199700117111206,1373.0
2024-03-01 14:11:00,ACET,2.3949999809265137,2.3949999809265137,2.4000000953674316,2.390000104904175,2.390000104904175,700.0
2024-03-01 14:11:00,ACHC,84.33000183105469,84.33000183105469,84.33000183105469,84.30500030517578,84.30500030517578,393.0
2024-03-01 14:11:00,ACHV,4.349999904632568,4.349999904632568,4.360000133514404,4.349999904632568,4.360000133514404,315.0
2024-03-01 14:11:00,ACIU,3.9000000953674316,3.9000000953674316,3.9200000762939453,3.9000000953674316,3.9200000762939453,8786.0
2024-03-01 14:11:00,ACLX,68.125,68.125,68.125,68.125,68.125,661.0
2024-03-01 14:11:00,ACRS,1.2300000190734863,1.2300000190734863,1.2400000095367432,1.2300000190734863,1.2400000095367432,1253.0
2024-03-01 14:11:00,ADAP,1.6168999671936035,1.6168999671936035,1.6168999671936035,1.6168999671936035,1.6168999671936035,200.0
2024-03-01 14:11:00,ADIL,3.4999001026153564,3.4999001026153564,3.630000114440918,3.4200000762939453,3.5699000358581543,403331.0
2024-03-01 14:11:00,ADMA,5.559199810028076,5.559199810028076,5.559899806976318,5.554999828338623,5.559899806976318,4961.0
2024-03-01 14:11:00,ADVM,1.9700000286102295,1.9700000286102295,1.9800000190734863,1.9700000286102295,1.9774999618530273,1390.0
2024-03-01 14:11:00,AFIB,0.20999999344348907,0.20999999344348907,0.21299999952316284,0.20810000598430634,0.21299999952316284,5191.0
2024-03-01 14:11:00,AFMD,0.675000011920929,0.675000011920929,0.675000011920929,0.6700000166893005,0.6700000166893005,1998.0
2024-03-01 14:11:00,AGEN,0.670799970626831,0.670799970626831,0.6711000204086304,0.670799970626831,0.670799970626831,42355.0
2024-03-01 14:11:00,AGIO,32.78499984741211,32.78499984741211,32.79999923706055,32.77000045776367,32.78499984741211,2227.0
2024-03-01 14:11:00,AHCO,10.510000228881836,10.510000228881836,10.510000228881836,10.510000228881836,10.510000228881836,107.0
2024-03-01 14:11:00,AKAN,0.20999999344348907,0.20999999344348907,0.20999999344348907,0.20999999344348907,0.20999999344348907,630.0
2024-03-01 14:11:00,AKBA,1.684999942779541,1.684999942779541,1.690000057220459,1.684999942779541,1.684999942779541,517.0
2024-03-01 14:11:00,AKLI,0.35510000586509705,0.35510000586509705,0.35510000586509705,0.35510000586509705,0.35510000586509705,1103.0
2024-03-01 14:11:00,AKRO,29.639999389648438,29.639999389648438,29.639999389648438,29.549999237060547,29.579999923706055,4446.0
2024-03-01 14:11:00,AKYA,5.989999771118164,5.989999771118164,6.0,5.989999771118164,6.0,584.0
2024-03-01 14:11:00,ALDX,4.320000171661377,4.320000171661377,4.320000171661377,4.320000171661377,4.320000171661377,2610.0
2024-03-01 14:11:00,ALEC,7.445000171661377,7.445000171661377,7.460000038146973,7.445000171661377,7.454999923706055,2773.0
2024-03-01 14:11:00,ALGN,302.9700012207031,302.9700012207031,303.0050048828125,302.9700012207031,303.0050048828125,492.0
2024-03-01 14:11:00,ALHC,5.659999847412109,5.659999847412109,5.659999847412109,5.659999847412109,5.659999847412109,142.0
2024-03-01 14:11:00,ALKS,30.229999542236328,30.229999542236328,30.25,30.229999542236328,30.25,1735.0
2024-03-01 14:11:00,ALLK,1.6675000190734863,1.6675000190734863,1.6699999570846558,1.6649999618530273,1.6649999618530273,734.0
2024-03-01 14:11:00,ALLO,5.03000020980835,5.03000020980835,5.03000020980835,5.03000020980835,5.03000020980835,567.0
2024-03-01 14:11:00,ALNY,153.2100067138672,153.2100067138672,153.2100067138672,153.2100067138672,153.2100067138672,970.0
2024-03-01 14:11:00,ALPN,35.915000915527344,35.915000915527344,35.915000915527344,35.915000915527344,35.915000915527344,221.0
2024-03-01 14:11:00,ALT,12.170000076293945,12.170000076293945,12.170000076293945,12.15999984741211,12.15999984741211,1725.0
2024-03-01 14:11:00,ALVO,15.640000343322754,15.640000343322754,15.640000343322754,15.640000343322754,15.640000343322754,536.0
2024-03-01 14:11:00,ALVR,0.7544000148773193,0.7544000148773193,0.7544000148773193,0.7544000148773193,0.7544000148773193,994.0
2024-03-01 14:11:00,ALXO,15.020000457763672,15.020000457763672,15.020000457763672,15.020000457763672,15.020000457763672,213.0
2024-03-01 14:11:00,AMED,93.59500122070312,93.59500122070312,93.68499755859375,93.54000091552734,93.68499755859375,16264.0
2024-03-01 14:11:00,AMGN,281.0,281.0,281.0899963378906,280.9800109863281,281.0799865722656,6159.0
2024-03-01 14:11:00,AMLX,18.6299991607666,18.6299991607666,18.670000076293945,18.6299991607666,18.670000076293945,3438.0
2024-03-01 14:11:00,AMRN,1.0549999475479126,1.0549999475479126,1.0549999475479126,1.0549999475479126,1.0549999475479126,861.0
2024-03-01 14:11:00,ANGO,5.514999866485596,5.514999866485596,5.514999866485596,5.514999866485596,5.514999866485596,162.0
2024-03-01 14:11:00,ANIP,67.15499877929688,67.15499877929688,67.15499877929688,67.15499877929688,67.15499877929688,100.0
2024-03-01 14:11:00,APLS,64.77999877929688,64.77999877929688,64.80999755859375,64.7699966430664,64.80999755859375,1093.0
2024-03-01 14:11:00,APLT,7.130000114440918,7.130000114440918,7.135000228881836,7.130000114440918,7.130099773406982,415.0
2024-03-01 14:11:00,APVO,0.16009999811649323,0.16009999811649323,0.16009999811649323,0.16009999811649323,0.16009999811649323,100.0
2024-03-01 14:11:00,AQST,4.199999809265137,4.199999809265137,4.210000038146973,4.199999809265137,4.210000038146973,4259.0
2024-03-01 14:11:00,ARAY,2.6449999809265137,2.6449999809265137,2.6449999809265137,2.6449999809265137,2.6449999809265137,2188.0
2024-03-01 14:11:00,ARDX,9.489999771118164,9.489999771118164,9.494999885559082,9.484999656677246,9.484999656677246,5994.0
2024-03-01 14:11:00,ARQT,11.614999771118164,11.614999771118164,11.620100021362305,11.609999656677246,11.619999885559082,10900.0
2024-03-01 14:11:00,ARVN,48.7400016784668,48.7400016784668,48.86000061035156,48.7400016784668,48.79999923706055,584.0
2024-03-01 14:11:00,ARWR,35.66999816894531,35.66999816894531,35.68000030517578,35.66999816894531,35.66999816894531,1887.0
2024-03-01 14:11:00,ASRT,0.9049999713897705,0.9049999713897705,0.9100000262260437,0.9049999713897705,0.9075000286102295,3641.0
2024-03-01 14:11:00,ATAI,2.1500000953674316,2.1500000953674316,2.1586999893188477,2.1500000953674316,2.1586999893188477,215.0
2024-03-01 14:11:00,ATEC,13.454999923706055,13.454999923706055,13.460000038146973,13.449999809265137,13.454999923706055,2404.0
2024-03-01 14:11:00,ATHA,3.994999885559082,3.994999885559082,3.994999885559082,3.994999885559082,3.994999885559082,200.0
2024-03-01 14:11:00,ATOS,1.0099999904632568,1.0099999904632568,1.0099999904632568,1.0099999904632568,1.0099999904632568,100.0
2024-03-01 14:11:00,ATRC,35.869998931884766,35.869998931884766,35.869998931884766,35.869998931884766,35.869998931884766,299.0
2024-03-01 14:11:00,ATXI,0.15340100228786469,0.15340100228786469,0.15340100228786469,0.15340100228786469,0.15340100228786469,158.0
2024-03-01 14:11:00,AUGX,4.539999961853027,4.539999961853027,4.539999961853027,4.539999961853027,4.539999961853027,109.0
2024-03-01 14:11:00,AVDL,13.1899995803833,13.1899995803833,13.199999809265137,13.170000076293945,13.1899995803833,65666.0
2024-03-01 14:11:00,AVRO,1.3300000429153442,1.3300000429153442,1.3300000429153442,1.3250000476837158,1.3300000429153442,493.0
2024-03-01 14:11:00,AVTE,24.170000076293945,24.170000076293945,24.170000076293945,24.170000076293945,24.170000076293945,338.0
2024-03-01 14:11:00,AVXL,5.324999809265137,5.324999809265137,5.324999809265137,5.324999809265137,5.324999809265137,1304.0
2024-03-01 14:11:00,AXGN,10.539999961853027,10.539999961853027,10.539999961853027,10.539999961853027,10.539999961853027,205.0
2024-03-01 14:11:00,AXNX,67.55000305175781,67.55000305175781,67.56999969482422,67.54000091552734,67.55999755859375,2366.0
2024-03-01 14:11:00,AXSM,82.2249984741211,82.2249984741211,82.2249984741211,82.2249984741211,82.2249984741211,385.0
2024-03-01 14:11:00,AZN,64.70999908447266,64.70999908447266,64.70999908447266,64.70110321044922,64.70999908447266,6808.0
2024-03-01 14:11:00,BBIO,35.93000030517578,35.93000030517578,35.93000030517578,35.880001068115234,35.880001068115234,312.0
2024-03-01 14:11:00,BCRX,5.71999979019165,5.71999979019165,5.71999979019165,5.719900131225586,5.719900131225586,1131.0
2024-03-01 14:11:00,BCTX,3.5534000396728516,3.5534000396728516,3.5534000396728516,3.5534000396728516,3.5534000396728516,250.0
2024-03-01 14:11:00,BCYC,26.024999618530273,26.024999618530273,26.024999618530273,26.024999618530273,26.024999618530273,139.0
2024-03-01 14:11:00,BDTX,4.880000114440918,4.880000114440918,4.889999866485596,4.880000114440918,4.889999866485596,655.0
2024-03-01 14:11:00,BEAM,40.060001373291016,40.060001373291016,40.060001373291016,40.025001525878906,40.04999923706055,1903.0
2024-03-01 14:11:00,BEAT,1.559999942779541,1.559999942779541,1.559999942779541,1.559999942779541,1.559999942779541,4000.0
2024-03-01 14:11:00,BGNE,167.2449951171875,167.2449951171875,167.2449951171875,167.2449951171875,167.2449951171875,156.0
2024-03-01 14:11:00,BGXX,0.2567000091075897,0.2567000091075897,0.2572000026702881,0.2567000091075897,0.2572000026702881,1375.0
2024-03-01 14:11:00,BIIB,221.8800048828125,221.8800048828125,221.8800048828125,221.5500030517578,221.58999633789062,4636.0
2024-03-01 14:11:00,BIOL,0.14640000462532043,0.14640000462532043,0.14640000462532043,0.1453000009059906,0.1453000009059906,3997.0
2024-03-01 14:11:00,BIOR,1.0800000429153442,1.0800000429153442,1.0800000429153442,1.0800000429153442,1.0800000429153442,1944.0
2024-03-01 14:11:00,BIVI,2.0678000450134277,2.0678000450134277,2.069999933242798,2.059999942779541,2.059999942779541,7972.0
2024-03-01 14:11:00,BLFS,18.270000457763672,18.270000457763672,18.270000457763672,18.18000030517578,18.21500015258789,3708.0
2024-03-01 14:11:00,BLUE,1.6050000190734863,1.6050000190734863,1.6100000143051147,1.6050000190734863,1.6059999465942383,945.0
2024-03-01 14:11:00,BMEA,18.350000381469727,18.350000381469727,18.360000610351562,18.34000015258789,18.360000610351562,1766.0
2024-03-01 14:11:00,BMRN,88.05000305175781,88.05000305175781,88.08999633789062,88.05000305175781,88.08999633789062,972.0
2024-03-01 14:11:00,BNGO,1.261199951171875,1.261199951171875,1.261199951171875,1.2603000402450562,1.2603000402450562,4130.0
2024-03-01 14:11:00,BNTX,91.09590148925781,91.09590148925781,91.09590148925781,91.09590148925781,91.09590148925781,265.0
2024-03-01 14:11:00,BPMC,96.67500305175781,96.67500305175781,96.76000213623047,96.67500305175781,96.76000213623047,501.0
2024-03-01 14:11:00,BTTX,0.18000000715255737,0.18000000715255737,0.18000000715255737,0.17810000479221344,0.17810000479221344,4683.0
2024-03-01 14:11:00,CABA,24.020000457763672,24.020000457763672,24.020000457763672,24.020000457763672,24.020000457763672,511.0
2024-03-01 14:11:00,CBAY,32.224998474121094,32.224998474121094,32.22999954223633,32.224998474121094,32.224998474121094,1570.0
2024-03-01 14:11:00,CCRN,18.270000457763672,18.270000457763672,18.270000457763672,18.270000457763672,18.270000457763672,270.0
2024-03-01 14:11:00,CDMO,8.119999885559082,8.119999885559082,8.119999885559082,8.119999885559082,8.119999885559082,218.0
2024-03-01 14:11:00,CDNA,12.5,12.5,12.5,12.489999771118164,12.489999771118164,1459.0
2024-03-01 14:11:00,CDXS,4.565000057220459,4.565000057220459,4.565000057220459,4.550000190734863,4.550000190734863,2471.0
2024-03-01 14:11:00,CELC,16.780000686645508,16.780000686645508,16.780000686645508,16.780000686645508,16.780000686645508,156.0
2024-03-01 14:11:00,CERE,41.0900993347168,41.0900993347168,41.095001220703125,41.0900993347168,41.095001220703125,2179.0
2024-03-01 14:11:00,CERT,17.934999465942383,17.934999465942383,17.940000534057617,17.934999465942383,17.940000534057617,661.0
2024-03-01 14:11:00,CGC,3.2249999046325684,3.2249999046325684,3.2249999046325684,3.2249999046325684,3.2249999046325684,521.0
2024-03-01 14:11:00,CGEM,18.735000610351562,18.735000610351562,18.735000610351562,18.735000610351562,18.735000610351562,253.0
2024-03-01 14:11:00,CHRS,2.4100000858306885,2.4100000858306885,2.4149999618530273,2.4100000858306885,2.4149999618530273,500.0
2024-03-01 14:11:00,CJJD,2.9400999546051025,2.9400999546051025,2.9400999546051025,2.9400999546051025,2.9400999546051025,183.0
2024-03-01 14:11:00,CKPT,2.190000057220459,2.190000057220459,2.190000057220459,2.190000057220459,2.190000057220459,125.0
2024-03-01 14:11:00,CLDX,52.05500030517578,52.05500030517578,52.130001068115234,52.02000045776367,52.130001068115234,2166.0
2024-03-01 14:11:00,CLOV,0.8653500080108643,0.8653500080108643,0.8654000163078308,0.8652999997138977,0.8652999997138977,26346.0
2024-03-01 14:11:00,CLRB,4.090000152587891,4.090000152587891,4.090000152587891,4.090000152587891,4.090000152587891,1175.0
2024-03-01 14:11:00,CLSD,1.3899999856948853,1.3899999856948853,1.3899999856948853,1.3899999856948853,1.3899999856948853,400.0
2024-03-01 14:11:00,CMPS,11.5,11.5,11.5,11.470000267028809,11.479999542236328,1451.0
2024-03-01 14:11:00,CODX,1.159999966621399,1.159999966621399,1.159999966621399,1.159999966621399,1.159999966621399,671.0
2024-03-01 14:11:00,COGT,7.224999904632568,7.224999904632568,7.227499961853027,7.224999904632568,7.224999904632568,672.0
2024-03-01 14:11:00,CORT,24.40999984741211,24.40999984741211,24.40999984741211,24.389999389648438,24.395000457763672,2678.0
2024-03-01 14:11:00,CPRX,17.354999542236328,17.354999542236328,17.3700008392334,17.31999969482422,17.3700008392334,8096.0
2024-03-01 14:11:00,CPSI,9.5,9.5,9.5,9.5,9.5,112.0
2024-03-01 14:11:00,CRBU,7.889999866485596,7.889999866485596,7.900000095367432,7.889999866485596,7.894999980926514,1310.0
2024-03-01 14:11:00,CRDF,2.430000066757202,2.430000066757202,2.430000066757202,2.4100000858306885,2.410099983215332,4161.0
2024-03-01 14:11:00,CRIS,10.104999542236328,10.104999542236328,10.119999885559082,10.0600004196167,10.119999885559082,938.0
2024-03-01 14:11:00,CRNX,46.5,46.5,46.54999923706055,46.4900016784668,46.4900016784668,541.0
2024-03-01 14:11:00,CRON,2.049999952316284,2.049999952316284,2.049999952316284,2.0450000762939453,2.049999952316284,402.0
2024-03-01 14:11:00,CRSP,85.47000122070312,85.47000122070312,85.5,85.41850280761719,85.5,948.0
2024-03-01 14:11:00,CSTL,19.920000076293945,19.920000076293945,19.979999542236328,19.920000076293945,19.979999542236328,2978.0
2024-03-01 14:11:00,CTKB,9.010000228881836,9.010000228881836,9.050000190734863,9.005000114440918,9.050000190734863,8185.0
2024-03-01 14:11:00,CTMX,2.5350000858306885,2.5350000858306885,2.5350000858306885,2.5350000858306885,2.5350000858306885,314.0
2024-03-01 14:11:00,CUE,2.180000066757202,2.180000066757202,2.180000066757202,2.180000066757202,2.180000066757202,223.0
2024-03-01 14:11:00,CUTR,2.390000104904175,2.390000104904175,2.390000104904175,2.390000104904175,2.390000104904175,753.0
2024-03-01 14:11:00,CVAC,3.4649999141693115,3.4649999141693115,3.4749999046325684,3.4600000381469727,3.4749999046325684,17363.0
2024-03-01 14:11:00,CYTK,73.0999984741211,73.0999984741211,73.1500015258789,73.0999984741211,73.1500015258789,521.0
2024-03-01 14:11:00,DARE,0.5709999799728394,0.5709999799728394,0.5709999799728394,0.5709999799728394,0.5709999799728394,100.0
2024-03-01 14:11:00,DAWN,17.674999237060547,17.674999237060547,17.674999237060547,17.65999984741211,17.670000076293945,1991.0
2024-03-01 14:11:00,DCGO,4.15910005569458,4.15910005569458,4.15910005569458,4.150000095367432,4.150000095367432,333.0
2024-03-01 14:11:00,DCPH,17.472000122070312,17.472000122070312,17.472000122070312,17.472000122070312,17.472000122070312,1000.0
2024-03-01 14:11:00,DH,8.850000381469727,8.850000381469727,8.85099983215332,8.84000015258789,8.85099983215332,3503.0
2024-03-01 14:11:00,DNLI,21.2450008392334,21.2450008392334,21.2450008392334,21.229999542236328,21.229999542236328,2097.0
2024-03-01 14:11:00,DTIL,12.444999694824219,12.444999694824219,12.444999694824219,12.420000076293945,12.420000076293945,1813.0
2024-03-01 14:11:00,DVAX,12.854999542236328,12.854999542236328,12.875,12.850000381469727,12.869999885559082,27914.0
2024-03-01 14:11:00,DXCM,122.14199829101562,122.14199829101562,122.16000366210938,122.11009979248047,122.12000274658203,5900.0
2024-03-01 14:11:00,DYN,28.854999542236328,28.854999542236328,28.8700008392334,28.75,28.75,6106.0
2024-03-01 14:11:00,EDAP,6.840000152587891,6.840000152587891,6.840000152587891,6.840000152587891,6.840000152587891,115.0
2024-03-01 14:11:00,EDIT,10.880000114440918,10.880000114440918,10.880000114440918,10.870100021362305,10.875,2334.0
2024-03-01 14:11:00,EIGR,7.389999866485596,7.389999866485596,7.389999866485596,7.389999866485596,7.389999866485596,401.0
2024-03-01 14:11:00,ELEV,5.079999923706055,5.079999923706055,5.079999923706055,5.069300174713135,5.069300174713135,750.0
2024-03-01 14:11:00,ENSG,122.05500030517578,122.05500030517578,122.05500030517578,122.05500030517578,122.05500030517578,221.0
2024-03-01 14:11:00,ENTA,15.38070011138916,15.38070011138916,15.38070011138916,15.38070011138916,15.38070011138916,220.0
2024-03-01 14:11:00,ENTX,1.4098999500274658,1.4098999500274658,1.4098999500274658,1.4098999500274658,1.4098999500274658,1000.0
2024-03-01 14:11:00,ENVB,1.5299999713897705,1.5299999713897705,1.5299999713897705,1.5099999904632568,1.5099999904632568,2644.0
2024-03-01 14:11:00,EOLS,14.84000015258789,14.84000015258789,14.84000015258789,14.84000015258789,14.84000015258789,362.0
2024-03-01 14:11:00,EPIX,9.34000015258789,9.34000015258789,9.34000015258789,9.34000015258789,9.34000015258789,123.0
2024-03-01 14:11:00,ESPR,2.5450000762939453,2.5450000762939453,2.549999952316284,2.5450000762939453,2.5450000762939453,3019.0
2024-03-01 14:11:00,ETON,4.505000114440918,4.505000114440918,4.505000114440918,4.505000114440918,4.505000114440918,153.0
2024-03-01 14:11:00,EWTX,16.920000076293945,16.920000076293945,16.93000030517578,16.90999984741211,16.93000030517578,3286.0
2024-03-01 14:11:00,EXAS,60.029998779296875,60.029998779296875,60.029998779296875,59.970001220703125,59.994998931884766,1877.0
2024-03-01 14:11:00,EXEL,22.479999542236328,22.479999542236328,22.485000610351562,22.472299575805664,22.475000381469727,66516.0
2024-03-01 14:11:00,FATE,7.740900039672852,7.740900039672852,7.740900039672852,7.739999771118164,7.739999771118164,408.0
2024-03-01 14:11:00,FEMY,1.7400000095367432,1.7400000095367432,1.7400000095367432,1.7400000095367432,1.7400000095367432,210.0
2024-03-01 14:11:00,FGEN,1.8600000143051147,1.8600000143051147,1.8600000143051147,1.8600000143051147,1.8600000143051147,1656.0
2024-03-01 14:11:00,FHTX,8.100000381469727,8.100000381469727,8.100000381469727,8.100000381469727,8.100000381469727,125.0
2024-03-01 14:11:00,FLGT,23.274999618530273,23.274999618530273,23.298099517822266,23.274999618530273,23.298099517822266,1510.0
2024-03-01 14:11:00,FOLD,13.399999618530273,13.399999618530273,13.399999618530273,13.395000457763672,13.399999618530273,2004.0
2024-03-01 14:11:00,FULC,11.0,11.0,11.010000228881836,10.989999771118164,10.989999771118164,431.0
2024-03-01 14:11:00,FUSN,12.260000228881836,12.260000228881836,12.260000228881836,12.255000114440918,12.260000228881836,2029.0
2024-03-01 14:11:00,FWBI,8.804200172424316,8.804200172424316,8.804200172424316,8.770000457763672,8.770000457763672,1295.0
2024-03-01 14:11:00,GDRX,8.369999885559082,8.369999885559082,8.393400192260742,8.364999771118164,8.393400192260742,8962.0
2024-03-01 14:11:00,GENE,2.3299999237060547,2.3299999237060547,2.369999885559082,2.3299999237060547,2.3499999046325684,1299.0
2024-03-01 14:11:00,GERN,2.2699999809265137,2.2699999809265137,2.279900074005127,2.2699999809265137,2.279900074005127,48259.0
2024-03-01 14:11:00,GH,19.11319923400879,19.11319923400879,19.11319923400879,19.110000610351562,19.110000610351562,707.0
2024-03-01 14:11:00,GILD,72.49169921875,72.49169921875,72.49749755859375,72.45500183105469,72.45500183105469,9985.0
2024-03-01 14:11:00,GLYC,3.0,3.0,3.009999990463257,3.0,3.009999990463257,3681.0
2024-03-01 14:11:00,GMAB,29.440099716186523,29.440099716186523,29.459999084472656,29.440099716186523,29.450000762939453,1148.0
2024-03-01 14:11:00,GOSS,1.434999942779541,1.434999942779541,1.4500000476837158,1.434999942779541,1.4400999546051025,9460.0
2024-03-01 14:11:00,GOVX,2.549999952316284,2.549999952316284,2.549999952316284,2.549999952316284,2.549999952316284,534.0
2024-03-01 14:11:00,GRFS,7.09499979019165,7.09499979019165,7.09499979019165,7.0904998779296875,7.0904998779296875,1904.0
2024-03-01 14:11:00,GRTS,2.125,2.125,2.125,2.125,2.125,22022.0
2024-03-01 14:11:00,GRTX,0.23399999737739563,0.23399999737739563,0.23399999737739563,0.23399999737739563,0.23399999737739563,100.0
2024-03-01 14:11:00,GTHX,3.7799999713897705,3.7799999713897705,3.7799999713897705,3.751499891281128,3.751499891281128,3243.0
2024-03-01 14:11:00,HALO,41.380001068115234,41.380001068115234,41.380001068115234,41.35240173339844,41.35240173339844,1396.0
2024-03-01 14:11:00,HARP,22.9424991607666,22.9424991607666,22.9424991607666,22.940000534057617,22.940000534057617,967.0
2024-03-01 14:11:00,HCTI,2.319999933242798,2.319999933242798,2.359999895095825,2.252000093460083,2.3510000705718994,25262.0
2024-03-01 14:11:00,HOLX,74.36000061035156,74.36000061035156,74.36000061035156,74.3499984741211,74.3499984741211,619.0
2024-03-01 14:11:00,HOWL,7.039999961853027,7.039999961853027,7.039999961853027,7.039999961853027,7.039999961853027,362.0
2024-03-01 14:11:00,HQY,81.54000091552734,81.54000091552734,81.58999633789062,81.54000091552734,81.58999633789062,1816.0
2024-03-01 14:11:00,HRMY,31.739999771118164,31.739999771118164,31.765199661254883,31.739999771118164,31.765199661254883,676.0
2024-03-01 14:11:00,HRTX,2.559999942779541,2.559999942779541,2.559999942779541,2.559999942779541,2.559999942779541,300.0
2024-03-01 14:11:00,HSIC,76.84500122070312,76.84500122070312,76.88999938964844,76.83999633789062,76.87999725341797,1602.0
2024-03-01 14:11:00,HUMA,3.279599905014038,3.279599905014038,3.279599905014038,3.2699999809265137,3.2725000381469727,7237.0
2024-03-01 14:11:00,IART,36.38999938964844,36.38999938964844,36.40999984741211,36.38999938964844,36.400001525878906,3753.0
2024-03-01 14:11:00,IBRX,4.864999771118164,4.864999771118164,4.864999771118164,4.864999771118164,4.864999771118164,614.0
2024-03-01 14:11:00,ICCM,1.309999942779541,1.309999942779541,1.309999942779541,1.309999942779541,1.309999942779541,100.0
2024-03-01 14:11:00,ICLR,323.3699951171875,323.3699951171875,323.5199890136719,323.2650146484375,323.5,1053.0
2024-03-01 14:11:00,IDXX,579.3699951171875,579.3699951171875,579.5549926757812,579.0700073242188,579.530029296875,1030.0
2024-03-01 14:11:00,IDYA,46.83000183105469,46.83000183105469,46.83000183105469,46.83000183105469,46.83000183105469,119.0
2024-03-01 14:11:00,ILMN,142.2299041748047,142.2299041748047,142.2299041748047,142.2299041748047,142.2299041748047,400.0
2024-03-01 14:11:00,IMNM,25.229999542236328,25.229999542236328,25.229999542236328,25.229999542236328,25.229999542236328,496.0
2024-03-01 14:11:00,IMUX,1.4700000286102295,1.4700000286102295,1.475000023841858,1.4700000286102295,1.475000023841858,704.0
2024-03-01 14:11:00,IMVT,35.88750076293945,35.88750076293945,35.89500045776367,35.88750076293945,35.89500045776367,312.0
2024-03-01 14:11:00,INCY,59.54999923706055,59.54999923706055,59.54999923706055,59.525001525878906,59.525001525878906,1335.0
2024-03-01 14:11:00,INGN,6.770299911499023,6.770299911499023,6.770299911499023,6.770299911499023,6.770299911499023,176.0
2024-03-01 14:11:00,INMD,22.889999389648438,22.889999389648438,22.899999618530273,22.889999389648438,22.899999618530273,968.0
2024-03-01 14:11:00,INO,9.677900314331055,9.677900314331055,9.677900314331055,9.653300285339355,9.670000076293945,839.0
2024-03-01 14:11:00,INSM,28.25,28.25,28.25,28.229999542236328,28.235000610351562,2164.0
2024-03-01 14:11:00,INVA,15.524999618530273,15.524999618530273,15.524999618530273,15.524999618530273,15.524999618530273,613.0
2024-03-01 14:11:00,INZY,6.639999866485596,6.639999866485596,6.639999866485596,6.639999866485596,6.639999866485596,546.0
2024-03-01 14:11:00,IONS,45.974998474121094,45.974998474121094,45.974998474121094,45.974998474121094,45.974998474121094,279.0
2024-03-01 14:11:00,IOVA,16.959999084472656,16.959999084472656,16.969999313354492,16.950000762939453,16.959999084472656,19698.0
2024-03-01 14:11:00,IPSC,3.9600000381469727,3.9600000381469727,3.9600000381469727,3.9600000381469727,3.9600000381469727,124.0
2024-03-01 14:11:00,IRWD,9.039999961853027,9.039999961853027,9.045000076293945,9.039999961853027,9.039999961853027,7184.0
2024-03-01 14:11:00,ISRG,397.7876892089844,397.7876892089844,397.8500061035156,397.20001220703125,397.20001220703125,17759.0
2024-03-01 14:11:00,ITCI,72.12999725341797,72.12999725341797,72.13500213623047,71.95999908447266,72.0,10183.0
2024-03-01 14:11:00,ITOS,11.399999618530273,11.399999618530273,11.399999618530273,11.399999618530273,11.399999618530273,425.0
2024-03-01 14:11:00,JAGX,0.0778999999165535,0.0778999999165535,0.07900000363588333,0.07760000228881836,0.07890000194311142,163475.0
2024-03-01 14:11:00,JANX,46.16999816894531,46.16999816894531,46.16999816894531,46.060001373291016,46.099998474121094,5162.0
2024-03-01 14:11:00,JAZZ,119.30999755859375,119.30999755859375,119.30999755859375,119.22000122070312,119.22000122070312,6045.0
2024-03-01 14:11:00,JSPR,21.31999969482422,21.31999969482422,21.389999389648438,21.239999771118164,21.3700008392334,773.0
2024-03-01 14:11:00,KALV,14.145000457763672,14.145000457763672,14.154999732971191,14.137499809265137,14.137499809265137,844.0
2024-03-01 14:11:00,KIDS,27.549999237060547,27.549999237060547,27.549999237060547,27.540000915527344,27.540000915527344,2471.0
2024-03-01 14:11:00,KNSA,21.809999465942383,21.809999465942383,21.809999465942383,21.809999465942383,21.809999465942383,535.0
2024-03-01 14:11:00,KNTE,2.609999895095825,2.609999895095825,2.609999895095825,2.609999895095825,2.609999895095825,500.0
2024-03-01 14:11:00,KPRX,0.6499999761581421,0.6499999761581421,0.651199996471405,0.6499999761581421,0.6499999761581421,3281.0
2024-03-01 14:11:00,KPTI,1.1749999523162842,1.1749999523162842,1.1799999475479126,1.1749999523162842,1.1799999475479126,700.0
2024-03-01 14:11:00,KROS,70.11000061035156,70.11000061035156,70.11000061035156,70.11000061035156,70.11000061035156,258.0
2024-03-01 14:11:00,KRTX,316.82501220703125,316.82501220703125,316.82501220703125,316.82501220703125,316.82501220703125,210.0
2024-03-01 14:11:00,KRYS,168.4550018310547,168.4550018310547,168.69000244140625,168.4550018310547,168.69000244140625,991.0
2024-03-01 14:11:00,KTRA,0.10239999741315842,0.10239999741315842,0.10239999741315842,0.1023000031709671,0.1023000031709671,16500.0
2024-03-01 14:11:00,KURA,21.915000915527344,21.915000915527344,21.915000915527344,21.915000915527344,21.915000915527344,100.0
2024-03-01 14:11:00,KYMR,43.90999984741211,43.90999984741211,43.91999816894531,43.869998931884766,43.91999816894531,504.0
2024-03-01 14:11:00,KZR,1.090000033378601,1.090000033378601,1.090000033378601,1.090000033378601,1.090000033378601,100.0
2024-03-01 14:11:00,LAB,2.4549999237060547,2.4549999237060547,2.4600000381469727,2.4549999237060547,2.4600000381469727,1500.0
2024-03-01 14:11:00,LBPH,21.8700008392334,21.8700008392334,21.8799991607666,21.860000610351562,21.8799991607666,1672.0
2024-03-01 14:11:00,LFMD,7.929999828338623,7.929999828338623,7.940000057220459,7.929999828338623,7.940000057220459,2488.0
2024-03-01 14:11:00,LFST,7.71999979019165,7.71999979019165,7.71999979019165,7.71999979019165,7.71999979019165,250.0
2024-03-01 14:11:00,LIAN,4.864999771118164,4.864999771118164,4.864999771118164,4.864999771118164,4.864999771118164,1031.0
2024-03-01 14:11:00,LIVN,55.880001068115234,55.880001068115234,55.90999984741211,55.880001068115234,55.900001525878906,1123.0
2024-03-01 14:11:00,LMAT,68.4000015258789,68.4000015258789,68.4000015258789,68.4000015258789,68.4000015258789,115.0
2024-03-01 14:11:00,LNTH,65.0199966430664,65.0199966430664,65.0199966430664,64.86499786376953,64.86499786376953,13065.0
2024-03-01 14:11:00,LUNG,9.430000305175781,9.430000305175781,9.430000305175781,9.430000305175781,9.430000305175781,327.0
2024-03-01 14:11:00,LVTX,2.740000009536743,2.740000009536743,2.7699999809265137,2.740000009536743,2.7699999809265137,1203.0
2024-03-01 14:11:00,LXRX,2.4900999069213867,2.4900999069213867,2.4900999069213867,2.4900999069213867,2.4900999069213867,578.0
2024-03-01 14:11:00,LYEL,3.140000104904175,3.140000104904175,3.1500000953674316,3.140000104904175,3.1500000953674316,374.0
2024-03-01 14:11:00,LYRA,5.619999885559082,5.619999885559082,5.619999885559082,5.599999904632568,5.610000133514404,900.0
2024-03-01 14:11:00,MASI,127.70999908447266,127.70999908447266,127.70999908447266,127.55999755859375,127.55999755859375,1907.0
2024-03-01 14:11:00,MCRB,1.23989999294281,1.23989999294281,1.23989999294281,1.2350000143051147,1.2350000143051147,1411.0
2024-03-01 14:11:00,MDGL,249.47000122070312,249.47000122070312,249.47000122070312,249.47000122070312,249.47000122070312,733.0
2024-03-01 14:11:00,MDGS,2.690000057220459,2.690000057220459,2.690000057220459,2.680000066757202,2.680000066757202,837.0
2024-03-01 14:11:00,MDRX,5.96999979019165,5.96999979019165,6.050000190734863,5.960000038146973,5.960000038146973,4311.0
2024-03-01 14:11:00,MDXG,8.6274995803833,8.6274995803833,8.6274995803833,8.625,8.625,301.0
2024-03-01 14:11:00,ME,0.5667999982833862,0.5667999982833862,0.5667999982833862,0.5616499781608582,0.5616499781608582,16084.0
2024-03-01 14:11:00,MGNX,19.260000228881836,19.260000228881836,19.260000228881836,19.260000228881836,19.260000228881836,139.0
2024-03-01 14:11:00,MGTX,6.434999942779541,6.434999942779541,6.434999942779541,6.434999942779541,6.434999942779541,824.0
2024-03-01 14:11:00,MLTX,50.877498626708984,50.877498626708984,50.877498626708984,50.877498626708984,50.877498626708984,101.0
2024-03-01 14:11:00,MNKD,4.519999980926514,4.519999980926514,4.525000095367432,4.51140022277832,4.51140022277832,15440.0
2024-03-01 14:11:00,MNMD,6.230000019073486,6.230000019073486,6.230000019073486,6.2266998291015625,6.2266998291015625,4113.0
2024-03-01 14:11:00,MODD,1.8799999952316284,1.8799999952316284,1.8849999904632568,1.8799999952316284,1.8849999904632568,10484.0
2024-03-01 14:11:00,MOR,17.545000076293945,17.545000076293945,17.545000076293945,17.545000076293945,17.545000076293945,203.0
2024-03-01 14:11:00,MORF,39.474998474121094,39.474998474121094,39.474998474121094,39.474998474121094,39.474998474121094,286.0
2024-03-01 14:11:00,MOTS,0.6520000100135803,0.6520000100135803,0.6520000100135803,0.6520000100135803,0.6520000100135803,604.0
2024-03-01 14:11:00,MREO,3.9749999046325684,3.9749999046325684,3.9749999046325684,3.9700000286102295,3.9700000286102295,365.0
2024-03-01 14:11:00,MRNA,95.33999633789062,95.33999633789062,95.37999725341797,95.30000305175781,95.3749008178711,4197.0
2024-03-01 14:11:00,MRSN,5.994999885559082,5.994999885559082,5.994999885559082,5.965000152587891,5.96999979019165,4238.0
2024-03-01 14:11:00,MRUS,51.11000061035156,51.11000061035156,51.150001525878906,51.11000061035156,51.150001525878906,354.0
2024-03-01 14:11:00,MRVI,7.769999980926514,7.769999980926514,7.769999980926514,7.744999885559082,7.744999885559082,6861.0
2024-03-01 14:11:00,MYGN,22.149999618530273,22.149999618530273,22.165000915527344,22.1200008392334,22.149999618530273,2283.0
2024-03-01 14:11:00,NARI,45.47999954223633,45.47999954223633,45.47999954223633,45.45000076293945,45.45000076293945,1607.0
2024-03-01 14:11:00,NBIX,131.9499969482422,131.9499969482422,131.9949951171875,131.91000366210938,131.91000366210938,2232.0
2024-03-01 14:11:00,NDRA,1.17739999294281,1.17739999294281,1.17739999294281,1.17739999294281,1.17739999294281,1200.0
2024-03-01 14:11:00,NEO,16.040000915527344,16.040000915527344,16.059999465942383,16.040000915527344,16.059999465942383,7131.0
2024-03-01 14:11:00,NEOG,17.405000686645508,17.405000686645508,17.405000686645508,17.40410041809082,17.405000686645508,2589.0
2024-03-01 14:11:00,NGM,1.5199999809265137,1.5199999809265137,1.5199999809265137,1.5199999809265137,1.5199999809265137,656.0
2024-03-01 14:11:00,NKTR,0.781000018119812,0.781000018119812,0.781000018119812,0.781000018119812,0.781000018119812,1479.0
2024-03-01 14:11:00,NNOX,10.920000076293945,10.920000076293945,10.920000076293945,10.910099983215332,10.914999961853027,2271.0
2024-03-01 14:11:00,NOTV,8.119999885559082,8.119999885559082,8.119999885559082,8.119999885559082,8.119999885559082,101.0
2024-03-01 14:11:00,NPCE,16.25,16.25,16.25,16.25,16.25,225.0
2024-03-01 14:11:00,NRBO,6.063499927520752,6.063499927520752,6.063499927520752,6.063499927520752,6.063499927520752,377.0
2024-03-01 14:11:00,NRC,40.5,40.5,40.5,40.5,40.5,220.0
2024-03-01 14:11:00,NRIX,13.65999984741211,13.65999984741211,13.680000305175781,13.65999984741211,13.670000076293945,951.0
2024-03-01 14:11:00,NRXP,0.4262000024318695,0.4262000024318695,0.4262000024318695,0.4262000024318695,0.4262000024318695,30000.0
2024-03-01 14:11:00,NTLA,33.440101623535156,33.440101623535156,33.45050048828125,33.440101623535156,33.44499969482422,859.0
2024-03-01 14:11:00,NTRA,89.04000091552734,89.04000091552734,89.04000091552734,89.04000091552734,89.04000091552734,424.0
2024-03-01 14:11:00,NUTX,0.11330000311136246,0.11330000311136246,0.11330000311136246,0.11270000040531158,0.11270000040531158,1286.0
2024-03-01 14:11:00,NUVL,87.66000366210938,87.66000366210938,87.7300033569336,87.66000366210938,87.7300033569336,1089.0
2024-03-01 14:11:00,NVAX,5.269999980926514,5.269999980926514,5.269999980926514,5.240900039672852,5.248799800872803,29168.0
2024-03-01 14:11:00,NVCR,16.010000228881836,16.010000228881836,16.020000457763672,16.0,16.020000457763672,5947.0
2024-03-01 14:11:00,NXTC,1.8299000263214111,1.8299000263214111,1.8300000429153442,1.8200000524520874,1.8200000524520874,12010.0
2024-03-01 14:11:00,OCGN,0.9581000208854675,0.9581000208854675,0.959650993347168,0.9581000208854675,0.959650993347168,1902.0
2024-03-01 14:11:00,OCUL,10.75,10.75,10.755000114440918,10.744999885559082,10.744999885559082,5154.0
2024-03-01 14:11:00,OGI,2.1745998859405518,2.1745998859405518,2.1745998859405518,2.1745998859405518,2.1745998859405518,2300.0
2024-03-01 14:11:00,OLK,22.889999389648438,22.889999389648438,22.899999618530273,22.889999389648438,22.899999618530273,1883.0
2024-03-01 14:11:00,OLMA,14.8149995803833,14.8149995803833,14.8149995803833,14.800000190734863,14.800000190734863,318.0
2024-03-01 14:12:00,ABCL,5.159999847412109,5.159999847412109,5.160099983215332,5.159999847412109,5.160099983215332,327.0
2024-03-01 14:12:00,ABEO,7.789999961853027,7.789999961853027,7.789999961853027,7.789999961853027,7.789999961853027,634.0
2024-03-01 14:12:00,ABSI,5.409999847412109,5.409999847412109,5.429999828338623,5.400000095367432,5.429999828338623,2730.0
2024-03-01 14:12:00,ACAD,24.280000686645508,24.280000686645508,24.283000946044922,24.270000457763672,24.270000457763672,2426.0
2024-03-01 14:12:00,ACCD,10.095000267028809,10.095000267028809,10.100000381469727,10.095000267028809,10.100000381469727,882.0
2024-03-01 14:12:00,ACET,2.3949999809265137,2.3949999809265137,2.4000000953674316,2.390000104904175,2.390000104904175,471.0
2024-03-01 14:12:00,ACHC,84.30000305175781,84.30000305175781,84.30999755859375,84.30000305175781,84.30000305175781,652.0
2024-03-01 14:12:00,ACHV,4.349999904632568,4.349999904632568,4.349999904632568,4.349999904632568,4.349999904632568,700.0
2024-03-01 14:12:00,ACON,0.39674898982048035,0.39674898982048035,0.4000000059604645,0.39674898982048035,0.4000000059604645,1600.0
2024-03-01 14:12:00,ACRS,1.2350000143051147,1.2350000143051147,1.2400000095367432,1.2300000190734863,1.2400000095367432,3309.0
2024-03-01 14:12:00,ADAP,1.6008000373840332,1.6008000373840332,1.6008000373840332,1.6008000373840332,1.6008000373840332,3426.0
2024-03-01 14:12:00,ADIL,3.4941999912261963,3.4941999912261963,3.5199999809265137,3.4600000381469727,3.490000009536743,120890.0
2024-03-01 14:12:00,ADMA,5.550000190734863,5.550000190734863,5.554999828338623,5.550000190734863,5.554999828338623,1980.0
2024-03-01 14:12:00,ADPT,4.099999904632568,4.099999904632568,4.099999904632568,4.099999904632568,4.099999904632568,198.0
2024-03-01 14:12:00,ADUS,93.9800033569336,93.9800033569336,94.05000305175781,93.9800033569336,94.05000305175781,1001.0
2024-03-01 14:12:00,ADVM,1.9800000190734863,1.9800000190734863,1.9800000190734863,1.9700000286102295,1.9700000286102295,919.0
2024-03-01 14:12:00,AFMD,0.6800500154495239,0.6800500154495239,0.6899999976158142,0.6700000166893005,0.675000011920929,154767.0
2024-03-01 14:12:00,AGEN,0.6711999773979187,0.6711999773979187,0.6712999939918518,0.6708999872207642,0.6711000204086304,87836.0
2024-03-01 14:12:00,AGIO,32.779998779296875,32.779998779296875,32.78499984741211,32.77000045776367,32.78499984741211,811.0
2024-03-01 14:12:00,AHCO,10.510000228881836,10.510000228881836,10.520000457763672,10.510000228881836,10.510100364685059,1633.0
2024-03-01 14:12:00,AIH,0.5070000290870667,0.5070000290870667,0.5070000290870667,0.5070000290870667,0.5070000290870667,187.0
2024-03-01 14:12:00,AKAN,0.21400000154972076,0.21400000154972076,0.21400000154972076,0.20999999344348907,0.20999999344348907,444.0
2024-03-01 14:12:00,AKBA,1.684999942779541,1.684999942779541,1.690000057220459,1.684999942779541,1.684999942779541,656.0
2024-03-01 14:12:00,AKLI,0.35510000586509705,0.35510000586509705,0.35510000586509705,0.35499998927116394,0.35510000586509705,2200.0
2024-03-01 14:12:00,AKRO,29.610000610351562,29.610000610351562,29.6200008392334,29.610000610351562,29.6200008392334,977.0
2024-03-01 14:12:00,ALDX,4.320000171661377,4.320000171661377,4.320000171661377,4.320000171661377,4.320000171661377,2579.0
2024-03-01 14:12:00,ALEC,7.460000038146973,7.460000038146973,7.460000038146973,7.449999809265137,7.449999809265137,959.0
2024-03-01 14:12:00,ALGN,302.7300109863281,302.7300109863281,302.92999267578125,302.7300109863281,302.92999267578125,1168.0
2024-03-01 14:12:00,ALHC,5.650000095367432,5.650000095367432,5.659999847412109,5.650000095367432,5.659999847412109,4075.0
2024-03-01 14:12:00,ALKS,30.219999313354492,30.219999313354492,30.239999771118164,30.219999313354492,30.229999542236328,4094.0
2024-03-01 14:12:00,ALLO,5.025000095367432,5.025000095367432,5.03000020980835,5.025000095367432,5.03000020980835,2588.0
2024-03-01 14:12:00,ALPN,35.93000030517578,35.93000030517578,35.93000030517578,35.90999984741211,35.93000030517578,4015.0
2024-03-01 14:12:00,ALT,12.170000076293945,12.170000076293945,12.175000190734863,12.164999961853027,12.164999961853027,3666.0
2024-03-01 14:12:00,ALVR,0.7544500231742859,0.7544500231742859,0.7544999718666077,0.7544500231742859,0.7544999718666077,959.0
2024-03-01 14:12:00,ALXO,15.050000190734863,15.050000190734863,15.0600004196167,15.029999732971191,15.029999732971191,3243.0
2024-03-01 14:12:00,AMED,93.62999725341797,93.62999725341797,93.62999725341797,93.55999755859375,93.55999755859375,1042.0
2024-03-01 14:12:00,AMGN,281.0199890136719,281.0199890136719,281.125,281.0199890136719,281.04998779296875,4711.0
2024-03-01 14:12:00,AMLX,18.6200008392334,18.6200008392334,18.64080047607422,18.6200008392334,18.639999389648438,495.0
2024-03-01 14:12:00,AMRN,1.0549999475479126,1.0549999475479126,1.0549999475479126,1.0549999475479126,1.0549999475479126,349.0
2024-03-01 14:12:00,ANGO,5.510000228881836,5.510000228881836,5.510000228881836,5.510000228881836,5.510000228881836,320.0
2024-03-01 14:12:00,ANIP,67.01000213623047,67.01000213623047,67.01000213623047,67.01000213623047,67.01000213623047,176.0
2024-03-01 14:12:00,ANNX,6.090000152587891,6.090000152587891,6.099999904632568,6.090000152587891,6.09499979019165,7139.0
2024-03-01 14:12:00,ANTX,3.02810001373291,3.02810001373291,3.02810001373291,3.02810001373291,3.02810001373291,229.0
2024-03-01 14:12:00,APLS,64.94999694824219,64.94999694824219,64.98249816894531,64.86000061035156,64.86000061035156,3281.0
2024-03-01 14:12:00,APLT,7.130000114440918,7.130000114440918,7.139999866485596,7.130000114440918,7.135000228881836,3797.0
2024-03-01 14:12:00,APVO,0.1661989986896515,0.1661989986896515,0.1661989986896515,0.1661989986896515,0.1661989986896515,227.0
2024-03-01 14:12:00,APYX,2.0799999237060547,2.0799999237060547,2.0799999237060547,2.0799999237060547,2.0799999237060547,442.0
2024-03-01 14:12:00,AQST,4.170000076293945,4.170000076293945,4.210000038146973,4.170000076293945,4.199999809265137,18611.0
2024-03-01 14:12:00,ARDX,9.484999656677246,9.484999656677246,9.489999771118164,9.484999656677246,9.489999771118164,1343.0
2024-03-01 14:12:00,ARGX,392.6449890136719,392.6449890136719,392.6449890136719,392.6449890136719,392.6449890136719,10936.0
2024-03-01 14:12:00,ARQT,11.619999885559082,11.619999885559082,11.654999732971191,11.609999656677246,11.614999771118164,11883.0
2024-03-01 14:12:00,ARVN,48.83000183105469,48.83000183105469,48.849998474121094,48.78499984741211,48.78499984741211,3147.0
2024-03-01 14:12:00,ARWR,35.599998474121094,35.599998474121094,35.66999816894531,35.599998474121094,35.66999816894531,2015.0
2024-03-01 14:12:00,ASND,152.92999267578125,152.92999267578125,152.92999267578125,152.92999267578125,152.92999267578125,945.0
2024-03-01 14:12:00,ATAI,2.1600000858306885,2.1600000858306885,2.1700000762939453,2.1500000953674316,2.1500000953674316,16413.0
2024-03-01 14:12:00,ATEC,13.454999923706055,13.454999923706055,13.460000038146973,13.449999809265137,13.454999923706055,1410.0
2024-03-01 14:12:00,ATOS,1.0090999603271484,1.0090999603271484,1.0090999603271484,1.0090999603271484,1.0090999603271484,5000.0
2024-03-01 14:12:00,ATRA,0.7900000214576721,0.7900000214576721,0.7900000214576721,0.7900000214576721,0.7900000214576721,609.0
2024-03-01 14:12:00,ATXS,14.729999542236328,14.729999542236328,14.729999542236328,14.699999809265137,14.699999809265137,430.0
2024-03-01 14:12:00,AUGX,4.550000190734863,4.550000190734863,4.550000190734863,4.539999961853027,4.539999961853027,300.0
2024-03-01 14:12:00,AUPH,5.824999809265137,5.824999809265137,5.824999809265137,5.824999809265137,5.824999809265137,203.0
2024-03-01 14:12:00,AUTL,6.349999904632568,6.349999904632568,6.349999904632568,6.340000152587891,6.34499979019165,550.0
2024-03-01 14:12:00,AVDL,13.199999809265137,13.199999809265137,13.199999809265137,13.199999809265137,13.199999809265137,1023.0
2024-03-01 14:12:00,AVIR,4.465000152587891,4.465000152587891,4.465000152587891,4.465000152587891,4.465000152587891,301.0
2024-03-01 14:12:00,AVRO,1.340000033378601,1.340000033378601,1.340000033378601,1.3250000476837158,1.3250000476837158,1164.0
2024-03-01 14:12:00,AXGN,10.550000190734863,10.550000190734863,10.550000190734863,10.550000190734863,10.550000190734863,167.0
2024-03-01 14:12:00,AXNX,67.4800033569336,67.4800033569336,67.55000305175781,67.44999694824219,67.55000305175781,4223.0
2024-03-01 14:12:00,AXSM,82.29000091552734,82.29000091552734,82.29000091552734,82.28500366210938,82.29000091552734,552.0
2024-03-01 14:12:00,AZN,64.70500183105469,64.70500183105469,64.72000122070312,64.70500183105469,64.70999908447266,11984.0
2024-03-01 14:12:00,BBIO,35.900001525878906,35.900001525878906,35.900001525878906,35.869998931884766,35.900001525878906,486.0
2024-03-01 14:12:00,BCAB,2.694999933242798,2.694999933242798,2.694999933242798,2.694999933242798,2.694999933242798,115.0
2024-03-01 14:12:00,BCDA,0.5694000124931335,0.5694000124931335,0.5699999928474426,0.5687999725341797,0.5698999762535095,11074.0
2024-03-01 14:12:00,BCRX,5.715000152587891,5.715000152587891,5.715000152587891,5.715000152587891,5.715000152587891,110.0
2024-03-01 14:12:00,BCTX,3.5236001014709473,3.5236001014709473,3.5236001014709473,3.5236001014709473,3.5236001014709473,400.0
2024-03-01 14:12:00,BDSX,1.6399999856948853,1.6399999856948853,1.6399999856948853,1.6399999856948853,1.6399999856948853,1513.0
2024-03-01 14:12:00,BDTX,4.880000114440918,4.880000114440918,4.880000114440918,4.875,4.880000114440918,864.0
2024-03-01 14:12:00,BEAM,40.04499816894531,40.04499816894531,40.07500076293945,40.03499984741211,40.060001373291016,3804.0
2024-03-01 14:12:00,BGNE,167.13999938964844,167.13999938964844,167.13999938964844,167.13999938964844,167.13999938964844,465.0
2024-03-01 14:12:00,BIAF,2.3350000381469727,2.3350000381469727,2.3350000381469727,2.3350000381469727,2.3350000381469727,126.0
2024-03-01 14:12:00,BIIB,221.9600067138672,221.9600067138672,222.02000427246094,221.9499969482422,221.97000122070312,2467.0
2024-03-01 14:12:00,BIOL,0.14589999616146088,0.14589999616146088,0.14630000293254852,0.14550000429153442,0.14629900455474854,11980.0
2024-03-01 14:12:00,BIOR,1.0800000429153442,1.0800000429153442,1.0800000429153442,1.0800000429153442,1.0800000429153442,1127.0
2024-03-01 14:12:00,BIVI,2.015000104904175,2.015000104904175,2.069999933242798,2.0,2.065000057220459,137517.0
2024-03-01 14:12:00,BLRX,1.3898999691009521,1.3898999691009521,1.3898999691009521,1.3898999691009521,1.3898999691009521,4406.0
2024-03-01 14:12:00,BLUE,1.6074999570846558,1.6074999570846558,1.6100000143051147,1.6050000190734863,1.6050000190734863,5226.0
2024-03-01 14:12:00,BMEA,18.34000015258789,18.34000015258789,18.34000015258789,18.31999969482422,18.31999969482422,341.0
2024-03-01 14:12:00,BMRN,88.05000305175781,88.05000305175781,88.0999984741211,88.05000305175781,88.06500244140625,1569.0
2024-03-01 14:12:00,BNGO,1.2599999904632568,1.2599999904632568,1.2699999809265137,1.2599999904632568,1.2699999809265137,1732.0
2024-03-01 14:12:00,BNTC,5.289899826049805,5.289899826049805,5.289899826049805,5.289899826049805,5.289899826049805,200.0
2024-03-01 14:12:00,BNTX,91.19000244140625,91.19000244140625,91.19000244140625,91.19000244140625,91.19000244140625,122.0
2024-03-01 14:12:00,BRKR,88.4000015258789,88.4000015258789,88.46499633789062,88.4000015258789,88.46499633789062,1241.0
2024-03-01 14:12:00,CABA,24.0,24.0,24.030000686645508,23.979999542236328,24.030000686645508,2361.0
2024-03-01 14:12:00,CADL,1.75,1.75,1.75,1.75,1.75,2650.0
2024-03-01 14:12:00,CARA,0.9312000274658203,0.9312000274658203,0.9366999864578247,0.9312000274658203,0.9354000091552734,11934.0
2024-03-01 14:12:00,CBAY,32.224998474121094,32.224998474121094,32.22999954223633,32.220001220703125,32.220001220703125,2794.0
2024-03-01 14:12:00,CCCC,11.0,11.0,11.007499694824219,11.0,11.007499694824219,840.0
2024-03-01 14:12:00,CCRN,18.260000228881836,18.260000228881836,18.260000228881836,18.260000228881836,18.260000228881836,566.0
2024-03-01 14:12:00,CDMO,8.1274995803833,8.1274995803833,8.1274995803833,8.1274995803833,8.1274995803833,604.0
2024-03-01 14:12:00,CDNA,12.557000160217285,12.557000160217285,12.557000160217285,12.539999961853027,12.539999961853027,1022.0
2024-03-01 14:12:00,CDTX,0.7218999862670898,0.7218999862670898,0.7218999862670898,0.7218999862670898,0.7218999862670898,15385.0
2024-03-01 14:12:00,CDXS,4.559999942779541,4.559999942779541,4.559999942779541,4.554999828338623,4.559999942779541,1700.0
2024-03-01 14:12:00,CELC,16.780000686645508,16.780000686645508,16.780000686645508,16.780000686645508,16.780000686645508,339.0
2024-03-01 14:12:00,CERE,41.095001220703125,41.095001220703125,41.099998474121094,41.095001220703125,41.099998474121094,2811.0
2024-03-01 14:12:00,CERT,17.92009925842285,17.92009925842285,17.950000762939453,17.92009925842285,17.940000534057617,425.0
2024-03-01 14:12:00,CGC,3.2249999046325684,3.2249999046325684,3.2249999046325684,3.2207000255584717,3.2249999046325684,1434.0
2024-03-01 14:12:00,CHRS,2.4149999618530273,2.4149999618530273,2.4149999618530273,2.4149999618530273,2.4149999618530273,100.0
2024-03-01 14:12:00,CLDX,51.790000915527344,51.790000915527344,52.05500030517578,51.7599983215332,52.05500030517578,3227.0
2024-03-01 14:12:00,CLNN,0.38999998569488525,0.38999998569488525,0.38999998569488525,0.38999998569488525,0.38999998569488525,440.0
2024-03-01 14:12:00,CLOV,0.864549994468689,0.864549994468689,0.8654000163078308,0.8644999861717224,0.8652999997138977,30423.0
2024-03-01 14:12:00,CLRB,4.09499979019165,4.09499979019165,4.09499979019165,4.09499979019165,4.09499979019165,279.0
2024-03-01 14:12:00,CLSD,1.3899999856948853,1.3899999856948853,1.3899999856948853,1.3899999856948853,1.3899999856948853,733.0
2024-03-01 14:12:00,CMPS,11.520000457763672,11.520000457763672,11.520000457763672,11.510000228881836,11.520000457763672,1808.0
2024-03-01 14:12:00,CMPX,1.8600000143051147,1.8600000143051147,1.8600000143051147,1.8600000143051147,1.8600000143051147,223.0
2024-03-01 14:12:00,COGT,7.224999904632568,7.224999904632568,7.230000019073486,7.21999979019165,7.224999904632568,5764.0
2024-03-01 14:12:00,CORT,24.389999389648438,24.389999389648438,24.424999237060547,24.389999389648438,24.424999237060547,29000.0
2024-03-01 14:12:00,CPRX,17.2549991607666,17.2549991607666,17.350000381469727,17.2549991607666,17.350000381469727,5670.0
2024-03-01 14:12:00,CRBP,32.4900016784668,32.4900016784668,32.51839828491211,32.4900016784668,32.51839828491211,435.0
2024-03-01 14:12:00,CRBU,7.900000095367432,7.900000095367432,7.90500020980835,7.900000095367432,7.90500020980835,868.0
2024-03-01 14:12:00,CRDF,2.4700000286102295,2.4700000286102295,2.4700000286102295,2.4221999645233154,2.4221999645233154,11118.0
2024-03-01 14:12:00,CRDL,1.9500000476837158,1.9500000476837158,1.9600000381469727,1.9500000476837158,1.9500000476837158,4116.0
2024-03-01 14:12:00,CRMD,3.680000066757202,3.680000066757202,3.680000066757202,3.680000066757202,3.680000066757202,110.0
2024-03-01 14:12:00,CRNX,46.5,46.5,46.5,46.5,46.5,324.0
2024-03-01 14:12:00,CRON,2.049999952316284,2.049999952316284,2.049999952316284,2.0450000762939453,2.0450000762939453,1932.0
2024-03-01 14:12:00,CRSP,85.41000366210938,85.41000366210938,85.47250366210938,85.41000366210938,85.47250366210938,314.0
2024-03-01 14:12:00,CSTL,19.90999984741211,19.90999984741211,19.920000076293945,19.90999984741211,19.920000076293945,558.0
2024-03-01 14:12:00,CTKB,9.010000228881836,9.010000228881836,9.010000228881836,9.010000228881836,9.010000228881836,101.0
2024-03-01 14:12:00,CTMX,2.5399999618530273,2.5399999618530273,2.5399999618530273,2.5350000858306885,2.5350000858306885,3730.0
2024-03-01 14:12:00,CUTR,2.4000000953674316,2.4000000953674316,2.4000000953674316,2.3949999809265137,2.3949999809265137,386.0
2024-03-01 14:12:00,CVAC,3.4600000381469727,3.4600000381469727,3.4600000381469727,3.4600000381469727,3.4600000381469727,198.0
2024-03-01 14:12:00,CYCC,2.8299999237060547,2.8299999237060547,2.8399999141693115,2.8299999237060547,2.8299999237060547,2002.0
2024-03-01 14:12:00,CYTK,73.05000305175781,73.05000305175781,73.1500015258789,73.05000305175781,73.1500015258789,1508.0
2024-03-01 14:12:00,CYTO,2.347599983215332,2.347599983215332,2.347599983215332,2.347599983215332,2.347599983215332,564.0
2024-03-01 14:12:00,DARE,0.5748999714851379,0.5748999714851379,0.5748999714851379,0.5727999806404114,0.5738999843597412,1560.0
2024-03-01 14:12:00,DAWN,17.670000076293945,17.670000076293945,17.68000030517578,17.670000076293945,17.670000076293945,1593.0
2024-03-01 14:12:00,DCPH,17.5,17.5,17.520000457763672,17.47719955444336,17.489999771118164,5787.0
2024-03-01 14:12:00,DH,8.850000381469727,8.850000381469727,8.850000381469727,8.850000381469727,8.850000381469727,824.0
2024-03-01 14:12:00,DMTK,0.8375999927520752,0.8375999927520752,0.8375999927520752,0.8375999927520752,0.8375999927520752,474.0
2024-03-01 14:12:00,DNLI,21.239999771118164,21.239999771118164,21.239999771118164,21.239999771118164,21.239999771118164,140.0
2024-03-01 14:12:00,DRRX,1.0,1.0,1.0,1.0,1.0,127.0
2024-03-01 14:12:00,DSGN,2.8949999809265137,2.8949999809265137,2.8949999809265137,2.8949999809265137,2.8949999809265137,556.0
2024-03-01 14:12:00,DTIL,12.453900337219238,12.453900337219238,12.453900337219238,12.453900337219238,12.453900337219238,113.0
2024-03-01 14:12:00,DVAX,12.829999923706055,12.829999923706055,12.854999542236328,12.829999923706055,12.854999542236328,2191.0
2024-03-01 14:12:00,DXCM,121.9800033569336,121.9800033569336,122.125,121.9800033569336,122.125,5999.0
2024-03-01 14:12:00,DYN,28.889999389648438,28.889999389648438,28.899999618530273,28.854999542236328,28.854999542236328,2720.0
2024-03-01 14:12:00,EDAP,6.840000152587891,6.840000152587891,6.840000152587891,6.840000152587891,6.840000152587891,100.0
2024-03-01 14:12:00,EDIT,10.880000114440918,10.880000114440918,10.885000228881836,10.880000114440918,10.880000114440918,887.0
2024-03-01 14:12:00,EIGR,7.499899864196777,7.499899864196777,7.499899864196777,7.499899864196777,7.499899864196777,312.0
2024-03-01 14:12:00,ELEV,5.070000171661377,5.070000171661377,5.079999923706055,5.070000171661377,5.079999923706055,497.0
2024-03-01 14:12:00,ENSC,0.9300000071525574,0.9300000071525574,0.9300000071525574,0.9300000071525574,0.9300000071525574,475.0
2024-03-01 14:12:00,ENSG,121.88999938964844,121.88999938964844,122.05500030517578,121.88999938964844,122.05500030517578,2132.0
2024-03-01 14:12:00,ENTX,1.4092999696731567,1.4092999696731567,1.4092999696731567,1.4092999696731567,1.4092999696731567,275.0
2024-03-01 14:12:00,ENVB,1.5199999809265137,1.5199999809265137,1.5299999713897705,1.5199999809265137,1.5299999713897705,1000.0
2024-03-01 14:12:00,EOLS,14.850000381469727,14.850000381469727,14.869999885559082,14.84000015258789,14.869999885559082,828.0
2024-03-01 14:12:00,ERAS,2.5199999809265137,2.5199999809265137,2.5250000953674316,2.5199999809265137,2.5199999809265137,12313.0
2024-03-01 14:12:00,ESPR,2.5450000762939453,2.5450000762939453,2.549999952316284,2.5450000762939453,2.5450000762939453,2257.0
2024-03-01 14:12:00,ETNB,12.931099891662598,12.931099891662598,12.960000038146973,12.931099891662598,12.9399995803833,2417.0
2024-03-01 14:12:00,ETON,4.46999979019165,4.46999979019165,4.46999979019165,4.46999979019165,4.46999979019165,100.0
2024-03-01 14:12:00,EVGN,0.9700000286102295,0.9700000286102295,0.9700000286102295,0.9700000286102295,0.9700000286102295,300.0
2024-03-01 14:12:00,EVOK,0.6280990242958069,0.6280990242958069,0.6280990242958069,0.6280990242958069,0.6280990242958069,102.0
2024-03-01 14:12:00,EWTX,16.9950008392334,16.9950008392334,17.010000228881836,16.93000030517578,16.93000030517578,5495.0
2024-03-01 14:12:00,EXAI,6.710000038146973,6.710000038146973,6.710000038146973,6.710000038146973,6.710000038146973,410.0
2024-03-01 14:12:00,EXAS,60.029998779296875,60.029998779296875,60.10499954223633,60.029998779296875,60.029998779296875,3095.0
2024-03-01 14:12:00,EXEL,22.450000762939453,22.450000762939453,22.485000610351562,22.450000762939453,22.479999542236328,9285.0
2024-03-01 14:12:00,EYEN,2.3499999046325684,2.3499999046325684,2.3499999046325684,2.3450000286102295,2.3499999046325684,2111.0
2024-03-01 14:12:00,EYPT,27.940000534057617,27.940000534057617,27.940000534057617,27.940000534057617,27.940000534057617,632.0
2024-03-01 14:12:00,FATE,7.744999885559082,7.744999885559082,7.744999885559082,7.744999885559082,7.744999885559082,198.0
2024-03-01 14:12:00,FBIO,2.3450000286102295,2.3450000286102295,2.3450000286102295,2.3450000286102295,2.3450000286102295,1023.0
2024-03-01 14:12:00,FGEN,1.8600000143051147,1.8600000143051147,1.8600000143051147,1.8600000143051147,1.8600000143051147,3277.0
2024-03-01 14:12:00,FHTX,8.164999961853027,8.164999961853027,8.164999961853027,8.100000381469727,8.100000381469727,200.0
2024-03-01 14:12:00,FLGC,1.169800043106079,1.169800043106079,1.169800043106079,1.169800043106079,1.169800043106079,277.0
2024-03-01 14:12:00,FLGT,23.2450008392334,23.2450008392334,23.25,23.239999771118164,23.25,730.0
2024-03-01 14:12:00,FOLD,13.385000228881836,13.385000228881836,13.399999618530273,13.385000228881836,13.395000457763672,3451.0
2024-03-01 14:12:00,FULC,11.020000457763672,11.020000457763672,11.020000457763672,10.989999771118164,10.989999771118164,5414.0
2024-03-01 14:12:00,FUSN,12.260000228881836,12.260000228881836,12.270000457763672,12.260000228881836,12.270000457763672,200.0
2024-03-01 14:12:00,GDRX,8.369999885559082,8.369999885559082,8.380000114440918,8.369999885559082,8.380000114440918,799.0
2024-03-01 14:12:00,GENE,2.3499999046325684,2.3499999046325684,2.3550000190734863,2.3499999046325684,2.3550000190734863,1466.0
2024-03-01 14:12:00,GERN,2.2699999809265137,2.2699999809265137,2.2799999713897705,2.2699999809265137,2.2699999809265137,4683.0
2024-03-01 14:12:00,GH,19.110000610351562,19.110000610351562,19.110000610351562,19.110000610351562,19.110000610351562,155.0
2024-03-01 14:12:00,GILD,72.4749984741211,72.4749984741211,72.49500274658203,72.4749984741211,72.48999786376953,5901.0
2024-03-01 14:12:00,GLYC,3.009999990463257,3.009999990463257,3.009999990463257,3.009999990463257,3.009999990463257,108.0
2024-03-01 14:12:00,GMAB,29.459999084472656,29.459999084472656,29.459999084472656,29.450000762939453,29.459999084472656,671.0
2024-03-01 14:12:00,GMDA,0.3785000145435333,0.3785000145435333,0.3785000145435333,0.3785000145435333,0.3785000145435333,305.0
2024-03-01 14:12:00,GRFS,7.09499979019165,7.09499979019165,7.099899768829346,7.09499979019165,7.099899768829346,729.0
2024-03-01 14:12:00,GRPH,3.4600000381469727,3.4600000381469727,3.4600000381469727,3.4600000381469727,3.4600000381469727,148.0
2024-03-01 14:12:00,GRTS,2.130000114440918,2.130000114440918,2.134999990463257,2.125,2.125,11817.0
2024-03-01 14:12:00,GRTX,0.23399999737739563,0.23399999737739563,0.23399999737739563,0.23399999737739563,0.23399999737739563,300.0
2024-03-01 14:12:00,GTHX,3.7899999618530273,3.7899999618530273,3.799999952316284,3.7750000953674316,3.7799999713897705,34645.0
2024-03-01 14:12:00,HALO,41.369998931884766,41.369998931884766,41.369998931884766,41.3650016784668,41.3650016784668,727.0
2024-03-01 14:12:00,HARP,22.949899673461914,22.949899673461914,22.949899673461914,22.94499969482422,22.94499969482422,5401.0
2024-03-01 14:12:00,HCSG,12.630000114440918,12.630000114440918,12.635000228881836,12.630000114440918,12.635000228881836,718.0
2024-03-01 14:12:00,HLVX,18.93000030517578,18.93000030517578,18.93000030517578,18.93000030517578,18.93000030517578,139.0
2024-03-01 14:12:00,HOLX,74.3499984741211,74.3499984741211,74.35189819335938,74.3499984741211,74.35189819335938,1126.0
2024-03-01 14:12:00,HRMY,31.709999084472656,31.709999084472656,31.739999771118164,31.709999084472656,31.739999771118164,1162.0
2024-03-01 14:12:00,HRTX,2.559999942779541,2.559999942779541,2.5608999729156494,2.555000066757202,2.559999942779541,20154.0
2024-03-01 14:12:00,HSIC,76.83000183105469,76.83000183105469,76.84500122070312,76.83000183105469,76.84500122070312,674.0
2024-03-01 14:12:00,HUMA,3.2702999114990234,3.2702999114990234,3.2799999713897705,3.2702999114990234,3.2725000381469727,857.0
2024-03-01 14:12:00,IART,36.380001068115234,36.380001068115234,36.380001068115234,36.380001068115234,36.380001068115234,676.0
2024-03-01 14:12:00,IBRX,4.860000133514404,4.860000133514404,4.864999771118164,4.860000133514404,4.864999771118164,522.0
2024-03-01 14:12:00,ICLR,323.3599853515625,323.3599853515625,323.6000061035156,323.3599853515625,323.6000061035156,620.0
2024-03-01 14:12:00,ICUI,106.06999969482422,106.06999969482422,106.06999969482422,105.94000244140625,105.94000244140625,678.0
2024-03-01 14:12:00,IDXX,579.3699951171875,579.3699951171875,579.6099853515625,579.3699951171875,579.3699951171875,664.0
2024-03-01 14:12:00,IDYA,46.84000015258789,46.84000015258789,46.869998931884766,46.84000015258789,46.84000015258789,567.0
2024-03-01 14:12:00,ILMN,142.2100067138672,142.2100067138672,142.22999572753906,142.2100067138672,142.22000122070312,941.0
2024-03-01 14:12:00,IMRX,6.150000095367432,6.150000095367432,6.150000095367432,6.150000095367432,6.150000095367432,3005.0
2024-03-01 14:12:00,IMVT,35.89500045776367,35.89500045776367,35.900001525878906,35.880001068115234,35.880001068115234,374.0
2024-03-01 14:12:00,INBX,36.66999816894531,36.66999816894531,36.66999816894531,36.66999816894531,36.66999816894531,277.0
2024-03-01 14:12:00,INCY,59.529998779296875,59.529998779296875,59.560001373291016,59.529998779296875,59.55500030517578,2018.0
2024-03-01 14:12:00,INMD,22.860000610351562,22.860000610351562,22.860000610351562,22.850000381469727,22.860000610351562,1279.0
2024-03-01 14:12:00,INO,9.670000076293945,9.670000076293945,9.670000076293945,9.670000076293945,9.670000076293945,708.0
2024-03-01 14:12:00,INSM,28.2549991607666,28.2549991607666,28.2549991607666,28.239999771118164,28.25,1695.0
2024-03-01 14:12:00,INVA,15.520000457763672,15.520000457763672,15.524999618530273,15.520000457763672,15.524999618530273,944.0
2024-03-01 14:12:00,INVO,1.2000000476837158,1.2000000476837158,1.2000999450683594,1.2000000476837158,1.2000000476837158,2585.0
2024-03-01 14:12:00,IONS,45.96379852294922,45.96379852294922,45.96379852294922,45.96379852294922,45.96379852294922,130.0
2024-03-01 14:12:00,IOVA,16.989999771118164,16.989999771118164,17.030000686645508,16.954999923706055,16.954999923706055,39918.0
2024-03-01 14:12:00,IPSC,3.9800000190734863,3.9800000190734863,3.9800000190734863,3.9800000190734863,3.9800000190734863,533.0
2024-03-01 14:12:00,IRWD,9.055000305175781,9.055000305175781,9.0600004196167,9.045000076293945,9.045000076293945,10779.0
2024-03-01 14:12:00,ISRG,397.7320861816406,397.7320861816406,397.8800048828125,397.6300048828125,397.7650146484375,7922.0
2024-03-01 14:12:00,ITCI,72.1500015258789,72.1500015258789,72.1500015258789,72.1500015258789,72.1500015258789,270.0
2024-03-01 14:12:00,ITOS,11.385000228881836,11.385000228881836,11.385000228881836,11.385000228881836,11.385000228881836,336.0
2024-03-01 14:12:00,ITRM,1.2899999618530273,1.2899999618530273,1.2999999523162842,1.277500033378601,1.277500033378601,12438.0
2024-03-01 14:12:00,IVVD,3.9749999046325684,3.9749999046325684,3.9800000190734863,3.9600000381469727,3.9700000286102295,4059.0
2024-03-01 14:12:00,IXHL,5.434999942779541,5.434999942779541,5.434999942779541,5.434999942779541,5.434999942779541,300.0
2024-03-01 14:12:00,JAGX,0.0778999999165535,0.0778999999165535,0.07800000160932541,0.07760000228881836,0.07800000160932541,25699.0
2024-03-01 14:12:00,JANX,46.11000061035156,46.11000061035156,46.189998626708984,46.11000061035156,46.16999816894531,3800.0
2024-03-01 14:12:00,JAZZ,119.26000213623047,119.26000213623047,119.26000213623047,119.26000213623047,119.26000213623047,325.0
2024-03-01 14:12:00,JSPR,21.25,21.25,21.25,21.239999771118164,21.239999771118164,344.0
2024-03-01 14:12:00,JYNT,10.009400367736816,10.009400367736816,10.010000228881836,9.994999885559082,10.009900093078613,1811.0
2024-03-01 14:12:00,KALV,14.145000457763672,14.145000457763672,14.154999732971191,14.145000457763672,14.154999732971191,205.0
2024-03-01 14:12:00,KNSA,21.80030059814453,21.80030059814453,21.81999969482422,21.799999237060547,21.815000534057617,8072.0
2024-03-01 14:12:00,KNTE,2.6050000190734863,2.6050000190734863,2.609999895095825,2.6050000190734863,2.609999895095825,2283.0
2024-03-01 14:12:00,KOD,6.090000152587891,6.090000152587891,6.090000152587891,6.090000152587891,6.090000152587891,1132.0
2024-03-01 14:12:00,KPRX,0.6467999815940857,0.6467999815940857,0.6481999754905701,0.6467999815940857,0.6481999754905701,200.0
2024-03-01 14:12:00,KPTI,1.1749999523162842,1.1749999523162842,1.1749999523162842,1.1700999736785889,1.1749999523162842,2200.0
2024-03-01 14:12:00,KRMD,2.130000114440918,2.130000114440918,2.134999990463257,2.130000114440918,2.134999990463257,300.0
2024-03-01 14:12:00,KRTX,316.8900146484375,316.8900146484375,316.8900146484375,316.8900146484375,316.8900146484375,404.0
2024-03-01 14:12:00,KRYS,169.02999877929688,169.02999877929688,169.02999877929688,168.4550018310547,168.4550018310547,5981.0
2024-03-01 14:12:00,KTRA,0.1023000031709671,0.1023000031709671,0.10239999741315842,0.1023000031709671,0.10239999741315842,8100.0
2024-03-01 14:12:00,KURA,21.84000015258789,21.84000015258789,21.93000030517578,21.84000015258789,21.93000030517578,7196.0
2024-03-01 14:12:00,KYMR,43.90999984741211,43.90999984741211,43.90999984741211,43.90999984741211,43.90999984741211,106.0
2024-03-01 14:12:00,KZR,1.090000033378601,1.090000033378601,1.090000033378601,1.090000033378601,1.090000033378601,247.0
2024-03-01 14:12:00,LAB,2.4649999141693115,2.4649999141693115,2.4649999141693115,2.4600000381469727,2.4600000381469727,6217.0
2024-03-01 14:12:00,LEGN,65.66999816894531,65.66999816894531,65.66999816894531,65.66999816894531,65.66999816894531,420.0
2024-03-01 14:12:00,LFMD,7.920000076293945,7.920000076293945,7.920000076293945,7.920000076293945,7.920000076293945,500.0
2024-03-01 14:12:00,LFST,7.71999979019165,7.71999979019165,7.71999979019165,7.71999979019165,7.71999979019165,1362.0
2024-03-01 14:12:00,LGND,77.71499633789062,77.71499633789062,77.71499633789062,77.71499633789062,77.71499633789062,141.0
2024-03-01 14:12:00,LIVN,55.900001525878906,55.900001525878906,55.900001525878906,55.900001525878906,55.900001525878906,209.0
2024-03-01 14:12:00,LMAT,68.24490356445312,68.24490356445312,68.24490356445312,68.24490356445312,68.24490356445312,219.0
2024-03-01 14:12:00,LNTH,64.78500366210938,64.78500366210938,64.97000122070312,64.7699966430664,64.97000122070312,2419.0
2024-03-01 14:12:00,LQDA,14.699999809265137,14.699999809265137,14.710000038146973,14.699999809265137,14.704999923706055,1267.0
2024-03-01 14:12:00,LUCD,1.2400000095367432,1.2400000095367432,1.2400000095367432,1.2400000095367432,1.2400000095367432,102.0
2024-03-01 14:12:00,LXRX,2.500200033187866,2.500200033187866,2.501300096511841,2.494999885559082,2.494999885559082,15014.0
2024-03-01 14:12:00,LYRA,5.610000133514404,5.610000133514404,5.610000133514404,5.610000133514404,5.610000133514404,2600.0
2024-03-01 14:12:00,MCRB,1.230299949645996,1.230299949645996,1.2376999855041504,1.2300000190734863,1.2300000190734863,7280.0
2024-03-01 14:12:00,MDRX,5.949999809265137,5.949999809265137,6.050000190734863,5.949999809265137,5.96999979019165,141128.0
2024-03-01 14:12:00,MDXG,8.630000114440918,8.630000114440918,8.630000114440918,8.625,8.625,1490.0
2024-03-01 14:12:00,ME,0.5633999705314636,0.5633999705314636,0.5667999982833862,0.5616499781608582,0.5616499781608582,1014.0
2024-03-01 14:12:00,MGNX,19.219999313354492,19.219999313354492,19.25,19.219999313354492,19.25,11963.0
2024-03-01 14:12:00,MLTX,50.79999923706055,50.79999923706055,50.83000183105469,50.72999954223633,50.83000183105469,4028.0
2024-03-01 14:12:00,MNKD,4.519999980926514,4.519999980926514,4.525000095367432,4.519999980926514,4.525000095367432,2863.0
2024-03-01 14:12:00,MNMD,6.227200031280518,6.227200031280518,6.230000019073486,6.21999979019165,6.230000019073486,696.0
2024-03-01 14:12:00,MNPR,0.8500000238418579,0.8500000238418579,0.862500011920929,0.8500000238418579,0.862500011920929,803.0
2024-03-01 14:12:00,MODV,28.079999923706055,28.079999923706055,28.079999923706055,28.020000457763672,28.030000686645508,684.0
2024-03-01 14:12:00,MOR,17.540000915527344,17.540000915527344,17.540000915527344,17.540000915527344,17.540000915527344,100.0
2024-03-01 14:12:00,MORF,39.47999954223633,39.47999954223633,39.4900016784668,39.47999954223633,39.4900016784668,842.0
2024-03-01 14:12:00,MOTS,0.6500999927520752,0.6500999927520752,0.6502000093460083,0.6500999927520752,0.6500999927520752,575.0
2024-03-01 14:12:00,MREO,3.9749999046325684,3.9749999046325684,3.9749999046325684,3.9749999046325684,3.9749999046325684,232.0
2024-03-01 14:12:00,MRKR,3.7100000381469727,3.7100000381469727,3.7100000381469727,3.700000047683716,3.700000047683716,599.0
2024-03-01 14:12:00,MRNA,95.30000305175781,95.30000305175781,95.3499984741211,95.29129791259766,95.31999969482422,9137.0
2024-03-01 14:12:00,MRNS,10.430000305175781,10.430000305175781,10.430000305175781,10.430000305175781,10.430000305175781,1559.0
2024-03-01 14:12:00,MRSN,5.985000133514404,5.985000133514404,5.989999771118164,5.985000133514404,5.989999771118164,1624.0
2024-03-01 14:12:00,MRUS,51.11000061035156,51.11000061035156,51.150001525878906,51.11000061035156,51.150001525878906,1281.0
2024-03-01 14:12:00,MRVI,7.764999866485596,7.764999866485596,7.775000095367432,7.764999866485596,7.769999980926514,615.0
2024-03-01 14:12:00,MXCT,4.739999771118164,4.739999771118164,4.755000114440918,4.739999771118164,4.75,4579.0
2024-03-01 14:12:00,MYGN,22.139999389648438,22.139999389648438,22.139999389648438,22.139999389648438,22.139999389648438,525.0
2024-03-01 14:12:00,NARI,45.529998779296875,45.529998779296875,45.619998931884766,45.40999984741211,45.47999954223633,17445.0
2024-03-01 14:12:00,NBIX,131.97000122070312,131.97000122070312,131.97999572753906,131.91000366210938,131.9600067138672,2056.0
2024-03-01 14:12:00,NEOG,17.399999618530273,17.399999618530273,17.405000686645508,17.399999618530273,17.400800704956055,1109.0
2024-03-01 14:12:00,NGM,1.5199999809265137,1.5199999809265137,1.524999976158142,1.5199999809265137,1.5199999809265137,3069.0
2024-03-01 14:12:00,NKTR,0.7802010178565979,0.7802010178565979,0.781000018119812,0.7802010178565979,0.781000018119812,2428.0
2024-03-01 14:12:00,NNOX,10.939900398254395,10.939900398254395,10.9399995803833,10.914999961853027,10.914999961853027,6557.0
2024-03-01 14:12:00,NOTV,8.114999771118164,8.114999771118164,8.114999771118164,8.114999771118164,8.114999771118164,1043.0
2024-03-01 14:12:00,NPCE,16.329999923706055,16.329999923706055,16.329999923706055,16.204999923706055,16.204999923706055,807.0
2024-03-01 14:12:00,NRBO,6.099999904632568,6.099999904632568,6.099999904632568,6.090000152587891,6.090000152587891,3486.0
2024-03-01 14:12:00,NRIX,13.65999984741211,13.65999984741211,13.65999984741211,13.649999618530273,13.649999618530273,457.0
2024-03-01 14:12:00,NTLA,33.439998626708984,33.439998626708984,33.459999084472656,33.439998626708984,33.459999084472656,2577.0
2024-03-01 14:12:00,NTRA,89.0999984741211,89.0999984741211,89.125,89.04000091552734,89.04000091552734,6418.0
2024-03-01 14:12:00,NVAX,5.255000114440918,5.255000114440918,5.269999980926514,5.25,5.269999980926514,30990.0
2024-03-01 14:12:00,NVCR,15.961700439453125,15.961700439453125,16.0049991607666,15.961700439453125,16.0049991607666,2663.0
2024-03-01 14:12:00,NVNO,6.429999828338623,6.429999828338623,6.429999828338623,6.429999828338623,6.429999828338623,143.0
2024-03-01 14:12:00,NVOS,0.6270999908447266,0.6270999908447266,0.6270999908447266,0.6270999908447266,0.6270999908447266,125.0
2024-03-01 14:12:00,NXTC,1.8427000045776367,1.8427000045776367,1.850000023841858,1.840000033378601,1.840000033378601,10968.0
2024-03-01 14:12:00,OCGN,0.9581000208854675,0.9581000208854675,0.9581009745597839,0.9581000208854675,0.9581000208854675,562.0
2024-03-01 14:12:00,OCUL,10.710000038146973,10.710000038146973,10.739999771118164,10.710000038146973,10.739999771118164,4431.0
2024-03-01 14:12:00,OGI,2.174999952316284,2.174999952316284,2.174999952316284,2.174999952316284,2.174999952316284,200.0
2024-03-01 14:12:00,OLK,22.889999389648438,22.889999389648438,22.889999389648438,22.889999389648438,22.889999389648438,586.0
2024-03-01 14:12:00,OLMA,14.826199531555176,14.826199531555176,14.826199531555176,14.826199531555176,14.826199531555176,270.0
2024-03-01 14:12:00,OM,3.1500000953674316,3.1500000953674316,3.1500000953674316,3.1500000953674316,3.1500000953674316,133.0
2024-03-01 14:12:00,OMER,4.78000020980835,4.78000020980835,4.78000020980835,4.78000020980835,4.78000020980835,280.0
2024-03-01 14:12:00,ONCY,1.159999966621399,1.159999966621399,1.159999966621399,1.1490000486373901,1.149999976158142,4375.0
2024-03-01 14:13:00,AADI,1.9900000095367432,1.9900000095367432,1.9900000095367432,1.9900000095367432,1.9900000095367432,100.0
2024-03-01 14:13:00,ABCL,5.164999961853027,5.164999961853027,5.164999961853027,5.159999847412109,5.164999961853027,639.0
2024-03-01 14:13:00,ABEO,7.789999961853027,7.789999961853027,7.789999961853027,7.789999961853027,7.789999961853027,249.0
2024-03-01 14:13:00,ABOS,4.605000019073486,4.605000019073486,4.605000019073486,4.605000019073486,4.605000019073486,220.0
2024-03-01 14:13:00,ABSI,5.40500020980835,5.40500020980835,5.409999847412109,5.4004998207092285,5.40500020980835,1510.0
2024-03-01 14:13:00,ABUS,2.740000009536743,2.740000009536743,2.75,2.740000009536743,2.75,13088.0
2024-03-01 14:13:00,ACAD,24.274999618530273,24.274999618530273,24.280000686645508,24.274999618530273,24.280000686645508,713.0
2024-03-01 14:13:00,ACB,3.190000057220459,3.190000057220459,3.194999933242798,3.190000057220459,3.194999933242798,1943.0
2024-03-01 14:13:00,ACCD,10.09000015258789,10.09000015258789,10.090100288391113,10.09000015258789,10.09000015258789,1877.0
2024-03-01 14:13:00,ACET,2.4000000953674316,2.4000000953674316,2.4000000953674316,2.4000000953674316,2.4000000953674316,401.0
2024-03-01 14:13:00,ACHL,1.340000033378601,1.340000033378601,1.340000033378601,1.340000033378601,1.340000033378601,200.0
2024-03-01 14:13:00,ACRS,1.2302000522613525,1.2302000522613525,1.2400000095367432,1.2302000522613525,1.2350000143051147,3586.0
2024-03-01 14:13:00,ADAP,1.5800000429153442,1.5800000429153442,1.600000023841858,1.5800000429153442,1.600000023841858,1100.0
2024-03-01 14:13:00,ADIL,3.430000066757202,3.430000066757202,3.4958999156951904,3.4100000858306885,3.4700000286102295,129807.0
2024-03-01 14:13:00,ADMA,5.554999828338623,5.554999828338623,5.557300090789795,5.550000190734863,5.557300090789795,2448.0
2024-03-01 14:13:00,ADPT,4.105000019073486,4.105000019073486,4.105000019073486,4.105000019073486,4.105000019073486,593.0
2024-03-01 14:13:00,ADVM,1.9700000286102295,1.9700000286102295,1.9800000190734863,1.9700000286102295,1.975000023841858,1563.0
2024-03-01 14:13:00,AFMD,0.6899999976158142,0.6899999976158142,0.695900022983551,0.670199990272522,0.670199990272522,110059.0
2024-03-01 14:13:00,AGEN,0.6711999773979187,0.6711999773979187,0.6712999939918518,0.6711000204086304,0.6712999939918518,61617.0
2024-03-01 14:13:00,AGIO,32.744598388671875,32.744598388671875,32.7599983215332,32.744598388671875,32.7599983215332,2897.0
2024-03-01 14:13:00,AHCO,10.515000343322754,10.515000343322754,10.515000343322754,10.510000228881836,10.510000228881836,1269.0
2024-03-01 14:13:00,AIH,0.5062000155448914,0.5062000155448914,0.5080000162124634,0.5062000155448914,0.5070000290870667,300.0
2024-03-01 14:13:00,AKAN,0.21480000019073486,0.21480000019073486,0.21480000019073486,0.21480000019073486,0.21480000019073486,282.0
2024-03-01 14:13:00,AKBA,1.690000057220459,1.690000057220459,1.690000057220459,1.684999942779541,1.690000057220459,3545.0
2024-03-01 14:13:00,AKRO,29.545000076293945,29.545000076293945,29.59000015258789,29.540000915527344,29.59000015258789,1801.0
2024-03-01 14:13:00,AKYA,5.989999771118164,5.989999771118164,5.989999771118164,5.989999771118164,5.989999771118164,102.0
2024-03-01 14:13:00,ALEC,7.465000152587891,7.465000152587891,7.465000152587891,7.460000038146973,7.460000038146973,507.0
2024-03-01 14:13:00,ALGN,302.7900085449219,302.7900085449219,302.7900085449219,302.6300048828125,302.6300048828125,845.0
2024-03-01 14:13:00,ALHC,5.644999980926514,5.644999980926514,5.650000095367432,5.635000228881836,5.644999980926514,3558.0
2024-03-01 14:13:00,ALKS,30.219999313354492,30.219999313354492,30.219999313354492,30.219999313354492,30.219999313354492,153.0
2024-03-01 14:13:00,ALLK,1.6649999618530273,1.6649999618530273,1.6699999570846558,1.6649999618530273,1.6699999570846558,668.0
2024-03-01 14:13:00,ALLO,5.019999980926514,5.019999980926514,5.019999980926514,5.019999980926514,5.019999980926514,213.0
2024-03-01 14:13:00,ALNY,153.3800048828125,153.3800048828125,153.4600067138672,153.3800048828125,153.38999938964844,1134.0
2024-03-01 14:13:00,ALPN,35.93000030517578,35.93000030517578,35.959999084472656,35.93000030517578,35.939998626708984,2487.0
2024-03-01 14:13:00,ALT,12.140000343322754,12.140000343322754,12.164999961853027,12.140000343322754,12.163999557495117,6063.0
2024-03-01 14:13:00,ALVR,0.7544000148773193,0.7544000148773193,0.7544999718666077,0.7544000148773193,0.7544000148773193,520.0
2024-03-01 14:13:00,ALXO,15.020000457763672,15.020000457763672,15.020000457763672,15.020000457763672,15.020000457763672,616.0
2024-03-01 14:13:00,AMGN,280.9200134277344,280.9200134277344,281.0299987792969,280.9100036621094,280.95001220703125,6687.0
2024-03-01 14:13:00,AMLX,18.65999984741211,18.65999984741211,18.65999984741211,18.6299991607666,18.6299991607666,3356.0
2024-03-01 14:13:00,AMPH,45.5,45.5,45.51499938964844,45.5,45.51499938964844,1737.0
2024-03-01 14:13:00,AMRN,1.0499999523162842,1.0499999523162842,1.0549999475479126,1.0499999523162842,1.0549999475479126,900.0
2024-03-01 14:13:00,ANGO,5.510000228881836,5.510000228881836,5.510000228881836,5.510000228881836,5.510000228881836,529.0
2024-03-01 14:13:00,ANNX,6.080100059509277,6.080100059509277,6.080100059509277,6.079999923706055,6.079999923706055,438.0
2024-03-01 14:13:00,ANTX,3.0199999809265137,3.0199999809265137,3.0399999618530273,3.0199999809265137,3.0299999713897705,6664.0
2024-03-01 14:13:00,APDN,0.5699999928474426,0.5699999928474426,0.5699999928474426,0.5698999762535095,0.5698999762535095,496.0
2024-03-01 14:13:00,APLS,64.96499633789062,64.96499633789062,64.96749877929688,64.96499633789062,64.96499633789062,764.0
2024-03-01 14:13:00,AQST,4.175000190734863,4.175000190734863,4.175000190734863,4.175000190734863,4.175000190734863,137.0
2024-03-01 14:13:00,ARCT,39.709999084472656,39.709999084472656,39.709999084472656,39.709999084472656,39.709999084472656,438.0
2024-03-01 14:13:00,ARDX,9.479999542236328,9.479999542236328,9.484000205993652,9.479999542236328,9.484000205993652,452.0
2024-03-01 14:13:00,ARQT,11.600000381469727,11.600000381469727,11.61989974975586,11.600000381469727,11.609999656677246,2830.0
2024-03-01 14:13:00,ARVN,48.790000915527344,48.790000915527344,48.790000915527344,48.790000915527344,48.790000915527344,896.0
2024-03-01 14:13:00,ARWR,35.560001373291016,35.560001373291016,35.59000015258789,35.54999923706055,35.59000015258789,1621.0
2024-03-01 14:13:00,ASLN,0.7402999997138977,0.7402999997138977,0.7402999997138977,0.7400000095367432,0.7400000095367432,5700.0
2024-03-01 14:13:00,ASRT,0.9049999713897705,0.9049999713897705,0.9049999713897705,0.9049999713897705,0.9049999713897705,300.0
2024-03-01 14:13:00,ATAI,2.1603000164031982,2.1603000164031982,2.1603000164031982,2.160099983215332,2.160099983215332,2453.0
2024-03-01 14:13:00,ATEC,13.454999923706055,13.454999923706055,13.454999923706055,13.449999809265137,13.454999923706055,1633.0
2024-03-01 14:13:00,ATHA,4.0,4.0,4.0,4.0,4.0,100.0
2024-03-01 14:13:00,ATRA,0.7893000245094299,0.7893000245094299,0.7900000214576721,0.7893000245094299,0.7900000214576721,9389.0
2024-03-01 14:13:00,ATXS,14.720000267028809,14.720000267028809,14.720000267028809,14.699999809265137,14.699999809265137,834.0
2024-03-01 14:13:00,AUGX,4.539999961853027,4.539999961853027,4.539999961853027,4.539999961853027,4.539999961853027,102.0
2024-03-01 14:13:00,AUPH,5.824999809265137,5.824999809265137,5.824999809265137,5.820000171661377,5.824999809265137,643.0
2024-03-01 14:13:00,AUTL,6.349999904632568,6.349999904632568,6.349999904632568,6.34499979019165,6.34499979019165,300.0
2024-03-01 14:13:00,AVDL,13.199999809265137,13.199999809265137,13.210000038146973,13.1899995803833,13.199999809265137,11627.0
2024-03-01 14:13:00,AVGR,3.7862000465393066,3.7862000465393066,3.7862000465393066,3.7862000465393066,3.7862000465393066,626.0
2024-03-01 14:13:00,AVXL,5.329999923706055,5.329999923706055,5.329999923706055,5.324999809265137,5.324999809265137,535.0
2024-03-01 14:13:00,AXGN,10.539999961853027,10.539999961853027,10.539999961853027,10.539999961853027,10.539999961853027,210.0
2024-03-01 14:13:00,AXNX,67.52010345458984,67.52010345458984,67.52010345458984,67.44999694824219,67.51000213623047,5751.0
2024-03-01 14:13:00,AXSM,82.3499984741211,82.3499984741211,82.3499984741211,82.29000091552734,82.29000091552734,604.0
2024-03-01 14:13:00,AYTU,2.860100030899048,2.860100030899048,2.860100030899048,2.860100030899048,2.860100030899048,1680.0
2024-03-01 14:13:00,AZN,64.70500183105469,64.70500183105469,64.70999908447266,64.69999694824219,64.70999908447266,9798.0
2024-03-01 14:13:00,BBIO,35.880001068115234,35.880001068115234,35.880001068115234,35.880001068115234,35.880001068115234,277.0
2024-03-01 14:13:00,BCAB,2.700000047683716,2.700000047683716,2.700000047683716,2.700000047683716,2.700000047683716,292.0
2024-03-01 14:13:00,BCRX,5.715000152587891,5.715000152587891,5.71999979019165,5.710100173950195,5.71999979019165,3182.0
2024-03-01 14:13:00,BCYC,26.100000381469727,26.100000381469727,26.100000381469727,26.06999969482422,26.06999969482422,793.0
2024-03-01 14:13:00,BDTX,4.875,4.875,4.880000114440918,4.869999885559082,4.869999885559082,612.0
2024-03-01 14:13:00,BEAM,40.05500030517578,40.05500030517578,40.09000015258789,40.03499984741211,40.04499816894531,3535.0
2024-03-01 14:13:00,BIIB,221.97000122070312,221.97000122070312,221.9949951171875,221.91000366210938,221.9949951171875,2271.0
2024-03-01 14:13:00,BIOL,0.14589999616146088,0.14589999616146088,0.14589999616146088,0.14550000429153442,0.14550000429153442,1662.0
2024-03-01 14:13:00,BIOR,1.0800000429153442,1.0800000429153442,1.0800000429153442,1.070099949836731,1.070099949836731,3675.0
2024-03-01 14:13:00,BIVI,1.9700000286102295,1.9700000286102295,2.0199999809265137,1.9600000381469727,2.015000104904175,153447.0
2024-03-01 14:13:00,BLFS,18.260000228881836,18.260000228881836,18.260000228881836,18.260000228881836,18.260000228881836,270.0
2024-03-01 14:13:00,BLUE,1.6100000143051147,1.6100000143051147,1.6100000143051147,1.600100040435791,1.6050000190734863,3010.0
2024-03-01 14:13:00,BMRN,88.0199966430664,88.0199966430664,88.06500244140625,87.98999786376953,88.06500244140625,3471.0
2024-03-01 14:13:00,BNGO,1.2649999856948853,1.2649999856948853,1.2649999856948853,1.2649999856948853,1.2649999856948853,2291.0
2024-03-01 14:13:00,BNTC,5.258699893951416,5.258699893951416,5.258699893951416,5.239999771118164,5.239999771118164,500.0
2024-03-01 14:13:00,BNTX,91.18499755859375,91.18499755859375,91.18499755859375,91.18499755859375,91.18499755859375,145.0
2024-03-01 14:13:00,BPMC,96.66999816894531,96.66999816894531,96.66999816894531,96.66999816894531,96.66999816894531,182.0
2024-03-01 14:13:00,BRKR,88.41999816894531,88.41999816894531,88.43000030517578,88.37999725341797,88.4000015258789,3103.0
2024-03-01 14:13:00,BTAI,3.184999942779541,3.184999942779541,3.184999942779541,3.184999942779541,3.184999942779541,120.0
2024-03-01 14:13:00,BTTX,0.18469999730587006,0.18469999730587006,0.1848990023136139,0.17919999361038208,0.1848990023136139,564.0
2024-03-01 14:13:00,CABA,23.959999084472656,23.959999084472656,23.959999084472656,23.959999084472656,23.959999084472656,201.0
2024-03-01 14:13:00,CADL,1.7798999547958374,1.7798999547958374,1.7798999547958374,1.7400000095367432,1.75,4800.0
2024-03-01 14:13:00,CBAY,32.220001220703125,32.220001220703125,32.22999954223633,32.220001220703125,32.22999954223633,2583.0
2024-03-01 14:13:00,CCCC,11.005000114440918,11.005000114440918,11.010000228881836,11.005000114440918,11.005000114440918,3523.0
2024-03-01 14:13:00,CDNA,12.579999923706055,12.579999923706055,12.579999923706055,12.550000190734863,12.550000190734863,7688.0
2024-03-01 14:13:00,CDXS,4.559999942779541,4.559999942779541,4.565000057220459,4.559999942779541,4.559999942779541,1340.0
2024-03-01 14:13:00,CERE,41.099998474121094,41.099998474121094,41.099998474121094,41.095001220703125,41.095001220703125,365.0
2024-03-01 14:13:00,CERS,2.184999942779541,2.184999942779541,2.184999942779541,2.180000066757202,2.180000066757202,872.0
2024-03-01 14:13:00,CERT,17.93000030517578,17.93000030517578,17.93000030517578,17.93000030517578,17.93000030517578,2578.0
2024-03-01 14:13:00,CGC,3.2249999046325684,3.2249999046325684,3.2249999046325684,3.2249999046325684,3.2249999046325684,1384.0
2024-03-01 14:13:00,CGEM,18.735000610351562,18.735000610351562,18.760000228881836,18.68000030517578,18.709999084472656,672.0
2024-03-01 14:13:00,CHRS,2.4149999618530273,2.4149999618530273,2.4149999618530273,2.4149999618530273,2.4149999618530273,762.0
2024-03-01 14:13:00,CJJD,2.950000047683716,2.950000047683716,2.950000047683716,2.950000047683716,2.950000047683716,192.0
2024-03-01 14:13:00,CKPT,2.2053000926971436,2.2053000926971436,2.2053000926971436,2.190000057220459,2.190000057220459,1700.0
2024-03-01 14:13:00,CLDX,51.79499816894531,51.79499816894531,51.86000061035156,51.790000915527344,51.790000915527344,2172.0
2024-03-01 14:13:00,CLNN,0.3801000118255615,0.3801000118255615,0.3880999982357025,0.3801000118255615,0.3880000114440918,88107.0
2024-03-01 14:13:00,CLOV,0.8641999959945679,0.8641999959945679,0.8644999861717224,0.8641999959945679,0.8644999861717224,7765.0
2024-03-01 14:13:00,CLPT,6.585000038146973,6.585000038146973,6.585000038146973,6.585000038146973,6.585000038146973,101.0
2024-03-01 14:13:00,CLRB,4.079999923706055,4.079999923706055,4.090000152587891,4.079999923706055,4.090000152587891,1178.0
2024-03-01 14:13:00,CMPS,11.529999732971191,11.529999732971191,11.550000190734863,11.515800476074219,11.520000457763672,1358.0
2024-03-01 14:13:00,COGT,7.230000019073486,7.230000019073486,7.230000019073486,7.224999904632568,7.224999904632568,2649.0
2024-03-01 14:13:00,CORT,24.360000610351562,24.360000610351562,24.3700008392334,24.360000610351562,24.3700008392334,779.0
2024-03-01 14:13:00,COSM,0.7657009959220886,0.7657009959220886,0.7728009819984436,0.7657009959220886,0.7728009819984436,2020.0
2024-03-01 14:13:00,CPRX,17.261199951171875,17.261199951171875,17.261199951171875,17.260000228881836,17.260000228881836,533.0
2024-03-01 14:13:00,CPSI,9.5,9.5,9.5,9.5,9.5,355.0
2024-03-01 14:13:00,CRBU,7.900000095367432,7.900000095367432,7.90500020980835,7.889999866485596,7.894999980926514,3063.0
2024-03-01 14:13:00,CRDF,2.4700000286102295,2.4700000286102295,2.4700000286102295,2.440000057220459,2.440999984741211,10774.0
2024-03-01 14:13:00,CRNX,46.560001373291016,46.560001373291016,46.560001373291016,46.43000030517578,46.43000030517578,3511.0
2024-03-01 14:13:00,CRON,2.049999952316284,2.049999952316284,2.049999952316284,2.044300079345703,2.0450000762939453,1195.0
2024-03-01 14:13:00,CRSP,85.45500183105469,85.45500183105469,85.45500183105469,85.44000244140625,85.44000244140625,1457.0
2024-03-01 14:13:00,CRVS,2.2200000286102295,2.2200000286102295,2.2200000286102295,2.2200000286102295,2.2200000286102295,430.0
2024-03-01 14:13:00,CSTL,19.899999618530273,19.899999618530273,19.979999542236328,19.899999618530273,19.950000762939453,3513.0
2024-03-01 14:13:00,CTKB,9.005000114440918,9.005000114440918,9.010000228881836,9.005000114440918,9.007499694824219,2454.0
2024-03-01 14:13:00,CTMX,2.5399999618530273,2.5399999618530273,2.559999942779541,2.5350000858306885,2.5450000762939453,7767.0
2024-03-01 14:13:00,CTXR,0.7700999975204468,0.7700999975204468,0.7700999975204468,0.7699999809265137,0.7700999975204468,2423.0
2024-03-01 14:13:00,CUTR,2.4000000953674316,2.4000000953674316,2.4000000953674316,2.4000000953674316,2.4000000953674316,200.0
2024-03-01 14:13:00,CVAC,3.4700000286102295,3.4700000286102295,3.4700000286102295,3.4700000286102295,3.4700000286102295,497.0
2024-03-01 14:13:00,CVRX,20.690000534057617,20.690000534057617,20.719999313354492,20.690000534057617,20.719999313354492,904.0
2024-03-01 14:13:00,CYTK,73.0999984741211,73.0999984741211,73.0999984741211,73.0199966430664,73.04000091552734,1400.0
2024-03-01 14:13:00,CYTO,2.359999895095825,2.359999895095825,2.359999895095825,2.359999895095825,2.359999895095825,267.0
2024-03-01 14:13:00,DAWN,17.65999984741211,17.65999984741211,17.674999237060547,17.65999984741211,17.674999237060547,875.0
2024-03-01 14:13:00,DCGO,4.150000095367432,4.150000095367432,4.150000095367432,4.150000095367432,4.150000095367432,1609.0
2024-03-01 14:13:00,DCPH,17.530000686645508,17.530000686645508,17.530000686645508,17.5049991607666,17.5049991607666,1340.0
2024-03-01 14:13:00,DH,8.84000015258789,8.84000015258789,8.84000015258789,8.84000015258789,8.84000015258789,200.0
2024-03-01 14:13:00,DNLI,21.299999237060547,21.299999237060547,21.299999237060547,21.249900817871094,21.25,6209.0
2024-03-01 14:13:00,DTIL,12.4399995803833,12.4399995803833,12.4399995803833,12.4399995803833,12.4399995803833,330.0
2024-03-01 14:13:00,DVAX,12.835000038146973,12.835000038146973,12.835000038146973,12.829999923706055,12.829999923706055,424.0
2024-03-01 14:13:00,DXCM,122.07499694824219,122.07499694824219,122.11000061035156,121.98500061035156,121.98500061035156,6683.0
2024-03-01 14:13:00,DYN,28.885000228881836,28.885000228881836,28.889999389648438,28.860000610351562,28.889999389648438,2615.0
2024-03-01 14:13:00,EDAP,6.840000152587891,6.840000152587891,6.840000152587891,6.840000152587891,6.840000152587891,100.0
2024-03-01 14:13:00,EDIT,10.904999732971191,10.904999732971191,10.90999984741211,10.885000228881836,10.887499809265137,14131.0
2024-03-01 14:13:00,EGRX,6.699999809265137,6.699999809265137,6.699999809265137,6.699999809265137,6.699999809265137,426.0
2024-03-01 14:13:00,EIGR,7.286600112915039,7.286600112915039,7.286600112915039,7.286600112915039,7.286600112915039,288.0
2024-03-01 14:13:00,ELEV,5.079999923706055,5.079999923706055,5.079999923706055,5.070000171661377,5.070000171661377,1081.0
2024-03-01 14:13:00,ENSC,0.9240000247955322,0.9240000247955322,0.9240000247955322,0.9240000247955322,0.9240000247955322,300.0
2024-03-01 14:13:00,ENSG,121.75,121.75,121.86000061035156,121.75,121.86000061035156,1456.0
2024-03-01 14:13:00,ENTA,15.390000343322754,15.390000343322754,15.390000343322754,15.390000343322754,15.390000343322754,492.0
2024-03-01 14:13:00,ENTX,1.399999976158142,1.399999976158142,1.399999976158142,1.399999976158142,1.399999976158142,491.0
2024-03-01 14:13:00,ENVB,1.5399999618530273,1.5399999618530273,1.5399999618530273,1.5199999809265137,1.5299999713897705,13081.0
2024-03-01 14:13:00,EOLS,14.850000381469727,14.850000381469727,14.850000381469727,14.850000381469727,14.850000381469727,586.0
2024-03-01 14:13:00,ERAS,2.516900062561035,2.516900062561035,2.5199999809265137,2.515000104904175,2.515000104904175,301.0
2024-03-01 14:13:00,ESPR,2.549999952316284,2.549999952316284,2.549999952316284,2.5450000762939453,2.5450000762939453,2362.0
2024-03-01 14:13:00,ESTA,44.65999984741211,44.65999984741211,44.665000915527344,44.65999984741211,44.665000915527344,520.0
2024-03-01 14:13:00,EVGN,0.9700000286102295,0.9700000286102295,0.9700000286102295,0.9700000286102295,0.9700000286102295,1109.0
2024-03-01 14:13:00,EVO,7.54010009765625,7.54010009765625,7.54010009765625,7.539999961853027,7.539999961853027,249.0
2024-03-01 14:13:00,EWTX,16.9950008392334,16.9950008392334,16.9950008392334,16.9950008392334,16.9950008392334,148.0
2024-03-01 14:13:00,EXAI,6.699999809265137,6.699999809265137,6.699999809265137,6.699999809265137,6.699999809265137,113.0
2024-03-01 14:13:00,EXAS,60.025001525878906,60.025001525878906,60.084999084472656,60.0099983215332,60.084999084472656,2567.0
2024-03-01 14:13:00,EXEL,22.44499969482422,22.44499969482422,22.450000762939453,22.44499969482422,22.450000762939453,2686.0
2024-03-01 14:13:00,EYEN,2.358599901199341,2.358599901199341,2.359999895095825,2.358599901199341,2.359999895095825,877.0
2024-03-01 14:13:00,EYPT,27.8700008392334,27.8700008392334,27.8700008392334,27.8700008392334,27.8700008392334,815.0
2024-03-01 14:13:00,FATE,7.769999980926514,7.769999980926514,7.78000020980835,7.744999885559082,7.75,15156.0
2024-03-01 14:13:00,FDMT,29.5,29.5,29.5,29.5,29.5,124.0
2024-03-01 14:13:00,FENC,9.90429973602295,9.90429973602295,9.90429973602295,9.90429973602295,9.90429973602295,616.0
2024-03-01 14:13:00,FGEN,1.8700000047683716,1.8700000047683716,1.8700000047683716,1.8700000047683716,1.8700000047683716,1432.0
2024-03-01 14:13:00,FHTX,8.100000381469727,8.100000381469727,8.164999961853027,8.100000381469727,8.164999961853027,437.0
2024-03-01 14:13:00,FLGT,23.260000228881836,23.260000228881836,23.260000228881836,23.2450008392334,23.2450008392334,1284.0
2024-03-01 14:13:00,FOLD,13.385000228881836,13.385000228881836,13.385000228881836,13.380000114440918,13.380000114440918,419.0
2024-03-01 14:13:00,FUSN,12.260000228881836,12.260000228881836,12.260000228881836,12.260000228881836,12.260000228881836,100.0
2024-03-01 14:13:00,FWBI,8.789999961853027,8.789999961853027,8.789999961853027,8.789999961853027,8.789999961853027,960.0
2024-03-01 14:13:00,GCTK,0.3098990023136139,0.3098990023136139,0.3098990023136139,0.3098990023136139,0.3098990023136139,162.0
2024-03-01 14:13:00,GDRX,8.37660026550293,8.37660026550293,8.380000114440918,8.369999885559082,8.369999885559082,2921.0
2024-03-01 14:13:00,GERN,2.2750000953674316,2.2750000953674316,2.279900074005127,2.2699999809265137,2.2699999809265137,29988.0
2024-03-01 14:13:00,GILD,72.45999908447266,72.45999908447266,72.47109985351562,72.44499969482422,72.47109985351562,13403.0
2024-03-01 14:13:00,GLPG,35.06999969482422,35.06999969482422,35.08000183105469,35.060001373291016,35.06999969482422,589.0
2024-03-01 14:13:00,GLTO,0.7599999904632568,0.7599999904632568,0.7599999904632568,0.75,0.75,20268.0
2024-03-01 14:13:00,GLYC,3.005000114440918,3.005000114440918,3.005000114440918,3.005000114440918,3.005000114440918,100.0
2024-03-01 14:13:00,GMAB,29.450000762939453,29.450000762939453,29.459999084472656,29.450000762939453,29.454999923706055,923.0
2024-03-01 14:13:00,GMDA,0.3785000145435333,0.3785000145435333,0.3785000145435333,0.3785000145435333,0.3785000145435333,200.0
2024-03-01 14:13:00,GOSS,1.4300999641418457,1.4300999641418457,1.434999942779541,1.4300999641418457,1.434999942779541,5450.0
2024-03-01 14:13:00,GRFS,7.105000019073486,7.105000019073486,7.215000152587891,7.09499979019165,7.099999904632568,113248.0
2024-03-01 14:13:00,GRTS,2.109999895095825,2.109999895095825,2.1380999088287354,2.0999999046325684,2.1380999088287354,54005.0
2024-03-01 14:13:00,GTHX,3.799999952316284,3.799999952316284,3.799999952316284,3.799999952316284,3.799999952316284,131.0
2024-03-01 14:13:00,HALO,41.3849983215332,41.3849983215332,41.3849983215332,41.3650016784668,41.3650016784668,994.0
2024-03-01 14:13:00,HARP,22.950000762939453,22.950000762939453,22.950000762939453,22.94499969482422,22.950000762939453,694.0
2024-03-01 14:13:00,HCM,15.210000038146973,15.210000038146973,15.210000038146973,15.210000038146973,15.210000038146973,132.0
2024-03-01 14:13:00,HCTI,2.25,2.25,2.319999933242798,2.25,2.309999942779541,11788.0
2024-03-01 14:13:00,HOLX,74.37000274658203,74.37000274658203,74.37000274658203,74.35749816894531,74.36000061035156,1517.0
2024-03-01 14:13:00,HRMY,31.719999313354492,31.719999313354492,31.719999313354492,31.719999313354492,31.719999313354492,278.0
2024-03-01 14:13:00,HRTX,2.569999933242798,2.569999933242798,2.569999933242798,2.565000057220459,2.565000057220459,9780.0
2024-03-01 14:13:00,HSIC,76.81500244140625,76.81500244140625,76.81500244140625,76.81500244140625,76.81500244140625,118.0
2024-03-01 14:13:00,HSTM,27.290000915527344,27.290000915527344,27.290000915527344,27.290000915527344,27.290000915527344,1087.0
2024-03-01 14:13:00,HUMA,3.2750000953674316,3.2750000953674316,3.2750000953674316,3.2725000381469727,3.2725000381469727,607.0
2024-03-01 14:13:00,IART,36.3650016784668,36.3650016784668,36.3849983215332,36.3650016784668,36.3849983215332,841.0
2024-03-01 14:13:00,IBRX,4.869999885559082,4.869999885559082,4.869999885559082,4.864999771118164,4.864999771118164,23145.0
2024-03-01 14:13:00,ICUI,106.04499816894531,106.04499816894531,106.04499816894531,106.04499816894531,106.04499816894531,204.0
2024-03-01 14:13:00,IDYA,46.84000015258789,46.84000015258789,46.84000015258789,46.84000015258789,46.84000015258789,208.0
2024-03-01 14:13:00,IFRX,1.7799999713897705,1.7799999713897705,1.7799999713897705,1.7799999713897705,1.7799999713897705,231.0
2024-03-01 14:13:00,IINN,1.6899000406265259,1.6899000406265259,1.6899000406265259,1.684999942779541,1.684999942779541,316.0
2024-03-01 14:13:00,ILMN,142.13999938964844,142.13999938964844,142.2100067138672,142.13999938964844,142.2100067138672,1079.0
2024-03-01 14:13:00,IMAB,1.809999942779541,1.809999942779541,1.809999942779541,1.809999942779541,1.809999942779541,100.0
2024-03-01 14:13:00,IMCR,67.82499694824219,67.82499694824219,67.82499694824219,67.82499694824219,67.82499694824219,162.0
2024-03-01 14:13:00,IMMX,3.5299999713897705,3.5299999713897705,3.5299999713897705,3.5299999713897705,3.5299999713897705,400.0
2024-03-01 14:13:00,IMNM,25.229999542236328,25.229999542236328,25.229999542236328,25.229999542236328,25.229999542236328,247.0
2024-03-01 14:13:00,IMNN,1.01010000705719,1.01010000705719,1.0110000371932983,1.01010000705719,1.0110000371932983,590.0
2024-03-01 14:13:00,IMUX,1.4700000286102295,1.4700000286102295,1.4700000286102295,1.4700000286102295,1.4700000286102295,537.0
2024-03-01 14:13:00,IMVT,35.89500045776367,35.89500045776367,35.89500045776367,35.880001068115234,35.880001068115234,394.0
2024-03-01 14:13:00,INBX,36.630001068115234,36.630001068115234,36.654998779296875,36.630001068115234,36.654998779296875,1218.0
2024-03-01 14:13:00,INCY,59.52000045776367,59.52000045776367,59.52000045776367,59.52000045776367,59.52000045776367,119.0
2024-03-01 14:13:00,INGN,6.769999980926514,6.769999980926514,6.769999980926514,6.769999980926514,6.769999980926514,393.0
2024-03-01 14:13:00,INMB,12.329999923706055,12.329999923706055,12.329999923706055,12.329999923706055,12.329999923706055,869.0
2024-03-01 14:13:00,INMD,22.864999771118164,22.864999771118164,22.864999771118164,22.861000061035156,22.861000061035156,420.0
2024-03-01 14:13:00,INO,9.677300453186035,9.677300453186035,9.677300453186035,9.677300453186035,9.677300453186035,244.0
2024-03-01 14:13:00,INSM,28.239999771118164,28.239999771118164,28.25,28.239999771118164,28.25,1739.0
2024-03-01 14:13:00,INVA,15.505000114440918,15.505000114440918,15.510000228881836,15.494999885559082,15.510000228881836,2236.0
2024-03-01 14:13:00,IONS,45.97999954223633,45.97999954223633,45.97999954223633,45.959999084472656,45.959999084472656,2372.0
2024-03-01 14:13:00,IOVA,16.969999313354492,16.969999313354492,16.989999771118164,16.969999313354492,16.985000610351562,14025.0
2024-03-01 14:13:00,IPSC,3.9800000190734863,3.9800000190734863,3.9800000190734863,3.9800000190734863,3.9800000190734863,818.0
2024-03-01 14:13:00,IRMD,41.380001068115234,41.380001068115234,41.380001068115234,41.380001068115234,41.380001068115234,233.0
2024-03-01 14:13:00,IRTC,120.94999694824219,120.94999694824219,120.94999694824219,120.94999694824219,120.94999694824219,234.0
2024-03-01 14:13:00,IRWD,9.0649995803833,9.0649995803833,9.069999694824219,9.055000305175781,9.055000305175781,10722.0
2024-03-01 14:13:00,ISRG,397.8299865722656,397.8299865722656,397.92999267578125,397.635009765625,397.6400146484375,8365.0
2024-03-01 14:13:00,ITRM,1.2949999570846558,1.2949999570846558,1.2949999570846558,1.2899999618530273,1.2899999618530273,2263.0
2024-03-01 14:13:00,JAGX,0.07874999940395355,0.07874999940395355,0.07880000025033951,0.07760000228881836,0.0778999999165535,97243.0
2024-03-01 14:13:00,JANX,46.17499923706055,46.17499923706055,46.17499923706055,46.119998931884766,46.119998931884766,275.0
2024-03-01 14:13:00,JAZZ,119.2300033569336,119.2300033569336,119.2300033569336,119.20999908447266,119.2300033569336,1405.0
2024-03-01 14:13:00,JSPR,21.239999771118164,21.239999771118164,21.239999771118164,21.239999771118164,21.239999771118164,100.0
2024-03-01 14:13:00,JYNT,10.029999732971191,10.029999732971191,10.029999732971191,10.010000228881836,10.010000228881836,397.0
2024-03-01 14:13:00,KALV,14.154999732971191,14.154999732971191,14.154999732971191,14.145000457763672,14.145000457763672,2110.0
2024-03-01 14:13:00,KNSA,21.829999923706055,21.829999923706055,21.829999923706055,21.799999237060547,21.825000762939453,4429.0
2024-03-01 14:13:00,KNTE,2.5999999046325684,2.5999999046325684,2.5999999046325684,2.5999999046325684,2.5999999046325684,470.0
2024-03-01 14:13:00,KPTI,1.1749999523162842,1.1749999523162842,1.1749999523162842,1.1699999570846558,1.1749999523162842,1300.0
2024-03-01 14:13:00,KRTX,316.81500244140625,316.81500244140625,316.81500244140625,316.70001220703125,316.70001220703125,1075.0
2024-03-01 14:13:00,KTRA,0.1023000031709671,0.1023000031709671,0.10239999741315842,0.1023000031709671,0.1023000031709671,4500.0
2024-03-01 14:13:00,KYMR,43.875,43.875,43.95000076293945,43.875,43.939998626708984,653.0
2024-03-01 14:13:00,KZR,1.090000033378601,1.090000033378601,1.090000033378601,1.090000033378601,1.090000033378601,100.0
2024-03-01 14:13:00,LAB,2.4649999141693115,2.4649999141693115,2.4649999141693115,2.4649999141693115,2.4649999141693115,346.0
2024-03-01 14:13:00,LABP,6.433599948883057,6.433599948883057,6.433599948883057,6.433599948883057,6.433599948883057,250.0
2024-03-01 14:13:00,LFMD,7.909999847412109,7.909999847412109,7.920000076293945,7.909999847412109,7.920000076293945,1897.0
2024-03-01 14:13:00,LFST,7.724999904632568,7.724999904632568,7.725800037384033,7.724999904632568,7.724999904632568,1248.0
2024-03-01 14:13:00,LGND,77.71499633789062,77.71499633789062,77.71499633789062,77.71499633789062,77.71499633789062,181.0
2024-03-01 14:13:00,LIAN,4.864999771118164,4.864999771118164,4.864999771118164,4.860000133514404,4.864999771118164,3995.0
2024-03-01 14:13:00,LIVN,55.875,55.875,55.88999938964844,55.849998474121094,55.88999938964844,1560.0
2024-03-01 14:13:00,LMAT,68.24040222167969,68.24040222167969,68.24040222167969,68.24040222167969,68.24040222167969,309.0
2024-03-01 14:13:00,LNTH,64.78500366210938,64.78500366210938,64.78500366210938,64.76210021972656,64.78500366210938,1336.0
2024-03-01 14:13:00,LQDA,14.6899995803833,14.6899995803833,14.6899995803833,14.6899995803833,14.6899995803833,155.0
2024-03-01 14:13:00,LUNG,9.444999694824219,9.444999694824219,9.444999694824219,9.430000305175781,9.430000305175781,200.0
2024-03-01 14:13:00,LVTX,2.765000104904175,2.765000104904175,2.7799999713897705,2.75,2.7788000106811523,1098.0
2024-03-01 14:13:00,LXRX,2.509999990463257,2.509999990463257,2.509999990463257,2.5009000301361084,2.5009000301361084,678.0
2024-03-01 14:13:00,LYEL,3.1410999298095703,3.1410999298095703,3.1410999298095703,3.1410999298095703,3.1410999298095703,207.0
2024-03-01 14:13:00,LYRA,5.599999904632568,5.599999904632568,5.599999904632568,5.599999904632568,5.599999904632568,210.0
2024-03-01 14:13:00,MCRB,1.2300000190734863,1.2300000190734863,1.2301000356674194,1.2200000286102295,1.2300000190734863,48941.0
2024-03-01 14:13:00,MDGL,250.1999969482422,250.1999969482422,250.1999969482422,249.88999938964844,250.05999755859375,1548.0
2024-03-01 14:13:00,MDRX,5.949999809265137,5.949999809265137,5.989999771118164,5.949999809265137,5.949999809265137,805460.0
2024-03-01 14:13:00,MDXG,8.635000228881836,8.635000228881836,8.635000228881836,8.630000114440918,8.630000114440918,2445.0
2024-03-01 14:13:00,ME,0.5626000165939331,0.5626000165939331,0.5626000165939331,0.5600000023841858,0.5601000189781189,4628.0
2024-03-01 14:13:00,MEDP,400.8399963378906,400.8399963378906,401.20001220703125,400.8399963378906,401.20001220703125,550.0
2024-03-01 14:13:00,MEDS,9.09000015258789,9.09000015258789,9.09000015258789,9.09000015258789,9.09000015258789,365.0
2024-03-01 14:13:00,MEIP,4.2006001472473145,4.2006001472473145,4.2006001472473145,4.2006001472473145,4.2006001472473145,217.0
2024-03-01 14:13:00,MGNX,19.219999313354492,19.219999313354492,19.25,19.200000762939453,19.219999313354492,42957.0
2024-03-01 14:13:00,MIRM,29.725000381469727,29.725000381469727,29.729999542236328,29.71500015258789,29.71500015258789,667.0
2024-03-01 14:13:00,MIST,1.7350000143051147,1.7350000143051147,1.7350000143051147,1.7350000143051147,1.7350000143051147,100.0
2024-03-01 14:13:00,MLTX,50.79999923706055,50.79999923706055,50.79999923706055,50.79999923706055,50.79999923706055,526.0
2024-03-01 14:13:00,MNKD,4.519999980926514,4.519999980926514,4.53000020980835,4.519999980926514,4.519999980926514,921.0
2024-03-01 14:13:00,MNMD,6.229800224304199,6.229800224304199,6.229899883270264,6.224999904632568,6.224999904632568,2108.0
2024-03-01 14:13:00,MNPR,0.8500000238418579,0.8500000238418579,0.8500000238418579,0.8500000238418579,0.8500000238418579,2600.0
2024-03-01 14:13:00,MODV,28.010000228881836,28.010000228881836,28.010000228881836,28.010000228881836,28.010000228881836,314.0
2024-03-01 14:13:00,MOR,17.545000076293945,17.545000076293945,17.545000076293945,17.545000076293945,17.545000076293945,505.0
2024-03-01 14:13:00,MORF,39.47999954223633,39.47999954223633,39.47999954223633,39.47999954223633,39.47999954223633,177.0
2024-03-01 14:13:00,MREO,3.9749999046325684,3.9749999046325684,3.9798998832702637,3.969899892807007,3.970099925994873,4318.0
2024-03-01 14:13:00,MRNA,95.26000213623047,95.26000213623047,95.30000305175781,95.26000213623047,95.29000091552734,1756.0
2024-03-01 14:13:00,MRNS,10.4399995803833,10.4399995803833,10.4399995803833,10.4399995803833,10.4399995803833,879.0
2024-03-01 14:13:00,MRSN,5.985000133514404,5.985000133514404,5.985000133514404,5.980000019073486,5.985000133514404,2054.0
2024-03-01 14:13:00,MRUS,51.1150016784668,51.1150016784668,51.150001525878906,51.1150016784668,51.150001525878906,441.0
2024-03-01 14:13:00,MRVI,7.764999866485596,7.764999866485596,7.769999980926514,7.755000114440918,7.760000228881836,2744.0
2024-03-01 14:13:00,MXCT,4.755000114440918,4.755000114440918,4.755000114440918,4.744999885559082,4.75,2311.0
2024-03-01 14:13:00,MYGN,22.15999984741211,22.15999984741211,22.15999984741211,22.139999389648438,22.139999389648438,261.0
2024-03-01 14:13:00,MYMD,3.4000000953674316,3.4000000953674316,3.4000000953674316,3.4000000953674316,3.4000000953674316,1220.0
2024-03-01 14:13:00,NARI,45.72999954223633,45.72999954223633,45.75,45.529998779296875,45.56999969482422,41794.0
2024-03-01 14:13:00,NBIX,131.94000244140625,131.94000244140625,131.94000244140625,131.8800048828125,131.9199981689453,3032.0
2024-03-01 14:13:00,NEO,16.049999237060547,16.049999237060547,16.049999237060547,16.049999237060547,16.049999237060547,399.0
2024-03-01 14:13:00,NEOG,17.399999618530273,17.399999618530273,17.405000686645508,17.395000457763672,17.395000457763672,2004.0
2024-03-01 14:13:00,NGM,1.5199999809265137,1.5199999809265137,1.524999976158142,1.5199999809265137,1.5199999809265137,3311.0
2024-03-01 14:13:00,NKTR,0.7800999879837036,0.7800999879837036,0.7808989882469177,0.7800999879837036,0.7805500030517578,8554.0
2024-03-01 14:13:00,NNOX,10.914999961853027,10.914999961853027,10.9350004196167,10.914999961853027,10.9350004196167,2543.0
2024-03-01 14:13:00,NRBO,6.130000114440918,6.130000114440918,6.130000114440918,6.130000114440918,6.130000114440918,460.0
2024-03-01 14:13:00,NRIX,13.59000015258789,13.59000015258789,13.630000114440918,13.59000015258789,13.630000114440918,3655.0
2024-03-01 14:13:00,NRXP,0.4262000024318695,0.4262000024318695,0.4262000024318695,0.4262000024318695,0.4262000024318695,475.0
2024-03-01 14:13:00,NTLA,33.459999084472656,33.459999084472656,33.459999084472656,33.43000030517578,33.43000030517578,2788.0
2024-03-01 14:13:00,NTRA,89.17500305175781,89.17500305175781,89.19000244140625,89.08000183105469,89.09500122070312,4398.0
2024-03-01 14:13:00,NUVL,87.6500015258789,87.6500015258789,87.73500061035156,87.6500015258789,87.73500061035156,305.0
2024-03-01 14:13:00,NVAX,5.260000228881836,5.260000228881836,5.260000228881836,5.25,5.251200199127197,14205.0
2024-03-01 14:13:00,NVCR,15.970000267028809,15.970000267028809,15.970000267028809,15.960000038146973,15.960000038146973,3518.0
2024-03-01 14:13:00,NVNO,6.427599906921387,6.427599906921387,6.427599906921387,6.427599906921387,6.427599906921387,700.0
2024-03-01 14:13:00,NVOS,0.6269999742507935,0.6269999742507935,0.6269999742507935,0.6269999742507935,0.6269999742507935,150.0
2024-03-01 14:13:00,NXTC,1.850000023841858,1.850000023841858,1.8799999952316284,1.850000023841858,1.850000023841858,7875.0
2024-03-01 14:13:00,OCGN,0.9562000036239624,0.9562000036239624,0.9581000208854675,0.9562000036239624,0.9581000208854675,1046.0
2024-03-01 14:13:00,OCUL,10.699999809265137,10.699999809265137,10.710100173950195,10.680000305175781,10.704999923706055,20685.0
2024-03-01 14:13:00,OGI,2.174999952316284,2.174999952316284,2.174999952316284,2.174999952316284,2.174999952316284,1403.0
2024-03-01 14:13:00,OLMA,14.829999923706055,14.829999923706055,14.899999618530273,14.805000305175781,14.805000305175781,7245.0
2024-03-01 14:13:00,OMGA,4.400000095367432,4.400000095367432,4.400000095367432,4.400000095367432,4.400000095367432,804.0
2024-03-01 14:14:00,AADI,1.9900000095367432,1.9900000095367432,1.9900000095367432,1.9900000095367432,1.9900000095367432,172.0
2024-03-01 14:14:00,ABCL,5.164999961853027,5.164999961853027,5.164999961853027,5.159999847412109,5.159999847412109,200.0
2024-03-01 14:14:00,ABEO,7.789999961853027,7.789999961853027,7.789999961853027,7.789999961853027,7.789999961853027,105.0
2024-03-01 14:14:00,ABOS,4.610000133514404,4.610000133514404,4.610000133514404,4.610000133514404,4.610000133514404,616.0
2024-03-01 14:14:00,ABSI,5.40500020980835,5.40500020980835,5.406000137329102,5.400100231170654,5.40500020980835,1844.0
2024-03-01 14:14:00,ABUS,2.75,2.75,2.75,2.75,2.75,1209.0
2024-03-01 14:14:00,ACAD,24.229999542236328,24.229999542236328,24.280000686645508,24.219999313354492,24.274999618530273,6100.0
2024-03-01 14:14:00,ACB,3.1900999546051025,3.1900999546051025,3.1900999546051025,3.190000057220459,3.190000057220459,472.0
2024-03-01 14:14:00,ACCD,10.09000015258789,10.09000015258789,10.100000381469727,10.09000015258789,10.100000381469727,757.0
2024-03-01 14:14:00,ACET,2.4000000953674316,2.4000000953674316,2.4000000953674316,2.390000104904175,2.390000104904175,1873.0
2024-03-01 14:14:00,ACHC,84.2300033569336,84.2300033569336,84.2300033569336,84.2300033569336,84.2300033569336,341.0
2024-03-01 14:14:00,ACHL,1.3600000143051147,1.3600000143051147,1.3600000143051147,1.350000023841858,1.350000023841858,16255.0
2024-03-01 14:14:00,ACHV,4.34499979019165,4.34499979019165,4.34499979019165,4.34499979019165,4.34499979019165,120.0
2024-03-01 14:14:00,ACLX,68.4000015258789,68.4000015258789,68.4000015258789,68.36000061035156,68.36000061035156,704.0
2024-03-01 14:14:00,ACON,0.3935000002384186,0.3935000002384186,0.39410001039505005,0.3935000002384186,0.39410001039505005,10070.0
2024-03-01 14:14:00,ACRS,1.2400000095367432,1.2400000095367432,1.2400000095367432,1.2350000143051147,1.2400000095367432,868.0
2024-03-01 14:14:00,ADIL,3.549999952316284,3.549999952316284,3.5599000453948975,3.4100000858306885,3.4200000762939453,135310.0
2024-03-01 14:14:00,ADMA,5.554999828338623,5.554999828338623,5.559999942779541,5.550000190734863,5.559999942779541,1543.0
2024-03-01 14:14:00,ADPT,4.105000019073486,4.105000019073486,4.105000019073486,4.105000019073486,4.105000019073486,144.0
2024-03-01 14:14:00,ADTX,3.420099973678589,3.420099973678589,3.420099973678589,3.4200000762939453,3.4200000762939453,660.0
2024-03-01 14:14:00,ADVM,1.975000023841858,1.975000023841858,1.975000023841858,1.9700000286102295,1.9700000286102295,10086.0
2024-03-01 14:14:00,AFMD,0.6899999976158142,0.6899999976158142,0.6959999799728394,0.6700999736785889,0.6959999799728394,55743.0
2024-03-01 14:14:00,AGEN,0.6712999939918518,0.6712999939918518,0.6712999939918518,0.6711990237236023,0.6711999773979187,30805.0
2024-03-01 14:14:00,AGIO,32.75,32.75,32.75,32.7400016784668,32.75,989.0
2024-03-01 14:14:00,AHCO,10.5649995803833,10.5649995803833,10.569999694824219,10.510000228881836,10.510000228881836,13830.0
2024-03-01 14:14:00,AIH,0.5051000118255615,0.5051000118255615,0.5051000118255615,0.5051000118255615,0.5051000118255615,500.0
2024-03-01 14:14:00,AIMD,0.9732999801635742,0.9732999801635742,0.9732999801635742,0.9732999801635742,0.9732999801635742,100.0
2024-03-01 14:14:00,AKAN,0.20999999344348907,0.20999999344348907,0.21799999475479126,0.20999999344348907,0.2150000035762787,27005.0
2024-03-01 14:14:00,AKBA,1.690000057220459,1.690000057220459,1.690000057220459,1.684999942779541,1.684999942779541,2125.0
2024-03-01 14:14:00,AKLI,0.35499998927116394,0.35499998927116394,0.35499998927116394,0.35499998927116394,0.35499998927116394,250.0
2024-03-01 14:14:00,AKRO,29.520000457763672,29.520000457763672,29.559999465942383,29.5049991607666,29.559999465942383,982.0
2024-03-01 14:14:00,AKYA,5.991000175476074,5.991000175476074,5.991000175476074,5.991000175476074,5.991000175476074,297.0
2024-03-01 14:14:00,ALDX,4.320000171661377,4.320000171661377,4.320000171661377,4.320000171661377,4.320000171661377,1111.0
2024-03-01 14:14:00,ALGN,302.70001220703125,302.70001220703125,302.70001220703125,302.70001220703125,302.70001220703125,103.0
2024-03-01 14:14:00,ALGS,1.090000033378601,1.090000033378601,1.090000033378601,1.090000033378601,1.090000033378601,1100.0
2024-03-01 14:14:00,ALHC,5.650000095367432,5.650000095367432,5.650000095367432,5.644999980926514,5.644999980926514,257.0
2024-03-01 14:14:00,ALKS,30.229999542236328,30.229999542236328,30.229999542236328,30.225000381469727,30.225000381469727,1541.0
2024-03-01 14:14:00,ALLK,1.6749999523162842,1.6749999523162842,1.6749999523162842,1.6649999618530273,1.6699999570846558,6236.0
2024-03-01 14:14:00,ALLO,5.019999980926514,5.019999980926514,5.025000095367432,5.019999980926514,5.025000095367432,1461.0
2024-03-01 14:14:00,ALLR,0.4002000093460083,0.4002000093460083,0.4099999964237213,0.4002000093460083,0.4099999964237213,5001.0
2024-03-01 14:14:00,ALNY,153.44000244140625,153.44000244140625,153.44000244140625,153.44000244140625,153.44000244140625,169.0
2024-03-01 14:14:00,ALPN,36.029998779296875,36.029998779296875,36.060001373291016,35.97999954223633,35.9900016784668,2415.0
2024-03-01 14:14:00,ALT,12.180000305175781,12.180000305175781,12.180000305175781,12.140000343322754,12.140000343322754,17704.0
2024-03-01 14:14:00,ALVR,0.7544999718666077,0.7544999718666077,0.7544999718666077,0.7544000148773193,0.7544000148773193,434.0
2024-03-01 14:14:00,AMED,93.5999984741211,93.5999984741211,93.5999984741211,93.51000213623047,93.54000091552734,1548.0
2024-03-01 14:14:00,AMGN,280.9549865722656,280.9549865722656,280.9549865722656,280.8999938964844,280.8999938964844,895.0
2024-03-01 14:14:00,AMLX,18.649999618530273,18.649999618530273,18.670000076293945,18.649999618530273,18.655000686645508,4779.0
2024-03-01 14:14:00,AMPH,45.5,45.5,45.52000045776367,45.5,45.5099983215332,7569.0
2024-03-01 14:14:00,AMRN,1.0549999475479126,1.0549999475479126,1.0549999475479126,1.0549999475479126,1.0549999475479126,327.0
2024-03-01 14:14:00,ANGO,5.510000228881836,5.510000228881836,5.510000228881836,5.510000228881836,5.510000228881836,212.0
2024-03-01 14:14:00,ANNX,6.050000190734863,6.050000190734863,6.079999923706055,6.050000190734863,6.079999923706055,83330.0
2024-03-01 14:14:00,APLS,64.97000122070312,64.97000122070312,65.01000213623047,64.97000122070312,64.97000122070312,3464.0
2024-03-01 14:14:00,APLT,7.130000114440918,7.130000114440918,7.170000076293945,7.119999885559082,7.119999885559082,8850.0
2024-03-01 14:14:00,APVO,0.16599999368190765,0.16599999368190765,0.16599999368190765,0.16599999368190765,0.16599999368190765,700.0
2024-03-01 14:14:00,AQST,4.172999858856201,4.172999858856201,4.179900169372559,4.172999858856201,4.179900169372559,1375.0
2024-03-01 14:14:00,ARAY,2.640000104904175,2.640000104904175,2.640000104904175,2.640000104904175,2.640000104904175,793.0
2024-03-01 14:14:00,ARDX,9.494999885559082,9.494999885559082,9.494999885559082,9.484999656677246,9.484999656677246,2706.0
2024-03-01 14:14:00,ARQT,11.600000381469727,11.600000381469727,11.60669994354248,11.59000015258789,11.600000381469727,13950.0
2024-03-01 14:14:00,ARWR,35.64500045776367,35.64500045776367,35.66999816894531,35.59000015258789,35.59000015258789,2590.0
2024-03-01 14:14:00,ASLN,0.7411999702453613,0.7411999702453613,0.7411999702453613,0.7411999702453613,0.7411999702453613,225.0
2024-03-01 14:14:00,ASRT,0.9072499871253967,0.9072499871253967,0.9072499871253967,0.9045000076293945,0.9049999713897705,3302.0
2024-03-01 14:14:00,ATAI,2.1649999618530273,2.1649999618530273,2.1649999618530273,2.1600000858306885,2.1600000858306885,2213.0
2024-03-01 14:14:00,ATEC,13.454999923706055,13.454999923706055,13.460000038146973,13.449999809265137,13.454999923706055,2052.0
2024-03-01 14:14:00,ATHA,4.005000114440918,4.005000114440918,4.005000114440918,4.0,4.0,435.0
2024-03-01 14:14:00,ATOS,1.0049999952316284,1.0049999952316284,1.0049999952316284,1.0049999952316284,1.0049999952316284,501.0
2024-03-01 14:14:00,ATRA,0.7894999980926514,0.7894999980926514,0.7894999980926514,0.7889999747276306,0.7889999747276306,528.0
2024-03-01 14:14:00,ATXS,14.699999809265137,14.699999809265137,14.720000267028809,14.699999809265137,14.720000267028809,2884.0
2024-03-01 14:14:00,AUGX,4.539999961853027,4.539999961853027,4.539999961853027,4.539999961853027,4.539999961853027,100.0
2024-03-01 14:14:00,AUPH,5.822500228881836,5.822500228881836,5.829999923706055,5.822500228881836,5.824999809265137,2121.0
2024-03-01 14:14:00,AUTL,6.369999885559082,6.369999885559082,6.369999885559082,6.349999904632568,6.349999904632568,2810.0
2024-03-01 14:14:00,AVDL,13.1899995803833,13.1899995803833,13.204999923706055,13.1899995803833,13.199999809265137,7444.0
2024-03-01 14:14:00,AVIR,4.460000038146973,4.460000038146973,4.46999979019165,4.460000038146973,4.46999979019165,884.0
2024-03-01 14:14:00,AVXL,5.329999923706055,5.329999923706055,5.329999923706055,5.329999923706055,5.329999923706055,1054.0
2024-03-01 14:14:00,AXDX,0.9803000092506409,0.9803000092506409,0.9803000092506409,0.9803000092506409,0.9803000092506409,105.0
2024-03-01 14:14:00,AXNX,67.5,67.5,67.51499938964844,67.5,67.51000213623047,2853.0
2024-03-01 14:14:00,AXSM,82.30999755859375,82.30999755859375,82.30999755859375,82.30999755859375,82.30999755859375,203.0
2024-03-01 14:14:00,AZN,64.71499633789062,64.71499633789062,64.72000122070312,64.70500183105469,64.70999908447266,9200.0
2024-03-01 14:14:00,AZTA,66.94000244140625,66.94000244140625,66.94999694824219,66.93000030517578,66.94999694824219,1875.0
2024-03-01 14:14:00,BBIO,35.939998626708984,35.939998626708984,35.939998626708984,35.939998626708984,35.939998626708984,627.0
2024-03-01 14:14:00,BCRX,5.715000152587891,5.715000152587891,5.71999979019165,5.715000152587891,5.71999979019165,1170.0
2024-03-01 14:14:00,BCYC,26.024999618530273,26.024999618530273,26.040000915527344,26.024999618530273,26.040000915527344,411.0
2024-03-01 14:14:00,BDSX,1.6583000421524048,1.6583000421524048,1.6583000421524048,1.6583000421524048,1.6583000421524048,830.0
2024-03-01 14:14:00,BDTX,4.869999885559082,4.869999885559082,4.875,4.869999885559082,4.875,298.0
2024-03-01 14:14:00,BEAM,40.07500076293945,40.07500076293945,40.08000183105469,40.067501068115234,40.06999969482422,1559.0
2024-03-01 14:14:00,BIIB,221.8300018310547,221.8300018310547,221.85000610351562,221.8300018310547,221.85000610351562,980.0
2024-03-01 14:14:00,BIOR,1.0850000381469727,1.0850000381469727,1.0850000381469727,1.0850000381469727,1.0850000381469727,294.0
2024-03-01 14:14:00,BIVI,1.9800000190734863,1.9800000190734863,1.9900000095367432,1.9600000381469727,1.9600000381469727,106364.0
2024-03-01 14:14:00,BLFS,18.270000457763672,18.270000457763672,18.270000457763672,18.270000457763672,18.270000457763672,110.0
2024-03-01 14:14:00,BLUE,1.6050000190734863,1.6050000190734863,1.6100000143051147,1.600000023841858,1.6100000143051147,1938.0
2024-03-01 14:14:00,BMEA,18.350000381469727,18.350000381469727,18.360000610351562,18.350000381469727,18.354999542236328,665.0
2024-03-01 14:14:00,BMRN,88.00499725341797,88.00499725341797,88.00499725341797,87.95500183105469,87.95500183105469,2296.0
2024-03-01 14:14:00,BNGO,1.2649999856948853,1.2649999856948853,1.2649999856948853,1.2649999856948853,1.2649999856948853,2600.0
2024-03-01 14:14:00,BNTX,91.19020080566406,91.19020080566406,91.19020080566406,91.19020080566406,91.19020080566406,398.0
2024-03-01 14:14:00,BPMC,96.87999725341797,96.87999725341797,96.91000366210938,96.75,96.75,2846.0
2024-03-01 14:14:00,BRTX,1.5099999904632568,1.5099999904632568,1.5298999547958374,1.5099999904632568,1.5298999547958374,1400.0
2024-03-01 14:14:00,BSGM,0.6790000200271606,0.6790000200271606,0.6790000200271606,0.6790000200271606,0.6790000200271606,396.0
2024-03-01 14:14:00,BTAI,3.184999942779541,3.184999942779541,3.184999942779541,3.184999942779541,3.184999942779541,140.0
2024-03-01 14:14:00,CABA,23.959999084472656,23.959999084472656,23.959999084472656,23.959999084472656,23.959999084472656,200.0
2024-03-01 14:14:00,CARA,0.9367610216140747,0.9367610216140747,0.9386000037193298,0.9366999864578247,0.9366999864578247,3100.0
2024-03-01 14:14:00,CBAY,32.224998474121094,32.224998474121094,32.22999954223633,32.224998474121094,32.224998474121094,3224.0
2024-03-01 14:14:00,CCCC,11.005000114440918,11.005000114440918,11.015000343322754,11.005000114440918,11.007499694824219,6387.0
2024-03-01 14:14:00,CCRN,18.25,18.25,18.25,18.239999771118164,18.25,2164.0
2024-03-01 14:14:00,CDMO,8.1274995803833,8.1274995803833,8.1274995803833,8.125,8.1274995803833,302.0
2024-03-01 14:14:00,CDNA,12.59000015258789,12.59000015258789,12.59000015258789,12.59000015258789,12.59000015258789,1029.0
2024-03-01 14:14:00,CDXS,4.559999942779541,4.559999942779541,4.565000057220459,4.554999828338623,4.559999942779541,2633.0
2024-03-01 14:14:00,CERE,41.099998474121094,41.099998474121094,41.11000061035156,41.099998474121094,41.099998474121094,5118.0
2024-03-01 14:14:00,CERS,2.184999942779541,2.184999942779541,2.184999942779541,2.184999942779541,2.184999942779541,1892.0
2024-03-01 14:14:00,CERT,17.9375,17.9375,17.950000762939453,17.920000076293945,17.920000076293945,809.0
2024-03-01 14:14:00,CGC,3.2109999656677246,3.2109999656677246,3.2200000286102295,3.2100000381469727,3.2200000286102295,8642.0
2024-03-01 14:14:00,CGEM,18.700000762939453,18.700000762939453,18.75,18.700000762939453,18.75,549.0
2024-03-01 14:14:00,CHRS,2.4149999618530273,2.4149999618530273,2.4149999618530273,2.4149999618530273,2.4149999618530273,626.0
2024-03-01 14:14:00,CING,1.340000033378601,1.340000033378601,1.340000033378601,1.340000033378601,1.340000033378601,384.0
2024-03-01 14:14:00,CKPT,2.190000057220459,2.190000057220459,2.190000057220459,2.190000057220459,2.190000057220459,114.0
2024-03-01 14:14:00,CLDX,51.970001220703125,51.970001220703125,51.9900016784668,51.84000015258789,51.84000015258789,1918.0
2024-03-01 14:14:00,CLNN,0.38019999861717224,0.38019999861717224,0.38999998569488525,0.38019999861717224,0.38999998569488525,70650.0
2024-03-01 14:14:00,CLOV,0.8636500239372253,0.8636500239372253,0.864300012588501,0.8629999756813049,0.864300012588501,15298.0
2024-03-01 14:14:00,CLRB,4.085000038146973,4.085000038146973,4.085000038146973,4.079999923706055,4.079999923706055,337.0
2024-03-01 14:14:00,CMAX,7.599999904632568,7.599999904632568,7.659999847412109,7.599999904632568,7.659999847412109,3582.0
2024-03-01 14:14:00,CMPS,11.529999732971191,11.529999732971191,11.550000190734863,11.510100364685059,11.510100364685059,1400.0
2024-03-01 14:14:00,CNSP,0.3199999928474426,0.3199999928474426,0.3199999928474426,0.31700000166893005,0.31700000166893005,8389.0
2024-03-01 14:14:00,COGT,7.235000133514404,7.235000133514404,7.239999771118164,7.230000019073486,7.230000019073486,9308.0
2024-03-01 14:14:00,COLL,36.66999816894531,36.66999816894531,36.790000915527344,36.61000061035156,36.7599983215332,7347.0
2024-03-01 14:14:00,CORT,24.360000610351562,24.360000610351562,24.360000610351562,24.360000610351562,24.360000610351562,288.0
2024-03-01 14:14:00,CPRX,17.260000228881836,17.260000228881836,17.280000686645508,17.260000228881836,17.260799407958984,5747.0
2024-03-01 14:14:00,CPSI,9.5,9.5,9.5,9.5,9.5,195.0
2024-03-01 14:14:00,CRBU,7.90500020980835,7.90500020980835,7.90500020980835,7.90500020980835,7.90500020980835,520.0
2024-03-01 14:14:00,CRDF,2.450000047683716,2.450000047683716,2.4800000190734863,2.440000057220459,2.4549999237060547,12906.0
2024-03-01 14:14:00,CRMD,3.680000066757202,3.680000066757202,3.680000066757202,3.680000066757202,3.680000066757202,233.0
2024-03-01 14:14:00,CRNX,46.599998474121094,46.599998474121094,46.599998474121094,46.529998779296875,46.529998779296875,1323.0
2024-03-01 14:14:00,CRON,2.049999952316284,2.049999952316284,2.049999952316284,2.0439999103546143,2.0450000762939453,788.0
2024-03-01 14:14:00,CRSP,85.43499755859375,85.43499755859375,85.43499755859375,85.43499755859375,85.43499755859375,960.0
2024-03-01 14:14:00,CSTL,19.889999389648438,19.889999389648438,19.889999389648438,19.889999389648438,19.889999389648438,155.0
2024-03-01 14:14:00,CTKB,9.029999732971191,9.029999732971191,9.029999732971191,9.005000114440918,9.005000114440918,3045.0
2024-03-01 14:14:00,CTMX,2.5350000858306885,2.5350000858306885,2.5399999618530273,2.5350000858306885,2.5350000858306885,504.0
2024-03-01 14:14:00,CUTR,2.3949999809265137,2.3949999809265137,2.3949999809265137,2.3949999809265137,2.3949999809265137,100.0
2024-03-01 14:14:00,CVRX,20.6299991607666,20.6299991607666,20.6299991607666,20.6299991607666,20.6299991607666,379.0
2024-03-01 14:14:00,CYTK,73.0999984741211,73.0999984741211,73.0999984741211,73.0999984741211,73.0999984741211,135.0
2024-03-01 14:14:00,DAWN,17.674999237060547,17.674999237060547,17.674999237060547,17.674999237060547,17.674999237060547,860.0
2024-03-01 14:14:00,DCGO,4.139999866485596,4.139999866485596,4.139999866485596,4.139999866485596,4.139999866485596,1805.0
2024-03-01 14:14:00,DCPH,17.524999618530273,17.524999618530273,17.524999618530273,17.524999618530273,17.524999618530273,141.0
2024-03-01 14:14:00,DH,8.859999656677246,8.859999656677246,8.869999885559082,8.850000381469727,8.850000381469727,1991.0
2024-03-01 14:14:00,DMTK,0.8375999927520752,0.8375999927520752,0.8375999927520752,0.8375999927520752,0.8375999927520752,313.0
2024-03-01 14:14:00,DNLI,21.350000381469727,21.350000381469727,21.350000381469727,21.31999969482422,21.31999969482422,2100.0
2024-03-01 14:14:00,DXCM,122.05999755859375,122.05999755859375,122.12000274658203,122.05999755859375,122.08550262451172,4657.0
2024-03-01 14:14:00,EDAP,6.840000152587891,6.840000152587891,6.840000152587891,6.840000152587891,6.840000152587891,162.0
2024-03-01 14:14:00,EDIT,10.90999984741211,10.90999984741211,10.90999984741211,10.90999984741211,10.90999984741211,2603.0
2024-03-01 14:14:00,EIGR,7.28000020980835,7.28000020980835,7.28000020980835,7.28000020980835,7.28000020980835,362.0
2024-03-01 14:14:00,ELEV,5.079999923706055,5.079999923706055,5.079999923706055,5.079999923706055,5.079999923706055,200.0
2024-03-01 14:14:00,ENSC,0.9387999773025513,0.9387999773025513,0.9387999773025513,0.9300000071525574,0.9300000071525574,11863.0
2024-03-01 14:14:00,ENTA,15.430000305175781,15.430000305175781,15.430000305175781,15.430000305175781,15.430000305175781,331.0
2024-03-01 14:14:00,ENVB,1.559999942779541,1.559999942779541,1.565000057220459,1.5305999517440796,1.5305999517440796,20873.0
2024-03-01 14:14:00,EQ,2.4749999046325684,2.4749999046325684,2.4749999046325684,2.4749999046325684,2.4749999046325684,324.0
2024-03-01 14:14:00,ERAS,2.5199999809265137,2.5199999809265137,2.5199999809265137,2.5199999809265137,2.5199999809265137,1035.0
2024-03-01 14:14:00,ESPR,2.559999942779541,2.559999942779541,2.559999942779541,2.549999952316284,2.549999952316284,8622.0
2024-03-01 14:14:00,ETNB,12.9399995803833,12.9399995803833,12.960000038146973,12.9399995803833,12.949999809265137,2083.0
2024-03-01 14:14:00,ETON,4.46999979019165,4.46999979019165,4.46999979019165,4.46999979019165,4.46999979019165,120.0
2024-03-01 14:14:00,EWTX,17.0,17.0,17.0,17.0,17.0,242.0
2024-03-01 14:14:00,EXAI,6.710000038146973,6.710000038146973,6.710000038146973,6.704999923706055,6.704999923706055,1030.0
2024-03-01 14:14:00,EXAS,60.02000045776367,60.02000045776367,60.02000045776367,60.0099983215332,60.0099983215332,1553.0
2024-03-01 14:14:00,EXEL,22.434999465942383,22.434999465942383,22.44499969482422,22.434999465942383,22.44499969482422,2656.0
2024-03-01 14:14:00,EYEN,2.3499999046325684,2.3499999046325684,2.3499999046325684,2.3499999046325684,2.3499999046325684,457.0
2024-03-01 14:14:00,EYPT,27.84600067138672,27.84600067138672,27.84600067138672,27.84600067138672,27.84600067138672,1083.0
2024-03-01 14:14:00,FATE,7.78000020980835,7.78000020980835,7.78000020980835,7.775000095367432,7.78000020980835,2076.0
2024-03-01 14:14:00,FDMT,29.469999313354492,29.469999313354492,29.520000457763672,29.450000762939453,29.479999542236328,6165.0
2024-03-01 14:14:00,FEMY,1.7400000095367432,1.7400000095367432,1.7400000095367432,1.7400000095367432,1.7400000095367432,200.0
2024-03-01 14:14:00,FGEN,1.8650000095367432,1.8650000095367432,1.8650000095367432,1.8604999780654907,1.8604999780654907,1645.0
2024-03-01 14:14:00,FHTX,8.145000457763672,8.145000457763672,8.216699600219727,8.145000457763672,8.216699600219727,400.0
2024-03-01 14:14:00,FIXX,0.9300000071525574,0.9300000071525574,0.9300000071525574,0.9300000071525574,0.9300000071525574,600.0
2024-03-01 14:14:00,FOLD,13.390000343322754,13.390000343322754,13.399999618530273,13.385000228881836,13.390000343322754,2377.0
2024-03-01 14:14:00,FUSN,12.270000457763672,12.270000457763672,12.270000457763672,12.260000228881836,12.260000228881836,1047.0
2024-03-01 14:14:00,FWBI,9.0,9.0,9.0,8.930000305175781,8.930000305175781,5338.0
2024-03-01 14:14:00,GDRX,8.369999885559082,8.369999885559082,8.375,8.369999885559082,8.375,686.0
2024-03-01 14:14:00,GENE,2.3499999046325684,2.3499999046325684,2.3499999046325684,2.3499999046325684,2.3499999046325684,750.0
2024-03-01 14:14:00,GERN,2.2699999809265137,2.2699999809265137,2.2750000953674316,2.2699999809265137,2.2699999809265137,15715.0
2024-03-01 14:14:00,GH,19.125,19.125,19.1299991607666,19.1200008392334,19.1200008392334,1163.0
2024-03-01 14:14:00,GILD,72.46499633789062,72.46499633789062,72.46499633789062,72.44999694824219,72.44999694824219,3846.0
2024-03-01 14:14:00,GLTO,0.7599999904632568,0.7599999904632568,0.7688000202178955,0.7599999904632568,0.7688000202178955,14896.0
2024-03-01 14:14:00,GLYC,3.0,3.0,3.005000114440918,2.990000009536743,3.0,5163.0
2024-03-01 14:14:00,GMAB,29.455400466918945,29.455400466918945,29.455400466918945,29.455400466918945,29.455400466918945,223.0
2024-03-01 14:14:00,GMDA,0.375450998544693,0.375450998544693,0.3785000145435333,0.3709999918937683,0.3785000145435333,47000.0
2024-03-01 14:14:00,GOSS,1.4385000467300415,1.4385000467300415,1.4385000467300415,1.4385000467300415,1.4385000467300415,3750.0
2024-03-01 14:14:00,GRFS,7.085000038146973,7.085000038146973,7.114999771118164,7.050000190734863,7.099999904632568,61075.0
2024-03-01 14:14:00,GRTS,2.0999999046325684,2.0999999046325684,2.109999895095825,2.0999999046325684,2.109999895095825,14608.0
2024-03-01 14:14:00,GRTX,0.23320099711418152,0.23320099711418152,0.23320099711418152,0.23320099711418152,0.23320099711418152,5008.0
2024-03-01 14:14:00,GTHX,3.799999952316284,3.799999952316284,3.799999952316284,3.7850000858306885,3.7950000762939453,6754.0
2024-03-01 14:14:00,HALO,41.380001068115234,41.380001068115234,41.380001068115234,41.375,41.375,710.0
2024-03-01 14:14:00,HARP,22.9424991607666,22.9424991607666,22.9424991607666,22.9424991607666,22.9424991607666,104.0
2024-03-01 14:14:00,HCAT,8.1899995803833,8.1899995803833,8.1899995803833,8.180000305175781,8.180000305175781,2958.0
2024-03-01 14:14:00,HCM,15.149999618530273,15.149999618530273,15.15999984741211,15.149999618530273,15.15999984741211,200.0
2024-03-01 14:14:00,HCTI,2.3048999309539795,2.3048999309539795,2.3048999309539795,2.3048999309539795,2.3048999309539795,190.0
2024-03-01 14:14:00,HLTH,0.2696000039577484,0.2696000039577484,0.2713499963283539,0.2680000066757202,0.2680000066757202,7506.0
2024-03-01 14:14:00,HLVX,19.0,19.0,19.059999465942383,18.93000030517578,18.969999313354492,13833.0
2024-03-01 14:14:00,HOLX,74.3499984741211,74.3499984741211,74.36000061035156,74.3499984741211,74.36000061035156,1816.0
2024-03-01 14:14:00,HOWL,7.0,7.0,7.039999961853027,6.980000019073486,7.039999961853027,840.0
2024-03-01 14:14:00,HQY,81.51000213623047,81.51000213623047,81.51000213623047,81.51000213623047,81.51000213623047,282.0
2024-03-01 14:14:00,HRMY,31.75,31.75,31.75,31.71500015258789,31.71500015258789,905.0
2024-03-01 14:14:00,HSCS,0.11749999970197678,0.11749999970197678,0.11749999970197678,0.11749999970197678,0.11749999970197678,2229.0
2024-03-01 14:14:00,HSIC,76.81500244140625,76.81500244140625,76.81500244140625,76.81500244140625,76.81500244140625,158.0
2024-03-01 14:14:00,HUMA,3.2699999809265137,3.2699999809265137,3.2750000953674316,3.2699999809265137,3.2750000953674316,1527.0
2024-03-01 14:14:00,IART,36.3650016784668,36.3650016784668,36.3650016784668,36.3650016784668,36.3650016784668,1140.0
2024-03-01 14:14:00,IBRX,4.885000228881836,4.885000228881836,4.885000228881836,4.875,4.875,4446.0
2024-03-01 14:14:00,ICCM,1.309999942779541,1.309999942779541,1.309999942779541,1.309999942779541,1.309999942779541,100.0
2024-03-01 14:14:00,ICLR,323.57501220703125,323.57501220703125,323.57501220703125,323.57501220703125,323.57501220703125,434.0
2024-03-01 14:14:00,ICUI,106.02999877929688,106.02999877929688,106.06500244140625,105.9800033569336,106.0,2272.0
2024-03-01 14:14:00,IDXX,578.77001953125,578.77001953125,578.77001953125,578.77001953125,578.77001953125,487.0
2024-03-01 14:14:00,IDYA,46.900001525878906,46.900001525878906,46.93000030517578,46.869998931884766,46.869998931884766,2307.0
2024-03-01 14:14:00,IKNA,1.4900000095367432,1.4900000095367432,1.5,1.4850000143051147,1.4850000143051147,1099.0
2024-03-01 14:14:00,IKT,2.119999885559082,2.119999885559082,2.140000104904175,2.119999885559082,2.140000104904175,3310.0
2024-03-01 14:14:00,ILMN,142.18499755859375,142.18499755859375,142.18499755859375,142.1300048828125,142.1649932861328,645.0
2024-03-01 14:14:00,IMAB,1.8193000555038452,1.8193000555038452,1.8193000555038452,1.8193000555038452,1.8193000555038452,255.0
2024-03-01 14:14:00,IMCC,0.3400000035762787,0.3400000035762787,0.3400000035762787,0.3400000035762787,0.3400000035762787,1544.0
2024-03-01 14:14:00,IMTX,12.805000305175781,12.805000305175781,12.819999694824219,12.805000305175781,12.819999694824219,402.0
2024-03-01 14:14:00,IMUX,1.4700000286102295,1.4700000286102295,1.4700000286102295,1.4700000286102295,1.4700000286102295,406.0
2024-03-01 14:14:00,IMVT,35.915000915527344,35.915000915527344,35.915000915527344,35.89500045776367,35.900001525878906,2530.0
2024-03-01 14:14:00,INBX,36.59000015258789,36.59000015258789,36.599998474121094,36.59000015258789,36.599998474121094,1910.0
2024-03-01 14:14:00,INCY,59.51300048828125,59.51300048828125,59.52000045776367,59.5099983215332,59.52000045776367,1447.0
2024-03-01 14:14:00,INGN,6.769999980926514,6.769999980926514,6.769999980926514,6.769999980926514,6.769999980926514,178.0
2024-03-01 14:14:00,INMB,12.21500015258789,12.21500015258789,12.289999961853027,12.21500015258789,12.270000457763672,876.0
2024-03-01 14:14:00,INMD,22.8700008392334,22.8700008392334,22.8700008392334,22.864999771118164,22.864999771118164,1179.0
2024-03-01 14:14:00,INO,9.68589973449707,9.68589973449707,9.68589973449707,9.670000076293945,9.670000076293945,731.0
2024-03-01 14:14:00,INSM,28.25,28.25,28.25,28.25,28.25,1349.0
2024-03-01 14:14:00,INVA,15.5,15.5,15.505000114440918,15.5,15.505000114440918,726.0
2024-03-01 14:14:00,IOBT,1.809999942779541,1.809999942779541,1.809999942779541,1.809999942779541,1.809999942779541,522.0
2024-03-01 14:14:00,IONS,46.0,46.0,46.0,46.0,46.0,665.0
2024-03-01 14:14:00,IOVA,16.950199127197266,16.950199127197266,16.969999313354492,16.934999465942383,16.96500015258789,29408.0
2024-03-01 14:14:00,IRTC,120.94000244140625,120.94000244140625,120.94000244140625,120.94000244140625,120.94000244140625,250.0
2024-03-01 14:14:00,IRWD,9.045000076293945,9.045000076293945,9.067500114440918,9.045000076293945,9.067500114440918,22453.0
2024-03-01 14:14:00,ISRG,397.8900146484375,397.8900146484375,397.9200134277344,397.7300109863281,397.8240051269531,3703.0
2024-03-01 14:14:00,ITCI,72.19000244140625,72.19000244140625,72.19000244140625,72.0999984741211,72.12999725341797,2574.0
2024-03-01 14:14:00,ITRM,1.2899999618530273,1.2899999618530273,1.2899999618530273,1.2899999618530273,1.2899999618530273,200.0
2024-03-01 14:14:00,IXHL,5.480000019073486,5.480000019073486,5.480000019073486,5.480000019073486,5.480000019073486,101.0
2024-03-01 14:14:00,JAGX,0.07959999889135361,0.07959999889135361,0.07989999651908875,0.07819999754428864,0.07880000025033951,487238.0
2024-03-01 14:14:00,JANX,46.17499923706055,46.17499923706055,46.17499923706055,46.17499923706055,46.17499923706055,229.0
2024-03-01 14:14:00,JSPR,21.239999771118164,21.239999771118164,21.239999771118164,21.239999771118164,21.239999771118164,238.0
2024-03-01 14:14:00,KALV,14.145000457763672,14.145000457763672,14.145000457763672,14.145000457763672,14.145000457763672,139.0
2024-03-01 14:14:00,KNSA,21.850000381469727,21.850000381469727,21.850099563598633,21.850000381469727,21.850099563598633,467.0
2024-03-01 14:14:00,KNTE,2.5999999046325684,2.5999999046325684,2.5999999046325684,2.5999999046325684,2.5999999046325684,400.0
2024-03-01 14:14:00,KOD,6.090000152587891,6.090000152587891,6.090000152587891,6.090000152587891,6.090000152587891,153.0
2024-03-01 14:14:00,KPRX,0.6499999761581421,0.6499999761581421,0.6499999761581421,0.6481999754905701,0.6498990058898926,6403.0
2024-03-01 14:14:00,KPTI,1.1749999523162842,1.1749999523162842,1.1799999475479126,1.1699999570846558,1.1749999523162842,1970.0
2024-03-01 14:14:00,KRMD,2.130000114440918,2.130000114440918,2.130000114440918,2.130000114440918,2.130000114440918,100.0
2024-03-01 14:14:00,KRTX,316.7900085449219,316.7900085449219,316.79998779296875,316.75,316.75,1689.0
2024-03-01 14:14:00,KTRA,0.1023000031709671,0.1023000031709671,0.1023000031709671,0.1023000031709671,0.1023000031709671,7108.0
2024-03-01 14:14:00,KYMR,43.94499969482422,43.94499969482422,43.970001220703125,43.935001373291016,43.95000076293945,926.0
2024-03-01 14:14:00,KZR,1.0850000381469727,1.0850000381469727,1.090000033378601,1.0850000381469727,1.090000033378601,300.0
2024-03-01 14:14:00,LAB,2.4700000286102295,2.4700000286102295,2.4700000286102295,2.4649999141693115,2.4649999141693115,911.0
2024-03-01 14:14:00,LFMD,7.900000095367432,7.900000095367432,7.900000095367432,7.900000095367432,7.900000095367432,203.0
2024-03-01 14:14:00,LFST,7.730000019073486,7.730000019073486,7.730000019073486,7.71999979019165,7.724999904632568,9272.0
2024-03-01 14:14:00,LIVN,55.81999969482422,55.81999969482422,55.849998474121094,55.810001373291016,55.849998474121094,1043.0
2024-03-01 14:14:00,LMAT,68.0999984741211,68.0999984741211,68.0999984741211,68.0999984741211,68.0999984741211,373.0
2024-03-01 14:14:00,LPTX,2.9200000762939453,2.9200000762939453,2.9200000762939453,2.9200000762939453,2.9200000762939453,299.0
2024-03-01 14:14:00,LQDA,14.699999809265137,14.699999809265137,14.699999809265137,14.6899995803833,14.6899995803833,1235.0
2024-03-01 14:14:00,LUCD,1.2400000095367432,1.2400000095367432,1.2400000095367432,1.2400000095367432,1.2400000095367432,1201.0
2024-03-01 14:14:00,LUNG,9.489999771118164,9.489999771118164,9.489999771118164,9.444999694824219,9.444999694824219,21081.0
2024-03-01 14:14:00,LVTX,2.759999990463257,2.759999990463257,2.759999990463257,2.740000009536743,2.740000009536743,431.0
2024-03-01 14:14:00,LXRX,2.5,2.5,2.505000114440918,2.5,2.5,3090.0
2024-03-01 14:14:00,LYEL,3.140000104904175,3.140000104904175,3.1449999809265137,3.140000104904175,3.1449999809265137,274.0
2024-03-01 14:14:00,LYRA,5.619999885559082,5.619999885559082,5.619999885559082,5.599999904632568,5.599999904632568,200.0
2024-03-01 14:14:00,MCRB,1.2239999771118164,1.2239999771118164,1.2239999771118164,1.2201000452041626,1.2201000452041626,2960.0
2024-03-01 14:14:00,MDGL,251.1999969482422,251.1999969482422,251.1999969482422,251.1999969482422,251.1999969482422,338.0
2024-03-01 14:14:00,MDRX,6.010000228881836,6.010000228881836,6.050000190734863,5.949999809265137,5.949999809265137,109216.0
2024-03-01 14:14:00,MDXG,8.640000343322754,8.640000343322754,8.640000343322754,8.635000228881836,8.635000228881836,635.0
2024-03-01 14:14:00,ME,0.5601000189781189,0.5601000189781189,0.5601000189781189,0.5601000189781189,0.5601000189781189,1100.0
2024-03-01 14:14:00,MEDP,400.5799865722656,400.5799865722656,400.8999938964844,400.4800109863281,400.8999938964844,772.0
2024-03-01 14:14:00,MGNX,19.225000381469727,19.225000381469727,19.229999542236328,19.219999313354492,19.219999313354492,61314.0
2024-03-01 14:14:00,MIST,1.7395000457763672,1.7395000457763672,1.7395000457763672,1.7395000457763672,1.7395000457763672,520.0
2024-03-01 14:14:00,MLTX,50.869998931884766,50.869998931884766,50.869998931884766,50.84000015258789,50.869998931884766,831.0
2024-03-01 14:14:00,MMSI,76.23999786376953,76.23999786376953,76.41000366210938,76.23999786376953,76.41000366210938,238.0
2024-03-01 14:14:00,MNKD,4.525000095367432,4.525000095367432,4.53000020980835,4.519999980926514,4.525000095367432,2232.0
2024-03-01 14:14:00,MNMD,6.2281999588012695,6.2281999588012695,6.2281999588012695,6.21999979019165,6.21999979019165,792.0
2024-03-01 14:14:00,MOR,17.549999237060547,17.549999237060547,17.549999237060547,17.549999237060547,17.549999237060547,200.0
2024-03-01 14:14:00,MORF,39.5099983215332,39.5099983215332,39.5099983215332,39.5099983215332,39.5099983215332,862.0
2024-03-01 14:14:00,MRAI,1.6299999952316284,1.6299999952316284,1.6299999952316284,1.6299999952316284,1.6299999952316284,3902.0
2024-03-01 14:14:00,MRNA,95.27999877929688,95.27999877929688,95.30500030517578,95.19999694824219,95.26000213623047,5590.0
2024-03-01 14:14:00,MRNS,10.460000038146973,10.460000038146973,10.460000038146973,10.44480037689209,10.44480037689209,1326.0
2024-03-01 14:14:00,MRSN,5.998799800872803,5.998799800872803,6.0,5.985000133514404,5.985000133514404,2444.0
2024-03-01 14:14:00,MRUS,51.15999984741211,51.15999984741211,51.209999084472656,51.13999938964844,51.150001525878906,1886.0
2024-03-01 14:14:00,MRVI,7.769999980926514,7.769999980926514,7.769999980926514,7.764999866485596,7.769999980926514,2106.0
2024-03-01 14:14:00,MYGN,22.114999771118164,22.114999771118164,22.135000228881836,22.079999923706055,22.135000228881836,3065.0
2024-03-01 14:14:00,NARI,45.92499923706055,45.92499923706055,45.9900016784668,45.67499923706055,45.72999954223633,9976.0
2024-03-01 14:14:00,NAUT,2.609999895095825,2.609999895095825,2.609999895095825,2.609999895095825,2.609999895095825,183.0
2024-03-01 14:14:00,NBIX,131.84500122070312,131.84500122070312,131.8699951171875,131.84500122070312,131.8699951171875,547.0
2024-03-01 14:14:00,NEO,16.09000015258789,16.09000015258789,16.100000381469727,16.059999465942383,16.059999465942383,2365.0
2024-03-01 14:14:00,NEOG,17.415000915527344,17.415000915527344,17.415000915527344,17.415000915527344,17.415000915527344,286.0
2024-03-01 14:14:00,NEXI,6.409999847412109,6.409999847412109,6.409999847412109,6.409999847412109,6.409999847412109,935.0
2024-03-01 14:14:00,NGM,1.5199999809265137,1.5199999809265137,1.524999976158142,1.5199999809265137,1.5199999809265137,2710.0
2024-03-01 14:14:00,NKTR,0.7800999879837036,0.7800999879837036,0.7800999879837036,0.7800999879837036,0.7800999879837036,1720.0
2024-03-01 14:14:00,NNOX,10.920000076293945,10.920000076293945,10.920000076293945,10.910200119018555,10.910200119018555,1958.0
2024-03-01 14:14:00,NOTV,8.119999885559082,8.119999885559082,8.119999885559082,8.119999885559082,8.119999885559082,202.0
2024-03-01 14:14:00,NPCE,16.350000381469727,16.350000381469727,16.350000381469727,16.200000762939453,16.200000762939453,381.0
2024-03-01 14:14:00,NRBO,6.269999980926514,6.269999980926514,6.269999980926514,6.139999866485596,6.139999866485596,13440.0
2024-03-01 14:14:00,NRIX,13.569999694824219,13.569999694824219,13.609999656677246,13.569999694824219,13.609999656677246,401.0
2024-03-01 14:14:00,NRXP,0.4262000024318695,0.4262000024318695,0.4262000024318695,0.4262000024318695,0.4262000024318695,271.0
2024-03-01 14:14:00,NTLA,33.5,33.5,33.5,33.45669937133789,33.459999084472656,4098.0
2024-03-01 14:14:00,NTRA,89.43499755859375,89.43499755859375,89.43499755859375,89.17500305175781,89.19999694824219,8493.0
2024-03-01 14:14:00,NUWE,0.5800999999046326,0.5800999999046326,0.5800999999046326,0.5800999999046326,0.5800999999046326,356.0
2024-03-01 14:14:00,NVAX,5.263999938964844,5.263999938964844,5.269999980926514,5.260000228881836,5.260000228881836,23642.0
2024-03-01 14:14:00,NVCR,15.979999542236328,15.979999542236328,15.979999542236328,15.970000267028809,15.970000267028809,1401.0
2024-03-01 14:14:00,NVOS,0.6301000118255615,0.6301000118255615,0.6301000118255615,0.6299999952316284,0.6299999952316284,1315.0
2024-03-01 14:14:00,NXTC,1.8964999914169312,1.8964999914169312,1.8964999914169312,1.8600000143051147,1.8899999856948853,10102.0
2024-03-01 14:14:00,OCGN,0.9562000036239624,0.9562000036239624,0.9562000036239624,0.9562000036239624,0.9562000036239624,614.0
2024-03-01 14:14:00,OCUL,10.704999923706055,10.704999923706055,10.71500015258789,10.699999809265137,10.699999809265137,1755.0
2024-03-01 14:14:00,OGI,2.174999952316284,2.174999952316284,2.174999952316284,2.174999952316284,2.174999952316284,380.0
2024-03-01 14:14:00,OLK,22.889999389648438,22.889999389648438,22.889999389648438,22.889999389648438,22.889999389648438,100.0
2024-03-01 14:14:00,OLMA,14.899999618530273,14.899999618530273,14.899999618530273,14.869999885559082,14.869999885559082,493.0
2024-03-01 14:14:00,OM,3.174999952316284,3.174999952316284,3.174999952316284,3.1549999713897705,3.1549999713897705,7564.0
2024-03-01 14:14:00,OMCL,26.334999084472656,26.334999084472656,26.349000930786133,26.334999084472656,26.334999084472656,791.0
2024-03-01 14:14:00,OMGA,4.394999980926514,4.394999980926514,4.394999980926514,4.394999980926514,4.394999980926514,232.0
2024-03-01 14:14:00,ONCY,1.159999966621399,1.159999966621399,1.159999966621399,1.159999966621399,1.159999966621399,2000.0
2024-03-01 14:15:00,AADI,1.9900000095367432,1.9900000095367432,1.9900000095367432,1.9900000095367432,1.9900000095367432,125.0
2024-03-01 14:15:00,ABCL,5.164999961853027,5.164999961853027,5.164999961853027,5.159999847412109,5.159999847412109,280.0
2024-03-01 14:15:00,ABEO,7.789999961853027,7.789999961853027,7.789999961853027,7.789999961853027,7.789999961853027,213.0
2024-03-01 14:15:00,ABOS,4.610000133514404,4.610000133514404,4.610000133514404,4.610000133514404,4.610000133514404,200.0
2024-03-01 14:15:00,ABSI,5.389999866485596,5.389999866485596,5.40500020980835,5.380000114440918,5.4008002281188965,12981.0
2024-03-01 14:15:00,ACAD,24.225000381469727,24.225000381469727,24.234600067138672,24.225000381469727,24.234600067138672,478.0
2024-03-01 14:15:00,ACB,3.184999942779541,3.184999942779541,3.19950008392334,3.184999942779541,3.19950008392334,1810.0
2024-03-01 14:15:00,ACCD,10.100000381469727,10.100000381469727,10.100000381469727,10.100000381469727,10.100000381469727,995.0
2024-03-01 14:15:00,ACET,2.4000000953674316,2.4000000953674316,2.4000000953674316,2.4000000953674316,2.4000000953674316,210.0
2024-03-01 14:15:00,ACHC,84.37000274658203,84.37000274658203,84.37000274658203,84.37000274658203,84.37000274658203,137.0
2024-03-01 14:15:00,ACHL,1.3700000047683716,1.3700000047683716,1.3700000047683716,1.3680000305175781,1.3680000305175781,3100.0
2024-03-01 14:15:00,ACLX,68.52999877929688,68.52999877929688,68.52999877929688,68.52999877929688,68.52999877929688,100.0
2024-03-01 14:15:00,ACON,0.4000000059604645,0.4000000059604645,0.4000000059604645,0.4000000059604645,0.4000000059604645,500.0
2024-03-01 14:15:00,ACRS,1.2400000095367432,1.2400000095367432,1.2400000095367432,1.2400000095367432,1.2400000095367432,520.0
2024-03-01 14:15:00,ACXP,3.0299999713897705,3.0299999713897705,3.0299999713897705,3.0299999713897705,3.0299999713897705,119.0
2024-03-01 14:15:00,ADAP,1.5846999883651733,1.5846999883651733,1.5846999883651733,1.5846999883651733,1.5846999883651733,4000.0
2024-03-01 14:15:00,ADIL,3.4800000190734863,3.4800000190734863,3.559999942779541,3.450000047683716,3.549999952316284,127389.0
2024-03-01 14:15:00,ADMA,5.550000190734863,5.550000190734863,5.554999828338623,5.550000190734863,5.554999828338623,2805.0
2024-03-01 14:15:00,ADPT,4.105000019073486,4.105000019073486,4.105000019073486,4.105000019073486,4.105000019073486,341.0
2024-03-01 14:15:00,ADVM,1.9700000286102295,1.9700000286102295,1.9800000190734863,1.9700000286102295,1.9800000190734863,200.0
2024-03-01 14:15:00,AFMD,0.6800000071525574,0.6800000071525574,0.6899999976158142,0.6700999736785889,0.6702010035514832,30569.0
2024-03-01 14:15:00,AGEN,0.6712999939918518,0.6712999939918518,0.6712999939918518,0.6711999773979187,0.6712999939918518,79727.0
2024-03-01 14:15:00,AGIO,32.72999954223633,32.72999954223633,32.75,32.72999954223633,32.75,796.0
2024-03-01 14:15:00,AHCO,10.5649995803833,10.5649995803833,10.5649995803833,10.5649995803833,10.5649995803833,1241.0
2024-03-01 14:15:00,AKAN,0.20999999344348907,0.20999999344348907,0.20999999344348907,0.20999999344348907,0.20999999344348907,220.0
2024-03-01 14:15:00,AKBA,1.690000057220459,1.690000057220459,1.690000057220459,1.684999942779541,1.684999942779541,79395.0
2024-03-01 14:15:00,AKLI,0.35499998927116394,0.35499998927116394,0.35510000586509705,0.35499998927116394,0.35499998927116394,1639.0
2024-03-01 14:15:00,AKRO,29.520000457763672,29.520000457763672,29.524999618530273,29.4950008392334,29.524999618530273,845.0
2024-03-01 14:15:00,ALDX,4.320000171661377,4.320000171661377,4.320000171661377,4.320000171661377,4.320000171661377,3704.0
2024-03-01 14:15:00,ALEC,7.485000133514404,7.485000133514404,7.489999771118164,7.46999979019165,7.46999979019165,1471.0
2024-03-01 14:15:00,ALGN,302.7900085449219,302.7900085449219,302.7900085449219,302.7099914550781,302.7099914550781,1036.0
2024-03-01 14:15:00,ALGS,1.090000033378601,1.090000033378601,1.090000033378601,1.090000033378601,1.090000033378601,750.0
2024-03-01 14:15:00,ALHC,5.650000095367432,5.650000095367432,5.659999847412109,5.650000095367432,5.650000095367432,2139.0
2024-03-01 14:15:00,ALKS,30.235000610351562,30.235000610351562,30.235000610351562,30.235000610351562,30.235000610351562,372.0
2024-03-01 14:15:00,ALLK,1.6799999475479126,1.6799999475479126,1.6799999475479126,1.6799999475479126,1.6799999475479126,200.0
2024-03-01 14:15:00,ALLO,5.019999980926514,5.019999980926514,5.029900074005127,5.019999980926514,5.029900074005127,2146.0
2024-03-01 14:15:00,ALNY,153.44000244140625,153.44000244140625,153.44000244140625,153.44000244140625,153.44000244140625,251.0
2024-03-01 14:15:00,ALPN,36.0,36.0,36.0099983215332,35.9900016784668,35.9900016784668,1509.0
2024-03-01 14:15:00,ALRN,4.987299919128418,4.987299919128418,4.987299919128418,4.987299919128418,4.987299919128418,150.0
2024-03-01 14:15:00,ALT,12.130000114440918,12.130000114440918,12.170000076293945,12.130000114440918,12.170000076293945,6998.0
2024-03-01 14:15:00,ALVO,15.620100021362305,15.620100021362305,15.620100021362305,15.619999885559082,15.619999885559082,1343.0
2024-03-01 14:15:00,ALVR,0.7544999718666077,0.7544999718666077,0.7544999718666077,0.7544999718666077,0.7544999718666077,299.0
2024-03-01 14:15:00,AMGN,281.010009765625,281.010009765625,281.010009765625,280.94000244140625,280.9549865722656,3392.0
2024-03-01 14:15:00,AMLX,18.690000534057617,18.690000534057617,18.690000534057617,18.670000076293945,18.670000076293945,1678.0
2024-03-01 14:15:00,AMPH,45.512001037597656,45.512001037597656,45.512001037597656,45.512001037597656,45.512001037597656,470.0
2024-03-01 14:15:00,AMRN,1.0549999475479126,1.0549999475479126,1.0549999475479126,1.0499999523162842,1.0549999475479126,1194.0
2024-03-01 14:15:00,ANAB,25.3799991607666,25.3799991607666,25.3799991607666,25.3799991607666,25.3799991607666,119.0
2024-03-01 14:15:00,ANGO,5.514999866485596,5.514999866485596,5.514999866485596,5.514999866485596,5.514999866485596,390.0
2024-03-01 14:15:00,ANNX,6.090000152587891,6.090000152587891,6.090000152587891,6.050000190734863,6.050000190734863,5984.0
2024-03-01 14:15:00,ANTX,3.0299999713897705,3.0299999713897705,3.0299999713897705,3.0250000953674316,3.0299999713897705,509.0
2024-03-01 14:15:00,APLS,64.94000244140625,64.94000244140625,64.95999908447266,64.91999816894531,64.95999908447266,4894.0
2024-03-01 14:15:00,APLT,7.139999866485596,7.139999866485596,7.139999866485596,7.130300045013428,7.130300045013428,1731.0
2024-03-01 14:15:00,APRE,8.485699653625488,8.485699653625488,8.485699653625488,8.485699653625488,8.485699653625488,1458.0
2024-03-01 14:15:00,AQST,4.170000076293945,4.170000076293945,4.170000076293945,4.170000076293945,4.170000076293945,958.0
2024-03-01 14:15:00,ARAY,2.640000104904175,2.640000104904175,2.640000104904175,2.640000104904175,2.640000104904175,344.0
2024-03-01 14:15:00,ARDX,9.492500305175781,9.492500305175781,9.5,9.489999771118164,9.5,6623.0
2024-03-01 14:15:00,ARGX,393.1050109863281,393.1050109863281,393.1050109863281,393.1000061035156,393.1000061035156,449.0
2024-03-01 14:15:00,ARQT,11.600000381469727,11.600000381469727,11.609999656677246,11.600000381469727,11.600000381469727,4254.0
2024-03-01 14:15:00,ARVN,48.79999923706055,48.79999923706055,48.79999923706055,48.65999984741211,48.709999084472656,1108.0
2024-03-01 14:15:00,ARWR,35.720001220703125,35.720001220703125,35.720001220703125,35.685001373291016,35.685001373291016,1082.0
2024-03-01 14:15:00,ASLN,0.7410989999771118,0.7410989999771118,0.7410989999771118,0.7410989999771118,0.7410989999771118,102.0
2024-03-01 14:15:00,ASND,152.77999877929688,152.77999877929688,152.77999877929688,152.77999877929688,152.77999877929688,437.0
2024-03-01 14:15:00,ASRT,0.9045000076293945,0.9045000076293945,0.9045000076293945,0.9045000076293945,0.9045000076293945,100.0
2024-03-01 14:15:00,ATAI,2.1600000858306885,2.1600000858306885,2.168600082397461,2.1549999713897705,2.168600082397461,8749.0
2024-03-01 14:15:00,ATEC,13.46500015258789,13.46500015258789,13.46500015258789,13.454999923706055,13.454999923706055,5517.0
2024-03-01 14:15:00,ATOS,1.0099999904632568,1.0099999904632568,1.0099999904632568,1.0099999904632568,1.0099999904632568,115.0
2024-03-01 14:15:00,ATRA,0.7894999980926514,0.7894999980926514,0.7900000214576721,0.7894999980926514,0.7900000214576721,1645.0
2024-03-01 14:15:00,ATRC,35.869998931884766,35.869998931884766,35.88999938964844,35.869998931884766,35.88999938964844,332.0
2024-03-01 14:15:00,ATXS,14.699999809265137,14.699999809265137,14.699999809265137,14.699999809265137,14.699999809265137,525.0
2024-03-01 14:15:00,AUGX,4.53000020980835,4.53000020980835,4.539999961853027,4.525000095367432,4.539999961853027,6399.0
2024-03-01 14:15:00,AUPH,5.824999809265137,5.824999809265137,5.824999809265137,5.824999809265137,5.824999809265137,627.0
2024-03-01 14:15:00,AURA,9.329999923706055,9.329999923706055,9.34000015258789,9.329999923706055,9.34000015258789,703.0
2024-03-01 14:15:00,AUTL,6.369999885559082,6.369999885559082,6.380000114440918,6.369999885559082,6.369999885559082,1723.0
2024-03-01 14:15:00,AVDL,13.199999809265137,13.199999809265137,13.202500343322754,13.199999809265137,13.202500343322754,3333.0
2024-03-01 14:15:00,AXNX,67.5199966430664,67.5199966430664,67.5199966430664,67.5,67.5,6473.0
2024-03-01 14:15:00,AXSM,82.30999755859375,82.30999755859375,82.30999755859375,82.30999755859375,82.30999755859375,157.0
2024-03-01 14:15:00,AZN,64.71499633789062,64.71499633789062,64.7249984741211,64.71499633789062,64.72000122070312,15408.0
2024-03-01 14:15:00,BBIO,36.0099983215332,36.0099983215332,36.0099983215332,35.970001220703125,35.970001220703125,676.0
2024-03-01 14:15:00,BBLG,2.5299999713897705,2.5299999713897705,2.5299999713897705,2.4175000190734863,2.4175000190734863,15501.0
2024-03-01 14:15:00,BCAB,2.700000047683716,2.700000047683716,2.700000047683716,2.690000057220459,2.700000047683716,1631.0
2024-03-01 14:15:00,BCEL,0.26764899492263794,0.26764899492263794,0.26764899492263794,0.26764899492263794,0.26764899492263794,500.0
2024-03-01 14:15:00,BCRX,5.71999979019165,5.71999979019165,5.71999979019165,5.71999979019165,5.71999979019165,585.0
2024-03-01 14:15:00,BDTX,4.875,4.875,4.875,4.875,4.875,173.0
2024-03-01 14:15:00,BEAM,40.0099983215332,40.0099983215332,40.09000015258789,39.9900016784668,40.09000015258789,1606.0
2024-03-01 14:15:00,BGXX,0.2596000134944916,0.2596000134944916,0.2596000134944916,0.2596000134944916,0.2596000134944916,300.0
2024-03-01 14:15:00,BIIB,221.80999755859375,221.80999755859375,221.82000732421875,221.75,221.82000732421875,1197.0
2024-03-01 14:15:00,BIOL,0.14640000462532043,0.14640000462532043,0.14640000462532043,0.14589999616146088,0.14589999616146088,12806.0
2024-03-01 14:15:00,BIOR,1.0994999408721924,1.0994999408721924,1.0994999408721924,1.0994999408721924,1.0994999408721924,211.0
2024-03-01 14:15:00,BIVI,1.9800000190734863,1.9800000190734863,1.9900000095367432,1.9600000381469727,1.9819999933242798,72256.0
2024-03-01 14:15:00,BLFS,18.260000228881836,18.260000228881836,18.274999618530273,18.25,18.274999618530273,2560.0
2024-03-01 14:15:00,BLRX,1.3700000047683716,1.3700000047683716,1.3799999952316284,1.3700000047683716,1.3799999952316284,4732.0
2024-03-01 14:15:00,BLUE,1.6100000143051147,1.6100000143051147,1.6100000143051147,1.600600004196167,1.600600004196167,5767.0
2024-03-01 14:15:00,BMEA,18.389999389648438,18.389999389648438,18.389999389648438,18.3799991607666,18.3799991607666,621.0
2024-03-01 14:15:00,BMRN,88.02999877929688,88.02999877929688,88.02999877929688,88.00499725341797,88.00499725341797,2065.0
2024-03-01 14:15:00,BNGO,1.2649999856948853,1.2649999856948853,1.2649999856948853,1.2649999856948853,1.2649999856948853,332.0
2024-03-01 14:15:00,BNTX,91.21499633789062,91.21499633789062,91.25,91.1500015258789,91.19499969482422,4047.0
2024-03-01 14:15:00,BPMC,97.0,97.0,97.0,96.8949966430664,96.8949966430664,236.0
2024-03-01 14:15:00,BRKR,88.41000366210938,88.41000366210938,88.41000366210938,88.41000366210938,88.41000366210938,131.0
2024-03-01 14:15:00,BRTX,1.5099999904632568,1.5099999904632568,1.5099999904632568,1.5099999904632568,1.5099999904632568,611.0
2024-03-01 14:15:00,BTAI,3.184999942779541,3.184999942779541,3.184999942779541,3.184999942779541,3.184999942779541,187.0
2024-03-01 14:15:00,BVS,4.730000019073486,4.730000019073486,4.730000019073486,4.730000019073486,4.730000019073486,425.0
2024-03-01 14:15:00,CABA,24.0,24.0,24.0,23.915000915527344,23.950000762939453,451.0
2024-03-01 14:15:00,CARA,0.9399999976158142,0.9399999976158142,0.9399999976158142,0.9398990273475647,0.9398990273475647,1220.0
2024-03-01 14:15:00,CBAY,32.224998474121094,32.224998474121094,32.22999954223633,32.220001220703125,32.22999954223633,4210.0
2024-03-01 14:15:00,CCCC,11.005000114440918,11.005000114440918,11.015000343322754,11.005000114440918,11.010000228881836,7719.0
2024-03-01 14:15:00,CDMO,8.125,8.125,8.125,8.125,8.125,687.0
2024-03-01 14:15:00,CDNA,12.604999542236328,12.604999542236328,12.619999885559082,12.600000381469727,12.600000381469727,3450.0
2024-03-01 14:15:00,CDXS,4.570000171661377,4.570000171661377,4.570000171661377,4.559999942779541,4.559999942779541,500.0
2024-03-01 14:15:00,CELC,16.760000228881836,16.760000228881836,16.760000228881836,16.760000228881836,16.760000228881836,205.0
2024-03-01 14:15:00,CERS,2.184999942779541,2.184999942779541,2.190000057220459,2.184999942779541,2.190000057220459,2070.0
2024-03-01 14:15:00,CHRS,2.4149999618530273,2.4149999618530273,2.4149999618530273,2.4149999618530273,2.4149999618530273,200.0
2024-03-01 14:15:00,CLDX,51.900001525878906,51.900001525878906,52.0099983215332,51.900001525878906,51.97999954223633,2259.0
2024-03-01 14:15:00,CLOV,0.8632000088691711,0.8632000088691711,0.8636000156402588,0.863099992275238,0.8636000156402588,33676.0
2024-03-01 14:15:00,CLPT,6.559999942779541,6.559999942779541,6.559999942779541,6.559999942779541,6.559999942779541,100.0
2024-03-01 14:15:00,CLRB,4.099999904632568,4.099999904632568,4.099999904632568,4.090000152587891,4.090000152587891,3469.0
2024-03-01 14:15:00,CMAX,7.599999904632568,7.599999904632568,7.610000133514404,7.599999904632568,7.610000133514404,680.0
2024-03-01 14:15:00,CMPS,11.529999732971191,11.529999732971191,11.539999961853027,11.521599769592285,11.539999961853027,745.0
2024-03-01 14:15:00,CMRX,1.2100000381469727,1.2100000381469727,1.2100000381469727,1.2100000381469727,1.2100000381469727,150.0
2024-03-01 14:15:00,CNSP,0.3248000144958496,0.3248000144958496,0.3248000144958496,0.3248000144958496,0.3248000144958496,101.0
2024-03-01 14:15:00,CNTA,10.930000305175781,10.930000305175781,10.930000305175781,10.930000305175781,10.930000305175781,100.0
2024-03-01 14:15:00,COCP,1.4500000476837158,1.4500000476837158,1.4600000381469727,1.4500000476837158,1.4600000381469727,621.0
2024-03-01 14:15:00,COGT,7.235000133514404,7.235000133514404,7.239999771118164,7.235000133514404,7.235000133514404,4552.0
2024-03-01 14:15:00,COLL,36.654998779296875,36.654998779296875,36.677398681640625,36.654998779296875,36.677398681640625,304.0
2024-03-01 14:15:00,CORT,24.360000610351562,24.360000610351562,24.360000610351562,24.360000610351562,24.360000610351562,166.0
2024-03-01 14:15:00,CPRX,17.270000457763672,17.270000457763672,17.30500030517578,17.270000457763672,17.270000457763672,5731.0
2024-03-01 14:15:00,CPSI,9.5,9.5,9.5,9.5,9.5,181.0
2024-03-01 14:15:00,CRBU,7.900000095367432,7.900000095367432,7.90500020980835,7.900000095367432,7.90500020980835,2699.0
2024-03-01 14:15:00,CRDF,2.609999895095825,2.609999895095825,2.609999895095825,2.440000057220459,2.450000047683716,190421.0
2024-03-01 14:15:00,CRNX,46.58000183105469,46.58000183105469,46.58000183105469,46.540000915527344,46.540000915527344,1451.0
2024-03-01 14:15:00,CRON,2.0450000762939453,2.0450000762939453,2.0450000762939453,2.0399999618530273,2.0450000762939453,3553.0
2024-03-01 14:15:00,CRSP,85.58999633789062,85.58999633789062,85.58999633789062,85.48500061035156,85.5199966430664,1140.0
2024-03-01 14:15:00,CTKB,9.020000457763672,9.020000457763672,9.029999732971191,9.0,9.029999732971191,9801.0
2024-03-01 14:15:00,CTMX,2.559999942779541,2.559999942779541,2.565000057220459,2.5350000858306885,2.5399999618530273,7891.0
2024-03-01 14:15:00,CUE,2.190000057220459,2.190000057220459,2.190000057220459,2.184999942779541,2.184999942779541,572.0
2024-03-01 14:15:00,CUTR,2.4000000953674316,2.4000000953674316,2.4000000953674316,2.3910999298095703,2.4000000953674316,1654.0
2024-03-01 14:15:00,CVAC,3.4600000381469727,3.4600000381469727,3.4649999141693115,3.4600000381469727,3.4600000381469727,621.0
2024-03-01 14:15:00,CVRX,20.56999969482422,20.56999969482422,20.56999969482422,20.56999969482422,20.56999969482422,360.0
2024-03-01 14:15:00,CYTK,73.13500213623047,73.13500213623047,73.13999938964844,73.0999984741211,73.0999984741211,1523.0
2024-03-01 14:15:00,DAWN,17.674999237060547,17.674999237060547,17.674999237060547,17.65999984741211,17.674999237060547,978.0
2024-03-01 14:15:00,DCPH,17.55500030517578,17.55500030517578,17.559999465942383,17.524999618530273,17.524999618530273,4261.0
2024-03-01 14:15:00,DH,8.880000114440918,8.880000114440918,8.890000343322754,8.880000114440918,8.880000114440918,1225.0
2024-03-01 14:15:00,DMTK,0.837598979473114,0.837598979473114,0.8375999927520752,0.8330000042915344,0.8375999927520752,2291.0
2024-03-01 14:15:00,DNLI,21.34000015258789,21.34000015258789,21.360000610351562,21.329999923706055,21.360000610351562,4466.0
2024-03-01 14:15:00,DSGN,2.890000104904175,2.890000104904175,2.890000104904175,2.890000104904175,2.890000104904175,371.0
2024-03-01 14:15:00,DTIL,12.4399995803833,12.4399995803833,12.460000038146973,12.420000076293945,12.420000076293945,5078.0
2024-03-01 14:15:00,DVAX,12.835000038146973,12.835000038146973,12.835000038146973,12.835000038146973,12.835000038146973,363.0
2024-03-01 14:15:00,DXCM,122.125,122.125,122.125,122.05000305175781,122.05500030517578,4349.0
2024-03-01 14:15:00,DYN,29.020000457763672,29.020000457763672,29.020000457763672,28.8700008392334,28.8700008392334,1424.0
2024-03-01 14:15:00,EDIT,10.90999984741211,10.90999984741211,10.920000076293945,10.90999984741211,10.920000076293945,1955.0
2024-03-01 14:15:00,ELEV,5.079999923706055,5.079999923706055,5.079999923706055,5.074999809265137,5.079999923706055,300.0
2024-03-01 14:15:00,EMBC,14.305000305175781,14.305000305175781,14.305000305175781,14.300000190734863,14.300000190734863,662.0
2024-03-01 14:15:00,ENSG,121.83499908447266,121.83499908447266,121.83499908447266,121.83499908447266,121.83499908447266,341.0
2024-03-01 14:15:00,ENVB,1.5399999618530273,1.5399999618530273,1.559999942779541,1.5399999618530273,1.5549999475479126,5638.0
2024-03-01 14:15:00,ESPR,2.559999942779541,2.559999942779541,2.559999942779541,2.555000066757202,2.555000066757202,651.0
2024-03-01 14:15:00,ETNB,12.960000038146973,12.960000038146973,12.960000038146973,12.949999809265137,12.949999809265137,953.0
2024-03-01 14:15:00,ETON,4.510000228881836,4.510000228881836,4.510000228881836,4.510000228881836,4.510000228881836,100.0
2024-03-01 14:15:00,EWTX,17.0049991607666,17.0049991607666,17.0049991607666,17.0049991607666,17.0049991607666,398.0
2024-03-01 14:15:00,EXAI,6.699999809265137,6.699999809265137,6.710000038146973,6.699999809265137,6.699999809265137,3152.0
2024-03-01 14:15:00,EXAS,60.060001373291016,60.060001373291016,60.060001373291016,60.0,60.025001525878906,2702.0
2024-03-01 14:15:00,EXEL,22.450000762939453,22.450000762939453,22.450000762939453,22.440000534057617,22.440000534057617,3826.0
2024-03-01 14:15:00,EYEN,2.360100030899048,2.360100030899048,2.360100030899048,2.360100030899048,2.360100030899048,345.0
2024-03-01 14:15:00,EYPT,27.940000534057617,27.940000534057617,27.940000534057617,27.84000015258789,27.84000015258789,2583.0
2024-03-01 14:15:00,FATE,7.78000020980835,7.78000020980835,7.789999961853027,7.78000020980835,7.789999961853027,1428.0
2024-03-01 14:15:00,FBIO,2.3405001163482666,2.3405001163482666,2.3405001163482666,2.3405001163482666,2.3405001163482666,1084.0
2024-03-01 14:15:00,FDMT,29.450000762939453,29.450000762939453,29.450000762939453,29.450000762939453,29.450000762939453,760.0
2024-03-01 14:15:00,FGEN,1.8700000047683716,1.8700000047683716,1.8700000047683716,1.8700000047683716,1.8700000047683716,1432.0
2024-03-01 14:15:00,FLGT,23.260000228881836,23.260000228881836,23.270000457763672,23.260000228881836,23.270000457763672,1023.0
2024-03-01 14:15:00,FOLD,13.385000228881836,13.385000228881836,13.399999618530273,13.380000114440918,13.395000457763672,6274.0
2024-03-01 14:15:00,FULC,11.0,11.0,11.0,11.0,11.0,100.0
2024-03-01 14:15:00,FUSN,12.270000457763672,12.270000457763672,12.270000457763672,12.260000228881836,12.260000228881836,549.0
2024-03-01 14:15:00,FWBI,8.71500015258789,8.71500015258789,8.779999732971191,8.71500015258789,8.779999732971191,515.0
2024-03-01 14:15:00,GALT,1.975000023841858,1.975000023841858,1.975000023841858,1.9700000286102295,1.9700000286102295,2850.0
2024-03-01 14:15:00,GBIO,2.6201000213623047,2.6201000213623047,2.6201000213623047,2.6201000213623047,2.6201000213623047,2320.0
2024-03-01 14:15:00,GDRX,8.364999771118164,8.364999771118164,8.369999885559082,8.364999771118164,8.369999885559082,2277.0
2024-03-01 14:15:00,GENE,2.359999895095825,2.359999895095825,2.359999895095825,2.359999895095825,2.359999895095825,404.0
2024-03-01 14:15:00,GERN,2.2699999809265137,2.2699999809265137,2.2750000953674316,2.2699999809265137,2.2750000953674316,15173.0
2024-03-01 14:15:00,GH,19.125,19.125,19.125,19.1200008392334,19.125,1228.0
2024-03-01 14:15:00,GILD,72.44999694824219,72.44999694824219,72.4800033569336,72.44499969482422,72.47000122070312,7366.0
2024-03-01 14:15:00,GLPG,35.06999969482422,35.06999969482422,35.06999969482422,35.06999969482422,35.06999969482422,102.0
2024-03-01 14:15:00,GLTO,0.7749999761581421,0.7749999761581421,0.7749999761581421,0.7688000202178955,0.7688000202178955,5501.0
2024-03-01 14:15:00,GMAB,29.458200454711914,29.458200454711914,29.458200454711914,29.440000534057617,29.440000534057617,716.0
2024-03-01 14:15:00,GOSS,1.434999942779541,1.434999942779541,1.434999942779541,1.434999942779541,1.434999942779541,145.0
2024-03-01 14:15:00,GRFS,7.085000038146973,7.085000038146973,7.085000038146973,7.085000038146973,7.085000038146973,1498.0
2024-03-01 14:15:00,GRTS,2.0799999237060547,2.0799999237060547,2.1082000732421875,2.0799999237060547,2.1050000190734863,28314.0
2024-03-01 14:15:00,GTHX,3.799999952316284,3.799999952316284,3.799999952316284,3.7950000762939453,3.7987000942230225,2954.0
2024-03-01 14:15:00,HALO,41.400001525878906,41.400001525878906,41.400001525878906,41.375,41.38999938964844,1432.0
2024-03-01 14:15:00,HCAT,8.1899995803833,8.1899995803833,8.1899995803833,8.1899995803833,8.1899995803833,288.0
2024-03-01 14:15:00,HCSG,12.630000114440918,12.630000114440918,12.630000114440918,12.630000114440918,12.630000114440918,123.0
2024-03-01 14:15:00,HCTI,2.259999990463257,2.259999990463257,2.2799999713897705,2.259999990463257,2.2799999713897705,648.0
2024-03-01 14:15:00,HITI,1.75,1.75,1.75,1.75,1.75,202.0
2024-03-01 14:15:00,HLTH,0.2680000066757202,0.2680000066757202,0.2713499963283539,0.2680000066757202,0.2680000066757202,15043.0
2024-03-01 14:15:00,HLVX,19.042499542236328,19.042499542236328,19.06999969482422,19.014999389648438,19.014999389648438,1194.0
2024-03-01 14:15:00,HOLX,74.37000274658203,74.37000274658203,74.375,74.36000061035156,74.36000061035156,960.0
2024-03-01 14:15:00,HOTH,1.2999999523162842,1.2999999523162842,1.2999999523162842,1.2999999523162842,1.2999999523162842,5008.0
2024-03-01 14:15:00,HRMY,31.729999542236328,31.729999542236328,31.729999542236328,31.729999542236328,31.729999542236328,107.0
2024-03-01 14:15:00,HRTX,2.5799999237060547,2.5799999237060547,2.5799999237060547,2.5799999237060547,2.5799999237060547,101.0
2024-03-01 14:15:00,HSIC,76.77999877929688,76.77999877929688,76.81999969482422,76.7699966430664,76.81999969482422,2430.0
2024-03-01 14:15:00,HUMA,3.2799999713897705,3.2799999713897705,3.2799999713897705,3.2699999809265137,3.2750000953674316,1466.0
2024-03-01 14:15:00,IART,36.380001068115234,36.380001068115234,36.41279983520508,36.3650016784668,36.3650016784668,5693.0
2024-03-01 14:15:00,IBRX,4.875,4.875,4.875,4.875,4.875,600.0
2024-03-01 14:15:00,ICLR,323.7349853515625,323.7349853515625,323.7349853515625,323.7349853515625,323.7349853515625,166.0
2024-03-01 14:15:00,IDYA,46.900001525878906,46.900001525878906,46.900001525878906,46.900001525878906,46.900001525878906,402.0
2024-03-01 14:15:00,IFRX,1.7599999904632568,1.7599999904632568,1.7599999904632568,1.7599999904632568,1.7599999904632568,206.0
2024-03-01 14:15:00,IINN,1.6801999807357788,1.6801999807357788,1.6805000305175781,1.6799999475479126,1.6805000305175781,2700.0
2024-03-01 14:15:00,ILMN,142.22000122070312,142.22000122070312,142.22000122070312,142.18499755859375,142.18499755859375,1608.0
2024-03-01 14:15:00,IMAB,1.8200000524520874,1.8200000524520874,1.8200000524520874,1.8200000524520874,1.8200000524520874,700.0
2024-03-01 14:15:00,IMCR,67.98999786376953,67.98999786376953,67.98999786376953,67.98999786376953,67.98999786376953,144.0
2024-03-01 14:15:00,IMMX,3.5299999713897705,3.5299999713897705,3.5299999713897705,3.5299999713897705,3.5299999713897705,125.0
2024-03-01 14:15:00,IMNM,25.3799991607666,25.3799991607666,25.389999389648438,25.233999252319336,25.233999252319336,2703.0
2024-03-01 14:15:00,IMNN,1.0099999904632568,1.0099999904632568,1.0199999809265137,1.0099999904632568,1.0199999809265137,850.0
2024-03-01 14:15:00,IMRX,6.179999828338623,6.179999828338623,6.179999828338623,6.179999828338623,6.179999828338623,203.0
2024-03-01 14:15:00,IMTX,12.90999984741211,12.90999984741211,12.90999984741211,12.819999694824219,12.819999694824219,8372.0
2024-03-01 14:15:00,IMUX,1.4700000286102295,1.4700000286102295,1.4700000286102295,1.4700000286102295,1.4700000286102295,385.0
2024-03-01 14:15:00,IMVT,35.900001525878906,35.900001525878906,35.915000915527344,35.900001525878906,35.915000915527344,659.0
2024-03-01 14:15:00,INAB,1.0800000429153442,1.0800000429153442,1.0800000429153442,1.0800000429153442,1.0800000429153442,151.0
2024-03-01 14:15:00,INBX,36.58700180053711,36.58700180053711,36.599998474121094,36.58700180053711,36.599998474121094,659.0
2024-03-01 14:15:00,INCY,59.540000915527344,59.540000915527344,59.54499816894531,59.5099983215332,59.5099983215332,2432.0
2024-03-01 14:15:00,INGN,6.769999980926514,6.769999980926514,6.769999980926514,6.769999980926514,6.769999980926514,103.0
2024-03-01 14:15:00,INMB,12.25,12.25,12.25,12.25,12.25,133.0
2024-03-01 14:15:00,INMD,22.889999389648438,22.889999389648438,22.8981990814209,22.889999389648438,22.8981990814209,1494.0
2024-03-01 14:15:00,INSM,28.219999313354492,28.219999313354492,28.25,28.219999313354492,28.25,4504.0
2024-03-01 14:15:00,INVA,15.475000381469727,15.475000381469727,15.510000228881836,15.475000381469727,15.505000114440918,3652.0
2024-03-01 14:15:00,IONS,46.0,46.0,46.0,46.0,46.0,401.0
2024-03-01 14:15:00,IOVA,16.959999084472656,16.959999084472656,16.959999084472656,16.94499969482422,16.954999923706055,9219.0
2024-03-01 14:15:00,IPSC,3.990000009536743,3.990000009536743,3.990000009536743,3.990000009536743,3.990000009536743,233.0
2024-03-01 14:15:00,IRMD,41.400001525878906,41.400001525878906,41.5,41.290000915527344,41.349998474121094,1187.0
2024-03-01 14:15:00,IRTC,121.2300033569336,121.2300033569336,121.2300033569336,121.1676025390625,121.1676025390625,1692.0
2024-03-01 14:15:00,IRWD,9.045000076293945,9.045000076293945,9.050000190734863,9.045000076293945,9.045000076293945,4376.0
2024-03-01 14:15:00,ISRG,397.885009765625,397.885009765625,398.0,397.80499267578125,397.80499267578125,3610.0
2024-03-01 14:15:00,ITCI,72.19999694824219,72.19999694824219,72.19999694824219,72.19999694824219,72.19999694824219,354.0
2024-03-01 14:15:00,ITRM,1.2999000549316406,1.2999000549316406,1.2999000549316406,1.2999000549316406,1.2999000549316406,302.0
2024-03-01 14:15:00,IVVD,3.9800000190734863,3.9800000190734863,3.9800000190734863,3.9800000190734863,3.9800000190734863,152.0
2024-03-01 14:15:00,JAGX,0.07980000227689743,0.07980000227689743,0.07985000312328339,0.07930000126361847,0.07970000058412552,506122.0
2024-03-01 14:15:00,JANX,46.11000061035156,46.11000061035156,46.17499923706055,46.11000061035156,46.17499923706055,1263.0
2024-03-01 14:15:00,JAZZ,119.23999786376953,119.23999786376953,119.23999786376953,119.23999786376953,119.23999786376953,487.0
2024-03-01 14:15:00,JYNT,10.020000457763672,10.020000457763672,10.020000457763672,10.020000457763672,10.020000457763672,237.0
2024-03-01 14:15:00,KALV,14.145000457763672,14.145000457763672,14.154999732971191,14.140000343322754,14.140000343322754,933.0
2024-03-01 14:15:00,KNSA,21.889999389648438,21.889999389648438,21.889999389648438,21.8799991607666,21.8799991607666,1279.0
2024-03-01 14:15:00,KNTE,2.5999999046325684,2.5999999046325684,2.5999999046325684,2.5999999046325684,2.5999999046325684,400.0
2024-03-01 14:15:00,KOD,6.090000152587891,6.090000152587891,6.090000152587891,6.090000152587891,6.090000152587891,638.0
2024-03-01 14:15:00,KPRX,0.656000018119812,0.656000018119812,0.656000018119812,0.6488000154495239,0.6488000154495239,400.0
2024-03-01 14:15:00,KPTI,1.1700999736785889,1.1700999736785889,1.1749999523162842,1.1699999570846558,1.1749999523162842,1900.0
2024-03-01 14:15:00,KRON,1.0399999618530273,1.0399999618530273,1.0399999618530273,1.0399999618530273,1.0399999618530273,5017.0
2024-03-01 14:15:00,KROS,70.02999877929688,70.02999877929688,70.02999877929688,70.02999877929688,70.02999877929688,131.0
2024-03-01 14:15:00,KRTX,316.7699890136719,316.7699890136719,316.79998779296875,316.739990234375,316.79998779296875,2419.0
2024-03-01 14:15:00,KRYS,168.9499969482422,168.9499969482422,168.9499969482422,168.9499969482422,168.9499969482422,238.0
2024-03-01 14:15:00,KTRA,0.10249999910593033,0.10249999910593033,0.10249999910593033,0.10199999809265137,0.1023000031709671,23439.0
2024-03-01 14:15:00,KURA,21.860000610351562,21.860000610351562,21.860000610351562,21.860000610351562,21.860000610351562,139.0
2024-03-01 14:15:00,KYMR,43.97999954223633,43.97999954223633,43.97999954223633,43.9375,43.94499969482422,1924.0
2024-03-01 14:15:00,KZR,1.090000033378601,1.090000033378601,1.090000033378601,1.090000033378601,1.090000033378601,202.0
2024-03-01 14:15:00,LAB,2.4700000286102295,2.4700000286102295,2.4700000286102295,2.4700000286102295,2.4700000286102295,423.0
2024-03-01 14:15:00,LBPH,21.93000030517578,21.93000030517578,21.93000030517578,21.860000610351562,21.895000457763672,314.0
2024-03-01 14:15:00,LEGN,65.69000244140625,65.69000244140625,65.69000244140625,65.6500015258789,65.6500015258789,220.0
2024-03-01 14:15:00,LFMD,7.920000076293945,7.920000076293945,7.920000076293945,7.900000095367432,7.900000095367432,1212.0
2024-03-01 14:15:00,LFST,7.724999904632568,7.724999904632568,7.724999904632568,7.724999904632568,7.724999904632568,331.0
2024-03-01 14:15:00,LNTH,64.80750274658203,64.80750274658203,64.86000061035156,64.78500366210938,64.78500366210938,2369.0
2024-03-01 14:15:00,LQDA,14.716300010681152,14.716300010681152,14.716300010681152,14.716300010681152,14.716300010681152,827.0
2024-03-01 14:15:00,LTRN,4.4359002113342285,4.4359002113342285,4.4359002113342285,4.4359002113342285,4.4359002113342285,1521.0
2024-03-01 14:15:00,LUCD,1.2301000356674194,1.2301000356674194,1.2400000095367432,1.2301000356674194,1.2400000095367432,276.0
2024-03-01 14:15:00,LUCY,0.38705000281333923,0.38705000281333923,0.3871000111103058,0.38705000281333923,0.38705000281333923,3301.0
2024-03-01 14:15:00,LUNG,9.5,9.5,9.510000228881836,9.470000267028809,9.5,10221.0
2024-03-01 14:15:00,LVTX,2.740000009536743,2.740000009536743,2.75,2.740000009536743,2.75,458.0
2024-03-01 14:15:00,LXRX,2.5,2.5,2.505000114440918,2.5,2.505000114440918,1703.0
2024-03-01 14:15:00,LYEL,3.140000104904175,3.140000104904175,3.1449999809265137,3.140000104904175,3.1449999809265137,203.0
2024-03-01 14:15:00,MASI,127.66500091552734,127.66500091552734,127.66500091552734,127.66500091552734,127.66500091552734,330.0
2024-03-01 14:15:00,MCRB,1.2200000286102295,1.2200000286102295,1.2300000190734863,1.2200000286102295,1.2201000452041626,4669.0
2024-03-01 14:15:00,MDGL,251.4199981689453,251.4199981689453,251.4199981689453,251.39999389648438,251.39999389648438,2342.0
2024-03-01 14:15:00,MDRX,5.980000019073486,5.980000019073486,6.050000190734863,5.980000019073486,5.980000019073486,8353.0
2024-03-01 14:15:00,MDXG,8.645000457763672,8.645000457763672,8.649999618530273,8.640000343322754,8.640000343322754,1342.0
2024-03-01 14:15:00,ME,0.5607500076293945,0.5607500076293945,0.5607500076293945,0.5606499910354614,0.5606499910354614,2756.0
2024-03-01 14:15:00,MEDP,400.3599853515625,400.3599853515625,401.0,400.3599853515625,400.8999938964844,4600.0
2024-03-01 14:15:00,MGNX,19.209999084472656,19.209999084472656,19.239999771118164,19.18000030517578,19.225000381469727,41618.0
2024-03-01 14:15:00,MIRM,29.729999542236328,29.729999542236328,29.729999542236328,29.729999542236328,29.729999542236328,200.0
2024-03-01 14:15:00,MIST,1.7300000190734863,1.7300000190734863,1.7350000143051147,1.7300000190734863,1.7350000143051147,1098.0
2024-03-01 14:15:00,MLTX,50.849998474121094,50.849998474121094,50.849998474121094,50.81999969482422,50.81999969482422,797.0
2024-03-01 14:15:00,MNKD,4.525000095367432,4.525000095367432,4.53000020980835,4.525000095367432,4.53000020980835,886.0
2024-03-01 14:15:00,MNMD,6.21999979019165,6.21999979019165,6.224999904632568,6.21999979019165,6.224999904632568,1753.0
2024-03-01 14:15:00,MNPR,0.8600000143051147,0.8600000143051147,0.8600000143051147,0.8600000143051147,0.8600000143051147,550.0
2024-03-01 14:15:00,MODD,1.8801000118255615,1.8801000118255615,1.8801000118255615,1.8799999952316284,1.8799999952316284,232.0
2024-03-01 14:15:00,MODV,28.049999237060547,28.049999237060547,28.049999237060547,28.049999237060547,28.049999237060547,162.0
2024-03-01 14:15:00,MOR,17.549999237060547,17.549999237060547,17.549999237060547,17.546499252319336,17.546499252319336,1493.0
2024-03-01 14:15:00,MORF,39.52000045776367,39.52000045776367,39.52000045776367,39.4900016784668,39.4900016784668,878.0
2024-03-01 14:15:00,MREO,3.990000009536743,3.990000009536743,3.990000009536743,3.9798998832702637,3.9800000190734863,3598.0
2024-03-01 14:15:00,MRNA,95.34500122070312,95.34500122070312,95.34500122070312,95.27249908447266,95.30999755859375,3156.0
2024-03-01 14:15:00,MRSN,5.985000133514404,5.985000133514404,6.0,5.980000019073486,6.0,2013.0
2024-03-01 14:15:00,MRUS,51.119998931884766,51.119998931884766,51.209999084472656,51.119998931884766,51.209999084472656,267.0
2024-03-01 14:15:00,MRVI,7.769999980926514,7.769999980926514,7.769999980926514,7.769999980926514,7.769999980926514,2296.0
2024-03-01 14:15:00,MXCT,4.760000228881836,4.760000228881836,4.760000228881836,4.755000114440918,4.755000114440918,1942.0
2024-03-01 14:15:00,MYGN,22.065000534057617,22.065000534057617,22.094999313354492,22.059999465942383,22.094999313354492,748.0
2024-03-01 14:15:00,MYMD,3.4235999584198,3.4235999584198,3.4235999584198,3.4235999584198,3.4235999584198,253.0
2024-03-01 14:15:00,NARI,46.09000015258789,46.09000015258789,46.09000015258789,45.96989822387695,45.96989822387695,8754.0
2024-03-01 14:15:00,NAUT,2.619999885559082,2.619999885559082,2.619999885559082,2.619999885559082,2.619999885559082,562.0
2024-03-01 14:15:00,NBIX,131.6699981689453,131.6699981689453,131.8800048828125,131.6699981689453,131.8800048828125,2673.0
2024-03-01 14:15:00,NCNA,0.33480000495910645,0.33480000495910645,0.33480000495910645,0.33480000495910645,0.33480000495910645,1015.0
2024-03-01 14:15:00,NEO,16.094999313354492,16.094999313354492,16.094999313354492,16.094999313354492,16.094999313354492,537.0
2024-03-01 14:15:00,NEOG,17.415000915527344,17.415000915527344,17.415000915527344,17.415000915527344,17.415000915527344,449.0
2024-03-01 14:15:00,NERV,2.615000009536743,2.615000009536743,2.615000009536743,2.615000009536743,2.615000009536743,130.0
2024-03-01 14:15:00,NGM,1.524999976158142,1.524999976158142,1.524999976158142,1.5199999809265137,1.5199999809265137,1541.0
2024-03-01 14:15:00,NKTX,12.805000305175781,12.805000305175781,12.8100004196167,12.805000305175781,12.8100004196167,417.0
2024-03-01 14:15:00,NNOX,10.914999961853027,10.914999961853027,10.930000305175781,10.914999961853027,10.920100212097168,3153.0
2024-03-01 14:15:00,NOTV,8.109999656677246,8.109999656677246,8.109999656677246,8.109999656677246,8.109999656677246,1400.0
2024-03-01 14:15:00,NRBO,6.269899845123291,6.269899845123291,6.28000020980835,6.210000038146973,6.210100173950195,2220.0
2024-03-01 14:15:00,NRC,40.51499938964844,40.51499938964844,40.51499938964844,40.51499938964844,40.51499938964844,109.0
2024-03-01 14:15:00,NRIX,13.640000343322754,13.640000343322754,13.640000343322754,13.59000015258789,13.609999656677246,5185.0
2024-03-01 14:15:00,NRXP,0.4262000024318695,0.4262000024318695,0.4262000024318695,0.41999998688697815,0.41999998688697815,396.0
2024-03-01 14:15:00,NTLA,33.4900016784668,33.4900016784668,33.505001068115234,33.47999954223633,33.47999954223633,8455.0
2024-03-01 14:15:00,NTRA,89.45999908447266,89.45999908447266,89.55560302734375,89.43000030517578,89.44999694824219,10513.0
2024-03-01 14:15:00,NUVL,87.77999877929688,87.77999877929688,87.77999877929688,87.62999725341797,87.63999938964844,495.0
2024-03-01 14:15:00,NVAX,5.244999885559082,5.244999885559082,5.264999866485596,5.239999771118164,5.264999866485596,18498.0
2024-03-01 14:15:00,NVCR,15.998299598693848,15.998299598693848,15.998299598693848,15.979999542236328,15.979999542236328,4274.0
2024-03-01 14:15:00,NVCT,10.640000343322754,10.640000343322754,10.640000343322754,10.640000343322754,10.640000343322754,502.0
2024-03-01 14:15:00,NXTC,1.8700000047683716,1.8700000047683716,1.875,1.840000033378601,1.875,10776.0
2024-03-01 14:15:00,OCGN,0.9560999870300293,0.9560999870300293,0.9562000036239624,0.9560999870300293,0.9562000036239624,18511.0
2024-03-01 14:15:00,OCUL,10.70300006866455,10.70300006866455,10.704999923706055,10.699999809265137,10.699999809265137,1687.0
2024-03-01 14:15:00,OGI,2.174999952316284,2.174999952316284,2.174999952316284,2.174999952316284,2.174999952316284,205.0
2024-03-01 14:15:00,OLK,22.889999389648438,22.889999389648438,22.889999389648438,22.889999389648438,22.889999389648438,600.0
2024-03-01 14:15:00,OLMA,14.9399995803833,14.9399995803833,14.9399995803833,14.890000343322754,14.890000343322754,1080.0
2024-03-01 14:15:00,OM,3.184999942779541,3.184999942779541,3.184999942779541,3.180000066757202,3.180000066757202,938.0
2024-03-01 14:15:00,OMGA,4.400000095367432,4.400000095367432,4.400000095367432,4.400000095367432,4.400000095367432,183.0
2024-03-01 14:15:00,OMIC,0.607450008392334,0.607450008392334,0.6150000095367432,0.607450008392334,0.607450008392334,300.0
2024-03-01 14:15:00,ONCY,1.159999966621399,1.159999966621399,1.159999966621399,1.1513999700546265,1.159999966621399,4208.0
2024-03-01 14:16:00,ABCL,5.164999961853027,5.164999961853027,5.164999961853027,5.164999961853027,5.164999961853027,428.0
2024-03-01 14:16:00,ABEO,7.789999961853027,7.789999961853027,7.81879997253418,7.776199817657471,7.776199817657471,3284.0
2024-03-01 14:16:00,ABOS,4.610000133514404,4.610000133514404,4.610000133514404,4.610000133514404,4.610000133514404,603.0
2024-03-01 14:16:00,ABSI,5.386000156402588,5.386000156402588,5.386000156402588,5.380000114440918,5.380000114440918,756.0
2024-03-01 14:16:00,ABUS,2.744999885559082,2.744999885559082,2.744999885559082,2.744999885559082,2.744999885559082,540.0
2024-03-01 14:16:00,ACAD,24.219999313354492,24.219999313354492,24.219999313354492,24.219999313354492,24.219999313354492,100.0
2024-03-01 14:16:00,ACB,3.184999942779541,3.184999942779541,3.184999942779541,3.180000066757202,3.184999942779541,896.0
2024-03-01 14:16:00,ACCD,10.100000381469727,10.100000381469727,10.100000381469727,10.100000381469727,10.100000381469727,315.0
2024-03-01 14:16:00,ACET,2.3949999809265137,2.3949999809265137,2.4049999713897705,2.3949999809265137,2.4000000953674316,9231.0
2024-03-01 14:16:00,ACHC,84.30999755859375,84.30999755859375,84.33999633789062,84.30000305175781,84.30000305175781,326.0
2024-03-01 14:16:00,ACHL,1.340000033378601,1.340000033378601,1.340000033378601,1.340000033378601,1.340000033378601,650.0
2024-03-01 14:16:00,ACHV,4.349999904632568,4.349999904632568,4.349999904632568,4.34499979019165,4.349999904632568,400.0
2024-03-01 14:16:00,ACLX,68.52999877929688,68.52999877929688,68.52999877929688,68.52999877929688,68.52999877929688,236.0
2024-03-01 14:16:00,ACON,0.4000000059604645,0.4000000059604645,0.4000000059604645,0.4000000059604645,0.4000000059604645,500.0
2024-03-01 14:16:00,ACRS,1.2400000095367432,1.2400000095367432,1.2400000095367432,1.2400000095367432,1.2400000095367432,432.0
2024-03-01 14:16:00,ADAP,1.6051000356674194,1.6051000356674194,1.6051000356674194,1.6051000356674194,1.6051000356674194,5020.0
2024-03-01 14:16:00,ADIL,3.4600000381469727,3.4600000381469727,3.490000009536743,3.359999895095825,3.4749999046325684,129489.0
2024-03-01 14:16:00,ADMA,5.554999828338623,5.554999828338623,5.557499885559082,5.550000190734863,5.550000190734863,1118.0
2024-03-01 14:16:00,ADPT,4.105000019073486,4.105000019073486,4.105000019073486,4.099999904632568,4.099999904632568,308.0
2024-03-01 14:16:00,ADVM,1.9700000286102295,1.9700000286102295,1.975000023841858,1.9700000286102295,1.975000023841858,1437.0
2024-03-01 14:16:00,AFMD,0.6794999837875366,0.6794999837875366,0.6802510023117065,0.6794999837875366,0.6800000071525574,21450.0
2024-03-01 14:16:00,AGEN,0.6703000068664551,0.6703000068664551,0.6712999939918518,0.6703000068664551,0.671209990978241,156101.0
2024-03-01 14:16:00,AGIO,32.75,32.75,32.75,32.72999954223633,32.75,847.0
2024-03-01 14:16:00,AHCO,10.524999618530273,10.524999618530273,10.5600004196167,10.524999618530273,10.5600004196167,4279.0
2024-03-01 14:16:00,AIMD,0.9732999801635742,0.9732999801635742,0.9732999801635742,0.9732999801635742,0.9732999801635742,100.0
2024-03-01 14:16:00,AIRS,6.46999979019165,6.46999979019165,6.46999979019165,6.46999979019165,6.46999979019165,149.0
2024-03-01 14:16:00,AKBA,1.690000057220459,1.690000057220459,1.690000057220459,1.684999942779541,1.690000057220459,2943.0
2024-03-01 14:16:00,AKRO,29.4950008392334,29.4950008392334,29.520000457763672,29.4950008392334,29.497100830078125,504.0
2024-03-01 14:16:00,ALDX,4.320000171661377,4.320000171661377,4.329999923706055,4.320000171661377,4.324999809265137,682.0
2024-03-01 14:16:00,ALEC,7.509900093078613,7.509900093078613,7.510000228881836,7.5,7.5,979.0
2024-03-01 14:16:00,ALGN,302.8299865722656,302.8299865722656,302.8299865722656,302.8299865722656,302.8299865722656,476.0
2024-03-01 14:16:00,ALHC,5.679999828338623,5.679999828338623,5.679999828338623,5.670000076293945,5.670000076293945,1742.0
2024-03-01 14:16:00,ALKS,30.229999542236328,30.229999542236328,30.235000610351562,30.228099822998047,30.235000610351562,1707.0
2024-03-01 14:16:00,ALLK,1.6749999523162842,1.6749999523162842,1.6799999475479126,1.6749999523162842,1.6749999523162842,553.0
2024-03-01 14:16:00,ALLO,5.019999980926514,5.019999980926514,5.019999980926514,5.019999980926514,5.019999980926514,690.0
2024-03-01 14:16:00,ALLR,0.4099999964237213,0.4099999964237213,0.4099999964237213,0.4099999964237213,0.4099999964237213,436.0
2024-03-01 14:16:00,ALNY,153.44500732421875,153.44500732421875,153.44500732421875,153.44500732421875,153.44500732421875,987.0
2024-03-01 14:16:00,ALPN,36.130001068115234,36.130001068115234,36.130001068115234,36.04999923706055,36.04999923706055,851.0
2024-03-01 14:16:00,ALT,12.122099876403809,12.122099876403809,12.135000228881836,12.122099876403809,12.131099700927734,5852.0
2024-03-01 14:16:00,AMED,93.48999786376953,93.48999786376953,93.5,93.48999786376953,93.5,374.0
2024-03-01 14:16:00,AMGN,281.05499267578125,281.05499267578125,281.07000732421875,280.9200134277344,280.9800109863281,4417.0
2024-03-01 14:16:00,AMLX,18.709999084472656,18.709999084472656,18.709999084472656,18.700000762939453,18.700000762939453,1001.0
2024-03-01 14:16:00,AMPH,45.5,45.5,45.5,45.5,45.5,1262.0
2024-03-01 14:16:00,ANIP,67.11000061035156,67.11000061035156,67.11000061035156,67.11000061035156,67.11000061035156,122.0
2024-03-01 14:16:00,ANIX,3.5299999713897705,3.5299999713897705,3.5299999713897705,3.5299999713897705,3.5299999713897705,1003.0
2024-03-01 14:16:00,ANNX,6.107999801635742,6.107999801635742,6.110000133514404,6.065400123596191,6.065400123596191,6513.0
2024-03-01 14:16:00,APLS,64.95999908447266,64.95999908447266,64.9749984741211,64.94000244140625,64.94000244140625,2854.0
2024-03-01 14:16:00,AQST,4.15500020980835,4.15500020980835,4.160600185394287,4.15500020980835,4.160600185394287,1493.0
2024-03-01 14:16:00,ARAY,2.6449999809265137,2.6449999809265137,2.6449999809265137,2.6449999809265137,2.6449999809265137,271.0
2024-03-01 14:16:00,ARCT,39.709999084472656,39.709999084472656,39.709999084472656,39.709999084472656,39.709999084472656,159.0
2024-03-01 14:16:00,ARDS,0.07400000095367432,0.07400000095367432,0.07400000095367432,0.07400000095367432,0.07400000095367432,400.0
2024-03-01 14:16:00,ARDX,9.489999771118164,9.489999771118164,9.499799728393555,9.489999771118164,9.499799728393555,13488.0
2024-03-01 14:16:00,ARGX,393.1050109863281,393.1050109863281,393.3550109863281,392.8299865722656,393.0950012207031,2168.0
2024-03-01 14:16:00,ARQT,11.649999618530273,11.649999618530273,11.649999618530273,11.600000381469727,11.609999656677246,13610.0
2024-03-01 14:16:00,ARVN,48.709999084472656,48.709999084472656,48.7400016784668,48.709999084472656,48.709999084472656,678.0
2024-03-01 14:16:00,ARWR,35.685001373291016,35.685001373291016,35.71500015258789,35.685001373291016,35.71500015258789,331.0
2024-03-01 14:16:00,ASRT,0.9039999842643738,0.9039999842643738,0.9045000076293945,0.9039999842643738,0.9045000076293945,1020.0
2024-03-01 14:16:00,ATAI,2.1549999713897705,2.1549999713897705,2.1549999713897705,2.1549999713897705,2.1549999713897705,384.0
2024-03-01 14:16:00,ATEC,13.470000267028809,13.470000267028809,13.470000267028809,13.46500015258789,13.46500015258789,671.0
2024-03-01 14:16:00,ATRA,0.7894999980926514,0.7894999980926514,0.7894999980926514,0.7894999980926514,0.7894999980926514,807.0
2024-03-01 14:16:00,ATRC,35.90999984741211,35.90999984741211,35.90999984741211,35.88999938964844,35.88999938964844,1187.0
2024-03-01 14:16:00,ATXS,14.6899995803833,14.6899995803833,14.6899995803833,14.6899995803833,14.6899995803833,478.0
2024-03-01 14:16:00,AUPH,5.824999809265137,5.824999809265137,5.829999923706055,5.824999809265137,5.829999923706055,304.0
2024-03-01 14:16:00,AVDL,13.199999809265137,13.199999809265137,13.210000038146973,13.199999809265137,13.199999809265137,10639.0
2024-03-01 14:16:00,AVIR,4.46999979019165,4.46999979019165,4.46999979019165,4.46999979019165,4.46999979019165,111.0
2024-03-01 14:16:00,AVTX,4.519999980926514,4.519999980926514,4.539999961853027,4.519999980926514,4.539999961853027,337.0
2024-03-01 14:16:00,AVXL,5.340000152587891,5.340000152587891,5.340000152587891,5.335000038146973,5.335000038146973,614.0
2024-03-01 14:16:00,AXNX,67.44499969482422,67.44499969482422,67.51499938964844,67.44000244140625,67.51499938964844,5674.0
2024-03-01 14:16:00,AXSM,82.31500244140625,82.31500244140625,82.31999969482422,82.30999755859375,82.30999755859375,1644.0
2024-03-01 14:16:00,AZN,64.7040023803711,64.7040023803711,64.72000122070312,64.69999694824219,64.72000122070312,7216.0
2024-03-01 14:16:00,AZTA,66.94000244140625,66.94000244140625,66.94000244140625,66.94000244140625,66.94000244140625,259.0
2024-03-01 14:16:00,BBLG,2.5299999713897705,2.5299999713897705,2.5299999713897705,2.5299999713897705,2.5299999713897705,1985.0
2024-03-01 14:16:00,BCAB,2.7249999046325684,2.7249999046325684,2.7300000190734863,2.7100000381469727,2.7100000381469727,8529.0
2024-03-01 14:16:00,BCDA,0.5699999928474426,0.5699999928474426,0.5699999928474426,0.5699999928474426,0.5699999928474426,3001.0
2024-03-01 14:16:00,BCRX,5.710000038146973,5.710000038146973,5.71999979019165,5.710000038146973,5.710000038146973,1654.0
2024-03-01 14:16:00,BDTX,4.875,4.875,4.875,4.869999885559082,4.869999885559082,1104.0
2024-03-01 14:16:00,BEAM,40.0,40.0,40.02000045776367,39.98500061035156,39.98500061035156,2029.0
2024-03-01 14:16:00,BFRI,0.8690000176429749,0.8690000176429749,0.875,0.8690000176429749,0.875,1071.0
2024-03-01 14:16:00,BGXX,0.2595990002155304,0.2595990002155304,0.2595990002155304,0.2595990002155304,0.2595990002155304,301.0
2024-03-01 14:16:00,BIIB,221.82000732421875,221.82000732421875,221.82000732421875,221.82000732421875,221.82000732421875,182.0
2024-03-01 14:16:00,BIOL,0.14650000631809235,0.14650000631809235,0.1467999964952469,0.1462000012397766,0.1462000012397766,56159.0
2024-03-01 14:16:00,BIVI,1.9700000286102295,1.9700000286102295,2.015000104904175,1.9600000381469727,1.9800000190734863,112439.0
2024-03-01 14:16:00,BLFS,18.219999313354492,18.219999313354492,18.239999771118164,18.209999084472656,18.239999771118164,733.0
2024-03-01 14:16:00,BLPH,0.051600001752376556,0.051600001752376556,0.051600001752376556,0.051600001752376556,0.051600001752376556,1150.0
2024-03-01 14:16:00,BLUE,1.6100000143051147,1.6100000143051147,1.6100000143051147,1.600000023841858,1.6100000143051147,14792.0
2024-03-01 14:16:00,BMEA,18.399999618530273,18.399999618530273,18.399999618530273,18.399999618530273,18.399999618530273,607.0
2024-03-01 14:16:00,BNGO,1.2649999856948853,1.2649999856948853,1.2649999856948853,1.2649999856948853,1.2649999856948853,309.0
2024-03-01 14:16:00,BNR,0.8194500207901001,0.8194500207901001,0.8194500207901001,0.8194500207901001,0.8194500207901001,100.0
2024-03-01 14:16:00,BNTC,5.239999771118164,5.239999771118164,5.239999771118164,5.239999771118164,5.239999771118164,268.0
2024-03-01 14:16:00,BNTX,91.21499633789062,91.21499633789062,91.24500274658203,91.21499633789062,91.22000122070312,622.0
2024-03-01 14:16:00,BPMC,97.0,97.0,97.0,96.94999694824219,96.94999694824219,1092.0
2024-03-01 14:16:00,BRKR,88.45999908447266,88.45999908447266,88.45999908447266,88.41500091552734,88.41500091552734,832.0
2024-03-01 14:16:00,BTTX,0.1800999939441681,0.1800999939441681,0.18199999630451202,0.1800999939441681,0.18199999630451202,1100.0
2024-03-01 14:16:00,BVS,4.715000152587891,4.715000152587891,4.71999979019165,4.715000152587891,4.71999979019165,330.0
2024-03-01 14:16:00,CABA,23.950000762939453,23.950000762939453,23.950000762939453,23.950000762939453,23.950000762939453,349.0
2024-03-01 14:16:00,CBAY,32.224998474121094,32.224998474121094,32.22999954223633,32.220001220703125,32.224998474121094,4026.0
2024-03-01 14:16:00,CCCC,11.005000114440918,11.005000114440918,11.005000114440918,11.005000114440918,11.005000114440918,240.0
2024-03-01 14:16:00,CDMO,8.1274995803833,8.1274995803833,8.1274995803833,8.119999885559082,8.119999885559082,332.0
2024-03-01 14:16:00,CDNA,12.639900207519531,12.639900207519531,12.640000343322754,12.604999542236328,12.604999542236328,2533.0
2024-03-01 14:16:00,CDXS,4.574999809265137,4.574999809265137,4.574999809265137,4.559999942779541,4.559999942779541,2992.0
2024-03-01 14:16:00,CELC,16.7450008392334,16.7450008392334,16.75,16.7450008392334,16.75,249.0
2024-03-01 14:16:00,CERE,41.102500915527344,41.102500915527344,41.11000061035156,41.102500915527344,41.11000061035156,1428.0
2024-03-01 14:16:00,CERS,2.1888999938964844,2.1888999938964844,2.1888999938964844,2.1888999938964844,2.1888999938964844,100.0
2024-03-01 14:16:00,CERT,17.940000534057617,17.940000534057617,17.940000534057617,17.940000534057617,17.940000534057617,1028.0
2024-03-01 14:16:00,CGC,3.2149999141693115,3.2149999141693115,3.2200000286102295,3.2100000381469727,3.2149999141693115,11219.0
2024-03-01 14:16:00,CGEN,2.670099973678589,2.670099973678589,2.670099973678589,2.670099973678589,2.670099973678589,880.0
2024-03-01 14:16:00,CHRS,2.4149999618530273,2.4149999618530273,2.4200000762939453,2.4149999618530273,2.4200000762939453,6461.0
2024-03-01 14:16:00,CING,1.340000033378601,1.340000033378601,1.340000033378601,1.3300000429153442,1.3300000429153442,335.0
2024-03-01 14:16:00,CJJD,2.9263999462127686,2.9263999462127686,2.9263999462127686,2.9263999462127686,2.9263999462127686,256.0
2024-03-01 14:16:00,CKPT,2.190000057220459,2.190000057220459,2.190000057220459,2.190000057220459,2.190000057220459,200.0
2024-03-01 14:16:00,CLNN,0.38499999046325684,0.38499999046325684,0.38499999046325684,0.38499999046325684,0.38499999046325684,100.0
2024-03-01 14:16:00,CLOV,0.8632000088691711,0.8632000088691711,0.8632000088691711,0.863099992275238,0.863099992275238,192859.0
2024-03-01 14:16:00,CLPT,6.59499979019165,6.59499979019165,6.619999885559082,6.590000152587891,6.610000133514404,550.0
2024-03-01 14:16:00,CLRB,4.099999904632568,4.099999904632568,4.099999904632568,4.099999904632568,4.099999904632568,300.0
2024-03-01 14:16:00,CMPS,11.5600004196167,11.5600004196167,11.5600004196167,11.539999961853027,11.539999961853027,1055.0
2024-03-01 14:16:00,CMRX,1.2200000286102295,1.2200000286102295,1.2200000286102295,1.2200000286102295,1.2200000286102295,143.0
2024-03-01 14:16:00,CNSP,0.3260999917984009,0.3260999917984009,0.3296000063419342,0.3260999917984009,0.3296000063419342,7572.0
2024-03-01 14:16:00,CODX,1.1610000133514404,1.1610000133514404,1.1610000133514404,1.1610000133514404,1.1610000133514404,240.0
2024-03-01 14:16:00,COGT,7.255000114440918,7.255000114440918,7.255000114440918,7.235000133514404,7.235000133514404,18696.0
2024-03-01 14:16:00,COLL,36.654998779296875,36.654998779296875,36.654998779296875,36.654998779296875,36.654998779296875,146.0
2024-03-01 14:16:00,CORT,24.34000015258789,24.34000015258789,24.360000610351562,24.34000015258789,24.360000610351562,1832.0
2024-03-01 14:16:00,CPRX,17.239999771118164,17.239999771118164,17.260000228881836,17.229999542236328,17.239999771118164,3442.0
2024-03-01 14:16:00,CPSI,9.5,9.5,9.5,9.5,9.5,117.0
2024-03-01 14:16:00,CRBU,7.889999866485596,7.889999866485596,7.90500020980835,7.889999866485596,7.90500020980835,3217.0
2024-03-01 14:16:00,CRDF,2.5876998901367188,2.5876998901367188,2.640000104904175,2.559999942779541,2.6087000370025635,157365.0
2024-03-01 14:16:00,CRNX,46.584999084472656,46.584999084472656,46.584999084472656,46.560001373291016,46.560001373291016,1510.0
2024-03-01 14:16:00,CRON,2.04010009765625,2.04010009765625,2.0450000762939453,2.04010009765625,2.0413999557495117,1888.0
2024-03-01 14:16:00,CRSP,85.56999969482422,85.56999969482422,85.58000183105469,85.56999969482422,85.58000183105469,1107.0
2024-03-01 14:16:00,CRVS,2.2100000381469727,2.2100000381469727,2.2200000286102295,2.2100000381469727,2.2200000286102295,415.0
2024-03-01 14:16:00,CSTL,19.8700008392334,19.8700008392334,19.8799991607666,19.8700008392334,19.8799991607666,587.0
2024-03-01 14:16:00,CTKB,9.020000457763672,9.020000457763672,9.024999618530273,9.020000457763672,9.020000457763672,2347.0
2024-03-01 14:16:00,CTMX,2.569999933242798,2.569999933242798,2.5713999271392822,2.559999942779541,2.559999942779541,3198.0
2024-03-01 14:16:00,CUE,2.190000057220459,2.190000057220459,2.190000057220459,2.190000057220459,2.190000057220459,322.0
2024-03-01 14:16:00,CUTR,2.4000000953674316,2.4000000953674316,2.4000000953674316,2.399899959564209,2.4000000953674316,3318.0
2024-03-01 14:16:00,CVAC,3.4649999141693115,3.4649999141693115,3.4649999141693115,3.4600000381469727,3.4600000381469727,481.0
2024-03-01 14:16:00,CYTK,73.08999633789062,73.08999633789062,73.16999816894531,73.08999633789062,73.16799926757812,754.0
2024-03-01 14:16:00,DAWN,17.690000534057617,17.690000534057617,17.690000534057617,17.670000076293945,17.674999237060547,3197.0
2024-03-01 14:16:00,DCGO,4.139999866485596,4.139999866485596,4.139999866485596,4.139999866485596,4.139999866485596,316.0
2024-03-01 14:16:00,DCPH,17.55500030517578,17.55500030517578,17.55500030517578,17.55500030517578,17.55500030517578,296.0
2024-03-01 14:16:00,DH,8.890000343322754,8.890000343322754,8.890000343322754,8.890000343322754,8.890000343322754,341.0
2024-03-01 14:16:00,DMTK,0.8338000178337097,0.8338000178337097,0.8375999927520752,0.8338000178337097,0.8375999927520752,1104.0
2024-03-01 14:16:00,DNLI,21.350000381469727,21.350000381469727,21.350000381469727,21.350000381469727,21.350000381469727,717.0
2024-03-01 14:16:00,DTIL,12.4399995803833,12.4399995803833,12.4399995803833,12.4399995803833,12.4399995803833,100.0
2024-03-01 14:16:00,DVAX,12.829999923706055,12.829999923706055,12.835000038146973,12.829999923706055,12.835000038146973,309.0
2024-03-01 14:16:00,DXCM,122.19000244140625,122.19000244140625,122.19000244140625,122.08000183105469,122.12000274658203,5239.0
2024-03-01 14:16:00,EDIT,10.914999961853027,10.914999961853027,10.914999961853027,10.90149974822998,10.90149974822998,2023.0
2024-03-01 14:16:00,EFTR,15.8100004196167,15.8100004196167,15.880000114440918,15.765999794006348,15.800000190734863,2711.0
2024-03-01 14:16:00,EGRX,6.65500020980835,6.65500020980835,6.659999847412109,6.65500020980835,6.659999847412109,1129.0
2024-03-01 14:16:00,ELEV,5.085000038146973,5.085000038146973,5.090000152587891,5.079999923706055,5.079999923706055,2729.0
2024-03-01 14:16:00,EMBC,14.3100004196167,14.3100004196167,14.3100004196167,14.305000305175781,14.305000305175781,387.0
2024-03-01 14:16:00,ENTA,15.350000381469727,15.350000381469727,15.350000381469727,15.350000381469727,15.350000381469727,173.0
2024-03-01 14:16:00,ENVB,1.5399999618530273,1.5399999618530273,1.5399999618530273,1.5399999618530273,1.5399999618530273,414.0
2024-03-01 14:16:00,EPIX,9.430000305175781,9.430000305175781,9.430000305175781,9.430000305175781,9.430000305175781,125.0
2024-03-01 14:16:00,ERAS,2.5250000953674316,2.5250000953674316,2.5250000953674316,2.5199999809265137,2.5199999809265137,3053.0
2024-03-01 14:16:00,ESPR,2.555000066757202,2.555000066757202,2.555000066757202,2.555000066757202,2.555000066757202,2640.0
2024-03-01 14:16:00,ESTA,44.709999084472656,44.709999084472656,44.709999084472656,44.709999084472656,44.709999084472656,391.0
2024-03-01 14:16:00,ETNB,12.931099891662598,12.931099891662598,12.949999809265137,12.931099891662598,12.9399995803833,3645.0
2024-03-01 14:16:00,EWTX,17.010000228881836,17.010000228881836,17.010000228881836,17.0049991607666,17.0049991607666,416.0
2024-03-01 14:16:00,EXAS,60.060001373291016,60.060001373291016,60.064998626708984,60.060001373291016,60.060001373291016,1276.0
2024-03-01 14:16:00,EXEL,22.440000534057617,22.440000534057617,22.44499969482422,22.440000534057617,22.44499969482422,8403.0
2024-03-01 14:16:00,EYPT,27.969999313354492,27.969999313354492,27.969999313354492,27.959999084472656,27.959999084472656,1606.0
2024-03-01 14:16:00,FATE,7.789999961853027,7.789999961853027,7.789999961853027,7.784999847412109,7.784999847412109,551.0
2024-03-01 14:16:00,FGEN,1.8650000095367432,1.8650000095367432,1.8650000095367432,1.8650000095367432,1.8650000095367432,600.0
2024-03-01 14:16:00,FHTX,8.140000343322754,8.140000343322754,8.140000343322754,8.140000343322754,8.140000343322754,400.0
2024-03-01 14:16:00,FOLD,13.390000343322754,13.390000343322754,13.390000343322754,13.380000114440918,13.385000228881836,2542.0
2024-03-01 14:16:00,FULC,11.0,11.0,11.0,11.0,11.0,505.0
2024-03-01 14:16:00,FUSN,12.270000457763672,12.270000457763672,12.270000457763672,12.260000228881836,12.270000457763672,1274.0
2024-03-01 14:16:00,FWBI,8.949999809265137,8.949999809265137,8.949999809265137,8.770000457763672,8.770000457763672,1371.0
2024-03-01 14:16:00,GBIO,2.630000114440918,2.630000114440918,2.630000114440918,2.630000114440918,2.630000114440918,100.0
2024-03-01 14:16:00,GDRX,8.385000228881836,8.385000228881836,8.385000228881836,8.359999656677246,8.359999656677246,5358.0
2024-03-01 14:16:00,GERN,2.2699999809265137,2.2699999809265137,2.2750000953674316,2.2699999809265137,2.2699999809265137,9394.0
2024-03-01 14:16:00,GH,19.125,19.125,19.126399993896484,19.125,19.126399993896484,307.0
2024-03-01 14:16:00,GILD,72.45500183105469,72.45500183105469,72.45500183105469,72.42320251464844,72.44000244140625,11541.0
2024-03-01 14:16:00,GLPG,35.07619857788086,35.07619857788086,35.07619857788086,35.07619857788086,35.07619857788086,350.0
2024-03-01 14:16:00,GLTO,0.7799000144004822,0.7799000144004822,0.7799000144004822,0.7749500274658203,0.7749500274658203,9098.0
2024-03-01 14:16:00,GLYC,2.994999885559082,2.994999885559082,2.994999885559082,2.994999885559082,2.994999885559082,100.0
2024-03-01 14:16:00,GMAB,29.434999465942383,29.434999465942383,29.434999465942383,29.434999465942383,29.434999465942383,420.0
2024-03-01 14:16:00,GMDA,0.3711000084877014,0.3711000084877014,0.3711000084877014,0.3711000084877014,0.3711000084877014,5000.0
2024-03-01 14:16:00,GOSS,1.4306000471115112,1.4306000471115112,1.434999942779541,1.4306000471115112,1.434999942779541,2738.0
2024-03-01 14:16:00,GRFS,7.03000020980835,7.03000020980835,7.079999923706055,7.03000020980835,7.079999923706055,18542.0
2024-03-01 14:16:00,GRPH,3.4600000381469727,3.4600000381469727,3.4649999141693115,3.4600000381469727,3.4649999141693115,220.0
2024-03-01 14:16:00,GRTS,2.0801000595092773,2.0801000595092773,2.0899999141693115,2.0799999237060547,2.0806000232696533,8803.0
2024-03-01 14:16:00,GTHX,3.799999952316284,3.799999952316284,3.799999952316284,3.7950000762939453,3.7950000762939453,748.0
2024-03-01 14:16:00,HARP,22.9424991607666,22.9424991607666,22.9424991607666,22.9424991607666,22.9424991607666,105.0
2024-03-01 14:16:00,HCAT,8.194999694824219,8.194999694824219,8.199999809265137,8.194999694824219,8.194999694824219,626.0
2024-03-01 14:16:00,HCTI,2.2699999809265137,2.2699999809265137,2.299999952316284,2.259999990463257,2.2799999713897705,5683.0
2024-03-01 14:16:00,HLTH,0.2680000066757202,0.2680000066757202,0.2680000066757202,0.26788198947906494,0.26788198947906494,678.0
2024-03-01 14:16:00,HLVX,19.024999618530273,19.024999618530273,19.024999618530273,19.024999618530273,19.024999618530273,342.0
2024-03-01 14:16:00,HOLX,74.37000274658203,74.37000274658203,74.37000274658203,74.37000274658203,74.37000274658203,580.0
2024-03-01 14:16:00,HRMY,31.729999542236328,31.729999542236328,31.729999542236328,31.729999542236328,31.729999542236328,520.0
2024-03-01 14:16:00,HROW,10.850000381469727,10.850000381469727,10.870800018310547,10.850000381469727,10.870800018310547,357.0
2024-03-01 14:16:00,HSIC,76.77999877929688,76.77999877929688,76.77999877929688,76.77999877929688,76.77999877929688,248.0
2024-03-01 14:16:00,HUMA,3.2750000953674316,3.2750000953674316,3.2750000953674316,3.2750000953674316,3.2750000953674316,102.0
2024-03-01 14:16:00,IART,36.41999816894531,36.41999816894531,36.41999816894531,36.380001068115234,36.380001068115234,662.0
2024-03-01 14:16:00,IBRX,4.869999885559082,4.869999885559082,4.875,4.869999885559082,4.875,693.0
2024-03-01 14:16:00,ICLR,323.57501220703125,323.57501220703125,323.57501220703125,323.57501220703125,323.57501220703125,156.0
2024-03-01 14:16:00,IDYA,46.93000030517578,46.93000030517578,46.93000030517578,46.93000030517578,46.93000030517578,123.0
2024-03-01 14:16:00,IINN,1.6705000400543213,1.6705000400543213,1.6801999807357788,1.6705000400543213,1.6801999807357788,5874.0
2024-03-01 14:16:00,ILMN,142.22999572753906,142.22999572753906,142.22999572753906,142.19000244140625,142.19000244140625,929.0
2024-03-01 14:16:00,IMAB,1.809999942779541,1.809999942779541,1.8200000524520874,1.809999942779541,1.8200000524520874,373.0
2024-03-01 14:16:00,IMMX,3.5299999713897705,3.5299999713897705,3.5299999713897705,3.5299999713897705,3.5299999713897705,278.0
2024-03-01 14:16:00,IMNM,25.315000534057617,25.315000534057617,25.325000762939453,25.315000534057617,25.325000762939453,200.0
2024-03-01 14:16:00,IMTX,12.895000457763672,12.895000457763672,12.895000457763672,12.895000457763672,12.895000457763672,284.0
2024-03-01 14:16:00,IMUX,1.475000023841858,1.475000023841858,1.4800000190734863,1.4700000286102295,1.4700000286102295,1160.0
2024-03-01 14:16:00,IMVT,35.935001373291016,35.935001373291016,35.935001373291016,35.915000915527344,35.915000915527344,1344.0
2024-03-01 14:16:00,INBX,36.599998474121094,36.599998474121094,36.599998474121094,36.59000015258789,36.599998474121094,307.0
2024-03-01 14:16:00,INCY,59.52000045776367,59.52000045776367,59.540000915527344,59.52000045776367,59.53200149536133,2503.0
2024-03-01 14:16:00,INGN,6.775000095367432,6.775000095367432,6.775000095367432,6.769999980926514,6.769999980926514,1210.0
2024-03-01 14:16:00,INMD,22.899999618530273,22.899999618530273,22.899999618530273,22.899999618530273,22.899999618530273,210.0
2024-03-01 14:16:00,INO,9.670000076293945,9.670000076293945,9.670000076293945,9.670000076293945,9.670000076293945,433.0
2024-03-01 14:16:00,INSM,28.219999313354492,28.219999313354492,28.219999313354492,28.200000762939453,28.200000762939453,1484.0
2024-03-01 14:16:00,INVA,15.46500015258789,15.46500015258789,15.475000381469727,15.460000038146973,15.475000381469727,1806.0
2024-03-01 14:16:00,IONS,45.994998931884766,45.994998931884766,46.0,45.97999954223633,46.0,2720.0
2024-03-01 14:16:00,IOVA,16.985000610351562,16.985000610351562,16.989999771118164,16.950000762939453,16.959999084472656,10388.0
2024-03-01 14:16:00,IRMD,41.54999923706055,41.54999923706055,41.54999923706055,41.54999923706055,41.54999923706055,100.0
2024-03-01 14:16:00,IRWD,9.055000305175781,9.055000305175781,9.0600004196167,9.045000076293945,9.045000076293945,14090.0
2024-03-01 14:16:00,ISRG,398.1300048828125,398.1300048828125,398.1300048828125,397.760009765625,398.0,16507.0
2024-03-01 14:16:00,ITRM,1.2996000051498413,1.2996000051498413,1.2999000549316406,1.2996000051498413,1.2999000549316406,875.0
2024-03-01 14:16:00,JAGX,0.07959999889135361,0.07959999889135361,0.07980000227689743,0.0786999985575676,0.07980000227689743,181136.0
2024-03-01 14:16:00,JANX,46.06999969482422,46.06999969482422,46.119998931884766,46.06999969482422,46.119998931884766,2231.0
2024-03-01 14:16:00,JAZZ,119.16999816894531,119.16999816894531,119.19000244140625,119.12999725341797,119.18609619140625,3508.0
2024-03-01 14:16:00,JSPR,21.28499984741211,21.28499984741211,21.28499984741211,21.28499984741211,21.28499984741211,100.0
2024-03-01 14:16:00,KNSA,21.850000381469727,21.850000381469727,21.885000228881836,21.850000381469727,21.885000228881836,1772.0
2024-03-01 14:16:00,KNTE,2.5999999046325684,2.5999999046325684,2.5999999046325684,2.5999999046325684,2.5999999046325684,3028.0
2024-03-01 14:16:00,KPRX,0.6593000292778015,0.6593000292778015,0.6593000292778015,0.6593000292778015,0.6593000292778015,104.0
2024-03-01 14:16:00,KPTI,1.184999942779541,1.184999942779541,1.184999942779541,1.1749999523162842,1.1749999523162842,21999.0
2024-03-01 14:16:00,KRMD,2.130000114440918,2.130000114440918,2.130000114440918,2.130000114440918,2.130000114440918,229.0
2024-03-01 14:16:00,KRTX,316.760009765625,316.760009765625,316.760009765625,316.760009765625,316.760009765625,252.0
2024-03-01 14:16:00,KRYS,168.9499969482422,168.9499969482422,168.9499969482422,168.9499969482422,168.9499969482422,236.0
2024-03-01 14:16:00,KTRA,0.1006999984383583,0.1006999984383583,0.1006999984383583,0.1006999984383583,0.1006999984383583,1500.0
2024-03-01 14:16:00,KYMR,44.0099983215332,44.0099983215332,44.09000015258789,43.939998626708984,43.95000076293945,9400.0
2024-03-01 14:16:00,KZR,1.090000033378601,1.090000033378601,1.090000033378601,1.090000033378601,1.090000033378601,210.0
2024-03-01 14:16:00,LAB,2.4700000286102295,2.4700000286102295,2.4700000286102295,2.4691998958587646,2.4700000286102295,2054.0
2024-03-01 14:16:00,LBPH,21.864999771118164,21.864999771118164,21.864999771118164,21.864999771118164,21.864999771118164,104.0
2024-03-01 14:16:00,LEGN,65.69000244140625,65.69000244140625,65.69000244140625,65.66999816894531,65.69000244140625,547.0
2024-03-01 14:16:00,LFMD,7.920000076293945,7.920000076293945,7.920000076293945,7.920000076293945,7.920000076293945,100.0
2024-03-01 14:16:00,LFST,7.724999904632568,7.724999904632568,7.724999904632568,7.724999904632568,7.724999904632568,1448.0
2024-03-01 14:16:00,LGND,77.86000061035156,77.86000061035156,77.86000061035156,77.70500183105469,77.70500183105469,223.0
2024-03-01 14:16:00,LMAT,68.0999984741211,68.0999984741211,68.13999938964844,68.0999984741211,68.13999938964844,547.0
2024-03-01 14:16:00,LQDA,14.694999694824219,14.694999694824219,14.694999694824219,14.694999694824219,14.694999694824219,122.0
2024-03-01 14:16:00,LUNG,9.494999885559082,9.494999885559082,9.510000228881836,9.470000267028809,9.489999771118164,3121.0
2024-03-01 14:16:00,LVTX,2.7400999069213867,2.7400999069213867,2.7400999069213867,2.740000009536743,2.740000009536743,1844.0
2024-03-01 14:16:00,LXRX,2.505000114440918,2.505000114440918,2.509999990463257,2.505000114440918,2.509999990463257,413.0
2024-03-01 14:16:00,LYEL,3.1449999809265137,3.1449999809265137,3.1449999809265137,3.140000104904175,3.1449999809265137,14860.0
2024-03-01 14:16:00,LYRA,5.650000095367432,5.650000095367432,5.670000076293945,5.599999904632568,5.599999904632568,8151.0
2024-03-01 14:16:00,MASI,127.65499877929688,127.65499877929688,127.65499877929688,127.65499877929688,127.65499877929688,302.0
2024-03-01 14:16:00,MASS,7.34499979019165,7.34499979019165,7.34499979019165,7.34499979019165,7.34499979019165,288.0
2024-03-01 14:16:00,MBOT,1.3200000524520874,1.3200000524520874,1.3200000524520874,1.3200000524520874,1.3200000524520874,323.0
2024-03-01 14:16:00,MCRB,1.229200005531311,1.229200005531311,1.229200005531311,1.229200005531311,1.229200005531311,1105.0
2024-03-01 14:16:00,MDGL,251.13999938964844,251.13999938964844,251.13999938964844,251.13999938964844,251.13999938964844,363.0
2024-03-01 14:16:00,MDRX,5.980000019073486,5.980000019073486,6.050000190734863,5.980000019073486,5.980000019073486,7937.0
2024-03-01 14:16:00,MDXG,8.649999618530273,8.649999618530273,8.649999618530273,8.645000457763672,8.649999618530273,942.0
2024-03-01 14:16:00,ME,0.5601099729537964,0.5601099729537964,0.5607500076293945,0.5601000189781189,0.5601000189781189,2140.0
2024-03-01 14:16:00,MEDP,400.1300048828125,400.1300048828125,400.81500244140625,400.1300048828125,400.81500244140625,3234.0
2024-03-01 14:16:00,MGNX,19.309999465942383,19.309999465942383,19.34000015258789,19.18000030517578,19.209999084472656,68269.0
2024-03-01 14:16:00,MIRM,29.729999542236328,29.729999542236328,29.729999542236328,29.729999542236328,29.729999542236328,544.0
2024-03-01 14:16:00,MMSI,76.33000183105469,76.33000183105469,76.41000366210938,76.33000183105469,76.41000366210938,1747.0
2024-03-01 14:16:00,MNKD,4.525000095367432,4.525000095367432,4.525000095367432,4.514999866485596,4.519999980926514,30822.0
2024-03-01 14:16:00,MNMD,6.230000019073486,6.230000019073486,6.230000019073486,6.21999979019165,6.21999979019165,7295.0
2024-03-01 14:16:00,MNPR,0.8600000143051147,0.8600000143051147,0.8600000143051147,0.8600000143051147,0.8600000143051147,508.0
2024-03-01 14:16:00,MODD,1.8849999904632568,1.8849999904632568,1.8849999904632568,1.8849999904632568,1.8849999904632568,100.0
2024-03-01 14:16:00,MREO,3.994999885559082,3.994999885559082,4.0,3.9876999855041504,3.9876999855041504,4107.0
2024-03-01 14:16:00,MRNA,95.33499908447266,95.33499908447266,95.36000061035156,95.33499908447266,95.36000061035156,1268.0
2024-03-01 14:16:00,MRSN,5.985000133514404,5.985000133514404,6.0,5.9807000160217285,5.989999771118164,8234.0
2024-03-01 14:16:00,MRUS,51.119998931884766,51.119998931884766,51.279998779296875,51.04999923706055,51.189998626708984,5311.0
2024-03-01 14:16:00,MRVI,7.775000095367432,7.775000095367432,7.775000095367432,7.775000095367432,7.775000095367432,152.0
2024-03-01 14:16:00,MXCT,4.760000228881836,4.760000228881836,4.760000228881836,4.755000114440918,4.755000114440918,902.0
2024-03-01 14:16:00,MYGN,22.09000015258789,22.09000015258789,22.09000015258789,22.079999923706055,22.09000015258789,1051.0
2024-03-01 14:16:00,NARI,45.959999084472656,45.959999084472656,46.08000183105469,45.959999084472656,45.9718017578125,7814.0
2024-03-01 14:16:00,NEOG,17.415000915527344,17.415000915527344,17.415000915527344,17.40999984741211,17.415000915527344,631.0
2024-03-01 14:16:00,NGM,1.5199999809265137,1.5199999809265137,1.5199999809265137,1.5199999809265137,1.5199999809265137,755.0
2024-03-01 14:16:00,NKTR,0.7800999879837036,0.7800999879837036,0.7800999879837036,0.7800999879837036,0.7800999879837036,636.0
2024-03-01 14:16:00,NKTX,12.760000228881836,12.760000228881836,12.789999961853027,12.760000228881836,12.789999961853027,821.0
2024-03-01 14:16:00,NNOX,10.90999984741211,10.90999984741211,10.92020034790039,10.90999984741211,10.92020034790039,2339.0
2024-03-01 14:16:00,NOTV,8.104999542236328,8.104999542236328,8.109999656677246,8.100000381469727,8.100000381469727,1022.0
2024-03-01 14:16:00,NRBO,6.159999847412109,6.159999847412109,6.159999847412109,6.159999847412109,6.159999847412109,470.0
2024-03-01 14:16:00,NRIX,13.680000305175781,13.680000305175781,13.680000305175781,13.654999732971191,13.654999732971191,1455.0
2024-03-01 14:16:00,NRXP,0.4262000024318695,0.4262000024318695,0.4262000024318695,0.42309999465942383,0.42309999465942383,200.0
2024-03-01 14:16:00,NTLA,33.470001220703125,33.470001220703125,33.494998931884766,33.470001220703125,33.494998931884766,1361.0
2024-03-01 14:16:00,NTRA,89.4000015258789,89.4000015258789,89.47000122070312,89.38999938964844,89.47000122070312,3069.0
2024-03-01 14:16:00,NVAX,5.240099906921387,5.240099906921387,5.244999885559082,5.230000019073486,5.244999885559082,42575.0
2024-03-01 14:16:00,NVCR,16.0,16.0,16.0,16.0,16.0,139.0
2024-03-01 14:16:00,NXTC,1.840000033378601,1.840000033378601,1.8798999786376953,1.840000033378601,1.878100037574768,554.0
2024-03-01 14:16:00,OCGN,0.9510999917984009,0.9510999917984009,0.9520480036735535,0.9510999917984009,0.9520480036735535,7345.0
2024-03-01 14:16:00,OCUL,10.704999923706055,10.704999923706055,10.710000038146973,10.699999809265137,10.70930004119873,2523.0
2024-03-01 14:16:00,OGI,2.174999952316284,2.174999952316284,2.174999952316284,2.174999952316284,2.174999952316284,408.0
2024-03-01 14:16:00,OLK,22.895000457763672,22.895000457763672,22.895000457763672,22.895000457763672,22.895000457763672,101.0
2024-03-01 14:16:00,OLMA,14.9399995803833,14.9399995803833,14.960000038146973,14.9399995803833,14.960000038146973,385.0
2024-03-01 14:16:00,OM,3.190000057220459,3.190000057220459,3.190000057220459,3.190000057220459,3.190000057220459,180.0
2024-03-01 14:16:00,OMCL,26.365999221801758,26.365999221801758,26.365999221801758,26.34000015258789,26.350000381469727,1232.0
2024-03-01 14:16:00,OMER,4.809999942779541,4.809999942779541,4.809999942779541,4.789999961853027,4.789999961853027,18640.0
2024-03-01 14:16:00,OMGA,4.400000095367432,4.400000095367432,4.400000095367432,4.400000095367432,4.400000095367432,141.0
2024-03-01 14:16:00,ONVO,1.0211000442504883,1.0211000442504883,1.0211000442504883,1.0211000442504883,1.0211000442504883,546.0
2024-03-01 14:17:00,ABCL,5.170000076293945,5.170000076293945,5.170000076293945,5.170000076293945,5.170000076293945,4888.0
2024-03-01 14:17:00,ABEO,7.804999828338623,7.804999828338623,7.804999828338623,7.784999847412109,7.784999847412109,2472.0
2024-03-01 14:17:00,ABOS,4.619999885559082,4.619999885559082,4.619999885559082,4.619999885559082,4.619999885559082,1141.0
2024-03-01 14:17:00,ABSI,5.364999771118164,5.364999771118164,5.389999866485596,5.360000133514404,5.385000228881836,21767.0
2024-03-01 14:17:00,ACAD,24.239999771118164,24.239999771118164,24.239999771118164,24.209999084472656,24.219999313354492,5422.0
2024-03-01 14:17:00,ACB,3.190000057220459,3.190000057220459,3.190000057220459,3.180000066757202,3.184999942779541,3099.0
2024-03-01 14:17:00,ACET,2.390000104904175,2.390000104904175,2.3949999809265137,2.390000104904175,2.3949999809265137,572.0
2024-03-01 14:17:00,ACHC,84.26499938964844,84.26499938964844,84.26499938964844,84.26499938964844,84.26499938964844,436.0
2024-03-01 14:17:00,ACHV,4.349999904632568,4.349999904632568,4.349999904632568,4.349999904632568,4.349999904632568,500.0
2024-03-01 14:17:00,ACLX,68.52999877929688,68.52999877929688,68.53500366210938,68.52999877929688,68.53500366210938,467.0
2024-03-01 14:17:00,ACON,0.4000000059604645,0.4000000059604645,0.4000000059604645,0.4000000059604645,0.4000000059604645,450.0
2024-03-01 14:17:00,ACRS,1.2350000143051147,1.2350000143051147,1.2400000095367432,1.2300000190734863,1.2300000190734863,1159.0
2024-03-01 14:17:00,ADAP,1.5950000286102295,1.5950000286102295,1.5950000286102295,1.5950000286102295,1.5950000286102295,120.0
2024-03-01 14:17:00,ADIL,3.4999001026153564,3.4999001026153564,3.5,3.430000066757202,3.440000057220459,50467.0
2024-03-01 14:17:00,ADMA,5.554999828338623,5.554999828338623,5.557499885559082,5.550000190734863,5.554999828338623,3369.0
2024-03-01 14:17:00,ADPT,4.105000019073486,4.105000019073486,4.105000019073486,4.105000019073486,4.105000019073486,1458.0
2024-03-01 14:17:00,ADVM,1.9700000286102295,1.9700000286102295,1.975000023841858,1.9700000286102295,1.975000023841858,294.0
2024-03-01 14:17:00,AFMD,0.6748999953269958,0.6748999953269958,0.6800000071525574,0.670199990272522,0.6800000071525574,25768.0
2024-03-01 14:17:00,AGEN,0.6703500151634216,0.6703500151634216,0.6704000234603882,0.6703500151634216,0.6703500151634216,7508.0
2024-03-01 14:17:00,AGIO,32.7400016784668,32.7400016784668,32.77000045776367,32.7400016784668,32.7599983215332,2124.0
2024-03-01 14:17:00,AGRX,0.8399999737739563,0.8399999737739563,0.8399999737739563,0.8349999785423279,0.8349999785423279,251.0
2024-03-01 14:17:00,AHCO,10.510000228881836,10.510000228881836,10.520000457763672,10.510000228881836,10.520000457763672,1714.0
2024-03-01 14:17:00,AIRS,6.5,6.5,6.5,6.5,6.5,201.0
2024-03-01 14:17:00,AKBA,1.690000057220459,1.690000057220459,1.690000057220459,1.684999942779541,1.690000057220459,1748.0
2024-03-01 14:17:00,AKRO,29.565000534057617,29.565000534057617,29.56999969482422,29.524999618530273,29.524999618530273,2693.0
2024-03-01 14:17:00,ALDX,4.320000171661377,4.320000171661377,4.329999923706055,4.320000171661377,4.329999923706055,2935.0
2024-03-01 14:17:00,ALEC,7.5,7.5,7.5,7.489999771118164,7.5,1401.0
2024-03-01 14:17:00,ALGN,302.6499938964844,302.6499938964844,302.6499938964844,302.6499938964844,302.6499938964844,1013.0
2024-03-01 14:17:00,ALHC,5.690000057220459,5.690000057220459,5.690000057220459,5.679999828338623,5.690000057220459,1771.0
2024-03-01 14:17:00,ALIM,3.690000057220459,3.690000057220459,3.690000057220459,3.690000057220459,3.690000057220459,111.0
2024-03-01 14:17:00,ALLK,1.6799999475479126,1.6799999475479126,1.6799999475479126,1.6720000505447388,1.6799999475479126,3353.0
2024-03-01 14:17:00,ALLO,5.020100116729736,5.020100116729736,5.020100116729736,5.019999980926514,5.019999980926514,3390.0
2024-03-01 14:17:00,ALPN,36.114601135253906,36.114601135253906,36.114601135253906,36.114601135253906,36.114601135253906,430.0
2024-03-01 14:17:00,ALT,12.100000381469727,12.100000381469727,12.130000114440918,12.100000381469727,12.119999885559082,5654.0
2024-03-01 14:17:00,ALXO,15.045000076293945,15.045000076293945,15.045000076293945,15.045000076293945,15.045000076293945,1874.0
2024-03-01 14:17:00,AMED,93.44000244140625,93.44000244140625,93.44000244140625,93.44000244140625,93.44000244140625,562.0
2024-03-01 14:17:00,AMGN,280.9700012207031,280.9700012207031,281.04998779296875,280.9700012207031,281.04998779296875,6991.0
2024-03-01 14:17:00,AMLX,18.68000030517578,18.68000030517578,18.690000534057617,18.68000030517578,18.690000534057617,2446.0
2024-03-01 14:17:00,AMPH,45.500999450683594,45.500999450683594,45.51789855957031,45.5,45.512001037597656,2533.0
2024-03-01 14:17:00,AMRN,1.0549999475479126,1.0549999475479126,1.0549999475479126,1.0549999475479126,1.0549999475479126,10800.0
2024-03-01 14:17:00,ANGO,5.51140022277832,5.51140022277832,5.51140022277832,5.51140022277832,5.51140022277832,116.0
2024-03-01 14:17:00,APLS,64.9749984741211,64.9749984741211,64.9800033569336,64.97000122070312,64.97000122070312,1770.0
2024-03-01 14:17:00,APTO,1.7899999618530273,1.7899999618530273,1.7899999618530273,1.7899999618530273,1.7899999618530273,4674.0
2024-03-01 14:17:00,AQST,4.159999847412109,4.159999847412109,4.159999847412109,4.144999980926514,4.150000095367432,7073.0
2024-03-01 14:17:00,ARAY,2.640000104904175,2.640000104904175,2.640000104904175,2.640000104904175,2.640000104904175,140.0
2024-03-01 14:17:00,ARCT,39.709999084472656,39.709999084472656,39.709999084472656,39.709999084472656,39.709999084472656,771.0
2024-03-01 14:17:00,ARDX,9.479999542236328,9.479999542236328,9.499199867248535,9.479999542236328,9.499199867248535,2931.0
2024-03-01 14:17:00,ARQT,11.625,11.625,11.65999984741211,11.625,11.659799575805664,15018.0
2024-03-01 14:17:00,ARVN,48.630001068115234,48.630001068115234,48.70000076293945,48.630001068115234,48.650001525878906,1053.0
2024-03-01 14:17:00,ARWR,35.6974983215332,35.6974983215332,35.6974983215332,35.65999984741211,35.685001373291016,576.0
2024-03-01 14:17:00,ASRT,0.9069499969482422,0.9069499969482422,0.9069499969482422,0.9024999737739563,0.9061999917030334,300.0
2024-03-01 14:17:00,ATAI,2.1549999713897705,2.1549999713897705,2.1549999713897705,2.1549999713897705,2.1549999713897705,3117.0
2024-03-01 14:17:00,ATEC,13.46500015258789,13.46500015258789,13.470000267028809,13.46500015258789,13.470000267028809,2059.0
2024-03-01 14:17:00,ATOS,1.0098999738693237,1.0098999738693237,1.0098999738693237,1.0098999738693237,1.0098999738693237,5062.0
2024-03-01 14:17:00,ATRA,0.7889999747276306,0.7889999747276306,0.7900000214576721,0.7889999747276306,0.7900000214576721,3195.0
2024-03-01 14:17:00,ATRC,35.91999816894531,35.91999816894531,35.91999816894531,35.91999816894531,35.91999816894531,200.0
2024-03-01 14:17:00,ATXS,14.710000038146973,14.710000038146973,14.710000038146973,14.710000038146973,14.710000038146973,350.0
2024-03-01 14:17:00,AUGX,4.519999980926514,4.519999980926514,4.519999980926514,4.519999980926514,4.519999980926514,607.0
2024-03-01 14:17:00,AUPH,5.835000038146973,5.835000038146973,5.835000038146973,5.822500228881836,5.822500228881836,2920.0
2024-03-01 14:17:00,AURA,9.324999809265137,9.324999809265137,9.324999809265137,9.324999809265137,9.324999809265137,385.0
2024-03-01 14:17:00,AUTL,6.369999885559082,6.369999885559082,6.380000114440918,6.369999885559082,6.375,410.0
2024-03-01 14:17:00,AVDL,13.199999809265137,13.199999809265137,13.210000038146973,13.199999809265137,13.199999809265137,5016.0
2024-03-01 14:17:00,AVIR,4.46999979019165,4.46999979019165,4.46999979019165,4.46999979019165,4.46999979019165,211.0
2024-03-01 14:17:00,AXNX,67.45790100097656,67.45790100097656,67.45999908447266,67.44999694824219,67.45999908447266,1566.0
2024-03-01 14:17:00,AZN,64.69000244140625,64.69000244140625,64.70500183105469,64.68499755859375,64.70500183105469,7222.0
2024-03-01 14:17:00,AZTA,66.94000244140625,66.94000244140625,66.94000244140625,66.94000244140625,66.94000244140625,200.0
2024-03-01 14:17:00,BBIO,35.970001220703125,35.970001220703125,35.97999954223633,35.970001220703125,35.97999954223633,495.0
2024-03-01 14:17:00,BCAB,2.7249999046325684,2.7249999046325684,2.7249999046325684,2.7200000286102295,2.7249999046325684,600.0
2024-03-01 14:17:00,BCEL,0.27000001072883606,0.27000001072883606,0.27000001072883606,0.27000001072883606,0.27000001072883606,230.0
2024-03-01 14:17:00,BCRX,5.71999979019165,5.71999979019165,5.71999979019165,5.710000038146973,5.710000038146973,2087.0
2024-03-01 14:17:00,BCYC,26.079999923706055,26.079999923706055,26.079999923706055,26.079999923706055,26.079999923706055,170.0
2024-03-01 14:17:00,BDTX,4.860000133514404,4.860000133514404,4.869999885559082,4.860000133514404,4.869999885559082,3809.0
2024-03-01 14:17:00,BEAM,40.005001068115234,40.005001068115234,40.005001068115234,40.0,40.0,1074.0
2024-03-01 14:17:00,BGNE,167.22000122070312,167.22000122070312,167.22000122070312,167.22000122070312,167.22000122070312,509.0
2024-03-01 14:17:00,BGXX,0.25519999861717224,0.25519999861717224,0.25519999861717224,0.25519999861717224,0.25519999861717224,101.0
2024-03-01 14:17:00,BIIB,221.5,221.5,221.72999572753906,221.47999572753906,221.72999572753906,5386.0
2024-03-01 14:17:00,BIOL,0.1451999992132187,0.1451999992132187,0.14650000631809235,0.1451999992132187,0.1462000012397766,36419.0
2024-03-01 14:17:00,BIVI,2.0199999809265137,2.0199999809265137,2.0299999713897705,1.9600000381469727,1.965000033378601,43534.0
2024-03-01 14:17:00,BLRX,1.3877999782562256,1.3877999782562256,1.3877999782562256,1.3877999782562256,1.3877999782562256,729.0
2024-03-01 14:17:00,BLUE,1.6100000143051147,1.6100000143051147,1.6100000143051147,1.600000023841858,1.600000023841858,1054.0
2024-03-01 14:17:00,BMEA,18.389999389648438,18.389999389648438,18.399999618530273,18.3799991607666,18.399999618530273,3441.0
2024-03-01 14:17:00,BMRN,87.95999908447266,87.95999908447266,88.0,87.94000244140625,87.99500274658203,3113.0
2024-03-01 14:17:00,BNGO,1.2668999433517456,1.2668999433517456,1.2668999433517456,1.2649999856948853,1.2649999856948853,767.0
2024-03-01 14:17:00,BNTX,91.20999908447266,91.20999908447266,91.20999908447266,91.20999908447266,91.20999908447266,142.0
2024-03-01 14:17:00,BPMC,96.87000274658203,96.87000274658203,97.0199966430664,96.87000274658203,97.0,4187.0
2024-03-01 14:17:00,BRKR,88.45999908447266,88.45999908447266,88.45999908447266,88.44499969482422,88.44499969482422,881.0
2024-03-01 14:17:00,BSGM,0.6499999761581421,0.6499999761581421,0.6499999761581421,0.6499999761581421,0.6499999761581421,2155.0
2024-03-01 14:17:00,BTAI,3.184999942779541,3.184999942779541,3.184999942779541,3.180000066757202,3.180000066757202,240.0
2024-03-01 14:17:00,BTTX,0.18082499504089355,0.18082499504089355,0.18299999833106995,0.1800999939441681,0.18105000257492065,27818.0
2024-03-01 14:17:00,BVS,4.739999771118164,4.739999771118164,4.739999771118164,4.71999979019165,4.71999979019165,1139.0
2024-03-01 14:17:00,CABA,24.0,24.0,24.0,24.0,24.0,250.0
2024-03-01 14:17:00,CARA,0.9327999949455261,0.9327999949455261,0.9327999949455261,0.9327999949455261,0.9327999949455261,100.0
2024-03-01 14:17:00,CBAY,32.224998474121094,32.224998474121094,32.22999954223633,32.220001220703125,32.224998474121094,3308.0
2024-03-01 14:17:00,CCCC,11.015000343322754,11.015000343322754,11.015000343322754,11.005000114440918,11.010000228881836,1839.0
2024-03-01 14:17:00,CCRN,18.219999313354492,18.219999313354492,18.219999313354492,18.219999313354492,18.219999313354492,210.0
2024-03-01 14:17:00,CDMO,8.125,8.125,8.125,8.125,8.125,202.0
2024-03-01 14:17:00,CDNA,12.630000114440918,12.630000114440918,12.680000305175781,12.619999885559082,12.640000343322754,6120.0
2024-03-01 14:17:00,CDXS,4.570000171661377,4.570000171661377,4.579999923706055,4.570000171661377,4.571199893951416,1028.0
2024-03-01 14:17:00,CELC,16.837499618530273,16.837499618530273,16.837499618530273,16.760000228881836,16.760000228881836,320.0
2024-03-01 14:17:00,CELU,3.5799999237060547,3.5799999237060547,3.5799999237060547,3.5799999237060547,3.5799999237060547,681.0
2024-03-01 14:17:00,CERE,41.102500915527344,41.102500915527344,41.10499954223633,41.102500915527344,41.102500915527344,1196.0
2024-03-01 14:17:00,CERS,2.18969988822937,2.18969988822937,2.18969988822937,2.184999942779541,2.184999942779541,223.0
2024-03-01 14:17:00,CERT,17.950000762939453,17.950000762939453,17.950000762939453,17.940000534057617,17.940000534057617,824.0
2024-03-01 14:17:00,CGC,3.2249999046325684,3.2249999046325684,3.2249999046325684,3.2149999141693115,3.2149999141693115,5742.0
2024-03-01 14:17:00,CGEN,2.671999931335449,2.671999931335449,2.671999931335449,2.671999931335449,2.671999931335449,200.0
2024-03-01 14:17:00,CGTX,2.030100107192993,2.030100107192993,2.030100107192993,2.030100107192993,2.030100107192993,174.0
2024-03-01 14:17:00,CHRS,2.4149999618530273,2.4149999618530273,2.4200000762939453,2.4100000858306885,2.4149999618530273,1695.0
2024-03-01 14:17:00,CJJD,2.949899911880493,2.949899911880493,2.949899911880493,2.9200000762939453,2.9200000762939453,1055.0
2024-03-01 14:17:00,CKPT,2.190000057220459,2.190000057220459,2.2049999237060547,2.190000057220459,2.200000047683716,2200.0
2024-03-01 14:17:00,CLDX,52.310001373291016,52.310001373291016,52.310001373291016,51.91999816894531,51.91999816894531,3298.0
2024-03-01 14:17:00,CLNN,0.38510099053382874,0.38510099053382874,0.38737601041793823,0.38499999046325684,0.38499999046325684,807.0
2024-03-01 14:17:00,CLOV,0.863099992275238,0.863099992275238,0.8633000254631042,0.863099992275238,0.8631500005722046,215363.0
2024-03-01 14:17:00,CLPT,6.570000171661377,6.570000171661377,6.59499979019165,6.570000171661377,6.59499979019165,954.0
2024-03-01 14:17:00,CLRB,4.090000152587891,4.090000152587891,4.099999904632568,4.090000152587891,4.099999904632568,1000.0
2024-03-01 14:17:00,CMPS,11.600000381469727,11.600000381469727,11.65999984741211,11.569999694824219,11.569999694824219,10318.0
2024-03-01 14:17:00,CNSP,0.328900009393692,0.328900009393692,0.328900009393692,0.328900009393692,0.328900009393692,500.0
2024-03-01 14:17:00,CNTA,10.899999618530273,10.899999618530273,10.899999618530273,10.899999618530273,10.899999618530273,201.0
2024-03-01 14:17:00,COGT,7.300000190734863,7.300000190734863,7.300000190734863,7.255000114440918,7.255000114440918,43146.0
2024-03-01 14:17:00,CORT,24.350000381469727,24.350000381469727,24.350000381469727,24.350000381469727,24.350000381469727,251.0
2024-03-01 14:17:00,COSM,0.7699999809265137,0.7699999809265137,0.7699999809265137,0.7699999809265137,0.7699999809265137,10800.0
2024-03-01 14:17:00,CPRX,17.239999771118164,17.239999771118164,17.239999771118164,17.239999771118164,17.239999771118164,627.0
2024-03-01 14:17:00,CRBU,7.90500020980835,7.90500020980835,7.90500020980835,7.90500020980835,7.90500020980835,507.0
2024-03-01 14:17:00,CRDF,2.5910000801086426,2.5910000801086426,2.6168999671936035,2.549999952316284,2.5859999656677246,66524.0
2024-03-01 14:17:00,CRNX,46.650001525878906,46.650001525878906,46.650001525878906,46.630001068115234,46.630001068115234,246.0
2024-03-01 14:17:00,CRON,2.0450000762939453,2.0450000762939453,2.049999952316284,2.04010009765625,2.0450000762939453,1351.0
2024-03-01 14:17:00,CRSP,85.56999969482422,85.56999969482422,85.56999969482422,85.56999969482422,85.56999969482422,478.0
2024-03-01 14:17:00,CTKB,9.029999732971191,9.029999732971191,9.029999732971191,9.020000457763672,9.024999618530273,1111.0
2024-03-01 14:17:00,CTMX,2.569999933242798,2.569999933242798,2.5799999237060547,2.569999933242798,2.5799999237060547,600.0
2024-03-01 14:17:00,CTXR,0.7724000215530396,0.7724000215530396,0.7724000215530396,0.7700999975204468,0.7700999975204468,313.0
2024-03-01 14:17:00,CVAC,3.4649999141693115,3.4649999141693115,3.4700000286102295,3.4625000953674316,3.4700000286102295,1238.0
2024-03-01 14:17:00,CYCC,2.799999952316284,2.799999952316284,2.799999952316284,2.799999952316284,2.799999952316284,138.0
2024-03-01 14:17:00,CYTK,73.36000061035156,73.36000061035156,73.36000061035156,73.16000366210938,73.16000366210938,1985.0
2024-03-01 14:17:00,DARE,0.5730000138282776,0.5730000138282776,0.5730000138282776,0.5730000138282776,0.5730000138282776,500.0
2024-03-01 14:17:00,DAWN,17.68000030517578,17.68000030517578,17.684499740600586,17.670000076293945,17.670000076293945,1897.0
2024-03-01 14:17:00,DCGO,4.140200138092041,4.140200138092041,4.140200138092041,4.139999866485596,4.139999866485596,418.0
2024-03-01 14:17:00,DCPH,17.56999969482422,17.56999969482422,17.56999969482422,17.55500030517578,17.55500030517578,682.0
2024-03-01 14:17:00,DH,8.890000343322754,8.890000343322754,8.890000343322754,8.890000343322754,8.890000343322754,101.0
2024-03-01 14:17:00,DMTK,0.838923990726471,0.838923990726471,0.8399999737739563,0.8299999833106995,0.8299999833106995,4680.0
2024-03-01 14:17:00,DNLI,21.3700008392334,21.3700008392334,21.3700008392334,21.360000610351562,21.360000610351562,524.0
2024-03-01 14:17:00,DTIL,12.460000038146973,12.460000038146973,12.460000038146973,12.4399995803833,12.458399772644043,1101.0
2024-03-01 14:17:00,DVAX,12.829999923706055,12.829999923706055,12.829999923706055,12.829999923706055,12.829999923706055,374.0
2024-03-01 14:17:00,DXCM,122.2300033569336,122.2300033569336,122.2300033569336,122.18000030517578,122.19000244140625,4485.0
2024-03-01 14:17:00,DYN,29.03499984741211,29.03499984741211,29.03499984741211,28.969999313354492,28.969999313354492,1944.0
2024-03-01 14:17:00,EDAP,6.809999942779541,6.809999942779541,6.809999942779541,6.809999942779541,6.809999942779541,207.0
2024-03-01 14:17:00,EDIT,10.914999961853027,10.914999961853027,10.920000076293945,10.914999961853027,10.920000076293945,350.0
2024-03-01 14:17:00,EFTR,15.850000381469727,15.850000381469727,16.0,15.850000381469727,15.875,2525.0
2024-03-01 14:17:00,EIGR,7.199999809265137,7.199999809265137,7.199999809265137,7.199999809265137,7.199999809265137,766.0
2024-03-01 14:17:00,ELEV,5.099999904632568,5.099999904632568,5.099999904632568,5.090000152587891,5.090000152587891,7492.0
2024-03-01 14:17:00,ELOX,0.8799999952316284,0.8799999952316284,0.8799999952316284,0.8799999952316284,0.8799999952316284,2000.0
2024-03-01 14:17:00,EMBC,14.300000190734863,14.300000190734863,14.305000305175781,14.300000190734863,14.300000190734863,1286.0
2024-03-01 14:17:00,ENSG,121.7699966430664,121.7699966430664,121.7699966430664,121.7699966430664,121.7699966430664,111.0
2024-03-01 14:17:00,ENTA,15.420000076293945,15.420000076293945,15.420000076293945,15.390000343322754,15.390000343322754,5184.0
2024-03-01 14:17:00,ENVB,1.5399999618530273,1.5399999618530273,1.5399999618530273,1.5299999713897705,1.5299999713897705,18183.0
2024-03-01 14:17:00,ERAS,2.5299999713897705,2.5299999713897705,2.5299999713897705,2.5299999713897705,2.5299999713897705,618.0
2024-03-01 14:17:00,ESPR,2.555000066757202,2.555000066757202,2.559999942779541,2.555000066757202,2.559999942779541,1678.0
2024-03-01 14:17:00,ETNB,12.9399995803833,12.9399995803833,12.949999809265137,12.9399995803833,12.949999809265137,382.0
2024-03-01 14:17:00,EVAX,3.440000057220459,3.440000057220459,3.450000047683716,3.440000057220459,3.450000047683716,200.0
2024-03-01 14:17:00,EWTX,17.010000228881836,17.010000228881836,17.010000228881836,17.010000228881836,17.010000228881836,723.0
2024-03-01 14:17:00,EXAI,6.699999809265137,6.699999809265137,6.710000038146973,6.699999809265137,6.710000038146973,2690.0
2024-03-01 14:17:00,EXAS,59.959999084472656,59.959999084472656,60.07500076293945,59.959999084472656,60.06999969482422,4317.0
2024-03-01 14:17:00,EXEL,22.44499969482422,22.44499969482422,22.454999923706055,22.440000534057617,22.450000762939453,6893.0
2024-03-01 14:17:00,EYEN,2.365000009536743,2.365000009536743,2.369999885559082,2.365000009536743,2.369999885559082,1081.0
2024-03-01 14:17:00,EYPT,27.989999771118164,27.989999771118164,28.010000228881836,27.989999771118164,28.010000228881836,698.0
2024-03-01 14:17:00,FATE,7.795000076293945,7.795000076293945,7.795000076293945,7.785099983215332,7.785099983215332,1761.0
2024-03-01 14:17:00,FDMT,29.485000610351562,29.485000610351562,29.5,29.485000610351562,29.5,465.0
2024-03-01 14:17:00,FGEN,1.8700000047683716,1.8700000047683716,1.8700000047683716,1.8700000047683716,1.8700000047683716,993.0
2024-03-01 14:17:00,FLGT,23.229999542236328,23.229999542236328,23.229999542236328,23.229999542236328,23.229999542236328,1070.0
2024-03-01 14:17:00,FOLD,13.385000228881836,13.385000228881836,13.385000228881836,13.385000228881836,13.385000228881836,101.0
2024-03-01 14:17:00,FULC,11.0,11.0,11.0,11.0,11.0,100.0
2024-03-01 14:17:00,FUSN,12.279999732971191,12.279999732971191,12.279999732971191,12.270000457763672,12.270000457763672,1611.0
2024-03-01 14:17:00,FWBI,8.800100326538086,8.800100326538086,8.989999771118164,8.800100326538086,8.949999809265137,2886.0
2024-03-01 14:17:00,GDRX,8.385000228881836,8.385000228881836,8.385000228881836,8.385000228881836,8.385000228881836,1794.0
2024-03-01 14:17:00,GERN,2.2750000953674316,2.2750000953674316,2.2799999713897705,2.2699999809265137,2.2699999809265137,41396.0
2024-03-01 14:17:00,GH,19.1200008392334,19.1200008392334,19.1299991607666,19.1200008392334,19.1299991607666,3079.0
2024-03-01 14:17:00,GILD,72.43499755859375,72.43499755859375,72.45999908447266,72.43499755859375,72.45500183105469,2239.0
2024-03-01 14:17:00,GLTO,0.7799000144004822,0.7799000144004822,0.7799000144004822,0.7799000144004822,0.7799000144004822,40000.0
2024-03-01 14:17:00,GLYC,3.0,3.0,3.0,3.0,3.0,300.0
2024-03-01 14:17:00,GMAB,29.450000762939453,29.450000762939453,29.450000762939453,29.44499969482422,29.44499969482422,496.0
2024-03-01 14:17:00,GMDA,0.3799000084400177,0.3799000084400177,0.3799000084400177,0.3799000084400177,0.3799000084400177,203.0
2024-03-01 14:17:00,GOSS,1.434999942779541,1.434999942779541,1.434999942779541,1.434999942779541,1.434999942779541,483.0
2024-03-01 14:17:00,GRFS,7.025000095367432,7.025000095367432,7.034999847412109,7.0106000900268555,7.03000020980835,34783.0
2024-03-01 14:17:00,GRPH,3.4600000381469727,3.4600000381469727,3.4600000381469727,3.4600000381469727,3.4600000381469727,100.0
2024-03-01 14:17:00,GRTS,2.069999933242798,2.069999933242798,2.0850000381469727,2.069999933242798,2.0850000381469727,4848.0
2024-03-01 14:17:00,GTHX,3.807499885559082,3.807499885559082,3.807499885559082,3.807499885559082,3.807499885559082,110.0
2024-03-01 14:17:00,HALO,41.349998474121094,41.349998474121094,41.375,41.349998474121094,41.375,2029.0
2024-03-01 14:17:00,HBIO,4.329999923706055,4.329999923706055,4.329999923706055,4.329999923706055,4.329999923706055,214.0
2024-03-01 14:17:00,HCAT,8.194999694824219,8.194999694824219,8.199999809265137,8.194999694824219,8.199999809265137,663.0
2024-03-01 14:17:00,HCM,15.210000038146973,15.210000038146973,15.210000038146973,15.210000038146973,15.210000038146973,141.0
2024-03-01 14:17:00,HCSG,12.614999771118164,12.614999771118164,12.630000114440918,12.609999656677246,12.630000114440918,2377.0
2024-03-01 14:17:00,HCTI,2.2699999809265137,2.2699999809265137,2.2699999809265137,2.25,2.259999990463257,1007.0
2024-03-01 14:17:00,HITI,1.7549999952316284,1.7549999952316284,1.7599999904632568,1.7549999952316284,1.7599999904632568,700.0
2024-03-01 14:17:00,HLTH,0.26499998569488525,0.26499998569488525,0.26499998569488525,0.26499998569488525,0.26499998569488525,769.0
2024-03-01 14:17:00,HLVX,19.024999618530273,19.024999618530273,19.024999618530273,19.024999618530273,19.024999618530273,201.0
2024-03-01 14:17:00,HOLX,74.36000061035156,74.36000061035156,74.36000061035156,74.36000061035156,74.36000061035156,222.0
2024-03-01 14:17:00,HPCO,0.2500999867916107,0.2500999867916107,0.2500999867916107,0.2500999867916107,0.2500999867916107,5858.0
2024-03-01 14:17:00,HQY,81.51000213623047,81.51000213623047,81.51000213623047,81.51000213623047,81.51000213623047,176.0
2024-03-01 14:17:00,HROW,10.880000114440918,10.880000114440918,10.880000114440918,10.880000114440918,10.880000114440918,999.0
2024-03-01 14:17:00,HRTX,2.5799999237060547,2.5799999237060547,2.5799999237060547,2.572200059890747,2.5799999237060547,3802.0
2024-03-01 14:17:00,HSCS,0.11760000139474869,0.11760000139474869,0.1185000017285347,0.11760000139474869,0.1185000017285347,370.0
2024-03-01 14:17:00,HSIC,76.78500366210938,76.78500366210938,76.78500366210938,76.77999877929688,76.77999877929688,589.0
2024-03-01 14:17:00,HUMA,3.2507998943328857,3.2507998943328857,3.2699999809265137,3.25,3.2699999809265137,15678.0
2024-03-01 14:17:00,IART,36.412498474121094,36.412498474121094,36.41999816894531,36.400001525878906,36.400001525878906,798.0
2024-03-01 14:17:00,IBRX,4.869999885559082,4.869999885559082,4.870100021362305,4.864999771118164,4.870100021362305,5619.0
2024-03-01 14:17:00,ICCC,5.340000152587891,5.340000152587891,5.340000152587891,5.340000152587891,5.340000152587891,190.0
2024-03-01 14:17:00,ICCM,1.309999942779541,1.309999942779541,1.309999942779541,1.309999942779541,1.309999942779541,100.0
2024-03-01 14:17:00,ICUI,105.90499877929688,105.90499877929688,105.90499877929688,105.90499877929688,105.90499877929688,159.0
2024-03-01 14:17:00,IDXX,580.0549926757812,580.0549926757812,580.0549926757812,580.0,580.0,1246.0
2024-03-01 14:17:00,IDYA,46.904998779296875,46.904998779296875,46.904998779296875,46.904998779296875,46.904998779296875,109.0
2024-03-01 14:17:00,IFRX,1.75,1.75,1.75,1.75,1.75,1300.0
2024-03-01 14:17:00,ILMN,142.11000061035156,142.11000061035156,142.17999267578125,142.11000061035156,142.1699981689453,1098.0
2024-03-01 14:17:00,IMCR,68.0,68.0,68.02999877929688,67.98999786376953,67.98999786376953,1539.0
2024-03-01 14:17:00,IMMP,2.311300039291382,2.311300039291382,2.311300039291382,2.311300039291382,2.311300039291382,255.0
2024-03-01 14:17:00,IMMX,3.509999990463257,3.509999990463257,3.5199999809265137,3.509999990463257,3.5199999809265137,1317.0
2024-03-01 14:17:00,IMNM,25.389999389648438,25.389999389648438,25.389999389648438,25.3799991607666,25.3799991607666,577.0
2024-03-01 14:17:00,IMUX,1.4700000286102295,1.4700000286102295,1.4700000286102295,1.4700000286102295,1.4700000286102295,204.0
2024-03-01 14:17:00,IMVT,35.94499969482422,35.94499969482422,35.94499969482422,35.94499969482422,35.94499969482422,552.0
2024-03-01 14:17:00,INBX,36.599998474121094,36.599998474121094,36.599998474121094,36.599998474121094,36.599998474121094,656.0
2024-03-01 14:17:00,INCY,59.5099983215332,59.5099983215332,59.54999923706055,59.5099983215332,59.5099983215332,32259.0
2024-03-01 14:17:00,INGN,6.739999771118164,6.739999771118164,6.7779998779296875,6.739999771118164,6.7779998779296875,5015.0
2024-03-01 14:17:00,INMD,22.895000457763672,22.895000457763672,22.895000457763672,22.895000457763672,22.895000457763672,376.0
2024-03-01 14:17:00,INO,9.722000122070312,9.722000122070312,9.770000457763672,9.699999809265137,9.699999809265137,8033.0
2024-03-01 14:17:00,INSM,28.239999771118164,28.239999771118164,28.25,28.219999313354492,28.219999313354492,2637.0
2024-03-01 14:17:00,INVA,15.454999923706055,15.454999923706055,15.460000038146973,15.454999923706055,15.460000038146973,997.0
2024-03-01 14:17:00,IONS,46.0,46.0,46.0,45.97999954223633,45.97999954223633,844.0
2024-03-01 14:17:00,IOVA,16.9950008392334,16.9950008392334,17.0,16.989999771118164,16.989999771118164,4855.0
2024-03-01 14:17:00,IPSC,3.990000009536743,3.990000009536743,3.990000009536743,3.990000009536743,3.990000009536743,212.0
2024-03-01 14:17:00,IRWD,9.055000305175781,9.055000305175781,9.0600004196167,9.050000190734863,9.0600004196167,4084.0
2024-03-01 14:17:00,ISRG,397.8599853515625,397.8599853515625,398.1199951171875,397.7099914550781,398.0150146484375,13112.0
2024-03-01 14:17:00,ITCI,72.06500244140625,72.06500244140625,72.21499633789062,72.05000305175781,72.20500183105469,3439.0
2024-03-01 14:17:00,ITRM,1.305799961090088,1.305799961090088,1.305799961090088,1.305799961090088,1.305799961090088,5000.0
2024-03-01 14:17:00,IVVD,3.9730000495910645,3.9730000495910645,3.9730000495910645,3.9730000495910645,3.9730000495910645,201.0
2024-03-01 14:17:00,JAGX,0.07850000262260437,0.07850000262260437,0.0794999971985817,0.07800000160932541,0.07940000295639038,285400.0
2024-03-01 14:17:00,JANX,46.0,46.0,46.04999923706055,46.0,46.04999923706055,4719.0
2024-03-01 14:17:00,JAZZ,119.19000244140625,119.19000244140625,119.20999908447266,119.19000244140625,119.19999694824219,1570.0
2024-03-01 14:17:00,JYNT,10.0600004196167,10.0600004196167,10.0600004196167,10.029999732971191,10.029999732971191,828.0
2024-03-01 14:17:00,KALA,7.409999847412109,7.409999847412109,7.409999847412109,7.409999847412109,7.409999847412109,705.0
2024-03-01 14:17:00,KALV,14.180000305175781,14.180000305175781,14.180000305175781,14.140000343322754,14.140000343322754,2707.0
2024-03-01 14:17:00,KNSA,21.850000381469727,21.850000381469727,21.87540054321289,21.850000381469727,21.87540054321289,634.0
2024-03-01 14:17:00,KNTE,2.5999999046325684,2.5999999046325684,2.5999999046325684,2.5999999046325684,2.5999999046325684,400.0
2024-03-01 14:17:00,KPTI,1.190000057220459,1.190000057220459,1.190000057220459,1.184999942779541,1.184999942779541,500.0
2024-03-01 14:17:00,KROS,70.08999633789062,70.08999633789062,70.11000061035156,70.0199966430664,70.11000061035156,3062.0
2024-03-01 14:17:00,KRTX,316.75,316.75,316.7699890136719,316.739990234375,316.7699890136719,1083.0
2024-03-01 14:17:00,KTRA,0.10189999639987946,0.10189999639987946,0.10189999639987946,0.10189999639987946,0.10189999639987946,100.0
2024-03-01 14:17:00,KURA,21.8700008392334,21.8700008392334,21.8700008392334,21.8700008392334,21.8700008392334,415.0
2024-03-01 14:17:00,KYMR,44.064998626708984,44.064998626708984,44.06999969482422,43.97999954223633,44.02000045776367,4076.0
2024-03-01 14:17:00,KZR,1.090000033378601,1.090000033378601,1.090000033378601,1.0850000381469727,1.0850000381469727,256.0
2024-03-01 14:17:00,LAB,2.4649999141693115,2.4649999141693115,2.4700000286102295,2.4649999141693115,2.4700000286102295,1488.0
2024-03-01 14:17:00,LBPH,21.860000610351562,21.860000610351562,21.895000457763672,21.860000610351562,21.8700008392334,1453.0
2024-03-01 14:17:00,LEXX,2.8499999046325684,2.8499999046325684,2.8499999046325684,2.8499999046325684,2.8499999046325684,600.0
2024-03-01 14:17:00,LFMD,7.920000076293945,7.920000076293945,7.920000076293945,7.920000076293945,7.920000076293945,100.0
2024-03-01 14:17:00,LGND,77.82479858398438,77.82479858398438,77.82479858398438,77.82479858398438,77.82479858398438,259.0
2024-03-01 14:17:00,LIXT,2.630000114440918,2.630000114440918,2.630000114440918,2.630000114440918,2.630000114440918,100.0
2024-03-01 14:17:00,LNTH,64.82499694824219,64.82499694824219,64.82499694824219,64.82499694824219,64.82499694824219,591.0
2024-03-01 14:17:00,LQDA,14.691499710083008,14.691499710083008,14.699999809265137,14.691499710083008,14.699999809265137,1247.0
2024-03-01 14:17:00,LUNG,9.5,9.5,9.5,9.479999542236328,9.5,586.0
2024-03-01 14:17:00,LVTX,2.7699999809265137,2.7699999809265137,2.7750000953674316,2.7699999809265137,2.7750000953674316,836.0
2024-03-01 14:17:00,LXRX,2.505000114440918,2.505000114440918,2.509999990463257,2.505000114440918,2.505000114440918,4940.0
2024-03-01 14:17:00,LYEL,3.1449999809265137,3.1449999809265137,3.1500000953674316,3.140700101852417,3.140700101852417,4162.0
2024-03-01 14:17:00,LYRA,5.659999847412109,5.659999847412109,5.659999847412109,5.650000095367432,5.650000095367432,1201.0
2024-03-01 14:17:00,MACK,14.710000038146973,14.710000038146973,14.710000038146973,14.699999809265137,14.699999809265137,649.0
2024-03-01 14:17:00,MASI,127.33999633789062,127.33999633789062,127.51000213623047,127.31999969482422,127.51000213623047,1971.0
2024-03-01 14:17:00,MASS,7.369999885559082,7.369999885559082,7.369999885559082,7.369999885559082,7.369999885559082,208.0
2024-03-01 14:17:00,MCRB,1.2200000286102295,1.2200000286102295,1.225000023841858,1.2200000286102295,1.225000023841858,6110.0
2024-03-01 14:17:00,MDGL,251.60000610351562,251.60000610351562,251.60000610351562,251.60000610351562,251.60000610351562,794.0
2024-03-01 14:17:00,MDRX,6.050000190734863,6.050000190734863,6.050000190734863,5.980000019073486,5.980000019073486,9466.0
2024-03-01 14:17:00,MDXG,8.65999984741211,8.65999984741211,8.65999984741211,8.649999618530273,8.649999618530273,988.0
2024-03-01 14:17:00,ME,0.558899998664856,0.558899998664856,0.5602999925613403,0.558899998664856,0.5601000189781189,10514.0
2024-03-01 14:17:00,MGNX,19.31999969482422,19.31999969482422,19.329999923706055,19.309999465942383,19.309999465942383,4316.0
2024-03-01 14:17:00,MLTX,50.86000061035156,50.86000061035156,50.880001068115234,50.845001220703125,50.869998931884766,1411.0
2024-03-01 14:17:00,MNKD,4.525000095367432,4.525000095367432,4.525000095367432,4.525000095367432,4.525000095367432,101.0
2024-03-01 14:17:00,MNMD,6.25,6.25,6.25,6.239999771118164,6.239999771118164,991.0
2024-03-01 14:17:00,MNOV,1.3899999856948853,1.3899999856948853,1.3899999856948853,1.3899999856948853,1.3899999856948853,104.0
2024-03-01 14:17:00,MNPR,0.8675000071525574,0.8675000071525574,0.8675000071525574,0.859000027179718,0.859499990940094,2049.0
2024-03-01 14:17:00,MODV,28.094999313354492,28.094999313354492,28.094999313354492,28.030000686645508,28.030000686645508,914.0
2024-03-01 14:17:00,MORF,39.560001373291016,39.560001373291016,39.560001373291016,39.529998779296875,39.529998779296875,406.0
2024-03-01 14:17:00,MREO,3.984999895095825,3.984999895095825,4.010000228881836,3.984999895095825,3.994999885559082,22809.0
2024-03-01 14:17:00,MRNA,95.34600067138672,95.34600067138672,95.34600067138672,95.32499694824219,95.32499694824219,1642.0
2024-03-01 14:17:00,MRNS,10.449999809265137,10.449999809265137,10.470000267028809,10.449999809265137,10.460100173950195,5117.0
2024-03-01 14:17:00,MRSN,6.005000114440918,6.005000114440918,6.010000228881836,5.989999771118164,5.989999771118164,1797.0
2024-03-01 14:17:00,MRVI,7.755000114440918,7.755000114440918,7.769999980926514,7.755000114440918,7.769999980926514,2246.0
2024-03-01 14:17:00,MXCT,4.760000228881836,4.760000228881836,4.760000228881836,4.755000114440918,4.755000114440918,946.0
2024-03-01 14:17:00,NARI,45.75,45.75,45.970001220703125,45.75,45.970001220703125,6823.0
2024-03-01 14:17:00,NBIX,131.67999267578125,131.67999267578125,131.74000549316406,131.63999938964844,131.63999938964844,4363.0
2024-03-01 14:17:00,NDRA,1.160099983215332,1.160099983215332,1.160099983215332,1.160099983215332,1.160099983215332,100.0
2024-03-01 14:17:00,NEO,16.100000381469727,16.100000381469727,16.100000381469727,16.100000381469727,16.100000381469727,111.0
2024-03-01 14:17:00,NEOG,17.415000915527344,17.415000915527344,17.415000915527344,17.40999984741211,17.415000915527344,730.0
2024-03-01 14:17:00,NGM,1.5199999809265137,1.5199999809265137,1.524999976158142,1.5199999809265137,1.5199999809265137,2755.0
2024-03-01 14:17:00,NKTR,0.7785999774932861,0.7785999774932861,0.7800999879837036,0.7767760157585144,0.7800999879837036,2683.0
2024-03-01 14:17:00,NKTX,12.800000190734863,12.800000190734863,12.800000190734863,12.760000228881836,12.760000228881836,4233.0
2024-03-01 14:17:00,NNOX,10.90999984741211,10.90999984741211,10.920000076293945,10.904999732971191,10.90999984741211,4264.0
2024-03-01 14:17:00,NOTV,8.0600004196167,8.0600004196167,8.104999542236328,8.0600004196167,8.100000381469727,2301.0
2024-03-01 14:17:00,NPCE,16.19499969482422,16.19499969482422,16.19499969482422,16.19499969482422,16.19499969482422,100.0
2024-03-01 14:17:00,NRBO,6.119999885559082,6.119999885559082,6.119999885559082,6.119999885559082,6.119999885559082,170.0
2024-03-01 14:17:00,NRIX,13.694999694824219,13.694999694824219,13.710000038146973,13.694999694824219,13.699999809265137,631.0
2024-03-01 14:17:00,NRXP,0.4260990023612976,0.4260990023612976,0.4260990023612976,0.4260990023612976,0.4260990023612976,200.0
2024-03-01 14:17:00,NTLA,33.47999954223633,33.47999954223633,33.47999954223633,33.470001220703125,33.470001220703125,869.0
2024-03-01 14:17:00,NTRA,89.31999969482422,89.31999969482422,89.41000366210938,89.31999969482422,89.41000366210938,2384.0
2024-03-01 14:17:00,NUTX,0.1136000007390976,0.1136000007390976,0.11389999836683273,0.1136000007390976,0.1136000007390976,5884.0
2024-03-01 14:17:00,NUVL,87.69000244140625,87.69000244140625,87.69499969482422,87.69000244140625,87.69499969482422,441.0
2024-03-01 14:17:00,NVAX,5.239999771118164,5.239999771118164,5.249899864196777,5.239999771118164,5.239999771118164,6308.0
2024-03-01 14:17:00,NVCR,16.020000457763672,16.020000457763672,16.020000457763672,16.010000228881836,16.010000228881836,693.0
2024-03-01 14:17:00,NXTC,1.8697999715805054,1.8697999715805054,1.8700000047683716,1.840000033378601,1.8550000190734863,3475.0
2024-03-01 14:17:00,OCGN,0.9510999917984009,0.9510999917984009,0.9549000263214111,0.9510999917984009,0.9549000263214111,1225.0
2024-03-01 14:17:00,OCUL,10.744999885559082,10.744999885559082,10.755000114440918,10.710000038146973,10.710000038146973,13361.0
2024-03-01 14:17:00,OGI,2.174999952316284,2.174999952316284,2.174999952316284,2.174999952316284,2.174999952316284,253.0
2024-03-01 14:17:00,OLK,22.905000686645508,22.905000686645508,22.90999984741211,22.895000457763672,22.899999618530273,6104.0
2024-03-01 14:17:00,OLMA,14.92490005493164,14.92490005493164,14.960000038146973,14.92490005493164,14.95989990234375,1014.0
2024-03-01 14:17:00,OM,3.190000057220459,3.190000057220459,3.190000057220459,3.180999994277954,3.180999994277954,467.0
2024-03-01 14:17:00,OMCL,26.354999542236328,26.354999542236328,26.354999542236328,26.354999542236328,26.354999542236328,276.0
2024-03-01 14:17:00,OMER,4.809999942779541,4.809999942779541,4.809999942779541,4.809999942779541,4.809999942779541,399.0
2024-03-01 14:18:00,ABCL,5.162499904632568,5.162499904632568,5.175000190734863,5.162499904632568,5.175000190734863,4062.0
2024-03-01 14:18:00,ABOS,4.619999885559082,4.619999885559082,4.619999885559082,4.619999885559082,4.619999885559082,200.0
2024-03-01 14:18:00,ABSI,5.364999771118164,5.364999771118164,5.368199825286865,5.360000133514404,5.36299991607666,985.0
2024-03-01 14:18:00,ABUS,2.746000051498413,2.746000051498413,2.746000051498413,2.746000051498413,2.746000051498413,325.0
2024-03-01 14:18:00,ACAD,24.229999542236328,24.229999542236328,24.239999771118164,24.229999542236328,24.239999771118164,909.0
2024-03-01 14:18:00,ACB,3.190000057220459,3.190000057220459,3.190000057220459,3.190000057220459,3.190000057220459,1821.0
2024-03-01 14:18:00,ACCD,10.100000381469727,10.100000381469727,10.100000381469727,10.100000381469727,10.100000381469727,1311.0
2024-03-01 14:18:00,ACET,2.4000000953674316,2.4000000953674316,2.4000000953674316,2.4000000953674316,2.4000000953674316,100.0
2024-03-01 14:18:00,ACHL,1.3600000143051147,1.3600000143051147,1.3600000143051147,1.3600000143051147,1.3600000143051147,275.0
2024-03-01 14:18:00,ACON,0.4000000059604645,0.4000000059604645,0.4000000059604645,0.4000000059604645,0.4000000059604645,245.0
2024-03-01 14:18:00,ACONW,0.05009499937295914,0.05009499937295914,0.05009499937295914,0.05009499937295914,0.05009499937295914,5000.0
2024-03-01 14:18:00,ACRS,1.2400000095367432,1.2400000095367432,1.2400000095367432,1.2300000190734863,1.2400000095367432,6020.0
2024-03-01 14:18:00,ACST,3.390000104904175,3.390000104904175,3.390000104904175,3.390000104904175,3.390000104904175,817.0
2024-03-01 14:18:00,ADIL,3.4800000190734863,3.4800000190734863,3.5,3.450000047683716,3.4800000190734863,68561.0
2024-03-01 14:18:00,ADMA,5.545000076293945,5.545000076293945,5.559999942779541,5.545000076293945,5.550000190734863,8343.0
2024-03-01 14:18:00,ADPT,4.10890007019043,4.10890007019043,4.10890007019043,4.105000019073486,4.105000019073486,853.0
2024-03-01 14:18:00,ADUS,93.9800033569336,93.9800033569336,93.9800033569336,93.9800033569336,93.9800033569336,115.0
2024-03-01 14:18:00,ADVM,1.9700000286102295,1.9700000286102295,1.9700000286102295,1.9700000286102295,1.9700000286102295,905.0
2024-03-01 14:18:00,AFIB,0.210099995136261,0.210099995136261,0.210099995136261,0.210099995136261,0.210099995136261,847.0
2024-03-01 14:18:00,AFMD,0.675000011920929,0.675000011920929,0.675000011920929,0.670199990272522,0.670199990272522,6000.0
2024-03-01 14:18:00,AGEN,0.6703500151634216,0.6703500151634216,0.6704000234603882,0.6703000068664551,0.6704000234603882,9008.0
2024-03-01 14:18:00,AGIO,32.75,32.75,32.75,32.73500061035156,32.7400016784668,2373.0
2024-03-01 14:18:00,AHCO,10.515999794006348,10.515999794006348,10.515999794006348,10.515999794006348,10.515999794006348,101.0
2024-03-01 14:18:00,AIMD,0.949999988079071,0.949999988079071,0.949999988079071,0.949999988079071,0.949999988079071,100.0
2024-03-01 14:18:00,AKAN,0.21404999494552612,0.21404999494552612,0.21404999494552612,0.21404999494552612,0.21404999494552612,182.0
2024-03-01 14:18:00,AKBA,1.684999942779541,1.684999942779541,1.690000057220459,1.684999942779541,1.690000057220459,3540.0
2024-03-01 14:18:00,AKRO,29.549999237060547,29.549999237060547,29.56999969482422,29.520000457763672,29.56999969482422,1671.0
2024-03-01 14:18:00,AKYA,6.054999828338623,6.054999828338623,6.054999828338623,6.019999980926514,6.019999980926514,5406.0
2024-03-01 14:18:00,ALDX,4.320000171661377,4.320000171661377,4.324999809265137,4.320000171661377,4.320000171661377,733.0
2024-03-01 14:18:00,ALEC,7.5,7.5,7.5,7.5,7.5,1966.0
2024-03-01 14:18:00,ALGS,1.0801000595092773,1.0801000595092773,1.0850000381469727,1.0801000595092773,1.0850000381469727,200.0
2024-03-01 14:18:00,ALHC,5.690000057220459,5.690000057220459,5.690000057220459,5.679999828338623,5.690000057220459,510.0
2024-03-01 14:18:00,ALKS,30.235000610351562,30.235000610351562,30.235000610351562,30.235000610351562,30.235000610351562,214.0
2024-03-01 14:18:00,ALLK,1.6749999523162842,1.6749999523162842,1.6749999523162842,1.6712000370025635,1.6749999523162842,616.0
2024-03-01 14:18:00,ALLO,5.019999980926514,5.019999980926514,5.020100116729736,5.019999980926514,5.020100116729736,794.0
2024-03-01 14:18:00,ALPN,36.029998779296875,36.029998779296875,36.15999984741211,36.029998779296875,36.1150016784668,11951.0
2024-03-01 14:18:00,ALT,12.119999885559082,12.119999885559082,12.119999885559082,12.095000267028809,12.095000267028809,5118.0
2024-03-01 14:18:00,ALVR,0.7549999952316284,0.7549999952316284,0.7549999952316284,0.7547000050544739,0.7549999952316284,1076.0
2024-03-01 14:18:00,AMGN,280.989990234375,280.989990234375,281.0028076171875,280.94000244140625,280.9700012207031,2970.0
2024-03-01 14:18:00,AMLX,18.68000030517578,18.68000030517578,18.68000030517578,18.65999984741211,18.65999984741211,678.0
2024-03-01 14:18:00,AMRN,1.0549999475479126,1.0549999475479126,1.0551999807357788,1.0549999475479126,1.0549999475479126,925.0
2024-03-01 14:18:00,ANGO,5.510000228881836,5.510000228881836,5.510000228881836,5.510000228881836,5.510000228881836,312.0
2024-03-01 14:18:00,ANIP,67.0250015258789,67.0250015258789,67.0250015258789,67.0250015258789,67.0250015258789,183.0
2024-03-01 14:18:00,ANNX,6.110000133514404,6.110000133514404,6.119999885559082,6.099999904632568,6.099999904632568,5254.0
2024-03-01 14:18:00,ANTX,3.0299999713897705,3.0299999713897705,3.0299999713897705,3.0299999713897705,3.0299999713897705,4323.0
2024-03-01 14:18:00,APLS,64.88600158691406,64.88600158691406,64.95500183105469,64.88600158691406,64.94000244140625,3259.0
2024-03-01 14:18:00,APLT,7.130000114440918,7.130000114440918,7.139999866485596,7.119999885559082,7.139999866485596,7849.0
2024-03-01 14:18:00,APVO,0.16314999759197235,0.16314999759197235,0.16314999759197235,0.16314999759197235,0.16314999759197235,100.0
2024-03-01 14:18:00,AQST,4.150000095367432,4.150000095367432,4.150000095367432,4.150000095367432,4.150000095367432,300.0
2024-03-01 14:18:00,ARDX,9.484999656677246,9.484999656677246,9.489999771118164,9.484999656677246,9.484999656677246,579.0
2024-03-01 14:18:00,ARGX,392.82000732421875,392.82000732421875,392.8299865722656,392.82000732421875,392.8299865722656,379.0
2024-03-01 14:18:00,ARQT,11.585000038146973,11.585000038146973,11.619999885559082,11.585000038146973,11.619999885559082,36424.0
2024-03-01 14:18:00,ARVN,48.564998626708984,48.564998626708984,48.689998626708984,48.564998626708984,48.630001068115234,1254.0
2024-03-01 14:18:00,ARWR,35.7400016784668,35.7400016784668,35.7400016784668,35.70970153808594,35.70970153808594,1787.0
2024-03-01 14:18:00,ASRT,0.9039999842643738,0.9039999842643738,0.9099000096321106,0.9039999842643738,0.9039999842643738,13300.0
2024-03-01 14:18:00,ATAI,2.1500000953674316,2.1500000953674316,2.1549999713897705,2.1500000953674316,2.1549999713897705,2420.0
2024-03-01 14:18:00,ATEC,13.40999984741211,13.40999984741211,13.46500015258789,13.40999984741211,13.460000038146973,11332.0
2024-03-01 14:18:00,ATRA,0.7873499989509583,0.7873499989509583,0.7914999723434448,0.7860000133514404,0.7879999876022339,27181.0
2024-03-01 14:18:00,ATRC,35.900001525878906,35.900001525878906,35.91999816894531,35.900001525878906,35.91999816894531,280.0
2024-03-01 14:18:00,ATXS,14.779999732971191,14.779999732971191,14.779999732971191,14.710000038146973,14.710000038146973,3294.0
2024-03-01 14:18:00,AUPH,5.835000038146973,5.835000038146973,5.835000038146973,5.835000038146973,5.835000038146973,1475.0
2024-03-01 14:18:00,AUTL,6.380000114440918,6.380000114440918,6.380000114440918,6.380000114440918,6.380000114440918,410.0
2024-03-01 14:18:00,AVDL,13.210000038146973,13.210000038146973,13.220000267028809,13.199999809265137,13.199999809265137,25768.0
2024-03-01 14:18:00,AVIR,4.465000152587891,4.465000152587891,4.465000152587891,4.465000152587891,4.465000152587891,922.0
2024-03-01 14:18:00,AVXL,5.335000038146973,5.335000038146973,5.340000152587891,5.335000038146973,5.335000038146973,500.0
2024-03-01 14:18:00,AXGN,10.569999694824219,10.569999694824219,10.569999694824219,10.550000190734863,10.550000190734863,3183.0
2024-03-01 14:18:00,AZN,64.69999694824219,64.69999694824219,64.69999694824219,64.69499969482422,64.69999694824219,4127.0
2024-03-01 14:18:00,AZTA,66.94000244140625,66.94000244140625,66.94000244140625,66.94000244140625,66.94000244140625,228.0
2024-03-01 14:18:00,BBIO,35.960601806640625,35.960601806640625,36.0099983215332,35.960601806640625,36.0099983215332,1654.0
2024-03-01 14:18:00,BBLG,2.5399999618530273,2.5399999618530273,2.5399999618530273,2.5299999713897705,2.5299999713897705,329.0
2024-03-01 14:18:00,BCAB,2.7249999046325684,2.7249999046325684,2.7300000190734863,2.7200000286102295,2.7200000286102295,1217.0
2024-03-01 14:18:00,BCDA,0.5699999928474426,0.5699999928474426,0.5699999928474426,0.5698999762535095,0.5698999762535095,2000.0
2024-03-01 14:18:00,BCEL,0.27000001072883606,0.27000001072883606,0.27000001072883606,0.27000001072883606,0.27000001072883606,419.0
2024-03-01 14:18:00,BCRX,5.715000152587891,5.715000152587891,5.71999979019165,5.710000038146973,5.71999979019165,1300.0
2024-03-01 14:18:00,BCTX,3.5065999031066895,3.5065999031066895,3.5065999031066895,3.5065999031066895,3.5065999031066895,100.0
2024-03-01 14:18:00,BCYC,26.079999923706055,26.079999923706055,26.079999923706055,26.06999969482422,26.06999969482422,734.0
2024-03-01 14:18:00,BDTX,4.820000171661377,4.820000171661377,4.855000019073486,4.820000171661377,4.849999904632568,11844.0
2024-03-01 14:18:00,BEAM,39.97999954223633,39.97999954223633,39.97999954223633,39.97999954223633,39.97999954223633,535.0
2024-03-01 14:18:00,BGXX,0.25949999690055847,0.25949999690055847,0.25949999690055847,0.25519999861717224,0.25519999861717224,1347.0
2024-03-01 14:18:00,BIIB,221.47999572753906,221.47999572753906,221.62249755859375,221.47999572753906,221.55499267578125,2740.0
2024-03-01 14:18:00,BIOL,0.14499999582767487,0.14499999582767487,0.1451999992132187,0.14499999582767487,0.1451999992132187,20700.0
2024-03-01 14:18:00,BIOR,1.100000023841858,1.100000023841858,1.100000023841858,1.0950000286102295,1.0950000286102295,3449.0
2024-03-01 14:18:00,BIVI,2.009999990463257,2.009999990463257,2.0299999713897705,2.0,2.009999990463257,33965.0
2024-03-01 14:18:00,BLRX,1.3877999782562256,1.3877999782562256,1.3877999782562256,1.3877999782562256,1.3877999782562256,799.0
2024-03-01 14:18:00,BLUE,1.6100000143051147,1.6100000143051147,1.6100000143051147,1.6050000190734863,1.6074999570846558,1790.0
2024-03-01 14:18:00,BMEA,18.395000457763672,18.395000457763672,18.395000457763672,18.395000457763672,18.395000457763672,441.0
2024-03-01 14:18:00,BMRN,87.9749984741211,87.9749984741211,87.9749984741211,87.93499755859375,87.93499755859375,1181.0
2024-03-01 14:18:00,BNGO,1.2649999856948853,1.2649999856948853,1.2649999856948853,1.26010000705719,1.26010000705719,1648.0
2024-03-01 14:18:00,BNR,0.8194500207901001,0.8194500207901001,0.8194500207901001,0.819100022315979,0.819100022315979,293.0
2024-03-01 14:18:00,BNTX,91.20999908447266,91.20999908447266,91.20999908447266,91.20999908447266,91.20999908447266,272.0
2024-03-01 14:18:00,BOLT,1.2000000476837158,1.2000000476837158,1.2000999450683594,1.2000000476837158,1.2000999450683594,2198.0
2024-03-01 14:18:00,BPMC,96.9000015258789,96.9000015258789,96.90499877929688,96.83999633789062,96.90499877929688,580.0
2024-03-01 14:18:00,BPTH,6.230000019073486,6.230000019073486,6.230000019073486,6.230000019073486,6.230000019073486,854.0
2024-03-01 14:18:00,BRKR,88.5,88.5,88.55000305175781,88.45999908447266,88.45999908447266,1901.0
2024-03-01 14:18:00,BTAI,3.184999942779541,3.184999942779541,3.184999942779541,3.184999942779541,3.184999942779541,120.0
2024-03-01 14:18:00,BVS,4.724999904632568,4.724999904632568,4.724999904632568,4.724999904632568,4.724999904632568,113.0
2024-03-01 14:18:00,BYSI,1.49590003490448,1.49590003490448,1.49590003490448,1.49590003490448,1.49590003490448,840.0
2024-03-01 14:18:00,CABA,23.989999771118164,23.989999771118164,24.0,23.989999771118164,24.0,1103.0
2024-03-01 14:18:00,CARA,0.9399999976158142,0.9399999976158142,0.9399999976158142,0.9391999840736389,0.9399999976158142,9095.0
2024-03-01 14:18:00,CBAY,32.22999954223633,32.22999954223633,32.22999954223633,32.220001220703125,32.22999954223633,3448.0
2024-03-01 14:18:00,CCCC,11.005000114440918,11.005000114440918,11.017499923706055,11.005000114440918,11.015000343322754,2782.0
2024-03-01 14:18:00,CCRN,18.235000610351562,18.235000610351562,18.235000610351562,18.235000610351562,18.235000610351562,388.0
2024-03-01 14:18:00,CDMO,8.125,8.125,8.1274995803833,8.125,8.1274995803833,474.0
2024-03-01 14:18:00,CDNA,12.59000015258789,12.59000015258789,12.603599548339844,12.59000015258789,12.603599548339844,1600.0
2024-03-01 14:18:00,CDXS,4.605000019073486,4.605000019073486,4.605000019073486,4.570000171661377,4.570000171661377,13743.0
2024-03-01 14:18:00,CELC,16.860000610351562,16.860000610351562,16.860000610351562,16.739999771118164,16.739999771118164,1170.0
2024-03-01 14:18:00,CERE,41.102500915527344,41.102500915527344,41.11000061035156,41.102500915527344,41.102500915527344,730.0
2024-03-01 14:18:00,CERS,2.184999942779541,2.184999942779541,2.184999942779541,2.184999942779541,2.184999942779541,202.0
2024-03-01 14:18:00,CERT,17.950000762939453,17.950000762939453,17.950000762939453,17.950000762939453,17.950000762939453,2070.0
2024-03-01 14:18:00,CGC,3.2249999046325684,3.2249999046325684,3.2249999046325684,3.2200000286102295,3.2249999046325684,6376.0
2024-03-01 14:18:00,CGEN,2.674999952316284,2.674999952316284,2.674999952316284,2.674999952316284,2.674999952316284,998.0
2024-03-01 14:18:00,CHRS,2.4149999618530273,2.4149999618530273,2.4200000762939453,2.4100000858306885,2.4100000858306885,6256.0
2024-03-01 14:18:00,CING,1.341599941253662,1.341599941253662,1.341599941253662,1.341599941253662,1.341599941253662,616.0
2024-03-01 14:18:00,CKPT,2.190000057220459,2.190000057220459,2.190000057220459,2.190000057220459,2.190000057220459,100.0
2024-03-01 14:18:00,CLDX,52.2599983215332,52.2599983215332,52.34000015258789,52.2599983215332,52.310001373291016,1721.0
2024-03-01 14:18:00,CLNN,0.38499999046325684,0.38499999046325684,0.38499999046325684,0.38499999046325684,0.38499999046325684,1257.0
2024-03-01 14:18:00,CLOV,0.8632000088691711,0.8632000088691711,0.8632000088691711,0.863099992275238,0.8632000088691711,27468.0
2024-03-01 14:18:00,CLPT,6.53000020980835,6.53000020980835,6.53000020980835,6.53000020980835,6.53000020980835,560.0
2024-03-01 14:18:00,CLRB,4.093299865722656,4.093299865722656,4.093299865722656,4.093299865722656,4.093299865722656,1026.0
2024-03-01 14:18:00,CMPS,11.604999542236328,11.604999542236328,11.619999885559082,11.604999542236328,11.609999656677246,2319.0
2024-03-01 14:18:00,CNSP,0.3199999928474426,0.3199999928474426,0.3230000138282776,0.3199999928474426,0.3230000138282776,2825.0
2024-03-01 14:18:00,COGT,7.295000076293945,7.295000076293945,7.295000076293945,7.295000076293945,7.295000076293945,810.0
2024-03-01 14:18:00,CORT,24.344999313354492,24.344999313354492,24.344999313354492,24.334999084472656,24.34000015258789,2317.0
2024-03-01 14:18:00,COSM,0.7799999713897705,0.7799999713897705,0.7799999713897705,0.7799999713897705,0.7799999713897705,6454.0
2024-03-01 14:18:00,CPRX,17.229999542236328,17.229999542236328,17.25,17.229999542236328,17.239999771118164,8757.0
2024-03-01 14:18:00,CPSI,9.5,9.5,9.5,9.5,9.5,286.0
2024-03-01 14:18:00,CRBP,32.625,32.625,32.625,32.625,32.625,101.0
2024-03-01 14:18:00,CRBU,7.90910005569458,7.90910005569458,7.90910005569458,7.900000095367432,7.90500020980835,490.0
2024-03-01 14:18:00,CRDF,2.590100049972534,2.590100049972534,2.619999885559082,2.569999933242798,2.6166999340057373,59029.0
2024-03-01 14:18:00,CRMD,3.684999942779541,3.684999942779541,3.684999942779541,3.684999942779541,3.684999942779541,221.0
2024-03-01 14:18:00,CRNX,46.63999938964844,46.63999938964844,46.63999938964844,46.630001068115234,46.630001068115234,356.0
2024-03-01 14:18:00,CRON,2.049999952316284,2.049999952316284,2.049999952316284,2.0450000762939453,2.049999952316284,316.0
2024-03-01 14:18:00,CRSP,85.55999755859375,85.55999755859375,85.55999755859375,85.50550079345703,85.50550079345703,749.0
2024-03-01 14:18:00,CTKB,9.015000343322754,9.015000343322754,9.024999618530273,9.015000343322754,9.020000457763672,2049.0
2024-03-01 14:18:00,CTMX,2.569999933242798,2.569999933242798,2.569999933242798,2.569999933242798,2.569999933242798,100.0
2024-03-01 14:18:00,CUE,2.177999973297119,2.177999973297119,2.180000066757202,2.174999952316284,2.180000066757202,1538.0
2024-03-01 14:18:00,CUTR,2.384999990463257,2.384999990463257,2.390000104904175,2.384999990463257,2.390000104904175,8351.0
2024-03-01 14:18:00,CVAC,3.4600000381469727,3.4600000381469727,3.4600000381469727,3.4600000381469727,3.4600000381469727,286.0
2024-03-01 14:18:00,CVRX,20.510000228881836,20.510000228881836,20.510000228881836,20.510000228881836,20.510000228881836,205.0
2024-03-01 14:18:00,CYTH,1.6397000551223755,1.6397000551223755,1.6397000551223755,1.6397000551223755,1.6397000551223755,112.0
2024-03-01 14:18:00,CYTK,73.30999755859375,73.30999755859375,73.36000061035156,73.30999755859375,73.31999969482422,456.0
2024-03-01 14:18:00,DARE,0.5709999799728394,0.5709999799728394,0.5709999799728394,0.5647000074386597,0.5709999799728394,10554.0
2024-03-01 14:18:00,DAWN,17.68000030517578,17.68000030517578,17.68000030517578,17.68000030517578,17.68000030517578,597.0
2024-03-01 14:18:00,DCGO,4.139999866485596,4.139999866485596,4.144999980926514,4.139999866485596,4.144999980926514,350.0
2024-03-01 14:18:00,DCPH,17.575000762939453,17.575000762939453,17.575000762939453,17.56999969482422,17.56999969482422,1468.0
2024-03-01 14:18:00,DH,8.890000343322754,8.890000343322754,8.899999618530273,8.890000343322754,8.899999618530273,413.0
2024-03-01 14:18:00,DMTK,0.8399999737739563,0.8399999737739563,0.8399999737739563,0.8395000100135803,0.839900016784668,26639.0
2024-03-01 14:18:00,DNLI,21.3799991607666,21.3799991607666,21.3799991607666,21.3700008392334,21.3700008392334,1766.0
2024-03-01 14:18:00,DTIL,12.4399995803833,12.4399995803833,12.4399995803833,12.4399995803833,12.4399995803833,263.0
2024-03-01 14:18:00,DVAX,12.835000038146973,12.835000038146973,12.835000038146973,12.835000038146973,12.835000038146973,236.0
2024-03-01 14:18:00,DXCM,122.16999816894531,122.16999816894531,122.20999908447266,122.1500015258789,122.20999908447266,6319.0
2024-03-01 14:18:00,EDIT,10.90999984741211,10.90999984741211,10.920000076293945,10.90999984741211,10.920000076293945,3742.0
2024-03-01 14:18:00,ELEV,5.079999923706055,5.079999923706055,5.099999904632568,5.079999923706055,5.099999904632568,3002.0
2024-03-01 14:18:00,ENSG,121.83999633789062,121.83999633789062,121.83999633789062,121.83999633789062,121.83999633789062,518.0
2024-03-01 14:18:00,ENVB,1.5379999876022339,1.5379999876022339,1.5399999618530273,1.534999966621399,1.5398999452590942,4134.0
2024-03-01 14:18:00,ERAS,2.5250000953674316,2.5250000953674316,2.5299999713897705,2.5199999809265137,2.5299999713897705,6464.0
2024-03-01 14:18:00,ESPR,2.549999952316284,2.549999952316284,2.555000066757202,2.549999952316284,2.549999952316284,25908.0
2024-03-01 14:18:00,ESTA,44.755001068115234,44.755001068115234,44.790000915527344,44.650001525878906,44.712501525878906,16199.0
2024-03-01 14:18:00,ETNB,12.930000305175781,12.930000305175781,12.954999923706055,12.930000305175781,12.949999809265137,4832.0
2024-03-01 14:18:00,ETON,4.480000019073486,4.480000019073486,4.480000019073486,4.480000019073486,4.480000019073486,318.0
2024-03-01 14:18:00,EWTX,17.014999389648438,17.014999389648438,17.027000427246094,17.010000228881836,17.010000228881836,1001.0
2024-03-01 14:18:00,EXAS,59.91999816894531,59.91999816894531,59.959999084472656,59.91999816894531,59.939998626708984,1664.0
2024-03-01 14:18:00,EXEL,22.469999313354492,22.469999313354492,22.469999313354492,22.450000762939453,22.450000762939453,3840.0
2024-03-01 14:18:00,EYPT,27.93000030517578,27.93000030517578,27.9950008392334,27.920000076293945,27.9950008392334,1645.0
2024-03-01 14:18:00,FATE,7.784999847412109,7.784999847412109,7.795000076293945,7.784999847412109,7.795000076293945,1959.0
2024-03-01 14:18:00,FDMT,29.485000610351562,29.485000610351562,29.485000610351562,29.485000610351562,29.485000610351562,559.0
2024-03-01 14:18:00,FEMY,1.7200000286102295,1.7200000286102295,1.7300000190734863,1.7200000286102295,1.7300000190734863,800.0
2024-03-01 14:18:00,FGEN,1.8650000095367432,1.8650000095367432,1.8700000047683716,1.8650000095367432,1.8700000047683716,1312.0
2024-03-01 14:18:00,FHTX,8.010000228881836,8.010000228881836,8.010000228881836,8.010000228881836,8.010000228881836,100.0
2024-03-01 14:18:00,FOLD,13.385000228881836,13.385000228881836,13.385000228881836,13.385000228881836,13.385000228881836,271.0
2024-03-01 14:18:00,FULC,11.005000114440918,11.005000114440918,11.005000114440918,11.005000114440918,11.005000114440918,272.0
2024-03-01 14:18:00,FWBI,8.949999809265137,8.949999809265137,8.989999771118164,8.920000076293945,8.920000076293945,4238.0
2024-03-01 14:18:00,GBIO,2.630000114440918,2.630000114440918,2.630000114440918,2.630000114440918,2.630000114440918,100.0
2024-03-01 14:18:00,GDRX,8.390000343322754,8.390000343322754,8.390000343322754,8.385000228881836,8.385000228881836,2128.0
2024-03-01 14:18:00,GENE,2.3499999046325684,2.3499999046325684,2.3499999046325684,2.3499999046325684,2.3499999046325684,1447.0
2024-03-01 14:18:00,GERN,2.2750000953674316,2.2750000953674316,2.2799999713897705,2.2699999809265137,2.2699999809265137,37612.0
2024-03-01 14:18:00,GH,19.114999771118164,19.114999771118164,19.114999771118164,19.114999771118164,19.114999771118164,616.0
2024-03-01 14:18:00,GILD,72.45999908447266,72.45999908447266,72.45999908447266,72.43000030517578,72.43499755859375,6469.0
2024-03-01 14:18:00,GLUE,6.400000095367432,6.400000095367432,6.400000095367432,6.400000095367432,6.400000095367432,154.0
2024-03-01 14:18:00,GLYC,3.0,3.0,3.0,3.0,3.0,300.0
2024-03-01 14:18:00,GOSS,1.4249999523162842,1.4249999523162842,1.434999942779541,1.4249999523162842,1.434999942779541,12388.0
2024-03-01 14:18:00,GRFS,7.005000114440918,7.005000114440918,7.025000095367432,7.0,7.025000095367432,4481.0
2024-03-01 14:18:00,GRTS,2.049999952316284,2.049999952316284,2.0710999965667725,2.049999952316284,2.0710999965667725,7033.0
2024-03-01 14:18:00,GTHX,3.799999952316284,3.799999952316284,3.799999952316284,3.799999952316284,3.799999952316284,2531.0
2024-03-01 14:18:00,HARP,22.9424991607666,22.9424991607666,22.9424991607666,22.9424991607666,22.9424991607666,105.0
2024-03-01 14:18:00,HCAT,8.180000305175781,8.180000305175781,8.199999809265137,8.170000076293945,8.199999809265137,5095.0
2024-03-01 14:18:00,HCSG,12.635000228881836,12.635000228881836,12.635000228881836,12.619999885559082,12.619999885559082,3007.0
2024-03-01 14:18:00,HCTI,2.2699999809265137,2.2699999809265137,2.299999952316284,2.2699999809265137,2.299999952316284,837.0
2024-03-01 14:18:00,HLTH,0.26500099897384644,0.26500099897384644,0.26500099897384644,0.2621000111103058,0.26499998569488525,5352.0
2024-03-01 14:18:00,HLVX,19.024999618530273,19.024999618530273,19.024999618530273,19.024999618530273,19.024999618530273,355.0
2024-03-01 14:18:00,HOLX,74.3499984741211,74.3499984741211,74.37000274658203,74.34500122070312,74.37000274658203,1257.0
2024-03-01 14:18:00,HOOK,0.7800999879837036,0.7800999879837036,0.7800999879837036,0.7800999879837036,0.7800999879837036,127.0
2024-03-01 14:18:00,HQY,81.51000213623047,81.51000213623047,81.51000213623047,81.51000213623047,81.51000213623047,250.0
2024-03-01 14:18:00,HRMY,31.719999313354492,31.719999313354492,31.719999313354492,31.719999313354492,31.719999313354492,1049.0
2024-03-01 14:18:00,HROW,10.890000343322754,10.890000343322754,10.890000343322754,10.890000343322754,10.890000343322754,111.0
2024-03-01 14:18:00,HRTX,2.5799999237060547,2.5799999237060547,2.5799999237060547,2.569999933242798,2.569999933242798,811.0
2024-03-01 14:18:00,HSIC,76.79000091552734,76.79000091552734,76.80000305175781,76.79000091552734,76.80000305175781,1621.0
2024-03-01 14:18:00,HUMA,3.25,3.25,3.2588999271392822,3.25,3.25,5081.0
2024-03-01 14:18:00,IART,36.345001220703125,36.345001220703125,36.38999938964844,36.345001220703125,36.38999938964844,2395.0
2024-03-01 14:18:00,IBRX,4.869999885559082,4.869999885559082,4.875,4.869999885559082,4.875,1155.0
2024-03-01 14:18:00,ICLR,323.82000732421875,323.82000732421875,323.82000732421875,323.3450012207031,323.3450012207031,266.0
2024-03-01 14:18:00,IDYA,46.93000030517578,46.93000030517578,46.93000030517578,46.93000030517578,46.93000030517578,521.0
2024-03-01 14:18:00,IKNA,1.4800000190734863,1.4800000190734863,1.5,1.4800000190734863,1.5,365.0
2024-03-01 14:18:00,IKT,2.1449999809265137,2.1449999809265137,2.1449999809265137,2.1449999809265137,2.1449999809265137,166.0
2024-03-01 14:18:00,ILMN,142.07000732421875,142.07000732421875,142.125,142.0500030517578,142.125,2097.0
2024-03-01 14:18:00,IMMX,3.515000104904175,3.515000104904175,3.515000104904175,3.515000104904175,3.515000104904175,101.0
2024-03-01 14:18:00,IMTX,12.90999984741211,12.90999984741211,12.90999984741211,12.90999984741211,12.90999984741211,320.0
2024-03-01 14:18:00,IMUX,1.4802000522613525,1.4802000522613525,1.4900000095367432,1.475000023841858,1.475000023841858,11674.0
2024-03-01 14:18:00,IMVT,35.91999816894531,35.91999816894531,35.939998626708984,35.91999816894531,35.939998626708984,2948.0
2024-03-01 14:18:00,INBX,36.599998474121094,36.599998474121094,36.599998474121094,36.599998474121094,36.599998474121094,355.0
2024-03-01 14:18:00,INGN,6.730000019073486,6.730000019073486,6.730000019073486,6.730000019073486,6.730000019073486,255.0
2024-03-01 14:18:00,INMD,22.88010025024414,22.88010025024414,22.889999389648438,22.864999771118164,22.889999389648438,2404.0
2024-03-01 14:18:00,INO,9.6899995803833,9.6899995803833,9.720000267028809,9.6899995803833,9.720000267028809,1379.0
2024-03-01 14:18:00,INSM,28.209999084472656,28.209999084472656,28.229999542236328,28.209999084472656,28.229999542236328,850.0
2024-03-01 14:18:00,INVA,15.46500015258789,15.46500015258789,15.46500015258789,15.449999809265137,15.449999809265137,5196.0
2024-03-01 14:18:00,INZY,6.640100002288818,6.640100002288818,6.6407999992370605,6.635000228881836,6.635000228881836,6331.0
2024-03-01 14:18:00,IONS,46.03499984741211,46.03499984741211,46.03499984741211,45.97999954223633,45.97999954223633,1388.0
2024-03-01 14:18:00,IOVA,16.979999542236328,16.979999542236328,17.0,16.979999542236328,16.9950008392334,14741.0
2024-03-01 14:18:00,IPSC,3.9700000286102295,3.9700000286102295,3.9700000286102295,3.9700000286102295,3.9700000286102295,1216.0
2024-03-01 14:18:00,IRMD,41.560001373291016,41.560001373291016,41.560001373291016,41.560001373291016,41.560001373291016,550.0
2024-03-01 14:18:00,IRWD,9.055000305175781,9.055000305175781,9.0600004196167,9.050000190734863,9.055000305175781,6495.0
2024-03-01 14:18:00,ISRG,397.45001220703125,397.45001220703125,398.0098876953125,397.2099914550781,398.0098876953125,8121.0
2024-03-01 14:18:00,ITCI,72.1050033569336,72.1050033569336,72.1050033569336,72.08000183105469,72.08000183105469,444.0
2024-03-01 14:18:00,ITOS,11.390000343322754,11.390000343322754,11.430000305175781,11.329999923706055,11.40999984741211,4160.0
2024-03-01 14:18:00,IVVD,3.990000009536743,3.990000009536743,3.990000009536743,3.990000009536743,3.990000009536743,599.0
2024-03-01 14:18:00,IXHL,5.480000019073486,5.480000019073486,5.480000019073486,5.480000019073486,5.480000019073486,130.0
2024-03-01 14:18:00,JAGX,0.07800000160932541,0.07800000160932541,0.07850000262260437,0.07800000160932541,0.07819999754428864,148050.0
2024-03-01 14:18:00,JANX,45.95000076293945,45.95000076293945,46.04999923706055,45.86000061035156,46.0099983215332,16054.0
2024-03-01 14:18:00,JSPR,21.170000076293945,21.170000076293945,21.170000076293945,21.170000076293945,21.170000076293945,120.0
2024-03-01 14:18:00,KALA,7.440000057220459,7.440000057220459,7.440000057220459,7.440000057220459,7.440000057220459,303.0
2024-03-01 14:18:00,KALV,14.170000076293945,14.170000076293945,14.17199993133545,14.170000076293945,14.17199993133545,1114.0
2024-03-01 14:18:00,KNSA,21.84000015258789,21.84000015258789,21.860000610351562,21.84000015258789,21.850000381469727,995.0
2024-03-01 14:18:00,KNTE,2.5999999046325684,2.5999999046325684,2.5999999046325684,2.5999999046325684,2.5999999046325684,1118.0
2024-03-01 14:18:00,KOD,6.090000152587891,6.090000152587891,6.090000152587891,6.090000152587891,6.090000152587891,651.0
2024-03-01 14:18:00,KPTI,1.184999942779541,1.184999942779541,1.184999942779541,1.1799999475479126,1.184999942779541,2502.0
2024-03-01 14:18:00,KROS,70.11000061035156,70.11000061035156,70.11000061035156,70.11000061035156,70.11000061035156,289.0
2024-03-01 14:18:00,KURA,21.899999618530273,21.899999618530273,21.905000686645508,21.889999389648438,21.889999389648438,1695.0
2024-03-01 14:18:00,KYMR,44.029998779296875,44.029998779296875,44.05500030517578,44.029998779296875,44.05500030517578,1000.0
2024-03-01 14:18:00,KZR,1.090000033378601,1.090000033378601,1.090000033378601,1.090000033378601,1.090000033378601,810.0
2024-03-01 14:18:00,LAB,2.4549999237060547,2.4549999237060547,2.4700000286102295,2.4549999237060547,2.4600000381469727,29852.0
2024-03-01 14:18:00,LEGN,65.68000030517578,65.68000030517578,65.68000030517578,65.66000366210938,65.66999816894531,938.0
2024-03-01 14:18:00,LEXX,2.8499999046325684,2.8499999046325684,2.8499999046325684,2.8499999046325684,2.8499999046325684,410.0
2024-03-01 14:18:00,LFLY,2.9800000190734863,2.9800000190734863,2.9800000190734863,2.9800000190734863,2.9800000190734863,114.0
2024-03-01 14:18:00,LFMD,7.920000076293945,7.920000076293945,7.920000076293945,7.920000076293945,7.920000076293945,800.0
2024-03-01 14:18:00,LFST,7.715000152587891,7.715000152587891,7.71999979019165,7.715000152587891,7.71999979019165,2761.0
2024-03-01 14:18:00,LGND,77.80899810791016,77.80899810791016,77.80899810791016,77.69000244140625,77.69000244140625,575.0
2024-03-01 14:18:00,LMAT,68.0999984741211,68.0999984741211,68.0999984741211,68.0999984741211,68.0999984741211,188.0
2024-03-01 14:18:00,LPTX,2.9000000953674316,2.9000000953674316,2.9100000858306885,2.8907999992370605,2.9010000228881836,5922.0
2024-03-01 14:18:00,LTRN,4.380000114440918,4.380000114440918,4.380000114440918,4.380000114440918,4.380000114440918,500.0
2024-03-01 14:18:00,LUCD,1.2400000095367432,1.2400000095367432,1.2400000095367432,1.2400000095367432,1.2400000095367432,101.0
2024-03-01 14:18:00,LUNG,9.479999542236328,9.479999542236328,9.5,9.479999542236328,9.5,200.0
2024-03-01 14:18:00,LVTX,2.7699999809265137,2.7699999809265137,2.7999000549316406,2.740000009536743,2.7916998863220215,2075.0
2024-03-01 14:18:00,LXRX,2.505000114440918,2.505000114440918,2.509999990463257,2.505000114440918,2.505000114440918,2152.0
2024-03-01 14:18:00,MASI,127.26499938964844,127.26499938964844,127.26499938964844,127.26499938964844,127.26499938964844,286.0
2024-03-01 14:18:00,MCRB,1.2300000190734863,1.2300000190734863,1.2300000190734863,1.2263000011444092,1.2300000190734863,1856.0
2024-03-01 14:18:00,MDRX,5.980000019073486,5.980000019073486,6.050000190734863,5.980000019073486,5.980000019073486,47242.0
2024-03-01 14:18:00,MDXG,8.654999732971191,8.654999732971191,8.65999984741211,8.654999732971191,8.65999984741211,778.0
2024-03-01 14:18:00,ME,0.5580000281333923,0.5580000281333923,0.5590000152587891,0.5580000281333923,0.5590000152587891,7147.0
2024-03-01 14:18:00,MGNX,19.290000915527344,19.290000915527344,19.34000015258789,19.270000457763672,19.31999969482422,9405.0
2024-03-01 14:18:00,MLTX,50.630001068115234,50.630001068115234,50.849998474121094,50.630001068115234,50.849998474121094,3333.0
2024-03-01 14:18:00,MMSI,76.28199768066406,76.28199768066406,76.28199768066406,76.28199768066406,76.28199768066406,205.0
2024-03-01 14:18:00,MNKD,4.519999980926514,4.519999980926514,4.525000095367432,4.519999980926514,4.525000095367432,1270.0
2024-03-01 14:18:00,MNMD,6.255000114440918,6.255000114440918,6.259900093078613,6.2505998611450195,6.2505998611450195,3742.0
2024-03-01 14:18:00,MNOV,1.3875000476837158,1.3875000476837158,1.3875000476837158,1.3875000476837158,1.3875000476837158,165.0
2024-03-01 14:18:00,MORF,39.599998474121094,39.599998474121094,39.599998474121094,39.595001220703125,39.595001220703125,413.0
2024-03-01 14:18:00,MREO,3.984999895095825,3.984999895095825,3.984999895095825,3.984999895095825,3.984999895095825,161.0
2024-03-01 14:18:00,MRNA,95.39179992675781,95.39179992675781,95.4092025756836,95.3499984741211,95.3499984741211,3377.0
2024-03-01 14:18:00,MRSN,6.0,6.0,6.010000228881836,6.0,6.005000114440918,5313.0
2024-03-01 14:18:00,MRUS,51.11000061035156,51.11000061035156,51.16999816894531,51.060001373291016,51.150001525878906,3996.0
2024-03-01 14:18:00,MRVI,7.755000114440918,7.755000114440918,7.755000114440918,7.75,7.755000114440918,983.0
2024-03-01 14:18:00,MXCT,4.755000114440918,4.755000114440918,4.755000114440918,4.755000114440918,4.755000114440918,549.0
2024-03-01 14:18:00,MYGN,22.114999771118164,22.114999771118164,22.114999771118164,22.114999771118164,22.114999771118164,124.0
2024-03-01 14:18:00,MYNZ,0.8622009754180908,0.8622009754180908,0.8622009754180908,0.8622009754180908,0.8622009754180908,126.0
2024-03-01 14:18:00,NARI,45.76499938964844,45.76499938964844,45.76499938964844,45.75,45.75,497.0
2024-03-01 14:18:00,NBIX,131.66000366210938,131.66000366210938,131.77999877929688,131.66000366210938,131.77999877929688,2048.0
2024-03-01 14:18:00,NEO,16.100000381469727,16.100000381469727,16.110000610351562,16.100000381469727,16.110000610351562,263.0
2024-03-01 14:18:00,NEOG,17.415000915527344,17.415000915527344,17.420000076293945,17.415000915527344,17.420000076293945,454.0
2024-03-01 14:18:00,NGM,1.5199999809265137,1.5199999809265137,1.524999976158142,1.5199999809265137,1.5199999809265137,727.0
2024-03-01 14:18:00,NKTR,0.776199996471405,0.776199996471405,0.776199996471405,0.776199996471405,0.776199996471405,919.0
2024-03-01 14:18:00,NNOX,10.88010025024414,10.88010025024414,10.90999984741211,10.880000114440918,10.90999984741211,24318.0
2024-03-01 14:18:00,NOTV,8.069999694824219,8.069999694824219,8.076199531555176,8.069999694824219,8.076199531555176,201.0
2024-03-01 14:18:00,NPCE,16.276500701904297,16.276500701904297,16.276500701904297,16.276500701904297,16.276500701904297,731.0
2024-03-01 14:18:00,NRC,40.61000061035156,40.61000061035156,40.61000061035156,40.61000061035156,40.61000061035156,550.0
2024-03-01 14:18:00,NRIX,13.704999923706055,13.704999923706055,13.710000038146973,13.704999923706055,13.710000038146973,640.0
2024-03-01 14:18:00,NRXP,0.42111000418663025,0.42111000418663025,0.42111000418663025,0.42111000418663025,0.42111000418663025,640.0
2024-03-01 14:18:00,NTLA,33.52000045776367,33.52000045776367,33.52000045776367,33.505001068115234,33.505001068115234,3391.0
2024-03-01 14:18:00,NTRA,89.3499984741211,89.3499984741211,89.3499984741211,89.3499984741211,89.3499984741211,139.0
2024-03-01 14:18:00,NUTX,0.1137000024318695,0.1137000024318695,0.1137000024318695,0.1137000024318695,0.1137000024318695,262.0
2024-03-01 14:18:00,NUVL,87.61750030517578,87.61750030517578,87.61750030517578,87.58999633789062,87.5999984741211,685.0
2024-03-01 14:18:00,NVAX,5.240099906921387,5.240099906921387,5.247499942779541,5.239999771118164,5.243000030517578,1921.0
2024-03-01 14:18:00,NVCR,16.010000228881836,16.010000228881836,16.020000457763672,16.010000228881836,16.020000457763672,2154.0
2024-03-01 14:18:00,NXTC,1.8700000047683716,1.8700000047683716,1.8700000047683716,1.8700000047683716,1.8700000047683716,2475.0
2024-03-01 14:18:00,OCGN,0.9510999917984009,0.9510999917984009,0.9510999917984009,0.9510999917984009,0.9510999917984009,1000.0
2024-03-01 14:18:00,OCUL,10.75,10.75,10.760000228881836,10.744999885559082,10.75,2646.0
2024-03-01 14:18:00,OGI,2.1700000762939453,2.1700000762939453,2.174999952316284,2.1700000762939453,2.174999952316284,967.0
2024-03-01 14:18:00,OLK,22.905000686645508,22.905000686645508,22.905000686645508,22.905000686645508,22.905000686645508,549.0
2024-03-01 14:18:00,OLMA,14.890000343322754,14.890000343322754,14.930000305175781,14.890000343322754,14.920000076293945,4017.0
2024-03-01 14:18:00,OM,3.190000057220459,3.190000057220459,3.190000057220459,3.190000057220459,3.190000057220459,1193.0
2024-03-01 14:18:00,OMCL,26.3700008392334,26.3700008392334,26.3700008392334,26.3700008392334,26.3700008392334,945.0
2024-03-01 14:18:00,OMGA,4.389999866485596,4.389999866485596,4.389999866485596,4.380000114440918,4.389999866485596,9107.0
2024-03-01 14:19:00,ABCL,5.164999961853027,5.164999961853027,5.164999961853027,5.164999961853027,5.164999961853027,325.0
2024-03-01 14:19:00,ABEO,7.819900035858154,7.819900035858154,7.819900035858154,7.819900035858154,7.819900035858154,230.0
2024-03-01 14:19:00,ABIO,1.690000057220459,1.690000057220459,1.690000057220459,1.690000057220459,1.690000057220459,407.0
2024-03-01 14:19:00,ABOS,4.635000228881836,4.635000228881836,4.635000228881836,4.625,4.625,1235.0
2024-03-01 14:19:00,ABSI,5.420000076293945,5.420000076293945,5.429999828338623,5.360000133514404,5.360000133514404,35496.0
2024-03-01 14:19:00,ABUS,2.744999885559082,2.744999885559082,2.744999885559082,2.744999885559082,2.744999885559082,427.0
2024-03-01 14:19:00,ACAD,24.239999771118164,24.239999771118164,24.2450008392334,24.235000610351562,24.235000610351562,1024.0
2024-03-01 14:19:00,ACCD,10.100000381469727,10.100000381469727,10.100000381469727,10.09000015258789,10.09000015258789,838.0
2024-03-01 14:19:00,ACET,2.4000000953674316,2.4000000953674316,2.4000000953674316,2.4000000953674316,2.4000000953674316,327.0
2024-03-01 14:19:00,ACRS,1.2350000143051147,1.2350000143051147,1.2350000143051147,1.2350000143051147,1.2350000143051147,421.0
2024-03-01 14:19:00,ADIL,3.430000066757202,3.430000066757202,3.5,3.430000066757202,3.4600000381469727,69170.0
2024-03-01 14:19:00,ADMA,5.550000190734863,5.550000190734863,5.550000190734863,5.545000076293945,5.550000190734863,995.0
2024-03-01 14:19:00,ADPT,4.099999904632568,4.099999904632568,4.110000133514404,4.099999904632568,4.105000019073486,643.0
2024-03-01 14:19:00,ADVM,1.975000023841858,1.975000023841858,1.975000023841858,1.9700000286102295,1.9700000286102295,541.0
2024-03-01 14:19:00,AFMD,0.6798999905586243,0.6798999905586243,0.6798999905586243,0.675000011920929,0.675000011920929,16230.0
2024-03-01 14:19:00,AGEN,0.6704000234603882,0.6704000234603882,0.6704000234603882,0.6703000068664551,0.6703500151634216,13662.0
2024-03-01 14:19:00,AGIO,32.77000045776367,32.77000045776367,32.779998779296875,32.7400016784668,32.7400016784668,2799.0
2024-03-01 14:19:00,AGRX,0.8100000023841858,0.8100000023841858,0.8100000023841858,0.8100000023841858,0.8100000023841858,1500.0
2024-03-01 14:19:00,AHCO,10.510000228881836,10.510000228881836,10.515000343322754,10.510000228881836,10.510000228881836,885.0
2024-03-01 14:19:00,AIH,0.5049999952316284,0.5049999952316284,0.5049999952316284,0.5049999952316284,0.5049999952316284,1202.0
2024-03-01 14:19:00,AKBA,1.690000057220459,1.690000057220459,1.690000057220459,1.6849000453948975,1.690000057220459,3285.0
2024-03-01 14:19:00,AKRO,29.565000534057617,29.565000534057617,29.565000534057617,29.524999618530273,29.524999618530273,717.0
2024-03-01 14:19:00,AKYA,6.070000171661377,6.070000171661377,6.070000171661377,6.070000171661377,6.070000171661377,205.0
2024-03-01 14:19:00,ALDX,4.320000171661377,4.320000171661377,4.329999923706055,4.320000171661377,4.329999923706055,888.0
2024-03-01 14:19:00,ALEC,7.494999885559082,7.494999885559082,7.510000228881836,7.489999771118164,7.5,9185.0
2024-03-01 14:19:00,ALGN,302.4150085449219,302.4150085449219,302.4150085449219,302.239990234375,302.239990234375,730.0
2024-03-01 14:19:00,ALGS,1.0850000381469727,1.0850000381469727,1.0850000381469727,1.0800000429153442,1.0820000171661377,2000.0
2024-03-01 14:19:00,ALHC,5.690000057220459,5.690000057220459,5.690000057220459,5.690000057220459,5.690000057220459,2932.0
2024-03-01 14:19:00,ALKS,30.2450008392334,30.2450008392334,30.2450008392334,30.235000610351562,30.235000610351562,2091.0
2024-03-01 14:19:00,ALLK,1.6749999523162842,1.6749999523162842,1.6799999475479126,1.6749999523162842,1.6749999523162842,432.0
2024-03-01 14:19:00,ALLO,5.025000095367432,5.025000095367432,5.03000020980835,5.019999980926514,5.025000095367432,1923.0
2024-03-01 14:19:00,ALLR,0.400299996137619,0.400299996137619,0.40514999628067017,0.400299996137619,0.40514999628067017,4998.0
2024-03-01 14:19:00,ALNY,153.56500244140625,153.56500244140625,153.57000732421875,153.42999267578125,153.50999450683594,2681.0
2024-03-01 14:19:00,ALPN,36.04499816894531,36.04499816894531,36.04499816894531,36.04499816894531,36.04499816894531,4938.0
2024-03-01 14:19:00,ALT,12.119999885559082,12.119999885559082,12.130000114440918,12.119999885559082,12.130000114440918,2291.0
2024-03-01 14:19:00,ALVO,15.640000343322754,15.640000343322754,15.640000343322754,15.640000343322754,15.640000343322754,126.0
2024-03-01 14:19:00,ALXO,15.069999694824219,15.069999694824219,15.069999694824219,15.050000190734863,15.0600004196167,1511.0
2024-03-01 14:19:00,AMGN,280.9800109863281,280.9800109863281,281.0400085449219,280.9800109863281,281.010009765625,2649.0
2024-03-01 14:19:00,AMLX,18.69300079345703,18.69300079345703,18.700000762939453,18.68000030517578,18.68000030517578,2215.0
2024-03-01 14:19:00,AMPH,45.589298248291016,45.589298248291016,45.61000061035156,45.5,45.5,8953.0
2024-03-01 14:19:00,AMRN,1.0549999475479126,1.0549999475479126,1.059000015258789,1.0549999475479126,1.0549999475479126,1800.0
2024-03-01 14:19:00,ANAB,25.469999313354492,25.469999313354492,25.469999313354492,25.440000534057617,25.440000534057617,2062.0
2024-03-01 14:19:00,ANIK,24.979999542236328,24.979999542236328,24.979999542236328,24.979999542236328,24.979999542236328,283.0
2024-03-01 14:19:00,ANNX,6.110000133514404,6.110000133514404,6.110000133514404,6.099999904632568,6.099999904632568,1487.0
2024-03-01 14:19:00,APLS,64.8550033569336,64.8550033569336,64.87000274658203,64.83999633789062,64.8499984741211,1157.0
2024-03-01 14:19:00,APLT,7.110000133514404,7.110000133514404,7.119999885559082,7.110000133514404,7.119999885559082,302.0
2024-03-01 14:19:00,APVO,0.16009999811649323,0.16009999811649323,0.16019999980926514,0.16009999811649323,0.16009999811649323,6236.0
2024-03-01 14:19:00,AQST,4.159999847412109,4.159999847412109,4.159999847412109,4.144999980926514,4.150100231170654,4413.0
2024-03-01 14:19:00,ARDS,0.07400000095367432,0.07400000095367432,0.07400000095367432,0.07400000095367432,0.07400000095367432,126.0
2024-03-01 14:19:00,ARDX,9.5,9.5,9.5,9.484999656677246,9.484999656677246,3423.0
2024-03-01 14:19:00,ARQT,11.734999656677246,11.734999656677246,11.75,11.585000038146973,11.599900245666504,19410.0
2024-03-01 14:19:00,ARVN,48.83000183105469,48.83000183105469,48.83000183105469,48.529998779296875,48.529998779296875,8072.0
2024-03-01 14:19:00,ARWR,35.7599983215332,35.7599983215332,35.7599983215332,35.720001220703125,35.720001220703125,1399.0
2024-03-01 14:19:00,ASLN,0.7402999997138977,0.7402999997138977,0.7402999997138977,0.7394999861717224,0.7400000095367432,3314.0
2024-03-01 14:19:00,ASND,152.61500549316406,152.61500549316406,153.0,152.61000061035156,152.8000030517578,3541.0
2024-03-01 14:19:00,ASRT,0.9069499969482422,0.9069499969482422,0.9069499969482422,0.9039999842643738,0.9039999842643738,1400.0
2024-03-01 14:19:00,ATAI,2.1649999618530273,2.1649999618530273,2.1649999618530273,2.159899950027466,2.1600000858306885,3815.0
2024-03-01 14:19:00,ATEC,13.430000305175781,13.430000305175781,13.430000305175781,13.413999557495117,13.413999557495117,5610.0
2024-03-01 14:19:00,ATHA,4.019999980926514,4.019999980926514,4.019999980926514,4.010000228881836,4.010000228881836,3804.0
2024-03-01 14:19:00,ATNF,3.193000078201294,3.193000078201294,3.193000078201294,3.193000078201294,3.193000078201294,309.0
2024-03-01 14:19:00,ATOS,1.0099999904632568,1.0099999904632568,1.0099999904632568,1.0099999904632568,1.0099999904632568,270.0
2024-03-01 14:19:00,ATRA,0.786300003528595,0.786300003528595,0.786300003528595,0.786300003528595,0.786300003528595,800.0
2024-03-01 14:19:00,ATRC,35.939998626708984,35.939998626708984,35.939998626708984,35.93000030517578,35.93000030517578,388.0
2024-03-01 14:19:00,ATXI,0.15440000593662262,0.15440000593662262,0.15440000593662262,0.15440000593662262,0.15440000593662262,100.0
2024-03-01 14:19:00,ATXS,14.78499984741211,14.78499984741211,14.800000190734863,14.779999732971191,14.800000190734863,1922.0
2024-03-01 14:19:00,AUGX,4.519999980926514,4.519999980926514,4.519999980926514,4.519999980926514,4.519999980926514,200.0
2024-03-01 14:19:00,AUPH,5.835000038146973,5.835000038146973,5.835000038146973,5.835000038146973,5.835000038146973,1246.0
2024-03-01 14:19:00,AUTL,6.369999885559082,6.369999885559082,6.380000114440918,6.369999885559082,6.380000114440918,6363.0
2024-03-01 14:19:00,AVDL,13.25,13.25,13.265000343322754,13.21500015258789,13.220000267028809,12636.0
2024-03-01 14:19:00,AVIR,4.474999904632568,4.474999904632568,4.474999904632568,4.46999979019165,4.46999979019165,1172.0
2024-03-01 14:19:00,AVXL,5.355000019073486,5.355000019073486,5.355000019073486,5.335000038146973,5.335000038146973,3249.0
2024-03-01 14:19:00,AXNX,67.43000030517578,67.43000030517578,67.48999786376953,67.43000030517578,67.48999786376953,684.0
2024-03-01 14:19:00,AXSM,82.4000015258789,82.4000015258789,82.44999694824219,82.4000015258789,82.4000015258789,2109.0
2024-03-01 14:19:00,AZN,64.69000244140625,64.69000244140625,64.69999694824219,64.68499755859375,64.69000244140625,4697.0
2024-03-01 14:19:00,AZTA,66.94000244140625,66.94000244140625,66.94000244140625,66.94000244140625,66.94000244140625,209.0
2024-03-01 14:19:00,BBIO,36.05500030517578,36.05500030517578,36.08000183105469,35.98500061035156,35.98500061035156,1598.0
2024-03-01 14:19:00,BBLG,2.5499000549316406,2.5499000549316406,2.549999952316284,2.5350000858306885,2.5350000858306885,2198.0
2024-03-01 14:19:00,BCAB,2.740000009536743,2.740000009536743,2.740000009536743,2.740000009536743,2.740000009536743,178.0
2024-03-01 14:19:00,BCDA,0.574999988079071,0.574999988079071,0.574999988079071,0.5699999928474426,0.5699999928474426,31739.0
2024-03-01 14:19:00,BCLI,0.3452000021934509,0.3452000021934509,0.3452000021934509,0.3452000021934509,0.3452000021934509,1100.0
2024-03-01 14:19:00,BCRX,5.71999979019165,5.71999979019165,5.71999979019165,5.710100173950195,5.715000152587891,2089.0
2024-03-01 14:19:00,BCTX,3.5250000953674316,3.5250000953674316,3.5299999713897705,3.5,3.509999990463257,1202.0
2024-03-01 14:19:00,BCYC,26.049999237060547,26.049999237060547,26.049999237060547,26.049999237060547,26.049999237060547,118.0
2024-03-01 14:19:00,BDTX,4.869999885559082,4.869999885559082,4.869999885559082,4.829999923706055,4.829999923706055,8297.0
2024-03-01 14:19:00,BEAM,40.224998474121094,40.224998474121094,40.23759841918945,39.9900016784668,40.0,10382.0
2024-03-01 14:19:00,BGXX,0.25949999690055847,0.25949999690055847,0.25949999690055847,0.25519999861717224,0.25519999861717224,545.0
2024-03-01 14:19:00,BIIB,221.49000549316406,221.49000549316406,221.49000549316406,221.3800048828125,221.46499633789062,1392.0
2024-03-01 14:19:00,BIOL,0.14399999380111694,0.14399999380111694,0.1451999992132187,0.14399999380111694,0.14499999582767487,44170.0
2024-03-01 14:19:00,BIOR,1.100000023841858,1.100000023841858,1.100000023841858,1.100000023841858,1.100000023841858,504.0
2024-03-01 14:19:00,BIVI,2.009999990463257,2.009999990463257,2.0299999713897705,2.009999990463257,2.016400098800659,73155.0
2024-03-01 14:19:00,BLFS,18.25,18.25,18.25,18.209999084472656,18.209999084472656,3330.0
2024-03-01 14:19:00,BLUE,1.590000033378601,1.590000033378601,1.6100000143051147,1.590000033378601,1.6050000190734863,106881.0
2024-03-01 14:19:00,BMEA,18.3700008392334,18.3700008392334,18.3799991607666,18.3700008392334,18.3799991607666,991.0
2024-03-01 14:19:00,BMRN,87.98999786376953,87.98999786376953,87.98999786376953,87.9749984741211,87.9749984741211,836.0
2024-03-01 14:19:00,BNOX,1.2300000190734863,1.2300000190734863,1.2300000190734863,1.2300000190734863,1.2300000190734863,1818.0
2024-03-01 14:19:00,BNTX,91.2300033569336,91.2300033569336,91.2300033569336,91.21499633789062,91.21499633789062,333.0
2024-03-01 14:19:00,BOLT,1.2000000476837158,1.2000000476837158,1.2000000476837158,1.2000000476837158,1.2000000476837158,820.0
2024-03-01 14:19:00,BRKR,88.5199966430664,88.5199966430664,88.5199966430664,88.5,88.5,489.0
2024-03-01 14:19:00,BTAI,3.194999933242798,3.194999933242798,3.194999933242798,3.1842000484466553,3.1842000484466553,2499.0
2024-03-01 14:19:00,BTTX,0.18209999799728394,0.18209999799728394,0.18209999799728394,0.18199999630451202,0.18209999799728394,4818.0
2024-03-01 14:19:00,CABA,23.975000381469727,23.975000381469727,23.975000381469727,23.975000381469727,23.975000381469727,651.0
2024-03-01 14:19:00,CARA,0.9399999976158142,0.9399999976158142,0.940500020980835,0.9330989718437195,0.9399999976158142,4841.0
2024-03-01 14:19:00,CBAY,32.224998474121094,32.224998474121094,32.22999954223633,32.224998474121094,32.224998474121094,3489.0
2024-03-01 14:19:00,CCCC,11.015000343322754,11.015000343322754,11.015000343322754,11.0,11.0,2463.0
2024-03-01 14:19:00,CDMO,8.154999732971191,8.154999732971191,8.154999732971191,8.125,8.125,1645.0
2024-03-01 14:19:00,CDNA,12.640000343322754,12.640000343322754,12.640000343322754,12.59000015258789,12.59000015258789,2210.0
2024-03-01 14:19:00,CDXS,4.599999904632568,4.599999904632568,4.605000019073486,4.599999904632568,4.605000019073486,746.0
2024-03-01 14:19:00,CERE,41.102500915527344,41.102500915527344,41.11000061035156,41.102500915527344,41.10499954223633,1726.0
2024-03-01 14:19:00,CERT,17.950000762939453,17.950000762939453,17.959999084472656,17.950000762939453,17.950000762939453,1078.0
2024-03-01 14:19:00,CGC,3.2200000286102295,3.2200000286102295,3.2249999046325684,3.2200000286102295,3.2249999046325684,2152.0
2024-03-01 14:19:00,CGEM,18.780000686645508,18.780000686645508,18.799999237060547,18.764999389648438,18.764999389648438,1676.0
2024-03-01 14:19:00,CGEN,2.6763999462127686,2.6763999462127686,2.680000066757202,2.6740000247955322,2.674999952316284,2851.0
2024-03-01 14:19:00,CHRS,2.4149999618530273,2.4149999618530273,2.4200000762939453,2.4100000858306885,2.4100000858306885,451.0
2024-03-01 14:19:00,CKPT,2.190000057220459,2.190000057220459,2.190000057220459,2.190000057220459,2.190000057220459,100.0
2024-03-01 14:19:00,CLDX,52.209999084472656,52.209999084472656,52.275001525878906,52.209999084472656,52.25,1681.0
2024-03-01 14:19:00,CLOV,0.8658000230789185,0.8658000230789185,0.8697999715805054,0.8631500005722046,0.8631500005722046,85650.0
2024-03-01 14:19:00,CLPT,6.5,6.5,6.5,6.5,6.5,703.0
2024-03-01 14:19:00,CMMB,0.6481999754905701,0.6481999754905701,0.6481999754905701,0.6481999754905701,0.6481999754905701,200.0
2024-03-01 14:19:00,CMPS,11.65999984741211,11.65999984741211,11.65999984741211,11.609999656677246,11.609999656677246,1149.0
2024-03-01 14:19:00,COGT,7.295000076293945,7.295000076293945,7.297500133514404,7.295000076293945,7.297500133514404,901.0
2024-03-01 14:19:00,COLL,36.68000030517578,36.68000030517578,36.68000030517578,36.68000030517578,36.68000030517578,249.0
2024-03-01 14:19:00,CORT,24.34000015258789,24.34000015258789,24.344999313354492,24.34000015258789,24.344999313354492,1075.0
2024-03-01 14:19:00,COSM,0.7975000143051147,0.7975000143051147,0.7990000247955322,0.789900004863739,0.7900000214576721,7545.0
2024-03-01 14:19:00,CPRX,17.25,17.25,17.2549991607666,17.235000610351562,17.235000610351562,2547.0
2024-03-01 14:19:00,CPSI,9.5,9.5,9.5,9.5,9.5,252.0
2024-03-01 14:19:00,CRBP,32.470001220703125,32.470001220703125,32.5,32.470001220703125,32.5,648.0
2024-03-01 14:19:00,CRBU,7.929999828338623,7.929999828338623,7.934999942779541,7.900000095367432,7.909999847412109,5941.0
2024-03-01 14:19:00,CRDF,2.6006999015808105,2.6006999015808105,2.609999895095825,2.5899999141693115,2.5899999141693115,26503.0
2024-03-01 14:19:00,CRNX,46.66999816894531,46.66999816894531,46.66999816894531,46.63999938964844,46.63999938964844,727.0
2024-03-01 14:19:00,CRON,2.049999952316284,2.049999952316284,2.049999952316284,2.0450000762939453,2.0450000762939453,1198.0
2024-03-01 14:19:00,CRSP,85.6500015258789,85.6500015258789,85.69999694824219,85.55999755859375,85.58999633789062,1486.0
2024-03-01 14:19:00,CRVS,2.2100000381469727,2.2100000381469727,2.2298998832702637,2.2100000381469727,2.2200000286102295,5568.0
2024-03-01 14:19:00,CSTL,19.864999771118164,19.864999771118164,19.864999771118164,19.864999771118164,19.864999771118164,264.0
2024-03-01 14:19:00,CTKB,9.010000228881836,9.010000228881836,9.015000343322754,9.010000228881836,9.015000343322754,287.0
2024-03-01 14:19:00,CTMX,2.575000047683716,2.575000047683716,2.579900026321411,2.569999933242798,2.579900026321411,1687.0
2024-03-01 14:19:00,CUTR,2.390000104904175,2.390000104904175,2.3949999809265137,2.390000104904175,2.390000104904175,878.0
2024-03-01 14:19:00,CYTK,73.3550033569336,73.3550033569336,73.3550033569336,73.29000091552734,73.30999755859375,337.0
2024-03-01 14:19:00,DAWN,17.69499969482422,17.69499969482422,17.69499969482422,17.68000030517578,17.68000030517578,1748.0
2024-03-01 14:19:00,DCGO,4.132500171661377,4.132500171661377,4.139999866485596,4.130000114440918,4.139999866485596,9334.0
2024-03-01 14:19:00,DCPH,17.600000381469727,17.600000381469727,17.600000381469727,17.579999923706055,17.579999923706055,1555.0
2024-03-01 14:19:00,DCTH,4.190000057220459,4.190000057220459,4.190000057220459,4.190000057220459,4.190000057220459,938.0
2024-03-01 14:19:00,DERM,4.070000171661377,4.070000171661377,4.070000171661377,4.059999942779541,4.059999942779541,1300.0
2024-03-01 14:19:00,DH,8.90999984741211,8.90999984741211,8.930000305175781,8.899999618530273,8.899999618530273,2137.0
2024-03-01 14:19:00,DMTK,0.8474000096321106,0.8474000096321106,0.8474000096321106,0.8399999737739563,0.8399999737739563,500.0
2024-03-01 14:19:00,DNLI,21.40999984741211,21.40999984741211,21.40999984741211,21.395000457763672,21.395000457763672,722.0
2024-03-01 14:19:00,DRRX,0.9900000095367432,0.9900000095367432,0.9900000095367432,0.9900000095367432,0.9900000095367432,100.0
2024-03-01 14:19:00,DRTSW,0.25,0.25,0.25,0.25,0.25,0.0
2024-03-01 14:19:00,DSGN,2.9000000953674316,2.9000000953674316,2.9000000953674316,2.8949999809265137,2.8949999809265137,772.0
2024-03-01 14:19:00,DVAX,12.824999809265137,12.824999809265137,12.84000015258789,12.824999809265137,12.84000015258789,4087.0
2024-03-01 14:19:00,DXCM,122.05999755859375,122.05999755859375,122.19000244140625,122.05000305175781,122.17500305175781,6562.0
2024-03-01 14:19:00,DYN,29.0,29.0,29.0,29.0,29.0,465.0
2024-03-01 14:19:00,EDIT,10.920000076293945,10.920000076293945,10.9399995803833,10.914999961853027,10.914999961853027,18752.0
2024-03-01 14:19:00,EFTR,16.0,16.0,16.0,15.981599807739258,15.981599807739258,2775.0
2024-03-01 14:19:00,ELDN,1.809999942779541,1.809999942779541,1.809999942779541,1.809999942779541,1.809999942779541,526.0
2024-03-01 14:19:00,ELEV,5.09499979019165,5.09499979019165,5.099999904632568,5.085000038146973,5.085000038146973,2563.0
2024-03-01 14:19:00,ELOX,0.8650000095367432,0.8650000095367432,0.8650000095367432,0.8650000095367432,0.8650000095367432,173.0
2024-03-01 14:19:00,ENTA,15.430000305175781,15.430000305175781,15.430000305175781,15.430000305175781,15.430000305175781,197.0
2024-03-01 14:19:00,ENVB,1.524999976158142,1.524999976158142,1.5399999618530273,1.5199999809265137,1.5299999713897705,17570.0
2024-03-01 14:19:00,EOLS,14.840100288391113,14.840100288391113,14.840100288391113,14.840100288391113,14.840100288391113,501.0
2024-03-01 14:19:00,ESPR,2.559999942779541,2.559999942779541,2.559999942779541,2.549999952316284,2.555000066757202,3472.0
2024-03-01 14:19:00,ESTA,44.755001068115234,44.755001068115234,44.755001068115234,44.755001068115234,44.755001068115234,753.0
2024-03-01 14:19:00,ETNB,12.970000267028809,12.970000267028809,12.970000267028809,12.9399995803833,12.9399995803833,5508.0
2024-03-01 14:19:00,EVO,7.53000020980835,7.53000020980835,7.53000020980835,7.53000020980835,7.53000020980835,363.0
2024-03-01 14:19:00,EWTX,17.024999618530273,17.024999618530273,17.030000686645508,17.014999389648438,17.014999389648438,1937.0
2024-03-01 14:19:00,EXAI,6.670000076293945,6.670000076293945,6.699999809265137,6.670000076293945,6.699999809265137,14275.0
2024-03-01 14:19:00,EXAS,59.94499969482422,59.94499969482422,59.94499969482422,59.93000030517578,59.93000030517578,1952.0
2024-03-01 14:19:00,EXEL,22.479999542236328,22.479999542236328,22.489999771118164,22.46500015258789,22.46500015258789,12527.0
2024-03-01 14:19:00,EYEN,2.369999885559082,2.369999885559082,2.369999885559082,2.369999885559082,2.369999885559082,100.0
2024-03-01 14:19:00,EYPT,27.934999465942383,27.934999465942383,27.934999465942383,27.934999465942383,27.934999465942383,327.0
2024-03-01 14:19:00,FATE,7.789999961853027,7.789999961853027,7.789999961853027,7.784999847412109,7.789999961853027,3520.0
2024-03-01 14:19:00,FDMT,29.485000610351562,29.485000610351562,29.5049991607666,29.485000610351562,29.5049991607666,530.0
2024-03-01 14:19:00,FEMY,1.725000023841858,1.725000023841858,1.7300000190734863,1.725000023841858,1.7300000190734863,299.0
2024-03-01 14:19:00,FGEN,1.8650000095367432,1.8650000095367432,1.8650000095367432,1.8600000143051147,1.8619999885559082,6228.0
2024-03-01 14:19:00,FIXX,0.9251999855041504,0.9251999855041504,0.9251999855041504,0.9251999855041504,0.9251999855041504,125.0
2024-03-01 14:19:00,FOLD,13.390000343322754,13.390000343322754,13.390000343322754,13.380000114440918,13.385000228881836,1720.0
2024-03-01 14:19:00,FRTX,0.9399999976158142,0.9399999976158142,0.9399999976158142,0.9399999976158142,0.9399999976158142,217.0
2024-03-01 14:19:00,FULC,11.0,11.0,11.069999694824219,10.989999771118164,11.020000457763672,24675.0
2024-03-01 14:19:00,FUSN,12.279999732971191,12.279999732971191,12.279999732971191,12.271499633789062,12.279999732971191,1585.0
2024-03-01 14:19:00,GDRX,8.404999732971191,8.404999732971191,8.404999732971191,8.399999618530273,8.399999618530273,4026.0
2024-03-01 14:19:00,GERN,2.2750000953674316,2.2750000953674316,2.2899999618530273,2.2699999809265137,2.2750000953674316,146771.0
2024-03-01 14:19:00,GH,19.125,19.125,19.125,19.114999771118164,19.114999771118164,665.0
2024-03-01 14:19:00,GILD,72.46499633789062,72.46499633789062,72.4800033569336,72.45999908447266,72.47000122070312,3917.0
2024-03-01 14:19:00,GLTO,0.7698000073432922,0.7698000073432922,0.7735000252723694,0.7671999931335449,0.7735000252723694,6825.0
2024-03-01 14:19:00,GLYC,3.0,3.0,3.0,3.0,3.0,210.0
2024-03-01 14:19:00,GMAB,29.479999542236328,29.479999542236328,29.479999542236328,29.459999084472656,29.459999084472656,1076.0
2024-03-01 14:19:00,GMDA,0.37790000438690186,0.37790000438690186,0.37790000438690186,0.375900000333786,0.375900000333786,4826.0
2024-03-01 14:19:00,GNPX,4.6479997634887695,4.6479997634887695,4.6479997634887695,4.599899768829346,4.599899768829346,1030.0
2024-03-01 14:19:00,GOSS,1.4249999523162842,1.4249999523162842,1.4249999523162842,1.4249999523162842,1.4249999523162842,321.0
2024-03-01 14:19:00,GRFS,7.005000114440918,7.005000114440918,7.010000228881836,7.0,7.001999855041504,1904.0
2024-03-01 14:19:00,GRPH,3.4649999141693115,3.4649999141693115,3.4649999141693115,3.4649999141693115,3.4649999141693115,281.0
2024-03-01 14:19:00,GRTS,2.0399999618530273,2.0399999618530273,2.055000066757202,2.0399999618530273,2.055000066757202,18261.0
2024-03-01 14:19:00,GTHX,3.799999952316284,3.799999952316284,3.809999942779541,3.799999952316284,3.809999942779541,1901.0
2024-03-01 14:19:00,HALO,41.439998626708984,41.439998626708984,41.439998626708984,41.369998931884766,41.369998931884766,2885.0
2024-03-01 14:19:00,HCAT,8.199999809265137,8.199999809265137,8.199999809265137,8.180000305175781,8.180000305175781,2836.0
2024-03-01 14:19:00,HCSG,12.635000228881836,12.635000228881836,12.635000228881836,12.635000228881836,12.635000228881836,368.0
2024-03-01 14:19:00,HITI,1.7682000398635864,1.7682000398635864,1.7682000398635864,1.7682000398635864,1.7682000398635864,527.0
2024-03-01 14:19:00,HLTH,0.2640010118484497,0.2640010118484497,0.2640010118484497,0.25999999046325684,0.2619999945163727,20539.0
2024-03-01 14:19:00,HLVX,19.06999969482422,19.06999969482422,19.06999969482422,19.024999618530273,19.024999618530273,213.0
2024-03-01 14:19:00,HOLX,74.33999633789062,74.33999633789062,74.3499984741211,74.33999633789062,74.3499984741211,935.0
2024-03-01 14:19:00,HQY,81.55999755859375,81.55999755859375,81.55999755859375,81.55999755859375,81.55999755859375,353.0
2024-03-01 14:19:00,HROW,10.895000457763672,10.895000457763672,10.895000457763672,10.895000457763672,10.895000457763672,463.0
2024-03-01 14:19:00,HRTX,2.575000047683716,2.575000047683716,2.575000047683716,2.569999933242798,2.569999933242798,20909.0
2024-03-01 14:19:00,HSIC,76.77999877929688,76.77999877929688,76.79499816894531,76.77999877929688,76.79499816894531,1736.0
2024-03-01 14:19:00,HUMA,3.25,3.25,3.259999990463257,3.25,3.25,11172.0
2024-03-01 14:19:00,IART,36.33000183105469,36.33000183105469,36.349998474121094,36.33000183105469,36.349998474121094,964.0
2024-03-01 14:19:00,IBRX,4.864999771118164,4.864999771118164,4.864999771118164,4.864999771118164,4.864999771118164,453.0
2024-03-01 14:19:00,ICLR,323.82000732421875,323.82000732421875,323.82000732421875,323.82000732421875,323.82000732421875,131.0
2024-03-01 14:19:00,ICUI,105.76499938964844,105.76499938964844,105.9800033569336,105.76499938964844,105.95500183105469,11592.0
2024-03-01 14:19:00,IGMS,13.175000190734863,13.175000190734863,13.175000190734863,13.175000190734863,13.175000190734863,125.0
2024-03-01 14:19:00,ILMN,142.16000366210938,142.16000366210938,142.2100067138672,142.13999938964844,142.13999938964844,1391.0
2024-03-01 14:19:00,IMCR,68.01000213623047,68.01000213623047,68.04000091552734,68.0,68.02999877929688,2296.0
2024-03-01 14:19:00,IMMX,3.515000104904175,3.515000104904175,3.515000104904175,3.515000104904175,3.515000104904175,100.0
2024-03-01 14:19:00,IMNM,25.3799991607666,25.3799991607666,25.389999389648438,25.3799991607666,25.389999389648438,575.0
2024-03-01 14:19:00,IMRX,6.199999809265137,6.199999809265137,6.204999923706055,6.179999828338623,6.190000057220459,20275.0
2024-03-01 14:19:00,IMVT,35.875,35.875,35.88999938964844,35.875,35.88999938964844,1059.0
2024-03-01 14:19:00,INBX,36.599998474121094,36.599998474121094,36.599998474121094,36.599998474121094,36.599998474121094,1146.0
2024-03-01 14:19:00,INCY,59.470001220703125,59.470001220703125,59.50299835205078,59.470001220703125,59.5,2024.0
2024-03-01 14:19:00,INGN,6.730000019073486,6.730000019073486,6.730000019073486,6.730000019073486,6.730000019073486,460.0
2024-03-01 14:19:00,INMB,12.225000381469727,12.225000381469727,12.225000381469727,12.225000381469727,12.225000381469727,455.0
2024-03-01 14:19:00,INMD,22.885000228881836,22.885000228881836,22.885000228881836,22.8799991607666,22.885000228881836,1410.0
2024-03-01 14:19:00,INO,9.710000038146973,9.710000038146973,9.710000038146973,9.680000305175781,9.680000305175781,893.0
2024-03-01 14:19:00,INSM,28.229999542236328,28.229999542236328,28.229999542236328,28.190000534057617,28.200000762939453,2261.0
2024-03-01 14:19:00,INVA,15.460000038146973,15.460000038146973,15.470000267028809,15.460000038146973,15.470000267028809,1210.0
2024-03-01 14:19:00,INZY,6.639999866485596,6.639999866485596,6.639999866485596,6.639999866485596,6.639999866485596,363.0
2024-03-01 14:19:00,IONS,46.09000015258789,46.09000015258789,46.099998474121094,46.040000915527344,46.040000915527344,2431.0
2024-03-01 14:19:00,IOVA,17.0049991607666,17.0049991607666,17.010000228881836,16.975000381469727,16.975000381469727,27617.0
2024-03-01 14:19:00,IPSC,3.950000047683716,3.950000047683716,3.950000047683716,3.950000047683716,3.950000047683716,460.0
2024-03-01 14:19:00,IRTC,121.25,121.25,121.25,121.25,121.25,663.0
2024-03-01 14:19:00,IRWD,9.055000305175781,9.055000305175781,9.0600004196167,9.050000190734863,9.055000305175781,5963.0
2024-03-01 14:19:00,ISRG,397.44000244140625,397.44000244140625,397.6499938964844,397.44000244140625,397.5,5009.0
2024-03-01 14:19:00,ITCI,72.12000274658203,72.12000274658203,72.13999938964844,72.0999984741211,72.13999938964844,1209.0
2024-03-01 14:19:00,IVA,3.9000000953674316,3.9000000953674316,3.9000000953674316,3.899899959564209,3.899899959564209,2101.0
2024-03-01 14:19:00,JAGX,0.07845000177621841,0.07845000177621841,0.07850000262260437,0.07649999856948853,0.07800000160932541,426816.0
2024-03-01 14:19:00,JANX,46.0,46.0,46.0,45.86000061035156,45.95000076293945,6896.0
2024-03-01 14:19:00,JAZZ,119.16999816894531,119.16999816894531,119.16999816894531,119.16999816894531,119.16999816894531,661.0
2024-03-01 14:19:00,JSPR,21.28499984741211,21.28499984741211,21.28499984741211,21.28499984741211,21.28499984741211,400.0
2024-03-01 14:19:00,KALV,14.15999984741211,14.15999984741211,14.170000076293945,14.15999984741211,14.170000076293945,346.0
2024-03-01 14:19:00,KMDA,6.389999866485596,6.389999866485596,6.389999866485596,6.389999866485596,6.389999866485596,412.0
2024-03-01 14:19:00,KNSA,21.84000015258789,21.84000015258789,21.860000610351562,21.84000015258789,21.860000610351562,643.0
2024-03-01 14:19:00,KNTE,2.5999999046325684,2.5999999046325684,2.5999999046325684,2.5999999046325684,2.5999999046325684,600.0
2024-03-01 14:19:00,KOD,6.099999904632568,6.099999904632568,6.099999904632568,6.09499979019165,6.09499979019165,925.0
2024-03-01 14:19:00,KPTI,1.184999942779541,1.184999942779541,1.190000057220459,1.1799999475479126,1.184999942779541,1800.0
2024-03-01 14:19:00,KRON,1.034999966621399,1.034999966621399,1.0399999618530273,1.034999966621399,1.0399999618530273,23602.0
2024-03-01 14:19:00,KRYS,169.3699951171875,169.3699951171875,169.3699951171875,169.077392578125,169.0800018310547,1263.0
2024-03-01 14:19:00,KURA,21.899999618530273,21.899999618530273,21.905000686645508,21.899999618530273,21.905000686645508,2502.0
2024-03-01 14:19:00,KYMR,44.102500915527344,44.102500915527344,44.11000061035156,44.025001525878906,44.025001525878906,2928.0
2024-03-01 14:19:00,KZR,1.090000033378601,1.090000033378601,1.090000033378601,1.090000033378601,1.090000033378601,457.0
2024-03-01 14:19:00,LAB,2.440000057220459,2.440000057220459,2.4600000381469727,2.440000057220459,2.4600000381469727,24202.0
2024-03-01 14:19:00,LBPH,21.850000381469727,21.850000381469727,21.850000381469727,21.850000381469727,21.850000381469727,421.0
2024-03-01 14:19:00,LEGN,65.7249984741211,65.7249984741211,65.73999786376953,65.70999908447266,65.70999908447266,1187.0
2024-03-01 14:19:00,LFMD,7.929999828338623,7.929999828338623,7.929999828338623,7.920000076293945,7.920000076293945,441.0
2024-03-01 14:19:00,LFST,7.740300178527832,7.740300178527832,7.740300178527832,7.715000152587891,7.715000152587891,12253.0
2024-03-01 14:19:00,LGND,78.04000091552734,78.04000091552734,78.06999969482422,77.7699966430664,77.7699966430664,3366.0
2024-03-01 14:19:00,LIVN,55.81999969482422,55.81999969482422,55.81999969482422,55.81999969482422,55.81999969482422,556.0
2024-03-01 14:19:00,LMAT,68.0,68.0,68.22599792480469,68.0,68.22599792480469,1636.0
2024-03-01 14:19:00,LNTH,64.79000091552734,64.79000091552734,64.79000091552734,64.79000091552734,64.79000091552734,239.0
2024-03-01 14:19:00,LPTX,2.9000000953674316,2.9000000953674316,2.9000000953674316,2.9000000953674316,2.9000000953674316,939.0
2024-03-01 14:19:00,LQDA,14.704999923706055,14.704999923706055,14.704999923706055,14.704999923706055,14.704999923706055,311.0
2024-03-01 14:19:00,LTRN,4.429999828338623,4.429999828338623,4.429999828338623,4.378799915313721,4.378799915313721,732.0
2024-03-01 14:19:00,LUCD,1.2400000095367432,1.2400000095367432,1.2400000095367432,1.2400000095367432,1.2400000095367432,162.0
2024-03-01 14:19:00,LUNG,9.5,9.5,9.5,9.5,9.5,247.0
2024-03-01 14:19:00,LVTX,2.7699999809265137,2.7699999809265137,2.7699999809265137,2.7416999340057373,2.7416999340057373,569.0
2024-03-01 14:19:00,LXRX,2.505000114440918,2.505000114440918,2.509999990463257,2.505000114440918,2.505000114440918,3042.0
2024-03-01 14:19:00,LYEL,3.159899950027466,3.159899950027466,3.159899950027466,3.140000104904175,3.140000104904175,5304.0
2024-03-01 14:19:00,LYRA,5.659999847412109,5.659999847412109,5.659999847412109,5.659999847412109,5.659999847412109,35800.0
2024-03-01 14:19:00,MASI,127.08999633789062,127.08999633789062,127.29499816894531,127.08999633789062,127.29499816894531,1873.0
2024-03-01 14:19:00,MCRB,1.2350000143051147,1.2350000143051147,1.2350000143051147,1.2200000286102295,1.2200000286102295,39234.0
2024-03-01 14:19:00,MDGL,251.4600067138672,251.4600067138672,251.86000061035156,251.4499969482422,251.4499969482422,555.0
2024-03-01 14:19:00,MDRX,5.980000019073486,5.980000019073486,6.039999961853027,5.980000019073486,6.0,13753.0
2024-03-01 14:19:00,MDXG,8.654999732971191,8.654999732971191,8.65999984741211,8.654999732971191,8.654999732971191,1404.0
2024-03-01 14:19:00,ME,0.5569999814033508,0.5569999814033508,0.5580999851226807,0.5558000206947327,0.5580000281333923,31393.0
2024-03-01 14:19:00,MEDP,400.7650146484375,400.7650146484375,400.7950134277344,400.7650146484375,400.7950134277344,326.0
2024-03-01 14:19:00,MGNX,19.290000915527344,19.290000915527344,19.389999389648438,19.280000686645508,19.299999237060547,37236.0
2024-03-01 14:19:00,MIRM,29.739999771118164,29.739999771118164,29.760000228881836,29.729999542236328,29.729999542236328,5207.0
2024-03-01 14:19:00,MLTX,50.75,50.75,50.7599983215332,50.69499969482422,50.69499969482422,2474.0
2024-03-01 14:19:00,MNKD,4.525000095367432,4.525000095367432,4.526000022888184,4.5229997634887695,4.5229997634887695,2718.0
2024-03-01 14:19:00,MNMD,6.260000228881836,6.260000228881836,6.260000228881836,6.2546000480651855,6.2546000480651855,773.0
2024-03-01 14:19:00,MODV,28.094999313354492,28.094999313354492,28.094999313354492,28.094999313354492,28.094999313354492,275.0
2024-03-01 14:19:00,MORF,39.650001525878906,39.650001525878906,39.650001525878906,39.630001068115234,39.630001068115234,678.0
2024-03-01 14:19:00,MOTS,0.6564000248908997,0.6564000248908997,0.6628000140190125,0.6564000248908997,0.6628000140190125,375.0
2024-03-01 14:19:00,MREO,4.0,4.0,4.0,3.990000009536743,3.990000009536743,2281.0
2024-03-01 14:19:00,MRNA,95.34639739990234,95.34639739990234,95.4000015258789,95.33000183105469,95.37000274658203,7371.0
2024-03-01 14:19:00,MRNS,10.439000129699707,10.439000129699707,10.4399995803833,10.420000076293945,10.430000305175781,3449.0
2024-03-01 14:19:00,MRSN,6.005000114440918,6.005000114440918,6.010000228881836,6.0,6.0,3671.0
2024-03-01 14:19:00,MRUS,51.15999984741211,51.15999984741211,51.15999984741211,51.11000061035156,51.11000061035156,451.0
2024-03-01 14:19:00,MRVI,7.764999866485596,7.764999866485596,7.764999866485596,7.760000228881836,7.760000228881836,1534.0
2024-03-01 14:19:00,MTEM,3.619999885559082,3.619999885559082,3.619999885559082,3.619999885559082,3.619999885559082,128.0
2024-03-01 14:19:00,MXCT,4.760000228881836,4.760000228881836,4.760000228881836,4.755000114440918,4.755000114440918,861.0
2024-03-01 14:19:00,MYGN,22.100000381469727,22.100000381469727,22.100000381469727,22.100000381469727,22.100000381469727,445.0
2024-03-01 14:19:00,MYMD,3.403599977493286,3.403599977493286,3.403599977493286,3.403599977493286,3.403599977493286,1419.0
2024-03-01 14:19:00,NARI,45.790000915527344,45.790000915527344,45.790000915527344,45.76499938964844,45.77000045776367,1330.0
2024-03-01 14:19:00,NAUT,2.640000104904175,2.640000104904175,2.640000104904175,2.630000114440918,2.640000104904175,1119.0
2024-03-01 14:19:00,NBIX,131.66000366210938,131.66000366210938,131.75,131.66000366210938,131.72999572753906,3053.0
2024-03-01 14:19:00,NDRA,1.1799999475479126,1.1799999475479126,1.1799999475479126,1.1799999475479126,1.1799999475479126,600.0
2024-03-01 14:19:00,NEO,16.100000381469727,16.100000381469727,16.110000610351562,16.100000381469727,16.110000610351562,353.0
2024-03-01 14:19:00,NEOG,17.40999984741211,17.40999984741211,17.415000915527344,17.40999984741211,17.40999984741211,638.0
2024-03-01 14:19:00,NKTR,0.776199996471405,0.776199996471405,0.776199996471405,0.776199996471405,0.776199996471405,200.0
2024-03-01 14:19:00,NMTC,1.239400029182434,1.239400029182434,1.239400029182434,1.239400029182434,1.239400029182434,1011.0
2024-03-01 14:19:00,NNOX,10.89009952545166,10.89009952545166,10.895000457763672,10.870100021362305,10.870100021362305,4205.0
2024-03-01 14:19:00,NOTV,8.085000038146973,8.085000038146973,8.085000038146973,8.085000038146973,8.085000038146973,447.0
2024-03-01 14:19:00,NRIX,13.6899995803833,13.6899995803833,13.6899995803833,13.680000305175781,13.6899995803833,1233.0
2024-03-01 14:19:00,NRXP,0.4230009913444519,0.4230009913444519,0.4230009913444519,0.41999998688697815,0.41999998688697815,811.0
2024-03-01 14:19:00,NTLA,33.560001373291016,33.560001373291016,33.560001373291016,33.52000045776367,33.52000045776367,4021.0
2024-03-01 14:19:00,NTRA,89.31999969482422,89.31999969482422,89.31999969482422,89.31999969482422,89.31999969482422,538.0
2024-03-01 14:19:00,NUTX,0.11330000311136246,0.11330000311136246,0.11330000311136246,0.11330000311136246,0.11330000311136246,169.0
2024-03-01 14:19:00,NUVL,87.68000030517578,87.68000030517578,87.68000030517578,87.5199966430664,87.56999969482422,989.0
2024-03-01 14:19:00,NVAX,5.264999866485596,5.264999866485596,5.267000198364258,5.244999885559082,5.249899864196777,21816.0
2024-03-01 14:19:00,NVCR,16.040000915527344,16.040000915527344,16.040000915527344,16.01580047607422,16.020000457763672,2196.0
2024-03-01 14:19:00,NXTC,1.8200000524520874,1.8200000524520874,1.840000033378601,1.8200000524520874,1.840000033378601,7233.0
2024-03-01 14:19:00,OCGN,0.9522259831428528,0.9522259831428528,0.9522259831428528,0.9522259831428528,0.9522259831428528,289.0
2024-03-01 14:19:00,OCUL,10.766200065612793,10.766200065612793,10.770000457763672,10.75,10.75,3538.0
2024-03-01 14:19:00,OCUP,2.4800000190734863,2.4800000190734863,2.488600015640259,2.4765000343322754,2.4765000343322754,525.0
2024-03-01 14:19:00,OGI,2.174999952316284,2.174999952316284,2.174999952316284,2.1700000762939453,2.170099973678589,1206.0
2024-03-01 14:19:00,OLK,22.905000686645508,22.905000686645508,22.90999984741211,22.905000686645508,22.90999984741211,652.0
2024-03-01 14:19:00,OMGA,4.389999866485596,4.389999866485596,4.389999866485596,4.389999866485596,4.389999866485596,777.0
2024-03-01 14:20:00,AADI,1.9900000095367432,1.9900000095367432,1.9900000095367432,1.9900000095367432,1.9900000095367432,100.0
2024-03-01 14:20:00,ABCL,5.170000076293945,5.170000076293945,5.170000076293945,5.164999961853027,5.164999961853027,488.0
2024-03-01 14:20:00,ABSI,5.429999828338623,5.429999828338623,5.439199924468994,5.409999847412109,5.420000076293945,5874.0
2024-03-01 14:20:00,ABUS,2.75,2.75,2.75,2.75,2.75,185.0
2024-03-01 14:20:00,ACAD,24.2450008392334,24.2450008392334,24.25,24.239999771118164,24.239999771118164,1841.0
2024-03-01 14:20:00,ACB,3.184999942779541,3.184999942779541,3.184999942779541,3.184999942779541,3.184999942779541,435.0
2024-03-01 14:20:00,ACET,2.4049999713897705,2.4049999713897705,2.4049999713897705,2.4000000953674316,2.4000000953674316,3127.0
2024-03-01 14:20:00,ACHC,84.31999969482422,84.31999969482422,84.31999969482422,84.31999969482422,84.31999969482422,179.0
2024-03-01 14:20:00,ACHV,4.349999904632568,4.349999904632568,4.349999904632568,4.349999904632568,4.349999904632568,100.0
2024-03-01 14:20:00,ACLX,68.52999877929688,68.52999877929688,68.52999877929688,68.52999877929688,68.52999877929688,253.0
2024-03-01 14:20:00,ACON,0.3999989926815033,0.3999989926815033,0.3999989926815033,0.3999989926815033,0.3999989926815033,713.0
2024-03-01 14:20:00,ACRS,1.2400000095367432,1.2400000095367432,1.2400000095367432,1.2300000190734863,1.2400000095367432,1805.0
2024-03-01 14:20:00,ACXP,3.0299999713897705,3.0299999713897705,3.0299999713897705,3.0299999713897705,3.0299999713897705,1625.0
2024-03-01 14:20:00,ADAP,1.5950000286102295,1.5950000286102295,1.5950000286102295,1.5950000286102295,1.5950000286102295,100.0
2024-03-01 14:20:00,ADIL,3.4000000953674316,3.4000000953674316,3.4700000286102295,3.4000000953674316,3.469899892807007,94404.0
2024-03-01 14:20:00,ADMA,5.545000076293945,5.545000076293945,5.550000190734863,5.539999961853027,5.548900127410889,1863.0
2024-03-01 14:20:00,ADPT,4.105000019073486,4.105000019073486,4.105000019073486,4.104700088500977,4.104700088500977,1663.0
2024-03-01 14:20:00,ADUS,93.91999816894531,93.91999816894531,93.97000122070312,93.91999816894531,93.97000122070312,471.0
2024-03-01 14:20:00,ADVM,1.9700000286102295,1.9700000286102295,1.9700000286102295,1.9700000286102295,1.9700000286102295,800.0
2024-03-01 14:20:00,AFIB,0.210099995136261,0.210099995136261,0.210099995136261,0.210099995136261,0.210099995136261,3020.0
2024-03-01 14:20:00,AFMD,0.6778990030288696,0.6778990030288696,0.6779999732971191,0.6751000285148621,0.6751000285148621,1263.0
2024-03-01 14:20:00,AGEN,0.6703000068664551,0.6703000068664551,0.6704000234603882,0.6703000068664551,0.6703749895095825,2183.0
2024-03-01 14:20:00,AGIO,32.83000183105469,32.83000183105469,32.83000183105469,32.77000045776367,32.775001525878906,3489.0
2024-03-01 14:20:00,AHCO,10.515000343322754,10.515000343322754,10.520000457763672,10.515000343322754,10.515000343322754,5937.0
2024-03-01 14:20:00,AIRS,6.440000057220459,6.440000057220459,6.488999843597412,6.440000057220459,6.488999843597412,846.0
2024-03-01 14:20:00,AKBA,1.690000057220459,1.690000057220459,1.690000057220459,1.684999942779541,1.690000057220459,2000.0
2024-03-01 14:20:00,AKRO,29.530000686645508,29.530000686645508,29.545000076293945,29.530000686645508,29.530000686645508,703.0
2024-03-01 14:20:00,ALDX,4.320000171661377,4.320000171661377,4.324999809265137,4.320000171661377,4.320000171661377,6032.0
2024-03-01 14:20:00,ALEC,7.505000114440918,7.505000114440918,7.505000114440918,7.505000114440918,7.505000114440918,920.0
2024-03-01 14:20:00,ALGS,1.090000033378601,1.090000033378601,1.090000033378601,1.0850000381469727,1.0850000381469727,225.0
2024-03-01 14:20:00,ALHC,5.679999828338623,5.679999828338623,5.690000057220459,5.679999828338623,5.690000057220459,15512.0
2024-03-01 14:20:00,ALIM,3.7200000286102295,3.7200000286102295,3.7200000286102295,3.690000057220459,3.690000057220459,462.0
2024-03-01 14:20:00,ALKS,30.25,30.25,30.25,30.25,30.25,1421.0
2024-03-01 14:20:00,ALLK,1.6749999523162842,1.6749999523162842,1.6799999475479126,1.6749999523162842,1.6799999475479126,358.0
2024-03-01 14:20:00,ALLO,5.039999961853027,5.039999961853027,5.039999961853027,5.025000095367432,5.025000095367432,10088.0
2024-03-01 14:20:00,ALNY,153.60499572753906,153.60499572753906,153.60499572753906,153.60499572753906,153.60499572753906,752.0
2024-03-01 14:20:00,ALPN,36.05500030517578,36.05500030517578,36.05500030517578,36.05500030517578,36.05500030517578,491.0
2024-03-01 14:20:00,ALRN,5.090000152587891,5.090000152587891,5.090000152587891,5.090000152587891,5.090000152587891,1745.0
2024-03-01 14:20:00,ALT,12.114999771118164,12.114999771118164,12.121600151062012,12.109999656677246,12.119999885559082,4228.0
2024-03-01 14:20:00,ALVR,0.7559000253677368,0.7559000253677368,0.7563999891281128,0.7559000253677368,0.7563999891281128,913.0
2024-03-01 14:20:00,ALXO,15.050000190734863,15.050000190734863,15.069999694824219,15.050000190734863,15.069999694824219,241.0
2024-03-01 14:20:00,AMGN,281.1199951171875,281.1199951171875,281.125,280.9800109863281,281.0,4603.0
2024-03-01 14:20:00,AMLX,18.720800399780273,18.720800399780273,18.720800399780273,18.720800399780273,18.720800399780273,1825.0
2024-03-01 14:20:00,AMPH,45.584999084472656,45.584999084472656,45.59000015258789,45.584999084472656,45.59000015258789,631.0
2024-03-01 14:20:00,AMRN,1.0549999475479126,1.0549999475479126,1.0549999475479126,1.0549999475479126,1.0549999475479126,589.0
2024-03-01 14:20:00,ANGO,5.514999866485596,5.514999866485596,5.514999866485596,5.514999866485596,5.514999866485596,504.0
2024-03-01 14:20:00,ANNX,6.110000133514404,6.110000133514404,6.110000133514404,6.090000152587891,6.099999904632568,6424.0
2024-03-01 14:20:00,APDN,0.5699999928474426,0.5699999928474426,0.5699999928474426,0.5699999928474426,0.5699999928474426,500.0
2024-03-01 14:20:00,APLS,64.83999633789062,64.83999633789062,64.87999725341797,64.79010009765625,64.8499984741211,2477.0
2024-03-01 14:20:00,APLT,7.110000133514404,7.110000133514404,7.110000133514404,7.110000133514404,7.110000133514404,211.0
2024-03-01 14:20:00,APVO,0.16619999706745148,0.16619999706745148,0.16619999706745148,0.16619999706745148,0.16619999706745148,901.0
2024-03-01 14:20:00,AQST,4.179900169372559,4.179900169372559,4.179900169372559,4.170000076293945,4.170000076293945,5096.0
2024-03-01 14:20:00,ARDX,9.494999885559082,9.494999885559082,9.5,9.494999885559082,9.5,8640.0
2024-03-01 14:20:00,ARQT,11.779999732971191,11.779999732971191,11.797100067138672,11.72439956665039,11.72439956665039,9155.0
2024-03-01 14:20:00,ARVN,48.775001525878906,48.775001525878906,48.8125,48.77000045776367,48.79999923706055,2506.0
2024-03-01 14:20:00,ARWR,35.790000915527344,35.790000915527344,35.81999969482422,35.779998779296875,35.790000915527344,2958.0
2024-03-01 14:20:00,ASND,152.7100067138672,152.7100067138672,152.7100067138672,152.7100067138672,152.7100067138672,144.0
2024-03-01 14:20:00,ATAI,2.1600000858306885,2.1600000858306885,2.1600000858306885,2.1600000858306885,2.1600000858306885,251.0
2024-03-01 14:20:00,ATEC,13.425000190734863,13.425000190734863,13.425000190734863,13.425000190734863,13.425000190734863,1652.0
2024-03-01 14:20:00,ATHA,4.013999938964844,4.013999938964844,4.013999938964844,4.013999938964844,4.013999938964844,356.0
2024-03-01 14:20:00,ATRA,0.7904000282287598,0.7904000282287598,0.7904000282287598,0.7904000282287598,0.7904000282287598,400.0
2024-03-01 14:20:00,ATRC,35.90999984741211,35.90999984741211,35.90999984741211,35.90999984741211,35.90999984741211,216.0
2024-03-01 14:20:00,ATXI,0.15440000593662262,0.15440000593662262,0.15440000593662262,0.15440000593662262,0.15440000593662262,300.0
2024-03-01 14:20:00,ATXS,14.779999732971191,14.779999732971191,14.789999961853027,14.75,14.770000457763672,4193.0
2024-03-01 14:20:00,AUGX,4.525000095367432,4.525000095367432,4.525000095367432,4.525000095367432,4.525000095367432,416.0
2024-03-01 14:20:00,AUPH,5.835000038146973,5.835000038146973,5.835000038146973,5.835000038146973,5.835000038146973,788.0
2024-03-01 14:20:00,AURA,9.369999885559082,9.369999885559082,9.369999885559082,9.369999885559082,9.369999885559082,100.0
2024-03-01 14:20:00,AUTL,6.380000114440918,6.380000114440918,6.380000114440918,6.380000114440918,6.380000114440918,100.0
2024-03-01 14:20:00,AVDL,13.255000114440918,13.255000114440918,13.255000114440918,13.25,13.25,1903.0
2024-03-01 14:20:00,AVIR,4.480000019073486,4.480000019073486,4.480000019073486,4.480000019073486,4.480000019073486,100.0
2024-03-01 14:20:00,AVXL,5.355000019073486,5.355000019073486,5.360000133514404,5.355000019073486,5.355000019073486,301.0
2024-03-01 14:20:00,AXNX,67.43000030517578,67.43000030517578,67.44000244140625,67.41999816894531,67.42500305175781,6839.0
2024-03-01 14:20:00,AXSM,82.33000183105469,82.33000183105469,82.4000015258789,82.31999969482422,82.4000015258789,3120.0
2024-03-01 14:20:00,AZN,64.69499969482422,64.69499969482422,64.69499969482422,64.68499755859375,64.68499755859375,5452.0
2024-03-01 14:20:00,BBIO,36.064998626708984,36.064998626708984,36.064998626708984,36.064998626708984,36.064998626708984,160.0
2024-03-01 14:20:00,BBLG,2.549799919128418,2.549799919128418,2.549799919128418,2.549799919128418,2.549799919128418,602.0
2024-03-01 14:20:00,BCDA,0.5759000182151794,0.5759000182151794,0.5799999833106995,0.574999988079071,0.574999988079071,17510.0
2024-03-01 14:20:00,BCEL,0.27000001072883606,0.27000001072883606,0.27000001072883606,0.27000001072883606,0.27000001072883606,693.0
2024-03-01 14:20:00,BCRX,5.71999979019165,5.71999979019165,5.71999979019165,5.710000038146973,5.7108001708984375,2011.0
2024-03-01 14:20:00,BCYC,26.049999237060547,26.049999237060547,26.049999237060547,26.049999237060547,26.049999237060547,378.0
2024-03-01 14:20:00,BDTX,4.789999961853027,4.789999961853027,4.875,4.739999771118164,4.875,43609.0
2024-03-01 14:20:00,BEAM,40.159000396728516,40.159000396728516,40.22999954223633,40.13999938964844,40.22999954223633,2144.0
2024-03-01 14:20:00,BGXX,0.25620201230049133,0.25620201230049133,0.25620201230049133,0.25620201230049133,0.25620201230049133,1003.0
2024-03-01 14:20:00,BIIB,221.5,221.5,221.59500122070312,221.4239959716797,221.4600067138672,4941.0
2024-03-01 14:20:00,BIOL,0.14350000023841858,0.14350000023841858,0.1451999992132187,0.1421000063419342,0.14399999380111694,52273.0
2024-03-01 14:20:00,BIVI,2.0353000164031982,2.0353000164031982,2.0399999618530273,2.0,2.015000104904175,33790.0
2024-03-01 14:20:00,BLFS,18.274999618530273,18.274999618530273,18.290000915527344,18.274999618530273,18.290000915527344,501.0
2024-03-01 14:20:00,BLUE,1.5950000286102295,1.5950000286102295,1.600000023841858,1.5901999473571777,1.600000023841858,5450.0
2024-03-01 14:20:00,BMEA,18.350000381469727,18.350000381469727,18.350000381469727,18.350000381469727,18.350000381469727,176.0
2024-03-01 14:20:00,BMRN,88.01499938964844,88.01499938964844,88.0199966430664,88.01499938964844,88.0199966430664,1155.0
2024-03-01 14:20:00,BNGO,1.2649999856948853,1.2649999856948853,1.2649999856948853,1.2649999856948853,1.2649999856948853,848.0
2024-03-01 14:20:00,BNR,0.8198000192642212,0.8198000192642212,0.8198000192642212,0.8194000124931335,0.8194000124931335,419.0
2024-03-01 14:20:00,BNTX,91.22000122070312,91.22000122070312,91.22000122070312,91.22000122070312,91.22000122070312,675.0
2024-03-01 14:20:00,BPMC,96.87999725341797,96.87999725341797,96.87999725341797,96.87999725341797,96.87999725341797,483.0
2024-03-01 14:20:00,BRKR,88.5199966430664,88.5199966430664,88.5199966430664,88.5,88.5,477.0
2024-03-01 14:20:00,BRTX,1.5199999809265137,1.5199999809265137,1.5199999809265137,1.5199999809265137,1.5199999809265137,375.0
2024-03-01 14:20:00,BTAI,3.192500114440918,3.192500114440918,3.200000047683716,3.192500114440918,3.194999933242798,1703.0
2024-03-01 14:20:00,BTTX,0.18219999969005585,0.18219999969005585,0.18240000307559967,0.18219999969005585,0.18240000307559967,1475.0
2024-03-01 14:20:00,CADL,1.7000000476837158,1.7000000476837158,1.7000000476837158,1.7000000476837158,1.7000000476837158,200.0
2024-03-01 14:20:00,CARA,0.9399999976158142,0.9399999976158142,0.9399999976158142,0.9327999949455261,0.9347500205039978,4066.0
2024-03-01 14:20:00,CBAY,32.224998474121094,32.224998474121094,32.22999954223633,32.220001220703125,32.22999954223633,3377.0
2024-03-01 14:20:00,CCCC,11.015000343322754,11.015000343322754,11.029999732971191,11.015000343322754,11.020000457763672,12028.0
2024-03-01 14:20:00,CDMO,8.15999984741211,8.15999984741211,8.15999984741211,8.15999984741211,8.15999984741211,438.0
2024-03-01 14:20:00,CDNA,12.678000450134277,12.678000450134277,12.678000450134277,12.649999618530273,12.649999618530273,3364.0
2024-03-01 14:20:00,CDXS,4.59119987487793,4.59119987487793,4.599999904632568,4.585000038146973,4.599999904632568,3069.0
2024-03-01 14:20:00,CELC,16.850000381469727,16.850000381469727,16.860000610351562,16.850000381469727,16.860000610351562,206.0
2024-03-01 14:20:00,CERE,41.102500915527344,41.102500915527344,41.102500915527344,41.102500915527344,41.102500915527344,421.0
2024-03-01 14:20:00,CERS,2.184999942779541,2.184999942779541,2.184999942779541,2.184999942779541,2.184999942779541,100.0
2024-03-01 14:20:00,CGC,3.2200000286102295,3.2200000286102295,3.227799892425537,3.2200000286102295,3.227799892425537,825.0
2024-03-01 14:20:00,CGEM,18.799999237060547,18.799999237060547,18.829999923706055,18.770000457763672,18.770000457763672,483.0
2024-03-01 14:20:00,CGEN,2.674999952316284,2.674999952316284,2.6798999309539795,2.674999952316284,2.6798999309539795,436.0
2024-03-01 14:20:00,CHRS,2.424999952316284,2.424999952316284,2.430000066757202,2.4149999618530273,2.4149999618530273,12549.0
2024-03-01 14:20:00,CLDX,52.040000915527344,52.040000915527344,52.2599983215332,52.040000915527344,52.2599983215332,4305.0
2024-03-01 14:20:00,CLNN,0.38999998569488525,0.38999998569488525,0.38999998569488525,0.38999998569488525,0.38999998569488525,500.0
2024-03-01 14:20:00,CLOV,0.8651999831199646,0.8651999831199646,0.8665000200271606,0.8651000261306763,0.8658000230789185,82083.0
2024-03-01 14:20:00,CLRB,4.079999923706055,4.079999923706055,4.090000152587891,4.079999923706055,4.090000152587891,2181.0
2024-03-01 14:20:00,CMPS,11.649999618530273,11.649999618530273,11.680000305175781,11.649999618530273,11.670000076293945,2764.0
2024-03-01 14:20:00,CMRX,1.2058000564575195,1.2058000564575195,1.2181999683380127,1.2058000564575195,1.2181999683380127,1817.0
2024-03-01 14:20:00,COGT,7.295000076293945,7.295000076293945,7.299200057983398,7.295000076293945,7.295000076293945,1858.0
2024-03-01 14:20:00,CORT,24.34000015258789,24.34000015258789,24.34000015258789,24.34000015258789,24.34000015258789,623.0
2024-03-01 14:20:00,COSM,0.7998999953269958,0.7998999953269958,0.7998999953269958,0.7973999977111816,0.7975000143051147,2203.0
2024-03-01 14:20:00,CPRX,17.280000686645508,17.280000686645508,17.290000915527344,17.260000228881836,17.260000228881836,8487.0
2024-03-01 14:20:00,CRBP,32.470001220703125,32.470001220703125,32.470001220703125,32.470001220703125,32.470001220703125,135.0
2024-03-01 14:20:00,CRBU,7.925000190734863,7.925000190734863,7.934999942779541,7.925000190734863,7.934999942779541,2439.0
2024-03-01 14:20:00,CRDF,2.6110999584198,2.6110999584198,2.6298999786376953,2.5899999141693115,2.609999895095825,49874.0
2024-03-01 14:20:00,CRMD,3.690000057220459,3.690000057220459,3.690000057220459,3.690000057220459,3.690000057220459,1027.0
2024-03-01 14:20:00,CRON,2.049999952316284,2.049999952316284,2.049999952316284,2.0450000762939453,2.0450000762939453,7803.0
2024-03-01 14:20:00,CRSP,85.5999984741211,85.5999984741211,85.66999816894531,85.5999984741211,85.6500015258789,1738.0
2024-03-01 14:20:00,CRVS,2.190000057220459,2.190000057220459,2.2100000381469727,2.190000057220459,2.2100000381469727,3901.0
2024-03-01 14:20:00,CTKB,9.020000457763672,9.020000457763672,9.020000457763672,9.015000343322754,9.020000457763672,463.0
2024-03-01 14:20:00,CTMX,2.575000047683716,2.575000047683716,2.575000047683716,2.575000047683716,2.575000047683716,100.0
2024-03-01 14:20:00,CTXR,0.7700999975204468,0.7700999975204468,0.7720000147819519,0.7700999975204468,0.7720000147819519,1920.0
2024-03-01 14:20:00,CUE,2.174999952316284,2.174999952316284,2.174999952316284,2.174999952316284,2.174999952316284,156.0
2024-03-01 14:20:00,CUTR,2.399899959564209,2.399899959564209,2.399899959564209,2.390000104904175,2.3949999809265137,4300.0
2024-03-01 14:20:00,CVAC,3.4649999141693115,3.4649999141693115,3.4649999141693115,3.4649999141693115,3.4649999141693115,1194.0
2024-03-01 14:20:00,CVRX,20.649999618530273,20.649999618530273,20.649999618530273,20.545000076293945,20.545000076293945,1220.0
2024-03-01 14:20:00,CYTK,73.30500030517578,73.30500030517578,73.3499984741211,73.27999877929688,73.31500244140625,1042.0
2024-03-01 14:20:00,DAWN,17.69499969482422,17.69499969482422,17.700000762939453,17.69499969482422,17.69499969482422,1224.0
2024-03-01 14:20:00,DCGO,4.130000114440918,4.130000114440918,4.135000228881836,4.130000114440918,4.132500171661377,400.0
2024-03-01 14:20:00,DCPH,17.614999771118164,17.614999771118164,17.6299991607666,17.604999542236328,17.604999542236328,2850.0
2024-03-01 14:20:00,DH,8.944999694824219,8.944999694824219,8.944999694824219,8.930000305175781,8.930000305175781,729.0
2024-03-01 14:20:00,DMTK,0.8439000248908997,0.8439000248908997,0.8500000238418579,0.8439000248908997,0.8500000238418579,1268.0
2024-03-01 14:20:00,DNLI,21.40999984741211,21.40999984741211,21.450000762939453,21.40999984741211,21.420000076293945,6059.0
2024-03-01 14:20:00,DRRX,1.0099999904632568,1.0099999904632568,1.0099999904632568,1.0099999904632568,1.0099999904632568,100.0
2024-03-01 14:20:00,DVAX,12.819999694824219,12.819999694824219,12.824999809265137,12.819999694824219,12.824999809265137,917.0
2024-03-01 14:20:00,DXCM,122.04499816894531,122.04499816894531,122.1050033569336,122.04499816894531,122.06999969482422,8359.0
2024-03-01 14:20:00,DYN,29.06999969482422,29.06999969482422,29.06999969482422,29.06999969482422,29.06999969482422,378.0
2024-03-01 14:20:00,EDIT,10.90999984741211,10.90999984741211,10.9350004196167,10.90999984741211,10.925000190734863,3513.0
2024-03-01 14:20:00,EGRX,6.639999866485596,6.639999866485596,6.639999866485596,6.639999866485596,6.639999866485596,108.0
2024-03-01 14:20:00,ELEV,5.099999904632568,5.099999904632568,5.099999904632568,5.09499979019165,5.098999977111816,1400.0
2024-03-01 14:20:00,ENSG,121.82499694824219,121.82499694824219,121.82499694824219,121.77999877929688,121.77999877929688,289.0
2024-03-01 14:20:00,ENVB,1.5399999618530273,1.5399999618530273,1.5399999618530273,1.5200999975204468,1.524999976158142,8930.0
2024-03-01 14:20:00,ERAS,2.5299999713897705,2.5299999713897705,2.5299999713897705,2.5250000953674316,2.5250000953674316,436.0
2024-03-01 14:20:00,ESPR,2.555000066757202,2.555000066757202,2.555000066757202,2.555000066757202,2.555000066757202,750.0
2024-03-01 14:20:00,ESTA,44.86000061035156,44.86000061035156,44.94499969482422,44.755001068115234,44.86000061035156,3834.0
2024-03-01 14:20:00,ETNB,12.989999771118164,12.989999771118164,12.989999771118164,12.970000267028809,12.970000267028809,2625.0
2024-03-01 14:20:00,EWTX,17.024999618530273,17.024999618530273,17.049999237060547,17.010000228881836,17.049999237060547,1367.0
2024-03-01 14:20:00,EXAI,6.679999828338623,6.679999828338623,6.679999828338623,6.679999828338623,6.679999828338623,333.0
2024-03-01 14:20:00,EXAS,59.970001220703125,59.970001220703125,59.9900016784668,59.93000030517578,59.944801330566406,2621.0
2024-03-01 14:20:00,EXEL,22.469999313354492,22.469999313354492,22.479999542236328,22.469999313354492,22.475000381469727,3302.0
2024-03-01 14:20:00,EYEN,2.3691999912261963,2.3691999912261963,2.3691999912261963,2.3691999912261963,2.3691999912261963,549.0
2024-03-01 14:20:00,EYPT,28.0,28.0,28.010000228881836,27.969999313354492,27.969999313354492,1027.0
2024-03-01 14:20:00,FATE,7.79010009765625,7.79010009765625,7.796500205993652,7.79010009765625,7.796500205993652,760.0
2024-03-01 14:20:00,FDMT,29.485000610351562,29.485000610351562,29.485000610351562,29.485000610351562,29.485000610351562,511.0
2024-03-01 14:20:00,FGEN,1.850000023841858,1.850000023841858,1.857200026512146,1.850000023841858,1.857200026512146,1777.0
2024-03-01 14:20:00,FHTX,8.0,8.0,8.0,8.0,8.0,111.0
2024-03-01 14:20:00,FIXX,0.9300000071525574,0.9300000071525574,0.9300000071525574,0.9300000071525574,0.9300000071525574,317.0
2024-03-01 14:20:00,FOLD,13.395000457763672,13.395000457763672,13.399499893188477,13.385000228881836,13.385000228881836,4042.0
2024-03-01 14:20:00,FULC,11.010000228881836,11.010000228881836,11.020000457763672,10.98009967803955,11.0,5342.0
2024-03-01 14:20:00,FUSN,12.279999732971191,12.279999732971191,12.279999732971191,12.270099639892578,12.279999732971191,759.0
2024-03-01 14:20:00,GBIO,2.630000114440918,2.630000114440918,2.630000114440918,2.630000114440918,2.630000114440918,280.0
2024-03-01 14:20:00,GCTK,0.31279999017715454,0.31279999017715454,0.31279999017715454,0.3050000071525574,0.3075000047683716,21336.0
2024-03-01 14:20:00,GDRX,8.388899803161621,8.388899803161621,8.404999732971191,8.388899803161621,8.404999732971191,6289.0
2024-03-01 14:20:00,GERN,2.2699999809265137,2.2699999809265137,2.275399923324585,2.2699999809265137,2.2699999809265137,10968.0
2024-03-01 14:20:00,GH,19.110000610351562,19.110000610351562,19.125,19.110000610351562,19.125,2084.0
2024-03-01 14:20:00,GILD,72.4749984741211,72.4749984741211,72.4749984741211,72.46499633789062,72.46499633789062,2492.0
2024-03-01 14:20:00,GLUE,6.394999980926514,6.394999980926514,6.394999980926514,6.394999980926514,6.394999980926514,228.0
2024-03-01 14:20:00,GMAB,29.471900939941406,29.471900939941406,29.479999542236328,29.471900939941406,29.479999542236328,468.0
2024-03-01 14:20:00,GMDA,0.3797999918460846,0.3797999918460846,0.3797999918460846,0.3797999918460846,0.3797999918460846,352.0
2024-03-01 14:20:00,GNPX,4.6118998527526855,4.6118998527526855,4.650000095367432,4.6118998527526855,4.650000095367432,927.0
2024-03-01 14:20:00,GOSS,1.4249999523162842,1.4249999523162842,1.4249999523162842,1.4249999523162842,1.4249999523162842,100.0
2024-03-01 14:20:00,GRFS,7.005000114440918,7.005000114440918,7.010000228881836,7.000999927520752,7.005000114440918,1453.0
2024-03-01 14:20:00,GRTS,2.0350000858306885,2.0350000858306885,2.0415000915527344,2.0299999713897705,2.0415000915527344,9764.0
2024-03-01 14:20:00,GTHX,3.799999952316284,3.799999952316284,3.809999942779541,3.799999952316284,3.809999942779541,903.0
2024-03-01 14:20:00,HALO,41.45000076293945,41.45000076293945,41.45000076293945,41.43000030517578,41.43000030517578,1542.0
2024-03-01 14:20:00,HARP,22.950000762939453,22.950000762939453,22.950000762939453,22.940000534057617,22.940000534057617,293.0
2024-03-01 14:20:00,HCAT,8.210000038146973,8.210000038146973,8.210000038146973,8.210000038146973,8.210000038146973,101.0
2024-03-01 14:20:00,HCM,15.204999923706055,15.204999923706055,15.229999542236328,15.204999923706055,15.210000038146973,1258.0
2024-03-01 14:20:00,HLTH,0.26010000705718994,0.26010000705718994,0.26010000705718994,0.26010000705718994,0.26010000705718994,328.0
2024-03-01 14:20:00,HLVX,19.024999618530273,19.024999618530273,19.024999618530273,19.024999618530273,19.024999618530273,103.0
2024-03-01 14:20:00,HOLX,74.37000274658203,74.37000274658203,74.37999725341797,74.33999633789062,74.3499984741211,4346.0
2024-03-01 14:20:00,HQY,81.5199966430664,81.5199966430664,81.54000091552734,81.5199966430664,81.54000091552734,1713.0
2024-03-01 14:20:00,HRTX,2.5899999141693115,2.5899999141693115,2.5899999141693115,2.575000047683716,2.5799999237060547,18763.0
2024-03-01 14:20:00,HSDT,4.833499908447266,4.833499908447266,4.833499908447266,4.833499908447266,4.833499908447266,270.0
2024-03-01 14:20:00,HSIC,76.83000183105469,76.83000183105469,76.83000183105469,76.80000305175781,76.80000305175781,1715.0
2024-03-01 14:20:00,HUMA,3.25,3.25,3.2599000930786133,3.25,3.2500998973846436,6341.0
2024-03-01 14:20:00,IART,36.34000015258789,36.34000015258789,36.349998474121094,36.31999969482422,36.31999969482422,4292.0
2024-03-01 14:20:00,IBRX,4.864999771118164,4.864999771118164,4.864999771118164,4.864999771118164,4.864999771118164,1591.0
2024-03-01 14:20:00,ICCM,1.309999942779541,1.309999942779541,1.309999942779541,1.309999942779541,1.309999942779541,200.0
2024-03-01 14:20:00,ICUI,105.93499755859375,105.93499755859375,105.93499755859375,105.93499755859375,105.93499755859375,868.0
2024-03-01 14:20:00,IDYA,46.834999084472656,46.834999084472656,46.90800094604492,46.834999084472656,46.904998779296875,3652.0
2024-03-01 14:20:00,IGMS,13.175000190734863,13.175000190734863,13.175000190734863,13.175000190734863,13.175000190734863,351.0
2024-03-01 14:20:00,ILMN,142.07000732421875,142.07000732421875,142.2100067138672,142.07000732421875,142.14500427246094,2242.0
2024-03-01 14:20:00,IMCR,68.01000213623047,68.01000213623047,68.04000091552734,67.9800033569336,68.04000091552734,1999.0
2024-03-01 14:20:00,IMVT,35.86000061035156,35.86000061035156,35.875,35.86000061035156,35.875,870.0
2024-03-01 14:20:00,INBX,36.6349983215332,36.6349983215332,36.6349983215332,36.625,36.625,648.0
2024-03-01 14:20:00,INCY,59.470001220703125,59.470001220703125,59.470001220703125,59.45000076293945,59.470001220703125,1856.0
2024-03-01 14:20:00,INDP,2.0910000801086426,2.0910000801086426,2.0910000801086426,2.0910000801086426,2.0910000801086426,100.0
2024-03-01 14:20:00,INGN,6.730000019073486,6.730000019073486,6.730000019073486,6.730000019073486,6.730000019073486,210.0
2024-03-01 14:20:00,INMD,22.860000610351562,22.860000610351562,22.885000228881836,22.860000610351562,22.8799991607666,2045.0
2024-03-01 14:20:00,INO,9.680000305175781,9.680000305175781,9.699999809265137,9.680000305175781,9.699999809265137,772.0
2024-03-01 14:20:00,INSM,28.229999542236328,28.229999542236328,28.229999542236328,28.229999542236328,28.229999542236328,203.0
2024-03-01 14:20:00,INVA,15.460000038146973,15.460000038146973,15.46500015258789,15.454999923706055,15.460000038146973,4039.0
2024-03-01 14:20:00,IONS,46.010501861572266,46.010501861572266,46.08000183105469,46.010501861572266,46.08000183105469,2727.0
2024-03-01 14:20:00,IOVA,16.99810028076172,16.99810028076172,17.0049991607666,16.989999771118164,17.0049991607666,10834.0
2024-03-01 14:20:00,IPSC,3.9549999237060547,3.9549999237060547,3.9549999237060547,3.9549999237060547,3.9549999237060547,300.0
2024-03-01 14:20:00,IRWD,9.079999923706055,9.079999923706055,9.079999923706055,9.055000305175781,9.0600004196167,24216.0
2024-03-01 14:20:00,ISRG,397.32501220703125,397.32501220703125,397.45001220703125,397.32000732421875,397.42498779296875,3919.0
2024-03-01 14:20:00,ITRM,1.2999999523162842,1.2999999523162842,1.3061000108718872,1.2999999523162842,1.3061000108718872,970.0
2024-03-01 14:20:00,IVA,3.9000000953674316,3.9000000953674316,3.9000000953674316,3.9000000953674316,3.9000000953674316,849.0
2024-03-01 14:20:00,JAGX,0.07900000363588333,0.07900000363588333,0.07909999787807465,0.07840000092983246,0.07840000092983246,163619.0
2024-03-01 14:20:00,JANX,46.06999969482422,46.06999969482422,46.119998931884766,45.86000061035156,46.029998779296875,9121.0
2024-03-01 14:20:00,JAZZ,119.13500213623047,119.13500213623047,119.13500213623047,119.13500213623047,119.13500213623047,101.0
2024-03-01 14:20:00,JSPR,21.350000381469727,21.350000381469727,21.350000381469727,21.350000381469727,21.350000381469727,105.0
2024-03-01 14:20:00,KALV,14.149999618530273,14.149999618530273,14.149999618530273,14.149999618530273,14.149999618530273,249.0
2024-03-01 14:20:00,KNSA,21.84000015258789,21.84000015258789,21.860000610351562,21.84000015258789,21.84000015258789,1650.0
2024-03-01 14:20:00,KNTE,2.5999999046325684,2.5999999046325684,2.5999999046325684,2.5999999046325684,2.5999999046325684,500.0
2024-03-01 14:20:00,KPRX,0.6592000126838684,0.6592000126838684,0.6592000126838684,0.6592000126838684,0.6592000126838684,900.0
2024-03-01 14:20:00,KPTI,1.184999942779541,1.184999942779541,1.184999942779541,1.184999942779541,1.184999942779541,400.0
2024-03-01 14:20:00,KRON,1.037500023841858,1.037500023841858,1.037500023841858,1.0299999713897705,1.030400037765503,18746.0
2024-03-01 14:20:00,KROS,70.20500183105469,70.20500183105469,70.20500183105469,70.18000030517578,70.18000030517578,430.0
2024-03-01 14:20:00,KRTX,316.79998779296875,316.79998779296875,316.79998779296875,316.79998779296875,316.79998779296875,152.0
2024-03-01 14:20:00,KRYS,169.27499389648438,169.27499389648438,169.27499389648438,169.27000427246094,169.27000427246094,617.0
2024-03-01 14:20:00,KTRA,0.10189999639987946,0.10189999639987946,0.10189999639987946,0.10189999639987946,0.10189999639987946,111.0
2024-03-01 14:20:00,KURA,21.90999984741211,21.90999984741211,21.90999984741211,21.905000686645508,21.90999984741211,456.0
2024-03-01 14:20:00,KYMR,44.06999969482422,44.06999969482422,44.09000015258789,44.06999969482422,44.09000015258789,2311.0
2024-03-01 14:20:00,LAB,2.434999942779541,2.434999942779541,2.440000057220459,2.434999942779541,2.440000057220459,888.0
2024-03-01 14:20:00,LBPH,21.8799991607666,21.8799991607666,21.8799991607666,21.850000381469727,21.850000381469727,270.0
2024-03-01 14:20:00,LFMD,7.940000057220459,7.940000057220459,7.940000057220459,7.940000057220459,7.940000057220459,403.0
2024-03-01 14:20:00,LFST,7.739999771118164,7.739999771118164,7.744999885559082,7.739999771118164,7.744999885559082,1257.0
2024-03-01 14:20:00,LGND,78.18499755859375,78.18499755859375,78.18499755859375,78.18499755859375,78.18499755859375,319.0
2024-03-01 14:20:00,LNTH,64.61000061035156,64.61000061035156,64.83000183105469,64.61000061035156,64.83000183105469,7103.0
2024-03-01 14:20:00,LPTX,2.9000000953674316,2.9000000953674316,2.9149999618530273,2.9000000953674316,2.9000000953674316,3812.0
2024-03-01 14:20:00,LQDA,14.699999809265137,14.699999809265137,14.699999809265137,14.6899995803833,14.699999809265137,1981.0
2024-03-01 14:20:00,LRMR,11.4399995803833,11.4399995803833,11.4399995803833,11.40999984741211,11.40999984741211,250.0
2024-03-01 14:20:00,LUCD,1.2400000095367432,1.2400000095367432,1.2400000095367432,1.2400000095367432,1.2400000095367432,2490.0
2024-03-01 14:20:00,LUNG,9.494999885559082,9.494999885559082,9.5,9.479999542236328,9.5,738.0
2024-03-01 14:20:00,LVTX,2.740000009536743,2.740000009536743,2.799999952316284,2.740000009536743,2.7699999809265137,6311.0
2024-03-01 14:20:00,LXRX,2.505000114440918,2.505000114440918,2.505000114440918,2.505000114440918,2.505000114440918,540.0
2024-03-01 14:20:00,LYEL,3.1549999713897705,3.1549999713897705,3.1600000858306885,3.1549999713897705,3.1600000858306885,496.0
2024-03-01 14:20:00,LYRA,5.659999847412109,5.659999847412109,5.679999828338623,5.659999847412109,5.679999828338623,520.0
2024-03-01 14:20:00,MASS,7.369999885559082,7.369999885559082,7.369999885559082,7.369999885559082,7.369999885559082,200.0
2024-03-01 14:20:00,MCRB,1.2400000095367432,1.2400000095367432,1.2400000095367432,1.2359999418258667,1.238800048828125,11241.0
2024-03-01 14:20:00,MDGL,251.46499633789062,251.46499633789062,251.46499633789062,251.46499633789062,251.46499633789062,314.0
2024-03-01 14:20:00,MDRX,5.989999771118164,5.989999771118164,6.039999961853027,5.989999771118164,6.0,86391.0
2024-03-01 14:20:00,MDXG,8.654999732971191,8.654999732971191,8.654999732971191,8.654999732971191,8.654999732971191,643.0
2024-03-01 14:20:00,ME,0.5573999881744385,0.5573999881744385,0.5600000023841858,0.5573999881744385,0.5580999851226807,11671.0
2024-03-01 14:20:00,MEDP,400.9599914550781,400.9599914550781,400.9599914550781,400.7124938964844,400.7124938964844,831.0
2024-03-01 14:20:00,MESO,2.059999942779541,2.059999942779541,2.059999942779541,2.0399999618530273,2.0399999618530273,4009.0
2024-03-01 14:20:00,MGNX,19.25469970703125,19.25469970703125,19.280000686645508,19.239999771118164,19.280000686645508,2638.0
2024-03-01 14:20:00,MIRM,29.770000457763672,29.770000457763672,29.790000915527344,29.770000457763672,29.790000915527344,641.0
2024-03-01 14:20:00,MIST,1.7000000476837158,1.7000000476837158,1.7300000190734863,1.698699951171875,1.7300000190734863,21390.0
2024-03-01 14:20:00,MLTX,50.75,50.75,50.779998779296875,50.75,50.779998779296875,1061.0
2024-03-01 14:20:00,MNKD,4.519999980926514,4.519999980926514,4.519999980926514,4.519999980926514,4.519999980926514,913.0
2024-03-01 14:20:00,MNMD,6.25,6.25,6.2600998878479,6.25,6.260000228881836,2073.0
2024-03-01 14:20:00,MOR,17.549999237060547,17.549999237060547,17.559999465942383,17.549999237060547,17.549999237060547,534.0
2024-03-01 14:20:00,MORF,39.665000915527344,39.665000915527344,39.66999816894531,39.63999938964844,39.66999816894531,1940.0
2024-03-01 14:20:00,MREO,4.0,4.0,4.010000228881836,4.0,4.0,8952.0
2024-03-01 14:20:00,MRNA,95.29000091552734,95.29000091552734,95.33999633789062,95.2699966430664,95.30999755859375,6594.0
2024-03-01 14:20:00,MRNS,10.430000305175781,10.430000305175781,10.430000305175781,10.430000305175781,10.430000305175781,105.0
2024-03-01 14:20:00,MRSN,6.0,6.0,6.010000228881836,5.994999885559082,6.010000228881836,11062.0
2024-03-01 14:20:00,MRUS,51.125,51.125,51.15999984741211,51.119998931884766,51.119998931884766,424.0
2024-03-01 14:20:00,MRVI,7.744999885559082,7.744999885559082,7.760000228881836,7.739999771118164,7.760000228881836,3992.0
2024-03-01 14:20:00,MXCT,4.769999980926514,4.769999980926514,4.769999980926514,4.760000228881836,4.760000228881836,4993.0
2024-03-01 14:20:00,MYMD,3.390000104904175,3.390000104904175,3.4000000953674316,3.390000104904175,3.4000000953674316,240.0
2024-03-01 14:20:00,NARI,45.782100677490234,45.782100677490234,45.782100677490234,45.782100677490234,45.782100677490234,304.0
2024-03-01 14:20:00,NBIX,131.5800018310547,131.5800018310547,131.5800018310547,131.5800018310547,131.5800018310547,100.0
2024-03-01 14:20:00,NEO,16.114999771118164,16.114999771118164,16.114999771118164,16.114999771118164,16.114999771118164,245.0
2024-03-01 14:20:00,NEOG,17.405000686645508,17.405000686645508,17.415000915527344,17.405000686645508,17.40999984741211,2401.0
2024-03-01 14:20:00,NERV,2.6198999881744385,2.6198999881744385,2.6198999881744385,2.6198999881744385,2.6198999881744385,501.0
2024-03-01 14:20:00,NGM,1.5199999809265137,1.5199999809265137,1.524999976158142,1.5199999809265137,1.524999976158142,836.0
2024-03-01 14:20:00,NKTR,0.776199996471405,0.776199996471405,0.776199996471405,0.776199996471405,0.776199996471405,2345.0
2024-03-01 14:20:00,NKTX,12.770000457763672,12.770000457763672,12.790499687194824,12.770000457763672,12.790499687194824,1994.0
2024-03-01 14:20:00,NNOX,10.869999885559082,10.869999885559082,10.898099899291992,10.869999885559082,10.890000343322754,3794.0
2024-03-01 14:20:00,NOTV,8.100000381469727,8.100000381469727,8.100000381469727,8.100000381469727,8.100000381469727,626.0
2024-03-01 14:20:00,NRSN,2.0199999809265137,2.0199999809265137,2.0199999809265137,2.0199999809265137,2.0199999809265137,186.0
2024-03-01 14:20:00,NRXP,0.41999998688697815,0.41999998688697815,0.41999998688697815,0.41999998688697815,0.41999998688697815,11419.0
2024-03-01 14:20:00,NTLA,33.529998779296875,33.529998779296875,33.560001373291016,33.529998779296875,33.560001373291016,950.0
2024-03-01 14:20:00,NTRA,89.20500183105469,89.20500183105469,89.37999725341797,89.20500183105469,89.32520294189453,5426.0
2024-03-01 14:20:00,NUVL,87.625,87.625,87.625,87.55999755859375,87.58000183105469,1363.0
2024-03-01 14:20:00,NVAX,5.261499881744385,5.261499881744385,5.269999980926514,5.261499881744385,5.264999866485596,2126.0
2024-03-01 14:20:00,NXTC,1.8200000524520874,1.8200000524520874,1.8212000131607056,1.8200000524520874,1.8212000131607056,2600.0
2024-03-01 14:20:00,OCGN,0.9510999917984009,0.9510999917984009,0.9510999917984009,0.9510999917984009,0.9510999917984009,2387.0
2024-03-01 14:20:00,OCUL,10.770000457763672,10.770000457763672,10.779999732971191,10.765000343322754,10.765000343322754,4171.0
2024-03-01 14:20:00,OCUP,2.490000009536743,2.490000009536743,2.490000009536743,2.4800000190734863,2.4800000190734863,6288.0
2024-03-01 14:20:00,OGI,2.174999952316284,2.174999952316284,2.174999952316284,2.170099973678589,2.174999952316284,1217.0
2024-03-01 14:20:00,OM,3.190000057220459,3.190000057220459,3.190000057220459,3.190000057220459,3.190000057220459,332.0
2024-03-01 14:20:00,OMCL,26.3799991607666,26.3799991607666,26.389999389648438,26.3700008392334,26.3700008392334,2246.0
2024-03-01 14:20:00,ONTX,0.8159000277519226,0.8159000277519226,0.8159000277519226,0.8159000277519226,0.8159000277519226,570.0
2024-03-01 14:21:00,ABOS,4.635000228881836,4.635000228881836,4.635000228881836,4.635000228881836,4.635000228881836,303.0
2024-03-01 14:21:00,ABSI,5.425000190734863,5.425000190734863,5.429999828338623,5.420000076293945,5.425000190734863,3881.0
2024-03-01 14:21:00,ABUS,2.755000114440918,2.755000114440918,2.755000114440918,2.75,2.75,12619.0
2024-03-01 14:21:00,ABVC,1.2000000476837158,1.2000000476837158,1.2000000476837158,1.2000000476837158,1.2000000476837158,168.0
2024-03-01 14:21:00,ACAD,24.256000518798828,24.256000518798828,24.256000518798828,24.239999771118164,24.239999771118164,3100.0
2024-03-01 14:21:00,ACCD,10.09000015258789,10.09000015258789,10.100000381469727,10.09000015258789,10.100000381469727,1510.0
2024-03-01 14:21:00,ACET,2.4000000953674316,2.4000000953674316,2.4049999713897705,2.4000000953674316,2.4049999713897705,305.0
2024-03-01 14:21:00,ACHC,84.30000305175781,84.30000305175781,84.37999725341797,84.30000305175781,84.37999725341797,319.0
2024-03-01 14:21:00,ACHV,4.3470001220703125,4.3470001220703125,4.349999904632568,4.3470001220703125,4.349999904632568,500.0
2024-03-01 14:21:00,ACON,0.4000000059604645,0.4000000059604645,0.4000000059604645,0.4000000059604645,0.4000000059604645,399.0
2024-03-01 14:21:00,ACONW,0.05000000074505806,0.05000000074505806,0.05000000074505806,0.05000000074505806,0.05000000074505806,20220.0
2024-03-01 14:21:00,ACRS,1.2300000190734863,1.2300000190734863,1.2400000095367432,1.2300000190734863,1.2400000095367432,322.0
2024-03-01 14:21:00,ADAP,1.5950000286102295,1.5950000286102295,1.5950000286102295,1.5950000286102295,1.5950000286102295,100.0
2024-03-01 14:21:00,ADIL,3.4888999462127686,3.4888999462127686,3.5,3.4100000858306885,3.4100000858306885,80797.0
2024-03-01 14:21:00,ADMA,5.542500019073486,5.542500019073486,5.542500019073486,5.542500019073486,5.542500019073486,113.0
2024-03-01 14:21:00,ADPT,4.09499979019165,4.09499979019165,4.099999904632568,4.090000152587891,4.099999904632568,3039.0
2024-03-01 14:21:00,ADUS,93.91000366210938,93.91000366210938,93.91000366210938,93.91000366210938,93.91000366210938,144.0
2024-03-01 14:21:00,ADVM,1.975000023841858,1.975000023841858,1.9800000190734863,1.9700000286102295,1.9700000286102295,939.0
2024-03-01 14:21:00,AGEN,0.6704000234603882,0.6704000234603882,0.6704000234603882,0.6703000068664551,0.6703749895095825,8502.0
2024-03-01 14:21:00,AGIO,32.834999084472656,32.834999084472656,32.834999084472656,32.83000183105469,32.83000183105469,751.0
2024-03-01 14:21:00,AHCO,10.505000114440918,10.505000114440918,10.510000228881836,10.505000114440918,10.510000228881836,2044.0
2024-03-01 14:21:00,AIMD,0.949999988079071,0.949999988079071,0.949999988079071,0.949999988079071,0.949999988079071,150.0
2024-03-01 14:21:00,AKAN,0.210999995470047,0.210999995470047,0.21359999477863312,0.2101999968290329,0.2101999968290329,15433.0
2024-03-01 14:21:00,AKBA,1.690000057220459,1.690000057220459,1.690000057220459,1.684999942779541,1.690000057220459,1539.0
2024-03-01 14:21:00,AKRO,29.530000686645508,29.530000686645508,29.530000686645508,29.440000534057617,29.479999542236328,1174.0
2024-03-01 14:21:00,ALDX,4.329999923706055,4.329999923706055,4.329999923706055,4.324999809265137,4.324999809265137,458.0
2024-03-01 14:21:00,ALEC,7.505000114440918,7.505000114440918,7.505000114440918,7.5,7.505000114440918,357.0
2024-03-01 14:21:00,ALGN,302.0369873046875,302.0369873046875,302.1499938964844,301.9200134277344,302.1499938964844,1478.0
2024-03-01 14:21:00,ALHC,5.699999809265137,5.699999809265137,5.699999809265137,5.679999828338623,5.690000057220459,11141.0
2024-03-01 14:21:00,ALKS,30.239999771118164,30.239999771118164,30.25,30.235000610351562,30.25,2247.0
2024-03-01 14:21:00,ALLK,1.6799999475479126,1.6799999475479126,1.6799999475479126,1.6799999475479126,1.6799999475479126,334.0
2024-03-01 14:21:00,ALLO,5.034999847412109,5.034999847412109,5.034999847412109,5.034999847412109,5.034999847412109,728.0
2024-03-01 14:21:00,ALPN,36.02000045776367,36.02000045776367,36.02000045776367,36.02000045776367,36.02000045776367,683.0
2024-03-01 14:21:00,ALT,12.109999656677246,12.109999656677246,12.119999885559082,12.109999656677246,12.114999771118164,2344.0
2024-03-01 14:21:00,ALXO,15.0649995803833,15.0649995803833,15.0649995803833,15.0649995803833,15.0649995803833,104.0
2024-03-01 14:21:00,AMED,93.4800033569336,93.4800033569336,93.4800033569336,93.4800033569336,93.4800033569336,200.0
2024-03-01 14:21:00,AMGN,281.05999755859375,281.05999755859375,281.1400146484375,280.989990234375,281.114990234375,9936.0
2024-03-01 14:21:00,AMLX,18.709999084472656,18.709999084472656,18.719999313354492,18.709999084472656,18.709999084472656,844.0
2024-03-01 14:21:00,AMPH,45.59000015258789,45.59000015258789,45.59000015258789,45.59000015258789,45.59000015258789,610.0
2024-03-01 14:21:00,ANGO,5.505000114440918,5.505000114440918,5.510000228881836,5.505000114440918,5.510000228881836,819.0
2024-03-01 14:21:00,ANNX,6.110000133514404,6.110000133514404,6.119999885559082,6.105000019073486,6.110000133514404,8490.0
2024-03-01 14:21:00,ANTX,3.0199999809265137,3.0199999809265137,3.0199999809265137,3.0199999809265137,3.0199999809265137,1249.0
2024-03-01 14:21:00,APLS,64.83999633789062,64.83999633789062,64.86000061035156,64.80000305175781,64.8499984741211,2509.0
2024-03-01 14:21:00,APLT,7.119999885559082,7.119999885559082,7.119999885559082,7.110000133514404,7.110000133514404,637.0
2024-03-01 14:21:00,AQST,4.170199871063232,4.170199871063232,4.170199871063232,4.170000076293945,4.170000076293945,1268.0
2024-03-01 14:21:00,ARAY,2.640000104904175,2.640000104904175,2.640000104904175,2.640000104904175,2.640000104904175,158.0
2024-03-01 14:21:00,ARCT,39.78499984741211,39.78499984741211,39.78499984741211,39.78499984741211,39.78499984741211,475.0
2024-03-01 14:21:00,ARDX,9.484999656677246,9.484999656677246,9.5,9.479999542236328,9.489999771118164,13866.0
2024-03-01 14:21:00,ARQT,11.760000228881836,11.760000228881836,11.770000457763672,11.75,11.770000457763672,10952.0
2024-03-01 14:21:00,ARVN,48.72999954223633,48.72999954223633,48.72999954223633,48.720001220703125,48.720001220703125,509.0
2024-03-01 14:21:00,ARWR,35.724998474121094,35.724998474121094,35.79679870605469,35.724998474121094,35.79679870605469,3427.0
2024-03-01 14:21:00,ASND,152.69000244140625,152.69000244140625,152.69000244140625,152.69000244140625,152.69000244140625,151.0
2024-03-01 14:21:00,ATAI,2.1600000858306885,2.1600000858306885,2.168600082397461,2.1600000858306885,2.168600082397461,502.0
2024-03-01 14:21:00,ATEC,13.425000190734863,13.425000190734863,13.425000190734863,13.425000190734863,13.425000190734863,478.0
2024-03-01 14:21:00,ATHA,4.019999980926514,4.019999980926514,4.019999980926514,4.014999866485596,4.014999866485596,302.0
2024-03-01 14:21:00,ATRC,35.880001068115234,35.880001068115234,35.90999984741211,35.880001068115234,35.88999938964844,1507.0
2024-03-01 14:21:00,ATXI,0.15440000593662262,0.15440000593662262,0.15440000593662262,0.15440000593662262,0.15440000593662262,200.0
2024-03-01 14:21:00,ATXS,14.78499984741211,14.78499984741211,14.78499984741211,14.78499984741211,14.78499984741211,191.0
2024-03-01 14:21:00,AUPH,5.837500095367432,5.837500095367432,5.837500095367432,5.837500095367432,5.837500095367432,129.0
2024-03-01 14:21:00,AURA,9.350000381469727,9.350000381469727,9.350000381469727,9.350000381469727,9.350000381469727,223.0
2024-03-01 14:21:00,AUTL,6.360000133514404,6.360000133514404,6.369999885559082,6.360000133514404,6.369999885559082,876.0
2024-03-01 14:21:00,AVDL,13.239999771118164,13.239999771118164,13.255000114440918,13.229999542236328,13.255000114440918,3049.0
2024-03-01 14:21:00,AVIR,4.474999904632568,4.474999904632568,4.480000019073486,4.474999904632568,4.480000019073486,373.0
2024-03-01 14:21:00,AVXL,5.3557000160217285,5.3557000160217285,5.3557000160217285,5.3557000160217285,5.3557000160217285,1619.0
2024-03-01 14:21:00,AXNX,67.42009735107422,67.42009735107422,67.47000122070312,67.41999816894531,67.45999908447266,6585.0
2024-03-01 14:21:00,AXSM,82.34500122070312,82.34500122070312,82.34500122070312,82.34500122070312,82.34500122070312,570.0
2024-03-01 14:21:00,AZN,64.69999694824219,64.69999694824219,64.69999694824219,64.69000244140625,64.69499969482422,6251.0
2024-03-01 14:21:00,BBIO,36.040000915527344,36.040000915527344,36.040000915527344,36.029998779296875,36.029998779296875,1039.0
2024-03-01 14:21:00,BCAB,2.734999895095825,2.734999895095825,2.734999895095825,2.734999895095825,2.734999895095825,200.0
2024-03-01 14:21:00,BCDA,0.5760999917984009,0.5760999917984009,0.5799999833106995,0.5759999752044678,0.5759999752044678,2970.0
2024-03-01 14:21:00,BCRX,5.710000038146973,5.710000038146973,5.71999979019165,5.710000038146973,5.710000038146973,2434.0
2024-03-01 14:21:00,BCYC,26.030000686645508,26.030000686645508,26.030000686645508,26.0,26.010000228881836,859.0
2024-03-01 14:21:00,BDSX,1.6598999500274658,1.6598999500274658,1.6598999500274658,1.6598999500274658,1.6598999500274658,200.0
2024-03-01 14:21:00,BDTX,4.781700134277344,4.781700134277344,4.800000190734863,4.75,4.78000020980835,17974.0
2024-03-01 14:21:00,BEAM,40.14500045776367,40.14500045776367,40.19990158081055,40.11000061035156,40.19990158081055,1505.0
2024-03-01 14:21:00,BEAT,1.5599000453948975,1.5599000453948975,1.559999942779541,1.5599000453948975,1.559999942779541,658.0
2024-03-01 14:21:00,BIIB,221.5,221.5,221.5500030517578,221.5,221.5500030517578,1099.0
2024-03-01 14:21:00,BIOL,0.1421000063419342,0.1421000063419342,0.1421000063419342,0.1421000063419342,0.1421000063419342,57570.0
2024-03-01 14:21:00,BIOR,1.1299999952316284,1.1299999952316284,1.1299999952316284,1.1299999952316284,1.1299999952316284,468.0
2024-03-01 14:21:00,BIVI,2.0199999809265137,2.0199999809265137,2.0399999618530273,2.009999990463257,2.0399999618530273,14000.0
2024-03-01 14:21:00,BLUE,1.590000033378601,1.590000033378601,1.5982999801635742,1.590000033378601,1.5950000286102295,12836.0
2024-03-01 14:21:00,BMEA,18.364999771118164,18.364999771118164,18.364999771118164,18.364999771118164,18.364999771118164,357.0
2024-03-01 14:21:00,BMRN,88.0250015258789,88.0250015258789,88.05000305175781,88.0,88.01499938964844,2754.0
2024-03-01 14:21:00,BNGO,1.2649999856948853,1.2649999856948853,1.2649999856948853,1.2649999856948853,1.2649999856948853,100.0
2024-03-01 14:21:00,BNOX,1.2300000190734863,1.2300000190734863,1.2300000190734863,1.2300000190734863,1.2300000190734863,455.0
2024-03-01 14:21:00,BNTX,91.16999816894531,91.16999816894531,91.16999816894531,91.16999816894531,91.16999816894531,200.0
2024-03-01 14:21:00,BPMC,96.875,96.875,96.875,96.81999969482422,96.81999969482422,1331.0
2024-03-01 14:21:00,BRKR,88.5199966430664,88.5199966430664,88.5199966430664,88.5199966430664,88.5199966430664,419.0
2024-03-01 14:21:00,BTCY,0.9498999714851379,0.9498999714851379,0.9498999714851379,0.9391999840736389,0.9391999840736389,500.0
2024-03-01 14:21:00,BTTX,0.18389999866485596,0.18389999866485596,0.18400000035762787,0.18154999613761902,0.18154999613761902,10887.0
2024-03-01 14:21:00,CABA,24.020000457763672,24.020000457763672,24.020000457763672,23.989999771118164,23.989999771118164,2803.0
2024-03-01 14:21:00,CBAY,32.22999954223633,32.22999954223633,32.22999954223633,32.220001220703125,32.22999954223633,2969.0
2024-03-01 14:21:00,CCCC,10.994999885559082,10.994999885559082,11.010000228881836,10.994999885559082,11.010000228881836,3341.0
2024-03-01 14:21:00,CCRN,18.219999313354492,18.219999313354492,18.219999313354492,18.219999313354492,18.219999313354492,485.0
2024-03-01 14:21:00,CDMO,8.170000076293945,8.170000076293945,8.170000076293945,8.15999984741211,8.15999984741211,633.0
2024-03-01 14:21:00,CDNA,12.710000038146973,12.710000038146973,12.710000038146973,12.670000076293945,12.670000076293945,3727.0
2024-03-01 14:21:00,CDXS,4.579999923706055,4.579999923706055,4.599999904632568,4.579999923706055,4.599999904632568,1660.0
2024-03-01 14:21:00,CELC,16.8700008392334,16.8700008392334,16.8799991607666,16.860000610351562,16.860000610351562,1421.0
2024-03-01 14:21:00,CERE,41.099998474121094,41.099998474121094,41.10499954223633,41.099998474121094,41.10499954223633,1234.0
2024-03-01 14:21:00,CERS,2.184999942779541,2.184999942779541,2.184999942779541,2.184999942779541,2.184999942779541,102.0
2024-03-01 14:21:00,CERT,17.975000381469727,17.975000381469727,17.975000381469727,17.96500015258789,17.969999313354492,1322.0
2024-03-01 14:21:00,CGC,3.2200000286102295,3.2200000286102295,3.2200000286102295,3.2200000286102295,3.2200000286102295,995.0
2024-03-01 14:21:00,CGTX,2.0399999618530273,2.0399999618530273,2.0399999618530273,2.0399999618530273,2.0399999618530273,725.0
2024-03-01 14:21:00,CHRS,2.424999952316284,2.424999952316284,2.424999952316284,2.424999952316284,2.424999952316284,411.0
2024-03-01 14:21:00,CKPT,2.190000057220459,2.190000057220459,2.190000057220459,2.190000057220459,2.190000057220459,101.0
2024-03-01 14:21:00,CLDX,51.97999954223633,51.97999954223633,52.02000045776367,51.91999816894531,52.02000045776367,702.0
2024-03-01 14:21:00,CLOV,0.8637499809265137,0.8637499809265137,0.8651999831199646,0.8636999726295471,0.8651999831199646,39055.0
2024-03-01 14:21:00,CLRB,4.079999923706055,4.079999923706055,4.097599983215332,4.079999923706055,4.097599983215332,1978.0
2024-03-01 14:21:00,CMAX,7.599999904632568,7.599999904632568,7.599999904632568,7.599999904632568,7.599999904632568,156.0
2024-03-01 14:21:00,CMPS,11.619999885559082,11.619999885559082,11.619999885559082,11.579999923706055,11.59000015258789,3680.0
2024-03-01 14:21:00,CODX,1.1699999570846558,1.1699999570846558,1.1699999570846558,1.1699999570846558,1.1699999570846558,135.0
2024-03-01 14:21:00,COGT,7.28000020980835,7.28000020980835,7.295000076293945,7.28000020980835,7.295000076293945,2309.0
2024-03-01 14:21:00,COLL,36.650001525878906,36.650001525878906,36.650001525878906,36.650001525878906,36.650001525878906,720.0
2024-03-01 14:21:00,CPRX,17.239999771118164,17.239999771118164,17.270000457763672,17.225000381469727,17.270000457763672,6946.0
2024-03-01 14:21:00,CRBU,7.925000190734863,7.925000190734863,7.925000190734863,7.920000076293945,7.920000076293945,3187.0
2024-03-01 14:21:00,CRDF,2.5799999237060547,2.5799999237060547,2.630000114440918,2.569999933242798,2.6108999252319336,42432.0
2024-03-01 14:21:00,CRNX,46.619998931884766,46.619998931884766,46.619998931884766,46.61000061035156,46.619998931884766,1362.0
2024-03-01 14:21:00,CRON,2.0450000762939453,2.0450000762939453,2.049999952316284,2.0450000762939453,2.049999952316284,1673.0
2024-03-01 14:21:00,CRSP,85.45999908447266,85.45999908447266,85.55000305175781,85.45999908447266,85.55000305175781,1490.0
2024-03-01 14:21:00,CTKB,9.005000114440918,9.005000114440918,9.020000457763672,9.005000114440918,9.015000343322754,3419.0
2024-03-01 14:21:00,CTMX,2.5790998935699463,2.5790998935699463,2.5790998935699463,2.575000047683716,2.575000047683716,1925.0
2024-03-01 14:21:00,CUE,2.174999952316284,2.174999952316284,2.174999952316284,2.174999952316284,2.174999952316284,258.0
2024-03-01 14:21:00,CUTR,2.4000000953674316,2.4000000953674316,2.4000000953674316,2.4000000953674316,2.4000000953674316,683.0
2024-03-01 14:21:00,CVAC,3.4649999141693115,3.4649999141693115,3.4649999141693115,3.4649999141693115,3.4649999141693115,434.0
2024-03-01 14:21:00,CYTK,73.30999755859375,73.30999755859375,73.3499984741211,73.30999755859375,73.30999755859375,1170.0
2024-03-01 14:21:00,DAWN,17.690000534057617,17.690000534057617,17.700000762939453,17.690000534057617,17.700000762939453,1119.0
2024-03-01 14:21:00,DCGO,4.135000228881836,4.135000228881836,4.139999866485596,4.132900238037109,4.132900238037109,1992.0
2024-03-01 14:21:00,DCPH,17.6200008392334,17.6200008392334,17.628400802612305,17.614999771118164,17.614999771118164,741.0
2024-03-01 14:21:00,DH,8.920000076293945,8.920000076293945,8.930000305175781,8.920000076293945,8.930000305175781,2020.0
2024-03-01 14:21:00,DMTK,0.8499000072479248,0.8499000072479248,0.8499000072479248,0.8499000072479248,0.8499000072479248,112.0
2024-03-01 14:21:00,DNLI,21.385000228881836,21.385000228881836,21.389999389648438,21.385000228881836,21.389999389648438,793.0
2024-03-01 14:21:00,DSGN,2.8949999809265137,2.8949999809265137,2.8949999809265137,2.8949999809265137,2.8949999809265137,811.0
2024-03-01 14:21:00,DTIL,12.470000267028809,12.470000267028809,12.470000267028809,12.45989990234375,12.45989990234375,4950.0
2024-03-01 14:21:00,DVAX,12.819999694824219,12.819999694824219,12.819999694824219,12.819999694824219,12.819999694824219,473.0
2024-03-01 14:21:00,DXCM,122.05000305175781,122.05000305175781,122.05999755859375,122.0,122.04499816894531,6165.0
2024-03-01 14:21:00,DYN,29.200000762939453,29.200000762939453,29.200000762939453,29.0,29.03499984741211,5759.0
2024-03-01 14:21:00,EDIT,10.899999618530273,10.899999618530273,10.901200294494629,10.890000343322754,10.899999618530273,3189.0
2024-03-01 14:21:00,EFTR,16.010000228881836,16.010000228881836,16.09000015258789,16.010000228881836,16.09000015258789,2453.0
2024-03-01 14:21:00,ELEV,5.090000152587891,5.090000152587891,5.099999904632568,5.090000152587891,5.09499979019165,10605.0
2024-03-01 14:21:00,EMBC,14.270000457763672,14.270000457763672,14.270000457763672,14.270000457763672,14.270000457763672,146.0
2024-03-01 14:21:00,ENSG,121.87999725341797,121.87999725341797,121.9749984741211,121.82499694824219,121.82499694824219,6866.0
2024-03-01 14:21:00,ENTA,15.4399995803833,15.4399995803833,15.4399995803833,15.430000305175781,15.430000305175781,1752.0
2024-03-01 14:21:00,ENVB,1.5299999713897705,1.5299999713897705,1.5399999618530273,1.5200999975204468,1.5200999975204468,4734.0
2024-03-01 14:21:00,EPIX,9.425000190734863,9.425000190734863,9.425000190734863,9.425000190734863,9.425000190734863,107.0
2024-03-01 14:21:00,ERAS,2.5299999713897705,2.5299999713897705,2.5299999713897705,2.5250000953674316,2.5250000953674316,364.0
2024-03-01 14:21:00,ESPR,2.555000066757202,2.555000066757202,2.555000066757202,2.555000066757202,2.555000066757202,2256.0
2024-03-01 14:21:00,ESTA,44.89500045776367,44.89500045776367,44.89500045776367,44.89500045776367,44.89500045776367,368.0
2024-03-01 14:21:00,ETNB,12.954999923706055,12.954999923706055,12.970000267028809,12.954999923706055,12.970000267028809,2677.0
2024-03-01 14:21:00,EWTX,17.024999618530273,17.024999618530273,17.024999618530273,17.024999618530273,17.024999618530273,120.0
2024-03-01 14:21:00,EXAI,6.675000190734863,6.675000190734863,6.689899921417236,6.675000190734863,6.679999828338623,3045.0
2024-03-01 14:21:00,EXAS,59.970001220703125,59.970001220703125,60.02000045776367,59.94499969482422,59.959999084472656,3130.0
2024-03-01 14:21:00,EXEL,22.475000381469727,22.475000381469727,22.475000381469727,22.475000381469727,22.475000381469727,455.0
2024-03-01 14:21:00,EYPT,28.0049991607666,28.0049991607666,28.040000915527344,28.0,28.0,1045.0
2024-03-01 14:21:00,FATE,7.800000190734863,7.800000190734863,7.800000190734863,7.789999961853027,7.791299819946289,1102.0
2024-03-01 14:21:00,FDMT,29.489999771118164,29.489999771118164,29.510000228881836,29.469999313354492,29.5,6692.0
2024-03-01 14:21:00,FGEN,1.840000033378601,1.840000033378601,1.8550000190734863,1.840000033378601,1.8550000190734863,18901.0
2024-03-01 14:21:00,FHTX,8.0,8.0,8.0,8.0,8.0,101.0
2024-03-01 14:21:00,FOLD,13.395000457763672,13.395000457763672,13.395000457763672,13.390000343322754,13.395000457763672,1163.0
2024-03-01 14:21:00,FULC,11.020000457763672,11.020000457763672,11.020000457763672,11.010000228881836,11.010000228881836,1039.0
2024-03-01 14:21:00,FUSN,12.295000076293945,12.295000076293945,12.295000076293945,12.279999732971191,12.279999732971191,686.0
2024-03-01 14:21:00,GDRX,8.385000228881836,8.385000228881836,8.385000228881836,8.380000114440918,8.380200386047363,1334.0
2024-03-01 14:21:00,GENE,2.3499999046325684,2.3499999046325684,2.3499999046325684,2.3499999046325684,2.3499999046325684,325.0
2024-03-01 14:21:00,GERN,2.2750000953674316,2.2750000953674316,2.2750000953674316,2.2699999809265137,2.2699999809265137,15578.0
2024-03-01 14:21:00,GH,19.1200008392334,19.1200008392334,19.1200008392334,19.1200008392334,19.1200008392334,116.0
2024-03-01 14:21:00,GILD,72.4800033569336,72.4800033569336,72.48500061035156,72.47000122070312,72.47000122070312,3566.0
2024-03-01 14:21:00,GLPG,35.060001373291016,35.060001373291016,35.084999084472656,35.060001373291016,35.084999084472656,874.0
2024-03-01 14:21:00,GLYC,3.0,3.0,3.0,2.990000009536743,2.994999885559082,2368.0
2024-03-01 14:21:00,GMAB,29.459999084472656,29.459999084472656,29.469999313354492,29.459999084472656,29.469999313354492,1877.0
2024-03-01 14:21:00,GMDA,0.3806000053882599,0.3806000053882599,0.3806000053882599,0.3788999915122986,0.3799000084400177,75376.0
2024-03-01 14:21:00,GNPX,4.610000133514404,4.610000133514404,4.630000114440918,4.610000133514404,4.630000114440918,846.0
2024-03-01 14:21:00,GOSS,1.4249999523162842,1.4249999523162842,1.4249999523162842,1.4249999523162842,1.4249999523162842,151.0
2024-03-01 14:21:00,GRFS,7.0,7.0,7.005000114440918,7.0,7.0,410.0
2024-03-01 14:21:00,GRPH,3.4600000381469727,3.4600000381469727,3.4600000381469727,3.4600000381469727,3.4600000381469727,552.0
2024-03-01 14:21:00,GRTS,2.029900074005127,2.029900074005127,2.0299999713897705,2.0199999809265137,2.0299999713897705,12340.0
2024-03-01 14:21:00,GTHX,3.809999942779541,3.809999942779541,3.809999942779541,3.799999952316284,3.799999952316284,1335.0
2024-03-01 14:21:00,HALO,41.45000076293945,41.45000076293945,41.459999084472656,41.45000076293945,41.459999084472656,775.0
2024-03-01 14:21:00,HARP,22.9424991607666,22.9424991607666,22.9424991607666,22.9424991607666,22.9424991607666,144.0
2024-03-01 14:21:00,HCAT,8.229999542236328,8.229999542236328,8.229999542236328,8.210000038146973,8.210000038146973,978.0
2024-03-01 14:21:00,HCSG,12.630000114440918,12.630000114440918,12.635000228881836,12.630000114440918,12.635000228881836,517.0
2024-03-01 14:21:00,HLVX,19.040000915527344,19.040000915527344,19.06999969482422,19.040000915527344,19.06999969482422,522.0
2024-03-01 14:21:00,HOLX,74.33000183105469,74.33000183105469,74.3550033569336,74.30999755859375,74.3550033569336,4175.0
2024-03-01 14:21:00,HRMY,31.690000534057617,31.690000534057617,31.690000534057617,31.690000534057617,31.690000534057617,237.0
2024-03-01 14:21:00,HRTX,2.5850000381469727,2.5850000381469727,2.5850000381469727,2.5850000381469727,2.5850000381469727,626.0
2024-03-01 14:21:00,HSCS,0.1185000017285347,0.1185000017285347,0.1185000017285347,0.1185000017285347,0.1185000017285347,425.0
2024-03-01 14:21:00,HSIC,76.83000183105469,76.83000183105469,76.83000183105469,76.81999969482422,76.83000183105469,754.0
2024-03-01 14:21:00,HUGE,0.9126999974250793,0.9126999974250793,0.9126999974250793,0.9126999974250793,0.9126999974250793,1029.0
2024-03-01 14:21:00,HUMA,3.2298998832702637,3.2298998832702637,3.255000114440918,3.2200000286102295,3.25,52484.0
2024-03-01 14:21:00,IART,36.34000015258789,36.34000015258789,36.34000015258789,36.34000015258789,36.34000015258789,1045.0
2024-03-01 14:21:00,IBRX,4.864999771118164,4.864999771118164,4.864999771118164,4.864999771118164,4.864999771118164,1374.0
2024-03-01 14:21:00,ICLR,323.80999755859375,323.80999755859375,323.80999755859375,323.80999755859375,323.80999755859375,197.0
2024-03-01 14:21:00,IDXX,578.77001953125,578.77001953125,579.7100219726562,578.77001953125,579.7000122070312,1963.0
2024-03-01 14:21:00,IDYA,46.77000045776367,46.77000045776367,46.810001373291016,46.77000045776367,46.810001373291016,1501.0
2024-03-01 14:21:00,IINN,1.6799999475479126,1.6799999475479126,1.6799999475479126,1.6799999475479126,1.6799999475479126,234.0
2024-03-01 14:21:00,ILMN,142.02499389648438,142.02499389648438,142.05999755859375,142.02499389648438,142.05999755859375,917.0
2024-03-01 14:21:00,IMAB,1.8193000555038452,1.8193000555038452,1.8193000555038452,1.8193000555038452,1.8193000555038452,1300.0
2024-03-01 14:21:00,IMMX,3.515000104904175,3.515000104904175,3.515000104904175,3.515000104904175,3.515000104904175,100.0
2024-03-01 14:21:00,IMNM,25.260000228881836,25.260000228881836,25.299999237060547,25.260000228881836,25.299999237060547,1036.0
2024-03-01 14:21:00,IMNN,1.0199999809265137,1.0199999809265137,1.0199999809265137,1.0199999809265137,1.0199999809265137,438.0
2024-03-01 14:21:00,IMTX,12.90999984741211,12.90999984741211,12.90999984741211,12.90999984741211,12.90999984741211,497.0
2024-03-01 14:21:00,IMUX,1.4800000190734863,1.4800000190734863,1.4800000190734863,1.4800000190734863,1.4800000190734863,342.0
2024-03-01 14:21:00,IMVT,35.83000183105469,35.83000183105469,35.86000061035156,35.83000183105469,35.845001220703125,852.0
2024-03-01 14:21:00,INBX,36.689998626708984,36.689998626708984,36.689998626708984,36.689998626708984,36.689998626708984,1194.0
2024-03-01 14:21:00,INCY,59.380001068115234,59.380001068115234,59.45000076293945,59.369998931884766,59.45000076293945,3390.0
2024-03-01 14:21:00,INDP,2.086699962615967,2.086699962615967,2.086699962615967,2.0799999237060547,2.086699962615967,22026.0
2024-03-01 14:21:00,INGN,6.730000019073486,6.730000019073486,6.730000019073486,6.730000019073486,6.730000019073486,609.0
2024-03-01 14:21:00,INMD,22.8799991607666,22.8799991607666,22.8799991607666,22.8700008392334,22.8700008392334,1760.0
2024-03-01 14:21:00,INO,9.675000190734863,9.675000190734863,9.680000305175781,9.65999984741211,9.670000076293945,3836.0
2024-03-01 14:21:00,INSM,28.229999542236328,28.229999542236328,28.229999542236328,28.229999542236328,28.229999542236328,229.0
2024-03-01 14:21:00,INVA,15.454999923706055,15.454999923706055,15.454999923706055,15.454999923706055,15.454999923706055,242.0
2024-03-01 14:21:00,INZY,6.630000114440918,6.630000114440918,6.630000114440918,6.630000114440918,6.630000114440918,264.0
2024-03-01 14:21:00,IONS,46.0,46.0,46.0099983215332,46.0,46.0099983215332,851.0
2024-03-01 14:21:00,IOVA,17.0049991607666,17.0049991607666,17.010000228881836,16.990100860595703,16.990100860595703,16323.0
2024-03-01 14:21:00,IPSC,3.9549999237060547,3.9549999237060547,3.9549999237060547,3.9300999641418457,3.9300999641418457,1273.0
2024-03-01 14:21:00,IRWD,9.09000015258789,9.09000015258789,9.100000381469727,9.079999923706055,9.079999923706055,24842.0
2024-03-01 14:21:00,ISRG,397.2300109863281,397.2300109863281,397.2900085449219,397.2099914550781,397.2099914550781,1461.0
2024-03-01 14:21:00,ITCI,72.09500122070312,72.09500122070312,72.09500122070312,72.09500122070312,72.09500122070312,200.0
2024-03-01 14:21:00,JAGX,0.08169999718666077,0.08169999718666077,0.0820000022649765,0.07909999787807465,0.07909999787807465,969890.0
2024-03-01 14:21:00,JANX,46.0,46.0,46.0,46.0,46.0,1905.0
2024-03-01 14:21:00,JAZZ,119.20500183105469,119.20500183105469,119.25,119.16000366210938,119.16000366210938,3199.0
2024-03-01 14:21:00,KALV,14.15999984741211,14.15999984741211,14.15999984741211,14.15999984741211,14.15999984741211,100.0
2024-03-01 14:21:00,KNSA,21.81999969482422,21.81999969482422,21.81999969482422,21.81999969482422,21.81999969482422,220.0
2024-03-01 14:21:00,KNTE,2.5999999046325684,2.5999999046325684,2.5999999046325684,2.5999999046325684,2.5999999046325684,906.0
2024-03-01 14:21:00,KOD,6.110000133514404,6.110000133514404,6.110000133514404,6.09499979019165,6.099999904632568,1230.0
2024-03-01 14:21:00,KPTI,1.184999942779541,1.184999942779541,1.190000057220459,1.1799999475479126,1.190000057220459,1500.0
2024-03-01 14:21:00,KROS,70.1500015258789,70.1500015258789,70.26499938964844,70.1500015258789,70.19999694824219,2697.0
2024-03-01 14:21:00,KURA,21.864999771118164,21.864999771118164,21.899999618530273,21.860000610351562,21.899999618530273,1847.0
2024-03-01 14:21:00,KYMR,44.06999969482422,44.06999969482422,44.06999969482422,44.040000915527344,44.04999923706055,1648.0
2024-03-01 14:21:00,KZR,1.090000033378601,1.090000033378601,1.090000033378601,1.0850000381469727,1.090000033378601,508.0
2024-03-01 14:21:00,LAB,2.434999942779541,2.434999942779541,2.434999942779541,2.434999942779541,2.434999942779541,500.0
2024-03-01 14:21:00,LABP,6.349999904632568,6.349999904632568,6.349999904632568,6.349999904632568,6.349999904632568,0.0
2024-03-01 14:21:00,LBPH,21.850000381469727,21.850000381469727,21.850000381469727,21.850000381469727,21.850000381469727,662.0
2024-03-01 14:21:00,LEGN,65.67500305175781,65.67500305175781,65.69999694824219,65.62999725341797,65.69999694824219,1433.0
2024-03-01 14:21:00,LEXX,2.840100049972534,2.840100049972534,2.8499999046325684,2.8399999141693115,2.8499999046325684,2131.0
2024-03-01 14:21:00,LFMD,7.940000057220459,7.940000057220459,7.940000057220459,7.929999828338623,7.929999828338623,201.0
2024-03-01 14:21:00,LFST,7.71750020980835,7.71750020980835,7.739999771118164,7.71750020980835,7.739999771118164,4565.0
2024-03-01 14:21:00,LIAN,4.875,4.875,4.880000114440918,4.864999771118164,4.864999771118164,26625.0
2024-03-01 14:21:00,LIFE,1.9199999570846558,1.9199999570846558,1.9299999475479126,1.9149999618530273,1.9149999618530273,19166.0
2024-03-01 14:21:00,LIVN,55.83000183105469,55.83000183105469,55.83000183105469,55.810001373291016,55.810001373291016,427.0
2024-03-01 14:21:00,LMAT,67.87000274658203,67.87000274658203,67.9800033569336,67.87000274658203,67.9800033569336,525.0
2024-03-01 14:21:00,LNTH,64.58000183105469,64.58000183105469,64.61499786376953,64.58000183105469,64.61499786376953,1501.0
2024-03-01 14:21:00,LQDA,14.734999656677246,14.734999656677246,14.734999656677246,14.709199905395508,14.709199905395508,2505.0
2024-03-01 14:21:00,LRMR,11.444999694824219,11.444999694824219,11.5,11.444999694824219,11.5,515.0
2024-03-01 14:21:00,LTRN,4.350100040435791,4.350100040435791,4.400000095367432,4.349999904632568,4.369999885559082,1510.0
2024-03-01 14:21:00,LUMO,2.990000009536743,2.990000009536743,2.990000009536743,2.990000009536743,2.990000009536743,750.0
2024-03-01 14:21:00,LUNG,9.5,9.5,9.5,9.5,9.5,270.0
2024-03-01 14:21:00,LVTX,2.7797000408172607,2.7797000408172607,2.7797000408172607,2.7699999809265137,2.7699999809265137,1110.0
2024-03-01 14:21:00,LXRX,2.509999990463257,2.509999990463257,2.509999990463257,2.5009000301361084,2.505000114440918,2142.0
2024-03-01 14:21:00,LYEL,3.1649999618530273,3.1649999618530273,3.1700000762939453,3.1549999713897705,3.1549999713897705,5644.0
2024-03-01 14:21:00,MACK,14.71500015258789,14.71500015258789,14.71500015258789,14.71500015258789,14.71500015258789,329.0
2024-03-01 14:21:00,MASI,127.04000091552734,127.04000091552734,127.05000305175781,126.98999786376953,126.98999786376953,2625.0
2024-03-01 14:21:00,MASS,7.380000114440918,7.380000114440918,7.380000114440918,7.380000114440918,7.380000114440918,123.0
2024-03-01 14:21:00,MCRB,1.2400000095367432,1.2400000095367432,1.2400000095367432,1.2350000143051147,1.2400000095367432,15821.0
2024-03-01 14:21:00,MDGL,250.51499938964844,250.51499938964844,251.44000244140625,250.51499938964844,251.44000244140625,1789.0
2024-03-01 14:21:00,MDRX,6.0,6.0,6.039999961853027,6.0,6.039999961853027,6727.0
2024-03-01 14:21:00,MDXG,8.6875,8.6875,8.6899995803833,8.654999732971191,8.654999732971191,4073.0
2024-03-01 14:21:00,ME,0.5608000159263611,0.5608000159263611,0.5608999729156494,0.5576000213623047,0.5601000189781189,2529.0
2024-03-01 14:21:00,MEIP,4.195000171661377,4.195000171661377,4.195000171661377,4.195000171661377,4.195000171661377,190.0
2024-03-01 14:21:00,MGNX,19.235000610351562,19.235000610351562,19.350000381469727,19.200000762939453,19.229999542236328,64150.0
2024-03-01 14:21:00,MGTX,6.445000171661377,6.445000171661377,6.445000171661377,6.445000171661377,6.445000171661377,570.0
2024-03-01 14:21:00,MIRM,29.770000457763672,29.770000457763672,29.799999237060547,29.770000457763672,29.799999237060547,811.0
2024-03-01 14:21:00,MIST,1.7000000476837158,1.7000000476837158,1.7000000476837158,1.6950000524520874,1.6950000524520874,5118.0
2024-03-01 14:21:00,MLTX,50.70000076293945,50.70000076293945,50.70000076293945,50.70000076293945,50.70000076293945,315.0
2024-03-01 14:21:00,MNKD,4.514999866485596,4.514999866485596,4.519999980926514,4.514999866485596,4.519999980926514,18643.0
2024-03-01 14:21:00,MNMD,6.239999771118164,6.239999771118164,6.255000114440918,6.239999771118164,6.255000114440918,3305.0
2024-03-01 14:21:00,MODV,28.06999969482422,28.06999969482422,28.094999313354492,28.014999389648438,28.094999313354492,334.0
2024-03-01 14:21:00,MORF,39.63999938964844,39.63999938964844,39.63999938964844,39.630001068115234,39.630001068115234,867.0
2024-03-01 14:21:00,MREO,4.010000228881836,4.010000228881836,4.010000228881836,4.000199794769287,4.007500171661377,3485.0
2024-03-01 14:21:00,MRNA,95.2699966430664,95.2699966430664,95.33000183105469,95.2699966430664,95.31990051269531,2383.0
2024-03-01 14:21:00,MRNS,10.428199768066406,10.428199768066406,10.428199768066406,10.428199768066406,10.428199768066406,125.0
2024-03-01 14:21:00,MRSN,5.994999885559082,5.994999885559082,6.0,5.994999885559082,5.994999885559082,1150.0
2024-03-01 14:21:00,MRUS,51.1150016784668,51.1150016784668,51.15999984741211,51.09000015258789,51.15999984741211,3745.0
2024-03-01 14:21:00,MRVI,7.755000114440918,7.755000114440918,7.755000114440918,7.739999771118164,7.739999771118164,3533.0
2024-03-01 14:21:00,MXCT,4.75,4.75,4.764999866485596,4.75,4.764999866485596,6460.0
2024-03-01 14:21:00,MYNZ,0.8629000186920166,0.8629000186920166,0.8629000186920166,0.8621000051498413,0.8621000051498413,600.0
2024-03-01 14:21:00,NARI,45.790000915527344,45.790000915527344,45.790000915527344,45.790000915527344,45.790000915527344,777.0
2024-03-01 14:21:00,NBIX,131.55999755859375,131.55999755859375,131.57000732421875,131.55999755859375,131.57000732421875,1256.0
2024-03-01 14:21:00,NEO,16.100000381469727,16.100000381469727,16.122499465942383,16.100000381469727,16.1200008392334,378.0
2024-03-01 14:21:00,NEOG,17.389999389648438,17.389999389648438,17.399999618530273,17.389999389648438,17.399999618530273,844.0
2024-03-01 14:21:00,NEPT,0.423909991979599,0.423909991979599,0.423909991979599,0.4239000082015991,0.4239000082015991,513.0
2024-03-01 14:21:00,NGM,1.5199999809265137,1.5199999809265137,1.5199999809265137,1.5199999809265137,1.5199999809265137,837.0
2024-03-01 14:21:00,NNOX,10.859999656677246,10.859999656677246,10.880000114440918,10.835000038146973,10.869999885559082,8736.0
2024-03-01 14:21:00,NRBO,6.199900150299072,6.199900150299072,6.199900150299072,6.120100021362305,6.120100021362305,383.0
2024-03-01 14:21:00,NRIX,13.670000076293945,13.670000076293945,13.680000305175781,13.670000076293945,13.680000305175781,670.0
2024-03-01 14:21:00,NRXP,0.4194999933242798,0.4194999933242798,0.41999998688697815,0.4142000079154968,0.41999998688697815,4229.0
2024-03-01 14:21:00,NTLA,33.52000045776367,33.52000045776367,33.55910110473633,33.5,33.54999923706055,2423.0
2024-03-01 14:21:00,NTRA,89.20500183105469,89.20500183105469,89.20500183105469,89.16999816894531,89.20500183105469,679.0
2024-03-01 14:21:00,NUVL,87.4000015258789,87.4000015258789,87.54499816894531,87.4000015258789,87.52999877929688,2647.0
2024-03-01 14:21:00,NVAX,5.2621002197265625,5.2621002197265625,5.269999980926514,5.260000228881836,5.264999866485596,2887.0
2024-03-01 14:21:00,NVCR,16.040000915527344,16.040000915527344,16.040000915527344,16.030000686645508,16.030000686645508,1389.0
2024-03-01 14:21:00,NXTC,1.8200000524520874,1.8200000524520874,1.8300000429153442,1.8200000524520874,1.8300000429153442,5100.0
2024-03-01 14:21:00,OCGN,0.9510999917984009,0.9510999917984009,0.9510999917984009,0.9510999917984009,0.9510999917984009,100.0
2024-03-01 14:21:00,OCUL,10.755000114440918,10.755000114440918,10.765000343322754,10.75,10.765000343322754,3159.0
2024-03-01 14:21:00,OCUP,2.4751999378204346,2.4751999378204346,2.4751999378204346,2.4751999378204346,2.4751999378204346,117.0
2024-03-01 14:21:00,OKYO,1.4800000190734863,1.4800000190734863,1.4900000095367432,1.4609999656677246,1.4609999656677246,929.0
2024-03-01 14:21:00,OLK,22.90999984741211,22.90999984741211,22.90999984741211,22.90999984741211,22.90999984741211,220.0
2024-03-01 14:21:00,OLMA,14.859999656677246,14.859999656677246,14.899999618530273,14.84000015258789,14.869999885559082,9415.0
2024-03-01 14:21:00,OMCL,26.420000076293945,26.420000076293945,26.46500015258789,26.360000610351562,26.3799991607666,6165.0
2024-03-01 14:21:00,OMGA,4.399700164794922,4.399700164794922,4.399799823760986,4.399700164794922,4.399700164794922,1063.0
2024-03-01 14:21:00,ONCY,1.159999966621399,1.159999966621399,1.1699999570846558,1.159999966621399,1.1699999570846558,1138.0
2024-03-01 14:22:00,ABCL,5.161200046539307,5.161200046539307,5.161200046539307,5.159999847412109,5.159999847412109,221.0
2024-03-01 14:22:00,ABOS,4.635000228881836,4.635000228881836,4.635000228881836,4.635000228881836,4.635000228881836,243.0
2024-03-01 14:22:00,ABSI,5.439899921417236,5.439899921417236,5.439899921417236,5.425000190734863,5.429999828338623,1020.0
2024-03-01 14:22:00,ABUS,2.765000104904175,2.765000104904175,2.765000104904175,2.755000114440918,2.755000114440918,24126.0
2024-03-01 14:22:00,ACAD,24.280000686645508,24.280000686645508,24.28499984741211,24.239999771118164,24.25,7660.0
2024-03-01 14:22:00,ACB,3.1898999214172363,3.1898999214172363,3.1898999214172363,3.184999942779541,3.184999942779541,1037.0
2024-03-01 14:22:00,ACET,2.4049999713897705,2.4049999713897705,2.4049999713897705,2.4049999713897705,2.4049999713897705,420.0
2024-03-01 14:22:00,ACHC,84.26000213623047,84.26000213623047,84.2699966430664,84.26000213623047,84.2699966430664,547.0
2024-03-01 14:22:00,ACHV,4.349999904632568,4.349999904632568,4.360000133514404,4.340099811553955,4.360000133514404,900.0
2024-03-01 14:22:00,ACLX,68.58000183105469,68.58000183105469,68.58000183105469,68.58000183105469,68.58000183105469,367.0
2024-03-01 14:22:00,ACON,0.39989998936653137,0.39989998936653137,0.39989998936653137,0.39989998936653137,0.39989998936653137,1400.0
2024-03-01 14:22:00,ACRS,1.2400000095367432,1.2400000095367432,1.2400000095367432,1.2300000190734863,1.2300000190734863,1348.0
2024-03-01 14:22:00,ADAG,3.240000009536743,3.240000009536743,3.240000009536743,3.240000009536743,3.240000009536743,201.0
2024-03-01 14:22:00,ADAP,1.5978000164031982,1.5978000164031982,1.5978000164031982,1.5950000286102295,1.5950000286102295,1117.0
2024-03-01 14:22:00,ADIL,3.450000047683716,3.450000047683716,3.5,3.441999912261963,3.4800000190734863,44741.0
2024-03-01 14:22:00,ADMA,5.539999961853027,5.539999961853027,5.545000076293945,5.539999961853027,5.539999961853027,2441.0
2024-03-01 14:22:00,ADPT,4.090000152587891,4.090000152587891,4.099999904632568,4.090000152587891,4.090000152587891,898.0
2024-03-01 14:22:00,ADVM,1.979099988937378,1.979099988937378,1.9800000190734863,1.9700000286102295,1.975000023841858,1038.0
2024-03-01 14:22:00,AFMD,0.6779000163078308,0.6779000163078308,0.6779999732971191,0.6751000285148621,0.6779999732971191,3522.0
2024-03-01 14:22:00,AGEN,0.6703500151634216,0.6703500151634216,0.6704000234603882,0.6703000068664551,0.6703500151634216,17773.0
2024-03-01 14:22:00,AGIO,32.81999969482422,32.81999969482422,32.834999084472656,32.81999969482422,32.834999084472656,1723.0
2024-03-01 14:22:00,AHCO,10.505000114440918,10.505000114440918,10.505000114440918,10.505000114440918,10.505000114440918,314.0
2024-03-01 14:22:00,AKAN,0.20999999344348907,0.20999999344348907,0.21359899640083313,0.20999999344348907,0.210099995136261,42651.0
2024-03-01 14:22:00,AKBA,1.684999942779541,1.684999942779541,1.690000057220459,1.684999942779541,1.684999942779541,3650.0
2024-03-01 14:22:00,AKRO,29.510000228881836,29.510000228881836,29.510000228881836,29.510000228881836,29.510000228881836,330.0
2024-03-01 14:22:00,ALEC,7.505000114440918,7.505000114440918,7.505000114440918,7.505000114440918,7.505000114440918,1161.0
2024-03-01 14:22:00,ALHC,5.75,5.75,5.75,5.710000038146973,5.710000038146973,1759.0
2024-03-01 14:22:00,ALKS,30.2450008392334,30.2450008392334,30.25,30.239999771118164,30.239999771118164,1479.0
2024-03-01 14:22:00,ALLK,1.6799999475479126,1.6799999475479126,1.6799999475479126,1.6799999475479126,1.6799999475479126,351.0
2024-03-01 14:22:00,ALLR,0.40070000290870667,0.40070000290870667,0.40070000290870667,0.40070000290870667,0.40070000290870667,808.0
2024-03-01 14:22:00,ALPN,36.04499816894531,36.04499816894531,36.04999923706055,36.01499938964844,36.01499938964844,1710.0
2024-03-01 14:22:00,ALT,12.10990047454834,12.10990047454834,12.10990047454834,12.104999542236328,12.104999542236328,625.0
2024-03-01 14:22:00,ALXO,15.079999923706055,15.079999923706055,15.140000343322754,15.050000190734863,15.050000190734863,15614.0
2024-03-01 14:22:00,AMED,93.41999816894531,93.41999816894531,93.41999816894531,93.41999816894531,93.41999816894531,269.0
2024-03-01 14:22:00,AMGN,280.94000244140625,280.94000244140625,281.05999755859375,280.9200134277344,281.05999755859375,6054.0
2024-03-01 14:22:00,AMLX,18.709999084472656,18.709999084472656,18.709999084472656,18.709999084472656,18.709999084472656,323.0
2024-03-01 14:22:00,AMPH,45.59000015258789,45.59000015258789,45.59000015258789,45.59000015258789,45.59000015258789,829.0
2024-03-01 14:22:00,AMRN,1.0549999475479126,1.0549999475479126,1.0549999475479126,1.0549999475479126,1.0549999475479126,375.0
2024-03-01 14:22:00,ANGO,5.5,5.5,5.5,5.5,5.5,289.0
2024-03-01 14:22:00,ANIK,24.920000076293945,24.920000076293945,24.920000076293945,24.920000076293945,24.920000076293945,771.0
2024-03-01 14:22:00,ANIP,67.05999755859375,67.05999755859375,67.05999755859375,67.0250015258789,67.0250015258789,599.0
2024-03-01 14:22:00,ANNX,6.099999904632568,6.099999904632568,6.099999904632568,6.099999904632568,6.099999904632568,1204.0
2024-03-01 14:22:00,ANTX,3.0299999713897705,3.0299999713897705,3.0299999713897705,3.0299999713897705,3.0299999713897705,200.0
2024-03-01 14:22:00,APLS,64.83499908447266,64.83499908447266,64.88999938964844,64.80000305175781,64.88999938964844,1284.0
2024-03-01 14:22:00,APLT,7.119999885559082,7.119999885559082,7.119999885559082,7.110000133514404,7.110000133514404,342.0
2024-03-01 14:22:00,AQST,4.170100212097168,4.170100212097168,4.179900169372559,4.170100212097168,4.179900169372559,2074.0
2024-03-01 14:22:00,ARDX,9.484999656677246,9.484999656677246,9.484999656677246,9.479999542236328,9.479999542236328,1041.0
2024-03-01 14:22:00,ARGX,392.5400085449219,392.5400085449219,392.5400085449219,392.5400085449219,392.5400085449219,722.0
2024-03-01 14:22:00,ARQT,11.760000228881836,11.760000228881836,11.760000228881836,11.760000228881836,11.760000228881836,805.0
2024-03-01 14:22:00,ARTL,1.4601000547409058,1.4601000547409058,1.4601000547409058,1.4600000381469727,1.4600000381469727,2000.0
2024-03-01 14:22:00,ARWR,35.720001220703125,35.720001220703125,35.724998474121094,35.70000076293945,35.724998474121094,2536.0
2024-03-01 14:22:00,ASRT,0.9039999842643738,0.9039999842643738,0.9097999930381775,0.9039999842643738,0.9069499969482422,536.0
2024-03-01 14:22:00,ATAI,2.1696999073028564,2.1696999073028564,2.1696999073028564,2.1649999618530273,2.1649999618530273,2477.0
2024-03-01 14:22:00,ATEC,13.414999961853027,13.414999961853027,13.420000076293945,13.414999961853027,13.420000076293945,2227.0
2024-03-01 14:22:00,ATRA,0.7883999943733215,0.7883999943733215,0.7904000282287598,0.7883999943733215,0.7904000282287598,591.0
2024-03-01 14:22:00,ATXI,0.15440000593662262,0.15440000593662262,0.15440000593662262,0.15440000593662262,0.15440000593662262,200.0
2024-03-01 14:22:00,AUPH,5.835000038146973,5.835000038146973,5.835000038146973,5.835000038146973,5.835000038146973,1189.0
2024-03-01 14:22:00,AVDL,13.239999771118164,13.239999771118164,13.239999771118164,13.229999542236328,13.229999542236328,299.0
2024-03-01 14:22:00,AVRO,1.3300000429153442,1.3300000429153442,1.3300000429153442,1.3300000429153442,1.3300000429153442,105.0
2024-03-01 14:22:00,AXDX,0.9700000286102295,0.9700000286102295,0.9700000286102295,0.9700000286102295,0.9700000286102295,116.0
2024-03-01 14:22:00,AXNX,67.4000015258789,67.4000015258789,67.45010375976562,67.3949966430664,67.44999694824219,5336.0
2024-03-01 14:22:00,AZN,64.6947021484375,64.6947021484375,64.6947021484375,64.69000244140625,64.69000244140625,5777.0
2024-03-01 14:22:00,AZTA,66.94499969482422,66.94499969482422,66.95999908447266,66.94499969482422,66.95999908447266,311.0
2024-03-01 14:22:00,BBIO,36.040000915527344,36.040000915527344,36.040000915527344,36.040000915527344,36.040000915527344,749.0
2024-03-01 14:22:00,BCAB,2.740000009536743,2.740000009536743,2.740000009536743,2.7300000190734863,2.7300000190734863,849.0
2024-03-01 14:22:00,BCDA,0.5759999752044678,0.5759999752044678,0.5760999917984009,0.5759999752044678,0.5760999917984009,4000.0
2024-03-01 14:22:00,BCLI,0.34612300992012024,0.34612300992012024,0.34612300992012024,0.34612300992012024,0.34612300992012024,1900.0
2024-03-01 14:22:00,BCRX,5.710100173950195,5.710100173950195,5.71999979019165,5.710000038146973,5.710000038146973,2030.0
2024-03-01 14:22:00,BCYC,26.059999465942383,26.059999465942383,26.059999465942383,26.059999465942383,26.059999465942383,225.0
2024-03-01 14:22:00,BDSX,1.659999966621399,1.659999966621399,1.659999966621399,1.659999966621399,1.659999966621399,624.0
2024-03-01 14:22:00,BDTX,4.768799781799316,4.768799781799316,4.809999942779541,4.75,4.78000020980835,15075.0
2024-03-01 14:22:00,BEAM,40.150001525878906,40.150001525878906,40.150001525878906,40.130001068115234,40.13999938964844,1380.0
2024-03-01 14:22:00,BGXX,0.25519999861717224,0.25519999861717224,0.25940001010894775,0.25519999861717224,0.25940001010894775,2264.0
2024-03-01 14:22:00,BIIB,221.50999450683594,221.50999450683594,221.6300048828125,221.42999267578125,221.46029663085938,8440.0
2024-03-01 14:22:00,BIOL,0.14350000023841858,0.14350000023841858,0.14350000023841858,0.1428000032901764,0.1428000032901764,4245.0
2024-03-01 14:22:00,BIVI,2.0100998878479004,2.0100998878479004,2.029900074005127,2.009999990463257,2.0199999809265137,15808.0
2024-03-01 14:22:00,BLFS,18.295000076293945,18.295000076293945,18.295000076293945,18.295000076293945,18.295000076293945,581.0
2024-03-01 14:22:00,BLUE,1.5950000286102295,1.5950000286102295,1.5950000286102295,1.590000033378601,1.590000033378601,7608.0
2024-03-01 14:22:00,BMRN,88.05000305175781,88.05000305175781,88.05000305175781,88.02999877929688,88.04000091552734,1019.0
2024-03-01 14:22:00,BNGO,1.2649999856948853,1.2649999856948853,1.2649999856948853,1.2599999904632568,1.2649999856948853,14015.0
2024-03-01 14:22:00,BNTX,91.19750213623047,91.19750213623047,91.19750213623047,91.13999938964844,91.19200134277344,1219.0
2024-03-01 14:22:00,BRKR,88.51000213623047,88.51000213623047,88.52999877929688,88.5,88.51000213623047,2318.0
2024-03-01 14:22:00,BTAI,3.1988000869750977,3.1988000869750977,3.1988000869750977,3.1900999546051025,3.1900999546051025,2707.0
2024-03-01 14:22:00,BTCY,0.9498999714851379,0.9498999714851379,0.9498999714851379,0.9498999714851379,0.9498999714851379,1200.0
2024-03-01 14:22:00,BTTX,0.1808999925851822,0.1808999925851822,0.18299999833106995,0.18000000715255737,0.18299999833106995,44483.0
2024-03-01 14:22:00,CABA,24.0,24.0,24.0,24.0,24.0,874.0
2024-03-01 14:22:00,CBAY,32.224998474121094,32.224998474121094,32.22999954223633,32.224998474121094,32.224998474121094,5608.0
2024-03-01 14:22:00,CCCC,10.994999885559082,10.994999885559082,11.0,10.989999771118164,10.994999885559082,1199.0
2024-03-01 14:22:00,CDMO,8.180000305175781,8.180000305175781,8.180000305175781,8.170000076293945,8.170000076293945,1409.0
2024-03-01 14:22:00,CDNA,12.710000038146973,12.710000038146973,12.729999542236328,12.6899995803833,12.729999542236328,2373.0
2024-03-01 14:22:00,CDXC,1.6449999809265137,1.6449999809265137,1.6449999809265137,1.641700029373169,1.641700029373169,2149.0
2024-03-01 14:22:00,CDXS,4.570000171661377,4.570000171661377,4.579999923706055,4.570000171661377,4.570000171661377,2191.0
2024-03-01 14:22:00,CELC,16.860000610351562,16.860000610351562,16.860000610351562,16.860000610351562,16.860000610351562,485.0
2024-03-01 14:22:00,CERE,41.11000061035156,41.11000061035156,41.11000061035156,41.099998474121094,41.102500915527344,757.0
2024-03-01 14:22:00,CERT,17.969999313354492,17.969999313354492,17.969999313354492,17.969900131225586,17.969999313354492,2140.0
2024-03-01 14:22:00,CGC,3.2200000286102295,3.2200000286102295,3.2249999046325684,3.2200000286102295,3.2200000286102295,3783.0
2024-03-01 14:22:00,CGEM,18.825000762939453,18.825000762939453,18.825000762939453,18.770000457763672,18.770000457763672,635.0
2024-03-01 14:22:00,CHEK,2.0999999046325684,2.0999999046325684,2.0999999046325684,2.0999999046325684,2.0999999046325684,100.0
2024-03-01 14:22:00,CHRS,2.4200000762939453,2.4200000762939453,2.424999952316284,2.4200000762939453,2.421299934387207,14035.0
2024-03-01 14:22:00,CJJD,2.940000057220459,2.940000057220459,2.94950008392334,2.940000057220459,2.94950008392334,327.0
2024-03-01 14:22:00,CKPT,2.190000057220459,2.190000057220459,2.190000057220459,2.190000057220459,2.190000057220459,100.0
2024-03-01 14:22:00,CLDX,52.09000015258789,52.09000015258789,52.224998474121094,51.97999954223633,51.97999954223633,33385.0
2024-03-01 14:22:00,CLLS,2.5940001010894775,2.5940001010894775,2.5940001010894775,2.5940001010894775,2.5940001010894775,300.0
2024-03-01 14:22:00,CLOV,0.8636000156402588,0.8636000156402588,0.8637999892234802,0.8636000156402588,0.8636999726295471,45894.0
2024-03-01 14:22:00,CLPT,6.489999771118164,6.489999771118164,6.5,6.489999771118164,6.5,492.0
2024-03-01 14:22:00,CLRB,4.099999904632568,4.099999904632568,4.099999904632568,4.079999923706055,4.079999923706055,3600.0
2024-03-01 14:22:00,CLVRW,0.04019999876618385,0.04019999876618385,0.04019999876618385,0.04019999876618385,0.04019999876618385,200.0
2024-03-01 14:22:00,CMPS,11.65999984741211,11.65999984741211,11.65999984741211,11.630000114440918,11.630000114440918,2159.0
2024-03-01 14:22:00,CMRX,1.2200000286102295,1.2200000286102295,1.2200000286102295,1.2200000286102295,1.2200000286102295,2100.0
2024-03-01 14:22:00,COGT,7.284999847412109,7.284999847412109,7.284999847412109,7.28000020980835,7.28000020980835,903.0
2024-03-01 14:22:00,CORT,24.350000381469727,24.350000381469727,24.350000381469727,24.34000015258789,24.350000381469727,4399.0
2024-03-01 14:22:00,CPRX,17.229999542236328,17.229999542236328,17.25,17.229999542236328,17.25,2876.0
2024-03-01 14:22:00,CPSI,9.5,9.5,9.5,9.5,9.5,269.0
2024-03-01 14:22:00,CRBP,32.470001220703125,32.470001220703125,32.470001220703125,32.29010009765625,32.29010009765625,980.0
2024-03-01 14:22:00,CRBU,7.920000076293945,7.920000076293945,7.920000076293945,7.920000076293945,7.920000076293945,733.0
2024-03-01 14:22:00,CRDF,2.5397000312805176,2.5397000312805176,2.599900007247925,2.5199999809265137,2.581399917602539,91887.0
2024-03-01 14:22:00,CRDL,1.9600000381469727,1.9600000381469727,1.9700000286102295,1.9550000429153442,1.9600000381469727,4413.0
2024-03-01 14:22:00,CRMD,3.696500062942505,3.696500062942505,3.696500062942505,3.696500062942505,3.696500062942505,663.0
2024-03-01 14:22:00,CRON,2.049999952316284,2.049999952316284,2.049999952316284,2.0450000762939453,2.049999952316284,821.0
2024-03-01 14:22:00,CRSP,85.44999694824219,85.44999694824219,85.50499725341797,85.44999694824219,85.50499725341797,1013.0
2024-03-01 14:22:00,CRVS,2.184999942779541,2.184999942779541,2.200000047683716,2.184999942779541,2.190000057220459,1007.0
2024-03-01 14:22:00,CSTL,19.850000381469727,19.850000381469727,19.864999771118164,19.850000381469727,19.864999771118164,648.0
2024-03-01 14:22:00,CTKB,9.010000228881836,9.010000228881836,9.010000228881836,9.0,9.005000114440918,601.0
2024-03-01 14:22:00,CTMX,2.565000057220459,2.565000057220459,2.575000047683716,2.565000057220459,2.575000047683716,5999.0
2024-03-01 14:22:00,CTXR,0.7724000215530396,0.7724000215530396,0.7724000215530396,0.7700999975204468,0.7724000215530396,6422.0
2024-03-01 14:22:00,CUE,2.180000066757202,2.180000066757202,2.180000066757202,2.180000066757202,2.180000066757202,477.0
2024-03-01 14:22:00,CVAC,3.4600000381469727,3.4600000381469727,3.4672000408172607,3.4600000381469727,3.4672000408172607,843.0
2024-03-01 14:22:00,CYTK,73.5999984741211,73.5999984741211,73.6500015258789,73.27999877929688,73.33999633789062,10377.0
2024-03-01 14:22:00,CYTO,2.3399999141693115,2.3399999141693115,2.3399999141693115,2.2400999069213867,2.25,10589.0
2024-03-01 14:22:00,DARE,0.5699449777603149,0.5699449777603149,0.5699449777603149,0.5699449777603149,0.5699449777603149,7528.0
2024-03-01 14:22:00,DAWN,17.69499969482422,17.69499969482422,17.69499969482422,17.69499969482422,17.69499969482422,466.0
2024-03-01 14:22:00,DCGO,4.1529998779296875,4.1529998779296875,4.15500020980835,4.130000114440918,4.130000114440918,7849.0
2024-03-01 14:22:00,DCPH,17.6200008392334,17.6200008392334,17.6200008392334,17.6200008392334,17.6200008392334,241.0
2024-03-01 14:22:00,DH,8.930000305175781,8.930000305175781,8.930000305175781,8.930000305175781,8.930000305175781,337.0
2024-03-01 14:22:00,DMTK,0.8499000072479248,0.8499000072479248,0.8499000072479248,0.8489000201225281,0.8489000201225281,5322.0
2024-03-01 14:22:00,DNLI,21.395000457763672,21.395000457763672,21.395000457763672,21.3799991607666,21.3799991607666,258.0
2024-03-01 14:22:00,DTIL,12.463700294494629,12.463700294494629,12.470000267028809,12.460000038146973,12.470000267028809,1403.0
2024-03-01 14:22:00,DVAX,12.824999809265137,12.824999809265137,12.824999809265137,12.8149995803833,12.819999694824219,5547.0
2024-03-01 14:22:00,DXCM,121.9749984741211,121.9749984741211,122.05999755859375,121.9749984741211,122.05999755859375,5490.0
2024-03-01 14:22:00,DYN,29.15999984741211,29.15999984741211,29.20989990234375,29.15999984741211,29.20989990234375,1155.0
2024-03-01 14:22:00,EDIT,10.906000137329102,10.906000137329102,10.906000137329102,10.906000137329102,10.906000137329102,435.0
2024-03-01 14:22:00,EFTR,16.049999237060547,16.049999237060547,16.06999969482422,16.049999237060547,16.060100555419922,3511.0
2024-03-01 14:22:00,ELEV,5.070000171661377,5.070000171661377,5.085000038146973,5.070000171661377,5.085000038146973,11658.0
2024-03-01 14:22:00,ENSG,121.88999938964844,121.88999938964844,121.88999938964844,121.79000091552734,121.8499984741211,2169.0
2024-03-01 14:22:00,ENVB,1.5800000429153442,1.5800000429153442,1.5800000429153442,1.5384999513626099,1.5384999513626099,22897.0
2024-03-01 14:22:00,EOLS,14.859999656677246,14.859999656677246,14.859999656677246,14.840100288391113,14.840100288391113,773.0
2024-03-01 14:22:00,ERAS,2.5250000953674316,2.5250000953674316,2.5250000953674316,2.5250000953674316,2.5250000953674316,606.0
2024-03-01 14:22:00,ESPR,2.555000066757202,2.555000066757202,2.555000066757202,2.555000066757202,2.555000066757202,1381.0
2024-03-01 14:22:00,ESTA,44.68000030517578,44.68000030517578,44.810001373291016,44.68000030517578,44.810001373291016,1911.0
2024-03-01 14:22:00,ETNB,12.970000267028809,12.970000267028809,12.970000267028809,12.970000267028809,12.970000267028809,303.0
2024-03-01 14:22:00,ETON,4.480000019073486,4.480000019073486,4.5,4.46999979019165,4.46999979019165,435.0
2024-03-01 14:22:00,EWTX,17.024999618530273,17.024999618530273,17.024999618530273,17.010000228881836,17.010000228881836,527.0
2024-03-01 14:22:00,EXAI,6.670000076293945,6.670000076293945,6.679999828338623,6.670000076293945,6.675000190734863,2180.0
2024-03-01 14:22:00,EXAS,59.9900016784668,59.9900016784668,60.02000045776367,59.970001220703125,59.970001220703125,2156.0
2024-03-01 14:22:00,EXEL,22.479999542236328,22.479999542236328,22.479999542236328,22.454999923706055,22.469999313354492,7539.0
2024-03-01 14:22:00,EYEN,2.359999895095825,2.359999895095825,2.359999895095825,2.3550000190734863,2.359999895095825,1671.0
2024-03-01 14:22:00,EYPT,27.959999084472656,27.959999084472656,27.969999313354492,27.959999084472656,27.969999313354492,1131.0
2024-03-01 14:22:00,FATE,7.795000076293945,7.795000076293945,7.800000190734863,7.795000076293945,7.800000190734863,208.0
2024-03-01 14:22:00,FBIO,2.3450000286102295,2.3450000286102295,2.3450000286102295,2.3450000286102295,2.3450000286102295,217.0
2024-03-01 14:22:00,FDMT,29.389999389648438,29.389999389648438,29.459999084472656,29.389999389648438,29.459999084472656,4295.0
2024-03-01 14:22:00,FEMY,1.7244000434875488,1.7244000434875488,1.7244000434875488,1.7200000286102295,1.7200000286102295,2673.0
2024-03-01 14:22:00,FGEN,1.850000023841858,1.850000023841858,1.850000023841858,1.840000033378601,1.840000033378601,6142.0
2024-03-01 14:22:00,FLGT,23.200000762939453,23.200000762939453,23.209999084472656,23.200000762939453,23.209999084472656,5989.0
2024-03-01 14:22:00,FOLD,13.385000228881836,13.385000228881836,13.399999618530273,13.385000228881836,13.395000457763672,9102.0
2024-03-01 14:22:00,FUSN,12.289999961853027,12.289999961853027,12.300000190734863,12.289999961853027,12.289999961853027,699.0
2024-03-01 14:22:00,GANX,4.639999866485596,4.639999866485596,4.639999866485596,4.639999866485596,4.639999866485596,100.0
2024-03-01 14:22:00,GCTK,0.3062500059604645,0.3062500059604645,0.3062500059604645,0.3050000071525574,0.3050000071525574,400.0
2024-03-01 14:22:00,GDRX,8.385000228881836,8.385000228881836,8.385000228881836,8.380000114440918,8.380000114440918,567.0
2024-03-01 14:22:00,GERN,2.2799999713897705,2.2799999713897705,2.2799999713897705,2.2699999809265137,2.2750000953674316,24893.0
2024-03-01 14:22:00,GH,19.1200008392334,19.1200008392334,19.1200008392334,19.11009979248047,19.11009979248047,646.0
2024-03-01 14:22:00,GILD,72.4749984741211,72.4749984741211,72.4800033569336,72.46499633789062,72.4800033569336,7090.0
2024-03-01 14:22:00,GLPG,35.07500076293945,35.07500076293945,35.09989929199219,35.07500076293945,35.09989929199219,310.0
2024-03-01 14:22:00,GLSI,12.600000381469727,12.600000381469727,12.600000381469727,12.600000381469727,12.600000381469727,305.0
2024-03-01 14:22:00,GLTO,0.8190000057220459,0.8190000057220459,0.8190000057220459,0.7581859827041626,0.769599974155426,113607.0
2024-03-01 14:22:00,GLYC,3.0,3.0,3.0,3.0,3.0,258.0
2024-03-01 14:22:00,GMAB,29.459999084472656,29.459999084472656,29.459999084472656,29.459999084472656,29.459999084472656,310.0
2024-03-01 14:22:00,GMDA,0.3806000053882599,0.3806000053882599,0.3806000053882599,0.3806000053882599,0.3806000053882599,268.0
2024-03-01 14:22:00,GNFT,3.6500000953674316,3.6500000953674316,3.6500000953674316,3.6500000953674316,3.6500000953674316,158.0
2024-03-01 14:22:00,GNPX,4.610000133514404,4.610000133514404,4.610000133514404,4.610000133514404,4.610000133514404,563.0
2024-03-01 14:22:00,GOSS,1.4249999523162842,1.4249999523162842,1.4249999523162842,1.4249999523162842,1.4249999523162842,249.0
2024-03-01 14:22:00,GRFS,7.03000020980835,7.03000020980835,7.050000190734863,7.005000114440918,7.005000114440918,18533.0
2024-03-01 14:22:00,GRTS,2.0299999713897705,2.0299999713897705,2.0399999618530273,2.0199999809265137,2.0272998809814453,19021.0
2024-03-01 14:22:00,HALO,41.52000045776367,41.52000045776367,41.529998779296875,41.459999084472656,41.459999084472656,5909.0
2024-03-01 14:22:00,HCAT,8.229999542236328,8.229999542236328,8.229999542236328,8.220000267028809,8.229999542236328,1195.0
2024-03-01 14:22:00,HCSG,12.680000305175781,12.680000305175781,12.680000305175781,12.638199806213379,12.638199806213379,7217.0
2024-03-01 14:22:00,HCTI,2.297600030899048,2.297600030899048,2.297600030899048,2.2899999618530273,2.2899999618530273,389.0
2024-03-01 14:22:00,HLTH,0.2669999897480011,0.2669999897480011,0.2669999897480011,0.2639999985694885,0.2639999985694885,201.0
2024-03-01 14:22:00,HLVX,19.049999237060547,19.049999237060547,19.09000015258789,19.049999237060547,19.09000015258789,609.0
2024-03-01 14:22:00,HOLX,74.36499786376953,74.36499786376953,74.36499786376953,74.36000061035156,74.36000061035156,519.0
2024-03-01 14:22:00,HQY,81.45999908447266,81.45999908447266,81.50499725341797,81.45999908447266,81.50499725341797,1777.0
2024-03-01 14:22:00,HRMY,31.709999084472656,31.709999084472656,31.729999542236328,31.709999084472656,31.729999542236328,619.0
2024-03-01 14:22:00,HRTX,2.5799999237060547,2.5799999237060547,2.5899999141693115,2.5799999237060547,2.5899999141693115,858.0
2024-03-01 14:22:00,HSIC,76.9000015258789,76.9000015258789,76.9000015258789,76.81999969482422,76.81999969482422,5435.0
2024-03-01 14:22:00,HUMA,3.220099925994873,3.220099925994873,3.2300000190734863,3.2200000286102295,3.2300000190734863,19803.0
2024-03-01 14:22:00,IART,36.32500076293945,36.32500076293945,36.349998474121094,36.32500076293945,36.34000015258789,4358.0
2024-03-01 14:22:00,IBRX,4.864999771118164,4.864999771118164,4.867800235748291,4.860000133514404,4.862100124359131,955.0
2024-03-01 14:22:00,ICLR,323.80999755859375,323.80999755859375,323.80999755859375,323.80999755859375,323.80999755859375,267.0
2024-03-01 14:22:00,IDYA,46.720001220703125,46.720001220703125,46.720001220703125,46.709999084472656,46.709999084472656,1070.0
2024-03-01 14:22:00,IGMS,13.170000076293945,13.170000076293945,13.170000076293945,13.170000076293945,13.170000076293945,100.0
2024-03-01 14:22:00,IINN,1.690000057220459,1.690000057220459,1.690000057220459,1.690000057220459,1.690000057220459,2850.0
2024-03-01 14:22:00,ILMN,141.93499755859375,141.93499755859375,142.02499389648438,141.93499755859375,142.02499389648438,1474.0
2024-03-01 14:22:00,IMAB,1.8200000524520874,1.8200000524520874,1.8200000524520874,1.8200000524520874,1.8200000524520874,490.0
2024-03-01 14:22:00,IMCC,0.33000001311302185,0.33000001311302185,0.33000001311302185,0.33000001311302185,0.33000001311302185,2123.0
2024-03-01 14:22:00,IMCR,67.87999725341797,67.87999725341797,67.94999694824219,67.87000274658203,67.94999694824219,2003.0
2024-03-01 14:22:00,IMMX,3.515000104904175,3.515000104904175,3.515000104904175,3.515000104904175,3.515000104904175,100.0
2024-03-01 14:22:00,IMNM,25.209999084472656,25.209999084472656,25.209999084472656,25.209999084472656,25.209999084472656,409.0
2024-03-01 14:22:00,IMUX,1.475000023841858,1.475000023841858,1.4800000190734863,1.4700000286102295,1.4800000190734863,2003.0
2024-03-01 14:22:00,IMVT,35.83000183105469,35.83000183105469,35.83000183105469,35.83000183105469,35.83000183105469,288.0
2024-03-01 14:22:00,INCY,59.33000183105469,59.33000183105469,59.369998931884766,59.29999923706055,59.369998931884766,2465.0
2024-03-01 14:22:00,INGN,6.71999979019165,6.71999979019165,6.730000019073486,6.71999979019165,6.730000019073486,230.0
2024-03-01 14:22:00,INMD,22.8799991607666,22.8799991607666,22.883100509643555,22.8799991607666,22.883100509643555,553.0
2024-03-01 14:22:00,INO,9.6850004196167,9.6850004196167,9.6850004196167,9.670000076293945,9.680000305175781,380.0
2024-03-01 14:22:00,INSM,28.200000762939453,28.200000762939453,28.219999313354492,28.200000762939453,28.219999313354492,1512.0
2024-03-01 14:22:00,INZY,6.630000114440918,6.630000114440918,6.630000114440918,6.629899978637695,6.630000114440918,1759.0
2024-03-01 14:22:00,IONM,0.34940001368522644,0.34940001368522644,0.34940001368522644,0.3400000035762787,0.3400000035762787,2430.0
2024-03-01 14:22:00,IONS,46.08000183105469,46.08000183105469,46.08000183105469,46.0,46.0,3238.0
2024-03-01 14:22:00,IOVA,16.9950008392334,16.9950008392334,17.0049991607666,16.989999771118164,17.0049991607666,9328.0
2024-03-01 14:22:00,IRIX,2.644399881362915,2.644399881362915,2.644399881362915,2.644399881362915,2.644399881362915,252.0
2024-03-01 14:22:00,IRWD,9.085000038146973,9.085000038146973,9.100000381469727,9.079999923706055,9.100000381469727,12964.0
2024-03-01 14:22:00,ISRG,397.0799865722656,397.0799865722656,397.1600036621094,397.0799865722656,397.1600036621094,1725.0
2024-03-01 14:22:00,ITCI,72.09500122070312,72.09500122070312,72.09500122070312,72.09500122070312,72.09500122070312,288.0
2024-03-01 14:22:00,JAGX,0.08129999786615372,0.08129999786615372,0.0820000022649765,0.07999999821186066,0.08169999718666077,324396.0
2024-03-01 14:22:00,JANX,45.959999084472656,45.959999084472656,46.04999923706055,45.91999816894531,46.0099983215332,10577.0
2024-03-01 14:22:00,JAZZ,119.09500122070312,119.09500122070312,119.20500183105469,119.01000213623047,119.20500183105469,2234.0
2024-03-01 14:22:00,JYNT,10.0600004196167,10.0600004196167,10.0600004196167,10.0600004196167,10.0600004196167,130.0
2024-03-01 14:22:00,KALV,14.15999984741211,14.15999984741211,14.15999984741211,14.149999618530273,14.149999618530273,305.0
2024-03-01 14:22:00,KNSA,21.809999465942383,21.809999465942383,21.829999923706055,21.809999465942383,21.809999465942383,537.0
2024-03-01 14:22:00,KNTE,2.5999999046325684,2.5999999046325684,2.5999999046325684,2.5999999046325684,2.5999999046325684,504.0
2024-03-01 14:22:00,KPTI,1.1800999641418457,1.1800999641418457,1.190000057220459,1.1800999641418457,1.184999942779541,2000.0
2024-03-01 14:22:00,KRTX,316.69000244140625,316.69000244140625,316.739990234375,316.69000244140625,316.739990234375,1778.0
2024-03-01 14:22:00,KTRA,0.1014999970793724,0.1014999970793724,0.1014999970793724,0.1014999970793724,0.1014999970793724,175.0
2024-03-01 14:22:00,KURA,21.8700008392334,21.8700008392334,21.8700008392334,21.8700008392334,21.8700008392334,120.0
2024-03-01 14:22:00,KYMR,44.119998931884766,44.119998931884766,44.119998931884766,44.11000061035156,44.11000061035156,538.0
2024-03-01 14:22:00,KZR,1.090000033378601,1.090000033378601,1.090000033378601,1.090000033378601,1.090000033378601,100.0
2024-03-01 14:22:00,LAB,2.450000047683716,2.450000047683716,2.4549999237060547,2.440000057220459,2.440000057220459,13806.0
2024-03-01 14:22:00,LEGN,65.62000274658203,65.62000274658203,65.66500091552734,65.62000274658203,65.66500091552734,200.0
2024-03-01 14:22:00,LEXX,2.8399999141693115,2.8399999141693115,2.8499999046325684,2.8399999141693115,2.8399999141693115,1197.0
2024-03-01 14:22:00,LFMD,7.949999809265137,7.949999809265137,7.949999809265137,7.940000057220459,7.940000057220459,302.0
2024-03-01 14:22:00,LFST,7.724999904632568,7.724999904632568,7.724999904632568,7.71999979019165,7.71999979019165,510.0
2024-03-01 14:22:00,LIAN,4.875,4.875,4.875,4.875,4.875,300.0
2024-03-01 14:22:00,LIFE,1.9149999618530273,1.9149999618530273,1.9199999570846558,1.9149999618530273,1.9199999570846558,751.0
2024-03-01 14:22:00,LIVN,55.779998779296875,55.779998779296875,55.779998779296875,55.779998779296875,55.779998779296875,574.0
2024-03-01 14:22:00,LMAT,67.87999725341797,67.87999725341797,67.87999725341797,67.87999725341797,67.87999725341797,544.0
2024-03-01 14:22:00,LNTH,64.58499908447266,64.58499908447266,64.62000274658203,64.58499908447266,64.62000274658203,853.0
2024-03-01 14:22:00,LQDA,14.720000267028809,14.720000267028809,14.720000267028809,14.720000267028809,14.720000267028809,1534.0
2024-03-01 14:22:00,LUNG,9.470000267028809,9.470000267028809,9.494999885559082,9.470000267028809,9.470000267028809,435.0
2024-03-01 14:22:00,LVTX,2.7799999713897705,2.7799999713897705,2.805000066757202,2.7699999809265137,2.7874999046325684,2697.0
2024-03-01 14:22:00,LXRX,2.505000114440918,2.505000114440918,2.505000114440918,2.505000114440918,2.505000114440918,181.0
2024-03-01 14:22:00,LYEL,3.1700000762939453,3.1700000762939453,3.1700000762939453,3.1700000762939453,3.1700000762939453,541.0
2024-03-01 14:22:00,LYRA,5.679999828338623,5.679999828338623,5.679999828338623,5.659999847412109,5.659999847412109,978.0
2024-03-01 14:22:00,MCRB,1.2317999601364136,1.2317999601364136,1.2400000095367432,1.2300000190734863,1.2400000095367432,17559.0
2024-03-01 14:22:00,MDRX,6.0,6.0,6.039999961853027,6.0,6.0,71501.0
2024-03-01 14:22:00,MDXG,8.6850004196167,8.6850004196167,8.6899995803833,8.680000305175781,8.6850004196167,1323.0
2024-03-01 14:22:00,ME,0.5608999729156494,0.5608999729156494,0.5608999729156494,0.5608999729156494,0.5608999729156494,1050.0
2024-03-01 14:22:00,MGNX,19.25,19.25,19.260000228881836,19.229999542236328,19.229999542236328,89515.0
2024-03-01 14:22:00,MIRM,29.809999465942383,29.809999465942383,29.809999465942383,29.809999465942383,29.809999465942383,703.0
2024-03-01 14:22:00,MIST,1.6950000524520874,1.6950000524520874,1.7000000476837158,1.6950000524520874,1.6950000524520874,1743.0
2024-03-01 14:22:00,MLTX,50.70000076293945,50.70000076293945,50.709999084472656,50.70000076293945,50.709999084472656,596.0
2024-03-01 14:22:00,MMSI,76.37000274658203,76.37000274658203,76.37000274658203,76.37000274658203,76.37000274658203,254.0
2024-03-01 14:22:00,MNKD,4.514999866485596,4.514999866485596,4.519999980926514,4.514999866485596,4.514999866485596,1121.0
2024-03-01 14:22:00,MNMD,6.239999771118164,6.239999771118164,6.25,6.239999771118164,6.25,675.0
2024-03-01 14:22:00,MNPR,0.8725000023841858,0.8725000023841858,0.8725000023841858,0.8725000023841858,0.8725000023841858,1000.0
2024-03-01 14:22:00,MODD,1.8849999904632568,1.8849999904632568,1.8898999691009521,1.8849999904632568,1.8849999904632568,8825.0
2024-03-01 14:22:00,MODV,28.06999969482422,28.06999969482422,28.06999969482422,28.030000686645508,28.030000686645508,329.0
2024-03-01 14:22:00,MOR,17.559999465942383,17.559999465942383,17.559999465942383,17.549999237060547,17.549999237060547,921.0
2024-03-01 14:22:00,MREO,4.014999866485596,4.014999866485596,4.019999980926514,4.005000114440918,4.005000114440918,12675.0
2024-03-01 14:22:00,MRNA,95.2300033569336,95.2300033569336,95.29000091552734,95.21499633789062,95.29000091552734,2599.0
2024-03-01 14:22:00,MRSN,6.0,6.0,6.0,5.994999885559082,5.994999885559082,1115.0
2024-03-01 14:22:00,MRUS,51.13999938964844,51.13999938964844,51.13999938964844,51.13999938964844,51.13999938964844,242.0
2024-03-01 14:22:00,MRVI,7.78000020980835,7.78000020980835,7.784999847412109,7.755000114440918,7.755000114440918,7612.0
2024-03-01 14:22:00,MXCT,4.739999771118164,4.739999771118164,4.739999771118164,4.739999771118164,4.739999771118164,808.0
2024-03-01 14:22:00,MYNZ,0.8799999952316284,0.8799999952316284,0.8799999952316284,0.8799999952316284,0.8799999952316284,700.0
2024-03-01 14:22:00,NARI,45.755001068115234,45.755001068115234,45.80500030517578,45.67499923706055,45.80500030517578,136981.0
2024-03-01 14:22:00,NBIX,131.4499969482422,131.4499969482422,131.49000549316406,131.4499969482422,131.49000549316406,641.0
2024-03-01 14:22:00,NEO,16.114999771118164,16.114999771118164,16.114999771118164,16.114999771118164,16.114999771118164,158.0
2024-03-01 14:22:00,NEOG,17.389999389648438,17.389999389648438,17.395000457763672,17.389999389648438,17.395000457763672,1057.0
2024-03-01 14:22:00,NERV,2.6449999809265137,2.6449999809265137,2.6449999809265137,2.6449999809265137,2.6449999809265137,200.0
2024-03-01 14:22:00,NGM,1.524999976158142,1.524999976158142,1.524999976158142,1.524999976158142,1.524999976158142,129.0
2024-03-01 14:22:00,NKTR,0.7746999859809875,0.7746999859809875,0.7746999859809875,0.7746999859809875,0.7746999859809875,10035.0
2024-03-01 14:22:00,NNOX,10.864800453186035,10.864800453186035,10.868200302124023,10.850000381469727,10.850000381469727,2872.0
2024-03-01 14:22:00,NPCE,16.264999389648438,16.264999389648438,16.264999389648438,16.264999389648438,16.264999389648438,289.0
2024-03-01 14:22:00,NRBO,6.300000190734863,6.300000190734863,6.300000190734863,6.199999809265137,6.199999809265137,3849.0
2024-03-01 14:22:00,NRIX,13.649999618530273,13.649999618530273,13.65999984741211,13.649999618530273,13.65999984741211,1061.0
2024-03-01 14:22:00,NRXP,0.41609999537467957,0.41609999537467957,0.41609999537467957,0.41609999537467957,0.41609999537467957,5093.0
2024-03-01 14:22:00,NTLA,33.525699615478516,33.525699615478516,33.525699615478516,33.51190185546875,33.51190185546875,1464.0
2024-03-01 14:22:00,NTRA,89.2300033569336,89.2300033569336,89.2300033569336,89.16999816894531,89.20500183105469,1433.0
2024-03-01 14:22:00,NUVL,87.41000366210938,87.41000366210938,87.41000366210938,87.41000366210938,87.41000366210938,163.0
2024-03-01 14:22:00,NVAX,5.28000020980835,5.28000020980835,5.28000020980835,5.260000228881836,5.269700050354004,68601.0
2024-03-01 14:22:00,NVCR,16.030000686645508,16.030000686645508,16.030000686645508,16.02039909362793,16.02039909362793,1780.0
2024-03-01 14:22:00,NVNO,6.440000057220459,6.440000057220459,6.440000057220459,6.440000057220459,6.440000057220459,355.0
2024-03-01 14:22:00,NXTC,1.8200000524520874,1.8200000524520874,1.8200000524520874,1.8200000524520874,1.8200000524520874,2500.0
2024-03-01 14:22:00,OCGN,0.9510999917984009,0.9510999917984009,0.9530500173568726,0.9510999917984009,0.9510999917984009,2261.0
2024-03-01 14:22:00,OCUL,10.755000114440918,10.755000114440918,10.755000114440918,10.75,10.755000114440918,1865.0
2024-03-01 14:22:00,OCUP,2.4700000286102295,2.4700000286102295,2.4700000286102295,2.4700000286102295,2.4700000286102295,127.0
2024-03-01 14:22:00,OGI,2.174999952316284,2.174999952316284,2.174999952316284,2.174999952316284,2.174999952316284,656.0
2024-03-01 14:22:00,OLK,22.90999984741211,22.90999984741211,22.90999984741211,22.90999984741211,22.90999984741211,100.0
2024-03-01 14:22:00,OLMA,14.850000381469727,14.850000381469727,14.850000381469727,14.850000381469727,14.850000381469727,1626.0
2024-03-01 14:22:00,OMCL,26.440000534057617,26.440000534057617,26.440000534057617,26.40999984741211,26.40999984741211,412.0
2024-03-01 14:22:00,OMGA,4.400000095367432,4.400000095367432,4.400000095367432,4.400000095367432,4.400000095367432,1432.0
2024-03-01 14:23:00,AADI,1.9900000095367432,1.9900000095367432,1.9900000095367432,1.9900000095367432,1.9900000095367432,101.0
2024-03-01 14:23:00,ABCL,5.150000095367432,5.150000095367432,5.159999847412109,5.150000095367432,5.159999847412109,3274.0
2024-03-01 14:23:00,ABSI,5.434999942779541,5.434999942779541,5.440000057220459,5.420000076293945,5.429999828338623,8761.0
2024-03-01 14:23:00,ABUS,2.759999990463257,2.759999990463257,2.7699999809265137,2.759999990463257,2.7699999809265137,269.0
2024-03-01 14:23:00,ACAD,24.2450008392334,24.2450008392334,24.270000457763672,24.2450008392334,24.270000457763672,4061.0
2024-03-01 14:23:00,ACB,3.184999942779541,3.184999942779541,3.184999942779541,3.184999942779541,3.184999942779541,289.0
2024-03-01 14:23:00,ACCD,10.100000381469727,10.100000381469727,10.100000381469727,10.100000381469727,10.100000381469727,263.0
2024-03-01 14:23:00,ACET,2.4000000953674316,2.4000000953674316,2.4049999713897705,2.4000000953674316,2.4049999713897705,520.0
2024-03-01 14:23:00,ACHC,84.2699966430664,84.2699966430664,84.27999877929688,84.2699966430664,84.27999877929688,321.0
2024-03-01 14:23:00,ACHV,4.360000133514404,4.360000133514404,4.360000133514404,4.360000133514404,4.360000133514404,100.0
2024-03-01 14:23:00,ACLX,68.5199966430664,68.5199966430664,68.5199966430664,68.45999908447266,68.47000122070312,1029.0
2024-03-01 14:23:00,ACRS,1.2300000190734863,1.2300000190734863,1.2400000095367432,1.2300000190734863,1.2400000095367432,1796.0
2024-03-01 14:23:00,ACST,3.3970000743865967,3.3970000743865967,3.3970000743865967,3.3970000743865967,3.3970000743865967,449.0
2024-03-01 14:23:00,ADAP,1.5950000286102295,1.5950000286102295,1.5950000286102295,1.5950000286102295,1.5950000286102295,589.0
2024-03-01 14:23:00,ADIL,3.4221999645233154,3.4221999645233154,3.450000047683716,3.4100000858306885,3.4400999546051025,46732.0
2024-03-01 14:23:00,ADMA,5.539999961853027,5.539999961853027,5.548999786376953,5.539999961853027,5.539999961853027,6654.0
2024-03-01 14:23:00,ADPT,4.09499979019165,4.09499979019165,4.09499979019165,4.09499979019165,4.09499979019165,265.0
2024-03-01 14:23:00,ADTX,3.4200000762939453,3.4200000762939453,3.4200000762939453,3.4200000762939453,3.4200000762939453,248.0
2024-03-01 14:23:00,ADUS,93.94999694824219,93.94999694824219,93.94999694824219,93.94999694824219,93.94999694824219,420.0
2024-03-01 14:23:00,ADVM,1.9800000190734863,1.9800000190734863,1.9850000143051147,1.975000023841858,1.9800000190734863,24245.0
2024-03-01 14:23:00,AFMD,0.6751000285148621,0.6751000285148621,0.6765509843826294,0.6751000285148621,0.6751000285148621,7570.0
2024-03-01 14:23:00,AGEN,0.6703000068664551,0.6703000068664551,0.6704000234603882,0.6703000068664551,0.6703500151634216,30804.0
2024-03-01 14:23:00,AGIO,32.75,32.75,32.81999969482422,32.75,32.81999969482422,1554.0
2024-03-01 14:23:00,AHCO,10.5,10.5,10.505000114440918,10.5,10.505000114440918,800.0
2024-03-01 14:23:00,AKAN,0.21050000190734863,0.21050000190734863,0.21359999477863312,0.20999999344348907,0.20999999344348907,3145.0
2024-03-01 14:23:00,AKBA,1.690000057220459,1.690000057220459,1.690000057220459,1.684999942779541,1.684999942779541,3245.0
2024-03-01 14:23:00,AKRO,29.510000228881836,29.510000228881836,29.510000228881836,29.510000228881836,29.510000228881836,730.0
2024-03-01 14:23:00,AKYA,6.054999828338623,6.054999828338623,6.054999828338623,6.054999828338623,6.054999828338623,100.0
2024-03-01 14:23:00,ALDX,4.320000171661377,4.320000171661377,4.320000171661377,4.320000171661377,4.320000171661377,12865.0
2024-03-01 14:23:00,ALEC,7.5,7.5,7.5,7.5,7.5,593.0
2024-03-01 14:23:00,ALGN,301.8599853515625,301.8599853515625,301.8599853515625,301.8599853515625,301.8599853515625,541.0
2024-03-01 14:23:00,ALHC,5.75,5.75,5.75,5.75,5.75,673.0
2024-03-01 14:23:00,ALLK,1.6799999475479126,1.6799999475479126,1.6799999475479126,1.6699999570846558,1.6749999523162842,1014.0
2024-03-01 14:23:00,ALLO,5.025000095367432,5.025000095367432,5.03000020980835,5.025000095367432,5.03000020980835,1630.0
2024-03-01 14:23:00,ALNY,153.3800048828125,153.3800048828125,153.66000366210938,153.3800048828125,153.66000366210938,2135.0
2024-03-01 14:23:00,ALPN,36.040000915527344,36.040000915527344,36.04999923706055,36.02690124511719,36.04999923706055,808.0
2024-03-01 14:23:00,ALT,12.079999923706055,12.079999923706055,12.100000381469727,12.069999694824219,12.100000381469727,8373.0
2024-03-01 14:23:00,AMED,93.45999908447266,93.45999908447266,93.45999908447266,93.45999908447266,93.45999908447266,186.0
2024-03-01 14:23:00,AMGN,280.9200134277344,280.9200134277344,281.0,280.8599853515625,280.9800109863281,11848.0
2024-03-01 14:23:00,AMLX,18.65999984741211,18.65999984741211,18.700000762939453,18.65999984741211,18.700000762939453,5572.0
2024-03-01 14:23:00,AMRN,1.0549999475479126,1.0549999475479126,1.0549999475479126,1.0549999475479126,1.0549999475479126,507.0
2024-03-01 14:23:00,ANIP,66.62000274658203,66.62000274658203,67.0,66.62000274658203,66.94999694824219,1873.0
2024-03-01 14:23:00,ANNX,6.105000019073486,6.105000019073486,6.110000133514404,6.099999904632568,6.110000133514404,759.0
2024-03-01 14:23:00,APDN,0.5659000277519226,0.5659000277519226,0.5659000277519226,0.5659000277519226,0.5659000277519226,1082.0
2024-03-01 14:23:00,APLS,64.6978988647461,64.6978988647461,64.79000091552734,64.66999816894531,64.79000091552734,5119.0
2024-03-01 14:23:00,APLT,7.130000114440918,7.130000114440918,7.130000114440918,7.110000133514404,7.119999885559082,1994.0
2024-03-01 14:23:00,AQST,4.170100212097168,4.170100212097168,4.179999828338623,4.170000076293945,4.170000076293945,9527.0
2024-03-01 14:23:00,ARCT,39.709999084472656,39.709999084472656,39.709999084472656,39.709999084472656,39.709999084472656,758.0
2024-03-01 14:23:00,ARDX,9.479999542236328,9.479999542236328,9.489999771118164,9.475000381469727,9.484999656677246,12587.0
2024-03-01 14:23:00,ARGX,393.0400085449219,393.0400085449219,393.0899963378906,393.0400085449219,393.0400085449219,1281.0
2024-03-01 14:23:00,ARQT,11.755000114440918,11.755000114440918,11.760000228881836,11.75,11.75,2531.0
2024-03-01 14:23:00,ARVN,48.63999938964844,48.63999938964844,48.63999938964844,48.63999938964844,48.63999938964844,257.0
2024-03-01 14:23:00,ARWR,35.59000015258789,35.59000015258789,35.720001220703125,35.59000015258789,35.720001220703125,8508.0
2024-03-01 14:23:00,ASLN,0.7394999861717224,0.7394999861717224,0.7398999929428101,0.7394999861717224,0.7398999929428101,662.0
2024-03-01 14:23:00,ASND,152.5050048828125,152.5050048828125,152.72000122070312,152.5050048828125,152.72000122070312,662.0
2024-03-01 14:23:00,ASRT,0.9097999930381775,0.9097999930381775,0.9097999930381775,0.9039999842643738,0.9039999842643738,1968.0
2024-03-01 14:23:00,ATAI,2.1600000858306885,2.1600000858306885,2.1600000858306885,2.1600000858306885,2.1600000858306885,116.0
2024-03-01 14:23:00,ATEC,13.395000457763672,13.395000457763672,13.417499542236328,13.395000457763672,13.417499542236328,4207.0
2024-03-01 14:23:00,ATHA,4.005000114440918,4.005000114440918,4.010000228881836,4.005000114440918,4.010000228881836,1213.0
2024-03-01 14:23:00,ATOS,1.0099999904632568,1.0099999904632568,1.0099999904632568,1.0092999935150146,1.0092999935150146,3131.0
2024-03-01 14:23:00,ATRA,0.7883999943733215,0.7883999943733215,0.7904000282287598,0.7883999943733215,0.7904000282287598,2329.0
2024-03-01 14:23:00,ATRC,35.88999938964844,35.88999938964844,35.88999938964844,35.88999938964844,35.88999938964844,340.0
2024-03-01 14:23:00,ATXI,0.15440000593662262,0.15440000593662262,0.15440000593662262,0.15440000593662262,0.15440000593662262,200.0
2024-03-01 14:23:00,ATXS,14.845000267028809,14.845000267028809,14.845000267028809,14.800000190734863,14.800000190734863,1852.0
2024-03-01 14:23:00,AUGX,4.519999980926514,4.519999980926514,4.519999980926514,4.519999980926514,4.519999980926514,400.0
2024-03-01 14:23:00,AUPH,5.824999809265137,5.824999809265137,5.829999923706055,5.820000171661377,5.829999923706055,4997.0
2024-03-01 14:23:00,AUTL,6.349999904632568,6.349999904632568,6.360000133514404,6.349999904632568,6.360000133514404,763.0
2024-03-01 14:23:00,AVDL,13.249899864196777,13.249899864196777,13.249899864196777,13.238900184631348,13.238900184631348,1030.0
2024-03-01 14:23:00,AXGN,10.5600004196167,10.5600004196167,10.5600004196167,10.550000190734863,10.550000190734863,1149.0
2024-03-01 14:23:00,AXNX,67.39320373535156,67.39320373535156,67.43000030517578,67.38999938964844,67.4000015258789,3483.0
2024-03-01 14:23:00,AXSM,82.34500122070312,82.34500122070312,82.34500122070312,82.30000305175781,82.30000305175781,752.0
2024-03-01 14:23:00,AZN,64.68499755859375,64.68499755859375,64.69499969482422,64.68000030517578,64.69499969482422,4238.0
2024-03-01 14:23:00,AZTA,66.93499755859375,66.93499755859375,66.94999694824219,66.93000030517578,66.94499969482422,4089.0
2024-03-01 14:23:00,BCAB,2.734999895095825,2.734999895095825,2.734999895095825,2.7300000190734863,2.7300000190734863,225.0
2024-03-01 14:23:00,BCRX,5.710000038146973,5.710000038146973,5.715000152587891,5.710000038146973,5.710000038146973,1296.0
2024-03-01 14:23:00,BCYC,26.03499984741211,26.03499984741211,26.03499984741211,26.03499984741211,26.03499984741211,105.0
2024-03-01 14:23:00,BDTX,4.78000020980835,4.78000020980835,4.785799980163574,4.760000228881836,4.760000228881836,9318.0
2024-03-01 14:23:00,BEAM,40.04999923706055,40.04999923706055,40.167999267578125,40.04999923706055,40.167999267578125,4340.0
2024-03-01 14:23:00,BGNE,167.22000122070312,167.22000122070312,167.22000122070312,167.22000122070312,167.22000122070312,667.0
2024-03-01 14:23:00,BIIB,221.19000244140625,221.19000244140625,221.50999450683594,221.19000244140625,221.50999450683594,6060.0
2024-03-01 14:23:00,BIOR,1.1445000171661377,1.1445000171661377,1.1445000171661377,1.1445000171661377,1.1445000171661377,353.0
2024-03-01 14:23:00,BIVI,2.0179998874664307,2.0179998874664307,2.0199999809265137,2.009999990463257,2.010699987411499,15757.0
2024-03-01 14:23:00,BLFS,18.235000610351562,18.235000610351562,18.31999969482422,18.235000610351562,18.31999969482422,3828.0
2024-03-01 14:23:00,BLUE,1.5950000286102295,1.5950000286102295,1.5950000286102295,1.590000033378601,1.590000033378601,756.0
2024-03-01 14:23:00,BMEA,18.31999969482422,18.31999969482422,18.399999618530273,18.31999969482422,18.399999618530273,2834.0
2024-03-01 14:23:00,BMRN,88.02999877929688,88.02999877929688,88.02999877929688,88.0,88.02999877929688,4200.0
2024-03-01 14:23:00,BNGO,1.2649999856948853,1.2649999856948853,1.2649999856948853,1.2649999856948853,1.2649999856948853,1429.0
2024-03-01 14:23:00,BNR,0.8194000124931335,0.8194000124931335,0.8194000124931335,0.8194000124931335,0.8194000124931335,100.0
2024-03-01 14:23:00,BNTX,91.1500015258789,91.1500015258789,91.20999908447266,91.1500015258789,91.15699768066406,537.0
2024-03-01 14:23:00,BOLT,1.2100000381469727,1.2100000381469727,1.2100000381469727,1.2100000381469727,1.2100000381469727,201.0
2024-03-01 14:23:00,BPMC,96.80999755859375,96.80999755859375,96.86000061035156,96.80999755859375,96.86000061035156,451.0
2024-03-01 14:23:00,BRKR,88.5,88.5,88.55000305175781,88.5,88.52999877929688,2407.0
2024-03-01 14:23:00,BTAI,3.194700002670288,3.194700002670288,3.194999933242798,3.190000057220459,3.190000057220459,1300.0
2024-03-01 14:23:00,BTCY,0.9700000286102295,0.9700000286102295,0.9700000286102295,0.9498999714851379,0.9498999714851379,2453.0
2024-03-01 14:23:00,BTTX,0.18195000290870667,0.18195000290870667,0.18289899826049805,0.1808999925851822,0.1818999946117401,16770.0
2024-03-01 14:23:00,BYSI,1.5,1.5,1.5,1.5,1.5,231.0
2024-03-01 14:23:00,CABA,24.030000686645508,24.030000686645508,24.059999465942383,23.989999771118164,24.0049991607666,7275.0
2024-03-01 14:23:00,CADL,1.7000000476837158,1.7000000476837158,1.7000000476837158,1.7000000476837158,1.7000000476837158,447.0
2024-03-01 14:23:00,CBAY,32.224998474121094,32.224998474121094,32.22999954223633,32.220001220703125,32.224998474121094,5556.0
2024-03-01 14:23:00,CCCC,10.994999885559082,10.994999885559082,10.994999885559082,10.994999885559082,10.994999885559082,109.0
2024-03-01 14:23:00,CCRN,18.229999542236328,18.229999542236328,18.229999542236328,18.229999542236328,18.229999542236328,911.0
2024-03-01 14:23:00,CDNA,12.731100082397461,12.731100082397461,12.75,12.6899995803833,12.6899995803833,7876.0
2024-03-01 14:23:00,CDXS,4.574999809265137,4.574999809265137,4.579999923706055,4.570000171661377,4.570000171661377,3051.0
2024-03-01 14:23:00,CERE,41.10499954223633,41.10499954223633,41.11000061035156,41.099998474121094,41.11000061035156,1305.0
2024-03-01 14:23:00,CERS,2.180000066757202,2.180000066757202,2.184999942779541,2.180000066757202,2.184999942779541,692.0
2024-03-01 14:23:00,CERT,17.979999542236328,17.979999542236328,17.979999542236328,17.96500015258789,17.969999313354492,1950.0
2024-03-01 14:23:00,CGC,3.220099925994873,3.220099925994873,3.220099925994873,3.2200000286102295,3.2200000286102295,1063.0
2024-03-01 14:23:00,CGEN,2.674999952316284,2.674999952316284,2.674999952316284,2.674999952316284,2.674999952316284,200.0
2024-03-01 14:23:00,CHEK,2.069999933242798,2.069999933242798,2.069999933242798,2.069999933242798,2.069999933242798,1840.0
2024-03-01 14:23:00,CHRS,2.418800115585327,2.418800115585327,2.424999952316284,2.4149999618530273,2.424999952316284,12722.0
2024-03-01 14:23:00,CKPT,2.190000057220459,2.190000057220459,2.190000057220459,2.190000057220459,2.190000057220459,159.0
2024-03-01 14:23:00,CLDX,51.9900016784668,51.9900016784668,52.099998474121094,51.7400016784668,52.04999923706055,10107.0
2024-03-01 14:23:00,CLNN,0.3889999985694885,0.3889999985694885,0.3889999985694885,0.3889999985694885,0.3889999985694885,2073.0
2024-03-01 14:23:00,CLOV,0.8636000156402588,0.8636000156402588,0.8636999726295471,0.8636000156402588,0.8636999726295471,3653.0
2024-03-01 14:23:00,CMPS,11.649999618530273,11.649999618530273,11.65999984741211,11.640000343322754,11.645000457763672,818.0
2024-03-01 14:23:00,CMPX,1.875,1.875,1.875,1.875,1.875,117.0
2024-03-01 14:23:00,CMRX,1.2100000381469727,1.2100000381469727,1.2200000286102295,1.2100000381469727,1.2200000286102295,2973.0
2024-03-01 14:23:00,CNSP,0.3280459940433502,0.3280459940433502,0.3280459940433502,0.3280459940433502,0.3280459940433502,100.0
2024-03-01 14:23:00,COGT,7.267499923706055,7.267499923706055,7.287499904632568,7.267499923706055,7.284999847412109,4332.0
2024-03-01 14:23:00,COLL,36.61000061035156,36.61000061035156,36.619998931884766,36.61000061035156,36.619998931884766,378.0
2024-03-01 14:23:00,CORT,24.329999923706055,24.329999923706055,24.350000381469727,24.329999923706055,24.350000381469727,2062.0
2024-03-01 14:23:00,CPRX,17.200000762939453,17.200000762939453,17.239999771118164,17.18000030517578,17.239999771118164,6999.0
2024-03-01 14:23:00,CRBU,7.909999847412109,7.909999847412109,7.909999847412109,7.909999847412109,7.909999847412109,328.0
2024-03-01 14:23:00,CRDF,2.559999942779541,2.559999942779541,2.5899999141693115,2.5346999168395996,2.5399999618530273,44956.0
2024-03-01 14:23:00,CRMD,3.690000057220459,3.690000057220459,3.690000057220459,3.690000057220459,3.690000057220459,176.0
2024-03-01 14:23:00,CRNX,46.61000061035156,46.61000061035156,46.63999938964844,46.58000183105469,46.619998931884766,1312.0
2024-03-01 14:23:00,CRON,2.049999952316284,2.049999952316284,2.049999952316284,2.049999952316284,2.049999952316284,200.0
2024-03-01 14:23:00,CRSP,85.4800033569336,85.4800033569336,85.54989624023438,85.41999816894531,85.54989624023438,1261.0
2024-03-01 14:23:00,CTKB,9.010000228881836,9.010000228881836,9.010000228881836,9.005000114440918,9.005000114440918,732.0
2024-03-01 14:23:00,CTMX,2.565000057220459,2.565000057220459,2.565000057220459,2.559999942779541,2.565000057220459,1432.0
2024-03-01 14:23:00,CTSO,0.9399999976158142,0.9399999976158142,0.9399999976158142,0.9399999976158142,0.9399999976158142,182.0
2024-03-01 14:23:00,CUTR,2.3991000652313232,2.3991000652313232,2.3991000652313232,2.3991000652313232,2.3991000652313232,351.0
2024-03-01 14:23:00,CVRX,20.600000381469727,20.600000381469727,20.610000610351562,20.600000381469727,20.610000610351562,738.0
2024-03-01 14:23:00,CYTK,73.55999755859375,73.55999755859375,73.62000274658203,73.5,73.62000274658203,3200.0
2024-03-01 14:23:00,CYTO,2.2899999618530273,2.2899999618530273,2.3399999141693115,2.2899999618530273,2.3399999141693115,2300.0
2024-03-01 14:23:00,DAWN,17.700000762939453,17.700000762939453,17.700000762939453,17.690000534057617,17.69499969482422,5162.0
2024-03-01 14:23:00,DCGO,4.15500020980835,4.15500020980835,4.15500020980835,4.15500020980835,4.15500020980835,2399.0
2024-03-01 14:23:00,DCPH,17.610000610351562,17.610000610351562,17.614999771118164,17.600000381469727,17.614999771118164,2449.0
2024-03-01 14:23:00,DH,8.90999984741211,8.90999984741211,8.920000076293945,8.90999984741211,8.920000076293945,894.0
2024-03-01 14:23:00,DMTK,0.8449490070343018,0.8449490070343018,0.8499000072479248,0.8449490070343018,0.8499000072479248,325.0
2024-03-01 14:23:00,DNLI,21.3799991607666,21.3799991607666,21.395000457763672,21.3700008392334,21.3799991607666,1913.0
2024-03-01 14:23:00,DTIL,12.457200050354004,12.457200050354004,12.470000267028809,12.444999694824219,12.444999694824219,2117.0
2024-03-01 14:23:00,DVAX,12.819999694824219,12.819999694824219,12.819999694824219,12.819999694824219,12.819999694824219,421.0
2024-03-01 14:23:00,DXCM,121.9800033569336,121.9800033569336,121.9800033569336,121.91000366210938,121.95999908447266,8011.0
2024-03-01 14:23:00,DYN,29.110000610351562,29.110000610351562,29.200000762939453,29.110000610351562,29.170000076293945,4510.0
2024-03-01 14:23:00,EDIT,10.899999618530273,10.899999618530273,10.904999732971191,10.899999618530273,10.904999732971191,3067.0
2024-03-01 14:23:00,EFTR,16.0,16.0,16.0,15.949999809265137,15.986700057983398,1840.0
2024-03-01 14:23:00,EGRX,6.639999866485596,6.639999866485596,6.639999866485596,6.639999866485596,6.639999866485596,468.0
2024-03-01 14:23:00,ELEV,5.03000020980835,5.03000020980835,5.059999942779541,5.03000020980835,5.059999942779541,1569.0
2024-03-01 14:23:00,ENSG,121.94999694824219,121.94999694824219,121.95500183105469,121.91000366210938,121.94999694824219,1499.0
2024-03-01 14:23:00,ENTA,15.420000076293945,15.420000076293945,15.420000076293945,15.420000076293945,15.420000076293945,2426.0
2024-03-01 14:23:00,ENVB,1.5318000316619873,1.5318000316619873,1.5800000429153442,1.5318000316619873,1.5750000476837158,7574.0
2024-03-01 14:23:00,EOLS,14.850000381469727,14.850000381469727,14.859999656677246,14.850000381469727,14.859999656677246,817.0
2024-03-01 14:23:00,ERAS,2.5250000953674316,2.5250000953674316,2.5250000953674316,2.5250000953674316,2.5250000953674316,220.0
2024-03-01 14:23:00,ESPR,2.555000066757202,2.555000066757202,2.5573999881744385,2.555000066757202,2.555000066757202,2355.0
2024-03-01 14:23:00,ESTA,44.70349884033203,44.70349884033203,44.70349884033203,44.650001525878906,44.650001525878906,522.0
2024-03-01 14:23:00,ETNB,12.960000038146973,12.960000038146973,12.979999542236328,12.960000038146973,12.979999542236328,2896.0
2024-03-01 14:23:00,EVGN,0.9700000286102295,0.9700000286102295,0.9700000286102295,0.9689000248908997,0.9700000286102295,3100.0
2024-03-01 14:23:00,EVO,7.519999980926514,7.519999980926514,7.519999980926514,7.519999980926514,7.519999980926514,404.0
2024-03-01 14:23:00,EWTX,17.0,17.0,17.024999618530273,17.0,17.024999618530273,5503.0
2024-03-01 14:23:00,EXAI,6.670000076293945,6.670000076293945,6.670000076293945,6.670000076293945,6.670000076293945,852.0
2024-03-01 14:23:00,EXAS,59.97999954223633,59.97999954223633,59.97999954223633,59.959999084472656,59.970001220703125,1110.0
2024-03-01 14:23:00,EXEL,22.469999313354492,22.469999313354492,22.479999542236328,22.469999313354492,22.479999542236328,4624.0
2024-03-01 14:23:00,EYEN,2.3550000190734863,2.3550000190734863,2.3559000492095947,2.3550000190734863,2.3559000492095947,2072.0
2024-03-01 14:23:00,EYPT,28.0,28.0,28.0,28.0,28.0,288.0
2024-03-01 14:23:00,FATE,7.795000076293945,7.795000076293945,7.800000190734863,7.795000076293945,7.795000076293945,942.0
2024-03-01 14:23:00,FDMT,29.360000610351562,29.360000610351562,29.389999389648438,29.34000015258789,29.389999389648438,4007.0
2024-03-01 14:23:00,FGEN,1.8600000143051147,1.8600000143051147,1.8600000143051147,1.8483999967575073,1.8483999967575073,1939.0
2024-03-01 14:23:00,FLGT,23.219999313354492,23.219999313354492,23.219999313354492,23.19499969482422,23.19499969482422,3010.0
2024-03-01 14:23:00,FOLD,13.390000343322754,13.390000343322754,13.390000343322754,13.385000228881836,13.385000228881836,2003.0
2024-03-01 14:23:00,FULC,11.039999961853027,11.039999961853027,11.039999961853027,11.029999732971191,11.039999961853027,1717.0
2024-03-01 14:23:00,FUSN,12.25,12.25,12.279999732971191,12.239999771118164,12.279999732971191,3808.0
2024-03-01 14:23:00,FWBI,9.050000190734863,9.050000190734863,9.050000190734863,8.920000076293945,8.920000076293945,30102.0
2024-03-01 14:23:00,GANX,4.630000114440918,4.630000114440918,4.639999866485596,4.630000114440918,4.639999866485596,830.0
2024-03-01 14:23:00,GBIO,2.634700059890747,2.634700059890747,2.634700059890747,2.634700059890747,2.634700059890747,200.0
2024-03-01 14:23:00,GDRX,8.369999885559082,8.369999885559082,8.388899803161621,8.369999885559082,8.388899803161621,4815.0
2024-03-01 14:23:00,GERN,2.2750000953674316,2.2750000953674316,2.279900074005127,2.2699999809265137,2.2699999809265137,20766.0
2024-03-01 14:23:00,GH,19.09000015258789,19.09000015258789,19.110000610351562,19.09000015258789,19.110000610351562,1555.0
2024-03-01 14:23:00,GILD,72.4749984741211,72.4749984741211,72.49500274658203,72.4749984741211,72.4800033569336,6334.0
2024-03-01 14:23:00,GLPG,35.074100494384766,35.074100494384766,35.074100494384766,35.074100494384766,35.074100494384766,200.0
2024-03-01 14:23:00,GLTO,0.7998999953269958,0.7998999953269958,0.8198000192642212,0.7900999784469604,0.8190000057220459,102338.0
2024-03-01 14:23:00,GLUE,6.369999885559082,6.369999885559082,6.380000114440918,6.369999885559082,6.380000114440918,662.0
2024-03-01 14:23:00,GMAB,29.454999923706055,29.454999923706055,29.454999923706055,29.450000762939453,29.450000762939453,342.0
2024-03-01 14:23:00,GMDA,0.3862000107765198,0.3862000107765198,0.3889999985694885,0.3806000053882599,0.3806000053882599,53531.0
2024-03-01 14:23:00,GNPX,4.649899959564209,4.649899959564209,4.649899959564209,4.649899959564209,4.649899959564209,401.0
2024-03-01 14:23:00,GOSS,1.4249999523162842,1.4249999523162842,1.4249999523162842,1.4199999570846558,1.4199999570846558,1205.0
2024-03-01 14:23:00,GRFS,7.025000095367432,7.025000095367432,7.025000095367432,7.019999980926514,7.019999980926514,1025.0
2024-03-01 14:23:00,GRTS,2.0299999713897705,2.0299999713897705,2.0299999713897705,2.015000104904175,2.0299999713897705,9377.0
2024-03-01 14:23:00,GTHX,3.805000066757202,3.805000066757202,3.809999942779541,3.805000066757202,3.809999942779541,364.0
2024-03-01 14:23:00,HALO,41.540000915527344,41.540000915527344,41.540000915527344,41.52000045776367,41.52000045776367,1433.0
2024-03-01 14:23:00,HARP,22.9424991607666,22.9424991607666,22.9424991607666,22.9424991607666,22.9424991607666,101.0
2024-03-01 14:23:00,HCAT,8.244999885559082,8.244999885559082,8.244999885559082,8.229999542236328,8.229999542236328,1601.0
2024-03-01 14:23:00,HCSG,12.6850004196167,12.6850004196167,12.6899995803833,12.680000305175781,12.6850004196167,1706.0
2024-03-01 14:23:00,HOLX,74.34500122070312,74.34500122070312,74.36000061035156,74.34500122070312,74.3499984741211,949.0
2024-03-01 14:23:00,HOOK,0.7802000045776367,0.7802000045776367,0.7802000045776367,0.7802000045776367,0.7802000045776367,171.0
2024-03-01 14:23:00,HQY,81.5,81.5,81.5199966430664,81.5,81.5,1153.0
2024-03-01 14:23:00,HRMY,31.719999313354492,31.719999313354492,31.729999542236328,31.709999084472656,31.709999084472656,1728.0
2024-03-01 14:23:00,HRTX,2.5799999237060547,2.5799999237060547,2.5799999237060547,2.575000047683716,2.5799999237060547,22687.0
2024-03-01 14:23:00,HSIC,76.87000274658203,76.87000274658203,76.88500213623047,76.87000274658203,76.88500213623047,1093.0
2024-03-01 14:23:00,HSTM,27.290000915527344,27.290000915527344,27.290000915527344,27.290000915527344,27.290000915527344,286.0
2024-03-01 14:23:00,HUMA,3.2307000160217285,3.2307000160217285,3.240000009536743,3.2249999046325684,3.2298998832702637,82160.0
2024-03-01 14:23:00,IART,36.33000183105469,36.33000183105469,36.33000183105469,36.310001373291016,36.31999969482422,1094.0
2024-03-01 14:23:00,IBRX,4.855000019073486,4.855000019073486,4.864999771118164,4.855000019073486,4.864999771118164,2359.0
2024-03-01 14:23:00,ICCM,1.309999942779541,1.309999942779541,1.309999942779541,1.309999942779541,1.309999942779541,100.0
2024-03-01 14:23:00,ICUI,105.94999694824219,105.94999694824219,105.94999694824219,105.88999938964844,105.88999938964844,1042.0
2024-03-01 14:23:00,IDYA,46.70500183105469,46.70500183105469,46.709999084472656,46.68000030517578,46.709999084472656,692.0
2024-03-01 14:23:00,IGMS,13.239999771118164,13.239999771118164,13.239999771118164,13.239999771118164,13.239999771118164,427.0
2024-03-01 14:23:00,ILMN,141.8300018310547,141.8300018310547,141.8800048828125,141.8300018310547,141.8800048828125,1228.0
2024-03-01 14:23:00,IMAB,1.8200000524520874,1.8200000524520874,1.8200000524520874,1.8200000524520874,1.8200000524520874,1391.0
2024-03-01 14:23:00,IMMX,3.525099992752075,3.525099992752075,3.525099992752075,3.5,3.5,200.0
2024-03-01 14:23:00,IMTX,12.880000114440918,12.880000114440918,12.880000114440918,12.880000114440918,12.880000114440918,1328.0
2024-03-01 14:23:00,IMUX,1.475000023841858,1.475000023841858,1.475000023841858,1.475000023841858,1.475000023841858,355.0
2024-03-01 14:23:00,IMVT,35.81999969482422,35.81999969482422,35.83000183105469,35.81999969482422,35.83000183105469,1327.0
2024-03-01 14:23:00,INCY,59.310001373291016,59.310001373291016,59.33000183105469,59.310001373291016,59.33000183105469,965.0
2024-03-01 14:23:00,INGN,6.710000038146973,6.710000038146973,6.71999979019165,6.710000038146973,6.71999979019165,1832.0
2024-03-01 14:23:00,INMD,22.8799991607666,22.8799991607666,22.885000228881836,22.875,22.8799991607666,3647.0
2024-03-01 14:23:00,INO,9.6850004196167,9.6850004196167,9.6850004196167,9.6850004196167,9.6850004196167,1149.0
2024-03-01 14:23:00,INSM,28.184999465942383,28.184999465942383,28.200000762939453,28.184999465942383,28.190000534057617,1505.0
2024-03-01 14:23:00,INVA,15.460000038146973,15.460000038146973,15.460000038146973,15.460000038146973,15.460000038146973,224.0
2024-03-01 14:23:00,INZY,6.630000114440918,6.630000114440918,6.630000114440918,6.630000114440918,6.630000114440918,438.0
2024-03-01 14:23:00,IONS,46.040000915527344,46.040000915527344,46.060001373291016,46.040000915527344,46.060001373291016,1227.0
2024-03-01 14:23:00,IOVA,16.989999771118164,16.989999771118164,17.0,16.979999542236328,16.989999771118164,9244.0
2024-03-01 14:23:00,IPSC,3.9549999237060547,3.9549999237060547,3.9549999237060547,3.930000066757202,3.930000066757202,300.0
2024-03-01 14:23:00,IRWD,9.074999809265137,9.074999809265137,9.085000038146973,9.072500228881836,9.085000038146973,14297.0
2024-03-01 14:23:00,ISRG,397.0950012207031,397.0950012207031,397.2349853515625,396.9100036621094,397.07000732421875,7089.0
2024-03-01 14:23:00,ITCI,72.04000091552734,72.04000091552734,72.09500122070312,72.04000091552734,72.05999755859375,2078.0
2024-03-01 14:23:00,ITRM,1.2999999523162842,1.2999999523162842,1.2999999523162842,1.2900999784469604,1.2999999523162842,6542.0
2024-03-01 14:23:00,IXHL,5.480000019073486,5.480000019073486,5.480000019073486,5.480000019073486,5.480000019073486,653.0
2024-03-01 14:23:00,JAGX,0.08190000057220459,0.08190000057220459,0.08190000057220459,0.08009999990463257,0.08129999786615372,295232.0
2024-03-01 14:23:00,JANX,46.02000045776367,46.02000045776367,46.08340072631836,45.91999816894531,45.91999816894531,934.0
2024-03-01 14:23:00,JAZZ,119.0999984741211,119.0999984741211,119.0999984741211,119.0999984741211,119.0999984741211,291.0
2024-03-01 14:23:00,JSPR,21.274999618530273,21.274999618530273,21.329999923706055,21.15999984741211,21.15999984741211,589.0
2024-03-01 14:23:00,KALV,14.149999618530273,14.149999618530273,14.15999984741211,14.135000228881836,14.15999984741211,3216.0
2024-03-01 14:23:00,KNSA,21.84000015258789,21.84000015258789,21.84000015258789,21.809999465942383,21.84000015258789,820.0
2024-03-01 14:23:00,KNTE,2.5999999046325684,2.5999999046325684,2.5999999046325684,2.5999999046325684,2.5999999046325684,500.0
2024-03-01 14:23:00,KOD,6.085000038146973,6.085000038146973,6.099999904632568,6.085000038146973,6.099999904632568,1360.0
2024-03-01 14:23:00,KPTI,1.184999942779541,1.184999942779541,1.190000057220459,1.184999942779541,1.184999942779541,1100.0
2024-03-01 14:23:00,KRON,1.030400037765503,1.030400037765503,1.030400037765503,1.030400037765503,1.030400037765503,300.0
2024-03-01 14:23:00,KROS,69.91000366210938,69.91000366210938,70.12000274658203,69.91000366210938,70.12000274658203,2382.0
2024-03-01 14:23:00,KRTX,316.5,316.5,316.6449890136719,316.5,316.6449890136719,1026.0
2024-03-01 14:23:00,KRYS,169.28500366210938,169.28500366210938,169.28500366210938,169.28500366210938,169.28500366210938,215.0
2024-03-01 14:23:00,KTRA,0.10109999775886536,0.10109999775886536,0.10249999910593033,0.10109999775886536,0.10189999639987946,27688.0
2024-03-01 14:23:00,KURA,21.84000015258789,21.84000015258789,21.850000381469727,21.84000015258789,21.850000381469727,1579.0
2024-03-01 14:23:00,KYMR,44.07500076293945,44.07500076293945,44.11000061035156,44.07500076293945,44.11000061035156,1084.0
2024-03-01 14:23:00,KZR,1.0801000595092773,1.0801000595092773,1.090000033378601,1.0801000595092773,1.090000033378601,3420.0
2024-03-01 14:23:00,LAB,2.450000047683716,2.450000047683716,2.4549999237060547,2.450000047683716,2.450000047683716,982.0
2024-03-01 14:23:00,LBPH,21.84000015258789,21.84000015258789,21.864999771118164,21.84000015258789,21.864999771118164,426.0
2024-03-01 14:23:00,LEGN,65.48999786376953,65.48999786376953,65.66500091552734,65.48999786376953,65.66000366210938,1589.0
2024-03-01 14:23:00,LEXX,2.8350000381469727,2.8350000381469727,2.8350000381469727,2.8201000690460205,2.8201000690460205,618.0
2024-03-01 14:23:00,LFMD,7.949999809265137,7.949999809265137,7.949999809265137,7.929999828338623,7.929999828338623,302.0
2024-03-01 14:23:00,LFST,7.715000152587891,7.715000152587891,7.71999979019165,7.715000152587891,7.71999979019165,1775.0
2024-03-01 14:23:00,LGVN,0.5443999767303467,0.5443999767303467,0.5443999767303467,0.5443999767303467,0.5443999767303467,100.0
2024-03-01 14:23:00,LIAN,4.875,4.875,4.880000114440918,4.875,4.880000114440918,10100.0
2024-03-01 14:23:00,LIFE,1.910099983215332,1.910099983215332,1.910099983215332,1.910099983215332,1.910099983215332,100.0
2024-03-01 14:23:00,LIVN,55.810001373291016,55.810001373291016,55.810001373291016,55.790000915527344,55.790000915527344,604.0
2024-03-01 14:23:00,LNTH,64.55000305175781,64.55000305175781,64.59300231933594,64.54000091552734,64.54000091552734,2035.0
2024-03-01 14:23:00,LRMR,11.436200141906738,11.436200141906738,11.436200141906738,11.436200141906738,11.436200141906738,582.0
2024-03-01 14:23:00,LTRN,4.369999885559082,4.369999885559082,4.369999885559082,4.369999885559082,4.369999885559082,151.0
2024-03-01 14:23:00,LVTX,2.809999942779541,2.809999942779541,2.812999963760376,2.7799999713897705,2.812999963760376,1206.0
2024-03-01 14:23:00,LXRX,2.5199999809265137,2.5199999809265137,2.520900011062622,2.505000114440918,2.505000114440918,23245.0
2024-03-01 14:23:00,LYEL,3.168100118637085,3.168100118637085,3.1689000129699707,3.1600000858306885,3.1689000129699707,1202.0
2024-03-01 14:23:00,LYRA,5.679999828338623,5.679999828338623,5.679999828338623,5.679999828338623,5.679999828338623,110.0
2024-03-01 14:23:00,MACK,14.720000267028809,14.720000267028809,14.720000267028809,14.720000267028809,14.720000267028809,245.0
2024-03-01 14:23:00,MASI,127.0199966430664,127.0199966430664,127.0199966430664,127.0199966430664,127.0199966430664,483.0
2024-03-01 14:23:00,MCRB,1.2301000356674194,1.2301000356674194,1.238700032234192,1.2301000356674194,1.238700032234192,2700.0
2024-03-01 14:23:00,MDGL,250.1300048828125,250.1300048828125,250.30999755859375,250.1300048828125,250.30999755859375,947.0
2024-03-01 14:23:00,MDRX,6.039999961853027,6.039999961853027,6.039999961853027,5.989999771118164,6.039999961853027,69670.0
2024-03-01 14:23:00,MDXG,8.675000190734863,8.675000190734863,8.6899995803833,8.675000190734863,8.6850004196167,5754.0
2024-03-01 14:23:00,ME,0.5649999976158142,0.5649999976158142,0.5649999976158142,0.5598000288009644,0.5600000023841858,15428.0
2024-03-01 14:23:00,MGNX,19.235000610351562,19.235000610351562,19.235000610351562,19.229999542236328,19.229999542236328,2530.0
2024-03-01 14:23:00,MLTX,50.70000076293945,50.70000076293945,50.70000076293945,50.630001068115234,50.63999938964844,2464.0
2024-03-01 14:23:00,MMSI,76.27999877929688,76.27999877929688,76.27999877929688,76.2699966430664,76.2699966430664,1064.0
2024-03-01 14:23:00,MNKD,4.514999866485596,4.514999866485596,4.519999980926514,4.514999866485596,4.519999980926514,5728.0
2024-03-01 14:23:00,MNMD,6.239999771118164,6.239999771118164,6.241399765014648,6.239999771118164,6.239999771118164,490.0
2024-03-01 14:23:00,MNPR,0.8725000023841858,0.8725000023841858,0.8725000023841858,0.8725000023841858,0.8725000023841858,109.0
2024-03-01 14:23:00,MODD,1.8849999904632568,1.8849999904632568,1.8849999904632568,1.8849999904632568,1.8849999904632568,400.0
2024-03-01 14:23:00,MODV,28.079999923706055,28.079999923706055,28.079999923706055,28.014999389648438,28.014999389648438,352.0
2024-03-01 14:23:00,MORF,39.6349983215332,39.6349983215332,39.6349983215332,39.6349983215332,39.6349983215332,145.0
2024-03-01 14:23:00,MREO,4.014999866485596,4.014999866485596,4.014999866485596,4.014999866485596,4.014999866485596,100.0
2024-03-01 14:23:00,MRKR,3.6700000762939453,3.6700000762939453,3.6700000762939453,3.6700000762939453,3.6700000762939453,104.0
2024-03-01 14:23:00,MRNA,95.05500030517578,95.05500030517578,95.20999908447266,95.02999877929688,95.20999908447266,7957.0
2024-03-01 14:23:00,MRNS,10.390000343322754,10.390000343322754,10.420000076293945,10.390000343322754,10.420000076293945,6581.0
2024-03-01 14:23:00,MRSN,5.985000133514404,5.985000133514404,5.994999885559082,5.980000019073486,5.994999885559082,5340.0
2024-03-01 14:23:00,MRUS,51.09000015258789,51.09000015258789,51.130001068115234,51.060001373291016,51.130001068115234,3070.0
2024-03-01 14:23:00,MRVI,7.795000076293945,7.795000076293945,7.800000190734863,7.784999847412109,7.784999847412109,3710.0
2024-03-01 14:23:00,MYGN,22.092500686645508,22.092500686645508,22.149999618530273,22.06999969482422,22.100000381469727,6502.0
2024-03-01 14:23:00,NARI,45.68000030517578,45.68000030517578,45.7599983215332,45.68000030517578,45.689998626708984,850.0
2024-03-01 14:23:00,NBIX,131.4600067138672,131.4600067138672,131.50999450683594,131.44000244140625,131.4499969482422,4073.0
2024-03-01 14:23:00,NDRA,1.162500023841858,1.162500023841858,1.162500023841858,1.162500023841858,1.162500023841858,299.0
2024-03-01 14:23:00,NEO,16.100000381469727,16.100000381469727,16.114999771118164,16.100000381469727,16.114999771118164,1307.0
2024-03-01 14:23:00,NEOG,17.3700008392334,17.3700008392334,17.399999618530273,17.3700008392334,17.389999389648438,3416.0
2024-03-01 14:23:00,NERV,2.640000104904175,2.640000104904175,2.640000104904175,2.640000104904175,2.640000104904175,100.0
2024-03-01 14:23:00,NKTR,0.7799999713897705,0.7799999713897705,0.7799999713897705,0.7746999859809875,0.7746999859809875,3322.0
2024-03-01 14:23:00,NNOX,10.84000015258789,10.84000015258789,10.864999771118164,10.84000015258789,10.864999771118164,6525.0
2024-03-01 14:23:00,NRBO,6.175000190734863,6.175000190734863,6.224999904632568,6.175000190734863,6.224999904632568,15814.0
2024-03-01 14:23:00,NRIX,13.630000114440918,13.630000114440918,13.640000343322754,13.630000114440918,13.640000343322754,1043.0
2024-03-01 14:23:00,NRXP,0.41609999537467957,0.41609999537467957,0.41609999537467957,0.41609999537467957,0.41609999537467957,205.0
2024-03-01 14:23:00,NTLA,33.47999954223633,33.47999954223633,33.529300689697266,33.47999954223633,33.529300689697266,2605.0
2024-03-01 14:23:00,NTRA,89.13999938964844,89.13999938964844,89.19999694824219,89.11000061035156,89.19999694824219,4064.0
2024-03-01 14:23:00,NVAX,5.2692999839782715,5.2692999839782715,5.28000020980835,5.260000228881836,5.28000020980835,14318.0
2024-03-01 14:23:00,OCGN,0.9510999917984009,0.9510999917984009,0.9510999917984009,0.9510999917984009,0.9510999917984009,12482.0
2024-03-01 14:23:00,OCUL,10.729999542236328,10.729999542236328,10.75,10.729999542236328,10.75,1599.0
2024-03-01 14:23:00,OFIX,12.90999984741211,12.90999984741211,12.90999984741211,12.90999984741211,12.90999984741211,653.0
2024-03-01 14:23:00,OGI,2.174999952316284,2.174999952316284,2.174999952316284,2.174999952316284,2.174999952316284,900.0
2024-03-01 14:23:00,OLK,22.90999984741211,22.90999984741211,22.90999984741211,22.905000686645508,22.905000686645508,358.0
2024-03-01 14:23:00,OM,3.1700000762939453,3.1700000762939453,3.180000066757202,3.1700000762939453,3.180000066757202,2278.0
2024-03-01 14:23:00,OMCL,26.454999923706055,26.454999923706055,26.489999771118164,26.454999923706055,26.459999084472656,2567.0
2024-03-01 14:23:00,OMER,4.809999942779541,4.809999942779541,4.809999942779541,4.809999942779541,4.809999942779541,123.0
2024-03-01 14:23:00,OMGA,4.409900188446045,4.409900188446045,4.409900188446045,4.409900188446045,4.409900188446045,210.0
2024-03-01 14:24:00,AADI,1.9950000047683716,1.9950000047683716,1.9950000047683716,1.9950000047683716,1.9950000047683716,100.0
2024-03-01 14:24:00,ABCL,5.144999980926514,5.144999980926514,5.150000095367432,5.144999980926514,5.150000095367432,642.0
2024-03-01 14:24:00,ABEO,7.789999961853027,7.789999961853027,7.789999961853027,7.769999980926514,7.789999961853027,3492.0
2024-03-01 14:24:00,ABOS,4.630000114440918,4.630000114440918,4.630000114440918,4.625,4.630000114440918,4130.0
2024-03-01 14:24:00,ABSI,5.519999980926514,5.519999980926514,5.53000020980835,5.440000057220459,5.440000057220459,58624.0
2024-03-01 14:24:00,ABUS,2.75,2.75,2.759999990463257,2.75,2.759999990463257,1870.0
2024-03-01 14:24:00,ABVC,1.2000000476837158,1.2000000476837158,1.2000000476837158,1.2000000476837158,1.2000000476837158,251.0
2024-03-01 14:24:00,ACAD,24.235000610351562,24.235000610351562,24.2450008392334,24.219999313354492,24.2450008392334,3406.0
2024-03-01 14:24:00,ACB,3.190000057220459,3.190000057220459,3.190000057220459,3.184999942779541,3.184999942779541,357.0
2024-03-01 14:24:00,ACCD,10.09000015258789,10.09000015258789,10.09000015258789,10.085000038146973,10.09000015258789,567.0
2024-03-01 14:24:00,ACET,2.4000000953674316,2.4000000953674316,2.4049999713897705,2.4000000953674316,2.4049999713897705,2342.0
2024-03-01 14:24:00,ACHC,84.2699966430664,84.2699966430664,84.31749725341797,84.26000213623047,84.26000213623047,552.0
2024-03-01 14:24:00,ACHL,1.3698999881744385,1.3698999881744385,1.3698999881744385,1.3693000078201294,1.3693000078201294,1747.0
2024-03-01 14:24:00,ACLX,68.5199966430664,68.5199966430664,68.5199966430664,68.5199966430664,68.5199966430664,1104.0
2024-03-01 14:24:00,ACRS,1.2350000143051147,1.2350000143051147,1.2400000095367432,1.2300000190734863,1.2400000095367432,11201.0
2024-03-01 14:24:00,ADAP,1.590999960899353,1.590999960899353,1.600000023841858,1.590999960899353,1.600000023841858,2913.0
2024-03-01 14:24:00,ADIL,3.430000066757202,3.430000066757202,3.45989990234375,3.3910000324249268,3.430000066757202,68265.0
2024-03-01 14:24:00,ADMA,5.545000076293945,5.545000076293945,5.550000190734863,5.539999961853027,5.546000003814697,8091.0
2024-03-01 14:24:00,ADPT,4.090000152587891,4.090000152587891,4.099999904632568,4.079999923706055,4.090000152587891,10365.0
2024-03-01 14:24:00,ADVM,1.9800000190734863,1.9800000190734863,1.9800000190734863,1.9800000190734863,1.9800000190734863,5067.0
2024-03-01 14:24:00,AFMD,0.675000011920929,0.675000011920929,0.6751000285148621,0.675000011920929,0.6751000285148621,1301.0
2024-03-01 14:24:00,AGEN,0.6703749895095825,0.6703749895095825,0.6704000234603882,0.6703000068664551,0.6703749895095825,6929.0
2024-03-01 14:24:00,AGIO,32.7400016784668,32.7400016784668,32.75,32.70000076293945,32.75,1832.0
2024-03-01 14:24:00,AHCO,10.505000114440918,10.505000114440918,10.505000114440918,10.494999885559082,10.505000114440918,5332.0
2024-03-01 14:24:00,AKAN,0.210999995470047,0.210999995470047,0.21359999477863312,0.210999995470047,0.21359999477863312,3676.0
2024-03-01 14:24:00,AKBA,1.690000057220459,1.690000057220459,1.690000057220459,1.684999942779541,1.684999942779541,3813.0
2024-03-01 14:24:00,AKRO,29.389999389648438,29.389999389648438,29.514999389648438,29.389999389648438,29.514999389648438,2278.0
2024-03-01 14:24:00,ALDX,4.300000190734863,4.300000190734863,4.309999942779541,4.300000190734863,4.309999942779541,1859.0
2024-03-01 14:24:00,ALEC,7.505000114440918,7.505000114440918,7.505000114440918,7.494999885559082,7.505000114440918,4137.0
2024-03-01 14:24:00,ALGN,301.80999755859375,301.80999755859375,301.80999755859375,301.4700012207031,301.4700012207031,978.0
2024-03-01 14:24:00,ALGS,1.0801000595092773,1.0801000595092773,1.089900016784668,1.0800000429153442,1.0800000429153442,10855.0
2024-03-01 14:24:00,ALHC,5.739999771118164,5.739999771118164,5.739999771118164,5.730000019073486,5.730000019073486,1082.0
2024-03-01 14:24:00,ALKS,30.2450008392334,30.2450008392334,30.2450008392334,30.239999771118164,30.239999771118164,2255.0
2024-03-01 14:24:00,ALLK,1.659999966621399,1.659999966621399,1.6699999570846558,1.659999966621399,1.6699999570846558,7425.0
2024-03-01 14:24:00,ALLO,5.03000020980835,5.03000020980835,5.03000020980835,5.019999980926514,5.019999980926514,919.0
2024-03-01 14:24:00,ALLR,0.41190001368522644,0.41190001368522644,0.41190001368522644,0.4099999964237213,0.4099999964237213,1611.0
2024-03-01 14:24:00,ALNY,153.39500427246094,153.39500427246094,153.48019409179688,153.36500549316406,153.3800048828125,1075.0
2024-03-01 14:24:00,ALPN,36.04999923706055,36.04999923706055,36.04999923706055,36.02000045776367,36.040000915527344,2114.0
2024-03-01 14:24:00,ALT,12.079999923706055,12.079999923706055,12.085000038146973,12.0600004196167,12.079999923706055,4523.0
2024-03-01 14:24:00,ALVR,0.7562999725341797,0.7562999725341797,0.7565000057220459,0.7562999725341797,0.7565000057220459,6787.0
2024-03-01 14:24:00,ALXO,15.074999809265137,15.074999809265137,15.074999809265137,15.074999809265137,15.074999809265137,122.0
2024-03-01 14:24:00,AMED,93.45999908447266,93.45999908447266,93.48999786376953,93.45500183105469,93.48999786376953,472.0
2024-03-01 14:24:00,AMGN,280.94000244140625,280.94000244140625,280.94000244140625,280.7799987792969,280.82501220703125,3883.0
2024-03-01 14:24:00,AMLX,18.670000076293945,18.670000076293945,18.670000076293945,18.65999984741211,18.670000076293945,1924.0
2024-03-01 14:24:00,AMPH,45.59000015258789,45.59000015258789,45.59000015258789,45.59000015258789,45.59000015258789,717.0
2024-03-01 14:24:00,AMRN,1.0549999475479126,1.0549999475479126,1.0549999475479126,1.0549999475479126,1.0549999475479126,1000.0
2024-03-01 14:24:00,ANIP,66.91999816894531,66.91999816894531,66.91999816894531,66.91999816894531,66.91999816894531,215.0
2024-03-01 14:24:00,ANNX,6.099999904632568,6.099999904632568,6.099999904632568,6.099999904632568,6.099999904632568,100.0
2024-03-01 14:24:00,ANTX,3.009999990463257,3.009999990463257,3.0109000205993652,3.009999990463257,3.0109000205993652,2900.0
2024-03-01 14:24:00,APLS,64.58519744873047,64.58519744873047,64.61000061035156,64.52999877929688,64.5999984741211,2202.0
2024-03-01 14:24:00,APLT,7.099999904632568,7.099999904632568,7.110000133514404,7.099999904632568,7.110000133514404,1300.0
2024-03-01 14:24:00,APVO,0.16019999980926514,0.16019999980926514,0.16019999980926514,0.16019999980926514,0.16019999980926514,100.0
2024-03-01 14:24:00,AQST,4.179800033569336,4.179800033569336,4.179900169372559,4.175000190734863,4.179900169372559,3108.0
2024-03-01 14:24:00,ARCT,39.60499954223633,39.60499954223633,39.60499954223633,39.60499954223633,39.60499954223633,110.0
2024-03-01 14:24:00,ARDX,9.479999542236328,9.479999542236328,9.479999542236328,9.470000267028809,9.475000381469727,2917.0
2024-03-01 14:24:00,ARGX,393.30999755859375,393.30999755859375,393.30999755859375,393.1099853515625,393.25,568.0
2024-03-01 14:24:00,ARQT,11.699999809265137,11.699999809265137,11.75,11.699999809265137,11.75,15342.0
2024-03-01 14:24:00,ARVN,48.57500076293945,48.57500076293945,48.57500076293945,48.540000915527344,48.540000915527344,302.0
2024-03-01 14:24:00,ARWR,35.55500030517578,35.55500030517578,35.58000183105469,35.540000915527344,35.58000183105469,4155.0
2024-03-01 14:24:00,ASND,152.72000122070312,152.72000122070312,152.72000122070312,152.61000061035156,152.6699981689453,1014.0
2024-03-01 14:24:00,ASRT,0.9024999737739563,0.9024999737739563,0.9039999842643738,0.9024999737739563,0.9039999842643738,2677.0
2024-03-01 14:24:00,ATAI,2.1649999618530273,2.1649999618530273,2.1696999073028564,2.1600000858306885,2.1649999618530273,10107.0
2024-03-01 14:24:00,ATEC,13.404999732971191,13.404999732971191,13.404999732971191,13.390000343322754,13.395000457763672,5525.0
2024-03-01 14:24:00,ATRA,0.7904000282287598,0.7904000282287598,0.7904000282287598,0.7874000072479248,0.7883999943733215,600.0
2024-03-01 14:24:00,ATRC,35.834999084472656,35.834999084472656,35.849998474121094,35.83000183105469,35.849998474121094,2788.0
2024-03-01 14:24:00,ATXI,0.15440000593662262,0.15440000593662262,0.15440000593662262,0.15440000593662262,0.15440000593662262,200.0
2024-03-01 14:24:00,ATXS,14.869999885559082,14.869999885559082,14.869999885559082,14.869999885559082,14.869999885559082,811.0
2024-03-01 14:24:00,AUPH,5.824999809265137,5.824999809265137,5.824999809265137,5.809999942779541,5.820000171661377,10568.0
2024-03-01 14:24:00,AUTL,6.340000152587891,6.340000152587891,6.359099864959717,6.340000152587891,6.359099864959717,1055.0
2024-03-01 14:24:00,AVDL,13.25,13.25,13.260000228881836,13.229999542236328,13.229999542236328,19104.0
2024-03-01 14:24:00,AVIR,4.46999979019165,4.46999979019165,4.474999904632568,4.46999979019165,4.474999904632568,2325.0
2024-03-01 14:24:00,AVRO,1.3300000429153442,1.3300000429153442,1.340000033378601,1.3300000429153442,1.340000033378601,201.0
2024-03-01 14:24:00,AVTE,24.239999771118164,24.239999771118164,24.239999771118164,24.239999771118164,24.239999771118164,308.0
2024-03-01 14:24:00,AVXL,5.360000133514404,5.360000133514404,5.360000133514404,5.360000133514404,5.360000133514404,268.0
2024-03-01 14:24:00,AXNX,67.40039825439453,67.40039825439453,67.44499969482422,67.40039825439453,67.44499969482422,1782.0
2024-03-01 14:24:00,AXSM,82.29000091552734,82.29000091552734,82.33000183105469,82.29000091552734,82.29000091552734,1144.0
2024-03-01 14:24:00,AYTU,2.831199884414673,2.831199884414673,2.831199884414673,2.831199884414673,2.831199884414673,301.0
2024-03-01 14:24:00,AZN,64.69999694824219,64.69999694824219,64.69999694824219,64.67500305175781,64.68000030517578,6603.0
2024-03-01 14:24:00,AZTA,66.91999816894531,66.91999816894531,66.93000030517578,66.9000015258789,66.93000030517578,3196.0
2024-03-01 14:24:00,BBIO,36.0,36.0,36.0,35.939998626708984,35.97999954223633,3174.0
2024-03-01 14:24:00,BBLG,2.546099901199341,2.546099901199341,2.546099901199341,2.546099901199341,2.546099901199341,300.0
2024-03-01 14:24:00,BCAB,2.75,2.75,2.75,2.740000009536743,2.740000009536743,909.0
2024-03-01 14:24:00,BCLI,0.3499999940395355,0.3499999940395355,0.3499999940395355,0.3499999940395355,0.3499999940395355,1000.0
2024-03-01 14:24:00,BCRX,5.715000152587891,5.715000152587891,5.71999979019165,5.710000038146973,5.710000038146973,9076.0
2024-03-01 14:24:00,BCYC,25.959999084472656,25.959999084472656,25.979999542236328,25.959999084472656,25.979999542236328,624.0
2024-03-01 14:24:00,BDTX,4.789999961853027,4.789999961853027,4.789999961853027,4.769999980926514,4.769999980926514,3753.0
2024-03-01 14:24:00,BEAM,40.07500076293945,40.07500076293945,40.07500076293945,40.029998779296875,40.06999969482422,1082.0
2024-03-01 14:24:00,BGXX,0.25519999861717224,0.25519999861717224,0.25519999861717224,0.25519999861717224,0.25519999861717224,255.0
2024-03-01 14:24:00,BIIB,221.19520568847656,221.19520568847656,221.28500366210938,221.19520568847656,221.28500366210938,225.0
2024-03-01 14:24:00,BIOL,0.1428000032901764,0.1428000032901764,0.14350000023841858,0.1428000032901764,0.14350000023841858,5037.0
2024-03-01 14:24:00,BIOR,1.1476000547409058,1.1476000547409058,1.1476000547409058,1.1476000547409058,1.1476000547409058,100.0
2024-03-01 14:24:00,BIVI,2.022700071334839,2.022700071334839,2.0299999713897705,2.009999990463257,2.015399932861328,13821.0
2024-03-01 14:24:00,BLFS,18.235000610351562,18.235000610351562,18.235000610351562,18.235000610351562,18.235000610351562,100.0
2024-03-01 14:24:00,BLTE,46.400001525878906,46.400001525878906,46.400001525878906,46.400001525878906,46.400001525878906,415.0
2024-03-01 14:24:00,BLUE,1.5950000286102295,1.5950000286102295,1.5950000286102295,1.590000033378601,1.590000033378601,3185.0
2024-03-01 14:24:00,BMEA,18.229999542236328,18.229999542236328,18.31999969482422,18.229999542236328,18.299999237060547,2476.0
2024-03-01 14:24:00,BMRN,88.0999984741211,88.0999984741211,88.0999984741211,88.0250015258789,88.0250015258789,3358.0
2024-03-01 14:24:00,BNGO,1.2649999856948853,1.2649999856948853,1.2649999856948853,1.2649999856948853,1.2649999856948853,413.0
2024-03-01 14:24:00,BNTX,91.18499755859375,91.18499755859375,91.18499755859375,91.18499755859375,91.18499755859375,695.0
2024-03-01 14:24:00,BPMC,96.77999877929688,96.77999877929688,96.78500366210938,96.7300033569336,96.7300033569336,864.0
2024-03-01 14:24:00,BRKR,88.54000091552734,88.54000091552734,88.54000091552734,88.48999786376953,88.48999786376953,1929.0
2024-03-01 14:24:00,BTAI,3.194999933242798,3.194999933242798,3.194999933242798,3.194999933242798,3.194999933242798,467.0
2024-03-01 14:24:00,BTCY,0.9700000286102295,0.9700000286102295,0.9700000286102295,0.9700000286102295,0.9700000286102295,224.0
2024-03-01 14:24:00,BTTX,0.1808999925851822,0.1808999925851822,0.1808999925851822,0.18080000579357147,0.18080000579357147,8310.0
2024-03-01 14:24:00,CABA,24.024999618530273,24.024999618530273,24.024999618530273,24.024999618530273,24.024999618530273,200.0
2024-03-01 14:24:00,CARA,0.9139000177383423,0.9139000177383423,0.930400013923645,0.9139000177383423,0.930400013923645,19942.0
2024-03-01 14:24:00,CBAY,32.22999954223633,32.22999954223633,32.22999954223633,32.220001220703125,32.224998474121094,48058.0
2024-03-01 14:24:00,CCCC,11.005000114440918,11.005000114440918,11.005000114440918,10.984999656677246,10.989999771118164,6009.0
2024-03-01 14:24:00,CDMO,8.154999732971191,8.154999732971191,8.170000076293945,8.154999732971191,8.170000076293945,2394.0
2024-03-01 14:24:00,CDNA,12.75,12.75,12.75,12.720000267028809,12.734999656677246,8555.0
2024-03-01 14:24:00,CDXS,4.565000057220459,4.565000057220459,4.570000171661377,4.559999942779541,4.570000171661377,2594.0
2024-03-01 14:24:00,CERE,41.095001220703125,41.095001220703125,41.10499954223633,41.09000015258789,41.10499954223633,6530.0
2024-03-01 14:24:00,CERS,2.174999952316284,2.174999952316284,2.180000066757202,2.174999952316284,2.180000066757202,5048.0
2024-03-01 14:24:00,CERT,17.979999542236328,17.979999542236328,17.979999542236328,17.975000381469727,17.979999542236328,540.0
2024-03-01 14:24:00,CGC,3.2249999046325684,3.2249999046325684,3.2249999046325684,3.2200000286102295,3.2249999046325684,10950.0
2024-03-01 14:24:00,CGEM,18.729999542236328,18.729999542236328,18.773000717163086,18.729999542236328,18.773000717163086,1908.0
2024-03-01 14:24:00,CHRS,2.4100000858306885,2.4100000858306885,2.4149999618530273,2.4100000858306885,2.4149999618530273,1565.0
2024-03-01 14:24:00,CKPT,2.190000057220459,2.190000057220459,2.190000057220459,2.190000057220459,2.190000057220459,100.0
2024-03-01 14:24:00,CLDX,52.04499816894531,52.04499816894531,52.04499816894531,52.0,52.04499816894531,4144.0
2024-03-01 14:24:00,CLOV,0.864799976348877,0.864799976348877,0.8676000237464905,0.8636000156402588,0.8636000156402588,56488.0
2024-03-01 14:24:00,CLPT,6.46750020980835,6.46750020980835,6.472599983215332,6.46750020980835,6.472599983215332,1000.0
2024-03-01 14:24:00,CLRB,4.092199802398682,4.092199802398682,4.092199802398682,4.090000152587891,4.090000152587891,3619.0
2024-03-01 14:24:00,CMAX,7.599999904632568,7.599999904632568,7.599999904632568,7.599999904632568,7.599999904632568,125.0
2024-03-01 14:24:00,CMPS,11.65999984741211,11.65999984741211,11.65999984741211,11.645000457763672,11.645000457763672,648.0
2024-03-01 14:24:00,CMRX,1.190000057220459,1.190000057220459,1.2050000429153442,1.190000057220459,1.2050000429153442,6070.0
2024-03-01 14:24:00,CNSP,0.31949999928474426,0.31949999928474426,0.31949999928474426,0.31949999928474426,0.31949999928474426,1001.0
2024-03-01 14:24:00,CNTA,10.890000343322754,10.890000343322754,10.890000343322754,10.890000343322754,10.890000343322754,564.0
2024-03-01 14:24:00,CODX,1.1605000495910645,1.1605000495910645,1.1605000495910645,1.1605000495910645,1.1605000495910645,354.0
2024-03-01 14:24:00,COGT,7.260000228881836,7.260000228881836,7.264999866485596,7.260000228881836,7.264999866485596,466.0
2024-03-01 14:24:00,COLL,36.619998931884766,36.619998931884766,36.619998931884766,36.619998931884766,36.619998931884766,510.0
2024-03-01 14:24:00,CORT,24.290000915527344,24.290000915527344,24.31999969482422,24.290000915527344,24.31999969482422,1909.0
2024-03-01 14:24:00,COSM,0.7975000143051147,0.7975000143051147,0.7975000143051147,0.7975000143051147,0.7975000143051147,330.0
2024-03-01 14:24:00,CPRX,17.170000076293945,17.170000076293945,17.199899673461914,17.149999618530273,17.190000534057617,5674.0
2024-03-01 14:24:00,CPSI,9.5,9.5,9.5,9.5,9.5,233.0
2024-03-01 14:24:00,CRBU,7.909999847412109,7.909999847412109,7.909999847412109,7.889999866485596,7.909999847412109,4141.0
2024-03-01 14:24:00,CRDF,2.5501999855041504,2.5501999855041504,2.579400062561035,2.549999952316284,2.569999933242798,17195.0
2024-03-01 14:24:00,CRDL,1.9500000476837158,1.9500000476837158,1.9600000381469727,1.9500000476837158,1.9600000381469727,4479.0
2024-03-01 14:24:00,CRMD,3.690000057220459,3.690000057220459,3.690000057220459,3.690000057220459,3.690000057220459,2860.0
2024-03-01 14:24:00,CRNX,46.599998474121094,46.599998474121094,46.599998474121094,46.54999923706055,46.560001373291016,1856.0
2024-03-01 14:24:00,CRON,2.0411999225616455,2.0411999225616455,2.049999952316284,2.0411999225616455,2.049999952316284,1251.0
2024-03-01 14:24:00,CRSP,85.47000122070312,85.47000122070312,85.47000122070312,85.38999938964844,85.38999938964844,3275.0
2024-03-01 14:24:00,CRVS,2.190000057220459,2.190000057220459,2.190000057220459,2.190000057220459,2.190000057220459,100.0
2024-03-01 14:24:00,CSTL,19.770000457763672,19.770000457763672,19.84000015258789,19.770000457763672,19.84000015258789,1078.0
2024-03-01 14:24:00,CTKB,9.010000228881836,9.010000228881836,9.010000228881836,9.0,9.0,395.0
2024-03-01 14:24:00,CTMX,2.549999952316284,2.549999952316284,2.555000066757202,2.549999952316284,2.549999952316284,1609.0
2024-03-01 14:24:00,CUTR,2.390700101852417,2.390700101852417,2.390700101852417,2.390700101852417,2.390700101852417,1916.0
2024-03-01 14:24:00,CVAC,3.4749999046325684,3.4749999046325684,3.4749999046325684,3.4649999141693115,3.4693000316619873,23977.0
2024-03-01 14:24:00,CYCC,2.7890000343322754,2.7890000343322754,2.7890000343322754,2.7890000343322754,2.7890000343322754,1000.0
2024-03-01 14:24:00,CYTK,73.5,73.5,73.59500122070312,73.48999786376953,73.59500122070312,2729.0
2024-03-01 14:24:00,CYTO,2.25,2.25,2.2899999618530273,2.25,2.2899999618530273,975.0
2024-03-01 14:24:00,DAWN,17.700000762939453,17.700000762939453,17.700000762939453,17.700000762939453,17.700000762939453,240.0
2024-03-01 14:24:00,DCGO,4.144999980926514,4.144999980926514,4.150000095367432,4.144999980926514,4.150000095367432,3220.0
2024-03-01 14:24:00,DCPH,17.614999771118164,17.614999771118164,17.614999771118164,17.600000381469727,17.610000610351562,1247.0
2024-03-01 14:24:00,DH,8.90999984741211,8.90999984741211,8.90999984741211,8.899999618530273,8.899999618530273,274.0
2024-03-01 14:24:00,DMTK,0.8499000072479248,0.8499000072479248,0.8499000072479248,0.8447999954223633,0.8447999954223633,1283.0
2024-03-01 14:24:00,DNLI,21.395000457763672,21.395000457763672,21.395000457763672,21.360000610351562,21.360000610351562,1270.0
2024-03-01 14:24:00,DTIL,12.470000267028809,12.470000267028809,12.470000267028809,12.454999923706055,12.454999923706055,272.0
2024-03-01 14:24:00,DVAX,12.8149995803833,12.8149995803833,12.829999923706055,12.8149995803833,12.819999694824219,8251.0
2024-03-01 14:24:00,DXCM,121.98179626464844,121.98179626464844,121.98179626464844,121.93000030517578,121.94999694824219,5888.0
2024-03-01 14:24:00,DYAI,1.4377000331878662,1.4377000331878662,1.4377000331878662,1.4377000331878662,1.4377000331878662,493.0
2024-03-01 14:24:00,DYN,29.09000015258789,29.09000015258789,29.149999618530273,29.09000015258789,29.149999618530273,2661.0
2024-03-01 14:24:00,EDIT,10.90999984741211,10.90999984741211,10.90999984741211,10.885000228881836,10.895000457763672,4577.0
2024-03-01 14:24:00,EFTR,16.03499984741211,16.03499984741211,16.1200008392334,15.949999809265137,16.10460090637207,4771.0
2024-03-01 14:24:00,EMBC,14.279999732971191,14.279999732971191,14.279999732971191,14.265000343322754,14.265000343322754,1727.0
2024-03-01 14:24:00,ENTA,15.449999809265137,15.449999809265137,15.449999809265137,15.420000076293945,15.420000076293945,209.0
2024-03-01 14:24:00,ENVB,1.5399999618530273,1.5399999618530273,1.5399999618530273,1.534999966621399,1.534999966621399,2751.0
2024-03-01 14:24:00,EOLS,14.8100004196167,14.8100004196167,14.84000015258789,14.8100004196167,14.84000015258789,3151.0
2024-03-01 14:24:00,EPIX,9.430000305175781,9.430000305175781,9.430000305175781,9.430000305175781,9.430000305175781,225.0
2024-03-01 14:24:00,ERAS,2.5250000953674316,2.5250000953674316,2.5250000953674316,2.5199999809265137,2.5250000953674316,1243.0
2024-03-01 14:24:00,ESPR,2.555000066757202,2.555000066757202,2.555000066757202,2.549999952316284,2.549999952316284,2344.0
2024-03-01 14:24:00,ESTA,44.599998474121094,44.599998474121094,44.68000030517578,44.599998474121094,44.68000030517578,1657.0
2024-03-01 14:24:00,ETNB,12.9399995803833,12.9399995803833,12.949999809265137,12.9399995803833,12.949999809265137,2110.0
2024-03-01 14:24:00,ETON,4.493500232696533,4.493500232696533,4.493500232696533,4.493500232696533,4.493500232696533,125.0
2024-03-01 14:24:00,EXAI,6.659999847412109,6.659999847412109,6.659999847412109,6.650000095367432,6.659999847412109,13094.0
2024-03-01 14:24:00,EXAS,60.060001373291016,60.060001373291016,60.060001373291016,59.95000076293945,59.97999954223633,5148.0
2024-03-01 14:24:00,EXEL,22.469999313354492,22.469999313354492,22.469999313354492,22.46500015258789,22.46500015258789,3778.0
2024-03-01 14:24:00,EYEN,2.3499999046325684,2.3499999046325684,2.3499999046325684,2.3499999046325684,2.3499999046325684,222.0
2024-03-01 14:24:00,EYPT,27.860000610351562,27.860000610351562,27.940000534057617,27.860000610351562,27.940000534057617,1419.0
2024-03-01 14:24:00,FATE,7.770100116729736,7.770100116729736,7.789999961853027,7.760000228881836,7.789999961853027,8714.0
2024-03-01 14:24:00,FBIO,2.3499999046325684,2.3499999046325684,2.3499999046325684,2.3450000286102295,2.3450000286102295,865.0
2024-03-01 14:24:00,FENC,9.869999885559082,9.869999885559082,9.90999984741211,9.869999885559082,9.90999984741211,810.0
2024-03-01 14:24:00,FGEN,1.850000023841858,1.850000023841858,1.8598999977111816,1.850000023841858,1.8598999977111816,2454.0
2024-03-01 14:24:00,FHTX,8.0,8.0,8.0,8.0,8.0,108.0
2024-03-01 14:24:00,FLGT,23.209999084472656,23.209999084472656,23.209999084472656,23.19499969482422,23.19499969482422,306.0
2024-03-01 14:24:00,FOLD,13.390000343322754,13.390000343322754,13.395000457763672,13.385000228881836,13.395000457763672,2505.0
2024-03-01 14:24:00,FULC,11.029999732971191,11.029999732971191,11.029999732971191,11.020000457763672,11.020000457763672,551.0
2024-03-01 14:24:00,FUSN,12.244999885559082,12.244999885559082,12.25,12.244999885559082,12.25,218.0
2024-03-01 14:24:00,FWBI,9.199999809265137,9.199999809265137,9.199999809265137,9.199999809265137,9.199999809265137,637.0
2024-03-01 14:24:00,GBIO,2.630000114440918,2.630000114440918,2.630000114440918,2.630000114440918,2.630000114440918,100.0
2024-03-01 14:24:00,GCTK,0.3098999857902527,0.3098999857902527,0.3098999857902527,0.3098999857902527,0.3098999857902527,100.0
2024-03-01 14:24:00,GDRX,8.385000228881836,8.385000228881836,8.385000228881836,8.369999885559082,8.369999885559082,6729.0
2024-03-01 14:24:00,GERN,2.2750000953674316,2.2750000953674316,2.2750000953674316,2.2699999809265137,2.2750000953674316,24454.0
2024-03-01 14:24:00,GH,19.09000015258789,19.09000015258789,19.098100662231445,19.079999923706055,19.098100662231445,1285.0
2024-03-01 14:24:00,GILD,72.5,72.5,72.5,72.45999908447266,72.47419738769531,9737.0
2024-03-01 14:24:00,GLPG,35.04999923706055,35.04999923706055,35.07500076293945,35.04999923706055,35.07500076293945,632.0
2024-03-01 14:24:00,GLTO,0.7967000007629395,0.7967000007629395,0.8149999976158142,0.7967000007629395,0.8001999855041504,53062.0
2024-03-01 14:24:00,GMAB,29.450000762939453,29.450000762939453,29.459999084472656,29.44499969482422,29.450000762939453,1438.0
2024-03-01 14:24:00,GMDA,0.38670000433921814,0.38670000433921814,0.3869839906692505,0.38670000433921814,0.3869839906692505,5500.0
2024-03-01 14:24:00,GNPX,4.630000114440918,4.630000114440918,4.630000114440918,4.630000114440918,4.630000114440918,416.0
2024-03-01 14:24:00,GOSS,1.4249999523162842,1.4249999523162842,1.4299999475479126,1.4249999523162842,1.4249999523162842,1036.0
2024-03-01 14:24:00,GRFS,7.025000095367432,7.025000095367432,7.025000095367432,7.025000095367432,7.025000095367432,323.0
2024-03-01 14:24:00,GRTS,2.029900074005127,2.029900074005127,2.0299999713897705,2.0199999809265137,2.0299999713897705,14834.0
2024-03-01 14:24:00,GTHX,3.809999942779541,3.809999942779541,3.809999942779541,3.79010009765625,3.799999952316284,10004.0
2024-03-01 14:24:00,HALO,41.529998779296875,41.529998779296875,41.560001373291016,41.5,41.540000915527344,2660.0
2024-03-01 14:24:00,HBIO,4.349999904632568,4.349999904632568,4.349999904632568,4.349999904632568,4.349999904632568,436.0
2024-03-01 14:24:00,HCAT,8.239999771118164,8.239999771118164,8.239999771118164,8.239999771118164,8.239999771118164,429.0
2024-03-01 14:24:00,HCSG,12.680000305175781,12.680000305175781,12.680000305175781,12.680000305175781,12.680000305175781,351.0
2024-03-01 14:24:00,HCTI,2.25,2.25,2.2799999713897705,2.25,2.2799999713897705,1389.0
2024-03-01 14:24:00,HLVX,19.100000381469727,19.100000381469727,19.100000381469727,19.079999923706055,19.100000381469727,720.0
2024-03-01 14:24:00,HOLX,74.35900115966797,74.35900115966797,74.35900115966797,74.33999633789062,74.3499984741211,1879.0
2024-03-01 14:24:00,HQY,81.48999786376953,81.48999786376953,81.48999786376953,81.48999786376953,81.48999786376953,242.0
2024-03-01 14:24:00,HROW,10.899999618530273,10.899999618530273,10.899999618530273,10.899999618530273,10.899999618530273,111.0
2024-03-01 14:24:00,HRTX,2.575000047683716,2.575000047683716,2.5799999237060547,2.569999933242798,2.569999933242798,9453.0
2024-03-01 14:24:00,HSIC,76.83499908447266,76.83499908447266,76.8499984741211,76.83499908447266,76.8499984741211,542.0
2024-03-01 14:24:00,HUMA,3.2300000190734863,3.2300000190734863,3.234999895095825,3.2300000190734863,3.2304999828338623,7211.0
2024-03-01 14:24:00,IART,36.31999969482422,36.31999969482422,36.33000183105469,36.279998779296875,36.31100082397461,4680.0
2024-03-01 14:24:00,IBRX,4.861199855804443,4.861199855804443,4.864999771118164,4.84499979019165,4.849999904632568,8431.0
2024-03-01 14:24:00,ICLR,323.80999755859375,323.80999755859375,323.80999755859375,323.80999755859375,323.80999755859375,221.0
2024-03-01 14:24:00,ICUI,106.12999725341797,106.12999725341797,106.12999725341797,106.0,106.0,898.0
2024-03-01 14:24:00,IDXX,578.52001953125,578.52001953125,579.47998046875,578.52001953125,579.1900024414062,1033.0
2024-03-01 14:24:00,IDYA,46.68000030517578,46.68000030517578,46.70000076293945,46.66999816894531,46.70000076293945,1952.0
2024-03-01 14:24:00,IINN,1.6799999475479126,1.6799999475479126,1.6799999475479126,1.6799999475479126,1.6799999475479126,400.0
2024-03-01 14:24:00,IKT,2.1401000022888184,2.1401000022888184,2.1500000953674316,2.140000104904175,2.140000104904175,674.0
2024-03-01 14:24:00,ILMN,141.77999877929688,141.77999877929688,141.8300018310547,141.75,141.7899932861328,7555.0
2024-03-01 14:24:00,IMCR,67.98500061035156,67.98500061035156,67.98500061035156,67.98500061035156,67.98500061035156,102.0
2024-03-01 14:24:00,IMMX,3.515000104904175,3.515000104904175,3.515000104904175,3.515000104904175,3.515000104904175,100.0
2024-03-01 14:24:00,IMTX,12.864999771118164,12.864999771118164,12.869999885559082,12.864999771118164,12.869999885559082,867.0
2024-03-01 14:24:00,IMVT,35.80500030517578,35.80500030517578,35.810001373291016,35.779998779296875,35.790000915527344,3032.0
2024-03-01 14:24:00,INCY,59.32500076293945,59.32500076293945,59.34000015258789,59.310001373291016,59.32500076293945,4766.0
2024-03-01 14:24:00,INGN,6.699999809265137,6.699999809265137,6.699999809265137,6.699999809265137,6.699999809265137,243.0
2024-03-01 14:24:00,INMD,22.8799991607666,22.8799991607666,22.885000228881836,22.875,22.8799991607666,1436.0
2024-03-01 14:24:00,INSM,28.18000030517578,28.18000030517578,28.18000030517578,28.15999984741211,28.15999984741211,2836.0
2024-03-01 14:24:00,INVA,15.454999923706055,15.454999923706055,15.460000038146973,15.454999923706055,15.460000038146973,580.0
2024-03-01 14:24:00,INZY,6.619999885559082,6.619999885559082,6.619999885559082,6.619999885559082,6.619999885559082,726.0
2024-03-01 14:24:00,IONM,0.34929999709129333,0.34929999709129333,0.34929999709129333,0.34929999709129333,0.34929999709129333,100.0
2024-03-01 14:24:00,IONS,46.005001068115234,46.005001068115234,46.0099983215332,46.0,46.0,1247.0
2024-03-01 14:24:00,IOVA,16.9950008392334,16.9950008392334,16.9950008392334,16.950000762939453,16.9950008392334,52365.0
2024-03-01 14:24:00,IPSC,3.950000047683716,3.950000047683716,3.950000047683716,3.930000066757202,3.930000066757202,310.0
2024-03-01 14:24:00,IRTC,121.0199966430664,121.0199966430664,121.08000183105469,120.87000274658203,121.08000183105469,1937.0
2024-03-01 14:24:00,IRWD,9.069999694824219,9.069999694824219,9.074999809265137,9.069999694824219,9.074999809265137,1366.0
2024-03-01 14:24:00,ISRG,397.69000244140625,397.69000244140625,397.69000244140625,397.04998779296875,397.1099853515625,8154.0
2024-03-01 14:24:00,ITCI,71.94000244140625,71.94000244140625,72.05000305175781,71.94000244140625,72.03500366210938,2327.0
2024-03-01 14:24:00,ITOS,11.34000015258789,11.34000015258789,11.34000015258789,11.322500228881836,11.329999923706055,1729.0
2024-03-01 14:24:00,JAGX,0.08135899901390076,0.08135899901390076,0.08209999650716782,0.08020000159740448,0.08190000057220459,816523.0
2024-03-01 14:24:00,JANX,46.02000045776367,46.02000045776367,46.02000045776367,46.02000045776367,46.02000045776367,259.0
2024-03-01 14:24:00,JAZZ,119.09500122070312,119.09500122070312,119.09500122070312,119.09500122070312,119.09500122070312,911.0
2024-03-01 14:24:00,KALV,14.170000076293945,14.170000076293945,14.175000190734863,14.140000343322754,14.149999618530273,4111.0
2024-03-01 14:24:00,KNSA,21.8700008392334,21.8700008392334,21.8700008392334,21.81999969482422,21.850000381469727,2437.0
2024-03-01 14:24:00,KNTE,2.5999999046325684,2.5999999046325684,2.5999999046325684,2.5999999046325684,2.5999999046325684,737.0
2024-03-01 14:24:00,KOD,6.070000171661377,6.070000171661377,6.079999923706055,6.065000057220459,6.079999923706055,3434.0
2024-03-01 14:24:00,KPTI,1.1800999641418457,1.1800999641418457,1.1800999641418457,1.1800999641418457,1.1800999641418457,1000.0
2024-03-01 14:24:00,KROS,69.81999969482422,69.81999969482422,69.91000366210938,69.80000305175781,69.91000366210938,1290.0
2024-03-01 14:24:00,KRTX,316.3500061035156,316.3500061035156,316.5174865722656,316.3500061035156,316.5174865722656,1201.0
2024-03-01 14:24:00,KRYS,169.44000244140625,169.44000244140625,169.44000244140625,169.03500366210938,169.27999877929688,1972.0
2024-03-01 14:24:00,KURA,21.834999084472656,21.834999084472656,21.834999084472656,21.834999084472656,21.834999084472656,145.0
2024-03-01 14:24:00,KYMR,44.040000915527344,44.040000915527344,44.06999969482422,43.9900016784668,44.06999969482422,4870.0
2024-03-01 14:24:00,KZR,1.087499976158142,1.087499976158142,1.090000033378601,1.0850000381469727,1.0850000381469727,728.0
2024-03-01 14:24:00,LAB,2.4549999237060547,2.4549999237060547,2.4549999237060547,2.450000047683716,2.450000047683716,712.0
2024-03-01 14:24:00,LBPH,21.829999923706055,21.829999923706055,21.829999923706055,21.829999923706055,21.829999923706055,296.0
2024-03-01 14:24:00,LEGN,65.27999877929688,65.27999877929688,65.47000122070312,65.27999877929688,65.4175033569336,4862.0
2024-03-01 14:24:00,LFMD,7.949999809265137,7.949999809265137,7.949999809265137,7.949999809265137,7.949999809265137,100.0
2024-03-01 14:24:00,LFST,7.710000038146973,7.710000038146973,7.7104997634887695,7.704999923706055,7.7104997634887695,5026.0
2024-03-01 14:24:00,LGND,77.99500274658203,77.99500274658203,78.01000213623047,77.99500274658203,78.01000213623047,565.0
2024-03-01 14:24:00,LGVN,0.5458999872207642,0.5458999872207642,0.5458999872207642,0.5458999872207642,0.5458999872207642,100.0
2024-03-01 14:24:00,LIAN,4.875,4.875,4.875,4.875,4.875,200.0
2024-03-01 14:24:00,LIFE,1.909999966621399,1.909999966621399,1.909999966621399,1.909999966621399,1.909999966621399,100.0
2024-03-01 14:24:00,LIVN,55.755001068115234,55.755001068115234,55.810001373291016,55.72999954223633,55.79499816894531,42424.0
2024-03-01 14:24:00,LNTH,64.6698989868164,64.6698989868164,64.6698989868164,64.5,64.5,6392.0
2024-03-01 14:24:00,LQDA,14.720000267028809,14.720000267028809,14.720000267028809,14.720000267028809,14.720000267028809,554.0
2024-03-01 14:24:00,LRMR,11.430000305175781,11.430000305175781,11.430000305175781,11.430000305175781,11.430000305175781,445.0
2024-03-01 14:24:00,LTRN,4.370200157165527,4.370200157165527,4.370200157165527,4.309999942779541,4.349999904632568,619.0
2024-03-01 14:24:00,LUCY,0.3869999945163727,0.3869999945163727,0.3869999945163727,0.3869999945163727,0.3869999945163727,1000.0
2024-03-01 14:24:00,LUNG,9.470000267028809,9.470000267028809,9.470000267028809,9.470000267028809,9.470000267028809,308.0
2024-03-01 14:24:00,LVTX,2.8159000873565674,2.8159000873565674,2.8159000873565674,2.8159000873565674,2.8159000873565674,539.0
2024-03-01 14:24:00,LXRX,2.5199999809265137,2.5199999809265137,2.5199999809265137,2.509999990463257,2.509999990463257,4707.0
2024-03-01 14:24:00,LYEL,3.1600000858306885,3.1600000858306885,3.1700000762939453,3.1600000858306885,3.1649999618530273,16951.0
2024-03-01 14:24:00,LYRA,5.670000076293945,5.670000076293945,5.670000076293945,5.659999847412109,5.659999847412109,802.0
2024-03-01 14:24:00,MACK,14.710000038146973,14.710000038146973,14.710000038146973,14.710000038146973,14.710000038146973,1080.0
2024-03-01 14:24:00,MASI,127.05000305175781,127.05000305175781,127.13999938964844,127.05000305175781,127.05000305175781,1206.0
2024-03-01 14:24:00,MCRB,1.2309999465942383,1.2309999465942383,1.2400000095367432,1.2309999465942383,1.2350000143051147,14061.0
2024-03-01 14:24:00,MDGL,250.06500244140625,250.06500244140625,250.06500244140625,249.99000549316406,250.0,685.0
2024-03-01 14:24:00,MDRX,5.989999771118164,5.989999771118164,6.039999961853027,5.989999771118164,5.989999771118164,37295.0
2024-03-01 14:24:00,MDXG,8.670000076293945,8.670000076293945,8.675000190734863,8.670000076293945,8.670000076293945,2183.0
2024-03-01 14:24:00,ME,0.5647000074386597,0.5647000074386597,0.5667999982833862,0.5647000074386597,0.5667999982833862,509.0
2024-03-01 14:24:00,MEDP,400.4800109863281,400.4800109863281,400.4800109863281,400.4800109863281,400.4800109863281,504.0
2024-03-01 14:24:00,MEIP,4.199999809265137,4.199999809265137,4.199999809265137,4.199999809265137,4.199999809265137,185.0
2024-03-01 14:24:00,MGNX,19.219999313354492,19.219999313354492,19.219999313354492,19.219999313354492,19.219999313354492,706.0
2024-03-01 14:24:00,MIRM,29.75,29.75,29.770000457763672,29.739999771118164,29.760000228881836,2902.0
2024-03-01 14:24:00,MLTX,50.66999816894531,50.66999816894531,50.66999816894531,50.66999816894531,50.66999816894531,525.0
2024-03-01 14:24:00,MNKD,4.519999980926514,4.519999980926514,4.519999980926514,4.514999866485596,4.519899845123291,1493.0
2024-03-01 14:24:00,MNMD,6.201000213623047,6.201000213623047,6.239999771118164,6.190000057220459,6.239999771118164,5711.0
2024-03-01 14:24:00,MODD,1.8849999904632568,1.8849999904632568,1.8849999904632568,1.8849999904632568,1.8849999904632568,400.0
2024-03-01 14:24:00,MODV,28.010000228881836,28.010000228881836,28.010000228881836,28.010000228881836,28.010000228881836,352.0
2024-03-01 14:24:00,MOR,17.559999465942383,17.559999465942383,17.559999465942383,17.545000076293945,17.549999237060547,796.0
2024-03-01 14:24:00,MORF,39.59000015258789,39.59000015258789,39.6349983215332,39.560001373291016,39.6349983215332,3266.0
2024-03-01 14:24:00,MREO,4.014999866485596,4.014999866485596,4.019999980926514,4.010000228881836,4.014999866485596,6025.0
2024-03-01 14:24:00,MRNA,95.0199966430664,95.0199966430664,95.08000183105469,94.94000244140625,95.02999877929688,14266.0
2024-03-01 14:24:00,MRSN,6.010000228881836,6.010000228881836,6.010000228881836,5.985000133514404,5.985000133514404,5784.0
2024-03-01 14:24:00,MRUS,51.119998931884766,51.119998931884766,51.119998931884766,51.09000015258789,51.09000015258789,2128.0
2024-03-01 14:24:00,MRVI,7.800000190734863,7.800000190734863,7.800000190734863,7.784999847412109,7.795000076293945,8652.0
2024-03-01 14:24:00,MTEM,3.619999885559082,3.619999885559082,3.619999885559082,3.619999885559082,3.619999885559082,198.0
2024-03-01 14:24:00,MYGN,22.104999542236328,22.104999542236328,22.1299991607666,22.104999542236328,22.1299991607666,256.0
2024-03-01 14:24:00,NARI,45.7400016784668,45.7400016784668,45.7400016784668,45.720001220703125,45.720001220703125,1148.0
2024-03-01 14:24:00,NBIX,131.2899932861328,131.2899932861328,131.3699951171875,131.2899932861328,131.3699951171875,512.0
2024-03-01 14:24:00,NEO,16.079999923706055,16.079999923706055,16.09000015258789,16.079999923706055,16.09000015258789,785.0
2024-03-01 14:24:00,NEOG,17.3799991607666,17.3799991607666,17.3799991607666,17.350000381469727,17.360000610351562,3736.0
2024-03-01 14:24:00,NGM,1.5199999809265137,1.5199999809265137,1.5199999809265137,1.5199999809265137,1.5199999809265137,3275.0
2024-03-01 14:24:00,NNOX,10.830100059509277,10.830100059509277,10.84000015258789,10.819999694824219,10.84000015258789,7074.0
2024-03-01 14:24:00,NOTV,8.119999885559082,8.119999885559082,8.119999885559082,8.119999885559082,8.119999885559082,748.0
2024-03-01 14:24:00,NRBO,6.183199882507324,6.183199882507324,6.199999809265137,6.175000190734863,6.199999809265137,1100.0
2024-03-01 14:24:00,NRIX,13.600000381469727,13.600000381469727,13.609999656677246,13.600000381469727,13.604999542236328,1084.0
2024-03-01 14:24:00,NRSN,2.04830002784729,2.04830002784729,2.04830002784729,2.04830002784729,2.04830002784729,665.0
2024-03-01 14:24:00,NTLA,33.4900016784668,33.4900016784668,33.4900016784668,33.43000030517578,33.45909881591797,2984.0
2024-03-01 14:24:00,NTRA,89.18000030517578,89.18000030517578,89.19000244140625,89.0999984741211,89.13999938964844,9103.0
2024-03-01 14:24:00,NUVL,87.27999877929688,87.27999877929688,87.41500091552734,87.27999877929688,87.41500091552734,640.0
2024-03-01 14:24:00,NVAX,5.275000095367432,5.275000095367432,5.275000095367432,5.264999866485596,5.264999866485596,7040.0
2024-03-01 14:24:00,NVCR,16.030000686645508,16.030000686645508,16.030000686645508,15.979999542236328,16.030000686645508,4458.0
2024-03-01 14:24:00,NXTC,1.7999999523162842,1.7999999523162842,1.7999999523162842,1.7999999523162842,1.7999999523162842,100.0
2024-03-01 14:24:00,OCGN,0.9510999917984009,0.9510999917984009,0.9549000263214111,0.9510999917984009,0.9531000256538391,1408.0
2024-03-01 14:24:00,OCUL,10.71500015258789,10.71500015258789,10.729999542236328,10.71500015258789,10.729999542236328,1828.0
2024-03-01 14:24:00,OGI,2.174999952316284,2.174999952316284,2.174999952316284,2.174999952316284,2.174999952316284,475.0
2024-03-01 14:24:00,OLK,22.969999313354492,22.969999313354492,22.979999542236328,22.90999984741211,22.90999984741211,11969.0
2024-03-01 14:24:00,OLMA,14.920000076293945,14.920000076293945,14.920000076293945,14.880000114440918,14.895000457763672,2128.0
2024-03-01 14:24:00,OM,3.180000066757202,3.180000066757202,3.180000066757202,3.174999952316284,3.174999952316284,2529.0
2024-03-01 14:24:00,OMER,4.809999942779541,4.809999942779541,4.809999942779541,4.800000190734863,4.809999942779541,2767.0
2024-03-01 14:24:00,OMGA,4.400000095367432,4.400000095367432,4.400000095367432,4.400000095367432,4.400000095367432,512.0
2024-03-01 14:24:00,OMIC,0.607450008392334,0.607450008392334,0.607450008392334,0.607450008392334,0.607450008392334,106.0
2024-03-01 14:24:00,ONCY,1.1500999927520752,1.1500999927520752,1.1505999565124512,1.1500999927520752,1.1505999565124512,597.0
2024-03-01 14:25:00,ABCL,5.15500020980835,5.15500020980835,5.15500020980835,5.139999866485596,5.144999980926514,4958.0
2024-03-01 14:25:00,ABSI,5.519999980926514,5.519999980926514,5.5482001304626465,5.519999980926514,5.53000020980835,6430.0
2024-03-01 14:25:00,ACAD,24.235000610351562,24.235000610351562,24.235000610351562,24.229999542236328,24.235000610351562,633.0
2024-03-01 14:25:00,ACB,3.200000047683716,3.200000047683716,3.200000047683716,3.184999942779541,3.190000057220459,1486.0
2024-03-01 14:25:00,ACCD,10.09000015258789,10.09000015258789,10.09000015258789,10.09000015258789,10.09000015258789,121.0
2024-03-01 14:25:00,ACET,2.4049999713897705,2.4049999713897705,2.4049999713897705,2.4049999713897705,2.4049999713897705,189.0
2024-03-01 14:25:00,ACHV,4.349999904632568,4.349999904632568,4.349999904632568,4.349999904632568,4.349999904632568,113.0
2024-03-01 14:25:00,ACIU,3.9100000858306885,3.9100000858306885,3.9100000858306885,3.9100000858306885,3.9100000858306885,1449.0
2024-03-01 14:25:00,ACRS,1.2300000190734863,1.2300000190734863,1.2400000095367432,1.2300000190734863,1.2300000190734863,1225.0
2024-03-01 14:25:00,ADIL,3.469899892807007,3.469899892807007,3.490000009536743,3.4381000995635986,3.45989990234375,40320.0
2024-03-01 14:25:00,ADMA,5.545000076293945,5.545000076293945,5.550000190734863,5.545000076293945,5.545000076293945,1790.0
2024-03-01 14:25:00,ADPT,4.099999904632568,4.099999904632568,4.099999904632568,4.09499979019165,4.09499979019165,5937.0
2024-03-01 14:25:00,ADVM,1.9800000190734863,1.9800000190734863,1.9850000143051147,1.975000023841858,1.975000023841858,3109.0
2024-03-01 14:25:00,AEMD,1.7400000095367432,1.7400000095367432,1.7400000095367432,1.7400000095367432,1.7400000095367432,251.0
2024-03-01 14:25:00,AFIB,0.21040000021457672,0.21040000021457672,0.21040000021457672,0.21040000021457672,0.21040000021457672,6010.0
2024-03-01 14:25:00,AGEN,0.6701250076293945,0.6701250076293945,0.6703749895095825,0.6700000166893005,0.6703749895095825,58013.0
2024-03-01 14:25:00,AGIO,32.7599983215332,32.7599983215332,32.7599983215332,32.73500061035156,32.73500061035156,731.0
2024-03-01 14:25:00,AHCO,10.5,10.5,10.505000114440918,10.5,10.5,514.0
2024-03-01 14:25:00,AIRS,6.440000057220459,6.440000057220459,6.440000057220459,6.440000057220459,6.440000057220459,100.0
2024-03-01 14:25:00,AKAN,0.210999995470047,0.210999995470047,0.210999995470047,0.210999995470047,0.210999995470047,2000.0
2024-03-01 14:25:00,AKBA,1.6799999475479126,1.6799999475479126,1.684999942779541,1.6799999475479126,1.684999942779541,16035.0
2024-03-01 14:25:00,AKRO,29.329999923706055,29.329999923706055,29.360000610351562,29.329999923706055,29.360000610351562,433.0
2024-03-01 14:25:00,ALEC,7.505000114440918,7.505000114440918,7.505000114440918,7.505000114440918,7.505000114440918,273.0
2024-03-01 14:25:00,ALHC,5.739999771118164,5.739999771118164,5.739999771118164,5.739999771118164,5.739999771118164,436.0
2024-03-01 14:25:00,ALKS,30.239999771118164,30.239999771118164,30.25,30.239999771118164,30.25,2561.0
2024-03-01 14:25:00,ALLK,1.6649999618530273,1.6649999618530273,1.6699999570846558,1.6649999618530273,1.6699999570846558,410.0
2024-03-01 14:25:00,ALLO,5.019999980926514,5.019999980926514,5.025000095367432,5.019999980926514,5.025000095367432,923.0
2024-03-01 14:25:00,ALPN,36.05500030517578,36.05500030517578,36.07749938964844,36.05500030517578,36.060001373291016,806.0
2024-03-01 14:25:00,ALT,12.104999542236328,12.104999542236328,12.114999771118164,12.074999809265137,12.079999923706055,28174.0
2024-03-01 14:25:00,ALVR,0.7560999989509583,0.7560999989509583,0.7563999891281128,0.7560999989509583,0.7563999891281128,552.0
2024-03-01 14:25:00,ALXO,15.074999809265137,15.074999809265137,15.074999809265137,15.074999809265137,15.074999809265137,323.0
2024-03-01 14:25:00,AMED,93.5,93.5,93.5,93.48999786376953,93.48999786376953,2799.0
2024-03-01 14:25:00,AMGN,281.0,281.0,281.1300048828125,280.9200134277344,280.95001220703125,8498.0
2024-03-01 14:25:00,AMLX,18.71500015258789,18.71500015258789,18.93000030517578,18.665000915527344,18.665000915527344,19914.0
2024-03-01 14:25:00,AMPH,45.59000015258789,45.59000015258789,45.59000015258789,45.560001373291016,45.57500076293945,4344.0
2024-03-01 14:25:00,AMRN,1.0549999475479126,1.0549999475479126,1.0549999475479126,1.0549999475479126,1.0549999475479126,1446.0
2024-03-01 14:25:00,ANGO,5.505000114440918,5.505000114440918,5.505000114440918,5.505000114440918,5.505000114440918,129.0
2024-03-01 14:25:00,ANNX,6.105000019073486,6.105000019073486,6.119999885559082,6.099999904632568,6.105000019073486,21479.0
2024-03-01 14:25:00,APLS,64.62000274658203,64.62000274658203,64.62000274658203,64.52999877929688,64.52999877929688,4200.0
2024-03-01 14:25:00,APLT,7.099999904632568,7.099999904632568,7.099999904632568,7.099999904632568,7.099999904632568,261.0
2024-03-01 14:25:00,APVO,0.16500000655651093,0.16500000655651093,0.16500000655651093,0.16500000655651093,0.16500000655651093,110.0
2024-03-01 14:25:00,AQST,4.170000076293945,4.170000076293945,4.170300006866455,4.170000076293945,4.170000076293945,4160.0
2024-03-01 14:25:00,ARAY,2.640000104904175,2.640000104904175,2.640000104904175,2.640000104904175,2.640000104904175,103.0
2024-03-01 14:25:00,ARCT,39.64500045776367,39.64500045776367,39.64500045776367,39.64500045776367,39.64500045776367,314.0
2024-03-01 14:25:00,ARDX,9.494999885559082,9.494999885559082,9.494999885559082,9.470000267028809,9.470499992370605,15051.0
2024-03-01 14:25:00,ARGX,392.885009765625,392.885009765625,392.885009765625,392.885009765625,392.885009765625,571.0
2024-03-01 14:25:00,ARQT,11.755000114440918,11.755000114440918,11.755000114440918,11.699999809265137,11.699999809265137,12315.0
2024-03-01 14:25:00,ARVN,48.540000915527344,48.540000915527344,48.540000915527344,48.48500061035156,48.48500061035156,478.0
2024-03-01 14:25:00,ARWR,35.43000030517578,35.43000030517578,35.540000915527344,35.43000030517578,35.529998779296875,11092.0
2024-03-01 14:25:00,ASND,152.77999877929688,152.77999877929688,152.77999877929688,152.77999877929688,152.77999877929688,383.0
2024-03-01 14:25:00,ASRT,0.9049999713897705,0.9049999713897705,0.9049999713897705,0.9049999713897705,0.9049999713897705,100.0
2024-03-01 14:25:00,ATAI,2.1600000858306885,2.1600000858306885,2.1649999618530273,2.1600000858306885,2.1649999618530273,472.0
2024-03-01 14:25:00,ATHA,4.005000114440918,4.005000114440918,4.005000114440918,4.005000114440918,4.005000114440918,100.0
2024-03-01 14:25:00,ATOS,1.0049999952316284,1.0049999952316284,1.0049999952316284,1.0049999952316284,1.0049999952316284,1000.0
2024-03-01 14:25:00,ATRA,0.7904000282287598,0.7904000282287598,0.7904000282287598,0.7904000282287598,0.7904000282287598,307.0
2024-03-01 14:25:00,ATRC,35.84000015258789,35.84000015258789,35.84000015258789,35.84000015258789,35.84000015258789,275.0
2024-03-01 14:25:00,ATXI,0.15440000593662262,0.15440000593662262,0.15440000593662262,0.15440000593662262,0.15440000593662262,202.0
2024-03-01 14:25:00,ATXS,14.9399995803833,14.9399995803833,14.960000038146973,14.850000381469727,14.850000381469727,18866.0
2024-03-01 14:25:00,AUGX,4.53000020980835,4.53000020980835,4.53000020980835,4.525000095367432,4.525000095367432,1134.0
2024-03-01 14:25:00,AUPH,5.821000099182129,5.821000099182129,5.824999809265137,5.820000171661377,5.824999809265137,1494.0
2024-03-01 14:25:00,AURA,9.369999885559082,9.369999885559082,9.380000114440918,9.350000381469727,9.380000114440918,810.0
2024-03-01 14:25:00,AUTL,6.340000152587891,6.340000152587891,6.349999904632568,6.340000152587891,6.349999904632568,938.0
2024-03-01 14:25:00,AVDL,13.25,13.25,13.260000228881836,13.244999885559082,13.255000114440918,6150.0
2024-03-01 14:25:00,AVIR,4.460000038146973,4.460000038146973,4.468999862670898,4.460000038146973,4.468999862670898,608.0
2024-03-01 14:25:00,AVXL,5.355000019073486,5.355000019073486,5.355000019073486,5.355000019073486,5.355000019073486,210.0
2024-03-01 14:25:00,AXNX,67.48999786376953,67.48999786376953,67.48999786376953,67.41500091552734,67.48500061035156,400.0
2024-03-01 14:25:00,AXSM,82.2300033569336,82.2300033569336,82.29000091552734,82.12000274658203,82.29000091552734,7082.0
2024-03-01 14:25:00,AZN,64.70500183105469,64.70500183105469,64.70999908447266,64.69000244140625,64.69999694824219,8441.0
2024-03-01 14:25:00,AZTA,66.91500091552734,66.91500091552734,66.91500091552734,66.91500091552734,66.91500091552734,313.0
2024-03-01 14:25:00,BCDA,0.5774999856948853,0.5774999856948853,0.578000009059906,0.5774999856948853,0.578000009059906,23800.0
2024-03-01 14:25:00,BCEL,0.2653000056743622,0.2653000056743622,0.2681500017642975,0.2653000056743622,0.2681500017642975,1300.0
2024-03-01 14:25:00,BCLI,0.3499999940395355,0.3499999940395355,0.3499999940395355,0.3499999940395355,0.3499999940395355,350.0
2024-03-01 14:25:00,BCRX,5.724999904632568,5.724999904632568,5.735000133514404,5.7108001708984375,5.715000152587891,24299.0
2024-03-01 14:25:00,BDTX,4.78000020980835,4.78000020980835,4.800000190734863,4.775000095367432,4.789100170135498,5958.0
2024-03-01 14:25:00,BEAM,40.11000061035156,40.11000061035156,40.11000061035156,40.095001220703125,40.106300354003906,1644.0
2024-03-01 14:25:00,BIIB,221.25,221.25,221.44000244140625,221.24000549316406,221.3975067138672,8717.0
2024-03-01 14:25:00,BIOL,0.1421000063419342,0.1421000063419342,0.1428000032901764,0.1421000063419342,0.1428000032901764,6226.0
2024-03-01 14:25:00,BIOR,1.1485999822616577,1.1485999822616577,1.1485999822616577,1.1452000141143799,1.1452000141143799,703.0
2024-03-01 14:25:00,BIVI,2.0299999713897705,2.0299999713897705,2.0299999713897705,2.0199999809265137,2.0199999809265137,16522.0
2024-03-01 14:25:00,BLFS,18.21500015258789,18.21500015258789,18.235000610351562,18.209999084472656,18.210100173950195,603.0
2024-03-01 14:25:00,BLTE,46.41999816894531,46.41999816894531,46.52000045776367,46.41999816894531,46.52000045776367,506.0
2024-03-01 14:25:00,BLUE,1.5906000137329102,1.5906000137329102,1.5999000072479248,1.590000033378601,1.5950000286102295,2366.0
2024-03-01 14:25:00,BMEA,18.25,18.25,18.25,18.229999542236328,18.229999542236328,1003.0
2024-03-01 14:25:00,BMRN,88.0999984741211,88.0999984741211,88.0999984741211,88.06999969482422,88.08000183105469,7838.0
2024-03-01 14:25:00,BNR,0.8194000124931335,0.8194000124931335,0.8194000124931335,0.8194000124931335,0.8194000124931335,100.0
2024-03-01 14:25:00,BPMC,96.73999786376953,96.73999786376953,96.73999786376953,96.73999786376953,96.73999786376953,295.0
2024-03-01 14:25:00,BRKR,88.58999633789062,88.58999633789062,88.61000061035156,88.54000091552734,88.54000091552734,1787.0
2024-03-01 14:25:00,BTAI,3.194999933242798,3.194999933242798,3.194999933242798,3.190000057220459,3.190000057220459,302.0
2024-03-01 14:25:00,BTCY,0.9900000095367432,0.9900000095367432,0.9900000095367432,0.9700000286102295,0.9700000286102295,1921.0
2024-03-01 14:25:00,CABA,24.040000915527344,24.040000915527344,24.040000915527344,24.040000915527344,24.040000915527344,286.0
2024-03-01 14:25:00,CBAY,32.22999954223633,32.22999954223633,32.22999954223633,32.220001220703125,32.220001220703125,4318.0
2024-03-01 14:25:00,CCCC,11.005000114440918,11.005000114440918,11.015000343322754,11.005000114440918,11.010000228881836,3215.0
2024-03-01 14:25:00,CCRN,18.219999313354492,18.219999313354492,18.219999313354492,18.219999313354492,18.219999313354492,472.0
2024-03-01 14:25:00,CDMO,8.170000076293945,8.170000076293945,8.170000076293945,8.15999984741211,8.15999984741211,773.0
2024-03-01 14:25:00,CDNA,12.78499984741211,12.78499984741211,12.788999557495117,12.744999885559082,12.744999885559082,5935.0
2024-03-01 14:25:00,CDXS,4.570000171661377,4.570000171661377,4.579999923706055,4.570000171661377,4.570000171661377,2089.0
2024-03-01 14:25:00,CERE,41.092498779296875,41.092498779296875,41.095001220703125,41.092498779296875,41.095001220703125,1053.0
2024-03-01 14:25:00,CERT,17.989999771118164,17.989999771118164,18.030000686645508,17.989999771118164,17.989999771118164,7044.0
2024-03-01 14:25:00,CGC,3.2200000286102295,3.2200000286102295,3.2200000286102295,3.2149999141693115,3.2200000286102295,14925.0
2024-03-01 14:25:00,CGEM,18.725000381469727,18.725000381469727,18.725000381469727,18.68000030517578,18.68000030517578,300.0
2024-03-01 14:25:00,CHRS,2.4200000762939453,2.4200000762939453,2.424999952316284,2.4149999618530273,2.4200000762939453,19665.0
2024-03-01 14:25:00,CJJD,2.869999885559082,2.869999885559082,2.869999885559082,2.869999885559082,2.869999885559082,374.0
2024-03-01 14:25:00,CKPT,2.190000057220459,2.190000057220459,2.2049999237060547,2.190000057220459,2.2049999237060547,201.0
2024-03-01 14:25:00,CLDX,52.11000061035156,52.11000061035156,52.150001525878906,52.04499816894531,52.04499816894531,16221.0
2024-03-01 14:25:00,CLPT,6.485000133514404,6.485000133514404,6.510000228881836,6.485000133514404,6.485000133514404,1315.0
2024-03-01 14:25:00,CLRB,4.090000152587891,4.090000152587891,4.093100070953369,4.090000152587891,4.090000152587891,4916.0
2024-03-01 14:25:00,CMPS,11.680000305175781,11.680000305175781,11.680000305175781,11.65999984741211,11.680000305175781,2225.0
2024-03-01 14:25:00,COGT,7.275000095367432,7.275000095367432,7.275000095367432,7.264999866485596,7.264999866485596,5888.0
2024-03-01 14:25:00,CORT,24.309999465942383,24.309999465942383,24.309999465942383,24.290000915527344,24.290000915527344,1608.0
2024-03-01 14:25:00,CPRX,17.200000762939453,17.200000762939453,17.200000762939453,17.18000030517578,17.18000030517578,3442.0
2024-03-01 14:25:00,CPSI,9.489999771118164,9.489999771118164,9.5,9.489999771118164,9.5,201.0
2024-03-01 14:25:00,CRBU,7.929999828338623,7.929999828338623,7.929999828338623,7.909999847412109,7.920000076293945,841.0
2024-03-01 14:25:00,CRDF,2.549999952316284,2.549999952316284,2.559999942779541,2.5199999809265137,2.559999942779541,33497.0
2024-03-01 14:25:00,CRON,2.0450000762939453,2.0450000762939453,2.049999952316284,2.0450000762939453,2.049999952316284,211.0
2024-03-01 14:25:00,CRSP,85.4800033569336,85.4800033569336,85.4800033569336,85.4800033569336,85.4800033569336,505.0
2024-03-01 14:25:00,CRVS,2.190000057220459,2.190000057220459,2.190000057220459,2.180000066757202,2.1800999641418457,9760.0
2024-03-01 14:25:00,CSTL,19.790000915527344,19.790000915527344,19.790000915527344,19.770000457763672,19.790000915527344,1140.0
2024-03-01 14:25:00,CTKB,9.010000228881836,9.010000228881836,9.010000228881836,9.0,9.00879955291748,3790.0
2024-03-01 14:25:00,CTMX,2.549999952316284,2.549999952316284,2.549999952316284,2.5399999618530273,2.549999952316284,1300.0
2024-03-01 14:25:00,CVAC,3.4749999046325684,3.4749999046325684,3.4749999046325684,3.4749999046325684,3.4749999046325684,1300.0
2024-03-01 14:25:00,CYTK,73.52999877929688,73.52999877929688,73.54000091552734,73.5199966430664,73.5199966430664,611.0
2024-03-01 14:25:00,DAWN,17.709999084472656,17.709999084472656,17.719999313354492,17.700000762939453,17.700000762939453,2220.0
2024-03-01 14:25:00,DCPH,17.635000228881836,17.635000228881836,17.684999465942383,17.614999771118164,17.61949920654297,5663.0
2024-03-01 14:25:00,DH,8.920000076293945,8.920000076293945,8.930000305175781,8.920000076293945,8.920000076293945,2264.0
2024-03-01 14:25:00,DMTK,0.8400999903678894,0.8400999903678894,0.8499000072479248,0.8400999903678894,0.8499000072479248,300.0
2024-03-01 14:25:00,DNLI,21.375,21.375,21.389999389648438,21.375,21.381999969482422,1091.0
2024-03-01 14:25:00,DRIO,1.999899983406067,1.999899983406067,1.999899983406067,1.999899983406067,1.999899983406067,1000.0
2024-03-01 14:25:00,DRRX,1.0,1.0,1.0,1.0,1.0,108.0
2024-03-01 14:25:00,DVAX,12.824999809265137,12.824999809265137,12.824999809265137,12.8149995803833,12.8149995803833,2800.0
2024-03-01 14:25:00,DXCM,121.9000015258789,121.9000015258789,121.98500061035156,121.9000015258789,121.9800033569336,5734.0
2024-03-01 14:25:00,DYN,29.15999984741211,29.15999984741211,29.15999984741211,29.125,29.125,1507.0
2024-03-01 14:25:00,EDIT,10.899999618530273,10.899999618530273,10.90999984741211,10.899999618530273,10.899999618530273,1203.0
2024-03-01 14:25:00,EFTR,16.1299991607666,16.1299991607666,16.1299991607666,16.01569938659668,16.01569938659668,1007.0
2024-03-01 14:25:00,ELEV,5.03000020980835,5.03000020980835,5.041800022125244,5.03000020980835,5.03000020980835,405.0
2024-03-01 14:25:00,ENTA,15.449999809265137,15.449999809265137,15.449999809265137,15.449999809265137,15.449999809265137,145.0
2024-03-01 14:25:00,ENVB,1.5299999713897705,1.5299999713897705,1.5700000524520874,1.5299999713897705,1.5399999618530273,12413.0
2024-03-01 14:25:00,EOLS,14.807900428771973,14.807900428771973,14.807900428771973,14.807900428771973,14.807900428771973,791.0
2024-03-01 14:25:00,ERAS,2.5250000953674316,2.5250000953674316,2.5250000953674316,2.5250000953674316,2.5250000953674316,493.0
2024-03-01 14:25:00,ESPR,2.555000066757202,2.555000066757202,2.555000066757202,2.549999952316284,2.549999952316284,1661.0
2024-03-01 14:25:00,ESTA,44.47999954223633,44.47999954223633,44.52000045776367,44.459999084472656,44.459999084472656,3397.0
2024-03-01 14:25:00,ETNB,12.90999984741211,12.90999984741211,12.949999809265137,12.90999984741211,12.9399995803833,3533.0
2024-03-01 14:25:00,ETON,4.480000019073486,4.480000019073486,4.480000019073486,4.480000019073486,4.480000019073486,430.0
2024-03-01 14:25:00,EVGN,0.9896990060806274,0.9896990060806274,0.9896990060806274,0.9896990060806274,0.9896990060806274,100.0
2024-03-01 14:25:00,EWTX,16.989999771118164,16.989999771118164,16.989999771118164,16.989999771118164,16.989999771118164,226.0
2024-03-01 14:25:00,EXAI,6.659999847412109,6.659999847412109,6.659999847412109,6.659999847412109,6.659999847412109,994.0
2024-03-01 14:25:00,EXAS,60.11000061035156,60.11000061035156,60.11000061035156,60.04999923706055,60.04999923706055,2251.0
2024-03-01 14:25:00,EXEL,22.434999465942383,22.434999465942383,22.46500015258789,22.43000030517578,22.46500015258789,9941.0
2024-03-01 14:25:00,EYEN,2.3550000190734863,2.3550000190734863,2.3550000190734863,2.3550000190734863,2.3550000190734863,181.0
2024-03-01 14:25:00,EYPT,27.809999465942383,27.809999465942383,27.809999465942383,27.809999465942383,27.809999465942383,103.0
2024-03-01 14:25:00,FATE,7.784999847412109,7.784999847412109,7.789999961853027,7.775000095367432,7.775000095367432,3258.0
2024-03-01 14:25:00,FBIO,2.359999895095825,2.359999895095825,2.359999895095825,2.359999895095825,2.359999895095825,4026.0
2024-03-01 14:25:00,FGEN,1.850000023841858,1.850000023841858,1.850000023841858,1.850000023841858,1.850000023841858,1385.0
2024-03-01 14:25:00,FLGT,23.219999313354492,23.219999313354492,23.219999313354492,23.219999313354492,23.219999313354492,801.0
2024-03-01 14:25:00,FOLD,13.395000457763672,13.395000457763672,13.395000457763672,13.390000343322754,13.390000343322754,4816.0
2024-03-01 14:25:00,FULC,11.029999732971191,11.029999732971191,11.029999732971191,11.010000228881836,11.020000457763672,1349.0
2024-03-01 14:25:00,FUSN,12.244999885559082,12.244999885559082,12.244999885559082,12.244999885559082,12.244999885559082,122.0
2024-03-01 14:25:00,FWBI,9.100099563598633,9.100099563598633,9.199999809265137,9.100000381469727,9.199999809265137,2735.0
2024-03-01 14:25:00,GANX,4.630000114440918,4.630000114440918,4.630000114440918,4.630000114440918,4.630000114440918,225.0
2024-03-01 14:25:00,GBIO,2.630000114440918,2.630000114440918,2.640000104904175,2.630000114440918,2.640000104904175,400.0
2024-03-01 14:25:00,GDRX,8.369999885559082,8.369999885559082,8.385000228881836,8.369999885559082,8.385000228881836,1700.0
2024-03-01 14:25:00,GENE,2.3550000190734863,2.3550000190734863,2.3550000190734863,2.3499999046325684,2.3499999046325684,293.0
2024-03-01 14:25:00,GERN,2.2699999809265137,2.2699999809265137,2.2750000953674316,2.2699999809265137,2.2699999809265137,3845.0
2024-03-01 14:25:00,GH,19.100000381469727,19.100000381469727,19.100000381469727,19.09000015258789,19.09000015258789,800.0
2024-03-01 14:25:00,GILD,72.48999786376953,72.48999786376953,72.51000213623047,72.48999786376953,72.5,8171.0
2024-03-01 14:25:00,GLSI,12.600000381469727,12.600000381469727,12.600000381469727,12.600000381469727,12.600000381469727,103.0
2024-03-01 14:25:00,GLTO,0.7967000007629395,0.7967000007629395,0.8033999800682068,0.7918999791145325,0.8033999800682068,8665.0
2024-03-01 14:25:00,GLYC,3.0,3.0,3.0,2.994999885559082,2.994999885559082,308.0
2024-03-01 14:25:00,GMAB,29.439899444580078,29.439899444580078,29.450000762939453,29.43000030517578,29.450000762939453,1884.0
2024-03-01 14:25:00,GMDA,0.38769999146461487,0.38769999146461487,0.38909998536109924,0.38694998621940613,0.38694998621940613,54050.0
2024-03-01 14:25:00,GOSS,1.4249999523162842,1.4249999523162842,1.4249999523162842,1.4199999570846558,1.4249999523162842,2250.0
2024-03-01 14:25:00,GRTS,2.0199999809265137,2.0199999809265137,2.029900074005127,2.0199999809265137,2.029900074005127,6764.0
2024-03-01 14:25:00,GTHX,3.809999942779541,3.809999942779541,3.809999942779541,3.809999942779541,3.809999942779541,100.0
2024-03-01 14:25:00,HALO,41.52479934692383,41.52479934692383,41.52479934692383,41.52479934692383,41.52479934692383,1656.0
2024-03-01 14:25:00,HARP,22.9424991607666,22.9424991607666,22.9424991607666,22.9424991607666,22.9424991607666,104.0
2024-03-01 14:25:00,HCAT,8.220000267028809,8.220000267028809,8.25,8.220000267028809,8.239999771118164,3942.0
2024-03-01 14:25:00,HCSG,12.680000305175781,12.680000305175781,12.680000305175781,12.680000305175781,12.680000305175781,592.0
2024-03-01 14:25:00,HEPA,3.069999933242798,3.069999933242798,3.069999933242798,3.069999933242798,3.069999933242798,230.0
2024-03-01 14:25:00,HLVX,19.094999313354492,19.094999313354492,19.094999313354492,19.094999313354492,19.094999313354492,100.0
2024-03-01 14:25:00,HOLX,74.37999725341797,74.37999725341797,74.37999725341797,74.375,74.375,614.0
2024-03-01 14:25:00,HOOK,0.7802000045776367,0.7802000045776367,0.789900004863739,0.7800999879837036,0.789900004863739,3202.0
2024-03-01 14:25:00,HQY,81.48999786376953,81.48999786376953,81.48999786376953,81.48999786376953,81.48999786376953,256.0
2024-03-01 14:25:00,HRTX,2.590100049972534,2.590100049972534,2.5999999046325684,2.575000047683716,2.575000047683716,18851.0
2024-03-01 14:25:00,HSIC,76.8499984741211,76.8499984741211,76.8499984741211,76.8499984741211,76.8499984741211,255.0
2024-03-01 14:25:00,HUMA,3.234999895095825,3.234999895095825,3.234999895095825,3.2300000190734863,3.230600118637085,14263.0
2024-03-01 14:25:00,IART,36.31999969482422,36.31999969482422,36.31999969482422,36.31999969482422,36.31999969482422,463.0
2024-03-01 14:25:00,IBRX,4.869999885559082,4.869999885559082,4.869999885559082,4.869999885559082,4.869999885559082,523.0
2024-03-01 14:25:00,ICAD,1.850000023841858,1.850000023841858,1.850000023841858,1.850000023841858,1.850000023841858,1009.0
2024-03-01 14:25:00,ICLR,323.80999755859375,323.80999755859375,323.80999755859375,323.3699951171875,323.3699951171875,772.0
2024-03-01 14:25:00,IDXX,580.280029296875,580.280029296875,580.280029296875,579.25,579.52001953125,782.0
2024-03-01 14:25:00,IDYA,46.689998626708984,46.689998626708984,46.70000076293945,46.689998626708984,46.689998626708984,720.0
2024-03-01 14:25:00,IGMS,13.079999923706055,13.079999923706055,13.170000076293945,13.079999923706055,13.170000076293945,639.0
2024-03-01 14:25:00,IINN,1.690000057220459,1.690000057220459,1.690000057220459,1.6899000406265259,1.690000057220459,7103.0
2024-03-01 14:25:00,ILMN,141.82000732421875,141.82000732421875,141.85000610351562,141.74000549316406,141.7949981689453,5814.0
2024-03-01 14:25:00,IMCR,68.0,68.0,68.0,68.0,68.0,247.0
2024-03-01 14:25:00,IMMX,3.529900074005127,3.529900074005127,3.529900074005127,3.515000104904175,3.529900074005127,1733.0
2024-03-01 14:25:00,IMVT,35.814998626708984,35.814998626708984,35.814998626708984,35.814998626708984,35.814998626708984,402.0
2024-03-01 14:25:00,INCY,59.2599983215332,59.2599983215332,59.31999969482422,59.2599983215332,59.31999969482422,2672.0
2024-03-01 14:25:00,INGN,6.699999809265137,6.699999809265137,6.699999809265137,6.699999809265137,6.699999809265137,227.0
2024-03-01 14:25:00,INO,9.699999809265137,9.699999809265137,9.710000038146973,9.699999809265137,9.710000038146973,901.0
2024-03-01 14:25:00,INSM,28.18000030517578,28.18000030517578,28.18000030517578,28.18000030517578,28.18000030517578,1189.0
2024-03-01 14:25:00,INVA,15.449999809265137,15.449999809265137,15.454999923706055,15.449999809265137,15.454999923706055,745.0
2024-03-01 14:25:00,INZY,6.630099773406982,6.630099773406982,6.650000095367432,6.625,6.626999855041504,10925.0
2024-03-01 14:25:00,IOBT,1.8163000345230103,1.8163000345230103,1.8163000345230103,1.8163000345230103,1.8163000345230103,150.0
2024-03-01 14:25:00,IONS,46.0,46.0,46.02000045776367,46.0,46.0,1862.0
2024-03-01 14:25:00,IOVA,16.979999542236328,16.979999542236328,17.010000228881836,16.975000381469727,16.9950008392334,28696.0
2024-03-01 14:25:00,IPSC,3.930000066757202,3.930000066757202,3.930000066757202,3.930000066757202,3.930000066757202,567.0
2024-03-01 14:25:00,IRWD,9.074999809265137,9.074999809265137,9.09000015258789,9.069999694824219,9.074999809265137,18772.0
2024-03-01 14:25:00,ISRG,397.6199951171875,397.6199951171875,397.6400146484375,397.3699951171875,397.6400146484375,6596.0
2024-03-01 14:25:00,ITCI,72.0199966430664,72.0199966430664,72.0199966430664,72.0,72.0,855.0
2024-03-01 14:25:00,JAGX,0.0820000022649765,0.0820000022649765,0.08209999650716782,0.0803999975323677,0.0812000036239624,348155.0
2024-03-01 14:25:00,JANX,45.959999084472656,45.959999084472656,45.9900016784668,45.959999084472656,45.9900016784668,4189.0
2024-03-01 14:25:00,JAZZ,119.19999694824219,119.19999694824219,119.26000213623047,119.0999984741211,119.0999984741211,2734.0
2024-03-01 14:25:00,KNSA,21.860000610351562,21.860000610351562,21.8700008392334,21.84000015258789,21.8700008392334,2662.0
2024-03-01 14:25:00,KNTE,2.5999999046325684,2.5999999046325684,2.5999999046325684,2.5999999046325684,2.5999999046325684,720.0
2024-03-01 14:25:00,KOD,6.070000171661377,6.070000171661377,6.074999809265137,6.070000171661377,6.071800231933594,2497.0
2024-03-01 14:25:00,KPTI,1.1749999523162842,1.1749999523162842,1.184999942779541,1.1749999523162842,1.184999942779541,6759.0
2024-03-01 14:25:00,KRON,1.034999966621399,1.034999966621399,1.0399999618530273,1.034999966621399,1.034999966621399,10623.0
2024-03-01 14:25:00,KRTX,316.3550109863281,316.3550109863281,316.3599853515625,316.3550109863281,316.3599853515625,229.0
2024-03-01 14:25:00,KRYS,169.2050018310547,169.2050018310547,169.2050018310547,169.2050018310547,169.2050018310547,433.0
2024-03-01 14:25:00,KTRA,0.10180000215768814,0.10180000215768814,0.10180000215768814,0.10180000215768814,0.10180000215768814,2200.0
2024-03-01 14:25:00,KURA,21.8799991607666,21.8799991607666,21.8799991607666,21.84000015258789,21.84000015258789,2373.0
2024-03-01 14:25:00,KYMR,44.060001373291016,44.060001373291016,44.060001373291016,44.0099983215332,44.0099983215332,939.0
2024-03-01 14:25:00,KZR,1.0750000476837158,1.0750000476837158,1.090000033378601,1.0700000524520874,1.090000033378601,15602.0
2024-03-01 14:25:00,LAB,2.4600000381469727,2.4600000381469727,2.4700000286102295,2.45989990234375,2.45989990234375,35571.0
2024-03-01 14:25:00,LBPH,21.829999923706055,21.829999923706055,21.829999923706055,21.829999923706055,21.829999923706055,225.0
2024-03-01 14:25:00,LEGN,65.33999633789062,65.33999633789062,65.37000274658203,65.31999969482422,65.31999969482422,1246.0
2024-03-01 14:25:00,LEXX,2.819999933242798,2.819999933242798,2.819999933242798,2.819999933242798,2.819999933242798,818.0
2024-03-01 14:25:00,LFMD,7.940000057220459,7.940000057220459,7.949999809265137,7.940000057220459,7.949999809265137,292.0
2024-03-01 14:25:00,LFST,7.715000152587891,7.715000152587891,7.715000152587891,7.715000152587891,7.715000152587891,608.0
2024-03-01 14:25:00,LIAN,4.880000114440918,4.880000114440918,4.880000114440918,4.875,4.875,4334.0
2024-03-01 14:25:00,LIFE,1.9199999570846558,1.9199999570846558,1.9199999570846558,1.9199999570846558,1.9199999570846558,1247.0
2024-03-01 14:25:00,LIVN,55.84000015258789,55.84000015258789,55.84000015258789,55.7599983215332,55.7599983215332,2223.0
2024-03-01 14:25:00,LNTH,64.66999816894531,64.66999816894531,64.72000122070312,64.63999938964844,64.63999938964844,4226.0
2024-03-01 14:25:00,LPTX,2.890000104904175,2.890000104904175,2.9000000953674316,2.890000104904175,2.9000000953674316,915.0
2024-03-01 14:25:00,LQDA,14.720000267028809,14.720000267028809,14.720000267028809,14.720000267028809,14.720000267028809,274.0
2024-03-01 14:25:00,LUCY,0.3869999945163727,0.3869999945163727,0.3869999945163727,0.3869999945163727,0.3869999945163727,1484.0
2024-03-01 14:25:00,LXRX,2.5109000205993652,2.5109000205993652,2.5199999809265137,2.5109000205993652,2.5199999809265137,3059.0
2024-03-01 14:25:00,LYEL,3.1649999618530273,3.1649999618530273,3.1649999618530273,3.1600000858306885,3.1600000858306885,2112.0
2024-03-01 14:25:00,LYRA,5.659999847412109,5.659999847412109,5.659999847412109,5.659999847412109,5.659999847412109,111.0
2024-03-01 14:25:00,MACK,14.710000038146973,14.710000038146973,14.710000038146973,14.710000038146973,14.710000038146973,224.0
2024-03-01 14:25:00,MASI,127.02999877929688,127.02999877929688,127.02999877929688,127.02999877929688,127.02999877929688,236.0
2024-03-01 14:25:00,MASS,7.360000133514404,7.360000133514404,7.360000133514404,7.360000133514404,7.360000133514404,101.0
2024-03-01 14:25:00,MBOT,1.3250000476837158,1.3250000476837158,1.3250000476837158,1.3250000476837158,1.3250000476837158,2207.0
2024-03-01 14:25:00,MCRB,1.2300000190734863,1.2300000190734863,1.2300000190734863,1.2300000190734863,1.2300000190734863,978.0
2024-03-01 14:25:00,MDGL,250.0,250.0,250.0,250.0,250.0,594.0
2024-03-01 14:25:00,MDRX,5.989999771118164,5.989999771118164,6.039999961853027,5.989999771118164,6.039999961853027,3101.0
2024-03-01 14:25:00,MDXG,8.670000076293945,8.670000076293945,8.670000076293945,8.660799980163574,8.660900115966797,1564.0
2024-03-01 14:25:00,MDXH,3.7200000286102295,3.7200000286102295,3.7300000190734863,3.7200000286102295,3.7300000190734863,264.0
2024-03-01 14:25:00,ME,0.5667999982833862,0.5667999982833862,0.5667999982833862,0.5647000074386597,0.5647000074386597,6095.0
2024-03-01 14:25:00,MEDP,400.3699951171875,400.3699951171875,400.3699951171875,400.3699951171875,400.3699951171875,230.0
2024-03-01 14:25:00,MESO,2.030100107192993,2.030100107192993,2.030100107192993,2.030100107192993,2.030100107192993,303.0
2024-03-01 14:25:00,MGNX,19.1299991607666,19.1299991607666,19.239999771118164,19.1299991607666,19.239999771118164,3219.0
2024-03-01 14:25:00,MMSI,76.3499984741211,76.3499984741211,76.3499984741211,76.3499984741211,76.3499984741211,232.0
2024-03-01 14:25:00,MNKD,4.514999866485596,4.514999866485596,4.519999980926514,4.514999866485596,4.514999866485596,2971.0
2024-03-01 14:25:00,MNMD,6.215000152587891,6.215000152587891,6.215000152587891,6.20389986038208,6.20389986038208,1275.0
2024-03-01 14:25:00,MNPR,0.8700240254402161,0.8700240254402161,0.8700240254402161,0.8700240254402161,0.8700240254402161,1500.0
2024-03-01 14:25:00,MODD,1.8849999904632568,1.8849999904632568,1.8849999904632568,1.8849999904632568,1.8849999904632568,300.0
2024-03-01 14:25:00,MODV,28.0049991607666,28.0049991607666,28.09000015258789,28.0049991607666,28.020000457763672,2716.0
2024-03-01 14:25:00,MORF,39.625,39.625,39.650001525878906,39.625,39.630001068115234,1220.0
2024-03-01 14:25:00,MREO,4.019999980926514,4.019999980926514,4.019999980926514,4.010000228881836,4.010000228881836,2950.0
2024-03-01 14:25:00,MRNA,95.0199966430664,95.0199966430664,95.05999755859375,94.94000244140625,95.0199966430664,9210.0
2024-03-01 14:25:00,MRNS,10.369999885559082,10.369999885559082,10.380000114440918,10.369999885559082,10.380000114440918,2823.0
2024-03-01 14:25:00,MRSN,5.989999771118164,5.989999771118164,6.005000114440918,5.989999771118164,6.0,3295.0
2024-03-01 14:25:00,MRUS,51.119998931884766,51.119998931884766,51.119998931884766,51.11000061035156,51.119998931884766,937.0
2024-03-01 14:25:00,MRVI,7.800000190734863,7.800000190734863,7.800000190734863,7.795000076293945,7.800000190734863,2223.0
2024-03-01 14:25:00,MXCT,4.75,4.75,4.75,4.75,4.75,232.0
2024-03-01 14:25:00,NARI,45.900001525878906,45.900001525878906,45.95500183105469,45.779998779296875,45.81999969482422,6617.0
2024-03-01 14:25:00,NBIX,131.47999572753906,131.47999572753906,131.47999572753906,131.35000610351562,131.35000610351562,2316.0
2024-03-01 14:25:00,NBSE,0.8700000047683716,0.8700000047683716,0.8700000047683716,0.8700000047683716,0.8700000047683716,137.0
2024-03-01 14:25:00,NEO,16.09000015258789,16.09000015258789,16.09000015258789,16.079999923706055,16.079999923706055,1339.0
2024-03-01 14:25:00,NERV,2.6500000953674316,2.6500000953674316,2.6500000953674316,2.6500000953674316,2.6500000953674316,100.0
2024-03-01 14:25:00,NGM,1.5199999809265137,1.5199999809265137,1.5199999809265137,1.5199999809265137,1.5199999809265137,926.0
2024-03-01 14:25:00,NKTR,0.7773500084877014,0.7773500084877014,0.7799999713897705,0.7773500084877014,0.7799999713897705,1713.0
2024-03-01 14:25:00,NNOX,10.849499702453613,10.849499702453613,10.850000381469727,10.835000038146973,10.840100288391113,8500.0
2024-03-01 14:25:00,NRBO,6.289999961853027,6.289999961853027,6.289999961853027,6.199999809265137,6.199999809265137,903.0
2024-03-01 14:25:00,NRIX,13.619999885559082,13.619999885559082,13.619999885559082,13.619999885559082,13.619999885559082,362.0
2024-03-01 14:25:00,NRSN,2.047800064086914,2.047800064086914,2.047800064086914,2.047800064086914,2.047800064086914,213.0
2024-03-01 14:25:00,NRXP,0.4194900095462799,0.4194900095462799,0.4194900095462799,0.4194900095462799,0.4194900095462799,320.0
2024-03-01 14:25:00,NRXPW,0.1599999964237213,0.1599999964237213,0.16009999811649323,0.1599999964237213,0.16009999811649323,600.0
2024-03-01 14:25:00,NTLA,33.494998931884766,33.494998931884766,33.5,33.48500061035156,33.48500061035156,1175.0
2024-03-01 14:25:00,NTRA,89.27999877929688,89.27999877929688,89.33000183105469,89.18499755859375,89.18499755859375,8525.0
2024-03-01 14:25:00,NUVL,87.23999786376953,87.23999786376953,87.23999786376953,87.23999786376953,87.23999786376953,792.0
2024-03-01 14:25:00,NVAX,5.28000020980835,5.28000020980835,5.28000020980835,5.269999980926514,5.275000095367432,14678.0
2024-03-01 14:25:00,NVNO,6.360000133514404,6.360000133514404,6.440000057220459,6.360000133514404,6.440000057220459,1244.0
2024-03-01 14:25:00,NXTC,1.7899999618530273,1.7899999618530273,1.7899999618530273,1.7899999618530273,1.7899999618530273,1200.0
2024-03-01 14:25:00,OCGN,0.950767993927002,0.950767993927002,0.9510999917984009,0.9505000114440918,0.9505000114440918,2510.0
2024-03-01 14:25:00,OCUL,10.734999656677246,10.734999656677246,10.734999656677246,10.720000267028809,10.720000267028809,1411.0
2024-03-01 14:25:00,OLK,22.954999923706055,22.954999923706055,22.96500015258789,22.950000762939453,22.96500015258789,5218.0
2024-03-01 14:25:00,OM,3.184999942779541,3.184999942779541,3.184999942779541,3.184999942779541,3.184999942779541,400.0
2024-03-01 14:25:00,OMGA,4.40880012512207,4.40880012512207,4.409999847412109,4.40880012512207,4.409999847412109,362.0
2024-03-01 14:25:00,ONCY,1.1500999927520752,1.1500999927520752,1.1500999927520752,1.1500999927520752,1.1500999927520752,100.0
2024-03-01 14:26:00,ABCL,5.15500020980835,5.15500020980835,5.15500020980835,5.15500020980835,5.15500020980835,397.0
2024-03-01 14:26:00,ABSI,5.53000020980835,5.53000020980835,5.539999961853027,5.511000156402588,5.511000156402588,2271.0
2024-03-01 14:26:00,ACAD,24.25,24.25,24.25,24.239999771118164,24.239999771118164,2582.0
2024-03-01 14:26:00,ACB,3.1909000873565674,3.1909000873565674,3.1909000873565674,3.1909000873565674,3.1909000873565674,1134.0
2024-03-01 14:26:00,ACCD,10.100000381469727,10.100000381469727,10.100000381469727,10.09000015258789,10.09000015258789,1659.0
2024-03-01 14:26:00,ACET,2.4049999713897705,2.4049999713897705,2.4049999713897705,2.4049999713897705,2.4049999713897705,420.0
2024-03-01 14:26:00,ACHC,84.43000030517578,84.43000030517578,84.47000122070312,84.33000183105469,84.38999938964844,2941.0
2024-03-01 14:26:00,ACHV,4.349999904632568,4.349999904632568,4.360000133514404,4.349999904632568,4.360000133514404,400.0
2024-03-01 14:26:00,ACLX,68.6500015258789,68.6500015258789,68.6500015258789,68.58999633789062,68.58999633789062,1634.0
2024-03-01 14:26:00,ACRS,1.2400000095367432,1.2400000095367432,1.2400000095367432,1.2300000190734863,1.2300000190734863,1040.0
2024-03-01 14:26:00,ADIL,3.490000009536743,3.490000009536743,3.5,3.4583001136779785,3.4784998893737793,106482.0
2024-03-01 14:26:00,ADMA,5.546000003814697,5.546000003814697,5.546000003814697,5.545000076293945,5.545000076293945,1501.0
2024-03-01 14:26:00,ADUS,93.94499969482422,93.94499969482422,93.94499969482422,93.94499969482422,93.94499969482422,152.0
2024-03-01 14:26:00,ADVM,1.9800000190734863,1.9800000190734863,1.9900000095367432,1.975000023841858,1.9800000190734863,11648.0
2024-03-01 14:26:00,AFIB,0.2101999968290329,0.2101999968290329,0.21299999952316284,0.2101999968290329,0.21040000021457672,8595.0
2024-03-01 14:26:00,AFMD,0.6779000163078308,0.6779000163078308,0.6779000163078308,0.6751000285148621,0.6751000285148621,3047.0
2024-03-01 14:26:00,AGEN,0.6700000166893005,0.6700000166893005,0.670199990272522,0.6700000166893005,0.6701499819755554,70393.0
2024-03-01 14:26:00,AGIO,32.77000045776367,32.77000045776367,32.77000045776367,32.77000045776367,32.77000045776367,423.0
2024-03-01 14:26:00,AGRX,0.8399999737739563,0.8399999737739563,0.8399999737739563,0.8399999737739563,0.8399999737739563,106.0
2024-03-01 14:26:00,AHCO,10.505000114440918,10.505000114440918,10.510000228881836,10.5,10.505000114440918,2184.0
2024-03-01 14:26:00,AIH,0.5049999952316284,0.5049999952316284,0.5049999952316284,0.5049999952316284,0.5049999952316284,300.0
2024-03-01 14:26:00,AIRS,6.488999843597412,6.488999843597412,6.488999843597412,6.46999979019165,6.46999979019165,200.0
2024-03-01 14:26:00,AKAN,0.21150000393390656,0.21150000393390656,0.21359999477863312,0.210999995470047,0.210999995470047,8180.0
2024-03-01 14:26:00,AKRO,29.354999542236328,29.354999542236328,29.354999542236328,29.354999542236328,29.354999542236328,251.0
2024-03-01 14:26:00,ALEC,7.505000114440918,7.505000114440918,7.505000114440918,7.505000114440918,7.505000114440918,276.0
2024-03-01 14:26:00,ALGN,302.0899963378906,302.0899963378906,302.0899963378906,302.0299987792969,302.0299987792969,817.0
2024-03-01 14:26:00,ALGS,1.090000033378601,1.090000033378601,1.090000033378601,1.090000033378601,1.090000033378601,3135.0
2024-03-01 14:26:00,ALHC,5.739999771118164,5.739999771118164,5.739999771118164,5.730000019073486,5.730000019073486,351.0
2024-03-01 14:26:00,ALKS,30.2549991607666,30.2549991607666,30.260000228881836,30.25,30.25,3674.0
2024-03-01 14:26:00,ALLK,1.6649999618530273,1.6649999618530273,1.6649999618530273,1.6649999618530273,1.6649999618530273,310.0
2024-03-01 14:26:00,ALLO,5.019999980926514,5.019999980926514,5.019999980926514,5.019999980926514,5.019999980926514,442.0
2024-03-01 14:26:00,ALNY,153.4499969482422,153.4499969482422,153.5,153.4499969482422,153.5,406.0
2024-03-01 14:26:00,ALPN,36.189998626708984,36.189998626708984,36.189998626708984,36.05500030517578,36.05500030517578,1818.0
2024-03-01 14:26:00,ALT,12.09000015258789,12.09000015258789,12.109999656677246,12.09000015258789,12.100000381469727,9191.0
2024-03-01 14:26:00,ALVO,15.640000343322754,15.640000343322754,15.640000343322754,15.640000343322754,15.640000343322754,209.0
2024-03-01 14:26:00,ALVR,0.7562500238418579,0.7562500238418579,0.7562500238418579,0.7560999989509583,0.7560999989509583,600.0
2024-03-01 14:26:00,AMGN,280.989990234375,280.989990234375,281.0150146484375,280.94189453125,280.9700012207031,2536.0
2024-03-01 14:26:00,AMLX,18.700000762939453,18.700000762939453,18.700000762939453,18.700000762939453,18.700000762939453,1252.0
2024-03-01 14:26:00,AMPH,45.58000183105469,45.58000183105469,45.58000183105469,45.56999969482422,45.58000183105469,1266.0
2024-03-01 14:26:00,AMRN,1.0549999475479126,1.0549999475479126,1.0549999475479126,1.0499999523162842,1.0549999475479126,701.0
2024-03-01 14:26:00,ANGO,5.5,5.5,5.5,5.5,5.5,141.0
2024-03-01 14:26:00,ANIP,66.86000061035156,66.86000061035156,66.86000061035156,66.80000305175781,66.80000305175781,467.0
2024-03-01 14:26:00,ANNX,6.110000133514404,6.110000133514404,6.110000133514404,6.110000133514404,6.110000133514404,1461.0
2024-03-01 14:26:00,APLS,64.6449966430664,64.6449966430664,64.6449966430664,64.6449966430664,64.6449966430664,377.0
2024-03-01 14:26:00,APLT,7.070000171661377,7.070000171661377,7.119999885559082,7.070000171661377,7.119999885559082,7841.0
2024-03-01 14:26:00,AQST,4.139999866485596,4.139999866485596,4.159999847412109,4.139999866485596,4.151199817657471,2112.0
2024-03-01 14:26:00,ARAY,2.640000104904175,2.640000104904175,2.6449999809265137,2.640000104904175,2.640000104904175,2796.0
2024-03-01 14:26:00,ARDX,9.494999885559082,9.494999885559082,9.5,9.494999885559082,9.494999885559082,1363.0
2024-03-01 14:26:00,ARGX,393.5199890136719,393.5199890136719,393.5199890136719,393.4549865722656,393.4800109863281,816.0
2024-03-01 14:26:00,ARQT,11.739999771118164,11.739999771118164,11.777799606323242,11.734999656677246,11.760000228881836,13385.0
2024-03-01 14:26:00,ARWR,35.400001525878906,35.400001525878906,35.439998626708984,35.39500045776367,35.42499923706055,12646.0
2024-03-01 14:26:00,ASLN,0.7396000027656555,0.7396000027656555,0.7396000027656555,0.7396000027656555,0.7396000027656555,2092.0
2024-03-01 14:26:00,ASRT,0.9049999713897705,0.9049999713897705,0.9049999713897705,0.9049999713897705,0.9049999713897705,100.0
2024-03-01 14:26:00,ATAI,2.1600000858306885,2.1600000858306885,2.1600000858306885,2.1600000858306885,2.1600000858306885,265.0
2024-03-01 14:26:00,ATEC,13.40999984741211,13.40999984741211,13.40999984741211,13.404999732971191,13.404999732971191,1419.0
2024-03-01 14:26:00,ATNF,3.210599899291992,3.210599899291992,3.210599899291992,3.210599899291992,3.210599899291992,326.0
2024-03-01 14:26:00,ATOS,1.0089999437332153,1.0089999437332153,1.0089999437332153,1.0089999437332153,1.0089999437332153,100.0
2024-03-01 14:26:00,ATRA,0.7883999943733215,0.7883999943733215,0.7904000282287598,0.7883999943733215,0.7904000282287598,2724.0
2024-03-01 14:26:00,ATRC,35.85499954223633,35.85499954223633,35.869998931884766,35.85499954223633,35.86000061035156,2080.0
2024-03-01 14:26:00,ATXI,0.15530000627040863,0.15530000627040863,0.15530000627040863,0.1535000056028366,0.15440000593662262,2872.0
2024-03-01 14:26:00,ATXS,14.960000038146973,14.960000038146973,14.960000038146973,14.925000190734863,14.925000190734863,1435.0
2024-03-01 14:26:00,AUPH,5.824999809265137,5.824999809265137,5.824999809265137,5.824999809265137,5.824999809265137,442.0
2024-03-01 14:26:00,AURA,9.350000381469727,9.350000381469727,9.359999656677246,9.350000381469727,9.350000381469727,1150.0
2024-03-01 14:26:00,AUTL,6.340000152587891,6.340000152587891,6.340000152587891,6.340000152587891,6.340000152587891,330.0
2024-03-01 14:26:00,AVDL,13.25,13.25,13.25,13.25,13.25,1555.0
2024-03-01 14:26:00,AVRO,1.340000033378601,1.340000033378601,1.340000033378601,1.340000033378601,1.340000033378601,1199.0
2024-03-01 14:26:00,AVXL,5.360000133514404,5.360000133514404,5.360000133514404,5.360000133514404,5.360000133514404,324.0
2024-03-01 14:26:00,AXNX,67.41999816894531,67.41999816894531,67.48999786376953,67.4000015258789,67.48999786376953,2368.0
2024-03-01 14:26:00,AXSM,82.19999694824219,82.19999694824219,82.19999694824219,82.18499755859375,82.19499969482422,714.0
2024-03-01 14:26:00,AZN,64.69499969482422,64.69499969482422,64.71499633789062,64.69000244140625,64.70999908447266,20608.0
2024-03-01 14:26:00,AZTA,66.93000030517578,66.93000030517578,66.93000030517578,66.91999816894531,66.91999816894531,319.0
2024-03-01 14:26:00,BBIO,36.04999923706055,36.04999923706055,36.04999923706055,36.029998779296875,36.029998779296875,702.0
2024-03-01 14:26:00,BBLG,2.5450000762939453,2.5450000762939453,2.549999952316284,2.5450000762939453,2.549999952316284,1279.0
2024-03-01 14:26:00,BCAB,2.7750000953674316,2.7750000953674316,2.7799999713897705,2.759999990463257,2.759999990463257,1732.0
2024-03-01 14:26:00,BCEL,0.2653000056743622,0.2653000056743622,0.26530998945236206,0.2653000056743622,0.26530998945236206,500.0
2024-03-01 14:26:00,BCRX,5.724999904632568,5.724999904632568,5.730000019073486,5.724999904632568,5.724999904632568,1268.0
2024-03-01 14:26:00,BDTX,4.78000020980835,4.78000020980835,4.781300067901611,4.760000228881836,4.78000020980835,8180.0
2024-03-01 14:26:00,BEAM,40.09000015258789,40.09000015258789,40.11000061035156,40.064998626708984,40.09000015258789,4515.0
2024-03-01 14:26:00,BIIB,221.1699981689453,221.1699981689453,221.25999450683594,221.1199951171875,221.25,3145.0
2024-03-01 14:26:00,BIOL,0.1422010064125061,0.1422010064125061,0.1428000032901764,0.14219999313354492,0.14219999313354492,1596.0
2024-03-01 14:26:00,BIOR,1.1495000123977661,1.1495000123977661,1.1495000123977661,1.1495000123977661,1.1495000123977661,2000.0
2024-03-01 14:26:00,BIVI,2.0399999618530273,2.0399999618530273,2.0399999618530273,2.0199999809265137,2.0299999713897705,31586.0
2024-03-01 14:26:00,BLFS,18.200000762939453,18.200000762939453,18.209999084472656,18.200000762939453,18.209999084472656,918.0
2024-03-01 14:26:00,BLUE,1.5950000286102295,1.5950000286102295,1.600000023841858,1.590000033378601,1.5923000574111938,10726.0
2024-03-01 14:26:00,BMEA,18.209999084472656,18.209999084472656,18.209999084472656,18.209999084472656,18.209999084472656,297.0
2024-03-01 14:26:00,BMRA,1.2000000476837158,1.2000000476837158,1.2000000476837158,1.2000000476837158,1.2000000476837158,109.0
2024-03-01 14:26:00,BMRN,88.08000183105469,88.08000183105469,88.08000183105469,88.05999755859375,88.06999969482422,2982.0
2024-03-01 14:26:00,BNR,0.8194000124931335,0.8194000124931335,0.8194000124931335,0.8194000124931335,0.8194000124931335,100.0
2024-03-01 14:26:00,BPMC,96.77999877929688,96.77999877929688,96.87000274658203,96.77999877929688,96.87000274658203,427.0
2024-03-01 14:26:00,BRKR,88.58000183105469,88.58000183105469,88.58999633789062,88.58000183105469,88.58999633789062,752.0
2024-03-01 14:26:00,BTAI,3.194999933242798,3.194999933242798,3.194999933242798,3.194999933242798,3.194999933242798,183.0
2024-03-01 14:26:00,CABA,24.059999465942383,24.059999465942383,24.059999465942383,24.059999465942383,24.059999465942383,187.0
2024-03-01 14:26:00,CARA,0.9300000071525574,0.9300000071525574,0.9350000023841858,0.9300000071525574,0.9350000023841858,1038.0
2024-03-01 14:26:00,CBAY,32.220001220703125,32.220001220703125,32.22999954223633,32.220001220703125,32.22999954223633,2652.0
2024-03-01 14:26:00,CCCC,11.0,11.0,11.005000114440918,11.0,11.005000114440918,617.0
2024-03-01 14:26:00,CDNA,12.760000228881836,12.760000228881836,12.779999732971191,12.729999542236328,12.779999732971191,6359.0
2024-03-01 14:26:00,CDXS,4.570000171661377,4.570000171661377,4.570000171661377,4.570000171661377,4.570000171661377,500.0
2024-03-01 14:26:00,CELC,16.934999465942383,16.934999465942383,16.934999465942383,16.934999465942383,16.934999465942383,100.0
2024-03-01 14:26:00,CERE,41.092498779296875,41.092498779296875,41.099998474121094,41.092498779296875,41.095001220703125,830.0
2024-03-01 14:26:00,CERT,17.989999771118164,17.989999771118164,18.0,17.983999252319336,17.989999771118164,1913.0
2024-03-01 14:26:00,CGC,3.2249999046325684,3.2249999046325684,3.2300000190734863,3.2197000980377197,3.2197000980377197,1730.0
2024-03-01 14:26:00,CHRS,2.419100046157837,2.419100046157837,2.4200000762939453,2.419100046157837,2.4200000762939453,1053.0
2024-03-01 14:26:00,CING,1.3300000429153442,1.3300000429153442,1.3300000429153442,1.3300000429153442,1.3300000429153442,100.0
2024-03-01 14:26:00,CKPT,2.190000057220459,2.190000057220459,2.190000057220459,2.190000057220459,2.190000057220459,124.0
2024-03-01 14:26:00,CLDX,52.06999969482422,52.06999969482422,52.10499954223633,52.0,52.099998474121094,7078.0
2024-03-01 14:26:00,CLNN,0.3889999985694885,0.3889999985694885,0.3889999985694885,0.3889999985694885,0.3889999985694885,1010.0
2024-03-01 14:26:00,CLOV,0.8647000193595886,0.8647000193595886,0.8647000193595886,0.8647000193595886,0.8647000193595886,4100.0
2024-03-01 14:26:00,CLPT,6.478000164031982,6.478000164031982,6.485000133514404,6.478000164031982,6.485000133514404,1604.0
2024-03-01 14:26:00,CLRB,4.090000152587891,4.090000152587891,4.090000152587891,4.090000152587891,4.090000152587891,600.0
2024-03-01 14:26:00,CMPS,11.680000305175781,11.680000305175781,11.6899995803833,11.670000076293945,11.680000305175781,2196.0
2024-03-01 14:26:00,CMRX,1.1950000524520874,1.1950000524520874,1.1978000402450562,1.1950000524520874,1.1978000402450562,1250.0
2024-03-01 14:26:00,COGT,7.275000095367432,7.275000095367432,7.275000095367432,7.275000095367432,7.275000095367432,234.0
2024-03-01 14:26:00,CORT,24.309999465942383,24.309999465942383,24.309999465942383,24.309999465942383,24.309999465942383,699.0
2024-03-01 14:26:00,COSM,0.7799999713897705,0.7799999713897705,0.7975000143051147,0.7799999713897705,0.7975000143051147,4802.0
2024-03-01 14:26:00,CPRX,17.200000762939453,17.200000762939453,17.200000762939453,17.200000762939453,17.200000762939453,112.0
2024-03-01 14:26:00,CPSI,9.5,9.5,9.529999732971191,9.5,9.5,7447.0
2024-03-01 14:26:00,CRDF,2.5137999057769775,2.5137999057769775,2.538800001144409,2.5,2.5299999713897705,32321.0
2024-03-01 14:26:00,CRDL,1.9500000476837158,1.9500000476837158,1.9500000476837158,1.9500000476837158,1.9500000476837158,3232.0
2024-03-01 14:26:00,CRNX,46.584999084472656,46.584999084472656,46.61000061035156,46.564998626708984,46.564998626708984,899.0
2024-03-01 14:26:00,CRON,2.049999952316284,2.049999952316284,2.049999952316284,2.0429999828338623,2.0450000762939453,1878.0
2024-03-01 14:26:00,CRSP,85.55999755859375,85.55999755859375,85.55999755859375,85.4800033569336,85.4800033569336,2380.0
2024-03-01 14:26:00,CRVS,2.180000066757202,2.180000066757202,2.180000066757202,2.180000066757202,2.180000066757202,265.0
2024-03-01 14:26:00,CSTL,19.75,19.75,19.75,19.75,19.75,536.0
2024-03-01 14:26:00,CTKB,9.005000114440918,9.005000114440918,9.010000228881836,9.0,9.010000228881836,2156.0
2024-03-01 14:26:00,CTMX,2.5399999618530273,2.5399999618530273,2.5450000762939453,2.5399999618530273,2.5399999618530273,1300.0
2024-03-01 14:26:00,CUTR,2.4000000953674316,2.4000000953674316,2.4000000953674316,2.4000000953674316,2.4000000953674316,272.0
2024-03-01 14:26:00,CVRX,20.614999771118164,20.614999771118164,20.614999771118164,20.614999771118164,20.614999771118164,519.0
2024-03-01 14:26:00,CYTK,73.37000274658203,73.37000274658203,73.5999984741211,73.37000274658203,73.55000305175781,9152.0
2024-03-01 14:26:00,DARE,0.5699999928474426,0.5699999928474426,0.5699999928474426,0.5640000104904175,0.5644999742507935,2605.0
2024-03-01 14:26:00,DAWN,17.729999542236328,17.729999542236328,17.729999542236328,17.729999542236328,17.729999542236328,1291.0
2024-03-01 14:26:00,DCPH,17.649999618530273,17.649999618530273,17.657800674438477,17.639999389648438,17.639999389648438,1772.0
2024-03-01 14:26:00,DH,8.930000305175781,8.930000305175781,8.930000305175781,8.930000305175781,8.930000305175781,107.0
2024-03-01 14:26:00,DMTK,0.8499000072479248,0.8499000072479248,0.8499000072479248,0.8497989773750305,0.8497989773750305,4118.0
2024-03-01 14:26:00,DNLI,21.3799991607666,21.3799991607666,21.3799991607666,21.3799991607666,21.3799991607666,170.0
2024-03-01 14:26:00,DTIL,12.454999923706055,12.454999923706055,12.454999923706055,12.454999923706055,12.454999923706055,100.0
2024-03-01 14:26:00,DVAX,12.829999923706055,12.829999923706055,12.829999923706055,12.824999809265137,12.824999809265137,404.0
2024-03-01 14:26:00,DXCM,121.91999816894531,121.91999816894531,121.93000030517578,121.91500091552734,121.91500091552734,1663.0
2024-03-01 14:26:00,DYN,29.309999465942383,29.309999465942383,29.309999465942383,29.151899337768555,29.229999542236328,10310.0
2024-03-01 14:26:00,EDAP,6.760000228881836,6.760000228881836,6.760000228881836,6.690000057220459,6.760000228881836,4441.0
2024-03-01 14:26:00,EDIT,10.899999618530273,10.899999618530273,10.899999618530273,10.899999618530273,10.899999618530273,1813.0
2024-03-01 14:26:00,EFTR,15.851099967956543,15.851099967956543,15.851099967956543,15.851099967956543,15.851099967956543,165.0
2024-03-01 14:26:00,EGRX,6.670000076293945,6.670000076293945,6.670000076293945,6.670000076293945,6.670000076293945,880.0
2024-03-01 14:26:00,ELEV,5.039999961853027,5.039999961853027,5.039999961853027,5.025000095367432,5.03000020980835,4168.0
2024-03-01 14:26:00,ENSG,121.87000274658203,121.87000274658203,121.95999908447266,121.87000274658203,121.95999908447266,2676.0
2024-03-01 14:26:00,ENTA,15.449999809265137,15.449999809265137,15.449999809265137,15.449999809265137,15.449999809265137,353.0
2024-03-01 14:26:00,ENVB,1.5399999618530273,1.5399999618530273,1.5399999618530273,1.5299999713897705,1.5299999713897705,8630.0
2024-03-01 14:26:00,EOLS,14.8100004196167,14.8100004196167,14.8100004196167,14.779999732971191,14.779999732971191,1453.0
2024-03-01 14:26:00,ERAS,2.5299999713897705,2.5299999713897705,2.5299999713897705,2.5250000953674316,2.5250000953674316,217.0
2024-03-01 14:26:00,ESPR,2.555000066757202,2.555000066757202,2.555000066757202,2.549999952316284,2.549999952316284,310.0
2024-03-01 14:26:00,ESTA,44.5,44.5,44.5,44.400001525878906,44.400001525878906,384.0
2024-03-01 14:26:00,ETNB,12.925000190734863,12.925000190734863,12.925000190734863,12.920000076293945,12.920000076293945,422.0
2024-03-01 14:26:00,EWTX,16.989999771118164,16.989999771118164,17.0049991607666,16.989999771118164,17.0049991607666,419.0
2024-03-01 14:26:00,EXAI,6.663899898529053,6.663899898529053,6.670000076293945,6.6508002281188965,6.659999847412109,2537.0
2024-03-01 14:26:00,EXAS,60.192501068115234,60.192501068115234,60.192501068115234,60.09000015258789,60.09000015258789,28180.0
2024-03-01 14:26:00,EXEL,22.434999465942383,22.434999465942383,22.434999465942383,22.43000030517578,22.43000030517578,938.0
2024-03-01 14:26:00,EYPT,27.875,27.875,27.920000076293945,27.770000457763672,27.770000457763672,1431.0
2024-03-01 14:26:00,FATE,7.780099868774414,7.780099868774414,7.780099868774414,7.780099868774414,7.780099868774414,571.0
2024-03-01 14:26:00,FBIO,2.350100040435791,2.350100040435791,2.350100040435791,2.350100040435791,2.350100040435791,101.0
2024-03-01 14:26:00,FDMT,29.309999465942383,29.309999465942383,29.360000610351562,29.309999465942383,29.360000610351562,3697.0
2024-03-01 14:26:00,FLGT,23.225000381469727,23.225000381469727,23.225000381469727,23.225000381469727,23.225000381469727,267.0
2024-03-01 14:26:00,FOLD,13.395000457763672,13.395000457763672,13.395000457763672,13.395000457763672,13.395000457763672,361.0
2024-03-01 14:26:00,FULC,11.029999732971191,11.029999732971191,11.029999732971191,11.020000457763672,11.020000457763672,418.0
2024-03-01 14:26:00,FUSN,12.244999885559082,12.244999885559082,12.244999885559082,12.244999885559082,12.244999885559082,100.0
2024-03-01 14:26:00,FWBI,9.229999542236328,9.229999542236328,9.229999542236328,9.100000381469727,9.100000381469727,1168.0
2024-03-01 14:26:00,GANX,4.619999885559082,4.619999885559082,4.619999885559082,4.619999885559082,4.619999885559082,245.0
2024-03-01 14:26:00,GBIO,2.619999885559082,2.619999885559082,2.6294000148773193,2.619999885559082,2.625,4944.0
2024-03-01 14:26:00,GDRX,8.380000114440918,8.380000114440918,8.380000114440918,8.369999885559082,8.369999885559082,1934.0
2024-03-01 14:26:00,GERN,2.2699999809265137,2.2699999809265137,2.279900074005127,2.2699999809265137,2.2699999809265137,59168.0
2024-03-01 14:26:00,GH,19.1200008392334,19.1200008392334,19.1200008392334,19.110000610351562,19.110000610351562,737.0
2024-03-01 14:26:00,GILD,72.4800033569336,72.4800033569336,72.49500274658203,72.4800033569336,72.49500274658203,2554.0
2024-03-01 14:26:00,GLTO,0.7778000235557556,0.7778000235557556,0.7980179786682129,0.7634009718894958,0.7967000007629395,9778.0
2024-03-01 14:26:00,GMAB,29.420000076293945,29.420000076293945,29.440000534057617,29.420000076293945,29.440000534057617,1604.0
2024-03-01 14:26:00,GMDA,0.3806999921798706,0.3806999921798706,0.3878990113735199,0.3806999921798706,0.3878990113735199,5700.0
2024-03-01 14:26:00,GNPX,4.610000133514404,4.610000133514404,4.610000133514404,4.610000133514404,4.610000133514404,324.0
2024-03-01 14:26:00,GOSS,1.4249999523162842,1.4249999523162842,1.4249999523162842,1.4249999523162842,1.4249999523162842,100.0
2024-03-01 14:26:00,GRFS,7.019999980926514,7.019999980926514,7.025000095367432,7.011000156402588,7.020999908447266,1337.0
2024-03-01 14:26:00,GRPH,3.4600000381469727,3.4600000381469727,3.4600000381469727,3.4600000381469727,3.4600000381469727,160.0
2024-03-01 14:26:00,GRTS,2.0199999809265137,2.0199999809265137,2.029900074005127,2.0199999809265137,2.029900074005127,7382.0
2024-03-01 14:26:00,GRTX,0.23639999330043793,0.23639999330043793,0.23639999330043793,0.23639999330043793,0.23639999330043793,1000.0
2024-03-01 14:26:00,GTHX,3.809999942779541,3.809999942779541,3.809999942779541,3.800100088119507,3.809999942779541,2129.0
2024-03-01 14:26:00,HALO,41.439998626708984,41.439998626708984,41.52000045776367,41.439998626708984,41.52000045776367,5322.0
2024-03-01 14:26:00,HARP,22.9424991607666,22.9424991607666,22.9424991607666,22.9424991607666,22.9424991607666,141.0
2024-03-01 14:26:00,HCAT,8.220000267028809,8.220000267028809,8.220000267028809,8.220000267028809,8.220000267028809,103.0
2024-03-01 14:26:00,HLTH,0.26399898529052734,0.26399898529052734,0.2639999985694885,0.26399898529052734,0.2639999985694885,1257.0
2024-03-01 14:26:00,HLVX,19.1200008392334,19.1200008392334,19.18000030517578,19.1200008392334,19.18000030517578,208.0
2024-03-01 14:26:00,HOLX,74.37000274658203,74.37000274658203,74.37999725341797,74.37000274658203,74.37999725341797,1109.0
2024-03-01 14:26:00,HQY,81.54000091552734,81.54000091552734,81.54000091552734,81.54000091552734,81.54000091552734,373.0
2024-03-01 14:26:00,HRMY,31.729999542236328,31.729999542236328,31.729999542236328,31.729999542236328,31.729999542236328,493.0
2024-03-01 14:26:00,HROW,10.880000114440918,10.880000114440918,10.890000343322754,10.880000114440918,10.890000343322754,556.0
2024-03-01 14:26:00,HRTX,2.5950000286102295,2.5950000286102295,2.5999999046325684,2.5899999141693115,2.5999999046325684,10161.0
2024-03-01 14:26:00,HSDT,4.820000171661377,4.820000171661377,4.829999923706055,4.820000171661377,4.829999923706055,400.0
2024-03-01 14:26:00,HSIC,76.83799743652344,76.83799743652344,76.83799743652344,76.80999755859375,76.83499908447266,1106.0
2024-03-01 14:26:00,HUMA,3.2200000286102295,3.2200000286102295,3.230799913406372,3.2200000286102295,3.230799913406372,4595.0
2024-03-01 14:26:00,IART,36.31999969482422,36.31999969482422,36.33000183105469,36.31999969482422,36.33000183105469,2878.0
2024-03-01 14:26:00,IBRX,4.869999885559082,4.869999885559082,4.869999885559082,4.860000133514404,4.860000133514404,533.0
2024-03-01 14:26:00,ICUI,106.12999725341797,106.12999725341797,106.2300033569336,106.12999725341797,106.19999694824219,1267.0
2024-03-01 14:26:00,IDXX,579.72998046875,579.72998046875,579.72998046875,579.719970703125,579.719970703125,325.0
2024-03-01 14:26:00,IGMS,13.164999961853027,13.164999961853027,13.164999961853027,13.164999961853027,13.164999961853027,187.0
2024-03-01 14:26:00,IINN,1.684999942779541,1.684999942779541,1.684999942779541,1.6799999475479126,1.6799999475479126,694.0
2024-03-01 14:26:00,ILMN,141.7899932861328,141.7899932861328,141.7949981689453,141.7899932861328,141.7899932861328,489.0
2024-03-01 14:26:00,IMAB,1.8300000429153442,1.8300000429153442,1.8300000429153442,1.8300000429153442,1.8300000429153442,100.0
2024-03-01 14:26:00,IMMX,3.515000104904175,3.515000104904175,3.515000104904175,3.515000104904175,3.515000104904175,100.0
2024-03-01 14:26:00,IMRX,6.199999809265137,6.199999809265137,6.199999809265137,6.199999809265137,6.199999809265137,402.0
2024-03-01 14:26:00,IMUX,1.475000023841858,1.475000023841858,1.475000023841858,1.475000023841858,1.475000023841858,1721.0
2024-03-01 14:26:00,IMVT,35.79999923706055,35.79999923706055,35.79999923706055,35.79999923706055,35.79999923706055,737.0
2024-03-01 14:26:00,INCY,59.2400016784668,59.2400016784668,59.27000045776367,59.23500061035156,59.25,1414.0
2024-03-01 14:26:00,INGN,6.699999809265137,6.699999809265137,6.710000038146973,6.699999809265137,6.710000038146973,443.0
2024-03-01 14:26:00,INMD,22.885000228881836,22.885000228881836,22.885000228881836,22.875,22.8799991607666,1796.0
2024-03-01 14:26:00,INO,9.710000038146973,9.710000038146973,9.73330020904541,9.710000038146973,9.73330020904541,634.0
2024-03-01 14:26:00,INSM,28.15999984741211,28.15999984741211,28.189899444580078,28.15999984741211,28.18000030517578,1745.0
2024-03-01 14:26:00,INVA,15.4399995803833,15.4399995803833,15.454999923706055,15.4399995803833,15.454999923706055,2919.0
2024-03-01 14:26:00,INZY,6.639900207519531,6.639900207519531,6.639900207519531,6.639900207519531,6.639900207519531,153.0
2024-03-01 14:26:00,IONS,46.029998779296875,46.029998779296875,46.029998779296875,46.0099983215332,46.0099983215332,1594.0
2024-03-01 14:26:00,IOVA,16.979999542236328,16.979999542236328,17.010000228881836,16.975000381469727,16.975000381469727,14803.0
2024-03-01 14:26:00,IPSC,3.934999942779541,3.934999942779541,3.966599941253662,3.9000000953674316,3.966599941253662,3741.0
2024-03-01 14:26:00,IRMD,41.43000030517578,41.43000030517578,41.43000030517578,41.43000030517578,41.43000030517578,140.0
2024-03-01 14:26:00,IRWD,9.074999809265137,9.074999809265137,9.079999923706055,9.074999809265137,9.074999809265137,4061.0
2024-03-01 14:26:00,ISRG,397.6199951171875,397.6199951171875,397.6600036621094,397.5799865722656,397.6300048828125,3268.0
2024-03-01 14:26:00,ITCI,72.05999755859375,72.05999755859375,72.05999755859375,72.04000091552734,72.05000305175781,734.0
2024-03-01 14:26:00,IVVD,3.9800000190734863,3.9800000190734863,3.990000009536743,3.9700000286102295,3.990000009536743,1012.0
2024-03-01 14:26:00,JAGX,0.08344999700784683,0.08344999700784683,0.08389999717473984,0.08129999786615372,0.0820000022649765,1524156.0
2024-03-01 14:26:00,JANX,46.0099983215332,46.0099983215332,46.060001373291016,46.0099983215332,46.0099983215332,1467.0
2024-03-01 14:26:00,JAZZ,119.2300033569336,119.2300033569336,119.2300033569336,119.2300033569336,119.2300033569336,531.0
2024-03-01 14:26:00,KALV,14.15999984741211,14.15999984741211,14.15999984741211,14.15999984741211,14.15999984741211,698.0
2024-03-01 14:26:00,KNSA,21.860000610351562,21.860000610351562,21.860000610351562,21.860000610351562,21.860000610351562,340.0
2024-03-01 14:26:00,KNTE,2.5999999046325684,2.5999999046325684,2.5999999046325684,2.5999999046325684,2.5999999046325684,2469.0
2024-03-01 14:26:00,KOD,6.074999809265137,6.074999809265137,6.074999809265137,6.074999809265137,6.074999809265137,238.0
2024-03-01 14:26:00,KPTI,1.1749999523162842,1.1749999523162842,1.1749999523162842,1.1749999523162842,1.1749999523162842,425.0
2024-03-01 14:26:00,KRTX,316.489990234375,316.489990234375,316.489990234375,316.489990234375,316.489990234375,122.0
2024-03-01 14:26:00,KRYS,169.2050018310547,169.2050018310547,169.2050018310547,169.2050018310547,169.2050018310547,138.0
2024-03-01 14:26:00,KTRA,0.10249999910593033,0.10249999910593033,0.10249999910593033,0.10249999910593033,0.10249999910593033,1000.0
2024-03-01 14:26:00,KURA,21.90999984741211,21.90999984741211,21.90999984741211,21.860000610351562,21.8799991607666,8084.0
2024-03-01 14:26:00,KYMR,44.040000915527344,44.040000915527344,44.040000915527344,44.040000915527344,44.040000915527344,247.0
2024-03-01 14:26:00,KZR,1.0750000476837158,1.0750000476837158,1.0750000476837158,1.0750000476837158,1.0750000476837158,300.0
2024-03-01 14:26:00,LFMD,7.929999828338623,7.929999828338623,7.949999809265137,7.929999828338623,7.949999809265137,600.0
2024-03-01 14:26:00,LFST,7.71999979019165,7.71999979019165,7.724999904632568,7.715000152587891,7.715000152587891,4935.0
2024-03-01 14:26:00,LGND,78.18000030517578,78.18000030517578,78.18000030517578,78.18000030517578,78.18000030517578,381.0
2024-03-01 14:26:00,LIAN,4.875,4.875,4.875,4.875,4.875,154.0
2024-03-01 14:26:00,LIFE,1.9198999404907227,1.9198999404907227,1.9199999570846558,1.9198999404907227,1.9199999570846558,4244.0
2024-03-01 14:26:00,LIXT,2.5299999713897705,2.5299999713897705,2.5299999713897705,2.5299999713897705,2.5299999713897705,425.0
2024-03-01 14:26:00,LNTH,64.68000030517578,64.68000030517578,64.75,64.6500015258789,64.66999816894531,2551.0
2024-03-01 14:26:00,LQDA,14.720000267028809,14.720000267028809,14.720000267028809,14.720000267028809,14.720000267028809,108.0
2024-03-01 14:26:00,LUCY,0.38499999046325684,0.38499999046325684,0.3889000117778778,0.38499999046325684,0.3889000117778778,1409.0
2024-03-01 14:26:00,LVTX,2.7799999713897705,2.7799999713897705,2.7799999713897705,2.7799999713897705,2.7799999713897705,457.0
2024-03-01 14:26:00,LXRX,2.509999990463257,2.509999990463257,2.5100998878479004,2.509999990463257,2.5100998878479004,1101.0
2024-03-01 14:26:00,LYRA,5.659999847412109,5.659999847412109,5.659999847412109,5.659999847412109,5.659999847412109,100.0
2024-03-01 14:26:00,MASI,127.02999877929688,127.02999877929688,127.02999877929688,127.02999877929688,127.02999877929688,519.0
2024-03-01 14:26:00,MCRB,1.2308000326156616,1.2308000326156616,1.2309999465942383,1.2308000326156616,1.2309999465942383,1910.0
2024-03-01 14:26:00,MDGL,250.55999755859375,250.55999755859375,250.55999755859375,249.71499633789062,249.71499633789062,2624.0
2024-03-01 14:26:00,MDRX,6.0,6.0,6.0,5.989999771118164,5.989999771118164,25811.0
2024-03-01 14:26:00,MDXG,8.670000076293945,8.670000076293945,8.670000076293945,8.670000076293945,8.670000076293945,381.0
2024-03-01 14:26:00,MDXH,3.7200000286102295,3.7200000286102295,3.7200000286102295,3.7100000381469727,3.7200000286102295,401.0
2024-03-01 14:26:00,ME,0.5638999938964844,0.5638999938964844,0.5649999976158142,0.5638499855995178,0.5648000240325928,18402.0
2024-03-01 14:26:00,MEDP,400.94000244140625,400.94000244140625,400.94000244140625,400.94000244140625,400.94000244140625,328.0
2024-03-01 14:26:00,MGNX,19.100000381469727,19.100000381469727,19.110000610351562,19.100000381469727,19.110000610351562,2779.0
2024-03-01 14:26:00,MHUA,0.7049000263214111,0.7049000263214111,0.7049000263214111,0.7049000263214111,0.7049000263214111,100.0
2024-03-01 14:26:00,MIRM,29.75,29.75,29.75,29.75,29.75,150.0
2024-03-01 14:26:00,MIST,1.6950000524520874,1.6950000524520874,1.6950000524520874,1.6950000524520874,1.6950000524520874,370.0
2024-03-01 14:26:00,MLTX,50.7400016784668,50.7400016784668,50.7400016784668,50.66999816894531,50.66999816894531,1276.0
2024-03-01 14:26:00,MNKD,4.525000095367432,4.525000095367432,4.525000095367432,4.514999866485596,4.514999866485596,5239.0
2024-03-01 14:26:00,MNMD,6.199999809265137,6.199999809265137,6.211299896240234,6.190000057220459,6.211299896240234,5841.0
2024-03-01 14:26:00,MNPR,0.8700000047683716,0.8700000047683716,0.8702999949455261,0.8700000047683716,0.8702999949455261,401.0
2024-03-01 14:26:00,MODD,1.8849999904632568,1.8849999904632568,1.8899999856948853,1.8849999904632568,1.8899999856948853,2000.0
2024-03-01 14:26:00,MOR,17.549999237060547,17.549999237060547,17.549999237060547,17.549999237060547,17.549999237060547,402.0
2024-03-01 14:26:00,MREO,4.019999980926514,4.019999980926514,4.019999980926514,4.0100998878479,4.011499881744385,10095.0
2024-03-01 14:26:00,MRKR,3.700000047683716,3.700000047683716,3.700000047683716,3.680000066757202,3.700000047683716,2255.0
2024-03-01 14:26:00,MRNA,95.04000091552734,95.04000091552734,95.05999755859375,94.95999908447266,95.01000213623047,9938.0
2024-03-01 14:26:00,MRSN,5.985000133514404,5.985000133514404,5.994999885559082,5.985000133514404,5.990099906921387,8590.0
2024-03-01 14:26:00,MRUS,51.119998931884766,51.119998931884766,51.119998931884766,51.099998474121094,51.119998931884766,1330.0
2024-03-01 14:26:00,MRVI,7.795000076293945,7.795000076293945,7.800000190734863,7.795000076293945,7.795000076293945,705.0
2024-03-01 14:26:00,MXCT,4.744999885559082,4.744999885559082,4.744999885559082,4.744999885559082,4.744999885559082,217.0
2024-03-01 14:26:00,MYGN,22.104999542236328,22.104999542236328,22.104999542236328,22.104999542236328,22.104999542236328,122.0
2024-03-01 14:26:00,NARI,45.900001525878906,45.900001525878906,45.900001525878906,45.900001525878906,45.900001525878906,1748.0
2024-03-01 14:26:00,NAUT,2.623800039291382,2.623800039291382,2.623800039291382,2.623800039291382,2.623800039291382,538.0
2024-03-01 14:26:00,NBIX,131.39999389648438,131.39999389648438,131.4199981689453,131.375,131.4199981689453,1392.0
2024-03-01 14:26:00,NEOG,17.395000457763672,17.395000457763672,17.399999618530273,17.395000457763672,17.399999618530273,1784.0
2024-03-01 14:26:00,NERV,2.6500000953674316,2.6500000953674316,2.6500000953674316,2.6500000953674316,2.6500000953674316,808.0
2024-03-01 14:26:00,NKTR,0.779899001121521,0.779899001121521,0.779899001121521,0.7794700264930725,0.7794700264930725,750.0
2024-03-01 14:26:00,NKTX,12.628700256347656,12.628700256347656,12.729999542236328,12.609999656677246,12.729999542236328,23102.0
2024-03-01 14:26:00,NNOX,10.829999923706055,10.829999923706055,10.845000267028809,10.829999923706055,10.84000015258789,4289.0
2024-03-01 14:26:00,NRBO,6.28000020980835,6.28000020980835,6.295000076293945,6.28000020980835,6.289999961853027,700.0
2024-03-01 14:26:00,NRC,40.57500076293945,40.57500076293945,40.64500045776367,40.57500076293945,40.58000183105469,911.0
2024-03-01 14:26:00,NRIX,13.609999656677246,13.609999656677246,13.609999656677246,13.609999656677246,13.609999656677246,200.0
2024-03-01 14:26:00,NRXPW,0.16009999811649323,0.16009999811649323,0.16009999811649323,0.16009999811649323,0.16009999811649323,1022.0
2024-03-01 14:26:00,NTLA,33.50400161743164,33.50400161743164,33.50400161743164,33.50400161743164,33.50400161743164,796.0
2024-03-01 14:26:00,NTRA,89.30750274658203,89.30750274658203,89.37000274658203,89.2699966430664,89.2699966430664,5343.0
2024-03-01 14:26:00,NUTX,0.11330000311136246,0.11330000311136246,0.11330000311136246,0.11330000311136246,0.11330000311136246,1187.0
2024-03-01 14:26:00,NUVL,87.52999877929688,87.52999877929688,87.52999877929688,87.44000244140625,87.44000244140625,1078.0
2024-03-01 14:26:00,NVAX,5.28000020980835,5.28000020980835,5.28000020980835,5.269999980926514,5.278900146484375,25383.0
2024-03-01 14:26:00,NVCR,16.049999237060547,16.049999237060547,16.049999237060547,16.049999237060547,16.049999237060547,152.0
2024-03-01 14:26:00,OCGN,0.9510999917984009,0.9510999917984009,0.9510999917984009,0.9509999752044678,0.9509999752044678,2294.0
2024-03-01 14:26:00,OCUL,10.744999885559082,10.744999885559082,10.744999885559082,10.739999771118164,10.739999771118164,1116.0
2024-03-01 14:26:00,OCUP,2.5,2.5,2.5,2.4892001152038574,2.4897000789642334,2117.0
2024-03-01 14:26:00,OGI,2.174999952316284,2.174999952316284,2.174999952316284,2.174999952316284,2.174999952316284,539.0
2024-03-01 14:26:00,OLMA,14.899999618530273,14.899999618530273,14.949999809265137,14.899999618530273,14.920000076293945,3526.0
2024-03-01 14:26:00,OM,3.184999942779541,3.184999942779541,3.184999942779541,3.1826000213623047,3.1826000213623047,1928.0
2024-03-01 14:26:00,OMER,4.818900108337402,4.818900108337402,4.818900108337402,4.818900108337402,4.818900108337402,355.0
2024-03-01 14:26:00,OMGA,4.401000022888184,4.401000022888184,4.401000022888184,4.401000022888184,4.401000022888184,1637.0
2024-03-01 14:26:00,ONCT,10.61299991607666,10.61299991607666,10.61299991607666,10.61299991607666,10.61299991607666,402.0
2024-03-01 14:26:00,ONCY,1.1546000242233276,1.1546000242233276,1.1546000242233276,1.1546000242233276,1.1546000242233276,100.0
2024-03-01 14:27:00,AADI,1.9900000095367432,1.9900000095367432,1.9950000047683716,1.9900000095367432,1.9950000047683716,7483.0
2024-03-01 14:27:00,ABCL,5.15500020980835,5.15500020980835,5.15500020980835,5.15500020980835,5.15500020980835,225.0
2024-03-01 14:27:00,ABOS,4.619999885559082,4.619999885559082,4.619999885559082,4.619999885559082,4.619999885559082,3095.0
2024-03-01 14:27:00,ABSI,5.510000228881836,5.510000228881836,5.567800045013428,5.510000228881836,5.539999961853027,39155.0
2024-03-01 14:27:00,ACAD,24.229999542236328,24.229999542236328,24.2450008392334,24.225000381469727,24.239999771118164,3003.0
2024-03-01 14:27:00,ACB,3.190500020980835,3.190500020980835,3.190500020980835,3.190500020980835,3.190500020980835,102.0
2024-03-01 14:27:00,ACET,2.4049999713897705,2.4049999713897705,2.4049999713897705,2.4049999713897705,2.4049999713897705,320.0
2024-03-01 14:27:00,ACHC,84.47000122070312,84.47000122070312,84.47000122070312,84.43000030517578,84.43000030517578,301.0
2024-03-01 14:27:00,ACLX,68.6500015258789,68.6500015258789,68.6500015258789,68.6500015258789,68.6500015258789,280.0
2024-03-01 14:27:00,ACRS,1.2300000190734863,1.2300000190734863,1.2400000095367432,1.2300000190734863,1.2400000095367432,1137.0
2024-03-01 14:27:00,ACST,3.390000104904175,3.390000104904175,3.390000104904175,3.390000104904175,3.390000104904175,137.0
2024-03-01 14:27:00,ADAP,1.590000033378601,1.590000033378601,1.590000033378601,1.590000033378601,1.590000033378601,242.0
2024-03-01 14:27:00,ADIL,3.4600000381469727,3.4600000381469727,3.4999001026153564,3.4000000953674316,3.490000009536743,45995.0
2024-03-01 14:27:00,ADMA,5.545000076293945,5.545000076293945,5.545000076293945,5.542500019073486,5.545000076293945,880.0
2024-03-01 14:27:00,ADTX,3.4000000953674316,3.4000000953674316,3.4000000953674316,3.4000000953674316,3.4000000953674316,5160.0
2024-03-01 14:27:00,ADVM,1.9800000190734863,1.9800000190734863,1.9800000190734863,1.975000023841858,1.9800000190734863,6502.0
2024-03-01 14:27:00,AFIB,0.21040000021457672,0.21040000021457672,0.21040000021457672,0.21040000021457672,0.21040000021457672,180.0
2024-03-01 14:27:00,AFMD,0.6779000163078308,0.6779000163078308,0.6779000163078308,0.6779000163078308,0.6779000163078308,152.0
2024-03-01 14:27:00,AGEN,0.6700500249862671,0.6700500249862671,0.6700999736785889,0.6700000166893005,0.6700999736785889,7907.0
2024-03-01 14:27:00,AGIO,32.79999923706055,32.79999923706055,32.79999923706055,32.775001525878906,32.78499984741211,669.0
2024-03-01 14:27:00,AGRX,0.838699996471405,0.838699996471405,0.838699996471405,0.838699996471405,0.838699996471405,5799.0
2024-03-01 14:27:00,AHCO,10.5,10.5,10.5,10.5,10.5,725.0
2024-03-01 14:27:00,AIH,0.5008000135421753,0.5008000135421753,0.5008000135421753,0.5008000135421753,0.5008000135421753,100.0
2024-03-01 14:27:00,AIRS,6.489999771118164,6.489999771118164,6.489999771118164,6.489999771118164,6.489999771118164,202.0
2024-03-01 14:27:00,AKAN,0.20999999344348907,0.20999999344348907,0.21359999477863312,0.20999999344348907,0.20999999344348907,3510.0
2024-03-01 14:27:00,AKBA,1.684999942779541,1.684999942779541,1.684999942779541,1.6799999475479126,1.684999942779541,745.0
2024-03-01 14:27:00,AKLI,0.35010001063346863,0.35010001063346863,0.35010001063346863,0.35010001063346863,0.35010001063346863,288.0
2024-03-01 14:27:00,AKRO,29.375,29.375,29.399999618530273,29.360000610351562,29.360000610351562,3568.0
2024-03-01 14:27:00,AKYA,6.058800220489502,6.058800220489502,6.058800220489502,6.058800220489502,6.058800220489502,500.0
2024-03-01 14:27:00,ALDX,4.309999942779541,4.309999942779541,4.309999942779541,4.309999942779541,4.309999942779541,100.0
2024-03-01 14:27:00,ALEC,7.489999771118164,7.489999771118164,7.505000114440918,7.489999771118164,7.505000114440918,5556.0
2024-03-01 14:27:00,ALGN,302.0899963378906,302.0899963378906,302.0899963378906,302.0899963378906,302.0899963378906,494.0
2024-03-01 14:27:00,ALHC,5.739999771118164,5.739999771118164,5.739999771118164,5.739999771118164,5.739999771118164,633.0
2024-03-01 14:27:00,ALKS,30.264999389648438,30.264999389648438,30.264999389648438,30.2549991607666,30.2549991607666,4439.0
2024-03-01 14:27:00,ALLK,1.6649999618530273,1.6649999618530273,1.6649999618530273,1.6649999618530273,1.6649999618530273,1100.0
2024-03-01 14:27:00,ALNY,153.3350067138672,153.3350067138672,153.3350067138672,153.3350067138672,153.3350067138672,129.0
2024-03-01 14:27:00,ALPN,36.19449996948242,36.19449996948242,36.19449996948242,36.1349983215332,36.1349983215332,5060.0
2024-03-01 14:27:00,ALT,12.079999923706055,12.079999923706055,12.09000015258789,12.079999923706055,12.09000015258789,607.0
2024-03-01 14:27:00,ALVR,0.7558000087738037,0.7558000087738037,0.7563999891281128,0.7558000087738037,0.7560999989509583,1114.0
2024-03-01 14:27:00,ALXO,15.074999809265137,15.074999809265137,15.074999809265137,15.074999809265137,15.074999809265137,347.0
2024-03-01 14:27:00,AMGN,281.06500244140625,281.06500244140625,281.06500244140625,280.92999267578125,280.92999267578125,2444.0
2024-03-01 14:27:00,AMLX,18.700000762939453,18.700000762939453,18.719999313354492,18.700000762939453,18.700000762939453,3319.0
2024-03-01 14:27:00,AMPH,45.619998931884766,45.619998931884766,45.72999954223633,45.599998474121094,45.599998474121094,7425.0
2024-03-01 14:27:00,AMRN,1.0513999462127686,1.0513999462127686,1.0513999462127686,1.0513999462127686,1.0513999462127686,2000.0
2024-03-01 14:27:00,ANGO,5.5,5.5,5.5,5.5,5.5,100.0
2024-03-01 14:27:00,ANNX,6.110000133514404,6.110000133514404,6.110000133514404,6.110000133514404,6.110000133514404,3311.0
2024-03-01 14:27:00,APLS,64.54000091552734,64.54000091552734,64.61599731445312,64.54000091552734,64.58999633789062,2616.0
2024-03-01 14:27:00,APLT,7.070000171661377,7.070000171661377,7.074999809265137,7.070000171661377,7.070000171661377,807.0
2024-03-01 14:27:00,AQST,4.139999866485596,4.139999866485596,4.143899917602539,4.130000114440918,4.139999866485596,719.0
2024-03-01 14:27:00,ARAY,2.6449999809265137,2.6449999809265137,2.6449999809265137,2.6449999809265137,2.6449999809265137,232.0
2024-03-01 14:27:00,ARDX,9.489999771118164,9.489999771118164,9.5,9.489999771118164,9.5,685.0
2024-03-01 14:27:00,ARGX,393.7799987792969,393.7799987792969,393.7799987792969,393.6600036621094,393.6600036621094,998.0
2024-03-01 14:27:00,ARQT,11.734999656677246,11.734999656677246,11.739999771118164,11.699999809265137,11.739999771118164,13743.0
2024-03-01 14:27:00,ARVN,48.55500030517578,48.55500030517578,48.55500030517578,48.55500030517578,48.55500030517578,416.0
2024-03-01 14:27:00,ASLN,0.7396000027656555,0.7396000027656555,0.7396000027656555,0.7396000027656555,0.7396000027656555,201.0
2024-03-01 14:27:00,ASMB,13.25,13.25,13.25,13.25,13.25,690.0
2024-03-01 14:27:00,ASND,152.85000610351562,152.85000610351562,152.85000610351562,152.85000610351562,152.85000610351562,492.0
2024-03-01 14:27:00,ASRT,0.9024999737739563,0.9024999737739563,0.9096999764442444,0.9024999737739563,0.9024999737739563,500.0
2024-03-01 14:27:00,ATEC,13.399999618530273,13.399999618530273,13.40999984741211,13.399999618530273,13.40999984741211,201.0
2024-03-01 14:27:00,ATOS,1.0099999904632568,1.0099999904632568,1.0099999904632568,1.0099999904632568,1.0099999904632568,147.0
2024-03-01 14:27:00,ATRA,0.7883999943733215,0.7883999943733215,0.7904000282287598,0.7883999943733215,0.7904000282287598,3750.0
2024-03-01 14:27:00,ATXI,0.1550000011920929,0.1550000011920929,0.15530000627040863,0.1550000011920929,0.1550000011920929,4400.0
2024-03-01 14:27:00,ATXS,14.960000038146973,14.960000038146973,14.960000038146973,14.960000038146973,14.960000038146973,400.0
2024-03-01 14:27:00,AUGX,4.53000020980835,4.53000020980835,4.53000020980835,4.53000020980835,4.53000020980835,270.0
2024-03-01 14:27:00,AUPH,5.827499866485596,5.827499866485596,5.827499866485596,5.820199966430664,5.820199966430664,1156.0
2024-03-01 14:27:00,AVDL,13.25,13.25,13.25,13.25,13.25,600.0
2024-03-01 14:27:00,AVXL,5.364999771118164,5.364999771118164,5.364999771118164,5.360000133514404,5.360000133514404,1456.0
2024-03-01 14:27:00,AXNX,67.41999816894531,67.41999816894531,67.47000122070312,67.37999725341797,67.41999816894531,1968.0
2024-03-01 14:27:00,AXSM,82.19999694824219,82.19999694824219,82.19999694824219,82.19999694824219,82.19999694824219,182.0
2024-03-01 14:27:00,AZN,64.69999694824219,64.69999694824219,64.69999694824219,64.6947021484375,64.69499969482422,4588.0
2024-03-01 14:27:00,AZTA,66.94000244140625,66.94000244140625,66.94000244140625,66.91999816894531,66.91999816894531,2782.0
2024-03-01 14:27:00,BBIO,36.03499984741211,36.03499984741211,36.040000915527344,36.0099983215332,36.0099983215332,584.0
2024-03-01 14:27:00,BBLG,2.5399999618530273,2.5399999618530273,2.5399999618530273,2.5399999618530273,2.5399999618530273,366.0
2024-03-01 14:27:00,BCAB,2.7750000953674316,2.7750000953674316,2.7799999713897705,2.7701001167297363,2.7799999713897705,1026.0
2024-03-01 14:27:00,BCYC,25.864999771118164,25.864999771118164,25.959999084472656,25.864999771118164,25.959999084472656,839.0
2024-03-01 14:27:00,BDTX,4.752900123596191,4.752900123596191,4.769999980926514,4.75,4.769999980926514,4512.0
2024-03-01 14:27:00,BEAM,40.10499954223633,40.10499954223633,40.119998931884766,40.07500076293945,40.099998474121094,7805.0
2024-03-01 14:27:00,BIIB,221.14999389648438,221.14999389648438,221.30999755859375,221.1199951171875,221.17999267578125,5169.0
2024-03-01 14:27:00,BIOL,0.14249999821186066,0.14249999821186066,0.14350000023841858,0.14249999821186066,0.14249999821186066,25154.0
2024-03-01 14:27:00,BIOR,1.1399999856948853,1.1399999856948853,1.1399999856948853,1.1399999856948853,1.1399999856948853,268.0
2024-03-01 14:27:00,BIVI,2.0,2.0,2.0399999618530273,1.9800000190734863,2.0399999618530273,50918.0
2024-03-01 14:27:00,BLFS,18.200000762939453,18.200000762939453,18.200000762939453,18.200000762939453,18.200000762939453,194.0
2024-03-01 14:27:00,BLUE,1.590000033378601,1.590000033378601,1.5999000072479248,1.590000033378601,1.5999000072479248,1246.0
2024-03-01 14:27:00,BMEA,18.209999084472656,18.209999084472656,18.209999084472656,18.209999084472656,18.209999084472656,597.0
2024-03-01 14:27:00,BMRN,88.04000091552734,88.04000091552734,88.05000305175781,88.04000091552734,88.05000305175781,1286.0
2024-03-01 14:27:00,BNR,0.8198000192642212,0.8198000192642212,0.8198000192642212,0.8194000124931335,0.8194000124931335,500.0
2024-03-01 14:27:00,BNTC,5.210000038146973,5.210000038146973,5.210000038146973,5.210000038146973,5.210000038146973,100.0
2024-03-01 14:27:00,BNTX,91.18499755859375,91.18499755859375,91.19000244140625,91.18499755859375,91.18499755859375,460.0
2024-03-01 14:27:00,BPMC,96.77999877929688,96.77999877929688,96.77999877929688,96.77999877929688,96.77999877929688,267.0
2024-03-01 14:27:00,BRKR,88.62000274658203,88.62000274658203,88.62000274658203,88.62000274658203,88.62000274658203,169.0
2024-03-01 14:27:00,BTAI,3.194999933242798,3.194999933242798,3.194999933242798,3.194999933242798,3.194999933242798,400.0
2024-03-01 14:27:00,BTCY,0.9589999914169312,0.9589999914169312,0.9794999957084656,0.9589999914169312,0.9599999785423279,1059.0
2024-03-01 14:27:00,BTTX,0.18000000715255737,0.18000000715255737,0.18289999663829803,0.18000000715255737,0.18289999663829803,8475.0
2024-03-01 14:27:00,CABA,24.030000686645508,24.030000686645508,24.030000686645508,24.030000686645508,24.030000686645508,539.0
2024-03-01 14:27:00,CBAY,32.22999954223633,32.22999954223633,32.22999954223633,32.224998474121094,32.224998474121094,2807.0
2024-03-01 14:27:00,CCCC,10.994999885559082,10.994999885559082,11.0,10.994999885559082,11.0,745.0
2024-03-01 14:27:00,CCRN,18.229999542236328,18.229999542236328,18.235000610351562,18.229999542236328,18.235000610351562,874.0
2024-03-01 14:27:00,CDMO,8.1899995803833,8.1899995803833,8.1899995803833,8.1899995803833,8.1899995803833,181.0
2024-03-01 14:27:00,CDNA,12.788000106811523,12.788000106811523,12.788000106811523,12.760000228881836,12.760000228881836,1830.0
2024-03-01 14:27:00,CDXS,4.579999923706055,4.579999923706055,4.579999923706055,4.570000171661377,4.570000171661377,2237.0
2024-03-01 14:27:00,CELC,16.905000686645508,16.905000686645508,16.905000686645508,16.850000381469727,16.850000381469727,370.0
2024-03-01 14:27:00,CERE,41.092498779296875,41.092498779296875,41.099998474121094,41.092498779296875,41.092498779296875,898.0
2024-03-01 14:27:00,CERS,2.180000066757202,2.180000066757202,2.180000066757202,2.174999952316284,2.180000066757202,951.0
2024-03-01 14:27:00,CERT,18.0,18.0,18.0,17.969999313354492,17.979999542236328,10675.0
2024-03-01 14:27:00,CGC,3.2249999046325684,3.2249999046325684,3.2249999046325684,3.220099925994873,3.2249999046325684,1404.0
2024-03-01 14:27:00,CGEM,18.68000030517578,18.68000030517578,18.68000030517578,18.68000030517578,18.68000030517578,311.0
2024-03-01 14:27:00,CGTX,2.0399999618530273,2.0399999618530273,2.0399999618530273,2.0399999618530273,2.0399999618530273,297.0
2024-03-01 14:27:00,CHRS,2.4200000762939453,2.4200000762939453,2.4200000762939453,2.4149999618530273,2.4149999618530273,644.0
2024-03-01 14:27:00,CING,1.340499997138977,1.340499997138977,1.340499997138977,1.340499997138977,1.340499997138977,150.0
2024-03-01 14:27:00,CKPT,2.190000057220459,2.190000057220459,2.190000057220459,2.190000057220459,2.190000057220459,100.0
2024-03-01 14:27:00,CLDX,52.0099983215332,52.0099983215332,52.099998474121094,51.970001220703125,52.099998474121094,10290.0
2024-03-01 14:27:00,CLLS,2.609999895095825,2.609999895095825,2.609999895095825,2.609999895095825,2.609999895095825,153.0
2024-03-01 14:27:00,CLNN,0.38989999890327454,0.38989999890327454,0.38989999890327454,0.3889999985694885,0.3889999985694885,15000.0
2024-03-01 14:27:00,CLOV,0.8644000291824341,0.8644000291824341,0.8647000193595886,0.8640000224113464,0.8647000193595886,14219.0
2024-03-01 14:27:00,CLPT,6.490099906921387,6.490099906921387,6.510000228881836,6.460000038146973,6.460000038146973,2707.0
2024-03-01 14:27:00,CLRB,4.079999923706055,4.079999923706055,4.079999923706055,4.079999923706055,4.079999923706055,800.0
2024-03-01 14:27:00,CMAX,7.599999904632568,7.599999904632568,7.599999904632568,7.599999904632568,7.599999904632568,310.0
2024-03-01 14:27:00,CMPS,11.6899995803833,11.6899995803833,11.6899995803833,11.6899995803833,11.6899995803833,242.0
2024-03-01 14:27:00,CODX,1.159999966621399,1.159999966621399,1.160099983215332,1.159999966621399,1.159999966621399,8033.0
2024-03-01 14:27:00,COGT,7.275000095367432,7.275000095367432,7.275000095367432,7.275000095367432,7.275000095367432,953.0
2024-03-01 14:27:00,COLL,36.625,36.625,36.625,36.625,36.625,774.0
2024-03-01 14:27:00,CORT,24.296899795532227,24.296899795532227,24.299999237060547,24.290000915527344,24.299999237060547,1749.0
2024-03-01 14:27:00,CPRX,17.15999984741211,17.15999984741211,17.200000762939453,17.15999984741211,17.200000762939453,6509.0
2024-03-01 14:27:00,CPSI,9.5,9.5,9.5,9.5,9.5,1426.0
2024-03-01 14:27:00,CRBP,32.470001220703125,32.470001220703125,32.470001220703125,32.470001220703125,32.470001220703125,230.0
2024-03-01 14:27:00,CRBU,7.909999847412109,7.909999847412109,7.920199871063232,7.909999847412109,7.920000076293945,2824.0
2024-03-01 14:27:00,CRDF,2.5306999683380127,2.5306999683380127,2.5799999237060547,2.509999990463257,2.5102999210357666,29659.0
2024-03-01 14:27:00,CRDL,1.9500999450683594,1.9500999450683594,1.9500999450683594,1.9500999450683594,1.9500999450683594,1019.0
2024-03-01 14:27:00,CRNX,46.52000045776367,46.52000045776367,46.584999084472656,46.52000045776367,46.584999084472656,1927.0
2024-03-01 14:27:00,CRSP,85.50499725341797,85.50499725341797,85.51000213623047,85.50499725341797,85.51000213623047,440.0
2024-03-01 14:27:00,CRVS,2.1700000762939453,2.1700000762939453,2.1809000968933105,2.1700000762939453,2.1809000968933105,300.0
2024-03-01 14:27:00,CTKB,9.010000228881836,9.010000228881836,9.010000228881836,9.005000114440918,9.010000228881836,803.0
2024-03-01 14:27:00,CTMX,2.5399999618530273,2.5399999618530273,2.549999952316284,2.5399999618530273,2.5420000553131104,1525.0
2024-03-01 14:27:00,CUTR,2.3910000324249268,2.3910000324249268,2.3910000324249268,2.3910000324249268,2.3910000324249268,317.0
2024-03-01 14:27:00,CVAC,3.4749999046325684,3.4749999046325684,3.4800000190734863,3.4749999046325684,3.4800000190734863,500.0
2024-03-01 14:27:00,CYTK,73.29000091552734,73.29000091552734,73.37999725341797,73.25,73.37000274658203,6627.0
2024-03-01 14:27:00,DAWN,17.719999313354492,17.719999313354492,17.729999542236328,17.719999313354492,17.729999542236328,675.0
2024-03-01 14:27:00,DCPH,17.649999618530273,17.649999618530273,17.649999618530273,17.649999618530273,17.649999618530273,570.0
2024-03-01 14:27:00,DH,8.930000305175781,8.930000305175781,8.9399995803833,8.930000305175781,8.9399995803833,648.0
2024-03-01 14:27:00,DMTK,0.8499000072479248,0.8499000072479248,0.8499000072479248,0.8499000072479248,0.8499000072479248,629.0
2024-03-01 14:27:00,DNLI,21.395000457763672,21.395000457763672,21.395000457763672,21.395000457763672,21.395000457763672,603.0
2024-03-01 14:27:00,DTIL,12.454999923706055,12.454999923706055,12.454999923706055,12.454999923706055,12.454999923706055,271.0
2024-03-01 14:27:00,DVAX,12.835000038146973,12.835000038146973,12.845000267028809,12.824999809265137,12.829999923706055,4831.0
2024-03-01 14:27:00,DXCM,121.87999725341797,121.87999725341797,121.97000122070312,121.87999725341797,121.91000366210938,12343.0
2024-03-01 14:27:00,DYN,29.270000457763672,29.270000457763672,29.270000457763672,29.270000457763672,29.270000457763672,134.0
2024-03-01 14:27:00,EDIT,10.895000457763672,10.895000457763672,10.895000457763672,10.890000343322754,10.890000343322754,282.0
2024-03-01 14:27:00,EGRX,6.679999828338623,6.679999828338623,6.679999828338623,6.679999828338623,6.679999828338623,109.0
2024-03-01 14:27:00,ELEV,5.019999980926514,5.019999980926514,5.039999961853027,5.019999980926514,5.039999961853027,1625.0
2024-03-01 14:27:00,ENSG,121.90499877929688,121.90499877929688,121.93000030517578,121.90499877929688,121.90499877929688,568.0
2024-03-01 14:27:00,ENTX,1.399999976158142,1.399999976158142,1.399999976158142,1.399999976158142,1.399999976158142,287.0
2024-03-01 14:27:00,ENVB,1.5399999618530273,1.5399999618530273,1.5399999618530273,1.5199999809265137,1.5397000312805176,6660.0
2024-03-01 14:27:00,EOLS,14.789999961853027,14.789999961853027,14.8100004196167,14.789999961853027,14.8100004196167,627.0
2024-03-01 14:27:00,EPIX,9.449999809265137,9.449999809265137,9.53499984741211,9.449999809265137,9.53499984741211,2187.0
2024-03-01 14:27:00,ERAS,2.5299999713897705,2.5299999713897705,2.5299999713897705,2.5250000953674316,2.5250000953674316,549.0
2024-03-01 14:27:00,ESPR,2.549999952316284,2.549999952316284,2.555000066757202,2.549999952316284,2.555000066757202,5602.0
2024-03-01 14:27:00,ESTA,44.41999816894531,44.41999816894531,44.459999084472656,44.41999816894531,44.459999084472656,433.0
2024-03-01 14:27:00,ETNB,12.925000190734863,12.925000190734863,12.925000190734863,12.925000190734863,12.925000190734863,167.0
2024-03-01 14:27:00,EWTX,17.0049991607666,17.0049991607666,17.0049991607666,17.0049991607666,17.0049991607666,531.0
2024-03-01 14:27:00,EXAI,6.690000057220459,6.690000057220459,6.690000057220459,6.670000076293945,6.670000076293945,350.0
2024-03-01 14:27:00,EXAS,60.099998474121094,60.099998474121094,60.16999816894531,60.099998474121094,60.16999816894531,3050.0
2024-03-01 14:27:00,EXEL,22.43000030517578,22.43000030517578,22.440000534057617,22.43000030517578,22.440000534057617,698.0
2024-03-01 14:27:00,EYPT,27.889999389648438,27.889999389648438,27.889999389648438,27.889999389648438,27.889999389648438,351.0
2024-03-01 14:27:00,FATE,7.78000020980835,7.78000020980835,7.78000020980835,7.78000020980835,7.78000020980835,835.0
2024-03-01 14:27:00,FBIO,2.369999885559082,2.369999885559082,2.369999885559082,2.359999895095825,2.359999895095825,6027.0
2024-03-01 14:27:00,FDMT,29.290000915527344,29.290000915527344,29.350000381469727,29.280000686645508,29.290000915527344,1635.0
2024-03-01 14:27:00,FGEN,1.8550000190734863,1.8550000190734863,1.8550000190734863,1.850000023841858,1.850000023841858,2172.0
2024-03-01 14:27:00,FHTX,8.074999809265137,8.074999809265137,8.074999809265137,8.074999809265137,8.074999809265137,100.0
2024-03-01 14:27:00,FOLD,13.395000457763672,13.395000457763672,13.395000457763672,13.395000457763672,13.395000457763672,222.0
2024-03-01 14:27:00,FUSN,12.260000228881836,12.260000228881836,12.260000228881836,12.244999885559082,12.244999885559082,960.0
2024-03-01 14:27:00,FWBI,9.100000381469727,9.100000381469727,9.350000381469727,9.100000381469727,9.180000305175781,10895.0
2024-03-01 14:27:00,GDRX,8.369999885559082,8.369999885559082,8.369999885559082,8.369999885559082,8.369999885559082,376.0
2024-03-01 14:27:00,GERN,2.259999990463257,2.259999990463257,2.2750000953674316,2.259999990463257,2.2699999809265137,72767.0
2024-03-01 14:27:00,GH,19.1299991607666,19.1299991607666,19.1299991607666,19.1299991607666,19.1299991607666,419.0
2024-03-01 14:27:00,GILD,72.45500183105469,72.45500183105469,72.4800033569336,72.43000030517578,72.4800033569336,13428.0
2024-03-01 14:27:00,GLTO,0.777999997138977,0.777999997138977,0.8097000122070312,0.777999997138977,0.7900000214576721,27307.0
2024-03-01 14:27:00,GLUE,6.28000020980835,6.28000020980835,6.300000190734863,6.260000228881836,6.289999961853027,5000.0
2024-03-01 14:27:00,GMAB,29.43000030517578,29.43000030517578,29.43000030517578,29.43000030517578,29.43000030517578,657.0
2024-03-01 14:27:00,GMDA,0.3824000060558319,0.3824000060558319,0.38440001010894775,0.3824000060558319,0.38440001010894775,4658.0
2024-03-01 14:27:00,GOSS,1.4249999523162842,1.4249999523162842,1.4249999523162842,1.4199999570846558,1.4249999523162842,4801.0
2024-03-01 14:27:00,GOVX,2.549999952316284,2.549999952316284,2.549999952316284,2.549999952316284,2.549999952316284,108.0
2024-03-01 14:27:00,GRFS,7.011000156402588,7.011000156402588,7.014999866485596,7.010300159454346,7.014999866485596,4760.0
2024-03-01 14:27:00,GRTS,2.009999990463257,2.009999990463257,2.0250000953674316,2.009999990463257,2.0250000953674316,29414.0
2024-03-01 14:27:00,GRTX,0.2362000048160553,0.2362000048160553,0.2362000048160553,0.2362000048160553,0.2362000048160553,103.0
2024-03-01 14:27:00,GTHX,3.809999942779541,3.809999942779541,3.809999942779541,3.799999952316284,3.809999942779541,1760.0
2024-03-01 14:27:00,HALO,41.46500015258789,41.46500015258789,41.470001220703125,41.44499969482422,41.44499969482422,2815.0
2024-03-01 14:27:00,HCAT,8.229999542236328,8.229999542236328,8.229999542236328,8.220000267028809,8.220000267028809,888.0
2024-03-01 14:27:00,HCSG,12.6850004196167,12.6850004196167,12.6850004196167,12.680000305175781,12.680000305175781,1414.0
2024-03-01 14:27:00,HCTI,2.25,2.25,2.265000104904175,2.25,2.25,4470.0
2024-03-01 14:27:00,HOLX,74.37030029296875,74.37030029296875,74.37999725341797,74.37000274658203,74.37999725341797,817.0
2024-03-01 14:27:00,HOWL,7.010000228881836,7.010000228881836,7.010000228881836,7.010000228881836,7.010000228881836,207.0
2024-03-01 14:27:00,HRTX,2.609299898147583,2.609299898147583,2.609999895095825,2.5950000286102295,2.599100112915039,25822.0
2024-03-01 14:27:00,HSIC,76.80999755859375,76.80999755859375,76.81999969482422,76.80999755859375,76.81999969482422,473.0
2024-03-01 14:27:00,HUMA,3.234999895095825,3.234999895095825,3.2392001152038574,3.2200000286102295,3.2249999046325684,36798.0
2024-03-01 14:27:00,IART,36.34000015258789,36.34000015258789,36.34000015258789,36.34000015258789,36.34000015258789,432.0
2024-03-01 14:27:00,IBRX,4.875,4.875,4.875,4.864999771118164,4.864999771118164,8022.0
2024-03-01 14:27:00,ICCM,1.309999942779541,1.309999942779541,1.309999942779541,1.309999942779541,1.309999942779541,135.0
2024-03-01 14:27:00,ICLR,323.8699951171875,323.8699951171875,323.8699951171875,323.7900085449219,323.79998779296875,1542.0
2024-03-01 14:27:00,IDXX,579.25,579.25,580.219970703125,579.25,580.219970703125,327.0
2024-03-01 14:27:00,IDYA,46.67499923706055,46.67499923706055,46.67499923706055,46.67499923706055,46.67499923706055,120.0
2024-03-01 14:27:00,ILMN,141.82000732421875,141.82000732421875,141.85000610351562,141.77999877929688,141.7949981689453,1703.0
2024-03-01 14:27:00,IMAB,1.8200000524520874,1.8200000524520874,1.8200000524520874,1.8200000524520874,1.8200000524520874,1536.0
2024-03-01 14:27:00,IMCR,68.0,68.0,68.0,68.0,68.0,410.0
2024-03-01 14:27:00,IMMX,3.515000104904175,3.515000104904175,3.515000104904175,3.5000998973846436,3.5000998973846436,401.0
2024-03-01 14:27:00,IMNM,25.320100784301758,25.320100784301758,25.320100784301758,25.264999389648438,25.264999389648438,374.0
2024-03-01 14:27:00,IMVT,35.810001373291016,35.810001373291016,35.810001373291016,35.79999923706055,35.79999923706055,1513.0
2024-03-01 14:27:00,INCY,59.2400016784668,59.2400016784668,59.2400016784668,59.220001220703125,59.23500061035156,1563.0
2024-03-01 14:27:00,INGN,6.699999809265137,6.699999809265137,6.699999809265137,6.699999809265137,6.699999809265137,1181.0
2024-03-01 14:27:00,INMD,22.889999389648438,22.889999389648438,22.898700714111328,22.88089942932129,22.885000228881836,3041.0
2024-03-01 14:27:00,INO,9.6899995803833,9.6899995803833,9.6899995803833,9.6899995803833,9.6899995803833,230.0
2024-03-01 14:27:00,INSM,28.149999618530273,28.149999618530273,28.15999984741211,28.149999618530273,28.15999984741211,927.0
2024-03-01 14:27:00,INVA,15.430000305175781,15.430000305175781,15.4399995803833,15.430000305175781,15.4399995803833,641.0
2024-03-01 14:27:00,IONS,46.0099983215332,46.0099983215332,46.025001525878906,46.0099983215332,46.025001525878906,1086.0
2024-03-01 14:27:00,IOVA,16.985000610351562,16.985000610351562,16.989999771118164,16.979999542236328,16.979999542236328,6582.0
2024-03-01 14:27:00,IPSC,3.934999942779541,3.934999942779541,3.934999942779541,3.934999942779541,3.934999942779541,301.0
2024-03-01 14:27:00,IRMD,41.540000915527344,41.540000915527344,41.540000915527344,41.540000915527344,41.540000915527344,101.0
2024-03-01 14:27:00,IRTC,121.12999725341797,121.12999725341797,121.12999725341797,121.12999725341797,121.12999725341797,678.0
2024-03-01 14:27:00,IRWD,9.0649995803833,9.0649995803833,9.074999809265137,9.060099601745605,9.074999809265137,11607.0
2024-03-01 14:27:00,ISRG,397.7699890136719,397.7699890136719,397.7799987792969,397.6400146484375,397.67498779296875,2408.0
2024-03-01 14:27:00,ITCI,72.01000213623047,72.01000213623047,72.05500030517578,72.01000213623047,72.0199966430664,1098.0
2024-03-01 14:27:00,ITRM,1.2899999618530273,1.2899999618530273,1.2899999618530273,1.2899999618530273,1.2899999618530273,2200.0
2024-03-01 14:27:00,JAGX,0.0835999995470047,0.0835999995470047,0.08389999717473984,0.08309999853372574,0.08309999853372574,837586.0
2024-03-01 14:27:00,JAZZ,119.2300033569336,119.2300033569336,119.25,119.2300033569336,119.25,445.0
2024-03-01 14:27:00,JSPR,21.3700008392334,21.3700008392334,21.3700008392334,21.15999984741211,21.15999984741211,340.0
2024-03-01 14:27:00,JYNT,10.079999923706055,10.079999923706055,10.079999923706055,10.0600004196167,10.0600004196167,558.0
2024-03-01 14:27:00,KNSA,21.899999618530273,21.899999618530273,21.899999618530273,21.860000610351562,21.889999389648438,1180.0
2024-03-01 14:27:00,KNTE,2.5999999046325684,2.5999999046325684,2.6050000190734863,2.5950000286102295,2.5999999046325684,3966.0
2024-03-01 14:27:00,KPRX,0.6593000292778015,0.6593000292778015,0.6593000292778015,0.6579999923706055,0.6579999923706055,358.0
2024-03-01 14:27:00,KPTI,1.1749999523162842,1.1749999523162842,1.1799999475479126,1.1749999523162842,1.1749999523162842,1049.0
2024-03-01 14:27:00,KRON,1.0399999618530273,1.0399999618530273,1.0399999618530273,1.0399999618530273,1.0399999618530273,315.0
2024-03-01 14:27:00,KROS,69.66999816894531,69.66999816894531,69.66999816894531,69.66999816894531,69.66999816894531,106.0
2024-03-01 14:27:00,KRYS,169.2050018310547,169.2050018310547,169.2050018310547,169.2050018310547,169.2050018310547,713.0
2024-03-01 14:27:00,KTRA,0.10180000215768814,0.10180000215768814,0.10180000215768814,0.10180000215768814,0.10180000215768814,350.0
2024-03-01 14:27:00,KURA,21.885000228881836,21.885000228881836,21.920000076293945,21.8799991607666,21.920000076293945,3144.0
2024-03-01 14:27:00,KZR,1.0750000476837158,1.0750000476837158,1.0800000429153442,1.0750000476837158,1.0750000476837158,1154.0
2024-03-01 14:27:00,LAB,2.4700000286102295,2.4700000286102295,2.4700000286102295,2.4649999141693115,2.4649999141693115,939.0
2024-03-01 14:27:00,LBPH,21.829999923706055,21.829999923706055,21.829999923706055,21.829999923706055,21.829999923706055,1071.0
2024-03-01 14:27:00,LEXX,2.827899932861328,2.827899932861328,2.8299999237060547,2.819999933242798,2.8299999237060547,5452.0
2024-03-01 14:27:00,LFLY,2.984999895095825,2.984999895095825,2.984999895095825,2.984999895095825,2.984999895095825,100.0
2024-03-01 14:27:00,LFST,7.724999904632568,7.724999904632568,7.724999904632568,7.71999979019165,7.71999979019165,546.0
2024-03-01 14:27:00,LIFE,1.9149999618530273,1.9149999618530273,1.9149999618530273,1.9149999618530273,1.9149999618530273,100.0
2024-03-01 14:27:00,LPTX,2.890000104904175,2.890000104904175,2.9000000953674316,2.890000104904175,2.9000000953674316,300.0
2024-03-01 14:27:00,LQDA,14.729999542236328,14.729999542236328,14.729999542236328,14.720000267028809,14.720000267028809,567.0
2024-03-01 14:27:00,LRMR,11.385000228881836,11.385000228881836,11.385000228881836,11.385000228881836,11.385000228881836,208.0
2024-03-01 14:27:00,LTRN,4.381899833679199,4.381899833679199,4.381899833679199,4.381899833679199,4.381899833679199,723.0
2024-03-01 14:27:00,LUCD,1.2314000129699707,1.2314000129699707,1.2314000129699707,1.2314000129699707,1.2314000129699707,221.0
2024-03-01 14:27:00,LVTX,2.759999990463257,2.759999990463257,2.7699999809265137,2.759999990463257,2.759999990463257,3010.0
2024-03-01 14:27:00,LXRX,2.5199999809265137,2.5199999809265137,2.5199999809265137,2.509999990463257,2.509999990463257,620.0
2024-03-01 14:27:00,LYEL,3.1600000858306885,3.1600000858306885,3.1649999618530273,3.1600000858306885,3.1649999618530273,2106.0
2024-03-01 14:27:00,MASI,127.12000274658203,127.12000274658203,127.12999725341797,127.0999984741211,127.0999984741211,1357.0
2024-03-01 14:27:00,MASS,7.380000114440918,7.380000114440918,7.380000114440918,7.380000114440918,7.380000114440918,204.0
2024-03-01 14:27:00,MCRB,1.2300000190734863,1.2300000190734863,1.2400000095367432,1.2300000190734863,1.2384999990463257,3372.0
2024-03-01 14:27:00,MDRX,6.0,6.0,6.039999961853027,6.0,6.039999961853027,2160.0
2024-03-01 14:27:00,MDXG,8.670000076293945,8.670000076293945,8.670000076293945,8.670000076293945,8.670000076293945,272.0
2024-03-01 14:27:00,ME,0.5638999938964844,0.5638999938964844,0.5648999810218811,0.5638999938964844,0.5648999810218811,1400.0
2024-03-01 14:27:00,MGNX,19.063199996948242,19.063199996948242,19.063199996948242,19.063199996948242,19.063199996948242,1048.0
2024-03-01 14:27:00,MIRM,29.709999084472656,29.709999084472656,29.729999542236328,29.700000762939453,29.729999542236328,1438.0
2024-03-01 14:27:00,MIST,1.6950000524520874,1.6950000524520874,1.6950000524520874,1.6950000524520874,1.6950000524520874,221.0
2024-03-01 14:27:00,MLTX,50.7400016784668,50.7400016784668,50.7400016784668,50.7400016784668,50.7400016784668,200.0
2024-03-01 14:27:00,MNKD,4.525000095367432,4.525000095367432,4.53000020980835,4.525000095367432,4.525000095367432,691.0
2024-03-01 14:27:00,MNMD,6.211100101470947,6.211100101470947,6.211100101470947,6.204999923706055,6.204999923706055,1355.0
2024-03-01 14:27:00,MODV,28.010000228881836,28.010000228881836,28.014999389648438,28.010000228881836,28.014999389648438,320.0
2024-03-01 14:27:00,MOR,17.549999237060547,17.549999237060547,17.549999237060547,17.549999237060547,17.549999237060547,100.0
2024-03-01 14:27:00,MORF,39.689998626708984,39.689998626708984,39.689998626708984,39.66999816894531,39.68000030517578,475.0
2024-03-01 14:27:00,MREO,4.019999980926514,4.019999980926514,4.019999980926514,4.019999980926514,4.019999980926514,250.0
2024-03-01 14:27:00,MRNA,95.08999633789062,95.08999633789062,95.12000274658203,94.97000122070312,95.02999877929688,5594.0
2024-03-01 14:27:00,MRNS,10.377699851989746,10.377699851989746,10.377699851989746,10.377699851989746,10.377699851989746,431.0
2024-03-01 14:27:00,MRSN,5.980000019073486,5.980000019073486,5.985000133514404,5.96999979019165,5.985000133514404,2706.0
2024-03-01 14:27:00,MRUS,51.099998474121094,51.099998474121094,51.099998474121094,51.09000015258789,51.099998474121094,340.0
2024-03-01 14:27:00,MRVI,7.795000076293945,7.795000076293945,7.795000076293945,7.795000076293945,7.795000076293945,1328.0
2024-03-01 14:27:00,MXCT,4.744999885559082,4.744999885559082,4.744999885559082,4.744999885559082,4.744999885559082,226.0
2024-03-01 14:27:00,MYGN,22.125,22.125,22.1299991607666,22.1200008392334,22.1200008392334,1319.0
2024-03-01 14:27:00,NAOV,1.0,1.0,1.0,1.0,1.0,101.0
2024-03-01 14:27:00,NARI,45.959999084472656,45.959999084472656,45.959999084472656,45.90999984741211,45.90999984741211,1253.0
2024-03-01 14:27:00,NBIX,131.39999389648438,131.39999389648438,131.39999389648438,131.39999389648438,131.39999389648438,259.0
2024-03-01 14:27:00,NEO,16.100000381469727,16.100000381469727,16.100000381469727,16.09000015258789,16.094999313354492,1124.0
2024-03-01 14:27:00,NEOG,17.383899688720703,17.383899688720703,17.399999618530273,17.383899688720703,17.399999618530273,2834.0
2024-03-01 14:27:00,NGM,1.5199999809265137,1.5199999809265137,1.524999976158142,1.5199999809265137,1.524999976158142,1345.0
2024-03-01 14:27:00,NKTX,12.630000114440918,12.630000114440918,12.65999984741211,12.630000114440918,12.65999984741211,869.0
2024-03-01 14:27:00,NNOX,10.845000267028809,10.845000267028809,10.849699974060059,10.829999923706055,10.829999923706055,3041.0
2024-03-01 14:27:00,NOTV,8.03499984741211,8.03499984741211,8.125,8.03499984741211,8.119999885559082,10653.0
2024-03-01 14:27:00,NPCE,16.309999465942383,16.309999465942383,16.420000076293945,16.280000686645508,16.280000686645508,808.0
2024-03-01 14:27:00,NRBO,6.289999961853027,6.289999961853027,6.289999961853027,6.289999961853027,6.289999961853027,111.0
2024-03-01 14:27:00,NRC,40.58000183105469,40.58000183105469,40.599998474121094,40.58000183105469,40.599998474121094,446.0
2024-03-01 14:27:00,NRIX,13.571100234985352,13.571100234985352,13.600000381469727,13.569999694824219,13.600000381469727,1224.0
2024-03-01 14:27:00,NRSN,2.0399999618530273,2.0399999618530273,2.0399999618530273,2.0399999618530273,2.0399999618530273,506.0
2024-03-01 14:27:00,NRXP,0.41609999537467957,0.41609999537467957,0.41609999537467957,0.416049987077713,0.416049987077713,780.0
2024-03-01 14:27:00,NTLA,33.47999954223633,33.47999954223633,33.4900016784668,33.47999954223633,33.4900016784668,2377.0
2024-03-01 14:27:00,NTRA,89.33999633789062,89.33999633789062,89.37750244140625,89.29499816894531,89.29499816894531,5538.0
2024-03-01 14:27:00,NUTX,0.11330000311136246,0.11330000311136246,0.11330000311136246,0.11330000311136246,0.11330000311136246,708.0
2024-03-01 14:27:00,NUVL,87.51000213623047,87.51000213623047,87.51000213623047,87.51000213623047,87.51000213623047,922.0
2024-03-01 14:27:00,NVAX,5.276700019836426,5.276700019836426,5.28000020980835,5.272299766540527,5.28000020980835,18638.0
2024-03-01 14:27:00,NVCR,16.049999237060547,16.049999237060547,16.049999237060547,16.040000915527344,16.04990005493164,837.0
2024-03-01 14:27:00,NXTC,1.8200000524520874,1.8200000524520874,1.8200000524520874,1.7999999523162842,1.7999999523162842,2900.0
2024-03-01 14:27:00,OCGN,0.9513999819755554,0.9513999819755554,0.9513999819755554,0.9509999752044678,0.9510999917984009,1628.0
2024-03-01 14:27:00,OCUL,10.729999542236328,10.729999542236328,10.739999771118164,10.729999542236328,10.739999771118164,1657.0
2024-03-01 14:27:00,OCX,2.94950008392334,2.94950008392334,2.94950008392334,2.94950008392334,2.94950008392334,258.0
2024-03-01 14:27:00,OLK,23.039400100708008,23.039400100708008,23.039400100708008,22.954999923706055,22.954999923706055,23399.0
2024-03-01 14:27:00,OM,3.184999942779541,3.184999942779541,3.190000057220459,3.184999942779541,3.190000057220459,1119.0
2024-03-01 14:27:00,OMGA,4.400000095367432,4.400000095367432,4.400000095367432,4.400000095367432,4.400000095367432,528.0
2024-03-01 14:28:00,AADI,1.9800000190734863,1.9800000190734863,1.9900000095367432,1.9800000190734863,1.9900000095367432,821.0
2024-03-01 14:28:00,ABCL,5.15500020980835,5.15500020980835,5.15500020980835,5.15500020980835,5.15500020980835,538.0
2024-03-01 14:28:00,ABEO,7.789999961853027,7.789999961853027,7.789999961853027,7.789999961853027,7.789999961853027,645.0
2024-03-01 14:28:00,ABOS,4.635000228881836,4.635000228881836,4.635000228881836,4.630000114440918,4.630000114440918,461.0
2024-03-01 14:28:00,ABSI,5.514999866485596,5.514999866485596,5.53000020980835,5.5,5.510000228881836,4367.0
2024-03-01 14:28:00,ACAD,24.200000762939453,24.200000762939453,24.219999313354492,24.200000762939453,24.219999313354492,6195.0
2024-03-01 14:28:00,ACB,3.1963000297546387,3.1963000297546387,3.1963000297546387,3.1963000297546387,3.1963000297546387,406.0
2024-03-01 14:28:00,ACET,2.4049999713897705,2.4049999713897705,2.4049999713897705,2.4000000953674316,2.4049999713897705,520.0
2024-03-01 14:28:00,ACHC,84.44999694824219,84.44999694824219,84.44999694824219,84.44999694824219,84.44999694824219,525.0
2024-03-01 14:28:00,ACHL,1.3698999881744385,1.3698999881744385,1.3698999881744385,1.3698999881744385,1.3698999881744385,1533.0
2024-03-01 14:28:00,ACLX,68.6500015258789,68.6500015258789,68.6500015258789,68.6500015258789,68.6500015258789,125.0
2024-03-01 14:28:00,ACRS,1.2350000143051147,1.2350000143051147,1.2400000095367432,1.2300000190734863,1.2300000190734863,30431.0
2024-03-01 14:28:00,ADIL,3.109999895095825,3.109999895095825,3.4600000381469727,3.049999952316284,3.450000047683716,236403.0
2024-03-01 14:28:00,ADMA,5.539999961853027,5.539999961853027,5.545000076293945,5.539999961853027,5.545000076293945,556.0
2024-03-01 14:28:00,ADPT,4.110000133514404,4.110000133514404,4.110000133514404,4.099999904632568,4.099999904632568,4592.0
2024-03-01 14:28:00,ADVM,1.9800000190734863,1.9800000190734863,1.9800000190734863,1.975000023841858,1.9800000190734863,2535.0
2024-03-01 14:28:00,AGEN,0.6700000166893005,0.6700000166893005,0.6700999736785889,0.6700000166893005,0.6700000166893005,4815.0
2024-03-01 14:28:00,AHCO,10.505000114440918,10.505000114440918,10.505000114440918,10.5,10.505000114440918,850.0
2024-03-01 14:28:00,AIH,0.5,0.5,0.5,0.5,0.5,100.0
2024-03-01 14:28:00,AIMD,0.949999988079071,0.949999988079071,0.949999988079071,0.949999988079071,0.949999988079071,300.0
2024-03-01 14:28:00,AKAN,0.20999999344348907,0.20999999344348907,0.20999999344348907,0.20999999344348907,0.20999999344348907,3188.0
2024-03-01 14:28:00,AKBA,1.6799999475479126,1.6799999475479126,1.6875,1.6799999475479126,1.6875,700.0
2024-03-01 14:28:00,AKLI,0.35100001096725464,0.35100001096725464,0.35530000925064087,0.35100001096725464,0.35530000925064087,1900.0
2024-03-01 14:28:00,AKRO,29.329999923706055,29.329999923706055,29.389999389648438,29.329999923706055,29.389999389648438,2754.0
2024-03-01 14:28:00,AKYA,6.056099891662598,6.056099891662598,6.056099891662598,6.056099891662598,6.056099891662598,501.0
2024-03-01 14:28:00,ALDX,4.309999942779541,4.309999942779541,4.310999870300293,4.309999942779541,4.310999870300293,413.0
2024-03-01 14:28:00,ALEC,7.5,7.5,7.5,7.5,7.5,142.0
2024-03-01 14:28:00,ALGN,302.260009765625,302.260009765625,302.260009765625,302.20001220703125,302.20001220703125,1375.0
2024-03-01 14:28:00,ALHC,5.739999771118164,5.739999771118164,5.739999771118164,5.739999771118164,5.739999771118164,388.0
2024-03-01 14:28:00,ALKS,30.264999389648438,30.264999389648438,30.264999389648438,30.264999389648438,30.264999389648438,788.0
2024-03-01 14:28:00,ALLK,1.660599946975708,1.660599946975708,1.6649999618530273,1.660599946975708,1.6649999618530273,4230.0
2024-03-01 14:28:00,ALLO,5.019999980926514,5.019999980926514,5.019999980926514,5.019999980926514,5.019999980926514,359.0
2024-03-01 14:28:00,ALNY,153.38499450683594,153.38499450683594,153.51499938964844,153.38499450683594,153.51499938964844,1675.0
2024-03-01 14:28:00,ALPN,36.22999954223633,36.22999954223633,36.22999954223633,36.209999084472656,36.209999084472656,398.0
2024-03-01 14:28:00,ALT,12.0649995803833,12.0649995803833,12.069999694824219,12.039999961853027,12.069999694824219,11388.0
2024-03-01 14:28:00,ALVR,0.7558000087738037,0.7558000087738037,0.7562000155448914,0.7558000087738037,0.7562000155448914,1422.0
2024-03-01 14:28:00,AMED,93.61499786376953,93.61499786376953,93.62000274658203,93.54000091552734,93.54000091552734,3749.0
2024-03-01 14:28:00,AMGN,281.17230224609375,281.17230224609375,281.17999267578125,281.0824890136719,281.0824890136719,2361.0
2024-03-01 14:28:00,AMLX,18.65999984741211,18.65999984741211,18.68000030517578,18.65999984741211,18.68000030517578,1510.0
2024-03-01 14:28:00,AMPH,45.56999969482422,45.56999969482422,45.56999969482422,45.56999969482422,45.56999969482422,267.0
2024-03-01 14:28:00,AMRN,1.0549999475479126,1.0549999475479126,1.0549999475479126,1.0549999475479126,1.0549999475479126,570.0
2024-03-01 14:28:00,ANGO,5.5,5.5,5.5,5.5,5.5,108.0
2024-03-01 14:28:00,ANNX,6.110000133514404,6.110000133514404,6.119999885559082,6.110000133514404,6.110000133514404,1718.0
2024-03-01 14:28:00,APLS,64.57499694824219,64.57499694824219,64.57499694824219,64.52999877929688,64.52999877929688,721.0
2024-03-01 14:28:00,APLT,7.074999809265137,7.074999809265137,7.090000152587891,7.070000171661377,7.070000171661377,1184.0
2024-03-01 14:28:00,APVO,0.16019999980926514,0.16019999980926514,0.16019999980926514,0.16019999980926514,0.16019999980926514,200.0
2024-03-01 14:28:00,AQST,4.130000114440918,4.130000114440918,4.133299827575684,4.130000114440918,4.130000114440918,2431.0
2024-03-01 14:28:00,ARAY,2.6449999809265137,2.6449999809265137,2.6449999809265137,2.6449999809265137,2.6449999809265137,113.0
2024-03-01 14:28:00,ARCT,39.64500045776367,39.64500045776367,39.64500045776367,39.64500045776367,39.64500045776367,124.0
2024-03-01 14:28:00,ARDX,9.489100456237793,9.489100456237793,9.5,9.484999656677246,9.5,6479.0
2024-03-01 14:28:00,ARGX,393.5150146484375,393.5150146484375,393.5150146484375,393.3599853515625,393.3599853515625,314.0
2024-03-01 14:28:00,ARQT,11.729999542236328,11.729999542236328,11.739999771118164,11.72659969329834,11.734999656677246,9602.0
2024-03-01 14:28:00,ARWR,35.29999923706055,35.29999923706055,35.36000061035156,35.2599983215332,35.349998474121094,21367.0
2024-03-01 14:28:00,ASLN,0.7396000027656555,0.7396000027656555,0.7396000027656555,0.7396000027656555,0.7396000027656555,1300.0
2024-03-01 14:28:00,ASND,153.1999969482422,153.1999969482422,153.1999969482422,152.99000549316406,152.99000549316406,345.0
2024-03-01 14:28:00,ASRT,0.9024999737739563,0.9024999737739563,0.9024999737739563,0.9024999737739563,0.9024999737739563,600.0
2024-03-01 14:28:00,ATAI,2.1700000762939453,2.1700000762939453,2.1700000762939453,2.1649999618530273,2.168800115585327,11885.0
2024-03-01 14:28:00,ATEC,13.404999732971191,13.404999732971191,13.40999984741211,13.404999732971191,13.40999984741211,1304.0
2024-03-01 14:28:00,ATHA,3.990000009536743,3.990000009536743,4.0,3.990000009536743,4.0,755.0
2024-03-01 14:28:00,ATRA,0.7914999723434448,0.7914999723434448,0.7914999723434448,0.7883999943733215,0.7904000282287598,4614.0
2024-03-01 14:28:00,ATXS,14.960000038146973,14.960000038146973,14.960000038146973,14.960000038146973,14.960000038146973,486.0
2024-03-01 14:28:00,AUGX,4.519999980926514,4.519999980926514,4.519999980926514,4.519999980926514,4.519999980926514,109.0
2024-03-01 14:28:00,AUPH,5.815000057220459,5.815000057220459,5.820000171661377,5.815000057220459,5.820000171661377,1622.0
2024-03-01 14:28:00,AUTL,6.349999904632568,6.349999904632568,6.349999904632568,6.34499979019165,6.34499979019165,500.0
2024-03-01 14:28:00,AVDL,13.21500015258789,13.21500015258789,13.25,13.21500015258789,13.25,8076.0
2024-03-01 14:28:00,AVXL,5.364999771118164,5.364999771118164,5.364999771118164,5.364999771118164,5.364999771118164,286.0
2024-03-01 14:28:00,AXNX,67.47000122070312,67.47000122070312,67.47000122070312,67.41999816894531,67.41999816894531,5431.0
2024-03-01 14:28:00,AXSM,82.2750015258789,82.2750015258789,82.33000183105469,82.26000213623047,82.2699966430664,1351.0
2024-03-01 14:28:00,AZN,64.69999694824219,64.69999694824219,64.70999908447266,64.69499969482422,64.70999908447266,7653.0
2024-03-01 14:28:00,BBIO,36.025001525878906,36.025001525878906,36.025001525878906,36.01559829711914,36.01559829711914,479.0
2024-03-01 14:28:00,BCAB,2.740000009536743,2.740000009536743,2.7750000953674316,2.740000009536743,2.7750000953674316,2385.0
2024-03-01 14:28:00,BCYC,25.8700008392334,25.8700008392334,25.8700008392334,25.8700008392334,25.8700008392334,255.0
2024-03-01 14:28:00,BDTX,4.730000019073486,4.730000019073486,4.760000228881836,4.718100070953369,4.760000228881836,12711.0
2024-03-01 14:28:00,BEAM,40.04499816894531,40.04499816894531,40.130001068115234,40.029998779296875,40.130001068115234,5279.0
2024-03-01 14:28:00,BGXX,0.25529998540878296,0.25529998540878296,0.25529998540878296,0.25529998540878296,0.25529998540878296,1200.0
2024-03-01 14:28:00,BIIB,221.1199951171875,221.1199951171875,221.1199951171875,221.1199951171875,221.1199951171875,1248.0
2024-03-01 14:28:00,BIOL,0.14300000667572021,0.14300000667572021,0.14300000667572021,0.1428000032901764,0.1428000032901764,1105.0
2024-03-01 14:28:00,BIOR,1.1299999952316284,1.1299999952316284,1.1299999952316284,1.1299999952316284,1.1299999952316284,1180.0
2024-03-01 14:28:00,BIVI,2.01990008354187,2.01990008354187,2.01990008354187,1.9900000095367432,2.009999990463257,18444.0
2024-03-01 14:28:00,BLFS,18.200000762939453,18.200000762939453,18.200000762939453,18.149999618530273,18.190000534057617,1912.0
2024-03-01 14:28:00,BLUE,1.590000033378601,1.590000033378601,1.5950000286102295,1.590000033378601,1.5950000286102295,3650.0
2024-03-01 14:28:00,BMRA,1.2050000429153442,1.2050000429153442,1.2050000429153442,1.2000000476837158,1.2000000476837158,745.0
2024-03-01 14:28:00,BMRN,88.0,88.0,88.04499816894531,87.98999786376953,88.04000091552734,3529.0
2024-03-01 14:28:00,BNGO,1.2649999856948853,1.2649999856948853,1.2649999856948853,1.2649999856948853,1.2649999856948853,200.0
2024-03-01 14:28:00,BNTX,91.19499969482422,91.19499969482422,91.19499969482422,91.19499969482422,91.19499969482422,270.0
2024-03-01 14:28:00,BRKR,88.6073989868164,88.6073989868164,88.6073989868164,88.6073989868164,88.6073989868164,246.0
2024-03-01 14:28:00,BTAI,3.194999933242798,3.194999933242798,3.200000047683716,3.190000057220459,3.190000057220459,6652.0
2024-03-01 14:28:00,BTCY,0.9990000128746033,0.9990000128746033,0.9990000128746033,0.9990000128746033,0.9990000128746033,100.0
2024-03-01 14:28:00,BTTX,0.18046599626541138,0.18046599626541138,0.18150000274181366,0.18000000715255737,0.18150000274181366,1277.0
2024-03-01 14:28:00,CABA,24.030000686645508,24.030000686645508,24.030000686645508,24.030000686645508,24.030000686645508,318.0
2024-03-01 14:28:00,CBAY,32.224998474121094,32.224998474121094,32.22999954223633,32.220001220703125,32.22999954223633,6925.0
2024-03-01 14:28:00,CCCC,10.989999771118164,10.989999771118164,10.994999885559082,10.975000381469727,10.994999885559082,3722.0
2024-03-01 14:28:00,CDMO,8.170000076293945,8.170000076293945,8.170000076293945,8.170000076293945,8.170000076293945,1013.0
2024-03-01 14:28:00,CDNA,12.79800033569336,12.79800033569336,12.800000190734863,12.789999961853027,12.789999961853027,2382.0
2024-03-01 14:28:00,CDXS,4.570000171661377,4.570000171661377,4.579999923706055,4.570000171661377,4.579999923706055,1200.0
2024-03-01 14:28:00,CELC,16.940000534057617,16.940000534057617,16.940000534057617,16.899999618530273,16.899999618530273,308.0
2024-03-01 14:28:00,CERE,41.09000015258789,41.09000015258789,41.09000015258789,41.09000015258789,41.09000015258789,327.0
2024-03-01 14:28:00,CERS,2.1798999309539795,2.1798999309539795,2.180000066757202,2.174999952316284,2.180000066757202,1988.0
2024-03-01 14:28:00,CERT,18.059999465942383,18.059999465942383,18.059999465942383,17.989999771118164,18.0,86629.0
2024-03-01 14:28:00,CGC,3.2249999046325684,3.2249999046325684,3.2300000190734863,3.2200000286102295,3.2249999046325684,8383.0
2024-03-01 14:28:00,CGEM,18.690000534057617,18.690000534057617,18.690000534057617,18.690000534057617,18.690000534057617,239.0
2024-03-01 14:28:00,CGEN,2.674999952316284,2.674999952316284,2.674999952316284,2.674999952316284,2.674999952316284,200.0
2024-03-01 14:28:00,CHRS,2.4149999618530273,2.4149999618530273,2.4149999618530273,2.4149999618530273,2.4149999618530273,100.0
2024-03-01 14:28:00,CING,1.3300000429153442,1.3300000429153442,1.3300000429153442,1.3300000429153442,1.3300000429153442,122.0
2024-03-01 14:28:00,CJJD,2.890000104904175,2.890000104904175,2.890000104904175,2.890000104904175,2.890000104904175,311.0
2024-03-01 14:28:00,CKPT,2.2049999237060547,2.2049999237060547,2.2049999237060547,2.1900999546051025,2.1900999546051025,5400.0
2024-03-01 14:28:00,CLDX,52.13999938964844,52.13999938964844,52.13999938964844,52.01499938964844,52.029998779296875,4814.0
2024-03-01 14:28:00,CLOV,0.8641999959945679,0.8641999959945679,0.8644000291824341,0.8640999794006348,0.8644000291824341,2771.0
2024-03-01 14:28:00,CLPT,6.489999771118164,6.489999771118164,6.550000190734863,6.489999771118164,6.550000190734863,812.0
2024-03-01 14:28:00,CLRB,4.079999923706055,4.079999923706055,4.079999923706055,4.079999923706055,4.079999923706055,1476.0
2024-03-01 14:28:00,CMPS,11.670000076293945,11.670000076293945,11.6899995803833,11.670000076293945,11.6899995803833,1378.0
2024-03-01 14:28:00,CMPX,1.861799955368042,1.861799955368042,1.861799955368042,1.861799955368042,1.861799955368042,760.0
2024-03-01 14:28:00,CMRX,1.1953999996185303,1.1953999996185303,1.1953999996185303,1.1953999996185303,1.1953999996185303,204.0
2024-03-01 14:28:00,COGT,7.255000114440918,7.255000114440918,7.269999980926514,7.255000114440918,7.269999980926514,4401.0
2024-03-01 14:28:00,CORT,24.290000915527344,24.290000915527344,24.290000915527344,24.290000915527344,24.290000915527344,472.0
2024-03-01 14:28:00,CPRX,17.170000076293945,17.170000076293945,17.170000076293945,17.149999618530273,17.149999618530273,4222.0
2024-03-01 14:28:00,CRBU,7.900000095367432,7.900000095367432,7.914999961853027,7.889999866485596,7.914999961853027,4689.0
2024-03-01 14:28:00,CRDF,2.5318000316619873,2.5318000316619873,2.549999952316284,2.5299999713897705,2.540299892425537,15171.0
2024-03-01 14:28:00,CRMD,3.684999942779541,3.684999942779541,3.684999942779541,3.684999942779541,3.684999942779541,101.0
2024-03-01 14:28:00,CRNX,46.540000915527344,46.540000915527344,46.540000915527344,46.470001220703125,46.470001220703125,700.0
2024-03-01 14:28:00,CRON,2.049999952316284,2.049999952316284,2.049999952316284,2.0450000762939453,2.0450000762939453,731.0
2024-03-01 14:28:00,CRSP,85.43000030517578,85.43000030517578,85.5105972290039,85.43000030517578,85.5105972290039,1047.0
2024-03-01 14:28:00,CRVS,2.180000066757202,2.180000066757202,2.1898000240325928,2.1700000762939453,2.180000066757202,2100.0
2024-03-01 14:28:00,CTKB,9.010000228881836,9.010000228881836,9.010000228881836,9.010000228881836,9.010000228881836,1023.0
2024-03-01 14:28:00,CTMX,2.5399999618530273,2.5399999618530273,2.5450000762939453,2.5399999618530273,2.5450000762939453,602.0
2024-03-01 14:28:00,CTXR,0.7723000049591064,0.7723000049591064,0.7724000215530396,0.7723000049591064,0.7724000215530396,841.0
2024-03-01 14:28:00,CUTR,2.3949999809265137,2.3949999809265137,2.3949999809265137,2.3949999809265137,2.3949999809265137,700.0
2024-03-01 14:28:00,CVAC,3.4749999046325684,3.4749999046325684,3.4749999046325684,3.4749999046325684,3.4749999046325684,932.0
2024-03-01 14:28:00,CYTK,73.2699966430664,73.2699966430664,73.33999633789062,73.23999786376953,73.31500244140625,2868.0
2024-03-01 14:28:00,DAWN,17.68000030517578,17.68000030517578,17.719999313354492,17.68000030517578,17.719999313354492,6203.0
2024-03-01 14:28:00,DCPH,17.639999389648438,17.639999389648438,17.649999618530273,17.6299991607666,17.639999389648438,1289.0
2024-03-01 14:28:00,DH,8.949999809265137,8.949999809265137,8.949999809265137,8.949999809265137,8.949999809265137,100.0
2024-03-01 14:28:00,DMTK,0.8499000072479248,0.8499000072479248,0.8499000072479248,0.8449490070343018,0.8449490070343018,2207.0
2024-03-01 14:28:00,DNLI,21.334999084472656,21.334999084472656,21.40999984741211,21.334999084472656,21.40999984741211,4026.0
2024-03-01 14:28:00,DRRX,0.9950500130653381,0.9950500130653381,1.0,0.9901000261306763,0.9901000261306763,801.0
2024-03-01 14:28:00,DTIL,12.454999923706055,12.454999923706055,12.470000267028809,12.454999923706055,12.470000267028809,3710.0
2024-03-01 14:28:00,DVAX,12.835000038146973,12.835000038146973,12.835000038146973,12.835000038146973,12.835000038146973,203.0
2024-03-01 14:28:00,DXCM,121.91999816894531,121.91999816894531,121.95999908447266,121.87999725341797,121.87999725341797,6756.0
2024-03-01 14:28:00,DYN,29.295000076293945,29.295000076293945,29.31999969482422,29.295000076293945,29.309999465942383,1710.0
2024-03-01 14:28:00,DYNT,0.5145999789237976,0.5145999789237976,0.5145999789237976,0.5145999789237976,0.5145999789237976,214.0
2024-03-01 14:28:00,EDIT,10.890000343322754,10.890000343322754,10.890000343322754,10.885000228881836,10.890000343322754,3277.0
2024-03-01 14:28:00,EFTR,16.100000381469727,16.100000381469727,16.100000381469727,16.09000015258789,16.09000015258789,1714.0
2024-03-01 14:28:00,ELDN,1.8242000341415405,1.8242000341415405,1.8242000341415405,1.809999942779541,1.809999942779541,2857.0
2024-03-01 14:28:00,ELEV,5.019999980926514,5.019999980926514,5.03000020980835,5.019999980926514,5.019999980926514,1256.0
2024-03-01 14:28:00,ENSG,121.90499877929688,121.90499877929688,121.90499877929688,121.90499877929688,121.90499877929688,207.0
2024-03-01 14:28:00,ENTA,15.449999809265137,15.449999809265137,15.449999809265137,15.449999809265137,15.449999809265137,332.0
2024-03-01 14:28:00,ENVB,1.5199999809265137,1.5199999809265137,1.5214999914169312,1.5199999809265137,1.5214999914169312,300.0
2024-03-01 14:28:00,EPIX,9.449999809265137,9.449999809265137,9.449999809265137,9.449999809265137,9.449999809265137,226.0
2024-03-01 14:28:00,EQ,2.4800000190734863,2.4800000190734863,2.4800000190734863,2.4800000190734863,2.4800000190734863,120.0
2024-03-01 14:28:00,ERAS,2.515000104904175,2.515000104904175,2.5250000953674316,2.509999990463257,2.5250000953674316,14650.0
2024-03-01 14:28:00,ESPR,2.555000066757202,2.555000066757202,2.555000066757202,2.549999952316284,2.549999952316284,2837.0
2024-03-01 14:28:00,ESTA,44.529998779296875,44.529998779296875,44.83000183105469,44.48749923706055,44.494998931884766,39370.0
2024-03-01 14:28:00,ETNB,12.890000343322754,12.890000343322754,12.925000190734863,12.890000343322754,12.925000190734863,3555.0
2024-03-01 14:28:00,EVGN,0.9710000157356262,0.9710000157356262,0.9710000157356262,0.9710000157356262,0.9710000157356262,215.0
2024-03-01 14:28:00,EWTX,16.989999771118164,16.989999771118164,16.989999771118164,16.989999771118164,16.989999771118164,548.0
2024-03-01 14:28:00,EXAI,6.670000076293945,6.670000076293945,6.690000057220459,6.670000076293945,6.690000057220459,317.0
2024-03-01 14:28:00,EXAS,60.130001068115234,60.130001068115234,60.13999938964844,60.099998474121094,60.099998474121094,3007.0
2024-03-01 14:28:00,EXEL,22.434999465942383,22.434999465942383,22.440000534057617,22.43000030517578,22.43000030517578,2378.0
2024-03-01 14:28:00,EYEN,2.3499999046325684,2.3499999046325684,2.3499999046325684,2.3499999046325684,2.3499999046325684,146.0
2024-03-01 14:28:00,EYPT,27.920000076293945,27.920000076293945,27.920000076293945,27.920000076293945,27.920000076293945,127.0
2024-03-01 14:28:00,FATE,7.760000228881836,7.760000228881836,7.78000020980835,7.760000228881836,7.78000020980835,1897.0
2024-03-01 14:28:00,FBIO,2.359999895095825,2.359999895095825,2.369999885559082,2.359999895095825,2.369999885559082,617.0
2024-03-01 14:28:00,FDMT,29.329999923706055,29.329999923706055,29.329999923706055,29.274999618530273,29.274999618530273,465.0
2024-03-01 14:28:00,FGEN,1.850000023841858,1.850000023841858,1.850000023841858,1.850000023841858,1.850000023841858,1783.0
2024-03-01 14:28:00,FHTX,8.020000457763672,8.020000457763672,8.020000457763672,8.020000457763672,8.020000457763672,229.0
2024-03-01 14:28:00,FLGT,23.219999313354492,23.219999313354492,23.219999313354492,23.219999313354492,23.219999313354492,924.0
2024-03-01 14:28:00,FOLD,13.382499694824219,13.382499694824219,13.395000457763672,13.382499694824219,13.395000457763672,3125.0
2024-03-01 14:28:00,FULC,11.0,11.0,11.031999588012695,10.970000267028809,11.031999588012695,4289.0
2024-03-01 14:28:00,FUSN,12.260000228881836,12.260000228881836,12.260000228881836,12.244999885559082,12.244999885559082,470.0
2024-03-01 14:28:00,FWBI,8.915499687194824,8.915499687194824,9.055999755859375,8.800100326538086,8.893699645996094,27041.0
2024-03-01 14:28:00,GANX,4.619999885559082,4.619999885559082,4.619999885559082,4.619999885559082,4.619999885559082,100.0
2024-03-01 14:28:00,GBIO,2.625,2.625,2.625,2.625,2.625,800.0
2024-03-01 14:28:00,GDRX,8.371199607849121,8.371199607849121,8.371199607849121,8.369999885559082,8.369999885559082,525.0
2024-03-01 14:28:00,GERN,2.259999990463257,2.259999990463257,2.2695000171661377,2.259999990463257,2.259999990463257,35240.0
2024-03-01 14:28:00,GH,19.1299991607666,19.1299991607666,19.1299991607666,19.1299991607666,19.1299991607666,119.0
2024-03-01 14:28:00,GILD,72.4749984741211,72.4749984741211,72.4749984741211,72.45010375976562,72.45999908447266,7327.0
2024-03-01 14:28:00,GLTO,0.7799999713897705,0.7799999713897705,0.7900000214576721,0.7634000182151794,0.7900000214576721,17148.0
2024-03-01 14:28:00,GMAB,29.420000076293945,29.420000076293945,29.43000030517578,29.420000076293945,29.43000030517578,703.0
2024-03-01 14:28:00,GMDA,0.3840000033378601,0.3840000033378601,0.3840000033378601,0.3799999952316284,0.3808000087738037,9847.0
2024-03-01 14:28:00,GOSS,1.4199999570846558,1.4199999570846558,1.4249999523162842,1.4199999570846558,1.4249999523162842,320.0
2024-03-01 14:28:00,GRFS,7.014999866485596,7.014999866485596,7.014999866485596,7.0100998878479,7.011000156402588,1510.0
2024-03-01 14:28:00,GRPH,3.4600000381469727,3.4600000381469727,3.4600000381469727,3.4600000381469727,3.4600000381469727,100.0
2024-03-01 14:28:00,GRTS,2.009999990463257,2.009999990463257,2.0190999507904053,2.009999990463257,2.009999990463257,6973.0
2024-03-01 14:28:00,GTHX,3.799999952316284,3.799999952316284,3.809999942779541,3.799999952316284,3.805000066757202,1206.0
2024-03-01 14:28:00,HALO,41.40999984741211,41.40999984741211,41.46500015258789,41.40999984741211,41.46500015258789,2375.0
2024-03-01 14:28:00,HARP,22.950000762939453,22.950000762939453,22.950000762939453,22.950000762939453,22.950000762939453,115.0
2024-03-01 14:28:00,HCAT,8.210000038146973,8.210000038146973,8.220000267028809,8.210000038146973,8.220000267028809,2806.0
2024-03-01 14:28:00,HCTI,2.109999895095825,2.109999895095825,2.244999885559082,2.0999999046325684,2.244999885559082,26692.0
2024-03-01 14:28:00,HLTH,0.25999999046325684,0.25999999046325684,0.26109999418258667,0.25999999046325684,0.26109999418258667,1839.0
2024-03-01 14:28:00,HLVX,19.190000534057617,19.190000534057617,19.190000534057617,19.190000534057617,19.190000534057617,104.0
2024-03-01 14:28:00,HOLX,74.4000015258789,74.4000015258789,74.41470336914062,74.37999725341797,74.37999725341797,1731.0
2024-03-01 14:28:00,HQY,81.51499938964844,81.51499938964844,81.51499938964844,81.51499938964844,81.51499938964844,1026.0
2024-03-01 14:28:00,HRTX,2.5989999771118164,2.5989999771118164,2.609999895095825,2.5950000286102295,2.609999895095825,14903.0
2024-03-01 14:28:00,HSIC,76.8499984741211,76.8499984741211,76.8499984741211,76.83999633789062,76.83999633789062,1043.0
2024-03-01 14:28:00,HUMA,3.234999895095825,3.234999895095825,3.2388999462127686,3.2300000190734863,3.2388999462127686,3556.0
2024-03-01 14:28:00,HYPR,1.1220999956130981,1.1220999956130981,1.1220999956130981,1.1220999956130981,1.1220999956130981,0.0
2024-03-01 14:28:00,IART,36.334999084472656,36.334999084472656,36.334999084472656,36.33000183105469,36.33000183105469,359.0
2024-03-01 14:28:00,IBRX,4.875,4.875,4.875,4.865300178527832,4.875,3804.0
2024-03-01 14:28:00,ICLR,323.760009765625,323.760009765625,323.760009765625,323.760009765625,323.760009765625,161.0
2024-03-01 14:28:00,ICUI,106.27999877929688,106.27999877929688,106.27999877929688,106.27999877929688,106.27999877929688,273.0
2024-03-01 14:28:00,IDXX,580.510009765625,580.510009765625,580.510009765625,580.27001953125,580.280029296875,1163.0
2024-03-01 14:28:00,IDYA,46.665000915527344,46.665000915527344,46.665000915527344,46.665000915527344,46.665000915527344,150.0
2024-03-01 14:28:00,IKNA,1.5099999904632568,1.5099999904632568,1.5099999904632568,1.506700038909912,1.5099999904632568,3544.0
2024-03-01 14:28:00,ILMN,141.83999633789062,141.83999633789062,141.83999633789062,141.82000732421875,141.82000732421875,806.0
2024-03-01 14:28:00,IMCR,68.0,68.0,68.0,68.0,68.0,335.0
2024-03-01 14:28:00,IMTX,12.859999656677246,12.859999656677246,12.859999656677246,12.859999656677246,12.859999656677246,200.0
2024-03-01 14:28:00,IMVT,35.79999923706055,35.79999923706055,35.79999923706055,35.79999923706055,35.79999923706055,1125.0
2024-03-01 14:28:00,INCY,59.20000076293945,59.20000076293945,59.2400016784668,59.20000076293945,59.220001220703125,2588.0
2024-03-01 14:28:00,INGN,6.710100173950195,6.710100173950195,6.71999979019165,6.710000038146973,6.710000038146973,3301.0
2024-03-01 14:28:00,INMB,12.29990005493164,12.29990005493164,12.29990005493164,12.282500267028809,12.282500267028809,427.0
2024-03-01 14:28:00,INMD,22.895000457763672,22.895000457763672,22.895000457763672,22.895000457763672,22.895000457763672,555.0
2024-03-01 14:28:00,INO,9.6899995803833,9.6899995803833,9.6899995803833,9.6899995803833,9.6899995803833,484.0
2024-03-01 14:28:00,INSM,28.1299991607666,28.1299991607666,28.149999618530273,28.1299991607666,28.149999618530273,1077.0
2024-03-01 14:28:00,INVA,15.420000076293945,15.420000076293945,15.4350004196167,15.40999984741211,15.4350004196167,1941.0
2024-03-01 14:28:00,INZY,6.635000228881836,6.635000228881836,6.635000228881836,6.635000228881836,6.635000228881836,300.0
2024-03-01 14:28:00,IONS,46.0,46.0,46.0,45.9900016784668,46.0,3043.0
2024-03-01 14:28:00,IOVA,16.969999313354492,16.969999313354492,16.9950008392334,16.969999313354492,16.985000610351562,10531.0
2024-03-01 14:28:00,IPSC,3.934999942779541,3.934999942779541,3.934999942779541,3.934999942779541,3.934999942779541,171.0
2024-03-01 14:28:00,IRWD,9.0649995803833,9.0649995803833,9.0649995803833,9.0600004196167,9.0649995803833,2535.0
2024-03-01 14:28:00,ISRG,397.739990234375,397.739990234375,397.83990478515625,397.66009521484375,397.66009521484375,3040.0
2024-03-01 14:28:00,ITCI,71.91500091552734,71.91500091552734,72.02999877929688,71.88999938964844,72.0250015258789,5531.0
2024-03-01 14:28:00,IVVD,3.990000009536743,3.990000009536743,3.990000009536743,3.9700000286102295,3.9800000190734863,665.0
2024-03-01 14:28:00,JAGX,0.08529999852180481,0.08529999852180481,0.08579999953508377,0.08349999785423279,0.08370000123977661,1314930.0
2024-03-01 14:28:00,JANX,46.05699920654297,46.05699920654297,46.05699920654297,46.0,46.0099983215332,808.0
2024-03-01 14:28:00,JAZZ,119.2300033569336,119.2300033569336,119.26000213623047,119.2300033569336,119.2300033569336,989.0
2024-03-01 14:28:00,JSPR,21.2185001373291,21.2185001373291,21.2185001373291,21.2185001373291,21.2185001373291,240.0
2024-03-01 14:28:00,KNSA,21.860000610351562,21.860000610351562,21.899999618530273,21.850000381469727,21.899999618530273,1542.0
2024-03-01 14:28:00,KNTE,2.6050000190734863,2.6050000190734863,2.6050000190734863,2.5999999046325684,2.5999999046325684,3600.0
2024-03-01 14:28:00,KROS,69.8499984741211,69.8499984741211,69.8499984741211,69.83999633789062,69.83999633789062,984.0
2024-03-01 14:28:00,KTRA,0.10110100358724594,0.10110100358724594,0.10110100358724594,0.10110100358724594,0.10110100358724594,1191.0
2024-03-01 14:28:00,KURA,21.8799991607666,21.8799991607666,21.905000686645508,21.8700008392334,21.8799991607666,6371.0
2024-03-01 14:28:00,KZIA,0.24979999661445618,0.24979999661445618,0.24979999661445618,0.24979999661445618,0.24979999661445618,1528.0
2024-03-01 14:28:00,LAB,2.4700000286102295,2.4700000286102295,2.4700000286102295,2.4649999141693115,2.4700000286102295,1273.0
2024-03-01 14:28:00,LBPH,21.760000228881836,21.760000228881836,21.829999923706055,21.760000228881836,21.829999923706055,3484.0
2024-03-01 14:28:00,LEGN,65.2699966430664,65.2699966430664,65.34249877929688,65.2699966430664,65.34249877929688,971.0
2024-03-01 14:28:00,LEXX,2.7899999618530273,2.7899999618530273,2.809999942779541,2.7799999713897705,2.809999942779541,5388.0
2024-03-01 14:28:00,LFMD,7.980000019073486,7.980000019073486,7.980000019073486,7.949999809265137,7.949999809265137,1553.0
2024-03-01 14:28:00,LFST,7.735000133514404,7.735000133514404,7.735000133514404,7.730000019073486,7.730000019073486,3604.0
2024-03-01 14:28:00,LIFE,1.9149999618530273,1.9149999618530273,1.9149999618530273,1.9144999980926514,1.9144999980926514,2700.0
2024-03-01 14:28:00,LMAT,67.98139953613281,67.98139953613281,67.98139953613281,67.8499984741211,67.8499984741211,1162.0
2024-03-01 14:28:00,LNTH,64.6500015258789,64.6500015258789,64.6500015258789,64.62000274658203,64.63500213623047,1294.0
2024-03-01 14:28:00,LPTX,2.9000000953674316,2.9000000953674316,2.9100000858306885,2.9000000953674316,2.9000000953674316,1228.0
2024-03-01 14:28:00,LQDA,14.710000038146973,14.710000038146973,14.729999542236328,14.699999809265137,14.729999542236328,2466.0
2024-03-01 14:28:00,LUNG,9.470000267028809,9.470000267028809,9.470000267028809,9.470000267028809,9.470000267028809,401.0
2024-03-01 14:28:00,LXRX,2.509999990463257,2.509999990463257,2.5199999809265137,2.509999990463257,2.5199999809265137,300.0
2024-03-01 14:28:00,LYEL,3.1549999713897705,3.1549999713897705,3.1549999713897705,3.1549999713897705,3.1549999713897705,502.0
2024-03-01 14:28:00,LYRA,5.659999847412109,5.659999847412109,5.659999847412109,5.659999847412109,5.659999847412109,698.0
2024-03-01 14:28:00,MACK,14.710000038146973,14.710000038146973,14.710000038146973,14.710000038146973,14.710000038146973,126.0
2024-03-01 14:28:00,MASI,127.20500183105469,127.20500183105469,127.20999908447266,127.11499786376953,127.11499786376953,984.0
2024-03-01 14:28:00,MBRX,0.6401000022888184,0.6401000022888184,0.6401000022888184,0.6399999856948853,0.6399999856948853,3591.0
2024-03-01 14:28:00,MCRB,1.2350000143051147,1.2350000143051147,1.23989999294281,1.2350000143051147,1.2350000143051147,1375.0
2024-03-01 14:28:00,MDRX,6.0,6.0,6.050000190734863,6.0,6.050000190734863,7398.0
2024-03-01 14:28:00,MDXG,8.664999961853027,8.664999961853027,8.670000076293945,8.664999961853027,8.670000076293945,1157.0
2024-03-01 14:28:00,ME,0.5638999938964844,0.5638999938964844,0.5648999810218811,0.5638999938964844,0.5638999938964844,2323.0
2024-03-01 14:28:00,MGNX,19.079999923706055,19.079999923706055,19.110000610351562,19.079999923706055,19.09000015258789,2772.0
2024-03-01 14:28:00,MGTX,6.429999828338623,6.429999828338623,6.449999809265137,6.429999828338623,6.429999828338623,355.0
2024-03-01 14:28:00,MIRM,29.660999298095703,29.660999298095703,29.690000534057617,29.660999298095703,29.690000534057617,643.0
2024-03-01 14:28:00,MLTX,50.689998626708984,50.689998626708984,50.72999954223633,50.67499923706055,50.67499923706055,526.0
2024-03-01 14:28:00,MMSI,76.3499984741211,76.3499984741211,76.3499984741211,76.3499984741211,76.3499984741211,786.0
2024-03-01 14:28:00,MNKD,4.519999980926514,4.519999980926514,4.53000020980835,4.519999980926514,4.525000095367432,3098.0
2024-03-01 14:28:00,MNMD,6.202499866485596,6.202499866485596,6.215000152587891,6.202499866485596,6.215000152587891,953.0
2024-03-01 14:28:00,MNPR,0.8698999881744385,0.8698999881744385,0.8700000047683716,0.8698999881744385,0.8700000047683716,212.0
2024-03-01 14:28:00,MODD,1.8849999904632568,1.8849999904632568,1.8849999904632568,1.8849999904632568,1.8849999904632568,100.0
2024-03-01 14:28:00,MODV,28.09000015258789,28.09000015258789,28.09000015258789,28.09000015258789,28.09000015258789,278.0
2024-03-01 14:28:00,MORF,39.68000030517578,39.68000030517578,39.68000030517578,39.68000030517578,39.68000030517578,1424.0
2024-03-01 14:28:00,MREO,4.018700122833252,4.018700122833252,4.019999980926514,4.014999866485596,4.019999980926514,1745.0
2024-03-01 14:28:00,MRNA,95.19999694824219,95.19999694824219,95.19999694824219,95.08999633789062,95.12000274658203,8137.0
2024-03-01 14:28:00,MRSN,5.974999904632568,5.974999904632568,5.974999904632568,5.974999904632568,5.974999904632568,600.0
2024-03-01 14:28:00,MRUS,51.06999969482422,51.06999969482422,51.099998474121094,51.060001373291016,51.099998474121094,4003.0
2024-03-01 14:28:00,MRVI,7.795000076293945,7.795000076293945,7.800000190734863,7.789999961853027,7.800000190734863,4055.0
2024-03-01 14:28:00,MXCT,4.744999885559082,4.744999885559082,4.744999885559082,4.744999885559082,4.744999885559082,213.0
2024-03-01 14:28:00,MYGN,22.139999389648438,22.139999389648438,22.139999389648438,22.1299991607666,22.1299991607666,604.0
2024-03-01 14:28:00,NARI,45.91230010986328,45.91230010986328,45.97999954223633,45.91230010986328,45.97999954223633,2030.0
2024-03-01 14:28:00,NAUT,2.6449999809265137,2.6449999809265137,2.6449999809265137,2.6449999809265137,2.6449999809265137,403.0
2024-03-01 14:28:00,NBIX,131.3800048828125,131.3800048828125,131.3800048828125,131.33999633789062,131.35000610351562,794.0
2024-03-01 14:28:00,NEO,16.094999313354492,16.094999313354492,16.094999313354492,16.09000015258789,16.09000015258789,954.0
2024-03-01 14:28:00,NEOG,17.385000228881836,17.385000228881836,17.385000228881836,17.385000228881836,17.385000228881836,129.0
2024-03-01 14:28:00,NERV,2.640000104904175,2.640000104904175,2.640000104904175,2.640000104904175,2.640000104904175,692.0
2024-03-01 14:28:00,NGM,1.524999976158142,1.524999976158142,1.524999976158142,1.524999976158142,1.524999976158142,118.0
2024-03-01 14:28:00,NKTX,12.630000114440918,12.630000114440918,12.630000114440918,12.630000114440918,12.630000114440918,412.0
2024-03-01 14:28:00,NNOX,10.824999809265137,10.824999809265137,10.845000267028809,10.820799827575684,10.845000267028809,3482.0
2024-03-01 14:28:00,NRBO,6.339900016784668,6.339900016784668,6.339900016784668,6.276800155639648,6.295000076293945,6907.0
2024-03-01 14:28:00,NRC,40.61000061035156,40.61000061035156,40.61000061035156,40.61000061035156,40.61000061035156,672.0
2024-03-01 14:28:00,NRIX,13.574999809265137,13.574999809265137,13.574999809265137,13.574999809265137,13.574999809265137,310.0
2024-03-01 14:28:00,NRXP,0.41609999537467957,0.41609999537467957,0.41609999537467957,0.41609999537467957,0.41609999537467957,429.0
2024-03-01 14:28:00,NTLA,33.470001220703125,33.470001220703125,33.47999954223633,33.470001220703125,33.47999954223633,1384.0
2024-03-01 14:28:00,NTRA,89.18499755859375,89.18499755859375,89.30500030517578,89.16999816894531,89.30000305175781,3940.0
2024-03-01 14:28:00,NVAX,5.279699802398682,5.279699802398682,5.28000020980835,5.269999980926514,5.269999980926514,33273.0
2024-03-01 14:28:00,NVCR,16.06999969482422,16.06999969482422,16.06999969482422,16.049999237060547,16.049999237060547,2682.0
2024-03-01 14:28:00,NVOS,0.6341000199317932,0.6341000199317932,0.6370000243186951,0.6304000020027161,0.6304000020027161,4284.0
2024-03-01 14:28:00,NXTC,1.8200000524520874,1.8200000524520874,1.8300000429153442,1.8200000524520874,1.8200000524520874,2699.0
2024-03-01 14:28:00,OCGN,0.9515089988708496,0.9515089988708496,0.9517999887466431,0.9513999819755554,0.9513999819755554,2957.0
2024-03-01 14:28:00,OCUL,10.720000267028809,10.720000267028809,10.720000267028809,10.720000267028809,10.720000267028809,992.0
2024-03-01 14:28:00,OGI,2.174999952316284,2.174999952316284,2.174999952316284,2.174999952316284,2.174999952316284,301.0
2024-03-01 14:28:00,OLK,23.049999237060547,23.049999237060547,23.059999465942383,23.03499984741211,23.049999237060547,6983.0
2024-03-01 14:28:00,OLMA,14.880000114440918,14.880000114440918,14.880000114440918,14.880000114440918,14.880000114440918,1072.0
2024-03-01 14:28:00,OMCL,26.53499984741211,26.53499984741211,26.559999465942383,26.53499984741211,26.559999465942383,315.0
2024-03-01 14:28:00,OMGA,4.4039998054504395,4.4039998054504395,4.4039998054504395,4.400000095367432,4.400000095367432,1596.0
2024-03-01 14:28:00,ONCY,1.1699999570846558,1.1699999570846558,1.1699999570846558,1.1549999713897705,1.1549999713897705,5900.0
2024-03-01 14:29:00,AADI,1.9700000286102295,1.9700000286102295,1.9900000095367432,1.9700000286102295,1.9900000095367432,14440.0
2024-03-01 14:29:00,ABCL,5.153800010681152,5.153800010681152,5.153800010681152,5.153800010681152,5.153800010681152,392.0
2024-03-01 14:29:00,ABEO,7.78000020980835,7.78000020980835,7.789999961853027,7.78000020980835,7.789999961853027,2657.0
2024-03-01 14:29:00,ABSI,5.545000076293945,5.545000076293945,5.545000076293945,5.489999771118164,5.519999980926514,15727.0
2024-03-01 14:29:00,ABUS,2.759999990463257,2.759999990463257,2.759999990463257,2.759999990463257,2.759999990463257,1542.0
2024-03-01 14:29:00,ACAD,24.18000030517578,24.18000030517578,24.209999084472656,24.18000030517578,24.204999923706055,3434.0
2024-03-01 14:29:00,ACCD,10.100000381469727,10.100000381469727,10.100000381469727,10.100000381469727,10.100000381469727,865.0
2024-03-01 14:29:00,ACET,2.4049999713897705,2.4049999713897705,2.4049999713897705,2.4049999713897705,2.4049999713897705,420.0
2024-03-01 14:29:00,ACHV,4.360000133514404,4.360000133514404,4.360000133514404,4.349999904632568,4.349999904632568,200.0
2024-03-01 14:29:00,ACLX,68.68000030517578,68.68000030517578,68.68000030517578,68.68000030517578,68.68000030517578,1156.0
2024-03-01 14:29:00,ACON,0.39989998936653137,0.39989998936653137,0.39989998936653137,0.39980000257492065,0.39980000257492065,775.0
2024-03-01 14:29:00,ACRS,1.2300000190734863,1.2300000190734863,1.2350000143051147,1.2300000190734863,1.2350000143051147,1815.0
2024-03-01 14:29:00,ADIL,3.0799999237060547,3.0799999237060547,3.145400047302246,3.049999952316284,3.0959999561309814,212992.0
2024-03-01 14:29:00,ADMA,5.545000076293945,5.545000076293945,5.545000076293945,5.539999961853027,5.539999961853027,2271.0
2024-03-01 14:29:00,ADPT,4.117499828338623,4.117499828338623,4.117499828338623,4.114999771118164,4.114999771118164,765.0
2024-03-01 14:29:00,ADVM,1.9800000190734863,1.9800000190734863,1.9800000190734863,1.9800000190734863,1.9800000190734863,2631.0
2024-03-01 14:29:00,AFMD,0.675599992275238,0.675599992275238,0.675599992275238,0.675000011920929,0.6751000285148621,49800.0
2024-03-01 14:29:00,AGEN,0.6700500249862671,0.6700500249862671,0.670074999332428,0.6700000166893005,0.6700000166893005,12028.0
2024-03-01 14:29:00,AGIO,32.77000045776367,32.77000045776367,32.77000045776367,32.7599983215332,32.77000045776367,1493.0
2024-03-01 14:29:00,AGRX,0.8374999761581421,0.8374999761581421,0.8374999761581421,0.8374999761581421,0.8374999761581421,233.0
2024-03-01 14:29:00,AHCO,10.505000114440918,10.505000114440918,10.507499694824219,10.5,10.505000114440918,2066.0
2024-03-01 14:29:00,AIMD,0.949999988079071,0.949999988079071,0.949999988079071,0.949999988079071,0.949999988079071,100.0
2024-03-01 14:29:00,AIRS,6.440000057220459,6.440000057220459,6.440000057220459,6.440000057220459,6.440000057220459,101.0
2024-03-01 14:29:00,AKAN,0.21299999952316284,0.21299999952316284,0.21299999952316284,0.21299999952316284,0.21299999952316284,100.0
2024-03-01 14:29:00,AKBA,1.6875,1.6875,1.6875,1.6799999475479126,1.6799999475479126,800.0
2024-03-01 14:29:00,AKLI,0.35530000925064087,0.35530000925064087,0.35530000925064087,0.35530000925064087,0.35530000925064087,500.0
2024-03-01 14:29:00,AKRO,29.299999237060547,29.299999237060547,29.309999465942383,29.270000457763672,29.309999465942383,2088.0
2024-03-01 14:29:00,AKYA,6.054999828338623,6.054999828338623,6.054999828338623,6.054999828338623,6.054999828338623,274.0
2024-03-01 14:29:00,ALDX,4.289999961853027,4.289999961853027,4.309999942779541,4.289999961853027,4.309999942779541,7755.0
2024-03-01 14:29:00,ALEC,7.494999885559082,7.494999885559082,7.5,7.489999771118164,7.5,2667.0
2024-03-01 14:29:00,ALHC,5.739999771118164,5.739999771118164,5.739999771118164,5.739999771118164,5.739999771118164,801.0
2024-03-01 14:29:00,ALKS,30.260000228881836,30.260000228881836,30.264999389648438,30.260000228881836,30.264999389648438,1331.0
2024-03-01 14:29:00,ALLO,5.019999980926514,5.019999980926514,5.025000095367432,5.014999866485596,5.019999980926514,4341.0
2024-03-01 14:29:00,ALNY,153.3000030517578,153.3000030517578,153.40499877929688,153.3000030517578,153.33999633789062,888.0
2024-03-01 14:29:00,ALPN,36.209999084472656,36.209999084472656,36.23500061035156,36.209999084472656,36.23500061035156,431.0
2024-03-01 14:29:00,ALT,12.100000381469727,12.100000381469727,12.100000381469727,12.069999694824219,12.074999809265137,2184.0
2024-03-01 14:29:00,ALVR,0.7559999823570251,0.7559999823570251,0.7559999823570251,0.7559999823570251,0.7559999823570251,200.0
2024-03-01 14:29:00,AMED,93.58499908447266,93.58499908447266,93.68000030517578,93.55000305175781,93.6050033569336,5455.0
2024-03-01 14:29:00,AMGN,281.17999267578125,281.17999267578125,281.17999267578125,281.125,281.125,3257.0
2024-03-01 14:29:00,AMLX,18.670000076293945,18.670000076293945,18.670000076293945,18.649999618530273,18.65999984741211,4607.0
2024-03-01 14:29:00,AMPH,45.64360046386719,45.64360046386719,45.64360046386719,45.626399993896484,45.626399993896484,1067.0
2024-03-01 14:29:00,AMRN,1.0549999475479126,1.0549999475479126,1.0549999475479126,1.0520000457763672,1.0520000457763672,1017.0
2024-03-01 14:29:00,ANAB,25.454999923706055,25.454999923706055,25.454999923706055,25.454999923706055,25.454999923706055,212.0
2024-03-01 14:29:00,ANGO,5.505000114440918,5.505000114440918,5.505000114440918,5.5,5.5,393.0
2024-03-01 14:29:00,ANIP,66.81999969482422,66.81999969482422,66.81999969482422,66.81999969482422,66.81999969482422,125.0
2024-03-01 14:29:00,ANNX,6.110000133514404,6.110000133514404,6.110000133514404,6.105000019073486,6.110000133514404,2055.0
2024-03-01 14:29:00,APLS,64.56749725341797,64.56749725341797,64.58000183105469,64.55000305175781,64.55999755859375,3287.0
2024-03-01 14:29:00,APLT,7.079999923706055,7.079999923706055,7.085000038146973,7.070000171661377,7.070000171661377,5241.0
2024-03-01 14:29:00,AQST,4.139999866485596,4.139999866485596,4.139999866485596,4.130000114440918,4.130000114440918,4896.0
2024-03-01 14:29:00,ARCT,39.650001525878906,39.650001525878906,39.650001525878906,39.650001525878906,39.650001525878906,295.0
2024-03-01 14:29:00,ARDX,9.484999656677246,9.484999656677246,9.484999656677246,9.479999542236328,9.479999542236328,1864.0
2024-03-01 14:29:00,ARGX,393.2799987792969,393.2799987792969,393.2799987792969,393.2799987792969,393.2799987792969,381.0
2024-03-01 14:29:00,ARQT,11.707500457763672,11.707500457763672,11.720000267028809,11.699999809265137,11.720000267028809,4743.0
2024-03-01 14:29:00,ARTL,1.4523999691009521,1.4523999691009521,1.4523999691009521,1.4523999691009521,1.4523999691009521,1001.0
2024-03-01 14:29:00,ARVN,48.470001220703125,48.470001220703125,48.474998474121094,48.470001220703125,48.474998474121094,412.0
2024-03-01 14:29:00,ARWR,35.27000045776367,35.27000045776367,35.29999923706055,35.27000045776367,35.27000045776367,2089.0
2024-03-01 14:29:00,ASLN,0.7396000027656555,0.7396000027656555,0.7396000027656555,0.7394999861717224,0.7394999861717224,701.0
2024-03-01 14:29:00,ASND,153.22000122070312,153.22000122070312,153.22000122070312,153.1699981689453,153.2100067138672,979.0
2024-03-01 14:29:00,ASRT,0.9024999737739563,0.9024999737739563,0.9097999930381775,0.9024999737739563,0.9097999930381775,1087.0
2024-03-01 14:29:00,ATEC,13.404999732971191,13.404999732971191,13.404999732971191,13.399999618530273,13.404999732971191,2239.0
2024-03-01 14:29:00,ATHA,3.984999895095825,3.984999895095825,3.984999895095825,3.984999895095825,3.984999895095825,244.0
2024-03-01 14:29:00,ATOS,1.0,1.0,1.0,1.0,1.0,234.0
2024-03-01 14:29:00,ATRA,0.7904000282287598,0.7904000282287598,0.7924000024795532,0.7900000214576721,0.7914999723434448,3195.0
2024-03-01 14:29:00,ATRC,35.88999938964844,35.88999938964844,35.88999938964844,35.880001068115234,35.880001068115234,971.0
2024-03-01 14:29:00,ATXI,0.15479999780654907,0.15479999780654907,0.1550000011920929,0.1535000056028366,0.1550000011920929,1600.0
2024-03-01 14:29:00,ATXS,15.029999732971191,15.029999732971191,15.029999732971191,14.960000038146973,14.960000038146973,2763.0
2024-03-01 14:29:00,AUGX,4.519999980926514,4.519999980926514,4.519999980926514,4.519999980926514,4.519999980926514,201.0
2024-03-01 14:29:00,AUPH,5.824999809265137,5.824999809265137,5.824999809265137,5.809999942779541,5.815000057220459,5586.0
2024-03-01 14:29:00,AURA,9.34000015258789,9.34000015258789,9.34000015258789,9.34000015258789,9.34000015258789,259.0
2024-03-01 14:29:00,AUTL,6.340000152587891,6.340000152587891,6.340000152587891,6.340000152587891,6.340000152587891,100.0
2024-03-01 14:29:00,AVDL,13.210000038146973,13.210000038146973,13.21500015258789,13.199999809265137,13.21500015258789,1724.0
2024-03-01 14:29:00,AXNX,67.41999816894531,67.41999816894531,67.47000122070312,67.4000015258789,67.45999908447266,9247.0
2024-03-01 14:29:00,AXSM,82.2699966430664,82.2699966430664,82.2699966430664,82.2699966430664,82.2699966430664,108.0
2024-03-01 14:29:00,AZN,64.69000244140625,64.69000244140625,64.69000244140625,64.68499755859375,64.69000244140625,3556.0
2024-03-01 14:29:00,BBIO,36.025001525878906,36.025001525878906,36.060001373291016,36.025001525878906,36.060001373291016,858.0
2024-03-01 14:29:00,BCAB,2.755000114440918,2.755000114440918,2.755000114440918,2.734999895095825,2.734999895095825,3078.0
2024-03-01 14:29:00,BCDA,0.5783500075340271,0.5783500075340271,0.5783500075340271,0.5767999887466431,0.5767999887466431,6000.0
2024-03-01 14:29:00,BCRX,5.724999904632568,5.724999904632568,5.724999904632568,5.724999904632568,5.724999904632568,1665.0
2024-03-01 14:29:00,BCYC,25.860000610351562,25.860000610351562,25.860000610351562,25.860000610351562,25.860000610351562,145.0
2024-03-01 14:29:00,BDTX,4.739999771118164,4.739999771118164,4.740099906921387,4.71999979019165,4.732500076293945,11357.0
2024-03-01 14:29:00,BEAM,40.08000183105469,40.08000183105469,40.08000183105469,40.05500030517578,40.05500030517578,2465.0
2024-03-01 14:29:00,BGNE,167.0,167.0,167.0,167.0,167.0,316.0
2024-03-01 14:29:00,BGXX,0.25519999861717224,0.25519999861717224,0.25519999861717224,0.25519999861717224,0.25519999861717224,800.0
2024-03-01 14:29:00,BIIB,221.19000244140625,221.19000244140625,221.27999877929688,221.1199951171875,221.24000549316406,6583.0
2024-03-01 14:29:00,BIOL,0.14350000023841858,0.14350000023841858,0.14350000023841858,0.14350000023841858,0.14350000023841858,155.0
2024-03-01 14:29:00,BIVI,2.0199999809265137,2.0199999809265137,2.0199999809265137,2.009999990463257,2.0100998878479004,14290.0
2024-03-01 14:29:00,BLFS,18.229999542236328,18.229999542236328,18.229999542236328,18.190000534057617,18.209999084472656,1411.0
2024-03-01 14:29:00,BLUE,1.590000033378601,1.590000033378601,1.600000023841858,1.590000033378601,1.5950000286102295,6926.0
2024-03-01 14:29:00,BMEA,18.260000228881836,18.260000228881836,18.260000228881836,18.200000762939453,18.209999084472656,1534.0
2024-03-01 14:29:00,BMRN,87.9800033569336,87.9800033569336,87.98500061035156,87.9800033569336,87.9800033569336,1209.0
2024-03-01 14:29:00,BNGO,1.2699999809265137,1.2699999809265137,1.2699999809265137,1.2699999809265137,1.2699999809265137,170.0
2024-03-01 14:29:00,BNOX,1.2297999858856201,1.2297999858856201,1.2297999858856201,1.229699969291687,1.229699969291687,1936.0
2024-03-01 14:29:00,BNTX,91.21499633789062,91.21499633789062,91.2699966430664,91.20500183105469,91.2699966430664,1692.0
2024-03-01 14:29:00,BPMC,96.7300033569336,96.7300033569336,96.8499984741211,96.69000244140625,96.8499984741211,2809.0
2024-03-01 14:29:00,BRKR,88.6500015258789,88.6500015258789,88.6500015258789,88.6050033569336,88.6050033569336,1412.0
2024-03-01 14:29:00,BTAI,3.200000047683716,3.200000047683716,3.200000047683716,3.200000047683716,3.200000047683716,100.0
2024-03-01 14:29:00,BTCY,1.0,1.0,1.0,1.0,1.0,300.0
2024-03-01 14:29:00,BVS,4.75,4.75,4.75,4.71999979019165,4.71999979019165,677.0
2024-03-01 14:29:00,BYSI,1.499899983406067,1.499899983406067,1.499899983406067,1.499899983406067,1.499899983406067,240.0
2024-03-01 14:29:00,CABA,24.02989959716797,24.02989959716797,24.030000686645508,24.010000228881836,24.030000686645508,714.0
2024-03-01 14:29:00,CAPR,4.489999771118164,4.489999771118164,4.489999771118164,4.489999771118164,4.489999771118164,100.0
2024-03-01 14:29:00,CBAY,32.22999954223633,32.22999954223633,32.22999954223633,32.224998474121094,32.224998474121094,1838.0
2024-03-01 14:29:00,CCCC,11.0,11.0,11.005000114440918,10.979999542236328,11.0,2967.0
2024-03-01 14:29:00,CCRN,18.25,18.25,18.25,18.25,18.25,163.0
2024-03-01 14:29:00,CDMO,8.1899995803833,8.1899995803833,8.1899995803833,8.1899995803833,8.1899995803833,108.0
2024-03-01 14:29:00,CDNA,12.800100326538086,12.800100326538086,12.833700180053711,12.789999961853027,12.789999961853027,6368.0
2024-03-01 14:29:00,CDXC,1.6449999809265137,1.6449999809265137,1.6449999809265137,1.6449999809265137,1.6449999809265137,332.0
2024-03-01 14:29:00,CDXS,4.574999809265137,4.574999809265137,4.579999923706055,4.570000171661377,4.570000171661377,1796.0
2024-03-01 14:29:00,CERE,41.092498779296875,41.092498779296875,41.095001220703125,41.092498779296875,41.095001220703125,721.0
2024-03-01 14:29:00,CERS,2.184999942779541,2.184999942779541,2.184999942779541,2.174999952316284,2.180000066757202,6699.0
2024-03-01 14:29:00,CERT,18.084999084472656,18.084999084472656,18.094999313354492,18.049999237060547,18.059999465942383,4153.0
2024-03-01 14:29:00,CGC,3.2249999046325684,3.2249999046325684,3.2249999046325684,3.2249999046325684,3.2249999046325684,473.0
2024-03-01 14:29:00,CGEN,2.6779000759124756,2.6779000759124756,2.6779000759124756,2.674999952316284,2.674999952316284,1370.0
2024-03-01 14:29:00,CHRS,2.4149999618530273,2.4149999618530273,2.4200000762939453,2.4149999618530273,2.4149999618530273,319.0
2024-03-01 14:29:00,CING,1.350000023841858,1.350000023841858,1.350000023841858,1.350000023841858,1.350000023841858,900.0
2024-03-01 14:29:00,CKPT,2.190000057220459,2.190000057220459,2.190000057220459,2.190000057220459,2.190000057220459,211.0
2024-03-01 14:29:00,CLDX,52.400001525878906,52.400001525878906,52.400001525878906,52.130001068115234,52.13999938964844,12148.0
2024-03-01 14:29:00,CLNN,0.38749998807907104,0.38749998807907104,0.38749998807907104,0.38749998807907104,0.38749998807907104,300.0
2024-03-01 14:29:00,CLOV,0.8651000261306763,0.8651000261306763,0.8651999831199646,0.8646000027656555,0.8646000027656555,2544.0
2024-03-01 14:29:00,CLRB,4.079999923706055,4.079999923706055,4.079999923706055,4.079999923706055,4.079999923706055,326.0
2024-03-01 14:29:00,CMPS,11.699999809265137,11.699999809265137,11.699999809265137,11.670000076293945,11.670000076293945,5340.0
2024-03-01 14:29:00,COGT,7.244999885559082,7.244999885559082,7.255000114440918,7.239999771118164,7.25,8402.0
2024-03-01 14:29:00,COLL,36.560001373291016,36.560001373291016,36.630001068115234,36.52000045776367,36.630001068115234,4022.0
2024-03-01 14:29:00,CORT,24.274999618530273,24.274999618530273,24.280000686645508,24.270000457763672,24.280000686645508,6054.0
2024-03-01 14:29:00,COSM,0.7609000205993652,0.7609000205993652,0.7609000205993652,0.7609000205993652,0.7609000205993652,228.0
2024-03-01 14:29:00,CPRX,17.15999984741211,17.15999984741211,17.190000534057617,17.149999618530273,17.170000076293945,7344.0
2024-03-01 14:29:00,CPSI,9.494999885559082,9.494999885559082,9.494999885559082,9.494999885559082,9.494999885559082,182.0
2024-03-01 14:29:00,CRBU,7.889999866485596,7.889999866485596,7.90500020980835,7.889999866485596,7.894999980926514,2369.0
2024-03-01 14:29:00,CRDF,2.540600061416626,2.540600061416626,2.549999952316284,2.5299999713897705,2.539900064468384,5913.0
2024-03-01 14:29:00,CRMD,3.684999942779541,3.684999942779541,3.684999942779541,3.684999942779541,3.684999942779541,100.0
2024-03-01 14:29:00,CRNX,46.5,46.5,46.5,46.439998626708984,46.459999084472656,2142.0
2024-03-01 14:29:00,CRON,2.049999952316284,2.049999952316284,2.049999952316284,2.049999952316284,2.049999952316284,100.0
2024-03-01 14:29:00,CRSP,85.52999877929688,85.52999877929688,85.52999877929688,85.45999908447266,85.45999908447266,1108.0
2024-03-01 14:29:00,CSTL,19.78499984741211,19.78499984741211,19.78499984741211,19.760000228881836,19.760000228881836,350.0
2024-03-01 14:29:00,CTKB,9.010000228881836,9.010000228881836,9.010000228881836,8.994999885559082,9.010000228881836,12356.0
2024-03-01 14:29:00,CTMX,2.5399999618530273,2.5399999618530273,2.5399999618530273,2.5399999618530273,2.5399999618530273,739.0
2024-03-01 14:29:00,CTXR,0.7731999754905701,0.7731999754905701,0.7731999754905701,0.7724000215530396,0.7724000215530396,814.0
2024-03-01 14:29:00,CUTR,2.3949999809265137,2.3949999809265137,2.3949999809265137,2.3949999809265137,2.3949999809265137,100.0
2024-03-01 14:29:00,CVAC,3.4800000190734863,3.4800000190734863,3.4800000190734863,3.4800000190734863,3.4800000190734863,295.0
2024-03-01 14:29:00,CYTK,73.4749984741211,73.4749984741211,73.4749984741211,73.2300033569336,73.23999786376953,4692.0
2024-03-01 14:29:00,DAWN,17.690000534057617,17.690000534057617,17.700000762939453,17.690000534057617,17.700000762939453,1022.0
2024-03-01 14:29:00,DCPH,17.639999389648438,17.639999389648438,17.649900436401367,17.635000228881836,17.635000228881836,1359.0
2024-03-01 14:29:00,DERM,4.050000190734863,4.050000190734863,4.050000190734863,4.050000190734863,4.050000190734863,334.0
2024-03-01 14:29:00,DH,8.930000305175781,8.930000305175781,8.949999809265137,8.930000305175781,8.949999809265137,606.0
2024-03-01 14:29:00,DMTK,0.8499000072479248,0.8499000072479248,0.8499000072479248,0.8499000072479248,0.8499000072479248,187.0
2024-03-01 14:29:00,DNLI,21.350000381469727,21.350000381469727,21.354999542236328,21.34000015258789,21.354999542236328,429.0
2024-03-01 14:29:00,DRRX,1.0,1.0,1.0,1.0,1.0,173.0
2024-03-01 14:29:00,DTIL,12.455400466918945,12.455400466918945,12.455400466918945,12.455400466918945,12.455400466918945,100.0
2024-03-01 14:29:00,DVAX,12.835000038146973,12.835000038146973,12.84000015258789,12.830100059509277,12.835000038146973,1286.0
2024-03-01 14:29:00,DXCM,121.91000366210938,121.91000366210938,121.96489715576172,121.9000015258789,121.92500305175781,7929.0
2024-03-01 14:29:00,DYN,29.34000015258789,29.34000015258789,29.34000015258789,29.295000076293945,29.31999969482422,675.0
2024-03-01 14:29:00,DYNT,0.5145999789237976,0.5145999789237976,0.5145999789237976,0.5145999789237976,0.5145999789237976,139.0
2024-03-01 14:29:00,EDIT,10.899999618530273,10.899999618530273,10.899999618530273,10.890000343322754,10.890000343322754,1202.0
2024-03-01 14:29:00,EGRX,6.690000057220459,6.690000057220459,6.690000057220459,6.690000057220459,6.690000057220459,105.0
2024-03-01 14:29:00,EIGR,7.199999809265137,7.199999809265137,7.289999961853027,7.199999809265137,7.289999961853027,281.0
2024-03-01 14:29:00,EKSO,2.005000114440918,2.005000114440918,2.005000114440918,2.005000114440918,2.005000114440918,256.0
2024-03-01 14:29:00,EMBC,14.300000190734863,14.300000190734863,14.300000190734863,14.289999961853027,14.289999961853027,661.0
2024-03-01 14:29:00,ENSG,121.875,121.875,121.875,121.87000274658203,121.87000274658203,1606.0
2024-03-01 14:29:00,ENVB,1.524999976158142,1.524999976158142,1.5399999618530273,1.5,1.5199999809265137,4238.0
2024-03-01 14:29:00,ESPR,2.555000066757202,2.555000066757202,2.555000066757202,2.549999952316284,2.549999952316284,2638.0
2024-03-01 14:29:00,ESTA,44.38999938964844,44.38999938964844,44.560001373291016,44.38999938964844,44.560001373291016,1502.0
2024-03-01 14:29:00,ETNB,12.890000343322754,12.890000343322754,12.899999618530273,12.885000228881836,12.885000228881836,3820.0
2024-03-01 14:29:00,ETON,4.449999809265137,4.449999809265137,4.449999809265137,4.449999809265137,4.449999809265137,809.0
2024-03-01 14:29:00,EVGN,0.9710000157356262,0.9710000157356262,0.9710000157356262,0.9700000286102295,0.9700000286102295,1600.0
2024-03-01 14:29:00,EWTX,17.0049991607666,17.0049991607666,17.0049991607666,17.0049991607666,17.0049991607666,619.0
2024-03-01 14:29:00,EXAI,6.679999828338623,6.679999828338623,6.679999828338623,6.670000076293945,6.670000076293945,234.0
2024-03-01 14:29:00,EXAS,60.08000183105469,60.08000183105469,60.189998626708984,60.08000183105469,60.130001068115234,31126.0
2024-03-01 14:29:00,EXEL,22.420000076293945,22.420000076293945,22.43000030517578,22.420000076293945,22.43000030517578,4733.0
2024-03-01 14:29:00,FATE,7.769999980926514,7.769999980926514,7.769999980926514,7.769999980926514,7.769999980926514,153.0
2024-03-01 14:29:00,FBIOP,15.40999984741211,15.40999984741211,15.40999984741211,15.399999618530273,15.40999984741211,490.0
2024-03-01 14:29:00,FDMT,29.344999313354492,29.344999313354492,29.360000610351562,29.290000915527344,29.290000915527344,1954.0
2024-03-01 14:29:00,FGEN,1.850000023841858,1.850000023841858,1.850000023841858,1.8450000286102295,1.8450000286102295,1003.0
2024-03-01 14:29:00,FOLD,13.390000343322754,13.390000343322754,13.390000343322754,13.385000228881836,13.385000228881836,4255.0
2024-03-01 14:29:00,FULC,11.0,11.0,11.020000457763672,11.0,11.009499549865723,2112.0
2024-03-01 14:29:00,FUSN,12.260000228881836,12.260000228881836,12.260000228881836,12.260000228881836,12.260000228881836,724.0
2024-03-01 14:29:00,FWBI,9.199999809265137,9.199999809265137,9.199999809265137,9.199999809265137,9.199999809265137,511.0
2024-03-01 14:29:00,GANX,4.619999885559082,4.619999885559082,4.619999885559082,4.619999885559082,4.619999885559082,141.0
2024-03-01 14:29:00,GDRX,8.420000076293945,8.420000076293945,8.420000076293945,8.369999885559082,8.375,23078.0
2024-03-01 14:29:00,GENE,2.3550000190734863,2.3550000190734863,2.3550000190734863,2.3499999046325684,2.3522000312805176,1400.0
2024-03-01 14:29:00,GERN,2.25600004196167,2.25600004196167,2.26419997215271,2.25,2.259999990463257,36926.0
2024-03-01 14:29:00,GH,19.1299991607666,19.1299991607666,19.1299991607666,19.1299991607666,19.1299991607666,1219.0
2024-03-01 14:29:00,GILD,72.45610046386719,72.45610046386719,72.47000122070312,72.44999694824219,72.46499633789062,13106.0
2024-03-01 14:29:00,GLTO,0.800000011920929,0.800000011920929,0.8098000288009644,0.7799999713897705,0.7799999713897705,19608.0
2024-03-01 14:29:00,GMAB,29.420000076293945,29.420000076293945,29.420000076293945,29.420000076293945,29.420000076293945,559.0
2024-03-01 14:29:00,GMDA,0.3799999952316284,0.3799999952316284,0.3799999952316284,0.3799999952316284,0.3799999952316284,4700.0
2024-03-01 14:29:00,GOSS,1.409999966621399,1.409999966621399,1.4249999523162842,1.409999966621399,1.4199999570846558,5685.0
2024-03-01 14:29:00,GRFS,7.014999866485596,7.014999866485596,7.019999980926514,7.010000228881836,7.010000228881836,1147.0
2024-03-01 14:29:00,GRTS,2.010999917984009,2.010999917984009,2.015000104904175,2.009999990463257,2.009999990463257,2227.0
2024-03-01 14:29:00,GTHX,3.805000066757202,3.805000066757202,3.809999942779541,3.805000066757202,3.805000066757202,396.0
2024-03-01 14:29:00,HALO,41.380001068115234,41.380001068115234,41.404998779296875,41.36000061035156,41.404998779296875,1284.0
2024-03-01 14:29:00,HCAT,8.210000038146973,8.210000038146973,8.210000038146973,8.204999923706055,8.210000038146973,1768.0
2024-03-01 14:29:00,HCTI,2.100100040435791,2.100100040435791,2.140000104904175,2.100100040435791,2.1284000873565674,4363.0
2024-03-01 14:29:00,HOLX,74.44999694824219,74.44999694824219,74.44999694824219,74.41000366210938,74.41000366210938,1342.0
2024-03-01 14:29:00,HRMY,31.709999084472656,31.709999084472656,31.719999313354492,31.690000534057617,31.719999313354492,2679.0
2024-03-01 14:29:00,HRTX,2.5999999046325684,2.5999999046325684,2.609999895095825,2.5950000286102295,2.5950000286102295,18325.0
2024-03-01 14:29:00,HSDT,4.800000190734863,4.800000190734863,4.800000190734863,4.797999858856201,4.800000190734863,5652.0
2024-03-01 14:29:00,HSIC,76.81999969482422,76.81999969482422,76.83000183105469,76.81999969482422,76.83000183105469,1075.0
2024-03-01 14:29:00,HUMA,3.265000104904175,3.265000104904175,3.26990008354187,3.234999895095825,3.234999895095825,41950.0
2024-03-01 14:29:00,IART,36.349998474121094,36.349998474121094,36.349998474121094,36.33000183105469,36.34000015258789,2572.0
2024-03-01 14:29:00,IBRX,4.875,4.875,4.880000114440918,4.875,4.875,1690.0
2024-03-01 14:29:00,ICCM,1.2999999523162842,1.2999999523162842,1.2999999523162842,1.2999999523162842,1.2999999523162842,100.0
2024-03-01 14:29:00,ICLR,323.9800109863281,323.9800109863281,323.9800109863281,323.9700012207031,323.9700012207031,1329.0
2024-03-01 14:29:00,ICUI,106.41999816894531,106.41999816894531,106.41999816894531,106.36000061035156,106.36000061035156,887.0
2024-03-01 14:29:00,IDYA,46.67499923706055,46.67499923706055,46.67499923706055,46.665000915527344,46.665000915527344,387.0
2024-03-01 14:29:00,IFRX,1.74399995803833,1.74399995803833,1.74399995803833,1.74399995803833,1.74399995803833,1420.0
2024-03-01 14:29:00,ILMN,141.93499755859375,141.93499755859375,141.97999572753906,141.82000732421875,141.82000732421875,10533.0
2024-03-01 14:29:00,IMCC,0.32510000467300415,0.32510000467300415,0.32510000467300415,0.32510000467300415,0.32510000467300415,617.0
2024-03-01 14:29:00,IMMX,3.5,3.5,3.515000104904175,3.5,3.515000104904175,4627.0
2024-03-01 14:29:00,IMUX,1.475000023841858,1.475000023841858,1.4767999649047852,1.475000023841858,1.4767999649047852,223.0
2024-03-01 14:29:00,IMVT,35.810001373291016,35.810001373291016,35.810001373291016,35.79499816894531,35.79499816894531,1139.0
2024-03-01 14:29:00,INCY,59.21500015258789,59.21500015258789,59.224998474121094,59.189998626708984,59.189998626708984,3860.0
2024-03-01 14:29:00,INGN,6.730000019073486,6.730000019073486,6.730000019073486,6.71999979019165,6.71999979019165,2678.0
2024-03-01 14:29:00,INMD,22.905000686645508,22.905000686645508,22.905000686645508,22.895000457763672,22.895000457763672,1546.0
2024-03-01 14:29:00,INSM,28.139999389648438,28.139999389648438,28.139999389648438,28.139999389648438,28.139999389648438,1981.0
2024-03-01 14:29:00,INVA,15.460000038146973,15.460000038146973,15.460000038146973,15.414999961853027,15.420000076293945,8890.0
2024-03-01 14:29:00,INZY,6.639999866485596,6.639999866485596,6.639999866485596,6.639999866485596,6.639999866485596,594.0
2024-03-01 14:29:00,IONS,46.0,46.0,46.0099983215332,46.0,46.0099983215332,623.0
2024-03-01 14:29:00,IOVA,16.990100860595703,16.990100860595703,17.0,16.969999313354492,16.975000381469727,6917.0
2024-03-01 14:29:00,IRMD,41.45000076293945,41.45000076293945,41.45000076293945,41.45000076293945,41.45000076293945,233.0
2024-03-01 14:29:00,IRWD,9.0649995803833,9.0649995803833,9.0649995803833,9.0600004196167,9.0600004196167,3189.0
2024-03-01 14:29:00,ISRG,397.8399963378906,397.8399963378906,397.92999267578125,397.6600036621094,397.8399963378906,6463.0
2024-03-01 14:29:00,JAGX,0.08659999817609787,0.08659999817609787,0.08730000257492065,0.0851999968290329,0.08540000021457672,1433667.0
2024-03-01 14:29:00,JAZZ,118.88999938964844,118.88999938964844,119.2249984741211,118.88999938964844,119.2249984741211,5775.0
2024-03-01 14:29:00,KNSA,21.899999618530273,21.899999618530273,21.899999618530273,21.8799991607666,21.889999389648438,1628.0
2024-03-01 14:29:00,KNTE,2.5999999046325684,2.5999999046325684,2.5999999046325684,2.5999999046325684,2.5999999046325684,100.0
2024-03-01 14:29:00,KOD,6.070000171661377,6.070000171661377,6.070000171661377,6.070000171661377,6.070000171661377,1053.0
2024-03-01 14:29:00,KPTI,1.1699999570846558,1.1699999570846558,1.1749999523162842,1.1699999570846558,1.1749999523162842,11600.0
2024-03-01 14:29:00,KRTX,316.25,316.25,316.25,316.25,316.25,136.0
2024-03-01 14:29:00,KURA,21.88010025024414,21.88010025024414,21.899999618530273,21.88010025024414,21.895000457763672,805.0
2024-03-01 14:29:00,KYMR,44.04999923706055,44.04999923706055,44.04999923706055,44.029998779296875,44.029998779296875,610.0
2024-03-01 14:29:00,KZIA,0.2475000023841858,0.2475000023841858,0.2475000023841858,0.2475000023841858,0.2475000023841858,200.0
2024-03-01 14:29:00,KZR,1.0750000476837158,1.0750000476837158,1.0750000476837158,1.0750000476837158,1.0750000476837158,500.0
2024-03-01 14:29:00,LAB,2.4700000286102295,2.4700000286102295,2.4700000286102295,2.4649999141693115,2.4700000286102295,1985.0
2024-03-01 14:29:00,LBPH,21.760000228881836,21.760000228881836,21.809999465942383,21.760000228881836,21.760000228881836,4213.0
2024-03-01 14:29:00,LEGN,65.27999877929688,65.27999877929688,65.27999877929688,65.2300033569336,65.27999877929688,3671.0
2024-03-01 14:29:00,LEXX,2.7597999572753906,2.7597999572753906,2.7850000858306885,2.75,2.759999990463257,5840.0
2024-03-01 14:29:00,LFMD,7.985000133514404,7.985000133514404,7.985000133514404,7.985000133514404,7.985000133514404,401.0
2024-03-01 14:29:00,LFST,7.735000133514404,7.735000133514404,7.735000133514404,7.735000133514404,7.735000133514404,1696.0
2024-03-01 14:29:00,LIFE,1.9199999570846558,1.9199999570846558,1.9199999570846558,1.910099983215332,1.910099983215332,811.0
2024-03-01 14:29:00,LIVN,55.970001220703125,55.970001220703125,55.970001220703125,55.93000030517578,55.93000030517578,1250.0
2024-03-01 14:29:00,LNTH,64.55999755859375,64.55999755859375,64.62000274658203,64.55999755859375,64.62000274658203,3953.0
2024-03-01 14:29:00,LPTX,2.8949999809265137,2.8949999809265137,2.8949999809265137,2.8949999809265137,2.8949999809265137,100.0
2024-03-01 14:29:00,LQDA,14.699999809265137,14.699999809265137,14.699999809265137,14.699999809265137,14.699999809265137,526.0
2024-03-01 14:29:00,LUCD,1.2475999593734741,1.2475999593734741,1.2475999593734741,1.2475999593734741,1.2475999593734741,235.0
2024-03-01 14:29:00,LUNG,9.510000228881836,9.510000228881836,9.510000228881836,9.489999771118164,9.5,2149.0
2024-03-01 14:29:00,LVTX,2.7850000858306885,2.7850000858306885,2.7850000858306885,2.7850000858306885,2.7850000858306885,306.0
2024-03-01 14:29:00,LXRX,2.515000104904175,2.515000104904175,2.515000104904175,2.5139999389648438,2.5139999389648438,674.0
2024-03-01 14:29:00,LYEL,3.1549999713897705,3.1549999713897705,3.1549999713897705,3.1549999713897705,3.1549999713897705,770.0
2024-03-01 14:29:00,LYRA,5.699999809265137,5.699999809265137,5.699999809265137,5.650000095367432,5.650000095367432,2947.0
2024-03-01 14:29:00,MASI,127.12999725341797,127.12999725341797,127.12999725341797,127.12999725341797,127.12999725341797,563.0
2024-03-01 14:29:00,MASS,7.360000133514404,7.360000133514404,7.360000133514404,7.360000133514404,7.360000133514404,101.0
2024-03-01 14:29:00,MCRB,1.2300000190734863,1.2300000190734863,1.2301000356674194,1.2300000190734863,1.2301000356674194,1801.0
2024-03-01 14:29:00,MDRX,6.050000190734863,6.050000190734863,6.050000190734863,5.989999771118164,6.0,51254.0
2024-03-01 14:29:00,MDXG,8.670000076293945,8.670000076293945,8.670000076293945,8.664999961853027,8.670000076293945,877.0
2024-03-01 14:29:00,ME,0.5648999810218811,0.5648999810218811,0.5648999810218811,0.5629000067710876,0.5638999938964844,16484.0
2024-03-01 14:29:00,MEDP,400.375,400.375,400.6050109863281,400.04998779296875,400.6050109863281,792.0
2024-03-01 14:29:00,MESO,2.0299999713897705,2.0299999713897705,2.0299999713897705,2.0299999713897705,2.0299999713897705,100.0
2024-03-01 14:29:00,MGNX,19.089500427246094,19.089500427246094,19.089500427246094,19.089500427246094,19.089500427246094,265.0
2024-03-01 14:29:00,MGTX,6.429999828338623,6.429999828338623,6.429999828338623,6.429999828338623,6.429999828338623,345.0
2024-03-01 14:29:00,MIRM,29.65999984741211,29.65999984741211,29.65999984741211,29.65999984741211,29.65999984741211,211.0
2024-03-01 14:29:00,MLTX,50.6150016784668,50.6150016784668,50.66999816894531,50.61000061035156,50.66999816894531,3133.0
2024-03-01 14:29:00,MNKD,4.545000076293945,4.545000076293945,4.550000190734863,4.525000095367432,4.525000095367432,20276.0
2024-03-01 14:29:00,MNMD,6.210000038146973,6.210000038146973,6.210000038146973,6.210000038146973,6.210000038146973,204.0
2024-03-01 14:29:00,MODD,1.8849999904632568,1.8849999904632568,1.8849999904632568,1.8849999904632568,1.8849999904632568,600.0
2024-03-01 14:29:00,MODV,28.18000030517578,28.18000030517578,28.280000686645508,28.127500534057617,28.15999984741211,4212.0
2024-03-01 14:29:00,MOLN,4.167200088500977,4.167200088500977,4.167200088500977,4.167200088500977,4.167200088500977,100.0
2024-03-01 14:29:00,MREO,3.994999885559082,3.994999885559082,4.019999980926514,3.994999885559082,4.019999980926514,6170.0
2024-03-01 14:29:00,MRNA,95.22000122070312,95.22000122070312,95.31999969482422,95.16000366210938,95.17500305175781,31320.0
2024-03-01 14:29:00,MRSN,5.980000019073486,5.980000019073486,5.980000019073486,5.949999809265137,5.974999904632568,4666.0
2024-03-01 14:29:00,MRUS,51.13999938964844,51.13999938964844,51.13999938964844,51.06999969482422,51.06999969482422,3015.0
2024-03-01 14:29:00,MRVI,7.800000190734863,7.800000190734863,7.800000190734863,7.795000076293945,7.795000076293945,3121.0
2024-03-01 14:29:00,MXCT,4.744999885559082,4.744999885559082,4.744999885559082,4.744999885559082,4.744999885559082,207.0
2024-03-01 14:29:00,MYGN,22.122499465942383,22.122499465942383,22.122499465942383,22.1200008392334,22.1200008392334,1099.0
2024-03-01 14:29:00,MYMD,3.366300106048584,3.366300106048584,3.366300106048584,3.359999895095825,3.359999895095825,676.0
2024-03-01 14:29:00,NARI,45.93000030517578,45.93000030517578,45.970001220703125,45.8400993347168,45.94499969482422,1903.0
2024-03-01 14:29:00,NBIX,131.52000427246094,131.52000427246094,131.52000427246094,131.36500549316406,131.375,5275.0
2024-03-01 14:29:00,NEO,16.09000015258789,16.09000015258789,16.09000015258789,16.079999923706055,16.079999923706055,310.0
2024-03-01 14:29:00,NEOG,17.389999389648438,17.389999389648438,17.389999389648438,17.380800247192383,17.380800247192383,1025.0
2024-03-01 14:29:00,NGM,1.524999976158142,1.524999976158142,1.524999976158142,1.524999976158142,1.524999976158142,513.0
2024-03-01 14:29:00,NKTR,0.777400016784668,0.777400016784668,0.7799999713897705,0.7773500084877014,0.7799999713897705,1210.0
2024-03-01 14:29:00,NKTX,12.65999984741211,12.65999984741211,12.65999984741211,12.630000114440918,12.630000114440918,1081.0
2024-03-01 14:29:00,NMTC,1.25,1.25,1.25,1.2400000095367432,1.2400000095367432,1346.0
2024-03-01 14:29:00,NNOX,10.82390022277832,10.82390022277832,10.829899787902832,10.8100004196167,10.820199966430664,5943.0
2024-03-01 14:29:00,NOTV,8.0,8.0,8.020099639892578,8.0,8.020000457763672,2660.0
2024-03-01 14:29:00,NRBO,6.28980016708374,6.28980016708374,6.28980016708374,6.28980016708374,6.28980016708374,515.0
2024-03-01 14:29:00,NRIX,13.574999809265137,13.574999809265137,13.574999809265137,13.574999809265137,13.574999809265137,402.0
2024-03-01 14:29:00,NRXP,0.41620001196861267,0.41620001196861267,0.4194999933242798,0.41620001196861267,0.4194999933242798,1678.0
2024-03-01 14:29:00,NTLA,33.5,33.5,33.5,33.470001220703125,33.470001220703125,2207.0
2024-03-01 14:29:00,NTRA,89.08999633789062,89.08999633789062,89.1500015258789,89.05000305175781,89.1500015258789,2001.0
2024-03-01 14:29:00,NVAX,5.28000020980835,5.28000020980835,5.28000020980835,5.269999980926514,5.28000020980835,19069.0
2024-03-01 14:29:00,NVCR,16.09000015258789,16.09000015258789,16.094999313354492,16.06999969482422,16.06999969482422,2356.0
2024-03-01 14:29:00,NVNO,6.408899784088135,6.408899784088135,6.408899784088135,6.408899784088135,6.408899784088135,200.0
2024-03-01 14:29:00,NXTC,1.7999999523162842,1.7999999523162842,1.8300000429153442,1.7999999523162842,1.8300000429153442,5815.0
2024-03-01 14:29:00,OCUL,10.717000007629395,10.717000007629395,10.717000007629395,10.702300071716309,10.71310043334961,5682.0
2024-03-01 14:29:00,OLK,23.040000915527344,23.040000915527344,23.049999237060547,23.040000915527344,23.049999237060547,7849.0
2024-03-01 14:29:00,OLMA,14.869999885559082,14.869999885559082,14.869999885559082,14.869999885559082,14.869999885559082,100.0
2024-03-01 14:29:00,OMCL,26.53499984741211,26.53499984741211,26.53499984741211,26.53499984741211,26.53499984741211,189.0
2024-03-01 14:29:00,OMGA,4.409999847412109,4.409999847412109,4.409999847412109,4.409999847412109,4.409999847412109,508.0
2024-03-01 14:29:00,OMIC,0.607450008392334,0.607450008392334,0.607450008392334,0.607450008392334,0.607450008392334,100.0
2024-03-01 14:29:00,ONCY,1.149999976158142,1.149999976158142,1.159999966621399,1.149999976158142,1.159999966621399,630.0
2024-03-01 14:30:00,ABCL,5.15500020980835,5.15500020980835,5.15500020980835,5.15500020980835,5.15500020980835,706.0
2024-03-01 14:30:00,ABOS,4.644999980926514,4.644999980926514,4.644999980926514,4.639999866485596,4.639999866485596,622.0
2024-03-01 14:30:00,ABSI,5.545000076293945,5.545000076293945,5.550000190734863,5.545000076293945,5.550000190734863,981.0
2024-03-01 14:30:00,ACAD,24.18000030517578,24.18000030517578,24.184999465942383,24.18000030517578,24.184999465942383,3303.0
2024-03-01 14:30:00,ACET,2.4000000953674316,2.4000000953674316,2.4049999713897705,2.4000000953674316,2.4049999713897705,782.0
2024-03-01 14:30:00,ACHC,84.47000122070312,84.47000122070312,84.55000305175781,84.43499755859375,84.5,3184.0
2024-03-01 14:30:00,ACHV,4.349999904632568,4.349999904632568,4.349999904632568,4.349999904632568,4.349999904632568,100.0
2024-03-01 14:30:00,ACRS,1.2350000143051147,1.2350000143051147,1.2350000143051147,1.2300000190734863,1.2350000143051147,2556.0
2024-03-01 14:30:00,ADIL,3.140399932861328,3.140399932861328,3.180000066757202,3.0799999237060547,3.0799999237060547,141028.0
2024-03-01 14:30:00,ADMA,5.550000190734863,5.550000190734863,5.550000190734863,5.539999961853027,5.539999961853027,2616.0
2024-03-01 14:30:00,ADPT,4.114999771118164,4.114999771118164,4.119900226593018,4.114999771118164,4.119900226593018,1112.0
2024-03-01 14:30:00,ADVM,1.9800000190734863,1.9800000190734863,1.9850000143051147,1.9800000190734863,1.9800000190734863,6169.0
2024-03-01 14:30:00,AFMD,0.6736999750137329,0.6736999750137329,0.675599992275238,0.6736999750137329,0.675599992275238,410.0
2024-03-01 14:30:00,AGEN,0.6700500249862671,0.6700500249862671,0.6700999736785889,0.6700000166893005,0.6700999736785889,27009.0
2024-03-01 14:30:00,AGIO,32.68000030517578,32.68000030517578,32.77000045776367,32.68000030517578,32.75,2057.0
2024-03-01 14:30:00,AHCO,10.505000114440918,10.505000114440918,10.505000114440918,10.5,10.5,1226.0
2024-03-01 14:30:00,AKAN,0.20999999344348907,0.20999999344348907,0.21150000393390656,0.20999999344348907,0.21150000393390656,1519.0
2024-03-01 14:30:00,AKBA,1.6799999475479126,1.6799999475479126,1.684999942779541,1.6799999475479126,1.684999942779541,510.0
2024-03-01 14:30:00,AKLI,0.359499990940094,0.359499990940094,0.359499990940094,0.359499990940094,0.359499990940094,286.0
2024-03-01 14:30:00,ALEC,7.494999885559082,7.494999885559082,7.494999885559082,7.494999885559082,7.494999885559082,101.0
2024-03-01 14:30:00,ALGN,302.69000244140625,302.69000244140625,302.69000244140625,302.2500915527344,302.4700012207031,2729.0
2024-03-01 14:30:00,ALHC,5.71999979019165,5.71999979019165,5.739999771118164,5.699999809265137,5.739999771118164,18096.0
2024-03-01 14:30:00,ALKS,30.264999389648438,30.264999389648438,30.270000457763672,30.260000228881836,30.260000228881836,2248.0
2024-03-01 14:30:00,ALLK,1.6649999618530273,1.6649999618530273,1.6699999570846558,1.6649999618530273,1.6699999570846558,313.0
2024-03-01 14:30:00,ALLO,5.019999980926514,5.019999980926514,5.025000095367432,5.019999980926514,5.025000095367432,2767.0
2024-03-01 14:30:00,ALNY,153.36000061035156,153.36000061035156,153.4600067138672,153.36000061035156,153.4600067138672,545.0
2024-03-01 14:30:00,ALPN,36.206199645996094,36.206199645996094,36.2400016784668,36.206199645996094,36.2400016784668,397.0
2024-03-01 14:30:00,ALT,12.100000381469727,12.100000381469727,12.104999542236328,12.09000015258789,12.100000381469727,2300.0
2024-03-01 14:30:00,ALVR,0.7559000253677368,0.7559000253677368,0.7559999823570251,0.7558000087738037,0.7559000253677368,1168.0
2024-03-01 14:30:00,AMED,93.58999633789062,93.58999633789062,93.625,93.58999633789062,93.625,1207.0
2024-03-01 14:30:00,AMGN,281.1199951171875,281.1199951171875,281.20001220703125,281.07000732421875,281.1228942871094,7524.0
2024-03-01 14:30:00,AMLX,18.68000030517578,18.68000030517578,18.68000030517578,18.68000030517578,18.68000030517578,809.0
2024-03-01 14:30:00,AMPH,45.56999969482422,45.56999969482422,45.56999969482422,45.56999969482422,45.56999969482422,292.0
2024-03-01 14:30:00,AMRN,1.0549999475479126,1.0549999475479126,1.0549999475479126,1.0549999475479126,1.0549999475479126,384.0
2024-03-01 14:30:00,ANIK,24.969999313354492,24.969999313354492,24.969999313354492,24.969999313354492,24.969999313354492,595.0
2024-03-01 14:30:00,ANIP,66.69999694824219,66.69999694824219,66.72000122070312,66.69999694824219,66.72000122070312,1224.0
2024-03-01 14:30:00,ANNX,6.105000019073486,6.105000019073486,6.112500190734863,6.099999904632568,6.105000019073486,7033.0
2024-03-01 14:30:00,APLS,64.4800033569336,64.4800033569336,64.54000091552734,64.45999908447266,64.54000091552734,3982.0
2024-03-01 14:30:00,APLT,7.070000171661377,7.070000171661377,7.070000171661377,7.070000171661377,7.070000171661377,1317.0
2024-03-01 14:30:00,APVO,0.16019999980926514,0.16019999980926514,0.16019999980926514,0.16019999980926514,0.16019999980926514,108.0
2024-03-01 14:30:00,AQST,4.139999866485596,4.139999866485596,4.139999866485596,4.131400108337402,4.131400108337402,468.0
2024-03-01 14:30:00,ARCT,39.720001220703125,39.720001220703125,39.720001220703125,39.67499923706055,39.67499923706055,721.0
2024-03-01 14:30:00,ARDX,9.479999542236328,9.479999542236328,9.484999656677246,9.479999542236328,9.484999656677246,969.0
2024-03-01 14:30:00,ARGX,393.6400146484375,393.6400146484375,393.6400146484375,393.6400146484375,393.6400146484375,749.0
2024-03-01 14:30:00,ARQT,11.649999618530273,11.649999618530273,11.720000267028809,11.649999618530273,11.710000038146973,12961.0
2024-03-01 14:30:00,ARVN,48.599998474121094,48.599998474121094,48.70500183105469,48.540000915527344,48.54999923706055,8151.0
2024-03-01 14:30:00,ARWR,35.20000076293945,35.20000076293945,35.2599983215332,35.185001373291016,35.2599983215332,8766.0
2024-03-01 14:30:00,ASMB,13.25,13.25,13.25,13.25,13.25,440.0
2024-03-01 14:30:00,ASND,153.39500427246094,153.39500427246094,153.46499633789062,153.09500122070312,153.13999938964844,1614.0
2024-03-01 14:30:00,ASRT,0.9025999903678894,0.9025999903678894,0.9061999917030334,0.9020000100135803,0.9020000100135803,751.0
2024-03-01 14:30:00,ATAI,2.1700000762939453,2.1700000762939453,2.1700000762939453,2.169300079345703,2.169300079345703,2362.0
2024-03-01 14:30:00,ATEC,13.404999732971191,13.404999732971191,13.40999984741211,13.399999618530273,13.404999732971191,1901.0
2024-03-01 14:30:00,ATRA,0.7935000061988831,0.7935000061988831,0.7935000061988831,0.7935000061988831,0.7935000061988831,1300.0
2024-03-01 14:30:00,ATRC,35.97999954223633,35.97999954223633,35.97999954223633,35.89500045776367,35.900001525878906,3597.0
2024-03-01 14:30:00,ATXS,14.9399995803833,14.9399995803833,15.029999732971191,14.920000076293945,15.029999732971191,5244.0
2024-03-01 14:30:00,AUGX,4.53000020980835,4.53000020980835,4.53000020980835,4.519999980926514,4.519999980926514,200.0
2024-03-01 14:30:00,AUPH,5.820000171661377,5.820000171661377,5.820000171661377,5.815000057220459,5.820000171661377,2396.0
2024-03-01 14:30:00,AUTL,6.34499979019165,6.34499979019165,6.34499979019165,6.34499979019165,6.34499979019165,155.0
2024-03-01 14:30:00,AVDL,13.220000267028809,13.220000267028809,13.220000267028809,13.220000267028809,13.220000267028809,776.0
2024-03-01 14:30:00,AVIR,4.460000038146973,4.460000038146973,4.460000038146973,4.460000038146973,4.460000038146973,300.0
2024-03-01 14:30:00,AVRO,1.340000033378601,1.340000033378601,1.340000033378601,1.340000033378601,1.340000033378601,100.0
2024-03-01 14:30:00,AVXL,5.367499828338623,5.367499828338623,5.367499828338623,5.364999771118164,5.364999771118164,516.0
2024-03-01 14:30:00,AXGN,10.550000190734863,10.550000190734863,10.550000190734863,10.539999961853027,10.539999961853027,3789.0
2024-03-01 14:30:00,AXNX,67.44000244140625,67.44000244140625,67.45999908447266,67.4031982421875,67.42729949951172,6511.0
2024-03-01 14:30:00,AXSM,82.27999877929688,82.27999877929688,82.27999877929688,82.27999877929688,82.27999877929688,296.0
2024-03-01 14:30:00,AZN,64.68000030517578,64.68000030517578,64.69499969482422,64.68000030517578,64.69000244140625,5034.0
2024-03-01 14:30:00,AZTA,66.95999908447266,66.95999908447266,66.95999908447266,66.94999694824219,66.94999694824219,1668.0
2024-03-01 14:30:00,BBIO,35.95000076293945,35.95000076293945,35.970001220703125,35.95000076293945,35.970001220703125,636.0
2024-03-01 14:30:00,BCEL,0.2689630091190338,0.2689630091190338,0.2689630091190338,0.2689630091190338,0.2689630091190338,300.0
2024-03-01 14:30:00,BCLI,0.3476000130176544,0.3476000130176544,0.3476000130176544,0.3476000130176544,0.3476000130176544,340.0
2024-03-01 14:30:00,BCRX,5.730000019073486,5.730000019073486,5.730000019073486,5.724999904632568,5.724999904632568,612.0
2024-03-01 14:30:00,BCYC,25.854999542236328,25.854999542236328,25.854999542236328,25.854999542236328,25.854999542236328,421.0
2024-03-01 14:30:00,BEAM,40.04999923706055,40.04999923706055,40.04999923706055,40.04999923706055,40.04999923706055,413.0
2024-03-01 14:30:00,BIAF,2.3350000381469727,2.3350000381469727,2.3350000381469727,2.3350000381469727,2.3350000381469727,473.0
2024-03-01 14:30:00,BIIB,221.36000061035156,221.36000061035156,221.36000061035156,221.19000244140625,221.19000244140625,925.0
2024-03-01 14:30:00,BIMI,3.6500000953674316,3.6500000953674316,3.6602001190185547,3.6500000953674316,3.6602001190185547,954.0
2024-03-01 14:30:00,BIOL,0.14350000023841858,0.14350000023841858,0.14350000023841858,0.14350000023841858,0.14350000023841858,753.0
2024-03-01 14:30:00,BIVI,2.0285000801086426,2.0285000801086426,2.0399999618530273,2.0111000537872314,2.015000104904175,39709.0
2024-03-01 14:30:00,BLTE,46.41999816894531,46.41999816894531,46.439998626708984,46.25,46.400001525878906,2018.0
2024-03-01 14:30:00,BLUE,1.590000033378601,1.590000033378601,1.5950000286102295,1.590000033378601,1.5906000137329102,29406.0
2024-03-01 14:30:00,BMEA,18.260000228881836,18.260000228881836,18.280000686645508,18.260000228881836,18.280000686645508,2592.0
2024-03-01 14:30:00,BMRN,87.9800033569336,87.9800033569336,88.0,87.9800033569336,87.9800033569336,19068.0
2024-03-01 14:30:00,BNGO,1.269700050354004,1.269700050354004,1.269700050354004,1.269700050354004,1.269700050354004,364.0
2024-03-01 14:30:00,BNOX,1.2300000190734863,1.2300000190734863,1.2300000190734863,1.225000023841858,1.225000023841858,4396.0
2024-03-01 14:30:00,BNR,0.8226000070571899,0.8226000070571899,0.8226000070571899,0.8226000070571899,0.8226000070571899,100.0
2024-03-01 14:30:00,BNTC,5.289899826049805,5.289899826049805,5.289899826049805,5.289899826049805,5.289899826049805,501.0
2024-03-01 14:30:00,BNTX,91.19999694824219,91.19999694824219,91.2300033569336,91.19999694824219,91.2300033569336,886.0
2024-03-01 14:30:00,BOLT,1.2100000381469727,1.2100000381469727,1.2300000190734863,1.2000000476837158,1.2050000429153442,18886.0
2024-03-01 14:30:00,BPMC,96.83999633789062,96.83999633789062,96.8499984741211,96.7300033569336,96.77999877929688,1709.0
2024-03-01 14:30:00,BRKR,88.68000030517578,88.68000030517578,88.69999694824219,88.68000030517578,88.69999694824219,1018.0
2024-03-01 14:30:00,BRTX,1.5399999618530273,1.5399999618530273,1.5399999618530273,1.5199999809265137,1.5199999809265137,1931.0
2024-03-01 14:30:00,BTAI,3.2100000381469727,3.2100000381469727,3.2100000381469727,3.200000047683716,3.200000047683716,2774.0
2024-03-01 14:30:00,BTCY,0.9990000128746033,0.9990000128746033,1.0,0.9990000128746033,1.0,2273.0
2024-03-01 14:30:00,BTTX,0.18209999799728394,0.18209999799728394,0.18299999833106995,0.18209999799728394,0.18299999833106995,2900.0
2024-03-01 14:30:00,CABA,24.030000686645508,24.030000686645508,24.030000686645508,24.030000686645508,24.030000686645508,100.0
2024-03-01 14:30:00,CAPR,4.519100189208984,4.519100189208984,4.519100189208984,4.519100189208984,4.519100189208984,220.0
2024-03-01 14:30:00,CBAY,32.224998474121094,32.224998474121094,32.22999954223633,32.220001220703125,32.224998474121094,3449.0
2024-03-01 14:30:00,CCCC,10.989999771118164,10.989999771118164,11.0,10.989999771118164,11.0,3367.0
2024-03-01 14:30:00,CCRN,18.2450008392334,18.2450008392334,18.2450008392334,18.2450008392334,18.2450008392334,485.0
2024-03-01 14:30:00,CDMO,8.1899995803833,8.1899995803833,8.1899995803833,8.1899995803833,8.1899995803833,328.0
2024-03-01 14:30:00,CDNA,12.819999694824219,12.819999694824219,12.829999923706055,12.805000305175781,12.8100004196167,2076.0
2024-03-01 14:30:00,CDXS,4.574999809265137,4.574999809265137,4.579999923706055,4.570000171661377,4.570000171661377,1014.0
2024-03-01 14:30:00,CERE,41.092498779296875,41.092498779296875,41.099998474121094,41.09000015258789,41.092498779296875,1883.0
2024-03-01 14:30:00,CERS,2.184999942779541,2.184999942779541,2.184999942779541,2.184999942779541,2.184999942779541,112.0
2024-03-01 14:30:00,CERT,18.06999969482422,18.06999969482422,18.100000381469727,18.06999969482422,18.084999084472656,2626.0
2024-03-01 14:30:00,CGC,3.2249999046325684,3.2249999046325684,3.2249999046325684,3.2207000255584717,3.2207000255584717,2396.0
2024-03-01 14:30:00,CGEM,18.735000610351562,18.735000610351562,18.735000610351562,18.735000610351562,18.735000610351562,100.0
2024-03-01 14:30:00,CGEN,2.6798999309539795,2.6798999309539795,2.680000066757202,2.674999952316284,2.674999952316284,3580.0
2024-03-01 14:30:00,CHRS,2.4100000858306885,2.4100000858306885,2.4149999618530273,2.4100000858306885,2.4149999618530273,2617.0
2024-03-01 14:30:00,CING,1.340000033378601,1.340000033378601,1.350000023841858,1.340000033378601,1.350000023841858,200.0
2024-03-01 14:30:00,CJJD,2.8893001079559326,2.8893001079559326,2.8893001079559326,2.8893001079559326,2.8893001079559326,311.0
2024-03-01 14:30:00,CKPT,2.1900999546051025,2.1900999546051025,2.1900999546051025,2.1900999546051025,2.1900999546051025,5000.0
2024-03-01 14:30:00,CLDX,52.625,52.625,52.625,52.380001068115234,52.45000076293945,22482.0
2024-03-01 14:30:00,CLOV,0.8672999739646912,0.8672999739646912,0.8695999979972839,0.8651999831199646,0.8651999831199646,23842.0
2024-03-01 14:30:00,CLRB,4.079999923706055,4.079999923706055,4.079999923706055,4.079999923706055,4.079999923706055,650.0
2024-03-01 14:30:00,CMPS,11.691100120544434,11.691100120544434,11.699999809265137,11.691100120544434,11.699999809265137,876.0
2024-03-01 14:30:00,COGT,7.244999885559082,7.244999885559082,7.244999885559082,7.244999885559082,7.244999885559082,302.0
2024-03-01 14:30:00,CORT,24.270000457763672,24.270000457763672,24.274999618530273,24.270000457763672,24.270000457763672,993.0
2024-03-01 14:30:00,CPRX,17.165000915527344,17.165000915527344,17.190000534057617,17.15999984741211,17.170000076293945,3864.0
2024-03-01 14:30:00,CPSI,9.449999809265137,9.449999809265137,9.5,9.449999809265137,9.5,2764.0
2024-03-01 14:30:00,CRBU,7.900000095367432,7.900000095367432,7.90500020980835,7.900000095367432,7.90500020980835,920.0
2024-03-01 14:30:00,CRDF,2.549999952316284,2.549999952316284,2.569999933242798,2.5399999618530273,2.5450000762939453,43218.0
2024-03-01 14:30:00,CRMD,3.690000057220459,3.690000057220459,3.690000057220459,3.690000057220459,3.690000057220459,172.0
2024-03-01 14:30:00,CRNX,46.5,46.5,46.5,46.45000076293945,46.45000076293945,834.0
2024-03-01 14:30:00,CRON,2.049999952316284,2.049999952316284,2.049999952316284,2.049999952316284,2.049999952316284,251.0
2024-03-01 14:30:00,CRSP,85.43000030517578,85.43000030517578,85.43499755859375,85.41000366210938,85.41000366210938,1327.0
2024-03-01 14:30:00,CSTL,19.75,19.75,19.75,19.75,19.75,780.0
2024-03-01 14:30:00,CTKB,9.00879955291748,9.00879955291748,9.00879955291748,9.00879955291748,9.00879955291748,293.0
2024-03-01 14:30:00,CTMX,2.549999952316284,2.549999952316284,2.549999952316284,2.5299999713897705,2.5399999618530273,6819.0
2024-03-01 14:30:00,CTXR,0.7739999890327454,0.7739999890327454,0.7739999890327454,0.7739999890327454,0.7739999890327454,214.0
2024-03-01 14:30:00,CUTR,2.4000000953674316,2.4000000953674316,2.4000000953674316,2.4000000953674316,2.4000000953674316,123.0
2024-03-01 14:30:00,CVAC,3.4749999046325684,3.4749999046325684,3.4749999046325684,3.4749999046325684,3.4749999046325684,910.0
2024-03-01 14:30:00,CYTK,73.58999633789062,73.58999633789062,73.58999633789062,73.51000213623047,73.51000213623047,1868.0
2024-03-01 14:30:00,DAWN,17.68000030517578,17.68000030517578,17.690000534057617,17.68000030517578,17.690000534057617,741.0
2024-03-01 14:30:00,DCGO,4.139999866485596,4.139999866485596,4.139999866485596,4.139999866485596,4.139999866485596,2409.0
2024-03-01 14:30:00,DCPH,17.649999618530273,17.649999618530273,17.658899307250977,17.649999618530273,17.658899307250977,237.0
2024-03-01 14:30:00,DNLI,21.309999465942383,21.309999465942383,21.350000381469727,21.309999465942383,21.350000381469727,730.0
2024-03-01 14:30:00,DVAX,12.835000038146973,12.835000038146973,12.84000015258789,12.835000038146973,12.83899974822998,5158.0
2024-03-01 14:30:00,DXCM,121.88999938964844,121.88999938964844,121.9000015258789,121.7249984741211,121.87999725341797,14192.0
2024-03-01 14:30:00,DYN,29.110000610351562,29.110000610351562,29.295000076293945,29.100000381469727,29.295000076293945,8399.0
2024-03-01 14:30:00,EDIT,10.879400253295898,10.879400253295898,10.890000343322754,10.879400253295898,10.890000343322754,3986.0
2024-03-01 14:30:00,EFTR,15.989999771118164,15.989999771118164,16.10460090637207,15.989999771118164,16.10460090637207,250.0
2024-03-01 14:30:00,ELEV,5.019999980926514,5.019999980926514,5.03000020980835,5.019999980926514,5.03000020980835,204.0
2024-03-01 14:30:00,ENLV,3.299999952316284,3.299999952316284,3.299999952316284,3.299999952316284,3.299999952316284,541.0
2024-03-01 14:30:00,ENTA,15.449999809265137,15.449999809265137,15.449999809265137,15.390000343322754,15.449999809265137,2021.0
2024-03-01 14:30:00,ENVB,1.5399999618530273,1.5399999618530273,1.5399999618530273,1.5299999713897705,1.5299999713897705,252.0
2024-03-01 14:30:00,EOLS,14.770000457763672,14.770000457763672,14.770000457763672,14.770000457763672,14.770000457763672,605.0
2024-03-01 14:30:00,ERAS,2.509999990463257,2.509999990463257,2.515000104904175,2.509999990463257,2.515000104904175,5001.0
2024-03-01 14:30:00,ESPR,2.549999952316284,2.549999952316284,2.549999952316284,2.549999952316284,2.549999952316284,925.0
2024-03-01 14:30:00,ESTA,44.349998474121094,44.349998474121094,44.45500183105469,44.34000015258789,44.34000015258789,704.0
2024-03-01 14:30:00,ETNB,12.899999618530273,12.899999618530273,12.899999618530273,12.890000343322754,12.899999618530273,720.0
2024-03-01 14:30:00,EVGN,0.9710000157356262,0.9710000157356262,0.9710000157356262,0.9710000157356262,0.9710000157356262,600.0
2024-03-01 14:30:00,EXAI,6.670000076293945,6.670000076293945,6.670000076293945,6.670000076293945,6.670000076293945,100.0
2024-03-01 14:30:00,EXAS,60.03499984741211,60.03499984741211,60.09000015258789,60.0,60.09000015258789,9333.0
2024-03-01 14:30:00,EXEL,22.405000686645508,22.405000686645508,22.43000030517578,22.399999618530273,22.424999237060547,6166.0
2024-03-01 14:30:00,EYEN,2.3499999046325684,2.3499999046325684,2.3499999046325684,2.3499999046325684,2.3499999046325684,200.0
2024-03-01 14:30:00,EYPT,27.905000686645508,27.905000686645508,27.959999084472656,27.905000686645508,27.959999084472656,483.0
2024-03-01 14:30:00,FATE,7.760000228881836,7.760000228881836,7.769400119781494,7.760000228881836,7.764999866485596,6889.0
2024-03-01 14:30:00,FGEN,1.8450000286102295,1.8450000286102295,1.850000023841858,1.840000033378601,1.850000023841858,2026.0
2024-03-01 14:30:00,FLGC,1.159999966621399,1.159999966621399,1.159999966621399,1.159999966621399,1.159999966621399,102.0
2024-03-01 14:30:00,FLGT,23.225000381469727,23.225000381469727,23.225000381469727,23.219999313354492,23.219999313354492,444.0
2024-03-01 14:30:00,FOLD,13.382499694824219,13.382499694824219,13.395000457763672,13.382499694824219,13.395000457763672,4318.0
2024-03-01 14:30:00,FULC,10.989999771118164,10.989999771118164,11.0,10.989999771118164,11.0,1492.0
2024-03-01 14:30:00,FUSN,12.260000228881836,12.260000228881836,12.260000228881836,12.25,12.25,317.0
2024-03-01 14:30:00,FWBI,8.989999771118164,8.989999771118164,8.989999771118164,8.65999984741211,8.800000190734863,5407.0
2024-03-01 14:30:00,GALT,1.9700000286102295,1.9700000286102295,1.9700000286102295,1.9700000286102295,1.9700000286102295,100.0
2024-03-01 14:30:00,GANX,4.610000133514404,4.610000133514404,4.610000133514404,4.610000133514404,4.610000133514404,305.0
2024-03-01 14:30:00,GCTK,0.3098999857902527,0.3098999857902527,0.3098999857902527,0.3098999857902527,0.3098999857902527,200.0
2024-03-01 14:30:00,GDRX,8.414999961853027,8.414999961853027,8.425999641418457,8.414999961853027,8.420000076293945,6185.0
2024-03-01 14:30:00,GERN,2.25,2.25,2.258500099182129,2.25,2.25,34505.0
2024-03-01 14:30:00,GH,19.139999389648438,19.139999389648438,19.155000686645508,19.139999389648438,19.145000457763672,5700.0
2024-03-01 14:30:00,GILD,72.45999908447266,72.45999908447266,72.4800033569336,72.45500183105469,72.45500183105469,6973.0
2024-03-01 14:30:00,GLSI,12.600000381469727,12.600000381469727,12.600000381469727,12.520099639892578,12.520099639892578,1293.0
2024-03-01 14:30:00,GLTO,0.8065620064735413,0.8065620064735413,0.8097000122070312,0.800000011920929,0.800000011920929,12623.0
2024-03-01 14:30:00,GLYC,3.0,3.0,3.0,3.0,3.0,125.0
2024-03-01 14:30:00,GMAB,29.40999984741211,29.40999984741211,29.440000534057617,29.40999984741211,29.440000534057617,1874.0
2024-03-01 14:30:00,GNPX,4.619999885559082,4.619999885559082,4.6203999519348145,4.610000133514404,4.6203999519348145,1907.0
2024-03-01 14:30:00,GOSS,1.4149999618530273,1.4149999618530273,1.4149999618530273,1.4149999618530273,1.4149999618530273,325.0
2024-03-01 14:30:00,GRFS,7.014999866485596,7.014999866485596,7.019999980926514,7.014999866485596,7.014999866485596,3995.0
2024-03-01 14:30:00,GRPH,3.450000047683716,3.450000047683716,3.450000047683716,3.450000047683716,3.450000047683716,835.0
2024-03-01 14:30:00,GRTS,2.009999990463257,2.009999990463257,2.018699884414673,2.009999990463257,2.01200008392334,6983.0
2024-03-01 14:30:00,GRTX,0.23399999737739563,0.23399999737739563,0.23399999737739563,0.23330000042915344,0.23330000042915344,1749.0
2024-03-01 14:30:00,GTHX,3.805000066757202,3.805000066757202,3.809999942779541,3.799999952316284,3.809999942779541,2935.0
2024-03-01 14:30:00,HALO,41.349998474121094,41.349998474121094,41.375,41.34000015258789,41.375,2164.0
2024-03-01 14:30:00,HARP,22.9424991607666,22.9424991607666,22.9424991607666,22.940000534057617,22.9424991607666,468.0
2024-03-01 14:30:00,HCAT,8.210000038146973,8.210000038146973,8.220000267028809,8.210000038146973,8.21500015258789,907.0
2024-03-01 14:30:00,HCM,15.220000267028809,15.220000267028809,15.220000267028809,15.220000267028809,15.220000267028809,100.0
2024-03-01 14:30:00,HCTI,2.050100088119507,2.050100088119507,2.109999895095825,2.049999952316284,2.109999895095825,3623.0
2024-03-01 14:30:00,HITI,1.766700029373169,1.766700029373169,1.766700029373169,1.766700029373169,1.766700029373169,364.0
2024-03-01 14:30:00,HLVX,19.190000534057617,19.190000534057617,19.190000534057617,19.190000534057617,19.190000534057617,100.0
2024-03-01 14:30:00,HOLX,74.48999786376953,74.48999786376953,74.5,74.4800033569336,74.4800033569336,3059.0
2024-03-01 14:30:00,HQY,81.5,81.5,81.54000091552734,81.47000122070312,81.47000122070312,749.0
2024-03-01 14:30:00,HRMY,31.639999389648438,31.639999389648438,31.639999389648438,31.639999389648438,31.639999389648438,713.0
2024-03-01 14:30:00,HRTX,2.5999999046325684,2.5999999046325684,2.5999999046325684,2.5999999046325684,2.5999999046325684,351.0
2024-03-01 14:30:00,HSDT,4.734600067138672,4.734600067138672,4.840000152587891,4.639800071716309,4.679999828338623,1939.0
2024-03-01 14:30:00,HSIC,76.80500030517578,76.80500030517578,76.8499984741211,76.80000305175781,76.83000183105469,3486.0
2024-03-01 14:30:00,HUMA,3.261199951171875,3.261199951171875,3.2699999809265137,3.259999990463257,3.265000104904175,29940.0
2024-03-01 14:30:00,IART,36.349998474121094,36.349998474121094,36.36000061035156,36.345001220703125,36.345001220703125,3069.0
2024-03-01 14:30:00,IBRX,4.869999885559082,4.869999885559082,4.875,4.869999885559082,4.875,488.0
2024-03-01 14:30:00,ICAD,1.86489999294281,1.86489999294281,1.86489999294281,1.86489999294281,1.86489999294281,377.0
2024-03-01 14:30:00,ICCM,1.3049999475479126,1.3049999475479126,1.309999942779541,1.3049999475479126,1.3099000453948975,7200.0
2024-03-01 14:30:00,ICLR,324.2349853515625,324.2349853515625,324.4700012207031,323.9800109863281,323.9800109863281,1097.0
2024-03-01 14:30:00,ICUI,106.37000274658203,106.37000274658203,106.37000274658203,106.37000274658203,106.37000274658203,310.0
2024-03-01 14:30:00,IDXX,580.7750244140625,580.7750244140625,580.7750244140625,580.7279052734375,580.7279052734375,521.0
2024-03-01 14:30:00,IDYA,46.72999954223633,46.72999954223633,46.75,46.709999084472656,46.709999084472656,2696.0
2024-03-01 14:30:00,IINN,1.690000057220459,1.690000057220459,1.690000057220459,1.690000057220459,1.690000057220459,1480.0
2024-03-01 14:30:00,IMCR,67.9000015258789,67.9000015258789,68.0,67.88999938964844,68.0,1111.0
2024-03-01 14:30:00,IMMX,3.509999990463257,3.509999990463257,3.509999990463257,3.509999990463257,3.509999990463257,100.0
2024-03-01 14:30:00,IMTX,12.859999656677246,12.859999656677246,12.859999656677246,12.859999656677246,12.859999656677246,122.0
2024-03-01 14:30:00,IMUX,1.475000023841858,1.475000023841858,1.479699969291687,1.475000023841858,1.479699969291687,834.0
2024-03-01 14:30:00,IMVT,35.790000915527344,35.790000915527344,35.810001373291016,35.790000915527344,35.810001373291016,2246.0
2024-03-01 14:30:00,INBX,36.625,36.625,36.625,36.625,36.625,560.0
2024-03-01 14:30:00,INCY,59.18000030517578,59.18000030517578,59.20000076293945,59.18000030517578,59.20000076293945,405.0
2024-03-01 14:30:00,INMD,22.90999984741211,22.90999984741211,22.915000915527344,22.90999984741211,22.90999984741211,2021.0
2024-03-01 14:30:00,INO,9.699999809265137,9.699999809265137,9.710000038146973,9.699999809265137,9.710000038146973,454.0
2024-03-01 14:30:00,INSM,28.110000610351562,28.110000610351562,28.1299991607666,28.110000610351562,28.1299991607666,2726.0
2024-03-01 14:30:00,INZY,6.639999866485596,6.639999866485596,6.639999866485596,6.639999866485596,6.639999866485596,878.0
2024-03-01 14:30:00,IONS,45.97999954223633,45.97999954223633,46.005001068115234,45.97999954223633,46.0,3610.0
2024-03-01 14:30:00,IOVA,16.985000610351562,16.985000610351562,17.0,16.969999313354492,16.9950008392334,14523.0
2024-03-01 14:30:00,IRWD,9.055000305175781,9.055000305175781,9.069999694824219,9.050000190734863,9.060099601745605,21435.0
2024-03-01 14:30:00,ISRG,397.8399963378906,397.8399963378906,397.8399963378906,397.7099914550781,397.80499267578125,1879.0
2024-03-01 14:30:00,ITCI,71.81999969482422,71.81999969482422,71.87999725341797,71.81999969482422,71.87999725341797,1000.0
2024-03-01 14:30:00,ITRM,1.2898999452590942,1.2898999452590942,1.2898999452590942,1.2897000312805176,1.2898999452590942,1678.0
2024-03-01 14:30:00,JAGX,0.08935000002384186,0.08935000002384186,0.08940000087022781,0.0860000029206276,0.08649999648332596,1749660.0
2024-03-01 14:30:00,JANX,46.119998931884766,46.119998931884766,46.119998931884766,46.060001373291016,46.060001373291016,1304.0
2024-03-01 14:30:00,JAZZ,118.76000213623047,118.76000213623047,118.76000213623047,118.68000030517578,118.68000030517578,5109.0
2024-03-01 14:30:00,JSPR,21.190000534057617,21.190000534057617,21.190000534057617,21.190000534057617,21.190000534057617,195.0
2024-03-01 14:30:00,JYNT,10.109999656677246,10.109999656677246,10.109999656677246,10.109999656677246,10.109999656677246,271.0
2024-03-01 14:30:00,KALV,14.170000076293945,14.170000076293945,14.170000076293945,14.170000076293945,14.170000076293945,346.0
2024-03-01 14:30:00,KNSA,21.8799991607666,21.8799991607666,21.895000457763672,21.8799991607666,21.8799991607666,1123.0
2024-03-01 14:30:00,KNTE,2.6040000915527344,2.6040000915527344,2.6080000400543213,2.5999999046325684,2.5999999046325684,4707.0
2024-03-01 14:30:00,KOD,6.050000190734863,6.050000190734863,6.065000057220459,6.050000190734863,6.065000057220459,2933.0
2024-03-01 14:30:00,KPTI,1.1649999618530273,1.1649999618530273,1.1699999570846558,1.159999966621399,1.1686999797821045,3162.0
2024-03-01 14:30:00,KRTX,316.25,316.25,316.25,316.25,316.25,609.0
2024-03-01 14:30:00,KRYS,169.0500030517578,169.0500030517578,169.09500122070312,169.0500030517578,169.09500122070312,1578.0
2024-03-01 14:30:00,KTRA,0.10249999910593033,0.10249999910593033,0.10249999910593033,0.10249999910593033,0.10249999910593033,10000.0
2024-03-01 14:30:00,KURA,21.895000457763672,21.895000457763672,21.895000457763672,21.895000457763672,21.895000457763672,235.0
2024-03-01 14:30:00,KYMR,44.0,44.0,44.060001373291016,43.97999954223633,44.040000915527344,11425.0
2024-03-01 14:30:00,KZR,1.0774999856948853,1.0774999856948853,1.0774999856948853,1.0774999856948853,1.0774999856948853,381.0
2024-03-01 14:30:00,LAB,2.4649999141693115,2.4649999141693115,2.4700000286102295,2.4649999141693115,2.4700000286102295,2953.0
2024-03-01 14:30:00,LEGN,65.2300033569336,65.2300033569336,65.2300033569336,65.2300033569336,65.2300033569336,486.0
2024-03-01 14:30:00,LFMD,8.0,8.0,8.0,7.96999979019165,8.0,658.0
2024-03-01 14:30:00,LFST,7.724999904632568,7.724999904632568,7.730000019073486,7.724999904632568,7.730000019073486,2370.0
2024-03-01 14:30:00,LGND,78.18000030517578,78.18000030517578,78.18000030517578,78.18000030517578,78.18000030517578,682.0
2024-03-01 14:30:00,LIAN,4.875,4.875,4.875,4.875,4.875,114.0
2024-03-01 14:30:00,LMAT,67.95999908447266,67.95999908447266,67.95999908447266,67.95999908447266,67.95999908447266,153.0
2024-03-01 14:30:00,LPTX,2.8798000812530518,2.8798000812530518,2.890000104904175,2.859999895095825,2.890000104904175,1910.0
2024-03-01 14:30:00,LQDA,14.6899995803833,14.6899995803833,14.699999809265137,14.6899995803833,14.699999809265137,866.0
2024-03-01 14:30:00,LUNG,9.515000343322754,9.515000343322754,9.520000457763672,9.515000343322754,9.520000457763672,793.0
2024-03-01 14:30:00,LVTX,2.7899999618530273,2.7899999618530273,2.7899999618530273,2.7899999618530273,2.7899999618530273,430.0
2024-03-01 14:30:00,LXRX,2.509999990463257,2.509999990463257,2.5199999809265137,2.509999990463257,2.5199999809265137,1223.0
2024-03-01 14:30:00,LYEL,3.1649999618530273,3.1649999618530273,3.1649999618530273,3.1549999713897705,3.1549999713897705,3458.0
2024-03-01 14:30:00,LYRA,5.699999809265137,5.699999809265137,5.710000038146973,5.6996002197265625,5.6996002197265625,2284.0
2024-03-01 14:30:00,MACK,14.720000267028809,14.720000267028809,14.720000267028809,14.720000267028809,14.720000267028809,470.0
2024-03-01 14:30:00,MASI,127.12999725341797,127.12999725341797,127.12999725341797,127.12999725341797,127.12999725341797,1159.0
2024-03-01 14:30:00,MBOT,1.3207000494003296,1.3207000494003296,1.3207000494003296,1.3207000494003296,1.3207000494003296,119.0
2024-03-01 14:30:00,MCRB,1.2300000190734863,1.2300000190734863,1.2400000095367432,1.2300000190734863,1.23989999294281,11393.0
2024-03-01 14:30:00,MDRX,6.050000190734863,6.050000190734863,6.050000190734863,6.0,6.0,4864.0
2024-03-01 14:30:00,MDXG,8.670000076293945,8.670000076293945,8.670000076293945,8.664999961853027,8.670000076293945,1518.0
2024-03-01 14:30:00,MDXH,3.7300000190734863,3.7300000190734863,3.7300000190734863,3.7300000190734863,3.7300000190734863,199.0
2024-03-01 14:30:00,ME,0.5626999735832214,0.5626999735832214,0.5648999810218811,0.5620999932289124,0.5648999810218811,38105.0
2024-03-01 14:30:00,MGNX,19.1200008392334,19.1200008392334,19.1200008392334,19.09000015258789,19.09000015258789,2167.0
2024-03-01 14:30:00,MGTX,6.449999809265137,6.449999809265137,6.449999809265137,6.449999809265137,6.449999809265137,626.0
2024-03-01 14:30:00,MIRM,29.6299991607666,29.6299991607666,29.65999984741211,29.6299991607666,29.65999984741211,860.0
2024-03-01 14:30:00,MIST,1.6950000524520874,1.6950000524520874,1.7000000476837158,1.6926000118255615,1.6950000524520874,2198.0
2024-03-01 14:30:00,MLTX,50.599998474121094,50.599998474121094,50.6150016784668,50.599998474121094,50.6150016784668,645.0
2024-03-01 14:30:00,MMSI,76.3499984741211,76.3499984741211,76.37999725341797,76.30000305175781,76.33999633789062,1564.0
2024-03-01 14:30:00,MNKD,4.550000190734863,4.550000190734863,4.550000190734863,4.54010009765625,4.550000190734863,3112.0
2024-03-01 14:30:00,MNMD,6.210000038146973,6.210000038146973,6.210000038146973,6.210000038146973,6.210000038146973,148.0
2024-03-01 14:30:00,MODD,1.8849999904632568,1.8849999904632568,1.8849999904632568,1.8849999904632568,1.8849999904632568,354.0
2024-03-01 14:30:00,MOLN,4.162099838256836,4.162099838256836,4.167200088500977,4.162099838256836,4.167200088500977,300.0
2024-03-01 14:30:00,MOR,17.575000762939453,17.575000762939453,17.575000762939453,17.559999465942383,17.559999465942383,780.0
2024-03-01 14:30:00,MORF,39.68000030517578,39.68000030517578,39.68000030517578,39.63999938964844,39.64500045776367,597.0
2024-03-01 14:30:00,MREO,3.994999885559082,3.994999885559082,4.0,3.994999885559082,3.994999885559082,2800.0
2024-03-01 14:30:00,MRNA,95.29000091552734,95.29000091552734,95.4000015258789,95.19999694824219,95.24500274658203,11732.0
2024-03-01 14:30:00,MRNS,10.359999656677246,10.359999656677246,10.390000343322754,10.359999656677246,10.369999885559082,8763.0
2024-03-01 14:30:00,MRSN,5.965000152587891,5.965000152587891,5.980000019073486,5.965000152587891,5.980000019073486,1299.0
2024-03-01 14:30:00,MRVI,7.784999847412109,7.784999847412109,7.800000190734863,7.784999847412109,7.800000190734863,4453.0
2024-03-01 14:30:00,MXCT,4.75,4.75,4.75,4.75,4.75,1149.0
2024-03-01 14:30:00,MYGN,22.139999389648438,22.139999389648438,22.139999389648438,22.139999389648438,22.139999389648438,764.0
2024-03-01 14:30:00,MYMD,3.359999895095825,3.359999895095825,3.368000030517578,3.359999895095825,3.368000030517578,231.0
2024-03-01 14:30:00,NAOV,1.0,1.0,1.0,1.0,1.0,100.0
2024-03-01 14:30:00,NARI,45.90999984741211,45.90999984741211,45.90999984741211,45.904998779296875,45.904998779296875,710.0
2024-03-01 14:30:00,NBIX,131.58999633789062,131.58999633789062,131.66000366210938,131.49000549316406,131.49000549316406,5926.0
2024-03-01 14:30:00,NDRA,1.1792999505996704,1.1792999505996704,1.1792999505996704,1.1749999523162842,1.1749999523162842,547.0
2024-03-01 14:30:00,NEO,16.079999923706055,16.079999923706055,16.100000381469727,16.079999923706055,16.100000381469727,1353.0
2024-03-01 14:30:00,NEOG,17.395000457763672,17.395000457763672,17.395000457763672,17.395000457763672,17.395000457763672,307.0
2024-03-01 14:30:00,NERV,2.677000045776367,2.677000045776367,2.677000045776367,2.677000045776367,2.677000045776367,543.0
2024-03-01 14:30:00,NGM,1.524999976158142,1.524999976158142,1.524999976158142,1.524999976158142,1.524999976158142,100.0
2024-03-01 14:30:00,NKTR,0.7746999859809875,0.7746999859809875,0.7746999859809875,0.7746999859809875,0.7746999859809875,533.0
2024-03-01 14:30:00,NKTX,12.65999984741211,12.65999984741211,12.65999984741211,12.640000343322754,12.640000343322754,742.0
2024-03-01 14:30:00,NMTC,1.2400000095367432,1.2400000095367432,1.25,1.2400000095367432,1.25,7200.0
2024-03-01 14:30:00,NNOX,10.774999618530273,10.774999618530273,10.824999809265137,10.774999618530273,10.822999954223633,21500.0
2024-03-01 14:30:00,NOTV,7.960100173950195,7.960100173950195,7.989999771118164,7.960000038146973,7.989999771118164,2175.0
2024-03-01 14:30:00,NRXP,0.41609999537467957,0.41609999537467957,0.41780000925064087,0.41609999537467957,0.41620099544525146,534.0
2024-03-01 14:30:00,NTLA,33.47999954223633,33.47999954223633,33.505001068115234,33.470001220703125,33.505001068115234,1101.0
2024-03-01 14:30:00,NTRA,89.0999984741211,89.0999984741211,89.13500213623047,89.0,89.06500244140625,7243.0
2024-03-01 14:30:00,NUTX,0.11339999735355377,0.11339999735355377,0.11339999735355377,0.11289999634027481,0.11289999634027481,1081.0
2024-03-01 14:30:00,NUVL,87.41000366210938,87.41000366210938,87.41000366210938,87.41000366210938,87.41000366210938,319.0
2024-03-01 14:30:00,NVAX,5.269999980926514,5.269999980926514,5.28000020980835,5.269999980926514,5.28000020980835,14328.0
2024-03-01 14:30:00,NVCR,16.084999084472656,16.084999084472656,16.09000015258789,16.08180046081543,16.09000015258789,1751.0
2024-03-01 14:30:00,NVOS,0.6378999948501587,0.6378999948501587,0.6378999948501587,0.6378999948501587,0.6378999948501587,101.0
2024-03-01 14:30:00,OCGN,0.9519000053405762,0.9519000053405762,0.9519000053405762,0.9517890214920044,0.9517999887466431,4592.0
2024-03-01 14:30:00,OCUL,10.699999809265137,10.699999809265137,10.71500015258789,10.699999809265137,10.71500015258789,2960.0
2024-03-01 14:30:00,OFIX,12.914999961853027,12.914999961853027,12.914999961853027,12.914999961853027,12.914999961853027,235.0
2024-03-01 14:30:00,OGI,2.174999952316284,2.174999952316284,2.174999952316284,2.174999952316284,2.174999952316284,1000.0
2024-03-01 14:30:00,OLK,23.045000076293945,23.045000076293945,23.045000076293945,23.045000076293945,23.045000076293945,129.0
2024-03-01 14:30:00,OLMA,14.899999618530273,14.899999618530273,14.899999618530273,14.869999885559082,14.869999885559082,1708.0
2024-03-01 14:30:00,OM,3.180000066757202,3.180000066757202,3.184999942779541,3.180000066757202,3.184999942779541,856.0
2024-03-01 14:30:00,OMCL,26.530000686645508,26.530000686645508,26.549999237060547,26.530000686645508,26.549999237060547,380.0
2024-03-01 14:30:00,OMER,4.809999942779541,4.809999942779541,4.809999942779541,4.809999942779541,4.809999942779541,382.0
2024-03-01 14:31:00,AADI,1.9700000286102295,1.9700000286102295,1.9800000190734863,1.9700000286102295,1.9800000190734863,1991.0
2024-03-01 14:31:00,ABCL,5.150000095367432,5.150000095367432,5.15500020980835,5.150000095367432,5.15500020980835,1785.0
2024-03-01 14:31:00,ABOS,4.639999866485596,4.639999866485596,4.639999866485596,4.639999866485596,4.639999866485596,1776.0
2024-03-01 14:31:00,ABSI,5.570000171661377,5.570000171661377,5.579999923706055,5.550000190734863,5.550000190734863,6070.0
2024-03-01 14:31:00,ACAD,24.149999618530273,24.149999618530273,24.18000030517578,24.139999389648438,24.18000030517578,2337.0
2024-03-01 14:31:00,ACCD,10.100000381469727,10.100000381469727,10.100000381469727,10.100000381469727,10.100000381469727,618.0
2024-03-01 14:31:00,ACET,2.4049999713897705,2.4049999713897705,2.4049999713897705,2.4049999713897705,2.4049999713897705,420.0
2024-03-01 14:31:00,ACHC,84.4749984741211,84.4749984741211,84.4749984741211,84.4749984741211,84.4749984741211,252.0
2024-03-01 14:31:00,ACHL,1.3698999881744385,1.3698999881744385,1.3698999881744385,1.3698999881744385,1.3698999881744385,1000.0
2024-03-01 14:31:00,ACHV,4.349999904632568,4.349999904632568,4.349999904632568,4.349999904632568,4.349999904632568,200.0
2024-03-01 14:31:00,ACLX,68.62000274658203,68.62000274658203,68.68000030517578,68.61000061035156,68.68000030517578,1577.0
2024-03-01 14:31:00,ACRS,1.2350000143051147,1.2350000143051147,1.2350000143051147,1.2350000143051147,1.2350000143051147,1107.0
2024-03-01 14:31:00,ADIL,3.1098999977111816,3.1098999977111816,3.200000047683716,3.0799999237060547,3.156599998474121,164763.0
2024-03-01 14:31:00,ADMA,5.545000076293945,5.545000076293945,5.550000190734863,5.539999961853027,5.545000076293945,5785.0
2024-03-01 14:31:00,ADPT,4.110000133514404,4.110000133514404,4.119999885559082,4.110000133514404,4.114999771118164,2233.0
2024-03-01 14:31:00,ADUS,93.8499984741211,93.8499984741211,93.8499984741211,93.8499984741211,93.8499984741211,296.0
2024-03-01 14:31:00,ADVM,1.9800000190734863,1.9800000190734863,1.9800000190734863,1.975000023841858,1.9800000190734863,3535.0
2024-03-01 14:31:00,AFMD,0.6773999929428101,0.6773999929428101,0.6775000095367432,0.6773999929428101,0.6775000095367432,270.0
2024-03-01 14:31:00,AGEN,0.6700999736785889,0.6700999736785889,0.6700999736785889,0.6700000166893005,0.670074999332428,12185.0
2024-03-01 14:31:00,AGIO,32.65999984741211,32.65999984741211,32.68000030517578,32.63999938964844,32.68000030517578,1229.0
2024-03-01 14:31:00,AHCO,10.494999885559082,10.494999885559082,10.505000114440918,10.494999885559082,10.505000114440918,5640.0
2024-03-01 14:31:00,AIRS,6.489999771118164,6.489999771118164,6.489999771118164,6.489999771118164,6.489999771118164,100.0
2024-03-01 14:31:00,AKAN,0.20999999344348907,0.20999999344348907,0.21289999783039093,0.20999999344348907,0.21289999783039093,4173.0
2024-03-01 14:31:00,AKBA,1.684999942779541,1.684999942779541,1.684999942779541,1.6812000274658203,1.6812000274658203,448.0
2024-03-01 14:31:00,AKRO,29.229999542236328,29.229999542236328,29.229999542236328,29.229999542236328,29.229999542236328,705.0
2024-03-01 14:31:00,ALEC,7.474999904632568,7.474999904632568,7.489999771118164,7.474999904632568,7.489999771118164,3125.0
2024-03-01 14:31:00,ALHC,5.75,5.75,5.75,5.71999979019165,5.71999979019165,3309.0
2024-03-01 14:31:00,ALKS,30.270000457763672,30.270000457763672,30.270000457763672,30.264999389648438,30.264999389648438,1725.0
2024-03-01 14:31:00,ALLO,5.010000228881836,5.010000228881836,5.019999980926514,5.010000228881836,5.019999980926514,2485.0
2024-03-01 14:31:00,ALNY,153.3800048828125,153.3800048828125,153.38499450683594,153.3800048828125,153.38499450683594,492.0
2024-03-01 14:31:00,ALPN,36.189998626708984,36.189998626708984,36.20500183105469,36.189998626708984,36.20000076293945,2178.0
2024-03-01 14:31:00,ALT,12.050000190734863,12.050000190734863,12.069999694824219,12.050000190734863,12.069999694824219,2583.0
2024-03-01 14:31:00,ALVR,0.7558000087738037,0.7558000087738037,0.7559000253677368,0.7558000087738037,0.7558000087738037,1681.0
2024-03-01 14:31:00,ALXO,15.074999809265137,15.074999809265137,15.074999809265137,15.050000190734863,15.050000190734863,201.0
2024-03-01 14:31:00,AMED,93.58000183105469,93.58000183105469,93.69000244140625,93.55999755859375,93.66000366210938,4968.0
2024-03-01 14:31:00,AMGN,281.0199890136719,281.0199890136719,281.19000244140625,281.0199890136719,281.1499938964844,5555.0
2024-03-01 14:31:00,AMLX,18.639999389648438,18.639999389648438,18.649999618530273,18.639999389648438,18.649999618530273,1123.0
2024-03-01 14:31:00,AMPH,45.599998474121094,45.599998474121094,45.599998474121094,45.599998474121094,45.599998474121094,128.0
2024-03-01 14:31:00,AMRN,1.059999942779541,1.059999942779541,1.059999942779541,1.0549999475479126,1.0549999475479126,9543.0
2024-03-01 14:31:00,ANGO,5.505000114440918,5.505000114440918,5.505000114440918,5.505000114440918,5.505000114440918,238.0
2024-03-01 14:31:00,ANIK,24.959999084472656,24.959999084472656,24.989999771118164,24.959999084472656,24.989999771118164,1267.0
2024-03-01 14:31:00,ANNX,6.099999904632568,6.099999904632568,6.110000133514404,6.099999904632568,6.105000019073486,936.0
2024-03-01 14:31:00,APDN,0.5659000277519226,0.5659000277519226,0.5659000277519226,0.5659000277519226,0.5659000277519226,202.0
2024-03-01 14:31:00,APLS,64.46499633789062,64.46499633789062,64.47000122070312,64.44999694824219,64.47000122070312,862.0
2024-03-01 14:31:00,APLT,7.070000171661377,7.070000171661377,7.078800201416016,7.059999942779541,7.070000171661377,1231.0
2024-03-01 14:31:00,AQST,4.139999866485596,4.139999866485596,4.144000053405762,4.139999866485596,4.139999866485596,2583.0
2024-03-01 14:31:00,ARAY,2.640000104904175,2.640000104904175,2.640000104904175,2.640000104904175,2.640000104904175,187.0
2024-03-01 14:31:00,ARCT,39.65999984741211,39.65999984741211,39.65999984741211,39.65999984741211,39.65999984741211,327.0
2024-03-01 14:31:00,ARDX,9.470000267028809,9.470000267028809,9.484999656677246,9.470000267028809,9.484999656677246,2545.0
2024-03-01 14:31:00,ARQT,11.609999656677246,11.609999656677246,11.64009952545166,11.579999923706055,11.64009952545166,12957.0
2024-03-01 14:31:00,ARVN,48.61000061035156,48.61000061035156,48.619998931884766,48.59629821777344,48.619998931884766,566.0
2024-03-01 14:31:00,ARWR,35.20000076293945,35.20000076293945,35.224998474121094,35.16999816894531,35.16999816894531,3025.0
2024-03-01 14:31:00,ASND,153.2899932861328,153.2899932861328,153.35000610351562,153.2899932861328,153.3300018310547,724.0
2024-03-01 14:31:00,ATAI,2.1649999618530273,2.1649999618530273,2.1649999618530273,2.1649999618530273,2.1649999618530273,105.0
2024-03-01 14:31:00,ATEC,13.404999732971191,13.404999732971191,13.404999732971191,13.400099754333496,13.404999732971191,1762.0
2024-03-01 14:31:00,ATOS,1.0099999904632568,1.0099999904632568,1.0099999904632568,1.0099999904632568,1.0099999904632568,112.0
2024-03-01 14:31:00,ATRA,0.7935000061988831,0.7935000061988831,0.7935000061988831,0.7897499799728394,0.7935000061988831,3696.0
2024-03-01 14:31:00,ATRC,36.0,36.0,36.0,35.97999954223633,35.97999954223633,1026.0
2024-03-01 14:31:00,ATXS,14.9350004196167,14.9350004196167,14.9350004196167,14.9350004196167,14.9350004196167,118.0
2024-03-01 14:31:00,AUGX,4.519999980926514,4.519999980926514,4.519999980926514,4.519999980926514,4.519999980926514,100.0
2024-03-01 14:31:00,AUPH,5.819900035858154,5.819900035858154,5.819900035858154,5.81850004196167,5.81850004196167,1442.0
2024-03-01 14:31:00,AUTL,6.340000152587891,6.340000152587891,6.340000152587891,6.340000152587891,6.340000152587891,100.0
2024-03-01 14:31:00,AVDL,13.220000267028809,13.220000267028809,13.220000267028809,13.210000038146973,13.21500015258789,5064.0
2024-03-01 14:31:00,AVIR,4.469900131225586,4.469900131225586,4.469900131225586,4.469900131225586,4.469900131225586,182.0
2024-03-01 14:31:00,AVXL,5.360000133514404,5.360000133514404,5.369999885559082,5.360000133514404,5.364999771118164,2836.0
2024-03-01 14:31:00,AXNX,67.44000244140625,67.44000244140625,67.44000244140625,67.44000244140625,67.44000244140625,1649.0
2024-03-01 14:31:00,AXSM,82.27999877929688,82.27999877929688,82.27999877929688,82.27999877929688,82.27999877929688,455.0
2024-03-01 14:31:00,AZN,64.66500091552734,64.66500091552734,64.68499755859375,64.66500091552734,64.68199920654297,2293.0
2024-03-01 14:31:00,BBIO,35.959999084472656,35.959999084472656,35.96149826049805,35.959999084472656,35.96149826049805,843.0
2024-03-01 14:31:00,BCDA,0.57669997215271,0.57669997215271,0.57669997215271,0.57669997215271,0.57669997215271,100.0
2024-03-01 14:31:00,BCRX,5.724999904632568,5.724999904632568,5.730000019073486,5.71999979019165,5.724999904632568,2183.0
2024-03-01 14:31:00,BDTX,4.755000114440918,4.755000114440918,4.760000228881836,4.755000114440918,4.755000114440918,1537.0
2024-03-01 14:31:00,BEAM,40.00550079345703,40.00550079345703,40.029998779296875,39.97999954223633,40.029998779296875,5037.0
2024-03-01 14:31:00,BGXX,0.2549999952316284,0.2549999952316284,0.2549999952316284,0.2549999952316284,0.2549999952316284,392.0
2024-03-01 14:31:00,BIIB,221.14999389648438,221.14999389648438,221.3094024658203,221.14999389648438,221.2550048828125,2305.0
2024-03-01 14:31:00,BIOL,0.14339999854564667,0.14339999854564667,0.14339999854564667,0.14339999854564667,0.14339999854564667,4500.0
2024-03-01 14:31:00,BIVI,2.0199999809265137,2.0199999809265137,2.0299999713897705,2.0199999809265137,2.0225000381469727,14871.0
2024-03-01 14:31:00,BLFS,18.190000534057617,18.190000534057617,18.21500015258789,18.18000030517578,18.21500015258789,1414.0
2024-03-01 14:31:00,BLUE,1.590000033378601,1.590000033378601,1.5999000072479248,1.590000033378601,1.5999000072479248,10942.0
2024-03-01 14:31:00,BMRN,88.04000091552734,88.04000091552734,88.04000091552734,88.0,88.0,3839.0
2024-03-01 14:31:00,BPMC,96.6500015258789,96.6500015258789,96.69000244140625,96.58000183105469,96.68000030517578,1520.0
2024-03-01 14:31:00,BRKR,88.69999694824219,88.69999694824219,88.7040023803711,88.68000030517578,88.68000030517578,3101.0
2024-03-01 14:31:00,BRTX,1.5449999570846558,1.5449999570846558,1.5499999523162842,1.534999966621399,1.534999966621399,3795.0
2024-03-01 14:31:00,BTTX,0.18209999799728394,0.18209999799728394,0.18299999833106995,0.18209999799728394,0.18209999799728394,1347.0
2024-03-01 14:31:00,BYSI,1.4900000095367432,1.4900000095367432,1.4911999702453613,1.4900000095367432,1.4911999702453613,200.0
2024-03-01 14:31:00,CABA,24.020000457763672,24.020000457763672,24.03499984741211,24.020000457763672,24.030000686645508,1861.0
2024-03-01 14:31:00,CARA,0.9300500154495239,0.9300500154495239,0.9350000023841858,0.9300500154495239,0.9350000023841858,1120.0
2024-03-01 14:31:00,CBAY,32.22999954223633,32.22999954223633,32.22999954223633,32.220001220703125,32.22999954223633,3383.0
2024-03-01 14:31:00,CCCC,10.979999542236328,10.979999542236328,10.989999771118164,10.979999542236328,10.989999771118164,727.0
2024-03-01 14:31:00,CCRN,18.229999542236328,18.229999542236328,18.229999542236328,18.229999542236328,18.229999542236328,650.0
2024-03-01 14:31:00,CDMO,8.199999809265137,8.199999809265137,8.199999809265137,8.199999809265137,8.199999809265137,389.0
2024-03-01 14:31:00,CDNA,12.729999542236328,12.729999542236328,12.8149995803833,12.720000267028809,12.8100004196167,6196.0
2024-03-01 14:31:00,CDXS,4.559999942779541,4.559999942779541,4.570000171661377,4.559999942779541,4.570000171661377,1519.0
2024-03-01 14:31:00,CELC,16.979999542236328,16.979999542236328,16.979999542236328,16.84000015258789,16.84000015258789,728.0
2024-03-01 14:31:00,CELU,3.5299999713897705,3.5299999713897705,3.5299999713897705,3.5299999713897705,3.5299999713897705,507.0
2024-03-01 14:31:00,CERE,41.09000015258789,41.09000015258789,41.099998474121094,41.09000015258789,41.092498779296875,2140.0
2024-03-01 14:31:00,CERT,18.100000381469727,18.100000381469727,18.100000381469727,18.09000015258789,18.09000015258789,292.0
2024-03-01 14:31:00,CGC,3.2249999046325684,3.2249999046325684,3.2298998832702637,3.220099925994873,3.2249999046325684,3795.0
2024-03-01 14:31:00,CGEM,18.729999542236328,18.729999542236328,18.729999542236328,18.719999313354492,18.719999313354492,807.0
2024-03-01 14:31:00,CHRS,2.4100000858306885,2.4100000858306885,2.4149999618530273,2.4100000858306885,2.4149999618530273,1336.0
2024-03-01 14:31:00,CKPT,2.190000057220459,2.190000057220459,2.190000057220459,2.190000057220459,2.190000057220459,100.0
2024-03-01 14:31:00,CLDX,52.349998474121094,52.349998474121094,52.625,52.310001373291016,52.625,3180.0
2024-03-01 14:31:00,CLNN,0.3889999985694885,0.3889999985694885,0.38909998536109924,0.38749998807907104,0.38749998807907104,2038.0
2024-03-01 14:31:00,CLOV,0.8729000091552734,0.8729000091552734,0.8730000257492065,0.8680999875068665,0.8680999875068665,22235.0
2024-03-01 14:31:00,CLPT,6.480000019073486,6.480000019073486,6.480000019073486,6.46999979019165,6.480000019073486,1444.0
2024-03-01 14:31:00,CMPS,11.699999809265137,11.699999809265137,11.699999809265137,11.690099716186523,11.694999694824219,2562.0
2024-03-01 14:31:00,CMPX,1.8600000143051147,1.8600000143051147,1.8600000143051147,1.8600000143051147,1.8600000143051147,202.0
2024-03-01 14:31:00,CNSP,0.32899999618530273,0.32899999618530273,0.32899999618530273,0.32899999618530273,0.32899999618530273,220.0
2024-03-01 14:31:00,COGT,7.21999979019165,7.21999979019165,7.244999885559082,7.21999979019165,7.239999771118164,6237.0
2024-03-01 14:31:00,COLL,36.51499938964844,36.51499938964844,36.51499938964844,36.51499938964844,36.51499938964844,174.0
2024-03-01 14:31:00,CORT,24.260000228881836,24.260000228881836,24.270000457763672,24.260000228881836,24.270000457763672,695.0
2024-03-01 14:31:00,CPRX,17.149999618530273,17.149999618530273,17.165000915527344,17.1299991607666,17.15999984741211,8059.0
2024-03-01 14:31:00,CRBP,32.380001068115234,32.380001068115234,32.45000076293945,32.380001068115234,32.45000076293945,242.0
2024-03-01 14:31:00,CRBU,7.899499893188477,7.899499893188477,7.899499893188477,7.889999866485596,7.894999980926514,2405.0
2024-03-01 14:31:00,CRDF,2.585099935531616,2.585099935531616,2.609999895095825,2.559999942779541,2.566200017929077,42391.0
2024-03-01 14:31:00,CRNX,46.27000045776367,46.27000045776367,46.474998474121094,46.27000045776367,46.439998626708984,1739.0
2024-03-01 14:31:00,CRSP,85.37000274658203,85.37000274658203,85.41999816894531,85.37000274658203,85.41000366210938,936.0
2024-03-01 14:31:00,CRVS,2.1700000762939453,2.1700000762939453,2.1700000762939453,2.1700000762939453,2.1700000762939453,100.0
2024-03-01 14:31:00,CSTL,19.764999389648438,19.764999389648438,19.764999389648438,19.719999313354492,19.739999771118164,1409.0
2024-03-01 14:31:00,CTKB,9.010000228881836,9.010000228881836,9.010000228881836,9.001199722290039,9.010000228881836,1345.0
2024-03-01 14:31:00,CTMX,2.5399999618530273,2.5399999618530273,2.549999952316284,2.5399999618530273,2.5399999618530273,1200.0
2024-03-01 14:31:00,CUTR,2.3949999809265137,2.3949999809265137,2.3949999809265137,2.3949999809265137,2.3949999809265137,218.0
2024-03-01 14:31:00,CVAC,3.4776999950408936,3.4776999950408936,3.4776999950408936,3.4776999950408936,3.4776999950408936,101.0
2024-03-01 14:31:00,CVRX,20.700000762939453,20.700000762939453,20.700000762939453,20.68000030517578,20.68000030517578,907.0
2024-03-01 14:31:00,CYCC,2.75,2.75,2.7699999809265137,2.75,2.7699999809265137,579.0
2024-03-01 14:31:00,CYTK,73.59500122070312,73.59500122070312,73.66000366210938,73.55000305175781,73.62999725341797,9114.0
2024-03-01 14:31:00,DAWN,17.690000534057617,17.690000534057617,17.690000534057617,17.690000534057617,17.690000534057617,567.0
2024-03-01 14:31:00,DCGO,4.130000114440918,4.130000114440918,4.136000156402588,4.130000114440918,4.130000114440918,753.0
2024-03-01 14:31:00,DCPH,17.645000457763672,17.645000457763672,17.649999618530273,17.639999389648438,17.649999618530273,1583.0
2024-03-01 14:31:00,DH,8.930000305175781,8.930000305175781,8.930000305175781,8.930000305175781,8.930000305175781,279.0
2024-03-01 14:31:00,DNLI,21.28499984741211,21.28499984741211,21.31999969482422,21.280000686645508,21.31999969482422,1659.0
2024-03-01 14:31:00,DTIL,12.454999923706055,12.454999923706055,12.454999923706055,12.454999923706055,12.454999923706055,157.0
2024-03-01 14:31:00,DXCM,121.79499816894531,121.79499816894531,121.94000244140625,121.79499816894531,121.94000244140625,5595.0
2024-03-01 14:31:00,DYN,29.139999389648438,29.139999389648438,29.139999389648438,29.084999084472656,29.084999084472656,992.0
2024-03-01 14:31:00,EDIT,10.869999885559082,10.869999885559082,10.880000114440918,10.869999885559082,10.875,447.0
2024-03-01 14:31:00,EFTR,15.989999771118164,15.989999771118164,16.129899978637695,15.989999771118164,16.129899978637695,1561.0
2024-03-01 14:31:00,EGRX,6.690000057220459,6.690000057220459,6.690000057220459,6.690000057220459,6.690000057220459,127.0
2024-03-01 14:31:00,ELEV,5.050000190734863,5.050000190734863,5.050000190734863,5.03000020980835,5.03000020980835,1307.0
2024-03-01 14:31:00,EMBC,14.300000190734863,14.300000190734863,14.300000190734863,14.300000190734863,14.300000190734863,439.0
2024-03-01 14:31:00,ENSG,121.93000030517578,121.93000030517578,121.93000030517578,121.87999725341797,121.87999725341797,724.0
2024-03-01 14:31:00,ENTA,15.449999809265137,15.449999809265137,15.449999809265137,15.449999809265137,15.449999809265137,127.0
2024-03-01 14:31:00,ENVB,1.5299999713897705,1.5299999713897705,1.5399999618530273,1.5299999713897705,1.5399999618530273,772.0
2024-03-01 14:31:00,EOLS,14.760000228881836,14.760000228881836,14.760000228881836,14.760000228881836,14.760000228881836,765.0
2024-03-01 14:31:00,ERAS,2.505000114440918,2.505000114440918,2.505000114440918,2.5,2.5,430.0
2024-03-01 14:31:00,ESPR,2.555000066757202,2.555000066757202,2.555000066757202,2.5450000762939453,2.549999952316284,24502.0
2024-03-01 14:31:00,ESTA,43.810001373291016,43.810001373291016,44.56999969482422,43.810001373291016,44.34000015258789,23634.0
2024-03-01 14:31:00,ETNB,12.890000343322754,12.890000343322754,12.890000343322754,12.876799583435059,12.890000343322754,2247.0
2024-03-01 14:31:00,ETON,4.449999809265137,4.449999809265137,4.449999809265137,4.449999809265137,4.449999809265137,122.0
2024-03-01 14:31:00,EWTX,17.0,17.0,17.0,16.989999771118164,16.989999771118164,477.0
2024-03-01 14:31:00,EXAI,6.662600040435791,6.662600040435791,6.679999828338623,6.662600040435791,6.679999828338623,624.0
2024-03-01 14:31:00,EXAS,60.1150016784668,60.1150016784668,60.1150016784668,60.0,60.03499984741211,3023.0
2024-03-01 14:31:00,EXEL,22.385000228881836,22.385000228881836,22.405000686645508,22.3799991607666,22.399999618530273,2617.0
2024-03-01 14:31:00,EYEN,2.351099967956543,2.351099967956543,2.3550000190734863,2.351099967956543,2.3550000190734863,354.0
2024-03-01 14:31:00,EYPT,27.84000015258789,27.84000015258789,27.860000610351562,27.84000015258789,27.860000610351562,622.0
2024-03-01 14:31:00,FATE,7.75,7.75,7.760000228881836,7.75,7.760000228881836,1970.0
2024-03-01 14:31:00,FBIO,2.3701999187469482,2.3701999187469482,2.3701999187469482,2.369999885559082,2.369999885559082,404.0
2024-03-01 14:31:00,FDMT,29.3700008392334,29.3700008392334,29.3700008392334,29.34000015258789,29.34000015258789,676.0
2024-03-01 14:31:00,FHTX,8.09000015258789,8.09000015258789,8.09000015258789,8.09000015258789,8.09000015258789,874.0
2024-03-01 14:31:00,FIXX,0.9286999702453613,0.9286999702453613,0.9286999702453613,0.9286999702453613,0.9286999702453613,100.0
2024-03-01 14:31:00,FLGT,23.218000411987305,23.218000411987305,23.218000411987305,23.218000411987305,23.218000411987305,176.0
2024-03-01 14:31:00,FOLD,13.380000114440918,13.380000114440918,13.385000228881836,13.380000114440918,13.385000228881836,1625.0
2024-03-01 14:31:00,FRTX,0.9458199739456177,0.9458199739456177,0.9458199739456177,0.9458199739456177,0.9458199739456177,1045.0
2024-03-01 14:31:00,FULC,10.989999771118164,10.989999771118164,10.989999771118164,10.970000267028809,10.979999542236328,3205.0
2024-03-01 14:31:00,FUSN,12.220000267028809,12.220000267028809,12.25,12.210000038146973,12.239999771118164,2226.0
2024-03-01 14:31:00,FWBI,8.63010025024414,8.63010025024414,9.043600082397461,8.63010025024414,9.043600082397461,200.0
2024-03-01 14:31:00,GALT,1.9700000286102295,1.9700000286102295,1.9700000286102295,1.9700000286102295,1.9700000286102295,200.0
2024-03-01 14:31:00,GANX,4.599999904632568,4.599999904632568,4.599999904632568,4.599999904632568,4.599999904632568,395.0
2024-03-01 14:31:00,GBIO,2.625,2.625,2.630000114440918,2.609999895095825,2.625,14428.0
2024-03-01 14:31:00,GDRX,8.420000076293945,8.420000076293945,8.420000076293945,8.404999732971191,8.414999961853027,4205.0
2024-03-01 14:31:00,GERN,2.2300000190734863,2.2300000190734863,2.250999927520752,2.2300000190734863,2.25,119323.0
2024-03-01 14:31:00,GH,19.135000228881836,19.135000228881836,19.139999389648438,19.135000228881836,19.139999389648438,300.0
2024-03-01 14:31:00,GILD,72.44000244140625,72.44000244140625,72.46499633789062,72.44000244140625,72.46499633789062,3463.0
2024-03-01 14:31:00,GLTO,0.7900000214576721,0.7900000214576721,0.8090000152587891,0.789900004863739,0.7935000061988831,35500.0
2024-03-01 14:31:00,GLYC,2.994999885559082,2.994999885559082,2.994999885559082,2.994999885559082,2.994999885559082,305.0
2024-03-01 14:31:00,GMAB,29.415000915527344,29.415000915527344,29.420000076293945,29.40999984741211,29.415000915527344,1612.0
2024-03-01 14:31:00,GMDA,0.3799999952316284,0.3799999952316284,0.3799999952316284,0.3799999952316284,0.3799999952316284,5001.0
2024-03-01 14:31:00,GOSS,1.4149999618530273,1.4149999618530273,1.4149999618530273,1.409999966621399,1.4149999618530273,325.0
2024-03-01 14:31:00,GOVX,2.5118000507354736,2.5118000507354736,2.5118000507354736,2.5118000507354736,2.5118000507354736,109.0
2024-03-01 14:31:00,GRFS,7.014999866485596,7.014999866485596,7.018799781799316,7.014999866485596,7.018799781799316,768.0
2024-03-01 14:31:00,GRPH,3.424999952316284,3.424999952316284,3.430000066757202,3.4110000133514404,3.430000066757202,812.0
2024-03-01 14:31:00,GRTS,2.01990008354187,2.01990008354187,2.01990008354187,2.009999990463257,2.009999990463257,7032.0
2024-03-01 14:31:00,GRTX,0.23350000381469727,0.23350000381469727,0.23350000381469727,0.23350000381469727,0.23350000381469727,100.0
2024-03-01 14:31:00,GTHX,3.759999990463257,3.759999990463257,3.809999942779541,3.759999990463257,3.809999942779541,10884.0
2024-03-01 14:31:00,HALO,41.36000061035156,41.36000061035156,41.375,41.36000061035156,41.375,820.0
2024-03-01 14:31:00,HARP,22.940000534057617,22.940000534057617,22.94499969482422,22.940000534057617,22.94499969482422,502.0
2024-03-01 14:31:00,HBIO,4.369999885559082,4.369999885559082,4.369999885559082,4.340000152587891,4.340000152587891,204.0
2024-03-01 14:31:00,HCAT,8.199999809265137,8.199999809265137,8.210000038146973,8.199999809265137,8.199999809265137,1148.0
2024-03-01 14:31:00,HCSG,12.680000305175781,12.680000305175781,12.680000305175781,12.680000305175781,12.680000305175781,951.0
2024-03-01 14:31:00,HCTI,2.0504000186920166,2.0504000186920166,2.0799999237060547,2.049999952316284,2.068000078201294,3807.0
2024-03-01 14:31:00,HLVX,19.125,19.125,19.125,19.125,19.125,100.0
2024-03-01 14:31:00,HOLX,74.4800033569336,74.4800033569336,74.48999786376953,74.4800033569336,74.48999786376953,1917.0
2024-03-01 14:31:00,HQY,81.5,81.5,81.5,81.5,81.5,639.0
2024-03-01 14:31:00,HRTX,2.6050000190734863,2.6050000190734863,2.6073999404907227,2.5999999046325684,2.6073999404907227,467.0
2024-03-01 14:31:00,HSDT,4.75,4.75,4.75,4.684999942779541,4.684999942779541,200.0
2024-03-01 14:31:00,HSIC,76.7699966430664,76.7699966430664,76.80000305175781,76.7699966430664,76.80000305175781,1090.0
2024-03-01 14:31:00,HUMA,3.2249999046325684,3.2249999046325684,3.2699999809265137,3.220099925994873,3.259999990463257,21804.0
2024-03-01 14:31:00,IART,36.33000183105469,36.33000183105469,36.34000015258789,36.33000183105469,36.34000015258789,1149.0
2024-03-01 14:31:00,IBRX,4.875,4.875,4.875,4.869999885559082,4.869999885559082,544.0
2024-03-01 14:31:00,ICAD,1.850000023841858,1.850000023841858,1.850000023841858,1.850000023841858,1.850000023841858,607.0
2024-03-01 14:31:00,ICCM,1.309499979019165,1.309499979019165,1.309499979019165,1.309499979019165,1.309499979019165,350.0
2024-03-01 14:31:00,ICLR,324.4599914550781,324.4599914550781,324.4599914550781,324.2349853515625,324.2349853515625,506.0
2024-03-01 14:31:00,ICUI,106.4749984741211,106.4749984741211,106.4749984741211,106.4749984741211,106.4749984741211,191.0
2024-03-01 14:31:00,IDXX,580.7100219726562,580.7100219726562,580.7100219726562,580.47998046875,580.7050170898438,1053.0
2024-03-01 14:31:00,IDYA,46.650001525878906,46.650001525878906,46.68000030517578,46.650001525878906,46.66999816894531,1526.0
2024-03-01 14:31:00,ILMN,141.93499755859375,141.93499755859375,141.93499755859375,141.93499755859375,141.93499755859375,313.0
2024-03-01 14:31:00,IMCR,67.88999938964844,67.88999938964844,67.88999938964844,67.88999938964844,67.88999938964844,692.0
2024-03-01 14:31:00,IMNM,25.25,25.25,25.25,25.229999542236328,25.229999542236328,329.0
2024-03-01 14:31:00,IMNN,1.0210000276565552,1.0210000276565552,1.0210000276565552,1.0210000276565552,1.0210000276565552,399.0
2024-03-01 14:31:00,IMTX,12.859999656677246,12.859999656677246,12.859999656677246,12.859999656677246,12.859999656677246,808.0
2024-03-01 14:31:00,IMUX,1.475000023841858,1.475000023841858,1.475000023841858,1.475000023841858,1.475000023841858,386.0
2024-03-01 14:31:00,IMVT,35.76499938964844,35.76499938964844,35.790000915527344,35.7599983215332,35.790000915527344,1325.0
2024-03-01 14:31:00,INCY,59.20000076293945,59.20000076293945,59.20000076293945,59.19499969482422,59.19499969482422,342.0
2024-03-01 14:31:00,INGN,6.75,6.75,6.75,6.710000038146973,6.730000019073486,7154.0
2024-03-01 14:31:00,INMD,22.915000915527344,22.915000915527344,22.915000915527344,22.915000915527344,22.915000915527344,613.0
2024-03-01 14:31:00,INO,9.659899711608887,9.659899711608887,9.699999809265137,9.640000343322754,9.699999809265137,3747.0
2024-03-01 14:31:00,INSM,28.09000015258789,28.09000015258789,28.100000381469727,28.09000015258789,28.100000381469727,1174.0
2024-03-01 14:31:00,INVA,15.475000381469727,15.475000381469727,15.475000381469727,15.460000038146973,15.460000038146973,2913.0
2024-03-01 14:31:00,INZY,6.639999866485596,6.639999866485596,6.639999866485596,6.639999866485596,6.639999866485596,729.0
2024-03-01 14:31:00,IONS,45.97999954223633,45.97999954223633,45.994998931884766,45.959999084472656,45.994998931884766,2864.0
2024-03-01 14:31:00,IOVA,16.96500015258789,16.96500015258789,16.989999771118164,16.940000534057617,16.979999542236328,18604.0
2024-03-01 14:31:00,IRWD,9.055000305175781,9.055000305175781,9.055000305175781,9.050000190734863,9.050000190734863,3093.0
2024-03-01 14:31:00,ISRG,397.6499938964844,397.6499938964844,397.9200134277344,397.6499938964844,397.82000732421875,5352.0
2024-03-01 14:31:00,ITCI,71.81999969482422,71.81999969482422,71.81999969482422,71.77999877929688,71.81999969482422,526.0
2024-03-01 14:31:00,IVVD,3.9730000495910645,3.9730000495910645,3.9730000495910645,3.9730000495910645,3.9730000495910645,204.0
2024-03-01 14:31:00,JAGX,0.09139999747276306,0.09139999747276306,0.09300000220537186,0.0892999991774559,0.0892999991774559,2451302.0
2024-03-01 14:31:00,JANX,46.060001373291016,46.060001373291016,46.060001373291016,46.060001373291016,46.060001373291016,190.0
2024-03-01 14:31:00,JAZZ,118.8499984741211,118.8499984741211,118.8499984741211,118.76000213623047,118.76000213623047,4988.0
2024-03-01 14:31:00,JSPR,21.399999618530273,21.399999618530273,21.399999618530273,21.399999618530273,21.399999618530273,446.0
2024-03-01 14:31:00,JYNT,10.100000381469727,10.100000381469727,10.140000343322754,10.100000381469727,10.140000343322754,309.0
2024-03-01 14:31:00,KALA,7.359000205993652,7.359000205993652,7.359000205993652,7.359000205993652,7.359000205993652,121.0
2024-03-01 14:31:00,KALV,14.15999984741211,14.15999984741211,14.15999984741211,14.15999984741211,14.15999984741211,798.0
2024-03-01 14:31:00,KNSA,21.889999389648438,21.889999389648438,21.899999618530273,21.889999389648438,21.889999389648438,1037.0
2024-03-01 14:31:00,KNTE,2.5999999046325684,2.5999999046325684,2.6050000190734863,2.5999999046325684,2.6050000190734863,900.0
2024-03-01 14:31:00,KPTI,1.1699999570846558,1.1699999570846558,1.1699999570846558,1.160099983215332,1.1649999618530273,2795.0
2024-03-01 14:31:00,KRYS,169.1999969482422,169.1999969482422,169.22000122070312,168.89999389648438,169.0,3234.0
2024-03-01 14:31:00,KTRA,0.10209999978542328,0.10209999978542328,0.10209999978542328,0.10180000215768814,0.1018500030040741,600.0
2024-03-01 14:31:00,KURA,21.895000457763672,21.895000457763672,21.895000457763672,21.895000457763672,21.895000457763672,253.0
2024-03-01 14:31:00,KYMR,44.029998779296875,44.029998779296875,44.029998779296875,43.994998931884766,43.994998931884766,1576.0
2024-03-01 14:31:00,LAB,2.4700000286102295,2.4700000286102295,2.4700000286102295,2.4600000381469727,2.4700000286102295,3083.0
2024-03-01 14:31:00,LGVN,0.5299999713897705,0.5299999713897705,0.5299999713897705,0.5299999713897705,0.5299999713897705,102.0
2024-03-01 14:31:00,LIFE,1.909999966621399,1.909999966621399,1.909999966621399,1.909999966621399,1.909999966621399,50110.0
2024-03-01 14:31:00,LIVN,55.78499984741211,55.78499984741211,55.939998626708984,55.78499984741211,55.939998626708984,2872.0
2024-03-01 14:31:00,LNTH,64.62000274658203,64.62000274658203,64.62000274658203,64.52999877929688,64.52999877929688,754.0
2024-03-01 14:31:00,LRMR,11.420000076293945,11.420000076293945,11.4399995803833,11.420000076293945,11.4399995803833,200.0
2024-03-01 14:31:00,LSTA,3.101799964904785,3.101799964904785,3.101799964904785,3.101799964904785,3.101799964904785,254.0
2024-03-01 14:31:00,LUCD,1.2400000095367432,1.2400000095367432,1.2400000095367432,1.2400000095367432,1.2400000095367432,822.0
2024-03-01 14:31:00,LVTX,2.7699999809265137,2.7699999809265137,2.799999952316284,2.7699999809265137,2.7699999809265137,2291.0
2024-03-01 14:31:00,LXRX,2.510200023651123,2.510200023651123,2.510200023651123,2.510200023651123,2.510200023651123,144.0
2024-03-01 14:31:00,MASI,127.01000213623047,127.01000213623047,127.13500213623047,127.0,127.13500213623047,3101.0
2024-03-01 14:31:00,MCRB,1.2300000190734863,1.2300000190734863,1.2350000143051147,1.2300000190734863,1.2350000143051147,14819.0
2024-03-01 14:31:00,MDRX,6.0,6.0,6.050000190734863,6.0,6.050000190734863,449187.0
2024-03-01 14:31:00,MDXG,8.664999961853027,8.664999961853027,8.670000076293945,8.664999961853027,8.670000076293945,887.0
2024-03-01 14:31:00,ME,0.5609999895095825,0.5609999895095825,0.5619999766349792,0.5608999729156494,0.5619999766349792,3831.0
2024-03-01 14:31:00,MGNX,19.05500030517578,19.05500030517578,19.1200008392334,19.049999237060547,19.104999542236328,3738.0
2024-03-01 14:31:00,MIRM,29.559999465942383,29.559999465942383,29.610000610351562,29.540000915527344,29.600000381469727,6776.0
2024-03-01 14:31:00,MIST,1.7000000476837158,1.7000000476837158,1.7000000476837158,1.7000000476837158,1.7000000476837158,227.0
2024-03-01 14:31:00,MLTX,50.6150016784668,50.6150016784668,50.6150016784668,50.59000015258789,50.59000015258789,312.0
2024-03-01 14:31:00,MMSI,76.3499984741211,76.3499984741211,76.4000015258789,76.3499984741211,76.4000015258789,292.0
2024-03-01 14:31:00,MNKD,4.545000076293945,4.545000076293945,4.550000190734863,4.544000148773193,4.550000190734863,7440.0
2024-03-01 14:31:00,MNMD,6.204999923706055,6.204999923706055,6.210000038146973,6.204999923706055,6.210000038146973,564.0
2024-03-01 14:31:00,MOLN,3.9316999912261963,3.9316999912261963,4.162099838256836,3.9316999912261963,4.162099838256836,605.0
2024-03-01 14:31:00,MOR,17.579999923706055,17.579999923706055,17.579999923706055,17.56999969482422,17.56999969482422,867.0
2024-03-01 14:31:00,MORF,39.61000061035156,39.61000061035156,39.61000061035156,39.61000061035156,39.61000061035156,215.0
2024-03-01 14:31:00,MRAI,1.590000033378601,1.590000033378601,1.590000033378601,1.590000033378601,1.590000033378601,971.0
2024-03-01 14:31:00,MREO,3.9907000064849854,3.9907000064849854,3.994999885559082,3.990000009536743,3.994999885559082,2171.0
2024-03-01 14:31:00,MRNA,95.36689758300781,95.36689758300781,95.41000366210938,95.28500366210938,95.29000091552734,13225.0
2024-03-01 14:31:00,MRNS,10.347000122070312,10.347000122070312,10.347000122070312,10.34000015258789,10.34000015258789,711.0
2024-03-01 14:31:00,MRSN,5.96999979019165,5.96999979019165,5.96999979019165,5.960000038146973,5.965000152587891,2145.0
2024-03-01 14:31:00,MRUS,51.13999938964844,51.13999938964844,51.154998779296875,51.119998931884766,51.13999938964844,896.0
2024-03-01 14:31:00,MRVI,7.761000156402588,7.761000156402588,7.78000020980835,7.760000228881836,7.78000020980835,25806.0
2024-03-01 14:31:00,NAOV,0.9901000261306763,0.9901000261306763,0.9901000261306763,0.9901000261306763,0.9901000261306763,541.0
2024-03-01 14:31:00,NARI,46.005001068115234,46.005001068115234,46.040000915527344,45.91999816894531,45.959999084472656,3317.0
2024-03-01 14:31:00,NBIX,131.77000427246094,131.77000427246094,131.77999877929688,131.5399932861328,131.5709991455078,7189.0
2024-03-01 14:31:00,NBSE,0.8700000047683716,0.8700000047683716,0.8700000047683716,0.8700000047683716,0.8700000047683716,635.0
2024-03-01 14:31:00,NEO,16.079999923706055,16.079999923706055,16.079999923706055,16.065000534057617,16.06999969482422,7587.0
2024-03-01 14:31:00,NEOG,17.395000457763672,17.395000457763672,17.395000457763672,17.395000457763672,17.395000457763672,231.0
2024-03-01 14:31:00,NEXI,6.3628997802734375,6.3628997802734375,6.3628997802734375,6.3628997802734375,6.3628997802734375,173.0
2024-03-01 14:31:00,NGM,1.5199999809265137,1.5199999809265137,1.524999976158142,1.5199999809265137,1.524999976158142,2915.0
2024-03-01 14:31:00,NKTR,0.7768499851226807,0.7768499851226807,0.7789999842643738,0.7768499851226807,0.7789999842643738,1001.0
2024-03-01 14:31:00,NKTX,12.619999885559082,12.619999885559082,12.670000076293945,12.619999885559082,12.670000076293945,3367.0
2024-03-01 14:31:00,NNOX,10.760100364685059,10.760100364685059,10.789999961853027,10.760000228881836,10.774999618530273,10495.0
2024-03-01 14:31:00,NOTV,7.991600036621094,7.991600036621094,7.991600036621094,7.96999979019165,7.96999979019165,5971.0
2024-03-01 14:31:00,NPCE,16.309999465942383,16.309999465942383,16.315000534057617,16.309999465942383,16.315000534057617,382.0
2024-03-01 14:31:00,NRBO,6.28000020980835,6.28000020980835,6.28000020980835,6.28000020980835,6.28000020980835,300.0
2024-03-01 14:31:00,NRIX,13.5600004196167,13.5600004196167,13.574999809265137,13.5600004196167,13.574999809265137,1079.0
2024-03-01 14:31:00,NRSN,2.0399999618530273,2.0399999618530273,2.0399999618530273,2.0399999618530273,2.0399999618530273,852.0
2024-03-01 14:31:00,NRXP,0.41780000925064087,0.41780000925064087,0.41780000925064087,0.41780000925064087,0.41780000925064087,100.0
2024-03-01 14:31:00,NTLA,33.45000076293945,33.45000076293945,33.474998474121094,33.43000030517578,33.474998474121094,1788.0
2024-03-01 14:31:00,NTRA,89.13500213623047,89.13500213623047,89.13500213623047,89.1050033569336,89.11000061035156,1547.0
2024-03-01 14:31:00,NUVL,87.45999908447266,87.45999908447266,87.45999908447266,87.36000061035156,87.36000061035156,373.0
2024-03-01 14:31:00,NVAX,5.275000095367432,5.275000095367432,5.275000095367432,5.269999980926514,5.269999980926514,4325.0
2024-03-01 14:31:00,NVCR,16.110000610351562,16.110000610351562,16.110000610351562,16.079999923706055,16.100000381469727,7836.0
2024-03-01 14:31:00,NVCT,10.680000305175781,10.680000305175781,10.680000305175781,10.680000305175781,10.680000305175781,158.0
2024-03-01 14:31:00,NVNO,6.429999828338623,6.429999828338623,6.429999828338623,6.429999828338623,6.429999828338623,100.0
2024-03-01 14:31:00,NXTC,1.809999942779541,1.809999942779541,1.8281999826431274,1.7899999618530273,1.8281999826431274,5200.0
2024-03-01 14:31:00,OCGN,0.9519000053405762,0.9519000053405762,0.9519000053405762,0.9514489769935608,0.9514489769935608,3300.0
2024-03-01 14:31:00,OCUL,10.694999694824219,10.694999694824219,10.699999809265137,10.680000305175781,10.699999809265137,6323.0
2024-03-01 14:31:00,OGI,2.174999952316284,2.174999952316284,2.1798999309539795,2.174999952316284,2.1798999309539795,401.0
2024-03-01 14:31:00,OLK,23.040000915527344,23.040000915527344,23.040000915527344,23.040000915527344,23.040000915527344,188.0
2024-03-01 14:31:00,OLMA,14.899999618530273,14.899999618530273,14.920000076293945,14.899999618530273,14.920000076293945,315.0
2024-03-01 14:31:00,OMCL,26.579999923706055,26.579999923706055,26.579999923706055,26.559999465942383,26.56999969482422,959.0
2024-03-01 14:31:00,OMGA,4.380000114440918,4.380000114440918,4.400100231170654,4.380000114440918,4.400100231170654,12263.0
2024-03-01 14:31:00,ONCT,10.524999618530273,10.524999618530273,10.524999618530273,10.524999618530273,10.524999618530273,557.0
2024-03-01 14:31:00,ONCY,1.1399999856948853,1.1399999856948853,1.149899959564209,1.1399999856948853,1.149899959564209,235.0
2024-03-01 14:32:00,AADI,1.9800000190734863,1.9800000190734863,1.9800000190734863,1.9800000190734863,1.9800000190734863,100.0
2024-03-01 14:32:00,ABCL,5.150000095367432,5.150000095367432,5.150000095367432,5.150000095367432,5.150000095367432,434.0
2024-03-01 14:32:00,ABEO,7.75,7.75,7.75,7.71999979019165,7.75,1268.0
2024-03-01 14:32:00,ABOS,4.644999980926514,4.644999980926514,4.644999980926514,4.639999866485596,4.639999866485596,383.0
2024-03-01 14:32:00,ABSI,5.565000057220459,5.565000057220459,5.570000171661377,5.560999870300293,5.565000057220459,2731.0
2024-03-01 14:32:00,ACAD,24.139999389648438,24.139999389648438,24.145000457763672,24.139999389648438,24.139999389648438,1874.0
2024-03-01 14:32:00,ACET,2.4000000953674316,2.4000000953674316,2.4049999713897705,2.4000000953674316,2.4000000953674316,520.0
2024-03-01 14:32:00,ACLX,68.61499786376953,68.61499786376953,68.61499786376953,68.61499786376953,68.61499786376953,100.0
2024-03-01 14:32:00,ADIL,3.069999933242798,3.069999933242798,3.109999895095825,3.0199999809265137,3.0999999046325684,171201.0
2024-03-01 14:32:00,ADMA,5.539999961853027,5.539999961853027,5.550000190734863,5.539999961853027,5.545000076293945,575.0
2024-03-01 14:32:00,ADVM,1.975000023841858,1.975000023841858,1.9800000190734863,1.975000023841858,1.9800000190734863,5048.0
2024-03-01 14:32:00,AFMD,0.6700999736785889,0.6700999736785889,0.6700999736785889,0.6700999736785889,0.6700999736785889,5001.0
2024-03-01 14:32:00,AGEN,0.670074999332428,0.670074999332428,0.6700999736785889,0.6700000166893005,0.6700000166893005,11678.0
2024-03-01 14:32:00,AGIO,32.65999984741211,32.65999984741211,32.70000076293945,32.63999938964844,32.650001525878906,5556.0
2024-03-01 14:32:00,AHCO,10.489999771118164,10.489999771118164,10.489999771118164,10.489999771118164,10.489999771118164,579.0
2024-03-01 14:32:00,AIH,0.5034989714622498,0.5034989714622498,0.5034999847412109,0.5034989714622498,0.5034999847412109,2000.0
2024-03-01 14:32:00,AIMD,0.949999988079071,0.949999988079071,0.949999988079071,0.949999988079071,0.949999988079071,110.0
2024-03-01 14:32:00,AIRS,6.460000038146973,6.460000038146973,6.46999979019165,6.460000038146973,6.46999979019165,320.0
2024-03-01 14:32:00,AKBA,1.684999942779541,1.684999942779541,1.684999942779541,1.6799999475479126,1.6799999475479126,310.0
2024-03-01 14:32:00,AKLI,0.359499990940094,0.359499990940094,0.359499990940094,0.359499990940094,0.359499990940094,229.0
2024-03-01 14:32:00,AKRO,29.290000915527344,29.290000915527344,29.290000915527344,29.190000534057617,29.200000762939453,3010.0
2024-03-01 14:32:00,ALEC,7.474999904632568,7.474999904632568,7.474999904632568,7.474999904632568,7.474999904632568,890.0
2024-03-01 14:32:00,ALGN,302.54998779296875,302.54998779296875,302.55999755859375,302.5299987792969,302.55999755859375,1500.0
2024-03-01 14:32:00,ALHC,5.744999885559082,5.744999885559082,5.75,5.739999771118164,5.75,4181.0
2024-03-01 14:32:00,ALKS,30.270000457763672,30.270000457763672,30.270000457763672,30.264999389648438,30.264999389648438,655.0
2024-03-01 14:32:00,ALLK,1.6649999618530273,1.6649999618530273,1.6649999618530273,1.6649999618530273,1.6649999618530273,400.0
2024-03-01 14:32:00,ALLO,5.010000228881836,5.010000228881836,5.010000228881836,5.010000228881836,5.010000228881836,349.0
2024-03-01 14:32:00,ALNY,153.3800048828125,153.3800048828125,153.3975067138672,153.3249969482422,153.3975067138672,948.0
2024-03-01 14:32:00,ALPN,36.209999084472656,36.209999084472656,36.209999084472656,36.20000076293945,36.20000076293945,1252.0
2024-03-01 14:32:00,ALT,12.055000305175781,12.055000305175781,12.0600004196167,12.055000305175781,12.0600004196167,1590.0
2024-03-01 14:32:00,ALXO,15.050000190734863,15.050000190734863,15.100000381469727,15.050000190734863,15.100000381469727,309.0
2024-03-01 14:32:00,AMED,93.5999984741211,93.5999984741211,93.5999984741211,93.56999969482422,93.56999969482422,974.0
2024-03-01 14:32:00,AMGN,280.9700012207031,280.9700012207031,281.0400085449219,280.9599914550781,281.0400085449219,2411.0
2024-03-01 14:32:00,AMLX,18.639999389648438,18.639999389648438,18.649999618530273,18.6299991607666,18.6299991607666,3672.0
2024-03-01 14:32:00,AMPH,45.57500076293945,45.57500076293945,45.57500076293945,45.55500030517578,45.56999969482422,1546.0
2024-03-01 14:32:00,ANAB,25.420000076293945,25.420000076293945,25.420000076293945,25.420000076293945,25.420000076293945,195.0
2024-03-01 14:32:00,ANGO,5.505000114440918,5.505000114440918,5.505000114440918,5.505000114440918,5.505000114440918,444.0
2024-03-01 14:32:00,ANIK,25.0,25.0,25.0,25.0,25.0,273.0
2024-03-01 14:32:00,ANIP,66.41500091552734,66.41500091552734,66.41500091552734,66.41500091552734,66.41500091552734,319.0
2024-03-01 14:32:00,ANIX,3.5000998973846436,3.5000998973846436,3.5000998973846436,3.5000998973846436,3.5000998973846436,2632.0
2024-03-01 14:32:00,ANNX,6.105000019073486,6.105000019073486,6.105000019073486,6.105000019073486,6.105000019073486,223.0
2024-03-01 14:32:00,APLS,64.43000030517578,64.43000030517578,64.47000122070312,64.43000030517578,64.47000122070312,780.0
2024-03-01 14:32:00,APLT,7.079999923706055,7.079999923706055,7.079999923706055,7.070000171661377,7.072000026702881,1208.0
2024-03-01 14:32:00,AQST,4.123199939727783,4.123199939727783,4.130000114440918,4.123199939727783,4.130000114440918,4075.0
2024-03-01 14:32:00,ARCT,39.65999984741211,39.65999984741211,39.65999984741211,39.65999984741211,39.65999984741211,410.0
2024-03-01 14:32:00,ARDX,9.479999542236328,9.479999542236328,9.484999656677246,9.47130012512207,9.479999542236328,3272.0
2024-03-01 14:32:00,ARQT,11.600000381469727,11.600000381469727,11.619999885559082,11.600000381469727,11.614999771118164,1367.0
2024-03-01 14:32:00,ARVN,48.59000015258789,48.59000015258789,48.59000015258789,48.59000015258789,48.59000015258789,100.0
2024-03-01 14:32:00,ASND,153.27000427246094,153.27000427246094,153.27999877929688,153.05999755859375,153.07000732421875,1365.0
2024-03-01 14:32:00,ASRT,0.9070000052452087,0.9070000052452087,0.9070000052452087,0.9070000052452087,0.9070000052452087,530.0
2024-03-01 14:32:00,ATAI,2.1633999347686768,2.1633999347686768,2.1633999347686768,2.1633999347686768,2.1633999347686768,300.0
2024-03-01 14:32:00,ATEC,13.404999732971191,13.404999732971191,13.40999984741211,13.404999732971191,13.404999732971191,2281.0
2024-03-01 14:32:00,ATOS,1.0,1.0,1.0099999904632568,1.0,1.0099999904632568,457.0
2024-03-01 14:32:00,ATRA,0.7935000061988831,0.7935000061988831,0.7935000061988831,0.7935000061988831,0.7935000061988831,200.0
2024-03-01 14:32:00,ATRC,36.0,36.0,36.0,36.0,36.0,169.0
2024-03-01 14:32:00,AUGX,4.519999980926514,4.519999980926514,4.519999980926514,4.519999980926514,4.519999980926514,118.0
2024-03-01 14:32:00,AUPH,5.815000057220459,5.815000057220459,5.820000171661377,5.809999942779541,5.809999942779541,20682.0
2024-03-01 14:32:00,AUTL,6.349999904632568,6.349999904632568,6.349999904632568,6.349999904632568,6.349999904632568,173.0
2024-03-01 14:32:00,AVDL,13.244999885559082,13.244999885559082,13.3100004196167,13.229999542236328,13.229999542236328,19871.0
2024-03-01 14:32:00,AVXL,5.360000133514404,5.360000133514404,5.360000133514404,5.360000133514404,5.360000133514404,3382.0
2024-03-01 14:32:00,AXNX,67.44999694824219,67.44999694824219,67.45999908447266,67.40699768066406,67.45999908447266,3046.0
2024-03-01 14:32:00,AXSM,82.27999877929688,82.27999877929688,82.27999877929688,82.2300033569336,82.2699966430664,888.0
2024-03-01 14:32:00,AZN,64.66500091552734,64.66500091552734,64.67500305175781,64.66500091552734,64.66999816894531,3777.0
2024-03-01 14:32:00,BBIO,35.9900016784668,35.9900016784668,35.9900016784668,35.970001220703125,35.970001220703125,1333.0
2024-03-01 14:32:00,BCRX,5.730000019073486,5.730000019073486,5.730000019073486,5.724999904632568,5.724999904632568,2224.0
2024-03-01 14:32:00,BDTX,4.789999961853027,4.789999961853027,4.809999942779541,4.775000095367432,4.775000095367432,9740.0
2024-03-01 14:32:00,BEAM,39.97999954223633,39.97999954223633,40.01499938964844,39.97999954223633,40.01499938964844,499.0
2024-03-01 14:32:00,BEAT,1.5999000072479248,1.5999000072479248,1.600000023841858,1.5954999923706055,1.5954999923706055,5345.0
2024-03-01 14:32:00,BGNE,167.0800018310547,167.0800018310547,167.0800018310547,167.0800018310547,167.0800018310547,980.0
2024-03-01 14:32:00,BGXX,0.2547000050544739,0.2547000050544739,0.25540000200271606,0.2547000050544739,0.25540000200271606,1535.0
2024-03-01 14:32:00,BIIB,221.13999938964844,221.13999938964844,221.25,221.13999938964844,221.25,819.0
2024-03-01 14:32:00,BIOL,0.14329999685287476,0.14329999685287476,0.14350000023841858,0.14329999685287476,0.14350000023841858,3192.0
2024-03-01 14:32:00,BIVI,2.009999990463257,2.009999990463257,2.0399999618530273,2.009999990463257,2.0250000953674316,21036.0
2024-03-01 14:32:00,BLUE,1.590000033378601,1.590000033378601,1.5906000137329102,1.590000033378601,1.590000033378601,5160.0
2024-03-01 14:32:00,BMRN,88.01000213623047,88.01000213623047,88.01000213623047,88.01000213623047,88.01000213623047,291.0
2024-03-01 14:32:00,BNGO,1.2599999904632568,1.2599999904632568,1.2649999856948853,1.2599999904632568,1.2599999904632568,19090.0
2024-03-01 14:32:00,BNR,0.8226000070571899,0.8226000070571899,0.8226000070571899,0.8226000070571899,0.8226000070571899,100.0
2024-03-01 14:32:00,BNTX,91.2300033569336,91.2300033569336,91.2300033569336,91.22000122070312,91.22000122070312,563.0
2024-03-01 14:32:00,BPMC,96.55000305175781,96.55000305175781,96.55000305175781,96.55000305175781,96.55000305175781,313.0
2024-03-01 14:32:00,BRKR,88.69999694824219,88.69999694824219,88.70999908447266,88.69999694824219,88.70999908447266,590.0
2024-03-01 14:32:00,BRTX,1.5499999523162842,1.5499999523162842,1.5499999523162842,1.5449999570846558,1.5449999570846558,2929.0
2024-03-01 14:32:00,BTAI,3.2000999450683594,3.2000999450683594,3.2088000774383545,3.2000999450683594,3.2088000774383545,2154.0
2024-03-01 14:32:00,CABA,24.024999618530273,24.024999618530273,24.024999618530273,24.024999618530273,24.024999618530273,103.0
2024-03-01 14:32:00,CBAY,32.22999954223633,32.22999954223633,32.22999954223633,32.220001220703125,32.224998474121094,6766.0
2024-03-01 14:32:00,CCCC,10.989999771118164,10.989999771118164,10.989999771118164,10.979999542236328,10.979999542236328,1673.0
2024-03-01 14:32:00,CCRN,18.229999542236328,18.229999542236328,18.229999542236328,18.229999542236328,18.229999542236328,403.0
2024-03-01 14:32:00,CDMO,8.199999809265137,8.199999809265137,8.199999809265137,8.199999809265137,8.199999809265137,454.0
2024-03-01 14:32:00,CDNA,12.739999771118164,12.739999771118164,12.739999771118164,12.739999771118164,12.739999771118164,424.0
2024-03-01 14:32:00,CDXS,4.550000190734863,4.550000190734863,4.559999942779541,4.550000190734863,4.559999942779541,713.0
2024-03-01 14:32:00,CERE,41.095001220703125,41.095001220703125,41.095298767089844,41.09000015258789,41.095001220703125,1472.0
2024-03-01 14:32:00,CERS,2.184999942779541,2.184999942779541,2.184999942779541,2.184999942779541,2.184999942779541,262.0
2024-03-01 14:32:00,CERT,18.09000015258789,18.09000015258789,18.100000381469727,18.09000015258789,18.09000015258789,3251.0
2024-03-01 14:32:00,CGC,3.2202999591827393,3.2202999591827393,3.2249999046325684,3.2200000286102295,3.2249999046325684,2124.0
2024-03-01 14:32:00,CGEM,18.709999084472656,18.709999084472656,18.709999084472656,18.709999084472656,18.709999084472656,122.0
2024-03-01 14:32:00,CGEN,2.6700000762939453,2.6700000762939453,2.6700000762939453,2.6700000762939453,2.6700000762939453,6793.0
2024-03-01 14:32:00,CHRS,2.4149999618530273,2.4149999618530273,2.4200000762939453,2.4149999618530273,2.4149999618530273,958.0
2024-03-01 14:32:00,CING,1.3650000095367432,1.3650000095367432,1.3799999952316284,1.350000023841858,1.350000023841858,4313.0
2024-03-01 14:32:00,CKPT,2.190000057220459,2.190000057220459,2.190000057220459,2.190000057220459,2.190000057220459,100.0
2024-03-01 14:32:00,CLDX,52.220001220703125,52.220001220703125,52.380001068115234,52.209999084472656,52.380001068115234,2434.0
2024-03-01 14:32:00,CLOV,0.8694000244140625,0.8694000244140625,0.8705999851226807,0.8682000041007996,0.8705999851226807,7345.0
2024-03-01 14:32:00,CLRB,4.079999923706055,4.079999923706055,4.079999923706055,4.079999923706055,4.079999923706055,300.0
2024-03-01 14:32:00,CMPS,11.710000038146973,11.710000038146973,11.710000038146973,11.6899995803833,11.694999694824219,5824.0
2024-03-01 14:32:00,COGT,7.210000038146973,7.210000038146973,7.224999904632568,7.210000038146973,7.22130012512207,3818.0
2024-03-01 14:32:00,COLL,36.529998779296875,36.529998779296875,36.529998779296875,36.529998779296875,36.529998779296875,2223.0
2024-03-01 14:32:00,CORT,24.260000228881836,24.260000228881836,24.260000228881836,24.250999450683594,24.260000228881836,37151.0
2024-03-01 14:32:00,CPRX,17.135000228881836,17.135000228881836,17.145000457763672,17.135000228881836,17.145000457763672,2137.0
2024-03-01 14:32:00,CPSI,9.449999809265137,9.449999809265137,9.449999809265137,9.449999809265137,9.449999809265137,126.0
2024-03-01 14:32:00,CRBU,7.900000095367432,7.900000095367432,7.909999847412109,7.889999866485596,7.900000095367432,2607.0
2024-03-01 14:32:00,CRDF,2.5922000408172607,2.5922000408172607,2.609999895095825,2.569999933242798,2.599299907684326,24122.0
2024-03-01 14:32:00,CRDL,1.9500000476837158,1.9500000476837158,1.9600000381469727,1.9500000476837158,1.9600000381469727,6922.0
2024-03-01 14:32:00,CRON,2.0399999618530273,2.0399999618530273,2.0399999618530273,2.0399999618530273,2.0399999618530273,100.0
2024-03-01 14:32:00,CRSP,85.30999755859375,85.30999755859375,85.4292984008789,85.29000091552734,85.38999938964844,3629.0
2024-03-01 14:32:00,CTKB,9.0,9.0,9.010000228881836,8.994999885559082,9.010000228881836,17269.0
2024-03-01 14:32:00,CTMX,2.5399999618530273,2.5399999618530273,2.5450000762939453,2.5399999618530273,2.5399999618530273,1244.0
2024-03-01 14:32:00,CUTR,2.380000114440918,2.380000114440918,2.3949999809265137,2.380000114440918,2.3949999809265137,11812.0
2024-03-01 14:32:00,CYTK,73.625,73.625,73.625,73.59500122070312,73.5999984741211,801.0
2024-03-01 14:32:00,CYTO,2.2750000953674316,2.2750000953674316,2.3299999237060547,2.2750000953674316,2.309999942779541,407.0
2024-03-01 14:32:00,DAWN,17.719999313354492,17.719999313354492,17.729999542236328,17.700000762939453,17.700000762939453,4326.0
2024-03-01 14:32:00,DCGO,4.130000114440918,4.130000114440918,4.130000114440918,4.130000114440918,4.130000114440918,599.0
2024-03-01 14:32:00,DCPH,17.649999618530273,17.649999618530273,17.649999618530273,17.649999618530273,17.649999618530273,100.0
2024-03-01 14:32:00,DMTK,0.8499000072479248,0.8499000072479248,0.8499000072479248,0.8499000072479248,0.8499000072479248,2618.0
2024-03-01 14:32:00,DNLI,21.290000915527344,21.290000915527344,21.290000915527344,21.280099868774414,21.280099868774414,362.0
2024-03-01 14:32:00,DRRX,1.0,1.0,1.0,1.0,1.0,123.0
2024-03-01 14:32:00,DVAX,12.835000038146973,12.835000038146973,12.835000038146973,12.835000038146973,12.835000038146973,563.0
2024-03-01 14:32:00,DXCM,121.66999816894531,121.66999816894531,121.80000305175781,121.66999816894531,121.79499816894531,9080.0
2024-03-01 14:32:00,DYN,29.1200008392334,29.1200008392334,29.200000762939453,29.09000015258789,29.139999389648438,1999.0
2024-03-01 14:32:00,EDIT,10.880000114440918,10.880000114440918,10.880000114440918,10.880000114440918,10.880000114440918,435.0
2024-03-01 14:32:00,EFTR,16.1299991607666,16.1299991607666,16.1299991607666,16.06999969482422,16.06999969482422,5008.0
2024-03-01 14:32:00,ELEV,5.090000152587891,5.090000152587891,5.090000152587891,5.039999961853027,5.039999961853027,3999.0
2024-03-01 14:32:00,EMBC,14.300000190734863,14.300000190734863,14.300000190734863,14.300000190734863,14.300000190734863,158.0
2024-03-01 14:32:00,ENSC,0.9388999938964844,0.9388999938964844,0.9498999714851379,0.9388999938964844,0.9498999714851379,1829.0
2024-03-01 14:32:00,ENVB,1.5299999713897705,1.5299999713897705,1.5399999618530273,1.5199999809265137,1.5399999618530273,1368.0
2024-03-01 14:32:00,EQ,2.460099935531616,2.460099935531616,2.4612998962402344,2.460099935531616,2.4612998962402344,205.0
2024-03-01 14:32:00,ERAS,2.505000114440918,2.505000114440918,2.505000114440918,2.505000114440918,2.505000114440918,538.0
2024-03-01 14:32:00,ESPR,2.555000066757202,2.555000066757202,2.555000066757202,2.555000066757202,2.555000066757202,1854.0
2024-03-01 14:32:00,ESTA,43.505001068115234,43.505001068115234,43.80820083618164,43.505001068115234,43.80820083618164,1131.0
2024-03-01 14:32:00,ETNB,12.890000343322754,12.890000343322754,12.890000343322754,12.880000114440918,12.880000114440918,3759.0
2024-03-01 14:32:00,EWTX,16.979999542236328,16.979999542236328,17.0,16.979999542236328,16.989999771118164,2160.0
2024-03-01 14:32:00,EXAS,60.1150016784668,60.1150016784668,60.15999984741211,60.1150016784668,60.154998779296875,2276.0
2024-03-01 14:32:00,EXEL,22.385000228881836,22.385000228881836,22.385000228881836,22.3799991607666,22.385000228881836,1447.0
2024-03-01 14:32:00,EYEN,2.3550000190734863,2.3550000190734863,2.3701000213623047,2.3550000190734863,2.359999895095825,7851.0
2024-03-01 14:32:00,EYPT,27.8799991607666,27.8799991607666,27.8799991607666,27.8799991607666,27.8799991607666,354.0
2024-03-01 14:32:00,FATE,7.764999866485596,7.764999866485596,7.764999866485596,7.760000228881836,7.760000228881836,922.0
2024-03-01 14:32:00,FDMT,29.344999313354492,29.344999313354492,29.344999313354492,29.344999313354492,29.344999313354492,266.0
2024-03-01 14:32:00,FGEN,1.850000023841858,1.850000023841858,1.850000023841858,1.8450000286102295,1.850000023841858,1849.0
2024-03-01 14:32:00,FIXX,0.9286999702453613,0.9286999702453613,0.9286999702453613,0.9286999702453613,0.9286999702453613,122.0
2024-03-01 14:32:00,FLGT,23.204999923706055,23.204999923706055,23.204999923706055,23.190000534057617,23.200000762939453,511.0
2024-03-01 14:32:00,FOLD,13.385000228881836,13.385000228881836,13.390000343322754,13.385000228881836,13.390000343322754,6412.0
2024-03-01 14:32:00,FULC,11.010000228881836,11.010000228881836,11.010000228881836,11.010000228881836,11.010000228881836,294.0
2024-03-01 14:32:00,FUSN,12.229999542236328,12.229999542236328,12.229999542236328,12.220000267028809,12.220000267028809,200.0
2024-03-01 14:32:00,FWBI,8.925000190734863,8.925000190734863,8.925000190734863,8.925000190734863,8.925000190734863,242.0
2024-03-01 14:32:00,GBIO,2.625,2.625,2.630000114440918,2.625,2.630000114440918,300.0
2024-03-01 14:32:00,GDRX,8.417699813842773,8.417699813842773,8.417699813842773,8.410900115966797,8.410900115966797,634.0
2024-03-01 14:32:00,GENE,2.3499999046325684,2.3499999046325684,2.3499999046325684,2.3499999046325684,2.3499999046325684,360.0
2024-03-01 14:32:00,GERN,2.244999885559082,2.244999885559082,2.244999885559082,2.2300000190734863,2.2302000522613525,91822.0
2024-03-01 14:32:00,GH,19.145000457763672,19.145000457763672,19.145599365234375,19.139999389648438,19.139999389648438,1093.0
2024-03-01 14:32:00,GILD,72.41000366210938,72.41000366210938,72.44499969482422,72.40499877929688,72.44499969482422,8127.0
2024-03-01 14:32:00,GLMD,0.40389999747276306,0.40389999747276306,0.40400001406669617,0.3998990058898926,0.3998990058898926,22676.0
2024-03-01 14:32:00,GLPG,35.06999969482422,35.06999969482422,35.06999969482422,35.06999969482422,35.06999969482422,321.0
2024-03-01 14:32:00,GLTO,0.8001000285148621,0.8001000285148621,0.8001000285148621,0.7800999879837036,0.7800999879837036,4387.0
2024-03-01 14:32:00,GMAB,29.40999984741211,29.40999984741211,29.415000915527344,29.40999984741211,29.415000915527344,1796.0
2024-03-01 14:32:00,GOSS,1.4149999618530273,1.4149999618530273,1.4149999618530273,1.4149999618530273,1.4149999618530273,176.0
2024-03-01 14:32:00,GRFS,7.005000114440918,7.005000114440918,7.014999866485596,7.005000114440918,7.014999866485596,1874.0
2024-03-01 14:32:00,GRPH,3.424999952316284,3.424999952316284,3.434999942779541,3.424999952316284,3.434999942779541,458.0
2024-03-01 14:32:00,GRTS,2.015000104904175,2.015000104904175,2.01990008354187,2.009999990463257,2.009999990463257,2903.0
2024-03-01 14:32:00,GRTX,0.2329999953508377,0.2329999953508377,0.23350000381469727,0.2329999953508377,0.23350000381469727,1604.0
2024-03-01 14:32:00,GTHX,3.7660000324249268,3.7660000324249268,3.76990008354187,3.759999990463257,3.76990008354187,3132.0
2024-03-01 14:32:00,HALO,41.349998474121094,41.349998474121094,41.35499954223633,41.349998474121094,41.35499954223633,891.0
2024-03-01 14:32:00,HCAT,8.199999809265137,8.199999809265137,8.199999809265137,8.199999809265137,8.199999809265137,874.0
2024-03-01 14:32:00,HCSG,12.670000076293945,12.670000076293945,12.670000076293945,12.670000076293945,12.670000076293945,107.0
2024-03-01 14:32:00,HCTI,2.009999990463257,2.009999990463257,2.059999942779541,2.0,2.059999942779541,9157.0
2024-03-01 14:32:00,HLTH,0.25999999046325684,0.25999999046325684,0.25999999046325684,0.25999999046325684,0.25999999046325684,1531.0
2024-03-01 14:32:00,HLVX,19.190000534057617,19.190000534057617,19.190000534057617,19.190000534057617,19.190000534057617,199.0
2024-03-01 14:32:00,HOLX,74.41999816894531,74.41999816894531,74.4800033569336,74.41999816894531,74.47000122070312,1857.0
2024-03-01 14:32:00,HQY,81.51000213623047,81.51000213623047,81.51000213623047,81.44999694824219,81.47000122070312,1144.0
2024-03-01 14:32:00,HROW,10.880000114440918,10.880000114440918,10.880000114440918,10.880000114440918,10.880000114440918,127.0
2024-03-01 14:32:00,HRTX,2.619999885559082,2.619999885559082,2.619999885559082,2.6050000190734863,2.6050000190734863,15476.0
2024-03-01 14:32:00,HSIC,76.80000305175781,76.80000305175781,76.80000305175781,76.79000091552734,76.79000091552734,1920.0
2024-03-01 14:32:00,HUMA,3.2249999046325684,3.2249999046325684,3.2300000190734863,3.2200000286102295,3.2249999046325684,11472.0
2024-03-01 14:32:00,IART,36.310001373291016,36.310001373291016,36.31999969482422,36.29999923706055,36.31999969482422,1910.0
2024-03-01 14:32:00,IBRX,4.889999866485596,4.889999866485596,4.889999866485596,4.875,4.875,10337.0
2024-03-01 14:32:00,ICLR,324.2300109863281,324.2300109863281,324.2300109863281,324.2300109863281,324.2300109863281,595.0
2024-03-01 14:32:00,IGMS,13.100000381469727,13.100000381469727,13.100000381469727,13.100000381469727,13.100000381469727,351.0
2024-03-01 14:32:00,ILMN,141.89810180664062,141.89810180664062,141.93499755859375,141.85000610351562,141.93499755859375,2407.0
2024-03-01 14:32:00,IMAB,1.809999942779541,1.809999942779541,1.809999942779541,1.809999942779541,1.809999942779541,100.0
2024-03-01 14:32:00,IMMX,3.509999990463257,3.509999990463257,3.509999990463257,3.509999990463257,3.509999990463257,100.0
2024-03-01 14:32:00,IMNM,25.2549991607666,25.2549991607666,25.2549991607666,25.2549991607666,25.2549991607666,116.0
2024-03-01 14:32:00,IMNN,1.0299999713897705,1.0299999713897705,1.0299999713897705,1.0290000438690186,1.0290000438690186,432.0
2024-03-01 14:32:00,IMTX,12.859999656677246,12.859999656677246,12.869999885559082,12.859999656677246,12.869999885559082,719.0
2024-03-01 14:32:00,IMUX,1.4700000286102295,1.4700000286102295,1.4700000286102295,1.4700000286102295,1.4700000286102295,192.0
2024-03-01 14:32:00,IMVT,35.790000915527344,35.790000915527344,35.79999923706055,35.76499938964844,35.76750183105469,3529.0
2024-03-01 14:32:00,INCY,59.20500183105469,59.20500183105469,59.20500183105469,59.191001892089844,59.20000076293945,1785.0
2024-03-01 14:32:00,INGN,6.75,6.75,6.75,6.75,6.75,241.0
2024-03-01 14:32:00,INMD,22.90999984741211,22.90999984741211,22.90999984741211,22.90999984741211,22.90999984741211,175.0
2024-03-01 14:32:00,INO,9.652700424194336,9.652700424194336,9.652700424194336,9.652700424194336,9.652700424194336,372.0
2024-03-01 14:32:00,INSM,28.100000381469727,28.100000381469727,28.110000610351562,28.09000015258789,28.09000015258789,4168.0
2024-03-01 14:32:00,INVA,15.475000381469727,15.475000381469727,15.475000381469727,15.475000381469727,15.475000381469727,218.0
2024-03-01 14:32:00,INVO,1.2100000381469727,1.2100000381469727,1.2100000381469727,1.2100000381469727,1.2100000381469727,310.0
2024-03-01 14:32:00,INZY,6.619999885559082,6.619999885559082,6.650000095367432,6.619999885559082,6.635499954223633,9825.0
2024-03-01 14:32:00,IONS,46.0,46.0,46.0,45.98500061035156,45.9900016784668,1210.0
2024-03-01 14:32:00,IOVA,16.9950008392334,16.9950008392334,17.0,16.969999313354492,16.969999313354492,19863.0
2024-03-01 14:32:00,IPA,1.8799999952316284,1.8799999952316284,1.8799999952316284,1.8799999952316284,1.8799999952316284,100.0
2024-03-01 14:32:00,IRMD,41.45000076293945,41.45000076293945,41.45000076293945,41.45000076293945,41.45000076293945,106.0
2024-03-01 14:32:00,IRWD,9.074999809265137,9.074999809265137,9.079999923706055,9.050000190734863,9.050100326538086,41885.0
2024-03-01 14:32:00,ISRG,397.2099914550781,397.2099914550781,397.6099853515625,397.2099914550781,397.6099853515625,3947.0
2024-03-01 14:32:00,ITCI,71.81999969482422,71.81999969482422,71.81999969482422,71.81999969482422,71.81999969482422,139.0
2024-03-01 14:32:00,IXHL,5.480000019073486,5.480000019073486,5.480000019073486,5.480000019073486,5.480000019073486,157.0
2024-03-01 14:32:00,JAGX,0.08990000188350677,0.08990000188350677,0.09179999679327011,0.08709999918937683,0.09139999747276306,1546195.0
2024-03-01 14:32:00,JANX,46.060001373291016,46.060001373291016,46.060001373291016,46.060001373291016,46.060001373291016,172.0
2024-03-01 14:32:00,JAZZ,118.93000030517578,118.93000030517578,118.95999908447266,118.9000015258789,118.9000015258789,1674.0
2024-03-01 14:32:00,KNSA,21.924999237060547,21.924999237060547,21.93000030517578,21.8799991607666,21.899999618530273,3703.0
2024-03-01 14:32:00,KNTE,2.5999999046325684,2.5999999046325684,2.5999999046325684,2.5999999046325684,2.5999999046325684,420.0
2024-03-01 14:32:00,KOD,6.050000190734863,6.050000190734863,6.050000190734863,6.045000076293945,6.050000190734863,708.0
2024-03-01 14:32:00,KPTI,1.1649999618530273,1.1649999618530273,1.169100046157837,1.160099983215332,1.1649999618530273,2683.0
2024-03-01 14:32:00,KRYS,169.36000061035156,169.36000061035156,169.44000244140625,169.27999877929688,169.42999267578125,1297.0
2024-03-01 14:32:00,KTRA,0.10109999775886536,0.10109999775886536,0.10249999910593033,0.10109999775886536,0.10249999910593033,12920.0
2024-03-01 14:32:00,KURA,21.895000457763672,21.895000457763672,21.895000457763672,21.895000457763672,21.895000457763672,407.0
2024-03-01 14:32:00,KYMR,44.130001068115234,44.130001068115234,44.13999938964844,44.03499984741211,44.040000915527344,2967.0
2024-03-01 14:32:00,KZR,1.065000057220459,1.065000057220459,1.0700000524520874,1.065000057220459,1.0700000524520874,40981.0
2024-03-01 14:32:00,LAB,2.4649999141693115,2.4649999141693115,2.4700000286102295,2.4649999141693115,2.4700000286102295,1431.0
2024-03-01 14:32:00,LEGN,65.19999694824219,65.19999694824219,65.19999694824219,65.19999694824219,65.19999694824219,114.0
2024-03-01 14:32:00,LEXX,2.8299999237060547,2.8299999237060547,2.8399999141693115,2.799999952316284,2.8299999237060547,2605.0
2024-03-01 14:32:00,LFMD,7.96999979019165,7.96999979019165,8.0,7.96999979019165,8.0,204.0
2024-03-01 14:32:00,LFST,7.735000133514404,7.735000133514404,7.735000133514404,7.724999904632568,7.730000019073486,2124.0
2024-03-01 14:32:00,LIVN,55.81999969482422,55.81999969482422,55.81999969482422,55.81999969482422,55.81999969482422,583.0
2024-03-01 14:32:00,LNTH,64.55000305175781,64.55000305175781,64.55999755859375,64.52999877929688,64.52999877929688,1053.0
2024-03-01 14:32:00,LPTX,2.859999895095825,2.859999895095825,2.859999895095825,2.859999895095825,2.859999895095825,219.0
2024-03-01 14:32:00,LQDA,14.680000305175781,14.680000305175781,14.680000305175781,14.670000076293945,14.670000076293945,940.0
2024-03-01 14:32:00,LRMR,11.309000015258789,11.309000015258789,11.309000015258789,11.309000015258789,11.309000015258789,130.0
2024-03-01 14:32:00,LUNG,9.505000114440918,9.505000114440918,9.510000228881836,9.5,9.5,3890.0
2024-03-01 14:32:00,LVTX,2.7850000858306885,2.7850000858306885,2.7850000858306885,2.7850000858306885,2.7850000858306885,512.0
2024-03-01 14:32:00,LXRX,2.515000104904175,2.515000104904175,2.5190000534057617,2.509999990463257,2.5190000534057617,1708.0
2024-03-01 14:32:00,LYEL,3.1649999618530273,3.1649999618530273,3.1649999618530273,3.1600000858306885,3.1600000858306885,5670.0
2024-03-01 14:32:00,LYRA,5.710000038146973,5.710000038146973,5.710000038146973,5.679999828338623,5.695000171661377,1100.0
2024-03-01 14:32:00,MCRB,1.2200000286102295,1.2200000286102295,1.2300000190734863,1.2200000286102295,1.2300000190734863,44105.0
2024-03-01 14:32:00,MDRX,6.03000020980835,6.03000020980835,6.050000190734863,6.0,6.050000190734863,139089.0
2024-03-01 14:32:00,MDWD,14.25,14.25,14.25,14.25,14.25,103.0
2024-03-01 14:32:00,MDXG,8.670000076293945,8.670000076293945,8.670000076293945,8.664999961853027,8.670000076293945,564.0
2024-03-01 14:32:00,ME,0.5608999729156494,0.5608999729156494,0.5640000104904175,0.5608999729156494,0.5609999895095825,3600.0
2024-03-01 14:32:00,MEDP,400.55999755859375,400.55999755859375,400.55999755859375,400.55999755859375,400.55999755859375,120.0
2024-03-01 14:32:00,MESO,2.0309998989105225,2.0309998989105225,2.0309998989105225,2.0309998989105225,2.0309998989105225,112.0
2024-03-01 14:32:00,MGNX,18.94499969482422,18.94499969482422,19.040000915527344,18.93000030517578,19.040000915527344,11244.0
2024-03-01 14:32:00,MHUA,0.704800009727478,0.704800009727478,0.704800009727478,0.704800009727478,0.704800009727478,100.0
2024-03-01 14:32:00,MIST,1.7000000476837158,1.7000000476837158,1.7000000476837158,1.7000000476837158,1.7000000476837158,290.0
2024-03-01 14:32:00,MLTX,50.63999938964844,50.63999938964844,50.63999938964844,50.6150016784668,50.63999938964844,733.0
2024-03-01 14:32:00,MNKD,4.550000190734863,4.550000190734863,4.550000190734863,4.545000076293945,4.545000076293945,1767.0
2024-03-01 14:32:00,MNMD,6.215000152587891,6.215000152587891,6.215000152587891,6.209099769592285,6.209099769592285,1177.0
2024-03-01 14:32:00,MNPR,0.8591510057449341,0.8591510057449341,0.8591510057449341,0.8591510057449341,0.8591510057449341,271.0
2024-03-01 14:32:00,MODD,1.8849999904632568,1.8849999904632568,1.8849999904632568,1.8849999904632568,1.8849999904632568,146.0
2024-03-01 14:32:00,MOR,17.576900482177734,17.576900482177734,17.576900482177734,17.576900482177734,17.576900482177734,779.0
2024-03-01 14:32:00,MORF,39.60329818725586,39.60329818725586,39.630001068115234,39.599998474121094,39.599998474121094,790.0
2024-03-01 14:32:00,MRAI,1.590000033378601,1.590000033378601,1.5901000499725342,1.590000033378601,1.5901000499725342,200.0
2024-03-01 14:32:00,MREO,3.978300094604492,3.978300094604492,3.992500066757202,3.9749999046325684,3.990000009536743,5632.0
2024-03-01 14:32:00,MRKR,3.700000047683716,3.700000047683716,3.700000047683716,3.700000047683716,3.700000047683716,204.0
2024-03-01 14:32:00,MRNA,95.32499694824219,95.32499694824219,95.3550033569336,95.29000091552734,95.34400177001953,5674.0
2024-03-01 14:32:00,MRSN,5.980000019073486,5.980000019073486,5.985000133514404,5.96999979019165,5.96999979019165,2479.0
2024-03-01 14:32:00,MRUS,51.13999938964844,51.13999938964844,51.13999938964844,51.13999938964844,51.13999938964844,456.0
2024-03-01 14:32:00,MRVI,7.755000114440918,7.755000114440918,7.755000114440918,7.75,7.75,665.0
2024-03-01 14:32:00,MYGN,22.149999618530273,22.149999618530273,22.149999618530273,22.139999389648438,22.139999389648438,561.0
2024-03-01 14:32:00,NARI,46.060001373291016,46.060001373291016,46.060001373291016,46.040000915527344,46.040000915527344,1391.0
2024-03-01 14:32:00,NBIX,131.7100067138672,131.7100067138672,131.7100067138672,131.6999969482422,131.6999969482422,591.0
2024-03-01 14:32:00,NCNA,0.32519999146461487,0.32519999146461487,0.32519999146461487,0.32519999146461487,0.32519999146461487,200.0
2024-03-01 14:32:00,NEO,16.079999923706055,16.079999923706055,16.079999923706055,16.079999923706055,16.079999923706055,100.0
2024-03-01 14:32:00,NEOG,17.3799991607666,17.3799991607666,17.395000457763672,17.3799991607666,17.395000457763672,1229.0
2024-03-01 14:32:00,NEPT,0.4239000082015991,0.4239000082015991,0.4239000082015991,0.4239000082015991,0.4239000082015991,502.0
2024-03-01 14:32:00,NERV,2.6600000858306885,2.6600000858306885,2.6600000858306885,2.6600000858306885,2.6600000858306885,546.0
2024-03-01 14:32:00,NGM,1.5199999809265137,1.5199999809265137,1.5199999809265137,1.5199999809265137,1.5199999809265137,300.0
2024-03-01 14:32:00,NKTR,0.7789999842643738,0.7789999842643738,0.7789999842643738,0.7746999859809875,0.7768499851226807,15023.0
2024-03-01 14:32:00,NKTX,12.600000381469727,12.600000381469727,12.600000381469727,12.600000381469727,12.600000381469727,1384.0
2024-03-01 14:32:00,NNOX,10.760000228881836,10.760000228881836,10.770099639892578,10.75,10.76990032196045,36719.0
2024-03-01 14:32:00,NOTV,7.96619987487793,7.96619987487793,7.96619987487793,7.96619987487793,7.96619987487793,325.0
2024-03-01 14:32:00,NRBO,6.25,6.25,6.28000020980835,6.25,6.25,1765.0
2024-03-01 14:32:00,NRIX,13.569999694824219,13.569999694824219,13.569999694824219,13.5600004196167,13.5600004196167,671.0
2024-03-01 14:32:00,NRSN,2.0399999618530273,2.0399999618530273,2.0399999618530273,2.0399999618530273,2.0399999618530273,996.0
2024-03-01 14:32:00,NRXP,0.41999998688697815,0.41999998688697815,0.41999998688697815,0.4156999886035919,0.41780000925064087,10469.0
2024-03-01 14:32:00,NTLA,33.45000076293945,33.45000076293945,33.46500015258789,33.45000076293945,33.46500015258789,2667.0
2024-03-01 14:32:00,NTRA,89.27999877929688,89.27999877929688,89.29000091552734,89.13749694824219,89.13999938964844,7696.0
2024-03-01 14:32:00,NURO,3.950000047683716,3.950000047683716,3.950000047683716,3.950000047683716,3.950000047683716,102.0
2024-03-01 14:32:00,NVAX,5.271100044250488,5.271100044250488,5.28000020980835,5.269999980926514,5.277500152587891,22709.0
2024-03-01 14:32:00,NXTC,1.8243000507354736,1.8243000507354736,1.8300000429153442,1.8243000507354736,1.8300000429153442,2500.0
2024-03-01 14:32:00,OCGN,0.9523000121116638,0.9523000121116638,0.9523000121116638,0.9523000121116638,0.9523000121116638,4943.0
2024-03-01 14:32:00,OCUL,10.694000244140625,10.694000244140625,10.694899559020996,10.6899995803833,10.6899995803833,2778.0
2024-03-01 14:32:00,OCUP,2.484999895095825,2.484999895095825,2.484999895095825,2.484999895095825,2.484999895095825,680.0
2024-03-01 14:32:00,OFIX,12.90999984741211,12.90999984741211,12.90999984741211,12.90999984741211,12.90999984741211,877.0
2024-03-01 14:32:00,OLK,23.045000076293945,23.045000076293945,23.045000076293945,23.040000915527344,23.040000915527344,933.0
2024-03-01 14:32:00,OLMA,14.949999809265137,14.949999809265137,14.949999809265137,14.90999984741211,14.90999984741211,27238.0
2024-03-01 14:32:00,OMCL,26.584999084472656,26.584999084472656,26.610000610351562,26.559999465942383,26.600000381469727,1286.0
2024-03-01 14:32:00,OMGA,4.400000095367432,4.400000095367432,4.400000095367432,4.400000095367432,4.400000095367432,135.0
2024-03-01 14:33:00,AADI,1.9700000286102295,1.9700000286102295,1.9700000286102295,1.9700000286102295,1.9700000286102295,106.0
2024-03-01 14:33:00,ABCL,5.150000095367432,5.150000095367432,5.150000095367432,5.150000095367432,5.150000095367432,289.0
2024-03-01 14:33:00,ABOS,4.644999980926514,4.644999980926514,4.644999980926514,4.644999980926514,4.644999980926514,110.0
2024-03-01 14:33:00,ABSI,5.539999961853027,5.539999961853027,5.569799900054932,5.539999961853027,5.569799900054932,13645.0
2024-03-01 14:33:00,ACAD,24.145000457763672,24.145000457763672,24.145000457763672,24.125,24.145000457763672,4333.0
2024-03-01 14:33:00,ACET,2.3949999809265137,2.3949999809265137,2.4000000953674316,2.390000104904175,2.4000000953674316,5389.0
2024-03-01 14:33:00,ACHC,84.41999816894531,84.41999816894531,84.4749984741211,84.41999816894531,84.4749984741211,1113.0
2024-03-01 14:33:00,ACHL,1.3601000308990479,1.3601000308990479,1.3609999418258667,1.3600000143051147,1.3600000143051147,5716.0
2024-03-01 14:33:00,ACHV,4.360000133514404,4.360000133514404,4.360000133514404,4.349999904632568,4.349999904632568,300.0
2024-03-01 14:33:00,ACLX,68.61499786376953,68.61499786376953,68.61499786376953,68.61499786376953,68.61499786376953,248.0
2024-03-01 14:33:00,ACRS,1.2300000190734863,1.2300000190734863,1.2300000190734863,1.2300000190734863,1.2300000190734863,220.0
2024-03-01 14:33:00,ADIL,3.009999990463257,3.009999990463257,3.109999895095825,2.940000057220459,3.069999933242798,218578.0
2024-03-01 14:33:00,ADMA,5.545000076293945,5.545000076293945,5.545000076293945,5.545000076293945,5.545000076293945,785.0
2024-03-01 14:33:00,ADPT,4.099999904632568,4.099999904632568,4.110000133514404,4.099999904632568,4.110000133514404,1381.0
2024-03-01 14:33:00,ADUS,93.90499877929688,93.90499877929688,93.91500091552734,93.81999969482422,93.8499984741211,2038.0
2024-03-01 14:33:00,ADVM,1.9800000190734863,1.9800000190734863,1.9850000143051147,1.9800000190734863,1.9800000190734863,4622.0
2024-03-01 14:33:00,AFMD,0.6700999736785889,0.6700999736785889,0.6700999736785889,0.6700999736785889,0.6700999736785889,100.0
2024-03-01 14:33:00,AGEN,0.670074999332428,0.670074999332428,0.670074999332428,0.6700000166893005,0.6700500249862671,2147.0
2024-03-01 14:33:00,AGIO,32.619998931884766,32.619998931884766,32.66999816894531,32.61000061035156,32.65999984741211,2181.0
2024-03-01 14:33:00,AHCO,10.484999656677246,10.484999656677246,10.520000457763672,10.484999656677246,10.489999771118164,14786.0
2024-03-01 14:33:00,AKBA,1.6799999475479126,1.6799999475479126,1.6799999475479126,1.6799999475479126,1.6799999475479126,433.0
2024-03-01 14:33:00,AKRO,29.25,29.25,29.290000915527344,29.25,29.290000915527344,486.0
2024-03-01 14:33:00,AKYA,6.039999961853027,6.039999961853027,6.039999961853027,6.039999961853027,6.039999961853027,114.0
2024-03-01 14:33:00,ALDX,4.299799919128418,4.299799919128418,4.300000190734863,4.295000076293945,4.295000076293945,969.0
2024-03-01 14:33:00,ALEC,7.477499961853027,7.477499961853027,7.477499961853027,7.477499961853027,7.477499961853027,129.0
2024-03-01 14:33:00,ALHC,5.739999771118164,5.739999771118164,5.755000114440918,5.730000019073486,5.75,21304.0
2024-03-01 14:33:00,ALKS,30.290000915527344,30.290000915527344,30.299999237060547,30.264999389648438,30.264999389648438,6180.0
2024-03-01 14:33:00,ALLK,1.6519999504089355,1.6519999504089355,1.659999966621399,1.649999976158142,1.659999966621399,7361.0
2024-03-01 14:33:00,ALLO,5.010000228881836,5.010000228881836,5.0106000900268555,5.010000228881836,5.010000228881836,1348.0
2024-03-01 14:33:00,ALNY,153.44000244140625,153.44000244140625,153.44000244140625,153.3699951171875,153.3699951171875,516.0
2024-03-01 14:33:00,ALPN,36.209999084472656,36.209999084472656,36.22999954223633,36.209999084472656,36.209999084472656,1170.0
2024-03-01 14:33:00,ALT,12.039999961853027,12.039999961853027,12.0600004196167,12.029999732971191,12.055000305175781,7686.0
2024-03-01 14:33:00,ALXO,15.055000305175781,15.055000305175781,15.069999694824219,15.050000190734863,15.050000190734863,1132.0
2024-03-01 14:33:00,AMGN,280.96990966796875,280.96990966796875,280.9700012207031,280.8999938964844,280.9700012207031,3692.0
2024-03-01 14:33:00,AMLX,18.739999771118164,18.739999771118164,18.739999771118164,18.639999389648438,18.639999389648438,12854.0
2024-03-01 14:33:00,AMPH,45.56999969482422,45.56999969482422,45.56999969482422,45.547000885009766,45.56999969482422,1103.0
2024-03-01 14:33:00,AMRN,1.059999942779541,1.059999942779541,1.059999942779541,1.0549999475479126,1.0549999475479126,2016.0
2024-03-01 14:33:00,ANGO,5.5,5.5,5.5,5.5,5.5,963.0
2024-03-01 14:33:00,ANNX,6.099999904632568,6.099999904632568,6.105000019073486,6.099999904632568,6.105000019073486,4072.0
2024-03-01 14:33:00,APLS,64.44999694824219,64.44999694824219,64.44999694824219,64.41000366210938,64.41000366210938,2555.0
2024-03-01 14:33:00,APLT,7.079999923706055,7.079999923706055,7.090000152587891,7.079999923706055,7.081699848175049,1865.0
2024-03-01 14:33:00,AQST,4.129899978637695,4.129899978637695,4.129899978637695,4.119999885559082,4.120999813079834,5848.0
2024-03-01 14:33:00,ARDX,9.5,9.5,9.5,9.479999542236328,9.484999656677246,4856.0
2024-03-01 14:33:00,ARQT,11.579999923706055,11.579999923706055,11.600000381469727,11.579999923706055,11.600000381469727,7536.0
2024-03-01 14:33:00,ARVN,48.5,48.5,48.595001220703125,48.5,48.595001220703125,328.0
2024-03-01 14:33:00,ARWR,35.29999923706055,35.29999923706055,35.29999923706055,35.209999084472656,35.23500061035156,4211.0
2024-03-01 14:33:00,ASND,153.32000732421875,153.32000732421875,153.32000732421875,153.32000732421875,153.32000732421875,159.0
2024-03-01 14:33:00,ATAI,2.1610000133514404,2.1610000133514404,2.1610000133514404,2.1600000858306885,2.1600000858306885,3250.0
2024-03-01 14:33:00,ATEC,13.404999732971191,13.404999732971191,13.404999732971191,13.399999618530273,13.404999732971191,2997.0
2024-03-01 14:33:00,ATRA,0.7910000085830688,0.7910000085830688,0.7935000061988831,0.7910000085830688,0.7935000061988831,794.0
2024-03-01 14:33:00,ATRC,35.994998931884766,35.994998931884766,36.029998779296875,35.994998931884766,36.029998779296875,686.0
2024-03-01 14:33:00,ATXS,14.9399995803833,14.9399995803833,14.9399995803833,14.9350004196167,14.9350004196167,518.0
2024-03-01 14:33:00,AUGX,4.53000020980835,4.53000020980835,4.53000020980835,4.519999980926514,4.519999980926514,200.0
2024-03-01 14:33:00,AUPH,5.815000057220459,5.815000057220459,5.815000057220459,5.815000057220459,5.815000057220459,200.0
2024-03-01 14:33:00,AUTL,6.340000152587891,6.340000152587891,6.349999904632568,6.340000152587891,6.349999904632568,4462.0
2024-03-01 14:33:00,AVDL,13.255000114440918,13.255000114440918,13.260000228881836,13.25,13.25,5695.0
2024-03-01 14:33:00,AVRO,1.3450000286102295,1.3450000286102295,1.3450000286102295,1.3450000286102295,1.3450000286102295,6124.0
2024-03-01 14:33:00,AVXL,5.364999771118164,5.364999771118164,5.364999771118164,5.364999771118164,5.364999771118164,129.0
2024-03-01 14:33:00,AWH,3.9800000190734863,3.9800000190734863,3.9800000190734863,3.9800000190734863,3.9800000190734863,202.0
2024-03-01 14:33:00,AXNX,67.45999908447266,67.45999908447266,67.45999908447266,67.43000030517578,67.44000244140625,2482.0
2024-03-01 14:33:00,AXSM,82.27999877929688,82.27999877929688,82.27999877929688,82.27999877929688,82.27999877929688,210.0
2024-03-01 14:33:00,AZN,64.6500015258789,64.6500015258789,64.66000366210938,64.6500015258789,64.66000366210938,2477.0
2024-03-01 14:33:00,AZTA,66.97000122070312,66.97000122070312,66.97000122070312,66.97000122070312,66.97000122070312,103.0
2024-03-01 14:33:00,BBIO,36.0,36.0,36.029998779296875,36.0,36.029998779296875,1341.0
2024-03-01 14:33:00,BBLG,2.380000114440918,2.380000114440918,2.4600000381469727,2.380000114440918,2.4600000381469727,731.0
2024-03-01 14:33:00,BCAB,2.765000104904175,2.765000104904175,2.765000104904175,2.759999990463257,2.759999990463257,827.0
2024-03-01 14:33:00,BCEL,0.26899999380111694,0.26899999380111694,0.26899999380111694,0.26899999380111694,0.26899999380111694,850.0
2024-03-01 14:33:00,BCLI,0.3499999940395355,0.3499999940395355,0.3499999940395355,0.3499999940395355,0.3499999940395355,114.0
2024-03-01 14:33:00,BCRX,5.715000152587891,5.715000152587891,5.71999979019165,5.710000038146973,5.71999979019165,9185.0
2024-03-01 14:33:00,BEAM,39.95500183105469,39.95500183105469,40.005001068115234,39.95500183105469,40.005001068115234,2386.0
2024-03-01 14:33:00,BGXX,0.2554509937763214,0.2554509937763214,0.2554509937763214,0.2554509937763214,0.2554509937763214,274.0
2024-03-01 14:33:00,BIIB,221.05999755859375,221.05999755859375,221.1510009765625,221.05999755859375,221.1510009765625,2204.0
2024-03-01 14:33:00,BIOL,0.14399999380111694,0.14399999380111694,0.14399999380111694,0.14329999685287476,0.14329999685287476,56031.0
2024-03-01 14:33:00,BIOR,1.1101000308990479,1.1101000308990479,1.1101000308990479,1.1101000308990479,1.1101000308990479,211.0
2024-03-01 14:33:00,BIVI,2.0399999618530273,2.0399999618530273,2.049999952316284,2.015000104904175,2.0199999809265137,45298.0
2024-03-01 14:33:00,BLFS,18.139999389648438,18.139999389648438,18.15999984741211,18.139999389648438,18.15999984741211,444.0
2024-03-01 14:33:00,BLUE,1.5950000286102295,1.5950000286102295,1.5950000286102295,1.590000033378601,1.5901000499725342,8944.0
2024-03-01 14:33:00,BMEA,18.31999969482422,18.31999969482422,18.31999969482422,18.270000457763672,18.270000457763672,2278.0
2024-03-01 14:33:00,BMRN,88.00499725341797,88.00499725341797,88.05000305175781,88.00499725341797,88.01000213623047,1304.0
2024-03-01 14:33:00,BNGO,1.2599999904632568,1.2599999904632568,1.2599999904632568,1.2599999904632568,1.2599999904632568,469.0
2024-03-01 14:33:00,BNTX,91.12999725341797,91.12999725341797,91.18000030517578,91.08499908447266,91.18000030517578,1868.0
2024-03-01 14:33:00,BPTH,6.09499979019165,6.09499979019165,6.09499979019165,6.09499979019165,6.09499979019165,297.0
2024-03-01 14:33:00,BRKR,88.58999633789062,88.58999633789062,88.69000244140625,88.58999633789062,88.69000244140625,3354.0
2024-03-01 14:33:00,BTTX,0.18289999663829803,0.18289999663829803,0.18289999663829803,0.18289999663829803,0.18289999663829803,500.0
2024-03-01 14:33:00,CABA,24.024999618530273,24.024999618530273,24.024999618530273,24.024999618530273,24.024999618530273,661.0
2024-03-01 14:33:00,CARA,0.9300500154495239,0.9300500154495239,0.9300500154495239,0.9300500154495239,0.9300500154495239,100.0
2024-03-01 14:33:00,CBAY,32.22999954223633,32.22999954223633,32.22999954223633,32.220001220703125,32.224998474121094,2637.0
2024-03-01 14:33:00,CCCC,11.0,11.0,11.0,10.984999656677246,10.989999771118164,1359.0
2024-03-01 14:33:00,CCRN,18.219999313354492,18.219999313354492,18.225000381469727,18.219999313354492,18.225000381469727,949.0
2024-03-01 14:33:00,CDMO,8.199999809265137,8.199999809265137,8.199999809265137,8.1899995803833,8.1899995803833,25335.0
2024-03-01 14:33:00,CDNA,12.710000038146973,12.710000038146973,12.744999885559082,12.6899995803833,12.744999885559082,9029.0
2024-03-01 14:33:00,CDTX,0.7387999892234802,0.7387999892234802,0.7387999892234802,0.7200000286102295,0.7200000286102295,20400.0
2024-03-01 14:33:00,CDXS,4.550000190734863,4.550000190734863,4.559999942779541,4.550000190734863,4.550000190734863,1231.0
2024-03-01 14:33:00,CELC,16.924999237060547,16.924999237060547,16.924999237060547,16.895000457763672,16.895000457763672,11848.0
2024-03-01 14:33:00,CERE,41.095001220703125,41.095001220703125,41.095001220703125,41.095001220703125,41.095001220703125,376.0
2024-03-01 14:33:00,CERS,2.184999942779541,2.184999942779541,2.184999942779541,2.184999942779541,2.184999942779541,184.0
2024-03-01 14:33:00,CERT,18.079999923706055,18.079999923706055,18.09830093383789,18.079999923706055,18.090599060058594,1815.0
2024-03-01 14:33:00,CGC,3.2200000286102295,3.2200000286102295,3.2200000286102295,3.2200000286102295,3.2200000286102295,2190.0
2024-03-01 14:33:00,CGEM,18.709999084472656,18.709999084472656,18.739999771118164,18.709999084472656,18.739999771118164,269.0
2024-03-01 14:33:00,CHRS,2.4100000858306885,2.4100000858306885,2.4149999618530273,2.4100000858306885,2.4149999618530273,4937.0
2024-03-01 14:33:00,CKPT,2.2184998989105225,2.2184998989105225,2.2184998989105225,2.190000057220459,2.190000057220459,200.0
2024-03-01 14:33:00,CLDX,51.84000015258789,51.84000015258789,52.220001220703125,51.84000015258789,52.209999084472656,6524.0
2024-03-01 14:33:00,CLNN,0.38454899191856384,0.38454899191856384,0.38499999046325684,0.38454899191856384,0.38499999046325684,5703.0
2024-03-01 14:33:00,CLOV,0.8699749708175659,0.8699749708175659,0.8699749708175659,0.8684999942779541,0.8694000244140625,2532.0
2024-03-01 14:33:00,CLPT,6.440000057220459,6.440000057220459,6.440000057220459,6.440000057220459,6.440000057220459,856.0
2024-03-01 14:33:00,CLRB,4.079999923706055,4.079999923706055,4.079999923706055,4.079999923706055,4.079999923706055,1520.0
2024-03-01 14:33:00,CLSD,1.3870999813079834,1.3870999813079834,1.3870999813079834,1.3870999813079834,1.3870999813079834,570.0
2024-03-01 14:33:00,CMMB,0.6600000262260437,0.6600000262260437,0.6600000262260437,0.6600000262260437,0.6600000262260437,100.0
2024-03-01 14:33:00,CMPS,11.729999542236328,11.729999542236328,11.729999542236328,11.710000038146973,11.71500015258789,2319.0
2024-03-01 14:33:00,CMPX,1.8700000047683716,1.8700000047683716,1.8700000047683716,1.8700000047683716,1.8700000047683716,623.0
2024-03-01 14:33:00,COCP,1.475000023841858,1.475000023841858,1.475000023841858,1.475000023841858,1.475000023841858,178.0
2024-03-01 14:33:00,COGT,7.215000152587891,7.215000152587891,7.215000152587891,7.204999923706055,7.210000038146973,2503.0
2024-03-01 14:33:00,COLL,36.5,36.5,36.5,36.5,36.5,1343.0
2024-03-01 14:33:00,CORT,24.25,24.25,24.260000228881836,24.25,24.260000228881836,1913.0
2024-03-01 14:33:00,CPRX,17.174999237060547,17.174999237060547,17.174999237060547,17.135000228881836,17.135000228881836,7383.0
2024-03-01 14:33:00,CPSI,9.449999809265137,9.449999809265137,9.460000038146973,9.449999809265137,9.449999809265137,2595.0
2024-03-01 14:33:00,CRBU,7.90500020980835,7.90500020980835,7.909999847412109,7.90500020980835,7.909999847412109,1678.0
2024-03-01 14:33:00,CRDF,2.565000057220459,2.565000057220459,2.5999999046325684,2.5199999809265137,2.5999999046325684,26755.0
2024-03-01 14:33:00,CRMD,3.680000066757202,3.680000066757202,3.680000066757202,3.680000066757202,3.680000066757202,100.0
2024-03-01 14:33:00,CRNX,46.154998779296875,46.154998779296875,46.154998779296875,46.154998779296875,46.154998779296875,394.0
2024-03-01 14:33:00,CRON,2.0399999618530273,2.0399999618530273,2.0499000549316406,2.0399999618530273,2.049799919128418,3475.0
2024-03-01 14:33:00,CRSP,85.24549865722656,85.24549865722656,85.27999877929688,85.19999694824219,85.27999877929688,2827.0
2024-03-01 14:33:00,CRVS,2.180000066757202,2.180000066757202,2.190000057220459,2.1700000762939453,2.1898999214172363,3347.0
2024-03-01 14:33:00,CSTL,19.73080062866211,19.73080062866211,19.73080062866211,19.73080062866211,19.73080062866211,241.0
2024-03-01 14:33:00,CTKB,9.005000114440918,9.005000114440918,9.010000228881836,9.005000114440918,9.005000114440918,445.0
2024-03-01 14:33:00,CTMX,2.5450000762939453,2.5450000762939453,2.5450000762939453,2.5399999618530273,2.5399999618530273,1200.0
2024-03-01 14:33:00,CUTR,2.3798999786376953,2.3798999786376953,2.380000114440918,2.375,2.380000114440918,4278.0
2024-03-01 14:33:00,CVAC,3.4749999046325684,3.4749999046325684,3.4749999046325684,3.4749999046325684,3.4749999046325684,1005.0
2024-03-01 14:33:00,CYTK,73.56500244140625,73.56500244140625,73.5999984741211,73.56500244140625,73.5999984741211,983.0
2024-03-01 14:33:00,CYTO,2.2172000408172607,2.2172000408172607,2.240000009536743,2.2172000408172607,2.240000009536743,592.0
2024-03-01 14:33:00,DAWN,17.725000381469727,17.725000381469727,17.725000381469727,17.719999313354492,17.719999313354492,954.0
2024-03-01 14:33:00,DCGO,4.130000114440918,4.130000114440918,4.130000114440918,4.130000114440918,4.130000114440918,522.0
2024-03-01 14:33:00,DCPH,17.649999618530273,17.649999618530273,17.658899307250977,17.649999618530273,17.649999618530273,633.0
2024-03-01 14:33:00,DH,8.920000076293945,8.920000076293945,8.944999694824219,8.920000076293945,8.944999694824219,2099.0
2024-03-01 14:33:00,DMTK,0.8499000072479248,0.8499000072479248,0.8499000072479248,0.8399999737739563,0.8399999737739563,1165.0
2024-03-01 14:33:00,DNLI,21.329999923706055,21.329999923706055,21.329999923706055,21.290000915527344,21.290000915527344,3086.0
2024-03-01 14:33:00,DTIL,12.454999923706055,12.454999923706055,12.470000267028809,12.454999923706055,12.470000267028809,200.0
2024-03-01 14:33:00,DVAX,12.835000038146973,12.835000038146973,12.835000038146973,12.835000038146973,12.835000038146973,606.0
2024-03-01 14:33:00,DXCM,121.68000030517578,121.68000030517578,121.70999908447266,121.61000061035156,121.62999725341797,5111.0
2024-03-01 14:33:00,DYN,29.139999389648438,29.139999389648438,29.139999389648438,29.139999389648438,29.139999389648438,745.0
2024-03-01 14:33:00,EDIT,10.854999542236328,10.854999542236328,10.869999885559082,10.850000381469727,10.869999885559082,2555.0
2024-03-01 14:33:00,EFTR,16.15999984741211,16.15999984741211,16.15999984741211,16.15999984741211,16.15999984741211,327.0
2024-03-01 14:33:00,EGRX,6.675000190734863,6.675000190734863,6.690000057220459,6.675000190734863,6.690000057220459,341.0
2024-03-01 14:33:00,ELEV,5.099999904632568,5.099999904632568,5.099999904632568,5.090000152587891,5.099999904632568,1424.0
2024-03-01 14:33:00,EMBC,14.295000076293945,14.295000076293945,14.300000190734863,14.295000076293945,14.300000190734863,1232.0
2024-03-01 14:33:00,ENSC,0.9279000163078308,0.9279000163078308,0.9279000163078308,0.9279000163078308,0.9279000163078308,201.0
2024-03-01 14:33:00,ENSG,121.91999816894531,121.91999816894531,121.91999816894531,121.91999816894531,121.91999816894531,200.0
2024-03-01 14:33:00,ENTA,15.510000228881836,15.510000228881836,15.510000228881836,15.420000076293945,15.420000076293945,4508.0
2024-03-01 14:33:00,ENVB,1.5199999809265137,1.5199999809265137,1.5199999809265137,1.5149999856948853,1.5199999809265137,541.0
2024-03-01 14:33:00,EPIX,9.460000038146973,9.460000038146973,9.460000038146973,9.460000038146973,9.460000038146973,126.0
2024-03-01 14:33:00,ESPR,2.555000066757202,2.555000066757202,2.555000066757202,2.555000066757202,2.555000066757202,2478.0
2024-03-01 14:33:00,ESTA,43.66999816894531,43.66999816894531,43.66999816894531,43.350101470947266,43.665000915527344,1582.0
2024-03-01 14:33:00,ETNB,12.930000305175781,12.930000305175781,12.930000305175781,12.899999618530273,12.899999618530273,7617.0
2024-03-01 14:33:00,EVGN,0.9750000238418579,0.9750000238418579,0.9750000238418579,0.9750000238418579,0.9750000238418579,937.0
2024-03-01 14:33:00,EWTX,16.969999313354492,16.969999313354492,16.969999313354492,16.969999313354492,16.969999313354492,267.0
2024-03-01 14:33:00,EXAI,6.659999847412109,6.659999847412109,6.659999847412109,6.659999847412109,6.659999847412109,340.0
2024-03-01 14:33:00,EXAS,60.09000015258789,60.09000015258789,60.1349983215332,60.084999084472656,60.1349983215332,2431.0
2024-03-01 14:33:00,EXEL,22.385000228881836,22.385000228881836,22.389999389648438,22.3799991607666,22.3799991607666,2241.0
2024-03-01 14:33:00,EYEN,2.369999885559082,2.369999885559082,2.3782999515533447,2.369999885559082,2.3782999515533447,2370.0
2024-03-01 14:33:00,EYPT,27.8799991607666,27.8799991607666,27.8799991607666,27.8799991607666,27.8799991607666,407.0
2024-03-01 14:33:00,FATE,7.764999866485596,7.764999866485596,7.765500068664551,7.764999866485596,7.765500068664551,428.0
2024-03-01 14:33:00,FBIO,2.3798999786376953,2.3798999786376953,2.3798999786376953,2.375,2.375,5101.0
2024-03-01 14:33:00,FDMT,29.3700008392334,29.3700008392334,29.3700008392334,29.360000610351562,29.360000610351562,674.0
2024-03-01 14:33:00,FGEN,1.850000023841858,1.850000023841858,1.850000023841858,1.850000023841858,1.850000023841858,936.0
2024-03-01 14:33:00,FIXX,0.9286999702453613,0.9286999702453613,0.9286999702453613,0.9286999702453613,0.9286999702453613,100.0
2024-03-01 14:33:00,FLGC,1.1622999906539917,1.1622999906539917,1.1622999906539917,1.1399999856948853,1.159999966621399,1674.0
2024-03-01 14:33:00,FOLD,13.375,13.375,13.380000114440918,13.375,13.380000114440918,5895.0
2024-03-01 14:33:00,FULC,11.0,11.0,11.0,11.0,11.0,1616.0
2024-03-01 14:33:00,FUSN,12.220000267028809,12.220000267028809,12.220000267028809,12.220000267028809,12.220000267028809,808.0
2024-03-01 14:33:00,GANX,4.599999904632568,4.599999904632568,4.599999904632568,4.599999904632568,4.599999904632568,132.0
2024-03-01 14:33:00,GBIO,2.625,2.625,2.625,2.625,2.625,100.0
2024-03-01 14:33:00,GDRX,8.414999961853027,8.414999961853027,8.420000076293945,8.40999984741211,8.419400215148926,5159.0
2024-03-01 14:33:00,GEG,1.995300054550171,1.995300054550171,1.995300054550171,1.995300054550171,1.995300054550171,1844.0
2024-03-01 14:33:00,GERN,2.244999885559082,2.244999885559082,2.244999885559082,2.240000009536743,2.244999885559082,39383.0
2024-03-01 14:33:00,GH,19.1200008392334,19.1200008392334,19.145000457763672,19.1200008392334,19.145000457763672,2781.0
2024-03-01 14:33:00,GILD,72.38999938964844,72.38999938964844,72.41999816894531,72.38999938964844,72.41999816894531,6059.0
2024-03-01 14:33:00,GLMD,0.4090000092983246,0.4090000092983246,0.4099999964237213,0.40389999747276306,0.40400001406669617,22845.0
2024-03-01 14:33:00,GLTO,0.7998999953269958,0.7998999953269958,0.7998999953269958,0.7998999953269958,0.7998999953269958,100.0
2024-03-01 14:33:00,GMAB,29.40999984741211,29.40999984741211,29.40999984741211,29.405000686645508,29.40999984741211,1015.0
2024-03-01 14:33:00,GNPX,4.585899829864502,4.585899829864502,4.585899829864502,4.550000190734863,4.550000190734863,559.0
2024-03-01 14:33:00,GOSS,1.4149999618530273,1.4149999618530273,1.4149999618530273,1.409999966621399,1.409999966621399,205.0
2024-03-01 14:33:00,GRPH,3.424999952316284,3.424999952316284,3.424999952316284,3.424999952316284,3.424999952316284,210.0
2024-03-01 14:33:00,GRTS,2.015000104904175,2.015000104904175,2.01990008354187,2.009999990463257,2.009999990463257,10131.0
2024-03-01 14:33:00,GRTX,0.23360000550746918,0.23360000550746918,0.23360000550746918,0.23330000042915344,0.23330000042915344,200.0
2024-03-01 14:33:00,GTHX,3.7699999809265137,3.7699999809265137,3.7699999809265137,3.759999990463257,3.759999990463257,4679.0
2024-03-01 14:33:00,HALO,41.380001068115234,41.380001068115234,41.380001068115234,41.310001373291016,41.34000015258789,5609.0
2024-03-01 14:33:00,HARP,22.9424991607666,22.9424991607666,22.9424991607666,22.940000534057617,22.940000534057617,490.0
2024-03-01 14:33:00,HCAT,8.1899995803833,8.1899995803833,8.199999809265137,8.1899995803833,8.199999809265137,367.0
2024-03-01 14:33:00,HCSG,12.670299530029297,12.670299530029297,12.670299530029297,12.670000076293945,12.670000076293945,401.0
2024-03-01 14:33:00,HCTI,2.0,2.0,2.0299999713897705,2.0,2.020400047302246,3797.0
2024-03-01 14:33:00,HOLX,74.37000274658203,74.37000274658203,74.4000015258789,74.37000274658203,74.4000015258789,720.0
2024-03-01 14:33:00,HOOK,0.7851009964942932,0.7851009964942932,0.7851009964942932,0.7851009964942932,0.7851009964942932,1010.0
2024-03-01 14:33:00,HROW,10.880000114440918,10.880000114440918,10.880000114440918,10.880000114440918,10.880000114440918,947.0
2024-03-01 14:33:00,HRTX,2.615000009536743,2.615000009536743,2.619999885559082,2.615000009536743,2.6198999881744385,8615.0
2024-03-01 14:33:00,HSIC,76.79000091552734,76.79000091552734,76.80999755859375,76.79000091552734,76.80999755859375,1909.0
2024-03-01 14:33:00,HSTM,27.309999465942383,27.309999465942383,27.309999465942383,27.309999465942383,27.309999465942383,100.0
2024-03-01 14:33:00,HUMA,3.2249999046325684,3.2249999046325684,3.2300000190734863,3.2200000286102295,3.2249999046325684,15822.0
2024-03-01 14:33:00,IART,36.27000045776367,36.27000045776367,36.279998779296875,36.27000045776367,36.279998779296875,567.0
2024-03-01 14:33:00,IBRX,4.885000228881836,4.885000228881836,4.889999866485596,4.885000228881836,4.889999866485596,1382.0
2024-03-01 14:33:00,ICLR,324.42999267578125,324.42999267578125,324.42999267578125,324.42999267578125,324.42999267578125,358.0
2024-03-01 14:33:00,ICUI,106.40499877929688,106.40499877929688,106.40499877929688,106.40499877929688,106.40499877929688,196.0
2024-03-01 14:33:00,IDXX,579.510009765625,579.510009765625,580.1199951171875,579.510009765625,580.1199951171875,380.0
2024-03-01 14:33:00,IINN,1.6799999475479126,1.6799999475479126,1.6891000270843506,1.6799999475479126,1.6891000270843506,303.0
2024-03-01 14:33:00,IKNA,1.4900000095367432,1.4900000095367432,1.4900000095367432,1.4900000095367432,1.4900000095367432,185.0
2024-03-01 14:33:00,ILMN,141.6999969482422,141.6999969482422,141.7899932861328,141.64500427246094,141.7899932861328,3887.0
2024-03-01 14:33:00,IMMX,3.509999990463257,3.509999990463257,3.5179998874664307,3.509999990463257,3.5179998874664307,301.0
2024-03-01 14:33:00,IMNM,25.29490089416504,25.29490089416504,25.29490089416504,25.29490089416504,25.29490089416504,201.0
2024-03-01 14:33:00,IMTX,12.869999885559082,12.869999885559082,12.869999885559082,12.869999885559082,12.869999885559082,263.0
2024-03-01 14:33:00,IMUX,1.4700000286102295,1.4700000286102295,1.4797999858856201,1.4700000286102295,1.4797999858856201,1240.0
2024-03-01 14:33:00,IMVT,35.79999923706055,35.79999923706055,35.79999923706055,35.790000915527344,35.790000915527344,437.0
2024-03-01 14:33:00,INCY,59.15999984741211,59.15999984741211,59.20000076293945,59.150001525878906,59.20000076293945,6358.0
2024-03-01 14:33:00,INGN,6.730000019073486,6.730000019073486,6.760000228881836,6.730000019073486,6.760000228881836,2434.0
2024-03-01 14:33:00,INMD,22.889999389648438,22.889999389648438,22.915000915527344,22.889999389648438,22.915000915527344,3460.0
2024-03-01 14:33:00,INSM,28.1200008392334,28.1200008392334,28.1299991607666,28.09000015258789,28.09000015258789,4991.0
2024-03-01 14:33:00,INVA,15.475000381469727,15.475000381469727,15.475000381469727,15.475000381469727,15.475000381469727,673.0
2024-03-01 14:33:00,INZY,6.619999885559082,6.619999885559082,6.620100021362305,6.619999885559082,6.620100021362305,2973.0
2024-03-01 14:33:00,IONS,46.0099983215332,46.0099983215332,46.0099983215332,46.0,46.0,1823.0
2024-03-01 14:33:00,IOVA,16.979999542236328,16.979999542236328,17.0,16.969999313354492,17.0,20969.0
2024-03-01 14:33:00,IPA,1.899999976158142,1.899999976158142,1.899999976158142,1.8799999952316284,1.8799999952316284,2867.0
2024-03-01 14:33:00,IPSC,3.930000066757202,3.930000066757202,3.930000066757202,3.930000066757202,3.930000066757202,397.0
2024-03-01 14:33:00,IRTC,120.99500274658203,120.99500274658203,120.99500274658203,120.99500274658203,120.99500274658203,133.0
2024-03-01 14:33:00,IRWD,9.085000038146973,9.085000038146973,9.09000015258789,9.074999809265137,9.074999809265137,12392.0
2024-03-01 14:33:00,ISRG,397.05999755859375,397.05999755859375,397.2149963378906,397.0400085449219,397.1099853515625,3980.0
2024-03-01 14:33:00,ITCI,71.86000061035156,71.86000061035156,71.86000061035156,71.83000183105469,71.83000183105469,1082.0
2024-03-01 14:33:00,ITOS,11.348899841308594,11.348899841308594,11.348899841308594,11.348899841308594,11.348899841308594,443.0
2024-03-01 14:33:00,IVVD,3.9800000190734863,3.9800000190734863,3.990000009536743,3.9700000286102295,3.990000009536743,1167.0
2024-03-01 14:33:00,JAGX,0.09139999747276306,0.09139999747276306,0.09139999747276306,0.08810000121593475,0.09000000357627869,894119.0
2024-03-01 14:33:00,JANX,46.0099983215332,46.0099983215332,46.0099983215332,46.0099983215332,46.0099983215332,680.0
2024-03-01 14:33:00,JAZZ,118.88999938964844,118.88999938964844,118.93499755859375,118.88999938964844,118.93499755859375,403.0
2024-03-01 14:33:00,KALV,14.149999618530273,14.149999618530273,14.149999618530273,14.149999618530273,14.149999618530273,100.0
2024-03-01 14:33:00,KNSA,21.899999618530273,21.899999618530273,21.920000076293945,21.899999618530273,21.920000076293945,2471.0
2024-03-01 14:33:00,KNTE,2.5999999046325684,2.5999999046325684,2.5999999046325684,2.5999999046325684,2.5999999046325684,438.0
2024-03-01 14:33:00,KOD,6.054999828338623,6.054999828338623,6.059000015258789,6.050000190734863,6.050000190734863,1206.0
2024-03-01 14:33:00,KPTI,1.1649999618530273,1.1649999618530273,1.1699999570846558,1.160099983215332,1.1699999570846558,1942.0
2024-03-01 14:33:00,KRMD,2.130000114440918,2.130000114440918,2.1500000953674316,2.130000114440918,2.1500000953674316,928.0
2024-03-01 14:33:00,KRYS,169.3695068359375,169.3695068359375,169.47999572753906,169.3300018310547,169.3300018310547,717.0
2024-03-01 14:33:00,KYMR,44.1349983215332,44.1349983215332,44.1349983215332,44.1349983215332,44.1349983215332,133.0
2024-03-01 14:33:00,KZR,1.065000057220459,1.065000057220459,1.0700000524520874,1.065000057220459,1.065000057220459,3087.0
2024-03-01 14:33:00,LAB,2.4649999141693115,2.4649999141693115,2.4649999141693115,2.4649999141693115,2.4649999141693115,2315.0
2024-03-01 14:33:00,LEGN,65.12999725341797,65.12999725341797,65.19000244140625,65.12999725341797,65.19000244140625,419.0
2024-03-01 14:33:00,LEXX,2.7939999103546143,2.7939999103546143,2.8380000591278076,2.7939999103546143,2.8380000591278076,485.0
2024-03-01 14:33:00,LFST,7.73360013961792,7.73360013961792,7.735000133514404,7.730000019073486,7.735000133514404,593.0
2024-03-01 14:33:00,LIAN,4.880000114440918,4.880000114440918,4.880000114440918,4.880000114440918,4.880000114440918,8093.0
2024-03-01 14:33:00,LIFE,1.909999966621399,1.909999966621399,1.910599946975708,1.909999966621399,1.910599946975708,562.0
2024-03-01 14:33:00,LIVN,55.75,55.75,55.75,55.75,55.75,353.0
2024-03-01 14:33:00,LMAT,68.04000091552734,68.04000091552734,68.04000091552734,67.95999908447266,67.95999908447266,613.0
2024-03-01 14:33:00,LNTH,64.5999984741211,64.5999984741211,64.5999984741211,64.4800033569336,64.52999877929688,3782.0
2024-03-01 14:33:00,LPTX,2.869999885559082,2.869999885559082,2.869999885559082,2.867000102996826,2.867000102996826,536.0
2024-03-01 14:33:00,LQDA,14.670000076293945,14.670000076293945,14.670000076293945,14.667499542236328,14.667499542236328,800.0
2024-03-01 14:33:00,LUNG,9.470000267028809,9.470000267028809,9.5,9.470000267028809,9.5,2525.0
2024-03-01 14:33:00,LYEL,3.1649999618530273,3.1649999618530273,3.1649999618530273,3.1649999618530273,3.1649999618530273,782.0
2024-03-01 14:33:00,LYRA,5.695000171661377,5.695000171661377,5.695000171661377,5.695000171661377,5.695000171661377,778.0
2024-03-01 14:33:00,MASI,126.91999816894531,126.91999816894531,126.93000030517578,126.91999816894531,126.93000030517578,1279.0
2024-03-01 14:33:00,MASS,7.360000133514404,7.360000133514404,7.360000133514404,7.360000133514404,7.360000133514404,260.0
2024-03-01 14:33:00,MCRB,1.2201000452041626,1.2201000452041626,1.225000023841858,1.2201000452041626,1.2201000452041626,11547.0
2024-03-01 14:33:00,MDGL,250.2100067138672,250.2100067138672,250.2100067138672,249.5800018310547,249.5800018310547,766.0
2024-03-01 14:33:00,MDRX,5.989999771118164,5.989999771118164,6.050000190734863,5.989999771118164,5.989999771118164,35039.0
2024-03-01 14:33:00,MDXG,8.670000076293945,8.670000076293945,8.670000076293945,8.664999961853027,8.670000076293945,2194.0
2024-03-01 14:33:00,ME,0.5608999729156494,0.5608999729156494,0.5608999729156494,0.558899998664856,0.558899998664856,1100.0
2024-03-01 14:33:00,MEDP,400.55499267578125,400.55499267578125,400.55499267578125,400.55499267578125,400.55499267578125,295.0
2024-03-01 14:33:00,MMSI,76.3499984741211,76.3499984741211,76.3499984741211,76.3499984741211,76.3499984741211,305.0
2024-03-01 14:33:00,MNKD,4.550000190734863,4.550000190734863,4.550000190734863,4.545000076293945,4.549900054931641,1490.0
2024-03-01 14:33:00,MNMD,6.190000057220459,6.190000057220459,6.215000152587891,6.190000057220459,6.210000038146973,9622.0
2024-03-01 14:33:00,MNPR,0.8772000074386597,0.8772000074386597,0.8799999952316284,0.8772000074386597,0.8772000074386597,17645.0
2024-03-01 14:33:00,MODD,1.8885999917984009,1.8885999917984009,1.8885999917984009,1.8849999904632568,1.8849999904632568,1200.0
2024-03-01 14:33:00,MODV,28.260000228881836,28.260000228881836,28.260000228881836,28.260000228881836,28.260000228881836,585.0
2024-03-01 14:33:00,MOLN,4.159999847412109,4.159999847412109,4.230000019073486,4.159999847412109,4.159999847412109,818.0
2024-03-01 14:33:00,MORF,39.63999938964844,39.63999938964844,39.63999938964844,39.6150016784668,39.6150016784668,744.0
2024-03-01 14:33:00,MRAI,1.5616999864578247,1.5616999864578247,1.5799000263214111,1.5616999864578247,1.5799000263214111,1085.0
2024-03-01 14:33:00,MREO,3.9749999046325684,3.9749999046325684,3.9749999046325684,3.9700000286102295,3.9700000286102295,2310.0
2024-03-01 14:33:00,MRNA,95.42500305175781,95.42500305175781,95.44000244140625,95.29000091552734,95.31999969482422,10686.0
2024-03-01 14:33:00,MRSN,5.965000152587891,5.965000152587891,5.980000019073486,5.965000152587891,5.980000019073486,1083.0
2024-03-01 14:33:00,MRUS,51.08000183105469,51.08000183105469,51.1349983215332,51.04499816894531,51.119998931884766,5538.0
2024-03-01 14:33:00,MRVI,7.75,7.75,7.760000228881836,7.744999885559082,7.755000114440918,5190.0
2024-03-01 14:33:00,MXCT,4.75,4.75,4.75,4.75,4.75,1074.0
2024-03-01 14:33:00,MYMD,3.3664000034332275,3.3664000034332275,3.3664000034332275,3.3664000034332275,3.3664000034332275,303.0
2024-03-01 14:33:00,NARI,46.04999923706055,46.04999923706055,46.060001373291016,46.0,46.060001373291016,4507.0
2024-03-01 14:33:00,NBIX,131.66000366210938,131.66000366210938,131.6699981689453,131.66000366210938,131.6699981689453,1104.0
2024-03-01 14:33:00,NEO,16.09000015258789,16.09000015258789,16.09000015258789,16.09000015258789,16.09000015258789,290.0
2024-03-01 14:33:00,NEOG,17.3799991607666,17.3799991607666,17.385000228881836,17.3799991607666,17.385000228881836,1129.0
2024-03-01 14:33:00,NKTR,0.7800999879837036,0.7800999879837036,0.7800999879837036,0.7800999879837036,0.7800999879837036,600.0
2024-03-01 14:33:00,NNOX,10.734999656677246,10.734999656677246,10.75100040435791,10.734999656677246,10.75,11345.0
2024-03-01 14:33:00,NRBO,6.214000225067139,6.214000225067139,6.21999979019165,6.159999847412109,6.21999979019165,1410.0
2024-03-01 14:33:00,NRIX,13.529999732971191,13.529999732971191,13.569999694824219,13.529999732971191,13.569999694824219,795.0
2024-03-01 14:33:00,NRSN,2.0399999618530273,2.0399999618530273,2.0399999618530273,2.0399999618530273,2.0399999618530273,300.0
2024-03-01 14:33:00,NRXP,0.420199990272522,0.420199990272522,0.4235999882221222,0.42010000348091125,0.42305099964141846,4450.0
2024-03-01 14:33:00,NTLA,33.43000030517578,33.43000030517578,33.45000076293945,33.43000030517578,33.45000076293945,3120.0
2024-03-01 14:33:00,NTRA,89.2300033569336,89.2300033569336,89.25,89.20999908447266,89.25,1239.0
2024-03-01 14:33:00,NUTX,0.11330000311136246,0.11330000311136246,0.11330000311136246,0.11330000311136246,0.11330000311136246,321.0
2024-03-01 14:33:00,NVAX,5.28000020980835,5.28000020980835,5.28000020980835,5.260000228881836,5.269999980926514,44525.0
2024-03-01 14:33:00,NVCR,16.1200008392334,16.1200008392334,16.1200008392334,16.104999542236328,16.114999771118164,4709.0
2024-03-01 14:33:00,OCGN,0.9549999833106995,0.9549999833106995,0.9549999833106995,0.9521999955177307,0.9523000121116638,31122.0
2024-03-01 14:33:00,OCUL,10.699999809265137,10.699999809265137,10.699999809265137,10.690099716186523,10.690099716186523,8723.0
2024-03-01 14:33:00,OGI,2.174999952316284,2.174999952316284,2.180000066757202,2.174999952316284,2.174999952316284,1116.0
2024-03-01 14:33:00,OLMA,14.960000038146973,14.960000038146973,14.975000381469727,14.949999809265137,14.960000038146973,2014.0
2024-03-01 14:33:00,OM,3.174999952316284,3.174999952316284,3.184999942779541,3.174999952316284,3.184999942779541,2983.0
2024-03-01 14:33:00,OMCL,26.56999969482422,26.56999969482422,26.56999969482422,26.549999237060547,26.56999969482422,3381.0
2024-03-01 14:33:00,OMER,4.800000190734863,4.800000190734863,4.800000190734863,4.800000190734863,4.800000190734863,262.0
2024-03-01 14:34:00,ABEO,7.698999881744385,7.698999881744385,7.698999881744385,7.698999881744385,7.698999881744385,586.0
2024-03-01 14:34:00,ABOS,4.650000095367432,4.650000095367432,4.650000095367432,4.648799896240234,4.648799896240234,523.0
2024-03-01 14:34:00,ABSI,5.545000076293945,5.545000076293945,5.550000190734863,5.539999961853027,5.539999961853027,5805.0
2024-03-01 14:34:00,ABVC,1.2000000476837158,1.2000000476837158,1.2000000476837158,1.2000000476837158,1.2000000476837158,215.0
2024-03-01 14:34:00,ACAD,24.139999389648438,24.139999389648438,24.139999389648438,24.139999389648438,24.139999389648438,275.0
2024-03-01 14:34:00,ACB,3.190000057220459,3.190000057220459,3.1960999965667725,3.184999942779541,3.1960999965667725,2322.0
2024-03-01 14:34:00,ACCD,10.09000015258789,10.09000015258789,10.09000015258789,10.085000038146973,10.09000015258789,2117.0
2024-03-01 14:34:00,ACET,2.3949999809265137,2.3949999809265137,2.4000000953674316,2.390000104904175,2.3949999809265137,602.0
2024-03-01 14:34:00,ACHV,4.360000133514404,4.360000133514404,4.360000133514404,4.360000133514404,4.360000133514404,358.0
2024-03-01 14:34:00,ACLX,68.68000030517578,68.68000030517578,68.68000030517578,68.66000366210938,68.66000366210938,1140.0
2024-03-01 14:34:00,ACRS,1.2350000143051147,1.2350000143051147,1.2400000095367432,1.2350000143051147,1.2350000143051147,3002.0
2024-03-01 14:34:00,ADAP,1.600000023841858,1.600000023841858,1.600000023841858,1.600000023841858,1.600000023841858,960.0
2024-03-01 14:34:00,ADIL,3.0199999809265137,3.0199999809265137,3.049999952316284,2.9600000381469727,3.0441999435424805,75560.0
2024-03-01 14:34:00,ADMA,5.539999961853027,5.539999961853027,5.545000076293945,5.539999961853027,5.539999961853027,1961.0
2024-03-01 14:34:00,ADPT,4.099999904632568,4.099999904632568,4.099999904632568,4.09499979019165,4.099999904632568,4605.0
2024-03-01 14:34:00,ADVM,1.9800000190734863,1.9800000190734863,1.9850000143051147,1.975000023841858,1.9800000190734863,4828.0
2024-03-01 14:34:00,AFMD,0.6700999736785889,0.6700999736785889,0.6700999736785889,0.6700999736785889,0.6700999736785889,700.0
2024-03-01 14:34:00,AGEN,0.6700000166893005,0.6700000166893005,0.670074999332428,0.6700000166893005,0.670074999332428,5867.0
2024-03-01 14:34:00,AGIO,32.6150016784668,32.6150016784668,32.6150016784668,32.61000061035156,32.6150016784668,910.0
2024-03-01 14:34:00,AHCO,10.470000267028809,10.470000267028809,10.5,10.470000267028809,10.484999656677246,9253.0
2024-03-01 14:34:00,AIH,0.5095000267028809,0.5095000267028809,0.5095000267028809,0.5095000267028809,0.5095000267028809,749.0
2024-03-01 14:34:00,AIRS,6.46999979019165,6.46999979019165,6.46999979019165,6.46999979019165,6.46999979019165,200.0
2024-03-01 14:34:00,AKAN,0.21089999377727509,0.21089999377727509,0.21089999377727509,0.21089999377727509,0.21089999377727509,211.0
2024-03-01 14:34:00,AKBA,1.684999942779541,1.684999942779541,1.690000057220459,1.6799999475479126,1.684999942779541,413.0
2024-03-01 14:34:00,AKRO,29.15999984741211,29.15999984741211,29.270000457763672,29.149999618530273,29.219999313354492,3828.0
2024-03-01 14:34:00,AKYA,6.039999961853027,6.039999961853027,6.039999961853027,6.039999961853027,6.039999961853027,392.0
2024-03-01 14:34:00,ALDX,4.300000190734863,4.300000190734863,4.300000190734863,4.300000190734863,4.300000190734863,183.0
2024-03-01 14:34:00,ALEC,7.480000019073486,7.480000019073486,7.480000019073486,7.480000019073486,7.480000019073486,1322.0
2024-03-01 14:34:00,ALHC,5.730000019073486,5.730000019073486,5.75,5.730000019073486,5.730000019073486,1068.0
2024-03-01 14:34:00,ALKS,30.299999237060547,30.299999237060547,30.299999237060547,30.295000076293945,30.295000076293945,693.0
2024-03-01 14:34:00,ALLO,5.010000228881836,5.010000228881836,5.014999866485596,5.010000228881836,5.010000228881836,2077.0
2024-03-01 14:34:00,ALNY,153.47000122070312,153.47000122070312,153.47000122070312,153.47000122070312,153.47000122070312,1235.0
2024-03-01 14:34:00,ALPN,36.209999084472656,36.209999084472656,36.209999084472656,36.209999084472656,36.209999084472656,284.0
2024-03-01 14:34:00,ALT,12.039999961853027,12.039999961853027,12.039999961853027,12.039999961853027,12.039999961853027,417.0
2024-03-01 14:34:00,ALVR,0.7547000050544739,0.7547000050544739,0.7547000050544739,0.7547000050544739,0.7547000050544739,105.0
2024-03-01 14:34:00,ALXO,15.0649995803833,15.0649995803833,15.0649995803833,15.0649995803833,15.0649995803833,201.0
2024-03-01 14:34:00,AMED,93.63999938964844,93.63999938964844,93.63999938964844,93.5999984741211,93.5999984741211,670.0
2024-03-01 14:34:00,AMGN,280.95001220703125,280.95001220703125,280.9700012207031,280.8949890136719,280.9599914550781,2591.0
2024-03-01 14:34:00,AMLX,18.770000457763672,18.770000457763672,18.770000457763672,18.739999771118164,18.739999771118164,8652.0
2024-03-01 14:34:00,AMPH,45.560001373291016,45.560001373291016,45.560001373291016,45.54999923706055,45.54999923706055,929.0
2024-03-01 14:34:00,AMRN,1.0549999475479126,1.0549999475479126,1.0549999475479126,1.0549999475479126,1.0549999475479126,472.0
2024-03-01 14:34:00,ANGO,5.489999771118164,5.489999771118164,5.5,5.489999771118164,5.5,4458.0
2024-03-01 14:34:00,ANIP,66.41500091552734,66.41500091552734,66.41500091552734,66.41000366210938,66.41000366210938,1032.0
2024-03-01 14:34:00,ANNX,6.085000038146973,6.085000038146973,6.090000152587891,6.079999923706055,6.090000152587891,3057.0
2024-03-01 14:34:00,ANTX,3.009999990463257,3.009999990463257,3.015000104904175,3.009999990463257,3.015000104904175,320.0
2024-03-01 14:34:00,APLS,64.43000030517578,64.43000030517578,64.43000030517578,64.43000030517578,64.43000030517578,692.0
2024-03-01 14:34:00,APLT,7.090000152587891,7.090000152587891,7.090000152587891,7.090000152587891,7.090000152587891,731.0
2024-03-01 14:34:00,APYX,2.0899999141693115,2.0899999141693115,2.0899999141693115,2.0899999141693115,2.0899999141693115,344.0
2024-03-01 14:34:00,AQST,4.130000114440918,4.130000114440918,4.130000114440918,4.125,4.125,2359.0
2024-03-01 14:34:00,ARCT,39.66999816894531,39.66999816894531,39.685001373291016,39.6349983215332,39.685001373291016,596.0
2024-03-01 14:34:00,ARDX,9.494999885559082,9.494999885559082,9.5,9.489999771118164,9.489999771118164,1867.0
2024-03-01 14:34:00,ARQT,11.595000267028809,11.595000267028809,11.600000381469727,11.59000015258789,11.59000015258789,8014.0
2024-03-01 14:34:00,ARVN,48.66999816894531,48.66999816894531,48.66999816894531,48.58000183105469,48.58000183105469,2048.0
2024-03-01 14:34:00,ARWR,35.33000183105469,35.33000183105469,35.380001068115234,35.33000183105469,35.380001068115234,1966.0
2024-03-01 14:34:00,ASND,153.35000610351562,153.35000610351562,153.35000610351562,153.35000610351562,153.35000610351562,1670.0
2024-03-01 14:34:00,ASRT,0.9032999873161316,0.9032999873161316,0.9032999873161316,0.9032999873161316,0.9032999873161316,130.0
2024-03-01 14:34:00,ATAI,2.1700000762939453,2.1700000762939453,2.1700000762939453,2.1649999618530273,2.1649999618530273,572.0
2024-03-01 14:34:00,ATEC,13.4399995803833,13.4399995803833,13.4399995803833,13.399999618530273,13.40999984741211,15503.0
2024-03-01 14:34:00,ATHA,3.984999895095825,3.984999895095825,3.984999895095825,3.984999895095825,3.984999895095825,200.0
2024-03-01 14:34:00,ATRA,0.7892000079154968,0.7892000079154968,0.7935000061988831,0.7885000109672546,0.7935000061988831,4941.0
2024-03-01 14:34:00,ATXI,0.15479999780654907,0.15479999780654907,0.15479999780654907,0.15479999780654907,0.15479999780654907,100.0
2024-03-01 14:34:00,ATXS,14.9399995803833,14.9399995803833,14.9399995803833,14.9399995803833,14.9399995803833,257.0
2024-03-01 14:34:00,AUGX,4.519999980926514,4.519999980926514,4.519999980926514,4.519999980926514,4.519999980926514,100.0
2024-03-01 14:34:00,AUPH,5.815000057220459,5.815000057220459,5.815000057220459,5.815000057220459,5.815000057220459,244.0
2024-03-01 14:34:00,AUTL,6.349999904632568,6.349999904632568,6.349999904632568,6.349999904632568,6.349999904632568,100.0
2024-03-01 14:34:00,AVDL,13.260000228881836,13.260000228881836,13.260000228881836,13.255000114440918,13.255000114440918,1705.0
2024-03-01 14:34:00,AVTE,24.229999542236328,24.229999542236328,24.229999542236328,24.190000534057617,24.190000534057617,776.0
2024-03-01 14:34:00,AVTX,4.489999771118164,4.489999771118164,4.489999771118164,4.489999771118164,4.489999771118164,118.0
2024-03-01 14:34:00,AVXL,5.364999771118164,5.364999771118164,5.364999771118164,5.364999771118164,5.364999771118164,115.0
2024-03-01 14:34:00,AXNX,67.4000015258789,67.4000015258789,67.45999908447266,67.4000015258789,67.45999908447266,4505.0
2024-03-01 14:34:00,AXSM,82.27999877929688,82.27999877929688,82.27999877929688,82.27999877929688,82.27999877929688,234.0
2024-03-01 14:34:00,AZN,64.65499877929688,64.65499877929688,64.66000366210938,64.63999938964844,64.63999938964844,2995.0
2024-03-01 14:34:00,AZTA,66.94000244140625,66.94000244140625,66.94999694824219,66.9000015258789,66.9000015258789,1158.0
2024-03-01 14:34:00,BBIO,35.970001220703125,35.970001220703125,35.974998474121094,35.970001220703125,35.970001220703125,26249.0
2024-03-01 14:34:00,BCAB,2.759999990463257,2.759999990463257,2.759999990463257,2.759999990463257,2.759999990463257,156.0
2024-03-01 14:34:00,BCRX,5.715000152587891,5.715000152587891,5.71750020980835,5.710100173950195,5.710100173950195,3585.0
2024-03-01 14:34:00,BDTX,4.78000020980835,4.78000020980835,4.784999847412109,4.78000020980835,4.784999847412109,1546.0
2024-03-01 14:34:00,BEAM,40.02000045776367,40.02000045776367,40.02000045776367,40.0,40.02000045776367,1273.0
2024-03-01 14:34:00,BIIB,221.0500030517578,221.0500030517578,221.09500122070312,221.00999450683594,221.00999450683594,1260.0
2024-03-01 14:34:00,BIOL,0.14399999380111694,0.14399999380111694,0.14399999380111694,0.14350000023841858,0.14399999380111694,13927.0
2024-03-01 14:34:00,BIVI,2.0899999141693115,2.0899999141693115,2.109999895095825,2.0399999618530273,2.0399999618530273,88464.0
2024-03-01 14:34:00,BLFS,18.1200008392334,18.1200008392334,18.1200008392334,18.100000381469727,18.1200008392334,1574.0
2024-03-01 14:34:00,BLUE,1.600000023841858,1.600000023841858,1.600000023841858,1.590000033378601,1.590000033378601,8352.0
2024-03-01 14:34:00,BMEA,18.315000534057617,18.315000534057617,18.319000244140625,18.309999465942383,18.309999465942383,1323.0
2024-03-01 14:34:00,BMRN,88.06999969482422,88.06999969482422,88.08999633789062,88.04000091552734,88.04000091552734,3037.0
2024-03-01 14:34:00,BNGO,1.2649999856948853,1.2649999856948853,1.2649999856948853,1.2649999856948853,1.2649999856948853,1008.0
2024-03-01 14:34:00,BNR,0.8206999897956848,0.8206999897956848,0.8226000070571899,0.8206999897956848,0.8226000070571899,300.0
2024-03-01 14:34:00,BNTX,91.16000366210938,91.16000366210938,91.16999816894531,91.1500015258789,91.1500015258789,902.0
2024-03-01 14:34:00,BOLT,1.2100000381469727,1.2100000381469727,1.2100000381469727,1.2100000381469727,1.2100000381469727,512.0
2024-03-01 14:34:00,BPMC,96.56999969482422,96.56999969482422,96.61000061035156,96.5199966430664,96.52999877929688,1393.0
2024-03-01 14:34:00,BTMD,5.95359992980957,5.95359992980957,5.95359992980957,5.95359992980957,5.95359992980957,577.0
2024-03-01 14:34:00,BTTX,0.1826000064611435,0.1826000064611435,0.18299999833106995,0.1826000064611435,0.18299999833106995,350.0
2024-03-01 14:34:00,CABA,24.0,24.0,24.010000228881836,24.0,24.010000228881836,4206.0
2024-03-01 14:34:00,CARA,0.9300500154495239,0.9300500154495239,0.9398999810218811,0.9300500154495239,0.9398999810218811,370.0
2024-03-01 14:34:00,CBAY,32.22999954223633,32.22999954223633,32.22999954223633,32.220001220703125,32.22999954223633,2651.0
2024-03-01 14:34:00,CCCC,11.005000114440918,11.005000114440918,11.005000114440918,11.0,11.0,1757.0
2024-03-01 14:34:00,CCRN,18.21500015258789,18.21500015258789,18.21500015258789,18.21500015258789,18.21500015258789,262.0
2024-03-01 14:34:00,CDMO,8.1899995803833,8.1899995803833,8.1899995803833,8.1899995803833,8.1899995803833,1050.0
2024-03-01 14:34:00,CDNA,12.569999694824219,12.569999694824219,12.6899995803833,12.569999694824219,12.6899995803833,6971.0
2024-03-01 14:34:00,CDTX,0.7350999712944031,0.7350999712944031,0.7354999780654907,0.7350999712944031,0.7350999712944031,634.0
2024-03-01 14:34:00,CDXS,4.550000190734863,4.550000190734863,4.554999828338623,4.550000190734863,4.550000190734863,810.0
2024-03-01 14:34:00,CELC,16.969999313354492,16.969999313354492,16.969999313354492,16.93000030517578,16.93000030517578,630.0
2024-03-01 14:34:00,CERE,41.092498779296875,41.092498779296875,41.095001220703125,41.09000015258789,41.09000015258789,644.0
2024-03-01 14:34:00,CERS,2.180000066757202,2.180000066757202,2.180000066757202,2.180000066757202,2.180000066757202,639.0
2024-03-01 14:34:00,CERT,18.110000610351562,18.110000610351562,18.110000610351562,18.100000381469727,18.100000381469727,1496.0
2024-03-01 14:34:00,CGC,3.2200000286102295,3.2200000286102295,3.2200000286102295,3.2200000286102295,3.2200000286102295,102.0
2024-03-01 14:34:00,CHRS,2.4165000915527344,2.4165000915527344,2.4165000915527344,2.4149999618530273,2.4149999618530273,500.0
2024-03-01 14:34:00,CKPT,2.190000057220459,2.190000057220459,2.190000057220459,2.190000057220459,2.190000057220459,1590.0
2024-03-01 14:34:00,CLDX,52.095001220703125,52.095001220703125,52.095001220703125,51.90999984741211,51.939998626708984,2376.0
2024-03-01 14:34:00,CLOV,0.8672000169754028,0.8672000169754028,0.870199978351593,0.8672000169754028,0.8695999979972839,24547.0
2024-03-01 14:34:00,CLRB,4.09499979019165,4.09499979019165,4.09499979019165,4.079999923706055,4.079999923706055,5745.0
2024-03-01 14:34:00,CMPS,11.734999656677246,11.734999656677246,11.75,11.699999809265137,11.73639965057373,4723.0
2024-03-01 14:34:00,CNSP,0.31949999928474426,0.31949999928474426,0.328900009393692,0.31949999928474426,0.328900009393692,4025.0
2024-03-01 14:34:00,COGT,7.224999904632568,7.224999904632568,7.230000019073486,7.210000038146973,7.215000152587891,10606.0
2024-03-01 14:34:00,CORT,24.2549991607666,24.2549991607666,24.2549991607666,24.235000610351562,24.239999771118164,3088.0
2024-03-01 14:34:00,CPRX,17.149999618530273,17.149999618530273,17.18000030517578,17.139999389648438,17.174999237060547,8452.0
2024-03-01 14:34:00,CPSI,9.404999732971191,9.404999732971191,9.420000076293945,9.399999618530273,9.420000076293945,2835.0
2024-03-01 14:34:00,CRBP,32.470001220703125,32.470001220703125,32.470001220703125,32.470001220703125,32.470001220703125,304.0
2024-03-01 14:34:00,CRBU,7.920000076293945,7.920000076293945,7.920000076293945,7.900000095367432,7.90500020980835,1343.0
2024-03-01 14:34:00,CRDF,2.5899999141693115,2.5899999141693115,2.5899999141693115,2.549999952316284,2.589900016784668,10273.0
2024-03-01 14:34:00,CRNX,46.41859817504883,46.41859817504883,46.470001220703125,46.349998474121094,46.349998474121094,3801.0
2024-03-01 14:34:00,CRON,2.0350000858306885,2.0350000858306885,2.0399999618530273,2.0350000858306885,2.0399999618530273,12798.0
2024-03-01 14:34:00,CRSP,85.25,85.25,85.30000305175781,85.25,85.27999877929688,1696.0
2024-03-01 14:34:00,CRVS,2.2195000648498535,2.2195000648498535,2.2195000648498535,2.2049999237060547,2.2049999237060547,1112.0
2024-03-01 14:34:00,CSTL,19.700000762939453,19.700000762939453,19.709999084472656,19.700000762939453,19.709999084472656,689.0
2024-03-01 14:34:00,CTKB,9.005000114440918,9.005000114440918,9.010000228881836,9.005000114440918,9.010000228881836,999.0
2024-03-01 14:34:00,CTMX,2.5450000762939453,2.5450000762939453,2.5450000762939453,2.5399999618530273,2.5399999618530273,1038.0
2024-03-01 14:34:00,CTXR,0.770389974117279,0.770389974117279,0.770389974117279,0.770389974117279,0.770389974117279,399.0
2024-03-01 14:34:00,CVAC,3.4749999046325684,3.4749999046325684,3.4749999046325684,3.4749999046325684,3.4749999046325684,167.0
2024-03-01 14:34:00,CYTK,73.58000183105469,73.58000183105469,73.62000274658203,73.56500244140625,73.5999984741211,1604.0
2024-03-01 14:34:00,DCGO,4.130000114440918,4.130000114440918,4.130000114440918,4.130000114440918,4.130000114440918,435.0
2024-03-01 14:34:00,DCPH,17.684999465942383,17.684999465942383,17.690000534057617,17.65999984741211,17.65999984741211,4690.0
2024-03-01 14:34:00,DH,8.90999984741211,8.90999984741211,8.90999984741211,8.90999984741211,8.90999984741211,428.0
2024-03-01 14:34:00,DMTK,0.8499000072479248,0.8499000072479248,0.8499000072479248,0.8499000072479248,0.8499000072479248,500.0
2024-03-01 14:34:00,DNLI,21.309999465942383,21.309999465942383,21.31999969482422,21.309999465942383,21.309999465942383,1620.0
2024-03-01 14:34:00,DTIL,12.454999923706055,12.454999923706055,12.454999923706055,12.454999923706055,12.454999923706055,115.0
2024-03-01 14:34:00,DVAX,12.829999923706055,12.829999923706055,12.84000015258789,12.829999923706055,12.835000038146973,3610.0
2024-03-01 14:34:00,DXCM,121.55999755859375,121.55999755859375,121.66000366210938,121.54000091552734,121.66000366210938,9039.0
2024-03-01 14:34:00,DYN,29.18000030517578,29.18000030517578,29.18000030517578,29.155000686645508,29.18000030517578,680.0
2024-03-01 14:34:00,EDIT,10.869999885559082,10.869999885559082,10.869999885559082,10.850000381469727,10.850000381469727,5152.0
2024-03-01 14:34:00,EFTR,16.299999237060547,16.299999237060547,16.299999237060547,16.219999313354492,16.280000686645508,1003.0
2024-03-01 14:34:00,EGRX,6.674499988555908,6.674499988555908,6.674499988555908,6.674499988555908,6.674499988555908,205.0
2024-03-01 14:34:00,ELEV,5.059999942779541,5.059999942779541,5.090000152587891,5.059999942779541,5.079999923706055,4169.0
2024-03-01 14:34:00,EMBC,14.270000457763672,14.270000457763672,14.270000457763672,14.270000457763672,14.270000457763672,378.0
2024-03-01 14:34:00,ENSG,121.83999633789062,121.83999633789062,121.83999633789062,121.83999633789062,121.83999633789062,491.0
2024-03-01 14:34:00,ENTA,15.539999961853027,15.539999961853027,15.585000038146973,15.539999961853027,15.585000038146973,312.0
2024-03-01 14:34:00,ENVB,1.531000018119812,1.531000018119812,1.5399999618530273,1.51010000705719,1.51010000705719,2048.0
2024-03-01 14:34:00,ERAS,2.5,2.5,2.5,2.5,2.5,424.0
2024-03-01 14:34:00,ESPR,2.549999952316284,2.549999952316284,2.555000066757202,2.549999952316284,2.555000066757202,1649.0
2024-03-01 14:34:00,ESTA,43.54499816894531,43.54499816894531,43.56999969482422,43.400001525878906,43.560001373291016,2976.0
2024-03-01 14:34:00,ETNB,12.9399995803833,12.9399995803833,12.949999809265137,12.920000076293945,12.930000305175781,4919.0
2024-03-01 14:34:00,EWTX,16.989999771118164,16.989999771118164,16.989999771118164,16.989999771118164,16.989999771118164,684.0
2024-03-01 14:34:00,EXAI,6.679999828338623,6.679999828338623,6.679999828338623,6.670000076293945,6.670000076293945,227.0
2024-03-01 14:34:00,EXAS,60.06999969482422,60.06999969482422,60.15999984741211,60.06999969482422,60.099998474121094,5976.0
2024-03-01 14:34:00,EXEL,22.40999984741211,22.40999984741211,22.40999984741211,22.389999389648438,22.389999389648438,6449.0
2024-03-01 14:34:00,EYEN,2.375,2.375,2.379699945449829,2.359999895095825,2.365000009536743,22568.0
2024-03-01 14:34:00,EYPT,27.889999389648438,27.889999389648438,27.93000030517578,27.8799991607666,27.920000076293945,1034.0
2024-03-01 14:34:00,FATE,7.78000020980835,7.78000020980835,7.784999847412109,7.769999980926514,7.769999980926514,4705.0
2024-03-01 14:34:00,FBIO,2.375,2.375,2.375,2.375,2.375,105.0
2024-03-01 14:34:00,FDMT,29.344999313354492,29.344999313354492,29.344999313354492,29.344999313354492,29.344999313354492,582.0
2024-03-01 14:34:00,FGEN,1.8450000286102295,1.8450000286102295,1.850000023841858,1.8450000286102295,1.850000023841858,300.0
2024-03-01 14:34:00,FHTX,8.039999961853027,8.039999961853027,8.039999961853027,8.0,8.0,1094.0
2024-03-01 14:34:00,FIXX,0.9286999702453613,0.9286999702453613,0.9286999702453613,0.9286999702453613,0.9286999702453613,100.0
2024-03-01 14:34:00,FLGT,23.209999084472656,23.209999084472656,23.209999084472656,23.209999084472656,23.209999084472656,165.0
2024-03-01 14:34:00,FOLD,13.375,13.375,13.375,13.370100021362305,13.375,1225.0
2024-03-01 14:34:00,FUSN,12.239999771118164,12.239999771118164,12.239999771118164,12.225000381469727,12.225000381469727,329.0
2024-03-01 14:34:00,GCTK,0.3098999857902527,0.3098999857902527,0.3098999857902527,0.3084999918937683,0.3084999918937683,206.0
2024-03-01 14:34:00,GDRX,8.414999961853027,8.414999961853027,8.420000076293945,8.411199569702148,8.414999961853027,2355.0
2024-03-01 14:34:00,GENE,2.3499999046325684,2.3499999046325684,2.3499999046325684,2.3499999046325684,2.3499999046325684,140.0
2024-03-01 14:34:00,GERN,2.240000009536743,2.240000009536743,2.25,2.234999895095825,2.244999885559082,180875.0
2024-03-01 14:34:00,GH,19.1200008392334,19.1200008392334,19.1200008392334,19.114999771118164,19.114999771118164,344.0
2024-03-01 14:34:00,GILD,72.42500305175781,72.42500305175781,72.42500305175781,72.38749694824219,72.38999938964844,8782.0
2024-03-01 14:34:00,GLPG,35.06999969482422,35.06999969482422,35.06999969482422,35.060001373291016,35.060001373291016,699.0
2024-03-01 14:34:00,GLTO,0.7998999953269958,0.7998999953269958,0.7998999953269958,0.7998999953269958,0.7998999953269958,353.0
2024-03-01 14:34:00,GLYC,2.9999001026153564,2.9999001026153564,2.9999001026153564,2.9999001026153564,2.9999001026153564,351.0
2024-03-01 14:34:00,GMAB,29.405000686645508,29.405000686645508,29.405000686645508,29.405000686645508,29.405000686645508,139.0
2024-03-01 14:34:00,GMDA,0.3799999952316284,0.3799999952316284,0.3799999952316284,0.3799999952316284,0.3799999952316284,541.0
2024-03-01 14:34:00,GNPX,4.59499979019165,4.59499979019165,4.59499979019165,4.59499979019165,4.59499979019165,701.0
2024-03-01 14:34:00,GOSS,1.4149999618530273,1.4149999618530273,1.4149999618530273,1.409999966621399,1.4149999618530273,1900.0
2024-03-01 14:34:00,GRFS,7.005000114440918,7.005000114440918,7.005000114440918,7.005000114440918,7.005000114440918,121.0
2024-03-01 14:34:00,GRTS,2.039900064468384,2.039900064468384,2.0399999618530273,2.0199999809265137,2.0199999809265137,27177.0
2024-03-01 14:34:00,GRTX,0.23319999873638153,0.23319999873638153,0.23354999721050262,0.23319999873638153,0.23332500457763672,5802.0
2024-03-01 14:34:00,GTHX,3.7699999809265137,3.7699999809265137,3.7899999618530273,3.7699999809265137,3.7750000953674316,3927.0
2024-03-01 14:34:00,HALO,41.380001068115234,41.380001068115234,41.38999938964844,41.380001068115234,41.38999938964844,391.0
2024-03-01 14:34:00,HCAT,8.199999809265137,8.199999809265137,8.199999809265137,8.199999809265137,8.199999809265137,287.0
2024-03-01 14:34:00,HCM,15.229999542236328,15.229999542236328,15.229999542236328,15.229999542236328,15.229999542236328,178.0
2024-03-01 14:34:00,HCSG,12.670000076293945,12.670000076293945,12.670000076293945,12.670000076293945,12.670000076293945,329.0
2024-03-01 14:34:00,HCTI,1.9900000095367432,1.9900000095367432,1.9900000095367432,1.9815000295639038,1.9815000295639038,400.0
2024-03-01 14:34:00,HITI,1.7619999647140503,1.7619999647140503,1.7619999647140503,1.7619999647140503,1.7619999647140503,192.0
2024-03-01 14:34:00,HLVX,19.200000762939453,19.200000762939453,19.200000762939453,19.200000762939453,19.200000762939453,350.0
2024-03-01 14:34:00,HOLX,74.37999725341797,74.37999725341797,74.37999725341797,74.37999725341797,74.37999725341797,308.0
2024-03-01 14:34:00,HOOK,0.7802000045776367,0.7802000045776367,0.7802000045776367,0.7802000045776367,0.7802000045776367,233.0
2024-03-01 14:34:00,HPCO,0.25,0.25,0.2500999867916107,0.25,0.2500999867916107,1200.0
2024-03-01 14:34:00,HQY,81.47000122070312,81.47000122070312,81.47000122070312,81.47000122070312,81.47000122070312,170.0
2024-03-01 14:34:00,HRMY,31.639999389648438,31.639999389648438,31.639999389648438,31.604999542236328,31.604999542236328,3943.0
2024-03-01 14:34:00,HRTX,2.609999895095825,2.609999895095825,2.619999885559082,2.609999895095825,2.615000009536743,863.0
2024-03-01 14:34:00,HSIC,76.83000183105469,76.83000183105469,76.83999633789062,76.81999969482422,76.81999969482422,1774.0
2024-03-01 14:34:00,HSTM,27.309999465942383,27.309999465942383,27.309999465942383,27.309999465942383,27.309999465942383,868.0
2024-03-01 14:34:00,HUGE,0.9128000140190125,0.9128000140190125,0.9128000140190125,0.9128000140190125,0.9128000140190125,189.0
2024-03-01 14:34:00,HUMA,3.2249999046325684,3.2249999046325684,3.2300000190734863,3.2200000286102295,3.2249999046325684,3856.0
2024-03-01 14:34:00,IART,36.27000045776367,36.27000045776367,36.29499816894531,36.27000045776367,36.29499816894531,333.0
2024-03-01 14:34:00,IBRX,4.875,4.875,4.880000114440918,4.869999885559082,4.880000114440918,6769.0
2024-03-01 14:34:00,ICAD,1.8697999715805054,1.8697999715805054,1.8697999715805054,1.8697999715805054,1.8697999715805054,1050.0
2024-03-01 14:34:00,ICUI,106.49500274658203,106.49500274658203,106.51000213623047,106.38500213623047,106.47000122070312,734.0
2024-03-01 14:34:00,IDYA,46.720001220703125,46.720001220703125,46.720001220703125,46.65999984741211,46.65999984741211,1570.0
2024-03-01 14:34:00,ILMN,141.77499389648438,141.77499389648438,141.77499389648438,141.75,141.75,1599.0
2024-03-01 14:34:00,IMCR,67.8949966430664,67.8949966430664,67.8949966430664,67.8949966430664,67.8949966430664,105.0
2024-03-01 14:34:00,IMNM,25.280000686645508,25.280000686645508,25.299999237060547,25.280000686645508,25.290000915527344,864.0
2024-03-01 14:34:00,IMNN,1.0299999713897705,1.0299999713897705,1.0299999713897705,1.0299999713897705,1.0299999713897705,118.0
2024-03-01 14:34:00,IMTX,12.859999656677246,12.859999656677246,12.859999656677246,12.859999656677246,12.859999656677246,119.0
2024-03-01 14:34:00,IMVT,35.810001373291016,35.810001373291016,35.81999969482422,35.79999923706055,35.79999923706055,1727.0
2024-03-01 14:34:00,INCY,59.154998779296875,59.154998779296875,59.154998779296875,59.154998779296875,59.154998779296875,200.0
2024-03-01 14:34:00,INM,0.4025000035762787,0.4025000035762787,0.4025000035762787,0.4025000035762787,0.4025000035762787,193.0
2024-03-01 14:34:00,INMD,22.892499923706055,22.892499923706055,22.895000457763672,22.890100479125977,22.890100479125977,491.0
2024-03-01 14:34:00,INSM,28.110000610351562,28.110000610351562,28.1299991607666,28.079999923706055,28.1299991607666,2130.0
2024-03-01 14:34:00,INVA,15.5,15.5,15.505000114440918,15.470000267028809,15.470000267028809,4335.0
2024-03-01 14:34:00,IONS,46.02000045776367,46.02000045776367,46.029998779296875,46.0,46.0,1521.0
2024-03-01 14:34:00,IOVA,16.975000381469727,16.975000381469727,16.975000381469727,16.96500015258789,16.975000381469727,12042.0
2024-03-01 14:34:00,IPA,1.899999976158142,1.899999976158142,1.899999976158142,1.899999976158142,1.899999976158142,1147.0
2024-03-01 14:34:00,IRMD,41.54999923706055,41.54999923706055,41.54999923706055,41.54999923706055,41.54999923706055,191.0
2024-03-01 14:34:00,IRTC,120.99500274658203,120.99500274658203,120.99500274658203,120.99500274658203,120.99500274658203,595.0
2024-03-01 14:34:00,IRWD,9.09000015258789,9.09000015258789,9.095000267028809,9.085000038146973,9.09000015258789,20014.0
2024-03-01 14:34:00,ISRG,397.1400146484375,397.1400146484375,397.1400146484375,397.0199890136719,397.1050109863281,2098.0
2024-03-01 14:34:00,ITCI,71.86000061035156,71.86000061035156,71.86000061035156,71.83999633789062,71.83999633789062,643.0
2024-03-01 14:34:00,IVVD,3.9749999046325684,3.9749999046325684,3.9749999046325684,3.9711999893188477,3.9711999893188477,425.0
2024-03-01 14:34:00,JAGX,0.09000000357627869,0.09000000357627869,0.09139999747276306,0.0892999991774559,0.09059999883174896,584365.0
2024-03-01 14:34:00,JANX,46.0,46.0,46.02000045776367,46.0,46.0099983215332,1774.0
2024-03-01 14:34:00,JAZZ,118.94000244140625,118.94000244140625,118.94000244140625,118.94000244140625,118.94000244140625,347.0
2024-03-01 14:34:00,JSPR,21.3700008392334,21.3700008392334,21.3700008392334,21.299999237060547,21.299999237060547,473.0
2024-03-01 14:34:00,JYNT,10.100000381469727,10.100000381469727,10.100000381469727,10.100000381469727,10.100000381469727,325.0
2024-03-01 14:34:00,KALV,14.149999618530273,14.149999618530273,14.15999984741211,14.149999618530273,14.15999984741211,507.0
2024-03-01 14:34:00,KMDA,6.400000095367432,6.400000095367432,6.400000095367432,6.389500141143799,6.389500141143799,1100.0
2024-03-01 14:34:00,KNSA,21.860000610351562,21.860000610351562,21.889999389648438,21.860000610351562,21.889999389648438,1879.0
2024-03-01 14:34:00,KNTE,2.5999999046325684,2.5999999046325684,2.5999999046325684,2.5999999046325684,2.5999999046325684,1100.0
2024-03-01 14:34:00,KPTI,1.169700026512146,1.169700026512146,1.169700026512146,1.1649999618530273,1.1649999618530273,1390.0
2024-03-01 14:34:00,KRON,1.0399999618530273,1.0399999618530273,1.0399999618530273,1.0399999618530273,1.0399999618530273,185.0
2024-03-01 14:34:00,KRTX,316.125,316.125,316.125,316.125,316.125,464.0
2024-03-01 14:34:00,KRYS,169.2550048828125,169.2550048828125,169.2550048828125,169.2550048828125,169.2550048828125,210.0
2024-03-01 14:34:00,KTRA,0.10119999945163727,0.10119999945163727,0.10119999945163727,0.10119999945163727,0.10119999945163727,146.0
2024-03-01 14:34:00,KURA,21.920000076293945,21.920000076293945,21.920000076293945,21.90999984741211,21.90999984741211,1351.0
2024-03-01 14:34:00,KYMR,44.09000015258789,44.09000015258789,44.119998931884766,44.07360076904297,44.07360076904297,1634.0
2024-03-01 14:34:00,KZR,1.0600999593734741,1.0600999593734741,1.065000057220459,1.059999942779541,1.065000057220459,13442.0
2024-03-01 14:34:00,LAB,2.4649999141693115,2.4649999141693115,2.4649999141693115,2.4614999294281006,2.4649999141693115,2657.0
2024-03-01 14:34:00,LBPH,21.709999084472656,21.709999084472656,21.739999771118164,21.690000534057617,21.719999313354492,1651.0
2024-03-01 14:34:00,LEGN,65.26000213623047,65.26000213623047,65.26000213623047,65.16000366210938,65.16000366210938,1613.0
2024-03-01 14:34:00,LFMD,7.960000038146973,7.960000038146973,8.0,7.960000038146973,8.0,4383.0
2024-03-01 14:34:00,LFST,7.735000133514404,7.735000133514404,7.735000133514404,7.735000133514404,7.735000133514404,877.0
2024-03-01 14:34:00,LGND,78.20500183105469,78.20500183105469,78.20500183105469,78.20500183105469,78.20500183105469,120.0
2024-03-01 14:34:00,LIFE,1.899999976158142,1.899999976158142,1.899999976158142,1.899999976158142,1.899999976158142,0.0
2024-03-01 14:34:00,LNTH,64.5999984741211,64.5999984741211,64.5999984741211,64.5999984741211,64.5999984741211,100.0
2024-03-01 14:34:00,LQDA,14.65999984741211,14.65999984741211,14.65999984741211,14.65999984741211,14.65999984741211,122.0
2024-03-01 14:34:00,LRMR,11.300000190734863,11.300000190734863,11.3100004196167,11.300000190734863,11.3100004196167,204.0
2024-03-01 14:34:00,LUCD,1.2400000095367432,1.2400000095367432,1.2400000095367432,1.2400000095367432,1.2400000095367432,277.0
2024-03-01 14:34:00,LUNG,9.470000267028809,9.470000267028809,9.470000267028809,9.470000267028809,9.470000267028809,314.0
2024-03-01 14:34:00,LVTX,2.7899999618530273,2.7899999618530273,2.7899999618530273,2.759999990463257,2.759999990463257,1766.0
2024-03-01 14:34:00,LXRX,2.515000104904175,2.515000104904175,2.515000104904175,2.515000104904175,2.515000104904175,703.0
2024-03-01 14:34:00,LYEL,3.1649999618530273,3.1649999618530273,3.1649999618530273,3.1649999618530273,3.1649999618530273,102.0
2024-03-01 14:34:00,LYRA,5.679999828338623,5.679999828338623,5.679999828338623,5.679999828338623,5.679999828338623,100.0
2024-03-01 14:34:00,MASI,126.90499877929688,126.90499877929688,126.90499877929688,126.90499877929688,126.90499877929688,191.0
2024-03-01 14:34:00,MCRB,1.2201000452041626,1.2201000452041626,1.2201000452041626,1.2200000286102295,1.2200000286102295,1295.0
2024-03-01 14:34:00,MDGL,250.3350067138672,250.3350067138672,250.3350067138672,250.3350067138672,250.3350067138672,706.0
2024-03-01 14:34:00,MDRX,6.0,6.0,6.050000190734863,5.989999771118164,5.989999771118164,13126.0
2024-03-01 14:34:00,MDXG,8.670000076293945,8.670000076293945,8.670000076293945,8.670000076293945,8.670000076293945,657.0
2024-03-01 14:34:00,MDXH,3.7300000190734863,3.7300000190734863,3.7300000190734863,3.7300000190734863,3.7300000190734863,100.0
2024-03-01 14:34:00,ME,0.5590000152587891,0.5590000152587891,0.5608999729156494,0.558899998664856,0.5608999729156494,4827.0
2024-03-01 14:34:00,MEDP,400.9649963378906,400.9649963378906,401.0299987792969,400.7449951171875,400.9599914550781,2166.0
2024-03-01 14:34:00,MGNX,18.950000762939453,18.950000762939453,18.950000762939453,18.920000076293945,18.920000076293945,2645.0
2024-03-01 14:34:00,MLTX,50.849998474121094,50.849998474121094,50.86940002441406,50.650001525878906,50.650001525878906,3230.0
2024-03-01 14:34:00,MMSI,76.33999633789062,76.33999633789062,76.34500122070312,76.30999755859375,76.34500122070312,1007.0
2024-03-01 14:34:00,MNKD,4.554999828338623,4.554999828338623,4.554999828338623,4.54010009765625,4.545000076293945,9408.0
2024-03-01 14:34:00,MNMD,6.199999809265137,6.199999809265137,6.199999809265137,6.199999809265137,6.199999809265137,573.0
2024-03-01 14:34:00,MNPR,0.8798999786376953,0.8798999786376953,0.8888000249862671,0.8798999786376953,0.8888000249862671,1902.0
2024-03-01 14:34:00,MODD,1.8849999904632568,1.8849999904632568,1.8849999904632568,1.8849999904632568,1.8849999904632568,300.0
2024-03-01 14:34:00,MOLN,4.159999847412109,4.159999847412109,4.159999847412109,4.159999847412109,4.159999847412109,166.0
2024-03-01 14:34:00,MREO,3.984999895095825,3.984999895095825,3.984999895095825,3.9749999046325684,3.9751999378204346,4647.0
2024-03-01 14:34:00,MRNA,95.53500366210938,95.53500366210938,95.53500366210938,95.41999816894531,95.41999816894531,7101.0
2024-03-01 14:34:00,MRSN,5.974999904632568,5.974999904632568,5.974999904632568,5.965000152587891,5.965000152587891,2097.0
2024-03-01 14:34:00,MRUS,51.09000015258789,51.09000015258789,51.09000015258789,51.06999969482422,51.06999969482422,832.0
2024-03-01 14:34:00,MRVI,7.760000228881836,7.760000228881836,7.760000228881836,7.760000228881836,7.760000228881836,458.0
2024-03-01 14:34:00,MYGN,22.15999984741211,22.15999984741211,22.15999984741211,22.15999984741211,22.15999984741211,401.0
2024-03-01 14:34:00,MYMD,3.369999885559082,3.369999885559082,3.369999885559082,3.359999895095825,3.359999895095825,339.0
2024-03-01 14:34:00,NARI,46.04999923706055,46.04999923706055,46.04999923706055,46.04499816894531,46.04499816894531,1865.0
2024-03-01 14:34:00,NBIX,131.67999267578125,131.67999267578125,131.69000244140625,131.63999938964844,131.63999938964844,1728.0
2024-03-01 14:34:00,NBSE,0.8776000142097473,0.8776000142097473,0.8776000142097473,0.8776000142097473,0.8776000142097473,5000.0
2024-03-01 14:34:00,NDRA,1.1799999475479126,1.1799999475479126,1.1799999475479126,1.1699999570846558,1.1790000200271606,5831.0
2024-03-01 14:34:00,NEO,16.110000610351562,16.110000610351562,16.110000610351562,16.079999923706055,16.079999923706055,1606.0
2024-03-01 14:34:00,NEOG,17.385000228881836,17.385000228881836,17.385000228881836,17.3799991607666,17.3799991607666,1645.0
2024-03-01 14:34:00,NGM,1.5199999809265137,1.5199999809265137,1.524999976158142,1.5199999809265137,1.5199999809265137,1260.0
2024-03-01 14:34:00,NKTR,0.781000018119812,0.781000018119812,0.781000018119812,0.7807999849319458,0.7807999849319458,600.0
2024-03-01 14:34:00,NLSP,0.39489999413490295,0.39489999413490295,0.39489999413490295,0.39489999413490295,0.39489999413490295,225.0
2024-03-01 14:34:00,NNOX,10.800000190734863,10.800000190734863,10.800000190734863,10.734999656677246,10.734999656677246,13582.0
2024-03-01 14:34:00,NOTV,7.985000133514404,7.985000133514404,7.9857001304626465,7.96999979019165,7.9857001304626465,1290.0
2024-03-01 14:34:00,NRBO,6.210000038146973,6.210000038146973,6.21999979019165,6.190000057220459,6.21999979019165,4741.0
2024-03-01 14:34:00,NRIX,13.550000190734863,13.550000190734863,13.550000190734863,13.539999961853027,13.539999961853027,1543.0
2024-03-01 14:34:00,NRSN,2.0399999618530273,2.0399999618530273,2.0399999618530273,2.0399999618530273,2.0399999618530273,590.0
2024-03-01 14:34:00,NRXP,0.420199990272522,0.420199990272522,0.42305099964141846,0.420199990272522,0.42305099964141846,620.0
2024-03-01 14:34:00,NTLA,33.5,33.5,33.505001068115234,33.439998626708984,33.439998626708984,2254.0
2024-03-01 14:34:00,NTRA,89.16000366210938,89.16000366210938,89.29000091552734,89.16000366210938,89.2249984741211,6420.0
2024-03-01 14:34:00,NUVL,87.48500061035156,87.48500061035156,87.48500061035156,87.48500061035156,87.48500061035156,184.0
2024-03-01 14:34:00,NVAX,5.315000057220459,5.315000057220459,5.320000171661377,5.281700134277344,5.284999847412109,91413.0
2024-03-01 14:34:00,NVCR,16.1299991607666,16.1299991607666,16.1299991607666,16.1299991607666,16.1299991607666,133.0
2024-03-01 14:34:00,NVNO,6.420000076293945,6.420000076293945,6.449999809265137,6.420000076293945,6.440000057220459,1419.0
2024-03-01 14:34:00,NVOS,0.6378999948501587,0.6378999948501587,0.6378999948501587,0.6378999948501587,0.6378999948501587,161.0
2024-03-01 14:34:00,NXTC,1.809999942779541,1.809999942779541,1.815000057220459,1.7999999523162842,1.815000057220459,2720.0
2024-03-01 14:34:00,OCGN,0.9592000246047974,0.9592000246047974,0.9599999785423279,0.9585000276565552,0.9599000215530396,26416.0
2024-03-01 14:34:00,OCUL,10.694999694824219,10.694999694824219,10.704999923706055,10.694999694824219,10.694999694824219,1668.0
2024-03-01 14:34:00,OKYO,1.4900000095367432,1.4900000095367432,1.4900000095367432,1.4900000095367432,1.4900000095367432,125.0
2024-03-01 14:34:00,OLK,23.045000076293945,23.045000076293945,23.045000076293945,23.040000915527344,23.040000915527344,800.0
2024-03-01 14:34:00,OLMA,14.9399995803833,14.9399995803833,14.9399995803833,14.9399995803833,14.9399995803833,1279.0
2024-03-01 14:34:00,OMGA,4.400000095367432,4.400000095367432,4.400000095367432,4.400000095367432,4.400000095367432,269.0
2024-03-01 14:34:00,ONTX,0.8199999928474426,0.8199999928474426,0.8199999928474426,0.8199999928474426,0.8199999928474426,2658.0
2024-03-01 14:35:00,ABCL,5.150000095367432,5.150000095367432,5.150000095367432,5.150000095367432,5.150000095367432,278.0
2024-03-01 14:35:00,ABEO,7.715000152587891,7.715000152587891,7.715000152587891,7.715000152587891,7.715000152587891,150.0
2024-03-01 14:35:00,ABOS,4.650000095367432,4.650000095367432,4.65500020980835,4.650000095367432,4.65500020980835,347.0
2024-03-01 14:35:00,ABSI,5.525000095367432,5.525000095367432,5.545000076293945,5.519999980926514,5.539999961853027,3893.0
2024-03-01 14:35:00,ACAD,24.139999389648438,24.139999389648438,24.145000457763672,24.139999389648438,24.145000457763672,1196.0
2024-03-01 14:35:00,ACET,2.3949999809265137,2.3949999809265137,2.4000000953674316,2.390000104904175,2.4000000953674316,900.0
2024-03-01 14:35:00,ACHC,84.38999938964844,84.38999938964844,84.41999816894531,84.38999938964844,84.38999938964844,615.0
2024-03-01 14:35:00,ACLX,68.54499816894531,68.54499816894531,68.68000030517578,68.54499816894531,68.68000030517578,2983.0
2024-03-01 14:35:00,ACON,0.3974500000476837,0.3974500000476837,0.39980000257492065,0.3974500000476837,0.39980000257492065,200.0
2024-03-01 14:35:00,ACRS,1.2300000190734863,1.2300000190734863,1.2350000143051147,1.2300000190734863,1.2300000190734863,6020.0
2024-03-01 14:35:00,ADIL,3.0,3.0,3.049999952316284,2.990000009536743,3.009999990463257,67159.0
2024-03-01 14:35:00,ADMA,5.539999961853027,5.539999961853027,5.545000076293945,5.539999961853027,5.545000076293945,2401.0
2024-03-01 14:35:00,ADPT,4.09499979019165,4.09499979019165,4.09499979019165,4.09499979019165,4.09499979019165,213.0
2024-03-01 14:35:00,ADUS,93.80999755859375,93.80999755859375,93.80999755859375,93.80999755859375,93.80999755859375,251.0
2024-03-01 14:35:00,ADVM,1.9800000190734863,1.9800000190734863,1.9800000190734863,1.9702999591827393,1.9800000190734863,11831.0
2024-03-01 14:35:00,AEMD,1.6699999570846558,1.6699999570846558,1.6699999570846558,1.6699999570846558,1.6699999570846558,1140.0
2024-03-01 14:35:00,AFMD,0.6714000105857849,0.6714000105857849,0.6714000105857849,0.6700999736785889,0.6700999736785889,5282.0
2024-03-01 14:35:00,AGEN,0.670074999332428,0.670074999332428,0.670074999332428,0.6700000166893005,0.670074999332428,4657.0
2024-03-01 14:35:00,AGIO,32.5,32.5,32.6150016784668,32.5,32.6150016784668,2466.0
2024-03-01 14:35:00,AIH,0.5319929718971252,0.5319929718971252,0.5322999954223633,0.5319929718971252,0.5321990251541138,2747.0
2024-03-01 14:35:00,AIRS,6.46999979019165,6.46999979019165,6.46999979019165,6.46999979019165,6.46999979019165,100.0
2024-03-01 14:35:00,AKAN,0.20999999344348907,0.20999999344348907,0.21089999377727509,0.20999999344348907,0.21089999377727509,8425.0
2024-03-01 14:35:00,AKBA,1.6799999475479126,1.6799999475479126,1.690000057220459,1.6799999475479126,1.6799999475479126,400.0
2024-03-01 14:35:00,ALEC,7.480000019073486,7.480000019073486,7.480000019073486,7.480000019073486,7.480000019073486,139.0
2024-03-01 14:35:00,ALGN,302.659912109375,302.659912109375,302.659912109375,302.659912109375,302.659912109375,851.0
2024-03-01 14:35:00,ALHC,5.75,5.75,5.75,5.75,5.75,704.0
2024-03-01 14:35:00,ALKS,30.30500030517578,30.30500030517578,30.3080997467041,30.295000076293945,30.30500030517578,2142.0
2024-03-01 14:35:00,ALLK,1.6549999713897705,1.6549999713897705,1.6561000347137451,1.6549999713897705,1.6549999713897705,1509.0
2024-03-01 14:35:00,ALLO,5.019100189208984,5.019100189208984,5.019100189208984,5.010000228881836,5.010000228881836,1027.0
2024-03-01 14:35:00,ALNY,153.4199981689453,153.4199981689453,153.42999267578125,153.4199981689453,153.42999267578125,817.0
2024-03-01 14:35:00,ALPN,36.22999954223633,36.22999954223633,36.22999954223633,36.220001220703125,36.220001220703125,1161.0
2024-03-01 14:35:00,ALT,12.039999961853027,12.039999961853027,12.050000190734863,12.029999732971191,12.029999732971191,1492.0
2024-03-01 14:35:00,ALZN,0.910099983215332,0.910099983215332,0.910099983215332,0.910099983215332,0.910099983215332,617.0
2024-03-01 14:35:00,AMED,93.69499969482422,93.69499969482422,93.69499969482422,93.63999938964844,93.63999938964844,736.0
2024-03-01 14:35:00,AMGN,280.8800048828125,280.8800048828125,280.92999267578125,280.760009765625,280.92999267578125,8323.0
2024-03-01 14:35:00,AMLX,18.764999389648438,18.764999389648438,18.790000915527344,18.764999389648438,18.770000457763672,6371.0
2024-03-01 14:35:00,AMPH,45.54499816894531,45.54499816894531,45.564998626708984,45.529998779296875,45.54999923706055,2855.0
2024-03-01 14:35:00,AMRN,1.059999942779541,1.059999942779541,1.059999942779541,1.0549999475479126,1.0549999475479126,377.0
2024-03-01 14:35:00,ANGO,5.494999885559082,5.494999885559082,5.494999885559082,5.494999885559082,5.494999885559082,350.0
2024-03-01 14:35:00,ANNX,6.059999942779541,6.059999942779541,6.079999923706055,6.059999942779541,6.079999923706055,2412.0
2024-03-01 14:35:00,ANTX,3.009999990463257,3.009999990463257,3.009999990463257,3.009999990463257,3.009999990463257,1447.0
2024-03-01 14:35:00,APLS,64.36000061035156,64.36000061035156,64.47000122070312,64.33999633789062,64.41000366210938,2882.0
2024-03-01 14:35:00,APLT,7.090000152587891,7.090000152587891,7.099999904632568,7.085000038146973,7.090000152587891,4814.0
2024-03-01 14:35:00,AQST,4.150000095367432,4.150000095367432,4.150000095367432,4.135000228881836,4.138999938964844,3310.0
2024-03-01 14:35:00,ARAY,2.6449999809265137,2.6449999809265137,2.6449999809265137,2.640000104904175,2.640000104904175,828.0
2024-03-01 14:35:00,ARCT,39.619998931884766,39.619998931884766,39.66999816894531,39.619998931884766,39.66999816894531,910.0
2024-03-01 14:35:00,ARDX,9.484999656677246,9.484999656677246,9.5,9.484999656677246,9.494999885559082,5328.0
2024-03-01 14:35:00,ARQT,11.59000015258789,11.59000015258789,11.609100341796875,11.59000015258789,11.600000381469727,3092.0
2024-03-01 14:35:00,ARTL,1.5006999969482422,1.5006999969482422,1.5006999969482422,1.5006999969482422,1.5006999969482422,716.0
2024-03-01 14:35:00,ARVN,48.70000076293945,48.70000076293945,48.7400016784668,48.70000076293945,48.7400016784668,735.0
2024-03-01 14:35:00,ARWR,35.400001525878906,35.400001525878906,35.400001525878906,35.369998931884766,35.369998931884766,1202.0
2024-03-01 14:35:00,ASLN,0.7396010160446167,0.7396010160446167,0.7396010160446167,0.7396010160446167,0.7396010160446167,346.0
2024-03-01 14:35:00,ASND,153.3300018310547,153.3300018310547,153.3300018310547,153.3300018310547,153.3300018310547,910.0
2024-03-01 14:35:00,ASRT,0.9028000235557556,0.9028000235557556,0.9032999873161316,0.9028000235557556,0.9032999873161316,205.0
2024-03-01 14:35:00,ATAI,2.1649999618530273,2.1649999618530273,2.1649999618530273,2.1649999618530273,2.1649999618530273,142.0
2024-03-01 14:35:00,ATEC,13.4399995803833,13.4399995803833,13.4399995803833,13.4350004196167,13.4350004196167,909.0
2024-03-01 14:35:00,ATRA,0.7900000214576721,0.7900000214576721,0.7900000214576721,0.7886000275611877,0.7888000011444092,1841.0
2024-03-01 14:35:00,ATRC,36.040000915527344,36.040000915527344,36.040000915527344,36.005001068115234,36.005001068115234,1061.0
2024-03-01 14:35:00,ATXS,14.9399995803833,14.9399995803833,14.9399995803833,14.920000076293945,14.920000076293945,1103.0
2024-03-01 14:35:00,AUGX,4.519999980926514,4.519999980926514,4.519999980926514,4.519999980926514,4.519999980926514,100.0
2024-03-01 14:35:00,AUPH,5.815000057220459,5.815000057220459,5.815000057220459,5.812099933624268,5.815000057220459,1054.0
2024-03-01 14:35:00,AURA,9.354999542236328,9.354999542236328,9.354999542236328,9.354999542236328,9.354999542236328,100.0
2024-03-01 14:35:00,AUTL,6.34499979019165,6.34499979019165,6.349999904632568,6.34499979019165,6.349999904632568,200.0
2024-03-01 14:35:00,AVDL,13.260000228881836,13.260000228881836,13.260000228881836,13.260000228881836,13.260000228881836,100.0
2024-03-01 14:35:00,AVIR,4.460000038146973,4.460000038146973,4.460000038146973,4.460000038146973,4.460000038146973,433.0
2024-03-01 14:35:00,AVTE,24.0,24.0,24.010000228881836,24.0,24.010000228881836,3205.0
2024-03-01 14:35:00,AVXL,5.364999771118164,5.364999771118164,5.364999771118164,5.364999771118164,5.364999771118164,330.0
2024-03-01 14:35:00,AXGN,10.555000305175781,10.555000305175781,10.555000305175781,10.555000305175781,10.555000305175781,353.0
2024-03-01 14:35:00,AXNX,67.42030334472656,67.42030334472656,67.42500305175781,67.41999816894531,67.42500305175781,1329.0
2024-03-01 14:35:00,AXSM,82.27999877929688,82.27999877929688,82.27999877929688,82.27999877929688,82.27999877929688,484.0
2024-03-01 14:35:00,AZN,64.6500015258789,64.6500015258789,64.66000366210938,64.6500015258789,64.66000366210938,4209.0
2024-03-01 14:35:00,BBIO,35.98500061035156,35.98500061035156,35.98500061035156,35.98500061035156,35.98500061035156,200.0
2024-03-01 14:35:00,BCAB,2.7699999809265137,2.7699999809265137,2.7699999809265137,2.7699999809265137,2.7699999809265137,467.0
2024-03-01 14:35:00,BCDA,0.5768010020256042,0.5768010020256042,0.5768010020256042,0.5768010020256042,0.5768010020256042,1000.0
2024-03-01 14:35:00,BCRX,5.715000152587891,5.715000152587891,5.715000152587891,5.715000152587891,5.715000152587891,450.0
2024-03-01 14:35:00,BCYC,25.875,25.875,25.875,25.875,25.875,272.0
2024-03-01 14:35:00,BDSX,1.6452000141143799,1.6452000141143799,1.6452000141143799,1.6452000141143799,1.6452000141143799,140.0
2024-03-01 14:35:00,BDTX,4.769999980926514,4.769999980926514,4.78000020980835,4.760000228881836,4.78000020980835,1654.0
2024-03-01 14:35:00,BEAM,40.000099182128906,40.000099182128906,40.025001525878906,40.0,40.025001525878906,2955.0
2024-03-01 14:35:00,BGNE,167.0050048828125,167.0050048828125,167.0050048828125,167.0050048828125,167.0050048828125,223.0
2024-03-01 14:35:00,BIIB,220.97999572753906,220.97999572753906,221.09500122070312,220.97999572753906,221.09500122070312,1189.0
2024-03-01 14:35:00,BIVI,2.096299886703491,2.096299886703491,2.0999999046325684,2.069999933242798,2.0850000381469727,28321.0
2024-03-01 14:35:00,BLUE,1.590000033378601,1.590000033378601,1.5950000286102295,1.590000033378601,1.5950000286102295,5412.0
2024-03-01 14:35:00,BMEA,18.280000686645508,18.280000686645508,18.329999923706055,18.280000686645508,18.329999923706055,900.0
2024-03-01 14:35:00,BMRN,88.05999755859375,88.05999755859375,88.08999633789062,88.02999877929688,88.08999633789062,3484.0
2024-03-01 14:35:00,BNGO,1.263100028038025,1.263100028038025,1.2649999856948853,1.263100028038025,1.2649999856948853,1225.0
2024-03-01 14:35:00,BNR,0.8194000124931335,0.8194000124931335,0.8208000063896179,0.8194000124931335,0.8194000124931335,500.0
2024-03-01 14:35:00,BPMC,96.55999755859375,96.55999755859375,96.55999755859375,96.5,96.51499938964844,326.0
2024-03-01 14:35:00,BSGM,0.66839998960495,0.66839998960495,0.66839998960495,0.66839998960495,0.66839998960495,114.0
2024-03-01 14:35:00,BTTX,0.18199999630451202,0.18199999630451202,0.18379999697208405,0.18199999630451202,0.18299999833106995,14874.0
2024-03-01 14:35:00,BWAY,6.510300159454346,6.510300159454346,6.510300159454346,6.510300159454346,6.510300159454346,225.0
2024-03-01 14:35:00,BYSI,1.4903000593185425,1.4903000593185425,1.4903000593185425,1.4903000593185425,1.4903000593185425,216.0
2024-03-01 14:35:00,CABA,24.0,24.0,24.010000228881836,23.989999771118164,24.0,4696.0
2024-03-01 14:35:00,CADL,1.7000000476837158,1.7000000476837158,1.7000000476837158,1.7000000476837158,1.7000000476837158,100.0
2024-03-01 14:35:00,CAPR,4.519999980926514,4.519999980926514,4.519999980926514,4.519999980926514,4.519999980926514,486.0
2024-03-01 14:35:00,CARA,0.9399999976158142,0.9399999976158142,0.9399999976158142,0.9399999976158142,0.9399999976158142,107.0
2024-03-01 14:35:00,CBAY,32.224998474121094,32.224998474121094,32.22999954223633,32.220001220703125,32.22999954223633,12263.0
2024-03-01 14:35:00,CCCC,11.010000228881836,11.010000228881836,11.015000343322754,11.005000114440918,11.010000228881836,14788.0
2024-03-01 14:35:00,CCRN,18.25,18.25,18.25,18.21500015258789,18.219999313354492,2327.0
2024-03-01 14:35:00,CDMO,8.199999809265137,8.199999809265137,8.199999809265137,8.199999809265137,8.199999809265137,722.0
2024-03-01 14:35:00,CDNA,12.520000457763672,12.520000457763672,12.579999923706055,12.494999885559082,12.569999694824219,17738.0
2024-03-01 14:35:00,CDTX,0.7330999970436096,0.7330999970436096,0.7330999970436096,0.7330999970436096,0.7330999970436096,155.0
2024-03-01 14:35:00,CDXS,4.559999942779541,4.559999942779541,4.559999942779541,4.550000190734863,4.554999828338623,837.0
2024-03-01 14:35:00,CELC,16.975000381469727,16.975000381469727,17.0,16.954999923706055,17.0,1956.0
2024-03-01 14:35:00,CERE,41.092498779296875,41.092498779296875,41.099998474121094,41.092498779296875,41.092498779296875,707.0
2024-03-01 14:35:00,CERT,18.094999313354492,18.094999313354492,18.094999313354492,18.094999313354492,18.094999313354492,688.0
2024-03-01 14:35:00,CGC,3.2149999141693115,3.2149999141693115,3.2249999046325684,3.2149999141693115,3.220099925994873,4431.0
2024-03-01 14:35:00,CGEM,18.760000228881836,18.760000228881836,18.760000228881836,18.760000228881836,18.760000228881836,636.0
2024-03-01 14:35:00,CGEN,2.6700000762939453,2.6700000762939453,2.6700000762939453,2.6649999618530273,2.6698999404907227,6053.0
2024-03-01 14:35:00,CHRS,2.4149999618530273,2.4149999618530273,2.4149999618530273,2.4107000827789307,2.4119999408721924,1131.0
2024-03-01 14:35:00,CJJD,2.8785998821258545,2.8785998821258545,2.8785998821258545,2.809999942779541,2.859999895095825,2908.0
2024-03-01 14:35:00,CKPT,2.190000057220459,2.190000057220459,2.190000057220459,2.190000057220459,2.190000057220459,204.0
2024-03-01 14:35:00,CLDX,52.06999969482422,52.06999969482422,52.10499954223633,52.060001373291016,52.10499954223633,3093.0
2024-03-01 14:35:00,CLNN,0.38499000668525696,0.38499000668525696,0.38499999046325684,0.38499000668525696,0.38499999046325684,3768.0
2024-03-01 14:35:00,CLOV,0.8672000169754028,0.8672000169754028,0.8672999739646912,0.8672000169754028,0.8672999739646912,5179.0
2024-03-01 14:35:00,CLRB,4.098999977111816,4.098999977111816,4.098999977111816,4.098999977111816,4.098999977111816,115.0
2024-03-01 14:35:00,CMPS,11.729999542236328,11.729999542236328,11.729999542236328,11.710000038146973,11.710000038146973,951.0
2024-03-01 14:35:00,COGT,7.224999904632568,7.224999904632568,7.224999904632568,7.224999904632568,7.224999904632568,1604.0
2024-03-01 14:35:00,COLL,36.540000915527344,36.540000915527344,36.540000915527344,36.540000915527344,36.540000915527344,541.0
2024-03-01 14:35:00,CORT,24.25,24.25,24.25,24.242399215698242,24.242399215698242,677.0
2024-03-01 14:35:00,CPRX,17.139999389648438,17.139999389648438,17.155000686645508,17.128400802612305,17.155000686645508,6050.0
2024-03-01 14:35:00,CPSI,9.390000343322754,9.390000343322754,9.390000343322754,9.390000343322754,9.390000343322754,201.0
2024-03-01 14:35:00,CRBU,7.909999847412109,7.909999847412109,7.909999847412109,7.909999847412109,7.909999847412109,932.0
2024-03-01 14:35:00,CRDF,2.565000057220459,2.565000057220459,2.5899999141693115,2.550100088119507,2.5799999237060547,31387.0
2024-03-01 14:35:00,CRMD,3.690000057220459,3.690000057220459,3.690000057220459,3.690000057220459,3.690000057220459,114.0
2024-03-01 14:35:00,CRNX,46.415000915527344,46.415000915527344,46.41999816894531,46.415000915527344,46.41999816894531,422.0
2024-03-01 14:35:00,CRON,2.0350000858306885,2.0350000858306885,2.0350000858306885,2.0350000858306885,2.0350000858306885,515.0
2024-03-01 14:35:00,CRSP,85.26010131835938,85.26010131835938,85.37000274658203,85.26010131835938,85.37000274658203,1619.0
2024-03-01 14:35:00,CRVS,2.2049999237060547,2.2049999237060547,2.2049999237060547,2.2049999237060547,2.2049999237060547,250.0
2024-03-01 14:35:00,CSTL,19.729999542236328,19.729999542236328,19.739999771118164,19.729999542236328,19.739999771118164,713.0
2024-03-01 14:35:00,CTKB,9.0,9.0,9.010000228881836,8.989999771118164,9.0,10804.0
2024-03-01 14:35:00,CTMX,2.5399999618530273,2.5399999618530273,2.5399999618530273,2.5299999713897705,2.5399999618530273,6145.0
2024-03-01 14:35:00,CUE,2.174999952316284,2.174999952316284,2.174999952316284,2.174999952316284,2.174999952316284,144.0
2024-03-01 14:35:00,CUTR,2.375,2.375,2.375,2.375,2.375,200.0
2024-03-01 14:35:00,CVRX,20.65999984741211,20.65999984741211,20.65999984741211,20.65999984741211,20.65999984741211,1163.0
2024-03-01 14:35:00,CYTH,1.6399999856948853,1.6399999856948853,1.6399999856948853,1.6399999856948853,1.6399999856948853,165.0
2024-03-01 14:35:00,CYTK,73.54000091552734,73.54000091552734,73.54000091552734,73.54000091552734,73.54000091552734,127.0
2024-03-01 14:35:00,DAWN,17.725000381469727,17.725000381469727,17.725000381469727,17.719999313354492,17.725000381469727,2089.0
2024-03-01 14:35:00,DCGO,4.130000114440918,4.130000114440918,4.135000228881836,4.130000114440918,4.130000114440918,1111.0
2024-03-01 14:35:00,DCPH,17.679399490356445,17.679399490356445,17.684999465942383,17.670000076293945,17.684999465942383,1798.0
2024-03-01 14:35:00,DH,8.90999984741211,8.90999984741211,8.90999984741211,8.90999984741211,8.90999984741211,351.0
2024-03-01 14:35:00,DMTK,0.8497989773750305,0.8497989773750305,0.8497989773750305,0.8399999737739563,0.8399999737739563,12167.0
2024-03-01 14:35:00,DNLI,21.299999237060547,21.299999237060547,21.309999465942383,21.299999237060547,21.309999465942383,994.0
2024-03-01 14:35:00,DRIO,2.0,2.0,2.0,1.9950000047683716,1.9950000047683716,1540.0
2024-03-01 14:35:00,DTIL,12.470000267028809,12.470000267028809,12.470000267028809,12.460000038146973,12.470000267028809,2748.0
2024-03-01 14:35:00,DVAX,12.835000038146973,12.835000038146973,12.835000038146973,12.835000038146973,12.835000038146973,403.0
2024-03-01 14:35:00,DXCM,121.37999725341797,121.37999725341797,121.5199966430664,121.37999725341797,121.5199966430664,5730.0
2024-03-01 14:35:00,DYN,29.1299991607666,29.1299991607666,29.170000076293945,29.1299991607666,29.170000076293945,1584.0
2024-03-01 14:35:00,EDAP,6.840000152587891,6.840000152587891,6.840000152587891,6.840000152587891,6.840000152587891,627.0
2024-03-01 14:35:00,EDIT,10.869999885559082,10.869999885559082,10.875,10.869999885559082,10.869999885559082,1816.0
2024-03-01 14:35:00,EFTR,16.25,16.25,16.25,16.25,16.25,576.0
2024-03-01 14:35:00,EGRX,6.690000057220459,6.690000057220459,6.690000057220459,6.675000190734863,6.675000190734863,224.0
2024-03-01 14:35:00,EIGR,7.257800102233887,7.257800102233887,7.257800102233887,7.257800102233887,7.257800102233887,174.0
2024-03-01 14:35:00,EKSO,2.0,2.0,2.0,2.0,2.0,1154.0
2024-03-01 14:35:00,ELEV,5.034999847412109,5.034999847412109,5.065000057220459,5.03000020980835,5.065000057220459,3208.0
2024-03-01 14:35:00,ENTA,15.556900024414062,15.556900024414062,15.556900024414062,15.556900024414062,15.556900024414062,100.0
2024-03-01 14:35:00,ENVB,1.5399999618530273,1.5399999618530273,1.5399999618530273,1.5299999713897705,1.5305999517440796,1748.0
2024-03-01 14:35:00,EOLS,14.750100135803223,14.750100135803223,14.770000457763672,14.750100135803223,14.770000457763672,688.0
2024-03-01 14:35:00,ERAS,2.505000114440918,2.505000114440918,2.505000114440918,2.5009000301361084,2.5009000301361084,858.0
2024-03-01 14:35:00,ESPR,2.5532000064849854,2.5532000064849854,2.555000066757202,2.5532000064849854,2.555000066757202,1016.0
2024-03-01 14:35:00,ESTA,43.2599983215332,43.2599983215332,43.27000045776367,43.2599983215332,43.27000045776367,822.0
2024-03-01 14:35:00,ETNB,12.90999984741211,12.90999984741211,12.9399995803833,12.899999618530273,12.9399995803833,3816.0
2024-03-01 14:35:00,EWTX,16.979999542236328,16.979999542236328,16.989999771118164,16.979999542236328,16.989999771118164,514.0
2024-03-01 14:35:00,EXAS,59.88999938964844,59.88999938964844,60.07659912109375,59.88999938964844,60.07500076293945,8743.0
2024-03-01 14:35:00,EXEL,22.40999984741211,22.40999984741211,22.415000915527344,22.40999984741211,22.415000915527344,2053.0
2024-03-01 14:35:00,EYEN,2.379300117492676,2.379300117492676,2.379300117492676,2.379300117492676,2.379300117492676,204.0
2024-03-01 14:35:00,EYPT,27.829999923706055,27.829999923706055,27.829999923706055,27.829999923706055,27.829999923706055,708.0
2024-03-01 14:35:00,FATE,7.789999961853027,7.789999961853027,7.789999961853027,7.78000020980835,7.78000020980835,659.0
2024-03-01 14:35:00,FBIO,2.3754000663757324,2.3754000663757324,2.3754000663757324,2.3754000663757324,2.3754000663757324,415.0
2024-03-01 14:35:00,FDMT,29.31999969482422,29.31999969482422,29.344999313354492,29.31999969482422,29.344999313354492,740.0
2024-03-01 14:35:00,FEMY,1.7340999841690063,1.7340999841690063,1.7340999841690063,1.7340999841690063,1.7340999841690063,530.0
2024-03-01 14:35:00,FGEN,1.850000023841858,1.850000023841858,1.850000023841858,1.850000023841858,1.850000023841858,1443.0
2024-03-01 14:35:00,FIXX,0.9286999702453613,0.9286999702453613,0.9286999702453613,0.9286999702453613,0.9286999702453613,100.0
2024-03-01 14:35:00,FLGT,23.184999465942383,23.184999465942383,23.200000762939453,23.18000030517578,23.200000762939453,490.0
2024-03-01 14:35:00,FOLD,13.375,13.375,13.380000114440918,13.375,13.375,4991.0
2024-03-01 14:35:00,FULC,11.010000228881836,11.010000228881836,11.010000228881836,11.010000228881836,11.010000228881836,240.0
2024-03-01 14:35:00,FUSN,12.239999771118164,12.239999771118164,12.239999771118164,12.225000381469727,12.225000381469727,621.0
2024-03-01 14:35:00,GDRX,8.414999961853027,8.414999961853027,8.414999961853027,8.411100387573242,8.414999961853027,2099.0
2024-03-01 14:35:00,GERN,2.244999885559082,2.244999885559082,2.25,2.240000009536743,2.240000009536743,79356.0
2024-03-01 14:35:00,GH,19.094999313354492,19.094999313354492,19.1299991607666,19.094999313354492,19.1299991607666,1904.0
2024-03-01 14:35:00,GILD,72.40499877929688,72.40499877929688,72.42500305175781,72.39289855957031,72.42500305175781,4601.0
2024-03-01 14:35:00,GLTO,0.8023999929428101,0.8023999929428101,0.8023999929428101,0.7998999953269958,0.7998999953269958,1510.0
2024-03-01 14:35:00,GMAB,29.420000076293945,29.420000076293945,29.420000076293945,29.40999984741211,29.40999984741211,894.0
2024-03-01 14:35:00,GNPX,4.617000102996826,4.617000102996826,4.617000102996826,4.59499979019165,4.59499979019165,1800.0
2024-03-01 14:35:00,GOSS,1.4129999876022339,1.4129999876022339,1.4129999876022339,1.4129999876022339,1.4129999876022339,1750.0
2024-03-01 14:35:00,GOVX,2.5299999713897705,2.5299999713897705,2.5299999713897705,2.5299999713897705,2.5299999713897705,876.0
2024-03-01 14:35:00,GRFS,7.010000228881836,7.010000228881836,7.019999980926514,7.005000114440918,7.005000114440918,9382.0
2024-03-01 14:35:00,GRTS,2.0350000858306885,2.0350000858306885,2.0399999618530273,2.030100107192993,2.039799928665161,1308.0
2024-03-01 14:35:00,GRTX,0.23309999704360962,0.23309999704360962,0.23309999704360962,0.23309999704360962,0.23309999704360962,600.0
2024-03-01 14:35:00,GTHX,3.7699999809265137,3.7699999809265137,3.7699999809265137,3.7699999809265137,3.7699999809265137,875.0
2024-03-01 14:35:00,HALO,41.38999938964844,41.38999938964844,41.38999938964844,41.38999938964844,41.38999938964844,231.0
2024-03-01 14:35:00,HARP,22.950000762939453,22.950000762939453,22.950000762939453,22.94499969482422,22.94499969482422,1392.0
2024-03-01 14:35:00,HCAT,8.210000038146973,8.210000038146973,8.210000038146973,8.210000038146973,8.210000038146973,2507.0
2024-03-01 14:35:00,HCTI,2.0100998878479004,2.0100998878479004,2.0100998878479004,1.9800000190734863,1.9901000261306763,4066.0
2024-03-01 14:35:00,HLTH,0.2632000148296356,0.2632000148296356,0.2632000148296356,0.2632000148296356,0.2632000148296356,1500.0
2024-03-01 14:35:00,HLVX,19.145000457763672,19.145000457763672,19.145000457763672,19.145000457763672,19.145000457763672,617.0
2024-03-01 14:35:00,HOLX,74.33499908447266,74.33499908447266,74.36000061035156,74.33000183105469,74.36000061035156,1425.0
2024-03-01 14:35:00,HOWL,7.014999866485596,7.014999866485596,7.014999866485596,7.014999866485596,7.014999866485596,147.0
2024-03-01 14:35:00,HQY,81.37999725341797,81.37999725341797,81.44000244140625,81.37999725341797,81.44000244140625,1925.0
2024-03-01 14:35:00,HRMY,31.625,31.625,31.625,31.625,31.625,212.0
2024-03-01 14:35:00,HROW,10.920000076293945,10.920000076293945,10.920000076293945,10.899999618530273,10.899999618530273,1646.0
2024-03-01 14:35:00,HRTX,2.619999885559082,2.619999885559082,2.619999885559082,2.6198999881744385,2.619999885559082,363.0
2024-03-01 14:35:00,HSIC,76.81999969482422,76.81999969482422,76.83000183105469,76.81999969482422,76.83000183105469,626.0
2024-03-01 14:35:00,HUMA,3.2249999046325684,3.2249999046325684,3.2298998832702637,3.2200000286102295,3.2298998832702637,2973.0
2024-03-01 14:35:00,IART,36.25,36.25,36.27000045776367,36.2400016784668,36.2599983215332,5503.0
2024-03-01 14:35:00,IBRX,4.869999885559082,4.869999885559082,4.880000114440918,4.869999885559082,4.875,2639.0
2024-03-01 14:35:00,ICAD,1.8700000047683716,1.8700000047683716,1.8700000047683716,1.8700000047683716,1.8700000047683716,3050.0
2024-03-01 14:35:00,ICLR,324.489990234375,324.489990234375,324.489990234375,324.4549865722656,324.4549865722656,1172.0
2024-03-01 14:35:00,IDYA,46.720001220703125,46.720001220703125,46.775001525878906,46.709999084472656,46.7599983215332,2006.0
2024-03-01 14:35:00,IFRX,1.7450000047683716,1.7450000047683716,1.7450000047683716,1.7450000047683716,1.7450000047683716,152.0
2024-03-01 14:35:00,ILMN,141.77000427246094,141.77000427246094,141.77000427246094,141.77000427246094,141.77000427246094,403.0
2024-03-01 14:35:00,IMCR,67.94499969482422,67.94499969482422,67.94499969482422,67.94499969482422,67.94499969482422,292.0
2024-03-01 14:35:00,IMMX,3.509999990463257,3.509999990463257,3.509999990463257,3.509999990463257,3.509999990463257,100.0
2024-03-01 14:35:00,IMNM,25.290000915527344,25.290000915527344,25.290000915527344,25.25,25.280000686645508,1613.0
2024-03-01 14:35:00,IMTX,12.869999885559082,12.869999885559082,12.869999885559082,12.869999885559082,12.869999885559082,374.0
2024-03-01 14:35:00,IMVT,35.790000915527344,35.790000915527344,35.810001373291016,35.790000915527344,35.810001373291016,2279.0
2024-03-01 14:35:00,INBX,36.625,36.625,36.625,36.625,36.625,517.0
2024-03-01 14:35:00,INCY,59.150001525878906,59.150001525878906,59.16999816894531,59.150001525878906,59.16999816894531,1222.0
2024-03-01 14:35:00,INGN,6.739999771118164,6.739999771118164,6.739999771118164,6.739999771118164,6.739999771118164,404.0
2024-03-01 14:35:00,INMD,22.864999771118164,22.864999771118164,22.889999389648438,22.850000381469727,22.889999389648438,7262.0
2024-03-01 14:35:00,INSM,28.06999969482422,28.06999969482422,28.1299991607666,28.06999969482422,28.1200008392334,2989.0
2024-03-01 14:35:00,INVA,15.5,15.5,15.5,15.5,15.5,715.0
2024-03-01 14:35:00,INZY,6.619999885559082,6.619999885559082,6.622700214385986,6.619900226593018,6.619999885559082,3992.0
2024-03-01 14:35:00,IOBT,1.8200000524520874,1.8200000524520874,1.8499000072479248,1.8200000524520874,1.8499000072479248,2692.0
2024-03-01 14:35:00,IONS,46.040000915527344,46.040000915527344,46.040000915527344,46.040000915527344,46.040000915527344,390.0
2024-03-01 14:35:00,IOVA,16.96500015258789,16.96500015258789,16.985000610351562,16.959999084472656,16.979999542236328,20914.0
2024-03-01 14:35:00,IPSC,3.9049999713897705,3.9049999713897705,3.9049999713897705,3.9049999713897705,3.9049999713897705,100.0
2024-03-01 14:35:00,IRMD,41.45000076293945,41.45000076293945,41.45000076293945,41.45000076293945,41.45000076293945,233.0
2024-03-01 14:35:00,IRWD,9.085000038146973,9.085000038146973,9.09000015258789,9.085000038146973,9.09000015258789,5055.0
2024-03-01 14:35:00,ISRG,397.05999755859375,397.05999755859375,397.1400146484375,397.0539855957031,397.1400146484375,4893.0
2024-03-01 14:35:00,ITCI,71.83999633789062,71.83999633789062,71.87999725341797,71.83999633789062,71.87999725341797,1037.0
2024-03-01 14:35:00,ITRM,1.2899999618530273,1.2899999618530273,1.2899999618530273,1.2890000343322754,1.2890000343322754,299.0
2024-03-01 14:35:00,IXHL,5.454999923706055,5.454999923706055,5.454999923706055,5.454999923706055,5.454999923706055,116.0
2024-03-01 14:35:00,JAGX,0.09099999815225601,0.09099999815225601,0.09099999815225601,0.08990000188350677,0.09030000120401382,777494.0
2024-03-01 14:35:00,JANX,45.95000076293945,45.95000076293945,46.0099983215332,45.95000076293945,46.0099983215332,5672.0
2024-03-01 14:35:00,JAZZ,118.9800033569336,118.9800033569336,118.9800033569336,118.91000366210938,118.97000122070312,569.0
2024-03-01 14:35:00,KALV,14.15999984741211,14.15999984741211,14.15999984741211,14.149999618530273,14.15999984741211,733.0
2024-03-01 14:35:00,KNSA,21.81999969482422,21.81999969482422,21.860000610351562,21.81999969482422,21.860000610351562,1340.0
2024-03-01 14:35:00,KNTE,2.5950000286102295,2.5950000286102295,2.5999999046325684,2.5950000286102295,2.5999999046325684,1155.0
2024-03-01 14:35:00,KPTI,1.1649999618530273,1.1649999618530273,1.1649999618530273,1.1649999618530273,1.1649999618530273,500.0
2024-03-01 14:35:00,KRTX,316.04998779296875,316.04998779296875,316.04998779296875,316.04998779296875,316.04998779296875,176.0
2024-03-01 14:35:00,KRYS,169.27000427246094,169.27000427246094,169.4600067138672,169.27000427246094,169.4600067138672,585.0
2024-03-01 14:35:00,KTRA,0.10180000215768814,0.10180000215768814,0.1023000031709671,0.10109999775886536,0.10180000215768814,22795.0
2024-03-01 14:35:00,KURA,21.895000457763672,21.895000457763672,21.895000457763672,21.895000457763672,21.895000457763672,262.0
2024-03-01 14:35:00,KYMR,44.150001525878906,44.150001525878906,44.150001525878906,44.08000183105469,44.09000015258789,1763.0
2024-03-01 14:35:00,KZIA,0.25,0.25,0.257999986410141,0.25,0.257999986410141,7148.0
2024-03-01 14:35:00,KZR,1.065000057220459,1.065000057220459,1.065000057220459,1.065000057220459,1.065000057220459,705.0
2024-03-01 14:35:00,LAB,2.4649999141693115,2.4649999141693115,2.4700000286102295,2.4649999141693115,2.4649999141693115,1252.0
2024-03-01 14:35:00,LEXX,2.7981998920440674,2.7981998920440674,2.7981998920440674,2.7981998920440674,2.7981998920440674,591.0
2024-03-01 14:35:00,LFLY,2.9800000190734863,2.9800000190734863,2.9800000190734863,2.9800000190734863,2.9800000190734863,103.0
2024-03-01 14:35:00,LFMD,7.960000038146973,7.960000038146973,7.965000152587891,7.960000038146973,7.965000152587891,1610.0
2024-03-01 14:35:00,LFST,7.735000133514404,7.735000133514404,7.739999771118164,7.730000019073486,7.730000019073486,5314.0
2024-03-01 14:35:00,LMAT,67.88999938964844,67.88999938964844,67.94499969482422,67.88999938964844,67.94499969482422,626.0
2024-03-01 14:35:00,LNTH,64.5999984741211,64.5999984741211,64.5999984741211,64.5999984741211,64.5999984741211,301.0
2024-03-01 14:35:00,LQDA,14.65999984741211,14.65999984741211,14.65999984741211,14.65999984741211,14.65999984741211,260.0
2024-03-01 14:35:00,LRMR,11.300000190734863,11.300000190734863,11.369999885559082,11.300000190734863,11.369999885559082,310.0
2024-03-01 14:35:00,LTRN,4.375,4.375,4.375,4.375,4.375,324.0
2024-03-01 14:35:00,LUNG,9.460000038146973,9.460000038146973,9.470000267028809,9.460000038146973,9.464599609375,1493.0
2024-03-01 14:35:00,LVTX,2.799999952316284,2.799999952316284,2.799999952316284,2.759999990463257,2.759999990463257,882.0
2024-03-01 14:35:00,LXRX,2.5199999809265137,2.5199999809265137,2.5199999809265137,2.515000104904175,2.515000104904175,485.0
2024-03-01 14:35:00,LYEL,3.1700000762939453,3.1700000762939453,3.1700000762939453,3.1700000762939453,3.1700000762939453,106.0
2024-03-01 14:35:00,LYRA,5.710000038146973,5.710000038146973,5.710000038146973,5.710000038146973,5.710000038146973,134.0
2024-03-01 14:35:00,MACK,14.710000038146973,14.710000038146973,14.710000038146973,14.710000038146973,14.710000038146973,664.0
2024-03-01 14:35:00,MASI,126.88500213623047,126.88500213623047,126.88999938964844,126.88500213623047,126.88999938964844,673.0
2024-03-01 14:35:00,MBOT,1.3300000429153442,1.3300000429153442,1.3300000429153442,1.3300000429153442,1.3300000429153442,503.0
2024-03-01 14:35:00,MCRB,1.2200000286102295,1.2200000286102295,1.2300000190734863,1.2200000286102295,1.2200000286102295,601.0
2024-03-01 14:35:00,MDRX,6.0,6.0,6.050000190734863,6.0,6.050000190734863,82884.0
2024-03-01 14:35:00,MDXG,8.670000076293945,8.670000076293945,8.670000076293945,8.670000076293945,8.670000076293945,851.0
2024-03-01 14:35:00,ME,0.558899998664856,0.558899998664856,0.5605999827384949,0.558899998664856,0.5605999827384949,8678.0
2024-03-01 14:35:00,MLTX,50.90999984741211,50.90999984741211,50.90999984741211,50.90999984741211,50.90999984741211,370.0
2024-03-01 14:35:00,MMSI,76.33000183105469,76.33000183105469,76.33999633789062,76.30000305175781,76.30000305175781,865.0
2024-03-01 14:35:00,MNKD,4.525000095367432,4.525000095367432,4.559999942779541,4.525000095367432,4.554999828338623,72925.0
2024-03-01 14:35:00,MNMD,6.20989990234375,6.20989990234375,6.20989990234375,6.20989990234375,6.20989990234375,522.0
2024-03-01 14:35:00,MNPR,0.8969990015029907,0.8969990015029907,0.8969990015029907,0.8969990015029907,0.8969990015029907,195.0
2024-03-01 14:35:00,MODD,1.8799999952316284,1.8799999952316284,1.8849999904632568,1.8799999952316284,1.8849999904632568,884.0
2024-03-01 14:35:00,MORF,39.67499923706055,39.67499923706055,39.67499923706055,39.65999984741211,39.65999984741211,1234.0
2024-03-01 14:35:00,MREO,3.984999895095825,3.984999895095825,3.9899001121520996,3.984999895095825,3.98799991607666,6986.0
2024-03-01 14:35:00,MRNA,95.48500061035156,95.48500061035156,95.56919860839844,95.48500061035156,95.55500030517578,4559.0
2024-03-01 14:35:00,MRNS,10.319999694824219,10.319999694824219,10.329999923706055,10.319999694824219,10.329999923706055,2114.0
2024-03-01 14:35:00,MRSN,5.965000152587891,5.965000152587891,5.980000019073486,5.965000152587891,5.974999904632568,2368.0
2024-03-01 14:35:00,MRUS,51.04999923706055,51.04999923706055,51.08000183105469,51.04999923706055,51.06999969482422,823.0
2024-03-01 14:35:00,MRVI,7.75,7.75,7.752999782562256,7.75,7.75,710.0
2024-03-01 14:35:00,MXCT,4.744999885559082,4.744999885559082,4.744999885559082,4.744999885559082,4.744999885559082,540.0
2024-03-01 14:35:00,MYGN,22.145000457763672,22.145000457763672,22.149999618530273,22.139999389648438,22.139999389648438,1653.0
2024-03-01 14:35:00,MYNZ,0.8619999885559082,0.8619999885559082,0.8619999885559082,0.8619999885559082,0.8619999885559082,600.0
2024-03-01 14:35:00,NARI,45.869998931884766,45.869998931884766,46.084999084472656,45.83000183105469,46.06999969482422,6935.0
2024-03-01 14:35:00,NDRA,1.159999966621399,1.159999966621399,1.1660000085830688,1.159999966621399,1.1649999618530273,2901.0
2024-03-01 14:35:00,NEO,16.15999984741211,16.15999984741211,16.15999984741211,16.1200008392334,16.1200008392334,2591.0
2024-03-01 14:35:00,NEOG,17.385000228881836,17.385000228881836,17.385000228881836,17.38010025024414,17.385000228881836,1859.0
2024-03-01 14:35:00,NGM,1.5199999809265137,1.5199999809265137,1.5199999809265137,1.5199999809265137,1.5199999809265137,345.0
2024-03-01 14:35:00,NKTR,0.781000018119812,0.781000018119812,0.781000018119812,0.781000018119812,0.781000018119812,906.0
2024-03-01 14:35:00,NKTX,12.550000190734863,12.550000190734863,12.550000190734863,12.550000190734863,12.550000190734863,295.0
2024-03-01 14:35:00,NMTC,1.25,1.25,1.25,1.25,1.25,4001.0
2024-03-01 14:35:00,NNOX,10.720000267028809,10.720000267028809,10.800000190734863,10.699999809265137,10.800000190734863,31535.0
2024-03-01 14:35:00,NOTV,7.989999771118164,7.989999771118164,7.989999771118164,7.989999771118164,7.989999771118164,254.0
2024-03-01 14:35:00,NPCE,16.170000076293945,16.170000076293945,16.239999771118164,16.170000076293945,16.239999771118164,1062.0
2024-03-01 14:35:00,NRBO,6.150599956512451,6.150599956512451,6.199999809265137,6.150000095367432,6.190000057220459,5286.0
2024-03-01 14:35:00,NRIX,13.609999656677246,13.609999656677246,13.609999656677246,13.545000076293945,13.545000076293945,6886.0
2024-03-01 14:35:00,NTLA,33.47999954223633,33.47999954223633,33.505001068115234,33.47999954223633,33.505001068115234,2835.0
2024-03-01 14:35:00,NTRA,89.08999633789062,89.08999633789062,89.13999938964844,89.08000183105469,89.13999938964844,2666.0
2024-03-01 14:35:00,NUVL,87.4000015258789,87.4000015258789,87.4000015258789,87.4000015258789,87.4000015258789,167.0
2024-03-01 14:35:00,NUWE,0.5800999999046326,0.5800999999046326,0.5800999999046326,0.5756000280380249,0.5756000280380249,1661.0
2024-03-01 14:35:00,NVAX,5.324999809265137,5.324999809265137,5.329999923706055,5.320000171661377,5.320000171661377,13033.0
2024-03-01 14:35:00,NVCR,16.1200008392334,16.1200008392334,16.125,16.1200008392334,16.125,1606.0
2024-03-01 14:35:00,NVCT,10.744999885559082,10.744999885559082,10.744999885559082,10.744999885559082,10.744999885559082,145.0
2024-03-01 14:35:00,NVNO,6.420000076293945,6.420000076293945,6.449999809265137,6.420000076293945,6.449999809265137,1201.0
2024-03-01 14:35:00,NXTC,1.7999999523162842,1.7999999523162842,1.815000057220459,1.7999999523162842,1.815000057220459,200.0
2024-03-01 14:35:00,OCGN,0.9599999785423279,0.9599999785423279,0.9599999785423279,0.9599999785423279,0.9599999785423279,10430.0
2024-03-01 14:35:00,OCUL,10.6899995803833,10.6899995803833,10.699999809265137,10.6899995803833,10.699999809265137,5455.0
2024-03-01 14:35:00,OCUP,2.4821999073028564,2.4821999073028564,2.4821999073028564,2.4821999073028564,2.4821999073028564,500.0
2024-03-01 14:35:00,OGI,2.174999952316284,2.174999952316284,2.174999952316284,2.174999952316284,2.174999952316284,100.0
2024-03-01 14:35:00,OLK,23.030000686645508,23.030000686645508,23.040000915527344,23.030000686645508,23.040000915527344,2959.0
2024-03-01 14:35:00,OLMA,14.925000190734863,14.925000190734863,14.939900398254395,14.925000190734863,14.939900398254395,433.0
2024-03-01 14:35:00,OMCL,26.56999969482422,26.56999969482422,26.56999969482422,26.56999969482422,26.56999969482422,279.0
2024-03-01 14:35:00,OMGA,4.390900135040283,4.390900135040283,4.400000095367432,4.390900135040283,4.400000095367432,1120.0
2024-03-01 14:36:00,AADI,1.9700000286102295,1.9700000286102295,1.9700000286102295,1.9700000286102295,1.9700000286102295,102.0
2024-03-01 14:36:00,ABCL,5.150000095367432,5.150000095367432,5.150000095367432,5.150000095367432,5.150000095367432,644.0
2024-03-01 14:36:00,ABEO,7.690000057220459,7.690000057220459,7.691800117492676,7.690000057220459,7.691800117492676,1301.0
2024-03-01 14:36:00,ABOS,4.650000095367432,4.650000095367432,4.650000095367432,4.639999866485596,4.650000095367432,9503.0
2024-03-01 14:36:00,ABSI,5.514999866485596,5.514999866485596,5.525000095367432,5.510000228881836,5.525000095367432,4042.0
2024-03-01 14:36:00,ACAD,24.18000030517578,24.18000030517578,24.18000030517578,24.1299991607666,24.1299991607666,4588.0
2024-03-01 14:36:00,ACB,3.184999942779541,3.184999942779541,3.190000057220459,3.184999942779541,3.184999942779541,485.0
2024-03-01 14:36:00,ACCD,10.095000267028809,10.095000267028809,10.095000267028809,10.095000267028809,10.095000267028809,258.0
2024-03-01 14:36:00,ACET,2.3924999237060547,2.3924999237060547,2.4000000953674316,2.3924999237060547,2.4000000953674316,200.0
2024-03-01 14:36:00,ACLX,68.58999633789062,68.58999633789062,68.58999633789062,68.5199966430664,68.5199966430664,849.0
2024-03-01 14:36:00,ACON,0.39989998936653137,0.39989998936653137,0.39989998936653137,0.39989998936653137,0.39989998936653137,395.0
2024-03-01 14:36:00,ACRS,1.2300000190734863,1.2300000190734863,1.2350000143051147,1.2300000190734863,1.2350000143051147,1650.0
2024-03-01 14:36:00,ADIL,3.0028998851776123,3.0028998851776123,3.0199999809265137,2.9800000190734863,3.0199999809265137,48844.0
2024-03-01 14:36:00,ADMA,5.547500133514404,5.547500133514404,5.547500133514404,5.539999961853027,5.543000221252441,1289.0
2024-03-01 14:36:00,ADPT,4.090000152587891,4.090000152587891,4.090000152587891,4.090000152587891,4.090000152587891,4400.0
2024-03-01 14:36:00,ADUS,93.75,93.75,93.75,93.75,93.75,2438.0
2024-03-01 14:36:00,ADVM,1.9800000190734863,1.9800000190734863,1.9850000143051147,1.9700000286102295,1.9800000190734863,3477.0
2024-03-01 14:36:00,AFMD,0.671500027179718,0.671500027179718,0.671500027179718,0.6700000166893005,0.6700000166893005,8100.0
2024-03-01 14:36:00,AGEN,0.6700000166893005,0.6700000166893005,0.670074999332428,0.6700000166893005,0.6700500249862671,3026.0
2024-03-01 14:36:00,AGIO,32.494998931884766,32.494998931884766,32.494998931884766,32.470001220703125,32.4900016784668,1343.0
2024-03-01 14:36:00,AHCO,10.46500015258789,10.46500015258789,10.46500015258789,10.46500015258789,10.46500015258789,814.0
2024-03-01 14:36:00,AIH,0.5249999761581421,0.5249999761581421,0.5320000052452087,0.5249999761581421,0.5320000052452087,200.0
2024-03-01 14:36:00,AIMD,0.949999988079071,0.949999988079071,0.949999988079071,0.949999988079071,0.949999988079071,351.0
2024-03-01 14:36:00,AIRS,6.460000038146973,6.460000038146973,6.460000038146973,6.460000038146973,6.460000038146973,101.0
2024-03-01 14:36:00,AKAN,0.210099995136261,0.210099995136261,0.210099995136261,0.210099995136261,0.210099995136261,1971.0
2024-03-01 14:36:00,AKBA,1.684999942779541,1.684999942779541,1.690000057220459,1.684999942779541,1.690000057220459,600.0
2024-03-01 14:36:00,AKRO,29.280000686645508,29.280000686645508,29.309999465942383,29.170000076293945,29.170000076293945,5013.0
2024-03-01 14:36:00,ALDX,4.300000190734863,4.300000190734863,4.300000190734863,4.300000190734863,4.300000190734863,1082.0
2024-03-01 14:36:00,ALEC,7.485000133514404,7.485000133514404,7.489999771118164,7.485000133514404,7.485000133514404,3203.0
2024-03-01 14:36:00,ALGS,1.070099949836731,1.070099949836731,1.070099949836731,1.070099949836731,1.070099949836731,100.0
2024-03-01 14:36:00,ALHC,5.739999771118164,5.739999771118164,5.75,5.739999771118164,5.75,602.0
2024-03-01 14:36:00,ALKS,30.299999237060547,30.299999237060547,30.309999465942383,30.299999237060547,30.309999465942383,1464.0
2024-03-01 14:36:00,ALLK,1.6549999713897705,1.6549999713897705,1.659999966621399,1.649999976158142,1.659999966621399,9700.0
2024-03-01 14:36:00,ALLO,5.034999847412109,5.034999847412109,5.034999847412109,5.010000228881836,5.010000228881836,14070.0
2024-03-01 14:36:00,ALNY,153.58999633789062,153.58999633789062,153.58999633789062,153.42999267578125,153.42999267578125,848.0
2024-03-01 14:36:00,ALPN,36.27000045776367,36.27000045776367,36.27000045776367,36.25,36.25,1153.0
2024-03-01 14:36:00,ALT,12.050000190734863,12.050000190734863,12.050000190734863,12.029999732971191,12.039999961853027,3876.0
2024-03-01 14:36:00,ALVO,15.619999885559082,15.619999885559082,15.625,15.619999885559082,15.619999885559082,2896.0
2024-03-01 14:36:00,ALXO,15.039999961853027,15.039999961853027,15.039999961853027,15.039999961853027,15.039999961853027,301.0
2024-03-01 14:36:00,AMGN,280.92999267578125,280.92999267578125,280.92999267578125,280.82000732421875,280.8851013183594,2805.0
2024-03-01 14:36:00,AMLX,18.760000228881836,18.760000228881836,18.770000457763672,18.760000228881836,18.770000457763672,2511.0
2024-03-01 14:36:00,AMPH,45.59000015258789,45.59000015258789,45.59000015258789,45.54499816894531,45.54499816894531,3760.0
2024-03-01 14:36:00,AMRN,1.0549999475479126,1.0549999475479126,1.0549999475479126,1.0549999475479126,1.0549999475479126,306.0
2024-03-01 14:36:00,ANNX,6.079999923706055,6.079999923706055,6.099999904632568,6.059999942779541,6.070000171661377,3796.0
2024-03-01 14:36:00,APLS,64.36000061035156,64.36000061035156,64.37000274658203,64.2699966430664,64.29499816894531,5771.0
2024-03-01 14:36:00,APLT,7.070000171661377,7.070000171661377,7.079999923706055,7.070000171661377,7.079999923706055,3481.0
2024-03-01 14:36:00,APVO,0.16019999980926514,0.16019999980926514,0.16019999980926514,0.16019999980926514,0.16019999980926514,107.0
2024-03-01 14:36:00,AQST,4.159999847412109,4.159999847412109,4.159999847412109,4.150000095367432,4.150000095367432,4386.0
2024-03-01 14:36:00,ARDX,9.5,9.5,9.5,9.484999656677246,9.484999656677246,2790.0
2024-03-01 14:36:00,ARGX,393.2699890136719,393.2699890136719,393.2699890136719,393.2699890136719,393.2699890136719,515.0
2024-03-01 14:36:00,ARQT,11.630000114440918,11.630000114440918,11.630000114440918,11.595000267028809,11.595000267028809,7053.0
2024-03-01 14:36:00,ARVN,48.80500030517578,48.80500030517578,48.83000183105469,48.75,48.779998779296875,3205.0
2024-03-01 14:36:00,ARWR,35.39500045776367,35.39500045776367,35.40999984741211,35.39500045776367,35.400001525878906,1010.0
2024-03-01 14:36:00,ASLN,0.7681999802589417,0.7681999802589417,0.7681999802589417,0.7681999802589417,0.7681999802589417,530.0
2024-03-01 14:36:00,ASND,153.38499450683594,153.38499450683594,153.38499450683594,153.38499450683594,153.38499450683594,106.0
2024-03-01 14:36:00,ASRT,0.9025999903678894,0.9025999903678894,0.9061999917030334,0.9025999903678894,0.9028000235557556,381.0
2024-03-01 14:36:00,ATAI,2.160099983215332,2.160099983215332,2.1649999618530273,2.1600000858306885,2.1649999618530273,4260.0
2024-03-01 14:36:00,ATEC,13.4350004196167,13.4350004196167,13.4350004196167,13.4350004196167,13.4350004196167,539.0
2024-03-01 14:36:00,ATHA,3.984999895095825,3.984999895095825,3.984999895095825,3.984999895095825,3.984999895095825,112.0
2024-03-01 14:36:00,ATHE,1.7999999523162842,1.7999999523162842,1.7999999523162842,1.7999999523162842,1.7999999523162842,903.0
2024-03-01 14:36:00,ATRA,0.791700005531311,0.791700005531311,0.791700005531311,0.7893999814987183,0.7900000214576721,4104.0
2024-03-01 14:36:00,ATXS,14.979999542236328,14.979999542236328,14.979999542236328,14.9399995803833,14.9399995803833,1537.0
2024-03-01 14:36:00,AUGX,4.53000020980835,4.53000020980835,4.53000020980835,4.519999980926514,4.519999980926514,507.0
2024-03-01 14:36:00,AUPH,5.829999923706055,5.829999923706055,5.829999923706055,5.815000057220459,5.815000057220459,5072.0
2024-03-01 14:36:00,AURA,9.354999542236328,9.354999542236328,9.369999885559082,9.354999542236328,9.369999885559082,231.0
2024-03-01 14:36:00,AUTL,6.34499979019165,6.34499979019165,6.349999904632568,6.34499979019165,6.349999904632568,200.0
2024-03-01 14:36:00,AVDL,13.270000457763672,13.270000457763672,13.270000457763672,13.260000228881836,13.260000228881836,61551.0
2024-03-01 14:36:00,AVTE,24.1200008392334,24.1200008392334,24.1200008392334,24.0,24.0,1673.0
2024-03-01 14:36:00,AVXL,5.375,5.375,5.375,5.369999885559082,5.369999885559082,1650.0
2024-03-01 14:36:00,AXDX,0.9700000286102295,0.9700000286102295,0.9700000286102295,0.9700000286102295,0.9700000286102295,153.0
2024-03-01 14:36:00,AXNX,67.4000015258789,67.4000015258789,67.43000030517578,67.4000015258789,67.4000015258789,46309.0
2024-03-01 14:36:00,AXSM,82.2699966430664,82.2699966430664,82.2699966430664,82.20999908447266,82.20999908447266,1698.0
2024-03-01 14:36:00,AZN,64.68000030517578,64.68000030517578,64.68000030517578,64.65499877929688,64.65499877929688,4843.0
2024-03-01 14:36:00,AZTA,66.91999816894531,66.91999816894531,66.93000030517578,66.91999816894531,66.93000030517578,1044.0
2024-03-01 14:36:00,BBIO,35.959999084472656,35.959999084472656,35.959999084472656,35.959999084472656,35.959999084472656,714.0
2024-03-01 14:36:00,BBLG,2.4700000286102295,2.4700000286102295,2.5199999809265137,2.4700000286102295,2.5199999809265137,215.0
2024-03-01 14:36:00,BCAB,2.7899999618530273,2.7899999618530273,2.7899999618530273,2.7799999713897705,2.7799999713897705,938.0
2024-03-01 14:36:00,BCDA,0.5767999887466431,0.5767999887466431,0.5767999887466431,0.5767999887466431,0.5767999887466431,2000.0
2024-03-01 14:36:00,BCEL,0.2671999931335449,0.2671999931335449,0.2671999931335449,0.2671999931335449,0.2671999931335449,100.0
2024-03-01 14:36:00,BCLI,0.34850001335144043,0.34850001335144043,0.34850001335144043,0.34850001335144043,0.34850001335144043,408.0
2024-03-01 14:36:00,BCRX,5.715000152587891,5.715000152587891,5.71999979019165,5.715000152587891,5.715000152587891,1157.0
2024-03-01 14:36:00,BCYC,25.920000076293945,25.920000076293945,25.920000076293945,25.920000076293945,25.920000076293945,384.0
2024-03-01 14:36:00,BDSX,1.625,1.625,1.625,1.625,1.625,0.0
2024-03-01 14:36:00,BDTX,4.769999980926514,4.769999980926514,4.78000020980835,4.769999980926514,4.78000020980835,756.0
2024-03-01 14:36:00,BEAM,40.04499816894531,40.04499816894531,40.06999969482422,40.029998779296875,40.04999923706055,2362.0
2024-03-01 14:36:00,BGNE,166.66000366210938,166.66000366210938,166.8350067138672,166.55999755859375,166.82000732421875,1673.0
2024-03-01 14:36:00,BGXX,0.2556999921798706,0.2556999921798706,0.25609898567199707,0.2531999945640564,0.25609898567199707,3460.0
2024-03-01 14:36:00,BIIB,221.02999877929688,221.02999877929688,221.1699981689453,220.97000122070312,221.07000732421875,5141.0
2024-03-01 14:36:00,BIOL,0.14350000023841858,0.14350000023841858,0.14399999380111694,0.14350000023841858,0.14390000700950623,9116.0
2024-03-01 14:36:00,BIOR,1.1247999668121338,1.1247999668121338,1.1247999668121338,1.1247999668121338,1.1247999668121338,295.0
2024-03-01 14:36:00,BIVI,2.140000104904175,2.140000104904175,2.1500000953674316,2.0799999237060547,2.089900016784668,141494.0
2024-03-01 14:36:00,BLFS,18.040000915527344,18.040000915527344,18.09000015258789,18.040000915527344,18.09000015258789,895.0
2024-03-01 14:36:00,BLUE,1.590000033378601,1.590000033378601,1.59660005569458,1.590000033378601,1.590000033378601,5710.0
2024-03-01 14:36:00,BMRN,88.0999984741211,88.0999984741211,88.0999984741211,88.04000091552734,88.04000091552734,3911.0
2024-03-01 14:36:00,BNR,0.8190000057220459,0.8190000057220459,0.8191999793052673,0.8190000057220459,0.8191999793052673,402.0
2024-03-01 14:36:00,BNTX,91.18000030517578,91.18000030517578,91.19000244140625,91.12000274658203,91.12000274658203,1297.0
2024-03-01 14:36:00,BPMC,96.58999633789062,96.58999633789062,96.58999633789062,96.55999755859375,96.55999755859375,1672.0
2024-03-01 14:36:00,BRKR,88.58999633789062,88.58999633789062,88.58999633789062,88.58000183105469,88.58000183105469,754.0
2024-03-01 14:36:00,BTAI,3.2100000381469727,3.2100000381469727,3.2100000381469727,3.2100000381469727,3.2100000381469727,920.0
2024-03-01 14:36:00,BTTX,0.18400000035762787,0.18400000035762787,0.1848990023136139,0.18209999799728394,0.18400000035762787,17000.0
2024-03-01 14:36:00,CABA,24.0,24.0,24.0,24.0,24.0,632.0
2024-03-01 14:36:00,CAPR,4.519999980926514,4.519999980926514,4.519999980926514,4.519999980926514,4.519999980926514,4407.0
2024-03-01 14:36:00,CARA,0.9300500154495239,0.9300500154495239,0.9300500154495239,0.9300500154495239,0.9300500154495239,110.0
2024-03-01 14:36:00,CBAY,32.22999954223633,32.22999954223633,32.22999954223633,32.224998474121094,32.224998474121094,11974.0
2024-03-01 14:36:00,CCCC,11.03499984741211,11.03499984741211,11.03499984741211,11.010000228881836,11.015000343322754,7085.0
2024-03-01 14:36:00,CCRN,18.270000457763672,18.270000457763672,18.270000457763672,18.270000457763672,18.270000457763672,449.0
2024-03-01 14:36:00,CDMO,8.199999809265137,8.199999809265137,8.199999809265137,8.199999809265137,8.199999809265137,1246.0
2024-03-01 14:36:00,CDNA,12.430000305175781,12.430000305175781,12.460000038146973,12.41450023651123,12.460000038146973,3815.0
2024-03-01 14:36:00,CDXS,4.565000057220459,4.565000057220459,4.570000171661377,4.550000190734863,4.550000190734863,3238.0
2024-03-01 14:36:00,CELC,16.9950008392334,16.9950008392334,17.0,16.9950008392334,17.0,801.0
2024-03-01 14:36:00,CERE,41.10499954223633,41.10499954223633,41.10499954223633,41.092498779296875,41.092498779296875,4995.0
2024-03-01 14:36:00,CERS,2.174999952316284,2.174999952316284,2.180000066757202,2.174999952316284,2.180000066757202,6136.0
2024-03-01 14:36:00,CERT,18.094999313354492,18.094999313354492,18.094999313354492,18.094999313354492,18.094999313354492,618.0
2024-03-01 14:36:00,CGC,3.2149999141693115,3.2149999141693115,3.2149999141693115,3.2149999141693115,3.2149999141693115,729.0
2024-03-01 14:36:00,CGEM,18.719999313354492,18.719999313354492,18.719999313354492,18.719999313354492,18.719999313354492,414.0
2024-03-01 14:36:00,CHRS,2.410099983215332,2.410099983215332,2.4149999618530273,2.4100000858306885,2.4100000858306885,3257.0
2024-03-01 14:36:00,CLDX,52.20000076293945,52.20000076293945,52.20000076293945,52.05500030517578,52.060001373291016,2074.0
2024-03-01 14:36:00,CLNN,0.3849000036716461,0.3849000036716461,0.38499999046325684,0.3840999901294708,0.38495001196861267,7011.0
2024-03-01 14:36:00,CLOV,0.8669999837875366,0.8669999837875366,0.8672999739646912,0.8669999837875366,0.8672500252723694,23146.0
2024-03-01 14:36:00,CLRB,4.099999904632568,4.099999904632568,4.099999904632568,4.09499979019165,4.099999904632568,1733.0
2024-03-01 14:36:00,CMPS,11.789999961853027,11.789999961853027,11.789999961853027,11.720000267028809,11.729999542236328,18385.0
2024-03-01 14:36:00,CMRX,1.1964000463485718,1.1964000463485718,1.1964000463485718,1.1964000463485718,1.1964000463485718,495.0
2024-03-01 14:36:00,CNTA,10.859999656677246,10.859999656677246,10.859999656677246,10.859999656677246,10.859999656677246,330.0
2024-03-01 14:36:00,CODX,1.1500999927520752,1.1500999927520752,1.1510000228881836,1.149999976158142,1.1510000228881836,1800.0
2024-03-01 14:36:00,COGT,7.235000133514404,7.235000133514404,7.235000133514404,7.224999904632568,7.224999904632568,2238.0
2024-03-01 14:36:00,CORT,24.25,24.25,24.25,24.25,24.25,2473.0
2024-03-01 14:36:00,CPRX,17.145000457763672,17.145000457763672,17.145000457763672,17.110000610351562,17.145000457763672,6555.0
2024-03-01 14:36:00,CPSI,9.404999732971191,9.404999732971191,9.404999732971191,9.404999732971191,9.404999732971191,119.0
2024-03-01 14:36:00,CRBU,7.920000076293945,7.920000076293945,7.920000076293945,7.900000095367432,7.900000095367432,3524.0
2024-03-01 14:36:00,CRDF,2.70989990234375,2.70989990234375,2.7100000381469727,2.5697999000549316,2.5697999000549316,324579.0
2024-03-01 14:36:00,CRDL,1.9700000286102295,1.9700000286102295,1.9700000286102295,1.9700000286102295,1.9700000286102295,100.0
2024-03-01 14:36:00,CRNX,46.48699951171875,46.48699951171875,46.48699951171875,46.36000061035156,46.369998931884766,2220.0
2024-03-01 14:36:00,CRON,2.0350000858306885,2.0350000858306885,2.0360000133514404,2.0350000858306885,2.0350000858306885,1111.0
2024-03-01 14:36:00,CRSP,85.27999877929688,85.27999877929688,85.385498046875,85.27999877929688,85.385498046875,623.0
2024-03-01 14:36:00,CRVS,2.190000057220459,2.190000057220459,2.197499990463257,2.190000057220459,2.197499990463257,220.0
2024-03-01 14:36:00,CSTL,19.770000457763672,19.770000457763672,19.770000457763672,19.7549991607666,19.7549991607666,910.0
2024-03-01 14:36:00,CTKB,9.010000228881836,9.010000228881836,9.010000228881836,9.0,9.0,1336.0
2024-03-01 14:36:00,CTMX,2.5399999618530273,2.5399999618530273,2.5399999618530273,2.5299999713897705,2.5399999618530273,1200.0
2024-03-01 14:36:00,CTXR,0.7730000019073486,0.7730000019073486,0.7730000019073486,0.7730000019073486,0.7730000019073486,330.0
2024-03-01 14:36:00,CUTR,2.375,2.375,2.375,2.3701000213623047,2.3701000213623047,1167.0
2024-03-01 14:36:00,CVAC,3.4765000343322754,3.4765000343322754,3.4800000190734863,3.4749999046325684,3.4800000190734863,982.0
2024-03-01 14:36:00,CYTK,73.79000091552734,73.79000091552734,73.79000091552734,73.58000183105469,73.58000183105469,3712.0
2024-03-01 14:36:00,DARE,0.5698000192642212,0.5698000192642212,0.5698000192642212,0.5698000192642212,0.5698000192642212,1058.0
2024-03-01 14:36:00,DAWN,17.809999465942383,17.809999465942383,17.850000381469727,17.725000381469727,17.727500915527344,3288.0
2024-03-01 14:36:00,DCGO,4.130000114440918,4.130000114440918,4.132999897003174,4.130000114440918,4.130000114440918,460.0
2024-03-01 14:36:00,DCPH,17.704999923706055,17.704999923706055,17.709999084472656,17.68000030517578,17.68000030517578,1519.0
2024-03-01 14:36:00,DH,8.90999984741211,8.90999984741211,8.90999984741211,8.90999984741211,8.90999984741211,110.0
2024-03-01 14:36:00,DNLI,21.309999465942383,21.309999465942383,21.309999465942383,21.290000915527344,21.290000915527344,2017.0
2024-03-01 14:36:00,DSGN,2.9000000953674316,2.9000000953674316,2.9000000953674316,2.9000000953674316,2.9000000953674316,367.0
2024-03-01 14:36:00,DTIL,12.460000038146973,12.460000038146973,12.470000267028809,12.460000038146973,12.470000267028809,500.0
2024-03-01 14:36:00,DVAX,12.835000038146973,12.835000038146973,12.84000015258789,12.829999923706055,12.829999923706055,809.0
2024-03-01 14:36:00,DXCM,121.41000366210938,121.41000366210938,121.44000244140625,121.3499984741211,121.38999938964844,8129.0
2024-03-01 14:36:00,DYN,29.200000762939453,29.200000762939453,29.200000762939453,29.079999923706055,29.110000610351562,3063.0
2024-03-01 14:36:00,EDIT,10.890000343322754,10.890000343322754,10.890000343322754,10.869999885559082,10.869999885559082,1962.0
2024-03-01 14:36:00,EFTR,16.209999084472656,16.209999084472656,16.209999084472656,16.010000228881836,16.010000228881836,480.0
2024-03-01 14:36:00,EGRX,6.675000190734863,6.675000190734863,6.675000190734863,6.675000190734863,6.675000190734863,101.0
2024-03-01 14:36:00,EIGR,7.460000038146973,7.460000038146973,7.460000038146973,7.260000228881836,7.260000228881836,2006.0
2024-03-01 14:36:00,ELEV,5.079999923706055,5.079999923706055,5.079999923706055,5.039999961853027,5.039999961853027,14547.0
2024-03-01 14:36:00,ENSG,121.91999816894531,121.91999816894531,121.91999816894531,121.91999816894531,121.91999816894531,329.0
2024-03-01 14:36:00,ENTA,15.59000015258789,15.59000015258789,15.59000015258789,15.59000015258789,15.59000015258789,104.0
2024-03-01 14:36:00,ENVB,1.5399999618530273,1.5399999618530273,1.5399999618530273,1.5299999713897705,1.5299999713897705,1531.0
2024-03-01 14:36:00,EOLS,14.770000457763672,14.770000457763672,14.770000457763672,14.770000457763672,14.770000457763672,761.0
2024-03-01 14:36:00,ERAS,2.505000114440918,2.505000114440918,2.505000114440918,2.5000998973846436,2.5000998973846436,5410.0
2024-03-01 14:36:00,ESPR,2.555000066757202,2.555000066757202,2.555000066757202,2.555000066757202,2.555000066757202,531.0
2024-03-01 14:36:00,ESTA,43.970001220703125,43.970001220703125,44.0099983215332,43.05500030517578,43.38750076293945,15722.0
2024-03-01 14:36:00,ETNB,12.920000076293945,12.920000076293945,12.920000076293945,12.899999618530273,12.899999618530273,3806.0
2024-03-01 14:36:00,EVGN,0.9700000286102295,0.9700000286102295,0.9750499725341797,0.9700000286102295,0.9700999855995178,4800.0
2024-03-01 14:36:00,EWTX,17.010000228881836,17.010000228881836,17.010000228881836,17.0,17.0,2051.0
2024-03-01 14:36:00,EXAS,59.93000030517578,59.93000030517578,59.9375,59.880001068115234,59.89500045776367,2440.0
2024-03-01 14:36:00,EXEL,22.415000915527344,22.415000915527344,22.420000076293945,22.415000915527344,22.420000076293945,5656.0
2024-03-01 14:36:00,FATE,7.795000076293945,7.795000076293945,7.800000190734863,7.78000020980835,7.78000020980835,4655.0
2024-03-01 14:36:00,FEMY,1.7350000143051147,1.7350000143051147,1.7350000143051147,1.7350000143051147,1.7350000143051147,1000.0
2024-03-01 14:36:00,FENC,9.88010025024414,9.88010025024414,9.88010025024414,9.88010025024414,9.88010025024414,358.0
2024-03-01 14:36:00,FGEN,1.8401000499725342,1.8401000499725342,1.8450000286102295,1.8401000499725342,1.8450000286102295,1104.0
2024-03-01 14:36:00,FHTX,8.0600004196167,8.0600004196167,8.0600004196167,8.0600004196167,8.0600004196167,800.0
2024-03-01 14:36:00,FIXX,0.9286999702453613,0.9286999702453613,0.9286999702453613,0.9286999702453613,0.9286999702453613,103.0
2024-03-01 14:36:00,FLGT,23.180099487304688,23.180099487304688,23.180099487304688,23.180099487304688,23.180099487304688,328.0
2024-03-01 14:36:00,FOLD,13.390000343322754,13.390000343322754,13.395000457763672,13.375,13.375,6998.0
2024-03-01 14:36:00,FULC,10.989999771118164,10.989999771118164,10.989999771118164,10.989999771118164,10.989999771118164,100.0
2024-03-01 14:36:00,FUSN,12.229999542236328,12.229999542236328,12.239999771118164,12.220000267028809,12.239999771118164,1749.0
2024-03-01 14:36:00,GDRX,8.414999961853027,8.414999961853027,8.420000076293945,8.414999961853027,8.414999961853027,1362.0
2024-03-01 14:36:00,GENE,2.3499999046325684,2.3499999046325684,2.3499999046325684,2.3499999046325684,2.3499999046325684,100.0
2024-03-01 14:36:00,GERN,2.25,2.25,2.255000114440918,2.240000009536743,2.244999885559082,139747.0
2024-03-01 14:36:00,GH,19.100000381469727,19.100000381469727,19.100000381469727,19.09000015258789,19.094999313354492,887.0
2024-03-01 14:36:00,GILD,72.44000244140625,72.44000244140625,72.44000244140625,72.3949966430664,72.40499877929688,21904.0
2024-03-01 14:36:00,GLYC,3.0,3.0,3.0,3.0,3.0,274.0
2024-03-01 14:36:00,GMAB,29.43000030517578,29.43000030517578,29.43000030517578,29.420000076293945,29.420000076293945,623.0
2024-03-01 14:36:00,GNFT,3.640000104904175,3.640000104904175,3.7093000411987305,3.640000104904175,3.640000104904175,3568.0
2024-03-01 14:36:00,GNPX,4.605999946594238,4.605999946594238,4.605999946594238,4.550000190734863,4.550000190734863,700.0
2024-03-01 14:36:00,GOSS,1.4149999618530273,1.4149999618530273,1.4149999618530273,1.4149999618530273,1.4149999618530273,400.0
2024-03-01 14:36:00,GRFS,7.005000114440918,7.005000114440918,7.005000114440918,7.005000114440918,7.005000114440918,209.0
2024-03-01 14:36:00,GRTS,2.0199999809265137,2.0199999809265137,2.0350000858306885,2.0199999809265137,2.0350000858306885,6108.0
2024-03-01 14:36:00,GRTX,0.2329999953508377,0.2329999953508377,0.23309999704360962,0.2329999953508377,0.23309999704360962,2081.0
2024-03-01 14:36:00,GTHX,3.7850000858306885,3.7850000858306885,3.7850000858306885,3.7699999809265137,3.7699999809265137,2216.0
2024-03-01 14:36:00,HALO,41.380001068115234,41.380001068115234,41.400001525878906,41.375,41.38999938964844,5965.0
2024-03-01 14:36:00,HARP,22.950000762939453,22.950000762939453,22.950000762939453,22.950000762939453,22.950000762939453,100.0
2024-03-01 14:36:00,HCAT,8.204999923706055,8.204999923706055,8.204999923706055,8.199999809265137,8.204999923706055,1783.0
2024-03-01 14:36:00,HCTI,2.0731000900268555,2.0731000900268555,2.079900026321411,2.0199999809265137,2.0450000762939453,1468.0
2024-03-01 14:36:00,HCWB,1.590000033378601,1.590000033378601,1.590000033378601,1.590000033378601,1.590000033378601,160.0
2024-03-01 14:36:00,HEPA,3.124300003051758,3.124300003051758,3.124300003051758,3.124300003051758,3.124300003051758,178.0
2024-03-01 14:36:00,HLTH,0.25999999046325684,0.25999999046325684,0.2606000006198883,0.25999999046325684,0.2606000006198883,4006.0
2024-03-01 14:36:00,HLVX,19.155000686645508,19.155000686645508,19.155000686645508,19.155000686645508,19.155000686645508,212.0
2024-03-01 14:36:00,HOLX,74.34500122070312,74.34500122070312,74.34500122070312,74.33999633789062,74.33999633789062,746.0
2024-03-01 14:36:00,HQY,81.4800033569336,81.4800033569336,81.4800033569336,81.3949966430664,81.3949966430664,2986.0
2024-03-01 14:36:00,HRMY,31.6200008392334,31.6200008392334,31.6200008392334,31.6200008392334,31.6200008392334,581.0
2024-03-01 14:36:00,HRTX,2.619999885559082,2.619999885559082,2.619999885559082,2.609999895095825,2.615000009536743,1194.0
2024-03-01 14:36:00,HSIC,76.84500122070312,76.84500122070312,76.8499984741211,76.84459686279297,76.84459686279297,1027.0
2024-03-01 14:36:00,HSTM,27.34000015258789,27.34000015258789,27.34000015258789,27.34000015258789,27.34000015258789,679.0
2024-03-01 14:36:00,HUGE,0.8999999761581421,0.8999999761581421,0.8999999761581421,0.8999999761581421,0.8999999761581421,347.0
2024-03-01 14:36:00,HUMA,3.180999994277954,3.180999994277954,3.2249999046325684,3.180999994277954,3.2249999046325684,31353.0
2024-03-01 14:36:00,IBRX,4.885000228881836,4.885000228881836,4.885000228881836,4.870100021362305,4.870100021362305,4158.0
2024-03-01 14:36:00,IDXX,579.5650024414062,579.5650024414062,579.6453857421875,579.5650024414062,579.6453857421875,480.0
2024-03-01 14:36:00,IDYA,46.70500183105469,46.70500183105469,46.70500183105469,46.70500183105469,46.70500183105469,168.0
2024-03-01 14:36:00,ILMN,141.77499389648438,141.77499389648438,141.77999877929688,141.77000427246094,141.77499389648438,901.0
2024-03-01 14:36:00,IMAB,1.809999942779541,1.809999942779541,1.809999942779541,1.809999942779541,1.809999942779541,300.0
2024-03-01 14:36:00,IMMX,3.509999990463257,3.509999990463257,3.509999990463257,3.509999990463257,3.509999990463257,104.0
2024-03-01 14:36:00,IMNM,25.274999618530273,25.274999618530273,25.274999618530273,25.274999618530273,25.274999618530273,386.0
2024-03-01 14:36:00,IMTX,12.859999656677246,12.859999656677246,12.859999656677246,12.859999656677246,12.859999656677246,103.0
2024-03-01 14:36:00,IMUX,1.4800000190734863,1.4800000190734863,1.4800000190734863,1.4700000286102295,1.475000023841858,8768.0
2024-03-01 14:36:00,IMVT,35.79999923706055,35.79999923706055,35.79999923706055,35.75,35.75,2919.0
2024-03-01 14:36:00,INBX,36.630001068115234,36.630001068115234,36.630001068115234,36.630001068115234,36.630001068115234,330.0
2024-03-01 14:36:00,INCY,59.130001068115234,59.130001068115234,59.130001068115234,59.099998474121094,59.1150016784668,3784.0
2024-03-01 14:36:00,INMD,22.860000610351562,22.860000610351562,22.864999771118164,22.860000610351562,22.864999771118164,1349.0
2024-03-01 14:36:00,INSM,28.1200008392334,28.1200008392334,28.1200008392334,28.09000015258789,28.09000015258789,1537.0
2024-03-01 14:36:00,INVA,15.505000114440918,15.505000114440918,15.505000114440918,15.5,15.505000114440918,661.0
2024-03-01 14:36:00,INZY,6.62060022354126,6.62060022354126,6.62060022354126,6.619999885559082,6.619999885559082,531.0
2024-03-01 14:36:00,IONM,0.34940001368522644,0.34940001368522644,0.34940001368522644,0.34850001335144043,0.34850001335144043,3241.0
2024-03-01 14:36:00,IONS,46.040000915527344,46.040000915527344,46.040000915527344,46.040000915527344,46.040000915527344,914.0
2024-03-01 14:36:00,IOVA,16.989999771118164,16.989999771118164,16.9950008392334,16.959999084472656,16.969999313354492,13266.0
2024-03-01 14:36:00,IRTC,120.95999908447266,120.95999908447266,120.95999908447266,120.88999938964844,120.88999938964844,525.0
2024-03-01 14:36:00,IRWD,9.085000038146973,9.085000038146973,9.09000015258789,9.079999923706055,9.085000038146973,6331.0
2024-03-01 14:36:00,ISRG,397.1400146484375,397.1400146484375,397.2699890136719,397.0,397.05999755859375,5929.0
2024-03-01 14:36:00,ITCI,71.84500122070312,71.84500122070312,71.84500122070312,71.80000305175781,71.80000305175781,677.0
2024-03-01 14:36:00,IVVD,3.990000009536743,3.990000009536743,3.990000009536743,3.9700000286102295,3.9700000286102295,999.0
2024-03-01 14:36:00,IXHL,5.460000038146973,5.460000038146973,5.460000038146973,5.429999828338623,5.440000057220459,1803.0
2024-03-01 14:36:00,JAGX,0.09009999781847,0.09009999781847,0.0908999964594841,0.09000000357627869,0.0908999964594841,861541.0
2024-03-01 14:36:00,JANX,46.08000183105469,46.08000183105469,46.08000183105469,45.91999816894531,45.959999084472656,8302.0
2024-03-01 14:36:00,JAZZ,118.94000244140625,118.94000244140625,118.94499969482422,118.87999725341797,118.87999725341797,2357.0
2024-03-01 14:36:00,KALV,14.210000038146973,14.210000038146973,14.210000038146973,14.170000076293945,14.170000076293945,3592.0
2024-03-01 14:36:00,KNSA,21.81999969482422,21.81999969482422,21.829999923706055,21.799999237060547,21.81999969482422,1222.0
2024-03-01 14:36:00,KNTE,2.5950000286102295,2.5950000286102295,2.5999999046325684,2.5899999141693115,2.5999999046325684,3003.0
2024-03-01 14:36:00,KOD,6.054999828338623,6.054999828338623,6.054999828338623,6.050000190734863,6.050000190734863,1426.0
2024-03-01 14:36:00,KPTI,1.1649999618530273,1.1649999618530273,1.1649999618530273,1.160099983215332,1.1649999618530273,2443.0
2024-03-01 14:36:00,KROS,69.68000030517578,69.68000030517578,69.68000030517578,69.68000030517578,69.68000030517578,197.0
2024-03-01 14:36:00,KTRA,0.1023000031709671,0.1023000031709671,0.1023000031709671,0.10209999978542328,0.10209999978542328,15850.0
2024-03-01 14:36:00,KURA,21.90999984741211,21.90999984741211,21.90999984741211,21.90999984741211,21.90999984741211,221.0
2024-03-01 14:36:00,KYMR,44.165000915527344,44.165000915527344,44.16999816894531,44.150001525878906,44.150001525878906,3166.0
2024-03-01 14:36:00,KZR,1.0549999475479126,1.0549999475479126,1.065000057220459,1.0499999523162842,1.065000057220459,8426.0
2024-03-01 14:36:00,LAB,2.4700000286102295,2.4700000286102295,2.4700000286102295,2.450000047683716,2.4649999141693115,36154.0
2024-03-01 14:36:00,LBPH,21.59000015258789,21.59000015258789,21.670000076293945,21.59000015258789,21.670000076293945,526.0
2024-03-01 14:36:00,LEGN,65.37999725341797,65.37999725341797,65.37999725341797,65.3499984741211,65.3499984741211,480.0
2024-03-01 14:36:00,LEXX,2.7904999256134033,2.7904999256134033,2.7904999256134033,2.7904999256134033,2.7904999256134033,201.0
2024-03-01 14:36:00,LFMD,7.960000038146973,7.960000038146973,7.960000038146973,7.960000038146973,7.960000038146973,300.0
2024-03-01 14:36:00,LFST,7.735000133514404,7.735000133514404,7.735000133514404,7.735000133514404,7.735000133514404,164.0
2024-03-01 14:36:00,LGND,78.30500030517578,78.30500030517578,78.30500030517578,78.30500030517578,78.30500030517578,165.0
2024-03-01 14:36:00,LIVN,55.76499938964844,55.76499938964844,55.76499938964844,55.76499938964844,55.76499938964844,140.0
2024-03-01 14:36:00,LNTH,64.61499786376953,64.61499786376953,64.6500015258789,64.5999984741211,64.5999984741211,882.0
2024-03-01 14:36:00,LPTX,2.859999895095825,2.859999895095825,2.859999895095825,2.859999895095825,2.859999895095825,217.0
2024-03-01 14:36:00,LQDA,14.645000457763672,14.645000457763672,14.65999984741211,14.645000457763672,14.65999984741211,1198.0
2024-03-01 14:36:00,LTRN,4.323500156402588,4.323500156402588,4.323500156402588,4.309999942779541,4.309999942779541,2702.0
2024-03-01 14:36:00,LUNG,9.470000267028809,9.470000267028809,9.470000267028809,9.470000267028809,9.470000267028809,179.0
2024-03-01 14:36:00,LXRX,2.515000104904175,2.515000104904175,2.515000104904175,2.515000104904175,2.515000104904175,599.0
2024-03-01 14:36:00,LYRA,5.695000171661377,5.695000171661377,5.695000171661377,5.695000171661377,5.695000171661377,200.0
2024-03-01 14:36:00,MACK,14.720000267028809,14.720000267028809,14.720000267028809,14.710000038146973,14.710000038146973,963.0
2024-03-01 14:36:00,MASS,7.360000133514404,7.360000133514404,7.360000133514404,7.360000133514404,7.360000133514404,118.0
2024-03-01 14:36:00,MBOT,1.3200000524520874,1.3200000524520874,1.3200000524520874,1.3200000524520874,1.3200000524520874,0.0
2024-03-01 14:36:00,MCRB,1.225000023841858,1.225000023841858,1.2300000190734863,1.2200000286102295,1.225000023841858,10185.0
2024-03-01 14:36:00,MDGL,251.50999450683594,251.50999450683594,251.50999450683594,251.22000122070312,251.22000122070312,609.0
2024-03-01 14:36:00,MDRX,6.050000190734863,6.050000190734863,6.050000190734863,6.0,6.0,5099.0
2024-03-01 14:36:00,MDXG,8.670000076293945,8.670000076293945,8.6899995803833,8.65999984741211,8.670000076293945,25676.0
2024-03-01 14:36:00,ME,0.5580999851226807,0.5580999851226807,0.5590000152587891,0.5579000115394592,0.5590000152587891,24166.0
2024-03-01 14:36:00,MGNX,18.969999313354492,18.969999313354492,18.969999313354492,18.950000762939453,18.950000762939453,1728.0
2024-03-01 14:36:00,MIRM,29.53499984741211,29.53499984741211,29.53499984741211,29.53499984741211,29.53499984741211,571.0
2024-03-01 14:36:00,MLTX,50.8650016784668,50.8650016784668,50.8650016784668,50.8650016784668,50.8650016784668,268.0
2024-03-01 14:36:00,MMSI,76.37999725341797,76.37999725341797,76.37999725341797,76.31999969482422,76.31999969482422,2106.0
2024-03-01 14:36:00,MNKD,4.525000095367432,4.525000095367432,4.525000095367432,4.525000095367432,4.525000095367432,340.0
2024-03-01 14:36:00,MNMD,6.199999809265137,6.199999809265137,6.199999809265137,6.199999809265137,6.199999809265137,133.0
2024-03-01 14:36:00,MNPR,0.8970000147819519,0.8970000147819519,0.8970000147819519,0.8773000240325928,0.8899999856948853,2419.0
2024-03-01 14:36:00,MODV,28.209999084472656,28.209999084472656,28.219999313354492,28.209999084472656,28.219999313354492,610.0
2024-03-01 14:36:00,MOR,17.56999969482422,17.56999969482422,17.56999969482422,17.56999969482422,17.56999969482422,203.0
2024-03-01 14:36:00,MREO,3.984999895095825,3.984999895095825,3.988800048828125,3.9800000190734863,3.9800000190734863,1142.0
2024-03-01 14:36:00,MRKR,3.680000066757202,3.680000066757202,3.690000057220459,3.680000066757202,3.690000057220459,720.0
2024-03-01 14:36:00,MRNA,95.56909942626953,95.56909942626953,95.5999984741211,95.5,95.5,7188.0
2024-03-01 14:36:00,MRNS,10.3100004196167,10.3100004196167,10.319999694824219,10.289999961853027,10.289999961853027,3580.0
2024-03-01 14:36:00,MRSN,5.965000152587891,5.965000152587891,5.974999904632568,5.965000152587891,5.965000152587891,3254.0
2024-03-01 14:36:00,MRUS,51.11000061035156,51.11000061035156,51.11000061035156,50.97999954223633,51.060001373291016,14540.0
2024-03-01 14:36:00,MRVI,7.741199970245361,7.741199970245361,7.75,7.741199970245361,7.75,4230.0
2024-03-01 14:36:00,MXCT,4.744999885559082,4.744999885559082,4.744999885559082,4.739999771118164,4.744999885559082,628.0
2024-03-01 14:36:00,NARI,45.95000076293945,45.95000076293945,45.95000076293945,45.83000183105469,45.84260177612305,7457.0
2024-03-01 14:36:00,NBIX,131.7050018310547,131.7050018310547,131.72999572753906,131.68499755859375,131.68499755859375,2151.0
2024-03-01 14:36:00,NDRA,1.159999966621399,1.159999966621399,1.1799999475479126,1.159999966621399,1.1610000133514404,19571.0
2024-03-01 14:36:00,NEO,16.200000762939453,16.200000762939453,16.200000762939453,16.149999618530273,16.15999984741211,14132.0
2024-03-01 14:36:00,NEOG,17.385000228881836,17.385000228881836,17.385000228881836,17.385000228881836,17.385000228881836,306.0
2024-03-01 14:36:00,NKTR,0.781000018119812,0.781000018119812,0.781000018119812,0.781000018119812,0.781000018119812,400.0
2024-03-01 14:36:00,NKTX,12.59000015258789,12.59000015258789,12.600000381469727,12.569999694824219,12.569999694824219,2603.0
2024-03-01 14:36:00,NNOX,10.739999771118164,10.739999771118164,10.75,10.720000267028809,10.729999542236328,8046.0
2024-03-01 14:36:00,NRIX,13.619999885559082,13.619999885559082,13.619999885559082,13.619999885559082,13.619999885559082,291.0
2024-03-01 14:36:00,NRXP,0.42010000348091125,0.42010000348091125,0.42010000348091125,0.42010000348091125,0.42010000348091125,4970.0
2024-03-01 14:36:00,NTLA,33.53499984741211,33.53499984741211,33.53499984741211,33.4900016784668,33.4900016784668,1170.0
2024-03-01 14:36:00,NTRA,89.1500015258789,89.1500015258789,89.1500015258789,89.08000183105469,89.08000183105469,4234.0
2024-03-01 14:36:00,NUVL,87.4800033569336,87.4800033569336,87.4800033569336,87.41000366210938,87.41000366210938,437.0
2024-03-01 14:36:00,NVAX,5.400000095367432,5.400000095367432,5.40500020980835,5.324999809265137,5.3282999992370605,151065.0
2024-03-01 14:36:00,NVCR,16.1299991607666,16.1299991607666,16.1299991607666,16.1299991607666,16.1299991607666,1124.0
2024-03-01 14:36:00,NVCT,10.789999961853027,10.789999961853027,10.819999694824219,10.789999961853027,10.819999694824219,1157.0
2024-03-01 14:36:00,OCGN,0.9595999717712402,0.9595999717712402,0.9599999785423279,0.9595999717712402,0.9599999785423279,502.0
2024-03-01 14:36:00,OCUL,10.70009994506836,10.70009994506836,10.70009994506836,10.6899995803833,10.6899995803833,2801.0
2024-03-01 14:36:00,OFIX,12.899999618530273,12.899999618530273,12.899999618530273,12.899999618530273,12.899999618530273,113.0
2024-03-01 14:36:00,OGI,2.178499937057495,2.178499937057495,2.180000066757202,2.174999952316284,2.174999952316284,1659.0
2024-03-01 14:36:00,OLK,23.020000457763672,23.020000457763672,23.030000686645508,23.020000457763672,23.030000686645508,2320.0
2024-03-01 14:36:00,OLMA,14.914999961853027,14.914999961853027,14.914999961853027,14.899999618530273,14.90999984741211,429.0
2024-03-01 14:36:00,OMCL,26.549999237060547,26.549999237060547,26.56999969482422,26.540000915527344,26.549999237060547,1212.0
2024-03-01 14:37:00,AADI,1.9700000286102295,1.9700000286102295,1.9800000190734863,1.9700000286102295,1.9800000190734863,293.0
2024-03-01 14:37:00,ABCL,5.150000095367432,5.150000095367432,5.150000095367432,5.150000095367432,5.150000095367432,456.0
2024-03-01 14:37:00,ABEO,7.729700088500977,7.729700088500977,7.729700088500977,7.729700088500977,7.729700088500977,2072.0
2024-03-01 14:37:00,ABSI,5.534999847412109,5.534999847412109,5.534999847412109,5.514999866485596,5.514999866485596,3398.0
2024-03-01 14:37:00,ABUS,2.759999990463257,2.759999990463257,2.759999990463257,2.759999990463257,2.759999990463257,1164.0
2024-03-01 14:37:00,ACAD,24.149999618530273,24.149999618530273,24.190000534057617,24.149999618530273,24.190000534057617,3634.0
2024-03-01 14:37:00,ACB,3.1800999641418457,3.1800999641418457,3.184999942779541,3.1800999641418457,3.184999942779541,1036.0
2024-03-01 14:37:00,ACCD,10.095000267028809,10.095000267028809,10.095000267028809,10.095000267028809,10.095000267028809,702.0
2024-03-01 14:37:00,ACET,2.3949999809265137,2.3949999809265137,2.4000000953674316,2.390000104904175,2.390000104904175,1217.0
2024-03-01 14:37:00,ACHV,4.349999904632568,4.349999904632568,4.349999904632568,4.349999904632568,4.349999904632568,200.0
2024-03-01 14:37:00,ACLX,68.37750244140625,68.37750244140625,68.47000122070312,68.37000274658203,68.45999908447266,1409.0
2024-03-01 14:37:00,ACRS,1.2300000190734863,1.2300000190734863,1.2374999523162842,1.2300000190734863,1.2374999523162842,1712.0
2024-03-01 14:37:00,ADIL,2.980799913406372,2.980799913406372,3.0199999809265137,2.9800000190734863,2.9953999519348145,53892.0
2024-03-01 14:37:00,ADMA,5.539999961853027,5.539999961853027,5.545000076293945,5.539999961853027,5.545000076293945,1746.0
2024-03-01 14:37:00,ADPT,4.09499979019165,4.09499979019165,4.09499979019165,4.09499979019165,4.09499979019165,544.0
2024-03-01 14:37:00,ADVM,2.005000114440918,2.005000114440918,2.009999990463257,1.9850000143051147,1.9850000143051147,13361.0
2024-03-01 14:37:00,AFMD,0.6722000241279602,0.6722000241279602,0.6722000241279602,0.6722000241279602,0.6722000241279602,150.0
2024-03-01 14:37:00,AGEN,0.670074999332428,0.670074999332428,0.670074999332428,0.6700000166893005,0.6700500249862671,2379.0
2024-03-01 14:37:00,AGIO,32.494998931884766,32.494998931884766,32.494998931884766,32.494998931884766,32.494998931884766,104.0
2024-03-01 14:37:00,AHCO,10.46500015258789,10.46500015258789,10.46500015258789,10.46500015258789,10.46500015258789,1264.0
2024-03-01 14:37:00,AIH,0.5199999809265137,0.5199999809265137,0.5320000052452087,0.5199999809265137,0.5320000052452087,200.0
2024-03-01 14:37:00,AIRS,6.449999809265137,6.449999809265137,6.460000038146973,6.449999809265137,6.460000038146973,377.0
2024-03-01 14:37:00,AKAN,0.20999999344348907,0.20999999344348907,0.2101999968290329,0.20999999344348907,0.2101999968290329,6361.0
2024-03-01 14:37:00,AKBA,1.690000057220459,1.690000057220459,1.690000057220459,1.684999942779541,1.690000057220459,868.0
2024-03-01 14:37:00,AKLI,0.3573000133037567,0.3573000133037567,0.3573000133037567,0.3573000133037567,0.3573000133037567,318.0
2024-03-01 14:37:00,AKRO,29.225000381469727,29.225000381469727,29.280000686645508,29.225000381469727,29.280000686645508,1371.0
2024-03-01 14:37:00,AKYA,6.019999980926514,6.019999980926514,6.059999942779541,6.019999980926514,6.059999942779541,200.0
2024-03-01 14:37:00,ALDX,4.304999828338623,4.304999828338623,4.309999942779541,4.304999828338623,4.304999828338623,1027.0
2024-03-01 14:37:00,ALEC,7.489999771118164,7.489999771118164,7.489999771118164,7.489999771118164,7.489999771118164,446.0
2024-03-01 14:37:00,ALGN,302.3800048828125,302.3800048828125,302.3900146484375,302.3800048828125,302.3900146484375,594.0
2024-03-01 14:37:00,ALGS,1.0750000476837158,1.0750000476837158,1.0750000476837158,1.0700000524520874,1.0700000524520874,1035.0
2024-03-01 14:37:00,ALHC,5.71999979019165,5.71999979019165,5.739999771118164,5.71999979019165,5.739999771118164,3468.0
2024-03-01 14:37:00,ALKS,30.30500030517578,30.30500030517578,30.30500030517578,30.30500030517578,30.30500030517578,369.0
2024-03-01 14:37:00,ALLK,1.6549999713897705,1.6549999713897705,1.6549999713897705,1.6549999713897705,1.6549999713897705,540.0
2024-03-01 14:37:00,ALPN,36.29999923706055,36.29999923706055,36.29999923706055,36.255001068115234,36.255001068115234,296.0
2024-03-01 14:37:00,ALT,12.050000190734863,12.050000190734863,12.0600004196167,12.039999961853027,12.050000190734863,6249.0
2024-03-01 14:37:00,ALVR,0.7547000050544739,0.7547000050544739,0.754800021648407,0.7547000050544739,0.754800021648407,400.0
2024-03-01 14:37:00,ALXO,15.109999656677246,15.109999656677246,15.109999656677246,15.079999923706055,15.079999923706055,2781.0
2024-03-01 14:37:00,AMED,93.63999938964844,93.63999938964844,93.63999938964844,93.63999938964844,93.63999938964844,1500.0
2024-03-01 14:37:00,AMGN,280.95001220703125,280.95001220703125,280.95001220703125,280.9150085449219,280.9150085449219,1519.0
2024-03-01 14:37:00,AMLX,18.760000228881836,18.760000228881836,18.760000228881836,18.760000228881836,18.760000228881836,1352.0
2024-03-01 14:37:00,AMPH,45.599998474121094,45.599998474121094,45.599998474121094,45.58000183105469,45.58000183105469,888.0
2024-03-01 14:37:00,AMRN,1.0549999475479126,1.0549999475479126,1.059999942779541,1.0500999689102173,1.0549999475479126,1881.0
2024-03-01 14:37:00,ANAB,25.399999618530273,25.399999618530273,25.399999618530273,25.399999618530273,25.399999618530273,261.0
2024-03-01 14:37:00,ANGO,5.494999885559082,5.494999885559082,5.494999885559082,5.494999885559082,5.494999885559082,361.0
2024-03-01 14:37:00,APLS,64.26000213623047,64.26000213623047,64.31999969482422,64.24500274658203,64.30000305175781,2914.0
2024-03-01 14:37:00,AQST,4.164999961853027,4.164999961853027,4.175000190734863,4.164999961853027,4.164999961853027,12885.0
2024-03-01 14:37:00,ARAY,2.640000104904175,2.640000104904175,2.640000104904175,2.640000104904175,2.640000104904175,106.0
2024-03-01 14:37:00,ARCT,39.59000015258789,39.59000015258789,39.59000015258789,39.59000015258789,39.59000015258789,135.0
2024-03-01 14:37:00,ARDX,9.494999885559082,9.494999885559082,9.494999885559082,9.489999771118164,9.489999771118164,1407.0
2024-03-01 14:37:00,ARQT,11.589900016784668,11.589900016784668,11.630000114440918,11.579999923706055,11.619999885559082,7687.0
2024-03-01 14:37:00,ARVN,48.779998779296875,48.779998779296875,48.84000015258789,48.779998779296875,48.84000015258789,1205.0
2024-03-01 14:37:00,ARWR,35.38999938964844,35.38999938964844,35.38999938964844,35.36000061035156,35.3849983215332,501.0
2024-03-01 14:37:00,ASND,153.3800048828125,153.3800048828125,153.3800048828125,153.3800048828125,153.3800048828125,773.0
2024-03-01 14:37:00,ASRT,0.9096999764442444,0.9096999764442444,0.9096999764442444,0.9025999903678894,0.9061999917030334,431.0
2024-03-01 14:37:00,ATAI,2.1649999618530273,2.1649999618530273,2.1649999618530273,2.1649999618530273,2.1649999618530273,211.0
2024-03-01 14:37:00,ATEC,13.444999694824219,13.444999694824219,13.444999694824219,13.4399995803833,13.4399995803833,2969.0
2024-03-01 14:37:00,ATHA,3.984999895095825,3.984999895095825,3.984999895095825,3.984999895095825,3.984999895095825,101.0
2024-03-01 14:37:00,ATOS,1.0099999904632568,1.0099999904632568,1.0099999904632568,1.0099999904632568,1.0099999904632568,100.0
2024-03-01 14:37:00,ATRA,0.7922999858856201,0.7922999858856201,0.7950000166893005,0.7903500199317932,0.7922999858856201,3249.0
2024-03-01 14:37:00,ATRC,36.040000915527344,36.040000915527344,36.040000915527344,36.040000915527344,36.040000915527344,270.0
2024-03-01 14:37:00,ATXI,0.1534000039100647,0.1534000039100647,0.15479999780654907,0.1534000039100647,0.15479999780654907,13397.0
2024-03-01 14:37:00,ATXS,14.979999542236328,14.979999542236328,14.979999542236328,14.960000038146973,14.970000267028809,6007.0
2024-03-01 14:37:00,AUPH,5.824999809265137,5.824999809265137,5.829999923706055,5.824999809265137,5.829999923706055,852.0
2024-03-01 14:37:00,AURA,9.34000015258789,9.34000015258789,9.354999542236328,9.34000015258789,9.354999542236328,895.0
2024-03-01 14:37:00,AUTL,6.349999904632568,6.349999904632568,6.349999904632568,6.349999904632568,6.349999904632568,200.0
2024-03-01 14:37:00,AVDL,13.3149995803833,13.3149995803833,13.329999923706055,13.270000457763672,13.270000457763672,12921.0
2024-03-01 14:37:00,AVIR,4.460000038146973,4.460000038146973,4.460000038146973,4.460000038146973,4.460000038146973,303.0
2024-03-01 14:37:00,AVXL,5.375,5.375,5.375,5.375,5.375,546.0
2024-03-01 14:37:00,AXNX,67.41999816894531,67.41999816894531,67.44499969482422,67.4000015258789,67.4000015258789,4797.0
2024-03-01 14:37:00,AXSM,82.28500366210938,82.28500366210938,82.28500366210938,82.28500366210938,82.28500366210938,720.0
2024-03-01 14:37:00,AZN,64.69000244140625,64.69000244140625,64.69000244140625,64.68000030517578,64.68000030517578,4225.0
2024-03-01 14:37:00,AZTA,66.94000244140625,66.94000244140625,66.94999694824219,66.94000244140625,66.94000244140625,1377.0
2024-03-01 14:37:00,BBIO,35.959999084472656,35.959999084472656,35.97999954223633,35.959999084472656,35.97999954223633,336.0
2024-03-01 14:37:00,BBLG,2.5499000549316406,2.5499000549316406,2.5499000549316406,2.5499000549316406,2.5499000549316406,183.0
2024-03-01 14:37:00,BCAB,2.805000066757202,2.805000066757202,2.805000066757202,2.7850000858306885,2.7850000858306885,4408.0
2024-03-01 14:37:00,BCDA,0.5767099857330322,0.5767099857330322,0.5782999992370605,0.57669997215271,0.5782999992370605,2687.0
2024-03-01 14:37:00,BCLI,0.3495999872684479,0.3495999872684479,0.3497999906539917,0.34950000047683716,0.3495999872684479,7647.0
2024-03-01 14:37:00,BCRX,5.715000152587891,5.715000152587891,5.715000152587891,5.710000038146973,5.710000038146973,544.0
2024-03-01 14:37:00,BDTX,4.769999980926514,4.769999980926514,4.769999980926514,4.769999980926514,4.769999980926514,734.0
2024-03-01 14:37:00,BEAM,40.029998779296875,40.029998779296875,40.06999969482422,40.029998779296875,40.06999969482422,519.0
2024-03-01 14:37:00,BEAT,1.575700044631958,1.575700044631958,1.5850000381469727,1.575700044631958,1.5850000381469727,602.0
2024-03-01 14:37:00,BGXX,0.25494998693466187,0.25494998693466187,0.2558000087738037,0.25494998693466187,0.2558000087738037,3119.0
2024-03-01 14:37:00,BIIB,221.09500122070312,221.09500122070312,221.09500122070312,220.97999572753906,221.0800018310547,1042.0
2024-03-01 14:37:00,BIOL,0.14390000700950623,0.14390000700950623,0.14390000700950623,0.14380000531673431,0.14380000531673431,10174.0
2024-03-01 14:37:00,BIOR,1.1298999786376953,1.1298999786376953,1.1298999786376953,1.1267000436782837,1.1267000436782837,1079.0
2024-03-01 14:37:00,BIVI,2.1314001083374023,2.1314001083374023,2.200000047683716,2.130000114440918,2.140000104904175,273012.0
2024-03-01 14:37:00,BLFS,18.040000915527344,18.040000915527344,18.084999084472656,18.040000915527344,18.084999084472656,203.0
2024-03-01 14:37:00,BLUE,1.590000033378601,1.590000033378601,1.5950000286102295,1.590000033378601,1.5950000286102295,2502.0
2024-03-01 14:37:00,BMEA,18.31999969482422,18.31999969482422,18.31999969482422,18.31999969482422,18.31999969482422,451.0
2024-03-01 14:37:00,BMRN,88.12999725341797,88.12999725341797,88.12999725341797,88.09500122070312,88.0999984741211,1462.0
2024-03-01 14:37:00,BNGO,1.2649999856948853,1.2649999856948853,1.2649999856948853,1.2599999904632568,1.2649999856948853,4142.0
2024-03-01 14:37:00,BNOX,1.2300000190734863,1.2300000190734863,1.2300000190734863,1.2300000190734863,1.2300000190734863,210.0
2024-03-01 14:37:00,BNTX,91.13999938964844,91.13999938964844,91.13999938964844,91.13999938964844,91.13999938964844,790.0
2024-03-01 14:37:00,BPMC,96.58999633789062,96.58999633789062,96.58999633789062,96.58999633789062,96.58999633789062,513.0
2024-03-01 14:37:00,BTAI,3.2100000381469727,3.2100000381469727,3.2100000381469727,3.2100000381469727,3.2100000381469727,320.0
2024-03-01 14:37:00,BTTX,0.18400000035762787,0.18400000035762787,0.18469999730587006,0.18400000035762787,0.18469999730587006,6332.0
2024-03-01 14:37:00,BWAY,6.519999980926514,6.519999980926514,6.519999980926514,6.519999980926514,6.519999980926514,114.0
2024-03-01 14:37:00,CABA,23.959999084472656,23.959999084472656,24.00749969482422,23.959999084472656,24.0,2783.0
2024-03-01 14:37:00,CAPR,4.539999961853027,4.539999961853027,4.539999961853027,4.539999961853027,4.539999961853027,334.0
2024-03-01 14:37:00,CARA,0.9200999736785889,0.9200999736785889,0.9399999976158142,0.9200999736785889,0.9399999976158142,600.0
2024-03-01 14:37:00,CBAY,32.22999954223633,32.22999954223633,32.22999954223633,32.22999954223633,32.22999954223633,23983.0
2024-03-01 14:37:00,CCCC,11.028499603271484,11.028499603271484,11.03499984741211,11.024999618530273,11.03499984741211,4834.0
2024-03-01 14:37:00,CCRN,18.290000915527344,18.290000915527344,18.290000915527344,18.290000915527344,18.290000915527344,218.0
2024-03-01 14:37:00,CDMO,8.25,8.25,8.25,8.220000267028809,8.220000267028809,1545.0
2024-03-01 14:37:00,CDNA,12.369999885559082,12.369999885559082,12.455300331115723,12.360099792480469,12.455300331115723,3776.0
2024-03-01 14:37:00,CDXS,4.559999942779541,4.559999942779541,4.570000171661377,4.559999942779541,4.565000057220459,801.0
2024-03-01 14:37:00,CELC,17.110000610351562,17.110000610351562,17.110000610351562,17.110000610351562,17.110000610351562,114.0
2024-03-01 14:37:00,CERE,41.10499954223633,41.10499954223633,41.10499954223633,41.099998474121094,41.099998474121094,847.0
2024-03-01 14:37:00,CERS,2.180000066757202,2.180000066757202,2.180000066757202,2.174999952316284,2.174999952316284,305.0
2024-03-01 14:37:00,CERT,18.149999618530273,18.149999618530273,18.149999618530273,18.110000610351562,18.110000610351562,4140.0
2024-03-01 14:37:00,CGC,3.2100000381469727,3.2100000381469727,3.2156999111175537,3.2100000381469727,3.2100000381469727,23738.0
2024-03-01 14:37:00,CGEN,2.6666998863220215,2.6666998863220215,2.6666998863220215,2.6666998863220215,2.6666998863220215,676.0
2024-03-01 14:37:00,CHRS,2.4200000762939453,2.4200000762939453,2.424999952316284,2.4149999618530273,2.4200000762939453,27488.0
2024-03-01 14:37:00,CJJD,2.9000000953674316,2.9000000953674316,2.9000000953674316,2.9000000953674316,2.9000000953674316,743.0
2024-03-01 14:37:00,CKPT,2.190000057220459,2.190000057220459,2.190000057220459,2.190000057220459,2.190000057220459,200.0
2024-03-01 14:37:00,CLDX,52.165000915527344,52.165000915527344,52.17499923706055,52.165000915527344,52.17499923706055,632.0
2024-03-01 14:37:00,CLOV,0.8669999837875366,0.8669999837875366,0.8669999837875366,0.8669999837875366,0.8669999837875366,2209.0
2024-03-01 14:37:00,CLPT,6.510000228881836,6.510000228881836,6.510000228881836,6.510000228881836,6.510000228881836,105.0
2024-03-01 14:37:00,CLRB,4.079999923706055,4.079999923706055,4.099999904632568,4.079999923706055,4.099999904632568,8753.0
2024-03-01 14:37:00,CMPS,11.8100004196167,11.8100004196167,11.8100004196167,11.78499984741211,11.79580020904541,2298.0
2024-03-01 14:37:00,CMRX,1.1950000524520874,1.1950000524520874,1.1950000524520874,1.1950000524520874,1.1950000524520874,325.0
2024-03-01 14:37:00,CODX,1.149999976158142,1.149999976158142,1.149999976158142,1.149999976158142,1.149999976158142,256.0
2024-03-01 14:37:00,COGT,7.237500190734863,7.237500190734863,7.237500190734863,7.235000133514404,7.235000133514404,628.0
2024-03-01 14:37:00,COLL,36.540000915527344,36.540000915527344,36.540000915527344,36.540000915527344,36.540000915527344,498.0
2024-03-01 14:37:00,CORT,24.25,24.25,24.25,24.239999771118164,24.25,1646.0
2024-03-01 14:37:00,CPRX,17.149999618530273,17.149999618530273,17.149999618530273,17.1299991607666,17.139999389648438,5933.0
2024-03-01 14:37:00,CRBU,7.909999847412109,7.909999847412109,7.920000076293945,7.909999847412109,7.920000076293945,1738.0
2024-03-01 14:37:00,CRDF,2.7799999713897705,2.7799999713897705,2.799999952316284,2.680000066757202,2.7023000717163086,386050.0
2024-03-01 14:37:00,CRMD,3.674999952316284,3.674999952316284,3.6809000968933105,3.674999952316284,3.6809000968933105,9072.0
2024-03-01 14:37:00,CRNX,46.459999084472656,46.459999084472656,46.48699951171875,46.459999084472656,46.48699951171875,357.0
2024-03-01 14:37:00,CRON,2.0399999618530273,2.0399999618530273,2.0399999618530273,2.0350000858306885,2.0350000858306885,620.0
2024-03-01 14:37:00,CRSP,85.33000183105469,85.33000183105469,85.37000274658203,85.30999755859375,85.30999755859375,798.0
2024-03-01 14:37:00,CTKB,9.0,9.0,9.005000114440918,8.994999885559082,9.005000114440918,13205.0
2024-03-01 14:37:00,CTMX,2.5399999618530273,2.5399999618530273,2.549999952316284,2.5299999713897705,2.5299999713897705,5612.0
2024-03-01 14:37:00,CUE,2.1700000762939453,2.1700000762939453,2.174999952316284,2.1700000762939453,2.174999952316284,2344.0
2024-03-01 14:37:00,CUTR,2.380000114440918,2.380000114440918,2.380000114440918,2.380000114440918,2.380000114440918,109.0
2024-03-01 14:37:00,CVAC,3.4700000286102295,3.4700000286102295,3.4800000190734863,3.4700000286102295,3.4800000190734863,433.0
2024-03-01 14:37:00,CYTK,73.70999908447266,73.70999908447266,73.73500061035156,73.70999908447266,73.73500061035156,291.0
2024-03-01 14:37:00,DAWN,17.81999969482422,17.81999969482422,17.829999923706055,17.81999969482422,17.829999923706055,1865.0
2024-03-01 14:37:00,DCGO,4.130000114440918,4.130000114440918,4.139999866485596,4.130000114440918,4.130000114440918,933.0
2024-03-01 14:37:00,DCPH,17.704999923706055,17.704999923706055,17.704999923706055,17.704999923706055,17.704999923706055,905.0
2024-03-01 14:37:00,DH,8.899999618530273,8.899999618530273,8.899999618530273,8.899999618530273,8.899999618530273,425.0
2024-03-01 14:37:00,DMTK,0.8399999737739563,0.8399999737739563,0.8499000072479248,0.8399999737739563,0.8499000072479248,330.0
2024-03-01 14:37:00,DNLI,21.299999237060547,21.299999237060547,21.315000534057617,21.299999237060547,21.315000534057617,1865.0
2024-03-01 14:37:00,DRIO,1.999899983406067,1.999899983406067,1.999899983406067,1.999899983406067,1.999899983406067,100.0
2024-03-01 14:37:00,DTIL,12.460000038146973,12.460000038146973,12.470000267028809,12.460000038146973,12.460000038146973,912.0
2024-03-01 14:37:00,DVAX,12.835000038146973,12.835000038146973,12.83899974822998,12.830900192260742,12.835000038146973,977.0
2024-03-01 14:37:00,DXCM,121.43499755859375,121.43499755859375,121.44999694824219,121.38999938964844,121.4000015258789,12411.0
2024-03-01 14:37:00,DYN,29.190000534057617,29.190000534057617,29.200000762939453,29.18000030517578,29.200000762939453,1111.0
2024-03-01 14:37:00,EDIT,10.880000114440918,10.880000114440918,10.880000114440918,10.870100021362305,10.880000114440918,2226.0
2024-03-01 14:37:00,EFTR,16.218900680541992,16.218900680541992,16.218900680541992,16.218900680541992,16.218900680541992,496.0
2024-03-01 14:37:00,EGRX,6.690000057220459,6.690000057220459,6.690000057220459,6.690000057220459,6.690000057220459,143.0
2024-03-01 14:37:00,ELEV,5.085000038146973,5.085000038146973,5.090000152587891,5.074999809265137,5.074999809265137,1600.0
2024-03-01 14:37:00,ENSG,121.87000274658203,121.87000274658203,121.92500305175781,121.87000274658203,121.92500305175781,744.0
2024-03-01 14:37:00,ENTA,15.524999618530273,15.524999618530273,15.5649995803833,15.524999618530273,15.5649995803833,1613.0
2024-03-01 14:37:00,ENVB,1.5356999635696411,1.5356999635696411,1.5399999618530273,1.5356999635696411,1.5399999618530273,7976.0
2024-03-01 14:37:00,EOLS,14.752799987792969,14.752799987792969,14.752799987792969,14.752799987792969,14.752799987792969,812.0
2024-03-01 14:37:00,ERAS,2.515000104904175,2.515000104904175,2.515000104904175,2.505000114440918,2.509999990463257,3048.0
2024-03-01 14:37:00,ESPR,2.549999952316284,2.549999952316284,2.555000066757202,2.549999952316284,2.555000066757202,1410.0
2024-03-01 14:37:00,ESTA,43.869998931884766,43.869998931884766,44.09000015258789,43.869998931884766,43.869998931884766,927.0
2024-03-01 14:37:00,ETNB,12.920000076293945,12.920000076293945,12.920000076293945,12.90999984741211,12.920000076293945,2049.0
2024-03-01 14:37:00,EVGN,0.9549999833106995,0.9549999833106995,0.9549999833106995,0.9402009844779968,0.9474999904632568,434.0
2024-03-01 14:37:00,EWTX,17.010000228881836,17.010000228881836,17.010000228881836,17.010000228881836,17.010000228881836,467.0
2024-03-01 14:37:00,EXAS,59.88999938964844,59.88999938964844,59.959999084472656,59.880001068115234,59.95000076293945,4729.0
2024-03-01 14:37:00,EXEL,22.415000915527344,22.415000915527344,22.415000915527344,22.41010093688965,22.41010093688965,678.0
2024-03-01 14:37:00,EYEN,2.369999885559082,2.369999885559082,2.375,2.369999885559082,2.375,632.0
2024-03-01 14:37:00,EYPT,27.899999618530273,27.899999618530273,27.899999618530273,27.899999618530273,27.899999618530273,204.0
2024-03-01 14:37:00,FATE,7.784999847412109,7.784999847412109,7.789999961853027,7.78000020980835,7.789999961853027,2141.0
2024-03-01 14:37:00,FDMT,29.309999465942383,29.309999465942383,29.334999084472656,29.309999465942383,29.334999084472656,350.0
2024-03-01 14:37:00,FEMY,1.7350000143051147,1.7350000143051147,1.7350000143051147,1.7350000143051147,1.7350000143051147,100.0
2024-03-01 14:37:00,FGEN,1.850000023841858,1.850000023841858,1.850000023841858,1.850000023841858,1.850000023841858,1347.0
2024-03-01 14:37:00,FIXX,0.929099977016449,0.929099977016449,0.9294000267982483,0.929099977016449,0.9294000267982483,503.0
2024-03-01 14:37:00,FLGT,23.190000534057617,23.190000534057617,23.190000534057617,23.190000534057617,23.190000534057617,635.0
2024-03-01 14:37:00,FOLD,13.395000457763672,13.395000457763672,13.399999618530273,13.392999649047852,13.399999618530273,996.0
2024-03-01 14:37:00,FUSN,12.220000267028809,12.220000267028809,12.239999771118164,12.220000267028809,12.239999771118164,1961.0
2024-03-01 14:37:00,FWBI,8.890000343322754,8.890000343322754,8.890000343322754,8.819899559020996,8.819899559020996,681.0
2024-03-01 14:37:00,GDRX,8.419899940490723,8.419899940490723,8.420000076293945,8.414999961853027,8.414999961853027,2016.0
2024-03-01 14:37:00,GERN,2.244999885559082,2.244999885559082,2.25,2.2421000003814697,2.244999885559082,5615.0
2024-03-01 14:37:00,GH,19.104999542236328,19.104999542236328,19.104999542236328,19.104999542236328,19.104999542236328,667.0
2024-03-01 14:37:00,GILD,72.43000030517578,72.43000030517578,72.44000244140625,72.42500305175781,72.44000244140625,6028.0
2024-03-01 14:37:00,GLTO,0.8008999824523926,0.8008999824523926,0.8048999905586243,0.7921000123023987,0.800000011920929,19849.0
2024-03-01 14:37:00,GMAB,29.440000534057617,29.440000534057617,29.440000534057617,29.440000534057617,29.440000534057617,599.0
2024-03-01 14:37:00,GNFT,3.6696999073028564,3.6696999073028564,3.6696999073028564,3.6696999073028564,3.6696999073028564,3183.0
2024-03-01 14:37:00,GNPX,4.619999885559082,4.619999885559082,4.619999885559082,4.619999885559082,4.619999885559082,106.0
2024-03-01 14:37:00,GOSS,1.4199999570846558,1.4199999570846558,1.4199999570846558,1.4199999570846558,1.4199999570846558,8020.0
2024-03-01 14:37:00,GRTS,2.0250000953674316,2.0250000953674316,2.029900074005127,2.0199999809265137,2.0199999809265137,5825.0
2024-03-01 14:37:00,GTHX,3.7850000858306885,3.7850000858306885,3.7899999618530273,3.7850000858306885,3.7860000133514404,1498.0
2024-03-01 14:37:00,HARP,22.9424991607666,22.9424991607666,22.9424991607666,22.9424991607666,22.9424991607666,153.0
2024-03-01 14:37:00,HCAT,8.194999694824219,8.194999694824219,8.199999809265137,8.194999694824219,8.199999809265137,1341.0
2024-03-01 14:37:00,HCSG,12.6899995803833,12.6899995803833,12.6899995803833,12.675000190734863,12.675000190734863,3417.0
2024-03-01 14:37:00,HCTI,2.042099952697754,2.042099952697754,2.0799999237060547,2.042099952697754,2.0731000900268555,806.0
2024-03-01 14:37:00,HEPA,3.1298999786376953,3.1298999786376953,3.1298999786376953,3.1298999786376953,3.1298999786376953,2342.0
2024-03-01 14:37:00,HLTH,0.2632000148296356,0.2632000148296356,0.2632000148296356,0.2632000148296356,0.2632000148296356,303.0
2024-03-01 14:37:00,HLVX,19.155000686645508,19.155000686645508,19.155000686645508,19.155000686645508,19.155000686645508,100.0
2024-03-01 14:37:00,HOLX,74.34249877929688,74.34249877929688,74.36000061035156,74.34249877929688,74.3499984741211,2458.0
2024-03-01 14:37:00,HQY,81.54000091552734,81.54000091552734,81.54000091552734,81.5199966430664,81.5199966430664,509.0
2024-03-01 14:37:00,HRTX,2.615000009536743,2.615000009536743,2.619999885559082,2.615000009536743,2.615000009536743,2963.0
2024-03-01 14:37:00,HSCS,0.11760000139474869,0.11760000139474869,0.11760000139474869,0.11760000139474869,0.11760000139474869,207.0
2024-03-01 14:37:00,HSIC,76.8499984741211,76.8499984741211,76.8499984741211,76.82499694824219,76.83000183105469,949.0
2024-03-01 14:37:00,HUMA,3.184999942779541,3.184999942779541,3.190000057220459,3.1800999641418457,3.181999921798706,13150.0
2024-03-01 14:37:00,IART,36.25,36.25,36.25,36.25,36.25,120.0
2024-03-01 14:37:00,IBRX,4.880000114440918,4.880000114440918,4.880000114440918,4.880000114440918,4.880000114440918,193.0
2024-03-01 14:37:00,ICLR,324.57000732421875,324.57000732421875,324.57000732421875,324.57000732421875,324.57000732421875,403.0
2024-03-01 14:37:00,IDYA,46.70500183105469,46.70500183105469,46.717498779296875,46.70500183105469,46.717498779296875,261.0
2024-03-01 14:37:00,ILMN,141.50999450683594,141.50999450683594,141.74000549316406,141.50999450683594,141.7100067138672,1878.0
2024-03-01 14:37:00,IMAB,1.809999942779541,1.809999942779541,1.809999942779541,1.809999942779541,1.809999942779541,200.0
2024-03-01 14:37:00,IMNM,25.280000686645508,25.280000686645508,25.299999237060547,25.200000762939453,25.239999771118164,1625.0
2024-03-01 14:37:00,IMNN,1.0299999713897705,1.0299999713897705,1.0299999713897705,1.024999976158142,1.0299999713897705,1034.0
2024-03-01 14:37:00,IMTX,12.859999656677246,12.859999656677246,12.859999656677246,12.859999656677246,12.859999656677246,166.0
2024-03-01 14:37:00,IMUX,1.4852999448776245,1.4852999448776245,1.4852999448776245,1.4800000190734863,1.4850000143051147,1077.0
2024-03-01 14:37:00,IMVT,35.790000915527344,35.790000915527344,35.79999923706055,35.790000915527344,35.79999923706055,930.0
2024-03-01 14:37:00,INBX,36.6349983215332,36.6349983215332,36.6349983215332,36.6349983215332,36.6349983215332,933.0
2024-03-01 14:37:00,INCY,59.08000183105469,59.08000183105469,59.11000061035156,59.08000183105469,59.11000061035156,1333.0
2024-03-01 14:37:00,INMD,22.864999771118164,22.864999771118164,22.864999771118164,22.864999771118164,22.864999771118164,149.0
2024-03-01 14:37:00,INO,9.640000343322754,9.640000343322754,9.649999618530273,9.640000343322754,9.649999618530273,704.0
2024-03-01 14:37:00,INSM,28.1200008392334,28.1200008392334,28.1200008392334,28.1200008392334,28.1200008392334,467.0
2024-03-01 14:37:00,INVA,15.5,15.5,15.5,15.5,15.5,1600.0
2024-03-01 14:37:00,IOBT,1.8350000381469727,1.8350000381469727,1.8350000381469727,1.8350000381469727,1.8350000381469727,500.0
2024-03-01 14:37:00,IONS,46.060001373291016,46.060001373291016,46.09000015258789,46.060001373291016,46.067901611328125,3698.0
2024-03-01 14:37:00,IOVA,16.9950008392334,16.9950008392334,17.0,16.979999542236328,16.985000610351562,13558.0
2024-03-01 14:37:00,IPSC,3.924999952316284,3.924999952316284,3.924999952316284,3.9100000858306885,3.9100000858306885,270.0
2024-03-01 14:37:00,IRWD,9.050000190734863,9.050000190734863,9.09000015258789,9.050000190734863,9.09000015258789,28745.0
2024-03-01 14:37:00,ISRG,397.05999755859375,397.05999755859375,397.07501220703125,397.0299987792969,397.0299987792969,1167.0
2024-03-01 14:37:00,IVVD,3.990000009536743,3.990000009536743,3.990000009536743,3.990000009536743,3.990000009536743,311.0
2024-03-01 14:37:00,JAGX,0.09070000052452087,0.09070000052452087,0.0908999964594841,0.09000000357627869,0.09009999781847,303746.0
2024-03-01 14:37:00,JANX,46.0005989074707,46.0005989074707,46.040000915527344,46.0005989074707,46.040000915527344,1285.0
2024-03-01 14:37:00,JAZZ,118.86000061035156,118.86000061035156,118.91000366210938,118.86000061035156,118.87000274658203,1596.0
2024-03-01 14:37:00,JSPR,21.360000610351562,21.360000610351562,21.459999084472656,21.360000610351562,21.399999618530273,1868.0
2024-03-01 14:37:00,JYNT,10.069999694824219,10.069999694824219,10.069999694824219,10.069999694824219,10.069999694824219,579.0
2024-03-01 14:37:00,KALV,14.170000076293945,14.170000076293945,14.199999809265137,14.170000076293945,14.199999809265137,1968.0
2024-03-01 14:37:00,KMDA,6.370100021362305,6.370100021362305,6.370100021362305,6.370100021362305,6.370100021362305,272.0
2024-03-01 14:37:00,KNSA,21.81999969482422,21.81999969482422,21.829999923706055,21.799999237060547,21.829999923706055,1659.0
2024-03-01 14:37:00,KPTI,1.159999966621399,1.159999966621399,1.1699999570846558,1.159999966621399,1.1649999618530273,15447.0
2024-03-01 14:37:00,KRTX,316.1300048828125,316.1300048828125,316.1300048828125,316.1300048828125,316.1300048828125,133.0
2024-03-01 14:37:00,KRYS,169.25999450683594,169.25999450683594,169.25999450683594,169.25999450683594,169.25999450683594,290.0
2024-03-01 14:37:00,KTRA,0.10109999775886536,0.10109999775886536,0.10109999775886536,0.10109999775886536,0.10109999775886536,1000.0
2024-03-01 14:37:00,KURA,21.870100021362305,21.870100021362305,21.895000457763672,21.870100021362305,21.8799991607666,1408.0
2024-03-01 14:37:00,KYMR,44.08000183105469,44.08000183105469,44.16999816894531,44.08000183105469,44.13999938964844,2619.0
2024-03-01 14:37:00,KZR,1.057800054550171,1.057800054550171,1.059999942779541,1.057800054550171,1.059999942779541,1338.0
2024-03-01 14:37:00,LAB,2.4700000286102295,2.4700000286102295,2.4700000286102295,2.4649999141693115,2.4700000286102295,1094.0
2024-03-01 14:37:00,LBPH,21.639999389648438,21.639999389648438,21.68000030517578,21.6299991607666,21.6299991607666,2779.0
2024-03-01 14:37:00,LEXX,2.815000057220459,2.815000057220459,2.815000057220459,2.815000057220459,2.815000057220459,100.0
2024-03-01 14:37:00,LFMD,7.949999809265137,7.949999809265137,7.96999979019165,7.949999809265137,7.96999979019165,505.0
2024-03-01 14:37:00,LFST,7.730100154876709,7.730100154876709,7.735000133514404,7.730100154876709,7.735000133514404,606.0
2024-03-01 14:37:00,LGVN,0.5299999713897705,0.5299999713897705,0.5299999713897705,0.5299999713897705,0.5299999713897705,102.0
2024-03-01 14:37:00,LIVN,55.76499938964844,55.76499938964844,55.76499938964844,55.76499938964844,55.76499938964844,273.0
2024-03-01 14:37:00,LMAT,67.76000213623047,67.76000213623047,67.91999816894531,67.76000213623047,67.91999816894531,2011.0
2024-03-01 14:37:00,LNTH,64.62999725341797,64.62999725341797,64.62999725341797,64.58000183105469,64.58000183105469,973.0
2024-03-01 14:37:00,LPCN,3.8299999237060547,3.8299999237060547,3.8299999237060547,3.8299999237060547,3.8299999237060547,247.0
2024-03-01 14:37:00,LQDA,14.630000114440918,14.630000114440918,14.630000114440918,14.630000114440918,14.630000114440918,290.0
2024-03-01 14:37:00,LUMO,2.9700000286102295,2.9700000286102295,2.9700000286102295,2.9700000286102295,2.9700000286102295,322.0
2024-03-01 14:37:00,LVTX,2.759999990463257,2.759999990463257,2.7699999809265137,2.759999990463257,2.7699999809265137,2472.0
2024-03-01 14:37:00,LYEL,3.1700000762939453,3.1700000762939453,3.1700000762939453,3.1700000762939453,3.1700000762939453,1264.0
2024-03-01 14:37:00,LYRA,5.695000171661377,5.695000171661377,5.695000171661377,5.695000171661377,5.695000171661377,210.0
2024-03-01 14:37:00,MASI,127.12000274658203,127.12000274658203,127.1500015258789,126.88500213623047,126.88500213623047,2964.0
2024-03-01 14:37:00,MASS,7.349999904632568,7.349999904632568,7.369999885559082,7.349999904632568,7.360000133514404,1990.0
2024-03-01 14:37:00,MCRB,1.2200000286102295,1.2200000286102295,1.2285000085830688,1.2200000286102295,1.2285000085830688,2104.0
2024-03-01 14:37:00,MDGL,250.9199981689453,250.9199981689453,250.9199981689453,250.9199981689453,250.9199981689453,156.0
2024-03-01 14:37:00,MDRX,6.0,6.0,6.050000190734863,6.0,6.0,11978.0
2024-03-01 14:37:00,MDXG,8.664999961853027,8.664999961853027,8.664999961853027,8.65999984741211,8.664999961853027,3003.0
2024-03-01 14:37:00,ME,0.5598999857902527,0.5598999857902527,0.5598999857902527,0.5594000220298767,0.5594000220298767,523.0
2024-03-01 14:37:00,MEDS,9.09000015258789,9.09000015258789,9.09000015258789,9.09000015258789,9.09000015258789,100.0
2024-03-01 14:37:00,MGNX,18.979999542236328,18.979999542236328,18.979999542236328,18.979999542236328,18.979999542236328,233.0
2024-03-01 14:37:00,MLTX,50.93000030517578,50.93000030517578,50.93000030517578,50.93000030517578,50.93000030517578,648.0
2024-03-01 14:37:00,MNKD,4.526000022888184,4.526000022888184,4.526000022888184,4.519999980926514,4.525000095367432,2378.0
2024-03-01 14:37:00,MNMD,6.199999809265137,6.199999809265137,6.210000038146973,6.199999809265137,6.199999809265137,923.0
2024-03-01 14:37:00,MNOV,1.3875000476837158,1.3875000476837158,1.3875000476837158,1.3875000476837158,1.3875000476837158,205.0
2024-03-01 14:37:00,MNPR,0.8970000147819519,0.8970000147819519,0.8970000147819519,0.8968999981880188,0.8968999981880188,1020.0
2024-03-01 14:37:00,MOR,17.57990074157715,17.57990074157715,17.57990074157715,17.57990074157715,17.57990074157715,404.0
2024-03-01 14:37:00,MORF,39.709999084472656,39.709999084472656,39.709999084472656,39.67499923706055,39.67499923706055,813.0
2024-03-01 14:37:00,MRAI,1.6200000047683716,1.6200000047683716,1.6200000047683716,1.5800000429153442,1.5800000429153442,500.0
2024-03-01 14:37:00,MREO,3.984999895095825,3.984999895095825,3.984999895095825,3.984999895095825,3.984999895095825,259.0
2024-03-01 14:37:00,MRNA,95.61000061035156,95.61000061035156,95.61000061035156,95.54000091552734,95.57499694824219,3071.0
2024-03-01 14:37:00,MRNS,10.319999694824219,10.319999694824219,10.319999694824219,10.319999694824219,10.319999694824219,100.0
2024-03-01 14:37:00,MRSN,5.954999923706055,5.954999923706055,5.965000152587891,5.949999809265137,5.965000152587891,5277.0
2024-03-01 14:37:00,MRUS,51.125,51.125,51.125,51.125,51.125,235.0
2024-03-01 14:37:00,MRVI,7.739999771118164,7.739999771118164,7.75,7.739999771118164,7.75,1297.0
2024-03-01 14:37:00,MXCT,4.744999885559082,4.744999885559082,4.744999885559082,4.744999885559082,4.744999885559082,630.0
2024-03-01 14:37:00,MYGN,22.138200759887695,22.138200759887695,22.145000457763672,22.138200759887695,22.145000457763672,814.0
2024-03-01 14:37:00,NAOV,0.9901000261306763,0.9901000261306763,0.9901000261306763,0.9901000261306763,0.9901000261306763,140.0
2024-03-01 14:37:00,NARI,45.8827018737793,45.8827018737793,45.939998626708984,45.8827018737793,45.93000030517578,3648.0
2024-03-01 14:37:00,NBIX,131.77000427246094,131.77000427246094,131.77000427246094,131.77000427246094,131.77000427246094,584.0
2024-03-01 14:37:00,NEO,16.200000762939453,16.200000762939453,16.200000762939453,16.200000762939453,16.200000762939453,536.0
2024-03-01 14:37:00,NEOG,17.385000228881836,17.385000228881836,17.385000228881836,17.385000228881836,17.385000228881836,261.0
2024-03-01 14:37:00,NGM,1.5199999809265137,1.5199999809265137,1.5199999809265137,1.5199999809265137,1.5199999809265137,928.0
2024-03-01 14:37:00,NKTR,0.781000018119812,0.781000018119812,0.781000018119812,0.7800509929656982,0.7800509929656982,1083.0
2024-03-01 14:37:00,NKTX,12.604900360107422,12.604900360107422,12.604900360107422,12.604900360107422,12.604900360107422,479.0
2024-03-01 14:37:00,NNOX,10.725000381469727,10.725000381469727,10.75,10.710000038146973,10.75,6055.0
2024-03-01 14:37:00,NOTV,8.012800216674805,8.012800216674805,8.012800216674805,7.980000019073486,7.980000019073486,494.0
2024-03-01 14:37:00,NRBO,6.150000095367432,6.150000095367432,6.159999847412109,6.130000114440918,6.159999847412109,503.0
2024-03-01 14:37:00,NTLA,33.52000045776367,33.52000045776367,33.52000045776367,33.52000045776367,33.52000045776367,741.0
2024-03-01 14:37:00,NTRA,89.0999984741211,89.0999984741211,89.12000274658203,89.05999755859375,89.11000061035156,10790.0
2024-03-01 14:37:00,NUVL,87.4749984741211,87.4749984741211,87.4749984741211,87.4749984741211,87.4749984741211,373.0
2024-03-01 14:37:00,NUWE,0.577750027179718,0.577750027179718,0.577750027179718,0.577750027179718,0.577750027179718,168.0
2024-03-01 14:37:00,NVAX,5.369900226593018,5.369900226593018,5.394999980926514,5.360000133514404,5.389999866485596,83574.0
2024-03-01 14:37:00,NVCR,16.100000381469727,16.100000381469727,16.1299991607666,16.100000381469727,16.1299991607666,2630.0
2024-03-01 14:37:00,NXTC,1.8200000524520874,1.8200000524520874,1.8200000524520874,1.8200000524520874,1.8200000524520874,900.0
2024-03-01 14:37:00,OCUL,10.710000038146973,10.710000038146973,10.720000267028809,10.701199531555176,10.709400177001953,3240.0
2024-03-01 14:37:00,OGI,2.180000066757202,2.180000066757202,2.180000066757202,2.177799940109253,2.177799940109253,5109.0
2024-03-01 14:37:00,OLK,23.020000457763672,23.020000457763672,23.020000457763672,23.020000457763672,23.020000457763672,329.0
2024-03-01 14:37:00,OLMA,14.920000076293945,14.920000076293945,14.930000305175781,14.920000076293945,14.930000305175781,1326.0
2024-03-01 14:37:00,OMCL,26.56999969482422,26.56999969482422,26.57900047302246,26.56999969482422,26.57900047302246,867.0
2024-03-01 14:37:00,OMER,4.809999942779541,4.809999942779541,4.809999942779541,4.809999942779541,4.809999942779541,376.0
2024-03-01 14:37:00,ONCY,1.149999976158142,1.149999976158142,1.149999976158142,1.149999976158142,1.149999976158142,205.0
2024-03-01 14:37:00,ONTX,0.824999988079071,0.824999988079071,0.824999988079071,0.824999988079071,0.824999988079071,198.0
2024-03-01 14:38:00,ABCL,5.139999866485596,5.139999866485596,5.150000095367432,5.139999866485596,5.150000095367432,2938.0
2024-03-01 14:38:00,ABOS,4.644999980926514,4.644999980926514,4.644999980926514,4.644999980926514,4.644999980926514,495.0
2024-03-01 14:38:00,ABSI,5.53000020980835,5.53000020980835,5.539999961853027,5.519999980926514,5.539999961853027,3147.0
2024-03-01 14:38:00,ACAD,24.1200008392334,24.1200008392334,24.139999389648438,24.1200008392334,24.139999389648438,957.0
2024-03-01 14:38:00,ACCD,10.085000038146973,10.085000038146973,10.085000038146973,10.085000038146973,10.085000038146973,607.0
2024-03-01 14:38:00,ACET,2.390000104904175,2.390000104904175,2.4000000953674316,2.390000104904175,2.3949999809265137,510.0
2024-03-01 14:38:00,ACHC,84.37999725341797,84.37999725341797,84.39530181884766,84.37999725341797,84.39530181884766,1667.0
2024-03-01 14:38:00,ACRS,1.2300000190734863,1.2300000190734863,1.2350000143051147,1.2300000190734863,1.2350000143051147,1000.0
2024-03-01 14:38:00,ACST,3.4000000953674316,3.4000000953674316,3.4000000953674316,3.4000000953674316,3.4000000953674316,369.0
2024-03-01 14:38:00,ADAP,1.6089999675750732,1.6089999675750732,1.6089999675750732,1.600600004196167,1.600600004196167,1580.0
2024-03-01 14:38:00,ADIL,2.9899001121520996,2.9899001121520996,3.0199999809265137,2.940999984741211,3.0,76976.0
2024-03-01 14:38:00,ADMA,5.539999961853027,5.539999961853027,5.547500133514404,5.539999961853027,5.539999961853027,3976.0
2024-03-01 14:38:00,ADPT,4.090000152587891,4.090000152587891,4.090000152587891,4.090000152587891,4.090000152587891,200.0
2024-03-01 14:38:00,ADVM,1.9800000190734863,1.9800000190734863,2.005000114440918,1.9781999588012695,2.005000114440918,13416.0
2024-03-01 14:38:00,AFMD,0.6722000241279602,0.6722000241279602,0.6726999878883362,0.6722000241279602,0.6726999878883362,2900.0
2024-03-01 14:38:00,AGEN,0.6700500249862671,0.6700500249862671,0.6700999736785889,0.6700000166893005,0.6700999736785889,2537.0
2024-03-01 14:38:00,AGIO,32.470001220703125,32.470001220703125,32.494998931884766,32.470001220703125,32.470001220703125,876.0
2024-03-01 14:38:00,AHCO,10.46500015258789,10.46500015258789,10.470000267028809,10.46500015258789,10.470000267028809,314.0
2024-03-01 14:38:00,AIH,0.5249999761581421,0.5249999761581421,0.5249999761581421,0.5249999761581421,0.5249999761581421,600.0
2024-03-01 14:38:00,AIRS,6.400000095367432,6.400000095367432,6.420000076293945,6.400000095367432,6.420000076293945,694.0
2024-03-01 14:38:00,AKBA,1.6799999475479126,1.6799999475479126,1.684999942779541,1.6799999475479126,1.684999942779541,1502.0
2024-03-01 14:38:00,AKRO,29.260000228881836,29.260000228881836,29.260000228881836,29.209999084472656,29.209999084472656,1528.0
2024-03-01 14:38:00,AKYA,6.03000020980835,6.03000020980835,6.038400173187256,6.03000020980835,6.038400173187256,846.0
2024-03-01 14:38:00,ALDX,4.309999942779541,4.309999942779541,4.309999942779541,4.304999828338623,4.304999828338623,311.0
2024-03-01 14:38:00,ALEC,7.489999771118164,7.489999771118164,7.489999771118164,7.489999771118164,7.489999771118164,186.0
2024-03-01 14:38:00,ALGN,302.2699890136719,302.2699890136719,302.2799987792969,302.2699890136719,302.2799987792969,988.0
2024-03-01 14:38:00,ALGS,1.0700000524520874,1.0700000524520874,1.0700000524520874,1.0700000524520874,1.0700000524520874,2224.0
2024-03-01 14:38:00,ALHC,5.71999979019165,5.71999979019165,5.730000019073486,5.71999979019165,5.730000019073486,490.0
2024-03-01 14:38:00,ALKS,30.309999465942383,30.309999465942383,30.309999465942383,30.303499221801758,30.30500030517578,407.0
2024-03-01 14:38:00,ALLK,1.659999966621399,1.659999966621399,1.659999966621399,1.6549999713897705,1.659999966621399,3104.0
2024-03-01 14:38:00,ALLO,5.03000020980835,5.03000020980835,5.03000020980835,5.03000020980835,5.03000020980835,684.0
2024-03-01 14:38:00,ALPN,36.29140090942383,36.29140090942383,36.29140090942383,36.29140090942383,36.29140090942383,335.0
2024-03-01 14:38:00,ALT,12.0600004196167,12.0600004196167,12.0649995803833,12.050000190734863,12.050000190734863,10106.0
2024-03-01 14:38:00,ALVO,15.629899978637695,15.629899978637695,15.629899978637695,15.629899978637695,15.629899978637695,296.0
2024-03-01 14:38:00,ALVR,0.7547000050544739,0.7547000050544739,0.7547000050544739,0.7547000050544739,0.7547000050544739,400.0
2024-03-01 14:38:00,ALXO,15.104999542236328,15.104999542236328,15.109999656677246,15.104999542236328,15.109999656677246,627.0
2024-03-01 14:38:00,AMED,93.68000030517578,93.68000030517578,93.70500183105469,93.63999938964844,93.63999938964844,6657.0
2024-03-01 14:38:00,AMGN,280.9750061035156,280.9750061035156,281.0,280.9100036621094,280.989990234375,3519.0
2024-03-01 14:38:00,AMLX,18.764999389648438,18.764999389648438,18.770000457763672,18.75,18.760000228881836,17377.0
2024-03-01 14:38:00,AMPH,45.595001220703125,45.595001220703125,45.595001220703125,45.57400131225586,45.57400131225586,1297.0
2024-03-01 14:38:00,AMRN,1.0549999475479126,1.0549999475479126,1.059999942779541,1.0549999475479126,1.0549999475479126,827.0
2024-03-01 14:38:00,ANAB,25.399999618530273,25.399999618530273,25.399999618530273,25.399999618530273,25.399999618530273,130.0
2024-03-01 14:38:00,ANGO,5.494999885559082,5.494999885559082,5.494999885559082,5.494999885559082,5.494999885559082,213.0
2024-03-01 14:38:00,ANNX,6.085000038146973,6.085000038146973,6.099999904632568,6.080100059509277,6.080100059509277,1089.0
2024-03-01 14:38:00,APLS,64.2699966430664,64.2699966430664,64.30999755859375,64.24500274658203,64.24500274658203,3134.0
2024-03-01 14:38:00,APLT,7.050000190734863,7.050000190734863,7.079999923706055,7.050000190734863,7.059999942779541,1168.0
2024-03-01 14:38:00,APTO,1.8200000524520874,1.8200000524520874,1.8200000524520874,1.7899999618530273,1.7899999618530273,495.0
2024-03-01 14:38:00,AQST,4.164999961853027,4.164999961853027,4.164999961853027,4.164999961853027,4.164999961853027,204.0
2024-03-01 14:38:00,ARAY,2.640000104904175,2.640000104904175,2.640000104904175,2.640000104904175,2.640000104904175,215.0
2024-03-01 14:38:00,ARCT,39.529998779296875,39.529998779296875,39.529998779296875,39.529998779296875,39.529998779296875,300.0
2024-03-01 14:38:00,ARDX,9.489999771118164,9.489999771118164,9.494999885559082,9.489999771118164,9.489999771118164,1045.0
2024-03-01 14:38:00,ARQT,11.585000038146973,11.585000038146973,11.59000015258789,11.579999923706055,11.59000015258789,2390.0
2024-03-01 14:38:00,ARVN,48.720001220703125,48.720001220703125,48.720001220703125,48.720001220703125,48.720001220703125,901.0
2024-03-01 14:38:00,ARWR,35.36000061035156,35.36000061035156,35.3849983215332,35.36000061035156,35.3849983215332,858.0
2024-03-01 14:38:00,ASND,153.5,153.5,153.52000427246094,153.3800048828125,153.44000244140625,857.0
2024-03-01 14:38:00,ASRT,0.9025999903678894,0.9025999903678894,0.9025999903678894,0.9025999903678894,0.9025999903678894,209.0
2024-03-01 14:38:00,ATAI,2.1649999618530273,2.1649999618530273,2.1700000762939453,2.1649999618530273,2.1700000762939453,285.0
2024-03-01 14:38:00,ATEC,13.444999694824219,13.444999694824219,13.449999809265137,13.4399995803833,13.4399995803833,1029.0
2024-03-01 14:38:00,ATRA,0.7950000166893005,0.7950000166893005,0.7950000166893005,0.7912999987602234,0.7922999858856201,4737.0
2024-03-01 14:38:00,ATRC,36.040000915527344,36.040000915527344,36.040000915527344,36.0099983215332,36.0099983215332,1077.0
2024-03-01 14:38:00,ATXS,14.930000305175781,14.930000305175781,14.979900360107422,14.930000305175781,14.979900360107422,4503.0
2024-03-01 14:38:00,AUGX,4.545000076293945,4.545000076293945,4.550000190734863,4.53000020980835,4.53000020980835,1648.0
2024-03-01 14:38:00,AUPH,5.824999809265137,5.824999809265137,5.824999809265137,5.824999809265137,5.824999809265137,148.0
2024-03-01 14:38:00,AUTL,6.3404998779296875,6.3404998779296875,6.349999904632568,6.3404998779296875,6.349999904632568,458.0
2024-03-01 14:38:00,AVDL,13.274999618530273,13.274999618530273,13.3149995803833,13.274999618530273,13.3149995803833,9363.0
2024-03-01 14:38:00,AVXL,5.375,5.375,5.375,5.375,5.375,332.0
2024-03-01 14:38:00,AXNX,67.41000366210938,67.41000366210938,67.41999816894531,67.40499877929688,67.40499877929688,5195.0
2024-03-01 14:38:00,AZN,64.69000244140625,64.69000244140625,64.69000244140625,64.69000244140625,64.69000244140625,472.0
2024-03-01 14:38:00,AZTA,66.93499755859375,66.93499755859375,66.93499755859375,66.93499755859375,66.93499755859375,244.0
2024-03-01 14:38:00,BBIO,35.98500061035156,35.98500061035156,35.98500061035156,35.98500061035156,35.98500061035156,101.0
2024-03-01 14:38:00,BCAB,2.799999952316284,2.799999952316284,2.805000066757202,2.7950000762939453,2.799999952316284,10811.0
2024-03-01 14:38:00,BCDA,0.5751000046730042,0.5751000046730042,0.5767999887466431,0.574999988079071,0.57669997215271,1908.0
2024-03-01 14:38:00,BCRX,5.710100173950195,5.710100173950195,5.715000152587891,5.710000038146973,5.715000152587891,3349.0
2024-03-01 14:38:00,BEAM,40.05830001831055,40.05830001831055,40.05830001831055,40.05830001831055,40.05830001831055,447.0
2024-03-01 14:38:00,BGXX,0.25060001015663147,0.25060001015663147,0.2540999948978424,0.25060001015663147,0.2540999948978424,15060.0
2024-03-01 14:38:00,BIIB,221.09500122070312,221.09500122070312,221.09500122070312,221.09500122070312,221.09500122070312,431.0
2024-03-01 14:38:00,BIOL,0.14390000700950623,0.14390000700950623,0.14390000700950623,0.14384999871253967,0.14384999871253967,2513.0
2024-03-01 14:38:00,BIVI,2.138000011444092,2.138000011444092,2.1500000953674316,2.0999999046325684,2.137500047683716,73530.0
2024-03-01 14:38:00,BLFS,18.059999465942383,18.059999465942383,18.09000015258789,18.049999237060547,18.09000015258789,898.0
2024-03-01 14:38:00,BLRX,1.3890999555587769,1.3890999555587769,1.3890999555587769,1.3890999555587769,1.3890999555587769,176.0
2024-03-01 14:38:00,BLTE,46.560001373291016,46.560001373291016,46.560001373291016,46.32500076293945,46.36000061035156,375.0
2024-03-01 14:38:00,BLUE,1.5800000429153442,1.5800000429153442,1.590000033378601,1.5800000429153442,1.590000033378601,10221.0
2024-03-01 14:38:00,BMRN,88.1500015258789,88.1500015258789,88.1500015258789,88.12000274658203,88.12000274658203,4181.0
2024-03-01 14:38:00,BNGO,1.2649999856948853,1.2649999856948853,1.2649999856948853,1.2649999856948853,1.2649999856948853,1833.0
2024-03-01 14:38:00,BNR,0.8208000063896179,0.8208000063896179,0.8208000063896179,0.8208000063896179,0.8208000063896179,102.0
2024-03-01 14:38:00,BPMC,96.54000091552734,96.54000091552734,96.58999633789062,96.54000091552734,96.58999633789062,431.0
2024-03-01 14:38:00,BRKR,88.62000274658203,88.62000274658203,88.63999938964844,88.58499908447266,88.58499908447266,3100.0
2024-03-01 14:38:00,BTAI,3.218600034713745,3.218600034713745,3.218600034713745,3.218600034713745,3.218600034713745,1040.0
2024-03-01 14:38:00,BTTX,0.18400000035762787,0.18400000035762787,0.18490000069141388,0.18400000035762787,0.18445000052452087,11268.0
2024-03-01 14:38:00,CABA,23.959999084472656,23.959999084472656,23.959999084472656,23.954999923706055,23.954999923706055,573.0
2024-03-01 14:38:00,CADL,1.7000000476837158,1.7000000476837158,1.7000000476837158,1.7000000476837158,1.7000000476837158,100.0
2024-03-01 14:38:00,CARA,0.9399999976158142,0.9399999976158142,0.9399999976158142,0.9391999840736389,0.9391999840736389,700.0
2024-03-01 14:38:00,CBAY,32.22999954223633,32.22999954223633,32.22999954223633,32.22999954223633,32.22999954223633,3735.0
2024-03-01 14:38:00,CCCC,11.024999618530273,11.024999618530273,11.024999618530273,11.015000343322754,11.020000457763672,2872.0
2024-03-01 14:38:00,CDMO,8.220000267028809,8.220000267028809,8.229999542236328,8.220000267028809,8.229999542236328,1077.0
2024-03-01 14:38:00,CDNA,12.399999618530273,12.399999618530273,12.430100440979004,12.369999885559082,12.369999885559082,5579.0
2024-03-01 14:38:00,CDTX,0.7307000160217285,0.7307000160217285,0.730800986289978,0.7307000160217285,0.730800986289978,1219.0
2024-03-01 14:38:00,CDXS,4.550000190734863,4.550000190734863,4.565000057220459,4.550000190734863,4.559999942779541,3350.0
2024-03-01 14:38:00,CELC,17.110000610351562,17.110000610351562,17.110000610351562,17.110000610351562,17.110000610351562,383.0
2024-03-01 14:38:00,CELU,3.5399999618530273,3.5399999618530273,3.5399999618530273,3.5399999618530273,3.5399999618530273,100.0
2024-03-01 14:38:00,CERE,41.099998474121094,41.099998474121094,41.10499954223633,41.099998474121094,41.099998474121094,2217.0
2024-03-01 14:38:00,CERS,2.174999952316284,2.174999952316284,2.174999952316284,2.174999952316284,2.174999952316284,624.0
2024-03-01 14:38:00,CERT,18.135400772094727,18.135400772094727,18.15999984741211,18.135400772094727,18.15999984741211,3208.0
2024-03-01 14:38:00,CGC,3.2100000381469727,3.2100000381469727,3.2100000381469727,3.2100000381469727,3.2100000381469727,5240.0
2024-03-01 14:38:00,CGEM,18.719999313354492,18.719999313354492,18.719999313354492,18.719999313354492,18.719999313354492,102.0
2024-03-01 14:38:00,CHRS,2.434999942779541,2.434999942779541,2.434999942779541,2.420099973678589,2.430000066757202,19672.0
2024-03-01 14:38:00,CING,1.350000023841858,1.350000023841858,1.350000023841858,1.350000023841858,1.350000023841858,101.0
2024-03-01 14:38:00,CJJD,2.9298999309539795,2.9298999309539795,2.9298999309539795,2.819999933242798,2.819999933242798,465.0
2024-03-01 14:38:00,CKPT,2.2100000381469727,2.2100000381469727,2.2100000381469727,2.2100000381469727,2.2100000381469727,700.0
2024-03-01 14:38:00,CLNN,0.38499999046325684,0.38499999046325684,0.38499999046325684,0.38499999046325684,0.38499999046325684,1270.0
2024-03-01 14:38:00,CLOV,0.8668000102043152,0.8668000102043152,0.8671000003814697,0.8668000102043152,0.8669999837875366,6607.0
2024-03-01 14:38:00,CLPT,6.505000114440918,6.505000114440918,6.505000114440918,6.485000133514404,6.485000133514404,5344.0
2024-03-01 14:38:00,CLRB,4.079999923706055,4.079999923706055,4.079999923706055,4.079999923706055,4.079999923706055,199.0
2024-03-01 14:38:00,CMPS,11.795000076293945,11.795000076293945,11.8100004196167,11.789999961853027,11.8100004196167,1542.0
2024-03-01 14:38:00,CNSP,0.31949999928474426,0.31949999928474426,0.31949999928474426,0.31380000710487366,0.31380000710487366,4534.0
2024-03-01 14:38:00,CODX,1.1683000326156616,1.1683000326156616,1.1683000326156616,1.1683000326156616,1.1683000326156616,1424.0
2024-03-01 14:38:00,COGT,7.230000019073486,7.230000019073486,7.235000133514404,7.230000019073486,7.235000133514404,963.0
2024-03-01 14:38:00,COLL,36.54999923706055,36.54999923706055,36.5619010925293,36.54999923706055,36.5619010925293,1147.0
2024-03-01 14:38:00,CORT,24.239999771118164,24.239999771118164,24.24799919128418,24.239999771118164,24.239999771118164,747.0
2024-03-01 14:38:00,CPRX,17.18000030517578,17.18000030517578,17.190000534057617,17.155000686645508,17.155000686645508,2632.0
2024-03-01 14:38:00,CPSI,9.399999618530273,9.399999618530273,9.420000076293945,9.399999618530273,9.399999618530273,1729.0
2024-03-01 14:38:00,CRBU,7.909999847412109,7.909999847412109,7.909999847412109,7.909999847412109,7.909999847412109,1118.0
2024-03-01 14:38:00,CRDF,2.740000009536743,2.740000009536743,2.799999952316284,2.680000066757202,2.760999917984009,154832.0
2024-03-01 14:38:00,CRDL,1.9800000190734863,1.9800000190734863,1.9800000190734863,1.9800000190734863,1.9800000190734863,1000.0
2024-03-01 14:38:00,CRMD,3.6700000762939453,3.6700000762939453,3.6700000762939453,3.6700000762939453,3.6700000762939453,115.0
2024-03-01 14:38:00,CRNX,46.470001220703125,46.470001220703125,46.470001220703125,46.43000030517578,46.43000030517578,986.0
2024-03-01 14:38:00,CRON,2.0350000858306885,2.0350000858306885,2.0350000858306885,2.0299999713897705,2.0299999713897705,1009.0
2024-03-01 14:38:00,CRSP,85.26509857177734,85.26509857177734,85.26509857177734,85.26509857177734,85.26509857177734,573.0
2024-03-01 14:38:00,CSTL,19.739999771118164,19.739999771118164,19.739999771118164,19.739999771118164,19.739999771118164,625.0
2024-03-01 14:38:00,CTKB,9.010000228881836,9.010000228881836,9.010000228881836,9.0,9.007499694824219,3600.0
2024-03-01 14:38:00,CTMX,2.5450000762939453,2.5450000762939453,2.5450000762939453,2.5399999618530273,2.5399999618530273,3300.0
2024-03-01 14:38:00,CTXR,0.7739999890327454,0.7739999890327454,0.7739999890327454,0.7735000252723694,0.7735000252723694,579.0
2024-03-01 14:38:00,CVAC,3.4800000190734863,3.4800000190734863,3.4800000190734863,3.4749999046325684,3.4749999046325684,428.0
2024-03-01 14:38:00,CYTK,73.56999969482422,73.56999969482422,73.76000213623047,73.56999969482422,73.76000213623047,3764.0
2024-03-01 14:38:00,DCGO,4.144999980926514,4.144999980926514,4.150000095367432,4.130000114440918,4.139999866485596,7216.0
2024-03-01 14:38:00,DCPH,17.690000534057617,17.690000534057617,17.704999923706055,17.690000534057617,17.690000534057617,1237.0
2024-03-01 14:38:00,DH,8.904399871826172,8.904399871826172,8.904399871826172,8.904399871826172,8.904399871826172,339.0
2024-03-01 14:38:00,DNLI,21.299999237060547,21.299999237060547,21.299999237060547,21.299999237060547,21.299999237060547,730.0
2024-03-01 14:38:00,DRIO,1.9950000047683716,1.9950000047683716,1.9950000047683716,1.9950000047683716,1.9950000047683716,224.0
2024-03-01 14:38:00,DSGN,2.884999990463257,2.884999990463257,2.890000104904175,2.884999990463257,2.890000104904175,1612.0
2024-03-01 14:38:00,DTIL,12.470000267028809,12.470000267028809,12.470000267028809,12.460000038146973,12.470000267028809,1460.0
2024-03-01 14:38:00,DVAX,12.835000038146973,12.835000038146973,12.84000015258789,12.835000038146973,12.835000038146973,898.0
2024-03-01 14:38:00,DXCM,121.25,121.25,121.44999694824219,121.25,121.43000030517578,37850.0
2024-03-01 14:38:00,EDIT,10.880000114440918,10.880000114440918,10.880000114440918,10.869999885559082,10.875,2537.0
2024-03-01 14:38:00,EIGR,7.360000133514404,7.360000133514404,7.360000133514404,7.360000133514404,7.360000133514404,100.0
2024-03-01 14:38:00,ELDN,1.8100999593734741,1.8100999593734741,1.8100999593734741,1.809999942779541,1.809999942779541,4009.0
2024-03-01 14:38:00,ELEV,5.079999923706055,5.079999923706055,5.085000038146973,5.079999923706055,5.085000038146973,1711.0
2024-03-01 14:38:00,ENSG,121.87999725341797,121.87999725341797,121.93000030517578,121.87999725341797,121.93000030517578,987.0
2024-03-01 14:38:00,ENTA,15.550000190734863,15.550000190734863,15.550000190734863,15.5,15.5,1039.0
2024-03-01 14:38:00,ENVB,1.5399999618530273,1.5399999618530273,1.559999942779541,1.5399999618530273,1.5399999618530273,30016.0
2024-03-01 14:38:00,EQ,2.4700000286102295,2.4700000286102295,2.4700000286102295,2.4700000286102295,2.4700000286102295,210.0
2024-03-01 14:38:00,ERAS,2.509999990463257,2.509999990463257,2.509999990463257,2.509999990463257,2.509999990463257,207.0
2024-03-01 14:38:00,ESPR,2.555000066757202,2.555000066757202,2.555000066757202,2.549999952316284,2.549999952316284,854.0
2024-03-01 14:38:00,ESTA,44.130001068115234,44.130001068115234,44.130001068115234,43.83000183105469,43.83000183105469,5536.0
2024-03-01 14:38:00,ETNB,12.9399995803833,12.9399995803833,12.949999809265137,12.920000076293945,12.929900169372559,7777.0
2024-03-01 14:38:00,EVAX,3.440000057220459,3.440000057220459,3.440000057220459,3.440000057220459,3.440000057220459,403.0
2024-03-01 14:38:00,EVGN,0.9700000286102295,0.9700000286102295,0.9700000286102295,0.9700000286102295,0.9700000286102295,100.0
2024-03-01 14:38:00,EWTX,17.020000457763672,17.020000457763672,17.020000457763672,17.020000457763672,17.020000457763672,274.0
2024-03-01 14:38:00,EXAS,59.845001220703125,59.845001220703125,59.91999816894531,59.845001220703125,59.90999984741211,5115.0
2024-03-01 14:38:00,EXEL,22.40999984741211,22.40999984741211,22.40999984741211,22.40999984741211,22.40999984741211,246.0
2024-03-01 14:38:00,EYPT,27.899999618530273,27.899999618530273,27.899999618530273,27.889999389648438,27.889999389648438,302.0
2024-03-01 14:38:00,FBIO,2.375,2.375,2.375,2.369999885559082,2.369999885559082,497.0
2024-03-01 14:38:00,FDMT,29.334999084472656,29.334999084472656,29.350000381469727,29.299999237060547,29.299999237060547,903.0
2024-03-01 14:38:00,FEMY,1.739799976348877,1.739799976348877,1.73989999294281,1.739799976348877,1.73989999294281,2650.0
2024-03-01 14:38:00,FGEN,1.850000023841858,1.850000023841858,1.850000023841858,1.850000023841858,1.850000023841858,1217.0
2024-03-01 14:38:00,FHTX,8.050000190734863,8.050000190734863,8.050000190734863,8.050000190734863,8.050000190734863,206.0
2024-03-01 14:38:00,FIXX,0.929099977016449,0.929099977016449,0.929099977016449,0.929099977016449,0.929099977016449,100.0
2024-03-01 14:38:00,FLGC,1.1648000478744507,1.1648000478744507,1.1648000478744507,1.1648000478744507,1.1648000478744507,177.0
2024-03-01 14:38:00,FOLD,13.390000343322754,13.390000343322754,13.390000343322754,13.385000228881836,13.390000343322754,1717.0
2024-03-01 14:38:00,FULC,11.0,11.0,11.0,10.989999771118164,10.989999771118164,631.0
2024-03-01 14:38:00,FUSN,12.234999656677246,12.234999656677246,12.239999771118164,12.234999656677246,12.239999771118164,467.0
2024-03-01 14:38:00,FWBI,8.977700233459473,8.977700233459473,8.977700233459473,8.977700233459473,8.977700233459473,267.0
2024-03-01 14:38:00,GBIO,2.625,2.625,2.625,2.620699882507324,2.620699882507324,2425.0
2024-03-01 14:38:00,GDRX,8.414999961853027,8.414999961853027,8.418800354003906,8.414999961853027,8.414999961853027,1201.0
2024-03-01 14:38:00,GENE,2.340100049972534,2.340100049972534,2.340100049972534,2.340100049972534,2.340100049972534,110.0
2024-03-01 14:38:00,GERN,2.25,2.25,2.25,2.240000009536743,2.240000009536743,958.0
2024-03-01 14:38:00,GH,19.094999313354492,19.094999313354492,19.100000381469727,19.094999313354492,19.094999313354492,604.0
2024-03-01 14:38:00,GILD,72.44000244140625,72.44000244140625,72.44499969482422,72.44000244140625,72.44000244140625,1415.0
2024-03-01 14:38:00,GLTO,0.8047000169754028,0.8047000169754028,0.8069999814033508,0.800000011920929,0.8069999814033508,18600.0
2024-03-01 14:38:00,GOSS,1.4199999570846558,1.4199999570846558,1.4199999570846558,1.4199999570846558,1.4199999570846558,102.0
2024-03-01 14:38:00,GRFS,7.000999927520752,7.000999927520752,7.009900093078613,7.000100135803223,7.009900093078613,4687.0
2024-03-01 14:38:00,GRPH,3.4200000762939453,3.4200000762939453,3.4200000762939453,3.4200000762939453,3.4200000762939453,100.0
2024-03-01 14:38:00,GRTS,2.0250000953674316,2.0250000953674316,2.0299999713897705,2.0250000953674316,2.029900074005127,3988.0
2024-03-01 14:38:00,GTBP,4.287399768829346,4.287399768829346,4.287399768829346,4.287399768829346,4.287399768829346,317.0
2024-03-01 14:38:00,GTHX,3.7899999618530273,3.7899999618530273,3.7899999618530273,3.7799999713897705,3.7860000133514404,2144.0
2024-03-01 14:38:00,HALO,41.380001068115234,41.380001068115234,41.380001068115234,41.380001068115234,41.380001068115234,100.0
2024-03-01 14:38:00,HBIO,4.3632001876831055,4.3632001876831055,4.3632001876831055,4.3632001876831055,4.3632001876831055,401.0
2024-03-01 14:38:00,HCAT,8.190099716186523,8.190099716186523,8.199999809265137,8.1899995803833,8.1899995803833,965.0
2024-03-01 14:38:00,HCM,15.220000267028809,15.220000267028809,15.220000267028809,15.1899995803833,15.1899995803833,255.0
2024-03-01 14:38:00,HCSG,12.710000038146973,12.710000038146973,12.71500015258789,12.699999809265137,12.699999809265137,1897.0
2024-03-01 14:38:00,HCTI,2.079900026321411,2.079900026321411,2.079900026321411,2.069999933242798,2.069999933242798,610.0
2024-03-01 14:38:00,HLVX,19.155000686645508,19.155000686645508,19.155000686645508,19.155000686645508,19.155000686645508,192.0
2024-03-01 14:38:00,HOLX,74.37999725341797,74.37999725341797,74.37999725341797,74.37000274658203,74.37000274658203,547.0
2024-03-01 14:38:00,HOWL,7.045000076293945,7.045000076293945,7.045000076293945,7.010000228881836,7.010000228881836,791.0
2024-03-01 14:38:00,HRMY,31.625,31.625,31.625,31.625,31.625,131.0
2024-03-01 14:38:00,HRTX,2.619999885559082,2.619999885559082,2.619999885559082,2.619999885559082,2.619999885559082,688.0
2024-03-01 14:38:00,HSIC,76.89990234375,76.89990234375,76.9000015258789,76.87000274658203,76.87000274658203,1848.0
2024-03-01 14:38:00,HUMA,3.174999952316284,3.174999952316284,3.1898999214172363,3.1700000762939453,3.1898999214172363,21782.0
2024-03-01 14:38:00,IART,36.25,36.25,36.25,36.25,36.25,635.0
2024-03-01 14:38:00,IBRX,4.880799770355225,4.880799770355225,4.880799770355225,4.880799770355225,4.880799770355225,1101.0
2024-03-01 14:38:00,ICAD,1.850000023841858,1.850000023841858,1.850000023841858,1.850000023841858,1.850000023841858,261.0
2024-03-01 14:38:00,ICCM,1.3037999868392944,1.3037999868392944,1.3037999868392944,1.3037999868392944,1.3037999868392944,269.0
2024-03-01 14:38:00,ICLR,324.4800109863281,324.4800109863281,324.5400085449219,324.3699951171875,324.5400085449219,3160.0
2024-03-01 14:38:00,ICUI,106.41999816894531,106.41999816894531,106.55500030517578,106.4000015258789,106.55500030517578,1923.0
2024-03-01 14:38:00,IDXX,579.5599975585938,579.5599975585938,579.6300048828125,579.1699829101562,579.6300048828125,750.0
2024-03-01 14:38:00,IDYA,46.70000076293945,46.70000076293945,46.724998474121094,46.70000076293945,46.724998474121094,742.0
2024-03-01 14:38:00,IKNA,1.4900000095367432,1.4900000095367432,1.4900000095367432,1.4850000143051147,1.4850000143051147,326.0
2024-03-01 14:38:00,ILMN,141.4600067138672,141.4600067138672,141.50999450683594,141.4199981689453,141.50999450683594,1031.0
2024-03-01 14:38:00,IMAB,1.809999942779541,1.809999942779541,1.809999942779541,1.809999942779541,1.809999942779541,100.0
2024-03-01 14:38:00,IMCR,67.93499755859375,67.93499755859375,67.93499755859375,67.93499755859375,67.93499755859375,126.0
2024-03-01 14:38:00,IMMX,3.5,3.5,3.509999990463257,3.5,3.509999990463257,200.0
2024-03-01 14:38:00,IMNM,25.399999618530273,25.399999618530273,25.40999984741211,25.295000076293945,25.295000076293945,1283.0
2024-03-01 14:38:00,IMVT,35.77000045776367,35.77000045776367,35.790000915527344,35.77000045776367,35.790000915527344,955.0
2024-03-01 14:38:00,INCY,59.06999969482422,59.06999969482422,59.099998474121094,59.06999969482422,59.099998474121094,3474.0
2024-03-01 14:38:00,INGN,6.735000133514404,6.735000133514404,6.735000133514404,6.730000019073486,6.730000019073486,412.0
2024-03-01 14:38:00,INMD,22.864999771118164,22.864999771118164,22.864999771118164,22.860000610351562,22.864999771118164,2010.0
2024-03-01 14:38:00,INO,9.630000114440918,9.630000114440918,9.644700050354004,9.630000114440918,9.644700050354004,688.0
2024-03-01 14:38:00,INSM,28.100000381469727,28.100000381469727,28.110000610351562,28.079999923706055,28.110000610351562,1269.0
2024-03-01 14:38:00,IONS,46.0,46.0,46.060001373291016,45.9900016784668,46.060001373291016,1835.0
2024-03-01 14:38:00,IOVA,17.045000076293945,17.045000076293945,17.049999237060547,16.989999771118164,16.9950008392334,83681.0
2024-03-01 14:38:00,IRMD,41.52000045776367,41.52000045776367,41.52000045776367,41.439998626708984,41.439998626708984,306.0
2024-03-01 14:38:00,IRWD,9.050000190734863,9.050000190734863,9.055000305175781,9.050000190734863,9.055000305175781,2372.0
2024-03-01 14:38:00,ISRG,397.1099853515625,397.1099853515625,397.19000244140625,397.05499267578125,397.05499267578125,3218.0
2024-03-01 14:38:00,IVVD,3.9700000286102295,3.9700000286102295,3.990000009536743,3.9700000286102295,3.990000009536743,6585.0
2024-03-01 14:38:00,IXHL,5.440000057220459,5.440000057220459,5.440000057220459,5.429999828338623,5.429999828338623,430.0
2024-03-01 14:38:00,JAGX,0.08789999783039093,0.08789999783039093,0.0908999964594841,0.08780000358819962,0.09070000052452087,514392.0
2024-03-01 14:38:00,JAZZ,118.91999816894531,118.91999816894531,118.91999816894531,118.91999816894531,118.91999816894531,433.0
2024-03-01 14:38:00,KALV,14.149999618530273,14.149999618530273,14.149999618530273,14.149999618530273,14.149999618530273,200.0
2024-03-01 14:38:00,KNSA,21.799999237060547,21.799999237060547,21.829999923706055,21.799999237060547,21.829999923706055,640.0
2024-03-01 14:38:00,KNTE,2.5950000286102295,2.5950000286102295,2.5950000286102295,2.5950000286102295,2.5950000286102295,600.0
2024-03-01 14:38:00,KOD,6.050000190734863,6.050000190734863,6.050000190734863,6.050000190734863,6.050000190734863,323.0
2024-03-01 14:38:00,KPTI,1.1549999713897705,1.1549999713897705,1.159999966621399,1.1549999713897705,1.1549999713897705,1006.0
2024-03-01 14:38:00,KRTX,315.8699951171875,315.8699951171875,316.0199890136719,315.8699951171875,316.0199890136719,3157.0
2024-03-01 14:38:00,KRYS,169.24000549316406,169.24000549316406,169.2550048828125,169.24000549316406,169.2550048828125,222.0
2024-03-01 14:38:00,KTRA,0.10209999978542328,0.10209999978542328,0.10209999978542328,0.10199999809265137,0.10199999809265137,713.0
2024-03-01 14:38:00,KURA,21.90999984741211,21.90999984741211,21.90999984741211,21.90999984741211,21.90999984741211,127.0
2024-03-01 14:38:00,KYMR,44.040000915527344,44.040000915527344,44.08000183105469,44.040000915527344,44.08000183105469,687.0
2024-03-01 14:38:00,KZR,1.059999942779541,1.059999942779541,1.059999942779541,1.059999942779541,1.059999942779541,1757.0
2024-03-01 14:38:00,LAB,2.4700000286102295,2.4700000286102295,2.4700000286102295,2.4649999141693115,2.4649999141693115,962.0
2024-03-01 14:38:00,LFST,7.699999809265137,7.699999809265137,7.730000019073486,7.699999809265137,7.730000019073486,11651.0
2024-03-01 14:38:00,LIVN,55.72999954223633,55.72999954223633,55.7400016784668,55.709999084472656,55.72999954223633,2151.0
2024-03-01 14:38:00,LMAT,67.94000244140625,67.94000244140625,67.94000244140625,67.8499984741211,67.8499984741211,861.0
2024-03-01 14:38:00,LNTH,64.56999969482422,64.56999969482422,64.56999969482422,64.56999969482422,64.56999969482422,168.0
2024-03-01 14:38:00,LQDA,14.630000114440918,14.630000114440918,14.630000114440918,14.630000114440918,14.630000114440918,180.0
2024-03-01 14:38:00,LUCY,0.38499999046325684,0.38499999046325684,0.38499999046325684,0.38499999046325684,0.38499999046325684,0.0
2024-03-01 14:38:00,LUNG,9.449999809265137,9.449999809265137,9.479999542236328,9.449999809265137,9.479999542236328,2226.0
2024-03-01 14:38:00,LXRX,2.505000114440918,2.505000114440918,2.509999990463257,2.505000114440918,2.509999990463257,15270.0
2024-03-01 14:38:00,LYEL,3.1649999618530273,3.1649999618530273,3.1649999618530273,3.1600000858306885,3.1600000858306885,2167.0
2024-03-01 14:38:00,LYRA,5.695000171661377,5.695000171661377,5.710000038146973,5.695000171661377,5.695000171661377,1375.0
2024-03-01 14:38:00,MACK,14.710000038146973,14.710000038146973,14.710000038146973,14.710000038146973,14.710000038146973,212.0
2024-03-01 14:38:00,MASI,127.12000274658203,127.12000274658203,127.12000274658203,127.12000274658203,127.12000274658203,262.0
2024-03-01 14:38:00,MCRB,1.225000023841858,1.225000023841858,1.2300000190734863,1.2200000286102295,1.225000023841858,1820.0
2024-03-01 14:38:00,MDGL,250.9199981689453,250.9199981689453,251.14999389648438,250.9199981689453,251.14999389648438,363.0
2024-03-01 14:38:00,MDRX,6.048900127410889,6.048900127410889,6.050000190734863,5.989999771118164,6.0,68324.0
2024-03-01 14:38:00,MDWD,14.050000190734863,14.050000190734863,14.050000190734863,14.050000190734863,14.050000190734863,592.0
2024-03-01 14:38:00,ME,0.5590999722480774,0.5590999722480774,0.5600000023841858,0.5590999722480774,0.5600000023841858,2351.0
2024-03-01 14:38:00,MESO,2.0299999713897705,2.0299999713897705,2.0399999618530273,2.0299999713897705,2.0399999618530273,900.0
2024-03-01 14:38:00,MGNX,18.979999542236328,18.979999542236328,18.979999542236328,18.979999542236328,18.979999542236328,137.0
2024-03-01 14:38:00,MGTX,6.460000038146973,6.460000038146973,6.460000038146973,6.460000038146973,6.460000038146973,597.0
2024-03-01 14:38:00,MHUA,0.7089999914169312,0.7089999914169312,0.7089999914169312,0.7089999914169312,0.7089999914169312,805.0
2024-03-01 14:38:00,MLTX,51.0099983215332,51.0099983215332,51.0099983215332,51.0099983215332,51.0099983215332,474.0
2024-03-01 14:38:00,MMSI,76.38999938964844,76.38999938964844,76.38999938964844,76.38999938964844,76.38999938964844,108.0
2024-03-01 14:38:00,MNKD,4.519999980926514,4.519999980926514,4.520899772644043,4.519999980926514,4.520899772644043,4176.0
2024-03-01 14:38:00,MNMD,6.199999809265137,6.199999809265137,6.204999923706055,6.199999809265137,6.204999923706055,2754.0
2024-03-01 14:38:00,MNPR,0.8968999981880188,0.8968999981880188,0.8968999981880188,0.8968999981880188,0.8968999981880188,1301.0
2024-03-01 14:38:00,MODV,28.235000610351562,28.235000610351562,28.235000610351562,28.149999618530273,28.170000076293945,941.0
2024-03-01 14:38:00,MORF,39.70989990234375,39.70989990234375,39.70989990234375,39.70989990234375,39.70989990234375,323.0
2024-03-01 14:38:00,MRAI,1.6200000047683716,1.6200000047683716,1.6200000047683716,1.6200000047683716,1.6200000047683716,2268.0
2024-03-01 14:38:00,MREO,3.989000082015991,3.989000082015991,3.989000082015991,3.984999895095825,3.984999895095825,1583.0
2024-03-01 14:38:00,MRNA,95.55000305175781,95.55000305175781,95.62999725341797,95.50499725341797,95.58499908447266,6796.0
2024-03-01 14:38:00,MRNS,10.310099601745605,10.310099601745605,10.310099601745605,10.310099601745605,10.310099601745605,375.0
2024-03-01 14:38:00,MRSN,5.960000038146973,5.960000038146973,5.960000038146973,5.949999809265137,5.949999809265137,1488.0
2024-03-01 14:38:00,MRUS,51.11000061035156,51.11000061035156,51.150001525878906,51.11000061035156,51.125,1211.0
2024-03-01 14:38:00,MRVI,7.739999771118164,7.739999771118164,7.744999885559082,7.739999771118164,7.744999885559082,1461.0
2024-03-01 14:38:00,MXCT,4.739999771118164,4.739999771118164,4.739999771118164,4.739999771118164,4.739999771118164,1000.0
2024-03-01 14:38:00,MYGN,22.149999618530273,22.149999618530273,22.149999618530273,22.149999618530273,22.149999618530273,308.0
2024-03-01 14:38:00,MYMD,3.3601999282836914,3.3601999282836914,3.3601999282836914,3.3601999282836914,3.3601999282836914,249.0
2024-03-01 14:38:00,NARI,45.83000183105469,45.83000183105469,45.88999938964844,45.81999969482422,45.880001068115234,4886.0
2024-03-01 14:38:00,NBIX,131.72999572753906,131.72999572753906,131.72999572753906,131.72999572753906,131.72999572753906,509.0
2024-03-01 14:38:00,NDRA,1.159999966621399,1.159999966621399,1.159999966621399,1.159999966621399,1.159999966621399,3917.0
2024-03-01 14:38:00,NEO,16.18000030517578,16.18000030517578,16.190000534057617,16.174999237060547,16.190000534057617,971.0
2024-03-01 14:38:00,NEOG,17.385000228881836,17.385000228881836,17.385000228881836,17.385000228881836,17.385000228881836,354.0
2024-03-01 14:38:00,NGM,1.5199999809265137,1.5199999809265137,1.5199999809265137,1.5199999809265137,1.5199999809265137,1013.0
2024-03-01 14:38:00,NKTR,0.7800499796867371,0.7800499796867371,0.781000018119812,0.7800499796867371,0.781000018119812,442.0
2024-03-01 14:38:00,NKTX,12.569999694824219,12.569999694824219,12.569999694824219,12.569999694824219,12.569999694824219,172.0
2024-03-01 14:38:00,NNOX,10.670000076293945,10.670000076293945,10.720000267028809,10.670000076293945,10.720000267028809,12032.0
2024-03-01 14:38:00,NOTV,8.0,8.0,8.0,8.0,8.0,100.0
2024-03-01 14:38:00,NRIX,13.630000114440918,13.630000114440918,13.630000114440918,13.630000114440918,13.630000114440918,100.0
2024-03-01 14:38:00,NRXP,0.42590001225471497,0.42590001225471497,0.42590001225471497,0.42010000348091125,0.4258989989757538,2240.0
2024-03-01 14:38:00,NRXPW,0.16019999980926514,0.16019999980926514,0.16019999980926514,0.16019999980926514,0.16019999980926514,200.0
2024-03-01 14:38:00,NTLA,33.5,33.5,33.5099983215332,33.5,33.5099983215332,2127.0
2024-03-01 14:38:00,NTRA,89.05000305175781,89.05000305175781,89.13999938964844,89.05000305175781,89.13999938964844,1994.0
2024-03-01 14:38:00,NUVL,87.44000244140625,87.44000244140625,87.44000244140625,87.44000244140625,87.44000244140625,147.0
2024-03-01 14:38:00,NVAX,5.369999885559082,5.369999885559082,5.380000114440918,5.364999771118164,5.364999771118164,41771.0
2024-03-01 14:38:00,NVCR,16.059999465942383,16.059999465942383,16.065000534057617,16.059999465942383,16.059999465942383,1686.0
2024-03-01 14:38:00,NVNO,6.449999809265137,6.449999809265137,6.449999809265137,6.449999809265137,6.449999809265137,400.0
2024-03-01 14:38:00,NXTC,1.8128000497817993,1.8128000497817993,1.8128000497817993,1.8128000497817993,1.8128000497817993,995.0
2024-03-01 14:38:00,OCGN,0.9592000246047974,0.9592000246047974,0.9595999717712402,0.9592000246047974,0.9595999717712402,443.0
2024-03-01 14:38:00,OCUL,10.71500015258789,10.71500015258789,10.71500015258789,10.710000038146973,10.710000038146973,590.0
2024-03-01 14:38:00,OGI,2.180000066757202,2.180000066757202,2.180000066757202,2.180000066757202,2.180000066757202,601.0
2024-03-01 14:38:00,OLK,23.024999618530273,23.024999618530273,23.024999618530273,23.020000457763672,23.020000457763672,200.0
2024-03-01 14:38:00,OLMA,14.930000305175781,14.930000305175781,14.930000305175781,14.930000305175781,14.930000305175781,1033.0
2024-03-01 14:38:00,OM,3.170099973678589,3.170099973678589,3.170099973678589,3.170099973678589,3.170099973678589,164.0
2024-03-01 14:38:00,OMCL,26.56999969482422,26.56999969482422,26.56999969482422,26.549999237060547,26.559999465942383,834.0
2024-03-01 14:38:00,OMER,4.809999942779541,4.809999942779541,4.809999942779541,4.809999942779541,4.809999942779541,1146.0
2024-03-01 14:38:00,OMIC,0.6074000000953674,0.6074000000953674,0.6074000000953674,0.6074000000953674,0.6074000000953674,107.0
2024-03-01 14:38:00,ONTX,0.824999988079071,0.824999988079071,0.824999988079071,0.824999988079071,0.824999988079071,386.0
2024-03-01 14:39:00,ABCL,5.139999866485596,5.139999866485596,5.144999980926514,5.139999866485596,5.139999866485596,969.0
2024-03-01 14:39:00,ABSI,5.514999866485596,5.514999866485596,5.525000095367432,5.514999866485596,5.525000095367432,2259.0
2024-03-01 14:39:00,ABUS,2.759999990463257,2.759999990463257,2.759999990463257,2.7553999423980713,2.7553999423980713,287.0
2024-03-01 14:39:00,ACAD,24.110000610351562,24.110000610351562,24.125,24.110000610351562,24.125,1463.0
2024-03-01 14:39:00,ACCD,10.079999923706055,10.079999923706055,10.079999923706055,10.079999923706055,10.079999923706055,631.0
2024-03-01 14:39:00,ACET,2.3949999809265137,2.3949999809265137,2.3949999809265137,2.390000104904175,2.3949999809265137,790.0
2024-03-01 14:39:00,ACHV,4.360000133514404,4.360000133514404,4.360000133514404,4.349999904632568,4.349999904632568,846.0
2024-03-01 14:39:00,ACLX,68.3550033569336,68.3550033569336,68.3550033569336,68.3550033569336,68.3550033569336,289.0
2024-03-01 14:39:00,ACRS,1.2350000143051147,1.2350000143051147,1.2374999523162842,1.2300000190734863,1.2300000190734863,2687.0
2024-03-01 14:39:00,ADIL,2.9700000286102295,2.9700000286102295,2.990000009536743,2.950000047683716,2.9800000190734863,26731.0
2024-03-01 14:39:00,ADMA,5.539999961853027,5.539999961853027,5.545000076293945,5.539999961853027,5.545000076293945,2905.0
2024-03-01 14:39:00,ADPT,4.090000152587891,4.090000152587891,4.090000152587891,4.090000152587891,4.090000152587891,578.0
2024-03-01 14:39:00,ADVM,1.9800000190734863,1.9800000190734863,1.9800000190734863,1.979699969291687,1.979699969291687,1731.0
2024-03-01 14:39:00,AGEN,0.6700500249862671,0.6700500249862671,0.6700999736785889,0.6700000166893005,0.6700999736785889,4338.0
2024-03-01 14:39:00,AGIO,32.494998931884766,32.494998931884766,32.494998931884766,32.494998931884766,32.494998931884766,371.0
2024-03-01 14:39:00,AHCO,10.460000038146973,10.460000038146973,10.46500015258789,10.460000038146973,10.46500015258789,948.0
2024-03-01 14:39:00,AIRS,6.400000095367432,6.400000095367432,6.400000095367432,6.400000095367432,6.400000095367432,101.0
2024-03-01 14:39:00,AKBA,1.684999942779541,1.684999942779541,1.690000057220459,1.6799999475479126,1.6799999475479126,754.0
2024-03-01 14:39:00,AKLI,0.35499998927116394,0.35499998927116394,0.35499998927116394,0.3499999940395355,0.35499998927116394,12283.0
2024-03-01 14:39:00,AKRO,29.239999771118164,29.239999771118164,29.290000915527344,29.239999771118164,29.280000686645508,2104.0
2024-03-01 14:39:00,ALDX,4.300000190734863,4.300000190734863,4.304999828338623,4.300000190734863,4.304999828338623,1896.0
2024-03-01 14:39:00,ALEC,7.489999771118164,7.489999771118164,7.489999771118164,7.489999771118164,7.489999771118164,803.0
2024-03-01 14:39:00,ALGS,1.070099949836731,1.070099949836731,1.0709999799728394,1.0700000524520874,1.0709999799728394,6327.0
2024-03-01 14:39:00,ALHC,5.71999979019165,5.71999979019165,5.71999979019165,5.71999979019165,5.71999979019165,633.0
2024-03-01 14:39:00,ALKS,30.30500030517578,30.30500030517578,30.309999465942383,30.30500030517578,30.30500030517578,738.0
2024-03-01 14:39:00,ALLO,5.03000020980835,5.03000020980835,5.039999961853027,5.025000095367432,5.025000095367432,2822.0
2024-03-01 14:39:00,ALNY,153.5749969482422,153.5749969482422,153.5749969482422,153.5749969482422,153.5749969482422,312.0
2024-03-01 14:39:00,ALPN,36.185001373291016,36.185001373291016,36.27000045776367,36.16999816894531,36.27000045776367,3786.0
2024-03-01 14:39:00,ALT,12.029999732971191,12.029999732971191,12.074999809265137,12.029999732971191,12.0600004196167,12680.0
2024-03-01 14:39:00,ALVO,15.619999885559082,15.619999885559082,15.619999885559082,15.619999885559082,15.619999885559082,255.0
2024-03-01 14:39:00,ALVR,0.7524999976158142,0.7524999976158142,0.7547000050544739,0.7524999976158142,0.7547000050544739,705.0
2024-03-01 14:39:00,AMED,93.68000030517578,93.68000030517578,93.68000030517578,93.68000030517578,93.68000030517578,100.0
2024-03-01 14:39:00,AMGN,280.8999938964844,280.8999938964844,280.9999084472656,280.8999938964844,280.9750061035156,3485.0
2024-03-01 14:39:00,AMLX,18.795000076293945,18.795000076293945,18.799999237060547,18.770000457763672,18.770000457763672,6784.0
2024-03-01 14:39:00,AMPH,45.58000183105469,45.58000183105469,45.630001068115234,45.58000183105469,45.61000061035156,2636.0
2024-03-01 14:39:00,AMRN,1.0549999475479126,1.0549999475479126,1.0549999475479126,1.0549999475479126,1.0549999475479126,300.0
2024-03-01 14:39:00,ANAB,25.420000076293945,25.420000076293945,25.422500610351562,25.420000076293945,25.422500610351562,498.0
2024-03-01 14:39:00,ANGO,5.489999771118164,5.489999771118164,5.489999771118164,5.489999771118164,5.489999771118164,140.0
2024-03-01 14:39:00,ANIP,66.41439819335938,66.41439819335938,66.49500274658203,66.41439819335938,66.44999694824219,1164.0
2024-03-01 14:39:00,ANNX,6.079999923706055,6.079999923706055,6.079999923706055,6.079999923706055,6.079999923706055,2339.0
2024-03-01 14:39:00,APLS,64.26499938964844,64.26499938964844,64.26499938964844,64.22000122070312,64.26499938964844,1090.0
2024-03-01 14:39:00,APLT,7.050000190734863,7.050000190734863,7.050000190734863,7.050000190734863,7.050000190734863,418.0
2024-03-01 14:39:00,AQST,4.164999961853027,4.164999961853027,4.164999961853027,4.16379976272583,4.164999961853027,1239.0
2024-03-01 14:39:00,ARDX,9.479999542236328,9.479999542236328,9.494999885559082,9.479999542236328,9.494999885559082,4428.0
2024-03-01 14:39:00,ARGX,393.6199951171875,393.6199951171875,393.6199951171875,393.6199951171875,393.6199951171875,109.0
2024-03-01 14:39:00,ARQT,11.609999656677246,11.609999656677246,11.625,11.59000015258789,11.59000015258789,5713.0
2024-03-01 14:39:00,ARWR,35.29999923706055,35.29999923706055,35.38999938964844,35.29999923706055,35.38999938964844,3797.0
2024-03-01 14:39:00,ASND,153.3000030517578,153.3000030517578,153.30999755859375,153.13999938964844,153.30999755859375,1888.0
2024-03-01 14:39:00,ASRT,0.9025999903678894,0.9025999903678894,0.9096999764442444,0.9025999903678894,0.9061499834060669,1901.0
2024-03-01 14:39:00,ATAI,2.166599988937378,2.166599988937378,2.1700000762939453,2.1649999618530273,2.1649999618530273,2133.0
2024-03-01 14:39:00,ATEC,13.4350004196167,13.4350004196167,13.444999694824219,13.4350004196167,13.4399995803833,5791.0
2024-03-01 14:39:00,ATHA,3.9800000190734863,3.9800000190734863,3.9800000190734863,3.9800000190734863,3.9800000190734863,1769.0
2024-03-01 14:39:00,ATOS,1.0099999904632568,1.0099999904632568,1.0099999904632568,1.0099999904632568,1.0099999904632568,104.0
2024-03-01 14:39:00,ATRA,0.7922999858856201,0.7922999858856201,0.7922999858856201,0.7922999858856201,0.7922999858856201,600.0
2024-03-01 14:39:00,ATRC,36.060001373291016,36.060001373291016,36.06999969482422,36.0099983215332,36.02000045776367,2257.0
2024-03-01 14:39:00,ATXS,14.920000076293945,14.920000076293945,14.920000076293945,14.899999618530273,14.920000076293945,1923.0
2024-03-01 14:39:00,AUPH,5.824999809265137,5.824999809265137,5.824999809265137,5.823999881744385,5.823999881744385,1649.0
2024-03-01 14:39:00,AUTL,6.320000171661377,6.320000171661377,6.340000152587891,6.320000171661377,6.340000152587891,3150.0
2024-03-01 14:39:00,AVDL,13.270000457763672,13.270000457763672,13.277600288391113,13.270000457763672,13.277600288391113,1413.0
2024-03-01 14:39:00,AVIR,4.465000152587891,4.465000152587891,4.465000152587891,4.465000152587891,4.465000152587891,340.0
2024-03-01 14:39:00,AVRO,1.350000023841858,1.350000023841858,1.350000023841858,1.3450000286102295,1.3450000286102295,1003.0
2024-03-01 14:39:00,AVXL,5.375,5.375,5.380000114440918,5.375,5.380000114440918,218.0
2024-03-01 14:39:00,AXGN,10.555000305175781,10.555000305175781,10.555000305175781,10.529999732971191,10.555000305175781,5538.0
2024-03-01 14:39:00,AXNX,67.41000366210938,67.41000366210938,67.41999816894531,67.40499877929688,67.41000366210938,4171.0
2024-03-01 14:39:00,AXSM,82.21499633789062,82.21499633789062,82.21499633789062,82.21499633789062,82.21499633789062,357.0
2024-03-01 14:39:00,AZN,64.69000244140625,64.69000244140625,64.70999908447266,64.68000030517578,64.69000244140625,60878.0
2024-03-01 14:39:00,BBIO,35.959999084472656,35.959999084472656,35.98500061035156,35.959999084472656,35.98500061035156,1162.0
2024-03-01 14:39:00,BCAB,2.799999952316284,2.799999952316284,2.799999952316284,2.7950000762939453,2.799999952316284,695.0
2024-03-01 14:39:00,BCDA,0.5765990018844604,0.5765990018844604,0.5765990018844604,0.5765990018844604,0.5765990018844604,1002.0
2024-03-01 14:39:00,BCLI,0.3499000072479248,0.3499000072479248,0.3499999940395355,0.3497999906539917,0.3499999940395355,1400.0
2024-03-01 14:39:00,BCRX,5.714700222015381,5.714700222015381,5.71999979019165,5.714700222015381,5.71999979019165,1588.0
2024-03-01 14:39:00,BCYC,25.895000457763672,25.895000457763672,25.895000457763672,25.8799991607666,25.889999389648438,1492.0
2024-03-01 14:39:00,BDTX,4.764999866485596,4.764999866485596,4.769999980926514,4.764999866485596,4.769999980926514,401.0
2024-03-01 14:39:00,BEAM,39.91999816894531,39.91999816894531,40.09000015258789,39.91999816894531,40.04999923706055,9912.0
2024-03-01 14:39:00,BEAT,1.5700000524520874,1.5700000524520874,1.5700000524520874,1.5700000524520874,1.5700000524520874,1050.0
2024-03-01 14:39:00,BGXX,0.255950003862381,0.255950003862381,0.255950003862381,0.25589999556541443,0.25589999556541443,600.0
2024-03-01 14:39:00,BIIB,221.07679748535156,221.07679748535156,221.07679748535156,221.07679748535156,221.07679748535156,572.0
2024-03-01 14:39:00,BIOL,0.14390000700950623,0.14390000700950623,0.14399999380111694,0.14380000531673431,0.14384999871253967,45251.0
2024-03-01 14:39:00,BIVI,2.139400005340576,2.139400005340576,2.1698999404907227,2.119999885559082,2.140000104904175,99847.0
2024-03-01 14:39:00,BLPH,0.053199999034404755,0.053199999034404755,0.053199999034404755,0.053199999034404755,0.053199999034404755,2073.0
2024-03-01 14:39:00,BLUE,1.5800000429153442,1.5800000429153442,1.5850000381469727,1.5800000429153442,1.5800000429153442,6338.0
2024-03-01 14:39:00,BMEA,18.280000686645508,18.280000686645508,18.290000915527344,18.280000686645508,18.290000915527344,1211.0
2024-03-01 14:39:00,BMRN,88.13999938964844,88.13999938964844,88.1500015258789,88.12999725341797,88.13999938964844,5747.0
2024-03-01 14:39:00,BNGO,1.2649999856948853,1.2649999856948853,1.2649999856948853,1.2649999856948853,1.2649999856948853,600.0
2024-03-01 14:39:00,BNTX,91.05999755859375,91.05999755859375,91.05999755859375,91.05999755859375,91.05999755859375,469.0
2024-03-01 14:39:00,BPMC,96.5,96.5,96.58999633789062,96.47000122070312,96.58999633789062,2452.0
2024-03-01 14:39:00,BRKR,88.63999938964844,88.63999938964844,88.66000366210938,88.63999938964844,88.63999938964844,2538.0
2024-03-01 14:39:00,BTTX,0.1812250018119812,0.1812250018119812,0.18479999899864197,0.18000000715255737,0.18400000035762787,21243.0
2024-03-01 14:39:00,BWAY,6.480000019073486,6.480000019073486,6.480000019073486,6.480000019073486,6.480000019073486,224.0
2024-03-01 14:39:00,CABA,23.959999084472656,23.959999084472656,23.959999084472656,23.959999084472656,23.959999084472656,100.0
2024-03-01 14:39:00,CARA,0.9399999976158142,0.9399999976158142,0.9399999976158142,0.9399999976158142,0.9399999976158142,602.0
2024-03-01 14:39:00,CBAY,32.224998474121094,32.224998474121094,32.22999954223633,32.224998474121094,32.22999954223633,1600.0
2024-03-01 14:39:00,CCCC,11.074999809265137,11.074999809265137,11.074999809265137,11.024999618530273,11.024999618530273,9071.0
2024-03-01 14:39:00,CDMO,8.220000267028809,8.220000267028809,8.229999542236328,8.21500015258789,8.220000267028809,1240.0
2024-03-01 14:39:00,CDNA,12.430000305175781,12.430000305175781,12.479999542236328,12.399900436401367,12.399900436401367,3114.0
2024-03-01 14:39:00,CDXS,4.570000171661377,4.570000171661377,4.574999809265137,4.550000190734863,4.550000190734863,5151.0
2024-03-01 14:39:00,CELC,17.100000381469727,17.100000381469727,17.100000381469727,17.020000457763672,17.020000457763672,316.0
2024-03-01 14:39:00,CERE,41.04999923706055,41.04999923706055,41.099998474121094,41.04999923706055,41.099998474121094,4487.0
2024-03-01 14:39:00,CERS,2.180000066757202,2.180000066757202,2.180000066757202,2.174999952316284,2.174999952316284,3718.0
2024-03-01 14:39:00,CERT,18.1299991607666,18.1299991607666,18.139999389648438,18.1299991607666,18.139999389648438,1245.0
2024-03-01 14:39:00,CGC,3.2049999237060547,3.2049999237060547,3.209700107574463,3.200000047683716,3.2000999450683594,6334.0
2024-03-01 14:39:00,CHRS,2.440000057220459,2.440000057220459,2.450000047683716,2.434999942779541,2.440000057220459,60283.0
2024-03-01 14:39:00,CKPT,2.190000057220459,2.190000057220459,2.2035999298095703,2.190000057220459,2.200000047683716,1879.0
2024-03-01 14:39:00,CLDX,52.1349983215332,52.1349983215332,52.165000915527344,52.099998474121094,52.165000915527344,2981.0
2024-03-01 14:39:00,CLNN,0.38499999046325684,0.38499999046325684,0.38499999046325684,0.38499999046325684,0.38499999046325684,1750.0
2024-03-01 14:39:00,CLOV,0.8664000034332275,0.8664000034332275,0.8668000102043152,0.8664000034332275,0.8666999936103821,14363.0
2024-03-01 14:39:00,CLPT,6.510000228881836,6.510000228881836,6.510000228881836,6.505000114440918,6.510000228881836,2274.0
2024-03-01 14:39:00,CLVRW,0.04019999876618385,0.04019999876618385,0.04019999876618385,0.04010000079870224,0.04010000079870224,400.0
2024-03-01 14:39:00,CMPS,11.819999694824219,11.819999694824219,11.819999694824219,11.789999961853027,11.795000076293945,3910.0
2024-03-01 14:39:00,COGT,7.224999904632568,7.224999904632568,7.235000133514404,7.224999904632568,7.235000133514404,3629.0
2024-03-01 14:39:00,CORT,24.25,24.25,24.25,24.239999771118164,24.239999771118164,3540.0
2024-03-01 14:39:00,CPRX,17.18000030517578,17.18000030517578,17.190000534057617,17.174999237060547,17.190000534057617,6848.0
2024-03-01 14:39:00,CPSI,9.404999732971191,9.404999732971191,9.404999732971191,9.404999732971191,9.404999732971191,245.0
2024-03-01 14:39:00,CRBU,7.909999847412109,7.909999847412109,7.914999961853027,7.909999847412109,7.914999961853027,903.0
2024-03-01 14:39:00,CRDF,2.7899999618530273,2.7899999618530273,2.799999952316284,2.700000047683716,2.740000009536743,263369.0
2024-03-01 14:39:00,CRDL,1.9700000286102295,1.9700000286102295,1.9700000286102295,1.9700000286102295,1.9700000286102295,243.0
2024-03-01 14:39:00,CRMD,3.680000066757202,3.680000066757202,3.680000066757202,3.6700000762939453,3.6700000762939453,511.0
2024-03-01 14:39:00,CRNX,46.46500015258789,46.46500015258789,46.529998779296875,46.41999816894531,46.41999816894531,2583.0
2024-03-01 14:39:00,CRON,2.0350000858306885,2.0350000858306885,2.0350000858306885,2.0336999893188477,2.0336999893188477,605.0
2024-03-01 14:39:00,CRSP,85.25,85.25,85.30390167236328,85.25,85.30390167236328,1123.0
2024-03-01 14:39:00,CSTL,19.809999465942383,19.809999465942383,19.84000015258789,19.764999389648438,19.764999389648438,3470.0
2024-03-01 14:39:00,CTKB,9.0,9.0,9.010000228881836,8.989999771118164,9.0,17230.0
2024-03-01 14:39:00,CTMX,2.5450000762939453,2.5450000762939453,2.5497000217437744,2.5350000858306885,2.5399999618530273,3818.0
2024-03-01 14:39:00,CTSO,0.9898999929428101,0.9898999929428101,0.9898999929428101,0.9898999929428101,0.9898999929428101,2017.0
2024-03-01 14:39:00,CUE,2.1740000247955322,2.1740000247955322,2.1740000247955322,2.1740000247955322,2.1740000247955322,314.0
2024-03-01 14:39:00,CUTR,2.380000114440918,2.380000114440918,2.390000104904175,2.380000114440918,2.380000114440918,658.0
2024-03-01 14:39:00,CVAC,3.4749999046325684,3.4749999046325684,3.4800000190734863,3.4749999046325684,3.4800000190734863,726.0
2024-03-01 14:39:00,CYTK,73.55000305175781,73.55000305175781,73.63500213623047,73.48999786376953,73.58000183105469,5870.0
2024-03-01 14:39:00,DAWN,17.809999465942383,17.809999465942383,17.829999923706055,17.809999465942383,17.829999923706055,2851.0
2024-03-01 14:39:00,DCPH,17.690000534057617,17.690000534057617,17.690000534057617,17.690000534057617,17.690000534057617,140.0
2024-03-01 14:39:00,DH,8.899999618530273,8.899999618530273,8.899999618530273,8.899999618530273,8.899999618530273,398.0
2024-03-01 14:39:00,DMTK,0.8449490070343018,0.8449490070343018,0.8449490070343018,0.8449490070343018,0.8449490070343018,109.0
2024-03-01 14:39:00,DNLI,21.274999618530273,21.274999618530273,21.299999237060547,21.274999618530273,21.299999237060547,1285.0
2024-03-01 14:39:00,DTIL,12.470000267028809,12.470000267028809,12.470000267028809,12.470000267028809,12.470000267028809,200.0
2024-03-01 14:39:00,DVAX,12.84000015258789,12.84000015258789,12.84000015258789,12.835000038146973,12.835000038146973,861.0
2024-03-01 14:39:00,DXCM,121.1500015258789,121.1500015258789,121.27999877929688,121.1500015258789,121.2699966430664,11707.0
2024-03-01 14:39:00,DYN,29.15999984741211,29.15999984741211,29.15999984741211,29.15999984741211,29.15999984741211,632.0
2024-03-01 14:39:00,EDIT,10.864999771118164,10.864999771118164,10.87909984588623,10.864999771118164,10.87909984588623,1894.0
2024-03-01 14:39:00,EGRX,6.690000057220459,6.690000057220459,6.690000057220459,6.690000057220459,6.690000057220459,264.0
2024-03-01 14:39:00,EIGR,7.360000133514404,7.360000133514404,7.360000133514404,7.360000133514404,7.360000133514404,112.0
2024-03-01 14:39:00,ELEV,5.079999923706055,5.079999923706055,5.079999923706055,5.079999923706055,5.079999923706055,1029.0
2024-03-01 14:39:00,ENSC,0.9279000163078308,0.9279000163078308,0.9279000163078308,0.9279000163078308,0.9279000163078308,1401.0
2024-03-01 14:39:00,ENSG,121.84700012207031,121.84700012207031,121.84700012207031,121.84700012207031,121.84700012207031,177.0
2024-03-01 14:39:00,ENTA,15.5,15.5,15.520000457763672,15.5,15.520000457763672,1154.0
2024-03-01 14:39:00,ENVB,1.5434999465942383,1.5434999465942383,1.559999942779541,1.5399999618530273,1.5599000453948975,2614.0
2024-03-01 14:39:00,EPIX,9.470000267028809,9.470000267028809,9.470000267028809,9.449999809265137,9.460000038146973,424.0
2024-03-01 14:39:00,ESPR,2.555000066757202,2.555000066757202,2.555000066757202,2.549999952316284,2.549999952316284,1304.0
2024-03-01 14:39:00,ETNB,12.875,12.875,12.941300392150879,12.869999885559082,12.941300392150879,13337.0
2024-03-01 14:39:00,EWTX,17.010000228881836,17.010000228881836,17.010000228881836,17.010000228881836,17.010000228881836,222.0
2024-03-01 14:39:00,EXAI,6.678400039672852,6.678400039672852,6.678400039672852,6.678400039672852,6.678400039672852,522.0
2024-03-01 14:39:00,EXAS,59.81999969482422,59.81999969482422,59.869998931884766,59.81999969482422,59.845001220703125,4312.0
2024-03-01 14:39:00,EXEL,22.415000915527344,22.415000915527344,22.440000534057617,22.40999984741211,22.415000915527344,20999.0
2024-03-01 14:39:00,EYEN,2.380000114440918,2.380000114440918,2.380000114440918,2.375,2.375,3225.0
2024-03-01 14:39:00,EYPT,27.950000762939453,27.950000762939453,27.950000762939453,27.950000762939453,27.950000762939453,718.0
2024-03-01 14:39:00,FATE,7.789999961853027,7.789999961853027,7.789999961853027,7.784999847412109,7.784999847412109,324.0
2024-03-01 14:39:00,FDMT,29.34000015258789,29.34000015258789,29.344999313354492,29.31999969482422,29.344999313354492,814.0
2024-03-01 14:39:00,FEMY,1.7300000190734863,1.7300000190734863,1.7400000095367432,1.7300000190734863,1.7350000143051147,6808.0
2024-03-01 14:39:00,FIXX,0.929099977016449,0.929099977016449,0.929099977016449,0.929099977016449,0.929099977016449,100.0
2024-03-01 14:39:00,FLGC,1.1698999404907227,1.1698999404907227,1.1698999404907227,1.1698999404907227,1.1698999404907227,1816.0
2024-03-01 14:39:00,FLGT,23.139999389648438,23.139999389648438,23.170000076293945,23.1299991607666,23.16189956665039,2978.0
2024-03-01 14:39:00,FOLD,13.359999656677246,13.359999656677246,13.385000228881836,13.359999656677246,13.385000228881836,2072.0
2024-03-01 14:39:00,FULC,11.0,11.0,11.0,11.0,11.0,221.0
2024-03-01 14:39:00,FUSN,12.220000267028809,12.220000267028809,12.25,12.220000267028809,12.25,983.0
2024-03-01 14:39:00,FWBI,9.045900344848633,9.045900344848633,9.045900344848633,8.850000381469727,8.859999656677246,1571.0
2024-03-01 14:39:00,GDRX,8.449999809265137,8.449999809265137,8.460000038146973,8.414999961853027,8.414999961853027,26135.0
2024-03-01 14:39:00,GENE,2.3550000190734863,2.3550000190734863,2.3550000190734863,2.3499999046325684,2.3499999046325684,290.0
2024-03-01 14:39:00,GERN,2.244999885559082,2.244999885559082,2.25,2.240000009536743,2.25,5787.0
2024-03-01 14:39:00,GH,19.100000381469727,19.100000381469727,19.100000381469727,19.09000015258789,19.09000015258789,1191.0
2024-03-01 14:39:00,GHSI,8.25,8.25,8.289999961853027,8.25,8.289999961853027,316.0
2024-03-01 14:39:00,GILD,72.44499969482422,72.44499969482422,72.45500183105469,72.44000244140625,72.44999694824219,7637.0
2024-03-01 14:39:00,GLTO,0.8050000071525574,0.8050000071525574,0.8050000071525574,0.8050000071525574,0.8050000071525574,353.0
2024-03-01 14:39:00,GLYC,2.990000009536743,2.990000009536743,2.990000009536743,2.990000009536743,2.990000009536743,1330.0
2024-03-01 14:39:00,GMAB,29.420000076293945,29.420000076293945,29.450000762939453,29.420000076293945,29.430099487304688,1919.0
2024-03-01 14:39:00,GMDA,0.38429999351501465,0.38429999351501465,0.38429999351501465,0.38429999351501465,0.38429999351501465,2002.0
2024-03-01 14:39:00,GOSS,1.4199999570846558,1.4199999570846558,1.4199999570846558,1.4199999570846558,1.4199999570846558,200.0
2024-03-01 14:39:00,GRFS,7.000999927520752,7.000999927520752,7.005000114440918,7.000999927520752,7.005000114440918,1480.0
2024-03-01 14:39:00,GRPH,3.4100000858306885,3.4100000858306885,3.4100000858306885,3.4100000858306885,3.4100000858306885,128.0
2024-03-01 14:39:00,GRTS,2.0350000858306885,2.0350000858306885,2.0399999618530273,2.0201001167297363,2.0201001167297363,16152.0
2024-03-01 14:39:00,GTHX,3.7850000858306885,3.7850000858306885,3.7899999618530273,3.7850000858306885,3.7885000705718994,1750.0
2024-03-01 14:39:00,HALO,41.404998779296875,41.404998779296875,41.41999816894531,41.380001068115234,41.380001068115234,4876.0
2024-03-01 14:39:00,HCAT,8.1899995803833,8.1899995803833,8.194999694824219,8.1899995803833,8.194999694824219,400.0
2024-03-01 14:39:00,HCSG,12.720000267028809,12.720000267028809,12.720000267028809,12.710000038146973,12.71500015258789,722.0
2024-03-01 14:39:00,HCTI,2.0199999809265137,2.0199999809265137,2.049999952316284,2.0199999809265137,2.049999952316284,3190.0
2024-03-01 14:39:00,HITI,1.7699999809265137,1.7699999809265137,1.7699999809265137,1.7699999809265137,1.7699999809265137,752.0
2024-03-01 14:39:00,HLTH,0.2630990147590637,0.2630990147590637,0.2630990147590637,0.2630990147590637,0.2630990147590637,2002.0
2024-03-01 14:39:00,HOLX,74.37000274658203,74.37000274658203,74.37000274658203,74.37000274658203,74.37000274658203,288.0
2024-03-01 14:39:00,HOOK,0.7900000214576721,0.7900000214576721,0.7900000214576721,0.7893999814987183,0.7893999814987183,247.0
2024-03-01 14:39:00,HQY,81.48999786376953,81.48999786376953,81.48999786376953,81.48999786376953,81.48999786376953,288.0
2024-03-01 14:39:00,HRTX,2.619999885559082,2.619999885559082,2.619999885559082,2.609999895095825,2.609999895095825,1008.0
2024-03-01 14:39:00,HSIC,76.9000015258789,76.9000015258789,76.9000015258789,76.9000015258789,76.9000015258789,213.0
2024-03-01 14:39:00,HUMA,3.1549999713897705,3.1549999713897705,3.174999952316284,3.1549999713897705,3.1703999042510986,23738.0
2024-03-01 14:39:00,IBRX,4.869999885559082,4.869999885559082,4.885000228881836,4.869999885559082,4.880000114440918,4189.0
2024-03-01 14:39:00,IDYA,46.70500183105469,46.70500183105469,46.70500183105469,46.70500183105469,46.70500183105469,581.0
2024-03-01 14:39:00,IGMS,13.109999656677246,13.109999656677246,13.1899995803833,13.109999656677246,13.1899995803833,669.0
2024-03-01 14:39:00,ILMN,141.47000122070312,141.47000122070312,141.47999572753906,141.4600067138672,141.4600067138672,709.0
2024-03-01 14:39:00,IMAB,1.8049999475479126,1.8049999475479126,1.809999942779541,1.8049999475479126,1.809999942779541,377.0
2024-03-01 14:39:00,IMCR,67.86000061035156,67.86000061035156,67.9000015258789,67.86000061035156,67.9000015258789,1410.0
2024-03-01 14:39:00,IMUX,1.4800000190734863,1.4800000190734863,1.4800000190734863,1.4800000190734863,1.4800000190734863,152.0
2024-03-01 14:39:00,IMVT,35.7400016784668,35.7400016784668,35.779998779296875,35.7400016784668,35.77000045776367,2609.0
2024-03-01 14:39:00,INAB,1.0812000036239624,1.0812000036239624,1.0812000036239624,1.0812000036239624,1.0812000036239624,1750.0
2024-03-01 14:39:00,INCR,1.975000023841858,1.975000023841858,1.975000023841858,1.9700000286102295,1.9700000286102295,1000.0
2024-03-01 14:39:00,INCY,59.08000183105469,59.08000183105469,59.099998474121094,59.08000183105469,59.09000015258789,3685.0
2024-03-01 14:39:00,INGN,6.75,6.75,6.75,6.730000019073486,6.730000019073486,3420.0
2024-03-01 14:39:00,INMD,22.8799991607666,22.8799991607666,22.885000228881836,22.8700008392334,22.8799991607666,5789.0
2024-03-01 14:39:00,INO,9.600000381469727,9.600000381469727,9.600000381469727,9.600000381469727,9.600000381469727,117.0
2024-03-01 14:39:00,INSM,28.100000381469727,28.100000381469727,28.100000381469727,28.100000381469727,28.100000381469727,564.0
2024-03-01 14:39:00,INVA,15.529999732971191,15.529999732971191,15.529999732971191,15.505000114440918,15.505000114440918,4345.0
2024-03-01 14:39:00,INZY,6.610000133514404,6.610000133514404,6.610000133514404,6.610000133514404,6.610000133514404,175.0
2024-03-01 14:39:00,IONS,46.005001068115234,46.005001068115234,46.0099983215332,45.9900016784668,46.0,1424.0
2024-03-01 14:39:00,IOVA,17.014999389648438,17.014999389648438,17.049800872802734,17.010000228881836,17.045000076293945,10788.0
2024-03-01 14:39:00,IPSC,3.9000000953674316,3.9000000953674316,3.9000000953674316,3.9000000953674316,3.9000000953674316,299.0
2024-03-01 14:39:00,IRTC,120.96499633789062,120.96499633789062,120.96499633789062,120.87000274658203,120.87000274658203,1233.0
2024-03-01 14:39:00,IRWD,9.055000305175781,9.055000305175781,9.055000305175781,9.050000190734863,9.055000305175781,2933.0
2024-03-01 14:39:00,ISRG,397.1199951171875,397.1199951171875,397.29998779296875,397.05999755859375,397.05999755859375,10505.0
2024-03-01 14:39:00,ITCI,71.84249877929688,71.84249877929688,71.87999725341797,71.83999633789062,71.87999725341797,2640.0
2024-03-01 14:39:00,IXHL,5.420000076293945,5.420000076293945,5.449999809265137,5.420000076293945,5.449999809265137,618.0
2024-03-01 14:39:00,JAGX,0.08470000326633453,0.08470000326633453,0.0885000005364418,0.08470000326633453,0.0885000005364418,948851.0
2024-03-01 14:39:00,JANX,45.974998474121094,45.974998474121094,46.08000183105469,45.91999816894531,46.08000183105469,1584.0
2024-03-01 14:39:00,JAZZ,119.01499938964844,119.01499938964844,119.0199966430664,118.9800033569336,118.98999786376953,4932.0
2024-03-01 14:39:00,JSPR,21.530000686645508,21.530000686645508,21.530000686645508,21.530000686645508,21.530000686645508,120.0
2024-03-01 14:39:00,JYNT,10.050000190734863,10.050000190734863,10.050000190734863,10.050000190734863,10.050000190734863,0.0
2024-03-01 14:39:00,KALV,14.149999618530273,14.149999618530273,14.149999618530273,14.149999618530273,14.149999618530273,100.0
2024-03-01 14:39:00,KIDS,27.75,27.75,27.790000915527344,27.56999969482422,27.579999923706055,12249.0
2024-03-01 14:39:00,KNSA,21.84000015258789,21.84000015258789,21.84000015258789,21.829999923706055,21.829999923706055,1530.0
2024-03-01 14:39:00,KNTE,2.5950000286102295,2.5950000286102295,2.5950000286102295,2.5950000286102295,2.5950000286102295,1795.0
2024-03-01 14:39:00,KOD,6.045000076293945,6.045000076293945,6.054999828338623,6.045000076293945,6.054999828338623,606.0
2024-03-01 14:39:00,KPRX,0.6600000262260437,0.6600000262260437,0.6600000262260437,0.6600000262260437,0.6600000262260437,4012.0
2024-03-01 14:39:00,KPTI,1.1549999713897705,1.1549999713897705,1.1598999500274658,1.1549999713897705,1.1598999500274658,1370.0
2024-03-01 14:39:00,KROS,69.86000061035156,69.86000061035156,69.86000061035156,69.86000061035156,69.86000061035156,100.0
2024-03-01 14:39:00,KRTX,315.82000732421875,315.82000732421875,315.82000732421875,315.82000732421875,315.82000732421875,162.0
2024-03-01 14:39:00,KRYS,169.25,169.25,169.25,169.25,169.25,135.0
2024-03-01 14:39:00,KURA,21.90999984741211,21.90999984741211,21.90999984741211,21.90999984741211,21.90999984741211,166.0
2024-03-01 14:39:00,KYMR,43.994998931884766,43.994998931884766,44.040000915527344,43.9900016784668,44.040000915527344,2168.0
2024-03-01 14:39:00,KZR,1.059999942779541,1.059999942779541,1.059999942779541,1.058899998664856,1.059999942779541,3756.0
2024-03-01 14:39:00,LAB,2.4700000286102295,2.4700000286102295,2.4700000286102295,2.4649999141693115,2.4700000286102295,1309.0
2024-03-01 14:39:00,LBPH,21.639999389648438,21.639999389648438,21.639999389648438,21.639999389648438,21.639999389648438,363.0
2024-03-01 14:39:00,LEGN,65.44000244140625,65.44000244140625,65.45999908447266,65.44000244140625,65.44999694824219,941.0
2024-03-01 14:39:00,LFMD,7.949999809265137,7.949999809265137,7.96999979019165,7.949999809265137,7.96999979019165,439.0
2024-03-01 14:39:00,LGND,78.18499755859375,78.18499755859375,78.20500183105469,78.0199966430664,78.20500183105469,1327.0
2024-03-01 14:39:00,LIVN,55.68000030517578,55.68000030517578,55.68000030517578,55.58000183105469,55.58000183105469,1385.0
2024-03-01 14:39:00,LMAT,67.94000244140625,67.94000244140625,67.94999694824219,67.94000244140625,67.94000244140625,312.0
2024-03-01 14:39:00,LNTH,64.55999755859375,64.55999755859375,64.59200286865234,64.55999755859375,64.58499908447266,831.0
2024-03-01 14:39:00,LQDA,14.630000114440918,14.630000114440918,14.630000114440918,14.630000114440918,14.630000114440918,379.0
2024-03-01 14:39:00,LRMR,11.295999526977539,11.295999526977539,11.354999542236328,11.295999526977539,11.354999542236328,600.0
2024-03-01 14:39:00,LUCD,1.2400000095367432,1.2400000095367432,1.2400000095367432,1.2400000095367432,1.2400000095367432,114.0
2024-03-01 14:39:00,LVTX,2.75,2.75,2.7699999809265137,2.75,2.7699999809265137,2664.0
2024-03-01 14:39:00,LXRX,2.505000114440918,2.505000114440918,2.509999990463257,2.5,2.505000114440918,2485.0
2024-03-01 14:39:00,LYEL,3.1700000762939453,3.1700000762939453,3.1700000762939453,3.1700000762939453,3.1700000762939453,360.0
2024-03-01 14:39:00,LYRA,5.715000152587891,5.715000152587891,5.71999979019165,5.699999809265137,5.710000038146973,2899.0
2024-03-01 14:39:00,MACK,14.71500015258789,14.71500015258789,14.71500015258789,14.71500015258789,14.71500015258789,130.0
2024-03-01 14:39:00,MASI,127.16000366210938,127.16000366210938,127.16000366210938,127.0999984741211,127.0999984741211,690.0
2024-03-01 14:39:00,MDGL,250.77999877929688,250.77999877929688,250.82000732421875,250.77999877929688,250.82000732421875,993.0
2024-03-01 14:39:00,MDRX,5.989999771118164,5.989999771118164,6.050000190734863,5.989999771118164,6.050000190734863,2871.0
2024-03-01 14:39:00,MDXG,8.654999732971191,8.654999732971191,8.65999984741211,8.649999618530273,8.65999984741211,2361.0
2024-03-01 14:39:00,ME,0.5607900023460388,0.5607900023460388,0.5608999729156494,0.5591999888420105,0.5591999888420105,26961.0
2024-03-01 14:39:00,MEDP,400.82501220703125,400.82501220703125,401.1300048828125,400.3599853515625,401.1300048828125,530.0
2024-03-01 14:39:00,MEDS,9.0600004196167,9.0600004196167,9.0600004196167,9.0600004196167,9.0600004196167,427.0
2024-03-01 14:39:00,MGNX,18.950000762939453,18.950000762939453,18.96500015258789,18.950000762939453,18.950000762939453,576.0
2024-03-01 14:39:00,MGTX,6.431000232696533,6.431000232696533,6.454999923706055,6.431000232696533,6.454999923706055,200.0
2024-03-01 14:39:00,MLTX,51.04999923706055,51.04999923706055,51.04999923706055,50.9900016784668,50.9900016784668,1573.0
2024-03-01 14:39:00,MMSI,76.27999877929688,76.27999877929688,76.4000015258789,76.2699966430664,76.38999938964844,3588.0
2024-03-01 14:39:00,MNKD,4.519999980926514,4.519999980926514,4.525000095367432,4.514999866485596,4.519999980926514,26609.0
2024-03-01 14:39:00,MOR,17.59000015258789,17.59000015258789,17.600000381469727,17.59000015258789,17.59000015258789,858.0
2024-03-01 14:39:00,MORF,39.58000183105469,39.58000183105469,39.63999938964844,39.58000183105469,39.63999938964844,1847.0
2024-03-01 14:39:00,MREO,3.994999885559082,3.994999885559082,3.994999885559082,3.9800000190734863,3.9800000190734863,9653.0
2024-03-01 14:39:00,MRNA,95.55999755859375,95.55999755859375,95.58000183105469,95.55000305175781,95.56999969482422,1512.0
2024-03-01 14:39:00,MRNS,10.319999694824219,10.319999694824219,10.319999694824219,10.319999694824219,10.319999694824219,421.0
2024-03-01 14:39:00,MRSN,5.945000171661377,5.945000171661377,5.960000038146973,5.945000171661377,5.960000038146973,3446.0
2024-03-01 14:39:00,MRUS,51.125,51.125,51.150001525878906,51.125,51.125,772.0
2024-03-01 14:39:00,MRVI,7.739999771118164,7.739999771118164,7.75,7.739999771118164,7.744999885559082,1332.0
2024-03-01 14:39:00,MTEM,3.75,3.75,3.759999990463257,3.75,3.759999990463257,400.0
2024-03-01 14:39:00,MXCT,4.744999885559082,4.744999885559082,4.744999885559082,4.739999771118164,4.739999771118164,1608.0
2024-03-01 14:39:00,NARI,45.86000061035156,45.86000061035156,45.86000061035156,45.83000183105469,45.83000183105469,718.0
2024-03-01 14:39:00,NBIX,131.72999572753906,131.72999572753906,131.77999877929688,131.72999572753906,131.75999450683594,2295.0
2024-03-01 14:39:00,NEO,16.209999084472656,16.209999084472656,16.209999084472656,16.170000076293945,16.18000030517578,6013.0
2024-03-01 14:39:00,NEOG,17.3700008392334,17.3700008392334,17.385000228881836,17.3700008392334,17.385000228881836,3403.0
2024-03-01 14:39:00,NGM,1.5199999809265137,1.5199999809265137,1.5199999809265137,1.5199999809265137,1.5199999809265137,1202.0
2024-03-01 14:39:00,NKTR,0.781000018119812,0.781000018119812,0.781000018119812,0.781000018119812,0.781000018119812,601.0
2024-03-01 14:39:00,NKTX,12.569999694824219,12.569999694824219,12.579999923706055,12.569999694824219,12.579999923706055,356.0
2024-03-01 14:39:00,NNOX,10.670000076293945,10.670000076293945,10.6899995803833,10.65999984741211,10.670100212097168,12246.0
2024-03-01 14:39:00,NOTV,8.0,8.0,8.0,8.0,8.0,226.0
2024-03-01 14:39:00,NPCE,16.170000076293945,16.170000076293945,16.18400001525879,16.170000076293945,16.18400001525879,1478.0
2024-03-01 14:39:00,NRBO,6.184999942779541,6.184999942779541,6.184999942779541,6.184999942779541,6.184999942779541,611.0
2024-03-01 14:39:00,NRIX,13.600000381469727,13.600000381469727,13.619999885559082,13.600000381469727,13.600000381469727,1578.0
2024-03-01 14:39:00,NRSN,2.033900022506714,2.033900022506714,2.0399999618530273,2.0299999713897705,2.0399999618530273,1440.0
2024-03-01 14:39:00,NRXPW,0.1606999933719635,0.1606999933719635,0.1606999933719635,0.1606999933719635,0.1606999933719635,0.0
2024-03-01 14:39:00,NTLA,33.4900016784668,33.4900016784668,33.51499938964844,33.4900016784668,33.51499938964844,3814.0
2024-03-01 14:39:00,NTRA,89.01000213623047,89.01000213623047,89.07499694824219,88.97000122070312,89.05000305175781,4369.0
2024-03-01 14:39:00,NUVL,87.33499908447266,87.33499908447266,87.33499908447266,87.33499908447266,87.33499908447266,434.0
2024-03-01 14:39:00,NUWE,0.5949000120162964,0.5949000120162964,0.5949000120162964,0.5800999999046326,0.5800999999046326,17193.0
2024-03-01 14:39:00,NVAX,5.385000228881836,5.385000228881836,5.389999866485596,5.369999885559082,5.371300220489502,23476.0
2024-03-01 14:39:00,NVCR,16.065000534057617,16.065000534057617,16.065000534057617,16.059999465942383,16.059999465942383,828.0
2024-03-01 14:39:00,NXTC,1.7599999904632568,1.7599999904632568,1.7899999618530273,1.7599999904632568,1.7899999618530273,300.0
2024-03-01 14:39:00,OCGN,0.9599999785423279,0.9599999785423279,0.9599999785423279,0.9563000202178955,0.9592000246047974,51603.0
2024-03-01 14:39:00,OCUL,10.710000038146973,10.710000038146973,10.710000038146973,10.710000038146973,10.710000038146973,1497.0
2024-03-01 14:39:00,OFIX,12.90999984741211,12.90999984741211,12.90999984741211,12.90999984741211,12.90999984741211,101.0
2024-03-01 14:39:00,OGI,2.180000066757202,2.180000066757202,2.180000066757202,2.180000066757202,2.180000066757202,169.0
2024-03-01 14:39:00,OLK,23.05500030517578,23.05500030517578,23.059999465942383,23.024999618530273,23.024999618530273,16494.0
2024-03-01 14:39:00,OLMA,14.949999809265137,14.949999809265137,14.949999809265137,14.9399995803833,14.949999809265137,1106.0
2024-03-01 14:39:00,OM,3.1700000762939453,3.1700000762939453,3.1700000762939453,3.1700000762939453,3.1700000762939453,271.0
2024-03-01 14:39:00,OMCL,26.559999465942383,26.559999465942383,26.568099975585938,26.559999465942383,26.568099975585938,2255.0
2024-03-01 14:40:00,ABCL,5.135000228881836,5.135000228881836,5.139999866485596,5.130000114440918,5.139999866485596,2505.0
2024-03-01 14:40:00,ABEO,7.707499980926514,7.707499980926514,7.707499980926514,7.699999809265137,7.699999809265137,1236.0
2024-03-01 14:40:00,ABOS,4.648900032043457,4.648900032043457,4.648900032043457,4.639999866485596,4.639999866485596,2251.0
2024-03-01 14:40:00,ABUS,2.755000114440918,2.755000114440918,2.755000114440918,2.75,2.755000114440918,2526.0
2024-03-01 14:40:00,ACAD,24.100000381469727,24.100000381469727,24.100000381469727,24.079999923706055,24.09000015258789,2025.0
2024-03-01 14:40:00,ACCD,10.072400093078613,10.072400093078613,10.072400093078613,10.072400093078613,10.072400093078613,448.0
2024-03-01 14:40:00,ACET,2.4000000953674316,2.4000000953674316,2.4000000953674316,2.390000104904175,2.390000104904175,615.0
2024-03-01 14:40:00,ACHC,84.31999969482422,84.31999969482422,84.37999725341797,84.31999969482422,84.37999725341797,1846.0
2024-03-01 14:40:00,ACLX,68.08999633789062,68.08999633789062,68.13999938964844,68.08999633789062,68.13999938964844,383.0
2024-03-01 14:40:00,ACRS,1.2300000190734863,1.2300000190734863,1.2300000190734863,1.2300000190734863,1.2300000190734863,500.0
2024-03-01 14:40:00,ADIL,3.01200008392334,3.01200008392334,3.0199999809265137,2.940000057220459,2.9700000286102295,72381.0
2024-03-01 14:40:00,ADMA,5.539999961853027,5.539999961853027,5.545000076293945,5.539999961853027,5.539999961853027,1843.0
2024-03-01 14:40:00,ADPT,4.090000152587891,4.090000152587891,4.09499979019165,4.090000152587891,4.09499979019165,301.0
2024-03-01 14:40:00,AFIB,0.21299999952316284,0.21299999952316284,0.21299999952316284,0.21299999952316284,0.21299999952316284,249.0
2024-03-01 14:40:00,AFMD,0.6721000075340271,0.6721000075340271,0.6725999712944031,0.671500027179718,0.6725999712944031,3245.0
2024-03-01 14:40:00,AGEN,0.670074999332428,0.670074999332428,0.6700999736785889,0.6700000166893005,0.6700500249862671,26402.0
2024-03-01 14:40:00,AGIO,32.439998626708984,32.439998626708984,32.470001220703125,32.439998626708984,32.470001220703125,1054.0
2024-03-01 14:40:00,AHCO,10.460000038146973,10.460000038146973,10.46500015258789,10.460000038146973,10.46500015258789,1104.0
2024-03-01 14:40:00,AKAN,0.21359999477863312,0.21359999477863312,0.21359999477863312,0.21149900555610657,0.21149900555610657,1234.0
2024-03-01 14:40:00,AKBA,1.684999942779541,1.684999942779541,1.690000057220459,1.6799999475479126,1.684999942779541,1452.0
2024-03-01 14:40:00,AKRO,29.25,29.25,29.270000457763672,29.25,29.270000457763672,379.0
2024-03-01 14:40:00,ALGS,1.0612000226974487,1.0612000226974487,1.0700000524520874,1.0612000226974487,1.0700000524520874,2100.0
2024-03-01 14:40:00,ALHC,5.699999809265137,5.699999809265137,5.71999979019165,5.699999809265137,5.71999979019165,2480.0
2024-03-01 14:40:00,ALIM,3.694999933242798,3.694999933242798,3.694999933242798,3.694999933242798,3.694999933242798,376.0
2024-03-01 14:40:00,ALKS,30.315000534057617,30.315000534057617,30.31999969482422,30.30500030517578,30.309999465942383,3624.0
2024-03-01 14:40:00,ALLK,1.659999966621399,1.659999966621399,1.659999966621399,1.659999966621399,1.659999966621399,200.0
2024-03-01 14:40:00,ALLO,5.03000020980835,5.03000020980835,5.03000020980835,5.03000020980835,5.03000020980835,213.0
2024-03-01 14:40:00,ALPN,36.0,36.0,36.150001525878906,36.0,36.150001525878906,4016.0
2024-03-01 14:40:00,ALT,12.029999732971191,12.029999732971191,12.029999732971191,12.015000343322754,12.020000457763672,4529.0
2024-03-01 14:40:00,ALVO,15.619999885559082,15.619999885559082,15.619999885559082,15.619999885559082,15.619999885559082,985.0
2024-03-01 14:40:00,ALVR,0.7505000233650208,0.7505000233650208,0.7526999711990356,0.7505000233650208,0.7526999711990356,314.0
2024-03-01 14:40:00,ALXO,15.104999542236328,15.104999542236328,15.104999542236328,15.104999542236328,15.104999542236328,200.0
2024-03-01 14:40:00,AMED,93.66000366210938,93.66000366210938,93.66000366210938,93.6500015258789,93.66000366210938,653.0
2024-03-01 14:40:00,AMGN,281.0199890136719,281.0199890136719,281.0199890136719,280.9100036621094,280.9100036621094,3356.0
2024-03-01 14:40:00,AMLX,18.790000915527344,18.790000915527344,18.799999237060547,18.790000915527344,18.795000076293945,3425.0
2024-03-01 14:40:00,AMPH,45.60499954223633,45.60499954223633,45.60499954223633,45.60499954223633,45.60499954223633,475.0
2024-03-01 14:40:00,AMRN,1.0586999654769897,1.0586999654769897,1.0586999654769897,1.0499999523162842,1.0513999462127686,7251.0
2024-03-01 14:40:00,ANIP,66.4749984741211,66.4749984741211,66.4749984741211,66.4749984741211,66.4749984741211,543.0
2024-03-01 14:40:00,ANNX,6.085000038146973,6.085000038146973,6.085000038146973,6.079999923706055,6.079999923706055,1240.0
2024-03-01 14:40:00,APDN,0.5698999762535095,0.5698999762535095,0.5698999762535095,0.5698999762535095,0.5698999762535095,2000.0
2024-03-01 14:40:00,APLS,64.2699966430664,64.2699966430664,64.2843017578125,64.26499938964844,64.26499938964844,455.0
2024-03-01 14:40:00,APLT,7.039999961853027,7.039999961853027,7.050000190734863,7.034999847412109,7.050000190734863,6504.0
2024-03-01 14:40:00,AQST,4.144999980926514,4.144999980926514,4.164999961853027,4.144999980926514,4.164000034332275,4383.0
2024-03-01 14:40:00,ARCT,39.529998779296875,39.529998779296875,39.529998779296875,39.529998779296875,39.529998779296875,506.0
2024-03-01 14:40:00,ARDX,9.470000267028809,9.470000267028809,9.479999542236328,9.470000267028809,9.479999542236328,1686.0
2024-03-01 14:40:00,ARGX,393.1199951171875,393.1199951171875,393.3299865722656,393.1199951171875,393.3299865722656,2323.0
2024-03-01 14:40:00,ARQT,11.65999984741211,11.65999984741211,11.670000076293945,11.59000015258789,11.600000381469727,11494.0
2024-03-01 14:40:00,ARVN,48.70000076293945,48.70000076293945,48.70000076293945,48.70000076293945,48.70000076293945,202.0
2024-03-01 14:40:00,ARWR,35.290000915527344,35.290000915527344,35.33000183105469,35.290000915527344,35.33000183105469,841.0
2024-03-01 14:40:00,ASND,153.2899932861328,153.2899932861328,153.3000030517578,153.2550048828125,153.3000030517578,1189.0
2024-03-01 14:40:00,ASRT,0.9025999903678894,0.9025999903678894,0.9025999903678894,0.9025999903678894,0.9025999903678894,106.0
2024-03-01 14:40:00,ATAI,2.1700000762939453,2.1700000762939453,2.1700000762939453,2.1600000858306885,2.1696999073028564,11975.0
2024-03-01 14:40:00,ATEC,13.430000305175781,13.430000305175781,13.430000305175781,13.425000190734863,13.430000305175781,4789.0
2024-03-01 14:40:00,ATRA,0.7903000116348267,0.7903000116348267,0.7950000166893005,0.7903000116348267,0.7922999858856201,6900.0
2024-03-01 14:40:00,ATRC,36.084999084472656,36.084999084472656,36.11000061035156,36.084999084472656,36.084999084472656,847.0
2024-03-01 14:40:00,ATXS,14.90999984741211,14.90999984741211,14.90999984741211,14.895000457763672,14.899999618530273,2086.0
2024-03-01 14:40:00,AUGX,4.550000190734863,4.550000190734863,4.550000190734863,4.550000190734863,4.550000190734863,217.0
2024-03-01 14:40:00,AUPH,5.820099830627441,5.820099830627441,5.820099830627441,5.820099830627441,5.820099830627441,451.0
2024-03-01 14:40:00,AUTL,6.315000057220459,6.315000057220459,6.315000057220459,6.309999942779541,6.310400009155273,614.0
2024-03-01 14:40:00,AVDL,13.319999694824219,13.319999694824219,13.319999694824219,13.279999732971191,13.279999732971191,6479.0
2024-03-01 14:40:00,AVXL,5.380000114440918,5.380000114440918,5.380000114440918,5.374000072479248,5.375,1210.0
2024-03-01 14:40:00,AXGN,10.520000457763672,10.520000457763672,10.520000457763672,10.520000457763672,10.520000457763672,774.0
2024-03-01 14:40:00,AXNX,67.4000015258789,67.4000015258789,67.41999816894531,67.37999725341797,67.41999816894531,8891.0
2024-03-01 14:40:00,AXSM,82.22000122070312,82.22000122070312,82.22000122070312,82.22000122070312,82.22000122070312,545.0
2024-03-01 14:40:00,AZN,64.71379852294922,64.71379852294922,64.72000122070312,64.69000244140625,64.69000244140625,20649.0
2024-03-01 14:40:00,AZTA,66.93499755859375,66.93499755859375,66.93499755859375,66.93499755859375,66.93499755859375,165.0
2024-03-01 14:40:00,BBIO,35.939998626708984,35.939998626708984,35.95500183105469,35.939998626708984,35.95500183105469,1373.0
2024-03-01 14:40:00,BBLG,2.531599998474121,2.531599998474121,2.531599998474121,2.531599998474121,2.531599998474121,327.0
2024-03-01 14:40:00,BCAB,2.799999952316284,2.799999952316284,2.799999952316284,2.7950000762939453,2.799999952316284,422.0
2024-03-01 14:40:00,BCLI,0.3499999940395355,0.3499999940395355,0.3499999940395355,0.3499999940395355,0.3499999940395355,2000.0
2024-03-01 14:40:00,BCRX,5.715000152587891,5.715000152587891,5.715000152587891,5.710000038146973,5.710000038146973,1388.0
2024-03-01 14:40:00,BDTX,4.744999885559082,4.744999885559082,4.7600998878479,4.744999885559082,4.760000228881836,3825.0
2024-03-01 14:40:00,BEAM,39.935001373291016,39.935001373291016,39.935001373291016,39.90999984741211,39.90999984741211,590.0
2024-03-01 14:40:00,BGXX,0.255950003862381,0.255950003862381,0.255950003862381,0.255950003862381,0.255950003862381,100.0
2024-03-01 14:40:00,BIIB,220.99000549316406,220.99000549316406,221.02000427246094,220.93499755859375,221.02000427246094,2490.0
2024-03-01 14:40:00,BIOL,0.14399999380111694,0.14399999380111694,0.14399999380111694,0.14390000700950623,0.1439100056886673,34503.0
2024-03-01 14:40:00,BIOR,1.1299999952316284,1.1299999952316284,1.1299999952316284,1.1299999952316284,1.1299999952316284,922.0
2024-03-01 14:40:00,BIVI,2.1050000190734863,2.1050000190734863,2.140000104904175,2.0899999141693115,2.119999885559082,47323.0
2024-03-01 14:40:00,BLFS,18.0,18.0,18.010000228881836,18.0,18.010000228881836,399.0
2024-03-01 14:40:00,BLUE,1.5800000429153442,1.5800000429153442,1.5850000381469727,1.5800000429153442,1.5800000429153442,3905.0
2024-03-01 14:40:00,BMEA,18.274999618530273,18.274999618530273,18.274999618530273,18.25,18.270000457763672,1694.0
2024-03-01 14:40:00,BMRN,88.1500015258789,88.1500015258789,88.15499877929688,88.13999938964844,88.1500015258789,15349.0
2024-03-01 14:40:00,BNGO,1.2681000232696533,1.2681000232696533,1.2699999809265137,1.2649999856948853,1.2649999856948853,2643.0
2024-03-01 14:40:00,BNR,0.8208000063896179,0.8208000063896179,0.8208000063896179,0.8208000063896179,0.8208000063896179,102.0
2024-03-01 14:40:00,BNTX,91.12000274658203,91.12000274658203,91.12000274658203,91.04000091552734,91.05999755859375,1450.0
2024-03-01 14:40:00,BPMC,96.46499633789062,96.46499633789062,96.5199966430664,96.46499633789062,96.5,392.0
2024-03-01 14:40:00,BRKR,88.63999938964844,88.63999938964844,88.6500015258789,88.625,88.62999725341797,3039.0
2024-03-01 14:40:00,BRTX,1.5399999618530273,1.5399999618530273,1.5399999618530273,1.5399999618530273,1.5399999618530273,200.0
2024-03-01 14:40:00,BTAI,3.2100000381469727,3.2100000381469727,3.2100000381469727,3.2100000381469727,3.2100000381469727,2991.0
2024-03-01 14:40:00,CABA,23.950000762939453,23.950000762939453,23.959999084472656,23.950000762939453,23.959999084472656,1206.0
2024-03-01 14:40:00,CARA,0.9399999976158142,0.9399999976158142,0.9399999976158142,0.9399999976158142,0.9399999976158142,200.0
2024-03-01 14:40:00,CBAY,32.22999954223633,32.22999954223633,32.22999954223633,32.224998474121094,32.22999954223633,2204.0
2024-03-01 14:40:00,CCCC,11.0649995803833,11.0649995803833,11.069999694824219,11.0649995803833,11.069999694824219,1731.0
2024-03-01 14:40:00,CCRN,18.260000228881836,18.260000228881836,18.290000915527344,18.260000228881836,18.290000915527344,334.0
2024-03-01 14:40:00,CDMO,8.220000267028809,8.220000267028809,8.222000122070312,8.220000267028809,8.222000122070312,546.0
2024-03-01 14:40:00,CDNA,12.430000305175781,12.430000305175781,12.430000305175781,12.430000305175781,12.430000305175781,699.0
2024-03-01 14:40:00,CDTX,0.732699990272522,0.732699990272522,0.7328000068664551,0.7264000177383423,0.7264000177383423,5078.0
2024-03-01 14:40:00,CDXC,1.649999976158142,1.649999976158142,1.649999976158142,1.649999976158142,1.649999976158142,219.0
2024-03-01 14:40:00,CDXS,4.574999809265137,4.574999809265137,4.574999809265137,4.574999809265137,4.574999809265137,1000.0
2024-03-01 14:40:00,CELC,17.100000381469727,17.100000381469727,17.101999282836914,17.100000381469727,17.101999282836914,466.0
2024-03-01 14:40:00,CELU,3.569999933242798,3.569999933242798,3.569999933242798,3.569999933242798,3.569999933242798,104.0
2024-03-01 14:40:00,CERE,41.0625,41.0625,41.064998626708984,41.04999923706055,41.060001373291016,1614.0
2024-03-01 14:40:00,CERS,2.174999952316284,2.174999952316284,2.174999952316284,2.1700000762939453,2.1700000762939453,1986.0
2024-03-01 14:40:00,CERT,18.100000381469727,18.100000381469727,18.1200008392334,18.09000015258789,18.1200008392334,2302.0
2024-03-01 14:40:00,CGC,3.20989990234375,3.20989990234375,3.20989990234375,3.200000047683716,3.2000999450683594,12781.0
2024-03-01 14:40:00,CGEM,18.75,18.75,18.75,18.75,18.75,154.0
2024-03-01 14:40:00,CGEN,2.6649999618530273,2.6649999618530273,2.6649999618530273,2.6649999618530273,2.6649999618530273,642.0
2024-03-01 14:40:00,CHRS,2.4300999641418457,2.4300999641418457,2.434999942779541,2.4300999641418457,2.434999942779541,716.0
2024-03-01 14:40:00,CKPT,2.200000047683716,2.200000047683716,2.200000047683716,2.200000047683716,2.200000047683716,1128.0
2024-03-01 14:40:00,CLDX,52.09000015258789,52.09000015258789,52.1349983215332,52.09000015258789,52.09000015258789,895.0
2024-03-01 14:40:00,CLOV,0.8660500049591064,0.8660500049591064,0.8664000034332275,0.8659999966621399,0.8664000034332275,7423.0
2024-03-01 14:40:00,CLPT,6.525000095367432,6.525000095367432,6.525000095367432,6.525000095367432,6.525000095367432,400.0
2024-03-01 14:40:00,CLRB,4.090000152587891,4.090000152587891,4.090000152587891,4.079999923706055,4.079999923706055,3963.0
2024-03-01 14:40:00,CLVRW,0.04010000079870224,0.04010000079870224,0.04010000079870224,0.04010000079870224,0.04010000079870224,0.0
2024-03-01 14:40:00,CMPS,11.84000015258789,11.84000015258789,11.84000015258789,11.8100004196167,11.819999694824219,3625.0
2024-03-01 14:40:00,COGT,7.224999904632568,7.224999904632568,7.224999904632568,7.224999904632568,7.224999904632568,2000.0
2024-03-01 14:40:00,CORT,24.25,24.25,24.25,24.2450008392334,24.2450008392334,475.0
2024-03-01 14:40:00,CPRX,17.149999618530273,17.149999618530273,17.174999237060547,17.1299991607666,17.170000076293945,9991.0
2024-03-01 14:40:00,CPSI,9.392000198364258,9.392000198364258,9.392000198364258,9.390000343322754,9.390000343322754,1070.0
2024-03-01 14:40:00,CRBP,32.470001220703125,32.470001220703125,32.470001220703125,32.470001220703125,32.470001220703125,199.0
2024-03-01 14:40:00,CRBU,7.880000114440918,7.880000114440918,7.900000095367432,7.880000114440918,7.900000095367432,1986.0
2024-03-01 14:40:00,CRDF,2.7502999305725098,2.7502999305725098,2.7899999618530273,2.7200000286102295,2.7899999618530273,94241.0
2024-03-01 14:40:00,CRMD,3.671999931335449,3.671999931335449,3.671999931335449,3.6700000762939453,3.6700000762939453,1618.0
2024-03-01 14:40:00,CRNX,46.47999954223633,46.47999954223633,46.47999954223633,46.45500183105469,46.45500183105469,469.0
2024-03-01 14:40:00,CRON,2.0350000858306885,2.0350000858306885,2.0399999618530273,2.0299999713897705,2.0399999618530273,789.0
2024-03-01 14:40:00,CRSP,85.31990051269531,85.31990051269531,85.31990051269531,85.20999908447266,85.20999908447266,1634.0
2024-03-01 14:40:00,CTKB,9.0,9.0,9.010000228881836,8.994999885559082,9.0,8867.0
2024-03-01 14:40:00,CTMX,2.5399999618530273,2.5399999618530273,2.5450000762939453,2.5399999618530273,2.5399999618530273,700.0
2024-03-01 14:40:00,CUTR,2.369999885559082,2.369999885559082,2.380000114440918,2.369999885559082,2.380000114440918,300.0
2024-03-01 14:40:00,CYTK,73.5199966430664,73.5199966430664,73.5199966430664,73.5,73.5,689.0
2024-03-01 14:40:00,CYTO,2.23009991645813,2.23009991645813,2.23009991645813,2.23009991645813,2.23009991645813,1000.0
2024-03-01 14:40:00,DAWN,17.809999465942383,17.809999465942383,17.809999465942383,17.809999465942383,17.809999465942383,622.0
2024-03-01 14:40:00,DCGO,4.150000095367432,4.150000095367432,4.150000095367432,4.150000095367432,4.150000095367432,117.0
2024-03-01 14:40:00,DCPH,17.6299991607666,17.6299991607666,17.690000534057617,17.6299991607666,17.690000534057617,2002.0
2024-03-01 14:40:00,DH,8.90999984741211,8.90999984741211,8.90999984741211,8.900099754333496,8.90999984741211,572.0
2024-03-01 14:40:00,DMTK,0.8496000170707703,0.8496000170707703,0.8499000072479248,0.8496000170707703,0.8499000072479248,958.0
2024-03-01 14:40:00,DNLI,21.280000686645508,21.280000686645508,21.280000686645508,21.274999618530273,21.274999618530273,232.0
2024-03-01 14:40:00,DRIO,1.9950000047683716,1.9950000047683716,1.9950000047683716,1.9950000047683716,1.9950000047683716,150.0
2024-03-01 14:40:00,DRMA,0.4487999975681305,0.4487999975681305,0.4487999975681305,0.4487999975681305,0.4487999975681305,116.0
2024-03-01 14:40:00,DTIL,12.460000038146973,12.460000038146973,12.470000267028809,12.460000038146973,12.470000267028809,509.0
2024-03-01 14:40:00,DVAX,12.835000038146973,12.835000038146973,12.84000015258789,12.829999923706055,12.84000015258789,1283.0
2024-03-01 14:40:00,DXCM,121.30999755859375,121.30999755859375,121.30999755859375,121.16500091552734,121.18000030517578,17146.0
2024-03-01 14:40:00,EDIT,10.840900421142578,10.840900421142578,10.859999656677246,10.840900421142578,10.859999656677246,1889.0
2024-03-01 14:40:00,EFTR,16.20170021057129,16.20170021057129,16.20170021057129,16.20170021057129,16.20170021057129,1082.0
2024-03-01 14:40:00,EIGR,7.468100070953369,7.468100070953369,7.468100070953369,7.468100070953369,7.468100070953369,154.0
2024-03-01 14:40:00,ELEV,5.074999809265137,5.074999809265137,5.079999923706055,5.070000171661377,5.079999923706055,3044.0
2024-03-01 14:40:00,EMBC,14.289999961853027,14.289999961853027,14.289999961853027,14.279999732971191,14.279999732971191,1431.0
2024-03-01 14:40:00,ENSG,121.87999725341797,121.87999725341797,121.87999725341797,121.87999725341797,121.87999725341797,260.0
2024-03-01 14:40:00,ENTA,15.505000114440918,15.505000114440918,15.505000114440918,15.48009967803955,15.500200271606445,809.0
2024-03-01 14:40:00,ENVB,1.559999942779541,1.559999942779541,1.559999942779541,1.5499999523162842,1.5599000453948975,7240.0
2024-03-01 14:40:00,EOLS,14.770000457763672,14.770000457763672,14.770000457763672,14.770000457763672,14.770000457763672,611.0
2024-03-01 14:40:00,EQ,2.4600000381469727,2.4600000381469727,2.4600000381469727,2.4600000381469727,2.4600000381469727,234.0
2024-03-01 14:40:00,ERAS,2.509999990463257,2.509999990463257,2.509999990463257,2.509999990463257,2.509999990463257,366.0
2024-03-01 14:40:00,ESPR,2.555000066757202,2.555000066757202,2.555000066757202,2.549999952316284,2.549999952316284,3224.0
2024-03-01 14:40:00,ESTA,44.2599983215332,44.2599983215332,44.2599983215332,44.130001068115234,44.25,6055.0
2024-03-01 14:40:00,ETNB,12.880000114440918,12.880000114440918,12.880000114440918,12.869999885559082,12.880000114440918,1112.0
2024-03-01 14:40:00,EWTX,17.010000228881836,17.010000228881836,17.010000228881836,17.010000228881836,17.010000228881836,491.0
2024-03-01 14:40:00,EXAI,6.679999828338623,6.679999828338623,6.679999828338623,6.679999828338623,6.679999828338623,212.0
2024-03-01 14:40:00,EXAS,59.81999969482422,59.81999969482422,59.84000015258789,59.77000045776367,59.84000015258789,3251.0
2024-03-01 14:40:00,EXEL,22.43000030517578,22.43000030517578,22.440000534057617,22.415000915527344,22.415000915527344,4891.0
2024-03-01 14:40:00,EYEN,2.389899969100952,2.389899969100952,2.389899969100952,2.3889000415802,2.3889000415802,2112.0
2024-03-01 14:40:00,EYPT,27.8700008392334,27.8700008392334,27.8700008392334,27.84000015258789,27.857999801635742,489.0
2024-03-01 14:40:00,FATE,7.775000095367432,7.775000095367432,7.78000020980835,7.769999980926514,7.78000020980835,3653.0
2024-03-01 14:40:00,FBIO,2.380000114440918,2.380000114440918,2.380000114440918,2.380000114440918,2.380000114440918,351.0
2024-03-01 14:40:00,FDMT,29.344999313354492,29.344999313354492,29.360000610351562,29.344999313354492,29.360000610351562,769.0
2024-03-01 14:40:00,FGEN,1.8450000286102295,1.8450000286102295,1.8450000286102295,1.840000033378601,1.8450000286102295,3064.0
2024-03-01 14:40:00,FHTX,8.050000190734863,8.050000190734863,8.050000190734863,8.010000228881836,8.010000228881836,1445.0
2024-03-01 14:40:00,FIXX,0.929099977016449,0.929099977016449,0.929099977016449,0.929099977016449,0.929099977016449,100.0
2024-03-01 14:40:00,FLGT,23.101699829101562,23.101699829101562,23.101699829101562,23.101699829101562,23.101699829101562,321.0
2024-03-01 14:40:00,FOLD,13.364999771118164,13.364999771118164,13.364999771118164,13.359999656677246,13.359999656677246,1449.0
2024-03-01 14:40:00,FULC,11.020000457763672,11.020000457763672,11.020000457763672,10.989999771118164,11.0,3678.0
2024-03-01 14:40:00,FUSN,12.210000038146973,12.210000038146973,12.220000267028809,12.210000038146973,12.210000038146973,784.0
2024-03-01 14:40:00,FWBI,9.199999809265137,9.199999809265137,9.199999809265137,9.199999809265137,9.199999809265137,519.0
2024-03-01 14:40:00,GBIO,2.625,2.625,2.630000114440918,2.625,2.630000114440918,554.0
2024-03-01 14:40:00,GDRX,8.449999809265137,8.449999809265137,8.449999809265137,8.4399995803833,8.449999809265137,5476.0
2024-03-01 14:40:00,GERN,2.25,2.25,2.255000114440918,2.240000009536743,2.244999885559082,202347.0
2024-03-01 14:40:00,GH,19.100000381469727,19.100000381469727,19.100000381469727,19.100000381469727,19.100000381469727,885.0
2024-03-01 14:40:00,GILD,72.5,72.5,72.5,72.43000030517578,72.44000244140625,6821.0
2024-03-01 14:40:00,GLPG,35.04999923706055,35.04999923706055,35.04999923706055,35.04999923706055,35.04999923706055,201.0
2024-03-01 14:40:00,GLTO,0.7954999804496765,0.7954999804496765,0.7954999804496765,0.7921000123023987,0.7921000123023987,7625.0
2024-03-01 14:40:00,GLUE,6.21999979019165,6.21999979019165,6.28000020980835,6.21999979019165,6.269999980926514,2869.0
2024-03-01 14:40:00,GLYC,2.9800000190734863,2.9800000190734863,2.9800000190734863,2.9800000190734863,2.9800000190734863,400.0
2024-03-01 14:40:00,GMAB,29.40999984741211,29.40999984741211,29.420000076293945,29.40999984741211,29.420000076293945,1305.0
2024-03-01 14:40:00,GNPX,4.590000152587891,4.590000152587891,4.59499979019165,4.539999961853027,4.550000190734863,5385.0
2024-03-01 14:40:00,GOSS,1.4199999570846558,1.4199999570846558,1.4199999570846558,1.4112999439239502,1.4112999439239502,280.0
2024-03-01 14:40:00,GRFS,7.005000114440918,7.005000114440918,7.010000228881836,6.989999771118164,7.008699893951416,18279.0
2024-03-01 14:40:00,GRTS,2.0350000858306885,2.0350000858306885,2.0350000858306885,2.0350000858306885,2.0350000858306885,2093.0
2024-03-01 14:40:00,GTHX,3.7799999713897705,3.7799999713897705,3.7899999618530273,3.7799999713897705,3.7899999618530273,261.0
2024-03-01 14:40:00,HALO,41.33000183105469,41.33000183105469,41.38999938964844,41.33000183105469,41.38999938964844,2426.0
2024-03-01 14:40:00,HARP,22.940000534057617,22.940000534057617,22.9424991607666,22.940000534057617,22.9424991607666,203.0
2024-03-01 14:40:00,HCAT,8.1850004196167,8.1850004196167,8.194999694824219,8.180000305175781,8.194999694824219,4506.0
2024-03-01 14:40:00,HCSG,12.75,12.75,12.75,12.725000381469727,12.729999542236328,2724.0
2024-03-01 14:40:00,HLTH,0.26159998774528503,0.26159998774528503,0.2630999982357025,0.26159998774528503,0.2630999982357025,5740.0
2024-03-01 14:40:00,HLVX,19.145000457763672,19.145000457763672,19.155000686645508,19.145000457763672,19.155000686645508,355.0
2024-03-01 14:40:00,HOLX,74.37000274658203,74.37000274658203,74.37000274658203,74.36000061035156,74.36000061035156,1133.0
2024-03-01 14:40:00,HOWL,7.0808000564575195,7.0808000564575195,7.090000152587891,7.045000076293945,7.045000076293945,480.0
2024-03-01 14:40:00,HPCO,0.25586700439453125,0.25586700439453125,0.25586700439453125,0.25586700439453125,0.25586700439453125,1007.0
2024-03-01 14:40:00,HRMY,31.625,31.625,31.625,31.625,31.625,110.0
2024-03-01 14:40:00,HROW,10.949999809265137,10.949999809265137,10.949999809265137,10.9399995803833,10.949999809265137,768.0
2024-03-01 14:40:00,HRTX,2.609999895095825,2.609999895095825,2.615000009536743,2.609999895095825,2.615000009536743,803.0
2024-03-01 14:40:00,HSIC,76.91999816894531,76.91999816894531,76.91999816894531,76.88999938964844,76.88999938964844,1178.0
2024-03-01 14:40:00,HUMA,3.189199924468994,3.189199924468994,3.192500114440918,3.150099992752075,3.1600000858306885,45893.0
2024-03-01 14:40:00,IART,36.220001220703125,36.220001220703125,36.25,36.220001220703125,36.25,1659.0
2024-03-01 14:40:00,IBRX,4.864999771118164,4.864999771118164,4.864999771118164,4.860000133514404,4.860000133514404,361.0
2024-03-01 14:40:00,ICCM,1.309999942779541,1.309999942779541,1.309999942779541,1.309999942779541,1.309999942779541,100.0
2024-03-01 14:40:00,ICLR,324.32000732421875,324.32000732421875,324.32000732421875,324.32000732421875,324.32000732421875,400.0
2024-03-01 14:40:00,IDYA,46.650001525878906,46.650001525878906,46.65999984741211,46.63999938964844,46.65999984741211,1413.0
2024-03-01 14:40:00,IFRX,1.7450000047683716,1.7450000047683716,1.7450000047683716,1.7450000047683716,1.7450000047683716,515.0
2024-03-01 14:40:00,IKT,2.1401000022888184,2.1401000022888184,2.1401000022888184,2.1401000022888184,2.1401000022888184,904.0
2024-03-01 14:40:00,ILMN,141.4499969482422,141.4499969482422,141.4499969482422,141.4199981689453,141.4199981689453,1969.0
2024-03-01 14:40:00,IMAB,1.809999942779541,1.809999942779541,1.809999942779541,1.809999942779541,1.809999942779541,103.0
2024-03-01 14:40:00,IMCR,67.94499969482422,67.94499969482422,67.94499969482422,67.80999755859375,67.83999633789062,4711.0
2024-03-01 14:40:00,IMMP,2.329900026321411,2.329900026321411,2.329900026321411,2.329900026321411,2.329900026321411,525.0
2024-03-01 14:40:00,IMMX,3.509999990463257,3.509999990463257,3.509999990463257,3.509999990463257,3.509999990463257,101.0
2024-03-01 14:40:00,IMNM,25.3799991607666,25.3799991607666,25.440000534057617,25.3700008392334,25.440000534057617,1779.0
2024-03-01 14:40:00,IMNN,1.0199999809265137,1.0199999809265137,1.0199999809265137,1.0199999809265137,1.0199999809265137,637.0
2024-03-01 14:40:00,IMUX,1.475000023841858,1.475000023841858,1.4800000190734863,1.475000023841858,1.4800000190734863,4867.0
2024-03-01 14:40:00,IMVT,35.73500061035156,35.73500061035156,35.7400016784668,35.724998474121094,35.724998474121094,495.0
2024-03-01 14:40:00,INBX,36.6349983215332,36.6349983215332,36.6349983215332,36.6349983215332,36.6349983215332,365.0
2024-03-01 14:40:00,INCY,59.09960174560547,59.09960174560547,59.09960174560547,59.06999969482422,59.084999084472656,694.0
2024-03-01 14:40:00,INGN,6.760000228881836,6.760000228881836,6.764999866485596,6.760000228881836,6.764999866485596,1424.0
2024-03-01 14:40:00,INMD,22.860000610351562,22.860000610351562,22.8700008392334,22.860000610351562,22.8700008392334,385.0
2024-03-01 14:40:00,INO,9.600000381469727,9.600000381469727,9.600000381469727,9.600000381469727,9.600000381469727,999.0
2024-03-01 14:40:00,INSM,28.104999542236328,28.104999542236328,28.104999542236328,28.079999923706055,28.09000015258789,3080.0
2024-03-01 14:40:00,INVA,15.529999732971191,15.529999732971191,15.529999732971191,15.524999618530273,15.524999618530273,907.0
2024-03-01 14:40:00,IOBT,1.820099949836731,1.820099949836731,1.820099949836731,1.8200000524520874,1.8200000524520874,4104.0
2024-03-01 14:40:00,IONS,46.0099983215332,46.0099983215332,46.02000045776367,46.0099983215332,46.02000045776367,459.0
2024-03-01 14:40:00,IOVA,17.010000228881836,17.010000228881836,17.01609992980957,17.0,17.014999389648438,28515.0
2024-03-01 14:40:00,IRMD,41.439998626708984,41.439998626708984,41.439998626708984,41.439998626708984,41.439998626708984,309.0
2024-03-01 14:40:00,IRWD,9.024999618530273,9.024999618530273,9.050000190734863,9.020000457763672,9.050000190734863,61651.0
2024-03-01 14:40:00,ISRG,397.0299987792969,397.0299987792969,397.04998779296875,396.8299865722656,397.04998779296875,6311.0
2024-03-01 14:40:00,IVVD,3.9800000190734863,3.9800000190734863,3.9800000190734863,3.9700000286102295,3.9700000286102295,345.0
2024-03-01 14:40:00,IXHL,5.420000076293945,5.420000076293945,5.420000076293945,5.420000076293945,5.420000076293945,100.0
2024-03-01 14:40:00,JAGX,0.08470000326633453,0.08470000326633453,0.08649999648332596,0.08309999853372574,0.08479999750852585,1044022.0
2024-03-01 14:40:00,JANX,45.970001220703125,45.970001220703125,46.0,45.970001220703125,45.974998474121094,763.0
2024-03-01 14:40:00,JAZZ,119.04000091552734,119.04000091552734,119.05000305175781,119.01499938964844,119.01499938964844,638.0
2024-03-01 14:40:00,JSPR,21.489999771118164,21.489999771118164,21.489999771118164,21.489999771118164,21.489999771118164,234.0
2024-03-01 14:40:00,KALV,14.149999618530273,14.149999618530273,14.149999618530273,14.149999618530273,14.149999618530273,268.0
2024-03-01 14:40:00,KIDS,27.690000534057617,27.690000534057617,27.700000762939453,27.690000534057617,27.700000762939453,328.0
2024-03-01 14:40:00,KNSA,21.850000381469727,21.850000381469727,21.850000381469727,21.829999923706055,21.84000015258789,1108.0
2024-03-01 14:40:00,KOD,6.045000076293945,6.045000076293945,6.045000076293945,6.034999847412109,6.034999847412109,4128.0
2024-03-01 14:40:00,KPTI,1.1749999523162842,1.1749999523162842,1.1749999523162842,1.1549999713897705,1.15910005569458,25793.0
2024-03-01 14:40:00,KROS,69.68000030517578,69.68000030517578,69.68000030517578,69.68000030517578,69.68000030517578,446.0
2024-03-01 14:40:00,KRTX,315.7200012207031,315.7200012207031,315.7200012207031,315.7200012207031,315.7200012207031,256.0
2024-03-01 14:40:00,KRYS,169.22999572753906,169.22999572753906,169.22999572753906,169.22999572753906,169.22999572753906,567.0
2024-03-01 14:40:00,KURA,21.8700008392334,21.8700008392334,21.91990089416504,21.860000610351562,21.91990089416504,7601.0
2024-03-01 14:40:00,KYMR,44.0099983215332,44.0099983215332,44.029998779296875,43.9900016784668,44.0,12616.0
2024-03-01 14:40:00,KZR,1.059999942779541,1.059999942779541,1.059999942779541,1.059999942779541,1.059999942779541,1120.0
2024-03-01 14:40:00,LAB,2.460400104522705,2.460400104522705,2.4700000286102295,2.460400104522705,2.4649999141693115,4821.0
2024-03-01 14:40:00,LEXX,2.819999933242798,2.819999933242798,2.819999933242798,2.819999933242798,2.819999933242798,1744.0
2024-03-01 14:40:00,LFMD,7.960000038146973,7.960000038146973,7.960000038146973,7.960000038146973,7.960000038146973,112.0
2024-03-01 14:40:00,LGVN,0.5450000166893005,0.5450000166893005,0.5450000166893005,0.5450000166893005,0.5450000166893005,200.0
2024-03-01 14:40:00,LMAT,67.91500091552734,67.91500091552734,67.91500091552734,67.91500091552734,67.91500091552734,135.0
2024-03-01 14:40:00,LNTH,64.54000091552734,64.54000091552734,64.54000091552734,64.50499725341797,64.52999877929688,1740.0
2024-03-01 14:40:00,LQDA,14.630000114440918,14.630000114440918,14.630000114440918,14.630000114440918,14.630000114440918,722.0
2024-03-01 14:40:00,LRMR,11.350000381469727,11.350000381469727,11.350000381469727,11.350000381469727,11.350000381469727,155.0
2024-03-01 14:40:00,LUNG,9.4399995803833,9.4399995803833,9.449999809265137,9.4399995803833,9.449999809265137,220.0
2024-03-01 14:40:00,LXRX,2.505000114440918,2.505000114440918,2.505000114440918,2.5,2.5,445.0
2024-03-01 14:40:00,LYEL,3.1600000858306885,3.1600000858306885,3.1600000858306885,3.1600000858306885,3.1600000858306885,4428.0
2024-03-01 14:40:00,LYRA,5.699999809265137,5.699999809265137,5.710000038146973,5.699999809265137,5.710000038146973,701.0
2024-03-01 14:40:00,MACK,14.720000267028809,14.720000267028809,14.720000267028809,14.720000267028809,14.720000267028809,296.0
2024-03-01 14:40:00,MBRX,0.6399999856948853,0.6399999856948853,0.6399999856948853,0.6399999856948853,0.6399999856948853,1919.0
2024-03-01 14:40:00,MCRB,1.2200000286102295,1.2200000286102295,1.2200000286102295,1.2200000286102295,1.2200000286102295,340.0
2024-03-01 14:40:00,MDGL,250.57000732421875,250.57000732421875,250.6300048828125,250.57000732421875,250.6300048828125,459.0
2024-03-01 14:40:00,MDRX,6.050000190734863,6.050000190734863,6.050000190734863,5.989999771118164,5.989999771118164,76978.0
2024-03-01 14:40:00,MDXG,8.664999961853027,8.664999961853027,8.670000076293945,8.65999984741211,8.65999984741211,1492.0
2024-03-01 14:40:00,ME,0.5615000128746033,0.5615000128746033,0.5615100264549255,0.5608999729156494,0.5608999729156494,1445.0
2024-03-01 14:40:00,MGNX,18.969999313354492,18.969999313354492,18.969999313354492,18.969999313354492,18.969999313354492,245.0
2024-03-01 14:40:00,MGTX,6.449999809265137,6.449999809265137,6.449999809265137,6.449999809265137,6.449999809265137,566.0
2024-03-01 14:40:00,MNKD,4.521200180053711,4.521200180053711,4.526000022888184,4.519999980926514,4.519999980926514,2791.0
2024-03-01 14:40:00,MNMD,6.199999809265137,6.199999809265137,6.209499835968018,6.195000171661377,6.203800201416016,2049.0
2024-03-01 14:40:00,MORF,39.54159927368164,39.54159927368164,39.57500076293945,39.54159927368164,39.57500076293945,744.0
2024-03-01 14:40:00,MREO,4.045000076293945,4.045000076293945,4.050000190734863,3.994999885559082,3.994999885559082,35961.0
2024-03-01 14:40:00,MRNA,95.5,95.5,95.55999755859375,95.4800033569336,95.55999755859375,17592.0
2024-03-01 14:40:00,MRNS,10.279999732971191,10.279999732971191,10.3100004196167,10.279999732971191,10.3100004196167,877.0
2024-03-01 14:40:00,MRSN,5.940000057220459,5.940000057220459,5.945000171661377,5.940000057220459,5.945000171661377,2221.0
2024-03-01 14:40:00,MRUS,51.08000183105469,51.08000183105469,51.150001525878906,51.08000183105469,51.150001525878906,4030.0
2024-03-01 14:40:00,MRVI,7.75,7.75,7.75,7.735000133514404,7.739999771118164,7916.0
2024-03-01 14:40:00,MTEM,3.619999885559082,3.619999885559082,3.619999885559082,3.619999885559082,3.619999885559082,0.0
2024-03-01 14:40:00,MXCT,4.744999885559082,4.744999885559082,4.744999885559082,4.744999885559082,4.744999885559082,154.0
2024-03-01 14:40:00,MYGN,22.135000228881836,22.135000228881836,22.145000457763672,22.1299991607666,22.1299991607666,1571.0
2024-03-01 14:40:00,NARI,45.900001525878906,45.900001525878906,45.91999816894531,45.81999969482422,45.81999969482422,6676.0
2024-03-01 14:40:00,NBIX,131.72000122070312,131.72000122070312,131.72999572753906,131.69000244140625,131.72000122070312,2228.0
2024-03-01 14:40:00,NBSE,0.8899999856948853,0.8899999856948853,0.8899999856948853,0.8899999856948853,0.8899999856948853,724.0
2024-03-01 14:40:00,NEO,16.18000030517578,16.18000030517578,16.18000030517578,16.174999237060547,16.174999237060547,389.0
2024-03-01 14:40:00,NKTR,0.781000018119812,0.781000018119812,0.781000018119812,0.7804999947547913,0.7804999947547913,16350.0
2024-03-01 14:40:00,NNOX,10.664999961853027,10.664999961853027,10.670999526977539,10.600000381469727,10.670000076293945,24154.0
2024-03-01 14:40:00,NPCE,16.139999389648438,16.139999389648438,16.139999389648438,16.139999389648438,16.139999389648438,261.0
2024-03-01 14:40:00,NRSN,2.021199941635132,2.021199941635132,2.021199941635132,2.009999990463257,2.0162999629974365,5106.0
2024-03-01 14:40:00,NRXP,0.43130001425743103,0.43130001425743103,0.4325000047683716,0.42590001225471497,0.4259999990463257,40375.0
2024-03-01 14:40:00,NTLA,33.46500015258789,33.46500015258789,33.47999954223633,33.45000076293945,33.47999954223633,685.0
2024-03-01 14:40:00,NTRA,89.0199966430664,89.0199966430664,89.0199966430664,89.0199966430664,89.0199966430664,1121.0
2024-03-01 14:40:00,NUTX,0.11289999634027481,0.11289999634027481,0.11289999634027481,0.11289999634027481,0.11289999634027481,454.0
2024-03-01 14:40:00,NUVL,87.3550033569336,87.3550033569336,87.3550033569336,87.3550033569336,87.3550033569336,680.0
2024-03-01 14:40:00,NUWE,0.5892000198364258,0.5892000198364258,0.5892000198364258,0.5829010009765625,0.5829010009765625,600.0
2024-03-01 14:40:00,NVAX,5.364999771118164,5.364999771118164,5.389999866485596,5.360099792480469,5.385000228881836,30661.0
2024-03-01 14:40:00,NVCR,16.06999969482422,16.06999969482422,16.06999969482422,16.06999969482422,16.06999969482422,100.0
2024-03-01 14:40:00,OCGN,0.956400990486145,0.956400990486145,0.9581999778747559,0.9563000202178955,0.9581999778747559,3172.0
2024-03-01 14:40:00,OCUP,2.5,2.5,2.5,2.5,2.5,100.0
2024-03-01 14:40:00,OFIX,12.920000076293945,12.920000076293945,12.920000076293945,12.899999618530273,12.899999618530273,5287.0
2024-03-01 14:40:00,OGI,2.180000066757202,2.180000066757202,2.180000066757202,2.180000066757202,2.180000066757202,155.0
2024-03-01 14:40:00,OLK,23.059999465942383,23.059999465942383,23.059999465942383,23.049999237060547,23.05500030517578,5200.0
2024-03-01 14:40:00,OLMA,14.930000305175781,14.930000305175781,14.9399995803833,14.930000305175781,14.9399995803833,3113.0
2024-03-01 14:40:00,OMCL,26.579999923706055,26.579999923706055,26.59000015258789,26.5,26.559999465942383,6227.0
2024-03-01 14:40:00,OMER,4.817500114440918,4.817500114440918,4.817500114440918,4.817500114440918,4.817500114440918,174.0
2024-03-01 14:40:00,ONCY,1.149999976158142,1.149999976158142,1.149999976158142,1.1405999660491943,1.1405999660491943,3097.0
2024-03-01 14:41:00,AADI,1.9700000286102295,1.9700000286102295,1.9700000286102295,1.9700000286102295,1.9700000286102295,100.0
2024-03-01 14:41:00,ABCL,5.130000114440918,5.130000114440918,5.139999866485596,5.130000114440918,5.135000228881836,2618.0
2024-03-01 14:41:00,ABEO,7.699999809265137,7.699999809265137,7.699999809265137,7.699999809265137,7.699999809265137,401.0
2024-03-01 14:41:00,ABOS,4.639999866485596,4.639999866485596,4.639999866485596,4.639999866485596,4.639999866485596,303.0
2024-03-01 14:41:00,ABSI,5.545000076293945,5.545000076293945,5.550000190734863,5.510000228881836,5.514999866485596,4160.0
2024-03-01 14:41:00,ABUS,2.75,2.75,2.755000114440918,2.75,2.75,2068.0
2024-03-01 14:41:00,ACAD,24.110000610351562,24.110000610351562,24.110000610351562,24.104999542236328,24.104999542236328,1556.0
2024-03-01 14:41:00,ACB,3.184999942779541,3.184999942779541,3.184999942779541,3.184999942779541,3.184999942779541,417.0
2024-03-01 14:41:00,ACET,2.390000104904175,2.390000104904175,2.4000000953674316,2.390000104904175,2.3949999809265137,300.0
2024-03-01 14:41:00,ACHV,4.360000133514404,4.360000133514404,4.360000133514404,4.360000133514404,4.360000133514404,1000.0
2024-03-01 14:41:00,ACLX,68.0,68.0,68.05000305175781,68.0,68.05000305175781,884.0
2024-03-01 14:41:00,ACON,0.39989998936653137,0.39989998936653137,0.39989998936653137,0.39989998936653137,0.39989998936653137,2000.0
2024-03-01 14:41:00,ACRS,1.2300000190734863,1.2300000190734863,1.23989999294281,1.2300000190734863,1.2300000190734863,1690.0
2024-03-01 14:41:00,ADAP,1.6098999977111816,1.6098999977111816,1.6098999977111816,1.6098999977111816,1.6098999977111816,2000.0
2024-03-01 14:41:00,ADIL,2.990000009536743,2.990000009536743,3.0399999618530273,2.9800000190734863,3.0199999809265137,59460.0
2024-03-01 14:41:00,ADMA,5.539999961853027,5.539999961853027,5.539999961853027,5.53000020980835,5.539999961853027,19267.0
2024-03-01 14:41:00,ADPT,4.090000152587891,4.090000152587891,4.090000152587891,4.090000152587891,4.090000152587891,400.0
2024-03-01 14:41:00,ADVM,1.9800000190734863,1.9800000190734863,1.9800000190734863,1.9800000190734863,1.9800000190734863,937.0
2024-03-01 14:41:00,AFIB,0.2102999985218048,0.2102999985218048,0.2102999985218048,0.2102999985218048,0.2102999985218048,120.0
2024-03-01 14:41:00,AGEN,0.6700500249862671,0.6700500249862671,0.6700999736785889,0.6700000166893005,0.6700999736785889,3356.0
2024-03-01 14:41:00,AGIO,32.45000076293945,32.45000076293945,32.47999954223633,32.439998626708984,32.459999084472656,7598.0
2024-03-01 14:41:00,AHCO,10.46500015258789,10.46500015258789,10.46500015258789,10.460000038146973,10.46500015258789,796.0
2024-03-01 14:41:00,AKAN,0.20999999344348907,0.20999999344348907,0.20999999344348907,0.20999999344348907,0.20999999344348907,655.0
2024-03-01 14:41:00,AKBA,1.684999942779541,1.684999942779541,1.690000057220459,1.684999942779541,1.690000057220459,2919.0
2024-03-01 14:41:00,AKRO,29.299999237060547,29.299999237060547,29.309999465942383,29.225000381469727,29.25,1765.0
2024-03-01 14:41:00,AKYA,6.0,6.0,6.0,6.0,6.0,531.0
2024-03-01 14:41:00,ALDX,4.309999942779541,4.309999942779541,4.309999942779541,4.295000076293945,4.295000076293945,2255.0
2024-03-01 14:41:00,ALEC,7.5,7.5,7.5,7.489999771118164,7.489999771118164,754.0
2024-03-01 14:41:00,ALGN,302.3399963378906,302.3399963378906,302.3399963378906,302.3399963378906,302.3399963378906,402.0
2024-03-01 14:41:00,ALGS,1.0700000524520874,1.0700000524520874,1.0700000524520874,1.0700000524520874,1.0700000524520874,200.0
2024-03-01 14:41:00,ALHC,5.699999809265137,5.699999809265137,5.699999809265137,5.699999809265137,5.699999809265137,456.0
2024-03-01 14:41:00,ALKS,30.325000762939453,30.325000762939453,30.344999313354492,30.31999969482422,30.325000762939453,3059.0
2024-03-01 14:41:00,ALLK,1.659999966621399,1.659999966621399,1.659999966621399,1.659999966621399,1.659999966621399,300.0
2024-03-01 14:41:00,ALPN,35.96500015258789,35.96500015258789,36.0099983215332,35.88999938964844,36.0099983215332,5321.0
2024-03-01 14:41:00,ALT,12.0600004196167,12.0600004196167,12.0649995803833,12.03499984741211,12.03499984741211,10178.0
2024-03-01 14:41:00,ALVR,0.7515000104904175,0.7515000104904175,0.754800021648407,0.7515000104904175,0.754800021648407,320.0
2024-03-01 14:41:00,ALXO,15.09000015258789,15.09000015258789,15.095000267028809,15.0600004196167,15.090100288391113,2478.0
2024-03-01 14:41:00,AMED,93.63999938964844,93.63999938964844,93.6500015258789,93.63999938964844,93.6500015258789,2886.0
2024-03-01 14:41:00,AMGN,281.04998779296875,281.04998779296875,281.1199951171875,280.9700012207031,281.02960205078125,9250.0
2024-03-01 14:41:00,AMLX,18.84000015258789,18.84000015258789,18.84000015258789,18.799999237060547,18.799999237060547,2703.0
2024-03-01 14:41:00,AMPH,45.599998474121094,45.599998474121094,45.599998474121094,45.584999084472656,45.584999084472656,1004.0
2024-03-01 14:41:00,AMRN,1.0549999475479126,1.0549999475479126,1.0549999475479126,1.0499999523162842,1.0549999475479126,507.0
2024-03-01 14:41:00,ANNX,6.090000152587891,6.090000152587891,6.099999904632568,6.085000038146973,6.085000038146973,2887.0
2024-03-01 14:41:00,APLS,64.2300033569336,64.2300033569336,64.29000091552734,64.2300033569336,64.2699966430664,2263.0
2024-03-01 14:41:00,APLT,7.03000020980835,7.03000020980835,7.039999961853027,7.03000020980835,7.03000020980835,907.0
2024-03-01 14:41:00,AQST,4.179900169372559,4.179900169372559,4.179900169372559,4.139999866485596,4.144999980926514,7814.0
2024-03-01 14:41:00,ARCT,39.54999923706055,39.54999923706055,39.54999923706055,39.54999923706055,39.54999923706055,277.0
2024-03-01 14:41:00,ARDX,9.484999656677246,9.484999656677246,9.484999656677246,9.470000267028809,9.47249984741211,4719.0
2024-03-01 14:41:00,ARGX,393.05499267578125,393.05499267578125,393.17999267578125,393.05499267578125,393.1600036621094,1326.0
2024-03-01 14:41:00,ARQT,11.65999984741211,11.65999984741211,11.65999984741211,11.64009952545166,11.65999984741211,4955.0
2024-03-01 14:41:00,ARVN,48.70500183105469,48.70500183105469,48.70500183105469,48.70000076293945,48.7047004699707,1652.0
2024-03-01 14:41:00,ARWR,35.279998779296875,35.279998779296875,35.310001373291016,35.27000045776367,35.29499816894531,4903.0
2024-03-01 14:41:00,ASRT,0.9025999903678894,0.9025999903678894,0.909600019454956,0.9025999903678894,0.909600019454956,900.0
2024-03-01 14:41:00,ATAI,2.1649999618530273,2.1649999618530273,2.1649999618530273,2.163599967956543,2.1649999618530273,1214.0
2024-03-01 14:41:00,ATEC,13.420000076293945,13.420000076293945,13.425000190734863,13.420000076293945,13.425000190734863,3239.0
2024-03-01 14:41:00,ATHA,3.9800000190734863,3.9800000190734863,3.9800000190734863,3.9800000190734863,3.9800000190734863,908.0
2024-03-01 14:41:00,ATOS,1.0099999904632568,1.0099999904632568,1.0099999904632568,1.0099999904632568,1.0099999904632568,100.0
2024-03-01 14:41:00,ATRA,0.7915499806404114,0.7915499806404114,0.7950000166893005,0.7907999753952026,0.7914000153541565,7993.0
2024-03-01 14:41:00,ATRC,36.029998779296875,36.029998779296875,36.08000183105469,36.029998779296875,36.060001373291016,5359.0
2024-03-01 14:41:00,ATXI,0.1537500023841858,0.1537500023841858,0.1537500023841858,0.1537500023841858,0.1537500023841858,723.0
2024-03-01 14:41:00,ATXS,14.930000305175781,14.930000305175781,14.930000305175781,14.930000305175781,14.930000305175781,198.0
2024-03-01 14:41:00,AUPH,5.824999809265137,5.824999809265137,5.829999923706055,5.824999809265137,5.829999923706055,3162.0
2024-03-01 14:41:00,AUTL,6.315000057220459,6.315000057220459,6.315000057220459,6.315000057220459,6.315000057220459,619.0
2024-03-01 14:41:00,AVDL,13.289999961853027,13.289999961853027,13.306599617004395,13.289999961853027,13.300000190734863,8807.0
2024-03-01 14:41:00,AVIR,4.460000038146973,4.460000038146973,4.460000038146973,4.460000038146973,4.460000038146973,533.0
2024-03-01 14:41:00,AVTE,24.05500030517578,24.05500030517578,24.05500030517578,23.886999130249023,23.886999130249023,1108.0
2024-03-01 14:41:00,AVXL,5.369999885559082,5.369999885559082,5.369999885559082,5.369999885559082,5.369999885559082,3156.0
2024-03-01 14:41:00,AXNX,67.4000015258789,67.4000015258789,67.4000015258789,67.38310241699219,67.4000015258789,3299.0
2024-03-01 14:41:00,AXSM,82.25,82.25,82.25,82.23999786376953,82.23999786376953,729.0
2024-03-01 14:41:00,AZN,64.70500183105469,64.70500183105469,64.72000122070312,64.70500183105469,64.72000122070312,9870.0
2024-03-01 14:41:00,AZTA,66.97000122070312,66.97000122070312,66.97000122070312,66.97000122070312,66.97000122070312,204.0
2024-03-01 14:41:00,BBIO,35.970001220703125,35.970001220703125,35.970001220703125,35.91999816894531,35.91999816894531,2264.0
2024-03-01 14:41:00,BCAB,2.799999952316284,2.799999952316284,2.799999952316284,2.7950000762939453,2.7950000762939453,742.0
2024-03-01 14:41:00,BCRX,5.710000038146973,5.710000038146973,5.71999979019165,5.710000038146973,5.71999979019165,1197.0
2024-03-01 14:41:00,BDTX,4.739999771118164,4.739999771118164,4.744999885559082,4.730000019073486,4.744999885559082,3911.0
2024-03-01 14:41:00,BEAM,39.95000076293945,39.95000076293945,39.970001220703125,39.90010070800781,39.970001220703125,8056.0
2024-03-01 14:41:00,BGXX,0.25589999556541443,0.25589999556541443,0.25589999556541443,0.25589999556541443,0.25589999556541443,200.0
2024-03-01 14:41:00,BIIB,221.18499755859375,221.18499755859375,221.1999969482422,221.0050048828125,221.0749969482422,5797.0
2024-03-01 14:41:00,BIOL,0.14390000700950623,0.14390000700950623,0.14399999380111694,0.14390000700950623,0.14399999380111694,3604.0
2024-03-01 14:41:00,BIOR,1.1239999532699585,1.1239999532699585,1.125,1.1239999532699585,1.125,2849.0
2024-03-01 14:41:00,BIVI,2.1017000675201416,2.1017000675201416,2.119999885559082,2.0899999141693115,2.0999999046325684,26256.0
2024-03-01 14:41:00,BLFS,18.014999389648438,18.014999389648438,18.030000686645508,18.010000228881836,18.010000228881836,1189.0
2024-03-01 14:41:00,BLTE,46.33000183105469,46.33000183105469,46.33000183105469,46.33000183105469,46.33000183105469,410.0
2024-03-01 14:41:00,BLUE,1.5850000381469727,1.5850000381469727,1.5853999853134155,1.5800000429153442,1.5800000429153442,7644.0
2024-03-01 14:41:00,BMEA,18.274999618530273,18.274999618530273,18.274999618530273,18.270000457763672,18.270000457763672,688.0
2024-03-01 14:41:00,BMRN,88.1500015258789,88.1500015258789,88.1500015258789,88.13999938964844,88.1449966430664,7241.0
2024-03-01 14:41:00,BNGO,1.2649999856948853,1.2649999856948853,1.2649999856948853,1.2599999904632568,1.2599999904632568,10399.0
2024-03-01 14:41:00,BNTX,91.16000366210938,91.16000366210938,91.19000244140625,91.12000274658203,91.12000274658203,930.0
2024-03-01 14:41:00,BPMC,96.48999786376953,96.48999786376953,96.51000213623047,96.47000122070312,96.51000213623047,1233.0
2024-03-01 14:41:00,BRKR,88.62999725341797,88.62999725341797,88.6500015258789,88.62999725341797,88.6500015258789,1284.0
2024-03-01 14:41:00,BRTX,1.5399999618530273,1.5399999618530273,1.5404000282287598,1.5399999618530273,1.5404000282287598,300.0
2024-03-01 14:41:00,BTAI,3.2100000381469727,3.2100000381469727,3.2100000381469727,3.2100000381469727,3.2100000381469727,407.0
2024-03-01 14:41:00,BVS,4.739999771118164,4.739999771118164,4.739999771118164,4.730000019073486,4.739999771118164,483.0
2024-03-01 14:41:00,CABA,24.0,24.0,24.0,23.950000762939453,23.950000762939453,2791.0
2024-03-01 14:41:00,CAPR,4.539999961853027,4.539999961853027,4.539999961853027,4.534999847412109,4.534999847412109,240.0
2024-03-01 14:41:00,CARA,0.9399999976158142,0.9399999976158142,0.9399999976158142,0.9300000071525574,0.9300000071525574,4380.0
2024-03-01 14:41:00,CBAY,32.22999954223633,32.22999954223633,32.22999954223633,32.22999954223633,32.22999954223633,633.0
2024-03-01 14:41:00,CCCC,11.074999809265137,11.074999809265137,11.074999809265137,11.055000305175781,11.0600004196167,7661.0
2024-03-01 14:41:00,CCRN,18.290000915527344,18.290000915527344,18.290000915527344,18.274999618530273,18.274999618530273,730.0
2024-03-01 14:41:00,CDMO,8.225000381469727,8.225000381469727,8.229999542236328,8.220000267028809,8.225000381469727,1047.0
2024-03-01 14:41:00,CDNA,12.34000015258789,12.34000015258789,12.40999984741211,12.34000015258789,12.40999984741211,3507.0
2024-03-01 14:41:00,CDXS,4.570000171661377,4.570000171661377,4.579999923706055,4.570000171661377,4.574999809265137,1034.0
2024-03-01 14:41:00,CERE,41.064998626708984,41.064998626708984,41.06999969482422,41.0625,41.064998626708984,2723.0
2024-03-01 14:41:00,CERS,2.180000066757202,2.180000066757202,2.180000066757202,2.174999952316284,2.180000066757202,1369.0
2024-03-01 14:41:00,CERT,18.094999313354492,18.094999313354492,18.100000381469727,18.079999923706055,18.100000381469727,3050.0
2024-03-01 14:41:00,CGC,3.2044999599456787,3.2044999599456787,3.2049999237060547,3.2044999599456787,3.2049999237060547,1685.0
2024-03-01 14:41:00,CGEM,18.790000915527344,18.790000915527344,18.790000915527344,18.739999771118164,18.739999771118164,978.0
2024-03-01 14:41:00,CHRS,2.444999933242798,2.444999933242798,2.444999933242798,2.434999942779541,2.434999942779541,4011.0
2024-03-01 14:41:00,CKPT,2.190000057220459,2.190000057220459,2.190000057220459,2.190000057220459,2.190000057220459,110.0
2024-03-01 14:41:00,CLDX,52.314998626708984,52.314998626708984,52.400001525878906,52.18000030517578,52.209999084472656,6837.0
2024-03-01 14:41:00,CLNN,0.38499999046325684,0.38499999046325684,0.38499999046325684,0.38499999046325684,0.38499999046325684,1000.0
2024-03-01 14:41:00,CLOV,0.8657000064849854,0.8657000064849854,0.8659999966621399,0.8657000064849854,0.8659999966621399,8792.0
2024-03-01 14:41:00,CLPT,6.525000095367432,6.525000095367432,6.525000095367432,6.525000095367432,6.525000095367432,1002.0
2024-03-01 14:41:00,CLRB,4.090000152587891,4.090000152587891,4.090000152587891,4.085000038146973,4.090000152587891,4787.0
2024-03-01 14:41:00,CMPS,11.8100004196167,11.8100004196167,11.835000038146973,11.800000190734863,11.819999694824219,2249.0
2024-03-01 14:41:00,CMRX,1.2000000476837158,1.2000000476837158,1.2000000476837158,1.1919000148773193,1.1919000148773193,1244.0
2024-03-01 14:41:00,COGT,7.224999904632568,7.224999904632568,7.230000019073486,7.224999904632568,7.224999904632568,1275.0
2024-03-01 14:41:00,CORT,24.25,24.25,24.25,24.25,24.25,728.0
2024-03-01 14:41:00,CPRX,17.15999984741211,17.15999984741211,17.184999465942383,17.149999618530273,17.149999618530273,9804.0
2024-03-01 14:41:00,CPSI,9.4399995803833,9.4399995803833,9.4399995803833,9.399999618530273,9.399999618530273,3590.0
2024-03-01 14:41:00,CRBP,32.470001220703125,32.470001220703125,32.470001220703125,32.470001220703125,32.470001220703125,279.0
2024-03-01 14:41:00,CRBU,7.900000095367432,7.900000095367432,7.909999847412109,7.880000114440918,7.889999866485596,4809.0
2024-03-01 14:41:00,CRDF,2.7971999645233154,2.7971999645233154,2.7971999645233154,2.730600118637085,2.75,106051.0
2024-03-01 14:41:00,CRMD,3.680000066757202,3.680000066757202,3.680000066757202,3.6700000762939453,3.6700000762939453,443.0
2024-03-01 14:41:00,CRNX,46.45500183105469,46.45500183105469,46.45500183105469,46.45500183105469,46.45500183105469,378.0
2024-03-01 14:41:00,CRON,2.0299999713897705,2.0299999713897705,2.0399999618530273,2.0299999713897705,2.0399999618530273,505.0
2024-03-01 14:41:00,CRSP,85.38780212402344,85.38780212402344,85.38780212402344,85.31999969482422,85.31999969482422,1371.0
2024-03-01 14:41:00,CRVS,2.1965999603271484,2.1965999603271484,2.1965999603271484,2.1965999603271484,2.1965999603271484,200.0
2024-03-01 14:41:00,CTKB,8.979999542236328,8.979999542236328,9.0,8.979999542236328,9.0,16721.0
2024-03-01 14:41:00,CTMX,2.5399999618530273,2.5399999618530273,2.5450000762939453,2.5399999618530273,2.5399999618530273,1002.0
2024-03-01 14:41:00,CUTR,2.380000114440918,2.380000114440918,2.380000114440918,2.380000114440918,2.380000114440918,452.0
2024-03-01 14:41:00,CVAC,3.4700000286102295,3.4700000286102295,3.4800000190734863,3.4700000286102295,3.4749999046325684,425.0
2024-03-01 14:41:00,CVRX,20.700000762939453,20.700000762939453,20.700000762939453,20.68000030517578,20.68000030517578,713.0
2024-03-01 14:41:00,CYT,3.0899999141693115,3.0899999141693115,3.0899999141693115,3.0899999141693115,3.0899999141693115,624.0
2024-03-01 14:41:00,CYTK,73.5,73.5,73.51000213623047,73.48999786376953,73.5,917.0
2024-03-01 14:41:00,CYTO,2.3299999237060547,2.3299999237060547,2.3399999141693115,2.240000009536743,2.3399999141693115,756.0
2024-03-01 14:41:00,DAWN,17.81999969482422,17.81999969482422,17.829999923706055,17.81999969482422,17.825000762939453,1806.0
2024-03-01 14:41:00,DBVT,0.8251500129699707,0.8251500129699707,0.8251500129699707,0.8251500129699707,0.8251500129699707,0.0
2024-03-01 14:41:00,DCGO,4.139999866485596,4.139999866485596,4.150000095367432,4.135000228881836,4.150000095367432,4203.0
2024-03-01 14:41:00,DCPH,17.635900497436523,17.635900497436523,17.635900497436523,17.635900497436523,17.635900497436523,516.0
2024-03-01 14:41:00,DH,8.90999984741211,8.90999984741211,8.90999984741211,8.899999618530273,8.899999618530273,1332.0
2024-03-01 14:41:00,DNLI,21.290000915527344,21.290000915527344,21.290000915527344,21.290000915527344,21.290000915527344,1213.0
2024-03-01 14:41:00,DTIL,12.470000267028809,12.470000267028809,12.470000267028809,12.470000267028809,12.470000267028809,2383.0
2024-03-01 14:41:00,DVAX,12.835000038146973,12.835000038146973,12.84000015258789,12.829999923706055,12.84000015258789,2229.0
2024-03-01 14:41:00,DXCM,121.1500015258789,121.1500015258789,121.32499694824219,121.1500015258789,121.31999969482422,6966.0
2024-03-01 14:41:00,DYN,29.139999389648438,29.139999389648438,29.139999389648438,29.139999389648438,29.139999389648438,569.0
2024-03-01 14:41:00,EDIT,10.859999656677246,10.859999656677246,10.859999656677246,10.845000267028809,10.845000267028809,3307.0
2024-03-01 14:41:00,ELEV,5.09499979019165,5.09499979019165,5.09499979019165,5.070000171661377,5.074999809265137,2491.0
2024-03-01 14:41:00,ENSG,121.66999816894531,121.66999816894531,121.87999725341797,121.66999816894531,121.87999725341797,2938.0
2024-03-01 14:41:00,ENTA,15.505000114440918,15.505000114440918,15.505000114440918,15.505000114440918,15.505000114440918,313.0
2024-03-01 14:41:00,ENVB,1.559999942779541,1.559999942779541,1.559999942779541,1.5509999990463257,1.559999942779541,5057.0
2024-03-01 14:41:00,EOLS,14.789999961853027,14.789999961853027,14.789999961853027,14.779999732971191,14.779999732971191,1502.0
2024-03-01 14:41:00,ESPR,2.559999942779541,2.559999942779541,2.559999942779541,2.555000066757202,2.555000066757202,1580.0
2024-03-01 14:41:00,ESTA,44.375,44.375,44.5,44.15999984741211,44.27000045776367,4624.0
2024-03-01 14:41:00,ETNB,12.90999984741211,12.90999984741211,12.90999984741211,12.890000343322754,12.890000343322754,3985.0
2024-03-01 14:41:00,EWTX,17.010000228881836,17.010000228881836,17.010000228881836,17.010000228881836,17.010000228881836,761.0
2024-03-01 14:41:00,EXAS,59.900001525878906,59.900001525878906,59.900001525878906,59.83000183105469,59.83000183105469,1544.0
2024-03-01 14:41:00,EXEL,22.440000534057617,22.440000534057617,22.450000762939453,22.434999465942383,22.434999465942383,10766.0
2024-03-01 14:41:00,EYEN,2.3891000747680664,2.3891000747680664,2.389400005340576,2.384999990463257,2.389400005340576,1427.0
2024-03-01 14:41:00,EYPT,28.0,28.0,28.0,27.81999969482422,27.81999969482422,5005.0
2024-03-01 14:41:00,FATE,7.760000228881836,7.760000228881836,7.775000095367432,7.760000228881836,7.769999980926514,2730.0
2024-03-01 14:41:00,FDMT,29.395000457763672,29.395000457763672,29.399999618530273,29.344999313354492,29.344999313354492,2897.0
2024-03-01 14:41:00,FEMY,1.7202999591827393,1.7202999591827393,1.7288000583648682,1.7200000286102295,1.7200000286102295,3870.0
2024-03-01 14:41:00,FGEN,1.850000023841858,1.850000023841858,1.850000023841858,1.840000033378601,1.8450000286102295,1510.0
2024-03-01 14:41:00,FHTX,8.010000228881836,8.010000228881836,8.050000190734863,8.010000228881836,8.050000190734863,1246.0
2024-03-01 14:41:00,FIXX,0.929099977016449,0.929099977016449,0.929099977016449,0.929099977016449,0.929099977016449,100.0
2024-03-01 14:41:00,FLGT,23.079999923706055,23.079999923706055,23.079999923706055,23.079999923706055,23.079999923706055,101.0
2024-03-01 14:41:00,FOLD,13.350000381469727,13.350000381469727,13.359999656677246,13.345000267028809,13.359999656677246,6772.0
2024-03-01 14:41:00,FULC,11.069999694824219,11.069999694824219,11.069999694824219,11.0600004196167,11.0600004196167,404.0
2024-03-01 14:41:00,FUSN,12.220000267028809,12.220000267028809,12.220000267028809,12.199999809265137,12.210000038146973,2952.0
2024-03-01 14:41:00,FWBI,8.899999618530273,8.899999618530273,8.899999618530273,8.899999618530273,8.899999618530273,238.0
2024-03-01 14:41:00,GDRX,8.47089958190918,8.47089958190918,8.479700088500977,8.449999809265137,8.449999809265137,8496.0
2024-03-01 14:41:00,GERN,2.240000009536743,2.240000009536743,2.255000114440918,2.240000009536743,2.25,81827.0
2024-03-01 14:41:00,GH,19.104999542236328,19.104999542236328,19.104999542236328,19.099000930786133,19.099000930786133,800.0
2024-03-01 14:41:00,GILD,72.52999877929688,72.52999877929688,72.54499816894531,72.49500274658203,72.49500274658203,12834.0
2024-03-01 14:41:00,GLMD,0.39890000224113464,0.39890000224113464,0.39890000224113464,0.39890000224113464,0.39890000224113464,705.0
2024-03-01 14:41:00,GLPG,35.064998626708984,35.064998626708984,35.064998626708984,35.064998626708984,35.064998626708984,235.0
2024-03-01 14:41:00,GLTO,0.7955999970436096,0.7955999970436096,0.7990000247955322,0.7955999970436096,0.7990000247955322,3121.0
2024-03-01 14:41:00,GLYC,2.990000009536743,2.990000009536743,2.990000009536743,2.9800000190734863,2.9800000190734863,607.0
2024-03-01 14:41:00,GMAB,29.405000686645508,29.405000686645508,29.407499313354492,29.405000686645508,29.407499313354492,515.0
2024-03-01 14:41:00,GNPX,4.584000110626221,4.584000110626221,4.584000110626221,4.584000110626221,4.584000110626221,202.0
2024-03-01 14:41:00,GOSS,1.4199999570846558,1.4199999570846558,1.4199999570846558,1.4199999570846558,1.4199999570846558,1475.0
2024-03-01 14:41:00,GRFS,7.005000114440918,7.005000114440918,7.010000228881836,7.005000114440918,7.005000114440918,3890.0
2024-03-01 14:41:00,GRTS,2.075000047683716,2.075000047683716,2.075000047683716,2.0350000858306885,2.0350000858306885,53827.0
2024-03-01 14:41:00,GTHX,3.799999952316284,3.799999952316284,3.799999952316284,3.7899999618530273,3.7899999618530273,1170.0
2024-03-01 14:41:00,HALO,41.31999969482422,41.31999969482422,41.31999969482422,41.31999969482422,41.31999969482422,1268.0
2024-03-01 14:41:00,HARP,22.94499969482422,22.94499969482422,22.94499969482422,22.94499969482422,22.94499969482422,202.0
2024-03-01 14:41:00,HCAT,8.1899995803833,8.1899995803833,8.1899995803833,8.180000305175781,8.180000305175781,328.0
2024-03-01 14:41:00,HCSG,12.75,12.75,12.75,12.75,12.75,1631.0
2024-03-01 14:41:00,HLVX,19.079999923706055,19.079999923706055,19.100000381469727,19.079999923706055,19.09000015258789,803.0
2024-03-01 14:41:00,HOLX,74.36000061035156,74.36000061035156,74.375,74.36000061035156,74.375,313.0
2024-03-01 14:41:00,HOOK,0.7890999913215637,0.7890999913215637,0.7898989915847778,0.7890999913215637,0.7898989915847778,3038.0
2024-03-01 14:41:00,HQY,81.5199966430664,81.5199966430664,81.5199966430664,81.44000244140625,81.44000244140625,1369.0
2024-03-01 14:41:00,HRMY,31.625,31.625,31.625,31.625,31.625,1211.0
2024-03-01 14:41:00,HRTX,2.609999895095825,2.609999895095825,2.619999885559082,2.609999895095825,2.619999885559082,404.0
2024-03-01 14:41:00,HUMA,3.1875,3.1875,3.1875,3.1846001148223877,3.184999942779541,2046.0
2024-03-01 14:41:00,IART,36.2400016784668,36.2400016784668,36.2400016784668,36.22999954223633,36.22999954223633,545.0
2024-03-01 14:41:00,IBRX,4.862500190734863,4.862500190734863,4.864999771118164,4.860000133514404,4.860000133514404,604.0
2024-03-01 14:41:00,ICLR,324.7049865722656,324.7049865722656,324.7049865722656,324.7049865722656,324.7049865722656,381.0
2024-03-01 14:41:00,ICUI,106.5199966430664,106.5199966430664,106.5199966430664,106.5199966430664,106.5199966430664,342.0
2024-03-01 14:41:00,IDXX,579.010009765625,579.010009765625,579.010009765625,579.010009765625,579.010009765625,241.0
2024-03-01 14:41:00,IDYA,46.68000030517578,46.68000030517578,46.68000030517578,46.68000030517578,46.68000030517578,233.0
2024-03-01 14:41:00,ILMN,141.5500030517578,141.5500030517578,141.55999755859375,141.4499969482422,141.4499969482422,2152.0
2024-03-01 14:41:00,IMAB,1.7999999523162842,1.7999999523162842,1.7999999523162842,1.7999999523162842,1.7999999523162842,201.0
2024-03-01 14:41:00,IMCR,68.01000213623047,68.01000213623047,68.01000213623047,68.01000213623047,68.01000213623047,403.0
2024-03-01 14:41:00,IMMX,3.509999990463257,3.509999990463257,3.509999990463257,3.5,3.5,204.0
2024-03-01 14:41:00,IMNM,25.434999465942383,25.434999465942383,25.434999465942383,25.399999618530273,25.399999618530273,540.0
2024-03-01 14:41:00,IMRX,6.184100151062012,6.184100151062012,6.184100151062012,6.184100151062012,6.184100151062012,367.0
2024-03-01 14:41:00,IMTX,12.859999656677246,12.859999656677246,12.869999885559082,12.859999656677246,12.869999885559082,659.0
2024-03-01 14:41:00,IMUX,1.475000023841858,1.475000023841858,1.475000023841858,1.475000023841858,1.475000023841858,166.0
2024-03-01 14:41:00,IMVT,35.72999954223633,35.72999954223633,35.77000045776367,35.70000076293945,35.72999954223633,8825.0
2024-03-01 14:41:00,INBX,36.650001525878906,36.650001525878906,36.650001525878906,36.650001525878906,36.650001525878906,354.0
2024-03-01 14:41:00,INCY,59.08000183105469,59.08000183105469,59.09000015258789,59.06999969482422,59.084999084472656,1637.0
2024-03-01 14:41:00,INGN,6.754000186920166,6.754000186920166,6.754000186920166,6.754000186920166,6.754000186920166,233.0
2024-03-01 14:41:00,INMD,22.89889907836914,22.89889907836914,22.89889907836914,22.850000381469727,22.860000610351562,10326.0
2024-03-01 14:41:00,INO,9.569999694824219,9.569999694824219,9.600000381469727,9.569999694824219,9.600000381469727,845.0
2024-03-01 14:41:00,INSM,28.084999084472656,28.084999084472656,28.100000381469727,28.075000762939453,28.100000381469727,1816.0
2024-03-01 14:41:00,INVA,15.550000190734863,15.550000190734863,15.550000190734863,15.539999961853027,15.539999961853027,746.0
2024-03-01 14:41:00,INZY,6.610000133514404,6.610000133514404,6.610000133514404,6.610000133514404,6.610000133514404,161.0
2024-03-01 14:41:00,IOVA,17.014999389648438,17.014999389648438,17.019899368286133,17.01020050048828,17.014999389648438,14582.0
2024-03-01 14:41:00,IRWD,9.020000457763672,9.020000457763672,9.029999732971191,9.015000343322754,9.024999618530273,16477.0
2024-03-01 14:41:00,ISRG,396.9100036621094,396.9100036621094,397.010009765625,396.8900146484375,396.989990234375,3520.0
2024-03-01 14:41:00,ITCI,71.93499755859375,71.93499755859375,71.94000244140625,71.8499984741211,71.87999725341797,1859.0
2024-03-01 14:41:00,IVVD,3.9700000286102295,3.9700000286102295,3.9800000190734863,3.9700000286102295,3.9749999046325684,720.0
2024-03-01 14:41:00,JAGX,0.08489999920129776,0.08489999920129776,0.08630000054836273,0.08340000361204147,0.08500000089406967,542188.0
2024-03-01 14:41:00,JANX,45.96500015258789,45.96500015258789,46.0,45.939998626708984,46.0,2389.0
2024-03-01 14:41:00,JAZZ,119.0999984741211,119.0999984741211,119.0999984741211,119.04000091552734,119.04000091552734,829.0
2024-03-01 14:41:00,JSPR,21.37700080871582,21.37700080871582,21.37700080871582,21.37700080871582,21.37700080871582,702.0
2024-03-01 14:41:00,KNSA,21.8799991607666,21.8799991607666,21.889999389648438,21.850000381469727,21.8799991607666,2088.0
2024-03-01 14:41:00,KNTE,2.5950000286102295,2.5950000286102295,2.5950000286102295,2.5950000286102295,2.5950000286102295,606.0
2024-03-01 14:41:00,KOD,6.059999942779541,6.059999942779541,6.085400104522705,6.045000076293945,6.050000190734863,14035.0
2024-03-01 14:41:00,KPTI,1.1699999570846558,1.1699999570846558,1.1699999570846558,1.1649999618530273,1.1649999618530273,4741.0
2024-03-01 14:41:00,KRYS,169.42999267578125,169.42999267578125,169.42999267578125,169.42999267578125,169.42999267578125,401.0
2024-03-01 14:41:00,KTRA,0.10199999809265137,0.10199999809265137,0.10209999978542328,0.10199999809265137,0.10209999978542328,750.0
2024-03-01 14:41:00,KURA,21.8799991607666,21.8799991607666,21.899999618530273,21.875,21.875,6312.0
2024-03-01 14:41:00,KYMR,44.01499938964844,44.01499938964844,44.04999923706055,43.9900016784668,44.025001525878906,1803.0
2024-03-01 14:41:00,KZR,1.059999942779541,1.059999942779541,1.059999942779541,1.059999942779541,1.059999942779541,651.0
2024-03-01 14:41:00,LAB,2.4700000286102295,2.4700000286102295,2.4700000286102295,2.4649999141693115,2.4700000286102295,3262.0
2024-03-01 14:41:00,LEGN,65.41999816894531,65.41999816894531,65.41999816894531,65.41999816894531,65.41999816894531,115.0
2024-03-01 14:41:00,LFMD,7.949999809265137,7.949999809265137,7.949999809265137,7.949999809265137,7.949999809265137,404.0
2024-03-01 14:41:00,LIVN,55.665000915527344,55.665000915527344,55.665000915527344,55.665000915527344,55.665000915527344,343.0
2024-03-01 14:41:00,LMAT,67.91500091552734,67.91500091552734,67.91500091552734,67.91500091552734,67.91500091552734,215.0
2024-03-01 14:41:00,LNTH,64.55999755859375,64.55999755859375,64.58999633789062,64.51000213623047,64.51000213623047,2980.0
2024-03-01 14:41:00,LPTX,2.890000104904175,2.890000104904175,2.890000104904175,2.859999895095825,2.880000114440918,2489.0
2024-03-01 14:41:00,LQDA,14.630000114440918,14.630000114440918,14.630000114440918,14.619999885559082,14.619999885559082,1082.0
2024-03-01 14:41:00,LUCD,1.2400000095367432,1.2400000095367432,1.2400000095367432,1.2400000095367432,1.2400000095367432,201.0
2024-03-01 14:41:00,LUNG,9.470000267028809,9.470000267028809,9.470000267028809,9.449999809265137,9.449999809265137,1844.0
2024-03-01 14:41:00,LXRX,2.509999990463257,2.509999990463257,2.509999990463257,2.5,2.5,551.0
2024-03-01 14:41:00,LYEL,3.1600000858306885,3.1600000858306885,3.1600000858306885,3.1600000858306885,3.1600000858306885,2045.0
2024-03-01 14:41:00,LYRA,5.710000038146973,5.710000038146973,5.710000038146973,5.695000171661377,5.695000171661377,677.0
2024-03-01 14:41:00,MASS,7.369999885559082,7.369999885559082,7.369999885559082,7.355000019073486,7.355000019073486,490.0
2024-03-01 14:41:00,MCRB,1.2200000286102295,1.2200000286102295,1.2300000190734863,1.2200000286102295,1.2300000190734863,447.0
2024-03-01 14:41:00,MDGL,250.98500061035156,250.98500061035156,250.98500061035156,250.72000122070312,250.72000122070312,1578.0
2024-03-01 14:41:00,MDRX,6.03000020980835,6.03000020980835,6.03000020980835,5.989999771118164,5.989999771118164,66778.0
2024-03-01 14:41:00,MDXG,8.670000076293945,8.670000076293945,8.670000076293945,8.664999961853027,8.670000076293945,1688.0
2024-03-01 14:41:00,ME,0.5613999962806702,0.5613999962806702,0.5616000294685364,0.5612999796867371,0.5615000128746033,19093.0
2024-03-01 14:41:00,MEDP,401.1000061035156,401.1000061035156,401.1000061035156,401.1000061035156,401.1000061035156,454.0
2024-03-01 14:41:00,MGNX,18.969999313354492,18.969999313354492,18.979999542236328,18.969999313354492,18.969999313354492,3584.0
2024-03-01 14:41:00,MLTX,50.9900016784668,50.9900016784668,51.04999923706055,50.9900016784668,51.04999923706055,1381.0
2024-03-01 14:41:00,MMSI,76.29499816894531,76.29499816894531,76.29499816894531,76.29499816894531,76.29499816894531,318.0
2024-03-01 14:41:00,MNKD,4.525000095367432,4.525000095367432,4.53000020980835,4.525000095367432,4.525000095367432,1882.0
2024-03-01 14:41:00,MNMD,6.208700180053711,6.208700180053711,6.208700180053711,6.195000171661377,6.195000171661377,911.0
2024-03-01 14:41:00,MNPR,0.8762000203132629,0.8762000203132629,0.8762000203132629,0.8762000203132629,0.8762000203132629,316.0
2024-03-01 14:41:00,MODD,1.8799999952316284,1.8799999952316284,1.8799999952316284,1.8799999952316284,1.8799999952316284,1000.0
2024-03-01 14:41:00,MORF,39.54999923706055,39.54999923706055,39.560001373291016,39.54999923706055,39.560001373291016,563.0
2024-03-01 14:41:00,MREO,4.039999961853027,4.039999961853027,4.050000190734863,4.034999847412109,4.050000190734863,39305.0
2024-03-01 14:41:00,MRNA,95.70999908447266,95.70999908447266,95.70999908447266,95.5,95.5,7162.0
2024-03-01 14:41:00,MRNS,10.270000457763672,10.270000457763672,10.270000457763672,10.270000457763672,10.270000457763672,901.0
2024-03-01 14:41:00,MRSN,5.940000057220459,5.940000057220459,5.960000038146973,5.940000057220459,5.945000171661377,7296.0
2024-03-01 14:41:00,MRUS,51.11000061035156,51.11000061035156,51.11000061035156,51.08000183105469,51.09000015258789,1466.0
2024-03-01 14:41:00,MRVI,7.755000114440918,7.755000114440918,7.760000228881836,7.75,7.75,2563.0
2024-03-01 14:41:00,NARI,45.8650016784668,45.8650016784668,45.900001525878906,45.8650016784668,45.900001525878906,1841.0
2024-03-01 14:41:00,NBIX,131.82000732421875,131.82000732421875,131.8350067138672,131.72500610351562,131.72500610351562,1879.0
2024-03-01 14:41:00,NEO,16.18000030517578,16.18000030517578,16.18000030517578,16.18000030517578,16.18000030517578,246.0
2024-03-01 14:41:00,NEOG,17.3700008392334,17.3700008392334,17.3700008392334,17.3700008392334,17.3700008392334,536.0
2024-03-01 14:41:00,NEPT,0.42309999465942383,0.42309999465942383,0.42309999465942383,0.42309999465942383,0.42309999465942383,353.0
2024-03-01 14:41:00,NGM,1.5199999809265137,1.5199999809265137,1.524999976158142,1.5199999809265137,1.524999976158142,1165.0
2024-03-01 14:41:00,NKTR,0.781000018119812,0.781000018119812,0.7810999751091003,0.7799999713897705,0.7803999781608582,2487.0
2024-03-01 14:41:00,NKTX,12.5649995803833,12.5649995803833,12.5649995803833,12.545900344848633,12.552399635314941,1048.0
2024-03-01 14:41:00,NNOX,10.680000305175781,10.680000305175781,10.680000305175781,10.65999984741211,10.65999984741211,3695.0
2024-03-01 14:41:00,NOTV,7.989999771118164,7.989999771118164,7.989999771118164,7.982800006866455,7.989999771118164,522.0
2024-03-01 14:41:00,NRIX,13.619999885559082,13.619999885559082,13.619999885559082,13.604999542236328,13.604999542236328,920.0
2024-03-01 14:41:00,NRSN,2.01990008354187,2.01990008354187,2.01990008354187,2.01990008354187,2.01990008354187,1005.0
2024-03-01 14:41:00,NRXP,0.43209999799728394,0.43209999799728394,0.4325999915599823,0.43130001425743103,0.43130001425743103,18209.0
2024-03-01 14:41:00,NTLA,33.494998931884766,33.494998931884766,33.494998931884766,33.47999954223633,33.47999954223633,1433.0
2024-03-01 14:41:00,NTRA,89.02999877929688,89.02999877929688,89.04000091552734,88.95999908447266,89.04000091552734,7688.0
2024-03-01 14:41:00,NUTX,0.11389999836683273,0.11389999836683273,0.11389999836683273,0.11389999836683273,0.11389999836683273,313.0
2024-03-01 14:41:00,NUVL,87.58000183105469,87.58000183105469,87.58000183105469,87.58000183105469,87.58000183105469,287.0
2024-03-01 14:41:00,NUWE,0.5877000093460083,0.5877000093460083,0.5877000093460083,0.5877000093460083,0.5877000093460083,2000.0
2024-03-01 14:41:00,NVAX,5.360099792480469,5.360099792480469,5.369699954986572,5.360000133514404,5.364999771118164,6316.0
2024-03-01 14:41:00,NVCR,16.079999923706055,16.079999923706055,16.079999923706055,16.065000534057617,16.065000534057617,1718.0
2024-03-01 14:41:00,NVNO,6.5,6.5,6.5,6.5,6.5,100.0
2024-03-01 14:41:00,NVOS,0.630299985408783,0.630299985408783,0.630299985408783,0.630299985408783,0.630299985408783,100.0
2024-03-01 14:41:00,NXTC,1.7899999618530273,1.7899999618530273,1.7899999618530273,1.7899999618530273,1.7899999618530273,200.0
2024-03-01 14:41:00,OCUL,10.71500015258789,10.71500015258789,10.71500015258789,10.704999923706055,10.704999923706055,2953.0
2024-03-01 14:41:00,OFIX,12.944999694824219,12.944999694824219,12.944999694824219,12.930000305175781,12.9399995803833,2302.0
2024-03-01 14:41:00,OGI,2.174999952316284,2.174999952316284,2.174999952316284,2.174999952316284,2.174999952316284,406.0
2024-03-01 14:41:00,OLMA,14.9399995803833,14.9399995803833,14.9399995803833,14.930000305175781,14.930000305175781,426.0
2024-03-01 14:41:00,OMCL,26.600000381469727,26.600000381469727,26.614999771118164,26.600000381469727,26.610000610351562,1544.0
2024-03-01 14:41:00,OMGA,4.427800178527832,4.427800178527832,4.440000057220459,4.409999847412109,4.409999847412109,8544.0
2024-03-01 14:42:00,AADI,1.9700000286102295,1.9700000286102295,1.9700000286102295,1.9700000286102295,1.9700000286102295,150.0
2024-03-01 14:42:00,ABCL,5.130000114440918,5.130000114440918,5.135000228881836,5.130000114440918,5.135000228881836,214.0
2024-03-01 14:42:00,ABEO,7.730000019073486,7.730000019073486,7.760000228881836,7.704999923706055,7.730000019073486,653393.0
2024-03-01 14:42:00,ABSI,5.545000076293945,5.545000076293945,5.550000190734863,5.545000076293945,5.550000190734863,1558.0
2024-03-01 14:42:00,ABUS,2.755000114440918,2.755000114440918,2.755000114440918,2.75,2.75,887.0
2024-03-01 14:42:00,ACAD,24.110000610351562,24.110000610351562,24.110000610351562,24.110000610351562,24.110000610351562,405.0
2024-03-01 14:42:00,ACB,3.180000066757202,3.180000066757202,3.184999942779541,3.180000066757202,3.184999942779541,771.0
2024-03-01 14:42:00,ACCD,10.079999923706055,10.079999923706055,10.079999923706055,10.079999923706055,10.079999923706055,388.0
2024-03-01 14:42:00,ACET,2.3949999809265137,2.3949999809265137,2.4000000953674316,2.390000104904175,2.4000000953674316,1100.0
2024-03-01 14:42:00,ACHC,84.29119873046875,84.29119873046875,84.29119873046875,84.29119873046875,84.29119873046875,829.0
2024-03-01 14:42:00,ACHL,1.3700000047683716,1.3700000047683716,1.3700000047683716,1.3700000047683716,1.3700000047683716,1500.0
2024-03-01 14:42:00,ACHV,4.360000133514404,4.360000133514404,4.360000133514404,4.360000133514404,4.360000133514404,684.0
2024-03-01 14:42:00,ACON,0.39989998936653137,0.39989998936653137,0.39989998936653137,0.39989998936653137,0.39989998936653137,2002.0
2024-03-01 14:42:00,ACRS,1.2350000143051147,1.2350000143051147,1.2350000143051147,1.2300000190734863,1.2350000143051147,902.0
2024-03-01 14:42:00,ADAP,1.6098999977111816,1.6098999977111816,1.6098999977111816,1.6098999977111816,1.6098999977111816,2312.0
2024-03-01 14:42:00,ADIL,3.0,3.0,3.0799999237060547,2.990000009536743,3.0199999809265137,49189.0
2024-03-01 14:42:00,ADMA,5.534999847412109,5.534999847412109,5.539999961853027,5.53249979019165,5.53249979019165,1428.0
2024-03-01 14:42:00,ADPT,4.09499979019165,4.09499979019165,4.09499979019165,4.09499979019165,4.09499979019165,427.0
2024-03-01 14:42:00,ADVM,1.9800000190734863,1.9800000190734863,1.9800000190734863,1.9700000286102295,1.9700000286102295,10595.0
2024-03-01 14:42:00,AGEN,0.6700500249862671,0.6700500249862671,0.6700999736785889,0.6700000166893005,0.670074999332428,16343.0
2024-03-01 14:42:00,AGIO,32.42499923706055,32.42499923706055,32.46500015258789,32.40999984741211,32.45750045776367,2159.0
2024-03-01 14:42:00,AHCO,10.449999809265137,10.449999809265137,10.467499732971191,10.449999809265137,10.460000038146973,6623.0
2024-03-01 14:42:00,AIH,0.5220000147819519,0.5220000147819519,0.5220000147819519,0.5189999938011169,0.5189999938011169,1600.0
2024-03-01 14:42:00,AIMD,0.949999988079071,0.949999988079071,0.949999988079071,0.949999988079071,0.949999988079071,100.0
2024-03-01 14:42:00,AIRS,6.429999828338623,6.429999828338623,6.429999828338623,6.400000095367432,6.400000095367432,331.0
2024-03-01 14:42:00,AKBA,1.684999942779541,1.684999942779541,1.690000057220459,1.684000015258789,1.684999942779541,1750.0
2024-03-01 14:42:00,AKLI,0.3502010107040405,0.3502010107040405,0.3502010107040405,0.3502010107040405,0.3502010107040405,193.0
2024-03-01 14:42:00,AKRO,29.209999084472656,29.209999084472656,29.30500030517578,29.209999084472656,29.30500030517578,3930.0
2024-03-01 14:42:00,ALDX,4.320000171661377,4.320000171661377,4.320000171661377,4.319499969482422,4.320000171661377,1180.0
2024-03-01 14:42:00,ALEC,7.494999885559082,7.494999885559082,7.5,7.494999885559082,7.5,3446.0
2024-03-01 14:42:00,ALGS,1.0700000524520874,1.0700000524520874,1.0700000524520874,1.0700000524520874,1.0700000524520874,179.0
2024-03-01 14:42:00,ALHC,5.715000152587891,5.715000152587891,5.715000152587891,5.699999809265137,5.699999809265137,4718.0
2024-03-01 14:42:00,ALKS,30.309999465942383,30.309999465942383,30.326099395751953,30.309999465942383,30.326099395751953,2641.0
2024-03-01 14:42:00,ALLK,1.6699999570846558,1.6699999570846558,1.6699999570846558,1.659999966621399,1.659999966621399,5122.0
2024-03-01 14:42:00,ALLO,5.03000020980835,5.03000020980835,5.034999847412109,5.03000020980835,5.034999847412109,1015.0
2024-03-01 14:42:00,ALNY,153.5,153.5,153.63999938964844,153.5,153.60499572753906,1106.0
2024-03-01 14:42:00,ALPN,35.96500015258789,35.96500015258789,36.0,35.93000030517578,35.93000030517578,1641.0
2024-03-01 14:42:00,ALT,12.0600004196167,12.0600004196167,12.069999694824219,12.0600004196167,12.069999694824219,359.0
2024-03-01 14:42:00,ALXO,15.100000381469727,15.100000381469727,15.100000381469727,15.100000381469727,15.100000381469727,252.0
2024-03-01 14:42:00,AMED,93.63999938964844,93.63999938964844,93.66500091552734,93.63999938964844,93.63999938964844,4304.0
2024-03-01 14:42:00,AMGN,281.0299987792969,281.0299987792969,281.0419921875,280.989990234375,280.989990234375,2831.0
2024-03-01 14:42:00,AMLX,18.835500717163086,18.835500717163086,18.860000610351562,18.829999923706055,18.850000381469727,3890.0
2024-03-01 14:42:00,AMPH,45.58000183105469,45.58000183105469,45.65999984741211,45.58000183105469,45.630001068115234,7425.0
2024-03-01 14:42:00,AMRN,1.0549999475479126,1.0549999475479126,1.0549999475479126,1.0549999475479126,1.0549999475479126,650.0
2024-03-01 14:42:00,ANGO,5.489999771118164,5.489999771118164,5.489999771118164,5.489999771118164,5.489999771118164,186.0
2024-03-01 14:42:00,ANIK,25.049999237060547,25.049999237060547,25.049999237060547,25.049999237060547,25.049999237060547,836.0
2024-03-01 14:42:00,ANIP,66.91500091552734,66.91500091552734,66.91500091552734,66.54029846191406,66.54029846191406,2705.0
2024-03-01 14:42:00,ANNX,6.099999904632568,6.099999904632568,6.099999904632568,6.099999904632568,6.099999904632568,143.0
2024-03-01 14:42:00,APLS,64.15499877929688,64.15499877929688,64.23999786376953,64.15499877929688,64.2300033569336,4775.0
2024-03-01 14:42:00,APLT,7.03000020980835,7.03000020980835,7.039999961853027,7.03000020980835,7.039999961853027,452.0
2024-03-01 14:42:00,AQST,4.179999828338623,4.179999828338623,4.179999828338623,4.179999828338623,4.179999828338623,1906.0
2024-03-01 14:42:00,ARAY,2.640000104904175,2.640000104904175,2.640000104904175,2.640000104904175,2.640000104904175,128.0
2024-03-01 14:42:00,ARDX,9.479999542236328,9.479999542236328,9.488499641418457,9.479999542236328,9.484999656677246,3165.0
2024-03-01 14:42:00,ARQT,11.649999618530273,11.649999618530273,11.670000076293945,11.649999618530273,11.652199745178223,7568.0
2024-03-01 14:42:00,ARVN,48.66999816894531,48.66999816894531,48.70500183105469,48.63999938964844,48.70500183105469,1507.0
2024-03-01 14:42:00,ARWR,35.185001373291016,35.185001373291016,35.279998779296875,35.18000030517578,35.279998779296875,10912.0
2024-03-01 14:42:00,ASRT,0.9061499834060669,0.9061499834060669,0.909600019454956,0.9061499834060669,0.909600019454956,200.0
2024-03-01 14:42:00,ATEC,13.420000076293945,13.420000076293945,13.430000305175781,13.420000076293945,13.420000076293945,1458.0
2024-03-01 14:42:00,ATRA,0.7928000092506409,0.7928000092506409,0.7950000166893005,0.7915999889373779,0.7950000166893005,6759.0
2024-03-01 14:42:00,ATRC,36.02000045776367,36.02000045776367,36.05500030517578,36.02000045776367,36.05500030517578,1059.0
2024-03-01 14:42:00,ATXS,14.9399995803833,14.9399995803833,14.9399995803833,14.9399995803833,14.9399995803833,1356.0
2024-03-01 14:42:00,AUGX,4.559999942779541,4.559999942779541,4.559999942779541,4.550000190734863,4.559999942779541,449.0
2024-03-01 14:42:00,AUPH,5.809999942779541,5.809999942779541,5.824999809265137,5.809999942779541,5.824999809265137,12417.0
2024-03-01 14:42:00,AVDL,13.289999961853027,13.289999961853027,13.289999961853027,13.289999961853027,13.289999961853027,614.0
2024-03-01 14:42:00,AVTE,24.229999542236328,24.229999542236328,24.229999542236328,24.229999542236328,24.229999542236328,105.0
2024-03-01 14:42:00,AVXL,5.375,5.375,5.375,5.369999885559082,5.369999885559082,703.0
2024-03-01 14:42:00,AXDX,0.9800000190734863,0.9800000190734863,0.9800000190734863,0.9800000190734863,0.9800000190734863,1966.0
2024-03-01 14:42:00,AXGN,10.545000076293945,10.545000076293945,10.545000076293945,10.529999732971191,10.529999732971191,3014.0
2024-03-01 14:42:00,AXNX,67.41000366210938,67.41000366210938,67.43000030517578,67.3949966430664,67.41999816894531,2437.0
2024-03-01 14:42:00,AZN,64.70500183105469,64.70500183105469,64.70999908447266,64.69999694824219,64.70500183105469,13837.0
2024-03-01 14:42:00,AZTA,66.93499755859375,66.93499755859375,66.93499755859375,66.93499755859375,66.93499755859375,199.0
2024-03-01 14:42:00,BBIO,35.965999603271484,35.965999603271484,35.965999603271484,35.965999603271484,35.965999603271484,161.0
2024-03-01 14:42:00,BCAB,2.7950000762939453,2.7950000762939453,2.799999952316284,2.7950000762939453,2.799999952316284,356.0
2024-03-01 14:42:00,BCDA,0.5765990018844604,0.5765990018844604,0.5765990018844604,0.5765990018844604,0.5765990018844604,1000.0
2024-03-01 14:42:00,BCRX,5.715000152587891,5.715000152587891,5.71999979019165,5.710000038146973,5.71999979019165,1906.0
2024-03-01 14:42:00,BDTX,4.731800079345703,4.731800079345703,4.7399001121521,4.731800079345703,4.7399001121521,671.0
2024-03-01 14:42:00,BEAM,39.994998931884766,39.994998931884766,40.005001068115234,39.95000076293945,39.95000076293945,2751.0
2024-03-01 14:42:00,BIOL,0.14399999380111694,0.14399999380111694,0.14399999380111694,0.14399999380111694,0.14399999380111694,461.0
2024-03-01 14:42:00,BIVI,2.0920000076293945,2.0920000076293945,2.109999895095825,2.0799999237060547,2.0999999046325684,13311.0
2024-03-01 14:42:00,BLFS,18.024999618530273,18.024999618530273,18.059999465942383,18.020000457763672,18.020000457763672,1903.0
2024-03-01 14:42:00,BLRX,1.3600000143051147,1.3600000143051147,1.3600000143051147,1.3600000143051147,1.3600000143051147,14375.0
2024-03-01 14:42:00,BLUE,1.580299973487854,1.580299973487854,1.5850000381469727,1.5800000429153442,1.5850000381469727,4098.0
2024-03-01 14:42:00,BMEA,18.299999237060547,18.299999237060547,18.309999465942383,18.290000915527344,18.290000915527344,1500.0
2024-03-01 14:42:00,BMRA,1.2000000476837158,1.2000000476837158,1.2000000476837158,1.2000000476837158,1.2000000476837158,100.0
2024-03-01 14:42:00,BMRN,88.13999938964844,88.13999938964844,88.1500015258789,88.13999938964844,88.1449966430664,6230.0
2024-03-01 14:42:00,BNGO,1.2599999904632568,1.2599999904632568,1.2599999904632568,1.2599999904632568,1.2599999904632568,703.0
2024-03-01 14:42:00,BNTC,5.20550012588501,5.20550012588501,5.20550012588501,5.20550012588501,5.20550012588501,294.0
2024-03-01 14:42:00,BPMC,96.44000244140625,96.44000244140625,96.44999694824219,96.44000244140625,96.44999694824219,760.0
2024-03-01 14:42:00,BRKR,88.62999725341797,88.62999725341797,88.62999725341797,88.61499786376953,88.62999725341797,1893.0
2024-03-01 14:42:00,BTAI,3.2200000286102295,3.2200000286102295,3.2200000286102295,3.2200000286102295,3.2200000286102295,415.0
2024-03-01 14:42:00,BTMD,5.94290018081665,5.94290018081665,5.94290018081665,5.94290018081665,5.94290018081665,847.0
2024-03-01 14:42:00,BTTX,0.18479999899864197,0.18479999899864197,0.18479999899864197,0.18029999732971191,0.18479999899864197,1480.0
2024-03-01 14:42:00,BVS,4.730000019073486,4.730000019073486,4.730000019073486,4.730000019073486,4.730000019073486,329.0
2024-03-01 14:42:00,CAPR,4.5625,4.5625,4.5625,4.5625,4.5625,161.0
2024-03-01 14:42:00,CARA,0.9323999881744385,0.9323999881744385,0.9323999881744385,0.930400013923645,0.9304999709129333,5398.0
2024-03-01 14:42:00,CBAY,32.22999954223633,32.22999954223633,32.22999954223633,32.22999954223633,32.22999954223633,1815.0
2024-03-01 14:42:00,CCCC,11.074999809265137,11.074999809265137,11.087499618530273,11.069999694824219,11.074999809265137,7624.0
2024-03-01 14:42:00,CDMO,8.21500015258789,8.21500015258789,8.234999656677246,8.21500015258789,8.234999656677246,2827.0
2024-03-01 14:42:00,CDNA,12.354999542236328,12.354999542236328,12.385000228881836,12.354999542236328,12.359999656677246,2206.0
2024-03-01 14:42:00,CDTX,0.7200000286102295,0.7200000286102295,0.7200000286102295,0.7200000286102295,0.7200000286102295,699.0
2024-03-01 14:42:00,CDXC,1.6399999856948853,1.6399999856948853,1.6399999856948853,1.6399999856948853,1.6399999856948853,105.0
2024-03-01 14:42:00,CDXS,4.565000057220459,4.565000057220459,4.574999809265137,4.565000057220459,4.574999809265137,1501.0
2024-03-01 14:42:00,CELC,17.1200008392334,17.1200008392334,17.1200008392334,17.110000610351562,17.110000610351562,881.0
2024-03-01 14:42:00,CERE,41.05500030517578,41.05500030517578,41.06999969482422,41.04999923706055,41.060001373291016,4646.0
2024-03-01 14:42:00,CERS,2.180000066757202,2.180000066757202,2.180000066757202,2.180000066757202,2.180000066757202,124.0
2024-03-01 14:42:00,CERT,18.100000381469727,18.100000381469727,18.100000381469727,18.100000381469727,18.100000381469727,334.0
2024-03-01 14:42:00,CGC,3.2049999237060547,3.2049999237060547,3.2049999237060547,3.2049999237060547,3.2049999237060547,221.0
2024-03-01 14:42:00,CGEM,18.760000228881836,18.760000228881836,18.760000228881836,18.760000228881836,18.760000228881836,102.0
2024-03-01 14:42:00,CHRS,2.4549999237060547,2.4549999237060547,2.4649999141693115,2.450000047683716,2.450000047683716,38265.0
2024-03-01 14:42:00,CKPT,2.190000057220459,2.190000057220459,2.190000057220459,2.190000057220459,2.190000057220459,101.0
2024-03-01 14:42:00,CLDX,52.34000015258789,52.34000015258789,52.34000015258789,52.34000015258789,52.34000015258789,716.0
2024-03-01 14:42:00,CLOV,0.8657000064849854,0.8657000064849854,0.8657000064849854,0.8657000064849854,0.8657000064849854,2422.0
2024-03-01 14:42:00,CLRB,4.099899768829346,4.099899768829346,4.099899768829346,4.098999977111816,4.098999977111816,570.0
2024-03-01 14:42:00,CMPS,11.744999885559082,11.744999885559082,11.824999809265137,11.739999771118164,11.8100004196167,5233.0
2024-03-01 14:42:00,CMPX,1.8799999952316284,1.8799999952316284,1.8799999952316284,1.8799999952316284,1.8799999952316284,1591.0
2024-03-01 14:42:00,CMRX,1.1950000524520874,1.1950000524520874,1.1950000524520874,1.1950000524520874,1.1950000524520874,100.0
2024-03-01 14:42:00,COGT,7.215000152587891,7.215000152587891,7.224999904632568,7.215000152587891,7.224999904632568,7079.0
2024-03-01 14:42:00,CORT,24.25,24.25,24.25,24.25,24.25,851.0
2024-03-01 14:42:00,COSM,0.7692999839782715,0.7692999839782715,0.7692999839782715,0.7692999839782715,0.7692999839782715,150.0
2024-03-01 14:42:00,CPRX,17.155000686645508,17.155000686645508,17.15999984741211,17.149999618530273,17.149999618530273,3517.0
2024-03-01 14:42:00,CRBU,7.90500020980835,7.90500020980835,7.909999847412109,7.900000095367432,7.909999847412109,2832.0
2024-03-01 14:42:00,CRDF,2.892400026321411,2.892400026321411,2.9200000762939453,2.7899999618530273,2.7899999618530273,468199.0
2024-03-01 14:42:00,CRDL,1.988800048828125,1.988800048828125,1.988800048828125,1.988800048828125,1.988800048828125,763.0
2024-03-01 14:42:00,CRNX,46.41999816894531,46.41999816894531,46.439998626708984,46.31999969482422,46.41999816894531,2591.0
2024-03-01 14:42:00,CRON,2.0350000858306885,2.0350000858306885,2.0397000312805176,2.0299999713897705,2.0299999713897705,2403.0
2024-03-01 14:42:00,CRSP,85.33000183105469,85.33000183105469,85.41999816894531,85.33000183105469,85.41999816894531,1865.0
2024-03-01 14:42:00,CRVS,2.190000057220459,2.190000057220459,2.190000057220459,2.190000057220459,2.190000057220459,2689.0
2024-03-01 14:42:00,CTKB,8.970600128173828,8.970600128173828,9.0,8.970000267028809,8.979999542236328,20216.0
2024-03-01 14:42:00,CTMX,2.5450000762939453,2.5450000762939453,2.5450000762939453,2.5399999618530273,2.5399999618530273,600.0
2024-03-01 14:42:00,CTSO,0.949999988079071,0.949999988079071,0.949999988079071,0.949999988079071,0.949999988079071,275.0
2024-03-01 14:42:00,CTXR,0.7739999890327454,0.7739999890327454,0.7739999890327454,0.7739999890327454,0.7739999890327454,315.0
2024-03-01 14:42:00,CUE,2.177999973297119,2.177999973297119,2.177999973297119,2.177999973297119,2.177999973297119,419.0
2024-03-01 14:42:00,CUTR,2.380000114440918,2.380000114440918,2.380000114440918,2.380000114440918,2.380000114440918,100.0
2024-03-01 14:42:00,CVAC,3.4800000190734863,3.4800000190734863,3.4800000190734863,3.4749999046325684,3.4749999046325684,4458.0
2024-03-01 14:42:00,CYTK,73.45999908447266,73.45999908447266,73.5,73.43000030517578,73.48999786376953,1869.0
2024-03-01 14:42:00,CYTO,2.330899953842163,2.330899953842163,2.330899953842163,2.330899953842163,2.330899953842163,1170.0
2024-03-01 14:42:00,DAWN,17.790000915527344,17.790000915527344,17.829999923706055,17.790000915527344,17.829999923706055,4740.0
2024-03-01 14:42:00,DCPH,17.6299991607666,17.6299991607666,17.645000457763672,17.6299991607666,17.645000457763672,751.0
2024-03-01 14:42:00,DH,8.890000343322754,8.890000343322754,8.890000343322754,8.890000343322754,8.890000343322754,251.0
2024-03-01 14:42:00,DNLI,21.270000457763672,21.270000457763672,21.299999237060547,21.270000457763672,21.280000686645508,1339.0
2024-03-01 14:42:00,DSGN,2.890000104904175,2.890000104904175,2.890000104904175,2.890000104904175,2.890000104904175,100.0
2024-03-01 14:42:00,DTIL,12.470000267028809,12.470000267028809,12.470000267028809,12.470000267028809,12.470000267028809,260.0
2024-03-01 14:42:00,DVAX,12.835000038146973,12.835000038146973,12.835000038146973,12.835000038146973,12.835000038146973,529.0
2024-03-01 14:42:00,DXCM,121.26000213623047,121.26000213623047,121.27999877929688,121.16000366210938,121.16000366210938,10524.0
2024-03-01 14:42:00,EDIT,10.850000381469727,10.850000381469727,10.850000381469727,10.850000381469727,10.850000381469727,1564.0
2024-03-01 14:42:00,EFTR,15.9350004196167,15.9350004196167,16.010000228881836,15.850000381469727,16.010000228881836,1341.0
2024-03-01 14:42:00,EGRX,6.659999847412109,6.659999847412109,6.659999847412109,6.659999847412109,6.659999847412109,832.0
2024-03-01 14:42:00,EKSO,2.009999990463257,2.009999990463257,2.009999990463257,2.009999990463257,2.009999990463257,483.0
2024-03-01 14:42:00,ELEV,5.09499979019165,5.09499979019165,5.099999904632568,5.090000152587891,5.099999904632568,4686.0
2024-03-01 14:42:00,EMBC,14.305000305175781,14.305000305175781,14.305000305175781,14.305000305175781,14.305000305175781,266.0
2024-03-01 14:42:00,ENSG,121.70999908447266,121.70999908447266,121.70999908447266,121.70999908447266,121.70999908447266,237.0
2024-03-01 14:42:00,ENTA,15.505000114440918,15.505000114440918,15.505000114440918,15.505000114440918,15.505000114440918,200.0
2024-03-01 14:42:00,ENVB,1.559999942779541,1.559999942779541,1.559999942779541,1.5499999523162842,1.5549999475479126,1630.0
2024-03-01 14:42:00,ERAS,2.515000104904175,2.515000104904175,2.515000104904175,2.515000104904175,2.515000104904175,143.0
2024-03-01 14:42:00,ESPR,2.549999952316284,2.549999952316284,2.555000066757202,2.5450000762939453,2.549999952316284,20753.0
2024-03-01 14:42:00,ESTA,44.415000915527344,44.415000915527344,44.59000015258789,44.415000915527344,44.59000015258789,205.0
2024-03-01 14:42:00,ETNB,12.9399995803833,12.9399995803833,12.9399995803833,12.930000305175781,12.9399995803833,1655.0
2024-03-01 14:42:00,EWTX,17.0,17.0,17.010000228881836,17.0,17.010000228881836,1986.0
2024-03-01 14:42:00,EXAI,6.679999828338623,6.679999828338623,6.679999828338623,6.679999828338623,6.679999828338623,506.0
2024-03-01 14:42:00,EXAS,59.88999938964844,59.88999938964844,59.91999816894531,59.86000061035156,59.900001525878906,2598.0
2024-03-01 14:42:00,EXEL,22.43000030517578,22.43000030517578,22.450000762939453,22.43000030517578,22.44499969482422,6429.0
2024-03-01 14:42:00,EYEN,2.390000104904175,2.390000104904175,2.390000104904175,2.390000104904175,2.390000104904175,2400.0
2024-03-01 14:42:00,FATE,7.780200004577637,7.780200004577637,7.789899826049805,7.769999980926514,7.769999980926514,3816.0
2024-03-01 14:42:00,FEMY,1.7175999879837036,1.7175999879837036,1.7200000286102295,1.7175999879837036,1.7200000286102295,1066.0
2024-03-01 14:42:00,FGEN,1.8450000286102295,1.8450000286102295,1.850000023841858,1.8450000286102295,1.850000023841858,2175.0
2024-03-01 14:42:00,FHTX,8.029999732971191,8.029999732971191,8.029999732971191,8.0,8.010000228881836,1880.0
2024-03-01 14:42:00,FIXX,0.9290500283241272,0.9290500283241272,0.9290500283241272,0.9290500283241272,0.9290500283241272,100.0
2024-03-01 14:42:00,FLGT,23.0939998626709,23.0939998626709,23.0939998626709,23.09000015258789,23.09000015258789,1038.0
2024-03-01 14:42:00,FOLD,13.345000267028809,13.345000267028809,13.350000381469727,13.345000267028809,13.350000381469727,937.0
2024-03-01 14:42:00,FORA,2.9049999713897705,2.9049999713897705,2.9049999713897705,2.9049999713897705,2.9049999713897705,205.0
2024-03-01 14:42:00,FULC,11.059200286865234,11.059200286865234,11.0600004196167,11.059200286865234,11.0600004196167,731.0
2024-03-01 14:42:00,FUSN,12.220000267028809,12.220000267028809,12.220000267028809,12.21500015258789,12.21500015258789,543.0
2024-03-01 14:42:00,GANX,4.590000152587891,4.590000152587891,4.590000152587891,4.590000152587891,4.590000152587891,100.0
2024-03-01 14:42:00,GBIO,2.619999885559082,2.619999885559082,2.634999990463257,2.619999885559082,2.630000114440918,3420.0
2024-03-01 14:42:00,GDRX,8.476200103759766,8.476200103759766,8.479999542236328,8.475000381469727,8.475000381469727,7179.0
2024-03-01 14:42:00,GENE,2.3399999141693115,2.3399999141693115,2.3399999141693115,2.3399999141693115,2.3399999141693115,101.0
2024-03-01 14:42:00,GERN,2.2411999702453613,2.2411999702453613,2.247499942779541,2.240000009536743,2.240000009536743,20112.0
2024-03-01 14:42:00,GH,19.110000610351562,19.110000610351562,19.110000610351562,19.104999542236328,19.110000610351562,832.0
2024-03-01 14:42:00,GHSI,8.289999961853027,8.289999961853027,8.289999961853027,8.289899826049805,8.289899826049805,2406.0
2024-03-01 14:42:00,GILD,72.55000305175781,72.55000305175781,72.55000305175781,72.51499938964844,72.52999877929688,6499.0
2024-03-01 14:42:00,GLSI,12.670000076293945,12.670000076293945,12.670000076293945,12.670000076293945,12.670000076293945,520.0
2024-03-01 14:42:00,GLTO,0.798799991607666,0.798799991607666,0.7989000082015991,0.798799991607666,0.798799991607666,701.0
2024-03-01 14:42:00,GLUE,6.199999809265137,6.199999809265137,6.199999809265137,6.199999809265137,6.199999809265137,2869.0
2024-03-01 14:42:00,GLYC,2.9800000190734863,2.9800000190734863,2.9800000190734863,2.9800000190734863,2.9800000190734863,713.0
2024-03-01 14:42:00,GMAB,29.40999984741211,29.40999984741211,29.40999984741211,29.405000686645508,29.40999984741211,1068.0
2024-03-01 14:42:00,GNPX,4.578000068664551,4.578000068664551,4.578000068664551,4.578000068664551,4.578000068664551,1228.0
2024-03-01 14:42:00,GRFS,7.005000114440918,7.005000114440918,7.005000114440918,7.005000114440918,7.005000114440918,1126.0
2024-03-01 14:42:00,GRTS,2.075000047683716,2.075000047683716,2.0899999141693115,2.075000047683716,2.075000047683716,10861.0
2024-03-01 14:42:00,GTHX,3.799999952316284,3.799999952316284,3.809999942779541,3.799999952316284,3.809999942779541,400.0
2024-03-01 14:42:00,HARP,22.950000762939453,22.950000762939453,22.950000762939453,22.950000762939453,22.950000762939453,110.0
2024-03-01 14:42:00,HCAT,8.1850004196167,8.1850004196167,8.1850004196167,8.1850004196167,8.1850004196167,627.0
2024-03-01 14:42:00,HCM,15.210000038146973,15.210000038146973,15.220000267028809,15.210000038146973,15.220000267028809,254.0
2024-03-01 14:42:00,HCSG,12.75,12.75,12.75,12.75,12.75,289.0
2024-03-01 14:42:00,HLVX,19.125,19.125,19.190000534057617,19.125,19.190000534057617,736.0
2024-03-01 14:42:00,HOLX,74.41999816894531,74.41999816894531,74.41999816894531,74.36000061035156,74.36000061035156,4088.0
2024-03-01 14:42:00,HOWL,7.085000038146973,7.085000038146973,7.085000038146973,7.085000038146973,7.085000038146973,100.0
2024-03-01 14:42:00,HQY,81.45999908447266,81.45999908447266,81.45999908447266,81.45999908447266,81.45999908447266,375.0
2024-03-01 14:42:00,HRTX,2.617500066757202,2.617500066757202,2.617500066757202,2.617500066757202,2.617500066757202,559.0
2024-03-01 14:42:00,HSIC,76.91999816894531,76.91999816894531,76.91999816894531,76.87999725341797,76.9000015258789,2021.0
2024-03-01 14:42:00,HUMA,3.180000066757202,3.180000066757202,3.180000066757202,3.180000066757202,3.180000066757202,482.0
2024-03-01 14:42:00,IART,36.25,36.25,36.2599983215332,36.22999954223633,36.22999954223633,3437.0
2024-03-01 14:42:00,IBRX,4.864999771118164,4.864999771118164,4.869999885559082,4.860000133514404,4.869999885559082,1385.0
2024-03-01 14:42:00,ICUI,106.37999725341797,106.37999725341797,106.38999938964844,106.37000274658203,106.38999938964844,753.0
2024-03-01 14:42:00,IDXX,579.4249877929688,579.4249877929688,579.4249877929688,579.4249877929688,579.4249877929688,231.0
2024-03-01 14:42:00,IDYA,46.65999984741211,46.65999984741211,46.65999984741211,46.6349983215332,46.65999984741211,650.0
2024-03-01 14:42:00,IINN,1.6799999475479126,1.6799999475479126,1.6799999475479126,1.6799999475479126,1.6799999475479126,700.0
2024-03-01 14:42:00,ILMN,141.56500244140625,141.56500244140625,141.56500244140625,141.5500030517578,141.5500030517578,745.0
2024-03-01 14:42:00,IMAB,1.7999999523162842,1.7999999523162842,1.7999999523162842,1.7999999523162842,1.7999999523162842,2112.0
2024-03-01 14:42:00,IMCC,0.3253999948501587,0.3253999948501587,0.3253999948501587,0.3253999948501587,0.3253999948501587,179.0
2024-03-01 14:42:00,IMNN,1.0200999975204468,1.0200999975204468,1.0200999975204468,1.0200999975204468,1.0200999975204468,200.0
2024-03-01 14:42:00,IMTX,12.850000381469727,12.850000381469727,12.850000381469727,12.850000381469727,12.850000381469727,1045.0
2024-03-01 14:42:00,IMUX,1.475000023841858,1.475000023841858,1.4800000190734863,1.475000023841858,1.4800000190734863,20236.0
2024-03-01 14:42:00,IMVT,35.689998626708984,35.689998626708984,35.72999954223633,35.68009948730469,35.724998474121094,3010.0
2024-03-01 14:42:00,INBX,36.6150016784668,36.6150016784668,36.66999816894531,36.6150016784668,36.66999816894531,3488.0
2024-03-01 14:42:00,INCY,59.119998931884766,59.119998931884766,59.130001068115234,59.09000015258789,59.09000015258789,6848.0
2024-03-01 14:42:00,INGN,6.755000114440918,6.755000114440918,6.755000114440918,6.755000114440918,6.755000114440918,628.0
2024-03-01 14:42:00,INMD,22.889999389648438,22.889999389648438,22.895000457763672,22.889999389648438,22.895000457763672,1229.0
2024-03-01 14:42:00,INO,9.600000381469727,9.600000381469727,9.600000381469727,9.600000381469727,9.600000381469727,463.0
2024-03-01 14:42:00,INSM,28.049999237060547,28.049999237060547,28.09000015258789,28.049999237060547,28.084999084472656,2122.0
2024-03-01 14:42:00,INVA,15.539999961853027,15.539999961853027,15.539999961853027,15.539999961853027,15.539999961853027,1032.0
2024-03-01 14:42:00,INZY,6.619999885559082,6.619999885559082,6.619999885559082,6.619999885559082,6.619999885559082,536.0
2024-03-01 14:42:00,IONS,45.9900016784668,45.9900016784668,46.02000045776367,45.9900016784668,46.02000045776367,2041.0
2024-03-01 14:42:00,IOVA,16.9950008392334,16.9950008392334,17.01799964904785,16.9950008392334,17.014999389648438,13285.0
2024-03-01 14:42:00,IPA,1.9455000162124634,1.9455000162124634,1.9455000162124634,1.9455000162124634,1.9455000162124634,400.0
2024-03-01 14:42:00,IPSC,3.930000066757202,3.930000066757202,3.930000066757202,3.930000066757202,3.930000066757202,172.0
2024-03-01 14:42:00,IRWD,9.015000343322754,9.015000343322754,9.029999732971191,9.015000343322754,9.024999618530273,12279.0
2024-03-01 14:42:00,ISRG,396.80999755859375,396.80999755859375,396.8399963378906,396.5538024902344,396.70001220703125,3886.0
2024-03-01 14:42:00,ITCI,71.9000015258789,71.9000015258789,71.9000015258789,71.9000015258789,71.9000015258789,210.0
2024-03-01 14:42:00,ITOS,11.350000381469727,11.350000381469727,11.350000381469727,11.350000381469727,11.350000381469727,1110.0
2024-03-01 14:42:00,IVVD,3.9800000190734863,3.9800000190734863,3.9800000190734863,3.9800000190734863,3.9800000190734863,401.0
2024-03-01 14:42:00,JAGX,0.08399999886751175,0.08399999886751175,0.08500000089406967,0.08340000361204147,0.08389999717473984,231079.0
2024-03-01 14:42:00,JANX,46.040000915527344,46.040000915527344,46.060001373291016,45.95000076293945,45.974998474121094,5984.0
2024-03-01 14:42:00,JAZZ,119.04000091552734,119.04000091552734,119.04000091552734,119.04000091552734,119.04000091552734,371.0
2024-03-01 14:42:00,KNSA,21.90999984741211,21.90999984741211,21.90999984741211,21.889999389648438,21.899999618530273,375.0
2024-03-01 14:42:00,KNTE,2.609999895095825,2.609999895095825,2.609999895095825,2.5999999046325684,2.5999999046325684,5033.0
2024-03-01 14:42:00,KOD,6.045000076293945,6.045000076293945,6.074999809265137,6.034999847412109,6.066999912261963,8760.0
2024-03-01 14:42:00,KPTI,1.1699999570846558,1.1699999570846558,1.1699999570846558,1.1699999570846558,1.1699999570846558,193.0
2024-03-01 14:42:00,KRON,1.0399999618530273,1.0399999618530273,1.0399999618530273,1.0399999618530273,1.0399999618530273,753.0
2024-03-01 14:42:00,KROS,69.875,69.875,69.875,69.875,69.875,305.0
2024-03-01 14:42:00,KRTX,315.75,315.75,315.75,315.739990234375,315.739990234375,411.0
2024-03-01 14:42:00,KRYS,169.36000061035156,169.36000061035156,169.36000061035156,169.36000061035156,169.36000061035156,1055.0
2024-03-01 14:42:00,KURA,21.889999389648438,21.889999389648438,21.899999618530273,21.889999389648438,21.899999618530273,1508.0
2024-03-01 14:42:00,KYMR,43.97999954223633,43.97999954223633,44.060001373291016,43.97999954223633,44.02000045776367,2956.0
2024-03-01 14:42:00,KZR,1.0599000453948975,1.0599000453948975,1.059999942779541,1.0599000453948975,1.059999942779541,2366.0
2024-03-01 14:42:00,LAB,2.4700000286102295,2.4700000286102295,2.4700000286102295,2.4649999141693115,2.4700000286102295,1230.0
2024-03-01 14:42:00,LBPH,21.674999237060547,21.674999237060547,21.674999237060547,21.674999237060547,21.674999237060547,110.0
2024-03-01 14:42:00,LEGN,65.47000122070312,65.47000122070312,65.47000122070312,65.47000122070312,65.47000122070312,226.0
2024-03-01 14:42:00,LEXX,2.8199000358581543,2.8199000358581543,2.819999933242798,2.809999942779541,2.809999942779541,1135.0
2024-03-01 14:42:00,LFMD,7.96999979019165,7.96999979019165,7.96999979019165,7.96999979019165,7.96999979019165,101.0
2024-03-01 14:42:00,LFST,7.710000038146973,7.710000038146973,7.710000038146973,7.704999923706055,7.710000038146973,3464.0
2024-03-01 14:42:00,LGVN,0.5299999713897705,0.5299999713897705,0.5299999713897705,0.5299999713897705,0.5299999713897705,100.0
2024-03-01 14:42:00,LQDA,14.630000114440918,14.630000114440918,14.630000114440918,14.630000114440918,14.630000114440918,233.0
2024-03-01 14:42:00,LTRN,4.300000190734863,4.300000190734863,4.300000190734863,4.300000190734863,4.300000190734863,157.0
2024-03-01 14:42:00,LVTX,2.7899999618530273,2.7899999618530273,2.799999952316284,2.7500998973846436,2.7500998973846436,1863.0
2024-03-01 14:42:00,LXRX,2.5,2.5,2.505000114440918,2.5,2.505000114440918,581.0
2024-03-01 14:42:00,MASI,127.16000366210938,127.16000366210938,127.22000122070312,127.11000061035156,127.11000061035156,1124.0
2024-03-01 14:42:00,MBRX,0.6301000118255615,0.6301000118255615,0.6301000118255615,0.6301000118255615,0.6301000118255615,302.0
2024-03-01 14:42:00,MCRB,1.2200000286102295,1.2200000286102295,1.2299000024795532,1.2200000286102295,1.225000023841858,807.0
2024-03-01 14:42:00,MDGL,250.97500610351562,250.97500610351562,251.1999969482422,250.5,251.1999969482422,744.0
2024-03-01 14:42:00,MDRX,6.0,6.0,6.03000020980835,5.989999771118164,5.989999771118164,29004.0
2024-03-01 14:42:00,MDXG,8.670000076293945,8.670000076293945,8.670000076293945,8.670000076293945,8.670000076293945,1488.0
2024-03-01 14:42:00,ME,0.5598999857902527,0.5598999857902527,0.5613999962806702,0.5598999857902527,0.5613499879837036,7795.0
2024-03-01 14:42:00,MEDP,401.29998779296875,401.29998779296875,401.29998779296875,401.0450134277344,401.25,946.0
2024-03-01 14:42:00,MGNX,19.0049991607666,19.0049991607666,19.0049991607666,18.979999542236328,18.979999542236328,1129.0
2024-03-01 14:42:00,MIRM,29.450000762939453,29.450000762939453,29.520000457763672,29.450000762939453,29.520000457763672,2873.0
2024-03-01 14:42:00,MIST,1.7000000476837158,1.7000000476837158,1.7000000476837158,1.6950000524520874,1.6950000524520874,10115.0
2024-03-01 14:42:00,MLTX,50.9900016784668,50.9900016784668,51.04999923706055,50.98500061035156,50.98500061035156,462.0
2024-03-01 14:42:00,MNKD,4.525000095367432,4.525000095367432,4.525000095367432,4.519999980926514,4.525000095367432,17656.0
2024-03-01 14:42:00,MNMD,6.210000038146973,6.210000038146973,6.210000038146973,6.204999923706055,6.204999923706055,869.0
2024-03-01 14:42:00,MNPR,0.8899000287055969,0.8899000287055969,0.8899000287055969,0.862500011920929,0.862500011920929,389.0
2024-03-01 14:42:00,MODD,1.8849999904632568,1.8849999904632568,1.8849999904632568,1.8849999904632568,1.8849999904632568,1000.0
2024-03-01 14:42:00,MOR,17.594999313354492,17.594999313354492,17.594999313354492,17.59000015258789,17.59000015258789,350.0
2024-03-01 14:42:00,MORF,39.599998474121094,39.599998474121094,39.61000061035156,39.58000183105469,39.58000183105469,1952.0
2024-03-01 14:42:00,MREO,4.054999828338623,4.054999828338623,4.057199954986572,4.039999961853027,4.039999961853027,6125.0
2024-03-01 14:42:00,MRNA,95.75,95.75,95.76000213623047,95.69000244140625,95.69000244140625,4084.0
2024-03-01 14:42:00,MRNS,10.239999771118164,10.239999771118164,10.279999732971191,10.239999771118164,10.270000457763672,3926.0
2024-03-01 14:42:00,MRSN,5.934999942779541,5.934999942779541,5.945000171661377,5.934999942779541,5.945000171661377,5125.0
2024-03-01 14:42:00,MRUS,51.099998474121094,51.099998474121094,51.099998474121094,51.08000183105469,51.08000183105469,701.0
2024-03-01 14:42:00,MRVI,7.75,7.75,7.75,7.75,7.75,101.0
2024-03-01 14:42:00,MXCT,4.75,4.75,4.75,4.75,4.75,470.0
2024-03-01 14:42:00,MYGN,22.149999618530273,22.149999618530273,22.149999618530273,22.149999618530273,22.149999618530273,111.0
2024-03-01 14:42:00,NARI,45.84000015258789,45.84000015258789,45.88999938964844,45.84000015258789,45.8650016784668,1805.0
2024-03-01 14:42:00,NBIX,131.80999755859375,131.80999755859375,131.8350067138672,131.80999755859375,131.8350067138672,1931.0
2024-03-01 14:42:00,NEO,16.174999237060547,16.174999237060547,16.18000030517578,16.174999237060547,16.18000030517578,719.0
2024-03-01 14:42:00,NEOG,17.375,17.375,17.375,17.3700008392334,17.3700008392334,940.0
2024-03-01 14:42:00,NEPT,0.42309799790382385,0.42309799790382385,0.42309999465942383,0.42309799790382385,0.42309999465942383,1434.0
2024-03-01 14:42:00,NGM,1.5199999809265137,1.5199999809265137,1.5221999883651733,1.5199999809265137,1.5221999883651733,7997.0
2024-03-01 14:42:00,NKTR,0.7804999947547913,0.7804999947547913,0.7804999947547913,0.7800099849700928,0.7800099849700928,1100.0
2024-03-01 14:42:00,NKTX,12.569999694824219,12.569999694824219,12.569999694824219,12.539999961853027,12.539999961853027,838.0
2024-03-01 14:42:00,NNOX,10.725000381469727,10.725000381469727,10.725000381469727,10.699999809265137,10.699999809265137,7957.0
2024-03-01 14:42:00,NOTV,7.995500087738037,7.995500087738037,7.995500087738037,7.995500087738037,7.995500087738037,288.0
2024-03-01 14:42:00,NRBO,6.129799842834473,6.129799842834473,6.184999942779541,6.129799842834473,6.184999942779541,711.0
2024-03-01 14:42:00,NRC,40.630001068115234,40.630001068115234,40.630001068115234,40.630001068115234,40.630001068115234,121.0
2024-03-01 14:42:00,NRIX,13.630000114440918,13.630000114440918,13.630000114440918,13.630000114440918,13.630000114440918,548.0
2024-03-01 14:42:00,NRXP,0.4316999912261963,0.4316999912261963,0.4320000112056732,0.4300000071525574,0.4300999939441681,46453.0
2024-03-01 14:42:00,NTLA,33.48419952392578,33.48419952392578,33.5099983215332,33.47999954223633,33.5,2155.0
2024-03-01 14:42:00,NTRA,89.00499725341797,89.00499725341797,89.05999755859375,89.00499725341797,89.05999755859375,2866.0
2024-03-01 14:42:00,NUTX,0.11400000005960464,0.11400000005960464,0.11400000005960464,0.11339999735355377,0.11339999735355377,23600.0
2024-03-01 14:42:00,NUVL,87.44000244140625,87.44000244140625,87.44000244140625,87.44000244140625,87.44000244140625,164.0
2024-03-01 14:42:00,NUWE,0.5899999737739563,0.5899999737739563,0.5899999737739563,0.5877100229263306,0.5877100229263306,2200.0
2024-03-01 14:42:00,NVAX,5.360000133514404,5.360000133514404,5.369999885559082,5.355000019073486,5.360000133514404,40210.0
2024-03-01 14:42:00,NVCR,16.09000015258789,16.09000015258789,16.09000015258789,16.079999923706055,16.079999923706055,896.0
2024-03-01 14:42:00,NXTC,1.795199990272522,1.795199990272522,1.7999999523162842,1.795199990272522,1.7999999523162842,432.0
2024-03-01 14:42:00,OCGN,0.9563000202178955,0.9563000202178955,0.9599000215530396,0.9563000202178955,0.9581500291824341,10302.0
2024-03-01 14:42:00,OCUL,10.710000038146973,10.710000038146973,10.734000205993652,10.710000038146973,10.720000267028809,6595.0
2024-03-01 14:42:00,OCUP,2.484999895095825,2.484999895095825,2.484999895095825,2.484999895095825,2.484999895095825,167.0
2024-03-01 14:42:00,OLK,23.05500030517578,23.05500030517578,23.05500030517578,23.05500030517578,23.05500030517578,100.0
2024-03-01 14:42:00,OLMA,14.9350004196167,14.9350004196167,14.9350004196167,14.930000305175781,14.930000305175781,544.0
2024-03-01 14:42:00,OM,3.1700000762939453,3.1700000762939453,3.1700000762939453,3.1700000762939453,3.1700000762939453,104.0
2024-03-01 14:42:00,OMCL,26.600000381469727,26.600000381469727,26.625,26.600000381469727,26.625,475.0
2024-03-01 14:42:00,OMGA,4.415500164031982,4.415500164031982,4.429900169372559,4.415500164031982,4.420000076293945,1025.0
2024-03-01 14:42:00,ONCY,1.149899959564209,1.149899959564209,1.149899959564209,1.149899959564209,1.149899959564209,1145.0
2024-03-01 14:42:00,ONTX,0.8199989795684814,0.8199989795684814,0.8199999928474426,0.8199989795684814,0.8199999928474426,232.0
2024-03-01 14:43:00,AADI,1.9700000286102295,1.9700000286102295,1.9700000286102295,1.9700000286102295,1.9700000286102295,200.0
2024-03-01 14:43:00,ABCL,5.130000114440918,5.130000114440918,5.130000114440918,5.130000114440918,5.130000114440918,600.0
2024-03-01 14:43:00,ABEO,7.800000190734863,7.800000190734863,7.809999942779541,7.739999771118164,7.739999771118164,5371.0
2024-03-01 14:43:00,ABOS,4.664999961853027,4.664999961853027,4.664999961853027,4.650000095367432,4.650000095367432,1009.0
2024-03-01 14:43:00,ABSI,5.525000095367432,5.525000095367432,5.545000076293945,5.519999980926514,5.545000076293945,5867.0
2024-03-01 14:43:00,ACAD,24.09000015258789,24.09000015258789,24.100000381469727,24.09000015258789,24.100000381469727,1786.0
2024-03-01 14:43:00,ACCD,10.079999923706055,10.079999923706055,10.079999923706055,10.079999923706055,10.079999923706055,536.0
2024-03-01 14:43:00,ACET,2.4000000953674316,2.4000000953674316,2.4000000953674316,2.390000104904175,2.3949999809265137,500.0
2024-03-01 14:43:00,ACHC,84.30999755859375,84.30999755859375,84.30999755859375,84.30999755859375,84.30999755859375,366.0
2024-03-01 14:43:00,ACLX,68.05999755859375,68.05999755859375,68.05999755859375,68.03500366210938,68.04000091552734,570.0
2024-03-01 14:43:00,ACRS,1.2400000095367432,1.2400000095367432,1.2400000095367432,1.2300000190734863,1.2300000190734863,800.0
2024-03-01 14:43:00,ADIL,3.030100107192993,3.030100107192993,3.0799999237060547,3.0000998973846436,3.0000998973846436,41537.0
2024-03-01 14:43:00,ADMA,5.534999847412109,5.534999847412109,5.539999961853027,5.53000020980835,5.53000020980835,1938.0
2024-03-01 14:43:00,ADPT,4.090000152587891,4.090000152587891,4.09499979019165,4.090000152587891,4.09499979019165,435.0
2024-03-01 14:43:00,ADVM,1.9800000190734863,1.9800000190734863,1.9800000190734863,1.9700000286102295,1.9700000286102295,6143.0
2024-03-01 14:43:00,AFMD,0.6700999736785889,0.6700999736785889,0.671999990940094,0.6700999736785889,0.671999990940094,5802.0
2024-03-01 14:43:00,AGEN,0.670074999332428,0.670074999332428,0.6700999736785889,0.6700000166893005,0.670074999332428,2187.0
2024-03-01 14:43:00,AGIO,32.47999954223633,32.47999954223633,32.4900016784668,32.42499923706055,32.42499923706055,6038.0
2024-03-01 14:43:00,AHCO,10.4399995803833,10.4399995803833,10.449999809265137,10.4399995803833,10.449999809265137,3472.0
2024-03-01 14:43:00,AIH,0.521399974822998,0.521399974822998,0.5214999914169312,0.521399974822998,0.5214999914169312,200.0
2024-03-01 14:43:00,AIRS,6.440000057220459,6.440000057220459,6.440000057220459,6.440000057220459,6.440000057220459,690.0
2024-03-01 14:43:00,AKBA,1.684999942779541,1.684999942779541,1.684999942779541,1.684999942779541,1.684999942779541,608.0
2024-03-01 14:43:00,AKRO,29.149999618530273,29.149999618530273,29.170000076293945,29.149999618530273,29.170000076293945,893.0
2024-03-01 14:43:00,ALEC,7.494999885559082,7.494999885559082,7.497499942779541,7.494999885559082,7.497499942779541,422.0
2024-03-01 14:43:00,ALGN,302.5,302.5,302.6199951171875,302.364990234375,302.364990234375,3059.0
2024-03-01 14:43:00,ALKS,30.30500030517578,30.30500030517578,30.3080997467041,30.30500030517578,30.3080997467041,610.0
2024-03-01 14:43:00,ALLK,1.6749999523162842,1.6749999523162842,1.6749999523162842,1.6699999570846558,1.6699999570846558,8668.0
2024-03-01 14:43:00,ALNY,153.49000549316406,153.49000549316406,153.49000549316406,153.36000061035156,153.47000122070312,1563.0
2024-03-01 14:43:00,ALPN,35.939998626708984,35.939998626708984,35.96500015258789,35.93000030517578,35.93000030517578,875.0
2024-03-01 14:43:00,ALT,12.039999961853027,12.039999961853027,12.069999694824219,12.039999961853027,12.0600004196167,17060.0
2024-03-01 14:43:00,ALVO,15.630000114440918,15.630000114440918,15.630000114440918,15.630000114440918,15.630000114440918,250.0
2024-03-01 14:43:00,ALVR,0.7526000142097473,0.7526000142097473,0.753600001335144,0.7523999810218811,0.7523999810218811,8916.0
2024-03-01 14:43:00,AMGN,280.94500732421875,280.94500732421875,281.0450134277344,280.94500732421875,281.0249938964844,2470.0
2024-03-01 14:43:00,AMRN,1.0549999475479126,1.0549999475479126,1.059999942779541,1.0549999475479126,1.059999942779541,402.0
2024-03-01 14:43:00,ANGO,5.489999771118164,5.489999771118164,5.489999771118164,5.489999771118164,5.489999771118164,698.0
2024-03-01 14:43:00,ANNX,6.099999904632568,6.099999904632568,6.099999904632568,6.099999904632568,6.099999904632568,420.0
2024-03-01 14:43:00,APLS,64.0999984741211,64.0999984741211,64.18000030517578,64.08999633789062,64.18000030517578,1641.0
2024-03-01 14:43:00,APLT,7.039999961853027,7.039999961853027,7.039999961853027,7.03000020980835,7.039999961853027,1750.0
2024-03-01 14:43:00,APVO,0.16019999980926514,0.16019999980926514,0.16019999980926514,0.16019999980926514,0.16019999980926514,1000.0
2024-03-01 14:43:00,ARCT,39.560001373291016,39.560001373291016,39.560001373291016,39.54999923706055,39.54999923706055,700.0
2024-03-01 14:43:00,ARDX,9.489999771118164,9.489999771118164,9.489999771118164,9.484999656677246,9.484999656677246,3993.0
2024-03-01 14:43:00,ARQT,11.649999618530273,11.649999618530273,11.65999984741211,11.649999618530273,11.65999984741211,2194.0
2024-03-01 14:43:00,ARVN,48.64500045776367,48.64500045776367,48.650001525878906,48.64500045776367,48.650001525878906,621.0
2024-03-01 14:43:00,ARWR,35.17499923706055,35.17499923706055,35.185001373291016,35.15999984741211,35.185001373291016,4206.0
2024-03-01 14:43:00,ASLN,0.7300000190734863,0.7300000190734863,0.7396000027656555,0.7300000190734863,0.7396000027656555,5000.0
2024-03-01 14:43:00,ASND,153.5,153.5,153.69000244140625,153.5,153.6300048828125,1433.0
2024-03-01 14:43:00,ASRT,0.8787000179290771,0.8787000179290771,0.9028000235557556,0.8787000179290771,0.9025999903678894,37244.0
2024-03-01 14:43:00,ATAI,2.1649999618530273,2.1649999618530273,2.1649999618530273,2.1649999618530273,2.1649999618530273,283.0
2024-03-01 14:43:00,ATEC,13.4350004196167,13.4350004196167,13.4399995803833,13.425000190734863,13.425000190734863,2972.0
2024-03-01 14:43:00,ATOS,1.0099999904632568,1.0099999904632568,1.0099999904632568,1.0099999904632568,1.0099999904632568,100.0
2024-03-01 14:43:00,ATRA,0.7911499738693237,0.7911499738693237,0.7928000092506409,0.7906000018119812,0.7928000092506409,16749.0
2024-03-01 14:43:00,ATRC,36.03499984741211,36.03499984741211,36.060001373291016,36.03499984741211,36.060001373291016,479.0
2024-03-01 14:43:00,ATXS,14.970000267028809,14.970000267028809,14.979999542236328,14.960000038146973,14.960000038146973,1252.0
2024-03-01 14:43:00,AUGX,4.559999942779541,4.559999942779541,4.559999942779541,4.559999942779541,4.559999942779541,109.0
2024-03-01 14:43:00,AUPH,5.809999942779541,5.809999942779541,5.809999942779541,5.809999942779541,5.809999942779541,464.0
2024-03-01 14:43:00,AUTL,6.309999942779541,6.309999942779541,6.320000171661377,6.309999942779541,6.315000057220459,742.0
2024-03-01 14:43:00,AVDL,13.289999961853027,13.289999961853027,13.289999961853027,13.289999961853027,13.289999961853027,4088.0
2024-03-01 14:43:00,AVRO,1.340000033378601,1.340000033378601,1.340000033378601,1.340000033378601,1.340000033378601,100.0
2024-03-01 14:43:00,AXGN,10.567999839782715,10.567999839782715,10.567999839782715,10.567999839782715,10.567999839782715,105.0
2024-03-01 14:43:00,AXNX,67.46880340576172,67.46880340576172,67.48999786376953,67.45999908447266,67.45999908447266,815.0
2024-03-01 14:43:00,AZN,64.69999694824219,64.69999694824219,64.70999908447266,64.69999694824219,64.70500183105469,5076.0
2024-03-01 14:43:00,BBIO,35.91999816894531,35.91999816894531,35.935001373291016,35.91999816894531,35.935001373291016,381.0
2024-03-01 14:43:00,BCAB,2.799999952316284,2.799999952316284,2.799999952316284,2.799999952316284,2.799999952316284,212.0
2024-03-01 14:43:00,BCDA,0.5695000290870667,0.5695000290870667,0.5695000290870667,0.5695000290870667,0.5695000290870667,502.0
2024-03-01 14:43:00,BCRX,5.710100173950195,5.710100173950195,5.71999979019165,5.710000038146973,5.715000152587891,1596.0
2024-03-01 14:43:00,BDTX,4.75,4.75,4.75,4.75,4.75,831.0
2024-03-01 14:43:00,BEAM,40.0,40.0,40.029998779296875,39.994998931884766,40.0099983215332,1162.0
2024-03-01 14:43:00,BIIB,221.02999877929688,221.02999877929688,221.21499633789062,221.02999877929688,221.1649932861328,7916.0
2024-03-01 14:43:00,BIVI,2.0799999237060547,2.0799999237060547,2.094599962234497,2.0399999618530273,2.094599962234497,95100.0
2024-03-01 14:43:00,BLFS,18.049999237060547,18.049999237060547,18.059999465942383,18.024999618530273,18.024999618530273,763.0
2024-03-01 14:43:00,BLUE,1.5800000429153442,1.5800000429153442,1.590000033378601,1.5800000429153442,1.5800000429153442,16223.0
2024-03-01 14:43:00,BMEA,18.290000915527344,18.290000915527344,18.290000915527344,18.280000686645508,18.280000686645508,847.0
2024-03-01 14:43:00,BMRA,1.2000000476837158,1.2000000476837158,1.2000000476837158,1.2000000476837158,1.2000000476837158,200.0
2024-03-01 14:43:00,BMRN,88.1449966430664,88.1449966430664,88.1500015258789,88.12999725341797,88.13999938964844,9545.0
2024-03-01 14:43:00,BNGO,1.2697999477386475,1.2697999477386475,1.2697999477386475,1.2649999856948853,1.2649999856948853,3483.0
2024-03-01 14:43:00,BNR,0.8208000063896179,0.8208000063896179,0.8208000063896179,0.8208000063896179,0.8208000063896179,100.0
2024-03-01 14:43:00,BNTX,91.12000274658203,91.12000274658203,91.12000274658203,91.12000274658203,91.12000274658203,460.0
2024-03-01 14:43:00,BPMC,96.41999816894531,96.41999816894531,96.45999908447266,96.41000366210938,96.41000366210938,617.0
2024-03-01 14:43:00,BRKR,88.66000366210938,88.66000366210938,88.66999816894531,88.62999725341797,88.62999725341797,2039.0
2024-03-01 14:43:00,BTTX,0.18490000069141388,0.18490000069141388,0.18490000069141388,0.1835000067949295,0.1835000067949295,8920.0
2024-03-01 14:43:00,BVS,4.730000019073486,4.730000019073486,4.730000019073486,4.730000019073486,4.730000019073486,365.0
2024-03-01 14:43:00,CABA,24.0,24.0,24.010000228881836,23.989999771118164,23.989999771118164,1329.0
2024-03-01 14:43:00,CARA,0.9399999976158142,0.9399999976158142,0.9399999976158142,0.9315000176429749,0.9323999881744385,5543.0
2024-03-01 14:43:00,CBAY,32.22999954223633,32.22999954223633,32.22999954223633,32.224998474121094,32.22999954223633,2562.0
2024-03-01 14:43:00,CCCC,11.074999809265137,11.074999809265137,11.085000038146973,11.074999809265137,11.074999809265137,5114.0
2024-03-01 14:43:00,CCRN,18.280000686645508,18.280000686645508,18.280000686645508,18.280000686645508,18.280000686645508,407.0
2024-03-01 14:43:00,CDMO,8.220000267028809,8.220000267028809,8.220000267028809,8.220000267028809,8.220000267028809,383.0
2024-03-01 14:43:00,CDNA,12.420000076293945,12.420000076293945,12.420000076293945,12.359999656677246,12.359999656677246,2368.0
2024-03-01 14:43:00,CDXS,4.559999942779541,4.559999942779541,4.565000057220459,4.559999942779541,4.565000057220459,602.0
2024-03-01 14:43:00,CELC,17.209999084472656,17.209999084472656,17.209999084472656,17.209999084472656,17.209999084472656,355.0
2024-03-01 14:43:00,CERE,41.05500030517578,41.05500030517578,41.060001373291016,41.04999923706055,41.04999923706055,951.0
2024-03-01 14:43:00,CERS,2.180000066757202,2.180000066757202,2.180000066757202,2.180000066757202,2.180000066757202,100.0
2024-03-01 14:43:00,CERT,18.149999618530273,18.149999618530273,18.149999618530273,18.110000610351562,18.110000610351562,2489.0
2024-03-01 14:43:00,CGC,3.2067999839782715,3.2067999839782715,3.2084999084472656,3.200000047683716,3.2049999237060547,2536.0
2024-03-01 14:43:00,CGEM,18.78499984741211,18.78499984741211,18.78499984741211,18.78499984741211,18.78499984741211,100.0
2024-03-01 14:43:00,CGEN,2.6700000762939453,2.6700000762939453,2.6700000762939453,2.6700000762939453,2.6700000762939453,505.0
2024-03-01 14:43:00,CHRS,2.4600000381469727,2.4600000381469727,2.4600000381469727,2.4549999237060547,2.4549999237060547,3123.0
2024-03-01 14:43:00,CKPT,2.190000057220459,2.190000057220459,2.1919000148773193,2.190000057220459,2.1919000148773193,599.0
2024-03-01 14:43:00,CLDX,52.380001068115234,52.380001068115234,52.380001068115234,52.34000015258789,52.34000015258789,632.0
2024-03-01 14:43:00,CLNN,0.3840999901294708,0.3840999901294708,0.3849000036716461,0.3840999901294708,0.3849000036716461,1400.0
2024-03-01 14:43:00,CLOV,0.8651000261306763,0.8651000261306763,0.8657000064849854,0.8651000261306763,0.8657000064849854,8914.0
2024-03-01 14:43:00,CMPS,11.739999771118164,11.739999771118164,11.759900093078613,11.720100402832031,11.759900093078613,1372.0
2024-03-01 14:43:00,CMPX,1.8600000143051147,1.8600000143051147,1.8600000143051147,1.8600000143051147,1.8600000143051147,100.0
2024-03-01 14:43:00,CMRX,1.2000000476837158,1.2000000476837158,1.2000000476837158,1.2000000476837158,1.2000000476837158,110.0
2024-03-01 14:43:00,CNSP,0.31949999928474426,0.31949999928474426,0.31949999928474426,0.31949999928474426,0.31949999928474426,2031.0
2024-03-01 14:43:00,CNTA,10.845000267028809,10.845000267028809,10.845000267028809,10.845000267028809,10.845000267028809,204.0
2024-03-01 14:43:00,COGT,7.210000038146973,7.210000038146973,7.210000038146973,7.210000038146973,7.210000038146973,341.0
2024-03-01 14:43:00,COLL,36.60499954223633,36.60499954223633,36.60499954223633,36.560001373291016,36.560001373291016,1904.0
2024-03-01 14:43:00,CORT,24.239900588989258,24.239900588989258,24.239999771118164,24.229999542236328,24.239999771118164,17805.0
2024-03-01 14:43:00,CPRX,17.18000030517578,17.18000030517578,17.18000030517578,17.139999389648438,17.155000686645508,6112.0
2024-03-01 14:43:00,CPSI,9.449999809265137,9.449999809265137,9.449999809265137,9.449999809265137,9.449999809265137,326.0
2024-03-01 14:43:00,CRBU,7.909999847412109,7.909999847412109,7.909999847412109,7.90500020980835,7.909999847412109,669.0
2024-03-01 14:43:00,CRDF,2.940000057220459,2.940000057220459,2.9700000286102295,2.859999895095825,2.8984999656677246,457543.0
2024-03-01 14:43:00,CRMD,3.6700000762939453,3.6700000762939453,3.6700000762939453,3.6700000762939453,3.6700000762939453,112.0
2024-03-01 14:43:00,CRNX,46.31999969482422,46.31999969482422,46.31999969482422,46.31999969482422,46.31999969482422,374.0
2024-03-01 14:43:00,CRON,2.0299999713897705,2.0299999713897705,2.0299999713897705,2.0299999713897705,2.0299999713897705,746.0
2024-03-01 14:43:00,CRSP,85.45999908447266,85.45999908447266,85.47000122070312,85.37999725341797,85.37999725341797,1574.0
2024-03-01 14:43:00,CRVS,2.200000047683716,2.200000047683716,2.200000047683716,2.200000047683716,2.200000047683716,2165.0
2024-03-01 14:43:00,CTKB,8.979999542236328,8.979999542236328,8.979999542236328,8.970100402832031,8.975000381469727,1123.0
2024-03-01 14:43:00,CTMX,2.5399999618530273,2.5399999618530273,2.5450000762939453,2.5399999618530273,2.5399999618530273,1300.0
2024-03-01 14:43:00,CUTR,2.380000114440918,2.380000114440918,2.380000114440918,2.380000114440918,2.380000114440918,209.0
2024-03-01 14:43:00,CVAC,3.4700000286102295,3.4700000286102295,3.4800000190734863,3.4700000286102295,3.4800000190734863,5021.0
2024-03-01 14:43:00,CVRX,20.700000762939453,20.700000762939453,20.700000762939453,20.700000762939453,20.700000762939453,684.0
2024-03-01 14:43:00,CYCC,2.827199935913086,2.827199935913086,2.827199935913086,2.827199935913086,2.827199935913086,116.0
2024-03-01 14:43:00,CYTK,73.5999984741211,73.5999984741211,73.5999984741211,73.45999908447266,73.45999908447266,1477.0
2024-03-01 14:43:00,CYTO,2.319999933242798,2.319999933242798,2.319999933242798,2.309999942779541,2.309999942779541,1000.0
2024-03-01 14:43:00,DAWN,17.780000686645508,17.780000686645508,17.795000076293945,17.780000686645508,17.780000686645508,1001.0
2024-03-01 14:43:00,DCPH,17.645000457763672,17.645000457763672,17.645000457763672,17.645000457763672,17.645000457763672,327.0
2024-03-01 14:43:00,DH,8.890000343322754,8.890000343322754,8.890000343322754,8.890000343322754,8.890000343322754,291.0
2024-03-01 14:43:00,DNLI,21.270000457763672,21.270000457763672,21.274999618530273,21.270000457763672,21.274999618530273,870.0
2024-03-01 14:43:00,DSGN,2.880000114440918,2.880000114440918,2.884999990463257,2.880000114440918,2.884999990463257,361.0
2024-03-01 14:43:00,DVAX,12.835000038146973,12.835000038146973,12.84000015258789,12.835000038146973,12.835000038146973,1029.0
2024-03-01 14:43:00,DXCM,121.23999786376953,121.23999786376953,121.27999877929688,121.23999786376953,121.25499725341797,9250.0
2024-03-01 14:43:00,DYN,29.174999237060547,29.174999237060547,29.174999237060547,29.174999237060547,29.174999237060547,2757.0
2024-03-01 14:43:00,EDIT,10.850000381469727,10.850000381469727,10.850000381469727,10.845000267028809,10.845000267028809,7245.0
2024-03-01 14:43:00,EFTR,15.9399995803833,15.9399995803833,15.9399995803833,15.9399995803833,15.9399995803833,291.0
2024-03-01 14:43:00,EIGR,7.400000095367432,7.400000095367432,7.400000095367432,7.400000095367432,7.400000095367432,555.0
2024-03-01 14:43:00,ELDN,1.8300000429153442,1.8300000429153442,1.8300000429153442,1.8300000429153442,1.8300000429153442,491.0
2024-03-01 14:43:00,ELEV,5.130000114440918,5.130000114440918,5.130000114440918,5.09499979019165,5.099999904632568,12594.0
2024-03-01 14:43:00,EMBC,14.3149995803833,14.3149995803833,14.319999694824219,14.3100004196167,14.3100004196167,609.0
2024-03-01 14:43:00,ENSG,121.66500091552734,121.66500091552734,121.66500091552734,121.66500091552734,121.66500091552734,310.0
2024-03-01 14:43:00,ENTA,15.505000114440918,15.505000114440918,15.505000114440918,15.505000114440918,15.505000114440918,827.0
2024-03-01 14:43:00,ENVB,1.559999942779541,1.559999942779541,1.559999942779541,1.5499999523162842,1.559999942779541,6868.0
2024-03-01 14:43:00,ERAS,2.515000104904175,2.515000104904175,2.515000104904175,2.515000104904175,2.515000104904175,557.0
2024-03-01 14:43:00,ESPR,2.549999952316284,2.549999952316284,2.555000066757202,2.549999952316284,2.555000066757202,1268.0
2024-03-01 14:43:00,ESTA,44.599998474121094,44.599998474121094,44.599998474121094,44.41999816894531,44.41999816894531,472.0
2024-03-01 14:43:00,EVGN,0.9700000286102295,0.9700000286102295,0.9700000286102295,0.9700000286102295,0.9700000286102295,1100.0
2024-03-01 14:43:00,EWTX,17.0,17.0,17.0,17.0,17.0,164.0
2024-03-01 14:43:00,EXAI,6.670000076293945,6.670000076293945,6.670000076293945,6.670000076293945,6.670000076293945,351.0
2024-03-01 14:43:00,EXAS,59.88999938964844,59.88999938964844,59.88999938964844,59.86000061035156,59.86000061035156,2871.0
2024-03-01 14:43:00,EXEL,22.43400001525879,22.43400001525879,22.43400001525879,22.43000030517578,22.43000030517578,890.0
2024-03-01 14:43:00,EYEN,2.399899959564209,2.399899959564209,2.399899959564209,2.399899959564209,2.399899959564209,1055.0
2024-03-01 14:43:00,EYPT,27.985000610351562,27.985000610351562,28.0,27.979999542236328,28.0,825.0
2024-03-01 14:43:00,FATE,7.789999961853027,7.789999961853027,7.795000076293945,7.784999847412109,7.784999847412109,3215.0
2024-03-01 14:43:00,FBIO,2.3798999786376953,2.3798999786376953,2.3798999786376953,2.3721001148223877,2.3721001148223877,649.0
2024-03-01 14:43:00,FDMT,29.440000534057617,29.440000534057617,29.440000534057617,29.399999618530273,29.399999618530273,1962.0
2024-03-01 14:43:00,FGEN,1.8350000381469727,1.8350000381469727,1.8450000286102295,1.8350000381469727,1.8420000076293945,7085.0
2024-03-01 14:43:00,FOLD,13.345000267028809,13.345000267028809,13.345000267028809,13.34000015258789,13.345000267028809,518.0
2024-03-01 14:43:00,FUSN,12.229999542236328,12.229999542236328,12.229999542236328,12.21500015258789,12.226099967956543,784.0
2024-03-01 14:43:00,FWBI,9.0,9.0,9.050000190734863,8.899999618530273,9.050000190734863,5177.0
2024-03-01 14:43:00,GANX,4.590000152587891,4.590000152587891,4.590000152587891,4.590000152587891,4.590000152587891,100.0
2024-03-01 14:43:00,GBIO,2.619999885559082,2.619999885559082,2.619999885559082,2.619999885559082,2.619999885559082,100.0
2024-03-01 14:43:00,GDRX,8.481200218200684,8.481200218200684,8.5,8.470000267028809,8.479999542236328,20210.0
2024-03-01 14:43:00,GENE,2.2507998943328857,2.2507998943328857,2.359999895095825,2.2507998943328857,2.359999895095825,754.0
2024-03-01 14:43:00,GERN,2.244999885559082,2.244999885559082,2.244999885559082,2.240000009536743,2.240000009536743,6036.0
2024-03-01 14:43:00,GH,19.1200008392334,19.1200008392334,19.125,19.104999542236328,19.104999542236328,2443.0
2024-03-01 14:43:00,GHSI,8.289999961853027,8.289999961853027,8.289999961853027,8.289999961853027,8.289999961853027,5033.0
2024-03-01 14:43:00,GILD,72.5199966430664,72.5199966430664,72.55999755859375,72.5199966430664,72.55000305175781,6786.0
2024-03-01 14:43:00,GLTO,0.7968999743461609,0.7968999743461609,0.7968999743461609,0.7968000173568726,0.7968000173568726,1145.0
2024-03-01 14:43:00,GLUE,6.210000038146973,6.210000038146973,6.210000038146973,6.199999809265137,6.199999809265137,328.0
2024-03-01 14:43:00,GMAB,29.40999984741211,29.40999984741211,29.40999984741211,29.40999984741211,29.40999984741211,442.0
2024-03-01 14:43:00,GOSS,1.4199999570846558,1.4199999570846558,1.4199999570846558,1.409999966621399,1.4149999618530273,4090.0
2024-03-01 14:43:00,GRPH,3.4149999618530273,3.4149999618530273,3.4149999618530273,3.4149999618530273,3.4149999618530273,590.0
2024-03-01 14:43:00,GRTS,2.079900026321411,2.079900026321411,2.079900026321411,2.0706000328063965,2.075000047683716,5516.0
2024-03-01 14:43:00,GTHX,3.799999952316284,3.799999952316284,3.809999942779541,3.799999952316284,3.809999942779541,3280.0
2024-03-01 14:43:00,HALO,41.26499938964844,41.26499938964844,41.29999923706055,41.2599983215332,41.29999923706055,2971.0
2024-03-01 14:43:00,HARP,22.9424991607666,22.9424991607666,22.9424991607666,22.9424991607666,22.9424991607666,140.0
2024-03-01 14:43:00,HCAT,8.1850004196167,8.1850004196167,8.1850004196167,8.1850004196167,8.1850004196167,417.0
2024-03-01 14:43:00,HLVX,19.125,19.125,19.18000030517578,19.125,19.125,562.0
2024-03-01 14:43:00,HOLX,74.4000015258789,74.4000015258789,74.4000015258789,74.39900207519531,74.4000015258789,807.0
2024-03-01 14:43:00,HOWL,7.008900165557861,7.008900165557861,7.008900165557861,7.008900165557861,7.008900165557861,298.0
2024-03-01 14:43:00,HRTX,2.609999895095825,2.609999895095825,2.619999885559082,2.609999895095825,2.609999895095825,984.0
2024-03-01 14:43:00,HSDT,4.800000190734863,4.800000190734863,4.800000190734863,4.800000190734863,4.800000190734863,304.0
2024-03-01 14:43:00,HSIC,76.94999694824219,76.94999694824219,76.94999694824219,76.91000366210938,76.91000366210938,3061.0
2024-03-01 14:43:00,HUMA,3.174999952316284,3.174999952316284,3.174999952316284,3.174999952316284,3.174999952316284,2052.0
2024-03-01 14:43:00,IART,36.2400016784668,36.2400016784668,36.255001068115234,36.2400016784668,36.255001068115234,1152.0
2024-03-01 14:43:00,IBRX,4.864999771118164,4.864999771118164,4.864999771118164,4.864999771118164,4.864999771118164,562.0
2024-03-01 14:43:00,ICCM,1.309999942779541,1.309999942779541,1.309999942779541,1.309999942779541,1.309999942779541,100.0
2024-03-01 14:43:00,ICLR,324.6600036621094,324.6600036621094,324.7099914550781,324.6600036621094,324.7099914550781,1521.0
2024-03-01 14:43:00,ICUI,106.33000183105469,106.33000183105469,106.41500091552734,106.31999969482422,106.41500091552734,1538.0
2024-03-01 14:43:00,IDXX,579.0,579.0,579.4600219726562,579.0,579.4600219726562,510.0
2024-03-01 14:43:00,ILMN,141.52000427246094,141.52000427246094,141.54559326171875,141.52000427246094,141.52000427246094,579.0
2024-03-01 14:43:00,IMAB,1.8006999492645264,1.8006999492645264,1.8006999492645264,1.8006999492645264,1.8006999492645264,296.0
2024-03-01 14:43:00,IMMX,3.5,3.5,3.509999990463257,3.5,3.509999990463257,520.0
2024-03-01 14:43:00,IMTX,12.84000015258789,12.84000015258789,12.84000015258789,12.84000015258789,12.84000015258789,100.0
2024-03-01 14:43:00,IMUX,1.475000023841858,1.475000023841858,1.475000023841858,1.475000023841858,1.475000023841858,374.0
2024-03-01 14:43:00,IMVT,35.68000030517578,35.68000030517578,35.68000030517578,35.654998779296875,35.65999984741211,1006.0
2024-03-01 14:43:00,INAB,1.0816999673843384,1.0816999673843384,1.0816999673843384,1.0816999673843384,1.0816999673843384,10017.0
2024-03-01 14:43:00,INCY,59.11000061035156,59.11000061035156,59.1150016784668,59.099998474121094,59.099998474121094,1107.0
2024-03-01 14:43:00,INGN,6.760000228881836,6.760000228881836,6.760000228881836,6.755000114440918,6.755000114440918,665.0
2024-03-01 14:43:00,INMD,22.899999618530273,22.899999618530273,22.90999984741211,22.895000457763672,22.895000457763672,3028.0
2024-03-01 14:43:00,INO,9.619999885559082,9.619999885559082,9.619999885559082,9.619999885559082,9.619999885559082,126.0
2024-03-01 14:43:00,INSM,28.05500030517578,28.05500030517578,28.059999465942383,28.049999237060547,28.059999465942383,1521.0
2024-03-01 14:43:00,INVA,15.545000076293945,15.545000076293945,15.545000076293945,15.539999961853027,15.539999961853027,1617.0
2024-03-01 14:43:00,INZY,6.619999885559082,6.619999885559082,6.619999885559082,6.619999885559082,6.619999885559082,471.0
2024-03-01 14:43:00,IONS,45.9900016784668,45.9900016784668,46.0,45.970001220703125,45.970001220703125,2157.0
2024-03-01 14:43:00,IOVA,17.049999237060547,17.049999237060547,17.049999237060547,16.989999771118164,16.9950008392334,22034.0
2024-03-01 14:43:00,IRIX,2.6303000450134277,2.6303000450134277,2.6303000450134277,2.6303000450134277,2.6303000450134277,205.0
2024-03-01 14:43:00,IRMD,41.43000030517578,41.43000030517578,41.43000030517578,41.400001525878906,41.400001525878906,1008.0
2024-03-01 14:43:00,IRWD,9.015000343322754,9.015000343322754,9.020000457763672,9.015000343322754,9.015000343322754,3414.0
2024-03-01 14:43:00,ISRG,396.8599853515625,396.8599853515625,397.0050048828125,396.8599853515625,396.8699951171875,3922.0
2024-03-01 14:43:00,ITCI,71.93499755859375,71.93499755859375,71.93499755859375,71.93499755859375,71.93499755859375,148.0
2024-03-01 14:43:00,IVVD,3.984999895095825,3.984999895095825,3.990000009536743,3.9800000190734863,3.9800000190734863,696.0
2024-03-01 14:43:00,IXHL,5.440000057220459,5.440000057220459,5.440000057220459,5.40500020980835,5.420000076293945,891.0
2024-03-01 14:43:00,JAGX,0.08460000157356262,0.08460000157356262,0.08460000157356262,0.08340000361204147,0.08389999717473984,326236.0
2024-03-01 14:43:00,JAZZ,119.04000091552734,119.04000091552734,119.04000091552734,119.04000091552734,119.04000091552734,320.0
2024-03-01 14:43:00,JSPR,21.5,21.5,21.520000457763672,21.5,21.520000457763672,794.0
2024-03-01 14:43:00,KOD,6.034999847412109,6.034999847412109,6.050000190734863,6.034999847412109,6.045000076293945,2970.0
2024-03-01 14:43:00,KPTI,1.1699999570846558,1.1699999570846558,1.1699999570846558,1.1649999618530273,1.1699999570846558,708.0
2024-03-01 14:43:00,KRMD,2.1600000858306885,2.1600000858306885,2.1600000858306885,2.1600000858306885,2.1600000858306885,226.0
2024-03-01 14:43:00,KRON,1.0399999618530273,1.0399999618530273,1.0399999618530273,1.0399999618530273,1.0399999618530273,655.0
2024-03-01 14:43:00,KRYS,169.3000030517578,169.3000030517578,169.3000030517578,169.3000030517578,169.3000030517578,419.0
2024-03-01 14:43:00,KTRA,0.10209999978542328,0.10209999978542328,0.10209999978542328,0.10209999978542328,0.10209999978542328,240.0
2024-03-01 14:43:00,KURA,21.899999618530273,21.899999618530273,21.899999618530273,21.899999618530273,21.899999618530273,528.0
2024-03-01 14:43:00,KYMR,43.97999954223633,43.97999954223633,43.97999954223633,43.974998474121094,43.97999954223633,640.0
2024-03-01 14:43:00,KZR,1.065000057220459,1.065000057220459,1.065000057220459,1.059999942779541,1.059999942779541,3708.0
2024-03-01 14:43:00,LAB,2.4700000286102295,2.4700000286102295,2.4700000286102295,2.4649999141693115,2.4700000286102295,1371.0
2024-03-01 14:43:00,LBPH,21.709999084472656,21.709999084472656,21.709999084472656,21.709999084472656,21.709999084472656,366.0
2024-03-01 14:43:00,LEGN,65.38999938964844,65.38999938964844,65.41500091552734,65.38999938964844,65.41500091552734,237.0
2024-03-01 14:43:00,LEXX,2.8199000358581543,2.8199000358581543,2.8199000358581543,2.8199000358581543,2.8199000358581543,400.0
2024-03-01 14:43:00,LFLY,2.984999895095825,2.984999895095825,2.984999895095825,2.984999895095825,2.984999895095825,114.0
2024-03-01 14:43:00,LFMD,7.949999809265137,7.949999809265137,7.949999809265137,7.949999809265137,7.949999809265137,247.0
2024-03-01 14:43:00,LFST,7.704999923706055,7.704999923706055,7.710000038146973,7.704999923706055,7.710000038146973,4188.0
2024-03-01 14:43:00,LGND,78.01010131835938,78.01010131835938,78.01010131835938,78.01010131835938,78.01010131835938,322.0
2024-03-01 14:43:00,LIVN,55.619998931884766,55.619998931884766,55.630001068115234,55.619998931884766,55.619998931884766,873.0
2024-03-01 14:43:00,LNTH,64.6050033569336,64.6050033569336,64.62999725341797,64.58000183105469,64.58499908447266,2337.0
2024-03-01 14:43:00,LQDA,14.645000457763672,14.645000457763672,14.649999618530273,14.640000343322754,14.640000343322754,1642.0
2024-03-01 14:43:00,LRMR,11.34000015258789,11.34000015258789,11.34000015258789,11.229999542236328,11.305000305175781,2746.0
2024-03-01 14:43:00,LTRN,4.320000171661377,4.320000171661377,4.320000171661377,4.300000190734863,4.300000190734863,620.0
2024-03-01 14:43:00,LUNG,9.470000267028809,9.470000267028809,9.470000267028809,9.470000267028809,9.470000267028809,182.0
2024-03-01 14:43:00,LVTX,2.759999990463257,2.759999990463257,2.759999990463257,2.759999990463257,2.759999990463257,144.0
2024-03-01 14:43:00,LYEL,3.1549999713897705,3.1549999713897705,3.1549999713897705,3.1549999713897705,3.1549999713897705,218.0
2024-03-01 14:43:00,MACK,14.710000038146973,14.710000038146973,14.720000267028809,14.710000038146973,14.720000267028809,532.0
2024-03-01 14:43:00,MASI,127.31999969482422,127.31999969482422,127.31999969482422,127.29000091552734,127.29000091552734,786.0
2024-03-01 14:43:00,MASS,7.360000133514404,7.360000133514404,7.360000133514404,7.360000133514404,7.360000133514404,105.0
2024-03-01 14:43:00,MCRB,1.22160005569458,1.22160005569458,1.225000023841858,1.2200000286102295,1.225000023841858,2584.0
2024-03-01 14:43:00,MDRX,6.0,6.0,6.050000190734863,6.0,6.010000228881836,11379.0
2024-03-01 14:43:00,MDXG,8.675000190734863,8.675000190734863,8.6850004196167,8.675000190734863,8.675000190734863,2557.0
2024-03-01 14:43:00,ME,0.5597500205039978,0.5597500205039978,0.5598000288009644,0.5597000122070312,0.5597000122070312,8378.0
2024-03-01 14:43:00,MEDP,401.9150085449219,401.9150085449219,402.0450134277344,401.25,401.25,4952.0
2024-03-01 14:43:00,MGNX,19.020000457763672,19.020000457763672,19.020000457763672,19.020000457763672,19.020000457763672,407.0
2024-03-01 14:43:00,MGTX,6.449999809265137,6.449999809265137,6.449999809265137,6.449999809265137,6.449999809265137,162.0
2024-03-01 14:43:00,MLTX,50.97999954223633,50.97999954223633,50.97999954223633,50.93000030517578,50.97999954223633,1618.0
2024-03-01 14:43:00,MNKD,4.525000095367432,4.525000095367432,4.525000095367432,4.519999980926514,4.519999980926514,3720.0
2024-03-01 14:43:00,MNMD,6.215000152587891,6.215000152587891,6.215000152587891,6.215000152587891,6.215000152587891,982.0
2024-03-01 14:43:00,MODV,28.15999984741211,28.15999984741211,28.15999984741211,28.15999984741211,28.15999984741211,157.0
2024-03-01 14:43:00,MOR,17.594999313354492,17.594999313354492,17.594999313354492,17.594999313354492,17.594999313354492,100.0
2024-03-01 14:43:00,MREO,4.065000057220459,4.065000057220459,4.070000171661377,4.052499771118164,4.052499771118164,17169.0
2024-03-01 14:43:00,MRNA,95.77999877929688,95.77999877929688,95.81999969482422,95.7300033569336,95.7300033569336,6505.0
2024-03-01 14:43:00,MRSN,5.960000038146973,5.960000038146973,5.980000019073486,5.934999942779541,5.934999942779541,7955.0
2024-03-01 14:43:00,MRUS,51.084999084472656,51.084999084472656,51.11000061035156,51.08000183105469,51.08000183105469,1352.0
2024-03-01 14:43:00,MXCT,4.75,4.75,4.75,4.75,4.75,435.0
2024-03-01 14:43:00,MYGN,22.149999618530273,22.149999618530273,22.155000686645508,22.139999389648438,22.139999389648438,3081.0
2024-03-01 14:43:00,MYNZ,0.868399977684021,0.868399977684021,0.868399977684021,0.868399977684021,0.868399977684021,1000.0
2024-03-01 14:43:00,NARI,45.854400634765625,45.854400634765625,45.854400634765625,45.84000015258789,45.84000015258789,1038.0
2024-03-01 14:43:00,NBIX,131.77499389648438,131.77499389648438,131.77499389648438,131.72500610351562,131.72500610351562,416.0
2024-03-01 14:43:00,NEO,16.18000030517578,16.18000030517578,16.18000030517578,16.18000030517578,16.18000030517578,101.0
2024-03-01 14:43:00,NERV,2.6600000858306885,2.6600000858306885,2.6600000858306885,2.6500000953674316,2.6600000858306885,2878.0
2024-03-01 14:43:00,NGM,1.5199999809265137,1.5199999809265137,1.5199999809265137,1.5199999809265137,1.5199999809265137,4802.0
2024-03-01 14:43:00,NKTR,0.781000018119812,0.781000018119812,0.781000018119812,0.781000018119812,0.781000018119812,1900.0
2024-03-01 14:43:00,NKTX,12.520000457763672,12.520000457763672,12.520000457763672,12.520000457763672,12.520000457763672,700.0
2024-03-01 14:43:00,NLSP,0.38999998569488525,0.38999998569488525,0.38999998569488525,0.38999998569488525,0.38999998569488525,100.0
2024-03-01 14:43:00,NNOX,10.770000457763672,10.770000457763672,10.779999732971191,10.720000267028809,10.720000267028809,6189.0
2024-03-01 14:43:00,NOTV,8.0,8.0,8.0,7.989999771118164,7.989999771118164,927.0
2024-03-01 14:43:00,NRC,40.56999969482422,40.56999969482422,40.56999969482422,40.56999969482422,40.56999969482422,185.0
2024-03-01 14:43:00,NRIX,13.640000343322754,13.640000343322754,13.640000343322754,13.640000343322754,13.640000343322754,610.0
2024-03-01 14:43:00,NRXP,0.43720000982284546,0.43720000982284546,0.4375,0.43320000171661377,0.43320000171661377,32509.0
2024-03-01 14:43:00,NTLA,33.529998779296875,33.529998779296875,33.529998779296875,33.47159957885742,33.47159957885742,2094.0
2024-03-01 14:43:00,NTRA,88.8949966430664,88.8949966430664,88.98999786376953,88.8949966430664,88.97000122070312,2486.0
2024-03-01 14:43:00,NUTX,0.11400000005960464,0.11400000005960464,0.11400000005960464,0.11394999921321869,0.11400000005960464,13226.0
2024-03-01 14:43:00,NUVL,87.58000183105469,87.58000183105469,87.58000183105469,87.43000030517578,87.44000244140625,524.0
2024-03-01 14:43:00,NUWE,0.5878999829292297,0.5878999829292297,0.5946000218391418,0.5878999829292297,0.5946000218391418,605.0
2024-03-01 14:43:00,NVAX,5.375,5.375,5.375,5.360000133514404,5.360000133514404,22816.0
2024-03-01 14:43:00,NVCR,16.114999771118164,16.114999771118164,16.114999771118164,16.09000015258789,16.09000015258789,1545.0
2024-03-01 14:43:00,NVCT,10.760000228881836,10.760000228881836,10.760000228881836,10.760000228881836,10.760000228881836,207.0
2024-03-01 14:43:00,NXL,0.3244999945163727,0.3244999945163727,0.3244999945163727,0.3244999945163727,0.3244999945163727,0.0
2024-03-01 14:43:00,OCGN,0.9599000215530396,0.9599000215530396,0.9599999785423279,0.9559999704360962,0.9559999704360962,5702.0
2024-03-01 14:43:00,OCUL,10.725000381469727,10.725000381469727,10.725000381469727,10.710000038146973,10.710000038146973,2061.0
2024-03-01 14:43:00,OKYO,1.4800000190734863,1.4800000190734863,1.4800000190734863,1.4800000190734863,1.4800000190734863,117.0
2024-03-01 14:43:00,OLK,23.059999465942383,23.059999465942383,23.06999969482422,23.05229949951172,23.059999465942383,7078.0
2024-03-01 14:43:00,OLMA,14.944999694824219,14.944999694824219,14.944999694824219,14.944999694824219,14.944999694824219,168.0
2024-03-01 14:43:00,OM,3.174999952316284,3.174999952316284,3.180000066757202,3.174999952316284,3.174999952316284,4778.0
2024-03-01 14:43:00,OMCL,26.670000076293945,26.670000076293945,26.670000076293945,26.659000396728516,26.659000396728516,646.0
2024-03-01 14:43:00,OMGA,4.429999828338623,4.429999828338623,4.429999828338623,4.420000076293945,4.420000076293945,326.0
2024-03-01 14:43:00,OMIC,0.6074000000953674,0.6074000000953674,0.6074000000953674,0.6074000000953674,0.6074000000953674,101.0
2024-03-01 14:44:00,ABCL,5.130000114440918,5.130000114440918,5.135000228881836,5.130000114440918,5.130000114440918,914.0
2024-03-01 14:44:00,ABEO,7.784999847412109,7.784999847412109,7.789999961853027,7.78000020980835,7.789999961853027,1524.0
2024-03-01 14:44:00,ABOS,4.664999961853027,4.664999961853027,4.670000076293945,4.664999961853027,4.670000076293945,2491.0
2024-03-01 14:44:00,ABSI,5.505000114440918,5.505000114440918,5.525000095367432,5.5,5.525000095367432,15028.0
2024-03-01 14:44:00,ABUS,2.755000114440918,2.755000114440918,2.755000114440918,2.755000114440918,2.755000114440918,240.0
2024-03-01 14:44:00,ACAD,24.100000381469727,24.100000381469727,24.100000381469727,24.09000015258789,24.09000015258789,1334.0
2024-03-01 14:44:00,ACB,3.190000057220459,3.190000057220459,3.190000057220459,3.190000057220459,3.190000057220459,282.0
2024-03-01 14:44:00,ACCD,10.069999694824219,10.069999694824219,10.069999694824219,10.069999694824219,10.069999694824219,259.0
2024-03-01 14:44:00,ACET,2.3949999809265137,2.3949999809265137,2.4000000953674316,2.3949999809265137,2.4000000953674316,476.0
2024-03-01 14:44:00,ACHC,84.29000091552734,84.29000091552734,84.30000305175781,84.29000091552734,84.30000305175781,741.0
2024-03-01 14:44:00,ACHV,4.360000133514404,4.360000133514404,4.360000133514404,4.360000133514404,4.360000133514404,102.0
2024-03-01 14:44:00,ACLX,68.03500366210938,68.03500366210938,68.03500366210938,68.02999877929688,68.02999877929688,232.0
2024-03-01 14:44:00,ACRS,1.2300000190734863,1.2300000190734863,1.2300000190734863,1.2300000190734863,1.2300000190734863,312.0
2024-03-01 14:44:00,ADIL,3.005000114440918,3.005000114440918,3.059999942779541,3.0,3.0599000453948975,19520.0
2024-03-01 14:44:00,ADMA,5.53000020980835,5.53000020980835,5.534999847412109,5.53000020980835,5.53000020980835,2041.0
2024-03-01 14:44:00,ADPT,4.090000152587891,4.090000152587891,4.09499979019165,4.090000152587891,4.09499979019165,2078.0
2024-03-01 14:44:00,ADVM,1.9700000286102295,1.9700000286102295,1.9850000143051147,1.9700000286102295,1.9800000190734863,4522.0
2024-03-01 14:44:00,AFIB,0.21299999952316284,0.21299999952316284,0.21299999952316284,0.21299999952316284,0.21299999952316284,1892.0
2024-03-01 14:44:00,AFMD,0.6717000007629395,0.6717000007629395,0.6717000007629395,0.6700999736785889,0.6701499819755554,77364.0
2024-03-01 14:44:00,AGEN,0.670074999332428,0.670074999332428,0.6700999736785889,0.6700000166893005,0.6700999736785889,2362.0
2024-03-01 14:44:00,AGIO,32.40999984741211,32.40999984741211,32.4900016784668,32.40999984741211,32.4900016784668,2214.0
2024-03-01 14:44:00,AIMD,0.9700000286102295,0.9700000286102295,0.9700000286102295,0.9700000286102295,0.9700000286102295,100.0
2024-03-01 14:44:00,AKBA,1.684999942779541,1.684999942779541,1.690000057220459,1.684999942779541,1.690000057220459,2017.0
2024-03-01 14:44:00,AKLI,0.3549000024795532,0.3549000024795532,0.3549000024795532,0.3549000024795532,0.3549000024795532,200.0
2024-03-01 14:44:00,AKRO,29.059999465942383,29.059999465942383,29.149999618530273,29.030000686645508,29.149999618530273,1505.0
2024-03-01 14:44:00,ALDX,4.320000171661377,4.320000171661377,4.320000171661377,4.320000171661377,4.320000171661377,207.0
2024-03-01 14:44:00,ALEC,7.494999885559082,7.494999885559082,7.5,7.494999885559082,7.5,900.0
2024-03-01 14:44:00,ALHC,5.710000038146973,5.710000038146973,5.714700222015381,5.710000038146973,5.710000038146973,3611.0
2024-03-01 14:44:00,ALKS,30.295000076293945,30.295000076293945,30.30500030517578,30.290000915527344,30.30500030517578,1831.0
2024-03-01 14:44:00,ALLO,5.034999847412109,5.034999847412109,5.034999847412109,5.034999847412109,5.034999847412109,1072.0
2024-03-01 14:44:00,ALNY,153.4550018310547,153.4550018310547,153.4949951171875,153.4550018310547,153.4949951171875,408.0
2024-03-01 14:44:00,ALPN,35.93000030517578,35.93000030517578,35.970001220703125,35.93000030517578,35.93000030517578,2061.0
2024-03-01 14:44:00,ALT,12.0649995803833,12.0649995803833,12.0649995803833,12.039999961853027,12.045000076293945,3890.0
2024-03-01 14:44:00,ALVR,0.7523000240325928,0.7523000240325928,0.7523000240325928,0.7523000240325928,0.7523000240325928,100.0
2024-03-01 14:44:00,AMGN,280.8160095214844,280.8160095214844,280.95001220703125,280.7799987792969,280.95001220703125,2989.0
2024-03-01 14:44:00,AMLX,18.810199737548828,18.810199737548828,18.81999969482422,18.810199737548828,18.81999969482422,1148.0
2024-03-01 14:44:00,AMRN,1.0549999475479126,1.0549999475479126,1.0549999475479126,1.0549999475479126,1.0549999475479126,500.0
2024-03-01 14:44:00,ANGO,5.494999885559082,5.494999885559082,5.494999885559082,5.494999885559082,5.494999885559082,119.0
2024-03-01 14:44:00,ANIX,3.5000998973846436,3.5000998973846436,3.5000998973846436,3.5,3.5,705.0
2024-03-01 14:44:00,ANNX,6.090000152587891,6.090000152587891,6.110000133514404,6.090000152587891,6.110000133514404,2641.0
2024-03-01 14:44:00,APDN,0.5619009733200073,0.5619009733200073,0.5619009733200073,0.5619009733200073,0.5619009733200073,100.0
2024-03-01 14:44:00,APLS,64.08000183105469,64.08000183105469,64.13999938964844,64.08000183105469,64.1050033569336,4338.0
2024-03-01 14:44:00,APLT,7.03000020980835,7.03000020980835,7.039999961853027,7.03000020980835,7.039999961853027,639.0
2024-03-01 14:44:00,APVO,0.16019999980926514,0.16019999980926514,0.16019999980926514,0.16019999980926514,0.16019999980926514,205.0
2024-03-01 14:44:00,AQST,4.189199924468994,4.189199924468994,4.189199924468994,4.187900066375732,4.187900066375732,281.0
2024-03-01 14:44:00,ARAY,2.6449999809265137,2.6449999809265137,2.6449999809265137,2.6449999809265137,2.6449999809265137,105.0
2024-03-01 14:44:00,ARCT,39.53499984741211,39.53499984741211,39.53499984741211,39.53499984741211,39.53499984741211,309.0
2024-03-01 14:44:00,ARDX,9.479999542236328,9.479999542236328,9.494999885559082,9.470000267028809,9.494999885559082,22202.0
2024-03-01 14:44:00,ARQT,11.680000305175781,11.680000305175781,11.680000305175781,11.630000114440918,11.654999732971191,20985.0
2024-03-01 14:44:00,ARTL,1.4701999425888062,1.4701999425888062,1.4701999425888062,1.4701999425888062,1.4701999425888062,188.0
2024-03-01 14:44:00,ARVN,48.65999984741211,48.65999984741211,48.709999084472656,48.63999938964844,48.68000030517578,4272.0
2024-03-01 14:44:00,ARWR,35.18000030517578,35.18000030517578,35.20000076293945,35.14500045776367,35.17499923706055,7484.0
2024-03-01 14:44:00,ASND,153.38999938964844,153.38999938964844,153.44000244140625,153.0800018310547,153.3800048828125,4576.0
2024-03-01 14:44:00,ASRT,0.8787999749183655,0.8787999749183655,0.8999000191688538,0.8787999749183655,0.8999000191688538,1243.0
2024-03-01 14:44:00,ATAI,2.1649999618530273,2.1649999618530273,2.1649999618530273,2.1600000858306885,2.1600000858306885,1885.0
2024-03-01 14:44:00,ATEC,13.444999694824219,13.444999694824219,13.444999694824219,13.4399995803833,13.4399995803833,2684.0
2024-03-01 14:44:00,ATRA,0.7917500138282776,0.7917500138282776,0.7950000166893005,0.7907000184059143,0.7907999753952026,6065.0
2024-03-01 14:44:00,ATXS,14.96500015258789,14.96500015258789,14.96500015258789,14.96500015258789,14.96500015258789,120.0
2024-03-01 14:44:00,AUPH,5.804999828338623,5.804999828338623,5.815000057220459,5.804999828338623,5.815000057220459,4341.0
2024-03-01 14:44:00,AUTL,6.309999942779541,6.309999942779541,6.309999942779541,6.309999942779541,6.309999942779541,368.0
2024-03-01 14:44:00,AVDL,13.305000305175781,13.305000305175781,13.305000305175781,13.300000190734863,13.300000190734863,1552.0
2024-03-01 14:44:00,AVIR,4.465000152587891,4.465000152587891,4.465000152587891,4.465000152587891,4.465000152587891,173.0
2024-03-01 14:44:00,AVXL,5.377900123596191,5.377900123596191,5.377900123596191,5.375,5.375,462.0
2024-03-01 14:44:00,AXGN,10.545000076293945,10.545000076293945,10.545000076293945,10.539999961853027,10.545000076293945,2138.0
2024-03-01 14:44:00,AXNX,67.56500244140625,67.56500244140625,67.56500244140625,67.52999877929688,67.52999877929688,681.0
2024-03-01 14:44:00,AXSM,82.12999725341797,82.12999725341797,82.24500274658203,82.12999725341797,82.20999908447266,2756.0
2024-03-01 14:44:00,AZN,64.68499755859375,64.68499755859375,64.69999694824219,64.68499755859375,64.69999694824219,8546.0
2024-03-01 14:44:00,AZTA,66.93499755859375,66.93499755859375,66.93499755859375,66.93499755859375,66.93499755859375,179.0
2024-03-01 14:44:00,BBLG,2.5104000568389893,2.5104000568389893,2.5104000568389893,2.4900999069213867,2.4900999069213867,705.0
2024-03-01 14:44:00,BCAB,2.7850000858306885,2.7850000858306885,2.799999952316284,2.7850000858306885,2.799999952316284,3658.0
2024-03-01 14:44:00,BCRX,5.71999979019165,5.71999979019165,5.71999979019165,5.710000038146973,5.710000038146973,577.0
2024-03-01 14:44:00,BCYC,25.875,25.875,25.875,25.875,25.875,293.0
2024-03-01 14:44:00,BDTX,4.744999885559082,4.744999885559082,4.744999885559082,4.739999771118164,4.739999771118164,339.0
2024-03-01 14:44:00,BEAM,39.97999954223633,39.97999954223633,39.9900016784668,39.95000076293945,39.9900016784668,2361.0
2024-03-01 14:44:00,BFRI,0.875,0.875,0.875,0.875,0.875,272.0
2024-03-01 14:44:00,BGXX,0.25060001015663147,0.25060001015663147,0.25589999556541443,0.25060001015663147,0.25589999556541443,45759.0
2024-03-01 14:44:00,BIIB,221.13999938964844,221.13999938964844,221.13999938964844,220.92999267578125,221.13499450683594,5227.0
2024-03-01 14:44:00,BIOL,0.14399999380111694,0.14399999380111694,0.14399999380111694,0.14399999380111694,0.14399999380111694,2625.0
2024-03-01 14:44:00,BIOR,1.125,1.125,1.125,1.125,1.125,116.0
2024-03-01 14:44:00,BIVI,2.069999933242798,2.069999933242798,2.0999999046325684,2.065000057220459,2.0799999237060547,33788.0
2024-03-01 14:44:00,BLFS,18.040000915527344,18.040000915527344,18.040000915527344,18.040000915527344,18.040000915527344,241.0
2024-03-01 14:44:00,BLUE,1.5800000429153442,1.5800000429153442,1.583799958229065,1.5800000429153442,1.5800000429153442,6715.0
2024-03-01 14:44:00,BMEA,18.26889991760254,18.26889991760254,18.30030059814453,18.26889991760254,18.30030059814453,1688.0
2024-03-01 14:44:00,BMRN,88.13999938964844,88.13999938964844,88.16000366210938,88.13999938964844,88.13999938964844,8812.0
2024-03-01 14:44:00,BNGO,1.2695000171661377,1.2695000171661377,1.2695000171661377,1.2695000171661377,1.2695000171661377,5000.0
2024-03-01 14:44:00,BNTX,91.11000061035156,91.11000061035156,91.12999725341797,91.11000061035156,91.12999725341797,858.0
2024-03-01 14:44:00,BPMC,96.41000366210938,96.41000366210938,96.41000366210938,96.41000366210938,96.41000366210938,384.0
2024-03-01 14:44:00,BRKR,88.62000274658203,88.62000274658203,88.63999938964844,88.62000274658203,88.63999938964844,646.0
2024-03-01 14:44:00,BSGM,0.6693559885025024,0.6693559885025024,0.6693559885025024,0.6693559885025024,0.6693559885025024,3149.0
2024-03-01 14:44:00,BTTX,0.18310000002384186,0.18310000002384186,0.18400000035762787,0.18310000002384186,0.18400000035762787,6800.0
2024-03-01 14:44:00,CABA,23.975000381469727,23.975000381469727,24.0,23.975000381469727,24.0,934.0
2024-03-01 14:44:00,CARA,0.949999988079071,0.949999988079071,0.949999988079071,0.9437000155448914,0.9437000155448914,2477.0
2024-03-01 14:44:00,CBAY,32.22999954223633,32.22999954223633,32.22999954223633,32.220001220703125,32.22999954223633,2633.0
2024-03-01 14:44:00,CCCC,11.085000038146973,11.085000038146973,11.085000038146973,11.069999694824219,11.074999809265137,4733.0
2024-03-01 14:44:00,CCRN,18.309999465942383,18.309999465942383,18.309999465942383,18.290000915527344,18.290000915527344,495.0
2024-03-01 14:44:00,CDMO,8.220000267028809,8.220000267028809,8.220000267028809,8.220000267028809,8.220000267028809,223.0
2024-03-01 14:44:00,CDNA,12.460000038146973,12.460000038146973,12.460000038146973,12.430000305175781,12.430000305175781,1364.0
2024-03-01 14:44:00,CDXC,1.6449999809265137,1.6449999809265137,1.6449999809265137,1.6449999809265137,1.6449999809265137,245.0
2024-03-01 14:44:00,CDXS,4.574999809265137,4.574999809265137,4.574999809265137,4.565000057220459,4.565000057220459,2414.0
2024-03-01 14:44:00,CELU,3.5350000858306885,3.5350000858306885,3.5350000858306885,3.5350000858306885,3.5350000858306885,0.0
2024-03-01 14:44:00,CERE,41.04999923706055,41.04999923706055,41.05500030517578,41.04999923706055,41.04999923706055,785.0
2024-03-01 14:44:00,CERS,2.174999952316284,2.174999952316284,2.180000066757202,2.174999952316284,2.180000066757202,253.0
2024-03-01 14:44:00,CERT,18.18000030517578,18.18000030517578,18.18000030517578,18.170000076293945,18.170000076293945,342.0
2024-03-01 14:44:00,CGC,3.2100000381469727,3.2100000381469727,3.2100000381469727,3.2049999237060547,3.209700107574463,10639.0
2024-03-01 14:44:00,CGEM,18.78499984741211,18.78499984741211,18.809999465942383,18.760000228881836,18.78499984741211,1348.0
2024-03-01 14:44:00,CGEN,2.6700000762939453,2.6700000762939453,2.6700000762939453,2.6700000762939453,2.6700000762939453,100.0
2024-03-01 14:44:00,CHRS,2.450000047683716,2.450000047683716,2.4549999237060547,2.450000047683716,2.450000047683716,3535.0
2024-03-01 14:44:00,CJJD,2.8299999237060547,2.8299999237060547,2.8399999141693115,2.8299999237060547,2.8399999141693115,262.0
2024-03-01 14:44:00,CKPT,2.1900999546051025,2.1900999546051025,2.1900999546051025,2.1900999546051025,2.1900999546051025,3207.0
2024-03-01 14:44:00,CLDX,52.349998474121094,52.349998474121094,52.375,52.33000183105469,52.375,3154.0
2024-03-01 14:44:00,CLOV,0.8651999831199646,0.8651999831199646,0.8651999831199646,0.8651000261306763,0.8651999831199646,32137.0
2024-03-01 14:44:00,CLRB,4.110000133514404,4.110000133514404,4.110000133514404,4.099999904632568,4.099999904632568,4219.0
2024-03-01 14:44:00,CMAX,7.710000038146973,7.710000038146973,7.710000038146973,7.710000038146973,7.710000038146973,156.0
2024-03-01 14:44:00,CMPS,11.779999732971191,11.779999732971191,11.779999732971191,11.739999771118164,11.760000228881836,3593.0
2024-03-01 14:44:00,CMRX,1.2000000476837158,1.2000000476837158,1.2000000476837158,1.1950000524520874,1.2000000476837158,766.0
2024-03-01 14:44:00,CNSP,0.3240489959716797,0.3240489959716797,0.3240489959716797,0.3240489959716797,0.3240489959716797,100.0
2024-03-01 14:44:00,CNTB,1.1549999713897705,1.1549999713897705,1.1549999713897705,1.1549999713897705,1.1549999713897705,0.0
2024-03-01 14:44:00,COGT,7.204999923706055,7.204999923706055,7.210000038146973,7.204999923706055,7.210000038146973,4648.0
2024-03-01 14:44:00,COLL,36.58890151977539,36.58890151977539,36.58890151977539,36.58000183105469,36.58000183105469,1256.0
2024-03-01 14:44:00,CORT,24.239999771118164,24.239999771118164,24.239999771118164,24.229999542236328,24.239999771118164,694.0
2024-03-01 14:44:00,CPRX,17.190000534057617,17.190000534057617,17.19499969482422,17.18000030517578,17.18000030517578,5975.0
2024-03-01 14:44:00,CPSI,9.4399995803833,9.4399995803833,9.4399995803833,9.4399995803833,9.4399995803833,505.0
2024-03-01 14:44:00,CRBU,7.889999866485596,7.889999866485596,7.90500020980835,7.860000133514404,7.90500020980835,9379.0
2024-03-01 14:44:00,CRDF,2.9260001182556152,2.9260001182556152,2.950000047683716,2.869999885559082,2.940000057220459,298292.0
2024-03-01 14:44:00,CRNX,46.290000915527344,46.290000915527344,46.369998931884766,46.27009963989258,46.310001373291016,2146.0
2024-03-01 14:44:00,CRON,2.0299999713897705,2.0299999713897705,2.0350000858306885,2.0299999713897705,2.0350000858306885,415.0
2024-03-01 14:44:00,CRSP,85.41529846191406,85.41529846191406,85.41529846191406,85.41000366210938,85.41000366210938,443.0
2024-03-01 14:44:00,CSTL,19.81999969482422,19.81999969482422,19.81999969482422,19.81999969482422,19.81999969482422,386.0
2024-03-01 14:44:00,CTKB,8.960000038146973,8.960000038146973,8.971199989318848,8.960000038146973,8.971199989318848,3482.0
2024-03-01 14:44:00,CTMX,2.5299999713897705,2.5299999713897705,2.5450000762939453,2.5299999713897705,2.5399999618530273,1184.0
2024-03-01 14:44:00,CYTK,73.56999969482422,73.56999969482422,73.59500122070312,73.56999969482422,73.59500122070312,353.0
2024-03-01 14:44:00,CYTO,2.339900016784668,2.339900016784668,2.339900016784668,2.339900016784668,2.339900016784668,1064.0
2024-03-01 14:44:00,DAWN,17.795000076293945,17.795000076293945,17.809999465942383,17.795000076293945,17.795000076293945,433.0
2024-03-01 14:44:00,DCGO,4.139999866485596,4.139999866485596,4.139999866485596,4.139999866485596,4.139999866485596,141.0
2024-03-01 14:44:00,DH,8.890000343322754,8.890000343322754,8.890000343322754,8.890000343322754,8.890000343322754,100.0
2024-03-01 14:44:00,DMTK,0.8497999906539917,0.8497999906539917,0.8497999906539917,0.8497999906539917,0.8497999906539917,552.0
2024-03-01 14:44:00,DNLI,21.280000686645508,21.280000686645508,21.280000686645508,21.25,21.260000228881836,3043.0
2024-03-01 14:44:00,DRUG,1.7899999618530273,1.7899999618530273,1.7899999618530273,1.7899999618530273,1.7899999618530273,275.0
2024-03-01 14:44:00,DTIL,12.470000267028809,12.470000267028809,12.470000267028809,12.470000267028809,12.470000267028809,490.0
2024-03-01 14:44:00,DVAX,12.835000038146973,12.835000038146973,12.84000015258789,12.835000038146973,12.84000015258789,925.0
2024-03-01 14:44:00,DXCM,121.23999786376953,121.23999786376953,121.25749969482422,121.22000122070312,121.25,2152.0
2024-03-01 14:44:00,DYN,29.06999969482422,29.06999969482422,29.174999237060547,29.06999969482422,29.174999237060547,3219.0
2024-03-01 14:44:00,EDIT,10.859999656677246,10.859999656677246,10.859999656677246,10.850000381469727,10.850000381469727,5923.0
2024-03-01 14:44:00,EFTR,15.938199996948242,15.938199996948242,15.938199996948242,15.938199996948242,15.938199996948242,1018.0
2024-03-01 14:44:00,ELEV,5.110000133514404,5.110000133514404,5.119999885559082,5.110000133514404,5.110000133514404,5295.0
2024-03-01 14:44:00,EMBC,14.319999694824219,14.319999694824219,14.319999694824219,14.319999694824219,14.319999694824219,126.0
2024-03-01 14:44:00,ENSG,121.66000366210938,121.66000366210938,121.66000366210938,121.66000366210938,121.66000366210938,279.0
2024-03-01 14:44:00,ENTA,15.5,15.5,15.5,15.5,15.5,218.0
2024-03-01 14:44:00,ENVB,1.5509999990463257,1.5509999990463257,1.559999942779541,1.5509999990463257,1.559999942779541,307.0
2024-03-01 14:44:00,EOLS,14.798299789428711,14.798299789428711,14.798299789428711,14.798299789428711,14.798299789428711,317.0
2024-03-01 14:44:00,ERAS,2.515000104904175,2.515000104904175,2.515000104904175,2.515000104904175,2.515000104904175,630.0
2024-03-01 14:44:00,ESPR,2.555000066757202,2.555000066757202,2.555000066757202,2.549999952316284,2.549999952316284,3869.0
2024-03-01 14:44:00,ESTA,44.56999969482422,44.56999969482422,44.56999969482422,44.279998779296875,44.435001373291016,2225.0
2024-03-01 14:44:00,ETNB,12.896699905395508,12.896699905395508,12.9399995803833,12.890000343322754,12.9399995803833,6276.0
2024-03-01 14:44:00,EWTX,17.0,17.0,17.0,16.989999771118164,16.989999771118164,403.0
2024-03-01 14:44:00,EXAS,59.880001068115234,59.880001068115234,59.88999938964844,59.86000061035156,59.8849983215332,2671.0
2024-03-01 14:44:00,EXEL,22.40999984741211,22.40999984741211,22.43000030517578,22.40999984741211,22.43000030517578,2904.0
2024-03-01 14:44:00,EYEN,2.3910000324249268,2.3910000324249268,2.3910000324249268,2.3910000324249268,2.3910000324249268,519.0
2024-03-01 14:44:00,EYPT,28.007299423217773,28.007299423217773,28.007299423217773,28.007299423217773,28.007299423217773,146.0
2024-03-01 14:44:00,FATE,7.78000020980835,7.78000020980835,7.78000020980835,7.775000095367432,7.78000020980835,1463.0
2024-03-01 14:44:00,FBIO,2.3808000087738037,2.3808000087738037,2.382200002670288,2.380000114440918,2.380000114440918,1336.0
2024-03-01 14:44:00,FEMY,1.7100000381469727,1.7100000381469727,1.7100000381469727,1.7100000381469727,1.7100000381469727,223.0
2024-03-01 14:44:00,FGEN,1.840000033378601,1.840000033378601,1.840000033378601,1.840000033378601,1.840000033378601,100.0
2024-03-01 14:44:00,FLGT,23.1299991607666,23.1299991607666,23.1299991607666,23.100000381469727,23.100000381469727,2195.0
2024-03-01 14:44:00,FOLD,13.324999809265137,13.324999809265137,13.345000267028809,13.324999809265137,13.345000267028809,1481.0
2024-03-01 14:44:00,FONR,22.479999542236328,22.479999542236328,22.479999542236328,22.262399673461914,22.364999771118164,628.0
2024-03-01 14:44:00,FULC,11.069999694824219,11.069999694824219,11.069999694824219,11.069999694824219,11.069999694824219,126.0
2024-03-01 14:44:00,FUSN,12.234999656677246,12.234999656677246,12.234999656677246,12.234999656677246,12.234999656677246,248.0
2024-03-01 14:44:00,GDRX,8.475000381469727,8.475000381469727,8.484999656677246,8.475000381469727,8.484999656677246,3486.0
2024-03-01 14:44:00,GERN,2.244999885559082,2.244999885559082,2.244999885559082,2.240000009536743,2.240000009536743,9770.0
2024-03-01 14:44:00,GH,19.1299991607666,19.1299991607666,19.1299991607666,19.125,19.125,702.0
2024-03-01 14:44:00,GHSI,8.300000190734863,8.300000190734863,8.300000190734863,8.289999961853027,8.289999961853027,1560.0
2024-03-01 14:44:00,GILD,72.5,72.5,72.5250015258789,72.48999786376953,72.5199966430664,11762.0
2024-03-01 14:44:00,GLPG,35.060001373291016,35.060001373291016,35.060001373291016,35.060001373291016,35.060001373291016,314.0
2024-03-01 14:44:00,GLTO,0.8048999905586243,0.8048999905586243,0.8050000071525574,0.798550009727478,0.7986000180244446,2291.0
2024-03-01 14:44:00,GLUE,6.21999979019165,6.21999979019165,6.21999979019165,6.210000038146973,6.210000038146973,987.0
2024-03-01 14:44:00,GMAB,29.399999618530273,29.399999618530273,29.420000076293945,29.399999618530273,29.420000076293945,1784.0
2024-03-01 14:44:00,GOSS,1.409999966621399,1.409999966621399,1.409999966621399,1.409999966621399,1.409999966621399,300.0
2024-03-01 14:44:00,GOVX,2.559999942779541,2.559999942779541,2.559999942779541,2.559999942779541,2.559999942779541,400.0
2024-03-01 14:44:00,GRFS,7.000999927520752,7.000999927520752,7.005000114440918,7.000999927520752,7.000999927520752,1142.0
2024-03-01 14:44:00,GRTS,2.075000047683716,2.075000047683716,2.075000047683716,2.0701000690460205,2.0701000690460205,3710.0
2024-03-01 14:44:00,GTHX,3.799999952316284,3.799999952316284,3.809999942779541,3.799999952316284,3.809999942779541,1940.0
2024-03-01 14:44:00,HALO,41.2400016784668,41.2400016784668,41.25,41.2400016784668,41.25,932.0
2024-03-01 14:44:00,HARP,22.9424991607666,22.9424991607666,22.9424991607666,22.9424991607666,22.9424991607666,204.0
2024-03-01 14:44:00,HCAT,8.1850004196167,8.1850004196167,8.1850004196167,8.1850004196167,8.1850004196167,200.0
2024-03-01 14:44:00,HCSG,12.755000114440918,12.755000114440918,12.755000114440918,12.75,12.75,383.0
2024-03-01 14:44:00,HCTI,2.049999952316284,2.049999952316284,2.049999952316284,2.0299999713897705,2.0399999618530273,1103.0
2024-03-01 14:44:00,HCWB,1.600000023841858,1.600000023841858,1.600000023841858,1.600000023841858,1.600000023841858,7628.0
2024-03-01 14:44:00,HITI,1.7649999856948853,1.7649999856948853,1.7649999856948853,1.7649999856948853,1.7649999856948853,1011.0
2024-03-01 14:44:00,HLVX,19.18000030517578,19.18000030517578,19.18000030517578,19.18000030517578,19.18000030517578,303.0
2024-03-01 14:44:00,HOLX,74.37999725341797,74.37999725341797,74.38999938964844,74.37999725341797,74.38999938964844,572.0
2024-03-01 14:44:00,HPCO,0.2522999942302704,0.2522999942302704,0.2522999942302704,0.2522999942302704,0.2522999942302704,1195.0
2024-03-01 14:44:00,HRMY,31.610000610351562,31.610000610351562,31.6200008392334,31.610000610351562,31.6200008392334,938.0
2024-03-01 14:44:00,HROW,10.949799537658691,10.949799537658691,10.949799537658691,10.949799537658691,10.949799537658691,257.0
2024-03-01 14:44:00,HRTX,2.615000009536743,2.615000009536743,2.615000009536743,2.609999895095825,2.609999895095825,28846.0
2024-03-01 14:44:00,HSIC,76.88500213623047,76.88500213623047,76.94999694824219,76.88500213623047,76.94999694824219,2783.0
2024-03-01 14:44:00,HUMA,3.174999952316284,3.174999952316284,3.178800106048584,3.174999952316284,3.174999952316284,1529.0
2024-03-01 14:44:00,IART,36.22999954223633,36.22999954223633,36.2599983215332,36.220001220703125,36.22999954223633,7708.0
2024-03-01 14:44:00,IBRX,4.866000175476074,4.866000175476074,4.866000175476074,4.866000175476074,4.866000175476074,552.0
2024-03-01 14:44:00,ICUI,106.3949966430664,106.3949966430664,106.3949966430664,106.33000183105469,106.33999633789062,444.0
2024-03-01 14:44:00,IDYA,46.64500045776367,46.64500045776367,46.65999984741211,46.61000061035156,46.65999984741211,1884.0
2024-03-01 14:44:00,IINN,1.6749999523162842,1.6749999523162842,1.6749999523162842,1.6749999523162842,1.6749999523162842,400.0
2024-03-01 14:44:00,ILMN,141.49249267578125,141.49249267578125,141.4949951171875,141.49249267578125,141.4949951171875,310.0
2024-03-01 14:44:00,IMCR,68.04000091552734,68.04000091552734,68.04000091552734,68.04000091552734,68.04000091552734,324.0
2024-03-01 14:44:00,IMMX,3.5,3.5,3.505000114440918,3.5,3.505000114440918,303.0
2024-03-01 14:44:00,IMNM,25.489999771118164,25.489999771118164,25.489999771118164,25.489999771118164,25.489999771118164,425.0
2024-03-01 14:44:00,IMNN,1.0199999809265137,1.0199999809265137,1.0199999809265137,1.0199999809265137,1.0199999809265137,352.0
2024-03-01 14:44:00,IMTX,12.84000015258789,12.84000015258789,12.84000015258789,12.84000015258789,12.84000015258789,109.0
2024-03-01 14:44:00,IMVT,35.66999816894531,35.66999816894531,35.66999816894531,35.66999816894531,35.66999816894531,753.0
2024-03-01 14:44:00,INAB,1.0800000429153442,1.0800000429153442,1.090000033378601,1.0800000429153442,1.090000033378601,2635.0
2024-03-01 14:44:00,INBX,36.560001373291016,36.560001373291016,36.5900993347168,36.560001373291016,36.5900993347168,1491.0
2024-03-01 14:44:00,INCR,1.9800000190734863,1.9800000190734863,1.9800000190734863,1.9800000190734863,1.9800000190734863,1684.0
2024-03-01 14:44:00,INCY,59.029998779296875,59.029998779296875,59.099998474121094,59.029998779296875,59.099998474121094,3069.0
2024-03-01 14:44:00,INGN,6.760000228881836,6.760000228881836,6.760000228881836,6.75,6.75,233.0
2024-03-01 14:44:00,INMD,22.894699096679688,22.894699096679688,22.899999618530273,22.885000228881836,22.899999618530273,963.0
2024-03-01 14:44:00,INO,9.670000076293945,9.670000076293945,9.6899995803833,9.619999885559082,9.619999885559082,2375.0
2024-03-01 14:44:00,INSM,28.075000762939453,28.075000762939453,28.079999923706055,28.03499984741211,28.059999465942383,6196.0
2024-03-01 14:44:00,INVA,15.545000076293945,15.545000076293945,15.550000190734863,15.545000076293945,15.550000190734863,801.0
2024-03-01 14:44:00,IONS,45.95500183105469,45.95500183105469,45.98500061035156,45.95000076293945,45.98500061035156,5154.0
2024-03-01 14:44:00,IOVA,17.03499984741211,17.03499984741211,17.04599952697754,17.03499984741211,17.04599952697754,10740.0
2024-03-01 14:44:00,IRMD,41.435001373291016,41.435001373291016,41.435001373291016,41.435001373291016,41.435001373291016,206.0
2024-03-01 14:44:00,IRWD,9.005000114440918,9.005000114440918,9.020000457763672,9.0,9.010000228881836,12433.0
2024-03-01 14:44:00,ISPC,0.46000000834465027,0.46000000834465027,0.46000000834465027,0.46000000834465027,0.46000000834465027,0.0
2024-03-01 14:44:00,ISRG,396.7900085449219,396.7900085449219,396.8500061035156,396.7300109863281,396.82501220703125,2983.0
2024-03-01 14:44:00,ITCI,71.94999694824219,71.94999694824219,71.94999694824219,71.91500091552734,71.93000030517578,2130.0
2024-03-01 14:44:00,IVVD,3.9800000190734863,3.9800000190734863,3.984999895095825,3.9800000190734863,3.984999895095825,1031.0
2024-03-01 14:44:00,JAGX,0.08500000089406967,0.08500000089406967,0.08500000089406967,0.08399999886751175,0.08460000157356262,266061.0
2024-03-01 14:44:00,JAZZ,119.0199966430664,119.0199966430664,119.02999877929688,118.94000244140625,118.9800033569336,827.0
2024-03-01 14:44:00,KNSA,21.90999984741211,21.90999984741211,21.917499542236328,21.8700008392334,21.889999389648438,3469.0
2024-03-01 14:44:00,KNTE,2.6050000190734863,2.6050000190734863,2.6050000190734863,2.6050000190734863,2.6050000190734863,401.0
2024-03-01 14:44:00,KOD,6.039999961853027,6.039999961853027,6.039999961853027,6.039999961853027,6.039999961853027,544.0
2024-03-01 14:44:00,KPTI,1.1699999570846558,1.1699999570846558,1.1699999570846558,1.1699999570846558,1.1699999570846558,2622.0
2024-03-01 14:44:00,KRTX,315.7850036621094,315.7850036621094,315.7850036621094,315.7850036621094,315.7850036621094,226.0
2024-03-01 14:44:00,KRYS,169.2949981689453,169.2949981689453,169.2949981689453,169.2949981689453,169.2949981689453,730.0
2024-03-01 14:44:00,KURA,21.8799991607666,21.8799991607666,21.899999618530273,21.8799991607666,21.899999618530273,4002.0
2024-03-01 14:44:00,KYMR,43.97999954223633,43.97999954223633,43.97999954223633,43.959999084472656,43.959999084472656,634.0
2024-03-01 14:44:00,KZR,1.065000057220459,1.065000057220459,1.065000057220459,1.065000057220459,1.065000057220459,514.0
2024-03-01 14:44:00,LAB,2.4700000286102295,2.4700000286102295,2.4700000286102295,2.4649999141693115,2.4700000286102295,1503.0
2024-03-01 14:44:00,LBPH,21.709999084472656,21.709999084472656,21.719999313354492,21.690000534057617,21.709999084472656,1815.0
2024-03-01 14:44:00,LEGN,65.41000366210938,65.41000366210938,65.43000030517578,65.41000366210938,65.43000030517578,325.0
2024-03-01 14:44:00,LGND,78.125,78.125,78.125,78.125,78.125,214.0
2024-03-01 14:44:00,LIVN,55.4900016784668,55.4900016784668,55.56999969482422,55.4900016784668,55.56999969482422,1053.0
2024-03-01 14:44:00,LMAT,67.91000366210938,67.91000366210938,67.98999786376953,67.90589904785156,67.90589904785156,725.0
2024-03-01 14:44:00,LNTH,64.5999984741211,64.5999984741211,64.61000061035156,64.58000183105469,64.61000061035156,1216.0
2024-03-01 14:44:00,LQDA,14.630000114440918,14.630000114440918,14.630000114440918,14.619999885559082,14.630000114440918,3479.0
2024-03-01 14:44:00,LRMR,11.300000190734863,11.300000190734863,11.300000190734863,11.300000190734863,11.300000190734863,302.0
2024-03-01 14:44:00,LTRN,4.300000190734863,4.300000190734863,4.300000190734863,4.300000190734863,4.300000190734863,180.0
2024-03-01 14:44:00,LVTX,2.799299955368042,2.799299955368042,2.799299955368042,2.799299955368042,2.799299955368042,400.0
2024-03-01 14:44:00,LXRX,2.5,2.5,2.509999990463257,2.490000009536743,2.509999990463257,25050.0
2024-03-01 14:44:00,LYEL,3.1500000953674316,3.1500000953674316,3.1549999713897705,3.1500000953674316,3.1549999713897705,434.0
2024-03-01 14:44:00,MACK,14.704999923706055,14.704999923706055,14.704999923706055,14.704999923706055,14.704999923706055,306.0
2024-03-01 14:44:00,MASI,127.36000061035156,127.36000061035156,127.42500305175781,127.27999877929688,127.27999877929688,4776.0
2024-03-01 14:44:00,MCRB,1.225000023841858,1.225000023841858,1.2300000190734863,1.2200000286102295,1.2300000190734863,1622.0
2024-03-01 14:44:00,MDGL,250.73500061035156,250.73500061035156,250.8000030517578,250.73500061035156,250.7899932861328,522.0
2024-03-01 14:44:00,MDRX,6.010000228881836,6.010000228881836,6.050000190734863,6.0,6.025000095367432,19870.0
2024-03-01 14:44:00,MDXG,8.680000305175781,8.680000305175781,8.680000305175781,8.670000076293945,8.675000190734863,4300.0
2024-03-01 14:44:00,ME,0.5595999956130981,0.5595999956130981,0.5597500205039978,0.5595999956130981,0.5597000122070312,1805.0
2024-03-01 14:44:00,MEDP,401.489990234375,401.489990234375,401.9150085449219,401.489990234375,401.9150085449219,5029.0
2024-03-01 14:44:00,MESO,2.059999942779541,2.059999942779541,2.059999942779541,2.059999942779541,2.059999942779541,0.0
2024-03-01 14:44:00,MIRM,29.44499969482422,29.44499969482422,29.459999084472656,29.40999984741211,29.40999984741211,578.0
2024-03-01 14:44:00,MIST,1.6950000524520874,1.6950000524520874,1.6950000524520874,1.6950000524520874,1.6950000524520874,120.0
2024-03-01 14:44:00,MLTX,50.970001220703125,50.970001220703125,50.970001220703125,50.970001220703125,50.970001220703125,187.0
2024-03-01 14:44:00,MMSI,76.36000061035156,76.36000061035156,76.37999725341797,76.2699966430664,76.31999969482422,6578.0
2024-03-01 14:44:00,MNKD,4.526000022888184,4.526000022888184,4.526000022888184,4.519999980926514,4.525000095367432,2026.0
2024-03-01 14:44:00,MODD,1.8799999952316284,1.8799999952316284,1.8849999904632568,1.8799999952316284,1.8849999904632568,1617.0
2024-03-01 14:44:00,MODV,28.170000076293945,28.170000076293945,28.170000076293945,28.170000076293945,28.170000076293945,100.0
2024-03-01 14:44:00,MORF,39.584999084472656,39.584999084472656,39.584999084472656,39.584999084472656,39.584999084472656,244.0
2024-03-01 14:44:00,MOVE,0.5783510208129883,0.5783510208129883,0.5783510208129883,0.5783510208129883,0.5783510208129883,252.0
2024-03-01 14:44:00,MREO,4.025000095367432,4.025000095367432,4.065000057220459,4.019999980926514,4.065000057220459,15309.0
2024-03-01 14:44:00,MRNA,95.58999633789062,95.58999633789062,95.76000213623047,95.58999633789062,95.76000213623047,8043.0
2024-03-01 14:44:00,MRNS,10.229999542236328,10.229999542236328,10.25,10.229999542236328,10.25,2152.0
2024-03-01 14:44:00,MRSN,5.980000019073486,5.980000019073486,5.980000019073486,5.954999923706055,5.960000038146973,3307.0
2024-03-01 14:44:00,MRUS,51.099998474121094,51.099998474121094,51.099998474121094,51.084999084472656,51.084999084472656,1692.0
2024-03-01 14:44:00,MRVI,7.75,7.75,7.75,7.75,7.75,851.0
2024-03-01 14:44:00,MYGN,22.139999389648438,22.139999389648438,22.139999389648438,22.139999389648438,22.139999389648438,508.0
2024-03-01 14:44:00,NARI,45.90999984741211,45.90999984741211,45.93000030517578,45.84000015258789,45.84000015258789,4400.0
2024-03-01 14:44:00,NBIX,131.69000244140625,131.69000244140625,131.72999572753906,131.69000244140625,131.72999572753906,1862.0
2024-03-01 14:44:00,NCNA,0.32461100816726685,0.32461100816726685,0.32461100816726685,0.31529998779296875,0.3160000145435333,2001.0
2024-03-01 14:44:00,NDRA,1.159999966621399,1.159999966621399,1.159999966621399,1.159999966621399,1.159999966621399,501.0
2024-03-01 14:44:00,NEO,16.18000030517578,16.18000030517578,16.18000030517578,16.18000030517578,16.18000030517578,160.0
2024-03-01 14:44:00,NEOG,17.3700008392334,17.3700008392334,17.375,17.3700008392334,17.375,2201.0
2024-03-01 14:44:00,NGM,1.5199999809265137,1.5199999809265137,1.5199999809265137,1.5199999809265137,1.5199999809265137,3028.0
2024-03-01 14:44:00,NKTR,0.7804999947547913,0.7804999947547913,0.781000018119812,0.7799999713897705,0.781000018119812,1525.0
2024-03-01 14:44:00,NKTX,12.539999961853027,12.539999961853027,12.539999961853027,12.529999732971191,12.530599594116211,1815.0
2024-03-01 14:44:00,NLSP,0.38999998569488525,0.38999998569488525,0.38999998569488525,0.38999998569488525,0.38999998569488525,2298.0
2024-03-01 14:44:00,NNOX,10.774999618530273,10.774999618530273,10.78499984741211,10.760000228881836,10.779899597167969,7607.0
2024-03-01 14:44:00,NPCE,16.1299991607666,16.1299991607666,16.280000686645508,16.1299991607666,16.270000457763672,539.0
2024-03-01 14:44:00,NRIX,13.619999885559082,13.619999885559082,13.640000343322754,13.609999656677246,13.640000343322754,2548.0
2024-03-01 14:44:00,NRXP,0.43689998984336853,0.43689998984336853,0.4375,0.4359000027179718,0.4360010027885437,30133.0
2024-03-01 14:44:00,NTLA,33.5099983215332,33.5099983215332,33.529998779296875,33.5099983215332,33.529998779296875,2510.0
2024-03-01 14:44:00,NTRA,88.9800033569336,88.9800033569336,88.9800033569336,88.94000244140625,88.94000244140625,905.0
2024-03-01 14:44:00,NUTX,0.11389999836683273,0.11389999836683273,0.11389999836683273,0.11389999836683273,0.11389999836683273,2792.0
2024-03-01 14:44:00,NUVL,87.62000274658203,87.62000274658203,87.62000274658203,87.62000274658203,87.62000274658203,192.0
2024-03-01 14:44:00,NUWE,0.5878999829292297,0.5878999829292297,0.5949000120162964,0.5878000259399414,0.5949000120162964,3144.0
2024-03-01 14:44:00,NVAX,5.3643999099731445,5.3643999099731445,5.375,5.360000133514404,5.370100021362305,25437.0
2024-03-01 14:44:00,NVCR,16.1200008392334,16.1200008392334,16.1200008392334,16.1200008392334,16.1200008392334,154.0
2024-03-01 14:44:00,NVNO,6.5,6.5,6.5,6.5,6.5,569.0
2024-03-01 14:44:00,NXTC,1.7899999618530273,1.7899999618530273,1.7899999618530273,1.7899999618530273,1.7899999618530273,100.0
2024-03-01 14:44:00,OCGN,0.9557999968528748,0.9557999968528748,0.9599999785423279,0.9557999968528748,0.9559000134468079,2214.0
2024-03-01 14:44:00,OCUL,10.725000381469727,10.725000381469727,10.738800048828125,10.725000381469727,10.729999542236328,2326.0
2024-03-01 14:44:00,OGI,2.180000066757202,2.180000066757202,2.180000066757202,2.174999952316284,2.174999952316284,500.0
2024-03-01 14:44:00,OLK,23.05500030517578,23.05500030517578,23.059999465942383,23.05500030517578,23.059999465942383,1790.0
2024-03-01 14:44:00,OLMA,14.960000038146973,14.960000038146973,15.0,14.960000038146973,14.970000267028809,10630.0
2024-03-01 14:44:00,OM,3.190000057220459,3.190000057220459,3.190000057220459,3.174999952316284,3.174999952316284,6825.0
2024-03-01 14:44:00,OMGA,4.449999809265137,4.449999809265137,4.449999809265137,4.420000076293945,4.420000076293945,3788.0
2024-03-01 14:45:00,ABCL,5.114999771118164,5.114999771118164,5.130000114440918,5.110000133514404,5.130000114440918,28116.0
2024-03-01 14:45:00,ABOS,4.659999847412109,4.659999847412109,4.660999774932861,4.659999847412109,4.660999774932861,1005.0
2024-03-01 14:45:00,ABSI,5.534999847412109,5.534999847412109,5.539999961853027,5.5,5.505000114440918,35654.0
2024-03-01 14:45:00,ABUS,2.76200008392334,2.76200008392334,2.765000104904175,2.75,2.759999990463257,14634.0
2024-03-01 14:45:00,ACAD,24.084999084472656,24.084999084472656,24.09000015258789,24.079999923706055,24.09000015258789,1619.0
2024-03-01 14:45:00,ACET,2.3949999809265137,2.3949999809265137,2.4000000953674316,2.390000104904175,2.390000104904175,907.0
2024-03-01 14:45:00,ACHC,84.29000091552734,84.29000091552734,84.29000091552734,84.29000091552734,84.29000091552734,367.0
2024-03-01 14:45:00,ACLX,67.98999786376953,67.98999786376953,67.98999786376953,67.98999786376953,67.98999786376953,263.0
2024-03-01 14:45:00,ACRS,1.2300000190734863,1.2300000190734863,1.2374999523162842,1.2300000190734863,1.2300000190734863,1400.0
2024-03-01 14:45:00,ADIL,2.990000009536743,2.990000009536743,3.0199999809265137,2.940000057220459,3.005000114440918,59258.0
2024-03-01 14:45:00,ADMA,5.534999847412109,5.534999847412109,5.534999847412109,5.534999847412109,5.534999847412109,471.0
2024-03-01 14:45:00,ADPT,4.090000152587891,4.090000152587891,4.099999904632568,4.090000152587891,4.09499979019165,1268.0
2024-03-01 14:45:00,ADVM,1.9800000190734863,1.9800000190734863,1.9800000190734863,1.9700000286102295,1.9700000286102295,5405.0
2024-03-01 14:45:00,AFMD,0.6728000044822693,0.6728000044822693,0.6728000044822693,0.672249972820282,0.672249972820282,5685.0
2024-03-01 14:45:00,AGEN,0.6700500249862671,0.6700500249862671,0.6700999736785889,0.6700000166893005,0.670074999332428,10376.0
2024-03-01 14:45:00,AGIO,32.40999984741211,32.40999984741211,32.435001373291016,32.40999984741211,32.41999816894531,1112.0
2024-03-01 14:45:00,AHCO,10.510000228881836,10.510000228881836,10.524999618530273,10.444999694824219,10.444999694824219,23387.0
2024-03-01 14:45:00,AIH,0.5189999938011169,0.5189999938011169,0.521399974822998,0.5189999938011169,0.521399974822998,1000.0
2024-03-01 14:45:00,AIRS,6.445000171661377,6.445000171661377,6.445000171661377,6.445000171661377,6.445000171661377,284.0
2024-03-01 14:45:00,AKBA,1.690000057220459,1.690000057220459,1.690000057220459,1.684999942779541,1.684999942779541,2706.0
2024-03-01 14:45:00,AKRO,28.93000030517578,28.93000030517578,29.059999465942383,28.905000686645508,29.049999237060547,2822.0
2024-03-01 14:45:00,AKYA,6.037099838256836,6.037099838256836,6.037099838256836,6.019999980926514,6.019999980926514,841.0
2024-03-01 14:45:00,ALDX,4.289999961853027,4.289999961853027,4.315000057220459,4.289999961853027,4.315000057220459,4501.0
2024-03-01 14:45:00,ALEC,7.46999979019165,7.46999979019165,7.494999885559082,7.46999979019165,7.494999885559082,6144.0
2024-03-01 14:45:00,ALGN,302.4949951171875,302.4949951171875,302.4949951171875,302.3800048828125,302.3900146484375,2385.0
2024-03-01 14:45:00,ALHC,5.710000038146973,5.710000038146973,5.710000038146973,5.710000038146973,5.710000038146973,595.0
2024-03-01 14:45:00,ALKS,30.280000686645508,30.280000686645508,30.295000076293945,30.280000686645508,30.295000076293945,823.0
2024-03-01 14:45:00,ALLK,1.6799999475479126,1.6799999475479126,1.6799999475479126,1.6799999475479126,1.6799999475479126,154.0
2024-03-01 14:45:00,ALLO,5.025000095367432,5.025000095367432,5.034999847412109,5.025000095367432,5.03000020980835,2829.0
2024-03-01 14:45:00,ALNY,153.5,153.5,153.5,153.5,153.5,192.0
2024-03-01 14:45:00,ALPN,35.90999984741211,35.90999984741211,35.90999984741211,35.90999984741211,35.90999984741211,717.0
2024-03-01 14:45:00,ALT,12.079999923706055,12.079999923706055,12.079999923706055,12.050000190734863,12.0649995803833,15954.0
2024-03-01 14:45:00,ALVO,15.619999885559082,15.619999885559082,15.619999885559082,15.619999885559082,15.619999885559082,821.0
2024-03-01 14:45:00,ALVR,0.7523000240325928,0.7523000240325928,0.7523999810218811,0.7523000240325928,0.7523000240325928,528.0
2024-03-01 14:45:00,ALXO,15.079999923706055,15.079999923706055,15.079999923706055,15.079999923706055,15.079999923706055,130.0
2024-03-01 14:45:00,AMED,93.52999877929688,93.52999877929688,93.52999877929688,93.52999877929688,93.52999877929688,324.0
2024-03-01 14:45:00,AMGN,280.7749938964844,280.7749938964844,280.8299865722656,280.7749938964844,280.8299865722656,3082.0
2024-03-01 14:45:00,AMLX,18.809999465942383,18.809999465942383,18.809999465942383,18.809999465942383,18.809999465942383,611.0
2024-03-01 14:45:00,AMPH,45.58000183105469,45.58000183105469,45.619998931884766,45.58000183105469,45.61309814453125,1558.0
2024-03-01 14:45:00,AMRN,1.0549999475479126,1.0549999475479126,1.0549999475479126,1.0549999475479126,1.0549999475479126,191.0
2024-03-01 14:45:00,ANGO,5.494999885559082,5.494999885559082,5.494999885559082,5.494999885559082,5.494999885559082,121.0
2024-03-01 14:45:00,ANIP,66.71499633789062,66.71499633789062,66.875,66.71499633789062,66.875,995.0
2024-03-01 14:45:00,ANNX,6.070000171661377,6.070000171661377,6.090000152587891,6.070000171661377,6.079999923706055,2990.0
2024-03-01 14:45:00,APLS,64.08000183105469,64.08000183105469,64.1500015258789,64.06999969482422,64.06999969482422,3160.0
2024-03-01 14:45:00,APLT,7.019999980926514,7.019999980926514,7.050000190734863,7.019999980926514,7.039999961853027,5593.0
2024-03-01 14:45:00,AQST,4.170100212097168,4.170100212097168,4.189899921417236,4.170100212097168,4.189899921417236,4176.0
2024-03-01 14:45:00,ARAY,2.6449999809265137,2.6449999809265137,2.6449999809265137,2.6449999809265137,2.6449999809265137,442.0
2024-03-01 14:45:00,ARCT,39.63999938964844,39.63999938964844,39.654998779296875,39.560001373291016,39.564998626708984,2041.0
2024-03-01 14:45:00,ARDX,9.475000381469727,9.475000381469727,9.479999542236328,9.475000381469727,9.479999542236328,2204.0
2024-03-01 14:45:00,ARGX,393.0799865722656,393.0799865722656,393.5400085449219,393.0799865722656,393.1099853515625,1684.0
2024-03-01 14:45:00,ARQT,11.630000114440918,11.630000114440918,11.689900398254395,11.630000114440918,11.689900398254395,7344.0
2024-03-01 14:45:00,ARVN,48.58000183105469,48.58000183105469,48.654998779296875,48.58000183105469,48.654998779296875,1577.0
2024-03-01 14:45:00,ARWR,35.099998474121094,35.099998474121094,35.18000030517578,35.099998474121094,35.18000030517578,6279.0
2024-03-01 14:45:00,ASLN,0.7300000190734863,0.7300000190734863,0.7300999760627747,0.7300000190734863,0.7300000190734863,5052.0
2024-03-01 14:45:00,ASND,153.22999572753906,153.22999572753906,153.22999572753906,153.1999969482422,153.1999969482422,483.0
2024-03-01 14:45:00,ASRT,0.8996000289916992,0.8996000289916992,0.8996000289916992,0.8787999749183655,0.8787999749183655,1911.0
2024-03-01 14:45:00,ATAI,2.1600000858306885,2.1600000858306885,2.1600000858306885,2.1600000858306885,2.1600000858306885,150.0
2024-03-01 14:45:00,ATEC,13.444999694824219,13.444999694824219,13.444999694824219,13.4399995803833,13.444999694824219,1302.0
2024-03-01 14:45:00,ATHA,3.9700000286102295,3.9700000286102295,3.984999895095825,3.9700000286102295,3.984999895095825,2167.0
2024-03-01 14:45:00,ATRA,0.7907999753952026,0.7907999753952026,0.7907999753952026,0.7907999753952026,0.7907999753952026,140.0
2024-03-01 14:45:00,ATRC,36.03499984741211,36.03499984741211,36.03499984741211,36.03499984741211,36.03499984741211,403.0
2024-03-01 14:45:00,ATXS,14.970000267028809,14.970000267028809,14.970000267028809,14.970000267028809,14.970000267028809,146.0
2024-03-01 14:45:00,AUGX,4.550000190734863,4.550000190734863,4.560999870300293,4.550000190734863,4.560999870300293,255.0
2024-03-01 14:45:00,AUPH,5.809999942779541,5.809999942779541,5.809999942779541,5.804999828338623,5.804999828338623,1226.0
2024-03-01 14:45:00,AURA,9.34000015258789,9.34000015258789,9.34000015258789,9.34000015258789,9.34000015258789,108.0
2024-03-01 14:45:00,AUTL,6.300000190734863,6.300000190734863,6.300000190734863,6.300000190734863,6.300000190734863,933.0
2024-03-01 14:45:00,AVDL,13.305000305175781,13.305000305175781,13.305000305175781,13.300000190734863,13.305000305175781,5187.0
2024-03-01 14:45:00,AVRO,1.340000033378601,1.340000033378601,1.340000033378601,1.340000033378601,1.340000033378601,200.0
2024-03-01 14:45:00,AVTE,24.05500030517578,24.05500030517578,24.05500030517578,24.05500030517578,24.05500030517578,110.0
2024-03-01 14:45:00,AVXL,5.380000114440918,5.380000114440918,5.380000114440918,5.380000114440918,5.380000114440918,202.0
2024-03-01 14:45:00,AXNX,67.56999969482422,67.56999969482422,67.56999969482422,67.56999969482422,67.56999969482422,1187.0
2024-03-01 14:45:00,AXSM,82.09500122070312,82.09500122070312,82.16999816894531,82.05999755859375,82.1500015258789,2656.0
2024-03-01 14:45:00,AZN,64.69249725341797,64.69249725341797,64.69580078125,64.68499755859375,64.68499755859375,3324.0
2024-03-01 14:45:00,AZTA,66.93000030517578,66.93000030517578,66.95999908447266,66.91000366210938,66.95999908447266,1585.0
2024-03-01 14:45:00,BBIO,35.935001373291016,35.935001373291016,35.935001373291016,35.935001373291016,35.935001373291016,577.0
2024-03-01 14:45:00,BBLG,2.509999990463257,2.509999990463257,2.509999990463257,2.509999990463257,2.509999990463257,500.0
2024-03-01 14:45:00,BCAB,2.7950000762939453,2.7950000762939453,2.799999952316284,2.7850000858306885,2.7899999618530273,1636.0
2024-03-01 14:45:00,BCEL,0.2653000056743622,0.2653000056743622,0.2653000056743622,0.2653000056743622,0.2653000056743622,3000.0
2024-03-01 14:45:00,BCRX,5.71999979019165,5.71999979019165,5.71999979019165,5.710000038146973,5.71999979019165,3168.0
2024-03-01 14:45:00,BEAM,39.810001373291016,39.810001373291016,39.939998626708984,39.810001373291016,39.91999816894531,3287.0
2024-03-01 14:45:00,BIIB,221.09500122070312,221.09500122070312,221.1300048828125,220.92999267578125,221.05999755859375,3073.0
2024-03-01 14:45:00,BIOL,0.14399999380111694,0.14399999380111694,0.14399999380111694,0.14399999380111694,0.14399999380111694,30100.0
2024-03-01 14:45:00,BIVI,2.0899999141693115,2.0899999141693115,2.0899999141693115,2.069999933242798,2.0708999633789062,15079.0
2024-03-01 14:45:00,BLUE,1.5800000429153442,1.5800000429153442,1.590000033378601,1.5800000429153442,1.590000033378601,10693.0
2024-03-01 14:45:00,BMEA,18.229999542236328,18.229999542236328,18.26300048828125,18.229999542236328,18.26300048828125,1799.0
2024-03-01 14:45:00,BMRN,88.1500015258789,88.1500015258789,88.1500015258789,88.13999938964844,88.14600372314453,7098.0
2024-03-01 14:45:00,BNGO,1.2649999856948853,1.2649999856948853,1.2649999856948853,1.2649999856948853,1.2649999856948853,796.0
2024-03-01 14:45:00,BNR,0.8208000063896179,0.8208000063896179,0.8208000063896179,0.8208000063896179,0.8208000063896179,100.0
2024-03-01 14:45:00,BNTC,5.239999771118164,5.239999771118164,5.239999771118164,5.239999771118164,5.239999771118164,300.0
2024-03-01 14:45:00,BPMC,96.4800033569336,96.4800033569336,96.4800033569336,96.41000366210938,96.41000366210938,509.0
2024-03-01 14:45:00,BRKR,88.5999984741211,88.5999984741211,88.63999938964844,88.5999984741211,88.63999938964844,744.0
2024-03-01 14:45:00,BTAI,3.2100000381469727,3.2100000381469727,3.2100000381469727,3.2100000381469727,3.2100000381469727,200.0
2024-03-01 14:45:00,BTTX,0.18250000476837158,0.18250000476837158,0.18250000476837158,0.18250000476837158,0.18250000476837158,136.0
2024-03-01 14:45:00,CABA,23.975000381469727,23.975000381469727,23.975000381469727,23.969999313354492,23.969999313354492,619.0
2024-03-01 14:45:00,CARA,0.9599999785423279,0.9599999785423279,0.9599999785423279,0.949999988079071,0.949999988079071,4962.0
2024-03-01 14:45:00,CBAY,32.22999954223633,32.22999954223633,32.22999954223633,32.224998474121094,32.22999954223633,2087.0
2024-03-01 14:45:00,CCCC,11.0649995803833,11.0649995803833,11.079999923706055,11.055000305175781,11.079999923706055,9343.0
2024-03-01 14:45:00,CDMO,8.220000267028809,8.220000267028809,8.220999717712402,8.220000267028809,8.220999717712402,628.0
2024-03-01 14:45:00,CDNA,12.460000038146973,12.460000038146973,12.486800193786621,12.430000305175781,12.486800193786621,4524.0
2024-03-01 14:45:00,CDXS,4.559999942779541,4.559999942779541,4.570000171661377,4.559999942779541,4.570000171661377,6585.0
2024-03-01 14:45:00,CELC,17.209999084472656,17.209999084472656,17.209999084472656,17.209999084472656,17.209999084472656,100.0
2024-03-01 14:45:00,CERE,41.04999923706055,41.04999923706055,41.05500030517578,41.04999923706055,41.05500030517578,2655.0
2024-03-01 14:45:00,CERS,2.174999952316284,2.174999952316284,2.174999952316284,2.174999952316284,2.174999952316284,204.0
2024-03-01 14:45:00,CERT,18.15999984741211,18.15999984741211,18.15999984741211,18.15999984741211,18.15999984741211,206.0
2024-03-01 14:45:00,CGC,3.20989990234375,3.20989990234375,3.20989990234375,3.2049999237060547,3.2049999237060547,1197.0
2024-03-01 14:45:00,CGEM,18.760000228881836,18.760000228881836,18.760000228881836,18.760000228881836,18.760000228881836,104.0
2024-03-01 14:45:00,CGEN,2.6649999618530273,2.6649999618530273,2.6649999618530273,2.6649999618530273,2.6649999618530273,108.0
2024-03-01 14:45:00,CHRS,2.4549999237060547,2.4549999237060547,2.4549999237060547,2.450000047683716,2.450000047683716,1021.0
2024-03-01 14:45:00,CING,1.3550000190734863,1.3550000190734863,1.3600000143051147,1.3550000190734863,1.3600000143051147,651.0
2024-03-01 14:45:00,CKPT,2.190000057220459,2.190000057220459,2.190000057220459,2.190000057220459,2.190000057220459,1472.0
2024-03-01 14:45:00,CLDX,52.3650016784668,52.3650016784668,52.3650016784668,52.3650016784668,52.3650016784668,734.0
2024-03-01 14:45:00,CLNN,0.3840999901294708,0.3840999901294708,0.3840999901294708,0.3840999901294708,0.3840999901294708,226.0
2024-03-01 14:45:00,CLOV,0.8651000261306763,0.8651000261306763,0.865149974822998,0.8651000261306763,0.8651000261306763,18902.0
2024-03-01 14:45:00,CLRB,4.119999885559082,4.119999885559082,4.119999885559082,4.110000133514404,4.110000133514404,1959.0
2024-03-01 14:45:00,CMPS,11.8100004196167,11.8100004196167,11.8100004196167,11.789999961853027,11.789999961853027,9963.0
2024-03-01 14:45:00,CNSP,0.3240489959716797,0.3240489959716797,0.3240489959716797,0.3240489959716797,0.3240489959716797,2656.0
2024-03-01 14:45:00,COGT,7.204999923706055,7.204999923706055,7.204999923706055,7.201200008392334,7.204999923706055,1707.0
2024-03-01 14:45:00,COLL,36.540000915527344,36.540000915527344,36.540000915527344,36.540000915527344,36.540000915527344,920.0
2024-03-01 14:45:00,CORT,24.190000534057617,24.190000534057617,24.239999771118164,24.190000534057617,24.229999542236328,6647.0
2024-03-01 14:45:00,CPRX,17.229999542236328,17.229999542236328,17.229999542236328,17.200000762939453,17.200000762939453,5003.0
2024-03-01 14:45:00,CRBU,7.864999771118164,7.864999771118164,7.880000114440918,7.864999771118164,7.880000114440918,407.0
2024-03-01 14:45:00,CRDF,2.860100030899048,2.860100030899048,2.9370999336242676,2.819999933242798,2.9210000038146973,181514.0
2024-03-01 14:45:00,CRMD,3.6700000762939453,3.6700000762939453,3.6700000762939453,3.6700000762939453,3.6700000762939453,201.0
2024-03-01 14:45:00,CRNX,46.189998626708984,46.189998626708984,46.31999969482422,46.189998626708984,46.290000915527344,1902.0
2024-03-01 14:45:00,CRON,2.0399999618530273,2.0399999618530273,2.0399999618530273,2.0350000858306885,2.0350000858306885,210.0
2024-03-01 14:45:00,CRSP,85.30000305175781,85.30000305175781,85.31999969482422,85.26000213623047,85.31999969482422,4558.0
2024-03-01 14:45:00,CTKB,8.970000267028809,8.970000267028809,8.970000267028809,8.960000038146973,8.96500015258789,1046.0
2024-03-01 14:45:00,CTMX,2.5199999809265137,2.5199999809265137,2.5299999713897705,2.509999990463257,2.5299999713897705,6111.0
2024-03-01 14:45:00,CUE,2.174999952316284,2.174999952316284,2.174999952316284,2.174999952316284,2.174999952316284,100.0
2024-03-01 14:45:00,CUTR,2.390000104904175,2.390000104904175,2.390000104904175,2.390000104904175,2.390000104904175,901.0
2024-03-01 14:45:00,CVAC,3.4700000286102295,3.4700000286102295,3.4749999046325684,3.4700000286102295,3.4700000286102295,700.0
2024-03-01 14:45:00,CYTK,73.55049896240234,73.55049896240234,73.58999633789062,73.55049896240234,73.58000183105469,4183.0
2024-03-01 14:45:00,DAWN,17.700000762939453,17.700000762939453,17.790000915527344,17.700000762939453,17.780000686645508,4583.0
2024-03-01 14:45:00,DCGO,4.130000114440918,4.130000114440918,4.135000228881836,4.130000114440918,4.135000228881836,4852.0
2024-03-01 14:45:00,DCPH,17.6299991607666,17.6299991607666,17.65999984741211,17.6299991607666,17.645000457763672,1202.0
2024-03-01 14:45:00,DH,8.890000343322754,8.890000343322754,8.890000343322754,8.890000343322754,8.890000343322754,415.0
2024-03-01 14:45:00,DNLI,21.25,21.25,21.274999618530273,21.25,21.274999618530273,1555.0
2024-03-01 14:45:00,DRRX,1.0,1.0,1.0,1.0,1.0,100.0
2024-03-01 14:45:00,DSGN,2.884999990463257,2.884999990463257,2.884999990463257,2.884999990463257,2.884999990463257,301.0
2024-03-01 14:45:00,DTIL,12.460000038146973,12.460000038146973,12.460000038146973,12.460000038146973,12.460000038146973,260.0
2024-03-01 14:45:00,DVAX,12.835000038146973,12.835000038146973,12.84000015258789,12.829999923706055,12.835000038146973,2585.0
2024-03-01 14:45:00,DXCM,121.33999633789062,121.33999633789062,121.33999633789062,121.22000122070312,121.22000122070312,6127.0
2024-03-01 14:45:00,DYN,29.059999465942383,29.059999465942383,29.059999465942383,29.059999465942383,29.059999465942383,1105.0
2024-03-01 14:45:00,EDIT,10.84000015258789,10.84000015258789,10.859399795532227,10.84000015258789,10.859399795532227,4935.0
2024-03-01 14:45:00,EGRX,6.664999961853027,6.664999961853027,6.664999961853027,6.659999847412109,6.659999847412109,939.0
2024-03-01 14:45:00,ELEV,5.099999904632568,5.099999904632568,5.099999904632568,5.099999904632568,5.099999904632568,1131.0
2024-03-01 14:45:00,EMBC,14.3100004196167,14.3100004196167,14.319999694824219,14.300000190734863,14.319999694824219,1354.0
2024-03-01 14:45:00,ENSG,121.6500015258789,121.6500015258789,121.75,121.6500015258789,121.75,3268.0
2024-03-01 14:45:00,ENTA,15.494999885559082,15.494999885559082,15.494999885559082,15.494999885559082,15.494999885559082,200.0
2024-03-01 14:45:00,ENVB,1.5499999523162842,1.5499999523162842,1.559999942779541,1.5499999523162842,1.559999942779541,9131.0
2024-03-01 14:45:00,EOLS,14.800000190734863,14.800000190734863,14.800000190734863,14.800000190734863,14.800000190734863,360.0
2024-03-01 14:45:00,ERAS,2.509999990463257,2.509999990463257,2.509999990463257,2.509999990463257,2.509999990463257,383.0
2024-03-01 14:45:00,ESPR,2.555000066757202,2.555000066757202,2.555000066757202,2.555000066757202,2.555000066757202,3442.0
2024-03-01 14:45:00,ESTA,44.54999923706055,44.54999923706055,44.560001373291016,44.29499816894531,44.558998107910156,1710.0
2024-03-01 14:45:00,ETNB,12.899999618530273,12.899999618530273,12.90999984741211,12.890000343322754,12.899999618530273,5030.0
2024-03-01 14:45:00,EVGN,0.9700000286102295,0.9700000286102295,0.9700000286102295,0.9700000286102295,0.9700000286102295,800.0
2024-03-01 14:45:00,EWTX,17.010000228881836,17.010000228881836,17.010000228881836,17.0,17.0,1137.0
2024-03-01 14:45:00,EXAS,59.81999969482422,59.81999969482422,59.88999938964844,59.790000915527344,59.88999938964844,3913.0
2024-03-01 14:45:00,EXEL,22.424999237060547,22.424999237060547,22.434999465942383,22.40999984741211,22.418699264526367,7724.0
2024-03-01 14:45:00,EYEN,2.3949999809265137,2.3949999809265137,2.3949999809265137,2.3949999809265137,2.3949999809265137,199.0
2024-03-01 14:45:00,EYPT,27.9950008392334,27.9950008392334,27.9950008392334,27.9950008392334,27.9950008392334,302.0
2024-03-01 14:45:00,FATE,7.769999980926514,7.769999980926514,7.78000020980835,7.769999980926514,7.78000020980835,2933.0
2024-03-01 14:45:00,FBIO,2.384999990463257,2.384999990463257,2.384999990463257,2.384999990463257,2.384999990463257,235.0
2024-03-01 14:45:00,FGEN,1.8350000381469727,1.8350000381469727,1.8350000381469727,1.8300000429153442,1.8350000381469727,2463.0
2024-03-01 14:45:00,FIXX,0.9247999787330627,0.9247999787330627,0.9293000102043152,0.9247999787330627,0.9287999868392944,530.0
2024-03-01 14:45:00,FLGT,23.155000686645508,23.155000686645508,23.155000686645508,23.155000686645508,23.155000686645508,259.0
2024-03-01 14:45:00,FOLD,13.3100004196167,13.3100004196167,13.319999694824219,13.3100004196167,13.319999694824219,2569.0
2024-03-01 14:45:00,FONR,22.267799377441406,22.267799377441406,22.267799377441406,22.267799377441406,22.267799377441406,1400.0
2024-03-01 14:45:00,FORA,2.9600000381469727,2.9600000381469727,2.9600000381469727,2.9600000381469727,2.9600000381469727,1539.0
2024-03-01 14:45:00,FULC,11.09000015258789,11.09000015258789,11.09000015258789,11.050000190734863,11.050000190734863,1541.0
2024-03-01 14:45:00,FUSN,12.239999771118164,12.239999771118164,12.239999771118164,12.220000267028809,12.234999656677246,1774.0
2024-03-01 14:45:00,FWBI,8.899999618530273,8.899999618530273,9.016200065612793,8.899999618530273,9.016200065612793,1233.0
2024-03-01 14:45:00,GANX,4.684999942779541,4.684999942779541,4.684999942779541,4.684999942779541,4.684999942779541,150.0
2024-03-01 14:45:00,GDRX,8.454999923706055,8.454999923706055,8.470000267028809,8.454999923706055,8.470000267028809,12086.0
2024-03-01 14:45:00,GENE,2.3201000690460205,2.3201000690460205,2.3201000690460205,2.319999933242798,2.319999933242798,2137.0
2024-03-01 14:45:00,GERN,2.240000009536743,2.240000009536743,2.247499942779541,2.240000009536743,2.244999885559082,12206.0
2024-03-01 14:45:00,GH,19.09000015258789,19.09000015258789,19.1200008392334,19.09000015258789,19.1200008392334,4309.0
2024-03-01 14:45:00,GHSI,8.289999961853027,8.289999961853027,8.289999961853027,8.279999732971191,8.279999732971191,800.0
2024-03-01 14:45:00,GILD,72.51000213623047,72.51000213623047,72.518798828125,72.50499725341797,72.50990295410156,4105.0
2024-03-01 14:45:00,GLPG,35.095001220703125,35.095001220703125,35.095001220703125,35.095001220703125,35.095001220703125,1936.0
2024-03-01 14:45:00,GLTO,0.8100000023841858,0.8100000023841858,0.8100000023841858,0.8050000071525574,0.8050000071525574,16101.0
2024-03-01 14:45:00,GLUE,6.21999979019165,6.21999979019165,6.21999979019165,6.21999979019165,6.21999979019165,690.0
2024-03-01 14:45:00,GMDA,0.3837999999523163,0.3837999999523163,0.3837999999523163,0.3837999999523163,0.3837999999523163,2602.0
2024-03-01 14:45:00,GRFS,7.0,7.0,7.000999927520752,7.0,7.000999927520752,412.0
2024-03-01 14:45:00,GRTS,2.075000047683716,2.075000047683716,2.075000047683716,2.0701000690460205,2.075000047683716,3507.0
2024-03-01 14:45:00,GTBP,4.349999904632568,4.349999904632568,4.349999904632568,4.349999904632568,4.349999904632568,344.0
2024-03-01 14:45:00,GTHX,3.805000066757202,3.805000066757202,3.805000066757202,3.805000066757202,3.805000066757202,374.0
2024-03-01 14:45:00,HALO,41.2400016784668,41.2400016784668,41.25,41.2400016784668,41.2400016784668,1552.0
2024-03-01 14:45:00,HARP,22.940000534057617,22.940000534057617,22.940000534057617,22.940000534057617,22.940000534057617,173.0
2024-03-01 14:45:00,HBIO,4.329999923706055,4.329999923706055,4.329999923706055,4.329999923706055,4.329999923706055,273.0
2024-03-01 14:45:00,HCAT,8.175000190734863,8.175000190734863,8.185799598693848,8.170000076293945,8.1850004196167,3405.0
2024-03-01 14:45:00,HCSG,12.760000228881836,12.760000228881836,12.760000228881836,12.755000114440918,12.755000114440918,1408.0
2024-03-01 14:45:00,HITI,1.7611000537872314,1.7611000537872314,1.7611000537872314,1.7611000537872314,1.7611000537872314,321.0
2024-03-01 14:45:00,HLTH,0.26019999384880066,0.26019999384880066,0.26019999384880066,0.26019999384880066,0.26019999384880066,100.0
2024-03-01 14:45:00,HOLX,74.38500213623047,74.38500213623047,74.38500213623047,74.375,74.375,574.0
2024-03-01 14:45:00,HQY,81.41999816894531,81.41999816894531,81.43000030517578,81.41999816894531,81.43000030517578,1079.0
2024-03-01 14:45:00,HRMY,31.5049991607666,31.5049991607666,31.614999771118164,31.489999771118164,31.614999771118164,1708.0
2024-03-01 14:45:00,HROW,10.930000305175781,10.930000305175781,10.930000305175781,10.930000305175781,10.930000305175781,182.0
2024-03-01 14:45:00,HRTX,2.609999895095825,2.609999895095825,2.609999895095825,2.609999895095825,2.609999895095825,240.0
2024-03-01 14:45:00,HSIC,76.91000366210938,76.91000366210938,76.91000366210938,76.91000366210938,76.91000366210938,121.0
2024-03-01 14:45:00,HUMA,3.174999952316284,3.174999952316284,3.174999952316284,3.174999952316284,3.174999952316284,247.0
2024-03-01 14:45:00,IART,36.31999969482422,36.31999969482422,36.31999969482422,36.2599983215332,36.2599983215332,2825.0
2024-03-01 14:45:00,IBRX,4.849999904632568,4.849999904632568,4.864999771118164,4.849999904632568,4.864999771118164,1906.0
2024-03-01 14:45:00,ICLR,324.82000732421875,324.82000732421875,324.82000732421875,324.82000732421875,324.82000732421875,248.0
2024-03-01 14:45:00,IDYA,46.61000061035156,46.61000061035156,46.66999816894531,46.61000061035156,46.64500045776367,3763.0
2024-03-01 14:45:00,IGMS,13.095000267028809,13.095000267028809,13.114999771118164,13.09000015258789,13.100000381469727,1279.0
2024-03-01 14:45:00,IKNA,1.4850000143051147,1.4850000143051147,1.4850000143051147,1.4850000143051147,1.4850000143051147,113.0
2024-03-01 14:45:00,ILMN,141.32000732421875,141.32000732421875,141.48500061035156,141.32000732421875,141.48500061035156,1766.0
2024-03-01 14:45:00,IMAB,1.7999999523162842,1.7999999523162842,1.7999999523162842,1.7999999523162842,1.7999999523162842,875.0
2024-03-01 14:45:00,IMMX,3.5000998973846436,3.5000998973846436,3.5000998973846436,3.5000998973846436,3.5000998973846436,100.0
2024-03-01 14:45:00,IMNM,25.420000076293945,25.420000076293945,25.469999313354492,25.420000076293945,25.469999313354492,2422.0
2024-03-01 14:45:00,IMNN,1.0299999713897705,1.0299999713897705,1.0299999713897705,1.0299999713897705,1.0299999713897705,23849.0
2024-03-01 14:45:00,IMTX,12.84000015258789,12.84000015258789,12.84000015258789,12.84000015258789,12.84000015258789,256.0
2024-03-01 14:45:00,IMUX,1.475000023841858,1.475000023841858,1.475000023841858,1.475000023841858,1.475000023841858,512.0
2024-03-01 14:45:00,INAB,1.0800000429153442,1.0800000429153442,1.0800000429153442,1.0800000429153442,1.0800000429153442,10869.0
2024-03-01 14:45:00,INBX,36.560001373291016,36.560001373291016,36.560001373291016,36.560001373291016,36.560001373291016,555.0
2024-03-01 14:45:00,INCY,59.04029846191406,59.04029846191406,59.04999923706055,59.0,59.0099983215332,6164.0
2024-03-01 14:45:00,INGN,6.755000114440918,6.755000114440918,6.760000228881836,6.755000114440918,6.760000228881836,457.0
2024-03-01 14:45:00,INMD,22.884700775146484,22.884700775146484,22.889999389648438,22.8799991607666,22.889999389648438,839.0
2024-03-01 14:45:00,INO,9.649999618530273,9.649999618530273,9.649999618530273,9.649999618530273,9.649999618530273,941.0
2024-03-01 14:45:00,INSM,28.059999465942383,28.059999465942383,28.06999969482422,28.05500030517578,28.06999969482422,2561.0
2024-03-01 14:45:00,INVA,15.53499984741211,15.53499984741211,15.539999961853027,15.53499984741211,15.539999961853027,1145.0
2024-03-01 14:45:00,IOBT,1.8100999593734741,1.8100999593734741,1.8100999593734741,1.8100999593734741,1.8100999593734741,0.0
2024-03-01 14:45:00,IONS,45.91999816894531,45.91999816894531,45.959999084472656,45.91999816894531,45.959999084472656,1024.0
2024-03-01 14:45:00,IOVA,16.9950008392334,16.9950008392334,17.030000686645508,16.989999771118164,17.030000686645508,10828.0
2024-03-01 14:45:00,IPSC,3.9100000858306885,3.9100000858306885,3.9100000858306885,3.9100000858306885,3.9100000858306885,291.0
2024-03-01 14:45:00,IRTC,120.96499633789062,120.96499633789062,120.96499633789062,120.9000015258789,120.9000015258789,243.0
2024-03-01 14:45:00,IRWD,8.994999885559082,8.994999885559082,9.010000228881836,8.991999626159668,9.005000114440918,87117.0
2024-03-01 14:45:00,ISRG,396.8399963378906,396.8399963378906,396.8800964355469,396.760009765625,396.760009765625,3963.0
2024-03-01 14:45:00,ITCI,71.93499755859375,71.93499755859375,71.93499755859375,71.93499755859375,71.93499755859375,164.0
2024-03-01 14:45:00,ITRM,1.284999966621399,1.284999966621399,1.284999966621399,1.284999966621399,1.284999966621399,489.0
2024-03-01 14:45:00,IXHL,5.480000019073486,5.480000019073486,5.480000019073486,5.46999979019165,5.46999979019165,213.0
2024-03-01 14:45:00,JAGX,0.0860000029206276,0.0860000029206276,0.08649999648332596,0.08500000089406967,0.08500000089406967,538914.0
2024-03-01 14:45:00,JANX,46.0,46.0,46.06999969482422,45.970001220703125,46.0099983215332,8843.0
2024-03-01 14:45:00,JAZZ,118.87999725341797,118.87999725341797,119.02999877929688,118.87000274658203,118.95999908447266,3328.0
2024-03-01 14:45:00,KALV,14.149999618530273,14.149999618530273,14.175000190734863,14.149999618530273,14.175000190734863,796.0
2024-03-01 14:45:00,KNTE,2.6050000190734863,2.6050000190734863,2.6050000190734863,2.6050000190734863,2.6050000190734863,400.0
2024-03-01 14:45:00,KOD,6.045000076293945,6.045000076293945,6.045000076293945,6.045000076293945,6.045000076293945,359.0
2024-03-01 14:45:00,KPTI,1.1699999570846558,1.1699999570846558,1.1699999570846558,1.1699999570846558,1.1699999570846558,303.0
2024-03-01 14:45:00,KROS,69.66500091552734,69.66500091552734,69.8550033569336,69.66500091552734,69.8550033569336,1769.0
2024-03-01 14:45:00,KRYS,169.3000030517578,169.3000030517578,169.30499267578125,169.3000030517578,169.30499267578125,879.0
2024-03-01 14:45:00,KTRA,0.10185100138187408,0.10185100138187408,0.10199999809265137,0.10179899632930756,0.10199999809265137,2245.0
2024-03-01 14:45:00,KURA,21.889999389648438,21.889999389648438,21.899999618530273,21.8799991607666,21.8799991607666,2715.0
2024-03-01 14:45:00,KYMR,43.95500183105469,43.95500183105469,43.95500183105469,43.93000030517578,43.93000030517578,318.0
2024-03-01 14:45:00,KZR,1.065000057220459,1.065000057220459,1.065000057220459,1.065000057220459,1.065000057220459,120.0
2024-03-01 14:45:00,LAB,2.4700000286102295,2.4700000286102295,2.4700000286102295,2.4649999141693115,2.4700000286102295,948.0
2024-03-01 14:45:00,LBPH,21.690000534057617,21.690000534057617,21.690000534057617,21.690000534057617,21.690000534057617,181.0
2024-03-01 14:45:00,LEGN,65.4000015258789,65.4000015258789,65.41000366210938,65.37000274658203,65.41000366210938,2459.0
2024-03-01 14:45:00,LEXX,2.809999942779541,2.809999942779541,2.81030011177063,2.809999942779541,2.8101999759674072,3521.0
2024-03-01 14:45:00,LFMD,7.949999809265137,7.949999809265137,7.960000038146973,7.949999809265137,7.949999809265137,560.0
2024-03-01 14:45:00,LGND,78.125,78.125,78.125,78.125,78.125,152.0
2024-03-01 14:45:00,LIVN,55.58000183105469,55.58000183105469,55.58000183105469,55.58000183105469,55.58000183105469,371.0
2024-03-01 14:45:00,LMAT,67.98500061035156,67.98500061035156,68.04000091552734,67.98500061035156,68.02999877929688,888.0
2024-03-01 14:45:00,LNTH,64.59500122070312,64.59500122070312,64.62999725341797,64.59500122070312,64.5999984741211,1999.0
2024-03-01 14:45:00,LPTX,2.899899959564209,2.899899959564209,2.899899959564209,2.899899959564209,2.899899959564209,750.0
2024-03-01 14:45:00,LQDA,14.635000228881836,14.635000228881836,14.635000228881836,14.635000228881836,14.635000228881836,100.0
2024-03-01 14:45:00,LTRN,4.300000190734863,4.300000190734863,4.300000190734863,4.300000190734863,4.300000190734863,200.0
2024-03-01 14:45:00,LVTX,2.7799999713897705,2.7799999713897705,2.7799999713897705,2.75,2.75,6471.0
2024-03-01 14:45:00,LXRX,2.4999001026153564,2.4999001026153564,2.5,2.494999885559082,2.494999885559082,4754.0
2024-03-01 14:45:00,LYEL,3.1549999713897705,3.1549999713897705,3.1549999713897705,3.1549999713897705,3.1549999713897705,103.0
2024-03-01 14:45:00,LYRA,5.679999828338623,5.679999828338623,5.679999828338623,5.679999828338623,5.679999828338623,100.0
2024-03-01 14:45:00,MASI,127.58999633789062,127.58999633789062,127.77999877929688,127.12339782714844,127.25,12464.0
2024-03-01 14:45:00,MASS,7.360000133514404,7.360000133514404,7.360000133514404,7.360000133514404,7.360000133514404,203.0
2024-03-01 14:45:00,MCRB,1.225000023841858,1.225000023841858,1.2300000190734863,1.2200000286102295,1.2281999588012695,3627.0
2024-03-01 14:45:00,MDGL,250.47999572753906,250.47999572753906,250.47999572753906,250.47999572753906,250.47999572753906,365.0
2024-03-01 14:45:00,MDRX,6.010000228881836,6.010000228881836,6.050000190734863,6.010000228881836,6.010000228881836,24219.0
2024-03-01 14:45:00,MDXG,8.670000076293945,8.670000076293945,8.670000076293945,8.664999961853027,8.670000076293945,4707.0
2024-03-01 14:45:00,ME,0.5577999949455261,0.5577999949455261,0.5597000122070312,0.5577999949455261,0.5597000122070312,9391.0
2024-03-01 14:45:00,MEDP,401.8999938964844,401.8999938964844,401.96771240234375,401.8999938964844,401.96771240234375,1898.0
2024-03-01 14:45:00,MGNX,19.020000457763672,19.020000457763672,19.020000457763672,19.020000457763672,19.020000457763672,149.0
2024-03-01 14:45:00,MIRM,29.350000381469727,29.350000381469727,29.40999984741211,29.350000381469727,29.40999984741211,1563.0
2024-03-01 14:45:00,MIST,1.7000000476837158,1.7000000476837158,1.7000000476837158,1.7000000476837158,1.7000000476837158,1354.0
2024-03-01 14:45:00,MLTX,50.970001220703125,50.970001220703125,50.970001220703125,50.970001220703125,50.970001220703125,392.0
2024-03-01 14:45:00,MMSI,76.41999816894531,76.41999816894531,76.41999816894531,76.4000015258789,76.4000015258789,466.0
2024-03-01 14:45:00,MNKD,4.525000095367432,4.525000095367432,4.525000095367432,4.519999980926514,4.525000095367432,6463.0
2024-03-01 14:45:00,MNMD,6.199999809265137,6.199999809265137,6.21120023727417,6.190000057220459,6.210000038146973,2142.0
2024-03-01 14:45:00,MODV,28.170000076293945,28.170000076293945,28.239999771118164,28.170000076293945,28.17169952392578,1356.0
2024-03-01 14:45:00,MOR,17.594999313354492,17.594999313354492,17.594999313354492,17.594999313354492,17.594999313354492,345.0
2024-03-01 14:45:00,MORF,39.59000015258789,39.59000015258789,39.59000015258789,39.54999923706055,39.54999923706055,1235.0
2024-03-01 14:45:00,MREO,4.014999866485596,4.014999866485596,4.019999980926514,4.005000114440918,4.019999980926514,13525.0
2024-03-01 14:45:00,MRNA,95.58999633789062,95.58999633789062,95.62999725341797,95.58999633789062,95.62999725341797,912.0
2024-03-01 14:45:00,MRSN,5.974999904632568,5.974999904632568,5.974999904632568,5.974999904632568,5.974999904632568,1109.0
2024-03-01 14:45:00,MRUS,51.06999969482422,51.06999969482422,51.08000183105469,51.06999969482422,51.07500076293945,2742.0
2024-03-01 14:45:00,MRVI,7.744999885559082,7.744999885559082,7.744999885559082,7.744999885559082,7.744999885559082,596.0
2024-03-01 14:45:00,MXCT,4.744999885559082,4.744999885559082,4.75,4.739999771118164,4.75,3551.0
2024-03-01 14:45:00,MYGN,22.1200008392334,22.1200008392334,22.1299991607666,22.1200008392334,22.1200008392334,1099.0
2024-03-01 14:45:00,NARI,46.0,46.0,46.0,45.959999084472656,45.959999084472656,399.0
2024-03-01 14:45:00,NBIX,131.7550048828125,131.7550048828125,131.7550048828125,131.72000122070312,131.72999572753906,1589.0
2024-03-01 14:45:00,NEO,16.190000534057617,16.190000534057617,16.190000534057617,16.174999237060547,16.174999237060547,473.0
2024-03-01 14:45:00,NERV,2.6500000953674316,2.6500000953674316,2.6500000953674316,2.6500000953674316,2.6500000953674316,173.0
2024-03-01 14:45:00,NEXI,6.510000228881836,6.510000228881836,6.510000228881836,6.510000228881836,6.510000228881836,339.0
2024-03-01 14:45:00,NGM,1.5199999809265137,1.5199999809265137,1.5199999809265137,1.5199999809265137,1.5199999809265137,667.0
2024-03-01 14:45:00,NKTR,0.7804999947547913,0.7804999947547913,0.7804999947547913,0.7804999947547913,0.7804999947547913,100.0
2024-03-01 14:45:00,NKTX,12.550000190734863,12.550000190734863,12.569999694824219,12.550000190734863,12.550000190734863,2330.0
2024-03-01 14:45:00,NNOX,10.800000190734863,10.800000190734863,10.800000190734863,10.774999618530273,10.774999618530273,9484.0
2024-03-01 14:45:00,NOTV,8.0,8.0,8.0,8.0,8.0,100.0
2024-03-01 14:45:00,NRIX,13.630000114440918,13.630000114440918,13.630000114440918,13.630000114440918,13.630000114440918,100.0
2024-03-01 14:45:00,NRXP,0.4302000105381012,0.4302000105381012,0.43720000982284546,0.4302000105381012,0.43689998984336853,4782.0
2024-03-01 14:45:00,NTLA,33.470001220703125,33.470001220703125,33.5,33.470001220703125,33.5,2169.0
2024-03-01 14:45:00,NTRA,88.9800033569336,88.9800033569336,88.9800033569336,88.95500183105469,88.95500183105469,723.0
2024-03-01 14:45:00,NUTX,0.11394999921321869,0.11394999921321869,0.11400000005960464,0.11389999836683273,0.11389999836683273,3047.0
2024-03-01 14:45:00,NUVL,87.57499694824219,87.57499694824219,87.58999633789062,87.55000305175781,87.56999969482422,1502.0
2024-03-01 14:45:00,NVAX,5.360000133514404,5.360000133514404,5.368500232696533,5.353600025177002,5.368500232696533,5534.0
2024-03-01 14:45:00,NVCR,16.079999923706055,16.079999923706055,16.110000610351562,16.079999923706055,16.110000610351562,3886.0
2024-03-01 14:45:00,NXTC,1.7899999618530273,1.7899999618530273,1.7949999570846558,1.7899999618530273,1.7949999570846558,969.0
2024-03-01 14:45:00,OCGN,0.9557999968528748,0.9557999968528748,0.9599999785423279,0.9557999968528748,0.9599999785423279,938.0
2024-03-01 14:45:00,OCUL,10.71500015258789,10.71500015258789,10.729999542236328,10.71500015258789,10.729999542236328,828.0
2024-03-01 14:45:00,OGI,2.180000066757202,2.180000066757202,2.180000066757202,2.180000066757202,2.180000066757202,1168.0
2024-03-01 14:45:00,OKYO,1.4900000095367432,1.4900000095367432,1.4900000095367432,1.4900000095367432,1.4900000095367432,0.0
2024-03-01 14:45:00,OLK,23.05500030517578,23.05500030517578,23.05940055847168,23.05500030517578,23.05940055847168,633.0
2024-03-01 14:45:00,OLMA,14.9399995803833,14.9399995803833,14.960000038146973,14.9399995803833,14.960000038146973,1360.0
2024-03-01 14:45:00,OMCL,26.639999389648438,26.639999389648438,26.670000076293945,26.639999389648438,26.670000076293945,1115.0
2024-03-01 14:45:00,OMER,4.809999942779541,4.809999942779541,4.810100078582764,4.809999942779541,4.809999942779541,3548.0
2024-03-01 14:46:00,AADI,1.9700000286102295,1.9700000286102295,1.9700000286102295,1.9700000286102295,1.9700000286102295,105.0
2024-03-01 14:46:00,ABCL,5.110000133514404,5.110000133514404,5.114999771118164,5.110000133514404,5.114999771118164,1396.0
2024-03-01 14:46:00,ABOS,4.660399913787842,4.660399913787842,4.660399913787842,4.659999847412109,4.659999847412109,328.0
2024-03-01 14:46:00,ABSI,5.559999942779541,5.559999942779541,5.559999942779541,5.525000095367432,5.539999961853027,5371.0
2024-03-01 14:46:00,ABUS,2.759999990463257,2.759999990463257,2.759999990463257,2.759999990463257,2.759999990463257,585.0
2024-03-01 14:46:00,ACAD,24.059999465942383,24.059999465942383,24.06999969482422,24.059999465942383,24.06999969482422,613.0
2024-03-01 14:46:00,ACB,3.183199882507324,3.183199882507324,3.183199882507324,3.183199882507324,3.183199882507324,175.0
2024-03-01 14:46:00,ACCD,10.079999923706055,10.079999923706055,10.079999923706055,10.079999923706055,10.079999923706055,100.0
2024-03-01 14:46:00,ACET,2.3949999809265137,2.3949999809265137,2.4000000953674316,2.3949999809265137,2.3949999809265137,506.0
2024-03-01 14:46:00,ACHC,84.22000122070312,84.22000122070312,84.27999877929688,84.22000122070312,84.27999877929688,820.0
2024-03-01 14:46:00,ACHL,1.3698999881744385,1.3698999881744385,1.3698999881744385,1.3698999881744385,1.3698999881744385,100.0
2024-03-01 14:46:00,ACHV,4.349999904632568,4.349999904632568,4.349999904632568,4.349999904632568,4.349999904632568,100.0
2024-03-01 14:46:00,ACRS,1.2300000190734863,1.2300000190734863,1.2374999523162842,1.2300000190734863,1.2300000190734863,2527.0
2024-03-01 14:46:00,ADIL,2.971400022506714,2.971400022506714,2.990000009536743,2.950000047683716,2.9700000286102295,13981.0
2024-03-01 14:46:00,ADMA,5.53000020980835,5.53000020980835,5.534999847412109,5.53000020980835,5.53000020980835,1687.0
2024-03-01 14:46:00,ADPT,4.09499979019165,4.09499979019165,4.099999904632568,4.090000152587891,4.090000152587891,1760.0
2024-03-01 14:46:00,ADVM,1.9800000190734863,1.9800000190734863,1.9800000190734863,1.975000023841858,1.9800000190734863,2209.0
2024-03-01 14:46:00,AFMD,0.6728000044822693,0.6728000044822693,0.6728000044822693,0.6727499961853027,0.6727499961853027,2526.0
2024-03-01 14:46:00,AGEN,0.6700500249862671,0.6700500249862671,0.6700999736785889,0.6700000166893005,0.6700500249862671,6555.0
2024-03-01 14:46:00,AGIO,32.400001525878906,32.400001525878906,32.435001373291016,32.400001525878906,32.435001373291016,1440.0
2024-03-01 14:46:00,AHCO,10.505000114440918,10.505000114440918,10.505000114440918,10.505000114440918,10.505000114440918,800.0
2024-03-01 14:46:00,AIRS,6.420000076293945,6.420000076293945,6.429999828338623,6.409999847412109,6.409999847412109,1236.0
2024-03-01 14:46:00,AKBA,1.684999942779541,1.684999942779541,1.684999942779541,1.684999942779541,1.684999942779541,700.0
2024-03-01 14:46:00,AKRO,28.8700008392334,28.8700008392334,28.93000030517578,28.8700008392334,28.899999618530273,2077.0
2024-03-01 14:46:00,ALDX,4.300000190734863,4.300000190734863,4.304999828338623,4.294099807739258,4.294099807739258,5958.0
2024-03-01 14:46:00,ALEC,7.465000152587891,7.465000152587891,7.465000152587891,7.465000152587891,7.465000152587891,907.0
2024-03-01 14:46:00,ALHC,5.699999809265137,5.699999809265137,5.710000038146973,5.690000057220459,5.710000038146973,9238.0
2024-03-01 14:46:00,ALKS,30.299999237060547,30.299999237060547,30.299999237060547,30.260000228881836,30.270000457763672,9942.0
2024-03-01 14:46:00,ALLK,1.6799999475479126,1.6799999475479126,1.6799999475479126,1.6749999523162842,1.6799999475479126,427.0
2024-03-01 14:46:00,ALLO,5.010000228881836,5.010000228881836,5.025000095367432,5.010000228881836,5.025000095367432,3631.0
2024-03-01 14:46:00,ALNY,153.4949951171875,153.4949951171875,153.4949951171875,153.4949951171875,153.4949951171875,303.0
2024-03-01 14:46:00,ALPN,35.75,35.75,35.779998779296875,35.75,35.779998779296875,986.0
2024-03-01 14:46:00,ALT,12.085000038146973,12.085000038146973,12.085000038146973,12.074999809265137,12.079999923706055,1476.0
2024-03-01 14:46:00,ALVR,0.7501000165939331,0.7501000165939331,0.7501000165939331,0.7501000165939331,0.7501000165939331,100.0
2024-03-01 14:46:00,AMED,93.37000274658203,93.37000274658203,93.51000213623047,93.3010025024414,93.51000213623047,20795.0
2024-03-01 14:46:00,AMGN,280.8999938964844,280.8999938964844,280.8999938964844,280.739990234375,280.7749938964844,5858.0
2024-03-01 14:46:00,AMLX,18.799999237060547,18.799999237060547,18.809999465942383,18.790000915527344,18.809999465942383,4214.0
2024-03-01 14:46:00,AMPH,45.5,45.5,45.58000183105469,45.5,45.58000183105469,3409.0
2024-03-01 14:46:00,AMRN,1.0549999475479126,1.0549999475479126,1.0583000183105469,1.0549999475479126,1.0583000183105469,2100.0
2024-03-01 14:46:00,ANAB,25.399999618530273,25.399999618530273,25.399999618530273,25.3799991607666,25.3799991607666,566.0
2024-03-01 14:46:00,ANGO,5.489999771118164,5.489999771118164,5.489999771118164,5.489999771118164,5.489999771118164,283.0
2024-03-01 14:46:00,ANIP,66.69999694824219,66.69999694824219,66.76000213623047,66.62000274658203,66.76000213623047,710.0
2024-03-01 14:46:00,ANNX,6.074999809265137,6.074999809265137,6.074999809265137,6.070000171661377,6.070000171661377,261.0
2024-03-01 14:46:00,APLS,64.03500366210938,64.03500366210938,64.05999755859375,64.0199966430664,64.05999755859375,3448.0
2024-03-01 14:46:00,APLT,7.059999942779541,7.059999942779541,7.059999942779541,7.039999961853027,7.039999961853027,7168.0
2024-03-01 14:46:00,AQST,4.119999885559082,4.119999885559082,4.170000076293945,4.119999885559082,4.170000076293945,18263.0
2024-03-01 14:46:00,ARCT,39.63999938964844,39.63999938964844,39.63999938964844,39.63999938964844,39.63999938964844,144.0
2024-03-01 14:46:00,ARQT,11.59000015258789,11.59000015258789,11.619999885559082,11.579999923706055,11.619999885559082,10222.0
2024-03-01 14:46:00,ARVN,48.54999923706055,48.54999923706055,48.54999923706055,48.47999954223633,48.47999954223633,388.0
2024-03-01 14:46:00,ARWR,35.11600112915039,35.11600112915039,35.119998931884766,35.095001220703125,35.119998931884766,2844.0
2024-03-01 14:46:00,ASND,153.3699951171875,153.3699951171875,153.3699951171875,153.3699951171875,153.3699951171875,136.0
2024-03-01 14:46:00,ASRT,0.88919997215271,0.88919997215271,0.88919997215271,0.88919997215271,0.88919997215271,1000.0
2024-03-01 14:46:00,ATAI,2.1600000858306885,2.1600000858306885,2.1649999618530273,2.1600000858306885,2.1649999618530273,4608.0
2024-03-01 14:46:00,ATEC,13.444999694824219,13.444999694824219,13.444999694824219,13.4399995803833,13.444999694824219,881.0
2024-03-01 14:46:00,ATRA,0.791700005531311,0.791700005531311,0.7950000166893005,0.791700005531311,0.7944999933242798,1500.0
2024-03-01 14:46:00,ATXS,14.96500015258789,14.96500015258789,14.979999542236328,14.96500015258789,14.979999542236328,1172.0
2024-03-01 14:46:00,AUGX,4.550000190734863,4.550000190734863,4.550000190734863,4.550000190734863,4.550000190734863,176.0
2024-03-01 14:46:00,AURA,9.319999694824219,9.319999694824219,9.319999694824219,9.319999694824219,9.319999694824219,676.0
2024-03-01 14:46:00,AUTL,6.295000076293945,6.295000076293945,6.300000190734863,6.289999961853027,6.300000190734863,588.0
2024-03-01 14:46:00,AVDL,13.300000190734863,13.300000190734863,13.305000305175781,13.300000190734863,13.305000305175781,3414.0
2024-03-01 14:46:00,AVIR,4.454999923706055,4.454999923706055,4.46999979019165,4.454999923706055,4.46999979019165,3222.0
2024-03-01 14:46:00,AVXL,5.375,5.375,5.375,5.375,5.375,100.0
2024-03-01 14:46:00,AXGN,10.53499984741211,10.53499984741211,10.53499984741211,10.53499984741211,10.53499984741211,414.0
2024-03-01 14:46:00,AZN,64.69999694824219,64.69999694824219,64.69999694824219,64.69000244140625,64.69000244140625,2893.0
2024-03-01 14:46:00,AZTA,66.91000366210938,66.91000366210938,66.91000366210938,66.91000366210938,66.91000366210938,100.0
2024-03-01 14:46:00,BBIO,35.869998931884766,35.869998931884766,35.900001525878906,35.869998931884766,35.900001525878906,1195.0
2024-03-01 14:46:00,BCAB,2.7911999225616455,2.7911999225616455,2.7950000762939453,2.7911999225616455,2.7950000762939453,322.0
2024-03-01 14:46:00,BCDA,0.57669997215271,0.57669997215271,0.57669997215271,0.57669997215271,0.57669997215271,5000.0
2024-03-01 14:46:00,BCEL,0.2653000056743622,0.2653000056743622,0.2653999924659729,0.2653000056743622,0.2653999924659729,600.0
2024-03-01 14:46:00,BCRX,5.724999904632568,5.724999904632568,5.724999904632568,5.715000152587891,5.715000152587891,9400.0
2024-03-01 14:46:00,BEAM,39.85499954223633,39.85499954223633,39.869998931884766,39.814998626708984,39.81999969482422,6180.0
2024-03-01 14:46:00,BGNE,166.39999389648438,166.39999389648438,166.39999389648438,166.39999389648438,166.39999389648438,239.0
2024-03-01 14:46:00,BGXX,0.25325000286102295,0.25325000286102295,0.25325000286102295,0.25325000286102295,0.25325000286102295,100.0
2024-03-01 14:46:00,BIIB,221.27000427246094,221.27000427246094,221.3874969482422,220.91749572753906,220.98500061035156,11193.0
2024-03-01 14:46:00,BIOL,0.14390000700950623,0.14390000700950623,0.14390000700950623,0.14390000700950623,0.14390000700950623,101.0
2024-03-01 14:46:00,BIVI,2.0350000858306885,2.0350000858306885,2.0999999046325684,2.0199999809265137,2.089900016784668,101816.0
2024-03-01 14:46:00,BLFS,18.040000915527344,18.040000915527344,18.040000915527344,18.040000915527344,18.040000915527344,100.0
2024-03-01 14:46:00,BLUE,1.589900016784668,1.589900016784668,1.589900016784668,1.5800000429153442,1.5894999504089355,6230.0
2024-03-01 14:46:00,BMEA,18.219999313354492,18.219999313354492,18.219999313354492,18.219999313354492,18.219999313354492,345.0
2024-03-01 14:46:00,BMRA,1.2000000476837158,1.2000000476837158,1.2000000476837158,1.2000000476837158,1.2000000476837158,100.0
2024-03-01 14:46:00,BMRN,88.08999633789062,88.08999633789062,88.1500015258789,88.08999633789062,88.1500015258789,6705.0
2024-03-01 14:46:00,BNGO,1.2599999904632568,1.2599999904632568,1.2599999904632568,1.2599999904632568,1.2599999904632568,500.0
2024-03-01 14:46:00,BNTC,5.239999771118164,5.239999771118164,5.239999771118164,5.239999771118164,5.239999771118164,1815.0
2024-03-01 14:46:00,BPMC,96.36499786376953,96.36499786376953,96.4800033569336,96.33000183105469,96.4000015258789,2649.0
2024-03-01 14:46:00,BRKR,88.61000061035156,88.61000061035156,88.61000061035156,88.61000061035156,88.61000061035156,567.0
2024-03-01 14:46:00,BRTX,1.5224000215530396,1.5224000215530396,1.5224000215530396,1.5224000215530396,1.5224000215530396,625.0
2024-03-01 14:46:00,BTAI,3.2049999237060547,3.2049999237060547,3.2149999141693115,3.2049999237060547,3.2149999141693115,10294.0
2024-03-01 14:46:00,CAPR,4.534999847412109,4.534999847412109,4.559999942779541,4.534999847412109,4.559999942779541,418.0
2024-03-01 14:46:00,CARA,0.9588000178337097,0.9588000178337097,0.9593999981880188,0.9574999809265137,0.9588000178337097,2897.0
2024-03-01 14:46:00,CBAY,32.22999954223633,32.22999954223633,32.22999954223633,32.229000091552734,32.22999954223633,770.0
2024-03-01 14:46:00,CCCC,11.0600004196167,11.0600004196167,11.074999809265137,11.0600004196167,11.0649995803833,4377.0
2024-03-01 14:46:00,CCRN,18.309999465942383,18.309999465942383,18.309999465942383,18.309999465942383,18.309999465942383,449.0
2024-03-01 14:46:00,CDNA,12.420000076293945,12.420000076293945,12.420000076293945,12.420000076293945,12.420000076293945,709.0
2024-03-01 14:46:00,CDXS,4.550000190734863,4.550000190734863,4.554999828338623,4.550000190734863,4.550000190734863,1501.0
2024-03-01 14:46:00,CELC,17.1200008392334,17.1200008392334,17.1200008392334,17.1200008392334,17.1200008392334,300.0
2024-03-01 14:46:00,CERE,41.05500030517578,41.05500030517578,41.05500030517578,41.04999923706055,41.05500030517578,694.0
2024-03-01 14:46:00,CERS,2.174999952316284,2.174999952316284,2.180000066757202,2.174999952316284,2.180000066757202,416.0
2024-03-01 14:46:00,CERT,18.18000030517578,18.18000030517578,18.18000030517578,18.18000030517578,18.18000030517578,798.0
2024-03-01 14:46:00,CGC,3.2149999141693115,3.2149999141693115,3.2149999141693115,3.20989990234375,3.2100000381469727,16736.0
2024-03-01 14:46:00,CGEN,2.6600000858306885,2.6600000858306885,2.6600000858306885,2.6600000858306885,2.6600000858306885,174.0
2024-03-01 14:46:00,CHRS,2.440000057220459,2.440000057220459,2.450000047683716,2.4398999214172363,2.450000047683716,23819.0
2024-03-01 14:46:00,CLDX,52.22999954223633,52.22999954223633,52.3650016784668,52.22999954223633,52.3650016784668,5520.0
2024-03-01 14:46:00,CLNN,0.38499999046325684,0.38499999046325684,0.38499999046325684,0.38499999046325684,0.38499999046325684,510.0
2024-03-01 14:46:00,CLOV,0.8661999702453613,0.8661999702453613,0.866599977016449,0.8651000261306763,0.865149974822998,109959.0
2024-03-01 14:46:00,CLPT,6.539999961853027,6.539999961853027,6.539999961853027,6.513000011444092,6.513000011444092,866.0
2024-03-01 14:46:00,CLRB,4.109000205993652,4.109000205993652,4.114999771118164,4.109000205993652,4.114999771118164,7747.0
2024-03-01 14:46:00,CLVR,3.990000009536743,3.990000009536743,3.990000009536743,3.990000009536743,3.990000009536743,100.0
2024-03-01 14:46:00,CMPS,11.8149995803833,11.8149995803833,11.819999694824219,11.800100326538086,11.819000244140625,2091.0
2024-03-01 14:46:00,CMRX,1.1950000524520874,1.1950000524520874,1.1950000524520874,1.1950000524520874,1.1950000524520874,200.0
2024-03-01 14:46:00,COGT,7.195000171661377,7.195000171661377,7.199999809265137,7.195000171661377,7.199999809265137,2055.0
2024-03-01 14:46:00,CORT,24.219999313354492,24.219999313354492,24.219999313354492,24.184999465942383,24.184999465942383,7398.0
2024-03-01 14:46:00,CPRX,17.239299774169922,17.239299774169922,17.2549991607666,17.219999313354492,17.235000610351562,8851.0
2024-03-01 14:46:00,CRBP,32.630001068115234,32.630001068115234,32.630001068115234,32.630001068115234,32.630001068115234,151.0
2024-03-01 14:46:00,CRBU,7.864999771118164,7.864999771118164,7.864999771118164,7.860000133514404,7.864999771118164,783.0
2024-03-01 14:46:00,CRDF,2.779900074005127,2.779900074005127,2.869999885559082,2.7300000190734863,2.8698999881744385,324249.0
2024-03-01 14:46:00,CRMD,3.6710000038146973,3.6710000038146973,3.6710000038146973,3.6700000762939453,3.6700000762939453,875.0
2024-03-01 14:46:00,CRON,2.0399999618530273,2.0399999618530273,2.0399999618530273,2.0339999198913574,2.0350000858306885,1491.0
2024-03-01 14:46:00,CRSP,85.20999908447266,85.20999908447266,85.20999908447266,85.20999908447266,85.20999908447266,246.0
2024-03-01 14:46:00,CSTL,19.805700302124023,19.805700302124023,19.805700302124023,19.805700302124023,19.805700302124023,314.0
2024-03-01 14:46:00,CTKB,8.970000267028809,8.970000267028809,8.970000267028809,8.970000267028809,8.970000267028809,408.0
2024-03-01 14:46:00,CTMX,2.5199999809265137,2.5199999809265137,2.5350000858306885,2.5199999809265137,2.5250000953674316,3350.0
2024-03-01 14:46:00,CTXR,0.7703999876976013,0.7703999876976013,0.7739999890327454,0.7703999876976013,0.7739999890327454,1108.0
2024-03-01 14:46:00,CUTR,2.390000104904175,2.390000104904175,2.390000104904175,2.390000104904175,2.390000104904175,760.0
2024-03-01 14:46:00,CVAC,3.4649999141693115,3.4649999141693115,3.4749999046325684,3.4649999141693115,3.4749999046325684,2234.0
2024-03-01 14:46:00,CYTK,73.5199966430664,73.5199966430664,73.55500030517578,73.5199966430664,73.55000305175781,1534.0
2024-03-01 14:46:00,DCGO,4.119999885559082,4.119999885559082,4.125,4.119999885559082,4.125,1236.0
2024-03-01 14:46:00,DCPH,17.56999969482422,17.56999969482422,17.65999984741211,17.56999969482422,17.645000457763672,14598.0
2024-03-01 14:46:00,DH,8.890000343322754,8.890000343322754,8.890000343322754,8.890000343322754,8.890000343322754,548.0
2024-03-01 14:46:00,DMTK,0.8498989939689636,0.8498989939689636,0.8500000238418579,0.8449490070343018,0.8499000072479248,12085.0
2024-03-01 14:46:00,DNLI,21.239999771118164,21.239999771118164,21.239999771118164,21.239999771118164,21.239999771118164,668.0
2024-03-01 14:46:00,DSGN,2.884999990463257,2.884999990463257,2.884999990463257,2.880000114440918,2.884999990463257,538.0
2024-03-01 14:46:00,DTIL,12.470000267028809,12.470000267028809,12.470000267028809,12.470000267028809,12.470000267028809,913.0
2024-03-01 14:46:00,DVAX,12.835000038146973,12.835000038146973,12.835000038146973,12.829999923706055,12.829999923706055,1655.0
2024-03-01 14:46:00,DXCM,121.3499984741211,121.3499984741211,121.37000274658203,121.31999969482422,121.3499984741211,4295.0
2024-03-01 14:46:00,DYN,29.0,29.0,29.0,29.0,29.0,479.0
2024-03-01 14:46:00,EDIT,10.8149995803833,10.8149995803833,10.829999923706055,10.8149995803833,10.829999923706055,1007.0
2024-03-01 14:46:00,EFTR,15.899999618530273,15.899999618530273,15.899999618530273,15.899999618530273,15.899999618530273,351.0
2024-03-01 14:46:00,EGRX,6.650000095367432,6.650000095367432,6.659999847412109,6.650000095367432,6.650100231170654,1471.0
2024-03-01 14:46:00,EKSO,2.0000998973846436,2.0000998973846436,2.0000998973846436,2.0000998973846436,2.0000998973846436,1542.0
2024-03-01 14:46:00,ELEV,5.099999904632568,5.099999904632568,5.099999904632568,5.099999904632568,5.099999904632568,247.0
2024-03-01 14:46:00,EMBC,14.300000190734863,14.300000190734863,14.305000305175781,14.300000190734863,14.300000190734863,851.0
2024-03-01 14:46:00,ENTA,15.524999618530273,15.524999618530273,15.524999618530273,15.494999885559082,15.494999885559082,263.0
2024-03-01 14:46:00,ENVB,1.5533000230789185,1.5533000230789185,1.559999942779541,1.5499999523162842,1.5507999658584595,5512.0
2024-03-01 14:46:00,EOLS,14.789999961853027,14.789999961853027,14.789999961853027,14.789999961853027,14.789999961853027,523.0
2024-03-01 14:46:00,EPIX,9.449999809265137,9.449999809265137,9.449999809265137,9.449999809265137,9.449999809265137,170.0
2024-03-01 14:46:00,ERAS,2.515000104904175,2.515000104904175,2.515000104904175,2.515000104904175,2.515000104904175,555.0
2024-03-01 14:46:00,ESPR,2.555000066757202,2.555000066757202,2.555000066757202,2.549999952316284,2.549999952316284,9133.0
2024-03-01 14:46:00,ESTA,44.5,44.5,44.59000015258789,44.5,44.5,6366.0
2024-03-01 14:46:00,ETNB,12.930000305175781,12.930000305175781,12.930000305175781,12.890000343322754,12.899999618530273,4741.0
2024-03-01 14:46:00,EVGN,0.9700000286102295,0.9700000286102295,0.9700000286102295,0.9700000286102295,0.9700000286102295,800.0
2024-03-01 14:46:00,EWTX,17.030000686645508,17.030000686645508,17.030000686645508,17.010000228881836,17.010000228881836,6996.0
2024-03-01 14:46:00,EXAI,6.670000076293945,6.670000076293945,6.670000076293945,6.670000076293945,6.670000076293945,241.0
2024-03-01 14:46:00,EXAS,59.790000915527344,59.790000915527344,59.81999969482422,59.7599983215332,59.790000915527344,2360.0
2024-03-01 14:46:00,EXEL,22.41990089416504,22.41990089416504,22.424999237060547,22.40999984741211,22.424999237060547,2215.0
2024-03-01 14:46:00,EYEN,2.3949999809265137,2.3949999809265137,2.3949999809265137,2.3949999809265137,2.3949999809265137,171.0
2024-03-01 14:46:00,EYPT,27.950000762939453,27.950000762939453,27.959999084472656,27.950000762939453,27.959999084472656,731.0
2024-03-01 14:46:00,FATE,7.764999866485596,7.764999866485596,7.764999866485596,7.760000228881836,7.760000228881836,1801.0
2024-03-01 14:46:00,FGEN,1.8350000381469727,1.8350000381469727,1.837399959564209,1.8300000429153442,1.8350000381469727,2763.0
2024-03-01 14:46:00,FOLD,13.3100004196167,13.3100004196167,13.319999694824219,13.3100004196167,13.3149995803833,1241.0
2024-03-01 14:46:00,FUSN,12.229999542236328,12.229999542236328,12.229999542236328,12.225000381469727,12.225000381469727,272.0
2024-03-01 14:46:00,FWBI,8.899999618530273,8.899999618530273,8.899999618530273,8.899999618530273,8.899999618530273,744.0
2024-03-01 14:46:00,GBIO,2.619999885559082,2.619999885559082,2.619999885559082,2.619999885559082,2.619999885559082,1570.0
2024-03-01 14:46:00,GCTK,0.3125,0.3125,0.3125,0.3100000023841858,0.3100000023841858,5696.0
2024-03-01 14:46:00,GDRX,8.460000038146973,8.460000038146973,8.460000038146973,8.451199531555176,8.451199531555176,1825.0
2024-03-01 14:46:00,GEG,1.9900000095367432,1.9900000095367432,1.9900000095367432,1.9900000095367432,1.9900000095367432,2366.0
2024-03-01 14:46:00,GENE,2.3399999141693115,2.3399999141693115,2.3399999141693115,2.3399999141693115,2.3399999141693115,298.0
2024-03-01 14:46:00,GERN,2.244999885559082,2.244999885559082,2.244999885559082,2.240000009536743,2.240000009536743,5991.0
2024-03-01 14:46:00,GH,19.079999923706055,19.079999923706055,19.09830093383789,19.079999923706055,19.09830093383789,2274.0
2024-03-01 14:46:00,GHSI,8.289999961853027,8.289999961853027,8.289999961853027,8.289999961853027,8.289999961853027,1740.0
2024-03-01 14:46:00,GILD,72.53500366210938,72.53500366210938,72.54000091552734,72.51000213623047,72.51499938964844,8404.0
2024-03-01 14:46:00,GLSI,12.600000381469727,12.600000381469727,12.654999732971191,12.600000381469727,12.654999732971191,608.0
2024-03-01 14:46:00,GLTO,0.7960000038146973,0.7960000038146973,0.8125,0.7960000038146973,0.8100000023841858,34085.0
2024-03-01 14:46:00,GMAB,29.399999618530273,29.399999618530273,29.409500122070312,29.399999618530273,29.409500122070312,547.0
2024-03-01 14:46:00,GMDA,0.3819499909877777,0.3819499909877777,0.3819499909877777,0.3802010118961334,0.3802010118961334,375.0
2024-03-01 14:46:00,GOSS,1.4149999618530273,1.4149999618530273,1.4199999570846558,1.4149999618530273,1.4199999570846558,1418.0
2024-03-01 14:46:00,GOVX,2.558000087738037,2.558000087738037,2.558000087738037,2.558000087738037,2.558000087738037,253.0
2024-03-01 14:46:00,GRFS,7.005000114440918,7.005000114440918,7.005000114440918,7.005000114440918,7.005000114440918,234.0
2024-03-01 14:46:00,GRTS,2.075000047683716,2.075000047683716,2.0799999237060547,2.075000047683716,2.079200029373169,7115.0
2024-03-01 14:46:00,GRTX,0.2329999953508377,0.2329999953508377,0.2329999953508377,0.2329999953508377,0.2329999953508377,2558.0
2024-03-01 14:46:00,GTHX,3.7850000858306885,3.7850000858306885,3.809999942779541,3.7699999809265137,3.809999942779541,19078.0
2024-03-01 14:46:00,HALO,41.22999954223633,41.22999954223633,41.2401008605957,41.21139907836914,41.2401008605957,2847.0
2024-03-01 14:46:00,HARP,22.94499969482422,22.94499969482422,22.94499969482422,22.94499969482422,22.94499969482422,702.0
2024-03-01 14:46:00,HCAT,8.170000076293945,8.170000076293945,8.175000190734863,8.170000076293945,8.175000190734863,506.0
2024-03-01 14:46:00,HCM,15.225000381469727,15.225000381469727,15.225000381469727,15.225000381469727,15.225000381469727,101.0
2024-03-01 14:46:00,HCSG,12.760000228881836,12.760000228881836,12.760000228881836,12.760000228881836,12.760000228881836,725.0
2024-03-01 14:46:00,HCTI,2.0299999713897705,2.0299999713897705,2.049999952316284,2.0299999713897705,2.0488998889923096,1319.0
2024-03-01 14:46:00,HOLX,74.37999725341797,74.37999725341797,74.37999725341797,74.37000274658203,74.37999725341797,1940.0
2024-03-01 14:46:00,HQY,81.41500091552734,81.41500091552734,81.41500091552734,81.41500091552734,81.41500091552734,250.0
2024-03-01 14:46:00,HRTX,2.609999895095825,2.609999895095825,2.609999895095825,2.609999895095825,2.609999895095825,398.0
2024-03-01 14:46:00,HSIC,76.83000183105469,76.83000183105469,76.88500213623047,76.83000183105469,76.88500213623047,1638.0
2024-03-01 14:46:00,HUMA,3.180000066757202,3.180000066757202,3.180000066757202,3.174999952316284,3.174999952316284,2170.0
2024-03-01 14:46:00,IART,36.290000915527344,36.290000915527344,36.29999923706055,36.290000915527344,36.29999923706055,1407.0
2024-03-01 14:46:00,IBRX,4.855000019073486,4.855000019073486,4.855000019073486,4.855000019073486,4.855000019073486,368.0
2024-03-01 14:46:00,ICCM,1.309999942779541,1.309999942779541,1.309999942779541,1.309999942779541,1.309999942779541,200.0
2024-03-01 14:46:00,ICLR,324.7799987792969,324.7799987792969,324.79998779296875,324.67999267578125,324.67999267578125,789.0
2024-03-01 14:46:00,ICUI,106.24500274658203,106.24500274658203,106.26000213623047,106.24500274658203,106.26000213623047,666.0
2024-03-01 14:46:00,IDXX,579.4359130859375,579.4359130859375,579.4359130859375,579.4359130859375,579.4359130859375,225.0
2024-03-01 14:46:00,IDYA,46.505001068115234,46.505001068115234,46.599998474121094,46.459999084472656,46.599998474121094,10863.0
2024-03-01 14:46:00,IINN,1.6799999475479126,1.6799999475479126,1.6799999475479126,1.6799999475479126,1.6799999475479126,8008.0
2024-03-01 14:46:00,IKNA,1.4850000143051147,1.4850000143051147,1.4850000143051147,1.4850000143051147,1.4850000143051147,100.0
2024-03-01 14:46:00,ILMN,141.32000732421875,141.32000732421875,141.3249969482422,141.32000732421875,141.3249969482422,302.0
2024-03-01 14:46:00,IMAB,1.7999999523162842,1.7999999523162842,1.7999999523162842,1.7999999523162842,1.7999999523162842,201.0
2024-03-01 14:46:00,IMCR,68.02999877929688,68.02999877929688,68.02999877929688,68.0,68.0,256.0
2024-03-01 14:46:00,IMMP,2.3299999237060547,2.3299999237060547,2.3299999237060547,2.3299999237060547,2.3299999237060547,267.0
2024-03-01 14:46:00,IMMX,3.505000114440918,3.505000114440918,3.505000114440918,3.5000998973846436,3.5000998973846436,200.0
2024-03-01 14:46:00,IMNM,25.399999618530273,25.399999618530273,25.399999618530273,25.399999618530273,25.399999618530273,210.0
2024-03-01 14:46:00,IMUX,1.475000023841858,1.475000023841858,1.475000023841858,1.475000023841858,1.475000023841858,247.0
2024-03-01 14:46:00,IMVT,35.65999984741211,35.65999984741211,35.665000915527344,35.65999984741211,35.665000915527344,547.0
2024-03-01 14:46:00,INCY,59.0,59.0,59.029998779296875,59.0,59.020999908447266,2074.0
2024-03-01 14:46:00,INGN,6.739999771118164,6.739999771118164,6.752500057220459,6.739999771118164,6.75,1343.0
2024-03-01 14:46:00,INMD,22.850000381469727,22.850000381469727,22.8799991607666,22.850000381469727,22.8799991607666,2405.0
2024-03-01 14:46:00,INO,9.655500411987305,9.655500411987305,9.655500411987305,9.655500411987305,9.655500411987305,687.0
2024-03-01 14:46:00,INSM,28.03499984741211,28.03499984741211,28.049999237060547,28.03499984741211,28.049999237060547,1433.0
2024-03-01 14:46:00,INVO,1.2000000476837158,1.2000000476837158,1.2000000476837158,1.2000000476837158,1.2000000476837158,0.0
2024-03-01 14:46:00,INZY,6.590000152587891,6.590000152587891,6.610000133514404,6.579999923706055,6.610000133514404,9363.0
2024-03-01 14:46:00,IONS,45.93000030517578,45.93000030517578,45.93000030517578,45.93000030517578,45.93000030517578,336.0
2024-03-01 14:46:00,IOVA,16.989999771118164,16.989999771118164,16.9950008392334,16.989999771118164,16.990100860595703,4494.0
2024-03-01 14:46:00,IRMD,41.404998779296875,41.404998779296875,41.404998779296875,41.404998779296875,41.404998779296875,451.0
2024-03-01 14:46:00,IRTC,120.96499633789062,120.96499633789062,120.96499633789062,120.96499633789062,120.96499633789062,159.0
2024-03-01 14:46:00,IRWD,8.989899635314941,8.989899635314941,9.005000114440918,8.979999542236328,8.994999885559082,66641.0
2024-03-01 14:46:00,ISRG,396.8699951171875,396.8699951171875,396.8800048828125,396.7900085449219,396.8399963378906,2840.0
2024-03-01 14:46:00,ITCI,71.94750213623047,71.94750213623047,71.95999908447266,71.88999938964844,71.94499969482422,5746.0
2024-03-01 14:46:00,IVVD,3.9800000190734863,3.9800000190734863,3.9800000190734863,3.9700000286102295,3.9800000190734863,2367.0
2024-03-01 14:46:00,IXHL,5.420000076293945,5.420000076293945,5.445000171661377,5.420000076293945,5.420000076293945,1100.0
2024-03-01 14:46:00,JAGX,0.08739999681711197,0.08739999681711197,0.08749999850988388,0.0860000029206276,0.08609999716281891,420350.0
2024-03-01 14:46:00,JANX,46.03499984741211,46.03499984741211,46.099998474121094,45.970001220703125,46.04999923706055,4608.0
2024-03-01 14:46:00,JAZZ,118.9000015258789,118.9000015258789,118.9000015258789,118.77010345458984,118.77010345458984,564.0
2024-03-01 14:46:00,JSPR,21.530000686645508,21.530000686645508,21.530000686645508,21.520000457763672,21.520000457763672,320.0
2024-03-01 14:46:00,KALV,14.15999984741211,14.15999984741211,14.15999984741211,14.15999984741211,14.15999984741211,101.0
2024-03-01 14:46:00,KIDS,27.700000762939453,27.700000762939453,27.700000762939453,27.700000762939453,27.700000762939453,233.0
2024-03-01 14:46:00,KNTE,2.609999895095825,2.609999895095825,2.619999885559082,2.6050000190734863,2.6050000190734863,5806.0
2024-03-01 14:46:00,KOD,6.039999961853027,6.039999961853027,6.039999961853027,6.039999961853027,6.039999961853027,406.0
2024-03-01 14:46:00,KPTI,1.1649999618530273,1.1649999618530273,1.1649999618530273,1.1649999618530273,1.1649999618530273,688.0
2024-03-01 14:46:00,KRTX,315.7950134277344,315.7950134277344,315.8699951171875,315.7950134277344,315.8699951171875,324.0
2024-03-01 14:46:00,KRYS,169.2100067138672,169.2100067138672,169.2100067138672,168.97999572753906,168.97999572753906,373.0
2024-03-01 14:46:00,KTRA,0.10170000046491623,0.10170000046491623,0.10170000046491623,0.10170000046491623,0.10170000046491623,167.0
2024-03-01 14:46:00,KURA,21.889999389648438,21.889999389648438,21.889999389648438,21.889999389648438,21.889999389648438,434.0
2024-03-01 14:46:00,KYMR,43.95500183105469,43.95500183105469,43.95500183105469,43.939998626708984,43.939998626708984,690.0
2024-03-01 14:46:00,KZR,1.0686999559402466,1.0686999559402466,1.0700000524520874,1.0686999559402466,1.0700000524520874,237.0
2024-03-01 14:46:00,LAB,2.4700000286102295,2.4700000286102295,2.4700000286102295,2.4649999141693115,2.4700000286102295,1149.0
2024-03-01 14:46:00,LBPH,21.690000534057617,21.690000534057617,21.71500015258789,21.690000534057617,21.690099716186523,610.0
2024-03-01 14:46:00,LEXX,2.8006999492645264,2.8006999492645264,2.8006999492645264,2.8006999492645264,2.8006999492645264,1235.0
2024-03-01 14:46:00,LFMD,7.960000038146973,7.960000038146973,7.960000038146973,7.960000038146973,7.960000038146973,241.0
2024-03-01 14:46:00,LFST,7.704999923706055,7.704999923706055,7.710000038146973,7.704999923706055,7.710000038146973,3469.0
2024-03-01 14:46:00,LGND,78.12000274658203,78.12000274658203,78.12000274658203,78.12000274658203,78.12000274658203,117.0
2024-03-01 14:46:00,LNTH,64.58999633789062,64.58999633789062,64.58999633789062,64.58999633789062,64.58999633789062,314.0
2024-03-01 14:46:00,LQDA,14.635000228881836,14.635000228881836,14.635000228881836,14.635000228881836,14.635000228881836,128.0
2024-03-01 14:46:00,LTRN,4.305300235748291,4.305300235748291,4.305300235748291,4.300000190734863,4.300000190734863,5200.0
2024-03-01 14:46:00,LUNG,9.5,9.5,9.5,9.470000267028809,9.470000267028809,5441.0
2024-03-01 14:46:00,LVTX,2.7799999713897705,2.7799999713897705,2.7799999713897705,2.7799999713897705,2.7799999713897705,275.0
2024-03-01 14:46:00,LXRX,2.5,2.5,2.5,2.494999885559082,2.494999885559082,498.0
2024-03-01 14:46:00,LYEL,3.1549999713897705,3.1549999713897705,3.1549999713897705,3.1549999713897705,3.1549999713897705,616.0
2024-03-01 14:46:00,MACK,14.699999809265137,14.699999809265137,14.699999809265137,14.699999809265137,14.699999809265137,114.0
2024-03-01 14:46:00,MASI,127.66000366210938,127.66000366210938,127.66500091552734,127.58999633789062,127.58999633789062,447.0
2024-03-01 14:46:00,MCRB,1.2300000190734863,1.2300000190734863,1.2300000190734863,1.2200000286102295,1.22160005569458,1620.0
2024-03-01 14:46:00,MDRX,6.019999980926514,6.019999980926514,6.050000190734863,6.010000228881836,6.010000228881836,25076.0
2024-03-01 14:46:00,MDXG,8.664999961853027,8.664999961853027,8.670000076293945,8.664999961853027,8.670000076293945,779.0
2024-03-01 14:46:00,ME,0.5566999912261963,0.5566999912261963,0.557699978351593,0.5566999912261963,0.557699978351593,5190.0
2024-03-01 14:46:00,MEDP,402.31500244140625,402.31500244140625,402.31500244140625,402.31500244140625,402.31500244140625,375.0
2024-03-01 14:46:00,MEIP,4.199999809265137,4.199999809265137,4.199999809265137,4.199999809265137,4.199999809265137,199.0
2024-03-01 14:46:00,MGNX,18.989999771118164,18.989999771118164,19.011600494384766,18.989999771118164,19.0049991607666,1976.0
2024-03-01 14:46:00,MIRM,29.389999389648438,29.389999389648438,29.389999389648438,29.354999542236328,29.354999542236328,2575.0
2024-03-01 14:46:00,MLTX,50.84000015258789,50.84000015258789,50.95000076293945,50.79999923706055,50.95000076293945,3151.0
2024-03-01 14:46:00,MMSI,76.41999816894531,76.41999816894531,76.41999816894531,76.37000274658203,76.37000274658203,529.0
2024-03-01 14:46:00,MNKD,4.514999866485596,4.514999866485596,4.525000095367432,4.514999866485596,4.525000095367432,37528.0
2024-03-01 14:46:00,MNMD,6.199999809265137,6.199999809265137,6.199999809265137,6.199999809265137,6.199999809265137,706.0
2024-03-01 14:46:00,MNPR,0.8896999955177307,0.8896999955177307,0.8896999955177307,0.8623999953269958,0.8623999953269958,1029.0
2024-03-01 14:46:00,MODV,28.420000076293945,28.420000076293945,28.420000076293945,28.239999771118164,28.239999771118164,4448.0
2024-03-01 14:46:00,MOTS,0.6579999923706055,0.6579999923706055,0.6579999923706055,0.6579999923706055,0.6579999923706055,0.0
2024-03-01 14:46:00,MREO,4.005000114440918,4.005000114440918,4.014999866485596,4.005000114440918,4.014999866485596,2271.0
2024-03-01 14:46:00,MRNA,95.61000061035156,95.61000061035156,95.66000366210938,95.58000183105469,95.58000183105469,5769.0
2024-03-01 14:46:00,MRSN,5.974999904632568,5.974999904632568,5.980000019073486,5.974999904632568,5.974999904632568,2747.0
2024-03-01 14:46:00,MRUS,51.08000183105469,51.08000183105469,51.09000015258789,51.06999969482422,51.06999969482422,2392.0
2024-03-01 14:46:00,MRVI,7.739999771118164,7.739999771118164,7.744999885559082,7.739999771118164,7.744999885559082,611.0
2024-03-01 14:46:00,MXCT,4.739999771118164,4.739999771118164,4.744999885559082,4.739999771118164,4.744999885559082,801.0
2024-03-01 14:46:00,MYGN,22.110000610351562,22.110000610351562,22.110000610351562,22.110000610351562,22.110000610351562,188.0
2024-03-01 14:46:00,NARI,45.970001220703125,45.970001220703125,45.970001220703125,45.970001220703125,45.970001220703125,1694.0
2024-03-01 14:46:00,NBIX,131.7550048828125,131.7550048828125,131.7550048828125,131.7550048828125,131.7550048828125,831.0
2024-03-01 14:46:00,NEOG,17.344999313354492,17.344999313354492,17.360000610351562,17.344999313354492,17.360000610351562,4347.0
2024-03-01 14:46:00,NGM,1.5199999809265137,1.5199999809265137,1.524999976158142,1.5199999809265137,1.524999976158142,2617.0
2024-03-01 14:46:00,NKTR,0.7799999713897705,0.7799999713897705,0.7799999713897705,0.7799999713897705,0.7799999713897705,1006.0
2024-03-01 14:46:00,NNOX,10.800000190734863,10.800000190734863,10.8100004196167,10.770000457763672,10.789999961853027,9395.0
2024-03-01 14:46:00,NOTV,8.0,8.0,8.0,8.0,8.0,100.0
2024-03-01 14:46:00,NPCE,16.145000457763672,16.145000457763672,16.290000915527344,16.145000457763672,16.290000915527344,508.0
2024-03-01 14:46:00,NRBO,6.249899864196777,6.249899864196777,6.249899864196777,6.230000019073486,6.230000019073486,5010.0
2024-03-01 14:46:00,NRIX,13.625,13.625,13.625,13.622099876403809,13.625,708.0
2024-03-01 14:46:00,NRXP,0.43709900975227356,0.43709900975227356,0.43709900975227356,0.43709900975227356,0.43709900975227356,3454.0
2024-03-01 14:46:00,NTLA,33.45000076293945,33.45000076293945,33.470001220703125,33.45000076293945,33.470001220703125,1054.0
2024-03-01 14:46:00,NTRA,89.12000274658203,89.12000274658203,89.12000274658203,88.94999694824219,88.9800033569336,10256.0
2024-03-01 14:46:00,NUTX,0.11389999836683273,0.11389999836683273,0.11400000005960464,0.11309999972581863,0.11394999921321869,31607.0
2024-03-01 14:46:00,NUVL,87.61499786376953,87.61499786376953,87.61499786376953,87.61499786376953,87.61499786376953,458.0
2024-03-01 14:46:00,NUWE,0.5878000259399414,0.5878000259399414,0.5878000259399414,0.5878000259399414,0.5878000259399414,100.0
2024-03-01 14:46:00,NVAX,5.364999771118164,5.364999771118164,5.375,5.34499979019165,5.355000019073486,42827.0
2024-03-01 14:46:00,NVCR,16.075000762939453,16.075000762939453,16.075000762939453,16.075000762939453,16.075000762939453,699.0
2024-03-01 14:46:00,NVNO,6.4670000076293945,6.4670000076293945,6.4670000076293945,6.4670000076293945,6.4670000076293945,100.0
2024-03-01 14:46:00,NVOS,0.630299985408783,0.630299985408783,0.630299985408783,0.630299985408783,0.630299985408783,202.0
2024-03-01 14:46:00,NXTC,1.7799999713897705,1.7799999713897705,1.7799999713897705,1.7799999713897705,1.7799999713897705,100.0
2024-03-01 14:46:00,OCGN,0.9550999999046326,0.9550999999046326,0.9599000215530396,0.9549999833106995,0.9549999833106995,890.0
2024-03-01 14:46:00,OCUL,10.71500015258789,10.71500015258789,10.71500015258789,10.71500015258789,10.71500015258789,234.0
2024-03-01 14:46:00,OLK,23.024999618530273,23.024999618530273,23.059999465942383,23.020000457763672,23.059999465942383,9283.0
2024-03-01 14:46:00,OLMA,14.930000305175781,14.930000305175781,14.9399995803833,14.930000305175781,14.9399995803833,308.0
2024-03-01 14:46:00,OM,3.184999942779541,3.184999942779541,3.190000057220459,3.184999942779541,3.190000057220459,2243.0
2024-03-01 14:46:00,OMCL,26.674999237060547,26.674999237060547,26.674999237060547,26.65999984741211,26.670000076293945,462.0
2024-03-01 14:46:00,OMER,4.809999942779541,4.809999942779541,4.809999942779541,4.809999942779541,4.809999942779541,283.0
2024-03-01 14:46:00,OMGA,4.449999809265137,4.449999809265137,4.449999809265137,4.449999809265137,4.449999809265137,191.0
2024-03-01 14:46:00,ONTX,0.8119000196456909,0.8119000196456909,0.8119000196456909,0.8119000196456909,0.8119000196456909,412.0
2024-03-01 14:47:00,AADI,1.9700000286102295,1.9700000286102295,1.9700000286102295,1.9700000286102295,1.9700000286102295,100.0
2024-03-01 14:47:00,ABCL,5.11899995803833,5.11899995803833,5.11899995803833,5.110000133514404,5.110000133514404,1312.0
2024-03-01 14:47:00,ABEO,7.760000228881836,7.760000228881836,7.760000228881836,7.760000228881836,7.760000228881836,1140.0
2024-03-01 14:47:00,ABOS,4.659999847412109,4.659999847412109,4.6691999435424805,4.659999847412109,4.659999847412109,1195.0
2024-03-01 14:47:00,ABSI,5.550000190734863,5.550000190734863,5.550000190734863,5.550000190734863,5.550000190734863,3133.0
2024-03-01 14:47:00,ABUS,2.759999990463257,2.759999990463257,2.759999990463257,2.759999990463257,2.759999990463257,2842.0
2024-03-01 14:47:00,ACAD,24.059999465942383,24.059999465942383,24.06999969482422,24.059999465942383,24.059999465942383,617.0
2024-03-01 14:47:00,ACB,3.184999942779541,3.184999942779541,3.184999942779541,3.184999942779541,3.184999942779541,1255.0
2024-03-01 14:47:00,ACCD,10.069999694824219,10.069999694824219,10.069999694824219,10.069999694824219,10.069999694824219,396.0
2024-03-01 14:47:00,ACET,2.3949999809265137,2.3949999809265137,2.3949999809265137,2.390000104904175,2.390000104904175,1550.0
2024-03-01 14:47:00,ACHC,84.26000213623047,84.26000213623047,84.26000213623047,84.16999816894531,84.16999816894531,1666.0
2024-03-01 14:47:00,ACLX,68.04499816894531,68.04499816894531,68.04499816894531,68.04499816894531,68.04499816894531,242.0
2024-03-01 14:47:00,ACON,0.39969998598098755,0.39969998598098755,0.39980000257492065,0.39969998598098755,0.39980000257492065,2400.0
2024-03-01 14:47:00,ACRS,1.2300000190734863,1.2300000190734863,1.2374999523162842,1.2300000190734863,1.2300000190734863,800.0
2024-03-01 14:47:00,ADIL,2.990000009536743,2.990000009536743,3.0,2.9600000381469727,2.9800000190734863,16877.0
2024-03-01 14:47:00,ADMA,5.53000020980835,5.53000020980835,5.534999847412109,5.53000020980835,5.53000020980835,2291.0
2024-03-01 14:47:00,ADPT,4.090000152587891,4.090000152587891,4.090000152587891,4.090000152587891,4.090000152587891,315.0
2024-03-01 14:47:00,ADVM,1.9800000190734863,1.9800000190734863,1.9800000190734863,1.975000023841858,1.975000023841858,701.0
2024-03-01 14:47:00,AFMD,0.6739000082015991,0.6739000082015991,0.6739000082015991,0.6728000044822693,0.6728000044822693,4355.0
2024-03-01 14:47:00,AGEN,0.6700500249862671,0.6700500249862671,0.6700500249862671,0.6700000166893005,0.6700000166893005,1500.0
2024-03-01 14:47:00,AGIO,32.40999984741211,32.40999984741211,32.415000915527344,32.400001525878906,32.415000915527344,1216.0
2024-03-01 14:47:00,AHCO,10.505000114440918,10.505000114440918,10.505000114440918,10.505000114440918,10.505000114440918,463.0
2024-03-01 14:47:00,AIH,0.5218999981880188,0.5218999981880188,0.5218999981880188,0.5205000042915344,0.5205000042915344,600.0
2024-03-01 14:47:00,AKAN,0.2102999985218048,0.2102999985218048,0.21870000660419464,0.2102999985218048,0.21870000660419464,3969.0
2024-03-01 14:47:00,AKBA,1.684999942779541,1.684999942779541,1.690000057220459,1.6800999641418457,1.6800999641418457,2156.0
2024-03-01 14:47:00,AKLI,0.3506999909877777,0.3506999909877777,0.3506999909877777,0.3506999909877777,0.3506999909877777,100.0
2024-03-01 14:47:00,AKRO,28.84000015258789,28.84000015258789,28.889999389648438,28.84000015258789,28.889999389648438,1752.0
2024-03-01 14:47:00,ALDX,4.309999942779541,4.309999942779541,4.309999942779541,4.304999828338623,4.304999828338623,395.0
2024-03-01 14:47:00,ALHC,5.699999809265137,5.699999809265137,5.699999809265137,5.690000057220459,5.690000057220459,1720.0
2024-03-01 14:47:00,ALKS,30.299999237060547,30.299999237060547,30.299999237060547,30.280000686645508,30.295000076293945,4662.0
2024-03-01 14:47:00,ALLK,1.6749999523162842,1.6749999523162842,1.6749999523162842,1.6749999523162842,1.6749999523162842,121.0
2024-03-01 14:47:00,ALLO,5.011099815368652,5.011099815368652,5.011099815368652,5.010000228881836,5.010000228881836,374.0
2024-03-01 14:47:00,ALPN,35.75,35.75,35.779998779296875,35.720001220703125,35.720001220703125,3591.0
2024-03-01 14:47:00,ALT,12.0600004196167,12.0600004196167,12.085000038146973,12.055000305175781,12.0802001953125,5402.0
2024-03-01 14:47:00,ALVO,15.628299713134766,15.628299713134766,15.630000114440918,15.628299713134766,15.630000114440918,400.0
2024-03-01 14:47:00,ALVR,0.7512000203132629,0.7512000203132629,0.7512000203132629,0.7501000165939331,0.7501000165939331,4345.0
2024-03-01 14:47:00,ALXO,15.100000381469727,15.100000381469727,15.100000381469727,15.079999923706055,15.079999923706055,283.0
2024-03-01 14:47:00,AMED,93.25,93.25,93.30000305175781,93.25,93.27999877929688,2180.0
2024-03-01 14:47:00,AMGN,281.07000732421875,281.07000732421875,281.0799865722656,280.875,280.875,5188.0
2024-03-01 14:47:00,AMLX,18.809999465942383,18.809999465942383,18.809999465942383,18.809999465942383,18.809999465942383,147.0
2024-03-01 14:47:00,AMPH,45.52000045776367,45.52000045776367,45.560001373291016,45.52000045776367,45.529998779296875,1728.0
2024-03-01 14:47:00,AMRN,1.0549999475479126,1.0549999475479126,1.0549999475479126,1.0549999475479126,1.0549999475479126,612.0
2024-03-01 14:47:00,ANGO,5.494999885559082,5.494999885559082,5.494999885559082,5.489999771118164,5.489999771118164,242.0
2024-03-01 14:47:00,ANIX,3.5,3.5,3.5,3.494999885559082,3.5,919.0
2024-03-01 14:47:00,ANNX,6.070000171661377,6.070000171661377,6.070000171661377,6.065000057220459,6.070000171661377,2823.0
2024-03-01 14:47:00,ANTX,3.0099000930786133,3.0099000930786133,3.0099000930786133,3.0099000930786133,3.0099000930786133,2005.0
2024-03-01 14:47:00,APDN,0.5659999847412109,0.5659999847412109,0.5659999847412109,0.5659999847412109,0.5659999847412109,330.0
2024-03-01 14:47:00,APLS,64.16000366210938,64.16000366210938,64.19999694824219,64.05000305175781,64.05000305175781,11079.0
2024-03-01 14:47:00,APLT,7.059999942779541,7.059999942779541,7.059999942779541,7.050000190734863,7.059999942779541,320.0
2024-03-01 14:47:00,AQST,4.129899978637695,4.129899978637695,4.129899978637695,4.125,4.125,3184.0
2024-03-01 14:47:00,ARCT,39.720001220703125,39.720001220703125,39.720001220703125,39.720001220703125,39.720001220703125,403.0
2024-03-01 14:47:00,ARDX,9.479900360107422,9.479900360107422,9.479900360107422,9.470000267028809,9.470000267028809,2313.0
2024-03-01 14:47:00,ARGX,392.6700134277344,392.6700134277344,392.6700134277344,392.6700134277344,392.6700134277344,359.0
2024-03-01 14:47:00,ARQT,11.595000267028809,11.595000267028809,11.59589958190918,11.59000015258789,11.59000015258789,1376.0
2024-03-01 14:47:00,ARVN,48.525001525878906,48.525001525878906,48.53499984741211,48.47999954223633,48.53499984741211,800.0
2024-03-01 14:47:00,ARWR,35.07500076293945,35.07500076293945,35.099998474121094,35.06999969482422,35.06999969482422,6802.0
2024-03-01 14:47:00,ASMB,13.149999618530273,13.149999618530273,13.149999618530273,13.149999618530273,13.149999618530273,426.0
2024-03-01 14:47:00,ASND,153.27499389648438,153.27499389648438,153.27499389648438,153.27499389648438,153.27499389648438,268.0
2024-03-01 14:47:00,ASRT,0.8841500282287598,0.8841500282287598,0.8841500282287598,0.8787999749183655,0.883899986743927,552.0
2024-03-01 14:47:00,ATAI,2.1649999618530273,2.1649999618530273,2.1698999404907227,2.1649999618530273,2.1686999797821045,758.0
2024-03-01 14:47:00,ATEC,13.430000305175781,13.430000305175781,13.4399995803833,13.430000305175781,13.4399995803833,4387.0
2024-03-01 14:47:00,ATNF,3.299999952316284,3.299999952316284,3.299999952316284,3.299999952316284,3.299999952316284,311.0
2024-03-01 14:47:00,ATOS,1.0049999952316284,1.0049999952316284,1.0099999904632568,1.0049999952316284,1.0099999904632568,279.0
2024-03-01 14:47:00,ATRA,0.7925500273704529,0.7925500273704529,0.7925999760627747,0.7925500273704529,0.7925999760627747,5407.0
2024-03-01 14:47:00,ATRC,36.040000915527344,36.040000915527344,36.060001373291016,36.040000915527344,36.060001373291016,925.0
2024-03-01 14:47:00,ATXS,14.965999603271484,14.965999603271484,14.965999603271484,14.965999603271484,14.965999603271484,500.0
2024-03-01 14:47:00,AUGX,4.559999942779541,4.559999942779541,4.559999942779541,4.559999942779541,4.559999942779541,283.0
2024-03-01 14:47:00,AUPH,5.808700084686279,5.808700084686279,5.808700084686279,5.800000190734863,5.800000190734863,1595.0
2024-03-01 14:47:00,AURA,9.3149995803833,9.3149995803833,9.3149995803833,9.3149995803833,9.3149995803833,196.0
2024-03-01 14:47:00,AUTL,6.289999961853027,6.289999961853027,6.295000076293945,6.289999961853027,6.295000076293945,209.0
2024-03-01 14:47:00,AVDL,13.300000190734863,13.300000190734863,13.300000190734863,13.300000190734863,13.300000190734863,434.0
2024-03-01 14:47:00,AVRO,1.340000033378601,1.340000033378601,1.340000033378601,1.340000033378601,1.340000033378601,100.0
2024-03-01 14:47:00,AVTE,24.05500030517578,24.05500030517578,24.05500030517578,24.05500030517578,24.05500030517578,321.0
2024-03-01 14:47:00,AVTX,4.497499942779541,4.497499942779541,4.497499942779541,4.497499942779541,4.497499942779541,1010.0
2024-03-01 14:47:00,AVXL,5.369999885559082,5.369999885559082,5.375,5.369999885559082,5.369999885559082,663.0
2024-03-01 14:47:00,AXSM,82.0999984741211,82.0999984741211,82.0999984741211,82.0999984741211,82.0999984741211,404.0
2024-03-01 14:47:00,AZN,64.69999694824219,64.69999694824219,64.69999694824219,64.69000244140625,64.69000244140625,9883.0
2024-03-01 14:47:00,AZTA,66.93499755859375,66.93499755859375,66.93499755859375,66.93499755859375,66.93499755859375,192.0
2024-03-01 14:47:00,BBIO,35.900001525878906,35.900001525878906,35.900001525878906,35.869998931884766,35.869998931884766,1724.0
2024-03-01 14:47:00,BBLG,2.490000009536743,2.490000009536743,2.490000009536743,2.490000009536743,2.490000009536743,372.0
2024-03-01 14:47:00,BCAB,2.7950000762939453,2.7950000762939453,2.799999952316284,2.7950000762939453,2.799999952316284,5592.0
2024-03-01 14:47:00,BCDA,0.5651010274887085,0.5651010274887085,0.5766029953956604,0.5649999976158142,0.5766000151634216,11008.0
2024-03-01 14:47:00,BCRX,5.724999904632568,5.724999904632568,5.730000019073486,5.724999904632568,5.724999904632568,3073.0
2024-03-01 14:47:00,BDTX,4.755000114440918,4.755000114440918,4.760000228881836,4.75,4.759200096130371,4001.0
2024-03-01 14:47:00,BEAM,39.869998931884766,39.869998931884766,39.869998931884766,39.84260177612305,39.84260177612305,554.0
2024-03-01 14:47:00,BEAT,1.5800000429153442,1.5800000429153442,1.5800000429153442,1.5800000429153442,1.5800000429153442,719.0
2024-03-01 14:47:00,BGXX,0.25589901208877563,0.25589901208877563,0.25589901208877563,0.25589901208877563,0.25589901208877563,750.0
2024-03-01 14:47:00,BIIB,221.34500122070312,221.34500122070312,221.35000610351562,221.26849365234375,221.34500122070312,1991.0
2024-03-01 14:47:00,BIVI,2.059999942779541,2.059999942779541,2.069999933242798,2.0299999713897705,2.0406999588012695,22417.0
2024-03-01 14:47:00,BLFS,18.040000915527344,18.040000915527344,18.040000915527344,18.040000915527344,18.040000915527344,674.0
2024-03-01 14:47:00,BLUE,1.5800000429153442,1.5800000429153442,1.589900016784668,1.5800000429153442,1.5800000429153442,8536.0
2024-03-01 14:47:00,BMEA,18.200000762939453,18.200000762939453,18.209999084472656,18.200000762939453,18.209999084472656,858.0
2024-03-01 14:47:00,BMRN,88.06500244140625,88.06500244140625,88.08999633789062,88.06500244140625,88.08999633789062,2356.0
2024-03-01 14:47:00,BNTX,91.08000183105469,91.08000183105469,91.08000183105469,91.08000183105469,91.08000183105469,240.0
2024-03-01 14:47:00,BPMC,96.31999969482422,96.31999969482422,96.36000061035156,96.31999969482422,96.33000183105469,994.0
2024-03-01 14:47:00,BRKR,88.63999938964844,88.63999938964844,88.63999938964844,88.61499786376953,88.61499786376953,471.0
2024-03-01 14:47:00,BTMD,5.9375,5.9375,5.9375,5.9375,5.9375,272.0
2024-03-01 14:47:00,BTTX,0.18129999935626984,0.18129999935626984,0.18479999899864197,0.18129999935626984,0.18250000476837158,705.0
2024-03-01 14:47:00,BVS,4.730000019073486,4.730000019073486,4.730000019073486,4.730000019073486,4.730000019073486,103.0
2024-03-01 14:47:00,CADL,1.7799999713897705,1.7799999713897705,1.7799999713897705,1.7400000095367432,1.7400000095367432,400.0
2024-03-01 14:47:00,CAPR,4.559999942779541,4.559999942779541,4.559999942779541,4.559999942779541,4.559999942779541,188.0
2024-03-01 14:47:00,CBAY,32.220001220703125,32.220001220703125,32.22999954223633,32.220001220703125,32.22999954223633,15168.0
2024-03-01 14:47:00,CCCC,11.0649995803833,11.0649995803833,11.0649995803833,11.055000305175781,11.0600004196167,2445.0
2024-03-01 14:47:00,CDMO,8.225000381469727,8.225000381469727,8.234999656677246,8.220000267028809,8.220000267028809,3078.0
2024-03-01 14:47:00,CDNA,12.40999984741211,12.40999984741211,12.425000190734863,12.40999984741211,12.414999961853027,2862.0
2024-03-01 14:47:00,CDXS,4.559999942779541,4.559999942779541,4.565000057220459,4.550000190734863,4.550000190734863,2195.0
2024-03-01 14:47:00,CERE,41.064998626708984,41.064998626708984,41.064998626708984,41.04999923706055,41.04999923706055,6926.0
2024-03-01 14:47:00,CERS,2.174999952316284,2.174999952316284,2.1798999309539795,2.174999952316284,2.174999952316284,1655.0
2024-03-01 14:47:00,CERT,18.165000915527344,18.165000915527344,18.165000915527344,18.165000915527344,18.165000915527344,955.0
2024-03-01 14:47:00,CGEM,18.770000457763672,18.770000457763672,18.78499984741211,18.762500762939453,18.762500762939453,739.0
2024-03-01 14:47:00,CGEN,2.6649999618530273,2.6649999618530273,2.6649999618530273,2.6649999618530273,2.6649999618530273,2010.0
2024-03-01 14:47:00,CHRS,2.43149995803833,2.43149995803833,2.43149995803833,2.43149995803833,2.43149995803833,2334.0
2024-03-01 14:47:00,CJJD,2.877700090408325,2.877700090408325,2.877700090408325,2.877700090408325,2.877700090408325,1010.0
2024-03-01 14:47:00,CLDX,52.279998779296875,52.279998779296875,52.279998779296875,52.244998931884766,52.244998931884766,2208.0
2024-03-01 14:47:00,CLOV,0.8640000224113464,0.8640000224113464,0.8664000034332275,0.8640000224113464,0.8661999702453613,68510.0
2024-03-01 14:47:00,CMPS,11.795000076293945,11.795000076293945,11.819999694824219,11.795000076293945,11.819999694824219,2490.0
2024-03-01 14:47:00,CMPX,1.8600000143051147,1.8600000143051147,1.8600000143051147,1.8600000143051147,1.8600000143051147,137.0
2024-03-01 14:47:00,COGT,7.195000171661377,7.195000171661377,7.199999809265137,7.195000171661377,7.199999809265137,421.0
2024-03-01 14:47:00,CORT,24.209999084472656,24.209999084472656,24.219999313354492,24.209999084472656,24.219999313354492,4050.0
2024-03-01 14:47:00,CPRX,17.25,17.25,17.2549991607666,17.235000610351562,17.235000610351562,3665.0
2024-03-01 14:47:00,CPSI,9.430000305175781,9.430000305175781,9.430000305175781,9.430000305175781,9.430000305175781,904.0
2024-03-01 14:47:00,CRBP,32.470001220703125,32.470001220703125,32.470001220703125,32.470001220703125,32.470001220703125,102.0
2024-03-01 14:47:00,CRBU,7.879199981689453,7.879199981689453,7.879199981689453,7.860000133514404,7.869999885559082,1817.0
2024-03-01 14:47:00,CRDF,2.799299955368042,2.799299955368042,2.819999933242798,2.759999990463257,2.7783000469207764,167398.0
2024-03-01 14:47:00,CRMD,3.680000066757202,3.680000066757202,3.680000066757202,3.680000066757202,3.680000066757202,121.0
2024-03-01 14:47:00,CRNX,46.20000076293945,46.20000076293945,46.31999969482422,46.16999816894531,46.19559860229492,3564.0
2024-03-01 14:47:00,CRON,2.0350000858306885,2.0350000858306885,2.0350000858306885,2.0299999713897705,2.0299999713897705,13101.0
2024-03-01 14:47:00,CRSP,85.2699966430664,85.2699966430664,85.2699966430664,85.2699966430664,85.2699966430664,346.0
2024-03-01 14:47:00,CSTL,19.834999084472656,19.834999084472656,19.850000381469727,19.81999969482422,19.81999969482422,1541.0
2024-03-01 14:47:00,CTKB,8.96500015258789,8.96500015258789,8.970000267028809,8.960000038146973,8.96500015258789,2588.0
2024-03-01 14:47:00,CTMX,2.509999990463257,2.509999990463257,2.5250000953674316,2.509999990463257,2.5199999809265137,6910.0
2024-03-01 14:47:00,CTXR,0.7738990187644958,0.7738990187644958,0.7738990187644958,0.7738990187644958,0.7738990187644958,129.0
2024-03-01 14:47:00,CUE,2.1700000762939453,2.1700000762939453,2.1700000762939453,2.1700000762939453,2.1700000762939453,205.0
2024-03-01 14:47:00,CUTR,2.390000104904175,2.390000104904175,2.390000104904175,2.384999990463257,2.384999990463257,700.0
2024-03-01 14:47:00,CVAC,3.4625000953674316,3.4625000953674316,3.4625000953674316,3.4625000953674316,3.4625000953674316,100.0
2024-03-01 14:47:00,CVRX,20.739999771118164,20.739999771118164,20.739999771118164,20.739999771118164,20.739999771118164,333.0
2024-03-01 14:47:00,CYTK,73.58000183105469,73.58000183105469,73.63999938964844,73.52010345458984,73.52010345458984,13274.0
2024-03-01 14:47:00,DARE,0.567300021648407,0.567300021648407,0.567300021648407,0.567300021648407,0.567300021648407,203.0
2024-03-01 14:47:00,DAWN,17.700000762939453,17.700000762939453,17.71500015258789,17.700000762939453,17.71500015258789,745.0
2024-03-01 14:47:00,DCGO,4.125,4.125,4.125,4.125,4.125,193.0
2024-03-01 14:47:00,DCPH,17.559999465942383,17.559999465942383,17.579999923706055,17.549999237060547,17.577999114990234,4021.0
2024-03-01 14:47:00,DH,8.880000114440918,8.880000114440918,8.899999618530273,8.880000114440918,8.899999618530273,657.0
2024-03-01 14:47:00,DMTK,0.8499000072479248,0.8499000072479248,0.8499000072479248,0.843500018119812,0.8499000072479248,1200.0
2024-03-01 14:47:00,DNLI,21.200000762939453,21.200000762939453,21.229999542236328,21.200000762939453,21.229999542236328,2193.0
2024-03-01 14:47:00,DRRX,1.0,1.0,1.0,1.0,1.0,101.0
2024-03-01 14:47:00,DSGN,2.880000114440918,2.880000114440918,2.880000114440918,2.880000114440918,2.880000114440918,101.0
2024-03-01 14:47:00,DVAX,12.835000038146973,12.835000038146973,12.84000015258789,12.829999923706055,12.829999923706055,1132.0
2024-03-01 14:47:00,DXCM,121.28500366210938,121.28500366210938,121.41000366210938,121.27999877929688,121.3550033569336,10359.0
2024-03-01 14:47:00,DYN,28.989999771118164,28.989999771118164,29.040000915527344,28.989999771118164,29.040000915527344,2498.0
2024-03-01 14:47:00,EDIT,10.819999694824219,10.819999694824219,10.819999694824219,10.8100004196167,10.8149995803833,3485.0
2024-03-01 14:47:00,EGRX,6.630000114440918,6.630000114440918,6.630000114440918,6.630000114440918,6.630000114440918,310.0
2024-03-01 14:47:00,ELEV,5.099999904632568,5.099999904632568,5.099999904632568,5.090000152587891,5.090000152587891,4600.0
2024-03-01 14:47:00,ENSG,121.62999725341797,121.62999725341797,121.62999725341797,121.62999725341797,121.62999725341797,601.0
2024-03-01 14:47:00,ENVB,1.5499999523162842,1.5499999523162842,1.559999942779541,1.5499999523162842,1.5509999990463257,3141.0
2024-03-01 14:47:00,ERAS,2.509999990463257,2.509999990463257,2.5190000534057617,2.509999990463257,2.5190000534057617,884.0
2024-03-01 14:47:00,ESPR,2.555000066757202,2.555000066757202,2.555000066757202,2.549999952316284,2.549999952316284,2882.0
2024-03-01 14:47:00,ESTA,44.349998474121094,44.349998474121094,44.5,44.29999923706055,44.5,1223.0
2024-03-01 14:47:00,ETNB,12.930000305175781,12.930000305175781,12.930000305175781,12.930000305175781,12.930000305175781,533.0
2024-03-01 14:47:00,EWTX,17.049999237060547,17.049999237060547,17.049999237060547,17.040000915527344,17.045000076293945,790.0
2024-03-01 14:47:00,EXAS,59.81999969482422,59.81999969482422,59.83000183105469,59.775001525878906,59.80500030517578,1923.0
2024-03-01 14:47:00,EXEL,22.415000915527344,22.415000915527344,22.415000915527344,22.40999984741211,22.40999984741211,476.0
2024-03-01 14:47:00,EYEN,2.3949999809265137,2.3949999809265137,2.3949999809265137,2.3949999809265137,2.3949999809265137,937.0
2024-03-01 14:47:00,EYPT,27.969999313354492,27.969999313354492,27.969999313354492,27.959999084472656,27.959999084472656,503.0
2024-03-01 14:47:00,FATE,7.764999866485596,7.764999866485596,7.764999866485596,7.764999866485596,7.764999866485596,701.0
2024-03-01 14:47:00,FDMT,29.46500015258789,29.46500015258789,29.489999771118164,29.450000762939453,29.475000381469727,1209.0
2024-03-01 14:47:00,FGEN,1.8350000381469727,1.8350000381469727,1.8350000381469727,1.8350000381469727,1.8350000381469727,271.0
2024-03-01 14:47:00,FHTX,8.005000114440918,8.005000114440918,8.005000114440918,8.005000114440918,8.005000114440918,414.0
2024-03-01 14:47:00,FLGT,23.139999389648438,23.139999389648438,23.139999389648438,23.139999389648438,23.139999389648438,812.0
2024-03-01 14:47:00,FOLD,13.305000305175781,13.305000305175781,13.3100004196167,13.305000305175781,13.3100004196167,1471.0
2024-03-01 14:47:00,FUSN,12.1899995803833,12.1899995803833,12.229999542236328,12.1899995803833,12.229999542236328,2166.0
2024-03-01 14:47:00,GANX,4.590000152587891,4.590000152587891,4.590000152587891,4.590000152587891,4.590000152587891,199.0
2024-03-01 14:47:00,GCTK,0.30907899141311646,0.30907899141311646,0.31279999017715454,0.3050000071525574,0.3100000023841858,73876.0
2024-03-01 14:47:00,GDRX,8.498900413513184,8.498900413513184,8.498900413513184,8.470000267028809,8.470000267028809,5678.0
2024-03-01 14:47:00,GERN,2.244999885559082,2.244999885559082,2.25,2.244999885559082,2.244999885559082,3755.0
2024-03-01 14:47:00,GH,19.081499099731445,19.081499099731445,19.08989906311035,19.081499099731445,19.089399337768555,3312.0
2024-03-01 14:47:00,GHSI,8.25,8.25,8.260000228881836,8.25,8.260000228881836,607.0
2024-03-01 14:47:00,GILD,72.52999877929688,72.52999877929688,72.54499816894531,72.5250015258789,72.53500366210938,9206.0
2024-03-01 14:47:00,GLSI,12.604999542236328,12.604999542236328,12.604999542236328,12.604999542236328,12.604999542236328,252.0
2024-03-01 14:47:00,GLTO,0.8102999925613403,0.8102999925613403,0.8102999925613403,0.800000011920929,0.800000011920929,4989.0
2024-03-01 14:47:00,GMAB,29.40999984741211,29.40999984741211,29.40999984741211,29.405000686645508,29.40999984741211,1409.0
2024-03-01 14:47:00,GOSS,1.4149999618530273,1.4149999618530273,1.4199999570846558,1.409999966621399,1.4199999570846558,301.0
2024-03-01 14:47:00,GRFS,7.000999927520752,7.000999927520752,7.005000114440918,7.000999927520752,7.005000114440918,924.0
2024-03-01 14:47:00,GRTS,2.0999999046325684,2.0999999046325684,2.0999999046325684,2.075000047683716,2.075000047683716,37187.0
2024-03-01 14:47:00,GTHX,3.76990008354187,3.76990008354187,3.76990008354187,3.7500998973846436,3.759999990463257,5362.0
2024-03-01 14:47:00,HALO,41.25,41.25,41.25,41.2400016784668,41.2400016784668,3782.0
2024-03-01 14:47:00,HCAT,8.15999984741211,8.15999984741211,8.170000076293945,8.15999984741211,8.170000076293945,2429.0
2024-03-01 14:47:00,HCSG,12.77750015258789,12.77750015258789,12.779999732971191,12.760000228881836,12.760000228881836,3830.0
2024-03-01 14:47:00,HCTI,2.049999952316284,2.049999952316284,2.049999952316284,2.0299999713897705,2.0483999252319336,810.0
2024-03-01 14:47:00,HOLX,74.38999938964844,74.38999938964844,74.38999938964844,74.37999725341797,74.37999725341797,2045.0
2024-03-01 14:47:00,HOWL,7.050000190734863,7.050000190734863,7.050000190734863,7.010000228881836,7.019999980926514,1714.0
2024-03-01 14:47:00,HQY,81.43000030517578,81.43000030517578,81.43000030517578,81.41500091552734,81.41500091552734,494.0
2024-03-01 14:47:00,HRMY,31.600000381469727,31.600000381469727,31.600000381469727,31.600000381469727,31.600000381469727,3526.0
2024-03-01 14:47:00,HRTX,2.609999895095825,2.609999895095825,2.615000009536743,2.609999895095825,2.615000009536743,1016.0
2024-03-01 14:47:00,HSCS,0.11810000240802765,0.11810000240802765,0.11810000240802765,0.11810000240802765,0.11810000240802765,527.0
2024-03-01 14:47:00,HSIC,76.81999969482422,76.81999969482422,76.81999969482422,76.81999969482422,76.81999969482422,305.0
2024-03-01 14:47:00,HUMA,3.1698999404907227,3.1698999404907227,3.175600051879883,3.1600000858306885,3.175600051879883,12586.0
2024-03-01 14:47:00,IART,36.279998779296875,36.279998779296875,36.279998779296875,36.279998779296875,36.279998779296875,669.0
2024-03-01 14:47:00,IBRX,4.849999904632568,4.849999904632568,4.855000019073486,4.849999904632568,4.855000019073486,354.0
2024-03-01 14:47:00,ICLR,324.7799987792969,324.7799987792969,324.7799987792969,324.7799987792969,324.7799987792969,100.0
2024-03-01 14:47:00,ICUI,106.0,106.0,106.0,106.0,106.0,223.0
2024-03-01 14:47:00,IDYA,46.48500061035156,46.48500061035156,46.51499938964844,46.48500061035156,46.51499938964844,901.0
2024-03-01 14:47:00,IINN,1.690000057220459,1.690000057220459,1.690000057220459,1.690000057220459,1.690000057220459,0.0
2024-03-01 14:47:00,IKNA,1.4850000143051147,1.4850000143051147,1.4850000143051147,1.4850000143051147,1.4850000143051147,256.0
2024-03-01 14:47:00,ILMN,141.32000732421875,141.32000732421875,141.32000732421875,141.30999755859375,141.32000732421875,645.0
2024-03-01 14:47:00,IMUX,1.4800000190734863,1.4800000190734863,1.4900000095367432,1.475000023841858,1.475000023841858,14130.0
2024-03-01 14:47:00,IMVT,35.654998779296875,35.654998779296875,35.654998779296875,35.63999938964844,35.650001525878906,2379.0
2024-03-01 14:47:00,INCY,59.02000045776367,59.02000045776367,59.029998779296875,59.0,59.0,3592.0
2024-03-01 14:47:00,INGN,6.739999771118164,6.739999771118164,6.75,6.739999771118164,6.75,626.0
2024-03-01 14:47:00,INMD,22.860000610351562,22.860000610351562,22.860000610351562,22.850000381469727,22.850000381469727,1627.0
2024-03-01 14:47:00,INSM,28.059999465942383,28.059999465942383,28.059999465942383,28.03499984741211,28.03499984741211,3517.0
2024-03-01 14:47:00,INVA,15.529999732971191,15.529999732971191,15.529999732971191,15.529999732971191,15.529999732971191,253.0
2024-03-01 14:47:00,INZY,6.579999923706055,6.579999923706055,6.579999923706055,6.579999923706055,6.579999923706055,203.0
2024-03-01 14:47:00,IONS,45.92499923706055,45.92499923706055,45.93000030517578,45.90999984741211,45.93000030517578,1852.0
2024-03-01 14:47:00,IOVA,16.9950008392334,16.9950008392334,17.0,16.989999771118164,16.9950008392334,5884.0
2024-03-01 14:47:00,IRWD,8.975000381469727,8.975000381469727,8.979999542236328,8.97130012512207,8.979999542236328,9718.0
2024-03-01 14:47:00,ISRG,396.70001220703125,396.70001220703125,396.8550109863281,396.70001220703125,396.8550109863281,2325.0
2024-03-01 14:47:00,ITCI,71.94999694824219,71.94999694824219,71.95999908447266,71.94999694824219,71.95999908447266,402.0
2024-03-01 14:47:00,ITOS,11.324999809265137,11.324999809265137,11.324999809265137,11.324999809265137,11.324999809265137,594.0
2024-03-01 14:47:00,JAGX,0.08789999783039093,0.08789999783039093,0.08900000154972076,0.08699999749660492,0.08739999681711197,976960.0
2024-03-01 14:47:00,JANX,46.0,46.0,46.08879852294922,46.0,46.08879852294922,1211.0
2024-03-01 14:47:00,JAZZ,118.92500305175781,118.92500305175781,118.92500305175781,118.92500305175781,118.92500305175781,353.0
2024-03-01 14:47:00,JSPR,21.530000686645508,21.530000686645508,21.530000686645508,21.530000686645508,21.530000686645508,305.0
2024-03-01 14:47:00,KALV,14.170000076293945,14.170000076293945,14.170000076293945,14.170000076293945,14.170000076293945,319.0
2024-03-01 14:47:00,KNSA,21.90999984741211,21.90999984741211,21.90999984741211,21.899999618530273,21.899999618530273,200.0
2024-03-01 14:47:00,KNTE,2.615000009536743,2.615000009536743,2.615000009536743,2.615000009536743,2.615000009536743,803.0
2024-03-01 14:47:00,KOD,6.045000076293945,6.045000076293945,6.045000076293945,6.039899826049805,6.039999961853027,2928.0
2024-03-01 14:47:00,KPTI,1.1649999618530273,1.1649999618530273,1.1649999618530273,1.1649999618530273,1.1649999618530273,1224.0
2024-03-01 14:47:00,KROS,69.7300033569336,69.7300033569336,69.7300033569336,69.5551986694336,69.5551986694336,1027.0
2024-03-01 14:47:00,KURA,21.8799991607666,21.8799991607666,21.886999130249023,21.8799991607666,21.886999130249023,1457.0
2024-03-01 14:47:00,KYMR,43.88999938964844,43.88999938964844,43.90999984741211,43.88999938964844,43.900001525878906,863.0
2024-03-01 14:47:00,KZR,1.065000057220459,1.065000057220459,1.065000057220459,1.065000057220459,1.065000057220459,1524.0
2024-03-01 14:47:00,LAB,2.4700000286102295,2.4700000286102295,2.4700000286102295,2.4649999141693115,2.4700000286102295,1382.0
2024-03-01 14:47:00,LEGN,65.40499877929688,65.40499877929688,65.43000030517578,65.3499984741211,65.38999938964844,8389.0
2024-03-01 14:47:00,LEXX,2.799999952316284,2.799999952316284,2.799999952316284,2.799999952316284,2.799999952316284,4003.0
2024-03-01 14:47:00,LFMD,7.96999979019165,7.96999979019165,7.96999979019165,7.949999809265137,7.949999809265137,1170.0
2024-03-01 14:47:00,LFST,7.710000038146973,7.710000038146973,7.715000152587891,7.704999923706055,7.704999923706055,4716.0
2024-03-01 14:47:00,LGND,78.23999786376953,78.23999786376953,78.23999786376953,78.23999786376953,78.23999786376953,260.0
2024-03-01 14:47:00,LGVN,0.5299999713897705,0.5299999713897705,0.5299999713897705,0.5299999713897705,0.5299999713897705,100.0
2024-03-01 14:47:00,LMAT,68.12799835205078,68.12799835205078,68.12799835205078,68.12799835205078,68.12799835205078,241.0
2024-03-01 14:47:00,LQDA,14.646499633789062,14.646499633789062,14.646499633789062,14.646499633789062,14.646499633789062,865.0
2024-03-01 14:47:00,LTRN,4.300000190734863,4.300000190734863,4.310999870300293,4.300000190734863,4.310999870300293,720.0
2024-03-01 14:47:00,LUNG,9.5,9.5,9.5,9.5,9.5,200.0
2024-03-01 14:47:00,LVTX,2.7699999809265137,2.7699999809265137,2.799499988555908,2.7699999809265137,2.7799999713897705,1131.0
2024-03-01 14:47:00,LXRX,2.494999885559082,2.494999885559082,2.5,2.494999885559082,2.494999885559082,578.0
2024-03-01 14:47:00,LYRA,5.695000171661377,5.695000171661377,5.710000038146973,5.679999828338623,5.679999828338623,1888.0
2024-03-01 14:47:00,MASI,127.20999908447266,127.20999908447266,127.65499877929688,127.20999908447266,127.65499877929688,1189.0
2024-03-01 14:47:00,MCRB,1.2200000286102295,1.2200000286102295,1.2200000286102295,1.2200000286102295,1.2200000286102295,1176.0
2024-03-01 14:47:00,MDRX,6.050000190734863,6.050000190734863,6.050000190734863,6.010000228881836,6.019999980926514,100979.0
2024-03-01 14:47:00,MDXG,8.660799980163574,8.660799980163574,8.670000076293945,8.660799980163574,8.670000076293945,2252.0
2024-03-01 14:47:00,ME,0.5566999912261963,0.5566999912261963,0.5567499995231628,0.5566999912261963,0.5566999912261963,2070.0
2024-03-01 14:47:00,MEDP,402.4800109863281,402.4800109863281,402.4800109863281,402.3399963378906,402.3399963378906,1186.0
2024-03-01 14:47:00,MGNX,18.979999542236328,18.979999542236328,18.979999542236328,18.979999542236328,18.979999542236328,106.0
2024-03-01 14:47:00,MLTX,50.880001068115234,50.880001068115234,50.880001068115234,50.880001068115234,50.880001068115234,193.0
2024-03-01 14:47:00,MMSI,76.48999786376953,76.48999786376953,76.48999786376953,76.48999786376953,76.48999786376953,302.0
2024-03-01 14:47:00,MNKD,4.53000020980835,4.53000020980835,4.53000020980835,4.514999866485596,4.514999866485596,37359.0
2024-03-01 14:47:00,MNMD,6.215000152587891,6.215000152587891,6.21999979019165,6.200099945068359,6.200099945068359,2254.0
2024-03-01 14:47:00,MNPR,0.8896999955177307,0.8896999955177307,0.8896999955177307,0.8896999955177307,0.8896999955177307,123.0
2024-03-01 14:47:00,MODV,28.399999618530273,28.399999618530273,28.399999618530273,28.399999618530273,28.399999618530273,301.0
2024-03-01 14:47:00,MORF,39.59000015258789,39.59000015258789,39.59000015258789,39.59000015258789,39.59000015258789,101.0
2024-03-01 14:47:00,MREO,4.005000114440918,4.005000114440918,4.005000114440918,4.005000114440918,4.005000114440918,216.0
2024-03-01 14:47:00,MRKR,3.670099973678589,3.670099973678589,3.670099973678589,3.670099973678589,3.670099973678589,150.0
2024-03-01 14:47:00,MRNA,95.6500015258789,95.6500015258789,95.70999908447266,95.58999633789062,95.5999984741211,3278.0
2024-03-01 14:47:00,MRNS,10.210000038146973,10.210000038146973,10.220000267028809,10.210000038146973,10.220000267028809,857.0
2024-03-01 14:47:00,MRSN,5.910099983215332,5.910099983215332,5.989999771118164,5.910099983215332,5.974999904632568,31566.0
2024-03-01 14:47:00,MRUS,51.08000183105469,51.08000183105469,51.08000183105469,51.060001373291016,51.060001373291016,787.0
2024-03-01 14:47:00,MRVI,7.75,7.75,7.75,7.739999771118164,7.739999771118164,4016.0
2024-03-01 14:47:00,MXCT,4.739999771118164,4.739999771118164,4.739999771118164,4.739999771118164,4.739999771118164,370.0
2024-03-01 14:47:00,MYGN,22.110000610351562,22.110000610351562,22.110000610351562,22.110000610351562,22.110000610351562,380.0
2024-03-01 14:47:00,NARI,45.939998626708984,45.939998626708984,46.0,45.939998626708984,46.0,3470.0
2024-03-01 14:47:00,NAUT,2.640000104904175,2.640000104904175,2.640000104904175,2.640000104904175,2.640000104904175,101.0
2024-03-01 14:47:00,NBIX,131.8000030517578,131.8000030517578,131.82000732421875,131.72999572753906,131.72999572753906,3115.0
2024-03-01 14:47:00,NEO,16.174999237060547,16.174999237060547,16.174999237060547,16.174999237060547,16.174999237060547,802.0
2024-03-01 14:47:00,NEOG,17.344999313354492,17.344999313354492,17.344999313354492,17.344999313354492,17.344999313354492,148.0
2024-03-01 14:47:00,NEPT,0.4219000041484833,0.4219000041484833,0.4230000078678131,0.4219000041484833,0.4230000078678131,334.0
2024-03-01 14:47:00,NGM,1.5199999809265137,1.5199999809265137,1.524999976158142,1.5199999809265137,1.524999976158142,1355.0
2024-03-01 14:47:00,NKTR,0.7804999947547913,0.7804999947547913,0.7804999947547913,0.7799999713897705,0.7799999713897705,2359.0
2024-03-01 14:47:00,NKTX,12.520099639892578,12.520099639892578,12.520099639892578,12.520099639892578,12.520099639892578,100.0
2024-03-01 14:47:00,NNOX,10.779800415039062,10.779800415039062,10.789999961853027,10.774999618530273,10.779999732971191,5080.0
2024-03-01 14:47:00,NPCE,16.075000762939453,16.075000762939453,16.075000762939453,16.075000762939453,16.075000762939453,200.0
2024-03-01 14:47:00,NRIX,13.619999885559082,13.619999885559082,13.619999885559082,13.609999656677246,13.609999656677246,708.0
2024-03-01 14:47:00,NRSN,1.9850000143051147,1.9850000143051147,2.0,1.9800000190734863,2.0,11927.0
2024-03-01 14:47:00,NTLA,33.45000076293945,33.45000076293945,33.45000076293945,33.41999816894531,33.439998626708984,2028.0
2024-03-01 14:47:00,NTRA,89.125,89.125,89.15499877929688,89.08999633789062,89.0999984741211,3822.0
2024-03-01 14:47:00,NUTX,0.11389999836683273,0.11389999836683273,0.11389999836683273,0.11379999667406082,0.11389999836683273,615.0
2024-03-01 14:47:00,NUVL,87.68499755859375,87.68499755859375,87.68499755859375,87.62000274658203,87.62000274658203,279.0
2024-03-01 14:47:00,NUWE,0.5817999839782715,0.5817999839782715,0.584850013256073,0.5817999839782715,0.584850013256073,20096.0
2024-03-01 14:47:00,NVAX,5.364999771118164,5.364999771118164,5.368800163269043,5.360099792480469,5.364999771118164,4132.0
2024-03-01 14:47:00,NVCR,16.079999923706055,16.079999923706055,16.079999923706055,16.079999923706055,16.079999923706055,200.0
2024-03-01 14:47:00,NVCT,10.75,10.75,10.75,10.720000267028809,10.75,728.0
2024-03-01 14:47:00,NVNO,6.5,6.5,6.5,6.5,6.5,106.0
2024-03-01 14:47:00,NVOS,0.6378999948501587,0.6378999948501587,0.6378999948501587,0.6378999948501587,0.6378999948501587,2659.0
2024-03-01 14:47:00,NXTC,1.7899999618530273,1.7899999618530273,1.7949999570846558,1.7899999618530273,1.7899999618530273,2604.0
2024-03-01 14:47:00,OCGN,0.9599999785423279,0.9599999785423279,0.9599999785423279,0.9549999833106995,0.9549999833106995,5836.0
2024-03-01 14:47:00,OCUL,10.71500015258789,10.71500015258789,10.71500015258789,10.710000038146973,10.71500015258789,1586.0
2024-03-01 14:47:00,OGI,2.180000066757202,2.180000066757202,2.180000066757202,2.180000066757202,2.180000066757202,300.0
2024-03-01 14:47:00,OLK,23.020000457763672,23.020000457763672,23.024999618530273,23.020000457763672,23.024999618530273,641.0
2024-03-01 14:47:00,OLMA,14.961999893188477,14.961999893188477,14.970000267028809,14.9399995803833,14.9399995803833,2895.0
2024-03-01 14:47:00,OMCL,26.635000228881836,26.635000228881836,26.65999984741211,26.6299991607666,26.639999389648438,880.0
2024-03-01 14:47:00,OMER,4.804999828338623,4.804999828338623,4.804999828338623,4.804999828338623,4.804999828338623,1702.0
2024-03-01 14:47:00,OMGA,4.409999847412109,4.409999847412109,4.45989990234375,4.400000095367432,4.445000171661377,23706.0
2024-03-01 14:48:00,AADI,1.9700000286102295,1.9700000286102295,1.9800000190734863,1.9700000286102295,1.9800000190734863,2300.0
2024-03-01 14:48:00,ABCL,5.110000133514404,5.110000133514404,5.119999885559082,5.110000133514404,5.110000133514404,2303.0
2024-03-01 14:48:00,ABSI,5.550000190734863,5.550000190734863,5.550000190734863,5.550000190734863,5.550000190734863,1164.0
2024-03-01 14:48:00,ABUS,2.765000104904175,2.765000104904175,2.765000104904175,2.765000104904175,2.765000104904175,181.0
2024-03-01 14:48:00,ACAD,24.06999969482422,24.06999969482422,24.06999969482422,24.059999465942383,24.059999465942383,3279.0
2024-03-01 14:48:00,ACCD,10.079999923706055,10.079999923706055,10.079999923706055,10.079999923706055,10.079999923706055,220.0
2024-03-01 14:48:00,ACET,2.3949999809265137,2.3949999809265137,2.4000000953674316,2.390000104904175,2.3949999809265137,800.0
2024-03-01 14:48:00,ACHC,84.1802978515625,84.1802978515625,84.27999877929688,84.1802978515625,84.27999877929688,2719.0
2024-03-01 14:48:00,ACHV,4.360000133514404,4.360000133514404,4.360000133514404,4.349999904632568,4.349999904632568,300.0
2024-03-01 14:48:00,ACRS,1.2300000190734863,1.2300000190734863,1.2350000143051147,1.2300000190734863,1.2350000143051147,1011.0
2024-03-01 14:48:00,ADIL,3.009999990463257,3.009999990463257,3.049999952316284,3.0,3.0,29822.0
2024-03-01 14:48:00,ADMA,5.539999961853027,5.539999961853027,5.539999961853027,5.53000020980835,5.53000020980835,12159.0
2024-03-01 14:48:00,ADPT,4.090000152587891,4.090000152587891,4.090000152587891,4.090000152587891,4.090000152587891,737.0
2024-03-01 14:48:00,ADVM,1.9700000286102295,1.9700000286102295,1.9800000190734863,1.9700000286102295,1.9700000286102295,4034.0
2024-03-01 14:48:00,AFMD,0.6774839758872986,0.6774839758872986,0.6774839758872986,0.6772500276565552,0.6772500276565552,500.0
2024-03-01 14:48:00,AGEN,0.6700999736785889,0.6700999736785889,0.6700999736785889,0.6700000166893005,0.6700500249862671,27408.0
2024-03-01 14:48:00,AGIO,32.43000030517578,32.43000030517578,32.45000076293945,32.40999984741211,32.41999816894531,2748.0
2024-03-01 14:48:00,AHCO,10.489999771118164,10.489999771118164,10.507499694824219,10.489999771118164,10.507499694824219,2659.0
2024-03-01 14:48:00,AIH,0.5189999938011169,0.5189999938011169,0.5189999938011169,0.5189999938011169,0.5189999938011169,500.0
2024-03-01 14:48:00,AIRS,6.440000057220459,6.440000057220459,6.440000057220459,6.440000057220459,6.440000057220459,101.0
2024-03-01 14:48:00,AKBA,1.690000057220459,1.690000057220459,1.690000057220459,1.684999942779541,1.684999942779541,300.0
2024-03-01 14:48:00,AKRO,28.8700008392334,28.8700008392334,28.889999389648438,28.84000015258789,28.84000015258789,2728.0
2024-03-01 14:48:00,ALDX,4.300000190734863,4.300000190734863,4.309999942779541,4.300000190734863,4.309999942779541,2551.0
2024-03-01 14:48:00,ALEC,7.480000019073486,7.480000019073486,7.480000019073486,7.46999979019165,7.46999979019165,757.0
2024-03-01 14:48:00,ALGS,1.0800000429153442,1.0800000429153442,1.0800000429153442,1.0800000429153442,1.0800000429153442,100.0
2024-03-01 14:48:00,ALHC,5.699999809265137,5.699999809265137,5.699999809265137,5.699999809265137,5.699999809265137,101.0
2024-03-01 14:48:00,ALKS,30.295000076293945,30.295000076293945,30.299999237060547,30.280000686645508,30.295000076293945,6709.0
2024-03-01 14:48:00,ALLK,1.6749999523162842,1.6749999523162842,1.6749999523162842,1.6749999523162842,1.6749999523162842,400.0
2024-03-01 14:48:00,ALLO,5.010000228881836,5.010000228881836,5.010000228881836,5.010000228881836,5.010000228881836,111.0
2024-03-01 14:48:00,ALNY,153.4949951171875,153.4949951171875,153.4949951171875,153.47999572753906,153.47999572753906,286.0
2024-03-01 14:48:00,ALPN,35.88199996948242,35.88199996948242,35.93000030517578,35.775001525878906,35.779998779296875,12841.0
2024-03-01 14:48:00,ALT,12.09000015258789,12.09000015258789,12.095000267028809,12.055000305175781,12.055000305175781,6157.0
2024-03-01 14:48:00,ALVR,0.7491000294685364,0.7491000294685364,0.7511000037193298,0.7491000294685364,0.7511000037193298,10106.0
2024-03-01 14:48:00,ALXO,15.109999656677246,15.109999656677246,15.119999885559082,15.109999656677246,15.109999656677246,1908.0
2024-03-01 14:48:00,ALZN,0.9222999811172485,0.9222999811172485,0.9222999811172485,0.9222999811172485,0.9222999811172485,100.0
2024-03-01 14:48:00,AMED,93.25,93.25,93.25,93.25,93.25,258.0
2024-03-01 14:48:00,AMGN,281.0,281.0,281.1199951171875,281.0,281.04010009765625,3385.0
2024-03-01 14:48:00,AMLX,18.81999969482422,18.81999969482422,18.81999969482422,18.799999237060547,18.799999237060547,5278.0
2024-03-01 14:48:00,AMPH,45.5099983215332,45.5099983215332,45.52000045776367,45.5099983215332,45.52000045776367,1505.0
2024-03-01 14:48:00,AMRN,1.0549999475479126,1.0549999475479126,1.0549999475479126,1.0499999523162842,1.0499999523162842,1500.0
2024-03-01 14:48:00,ANGO,5.489999771118164,5.489999771118164,5.489999771118164,5.489999771118164,5.489999771118164,415.0
2024-03-01 14:48:00,ANNX,6.070000171661377,6.070000171661377,6.070000171661377,6.070000171661377,6.070000171661377,1044.0
2024-03-01 14:48:00,ANTX,3.003999948501587,3.003999948501587,3.0099000930786133,3.0,3.0099000930786133,3400.0
2024-03-01 14:48:00,APLS,64.19999694824219,64.19999694824219,64.19999694824219,64.13999938964844,64.13999938964844,1231.0
2024-03-01 14:48:00,APLT,7.050000190734863,7.050000190734863,7.050000190734863,7.050000190734863,7.050000190734863,523.0
2024-03-01 14:48:00,AQST,4.125,4.125,4.130000114440918,4.125,4.129799842834473,1129.0
2024-03-01 14:48:00,ARCT,39.720001220703125,39.720001220703125,39.720001220703125,39.720001220703125,39.720001220703125,180.0
2024-03-01 14:48:00,ARDX,9.475000381469727,9.475000381469727,9.479999542236328,9.470000267028809,9.479999542236328,8023.0
2024-03-01 14:48:00,ARGX,392.9800109863281,392.9800109863281,392.9800109863281,392.9800109863281,392.9800109863281,1760.0
2024-03-01 14:48:00,ARQT,11.595000267028809,11.595000267028809,11.598799705505371,11.59000015258789,11.595000267028809,1771.0
2024-03-01 14:48:00,ARVN,48.40999984741211,48.40999984741211,48.494998931884766,48.40999984741211,48.47999954223633,1935.0
2024-03-01 14:48:00,ARWR,35.08000183105469,35.08000183105469,35.08000183105469,35.08000183105469,35.08000183105469,1068.0
2024-03-01 14:48:00,ASLN,0.7300000190734863,0.7300000190734863,0.7300000190734863,0.7300000190734863,0.7300000190734863,2662.0
2024-03-01 14:48:00,ASND,153.27999877929688,153.27999877929688,153.27999877929688,153.27999877929688,153.27999877929688,323.0
2024-03-01 14:48:00,ASRT,0.8787000179290771,0.8787000179290771,0.8787000179290771,0.8787000179290771,0.8787000179290771,900.0
2024-03-01 14:48:00,ATAI,2.1649999618530273,2.1649999618530273,2.1698999404907227,2.1649999618530273,2.1649999618530273,816.0
2024-03-01 14:48:00,ATEC,13.4350004196167,13.4350004196167,13.4350004196167,13.430000305175781,13.4350004196167,5949.0
2024-03-01 14:48:00,ATRA,0.7928000092506409,0.7928000092506409,0.7936499714851379,0.7925000190734863,0.7925999760627747,21610.0
2024-03-01 14:48:00,ATRC,36.06999969482422,36.06999969482422,36.06999969482422,36.04499816894531,36.04499816894531,1420.0
2024-03-01 14:48:00,ATXS,14.949999809265137,14.949999809265137,14.949999809265137,14.949999809265137,14.949999809265137,124.0
2024-03-01 14:48:00,AUGX,4.559999942779541,4.559999942779541,4.570000171661377,4.559999942779541,4.559999942779541,822.0
2024-03-01 14:48:00,AUPH,5.800099849700928,5.800099849700928,5.800099849700928,5.800099849700928,5.800099849700928,876.0
2024-03-01 14:48:00,AUTL,6.300000190734863,6.300000190734863,6.300000190734863,6.295000076293945,6.295000076293945,389.0
2024-03-01 14:48:00,AVDL,13.289999961853027,13.289999961853027,13.300000190734863,13.289999961853027,13.29800033569336,4268.0
2024-03-01 14:48:00,AVXL,5.375,5.375,5.375,5.372499942779541,5.375,596.0
2024-03-01 14:48:00,AXNX,67.55000305175781,67.55000305175781,67.61000061035156,67.55000305175781,67.58000183105469,2068.0
2024-03-01 14:48:00,AXSM,82.0999984741211,82.0999984741211,82.13500213623047,82.06999969482422,82.06999969482422,748.0
2024-03-01 14:48:00,AZN,64.68499755859375,64.68499755859375,64.69010162353516,64.68280029296875,64.69010162353516,4231.0
2024-03-01 14:48:00,AZTA,66.94000244140625,66.94000244140625,66.956298828125,66.91999816894531,66.93000030517578,2087.0
2024-03-01 14:48:00,BBIO,35.869998931884766,35.869998931884766,35.869998931884766,35.84000015258789,35.869998931884766,1252.0
2024-03-01 14:48:00,BBLG,2.380000114440918,2.380000114440918,2.4700000286102295,2.380000114440918,2.4700000286102295,1001.0
2024-03-01 14:48:00,BCEL,0.265500009059906,0.265500009059906,0.265500009059906,0.265500009059906,0.265500009059906,109.0
2024-03-01 14:48:00,BCRX,5.71999979019165,5.71999979019165,5.730000019073486,5.715000152587891,5.730000019073486,6934.0
2024-03-01 14:48:00,BDTX,4.739999771118164,4.739999771118164,4.750800132751465,4.739999771118164,4.750800132751465,901.0
2024-03-01 14:48:00,BEAM,39.880001068115234,39.880001068115234,39.880001068115234,39.869998931884766,39.869998931884766,741.0
2024-03-01 14:48:00,BIIB,221.36500549316406,221.36500549316406,221.375,221.27000427246094,221.27000427246094,1795.0
2024-03-01 14:48:00,BIMI,3.665800094604492,3.665800094604492,3.665800094604492,3.665800094604492,3.665800094604492,2579.0
2024-03-01 14:48:00,BIOL,0.14399999380111694,0.14399999380111694,0.14480000734329224,0.14390000700950623,0.14399999380111694,160452.0
2024-03-01 14:48:00,BIVI,2.069999933242798,2.069999933242798,2.0820000171661377,2.059999942779541,2.059999942779541,25907.0
2024-03-01 14:48:00,BLFS,17.950000762939453,17.950000762939453,18.020000457763672,17.950000762939453,18.020000457763672,1675.0
2024-03-01 14:48:00,BLUE,1.5800000429153442,1.5800000429153442,1.5850000381469727,1.5800000429153442,1.5800000429153442,4451.0
2024-03-01 14:48:00,BMRA,1.2000000476837158,1.2000000476837158,1.2000000476837158,1.2000000476837158,1.2000000476837158,100.0
2024-03-01 14:48:00,BMRN,88.03500366210938,88.03500366210938,88.06500244140625,88.0,88.06500244140625,3350.0
2024-03-01 14:48:00,BNGO,1.2649999856948853,1.2649999856948853,1.2649999856948853,1.2649999856948853,1.2649999856948853,1000.0
2024-03-01 14:48:00,BNR,0.8208000063896179,0.8208000063896179,0.8208000063896179,0.8208000063896179,0.8208000063896179,100.0
2024-03-01 14:48:00,BNTX,91.15499877929688,91.15499877929688,91.19000244140625,91.1500015258789,91.1500015258789,1203.0
2024-03-01 14:48:00,BPMC,96.33000183105469,96.33000183105469,96.33000183105469,96.33000183105469,96.33000183105469,157.0
2024-03-01 14:48:00,BRKR,88.6500015258789,88.6500015258789,88.66999816894531,88.63999938964844,88.63999938964844,3335.0
2024-03-01 14:48:00,BSGM,0.6800000071525574,0.6800000071525574,0.6800000071525574,0.6794000267982483,0.6794000267982483,1626.0
2024-03-01 14:48:00,BTTX,0.1800999939441681,0.1800999939441681,0.1800999939441681,0.1800999939441681,0.1800999939441681,600.0
2024-03-01 14:48:00,CABA,23.989999771118164,23.989999771118164,23.989999771118164,23.989999771118164,23.989999771118164,813.0
2024-03-01 14:48:00,CADL,1.7000000476837158,1.7000000476837158,1.7000000476837158,1.7000000476837158,1.7000000476837158,229.0
2024-03-01 14:48:00,CAPR,4.514999866485596,4.514999866485596,4.514999866485596,4.514999866485596,4.514999866485596,265.0
2024-03-01 14:48:00,CARA,0.9550999999046326,0.9550999999046326,0.9599000215530396,0.9550999999046326,0.9599000215530396,1140.0
2024-03-01 14:48:00,CBAY,32.220001220703125,32.220001220703125,32.22999954223633,32.220001220703125,32.22999954223633,3380.0
2024-03-01 14:48:00,CCCC,11.055000305175781,11.055000305175781,11.069999694824219,11.055000305175781,11.0649995803833,3528.0
2024-03-01 14:48:00,CCRN,18.309999465942383,18.309999465942383,18.309999465942383,18.309999465942383,18.309999465942383,208.0
2024-03-01 14:48:00,CDMO,8.220000267028809,8.220000267028809,8.220000267028809,8.220000267028809,8.220000267028809,1757.0
2024-03-01 14:48:00,CDNA,12.369999885559082,12.369999885559082,12.420000076293945,12.359999656677246,12.420000076293945,7244.0
2024-03-01 14:48:00,CDTX,0.7246999740600586,0.7246999740600586,0.7246999740600586,0.7246999740600586,0.7246999740600586,0.0
2024-03-01 14:48:00,CDXS,4.559999942779541,4.559999942779541,4.565000057220459,4.554999828338623,4.559999942779541,3506.0
2024-03-01 14:48:00,CELC,17.1200008392334,17.1200008392334,17.209999084472656,17.1200008392334,17.1200008392334,41505.0
2024-03-01 14:48:00,CERE,41.06999969482422,41.06999969482422,41.06999969482422,41.06999969482422,41.06999969482422,314.0
2024-03-01 14:48:00,CERS,2.174999952316284,2.174999952316284,2.174999952316284,2.174999952316284,2.174999952316284,344.0
2024-03-01 14:48:00,CERT,18.190000534057617,18.190000534057617,18.190000534057617,18.18000030517578,18.184999465942383,1070.0
2024-03-01 14:48:00,CGC,3.2158000469207764,3.2158000469207764,3.2200000286102295,3.2149999141693115,3.2184998989105225,1272.0
2024-03-01 14:48:00,CGEN,2.6700000762939453,2.6700000762939453,2.6700000762939453,2.6700000762939453,2.6700000762939453,854.0
2024-03-01 14:48:00,CGTX,2.0299999713897705,2.0299999713897705,2.0299999713897705,2.0299999713897705,2.0299999713897705,2033.0
2024-03-01 14:48:00,CHRS,2.430000066757202,2.430000066757202,2.4372000694274902,2.430000066757202,2.434999942779541,700.0
2024-03-01 14:48:00,CING,1.3450000286102295,1.3450000286102295,1.3450000286102295,1.3450000286102295,1.3450000286102295,348.0
2024-03-01 14:48:00,CKPT,2.195199966430664,2.195199966430664,2.195199966430664,2.190000057220459,2.190000057220459,951.0
2024-03-01 14:48:00,CLDX,52.279998779296875,52.279998779296875,52.279998779296875,52.279998779296875,52.279998779296875,577.0
2024-03-01 14:48:00,CLNN,0.3849000036716461,0.3849000036716461,0.38499999046325684,0.3849000036716461,0.38499999046325684,19502.0
2024-03-01 14:48:00,CLOV,0.8654999732971191,0.8654999732971191,0.8654999732971191,0.8640499711036682,0.8640999794006348,7522.0
2024-03-01 14:48:00,CLPT,6.539999961853027,6.539999961853027,6.539999961853027,6.525000095367432,6.525000095367432,500.0
2024-03-01 14:48:00,CLVR,3.990000009536743,3.990000009536743,3.990000009536743,3.990000009536743,3.990000009536743,261.0
2024-03-01 14:48:00,CMPS,11.850000381469727,11.850000381469727,11.850000381469727,11.809000015258789,11.809000015258789,1430.0
2024-03-01 14:48:00,CMRX,1.2000000476837158,1.2000000476837158,1.2000000476837158,1.1907000541687012,1.1907000541687012,2284.0
2024-03-01 14:48:00,COGT,7.199999809265137,7.199999809265137,7.199999809265137,7.199999809265137,7.199999809265137,2697.0
2024-03-01 14:48:00,CORT,24.2012996673584,24.2012996673584,24.209999084472656,24.2012996673584,24.209999084472656,2912.0
2024-03-01 14:48:00,CPRX,17.260000228881836,17.260000228881836,17.270000457763672,17.239999771118164,17.239999771118164,4485.0
2024-03-01 14:48:00,CPSI,9.430000305175781,9.430000305175781,9.430000305175781,9.430000305175781,9.430000305175781,452.0
2024-03-01 14:48:00,CRBP,32.470001220703125,32.470001220703125,32.470001220703125,32.470001220703125,32.470001220703125,357.0
2024-03-01 14:48:00,CRBU,7.875,7.875,7.877999782562256,7.869999885559082,7.869999885559082,704.0
2024-03-01 14:48:00,CRDF,2.7664999961853027,2.7664999961853027,2.8399999141693115,2.75,2.780600070953369,199192.0
2024-03-01 14:48:00,CRDL,1.9910999536514282,1.9910999536514282,1.9910999536514282,1.9910999536514282,1.9910999536514282,335.0
2024-03-01 14:48:00,CRMD,3.680000066757202,3.680000066757202,3.690000057220459,3.674999952316284,3.674999952316284,6670.0
2024-03-01 14:48:00,CRNX,46.349998474121094,46.349998474121094,46.349998474121094,46.310001373291016,46.310001373291016,792.0
2024-03-01 14:48:00,CRON,2.0350000858306885,2.0350000858306885,2.0350000858306885,2.0350000858306885,2.0350000858306885,105.0
2024-03-01 14:48:00,CRSP,85.19000244140625,85.19000244140625,85.22329711914062,85.19000244140625,85.22329711914062,1090.0
2024-03-01 14:48:00,CSTL,19.81999969482422,19.81999969482422,19.81999969482422,19.81999969482422,19.81999969482422,358.0
2024-03-01 14:48:00,CTKB,8.960000038146973,8.960000038146973,8.970000267028809,8.960000038146973,8.970000267028809,447.0
2024-03-01 14:48:00,CTMX,2.515000104904175,2.515000104904175,2.5199999809265137,2.509999990463257,2.515000104904175,9002.0
2024-03-01 14:48:00,CUTR,2.399899959564209,2.399899959564209,2.399899959564209,2.399899959564209,2.399899959564209,3267.0
2024-03-01 14:48:00,CVAC,3.4600000381469727,3.4600000381469727,3.4600000381469727,3.4600000381469727,3.4600000381469727,102.0
2024-03-01 14:48:00,CYTK,73.63999938964844,73.63999938964844,73.63999938964844,73.58000183105469,73.58999633789062,4914.0
2024-03-01 14:48:00,DAWN,17.649999618530273,17.649999618530273,17.70009994506836,17.649999618530273,17.700000762939453,2925.0
2024-03-01 14:48:00,DCGO,4.119999885559082,4.119999885559082,4.119999885559082,4.119999885559082,4.119999885559082,208.0
2024-03-01 14:48:00,DCPH,17.559999465942383,17.559999465942383,17.559999465942383,17.559999465942383,17.559999465942383,101.0
2024-03-01 14:48:00,DH,8.869999885559082,8.869999885559082,8.880000114440918,8.869999885559082,8.880000114440918,602.0
2024-03-01 14:48:00,DMTK,0.8495579957962036,0.8495579957962036,0.8499000072479248,0.8495000004768372,0.8495000004768372,1764.0
2024-03-01 14:48:00,DNLI,21.184999465942383,21.184999465942383,21.200000762939453,21.170000076293945,21.19499969482422,1380.0
2024-03-01 14:48:00,DSGN,2.880000114440918,2.880000114440918,2.880000114440918,2.880000114440918,2.880000114440918,101.0
2024-03-01 14:48:00,DTIL,12.460000038146973,12.460000038146973,12.470000267028809,12.460000038146973,12.460000038146973,1243.0
2024-03-01 14:48:00,DVAX,12.829999923706055,12.829999923706055,12.835000038146973,12.829999923706055,12.835000038146973,1166.0
2024-03-01 14:48:00,DXCM,121.25,121.25,121.30000305175781,121.2300033569336,121.28500366210938,10227.0
2024-03-01 14:48:00,EDIT,10.8149995803833,10.8149995803833,10.8149995803833,10.8149995803833,10.8149995803833,100.0
2024-03-01 14:48:00,EFTR,15.880000114440918,15.880000114440918,15.880000114440918,15.880000114440918,15.880000114440918,1027.0
2024-03-01 14:48:00,EGRX,6.627600193023682,6.627600193023682,6.627600193023682,6.627600193023682,6.627600193023682,100.0
2024-03-01 14:48:00,ELEV,5.099999904632568,5.099999904632568,5.099999904632568,5.099999904632568,5.099999904632568,115.0
2024-03-01 14:48:00,ENVB,1.5500999689102173,1.5500999689102173,1.559999942779541,1.5499999523162842,1.5587999820709229,8073.0
2024-03-01 14:48:00,EOLS,14.789999961853027,14.789999961853027,14.789999961853027,14.789999961853027,14.789999961853027,252.0
2024-03-01 14:48:00,ESPR,2.549999952316284,2.549999952316284,2.559999942779541,2.5450000762939453,2.549999952316284,57948.0
2024-03-01 14:48:00,ESTA,43.939998626708984,43.939998626708984,44.11970138549805,43.939998626708984,44.11970138549805,1175.0
2024-03-01 14:48:00,EVGN,0.9700000286102295,0.9700000286102295,0.9700000286102295,0.9700000286102295,0.9700000286102295,1000.0
2024-03-01 14:48:00,EVO,7.53000020980835,7.53000020980835,7.53000020980835,7.53000020980835,7.53000020980835,0.0
2024-03-01 14:48:00,EWTX,17.040000915527344,17.040000915527344,17.049999237060547,17.040000915527344,17.049999237060547,353.0
2024-03-01 14:48:00,EXAI,6.659999847412109,6.659999847412109,6.659999847412109,6.659999847412109,6.659999847412109,612.0
2024-03-01 14:48:00,EXAS,59.84000015258789,59.84000015258789,59.87860107421875,59.81489944458008,59.84000015258789,9399.0
2024-03-01 14:48:00,EXEL,22.40999984741211,22.40999984741211,22.415000915527344,22.399999618530273,22.40999984741211,4839.0
2024-03-01 14:48:00,EYPT,27.940000534057617,27.940000534057617,27.959999084472656,27.940000534057617,27.959999084472656,782.0
2024-03-01 14:48:00,FATE,7.769999980926514,7.769999980926514,7.769999980926514,7.769999980926514,7.769999980926514,119.0
2024-03-01 14:48:00,FGEN,1.8350000381469727,1.8350000381469727,1.8350000381469727,1.8300000429153442,1.8350000381469727,835.0
2024-03-01 14:48:00,FIXX,0.9248499870300293,0.9248499870300293,0.9248499870300293,0.9248499870300293,0.9248499870300293,0.0
2024-03-01 14:48:00,FOLD,13.300000190734863,13.300000190734863,13.305000305175781,13.300000190734863,13.305000305175781,1376.0
2024-03-01 14:48:00,FULC,11.085000038146973,11.085000038146973,11.09000015258789,11.079999923706055,11.09000015258789,4602.0
2024-03-01 14:48:00,FUSN,12.175000190734863,12.175000190734863,12.1899995803833,12.15999984741211,12.1850004196167,1875.0
2024-03-01 14:48:00,GANX,4.635000228881836,4.635000228881836,4.679999828338623,4.635000228881836,4.635000228881836,2476.0
2024-03-01 14:48:00,GCTK,0.3062500059604645,0.3062500059604645,0.3062500059604645,0.3062500059604645,0.3062500059604645,600.0
2024-03-01 14:48:00,GDRX,8.490799903869629,8.490799903869629,8.520000457763672,8.484999656677246,8.489999771118164,51994.0
2024-03-01 14:48:00,GERN,2.244999885559082,2.244999885559082,2.244999885559082,2.240000009536743,2.244999885559082,4197.0
2024-03-01 14:48:00,GH,19.079999923706055,19.079999923706055,19.08880043029785,19.06999969482422,19.06999969482422,4140.0
2024-03-01 14:48:00,GHSI,8.25,8.25,8.25,8.25,8.25,244.0
2024-03-01 14:48:00,GILD,72.51000213623047,72.51000213623047,72.52999877929688,72.51000213623047,72.52999877929688,6803.0
2024-03-01 14:48:00,GLYC,2.9800000190734863,2.9800000190734863,2.9800000190734863,2.9800000190734863,2.9800000190734863,1369.0
2024-03-01 14:48:00,GMAB,29.410900115966797,29.410900115966797,29.415000915527344,29.410900115966797,29.415000915527344,923.0
2024-03-01 14:48:00,GOSS,1.4149999618530273,1.4149999618530273,1.4149999618530273,1.4149999618530273,1.4149999618530273,100.0
2024-03-01 14:48:00,GRFS,7.005000114440918,7.005000114440918,7.005000114440918,6.994999885559082,7.005000114440918,14339.0
2024-03-01 14:48:00,GRTS,2.1050000190734863,2.1050000190734863,2.109999895095825,2.0999999046325684,2.0999999046325684,10369.0
2024-03-01 14:48:00,GTHX,3.7699999809265137,3.7699999809265137,3.7699999809265137,3.759999990463257,3.759999990463257,338.0
2024-03-01 14:48:00,HALO,41.2400016784668,41.2400016784668,41.2400016784668,41.2400016784668,41.2400016784668,338.0
2024-03-01 14:48:00,HARP,22.9424991607666,22.9424991607666,22.9424991607666,22.9424991607666,22.9424991607666,133.0
2024-03-01 14:48:00,HCAT,8.15999984741211,8.15999984741211,8.15999984741211,8.149999618530273,8.149999618530273,4833.0
2024-03-01 14:48:00,HCSG,12.800000190734863,12.800000190734863,12.800000190734863,12.774999618530273,12.774999618530273,2492.0
2024-03-01 14:48:00,HCTI,2.0199999809265137,2.0199999809265137,2.0299999713897705,2.0199999809265137,2.0299999713897705,317.0
2024-03-01 14:48:00,HLTH,0.2632000148296356,0.2632000148296356,0.2632000148296356,0.25999999046325684,0.25999999046325684,934.0
2024-03-01 14:48:00,HOLX,74.37000274658203,74.37000274658203,74.37000274658203,74.37000274658203,74.37000274658203,370.0
2024-03-01 14:48:00,HOOK,0.7799999713897705,0.7799999713897705,0.7900000214576721,0.7749999761581421,0.7799999713897705,22031.0
2024-03-01 14:48:00,HROW,10.930000305175781,10.930000305175781,10.930000305175781,10.930000305175781,10.930000305175781,759.0
2024-03-01 14:48:00,HRTX,2.609999895095825,2.609999895095825,2.609999895095825,2.609999895095825,2.609999895095825,468.0
2024-03-01 14:48:00,HSIC,76.79000091552734,76.79000091552734,76.82250213623047,76.77999877929688,76.82250213623047,1949.0
2024-03-01 14:48:00,HUMA,3.1649999618530273,3.1649999618530273,3.1700000762939453,3.1600000858306885,3.1649999618530273,11445.0
2024-03-01 14:48:00,IART,36.28990173339844,36.28990173339844,36.290000915527344,36.28990173339844,36.290000915527344,924.0
2024-03-01 14:48:00,IBRX,4.849999904632568,4.849999904632568,4.855000019073486,4.849999904632568,4.855000019073486,794.0
2024-03-01 14:48:00,ICCM,1.2999999523162842,1.2999999523162842,1.2999999523162842,1.2999999523162842,1.2999999523162842,0.0
2024-03-01 14:48:00,ICLR,324.79998779296875,324.79998779296875,324.79998779296875,324.7799987792969,324.7799987792969,506.0
2024-03-01 14:48:00,IDXX,579.4650268554688,579.4650268554688,579.5,579.0800170898438,579.5,973.0
2024-03-01 14:48:00,ILMN,141.32000732421875,141.32000732421875,141.32000732421875,141.32000732421875,141.32000732421875,224.0
2024-03-01 14:48:00,IMAB,1.7999999523162842,1.7999999523162842,1.7999999523162842,1.7999999523162842,1.7999999523162842,100.0
2024-03-01 14:48:00,IMCR,67.91999816894531,67.91999816894531,67.94999694824219,67.91999816894531,67.94999694824219,773.0
2024-03-01 14:48:00,IMMX,3.5,3.5,3.505000114440918,3.5,3.505000114440918,419.0
2024-03-01 14:48:00,IMNM,25.40999984741211,25.40999984741211,25.40999984741211,25.405000686645508,25.405000686645508,600.0
2024-03-01 14:48:00,IMTX,12.819999694824219,12.819999694824219,12.819999694824219,12.819999694824219,12.819999694824219,356.0
2024-03-01 14:48:00,IMUX,1.4801000356674194,1.4801000356674194,1.4801000356674194,1.4801000356674194,1.4801000356674194,2260.0
2024-03-01 14:48:00,IMVT,35.654998779296875,35.654998779296875,35.654998779296875,35.654998779296875,35.654998779296875,272.0
2024-03-01 14:48:00,INCY,58.97999954223633,58.97999954223633,59.02000045776367,58.97999954223633,59.02000045776367,3559.0
2024-03-01 14:48:00,INGN,6.739999771118164,6.739999771118164,6.739999771118164,6.739999771118164,6.739999771118164,227.0
2024-03-01 14:48:00,INMD,22.864999771118164,22.864999771118164,22.864999771118164,22.860000610351562,22.860000610351562,862.0
2024-03-01 14:48:00,INO,9.6899995803833,9.6899995803833,9.6899995803833,9.670000076293945,9.670000076293945,345.0
2024-03-01 14:48:00,INSM,28.059999465942383,28.059999465942383,28.059999465942383,28.059999465942383,28.059999465942383,301.0
2024-03-01 14:48:00,INVA,15.520000457763672,15.520000457763672,15.529999732971191,15.520000457763672,15.529999732971191,2498.0
2024-03-01 14:48:00,INZY,6.579999923706055,6.579999923706055,6.579999923706055,6.579999923706055,6.579999923706055,100.0
2024-03-01 14:48:00,IONS,45.880001068115234,45.880001068115234,45.900001525878906,45.880001068115234,45.900001525878906,1202.0
2024-03-01 14:48:00,IOVA,16.979999542236328,16.979999542236328,17.0,16.969999313354492,16.9950008392334,21196.0
2024-03-01 14:48:00,IPA,1.910099983215332,1.910099983215332,1.910099983215332,1.910099983215332,1.910099983215332,199.0
2024-03-01 14:48:00,IPSC,3.930000066757202,3.930000066757202,3.930000066757202,3.930000066757202,3.930000066757202,224.0
2024-03-01 14:48:00,IRTC,120.86000061035156,120.86000061035156,120.86000061035156,120.86000061035156,120.86000061035156,246.0
2024-03-01 14:48:00,IRWD,8.979999542236328,8.979999542236328,8.979999542236328,8.975000381469727,8.975000381469727,4930.0
2024-03-01 14:48:00,ISRG,396.6300048828125,396.6300048828125,396.6300048828125,396.54998779296875,396.6300048828125,1183.0
2024-03-01 14:48:00,ITCI,71.94999694824219,71.94999694824219,71.94999694824219,71.93000030517578,71.94999694824219,1147.0
2024-03-01 14:48:00,JAGX,0.09099999815225601,0.09099999815225601,0.09139999747276306,0.08789999783039093,0.08799999952316284,961584.0
2024-03-01 14:48:00,JAZZ,118.98999786376953,118.98999786376953,118.98999786376953,118.86000061035156,118.93000030517578,1173.0
2024-03-01 14:48:00,KALV,14.15999984741211,14.15999984741211,14.15999984741211,14.15999984741211,14.15999984741211,446.0
2024-03-01 14:48:00,KMDA,6.400000095367432,6.400000095367432,6.400000095367432,6.400000095367432,6.400000095367432,423.0
2024-03-01 14:48:00,KNSA,21.889999389648438,21.889999389648438,21.920000076293945,21.889999389648438,21.920000076293945,1283.0
2024-03-01 14:48:00,KNTE,2.615000009536743,2.615000009536743,2.630000114440918,2.615000009536743,2.6187000274658203,8451.0
2024-03-01 14:48:00,KOD,6.054999828338623,6.054999828338623,6.054999828338623,6.04010009765625,6.04010009765625,5326.0
2024-03-01 14:48:00,KRYS,169.18499755859375,169.18499755859375,169.18499755859375,169.18499755859375,169.18499755859375,208.0
2024-03-01 14:48:00,KURA,21.899999618530273,21.899999618530273,21.905000686645508,21.885000228881836,21.885000228881836,2020.0
2024-03-01 14:48:00,KYMR,43.880001068115234,43.880001068115234,43.880001068115234,43.880001068115234,43.880001068115234,229.0
2024-03-01 14:48:00,KZR,1.059999942779541,1.059999942779541,1.065000057220459,1.059999942779541,1.059999942779541,2895.0
2024-03-01 14:48:00,LAB,2.4649999141693115,2.4649999141693115,2.4700000286102295,2.4625000953674316,2.4700000286102295,1869.0
2024-03-01 14:48:00,LBPH,21.690000534057617,21.690000534057617,21.690000534057617,21.690000534057617,21.690000534057617,1199.0
2024-03-01 14:48:00,LEGN,65.41999816894531,65.41999816894531,65.41999816894531,65.41999816894531,65.41999816894531,154.0
2024-03-01 14:48:00,LEXX,2.751800060272217,2.751800060272217,2.751800060272217,2.751800060272217,2.751800060272217,1207.0
2024-03-01 14:48:00,LFST,7.715000152587891,7.715000152587891,7.715000152587891,7.715000152587891,7.715000152587891,1391.0
2024-03-01 14:48:00,LGND,78.12000274658203,78.12000274658203,78.12000274658203,78.01000213623047,78.01000213623047,471.0
2024-03-01 14:48:00,LIVN,55.564998626708984,55.564998626708984,55.564998626708984,55.55500030517578,55.55500030517578,537.0
2024-03-01 14:48:00,LMAT,67.9800033569336,67.9800033569336,68.0199966430664,67.9800033569336,68.0199966430664,487.0
2024-03-01 14:48:00,LNTH,64.59500122070312,64.59500122070312,64.59500122070312,64.59500122070312,64.59500122070312,305.0
2024-03-01 14:48:00,LPTX,2.890000104904175,2.890000104904175,2.8949999809265137,2.890000104904175,2.8949999809265137,328.0
2024-03-01 14:48:00,LRMR,11.289999961853027,11.289999961853027,11.289999961853027,11.289999961853027,11.289999961853027,227.0
2024-03-01 14:48:00,LTRN,4.289999961853027,4.289999961853027,4.300000190734863,4.25,4.300000190734863,6184.0
2024-03-01 14:48:00,LUNG,9.484999656677246,9.484999656677246,9.5,9.479999542236328,9.5,1117.0
2024-03-01 14:48:00,LVTX,2.75,2.75,2.7899999618530273,2.75,2.759999990463257,941.0
2024-03-01 14:48:00,LXRX,2.5,2.5,2.5,2.494999885559082,2.494999885559082,417.0
2024-03-01 14:48:00,LYEL,3.1549999713897705,3.1549999713897705,3.1549999713897705,3.1524999141693115,3.1524999141693115,1129.0
2024-03-01 14:48:00,LYRA,5.679999828338623,5.679999828338623,5.695000171661377,5.679999828338623,5.695000171661377,200.0
2024-03-01 14:48:00,MACK,14.699999809265137,14.699999809265137,14.699999809265137,14.699999809265137,14.699999809265137,330.0
2024-03-01 14:48:00,MASI,127.28500366210938,127.28500366210938,127.28500366210938,127.27999877929688,127.27999877929688,708.0
2024-03-01 14:48:00,MASS,7.349999904632568,7.349999904632568,7.349999904632568,7.349999904632568,7.349999904632568,201.0
2024-03-01 14:48:00,MDRX,6.010000228881836,6.010000228881836,6.070000171661377,6.010000228881836,6.039999961853027,21048.0
2024-03-01 14:48:00,MDXG,8.649999618530273,8.649999618530273,8.670000076293945,8.649999618530273,8.670000076293945,8238.0
2024-03-01 14:48:00,ME,0.5562999844551086,0.5562999844551086,0.5566999912261963,0.5562999844551086,0.5566999912261963,2303.0
2024-03-01 14:48:00,MEDP,402.82501220703125,402.82501220703125,404.05999755859375,402.82501220703125,403.42999267578125,4590.0
2024-03-01 14:48:00,MGNX,18.90999984741211,18.90999984741211,18.989999771118164,18.90999984741211,18.979999542236328,12924.0
2024-03-01 14:48:00,MGTX,6.449999809265137,6.449999809265137,6.449999809265137,6.449999809265137,6.449999809265137,547.0
2024-03-01 14:48:00,MIRM,29.375,29.375,29.389999389648438,29.375,29.389999389648438,572.0
2024-03-01 14:48:00,MLTX,50.78010177612305,50.78010177612305,50.78010177612305,50.78010177612305,50.78010177612305,246.0
2024-03-01 14:48:00,MMSI,76.48999786376953,76.48999786376953,76.48999786376953,76.48999786376953,76.48999786376953,103.0
2024-03-01 14:48:00,MNKD,4.534999847412109,4.534999847412109,4.539999961853027,4.534999847412109,4.539999961853027,11286.0
2024-03-01 14:48:00,MNMD,6.215000152587891,6.215000152587891,6.215000152587891,6.215000152587891,6.215000152587891,361.0
2024-03-01 14:48:00,MNPR,0.8896999955177307,0.8896999955177307,0.8896999955177307,0.8896999955177307,0.8896999955177307,232.0
2024-03-01 14:48:00,MODV,28.385000228881836,28.385000228881836,28.399999618530273,28.385000228881836,28.399999618530273,313.0
2024-03-01 14:48:00,MOR,17.594999313354492,17.594999313354492,17.598499298095703,17.594999313354492,17.598499298095703,505.0
2024-03-01 14:48:00,MORF,39.61000061035156,39.61000061035156,39.619998931884766,39.61000061035156,39.61000061035156,2812.0
2024-03-01 14:48:00,MRKR,3.690000057220459,3.690000057220459,3.690000057220459,3.690000057220459,3.690000057220459,113.0
2024-03-01 14:48:00,MRNA,95.66000366210938,95.66000366210938,95.66000366210938,95.66000366210938,95.66000366210938,302.0
2024-03-01 14:48:00,MRNS,10.190099716186523,10.190099716186523,10.190099716186523,10.190099716186523,10.190099716186523,1001.0
2024-03-01 14:48:00,MRSN,5.925000190734863,5.925000190734863,5.929999828338623,5.894999980926514,5.909999847412109,13729.0
2024-03-01 14:48:00,MRUS,51.07500076293945,51.07500076293945,51.099998474121094,51.07500076293945,51.099998474121094,1189.0
2024-03-01 14:48:00,MRVI,7.75,7.75,7.760000228881836,7.75,7.760000228881836,2003.0
2024-03-01 14:48:00,MYMD,3.359999895095825,3.359999895095825,3.359999895095825,3.359999895095825,3.359999895095825,293.0
2024-03-01 14:48:00,MYNZ,0.8619999885559082,0.8619999885559082,0.8619999885559082,0.8619999885559082,0.8619999885559082,0.0
2024-03-01 14:48:00,NARI,45.96500015258789,45.96500015258789,45.96500015258789,45.93000030517578,45.93000030517578,2697.0
2024-03-01 14:48:00,NBIX,131.7899932861328,131.7899932861328,131.8000030517578,131.7550048828125,131.8000030517578,1329.0
2024-03-01 14:48:00,NEO,16.174999237060547,16.174999237060547,16.174999237060547,16.174999237060547,16.174999237060547,523.0
2024-03-01 14:48:00,NEOG,17.344999313354492,17.344999313354492,17.350000381469727,17.344999313354492,17.344999313354492,571.0
2024-03-01 14:48:00,NGM,1.5199999809265137,1.5199999809265137,1.5199999809265137,1.5199999809265137,1.5199999809265137,338.0
2024-03-01 14:48:00,NKTR,0.7804999947547913,0.7804999947547913,0.781000018119812,0.7799999713897705,0.7799999713897705,3733.0
2024-03-01 14:48:00,NKTX,12.510000228881836,12.510000228881836,12.520000457763672,12.510000228881836,12.520000457763672,612.0
2024-03-01 14:48:00,NMTC,1.25,1.25,1.25,1.25,1.25,0.0
2024-03-01 14:48:00,NNOX,10.774999618530273,10.774999618530273,10.779999732971191,10.770000457763672,10.770000457763672,2009.0
2024-03-01 14:48:00,NOTV,8.020000457763672,8.020000457763672,8.039999961853027,8.0,8.0,2449.0
2024-03-01 14:48:00,NPCE,16.270000457763672,16.270000457763672,16.270000457763672,16.270000457763672,16.270000457763672,214.0
2024-03-01 14:48:00,NRBO,6.28000020980835,6.28000020980835,6.300000190734863,6.25,6.25,5963.0
2024-03-01 14:48:00,NRIX,13.619999885559082,13.619999885559082,13.619999885559082,13.609999656677246,13.619999885559082,1548.0
2024-03-01 14:48:00,NRSN,1.975000023841858,1.975000023841858,1.9800000190734863,1.975000023841858,1.975000023841858,4180.0
2024-03-01 14:48:00,NRXP,0.43720000982284546,0.43720000982284546,0.43720000982284546,0.4309999942779541,0.4309999942779541,1128.0
2024-03-01 14:48:00,NTLA,33.41999816894531,33.41999816894531,33.439998626708984,33.41999816894531,33.439998626708984,1891.0
2024-03-01 14:48:00,NTRA,89.04000091552734,89.04000091552734,89.125,88.9749984741211,89.125,9159.0
2024-03-01 14:48:00,NUTX,0.11389999836683273,0.11389999836683273,0.11389999836683273,0.11389999836683273,0.11389999836683273,9769.0
2024-03-01 14:48:00,NUVL,87.68000030517578,87.68000030517578,87.68000030517578,87.68000030517578,87.68000030517578,141.0
2024-03-01 14:48:00,NUWE,0.5812000036239624,0.5812000036239624,0.5812000036239624,0.5812000036239624,0.5812000036239624,1683.0
2024-03-01 14:48:00,NVAX,5.364999771118164,5.364999771118164,5.369999885559082,5.360000133514404,5.364999771118164,21766.0
2024-03-01 14:48:00,NVCR,16.06999969482422,16.06999969482422,16.06999969482422,16.06999969482422,16.06999969482422,1048.0
2024-03-01 14:48:00,NXTC,1.7999999523162842,1.7999999523162842,1.7999999523162842,1.784999966621399,1.784999966621399,7398.0
2024-03-01 14:48:00,OCGN,0.9549999833106995,0.9549999833106995,0.9574999809265137,0.9549999833106995,0.9574999809265137,1658.0
2024-03-01 14:48:00,OCUL,10.704999923706055,10.704999923706055,10.71500015258789,10.699999809265137,10.71500015258789,6201.0
2024-03-01 14:48:00,OFIX,12.925000190734863,12.925000190734863,12.930000305175781,12.925000190734863,12.930000305175781,1211.0
2024-03-01 14:48:00,OLK,23.024999618530273,23.024999618530273,23.024999618530273,23.020000457763672,23.024999618530273,3880.0
2024-03-01 14:48:00,OLMA,14.949999809265137,14.949999809265137,14.970000267028809,14.949999809265137,14.960000038146973,2196.0
2024-03-01 14:48:00,OMER,4.800099849700928,4.800099849700928,4.800099849700928,4.800099849700928,4.800099849700928,1117.0
2024-03-01 14:48:00,OMGA,4.409999847412109,4.409999847412109,4.420000076293945,4.409999847412109,4.420000076293945,2603.0
2024-03-01 14:48:00,ONCT,10.6003999710083,10.6003999710083,10.6003999710083,10.6003999710083,10.6003999710083,1132.0
2024-03-01 14:49:00,AADI,1.9700000286102295,1.9700000286102295,1.9700000286102295,1.9700000286102295,1.9700000286102295,101.0
2024-03-01 14:49:00,ABCL,5.114999771118164,5.114999771118164,5.115099906921387,5.110000133514404,5.110000133514404,4533.0
2024-03-01 14:49:00,ABEO,7.730000019073486,7.730000019073486,7.769999980926514,7.730000019073486,7.761199951171875,1132.0
2024-03-01 14:49:00,ABOS,4.659999847412109,4.659999847412109,4.659999847412109,4.650000095367432,4.659999847412109,3257.0
2024-03-01 14:49:00,ABSI,5.559999942779541,5.559999942779541,5.570000171661377,5.539999961853027,5.550000190734863,8349.0
2024-03-01 14:49:00,ABUS,2.765000104904175,2.765000104904175,2.765000104904175,2.765000104904175,2.765000104904175,127.0
2024-03-01 14:49:00,ACAD,24.09000015258789,24.09000015258789,24.09000015258789,24.075000762939453,24.075000762939453,2886.0
2024-03-01 14:49:00,ACCD,10.069999694824219,10.069999694824219,10.079999923706055,10.069999694824219,10.079999923706055,726.0
2024-03-01 14:49:00,ACET,2.3949999809265137,2.3949999809265137,2.4000000953674316,2.390000104904175,2.3949999809265137,700.0
2024-03-01 14:49:00,ACHV,4.360000133514404,4.360000133514404,4.360000133514404,4.359899997711182,4.359899997711182,1916.0
2024-03-01 14:49:00,ACON,0.39989998936653137,0.39989998936653137,0.39989998936653137,0.39989998936653137,0.39989998936653137,990.0
2024-03-01 14:49:00,ACRS,1.2350000143051147,1.2350000143051147,1.2400000095367432,1.2300000190734863,1.2300000190734863,1920.0
2024-03-01 14:49:00,ADIL,3.0,3.0,3.0299999713897705,2.9600000381469727,3.029900074005127,33659.0
2024-03-01 14:49:00,ADMA,5.545000076293945,5.545000076293945,5.550000190734863,5.534999847412109,5.539999961853027,7051.0
2024-03-01 14:49:00,ADPT,4.090000152587891,4.090000152587891,4.09499979019165,4.090000152587891,4.090000152587891,762.0
2024-03-01 14:49:00,ADVM,1.9700000286102295,1.9700000286102295,1.9800000190734863,1.9700000286102295,1.9800000190734863,1141.0
2024-03-01 14:49:00,AFMD,0.6700999736785889,0.6700999736785889,0.6700999736785889,0.6700999736785889,0.6700999736785889,15419.0
2024-03-01 14:49:00,AGEN,0.6700500249862671,0.6700500249862671,0.6700999736785889,0.6700500249862671,0.6700500249862671,2745.0
2024-03-01 14:49:00,AGIO,32.470001220703125,32.470001220703125,32.470001220703125,32.40999984741211,32.435001373291016,1994.0
2024-03-01 14:49:00,AHCO,10.505000114440918,10.505000114440918,10.505000114440918,10.489999771118164,10.494999885559082,1692.0
2024-03-01 14:49:00,AIH,0.5202999711036682,0.5202999711036682,0.5202999711036682,0.5202999711036682,0.5202999711036682,0.0
2024-03-01 14:49:00,AKBA,1.684999942779541,1.684999942779541,1.690000057220459,1.684999942779541,1.684999942779541,858.0
2024-03-01 14:49:00,AKRO,28.860000610351562,28.860000610351562,28.860000610351562,28.829999923706055,28.850000381469727,1188.0
2024-03-01 14:49:00,ALDX,4.309999942779541,4.309999942779541,4.309999942779541,4.304999828338623,4.304999828338623,300.0
2024-03-01 14:49:00,ALEC,7.480000019073486,7.480000019073486,7.480000019073486,7.46999979019165,7.46999979019165,4350.0
2024-03-01 14:49:00,ALHC,5.695000171661377,5.695000171661377,5.701000213623047,5.695000171661377,5.699999809265137,822.0
2024-03-01 14:49:00,ALKS,30.299999237060547,30.299999237060547,30.299999237060547,30.290000915527344,30.290000915527344,1777.0
2024-03-01 14:49:00,ALLK,1.6799999475479126,1.6799999475479126,1.6799999475479126,1.6699999570846558,1.6699999570846558,5108.0
2024-03-01 14:49:00,ALLO,5.014999866485596,5.014999866485596,5.019999980926514,5.010000228881836,5.010000228881836,1640.0
2024-03-01 14:49:00,ALNY,153.40499877929688,153.40499877929688,153.4600067138672,153.40499877929688,153.4600067138672,675.0
2024-03-01 14:49:00,ALPN,35.90999984741211,35.90999984741211,35.93000030517578,35.88999938964844,35.88999938964844,1118.0
2024-03-01 14:49:00,ALT,12.09000015258789,12.09000015258789,12.09000015258789,12.079999923706055,12.079999923706055,2261.0
2024-03-01 14:49:00,ALVO,15.640000343322754,15.640000343322754,15.640000343322754,15.625,15.625,1903.0
2024-03-01 14:49:00,ALVR,0.7414000034332275,0.7414000034332275,0.7491000294685364,0.7414000034332275,0.7491000294685364,200.0
2024-03-01 14:49:00,ALZN,0.9110919833183289,0.9110919833183289,0.9110919833183289,0.9110919833183289,0.9110919833183289,250.0
2024-03-01 14:49:00,AMED,93.22000122070312,93.22000122070312,93.22000122070312,93.22000122070312,93.22000122070312,289.0
2024-03-01 14:49:00,AMGN,280.94500732421875,280.94500732421875,281.0050048828125,280.94500732421875,280.9949951171875,2696.0
2024-03-01 14:49:00,AMLX,18.829999923706055,18.829999923706055,18.829999923706055,18.81999969482422,18.81999969482422,3322.0
2024-03-01 14:49:00,AMPH,45.59000015258789,45.59000015258789,45.59000015258789,45.52000045776367,45.52000045776367,4453.0
2024-03-01 14:49:00,AMRN,1.0549999475479126,1.0549999475479126,1.0549999475479126,1.051300048828125,1.0549999475479126,2675.0
2024-03-01 14:49:00,ANAB,25.469999313354492,25.469999313354492,25.469999313354492,25.469999313354492,25.469999313354492,3456.0
2024-03-01 14:49:00,ANGO,5.489999771118164,5.489999771118164,5.489999771118164,5.489999771118164,5.489999771118164,467.0
2024-03-01 14:49:00,ANNX,6.070000171661377,6.070000171661377,6.070000171661377,6.070000171661377,6.070000171661377,603.0
2024-03-01 14:49:00,APLS,64.2300033569336,64.2300033569336,64.2300033569336,64.19000244140625,64.19000244140625,558.0
2024-03-01 14:49:00,APLT,7.059999942779541,7.059999942779541,7.079999923706055,7.050000190734863,7.050000190734863,5139.0
2024-03-01 14:49:00,APVO,0.1574999988079071,0.1574999988079071,0.16019999980926514,0.1574999988079071,0.16019999980926514,1387.0
2024-03-01 14:49:00,AQST,4.12470006942749,4.12470006942749,4.130000114440918,4.119999885559082,4.130000114440918,3860.0
2024-03-01 14:49:00,ARDX,9.470000267028809,9.470000267028809,9.479999542236328,9.470000267028809,9.470000267028809,2326.0
2024-03-01 14:49:00,ARQT,11.609999656677246,11.609999656677246,11.609999656677246,11.569999694824219,11.59000015258789,21873.0
2024-03-01 14:49:00,ARVN,48.41999816894531,48.41999816894531,48.459999084472656,48.380001068115234,48.38999938964844,3698.0
2024-03-01 14:49:00,ARWR,35.11000061035156,35.11000061035156,35.11000061035156,35.08000183105469,35.08000183105469,3384.0
2024-03-01 14:49:00,ASLN,0.7300000190734863,0.7300000190734863,0.7300000190734863,0.7300000190734863,0.7300000190734863,104.0
2024-03-01 14:49:00,ASND,153.47999572753906,153.47999572753906,153.64999389648438,153.3699951171875,153.3699951171875,2048.0
2024-03-01 14:49:00,ASRT,0.8787000179290771,0.8787000179290771,0.8841500282287598,0.8787000179290771,0.883899986743927,401.0
2024-03-01 14:49:00,ATAI,2.165800094604492,2.165800094604492,2.165800094604492,2.160099983215332,2.160099983215332,745.0
2024-03-01 14:49:00,ATEC,13.4350004196167,13.4350004196167,13.4399995803833,13.4350004196167,13.4350004196167,778.0
2024-03-01 14:49:00,ATRA,0.7947999835014343,0.7947999835014343,0.7947999835014343,0.7928000092506409,0.7930989861488342,7200.0
2024-03-01 14:49:00,ATRC,36.084999084472656,36.084999084472656,36.099998474121094,36.06999969482422,36.06999969482422,1884.0
2024-03-01 14:49:00,ATXS,14.970000267028809,14.970000267028809,14.970000267028809,14.970000267028809,14.970000267028809,883.0
2024-03-01 14:49:00,AUPH,5.804999828338623,5.804999828338623,5.804999828338623,5.800000190734863,5.800000190734863,825.0
2024-03-01 14:49:00,AVDL,13.289999961853027,13.289999961853027,13.289999961853027,13.28499984741211,13.28499984741211,1126.0
2024-03-01 14:49:00,AVGR,3.809999942779541,3.809999942779541,3.809999942779541,3.7899999618530273,3.7899999618530273,557.0
2024-03-01 14:49:00,AVRO,1.340000033378601,1.340000033378601,1.340000033378601,1.340000033378601,1.340000033378601,7137.0
2024-03-01 14:49:00,AVXL,5.380000114440918,5.380000114440918,5.385000228881836,5.369999885559082,5.369999885559082,2442.0
2024-03-01 14:49:00,AXDX,0.9904999732971191,0.9904999732971191,0.9904999732971191,0.9904999732971191,0.9904999732971191,105.0
2024-03-01 14:49:00,AXNX,67.5999984741211,67.5999984741211,67.63999938964844,67.54000091552734,67.55000305175781,7521.0
2024-03-01 14:49:00,AXSM,82.0999984741211,82.0999984741211,82.0999984741211,82.0999984741211,82.0999984741211,661.0
2024-03-01 14:49:00,AZN,64.6801986694336,64.6801986694336,64.69000244140625,64.68000030517578,64.68499755859375,1132.0
2024-03-01 14:49:00,BBIO,35.94499969482422,35.94499969482422,35.94499969482422,35.88999938964844,35.88999938964844,955.0
2024-03-01 14:49:00,BBLG,2.4581000804901123,2.4581000804901123,2.4581000804901123,2.4581000804901123,2.4581000804901123,100.0
2024-03-01 14:49:00,BCAB,2.7950000762939453,2.7950000762939453,2.799999952316284,2.7950000762939453,2.7950000762939453,1160.0
2024-03-01 14:49:00,BCRX,5.71999979019165,5.71999979019165,5.71999979019165,5.7129998207092285,5.715000152587891,984.0
2024-03-01 14:49:00,BDTX,4.71999979019165,4.71999979019165,4.735000133514404,4.71999979019165,4.730000019073486,2684.0
2024-03-01 14:49:00,BEAM,39.95000076293945,39.95000076293945,39.95000076293945,39.842098236083984,39.880001068115234,3038.0
2024-03-01 14:49:00,BEAT,1.5815999507904053,1.5815999507904053,1.5815999507904053,1.5815999507904053,1.5815999507904053,130.0
2024-03-01 14:49:00,BIOL,0.14399999380111694,0.14399999380111694,0.14399999380111694,0.14399999380111694,0.14399999380111694,2394.0
2024-03-01 14:49:00,BIVI,2.0694000720977783,2.0694000720977783,2.069999933242798,2.059999942779541,2.069999933242798,14411.0
2024-03-01 14:49:00,BLFS,17.950000762939453,17.950000762939453,17.950000762939453,17.950000762939453,17.950000762939453,431.0
2024-03-01 14:49:00,BLUE,1.5750000476837158,1.5750000476837158,1.5850000381469727,1.5750000476837158,1.5800000429153442,26264.0
2024-03-01 14:49:00,BMEA,18.219999313354492,18.219999313354492,18.219999313354492,18.209999084472656,18.209999084472656,930.0
2024-03-01 14:49:00,BMRA,1.2000000476837158,1.2000000476837158,1.2000000476837158,1.2000000476837158,1.2000000476837158,100.0
2024-03-01 14:49:00,BMRN,87.91000366210938,87.91000366210938,88.02999877929688,87.91000366210938,88.02999877929688,34155.0
2024-03-01 14:49:00,BNTX,91.12000274658203,91.12000274658203,91.12000274658203,91.12000274658203,91.12000274658203,2204.0
2024-03-01 14:49:00,BPMC,96.37000274658203,96.37000274658203,96.375,96.30999755859375,96.375,1566.0
2024-03-01 14:49:00,BRKR,88.6500015258789,88.6500015258789,88.6500015258789,88.63999938964844,88.6500015258789,1055.0
2024-03-01 14:49:00,BVS,4.730000019073486,4.730000019073486,4.730000019073486,4.730000019073486,4.730000019073486,100.0
2024-03-01 14:49:00,CABA,23.979999542236328,23.979999542236328,24.010000228881836,23.979999542236328,24.0,5114.0
2024-03-01 14:49:00,CARA,0.9599999785423279,0.9599999785423279,0.9599999785423279,0.9502999782562256,0.9502999782562256,1494.0
2024-03-01 14:49:00,CBAY,32.22999954223633,32.22999954223633,32.22999954223633,32.224998474121094,32.224998474121094,3564.0
2024-03-01 14:49:00,CCCC,11.095000267028809,11.095000267028809,11.104999542236328,11.055000305175781,11.058799743652344,43519.0
2024-03-01 14:49:00,CCRN,18.270000457763672,18.270000457763672,18.270000457763672,18.270000457763672,18.270000457763672,744.0
2024-03-01 14:49:00,CDMO,8.229999542236328,8.229999542236328,8.229999542236328,8.229999542236328,8.229999542236328,103.0
2024-03-01 14:49:00,CDNA,12.40999984741211,12.40999984741211,12.40999984741211,12.380000114440918,12.390000343322754,2396.0
2024-03-01 14:49:00,CDXS,4.559999942779541,4.559999942779541,4.565000057220459,4.550000190734863,4.554999828338623,1493.0
2024-03-01 14:49:00,CELC,17.200000762939453,17.200000762939453,17.200000762939453,17.200000762939453,17.200000762939453,357.0
2024-03-01 14:49:00,CELZ,4.269899845123291,4.269899845123291,4.269899845123291,4.269899845123291,4.269899845123291,253.0
2024-03-01 14:49:00,CERE,41.084999084472656,41.084999084472656,41.084999084472656,41.06999969482422,41.06999969482422,1740.0
2024-03-01 14:49:00,CERS,2.174999952316284,2.174999952316284,2.174999952316284,2.174999952316284,2.174999952316284,210.0
2024-03-01 14:49:00,CERT,18.18000030517578,18.18000030517578,18.18000030517578,18.170000076293945,18.170000076293945,458.0
2024-03-01 14:49:00,CGC,3.2100000381469727,3.2100000381469727,3.2200000286102295,3.2100000381469727,3.2200000286102295,19500.0
2024-03-01 14:49:00,CGEM,18.80500030517578,18.80500030517578,18.80500030517578,18.760000228881836,18.760000228881836,257.0
2024-03-01 14:49:00,CHRS,2.440000057220459,2.440000057220459,2.440000057220459,2.434999942779541,2.434999942779541,1584.0
2024-03-01 14:49:00,CJJD,2.809999942779541,2.809999942779541,2.809999942779541,2.809999942779541,2.809999942779541,1200.0
2024-03-01 14:49:00,CLDX,52.369998931884766,52.369998931884766,52.369998931884766,52.310001373291016,52.31999969482422,3181.0
2024-03-01 14:49:00,CLOV,0.8651000261306763,0.8651000261306763,0.8654999732971191,0.8651000261306763,0.8654999732971191,4164.0
2024-03-01 14:49:00,CLPT,6.539999961853027,6.539999961853027,6.539999961853027,6.539999961853027,6.539999961853027,1115.0
2024-03-01 14:49:00,CLRB,4.110000133514404,4.110000133514404,4.110000133514404,4.110000133514404,4.110000133514404,255.0
2024-03-01 14:49:00,CLSD,1.381100058555603,1.381100058555603,1.381100058555603,1.381100058555603,1.381100058555603,133.0
2024-03-01 14:49:00,CMPS,11.869999885559082,11.869999885559082,11.869999885559082,11.850000381469727,11.854999542236328,2526.0
2024-03-01 14:49:00,COGT,7.215000152587891,7.215000152587891,7.215000152587891,7.204999923706055,7.204999923706055,4304.0
2024-03-01 14:49:00,CPRX,17.2549991607666,17.2549991607666,17.264999389648438,17.25,17.260000228881836,3517.0
2024-03-01 14:49:00,CPSI,9.430000305175781,9.430000305175781,9.430000305175781,9.430000305175781,9.430000305175781,310.0
2024-03-01 14:49:00,CRBP,32.630001068115234,32.630001068115234,32.650001525878906,32.474998474121094,32.474998474121094,5339.0
2024-03-01 14:49:00,CRBU,7.889999866485596,7.889999866485596,7.889999866485596,7.869999885559082,7.869999885559082,3622.0
2024-03-01 14:49:00,CRDF,2.7320001125335693,2.7320001125335693,2.759999990463257,2.650099992752075,2.75,237327.0
2024-03-01 14:49:00,CRIS,10.199999809265137,10.199999809265137,10.199999809265137,10.199999809265137,10.199999809265137,140.0
2024-03-01 14:49:00,CRMD,3.680000066757202,3.680000066757202,3.680000066757202,3.680000066757202,3.680000066757202,280.0
2024-03-01 14:49:00,CRNX,46.380001068115234,46.380001068115234,46.43000030517578,46.36000061035156,46.36000061035156,4979.0
2024-03-01 14:49:00,CRON,2.0350000858306885,2.0350000858306885,2.0381999015808105,2.0299999713897705,2.0348000526428223,2769.0
2024-03-01 14:49:00,CRSP,85.26000213623047,85.26000213623047,85.26000213623047,85.19000244140625,85.19000244140625,1025.0
2024-03-01 14:49:00,CSTL,19.864999771118164,19.864999771118164,19.864999771118164,19.864999771118164,19.864999771118164,949.0
2024-03-01 14:49:00,CTKB,9.010000228881836,9.010000228881836,9.010000228881836,8.970000267028809,8.970000267028809,5415.0
2024-03-01 14:49:00,CTMX,2.515000104904175,2.515000104904175,2.515000104904175,2.509999990463257,2.515000104904175,6259.0
2024-03-01 14:49:00,CTSO,0.9900000095367432,0.9900000095367432,0.9900000095367432,0.9900000095367432,0.9900000095367432,2372.0
2024-03-01 14:49:00,CUTR,2.4000000953674316,2.4000000953674316,2.4000000953674316,2.4000000953674316,2.4000000953674316,1885.0
2024-03-01 14:49:00,CVAC,3.4700000286102295,3.4700000286102295,3.4700000286102295,3.4625000953674316,3.4663000106811523,2046.0
2024-03-01 14:49:00,CYTK,73.88999938964844,73.88999938964844,73.88999938964844,73.6500015258789,73.6500015258789,2960.0
2024-03-01 14:49:00,DARE,0.5630000233650208,0.5630000233650208,0.5647000074386597,0.5630000233650208,0.5647000074386597,3428.0
2024-03-01 14:49:00,DAWN,17.670000076293945,17.670000076293945,17.68000030517578,17.649999618530273,17.665000915527344,1974.0
2024-03-01 14:49:00,DCGO,4.119999885559082,4.119999885559082,4.119999885559082,4.119999885559082,4.119999885559082,202.0
2024-03-01 14:49:00,DCPH,17.559999465942383,17.559999465942383,17.559999465942383,17.559999465942383,17.559999465942383,1006.0
2024-03-01 14:49:00,DNLI,21.18000030517578,21.18000030517578,21.184999465942383,21.170000076293945,21.170000076293945,1135.0
2024-03-01 14:49:00,DRIO,1.9900000095367432,1.9900000095367432,1.9900000095367432,1.9900000095367432,1.9900000095367432,121.0
2024-03-01 14:49:00,DSGN,2.889899969100952,2.889899969100952,2.889899969100952,2.889899969100952,2.889899969100952,702.0
2024-03-01 14:49:00,DTIL,12.460000038146973,12.460000038146973,12.479999542236328,12.460000038146973,12.460000038146973,5929.0
2024-03-01 14:49:00,DVAX,12.829999923706055,12.829999923706055,12.835000038146973,12.819999694824219,12.835000038146973,8646.0
2024-03-01 14:49:00,DXCM,121.2300033569336,121.2300033569336,121.25,121.2300033569336,121.25,2083.0
2024-03-01 14:49:00,DYN,29.15999984741211,29.15999984741211,29.15999984741211,29.020000457763672,29.020000457763672,5031.0
2024-03-01 14:49:00,EDIT,10.824999809265137,10.824999809265137,10.824999809265137,10.8149995803833,10.8149995803833,3073.0
2024-03-01 14:49:00,EFTR,15.850000381469727,15.850000381469727,15.850000381469727,15.850000381469727,15.850000381469727,200.0
2024-03-01 14:49:00,EGRX,6.619999885559082,6.619999885559082,6.619999885559082,6.619999885559082,6.619999885559082,239.0
2024-03-01 14:49:00,ELEV,5.099999904632568,5.099999904632568,5.130000114440918,5.099999904632568,5.099999904632568,7268.0
2024-03-01 14:49:00,EMBC,14.274999618530273,14.274999618530273,14.279999732971191,14.274999618530273,14.279999732971191,487.0
2024-03-01 14:49:00,ENTA,15.484999656677246,15.484999656677246,15.484999656677246,15.484999656677246,15.484999656677246,509.0
2024-03-01 14:49:00,ENVB,1.559999942779541,1.559999942779541,1.559999942779541,1.5507999658584595,1.559999942779541,1774.0
2024-03-01 14:49:00,EOLS,14.80780029296875,14.80780029296875,14.80780029296875,14.800000190734863,14.800000190734863,1159.0
2024-03-01 14:49:00,ERAS,2.509999990463257,2.509999990463257,2.509999990463257,2.509999990463257,2.509999990463257,110.0
2024-03-01 14:49:00,ESPR,2.549999952316284,2.549999952316284,2.555000066757202,2.549999952316284,2.555000066757202,692.0
2024-03-01 14:49:00,ESTA,43.849998474121094,43.849998474121094,43.849998474121094,43.849998474121094,43.849998474121094,443.0
2024-03-01 14:49:00,ETNB,12.930000305175781,12.930000305175781,12.9399995803833,12.920000076293945,12.92770004272461,3725.0
2024-03-01 14:49:00,EVLO,0.0689999982714653,0.0689999982714653,0.0689999982714653,0.0689999982714653,0.0689999982714653,0.0
2024-03-01 14:49:00,EWTX,17.049999237060547,17.049999237060547,17.059999465942383,17.049999237060547,17.049999237060547,1927.0
2024-03-01 14:49:00,EXAI,6.670000076293945,6.670000076293945,6.670000076293945,6.670000076293945,6.670000076293945,1123.0
2024-03-01 14:49:00,EXAS,59.93000030517578,59.93000030517578,59.93000030517578,59.880001068115234,59.880001068115234,3318.0
2024-03-01 14:49:00,EXEL,22.392499923706055,22.392499923706055,22.399999618530273,22.389999389648438,22.389999389648438,2403.0
2024-03-01 14:49:00,EYEN,2.369999885559082,2.369999885559082,2.3791000843048096,2.369999885559082,2.3791000843048096,9169.0
2024-03-01 14:49:00,EYPT,27.950000762939453,27.950000762939453,27.950000762939453,27.950000762939453,27.950000762939453,115.0
2024-03-01 14:49:00,FATE,7.78000020980835,7.78000020980835,7.78000020980835,7.764999866485596,7.764999866485596,4249.0
2024-03-01 14:49:00,FBIO,2.390000104904175,2.390000104904175,2.390000104904175,2.390000104904175,2.390000104904175,109.0
2024-03-01 14:49:00,FDMT,29.46500015258789,29.46500015258789,29.46500015258789,29.46500015258789,29.46500015258789,731.0
2024-03-01 14:49:00,FENC,9.800000190734863,9.800000190734863,9.850000381469727,9.800000190734863,9.850000381469727,6996.0
2024-03-01 14:49:00,FGEN,1.850000023841858,1.850000023841858,1.8550000190734863,1.840000033378601,1.840000033378601,6918.0
2024-03-01 14:49:00,FHTX,8.125,8.125,8.125,8.0,8.0,1728.0
2024-03-01 14:49:00,FOLD,13.3100004196167,13.3100004196167,13.3100004196167,13.305000305175781,13.305000305175781,1527.0
2024-03-01 14:49:00,FULC,11.109999656677246,11.109999656677246,11.109999656677246,11.100000381469727,11.100000381469727,1011.0
2024-03-01 14:49:00,FUSN,12.175000190734863,12.175000190734863,12.175000190734863,12.175000190734863,12.175000190734863,380.0
2024-03-01 14:49:00,GANX,4.619999885559082,4.619999885559082,4.619999885559082,4.619999885559082,4.619999885559082,100.0
2024-03-01 14:49:00,GDRX,8.505000114440918,8.505000114440918,8.505000114440918,8.490599632263184,8.490599632263184,4626.0
2024-03-01 14:49:00,GERN,2.244999885559082,2.244999885559082,2.244999885559082,2.240000009536743,2.244999885559082,4961.0
2024-03-01 14:49:00,GH,19.100000381469727,19.100000381469727,19.100000381469727,19.06999969482422,19.079999923706055,5108.0
2024-03-01 14:49:00,GILD,72.51499938964844,72.51499938964844,72.51499938964844,72.49500274658203,72.5,4064.0
2024-03-01 14:49:00,GLTO,0.8055999875068665,0.8055999875068665,0.8055999875068665,0.8055999875068665,0.8055999875068665,1250.0
2024-03-01 14:49:00,GMAB,29.429899215698242,29.429899215698242,29.429899215698242,29.415000915527344,29.415000915527344,1290.0
2024-03-01 14:49:00,GMDA,0.3808000087738037,0.3808000087738037,0.38190001249313354,0.3801000118255615,0.38190001249313354,742.0
2024-03-01 14:49:00,GOSS,1.4149999618530273,1.4149999618530273,1.4199999570846558,1.409999966621399,1.4149999618530273,1900.0
2024-03-01 14:49:00,GRFS,7.005000114440918,7.005000114440918,7.010000228881836,6.994999885559082,7.0,13457.0
2024-03-01 14:49:00,GRTS,2.1050000190734863,2.1050000190734863,2.109999895095825,2.0999999046325684,2.1098999977111816,6589.0
2024-03-01 14:49:00,GRTX,0.23000000417232513,0.23000000417232513,0.2329999953508377,0.23000000417232513,0.2329999953508377,577.0
2024-03-01 14:49:00,GTHX,3.7850000858306885,3.7850000858306885,3.7850000858306885,3.759999990463257,3.759999990463257,3538.0
2024-03-01 14:49:00,HALO,41.25,41.25,41.25,41.2400016784668,41.2400016784668,1767.0
2024-03-01 14:49:00,HARP,22.950000762939453,22.950000762939453,22.950000762939453,22.950000762939453,22.950000762939453,119.0
2024-03-01 14:49:00,HCAT,8.175000190734863,8.175000190734863,8.175000190734863,8.164999961853027,8.164999961853027,1670.0
2024-03-01 14:49:00,HCM,15.220000267028809,15.220000267028809,15.220000267028809,15.220000267028809,15.220000267028809,0.0
2024-03-01 14:49:00,HCSG,12.800000190734863,12.800000190734863,12.8149995803833,12.7677001953125,12.800000190734863,20157.0
2024-03-01 14:49:00,HCTI,2.049999952316284,2.049999952316284,2.049999952316284,2.049999952316284,2.049999952316284,285.0
2024-03-01 14:49:00,HOLX,74.37000274658203,74.37000274658203,74.37000274658203,74.3499984741211,74.3499984741211,1992.0
2024-03-01 14:49:00,HQY,81.42500305175781,81.42500305175781,81.42500305175781,81.4000015258789,81.4000015258789,412.0
2024-03-01 14:49:00,HROW,10.930000305175781,10.930000305175781,10.930000305175781,10.925000190734863,10.925000190734863,650.0
2024-03-01 14:49:00,HRTX,2.617500066757202,2.617500066757202,2.617500066757202,2.609999895095825,2.609999895095825,544.0
2024-03-01 14:49:00,HSIC,76.80999755859375,76.80999755859375,76.80999755859375,76.80000305175781,76.80000305175781,730.0
2024-03-01 14:49:00,HUMA,3.219899892807007,3.219899892807007,3.219899892807007,3.1649999618530273,3.1649999618530273,21072.0
2024-03-01 14:49:00,IART,36.290000915527344,36.290000915527344,36.290000915527344,36.290000915527344,36.290000915527344,1668.0
2024-03-01 14:49:00,IBRX,4.840000152587891,4.840000152587891,4.849999904632568,4.840000152587891,4.849999904632568,3186.0
2024-03-01 14:49:00,ICLR,325.0,325.0,325.0,324.8500061035156,324.8800048828125,1320.0
2024-03-01 14:49:00,ICUI,105.94000244140625,105.94000244140625,105.94000244140625,105.94000244140625,105.94000244140625,370.0
2024-03-01 14:49:00,IDYA,46.43000030517578,46.43000030517578,46.5,46.43000030517578,46.5,3089.0
2024-03-01 14:49:00,IKNA,1.4850000143051147,1.4850000143051147,1.4850000143051147,1.4850000143051147,1.4850000143051147,240.0
2024-03-01 14:49:00,ILMN,141.47000122070312,141.47000122070312,141.47000122070312,141.3350067138672,141.3800048828125,3204.0
2024-03-01 14:49:00,IMAB,1.804900050163269,1.804900050163269,1.804900050163269,1.804900050163269,1.804900050163269,111.0
2024-03-01 14:49:00,IMMX,3.509999990463257,3.509999990463257,3.509999990463257,3.505000114440918,3.505000114440918,702.0
2024-03-01 14:49:00,IMNM,25.5,25.5,25.5,25.459999084472656,25.469999313354492,1407.0
2024-03-01 14:49:00,IMVT,35.689998626708984,35.689998626708984,35.689998626708984,35.654998779296875,35.654998779296875,2669.0
2024-03-01 14:49:00,INCY,59.0099983215332,59.0099983215332,59.0099983215332,58.970001220703125,58.970001220703125,2898.0
2024-03-01 14:49:00,INGN,6.75,6.75,6.75,6.75,6.75,128.0
2024-03-01 14:49:00,INMD,22.8799991607666,22.8799991607666,22.8799991607666,22.8700008392334,22.875,1154.0
2024-03-01 14:49:00,INO,9.65999984741211,9.65999984741211,9.675000190734863,9.654999732971191,9.675000190734863,1142.0
2024-03-01 14:49:00,INSM,28.059999465942383,28.059999465942383,28.059999465942383,28.059999465942383,28.059999465942383,428.0
2024-03-01 14:49:00,INVA,15.510000228881836,15.510000228881836,15.510000228881836,15.510000228881836,15.510000228881836,755.0
2024-03-01 14:49:00,INZY,6.590000152587891,6.590000152587891,6.590000152587891,6.590000152587891,6.590000152587891,1718.0
2024-03-01 14:49:00,IONS,45.88999938964844,45.88999938964844,45.88999938964844,45.86000061035156,45.869998931884766,3401.0
2024-03-01 14:49:00,IOVA,17.024999618530273,17.024999618530273,17.040000915527344,16.975000381469727,16.975000381469727,20491.0
2024-03-01 14:49:00,IPSC,3.9100000858306885,3.9100000858306885,3.9100000858306885,3.9100000858306885,3.9100000858306885,408.0
2024-03-01 14:49:00,IRWD,8.975000381469727,8.975000381469727,8.979999542236328,8.970100402832031,8.975000381469727,7002.0
2024-03-01 14:49:00,ISRG,396.6199951171875,396.6199951171875,396.6199951171875,396.4800109863281,396.54998779296875,2829.0
2024-03-01 14:49:00,ITCI,71.9800033569336,71.9800033569336,71.9800033569336,71.95999908447266,71.97000122070312,1040.0
2024-03-01 14:49:00,ITOS,11.350000381469727,11.350000381469727,11.350000381469727,11.350000381469727,11.350000381469727,106.0
2024-03-01 14:49:00,IVVD,3.9800000190734863,3.9800000190734863,3.9800000190734863,3.9800000190734863,3.9800000190734863,204.0
2024-03-01 14:49:00,IXHL,5.480000019073486,5.480000019073486,5.480000019073486,5.480000019073486,5.480000019073486,207.0
2024-03-01 14:49:00,JAGX,0.09359999746084213,0.09359999746084213,0.09549999982118607,0.09030000120401382,0.09099999815225601,2159938.0
2024-03-01 14:49:00,JAZZ,118.9800033569336,118.9800033569336,118.9800033569336,118.91999816894531,118.91999816894531,1913.0
2024-03-01 14:49:00,JSPR,21.600000381469727,21.600000381469727,21.600000381469727,21.600000381469727,21.600000381469727,100.0
2024-03-01 14:49:00,KNSA,21.90999984741211,21.90999984741211,21.90999984741211,21.90999984741211,21.90999984741211,200.0
2024-03-01 14:49:00,KNTE,2.630000114440918,2.630000114440918,2.630000114440918,2.615000009536743,2.619999885559082,11831.0
2024-03-01 14:49:00,KOD,6.079999923706055,6.079999923706055,6.085000038146973,6.059999942779541,6.059999942779541,1395.0
2024-03-01 14:49:00,KPTI,1.190000057220459,1.190000057220459,1.190000057220459,1.1698999404907227,1.1698999404907227,22044.0
2024-03-01 14:49:00,KROS,69.63999938964844,69.63999938964844,69.63999938964844,69.63999938964844,69.63999938964844,1244.0
2024-03-01 14:49:00,KRTX,315.81500244140625,315.81500244140625,315.81500244140625,315.81500244140625,315.81500244140625,210.0
2024-03-01 14:49:00,KRYS,169.1999969482422,169.1999969482422,169.1999969482422,169.1999969482422,169.1999969482422,364.0
2024-03-01 14:49:00,KURA,21.899999618530273,21.899999618530273,21.899999618530273,21.899999618530273,21.899999618530273,800.0
2024-03-01 14:49:00,KYMR,43.709999084472656,43.709999084472656,43.84000015258789,43.70000076293945,43.84000015258789,1343.0
2024-03-01 14:49:00,KZR,1.065000057220459,1.065000057220459,1.0700000524520874,1.065000057220459,1.065000057220459,4090.0
2024-03-01 14:49:00,LAB,2.4649999141693115,2.4649999141693115,2.4700000286102295,2.450000047683716,2.4600000381469727,56295.0
2024-03-01 14:49:00,LFMD,7.949999809265137,7.949999809265137,7.96999979019165,7.949999809265137,7.960000038146973,761.0
2024-03-01 14:49:00,LFST,7.716000080108643,7.716000080108643,7.716000080108643,7.716000080108643,7.716000080108643,1780.0
2024-03-01 14:49:00,LGVN,0.5450000166893005,0.5450000166893005,0.5450000166893005,0.5450000166893005,0.5450000166893005,201.0
2024-03-01 14:49:00,LIVN,55.564998626708984,55.564998626708984,55.58000183105469,55.540000915527344,55.56999969482422,648.0
2024-03-01 14:49:00,LMAT,68.09500122070312,68.09500122070312,68.09500122070312,68.09500122070312,68.09500122070312,126.0
2024-03-01 14:49:00,LNTH,64.56999969482422,64.56999969482422,64.56999969482422,64.56999969482422,64.56999969482422,2703.0
2024-03-01 14:49:00,LPTX,2.9000000953674316,2.9000000953674316,2.9000000953674316,2.890000104904175,2.9000000953674316,1871.0
2024-03-01 14:49:00,LQDA,14.649999618530273,14.649999618530273,14.649999618530273,14.619999885559082,14.619999885559082,2080.0
2024-03-01 14:49:00,LTRN,4.25,4.25,4.289999961853027,4.25,4.289999961853027,2256.0
2024-03-01 14:49:00,LUNG,9.484999656677246,9.484999656677246,9.484999656677246,9.484999656677246,9.484999656677246,100.0
2024-03-01 14:49:00,LVTX,2.7699999809265137,2.7699999809265137,2.7899999618530273,2.7699999809265137,2.7899999618530273,3205.0
2024-03-01 14:49:00,LXRX,2.494999885559082,2.494999885559082,2.5,2.490000009536743,2.490000009536743,496.0
2024-03-01 14:49:00,LYEL,3.1600000858306885,3.1600000858306885,3.1600000858306885,3.1600000858306885,3.1600000858306885,390.0
2024-03-01 14:49:00,LYRA,5.679999828338623,5.679999828338623,5.690000057220459,5.679999828338623,5.690000057220459,325.0
2024-03-01 14:49:00,MASI,127.32499694824219,127.32499694824219,127.32499694824219,127.19999694824219,127.20999908447266,1828.0
2024-03-01 14:49:00,MASS,7.369999885559082,7.369999885559082,7.369999885559082,7.369999885559082,7.369999885559082,292.0
2024-03-01 14:49:00,MCRB,1.2300000190734863,1.2300000190734863,1.2300000190734863,1.225000023841858,1.225000023841858,1106.0
2024-03-01 14:49:00,MDGL,250.69000244140625,250.69000244140625,250.69000244140625,250.69000244140625,250.69000244140625,227.0
2024-03-01 14:49:00,MDRX,6.010000228881836,6.010000228881836,6.070000171661377,6.010000228881836,6.010000228881836,47066.0
2024-03-01 14:49:00,MDXG,8.645000457763672,8.645000457763672,8.654999732971191,8.645000457763672,8.649999618530273,2384.0
2024-03-01 14:49:00,ME,0.5562000274658203,0.5562000274658203,0.5565000176429749,0.5559499859809875,0.5562999844551086,25840.0
2024-03-01 14:49:00,MEDP,402.3399963378906,402.3399963378906,402.3399963378906,402.3399963378906,402.3399963378906,892.0
2024-03-01 14:49:00,MGNX,18.940000534057617,18.940000534057617,18.940000534057617,18.922000885009766,18.93000030517578,1014.0
2024-03-01 14:49:00,MHUA,0.6899999976158142,0.6899999976158142,0.6899999976158142,0.6899999976158142,0.6899999976158142,0.0
2024-03-01 14:49:00,MLTX,50.86000061035156,50.86000061035156,50.86000061035156,50.86000061035156,50.86000061035156,370.0
2024-03-01 14:49:00,MMSI,76.3499984741211,76.3499984741211,76.3499984741211,76.3499984741211,76.3499984741211,2021.0
2024-03-01 14:49:00,MNKD,4.534999847412109,4.534999847412109,4.539999961853027,4.534999847412109,4.539999961853027,22262.0
2024-03-01 14:49:00,MNMD,6.224999904632568,6.224999904632568,6.224999904632568,6.215000152587891,6.215000152587891,1608.0
2024-03-01 14:49:00,MODV,28.463300704956055,28.463300704956055,28.463300704956055,28.463300704956055,28.463300704956055,542.0
2024-03-01 14:49:00,MOVE,0.5720000267028809,0.5720000267028809,0.5782999992370605,0.5699999928474426,0.5699999928474426,25866.0
2024-03-01 14:49:00,MREO,4.005000114440918,4.005000114440918,4.005000114440918,4.0,4.0,9547.0
2024-03-01 14:49:00,MRNA,95.79000091552734,95.79000091552734,95.79000091552734,95.66500091552734,95.66999816894531,4686.0
2024-03-01 14:49:00,MRSN,5.914999961853027,5.914999961853027,5.925000190734863,5.909999847412109,5.925000190734863,8210.0
2024-03-01 14:49:00,MRUS,51.08000183105469,51.08000183105469,51.09000015258789,51.07500076293945,51.07500076293945,1894.0
2024-03-01 14:49:00,MRVI,7.75,7.75,7.75,7.75,7.75,3486.0
2024-03-01 14:49:00,MXCT,4.75,4.75,4.75,4.739999771118164,4.739999771118164,719.0
2024-03-01 14:49:00,NARI,45.97999954223633,45.97999954223633,45.9900016784668,45.959999084472656,45.959999084472656,2253.0
2024-03-01 14:49:00,NEO,16.18000030517578,16.18000030517578,16.18000030517578,16.174999237060547,16.174999237060547,432.0
2024-03-01 14:49:00,NEPT,0.42500001192092896,0.42500001192092896,0.42500001192092896,0.42500001192092896,0.42500001192092896,282.0
2024-03-01 14:49:00,NERV,2.6600000858306885,2.6600000858306885,2.6600000858306885,2.6600000858306885,2.6600000858306885,509.0
2024-03-01 14:49:00,NKTR,0.7799999713897705,0.7799999713897705,0.7799999713897705,0.7799999713897705,0.7799999713897705,667.0
2024-03-01 14:49:00,NKTX,12.5,12.5,12.510000228881836,12.5,12.510000228881836,634.0
2024-03-01 14:49:00,NNOX,10.8149995803833,10.8149995803833,10.8149995803833,10.772000312805176,10.779999732971191,4554.0
2024-03-01 14:49:00,NOTV,8.03279972076416,8.03279972076416,8.03279972076416,8.03279972076416,8.03279972076416,147.0
2024-03-01 14:49:00,NRBO,6.275000095367432,6.275000095367432,6.275000095367432,6.250100135803223,6.250100135803223,1500.0
2024-03-01 14:49:00,NRIX,13.625,13.625,13.625,13.619999885559082,13.619999885559082,355.0
2024-03-01 14:49:00,NSPR,2.6214001178741455,2.6214001178741455,2.6214001178741455,2.6214001178741455,2.6214001178741455,124.0
2024-03-01 14:49:00,NTLA,33.459999084472656,33.459999084472656,33.459999084472656,33.41999816894531,33.41999816894531,2749.0
2024-03-01 14:49:00,NTRA,89.07499694824219,89.07499694824219,89.08000183105469,89.07499694824219,89.08000183105469,994.0
2024-03-01 14:49:00,NTRB,2.649899959564209,2.649899959564209,2.649899959564209,2.649899959564209,2.649899959564209,1157.0
2024-03-01 14:49:00,NUVL,87.73999786376953,87.73999786376953,87.75,87.66000366210938,87.66000366210938,1396.0
2024-03-01 14:49:00,NVAX,5.360000133514404,5.360000133514404,5.369900226593018,5.352200031280518,5.364999771118164,39819.0
2024-03-01 14:49:00,NVCR,16.06999969482422,16.06999969482422,16.079999923706055,16.06999969482422,16.075000762939453,1691.0
2024-03-01 14:49:00,OCGN,0.9549999833106995,0.9549999833106995,0.9549999833106995,0.9549999833106995,0.9549999833106995,151.0
2024-03-01 14:49:00,OCUL,10.71500015258789,10.71500015258789,10.720000267028809,10.710000038146973,10.710000038146973,2885.0
2024-03-01 14:49:00,OFIX,12.914999961853027,12.914999961853027,12.914999961853027,12.914999961853027,12.914999961853027,901.0
2024-03-01 14:49:00,OGI,2.174999952316284,2.174999952316284,2.174999952316284,2.174999952316284,2.174999952316284,100.0
2024-03-01 14:49:00,OLK,23.020000457763672,23.020000457763672,23.020000457763672,23.020000457763672,23.020000457763672,100.0
2024-03-01 14:49:00,OLMA,14.954999923706055,14.954999923706055,14.960000038146973,14.949999809265137,14.949999809265137,4497.0
2024-03-01 14:49:00,OM,3.184999942779541,3.184999942779541,3.184999942779541,3.184999942779541,3.184999942779541,702.0
2024-03-01 14:49:00,OMCL,26.559999465942383,26.559999465942383,26.6299991607666,26.559999465942383,26.6299991607666,3478.0
2024-03-01 14:49:00,OMGA,4.419899940490723,4.419899940490723,4.420000076293945,4.414999961853027,4.414999961853027,982.0
2024-03-01 14:50:00,ABCL,5.129899978637695,5.129899978637695,5.129899978637695,5.114999771118164,5.114999771118164,10525.0
2024-03-01 14:50:00,ABEO,7.71999979019165,7.71999979019165,7.739999771118164,7.71999979019165,7.739999771118164,1545.0
2024-03-01 14:50:00,ABSI,5.510000228881836,5.510000228881836,5.559999942779541,5.510000228881836,5.559999942779541,7120.0
2024-03-01 14:50:00,ACAD,24.1200008392334,24.1200008392334,24.1200008392334,24.09000015258789,24.094999313354492,4757.0
2024-03-01 14:50:00,ACB,3.174999952316284,3.174999952316284,3.174999952316284,3.174999952316284,3.174999952316284,2244.0
2024-03-01 14:50:00,ACCD,10.079999923706055,10.079999923706055,10.079999923706055,10.079999923706055,10.079999923706055,275.0
2024-03-01 14:50:00,ACET,2.4000000953674316,2.4000000953674316,2.4000000953674316,2.390000104904175,2.390000104904175,603.0
2024-03-01 14:50:00,ACHC,84.23999786376953,84.23999786376953,84.26000213623047,84.19000244140625,84.19000244140625,991.0
2024-03-01 14:50:00,ACON,0.39980000257492065,0.39980000257492065,0.39980000257492065,0.39980000257492065,0.39980000257492065,128.0
2024-03-01 14:50:00,ACRS,1.2300000190734863,1.2300000190734863,1.2400000095367432,1.2300000190734863,1.2350000143051147,1740.0
2024-03-01 14:50:00,ADAP,1.6098999977111816,1.6098999977111816,1.6098999977111816,1.6098999977111816,1.6098999977111816,705.0
2024-03-01 14:50:00,ADIL,2.990000009536743,2.990000009536743,3.009999990463257,2.978100061416626,2.9800000190734863,13669.0
2024-03-01 14:50:00,ADMA,5.545400142669678,5.545400142669678,5.545400142669678,5.545000076293945,5.545000076293945,1052.0
2024-03-01 14:50:00,ADVM,1.9800000190734863,1.9800000190734863,1.9800000190734863,1.9800000190734863,1.9800000190734863,100.0
2024-03-01 14:50:00,AGEN,0.6700500249862671,0.6700500249862671,0.6700999736785889,0.6700000166893005,0.670074999332428,4685.0
2024-03-01 14:50:00,AGIO,32.45000076293945,32.45000076293945,32.46879959106445,32.45000076293945,32.46879959106445,1341.0
2024-03-01 14:50:00,AHCO,10.505000114440918,10.505000114440918,10.505000114440918,10.505000114440918,10.505000114440918,280.0
2024-03-01 14:50:00,AKAN,0.21040000021457672,0.21040000021457672,0.21040000021457672,0.21040000021457672,0.21040000021457672,100.0
2024-03-01 14:50:00,AKBA,1.684999942779541,1.684999942779541,1.690000057220459,1.684999942779541,1.684999942779541,868.0
2024-03-01 14:50:00,AKRO,28.81999969482422,28.81999969482422,28.899999618530273,28.809999465942383,28.850000381469727,3849.0
2024-03-01 14:50:00,ALDX,4.309999942779541,4.309999942779541,4.309999942779541,4.309999942779541,4.309999942779541,0.0
2024-03-01 14:50:00,ALHC,5.684999942779541,5.684999942779541,5.695000171661377,5.684999942779541,5.695000171661377,84062.0
2024-03-01 14:50:00,ALKS,30.290000915527344,30.290000915527344,30.290000915527344,30.290000915527344,30.290000915527344,1126.0
2024-03-01 14:50:00,ALLK,1.684999942779541,1.684999942779541,1.690000057220459,1.684999942779541,1.690000057220459,570.0
2024-03-01 14:50:00,ALLO,5.010000228881836,5.010000228881836,5.014999866485596,5.010000228881836,5.014999866485596,467.0
2024-03-01 14:50:00,ALNY,153.375,153.375,153.375,153.375,153.375,420.0
2024-03-01 14:50:00,ALPN,35.93000030517578,35.93000030517578,35.93000030517578,35.900001525878906,35.900001525878906,680.0
2024-03-01 14:50:00,ALT,12.085000038146973,12.085000038146973,12.100000381469727,12.079999923706055,12.079999923706055,4374.0
2024-03-01 14:50:00,ALVO,15.640000343322754,15.640000343322754,15.640000343322754,15.640000343322754,15.640000343322754,100.0
2024-03-01 14:50:00,ALVR,0.7458000183105469,0.7458000183105469,0.7502999901771545,0.7414000034332275,0.7502999901771545,417.0
2024-03-01 14:50:00,ALXO,15.109999656677246,15.109999656677246,15.130000114440918,15.109999656677246,15.130000114440918,582.0
2024-03-01 14:50:00,AMGN,280.94000244140625,280.94000244140625,280.9750061035156,280.9200134277344,280.92999267578125,2092.0
2024-03-01 14:50:00,AMLX,18.81999969482422,18.81999969482422,18.81999969482422,18.81999969482422,18.81999969482422,1246.0
2024-03-01 14:50:00,AMRN,1.0549999475479126,1.0549999475479126,1.0549999475479126,1.0549999475479126,1.0549999475479126,191.0
2024-03-01 14:50:00,ANGO,5.489999771118164,5.489999771118164,5.489999771118164,5.489999771118164,5.489999771118164,0.0
2024-03-01 14:50:00,ANIP,66.69999694824219,66.69999694824219,66.69999694824219,66.69999694824219,66.69999694824219,330.0
2024-03-01 14:50:00,ANIX,3.490000009536743,3.490000009536743,3.490000009536743,3.490000009536743,3.490000009536743,7099.0
2024-03-01 14:50:00,ANNX,6.059999942779541,6.059999942779541,6.079999923706055,6.050000190734863,6.079999923706055,7234.0
2024-03-01 14:50:00,APLS,64.33499908447266,64.33499908447266,64.33999633789062,64.19889831542969,64.19889831542969,2344.0
2024-03-01 14:50:00,APLT,7.070000171661377,7.070000171661377,7.079999923706055,7.070000171661377,7.078000068664551,625.0
2024-03-01 14:50:00,APVO,0.15809999406337738,0.15809999406337738,0.15809999406337738,0.15809999406337738,0.15809999406337738,444.0
2024-03-01 14:50:00,AQST,4.110000133514404,4.110000133514404,4.1230998039245605,4.110000133514404,4.119999885559082,2899.0
2024-03-01 14:50:00,ARAY,2.6449999809265137,2.6449999809265137,2.6449999809265137,2.6449999809265137,2.6449999809265137,447.0
2024-03-01 14:50:00,ARDX,9.475000381469727,9.475000381469727,9.479999542236328,9.470000267028809,9.475000381469727,2086.0
2024-03-01 14:50:00,ARQT,11.595000267028809,11.595000267028809,11.604999542236328,11.592499732971191,11.604999542236328,6029.0
2024-03-01 14:50:00,ARVN,48.369998931884766,48.369998931884766,48.41999816894531,48.369998931884766,48.41999816894531,1695.0
2024-03-01 14:50:00,ARWR,35.05500030517578,35.05500030517578,35.1150016784668,35.04499816894531,35.1150016784668,14504.0
2024-03-01 14:50:00,ASRT,0.8830999732017517,0.8830999732017517,0.8830999732017517,0.8801000118255615,0.8823999762535095,4343.0
2024-03-01 14:50:00,ATEC,13.4399995803833,13.4399995803833,13.4399995803833,13.4350004196167,13.4350004196167,775.0
2024-03-01 14:50:00,ATRA,0.7947999835014343,0.7947999835014343,0.7947999835014343,0.7926999926567078,0.7947999835014343,500.0
2024-03-01 14:50:00,AUGX,4.565000057220459,4.565000057220459,4.565000057220459,4.565000057220459,4.565000057220459,0.0
2024-03-01 14:50:00,AUPH,5.804999828338623,5.804999828338623,5.804999828338623,5.804999828338623,5.804999828338623,231.0
2024-03-01 14:50:00,AURA,9.34000015258789,9.34000015258789,9.34000015258789,9.34000015258789,9.34000015258789,227.0
2024-03-01 14:50:00,AUTL,6.295000076293945,6.295000076293945,6.295000076293945,6.295000076293945,6.295000076293945,103.0
2024-03-01 14:50:00,AVDL,13.300000190734863,13.300000190734863,13.305000305175781,13.300000190734863,13.300000190734863,5762.0
2024-03-01 14:50:00,AVGR,3.8399999141693115,3.8399999141693115,3.8399999141693115,3.8399999141693115,3.8399999141693115,821.0
2024-03-01 14:50:00,AVIR,4.46999979019165,4.46999979019165,4.46999979019165,4.454999923706055,4.454999923706055,5681.0
2024-03-01 14:50:00,AVXL,5.385000228881836,5.385000228881836,5.385000228881836,5.385000228881836,5.385000228881836,675.0
2024-03-01 14:50:00,AWH,3.9800000190734863,3.9800000190734863,3.9800000190734863,3.9800000190734863,3.9800000190734863,155.0
2024-03-01 14:50:00,AXNX,67.58999633789062,67.58999633789062,67.58999633789062,67.58999633789062,67.58999633789062,1200.0
2024-03-01 14:50:00,AXSM,82.19999694824219,82.19999694824219,82.19999694824219,82.19999694824219,82.19999694824219,1750.0
2024-03-01 14:50:00,AZN,64.69000244140625,64.69000244140625,64.69000244140625,64.68000030517578,64.68000030517578,6680.0
2024-03-01 14:50:00,BBIO,35.91999816894531,35.91999816894531,35.91999816894531,35.91999816894531,35.91999816894531,1693.0
2024-03-01 14:50:00,BBLG,2.4049999713897705,2.4049999713897705,2.4049999713897705,2.4049999713897705,2.4049999713897705,101.0
2024-03-01 14:50:00,BCAB,2.7950000762939453,2.7950000762939453,2.7950000762939453,2.7950000762939453,2.7950000762939453,110.0
2024-03-01 14:50:00,BCRX,5.715000152587891,5.715000152587891,5.715000152587891,5.715000152587891,5.715000152587891,110.0
2024-03-01 14:50:00,BDTX,4.724999904632568,4.724999904632568,4.739999771118164,4.724999904632568,4.730000019073486,1590.0
2024-03-01 14:50:00,BEAM,39.94499969482422,39.94499969482422,39.94499969482422,39.94499969482422,39.94499969482422,7359.0
2024-03-01 14:50:00,BGXX,0.25600001215934753,0.25600001215934753,0.25600001215934753,0.25600001215934753,0.25600001215934753,857.0
2024-03-01 14:50:00,BIIB,221.61000061035156,221.61000061035156,221.61000061035156,221.2899932861328,221.3800048828125,2577.0
2024-03-01 14:50:00,BIOL,0.14499999582767487,0.14499999582767487,0.14499999582767487,0.14499999582767487,0.14499999582767487,29150.0
2024-03-01 14:50:00,BIVI,2.078700065612793,2.078700065612793,2.078700065612793,2.059999942779541,2.069999933242798,16471.0
2024-03-01 14:50:00,BLFS,18.0,18.0,18.0,17.979999542236328,17.979999542236328,1068.0
2024-03-01 14:50:00,BLUE,1.5750000476837158,1.5750000476837158,1.5750000476837158,1.5700000524520874,1.5724999904632568,14516.0
2024-03-01 14:50:00,BMEA,18.15999984741211,18.15999984741211,18.209999084472656,18.15999984741211,18.209999084472656,1796.0
2024-03-01 14:50:00,BMRN,87.94999694824219,87.94999694824219,87.95999908447266,87.91000366210938,87.91999816894531,3708.0
2024-03-01 14:50:00,BNGO,1.2649999856948853,1.2649999856948853,1.2649999856948853,1.2604999542236328,1.2604999542236328,1400.0
2024-03-01 14:50:00,BPMC,96.36499786376953,96.36499786376953,96.36499786376953,96.36499786376953,96.36499786376953,202.0
2024-03-01 14:50:00,BRKR,88.66000366210938,88.66000366210938,88.68000030517578,88.6449966430664,88.6449966430664,2648.0
2024-03-01 14:50:00,BSGM,0.6801000237464905,0.6801000237464905,0.6801000237464905,0.6801000237464905,0.6801000237464905,1676.0
2024-03-01 14:50:00,BTAI,3.2049999237060547,3.2049999237060547,3.2049999237060547,3.2049999237060547,3.2049999237060547,186.0
2024-03-01 14:50:00,BTMD,5.929999828338623,5.929999828338623,5.929999828338623,5.929999828338623,5.929999828338623,1557.0
2024-03-01 14:50:00,BVS,4.739999771118164,4.739999771118164,4.739999771118164,4.739999771118164,4.739999771118164,875.0
2024-03-01 14:50:00,CBAY,32.22999954223633,32.22999954223633,32.22999954223633,32.22999954223633,32.22999954223633,429.0
2024-03-01 14:50:00,CCCC,11.085000038146973,11.085000038146973,11.095000267028809,11.085000038146973,11.095000267028809,2387.0
2024-03-01 14:50:00,CDNA,12.390000343322754,12.390000343322754,12.40999984741211,12.390000343322754,12.40999984741211,656.0
2024-03-01 14:50:00,CDXS,4.559999942779541,4.559999942779541,4.570000171661377,4.559999942779541,4.570000171661377,1827.0
2024-03-01 14:50:00,CERE,41.084999084472656,41.084999084472656,41.084999084472656,41.084999084472656,41.084999084472656,395.0
2024-03-01 14:50:00,CERS,2.174999952316284,2.174999952316284,2.178999900817871,2.171099901199341,2.178999900817871,1610.0
2024-03-01 14:50:00,CERT,18.190000534057617,18.190000534057617,18.190000534057617,18.18000030517578,18.18000030517578,1404.0
2024-03-01 14:50:00,CGC,3.2149999141693115,3.2149999141693115,3.2149999141693115,3.2049999237060547,3.2049999237060547,7627.0
2024-03-01 14:50:00,CGEN,2.680000066757202,2.680000066757202,2.680000066757202,2.680000066757202,2.680000066757202,100.0
2024-03-01 14:50:00,CHRS,2.4300999641418457,2.4300999641418457,2.4398999214172363,2.4300999641418457,2.4398999214172363,2150.0
2024-03-01 14:50:00,CKPT,2.194999933242798,2.194999933242798,2.194999933242798,2.194999933242798,2.194999933242798,2164.0
2024-03-01 14:50:00,CLDX,52.369998931884766,52.369998931884766,52.38999938964844,52.349998474121094,52.349998474121094,1743.0
2024-03-01 14:50:00,CLOV,0.8652999997138977,0.8652999997138977,0.8652999997138977,0.8651999831199646,0.8651999831199646,1567.0
2024-03-01 14:50:00,CLRB,4.119999885559082,4.119999885559082,4.119999885559082,4.099999904632568,4.099999904632568,3409.0
2024-03-01 14:50:00,CMAX,7.710000038146973,7.710000038146973,7.710000038146973,7.710000038146973,7.710000038146973,130.0
2024-03-01 14:50:00,CMPS,11.880000114440918,11.880000114440918,11.880000114440918,11.869999885559082,11.869999885559082,1497.0
2024-03-01 14:50:00,CMPX,1.8899999856948853,1.8899999856948853,1.8899999856948853,1.8899999856948853,1.8899999856948853,157.0
2024-03-01 14:50:00,CMRX,1.2100000381469727,1.2100000381469727,1.2100000381469727,1.1901999711990356,1.1901999711990356,4490.0
2024-03-01 14:50:00,COGT,7.199999809265137,7.199999809265137,7.211999893188477,7.199999809265137,7.210100173950195,5806.0
2024-03-01 14:50:00,CORT,24.209999084472656,24.209999084472656,24.219999313354492,24.209999084472656,24.219999313354492,876.0
2024-03-01 14:50:00,CPRX,17.264999389648438,17.264999389648438,17.267000198364258,17.235000610351562,17.25,6039.0
2024-03-01 14:50:00,CRBP,32.720001220703125,32.720001220703125,32.720001220703125,32.474998474121094,32.474998474121094,838.0
2024-03-01 14:50:00,CRBU,7.880000114440918,7.880000114440918,7.900000095367432,7.880000114440918,7.900000095367432,2416.0
2024-03-01 14:50:00,CRDF,2.7427000999450684,2.7427000999450684,2.759999990463257,2.7200000286102295,2.734999895095825,82228.0
2024-03-01 14:50:00,CRNX,46.38999938964844,46.38999938964844,46.38999938964844,46.380001068115234,46.380001068115234,824.0
2024-03-01 14:50:00,CRON,2.0350000858306885,2.0350000858306885,2.0360000133514404,2.0350000858306885,2.0350000858306885,1253.0
2024-03-01 14:50:00,CRSP,85.243896484375,85.243896484375,85.31999969482422,85.243896484375,85.31999969482422,1310.0
2024-03-01 14:50:00,CTKB,9.010000228881836,9.010000228881836,9.010000228881836,9.010000228881836,9.010000228881836,3555.0
2024-03-01 14:50:00,CTMX,2.515000104904175,2.515000104904175,2.515000104904175,2.509999990463257,2.509999990463257,11700.0
2024-03-01 14:50:00,CUTR,2.4000000953674316,2.4000000953674316,2.4000000953674316,2.4000000953674316,2.4000000953674316,444.0
2024-03-01 14:50:00,CVAC,3.4700000286102295,3.4700000286102295,3.4800000190734863,3.4700000286102295,3.4800000190734863,408.0
2024-03-01 14:50:00,CYTK,73.97000122070312,73.97000122070312,73.97000122070312,73.87999725341797,73.93000030517578,953.0
2024-03-01 14:50:00,DARE,0.5600000023841858,0.5600000023841858,0.5600000023841858,0.5600000023841858,0.5600000023841858,143.0
2024-03-01 14:50:00,DCGO,4.119999885559082,4.119999885559082,4.125,4.119999885559082,4.119999885559082,1616.0
2024-03-01 14:50:00,DCTH,4.215000152587891,4.215000152587891,4.215000152587891,4.215000152587891,4.215000152587891,588.0
2024-03-01 14:50:00,DMTK,0.8499000072479248,0.8499000072479248,0.8499000072479248,0.8499000072479248,0.8499000072479248,517.0
2024-03-01 14:50:00,DRRX,1.0035500526428223,1.0035500526428223,1.0035500526428223,1.0035500526428223,1.0035500526428223,159.0
2024-03-01 14:50:00,DTIL,12.460000038146973,12.460000038146973,12.460000038146973,12.460000038146973,12.460000038146973,631.0
2024-03-01 14:50:00,DVAX,12.824999809265137,12.824999809265137,12.824999809265137,12.819999694824219,12.819999694824219,305.0
2024-03-01 14:50:00,DXCM,121.26000213623047,121.26000213623047,121.2750015258789,121.2300033569336,121.24500274658203,6985.0
2024-03-01 14:50:00,EDIT,10.819999694824219,10.819999694824219,10.824999809265137,10.819999694824219,10.824999809265137,3281.0
2024-03-01 14:50:00,EFTR,15.800000190734863,15.800000190734863,15.800000190734863,15.800000190734863,15.800000190734863,573.0
2024-03-01 14:50:00,EGRX,6.610000133514404,6.610000133514404,6.619999885559082,6.610000133514404,6.619999885559082,213.0
2024-03-01 14:50:00,ELEV,5.079999923706055,5.079999923706055,5.090000152587891,5.079999923706055,5.090000152587891,2311.0
2024-03-01 14:50:00,ENSG,121.6449966430664,121.6449966430664,121.6449966430664,121.6449966430664,121.6449966430664,931.0
2024-03-01 14:50:00,EOLS,14.779999732971191,14.779999732971191,14.789999961853027,14.779999732971191,14.789999961853027,940.0
2024-03-01 14:50:00,ERAS,2.509999990463257,2.509999990463257,2.509999990463257,2.509999990463257,2.509999990463257,144.0
2024-03-01 14:50:00,ESPR,2.5573999881744385,2.5573999881744385,2.5573999881744385,2.549999952316284,2.555000066757202,2800.0
2024-03-01 14:50:00,ESTA,43.959999084472656,43.959999084472656,44.0099983215332,43.84000015258789,43.84000015258789,1795.0
2024-03-01 14:50:00,ETNB,12.819999694824219,12.819999694824219,12.930000305175781,12.779999732971191,12.930000305175781,18457.0
2024-03-01 14:50:00,EWTX,17.05500030517578,17.05500030517578,17.05500030517578,17.049999237060547,17.049999237060547,362.0
2024-03-01 14:50:00,EXAI,6.659999847412109,6.659999847412109,6.659999847412109,6.659999847412109,6.659999847412109,0.0
2024-03-01 14:50:00,EXAS,59.935001373291016,59.935001373291016,59.94499969482422,59.880001068115234,59.904998779296875,2866.0
2024-03-01 14:50:00,EXEL,22.389999389648438,22.389999389648438,22.39900016784668,22.389999389648438,22.389999389648438,1305.0
2024-03-01 14:50:00,EYEN,2.379199981689453,2.379199981689453,2.379199981689453,2.379199981689453,2.379199981689453,275.0
2024-03-01 14:50:00,EYPT,27.959999084472656,27.959999084472656,28.0,27.950000762939453,28.0,761.0
2024-03-01 14:50:00,FATE,7.789999961853027,7.789999961853027,7.789999961853027,7.78000020980835,7.78000020980835,1173.0
2024-03-01 14:50:00,FBIO,2.375,2.375,2.384999990463257,2.375,2.3822999000549316,6051.0
2024-03-01 14:50:00,FGEN,1.8420000076293945,1.8420000076293945,1.8600000143051147,1.8420000076293945,1.8550000190734863,12845.0
2024-03-01 14:50:00,FHTX,8.135000228881836,8.135000228881836,8.135000228881836,8.079999923706055,8.079999923706055,575.0
2024-03-01 14:50:00,FOLD,13.305000305175781,13.305000305175781,13.3100004196167,13.305000305175781,13.305000305175781,1557.0
2024-03-01 14:50:00,FULC,11.069999694824219,11.069999694824219,11.11050033569336,11.069999694824219,11.109999656677246,7670.0
2024-03-01 14:50:00,FUSN,12.175000190734863,12.175000190734863,12.175000190734863,12.175000190734863,12.175000190734863,200.0
2024-03-01 14:50:00,GANX,4.610000133514404,4.610000133514404,4.610000133514404,4.610000133514404,4.610000133514404,100.0
2024-03-01 14:50:00,GDRX,8.510000228881836,8.510000228881836,8.510000228881836,8.501199722290039,8.501199722290039,3739.0
2024-03-01 14:50:00,GERN,2.25,2.25,2.25,2.240000009536743,2.240000009536743,1639.0
2024-03-01 14:50:00,GH,19.09000015258789,19.09000015258789,19.110000610351562,19.09000015258789,19.110000610351562,2231.0
2024-03-01 14:50:00,GILD,72.52999877929688,72.52999877929688,72.54000091552734,72.51000213623047,72.51499938964844,6262.0
2024-03-01 14:50:00,GLUE,6.289999961853027,6.289999961853027,6.289999961853027,6.289999961853027,6.289999961853027,577.0
2024-03-01 14:50:00,GMAB,29.424999237060547,29.424999237060547,29.424999237060547,29.424999237060547,29.424999237060547,100.0
2024-03-01 14:50:00,GOSS,1.4199999570846558,1.4199999570846558,1.4199999570846558,1.4199999570846558,1.4199999570846558,100.0
2024-03-01 14:50:00,GOVX,2.5399999618530273,2.5399999618530273,2.5399999618530273,2.5399999618530273,2.5399999618530273,163.0
2024-03-01 14:50:00,GRFS,7.005000114440918,7.005000114440918,7.010000228881836,6.994999885559082,6.994999885559082,6203.0
2024-03-01 14:50:00,GRTS,2.0850000381469727,2.0850000381469727,2.109999895095825,2.0799999237060547,2.109999895095825,22612.0
2024-03-01 14:50:00,GTHX,3.7899999618530273,3.7899999618530273,3.7899999618530273,3.7799999713897705,3.7799999713897705,1632.0
2024-03-01 14:50:00,HALO,41.25,41.25,41.2599983215332,41.25,41.2599983215332,3507.0
2024-03-01 14:50:00,HARP,22.940000534057617,22.940000534057617,22.940000534057617,22.940000534057617,22.940000534057617,415.0
2024-03-01 14:50:00,HCAT,8.175000190734863,8.175000190734863,8.175000190734863,8.175000190734863,8.175000190734863,0.0
2024-03-01 14:50:00,HCSG,12.835000038146973,12.835000038146973,12.84000015258789,12.819999694824219,12.819999694824219,3004.0
2024-03-01 14:50:00,HLTH,0.26019999384880066,0.26019999384880066,0.26019999384880066,0.26019999384880066,0.26019999384880066,0.0
2024-03-01 14:50:00,HOLX,74.36009979248047,74.36009979248047,74.37999725341797,74.36009979248047,74.36009979248047,1838.0
2024-03-01 14:50:00,HQY,81.44000244140625,81.44000244140625,81.44000244140625,81.44000244140625,81.44000244140625,108.0
2024-03-01 14:50:00,HRTX,2.617500066757202,2.617500066757202,2.617500066757202,2.609999895095825,2.609999895095825,818.0
2024-03-01 14:50:00,HSIC,76.80999755859375,76.80999755859375,76.81500244140625,76.80999755859375,76.81500244140625,411.0
2024-03-01 14:50:00,HUMA,3.200000047683716,3.200000047683716,3.2249999046325684,3.180000066757202,3.219899892807007,119878.0
2024-03-01 14:50:00,IART,36.279998779296875,36.279998779296875,36.290000915527344,36.279998779296875,36.290000915527344,1679.0
2024-03-01 14:50:00,IBRX,4.860000133514404,4.860000133514404,4.864999771118164,4.84499979019165,4.849999904632568,11349.0
2024-03-01 14:50:00,ICAD,1.850000023841858,1.850000023841858,1.850000023841858,1.850000023841858,1.850000023841858,0.0
2024-03-01 14:50:00,ICLR,325.0150146484375,325.0150146484375,325.0150146484375,325.0150146484375,325.0150146484375,311.0
2024-03-01 14:50:00,ICUI,106.1500015258789,106.1500015258789,106.1500015258789,106.1500015258789,106.1500015258789,2789.0
2024-03-01 14:50:00,IDXX,578.739990234375,578.739990234375,578.739990234375,578.739990234375,578.739990234375,4265.0
2024-03-01 14:50:00,IDYA,46.29999923706055,46.29999923706055,46.40999984741211,46.29999923706055,46.404998779296875,6230.0
2024-03-01 14:50:00,IMCR,68.01000213623047,68.01000213623047,68.01000213623047,68.01000213623047,68.01000213623047,2040.0
2024-03-01 14:50:00,IMMX,3.500699996948242,3.500699996948242,3.5099000930786133,3.500699996948242,3.5099000930786133,650.0
2024-03-01 14:50:00,IMNM,25.558300018310547,25.558300018310547,25.558300018310547,25.489999771118164,25.530000686645508,2125.0
2024-03-01 14:50:00,IMRX,6.17080020904541,6.17080020904541,6.17080020904541,6.17080020904541,6.17080020904541,1100.0
2024-03-01 14:50:00,IMVT,35.689998626708984,35.689998626708984,35.70000076293945,35.689998626708984,35.70000076293945,649.0
2024-03-01 14:50:00,INCY,59.02000045776367,59.02000045776367,59.02000045776367,59.02000045776367,59.02000045776367,410.0
2024-03-01 14:50:00,INGN,6.769999980926514,6.769999980926514,6.769999980926514,6.769999980926514,6.769999980926514,3030.0
2024-03-01 14:50:00,INO,9.679900169372559,9.679900169372559,9.679900169372559,9.679900169372559,9.679900169372559,678.0
2024-03-01 14:50:00,INSM,28.045000076293945,28.045000076293945,28.059999465942383,28.045000076293945,28.059999465942383,1086.0
2024-03-01 14:50:00,IOVA,17.014999389648438,17.014999389648438,17.030000686645508,17.010000228881836,17.024999618530273,15849.0
2024-03-01 14:50:00,IPSC,3.940000057220459,3.940000057220459,3.940000057220459,3.930000066757202,3.930000066757202,1645.0
2024-03-01 14:50:00,IRWD,8.977499961853027,8.977499961853027,8.984999656677246,8.96500015258789,8.977499961853027,86878.0
2024-03-01 14:50:00,ISRG,396.5150146484375,396.5150146484375,396.6199951171875,396.510009765625,396.6000061035156,2043.0
2024-03-01 14:50:00,ITCI,71.98999786376953,71.98999786376953,72.0,71.9800033569336,71.9800033569336,2069.0
2024-03-01 14:50:00,IVVD,3.9700000286102295,3.9700000286102295,3.9700000286102295,3.9700000286102295,3.9700000286102295,785.0
2024-03-01 14:50:00,JAGX,0.09399999678134918,0.09399999678134918,0.09600000083446503,0.09229999780654907,0.09350000321865082,1692906.0
2024-03-01 14:50:00,JANX,46.025001525878906,46.025001525878906,46.025001525878906,46.025001525878906,46.025001525878906,203.0
2024-03-01 14:50:00,JSPR,21.75,21.75,21.75,21.600000381469727,21.600000381469727,618.0
2024-03-01 14:50:00,KALA,7.300000190734863,7.300000190734863,7.300000190734863,7.300000190734863,7.300000190734863,0.0
2024-03-01 14:50:00,KALV,14.15999984741211,14.15999984741211,14.15999984741211,14.15999984741211,14.15999984741211,416.0
2024-03-01 14:50:00,KNSA,21.90999984741211,21.90999984741211,21.90999984741211,21.90999984741211,21.90999984741211,373.0
2024-03-01 14:50:00,KPTI,1.180899977684021,1.180899977684021,1.184999942779541,1.180299997329712,1.184999942779541,2363.0
2024-03-01 14:50:00,KRTX,315.80999755859375,315.80999755859375,315.80999755859375,315.80999755859375,315.80999755859375,374.0
2024-03-01 14:50:00,KRYS,169.17999267578125,169.17999267578125,169.17999267578125,169.17999267578125,169.17999267578125,244.0
2024-03-01 14:50:00,KURA,21.8799991607666,21.8799991607666,21.899999618530273,21.8799991607666,21.899999618530273,1824.0
2024-03-01 14:50:00,KZR,1.065000057220459,1.065000057220459,1.065000057220459,1.065000057220459,1.065000057220459,2130.0
2024-03-01 14:50:00,LBPH,21.670000076293945,21.670000076293945,21.674999237060547,21.670000076293945,21.674999237060547,1087.0
2024-03-01 14:50:00,LFMD,7.960000038146973,7.960000038146973,7.960000038146973,7.960000038146973,7.960000038146973,248.0
2024-03-01 14:50:00,LFST,7.715000152587891,7.715000152587891,7.715000152587891,7.715000152587891,7.715000152587891,140.0
2024-03-01 14:50:00,LIVN,55.59000015258789,55.59000015258789,55.59000015258789,55.59000015258789,55.59000015258789,637.0
2024-03-01 14:50:00,LMAT,68.1050033569336,68.1050033569336,68.1050033569336,68.1050033569336,68.1050033569336,573.0
2024-03-01 14:50:00,LNSR,4.880000114440918,4.880000114440918,4.880000114440918,4.880000114440918,4.880000114440918,353.0
2024-03-01 14:50:00,LPTX,2.880000114440918,2.880000114440918,2.880000114440918,2.880000114440918,2.880000114440918,100.0
2024-03-01 14:50:00,LRMR,11.270000457763672,11.270000457763672,11.270000457763672,11.270000457763672,11.270000457763672,471.0
2024-03-01 14:50:00,LTRN,4.300000190734863,4.300000190734863,4.300000190734863,4.150000095367432,4.25,5670.0
2024-03-01 14:50:00,LUNG,9.46500015258789,9.46500015258789,9.46500015258789,9.46500015258789,9.46500015258789,2991.0
2024-03-01 14:50:00,LXRX,2.4928998947143555,2.4928998947143555,2.494999885559082,2.4928998947143555,2.494999885559082,5870.0
2024-03-01 14:50:00,LYEL,3.1600000858306885,3.1600000858306885,3.1600000858306885,3.1600000858306885,3.1600000858306885,288.0
2024-03-01 14:50:00,LYRA,5.695000171661377,5.695000171661377,5.710000038146973,5.695000171661377,5.695000171661377,921.0
2024-03-01 14:50:00,MASI,127.20500183105469,127.20500183105469,127.22000122070312,127.12000274658203,127.22000122070312,1292.0
2024-03-01 14:50:00,MCRB,1.22160005569458,1.22160005569458,1.22160005569458,1.22160005569458,1.22160005569458,1100.0
2024-03-01 14:50:00,MDRX,6.010000228881836,6.010000228881836,6.010000228881836,6.010000228881836,6.010000228881836,215.0
2024-03-01 14:50:00,MDXG,8.645000457763672,8.645000457763672,8.645000457763672,8.645000457763672,8.645000457763672,480.0
2024-03-01 14:50:00,MGNX,18.93000030517578,18.93000030517578,18.93000030517578,18.93000030517578,18.93000030517578,142.0
2024-03-01 14:50:00,MIRM,29.350000381469727,29.350000381469727,29.350000381469727,29.350000381469727,29.350000381469727,1341.0
2024-03-01 14:50:00,MLTX,50.72999954223633,50.72999954223633,50.845001220703125,50.72999954223633,50.81999969482422,3119.0
2024-03-01 14:50:00,MNKD,4.539999961853027,4.539999961853027,4.539999961853027,4.534999847412109,4.539999961853027,4657.0
2024-03-01 14:50:00,MNMD,6.224999904632568,6.224999904632568,6.230000019073486,6.224999904632568,6.230000019073486,558.0
2024-03-01 14:50:00,MNPR,0.8934999704360962,0.8934999704360962,0.8970000147819519,0.8799999952316284,0.8799999952316284,2173.0
2024-03-01 14:50:00,MORF,39.599998474121094,39.599998474121094,39.599998474121094,39.599998474121094,39.599998474121094,675.0
2024-03-01 14:50:00,MOVE,0.5709999799728394,0.5709999799728394,0.5709999799728394,0.5709999799728394,0.5709999799728394,271.0
2024-03-01 14:50:00,MREO,3.994999885559082,3.994999885559082,4.005000114440918,3.9900999069213867,4.005000114440918,3415.0
2024-03-01 14:50:00,MRNA,95.77999877929688,95.77999877929688,95.80999755859375,95.75,95.77999877929688,4734.0
2024-03-01 14:50:00,MRSN,5.894999980926514,5.894999980926514,5.914999961853027,5.894999980926514,5.914999961853027,8154.0
2024-03-01 14:50:00,MRUS,51.119998931884766,51.119998931884766,51.150001525878906,51.099998474121094,51.099998474121094,2495.0
2024-03-01 14:50:00,MRVI,7.739999771118164,7.739999771118164,7.739999771118164,7.735000133514404,7.739999771118164,3153.0
2024-03-01 14:50:00,MXCT,4.75,4.75,4.75,4.75,4.75,539.0
2024-03-01 14:50:00,MYGN,22.139999389648438,22.139999389648438,22.145000457763672,22.1200008392334,22.1200008392334,1376.0
2024-03-01 14:50:00,NARI,46.01499938964844,46.01499938964844,46.01499938964844,45.95719909667969,45.95719909667969,2956.0
2024-03-01 14:50:00,NBIX,131.75999450683594,131.75999450683594,131.8300018310547,131.71499633789062,131.7449951171875,3688.0
2024-03-01 14:50:00,NCNA,0.32510000467300415,0.32510000467300415,0.32510000467300415,0.32510000467300415,0.32510000467300415,136.0
2024-03-01 14:50:00,NEO,16.18000030517578,16.18000030517578,16.18000030517578,16.18000030517578,16.18000030517578,131.0
2024-03-01 14:50:00,NEOG,17.34000015258789,17.34000015258789,17.34000015258789,17.34000015258789,17.34000015258789,145.0
2024-03-01 14:50:00,NERV,2.6600000858306885,2.6600000858306885,2.6600000858306885,2.6600000858306885,2.6600000858306885,503.0
2024-03-01 14:50:00,NGM,1.5199999809265137,1.5199999809265137,1.5199999809265137,1.5199999809265137,1.5199999809265137,835.0
2024-03-01 14:50:00,NKTR,0.7789999842643738,0.7789999842643738,0.781000018119812,0.7789999842643738,0.781000018119812,11380.0
2024-03-01 14:50:00,NKTX,12.479999542236328,12.479999542236328,12.479999542236328,12.479999542236328,12.479999542236328,265.0
2024-03-01 14:50:00,NNOX,10.789999961853027,10.789999961853027,10.84000015258789,10.789999961853027,10.819999694824219,6131.0
2024-03-01 14:50:00,NOTV,8.050000190734863,8.050000190734863,8.050000190734863,8.050000190734863,8.050000190734863,468.0
2024-03-01 14:50:00,NRIX,13.619999885559082,13.619999885559082,13.619999885559082,13.619999885559082,13.619999885559082,549.0
2024-03-01 14:50:00,NRXP,0.4422999918460846,0.4422999918460846,0.4422999918460846,0.43709999322891235,0.43709999322891235,55649.0
2024-03-01 14:50:00,NTLA,33.439998626708984,33.439998626708984,33.47999954223633,33.439998626708984,33.47999954223633,2942.0
2024-03-01 14:50:00,NTRA,89.11000061035156,89.11000061035156,89.11000061035156,89.07499694824219,89.07499694824219,1215.0
2024-03-01 14:50:00,NUVL,87.93000030517578,87.93000030517578,87.93000030517578,87.73999786376953,87.73999786376953,1195.0
2024-03-01 14:50:00,NVAX,5.375,5.375,5.380000114440918,5.360000133514404,5.360000133514404,29674.0
2024-03-01 14:50:00,NVCR,16.084999084472656,16.084999084472656,16.09000015258789,16.079999923706055,16.079999923706055,3806.0
2024-03-01 14:50:00,NXTC,1.8049999475479126,1.8049999475479126,1.8049999475479126,1.8049999475479126,1.8049999475479126,100.0
2024-03-01 14:50:00,OCGN,0.9550009965896606,0.9550009965896606,0.9550009965896606,0.9549999833106995,0.9549999833106995,1794.0
2024-03-01 14:50:00,OCUL,10.694999694824219,10.694999694824219,10.720000267028809,10.694999694824219,10.720000267028809,4300.0
2024-03-01 14:50:00,OMGA,4.429900169372559,4.429900169372559,4.429900169372559,4.410900115966797,4.425000190734863,11519.0
2024-03-01 14:51:00,ABCL,5.125,5.125,5.125,5.125,5.125,497.0
2024-03-01 14:51:00,ABOS,4.650000095367432,4.650000095367432,4.650000095367432,4.650000095367432,4.650000095367432,859.0
2024-03-01 14:51:00,ACCD,10.069999694824219,10.069999694824219,10.069999694824219,10.069999694824219,10.069999694824219,255.0
2024-03-01 14:51:00,ACHC,84.19000244140625,84.19000244140625,84.19000244140625,84.19000244140625,84.19000244140625,2107.0
2024-03-01 14:51:00,ACIU,3.880000114440918,3.880000114440918,3.880000114440918,3.880000114440918,3.880000114440918,0.0
2024-03-01 14:51:00,ACRS,1.2300000190734863,1.2300000190734863,1.2300000190734863,1.2300000190734863,1.2300000190734863,578.0
2024-03-01 14:51:00,ACST,3.4000000953674316,3.4000000953674316,3.4000000953674316,3.4000000953674316,3.4000000953674316,288.0
2024-03-01 14:51:00,ADIL,3.0099000930786133,3.0099000930786133,3.0099000930786133,3.0099000930786133,3.0099000930786133,9723.0
2024-03-01 14:51:00,ADMA,5.545000076293945,5.545000076293945,5.545000076293945,5.545000076293945,5.545000076293945,445.0
2024-03-01 14:51:00,ADPT,4.085000038146973,4.085000038146973,4.085000038146973,4.085000038146973,4.085000038146973,2532.0
2024-03-01 14:51:00,ADVM,1.9800000190734863,1.9800000190734863,1.9800000190734863,1.9800000190734863,1.9800000190734863,1967.0
2024-03-01 14:51:00,AFIB,0.2101999968290329,0.2101999968290329,0.2101999968290329,0.2101999968290329,0.2101999968290329,0.0
2024-03-01 14:51:00,AGIO,32.439998626708984,32.439998626708984,32.439998626708984,32.439998626708984,32.439998626708984,925.0
2024-03-01 14:51:00,AIMD,0.9453999996185303,0.9453999996185303,0.9453999996185303,0.9453999996185303,0.9453999996185303,5226.0
2024-03-01 14:51:00,AIRS,6.409999847412109,6.409999847412109,6.409999847412109,6.409999847412109,6.409999847412109,819.0
2024-03-01 14:51:00,AKAN,0.21060000360012054,0.21060000360012054,0.21060000360012054,0.21060000360012054,0.21060000360012054,1577.0
2024-03-01 14:51:00,AKLI,0.3502010107040405,0.3502010107040405,0.3502010107040405,0.3502010107040405,0.3502010107040405,4658.0
2024-03-01 14:51:00,AKRO,28.760000228881836,28.760000228881836,28.760000228881836,28.760000228881836,28.760000228881836,1618.0
2024-03-01 14:51:00,AKYA,6.0,6.0,6.0,6.0,6.0,655.0
2024-03-01 14:51:00,ALEC,7.474999904632568,7.474999904632568,7.480000019073486,7.474999904632568,7.480000019073486,745.0
2024-03-01 14:51:00,ALGN,302.29998779296875,302.29998779296875,302.29998779296875,302.29998779296875,302.29998779296875,1732.0
2024-03-01 14:51:00,ALHC,5.670000076293945,5.670000076293945,5.670000076293945,5.670000076293945,5.670000076293945,0.0
2024-03-01 14:51:00,ALKS,30.25,30.25,30.25,30.25,30.25,16765.0
2024-03-01 14:51:00,ALLK,1.690000057220459,1.690000057220459,1.690000057220459,1.690000057220459,1.690000057220459,956.0
2024-03-01 14:51:00,ALLO,5.010000228881836,5.010000228881836,5.010000228881836,5.010000228881836,5.010000228881836,1092.0
2024-03-01 14:51:00,ALPN,35.900001525878906,35.900001525878906,35.900001525878906,35.900001525878906,35.900001525878906,1560.0
2024-03-01 14:51:00,ALT,12.074999809265137,12.074999809265137,12.074999809265137,12.074999809265137,12.074999809265137,2451.0
2024-03-01 14:51:00,ALXO,15.125,15.125,15.125,15.125,15.125,201.0
2024-03-01 14:51:00,AMED,93.29000091552734,93.29000091552734,93.29000091552734,93.29000091552734,93.29000091552734,622.0
2024-03-01 14:51:00,AMGN,280.8500061035156,280.8500061035156,280.8500061035156,280.8500061035156,280.8500061035156,5219.0
2024-03-01 14:51:00,AMPH,45.55500030517578,45.55500030517578,45.55500030517578,45.55500030517578,45.55500030517578,729.0
2024-03-01 14:51:00,AMRN,1.0499999523162842,1.0499999523162842,1.0499999523162842,1.0499999523162842,1.0499999523162842,613.0
2024-03-01 14:51:00,ANGO,5.489999771118164,5.489999771118164,5.489999771118164,5.489999771118164,5.489999771118164,332614.0
2024-03-01 14:51:00,ANIP,66.71499633789062,66.71499633789062,66.71499633789062,66.71499633789062,66.71499633789062,300.0
2024-03-01 14:51:00,ANTX,3.005000114440918,3.005000114440918,3.005000114440918,3.005000114440918,3.005000114440918,1434.0
2024-03-01 14:51:00,APLS,64.3550033569336,64.3550033569336,64.3550033569336,64.3550033569336,64.3550033569336,2956.0
2024-03-01 14:51:00,APLT,7.074999809265137,7.074999809265137,7.074999809265137,7.074999809265137,7.074999809265137,5910.0
2024-03-01 14:51:00,AQST,4.079999923706055,4.079999923706055,4.079999923706055,4.079999923706055,4.079999923706055,18134.0
2024-03-01 14:51:00,ARDX,9.475000381469727,9.475000381469727,9.475000381469727,9.475000381469727,9.475000381469727,1548.0
2024-03-01 14:51:00,ARQT,11.579999923706055,11.579999923706055,11.595000267028809,11.579999923706055,11.595000267028809,10702.0
2024-03-01 14:51:00,ARVN,48.349998474121094,48.349998474121094,48.349998474121094,48.349998474121094,48.349998474121094,1493.0
2024-03-01 14:51:00,ARWR,35.04499816894531,35.04499816894531,35.04499816894531,35.04499816894531,35.04499816894531,964.0
2024-03-01 14:51:00,ASND,153.63999938964844,153.63999938964844,153.63999938964844,153.63999938964844,153.63999938964844,232.0
2024-03-01 14:51:00,ATAI,2.1549999713897705,2.1549999713897705,2.1549999713897705,2.1549999713897705,2.1549999713897705,6138.0
2024-03-01 14:51:00,ATEC,13.4350004196167,13.4350004196167,13.4350004196167,13.4350004196167,13.4350004196167,1353.0
2024-03-01 14:51:00,ATOS,1.0099999904632568,1.0099999904632568,1.0099999904632568,1.0099999904632568,1.0099999904632568,101.0
2024-03-01 14:51:00,ATRA,0.7926999926567078,0.7926999926567078,0.7926999926567078,0.7926999926567078,0.7926999926567078,1203.0
2024-03-01 14:51:00,ATXS,14.970000267028809,14.970000267028809,14.970000267028809,14.970000267028809,14.970000267028809,793.0
2024-03-01 14:51:00,AUPH,5.800000190734863,5.800000190734863,5.800000190734863,5.800000190734863,5.800000190734863,2956.0
2024-03-01 14:51:00,AUTL,6.289999961853027,6.289999961853027,6.289999961853027,6.289999961853027,6.289999961853027,518.0
2024-03-01 14:51:00,AVDL,13.300000190734863,13.300000190734863,13.300000190734863,13.300000190734863,13.300000190734863,1581.0
2024-03-01 14:51:00,AVIR,4.474999904632568,4.474999904632568,4.474999904632568,4.474999904632568,4.474999904632568,333.0
2024-03-01 14:51:00,AVXL,5.380000114440918,5.380000114440918,5.380000114440918,5.380000114440918,5.380000114440918,6079.0
2024-03-01 14:51:00,AXNX,67.5999984741211,67.5999984741211,67.5999984741211,67.5999984741211,67.5999984741211,210.0
2024-03-01 14:51:00,AZN,64.66500091552734,64.66500091552734,64.66500091552734,64.66500091552734,64.66500091552734,4558.0
2024-03-01 14:51:00,BCAB,2.7950000762939453,2.7950000762939453,2.7950000762939453,2.7950000762939453,2.7950000762939453,860.0
2024-03-01 14:51:00,BCRX,5.710000038146973,5.710000038146973,5.710000038146973,5.710000038146973,5.710000038146973,718.0
2024-03-01 14:51:00,BDTX,4.739999771118164,4.739999771118164,4.739999771118164,4.71999979019165,4.71999979019165,10665.0
2024-03-01 14:51:00,BEAM,39.91109848022461,39.91109848022461,39.95000076293945,39.90999984741211,39.90999984741211,432.0
2024-03-01 14:51:00,BGNE,166.4250030517578,166.4250030517578,166.4250030517578,166.4250030517578,166.4250030517578,342.0
2024-03-01 14:51:00,BIIB,221.85000610351562,221.85000610351562,221.85000610351562,221.39999389648438,221.39999389648438,1612.0
2024-03-01 14:51:00,BIVI,2.098099946975708,2.098099946975708,2.098099946975708,2.075000047683716,2.075000047683716,32563.0
2024-03-01 14:51:00,BLFS,17.96500015258789,17.96500015258789,17.96500015258789,17.96500015258789,17.96500015258789,329.0
2024-03-01 14:51:00,BLUE,1.5750000476837158,1.5750000476837158,1.5750000476837158,1.5750000476837158,1.5750000476837158,24143.0
2024-03-01 14:51:00,BMEA,18.110000610351562,18.110000610351562,18.110000610351562,18.110000610351562,18.110000610351562,1275.0
2024-03-01 14:51:00,BMRN,87.94000244140625,87.94000244140625,87.95500183105469,87.94000244140625,87.95500183105469,1414.0
2024-03-01 14:51:00,BPMC,96.30000305175781,96.30000305175781,96.30000305175781,96.30000305175781,96.30000305175781,1590.0
2024-03-01 14:51:00,BRKR,88.62999725341797,88.62999725341797,88.62999725341797,88.62999725341797,88.62999725341797,1783.0
2024-03-01 14:51:00,BTCY,0.9800000190734863,0.9800000190734863,0.9800000190734863,0.9800000190734863,0.9800000190734863,655.0
2024-03-01 14:51:00,BTTX,0.18299999833106995,0.18299999833106995,0.18299999833106995,0.18119999766349792,0.18119999766349792,43376.0
2024-03-01 14:51:00,CARA,0.9550999999046326,0.9550999999046326,0.9550999999046326,0.9550999999046326,0.9550999999046326,3555.0
2024-03-01 14:51:00,CBAY,32.22999954223633,32.22999954223633,32.22999954223633,32.22999954223633,32.22999954223633,1900.0
2024-03-01 14:51:00,CCCC,11.074999809265137,11.074999809265137,11.074999809265137,11.074999809265137,11.074999809265137,2843.0
2024-03-01 14:51:00,CDMO,8.220000267028809,8.220000267028809,8.220000267028809,8.220000267028809,8.220000267028809,561.0
2024-03-01 14:51:00,CDNA,12.414999961853027,12.414999961853027,12.414999961853027,12.414999961853027,12.414999961853027,3187.0
2024-03-01 14:51:00,CELC,17.030000686645508,17.030000686645508,17.030000686645508,17.030000686645508,17.030000686645508,1353.0
2024-03-01 14:51:00,CERE,41.09000015258789,41.09000015258789,41.09000015258789,41.08000183105469,41.08000183105469,444.0
2024-03-01 14:51:00,CERT,18.200000762939453,18.200000762939453,18.200000762939453,18.200000762939453,18.200000762939453,1656.0
2024-03-01 14:51:00,CGC,3.2100000381469727,3.2100000381469727,3.2100000381469727,3.2100000381469727,3.2100000381469727,8920.0
2024-03-01 14:51:00,CGEM,18.762500762939453,18.762500762939453,18.762500762939453,18.762500762939453,18.762500762939453,690.0
2024-03-01 14:51:00,CGEN,2.6649999618530273,2.6649999618530273,2.6649999618530273,2.6649999618530273,2.6649999618530273,201.0
2024-03-01 14:51:00,CLPT,6.559999942779541,6.559999942779541,6.559999942779541,6.559999942779541,6.559999942779541,2472.0
2024-03-01 14:51:00,CMPS,11.880000114440918,11.880000114440918,11.880000114440918,11.869999885559082,11.869999885559082,4880.0
2024-03-01 14:51:00,CNTA,10.819999694824219,10.819999694824219,10.819999694824219,10.819999694824219,10.819999694824219,101.0
2024-03-01 14:51:00,COCP,1.4800000190734863,1.4800000190734863,1.4800000190734863,1.4800000190734863,1.4800000190734863,5090.0
2024-03-01 14:51:00,COGT,7.179999828338623,7.179999828338623,7.179999828338623,7.179999828338623,7.179999828338623,3463.0
2024-03-01 14:51:00,COLL,36.58000183105469,36.58000183105469,36.58000183105469,36.58000183105469,36.58000183105469,10670.0
2024-03-01 14:51:00,CORT,24.200000762939453,24.200000762939453,24.200000762939453,24.200000762939453,24.200000762939453,1951.0
2024-03-01 14:51:00,CPIX,2.130000114440918,2.130000114440918,2.130000114440918,2.130000114440918,2.130000114440918,139.0
2024-03-01 14:51:00,CRBU,7.886899948120117,7.886899948120117,7.886899948120117,7.886899948120117,7.886899948120117,2400.0
2024-03-01 14:51:00,CRDF,2.7309000492095947,2.7309000492095947,2.7497000694274902,2.7309000492095947,2.7497000694274902,94205.0
2024-03-01 14:51:00,CRDL,2.0099000930786133,2.0099000930786133,2.0099000930786133,2.0099000930786133,2.0099000930786133,0.0
2024-03-01 14:51:00,CRMD,3.684999942779541,3.684999942779541,3.684999942779541,3.684999942779541,3.684999942779541,1127.0
2024-03-01 14:51:00,CRNX,46.3849983215332,46.3849983215332,46.3849983215332,46.3849983215332,46.3849983215332,764.0
2024-03-01 14:51:00,CRSP,85.2300033569336,85.2300033569336,85.2300033569336,85.2300033569336,85.2300033569336,787.0
2024-03-01 14:51:00,CTKB,9.010000228881836,9.010000228881836,9.010000228881836,9.010000228881836,9.010000228881836,1034.0
2024-03-01 14:51:00,CUE,2.174999952316284,2.174999952316284,2.174999952316284,2.174999952316284,2.174999952316284,949.0
2024-03-01 14:51:00,CUTR,2.4000000953674316,2.4000000953674316,2.4000000953674316,2.4000000953674316,2.4000000953674316,1106.0
2024-03-01 14:51:00,CVAC,3.4700000286102295,3.4700000286102295,3.4700000286102295,3.4700000286102295,3.4700000286102295,0.0
2024-03-01 14:51:00,CYTK,73.94000244140625,73.94000244140625,73.94000244140625,73.90499877929688,73.90499877929688,1288.0
2024-03-01 14:51:00,CYTO,2.2671000957489014,2.2671000957489014,2.2671000957489014,2.2671000957489014,2.2671000957489014,1100.0
2024-03-01 14:51:00,DCPH,17.489999771118164,17.489999771118164,17.489999771118164,17.489999771118164,17.489999771118164,4207.0
2024-03-01 14:51:00,DCTH,4.199999809265137,4.199999809265137,4.199999809265137,4.199999809265137,4.199999809265137,324.0
2024-03-01 14:51:00,DH,8.872400283813477,8.872400283813477,8.872400283813477,8.872400283813477,8.872400283813477,1138.0
2024-03-01 14:51:00,DNLI,21.200000762939453,21.200000762939453,21.200000762939453,21.200000762939453,21.200000762939453,0.0
2024-03-01 14:51:00,DRIO,2.009999990463257,2.009999990463257,2.009999990463257,2.009999990463257,2.009999990463257,264.0
2024-03-01 14:51:00,DRMA,0.4586000144481659,0.4586000144481659,0.4586000144481659,0.4586000144481659,0.4586000144481659,0.0
2024-03-01 14:51:00,DVAX,12.819999694824219,12.819999694824219,12.819999694824219,12.819999694824219,12.819999694824219,495.0
2024-03-01 14:51:00,DXCM,121.2699966430664,121.2699966430664,121.2699966430664,121.25,121.25,2466.0
2024-03-01 14:51:00,EDIT,10.8149995803833,10.8149995803833,10.8149995803833,10.8149995803833,10.8149995803833,838.0
2024-03-01 14:51:00,EGRX,6.619999885559082,6.619999885559082,6.619999885559082,6.619999885559082,6.619999885559082,624.0
2024-03-01 14:51:00,ELEV,5.099999904632568,5.099999904632568,5.099999904632568,5.099999904632568,5.099999904632568,624.0
2024-03-01 14:51:00,EMBC,14.270000457763672,14.270000457763672,14.270000457763672,14.270000457763672,14.270000457763672,515.0
2024-03-01 14:51:00,ENSG,121.5199966430664,121.5199966430664,121.62000274658203,121.5199966430664,121.58999633789062,2025.0
2024-03-01 14:51:00,ENVB,1.5125999450683594,1.5125999450683594,1.5125999450683594,1.5125999450683594,1.5125999450683594,35826.0
2024-03-01 14:51:00,EOLS,14.789999961853027,14.789999961853027,14.789999961853027,14.789999961853027,14.789999961853027,814.0
2024-03-01 14:51:00,ERAS,2.515000104904175,2.515000104904175,2.515000104904175,2.515000104904175,2.515000104904175,293.0
2024-03-01 14:51:00,ESPR,2.5599000453948975,2.5599000453948975,2.5599000453948975,2.5599000453948975,2.5599000453948975,3320.0
2024-03-01 14:51:00,ESTA,43.935001373291016,43.935001373291016,43.95500183105469,43.849998474121094,43.95500183105469,1026.0
2024-03-01 14:51:00,EVGN,0.9700000286102295,0.9700000286102295,0.9700000286102295,0.9700000286102295,0.9700000286102295,5200.0
2024-03-01 14:51:00,EWTX,17.03499984741211,17.03499984741211,17.03499984741211,17.03499984741211,17.03499984741211,3331.0
2024-03-01 14:51:00,EXAS,59.96500015258789,59.96500015258789,59.9900016784668,59.96500015258789,59.9900016784668,1709.0
2024-03-01 14:51:00,EXEL,22.395000457763672,22.395000457763672,22.395000457763672,22.395000457763672,22.395000457763672,1702.0
2024-03-01 14:51:00,EYPT,27.950000762939453,27.950000762939453,27.950000762939453,27.950000762939453,27.950000762939453,629.0
2024-03-01 14:51:00,FATE,7.784999847412109,7.784999847412109,7.784999847412109,7.784999847412109,7.784999847412109,1117.0
2024-03-01 14:51:00,FBIO,2.360100030899048,2.360100030899048,2.360100030899048,2.360100030899048,2.360100030899048,916.0
2024-03-01 14:51:00,FDMT,29.46500015258789,29.46500015258789,29.46500015258789,29.46500015258789,29.46500015258789,148.0
2024-03-01 14:51:00,FGEN,1.8350000381469727,1.8350000381469727,1.8350000381469727,1.8350000381469727,1.8350000381469727,7737.0
2024-03-01 14:51:00,FHTX,8.220000267028809,8.220000267028809,8.220000267028809,8.220000267028809,8.220000267028809,706.0
2024-03-01 14:51:00,FLGT,23.110000610351562,23.110000610351562,23.110000610351562,23.110000610351562,23.110000610351562,771.0
2024-03-01 14:51:00,FOLD,13.305000305175781,13.305000305175781,13.305000305175781,13.305000305175781,13.305000305175781,585.0
2024-03-01 14:51:00,GDRX,8.489999771118164,8.489999771118164,8.489999771118164,8.489999771118164,8.489999771118164,0.0
2024-03-01 14:51:00,GENE,2.3550000190734863,2.3550000190734863,2.3550000190734863,2.3550000190734863,2.3550000190734863,0.0
2024-03-01 14:51:00,GERN,2.244999885559082,2.244999885559082,2.244999885559082,2.244999885559082,2.244999885559082,2949.0
2024-03-01 14:51:00,GILD,72.5199966430664,72.5199966430664,72.5199966430664,72.5199966430664,72.5199966430664,8543.0
2024-03-01 14:51:00,GLTO,0.795799970626831,0.795799970626831,0.795799970626831,0.795799970626831,0.795799970626831,2591.0
2024-03-01 14:51:00,GLUE,6.315000057220459,6.315000057220459,6.315000057220459,6.315000057220459,6.315000057220459,347.0
2024-03-01 14:51:00,GMAB,29.420000076293945,29.420000076293945,29.420000076293945,29.420000076293945,29.420000076293945,604.0
2024-03-01 14:51:00,GRTS,2.0850000381469727,2.0850000381469727,2.0850000381469727,2.0850000381469727,2.0850000381469727,2450.0
2024-03-01 14:51:00,GTHX,3.799999952316284,3.799999952316284,3.799999952316284,3.799999952316284,3.799999952316284,5558.0
2024-03-01 14:51:00,HALO,41.20000076293945,41.20000076293945,41.20000076293945,41.20000076293945,41.20000076293945,2116.0
2024-03-01 14:51:00,HCAT,8.175000190734863,8.175000190734863,8.175000190734863,8.175000190734863,8.175000190734863,508283.0
2024-03-01 14:51:00,HCSG,12.837499618530273,12.837499618530273,12.84000015258789,12.837499618530273,12.84000015258789,621.0
2024-03-01 14:51:00,HCTI,2.0199999809265137,2.0199999809265137,2.0299999713897705,2.0199999809265137,2.0299999713897705,1602.0
2024-03-01 14:51:00,HITI,1.767799973487854,1.767799973487854,1.767799973487854,1.767799973487854,1.767799973487854,0.0
2024-03-01 14:51:00,HOLX,74.37999725341797,74.37999725341797,74.37999725341797,74.37000274658203,74.37000274658203,572.0
2024-03-01 14:51:00,HOOK,0.7795000076293945,0.7795000076293945,0.7795000076293945,0.7795000076293945,0.7795000076293945,134.0
2024-03-01 14:51:00,HOTH,1.3200000524520874,1.3200000524520874,1.3200000524520874,1.3200000524520874,1.3200000524520874,102.0
2024-03-01 14:51:00,HOWL,7.090000152587891,7.090000152587891,7.090000152587891,7.090000152587891,7.090000152587891,6158.0
2024-03-01 14:51:00,HQY,81.42500305175781,81.42500305175781,81.42500305175781,81.42500305175781,81.42500305175781,1405.0
2024-03-01 14:51:00,HROW,10.920000076293945,10.920000076293945,10.920000076293945,10.920000076293945,10.920000076293945,680.0
2024-03-01 14:51:00,HRTX,2.617500066757202,2.617500066757202,2.617500066757202,2.617500066757202,2.617500066757202,2837.0
2024-03-01 14:51:00,HSCS,0.1185000017285347,0.1185000017285347,0.1185000017285347,0.1185000017285347,0.1185000017285347,10183.0
2024-03-01 14:51:00,HSIC,76.81500244140625,76.81500244140625,76.81500244140625,76.80000305175781,76.80000305175781,3065.0
2024-03-01 14:51:00,HSTM,27.360000610351562,27.360000610351562,27.360000610351562,27.360000610351562,27.360000610351562,858.0
2024-03-01 14:51:00,HUMA,3.200000047683716,3.200000047683716,3.2049999237060547,3.200000047683716,3.203000068664551,26061.0
2024-03-01 14:51:00,IART,36.279998779296875,36.279998779296875,36.279998779296875,36.279998779296875,36.279998779296875,805.0
2024-03-01 14:51:00,IBRX,4.840000152587891,4.840000152587891,4.840000152587891,4.840000152587891,4.840000152587891,2041.0
2024-03-01 14:51:00,IDYA,46.310001373291016,46.310001373291016,46.310001373291016,46.310001373291016,46.310001373291016,622.0
2024-03-01 14:51:00,ILMN,141.39999389648438,141.39999389648438,141.39999389648438,141.39999389648438,141.39999389648438,421.0
2024-03-01 14:51:00,IMAB,1.7999999523162842,1.7999999523162842,1.7999999523162842,1.7999999523162842,1.7999999523162842,0.0
2024-03-01 14:51:00,IMMX,3.5,3.5,3.5,3.5,3.5,0.0
2024-03-01 14:51:00,IMNM,25.55500030517578,25.55500030517578,25.55500030517578,25.55500030517578,25.55500030517578,216.0
2024-03-01 14:51:00,IMTX,12.829999923706055,12.829999923706055,12.829999923706055,12.829999923706055,12.829999923706055,334.0
2024-03-01 14:51:00,INCY,59.0,59.0,59.0,59.0,59.0,756.0
2024-03-01 14:51:00,INMD,22.8700008392334,22.8700008392334,22.8700008392334,22.8700008392334,22.8700008392334,3003.0
2024-03-01 14:51:00,INO,9.600000381469727,9.600000381469727,9.600000381469727,9.600000381469727,9.600000381469727,2873.0
2024-03-01 14:51:00,INVA,15.524999618530273,15.524999618530273,15.524999618530273,15.524999618530273,15.524999618530273,5268.0
2024-03-01 14:51:00,IONM,0.34940001368522644,0.34940001368522644,0.34940001368522644,0.34940001368522644,0.34940001368522644,0.0
2024-03-01 14:51:00,IOVA,17.0,17.0,17.0,17.0,17.0,7240.0
2024-03-01 14:51:00,IPSC,3.9549999237060547,3.9549999237060547,3.9549999237060547,3.9549999237060547,3.9549999237060547,403.0
2024-03-01 14:51:00,IRTC,120.79499816894531,120.79499816894531,120.79499816894531,120.79499816894531,120.79499816894531,3503.0
2024-03-01 14:51:00,ISRG,396.5299987792969,396.5299987792969,396.5299987792969,396.5299987792969,396.5299987792969,801.0
2024-03-01 14:51:00,ITCI,71.97000122070312,71.97000122070312,71.97000122070312,71.97000122070312,71.97000122070312,2791.0
2024-03-01 14:51:00,ITOS,11.3149995803833,11.3149995803833,11.3149995803833,11.3149995803833,11.3149995803833,200.0
2024-03-01 14:51:00,JANX,45.93009948730469,45.93009948730469,45.93009948730469,45.93009948730469,45.93009948730469,11192.0
2024-03-01 14:51:00,JAZZ,119.05000305175781,119.05000305175781,119.05000305175781,119.05000305175781,119.05000305175781,4430.0
2024-03-01 14:51:00,JSPR,21.540000915527344,21.540000915527344,21.540000915527344,21.540000915527344,21.540000915527344,990.0
2024-03-01 14:51:00,KALV,14.140000343322754,14.140000343322754,14.140000343322754,14.140000343322754,14.140000343322754,5005.0
2024-03-01 14:51:00,KNSA,21.950000762939453,21.950000762939453,21.950000762939453,21.920000076293945,21.920000076293945,981.0
2024-03-01 14:51:00,KOD,6.074999809265137,6.074999809265137,6.074999809265137,6.074999809265137,6.074999809265137,1505.0
2024-03-01 14:51:00,KRTX,315.82501220703125,315.82501220703125,315.82501220703125,315.82501220703125,315.82501220703125,201.0
2024-03-01 14:51:00,KRYS,169.17999267578125,169.17999267578125,169.17999267578125,169.17999267578125,169.17999267578125,535.0
2024-03-01 14:51:00,KURA,21.8799991607666,21.8799991607666,21.8799991607666,21.8700008392334,21.8799991607666,3476.0
2024-03-01 14:51:00,KYMR,43.744998931884766,43.744998931884766,43.744998931884766,43.744998931884766,43.744998931884766,235.0
2024-03-01 14:51:00,KZR,1.065000057220459,1.065000057220459,1.065000057220459,1.065000057220459,1.065000057220459,1250.0
2024-03-01 14:51:00,LAB,2.4749999046325684,2.4749999046325684,2.4749999046325684,2.4749999046325684,2.4749999046325684,27720.0
2024-03-01 14:51:00,LBPH,21.690000534057617,21.690000534057617,21.690000534057617,21.649999618530273,21.649999618530273,407.0
2024-03-01 14:51:00,LEGN,65.43000030517578,65.43000030517578,65.43000030517578,65.43000030517578,65.43000030517578,517.0
2024-03-01 14:51:00,LFLY,2.9800000190734863,2.9800000190734863,2.9800000190734863,2.9800000190734863,2.9800000190734863,100.0
2024-03-01 14:51:00,LFST,7.715000152587891,7.715000152587891,7.715000152587891,7.710000038146973,7.710000038146973,4689.0
2024-03-01 14:51:00,LGND,78.23999786376953,78.23999786376953,78.23999786376953,78.23999786376953,78.23999786376953,268.0
2024-03-01 14:51:00,LIVN,55.56999969482422,55.56999969482422,55.56999969482422,55.56999969482422,55.56999969482422,871.0
2024-03-01 14:51:00,LNTH,64.5999984741211,64.5999984741211,64.5999984741211,64.56999969482422,64.56999969482422,603.0
2024-03-01 14:51:00,LPTX,2.880000114440918,2.880000114440918,2.880000114440918,2.880000114440918,2.880000114440918,775.0
2024-03-01 14:51:00,LQDA,14.640000343322754,14.640000343322754,14.640000343322754,14.640000343322754,14.640000343322754,645.0
2024-03-01 14:51:00,LTRN,4.189799785614014,4.189799785614014,4.215000152587891,4.189799785614014,4.195000171661377,2351.0
2024-03-01 14:51:00,LUCD,1.2400000095367432,1.2400000095367432,1.2400000095367432,1.2400000095367432,1.2400000095367432,500.0
2024-03-01 14:51:00,LVTX,2.7699999809265137,2.7699999809265137,2.7699999809265137,2.7699999809265137,2.7699999809265137,516.0
2024-03-01 14:51:00,LXRX,2.494999885559082,2.494999885559082,2.494999885559082,2.494999885559082,2.494999885559082,946.0
2024-03-01 14:51:00,LYEL,3.1624999046325684,3.1624999046325684,3.1649999618530273,3.1600000858306885,3.1600000858306885,2539.0
2024-03-01 14:51:00,LYRA,5.699999809265137,5.699999809265137,5.704999923706055,5.695000171661377,5.695000171661377,2965.0
2024-03-01 14:51:00,MACK,14.710000038146973,14.710000038146973,14.710000038146973,14.710000038146973,14.710000038146973,831.0
2024-03-01 14:51:00,MASI,127.18499755859375,127.18499755859375,127.18499755859375,127.18499755859375,127.18499755859375,1321.0
2024-03-01 14:51:00,MDGL,250.27000427246094,250.27000427246094,250.27000427246094,250.27000427246094,250.27000427246094,731.0
2024-03-01 14:51:00,MDRX,6.019999980926514,6.019999980926514,6.019999980926514,6.019999980926514,6.019999980926514,7160.0
2024-03-01 14:51:00,MDXG,8.645000457763672,8.645000457763672,8.645000457763672,8.645000457763672,8.645000457763672,929.0
2024-03-01 14:51:00,MGNX,18.90999984741211,18.90999984741211,18.90999984741211,18.90999984741211,18.90999984741211,1656.0
2024-03-01 14:51:00,MLTX,50.76499938964844,50.76499938964844,50.76499938964844,50.76499938964844,50.76499938964844,372.0
2024-03-01 14:51:00,MNKD,4.534999847412109,4.534999847412109,4.534999847412109,4.534999847412109,4.534999847412109,3338.0
2024-03-01 14:51:00,MNMD,6.229499816894531,6.229499816894531,6.229499816894531,6.229499816894531,6.229499816894531,756.0
2024-03-01 14:51:00,MOR,17.594999313354492,17.594999313354492,17.594999313354492,17.594999313354492,17.594999313354492,110.0
2024-03-01 14:51:00,MRNA,95.80000305175781,95.80000305175781,95.80000305175781,95.80000305175781,95.80000305175781,1058.0
2024-03-01 14:51:00,MRNS,10.1899995803833,10.1899995803833,10.1899995803833,10.1899995803833,10.1899995803833,987.0
2024-03-01 14:51:00,MRSN,5.925000190734863,5.925000190734863,5.925000190734863,5.925000190734863,5.925000190734863,2830.0
2024-03-01 14:51:00,MRUS,51.16999816894531,51.16999816894531,51.16999816894531,51.16999816894531,51.16999816894531,1120.0
2024-03-01 14:51:00,MRVI,7.735000133514404,7.735000133514404,7.735000133514404,7.735000133514404,7.735000133514404,1330.0
2024-03-01 14:51:00,MYGN,22.1299991607666,22.1299991607666,22.1299991607666,22.100000381469727,22.100000381469727,5542.0
2024-03-01 14:51:00,NARI,46.060001373291016,46.060001373291016,46.060001373291016,46.060001373291016,46.060001373291016,1817.0
2024-03-01 14:51:00,NAUT,2.640000104904175,2.640000104904175,2.640000104904175,2.640000104904175,2.640000104904175,201.0
2024-03-01 14:51:00,NEO,16.139999389648438,16.139999389648438,16.139999389648438,16.139999389648438,16.139999389648438,2935.0
2024-03-01 14:51:00,NEOG,17.34000015258789,17.34000015258789,17.34000015258789,17.34000015258789,17.34000015258789,241.0
2024-03-01 14:51:00,NGM,1.5199999809265137,1.5199999809265137,1.5199999809265137,1.5199999809265137,1.5199999809265137,300.0
2024-03-01 14:51:00,NKTR,0.7731999754905701,0.7731999754905701,0.7731999754905701,0.7731999754905701,0.7731999754905701,0.0
2024-03-01 14:51:00,NKTX,12.479999542236328,12.479999542236328,12.479999542236328,12.479999542236328,12.479999542236328,1499.0
2024-03-01 14:51:00,NNOX,10.78320026397705,10.78320026397705,10.78320026397705,10.78320026397705,10.78320026397705,1551.0
2024-03-01 14:51:00,NPCE,16.290000915527344,16.290000915527344,16.290000915527344,16.290000915527344,16.290000915527344,660.0
2024-03-01 14:51:00,NRXP,0.44440001249313354,0.44440001249313354,0.44440001249313354,0.44440001249313354,0.44440001249313354,7183.0
2024-03-01 14:51:00,NTRA,89.09500122070312,89.09500122070312,89.09500122070312,89.09500122070312,89.09500122070312,3525.0
2024-03-01 14:51:00,NUVL,87.66000366210938,87.66000366210938,87.66000366210938,87.66000366210938,87.66000366210938,1254.0
2024-03-01 14:51:00,NVAX,5.362500190734863,5.362500190734863,5.362500190734863,5.362500190734863,5.362500190734863,12225.0
2024-03-01 14:51:00,NVCR,16.075000762939453,16.075000762939453,16.075000762939453,16.075000762939453,16.075000762939453,283.0
2024-03-01 14:51:00,OCGN,0.9574990272521973,0.9574990272521973,0.9599000215530396,0.9574990272521973,0.9599000215530396,1214.0
2024-03-01 14:51:00,OCUL,10.6850004196167,10.6850004196167,10.6850004196167,10.680000305175781,10.680000305175781,4804.0
2024-03-01 14:51:00,OFIX,12.920000076293945,12.920000076293945,12.920000076293945,12.90999984741211,12.90999984741211,497.0
2024-03-01 14:51:00,OLK,23.0,23.0,23.024999618530273,23.0,23.020000457763672,7568.0
2024-03-01 14:51:00,OLMA,14.949999809265137,14.949999809265137,14.949999809265137,14.949999809265137,14.949999809265137,348.0
2024-03-01 14:51:00,OMCL,26.549999237060547,26.549999237060547,26.549999237060547,26.549999237060547,26.549999237060547,905.0
2024-03-01 14:51:00,OMER,4.800099849700928,4.800099849700928,4.800099849700928,4.800099849700928,4.800099849700928,242.0
2024-03-01 14:51:00,OMGA,4.409999847412109,4.409999847412109,4.409999847412109,4.409999847412109,4.409999847412109,7896.0
2024-03-01 14:51:00,OMIC,0.5999500155448914,0.5999500155448914,0.6000000238418579,0.5999500155448914,0.6000000238418579,1013.0
2024-03-01 14:51:00,ONCY,1.149999976158142,1.149999976158142,1.149999976158142,1.149999976158142,1.149999976158142,2300.0
2024-03-01 14:52:00,AADI,1.9800000190734863,1.9800000190734863,1.9800000190734863,1.975000023841858,1.9800000190734863,2861.0
2024-03-01 14:52:00,ABCL,5.125,5.125,5.130000114440918,5.119999885559082,5.130000114440918,58910.0
2024-03-01 14:52:00,ABEO,7.690000057220459,7.690000057220459,7.699999809265137,7.659999847412109,7.699999809265137,2089.0
2024-03-01 14:52:00,ABOS,4.65500020980835,4.65500020980835,4.65500020980835,4.650000095367432,4.650000095367432,1019.0
2024-03-01 14:52:00,ABSI,5.514999866485596,5.514999866485596,5.519999980926514,5.510000228881836,5.519999980926514,2896.0
2024-03-01 14:52:00,ABUS,2.765000104904175,2.765000104904175,2.765000104904175,2.765000104904175,2.765000104904175,1248.0
2024-03-01 14:52:00,ACAD,24.15999984741211,24.15999984741211,24.15999984741211,24.135000228881836,24.135000228881836,4714.0
2024-03-01 14:52:00,ACB,3.184999942779541,3.184999942779541,3.184999942779541,3.184999942779541,3.184999942779541,123.0
2024-03-01 14:52:00,ACCD,10.079999923706055,10.079999923706055,10.079999923706055,10.069999694824219,10.069999694824219,1191.0
2024-03-01 14:52:00,ACET,2.3949999809265137,2.3949999809265137,2.4000000953674316,2.390000104904175,2.3949999809265137,1900.0
2024-03-01 14:52:00,ACHV,4.349999904632568,4.349999904632568,4.349999904632568,4.349999904632568,4.349999904632568,200.0
2024-03-01 14:52:00,ACIU,3.8945000171661377,3.8945000171661377,3.8945000171661377,3.8945000171661377,3.8945000171661377,70209.0
2024-03-01 14:52:00,ACLX,68.01000213623047,68.01000213623047,68.01000213623047,68.01000213623047,68.01000213623047,824.0
2024-03-01 14:52:00,ACRS,1.2350000143051147,1.2350000143051147,1.2400000095367432,1.2350000143051147,1.2350000143051147,823.0
2024-03-01 14:52:00,ADIL,3.0,3.0,3.0199999809265137,2.990000009536743,2.990000009536743,12666.0
2024-03-01 14:52:00,ADMA,5.545000076293945,5.545000076293945,5.545000076293945,5.543799877166748,5.545000076293945,1166.0
2024-03-01 14:52:00,ADPT,4.079999923706055,4.079999923706055,4.090000152587891,4.079999923706055,4.085000038146973,3438.0
2024-03-01 14:52:00,ADVM,1.9700000286102295,1.9700000286102295,1.9800000190734863,1.9700000286102295,1.9800000190734863,2979.0
2024-03-01 14:52:00,AFIB,0.2101999968290329,0.2101999968290329,0.2102999985218048,0.20999999344348907,0.2101999968290329,183084.0
2024-03-01 14:52:00,AGEN,0.670074999332428,0.670074999332428,0.6700999736785889,0.6700000166893005,0.6700990200042725,5879.0
2024-03-01 14:52:00,AGIO,32.41999816894531,32.41999816894531,32.459999084472656,32.41999816894531,32.45000076293945,3974.0
2024-03-01 14:52:00,AHCO,10.505000114440918,10.505000114440918,10.505000114440918,10.500499725341797,10.500499725341797,777.0
2024-03-01 14:52:00,AIRS,6.429999828338623,6.429999828338623,6.429999828338623,6.429999828338623,6.429999828338623,128.0
2024-03-01 14:52:00,AKBA,1.6888999938964844,1.6888999938964844,1.690000057220459,1.684999942779541,1.690000057220459,3717.0
2024-03-01 14:52:00,AKRO,28.829999923706055,28.829999923706055,28.860000610351562,28.809999465942383,28.809999465942383,2906.0
2024-03-01 14:52:00,AKYA,6.03000020980835,6.03000020980835,6.03000020980835,6.03000020980835,6.03000020980835,100.0
2024-03-01 14:52:00,ALEC,7.474999904632568,7.474999904632568,7.474999904632568,7.474999904632568,7.474999904632568,312.0
2024-03-01 14:52:00,ALHC,5.639999866485596,5.639999866485596,5.670000076293945,5.639999866485596,5.670000076293945,2161403.0
2024-03-01 14:52:00,ALIM,3.6700000762939453,3.6700000762939453,3.690000057220459,3.6700000762939453,3.690000057220459,573.0
2024-03-01 14:52:00,ALKS,30.170000076293945,30.170000076293945,30.2450008392334,30.15999984741211,30.2450008392334,3355.0
2024-03-01 14:52:00,ALLK,1.690000057220459,1.690000057220459,1.690000057220459,1.684999942779541,1.684999942779541,801.0
2024-03-01 14:52:00,ALLO,5.011199951171875,5.011199951171875,5.014999866485596,5.010000228881836,5.014999866485596,832.0
2024-03-01 14:52:00,ALNY,153.50999450683594,153.50999450683594,153.50999450683594,153.3699951171875,153.3699951171875,905.0
2024-03-01 14:52:00,ALPN,35.869998931884766,35.869998931884766,35.900001525878906,35.869998931884766,35.88999938964844,2833.0
2024-03-01 14:52:00,ALT,12.077899932861328,12.077899932861328,12.085000038146973,12.069999694824219,12.079999923706055,1950.0
2024-03-01 14:52:00,ALVO,15.619999885559082,15.619999885559082,15.630000114440918,15.619999885559082,15.630000114440918,300.0
2024-03-01 14:52:00,ALVR,0.7414000034332275,0.7414000034332275,0.7458000183105469,0.7414000034332275,0.7458000183105469,502.0
2024-03-01 14:52:00,ALXO,15.125,15.125,15.125,15.109999656677246,15.109999656677246,496.0
2024-03-01 14:52:00,AMED,93.3010025024414,93.3010025024414,93.3499984741211,93.3010025024414,93.33000183105469,1561.0
2024-03-01 14:52:00,AMGN,280.989990234375,280.989990234375,281.010009765625,280.8800048828125,280.8900146484375,6790.0
2024-03-01 14:52:00,AMLX,18.81999969482422,18.81999969482422,18.81999969482422,18.81999969482422,18.81999969482422,767.0
2024-03-01 14:52:00,AMPH,45.56999969482422,45.56999969482422,45.58000183105469,45.540000915527344,45.55500030517578,1760.0
2024-03-01 14:52:00,AMRN,1.0549999475479126,1.0549999475479126,1.0549999475479126,1.0549999475479126,1.0549999475479126,355.0
2024-03-01 14:52:00,ANAB,25.40999984741211,25.40999984741211,25.420000076293945,25.389999389648438,25.420000076293945,685.0
2024-03-01 14:52:00,ANGO,5.494999885559082,5.494999885559082,5.494999885559082,5.485000133514404,5.489999771118164,3940.0
2024-03-01 14:52:00,ANNX,6.039999961853027,6.039999961853027,6.067500114440918,6.039999961853027,6.050000190734863,5302.0
2024-03-01 14:52:00,ANTX,3.005000114440918,3.005000114440918,3.0081000328063965,3.005000114440918,3.005000114440918,2600.0
2024-03-01 14:52:00,APLS,64.31999969482422,64.31999969482422,64.37999725341797,64.31999969482422,64.37999725341797,2494.0
2024-03-01 14:52:00,APLT,7.070000171661377,7.070000171661377,7.070000171661377,7.070000171661377,7.070000171661377,200.0
2024-03-01 14:52:00,APVO,0.15770000219345093,0.15770000219345093,0.15770000219345093,0.15770000219345093,0.15770000219345093,595.0
2024-03-01 14:52:00,AQST,4.110000133514404,4.110000133514404,4.110000133514404,4.079999923706055,4.079999923706055,15544.0
2024-03-01 14:52:00,ARAY,2.625,2.625,2.640000104904175,2.625,2.640000104904175,9834.0
2024-03-01 14:52:00,ARDX,9.470000267028809,9.470000267028809,9.479999542236328,9.470000267028809,9.475000381469727,85752.0
2024-03-01 14:52:00,ARQT,11.569999694824219,11.569999694824219,11.574999809265137,11.5600004196167,11.572199821472168,10865.0
2024-03-01 14:52:00,ARVN,48.29999923706055,48.29999923706055,48.36989974975586,48.279998779296875,48.34000015258789,2207.0
2024-03-01 14:52:00,ARWR,35.05500030517578,35.05500030517578,35.05500030517578,35.04999923706055,35.04999923706055,5722.0
2024-03-01 14:52:00,ASND,153.50999450683594,153.50999450683594,153.50999450683594,153.50999450683594,153.50999450683594,537.0
2024-03-01 14:52:00,ASRT,0.887499988079071,0.887499988079071,0.8895000219345093,0.8866000175476074,0.887499988079071,13020.0
2024-03-01 14:52:00,ATAI,2.1549999713897705,2.1549999713897705,2.1593000888824463,2.1549999713897705,2.1593000888824463,5220.0
2024-03-01 14:52:00,ATEC,13.4350004196167,13.4350004196167,13.4350004196167,13.4350004196167,13.4350004196167,2251.0
2024-03-01 14:52:00,ATNF,3.259999990463257,3.259999990463257,3.259999990463257,3.259999990463257,3.259999990463257,202.0
2024-03-01 14:52:00,ATRA,0.7925999760627747,0.7925999760627747,0.7947999835014343,0.7925000190734863,0.7947999835014343,25320.0
2024-03-01 14:52:00,ATRC,36.0989990234375,36.0989990234375,36.119998931884766,36.095001220703125,36.095001220703125,1607.0
2024-03-01 14:52:00,ATXI,0.15399999916553497,0.15399999916553497,0.15459999442100525,0.15399999916553497,0.15459999442100525,11230.0
2024-03-01 14:52:00,ATXS,14.949999809265137,14.949999809265137,14.970000267028809,14.949999809265137,14.949999809265137,3305.0
2024-03-01 14:52:00,AUGX,4.550000190734863,4.550000190734863,4.550000190734863,4.550000190734863,4.550000190734863,91515.0
2024-03-01 14:52:00,AUPH,5.800000190734863,5.800000190734863,5.800000190734863,5.800000190734863,5.800000190734863,489.0
2024-03-01 14:52:00,AVDL,13.300000190734863,13.300000190734863,13.300000190734863,13.300000190734863,13.300000190734863,272.0
2024-03-01 14:52:00,AXGN,10.550000190734863,10.550000190734863,10.550000190734863,10.550000190734863,10.550000190734863,668.0
2024-03-01 14:52:00,AXSM,82.27999877929688,82.27999877929688,82.27999877929688,82.20999908447266,82.20999908447266,1355.0
2024-03-01 14:52:00,AZN,64.65499877929688,64.65499877929688,64.66500091552734,64.6500015258789,64.66500091552734,9399.0
2024-03-01 14:52:00,AZTA,66.9800033569336,66.9800033569336,66.9800033569336,66.9800033569336,66.9800033569336,1895.0
2024-03-01 14:52:00,BBIO,35.935001373291016,35.935001373291016,35.959999084472656,35.935001373291016,35.939998626708984,749.0
2024-03-01 14:52:00,BBLG,2.430000066757202,2.430000066757202,2.430000066757202,2.4049999713897705,2.4049999713897705,555.0
2024-03-01 14:52:00,BCAB,2.809999942779541,2.809999942779541,2.809999942779541,2.7950000762939453,2.7950000762939453,3031.0
2024-03-01 14:52:00,BCDA,0.5799999833106995,0.5799999833106995,0.5799999833106995,0.5734000205993652,0.5734000205993652,1600.0
2024-03-01 14:52:00,BCYC,25.825000762939453,25.825000762939453,25.825000762939453,25.770000457763672,25.770000457763672,209.0
2024-03-01 14:52:00,BDTX,4.750100135803223,4.750100135803223,4.757400035858154,4.739999771118164,4.739999771118164,1622.0
2024-03-01 14:52:00,BEAM,39.9900016784668,39.9900016784668,39.9900016784668,39.93299865722656,39.935001373291016,1253.0
2024-03-01 14:52:00,BGNE,166.4250030517578,166.4250030517578,166.4250030517578,166.4250030517578,166.4250030517578,784.0
2024-03-01 14:52:00,BIAF,2.3698999881744385,2.3698999881744385,2.3698999881744385,2.3698999881744385,2.3698999881744385,120.0
2024-03-01 14:52:00,BIIB,221.94000244140625,221.94000244140625,221.94000244140625,221.92999267578125,221.92999267578125,302.0
2024-03-01 14:52:00,BIOL,0.14499999582767487,0.14499999582767487,0.14499999582767487,0.1449500024318695,0.14499999582767487,11388.0
2024-03-01 14:52:00,BIVI,2.059999942779541,2.059999942779541,2.0999999046325684,2.059999942779541,2.0999999046325684,34379.0
2024-03-01 14:52:00,BLFS,17.96500015258789,17.96500015258789,17.96500015258789,17.96500015258789,17.96500015258789,190.0
2024-03-01 14:52:00,BLRX,1.3869999647140503,1.3869999647140503,1.3869999647140503,1.3869999647140503,1.3869999647140503,751.0
2024-03-01 14:52:00,BLUE,1.5800000429153442,1.5800000429153442,1.5800000429153442,1.5700000524520874,1.575700044631958,13664.0
2024-03-01 14:52:00,BMEA,18.139999389648438,18.139999389648438,18.139999389648438,18.139999389648438,18.139999389648438,134.0
2024-03-01 14:52:00,BMRA,1.2000000476837158,1.2000000476837158,1.2000000476837158,1.2000000476837158,1.2000000476837158,202.0
2024-03-01 14:52:00,BMRN,87.91000366210938,87.91000366210938,87.94999694824219,87.91000366210938,87.94999694824219,3689.0
2024-03-01 14:52:00,BNGO,1.2599999904632568,1.2599999904632568,1.2599999904632568,1.2599999904632568,1.2599999904632568,688.0
2024-03-01 14:52:00,BNTX,91.08999633789062,91.08999633789062,91.11000061035156,91.08999633789062,91.11000061035156,1147.0
2024-03-01 14:52:00,BPMC,96.48999786376953,96.48999786376953,96.49500274658203,96.34500122070312,96.4000015258789,5831.0
2024-03-01 14:52:00,BRKR,88.6500015258789,88.6500015258789,88.6500015258789,88.6500015258789,88.6500015258789,949.0
2024-03-01 14:52:00,BTTX,0.18082499504089355,0.18082499504089355,0.18082499504089355,0.18082499504089355,0.18082499504089355,505.0
2024-03-01 14:52:00,CABA,23.989999771118164,23.989999771118164,24.010000228881836,23.989999771118164,24.0,3042.0
2024-03-01 14:52:00,CAPR,4.510000228881836,4.510000228881836,4.510000228881836,4.510000228881836,4.510000228881836,1280.0
2024-03-01 14:52:00,CARA,0.9599000215530396,0.9599000215530396,0.9599000215530396,0.9599000215530396,0.9599000215530396,228.0
2024-03-01 14:52:00,CBAY,32.224998474121094,32.224998474121094,32.22999954223633,32.224998474121094,32.22999954223633,706.0
2024-03-01 14:52:00,CCCC,11.079999923706055,11.079999923706055,11.085000038146973,11.074999809265137,11.074999809265137,9638.0
2024-03-01 14:52:00,CCRN,18.309999465942383,18.309999465942383,18.309999465942383,18.309999465942383,18.309999465942383,421.0
2024-03-01 14:52:00,CDMO,8.225000381469727,8.225000381469727,8.225000381469727,8.225000381469727,8.225000381469727,172.0
2024-03-01 14:52:00,CDNA,12.420000076293945,12.420000076293945,12.420000076293945,12.399999618530273,12.399999618530273,2042.0
2024-03-01 14:52:00,CDXS,4.610000133514404,4.610000133514404,4.610000133514404,4.570000171661377,4.570000171661377,12216.0
2024-03-01 14:52:00,CELC,17.09000015258789,17.09000015258789,17.09000015258789,16.985000610351562,17.020000457763672,35315.0
2024-03-01 14:52:00,CELU,3.5,3.5,3.5,3.5,3.5,48306.0
2024-03-01 14:52:00,CERE,41.084999084472656,41.084999084472656,41.09000015258789,41.08000183105469,41.09000015258789,1326.0
2024-03-01 14:52:00,CERS,2.184999942779541,2.184999942779541,2.184999942779541,2.174999952316284,2.174999952316284,15219.0
2024-03-01 14:52:00,CERT,18.229999542236328,18.229999542236328,18.229999542236328,18.200000762939453,18.200000762939453,1394.0
2024-03-01 14:52:00,CGC,3.2100000381469727,3.2100000381469727,3.2149999141693115,3.2100000381469727,3.2100000381469727,8906.0
2024-03-01 14:52:00,CGEN,2.6700000762939453,2.6700000762939453,2.6700000762939453,2.6700000762939453,2.6700000762939453,612.0
2024-03-01 14:52:00,CHRS,2.440000057220459,2.440000057220459,2.440000057220459,2.440000057220459,2.440000057220459,1235.0
2024-03-01 14:52:00,CKPT,2.200000047683716,2.200000047683716,2.200000047683716,2.200000047683716,2.200000047683716,100.0
2024-03-01 14:52:00,CLDX,52.54999923706055,52.54999923706055,52.599998474121094,52.540000915527344,52.599998474121094,5061.0
2024-03-01 14:52:00,CLNN,0.38454899191856384,0.38454899191856384,0.38499999046325684,0.38454899191856384,0.38499999046325684,3682.0
2024-03-01 14:52:00,CLOV,0.8651000261306763,0.8651000261306763,0.8654000163078308,0.8651000261306763,0.8654000163078308,9944.0
2024-03-01 14:52:00,CLRB,4.110000133514404,4.110000133514404,4.110000133514404,4.110000133514404,4.110000133514404,541.0
2024-03-01 14:52:00,CLVR,4.099999904632568,4.099999904632568,4.099999904632568,4.099999904632568,4.099999904632568,293.0
2024-03-01 14:52:00,CMPS,11.90999984741211,11.90999984741211,11.90999984741211,11.875300407409668,11.875300407409668,2769.0
2024-03-01 14:52:00,CMRX,1.2050000429153442,1.2050000429153442,1.2100000381469727,1.200600028038025,1.2100000381469727,1444.0
2024-03-01 14:52:00,COGT,7.204999923706055,7.204999923706055,7.204999923706055,7.184999942779541,7.184999942779541,3969.0
2024-03-01 14:52:00,COLL,36.61000061035156,36.61000061035156,36.630001068115234,36.595001220703125,36.599998474121094,2661.0
2024-03-01 14:52:00,CORT,24.225000381469727,24.225000381469727,24.229999542236328,24.200000762939453,24.200000762939453,7573.0
2024-03-01 14:52:00,CPRX,17.25,17.25,17.274999618530273,17.25,17.264999389648438,11738.0
2024-03-01 14:52:00,CRBP,32.5099983215332,32.5099983215332,32.709999084472656,32.5099983215332,32.5099983215332,808.0
2024-03-01 14:52:00,CRBU,7.894999980926514,7.894999980926514,7.894999980926514,7.880000114440918,7.889999866485596,910.0
2024-03-01 14:52:00,CRDF,2.75,2.75,2.7699999809265137,2.7200000286102295,2.737499952316284,96178.0
2024-03-01 14:52:00,CRDL,2.0,2.0,2.0,2.0,2.0,752762.0
2024-03-01 14:52:00,CRNX,46.404998779296875,46.404998779296875,46.404998779296875,46.404998779296875,46.404998779296875,146.0
2024-03-01 14:52:00,CRON,2.0399999618530273,2.0399999618530273,2.0399999618530273,2.0299999713897705,2.0350000858306885,1333.0
2024-03-01 14:52:00,CRSP,85.29100036621094,85.29100036621094,85.29100036621094,85.29000091552734,85.29000091552734,336.0
2024-03-01 14:52:00,CSTL,19.8799991607666,19.8799991607666,19.8799991607666,19.8799991607666,19.8799991607666,1057.0
2024-03-01 14:52:00,CTKB,9.020000457763672,9.020000457763672,9.020000457763672,9.010000228881836,9.010000228881836,3868.0
2024-03-01 14:52:00,CTMX,2.515000104904175,2.515000104904175,2.5199999809265137,2.509999990463257,2.515000104904175,9234.0
2024-03-01 14:52:00,CTXR,0.7739999890327454,0.7739999890327454,0.7739999890327454,0.7721999883651733,0.7739999890327454,1514.0
2024-03-01 14:52:00,CVAC,3.4700000286102295,3.4700000286102295,3.4800000190734863,3.4700000286102295,3.4700000286102295,541209.0
2024-03-01 14:52:00,CYTK,73.98999786376953,73.98999786376953,74.0,73.94999694824219,73.94999694824219,4314.0
2024-03-01 14:52:00,CYTO,2.299999952316284,2.299999952316284,2.299999952316284,2.2356998920440674,2.2356998920440674,988.0
2024-03-01 14:52:00,DARE,0.5600000023841858,0.5600000023841858,0.5600000023841858,0.5600000023841858,0.5600000023841858,197.0
2024-03-01 14:52:00,DAWN,17.670000076293945,17.670000076293945,17.700000762939453,17.670000076293945,17.684999465942383,4607.0
2024-03-01 14:52:00,DCGO,4.128300189971924,4.128300189971924,4.128300189971924,4.119999885559082,4.119999885559082,635.0
2024-03-01 14:52:00,DH,8.880000114440918,8.880000114440918,8.880000114440918,8.880000114440918,8.880000114440918,510.0
2024-03-01 14:52:00,DNLI,21.219999313354492,21.219999313354492,21.219999313354492,21.209999084472656,21.209999084472656,711208.0
2024-03-01 14:52:00,DSGN,2.884999990463257,2.884999990463257,2.884999990463257,2.880000114440918,2.880000114440918,435.0
2024-03-01 14:52:00,DTIL,12.470000267028809,12.470000267028809,12.470000267028809,12.470000267028809,12.470000267028809,133.0
2024-03-01 14:52:00,DVAX,12.819999694824219,12.819999694824219,12.824999809265137,12.819999694824219,12.824999809265137,213.0
2024-03-01 14:52:00,DXCM,121.2699966430664,121.2699966430664,121.29750061035156,121.23999786376953,121.2699966430664,7994.0
2024-03-01 14:52:00,DYN,29.030000686645508,29.030000686645508,29.05500030517578,29.0,29.0,5490.0
2024-03-01 14:52:00,EDIT,10.8149995803833,10.8149995803833,10.820099830627441,10.8149995803833,10.819999694824219,6324.0
2024-03-01 14:52:00,ELEV,5.092100143432617,5.092100143432617,5.110000133514404,5.090000152587891,5.099999904632568,1931.0
2024-03-01 14:52:00,ENTA,15.510000228881836,15.510000228881836,15.510000228881836,15.510000228881836,15.510000228881836,341.0
2024-03-01 14:52:00,ENVB,1.5499999523162842,1.5499999523162842,1.5499999523162842,1.5199999809265137,1.5199999809265137,204.0
2024-03-01 14:52:00,EQ,2.4700000286102295,2.4700000286102295,2.4700000286102295,2.4700000286102295,2.4700000286102295,4795.0
2024-03-01 14:52:00,ERAS,2.509999990463257,2.509999990463257,2.515000104904175,2.509999990463257,2.509999990463257,644.0
2024-03-01 14:52:00,ESPR,2.555000066757202,2.555000066757202,2.555000066757202,2.549999952316284,2.549999952316284,2252.0
2024-03-01 14:52:00,ESTA,43.71500015258789,43.71500015258789,43.71500015258789,43.69499969482422,43.69499969482422,661.0
2024-03-01 14:52:00,ETNB,12.850000381469727,12.850000381469727,12.850000381469727,12.829999923706055,12.84000015258789,10360.0
2024-03-01 14:52:00,EVGN,0.968999981880188,0.968999981880188,0.968999981880188,0.968999981880188,0.968999981880188,941.0
2024-03-01 14:52:00,EWTX,17.040000915527344,17.040000915527344,17.040000915527344,17.03499984741211,17.03499984741211,802.0
2024-03-01 14:52:00,EXAS,59.9900016784668,59.9900016784668,60.0,59.970001220703125,60.0,3925.0
2024-03-01 14:52:00,EXEL,22.389999389648438,22.389999389648438,22.399900436401367,22.389999389648438,22.389999389648438,1473.0
2024-03-01 14:52:00,EYEN,2.369999885559082,2.369999885559082,2.369999885559082,2.369999885559082,2.369999885559082,413.0
2024-03-01 14:52:00,EYPT,28.0,28.0,28.0,28.0,28.0,964.0
2024-03-01 14:52:00,FATE,7.775000095367432,7.775000095367432,7.795000076293945,7.775000095367432,7.789999961853027,6093.0
2024-03-01 14:52:00,FBRX,0.7099999785423279,0.7099999785423279,0.7099999785423279,0.7099999785423279,0.7099999785423279,2495.0
2024-03-01 14:52:00,FDMT,29.459999084472656,29.459999084472656,29.479999542236328,29.459999084472656,29.479999542236328,1677.0
2024-03-01 14:52:00,FEMY,1.7400000095367432,1.7400000095367432,1.7400000095367432,1.7400000095367432,1.7400000095367432,2868.0
2024-03-01 14:52:00,FENC,9.710000038146973,9.710000038146973,9.710000038146973,9.710000038146973,9.710000038146973,1006.0
2024-03-01 14:52:00,FGEN,1.8450000286102295,1.8450000286102295,1.8450000286102295,1.840000033378601,1.840000033378601,4360.0
2024-03-01 14:52:00,FIXX,0.9248499870300293,0.9248499870300293,0.9248499870300293,0.9204000234603882,0.9212999939918518,127062.0
2024-03-01 14:52:00,FOLD,13.319999694824219,13.319999694824219,13.324999809265137,13.3100004196167,13.3100004196167,8473.0
2024-03-01 14:52:00,FULC,11.00469970703125,11.00469970703125,11.029999732971191,11.00469970703125,11.029999732971191,1646.0
2024-03-01 14:52:00,FUSN,12.175000190734863,12.175000190734863,12.175000190734863,12.175000190734863,12.175000190734863,502.0
2024-03-01 14:52:00,FWBI,8.850000381469727,8.850000381469727,8.850000381469727,8.850000381469727,8.850000381469727,1240.0
2024-03-01 14:52:00,GANX,4.610000133514404,4.610000133514404,4.610000133514404,4.610000133514404,4.610000133514404,300.0
2024-03-01 14:52:00,GDRX,8.494999885559082,8.494999885559082,8.494999885559082,8.494000434875488,8.494000434875488,3033098.0
2024-03-01 14:52:00,GERN,2.25,2.25,2.25,2.244999885559082,2.244999885559082,4294.0
2024-03-01 14:52:00,GH,19.100000381469727,19.100000381469727,19.100000381469727,19.09000015258789,19.09000015258789,1949.0
2024-03-01 14:52:00,GILD,72.52559661865234,72.52559661865234,72.53500366210938,72.5250015258789,72.5250015258789,5161.0
2024-03-01 14:52:00,GLTO,0.7919999957084656,0.7919999957084656,0.7919999957084656,0.7919999957084656,0.7919999957084656,485.0
2024-03-01 14:52:00,GLYC,2.9700000286102295,2.9700000286102295,2.9700000286102295,2.9700000286102295,2.9700000286102295,425.0
2024-03-01 14:52:00,GMAB,29.40999984741211,29.40999984741211,29.40999984741211,29.40999984741211,29.40999984741211,416.0
2024-03-01 14:52:00,GOSS,1.4199999570846558,1.4199999570846558,1.4199999570846558,1.4199999570846558,1.4199999570846558,519.0
2024-03-01 14:52:00,GRFS,7.000100135803223,7.000100135803223,7.005000114440918,7.000100135803223,7.000999927520752,1754.0
2024-03-01 14:52:00,GRTS,2.0850000381469727,2.0850000381469727,2.088200092315674,2.0850000381469727,2.0850000381469727,4022.0
2024-03-01 14:52:00,GRTX,0.23149999976158142,0.23149999976158142,0.23149999976158142,0.23149999976158142,0.23149999976158142,1411.0
2024-03-01 14:52:00,GTHX,3.809999942779541,3.809999942779541,3.809999942779541,3.809999942779541,3.809999942779541,100.0
2024-03-01 14:52:00,HALO,41.209999084472656,41.209999084472656,41.22999954223633,41.20000076293945,41.209999084472656,1699.0
2024-03-01 14:52:00,HCSG,12.835000038146973,12.835000038146973,12.835000038146973,12.835000038146973,12.835000038146973,426.0
2024-03-01 14:52:00,HCTI,2.0299999713897705,2.0299999713897705,2.0480000972747803,2.0299999713897705,2.0480000972747803,704.0
2024-03-01 14:52:00,HITI,1.7699999809265137,1.7699999809265137,1.7699999809265137,1.7599999904632568,1.7619999647140503,257999.0
2024-03-01 14:52:00,HLTH,0.26019999384880066,0.26019999384880066,0.26019999384880066,0.26019999384880066,0.26019999384880066,536911.0
2024-03-01 14:52:00,HOLX,74.37000274658203,74.37000274658203,74.375,74.37000274658203,74.375,613.0
2024-03-01 14:52:00,HRTX,2.609999895095825,2.609999895095825,2.617500066757202,2.609999895095825,2.609999895095825,1744.0
2024-03-01 14:52:00,HSCS,0.11829999834299088,0.11829999834299088,0.1185000017285347,0.11829999834299088,0.1185000017285347,5888.0
2024-03-01 14:52:00,HSIC,76.80999755859375,76.80999755859375,76.81999969482422,76.80999755859375,76.81999969482422,425.0
2024-03-01 14:52:00,HUMA,3.200000047683716,3.200000047683716,3.20989990234375,3.200000047683716,3.200000047683716,2419.0
2024-03-01 14:52:00,IART,36.25,36.25,36.27000045776367,36.25,36.27000045776367,2787.0
2024-03-01 14:52:00,IBRX,4.835000038146973,4.835000038146973,4.835000038146973,4.835000038146973,4.835000038146973,150.0
2024-03-01 14:52:00,ICLR,325.3999938964844,325.3999938964844,325.3999938964844,325.2200012207031,325.2200012207031,829.0
2024-03-01 14:52:00,IDYA,46.29999923706055,46.29999923706055,46.310001373291016,46.29999923706055,46.29999923706055,426.0
2024-03-01 14:52:00,IGMS,13.039999961853027,13.039999961853027,13.039999961853027,13.039999961853027,13.039999961853027,491.0
2024-03-01 14:52:00,IINN,1.690000057220459,1.690000057220459,1.690000057220459,1.690000057220459,1.690000057220459,376556.0
2024-03-01 14:52:00,IKNA,1.4900000095367432,1.4900000095367432,1.4900000095367432,1.4900000095367432,1.4900000095367432,1381.0
2024-03-01 14:52:00,IMMX,3.505000114440918,3.505000114440918,3.505000114440918,3.505000114440918,3.505000114440918,186095.0
2024-03-01 14:52:00,IMNM,25.299999237060547,25.299999237060547,25.520000457763672,25.299999237060547,25.520000457763672,3025.0
2024-03-01 14:52:00,IMTX,12.850000381469727,12.850000381469727,12.850000381469727,12.84000015258789,12.84000015258789,1966.0
2024-03-01 14:52:00,IMVT,35.7400016784668,35.7400016784668,35.7400016784668,35.689998626708984,35.70000076293945,2022.0
2024-03-01 14:52:00,INBX,36.564998626708984,36.564998626708984,36.564998626708984,36.564998626708984,36.564998626708984,100.0
2024-03-01 14:52:00,INCR,2.0,2.0,2.0,2.0,2.0,520.0
2024-03-01 14:52:00,INCY,59.02000045776367,59.02000045776367,59.02519989013672,59.02000045776367,59.02000045776367,2210.0
2024-03-01 14:52:00,INGN,6.78000020980835,6.78000020980835,6.78000020980835,6.78000020980835,6.78000020980835,418.0
2024-03-01 14:52:00,INMB,12.300000190734863,12.300000190734863,12.300000190734863,12.300000190734863,12.300000190734863,1042.0
2024-03-01 14:52:00,INMD,22.860000610351562,22.860000610351562,22.864999771118164,22.860000610351562,22.860000610351562,1129.0
2024-03-01 14:52:00,INO,9.61240005493164,9.61240005493164,9.61240005493164,9.609999656677246,9.609999656677246,1359.0
2024-03-01 14:52:00,INSM,28.084999084472656,28.084999084472656,28.089799880981445,28.079999923706055,28.079999923706055,5497.0
2024-03-01 14:52:00,INVA,15.524999618530273,15.524999618530273,15.524999618530273,15.524999618530273,15.524999618530273,316.0
2024-03-01 14:52:00,INZY,6.599999904632568,6.599999904632568,6.599999904632568,6.599999904632568,6.599999904632568,959.0
2024-03-01 14:52:00,IONS,45.915000915527344,45.915000915527344,45.91999816894531,45.900001525878906,45.900001525878906,4860.0
2024-03-01 14:52:00,IOVA,17.0,17.0,17.010000228881836,17.0,17.010000228881836,10262.0
2024-03-01 14:52:00,IRMD,41.290000915527344,41.290000915527344,41.290000915527344,41.290000915527344,41.290000915527344,463.0
2024-03-01 14:52:00,IRWD,8.949999809265137,8.949999809265137,8.975000381469727,8.949999809265137,8.975000381469727,40907.0
2024-03-01 14:52:00,ISRG,396.5400085449219,396.5400085449219,396.5400085449219,396.510009765625,396.5199890136719,880.0
2024-03-01 14:52:00,ITCI,71.9749984741211,71.9749984741211,71.9749984741211,71.9749984741211,71.9749984741211,415.0
2024-03-01 14:52:00,ITOS,11.329999923706055,11.329999923706055,11.329999923706055,11.329999923706055,11.329999923706055,653.0
2024-03-01 14:52:00,JAGX,0.0925000011920929,0.0925000011920929,0.09300000220537186,0.09000000357627869,0.09000000357627869,1893231.0
2024-03-01 14:52:00,JANX,45.994998931884766,45.994998931884766,45.994998931884766,45.98500061035156,45.98500061035156,721.0
2024-03-01 14:52:00,JAZZ,119.06500244140625,119.06500244140625,119.08999633789062,119.06500244140625,119.06999969482422,1188.0
2024-03-01 14:52:00,KALV,14.1850004196167,14.1850004196167,14.199999809265137,14.140000343322754,14.145000457763672,8911.0
2024-03-01 14:52:00,KNSA,21.90999984741211,21.90999984741211,21.934999465942383,21.90999984741211,21.934999465942383,543.0
2024-03-01 14:52:00,KNTE,2.6301000118255615,2.6301000118255615,2.6301000118255615,2.630000114440918,2.630000114440918,50171.0
2024-03-01 14:52:00,KPTI,1.190000057220459,1.190000057220459,1.2000000476837158,1.1799999475479126,1.190000057220459,12077.0
2024-03-01 14:52:00,KRON,1.034999966621399,1.034999966621399,1.0399999618530273,1.034999966621399,1.034999966621399,343.0
2024-03-01 14:52:00,KROS,69.61499786376953,69.61499786376953,69.62000274658203,69.61499786376953,69.62000274658203,268.0
2024-03-01 14:52:00,KRTX,315.8299865722656,315.8299865722656,315.8299865722656,315.739990234375,315.7900085449219,833.0
2024-03-01 14:52:00,KTRA,0.1014999970793724,0.1014999970793724,0.1014999970793724,0.1014999970793724,0.1014999970793724,150.0
2024-03-01 14:52:00,KURA,21.8799991607666,21.8799991607666,21.8799991607666,21.8700008392334,21.8799991607666,1046.0
2024-03-01 14:52:00,KYMR,43.834999084472656,43.834999084472656,43.86000061035156,43.790000915527344,43.790000915527344,2216.0
2024-03-01 14:52:00,KZIA,0.25200000405311584,0.25200000405311584,0.25200000405311584,0.25200000405311584,0.25200000405311584,291.0
2024-03-01 14:52:00,KZR,1.065000057220459,1.065000057220459,1.0700000524520874,1.065000057220459,1.0674999952316284,507.0
2024-03-01 14:52:00,LAB,2.4749999046325684,2.4749999046325684,2.4749999046325684,2.4700000286102295,2.4749999046325684,4937.0
2024-03-01 14:52:00,LBPH,21.649999618530273,21.649999618530273,21.649999618530273,21.649999618530273,21.649999618530273,200.0
2024-03-01 14:52:00,LEGN,65.41500091552734,65.41500091552734,65.44999694824219,65.41500091552734,65.43000030517578,1688.0
2024-03-01 14:52:00,LFMD,7.965000152587891,7.965000152587891,7.96999979019165,7.949999809265137,7.949999809265137,554.0
2024-03-01 14:52:00,LFST,7.724999904632568,7.724999904632568,7.724999904632568,7.710000038146973,7.715000152587891,3737.0
2024-03-01 14:52:00,LIAN,4.869999885559082,4.869999885559082,4.869999885559082,4.869999885559082,4.869999885559082,527.0
2024-03-01 14:52:00,LIVN,55.630001068115234,55.630001068115234,55.630001068115234,55.61000061035156,55.61000061035156,1404.0
2024-03-01 14:52:00,LNTH,64.58000183105469,64.58000183105469,64.58000183105469,64.58000183105469,64.58000183105469,369.0
2024-03-01 14:52:00,LQDA,14.645000457763672,14.645000457763672,14.645000457763672,14.645000457763672,14.645000457763672,143.0
2024-03-01 14:52:00,LTRN,4.140100002288818,4.140100002288818,4.140100002288818,4.140100002288818,4.140100002288818,219.0
2024-03-01 14:52:00,LUCD,1.2350000143051147,1.2350000143051147,1.2350000143051147,1.2350000143051147,1.2350000143051147,225.0
2024-03-01 14:52:00,LUNG,9.475000381469727,9.475000381469727,9.475000381469727,9.470000267028809,9.470000267028809,465.0
2024-03-01 14:52:00,LVTX,2.759999990463257,2.759999990463257,2.7699999809265137,2.755000114440918,2.7699999809265137,987.0
2024-03-01 14:52:00,LXRX,2.490000009536743,2.490000009536743,2.5,2.490000009536743,2.5,298.0
2024-03-01 14:52:00,LYEL,3.1700000762939453,3.1700000762939453,3.1700000762939453,3.1700000762939453,3.1700000762939453,633.0
2024-03-01 14:52:00,LYRA,5.670000076293945,5.670000076293945,5.690000057220459,5.670000076293945,5.690000057220459,1718.0
2024-03-01 14:52:00,MCRB,1.2200000286102295,1.2200000286102295,1.2300000190734863,1.2200000286102295,1.2300000190734863,735.0
2024-03-01 14:52:00,MDGL,251.80999755859375,251.80999755859375,251.80999755859375,250.7899932861328,251.02000427246094,1397.0
2024-03-01 14:52:00,MDRX,6.070000171661377,6.070000171661377,6.070000171661377,6.019999980926514,6.019999980926514,5750.0
2024-03-01 14:52:00,MDXG,8.664999961853027,8.664999961853027,8.670000076293945,8.649999618530273,8.649999618530273,16085.0
2024-03-01 14:52:00,MDXH,3.725399971008301,3.725399971008301,3.725399971008301,3.725399971008301,3.725399971008301,2101.0
2024-03-01 14:52:00,ME,0.5563499927520752,0.5563499927520752,0.5565000176429749,0.5562999844551086,0.5565000176429749,9070.0
2024-03-01 14:52:00,MGTX,6.449999809265137,6.449999809265137,6.449999809265137,6.449999809265137,6.449999809265137,310.0
2024-03-01 14:52:00,MIST,1.6950000524520874,1.6950000524520874,1.6950000524520874,1.6950000524520874,1.6950000524520874,6456.0
2024-03-01 14:52:00,MLTX,50.779998779296875,50.779998779296875,50.84000015258789,50.720001220703125,50.720001220703125,3587.0
2024-03-01 14:52:00,MNKD,4.539999961853027,4.539999961853027,4.550000190734863,4.534999847412109,4.534999847412109,31145.0
2024-03-01 14:52:00,MNMD,6.224999904632568,6.224999904632568,6.224999904632568,6.224999904632568,6.224999904632568,200.0
2024-03-01 14:52:00,MNOV,1.3799999952316284,1.3799999952316284,1.3799999952316284,1.3799999952316284,1.3799999952316284,249.0
2024-03-01 14:52:00,MNPR,0.8899999856948853,0.8899999856948853,0.8899999856948853,0.8899999856948853,0.8899999856948853,2450.0
2024-03-01 14:52:00,MODV,28.399999618530273,28.399999618530273,28.469999313354492,28.399999618530273,28.469999313354492,2142.0
2024-03-01 14:52:00,MOR,17.600000381469727,17.600000381469727,17.600000381469727,17.600000381469727,17.600000381469727,218.0
2024-03-01 14:52:00,MORF,39.630001068115234,39.630001068115234,39.630001068115234,39.630001068115234,39.630001068115234,281.0
2024-03-01 14:52:00,MRAI,1.589900016784668,1.589900016784668,1.590000033378601,1.589900016784668,1.590000033378601,301.0
2024-03-01 14:52:00,MREO,3.994999885559082,3.994999885559082,3.994999885559082,3.994999885559082,3.994999885559082,633.0
2024-03-01 14:52:00,MRNA,95.58000183105469,95.58000183105469,95.81500244140625,95.55999755859375,95.79000091552734,8562.0
2024-03-01 14:52:00,MRSN,5.909999847412109,5.909999847412109,5.925000190734863,5.909999847412109,5.925000190734863,2059.0
2024-03-01 14:52:00,MRUS,51.150001525878906,51.150001525878906,51.150001525878906,51.150001525878906,51.150001525878906,610.0
2024-03-01 14:52:00,MRVI,7.739999771118164,7.739999771118164,7.744999885559082,7.73769998550415,7.7399001121521,4299.0
2024-03-01 14:52:00,MXCT,4.75,4.75,4.755000114440918,4.75,4.755000114440918,3397.0
2024-03-01 14:52:00,MYGN,22.155000686645508,22.155000686645508,22.155000686645508,22.139999389648438,22.139999389648438,1071.0
2024-03-01 14:52:00,NARI,46.095001220703125,46.095001220703125,46.119998931884766,46.08000183105469,46.08000183105469,2950.0
2024-03-01 14:52:00,NBIX,131.8000030517578,131.8000030517578,131.80999755859375,131.77999877929688,131.77999877929688,1659.0
2024-03-01 14:52:00,NEO,16.110000610351562,16.110000610351562,16.125,16.110000610351562,16.125,943.0
2024-03-01 14:52:00,NEOG,17.344999313354492,17.344999313354492,17.344999313354492,17.344999313354492,17.344999313354492,375.0
2024-03-01 14:52:00,NGM,1.5199999809265137,1.5199999809265137,1.524999976158142,1.5199999809265137,1.524999976158142,1442.0
2024-03-01 14:52:00,NKTR,0.7731000185012817,0.7731000185012817,0.7731000185012817,0.7731000185012817,0.7731000185012817,1504261.0
2024-03-01 14:52:00,NKTX,12.510000228881836,12.510000228881836,12.510000228881836,12.510000228881836,12.510000228881836,1137.0
2024-03-01 14:52:00,NNOX,10.779999732971191,10.779999732971191,10.795000076293945,10.779999732971191,10.789999961853027,2805.0
2024-03-01 14:52:00,NOTV,8.050000190734863,8.050000190734863,8.050000190734863,8.050000190734863,8.050000190734863,2946.0
2024-03-01 14:52:00,NPCE,16.309999465942383,16.309999465942383,16.309999465942383,16.309999465942383,16.309999465942383,218.0
2024-03-01 14:52:00,NRBO,6.244999885559082,6.244999885559082,6.25,6.230000019073486,6.25,1028.0
2024-03-01 14:52:00,NRC,40.595001220703125,40.595001220703125,40.595001220703125,40.595001220703125,40.595001220703125,970.0
2024-03-01 14:52:00,NRIX,13.619999885559082,13.619999885559082,13.619999885559082,13.614999771118164,13.614999771118164,681.0
2024-03-01 14:52:00,NRXP,0.44199898838996887,0.44199898838996887,0.443899005651474,0.44199898838996887,0.443899005651474,750.0
2024-03-01 14:52:00,NTLA,33.45000076293945,33.45000076293945,33.45000076293945,33.439998626708984,33.439998626708984,1134.0
2024-03-01 14:52:00,NTRA,89.19609832763672,89.19609832763672,89.19609832763672,89.05999755859375,89.08499908447266,3540.0
2024-03-01 14:52:00,NTRB,2.6500000953674316,2.6500000953674316,2.6500000953674316,2.6500000953674316,2.6500000953674316,889.0
2024-03-01 14:52:00,NUTX,0.11309999972581863,0.11309999972581863,0.11400000005960464,0.11309999972581863,0.11400000005960464,20274.0
2024-03-01 14:52:00,NUVL,87.75,87.75,87.75,87.75,87.75,100.0
2024-03-01 14:52:00,NVAX,5.355000019073486,5.355000019073486,5.364999771118164,5.349999904632568,5.36299991607666,29948.0
2024-03-01 14:52:00,NVCR,16.075000762939453,16.075000762939453,16.075000762939453,16.075000762939453,16.075000762939453,110.0
2024-03-01 14:52:00,NVCT,10.694999694824219,10.694999694824219,10.694999694824219,10.694999694824219,10.694999694824219,453.0
2024-03-01 14:52:00,NVNO,6.4994001388549805,6.4994001388549805,6.4994001388549805,6.4994001388549805,6.4994001388549805,1710.0
2024-03-01 14:52:00,NXTC,1.8200000524520874,1.8200000524520874,1.8200000524520874,1.8200000524520874,1.8200000524520874,1350.0
2024-03-01 14:52:00,OCGN,0.9578999876976013,0.9578999876976013,0.9599999785423279,0.9559000134468079,0.9599999785423279,32816.0
2024-03-01 14:52:00,OCUL,10.68970012664795,10.68970012664795,10.694999694824219,10.6850004196167,10.6850004196167,4702.0
2024-03-01 14:52:00,OGI,2.180000066757202,2.180000066757202,2.180000066757202,2.180000066757202,2.180000066757202,908.0
2024-03-01 14:52:00,OLK,22.985000610351562,22.985000610351562,23.0049991607666,22.985000610351562,23.0049991607666,4906.0
2024-03-01 14:52:00,OLMA,14.922499656677246,14.922499656677246,14.949999809265137,14.899999618530273,14.949999809265137,4058.0
2024-03-01 14:52:00,OMCL,26.545000076293945,26.545000076293945,26.545000076293945,26.545000076293945,26.545000076293945,346.0
2024-03-01 14:52:00,OMER,4.800000190734863,4.800000190734863,4.804999828338623,4.800000190734863,4.804999828338623,324.0
2024-03-01 14:52:00,OMGA,4.409999847412109,4.409999847412109,4.409999847412109,4.400000095367432,4.400100231170654,2528.0
2024-03-01 14:52:00,OMIC,0.6000000238418579,0.6000000238418579,0.6000000238418579,0.6000000238418579,0.6000000238418579,2818.0
2024-03-01 14:52:00,ONCY,1.149899959564209,1.149899959564209,1.149899959564209,1.149899959564209,1.149899959564209,1045.0
2024-03-01 14:53:00,AADI,1.975000023841858,1.975000023841858,1.975000023841858,1.9700000286102295,1.975000023841858,500.0
2024-03-01 14:53:00,ABCL,5.114999771118164,5.114999771118164,5.130000114440918,5.114999771118164,5.125,8886.0
2024-03-01 14:53:00,ABEO,7.650000095367432,7.650000095367432,7.659999847412109,7.650000095367432,7.659999847412109,332.0
2024-03-01 14:53:00,ABOS,4.650000095367432,4.650000095367432,4.659999847412109,4.650000095367432,4.659999847412109,603.0
2024-03-01 14:53:00,ABSI,5.539999961853027,5.539999961853027,5.550000190734863,5.519999980926514,5.519999980926514,3870.0
2024-03-01 14:53:00,ABUS,2.7699999809265137,2.7699999809265137,2.7699999809265137,2.7699999809265137,2.7699999809265137,253.0
2024-03-01 14:53:00,ACAD,24.139999389648438,24.139999389648438,24.15999984741211,24.139999389648438,24.15999984741211,1841.0
2024-03-01 14:53:00,ACB,3.1898999214172363,3.1898999214172363,3.1898999214172363,3.180000066757202,3.180000066757202,424.0
2024-03-01 14:53:00,ACCD,10.069999694824219,10.069999694824219,10.069999694824219,10.069999694824219,10.069999694824219,510.0
2024-03-01 14:53:00,ACET,2.4000000953674316,2.4000000953674316,2.4000000953674316,2.3949999809265137,2.4000000953674316,403.0
2024-03-01 14:53:00,ACHL,1.3600000143051147,1.3600000143051147,1.3600000143051147,1.3600000143051147,1.3600000143051147,1104.0
2024-03-01 14:53:00,ACLX,67.97000122070312,67.97000122070312,67.97000122070312,67.97000122070312,67.97000122070312,260.0
2024-03-01 14:53:00,ACRS,1.2300000190734863,1.2300000190734863,1.2350000143051147,1.2300000190734863,1.2350000143051147,3390.0
2024-03-01 14:53:00,ADIL,3.0,3.0,3.0199999809265137,2.9700000286102295,3.0160999298095703,22200.0
2024-03-01 14:53:00,ADMA,5.539999961853027,5.539999961853027,5.550000190734863,5.539999961853027,5.550000190734863,2815.0
2024-03-01 14:53:00,ADPT,4.079999923706055,4.079999923706055,4.079999923706055,4.079999923706055,4.079999923706055,408.0
2024-03-01 14:53:00,ADUS,93.72000122070312,93.72000122070312,93.72000122070312,93.72000122070312,93.72000122070312,141.0
2024-03-01 14:53:00,ADVM,1.979200005531311,1.979200005531311,1.9800000190734863,1.9700000286102295,1.975000023841858,941.0
2024-03-01 14:53:00,AFIB,0.20499999821186066,0.20499999821186066,0.2101999968290329,0.20499999821186066,0.2101999968290329,26341.0
2024-03-01 14:53:00,AGEN,0.670074999332428,0.670074999332428,0.6700999736785889,0.6700000166893005,0.6700500249862671,15422.0
2024-03-01 14:53:00,AGIO,32.3650016784668,32.3650016784668,32.43000030517578,32.3650016784668,32.41999816894531,4333.0
2024-03-01 14:53:00,AHCO,10.494999885559082,10.494999885559082,10.505000114440918,10.494999885559082,10.505000114440918,5348.0
2024-03-01 14:53:00,AIRS,6.440000057220459,6.440000057220459,6.440000057220459,6.440000057220459,6.440000057220459,201.0
2024-03-01 14:53:00,AKAN,0.2151000052690506,0.2151000052690506,0.21870000660419464,0.2151000052690506,0.2159000039100647,2287.0
2024-03-01 14:53:00,AKBA,1.690000057220459,1.690000057220459,1.690000057220459,1.684999942779541,1.690000057220459,3761.0
2024-03-01 14:53:00,AKRO,28.829999923706055,28.829999923706055,28.829999923706055,28.799999237060547,28.799999237060547,897.0
2024-03-01 14:53:00,AKYA,6.03000020980835,6.03000020980835,6.03000020980835,6.014999866485596,6.014999866485596,1033.0
2024-03-01 14:53:00,ALDX,4.295000076293945,4.295000076293945,4.304999828338623,4.289999961853027,4.304999828338623,1050193.0
2024-03-01 14:53:00,ALEC,7.46999979019165,7.46999979019165,7.480000019073486,7.46999979019165,7.480000019073486,645.0
2024-03-01 14:53:00,ALGN,302.32501220703125,302.32501220703125,302.32501220703125,302.2950134277344,302.29998779296875,1228.0
2024-03-01 14:53:00,ALHC,5.630000114440918,5.630000114440918,5.639999866485596,5.630000114440918,5.639999866485596,1757.0
2024-03-01 14:53:00,ALKS,30.1299991607666,30.1299991607666,30.170000076293945,30.1200008392334,30.15999984741211,10906.0
2024-03-01 14:53:00,ALLK,1.6749999523162842,1.6749999523162842,1.684999942779541,1.6699999570846558,1.684999942779541,18872.0
2024-03-01 14:53:00,ALLO,5.010000228881836,5.010000228881836,5.010000228881836,5.010000228881836,5.010000228881836,698.0
2024-03-01 14:53:00,ALPN,35.869998931884766,35.869998931884766,35.89500045776367,35.869998931884766,35.880001068115234,2021.0
2024-03-01 14:53:00,ALT,12.0649995803833,12.0649995803833,12.085000038146973,12.0649995803833,12.079999923706055,7307.0
2024-03-01 14:53:00,ALVR,0.7412999868392944,0.7412999868392944,0.7458000183105469,0.7412999868392944,0.7414000034332275,510.0
2024-03-01 14:53:00,ALXO,15.109999656677246,15.109999656677246,15.109999656677246,15.109999656677246,15.109999656677246,468.0
2024-03-01 14:53:00,AMGN,280.9649963378906,280.9649963378906,281.0299072265625,280.9100036621094,280.9800109863281,2590.0
2024-03-01 14:53:00,AMLX,18.770000457763672,18.770000457763672,18.809999465942383,18.770000457763672,18.809999465942383,3249.0
2024-03-01 14:53:00,AMPH,45.650001525878906,45.650001525878906,45.650001525878906,45.54999923706055,45.54999923706055,4113.0
2024-03-01 14:53:00,AMRN,1.0499999523162842,1.0499999523162842,1.0549999475479126,1.0499999523162842,1.0549999475479126,614.0
2024-03-01 14:53:00,ANAB,25.399999618530273,25.399999618530273,25.399999618530273,25.389999389648438,25.399999618530273,841.0
2024-03-01 14:53:00,ANGO,5.510000228881836,5.510000228881836,5.519999980926514,5.494999885559082,5.494999885559082,6123.0
2024-03-01 14:53:00,ANIP,66.48999786376953,66.48999786376953,66.63999938964844,66.44999694824219,66.63999938964844,2001.0
2024-03-01 14:53:00,ANNX,6.039999961853027,6.039999961853027,6.039999961853027,6.039999961853027,6.039999961853027,425.0
2024-03-01 14:53:00,ANTX,3.009999990463257,3.009999990463257,3.009999990463257,3.0099000930786133,3.0099000930786133,1623.0
2024-03-01 14:53:00,APLS,64.26000213623047,64.26000213623047,64.31999969482422,64.26000213623047,64.30999755859375,3144.0
2024-03-01 14:53:00,APLT,7.079999923706055,7.079999923706055,7.079999923706055,7.070000171661377,7.074999809265137,2370.0
2024-03-01 14:53:00,AQST,4.100100040435791,4.100100040435791,4.110000133514404,4.099999904632568,4.100100040435791,4134.0
2024-03-01 14:53:00,ARAY,2.634999990463257,2.634999990463257,2.634999990463257,2.625,2.625,4695.0
2024-03-01 14:53:00,ARCT,39.814998626708984,39.814998626708984,39.814998626708984,39.814998626708984,39.814998626708984,497.0
2024-03-01 14:53:00,ARDX,9.470000267028809,9.470000267028809,9.475000381469727,9.460000038146973,9.470000267028809,10532.0
2024-03-01 14:53:00,ARQT,11.461199760437012,11.461199760437012,11.59000015258789,11.460000038146973,11.571100234985352,51202.0
2024-03-01 14:53:00,ARVN,48.29999923706055,48.29999923706055,48.334999084472656,48.29999923706055,48.334999084472656,1601.0
2024-03-01 14:53:00,ARWR,35.41999816894531,35.41999816894531,35.41999816894531,35.06999969482422,35.06999969482422,9517.0
2024-03-01 14:53:00,ASND,153.4949951171875,153.4949951171875,153.4949951171875,153.4949951171875,153.4949951171875,214.0
2024-03-01 14:53:00,ASRT,0.8894990086555481,0.8894990086555481,0.8895999789237976,0.8894990086555481,0.8895000219345093,1000.0
2024-03-01 14:53:00,ATAI,2.157900094985962,2.157900094985962,2.157900094985962,2.1549999713897705,2.1549999713897705,1007.0
2024-03-01 14:53:00,ATEC,13.444999694824219,13.444999694824219,13.449000358581543,13.4399995803833,13.4399995803833,4322.0
2024-03-01 14:53:00,ATNF,3.2699999809265137,3.2699999809265137,3.2699999809265137,3.2699999809265137,3.2699999809265137,137.0
2024-03-01 14:53:00,ATRA,0.7936999797821045,0.7936999797821045,0.7947999835014343,0.7925000190734863,0.7925000190734863,7025.0
2024-03-01 14:53:00,ATRC,36.119998931884766,36.119998931884766,36.119998931884766,36.099998474121094,36.099998474121094,279.0
2024-03-01 14:53:00,AUGX,4.565000057220459,4.565000057220459,4.565000057220459,4.550000190734863,4.550000190734863,578.0
2024-03-01 14:53:00,AUPH,5.789999961853027,5.789999961853027,5.800000190734863,5.789999961853027,5.800000190734863,9325.0
2024-03-01 14:53:00,AUTL,6.300000190734863,6.300000190734863,6.300000190734863,6.300000190734863,6.300000190734863,108.0
2024-03-01 14:53:00,AVDL,13.289999961853027,13.289999961853027,13.3100004196167,13.289999961853027,13.300000190734863,6391.0
2024-03-01 14:53:00,AVXL,5.375,5.375,5.375,5.369999885559082,5.375,988.0
2024-03-01 14:53:00,AXNX,67.6500015258789,67.6500015258789,67.6500015258789,67.6500015258789,67.6500015258789,671.0
2024-03-01 14:53:00,AXSM,82.25499725341797,82.25499725341797,82.25499725341797,82.25499725341797,82.25499725341797,379.0
2024-03-01 14:53:00,AZN,64.66000366210938,64.66000366210938,64.66500091552734,64.65499877929688,64.65499877929688,7193.0
2024-03-01 14:53:00,AZTA,66.9800033569336,66.9800033569336,66.9800033569336,66.95999908447266,66.95999908447266,858.0
2024-03-01 14:53:00,BBIO,35.959999084472656,35.959999084472656,35.959999084472656,35.959999084472656,35.959999084472656,280.0
2024-03-01 14:53:00,BBLG,2.430000066757202,2.430000066757202,2.430000066757202,2.380000114440918,2.430000066757202,1855.0
2024-03-01 14:53:00,BCAB,2.809999942779541,2.809999942779541,2.809999942779541,2.809999942779541,2.809999942779541,520.0
2024-03-01 14:53:00,BCDA,0.5751000046730042,0.5751000046730042,0.5751000046730042,0.5751000046730042,0.5751000046730042,1001.0
2024-03-01 14:53:00,BCLI,0.34755000472068787,0.34755000472068787,0.34755000472068787,0.34755000472068787,0.34755000472068787,1675.0
2024-03-01 14:53:00,BCRX,5.710000038146973,5.710000038146973,5.71999979019165,5.710000038146973,5.715000152587891,3739.0
2024-03-01 14:53:00,BCYC,25.770000457763672,25.770000457763672,25.770000457763672,25.770000457763672,25.770000457763672,365.0
2024-03-01 14:53:00,BDSX,1.606600046157837,1.606600046157837,1.606600046157837,1.600000023841858,1.600000023841858,542954.0
2024-03-01 14:53:00,BDTX,4.750199794769287,4.750199794769287,4.750199794769287,4.75,4.75,504.0
2024-03-01 14:53:00,BEAM,39.90999984741211,39.90999984741211,40.0,39.900001525878906,39.9900016784668,7171.0
2024-03-01 14:53:00,BEAT,1.5850000381469727,1.5850000381469727,1.5850000381469727,1.5850000381469727,1.5850000381469727,500.0
2024-03-01 14:53:00,BIIB,221.9427947998047,221.9427947998047,221.9427947998047,221.72000122070312,221.88999938964844,3726.0
2024-03-01 14:53:00,BIOR,1.1204999685287476,1.1204999685287476,1.1204999685287476,1.1204999685287476,1.1204999685287476,727.0
2024-03-01 14:53:00,BIVI,2.049999952316284,2.049999952316284,2.069999933242798,2.0399999618530273,2.065000057220459,35933.0
2024-03-01 14:53:00,BLFS,17.950000762939453,17.950000762939453,17.96500015258789,17.950000762939453,17.96500015258789,309.0
2024-03-01 14:53:00,BLUE,1.5800000429153442,1.5800000429153442,1.5800000429153442,1.5700000524520874,1.5750000476837158,7325.0
2024-03-01 14:53:00,BMEA,18.149999618530273,18.149999618530273,18.15999984741211,18.149999618530273,18.155000686645508,1023.0
2024-03-01 14:53:00,BMRN,87.9000015258789,87.9000015258789,87.94999694824219,87.9000015258789,87.91000366210938,4504.0
2024-03-01 14:53:00,BNTX,91.12999725341797,91.12999725341797,91.1343994140625,91.12999725341797,91.1343994140625,266.0
2024-03-01 14:53:00,BPMC,96.41500091552734,96.41500091552734,96.41500091552734,96.41500091552734,96.41500091552734,246.0
2024-03-01 14:53:00,BRKR,88.6624984741211,88.6624984741211,88.6624984741211,88.66000366210938,88.66000366210938,290.0
2024-03-01 14:53:00,BTAI,3.2100000381469727,3.2100000381469727,3.2100000381469727,3.2100000381469727,3.2100000381469727,140.0
2024-03-01 14:53:00,BTTX,0.18119999766349792,0.18119999766349792,0.18119999766349792,0.18019999563694,0.18019999563694,1730.0
2024-03-01 14:53:00,BYSI,1.5,1.5,1.5,1.5,1.5,355.0
2024-03-01 14:53:00,CABA,23.969999313354492,23.969999313354492,23.979999542236328,23.969999313354492,23.979999542236328,1553.0
2024-03-01 14:53:00,CARA,0.9502009749412537,0.9502009749412537,0.955049991607666,0.9502009749412537,0.9549999833106995,2631.0
2024-03-01 14:53:00,CBAY,32.22999954223633,32.22999954223633,32.22999954223633,32.224998474121094,32.224998474121094,2428.0
2024-03-01 14:53:00,CCCC,11.069999694824219,11.069999694824219,11.095000267028809,11.069999694824219,11.085000038146973,3564.0
2024-03-01 14:53:00,CDMO,8.225000381469727,8.225000381469727,8.225000381469727,8.220000267028809,8.220000267028809,645.0
2024-03-01 14:53:00,CDNA,12.364999771118164,12.364999771118164,12.413700103759766,12.359999656677246,12.413700103759766,2880.0
2024-03-01 14:53:00,CDXS,4.610000133514404,4.610000133514404,4.630000114440918,4.59499979019165,4.619999885559082,4257.0
2024-03-01 14:53:00,CELC,16.969999313354492,16.969999313354492,16.969999313354492,16.969999313354492,16.969999313354492,404.0
2024-03-01 14:53:00,CELU,3.569999933242798,3.569999933242798,3.569999933242798,3.5645999908447266,3.5645999908447266,480.0
2024-03-01 14:53:00,CERE,41.084999084472656,41.084999084472656,41.09000015258789,41.08000183105469,41.08000183105469,2230.0
2024-03-01 14:53:00,CERS,2.184999942779541,2.184999942779541,2.184999942779541,2.184999942779541,2.184999942779541,262.0
2024-03-01 14:53:00,CERT,18.25,18.25,18.25,18.229999542236328,18.229999542236328,5993.0
2024-03-01 14:53:00,CHRS,2.420099973678589,2.420099973678589,2.434999942779541,2.420099973678589,2.430000066757202,22153.0
2024-03-01 14:53:00,CKPT,2.200000047683716,2.200000047683716,2.200000047683716,2.190000057220459,2.190000057220459,800.0
2024-03-01 14:53:00,CLDX,52.650001525878906,52.650001525878906,52.650001525878906,52.584999084472656,52.59000015258789,2026.0
2024-03-01 14:53:00,CLNN,0.3840999901294708,0.3840999901294708,0.3840999901294708,0.3840999901294708,0.3840999901294708,1002.0
2024-03-01 14:53:00,CLOV,0.8651000261306763,0.8651000261306763,0.8651999831199646,0.8651000261306763,0.8651000261306763,3993.0
2024-03-01 14:53:00,CLRB,4.099999904632568,4.099999904632568,4.1178998947143555,4.099999904632568,4.1178998947143555,1291.0
2024-03-01 14:53:00,CMPS,11.904999732971191,11.904999732971191,11.920000076293945,11.899999618530273,11.920000076293945,4790.0
2024-03-01 14:53:00,CMPX,1.8700000047683716,1.8700000047683716,1.8700000047683716,1.8700000047683716,1.8700000047683716,305.0
2024-03-01 14:53:00,COGT,7.199999809265137,7.199999809265137,7.207499980926514,7.199999809265137,7.207499980926514,2703.0
2024-03-01 14:53:00,COLL,36.58000183105469,36.58000183105469,36.59000015258789,36.58000183105469,36.59000015258789,809.0
2024-03-01 14:53:00,CORT,24.219999313354492,24.219999313354492,24.22010040283203,24.219999313354492,24.22010040283203,3624.0
2024-03-01 14:53:00,CPRX,17.2549991607666,17.2549991607666,17.264999389648438,17.229999542236328,17.25,8210.0
2024-03-01 14:53:00,CPSI,9.420000076293945,9.420000076293945,9.420000076293945,9.420000076293945,9.420000076293945,587.0
2024-03-01 14:53:00,CRBP,32.685001373291016,32.685001373291016,32.685001373291016,32.685001373291016,32.685001373291016,593.0
2024-03-01 14:53:00,CRBU,7.889999866485596,7.889999866485596,7.90500020980835,7.889999866485596,7.900000095367432,4127.0
2024-03-01 14:53:00,CRDF,2.6600000858306885,2.6600000858306885,2.75,2.6500000953674316,2.7400999069213867,234011.0
2024-03-01 14:53:00,CRMD,3.690000057220459,3.690000057220459,3.690000057220459,3.680000066757202,3.684799909591675,1643.0
2024-03-01 14:53:00,CRNX,46.404998779296875,46.404998779296875,46.439998626708984,46.369998931884766,46.42499923706055,3260.0
2024-03-01 14:53:00,CRON,2.0350000858306885,2.0350000858306885,2.0399999618530273,2.0350000858306885,2.0399999618530273,2001.0
2024-03-01 14:53:00,CRSP,85.25,85.25,85.31999969482422,85.25,85.25340270996094,2289.0
2024-03-01 14:53:00,CRVS,2.200000047683716,2.200000047683716,2.200000047683716,2.200000047683716,2.200000047683716,101.0
2024-03-01 14:53:00,CSTL,19.940000534057617,19.940000534057617,19.940000534057617,19.940000534057617,19.940000534057617,437.0
2024-03-01 14:53:00,CTKB,9.029999732971191,9.029999732971191,9.029999732971191,9.020000457763672,9.020000457763672,957.0
2024-03-01 14:53:00,CTMX,2.515000104904175,2.515000104904175,2.515000104904175,2.509999990463257,2.5100998878479004,760.0
2024-03-01 14:53:00,CUE,2.174999952316284,2.174999952316284,2.174999952316284,2.174999952316284,2.174999952316284,294.0
2024-03-01 14:53:00,CUTR,2.3949999809265137,2.3949999809265137,2.3949999809265137,2.390000104904175,2.3949999809265137,9534.0
2024-03-01 14:53:00,CVAC,3.4700000286102295,3.4700000286102295,3.4800000190734863,3.4700000286102295,3.4800000190734863,402.0
2024-03-01 14:53:00,CYTK,73.91999816894531,73.91999816894531,74.0,73.88999938964844,73.98500061035156,2845.0
2024-03-01 14:53:00,DAWN,17.68000030517578,17.68000030517578,17.690000534057617,17.68000030517578,17.690000534057617,955.0
2024-03-01 14:53:00,DCGO,4.119999885559082,4.119999885559082,4.125,4.119999885559082,4.119999885559082,742.0
2024-03-01 14:53:00,DCPH,17.450000762939453,17.450000762939453,17.469999313354492,17.450000762939453,17.469999313354492,624.0
2024-03-01 14:53:00,DERM,4.050000190734863,4.050000190734863,4.050000190734863,4.050000190734863,4.050000190734863,1216.0
2024-03-01 14:53:00,DH,8.90999984741211,8.90999984741211,8.90999984741211,8.869999885559082,8.869999885559082,5607.0
2024-03-01 14:53:00,DMTK,0.8495000004768372,0.8495000004768372,0.8495000004768372,0.8495000004768372,0.8495000004768372,1428.0
2024-03-01 14:53:00,DNLI,21.18000030517578,21.18000030517578,21.229999542236328,21.18000030517578,21.219999313354492,1970.0
2024-03-01 14:53:00,DTIL,12.470000267028809,12.470000267028809,12.470000267028809,12.470000267028809,12.470000267028809,3774.0
2024-03-01 14:53:00,DVAX,12.819999694824219,12.819999694824219,12.819999694824219,12.819999694824219,12.819999694824219,887.0
2024-03-01 14:53:00,DXCM,121.2300033569336,121.2300033569336,121.25,121.15499877929688,121.25,8823.0
2024-03-01 14:53:00,DYN,29.0,29.0,29.0,29.0,29.0,1171.0
2024-03-01 14:53:00,EDIT,10.8100004196167,10.8100004196167,10.819999694824219,10.8100004196167,10.8149995803833,18744.0
2024-03-01 14:53:00,EFTR,15.899999618530273,15.899999618530273,15.899999618530273,15.773599624633789,15.773599624633789,260.0
2024-03-01 14:53:00,ELEV,5.130000114440918,5.130000114440918,5.130000114440918,5.099999904632568,5.110000133514404,2385.0
2024-03-01 14:53:00,EMBC,14.279999732971191,14.279999732971191,14.279999732971191,14.279999732971191,14.279999732971191,400.0
2024-03-01 14:53:00,ENSG,121.48999786376953,121.48999786376953,121.51000213623047,121.48999786376953,121.51000213623047,350.0
2024-03-01 14:53:00,ENTA,15.5,15.5,15.5,15.5,15.5,231.0
2024-03-01 14:53:00,ENVB,1.5299999713897705,1.5299999713897705,1.5299999713897705,1.5299999713897705,1.5299999713897705,260.0
2024-03-01 14:53:00,EOLS,14.800000190734863,14.800000190734863,14.805000305175781,14.800000190734863,14.800000190734863,738.0
2024-03-01 14:53:00,EPIX,9.470000267028809,9.470000267028809,9.470000267028809,9.470000267028809,9.470000267028809,100.0
2024-03-01 14:53:00,ERAS,2.515000104904175,2.515000104904175,2.515000104904175,2.515000104904175,2.515000104904175,993.0
2024-03-01 14:53:00,ESPR,2.555000066757202,2.555000066757202,2.555000066757202,2.549999952316284,2.549999952316284,2002.0
2024-03-01 14:53:00,ESTA,43.724998474121094,43.724998474121094,43.724998474121094,43.724998474121094,43.724998474121094,204.0
2024-03-01 14:53:00,ETNB,12.84000015258789,12.84000015258789,12.859999656677246,12.84000015258789,12.84000015258789,2269.0
2024-03-01 14:53:00,EVGN,0.9700000286102295,0.9700000286102295,0.9700000286102295,0.968999981880188,0.968999981880188,1171.0
2024-03-01 14:53:00,EWTX,17.041000366210938,17.041000366210938,17.041000366210938,17.040000915527344,17.040000915527344,2422.0
2024-03-01 14:53:00,EXAI,6.670000076293945,6.670000076293945,6.671599864959717,6.669300079345703,6.669300079345703,264887.0
2024-03-01 14:53:00,EXAS,59.94499969482422,59.94499969482422,60.029998779296875,59.88999938964844,59.9900016784668,29397.0
2024-03-01 14:53:00,EXEL,22.375,22.375,22.395000457763672,22.3700008392334,22.389999389648438,8451.0
2024-03-01 14:53:00,EYEN,2.3785998821258545,2.3785998821258545,2.3785998821258545,2.369999885559082,2.369999885559082,3333.0
2024-03-01 14:53:00,EYPT,27.985000610351562,27.985000610351562,28.010000228881836,27.959999084472656,27.959999084472656,1178.0
2024-03-01 14:53:00,FATE,7.775000095367432,7.775000095367432,7.783999919891357,7.775000095367432,7.78000020980835,2731.0
2024-03-01 14:53:00,FDMT,29.420000076293945,29.420000076293945,29.440000534057617,29.389999389648438,29.43000030517578,4248.0
2024-03-01 14:53:00,FGEN,1.8450000286102295,1.8450000286102295,1.850000023841858,1.840000033378601,1.850000023841858,1956.0
2024-03-01 14:53:00,FIXX,0.9248499870300293,0.9248499870300293,0.9248499870300293,0.9248499870300293,0.9248499870300293,118.0
2024-03-01 14:53:00,FOLD,13.320699691772461,13.320699691772461,13.330300331115723,13.320699691772461,13.329999923706055,9111.0
2024-03-01 14:53:00,FULC,10.989999771118164,10.989999771118164,11.020000457763672,10.979999542236328,11.020000457763672,6385.0
2024-03-01 14:53:00,FUSN,12.175000190734863,12.175000190734863,12.175000190734863,12.175000190734863,12.175000190734863,204.0
2024-03-01 14:53:00,GANX,4.610000133514404,4.610000133514404,4.610000133514404,4.610000133514404,4.610000133514404,205.0
2024-03-01 14:53:00,GBIO,2.619999885559082,2.619999885559082,2.619999885559082,2.609999895095825,2.619999885559082,6730.0
2024-03-01 14:53:00,GDRX,8.48069953918457,8.48069953918457,8.505000114440918,8.479999542236328,8.5,7596.0
2024-03-01 14:53:00,GERN,2.257999897003174,2.257999897003174,2.259999990463257,2.244999885559082,2.25,89250.0
2024-03-01 14:53:00,GH,19.104999542236328,19.104999542236328,19.110000610351562,19.100000381469727,19.110000610351562,2194.0
2024-03-01 14:53:00,GILD,72.5250015258789,72.5250015258789,72.53500366210938,72.5199966430664,72.52999877929688,5560.0
2024-03-01 14:53:00,GLPG,35.08000183105469,35.08000183105469,35.08000183105469,35.060001373291016,35.060001373291016,290.0
2024-03-01 14:53:00,GLTO,0.8100000023841858,0.8100000023841858,0.8100000023841858,0.8100000023841858,0.8100000023841858,2617.0
2024-03-01 14:53:00,GMAB,29.405000686645508,29.405000686645508,29.420000076293945,29.405000686645508,29.420000076293945,2106.0
2024-03-01 14:53:00,GMDA,0.3837989866733551,0.3837989866733551,0.3837989866733551,0.3808000087738037,0.3808000087738037,11240.0
2024-03-01 14:53:00,GOSS,1.409999966621399,1.409999966621399,1.4149999618530273,1.409999966621399,1.4149999618530273,600.0
2024-03-01 14:53:00,GRTS,2.0850000381469727,2.0850000381469727,2.0850000381469727,2.0850000381469727,2.0850000381469727,2616.0
2024-03-01 14:53:00,GTHX,3.809999942779541,3.809999942779541,3.809999942779541,3.799999952316284,3.799999952316284,1728.0
2024-03-01 14:53:00,HALO,41.20000076293945,41.20000076293945,41.20000076293945,41.189998626708984,41.189998626708984,611.0
2024-03-01 14:53:00,HARP,22.94499969482422,22.94499969482422,22.94499969482422,22.94499969482422,22.94499969482422,120.0
2024-03-01 14:53:00,HCAT,8.164999961853027,8.164999961853027,8.175000190734863,8.164999961853027,8.175000190734863,1599.0
2024-03-01 14:53:00,HCM,15.1899995803833,15.1899995803833,15.1899995803833,15.1899995803833,15.1899995803833,38084.0
2024-03-01 14:53:00,HCSG,12.84000015258789,12.84000015258789,12.84000015258789,12.835000038146973,12.835000038146973,826.0
2024-03-01 14:53:00,HCTI,2.049999952316284,2.049999952316284,2.049999952316284,2.0299999713897705,2.0399999618530273,502.0
2024-03-01 14:53:00,HLTH,0.26019999384880066,0.26019999384880066,0.26019999384880066,0.26019999384880066,0.26019999384880066,543.0
2024-03-01 14:53:00,HOLX,74.33999633789062,74.33999633789062,74.36000061035156,74.33999633789062,74.36000061035156,1488.0
2024-03-01 14:53:00,HOOK,0.7799999713897705,0.7799999713897705,0.7799999713897705,0.7799999713897705,0.7799999713897705,152.0
2024-03-01 14:53:00,HRMY,31.575000762939453,31.575000762939453,31.575000762939453,31.549999237060547,31.549999237060547,302.0
2024-03-01 14:53:00,HROW,10.930000305175781,10.930000305175781,10.930000305175781,10.930000305175781,10.930000305175781,548.0
2024-03-01 14:53:00,HRTX,2.609999895095825,2.609999895095825,2.609999895095825,2.609999895095825,2.609999895095825,752.0
2024-03-01 14:53:00,HSCS,0.1185000017285347,0.1185000017285347,0.1185000017285347,0.11819999665021896,0.11819999665021896,7029.0
2024-03-01 14:53:00,HSIC,76.80999755859375,76.80999755859375,76.81999969482422,76.80999755859375,76.80999755859375,634.0
2024-03-01 14:53:00,HUMA,3.200000047683716,3.200000047683716,3.2049999237060547,3.200000047683716,3.200000047683716,933.0
2024-03-01 14:53:00,IART,36.2599983215332,36.2599983215332,36.2599983215332,36.244998931884766,36.244998931884766,4062.0
2024-03-01 14:53:00,IBRX,4.840000152587891,4.840000152587891,4.840000152587891,4.829999923706055,4.831200122833252,3807.0
2024-03-01 14:53:00,ICLR,325.30999755859375,325.30999755859375,325.30999755859375,324.9800109863281,325.2550048828125,2597.0
2024-03-01 14:53:00,ICUI,106.05000305175781,106.05000305175781,106.0999984741211,106.05000305175781,106.0999984741211,664.0
2024-03-01 14:53:00,IDXX,579.1599731445312,579.1599731445312,579.1599731445312,579.1599731445312,579.1599731445312,503.0
2024-03-01 14:53:00,IDYA,46.27000045776367,46.27000045776367,46.310001373291016,46.27000045776367,46.310001373291016,945.0
2024-03-01 14:53:00,IINN,1.690000057220459,1.690000057220459,1.690000057220459,1.6800999641418457,1.6800999641418457,1353.0
2024-03-01 14:53:00,ILMN,141.39999389648438,141.39999389648438,141.39999389648438,141.38999938964844,141.38999938964844,431.0
2024-03-01 14:53:00,IMTX,12.850000381469727,12.850000381469727,12.850000381469727,12.850000381469727,12.850000381469727,1256.0
2024-03-01 14:53:00,IMUX,1.4800000190734863,1.4800000190734863,1.4800000190734863,1.4800000190734863,1.4800000190734863,118.0
2024-03-01 14:53:00,IMVT,35.68000030517578,35.68000030517578,35.7400016784668,35.68000030517578,35.7400016784668,5092.0
2024-03-01 14:53:00,INBX,36.564998626708984,36.564998626708984,36.564998626708984,36.564998626708984,36.564998626708984,169.0
2024-03-01 14:53:00,INCR,2.0,2.0,2.0,1.9800000190734863,1.9800000190734863,1142.0
2024-03-01 14:53:00,INCY,59.02000045776367,59.02000045776367,59.02000045776367,59.0099983215332,59.02000045776367,2031.0
2024-03-01 14:53:00,INGN,6.769999980926514,6.769999980926514,6.789999961853027,6.760000228881836,6.789999961853027,2837.0
2024-03-01 14:53:00,INMD,22.8799991607666,22.8799991607666,22.8799991607666,22.860000610351562,22.860000610351562,3745.0
2024-03-01 14:53:00,INSM,28.059999465942383,28.059999465942383,28.094999313354492,28.059999465942383,28.09000015258789,3329.0
2024-03-01 14:53:00,INVA,15.524999618530273,15.524999618530273,15.524999618530273,15.524999618530273,15.524999618530273,751.0
2024-03-01 14:53:00,IONS,45.89500045776367,45.89500045776367,45.93000030517578,45.88999938964844,45.93000030517578,2065.0
2024-03-01 14:53:00,IOVA,16.975000381469727,16.975000381469727,17.020000457763672,16.975000381469727,17.00480079650879,22609.0
2024-03-01 14:53:00,IPSC,3.9549999237060547,3.9549999237060547,3.9549999237060547,3.9549999237060547,3.9549999237060547,100.0
2024-03-01 14:53:00,IRMD,41.36000061035156,41.36000061035156,41.36000061035156,41.349998474121094,41.36000061035156,827.0
2024-03-01 14:53:00,IRWD,8.954999923706055,8.954999923706055,8.954999923706055,8.949999809265137,8.949999809265137,6030.0
2024-03-01 14:53:00,ISPC,0.4641000032424927,0.4641000032424927,0.4641000032424927,0.4640499949455261,0.4640499949455261,43385.0
2024-03-01 14:53:00,ISRG,396.6499938964844,396.6499938964844,396.70001220703125,396.489990234375,396.55999755859375,1976.0
2024-03-01 14:53:00,ITCI,71.9800033569336,71.9800033569336,71.9800033569336,71.9800033569336,71.9800033569336,375.0
2024-03-01 14:53:00,ITOS,11.350000381469727,11.350000381469727,11.350000381469727,11.319999694824219,11.34000015258789,1688.0
2024-03-01 14:53:00,JAGX,0.08789999783039093,0.08789999783039093,0.09239999949932098,0.08560000360012054,0.09239999949932098,1303709.0
2024-03-01 14:53:00,JANX,46.0,46.0,46.0,45.93000030517578,45.974998474121094,2661.0
2024-03-01 14:53:00,JAZZ,119.08999633789062,119.08999633789062,119.08999633789062,119.08999633789062,119.08999633789062,320.0
2024-03-01 14:53:00,JSPR,21.719999313354492,21.719999313354492,21.735000610351562,21.614999771118164,21.614999771118164,422.0
2024-03-01 14:53:00,JYNT,10.0600004196167,10.0600004196167,10.0600004196167,10.0600004196167,10.0600004196167,52235.0
2024-03-01 14:53:00,KALV,14.180000305175781,14.180000305175781,14.1899995803833,14.180000305175781,14.1899995803833,755.0
2024-03-01 14:53:00,KIDS,27.670000076293945,27.670000076293945,27.670000076293945,27.670000076293945,27.670000076293945,215.0
2024-03-01 14:53:00,KNSA,21.90999984741211,21.90999984741211,21.949899673461914,21.899999618530273,21.949899673461914,1584.0
2024-03-01 14:53:00,KNTE,2.619999885559082,2.619999885559082,2.630000114440918,2.619999885559082,2.630000114440918,1605.0
2024-03-01 14:53:00,KPTI,1.184999942779541,1.184999942779541,1.184999942779541,1.184999942779541,1.184999942779541,100.0
2024-03-01 14:53:00,KRON,1.0398999452590942,1.0398999452590942,1.0399999618530273,1.034999966621399,1.0399999618530273,37962.0
2024-03-01 14:53:00,KROS,69.51499938964844,69.51499938964844,69.56999969482422,69.51499938964844,69.56999969482422,1136.0
2024-03-01 14:53:00,KRTX,315.875,315.875,315.95001220703125,315.875,315.9200134277344,552.0
2024-03-01 14:53:00,KTRA,0.10119999945163727,0.10119999945163727,0.10170000046491623,0.10109999775886536,0.10109999775886536,32323.0
2024-03-01 14:53:00,KYMR,43.88999938964844,43.88999938964844,43.88999938964844,43.79999923706055,43.79999923706055,535.0
2024-03-01 14:53:00,KZR,1.065000057220459,1.065000057220459,1.065000057220459,1.065000057220459,1.065000057220459,100.0
2024-03-01 14:53:00,LAB,2.4749999046325684,2.4749999046325684,2.4749999046325684,2.4700000286102295,2.4749999046325684,3653.0
2024-03-01 14:53:00,LBPH,21.6299991607666,21.6299991607666,21.649999618530273,21.6299991607666,21.649999618530273,511.0
2024-03-01 14:53:00,LEGN,65.43499755859375,65.43499755859375,65.43499755859375,65.43499755859375,65.43499755859375,110.0
2024-03-01 14:53:00,LEXX,2.75,2.75,2.75,2.75,2.75,100.0
2024-03-01 14:53:00,LFMD,8.0,8.0,8.0,7.96999979019165,7.96999979019165,2176.0
2024-03-01 14:53:00,LFST,7.739200115203857,7.739200115203857,7.739200115203857,7.727499961853027,7.730000019073486,3919.0
2024-03-01 14:53:00,LGND,78.11000061035156,78.11000061035156,78.11000061035156,78.11000061035156,78.11000061035156,268.0
2024-03-01 14:53:00,LGVN,0.5375000238418579,0.5375000238418579,0.5375000238418579,0.5375000238418579,0.5375000238418579,402.0
2024-03-01 14:53:00,LIFE,1.9199999570846558,1.9199999570846558,1.9199999570846558,1.9149999618530273,1.9149999618530273,270660.0
2024-03-01 14:53:00,LIVN,55.599998474121094,55.599998474121094,55.599998474121094,55.599998474121094,55.599998474121094,660.0
2024-03-01 14:53:00,LNTH,64.56999969482422,64.56999969482422,64.56999969482422,64.55999755859375,64.55999755859375,964.0
2024-03-01 14:53:00,LPTX,2.880000114440918,2.880000114440918,2.880000114440918,2.880000114440918,2.880000114440918,200.0
2024-03-01 14:53:00,LQDA,14.630000114440918,14.630000114440918,14.640000343322754,14.630000114440918,14.640000343322754,1436.0
2024-03-01 14:53:00,LUNG,9.460000038146973,9.460000038146973,9.460000038146973,9.460000038146973,9.460000038146973,262.0
2024-03-01 14:53:00,LVTX,2.754300117492676,2.754300117492676,2.7595999240875244,2.754300117492676,2.7595999240875244,2426.0
2024-03-01 14:53:00,LXRX,2.490000009536743,2.490000009536743,2.494999885559082,2.490000009536743,2.494999885559082,2088.0
2024-03-01 14:53:00,LYRA,5.679999828338623,5.679999828338623,5.679999828338623,5.670000076293945,5.670000076293945,725.0
2024-03-01 14:53:00,MASI,127.2300033569336,127.2300033569336,127.31999969482422,127.2300033569336,127.31999969482422,307.0
2024-03-01 14:53:00,MASS,7.409999847412109,7.409999847412109,7.409999847412109,7.409999847412109,7.409999847412109,3485.0
2024-03-01 14:53:00,MCRB,1.2201000452041626,1.2201000452041626,1.2201000452041626,1.2200000286102295,1.2200000286102295,1259.0
2024-03-01 14:53:00,MDGL,250.86000061035156,250.86000061035156,251.31500244140625,250.86000061035156,251.31500244140625,324.0
2024-03-01 14:53:00,MDRX,6.019999980926514,6.019999980926514,6.099999904632568,6.019999980926514,6.019999980926514,68989.0
2024-03-01 14:53:00,MDXG,8.670000076293945,8.670000076293945,8.670000076293945,8.670000076293945,8.670000076293945,437.0
2024-03-01 14:53:00,ME,0.5530999898910522,0.5530999898910522,0.5562999844551086,0.5530999898910522,0.5562999844551086,19191.0
2024-03-01 14:53:00,MEDP,402.3399963378906,402.3399963378906,403.739990234375,402.3399963378906,403.739990234375,458.0
2024-03-01 14:53:00,MGNX,18.9148006439209,18.9148006439209,18.940000534057617,18.90999984741211,18.940000534057617,1136.0
2024-03-01 14:53:00,MIRM,29.360000610351562,29.360000610351562,29.399999618530273,29.360000610351562,29.3799991607666,789.0
2024-03-01 14:53:00,MLTX,50.7599983215332,50.7599983215332,50.7599983215332,50.7599983215332,50.7599983215332,236.0
2024-03-01 14:53:00,MMSI,76.33499908447266,76.33499908447266,76.3499984741211,76.33499908447266,76.3499984741211,734.0
2024-03-01 14:53:00,MNKD,4.539999961853027,4.539999961853027,4.539999961853027,4.534999847412109,4.534999847412109,2930.0
2024-03-01 14:53:00,MNMD,6.25,6.25,6.25,6.224999904632568,6.224999904632568,5798.0
2024-03-01 14:53:00,MNPR,0.8899999856948853,0.8899999856948853,0.8913499712944031,0.8842999935150146,0.8842999935150146,3353.0
2024-03-01 14:53:00,MODD,1.8700000047683716,1.8700000047683716,1.8700000047683716,1.8700000047683716,1.8700000047683716,550.0
2024-03-01 14:53:00,MORF,39.599998474121094,39.599998474121094,39.599998474121094,39.56999969482422,39.599998474121094,1890.0
2024-03-01 14:53:00,MREO,3.994999885559082,3.994999885559082,4.0,3.994999885559082,4.0,1601.0
2024-03-01 14:53:00,MRKR,3.7049999237060547,3.7049999237060547,3.7100000381469727,3.700000047683716,3.7090001106262207,2330.0
2024-03-01 14:53:00,MRNA,95.70999908447266,95.70999908447266,95.70999908447266,95.52999877929688,95.58000183105469,5642.0
2024-03-01 14:53:00,MRNS,10.170000076293945,10.170000076293945,10.199999809265137,10.170000076293945,10.199999809265137,1220.0
2024-03-01 14:53:00,MRSN,5.925000190734863,5.925000190734863,5.929999828338623,5.900000095367432,5.909999847412109,5163.0
2024-03-01 14:53:00,MRUS,51.150001525878906,51.150001525878906,51.16999816894531,51.119998931884766,51.150001525878906,49551.0
2024-03-01 14:53:00,MRVI,7.72599983215332,7.72599983215332,7.739999771118164,7.72599983215332,7.739999771118164,4230.0
2024-03-01 14:53:00,MXCT,4.755000114440918,4.755000114440918,4.755000114440918,4.755000114440918,4.755000114440918,106.0
2024-03-01 14:53:00,MYGN,22.170000076293945,22.170000076293945,22.170000076293945,22.155000686645508,22.155000686645508,948.0
2024-03-01 14:53:00,MYMD,3.390000104904175,3.390000104904175,3.390000104904175,3.390000104904175,3.390000104904175,481.0
2024-03-01 14:53:00,NARI,46.1150016784668,46.1150016784668,46.119998931884766,46.11000061035156,46.11000061035156,846.0
2024-03-01 14:53:00,NBIX,131.76499938964844,131.76499938964844,131.7899932861328,131.76499938964844,131.7899932861328,603.0
2024-03-01 14:53:00,NEO,16.110000610351562,16.110000610351562,16.110000610351562,16.110000610351562,16.110000610351562,222.0
2024-03-01 14:53:00,NERV,2.6600000858306885,2.6600000858306885,2.6600000858306885,2.6600000858306885,2.6600000858306885,3102.0
2024-03-01 14:53:00,NGM,1.524999976158142,1.524999976158142,1.524999976158142,1.524999976158142,1.524999976158142,100.0
2024-03-01 14:53:00,NNOX,10.770000457763672,10.770000457763672,10.789999961853027,10.770000457763672,10.779999732971191,4000.0
2024-03-01 14:53:00,NOTV,8.050000190734863,8.050000190734863,8.0649995803833,8.050000190734863,8.0649995803833,1481.0
2024-03-01 14:53:00,NRIX,13.600000381469727,13.600000381469727,13.619999885559082,13.600000381469727,13.619999885559082,1769.0
2024-03-01 14:53:00,NRSN,2.0157999992370605,2.0157999992370605,2.0157999992370605,2.0157999992370605,2.0157999992370605,2000.0
2024-03-01 14:53:00,NRXP,0.4440000057220459,0.4440000057220459,0.4440000057220459,0.4399000108242035,0.44398999214172363,3054.0
2024-03-01 14:53:00,NTLA,33.41999816894531,33.41999816894531,33.459999084472656,33.41999816894531,33.459999084472656,2710.0
2024-03-01 14:53:00,NTRA,89.18000030517578,89.18000030517578,89.27999877929688,89.18000030517578,89.22000122070312,3040.0
2024-03-01 14:53:00,NTRB,2.6500000953674316,2.6500000953674316,2.6500000953674316,2.6500000953674316,2.6500000953674316,819.0
2024-03-01 14:53:00,NUVL,87.69499969482422,87.69499969482422,87.73500061035156,87.69499969482422,87.73500061035156,431.0
2024-03-01 14:53:00,NVAX,5.350100040435791,5.350100040435791,5.359899997711182,5.349999904632568,5.349999904632568,4111.0
2024-03-01 14:53:00,NVCR,16.075000762939453,16.075000762939453,16.079999923706055,16.075000762939453,16.079999923706055,577.0
2024-03-01 14:53:00,NVNO,6.5,6.5,6.5,6.5,6.5,400.0
2024-03-01 14:53:00,NXTC,1.8200000524520874,1.8200000524520874,1.8200000524520874,1.8200000524520874,1.8200000524520874,500.0
2024-03-01 14:53:00,OCGN,0.958299994468689,0.958299994468689,0.9599999785423279,0.9559000134468079,0.9578999876976013,1999.0
2024-03-01 14:53:00,OCUL,10.65999984741211,10.65999984741211,10.694999694824219,10.640000343322754,10.694999694824219,20693.0
2024-03-01 14:53:00,OCUP,2.5,2.5,2.5,2.5,2.5,1131.0
2024-03-01 14:53:00,OLK,23.014999389648438,23.014999389648438,23.020000457763672,22.979999542236328,22.979999542236328,9981.0
2024-03-01 14:53:00,OLMA,14.890000343322754,14.890000343322754,14.920000076293945,14.890000343322754,14.899999618530273,2777.0
2024-03-01 14:53:00,OM,3.180000066757202,3.180000066757202,3.180000066757202,3.180000066757202,3.180000066757202,102.0
2024-03-01 14:53:00,OMCL,26.545000076293945,26.545000076293945,26.545000076293945,26.545000076293945,26.545000076293945,789.0
2024-03-01 14:53:00,ONCY,1.1409000158309937,1.1409000158309937,1.1409000158309937,1.1409000158309937,1.1409000158309937,455.0
2024-03-01 14:54:00,ABCL,5.105000019073486,5.105000019073486,5.110000133514404,5.099999904632568,5.110000133514404,9541.0
2024-03-01 14:54:00,ABEO,7.710000038146973,7.710000038146973,7.710000038146973,7.639999866485596,7.639999866485596,1391.0
2024-03-01 14:54:00,ABOS,4.619999885559082,4.619999885559082,4.650000095367432,4.619999885559082,4.650000095367432,6660.0
2024-03-01 14:54:00,ABSI,5.534999847412109,5.534999847412109,5.550000190734863,5.53000020980835,5.550000190734863,1488.0
2024-03-01 14:54:00,ABUS,2.765000104904175,2.765000104904175,2.765000104904175,2.759999990463257,2.759999990463257,636.0
2024-03-01 14:54:00,ACAD,24.1299991607666,24.1299991607666,24.139999389648438,24.1299991607666,24.139999389648438,1419.0
2024-03-01 14:54:00,ACB,3.184999942779541,3.184999942779541,3.190000057220459,3.184999942779541,3.190000057220459,626.0
2024-03-01 14:54:00,ACCD,10.055000305175781,10.055000305175781,10.069999694824219,10.055000305175781,10.069999694824219,1755.0
2024-03-01 14:54:00,ACET,2.3949999809265137,2.3949999809265137,2.4000000953674316,2.390000104904175,2.390000104904175,4532.0
2024-03-01 14:54:00,ACHC,84.2300033569336,84.2300033569336,84.2300033569336,84.20500183105469,84.20999908447266,1379.0
2024-03-01 14:54:00,ACHV,4.360000133514404,4.360000133514404,4.360000133514404,4.349999904632568,4.349999904632568,410.0
2024-03-01 14:54:00,ACLX,67.91500091552734,67.91500091552734,67.91500091552734,67.86199951171875,67.91000366210938,1523.0
2024-03-01 14:54:00,ACON,0.3974500000476837,0.3974500000476837,0.3974500000476837,0.3974500000476837,0.3974500000476837,100.0
2024-03-01 14:54:00,ACRS,1.2300000190734863,1.2300000190734863,1.2400000095367432,1.2300000190734863,1.2400000095367432,1426.0
2024-03-01 14:54:00,ADIL,2.960099935531616,2.960099935531616,3.0,2.9600000381469727,2.980600118637085,14529.0
2024-03-01 14:54:00,ADMA,5.545000076293945,5.545000076293945,5.545000076293945,5.539999961853027,5.545000076293945,2461.0
2024-03-01 14:54:00,ADPT,4.059999942779541,4.059999942779541,4.079999923706055,4.059999942779541,4.079999923706055,3892.0
2024-03-01 14:54:00,ADVM,1.9800000190734863,1.9800000190734863,1.9800000190734863,1.9700000286102295,1.975000023841858,1274.0
2024-03-01 14:54:00,AGEN,0.6700500249862671,0.6700500249862671,0.6700999736785889,0.6700000166893005,0.6700500249862671,7412.0
2024-03-01 14:54:00,AGIO,32.34000015258789,32.34000015258789,32.3650016784668,32.34000015258789,32.3650016784668,1158.0
2024-03-01 14:54:00,AHCO,10.479999542236328,10.479999542236328,10.494999885559082,10.479999542236328,10.489999771118164,1895.0
2024-03-01 14:54:00,AIRS,6.449999809265137,6.449999809265137,6.449999809265137,6.449999809265137,6.449999809265137,406.0
2024-03-01 14:54:00,AKAN,0.2151000052690506,0.2151000052690506,0.2151000052690506,0.2151000052690506,0.2151000052690506,4472.0
2024-03-01 14:54:00,AKBA,1.684999942779541,1.684999942779541,1.690000057220459,1.684999942779541,1.684999942779541,3054.0
2024-03-01 14:54:00,AKRO,28.65999984741211,28.65999984741211,28.799999237060547,28.65999984741211,28.799999237060547,7167.0
2024-03-01 14:54:00,ALDX,4.25,4.25,4.284999847412109,4.25,4.284999847412109,9834.0
2024-03-01 14:54:00,ALEC,7.454999923706055,7.454999923706055,7.474999904632568,7.454999923706055,7.46999979019165,4861.0
2024-03-01 14:54:00,ALGN,302.3699035644531,302.3699035644531,302.3699035644531,302.3699035644531,302.3699035644531,518.0
2024-03-01 14:54:00,ALGS,1.0700000524520874,1.0700000524520874,1.0700000524520874,1.0700000524520874,1.0700000524520874,2590.0
2024-03-01 14:54:00,ALHC,5.619999885559082,5.619999885559082,5.619999885559082,5.619999885559082,5.619999885559082,1358.0
2024-03-01 14:54:00,ALKS,30.079999923706055,30.079999923706055,30.1200008392334,30.06999969482422,30.1200008392334,6195.0
2024-03-01 14:54:00,ALLO,5.010000228881836,5.010000228881836,5.010000228881836,5.0,5.010000228881836,2139.0
2024-03-01 14:54:00,ALNY,153.3699951171875,153.3699951171875,153.46499633789062,153.3699951171875,153.46499633789062,2543.0
2024-03-01 14:54:00,ALPN,35.84000015258789,35.84000015258789,35.849998474121094,35.84000015258789,35.849998474121094,1081.0
2024-03-01 14:54:00,ALT,12.0600004196167,12.0600004196167,12.0649995803833,12.0600004196167,12.0600004196167,3118.0
2024-03-01 14:54:00,ALVR,0.7412999868392944,0.7412999868392944,0.7412999868392944,0.7412999868392944,0.7412999868392944,134.0
2024-03-01 14:54:00,ALXO,15.100000381469727,15.100000381469727,15.100000381469727,15.09000015258789,15.100000381469727,593.0
2024-03-01 14:54:00,AMED,93.30999755859375,93.30999755859375,93.30999755859375,93.30999755859375,93.30999755859375,446.0
2024-03-01 14:54:00,AMGN,280.8599853515625,280.8599853515625,281.0400085449219,280.8599853515625,281.0299987792969,5198.0
2024-03-01 14:54:00,AMLX,18.770000457763672,18.770000457763672,18.770000457763672,18.770000457763672,18.770000457763672,304.0
2024-03-01 14:54:00,AMPH,45.619998931884766,45.619998931884766,45.650001525878906,45.61000061035156,45.622501373291016,2406.0
2024-03-01 14:54:00,AMRN,1.0549999475479126,1.0549999475479126,1.0549999475479126,1.0549999475479126,1.0549999475479126,200.0
2024-03-01 14:54:00,ANAB,25.399999618530273,25.399999618530273,25.399999618530273,25.399999618530273,25.399999618530273,100.0
2024-03-01 14:54:00,ANGO,5.494999885559082,5.494999885559082,5.5,5.494999885559082,5.5,611.0
2024-03-01 14:54:00,ANIP,66.37000274658203,66.37000274658203,66.58999633789062,66.37000274658203,66.4749984741211,1663.0
2024-03-01 14:54:00,ANIX,3.490000009536743,3.490000009536743,3.490000009536743,3.490000009536743,3.490000009536743,1472.0
2024-03-01 14:54:00,ANTX,3.01990008354187,3.01990008354187,3.0199999809265137,3.0100998878479004,3.0100998878479004,2500.0
2024-03-01 14:54:00,APLS,64.19999694824219,64.19999694824219,64.25990295410156,64.19999694824219,64.25,2648.0
2024-03-01 14:54:00,APLT,7.059999942779541,7.059999942779541,7.079999923706055,7.050000190734863,7.070000171661377,8348.0
2024-03-01 14:54:00,APTO,1.8250000476837158,1.8250000476837158,1.8250000476837158,1.8250000476837158,1.8250000476837158,384.0
2024-03-01 14:54:00,AQST,4.108799934387207,4.108799934387207,4.108799934387207,4.099999904632568,4.099999904632568,2428.0
2024-03-01 14:54:00,ARAY,2.634999990463257,2.634999990463257,2.634999990463257,2.634999990463257,2.634999990463257,606.0
2024-03-01 14:54:00,ARCT,39.810001373291016,39.810001373291016,39.810001373291016,39.744998931884766,39.744998931884766,321.0
2024-03-01 14:54:00,ARDX,9.479999542236328,9.479999542236328,9.484999656677246,9.479999542236328,9.479999542236328,7024.0
2024-03-01 14:54:00,ARQT,11.430000305175781,11.430000305175781,11.470000267028809,11.40999984741211,11.460000038146973,21889.0
2024-03-01 14:54:00,ARVN,48.16999816894531,48.16999816894531,48.29999923706055,48.13999938964844,48.29999923706055,4052.0
2024-03-01 14:54:00,ARWR,35.51499938964844,35.51499938964844,35.54999923706055,35.369998931884766,35.45500183105469,7762.0
2024-03-01 14:54:00,ASND,153.17999267578125,153.17999267578125,153.60000610351562,152.8300018310547,153.60000610351562,5598.0
2024-03-01 14:54:00,ASRT,0.8895999789237976,0.8895999789237976,0.8896999955177307,0.8885999917984009,0.8895999789237976,1582.0
2024-03-01 14:54:00,ATAI,2.1549999713897705,2.1549999713897705,2.1549999713897705,2.1549999713897705,2.1549999713897705,783.0
2024-03-01 14:54:00,ATEC,13.449999809265137,13.449999809265137,13.449999809265137,13.444999694824219,13.444999694824219,728.0
2024-03-01 14:54:00,ATOS,1.0099999904632568,1.0099999904632568,1.0099999904632568,1.0099999904632568,1.0099999904632568,101.0
2024-03-01 14:54:00,ATRA,0.7925999760627747,0.7925999760627747,0.7947999835014343,0.7925999760627747,0.7930999994277954,19299.0
2024-03-01 14:54:00,ATRC,36.11000061035156,36.11000061035156,36.13999938964844,36.11000061035156,36.13999938964844,6158.0
2024-03-01 14:54:00,ATXS,14.949999809265137,14.949999809265137,14.960000038146973,14.9399995803833,14.949999809265137,1775.0
2024-03-01 14:54:00,AUPH,5.800000190734863,5.800000190734863,5.800000190734863,5.800000190734863,5.800000190734863,402.0
2024-03-01 14:54:00,AUTL,6.289999961853027,6.289999961853027,6.295000076293945,6.289999961853027,6.295000076293945,716.0
2024-03-01 14:54:00,AVDL,13.295000076293945,13.295000076293945,13.295000076293945,13.28499984741211,13.289999961853027,2242.0
2024-03-01 14:54:00,AVRO,1.3300000429153442,1.3300000429153442,1.3300000429153442,1.3200000524520874,1.3200000524520874,2191.0
2024-03-01 14:54:00,AVXL,5.360000133514404,5.360000133514404,5.369999885559082,5.360000133514404,5.369999885559082,9307.0
2024-03-01 14:54:00,AXGN,10.550000190734863,10.550000190734863,10.550000190734863,10.539999961853027,10.539999961853027,500.0
2024-03-01 14:54:00,AXNX,67.69499969482422,67.69499969482422,67.69499969482422,67.69499969482422,67.69499969482422,408.0
2024-03-01 14:54:00,AXSM,82.20999908447266,82.20999908447266,82.2249984741211,82.13999938964844,82.2249984741211,2768.0
2024-03-01 14:54:00,AZN,64.66000366210938,64.66000366210938,64.66999816894531,64.66000366210938,64.66500091552734,3305.0
2024-03-01 14:54:00,AZTA,66.95999908447266,66.95999908447266,66.95999908447266,66.95999908447266,66.95999908447266,193.0
2024-03-01 14:54:00,BBIO,35.849998474121094,35.849998474121094,35.91999816894531,35.849998474121094,35.91999816894531,3203.0
2024-03-01 14:54:00,BBLG,2.430000066757202,2.430000066757202,2.430000066757202,2.430000066757202,2.430000066757202,103.0
2024-03-01 14:54:00,BCAB,2.809999942779541,2.809999942779541,2.815000057220459,2.799999952316284,2.809999942779541,5102.0
2024-03-01 14:54:00,BCEL,0.2672500014305115,0.2672500014305115,0.2672500014305115,0.2672500014305115,0.2672500014305115,700.0
2024-03-01 14:54:00,BCRX,5.699999809265137,5.699999809265137,5.715000152587891,5.699999809265137,5.710000038146973,9257.0
2024-03-01 14:54:00,BDTX,4.730000019073486,4.730000019073486,4.739999771118164,4.730000019073486,4.739999771118164,1316.0
2024-03-01 14:54:00,BEAM,39.880001068115234,39.880001068115234,39.880001068115234,39.849998474121094,39.880001068115234,1447.0
2024-03-01 14:54:00,BIIB,221.55999755859375,221.55999755859375,221.8350067138672,221.5399932861328,221.74000549316406,3712.0
2024-03-01 14:54:00,BIMI,3.680000066757202,3.680000066757202,3.680000066757202,3.680000066757202,3.680000066757202,195.0
2024-03-01 14:54:00,BIOL,0.14300000667572021,0.14300000667572021,0.14499999582767487,0.14300000667572021,0.14499999582767487,39265.0
2024-03-01 14:54:00,BIOR,1.1200000047683716,1.1200000047683716,1.1200000047683716,1.1200000047683716,1.1200000047683716,441.0
2024-03-01 14:54:00,BIVI,2.049999952316284,2.049999952316284,2.059999942779541,2.0399999618530273,2.049999952316284,16322.0
2024-03-01 14:54:00,BLCM,0.0898900032043457,0.0898900032043457,0.0898900032043457,0.0898900032043457,0.0898900032043457,2009.0
2024-03-01 14:54:00,BLFS,17.959999084472656,17.959999084472656,17.959999084472656,17.959999084472656,17.959999084472656,357.0
2024-03-01 14:54:00,BLUE,1.5724999904632568,1.5724999904632568,1.5800000429153442,1.5700000524520874,1.5700000524520874,21099.0
2024-03-01 14:54:00,BMEA,18.1299991607666,18.1299991607666,18.149999618530273,18.1299991607666,18.149999618530273,2819.0
2024-03-01 14:54:00,BMRA,1.2000000476837158,1.2000000476837158,1.2000000476837158,1.2000000476837158,1.2000000476837158,108.0
2024-03-01 14:54:00,BMRN,87.86499786376953,87.86499786376953,87.90499877929688,87.86499786376953,87.90499877929688,1419.0
2024-03-01 14:54:00,BNGO,1.2684999704360962,1.2684999704360962,1.2684999704360962,1.2599999904632568,1.2599999904632568,1812.0
2024-03-01 14:54:00,BNR,0.8206999897956848,0.8206999897956848,0.8206999897956848,0.8206999897956848,0.8206999897956848,395.0
2024-03-01 14:54:00,BNTX,91.0199966430664,91.0199966430664,91.0999984741211,90.97000122070312,91.0999984741211,2675.0
2024-03-01 14:54:00,BPMC,96.41000366210938,96.41000366210938,96.48999786376953,96.4000015258789,96.48999786376953,2643.0
2024-03-01 14:54:00,BRKR,88.66999816894531,88.66999816894531,88.66999816894531,88.66000366210938,88.66999816894531,2479.0
2024-03-01 14:54:00,BTAI,3.200000047683716,3.200000047683716,3.2049999237060547,3.200000047683716,3.2049999237060547,241.0
2024-03-01 14:54:00,BTTX,0.18279999494552612,0.18279999494552612,0.18299999833106995,0.1817999929189682,0.1817999929189682,16467.0
2024-03-01 14:54:00,BWAY,6.5,6.5,6.519999980926514,6.5,6.519999980926514,300.0
2024-03-01 14:54:00,CABA,23.950000762939453,23.950000762939453,23.959999084472656,23.950000762939453,23.959999084472656,672.0
2024-03-01 14:54:00,CARA,0.9599000215530396,0.9599000215530396,0.9599000215530396,0.9598900079727173,0.9598900079727173,1800.0
2024-03-01 14:54:00,CBAY,32.224998474121094,32.224998474121094,32.22999954223633,32.220001220703125,32.224998474121094,3782.0
2024-03-01 14:54:00,CCCC,11.0600004196167,11.0600004196167,11.0649995803833,11.0600004196167,11.0649995803833,1538.0
2024-03-01 14:54:00,CCRN,18.299999237060547,18.299999237060547,18.309999465942383,18.290000915527344,18.290000915527344,1791.0
2024-03-01 14:54:00,CDMO,8.199999809265137,8.199999809265137,8.220000267028809,8.199999809265137,8.220000267028809,3137.0
2024-03-01 14:54:00,CDNA,12.335000038146973,12.335000038146973,12.364999771118164,12.335000038146973,12.364999771118164,970.0
2024-03-01 14:54:00,CDTX,0.7228990197181702,0.7228990197181702,0.7228990197181702,0.7228990197181702,0.7228990197181702,196029.0
2024-03-01 14:54:00,CDXS,4.610000133514404,4.610000133514404,4.610000133514404,4.599999904632568,4.605000019073486,1055.0
2024-03-01 14:54:00,CELC,16.969999313354492,16.969999313354492,16.969999313354492,16.969999313354492,16.969999313354492,200.0
2024-03-01 14:54:00,CELU,3.5350000858306885,3.5350000858306885,3.5350000858306885,3.5,3.5,2900.0
2024-03-01 14:54:00,CERE,41.08000183105469,41.08000183105469,41.09000015258789,41.08000183105469,41.08000183105469,1797.0
2024-03-01 14:54:00,CERT,18.260000228881836,18.260000228881836,18.260000228881836,18.25,18.25,1714.0
2024-03-01 14:54:00,CGC,3.2149999141693115,3.2149999141693115,3.2149999141693115,3.2149999141693115,3.2149999141693115,689.0
2024-03-01 14:54:00,CGEM,18.797500610351562,18.797500610351562,18.797500610351562,18.797500610351562,18.797500610351562,171.0
2024-03-01 14:54:00,CGEN,2.674999952316284,2.674999952316284,2.674999952316284,2.674999952316284,2.674999952316284,104.0
2024-03-01 14:54:00,CGTX,2.0299999713897705,2.0299999713897705,2.0299999713897705,2.0299999713897705,2.0299999713897705,100.0
2024-03-01 14:54:00,CHRS,2.4200000762939453,2.4200000762939453,2.430000066757202,2.4200000762939453,2.4200000762939453,745.0
2024-03-01 14:54:00,CKPT,2.200000047683716,2.200000047683716,2.200000047683716,2.200000047683716,2.200000047683716,100.0
2024-03-01 14:54:00,CLDX,52.38999938964844,52.38999938964844,52.65999984741211,52.34000015258789,52.650001525878906,6592.0
2024-03-01 14:54:00,CLNN,0.38499999046325684,0.38499999046325684,0.38499999046325684,0.38260000944137573,0.3840999901294708,2000.0
2024-03-01 14:54:00,CLOV,0.8651000261306763,0.8651000261306763,0.8651000261306763,0.8650000095367432,0.8651000261306763,6631.0
2024-03-01 14:54:00,CLPT,6.544000148773193,6.544000148773193,6.544000148773193,6.539999961853027,6.539999961853027,799.0
2024-03-01 14:54:00,CLRB,4.099999904632568,4.099999904632568,4.105000019073486,4.099999904632568,4.099999904632568,3279.0
2024-03-01 14:54:00,CMPS,11.829999923706055,11.829999923706055,11.899999618530273,11.829999923706055,11.895000457763672,5310.0
2024-03-01 14:54:00,CMRX,1.2050000429153442,1.2050000429153442,1.2050000429153442,1.2050000429153442,1.2050000429153442,330.0
2024-03-01 14:54:00,COGT,7.190000057220459,7.190000057220459,7.190000057220459,7.190000057220459,7.190000057220459,1326.0
2024-03-01 14:54:00,COLL,36.61000061035156,36.61000061035156,36.689998626708984,36.61000061035156,36.61000061035156,5734.0
2024-03-01 14:54:00,CORT,24.225000381469727,24.225000381469727,24.225000381469727,24.209999084472656,24.225000381469727,4303.0
2024-03-01 14:54:00,CPRX,17.264999389648438,17.264999389648438,17.264999389648438,17.2549991607666,17.2549991607666,2074.0
2024-03-01 14:54:00,CPSI,9.40999984741211,9.40999984741211,9.40999984741211,9.40999984741211,9.40999984741211,202.0
2024-03-01 14:54:00,CRBU,7.860000133514404,7.860000133514404,7.880000114440918,7.860000133514404,7.880000114440918,1837.0
2024-03-01 14:54:00,CRDF,2.690000057220459,2.690000057220459,2.690000057220459,2.6500000953674316,2.6700000762939453,107161.0
2024-03-01 14:54:00,CRMD,3.684999942779541,3.684999942779541,3.684999942779541,3.680000066757202,3.680000066757202,520.0
2024-03-01 14:54:00,CRNX,46.310001373291016,46.310001373291016,46.39350128173828,46.29999923706055,46.39350128173828,1736.0
2024-03-01 14:54:00,CRON,2.031100034713745,2.031100034713745,2.0399999618530273,2.030100107192993,2.0311999320983887,3009.0
2024-03-01 14:54:00,CRSP,85.20999908447266,85.20999908447266,85.20999908447266,85.16999816894531,85.20999908447266,2459.0
2024-03-01 14:54:00,CRVS,2.200000047683716,2.200000047683716,2.200000047683716,2.200000047683716,2.200000047683716,2856.0
2024-03-01 14:54:00,CSTL,20.010000228881836,20.010000228881836,20.045000076293945,19.969999313354492,19.969999313354492,7623.0
2024-03-01 14:54:00,CTKB,9.020000457763672,9.020000457763672,9.029999732971191,9.020000457763672,9.029999732971191,5126.0
2024-03-01 14:54:00,CTMX,2.5100998878479004,2.5100998878479004,2.5199999809265137,2.509999990463257,2.509999990463257,2057.0
2024-03-01 14:54:00,CTXR,0.7731000185012817,0.7731000185012817,0.7731000185012817,0.7731000185012817,0.7731000185012817,221.0
2024-03-01 14:54:00,CUTR,2.390000104904175,2.390000104904175,2.3949999809265137,2.390000104904175,2.3949999809265137,200.0
2024-03-01 14:54:00,CVAC,3.4600000381469727,3.4600000381469727,3.4749999046325684,3.4600000381469727,3.4700000286102295,3903.0
2024-03-01 14:54:00,CVRX,20.704999923706055,20.704999923706055,20.704999923706055,20.704999923706055,20.704999923706055,795.0
2024-03-01 14:54:00,CYTK,73.91000366210938,73.91000366210938,73.94000244140625,73.83000183105469,73.86000061035156,2183.0
2024-03-01 14:54:00,DAWN,17.670000076293945,17.670000076293945,17.670000076293945,17.670000076293945,17.670000076293945,585.0
2024-03-01 14:54:00,DCGO,4.114999771118164,4.114999771118164,4.119999885559082,4.110000133514404,4.119999885559082,8903.0
2024-03-01 14:54:00,DCPH,17.420000076293945,17.420000076293945,17.450000762939453,17.420000076293945,17.450000762939453,518.0
2024-03-01 14:54:00,DH,8.920000076293945,8.920000076293945,8.920000076293945,8.920000076293945,8.920000076293945,519.0
2024-03-01 14:54:00,DMTK,0.8492879867553711,0.8492879867553711,0.8495000004768372,0.8492879867553711,0.849399983882904,1440.0
2024-03-01 14:54:00,DNLI,21.139999389648438,21.139999389648438,21.18000030517578,21.139999389648438,21.18000030517578,628.0
2024-03-01 14:54:00,DSGN,2.880000114440918,2.880000114440918,2.880000114440918,2.880000114440918,2.880000114440918,1742.0
2024-03-01 14:54:00,DTIL,12.470000267028809,12.470000267028809,12.470000267028809,12.46500015258789,12.46500015258789,3628.0
2024-03-01 14:54:00,DVAX,12.8100004196167,12.8100004196167,12.819999694824219,12.8100004196167,12.819999694824219,4887.0
2024-03-01 14:54:00,DXCM,121.22000122070312,121.22000122070312,121.23999786376953,121.19999694824219,121.23999786376953,1928.0
2024-03-01 14:54:00,DYN,29.079999923706055,29.079999923706055,29.079999923706055,29.079999923706055,29.079999923706055,255.0
2024-03-01 14:54:00,EDIT,10.809200286865234,10.809200286865234,10.809200286865234,10.795000076293945,10.800000190734863,4037.0
2024-03-01 14:54:00,EFTR,15.869999885559082,15.869999885559082,15.869999885559082,15.869999885559082,15.869999885559082,100.0
2024-03-01 14:54:00,ELEV,5.139999866485596,5.139999866485596,5.139999866485596,5.119999885559082,5.119999885559082,810.0
2024-03-01 14:54:00,EMBC,14.279999732971191,14.279999732971191,14.279999732971191,14.279999732971191,14.279999732971191,803.0
2024-03-01 14:54:00,ENSG,121.44000244140625,121.44000244140625,121.47000122070312,121.44000244140625,121.45999908447266,620.0
2024-03-01 14:54:00,ENTA,15.5,15.5,15.5,15.5,15.5,370.0
2024-03-01 14:54:00,ENVB,1.524999976158142,1.524999976158142,1.5393999814987183,1.524999976158142,1.5393999814987183,3893.0
2024-03-01 14:54:00,EOLS,14.779999732971191,14.779999732971191,14.789999961853027,14.779999732971191,14.789999961853027,1212.0
2024-03-01 14:54:00,ERAS,2.515000104904175,2.515000104904175,2.515000104904175,2.515000104904175,2.515000104904175,444.0
2024-03-01 14:54:00,ESPR,2.555000066757202,2.555000066757202,2.555000066757202,2.549999952316284,2.549999952316284,1125.0
2024-03-01 14:54:00,ESTA,43.720001220703125,43.720001220703125,43.79999923706055,43.720001220703125,43.79999923706055,607.0
2024-03-01 14:54:00,ETNB,12.78499984741211,12.78499984741211,12.850000381469727,12.779999732971191,12.850000381469727,9471.0
2024-03-01 14:54:00,ETON,4.489999771118164,4.489999771118164,4.489999771118164,4.489999771118164,4.489999771118164,2326.0
2024-03-01 14:54:00,EVGN,0.9700000286102295,0.9700000286102295,0.9700000286102295,0.9599999785423279,0.9599999785423279,1000.0
2024-03-01 14:54:00,EWTX,17.020000457763672,17.020000457763672,17.049999237060547,17.020000457763672,17.049999237060547,5682.0
2024-03-01 14:54:00,EXAI,6.659999847412109,6.659999847412109,6.659999847412109,6.659999847412109,6.659999847412109,564.0
2024-03-01 14:54:00,EXAS,59.959999084472656,59.959999084472656,59.970001220703125,59.92499923706055,59.959999084472656,1395.0
2024-03-01 14:54:00,EXEL,22.350000381469727,22.350000381469727,22.3700008392334,22.350000381469727,22.3700008392334,1652.0
2024-03-01 14:54:00,EYPT,27.940000534057617,27.940000534057617,27.975000381469727,27.940000534057617,27.959999084472656,2411.0
2024-03-01 14:54:00,FATE,7.751100063323975,7.751100063323975,7.769999980926514,7.751100063323975,7.769999980926514,2182.0
2024-03-01 14:54:00,FBIO,2.369999885559082,2.369999885559082,2.369999885559082,2.369999885559082,2.369999885559082,737.0
2024-03-01 14:54:00,FDMT,29.3700008392334,29.3700008392334,29.399999618530273,29.3700008392334,29.399999618530273,1639.0
2024-03-01 14:54:00,FEMY,1.7352999448776245,1.7352999448776245,1.7352999448776245,1.7352999448776245,1.7352999448776245,1000.0
2024-03-01 14:54:00,FGEN,1.8450000286102295,1.8450000286102295,1.8450000286102295,1.8450000286102295,1.8450000286102295,316.0
2024-03-01 14:54:00,FHTX,8.1899995803833,8.1899995803833,8.1899995803833,8.1899995803833,8.1899995803833,354.0
2024-03-01 14:54:00,FOLD,13.3100004196167,13.3100004196167,13.319999694824219,13.3100004196167,13.319999694824219,10095.0
2024-03-01 14:54:00,FULC,10.979999542236328,10.979999542236328,10.979999542236328,10.979999542236328,10.979999542236328,1233.0
2024-03-01 14:54:00,FUSN,12.140000343322754,12.140000343322754,12.175000190734863,12.140000343322754,12.175000190734863,2966.0
2024-03-01 14:54:00,GANX,4.599999904632568,4.599999904632568,4.599999904632568,4.599999904632568,4.599999904632568,200.0
2024-03-01 14:54:00,GBIO,2.619999885559082,2.619999885559082,2.619999885559082,2.619999885559082,2.619999885559082,1132.0
2024-03-01 14:54:00,GDRX,8.460000038146973,8.460000038146973,8.479999542236328,8.460000038146973,8.479999542236328,6249.0
2024-03-01 14:54:00,GERN,2.25,2.25,2.255000114440918,2.244999885559082,2.255000114440918,24127.0
2024-03-01 14:54:00,GH,19.079999923706055,19.079999923706055,19.104999542236328,19.079999923706055,19.104999542236328,1700.0
2024-03-01 14:54:00,GILD,72.51000213623047,72.51000213623047,72.53500366210938,72.51000213623047,72.52999877929688,5297.0
2024-03-01 14:54:00,GLTO,0.8072090148925781,0.8072090148925781,0.8100000023841858,0.8072090148925781,0.8100000023841858,1529.0
2024-03-01 14:54:00,GMAB,29.40999984741211,29.40999984741211,29.420000076293945,29.40999984741211,29.40999984741211,2048.0
2024-03-01 14:54:00,GOSS,1.4199999570846558,1.4199999570846558,1.4199999570846558,1.4149999618530273,1.4199999570846558,1395.0
2024-03-01 14:54:00,GRFS,7.005000114440918,7.005000114440918,7.005000114440918,6.994999885559082,7.005000114440918,10777.0
2024-03-01 14:54:00,GRTS,2.0850000381469727,2.0850000381469727,2.0864999294281006,2.0801000595092773,2.0801000595092773,3977.0
2024-03-01 14:54:00,GTHX,3.7799999713897705,3.7799999713897705,3.799999952316284,3.7799999713897705,3.799999952316284,6708.0
2024-03-01 14:54:00,HARP,22.940000534057617,22.940000534057617,22.940000534057617,22.940000534057617,22.940000534057617,223.0
2024-03-01 14:54:00,HCAT,8.164999961853027,8.164999961853027,8.164999961853027,8.164999961853027,8.164999961853027,707.0
2024-03-01 14:54:00,HCM,15.15999984741211,15.15999984741211,15.180000305175781,15.15999984741211,15.170000076293945,1003.0
2024-03-01 14:54:00,HCTI,2.049999952316284,2.049999952316284,2.049999952316284,2.049999952316284,2.049999952316284,298.0
2024-03-01 14:54:00,HITI,1.7599999904632568,1.7599999904632568,1.7649999856948853,1.75,1.7649999856948853,4096.0
2024-03-01 14:54:00,HOLX,74.3499984741211,74.3499984741211,74.3499984741211,74.3499984741211,74.3499984741211,511.0
2024-03-01 14:54:00,HQY,81.4000015258789,81.4000015258789,81.4000015258789,81.36499786376953,81.37999725341797,1897.0
2024-03-01 14:54:00,HRMY,31.59000015258789,31.59000015258789,31.600000381469727,31.584999084472656,31.584999084472656,1584.0
2024-03-01 14:54:00,HRTX,2.5999999046325684,2.5999999046325684,2.617500066757202,2.5999999046325684,2.617500066757202,8317.0
2024-03-01 14:54:00,HSIC,76.81500244140625,76.81500244140625,76.83000183105469,76.79499816894531,76.83000183105469,3512.0
2024-03-01 14:54:00,HUMA,3.170099973678589,3.170099973678589,3.201200008392334,3.1700000762939453,3.201200008392334,52971.0
2024-03-01 14:54:00,HYPR,1.1200000047683716,1.1200000047683716,1.1483999490737915,1.1200000047683716,1.1483999490737915,102189.0
2024-03-01 14:54:00,IART,36.2599983215332,36.2599983215332,36.2599983215332,36.2599983215332,36.2599983215332,165.0
2024-03-01 14:54:00,IBRX,4.840000152587891,4.840000152587891,4.840000152587891,4.840000152587891,4.840000152587891,901.0
2024-03-01 14:54:00,ICAD,1.8668999671936035,1.8668999671936035,1.8668999671936035,1.8668999671936035,1.8668999671936035,185637.0
2024-03-01 14:54:00,IDXX,578.5599975585938,578.5599975585938,578.5599975585938,578.5599975585938,578.5599975585938,577.0
2024-03-01 14:54:00,IDYA,46.25,46.25,46.275001525878906,46.25,46.27000045776367,1410.0
2024-03-01 14:54:00,IGMS,13.010000228881836,13.010000228881836,13.029999732971191,13.010000228881836,13.029999732971191,500.0
2024-03-01 14:54:00,IINN,1.6899000406265259,1.6899000406265259,1.6899000406265259,1.6799999475479126,1.6799999475479126,1286.0
2024-03-01 14:54:00,ILMN,141.38999938964844,141.38999938964844,141.38999938964844,141.38999938964844,141.38999938964844,229.0
2024-03-01 14:54:00,IMCR,68.0,68.0,68.0199966430664,67.94499969482422,67.94499969482422,1688.0
2024-03-01 14:54:00,IMMX,3.5099000930786133,3.5099000930786133,3.5099000930786133,3.505000114440918,3.505000114440918,400.0
2024-03-01 14:54:00,IMNM,25.31999969482422,25.31999969482422,25.360000610351562,25.295000076293945,25.309999465942383,5481.0
2024-03-01 14:54:00,IMTX,12.829999923706055,12.829999923706055,12.829999923706055,12.829999923706055,12.829999923706055,726.0
2024-03-01 14:54:00,IMUX,1.4850000143051147,1.4850000143051147,1.48989999294281,1.4850000143051147,1.4889999628067017,1949.0
2024-03-01 14:54:00,IMVT,35.650001525878906,35.650001525878906,35.650001525878906,35.650001525878906,35.650001525878906,464.0
2024-03-01 14:54:00,INBX,36.52000045776367,36.52000045776367,36.54499816894531,36.52000045776367,36.54499816894531,1620.0
2024-03-01 14:54:00,INCY,59.0,59.0,59.02000045776367,59.0,59.02000045776367,1180.0
2024-03-01 14:54:00,INGN,6.769000053405762,6.769000053405762,6.769000053405762,6.769000053405762,6.769000053405762,537.0
2024-03-01 14:54:00,INMD,22.8799991607666,22.8799991607666,22.881900787353516,22.8799991607666,22.881900787353516,1108.0
2024-03-01 14:54:00,INO,9.640000343322754,9.640000343322754,9.640000343322754,9.609999656677246,9.609999656677246,652.0
2024-03-01 14:54:00,INSM,28.045000076293945,28.045000076293945,28.049999237060547,28.045000076293945,28.049999237060547,836.0
2024-03-01 14:54:00,INVA,15.524999618530273,15.524999618530273,15.524999618530273,15.524999618530273,15.524999618530273,208.0
2024-03-01 14:54:00,INZY,6.590000152587891,6.590000152587891,6.590000152587891,6.590000152587891,6.590000152587891,461.0
2024-03-01 14:54:00,IONS,45.875,45.875,45.915000915527344,45.875,45.915000915527344,624.0
2024-03-01 14:54:00,IOVA,16.979999542236328,16.979999542236328,16.989999771118164,16.975000381469727,16.979999542236328,5784.0
2024-03-01 14:54:00,IPSC,3.9549999237060547,3.9549999237060547,3.9549999237060547,3.9549999237060547,3.9549999237060547,202.0
2024-03-01 14:54:00,IRTC,120.91999816894531,120.91999816894531,120.91999816894531,120.91999816894531,120.91999816894531,241.0
2024-03-01 14:54:00,IRWD,8.954999923706055,8.954999923706055,8.957500457763672,8.949999809265137,8.949999809265137,2178.0
2024-03-01 14:54:00,ISRG,396.8124084472656,396.8124084472656,397.0,396.7099914550781,396.7099914550781,5722.0
2024-03-01 14:54:00,ITCI,71.9749984741211,71.9749984741211,71.9749984741211,71.94999694824219,71.94999694824219,667.0
2024-03-01 14:54:00,ITOS,11.319999694824219,11.319999694824219,11.34000015258789,11.319999694824219,11.329999923706055,2082.0
2024-03-01 14:54:00,IVA,3.8598999977111816,3.8598999977111816,3.859999895095825,3.8399999141693115,3.8499999046325684,652.0
2024-03-01 14:54:00,IXHL,5.474999904632568,5.474999904632568,5.474999904632568,5.445000171661377,5.445000171661377,470.0
2024-03-01 14:54:00,JAGX,0.08699999749660492,0.08699999749660492,0.08900000154972076,0.08569999784231186,0.08760000020265579,573078.0
2024-03-01 14:54:00,JANX,46.029998779296875,46.029998779296875,46.06999969482422,45.9900016784668,46.0,7681.0
2024-03-01 14:54:00,JAZZ,119.04000091552734,119.04000091552734,119.04000091552734,119.04000091552734,119.04000091552734,689.0
2024-03-01 14:54:00,JYNT,10.050000190734863,10.050000190734863,10.050000190734863,10.050000190734863,10.050000190734863,906.0
2024-03-01 14:54:00,KALV,14.180000305175781,14.180000305175781,14.180000305175781,14.180000305175781,14.180000305175781,203.0
2024-03-01 14:54:00,KIDS,27.684999465942383,27.684999465942383,27.684999465942383,27.684999465942383,27.684999465942383,320.0
2024-03-01 14:54:00,KNSA,21.889999389648438,21.889999389648438,21.899999618530273,21.889999389648438,21.899999618530273,2602.0
2024-03-01 14:54:00,KNTE,2.619999885559082,2.619999885559082,2.619999885559082,2.619999885559082,2.619999885559082,2022.0
2024-03-01 14:54:00,KOD,6.054999828338623,6.054999828338623,6.079999923706055,6.054999828338623,6.079699993133545,3309.0
2024-03-01 14:54:00,KPTI,1.190000057220459,1.190000057220459,1.190000057220459,1.1800999641418457,1.1800999641418457,1816.0
2024-03-01 14:54:00,KRON,1.0399999618530273,1.0399999618530273,1.0499999523162842,1.0398999452590942,1.0399999618530273,18995.0
2024-03-01 14:54:00,KROS,69.3499984741211,69.3499984741211,69.3499984741211,69.3499984741211,69.3499984741211,544.0
2024-03-01 14:54:00,KRYS,169.0,169.0,169.22000122070312,168.8699951171875,169.22000122070312,2225.0
2024-03-01 14:54:00,KTRA,0.1006999984383583,0.1006999984383583,0.10109999775886536,0.1006999984383583,0.10109999775886536,1055.0
2024-03-01 14:54:00,KURA,21.84000015258789,21.84000015258789,21.8799991607666,21.809999465942383,21.8799991607666,8467.0
2024-03-01 14:54:00,KYMR,43.83000183105469,43.83000183105469,43.84000015258789,43.83000183105469,43.84000015258789,200.0
2024-03-01 14:54:00,KZR,1.065000057220459,1.065000057220459,1.065000057220459,1.059999942779541,1.059999942779541,610.0
2024-03-01 14:54:00,LAB,2.4700000286102295,2.4700000286102295,2.4749999046325684,2.4700000286102295,2.4749999046325684,7602.0
2024-03-01 14:54:00,LBPH,21.559999465942383,21.559999465942383,21.639999389648438,21.559999465942383,21.6299991607666,976.0
2024-03-01 14:54:00,LEGN,65.5999984741211,65.5999984741211,65.5999984741211,65.47000122070312,65.47000122070312,3066.0
2024-03-01 14:54:00,LFMD,8.010000228881836,8.010000228881836,8.010000228881836,8.0,8.010000228881836,2052.0
2024-03-01 14:54:00,LFST,7.730000019073486,7.730000019073486,7.735000133514404,7.730000019073486,7.735000133514404,576.0
2024-03-01 14:54:00,LMAT,67.9800033569336,67.9800033569336,68.05999755859375,67.9800033569336,68.0,938.0
2024-03-01 14:54:00,LNTH,64.5999984741211,64.5999984741211,64.62000274658203,64.59500122070312,64.59500122070312,979.0
2024-03-01 14:54:00,LRMR,11.319999694824219,11.319999694824219,11.319999694824219,11.300000190734863,11.300000190734863,445.0
2024-03-01 14:54:00,LTRN,4.188600063323975,4.188600063323975,4.188600063323975,4.188600063323975,4.188600063323975,155.0
2024-03-01 14:54:00,LUCY,0.38510000705718994,0.38510000705718994,0.38510000705718994,0.38499999046325684,0.38499999046325684,26283.0
2024-03-01 14:54:00,LVTX,2.75,2.75,2.7799999713897705,2.75,2.75,6351.0
2024-03-01 14:54:00,LXRX,2.484999895095825,2.484999895095825,2.490000009536743,2.4800000190734863,2.490000009536743,8456.0
2024-03-01 14:54:00,LYEL,3.1600000858306885,3.1600000858306885,3.1700000762939453,3.1600000858306885,3.1700000762939453,6059.0
2024-03-01 14:54:00,MACK,14.710000038146973,14.710000038146973,14.710000038146973,14.710000038146973,14.710000038146973,650.0
2024-03-01 14:54:00,MASI,127.2300033569336,127.2300033569336,127.32499694824219,127.2300033569336,127.32499694824219,679.0
2024-03-01 14:54:00,MASS,7.422500133514404,7.422500133514404,7.425000190734863,7.422500133514404,7.425000190734863,202.0
2024-03-01 14:54:00,MCRB,1.2200000286102295,1.2200000286102295,1.2300000190734863,1.2200000286102295,1.2300000190734863,578.0
2024-03-01 14:54:00,MDGL,251.2100067138672,251.2100067138672,251.2100067138672,251.2100067138672,251.2100067138672,437.0
2024-03-01 14:54:00,MDRX,6.099999904632568,6.099999904632568,6.099999904632568,6.019999980926514,6.099999904632568,72174.0
2024-03-01 14:54:00,MDXG,8.664999961853027,8.664999961853027,8.670000076293945,8.664999961853027,8.670000076293945,830.0
2024-03-01 14:54:00,ME,0.5533000230789185,0.5533000230789185,0.5534999966621399,0.5530999898910522,0.5530999898910522,28028.0
2024-03-01 14:54:00,MIRM,29.3799991607666,29.3799991607666,29.3799991607666,29.3799991607666,29.3799991607666,430.0
2024-03-01 14:54:00,MNKD,4.525000095367432,4.525000095367432,4.539999961853027,4.525000095367432,4.534999847412109,26066.0
2024-03-01 14:54:00,MNMD,6.239999771118164,6.239999771118164,6.244999885559082,6.239999771118164,6.244999885559082,1304.0
2024-03-01 14:54:00,MNPR,0.8978999853134155,0.8978999853134155,0.8978999853134155,0.88919997215271,0.8978999853134155,4325.0
2024-03-01 14:54:00,MODD,1.8700000047683716,1.8700000047683716,1.8700000047683716,1.8700000047683716,1.8700000047683716,300.0
2024-03-01 14:54:00,MORF,39.4900016784668,39.4900016784668,39.54999923706055,39.4900016784668,39.529998779296875,1442.0
2024-03-01 14:54:00,MREO,4.0,4.0,4.005000114440918,3.990000009536743,3.994999885559082,60343.0
2024-03-01 14:54:00,MRKR,3.7300000190734863,3.7300000190734863,3.7300000190734863,3.7200000286102295,3.7200000286102295,381.0
2024-03-01 14:54:00,MRNA,95.53199768066406,95.53199768066406,95.69999694824219,95.52999877929688,95.68000030517578,4758.0
2024-03-01 14:54:00,MRSN,5.925000190734863,5.925000190734863,5.929999828338623,5.920000076293945,5.920000076293945,4285.0
2024-03-01 14:54:00,MRUS,51.16999816894531,51.16999816894531,51.16999816894531,51.150001525878906,51.150001525878906,1608.0
2024-03-01 14:54:00,MRVI,7.724999904632568,7.724999904632568,7.724999904632568,7.724999904632568,7.724999904632568,1872.0
2024-03-01 14:54:00,MXCT,4.75,4.75,4.755000114440918,4.75,4.755000114440918,1895.0
2024-03-01 14:54:00,MYGN,22.15999984741211,22.15999984741211,22.15999984741211,22.149999618530273,22.15999984741211,1688.0
2024-03-01 14:54:00,NAOV,0.9865000247955322,0.9865000247955322,0.9865000247955322,0.9865000247955322,0.9865000247955322,11569.0
2024-03-01 14:54:00,NARI,46.11000061035156,46.11000061035156,46.13999938964844,46.04999923706055,46.13999938964844,8573.0
2024-03-01 14:54:00,NBIX,131.80999755859375,131.80999755859375,131.8300018310547,131.80999755859375,131.80999755859375,2052.0
2024-03-01 14:54:00,NEO,16.110000610351562,16.110000610351562,16.110000610351562,16.110000610351562,16.110000610351562,470.0
2024-03-01 14:54:00,NEOG,17.344999313354492,17.344999313354492,17.344999313354492,17.344999313354492,17.344999313354492,666.0
2024-03-01 14:54:00,NERV,2.6600000858306885,2.6600000858306885,2.6600000858306885,2.6600000858306885,2.6600000858306885,500.0
2024-03-01 14:54:00,NGM,1.5199999809265137,1.5199999809265137,1.524999976158142,1.5199999809265137,1.524999976158142,1043.0
2024-03-01 14:54:00,NKTX,12.5,12.5,12.5,12.5,12.5,121.0
2024-03-01 14:54:00,NNOX,10.770099639892578,10.770099639892578,10.779999732971191,10.770000457763672,10.774999618530273,8171.0
2024-03-01 14:54:00,NRC,40.595001220703125,40.595001220703125,40.595001220703125,40.595001220703125,40.595001220703125,276.0
2024-03-01 14:54:00,NRIX,13.593600273132324,13.593600273132324,13.593600273132324,13.579999923706055,13.579999923706055,771.0
2024-03-01 14:54:00,NRXP,0.4438999891281128,0.4438999891281128,0.4438999891281128,0.4438999891281128,0.4438999891281128,136.0
2024-03-01 14:54:00,NTLA,33.369998931884766,33.369998931884766,33.43000030517578,33.369998931884766,33.43000030517578,1600.0
2024-03-01 14:54:00,NTRA,89.07499694824219,89.07499694824219,89.1500015258789,89.07499694824219,89.1500015258789,2468.0
2024-03-01 14:54:00,NUTX,0.11299999803304672,0.11299999803304672,0.11299999803304672,0.11299999803304672,0.11299999803304672,298.0
2024-03-01 14:54:00,NUVL,87.65499877929688,87.65499877929688,87.73500061035156,87.61000061035156,87.73500061035156,1736.0
2024-03-01 14:54:00,NVAX,5.324999809265137,5.324999809265137,5.360000133514404,5.324999809265137,5.349999904632568,36714.0
2024-03-01 14:54:00,NVCR,16.024999618530273,16.024999618530273,16.075000762939453,16.024999618530273,16.075000762939453,3067.0
2024-03-01 14:54:00,NVOS,0.6304000020027161,0.6304000020027161,0.6377000212669373,0.630299985408783,0.6377000212669373,704.0
2024-03-01 14:54:00,NXTC,1.809999942779541,1.809999942779541,1.8200000524520874,1.809999942779541,1.8200000524520874,2163.0
2024-03-01 14:54:00,OCGN,0.9599999785423279,0.9599999785423279,0.9613999724388123,0.958299994468689,0.9599999785423279,26252.0
2024-03-01 14:54:00,OCUL,10.664999961853027,10.664999961853027,10.670000076293945,10.649999618530273,10.649999618530273,11575.0
2024-03-01 14:54:00,OGI,2.180000066757202,2.180000066757202,2.180000066757202,2.180000066757202,2.180000066757202,426.0
2024-03-01 14:54:00,OLK,23.014999389648438,23.014999389648438,23.020000457763672,23.010000228881836,23.010000228881836,2688.0
2024-03-01 14:54:00,OLMA,14.829999923706055,14.829999923706055,14.880000114440918,14.829999923706055,14.880000114440918,1559.0
2024-03-01 14:54:00,OM,3.180000066757202,3.180000066757202,3.180000066757202,3.180000066757202,3.180000066757202,2661.0
2024-03-01 14:54:00,OMCL,26.510000228881836,26.510000228881836,26.549999237060547,26.510000228881836,26.549999237060547,2521.0
2024-03-01 14:54:00,OMGA,4.409999847412109,4.409999847412109,4.409999847412109,4.409999847412109,4.409999847412109,186.0
2024-03-01 14:55:00,AADI,1.9700000286102295,1.9700000286102295,1.9700000286102295,1.9700000286102295,1.9700000286102295,100.0
2024-03-01 14:55:00,ABCL,5.090000152587891,5.090000152587891,5.099999904632568,5.090000152587891,5.099999904632568,7477.0
2024-03-01 14:55:00,ABEO,7.71999979019165,7.71999979019165,7.71999979019165,7.71999979019165,7.71999979019165,642.0
2024-03-01 14:55:00,ABOS,4.610000133514404,4.610000133514404,4.619999885559082,4.610000133514404,4.619999885559082,1829.0
2024-03-01 14:55:00,ABSI,5.519999980926514,5.519999980926514,5.550000190734863,5.510000228881836,5.539999961853027,17425.0
2024-03-01 14:55:00,ACAD,24.114999771118164,24.114999771118164,24.145000457763672,24.114999771118164,24.125,4222.0
2024-03-01 14:55:00,ACB,3.180000066757202,3.180000066757202,3.180000066757202,3.180000066757202,3.180000066757202,221.0
2024-03-01 14:55:00,ACCD,10.055000305175781,10.055000305175781,10.055000305175781,10.055000305175781,10.055000305175781,764.0
2024-03-01 14:55:00,ACET,2.3949999809265137,2.3949999809265137,2.3949999809265137,2.3949999809265137,2.3949999809265137,300.0
2024-03-01 14:55:00,ACHC,84.21499633789062,84.21499633789062,84.21499633789062,84.21499633789062,84.21499633789062,328.0
2024-03-01 14:55:00,ACHV,4.349999904632568,4.349999904632568,4.349999904632568,4.349999904632568,4.349999904632568,100.0
2024-03-01 14:55:00,ACRS,1.2200000286102295,1.2200000286102295,1.2400000095367432,1.2200000286102295,1.2374999523162842,38206.0
2024-03-01 14:55:00,ACXP,3.0199999809265137,3.0199999809265137,3.0199999809265137,3.0199999809265137,3.0199999809265137,183.0
2024-03-01 14:55:00,ADIL,2.759999990463257,2.759999990463257,2.9800000190734863,2.75,2.9600000381469727,286102.0
2024-03-01 14:55:00,ADMA,5.545000076293945,5.545000076293945,5.546000003814697,5.545000076293945,5.545000076293945,1781.0
2024-03-01 14:55:00,ADPT,4.059999942779541,4.059999942779541,4.059999942779541,4.054999828338623,4.059999942779541,5105.0
2024-03-01 14:55:00,ADUS,93.86000061035156,93.86000061035156,93.86000061035156,93.80999755859375,93.80999755859375,1493.0
2024-03-01 14:55:00,ADVM,1.9700000286102295,1.9700000286102295,1.9850000143051147,1.9700000286102295,1.9800000190734863,5545.0
2024-03-01 14:55:00,AGEN,0.670074999332428,0.670074999332428,0.6700999736785889,0.6700000166893005,0.6700500249862671,16206.0
2024-03-01 14:55:00,AGIO,32.33000183105469,32.33000183105469,32.375,32.31999969482422,32.34000015258789,2378.0
2024-03-01 14:55:00,AHCO,10.479999542236328,10.479999542236328,10.480500221252441,10.479999542236328,10.480500221252441,838.0
2024-03-01 14:55:00,AIRS,6.480000019073486,6.480000019073486,6.480000019073486,6.480000019073486,6.480000019073486,367.0
2024-03-01 14:55:00,AKRO,28.68000030517578,28.68000030517578,28.700000762939453,28.649999618530273,28.690000534057617,1814.0
2024-03-01 14:55:00,ALDX,4.22130012512207,4.22130012512207,4.244999885559082,4.21999979019165,4.244999885559082,5807.0
2024-03-01 14:55:00,ALEC,7.460000038146973,7.460000038146973,7.460000038146973,7.460000038146973,7.460000038146973,602.0
2024-03-01 14:55:00,ALGN,302.32501220703125,302.32501220703125,302.4599914550781,302.32501220703125,302.4200134277344,554.0
2024-03-01 14:55:00,ALGS,1.0784000158309937,1.0784000158309937,1.0784000158309937,1.0784000158309937,1.0784000158309937,250.0
2024-03-01 14:55:00,ALKS,30.09000015258789,30.09000015258789,30.09000015258789,30.06999969482422,30.06999969482422,2563.0
2024-03-01 14:55:00,ALLK,1.6749999523162842,1.6749999523162842,1.6749999523162842,1.6712000370025635,1.6712000370025635,203.0
2024-03-01 14:55:00,ALLO,5.0,5.0,5.0,5.0,5.0,993.0
2024-03-01 14:55:00,ALPN,35.83000183105469,35.83000183105469,35.83000183105469,35.83000183105469,35.83000183105469,999.0
2024-03-01 14:55:00,ALT,12.0600004196167,12.0600004196167,12.06879997253418,12.029999732971191,12.050000190734863,12771.0
2024-03-01 14:55:00,ALVR,0.7412999868392944,0.7412999868392944,0.7458000183105469,0.7412999868392944,0.7458000183105469,479.0
2024-03-01 14:55:00,ALXO,15.069999694824219,15.069999694824219,15.09000015258789,15.069999694824219,15.09000015258789,1080.0
2024-03-01 14:55:00,AMGN,280.7850036621094,280.7850036621094,280.8699951171875,280.7699890136719,280.8699951171875,3864.0
2024-03-01 14:55:00,AMLX,18.780000686645508,18.780000686645508,18.790000915527344,18.761999130249023,18.770000457763672,4371.0
2024-03-01 14:55:00,AMPH,45.630001068115234,45.630001068115234,45.630001068115234,45.625,45.625,603.0
2024-03-01 14:55:00,AMRN,1.0549999475479126,1.0549999475479126,1.0549999475479126,1.0499999523162842,1.0504000186920166,2918.0
2024-03-01 14:55:00,ANAB,25.399999618530273,25.399999618530273,25.399999618530273,25.399999618530273,25.399999618530273,200.0
2024-03-01 14:55:00,ANGO,5.489999771118164,5.489999771118164,5.489999771118164,5.489999771118164,5.489999771118164,1060.0
2024-03-01 14:55:00,ANIP,66.61000061035156,66.61000061035156,66.61000061035156,66.5999984741211,66.5999984741211,678.0
2024-03-01 14:55:00,ANIX,3.490000009536743,3.490000009536743,3.490000009536743,3.490000009536743,3.490000009536743,2028.0
2024-03-01 14:55:00,ANNX,6.045000076293945,6.045000076293945,6.047500133514404,6.045000076293945,6.045000076293945,1286.0
2024-03-01 14:55:00,ANTX,3.0199999809265137,3.0199999809265137,3.0199999809265137,3.015000104904175,3.015000104904175,512.0
2024-03-01 14:55:00,APLS,64.16500091552734,64.16500091552734,64.16500091552734,64.12000274658203,64.1500015258789,986.0
2024-03-01 14:55:00,APLT,7.03000020980835,7.03000020980835,7.039999961853027,7.010000228881836,7.03000020980835,1854.0
2024-03-01 14:55:00,AQST,4.099999904632568,4.099999904632568,4.099999904632568,4.099999904632568,4.099999904632568,218.0
2024-03-01 14:55:00,ARCT,39.775001525878906,39.775001525878906,39.775001525878906,39.72999954223633,39.75,777.0
2024-03-01 14:55:00,ARDX,9.479900360107422,9.479900360107422,9.479900360107422,9.473999977111816,9.47920036315918,3014.0
2024-03-01 14:55:00,ARGX,392.0799865722656,392.0799865722656,392.0799865722656,392.0799865722656,392.0799865722656,314.0
2024-03-01 14:55:00,ARQT,11.470000267028809,11.470000267028809,11.470000267028809,11.430000305175781,11.430000305175781,10223.0
2024-03-01 14:55:00,ARVN,48.185001373291016,48.185001373291016,48.22999954223633,48.13999938964844,48.18000030517578,3626.0
2024-03-01 14:55:00,ARWR,35.529998779296875,35.529998779296875,35.53499984741211,35.5099983215332,35.529998779296875,1428.0
2024-03-01 14:55:00,ASND,152.99000549316406,152.99000549316406,153.36000061035156,152.99000549316406,153.10000610351562,2175.0
2024-03-01 14:55:00,ASRT,0.8902999758720398,0.8902999758720398,0.8928999900817871,0.8901000022888184,0.8901000022888184,1901.0
2024-03-01 14:55:00,ATAI,2.1500000953674316,2.1500000953674316,2.1549999713897705,2.1500000953674316,2.150099992752075,900.0
2024-03-01 14:55:00,ATEC,13.4399995803833,13.4399995803833,13.449999809265137,13.4350004196167,13.444999694824219,10330.0
2024-03-01 14:55:00,ATHA,3.9749999046325684,3.9749999046325684,3.9749999046325684,3.9749999046325684,3.9749999046325684,2366.0
2024-03-01 14:55:00,ATOS,1.0049999952316284,1.0049999952316284,1.0049999952316284,1.0049999952316284,1.0049999952316284,600.0
2024-03-01 14:55:00,ATRA,0.7929999828338623,0.7929999828338623,0.7929999828338623,0.7925000190734863,0.7926999926567078,900.0
2024-03-01 14:55:00,ATRC,36.1150016784668,36.1150016784668,36.1150016784668,36.11000061035156,36.11000061035156,527.0
2024-03-01 14:55:00,ATXS,14.960000038146973,14.960000038146973,14.960000038146973,14.9399995803833,14.9399995803833,551.0
2024-03-01 14:55:00,AUGX,4.550000190734863,4.550000190734863,4.550000190734863,4.550000190734863,4.550000190734863,105.0
2024-03-01 14:55:00,AUPH,5.800000190734863,5.800000190734863,5.808499813079834,5.800000190734863,5.806600093841553,1688.0
2024-03-01 14:55:00,AURA,9.300000190734863,9.300000190734863,9.300000190734863,9.300000190734863,9.300000190734863,315.0
2024-03-01 14:55:00,AUTL,6.28000020980835,6.28000020980835,6.289999961853027,6.28000020980835,6.289999961853027,1491.0
2024-03-01 14:55:00,AVDL,13.305000305175781,13.305000305175781,13.319999694824219,13.291000366210938,13.295000076293945,9535.0
2024-03-01 14:55:00,AVIR,4.480000019073486,4.480000019073486,4.480000019073486,4.480000019073486,4.480000019073486,197.0
2024-03-01 14:55:00,AVTE,24.05500030517578,24.05500030517578,24.05500030517578,24.05500030517578,24.05500030517578,320.0
2024-03-01 14:55:00,AXGN,10.539999961853027,10.539999961853027,10.550000190734863,10.539999961853027,10.550000190734863,3367.0
2024-03-01 14:55:00,AXSM,82.25,82.25,82.25,82.2300033569336,82.2300033569336,388.0
2024-03-01 14:55:00,AZN,64.66500091552734,64.66500091552734,64.66999816894531,64.66500091552734,64.66500091552734,1465.0
2024-03-01 14:55:00,AZTA,66.95999908447266,66.95999908447266,66.98999786376953,66.95999908447266,66.98999786376953,752.0
2024-03-01 14:55:00,BCAB,2.819999933242798,2.819999933242798,2.819999933242798,2.819999933242798,2.819999933242798,228.0
2024-03-01 14:55:00,BCRX,5.690100193023682,5.690100193023682,5.700099945068359,5.690100193023682,5.699999809265137,5380.0
2024-03-01 14:55:00,BCYC,25.825000762939453,25.825000762939453,25.825000762939453,25.825000762939453,25.825000762939453,144.0
2024-03-01 14:55:00,BEAM,39.869998931884766,39.869998931884766,39.869998931884766,39.86000061035156,39.86000061035156,1975.0
2024-03-01 14:55:00,BIIB,221.55499267578125,221.55499267578125,221.7371063232422,221.55499267578125,221.7371063232422,573.0
2024-03-01 14:55:00,BIOL,0.14499999582767487,0.14499999582767487,0.14499999582767487,0.14499999582767487,0.14499999582767487,2495.0
2024-03-01 14:55:00,BIOR,1.1150000095367432,1.1150000095367432,1.1262999773025513,1.1150000095367432,1.1150000095367432,800.0
2024-03-01 14:55:00,BIVI,2.039900064468384,2.039900064468384,2.0594000816345215,2.0199999809265137,2.049999952316284,41285.0
2024-03-01 14:55:00,BLRX,1.3600000143051147,1.3600000143051147,1.3798999786376953,1.3600000143051147,1.3798999786376953,250.0
2024-03-01 14:55:00,BLUE,1.5750000476837158,1.5750000476837158,1.5750000476837158,1.5705000162124634,1.5705000162124634,2461.0
2024-03-01 14:55:00,BMEA,18.1200008392334,18.1200008392334,18.1200008392334,18.1200008392334,18.1200008392334,783.0
2024-03-01 14:55:00,BMRA,1.2000000476837158,1.2000000476837158,1.2000000476837158,1.2000000476837158,1.2000000476837158,100.0
2024-03-01 14:55:00,BMRN,87.91999816894531,87.91999816894531,87.91999816894531,87.83999633789062,87.8499984741211,48560.0
2024-03-01 14:55:00,BNOX,1.225000023841858,1.225000023841858,1.225000023841858,1.225000023841858,1.225000023841858,508.0
2024-03-01 14:55:00,BOLT,1.2000000476837158,1.2000000476837158,1.2100000381469727,1.2000000476837158,1.2100000381469727,10342.0
2024-03-01 14:55:00,BPMC,96.41000366210938,96.41000366210938,96.41000366210938,96.36499786376953,96.36499786376953,643.0
2024-03-01 14:55:00,BRKR,88.69000244140625,88.69000244140625,88.69000244140625,88.66999816894531,88.66999816894531,1354.0
2024-03-01 14:55:00,BSGM,0.6608999967575073,0.6608999967575073,0.6608999967575073,0.6608999967575073,0.6608999967575073,251.0
2024-03-01 14:55:00,BTAI,3.2049999237060547,3.2049999237060547,3.2049999237060547,3.2049999237060547,3.2049999237060547,291.0
2024-03-01 14:55:00,BTTX,0.18289999663829803,0.18289999663829803,0.18299999833106995,0.18279999494552612,0.18299999833106995,17111.0
2024-03-01 14:55:00,BVS,4.739999771118164,4.739999771118164,4.739999771118164,4.739999771118164,4.739999771118164,103.0
2024-03-01 14:55:00,CABA,23.959999084472656,23.959999084472656,23.959999084472656,23.959999084472656,23.959999084472656,511.0
2024-03-01 14:55:00,CADL,1.7100000381469727,1.7100000381469727,1.7100000381469727,1.7100000381469727,1.7100000381469727,100.0
2024-03-01 14:55:00,CARA,0.9599999785423279,0.9599999785423279,0.9599999785423279,0.955049991607666,0.955049991607666,2027.0
2024-03-01 14:55:00,CBAY,32.224998474121094,32.224998474121094,32.22999954223633,32.220001220703125,32.22999954223633,2109.0
2024-03-01 14:55:00,CCCC,11.015000343322754,11.015000343322754,11.062100410461426,11.010000228881836,11.062100410461426,9642.0
2024-03-01 14:55:00,CCRN,18.315000534057617,18.315000534057617,18.34000015258789,18.315000534057617,18.329999923706055,593.0
2024-03-01 14:55:00,CDNA,12.34000015258789,12.34000015258789,12.34000015258789,12.324999809265137,12.324999809265137,1609.0
2024-03-01 14:55:00,CDXS,4.599999904632568,4.599999904632568,4.606900215148926,4.599999904632568,4.606900215148926,1686.0
2024-03-01 14:55:00,CELC,16.969999313354492,16.969999313354492,16.969999313354492,16.969999313354492,16.969999313354492,378.0
2024-03-01 14:55:00,CELU,3.569999933242798,3.569999933242798,3.569999933242798,3.569999933242798,3.569999933242798,336.0
2024-03-01 14:55:00,CERE,41.09000015258789,41.09000015258789,41.09000015258789,41.09000015258789,41.09000015258789,100.0
2024-03-01 14:55:00,CERS,2.184999942779541,2.184999942779541,2.184999942779541,2.184999942779541,2.184999942779541,100.0
2024-03-01 14:55:00,CERT,18.274999618530273,18.274999618530273,18.280000686645508,18.270000457763672,18.270000457763672,1980.0
2024-03-01 14:55:00,CGEN,2.6798999309539795,2.6798999309539795,2.6798999309539795,2.6798999309539795,2.6798999309539795,515.0
2024-03-01 14:55:00,CGTX,2.0397000312805176,2.0397000312805176,2.0397000312805176,2.0397000312805176,2.0397000312805176,125.0
2024-03-01 14:55:00,CHRS,2.4200000762939453,2.4200000762939453,2.4200000762939453,2.4200000762939453,2.4200000762939453,1790.0
2024-03-01 14:55:00,CING,1.3401000499725342,1.3401000499725342,1.3410999774932861,1.3401000499725342,1.3401999473571777,5005.0
2024-03-01 14:55:00,CKPT,2.190000057220459,2.190000057220459,2.190000057220459,2.190000057220459,2.190000057220459,100.0
2024-03-01 14:55:00,CLDX,52.48500061035156,52.48500061035156,52.4900016784668,52.41999816894531,52.41999816894531,1257.0
2024-03-01 14:55:00,CLOV,0.8650000095367432,0.8650000095367432,0.8650000095367432,0.8650000095367432,0.8650000095367432,1650.0
2024-03-01 14:55:00,CLPT,6.539999961853027,6.539999961853027,6.539999961853027,6.539999961853027,6.539999961853027,297.0
2024-03-01 14:55:00,CLRB,4.099999904632568,4.099999904632568,4.099999904632568,4.099999904632568,4.099999904632568,520.0
2024-03-01 14:55:00,CMPS,11.789999961853027,11.789999961853027,11.829999923706055,11.789199829101562,11.829999923706055,3481.0
2024-03-01 14:55:00,CMRX,1.2100000381469727,1.2100000381469727,1.2100000381469727,1.2062000036239624,1.2062000036239624,550.0
2024-03-01 14:55:00,CNTA,10.859999656677246,10.859999656677246,10.859999656677246,10.859999656677246,10.859999656677246,108.0
2024-03-01 14:55:00,CODX,1.1699999570846558,1.1699999570846558,1.1699999570846558,1.159999966621399,1.159999966621399,1443.0
2024-03-01 14:55:00,COGT,7.184999942779541,7.184999942779541,7.184999942779541,7.184999942779541,7.184999942779541,691.0
2024-03-01 14:55:00,CORT,24.235000610351562,24.235000610351562,24.235000610351562,24.229000091552734,24.229000091552734,2611.0
2024-03-01 14:55:00,CPRX,17.28499984741211,17.28499984741211,17.28499984741211,17.264999389648438,17.264999389648438,3901.0
2024-03-01 14:55:00,CRBU,7.869999885559082,7.869999885559082,7.869999885559082,7.849999904632568,7.860000133514404,2163.0
2024-03-01 14:55:00,CRDF,2.710900068283081,2.710900068283081,2.7699999809265137,2.690000057220459,2.6900999546051025,125539.0
2024-03-01 14:55:00,CRMD,3.680000066757202,3.680000066757202,3.680000066757202,3.680000066757202,3.680000066757202,1479.0
2024-03-01 14:55:00,CRNX,46.34000015258789,46.34000015258789,46.34000015258789,46.310001373291016,46.310001373291016,344.0
2024-03-01 14:55:00,CRON,2.0299999713897705,2.0299999713897705,2.0399999618530273,2.0299999713897705,2.0350000858306885,4544.0
2024-03-01 14:55:00,CRSP,85.0999984741211,85.0999984741211,85.1500015258789,85.0999984741211,85.1500015258789,1778.0
2024-03-01 14:55:00,CRVS,2.177500009536743,2.177500009536743,2.177500009536743,2.177500009536743,2.177500009536743,158.0
2024-03-01 14:55:00,CSTL,19.899999618530273,19.899999618530273,19.959999084472656,19.899999618530273,19.959999084472656,1798.0
2024-03-01 14:55:00,CTKB,9.0,9.0,9.015000343322754,9.0,9.015000343322754,6421.0
2024-03-01 14:55:00,CTMX,2.490000009536743,2.490000009536743,2.515000104904175,2.490000009536743,2.509999990463257,5160.0
2024-03-01 14:55:00,CUTR,2.384999990463257,2.384999990463257,2.390000104904175,2.384999990463257,2.390000104904175,5738.0
2024-03-01 14:55:00,CVAC,3.450000047683716,3.450000047683716,3.4600000381469727,3.450000047683716,3.4600000381469727,1302.0
2024-03-01 14:55:00,CYTH,1.632200002670288,1.632200002670288,1.632200002670288,1.632200002670288,1.632200002670288,275.0
2024-03-01 14:55:00,CYTK,73.9000015258789,73.9000015258789,73.9000015258789,73.80549621582031,73.80549621582031,1317.0
2024-03-01 14:55:00,DAWN,17.68000030517578,17.68000030517578,17.684999465942383,17.68000030517578,17.68000030517578,582.0
2024-03-01 14:55:00,DCGO,4.114999771118164,4.114999771118164,4.114999771118164,4.112500190734863,4.114999771118164,522.0
2024-03-01 14:55:00,DCPH,17.440000534057617,17.440000534057617,17.440000534057617,17.420000076293945,17.420000076293945,597.0
2024-03-01 14:55:00,DH,8.899999618530273,8.899999618530273,8.920000076293945,8.890000343322754,8.920000076293945,3343.0
2024-03-01 14:55:00,DMTK,0.8500000238418579,0.8500000238418579,0.8500000238418579,0.8495000004768372,0.8495000004768372,5889.0
2024-03-01 14:55:00,DNLI,21.1299991607666,21.1299991607666,21.15999984741211,21.1299991607666,21.153400421142578,1886.0
2024-03-01 14:55:00,DTIL,12.470000267028809,12.470000267028809,12.479999542236328,12.460100173950195,12.470000267028809,10086.0
2024-03-01 14:55:00,DVAX,12.805000305175781,12.805000305175781,12.805000305175781,12.795000076293945,12.800000190734863,4396.0
2024-03-01 14:55:00,DXCM,121.24500274658203,121.24500274658203,121.2750015258789,121.2249984741211,121.2249984741211,4996.0
2024-03-01 14:55:00,DYN,29.09000015258789,29.09000015258789,29.09000015258789,29.040000915527344,29.040000915527344,815.0
2024-03-01 14:55:00,EDIT,10.800000190734863,10.800000190734863,10.807900428771973,10.800000190734863,10.807900428771973,515.0
2024-03-01 14:55:00,EFTR,15.699999809265137,15.699999809265137,15.711600303649902,15.699999809265137,15.711600303649902,1700.0
2024-03-01 14:55:00,EIGR,7.289999961853027,7.289999961853027,7.289999961853027,7.289999961853027,7.289999961853027,200.0
2024-03-01 14:55:00,ELEV,5.130000114440918,5.130000114440918,5.139999866485596,5.119999885559082,5.119999885559082,1535.0
2024-03-01 14:55:00,ENSG,121.4000015258789,121.4000015258789,121.40499877929688,121.4000015258789,121.40499877929688,999.0
2024-03-01 14:55:00,ENTX,1.3724000453948975,1.3724000453948975,1.3724000453948975,1.3724000453948975,1.3724000453948975,6600.0
2024-03-01 14:55:00,ENVB,1.5,1.5,1.5299999713897705,1.5,1.524999976158142,15019.0
2024-03-01 14:55:00,EOLS,14.779999732971191,14.779999732971191,14.779999732971191,14.779999732971191,14.779999732971191,480.0
2024-03-01 14:55:00,EPIX,9.46500015258789,9.46500015258789,9.46500015258789,9.46500015258789,9.46500015258789,168.0
2024-03-01 14:55:00,ERAS,2.5,2.5,2.515000104904175,2.5,2.515000104904175,19603.0
2024-03-01 14:55:00,ESPR,2.5599000453948975,2.5599000453948975,2.559999942779541,2.549999952316284,2.555000066757202,2101.0
2024-03-01 14:55:00,ESTA,43.83000183105469,43.83000183105469,44.02000045776367,43.540000915527344,43.55500030517578,9061.0
2024-03-01 14:55:00,ETNB,12.819999694824219,12.819999694824219,12.819999694824219,12.779999732971191,12.779999732971191,4717.0
2024-03-01 14:55:00,ETON,4.46999979019165,4.46999979019165,4.46999979019165,4.46999979019165,4.46999979019165,322.0
2024-03-01 14:55:00,EVGN,0.9700000286102295,0.9700000286102295,0.9700000286102295,0.9699000120162964,0.9699000120162964,3051.0
2024-03-01 14:55:00,EWTX,17.010000228881836,17.010000228881836,17.020000457763672,17.010000228881836,17.020000457763672,421.0
2024-03-01 14:55:00,EXAI,6.650000095367432,6.650000095367432,6.650000095367432,6.650000095367432,6.650000095367432,120.0
2024-03-01 14:55:00,EXAS,59.959999084472656,59.959999084472656,60.0099983215332,59.959999084472656,59.96500015258789,5111.0
2024-03-01 14:55:00,EXEL,22.354999542236328,22.354999542236328,22.354999542236328,22.329999923706055,22.350000381469727,8628.0
2024-03-01 14:55:00,EYEN,2.369999885559082,2.369999885559082,2.369999885559082,2.369999885559082,2.369999885559082,1095.0
2024-03-01 14:55:00,FATE,7.75,7.75,7.755000114440918,7.75,7.755000114440918,1083.0
2024-03-01 14:55:00,FBIO,2.365000009536743,2.365000009536743,2.365000009536743,2.365000009536743,2.365000009536743,2000.0
2024-03-01 14:55:00,FDMT,29.3700008392334,29.3700008392334,29.3700008392334,29.3700008392334,29.3700008392334,289.0
2024-03-01 14:55:00,FEMY,1.7400000095367432,1.7400000095367432,1.7400000095367432,1.7374999523162842,1.7400000095367432,900.0
2024-03-01 14:55:00,FENC,9.8100004196167,9.8100004196167,9.8100004196167,9.8100004196167,9.8100004196167,262.0
2024-03-01 14:55:00,FGEN,1.850000023841858,1.850000023841858,1.850000023841858,1.8401999473571777,1.8401999473571777,1193.0
2024-03-01 14:55:00,FHTX,8.1899995803833,8.1899995803833,8.1899995803833,8.1899995803833,8.1899995803833,222.0
2024-03-01 14:55:00,FIXX,0.9247999787330627,0.9247999787330627,0.9247999787330627,0.9247999787330627,0.9247999787330627,301.0
2024-03-01 14:55:00,FLGT,23.09000015258789,23.09000015258789,23.09000015258789,23.09000015258789,23.09000015258789,265.0
2024-03-01 14:55:00,FOLD,13.300000190734863,13.300000190734863,13.3100004196167,13.300000190734863,13.301199913024902,4741.0
2024-03-01 14:55:00,FULC,10.979999542236328,10.979999542236328,10.979999542236328,10.979999542236328,10.979999542236328,282.0
2024-03-01 14:55:00,FUSN,12.140000343322754,12.140000343322754,12.140000343322754,12.140000343322754,12.140000343322754,218.0
2024-03-01 14:55:00,FWBI,9.0,9.0,9.0,9.0,9.0,142.0
2024-03-01 14:55:00,GCTK,0.3073129951953888,0.3073129951953888,0.3073129951953888,0.3073129951953888,0.3073129951953888,2100.0
2024-03-01 14:55:00,GDRX,8.46500015258789,8.46500015258789,8.470000267028809,8.460000038146973,8.460000038146973,2574.0
2024-03-01 14:55:00,GERN,2.25,2.25,2.25,2.244999885559082,2.244999885559082,1848.0
2024-03-01 14:55:00,GH,19.079999923706055,19.079999923706055,19.084999084472656,19.079999923706055,19.084999084472656,788.0
2024-03-01 14:55:00,GILD,72.5,72.5,72.51499938964844,72.48999786376953,72.51499938964844,8674.0
2024-03-01 14:55:00,GMAB,29.395000457763672,29.395000457763672,29.399999618530273,29.395000457763672,29.399999618530273,581.0
2024-03-01 14:55:00,GMDA,0.38370001316070557,0.38370001316070557,0.38370001316070557,0.38370001316070557,0.38370001316070557,800.0
2024-03-01 14:55:00,GOSS,1.4199999570846558,1.4199999570846558,1.4199999570846558,1.4160000085830688,1.4160000085830688,1211.0
2024-03-01 14:55:00,GRFS,7.005000114440918,7.005000114440918,7.009900093078613,7.005000114440918,7.009900093078613,1790.0
2024-03-01 14:55:00,GRTS,2.0850000381469727,2.0850000381469727,2.089200019836426,2.0801000595092773,2.0850000381469727,4016.0
2024-03-01 14:55:00,GTHX,3.7799999713897705,3.7799999713897705,3.7899999618530273,3.7797000408172607,3.7797000408172607,6248.0
2024-03-01 14:55:00,HALO,41.21500015258789,41.21500015258789,41.21500015258789,41.209999084472656,41.209999084472656,839.0
2024-03-01 14:55:00,HARP,22.950000762939453,22.950000762939453,22.950000762939453,22.950000762939453,22.950000762939453,100.0
2024-03-01 14:55:00,HCAT,8.170000076293945,8.170000076293945,8.170000076293945,8.164999961853027,8.164999961853027,3518.0
2024-03-01 14:55:00,HCM,15.149999618530273,15.149999618530273,15.149999618530273,15.149999618530273,15.149999618530273,857.0
2024-03-01 14:55:00,HCSG,12.864999771118164,12.864999771118164,12.864999771118164,12.84000015258789,12.84000015258789,4248.0
2024-03-01 14:55:00,HCTI,2.049999952316284,2.049999952316284,2.060499906539917,2.049999952316284,2.060499906539917,3345.0
2024-03-01 14:55:00,HOLX,74.36000061035156,74.36000061035156,74.36000061035156,74.36000061035156,74.36000061035156,1458.0
2024-03-01 14:55:00,HROW,10.920000076293945,10.920000076293945,10.920000076293945,10.920000076293945,10.920000076293945,904.0
2024-03-01 14:55:00,HRTX,2.6050000190734863,2.6050000190734863,2.6050000190734863,2.5999999046325684,2.5999999046325684,524.0
2024-03-01 14:55:00,HUMA,3.184999942779541,3.184999942779541,3.1898999214172363,3.1709001064300537,3.1758999824523926,26612.0
2024-03-01 14:55:00,IART,36.27000045776367,36.27000045776367,36.29999923706055,36.27000045776367,36.27000045776367,2895.0
2024-03-01 14:55:00,IBRX,4.840000152587891,4.840000152587891,4.840000152587891,4.829999923706055,4.829999923706055,1841.0
2024-03-01 14:55:00,ICLR,325.1449890136719,325.1449890136719,325.1449890136719,325.1449890136719,325.1449890136719,107.0
2024-03-01 14:55:00,ICUI,106.11499786376953,106.11499786376953,106.11499786376953,106.11499786376953,106.11499786376953,382.0
2024-03-01 14:55:00,IDYA,46.2400016784668,46.2400016784668,46.2400016784668,46.2400016784668,46.2400016784668,146.0
2024-03-01 14:55:00,IKNA,1.5,1.5,1.5,1.5,1.5,1500.0
2024-03-01 14:55:00,ILMN,141.22999572753906,141.22999572753906,141.40469360351562,141.22000122070312,141.38999938964844,3974.0
2024-03-01 14:55:00,IMAB,1.7999999523162842,1.7999999523162842,1.7999999523162842,1.7999999523162842,1.7999999523162842,184284.0
2024-03-01 14:55:00,IMMX,3.505000114440918,3.505000114440918,3.505000114440918,3.505000114440918,3.505000114440918,100.0
2024-03-01 14:55:00,IMNM,25.31999969482422,25.31999969482422,25.360000610351562,25.31999969482422,25.350000381469727,1033.0
2024-03-01 14:55:00,IMUX,1.4800000190734863,1.4800000190734863,1.4800000190734863,1.4800000190734863,1.4800000190734863,240.0
2024-03-01 14:55:00,IMVT,35.68000030517578,35.68000030517578,35.68000030517578,35.65999984741211,35.65999984741211,1510.0
2024-03-01 14:55:00,INCY,59.0099983215332,59.0099983215332,59.0099983215332,59.0,59.0,2495.0
2024-03-01 14:55:00,INMD,22.854999542236328,22.854999542236328,22.8700008392334,22.854999542236328,22.8700008392334,1775.0
2024-03-01 14:55:00,INO,9.600000381469727,9.600000381469727,9.600000381469727,9.600000381469727,9.600000381469727,1052.0
2024-03-01 14:55:00,INSM,28.030000686645508,28.030000686645508,28.03190040588379,28.020000457763672,28.030000686645508,2412.0
2024-03-01 14:55:00,INVA,15.529999732971191,15.529999732971191,15.529999732971191,15.524999618530273,15.524999618530273,711.0
2024-03-01 14:55:00,INVO,1.190000057220459,1.190000057220459,1.190000057220459,1.190000057220459,1.190000057220459,24101.0
2024-03-01 14:55:00,IONS,45.8650016784668,45.8650016784668,45.8650016784668,45.83000183105469,45.86000061035156,1834.0
2024-03-01 14:55:00,IOVA,16.985000610351562,16.985000610351562,17.0,16.975000381469727,16.985000610351562,16637.0
2024-03-01 14:55:00,IRTC,120.91999816894531,120.91999816894531,120.91999816894531,120.91999816894531,120.91999816894531,331.0
2024-03-01 14:55:00,IRWD,8.944999694824219,8.944999694824219,8.960000038146973,8.9399995803833,8.960000038146973,58418.0
2024-03-01 14:55:00,ISRG,397.0498962402344,397.0498962402344,397.0498962402344,396.8900146484375,396.8900146484375,1446.0
2024-03-01 14:55:00,ITCI,71.94499969482422,71.94499969482422,71.94499969482422,71.93000030517578,71.93000030517578,668.0
2024-03-01 14:55:00,JAGX,0.08569999784231186,0.08569999784231186,0.0868000015616417,0.08550000190734863,0.0868000015616417,457603.0
2024-03-01 14:55:00,JANX,46.04999923706055,46.04999923706055,46.04999923706055,46.029998779296875,46.029998779296875,551.0
2024-03-01 14:55:00,JAZZ,119.06999969482422,119.06999969482422,119.06999969482422,119.06500244140625,119.06500244140625,943.0
2024-03-01 14:55:00,KALA,7.382999897003174,7.382999897003174,7.382999897003174,7.382999897003174,7.382999897003174,24749.0
2024-03-01 14:55:00,KALV,14.170000076293945,14.170000076293945,14.170000076293945,14.170000076293945,14.170000076293945,107.0
2024-03-01 14:55:00,KIDS,27.704999923706055,27.704999923706055,27.709999084472656,27.68000030517578,27.684999465942383,1181.0
2024-03-01 14:55:00,KNSA,21.8799991607666,21.8799991607666,21.8799991607666,21.8799991607666,21.8799991607666,234.0
2024-03-01 14:55:00,KNTE,2.619999885559082,2.619999885559082,2.619999885559082,2.619999885559082,2.619999885559082,486.0
2024-03-01 14:55:00,KOD,6.034999847412109,6.034999847412109,6.050000190734863,6.034999847412109,6.050000190734863,1766.0
2024-03-01 14:55:00,KPTI,1.1799999475479126,1.1799999475479126,1.190000057220459,1.1799999475479126,1.184999942779541,1800.0
2024-03-01 14:55:00,KRMD,2.1600000858306885,2.1600000858306885,2.1600000858306885,2.130000114440918,2.1600000858306885,1500.0
2024-03-01 14:55:00,KRON,1.0399999618530273,1.0399999618530273,1.0499999523162842,1.0399999618530273,1.0499999523162842,900.0
2024-03-01 14:55:00,KRTX,315.8900146484375,315.8900146484375,315.8900146484375,315.8900146484375,315.8900146484375,743.0
2024-03-01 14:55:00,KRYS,169.0800018310547,169.0800018310547,169.11000061035156,169.0800018310547,169.11000061035156,339.0
2024-03-01 14:55:00,KURA,21.875,21.875,21.8799991607666,21.860000610351562,21.860000610351562,3550.0
2024-03-01 14:55:00,KYMR,43.81999969482422,43.81999969482422,43.81999969482422,43.81999969482422,43.81999969482422,325.0
2024-03-01 14:55:00,KZIA,0.25200000405311584,0.25200000405311584,0.2529999911785126,0.25200000405311584,0.2529999911785126,744.0
2024-03-01 14:55:00,KZR,1.059999942779541,1.059999942779541,1.0700000524520874,1.059999942779541,1.065000057220459,4803.0
2024-03-01 14:55:00,LAB,2.450000047683716,2.450000047683716,2.4700000286102295,2.450000047683716,2.4700000286102295,11756.0
2024-03-01 14:55:00,LBPH,21.56999969482422,21.56999969482422,21.59000015258789,21.559999465942383,21.565000534057617,508.0
2024-03-01 14:55:00,LEGN,65.59500122070312,65.59500122070312,65.59500122070312,65.59500122070312,65.59500122070312,168.0
2024-03-01 14:55:00,LEXX,2.809999942779541,2.809999942779541,2.819999933242798,2.809999942779541,2.809999942779541,1564.0
2024-03-01 14:55:00,LFMD,8.0,8.0,8.010000228881836,8.0,8.010000228881836,1735.0
2024-03-01 14:55:00,LFST,7.724999904632568,7.724999904632568,7.730000019073486,7.724999904632568,7.730000019073486,2526.0
2024-03-01 14:55:00,LGND,77.93000030517578,77.93000030517578,78.01000213623047,77.93000030517578,78.0,1374.0
2024-03-01 14:55:00,LMAT,67.98500061035156,67.98500061035156,68.0,67.98500061035156,67.98999786376953,439.0
2024-03-01 14:55:00,LNTH,64.5999984741211,64.5999984741211,64.62999725341797,64.55999755859375,64.59500122070312,2047.0
2024-03-01 14:55:00,LPTX,2.880000114440918,2.880000114440918,2.880000114440918,2.880000114440918,2.880000114440918,100.0
2024-03-01 14:55:00,LQDA,14.609999656677246,14.609999656677246,14.609999656677246,14.609999656677246,14.609999656677246,531.0
2024-03-01 14:55:00,LTRN,4.179999828338623,4.179999828338623,4.219900131225586,4.179999828338623,4.219900131225586,1009.0
2024-03-01 14:55:00,LUCY,0.38499999046325684,0.38499999046325684,0.38499999046325684,0.38499999046325684,0.38499999046325684,8261.0
2024-03-01 14:55:00,LUNG,9.479999542236328,9.479999542236328,9.479999542236328,9.475000381469727,9.475000381469727,449.0
2024-03-01 14:55:00,LVTX,2.75,2.75,2.75,2.75,2.75,1749.0
2024-03-01 14:55:00,LXRX,2.490000009536743,2.490000009536743,2.490000009536743,2.4800000190734863,2.4800000190734863,3547.0
2024-03-01 14:55:00,LYEL,3.1524999141693115,3.1524999141693115,3.1549999713897705,3.1524999141693115,3.1549999713897705,336.0
2024-03-01 14:55:00,LYRA,5.664999961853027,5.664999961853027,5.679999828338623,5.659999847412109,5.659999847412109,880.0
2024-03-01 14:55:00,MCRB,1.2200000286102295,1.2200000286102295,1.2300000190734863,1.2200000286102295,1.225000023841858,2313.0
2024-03-01 14:55:00,MDGL,250.57000732421875,250.57000732421875,250.75,250.57000732421875,250.75,623.0
2024-03-01 14:55:00,MDRX,6.070000171661377,6.070000171661377,6.099999904632568,6.019999980926514,6.098899841308594,107342.0
2024-03-01 14:55:00,MDXG,8.664999961853027,8.664999961853027,8.670000076293945,8.65999984741211,8.670000076293945,1653.0
2024-03-01 14:55:00,ME,0.555400013923645,0.555400013923645,0.555400013923645,0.5532000064849854,0.5533999800682068,13528.0
2024-03-01 14:55:00,MEDP,403.6700134277344,403.6700134277344,403.6700134277344,403.6700134277344,403.6700134277344,172.0
2024-03-01 14:55:00,MGNX,18.93000030517578,18.93000030517578,18.93000030517578,18.899999618530273,18.924999237060547,5392.0
2024-03-01 14:55:00,MIRM,29.350000381469727,29.350000381469727,29.350000381469727,29.31999969482422,29.350000381469727,1148.0
2024-03-01 14:55:00,MIST,1.6950000524520874,1.6950000524520874,1.6950000524520874,1.6950000524520874,1.6950000524520874,544.0
2024-03-01 14:55:00,MLTX,50.814998626708984,50.814998626708984,50.814998626708984,50.814998626708984,50.814998626708984,1016.0
2024-03-01 14:55:00,MNKD,4.53000020980835,4.53000020980835,4.53000020980835,4.525000095367432,4.525000095367432,3981.0
2024-03-01 14:55:00,MNMD,6.230000019073486,6.230000019073486,6.25,6.229899883270264,6.25,10455.0
2024-03-01 14:55:00,MNPR,0.88919997215271,0.88919997215271,0.890250027179718,0.88919997215271,0.889286994934082,7286.0
2024-03-01 14:55:00,MODD,1.8700000047683716,1.8700000047683716,1.8700000047683716,1.8700000047683716,1.8700000047683716,299.0
2024-03-01 14:55:00,MORF,39.474998474121094,39.474998474121094,39.474998474121094,39.474998474121094,39.474998474121094,1068.0
2024-03-01 14:55:00,MREO,3.990000009536743,3.990000009536743,4.0,3.986299991607666,4.0,28135.0
2024-03-01 14:55:00,MRKR,3.7262001037597656,3.7262001037597656,3.7262001037597656,3.7262001037597656,3.7262001037597656,501.0
2024-03-01 14:55:00,MRNA,95.44000244140625,95.44000244140625,95.55000305175781,95.43499755859375,95.55000305175781,7262.0
2024-03-01 14:55:00,MRSN,5.980000019073486,5.980000019073486,5.985000133514404,5.920000076293945,5.925000190734863,12523.0
2024-03-01 14:55:00,MRUS,51.16999816894531,51.16999816894531,51.18000030517578,51.150001525878906,51.150001525878906,3204.0
2024-03-01 14:55:00,MRVI,7.710000038146973,7.710000038146973,7.724999904632568,7.710000038146973,7.724999904632568,2610.0
2024-03-01 14:55:00,MYGN,22.165000915527344,22.165000915527344,22.165000915527344,22.165000915527344,22.165000915527344,496.0
2024-03-01 14:55:00,MYNZ,0.8619999885559082,0.8619999885559082,0.8629000186920166,0.8619999885559082,0.8629000186920166,113008.0
2024-03-01 14:55:00,NARI,46.10499954223633,46.10499954223633,46.10499954223633,46.10499954223633,46.10499954223633,112.0
2024-03-01 14:55:00,NAUT,2.6500000953674316,2.6500000953674316,2.6649999618530273,2.640000104904175,2.640000104904175,511.0
2024-03-01 14:55:00,NBIX,131.7899932861328,131.7899932861328,131.7899932861328,131.77999877929688,131.77999877929688,947.0
2024-03-01 14:55:00,NDRA,1.1399999856948853,1.1399999856948853,1.149999976158142,1.1399999856948853,1.149999976158142,2987.0
2024-03-01 14:55:00,NEO,16.11319923400879,16.11319923400879,16.11319923400879,16.11319923400879,16.11319923400879,510.0
2024-03-01 14:55:00,NEOG,17.350000381469727,17.350000381469727,17.350000381469727,17.350000381469727,17.350000381469727,548.0
2024-03-01 14:55:00,NERV,2.6500000953674316,2.6500000953674316,2.6600000858306885,2.6500000953674316,2.6600000858306885,607.0
2024-03-01 14:55:00,NGM,1.5199999809265137,1.5199999809265137,1.5199999809265137,1.5199999809265137,1.5199999809265137,3552.0
2024-03-01 14:55:00,NKTX,12.59000015258789,12.59000015258789,12.59000015258789,12.49940013885498,12.49940013885498,6871.0
2024-03-01 14:55:00,NNOX,10.739999771118164,10.739999771118164,10.774999618530273,10.739999771118164,10.774999618530273,6902.0
2024-03-01 14:55:00,NOTV,8.029999732971191,8.029999732971191,8.029999732971191,8.029999732971191,8.029999732971191,100.0
2024-03-01 14:55:00,NRIX,13.59000015258789,13.59000015258789,13.59000015258789,13.579999923706055,13.59000015258789,686.0
2024-03-01 14:55:00,NRXP,0.43301600217819214,0.43301600217819214,0.4375,0.4309999942779541,0.4375,1819.0
2024-03-01 14:55:00,NTLA,33.369998931884766,33.369998931884766,33.380001068115234,33.369998931884766,33.369998931884766,1756.0
2024-03-01 14:55:00,NTRA,89.05000305175781,89.05000305175781,89.05000305175781,89.02999877929688,89.04000091552734,1405.0
2024-03-01 14:55:00,NUTX,0.1137000024318695,0.1137000024318695,0.1137000024318695,0.1137000024318695,0.1137000024318695,316.0
2024-03-01 14:55:00,NUVL,87.61499786376953,87.61499786376953,87.61499786376953,87.61499786376953,87.61499786376953,897.0
2024-03-01 14:55:00,NVAX,5.3119001388549805,5.3119001388549805,5.329999923706055,5.309999942779541,5.329999923706055,11765.0
2024-03-01 14:55:00,NVCR,16.040000915527344,16.040000915527344,16.040000915527344,16.030000686645508,16.030000686645508,2519.0
2024-03-01 14:55:00,NXTC,1.7999999523162842,1.7999999523162842,1.7999999523162842,1.7999999523162842,1.7999999523162842,200.0
2024-03-01 14:55:00,OCGN,0.9610000252723694,0.9610000252723694,0.9610000252723694,0.9599999785423279,0.9599999785423279,1819.0
2024-03-01 14:55:00,OCUL,10.664999961853027,10.664999961853027,10.664999961853027,10.657899856567383,10.657899856567383,1598.0
2024-03-01 14:55:00,OGI,2.184999942779541,2.184999942779541,2.184999942779541,2.180000066757202,2.180000066757202,12663.0
2024-03-01 14:55:00,OLK,22.979999542236328,22.979999542236328,23.014999389648438,22.979999542236328,23.014999389648438,5169.0
2024-03-01 14:55:00,OLMA,14.864999771118164,14.864999771118164,14.86989974975586,14.84000015258789,14.86989974975586,1938.0
2024-03-01 14:55:00,OM,3.174999952316284,3.174999952316284,3.174999952316284,3.174999952316284,3.174999952316284,998.0
2024-03-01 14:55:00,OMCL,26.510000228881836,26.510000228881836,26.510000228881836,26.510000228881836,26.510000228881836,337.0
2024-03-01 14:55:00,OMER,4.789999961853027,4.789999961853027,4.800000190734863,4.789999961853027,4.800000190734863,3091.0
2024-03-01 14:55:00,OMIC,0.6060000061988831,0.6060000061988831,0.6060000061988831,0.6060000061988831,0.6060000061988831,100.0
2024-03-01 14:55:00,ONTX,0.8116999864578247,0.8116999864578247,0.8119000196456909,0.8116999864578247,0.8119000196456909,8060.0
2024-03-01 14:56:00,AADI,1.9700000286102295,1.9700000286102295,1.9700000286102295,1.9700000286102295,1.9700000286102295,200.0
2024-03-01 14:56:00,ABCL,5.09499979019165,5.09499979019165,5.09499979019165,5.0920000076293945,5.0920000076293945,248.0
2024-03-01 14:56:00,ABEO,7.780200004577637,7.780200004577637,7.800000190734863,7.75,7.789999961853027,1148.0
2024-03-01 14:56:00,ABSI,5.519999980926514,5.519999980926514,5.53000020980835,5.519999980926514,5.53000020980835,1088.0
2024-03-01 14:56:00,ABUS,2.759999990463257,2.759999990463257,2.759999990463257,2.755000114440918,2.759999990463257,10013.0
2024-03-01 14:56:00,ACAD,24.135000228881836,24.135000228881836,24.135700225830078,24.114999771118164,24.114999771118164,2030.0
2024-03-01 14:56:00,ACB,3.184999942779541,3.184999942779541,3.190000057220459,3.184999942779541,3.1898999214172363,1574.0
2024-03-01 14:56:00,ACCD,10.055000305175781,10.055000305175781,10.055000305175781,10.055000305175781,10.055000305175781,229.0
2024-03-01 14:56:00,ACET,2.390000104904175,2.390000104904175,2.3949999809265137,2.390000104904175,2.390000104904175,605.0
2024-03-01 14:56:00,ACHC,84.2300033569336,84.2300033569336,84.2300033569336,84.22000122070312,84.2300033569336,959.0
2024-03-01 14:56:00,ACHL,1.3601000308990479,1.3601000308990479,1.3601000308990479,1.3601000308990479,1.3601000308990479,188.0
2024-03-01 14:56:00,ACHV,4.360000133514404,4.360000133514404,4.360000133514404,4.349999904632568,4.349999904632568,1200.0
2024-03-01 14:56:00,ACLX,68.01000213623047,68.01000213623047,68.01000213623047,67.91000366210938,67.91000366210938,1924.0
2024-03-01 14:56:00,ACRS,1.225000023841858,1.225000023841858,1.225000023841858,1.225000023841858,1.225000023841858,1409.0
2024-03-01 14:56:00,ADIL,2.7899999618530273,2.7899999618530273,2.819999933242798,2.7200000286102295,2.7699999809265137,86876.0
2024-03-01 14:56:00,ADMA,5.545000076293945,5.545000076293945,5.545000076293945,5.545000076293945,5.545000076293945,1839.0
2024-03-01 14:56:00,ADPT,4.054999828338623,4.054999828338623,4.059999942779541,4.054999828338623,4.059999942779541,4523.0
2024-03-01 14:56:00,ADVM,1.9700000286102295,1.9700000286102295,1.975000023841858,1.9700000286102295,1.975000023841858,568.0
2024-03-01 14:56:00,AFMD,0.673799991607666,0.673799991607666,0.673799991607666,0.673799991607666,0.673799991607666,8000.0
2024-03-01 14:56:00,AGEN,0.670074999332428,0.670074999332428,0.670074999332428,0.6700000166893005,0.670074999332428,1970.0
2024-03-01 14:56:00,AGIO,32.369998931884766,32.369998931884766,32.380001068115234,32.36000061035156,32.36000061035156,1541.0
2024-03-01 14:56:00,AHCO,10.479999542236328,10.479999542236328,10.489999771118164,10.479999542236328,10.484999656677246,2989.0
2024-03-01 14:56:00,AIH,0.5220000147819519,0.5220000147819519,0.5220000147819519,0.5220000147819519,0.5220000147819519,44557.0
2024-03-01 14:56:00,AKAN,0.2151000052690506,0.2151000052690506,0.2151000052690506,0.2151000052690506,0.2151000052690506,1051.0
2024-03-01 14:56:00,AKBA,1.6899000406265259,1.6899000406265259,1.690000057220459,1.6899000406265259,1.690000057220459,2200.0
2024-03-01 14:56:00,AKRO,28.809999465942383,28.809999465942383,28.850000381469727,28.649999618530273,28.670000076293945,7905.0
2024-03-01 14:56:00,ALDX,4.25,4.25,4.25,4.230000019073486,4.230000019073486,4744.0
2024-03-01 14:56:00,ALEC,7.460000038146973,7.460000038146973,7.460000038146973,7.454999923706055,7.460000038146973,2421.0
2024-03-01 14:56:00,ALGN,302.1900939941406,302.1900939941406,302.3299865722656,302.1900939941406,302.3299865722656,1191.0
2024-03-01 14:56:00,ALHC,5.599999904632568,5.599999904632568,5.619999885559082,5.599999904632568,5.619999885559082,4829.0
2024-03-01 14:56:00,ALKS,30.09000015258789,30.09000015258789,30.09000015258789,30.09000015258789,30.09000015258789,1327.0
2024-03-01 14:56:00,ALLK,1.659999966621399,1.659999966621399,1.6711000204086304,1.659999966621399,1.6711000204086304,3850.0
2024-03-01 14:56:00,ALLO,5.010000228881836,5.010000228881836,5.010000228881836,5.0,5.0,1622.0
2024-03-01 14:56:00,ALPN,35.849998474121094,35.849998474121094,35.86000061035156,35.810001373291016,35.81999969482422,3182.0
2024-03-01 14:56:00,ALT,12.0600004196167,12.0600004196167,12.06760025024414,12.050000190734863,12.06760025024414,4442.0
2024-03-01 14:56:00,ALVR,0.7425000071525574,0.7425000071525574,0.7425000071525574,0.7412999868392944,0.7412999868392944,1015.0
2024-03-01 14:56:00,ALXO,15.029999732971191,15.029999732971191,15.050000190734863,15.029999732971191,15.039999961853027,949.0
2024-03-01 14:56:00,AMGN,280.75,280.75,280.8175964355469,280.75,280.7799987792969,1777.0
2024-03-01 14:56:00,AMLX,18.790000915527344,18.790000915527344,18.790000915527344,18.78499984741211,18.790000915527344,1266.0
2024-03-01 14:56:00,AMPH,45.630001068115234,45.630001068115234,45.630001068115234,45.630001068115234,45.630001068115234,1069.0
2024-03-01 14:56:00,AMRN,1.0549999475479126,1.0549999475479126,1.0549999475479126,1.051300048828125,1.0549999475479126,3913.0
2024-03-01 14:56:00,ANAB,25.399999618530273,25.399999618530273,25.399999618530273,25.399999618530273,25.399999618530273,207.0
2024-03-01 14:56:00,ANGO,5.489999771118164,5.489999771118164,5.489999771118164,5.489999771118164,5.489999771118164,124.0
2024-03-01 14:56:00,ANIX,3.490000009536743,3.490000009536743,3.490000009536743,3.490000009536743,3.490000009536743,3590.0
2024-03-01 14:56:00,ANTX,3.0199999809265137,3.0199999809265137,3.0199999809265137,3.0199999809265137,3.0199999809265137,165.0
2024-03-01 14:56:00,APLS,64.16500091552734,64.16500091552734,64.16500091552734,64.12000274658203,64.12000274658203,1851.0
2024-03-01 14:56:00,APLT,7.039999961853027,7.039999961853027,7.039999961853027,7.019999980926514,7.019999980926514,2715.0
2024-03-01 14:56:00,AQST,4.099999904632568,4.099999904632568,4.099999904632568,4.099999904632568,4.099999904632568,137.0
2024-03-01 14:56:00,ARCT,39.88999938964844,39.88999938964844,39.88999938964844,39.779998779296875,39.779998779296875,653.0
2024-03-01 14:56:00,ARDX,9.475000381469727,9.475000381469727,9.475000381469727,9.475000381469727,9.475000381469727,658.0
2024-03-01 14:56:00,ARQT,11.489999771118164,11.489999771118164,11.489999771118164,11.460000038146973,11.470000267028809,5503.0
2024-03-01 14:56:00,ARVN,48.18000030517578,48.18000030517578,48.18000030517578,48.18000030517578,48.18000030517578,1286.0
2024-03-01 14:56:00,ARWR,35.53499984741211,35.53499984741211,35.584999084472656,35.529998779296875,35.540000915527344,1676.0
2024-03-01 14:56:00,ASND,153.47000122070312,153.47000122070312,153.47000122070312,153.2899932861328,153.2899932861328,350.0
2024-03-01 14:56:00,ASRT,0.8924999833106995,0.8924999833106995,0.8924999833106995,0.8924999833106995,0.8924999833106995,200.0
2024-03-01 14:56:00,ATAI,2.159899950027466,2.159899950027466,2.159899950027466,2.1500000953674316,2.1500000953674316,2132.0
2024-03-01 14:56:00,ATEC,13.430000305175781,13.430000305175781,13.4399995803833,13.430000305175781,13.4399995803833,3544.0
2024-03-01 14:56:00,ATRA,0.7904999852180481,0.7904999852180481,0.7929999828338623,0.7901099920272827,0.7929999828338623,10800.0
2024-03-01 14:56:00,ATRC,36.119998931884766,36.119998931884766,36.119998931884766,36.119998931884766,36.119998931884766,477.0
2024-03-01 14:56:00,ATXS,14.930000305175781,14.930000305175781,14.930000305175781,14.930000305175781,14.930000305175781,164.0
2024-03-01 14:56:00,AUGX,4.570000171661377,4.570000171661377,4.570000171661377,4.550000190734863,4.550000190734863,200.0
2024-03-01 14:56:00,AUPH,5.804999828338623,5.804999828338623,5.804999828338623,5.800000190734863,5.800000190734863,264.0
2024-03-01 14:56:00,AUTL,6.284999847412109,6.284999847412109,6.284999847412109,6.284999847412109,6.284999847412109,656.0
2024-03-01 14:56:00,AVDL,13.305000305175781,13.305000305175781,13.3149995803833,13.300000190734863,13.305000305175781,7806.0
2024-03-01 14:56:00,AXGN,10.529999732971191,10.529999732971191,10.539999961853027,10.529999732971191,10.539999961853027,221.0
2024-03-01 14:56:00,AXNX,67.66000366210938,67.66000366210938,67.66000366210938,67.66000366210938,67.66000366210938,158.0
2024-03-01 14:56:00,AZN,64.66500091552734,64.66500091552734,64.66999816894531,64.66000366210938,64.66500091552734,5817.0
2024-03-01 14:56:00,AZTA,66.98500061035156,66.98500061035156,66.98999786376953,66.97000122070312,66.97000122070312,1763.0
2024-03-01 14:56:00,BBIO,35.880001068115234,35.880001068115234,35.880001068115234,35.849998474121094,35.849998474121094,1096.0
2024-03-01 14:56:00,BCAB,2.819999933242798,2.819999933242798,2.819999933242798,2.815000057220459,2.815000057220459,442.0
2024-03-01 14:56:00,BCDA,0.5764999985694885,0.5764999985694885,0.5789999961853027,0.5753999948501587,0.5789999961853027,12244.0
2024-03-01 14:56:00,BCRX,5.690100193023682,5.690100193023682,5.695000171661377,5.690100193023682,5.695000171661377,1924.0
2024-03-01 14:56:00,BCYC,25.860000610351562,25.860000610351562,25.860000610351562,25.860000610351562,25.860000610351562,217.0
2024-03-01 14:56:00,BDTX,4.715000152587891,4.715000152587891,4.730000019073486,4.715000152587891,4.730000019073486,541.0
2024-03-01 14:56:00,BEAM,39.88999938964844,39.88999938964844,39.88999938964844,39.880001068115234,39.88999938964844,827.0
2024-03-01 14:56:00,BIIB,221.6699981689453,221.6699981689453,221.6699981689453,221.55999755859375,221.6699981689453,465.0
2024-03-01 14:56:00,BIVI,2.0299999713897705,2.0299999713897705,2.039900064468384,2.0199999809265137,2.0299999713897705,17190.0
2024-03-01 14:56:00,BLFS,18.059999465942383,18.059999465942383,18.059999465942383,17.989999771118164,17.989999771118164,2410.0
2024-03-01 14:56:00,BLUE,1.5746999979019165,1.5746999979019165,1.5750000476837158,1.5700000524520874,1.5700000524520874,12033.0
2024-03-01 14:56:00,BMEA,18.170000076293945,18.170000076293945,18.170000076293945,18.149999618530273,18.149999618530273,2080.0
2024-03-01 14:56:00,BMRN,87.94499969482422,87.94499969482422,87.95999908447266,87.93499755859375,87.94000244140625,1289.0
2024-03-01 14:56:00,BNGO,1.2649999856948853,1.2649999856948853,1.2649999856948853,1.2649999856948853,1.2649999856948853,290.0
2024-03-01 14:56:00,BNR,0.8206999897956848,0.8206999897956848,0.8206999897956848,0.8206999897956848,0.8206999897956848,101.0
2024-03-01 14:56:00,BPMC,96.41500091552734,96.41500091552734,96.4175033569336,96.41000366210938,96.41000366210938,1258.0
2024-03-01 14:56:00,BRKR,88.81999969482422,88.81999969482422,88.81999969482422,88.72000122070312,88.72000122070312,8349.0
2024-03-01 14:56:00,BYSI,1.4900000095367432,1.4900000095367432,1.4910999536514282,1.4900000095367432,1.4910999536514282,902.0
2024-03-01 14:56:00,CABA,23.950000762939453,23.950000762939453,23.950000762939453,23.950000762939453,23.950000762939453,585.0
2024-03-01 14:56:00,CADL,1.7100000381469727,1.7100000381469727,1.7100000381469727,1.7100000381469727,1.7100000381469727,129.0
2024-03-01 14:56:00,CARA,0.9502000212669373,0.9502000212669373,0.9598000049591064,0.9502000212669373,0.9598000049591064,3691.0
2024-03-01 14:56:00,CBAY,32.22999954223633,32.22999954223633,32.22999954223633,32.224998474121094,32.22999954223633,1806.0
2024-03-01 14:56:00,CCCC,11.045000076293945,11.045000076293945,11.050000190734863,11.015000343322754,11.018899917602539,5819.0
2024-03-01 14:56:00,CCRN,18.31999969482422,18.31999969482422,18.31999969482422,18.309999465942383,18.31999969482422,1877.0
2024-03-01 14:56:00,CDNA,12.395000457763672,12.395000457763672,12.395000457763672,12.34000015258789,12.34000015258789,2793.0
2024-03-01 14:56:00,CDXS,4.599999904632568,4.599999904632568,4.605000019073486,4.599999904632568,4.599999904632568,2798.0
2024-03-01 14:56:00,CELC,17.06999969482422,17.06999969482422,17.06999969482422,17.014999389648438,17.06999969482422,2001.0
2024-03-01 14:56:00,CERE,41.09000015258789,41.09000015258789,41.09000015258789,41.08000183105469,41.08000183105469,1321.0
2024-03-01 14:56:00,CERS,2.184000015258789,2.184000015258789,2.184000015258789,2.184000015258789,2.184000015258789,417.0
2024-03-01 14:56:00,CERT,18.274999618530273,18.274999618530273,18.290000915527344,18.270000457763672,18.280000686645508,1157.0
2024-03-01 14:56:00,CGC,3.2100000381469727,3.2100000381469727,3.2100000381469727,3.2100000381469727,3.2100000381469727,100.0
2024-03-01 14:56:00,CGEM,18.780000686645508,18.780000686645508,18.809999465942383,18.780000686645508,18.799999237060547,6072.0
2024-03-01 14:56:00,CGEN,2.674999952316284,2.674999952316284,2.674999952316284,2.674999952316284,2.674999952316284,199.0
2024-03-01 14:56:00,CGTX,2.0199999809265137,2.0199999809265137,2.0299999713897705,2.0199999809265137,2.0299999713897705,4679.0
2024-03-01 14:56:00,CHRS,2.424999952316284,2.424999952316284,2.424999952316284,2.4200000762939453,2.4200000762939453,13643.0
2024-03-01 14:56:00,CKPT,2.190000057220459,2.190000057220459,2.190000057220459,2.190000057220459,2.190000057220459,134.0
2024-03-01 14:56:00,CLDX,52.540000915527344,52.540000915527344,52.540000915527344,52.4900016784668,52.4900016784668,1439.0
2024-03-01 14:56:00,CLOV,0.8650000095367432,0.8650000095367432,0.8651000261306763,0.8650000095367432,0.8650000095367432,7417.0
2024-03-01 14:56:00,CLPT,6.565000057220459,6.565000057220459,6.565000057220459,6.565000057220459,6.565000057220459,123.0
2024-03-01 14:56:00,CLRB,4.110000133514404,4.110000133514404,4.110000133514404,4.099999904632568,4.099999904632568,4211.0
2024-03-01 14:56:00,CMAX,7.710000038146973,7.710000038146973,7.710000038146973,7.710000038146973,7.710000038146973,665.0
2024-03-01 14:56:00,CMPS,11.739999771118164,11.739999771118164,11.789999961853027,11.739999771118164,11.789999961853027,1184.0
2024-03-01 14:56:00,COGT,7.199999809265137,7.199999809265137,7.199999809265137,7.190000057220459,7.190000057220459,1399.0
2024-03-01 14:56:00,CORT,24.309999465942383,24.309999465942383,24.309999465942383,24.239900588989258,24.239900588989258,3492.0
2024-03-01 14:56:00,CPRX,17.25,17.25,17.28499984741211,17.25,17.28499984741211,8563.0
2024-03-01 14:56:00,CRBU,7.875,7.875,7.875,7.864999771118164,7.864999771118164,898.0
2024-03-01 14:56:00,CRDF,2.719899892807007,2.719899892807007,2.7200000286102295,2.6600000858306885,2.7188000679016113,100676.0
2024-03-01 14:56:00,CRMD,3.6700000762939453,3.6700000762939453,3.680000066757202,3.6700000762939453,3.680000066757202,2207.0
2024-03-01 14:56:00,CRNX,46.369998931884766,46.369998931884766,46.41999816894531,46.34000015258789,46.34000015258789,1084.0
2024-03-01 14:56:00,CRON,2.0350000858306885,2.0350000858306885,2.0350000858306885,2.0350000858306885,2.0350000858306885,360.0
2024-03-01 14:56:00,CRSP,85.12000274658203,85.12000274658203,85.12000274658203,85.07879638671875,85.07879638671875,3597.0
2024-03-01 14:56:00,CTKB,9.010000228881836,9.010000228881836,9.010000228881836,9.005000114440918,9.010000228881836,659.0
2024-03-01 14:56:00,CTMX,2.505000114440918,2.505000114440918,2.509999990463257,2.490000009536743,2.490000009536743,5346.0
2024-03-01 14:56:00,CTXR,0.7702999711036682,0.7702999711036682,0.7702999711036682,0.7702999711036682,0.7702999711036682,210.0
2024-03-01 14:56:00,CUE,2.174999952316284,2.174999952316284,2.174999952316284,2.174999952316284,2.174999952316284,104.0
2024-03-01 14:56:00,CUTR,2.384999990463257,2.384999990463257,2.390000104904175,2.384999990463257,2.384999990463257,900.0
2024-03-01 14:56:00,CVAC,3.450000047683716,3.450000047683716,3.450000047683716,3.450000047683716,3.450000047683716,308.0
2024-03-01 14:56:00,CYTK,73.88999938964844,73.88999938964844,73.9000015258789,73.88999938964844,73.88999938964844,808.0
2024-03-01 14:56:00,DAWN,17.709999084472656,17.709999084472656,17.719999313354492,17.68000030517578,17.68000030517578,3418.0
2024-03-01 14:56:00,DBVT,0.8274999856948853,0.8274999856948853,0.8274999856948853,0.8274999856948853,0.8274999856948853,29184.0
2024-03-01 14:56:00,DCGO,4.114999771118164,4.114999771118164,4.114999771118164,4.112500190734863,4.114999771118164,2353.0
2024-03-01 14:56:00,DCPH,17.5,17.5,17.5,17.459999084472656,17.459999084472656,2351.0
2024-03-01 14:56:00,DH,8.899999618530273,8.899999618530273,8.899999618530273,8.890000343322754,8.890000343322754,504.0
2024-03-01 14:56:00,DMTK,0.8490999937057495,0.8490999937057495,0.8490999937057495,0.8489999771118164,0.8489999771118164,5257.0
2024-03-01 14:56:00,DNLI,21.155000686645508,21.155000686645508,21.155000686645508,21.149999618530273,21.149999618530273,600.0
2024-03-01 14:56:00,DTIL,12.470000267028809,12.470000267028809,12.479999542236328,12.460000038146973,12.46500015258789,32825.0
2024-03-01 14:56:00,DVAX,12.8100004196167,12.8100004196167,12.8100004196167,12.800000190734863,12.800000190734863,5951.0
2024-03-01 14:56:00,DXCM,121.25,121.25,121.25749969482422,121.19999694824219,121.22000122070312,4806.0
2024-03-01 14:56:00,DYN,29.040000915527344,29.040000915527344,29.040000915527344,29.040000915527344,29.040000915527344,237.0
2024-03-01 14:56:00,EDIT,10.835000038146973,10.835000038146973,10.835000038146973,10.805000305175781,10.8100004196167,5079.0
2024-03-01 14:56:00,EFTR,15.774999618530273,15.774999618530273,15.774999618530273,15.699999809265137,15.699999809265137,1600.0
2024-03-01 14:56:00,ELEV,5.099999904632568,5.099999904632568,5.139999866485596,5.099999904632568,5.139999866485596,8430.0
2024-03-01 14:56:00,ENSG,121.42500305175781,121.42500305175781,121.42500305175781,121.42500305175781,121.42500305175781,585.0
2024-03-01 14:56:00,ENVB,1.5199999809265137,1.5199999809265137,1.5199999809265137,1.5,1.5099999904632568,1142.0
2024-03-01 14:56:00,EOLS,14.789999961853027,14.789999961853027,14.789999961853027,14.789999961853027,14.789999961853027,812.0
2024-03-01 14:56:00,EQ,2.4800000190734863,2.4800000190734863,2.4800000190734863,2.4800000190734863,2.4800000190734863,187.0
2024-03-01 14:56:00,ESPR,2.555000066757202,2.555000066757202,2.555000066757202,2.549999952316284,2.555000066757202,3910.0
2024-03-01 14:56:00,ESTA,44.43000030517578,44.43000030517578,44.43000030517578,44.11000061035156,44.220001220703125,8821.0
2024-03-01 14:56:00,ETNB,12.829999923706055,12.829999923706055,12.84000015258789,12.8149995803833,12.819999694824219,3010.0
2024-03-01 14:56:00,EWTX,17.020000457763672,17.020000457763672,17.020000457763672,17.020000457763672,17.020000457763672,124.0
2024-03-01 14:56:00,EXAI,6.659999847412109,6.659999847412109,6.659999847412109,6.659999847412109,6.659999847412109,182.0
2024-03-01 14:56:00,EXAS,59.970001220703125,59.970001220703125,60.0099983215332,59.959999084472656,60.005001068115234,3162.0
2024-03-01 14:56:00,EXEL,22.364999771118164,22.364999771118164,22.364999771118164,22.340099334716797,22.354999542236328,5510.0
2024-03-01 14:56:00,EYPT,27.979999542236328,27.979999542236328,27.979999542236328,27.93000030517578,27.940000534057617,1170.0
2024-03-01 14:56:00,FATE,7.739999771118164,7.739999771118164,7.747499942779541,7.739999771118164,7.744999885559082,4796.0
2024-03-01 14:56:00,FDMT,29.385000228881836,29.385000228881836,29.385000228881836,29.360000610351562,29.360000610351562,628.0
2024-03-01 14:56:00,FEMY,1.7400000095367432,1.7400000095367432,1.7400000095367432,1.7304999828338623,1.7304999828338623,975.0
2024-03-01 14:56:00,FGEN,1.850000023841858,1.850000023841858,1.850000023841858,1.850000023841858,1.850000023841858,962.0
2024-03-01 14:56:00,FLGT,23.1299991607666,23.1299991607666,23.1299991607666,23.1299991607666,23.1299991607666,222.0
2024-03-01 14:56:00,FOLD,13.295000076293945,13.295000076293945,13.300000190734863,13.295000076293945,13.300000190734863,3368.0
2024-03-01 14:56:00,FULC,11.0,11.0,11.010000228881836,10.979999542236328,10.979999542236328,3278.0
2024-03-01 14:56:00,FUSN,12.140000343322754,12.140000343322754,12.140000343322754,12.140000343322754,12.140000343322754,456.0
2024-03-01 14:56:00,GALT,1.9500000476837158,1.9500000476837158,1.9500000476837158,1.9500000476837158,1.9500000476837158,357.0
2024-03-01 14:56:00,GBIO,2.619999885559082,2.619999885559082,2.619999885559082,2.619999885559082,2.619999885559082,100.0
2024-03-01 14:56:00,GCTK,0.3095029890537262,0.3095029890537262,0.3095029890537262,0.3095029890537262,0.3095029890537262,200.0
2024-03-01 14:56:00,GDRX,8.460000038146973,8.460000038146973,8.46500015258789,8.460000038146973,8.460000038146973,3587.0
2024-03-01 14:56:00,GENE,2.3550000190734863,2.3550000190734863,2.359999895095825,2.3499999046325684,2.3499999046325684,42645.0
2024-03-01 14:56:00,GERN,2.240000009536743,2.240000009536743,2.25,2.240000009536743,2.244999885559082,2762.0
2024-03-01 14:56:00,GH,19.049999237060547,19.049999237060547,19.075000762939453,19.040000915527344,19.075000762939453,3740.0
2024-03-01 14:56:00,GILD,72.5199966430664,72.5199966430664,72.5199966430664,72.48999786376953,72.5,6462.0
2024-03-01 14:56:00,GLPG,35.06999969482422,35.06999969482422,35.06999969482422,35.06999969482422,35.06999969482422,110.0
2024-03-01 14:56:00,GLTO,0.8069999814033508,0.8069999814033508,0.8069999814033508,0.8069999814033508,0.8069999814033508,7003.0
2024-03-01 14:56:00,GMAB,29.395000457763672,29.395000457763672,29.395000457763672,29.395000457763672,29.395000457763672,583.0
2024-03-01 14:56:00,GMDA,0.38370001316070557,0.38370001316070557,0.38370001316070557,0.38370001316070557,0.38370001316070557,474.0
2024-03-01 14:56:00,GOSS,1.4199999570846558,1.4199999570846558,1.4199999570846558,1.4199999570846558,1.4199999570846558,1800.0
2024-03-01 14:56:00,GRFS,7.005000114440918,7.005000114440918,7.005899906158447,7.005000114440918,7.005899906158447,201.0
2024-03-01 14:56:00,GRTS,2.0850000381469727,2.0850000381469727,2.089900016784668,2.0850000381469727,2.089900016784668,6348.0
2024-03-01 14:56:00,GRTX,0.23100000619888306,0.23100000619888306,0.23149999976158142,0.22999900579452515,0.23100000619888306,7970.0
2024-03-01 14:56:00,GTHX,3.7899999618530273,3.7899999618530273,3.7899999618530273,3.7899999618530273,3.7899999618530273,653.0
2024-03-01 14:56:00,HALO,41.209999084472656,41.209999084472656,41.209999084472656,41.209999084472656,41.209999084472656,208.0
2024-03-01 14:56:00,HARP,22.94499969482422,22.94499969482422,22.94499969482422,22.940000534057617,22.940000534057617,840.0
2024-03-01 14:56:00,HBIO,4.360000133514404,4.360000133514404,4.360000133514404,4.349999904632568,4.349999904632568,1045.0
2024-03-01 14:56:00,HCAT,8.180000305175781,8.180000305175781,8.180000305175781,8.170000076293945,8.170000076293945,853.0
2024-03-01 14:56:00,HCSG,12.845000267028809,12.845000267028809,12.857500076293945,12.84000015258789,12.854999542236328,2583.0
2024-03-01 14:56:00,HCTI,2.0627999305725098,2.0627999305725098,2.0627999305725098,2.0627999305725098,2.0627999305725098,247.0
2024-03-01 14:56:00,HLVX,19.104999542236328,19.104999542236328,19.170000076293945,19.104999542236328,19.170000076293945,324.0
2024-03-01 14:56:00,HOOK,0.7750999927520752,0.7750999927520752,0.7750999927520752,0.7750999927520752,0.7750999927520752,925.0
2024-03-01 14:56:00,HOWL,7.099999904632568,7.099999904632568,7.099999904632568,7.099999904632568,7.099999904632568,734.0
2024-03-01 14:56:00,HPCO,0.25,0.25,0.2522999942302704,0.25,0.2522999942302704,2716.0
2024-03-01 14:56:00,HRTX,2.5999999046325684,2.5999999046325684,2.5999999046325684,2.5999999046325684,2.5999999046325684,588.0
2024-03-01 14:56:00,HSCS,0.11900000274181366,0.11900000274181366,0.11900000274181366,0.11819999665021896,0.1185000017285347,19535.0
2024-03-01 14:56:00,HSIC,76.81999969482422,76.81999969482422,76.81999969482422,76.7925033569336,76.81999969482422,2817.0
2024-03-01 14:56:00,HUMA,3.2049999237060547,3.2049999237060547,3.20989990234375,3.184999942779541,3.184999942779541,15177.0
2024-03-01 14:56:00,IART,36.255001068115234,36.255001068115234,36.2599983215332,36.25,36.2599983215332,1866.0
2024-03-01 14:56:00,IBRX,4.840000152587891,4.840000152587891,4.849999904632568,4.840000152587891,4.84499979019165,1432.0
2024-03-01 14:56:00,ICLR,325.05499267578125,325.05499267578125,325.1499938964844,325.05499267578125,325.1449890136719,1034.0
2024-03-01 14:56:00,ICUI,106.11499786376953,106.11499786376953,106.11499786376953,106.11499786376953,106.11499786376953,597.0
2024-03-01 14:56:00,IDYA,46.29999923706055,46.29999923706055,46.29999923706055,46.27000045776367,46.27000045776367,2735.0
2024-03-01 14:56:00,IFRX,1.75,1.75,1.7549999952316284,1.75,1.7549999952316284,1519.0
2024-03-01 14:56:00,IINN,1.6816999912261963,1.6816999912261963,1.690000057220459,1.6816999912261963,1.690000057220459,2799.0
2024-03-01 14:56:00,IKNA,1.5099999904632568,1.5099999904632568,1.5099999904632568,1.5099999904632568,1.5099999904632568,500.0
2024-03-01 14:56:00,IMCR,67.9749984741211,67.9749984741211,67.9749984741211,67.9749984741211,67.9749984741211,223.0
2024-03-01 14:56:00,IMNM,25.25,25.25,25.329999923706055,25.25,25.329999923706055,1569.0
2024-03-01 14:56:00,IMNN,1.0199999809265137,1.0199999809265137,1.0199999809265137,1.0199999809265137,1.0199999809265137,666.0
2024-03-01 14:56:00,IMRX,6.138899803161621,6.138899803161621,6.138899803161621,6.138899803161621,6.138899803161621,1634.0
2024-03-01 14:56:00,IMUX,1.4800000190734863,1.4800000190734863,1.4800000190734863,1.4800000190734863,1.4800000190734863,154.0
2024-03-01 14:56:00,IMVT,35.709999084472656,35.709999084472656,35.709999084472656,35.689998626708984,35.689998626708984,1424.0
2024-03-01 14:56:00,INBX,36.525001525878906,36.525001525878906,36.525001525878906,36.525001525878906,36.525001525878906,176.0
2024-03-01 14:56:00,INDP,2.1254000663757324,2.1254000663757324,2.1254000663757324,2.1254000663757324,2.1254000663757324,662.0
2024-03-01 14:56:00,INGN,6.769999980926514,6.769999980926514,6.769999980926514,6.769999980926514,6.769999980926514,436.0
2024-03-01 14:56:00,INMB,12.324999809265137,12.324999809265137,12.460000038146973,12.234999656677246,12.234999656677246,1381.0
2024-03-01 14:56:00,INMD,22.864999771118164,22.864999771118164,22.864999771118164,22.860000610351562,22.860000610351562,1098.0
2024-03-01 14:56:00,INSM,28.030000686645508,28.030000686645508,28.030000686645508,28.020000457763672,28.020000457763672,357.0
2024-03-01 14:56:00,INVA,15.510000228881836,15.510000228881836,15.520000457763672,15.510000228881836,15.520000457763672,2809.0
2024-03-01 14:56:00,INZY,6.590000152587891,6.590000152587891,6.590000152587891,6.590000152587891,6.590000152587891,734.0
2024-03-01 14:56:00,IONS,45.869998931884766,45.869998931884766,45.869998931884766,45.84000015258789,45.84000015258789,1420.0
2024-03-01 14:56:00,IOVA,16.96500015258789,16.96500015258789,16.985000610351562,16.959999084472656,16.985000610351562,22251.0
2024-03-01 14:56:00,IRTC,121.06999969482422,121.06999969482422,121.06999969482422,120.93000030517578,121.04000091552734,1924.0
2024-03-01 14:56:00,IRWD,8.9350004196167,8.9350004196167,8.954999923706055,8.930000305175781,8.944999694824219,71127.0
2024-03-01 14:56:00,ISRG,397.1499938964844,397.1499938964844,397.2200012207031,397.0,397.0,38134.0
2024-03-01 14:56:00,ITCI,71.94000244140625,71.94000244140625,71.95999908447266,71.8949966430664,71.94000244140625,5323.0
2024-03-01 14:56:00,ITRM,1.2799999713897705,1.2799999713897705,1.2799999713897705,1.2799999713897705,1.2799999713897705,100.0
2024-03-01 14:56:00,JAGX,0.08799999952316284,0.08799999952316284,0.08799999952316284,0.08560000360012054,0.08560000360012054,572906.0
2024-03-01 14:56:00,JANX,45.98500061035156,45.98500061035156,46.060001373291016,45.97999954223633,46.04999923706055,6283.0
2024-03-01 14:56:00,JAZZ,119.11000061035156,119.11000061035156,119.11000061035156,119.08999633789062,119.08999633789062,947.0
2024-03-01 14:56:00,JSPR,21.709999084472656,21.709999084472656,21.709999084472656,21.709999084472656,21.709999084472656,100.0
2024-03-01 14:56:00,KALV,14.149999618530273,14.149999618530273,14.15999984741211,14.149999618530273,14.15999984741211,328.0
2024-03-01 14:56:00,KNTE,2.609999895095825,2.609999895095825,2.609999895095825,2.609999895095825,2.609999895095825,906.0
2024-03-01 14:56:00,KPRX,0.6600000262260437,0.6600000262260437,0.6600000262260437,0.6600000262260437,0.6600000262260437,268.0
2024-03-01 14:56:00,KPTI,1.184999942779541,1.184999942779541,1.184999942779541,1.184999942779541,1.184999942779541,1165.0
2024-03-01 14:56:00,KRON,1.0499999523162842,1.0499999523162842,1.0499999523162842,1.0399999618530273,1.0399999618530273,1024.0
2024-03-01 14:56:00,KROS,69.26000213623047,69.26000213623047,69.26000213623047,69.26000213623047,69.26000213623047,123.0
2024-03-01 14:56:00,KRTX,315.95001220703125,315.95001220703125,315.95001220703125,315.95001220703125,315.95001220703125,513.0
2024-03-01 14:56:00,KRYS,169.10000610351562,169.10000610351562,169.10000610351562,169.10000610351562,169.10000610351562,230.0
2024-03-01 14:56:00,KTRA,0.10080000013113022,0.10080000013113022,0.10080000013113022,0.10080000013113022,0.10080000013113022,8000.0
2024-03-01 14:56:00,KURA,21.889999389648438,21.889999389648438,21.889999389648438,21.875,21.875,1526.0
2024-03-01 14:56:00,KYMR,43.849998474121094,43.849998474121094,43.849998474121094,43.849998474121094,43.849998474121094,227.0
2024-03-01 14:56:00,KZIA,0.25200000405311584,0.25200000405311584,0.25200000405311584,0.25200000405311584,0.25200000405311584,352.0
2024-03-01 14:56:00,KZR,1.0549999475479126,1.0549999475479126,1.059999942779541,1.0549999475479126,1.059999942779541,4058.0
2024-03-01 14:56:00,LAB,2.4549999237060547,2.4549999237060547,2.4549999237060547,2.4549999237060547,2.4549999237060547,1564.0
2024-03-01 14:56:00,LBPH,21.549999237060547,21.549999237060547,21.549999237060547,21.549999237060547,21.549999237060547,126.0
2024-03-01 14:56:00,LEGN,65.53500366210938,65.53500366210938,65.53500366210938,65.53500366210938,65.53500366210938,135.0
2024-03-01 14:56:00,LEXX,2.8073999881744385,2.8073999881744385,2.8073999881744385,2.8073999881744385,2.8073999881744385,250.0
2024-03-01 14:56:00,LFMD,8.0,8.0,8.0,8.0,8.0,300.0
2024-03-01 14:56:00,LFST,7.739999771118164,7.739999771118164,7.739999771118164,7.724999904632568,7.724999904632568,3602.0
2024-03-01 14:56:00,LGND,77.98999786376953,77.98999786376953,77.98999786376953,77.98999786376953,77.98999786376953,295.0
2024-03-01 14:56:00,LIVN,55.595001220703125,55.595001220703125,55.595001220703125,55.595001220703125,55.595001220703125,100.0
2024-03-01 14:56:00,LMAT,67.97000122070312,67.97000122070312,67.97000122070312,67.97000122070312,67.97000122070312,452.0
2024-03-01 14:56:00,LNTH,64.5999984741211,64.5999984741211,64.5999984741211,64.57749938964844,64.5999984741211,968.0
2024-03-01 14:56:00,LPTX,2.880000114440918,2.880000114440918,2.880000114440918,2.880000114440918,2.880000114440918,200.0
2024-03-01 14:56:00,LTRN,4.179999828338623,4.179999828338623,4.21999979019165,4.145199775695801,4.145199775695801,1954.0
2024-03-01 14:56:00,LUCY,0.38499999046325684,0.38499999046325684,0.3850399851799011,0.38499999046325684,0.3850399851799011,355.0
2024-03-01 14:56:00,LXRX,2.484999895095825,2.484999895095825,2.484999895095825,2.484999895095825,2.484999895095825,203.0
2024-03-01 14:56:00,LYRA,5.650000095367432,5.650000095367432,5.650000095367432,5.650000095367432,5.650000095367432,100.0
2024-03-01 14:56:00,MASI,127.33000183105469,127.33000183105469,127.33000183105469,127.33000183105469,127.33000183105469,211.0
2024-03-01 14:56:00,MCRB,1.2200000286102295,1.2200000286102295,1.2200000286102295,1.2200000286102295,1.2200000286102295,363.0
2024-03-01 14:56:00,MDGL,251.02999877929688,251.02999877929688,251.02999877929688,251.02999877929688,251.02999877929688,120.0
2024-03-01 14:56:00,MDRX,6.090000152587891,6.090000152587891,6.090000152587891,6.019999980926514,6.090000152587891,17683.0
2024-03-01 14:56:00,MDXG,8.664999961853027,8.664999961853027,8.670000076293945,8.664999961853027,8.664999961853027,1280.0
2024-03-01 14:56:00,ME,0.555400013923645,0.555400013923645,0.555400013923645,0.5552999973297119,0.5552999973297119,730.0
2024-03-01 14:56:00,MEDP,404.5899963378906,404.5899963378906,404.5899963378906,403.739990234375,403.739990234375,1328.0
2024-03-01 14:56:00,MGNX,18.969999313354492,18.969999313354492,18.969999313354492,18.940000534057617,18.940000534057617,671.0
2024-03-01 14:56:00,MIST,1.6950000524520874,1.6950000524520874,1.6950000524520874,1.6950000524520874,1.6950000524520874,540.0
2024-03-01 14:56:00,MLTX,50.810001373291016,50.810001373291016,50.810001373291016,50.779998779296875,50.790000915527344,1042.0
2024-03-01 14:56:00,MMSI,76.33000183105469,76.33000183105469,76.37000274658203,76.33000183105469,76.33999633789062,803.0
2024-03-01 14:56:00,MNKD,4.539999961853027,4.539999961853027,4.539999961853027,4.525000095367432,4.525000095367432,5520.0
2024-03-01 14:56:00,MNMD,6.227799892425537,6.227799892425537,6.227799892425537,6.21999979019165,6.21999979019165,3380.0
2024-03-01 14:56:00,MNOV,1.3875000476837158,1.3875000476837158,1.3875000476837158,1.3875000476837158,1.3875000476837158,107.0
2024-03-01 14:56:00,MNPR,0.8892999887466431,0.8892999887466431,0.8892999887466431,0.88919997215271,0.88919997215271,2100.0
2024-03-01 14:56:00,MODD,1.850000023841858,1.850000023841858,1.8600000143051147,1.850000023841858,1.8600000143051147,2901.0
2024-03-01 14:56:00,MOR,17.594999313354492,17.594999313354492,17.594999313354492,17.594999313354492,17.594999313354492,232.0
2024-03-01 14:56:00,MORF,39.52000045776367,39.52000045776367,39.52000045776367,39.5,39.5,1140.0
2024-03-01 14:56:00,MOTS,0.6626989841461182,0.6626989841461182,0.6626989841461182,0.6626989841461182,0.6626989841461182,137059.0
2024-03-01 14:56:00,MREO,3.990000009536743,3.990000009536743,3.990000009536743,3.990000009536743,3.990000009536743,4103.0
2024-03-01 14:56:00,MRKR,3.740000009536743,3.740000009536743,3.740000009536743,3.740000009536743,3.740000009536743,452.0
2024-03-01 14:56:00,MRNA,95.52999877929688,95.52999877929688,95.52999877929688,95.42620086669922,95.44000244140625,2706.0
2024-03-01 14:56:00,MRNS,10.100000381469727,10.100000381469727,10.140000343322754,10.100000381469727,10.140000343322754,2575.0
2024-03-01 14:56:00,MRSN,5.989999771118164,5.989999771118164,5.989999771118164,5.985000133514404,5.985000133514404,3832.0
2024-03-01 14:56:00,MRUS,51.18000030517578,51.18000030517578,51.18000030517578,51.16999816894531,51.18000030517578,773.0
2024-03-01 14:56:00,MRVI,7.710999965667725,7.710999965667725,7.710999965667725,7.710000038146973,7.710000038146973,425.0
2024-03-01 14:56:00,MYGN,22.170000076293945,22.170000076293945,22.170000076293945,22.149999618530273,22.149999618530273,645.0
2024-03-01 14:56:00,NARI,46.13999938964844,46.13999938964844,46.13999938964844,46.08000183105469,46.10499954223633,5141.0
2024-03-01 14:56:00,NBIX,131.8300018310547,131.8300018310547,131.8300018310547,131.77000427246094,131.77000427246094,2214.0
2024-03-01 14:56:00,NEO,16.100000381469727,16.100000381469727,16.100000381469727,16.100000381469727,16.100000381469727,383.0
2024-03-01 14:56:00,NEOG,17.34000015258789,17.34000015258789,17.34000015258789,17.34000015258789,17.34000015258789,1037.0
2024-03-01 14:56:00,NEXI,6.449900150299072,6.449900150299072,6.449900150299072,6.445000171661377,6.445000171661377,202.0
2024-03-01 14:56:00,NGM,1.5199999809265137,1.5199999809265137,1.5199999809265137,1.5199999809265137,1.5199999809265137,880.0
2024-03-01 14:56:00,NKTX,12.589699745178223,12.589699745178223,12.589799880981445,12.589699745178223,12.589799880981445,449.0
2024-03-01 14:56:00,NNOX,10.730999946594238,10.730999946594238,10.734999656677246,10.729999542236328,10.729999542236328,2389.0
2024-03-01 14:56:00,NOTV,8.034099578857422,8.034099578857422,8.034099578857422,8.034099578857422,8.034099578857422,100.0
2024-03-01 14:56:00,NRIX,13.569999694824219,13.569999694824219,13.569999694824219,13.569999694824219,13.569999694824219,820.0
2024-03-01 14:56:00,NRSN,1.9819999933242798,1.9819999933242798,1.9819999933242798,1.9819999933242798,1.9819999933242798,465.0
2024-03-01 14:56:00,NRXP,0.4309999942779541,0.4309999942779541,0.443899005651474,0.4309999942779541,0.443899005651474,1237.0
2024-03-01 14:56:00,NTLA,33.380001068115234,33.380001068115234,33.39899826049805,33.380001068115234,33.380001068115234,1635.0
2024-03-01 14:56:00,NTRA,89.06999969482422,89.06999969482422,89.09500122070312,89.06999969482422,89.06999969482422,5119.0
2024-03-01 14:56:00,NUVL,87.87000274658203,87.87000274658203,87.87000274658203,87.69000244140625,87.69000244140625,2014.0
2024-03-01 14:56:00,NVAX,5.320000171661377,5.320000171661377,5.320000171661377,5.300000190734863,5.315000057220459,23004.0
2024-03-01 14:56:00,NVCR,16.03190040588379,16.03190040588379,16.03190040588379,16.03190040588379,16.03190040588379,194.0
2024-03-01 14:56:00,NXTC,1.7999999523162842,1.7999999523162842,1.7999999523162842,1.7999999523162842,1.7999999523162842,101.0
2024-03-01 14:56:00,OCGN,0.960099995136261,0.960099995136261,0.9609000086784363,0.960099995136261,0.9609000086784363,12266.0
2024-03-01 14:56:00,OCUL,10.710000038146973,10.710000038146973,10.710000038146973,10.670000076293945,10.670000076293945,7087.0
2024-03-01 14:56:00,OGI,2.180000066757202,2.180000066757202,2.184999942779541,2.180000066757202,2.180000066757202,2150.0
2024-03-01 14:56:00,OKYO,1.4900000095367432,1.4900000095367432,1.4900000095367432,1.4850000143051147,1.4850000143051147,25261.0
2024-03-01 14:56:00,OLMA,14.890000343322754,14.890000343322754,14.890000343322754,14.880000114440918,14.880000114440918,496.0
2024-03-01 14:56:00,OM,3.1700000762939453,3.1700000762939453,3.174999952316284,3.1700000762939453,3.174999952316284,235.0
2024-03-01 14:56:00,OMCL,26.510000228881836,26.510000228881836,26.520000457763672,26.510000228881836,26.520000457763672,1075.0
2024-03-01 14:56:00,OMGA,4.420000076293945,4.420000076293945,4.420000076293945,4.420000076293945,4.420000076293945,130.0
2024-03-01 14:57:00,AADI,1.975000023841858,1.975000023841858,1.975000023841858,1.975000023841858,1.975000023841858,250.0
2024-03-01 14:57:00,ABCL,5.090000152587891,5.090000152587891,5.090000152587891,5.090000152587891,5.090000152587891,200.0
2024-03-01 14:57:00,ABEO,7.789999961853027,7.789999961853027,7.809999942779541,7.760000228881836,7.800000190734863,3151.0
2024-03-01 14:57:00,ABOS,4.590000152587891,4.590000152587891,4.614999771118164,4.590000152587891,4.614999771118164,7805.0
2024-03-01 14:57:00,ABSI,5.510000228881836,5.510000228881836,5.514999866485596,5.510000228881836,5.511000156402588,1168.0
2024-03-01 14:57:00,ABUS,2.759999990463257,2.759999990463257,2.759999990463257,2.755000114440918,2.755000114440918,1619.0
2024-03-01 14:57:00,ACAD,24.149999618530273,24.149999618530273,24.149999618530273,24.135000228881836,24.135000228881836,2448.0
2024-03-01 14:57:00,ACB,3.1898999214172363,3.1898999214172363,3.190000057220459,3.1898999214172363,3.190000057220459,2982.0
2024-03-01 14:57:00,ACCD,10.055000305175781,10.055000305175781,10.055000305175781,10.055000305175781,10.055000305175781,441.0
2024-03-01 14:57:00,ACET,2.3949999809265137,2.3949999809265137,2.3949999809265137,2.390000104904175,2.3949999809265137,433.0
2024-03-01 14:57:00,ACHV,4.355000019073486,4.355000019073486,4.355000019073486,4.355000019073486,4.355000019073486,294.0
2024-03-01 14:57:00,ACLX,67.98500061035156,67.98500061035156,67.98500061035156,67.98500061035156,67.98500061035156,137.0
2024-03-01 14:57:00,ACRS,1.225000023841858,1.225000023841858,1.225000023841858,1.225000023841858,1.225000023841858,800.0
2024-03-01 14:57:00,ADAP,1.590000033378601,1.590000033378601,1.590000033378601,1.590000033378601,1.590000033378601,1375.0
2024-03-01 14:57:00,ADIL,2.7100000381469727,2.7100000381469727,2.809999942779541,2.7100000381469727,2.799999952316284,84714.0
2024-03-01 14:57:00,ADMA,5.545000076293945,5.545000076293945,5.545000076293945,5.545000076293945,5.545000076293945,1316.0
2024-03-01 14:57:00,ADPT,4.070000171661377,4.070000171661377,4.074999809265137,4.059999942779541,4.059999942779541,8425.0
2024-03-01 14:57:00,ADVM,1.9700000286102295,1.9700000286102295,1.9700000286102295,1.9700000286102295,1.9700000286102295,358.0
2024-03-01 14:57:00,AFMD,0.6700999736785889,0.6700999736785889,0.6725500226020813,0.6700999736785889,0.6725500226020813,5000.0
2024-03-01 14:57:00,AGEN,0.6700000166893005,0.6700000166893005,0.6700999736785889,0.6700000166893005,0.6700500249862671,35345.0
2024-03-01 14:57:00,AGIO,32.36000061035156,32.36000061035156,32.375,32.36000061035156,32.375,1338.0
2024-03-01 14:57:00,AHCO,10.484999656677246,10.484999656677246,10.484999656677246,10.479999542236328,10.484999656677246,3524.0
2024-03-01 14:57:00,AIRS,6.434999942779541,6.434999942779541,6.46999979019165,6.429999828338623,6.46999979019165,790.0
2024-03-01 14:57:00,AKBA,1.684999942779541,1.684999942779541,1.690000057220459,1.684999942779541,1.684999942779541,2940.0
2024-03-01 14:57:00,AKLI,0.35199999809265137,0.35199999809265137,0.35199999809265137,0.35199999809265137,0.35199999809265137,200.0
2024-03-01 14:57:00,AKRO,28.610000610351562,28.610000610351562,28.805999755859375,28.610000610351562,28.799999237060547,4652.0
2024-03-01 14:57:00,AKYA,6.0,6.0,6.0,6.0,6.0,227.0
2024-03-01 14:57:00,ALDX,4.25,4.25,4.255000114440918,4.25,4.255000114440918,1600.0
2024-03-01 14:57:00,ALEC,7.454999923706055,7.454999923706055,7.454999923706055,7.449999809265137,7.454999923706055,654.0
2024-03-01 14:57:00,ALGN,302.42999267578125,302.42999267578125,302.635009765625,302.42999267578125,302.5199890136719,1233.0
2024-03-01 14:57:00,ALHC,5.599999904632568,5.599999904632568,5.599999904632568,5.599999904632568,5.599999904632568,210.0
2024-03-01 14:57:00,ALKS,30.06999969482422,30.06999969482422,30.110000610351562,30.06999969482422,30.09000015258789,4340.0
2024-03-01 14:57:00,ALLK,1.6549999713897705,1.6549999713897705,1.659999966621399,1.6549999713897705,1.6549999713897705,985.0
2024-03-01 14:57:00,ALLO,5.0,5.0,5.0,5.0,5.0,1328.0
2024-03-01 14:57:00,ALNY,153.47000122070312,153.47000122070312,153.5,153.47000122070312,153.5,1078.0
2024-03-01 14:57:00,ALPN,35.834999084472656,35.834999084472656,35.834999084472656,35.834999084472656,35.834999084472656,155.0
2024-03-01 14:57:00,ALT,12.069999694824219,12.069999694824219,12.082099914550781,12.069999694824219,12.069999694824219,5274.0
2024-03-01 14:57:00,ALVR,0.7423999905586243,0.7423999905586243,0.7425000071525574,0.7423999905586243,0.7425000071525574,2674.0
2024-03-01 14:57:00,ALXO,15.039999961853027,15.039999961853027,15.069999694824219,15.039999961853027,15.055000305175781,653.0
2024-03-01 14:57:00,AMGN,280.7450866699219,280.7450866699219,280.7974853515625,280.7099914550781,280.7900085449219,4376.0
2024-03-01 14:57:00,AMLX,18.799999237060547,18.799999237060547,18.799999237060547,18.795000076293945,18.799999237060547,986.0
2024-03-01 14:57:00,AMPH,45.69499969482422,45.69499969482422,45.720001220703125,45.61009979248047,45.630001068115234,5483.0
2024-03-01 14:57:00,AMRN,1.0549999475479126,1.0549999475479126,1.0549999475479126,1.0549999475479126,1.0549999475479126,1008.0
2024-03-01 14:57:00,ANAB,25.399999618530273,25.399999618530273,25.399999618530273,25.399999618530273,25.399999618530273,100.0
2024-03-01 14:57:00,ANGO,5.494999885559082,5.494999885559082,5.494999885559082,5.494999885559082,5.494999885559082,310.0
2024-03-01 14:57:00,ANNX,6.050000190734863,6.050000190734863,6.059999942779541,6.039999961853027,6.047500133514404,13189.0
2024-03-01 14:57:00,APLS,64.1500015258789,64.1500015258789,64.22000122070312,64.1500015258789,64.16000366210938,3587.0
2024-03-01 14:57:00,APLT,7.019999980926514,7.019999980926514,7.03000020980835,7.019999980926514,7.03000020980835,1621.0
2024-03-01 14:57:00,APVO,0.16200000047683716,0.16200000047683716,0.16200000047683716,0.16200000047683716,0.16200000047683716,150.0
2024-03-01 14:57:00,AQST,4.050000190734863,4.050000190734863,4.100500106811523,4.039999961853027,4.100500106811523,47789.0
2024-03-01 14:57:00,ARAY,2.634999990463257,2.634999990463257,2.640000104904175,2.630000114440918,2.640000104904175,856.0
2024-03-01 14:57:00,ARDX,9.46500015258789,9.46500015258789,9.470000267028809,9.46500015258789,9.470000267028809,3225.0
2024-03-01 14:57:00,ARGX,392.32000732421875,392.32000732421875,392.32000732421875,391.82000732421875,391.82000732421875,1080.0
2024-03-01 14:57:00,ARQT,11.460000038146973,11.460000038146973,11.489999771118164,11.460000038146973,11.489999771118164,8321.0
2024-03-01 14:57:00,ARVN,48.25,48.25,48.29999923706055,48.18000030517578,48.18000030517578,7453.0
2024-03-01 14:57:00,ARWR,35.55569839477539,35.55569839477539,35.56999969482422,35.52000045776367,35.52000045776367,3803.0
2024-03-01 14:57:00,ASND,153.47999572753906,153.47999572753906,153.47999572753906,153.47999572753906,153.47999572753906,207.0
2024-03-01 14:57:00,ASRT,0.89410001039505,0.89410001039505,0.89410001039505,0.89410001039505,0.89410001039505,245.0
2024-03-01 14:57:00,ATAI,2.1500000953674316,2.1500000953674316,2.1600000858306885,2.1500000953674316,2.1549999713897705,11187.0
2024-03-01 14:57:00,ATEC,13.430000305175781,13.430000305175781,13.4350004196167,13.430000305175781,13.4350004196167,3471.0
2024-03-01 14:57:00,ATHA,3.9800000190734863,3.9800000190734863,3.9800000190734863,3.9749999046325684,3.9749999046325684,572.0
2024-03-01 14:57:00,ATRA,0.7904999852180481,0.7904999852180481,0.79339998960495,0.7900999784469604,0.7903000116348267,9328.0
2024-03-01 14:57:00,ATRC,36.130001068115234,36.130001068115234,36.130001068115234,36.11000061035156,36.11000061035156,2468.0
2024-03-01 14:57:00,ATXS,14.930000305175781,14.930000305175781,14.930000305175781,14.930000305175781,14.930000305175781,220.0
2024-03-01 14:57:00,AUGX,4.565000057220459,4.565000057220459,4.565000057220459,4.550000190734863,4.550000190734863,204.0
2024-03-01 14:57:00,AUPH,5.800000190734863,5.800000190734863,5.804999828338623,5.800000190734863,5.804999828338623,567.0
2024-03-01 14:57:00,AVDL,13.279999732971191,13.279999732971191,13.3100004196167,13.279999732971191,13.305000305175781,8562.0
2024-03-01 14:57:00,AVIR,4.480000019073486,4.480000019073486,4.480000019073486,4.480000019073486,4.480000019073486,100.0
2024-03-01 14:57:00,AXGN,10.539999961853027,10.539999961853027,10.539999961853027,10.530099868774414,10.539999961853027,2700.0
2024-03-01 14:57:00,AXNX,67.73999786376953,67.73999786376953,67.73999786376953,67.73999786376953,67.73999786376953,297.0
2024-03-01 14:57:00,AXSM,82.2699966430664,82.2699966430664,82.29000091552734,82.21499633789062,82.21499633789062,2902.0
2024-03-01 14:57:00,AZN,64.66500091552734,64.66500091552734,64.66999816894531,64.66000366210938,64.66999816894531,4447.0
2024-03-01 14:57:00,AZTA,67.0,67.0,67.0,67.0,67.0,616.0
2024-03-01 14:57:00,BBIO,35.86000061035156,35.86000061035156,35.880001068115234,35.86000061035156,35.880001068115234,934.0
2024-03-01 14:57:00,BBLG,2.4999001026153564,2.4999001026153564,2.4999001026153564,2.390000104904175,2.390000104904175,1056.0
2024-03-01 14:57:00,BCAB,2.815000057220459,2.815000057220459,2.815000057220459,2.815000057220459,2.815000057220459,225.0
2024-03-01 14:57:00,BCDA,0.5702009797096252,0.5702009797096252,0.5799999833106995,0.5702009797096252,0.5799999833106995,16400.0
2024-03-01 14:57:00,BCRX,5.690000057220459,5.690000057220459,5.695000171661377,5.690000057220459,5.695000171661377,791.0
2024-03-01 14:57:00,BCYC,25.8799991607666,25.8799991607666,25.8799991607666,25.8799991607666,25.8799991607666,194.0
2024-03-01 14:57:00,BDTX,4.715000152587891,4.715000152587891,4.715000152587891,4.715000152587891,4.715000152587891,356.0
2024-03-01 14:57:00,BEAM,39.93000030517578,39.93000030517578,39.93000030517578,39.90999984741211,39.90999984741211,1080.0
2024-03-01 14:57:00,BEAT,1.5915000438690186,1.5915000438690186,1.5915000438690186,1.5915000438690186,1.5915000438690186,238.0
2024-03-01 14:57:00,BGXX,0.25859999656677246,0.25859999656677246,0.25859999656677246,0.25609999895095825,0.25609999895095825,16369.0
2024-03-01 14:57:00,BIIB,221.57000732421875,221.57000732421875,221.6750030517578,221.57000732421875,221.6750030517578,1011.0
2024-03-01 14:57:00,BIOL,0.14499999582767487,0.14499999582767487,0.14499999582767487,0.14499999582767487,0.14499999582767487,1450.0
2024-03-01 14:57:00,BIOR,1.1200000047683716,1.1200000047683716,1.1200000047683716,1.1200000047683716,1.1200000047683716,562.0
2024-03-01 14:57:00,BIVI,2.0299999713897705,2.0299999713897705,2.0399999618530273,2.0199999809265137,2.0399999618530273,7193.0
2024-03-01 14:57:00,BLFS,18.049999237060547,18.049999237060547,18.104999542236328,18.049999237060547,18.100000381469727,2933.0
2024-03-01 14:57:00,BLRX,1.2999999523162842,1.2999999523162842,1.350000023841858,1.2999999523162842,1.350000023841858,39435.0
2024-03-01 14:57:00,BLUE,1.5724999904632568,1.5724999904632568,1.5800000429153442,1.5700000524520874,1.5750000476837158,14967.0
2024-03-01 14:57:00,BMEA,18.18000030517578,18.18000030517578,18.18000030517578,18.18000030517578,18.18000030517578,754.0
2024-03-01 14:57:00,BMRA,1.2000000476837158,1.2000000476837158,1.2000000476837158,1.2000000476837158,1.2000000476837158,100.0
2024-03-01 14:57:00,BMRN,87.94999694824219,87.94999694824219,87.9800033569336,87.93499755859375,87.94499969482422,2924.0
2024-03-01 14:57:00,BNGO,1.2599999904632568,1.2599999904632568,1.2599999904632568,1.2599999904632568,1.2599999904632568,1300.0
2024-03-01 14:57:00,BNOX,1.225000023841858,1.225000023841858,1.225000023841858,1.225000023841858,1.225000023841858,145.0
2024-03-01 14:57:00,BPMC,96.51000213623047,96.51000213623047,96.51000213623047,96.41500091552734,96.45999908447266,2281.0
2024-03-01 14:57:00,BRKR,88.88999938964844,88.88999938964844,88.9000015258789,88.83000183105469,88.83000183105469,10271.0
2024-03-01 14:57:00,BTTX,0.18199999630451202,0.18199999630451202,0.1821500062942505,0.18199999630451202,0.1821500062942505,733.0
2024-03-01 14:57:00,BVS,4.75,4.75,4.75,4.75,4.75,378.0
2024-03-01 14:57:00,BYSI,1.4900000095367432,1.4900000095367432,1.4900000095367432,1.4900000095367432,1.4900000095367432,509.0
2024-03-01 14:57:00,CABA,23.969999313354492,23.969999313354492,23.97249984741211,23.969999313354492,23.969999313354492,826.0
2024-03-01 14:57:00,CALT,21.450000762939453,21.450000762939453,21.450000762939453,21.450000762939453,21.450000762939453,676.0
2024-03-01 14:57:00,CBAY,32.22999954223633,32.22999954223633,32.22999954223633,32.22999954223633,32.22999954223633,1977.0
2024-03-01 14:57:00,CCCC,11.03499984741211,11.03499984741211,11.039999961853027,11.03499984741211,11.039999961853027,859.0
2024-03-01 14:57:00,CCRN,18.34000015258789,18.34000015258789,18.34000015258789,18.325000762939453,18.329999923706055,1054.0
2024-03-01 14:57:00,CDNA,12.404999732971191,12.404999732971191,12.40999984741211,12.399999618530273,12.399999618530273,663.0
2024-03-01 14:57:00,CDXS,4.599999904632568,4.599999904632568,4.609899997711182,4.599999904632568,4.609899997711182,2148.0
2024-03-01 14:57:00,CELC,17.06999969482422,17.06999969482422,17.06999969482422,17.049999237060547,17.06999969482422,611.0
2024-03-01 14:57:00,CERE,41.084999084472656,41.084999084472656,41.09000015258789,41.08250045776367,41.08250045776367,569.0
2024-03-01 14:57:00,CERS,2.184999942779541,2.184999942779541,2.184999942779541,2.184999942779541,2.184999942779541,136.0
2024-03-01 14:57:00,CERT,18.242000579833984,18.242000579833984,18.290000915527344,18.219999313354492,18.290000915527344,12963.0
2024-03-01 14:57:00,CGC,3.211899995803833,3.211899995803833,3.219899892807007,3.2100000381469727,3.2149999141693115,1211.0
2024-03-01 14:57:00,CGEM,18.799999237060547,18.799999237060547,18.799999237060547,18.790000915527344,18.790000915527344,329.0
2024-03-01 14:57:00,CGEN,2.674999952316284,2.674999952316284,2.674999952316284,2.674999952316284,2.674999952316284,306.0
2024-03-01 14:57:00,CHRS,2.430000066757202,2.430000066757202,2.430000066757202,2.430000066757202,2.430000066757202,725.0
2024-03-01 14:57:00,CING,1.3401000499725342,1.3401000499725342,1.3401000499725342,1.340000033378601,1.340000033378601,9150.0
2024-03-01 14:57:00,CKPT,2.190000057220459,2.190000057220459,2.190000057220459,2.190000057220459,2.190000057220459,150.0
2024-03-01 14:57:00,CLDX,52.599998474121094,52.599998474121094,52.61000061035156,52.560001373291016,52.58000183105469,4083.0
2024-03-01 14:57:00,CLLS,2.649899959564209,2.649899959564209,2.649899959564209,2.649899959564209,2.649899959564209,105.0
2024-03-01 14:57:00,CLNN,0.3840999901294708,0.3840999901294708,0.3840999901294708,0.3840999901294708,0.3840999901294708,503.0
2024-03-01 14:57:00,CLOV,0.8651000261306763,0.8651000261306763,0.8651000261306763,0.8650000095367432,0.8650379776954651,6412.0
2024-03-01 14:57:00,CLRB,4.110000133514404,4.110000133514404,4.110000133514404,4.110000133514404,4.110000133514404,1379.0
2024-03-01 14:57:00,CMPS,11.75,11.75,11.75,11.739999771118164,11.739999771118164,1162.0
2024-03-01 14:57:00,CMPX,1.8899999856948853,1.8899999856948853,1.8899999856948853,1.8899999856948853,1.8899999856948853,1595.0
2024-03-01 14:57:00,COGT,7.195000171661377,7.195000171661377,7.195000171661377,7.195000171661377,7.195000171661377,100.0
2024-03-01 14:57:00,CORT,24.31760025024414,24.31760025024414,24.31999969482422,24.300800323486328,24.31999969482422,3837.0
2024-03-01 14:57:00,CPRX,17.1299991607666,17.1299991607666,17.2549991607666,17.1299991607666,17.2549991607666,11757.0
2024-03-01 14:57:00,CPSI,9.385000228881836,9.385000228881836,9.40999984741211,9.380000114440918,9.40999984741211,2691.0
2024-03-01 14:57:00,CRBU,7.869999885559082,7.869999885559082,7.875,7.869999885559082,7.869999885559082,927.0
2024-03-01 14:57:00,CRDF,2.7399001121520996,2.7399001121520996,2.7699999809265137,2.6700000762939453,2.7100000381469727,117936.0
2024-03-01 14:57:00,CRNX,46.31999969482422,46.31999969482422,46.369998931884766,46.290000915527344,46.369998931884766,1872.0
2024-03-01 14:57:00,CRON,2.038300037384033,2.038300037384033,2.0399999618530273,2.0299999713897705,2.0399999618530273,2011.0
2024-03-01 14:57:00,CRSP,85.18000030517578,85.18000030517578,85.18000030517578,85.08999633789062,85.08999633789062,615.0
2024-03-01 14:57:00,CTKB,9.020000457763672,9.020000457763672,9.020000457763672,9.010000228881836,9.010000228881836,4154.0
2024-03-01 14:57:00,CTXR,0.7730000019073486,0.7730000019073486,0.7730000019073486,0.7730000019073486,0.7730000019073486,689.0
2024-03-01 14:57:00,CUTR,2.384999990463257,2.384999990463257,2.390000104904175,2.380000114440918,2.384999990463257,7568.0
2024-03-01 14:57:00,CVAC,3.450000047683716,3.450000047683716,3.450000047683716,3.450000047683716,3.450000047683716,203.0
2024-03-01 14:57:00,CYTK,73.9000015258789,73.9000015258789,73.93000030517578,73.87000274658203,73.89900207519531,2111.0
2024-03-01 14:57:00,DAWN,17.719999313354492,17.719999313354492,17.719999313354492,17.709999084472656,17.719999313354492,1760.0
2024-03-01 14:57:00,DCGO,4.114999771118164,4.114999771118164,4.119999885559082,4.114999771118164,4.114999771118164,7801.0
2024-03-01 14:57:00,DCPH,17.5049991607666,17.5049991607666,17.5049991607666,17.489999771118164,17.5,1723.0
2024-03-01 14:57:00,DH,8.914999961853027,8.914999961853027,8.914999961853027,8.899999618530273,8.899999618530273,2233.0
2024-03-01 14:57:00,DMTK,0.847449004650116,0.847449004650116,0.8499000072479248,0.847449004650116,0.8499000072479248,1800.0
2024-03-01 14:57:00,DNLI,21.1299991607666,21.1299991607666,21.155000686645508,21.1299991607666,21.139999389648438,1265.0
2024-03-01 14:57:00,DTIL,12.59060001373291,12.59060001373291,12.595000267028809,12.46500015258789,12.479999542236328,5684.0
2024-03-01 14:57:00,DVAX,12.8100004196167,12.8100004196167,12.8149995803833,12.8100004196167,12.8149995803833,438.0
2024-03-01 14:57:00,DXCM,121.29000091552734,121.29000091552734,121.30999755859375,121.27999877929688,121.27999877929688,2368.0
2024-03-01 14:57:00,DYN,29.040000915527344,29.040000915527344,29.09000015258789,29.0,29.079999923706055,1519.0
2024-03-01 14:57:00,EDIT,10.839900016784668,10.839900016784668,10.84000015258789,10.839900016784668,10.84000015258789,291.0
2024-03-01 14:57:00,EFTR,15.649999618530273,15.649999618530273,15.774999618530273,15.649999618530273,15.774999618530273,1028.0
2024-03-01 14:57:00,EIGR,7.289999961853027,7.289999961853027,7.300000190734863,7.289999961853027,7.300000190734863,1152.0
2024-03-01 14:57:00,ELEV,5.090000152587891,5.090000152587891,5.099999904632568,5.090000152587891,5.099999904632568,1910.0
2024-03-01 14:57:00,EMBC,14.28499984741211,14.28499984741211,14.300000190734863,14.28499984741211,14.300000190734863,1041.0
2024-03-01 14:57:00,ENSG,121.5,121.5,121.5,121.48999786376953,121.48999786376953,1197.0
2024-03-01 14:57:00,EOLS,14.789999961853027,14.789999961853027,14.789999961853027,14.789999961853027,14.789999961853027,470.0
2024-03-01 14:57:00,ERAS,2.505000114440918,2.505000114440918,2.509999990463257,2.505000114440918,2.505000114440918,3659.0
2024-03-01 14:57:00,ESTA,44.439998626708984,44.439998626708984,44.439998626708984,44.43000030517578,44.43000030517578,370.0
2024-03-01 14:57:00,ETNB,12.800000190734863,12.800000190734863,12.837499618530273,12.800000190734863,12.837499618530273,3981.0
2024-03-01 14:57:00,ETON,4.474999904632568,4.474999904632568,4.474999904632568,4.474999904632568,4.474999904632568,278.0
2024-03-01 14:57:00,EWTX,17.024999618530273,17.024999618530273,17.024999618530273,17.010000228881836,17.020000457763672,676.0
2024-03-01 14:57:00,EXAS,60.0,60.0,60.0,59.939998626708984,59.95000076293945,2713.0
2024-03-01 14:57:00,EXEL,22.364999771118164,22.364999771118164,22.3700008392334,22.364999771118164,22.3700008392334,677.0
2024-03-01 14:57:00,EYPT,27.940000534057617,27.940000534057617,28.020000457763672,27.940000534057617,28.020000457763672,1925.0
2024-03-01 14:57:00,FATE,7.735000133514404,7.735000133514404,7.755000114440918,7.735000133514404,7.75,8995.0
2024-03-01 14:57:00,FDMT,29.370100021362305,29.370100021362305,29.370100021362305,29.370100021362305,29.370100021362305,302.0
2024-03-01 14:57:00,FHTX,8.140000343322754,8.140000343322754,8.140000343322754,8.140000343322754,8.140000343322754,400.0
2024-03-01 14:57:00,FOLD,13.305000305175781,13.305000305175781,13.3100004196167,13.295000076293945,13.300000190734863,3330.0
2024-03-01 14:57:00,FULC,11.010000228881836,11.010000228881836,11.039999961853027,11.010000228881836,11.039999961853027,311.0
2024-03-01 14:57:00,FUSN,12.140000343322754,12.140000343322754,12.140000343322754,12.130000114440918,12.130000114440918,635.0
2024-03-01 14:57:00,GBIO,2.619999885559082,2.619999885559082,2.619999885559082,2.619999885559082,2.619999885559082,412.0
2024-03-01 14:57:00,GDRX,8.460000038146973,8.460000038146973,8.469900131225586,8.460000038146973,8.46500015258789,1347.0
2024-03-01 14:57:00,GERN,2.244999885559082,2.244999885559082,2.25,2.240499973297119,2.25,18811.0
2024-03-01 14:57:00,GH,19.049999237060547,19.049999237060547,19.049999237060547,19.049999237060547,19.049999237060547,332.0
2024-03-01 14:57:00,GILD,72.5282974243164,72.5282974243164,72.52999877929688,72.51499938964844,72.52999877929688,4231.0
2024-03-01 14:57:00,GLTO,0.8141999840736389,0.8141999840736389,0.8199999928474426,0.8109999895095825,0.8148999810218811,20840.0
2024-03-01 14:57:00,GLUE,6.304999828338623,6.304999828338623,6.304999828338623,6.260000228881836,6.260000228881836,335.0
2024-03-01 14:57:00,GOSS,1.4149999618530273,1.4149999618530273,1.4149999618530273,1.4149999618530273,1.4149999618530273,403.0
2024-03-01 14:57:00,GRFS,7.005000114440918,7.005000114440918,7.005000114440918,7.000999927520752,7.000999927520752,1190.0
2024-03-01 14:57:00,GRTS,2.0875000953674316,2.0875000953674316,2.099900007247925,2.0799999237060547,2.089900016784668,77695.0
2024-03-01 14:57:00,GTHX,3.799999952316284,3.799999952316284,3.799999952316284,3.7899999618530273,3.7990000247955322,3053.0
2024-03-01 14:57:00,HALO,41.20000076293945,41.20000076293945,41.2400016784668,41.20000076293945,41.22999954223633,5851.0
2024-03-01 14:57:00,HBIO,4.364999771118164,4.364999771118164,4.364999771118164,4.364999771118164,4.364999771118164,158.0
2024-03-01 14:57:00,HCAT,8.170000076293945,8.170000076293945,8.175000190734863,8.170000076293945,8.175000190734863,1290.0
2024-03-01 14:57:00,HCSG,12.845000267028809,12.845000267028809,12.84749984741211,12.84000015258789,12.845000267028809,1074.0
2024-03-01 14:57:00,HCTI,2.0399999618530273,2.0399999618530273,2.069999933242798,2.0399999618530273,2.069999933242798,6170.0
2024-03-01 14:57:00,HLTH,0.2632000148296356,0.2632000148296356,0.2632000148296356,0.2632000148296356,0.2632000148296356,407.0
2024-03-01 14:57:00,HLVX,19.139999389648438,19.139999389648438,19.139999389648438,19.139999389648438,19.139999389648438,192.0
2024-03-01 14:57:00,HOLX,74.37000274658203,74.37000274658203,74.38999938964844,74.37000274658203,74.38999938964844,588.0
2024-03-01 14:57:00,HQY,81.41000366210938,81.41000366210938,81.41000366210938,81.40499877929688,81.40499877929688,550.0
2024-03-01 14:57:00,HRMY,31.594999313354492,31.594999313354492,31.594999313354492,31.594999313354492,31.594999313354492,319.0
2024-03-01 14:57:00,HRTX,2.6050000190734863,2.6050000190734863,2.6050000190734863,2.5999999046325684,2.6050000190734863,1222.0
2024-03-01 14:57:00,HSIC,76.87000274658203,76.87000274658203,76.87000274658203,76.83000183105469,76.83000183105469,4700.0
2024-03-01 14:57:00,HUGE,0.9009000062942505,0.9009000062942505,0.9009000062942505,0.9009000062942505,0.9009000062942505,115.0
2024-03-01 14:57:00,HUMA,3.2149999141693115,3.2149999141693115,3.2200000286102295,3.2049999237060547,3.2049999237060547,9801.0
2024-03-01 14:57:00,IART,36.279998779296875,36.279998779296875,36.290000915527344,36.2599983215332,36.27000045776367,2195.0
2024-03-01 14:57:00,IBRX,4.849999904632568,4.849999904632568,4.849999904632568,4.849999904632568,4.849999904632568,2645.0
2024-03-01 14:57:00,ICLR,324.9599914550781,324.9599914550781,325.05499267578125,324.9599914550781,325.05499267578125,610.0
2024-03-01 14:57:00,IDXX,578.1099853515625,578.1099853515625,578.1099853515625,578.1099853515625,578.1099853515625,218.0
2024-03-01 14:57:00,IGMS,13.055000305175781,13.055000305175781,13.079999923706055,13.029999732971191,13.050000190734863,1990.0
2024-03-01 14:57:00,IKNA,1.5099999904632568,1.5099999904632568,1.5099999904632568,1.4950000047683716,1.4950000047683716,502.0
2024-03-01 14:57:00,ILMN,141.28500366210938,141.28500366210938,141.33999633789062,141.28500366210938,141.3000030517578,2371.0
2024-03-01 14:57:00,IMAB,1.7999999523162842,1.7999999523162842,1.7999999523162842,1.7999999523162842,1.7999999523162842,111.0
2024-03-01 14:57:00,IMMX,3.5,3.5,3.505000114440918,3.5,3.505000114440918,655.0
2024-03-01 14:57:00,IMUX,1.4800000190734863,1.4800000190734863,1.4800000190734863,1.4800000190734863,1.4800000190734863,245.0
2024-03-01 14:57:00,IMVT,35.689998626708984,35.689998626708984,35.689998626708984,35.689998626708984,35.689998626708984,582.0
2024-03-01 14:57:00,INCY,59.0099983215332,59.0099983215332,59.0099983215332,59.0,59.0,750.0
2024-03-01 14:57:00,INMD,22.889999389648438,22.889999389648438,22.889999389648438,22.8700008392334,22.8700008392334,2117.0
2024-03-01 14:57:00,INSM,28.020000457763672,28.020000457763672,28.030000686645508,28.020000457763672,28.030000686645508,1120.0
2024-03-01 14:57:00,INVA,15.515000343322754,15.515000343322754,15.515000343322754,15.510000228881836,15.510000228881836,576.0
2024-03-01 14:57:00,IONS,45.869998931884766,45.869998931884766,45.869998931884766,45.849998474121094,45.849998474121094,2023.0
2024-03-01 14:57:00,IOVA,16.96500015258789,16.96500015258789,16.969999313354492,16.954999923706055,16.96500015258789,17678.0
2024-03-01 14:57:00,IPSC,3.950000047683716,3.950000047683716,3.950000047683716,3.950000047683716,3.950000047683716,158.0
2024-03-01 14:57:00,IRTC,121.1500015258789,121.1500015258789,121.1500015258789,121.08000183105469,121.08000183105469,688.0
2024-03-01 14:57:00,IRWD,8.9350004196167,8.9350004196167,8.949999809265137,8.930000305175781,8.930000305175781,65810.0
2024-03-01 14:57:00,ISRG,397.2699890136719,397.2699890136719,397.2699890136719,397.135009765625,397.135009765625,1072.0
2024-03-01 14:57:00,ITCI,71.95999908447266,71.95999908447266,71.97000122070312,71.93499755859375,71.93499755859375,2714.0
2024-03-01 14:57:00,ITRM,1.2884999513626099,1.2884999513626099,1.2899999618530273,1.2884999513626099,1.2898999452590942,2587.0
2024-03-01 14:57:00,IVA,3.899899959564209,3.899899959564209,3.9000000953674316,3.880000114440918,3.880000114440918,1747.0
2024-03-01 14:57:00,IXHL,5.559999942779541,5.559999942779541,5.579999923706055,5.480000019073486,5.480000019073486,3610.0
2024-03-01 14:57:00,JAGX,0.08760000020265579,0.08760000020265579,0.08860000222921371,0.0868000015616417,0.0868000015616417,310821.0
2024-03-01 14:57:00,JANX,45.97999954223633,45.97999954223633,46.029998779296875,45.97999954223633,46.0099983215332,1970.0
2024-03-01 14:57:00,JAZZ,119.16000366210938,119.16000366210938,119.19999694824219,119.16000366210938,119.16999816894531,741.0
2024-03-01 14:57:00,JSPR,21.614999771118164,21.614999771118164,21.614999771118164,21.614999771118164,21.614999771118164,129.0
2024-03-01 14:57:00,KALV,14.15999984741211,14.15999984741211,14.15999984741211,14.15999984741211,14.15999984741211,371.0
2024-03-01 14:57:00,KNSA,21.899999618530273,21.899999618530273,21.899999618530273,21.899999618530273,21.899999618530273,108.0
2024-03-01 14:57:00,KNTE,2.609999895095825,2.609999895095825,2.609999895095825,2.609999895095825,2.609999895095825,703.0
2024-03-01 14:57:00,KOD,6.045000076293945,6.045000076293945,6.050000190734863,6.039999961853027,6.039999961853027,1349.0
2024-03-01 14:57:00,KPTI,1.184999942779541,1.184999942779541,1.190000057220459,1.184999942779541,1.190000057220459,755.0
2024-03-01 14:57:00,KRON,1.0449999570846558,1.0449999570846558,1.059999942779541,1.0449999570846558,1.0499999523162842,2305.0
2024-03-01 14:57:00,KROS,69.4000015258789,69.4000015258789,69.43000030517578,69.38999938964844,69.38999938964844,1259.0
2024-03-01 14:57:00,KRTX,315.95001220703125,315.95001220703125,315.95001220703125,315.95001220703125,315.95001220703125,316.0
2024-03-01 14:57:00,KRYS,169.30999755859375,169.30999755859375,169.30999755859375,169.30999755859375,169.30999755859375,283.0
2024-03-01 14:57:00,KTRA,0.10090000182390213,0.10090000182390213,0.10109999775886536,0.10090000182390213,0.10100000351667404,658.0
2024-03-01 14:57:00,KURA,21.90999984741211,21.90999984741211,21.90999984741211,21.885000228881836,21.885000228881836,1198.0
2024-03-01 14:57:00,KYMR,43.869998931884766,43.869998931884766,43.869998931884766,43.84000015258789,43.84000015258789,1208.0
2024-03-01 14:57:00,KZIA,0.25200000405311584,0.25200000405311584,0.25200000405311584,0.25200000405311584,0.25200000405311584,2021.0
2024-03-01 14:57:00,KZR,1.0499999523162842,1.0499999523162842,1.0549999475479126,1.0499999523162842,1.0549999475479126,404.0
2024-03-01 14:57:00,LAB,2.4549999237060547,2.4549999237060547,2.4600000381469727,2.4549999237060547,2.4549999237060547,1000.0
2024-03-01 14:57:00,LBPH,21.55500030517578,21.55500030517578,21.55500030517578,21.55500030517578,21.55500030517578,213.0
2024-03-01 14:57:00,LEXX,2.800100088119507,2.800100088119507,2.800100088119507,2.799999952316284,2.799999952316284,1233.0
2024-03-01 14:57:00,LFMD,8.0,8.0,8.010000228881836,7.989999771118164,8.0,548.0
2024-03-01 14:57:00,LFST,7.739999771118164,7.739999771118164,7.75,7.739999771118164,7.739999771118164,1911.0
2024-03-01 14:57:00,LGVN,0.5389999747276306,0.5389999747276306,0.5400000214576721,0.5389999747276306,0.5400000214576721,690.0
2024-03-01 14:57:00,LIFE,1.9249999523162842,1.9249999523162842,1.9249999523162842,1.9249999523162842,1.9249999523162842,499.0
2024-03-01 14:57:00,LIVN,55.65999984741211,55.65999984741211,55.65999984741211,55.61000061035156,55.61000061035156,2191.0
2024-03-01 14:57:00,LNTH,64.5999984741211,64.5999984741211,64.65499877929688,64.58999633789062,64.58999633789062,4050.0
2024-03-01 14:57:00,LPTX,2.880000114440918,2.880000114440918,2.880000114440918,2.880000114440918,2.880000114440918,100.0
2024-03-01 14:57:00,LQDA,14.600000381469727,14.600000381469727,14.600000381469727,14.600000381469727,14.600000381469727,468.0
2024-03-01 14:57:00,LSTA,3.149899959564209,3.149899959564209,3.149899959564209,3.149899959564209,3.149899959564209,383.0
2024-03-01 14:57:00,LUCD,1.2400000095367432,1.2400000095367432,1.2400000095367432,1.2300000190734863,1.2300000190734863,3334.0
2024-03-01 14:57:00,LUCY,0.38040000200271606,0.38040000200271606,0.38040000200271606,0.38040000200271606,0.38040000200271606,897.0
2024-03-01 14:57:00,LVTX,2.750999927520752,2.750999927520752,2.750999927520752,2.750999927520752,2.750999927520752,284.0
2024-03-01 14:57:00,LXRX,2.490499973297119,2.490499973297119,2.490499973297119,2.484999895095825,2.484999895095825,7293.0
2024-03-01 14:57:00,LYEL,3.1540000438690186,3.1540000438690186,3.1540000438690186,3.1540000438690186,3.1540000438690186,806.0
2024-03-01 14:57:00,LYRA,5.659999847412109,5.659999847412109,5.659999847412109,5.659999847412109,5.659999847412109,415.0
2024-03-01 14:57:00,MASI,127.33499908447266,127.33499908447266,127.33499908447266,127.33499908447266,127.33499908447266,942.0
2024-03-01 14:57:00,MASS,7.400000095367432,7.400000095367432,7.400000095367432,7.400000095367432,7.400000095367432,425.0
2024-03-01 14:57:00,MBOT,1.3250000476837158,1.3250000476837158,1.3291000127792358,1.3200000524520874,1.3291000127792358,57474.0
2024-03-01 14:57:00,MCRB,1.2300000190734863,1.2300000190734863,1.2300000190734863,1.2200000286102295,1.2200000286102295,75407.0
2024-03-01 14:57:00,MDGL,250.7899932861328,250.7899932861328,250.7899932861328,250.625,250.625,1058.0
2024-03-01 14:57:00,MDRX,6.03000020980835,6.03000020980835,6.090000152587891,6.019999980926514,6.019999980926514,8926.0
2024-03-01 14:57:00,MDXG,8.670000076293945,8.670000076293945,8.670000076293945,8.65999984741211,8.670000076293945,3348.0
2024-03-01 14:57:00,ME,0.5552999973297119,0.5552999973297119,0.5557000041007996,0.5552999973297119,0.5557000041007996,3604.0
2024-03-01 14:57:00,MGNX,18.969999313354492,18.969999313354492,18.969999313354492,18.959999084472656,18.959999084472656,1003.0
2024-03-01 14:57:00,MGTX,6.445000171661377,6.445000171661377,6.445000171661377,6.445000171661377,6.445000171661377,514.0
2024-03-01 14:57:00,MIRM,29.31999969482422,29.31999969482422,29.31999969482422,29.31999969482422,29.31999969482422,286.0
2024-03-01 14:57:00,MIST,1.6950000524520874,1.6950000524520874,1.6950000524520874,1.6950000524520874,1.6950000524520874,154.0
2024-03-01 14:57:00,MLTX,50.880001068115234,50.880001068115234,50.880001068115234,50.81999969482422,50.81999969482422,301.0
2024-03-01 14:57:00,MMSI,76.33000183105469,76.33000183105469,76.33000183105469,76.33000183105469,76.33000183105469,233.0
2024-03-01 14:57:00,MNKD,4.539999961853027,4.539999961853027,4.545000076293945,4.534999847412109,4.539999961853027,9691.0
2024-03-01 14:57:00,MNMD,6.224999904632568,6.224999904632568,6.224999904632568,6.224999904632568,6.224999904632568,372.0
2024-03-01 14:57:00,MNPR,0.88919997215271,0.88919997215271,0.88919997215271,0.88919997215271,0.88919997215271,100.0
2024-03-01 14:57:00,MODD,1.850000023841858,1.850000023841858,1.8700000047683716,1.850000023841858,1.8700000047683716,3733.0
2024-03-01 14:57:00,MODV,28.389999389648438,28.389999389648438,28.510000228881836,28.389999389648438,28.5,4322.0
2024-03-01 14:57:00,MOR,17.600000381469727,17.600000381469727,17.600000381469727,17.600000381469727,17.600000381469727,109.0
2024-03-01 14:57:00,MORF,39.53419876098633,39.53419876098633,39.53419876098633,39.53419876098633,39.53419876098633,606.0
2024-03-01 14:57:00,MREO,3.990000009536743,3.990000009536743,3.990000009536743,3.990000009536743,3.990000009536743,100.0
2024-03-01 14:57:00,MRNA,95.54499816894531,95.54499816894531,95.57379913330078,95.5,95.5,3259.0
2024-03-01 14:57:00,MRNS,10.09000015258789,10.09000015258789,10.109999656677246,10.09000015258789,10.109999656677246,1027.0
2024-03-01 14:57:00,MRSN,5.96999979019165,5.96999979019165,5.985000133514404,5.96999979019165,5.985000133514404,3030.0
2024-03-01 14:57:00,MRUS,51.345001220703125,51.345001220703125,51.345001220703125,51.16999816894531,51.18000030517578,3010.0
2024-03-01 14:57:00,MRVI,7.715000152587891,7.715000152587891,7.715000152587891,7.715000152587891,7.715000152587891,598.0
2024-03-01 14:57:00,MYNZ,0.8799999952316284,0.8799999952316284,0.8799999952316284,0.8798999786376953,0.8798999786376953,2293.0
2024-03-01 14:57:00,NARI,46.2400016784668,46.2400016784668,46.2400016784668,46.13999938964844,46.15999984741211,2811.0
2024-03-01 14:57:00,NAUT,2.640000104904175,2.640000104904175,2.640000104904175,2.640000104904175,2.640000104904175,100.0
2024-03-01 14:57:00,NBIX,131.83999633789062,131.83999633789062,131.86000061035156,131.80999755859375,131.80999755859375,1706.0
2024-03-01 14:57:00,NDRA,1.149899959564209,1.149899959564209,1.149899959564209,1.149899959564209,1.149899959564209,2000.0
2024-03-01 14:57:00,NEO,16.110000610351562,16.110000610351562,16.114999771118164,16.104999542236328,16.104999542236328,541.0
2024-03-01 14:57:00,NEOG,17.354999542236328,17.354999542236328,17.354999542236328,17.350000381469727,17.350000381469727,1400.0
2024-03-01 14:57:00,NERV,2.6600000858306885,2.6600000858306885,2.6600000858306885,2.6600000858306885,2.6600000858306885,500.0
2024-03-01 14:57:00,NEXI,6.449999809265137,6.449999809265137,6.449999809265137,6.449999809265137,6.449999809265137,103.0
2024-03-01 14:57:00,NGM,1.5199999809265137,1.5199999809265137,1.5199999809265137,1.5199999809265137,1.5199999809265137,323.0
2024-03-01 14:57:00,NKTR,0.7736999988555908,0.7736999988555908,0.7736999988555908,0.7736999988555908,0.7736999988555908,142.0
2024-03-01 14:57:00,NNOX,10.744999885559082,10.744999885559082,10.75,10.729999542236328,10.734999656677246,7923.0
2024-03-01 14:57:00,NOTV,8.039999961853027,8.039999961853027,8.039999961853027,8.039999961853027,8.039999961853027,674.0
2024-03-01 14:57:00,NPCE,16.399999618530273,16.399999618530273,16.399999618530273,16.329999923706055,16.360000610351562,2211.0
2024-03-01 14:57:00,NRIX,13.579999923706055,13.579999923706055,13.579999923706055,13.579999923706055,13.579999923706055,443.0
2024-03-01 14:57:00,NRXP,0.4311000108718872,0.4311000108718872,0.4311000108718872,0.4311000108718872,0.4311000108718872,386.0
2024-03-01 14:57:00,NTLA,33.39500045776367,33.39500045776367,33.41999816894531,33.38999938964844,33.400001525878906,2577.0
2024-03-01 14:57:00,NTRA,89.08999633789062,89.08999633789062,89.12000274658203,89.06500244140625,89.06500244140625,2316.0
2024-03-01 14:57:00,NUVL,87.7300033569336,87.7300033569336,87.7699966430664,87.7300033569336,87.7699966430664,291.0
2024-03-01 14:57:00,NVAX,5.309999942779541,5.309999942779541,5.324999809265137,5.309999942779541,5.320000171661377,71655.0
2024-03-01 14:57:00,NVCR,16.030000686645508,16.030000686645508,16.040000915527344,16.030000686645508,16.040000915527344,1140.0
2024-03-01 14:57:00,NVCT,10.779999732971191,10.779999732971191,10.779999732971191,10.779999732971191,10.779999732971191,100.0
2024-03-01 14:57:00,NVNO,6.46999979019165,6.46999979019165,6.46999979019165,6.46999979019165,6.46999979019165,1153.0
2024-03-01 14:57:00,NXTC,1.8299000263214111,1.8299000263214111,1.8299000263214111,1.7999999523162842,1.7999999523162842,3106.0
2024-03-01 14:57:00,OCGN,0.9599000215530396,0.9599000215530396,0.9609000086784363,0.9599000215530396,0.9609000086784363,7872.0
2024-03-01 14:57:00,OCUL,10.71500015258789,10.71500015258789,10.720000267028809,10.710000038146973,10.710000038146973,2577.0
2024-03-01 14:57:00,OFIX,12.925000190734863,12.925000190734863,12.9399995803833,12.925000190734863,12.930000305175781,3067.0
2024-03-01 14:57:00,OLMA,14.895000457763672,14.895000457763672,14.899999618530273,14.885000228881836,14.890000343322754,926.0
2024-03-01 14:57:00,OM,3.184999942779541,3.184999942779541,3.184999942779541,3.180000066757202,3.180000066757202,2688.0
2024-03-01 14:57:00,OMCL,26.510000228881836,26.510000228881836,26.530000686645508,26.510000228881836,26.530000686645508,749.0
2024-03-01 14:57:00,OMGA,4.394999980926514,4.394999980926514,4.400000095367432,4.389999866485596,4.400000095367432,2631.0
2024-03-01 14:57:00,ONCT,10.529999732971191,10.529999732971191,10.529999732971191,10.430000305175781,10.430000305175781,1028.0
2024-03-01 14:57:00,ONCY,1.1449999809265137,1.1449999809265137,1.1449999809265137,1.1433000564575195,1.1433000564575195,1000.0
2024-03-01 14:58:00,ABCL,5.091700077056885,5.091700077056885,5.09499979019165,5.090000152587891,5.090000152587891,2829.0
2024-03-01 14:58:00,ABEO,7.769999980926514,7.769999980926514,7.789999961853027,7.769999980926514,7.789999961853027,1089.0
2024-03-01 14:58:00,ABOS,4.590000152587891,4.590000152587891,4.590000152587891,4.585000038146973,4.585000038146973,1732.0
2024-03-01 14:58:00,ABSI,5.534999847412109,5.534999847412109,5.539999961853027,5.510000228881836,5.519999980926514,3789.0
2024-03-01 14:58:00,ABUS,2.765000104904175,2.765000104904175,2.765000104904175,2.751199960708618,2.751199960708618,7720.0
2024-03-01 14:58:00,ABVC,1.1943000555038452,1.1943000555038452,1.1943999528884888,1.190000057220459,1.190000057220459,1652.0
2024-03-01 14:58:00,ACAD,24.145000457763672,24.145000457763672,24.15999984741211,24.145000457763672,24.155000686645508,2327.0
2024-03-01 14:58:00,ACCD,10.055000305175781,10.055000305175781,10.0600004196167,10.039999961853027,10.055000305175781,6717.0
2024-03-01 14:58:00,ACET,2.3949999809265137,2.3949999809265137,2.4000000953674316,2.390000104904175,2.3949999809265137,2802.0
2024-03-01 14:58:00,ACHC,84.22000122070312,84.22000122070312,84.22000122070312,84.22000122070312,84.22000122070312,1182.0
2024-03-01 14:58:00,ACIU,3.8399999141693115,3.8399999141693115,3.8399999141693115,3.8399999141693115,3.8399999141693115,2414.0
2024-03-01 14:58:00,ACLX,67.94999694824219,67.94999694824219,67.9800033569336,67.94999694824219,67.9800033569336,423.0
2024-03-01 14:58:00,ACON,0.39980000257492065,0.39980000257492065,0.39980000257492065,0.39739999175071716,0.39739999175071716,1150.0
2024-03-01 14:58:00,ACRS,1.225000023841858,1.225000023841858,1.225000023841858,1.225000023841858,1.225000023841858,432.0
2024-03-01 14:58:00,ADAP,1.589900016784668,1.589900016784668,1.590000033378601,1.589900016784668,1.590000033378601,1696.0
2024-03-01 14:58:00,ADIL,2.7699999809265137,2.7699999809265137,2.7799999713897705,2.700000047683716,2.7109999656677246,105248.0
2024-03-01 14:58:00,ADMA,5.545000076293945,5.545000076293945,5.550000190734863,5.539999961853027,5.545000076293945,5947.0
2024-03-01 14:58:00,ADPT,4.070000171661377,4.070000171661377,4.070000171661377,4.065000057220459,4.065000057220459,962.0
2024-03-01 14:58:00,ADVM,1.9800000190734863,1.9800000190734863,1.9800000190734863,1.9700000286102295,1.9774999618530273,1190.0
2024-03-01 14:58:00,AGEN,0.6700500249862671,0.6700500249862671,0.6700999736785889,0.6700000166893005,0.6700500249862671,4047.0
2024-03-01 14:58:00,AGIO,32.40999984741211,32.40999984741211,32.40999984741211,32.38999938964844,32.38999938964844,1050.0
2024-03-01 14:58:00,AHCO,10.505000114440918,10.505000114440918,10.520000457763672,10.479999542236328,10.479999542236328,9284.0
2024-03-01 14:58:00,AKBA,1.684999942779541,1.684999942779541,1.690000057220459,1.684999942779541,1.684999942779541,2810.0
2024-03-01 14:58:00,AKRO,28.665000915527344,28.665000915527344,28.690000534057617,28.6299991607666,28.6299991607666,3957.0
2024-03-01 14:58:00,ALDX,4.244999885559082,4.244999885559082,4.25,4.240900039672852,4.248700141906738,861.0
2024-03-01 14:58:00,ALEC,7.459700107574463,7.459700107574463,7.459700107574463,7.454999923706055,7.454999923706055,779.0
2024-03-01 14:58:00,ALGN,302.489990234375,302.489990234375,302.6000061035156,302.489990234375,302.6000061035156,648.0
2024-03-01 14:58:00,ALHC,5.599999904632568,5.599999904632568,5.599999904632568,5.599999904632568,5.599999904632568,163.0
2024-03-01 14:58:00,ALKS,30.079999923706055,30.079999923706055,30.09000015258789,30.059999465942383,30.059999465942383,2599.0
2024-03-01 14:58:00,ALLK,1.649999976158142,1.649999976158142,1.659999966621399,1.649999976158142,1.6549999713897705,1234.0
2024-03-01 14:58:00,ALLO,4.989999771118164,4.989999771118164,5.010000228881836,4.989999771118164,5.008699893951416,22596.0
2024-03-01 14:58:00,ALNY,153.5500030517578,153.5500030517578,153.5500030517578,153.5500030517578,153.5500030517578,291.0
2024-03-01 14:58:00,ALPN,35.849998474121094,35.849998474121094,35.849998474121094,35.810001373291016,35.810001373291016,657.0
2024-03-01 14:58:00,ALT,12.069999694824219,12.069999694824219,12.069999694824219,12.069999694824219,12.069999694824219,2511.0
2024-03-01 14:58:00,ALVR,0.7425000071525574,0.7425000071525574,0.7425000071525574,0.7412999868392944,0.7412999868392944,1690.0
2024-03-01 14:58:00,ALXO,15.020000457763672,15.020000457763672,15.039999961853027,15.020000457763672,15.039999961853027,643.0
2024-03-01 14:58:00,ALZN,0.9296000003814697,0.9296000003814697,0.9399999976158142,0.9290000200271606,0.9290000200271606,1811.0
2024-03-01 14:58:00,AMED,93.33000183105469,93.33000183105469,93.4000015258789,93.33000183105469,93.38999938964844,574.0
2024-03-01 14:58:00,AMGN,280.7372131347656,280.7372131347656,280.7372131347656,280.6700134277344,280.6700134277344,2158.0
2024-03-01 14:58:00,AMLX,18.81999969482422,18.81999969482422,18.860000610351562,18.790000915527344,18.790000915527344,24656.0
2024-03-01 14:58:00,AMPH,45.654998779296875,45.654998779296875,45.709999084472656,45.654998779296875,45.689998626708984,2176.0
2024-03-01 14:58:00,AMRN,1.0499999523162842,1.0499999523162842,1.0499999523162842,1.0499999523162842,1.0499999523162842,129.0
2024-03-01 14:58:00,ANAB,25.399999618530273,25.399999618530273,25.399999618530273,25.399999618530273,25.399999618530273,312.0
2024-03-01 14:58:00,ANGO,5.494999885559082,5.494999885559082,5.494999885559082,5.494999885559082,5.494999885559082,144.0
2024-03-01 14:58:00,ANIX,3.490000009536743,3.490000009536743,3.490000009536743,3.490000009536743,3.490000009536743,2242.0
2024-03-01 14:58:00,ANNX,6.050000190734863,6.050000190734863,6.059999942779541,6.050000190734863,6.057499885559082,2961.0
2024-03-01 14:58:00,APLS,64.19499969482422,64.19499969482422,64.19999694824219,64.16000366210938,64.16999816894531,1731.0
2024-03-01 14:58:00,APLT,7.019999980926514,7.019999980926514,7.03000020980835,7.019999980926514,7.03000020980835,503.0
2024-03-01 14:58:00,AQST,4.059999942779541,4.059999942779541,4.069900035858154,4.059999942779541,4.059999942779541,5015.0
2024-03-01 14:58:00,ARCT,39.83000183105469,39.83000183105469,39.83000183105469,39.83000183105469,39.83000183105469,505.0
2024-03-01 14:58:00,ARDX,9.479999542236328,9.479999542236328,9.479999542236328,9.470000267028809,9.470000267028809,2856.0
2024-03-01 14:58:00,ARQT,11.5,11.5,11.5,11.460000038146973,11.463700294494629,7825.0
2024-03-01 14:58:00,ARVN,48.290000915527344,48.290000915527344,48.290000915527344,48.25,48.25,365.0
2024-03-01 14:58:00,ARWR,35.55500030517578,35.55500030517578,35.59000015258789,35.38999938964844,35.54999923706055,16946.0
2024-03-01 14:58:00,ASND,153.4199981689453,153.4199981689453,153.4199981689453,153.4199981689453,153.4199981689453,348.0
2024-03-01 14:58:00,ATAI,2.1549999713897705,2.1549999713897705,2.1549999713897705,2.1549999713897705,2.1549999713897705,2855.0
2024-03-01 14:58:00,ATEC,13.4350004196167,13.4350004196167,13.4399995803833,13.430000305175781,13.430000305175781,2619.0
2024-03-01 14:58:00,ATNF,3.309799909591675,3.309799909591675,3.3399999141693115,3.299999952316284,3.3399999141693115,3401.0
2024-03-01 14:58:00,ATOS,1.0099999904632568,1.0099999904632568,1.0099999904632568,1.0099999904632568,1.0099999904632568,104.0
2024-03-01 14:58:00,ATRA,0.7909500002861023,0.7909500002861023,0.7918499708175659,0.7900999784469604,0.7901999950408936,21740.0
2024-03-01 14:58:00,ATRC,36.12839889526367,36.12839889526367,36.13999938964844,36.12839889526367,36.130001068115234,1190.0
2024-03-01 14:58:00,ATXS,14.960000038146973,14.960000038146973,14.960000038146973,14.930000305175781,14.930000305175781,2462.0
2024-03-01 14:58:00,AUGX,4.550000190734863,4.550000190734863,4.550000190734863,4.550000190734863,4.550000190734863,209.0
2024-03-01 14:58:00,AUPH,5.804999828338623,5.804999828338623,5.809999942779541,5.800000190734863,5.804999828338623,2896.0
2024-03-01 14:58:00,AVDL,13.289999961853027,13.289999961853027,13.289999961853027,13.279999732971191,13.279999732971191,864.0
2024-03-01 14:58:00,AVIR,4.470399856567383,4.470399856567383,4.470399856567383,4.46999979019165,4.46999979019165,356.0
2024-03-01 14:58:00,AVXL,5.375,5.375,5.375,5.369999885559082,5.369999885559082,2134.0
2024-03-01 14:58:00,AXGN,10.550000190734863,10.550000190734863,10.550000190734863,10.550000190734863,10.550000190734863,100.0
2024-03-01 14:58:00,AXSM,82.4000015258789,82.4000015258789,82.4000015258789,82.29000091552734,82.29000091552734,1632.0
2024-03-01 14:58:00,AZN,64.67500305175781,64.67500305175781,64.68000030517578,64.66000366210938,64.66500091552734,9155.0
2024-03-01 14:58:00,AZTA,66.95999908447266,66.95999908447266,67.01000213623047,66.93000030517578,67.01000213623047,2620.0
2024-03-01 14:58:00,BCAB,2.819999933242798,2.819999933242798,2.819999933242798,2.819999933242798,2.819999933242798,1117.0
2024-03-01 14:58:00,BCDA,0.5799000263214111,0.5799000263214111,0.5799000263214111,0.5799000263214111,0.5799000263214111,500.0
2024-03-01 14:58:00,BCRX,5.695000171661377,5.695000171661377,5.704999923706055,5.690100193023682,5.695000171661377,15949.0
2024-03-01 14:58:00,BDTX,4.699999809265137,4.699999809265137,4.724999904632568,4.695000171661377,4.710000038146973,12856.0
2024-03-01 14:58:00,BEAM,40.0,40.0,40.0,39.974998474121094,39.974998474121094,1072.0
2024-03-01 14:58:00,BGXX,0.25850000977516174,0.25850000977516174,0.25850000977516174,0.25850000977516174,0.25850000977516174,305.0
2024-03-01 14:58:00,BIIB,221.50999450683594,221.50999450683594,221.75,221.5,221.75,2949.0
2024-03-01 14:58:00,BIOL,0.14499899744987488,0.14499899744987488,0.14499899744987488,0.14499899744987488,0.14499899744987488,9000.0
2024-03-01 14:58:00,BIVI,2.0415000915527344,2.0415000915527344,2.0499000549316406,2.023099899291992,2.023099899291992,7692.0
2024-03-01 14:58:00,BLRX,1.3480000495910645,1.3480000495910645,1.3480000495910645,1.3480000495910645,1.3480000495910645,551.0
2024-03-01 14:58:00,BLUE,1.5750000476837158,1.5750000476837158,1.5780999660491943,1.5700000524520874,1.570199966430664,29294.0
2024-03-01 14:58:00,BMEA,18.139999389648438,18.139999389648438,18.18000030517578,18.139999389648438,18.18000030517578,1429.0
2024-03-01 14:58:00,BMRA,1.2000000476837158,1.2000000476837158,1.2000000476837158,1.2000000476837158,1.2000000476837158,104.0
2024-03-01 14:58:00,BMRN,87.8499984741211,87.8499984741211,87.95999908447266,87.8499984741211,87.95999908447266,5203.0
2024-03-01 14:58:00,BNGO,1.2699999809265137,1.2699999809265137,1.2699999809265137,1.2699999809265137,1.2699999809265137,257.0
2024-03-01 14:58:00,BNTX,90.93000030517578,90.93000030517578,90.93000030517578,90.93000030517578,90.93000030517578,561.0
2024-03-01 14:58:00,BPMC,96.40499877929688,96.40499877929688,96.51000213623047,96.36000061035156,96.51000213623047,1342.0
2024-03-01 14:58:00,BRKR,88.86000061035156,88.86000061035156,88.87999725341797,88.8499984741211,88.86000061035156,5639.0
2024-03-01 14:58:00,BTAI,3.2049999237060547,3.2049999237060547,3.2049999237060547,3.2049999237060547,3.2049999237060547,240.0
2024-03-01 14:58:00,BTTX,0.1800999939441681,0.1800999939441681,0.18289999663829803,0.18000000715255737,0.18240100145339966,22277.0
2024-03-01 14:58:00,CABA,23.979999542236328,23.979999542236328,23.979999542236328,23.979999542236328,23.979999542236328,298.0
2024-03-01 14:58:00,CARA,0.9599000215530396,0.9599000215530396,0.9599000215530396,0.9599000215530396,0.9599000215530396,800.0
2024-03-01 14:58:00,CBAY,32.224998474121094,32.224998474121094,32.22999954223633,32.224998474121094,32.22999954223633,3938.0
2024-03-01 14:58:00,CCCC,11.045000076293945,11.045000076293945,11.050000190734863,11.03499984741211,11.03499984741211,6854.0
2024-03-01 14:58:00,CDMO,8.210000038146973,8.210000038146973,8.210000038146973,8.210000038146973,8.210000038146973,1188.0
2024-03-01 14:58:00,CDNA,12.449999809265137,12.449999809265137,12.449999809265137,12.390000343322754,12.399999618530273,4666.0
2024-03-01 14:58:00,CDXS,4.605000019073486,4.605000019073486,4.605000019073486,4.59499979019165,4.599999904632568,4332.0
2024-03-01 14:58:00,CELC,17.09000015258789,17.09000015258789,17.09000015258789,17.09000015258789,17.09000015258789,1623.0
2024-03-01 14:58:00,CERE,41.08250045776367,41.08250045776367,41.09000015258789,41.08000183105469,41.08000183105469,780.0
2024-03-01 14:58:00,CERS,2.184999942779541,2.184999942779541,2.184999942779541,2.184999942779541,2.184999942779541,102.0
2024-03-01 14:58:00,CERT,18.239999771118164,18.239999771118164,18.239999771118164,18.239999771118164,18.239999771118164,1565.0
2024-03-01 14:58:00,CGC,3.2149999141693115,3.2149999141693115,3.2149999141693115,3.2116000652313232,3.2116000652313232,2251.0
2024-03-01 14:58:00,CHRS,2.4200000762939453,2.4200000762939453,2.424999952316284,2.4200000762939453,2.424999952316284,12931.0
2024-03-01 14:58:00,CKPT,2.190000057220459,2.190000057220459,2.190000057220459,2.190000057220459,2.190000057220459,100.0
2024-03-01 14:58:00,CLDX,52.79999923706055,52.79999923706055,52.79999923706055,52.70000076293945,52.70000076293945,1925.0
2024-03-01 14:58:00,CLNN,0.3840999901294708,0.3840999901294708,0.3840999901294708,0.3840999901294708,0.3840999901294708,510.0
2024-03-01 14:58:00,CLOV,0.8650000095367432,0.8650000095367432,0.8651000261306763,0.8650000095367432,0.8650000095367432,2828.0
2024-03-01 14:58:00,CLPT,6.554999828338623,6.554999828338623,6.554999828338623,6.554999828338623,6.554999828338623,462.0
2024-03-01 14:58:00,CLRB,4.119999885559082,4.119999885559082,4.119999885559082,4.114999771118164,4.114999771118164,1302.0
2024-03-01 14:58:00,CMPS,11.75,11.75,11.805000305175781,11.75,11.75,6601.0
2024-03-01 14:58:00,CNSP,0.32405099272727966,0.32405099272727966,0.32405099272727966,0.32405099272727966,0.32405099272727966,208.0
2024-03-01 14:58:00,COGT,7.199999809265137,7.199999809265137,7.199999809265137,7.190000057220459,7.190000057220459,3148.0
2024-03-01 14:58:00,CORT,24.299999237060547,24.299999237060547,24.31999969482422,24.299999237060547,24.31999969482422,1252.0
2024-03-01 14:58:00,CPIX,2.1500000953674316,2.1500000953674316,2.1500000953674316,2.1500000953674316,2.1500000953674316,212.0
2024-03-01 14:58:00,CPRX,17.1299991607666,17.1299991607666,17.139999389648438,17.094999313354492,17.1299991607666,12376.0
2024-03-01 14:58:00,CPSI,9.399999618530273,9.399999618530273,9.399999618530273,9.390000343322754,9.399999618530273,2699.0
2024-03-01 14:58:00,CRBP,32.61000061035156,32.61000061035156,32.630001068115234,32.34000015258789,32.630001068115234,958.0
2024-03-01 14:58:00,CRBU,7.885000228881836,7.885000228881836,7.885000228881836,7.869999885559082,7.875,2568.0
2024-03-01 14:58:00,CRDF,2.7060000896453857,2.7060000896453857,2.7699999809265137,2.680000066757202,2.738300085067749,160570.0
2024-03-01 14:58:00,CRMD,3.6700000762939453,3.6700000762939453,3.6700000762939453,3.6700000762939453,3.6700000762939453,469.0
2024-03-01 14:58:00,CRNX,46.34000015258789,46.34000015258789,46.34000015258789,46.34000015258789,46.34000015258789,211.0
2024-03-01 14:58:00,CRON,2.0399999618530273,2.0399999618530273,2.0399999618530273,2.0350000858306885,2.0394999980926514,1804.0
2024-03-01 14:58:00,CRSP,85.25749969482422,85.25749969482422,85.25749969482422,85.11000061035156,85.11000061035156,1660.0
2024-03-01 14:58:00,CSTL,19.96500015258789,19.96500015258789,19.979999542236328,19.93000030517578,19.969999313354492,2696.0
2024-03-01 14:58:00,CTKB,9.050000190734863,9.050000190734863,9.050000190734863,9.020000457763672,9.020000457763672,3962.0
2024-03-01 14:58:00,CTMX,2.505000114440918,2.505000114440918,2.505000114440918,2.505000114440918,2.505000114440918,200.0
2024-03-01 14:58:00,CUTR,2.384999990463257,2.384999990463257,2.384999990463257,2.380000114440918,2.384999990463257,1135.0
2024-03-01 14:58:00,CVAC,3.452500104904175,3.452500104904175,3.452500104904175,3.450000047683716,3.450000047683716,208.0
2024-03-01 14:58:00,CYCC,2.8299999237060547,2.8299999237060547,2.8299999237060547,2.819999933242798,2.819999933242798,1076.0
2024-03-01 14:58:00,CYTK,73.97000122070312,73.97000122070312,73.97000122070312,73.9000015258789,73.91999816894531,1851.0
2024-03-01 14:58:00,CYTO,2.303499937057495,2.303499937057495,2.303499937057495,2.303499937057495,2.303499937057495,520.0
2024-03-01 14:58:00,DAWN,17.719999313354492,17.719999313354492,17.719999313354492,17.719999313354492,17.719999313354492,555.0
2024-03-01 14:58:00,DCGO,4.114999771118164,4.114999771118164,4.119999885559082,4.110000133514404,4.114999771118164,1614.0
2024-03-01 14:58:00,DCPH,17.524999618530273,17.524999618530273,17.524999618530273,17.5,17.5,1291.0
2024-03-01 14:58:00,DH,8.920000076293945,8.920000076293945,8.920000076293945,8.920000076293945,8.920000076293945,1405.0
2024-03-01 14:58:00,DMTK,0.8499000072479248,0.8499000072479248,0.8499000072479248,0.8499000072479248,0.8499000072479248,3911.0
2024-03-01 14:58:00,DNLI,21.1200008392334,21.1200008392334,21.139999389648438,21.1200008392334,21.139999389648438,492.0
2024-03-01 14:58:00,DRRX,1.0099999904632568,1.0099999904632568,1.0099999904632568,1.0099999904632568,1.0099999904632568,201.0
2024-03-01 14:58:00,DTIL,12.590700149536133,12.590700149536133,12.590700149536133,12.590700149536133,12.590700149536133,503.0
2024-03-01 14:58:00,DVAX,12.824999809265137,12.824999809265137,12.824999809265137,12.8149995803833,12.8149995803833,4680.0
2024-03-01 14:58:00,DXCM,121.33499908447266,121.33499908447266,121.34249877929688,121.29000091552734,121.29000091552734,8020.0
2024-03-01 14:58:00,DYN,29.049999237060547,29.049999237060547,29.06999969482422,29.040000915527344,29.040000915527344,1494.0
2024-03-01 14:58:00,EDIT,10.84749984741211,10.84749984741211,10.84749984741211,10.835000038146973,10.84000015258789,2171.0
2024-03-01 14:58:00,EGRX,6.599999904632568,6.599999904632568,6.599999904632568,6.590000152587891,6.590000152587891,372.0
2024-03-01 14:58:00,ELEV,5.090000152587891,5.090000152587891,5.090000152587891,5.090000152587891,5.090000152587891,101.0
2024-03-01 14:58:00,ENVB,1.5099999904632568,1.5099999904632568,1.5099999904632568,1.5008000135421753,1.5010000467300415,5429.0
2024-03-01 14:58:00,EOLS,14.789999961853027,14.789999961853027,14.789999961853027,14.789999961853027,14.789999961853027,491.0
2024-03-01 14:58:00,EQ,2.4700000286102295,2.4700000286102295,2.4700000286102295,2.4700000286102295,2.4700000286102295,500.0
2024-03-01 14:58:00,ERAS,2.505000114440918,2.505000114440918,2.505000114440918,2.505000114440918,2.505000114440918,292.0
2024-03-01 14:58:00,ESPR,2.555000066757202,2.555000066757202,2.555000066757202,2.555000066757202,2.555000066757202,2635.0
2024-03-01 14:58:00,ESTA,44.76499938964844,44.76499938964844,44.779998779296875,44.369998931884766,44.41999816894531,3721.0
2024-03-01 14:58:00,ETNB,12.75,12.75,12.8100004196167,12.75,12.8100004196167,7383.0
2024-03-01 14:58:00,EVGN,0.9700000286102295,0.9700000286102295,0.9700000286102295,0.9700000286102295,0.9700000286102295,799.0
2024-03-01 14:58:00,EWTX,17.024999618530273,17.024999618530273,17.030000686645508,17.024999618530273,17.024999618530273,3176.0
2024-03-01 14:58:00,EXAI,6.651000022888184,6.651000022888184,6.651000022888184,6.651000022888184,6.651000022888184,149.0
2024-03-01 14:58:00,EXAS,60.0,60.0,60.0099983215332,59.97999954223633,59.97999954223633,2649.0
2024-03-01 14:58:00,EXEL,22.360000610351562,22.360000610351562,22.364999771118164,22.354999542236328,22.364999771118164,6113.0
2024-03-01 14:58:00,FATE,7.735000133514404,7.735000133514404,7.739999771118164,7.735000133514404,7.739999771118164,1205.0
2024-03-01 14:58:00,FBIO,2.369999885559082,2.369999885559082,2.369999885559082,2.359999895095825,2.359999895095825,648.0
2024-03-01 14:58:00,FDMT,29.389999389648438,29.389999389648438,29.40999984741211,29.3700008392334,29.3700008392334,1857.0
2024-03-01 14:58:00,FEMY,1.7300000190734863,1.7300000190734863,1.7300000190734863,1.7300000190734863,1.7300000190734863,530.0
2024-03-01 14:58:00,FGEN,1.850000023841858,1.850000023841858,1.850000023841858,1.850000023841858,1.850000023841858,1008.0
2024-03-01 14:58:00,FHTX,8.079999923706055,8.079999923706055,8.079999923706055,8.079999923706055,8.079999923706055,340.0
2024-03-01 14:58:00,FIXX,0.9247000217437744,0.9247000217437744,0.9247000217437744,0.9204000234603882,0.9204000234603882,900.0
2024-03-01 14:58:00,FLGT,23.094999313354492,23.094999313354492,23.094999313354492,23.094999313354492,23.094999313354492,326.0
2024-03-01 14:58:00,FOLD,13.3149995803833,13.3149995803833,13.319999694824219,13.3100004196167,13.3100004196167,4105.0
2024-03-01 14:58:00,FULC,11.010000228881836,11.010000228881836,11.020000457763672,11.0,11.020000457763672,2406.0
2024-03-01 14:58:00,FUSN,12.154999732971191,12.154999732971191,12.180000305175781,12.130000114440918,12.130000114440918,3251.0
2024-03-01 14:58:00,FWBI,8.851400375366211,8.851400375366211,8.859999656677246,8.851400375366211,8.859999656677246,1590.0
2024-03-01 14:58:00,GDRX,8.46500015258789,8.46500015258789,8.46500015258789,8.46500015258789,8.46500015258789,715.0
2024-03-01 14:58:00,GERN,2.244999885559082,2.244999885559082,2.244999885559082,2.240000009536743,2.244999885559082,10446.0
2024-03-01 14:58:00,GH,19.065000534057617,19.065000534057617,19.065000534057617,19.05500030517578,19.059999465942383,1437.0
2024-03-01 14:58:00,GHSI,8.239999771118164,8.239999771118164,8.239999771118164,8.239999771118164,8.239999771118164,688.0
2024-03-01 14:58:00,GILD,72.5199966430664,72.5199966430664,72.53500366210938,72.5199966430664,72.5199966430664,6148.0
2024-03-01 14:58:00,GLPG,35.060001373291016,35.060001373291016,35.07500076293945,35.060001373291016,35.07500076293945,624.0
2024-03-01 14:58:00,GLTO,0.8209999799728394,0.8209999799728394,0.8209999799728394,0.8187000155448914,0.8187000155448914,3990.0
2024-03-01 14:58:00,GMAB,29.385000228881836,29.385000228881836,29.399999618530273,29.385000228881836,29.399999618530273,2066.0
2024-03-01 14:58:00,GOSS,1.4149999618530273,1.4149999618530273,1.4199999570846558,1.4149999618530273,1.4199999570846558,506.0
2024-03-01 14:58:00,GRFS,7.0,7.0,7.005000114440918,7.0,7.005000114440918,2508.0
2024-03-01 14:58:00,GRTS,2.1050000190734863,2.1050000190734863,2.1050000190734863,2.0899999141693115,2.0899999141693115,63268.0
2024-03-01 14:58:00,GTHX,3.799999952316284,3.799999952316284,3.799999952316284,3.7899999618530273,3.7899999618530273,2612.0
2024-03-01 14:58:00,HBIO,4.349999904632568,4.349999904632568,4.349999904632568,4.349999904632568,4.349999904632568,216.0
2024-03-01 14:58:00,HCAT,8.175000190734863,8.175000190734863,8.175000190734863,8.175000190734863,8.175000190734863,249.0
2024-03-01 14:58:00,HCM,15.145000457763672,15.145000457763672,15.145000457763672,15.145000457763672,15.145000457763672,101.0
2024-03-01 14:58:00,HCSG,12.845000267028809,12.845000267028809,12.850000381469727,12.845000267028809,12.845000267028809,978.0
2024-03-01 14:58:00,HCTI,2.069999933242798,2.069999933242798,2.069999933242798,2.059999942779541,2.069999933242798,400.0
2024-03-01 14:58:00,HOLX,74.38500213623047,74.38500213623047,74.38500213623047,74.375,74.375,651.0
2024-03-01 14:58:00,HQY,81.48999786376953,81.48999786376953,81.48999786376953,81.40499877929688,81.40499877929688,3515.0
2024-03-01 14:58:00,HRMY,31.6200008392334,31.6200008392334,31.6200008392334,31.59000015258789,31.59000015258789,1396.0
2024-03-01 14:58:00,HRTX,2.5999999046325684,2.5999999046325684,2.609999895095825,2.5999999046325684,2.5999999046325684,2945.0
2024-03-01 14:58:00,HSCS,0.11879999935626984,0.11879999935626984,0.11879999935626984,0.11879999935626984,0.11879999935626984,116.0
2024-03-01 14:58:00,HSIC,76.87000274658203,76.87000274658203,76.87999725341797,76.87000274658203,76.87000274658203,870.0
2024-03-01 14:58:00,HUMA,3.2149999141693115,3.2149999141693115,3.2149999141693115,3.2149999141693115,3.2149999141693115,241.0
2024-03-01 14:58:00,IART,36.29999923706055,36.29999923706055,36.29999923706055,36.279998779296875,36.279998779296875,1960.0
2024-03-01 14:58:00,IBRX,4.860000133514404,4.860000133514404,4.869999885559082,4.855000019073486,4.855000019073486,3062.0
2024-03-01 14:58:00,ICLR,324.9200134277344,324.9200134277344,325.1499938964844,324.7799987792969,324.9599914550781,4015.0
2024-03-01 14:58:00,IDXX,578.030029296875,578.030029296875,578.5650024414062,578.030029296875,578.5650024414062,465.0
2024-03-01 14:58:00,IDYA,46.29999923706055,46.29999923706055,46.29999923706055,46.29999923706055,46.29999923706055,338.0
2024-03-01 14:58:00,IFRX,1.7590999603271484,1.7590999603271484,1.7590999603271484,1.7590999603271484,1.7590999603271484,500.0
2024-03-01 14:58:00,IGMS,13.0,13.0,13.069999694824219,13.0,13.069999694824219,556.0
2024-03-01 14:58:00,IMMX,3.505000114440918,3.505000114440918,3.505000114440918,3.505000114440918,3.505000114440918,100.0
2024-03-01 14:58:00,IMVT,35.724998474121094,35.724998474121094,35.7400016784668,35.70500183105469,35.70500183105469,3489.0
2024-03-01 14:58:00,INBX,36.525001525878906,36.525001525878906,36.525001525878906,36.525001525878906,36.525001525878906,249.0
2024-03-01 14:58:00,INCY,59.0,59.0,59.02000045776367,58.9900016784668,59.02000045776367,3359.0
2024-03-01 14:58:00,INGN,6.760000228881836,6.760000228881836,6.760000228881836,6.760000228881836,6.760000228881836,325.0
2024-03-01 14:58:00,INMD,22.895000457763672,22.895000457763672,22.895000457763672,22.880199432373047,22.880199432373047,1513.0
2024-03-01 14:58:00,INO,9.5600004196167,9.5600004196167,9.5600004196167,9.5600004196167,9.5600004196167,203.0
2024-03-01 14:58:00,INSM,28.065000534057617,28.065000534057617,28.06999969482422,28.024999618530273,28.024999618530273,5479.0
2024-03-01 14:58:00,INVA,15.515000343322754,15.515000343322754,15.515000343322754,15.510000228881836,15.510000228881836,2373.0
2024-03-01 14:58:00,IOBT,1.8250000476837158,1.8250000476837158,1.8250000476837158,1.8250000476837158,1.8250000476837158,462877.0
2024-03-01 14:58:00,IONS,45.869998931884766,45.869998931884766,45.869998931884766,45.849998474121094,45.86000061035156,1332.0
2024-03-01 14:58:00,IOVA,17.030000686645508,17.030000686645508,17.04990005493164,16.954999923706055,16.960100173950195,27408.0
2024-03-01 14:58:00,IRMD,41.540000915527344,41.540000915527344,41.540000915527344,41.540000915527344,41.540000915527344,314.0
2024-03-01 14:58:00,IRWD,8.970000267028809,8.970000267028809,8.979999542236328,8.9350004196167,8.9350004196167,30667.0
2024-03-01 14:58:00,ISRG,397.3599853515625,397.3599853515625,397.3599853515625,397.19000244140625,397.19000244140625,2001.0
2024-03-01 14:58:00,ITCI,71.97000122070312,71.97000122070312,71.97000122070312,71.97000122070312,71.97000122070312,279.0
2024-03-01 14:58:00,ITOS,11.34000015258789,11.34000015258789,11.359999656677246,11.329999923706055,11.329999923706055,1011.0
2024-03-01 14:58:00,ITRM,1.2799999713897705,1.2799999713897705,1.2799999713897705,1.2799999713897705,1.2799999713897705,202.0
2024-03-01 14:58:00,IXHL,5.619900226593018,5.619900226593018,5.619999885559082,5.619900226593018,5.619999885559082,2863.0
2024-03-01 14:58:00,JAGX,0.08709999918937683,0.08709999918937683,0.08799999952316284,0.08630000054836273,0.08794300258159637,299987.0
2024-03-01 14:58:00,JANX,46.0099983215332,46.0099983215332,46.0099983215332,46.0099983215332,46.0099983215332,810.0
2024-03-01 14:58:00,JAZZ,119.20999908447266,119.20999908447266,119.20999908447266,119.16500091552734,119.16500091552734,980.0
2024-03-01 14:58:00,KALV,14.170000076293945,14.170000076293945,14.170000076293945,14.170000076293945,14.170000076293945,200.0
2024-03-01 14:58:00,KNSA,21.899999618530273,21.899999618530273,21.899999618530273,21.899999618530273,21.899999618530273,231.0
2024-03-01 14:58:00,KNTE,2.609999895095825,2.609999895095825,2.609999895095825,2.609999895095825,2.609999895095825,200.0
2024-03-01 14:58:00,KPTI,1.184999942779541,1.184999942779541,1.184999942779541,1.184999942779541,1.184999942779541,400.0
2024-03-01 14:58:00,KRMD,2.1600000858306885,2.1600000858306885,2.1700000762939453,2.1600000858306885,2.1649999618530273,1850.0
2024-03-01 14:58:00,KRON,1.0499999523162842,1.0499999523162842,1.0499999523162842,1.0494999885559082,1.0494999885559082,748.0
2024-03-01 14:58:00,KRYS,169.3800048828125,169.3800048828125,169.42999267578125,169.19000244140625,169.41000366210938,2279.0
2024-03-01 14:58:00,KTRA,0.10109999775886536,0.10109999775886536,0.10109999775886536,0.10090000182390213,0.10090000182390213,236.0
2024-03-01 14:58:00,KURA,21.950000762939453,21.950000762939453,21.950000762939453,21.90999984741211,21.90999984741211,824.0
2024-03-01 14:58:00,KYMR,43.869998931884766,43.869998931884766,43.869998931884766,43.86000061035156,43.869998931884766,951.0
2024-03-01 14:58:00,KZR,1.0549999475479126,1.0549999475479126,1.0592000484466553,1.0499999523162842,1.0500999689102173,3672.0
2024-03-01 14:58:00,LAB,2.4700000286102295,2.4700000286102295,2.4749999046325684,2.4600000381469727,2.4600000381469727,38873.0
2024-03-01 14:58:00,LBPH,21.700000762939453,21.700000762939453,21.719999313354492,21.559999465942383,21.6200008392334,7055.0
2024-03-01 14:58:00,LEGN,65.625,65.625,65.625,65.5999984741211,65.5999984741211,444.0
2024-03-01 14:58:00,LFST,7.735000133514404,7.735000133514404,7.739999771118164,7.735000133514404,7.739999771118164,6485.0
2024-03-01 14:58:00,LGND,77.92500305175781,77.92500305175781,77.92500305175781,77.92500305175781,77.92500305175781,122.0
2024-03-01 14:58:00,LIVN,55.72999954223633,55.72999954223633,55.72999954223633,55.68000030517578,55.68000030517578,1503.0
2024-03-01 14:58:00,LNTH,64.62999725341797,64.62999725341797,64.62999725341797,64.58999633789062,64.58999633789062,1771.0
2024-03-01 14:58:00,LPTX,2.880000114440918,2.880000114440918,2.9000000953674316,2.880000114440918,2.9000000953674316,560.0
2024-03-01 14:58:00,LRMR,11.260000228881836,11.260000228881836,11.260000228881836,11.260000228881836,11.260000228881836,234.0
2024-03-01 14:58:00,LTRN,4.165999889373779,4.165999889373779,4.165999889373779,4.165999889373779,4.165999889373779,200.0
2024-03-01 14:58:00,LUCD,1.2400000095367432,1.2400000095367432,1.2400000095367432,1.2400000095367432,1.2400000095367432,900.0
2024-03-01 14:58:00,LUCY,0.38029998540878296,0.38029998540878296,0.38029998540878296,0.38029998540878296,0.38029998540878296,1001.0
2024-03-01 14:58:00,LUNG,9.479999542236328,9.479999542236328,9.479999542236328,9.479999542236328,9.479999542236328,550.0
2024-03-01 14:58:00,LXRX,2.484999895095825,2.484999895095825,2.490000009536743,2.484999895095825,2.490000009536743,3793.0
2024-03-01 14:58:00,LYEL,3.1524999141693115,3.1524999141693115,3.1524999141693115,3.1524999141693115,3.1524999141693115,140.0
2024-03-01 14:58:00,LYRA,5.659999847412109,5.659999847412109,5.659999847412109,5.659999847412109,5.659999847412109,200.0
2024-03-01 14:58:00,MASI,127.41999816894531,127.41999816894531,127.43000030517578,127.41999816894531,127.43000030517578,430.0
2024-03-01 14:58:00,MCRB,1.225000023841858,1.225000023841858,1.2300000190734863,1.2200000286102295,1.2202999591827393,3794.0
2024-03-01 14:58:00,MDGL,251.0399932861328,251.0399932861328,251.0399932861328,250.7899932861328,250.7899932861328,659.0
2024-03-01 14:58:00,MDRX,6.010000228881836,6.010000228881836,6.070000171661377,6.010000228881836,6.019999980926514,319049.0
2024-03-01 14:58:00,MDXG,8.654999732971191,8.654999732971191,8.664999961853027,8.649999618530273,8.664999961853027,11629.0
2024-03-01 14:58:00,ME,0.5551000237464905,0.5551000237464905,0.5555999875068665,0.5551000237464905,0.5552999973297119,11590.0
2024-03-01 14:58:00,MGNX,19.0,19.0,19.0,18.950000762939453,18.959999084472656,3810.0
2024-03-01 14:58:00,MIRM,29.350000381469727,29.350000381469727,29.350000381469727,29.350000381469727,29.350000381469727,126.0
2024-03-01 14:58:00,MIST,1.690000057220459,1.690000057220459,1.690000057220459,1.690000057220459,1.690000057220459,200.0
2024-03-01 14:58:00,MLTX,50.970001220703125,50.970001220703125,50.970001220703125,50.88999938964844,50.88999938964844,827.0
2024-03-01 14:58:00,MNKD,4.534999847412109,4.534999847412109,4.539999961853027,4.534999847412109,4.539999961853027,6008.0
2024-03-01 14:58:00,MNMD,6.224999904632568,6.224999904632568,6.228300094604492,6.210000038146973,6.21999979019165,3552.0
2024-03-01 14:58:00,MORF,39.650001525878906,39.650001525878906,39.650001525878906,39.58000183105469,39.58000183105469,1113.0
2024-03-01 14:58:00,MRAI,1.6100000143051147,1.6100000143051147,1.6100000143051147,1.6100000143051147,1.6100000143051147,200.0
2024-03-01 14:58:00,MREO,3.990000009536743,3.990000009536743,3.990000009536743,3.990000009536743,3.990000009536743,58875.0
2024-03-01 14:58:00,MRNA,95.41000366210938,95.41000366210938,95.5,95.41000366210938,95.5,3785.0
2024-03-01 14:58:00,MRNS,10.0600004196167,10.0600004196167,10.0600004196167,10.050000190734863,10.053000450134277,1430.0
2024-03-01 14:58:00,MRSN,5.989999771118164,5.989999771118164,5.989999771118164,5.960000038146973,5.96999979019165,10036.0
2024-03-01 14:58:00,MRUS,51.560001373291016,51.560001373291016,51.560001373291016,51.41999816894531,51.41999816894531,1094.0
2024-03-01 14:58:00,MRVI,7.710000038146973,7.710000038146973,7.715000152587891,7.710000038146973,7.710000038146973,626.0
2024-03-01 14:58:00,MTEM,3.630000114440918,3.630000114440918,3.630000114440918,3.630000114440918,3.630000114440918,10648.0
2024-03-01 14:58:00,MXCT,4.744999885559082,4.744999885559082,4.744999885559082,4.744999885559082,4.744999885559082,275.0
2024-03-01 14:58:00,MYGN,22.18000030517578,22.18000030517578,22.18000030517578,22.18000030517578,22.18000030517578,256.0
2024-03-01 14:58:00,MYNZ,0.8799999952316284,0.8799999952316284,0.8799999952316284,0.8799999952316284,0.8799999952316284,300.0
2024-03-01 14:58:00,NARI,46.231998443603516,46.231998443603516,46.2599983215332,46.189998626708984,46.189998626708984,1068.0
2024-03-01 14:58:00,NBIX,131.8000030517578,131.8000030517578,131.82000732421875,131.77999877929688,131.82000732421875,1630.0
2024-03-01 14:58:00,NEO,16.110000610351562,16.110000610351562,16.110000610351562,16.110000610351562,16.110000610351562,428.0
2024-03-01 14:58:00,NEOG,17.354999542236328,17.354999542236328,17.354999542236328,17.344999313354492,17.350000381469727,3179.0
2024-03-01 14:58:00,NEPH,3.130000114440918,3.130000114440918,3.130000114440918,3.130000114440918,3.130000114440918,726.0
2024-03-01 14:58:00,NERV,2.6700000762939453,2.6700000762939453,2.6700000762939453,2.6600000858306885,2.6600000858306885,484.0
2024-03-01 14:58:00,NEXI,6.460000038146973,6.460000038146973,6.460000038146973,6.460000038146973,6.460000038146973,602.0
2024-03-01 14:58:00,NGM,1.5199999809265137,1.5199999809265137,1.5199999809265137,1.5199999809265137,1.5199999809265137,1632.0
2024-03-01 14:58:00,NKTR,0.7731000185012817,0.7731000185012817,0.7731000185012817,0.7731000185012817,0.7731000185012817,1051.0
2024-03-01 14:58:00,NNOX,10.710000038146973,10.710000038146973,10.739999771118164,10.710000038146973,10.729999542236328,3446.0
2024-03-01 14:58:00,NOTV,8.039999961853027,8.039999961853027,8.039999961853027,8.020000457763672,8.020000457763672,345.0
2024-03-01 14:58:00,NPCE,16.420000076293945,16.420000076293945,16.420000076293945,16.399999618530273,16.399999618530273,940.0
2024-03-01 14:58:00,NRBO,6.199999809265137,6.199999809265137,6.199999809265137,6.199999809265137,6.199999809265137,249.0
2024-03-01 14:58:00,NRIX,13.579999923706055,13.579999923706055,13.579999923706055,13.574999809265137,13.574999809265137,835.0
2024-03-01 14:58:00,NRSN,2.009999990463257,2.009999990463257,2.009999990463257,2.0,2.0,501.0
2024-03-01 14:58:00,NTLA,33.369998931884766,33.369998931884766,33.3849983215332,33.369998931884766,33.380001068115234,1105.0
2024-03-01 14:58:00,NTRA,89.13500213623047,89.13500213623047,89.13500213623047,89.09500122070312,89.09500122070312,1324.0
2024-03-01 14:58:00,NUTX,0.1137000024318695,0.1137000024318695,0.1137000024318695,0.1137000024318695,0.1137000024318695,507.0
2024-03-01 14:58:00,NVAX,5.3119001388549805,5.3119001388549805,5.320000171661377,5.309999942779541,5.315000057220459,4147.0
2024-03-01 14:58:00,NVCR,16.040000915527344,16.040000915527344,16.040000915527344,16.040000915527344,16.040000915527344,1583.0
2024-03-01 14:58:00,NVCT,10.670000076293945,10.670000076293945,10.670000076293945,10.670000076293945,10.670000076293945,386.0
2024-03-01 14:58:00,NXTC,1.7999999523162842,1.7999999523162842,1.7999999523162842,1.7999999523162842,1.7999999523162842,1501.0
2024-03-01 14:58:00,OCGN,0.9559999704360962,0.9559999704360962,0.9559999704360962,0.9559999704360962,0.9559999704360962,1592.0
2024-03-01 14:58:00,OCUL,10.720000267028809,10.720000267028809,10.720000267028809,10.704999923706055,10.710000038146973,3135.0
2024-03-01 14:58:00,OFIX,12.930000305175781,12.930000305175781,12.9399995803833,12.930000305175781,12.9399995803833,990.0
2024-03-01 14:58:00,OGI,2.184999942779541,2.184999942779541,2.184999942779541,2.180000066757202,2.180000066757202,425.0
2024-03-01 14:58:00,OLK,22.96500015258789,22.96500015258789,22.979999542236328,22.96500015258789,22.979999542236328,5743.0
2024-03-01 14:58:00,OLMA,14.789999961853027,14.789999961853027,14.895000457763672,14.789999961853027,14.895000457763672,2824.0
2024-03-01 14:58:00,OMCL,26.540000915527344,26.540000915527344,26.540000915527344,26.510000228881836,26.510000228881836,582.0
2024-03-01 14:58:00,OMGA,4.400000095367432,4.400000095367432,4.400000095367432,4.400000095367432,4.400000095367432,294.0
2024-03-01 14:58:00,ONVO,1.0200999975204468,1.0200999975204468,1.0200999975204468,1.0199999809265137,1.0199999809265137,408.0
2024-03-01 14:59:00,AADI,1.9700000286102295,1.9700000286102295,1.9700000286102295,1.9700000286102295,1.9700000286102295,200.0
2024-03-01 14:59:00,ABCL,5.090000152587891,5.090000152587891,5.096199989318848,5.090000152587891,5.090000152587891,1850.0
2024-03-01 14:59:00,ABEO,7.769999980926514,7.769999980926514,7.789999961853027,7.769999980926514,7.789999961853027,200.0
2024-03-01 14:59:00,ABOS,4.585000038146973,4.585000038146973,4.590000152587891,4.585000038146973,4.590000152587891,458.0
2024-03-01 14:59:00,ABSI,5.534999847412109,5.534999847412109,5.539999961853027,5.534999847412109,5.534999847412109,1628.0
2024-03-01 14:59:00,ABUS,2.7699999809265137,2.7699999809265137,2.7699999809265137,2.760499954223633,2.760499954223633,23174.0
2024-03-01 14:59:00,ABVC,1.2000000476837158,1.2000000476837158,1.2000000476837158,1.2000000476837158,1.2000000476837158,307.0
2024-03-01 14:59:00,ACAD,24.135000228881836,24.135000228881836,24.139999389648438,24.135000228881836,24.139999389648438,1735.0
2024-03-01 14:59:00,ACB,3.194999933242798,3.194999933242798,3.194999933242798,3.1898999214172363,3.190000057220459,1857.0
2024-03-01 14:59:00,ACCD,10.0649995803833,10.0649995803833,10.069999694824219,10.0600004196167,10.0600004196167,901.0
2024-03-01 14:59:00,ACET,2.4000000953674316,2.4000000953674316,2.4000000953674316,2.3949999809265137,2.3949999809265137,226.0
2024-03-01 14:59:00,ACHL,1.3700000047683716,1.3700000047683716,1.3700000047683716,1.3700000047683716,1.3700000047683716,7430.0
2024-03-01 14:59:00,ACHV,4.360000133514404,4.360000133514404,4.360000133514404,4.355000019073486,4.355000019073486,415.0
2024-03-01 14:59:00,ACLX,67.95500183105469,67.95500183105469,67.9800033569336,67.9000015258789,67.9749984741211,1276.0
2024-03-01 14:59:00,ACON,0.39800000190734863,0.39800000190734863,0.39800000190734863,0.39510101079940796,0.39510101079940796,1250.0
2024-03-01 14:59:00,ACRS,1.225000023841858,1.225000023841858,1.225000023841858,1.225000023841858,1.225000023841858,1100.0
2024-03-01 14:59:00,ADIL,2.7799999713897705,2.7799999713897705,2.7799999713897705,2.75,2.779900074005127,45959.0
2024-03-01 14:59:00,ADMA,5.545000076293945,5.545000076293945,5.550000190734863,5.539999961853027,5.545000076293945,2658.0
2024-03-01 14:59:00,ADPT,4.065000057220459,4.065000057220459,4.070000171661377,4.065000057220459,4.065000057220459,3167.0
2024-03-01 14:59:00,ADUS,94.125,94.125,94.125,94.125,94.125,161.0
2024-03-01 14:59:00,ADVM,1.9700000286102295,1.9700000286102295,1.9800000190734863,1.9700000286102295,1.9700000286102295,891.0
2024-03-01 14:59:00,AFMD,0.6700999736785889,0.6700999736785889,0.670199990272522,0.6700999736785889,0.6700999736785889,4533.0
2024-03-01 14:59:00,AGEN,0.6700500249862671,0.6700500249862671,0.6700999736785889,0.6700000166893005,0.6700500249862671,17756.0
2024-03-01 14:59:00,AGIO,32.38999938964844,32.38999938964844,32.400001525878906,32.38999938964844,32.400001525878906,1273.0
2024-03-01 14:59:00,AHCO,10.520000457763672,10.520000457763672,10.520000457763672,10.494999885559082,10.510000228881836,5689.0
2024-03-01 14:59:00,AIH,0.5224000215530396,0.5224000215530396,0.5224000215530396,0.5224000215530396,0.5224000215530396,196.0
2024-03-01 14:59:00,AIMD,1.0,1.0,1.0,0.9474999904632568,0.9474999904632568,3999.0
2024-03-01 14:59:00,AIRS,6.434999942779541,6.434999942779541,6.434999942779541,6.434999942779541,6.434999942779541,100.0
2024-03-01 14:59:00,AKAN,0.21320000290870667,0.21320000290870667,0.21320000290870667,0.21320000290870667,0.21320000290870667,100.0
2024-03-01 14:59:00,AKBA,1.684999942779541,1.684999942779541,1.690000057220459,1.684999942779541,1.690000057220459,11744.0
2024-03-01 14:59:00,AKLI,0.3562749922275543,0.3562749922275543,0.357699990272522,0.35580000281333923,0.357699990272522,1717.0
2024-03-01 14:59:00,AKRO,28.469999313354492,28.469999313354492,28.639999389648438,28.440000534057617,28.6299991607666,7842.0
2024-03-01 14:59:00,ALDX,4.230100154876709,4.230100154876709,4.240699768066406,4.230100154876709,4.240699768066406,8024.0
2024-03-01 14:59:00,ALEC,7.465000152587891,7.465000152587891,7.46750020980835,7.460000038146973,7.460000038146973,1209.0
2024-03-01 14:59:00,ALGN,302.67999267578125,302.67999267578125,302.7850036621094,302.6499938964844,302.6499938964844,2395.0
2024-03-01 14:59:00,ALGS,1.059999942779541,1.059999942779541,1.0700000524520874,1.059999942779541,1.059999942779541,3800.0
2024-03-01 14:59:00,ALHC,5.619999885559082,5.619999885559082,5.619999885559082,5.619999885559082,5.619999885559082,942.0
2024-03-01 14:59:00,ALKS,30.110000610351562,30.110000610351562,30.110000610351562,30.079999923706055,30.079999923706055,3800.0
2024-03-01 14:59:00,ALLO,4.994999885559082,4.994999885559082,4.994999885559082,4.989999771118164,4.989999771118164,466.0
2024-03-01 14:59:00,ALNY,153.52000427246094,153.52000427246094,153.52000427246094,153.52000427246094,153.52000427246094,239.0
2024-03-01 14:59:00,ALPN,35.790000915527344,35.790000915527344,35.86000061035156,35.790000915527344,35.86000061035156,2219.0
2024-03-01 14:59:00,ALT,12.0600004196167,12.0600004196167,12.069999694824219,12.050999641418457,12.060600280761719,7685.0
2024-03-01 14:59:00,ALVO,15.640000343322754,15.640000343322754,15.640000343322754,15.630000114440918,15.640000343322754,1602.0
2024-03-01 14:59:00,ALXO,15.020000457763672,15.020000457763672,15.020000457763672,15.020000457763672,15.020000457763672,335.0
2024-03-01 14:59:00,AMED,93.38999938964844,93.38999938964844,93.38999938964844,93.38999938964844,93.38999938964844,219.0
2024-03-01 14:59:00,AMGN,280.7950134277344,280.7950134277344,280.8949890136719,280.6700134277344,280.6700134277344,9729.0
2024-03-01 14:59:00,AMLX,18.84000015258789,18.84000015258789,18.84000015258789,18.83989906311035,18.83989906311035,1920.0
2024-03-01 14:59:00,AMPH,45.77000045776367,45.77000045776367,45.83000183105469,45.68000030517578,45.70000076293945,3598.0
2024-03-01 14:59:00,AMRN,1.0549999475479126,1.0549999475479126,1.0549999475479126,1.0549999475479126,1.0549999475479126,1258.0
2024-03-01 14:59:00,ANGO,5.489999771118164,5.489999771118164,5.494999885559082,5.489999771118164,5.494999885559082,640.0
2024-03-01 14:59:00,ANIX,3.5,3.5,3.5,3.5,3.5,986.0
2024-03-01 14:59:00,ANNX,5.989999771118164,5.989999771118164,6.050000190734863,5.980000019073486,6.050000190734863,9634.0
2024-03-01 14:59:00,ANTX,3.015000104904175,3.015000104904175,3.0199999809265137,3.015000104904175,3.0199999809265137,995.0
2024-03-01 14:59:00,APLS,64.08999633789062,64.08999633789062,64.19000244140625,64.06999969482422,64.19000244140625,3523.0
2024-03-01 14:59:00,APLT,7.010000228881836,7.010000228881836,7.03000020980835,7.010000228881836,7.019999980926514,3917.0
2024-03-01 14:59:00,AQST,4.059999942779541,4.059999942779541,4.059999942779541,4.059999942779541,4.059999942779541,2267.0
2024-03-01 14:59:00,ARAY,2.634999990463257,2.634999990463257,2.634999990463257,2.634999990463257,2.634999990463257,2471.0
2024-03-01 14:59:00,ARDX,9.475000381469727,9.475000381469727,9.475000381469727,9.470000267028809,9.470000267028809,795.0
2024-03-01 14:59:00,ARQT,11.494999885559082,11.494999885559082,11.5,11.489999771118164,11.5,4780.0
2024-03-01 14:59:00,ARVN,48.18000030517578,48.18000030517578,48.29999923706055,48.18000030517578,48.290000915527344,2708.0
2024-03-01 14:59:00,ARWR,35.55500030517578,35.55500030517578,35.55500030517578,35.55500030517578,35.55500030517578,286.0
2024-03-01 14:59:00,ASND,153.86000061035156,153.86000061035156,153.99000549316406,153.47999572753906,153.47999572753906,1224.0
2024-03-01 14:59:00,ASRT,0.89410001039505,0.89410001039505,0.89410001039505,0.89410001039505,0.89410001039505,1594.0
2024-03-01 14:59:00,ATEC,13.444999694824219,13.444999694824219,13.449999809265137,13.4350004196167,13.4350004196167,7160.0
2024-03-01 14:59:00,ATNF,3.3197999000549316,3.3197999000549316,3.3499999046325684,3.3197999000549316,3.3399999141693115,3001.0
2024-03-01 14:59:00,ATRA,0.7901999950408936,0.7901999950408936,0.7901999950408936,0.7900999784469604,0.7900999784469604,1147.0
2024-03-01 14:59:00,ATRC,36.119998931884766,36.119998931884766,36.140499114990234,36.119998931884766,36.140499114990234,3457.0
2024-03-01 14:59:00,ATXI,0.15399999916553497,0.15399999916553497,0.15449999272823334,0.15399999916553497,0.15399999916553497,12095.0
2024-03-01 14:59:00,ATXS,14.960000038146973,14.960000038146973,14.960000038146973,14.949999809265137,14.960000038146973,1019.0
2024-03-01 14:59:00,AUGX,4.550000190734863,4.550000190734863,4.550000190734863,4.550000190734863,4.550000190734863,100.0
2024-03-01 14:59:00,AUPH,5.804999828338623,5.804999828338623,5.804999828338623,5.800000190734863,5.800000190734863,372.0
2024-03-01 14:59:00,AUTL,6.289999961853027,6.289999961853027,6.289999961853027,6.289999961853027,6.289999961853027,433.0
2024-03-01 14:59:00,AVDL,13.3100004196167,13.3100004196167,13.324999809265137,13.300000190734863,13.300000190734863,6923.0
2024-03-01 14:59:00,AVXL,5.369999885559082,5.369999885559082,5.369999885559082,5.369999885559082,5.369999885559082,369.0
2024-03-01 14:59:00,AXGN,10.539999961853027,10.539999961853027,10.539999961853027,10.539999961853027,10.539999961853027,318.0
2024-03-01 14:59:00,AXNX,67.71499633789062,67.71499633789062,67.71499633789062,67.71499633789062,67.71499633789062,1191.0
2024-03-01 14:59:00,AXSM,82.4000015258789,82.4000015258789,82.4000015258789,82.34500122070312,82.37000274658203,2194.0
2024-03-01 14:59:00,AZN,64.67500305175781,64.67500305175781,64.68000030517578,64.67500305175781,64.67500305175781,3030.0
2024-03-01 14:59:00,AZTA,67.0,67.0,67.0,67.0,67.0,327.0
2024-03-01 14:59:00,BBIO,35.86000061035156,35.86000061035156,35.86000061035156,35.86000061035156,35.86000061035156,216.0
2024-03-01 14:59:00,BCDA,0.5799999833106995,0.5799999833106995,0.5799999833106995,0.5751000046730042,0.5799999833106995,4108.0
2024-03-01 14:59:00,BCEL,0.26899999380111694,0.26899999380111694,0.26899999380111694,0.26899999380111694,0.26899999380111694,350.0
2024-03-01 14:59:00,BCRX,5.695000171661377,5.695000171661377,5.699999809265137,5.695000171661377,5.695000171661377,2220.0
2024-03-01 14:59:00,BCYC,25.8799991607666,25.8799991607666,25.8799991607666,25.8799991607666,25.8799991607666,182.0
2024-03-01 14:59:00,BEAM,39.959999084472656,39.959999084472656,39.98500061035156,39.95000076293945,39.98500061035156,1552.0
2024-03-01 14:59:00,BGNE,166.0399932861328,166.0399932861328,166.0399932861328,166.0399932861328,166.0399932861328,572.0
2024-03-01 14:59:00,BGXX,0.25859999656677246,0.25859999656677246,0.25859999656677246,0.25850000977516174,0.25850000977516174,3724.0
2024-03-01 14:59:00,BIAF,2.2899999618530273,2.2899999618530273,2.3350000381469727,2.2899999618530273,2.3350000381469727,4047.0
2024-03-01 14:59:00,BIIB,221.41000366210938,221.41000366210938,221.61500549316406,221.3800048828125,221.61500549316406,1677.0
2024-03-01 14:59:00,BIOL,0.14499999582767487,0.14499999582767487,0.14499999582767487,0.14489999413490295,0.14489999413490295,5206.0
2024-03-01 14:59:00,BIOR,1.1200000047683716,1.1200000047683716,1.1200000047683716,1.1200000047683716,1.1200000047683716,1021.0
2024-03-01 14:59:00,BIVI,1.9701000452041626,1.9701000452041626,2.0499000549316406,1.9700000286102295,2.0399999618530273,82269.0
2024-03-01 14:59:00,BLFS,18.045000076293945,18.045000076293945,18.045000076293945,18.045000076293945,18.045000076293945,156.0
2024-03-01 14:59:00,BLTE,46.532501220703125,46.532501220703125,46.599998474121094,46.532501220703125,46.599998474121094,372.0
2024-03-01 14:59:00,BLUE,1.5700000524520874,1.5700000524520874,1.5750000476837158,1.5700000524520874,1.5700000524520874,5892.0
2024-03-01 14:59:00,BMEA,18.110000610351562,18.110000610351562,18.1299991607666,18.110000610351562,18.1299991607666,547.0
2024-03-01 14:59:00,BMRN,87.81999969482422,87.81999969482422,87.81999969482422,87.78500366210938,87.81999969482422,1385.0
2024-03-01 14:59:00,BNGO,1.2599999904632568,1.2599999904632568,1.2649999856948853,1.2599999904632568,1.2599999904632568,12345.0
2024-03-01 14:59:00,BNR,0.8206999897956848,0.8206999897956848,0.8206999897956848,0.8206999897956848,0.8206999897956848,100.0
2024-03-01 14:59:00,BNTX,90.93000030517578,90.93000030517578,90.93000030517578,90.93000030517578,90.93000030517578,886.0
2024-03-01 14:59:00,BPMC,96.30000305175781,96.30000305175781,96.37000274658203,96.30000305175781,96.37000274658203,1994.0
2024-03-01 14:59:00,BRKR,88.86499786376953,88.86499786376953,88.87999725341797,88.8499984741211,88.86000061035156,8281.0
2024-03-01 14:59:00,BTAI,3.2049999237060547,3.2049999237060547,3.2049999237060547,3.2049999237060547,3.2049999237060547,171.0
2024-03-01 14:59:00,BTTX,0.18000000715255737,0.18000000715255737,0.18050000071525574,0.18000000715255737,0.1800999939441681,22025.0
2024-03-01 14:59:00,BWAY,6.505000114440918,6.505000114440918,6.519999980926514,6.5,6.505000114440918,7736.0
2024-03-01 14:59:00,CABA,23.97249984741211,23.97249984741211,23.979999542236328,23.97249984741211,23.975000381469727,1040.0
2024-03-01 14:59:00,CAPR,4.505000114440918,4.505000114440918,4.505000114440918,4.505000114440918,4.505000114440918,262.0
2024-03-01 14:59:00,CARA,0.9502000212669373,0.9502000212669373,0.9599000215530396,0.9502000212669373,0.9502999782562256,7454.0
2024-03-01 14:59:00,CBAY,32.224998474121094,32.224998474121094,32.22999954223633,32.220001220703125,32.224998474121094,8768.0
2024-03-01 14:59:00,CCCC,11.017499923706055,11.017499923706055,11.039999961853027,11.010100364685059,11.039999961853027,8543.0
2024-03-01 14:59:00,CDMO,8.220000267028809,8.220000267028809,8.229999542236328,8.220000267028809,8.225000381469727,739.0
2024-03-01 14:59:00,CDNA,12.484999656677246,12.484999656677246,12.484999656677246,12.470000267028809,12.479999542236328,1282.0
2024-03-01 14:59:00,CDTX,0.7228999733924866,0.7228999733924866,0.7228999733924866,0.7228999733924866,0.7228999733924866,101.0
2024-03-01 14:59:00,CDXS,4.610000133514404,4.610000133514404,4.610000133514404,4.610000133514404,4.610000133514404,412.0
2024-03-01 14:59:00,CELC,17.049999237060547,17.049999237060547,17.209999084472656,17.049999237060547,17.209999084472656,819.0
2024-03-01 14:59:00,CERE,41.08000183105469,41.08000183105469,41.09000015258789,41.08000183105469,41.084999084472656,1304.0
2024-03-01 14:59:00,CERS,2.190000057220459,2.190000057220459,2.190000057220459,2.190000057220459,2.190000057220459,315.0
2024-03-01 14:59:00,CERT,18.235000610351562,18.235000610351562,18.239999771118164,18.235000610351562,18.239999771118164,500.0
2024-03-01 14:59:00,CGC,3.212599992752075,3.212599992752075,3.212599992752075,3.2100000381469727,3.210700035095215,9512.0
2024-03-01 14:59:00,CHRS,2.4100000858306885,2.4100000858306885,2.424999952316284,2.4100000858306885,2.424999952316284,8505.0
2024-03-01 14:59:00,CKPT,2.190000057220459,2.190000057220459,2.190000057220459,2.190000057220459,2.190000057220459,100.0
2024-03-01 14:59:00,CLDX,52.7400016784668,52.7400016784668,52.88999938964844,52.7400016784668,52.88999938964844,5302.0
2024-03-01 14:59:00,CLOV,0.8651000261306763,0.8651000261306763,0.8651000261306763,0.8650000095367432,0.8650000095367432,4072.0
2024-03-01 14:59:00,CLPT,6.570000171661377,6.570000171661377,6.570000171661377,6.554999828338623,6.554999828338623,1444.0
2024-03-01 14:59:00,CMPS,11.75,11.75,11.75,11.724499702453613,11.739999771118164,3557.0
2024-03-01 14:59:00,CNSP,0.328900009393692,0.328900009393692,0.328900009393692,0.3190999925136566,0.3190999925136566,14060.0
2024-03-01 14:59:00,CNTA,10.8100004196167,10.8100004196167,10.819999694824219,10.800000190734863,10.819999694824219,1438.0
2024-03-01 14:59:00,COCP,1.4908000230789185,1.4908000230789185,1.4908000230789185,1.4908000230789185,1.4908000230789185,293.0
2024-03-01 14:59:00,COGT,7.204999923706055,7.204999923706055,7.204999923706055,7.204999923706055,7.204999923706055,319.0
2024-03-01 14:59:00,COLL,36.775001525878906,36.775001525878906,36.775001525878906,36.65999984741211,36.689998626708984,1434.0
2024-03-01 14:59:00,CORT,24.299999237060547,24.299999237060547,24.299999237060547,24.295000076293945,24.299999237060547,1211.0
2024-03-01 14:59:00,CPIX,2.1500000953674316,2.1500000953674316,2.1500000953674316,2.1500000953674316,2.1500000953674316,426.0
2024-03-01 14:59:00,CPRX,17.049999237060547,17.049999237060547,17.1299991607666,17.049999237060547,17.1299991607666,16250.0
2024-03-01 14:59:00,CPSI,9.395000457763672,9.395000457763672,9.395000457763672,9.395000457763672,9.395000457763672,833.0
2024-03-01 14:59:00,CRBP,32.650001525878906,32.650001525878906,32.650001525878906,32.650001525878906,32.650001525878906,481.0
2024-03-01 14:59:00,CRBU,7.894999980926514,7.894999980926514,7.894999980926514,7.885000228881836,7.885000228881836,2948.0
2024-03-01 14:59:00,CRDF,2.7200000286102295,2.7200000286102295,2.740000009536743,2.700000047683716,2.7100000381469727,15702.0
2024-03-01 14:59:00,CRNX,46.185001373291016,46.185001373291016,46.279998779296875,46.18000030517578,46.279998779296875,1254.0
2024-03-01 14:59:00,CRON,2.030100107192993,2.030100107192993,2.030100107192993,2.030100107192993,2.030100107192993,5206.0
2024-03-01 14:59:00,CRSP,85.23500061035156,85.23500061035156,85.26100158691406,85.23500061035156,85.26100158691406,1670.0
2024-03-01 14:59:00,CRVS,2.180000066757202,2.180000066757202,2.180000066757202,2.180000066757202,2.180000066757202,200.0
2024-03-01 14:59:00,CSTL,19.8799991607666,19.8799991607666,19.940000534057617,19.8799991607666,19.940000534057617,1215.0
2024-03-01 14:59:00,CTKB,9.050000190734863,9.050000190734863,9.050000190734863,9.050000190734863,9.050000190734863,701.0
2024-03-01 14:59:00,CTMX,2.505000114440918,2.505000114440918,2.509999990463257,2.5,2.505000114440918,5242.0
2024-03-01 14:59:00,CUE,2.174999952316284,2.174999952316284,2.174999952316284,2.174999952316284,2.174999952316284,527.0
2024-03-01 14:59:00,CUTR,2.390000104904175,2.390000104904175,2.390000104904175,2.390000104904175,2.390000104904175,25002.0
2024-03-01 14:59:00,CVAC,3.4549999237060547,3.4549999237060547,3.4549999237060547,3.450000047683716,3.450000047683716,428.0
2024-03-01 14:59:00,CYCC,2.9000000953674316,2.9000000953674316,2.9000000953674316,2.869999885559082,2.869999885559082,8324.0
2024-03-01 14:59:00,CYTK,73.97000122070312,73.97000122070312,73.97000122070312,73.94000244140625,73.94000244140625,502.0
2024-03-01 14:59:00,DAWN,17.719999313354492,17.719999313354492,17.719999313354492,17.709999084472656,17.719999313354492,1007.0
2024-03-01 14:59:00,DCGO,4.114999771118164,4.114999771118164,4.114999771118164,4.114999771118164,4.114999771118164,553.0
2024-03-01 14:59:00,DCPH,17.4950008392334,17.4950008392334,17.524999618530273,17.4950008392334,17.524999618530273,1959.0
2024-03-01 14:59:00,DH,8.899999618530273,8.899999618530273,8.90999984741211,8.899999618530273,8.90999984741211,735.0
2024-03-01 14:59:00,DMTK,0.8499000072479248,0.8499000072479248,0.8499000072479248,0.8499000072479248,0.8499000072479248,4067.0
2024-03-01 14:59:00,DNLI,21.139999389648438,21.139999389648438,21.15999984741211,21.1299991607666,21.1299991607666,4285.0
2024-03-01 14:59:00,DRRX,1.0099999904632568,1.0099999904632568,1.0099999904632568,1.0,1.0099999904632568,868.0
2024-03-01 14:59:00,DSGN,2.875,2.875,2.875,2.875,2.875,650.0
2024-03-01 14:59:00,DVAX,12.824999809265137,12.824999809265137,12.824999809265137,12.819999694824219,12.819999694824219,455.0
2024-03-01 14:59:00,DXCM,121.23999786376953,121.23999786376953,121.3499984741211,121.23999786376953,121.31999969482422,16798.0
2024-03-01 14:59:00,DYN,29.045000076293945,29.045000076293945,29.045000076293945,29.010000228881836,29.010000228881836,906.0
2024-03-01 14:59:00,EDIT,10.84000015258789,10.84000015258789,10.850000381469727,10.84000015258789,10.849800109863281,4432.0
2024-03-01 14:59:00,EFTR,15.686699867248535,15.686699867248535,15.720000267028809,15.686699867248535,15.720000267028809,590.0
2024-03-01 14:59:00,ELEV,5.090000152587891,5.090000152587891,5.099999904632568,5.090000152587891,5.099999904632568,1823.0
2024-03-01 14:59:00,EMBC,14.28499984741211,14.28499984741211,14.28499984741211,14.28499984741211,14.28499984741211,114.0
2024-03-01 14:59:00,ENTA,15.5,15.5,15.5,15.489999771118164,15.5,1474.0
2024-03-01 14:59:00,ENVB,1.5247000455856323,1.5247000455856323,1.5399999618530273,1.5199999809265137,1.5199999809265137,12430.0
2024-03-01 14:59:00,EOLS,14.800000190734863,14.800000190734863,14.800000190734863,14.800000190734863,14.800000190734863,103.0
2024-03-01 14:59:00,ERAS,2.5099000930786133,2.5099000930786133,2.5099000930786133,2.5099000930786133,2.5099000930786133,2107.0
2024-03-01 14:59:00,ESPR,2.555000066757202,2.555000066757202,2.559999942779541,2.555000066757202,2.555000066757202,2331.0
2024-03-01 14:59:00,ESTA,44.625,44.625,44.77000045776367,44.619998931884766,44.77000045776367,544.0
2024-03-01 14:59:00,ETNB,12.739999771118164,12.739999771118164,12.760000228881836,12.739999771118164,12.760000228881836,2713.0
2024-03-01 14:59:00,ETON,4.494999885559082,4.494999885559082,4.494999885559082,4.480000019073486,4.489999771118164,629.0
2024-03-01 14:59:00,EWTX,17.0,17.0,17.024999618530273,17.0,17.024999618530273,2062.0
2024-03-01 14:59:00,EXAS,59.935001373291016,59.935001373291016,60.0,59.935001373291016,59.970001220703125,3962.0
2024-03-01 14:59:00,EXEL,22.329999923706055,22.329999923706055,22.360000610351562,22.329999923706055,22.360000610351562,5168.0
2024-03-01 14:59:00,EYEN,2.380000114440918,2.380000114440918,2.380000114440918,2.380000114440918,2.380000114440918,610.0
2024-03-01 14:59:00,EYPT,27.959999084472656,27.959999084472656,27.959999084472656,27.959999084472656,27.959999084472656,100.0
2024-03-01 14:59:00,FATE,7.739999771118164,7.739999771118164,7.744999885559082,7.739999771118164,7.739999771118164,3795.0
2024-03-01 14:59:00,FGEN,1.8350000381469727,1.8350000381469727,1.8450000286102295,1.8350000381469727,1.8450000286102295,6507.0
2024-03-01 14:59:00,FLGT,23.049999237060547,23.049999237060547,23.075000762939453,23.049999237060547,23.06999969482422,2511.0
2024-03-01 14:59:00,FOLD,13.3149995803833,13.3149995803833,13.3149995803833,13.3149995803833,13.3149995803833,1016.0
2024-03-01 14:59:00,FULC,11.010000228881836,11.010000228881836,11.010000228881836,11.010000228881836,11.010000228881836,390.0
2024-03-01 14:59:00,FUSN,12.166999816894531,12.166999816894531,12.170000076293945,12.154999732971191,12.154999732971191,938.0
2024-03-01 14:59:00,GALT,1.9500000476837158,1.9500000476837158,1.9500000476837158,1.9500000476837158,1.9500000476837158,141.0
2024-03-01 14:59:00,GANX,4.639999866485596,4.639999866485596,4.670000076293945,4.635000228881836,4.635000228881836,2666.0
2024-03-01 14:59:00,GBIO,2.619999885559082,2.619999885559082,2.619999885559082,2.619999885559082,2.619999885559082,100.0
2024-03-01 14:59:00,GCTK,0.3095000088214874,0.3095000088214874,0.3095000088214874,0.3074460029602051,0.3074460029602051,351.0
2024-03-01 14:59:00,GDRX,8.449999809265137,8.449999809265137,8.46500015258789,8.444999694824219,8.460000038146973,23710.0
2024-03-01 14:59:00,GENE,2.3499999046325684,2.3499999046325684,2.3499999046325684,2.3499999046325684,2.3499999046325684,448.0
2024-03-01 14:59:00,GERN,2.244999885559082,2.244999885559082,2.248699903488159,2.244999885559082,2.248699903488159,2051.0
2024-03-01 14:59:00,GH,19.065000534057617,19.065000534057617,19.075000762939453,19.065000534057617,19.065000534057617,5114.0
2024-03-01 14:59:00,GHSI,8.239999771118164,8.239999771118164,8.239999771118164,8.239999771118164,8.239999771118164,352.0
2024-03-01 14:59:00,GILD,72.5250015258789,72.5250015258789,72.52999877929688,72.5199966430664,72.5239028930664,7135.0
2024-03-01 14:59:00,GLSI,12.604999542236328,12.604999542236328,12.604999542236328,12.604999542236328,12.604999542236328,184.0
2024-03-01 14:59:00,GLTO,0.8208000063896179,0.8208000063896179,0.8209999799728394,0.8205000162124634,0.8209999799728394,7145.0
2024-03-01 14:59:00,GLYC,2.9800000190734863,2.9800000190734863,2.9800000190734863,2.9800000190734863,2.9800000190734863,280.0
2024-03-01 14:59:00,GMAB,29.3700008392334,29.3700008392334,29.3700008392334,29.3700008392334,29.3700008392334,825.0
2024-03-01 14:59:00,GRFS,7.000899791717529,7.000899791717529,7.005000114440918,6.994999885559082,7.000100135803223,9996.0
2024-03-01 14:59:00,GRTS,2.1050000190734863,2.1050000190734863,2.1050000190734863,2.1001999378204346,2.1050000190734863,2844.0
2024-03-01 14:59:00,GTHX,3.7960000038146973,3.7960000038146973,3.799999952316284,3.7960000038146973,3.799999952316284,688.0
2024-03-01 14:59:00,HALO,41.19499969482422,41.19499969482422,41.20000076293945,41.19499969482422,41.20000076293945,1421.0
2024-03-01 14:59:00,HCAT,8.154999732971191,8.154999732971191,8.175000190734863,8.154999732971191,8.175000190734863,3775.0
2024-03-01 14:59:00,HCSG,12.854999542236328,12.854999542236328,12.854999542236328,12.850000381469727,12.850000381469727,1686.0
2024-03-01 14:59:00,HCTI,2.079900026321411,2.079900026321411,2.079900026321411,2.079900026321411,2.079900026321411,347.0
2024-03-01 14:59:00,HLVX,19.1299991607666,19.1299991607666,19.139999389648438,19.100000381469727,19.139999389648438,2576.0
2024-03-01 14:59:00,HOLX,74.36109924316406,74.36109924316406,74.37000274658203,74.36000061035156,74.37000274658203,932.0
2024-03-01 14:59:00,HQY,81.44999694824219,81.44999694824219,81.44999694824219,81.44999694824219,81.44999694824219,373.0
2024-03-01 14:59:00,HRMY,31.6200008392334,31.6200008392334,31.635000228881836,31.6200008392334,31.635000228881836,537.0
2024-03-01 14:59:00,HRTX,2.5999999046325684,2.5999999046325684,2.6050000190734863,2.5999999046325684,2.6050000190734863,4970.0
2024-03-01 14:59:00,HSCS,0.11900000274181366,0.11900000274181366,0.11900000274181366,0.11890000104904175,0.11890000104904175,3349.0
2024-03-01 14:59:00,HSIC,76.86000061035156,76.86000061035156,76.87999725341797,76.86000061035156,76.87999725341797,966.0
2024-03-01 14:59:00,HUMA,3.240000009536743,3.240000009536743,3.240000009536743,3.2149999141693115,3.2149999141693115,9484.0
2024-03-01 14:59:00,IART,36.279998779296875,36.279998779296875,36.310001373291016,36.279998779296875,36.310001373291016,2437.0
2024-03-01 14:59:00,IBRX,4.860000133514404,4.860000133514404,4.864999771118164,4.860000133514404,4.864999771118164,576.0
2024-03-01 14:59:00,ICAD,1.8600000143051147,1.8600000143051147,1.8650000095367432,1.8600000143051147,1.8650000095367432,930.0
2024-03-01 14:59:00,ICCM,1.3049999475479126,1.3049999475479126,1.3049999475479126,1.3049999475479126,1.3049999475479126,85491.0
2024-03-01 14:59:00,ICLR,324.9849853515625,324.9849853515625,324.9849853515625,324.9849853515625,324.9849853515625,178.0
2024-03-01 14:59:00,ICUI,106.21499633789062,106.21499633789062,106.2300033569336,106.1500015258789,106.20999908447266,1449.0
2024-03-01 14:59:00,IDXX,579.4400024414062,579.4400024414062,579.4400024414062,578.52001953125,578.6500244140625,3609.0
2024-03-01 14:59:00,IDYA,46.29499816894531,46.29499816894531,46.29499816894531,46.29499816894531,46.29499816894531,312.0
2024-03-01 14:59:00,IGMS,13.029999732971191,13.029999732971191,13.029999732971191,13.029999732971191,13.029999732971191,133.0
2024-03-01 14:59:00,ILMN,141.27000427246094,141.27000427246094,141.28500366210938,141.27000427246094,141.28500366210938,1253.0
2024-03-01 14:59:00,IMCC,0.3296000063419342,0.3296000063419342,0.3296000063419342,0.3296000063419342,0.3296000063419342,126.0
2024-03-01 14:59:00,IMCR,67.81999969482422,67.81999969482422,67.95500183105469,67.80999755859375,67.95500183105469,12704.0
2024-03-01 14:59:00,IMMX,3.505000114440918,3.505000114440918,3.505000114440918,3.505000114440918,3.505000114440918,100.0
2024-03-01 14:59:00,IMTX,12.800000190734863,12.800000190734863,12.800000190734863,12.800000190734863,12.800000190734863,1223.0
2024-03-01 14:59:00,IMUX,1.4800000190734863,1.4800000190734863,1.4800000190734863,1.4800000190734863,1.4800000190734863,297.0
2024-03-01 14:59:00,IMVT,35.69499969482422,35.69499969482422,35.709999084472656,35.69499969482422,35.709999084472656,1933.0
2024-03-01 14:59:00,INCY,59.01499938964844,59.01499938964844,59.01499938964844,58.97999954223633,58.97999954223633,4138.0
2024-03-01 14:59:00,INGN,6.760000228881836,6.760000228881836,6.760000228881836,6.760000228881836,6.760000228881836,119.0
2024-03-01 14:59:00,INMD,22.909900665283203,22.909900665283203,22.909900665283203,22.899999618530273,22.899999618530273,851.0
2024-03-01 14:59:00,INSM,28.065000534057617,28.065000534057617,28.06999969482422,28.065000534057617,28.065000534057617,2257.0
2024-03-01 14:59:00,INVA,15.4399995803833,15.4399995803833,15.520000457763672,15.4399995803833,15.5,30318.0
2024-03-01 14:59:00,IONS,45.869998931884766,45.869998931884766,45.869998931884766,45.84000015258789,45.84000015258789,1447.0
2024-03-01 14:59:00,IOVA,17.040000915527344,17.040000915527344,17.045000076293945,17.024999618530273,17.030000686645508,10819.0
2024-03-01 14:59:00,IRTC,121.27999877929688,121.27999877929688,121.27999877929688,121.27999877929688,121.27999877929688,365.0
2024-03-01 14:59:00,IRWD,8.970000267028809,8.970000267028809,8.979999542236328,8.960000038146973,8.975000381469727,19509.0
2024-03-01 14:59:00,ISRG,397.1000061035156,397.1000061035156,397.32000732421875,397.0799865722656,397.32000732421875,2915.0
2024-03-01 14:59:00,ITOS,11.350000381469727,11.350000381469727,11.359999656677246,11.329999923706055,11.350000381469727,2579.0
2024-03-01 14:59:00,JAGX,0.08749999850988388,0.08749999850988388,0.08749999850988388,0.08630000054836273,0.08669999986886978,476292.0
2024-03-01 14:59:00,JANX,46.040000915527344,46.040000915527344,46.040000915527344,46.02000045776367,46.02000045776367,1171.0
2024-03-01 14:59:00,JAZZ,119.20999908447266,119.20999908447266,119.22000122070312,119.19000244140625,119.19000244140625,1274.0
2024-03-01 14:59:00,JSPR,21.614999771118164,21.614999771118164,21.700000762939453,21.614999771118164,21.700000762939453,487.0
2024-03-01 14:59:00,KALV,14.170000076293945,14.170000076293945,14.170000076293945,14.170000076293945,14.170000076293945,184.0
2024-03-01 14:59:00,KNSA,21.899999618530273,21.899999618530273,21.899999618530273,21.899999618530273,21.899999618530273,1107.0
2024-03-01 14:59:00,KNTE,2.609999895095825,2.609999895095825,2.609999895095825,2.609999895095825,2.609999895095825,390.0
2024-03-01 14:59:00,KPTI,1.184999942779541,1.184999942779541,1.184999942779541,1.184999942779541,1.184999942779541,749.0
2024-03-01 14:59:00,KRMD,2.1449999809265137,2.1449999809265137,2.160099983215332,2.119999885559082,2.1600000858306885,10454.0
2024-03-01 14:59:00,KROS,69.33000183105469,69.33000183105469,69.33000183105469,69.33000183105469,69.33000183105469,334.0
2024-03-01 14:59:00,KRTX,315.8900146484375,315.8900146484375,315.8900146484375,315.8900146484375,315.8900146484375,425.0
2024-03-01 14:59:00,KTRA,0.1006999984383583,0.1006999984383583,0.1006999984383583,0.1006999984383583,0.1006999984383583,4562.0
2024-03-01 14:59:00,KURA,21.940000534057617,21.940000534057617,21.959999084472656,21.940000534057617,21.954999923706055,1080.0
2024-03-01 14:59:00,KYMR,43.77000045776367,43.77000045776367,43.83000183105469,43.77000045776367,43.81999969482422,895.0
2024-03-01 14:59:00,KZIA,0.25110000371932983,0.25110000371932983,0.25110000371932983,0.25110000371932983,0.25110000371932983,246.0
2024-03-01 14:59:00,KZR,1.0499999523162842,1.0499999523162842,1.0599000453948975,1.0499999523162842,1.0599000453948975,5340.0
2024-03-01 14:59:00,LAB,2.4700000286102295,2.4700000286102295,2.4700000286102295,2.4700000286102295,2.4700000286102295,1504.0
2024-03-01 14:59:00,LBPH,21.709999084472656,21.709999084472656,21.729999542236328,21.709999084472656,21.729999542236328,1167.0
2024-03-01 14:59:00,LEGN,65.62000274658203,65.62000274658203,65.6449966430664,65.62000274658203,65.63999938964844,868.0
2024-03-01 14:59:00,LFLY,2.9800000190734863,2.9800000190734863,2.9800000190734863,2.9800000190734863,2.9800000190734863,118.0
2024-03-01 14:59:00,LFMD,8.0,8.0,8.010000228881836,7.989999771118164,8.010000228881836,677.0
2024-03-01 14:59:00,LFST,7.739999771118164,7.739999771118164,7.744999885559082,7.735000133514404,7.735000133514404,3052.0
2024-03-01 14:59:00,LGND,78.02619934082031,78.02619934082031,78.02619934082031,78.02619934082031,78.02619934082031,229.0
2024-03-01 14:59:00,LIVN,55.7400016784668,55.7400016784668,55.790000915527344,55.72999954223633,55.7599983215332,2045.0
2024-03-01 14:59:00,LMAT,68.05999755859375,68.05999755859375,68.06999969482422,68.0,68.0,695.0
2024-03-01 14:59:00,LNTH,64.58000183105469,64.58000183105469,64.62999725341797,64.58000183105469,64.62999725341797,2325.0
2024-03-01 14:59:00,LQDA,14.640000343322754,14.640000343322754,14.640000343322754,14.59000015258789,14.609999656677246,6478.0
2024-03-01 14:59:00,LRMR,11.3100004196167,11.3100004196167,11.3100004196167,11.270000457763672,11.270000457763672,1018.0
2024-03-01 14:59:00,LTRN,4.210999965667725,4.210999965667725,4.210999965667725,4.210000038146973,4.210000038146973,1120.0
2024-03-01 14:59:00,LUCD,1.2400000095367432,1.2400000095367432,1.2400000095367432,1.23989999294281,1.23989999294281,1493.0
2024-03-01 14:59:00,LUNG,9.479999542236328,9.479999542236328,9.479999542236328,9.479999542236328,9.479999542236328,310.0
2024-03-01 14:59:00,LVTX,2.765000104904175,2.765000104904175,2.765000104904175,2.765000104904175,2.765000104904175,105.0
2024-03-01 14:59:00,LXRX,2.4800000190734863,2.4800000190734863,2.484999895095825,2.4800000190734863,2.484999895095825,245.0
2024-03-01 14:59:00,LYEL,3.1649999618530273,3.1649999618530273,3.1700000762939453,3.159899950027466,3.159899950027466,14348.0
2024-03-01 14:59:00,LYRA,5.639999866485596,5.639999866485596,5.659999847412109,5.639999866485596,5.659999847412109,500.0
2024-03-01 14:59:00,MASI,127.41000366210938,127.41000366210938,127.41000366210938,127.41000366210938,127.41000366210938,618.0
2024-03-01 14:59:00,MCRB,1.2300000190734863,1.2300000190734863,1.2300000190734863,1.2200000286102295,1.2200000286102295,910.0
2024-03-01 14:59:00,MDRX,6.070000171661377,6.070000171661377,6.070000171661377,6.010000228881836,6.010000228881836,112783.0
2024-03-01 14:59:00,MDXG,8.654999732971191,8.654999732971191,8.654999732971191,8.654999732971191,8.654999732971191,382.0
2024-03-01 14:59:00,ME,0.5565999746322632,0.5565999746322632,0.5569000244140625,0.5551000237464905,0.5551999807357788,19499.0
2024-03-01 14:59:00,MEDP,404.2349853515625,404.2349853515625,404.8800048828125,404.2349853515625,404.8800048828125,1624.0
2024-03-01 14:59:00,MGNX,18.9950008392334,18.9950008392334,19.0,18.980100631713867,18.980100631713867,11163.0
2024-03-01 14:59:00,MGTX,6.449999809265137,6.449999809265137,6.449999809265137,6.449999809265137,6.449999809265137,315.0
2024-03-01 14:59:00,MIRM,29.329999923706055,29.329999923706055,29.329999923706055,29.329999923706055,29.329999923706055,285.0
2024-03-01 14:59:00,MIST,1.6950000524520874,1.6950000524520874,1.6950000524520874,1.6799999475479126,1.690000057220459,21398.0
2024-03-01 14:59:00,MLTX,50.96500015258789,50.96500015258789,50.96500015258789,50.96500015258789,50.96500015258789,322.0
2024-03-01 14:59:00,MMSI,76.32499694824219,76.32499694824219,76.375,76.32499694824219,76.37000274658203,4542.0
2024-03-01 14:59:00,MNKD,4.534999847412109,4.534999847412109,4.539999961853027,4.534999847412109,4.539999961853027,2142.0
2024-03-01 14:59:00,MNOV,1.3799999952316284,1.3799999952316284,1.3799999952316284,1.3799999952316284,1.3799999952316284,1441.0
2024-03-01 14:59:00,MNPR,0.88919997215271,0.88919997215271,0.88919997215271,0.88919997215271,0.88919997215271,112.0
2024-03-01 14:59:00,MODV,28.46500015258789,28.46500015258789,28.479999542236328,28.3799991607666,28.399999618530273,4506.0
2024-03-01 14:59:00,MORF,39.6150016784668,39.6150016784668,39.6150016784668,39.6150016784668,39.6150016784668,615.0
2024-03-01 14:59:00,MOTS,0.6579999923706055,0.6579999923706055,0.6579999923706055,0.6579999923706055,0.6579999923706055,100.0
2024-03-01 14:59:00,MRAI,1.6100000143051147,1.6100000143051147,1.6200000047683716,1.6100000143051147,1.6200000047683716,750.0
2024-03-01 14:59:00,MREO,3.990000009536743,3.990000009536743,3.990000009536743,3.990000009536743,3.990000009536743,30893.0
2024-03-01 14:59:00,MRNA,95.43000030517578,95.43000030517578,95.44000244140625,95.36000061035156,95.4000015258789,6681.0
2024-03-01 14:59:00,MRNS,10.039999961853027,10.039999961853027,10.039999961853027,10.039999961853027,10.039999961853027,526.0
2024-03-01 14:59:00,MRSN,5.980000019073486,5.980000019073486,5.980000019073486,5.96999979019165,5.96999979019165,2677.0
2024-03-01 14:59:00,MRUS,51.529998779296875,51.529998779296875,51.54999923706055,51.47999954223633,51.47999954223633,968.0
2024-03-01 14:59:00,MRVI,7.7129998207092285,7.7129998207092285,7.7129998207092285,7.710000038146973,7.710000038146973,330.0
2024-03-01 14:59:00,MXCT,4.75,4.75,4.75,4.744999885559082,4.744999885559082,802.0
2024-03-01 14:59:00,MYGN,22.174999237060547,22.174999237060547,22.19499969482422,22.174999237060547,22.190000534057617,2071.0
2024-03-01 14:59:00,NARI,46.20000076293945,46.20000076293945,46.2140998840332,46.18000030517578,46.2140998840332,2881.0
2024-03-01 14:59:00,NAUT,2.640000104904175,2.640000104904175,2.640000104904175,2.640000104904175,2.640000104904175,281.0
2024-03-01 14:59:00,NBIX,131.7949981689453,131.7949981689453,131.8350067138672,131.78500366210938,131.8350067138672,2219.0
2024-03-01 14:59:00,NDRA,1.149899959564209,1.149899959564209,1.149899959564209,1.149899959564209,1.149899959564209,500.0
2024-03-01 14:59:00,NEO,16.125,16.125,16.1299991607666,16.110000610351562,16.114999771118164,16680.0
2024-03-01 14:59:00,NEOG,17.354999542236328,17.354999542236328,17.354999542236328,17.354999542236328,17.354999542236328,384.0
2024-03-01 14:59:00,NERV,2.680000066757202,2.680000066757202,2.680000066757202,2.680000066757202,2.680000066757202,234.0
2024-03-01 14:59:00,NGM,1.5199999809265137,1.5199999809265137,1.5199999809265137,1.5199999809265137,1.5199999809265137,226.0
2024-03-01 14:59:00,NKTR,0.7720999717712402,0.7720999717712402,0.7720999717712402,0.7720999717712402,0.7720999717712402,409.0
2024-03-01 14:59:00,NKTX,12.5649995803833,12.5649995803833,12.5649995803833,12.5649995803833,12.5649995803833,378.0
2024-03-01 14:59:00,NNOX,10.690099716186523,10.690099716186523,10.71500015258789,10.6899995803833,10.71500015258789,3755.0
2024-03-01 14:59:00,NOTV,8.020000457763672,8.020000457763672,8.03499984741211,8.020000457763672,8.029999732971191,1458.0
2024-03-01 14:59:00,NPCE,16.450000762939453,16.450000762939453,16.548500061035156,16.420000076293945,16.548500061035156,3442.0
2024-03-01 14:59:00,NRIX,13.569999694824219,13.569999694824219,13.569999694824219,13.569999694824219,13.569999694824219,908.0
2024-03-01 14:59:00,NTLA,33.36000061035156,33.36000061035156,33.38999938964844,33.36000061035156,33.37080001831055,3159.0
2024-03-01 14:59:00,NTRA,89.08999633789062,89.08999633789062,89.12999725341797,89.06999969482422,89.12999725341797,1768.0
2024-03-01 14:59:00,NUVL,87.87000274658203,87.87000274658203,87.87000274658203,87.87000274658203,87.87000274658203,462.0
2024-03-01 14:59:00,NVAX,5.315000057220459,5.315000057220459,5.320000171661377,5.309999942779541,5.315000057220459,9591.0
2024-03-01 14:59:00,NVCR,16.045000076293945,16.045000076293945,16.045000076293945,16.045000076293945,16.045000076293945,183.0
2024-03-01 14:59:00,NXTC,1.7999999523162842,1.7999999523162842,1.7999999523162842,1.7999999523162842,1.7999999523162842,100.0
2024-03-01 14:59:00,NYXH,14.949999809265137,14.949999809265137,15.055000305175781,14.9350004196167,14.9350004196167,1506.0
2024-03-01 14:59:00,OCGN,0.9559999704360962,0.9559999704360962,0.9599000215530396,0.9559999704360962,0.9598000049591064,2845.0
2024-03-01 14:59:00,OCUL,10.6850004196167,10.6850004196167,10.720000267028809,10.670000076293945,10.720000267028809,15114.0
2024-03-01 14:59:00,OCUP,2.490000009536743,2.490000009536743,2.490000009536743,2.490000009536743,2.490000009536743,200.0
2024-03-01 14:59:00,OGI,2.180000066757202,2.180000066757202,2.184999942779541,2.180000066757202,2.180000066757202,1172.0
2024-03-01 14:59:00,OM,3.184999942779541,3.184999942779541,3.184999942779541,3.184999942779541,3.184999942779541,167.0
2024-03-01 14:59:00,OMER,4.784999847412109,4.784999847412109,4.784999847412109,4.784999847412109,4.784999847412109,565.0
2024-03-01 14:59:00,OMGA,4.40500020980835,4.40500020980835,4.40500020980835,4.401000022888184,4.401000022888184,4110.0
2024-03-01 14:59:00,ONCY,1.149899959564209,1.149899959564209,1.149899959564209,1.149899959564209,1.149899959564209,1020.0
2024-03-01 14:59:00,ONTX,0.8199999928474426,0.8199999928474426,0.8199999928474426,0.8199999928474426,0.8199999928474426,3001.0
2024-03-01 15:00:00,AADI,1.9500000476837158,1.9500000476837158,1.9700000286102295,1.9500000476837158,1.9700000286102295,4967.0
2024-03-01 15:00:00,ABCL,5.090000152587891,5.090000152587891,5.090000152587891,5.090000152587891,5.090000152587891,1395.0
2024-03-01 15:00:00,ABEO,7.75,7.75,7.75,7.75,7.75,302.0
2024-03-01 15:00:00,ABOS,4.590000152587891,4.590000152587891,4.590000152587891,4.579999923706055,4.579999923706055,1876.0
2024-03-01 15:00:00,ABSI,5.519999980926514,5.519999980926514,5.539999961853027,5.514999866485596,5.534999847412109,16337.0
2024-03-01 15:00:00,ABUS,2.7799999713897705,2.7799999713897705,2.7799999713897705,2.7750000953674316,2.7750000953674316,2451.0
2024-03-01 15:00:00,ACAD,24.165000915527344,24.165000915527344,24.170000076293945,24.125,24.1299991607666,6739.0
2024-03-01 15:00:00,ACB,3.190000057220459,3.190000057220459,3.194999933242798,3.190000057220459,3.194999933242798,1648.0
2024-03-01 15:00:00,ACCD,10.0649995803833,10.0649995803833,10.0649995803833,10.0649995803833,10.0649995803833,625.0
2024-03-01 15:00:00,ACET,2.3949999809265137,2.3949999809265137,2.4000000953674316,2.390000104904175,2.4000000953674316,478.0
2024-03-01 15:00:00,ACHC,84.19000244140625,84.19000244140625,84.19000244140625,84.18000030517578,84.19000244140625,1105.0
2024-03-01 15:00:00,ACHL,1.375,1.375,1.375,1.375,1.375,550.0
2024-03-01 15:00:00,ACHV,4.360000133514404,4.360000133514404,4.360000133514404,4.360000133514404,4.360000133514404,526.0
2024-03-01 15:00:00,ACLX,67.94499969482422,67.94499969482422,67.95500183105469,67.89199829101562,67.95500183105469,552.0
2024-03-01 15:00:00,ACON,0.39750000834465027,0.39750000834465027,0.39750000834465027,0.39750000834465027,0.39750000834465027,250.0
2024-03-01 15:00:00,ACRS,1.2300000190734863,1.2300000190734863,1.2300000190734863,1.2200000286102295,1.225000023841858,1925.0
2024-03-01 15:00:00,ADIL,2.765700101852417,2.765700101852417,2.7999000549316406,2.7300000190734863,2.7799999713897705,60264.0
2024-03-01 15:00:00,ADMA,5.545000076293945,5.545000076293945,5.550000190734863,5.539999961853027,5.545000076293945,833.0
2024-03-01 15:00:00,ADVM,1.9700000286102295,1.9700000286102295,1.9800000190734863,1.9700000286102295,1.9700000286102295,4709.0
2024-03-01 15:00:00,AEZS,1.9299999475479126,1.9299999475479126,1.9299999475479126,1.9299999475479126,1.9299999475479126,103.0
2024-03-01 15:00:00,AFIB,0.20819999277591705,0.20819999277591705,0.20819999277591705,0.20819999277591705,0.20819999277591705,773.0
2024-03-01 15:00:00,AGEN,0.6700009703636169,0.6700009703636169,0.6700999736785889,0.6700000166893005,0.6700500249862671,9864.0
2024-03-01 15:00:00,AGIO,32.36000061035156,32.36000061035156,32.38999938964844,32.36000061035156,32.38999938964844,1939.0
2024-03-01 15:00:00,AHCO,10.520000457763672,10.520000457763672,10.520000457763672,10.520000457763672,10.520000457763672,1704.0
2024-03-01 15:00:00,AIMD,0.9401000142097473,0.9401000142097473,0.9401000142097473,0.9401000142097473,0.9401000142097473,607.0
2024-03-01 15:00:00,AIRS,6.434999942779541,6.434999942779541,6.434999942779541,6.434999942779541,6.434999942779541,963.0
2024-03-01 15:00:00,AKBA,1.684999942779541,1.684999942779541,1.690000057220459,1.684999942779541,1.684999942779541,1517.0
2024-03-01 15:00:00,AKLI,0.35635000467300415,0.35635000467300415,0.3569999933242798,0.35635000467300415,0.3569999933242798,314.0
2024-03-01 15:00:00,AKRO,28.40999984741211,28.40999984741211,28.40999984741211,28.40999984741211,28.40999984741211,621.0
2024-03-01 15:00:00,ALDX,4.244999885559082,4.244999885559082,4.244999885559082,4.230000019073486,4.235000133514404,1483.0
2024-03-01 15:00:00,ALEC,7.465000152587891,7.465000152587891,7.465000152587891,7.465000152587891,7.465000152587891,200.0
2024-03-01 15:00:00,ALHC,5.619999885559082,5.619999885559082,5.619999885559082,5.619999885559082,5.619999885559082,177.0
2024-03-01 15:00:00,ALKS,30.100000381469727,30.100000381469727,30.104999542236328,30.094999313354492,30.104999542236328,2086.0
2024-03-01 15:00:00,ALLK,1.6549999713897705,1.6549999713897705,1.6549999713897705,1.6549999713897705,1.6549999713897705,220.0
2024-03-01 15:00:00,ALLO,4.989999771118164,4.989999771118164,4.989999771118164,4.989999771118164,4.989999771118164,523.0
2024-03-01 15:00:00,ALNY,153.42999267578125,153.42999267578125,153.43499755859375,153.42999267578125,153.43499755859375,303.0
2024-03-01 15:00:00,ALPN,35.810001373291016,35.810001373291016,35.845001220703125,35.810001373291016,35.810001373291016,779.0
2024-03-01 15:00:00,ALRN,5.000100135803223,5.000100135803223,5.000100135803223,5.000100135803223,5.000100135803223,438.0
2024-03-01 15:00:00,ALT,12.03499984741211,12.03499984741211,12.050000190734863,12.029999732971191,12.050000190734863,6227.0
2024-03-01 15:00:00,AMED,93.30999755859375,93.30999755859375,93.38999938964844,93.30999755859375,93.38999938964844,1171.0
2024-03-01 15:00:00,AMGN,280.6499938964844,280.6499938964844,280.69500732421875,280.6000061035156,280.69500732421875,2580.0
2024-03-01 15:00:00,AMLX,18.809999465942383,18.809999465942383,18.81999969482422,18.809999465942383,18.81999969482422,1983.0
2024-03-01 15:00:00,AMPH,45.81999969482422,45.81999969482422,45.83000183105469,45.790000915527344,45.790000915527344,3527.0
2024-03-01 15:00:00,AMRN,1.0549999475479126,1.0549999475479126,1.0549999475479126,1.0549999475479126,1.0549999475479126,1662.0
2024-03-01 15:00:00,ANAB,25.420000076293945,25.420000076293945,25.420000076293945,25.420000076293945,25.420000076293945,233.0
2024-03-01 15:00:00,ANNX,6.0,6.0,6.0,6.0,6.0,2392.0
2024-03-01 15:00:00,APLS,64.0,64.0,64.05000305175781,63.96009826660156,64.05000305175781,2907.0
2024-03-01 15:00:00,APLT,7.0,7.0,7.01039981842041,7.0,7.01039981842041,1244.0
2024-03-01 15:00:00,APVO,0.1599999964237213,0.1599999964237213,0.1599999964237213,0.1599999964237213,0.1599999964237213,100.0
2024-03-01 15:00:00,APYX,2.084199905395508,2.084199905395508,2.084199905395508,2.0799999237060547,2.0799999237060547,2320.0
2024-03-01 15:00:00,AQST,4.060100078582764,4.060100078582764,4.060500144958496,4.059999942779541,4.060500144958496,2445.0
2024-03-01 15:00:00,ARAY,2.634999990463257,2.634999990463257,2.634999990463257,2.634999990463257,2.634999990463257,161.0
2024-03-01 15:00:00,ARDX,9.489999771118164,9.489999771118164,9.489999771118164,9.46500015258789,9.475000381469727,9958.0
2024-03-01 15:00:00,ARGX,392.0,392.0,392.0,392.0,392.0,116.0
2024-03-01 15:00:00,ARQT,11.510100364685059,11.510100364685059,11.510100364685059,11.475000381469727,11.494999885559082,18128.0
2024-03-01 15:00:00,ARVN,48.04999923706055,48.04999923706055,48.13999938964844,48.029998779296875,48.13999938964844,1204.0
2024-03-01 15:00:00,ARWR,35.5099983215332,35.5099983215332,35.5525016784668,35.43000030517578,35.54750061035156,4858.0
2024-03-01 15:00:00,ASND,153.49000549316406,153.49000549316406,153.67999267578125,153.3800048828125,153.67999267578125,1687.0
2024-03-01 15:00:00,ATEC,13.444999694824219,13.444999694824219,13.449999809265137,13.444999694824219,13.444999694824219,862.0
2024-03-01 15:00:00,ATNF,3.387200117111206,3.387200117111206,3.387200117111206,3.387200117111206,3.387200117111206,2154.0
2024-03-01 15:00:00,ATOS,1.0,1.0,1.0,1.0,1.0,7510.0
2024-03-01 15:00:00,ATRA,0.7850000262260437,0.7850000262260437,0.7900999784469604,0.7850000262260437,0.7900999784469604,10244.0
2024-03-01 15:00:00,ATRC,36.09000015258789,36.09000015258789,36.099998474121094,36.09000015258789,36.099998474121094,973.0
2024-03-01 15:00:00,ATXI,0.15399999916553497,0.15399999916553497,0.15399999916553497,0.1534000039100647,0.15399999916553497,3910.0
2024-03-01 15:00:00,AUGX,4.565000057220459,4.565000057220459,4.570000171661377,4.565000057220459,4.570000171661377,329.0
2024-03-01 15:00:00,AUPH,5.800000190734863,5.800000190734863,5.804999828338623,5.800000190734863,5.800000190734863,622.0
2024-03-01 15:00:00,AURA,9.279999732971191,9.279999732971191,9.300999641418457,9.279999732971191,9.300100326538086,5433.0
2024-03-01 15:00:00,AVAH,2.3889000415802,2.3889000415802,2.3889000415802,2.3889000415802,2.3889000415802,162.0
2024-03-01 15:00:00,AVDL,13.390000343322754,13.390000343322754,13.399999618530273,13.305000305175781,13.319999694824219,14812.0
2024-03-01 15:00:00,AVRO,1.3200000524520874,1.3200000524520874,1.3200000524520874,1.3200000524520874,1.3200000524520874,102.0
2024-03-01 15:00:00,AXNX,67.72000122070312,67.72000122070312,67.72000122070312,67.72000122070312,67.72000122070312,229.0
2024-03-01 15:00:00,AXSM,82.36499786376953,82.36499786376953,82.38999938964844,82.36499786376953,82.38999938964844,418.0
2024-03-01 15:00:00,AZN,64.67500305175781,64.67500305175781,64.68000030517578,64.65499877929688,64.6707992553711,11437.0
2024-03-01 15:00:00,BBIO,35.86000061035156,35.86000061035156,35.86000061035156,35.86000061035156,35.86000061035156,551.0
2024-03-01 15:00:00,BBLG,2.440000057220459,2.440000057220459,2.440000057220459,2.440000057220459,2.440000057220459,1145.0
2024-03-01 15:00:00,BCAB,2.819999933242798,2.819999933242798,2.819999933242798,2.819999933242798,2.819999933242798,2232.0
2024-03-01 15:00:00,BCRX,5.690000057220459,5.690000057220459,5.695000171661377,5.690000057220459,5.695000171661377,9507.0
2024-03-01 15:00:00,BCTX,3.5250000953674316,3.5250000953674316,3.5250000953674316,3.5250000953674316,3.5250000953674316,200.0
2024-03-01 15:00:00,BDTX,4.699999809265137,4.699999809265137,4.699999809265137,4.699999809265137,4.699999809265137,329.0
2024-03-01 15:00:00,BEAM,39.95000076293945,39.95000076293945,39.95000076293945,39.95000076293945,39.95000076293945,543.0
2024-03-01 15:00:00,BFRI,0.875,0.875,0.875,0.8700000047683716,0.875,2141.0
2024-03-01 15:00:00,BGXX,0.2793999910354614,0.2793999910354614,0.2793999910354614,0.2572000026702881,0.2572000026702881,50610.0
2024-03-01 15:00:00,BIIB,221.33999633789062,221.33999633789062,221.33999633789062,221.33999633789062,221.33999633789062,1023.0
2024-03-01 15:00:00,BIVI,2.0199999809265137,2.0199999809265137,2.029900074005127,1.9853999614715576,1.9853999614715576,36806.0
2024-03-01 15:00:00,BLFS,17.959999084472656,17.959999084472656,18.0,17.959999084472656,18.0,428.0
2024-03-01 15:00:00,BLUE,1.5750000476837158,1.5750000476837158,1.5750000476837158,1.5700000524520874,1.5700000524520874,6098.0
2024-03-01 15:00:00,BMRA,1.2000000476837158,1.2000000476837158,1.2000000476837158,1.2000000476837158,1.2000000476837158,100.0
2024-03-01 15:00:00,BMRN,87.7300033569336,87.7300033569336,87.80000305175781,87.7040023803711,87.80000305175781,3405.0
2024-03-01 15:00:00,BNGO,1.2599999904632568,1.2599999904632568,1.2599999904632568,1.2599999904632568,1.2599999904632568,18188.0
2024-03-01 15:00:00,BPMC,96.23999786376953,96.23999786376953,96.31999969482422,96.23999786376953,96.31999969482422,1655.0
2024-03-01 15:00:00,BRKR,88.80000305175781,88.80000305175781,88.86000061035156,88.73500061035156,88.8499984741211,5136.0
2024-03-01 15:00:00,BWAY,6.519999980926514,6.519999980926514,6.519999980926514,6.505000114440918,6.505000114440918,700.0
2024-03-01 15:00:00,CABA,23.969999313354492,23.969999313354492,23.969999313354492,23.950000762939453,23.969999313354492,1212.0
2024-03-01 15:00:00,CARA,0.9599000215530396,0.9599000215530396,0.9599000215530396,0.9599000215530396,0.9599000215530396,721.0
2024-03-01 15:00:00,CBAY,32.224998474121094,32.224998474121094,32.22999954223633,32.220001220703125,32.22999954223633,3589.0
2024-03-01 15:00:00,CCCC,10.984999656677246,10.984999656677246,11.015000343322754,10.970000267028809,11.015000343322754,9280.0
2024-03-01 15:00:00,CCRN,18.309999465942383,18.309999465942383,18.325000762939453,18.309999465942383,18.325000762939453,505.0
2024-03-01 15:00:00,CDMO,8.210000038146973,8.210000038146973,8.220000267028809,8.210000038146973,8.220000267028809,1391.0
2024-03-01 15:00:00,CDNA,12.46500015258789,12.46500015258789,12.5,12.460000038146973,12.489999771118164,3879.0
2024-03-01 15:00:00,CDTX,0.7200999855995178,0.7200999855995178,0.7228999733924866,0.7200999855995178,0.7228999733924866,4714.0
2024-03-01 15:00:00,CDXS,4.610000133514404,4.610000133514404,4.614999771118164,4.610000133514404,4.610000133514404,1553.0
2024-03-01 15:00:00,CELC,17.190000534057617,17.190000534057617,17.190000534057617,17.190000534057617,17.190000534057617,200.0
2024-03-01 15:00:00,CERE,41.08000183105469,41.08000183105469,41.09000015258789,41.08000183105469,41.08250045776367,757.0
2024-03-01 15:00:00,CERS,2.1875,2.1875,2.1875,2.1875,2.1875,100.0
2024-03-01 15:00:00,CERT,18.235000610351562,18.235000610351562,18.235000610351562,18.235000610351562,18.235000610351562,364.0
2024-03-01 15:00:00,CGC,3.2100000381469727,3.2100000381469727,3.2149999141693115,3.2100000381469727,3.2149999141693115,2565.0
2024-03-01 15:00:00,CGEM,18.799999237060547,18.799999237060547,18.799999237060547,18.770000457763672,18.770000457763672,958.0
2024-03-01 15:00:00,CGEN,2.677500009536743,2.677500009536743,2.6798999309539795,2.677500009536743,2.6798999309539795,1241.0
2024-03-01 15:00:00,CHRS,2.4149999618530273,2.4149999618530273,2.4149999618530273,2.4100000858306885,2.4100000858306885,3935.0
2024-03-01 15:00:00,CLDX,52.747501373291016,52.747501373291016,52.75,52.709999084472656,52.75,3428.0
2024-03-01 15:00:00,CLNN,0.38449999690055847,0.38449999690055847,0.38449999690055847,0.38449999690055847,0.38449999690055847,1000.0
2024-03-01 15:00:00,CLOV,0.8650500178337097,0.8650500178337097,0.8650500178337097,0.8650000095367432,0.8650000095367432,5566.0
2024-03-01 15:00:00,CLPT,6.570000171661377,6.570000171661377,6.570000171661377,6.570000171661377,6.570000171661377,207.0
2024-03-01 15:00:00,CMPS,11.75,11.75,11.755000114440918,11.744999885559082,11.755000114440918,3015.0
2024-03-01 15:00:00,CNTA,10.819999694824219,10.819999694824219,10.819999694824219,10.819999694824219,10.819999694824219,104.0
2024-03-01 15:00:00,CNTB,1.149999976158142,1.149999976158142,1.149999976158142,1.149999976158142,1.149999976158142,15291.0
2024-03-01 15:00:00,COGT,7.204999923706055,7.204999923706055,7.204999923706055,7.204999923706055,7.204999923706055,959.0
2024-03-01 15:00:00,COLL,36.81999969482422,36.81999969482422,36.81999969482422,36.81999969482422,36.81999969482422,213.0
2024-03-01 15:00:00,CPRX,17.100000381469727,17.100000381469727,17.1299991607666,17.049999237060547,17.049999237060547,14326.0
2024-03-01 15:00:00,CRBP,32.57149887084961,32.57149887084961,32.57149887084961,32.57149887084961,32.57149887084961,392.0
2024-03-01 15:00:00,CRBU,7.889999866485596,7.889999866485596,7.894999980926514,7.889999866485596,7.894999980926514,1493.0
2024-03-01 15:00:00,CRDF,2.710900068283081,2.710900068283081,2.75,2.7100000381469727,2.7249999046325684,69525.0
2024-03-01 15:00:00,CRNX,46.150001525878906,46.150001525878906,46.150001525878906,46.150001525878906,46.150001525878906,111.0
2024-03-01 15:00:00,CRON,2.038300037384033,2.038300037384033,2.038300037384033,2.0299999713897705,2.0299999713897705,2178.0
2024-03-01 15:00:00,CRSP,85.1897964477539,85.1897964477539,85.23500061035156,85.1897964477539,85.23500061035156,3213.0
2024-03-01 15:00:00,CSTL,19.889999389648438,19.889999389648438,19.889999389648438,19.8799991607666,19.8799991607666,1389.0
2024-03-01 15:00:00,CTKB,9.050000190734863,9.050000190734863,9.050000190734863,9.050000190734863,9.050000190734863,1372.0
2024-03-01 15:00:00,CTMX,2.509000062942505,2.509000062942505,2.509999990463257,2.505000114440918,2.505000114440918,1189.0
2024-03-01 15:00:00,CVAC,3.4549999237060547,3.4549999237060547,3.4549999237060547,3.450000047683716,3.4549999237060547,3547.0
2024-03-01 15:00:00,CYTK,73.92500305175781,73.92500305175781,73.93000030517578,73.8843994140625,73.9000015258789,1369.0
2024-03-01 15:00:00,DAWN,17.709999084472656,17.709999084472656,17.719999313354492,17.700000762939453,17.719999313354492,2663.0
2024-03-01 15:00:00,DCGO,4.114999771118164,4.114999771118164,4.114999771118164,4.110000133514404,4.114999771118164,1773.0
2024-03-01 15:00:00,DCPH,17.485000610351562,17.485000610351562,17.485000610351562,17.485000610351562,17.485000610351562,599.0
2024-03-01 15:00:00,DH,8.880000114440918,8.880000114440918,8.890000343322754,8.880000114440918,8.890000343322754,697.0
2024-03-01 15:00:00,DMTK,0.8500000238418579,0.8500000238418579,0.8500000238418579,0.8499000072479248,0.8499000072479248,4050.0
2024-03-01 15:00:00,DNLI,21.145000457763672,21.145000457763672,21.149999618530273,21.1299991607666,21.1299991607666,6402.0
2024-03-01 15:00:00,DVAX,12.8149995803833,12.8149995803833,12.819999694824219,12.8149995803833,12.819999694824219,3133.0
2024-03-01 15:00:00,DXCM,121.25,121.25,121.25499725341797,121.1500015258789,121.23999786376953,36695.0
2024-03-01 15:00:00,DYN,29.0049991607666,29.0049991607666,29.010000228881836,29.0,29.010000228881836,2471.0
2024-03-01 15:00:00,EDIT,10.845000267028809,10.845000267028809,10.850000381469727,10.845000267028809,10.850000381469727,858.0
2024-03-01 15:00:00,ELEV,5.110000133514404,5.110000133514404,5.110000133514404,5.099999904632568,5.099999904632568,948.0
2024-03-01 15:00:00,EMBC,14.270000457763672,14.270000457763672,14.270000457763672,14.270000457763672,14.270000457763672,293.0
2024-03-01 15:00:00,ENSG,121.42500305175781,121.42500305175781,121.44000244140625,121.42500305175781,121.44000244140625,792.0
2024-03-01 15:00:00,ENTA,15.520000457763672,15.520000457763672,15.539999961853027,15.5,15.510000228881836,1263.0
2024-03-01 15:00:00,EOLS,14.789999961853027,14.789999961853027,14.789999961853027,14.779999732971191,14.779999732971191,226.0
2024-03-01 15:00:00,EPIX,9.460000038146973,9.460000038146973,9.460000038146973,9.399999618530273,9.399999618530273,464.0
2024-03-01 15:00:00,ESPR,2.555000066757202,2.555000066757202,2.555000066757202,2.555000066757202,2.555000066757202,1701.0
2024-03-01 15:00:00,ESTA,44.60499954223633,44.60499954223633,44.60499954223633,44.60499954223633,44.60499954223633,200.0
2024-03-01 15:00:00,ETNB,12.75,12.75,12.75,12.739999771118164,12.739999771118164,1238.0
2024-03-01 15:00:00,EWTX,16.959999084472656,16.959999084472656,17.0,16.959999084472656,17.0,1592.0
2024-03-01 15:00:00,EXAI,6.65939998626709,6.65939998626709,6.65939998626709,6.650000095367432,6.651000022888184,1326.0
2024-03-01 15:00:00,EXAS,59.880001068115234,59.880001068115234,59.939998626708984,59.869998931884766,59.939998626708984,1344.0
2024-03-01 15:00:00,EXEL,22.329999923706055,22.329999923706055,22.334999084472656,22.31999969482422,22.334999084472656,4683.0
2024-03-01 15:00:00,EYEN,2.3721001148223877,2.3721001148223877,2.3721001148223877,2.3721001148223877,2.3721001148223877,300.0
2024-03-01 15:00:00,EYPT,27.93000030517578,27.93000030517578,27.979999542236328,27.93000030517578,27.979999542236328,224.0
2024-03-01 15:00:00,FATE,7.733799934387207,7.733799934387207,7.733799934387207,7.730000019073486,7.730000019073486,333.0
2024-03-01 15:00:00,FBIO,2.359999895095825,2.359999895095825,2.369999885559082,2.359999895095825,2.369999885559082,3350.0
2024-03-01 15:00:00,FDMT,29.399999618530273,29.399999618530273,29.399999618530273,29.399999618530273,29.399999618530273,468.0
2024-03-01 15:00:00,FGEN,1.8350000381469727,1.8350000381469727,1.840000033378601,1.8350000381469727,1.8350000381469727,1060.0
2024-03-01 15:00:00,FLGT,23.040000915527344,23.040000915527344,23.040000915527344,23.040000915527344,23.040000915527344,1098.0
2024-03-01 15:00:00,FOLD,13.295000076293945,13.295000076293945,13.3100004196167,13.295000076293945,13.3100004196167,2965.0
2024-03-01 15:00:00,FULC,11.0,11.0,11.0,11.0,11.0,215.0
2024-03-01 15:00:00,FUSN,12.15999984741211,12.15999984741211,12.170000076293945,12.15999984741211,12.170000076293945,1192.0
2024-03-01 15:00:00,GDRX,8.4399995803833,8.4399995803833,8.454999923706055,8.4399995803833,8.45009994506836,5938.0
2024-03-01 15:00:00,GERN,2.244999885559082,2.244999885559082,2.244999885559082,2.240000009536743,2.244999885559082,59268.0
2024-03-01 15:00:00,GH,19.079999923706055,19.079999923706055,19.09000015258789,19.059999465942383,19.059999465942383,7416.0
2024-03-01 15:00:00,GILD,72.51499938964844,72.51499938964844,72.5199966430664,72.48500061035156,72.5199966430664,18310.0
2024-03-01 15:00:00,GLSI,12.529999732971191,12.529999732971191,12.529999732971191,12.529999732971191,12.529999732971191,271.0
2024-03-01 15:00:00,GLTO,0.8199999928474426,0.8199999928474426,0.8208000063896179,0.8199999928474426,0.8208000063896179,4442.0
2024-03-01 15:00:00,GMDA,0.3801000118255615,0.3801000118255615,0.38370001316070557,0.3801000118255615,0.38370001316070557,3214.0
2024-03-01 15:00:00,GOSS,1.4199999570846558,1.4199999570846558,1.4199999570846558,1.4199999570846558,1.4199999570846558,4747.0
2024-03-01 15:00:00,GRFS,7.005000114440918,7.005000114440918,7.010000228881836,7.005000114440918,7.010000228881836,973.0
2024-03-01 15:00:00,GRTS,2.0950000286102295,2.0950000286102295,2.100100040435791,2.0950000286102295,2.100100040435791,7020.0
2024-03-01 15:00:00,GTHX,3.799999952316284,3.799999952316284,3.799999952316284,3.7899999618530273,3.799999952316284,1067.0
2024-03-01 15:00:00,HALO,41.16999816894531,41.16999816894531,41.18000030517578,41.15999984741211,41.18000030517578,1263.0
2024-03-01 15:00:00,HARP,22.940000534057617,22.940000534057617,22.940000534057617,22.940000534057617,22.940000534057617,275.0
2024-03-01 15:00:00,HCAT,8.140000343322754,8.140000343322754,8.154999732971191,8.140000343322754,8.154999732971191,1825.0
2024-03-01 15:00:00,HCM,15.130000114440918,15.130000114440918,15.130000114440918,15.130000114440918,15.130000114440918,149.0
2024-03-01 15:00:00,HCSG,12.845000267028809,12.845000267028809,12.859999656677246,12.84000015258789,12.854999542236328,4623.0
2024-03-01 15:00:00,HCTI,2.069999933242798,2.069999933242798,2.078200101852417,2.059999942779541,2.069999933242798,1527.0
2024-03-01 15:00:00,HOLX,74.33999633789062,74.33999633789062,74.3499984741211,74.32499694824219,74.3499984741211,2048.0
2024-03-01 15:00:00,HQY,81.47000122070312,81.47000122070312,81.47000122070312,81.47000122070312,81.47000122070312,1382.0
2024-03-01 15:00:00,HRMY,31.62980079650879,31.62980079650879,31.6299991607666,31.62980079650879,31.6299991607666,312.0
2024-03-01 15:00:00,HRTX,2.5999999046325684,2.5999999046325684,2.6050000190734863,2.5999999046325684,2.6050000190734863,2081.0
2024-03-01 15:00:00,HSIC,76.86000061035156,76.86000061035156,76.86000061035156,76.8499984741211,76.86000061035156,1591.0
2024-03-01 15:00:00,HUMA,3.244999885559082,3.244999885559082,3.25,3.234999895095825,3.234999895095825,4870.0
2024-03-01 15:00:00,HYPR,1.149999976158142,1.149999976158142,1.149999976158142,1.149999976158142,1.149999976158142,399.0
2024-03-01 15:00:00,IART,36.2599983215332,36.2599983215332,36.27000045776367,36.2599983215332,36.27000045776367,754.0
2024-03-01 15:00:00,IBRX,4.864999771118164,4.864999771118164,4.864999771118164,4.860000133514404,4.860000133514404,4719.0
2024-03-01 15:00:00,ICLR,324.54998779296875,324.54998779296875,324.9599914550781,324.54998779296875,324.9599914550781,1911.0
2024-03-01 15:00:00,IDXX,578.8200073242188,578.8200073242188,578.8200073242188,578.8200073242188,578.8200073242188,239.0
2024-03-01 15:00:00,IDYA,46.27000045776367,46.27000045776367,46.27000045776367,46.27000045776367,46.27000045776367,608.0
2024-03-01 15:00:00,IFRX,1.75,1.75,1.7575000524520874,1.75,1.7575000524520874,900.0
2024-03-01 15:00:00,IKNA,1.4950000047683716,1.4950000047683716,1.4950000047683716,1.4950000047683716,1.4950000047683716,100.0
2024-03-01 15:00:00,ILMN,141.07000732421875,141.07000732421875,141.22000122070312,141.02000427246094,141.22000122070312,1478.0
2024-03-01 15:00:00,IMAB,1.7999999523162842,1.7999999523162842,1.7999999523162842,1.7999999523162842,1.7999999523162842,123.0
2024-03-01 15:00:00,IMMX,3.505000114440918,3.505000114440918,3.505000114440918,3.505000114440918,3.505000114440918,316.0
2024-03-01 15:00:00,IMNM,25.259000778198242,25.259000778198242,25.290000915527344,25.239999771118164,25.270000457763672,2201.0
2024-03-01 15:00:00,IMTX,12.789999961853027,12.789999961853027,12.789999961853027,12.789999961853027,12.789999961853027,102.0
2024-03-01 15:00:00,IMUX,1.475000023841858,1.475000023841858,1.4800000190734863,1.4700000286102295,1.4800000190734863,4040.0
2024-03-01 15:00:00,IMVT,35.689998626708984,35.689998626708984,35.69499969482422,35.689998626708984,35.69499969482422,590.0
2024-03-01 15:00:00,INBX,36.525001525878906,36.525001525878906,36.525001525878906,36.525001525878906,36.525001525878906,151.0
2024-03-01 15:00:00,INCY,59.029998779296875,59.029998779296875,59.029998779296875,59.0099983215332,59.0099983215332,4999.0
2024-03-01 15:00:00,INGN,6.764999866485596,6.764999866485596,6.764999866485596,6.760000228881836,6.760000228881836,2875.0
2024-03-01 15:00:00,INMD,22.889999389648438,22.889999389648438,22.899999618530273,22.889999389648438,22.899999618530273,1496.0
2024-03-01 15:00:00,INSM,28.06999969482422,28.06999969482422,28.06999969482422,28.065000534057617,28.065000534057617,770.0
2024-03-01 15:00:00,INVA,15.420000076293945,15.420000076293945,15.430000305175781,15.399999618530273,15.430000305175781,9493.0
2024-03-01 15:00:00,IONS,45.869998931884766,45.869998931884766,45.869998931884766,45.84000015258789,45.85499954223633,1865.0
2024-03-01 15:00:00,IOVA,17.040000915527344,17.040000915527344,17.045000076293945,17.024999618530273,17.040000915527344,6068.0
2024-03-01 15:00:00,IPSC,3.950000047683716,3.950000047683716,3.950000047683716,3.950000047683716,3.950000047683716,100.0
2024-03-01 15:00:00,IRMD,41.4900016784668,41.4900016784668,41.4900016784668,41.4900016784668,41.4900016784668,114.0
2024-03-01 15:00:00,IRWD,8.949999809265137,8.949999809265137,8.96500015258789,8.949999809265137,8.960000038146973,12407.0
2024-03-01 15:00:00,ISRG,397.0050048828125,397.0050048828125,397.04998779296875,396.9200134277344,397.0,2999.0
2024-03-01 15:00:00,ITCI,71.98999786376953,71.98999786376953,72.0,71.97000122070312,71.97000122070312,2765.0
2024-03-01 15:00:00,IVVD,3.9800000190734863,3.9800000190734863,3.984999895095825,3.9800000190734863,3.984999895095825,1678.0
2024-03-01 15:00:00,IXHL,5.570000171661377,5.570000171661377,5.570000171661377,5.570000171661377,5.570000171661377,138.0
2024-03-01 15:00:00,JAGX,0.08659999817609787,0.08659999817609787,0.08749999850988388,0.08640000224113464,0.08749999850988388,699564.0
2024-03-01 15:00:00,JANX,46.02000045776367,46.02000045776367,46.02000045776367,46.0099983215332,46.0099983215332,651.0
2024-03-01 15:00:00,JAZZ,119.17500305175781,119.17500305175781,119.19999694824219,119.1500015258789,119.19999694824219,1676.0
2024-03-01 15:00:00,JSPR,21.729999542236328,21.729999542236328,21.735000610351562,21.729999542236328,21.735000610351562,287.0
2024-03-01 15:00:00,KALV,14.15999984741211,14.15999984741211,14.15999984741211,14.15999984741211,14.15999984741211,193.0
2024-03-01 15:00:00,KNSA,21.844999313354492,21.844999313354492,21.889999389648438,21.844999313354492,21.889999389648438,4162.0
2024-03-01 15:00:00,KNTE,2.609999895095825,2.609999895095825,2.609999895095825,2.609999895095825,2.609999895095825,303.0
2024-03-01 15:00:00,KOD,6.039999961853027,6.039999961853027,6.039999961853027,6.039999961853027,6.039999961853027,907.0
2024-03-01 15:00:00,KPTI,1.184999942779541,1.184999942779541,1.190000057220459,1.184999942779541,1.190000057220459,2034.0
2024-03-01 15:00:00,KRMD,2.1449999809265137,2.1449999809265137,2.1449999809265137,2.1449999809265137,2.1449999809265137,300.0
2024-03-01 15:00:00,KRTX,315.82000732421875,315.82000732421875,315.82000732421875,315.82000732421875,315.82000732421875,200.0
2024-03-01 15:00:00,KRYS,169.2949981689453,169.2949981689453,169.2949981689453,169.2949981689453,169.2949981689453,521.0
2024-03-01 15:00:00,KTRA,0.10080000013113022,0.10080000013113022,0.10090000182390213,0.10080000013113022,0.10090000182390213,482.0
2024-03-01 15:00:00,KURA,21.920000076293945,21.920000076293945,21.93000030517578,21.920000076293945,21.93000030517578,1340.0
2024-03-01 15:00:00,KYMR,43.790000915527344,43.790000915527344,43.814998626708984,43.790000915527344,43.814998626708984,413.0
2024-03-01 15:00:00,KZR,1.0499999523162842,1.0499999523162842,1.0575000047683716,1.0499999523162842,1.0499999523162842,1172.0
2024-03-01 15:00:00,LAB,2.4749999046325684,2.4749999046325684,2.4749999046325684,2.4700000286102295,2.4749999046325684,3515.0
2024-03-01 15:00:00,LEGN,65.625,65.625,65.63999938964844,65.625,65.63999938964844,525.0
2024-03-01 15:00:00,LFMD,8.0,8.0,8.0,7.989999771118164,8.0,1545.0
2024-03-01 15:00:00,LFST,7.724999904632568,7.724999904632568,7.730000019073486,7.724999904632568,7.730000019073486,1521.0
2024-03-01 15:00:00,LGND,77.91999816894531,77.91999816894531,77.91999816894531,77.91999816894531,77.91999816894531,351.0
2024-03-01 15:00:00,LIVN,55.69499969482422,55.69499969482422,55.7599983215332,55.69499969482422,55.7599983215332,1568.0
2024-03-01 15:00:00,LNTH,64.56500244140625,64.56500244140625,64.56999969482422,64.55000305175781,64.56999969482422,1803.0
2024-03-01 15:00:00,LRMR,11.3100004196167,11.3100004196167,11.3100004196167,11.300000190734863,11.300000190734863,739.0
2024-03-01 15:00:00,LTRN,4.130000114440918,4.130000114440918,4.21999979019165,4.130000114440918,4.21999979019165,4916.0
2024-03-01 15:00:00,LUCD,1.2400000095367432,1.2400000095367432,1.2400000095367432,1.2400000095367432,1.2400000095367432,434.0
2024-03-01 15:00:00,LUNG,9.479999542236328,9.479999542236328,9.479999542236328,9.470000267028809,9.470000267028809,200.0
2024-03-01 15:00:00,LVTX,2.7799999713897705,2.7799999713897705,2.7799999713897705,2.7799999713897705,2.7799999713897705,143.0
2024-03-01 15:00:00,LYEL,3.1600000858306885,3.1600000858306885,3.1649999618530273,3.1600000858306885,3.1600000858306885,4135.0
2024-03-01 15:00:00,LYRA,5.659999847412109,5.659999847412109,5.679999828338623,5.659999847412109,5.670000076293945,841.0
2024-03-01 15:00:00,MASI,127.3499984741211,127.3499984741211,127.3499984741211,127.3499984741211,127.3499984741211,256.0
2024-03-01 15:00:00,MCRB,1.2300000190734863,1.2300000190734863,1.2300000190734863,1.2200000286102295,1.2200000286102295,7192.0
2024-03-01 15:00:00,MDGL,250.47000122070312,250.47000122070312,250.47000122070312,250.47000122070312,250.47000122070312,359.0
2024-03-01 15:00:00,MDRX,6.019999980926514,6.019999980926514,6.070000171661377,6.019999980926514,6.039999961853027,44120.0
2024-03-01 15:00:00,MDXG,8.654999732971191,8.654999732971191,8.654999732971191,8.645000457763672,8.654999732971191,14152.0
2024-03-01 15:00:00,ME,0.5565999746322632,0.5565999746322632,0.5569000244140625,0.5565999746322632,0.5565999746322632,5710.0
2024-03-01 15:00:00,MGNX,18.9950008392334,18.9950008392334,19.019899368286133,18.979999542236328,18.979999542236328,10458.0
2024-03-01 15:00:00,MIRM,29.329999923706055,29.329999923706055,29.329999923706055,29.309999465942383,29.309999465942383,1414.0
2024-03-01 15:00:00,MLTX,50.900001525878906,50.900001525878906,50.939998626708984,50.900001525878906,50.93000030517578,2162.0
2024-03-01 15:00:00,MMSI,76.26000213623047,76.26000213623047,76.32499694824219,76.26000213623047,76.32499694824219,1588.0
2024-03-01 15:00:00,MNKD,4.534999847412109,4.534999847412109,4.539999961853027,4.534999847412109,4.534999847412109,1179.0
2024-03-01 15:00:00,MNMD,6.224999904632568,6.224999904632568,6.224999904632568,6.224999904632568,6.224999904632568,180.0
2024-03-01 15:00:00,MNPR,0.88919997215271,0.88919997215271,0.88919997215271,0.88919997215271,0.88919997215271,210.0
2024-03-01 15:00:00,MODV,28.469999313354492,28.469999313354492,28.469999313354492,28.469999313354492,28.469999313354492,138.0
2024-03-01 15:00:00,MORF,39.619998931884766,39.619998931884766,39.619998931884766,39.619998931884766,39.619998931884766,102.0
2024-03-01 15:00:00,MOVE,0.5709999799728394,0.5709999799728394,0.5709999799728394,0.5709999799728394,0.5709999799728394,101.0
2024-03-01 15:00:00,MRAI,1.6100000143051147,1.6100000143051147,1.6100000143051147,1.6100000143051147,1.6100000143051147,1700.0
2024-03-01 15:00:00,MREO,3.984999895095825,3.984999895095825,3.990000009536743,3.984999895095825,3.990000009536743,1395.0
2024-03-01 15:00:00,MRNA,95.30999755859375,95.30999755859375,95.43000030517578,95.2300033569336,95.43000030517578,12021.0
2024-03-01 15:00:00,MRNS,10.0,10.0,10.015000343322754,9.989999771118164,10.010000228881836,639.0
2024-03-01 15:00:00,MRSN,5.980000019073486,5.980000019073486,5.985000133514404,5.96999979019165,5.96999979019165,2159.0
2024-03-01 15:00:00,MRUS,51.494998931884766,51.494998931884766,51.51750183105469,51.43000030517578,51.505001068115234,2242.0
2024-03-01 15:00:00,MRVI,7.710000038146973,7.710000038146973,7.711999893188477,7.704999923706055,7.710000038146973,7379.0
2024-03-01 15:00:00,MXCT,4.75,4.75,4.75,4.75,4.75,300.0
2024-03-01 15:00:00,NARI,46.2400016784668,46.2400016784668,46.2400016784668,46.20000076293945,46.20000076293945,2009.0
2024-03-01 15:00:00,NBIX,131.82000732421875,131.82000732421875,131.82000732421875,131.77000427246094,131.77000427246094,3168.0
2024-03-01 15:00:00,NDRA,1.1497000455856323,1.1497000455856323,1.1497000455856323,1.1497000455856323,1.1497000455856323,1000.0
2024-03-01 15:00:00,NEO,16.11009979248047,16.11009979248047,16.129899978637695,16.11009979248047,16.1200008392334,1431.0
2024-03-01 15:00:00,NEOG,17.360000610351562,17.360000610351562,17.360000610351562,17.354999542236328,17.354999542236328,2849.0
2024-03-01 15:00:00,NEXI,6.400000095367432,6.400000095367432,6.400000095367432,6.400000095367432,6.400000095367432,988.0
2024-03-01 15:00:00,NGM,1.5199999809265137,1.5199999809265137,1.5199999809265137,1.5199999809265137,1.5199999809265137,2186.0
2024-03-01 15:00:00,NKTX,12.670000076293945,12.670000076293945,12.670000076293945,12.550000190734863,12.550000190734863,7384.0
2024-03-01 15:00:00,NNOX,10.729999542236328,10.729999542236328,10.729999542236328,10.680000305175781,10.680000305175781,6012.0
2024-03-01 15:00:00,NOTV,8.01200008392334,8.01200008392334,8.015000343322754,8.010000228881836,8.010000228881836,879.0
2024-03-01 15:00:00,NRBO,6.199999809265137,6.199999809265137,6.199999809265137,6.199999809265137,6.199999809265137,228.0
2024-03-01 15:00:00,NRIX,13.555000305175781,13.555000305175781,13.5600004196167,13.555000305175781,13.5600004196167,670.0
2024-03-01 15:00:00,NTLA,33.352298736572266,33.352298736572266,33.352298736572266,33.33000183105469,33.35139846801758,2892.0
2024-03-01 15:00:00,NTRA,89.08999633789062,89.08999633789062,89.08999633789062,89.05000305175781,89.06500244140625,3738.0
2024-03-01 15:00:00,NUVL,87.73500061035156,87.73500061035156,87.73500061035156,87.73500061035156,87.73500061035156,100.0
2024-03-01 15:00:00,NUWE,0.5874999761581421,0.5874999761581421,0.5874999761581421,0.5874999761581421,0.5874999761581421,200.0
2024-03-01 15:00:00,NVAX,5.324999809265137,5.324999809265137,5.329999923706055,5.309999942779541,5.315000057220459,51094.0
2024-03-01 15:00:00,NVCR,16.030000686645508,16.030000686645508,16.045000076293945,16.030000686645508,16.045000076293945,3746.0
2024-03-01 15:00:00,NXGL,2.4149999618530273,2.4149999618530273,2.430000066757202,2.390000104904175,2.430000066757202,2509.0
2024-03-01 15:00:00,NXTC,1.7999999523162842,1.7999999523162842,1.7999999523162842,1.7999999523162842,1.7999999523162842,300.0
2024-03-01 15:00:00,OCGN,0.9559999704360962,0.9559999704360962,0.9599999785423279,0.9559999704360962,0.9599999785423279,557.0
2024-03-01 15:00:00,OCUL,10.699999809265137,10.699999809265137,10.699999809265137,10.680000305175781,10.680000305175781,2222.0
2024-03-01 15:00:00,OCUP,2.490799903869629,2.490799903869629,2.490799903869629,2.490799903869629,2.490799903869629,600.0
2024-03-01 15:00:00,OFIX,12.930000305175781,12.930000305175781,12.930000305175781,12.930000305175781,12.930000305175781,131.0
2024-03-01 15:00:00,OGI,2.185499906539917,2.185499906539917,2.185499906539917,2.1800999641418457,2.1800999641418457,294.0
2024-03-01 15:00:00,OMCL,26.540000915527344,26.540000915527344,26.540000915527344,26.540000915527344,26.540000915527344,213.0
2024-03-01 15:00:00,OMER,4.78000020980835,4.78000020980835,4.78000020980835,4.78000020980835,4.78000020980835,408.0
2024-03-01 15:00:00,OMGA,4.40500020980835,4.40500020980835,4.40500020980835,4.40500020980835,4.40500020980835,448.0
2024-03-01 15:00:00,ONTX,0.824999988079071,0.824999988079071,0.824999988079071,0.824999988079071,0.824999988079071,321.0
2024-03-01 15:01:00,AADI,1.9550000429153442,1.9550000429153442,1.9550000429153442,1.9550000429153442,1.9550000429153442,200.0
2024-03-01 15:01:00,ABCL,5.090000152587891,5.090000152587891,5.09499979019165,5.085000038146973,5.090000152587891,3503.0
2024-03-01 15:01:00,ABEO,7.75,7.75,7.75,7.75,7.75,685.0
2024-03-01 15:01:00,ABOS,4.590000152587891,4.590000152587891,4.59499979019165,4.590000152587891,4.59499979019165,568.0
2024-03-01 15:01:00,ABSI,5.507500171661377,5.507500171661377,5.519999980926514,5.5,5.519999980926514,4339.0
2024-03-01 15:01:00,ABUS,2.7799999713897705,2.7799999713897705,2.7799999713897705,2.7799999713897705,2.7799999713897705,142.0
2024-03-01 15:01:00,ACAD,24.15999984741211,24.15999984741211,24.170000076293945,24.15999984741211,24.15999984741211,1622.0
2024-03-01 15:01:00,ACB,3.190000057220459,3.190000057220459,3.200000047683716,3.190000057220459,3.190000057220459,5941.0
2024-03-01 15:01:00,ACCD,10.0649995803833,10.0649995803833,10.0649995803833,10.0649995803833,10.0649995803833,252.0
2024-03-01 15:01:00,ACET,2.3949999809265137,2.3949999809265137,2.4000000953674316,2.390000104904175,2.4000000953674316,1024.0
2024-03-01 15:01:00,ACHC,84.18000030517578,84.18000030517578,84.18000030517578,84.18000030517578,84.18000030517578,341.0
2024-03-01 15:01:00,ACRS,1.2200000286102295,1.2200000286102295,1.225000023841858,1.2200000286102295,1.2200000286102295,800.0
2024-03-01 15:01:00,ADAP,1.5999000072479248,1.5999000072479248,1.600000023841858,1.589900016784668,1.590000033378601,3445.0
2024-03-01 15:01:00,ADIL,2.765399932861328,2.765399932861328,2.799999952316284,2.759999990463257,2.7699999809265137,44765.0
2024-03-01 15:01:00,ADMA,5.545000076293945,5.545000076293945,5.545000076293945,5.545000076293945,5.545000076293945,2167.0
2024-03-01 15:01:00,ADPT,4.054999828338623,4.054999828338623,4.059999942779541,4.054999828338623,4.059999942779541,8789.0
2024-03-01 15:01:00,ADVM,1.9800000190734863,1.9800000190734863,1.9800000190734863,1.975000023841858,1.9800000190734863,1044.0
2024-03-01 15:01:00,AGEN,0.6700500249862671,0.6700500249862671,0.6700999736785889,0.6700000166893005,0.6700620055198669,4429.0
2024-03-01 15:01:00,AGIO,32.33000183105469,32.33000183105469,32.3650016784668,32.33000183105469,32.3650016784668,1459.0
2024-03-01 15:01:00,AHCO,10.515000343322754,10.515000343322754,10.524999618530273,10.515000343322754,10.524999618530273,1888.0
2024-03-01 15:01:00,AIMD,0.9599999785423279,0.9599999785423279,0.9599999785423279,0.9599999785423279,0.9599999785423279,160.0
2024-03-01 15:01:00,AKBA,1.684999942779541,1.684999942779541,1.690000057220459,1.684999942779541,1.690000057220459,300.0
2024-03-01 15:01:00,AKLI,0.3532010018825531,0.3532010018825531,0.3532010018825531,0.3532010018825531,0.3532010018825531,130.0
2024-03-01 15:01:00,AKRO,28.520000457763672,28.520000457763672,28.520000457763672,28.415000915527344,28.440000534057617,2809.0
2024-03-01 15:01:00,ALDX,4.240900039672852,4.240900039672852,4.240900039672852,4.240900039672852,4.240900039672852,555.0
2024-03-01 15:01:00,ALEC,7.460000038146973,7.460000038146973,7.465000152587891,7.460000038146973,7.465000152587891,3370.0
2024-03-01 15:01:00,ALGN,302.95001220703125,302.95001220703125,302.95001220703125,302.95001220703125,302.95001220703125,678.0
2024-03-01 15:01:00,ALHC,5.599999904632568,5.599999904632568,5.614999771118164,5.599999904632568,5.614999771118164,323.0
2024-03-01 15:01:00,ALKS,30.079999923706055,30.079999923706055,30.100000381469727,30.059999465942383,30.100000381469727,4219.0
2024-03-01 15:01:00,ALLK,1.6549999713897705,1.6549999713897705,1.6549999713897705,1.649999976158142,1.6549999713897705,1493.0
2024-03-01 15:01:00,ALLO,4.989999771118164,4.989999771118164,4.989999771118164,4.985000133514404,4.989999771118164,5136.0
2024-03-01 15:01:00,ALNY,153.40499877929688,153.40499877929688,153.42999267578125,153.35000610351562,153.42999267578125,856.0
2024-03-01 15:01:00,ALPN,35.845001220703125,35.845001220703125,35.845001220703125,35.810001373291016,35.810001373291016,294.0
2024-03-01 15:01:00,ALT,12.03499984741211,12.03499984741211,12.050000190734863,12.03499984741211,12.03499984741211,3455.0
2024-03-01 15:01:00,ALVO,15.630000114440918,15.630000114440918,15.640000343322754,15.630000114440918,15.640000343322754,2371.0
2024-03-01 15:01:00,ALVR,0.7424499988555908,0.7424499988555908,0.7424499988555908,0.7424499988555908,0.7424499988555908,321.0
2024-03-01 15:01:00,ALXO,15.020000457763672,15.020000457763672,15.020000457763672,15.020000457763672,15.020000457763672,105.0
2024-03-01 15:01:00,AMED,93.30000305175781,93.30000305175781,93.30000305175781,93.30000305175781,93.30000305175781,513.0
2024-03-01 15:01:00,AMGN,280.6000061035156,280.6000061035156,280.6499938964844,280.5400085449219,280.6499938964844,4482.0
2024-03-01 15:01:00,AMLX,18.780000686645508,18.780000686645508,18.790000915527344,18.780000686645508,18.790000915527344,927.0
2024-03-01 15:01:00,AMRN,1.0549999475479126,1.0549999475479126,1.0549999475479126,1.0549999475479126,1.0549999475479126,556.0
2024-03-01 15:01:00,ANGO,5.489999771118164,5.489999771118164,5.489999771118164,5.489999771118164,5.489999771118164,624.0
2024-03-01 15:01:00,ANIP,66.61000061035156,66.61000061035156,66.61000061035156,66.61000061035156,66.61000061035156,241.0
2024-03-01 15:01:00,ANNX,6.0,6.0,6.012499809265137,5.989999771118164,6.0,62342.0
2024-03-01 15:01:00,APDN,0.5659999847412109,0.5659999847412109,0.5659999847412109,0.5659999847412109,0.5659999847412109,228.0
2024-03-01 15:01:00,APLS,64.12999725341797,64.12999725341797,64.16000366210938,64.0,64.0,4271.0
2024-03-01 15:01:00,APLT,7.010000228881836,7.010000228881836,7.019999980926514,6.989999771118164,7.0,17204.0
2024-03-01 15:01:00,APVO,0.16009999811649323,0.16009999811649323,0.16009999811649323,0.16009999811649323,0.16009999811649323,953.0
2024-03-01 15:01:00,AQST,4.064000129699707,4.064000129699707,4.065000057220459,4.064000129699707,4.065000057220459,435.0
2024-03-01 15:01:00,ARAY,2.634200096130371,2.634200096130371,2.634200096130371,2.634200096130371,2.634200096130371,1515.0
2024-03-01 15:01:00,ARDX,9.470000267028809,9.470000267028809,9.484999656677246,9.470000267028809,9.479999542236328,4213.0
2024-03-01 15:01:00,ARGX,392.1400146484375,392.1400146484375,392.1400146484375,392.0,392.0,1322.0
2024-03-01 15:01:00,ARQT,11.5,11.5,11.510000228881836,11.5,11.510000228881836,5864.0
2024-03-01 15:01:00,ARVN,47.93000030517578,47.93000030517578,48.040000915527344,47.93000030517578,48.040000915527344,1430.0
2024-03-01 15:01:00,ASND,153.5800018310547,153.5800018310547,153.5800018310547,153.3000030517578,153.3000030517578,359.0
2024-03-01 15:01:00,ASRT,0.8952999711036682,0.8952999711036682,0.8952999711036682,0.8952999711036682,0.8952999711036682,100.0
2024-03-01 15:01:00,ATAI,2.152400016784668,2.152400016784668,2.152400016784668,2.1500000953674316,2.150099992752075,2241.0
2024-03-01 15:01:00,ATEC,13.425000190734863,13.425000190734863,13.444999694824219,13.420000076293945,13.4399995803833,19016.0
2024-03-01 15:01:00,ATHA,3.9800000190734863,3.9800000190734863,3.9800000190734863,3.9800000190734863,3.9800000190734863,800.0
2024-03-01 15:01:00,ATRA,0.7832000255584717,0.7832000255584717,0.7850000262260437,0.7832000255584717,0.7850000262260437,2445.0
2024-03-01 15:01:00,ATXI,0.15399999916553497,0.15399999916553497,0.15399999916553497,0.15399999916553497,0.15399999916553497,100.0
2024-03-01 15:01:00,ATXS,14.9399995803833,14.9399995803833,14.9399995803833,14.9399995803833,14.9399995803833,478.0
2024-03-01 15:01:00,AUGX,4.565000057220459,4.565000057220459,4.565000057220459,4.565000057220459,4.565000057220459,100.0
2024-03-01 15:01:00,AUPH,5.800000190734863,5.800000190734863,5.804999828338623,5.800000190734863,5.804999828338623,693.0
2024-03-01 15:01:00,AUTL,6.309999942779541,6.309999942779541,6.309999942779541,6.289999961853027,6.289999961853027,3496.0
2024-03-01 15:01:00,AVDL,13.319999694824219,13.319999694824219,13.379899978637695,13.319999694824219,13.369999885559082,6722.0
2024-03-01 15:01:00,AVIR,4.474999904632568,4.474999904632568,4.474999904632568,4.474999904632568,4.474999904632568,220.0
2024-03-01 15:01:00,AVXL,5.369999885559082,5.369999885559082,5.369999885559082,5.369999885559082,5.369999885559082,1398.0
2024-03-01 15:01:00,AXNX,67.73999786376953,67.73999786376953,67.73999786376953,67.73999786376953,67.73999786376953,3348.0
2024-03-01 15:01:00,AXSM,82.38999938964844,82.38999938964844,82.41500091552734,82.37000274658203,82.38500213623047,3447.0
2024-03-01 15:01:00,AZN,64.67500305175781,64.67500305175781,64.68000030517578,64.67500305175781,64.67500305175781,1429.0
2024-03-01 15:01:00,BBIO,35.869998931884766,35.869998931884766,35.869998931884766,35.869998931884766,35.869998931884766,413.0
2024-03-01 15:01:00,BCAB,2.8299999237060547,2.8299999237060547,2.8299999237060547,2.815000057220459,2.819999933242798,4000.0
2024-03-01 15:01:00,BCDA,0.5750499963760376,0.5750499963760376,0.5750499963760376,0.5702000260353088,0.5702000260353088,3130.0
2024-03-01 15:01:00,BCEL,0.267300009727478,0.267300009727478,0.2687000036239624,0.267300009727478,0.2687000036239624,6103.0
2024-03-01 15:01:00,BCRX,5.679999828338623,5.679999828338623,5.696000099182129,5.679999828338623,5.690000057220459,8649.0
2024-03-01 15:01:00,BCYC,25.8799991607666,25.8799991607666,25.8799991607666,25.8799991607666,25.8799991607666,212.0
2024-03-01 15:01:00,BDTX,4.695400238037109,4.695400238037109,4.695400238037109,4.690100193023682,4.695000171661377,924.0
2024-03-01 15:01:00,BEAM,39.95000076293945,39.95000076293945,39.97999954223633,39.93000030517578,39.97999954223633,1252.0
2024-03-01 15:01:00,BGNE,165.94500732421875,165.94500732421875,165.94500732421875,165.94500732421875,165.94500732421875,167.0
2024-03-01 15:01:00,BGXX,0.2674500048160553,0.2674500048160553,0.2674500048160553,0.2674500048160553,0.2674500048160553,100.0
2024-03-01 15:01:00,BIAF,2.25,2.25,2.2899999618530273,2.25,2.2899999618530273,4774.0
2024-03-01 15:01:00,BIIB,221.27000427246094,221.27000427246094,221.27000427246094,221.14999389648438,221.14999389648438,1032.0
2024-03-01 15:01:00,BIOL,0.14470000565052032,0.14470000565052032,0.14489999413490295,0.14470000565052032,0.14489999413490295,1925.0
2024-03-01 15:01:00,BIVI,1.9900000095367432,1.9900000095367432,2.009999990463257,1.9800000190734863,2.009999990463257,45005.0
2024-03-01 15:01:00,BLFS,17.969999313354492,17.969999313354492,17.969999313354492,17.969999313354492,17.969999313354492,200.0
2024-03-01 15:01:00,BLUE,1.5700000524520874,1.5700000524520874,1.5799000263214111,1.5700000524520874,1.570199966430664,20198.0
2024-03-01 15:01:00,BMRA,1.2000000476837158,1.2000000476837158,1.2000000476837158,1.2000000476837158,1.2000000476837158,100.0
2024-03-01 15:01:00,BMRN,87.7300033569336,87.7300033569336,87.73999786376953,87.7300033569336,87.7300033569336,841.0
2024-03-01 15:01:00,BNGO,1.2649999856948853,1.2649999856948853,1.2649999856948853,1.2649999856948853,1.2649999856948853,311.0
2024-03-01 15:01:00,BNR,0.8206999897956848,0.8206999897956848,0.8206999897956848,0.8206999897956848,0.8206999897956848,100.0
2024-03-01 15:01:00,BNTX,90.83999633789062,90.83999633789062,90.88999938964844,90.80110168457031,90.83999633789062,1461.0
2024-03-01 15:01:00,BPMC,96.16999816894531,96.16999816894531,96.25,96.16999816894531,96.25,590.0
2024-03-01 15:01:00,BRKR,88.73600006103516,88.73600006103516,88.78500366210938,88.73600006103516,88.78500366210938,2174.0
2024-03-01 15:01:00,BRTX,1.5200999975204468,1.5200999975204468,1.5200999975204468,1.5200999975204468,1.5200999975204468,100.0
2024-03-01 15:01:00,BTAI,3.2049999237060547,3.2049999237060547,3.2049999237060547,3.2049999237060547,3.2049999237060547,167.0
2024-03-01 15:01:00,BTTX,0.18000000715255737,0.18000000715255737,0.1800999939441681,0.18000000715255737,0.1800999939441681,25419.0
2024-03-01 15:01:00,BWAY,6.519999980926514,6.519999980926514,6.519999980926514,6.519999980926514,6.519999980926514,300.0
2024-03-01 15:01:00,CABA,23.959999084472656,23.959999084472656,23.969999313354492,23.959999084472656,23.969999313354492,829.0
2024-03-01 15:01:00,CAPR,4.53000020980835,4.53000020980835,4.53000020980835,4.53000020980835,4.53000020980835,111.0
2024-03-01 15:01:00,CBAY,32.22999954223633,32.22999954223633,32.22999954223633,32.220001220703125,32.220001220703125,4553.0
2024-03-01 15:01:00,CCCC,10.984999656677246,10.984999656677246,10.989999771118164,10.979999542236328,10.979999542236328,1665.0
2024-03-01 15:01:00,CCRN,18.325000762939453,18.325000762939453,18.325000762939453,18.325000762939453,18.325000762939453,439.0
2024-03-01 15:01:00,CDMO,8.210000038146973,8.210000038146973,8.210000038146973,8.210000038146973,8.210000038146973,773.0
2024-03-01 15:01:00,CDNA,12.460000038146973,12.460000038146973,12.470000267028809,12.460000038146973,12.470000267028809,749.0
2024-03-01 15:01:00,CDXS,4.639999866485596,4.639999866485596,4.639999866485596,4.610000133514404,4.610000133514404,5175.0
2024-03-01 15:01:00,CELC,17.190000534057617,17.190000534057617,17.190000534057617,17.190000534057617,17.190000534057617,100.0
2024-03-01 15:01:00,CERE,41.08000183105469,41.08000183105469,41.0880012512207,41.08000183105469,41.0880012512207,1364.0
2024-03-01 15:01:00,CERS,2.180000066757202,2.180000066757202,2.190000057220459,2.180000066757202,2.190000057220459,23203.0
2024-03-01 15:01:00,CGC,3.200000047683716,3.200000047683716,3.2100000381469727,3.200000047683716,3.2100000381469727,6940.0
2024-03-01 15:01:00,CGEN,2.6798999309539795,2.6798999309539795,2.6798999309539795,2.6798999309539795,2.6798999309539795,2123.0
2024-03-01 15:01:00,CHRS,2.4100000858306885,2.4100000858306885,2.4100000858306885,2.4100000858306885,2.4100000858306885,705.0
2024-03-01 15:01:00,CKPT,2.190000057220459,2.190000057220459,2.190000057220459,2.190000057220459,2.190000057220459,100.0
2024-03-01 15:01:00,CLDX,52.54999923706055,52.54999923706055,52.77000045776367,52.54999923706055,52.77000045776367,3381.0
2024-03-01 15:01:00,CLOV,0.8650500178337097,0.8650500178337097,0.8651000261306763,0.8650000095367432,0.8650000095367432,43667.0
2024-03-01 15:01:00,CLPT,6.570000171661377,6.570000171661377,6.570000171661377,6.570000171661377,6.570000171661377,107.0
2024-03-01 15:01:00,CLRB,4.109499931335449,4.109499931335449,4.109499931335449,4.109499931335449,4.109499931335449,520.0
2024-03-01 15:01:00,CLSD,1.3801000118255615,1.3801000118255615,1.3991999626159668,1.3801000118255615,1.3991999626159668,1711.0
2024-03-01 15:01:00,CMPS,11.755000114440918,11.755000114440918,11.760000228881836,11.744999885559082,11.75,586.0
2024-03-01 15:01:00,CMRX,1.2100000381469727,1.2100000381469727,1.2100000381469727,1.2100000381469727,1.2100000381469727,109.0
2024-03-01 15:01:00,CNTA,10.854999542236328,10.854999542236328,10.880000114440918,10.850000381469727,10.880000114440918,706.0
2024-03-01 15:01:00,COGT,7.190000057220459,7.190000057220459,7.204999923706055,7.190000057220459,7.204999923706055,3446.0
2024-03-01 15:01:00,CORT,24.299999237060547,24.299999237060547,24.299999237060547,24.299999237060547,24.299999237060547,100.0
2024-03-01 15:01:00,CPRX,17.114999771118164,17.114999771118164,17.1299991607666,17.094999313354492,17.100000381469727,9320.0
2024-03-01 15:01:00,CPSI,9.369999885559082,9.369999885559082,9.369999885559082,9.369999885559082,9.369999885559082,201.0
2024-03-01 15:01:00,CRBU,7.885000228881836,7.885000228881836,7.894999980926514,7.880000114440918,7.894999980926514,2502.0
2024-03-01 15:01:00,CRDF,2.7207000255584717,2.7207000255584717,2.740000009536743,2.7100000381469727,2.7102999687194824,26227.0
2024-03-01 15:01:00,CRDL,2.0,2.0,2.0,2.0,2.0,579.0
2024-03-01 15:01:00,CRMD,3.680000066757202,3.680000066757202,3.680000066757202,3.674999952316284,3.674999952316284,3312.0
2024-03-01 15:01:00,CRNX,46.11000061035156,46.11000061035156,46.150001525878906,46.11000061035156,46.150001525878906,1067.0
2024-03-01 15:01:00,CRON,2.0350000858306885,2.0350000858306885,2.0350000858306885,2.0350000858306885,2.0350000858306885,1400.0
2024-03-01 15:01:00,CRSP,85.0199966430664,85.0199966430664,85.19999694824219,85.0199966430664,85.19999694824219,13300.0
2024-03-01 15:01:00,CRVS,2.198499917984009,2.198499917984009,2.198499917984009,2.180000066757202,2.180000066757202,2730.0
2024-03-01 15:01:00,CSTL,19.799999237060547,19.799999237060547,19.8799991607666,19.799999237060547,19.8799991607666,1610.0
2024-03-01 15:01:00,CTKB,9.050000190734863,9.050000190734863,9.050000190734863,9.050000190734863,9.050000190734863,757.0
2024-03-01 15:01:00,CTMX,2.5,2.5,2.509999990463257,2.5,2.509999990463257,6559.0
2024-03-01 15:01:00,CUTR,2.3808999061584473,2.3808999061584473,2.3808999061584473,2.3808999061584473,2.3808999061584473,135.0
2024-03-01 15:01:00,CVAC,3.4549999237060547,3.4549999237060547,3.4549999237060547,3.450000047683716,3.452500104904175,798.0
2024-03-01 15:01:00,CYTK,73.94999694824219,73.94999694824219,74.0,73.91999816894531,73.92500305175781,3912.0
2024-03-01 15:01:00,DARE,0.559499979019165,0.559499979019165,0.5600000023841858,0.559499979019165,0.5600000023841858,5207.0
2024-03-01 15:01:00,DAWN,17.700000762939453,17.700000762939453,17.700000762939453,17.700000762939453,17.700000762939453,334.0
2024-03-01 15:01:00,DBVT,0.8288999795913696,0.8288999795913696,0.8294500112533569,0.8277000188827515,0.8284000158309937,6780.0
2024-03-01 15:01:00,DCGO,4.110000133514404,4.110000133514404,4.110000133514404,4.110000133514404,4.110000133514404,500.0
2024-03-01 15:01:00,DCPH,17.485000610351562,17.485000610351562,17.485000610351562,17.460100173950195,17.460100173950195,706.0
2024-03-01 15:01:00,DH,8.880000114440918,8.880000114440918,8.890000343322754,8.880000114440918,8.880200386047363,1056.0
2024-03-01 15:01:00,DMTK,0.8499000072479248,0.8499000072479248,0.8499000072479248,0.8499000072479248,0.8499000072479248,718.0
2024-03-01 15:01:00,DNLI,21.13050079345703,21.13050079345703,21.149999618530273,21.1299991607666,21.149999618530273,872.0
2024-03-01 15:01:00,DTIL,12.595000267028809,12.595000267028809,12.600000381469727,12.595000267028809,12.600000381469727,409.0
2024-03-01 15:01:00,DVAX,12.789999961853027,12.789999961853027,12.8100004196167,12.789999961853027,12.8100004196167,1531.0
2024-03-01 15:01:00,DXCM,121.22000122070312,121.22000122070312,121.27020263671875,121.19999694824219,121.2699966430664,5136.0
2024-03-01 15:01:00,DYN,29.06999969482422,29.06999969482422,29.06999969482422,28.985000610351562,29.0,4915.0
2024-03-01 15:01:00,EDIT,10.829999923706055,10.829999923706055,10.845999717712402,10.829999923706055,10.845999717712402,1959.0
2024-03-01 15:01:00,EFTR,15.719900131225586,15.719900131225586,15.720000267028809,15.719900131225586,15.720000267028809,841.0
2024-03-01 15:01:00,EGRX,6.590000152587891,6.590000152587891,6.590000152587891,6.590000152587891,6.590000152587891,880.0
2024-03-01 15:01:00,ELEV,5.099999904632568,5.099999904632568,5.110000133514404,5.090000152587891,5.090000152587891,600.0
2024-03-01 15:01:00,ENSC,0.935699999332428,0.935699999332428,0.935699999332428,0.935699999332428,0.935699999332428,150.0
2024-03-01 15:01:00,ENSG,121.44000244140625,121.44000244140625,121.51000213623047,121.44000244140625,121.45999908447266,5797.0
2024-03-01 15:01:00,ENTA,15.550000190734863,15.550000190734863,15.550000190734863,15.550000190734863,15.550000190734863,231.0
2024-03-01 15:01:00,ENVB,1.5299999713897705,1.5299999713897705,1.5299999713897705,1.5199999809265137,1.524999976158142,1964.0
2024-03-01 15:01:00,EOLS,14.779999732971191,14.779999732971191,14.800000190734863,14.779999732971191,14.800000190734863,1758.0
2024-03-01 15:01:00,ERAS,2.509999990463257,2.509999990463257,2.509999990463257,2.509999990463257,2.509999990463257,202.0
2024-03-01 15:01:00,ESPR,2.555000066757202,2.555000066757202,2.559999942779541,2.555000066757202,2.559999942779541,1205.0
2024-03-01 15:01:00,ESTA,44.53499984741211,44.53499984741211,44.70000076293945,44.459999084472656,44.595001220703125,1250.0
2024-03-01 15:01:00,ETNB,12.729999542236328,12.729999542236328,12.74470043182373,12.720000267028809,12.739999771118164,5383.0
2024-03-01 15:01:00,ETON,4.5,4.5,4.5,4.5,4.5,206.0
2024-03-01 15:01:00,EVGN,0.9700000286102295,0.9700000286102295,0.9700000286102295,0.9700000286102295,0.9700000286102295,1028.0
2024-03-01 15:01:00,EVO,7.530099868774414,7.530099868774414,7.530099868774414,7.530099868774414,7.530099868774414,175801.0
2024-03-01 15:01:00,EWTX,16.940000534057617,16.940000534057617,16.950000762939453,16.940000534057617,16.950000762939453,432.0
2024-03-01 15:01:00,EXAI,6.650000095367432,6.650000095367432,6.670000076293945,6.650000095367432,6.670000076293945,691.0
2024-03-01 15:01:00,EXAS,59.88999938964844,59.88999938964844,59.88999938964844,59.88999938964844,59.88999938964844,431.0
2024-03-01 15:01:00,EXEL,22.329999923706055,22.329999923706055,22.34000015258789,22.329999923706055,22.334999084472656,2395.0
2024-03-01 15:01:00,EYEN,2.3761000633239746,2.3761000633239746,2.3761000633239746,2.375,2.375,750.0
2024-03-01 15:01:00,EYPT,27.93000030517578,27.93000030517578,27.954999923706055,27.93000030517578,27.954999923706055,800.0
2024-03-01 15:01:00,FATE,7.728899955749512,7.728899955749512,7.730000019073486,7.724999904632568,7.730000019073486,1753.0
2024-03-01 15:01:00,FBIO,2.3501999378204346,2.3501999378204346,2.3501999378204346,2.3501999378204346,2.3501999378204346,2093.0
2024-03-01 15:01:00,FDMT,29.34000015258789,29.34000015258789,29.420000076293945,29.34000015258789,29.420000076293945,3737.0
2024-03-01 15:01:00,FGEN,1.8350000381469727,1.8350000381469727,1.840000033378601,1.8350000381469727,1.8350000381469727,2008.0
2024-03-01 15:01:00,FIXX,0.9150000214576721,0.9150000214576721,0.9247000217437744,0.8999999761581421,0.9247000217437744,31733.0
2024-03-01 15:01:00,FOLD,13.305000305175781,13.305000305175781,13.305000305175781,13.300000190734863,13.300000190734863,4446.0
2024-03-01 15:01:00,FUSN,12.175000190734863,12.175000190734863,12.175000190734863,12.175000190734863,12.175000190734863,120.0
2024-03-01 15:01:00,GBIO,2.619999885559082,2.619999885559082,2.619999885559082,2.619999885559082,2.619999885559082,210.0
2024-03-01 15:01:00,GCTK,0.3070000112056732,0.3070000112056732,0.3070000112056732,0.3070000112056732,0.3070000112056732,247.0
2024-03-01 15:01:00,GDRX,8.420000076293945,8.420000076293945,8.4399995803833,8.420000076293945,8.4399995803833,6600.0
2024-03-01 15:01:00,GERN,2.244999885559082,2.244999885559082,2.244999885559082,2.244999885559082,2.244999885559082,3196.0
2024-03-01 15:01:00,GH,19.05500030517578,19.05500030517578,19.079999923706055,19.05500030517578,19.079999923706055,2721.0
2024-03-01 15:01:00,GILD,72.48999786376953,72.48999786376953,72.51499938964844,72.48999786376953,72.51499938964844,3768.0
2024-03-01 15:01:00,GLTO,0.8152999877929688,0.8152999877929688,0.8206999897956848,0.8152999877929688,0.8206999897956848,850.0
2024-03-01 15:01:00,GMAB,29.364999771118164,29.364999771118164,29.364999771118164,29.364999771118164,29.364999771118164,304.0
2024-03-01 15:01:00,GOSS,1.412500023841858,1.412500023841858,1.412500023841858,1.412500023841858,1.412500023841858,103.0
2024-03-01 15:01:00,GOVX,2.5350000858306885,2.5350000858306885,2.5350000858306885,2.5350000858306885,2.5350000858306885,1004.0
2024-03-01 15:01:00,GRFS,6.985000133514404,6.985000133514404,7.005000114440918,6.980000019073486,7.0,34750.0
2024-03-01 15:01:00,GRTS,2.0950000286102295,2.0950000286102295,2.0950000286102295,2.0950000286102295,2.0950000286102295,2610.0
2024-03-01 15:01:00,GRTX,0.23100000619888306,0.23100000619888306,0.23100000619888306,0.23100000619888306,0.23100000619888306,401.0
2024-03-01 15:01:00,GTHX,3.7950000762939453,3.7950000762939453,3.799999952316284,3.7911999225616455,3.799999952316284,1403.0
2024-03-01 15:01:00,HALO,41.165000915527344,41.165000915527344,41.16999816894531,41.165000915527344,41.16999816894531,1815.0
2024-03-01 15:01:00,HARP,22.950000762939453,22.950000762939453,22.950000762939453,22.940000534057617,22.940000534057617,437.0
2024-03-01 15:01:00,HCAT,8.140000343322754,8.140000343322754,8.140000343322754,8.140000343322754,8.140000343322754,694.0
2024-03-01 15:01:00,HCSG,12.8100004196167,12.8100004196167,12.84000015258789,12.8100004196167,12.84000015258789,3626.0
2024-03-01 15:01:00,HITI,1.7610000371932983,1.7610000371932983,1.7610000371932983,1.7599999904632568,1.7599999904632568,248.0
2024-03-01 15:01:00,HLTH,0.2630999982357025,0.2630999982357025,0.2632000148296356,0.2630999982357025,0.2632000148296356,3000.0
2024-03-01 15:01:00,HOLX,74.36000061035156,74.36000061035156,74.36000061035156,74.3499984741211,74.3499984741211,1113.0
2024-03-01 15:01:00,HPCO,0.25,0.25,0.25,0.25,0.25,3451.0
2024-03-01 15:01:00,HRMY,31.610000610351562,31.610000610351562,31.610000610351562,31.610000610351562,31.610000610351562,249.0
2024-03-01 15:01:00,HRTX,2.5999999046325684,2.5999999046325684,2.6050000190734863,2.5999999046325684,2.5999999046325684,2082.0
2024-03-01 15:01:00,HSIC,76.87999725341797,76.87999725341797,76.87999725341797,76.87999725341797,76.87999725341797,856.0
2024-03-01 15:01:00,HUMA,3.2200000286102295,3.2200000286102295,3.244999885559082,3.2200000286102295,3.244999885559082,8823.0
2024-03-01 15:01:00,IART,36.25,36.25,36.25,36.25,36.25,543.0
2024-03-01 15:01:00,IBRX,4.840000152587891,4.840000152587891,4.860000133514404,4.840000152587891,4.860000133514404,5755.0
2024-03-01 15:01:00,IDYA,46.30500030517578,46.30500030517578,46.30500030517578,46.30500030517578,46.30500030517578,1203.0
2024-03-01 15:01:00,IGMS,12.9399995803833,12.9399995803833,12.989999771118164,12.9399995803833,12.989999771118164,1269.0
2024-03-01 15:01:00,IKNA,1.4950000047683716,1.4950000047683716,1.4950000047683716,1.4950000047683716,1.4950000047683716,211.0
2024-03-01 15:01:00,ILMN,141.1999969482422,141.1999969482422,141.22000122070312,141.02000427246094,141.03500366210938,4839.0
2024-03-01 15:01:00,IMCR,67.81999969482422,67.81999969482422,67.82499694824219,67.81999969482422,67.82499694824219,26578.0
2024-03-01 15:01:00,IMMX,3.505000114440918,3.505000114440918,3.505000114440918,3.5,3.5,2096.0
2024-03-01 15:01:00,IMNN,1.0214999914169312,1.0214999914169312,1.0214999914169312,1.0214999914169312,1.0214999914169312,1047.0
2024-03-01 15:01:00,IMTX,12.789999961853027,12.789999961853027,12.789999961853027,12.789999961853027,12.789999961853027,115.0
2024-03-01 15:01:00,IMUX,1.475000023841858,1.475000023841858,1.475000023841858,1.475000023841858,1.475000023841858,842.0
2024-03-01 15:01:00,IMVT,35.622501373291016,35.622501373291016,35.68000030517578,35.622501373291016,35.68000030517578,777.0
2024-03-01 15:01:00,INBX,36.5,36.5,36.5,36.5,36.5,3052.0
2024-03-01 15:01:00,INCY,59.040000915527344,59.040000915527344,59.040000915527344,59.02000045776367,59.029998779296875,4047.0
2024-03-01 15:01:00,INGN,6.775000095367432,6.775000095367432,6.78000020980835,6.769999980926514,6.769999980926514,2155.0
2024-03-01 15:01:00,INMD,22.899999618530273,22.899999618530273,22.899999618530273,22.875,22.899999618530273,4605.0
2024-03-01 15:01:00,INO,9.5600004196167,9.5600004196167,9.59000015258789,9.550000190734863,9.59000015258789,1552.0
2024-03-01 15:01:00,INSM,28.06999969482422,28.06999969482422,28.06999969482422,28.06999969482422,28.06999969482422,700.0
2024-03-01 15:01:00,INVA,15.425000190734863,15.425000190734863,15.449999809265137,15.425000190734863,15.430000305175781,4737.0
2024-03-01 15:01:00,IONS,45.84000015258789,45.84000015258789,45.880001068115234,45.84000015258789,45.880001068115234,2919.0
2024-03-01 15:01:00,IOVA,17.049999237060547,17.049999237060547,17.049999237060547,17.024999618530273,17.049999237060547,19165.0
2024-03-01 15:01:00,IPSC,3.9600000381469727,3.9600000381469727,3.9600000381469727,3.930000066757202,3.940000057220459,1710.0
2024-03-01 15:01:00,IRTC,121.19499969482422,121.19499969482422,121.19499969482422,121.19499969482422,121.19499969482422,444.0
2024-03-01 15:01:00,IRWD,8.949999809265137,8.949999809265137,8.960000038146973,8.944999694824219,8.949999809265137,38435.0
2024-03-01 15:01:00,ISRG,397.0350036621094,397.0350036621094,397.1600036621094,397.0199890136719,397.07000732421875,2339.0
2024-03-01 15:01:00,ITCI,71.94499969482422,71.94499969482422,71.98999786376953,71.91000366210938,71.98999786376953,4637.0
2024-03-01 15:01:00,ITRM,1.2799999713897705,1.2799999713897705,1.2802000045776367,1.2699999809265137,1.2802000045776367,11260.0
2024-03-01 15:01:00,JAGX,0.09000000357627869,0.09000000357627869,0.09099999815225601,0.08654999732971191,0.08654999732971191,1191412.0
2024-03-01 15:01:00,JAZZ,119.16000366210938,119.16000366210938,119.16000366210938,119.1050033569336,119.12999725341797,3595.0
2024-03-01 15:01:00,JSPR,21.749900817871094,21.749900817871094,21.749900817871094,21.749900817871094,21.749900817871094,199.0
2024-03-01 15:01:00,KALA,7.394999980926514,7.394999980926514,7.394999980926514,7.394999980926514,7.394999980926514,216.0
2024-03-01 15:01:00,KALV,14.140000343322754,14.140000343322754,14.15999984741211,14.140000343322754,14.15999984741211,2213.0
2024-03-01 15:01:00,KIDS,27.690000534057617,27.690000534057617,27.690000534057617,27.690000534057617,27.690000534057617,117.0
2024-03-01 15:01:00,KNSA,21.850000381469727,21.850000381469727,21.850000381469727,21.850000381469727,21.850000381469727,485.0
2024-03-01 15:01:00,KNTE,2.609999895095825,2.609999895095825,2.609999895095825,2.609999895095825,2.609999895095825,501.0
2024-03-01 15:01:00,KRTX,315.82000732421875,315.82000732421875,315.82000732421875,315.82000732421875,315.82000732421875,422.0
2024-03-01 15:01:00,KURA,21.90999984741211,21.90999984741211,21.90999984741211,21.90999984741211,21.90999984741211,178.0
2024-03-01 15:01:00,KYMR,43.72999954223633,43.72999954223633,43.790000915527344,43.66999816894531,43.72999954223633,933.0
2024-03-01 15:01:00,KZR,1.0549999475479126,1.0549999475479126,1.0549999475479126,1.0549999475479126,1.0549999475479126,300.0
2024-03-01 15:01:00,LAB,2.4702999591827393,2.4702999591827393,2.4749999046325684,2.4700000286102295,2.4749999046325684,6319.0
2024-03-01 15:01:00,LABP,6.349999904632568,6.349999904632568,6.349999904632568,6.324999809265137,6.324999809265137,3750.0
2024-03-01 15:01:00,LFMD,7.989999771118164,7.989999771118164,8.010000228881836,7.989999771118164,8.010000228881836,402.0
2024-03-01 15:01:00,LFST,7.724999904632568,7.724999904632568,7.724999904632568,7.724999904632568,7.724999904632568,414.0
2024-03-01 15:01:00,LIAN,4.869999885559082,4.869999885559082,4.869999885559082,4.869999885559082,4.869999885559082,150.0
2024-03-01 15:01:00,LIVN,55.68000030517578,55.68000030517578,55.68000030517578,55.63999938964844,55.63999938964844,771.0
2024-03-01 15:01:00,LNTH,64.62000274658203,64.62000274658203,64.62999725341797,64.58000183105469,64.58000183105469,1184.0
2024-03-01 15:01:00,LPTX,2.869999885559082,2.869999885559082,2.869999885559082,2.869999885559082,2.869999885559082,300.0
2024-03-01 15:01:00,LRMR,11.324999809265137,11.324999809265137,11.329999923706055,11.324999809265137,11.329999923706055,715.0
2024-03-01 15:01:00,LTRN,4.139999866485596,4.139999866485596,4.139999866485596,4.139999866485596,4.139999866485596,100.0
2024-03-01 15:01:00,LUNG,9.479999542236328,9.479999542236328,9.479999542236328,9.479999542236328,9.479999542236328,221.0
2024-03-01 15:01:00,LVTX,2.759999990463257,2.759999990463257,2.7799999713897705,2.759999990463257,2.765000104904175,1789.0
2024-03-01 15:01:00,LXRX,2.4899001121520996,2.4899001121520996,2.490000009536743,2.4800000190734863,2.4800000190734863,659.0
2024-03-01 15:01:00,LYEL,3.1649999618530273,3.1649999618530273,3.1649999618530273,3.1649999618530273,3.1649999618530273,887.0
2024-03-01 15:01:00,LYRA,5.670000076293945,5.670000076293945,5.670000076293945,5.639999866485596,5.639999866485596,413.0
2024-03-01 15:01:00,MACK,14.710000038146973,14.710000038146973,14.710000038146973,14.704999923706055,14.704999923706055,979.0
2024-03-01 15:01:00,MCRB,1.2200000286102295,1.2200000286102295,1.2300000190734863,1.2200000286102295,1.2202999591827393,4305.0
2024-03-01 15:01:00,MDGL,250.41000366210938,250.41000366210938,250.41000366210938,250.41000366210938,250.41000366210938,247.0
2024-03-01 15:01:00,MDRX,6.050000190734863,6.050000190734863,6.050000190734863,6.019999980926514,6.019999980926514,58721.0
2024-03-01 15:01:00,MDXG,8.654999732971191,8.654999732971191,8.654999732971191,8.649999618530273,8.654999732971191,523.0
2024-03-01 15:01:00,ME,0.5564000010490417,0.5564000010490417,0.5566499829292297,0.5564000010490417,0.5566499829292297,11391.0
2024-03-01 15:01:00,MEDP,403.2550048828125,403.2550048828125,403.8800048828125,403.2550048828125,403.8800048828125,305.0
2024-03-01 15:01:00,MGNX,18.979999542236328,18.979999542236328,18.989999771118164,18.979999542236328,18.989999771118164,1169.0
2024-03-01 15:01:00,MGTX,6.460000038146973,6.460000038146973,6.460000038146973,6.460000038146973,6.460000038146973,447.0
2024-03-01 15:01:00,MIRM,29.290000915527344,29.290000915527344,29.315000534057617,29.290000915527344,29.315000534057617,395.0
2024-03-01 15:01:00,MLTX,50.72999954223633,50.72999954223633,50.849998474121094,50.72999954223633,50.849998474121094,1852.0
2024-03-01 15:01:00,MNKD,4.539999961853027,4.539999961853027,4.539999961853027,4.534999847412109,4.539999961853027,1182.0
2024-03-01 15:01:00,MNMD,6.21999979019165,6.21999979019165,6.229899883270264,6.210000038146973,6.229899883270264,6488.0
2024-03-01 15:01:00,MODV,28.399999618530273,28.399999618530273,28.46500015258789,28.399999618530273,28.46500015258789,1647.0
2024-03-01 15:01:00,MOR,17.670000076293945,17.670000076293945,17.670000076293945,17.594999313354492,17.594999313354492,22872.0
2024-03-01 15:01:00,MORF,39.54999923706055,39.54999923706055,39.599998474121094,39.54999923706055,39.599998474121094,1253.0
2024-03-01 15:01:00,MOTS,0.6503999829292297,0.6503999829292297,0.6503999829292297,0.6503999829292297,0.6503999829292297,500.0
2024-03-01 15:01:00,MOVE,0.5709999799728394,0.5709999799728394,0.5709999799728394,0.5709999799728394,0.5709999799728394,200.0
2024-03-01 15:01:00,MRAI,1.6100000143051147,1.6100000143051147,1.6100000143051147,1.6100000143051147,1.6100000143051147,500.0
2024-03-01 15:01:00,MREO,3.984999895095825,3.984999895095825,3.984999895095825,3.984999895095825,3.984999895095825,343.0
2024-03-01 15:01:00,MRNA,95.31500244140625,95.31500244140625,95.37000274658203,95.26000213623047,95.29000091552734,15805.0
2024-03-01 15:01:00,MRNS,9.97249984741211,9.97249984741211,10.010000228881836,9.966400146484375,10.010000228881836,1962.0
2024-03-01 15:01:00,MRSN,5.974999904632568,5.974999904632568,5.974999904632568,5.960000038146973,5.974999904632568,2174.0
2024-03-01 15:01:00,MRUS,51.494998931884766,51.494998931884766,51.560001373291016,51.494998931884766,51.560001373291016,728.0
2024-03-01 15:01:00,MRVI,7.704999923706055,7.704999923706055,7.715000152587891,7.704999923706055,7.715000152587891,1580.0
2024-03-01 15:01:00,MXCT,4.744999885559082,4.744999885559082,4.744999885559082,4.744999885559082,4.744999885559082,391.0
2024-03-01 15:01:00,NARI,46.21009826660156,46.21009826660156,46.255001068115234,46.21009826660156,46.2400016784668,4963.0
2024-03-01 15:01:00,NBIX,131.89999389648438,131.89999389648438,131.89999389648438,131.86000061035156,131.86000061035156,1826.0
2024-03-01 15:01:00,NDRA,1.149899959564209,1.149899959564209,1.149999976158142,1.149899959564209,1.149999976158142,2428.0
2024-03-01 15:01:00,NEO,16.100000381469727,16.100000381469727,16.110000610351562,16.100000381469727,16.110000610351562,1820.0
2024-03-01 15:01:00,NEOG,17.389999389648438,17.389999389648438,17.395000457763672,17.360000610351562,17.360000610351562,7542.0
2024-03-01 15:01:00,NGM,1.5199999809265137,1.5199999809265137,1.5199999809265137,1.5199999809265137,1.5199999809265137,730.0
2024-03-01 15:01:00,NKTR,0.7700999975204468,0.7700999975204468,0.7705000042915344,0.7700999975204468,0.7705000042915344,1845.0
2024-03-01 15:01:00,NKTX,12.65999984741211,12.65999984741211,12.65999984741211,12.65999984741211,12.65999984741211,678.0
2024-03-01 15:01:00,NNOX,10.800000190734863,10.800000190734863,10.800000190734863,10.739999771118164,10.739999771118164,6695.0
2024-03-01 15:01:00,NOTV,8.006600379943848,8.006600379943848,8.010000228881836,8.006600379943848,8.010000228881836,1237.0
2024-03-01 15:01:00,NRBO,6.199999809265137,6.199999809265137,6.199999809265137,6.159999847412109,6.159999847412109,1836.0
2024-03-01 15:01:00,NRC,40.595001220703125,40.595001220703125,40.595001220703125,40.595001220703125,40.595001220703125,125.0
2024-03-01 15:01:00,NRXP,0.4320000112056732,0.4320000112056732,0.4438999891281128,0.4320000112056732,0.4438999891281128,1172.0
2024-03-01 15:01:00,NTLA,33.33000183105469,33.33000183105469,33.36000061035156,33.33000183105469,33.36000061035156,1831.0
2024-03-01 15:01:00,NTRA,89.05000305175781,89.05000305175781,89.11000061035156,89.05000305175781,89.11000061035156,3047.0
2024-03-01 15:01:00,NUTX,0.11379999667406082,0.11379999667406082,0.11379999667406082,0.11339999735355377,0.11339999735355377,1222.0
2024-03-01 15:01:00,NUVL,87.6050033569336,87.6050033569336,87.80500030517578,87.6050033569336,87.80500030517578,2092.0
2024-03-01 15:01:00,NVAX,5.309999942779541,5.309999942779541,5.324999809265137,5.309999942779541,5.324999809265137,20064.0
2024-03-01 15:01:00,NVCR,16.030000686645508,16.030000686645508,16.040000915527344,16.030000686645508,16.040000915527344,2715.0
2024-03-01 15:01:00,NXTC,1.7999999523162842,1.7999999523162842,1.8200000524520874,1.7999999523162842,1.8200000524520874,300.0
2024-03-01 15:01:00,OCUL,10.65999984741211,10.65999984741211,10.710000038146973,10.65999984741211,10.704999923706055,15180.0
2024-03-01 15:01:00,OGI,2.190000057220459,2.190000057220459,2.190000057220459,2.180000066757202,2.184999942779541,966.0
2024-03-01 15:01:00,OLK,22.959999084472656,22.959999084472656,22.96500015258789,22.950000762939453,22.96500015258789,4413.0
2024-03-01 15:01:00,OLMA,14.779999732971191,14.779999732971191,14.779999732971191,14.779999732971191,14.779999732971191,209.0
2024-03-01 15:01:00,OM,3.180000066757202,3.180000066757202,3.180000066757202,3.180000066757202,3.180000066757202,1529.0
2024-03-01 15:01:00,OMCL,26.540000915527344,26.540000915527344,26.540000915527344,26.540000915527344,26.540000915527344,252.0
2024-03-01 15:01:00,OMGA,4.385000228881836,4.385000228881836,4.389999866485596,4.380000114440918,4.389999866485596,5940.0
2024-03-01 15:01:00,ONTX,0.8345999717712402,0.8345999717712402,0.8363000154495239,0.8345999717712402,0.8345999717712402,402.0
2024-03-01 15:02:00,ABCL,5.090000152587891,5.090000152587891,5.09499979019165,5.090000152587891,5.090000152587891,767.0
2024-03-01 15:02:00,ABEO,7.71999979019165,7.71999979019165,7.71999979019165,7.71999979019165,7.71999979019165,289.0
2024-03-01 15:02:00,ABOS,4.590000152587891,4.590000152587891,4.605000019073486,4.590000152587891,4.599999904632568,6868.0
2024-03-01 15:02:00,ABSI,5.53000020980835,5.53000020980835,5.53000020980835,5.5,5.510000228881836,10465.0
2024-03-01 15:02:00,ABUS,2.7899999618530273,2.7899999618530273,2.7899999618530273,2.7799999713897705,2.7799999713897705,3944.0
2024-03-01 15:02:00,ACAD,24.1299991607666,24.1299991607666,24.15999984741211,24.1299991607666,24.15999984741211,3434.0
2024-03-01 15:02:00,ACCD,10.0649995803833,10.0649995803833,10.0649995803833,10.0649995803833,10.0649995803833,127.0
2024-03-01 15:02:00,ACET,2.3949999809265137,2.3949999809265137,2.4000000953674316,2.3949999809265137,2.4000000953674316,754.0
2024-03-01 15:02:00,ACHL,1.3798999786376953,1.3798999786376953,1.3798999786376953,1.3798999786376953,1.3798999786376953,5000.0
2024-03-01 15:02:00,ACHV,4.380000114440918,4.380000114440918,4.380000114440918,4.380000114440918,4.380000114440918,615.0
2024-03-01 15:02:00,ACLX,67.94000244140625,67.94000244140625,67.94000244140625,67.80000305175781,67.87999725341797,3547.0
2024-03-01 15:02:00,ACON,0.39989998936653137,0.39989998936653137,0.39989998936653137,0.39989998936653137,0.39989998936653137,250.0
2024-03-01 15:02:00,ACRS,1.2200000286102295,1.2200000286102295,1.225000023841858,1.2200000286102295,1.225000023841858,700.0
2024-03-01 15:02:00,ADAP,1.590000033378601,1.590000033378601,1.590000033378601,1.590000033378601,1.590000033378601,350.0
2024-03-01 15:02:00,ADIL,2.73009991645813,2.73009991645813,2.7899999618530273,2.7300000190734863,2.759999990463257,32763.0
2024-03-01 15:02:00,ADMA,5.545000076293945,5.545000076293945,5.550000190734863,5.545000076293945,5.549900054931641,15174.0
2024-03-01 15:02:00,ADPT,4.065000057220459,4.065000057220459,4.065000057220459,4.059999942779541,4.059999942779541,2284.0
2024-03-01 15:02:00,ADVM,1.9800000190734863,1.9800000190734863,1.9800000190734863,1.9700000286102295,1.9700000286102295,2526.0
2024-03-01 15:02:00,AGEN,0.6700500249862671,0.6700500249862671,0.6700999736785889,0.6700500249862671,0.6700500249862671,4159.0
2024-03-01 15:02:00,AGIO,32.349998474121094,32.349998474121094,32.36000061035156,32.334999084472656,32.334999084472656,1119.0
2024-03-01 15:02:00,AHCO,10.510000228881836,10.510000228881836,10.515000343322754,10.510000228881836,10.515000343322754,553.0
2024-03-01 15:02:00,AIMD,0.9900000095367432,0.9900000095367432,0.9900000095367432,0.989998996257782,0.989998996257782,2090.0
2024-03-01 15:02:00,AIRS,6.449999809265137,6.449999809265137,6.449999809265137,6.434999942779541,6.434999942779541,310.0
2024-03-01 15:02:00,AKBA,1.684999942779541,1.684999942779541,1.690000057220459,1.684999942779541,1.684999942779541,3367.0
2024-03-01 15:02:00,AKLI,0.3531000018119812,0.3531000018119812,0.3531000018119812,0.3529999852180481,0.3531000018119812,9650.0
2024-03-01 15:02:00,AKRO,28.5049991607666,28.5049991607666,28.56999969482422,28.459999084472656,28.5,5186.0
2024-03-01 15:02:00,AKTX,2.2200000286102295,2.2200000286102295,2.2200000286102295,2.2200000286102295,2.2200000286102295,177.0
2024-03-01 15:02:00,ALDX,4.244999885559082,4.244999885559082,4.244999885559082,4.244999885559082,4.244999885559082,111.0
2024-03-01 15:02:00,ALGN,302.8699951171875,302.8699951171875,302.875,302.8699951171875,302.875,735.0
2024-03-01 15:02:00,ALHC,5.599999904632568,5.599999904632568,5.619999885559082,5.599999904632568,5.599999904632568,327.0
2024-03-01 15:02:00,ALKS,30.139999389648438,30.139999389648438,30.139999389648438,30.059999465942383,30.079999923706055,6832.0
2024-03-01 15:02:00,ALLK,1.659999966621399,1.659999966621399,1.659999966621399,1.6549999713897705,1.6549999713897705,1626.0
2024-03-01 15:02:00,ALLO,4.994999885559082,4.994999885559082,4.994999885559082,4.985000133514404,4.985000133514404,6887.0
2024-03-01 15:02:00,ALNY,153.4600067138672,153.4600067138672,153.4600067138672,153.41000366210938,153.41000366210938,1418.0
2024-03-01 15:02:00,ALPN,35.810001373291016,35.810001373291016,35.810001373291016,35.79999923706055,35.79999923706055,667.0
2024-03-01 15:02:00,ALT,12.050000190734863,12.050000190734863,12.100000381469727,12.039999961853027,12.039999961853027,20983.0
2024-03-01 15:02:00,ALVR,0.7419000267982483,0.7419000267982483,0.7425000071525574,0.7419000267982483,0.7425000071525574,1203.0
2024-03-01 15:02:00,ALXO,15.020000457763672,15.020000457763672,15.050000190734863,15.0,15.0,7353.0
2024-03-01 15:02:00,AMGN,280.4800109863281,280.4800109863281,280.489990234375,280.3200988769531,280.489990234375,4055.0
2024-03-01 15:02:00,AMLX,18.780000686645508,18.780000686645508,18.790000915527344,18.780000686645508,18.780000686645508,2815.0
2024-03-01 15:02:00,AMRN,1.0586999654769897,1.0586999654769897,1.0586999654769897,1.0586999654769897,1.0586999654769897,913.0
2024-03-01 15:02:00,ANAB,25.40999984741211,25.40999984741211,25.40999984741211,25.40999984741211,25.40999984741211,100.0
2024-03-01 15:02:00,ANGO,5.489999771118164,5.489999771118164,5.489999771118164,5.489999771118164,5.489999771118164,332.0
2024-03-01 15:02:00,ANNX,6.005000114440918,6.005000114440918,6.005000114440918,6.005000114440918,6.005000114440918,394.0
2024-03-01 15:02:00,APLS,64.12999725341797,64.12999725341797,64.12999725341797,64.06510162353516,64.06510162353516,1976.0
2024-03-01 15:02:00,APLT,7.070000171661377,7.070000171661377,7.070000171661377,7.019999980926514,7.019999980926514,4685.0
2024-03-01 15:02:00,AQST,4.068900108337402,4.068900108337402,4.068900108337402,4.068900108337402,4.068900108337402,122.0
2024-03-01 15:02:00,ARAY,2.630000114440918,2.630000114440918,2.630000114440918,2.630000114440918,2.630000114440918,256.0
2024-03-01 15:02:00,ARDX,9.479999542236328,9.479999542236328,9.479999542236328,9.475000381469727,9.479999542236328,519.0
2024-03-01 15:02:00,ARQT,11.501099586486816,11.501099586486816,11.510000228881836,11.475000381469727,11.510000228881836,9226.0
2024-03-01 15:02:00,ARVN,47.900001525878906,47.900001525878906,47.95500183105469,47.810001373291016,47.91999816894531,1329.0
2024-03-01 15:02:00,ARWR,35.505001068115234,35.505001068115234,35.52000045776367,35.480098724365234,35.52000045776367,985.0
2024-03-01 15:02:00,ASND,153.36000061035156,153.36000061035156,153.47999572753906,153.36000061035156,153.47999572753906,431.0
2024-03-01 15:02:00,ASRT,0.8952999711036682,0.8952999711036682,0.8952999711036682,0.8952999711036682,0.8952999711036682,648.0
2024-03-01 15:02:00,ATAI,2.1549999713897705,2.1549999713897705,2.1600000858306885,2.1549999713897705,2.1600000858306885,527.0
2024-03-01 15:02:00,ATEC,13.4350004196167,13.4350004196167,13.4350004196167,13.420000076293945,13.425000190734863,6796.0
2024-03-01 15:02:00,ATHE,1.8300000429153442,1.8300000429153442,1.8300000429153442,1.8300000429153442,1.8300000429153442,209.0
2024-03-01 15:02:00,ATRA,0.7799999713897705,0.7799999713897705,0.782800018787384,0.7799999713897705,0.782800018787384,3421.0
2024-03-01 15:02:00,ATRC,36.07500076293945,36.07500076293945,36.07500076293945,36.07500076293945,36.07500076293945,100.0
2024-03-01 15:02:00,ATXI,0.15399999916553497,0.15399999916553497,0.15399999916553497,0.15399999916553497,0.15399999916553497,200.0
2024-03-01 15:02:00,ATXS,14.930000305175781,14.930000305175781,14.930000305175781,14.930000305175781,14.930000305175781,153.0
2024-03-01 15:02:00,AUGX,4.550000190734863,4.550000190734863,4.550000190734863,4.550000190734863,4.550000190734863,266.0
2024-03-01 15:02:00,AUPH,5.80019998550415,5.80019998550415,5.804999828338623,5.800000190734863,5.800300121307373,5473.0
2024-03-01 15:02:00,AUTL,6.300000190734863,6.300000190734863,6.309999942779541,6.300000190734863,6.309999942779541,422.0
2024-03-01 15:02:00,AVDL,13.329999923706055,13.329999923706055,13.334799766540527,13.319999694824219,13.319999694824219,5673.0
2024-03-01 15:02:00,AVRO,1.3200000524520874,1.3200000524520874,1.3200000524520874,1.3200000524520874,1.3200000524520874,100.0
2024-03-01 15:02:00,AXDX,0.9804990291595459,0.9804990291595459,0.9804990291595459,0.9804990291595459,0.9804990291595459,200.0
2024-03-01 15:02:00,AXNX,67.7699966430664,67.7699966430664,67.7699966430664,67.75,67.75,659.0
2024-03-01 15:02:00,AZN,64.66500091552734,64.66500091552734,64.67749786376953,64.66500091552734,64.67279815673828,3163.0
2024-03-01 15:02:00,AZTA,67.0,67.0,67.0,67.0,67.0,218.0
2024-03-01 15:02:00,BBIO,35.8650016784668,35.8650016784668,35.880001068115234,35.8650016784668,35.880001068115234,828.0
2024-03-01 15:02:00,BBLG,2.5,2.5,2.5,2.5,2.5,333.0
2024-03-01 15:02:00,BCAB,2.8299999237060547,2.8299999237060547,2.8299999237060547,2.825000047683716,2.8299999237060547,1499.0
2024-03-01 15:02:00,BCDA,0.5752000212669373,0.5752000212669373,0.5752000212669373,0.5706110000610352,0.5706110000610352,200.0
2024-03-01 15:02:00,BCRX,5.684999942779541,5.684999942779541,5.684999942779541,5.679999828338623,5.679999828338623,2519.0
2024-03-01 15:02:00,BCYC,25.8799991607666,25.8799991607666,25.8799991607666,25.8799991607666,25.8799991607666,135.0
2024-03-01 15:02:00,BDTX,4.700799942016602,4.700799942016602,4.702000141143799,4.699999809265137,4.699999809265137,1729.0
2024-03-01 15:02:00,BEAM,39.9900016784668,39.9900016784668,40.0,39.95000076293945,39.97999954223633,1848.0
2024-03-01 15:02:00,BFRI,0.875,0.875,0.875,0.875,0.875,734.0
2024-03-01 15:02:00,BGNE,166.02499389648438,166.02499389648438,166.02499389648438,166.02499389648438,166.02499389648438,322.0
2024-03-01 15:02:00,BGXX,0.2699899971485138,0.2699899971485138,0.27000001072883606,0.2699899971485138,0.27000001072883606,850.0
2024-03-01 15:02:00,BIAF,2.1500000953674316,2.1500000953674316,2.2200000286102295,2.1500000953674316,2.2200000286102295,5878.0
2024-03-01 15:02:00,BIIB,221.27000427246094,221.27000427246094,221.27000427246094,221.16000366210938,221.19000244140625,440.0
2024-03-01 15:02:00,BIOL,0.14489999413490295,0.14489999413490295,0.14489999413490295,0.14480000734329224,0.14480000734329224,10190.0
2024-03-01 15:02:00,BIOR,1.1296000480651855,1.1296000480651855,1.1296000480651855,1.1296000480651855,1.1296000480651855,646.0
2024-03-01 15:02:00,BIVI,2.0,2.0,2.0199999809265137,1.9800000190734863,1.9900000095367432,38668.0
2024-03-01 15:02:00,BLFS,17.940000534057617,17.940000534057617,17.940000534057617,17.93000030517578,17.940000534057617,1503.0
2024-03-01 15:02:00,BLUE,1.5700000524520874,1.5700000524520874,1.5750000476837158,1.5700000524520874,1.5700000524520874,11814.0
2024-03-01 15:02:00,BMEA,18.1299991607666,18.1299991607666,18.1299991607666,18.110000610351562,18.110000610351562,2357.0
2024-03-01 15:02:00,BMRN,87.7300033569336,87.7300033569336,87.75,87.7300033569336,87.7300033569336,3686.0
2024-03-01 15:02:00,BNGO,1.2649999856948853,1.2649999856948853,1.2649999856948853,1.2549999952316284,1.2649999856948853,22264.0
2024-03-01 15:02:00,BNTX,90.89969635009766,90.89969635009766,90.89969635009766,90.89969635009766,90.89969635009766,845.0
2024-03-01 15:02:00,BRKR,88.77999877929688,88.77999877929688,88.77999877929688,88.69999694824219,88.69999694824219,9398.0
2024-03-01 15:02:00,BSGM,0.6679999828338623,0.6679999828338623,0.6679999828338623,0.6679999828338623,0.6679999828338623,1863.0
2024-03-01 15:02:00,BTAI,3.2149999141693115,3.2149999141693115,3.2149999141693115,3.2049999237060547,3.2100000381469727,1473.0
2024-03-01 15:02:00,BTTX,0.1800999939441681,0.1800999939441681,0.18020099401474,0.1800999939441681,0.18020099401474,713.0
2024-03-01 15:02:00,BWAY,6.53000020980835,6.53000020980835,6.53000020980835,6.53000020980835,6.53000020980835,347.0
2024-03-01 15:02:00,CABA,23.959999084472656,23.959999084472656,23.959999084472656,23.959999084472656,23.959999084472656,381.0
2024-03-01 15:02:00,CAPR,4.480100154876709,4.480100154876709,4.480100154876709,4.480100154876709,4.480100154876709,1208.0
2024-03-01 15:02:00,CARA,0.9470999836921692,0.9470999836921692,0.9599000215530396,0.9470999836921692,0.9599000215530396,12161.0
2024-03-01 15:02:00,CBAY,32.224998474121094,32.224998474121094,32.22999954223633,32.220001220703125,32.224998474121094,4277.0
2024-03-01 15:02:00,CCCC,10.989999771118164,10.989999771118164,10.989999771118164,10.970000267028809,10.979999542236328,1757.0
2024-03-01 15:02:00,CDNA,12.5,12.5,12.5,12.460000038146973,12.460000038146973,1430.0
2024-03-01 15:02:00,CDTX,0.7200000286102295,0.7200000286102295,0.7200000286102295,0.7200000286102295,0.7200000286102295,503.0
2024-03-01 15:02:00,CDXS,4.65500020980835,4.65500020980835,4.65500020980835,4.650000095367432,4.650000095367432,2723.0
2024-03-01 15:02:00,CELC,17.170000076293945,17.170000076293945,17.170000076293945,17.094999313354492,17.170000076293945,1859.0
2024-03-01 15:02:00,CERE,41.084999084472656,41.084999084472656,41.084999084472656,41.084999084472656,41.084999084472656,566.0
2024-03-01 15:02:00,CERS,2.174999952316284,2.174999952316284,2.180000066757202,2.174999952316284,2.180000066757202,4785.0
2024-03-01 15:02:00,CERT,18.235000610351562,18.235000610351562,18.25,18.235000610351562,18.25,303.0
2024-03-01 15:02:00,CGC,3.2007999420166016,3.2007999420166016,3.2100000381469727,3.200000047683716,3.2100000381469727,3499.0
2024-03-01 15:02:00,CGEN,2.690000057220459,2.690000057220459,2.690000057220459,2.674999952316284,2.674999952316284,4897.0
2024-03-01 15:02:00,CHRS,2.4200000762939453,2.4200000762939453,2.4200000762939453,2.4100000858306885,2.4149999618530273,457.0
2024-03-01 15:02:00,CING,1.340000033378601,1.340000033378601,1.340000033378601,1.340000033378601,1.340000033378601,100.0
2024-03-01 15:02:00,CKPT,2.190000057220459,2.190000057220459,2.190000057220459,2.190000057220459,2.190000057220459,288.0
2024-03-01 15:02:00,CLDX,52.529998779296875,52.529998779296875,52.56999969482422,52.529998779296875,52.56999969482422,1253.0
2024-03-01 15:02:00,CLNN,0.38459300994873047,0.38459300994873047,0.38499999046325684,0.38459300994873047,0.38499999046325684,1779.0
2024-03-01 15:02:00,CLOV,0.8650500178337097,0.8650500178337097,0.8650500178337097,0.8650000095367432,0.8650000095367432,35187.0
2024-03-01 15:02:00,CLRB,4.110000133514404,4.110000133514404,4.110000133514404,4.110000133514404,4.110000133514404,100.0
2024-03-01 15:02:00,CMPS,11.662500381469727,11.662500381469727,11.75,11.649999618530273,11.729999542236328,11223.0
2024-03-01 15:02:00,COGT,7.199999809265137,7.199999809265137,7.199999809265137,7.199999809265137,7.199999809265137,2686.0
2024-03-01 15:02:00,CORT,24.290000915527344,24.290000915527344,24.299999237060547,24.290000915527344,24.299999237060547,1620.0
2024-03-01 15:02:00,CPRX,17.145000457763672,17.145000457763672,17.165000915527344,17.114999771118164,17.114999771118164,8977.0
2024-03-01 15:02:00,CPSI,9.359999656677246,9.359999656677246,9.380000114440918,9.359999656677246,9.369999885559082,2157.0
2024-03-01 15:02:00,CRBU,7.90500020980835,7.90500020980835,7.909999847412109,7.880000114440918,7.885000228881836,6491.0
2024-03-01 15:02:00,CRDF,2.700000047683716,2.700000047683716,2.859999895095825,2.6700000762939453,2.7279999256134033,338921.0
2024-03-01 15:02:00,CRDL,1.9700000286102295,1.9700000286102295,1.9900000095367432,1.9600000381469727,1.9900000095367432,9615.0
2024-03-01 15:02:00,CRMD,3.680000066757202,3.680000066757202,3.680000066757202,3.680000066757202,3.680000066757202,100.0
2024-03-01 15:02:00,CRNX,46.04999923706055,46.04999923706055,46.04999923706055,46.04999923706055,46.04999923706055,480.0
2024-03-01 15:02:00,CRON,2.0350000858306885,2.0350000858306885,2.0399999618530273,2.0299999713897705,2.0350000858306885,3387.0
2024-03-01 15:02:00,CRSP,85.12000274658203,85.12000274658203,85.12000274658203,85.06500244140625,85.08000183105469,1991.0
2024-03-01 15:02:00,CSTL,19.795000076293945,19.795000076293945,19.795000076293945,19.795000076293945,19.795000076293945,327.0
2024-03-01 15:02:00,CTKB,9.079999923706055,9.079999923706055,9.079999923706055,9.050000190734863,9.050000190734863,2902.0
2024-03-01 15:02:00,CTMX,2.490000009536743,2.490000009536743,2.5,2.490000009536743,2.494999885559082,1654.0
2024-03-01 15:02:00,CTXR,0.7717000246047974,0.7717000246047974,0.7717000246047974,0.7703999876976013,0.7703999876976013,3515.0
2024-03-01 15:02:00,CUTR,2.4000000953674316,2.4000000953674316,2.4000000953674316,2.4000000953674316,2.4000000953674316,138.0
2024-03-01 15:02:00,CVAC,3.450000047683716,3.450000047683716,3.450000047683716,3.450000047683716,3.450000047683716,206.0
2024-03-01 15:02:00,CYTK,73.98999786376953,73.98999786376953,73.98999786376953,73.94999694824219,73.94999694824219,965.0
2024-03-01 15:02:00,DAWN,17.709999084472656,17.709999084472656,17.709999084472656,17.700000762939453,17.700000762939453,1205.0
2024-03-01 15:02:00,DCGO,4.110000133514404,4.110000133514404,4.114999771118164,4.110000133514404,4.114999771118164,309.0
2024-03-01 15:02:00,DCPH,17.465900421142578,17.465900421142578,17.465900421142578,17.465900421142578,17.465900421142578,301.0
2024-03-01 15:02:00,DH,8.890000343322754,8.890000343322754,8.890000343322754,8.880000114440918,8.880000114440918,3784.0
2024-03-01 15:02:00,DMTK,0.8497989773750305,0.8497989773750305,0.8497989773750305,0.8497989773750305,0.8497989773750305,200.0
2024-03-01 15:02:00,DNLI,21.18000030517578,21.18000030517578,21.18000030517578,21.149999618530273,21.149999618530273,2463.0
2024-03-01 15:02:00,DTIL,12.5,12.5,12.529999732971191,12.5,12.529999732971191,5227.0
2024-03-01 15:02:00,DVAX,12.800000190734863,12.800000190734863,12.800000190734863,12.795000076293945,12.800000190734863,3725.0
2024-03-01 15:02:00,DXCM,121.1449966430664,121.1449966430664,121.26000213623047,121.1449966430664,121.23500061035156,6810.0
2024-03-01 15:02:00,DYN,29.110000610351562,29.110000610351562,29.110000610351562,29.094999313354492,29.110000610351562,1400.0
2024-03-01 15:02:00,DYNT,0.48809999227523804,0.48809999227523804,0.48809999227523804,0.48809999227523804,0.48809999227523804,162.0
2024-03-01 15:02:00,EDIT,10.840999603271484,10.840999603271484,10.845000267028809,10.84000015258789,10.84000015258789,5947.0
2024-03-01 15:02:00,EFTR,16.0939998626709,16.0939998626709,16.170000076293945,15.869999885559082,15.869999885559082,14735.0
2024-03-01 15:02:00,EGRX,6.559999942779541,6.559999942779541,6.559999942779541,6.559999942779541,6.559999942779541,126.0
2024-03-01 15:02:00,ELEV,5.079999923706055,5.079999923706055,5.105000019073486,5.074999809265137,5.105000019073486,5207.0
2024-03-01 15:02:00,EMBC,14.289999961853027,14.289999961853027,14.289999961853027,14.289999961853027,14.289999961853027,100.0
2024-03-01 15:02:00,ENSC,0.927901029586792,0.927901029586792,0.927901029586792,0.927901029586792,0.927901029586792,1018.0
2024-03-01 15:02:00,ENTA,15.59000015258789,15.59000015258789,15.59000015258789,15.529999732971191,15.529999732971191,955.0
2024-03-01 15:02:00,ENVB,1.5199999809265137,1.5199999809265137,1.5293999910354614,1.5199999809265137,1.5293999910354614,1152.0
2024-03-01 15:02:00,EOLS,14.800000190734863,14.800000190734863,14.800000190734863,14.800000190734863,14.800000190734863,119.0
2024-03-01 15:02:00,ESPR,2.555000066757202,2.555000066757202,2.559999942779541,2.555000066757202,2.555000066757202,1176.0
2024-03-01 15:02:00,ESTA,44.44499969482422,44.44499969482422,44.58000183105469,44.377498626708984,44.55500030517578,931.0
2024-03-01 15:02:00,ETNB,12.760000228881836,12.760000228881836,12.760000228881836,12.729999542236328,12.729999542236328,2980.0
2024-03-01 15:02:00,ETON,4.5,4.5,4.5,4.5,4.5,320.0
2024-03-01 15:02:00,EVO,7.53000020980835,7.53000020980835,7.531199932098389,7.53000020980835,7.531199932098389,671.0
2024-03-01 15:02:00,EWTX,16.950000762939453,16.950000762939453,16.950000762939453,16.950000762939453,16.950000762939453,751.0
2024-03-01 15:02:00,EXAI,6.650000095367432,6.650000095367432,6.650000095367432,6.650000095367432,6.650000095367432,107.0
2024-03-01 15:02:00,EXAS,59.95000076293945,59.95000076293945,59.959999084472656,59.90999984741211,59.90999984741211,6695.0
2024-03-01 15:02:00,EXEL,22.30500030517578,22.30500030517578,22.325000762939453,22.299999237060547,22.325000762939453,5078.0
2024-03-01 15:02:00,EYEN,2.375,2.375,2.375,2.375,2.375,1295.0
2024-03-01 15:02:00,EYPT,27.899999618530273,27.899999618530273,27.899999618530273,27.899999618530273,27.899999618530273,529.0
2024-03-01 15:02:00,FATE,7.730000019073486,7.730000019073486,7.730000019073486,7.71999979019165,7.724999904632568,4718.0
2024-03-01 15:02:00,FDMT,29.350099563598633,29.350099563598633,29.350099563598633,29.350099563598633,29.350099563598633,333.0
2024-03-01 15:02:00,FEMY,1.7295000553131104,1.7295000553131104,1.7295000553131104,1.7295000553131104,1.7295000553131104,507.0
2024-03-01 15:02:00,FGEN,1.840000033378601,1.840000033378601,1.840000033378601,1.8350000381469727,1.840000033378601,1996.0
2024-03-01 15:02:00,FIXX,0.9196000099182129,0.9196000099182129,0.9196000099182129,0.9196000099182129,0.9196000099182129,198.0
2024-03-01 15:02:00,FOLD,13.305000305175781,13.305000305175781,13.3100004196167,13.305000305175781,13.3100004196167,5863.0
2024-03-01 15:02:00,FULC,11.000499725341797,11.000499725341797,11.000499725341797,11.0,11.0,529.0
2024-03-01 15:02:00,FUSN,12.160099983215332,12.160099983215332,12.1899995803833,12.160099983215332,12.1899995803833,380.0
2024-03-01 15:02:00,GALT,1.9500000476837158,1.9500000476837158,1.9500000476837158,1.9500000476837158,1.9500000476837158,227.0
2024-03-01 15:02:00,GDRX,8.4399995803833,8.4399995803833,8.4399995803833,8.420000076293945,8.425000190734863,8615.0
2024-03-01 15:02:00,GENE,2.3499999046325684,2.3499999046325684,2.3499999046325684,2.3499999046325684,2.3499999046325684,100.0
2024-03-01 15:02:00,GERN,2.244999885559082,2.244999885559082,2.244999885559082,2.240000009536743,2.240000009536743,2000.0
2024-03-01 15:02:00,GH,19.075000762939453,19.075000762939453,19.075000762939453,19.05500030517578,19.05500030517578,3026.0
2024-03-01 15:02:00,GILD,72.52140045166016,72.52140045166016,72.52140045166016,72.48999786376953,72.49500274658203,5016.0
2024-03-01 15:02:00,GLPG,35.04499816894531,35.04499816894531,35.06999969482422,35.029998779296875,35.06999969482422,701.0
2024-03-01 15:02:00,GMAB,29.364999771118164,29.364999771118164,29.364999771118164,29.364999771118164,29.364999771118164,816.0
2024-03-01 15:02:00,GNPX,4.650000095367432,4.650000095367432,4.650000095367432,4.650000095367432,4.650000095367432,255.0
2024-03-01 15:02:00,GOSS,1.4199999570846558,1.4199999570846558,1.4199999570846558,1.4199999570846558,1.4199999570846558,100.0
2024-03-01 15:02:00,GRFS,7.0,7.0,7.0,6.985000133514404,6.985000133514404,9217.0
2024-03-01 15:02:00,GRPH,3.4000000953674316,3.4000000953674316,3.4000000953674316,3.4000000953674316,3.4000000953674316,185.0
2024-03-01 15:02:00,GRTS,2.0950000286102295,2.0950000286102295,2.0950000286102295,2.0950000286102295,2.0950000286102295,2560.0
2024-03-01 15:02:00,GRTX,0.23100000619888306,0.23100000619888306,0.23100000619888306,0.23100000619888306,0.23100000619888306,601.0
2024-03-01 15:02:00,GTHX,3.809999942779541,3.809999942779541,3.809999942779541,3.799999952316284,3.799999952316284,3282.0
2024-03-01 15:02:00,HALO,41.150001525878906,41.150001525878906,41.189998626708984,41.150001525878906,41.165000915527344,3813.0
2024-03-01 15:02:00,HARP,22.940000534057617,22.940000534057617,22.940000534057617,22.940000534057617,22.940000534057617,481.0
2024-03-01 15:02:00,HCAT,8.125,8.125,8.135000228881836,8.125,8.135000228881836,1940.0
2024-03-01 15:02:00,HCSG,12.819999694824219,12.819999694824219,12.819999694824219,12.819999694824219,12.819999694824219,457.0
2024-03-01 15:02:00,HCTI,2.069999933242798,2.069999933242798,2.0899999141693115,2.0631000995635986,2.0631000995635986,1053.0
2024-03-01 15:02:00,HITI,1.75,1.75,1.7649999856948853,1.75,1.7649999856948853,1901.0
2024-03-01 15:02:00,HLTH,0.25999999046325684,0.25999999046325684,0.26019999384880066,0.25999999046325684,0.26019999384880066,7000.0
2024-03-01 15:02:00,HLVX,19.190000534057617,19.190000534057617,19.190000534057617,19.190000534057617,19.190000534057617,235.0
2024-03-01 15:02:00,HOLX,74.33100128173828,74.33100128173828,74.3499984741211,74.33100128173828,74.34500122070312,2071.0
2024-03-01 15:02:00,HOWL,7.079999923706055,7.079999923706055,7.079999923706055,7.050000190734863,7.050000190734863,849.0
2024-03-01 15:02:00,HPCO,0.2498999983072281,0.2498999983072281,0.2498999983072281,0.2498999983072281,0.2498999983072281,400.0
2024-03-01 15:02:00,HRMY,31.610000610351562,31.610000610351562,31.610000610351562,31.610000610351562,31.610000610351562,502.0
2024-03-01 15:02:00,HROW,10.920000076293945,10.920000076293945,10.920000076293945,10.920000076293945,10.920000076293945,225.0
2024-03-01 15:02:00,HRTX,2.5999999046325684,2.5999999046325684,2.5999999046325684,2.5999999046325684,2.5999999046325684,773.0
2024-03-01 15:02:00,HSCS,0.1193000003695488,0.1193000003695488,0.11949999630451202,0.11890000104904175,0.11890000104904175,31220.0
2024-03-01 15:02:00,HSDT,4.799900054931641,4.799900054931641,4.799900054931641,4.799900054931641,4.799900054931641,2128.0
2024-03-01 15:02:00,HSIC,76.94999694824219,76.94999694824219,76.94999694824219,76.88999938964844,76.88999938964844,2043.0
2024-03-01 15:02:00,HUMA,3.2200000286102295,3.2200000286102295,3.2300000190734863,3.2200000286102295,3.2249999046325684,3333.0
2024-03-01 15:02:00,IART,36.27000045776367,36.27000045776367,36.27000045776367,36.25,36.25,3874.0
2024-03-01 15:02:00,IBRX,4.855000019073486,4.855000019073486,4.860000133514404,4.840000152587891,4.840000152587891,2876.0
2024-03-01 15:02:00,ICCM,1.2899999618530273,1.2899999618530273,1.3097000122070312,1.2899999618530273,1.3097000122070312,2562.0
2024-03-01 15:02:00,ICLR,324.5299987792969,324.5299987792969,324.5299987792969,324.5299987792969,324.5299987792969,361.0
2024-03-01 15:02:00,ICUI,106.1449966430664,106.1449966430664,106.1449966430664,106.1449966430664,106.1449966430664,583.0
2024-03-01 15:02:00,IDYA,46.28499984741211,46.28499984741211,46.28499984741211,46.28499984741211,46.28499984741211,402.0
2024-03-01 15:02:00,IINN,1.690000057220459,1.690000057220459,1.7000000476837158,1.6799999475479126,1.7000000476837158,1782.0
2024-03-01 15:02:00,ILMN,141.22500610351562,141.22500610351562,141.22500610351562,141.2050018310547,141.2050018310547,346.0
2024-03-01 15:02:00,IMNN,1.0199999809265137,1.0199999809265137,1.0199999809265137,1.0199999809265137,1.0199999809265137,1260.0
2024-03-01 15:02:00,IMTX,12.789999961853027,12.789999961853027,12.789999961853027,12.789999961853027,12.789999961853027,1293.0
2024-03-01 15:02:00,IMUX,1.4700000286102295,1.4700000286102295,1.4700000286102295,1.4700000286102295,1.4700000286102295,250.0
2024-03-01 15:02:00,IMVT,35.650001525878906,35.650001525878906,35.650001525878906,35.650001525878906,35.650001525878906,1179.0
2024-03-01 15:02:00,INCY,59.029998779296875,59.029998779296875,59.029998779296875,59.029998779296875,59.029998779296875,515.0
2024-03-01 15:02:00,INMD,22.91830062866211,22.91830062866211,22.91830062866211,22.90999984741211,22.90999984741211,1230.0
2024-03-01 15:02:00,INSM,28.079999923706055,28.079999923706055,28.079999923706055,28.079999923706055,28.079999923706055,2175.0
2024-03-01 15:02:00,INVA,15.399999618530273,15.399999618530273,15.420000076293945,15.399999618530273,15.420000076293945,1511.0
2024-03-01 15:02:00,IONS,45.81999969482422,45.81999969482422,45.85499954223633,45.81999969482422,45.85499954223633,1786.0
2024-03-01 15:02:00,IOVA,17.059999465942383,17.059999465942383,17.059999465942383,17.045000076293945,17.045000076293945,17868.0
2024-03-01 15:02:00,IRMD,41.564998626708984,41.564998626708984,41.564998626708984,41.45000076293945,41.45000076293945,218.0
2024-03-01 15:02:00,IRTC,121.28849792480469,121.28849792480469,121.30999755859375,121.28849792480469,121.30999755859375,561.0
2024-03-01 15:02:00,IRWD,8.96500015258789,8.96500015258789,8.979999542236328,8.949999809265137,8.949999809265137,54095.0
2024-03-01 15:02:00,ITCI,71.98999786376953,71.98999786376953,71.98999786376953,71.94010162353516,71.95999908447266,604.0
2024-03-01 15:02:00,ITRM,1.2799999713897705,1.2799999713897705,1.2799999713897705,1.2799999713897705,1.2799999713897705,300.0
2024-03-01 15:02:00,JAGX,0.09149999916553497,0.09149999916553497,0.09229999780654907,0.08990000188350677,0.09000000357627869,2015616.0
2024-03-01 15:02:00,JANX,46.029998779296875,46.029998779296875,46.060001373291016,46.029998779296875,46.040000915527344,9731.0
2024-03-01 15:02:00,KALV,14.149999618530273,14.149999618530273,14.15999984741211,14.149999618530273,14.15999984741211,4522.0
2024-03-01 15:02:00,KNSA,21.885000228881836,21.885000228881836,21.899999618530273,21.860000610351562,21.860000610351562,1781.0
2024-03-01 15:02:00,KNTE,2.609999895095825,2.609999895095825,2.609999895095825,2.609999895095825,2.609999895095825,500.0
2024-03-01 15:02:00,KOD,6.054999828338623,6.054999828338623,6.054999828338623,6.050000190734863,6.050000190734863,1015.0
2024-03-01 15:02:00,KPTI,1.184999942779541,1.184999942779541,1.184999942779541,1.184999942779541,1.184999942779541,1501.0
2024-03-01 15:02:00,KURA,21.8799991607666,21.8799991607666,21.899999618530273,21.860000610351562,21.899999618530273,9011.0
2024-03-01 15:02:00,KZR,1.0499999523162842,1.0499999523162842,1.0549999475479126,1.0499999523162842,1.0549999475479126,609.0
2024-03-01 15:02:00,LAB,2.4649999141693115,2.4649999141693115,2.4749999046325684,2.4649999141693115,2.4700000286102295,5338.0
2024-03-01 15:02:00,LEGN,65.58999633789062,65.58999633789062,65.6500015258789,65.58999633789062,65.62999725341797,2856.0
2024-03-01 15:02:00,LFMD,8.0,8.0,8.010000228881836,7.989999771118164,7.989999771118164,1010.0
2024-03-01 15:02:00,LFST,7.71999979019165,7.71999979019165,7.71999979019165,7.71999979019165,7.71999979019165,400.0
2024-03-01 15:02:00,LGVN,0.5400000214576721,0.5400000214576721,0.5400000214576721,0.5400000214576721,0.5400000214576721,700.0
2024-03-01 15:02:00,LIFE,1.9199999570846558,1.9199999570846558,1.9199999570846558,1.9199999570846558,1.9199999570846558,189.0
2024-03-01 15:02:00,LNTH,64.52999877929688,64.52999877929688,64.61000061035156,64.52999877929688,64.61000061035156,2421.0
2024-03-01 15:02:00,LTRN,4.190000057220459,4.190000057220459,4.210000038146973,4.130000114440918,4.199999809265137,2086.0
2024-03-01 15:02:00,LUNG,9.475000381469727,9.475000381469727,9.479999542236328,9.475000381469727,9.479999542236328,649.0
2024-03-01 15:02:00,LXRX,2.484999895095825,2.484999895095825,2.484999895095825,2.484999895095825,2.484999895095825,458.0
2024-03-01 15:02:00,LYEL,3.1700000762939453,3.1700000762939453,3.1700000762939453,3.1700000762939453,3.1700000762939453,662.0
2024-03-01 15:02:00,LYRA,5.659999847412109,5.659999847412109,5.679999828338623,5.639999866485596,5.639999866485596,1000.0
2024-03-01 15:02:00,MASI,127.32499694824219,127.32499694824219,127.32499694824219,127.32499694824219,127.32499694824219,264.0
2024-03-01 15:02:00,MBOT,1.3300000429153442,1.3300000429153442,1.3300000429153442,1.3250000476837158,1.3250000476837158,1310.0
2024-03-01 15:02:00,MCRB,1.2200000286102295,1.2200000286102295,1.225000023841858,1.2200000286102295,1.225000023841858,264.0
2024-03-01 15:02:00,MDGL,250.22999572753906,250.22999572753906,250.22999572753906,250.22999572753906,250.22999572753906,475.0
2024-03-01 15:02:00,MDRX,6.070000171661377,6.070000171661377,6.070000171661377,6.019999980926514,6.050000190734863,144027.0
2024-03-01 15:02:00,MDXG,8.654999732971191,8.654999732971191,8.65999984741211,8.650099754333496,8.65999984741211,5981.0
2024-03-01 15:02:00,ME,0.5548999905586243,0.5548999905586243,0.5564000010490417,0.5548999905586243,0.5564000010490417,10484.0
2024-03-01 15:02:00,MEDP,403.3900146484375,403.3900146484375,403.3900146484375,403.3900146484375,403.3900146484375,703.0
2024-03-01 15:02:00,MEIP,4.230000019073486,4.230000019073486,4.230000019073486,4.230000019073486,4.230000019073486,107.0
2024-03-01 15:02:00,MGNX,18.969999313354492,18.969999313354492,18.969999313354492,18.0,18.969999313354492,37966.0
2024-03-01 15:02:00,MLTX,50.72999954223633,50.72999954223633,50.72999954223633,50.72999954223633,50.72999954223633,1632.0
2024-03-01 15:02:00,MNKD,4.534999847412109,4.534999847412109,4.539999961853027,4.534999847412109,4.534999847412109,1506.0
2024-03-01 15:02:00,MNMD,6.175000190734863,6.175000190734863,6.210100173950195,6.170000076293945,6.210000038146973,7751.0
2024-03-01 15:02:00,MNOV,1.3799999952316284,1.3799999952316284,1.3799999952316284,1.3799999952316284,1.3799999952316284,725.0
2024-03-01 15:02:00,MNPR,0.8999999761581421,0.8999999761581421,0.8999999761581421,0.8845000267028809,0.88919997215271,6778.0
2024-03-01 15:02:00,MODD,1.8700000047683716,1.8700000047683716,1.8700000047683716,1.8700000047683716,1.8700000047683716,200.0
2024-03-01 15:02:00,MODV,28.399999618530273,28.399999618530273,28.399999618530273,28.399999618530273,28.399999618530273,636.0
2024-03-01 15:02:00,MOR,17.649999618530273,17.649999618530273,17.68000030517578,17.649999618530273,17.68000030517578,3093.0
2024-03-01 15:02:00,MORF,39.63999938964844,39.63999938964844,39.63999938964844,39.540000915527344,39.540000915527344,1420.0
2024-03-01 15:02:00,MOVE,0.566100001335144,0.566100001335144,0.5699999928474426,0.5649999976158142,0.5699999928474426,1200.0
2024-03-01 15:02:00,MRAI,1.6100000143051147,1.6100000143051147,1.6101000308990479,1.6100000143051147,1.6100000143051147,2475.0
2024-03-01 15:02:00,MREO,3.984999895095825,3.984999895095825,3.984999895095825,3.9800000190734863,3.984999895095825,1241.0
2024-03-01 15:02:00,MRNA,95.41000366210938,95.41000366210938,95.41999816894531,95.3499984741211,95.3499984741211,3415.0
2024-03-01 15:02:00,MRNS,9.970000267028809,9.970000267028809,9.970000267028809,9.970000267028809,9.970000267028809,307.0
2024-03-01 15:02:00,MRSN,5.980000019073486,5.980000019073486,5.994999885559082,5.980000019073486,5.980000019073486,10313.0
2024-03-01 15:02:00,MRUS,51.494998931884766,51.494998931884766,51.56999969482422,51.494998931884766,51.54999923706055,733.0
2024-03-01 15:02:00,MRVI,7.710000038146973,7.710000038146973,7.710000038146973,7.710000038146973,7.710000038146973,772.0
2024-03-01 15:02:00,MXCT,4.75,4.75,4.75,4.744999885559082,4.744999885559082,592.0
2024-03-01 15:02:00,MYGN,22.184999465942383,22.184999465942383,22.184999465942383,22.170000076293945,22.170000076293945,444.0
2024-03-01 15:02:00,NARI,46.27000045776367,46.27000045776367,46.29499816894531,46.22999954223633,46.22999954223633,1858.0
2024-03-01 15:02:00,NBIX,131.96499633789062,131.96499633789062,131.96499633789062,131.92999267578125,131.92999267578125,1315.0
2024-03-01 15:02:00,NDRA,1.1598999500274658,1.1598999500274658,1.159999966621399,1.1598999500274658,1.159999966621399,1203.0
2024-03-01 15:02:00,NEO,16.09000015258789,16.09000015258789,16.09000015258789,16.09000015258789,16.09000015258789,169.0
2024-03-01 15:02:00,NEOG,17.385000228881836,17.385000228881836,17.385000228881836,17.385000228881836,17.385000228881836,228.0
2024-03-01 15:02:00,NKTR,0.7700999975204468,0.7700999975204468,0.7700999975204468,0.7700999975204468,0.7700999975204468,203.0
2024-03-01 15:02:00,NNOX,10.819999694824219,10.819999694824219,10.819999694824219,10.789999961853027,10.800000190734863,9365.0
2024-03-01 15:02:00,NOTV,8.0,8.0,8.0,8.0,8.0,267.0
2024-03-01 15:02:00,NPCE,16.415000915527344,16.415000915527344,16.540000915527344,16.299999237060547,16.540000915527344,543.0
2024-03-01 15:02:00,NRBO,6.25,6.25,6.25,6.230000019073486,6.230000019073486,1436.0
2024-03-01 15:02:00,NRC,40.66999816894531,40.66999816894531,40.66999816894531,40.66999816894531,40.66999816894531,204.0
2024-03-01 15:02:00,NRIX,13.539999961853027,13.539999961853027,13.539999961853027,13.539999961853027,13.539999961853027,506.0
2024-03-01 15:02:00,NRSN,1.9900000095367432,1.9900000095367432,2.005000114440918,1.9900000095367432,2.005000114440918,3300.0
2024-03-01 15:02:00,NRXP,0.43779999017715454,0.43779999017715454,0.4440000057220459,0.4320000112056732,0.44398999214172363,913.0
2024-03-01 15:02:00,NTLA,33.369998931884766,33.369998931884766,33.369998931884766,33.349998474121094,33.349998474121094,1124.0
2024-03-01 15:02:00,NTRA,89.23999786376953,89.23999786376953,89.29000091552734,89.05000305175781,89.05000305175781,11202.0
2024-03-01 15:02:00,NUTX,0.11389999836683273,0.11389999836683273,0.11389999836683273,0.11389999836683273,0.11389999836683273,420.0
2024-03-01 15:02:00,NUWE,0.5851410031318665,0.5851410031318665,0.5851410031318665,0.5851410031318665,0.5851410031318665,437.0
2024-03-01 15:02:00,NVAX,5.335000038146973,5.335000038146973,5.34499979019165,5.315000057220459,5.315000057220459,78764.0
2024-03-01 15:02:00,NVCR,16.084999084472656,16.084999084472656,16.09000015258789,16.040000915527344,16.040000915527344,2555.0
2024-03-01 15:02:00,NVNO,6.46999979019165,6.46999979019165,6.489999771118164,6.46999979019165,6.489999771118164,220.0
2024-03-01 15:02:00,NXTC,1.7999999523162842,1.7999999523162842,1.7999999523162842,1.7999999523162842,1.7999999523162842,276.0
2024-03-01 15:02:00,OCGN,0.9501000046730042,0.9501000046730042,0.9560009837150574,0.9501000046730042,0.9559999704360962,11778.0
2024-03-01 15:02:00,OCUL,10.65999984741211,10.65999984741211,10.65999984741211,10.649999618530273,10.649999618530273,2282.0
2024-03-01 15:02:00,OFIX,12.869999885559082,12.869999885559082,12.920000076293945,12.869999885559082,12.920000076293945,3366.0
2024-03-01 15:02:00,OGI,2.184999942779541,2.184999942779541,2.184999942779541,2.180000066757202,2.184999942779541,1033.0
2024-03-01 15:02:00,OLK,22.969999313354492,22.969999313354492,22.969999313354492,22.959999084472656,22.959999084472656,2818.0
2024-03-01 15:02:00,OLMA,14.679800033569336,14.679800033569336,14.765000343322754,14.65999984741211,14.765000343322754,4442.0
2024-03-01 15:02:00,OM,3.184999942779541,3.184999942779541,3.184999942779541,3.180000066757202,3.180000066757202,1217.0
2024-03-01 15:02:00,OMCL,26.575000762939453,26.575000762939453,26.579999923706055,26.540000915527344,26.540000915527344,1863.0
2024-03-01 15:02:00,OMGA,4.409800052642822,4.409800052642822,4.409800052642822,4.385000228881836,4.389999866485596,3729.0
2024-03-01 15:02:00,OMIC,0.5999000072479248,0.5999000072479248,0.5999000072479248,0.5999000072479248,0.5999000072479248,260.0
2024-03-01 15:03:00,AADI,1.9299999475479126,1.9299999475479126,1.9500000476837158,1.9299999475479126,1.9500000476837158,4850.0
2024-03-01 15:03:00,ABCL,5.085000038146973,5.085000038146973,5.09499979019165,5.085000038146973,5.090000152587891,14368.0
2024-03-01 15:03:00,ABEO,7.71999979019165,7.71999979019165,7.71999979019165,7.71999979019165,7.71999979019165,137.0
2024-03-01 15:03:00,ABOS,4.585000038146973,4.585000038146973,4.590000152587891,4.585000038146973,4.590000152587891,1327.0
2024-03-01 15:03:00,ABSI,5.519999980926514,5.519999980926514,5.519999980926514,5.5,5.519999980926514,59403.0
2024-03-01 15:03:00,ABUS,2.7850000858306885,2.7850000858306885,2.7899999618530273,2.7850000858306885,2.7850000858306885,5422.0
2024-03-01 15:03:00,ACAD,24.100000381469727,24.100000381469727,24.1200008392334,24.100000381469727,24.1200008392334,2383.0
2024-03-01 15:03:00,ACCD,10.055000305175781,10.055000305175781,10.069999694824219,10.039999961853027,10.0649995803833,12903.0
2024-03-01 15:03:00,ACET,2.3949999809265137,2.3949999809265137,2.4000000953674316,2.390000104904175,2.3949999809265137,705.0
2024-03-01 15:03:00,ACHC,84.06500244140625,84.06500244140625,84.11000061035156,84.06500244140625,84.11000061035156,903.0
2024-03-01 15:03:00,ACLX,67.91500091552734,67.91500091552734,67.91500091552734,67.91500091552734,67.91500091552734,457.0
2024-03-01 15:03:00,ACRS,1.2200000286102295,1.2200000286102295,1.225000023841858,1.2200000286102295,1.225000023841858,2625.0
2024-03-01 15:03:00,ADAP,1.5994000434875488,1.5994000434875488,1.5994000434875488,1.5994000434875488,1.5994000434875488,317.0
2024-03-01 15:03:00,ADIL,2.700000047683716,2.700000047683716,2.7599000930786133,2.700000047683716,2.7300000190734863,73284.0
2024-03-01 15:03:00,ADMA,5.545000076293945,5.545000076293945,5.545000076293945,5.539999961853027,5.542500019073486,2294.0
2024-03-01 15:03:00,ADPT,4.054999828338623,4.054999828338623,4.059999942779541,4.054999828338623,4.059999942779541,654.0
2024-03-01 15:03:00,ADUS,93.94999694824219,93.94999694824219,93.94999694824219,93.94999694824219,93.94999694824219,268.0
2024-03-01 15:03:00,ADVM,1.9600000381469727,1.9600000381469727,1.975000023841858,1.9600000381469727,1.975000023841858,8704.0
2024-03-01 15:03:00,AEZS,1.9144999980926514,1.9144999980926514,1.929900050163269,1.9144999980926514,1.929900050163269,934.0
2024-03-01 15:03:00,AGEN,0.6700000166893005,0.6700000166893005,0.6700999736785889,0.6700000166893005,0.6700500249862671,3123.0
2024-03-01 15:03:00,AGIO,32.25,32.25,32.369998931884766,32.25,32.35499954223633,6636.0
2024-03-01 15:03:00,AHCO,10.505000114440918,10.505000114440918,10.515000343322754,10.505000114440918,10.515000343322754,3502.0
2024-03-01 15:03:00,AIH,0.5289999842643738,0.5289999842643738,0.5289999842643738,0.522599995136261,0.5230000019073486,682.0
2024-03-01 15:03:00,AKAN,0.21310000121593475,0.21310000121593475,0.21320000290870667,0.21310000121593475,0.21320000290870667,451.0
2024-03-01 15:03:00,AKBA,1.684999942779541,1.684999942779541,1.690000057220459,1.6799999475479126,1.690000057220459,3813.0
2024-03-01 15:03:00,AKLI,0.3531999886035919,0.3531999886035919,0.3531999886035919,0.3531000018119812,0.3531000018119812,1266.0
2024-03-01 15:03:00,AKRO,28.454999923706055,28.454999923706055,28.454999923706055,28.43000030517578,28.450000762939453,2047.0
2024-03-01 15:03:00,AKYA,6.025000095367432,6.025000095367432,6.025000095367432,6.025000095367432,6.025000095367432,165.0
2024-03-01 15:03:00,ALDX,4.224999904632568,4.224999904632568,4.239999771118164,4.21999979019165,4.239999771118164,3479.0
2024-03-01 15:03:00,ALEC,7.449999809265137,7.449999809265137,7.449999809265137,7.449999809265137,7.449999809265137,1073.0
2024-03-01 15:03:00,ALGN,302.55999755859375,302.55999755859375,302.55999755859375,302.55999755859375,302.55999755859375,128.0
2024-03-01 15:03:00,ALHC,5.619999885559082,5.619999885559082,5.619999885559082,5.599999904632568,5.619900226593018,1460.0
2024-03-01 15:03:00,ALIM,3.7200000286102295,3.7200000286102295,3.7200000286102295,3.7100000381469727,3.7100000381469727,676.0
2024-03-01 15:03:00,ALKS,30.1200008392334,30.1200008392334,30.1299991607666,30.100000381469727,30.1299991607666,2407.0
2024-03-01 15:03:00,ALLK,1.659999966621399,1.659999966621399,1.659999966621399,1.6549999713897705,1.659999966621399,1503.0
2024-03-01 15:03:00,ALLO,4.980000019073486,4.980000019073486,4.989999771118164,4.980000019073486,4.989999771118164,1713.0
2024-03-01 15:03:00,ALNY,153.3800048828125,153.3800048828125,153.40499877929688,153.3800048828125,153.3800048828125,1055.0
2024-03-01 15:03:00,ALPN,35.83000183105469,35.83000183105469,35.83000183105469,35.810001373291016,35.81999969482422,1419.0
2024-03-01 15:03:00,ALT,12.050000190734863,12.050000190734863,12.050000190734863,12.020000457763672,12.039999961853027,14549.0
2024-03-01 15:03:00,ALVO,15.630000114440918,15.630000114440918,15.630000114440918,15.630000114440918,15.630000114440918,192.0
2024-03-01 15:03:00,ALXO,15.020000457763672,15.020000457763672,15.020000457763672,15.020000457763672,15.020000457763672,201.0
2024-03-01 15:03:00,AMGN,280.4150085449219,280.4150085449219,280.4800109863281,280.3599853515625,280.4800109863281,5604.0
2024-03-01 15:03:00,AMLX,18.75,18.75,18.780000686645508,18.75,18.780000686645508,1978.0
2024-03-01 15:03:00,AMPH,45.79499816894531,45.79499816894531,45.810001373291016,45.79499816894531,45.810001373291016,4297.0
2024-03-01 15:03:00,AMRN,1.0549999475479126,1.0549999475479126,1.0549999475479126,1.0499999523162842,1.0549999475479126,600.0
2024-03-01 15:03:00,ANAB,25.399999618530273,25.399999618530273,25.399999618530273,25.399999618530273,25.399999618530273,107.0
2024-03-01 15:03:00,ANGO,5.5,5.5,5.5,5.489999771118164,5.489999771118164,766.0
2024-03-01 15:03:00,ANIP,66.5999984741211,66.5999984741211,66.63999938964844,66.5999984741211,66.63999938964844,503.0
2024-03-01 15:03:00,ANNX,6.010000228881836,6.010000228881836,6.019999980926514,6.0,6.010000228881836,4478.0
2024-03-01 15:03:00,ANTX,3.0199999809265137,3.0199999809265137,3.0199999809265137,3.0199999809265137,3.0199999809265137,117.0
2024-03-01 15:03:00,APLS,64.12000274658203,64.12000274658203,64.12000274658203,64.08000183105469,64.12000274658203,1439.0
2024-03-01 15:03:00,APLT,7.070000171661377,7.070000171661377,7.070000171661377,7.070000171661377,7.070000171661377,2384.0
2024-03-01 15:03:00,APRE,8.350000381469727,8.350000381469727,8.380000114440918,8.350000381469727,8.380000114440918,386.0
2024-03-01 15:03:00,AQST,4.065000057220459,4.065000057220459,4.070000171661377,4.065000057220459,4.065000057220459,1409.0
2024-03-01 15:03:00,ARCT,39.77000045776367,39.77000045776367,39.834999084472656,39.77000045776367,39.834999084472656,861.0
2024-03-01 15:03:00,ARDX,9.475000381469727,9.475000381469727,9.484999656677246,9.47350025177002,9.484999656677246,2860.0
2024-03-01 15:03:00,ARGX,392.1000061035156,392.1000061035156,392.1000061035156,392.1000061035156,392.1000061035156,153.0
2024-03-01 15:03:00,ARQT,11.430000305175781,11.430000305175781,11.5,11.430000305175781,11.5,7973.0
2024-03-01 15:03:00,ARVN,47.72999954223633,47.72999954223633,47.84000015258789,47.72999954223633,47.83000183105469,1142.0
2024-03-01 15:03:00,ARWR,35.58000183105469,35.58000183105469,35.58000183105469,35.52000045776367,35.52000045776367,4324.0
2024-03-01 15:03:00,ASND,153.6199951171875,153.6199951171875,153.6199951171875,153.50999450683594,153.6199951171875,2853.0
2024-03-01 15:03:00,ASRT,0.8952999711036682,0.8952999711036682,0.8952999711036682,0.8952999711036682,0.8952999711036682,442.0
2024-03-01 15:03:00,ATAI,2.1407999992370605,2.1407999992370605,2.1500000953674316,2.1407999992370605,2.1500000953674316,4690.0
2024-03-01 15:03:00,ATEC,13.425000190734863,13.425000190734863,13.4350004196167,13.425000190734863,13.4350004196167,2330.0
2024-03-01 15:03:00,ATOS,1.000599980354309,1.000599980354309,1.000599980354309,1.000599980354309,1.000599980354309,5000.0
2024-03-01 15:03:00,ATRA,0.7838000059127808,0.7838000059127808,0.7838000059127808,0.7800999879837036,0.7803000211715698,16203.0
2024-03-01 15:03:00,ATRC,36.029998779296875,36.029998779296875,36.07500076293945,36.029998779296875,36.07500076293945,4374.0
2024-03-01 15:03:00,ATXI,0.15399999916553497,0.15399999916553497,0.15399999916553497,0.15399999916553497,0.15399999916553497,925.0
2024-03-01 15:03:00,ATXS,14.899999618530273,14.899999618530273,14.930000305175781,14.890000343322754,14.930000305175781,3151.0
2024-03-01 15:03:00,AUGX,4.570000171661377,4.570000171661377,4.570000171661377,4.565000057220459,4.565000057220459,200.0
2024-03-01 15:03:00,AUPH,5.789999961853027,5.789999961853027,5.804999828338623,5.789999961853027,5.800000190734863,6603.0
2024-03-01 15:03:00,AURA,9.260000228881836,9.260000228881836,9.260000228881836,9.260000228881836,9.260000228881836,242.0
2024-03-01 15:03:00,AUTL,6.270400047302246,6.270400047302246,6.309999942779541,6.269999980926514,6.304999828338623,8094.0
2024-03-01 15:03:00,AVDL,13.3100004196167,13.3100004196167,13.335000038146973,13.3100004196167,13.329999923706055,7024.0
2024-03-01 15:03:00,AVGR,4.029900074005127,4.029900074005127,4.029900074005127,3.8399999141693115,3.8399999141693115,731.0
2024-03-01 15:03:00,AVIR,4.460000038146973,4.460000038146973,4.474999904632568,4.460000038146973,4.474999904632568,2359.0
2024-03-01 15:03:00,AVTE,23.764999389648438,23.764999389648438,24.0,23.709999084472656,23.959999084472656,1885.0
2024-03-01 15:03:00,AVXL,5.349999904632568,5.349999904632568,5.360000133514404,5.349999904632568,5.360000133514404,1773.0
2024-03-01 15:03:00,AXGN,10.539999961853027,10.539999961853027,10.539999961853027,10.524999618530273,10.529999732971191,2616.0
2024-03-01 15:03:00,AXNX,67.80000305175781,67.80000305175781,67.80999755859375,67.79499816894531,67.80999755859375,1283.0
2024-03-01 15:03:00,AXSM,82.38999938964844,82.38999938964844,82.42949676513672,82.37999725341797,82.42949676513672,1237.0
2024-03-01 15:03:00,AZN,64.66500091552734,64.66500091552734,64.66999816894531,64.65499877929688,64.66500091552734,13519.0
2024-03-01 15:03:00,AZTA,66.94999694824219,66.94999694824219,66.9749984741211,66.94999694824219,66.9749984741211,1192.0
2024-03-01 15:03:00,BBIO,35.80500030517578,35.80500030517578,35.85499954223633,35.79999923706055,35.85499954223633,1808.0
2024-03-01 15:03:00,BCAB,2.8399999141693115,2.8399999141693115,2.8399999141693115,2.8399999141693115,2.8399999141693115,700.0
2024-03-01 15:03:00,BCEL,0.2655999958515167,0.2655999958515167,0.2655999958515167,0.2655999958515167,0.2655999958515167,747.0
2024-03-01 15:03:00,BCRX,5.659999847412109,5.659999847412109,5.679999828338623,5.659999847412109,5.679999828338623,11831.0
2024-03-01 15:03:00,BCYC,25.739999771118164,25.739999771118164,25.825000762939453,25.739999771118164,25.825000762939453,1662.0
2024-03-01 15:03:00,BDSX,1.590000033378601,1.590000033378601,1.590000033378601,1.590000033378601,1.590000033378601,152.0
2024-03-01 15:03:00,BDTX,4.670000076293945,4.670000076293945,4.699999809265137,4.670000076293945,4.699999809265137,6709.0
2024-03-01 15:03:00,BEAM,39.959999084472656,39.959999084472656,40.0,39.91999816894531,39.97999954223633,5164.0
2024-03-01 15:03:00,BFRI,0.8799999952316284,0.8799999952316284,0.8799999952316284,0.870199978351593,0.870199978351593,16959.0
2024-03-01 15:03:00,BGNE,165.69000244140625,165.69000244140625,165.69000244140625,165.69000244140625,165.69000244140625,181.0
2024-03-01 15:03:00,BGXX,0.25780001282691956,0.25780001282691956,0.25780001282691956,0.25780001282691956,0.25780001282691956,2000.0
2024-03-01 15:03:00,BIIB,221.07000732421875,221.07000732421875,221.25999450683594,221.07000732421875,221.25999450683594,2285.0
2024-03-01 15:03:00,BIOL,0.14489999413490295,0.14489999413490295,0.14489999413490295,0.14480000734329224,0.14480000734329224,8100.0
2024-03-01 15:03:00,BIVI,2.0,2.0,2.009999990463257,1.9900000095367432,1.9900000095367432,11700.0
2024-03-01 15:03:00,BLUE,1.5700000524520874,1.5700000524520874,1.5700000524520874,1.5700000524520874,1.5700000524520874,6024.0
2024-03-01 15:03:00,BMEA,18.079999923706055,18.079999923706055,18.100000381469727,18.079999923706055,18.100000381469727,2360.0
2024-03-01 15:03:00,BMRA,1.2000000476837158,1.2000000476837158,1.2000000476837158,1.2000000476837158,1.2000000476837158,101.0
2024-03-01 15:03:00,BMRN,87.7300033569336,87.7300033569336,87.7300033569336,87.68000030517578,87.70999908447266,3882.0
2024-03-01 15:03:00,BNGO,1.2621999979019165,1.2621999979019165,1.2621999979019165,1.2621999979019165,1.2621999979019165,464.0
2024-03-01 15:03:00,BNR,0.8206999897956848,0.8206999897956848,0.8206999897956848,0.8206999897956848,0.8206999897956848,163.0
2024-03-01 15:03:00,BPMC,96.08000183105469,96.08000183105469,96.18000030517578,96.08000183105469,96.18000030517578,1371.0
2024-03-01 15:03:00,BRKR,88.68499755859375,88.68499755859375,88.76000213623047,88.68499755859375,88.76000213623047,1364.0
2024-03-01 15:03:00,BTAI,3.2149999141693115,3.2149999141693115,3.2149999141693115,3.2100000381469727,3.2100000381469727,8614.0
2024-03-01 15:03:00,BWAY,6.53000020980835,6.53000020980835,6.53000020980835,6.53000020980835,6.53000020980835,187.0
2024-03-01 15:03:00,CABA,23.954999923706055,23.954999923706055,23.959999084472656,23.950000762939453,23.950000762939453,1592.0
2024-03-01 15:03:00,CAPR,4.505000114440918,4.505000114440918,4.505000114440918,4.489999771118164,4.505000114440918,787.0
2024-03-01 15:03:00,CARA,0.944599986076355,0.944599986076355,0.9498999714851379,0.944599986076355,0.9495999813079834,465.0
2024-03-01 15:03:00,CBAY,32.22999954223633,32.22999954223633,32.22999954223633,32.220001220703125,32.220001220703125,3784.0
2024-03-01 15:03:00,CCCC,10.989999771118164,10.989999771118164,11.005000114440918,10.984999656677246,11.0,1021.0
2024-03-01 15:03:00,CCRN,18.299999237060547,18.299999237060547,18.309999465942383,18.299999237060547,18.309999465942383,2612.0
2024-03-01 15:03:00,CDMO,8.199999809265137,8.199999809265137,8.21500015258789,8.199999809265137,8.21500015258789,375.0
2024-03-01 15:03:00,CDNA,12.439900398254395,12.439900398254395,12.510000228881836,12.439900398254395,12.5,7550.0
2024-03-01 15:03:00,CDXS,4.630000114440918,4.630000114440918,4.65500020980835,4.619999885559082,4.65500020980835,6245.0
2024-03-01 15:03:00,CELC,17.059999465942383,17.059999465942383,17.059999465942383,16.969999313354492,16.969999313354492,390.0
2024-03-01 15:03:00,CELU,3.569999933242798,3.569999933242798,3.569999933242798,3.569999933242798,3.569999933242798,121.0
2024-03-01 15:03:00,CERE,41.064998626708984,41.064998626708984,41.08000183105469,41.064998626708984,41.08000183105469,5485.0
2024-03-01 15:03:00,CERS,2.180000066757202,2.180000066757202,2.180000066757202,2.180000066757202,2.180000066757202,20198.0
2024-03-01 15:03:00,CERT,18.239999771118164,18.239999771118164,18.25,18.239999771118164,18.25,301.0
2024-03-01 15:03:00,CGC,3.190000057220459,3.190000057220459,3.20989990234375,3.190000057220459,3.20989990234375,15834.0
2024-03-01 15:03:00,CGEM,18.770000457763672,18.770000457763672,18.770000457763672,18.770000457763672,18.770000457763672,815.0
2024-03-01 15:03:00,CGEN,2.680000066757202,2.680000066757202,2.684999942779541,2.680000066757202,2.684999942779541,1177.0
2024-03-01 15:03:00,CHRS,2.4100000858306885,2.4100000858306885,2.4149999618530273,2.4100000858306885,2.4149999618530273,2178.0
2024-03-01 15:03:00,CKPT,2.190000057220459,2.190000057220459,2.190000057220459,2.190000057220459,2.190000057220459,297.0
2024-03-01 15:03:00,CLDX,52.470001220703125,52.470001220703125,52.5099983215332,52.470001220703125,52.5099983215332,814.0
2024-03-01 15:03:00,CLNN,0.3849000036716461,0.3849000036716461,0.38499999046325684,0.3849000036716461,0.38499999046325684,2131.0
2024-03-01 15:03:00,CLOV,0.8650000095367432,0.8650000095367432,0.8650500178337097,0.8650000095367432,0.8650000095367432,5847.0
2024-03-01 15:03:00,CLPT,6.559999942779541,6.559999942779541,6.559999942779541,6.559999942779541,6.559999942779541,107.0
2024-03-01 15:03:00,CLRB,4.114999771118164,4.114999771118164,4.114999771118164,4.114999771118164,4.114999771118164,200.0
2024-03-01 15:03:00,CLSD,1.3895000219345093,1.3895000219345093,1.3895000219345093,1.3895000219345093,1.3895000219345093,258.0
2024-03-01 15:03:00,CMMB,0.6597999930381775,0.6597999930381775,0.6597999930381775,0.6597999930381775,0.6597999930381775,266.0
2024-03-01 15:03:00,CMPS,11.659099578857422,11.659099578857422,11.662500381469727,11.659099578857422,11.662500381469727,929.0
2024-03-01 15:03:00,CMPX,1.899999976158142,1.899999976158142,1.899999976158142,1.899999976158142,1.899999976158142,189.0
2024-03-01 15:03:00,CNSP,0.328900009393692,0.328900009393692,0.328900009393692,0.328900009393692,0.328900009393692,15012.0
2024-03-01 15:03:00,CNTG,0.6855000257492065,0.6855000257492065,0.6855000257492065,0.6855000257492065,0.6855000257492065,774.0
2024-03-01 15:03:00,COGT,7.184999942779541,7.184999942779541,7.190000057220459,7.184999942779541,7.190000057220459,3014.0
2024-03-01 15:03:00,COLL,36.7599983215332,36.7599983215332,36.77000045776367,36.7599983215332,36.77000045776367,1545.0
2024-03-01 15:03:00,CORT,24.280000686645508,24.280000686645508,24.299999237060547,24.280000686645508,24.299999237060547,2121.0
2024-03-01 15:03:00,CPRX,17.100000381469727,17.100000381469727,17.135000228881836,17.079999923706055,17.1299991607666,5514.0
2024-03-01 15:03:00,CPSI,9.369999885559082,9.369999885559082,9.369999885559082,9.359999656677246,9.359999656677246,758.0
2024-03-01 15:03:00,CRBP,32.320098876953125,32.320098876953125,32.320098876953125,32.320098876953125,32.320098876953125,210.0
2024-03-01 15:03:00,CRBU,7.860000133514404,7.860000133514404,7.90500020980835,7.860000133514404,7.90500020980835,7060.0
2024-03-01 15:03:00,CRDF,2.6600000858306885,2.6600000858306885,2.740000009536743,2.619999885559082,2.7076001167297363,208430.0
2024-03-01 15:03:00,CRDL,1.9591000080108643,1.9591000080108643,1.9591000080108643,1.9591000080108643,1.9591000080108643,111.0
2024-03-01 15:03:00,CRMD,3.690000057220459,3.690000057220459,3.690000057220459,3.690000057220459,3.690000057220459,379.0
2024-03-01 15:03:00,CRNX,46.0099983215332,46.0099983215332,46.040000915527344,46.0099983215332,46.040000915527344,2158.0
2024-03-01 15:03:00,CRON,2.0299999713897705,2.0299999713897705,2.0299999713897705,2.0250000953674316,2.0299999713897705,18456.0
2024-03-01 15:03:00,CRSP,84.9000015258789,84.9000015258789,85.1050033569336,84.9000015258789,85.1050033569336,5724.0
2024-03-01 15:03:00,CRVS,2.180000066757202,2.180000066757202,2.180000066757202,2.180000066757202,2.180000066757202,152.0
2024-03-01 15:03:00,CSTL,19.764999389648438,19.764999389648438,19.790000915527344,19.764999389648438,19.790000915527344,773.0
2024-03-01 15:03:00,CTKB,9.050000190734863,9.050000190734863,9.079999923706055,9.050000190734863,9.079999923706055,9217.0
2024-03-01 15:03:00,CTMX,2.5,2.5,2.5,2.494999885559082,2.5,700.0
2024-03-01 15:03:00,CUE,2.1600000858306885,2.1600000858306885,2.174999952316284,2.1600000858306885,2.174999952316284,2788.0
2024-03-01 15:03:00,CVAC,3.4590001106262207,3.4590001106262207,3.4590001106262207,3.450000047683716,3.450000047683716,508.0
2024-03-01 15:03:00,CYTK,73.7699966430664,73.7699966430664,73.91999816894531,73.70999908447266,73.91999816894531,10654.0
2024-03-01 15:03:00,DAWN,17.700000762939453,17.700000762939453,17.709999084472656,17.68000030517578,17.709999084472656,5515.0
2024-03-01 15:03:00,DCGO,4.110000133514404,4.110000133514404,4.114999771118164,4.099999904632568,4.110000133514404,11663.0
2024-03-01 15:03:00,DCPH,17.485000610351562,17.485000610351562,17.485000610351562,17.485000610351562,17.485000610351562,130.0
2024-03-01 15:03:00,DH,8.890000343322754,8.890000343322754,8.899999618530273,8.880000114440918,8.890000343322754,3141.0
2024-03-01 15:03:00,DMTK,0.8400999903678894,0.8400999903678894,0.8499000072479248,0.8399999737739563,0.8499000072479248,4026.0
2024-03-01 15:03:00,DNLI,21.110000610351562,21.110000610351562,21.170000076293945,21.110000610351562,21.170000076293945,2649.0
2024-03-01 15:03:00,DSGN,2.869999885559082,2.869999885559082,2.869999885559082,2.869999885559082,2.869999885559082,365.0
2024-03-01 15:03:00,DTIL,12.489999771118164,12.489999771118164,12.649999618530273,12.489999771118164,12.649999618530273,1204.0
2024-03-01 15:03:00,DVAX,12.8100004196167,12.8100004196167,12.8100004196167,12.805000305175781,12.805000305175781,1158.0
2024-03-01 15:03:00,DXCM,121.11000061035156,121.11000061035156,121.16999816894531,121.0999984741211,121.1500015258789,4711.0
2024-03-01 15:03:00,DYN,29.05500030517578,29.05500030517578,29.115400314331055,29.05500030517578,29.115400314331055,2362.0
2024-03-01 15:03:00,EDIT,10.824999809265137,10.824999809265137,10.84000015258789,10.819999694824219,10.84000015258789,5564.0
2024-03-01 15:03:00,EFTR,16.166000366210938,16.166000366210938,16.166000366210938,16.100000381469727,16.100000381469727,763.0
2024-03-01 15:03:00,ELEV,5.110000133514404,5.110000133514404,5.110000133514404,5.070000171661377,5.083700180053711,10800.0
2024-03-01 15:03:00,EMBC,14.289999961853027,14.289999961853027,14.289999961853027,14.289999961853027,14.289999961853027,399.0
2024-03-01 15:03:00,ENSG,121.2699966430664,121.2699966430664,121.28500366210938,121.2699966430664,121.28500366210938,385.0
2024-03-01 15:03:00,ENTA,15.59000015258789,15.59000015258789,15.59000015258789,15.569999694824219,15.569999694824219,322.0
2024-03-01 15:03:00,ENVB,1.51010000705719,1.51010000705719,1.5299999713897705,1.4900000095367432,1.5199999809265137,15060.0
2024-03-01 15:03:00,EOLS,14.789999961853027,14.789999961853027,14.789999961853027,14.789999961853027,14.789999961853027,4436.0
2024-03-01 15:03:00,EPIX,9.46500015258789,9.46500015258789,9.46500015258789,9.46500015258789,9.46500015258789,174.0
2024-03-01 15:03:00,EQ,2.4700000286102295,2.4700000286102295,2.4700000286102295,2.4700000286102295,2.4700000286102295,418.0
2024-03-01 15:03:00,ERAS,2.505000114440918,2.505000114440918,2.505000114440918,2.5,2.5,540.0
2024-03-01 15:03:00,ESPR,2.5583999156951904,2.5583999156951904,2.5583999156951904,2.5450000762939453,2.555000066757202,27082.0
2024-03-01 15:03:00,ESTA,44.34000015258789,44.34000015258789,44.44499969482422,44.34000015258789,44.44499969482422,2776.0
2024-03-01 15:03:00,ETNB,12.739999771118164,12.739999771118164,12.75,12.739999771118164,12.75,3489.0
2024-03-01 15:03:00,EVGN,0.9700000286102295,0.9700000286102295,0.9798009991645813,0.9700000286102295,0.9798009991645813,1800.0
2024-03-01 15:03:00,EWTX,16.899999618530273,16.899999618530273,16.940000534057617,16.899999618530273,16.940000534057617,742.0
2024-03-01 15:03:00,EXAI,6.630000114440918,6.630000114440918,6.639999866485596,6.630000114440918,6.639999866485596,2410.0
2024-03-01 15:03:00,EXAS,59.89500045776367,59.89500045776367,59.94499969482422,59.880001068115234,59.94499969482422,4526.0
2024-03-01 15:03:00,EXEL,22.299999237060547,22.299999237060547,22.299999237060547,22.299999237060547,22.299999237060547,2996.0
2024-03-01 15:03:00,EYEN,2.359999895095825,2.359999895095825,2.369999885559082,2.359999895095825,2.369999885559082,930.0
2024-03-01 15:03:00,EYPT,27.899999618530273,27.899999618530273,27.899999618530273,27.899999618530273,27.899999618530273,220.0
2024-03-01 15:03:00,FATE,7.71019983291626,7.71019983291626,7.734499931335449,7.71019983291626,7.734499931335449,14613.0
2024-03-01 15:03:00,FDMT,29.299999237060547,29.299999237060547,29.315000534057617,29.290000915527344,29.309999465942383,1173.0
2024-03-01 15:03:00,FEMY,1.725000023841858,1.725000023841858,1.725000023841858,1.725000023841858,1.725000023841858,749.0
2024-03-01 15:03:00,FGEN,1.8250000476837158,1.8250000476837158,1.840000033378601,1.8250000476837158,1.8350000381469727,7260.0
2024-03-01 15:03:00,FLGT,22.985000610351562,22.985000610351562,23.03499984741211,22.985000610351562,23.020000457763672,6177.0
2024-03-01 15:03:00,FOLD,13.305000305175781,13.305000305175781,13.3149995803833,13.305000305175781,13.305000305175781,6467.0
2024-03-01 15:03:00,FULC,11.0,11.0,11.0,11.0,11.0,879.0
2024-03-01 15:03:00,FUSN,12.15999984741211,12.15999984741211,12.1899995803833,12.15999984741211,12.175000190734863,1769.0
2024-03-01 15:03:00,GBIO,2.619999885559082,2.619999885559082,2.619999885559082,2.619999885559082,2.619999885559082,200.0
2024-03-01 15:03:00,GDRX,8.430000305175781,8.430000305175781,8.444999694824219,8.430000305175781,8.440099716186523,5883.0
2024-03-01 15:03:00,GENE,2.3499999046325684,2.3499999046325684,2.3499999046325684,2.3499999046325684,2.3499999046325684,600.0
2024-03-01 15:03:00,GERN,2.244999885559082,2.244999885559082,2.244999885559082,2.240000009536743,2.242000102996826,6935.0
2024-03-01 15:03:00,GH,19.045000076293945,19.045000076293945,19.06999969482422,19.045000076293945,19.06999969482422,3442.0
2024-03-01 15:03:00,GILD,72.51499938964844,72.51499938964844,72.5199966430664,72.50499725341797,72.5199966430664,4457.0
2024-03-01 15:03:00,GLPG,35.04999923706055,35.04999923706055,35.04999923706055,35.04999923706055,35.04999923706055,767.0
2024-03-01 15:03:00,GLTO,0.8389000296592712,0.8389000296592712,0.8389000296592712,0.819599986076355,0.819599986076355,21563.0
2024-03-01 15:03:00,GMAB,29.344999313354492,29.344999313354492,29.350000381469727,29.34000015258789,29.350000381469727,1871.0
2024-03-01 15:03:00,GMDA,0.3801000118255615,0.3801000118255615,0.3801000118255615,0.3801000118255615,0.3801000118255615,10000.0
2024-03-01 15:03:00,GNPX,4.650000095367432,4.650000095367432,4.650000095367432,4.650000095367432,4.650000095367432,1098.0
2024-03-01 15:03:00,GOSS,1.4199999570846558,1.4199999570846558,1.4199999570846558,1.4199999570846558,1.4199999570846558,104.0
2024-03-01 15:03:00,GRFS,6.994999885559082,6.994999885559082,7.0,6.994999885559082,7.0,2271.0
2024-03-01 15:03:00,GRPH,3.390000104904175,3.390000104904175,3.390000104904175,3.390000104904175,3.390000104904175,344.0
2024-03-01 15:03:00,GRTS,2.0950000286102295,2.0950000286102295,2.099900007247925,2.090100049972534,2.0950000286102295,12656.0
2024-03-01 15:03:00,GTHX,3.799999952316284,3.799999952316284,3.801500082015991,3.7950000762939453,3.799999952316284,7677.0
2024-03-01 15:03:00,HALO,41.11000061035156,41.11000061035156,41.14500045776367,41.11000061035156,41.13999938964844,2388.0
2024-03-01 15:03:00,HARP,22.94499969482422,22.94499969482422,22.94499969482422,22.940000534057617,22.940000534057617,562.0
2024-03-01 15:03:00,HCAT,8.100000381469727,8.100000381469727,8.125,8.09000015258789,8.119999885559082,5884.0
2024-03-01 15:03:00,HCM,15.135000228881836,15.135000228881836,15.140000343322754,15.119999885559082,15.140000343322754,1130.0
2024-03-01 15:03:00,HCSG,12.806699752807617,12.806699752807617,12.829999923706055,12.800000190734863,12.824999809265137,3057.0
2024-03-01 15:03:00,HEPA,3.130000114440918,3.130000114440918,3.130000114440918,3.130000114440918,3.130000114440918,276.0
2024-03-01 15:03:00,HLTH,0.26159998774528503,0.26159998774528503,0.26159998774528503,0.26159998774528503,0.26159998774528503,200.0
2024-03-01 15:03:00,HOLX,74.31999969482422,74.31999969482422,74.31999969482422,74.30999755859375,74.30999755859375,1368.0
2024-03-01 15:03:00,HOWL,7.050000190734863,7.050000190734863,7.105000019073486,7.050000190734863,7.105000019073486,1754.0
2024-03-01 15:03:00,HQY,81.41000366210938,81.41000366210938,81.4800033569336,81.41000366210938,81.4800033569336,2326.0
2024-03-01 15:03:00,HRMY,31.6200008392334,31.6200008392334,31.6200008392334,31.6200008392334,31.6200008392334,764.0
2024-03-01 15:03:00,HROW,10.90999984741211,10.90999984741211,10.920000076293945,10.90999984741211,10.920000076293945,622.0
2024-03-01 15:03:00,HRTX,2.5899999141693115,2.5899999141693115,2.6050000190734863,2.5899999141693115,2.6050000190734863,13152.0
2024-03-01 15:03:00,HSIC,76.94999694824219,76.94999694824219,76.94999694824219,76.94000244140625,76.94999694824219,1204.0
2024-03-01 15:03:00,HUMA,3.2149999141693115,3.2149999141693115,3.2249999046325684,3.2149999141693115,3.220099925994873,17111.0
2024-03-01 15:03:00,IART,36.2400016784668,36.2400016784668,36.244998931884766,36.22999954223633,36.24100112915039,3245.0
2024-03-01 15:03:00,IBRX,4.849999904632568,4.849999904632568,4.849999904632568,4.849999904632568,4.849999904632568,1012.0
2024-03-01 15:03:00,ICCM,1.284999966621399,1.284999966621399,1.284999966621399,1.2799999713897705,1.2799999713897705,200.0
2024-03-01 15:03:00,ICLR,324.3399963378906,324.3399963378906,324.4599914550781,324.29998779296875,324.42999267578125,1339.0
2024-03-01 15:03:00,ICUI,105.88500213623047,105.88500213623047,106.04000091552734,105.88500213623047,106.04000091552734,1828.0
2024-03-01 15:03:00,IDXX,578.8200073242188,578.8200073242188,578.8200073242188,578.8200073242188,578.8200073242188,186.0
2024-03-01 15:03:00,IDYA,46.220001220703125,46.220001220703125,46.310001373291016,46.220001220703125,46.310001373291016,4390.0
2024-03-01 15:03:00,IGMS,12.9399995803833,12.9399995803833,13.0,12.9399995803833,13.0,638.0
2024-03-01 15:03:00,IINN,1.690000057220459,1.690000057220459,1.690000057220459,1.690000057220459,1.690000057220459,3216.0
2024-03-01 15:03:00,ILMN,141.02999877929688,141.02999877929688,141.22500610351562,141.02999877929688,141.22500610351562,11387.0
2024-03-01 15:03:00,IMMX,3.505000114440918,3.505000114440918,3.505000114440918,3.5,3.5,203.0
2024-03-01 15:03:00,IMNM,25.290000915527344,25.290000915527344,25.290000915527344,25.260000228881836,25.290000915527344,922.0
2024-03-01 15:03:00,IMTX,12.779999732971191,12.779999732971191,12.779999732971191,12.779999732971191,12.779999732971191,498.0
2024-03-01 15:03:00,IMUX,1.4700000286102295,1.4700000286102295,1.4700000286102295,1.4700000286102295,1.4700000286102295,104.0
2024-03-01 15:03:00,IMVT,35.61000061035156,35.61000061035156,35.665000915527344,35.61000061035156,35.665000915527344,1644.0
2024-03-01 15:03:00,INBX,36.5,36.5,36.5,36.5,36.5,1882.0
2024-03-01 15:03:00,INCY,59.029998779296875,59.029998779296875,59.04999923706055,59.029998779296875,59.037498474121094,6462.0
2024-03-01 15:03:00,INGN,6.790299892425537,6.790299892425537,6.800000190734863,6.78000020980835,6.78000020980835,2384.0
2024-03-01 15:03:00,INMD,22.910400390625,22.910400390625,22.954999923706055,22.90999984741211,22.920000076293945,30619.0
2024-03-01 15:03:00,INO,9.5600004196167,9.5600004196167,9.589400291442871,9.5600004196167,9.589400291442871,3701.0
2024-03-01 15:03:00,INSM,28.049999237060547,28.049999237060547,28.09000015258789,28.049999237060547,28.09000015258789,4038.0
2024-03-01 15:03:00,INVA,15.380000114440918,15.380000114440918,15.395000457763672,15.380000114440918,15.390000343322754,1257.0
2024-03-01 15:03:00,INZY,6.590000152587891,6.590000152587891,6.599999904632568,6.590000152587891,6.599999904632568,1243.0
2024-03-01 15:03:00,IONS,45.810001373291016,45.810001373291016,45.83000183105469,45.79999923706055,45.81999969482422,2928.0
2024-03-01 15:03:00,IOVA,17.024999618530273,17.024999618530273,17.05500030517578,17.020000457763672,17.05500030517578,15059.0
2024-03-01 15:03:00,IRMD,41.2599983215332,41.2599983215332,41.439998626708984,41.2599983215332,41.439998626708984,623.0
2024-03-01 15:03:00,IRTC,121.33000183105469,121.33000183105469,121.33000183105469,121.31939697265625,121.31939697265625,734.0
2024-03-01 15:03:00,IRWD,8.975000381469727,8.975000381469727,8.979999542236328,8.96500015258789,8.96500015258789,18674.0
2024-03-01 15:03:00,ISPC,0.460301011800766,0.460301011800766,0.460301011800766,0.460301011800766,0.460301011800766,352.0
2024-03-01 15:03:00,ISRG,397.2099914550781,397.2099914550781,397.2099914550781,397.0,397.0350036621094,3415.0
2024-03-01 15:03:00,ITCI,71.97000122070312,71.97000122070312,71.98500061035156,71.97000122070312,71.98500061035156,678.0
2024-03-01 15:03:00,IVVD,3.9800000190734863,3.9800000190734863,3.990000009536743,3.9800000190734863,3.990000009536743,849.0
2024-03-01 15:03:00,IXHL,5.610000133514404,5.610000133514404,5.618500232696533,5.599999904632568,5.599999904632568,1682.0
2024-03-01 15:03:00,JAGX,0.08989900350570679,0.08989900350570679,0.09070000052452087,0.08799999952316284,0.09000000357627869,374838.0
2024-03-01 15:03:00,JANX,46.03499984741211,46.03499984741211,46.06999969482422,46.03499984741211,46.040000915527344,1069.0
2024-03-01 15:03:00,JAZZ,119.13999938964844,119.13999938964844,119.1500015258789,119.13999938964844,119.13999938964844,1404.0
2024-03-01 15:03:00,JYNT,10.0600004196167,10.0600004196167,10.069999694824219,10.0600004196167,10.069999694824219,400.0
2024-03-01 15:03:00,KALV,14.0649995803833,14.0649995803833,14.149999618530273,14.0649995803833,14.149999618530273,6278.0
2024-03-01 15:03:00,KIDS,27.690000534057617,27.690000534057617,27.690000534057617,27.690000534057617,27.690000534057617,412.0
2024-03-01 15:03:00,KNSA,21.8799991607666,21.8799991607666,21.895000457763672,21.8799991607666,21.889999389648438,2904.0
2024-03-01 15:03:00,KNTE,2.609999895095825,2.609999895095825,2.609999895095825,2.609999895095825,2.609999895095825,1325.0
2024-03-01 15:03:00,KOD,6.019899845123291,6.019899845123291,6.050000190734863,6.014999866485596,6.050000190734863,2774.0
2024-03-01 15:03:00,KPTI,1.1799999475479126,1.1799999475479126,1.190000057220459,1.1799999475479126,1.190000057220459,1138.0
2024-03-01 15:03:00,KROS,69.05000305175781,69.05000305175781,69.37999725341797,69.05000305175781,69.37999725341797,1224.0
2024-03-01 15:03:00,KRTX,315.80499267578125,315.80499267578125,315.80499267578125,315.80499267578125,315.80499267578125,348.0
2024-03-01 15:03:00,KRYS,169.02999877929688,169.02999877929688,169.2899932861328,169.02999877929688,169.2899932861328,1370.0
2024-03-01 15:03:00,KURA,21.8799991607666,21.8799991607666,21.8799991607666,21.8799991607666,21.8799991607666,335.0
2024-03-01 15:03:00,KYMR,43.724998474121094,43.724998474121094,43.7400016784668,43.724998474121094,43.73500061035156,762.0
2024-03-01 15:03:00,KZIA,0.24650000035762787,0.24650000035762787,0.24650000035762787,0.2410999983549118,0.2410999983549118,2500.0
2024-03-01 15:03:00,KZR,1.0549999475479126,1.0549999475479126,1.0549999475479126,1.0549999475479126,1.0549999475479126,209.0
2024-03-01 15:03:00,LAB,2.4649999141693115,2.4649999141693115,2.4649999141693115,2.4649999141693115,2.4649999141693115,447.0
2024-03-01 15:03:00,LABP,6.324999809265137,6.324999809265137,6.324999809265137,6.324999809265137,6.324999809265137,125.0
2024-03-01 15:03:00,LBPH,21.75,21.75,21.75,21.709999084472656,21.709999084472656,976.0
2024-03-01 15:03:00,LEGN,65.55500030517578,65.55500030517578,65.58000183105469,65.55500030517578,65.58000183105469,1030.0
2024-03-01 15:03:00,LFMD,7.980000019073486,7.980000019073486,8.0,7.980000019073486,8.0,4627.0
2024-03-01 15:03:00,LFST,7.715000152587891,7.715000152587891,7.71999979019165,7.710000038146973,7.71999979019165,6745.0
2024-03-01 15:03:00,LGND,77.71499633789062,77.71499633789062,77.80000305175781,77.71499633789062,77.80000305175781,1468.0
2024-03-01 15:03:00,LIAN,4.869999885559082,4.869999885559082,4.869999885559082,4.869999885559082,4.869999885559082,259.0
2024-03-01 15:03:00,LIVN,55.650001525878906,55.650001525878906,55.650001525878906,55.650001525878906,55.650001525878906,209.0
2024-03-01 15:03:00,LMAT,67.94000244140625,67.94000244140625,68.02999877929688,67.94000244140625,68.02999877929688,883.0
2024-03-01 15:03:00,LNTH,64.54000091552734,64.54000091552734,64.54000091552734,64.54000091552734,64.54000091552734,913.0
2024-03-01 15:03:00,LPTX,2.859999895095825,2.859999895095825,2.869999885559082,2.859999895095825,2.869999885559082,400.0
2024-03-01 15:03:00,LQDA,14.619999885559082,14.619999885559082,14.619999885559082,14.619999885559082,14.619999885559082,536.0
2024-03-01 15:03:00,LTRN,4.130000114440918,4.130000114440918,4.139999866485596,4.130000114440918,4.139999866485596,2868.0
2024-03-01 15:03:00,LUCD,1.25,1.25,1.25,1.25,1.25,218.0
2024-03-01 15:03:00,LUNG,9.470000267028809,9.470000267028809,9.475000381469727,9.470000267028809,9.475000381469727,1469.0
2024-03-01 15:03:00,LVTX,2.755000114440918,2.755000114440918,2.7699999809265137,2.75,2.759999990463257,7626.0
2024-03-01 15:03:00,LXRX,2.5,2.5,2.5,2.4800000190734863,2.4899001121520996,16756.0
2024-03-01 15:03:00,LYRA,5.670000076293945,5.670000076293945,5.670000076293945,5.659999847412109,5.659999847412109,323.0
2024-03-01 15:03:00,MASI,127.27999877929688,127.27999877929688,127.32499694824219,127.23999786376953,127.23999786376953,666.0
2024-03-01 15:03:00,MASS,7.389999866485596,7.389999866485596,7.389999866485596,7.389999866485596,7.389999866485596,529.0
2024-03-01 15:03:00,MBRX,0.6327999830245972,0.6327999830245972,0.6327999830245972,0.6327999830245972,0.6327999830245972,890.0
2024-03-01 15:03:00,MCRB,1.2300000190734863,1.2300000190734863,1.2300000190734863,1.2201000452041626,1.2201000452041626,415.0
2024-03-01 15:03:00,MDRX,6.019999980926514,6.019999980926514,6.070000171661377,6.019999980926514,6.019999980926514,48091.0
2024-03-01 15:03:00,MDXG,8.645000457763672,8.645000457763672,8.654999732971191,8.645000457763672,8.654999732971191,3973.0
2024-03-01 15:03:00,ME,0.5541999936103821,0.5541999936103821,0.5547999739646912,0.5541999936103821,0.5547999739646912,3391.0
2024-03-01 15:03:00,MGNX,18.954999923706055,18.954999923706055,18.954999923706055,18.940099716186523,18.940099716186523,6151.0
2024-03-01 15:03:00,MIRM,29.299999237060547,29.299999237060547,29.299999237060547,29.299999237060547,29.299999237060547,210.0
2024-03-01 15:03:00,MIST,1.6950000524520874,1.6950000524520874,1.6950000524520874,1.6950000524520874,1.6950000524520874,406.0
2024-03-01 15:03:00,MLTX,50.63999938964844,50.63999938964844,50.63999938964844,50.63999938964844,50.63999938964844,139.0
2024-03-01 15:03:00,MNKD,4.539999961853027,4.539999961853027,4.539999961853027,4.53000020980835,4.53000020980835,6715.0
2024-03-01 15:03:00,MNMD,6.159999847412109,6.159999847412109,6.170100212097168,6.150000095367432,6.170000076293945,5649.0
2024-03-01 15:03:00,MNPR,0.9197999835014343,0.9197999835014343,0.9200000166893005,0.9100000262260437,0.9100000262260437,4329.0
2024-03-01 15:03:00,MODD,1.8700000047683716,1.8700000047683716,1.8700000047683716,1.8700000047683716,1.8700000047683716,300.0
2024-03-01 15:03:00,MODV,28.3799991607666,28.3799991607666,28.389999389648438,28.3799991607666,28.389999389648438,833.0
2024-03-01 15:03:00,MOR,17.639999389648438,17.639999389648438,17.649999618530273,17.639999389648438,17.649999618530273,649.0
2024-03-01 15:03:00,MORF,39.61000061035156,39.61000061035156,39.61000061035156,39.61000061035156,39.61000061035156,340.0
2024-03-01 15:03:00,MOTS,0.6626999974250793,0.6626999974250793,0.6626999974250793,0.6626999974250793,0.6626999974250793,200.0
2024-03-01 15:03:00,MREO,3.9888999462127686,3.9888999462127686,3.9888999462127686,3.984999895095825,3.984999895095825,886.0
2024-03-01 15:03:00,MRNA,95.30860137939453,95.30860137939453,95.38999938964844,95.30860137939453,95.38999938964844,2366.0
2024-03-01 15:03:00,MRNS,10.0,10.0,10.050000190734863,9.989999771118164,10.0,5250.0
2024-03-01 15:03:00,MRSN,5.954999923706055,5.954999923706055,5.989999771118164,5.954999923706055,5.985000133514404,5927.0
2024-03-01 15:03:00,MRUS,51.599998474121094,51.599998474121094,51.61000061035156,51.560001373291016,51.560001373291016,2856.0
2024-03-01 15:03:00,MRVI,7.699999809265137,7.699999809265137,7.710000038146973,7.699999809265137,7.710000038146973,2071.0
2024-03-01 15:03:00,MTEM,3.6600000858306885,3.6600000858306885,3.6600000858306885,3.6600000858306885,3.6600000858306885,100.0
2024-03-01 15:03:00,MXCT,4.739999771118164,4.739999771118164,4.744999885559082,4.739999771118164,4.744999885559082,810.0
2024-03-01 15:03:00,MYGN,22.09000015258789,22.09000015258789,22.170000076293945,22.09000015258789,22.170000076293945,3551.0
2024-03-01 15:03:00,MYNZ,0.8799999952316284,0.8799999952316284,0.8999000191688538,0.8799999952316284,0.8999000191688538,2400.0
2024-03-01 15:03:00,NARI,46.23500061035156,46.23500061035156,46.290000915527344,46.209999084472656,46.28499984741211,3904.0
2024-03-01 15:03:00,NBIX,131.9199981689453,131.9199981689453,131.94000244140625,131.9199981689453,131.94000244140625,1563.0
2024-03-01 15:03:00,NDRA,1.1613999605178833,1.1613999605178833,1.1699999570846558,1.1613999605178833,1.1699999570846558,900.0
2024-03-01 15:03:00,NEO,16.059999465942383,16.059999465942383,16.09000015258789,16.059999465942383,16.09000015258789,2410.0
2024-03-01 15:03:00,NEOG,17.344999313354492,17.344999313354492,17.385000228881836,17.34000015258789,17.385000228881836,7005.0
2024-03-01 15:03:00,NGM,1.5199999809265137,1.5199999809265137,1.5199999809265137,1.5199999809265137,1.5199999809265137,3084.0
2024-03-01 15:03:00,NNOX,10.78499984741211,10.78499984741211,10.829999923706055,10.78499984741211,10.829999923706055,4327.0
2024-03-01 15:03:00,NOTV,7.96999979019165,7.96999979019165,7.989999771118164,7.96999979019165,7.989999771118164,1279.0
2024-03-01 15:03:00,NRBO,6.25,6.25,6.25,6.25,6.25,220.0
2024-03-01 15:03:00,NRIX,13.529999732971191,13.529999732971191,13.529999732971191,13.529999732971191,13.529999732971191,222.0
2024-03-01 15:03:00,NTLA,33.29999923706055,33.29999923706055,33.36000061035156,33.29999923706055,33.36000061035156,7479.0
2024-03-01 15:03:00,NTRA,89.33000183105469,89.33000183105469,89.33000183105469,89.19999694824219,89.25,6853.0
2024-03-01 15:03:00,NUTX,0.11379999667406082,0.11379999667406082,0.11379999667406082,0.11379999667406082,0.11379999667406082,614.0
2024-03-01 15:03:00,NUVL,87.4000015258789,87.4000015258789,87.41000366210938,87.38999938964844,87.41000366210938,938.0
2024-03-01 15:03:00,NVAX,5.335000038146973,5.335000038146973,5.340000152587891,5.329999923706055,5.335000038146973,22258.0
2024-03-01 15:03:00,NVCR,16.03499984741211,16.03499984741211,16.084999084472656,16.03499984741211,16.084999084472656,3711.0
2024-03-01 15:03:00,NVOS,0.6301000118255615,0.6301000118255615,0.6316999793052673,0.6301000118255615,0.6302000284194946,2474.0
2024-03-01 15:03:00,NXTC,1.7999999523162842,1.7999999523162842,1.7999999523162842,1.7999999523162842,1.7999999523162842,300.0
2024-03-01 15:03:00,OCGN,0.9559999704360962,0.9559999704360962,0.9559999704360962,0.9559999704360962,0.9559999704360962,3163.0
2024-03-01 15:03:00,OCUL,10.654999732971191,10.654999732971191,10.664999961853027,10.649999618530273,10.664999961853027,4037.0
2024-03-01 15:03:00,OCUP,2.4900999069213867,2.4900999069213867,2.4900999069213867,2.490000009536743,2.490000009536743,2977.0
2024-03-01 15:03:00,OFIX,12.875,12.875,12.875,12.875,12.875,167.0
2024-03-01 15:03:00,OGI,2.170099973678589,2.170099973678589,2.184999942779541,2.1700000762939453,2.184999942779541,7292.0
2024-03-01 15:03:00,OLK,22.989999771118164,22.989999771118164,22.989999771118164,22.985000610351562,22.985000610351562,1125.0
2024-03-01 15:03:00,OM,3.180000066757202,3.180000066757202,3.180299997329712,3.180000066757202,3.180299997329712,637.0
2024-03-01 15:03:00,OMCL,26.56999969482422,26.56999969482422,26.56999969482422,26.56999969482422,26.56999969482422,739.0
2024-03-01 15:03:00,OMER,4.78000020980835,4.78000020980835,4.78000020980835,4.78000020980835,4.78000020980835,2093.0
2024-03-01 15:04:00,ABCL,5.079999923706055,5.079999923706055,5.085000038146973,5.079999923706055,5.085000038146973,1364.0
2024-03-01 15:04:00,ABEO,7.739999771118164,7.739999771118164,7.78410005569458,7.730000019073486,7.730000019073486,1137.0
2024-03-01 15:04:00,ABOS,4.579999923706055,4.579999923706055,4.579999923706055,4.579999923706055,4.579999923706055,1311.0
2024-03-01 15:04:00,ABSI,5.514999866485596,5.514999866485596,5.529200077056885,5.514999866485596,5.525000095367432,5387.0
2024-03-01 15:04:00,ABUS,2.7799999713897705,2.7799999713897705,2.7850000858306885,2.7799999713897705,2.7850000858306885,1589.0
2024-03-01 15:04:00,ACAD,24.079999923706055,24.079999923706055,24.100000381469727,24.079999923706055,24.100000381469727,1499.0
2024-03-01 15:04:00,ACB,3.180000066757202,3.180000066757202,3.184999942779541,3.180000066757202,3.184999942779541,1995.0
2024-03-01 15:04:00,ACCD,10.039999961853027,10.039999961853027,10.055000305175781,10.03499984741211,10.055000305175781,1981.0
2024-03-01 15:04:00,ACET,2.3949999809265137,2.3949999809265137,2.3949999809265137,2.390000104904175,2.3949999809265137,5087.0
2024-03-01 15:04:00,ACHC,84.06500244140625,84.06500244140625,84.06500244140625,84.0199966430664,84.0199966430664,395.0
2024-03-01 15:04:00,ACHL,1.375,1.375,1.375,1.375,1.375,221.0
2024-03-01 15:04:00,ACHV,4.399899959564209,4.399899959564209,4.400000095367432,4.399899959564209,4.400000095367432,2816.0
2024-03-01 15:04:00,ACLX,67.86000061035156,67.86000061035156,67.87000274658203,67.86000061035156,67.87000274658203,334.0
2024-03-01 15:04:00,ACRS,1.225000023841858,1.225000023841858,1.2274999618530273,1.2200000286102295,1.2200000286102295,1300.0
2024-03-01 15:04:00,ADIL,2.759999990463257,2.759999990463257,2.7799999713897705,2.700000047683716,2.700000047683716,42426.0
2024-03-01 15:04:00,ADMA,5.534999847412109,5.534999847412109,5.548500061035156,5.525000095367432,5.539999961853027,26153.0
2024-03-01 15:04:00,ADPT,4.045000076293945,4.045000076293945,4.054999828338623,4.045000076293945,4.050000190734863,5315.0
2024-03-01 15:04:00,ADTX,3.4200000762939453,3.4200000762939453,3.4200000762939453,3.4200000762939453,3.4200000762939453,415.0
2024-03-01 15:04:00,ADUS,93.8949966430664,93.8949966430664,93.95500183105469,93.8949966430664,93.95500183105469,457.0
2024-03-01 15:04:00,ADVM,1.9600000381469727,1.9600000381469727,1.9600000381469727,1.9600000381469727,1.9600000381469727,100.0
2024-03-01 15:04:00,AGEN,0.6700500249862671,0.6700500249862671,0.6700999736785889,0.6700000166893005,0.6700500249862671,5707.0
2024-03-01 15:04:00,AGIO,32.244998931884766,32.244998931884766,32.26499938964844,32.2400016784668,32.25,1411.0
2024-03-01 15:04:00,AGRX,0.8299999833106995,0.8299999833106995,0.8299999833106995,0.8299999833106995,0.8299999833106995,110.0
2024-03-01 15:04:00,AHCO,10.460000038146973,10.460000038146973,10.5,10.460000038146973,10.5,5900.0
2024-03-01 15:04:00,AIRS,6.429999828338623,6.429999828338623,6.429999828338623,6.409999847412109,6.429999828338623,882.0
2024-03-01 15:04:00,AKAN,0.21070000529289246,0.21070000529289246,0.210999995470047,0.21070000529289246,0.210999995470047,316.0
2024-03-01 15:04:00,AKBA,1.684999942779541,1.684999942779541,1.690000057220459,1.684999942779541,1.684999942779541,4440.0
2024-03-01 15:04:00,AKRO,28.31999969482422,28.31999969482422,28.412700653076172,28.31999969482422,28.399999618530273,2033.0
2024-03-01 15:04:00,AKYA,6.0,6.0,6.022299766540527,6.0,6.022299766540527,1377.0
2024-03-01 15:04:00,ALDX,4.215000152587891,4.215000152587891,4.224999904632568,4.215000152587891,4.224999904632568,1088.0
2024-03-01 15:04:00,ALEC,7.434999942779541,7.434999942779541,7.434999942779541,7.434999942779541,7.434999942779541,266.0
2024-03-01 15:04:00,ALGN,302.7099914550781,302.7099914550781,302.8699951171875,302.7099914550781,302.7149963378906,2410.0
2024-03-01 15:04:00,ALHC,5.610000133514404,5.610000133514404,5.619999885559082,5.599999904632568,5.619999885559082,2742.0
2024-03-01 15:04:00,ALKS,30.1200008392334,30.1200008392334,30.1299991607666,30.110000610351562,30.110000610351562,2355.0
2024-03-01 15:04:00,ALLK,1.6549999713897705,1.6549999713897705,1.659999966621399,1.6549999713897705,1.659999966621399,929.0
2024-03-01 15:04:00,ALLO,4.965000152587891,4.965000152587891,4.980000019073486,4.960000038146973,4.980000019073486,2377.0
2024-03-01 15:04:00,ALNY,153.33999633789062,153.33999633789062,153.33999633789062,153.33999633789062,153.33999633789062,2487.0
2024-03-01 15:04:00,ALPN,35.779998779296875,35.779998779296875,35.834999084472656,35.779998779296875,35.79999923706055,1840.0
2024-03-01 15:04:00,ALT,12.057299613952637,12.057299613952637,12.057299613952637,12.050000190734863,12.050000190734863,1478.0
2024-03-01 15:04:00,AMED,93.30500030517578,93.30500030517578,93.30500030517578,93.30500030517578,93.30500030517578,250.0
2024-03-01 15:04:00,AMGN,280.3999938964844,280.3999938964844,280.42999267578125,280.3599853515625,280.3699951171875,4443.0
2024-03-01 15:04:00,AMLX,18.719999313354492,18.719999313354492,18.739999771118164,18.709999084472656,18.739999771118164,3845.0
2024-03-01 15:04:00,AMPH,45.84000015258789,45.84000015258789,45.88999938964844,45.814998626708984,45.814998626708984,3073.0
2024-03-01 15:04:00,AMRN,1.0549999475479126,1.0549999475479126,1.0549999475479126,1.0549999475479126,1.0549999475479126,11643.0
2024-03-01 15:04:00,ANGO,5.489999771118164,5.489999771118164,5.489999771118164,5.489999771118164,5.489999771118164,564.0
2024-03-01 15:04:00,ANIK,25.040000915527344,25.040000915527344,25.040000915527344,24.979999542236328,24.989999771118164,2593.0
2024-03-01 15:04:00,ANNX,6.039999961853027,6.039999961853027,6.045000076293945,6.019999980926514,6.019999980926514,3438.0
2024-03-01 15:04:00,APLS,64.08999633789062,64.08999633789062,64.0999984741211,64.06999969482422,64.08000183105469,2158.0
2024-03-01 15:04:00,APLT,7.039999961853027,7.039999961853027,7.070000171661377,7.039999961853027,7.059999942779541,6153.0
2024-03-01 15:04:00,AQST,4.069399833679199,4.069399833679199,4.070000171661377,4.060500144958496,4.070000171661377,6083.0
2024-03-01 15:04:00,ARAY,2.630000114440918,2.630000114440918,2.6384999752044678,2.630000114440918,2.6384999752044678,2431.0
2024-03-01 15:04:00,ARCT,39.73500061035156,39.73500061035156,39.75,39.73500061035156,39.7400016784668,640.0
2024-03-01 15:04:00,ARDX,9.461999893188477,9.461999893188477,9.470000267028809,9.460000038146973,9.470000267028809,3387.0
2024-03-01 15:04:00,ARGX,392.1000061035156,392.1000061035156,392.1000061035156,392.1000061035156,392.1000061035156,955.0
2024-03-01 15:04:00,ARQT,11.4399995803833,11.4399995803833,11.4399995803833,11.420100212097168,11.4350004196167,7270.0
2024-03-01 15:04:00,ARVN,47.900001525878906,47.900001525878906,47.93000030517578,47.63999938964844,47.63999938964844,8558.0
2024-03-01 15:04:00,ARWR,35.52000045776367,35.52000045776367,35.56999969482422,35.5,35.560001373291016,5555.0
2024-03-01 15:04:00,ASND,153.60000610351562,153.60000610351562,153.60000610351562,153.60000610351562,153.60000610351562,411.0
2024-03-01 15:04:00,ASRT,0.8842999935150146,0.8842999935150146,0.8956000208854675,0.8842999935150146,0.8952999711036682,8643.0
2024-03-01 15:04:00,ATAI,2.1500000953674316,2.1500000953674316,2.1500000953674316,2.140000104904175,2.1449999809265137,1005.0
2024-03-01 15:04:00,ATEC,13.425000190734863,13.425000190734863,13.425000190734863,13.425000190734863,13.425000190734863,956.0
2024-03-01 15:04:00,ATHA,3.990000009536743,3.990000009536743,3.990000009536743,3.984999895095825,3.984999895095825,200.0
2024-03-01 15:04:00,ATHE,1.8200000524520874,1.8200000524520874,1.8200000524520874,1.8200000524520874,1.8200000524520874,300.0
2024-03-01 15:04:00,ATOS,1.0099999904632568,1.0099999904632568,1.0099999904632568,1.0099999904632568,1.0099999904632568,10200.0
2024-03-01 15:04:00,ATRA,0.7802000045776367,0.7802000045776367,0.7836999893188477,0.7802000045776367,0.7836999893188477,1511.0
2024-03-01 15:04:00,ATRC,36.029998779296875,36.029998779296875,36.029998779296875,36.029998779296875,36.029998779296875,613.0
2024-03-01 15:04:00,ATXI,0.15399999916553497,0.15399999916553497,0.15399999916553497,0.15399999916553497,0.15399999916553497,200.0
2024-03-01 15:04:00,ATXS,14.895000457763672,14.895000457763672,14.899999618530273,14.895000457763672,14.899999618530273,1636.0
2024-03-01 15:04:00,AUGX,4.565000057220459,4.565000057220459,4.565000057220459,4.565000057220459,4.565000057220459,202.0
2024-03-01 15:04:00,AUPH,5.78000020980835,5.78000020980835,5.789999961853027,5.78000020980835,5.789999961853027,1260.0
2024-03-01 15:04:00,AURA,9.239999771118164,9.239999771118164,9.260000228881836,9.239999771118164,9.260000228881836,1051.0
2024-03-01 15:04:00,AUTL,6.269999980926514,6.269999980926514,6.269999980926514,6.269999980926514,6.269999980926514,547.0
2024-03-01 15:04:00,AVDL,13.300000190734863,13.300000190734863,13.319999694824219,13.300000190734863,13.319999694824219,3078.0
2024-03-01 15:04:00,AVRO,1.3200000524520874,1.3200000524520874,1.3200000524520874,1.3200000524520874,1.3200000524520874,100.0
2024-03-01 15:04:00,AVXL,5.349999904632568,5.349999904632568,5.349999904632568,5.34499979019165,5.349999904632568,1635.0
2024-03-01 15:04:00,AXNX,67.80999755859375,67.80999755859375,67.80999755859375,67.80999755859375,67.80999755859375,794.0
2024-03-01 15:04:00,AXSM,82.39800262451172,82.39800262451172,82.39800262451172,82.38999938964844,82.38999938964844,416.0
2024-03-01 15:04:00,AZN,64.67500305175781,64.67500305175781,64.68000030517578,64.66999816894531,64.66999816894531,3000.0
2024-03-01 15:04:00,AZTA,66.95999908447266,66.95999908447266,66.97000122070312,66.95999908447266,66.9697036743164,1475.0
2024-03-01 15:04:00,BBIO,35.77000045776367,35.77000045776367,35.779998779296875,35.77000045776367,35.77000045776367,1632.0
2024-03-01 15:04:00,BCAB,2.8350000381469727,2.8350000381469727,2.8399999141693115,2.8350000381469727,2.8350000381469727,1479.0
2024-03-01 15:04:00,BCDA,0.5755000114440918,0.5755000114440918,0.5755000114440918,0.5755000114440918,0.5755000114440918,100.0
2024-03-01 15:04:00,BCRX,5.659299850463867,5.659299850463867,5.659999847412109,5.65500020980835,5.65500020980835,13646.0
2024-03-01 15:04:00,BDTX,4.675000190734863,4.675000190734863,4.690000057220459,4.669000148773193,4.669000148773193,2018.0
2024-03-01 15:04:00,BEAM,39.900001525878906,39.900001525878906,39.93000030517578,39.900001525878906,39.91999816894531,1544.0
2024-03-01 15:04:00,BGNE,166.02000427246094,166.02000427246094,166.02000427246094,165.60000610351562,165.6199951171875,2755.0
2024-03-01 15:04:00,BGXX,0.2575010061264038,0.2575010061264038,0.2575010061264038,0.2575010061264038,0.2575010061264038,3041.0
2024-03-01 15:04:00,BIIB,220.99000549316406,220.99000549316406,221.0050048828125,220.89999389648438,221.0,3102.0
2024-03-01 15:04:00,BIMI,3.680000066757202,3.680000066757202,3.680000066757202,3.680000066757202,3.680000066757202,166.0
2024-03-01 15:04:00,BIOL,0.1448500007390976,0.1448500007390976,0.14489999413490295,0.14480000734329224,0.1448500007390976,20905.0
2024-03-01 15:04:00,BIOR,1.1399999856948853,1.1399999856948853,1.1399999856948853,1.1200000047683716,1.128999948501587,1521.0
2024-03-01 15:04:00,BIVI,1.9922000169754028,1.9922000169754028,2.009999990463257,1.9901000261306763,2.0072999000549316,5814.0
2024-03-01 15:04:00,BLFS,17.920000076293945,17.920000076293945,17.93000030517578,17.920000076293945,17.93000030517578,1278.0
2024-03-01 15:04:00,BLTE,46.689998626708984,46.689998626708984,46.689998626708984,46.599998474121094,46.599998474121094,2378.0
2024-03-01 15:04:00,BLUE,1.5700000524520874,1.5700000524520874,1.5800000429153442,1.5700000524520874,1.5750000476837158,4506.0
2024-03-01 15:04:00,BMEA,18.079999923706055,18.079999923706055,18.079999923706055,18.079999923706055,18.079999923706055,272.0
2024-03-01 15:04:00,BMRA,1.2000000476837158,1.2000000476837158,1.2000000476837158,1.2000000476837158,1.2000000476837158,100.0
2024-03-01 15:04:00,BMRN,87.72000122070312,87.72000122070312,87.75499725341797,87.72000122070312,87.75,1808.0
2024-03-01 15:04:00,BNGO,1.2599999904632568,1.2599999904632568,1.2649999856948853,1.2549999952316284,1.2599999904632568,8083.0
2024-03-01 15:04:00,BNR,0.8205999732017517,0.8205999732017517,0.8205999732017517,0.8205999732017517,0.8205999732017517,100.0
2024-03-01 15:04:00,BNTC,5.239999771118164,5.239999771118164,5.239999771118164,5.239999771118164,5.239999771118164,600.0
2024-03-01 15:04:00,BPMC,96.0,96.0,96.08999633789062,96.0,96.08999633789062,777.0
2024-03-01 15:04:00,BRKR,88.7300033569336,88.7300033569336,88.79000091552734,88.72000122070312,88.72000122070312,5227.0
2024-03-01 15:04:00,BRTX,1.5200999975204468,1.5200999975204468,1.5200999975204468,1.5200999975204468,1.5200999975204468,132.0
2024-03-01 15:04:00,BTAI,3.2200000286102295,3.2200000286102295,3.2200000286102295,3.2200000286102295,3.2200000286102295,117.0
2024-03-01 15:04:00,BTTX,0.1800999939441681,0.1800999939441681,0.18289999663829803,0.1800999939441681,0.18289999663829803,2265.0
2024-03-01 15:04:00,CABA,23.940000534057617,23.940000534057617,23.940000534057617,23.93000030517578,23.940000534057617,2035.0
2024-03-01 15:04:00,CARA,0.9423999786376953,0.9423999786376953,0.9599000215530396,0.9423999786376953,0.9599000215530396,1668.0
2024-03-01 15:04:00,CBAY,32.220001220703125,32.220001220703125,32.22999954223633,32.220001220703125,32.220001220703125,10293.0
2024-03-01 15:04:00,CCCC,10.970000267028809,10.970000267028809,10.984999656677246,10.968899726867676,10.984999656677246,2866.0
2024-03-01 15:04:00,CCRN,18.270000457763672,18.270000457763672,18.290000915527344,18.270000457763672,18.290000915527344,1306.0
2024-03-01 15:04:00,CDMO,8.180000305175781,8.180000305175781,8.199999809265137,8.180000305175781,8.199999809265137,1709.0
2024-03-01 15:04:00,CDNA,12.430000305175781,12.430000305175781,12.449999809265137,12.425000190734863,12.449999809265137,1361.0
2024-03-01 15:04:00,CDXS,4.619999885559082,4.619999885559082,4.625,4.619999885559082,4.619999885559082,602.0
2024-03-01 15:04:00,CELC,17.049999237060547,17.049999237060547,17.06999969482422,17.049999237060547,17.06999969482422,232.0
2024-03-01 15:04:00,CELU,3.501800060272217,3.501800060272217,3.5350000858306885,3.500200033187866,3.5350000858306885,988.0
2024-03-01 15:04:00,CERE,41.060001373291016,41.060001373291016,41.064998626708984,41.060001373291016,41.064998626708984,3022.0
2024-03-01 15:04:00,CERS,2.180000066757202,2.180000066757202,2.180000066757202,2.174999952316284,2.174999952316284,19305.0
2024-03-01 15:04:00,CERT,18.18000030517578,18.18000030517578,18.239999771118164,18.170000076293945,18.239999771118164,6353.0
2024-03-01 15:04:00,CGC,3.194999933242798,3.194999933242798,3.194999933242798,3.190200090408325,3.190200090408325,3266.0
2024-03-01 15:04:00,CGEM,18.700000762939453,18.700000762939453,18.760000228881836,18.700000762939453,18.760000228881836,1402.0
2024-03-01 15:04:00,CGEN,2.674999952316284,2.674999952316284,2.674999952316284,2.674999952316284,2.674999952316284,3759.0
2024-03-01 15:04:00,CHRS,2.4000000953674316,2.4000000953674316,2.4100000858306885,2.4000000953674316,2.4100000858306885,6101.0
2024-03-01 15:04:00,CKPT,2.180000066757202,2.180000066757202,2.190000057220459,2.180000066757202,2.190000057220459,400.0
2024-03-01 15:04:00,CLDX,52.48500061035156,52.48500061035156,52.494998931884766,52.45000076293945,52.45000076293945,1477.0
2024-03-01 15:04:00,CLOV,0.8650500178337097,0.8650500178337097,0.8651000261306763,0.8650000095367432,0.8650000095367432,17660.0
2024-03-01 15:04:00,CLRB,4.110000133514404,4.110000133514404,4.110099792480469,4.099999904632568,4.099999904632568,2170.0
2024-03-01 15:04:00,CMPS,11.699999809265137,11.699999809265137,11.699999809265137,11.65999984741211,11.65999984741211,2173.0
2024-03-01 15:04:00,COGT,7.195000171661377,7.195000171661377,7.199999809265137,7.175000190734863,7.184999942779541,6086.0
2024-03-01 15:04:00,CORT,24.270000457763672,24.270000457763672,24.270000457763672,24.270000457763672,24.270000457763672,747.0
2024-03-01 15:04:00,CPRX,17.114999771118164,17.114999771118164,17.114999771118164,17.110000610351562,17.110000610351562,4900.0
2024-03-01 15:04:00,CPSI,9.369999885559082,9.369999885559082,9.380000114440918,9.359999656677246,9.380000114440918,1295.0
2024-03-01 15:04:00,CRBU,7.855999946594238,7.855999946594238,7.860000133514404,7.855000019073486,7.860000133514404,2996.0
2024-03-01 15:04:00,CRDF,2.6500000953674316,2.6500000953674316,2.6600000858306885,2.619999885559082,2.6500000953674316,58174.0
2024-03-01 15:04:00,CRMD,3.6700000762939453,3.6700000762939453,3.680000066757202,3.6700000762939453,3.680000066757202,1391.0
2024-03-01 15:04:00,CRNX,45.95500183105469,45.95500183105469,45.9900016784668,45.95500183105469,45.9900016784668,679.0
2024-03-01 15:04:00,CRON,2.0250000953674316,2.0250000953674316,2.0250000953674316,2.0250000953674316,2.0250000953674316,702.0
2024-03-01 15:04:00,CRSP,84.87999725341797,84.87999725341797,84.93000030517578,84.8124008178711,84.89900207519531,5020.0
2024-03-01 15:04:00,CRVS,2.184999942779541,2.184999942779541,2.184999942779541,2.184999942779541,2.184999942779541,149.0
2024-03-01 15:04:00,CTKB,9.005000114440918,9.005000114440918,9.039999961853027,9.005000114440918,9.039999961853027,2129.0
2024-03-01 15:04:00,CTMX,2.5,2.5,2.5,2.5,2.5,128.0
2024-03-01 15:04:00,CUE,2.1600000858306885,2.1600000858306885,2.1600000858306885,2.1500000953674316,2.1500000953674316,467.0
2024-03-01 15:04:00,CUTR,2.390000104904175,2.390000104904175,2.390000104904175,2.390000104904175,2.390000104904175,438.0
2024-03-01 15:04:00,CVAC,3.440000057220459,3.440000057220459,3.4549999237060547,3.440000057220459,3.450000047683716,2812.0
2024-03-01 15:04:00,CYTK,73.62999725341797,73.62999725341797,73.75,73.61000061035156,73.70999908447266,18933.0
2024-03-01 15:04:00,DARE,0.5501000285148621,0.5501000285148621,0.5509999990463257,0.550000011920929,0.550000011920929,22271.0
2024-03-01 15:04:00,DBVT,0.8277000188827515,0.8277000188827515,0.8277000188827515,0.8277000188827515,0.8277000188827515,215.0
2024-03-01 15:04:00,DCGO,4.105000019073486,4.105000019073486,4.110000133514404,4.099999904632568,4.099999904632568,12503.0
2024-03-01 15:04:00,DCPH,17.420000076293945,17.420000076293945,17.489999771118164,17.420000076293945,17.485000610351562,2886.0
2024-03-01 15:04:00,DERM,4.039999961853027,4.039999961853027,4.090000152587891,4.039999961853027,4.070000171661377,2743.0
2024-03-01 15:04:00,DH,8.859999656677246,8.859999656677246,8.890000343322754,8.859999656677246,8.890000343322754,2976.0
2024-03-01 15:04:00,DMTK,0.8499000072479248,0.8499000072479248,0.8499000072479248,0.8449490070343018,0.8449490070343018,1228.0
2024-03-01 15:04:00,DNLI,21.030000686645508,21.030000686645508,21.09000015258789,21.030000686645508,21.09000015258789,789.0
2024-03-01 15:04:00,DRIO,2.009999990463257,2.009999990463257,2.009999990463257,2.009999990463257,2.009999990463257,1500.0
2024-03-01 15:04:00,DRUG,1.7599999904632568,1.7599999904632568,1.7599999904632568,1.7599999904632568,1.7599999904632568,689.0
2024-03-01 15:04:00,DSGN,2.859999895095825,2.859999895095825,2.869999885559082,2.859999895095825,2.869999885559082,1856.0
2024-03-01 15:04:00,DTIL,12.5,12.5,12.600000381469727,12.470000267028809,12.600000381469727,1339.0
2024-03-01 15:04:00,DVAX,12.795000076293945,12.795000076293945,12.805000305175781,12.789999961853027,12.805000305175781,9014.0
2024-03-01 15:04:00,DXCM,121.16999816894531,121.16999816894531,121.19000244140625,121.12999725341797,121.12999725341797,4427.0
2024-03-01 15:04:00,DYN,29.0,29.0,29.010000228881836,28.989999771118164,29.0,2601.0
2024-03-01 15:04:00,EDIT,10.8149995803833,10.8149995803833,10.819999694824219,10.8149995803833,10.819999694824219,2109.0
2024-03-01 15:04:00,EFTR,16.079999923706055,16.079999923706055,16.100000381469727,16.079999923706055,16.100000381469727,634.0
2024-03-01 15:04:00,EGRX,6.559999942779541,6.559999942779541,6.559999942779541,6.559999942779541,6.559999942779541,500.0
2024-03-01 15:04:00,EIGR,7.432799816131592,7.432799816131592,7.432799816131592,7.432799816131592,7.432799816131592,250.0
2024-03-01 15:04:00,EKSO,2.0099000930786133,2.0099000930786133,2.0099000930786133,2.0099000930786133,2.0099000930786133,267.0
2024-03-01 15:04:00,ELEV,5.110000133514404,5.110000133514404,5.150000095367432,5.110000133514404,5.130000114440918,13147.0
2024-03-01 15:04:00,ELOX,0.8730000257492065,0.8730000257492065,0.8730000257492065,0.8730000257492065,0.8730000257492065,500.0
2024-03-01 15:04:00,EMBC,14.279999732971191,14.279999732971191,14.279999732971191,14.279999732971191,14.279999732971191,964.0
2024-03-01 15:04:00,ENSG,121.27989959716797,121.27989959716797,121.27989959716797,121.23999786376953,121.23999786376953,3163.0
2024-03-01 15:04:00,ENTA,15.5600004196167,15.5600004196167,15.574999809265137,15.5600004196167,15.574999809265137,701.0
2024-03-01 15:04:00,ENVB,1.5099999904632568,1.5099999904632568,1.5184999704360962,1.5049999952316284,1.5099999904632568,2965.0
2024-03-01 15:04:00,EOLS,14.800000190734863,14.800000190734863,14.805000305175781,14.779999732971191,14.800000190734863,4432.0
2024-03-01 15:04:00,EQ,2.4600000381469727,2.4600000381469727,2.4749999046325684,2.45989990234375,2.4700000286102295,3182.0
2024-03-01 15:04:00,ERAS,2.5,2.5,2.505000114440918,2.5,2.505000114440918,9162.0
2024-03-01 15:04:00,ESPR,2.555000066757202,2.555000066757202,2.5599000453948975,2.555000066757202,2.5599000453948975,7520.0
2024-03-01 15:04:00,ESTA,44.29499816894531,44.29499816894531,44.36000061035156,44.25749969482422,44.25749969482422,942.0
2024-03-01 15:04:00,ETNB,12.720000267028809,12.720000267028809,12.729999542236328,12.71500015258789,12.729999542236328,3082.0
2024-03-01 15:04:00,ETON,4.489999771118164,4.489999771118164,4.489999771118164,4.489999771118164,4.489999771118164,525.0
2024-03-01 15:04:00,EWTX,16.8700008392334,16.8700008392334,16.899999618530273,16.8700008392334,16.899999618530273,4111.0
2024-03-01 15:04:00,EXAI,6.619999885559082,6.619999885559082,6.630099773406982,6.619999885559082,6.630000114440918,5052.0
2024-03-01 15:04:00,EXAS,59.80500030517578,59.80500030517578,59.90999984741211,59.80500030517578,59.90999984741211,3124.0
2024-03-01 15:04:00,EXEL,22.30500030517578,22.30500030517578,22.309999465942383,22.290000915527344,22.290000915527344,7896.0
2024-03-01 15:04:00,EYPT,27.920000076293945,27.920000076293945,27.93000030517578,27.895000457763672,27.895000457763672,2032.0
2024-03-01 15:04:00,FATE,7.699999809265137,7.699999809265137,7.715000152587891,7.695000171661377,7.715000152587891,973.0
2024-03-01 15:04:00,FBIO,2.3399999141693115,2.3399999141693115,2.3499999046325684,2.3399999141693115,2.3499999046325684,590.0
2024-03-01 15:04:00,FDMT,29.290000915527344,29.290000915527344,29.299999237060547,29.260000228881836,29.299999237060547,2012.0
2024-03-01 15:04:00,FGEN,1.8300000429153442,1.8300000429153442,1.8300000429153442,1.8250000476837158,1.8250000476837158,7249.0
2024-03-01 15:04:00,FIXX,0.9200000166893005,0.9200000166893005,0.9200000166893005,0.8999999761581421,0.9100000262260437,13347.0
2024-03-01 15:04:00,FOLD,13.274999618530273,13.274999618530273,13.300000190734863,13.274999618530273,13.300000190734863,2338.0
2024-03-01 15:04:00,FULC,11.0,11.0,11.010000228881836,11.0,11.0,7189.0
2024-03-01 15:04:00,FUSN,12.175000190734863,12.175000190734863,12.180000305175781,12.175000190734863,12.180000305175781,355.0
2024-03-01 15:04:00,FWBI,8.850000381469727,8.850000381469727,8.902199745178223,8.850000381469727,8.899999618530273,1142.0
2024-03-01 15:04:00,GBIO,2.619999885559082,2.619999885559082,2.619999885559082,2.619999885559082,2.619999885559082,300.0
2024-03-01 15:04:00,GCTK,0.3070000112056732,0.3070000112056732,0.3070000112056732,0.3070000112056732,0.3070000112056732,952.0
2024-03-01 15:04:00,GDRX,8.454999923706055,8.454999923706055,8.460000038146973,8.4350004196167,8.4350004196167,8148.0
2024-03-01 15:04:00,GERN,2.234999895095825,2.234999895095825,2.244999885559082,2.234999895095825,2.244999885559082,75183.0
2024-03-01 15:04:00,GH,19.020000457763672,19.020000457763672,19.040000915527344,19.020000457763672,19.040000915527344,1536.0
2024-03-01 15:04:00,GHRS,8.543700218200684,8.543700218200684,8.543700218200684,8.543700218200684,8.543700218200684,353.0
2024-03-01 15:04:00,GILD,72.51000213623047,72.51000213623047,72.5198974609375,72.5,72.51000213623047,8050.0
2024-03-01 15:04:00,GLTO,0.843300998210907,0.843300998210907,0.848800003528595,0.8389999866485596,0.8389999866485596,23835.0
2024-03-01 15:04:00,GLUE,6.349999904632568,6.349999904632568,6.349999904632568,6.349999904632568,6.349999904632568,280.0
2024-03-01 15:04:00,GLYC,2.9797000885009766,2.9797000885009766,2.9797000885009766,2.9797000885009766,2.9797000885009766,401.0
2024-03-01 15:04:00,GMAB,29.354999542236328,29.354999542236328,29.354999542236328,29.34000015258789,29.34000015258789,5072.0
2024-03-01 15:04:00,GOSS,1.4199999570846558,1.4199999570846558,1.4199999570846558,1.4149999618530273,1.4149999618530273,1500.0
2024-03-01 15:04:00,GRFS,6.994999885559082,6.994999885559082,6.994999885559082,6.994999885559082,6.994999885559082,1053.0
2024-03-01 15:04:00,GRTS,2.0950000286102295,2.0950000286102295,2.09689998626709,2.0950000286102295,2.0950000286102295,3244.0
2024-03-01 15:04:00,GTHX,3.799999952316284,3.799999952316284,3.805000066757202,3.7899999618530273,3.799999952316284,3827.0
2024-03-01 15:04:00,HALO,41.06999969482422,41.06999969482422,41.099998474121094,41.06999969482422,41.099998474121094,461.0
2024-03-01 15:04:00,HCAT,8.085000038146973,8.085000038146973,8.09000015258789,8.079999923706055,8.09000015258789,1529.0
2024-03-01 15:04:00,HCM,15.109999656677246,15.109999656677246,15.109999656677246,15.100000381469727,15.109999656677246,603.0
2024-03-01 15:04:00,HCSG,12.800000190734863,12.800000190734863,12.800000190734863,12.795000076293945,12.800000190734863,809.0
2024-03-01 15:04:00,HCTI,2.0880000591278076,2.0880000591278076,2.0880000591278076,2.0799999237060547,2.0799999237060547,650.0
2024-03-01 15:04:00,HLVX,19.15999984741211,19.15999984741211,19.15999984741211,19.15999984741211,19.15999984741211,354.0
2024-03-01 15:04:00,HOLX,74.30000305175781,74.30000305175781,74.34100341796875,74.30000305175781,74.33000183105469,3146.0
2024-03-01 15:04:00,HOOK,0.7749999761581421,0.7749999761581421,0.7749999761581421,0.7749999761581421,0.7749999761581421,220.0
2024-03-01 15:04:00,HOWL,7.090000152587891,7.090000152587891,7.090000152587891,7.039999961853027,7.039999961853027,461.0
2024-03-01 15:04:00,HQY,81.30999755859375,81.30999755859375,81.33999633789062,81.30999755859375,81.33999633789062,816.0
2024-03-01 15:04:00,HRMY,31.600000381469727,31.600000381469727,31.600000381469727,31.594999313354492,31.594999313354492,336.0
2024-03-01 15:04:00,HROW,10.890000343322754,10.890000343322754,10.899999618530273,10.890000343322754,10.899999618530273,728.0
2024-03-01 15:04:00,HRTX,2.5899999141693115,2.5899999141693115,2.5922000408172607,2.5899999141693115,2.5899999141693115,1883.0
2024-03-01 15:04:00,HSCS,0.11940000206232071,0.11940000206232071,0.11940000206232071,0.11940000206232071,0.11940000206232071,4900.0
2024-03-01 15:04:00,HSIC,76.87999725341797,76.87999725341797,76.95800018310547,76.87999725341797,76.95800018310547,6105.0
2024-03-01 15:04:00,HUMA,3.2200000286102295,3.2200000286102295,3.2249999046325684,3.2200000286102295,3.2207999229431152,1842.0
2024-03-01 15:04:00,IART,36.2400016784668,36.2400016784668,36.2400016784668,36.2400016784668,36.2400016784668,530.0
2024-03-01 15:04:00,IBRX,4.831999778747559,4.831999778747559,4.840000152587891,4.831999778747559,4.840000152587891,1920.0
2024-03-01 15:04:00,ICAD,1.8601000308990479,1.8601000308990479,1.8601000308990479,1.8600000143051147,1.8600000143051147,431.0
2024-03-01 15:04:00,ICLR,324.1099853515625,324.1099853515625,324.4100036621094,324.1099853515625,324.4100036621094,1628.0
2024-03-01 15:04:00,IDXX,578.8200073242188,578.8200073242188,578.8200073242188,578.8200073242188,578.8200073242188,440.0
2024-03-01 15:04:00,IDYA,46.20500183105469,46.20500183105469,46.20500183105469,46.20500183105469,46.20500183105469,859.0
2024-03-01 15:04:00,IINN,1.690000057220459,1.690000057220459,1.690000057220459,1.690000057220459,1.690000057220459,264.0
2024-03-01 15:04:00,IKNA,1.5099999904632568,1.5099999904632568,1.5099999904632568,1.5,1.5099999904632568,1546.0
2024-03-01 15:04:00,ILMN,140.9499969482422,140.9499969482422,141.00999450683594,140.91000366210938,141.00999450683594,2305.0
2024-03-01 15:04:00,IMAB,1.7999999523162842,1.7999999523162842,1.7999999523162842,1.7999999523162842,1.7999999523162842,823.0
2024-03-01 15:04:00,IMMX,3.5,3.5,3.5,3.5,3.5,1440.0
2024-03-01 15:04:00,IMNM,25.31999969482422,25.31999969482422,25.31999969482422,25.31999969482422,25.31999969482422,241.0
2024-03-01 15:04:00,IMTX,12.770000457763672,12.770000457763672,12.770000457763672,12.770000457763672,12.770000457763672,187.0
2024-03-01 15:04:00,IMUX,1.4700000286102295,1.4700000286102295,1.4700000286102295,1.4700000286102295,1.4700000286102295,290.0
2024-03-01 15:04:00,IMVT,35.60499954223633,35.60499954223633,35.60499954223633,35.60499954223633,35.60499954223633,809.0
2024-03-01 15:04:00,INBX,36.5,36.5,36.5,36.5,36.5,153.0
2024-03-01 15:04:00,INCY,59.0,59.0,59.02000045776367,59.0,59.02000045776367,1427.0
2024-03-01 15:04:00,INGN,6.784999847412109,6.784999847412109,6.789999961853027,6.784999847412109,6.789999961853027,2601.0
2024-03-01 15:04:00,INMB,12.335000038146973,12.335000038146973,12.335000038146973,12.335000038146973,12.335000038146973,1298.0
2024-03-01 15:04:00,INMD,22.90999984741211,22.90999984741211,22.90999984741211,22.90999984741211,22.90999984741211,774.0
2024-03-01 15:04:00,INO,9.600000381469727,9.600000381469727,9.600000381469727,9.587200164794922,9.587200164794922,949.0
2024-03-01 15:04:00,INSM,28.030000686645508,28.030000686645508,28.030000686645508,28.020000457763672,28.024999618530273,2515.0
2024-03-01 15:04:00,INVA,15.385000228881836,15.385000228881836,15.385000228881836,15.385000228881836,15.385000228881836,207.0
2024-03-01 15:04:00,INZY,6.579999923706055,6.579999923706055,6.579999923706055,6.579999923706055,6.579999923706055,571.0
2024-03-01 15:04:00,IONM,0.34929999709129333,0.34929999709129333,0.34929999709129333,0.34929999709129333,0.34929999709129333,110258.0
2024-03-01 15:04:00,IONS,45.779998779296875,45.779998779296875,45.790000915527344,45.779998779296875,45.790000915527344,902.0
2024-03-01 15:04:00,IOVA,17.020000457763672,17.020000457763672,17.030000686645508,17.020000457763672,17.021799087524414,5971.0
2024-03-01 15:04:00,IRTC,121.23999786376953,121.23999786376953,121.23999786376953,121.23999786376953,121.23999786376953,1114.0
2024-03-01 15:04:00,IRWD,8.975000381469727,8.975000381469727,8.979999542236328,8.975000381469727,8.975000381469727,10947.0
2024-03-01 15:04:00,ISRG,397.2349853515625,397.2349853515625,397.29998779296875,397.20599365234375,397.2449951171875,2137.0
2024-03-01 15:04:00,ITOS,11.300000190734863,11.300000190734863,11.3100004196167,11.300000190734863,11.3100004196167,607.0
2024-03-01 15:04:00,IVVD,3.9700000286102295,3.9700000286102295,3.9700000286102295,3.9700000286102295,3.9700000286102295,1188.0
2024-03-01 15:04:00,JAGX,0.08990000188350677,0.08990000188350677,0.09000000357627869,0.08900000154972076,0.08995000272989273,234657.0
2024-03-01 15:04:00,JANX,46.03499984741211,46.03499984741211,46.03499984741211,46.03499984741211,46.03499984741211,290.0
2024-03-01 15:04:00,JAZZ,119.17720031738281,119.17720031738281,119.17720031738281,119.12999725341797,119.12999725341797,2675.0
2024-03-01 15:04:00,JSPR,21.700000762939453,21.700000762939453,21.700000762939453,21.700000762939453,21.700000762939453,211.0
2024-03-01 15:04:00,JYNT,9.9399995803833,9.9399995803833,10.060099601745605,9.9399995803833,10.060099601745605,9939.0
2024-03-01 15:04:00,KALV,14.010000228881836,14.010000228881836,14.03499984741211,14.010000228881836,14.010000228881836,1606.0
2024-03-01 15:04:00,KMDA,6.369999885559082,6.369999885559082,6.369999885559082,6.369999885559082,6.369999885559082,128.0
2024-03-01 15:04:00,KNSA,21.8799991607666,21.8799991607666,21.8799991607666,21.8700008392334,21.8700008392334,636.0
2024-03-01 15:04:00,KNTE,2.5999999046325684,2.5999999046325684,2.609999895095825,2.5999999046325684,2.609999895095825,5392.0
2024-03-01 15:04:00,KOD,6.019999980926514,6.019999980926514,6.021500110626221,6.019999980926514,6.021500110626221,2284.0
2024-03-01 15:04:00,KPRX,0.6797999739646912,0.6797999739646912,0.6797999739646912,0.6797999739646912,0.6797999739646912,501.0
2024-03-01 15:04:00,KPTI,1.184999942779541,1.184999942779541,1.184999942779541,1.184999942779541,1.184999942779541,800.0
2024-03-01 15:04:00,KRON,1.0499999523162842,1.0499999523162842,1.0499999523162842,1.0499999523162842,1.0499999523162842,804.0
2024-03-01 15:04:00,KROS,68.94999694824219,68.94999694824219,69.01249694824219,68.94999694824219,69.01249694824219,1597.0
2024-03-01 15:04:00,KRTX,315.7749938964844,315.7749938964844,315.7749938964844,315.7200012207031,315.7200012207031,626.0
2024-03-01 15:04:00,KRYS,169.0749969482422,169.0749969482422,169.0749969482422,169.0749969482422,169.0749969482422,312.0
2024-03-01 15:04:00,KURA,21.8799991607666,21.8799991607666,21.8799991607666,21.8700008392334,21.8700008392334,2258.0
2024-03-01 15:04:00,KYMR,43.63999938964844,43.63999938964844,43.66999816894531,43.63999938964844,43.66999816894531,522.0
2024-03-01 15:04:00,KZR,1.0549999475479126,1.0549999475479126,1.0549999475479126,1.0549999475479126,1.0549999475479126,400.0
2024-03-01 15:04:00,LAB,2.4649999141693115,2.4649999141693115,2.4649999141693115,2.4649999141693115,2.4649999141693115,1856.0
2024-03-01 15:04:00,LBPH,21.6200008392334,21.6200008392334,21.670000076293945,21.6200008392334,21.670000076293945,1935.0
2024-03-01 15:04:00,LEGN,65.55999755859375,65.55999755859375,65.55999755859375,65.55999755859375,65.55999755859375,215.0
2024-03-01 15:04:00,LFMD,7.960000038146973,7.960000038146973,7.980000019073486,7.960000038146973,7.96999979019165,946.0
2024-03-01 15:04:00,LFST,7.724999904632568,7.724999904632568,7.724999904632568,7.714700222015381,7.715000152587891,8995.0
2024-03-01 15:04:00,LGND,77.45999908447266,77.45999908447266,77.68499755859375,77.45999908447266,77.68499755859375,941.0
2024-03-01 15:04:00,LGVN,0.5400000214576721,0.5400000214576721,0.5400000214576721,0.5400000214576721,0.5400000214576721,131.0
2024-03-01 15:04:00,LIAN,4.880000114440918,4.880000114440918,4.880000114440918,4.880000114440918,4.880000114440918,269.0
2024-03-01 15:04:00,LIVN,55.54999923706055,55.54999923706055,55.63999938964844,55.54999923706055,55.63999938964844,1407.0
2024-03-01 15:04:00,LMAT,67.88999938964844,67.88999938964844,68.00499725341797,67.87999725341797,68.00499725341797,1400.0
2024-03-01 15:04:00,LPTX,2.859999895095825,2.859999895095825,2.859999895095825,2.859999895095825,2.859999895095825,585.0
2024-03-01 15:04:00,LQDA,14.600000381469727,14.600000381469727,14.619999885559082,14.600000381469727,14.619999885559082,1050.0
2024-03-01 15:04:00,LUCY,0.38286200165748596,0.38286200165748596,0.38286200165748596,0.38286200165748596,0.38286200165748596,2501.0
2024-03-01 15:04:00,LUNG,9.449999809265137,9.449999809265137,9.46500015258789,9.449999809265137,9.46500015258789,1207.0
2024-03-01 15:04:00,LVTX,2.759999990463257,2.759999990463257,2.759999990463257,2.759999990463257,2.759999990463257,200.0
2024-03-01 15:04:00,LXRX,2.490000009536743,2.490000009536743,2.490000009536743,2.490000009536743,2.490000009536743,590.0
2024-03-01 15:04:00,LYEL,3.1600000858306885,3.1600000858306885,3.1649999618530273,3.1600000858306885,3.1600000858306885,5387.0
2024-03-01 15:04:00,LYRA,5.639999866485596,5.639999866485596,5.659999847412109,5.639999866485596,5.659999847412109,501.0
2024-03-01 15:04:00,MASI,127.31500244140625,127.31500244140625,127.31500244140625,127.31500244140625,127.31500244140625,765.0
2024-03-01 15:04:00,MASS,7.380000114440918,7.380000114440918,7.380000114440918,7.380000114440918,7.380000114440918,254.0
2024-03-01 15:04:00,MBRX,0.6439999938011169,0.6439999938011169,0.6439999938011169,0.6437000036239624,0.6437000036239624,678.0
2024-03-01 15:04:00,MCRB,1.2299000024795532,1.2299000024795532,1.2299000024795532,1.225000023841858,1.225000023841858,452.0
2024-03-01 15:04:00,MDGL,250.16000366210938,250.16000366210938,250.7050018310547,250.16000366210938,250.7050018310547,1620.0
2024-03-01 15:04:00,MDRX,6.070000171661377,6.070000171661377,6.070000171661377,6.019999980926514,6.019999980926514,17361.0
2024-03-01 15:04:00,MDXG,8.645000457763672,8.645000457763672,8.645000457763672,8.645000457763672,8.645000457763672,316.0
2024-03-01 15:04:00,ME,0.5539000034332275,0.5539000034332275,0.5541999936103821,0.5539000034332275,0.5541999936103821,6020.0
2024-03-01 15:04:00,MEDP,402.6300048828125,402.6300048828125,403.260009765625,402.6300048828125,403.260009765625,1181.0
2024-03-01 15:04:00,MGNX,18.957500457763672,18.957500457763672,18.975000381469727,18.940000534057617,18.950000762939453,2347.0
2024-03-01 15:04:00,MGTX,6.420000076293945,6.420000076293945,6.420000076293945,6.420000076293945,6.420000076293945,428.0
2024-03-01 15:04:00,MIRM,29.290000915527344,29.290000915527344,29.290000915527344,29.290000915527344,29.290000915527344,613.0
2024-03-01 15:04:00,MLTX,50.47999954223633,50.47999954223633,50.54499816894531,50.43000030517578,50.54499816894531,1984.0
2024-03-01 15:04:00,MNKD,4.539999961853027,4.539999961853027,4.539999961853027,4.534999847412109,4.539999961853027,4640.0
2024-03-01 15:04:00,MNMD,6.150000095367432,6.150000095367432,6.159999847412109,6.150000095367432,6.15500020980835,9894.0
2024-03-01 15:04:00,MNPR,0.9498999714851379,0.9498999714851379,0.9498999714851379,0.9200000166893005,0.9200000166893005,2040.0
2024-03-01 15:04:00,MODD,1.8700000047683716,1.8700000047683716,1.8700000047683716,1.8700000047683716,1.8700000047683716,100.0
2024-03-01 15:04:00,MODV,28.399999618530273,28.399999618530273,28.399999618530273,28.399999618530273,28.399999618530273,222.0
2024-03-01 15:04:00,MORF,39.5099983215332,39.5099983215332,39.57500076293945,39.5099983215332,39.57500076293945,889.0
2024-03-01 15:04:00,MRAI,1.5800000429153442,1.5800000429153442,1.5801000595092773,1.5800000429153442,1.5801000595092773,600.0
2024-03-01 15:04:00,MREO,3.9649999141693115,3.9649999141693115,3.9860000610351562,3.9639999866485596,3.984999895095825,3320.0
2024-03-01 15:04:00,MRNA,95.3550033569336,95.3550033569336,95.37799835205078,95.31999969482422,95.31999969482422,7418.0
2024-03-01 15:04:00,MRNS,10.010000228881836,10.010000228881836,10.010000228881836,10.010000228881836,10.010000228881836,136.0
2024-03-01 15:04:00,MRSN,5.974999904632568,5.974999904632568,5.980000019073486,5.949999809265137,5.949999809265137,13271.0
2024-03-01 15:04:00,MRUS,51.599998474121094,51.599998474121094,51.599998474121094,51.55500030517578,51.599998474121094,570.0
2024-03-01 15:04:00,MRVI,7.684999942779541,7.684999942779541,7.690000057220459,7.684999942779541,7.690000057220459,1668.0
2024-03-01 15:04:00,MXCT,4.744999885559082,4.744999885559082,4.744999885559082,4.744999885559082,4.744999885559082,324.0
2024-03-01 15:04:00,MYGN,22.094999313354492,22.094999313354492,22.094999313354492,22.06999969482422,22.094999313354492,1263.0
2024-03-01 15:04:00,NARI,46.224998474121094,46.224998474121094,46.23500061035156,46.209999084472656,46.23500061035156,942.0
2024-03-01 15:04:00,NAUT,2.6649999618530273,2.6649999618530273,2.6649999618530273,2.6649999618530273,2.6649999618530273,3815.0
2024-03-01 15:04:00,NBIX,131.85499572753906,131.85499572753906,131.875,131.85499572753906,131.8699951171875,779.0
2024-03-01 15:04:00,NDRA,1.159999966621399,1.159999966621399,1.1610000133514404,1.159999966621399,1.1610000133514404,400.0
2024-03-01 15:04:00,NEO,16.045000076293945,16.045000076293945,16.05500030517578,16.045000076293945,16.05500030517578,1618.0
2024-03-01 15:04:00,NEOG,17.309999465942383,17.309999465942383,17.325000762939453,17.309999465942383,17.325000762939453,384.0
2024-03-01 15:04:00,NEPH,3.103300094604492,3.103300094604492,3.119999885559082,3.0999999046325684,3.109999895095825,2583.0
2024-03-01 15:04:00,NERV,2.6500000953674316,2.6500000953674316,2.6500000953674316,2.6500000953674316,2.6500000953674316,219.0
2024-03-01 15:04:00,NGM,1.5199999809265137,1.5199999809265137,1.524999976158142,1.5199999809265137,1.5199999809265137,2401.0
2024-03-01 15:04:00,NKTR,0.7721499800682068,0.7721499800682068,0.7741000056266785,0.7700999975204468,0.7700999975204468,3821.0
2024-03-01 15:04:00,NKTX,12.649999618530273,12.649999618530273,12.649999618530273,12.640000343322754,12.640000343322754,1238.0
2024-03-01 15:04:00,NNOX,10.800000190734863,10.800000190734863,10.805000305175781,10.770000457763672,10.78499984741211,11485.0
2024-03-01 15:04:00,NOTV,7.960000038146973,7.960000038146973,7.960000038146973,7.960000038146973,7.960000038146973,368.0
2024-03-01 15:04:00,NPCE,16.520000457763672,16.520000457763672,16.520000457763672,16.520000457763672,16.520000457763672,350.0
2024-03-01 15:04:00,NRBO,6.288000106811523,6.288000106811523,6.300000190734863,6.239999771118164,6.289999961853027,9424.0
2024-03-01 15:04:00,NRIX,13.46500015258789,13.46500015258789,13.479999542236328,13.46500015258789,13.479999542236328,805.0
2024-03-01 15:04:00,NRXP,0.443899005651474,0.443899005651474,0.443899005651474,0.43149998784065247,0.43720000982284546,4400.0
2024-03-01 15:04:00,NTLA,33.27000045776367,33.27000045776367,33.290000915527344,33.27000045776367,33.290000915527344,1382.0
2024-03-01 15:04:00,NTRA,89.38999938964844,89.38999938964844,89.38999938964844,89.3499984741211,89.3499984741211,1528.0
2024-03-01 15:04:00,NUTX,0.11389999836683273,0.11389999836683273,0.11389999836683273,0.11379999667406082,0.11379999667406082,5108.0
2024-03-01 15:04:00,NUVL,87.42500305175781,87.42500305175781,87.42500305175781,87.37000274658203,87.37000274658203,573.0
2024-03-01 15:04:00,NVAX,5.340000152587891,5.340000152587891,5.340000152587891,5.335000038146973,5.340000152587891,21715.0
2024-03-01 15:04:00,NVCR,16.030000686645508,16.030000686645508,16.030000686645508,16.030000686645508,16.030000686645508,300.0
2024-03-01 15:04:00,NVNO,6.489999771118164,6.489999771118164,6.489999771118164,6.489999771118164,6.489999771118164,200.0
2024-03-01 15:04:00,NVOS,0.6377000212669373,0.6377000212669373,0.6377000212669373,0.6377000212669373,0.6377000212669373,1000.0
2024-03-01 15:04:00,NXTC,1.8029999732971191,1.8029999732971191,1.8029999732971191,1.7999999523162842,1.7999999523162842,872.0
2024-03-01 15:04:00,OCGN,0.9506499767303467,0.9506499767303467,0.953000009059906,0.9506000280380249,0.953000009059906,7624.0
2024-03-01 15:04:00,OCUL,10.664999961853027,10.664999961853027,10.664999961853027,10.649999618530273,10.65999984741211,1859.0
2024-03-01 15:04:00,OCUP,2.490000009536743,2.490000009536743,2.490000009536743,2.490000009536743,2.490000009536743,649.0
2024-03-01 15:04:00,OFIX,12.854999542236328,12.854999542236328,12.869999885559082,12.854999542236328,12.869999885559082,2662.0
2024-03-01 15:04:00,OGI,2.1610000133514404,2.1610000133514404,2.1700000762939453,2.1600000858306885,2.1700000762939453,2026.0
2024-03-01 15:04:00,OLMA,14.619999885559082,14.619999885559082,14.65999984741211,14.61359977722168,14.65999984741211,2198.0
2024-03-01 15:04:00,OM,3.1691999435424805,3.1691999435424805,3.180000066757202,3.1691999435424805,3.180000066757202,1538.0
2024-03-01 15:04:00,OMCL,26.549999237060547,26.549999237060547,26.56999969482422,26.549999237060547,26.56999969482422,1064.0
2024-03-01 15:04:00,OMGA,4.409999847412109,4.409999847412109,4.409999847412109,4.394999980926514,4.394999980926514,1348.0
2024-03-01 15:04:00,ONVO,1.0199999809265137,1.0199999809265137,1.0199999809265137,1.0199999809265137,1.0199999809265137,134.0
2024-03-01 15:05:00,ABCL,5.09499979019165,5.09499979019165,5.09499979019165,5.085000038146973,5.090000152587891,5202.0
2024-03-01 15:05:00,ABEO,7.785799980163574,7.785799980163574,7.785799980163574,7.75,7.769999980926514,793.0
2024-03-01 15:05:00,ABOS,4.590000152587891,4.590000152587891,4.590000152587891,4.590000152587891,4.590000152587891,122.0
2024-03-01 15:05:00,ABSI,5.550000190734863,5.550000190734863,5.559999942779541,5.519999980926514,5.519999980926514,6686.0
2024-03-01 15:05:00,ABUS,2.7750000953674316,2.7750000953674316,2.7799999713897705,2.7750000953674316,2.7799999713897705,7530.0
2024-03-01 15:05:00,ACAD,24.100000381469727,24.100000381469727,24.100000381469727,24.084999084472656,24.084999084472656,3248.0
2024-03-01 15:05:00,ACB,3.1898999214172363,3.1898999214172363,3.1898999214172363,3.1898999214172363,3.1898999214172363,753.0
2024-03-01 15:05:00,ACCD,10.079999923706055,10.079999923706055,10.079999923706055,10.039999961853027,10.050000190734863,2881.0
2024-03-01 15:05:00,ACET,2.384999990463257,2.384999990463257,2.3949999809265137,2.384999990463257,2.3949999809265137,11869.0
2024-03-01 15:05:00,ACHL,1.375,1.375,1.375,1.3700000047683716,1.3700000047683716,1250.0
2024-03-01 15:05:00,ACHV,4.440000057220459,4.440000057220459,4.440000057220459,4.440000057220459,4.440000057220459,325.0
2024-03-01 15:05:00,ACIU,3.865000009536743,3.865000009536743,3.880000114440918,3.8399999141693115,3.8399999141693115,1728.0
2024-03-01 15:05:00,ACLX,67.86750030517578,67.86750030517578,67.86750030517578,67.86000061035156,67.86000061035156,514.0
2024-03-01 15:05:00,ACON,0.39750000834465027,0.39750000834465027,0.39750000834465027,0.3950999975204468,0.3950999975204468,1200.0
2024-03-01 15:05:00,ACRS,1.2200000286102295,1.2200000286102295,1.225000023841858,1.2200000286102295,1.225000023841858,1500.0
2024-03-01 15:05:00,ADIL,2.799999952316284,2.799999952316284,2.799999952316284,2.7356998920440674,2.7618000507354736,29632.0
2024-03-01 15:05:00,ADMA,5.53000020980835,5.53000020980835,5.534999847412109,5.53000020980835,5.53000020980835,2763.0
2024-03-01 15:05:00,ADPT,4.065000057220459,4.065000057220459,4.070000171661377,4.045000076293945,4.045000076293945,5194.0
2024-03-01 15:05:00,ADVM,1.9600000381469727,1.9600000381469727,1.965000033378601,1.9600000381469727,1.965000033378601,1052.0
2024-03-01 15:05:00,AGEN,0.6700500249862671,0.6700500249862671,0.670074999332428,0.6700000166893005,0.670074999332428,2379.0
2024-03-01 15:05:00,AGIO,32.28499984741211,32.28499984741211,32.28499984741211,32.22999954223633,32.25,2642.0
2024-03-01 15:05:00,AGRX,0.8399999737739563,0.8399999737739563,0.8399999737739563,0.8399999737739563,0.8399999737739563,400.0
2024-03-01 15:05:00,AHCO,10.46500015258789,10.46500015258789,10.470000267028809,10.46500015258789,10.46500015258789,3748.0
2024-03-01 15:05:00,AKBA,1.690000057220459,1.690000057220459,1.690000057220459,1.684999942779541,1.684999942779541,1705.0
2024-03-01 15:05:00,AKLI,0.3540000021457672,0.3540000021457672,0.3540000021457672,0.3540000021457672,0.3540000021457672,981.0
2024-03-01 15:05:00,AKRO,28.5,28.5,28.579999923706055,28.34000015258789,28.34000015258789,30945.0
2024-03-01 15:05:00,AKYA,6.002299785614014,6.002299785614014,6.002299785614014,6.002299785614014,6.002299785614014,101.0
2024-03-01 15:05:00,ALDX,4.210000038146973,4.210000038146973,4.230000019073486,4.210000038146973,4.21999979019165,16837.0
2024-03-01 15:05:00,ALEC,7.434999942779541,7.434999942779541,7.4375,7.434999942779541,7.434999942779541,901.0
2024-03-01 15:05:00,ALHC,5.599999904632568,5.599999904632568,5.599999904632568,5.599999904632568,5.599999904632568,176.0
2024-03-01 15:05:00,ALKS,30.18000030517578,30.18000030517578,30.18000030517578,30.114999771118164,30.114999771118164,2831.0
2024-03-01 15:05:00,ALLK,1.659999966621399,1.659999966621399,1.659999966621399,1.6549999713897705,1.6549999713897705,14747.0
2024-03-01 15:05:00,ALLO,4.96999979019165,4.96999979019165,4.96999979019165,4.965000152587891,4.965000152587891,14832.0
2024-03-01 15:05:00,ALNY,153.5800018310547,153.5800018310547,153.5800018310547,153.4250030517578,153.4250030517578,1347.0
2024-03-01 15:05:00,ALPN,35.83000183105469,35.83000183105469,35.849998474121094,35.775001525878906,35.775001525878906,4047.0
2024-03-01 15:05:00,ALT,12.0649995803833,12.0649995803833,12.069999694824219,12.050000190734863,12.0600004196167,3092.0
2024-03-01 15:05:00,ALVO,15.630000114440918,15.630000114440918,15.630000114440918,15.630000114440918,15.630000114440918,200.0
2024-03-01 15:05:00,ALVR,0.7412999868392944,0.7412999868392944,0.7419000267982483,0.7412999868392944,0.7419000267982483,1491.0
2024-03-01 15:05:00,ALXO,15.0,15.0,15.015000343322754,15.0,15.015000343322754,200.0
2024-03-01 15:05:00,AMED,93.27100372314453,93.27100372314453,93.27999877929688,93.27100372314453,93.27999877929688,233.0
2024-03-01 15:05:00,AMGN,280.3700866699219,280.3700866699219,280.47589111328125,280.3699951171875,280.45001220703125,4822.0
2024-03-01 15:05:00,AMLX,18.7450008392334,18.7450008392334,18.75,18.729999542236328,18.729999542236328,2681.0
2024-03-01 15:05:00,AMPH,45.81999969482422,45.81999969482422,45.81999969482422,45.81999969482422,45.81999969482422,930.0
2024-03-01 15:05:00,AMRN,1.0514999628067017,1.0514999628067017,1.0549999475479126,1.0514999628067017,1.0549999475479126,1291.0
2024-03-01 15:05:00,ANAB,25.40999984741211,25.40999984741211,25.40999984741211,25.40999984741211,25.40999984741211,246.0
2024-03-01 15:05:00,ANGO,5.485000133514404,5.485000133514404,5.489999771118164,5.485000133514404,5.489999771118164,2369.0
2024-03-01 15:05:00,ANNX,6.03000020980835,6.03000020980835,6.039999961853027,6.03000020980835,6.039999961853027,984.0
2024-03-01 15:05:00,ANTX,3.009999990463257,3.009999990463257,3.009999990463257,3.009999990463257,3.009999990463257,2617.0
2024-03-01 15:05:00,APDN,0.5659999847412109,0.5659999847412109,0.5659999847412109,0.5659999847412109,0.5659999847412109,100.0
2024-03-01 15:05:00,APLS,64.1760025024414,64.1760025024414,64.1760025024414,64.08999633789062,64.08999633789062,2555.0
2024-03-01 15:05:00,APLT,7.050000190734863,7.050000190734863,7.050000190734863,7.047500133514404,7.050000190734863,1577.0
2024-03-01 15:05:00,APRE,8.270000457763672,8.270000457763672,8.270000457763672,8.25,8.25,245.0
2024-03-01 15:05:00,AQST,4.078700065612793,4.078700065612793,4.078700065612793,4.066500186920166,4.066500186920166,2200.0
2024-03-01 15:05:00,ARAY,2.634999990463257,2.634999990463257,2.634999990463257,2.634999990463257,2.634999990463257,774.0
2024-03-01 15:05:00,ARCT,39.77000045776367,39.77000045776367,39.77000045776367,39.77000045776367,39.77000045776367,1126.0
2024-03-01 15:05:00,ARDX,9.479999542236328,9.479999542236328,9.479999542236328,9.46500015258789,9.46500015258789,4864.0
2024-03-01 15:05:00,ARGX,392.2300109863281,392.2300109863281,392.2300109863281,392.2300109863281,392.2300109863281,986.0
2024-03-01 15:05:00,ARQT,11.460000038146973,11.460000038146973,11.46500015258789,11.4399995803833,11.4399995803833,7157.0
2024-03-01 15:05:00,ARVN,47.974998474121094,47.974998474121094,48.0099983215332,47.900001525878906,47.904998779296875,4234.0
2024-03-01 15:05:00,ARWR,35.56999969482422,35.56999969482422,35.56999969482422,35.51499938964844,35.51499938964844,1917.0
2024-03-01 15:05:00,ASLN,0.7486500144004822,0.7486500144004822,0.7486500144004822,0.7486500144004822,0.7486500144004822,270.0
2024-03-01 15:05:00,ASND,153.75,153.75,153.80999755859375,153.42999267578125,153.42999267578125,1919.0
2024-03-01 15:05:00,ASRT,0.8840000033378601,0.8840000033378601,0.8840000033378601,0.8799999952316284,0.8799999952316284,13900.0
2024-03-01 15:05:00,ATAI,2.1449999809265137,2.1449999809265137,2.1449999809265137,2.1449999809265137,2.1449999809265137,178.0
2024-03-01 15:05:00,ATEC,13.4350004196167,13.4350004196167,13.4350004196167,13.425000190734863,13.425000190734863,4749.0
2024-03-01 15:05:00,ATHA,3.984999895095825,3.984999895095825,3.984999895095825,3.984999895095825,3.984999895095825,193.0
2024-03-01 15:05:00,ATHE,1.8200000524520874,1.8200000524520874,1.8200000524520874,1.8200000524520874,1.8200000524520874,175.0
2024-03-01 15:05:00,ATOS,1.0099999904632568,1.0099999904632568,1.0099999904632568,1.0099999904632568,1.0099999904632568,278.0
2024-03-01 15:05:00,ATRA,0.7803999781608582,0.7803999781608582,0.7838000059127808,0.7802000045776367,0.7838000059127808,7438.0
2024-03-01 15:05:00,ATRC,36.119998931884766,36.119998931884766,36.119998931884766,36.04999923706055,36.04999923706055,4209.0
2024-03-01 15:05:00,ATXI,0.15399999916553497,0.15399999916553497,0.15399999916553497,0.15399999916553497,0.15399999916553497,200.0
2024-03-01 15:05:00,ATXS,14.90999984741211,14.90999984741211,14.920000076293945,14.90999984741211,14.90999984741211,1888.0
2024-03-01 15:05:00,AUGX,4.565000057220459,4.565000057220459,4.565000057220459,4.550000190734863,4.550000190734863,215.0
2024-03-01 15:05:00,AUPH,5.784999847412109,5.784999847412109,5.784999847412109,5.784999847412109,5.784999847412109,1134.0
2024-03-01 15:05:00,AUTL,6.264999866485596,6.264999866485596,6.264999866485596,6.260000228881836,6.260000228881836,609.0
2024-03-01 15:05:00,AVDL,13.300000190734863,13.300000190734863,13.307700157165527,13.300000190734863,13.300000190734863,2615.0
2024-03-01 15:05:00,AVIR,4.460100173950195,4.460100173950195,4.465000152587891,4.460100173950195,4.465000152587891,203.0
2024-03-01 15:05:00,AVRO,1.3200000524520874,1.3200000524520874,1.3200000524520874,1.3200000524520874,1.3200000524520874,2251.0
2024-03-01 15:05:00,AVXL,5.349999904632568,5.349999904632568,5.349999904632568,5.349999904632568,5.349999904632568,101.0
2024-03-01 15:05:00,AXDX,0.97325599193573,0.97325599193573,0.97325599193573,0.97325599193573,0.97325599193573,200.0
2024-03-01 15:05:00,AXNX,67.75,67.75,67.81999969482422,67.75,67.81999969482422,6007.0
2024-03-01 15:05:00,AXSM,82.45500183105469,82.45500183105469,82.4800033569336,82.4000015258789,82.4000015258789,1724.0
2024-03-01 15:05:00,AZN,64.68499755859375,64.68499755859375,64.69999694824219,64.67500305175781,64.67500305175781,9708.0
2024-03-01 15:05:00,BBIO,35.81999969482422,35.81999969482422,35.834999084472656,35.779998779296875,35.779998779296875,2091.0
2024-03-01 15:05:00,BCAB,2.8399999141693115,2.8399999141693115,2.8399999141693115,2.8399999141693115,2.8399999141693115,1030.0
2024-03-01 15:05:00,BCDA,0.57989901304245,0.57989901304245,0.5799999833106995,0.57989901304245,0.5799999833106995,2500.0
2024-03-01 15:05:00,BCRX,5.679999828338623,5.679999828338623,5.679999828338623,5.65500020980835,5.65500020980835,18286.0
2024-03-01 15:05:00,BCYC,25.75,25.75,25.75,25.75,25.75,286.0
2024-03-01 15:05:00,BDSX,1.5950000286102295,1.5950000286102295,1.5950000286102295,1.5950000286102295,1.5950000286102295,696.0
2024-03-01 15:05:00,BDTX,4.670000076293945,4.670000076293945,4.679999828338623,4.670000076293945,4.679999828338623,1312.0
2024-03-01 15:05:00,BEAM,39.939998626708984,39.939998626708984,39.959999084472656,39.904998779296875,39.904998779296875,3156.0
2024-03-01 15:05:00,BGNE,165.94500732421875,165.94500732421875,165.94500732421875,165.94500732421875,165.94500732421875,331.0
2024-03-01 15:05:00,BIAF,2.299999952316284,2.299999952316284,2.299999952316284,2.299999952316284,2.299999952316284,1566.0
2024-03-01 15:05:00,BIIB,220.8000030517578,220.8000030517578,221.1199951171875,220.8000030517578,220.99000549316406,7013.0
2024-03-01 15:05:00,BIOL,0.14489999413490295,0.14489999413490295,0.14489999413490295,0.14470000565052032,0.1448500007390976,19115.0
2024-03-01 15:05:00,BIVI,2.009999990463257,2.009999990463257,2.0199999809265137,2.0,2.0,32227.0
2024-03-01 15:05:00,BLFS,17.8700008392334,17.8700008392334,17.899999618530273,17.8700008392334,17.899999618530273,2152.0
2024-03-01 15:05:00,BLTE,46.57500076293945,46.57500076293945,46.70000076293945,46.439998626708984,46.439998626708984,455.0
2024-03-01 15:05:00,BLUE,1.5750000476837158,1.5750000476837158,1.5750000476837158,1.5700000524520874,1.5724999904632568,6582.0
2024-03-01 15:05:00,BMEA,18.1200008392334,18.1200008392334,18.1200008392334,18.093399047851562,18.100000381469727,1777.0
2024-03-01 15:05:00,BMRN,87.79000091552734,87.79000091552734,87.79000091552734,87.75,87.75,1029.0
2024-03-01 15:05:00,BNGO,1.2549999952316284,1.2549999952316284,1.2549999952316284,1.2549999952316284,1.2549999952316284,1217.0
2024-03-01 15:05:00,BNR,0.8188999891281128,0.8188999891281128,0.8197000026702881,0.8188999891281128,0.8197000026702881,700.0
2024-03-01 15:05:00,BNTC,5.239999771118164,5.239999771118164,5.239999771118164,5.239999771118164,5.239999771118164,400.0
2024-03-01 15:05:00,BNTX,90.87999725341797,90.87999725341797,90.93499755859375,90.87999725341797,90.92500305175781,678.0
2024-03-01 15:05:00,BPMC,96.0199966430664,96.0199966430664,96.11000061035156,96.0199966430664,96.05000305175781,2467.0
2024-03-01 15:05:00,BRKR,88.71499633789062,88.71499633789062,88.73999786376953,88.69999694824219,88.73999786376953,2398.0
2024-03-01 15:05:00,BTAI,3.2200000286102295,3.2200000286102295,3.2200000286102295,3.2200000286102295,3.2200000286102295,1989.0
2024-03-01 15:05:00,BTCY,0.9800000190734863,0.9800000190734863,0.9800000190734863,0.9799000024795532,0.9799000024795532,606.0
2024-03-01 15:05:00,BTTX,0.1800999939441681,0.1800999939441681,0.18080000579357147,0.1800999939441681,0.1800999939441681,2320.0
2024-03-01 15:05:00,BWAY,6.53000020980835,6.53000020980835,6.53000020980835,6.53000020980835,6.53000020980835,203.0
2024-03-01 15:05:00,CABA,23.969999313354492,23.969999313354492,23.979999542236328,23.950000762939453,23.950000762939453,1599.0
2024-03-01 15:05:00,CADL,1.75,1.75,1.75,1.75,1.75,971.0
2024-03-01 15:05:00,CARA,0.9399999976158142,0.9399999976158142,0.9456999897956848,0.9399999976158142,0.9456999897956848,2287.0
2024-03-01 15:05:00,CBAY,32.220001220703125,32.220001220703125,32.22999954223633,32.220001220703125,32.224998474121094,4621.0
2024-03-01 15:05:00,CCCC,10.994999885559082,10.994999885559082,11.015000343322754,10.970000267028809,10.970000267028809,3330.0
2024-03-01 15:05:00,CCRN,18.270000457763672,18.270000457763672,18.270000457763672,18.260000228881836,18.260000228881836,1872.0
2024-03-01 15:05:00,CDMO,8.1899995803833,8.1899995803833,8.199999809265137,8.1899995803833,8.1899995803833,1549.0
2024-03-01 15:05:00,CDNA,12.479000091552734,12.479000091552734,12.479000091552734,12.430000305175781,12.430000305175781,2442.0
2024-03-01 15:05:00,CDXS,4.619999885559082,4.619999885559082,4.630000114440918,4.619999885559082,4.630000114440918,900.0
2024-03-01 15:05:00,CELC,17.049999237060547,17.049999237060547,17.049999237060547,17.030000686645508,17.030000686645508,300.0
2024-03-01 15:05:00,CERE,41.084999084472656,41.084999084472656,41.084999084472656,41.060001373291016,41.060001373291016,7215.0
2024-03-01 15:05:00,CERS,2.190000057220459,2.190000057220459,2.190000057220459,2.180000066757202,2.180000066757202,553.0
2024-03-01 15:05:00,CERT,18.209999084472656,18.209999084472656,18.229999542236328,18.190000534057617,18.190000534057617,4641.0
2024-03-01 15:05:00,CGC,3.190000057220459,3.190000057220459,3.191699981689453,3.190000057220459,3.191699981689453,468.0
2024-03-01 15:05:00,CGEM,18.700000762939453,18.700000762939453,18.778099060058594,18.700000762939453,18.739999771118164,2983.0
2024-03-01 15:05:00,CGEN,2.680000066757202,2.680000066757202,2.680000066757202,2.680000066757202,2.680000066757202,377.0
2024-03-01 15:05:00,CHRS,2.4100000858306885,2.4100000858306885,2.4100000858306885,2.4049999713897705,2.4049999713897705,5063.0
2024-03-01 15:05:00,CKPT,2.190000057220459,2.190000057220459,2.190000057220459,2.186800003051758,2.190000057220459,900.0
2024-03-01 15:05:00,CLDX,52.71500015258789,52.71500015258789,52.71500015258789,52.4900016784668,52.4900016784668,4584.0
2024-03-01 15:05:00,CLOV,0.8648999929428101,0.8648999929428101,0.8650500178337097,0.8648999929428101,0.8650500178337097,72593.0
2024-03-01 15:05:00,CLRB,4.110000133514404,4.110000133514404,4.114999771118164,4.110000133514404,4.110000133514404,4274.0
2024-03-01 15:05:00,CMPS,11.75,11.75,11.75,11.694999694824219,11.699999809265137,1864.0
2024-03-01 15:05:00,CMRX,1.2100000381469727,1.2100000381469727,1.2100000381469727,1.2100000381469727,1.2100000381469727,203.0
2024-03-01 15:05:00,CNSP,0.328900009393692,0.328900009393692,0.328900009393692,0.328000009059906,0.328000009059906,6059.0
2024-03-01 15:05:00,COCP,1.498900055885315,1.498900055885315,1.498900055885315,1.498900055885315,1.498900055885315,269.0
2024-03-01 15:05:00,CODX,1.1649999618530273,1.1649999618530273,1.1649999618530273,1.1649999618530273,1.1649999618530273,213.0
2024-03-01 15:05:00,COGT,7.199999809265137,7.199999809265137,7.199999809265137,7.199999809265137,7.199999809265137,4302.0
2024-03-01 15:05:00,CORT,24.280000686645508,24.280000686645508,24.28499984741211,24.280000686645508,24.280000686645508,2393.0
2024-03-01 15:05:00,CPRX,17.18000030517578,17.18000030517578,17.190000534057617,17.114999771118164,17.114999771118164,6481.0
2024-03-01 15:05:00,CPSI,9.369999885559082,9.369999885559082,9.369999885559082,9.369999885559082,9.369999885559082,503.0
2024-03-01 15:05:00,CRBP,32.79999923706055,32.79999923706055,32.79999923706055,32.52000045776367,32.689998626708984,5581.0
2024-03-01 15:05:00,CRBU,7.880000114440918,7.880000114440918,7.880000114440918,7.849999904632568,7.855000019073486,3157.0
2024-03-01 15:05:00,CRDF,2.6600000858306885,2.6600000858306885,2.700000047683716,2.630199909210205,2.640199899673462,62644.0
2024-03-01 15:05:00,CRDL,1.965000033378601,1.965000033378601,1.965000033378601,1.965000033378601,1.965000033378601,189.0
2024-03-01 15:05:00,CRMD,3.674999952316284,3.674999952316284,3.684999942779541,3.6700000762939453,3.6700000762939453,6064.0
2024-03-01 15:05:00,CRNX,46.08000183105469,46.08000183105469,46.08000183105469,46.040000915527344,46.040000915527344,1719.0
2024-03-01 15:05:00,CRON,2.0250000953674316,2.0250000953674316,2.0250000953674316,2.0199999809265137,2.0250000953674316,1625.0
2024-03-01 15:05:00,CRSP,85.05500030517578,85.05500030517578,85.05500030517578,84.94999694824219,84.95999908447266,1624.0
2024-03-01 15:05:00,CSTL,19.790000915527344,19.790000915527344,19.809999465942383,19.7549991607666,19.764999389648438,3458.0
2024-03-01 15:05:00,CTKB,9.005000114440918,9.005000114440918,9.005000114440918,9.0,9.0,704.0
2024-03-01 15:05:00,CTMX,2.5299999713897705,2.5299999713897705,2.5399999618530273,2.490000009536743,2.490000009536743,9460.0
2024-03-01 15:05:00,CTXR,0.7706000208854675,0.7706000208854675,0.7706000208854675,0.7706000208854675,0.7706000208854675,400.0
2024-03-01 15:05:00,CUTR,2.4000000953674316,2.4000000953674316,2.4000000953674316,2.390000104904175,2.390000104904175,202.0
2024-03-01 15:05:00,CVAC,3.442500114440918,3.442500114440918,3.442500114440918,3.442500114440918,3.442500114440918,235.0
2024-03-01 15:05:00,CVRX,20.639999389648438,20.639999389648438,20.68000030517578,20.639999389648438,20.68000030517578,727.0
2024-03-01 15:05:00,CYT,3.0999999046325684,3.0999999046325684,3.0999999046325684,3.099900007247925,3.099900007247925,1681.0
2024-03-01 15:05:00,CYTK,73.72000122070312,73.72000122070312,73.80000305175781,73.69000244140625,73.69000244140625,2227.0
2024-03-01 15:05:00,DAWN,17.690000534057617,17.690000534057617,17.690000534057617,17.670000076293945,17.670000076293945,1721.0
2024-03-01 15:05:00,DCGO,4.119999885559082,4.119999885559082,4.119999885559082,4.105000019073486,4.110000133514404,10557.0
2024-03-01 15:05:00,DCPH,17.440000534057617,17.440000534057617,17.440000534057617,17.420000076293945,17.420000076293945,1897.0
2024-03-01 15:05:00,DCTH,4.210000038146973,4.210000038146973,4.21999979019165,4.210000038146973,4.21999979019165,1796.0
2024-03-01 15:05:00,DH,8.850000381469727,8.850000381469727,8.869999885559082,8.850000381469727,8.869999885559082,4244.0
2024-03-01 15:05:00,DNLI,21.05500030517578,21.05500030517578,21.06999969482422,21.010000228881836,21.010000228881836,3218.0
2024-03-01 15:05:00,DRMA,0.4487999975681305,0.4487999975681305,0.4487999975681305,0.4487999975681305,0.4487999975681305,15500.0
2024-03-01 15:05:00,DSGN,2.875,2.875,2.875,2.869999885559082,2.869999885559082,2516.0
2024-03-01 15:05:00,DTIL,12.5,12.5,12.59000015258789,12.5,12.59000015258789,744.0
2024-03-01 15:05:00,DVAX,12.805000305175781,12.805000305175781,12.805000305175781,12.800000190734863,12.800000190734863,1760.0
2024-03-01 15:05:00,DXCM,121.25,121.25,121.2750015258789,121.19999694824219,121.19999694824219,7969.0
2024-03-01 15:05:00,DYN,29.040000915527344,29.040000915527344,29.040000915527344,29.024999618530273,29.024999618530273,2257.0
2024-03-01 15:05:00,EDIT,10.845000267028809,10.845000267028809,10.845000267028809,10.8149995803833,10.8149995803833,5978.0
2024-03-01 15:05:00,EFTR,16.0,16.0,16.010000228881836,16.0,16.010000228881836,2301.0
2024-03-01 15:05:00,EGRX,6.565000057220459,6.565000057220459,6.565000057220459,6.565000057220459,6.565000057220459,100.0
2024-03-01 15:05:00,ELEV,5.110000133514404,5.110000133514404,5.125,5.110000133514404,5.125,2025.0
2024-03-01 15:05:00,ELOX,0.8700000047683716,0.8700000047683716,0.8700000047683716,0.8700000047683716,0.8700000047683716,136.0
2024-03-01 15:05:00,EMBC,14.279999732971191,14.279999732971191,14.279999732971191,14.279999732971191,14.279999732971191,125.0
2024-03-01 15:05:00,ENTA,15.595000267028809,15.595000267028809,15.595000267028809,15.595000267028809,15.595000267028809,343.0
2024-03-01 15:05:00,ENVB,1.5051000118255615,1.5051000118255615,1.5199999809265137,1.5,1.5099999904632568,5869.0
2024-03-01 15:05:00,EOLS,14.789999961853027,14.789999961853027,14.789999961853027,14.789999961853027,14.789999961853027,110.0
2024-03-01 15:05:00,EQ,2.4700000286102295,2.4700000286102295,2.4700000286102295,2.4700000286102295,2.4700000286102295,171.0
2024-03-01 15:05:00,ERAS,2.494999885559082,2.494999885559082,2.5,2.494999885559082,2.5,2651.0
2024-03-01 15:05:00,ESPR,2.549999952316284,2.549999952316284,2.5599000453948975,2.549999952316284,2.555000066757202,10835.0
2024-03-01 15:05:00,ESTA,44.779998779296875,44.779998779296875,44.779998779296875,44.459999084472656,44.459999084472656,3110.0
2024-03-01 15:05:00,ETNB,12.75,12.75,12.75,12.729999542236328,12.729999542236328,3079.0
2024-03-01 15:05:00,EVO,7.514999866485596,7.514999866485596,7.514999866485596,7.514999866485596,7.514999866485596,666.0
2024-03-01 15:05:00,EWTX,16.8799991607666,16.8799991607666,16.8799991607666,16.8700008392334,16.8700008392334,1966.0
2024-03-01 15:05:00,EXAI,6.625,6.625,6.625,6.619999885559082,6.619999885559082,1277.0
2024-03-01 15:05:00,EXAS,59.85499954223633,59.85499954223633,59.86000061035156,59.81999969482422,59.81999969482422,2013.0
2024-03-01 15:05:00,EXEL,22.30500030517578,22.30500030517578,22.309999465942383,22.30500030517578,22.309999465942383,5876.0
2024-03-01 15:05:00,EYEN,2.3696999549865723,2.3696999549865723,2.3696999549865723,2.3696999549865723,2.3696999549865723,673.0
2024-03-01 15:05:00,EYPT,28.030000686645508,28.030000686645508,28.030000686645508,27.969999313354492,27.979999542236328,898.0
2024-03-01 15:05:00,FATE,7.724999904632568,7.724999904632568,7.724999904632568,7.695000171661377,7.695899963378906,8462.0
2024-03-01 15:05:00,FBIO,2.3499999046325684,2.3499999046325684,2.3499999046325684,2.3499999046325684,2.3499999046325684,704.0
2024-03-01 15:05:00,FDMT,29.295000076293945,29.295000076293945,29.295000076293945,29.295000076293945,29.295000076293945,376.0
2024-03-01 15:05:00,FEMY,1.7300000190734863,1.7300000190734863,1.7300000190734863,1.7210999727249146,1.7210999727249146,201.0
2024-03-01 15:05:00,FGEN,1.8350000381469727,1.8350000381469727,1.840000033378601,1.8300000429153442,1.8300000429153442,3936.0
2024-03-01 15:05:00,FIXX,0.9099500179290771,0.9099500179290771,0.9099500179290771,0.9099500179290771,0.9099500179290771,100.0
2024-03-01 15:05:00,FLGT,22.962200164794922,22.962200164794922,22.962200164794922,22.959999084472656,22.959999084472656,333.0
2024-03-01 15:05:00,FOLD,13.295000076293945,13.295000076293945,13.295000076293945,13.279999732971191,13.279999732971191,8850.0
2024-03-01 15:05:00,FULC,10.989999771118164,10.989999771118164,11.0,10.989999771118164,11.0,2680.0
2024-03-01 15:05:00,FUSN,12.140000343322754,12.140000343322754,12.170000076293945,12.130000114440918,12.170000076293945,3971.0
2024-03-01 15:05:00,FWBI,8.888699531555176,8.888699531555176,8.899999618530273,8.888699531555176,8.899999618530273,572.0
2024-03-01 15:05:00,GALT,1.9500000476837158,1.9500000476837158,1.9500000476837158,1.9500000476837158,1.9500000476837158,1539.0
2024-03-01 15:05:00,GBIO,2.619999885559082,2.619999885559082,2.630000114440918,2.609999895095825,2.609999895095825,4418.0
2024-03-01 15:05:00,GDRX,8.46500015258789,8.46500015258789,8.46500015258789,8.454999923706055,8.454999923706055,4787.0
2024-03-01 15:05:00,GENE,2.3550000190734863,2.3550000190734863,2.3550000190734863,2.3550000190734863,2.3550000190734863,100.0
2024-03-01 15:05:00,GERN,2.244999885559082,2.244999885559082,2.244999885559082,2.2339999675750732,2.234999895095825,63867.0
2024-03-01 15:05:00,GH,19.020000457763672,19.020000457763672,19.03499984741211,19.020000457763672,19.020000457763672,3574.0
2024-03-01 15:05:00,GILD,72.5250015258789,72.5250015258789,72.5250015258789,72.5199966430664,72.5199966430664,4010.0
2024-03-01 15:05:00,GLTO,0.8486999869346619,0.8486999869346619,0.8487989902496338,0.835099995136261,0.8399999737739563,43673.0
2024-03-01 15:05:00,GLYC,2.9749999046325684,2.9749999046325684,2.9749999046325684,2.9749999046325684,2.9749999046325684,256.0
2024-03-01 15:05:00,GMAB,29.368600845336914,29.368600845336914,29.368600845336914,29.360000610351562,29.360000610351562,3302.0
2024-03-01 15:05:00,GMDA,0.38190001249313354,0.38190001249313354,0.38190001249313354,0.38190001249313354,0.38190001249313354,151.0
2024-03-01 15:05:00,GOSS,1.4194999933242798,1.4194999933242798,1.4199999570846558,1.4194999933242798,1.4199999570846558,1542.0
2024-03-01 15:05:00,GOVX,2.559999942779541,2.559999942779541,2.559999942779541,2.559999942779541,2.559999942779541,318.0
2024-03-01 15:05:00,GRFS,7.025000095367432,7.025000095367432,7.03000020980835,6.994999885559082,6.994999885559082,15362.0
2024-03-01 15:05:00,GRTS,2.0950000286102295,2.0950000286102295,2.099900007247925,2.0906999111175537,2.0950000286102295,5816.0
2024-03-01 15:05:00,GRTX,0.22930000722408295,0.22930000722408295,0.23000000417232513,0.22930000722408295,0.22949999570846558,2127.0
2024-03-01 15:05:00,GTHX,3.809999942779541,3.809999942779541,3.809999942779541,3.799999952316284,3.799999952316284,589.0
2024-03-01 15:05:00,HALO,41.09000015258789,41.09000015258789,41.099998474121094,41.060001373291016,41.060001373291016,1544.0
2024-03-01 15:05:00,HARP,22.940000534057617,22.940000534057617,22.940000534057617,22.940000534057617,22.940000534057617,234.0
2024-03-01 15:05:00,HCAT,8.079999923706055,8.079999923706055,8.085000038146973,8.079999923706055,8.085000038146973,808.0
2024-03-01 15:05:00,HCSG,12.770000457763672,12.770000457763672,12.789999961853027,12.770000457763672,12.789999961853027,2088.0
2024-03-01 15:05:00,HCTI,2.049999952316284,2.049999952316284,2.081199884414673,2.049999952316284,2.081199884414673,2859.0
2024-03-01 15:05:00,HITI,1.7549999952316284,1.7549999952316284,1.7549999952316284,1.7549999952316284,1.7549999952316284,282.0
2024-03-01 15:05:00,HLTH,0.26159998774528503,0.26159998774528503,0.26170000433921814,0.26159998774528503,0.26170000433921814,318.0
2024-03-01 15:05:00,HOLX,74.32990264892578,74.32990264892578,74.33000183105469,74.31500244140625,74.31999969482422,1436.0
2024-03-01 15:05:00,HOOK,0.7610999941825867,0.7610999941825867,0.7749999761581421,0.7610999941825867,0.7749999761581421,20259.0
2024-03-01 15:05:00,HRMY,31.604999542236328,31.604999542236328,31.6200008392334,31.59000015258789,31.610000610351562,2354.0
2024-03-01 15:05:00,HRTX,2.5899999141693115,2.5899999141693115,2.5999999046325684,2.5899999141693115,2.5899999141693115,26800.0
2024-03-01 15:05:00,HSCS,0.11940000206232071,0.11940000206232071,0.11940000206232071,0.11940000206232071,0.11940000206232071,4188.0
2024-03-01 15:05:00,HSIC,76.87999725341797,76.87999725341797,76.9000015258789,76.87000274658203,76.87000274658203,1709.0
2024-03-01 15:05:00,HUMA,3.2249999046325684,3.2249999046325684,3.22979998588562,3.2200000286102295,3.228800058364868,14286.0
2024-03-01 15:05:00,IART,36.25,36.25,36.25,36.2400016784668,36.25,2152.0
2024-03-01 15:05:00,IBRX,4.840000152587891,4.840000152587891,4.840000152587891,4.840000152587891,4.840000152587891,1539.0
2024-03-01 15:05:00,ICLR,324.07000732421875,324.07000732421875,324.07000732421875,324.07000732421875,324.07000732421875,285.0
2024-03-01 15:05:00,ICUI,105.9000015258789,105.9000015258789,105.90049743652344,105.9000015258789,105.90049743652344,344.0
2024-03-01 15:05:00,IDYA,46.279998779296875,46.279998779296875,46.279998779296875,46.22999954223633,46.22999954223633,2842.0
2024-03-01 15:05:00,ILMN,140.94000244140625,140.94000244140625,141.0500030517578,140.93499755859375,140.9600067138672,2765.0
2024-03-01 15:05:00,IMCR,67.95999908447266,67.95999908447266,67.95999908447266,67.87000274658203,67.87999725341797,1098.0
2024-03-01 15:05:00,IMMX,3.505000114440918,3.505000114440918,3.505000114440918,3.505000114440918,3.505000114440918,430.0
2024-03-01 15:05:00,IMNM,25.325000762939453,25.325000762939453,25.356800079345703,25.325000762939453,25.356800079345703,1130.0
2024-03-01 15:05:00,IMNN,1.0199999809265137,1.0199999809265137,1.0199999809265137,1.0199999809265137,1.0199999809265137,1000.0
2024-03-01 15:05:00,IMTX,12.770000457763672,12.770000457763672,12.770000457763672,12.770000457763672,12.770000457763672,112.0
2024-03-01 15:05:00,IMUX,1.4700000286102295,1.4700000286102295,1.4700000286102295,1.4700000286102295,1.4700000286102295,250.0
2024-03-01 15:05:00,IMVT,35.650001525878906,35.650001525878906,35.650001525878906,35.619998931884766,35.619998931884766,1901.0
2024-03-01 15:05:00,INBX,36.51499938964844,36.51499938964844,36.51499938964844,36.51499938964844,36.51499938964844,846.0
2024-03-01 15:05:00,INCY,59.029998779296875,59.029998779296875,59.029998779296875,59.0099983215332,59.0099983215332,2118.0
2024-03-01 15:05:00,INGN,6.789999961853027,6.789999961853027,6.789999961853027,6.789999961853027,6.789999961853027,1063.0
2024-03-01 15:05:00,INMD,22.90999984741211,22.90999984741211,22.917999267578125,22.90250015258789,22.90999984741211,3452.0
2024-03-01 15:05:00,INO,9.609999656677246,9.609999656677246,9.609999656677246,9.595000267028809,9.595000267028809,1066.0
2024-03-01 15:05:00,INSM,28.059999465942383,28.059999465942383,28.059999465942383,28.024999618530273,28.030000686645508,2715.0
2024-03-01 15:05:00,INVA,15.399999618530273,15.399999618530273,15.414999961853027,15.385000228881836,15.385000228881836,8861.0
2024-03-01 15:05:00,INZY,6.579999923706055,6.579999923706055,6.579999923706055,6.579999923706055,6.579999923706055,190.0
2024-03-01 15:05:00,IONS,45.86000061035156,45.86000061035156,45.86000061035156,45.810001373291016,45.810001373291016,3452.0
2024-03-01 15:05:00,IOVA,17.06999969482422,17.06999969482422,17.06999969482422,17.020000457763672,17.024999618530273,40844.0
2024-03-01 15:05:00,IRWD,8.975000381469727,8.975000381469727,9.0,8.975000381469727,8.979999542236328,34240.0
2024-03-01 15:05:00,ISRG,397.3299865722656,397.3299865722656,397.3299865722656,397.3299865722656,397.3299865722656,877.0
2024-03-01 15:05:00,ITCI,72.11000061035156,72.11000061035156,72.11000061035156,72.01000213623047,72.01000213623047,2636.0
2024-03-01 15:05:00,JAGX,0.09070000052452087,0.09070000052452087,0.09200000017881393,0.08919999748468399,0.08995000272989273,915032.0
2024-03-01 15:05:00,JANX,46.33000183105469,46.33000183105469,46.34000015258789,46.04999923706055,46.06999969482422,11850.0
2024-03-01 15:05:00,JAZZ,119.1500015258789,119.1500015258789,119.15499877929688,119.1500015258789,119.15499877929688,1427.0
2024-03-01 15:05:00,JYNT,9.9399995803833,9.9399995803833,9.970000267028809,9.9399995803833,9.954999923706055,914.0
2024-03-01 15:05:00,KALV,13.979999542236328,13.979999542236328,14.020000457763672,13.979999542236328,13.979999542236328,3566.0
2024-03-01 15:05:00,KNSA,21.899999618530273,21.899999618530273,21.899999618530273,21.875,21.889999389648438,1628.0
2024-03-01 15:05:00,KNTE,2.5999999046325684,2.5999999046325684,2.5999999046325684,2.5999999046325684,2.5999999046325684,400.0
2024-03-01 15:05:00,KOD,6.03000020980835,6.03000020980835,6.03000020980835,6.014999866485596,6.014999866485596,1373.0
2024-03-01 15:05:00,KPTI,1.190000057220459,1.190000057220459,1.190000057220459,1.1799999475479126,1.190000057220459,912.0
2024-03-01 15:05:00,KRMD,2.119999885559082,2.119999885559082,2.119999885559082,2.119999885559082,2.119999885559082,201.0
2024-03-01 15:05:00,KRON,1.059999942779541,1.059999942779541,1.059999942779541,1.0499999523162842,1.0499999523162842,2206.0
2024-03-01 15:05:00,KROS,68.9800033569336,68.9800033569336,68.9800033569336,68.9800033569336,68.9800033569336,600.0
2024-03-01 15:05:00,KTRA,0.10180000215768814,0.10180000215768814,0.10189999639987946,0.10100000351667404,0.10100000351667404,7365.0
2024-03-01 15:05:00,KURA,21.889999389648438,21.889999389648438,21.889999389648438,21.8700008392334,21.889999389648438,4554.0
2024-03-01 15:05:00,KYMR,43.6150016784668,43.6150016784668,43.619998931884766,43.6150016784668,43.6150016784668,475.0
2024-03-01 15:05:00,KZR,1.0399999618530273,1.0399999618530273,1.0549999475479126,1.0399999618530273,1.0499999523162842,35124.0
2024-03-01 15:05:00,LAB,2.4700000286102295,2.4700000286102295,2.4700000286102295,2.4700000286102295,2.4700000286102295,810.0
2024-03-01 15:05:00,LBPH,21.610000610351562,21.610000610351562,21.610000610351562,21.565000534057617,21.565000534057617,244.0
2024-03-01 15:05:00,LEGN,65.58000183105469,65.58000183105469,65.58000183105469,65.54499816894531,65.55999755859375,608.0
2024-03-01 15:05:00,LFMD,7.96999979019165,7.96999979019165,7.96999979019165,7.96999979019165,7.96999979019165,852.0
2024-03-01 15:05:00,LFST,7.739999771118164,7.739999771118164,7.744999885559082,7.724999904632568,7.724999904632568,4664.0
2024-03-01 15:05:00,LGND,77.19000244140625,77.19000244140625,77.41000366210938,77.19000244140625,77.41000366210938,583.0
2024-03-01 15:05:00,LIFE,1.920799970626831,1.920799970626831,1.920799970626831,1.920799970626831,1.920799970626831,185.0
2024-03-01 15:05:00,LIVN,55.63999938964844,55.63999938964844,55.63999938964844,55.58000183105469,55.58000183105469,2174.0
2024-03-01 15:05:00,LPTX,2.859999895095825,2.859999895095825,2.9000000953674316,2.859999895095825,2.9000000953674316,425.0
2024-03-01 15:05:00,LQDA,14.595000267028809,14.595000267028809,14.595000267028809,14.595000267028809,14.595000267028809,193.0
2024-03-01 15:05:00,LRMR,11.375,11.375,11.375,11.345000267028809,11.345000267028809,401.0
2024-03-01 15:05:00,LTRN,4.150000095367432,4.150000095367432,4.150000095367432,4.150000095367432,4.150000095367432,670.0
2024-03-01 15:05:00,LUNG,9.4399995803833,9.4399995803833,9.460000038146973,9.4399995803833,9.4399995803833,1040.0
2024-03-01 15:05:00,LVTX,2.7100000381469727,2.7100000381469727,2.759999990463257,2.7100000381469727,2.75,5538.0
2024-03-01 15:05:00,LXRX,2.490000009536743,2.490000009536743,2.490000009536743,2.484999895095825,2.484999895095825,7031.0
2024-03-01 15:05:00,LYRA,5.639999866485596,5.639999866485596,5.659999847412109,5.639999866485596,5.659999847412109,200.0
2024-03-01 15:05:00,MASS,7.375,7.375,7.386899948120117,7.375,7.386899948120117,825.0
2024-03-01 15:05:00,MCRB,1.2200000286102295,1.2200000286102295,1.2253999710083008,1.2200000286102295,1.225000023841858,1095.0
2024-03-01 15:05:00,MDRX,6.050000190734863,6.050000190734863,6.070000171661377,6.019999980926514,6.03000020980835,54453.0
2024-03-01 15:05:00,MDXG,8.645000457763672,8.645000457763672,8.645000457763672,8.630000114440918,8.645000457763672,7765.0
2024-03-01 15:05:00,MDXH,3.7200000286102295,3.7200000286102295,3.7200000286102295,3.7200000286102295,3.7200000286102295,665.0
2024-03-01 15:05:00,ME,0.5530999898910522,0.5530999898910522,0.5540000200271606,0.5529999732971191,0.5539000034332275,12765.0
2024-03-01 15:05:00,MGNX,18.950000762939453,18.950000762939453,18.969999313354492,18.950000762939453,18.950000762939453,1355.0
2024-03-01 15:05:00,MGTX,6.420000076293945,6.420000076293945,6.420000076293945,6.420000076293945,6.420000076293945,334.0
2024-03-01 15:05:00,MIRM,29.299999237060547,29.299999237060547,29.299999237060547,29.299999237060547,29.299999237060547,376.0
2024-03-01 15:05:00,MIST,1.690000057220459,1.690000057220459,1.690000057220459,1.6799999475479126,1.690000057220459,20204.0
2024-03-01 15:05:00,MLTX,50.41999816894531,50.41999816894531,50.41999816894531,50.36000061035156,50.36000061035156,1148.0
2024-03-01 15:05:00,MMSI,76.26000213623047,76.26000213623047,76.26000213623047,76.26000213623047,76.26000213623047,107.0
2024-03-01 15:05:00,MNKD,4.539999961853027,4.539999961853027,4.539999961853027,4.534999847412109,4.534999847412109,5918.0
2024-03-01 15:05:00,MNMD,6.125,6.125,6.150000095367432,6.125,6.149899959564209,5184.0
2024-03-01 15:05:00,MNPR,0.949999988079071,0.949999988079071,0.949999988079071,0.920009970664978,0.920009970664978,36350.0
2024-03-01 15:05:00,MODD,1.8700000047683716,1.8700000047683716,1.8700000047683716,1.8700000047683716,1.8700000047683716,300.0
2024-03-01 15:05:00,MODV,28.434999465942383,28.434999465942383,28.434999465942383,28.389999389648438,28.434999465942383,413.0
2024-03-01 15:05:00,MOR,17.649999618530273,17.649999618530273,17.649999618530273,17.649999618530273,17.649999618530273,800.0
2024-03-01 15:05:00,MORF,39.65999984741211,39.65999984741211,39.65999984741211,39.53499984741211,39.53499984741211,1526.0
2024-03-01 15:05:00,MRAI,1.6299999952316284,1.6299999952316284,1.6299999952316284,1.5800000429153442,1.5801000595092773,450.0
2024-03-01 15:05:00,MREO,3.950000047683716,3.950000047683716,3.9749999046325684,3.944999933242798,3.969899892807007,93280.0
2024-03-01 15:05:00,MRNA,95.58300018310547,95.58300018310547,95.58999633789062,95.3550033569336,95.4000015258789,5913.0
2024-03-01 15:05:00,MRNS,9.989999771118164,9.989999771118164,10.024999618530273,9.989999771118164,10.024999618530273,1546.0
2024-03-01 15:05:00,MRSN,5.985000133514404,5.985000133514404,5.989999771118164,5.96999979019165,5.980000019073486,7661.0
2024-03-01 15:05:00,MRUS,51.560001373291016,51.560001373291016,51.599998474121094,51.529998779296875,51.54999923706055,996.0
2024-03-01 15:05:00,MRVI,7.684999942779541,7.684999942779541,7.695000171661377,7.679999828338623,7.684999942779541,8501.0
2024-03-01 15:05:00,MXCT,4.739999771118164,4.739999771118164,4.739999771118164,4.739999771118164,4.739999771118164,100.0
2024-03-01 15:05:00,MYGN,22.125,22.125,22.1299991607666,22.1200008392334,22.1200008392334,2024.0
2024-03-01 15:05:00,MYMD,3.380000114440918,3.380000114440918,3.380000114440918,3.380000114440918,3.380000114440918,217.0
2024-03-01 15:05:00,NARI,46.18000030517578,46.18000030517578,46.25,46.18000030517578,46.224998474121094,11182.0
2024-03-01 15:05:00,NAUT,2.6500000953674316,2.6500000953674316,2.6500000953674316,2.6500000953674316,2.6500000953674316,159.0
2024-03-01 15:05:00,NBIX,131.93499755859375,131.93499755859375,131.93499755859375,131.8800048828125,131.8800048828125,1830.0
2024-03-01 15:05:00,NDRA,1.1598999500274658,1.1598999500274658,1.159999966621399,1.1598999500274658,1.159999966621399,2000.0
2024-03-01 15:05:00,NEO,16.049999237060547,16.049999237060547,16.049999237060547,16.040000915527344,16.049999237060547,2284.0
2024-03-01 15:05:00,NEOG,17.325000762939453,17.325000762939453,17.325000762939453,17.315000534057617,17.31999969482422,1740.0
2024-03-01 15:05:00,NERV,2.640000104904175,2.640000104904175,2.6500000953674316,2.640000104904175,2.6500000953674316,605.0
2024-03-01 15:05:00,NGM,1.5199999809265137,1.5199999809265137,1.5199999809265137,1.5199999809265137,1.5199999809265137,235.0
2024-03-01 15:05:00,NMTC,1.2300000190734863,1.2300000190734863,1.2309999465942383,1.2200000286102295,1.2300000190734863,50679.0
2024-03-01 15:05:00,NNOX,10.838299751281738,10.838299751281738,10.840999603271484,10.800000190734863,10.800000190734863,7345.0
2024-03-01 15:05:00,NOTV,7.949999809265137,7.949999809265137,7.965000152587891,7.949999809265137,7.965000152587891,260.0
2024-03-01 15:05:00,NRC,40.52000045776367,40.52000045776367,40.52000045776367,40.52000045776367,40.52000045776367,195.0
2024-03-01 15:05:00,NRIX,13.484999656677246,13.484999656677246,13.484999656677246,13.430000305175781,13.449999809265137,4294.0
2024-03-01 15:05:00,NRSN,1.9943000078201294,1.9943000078201294,1.9943000078201294,1.9943000078201294,1.9943000078201294,100.0
2024-03-01 15:05:00,NRXP,0.43720000982284546,0.43720000982284546,0.4438000023365021,0.43720000982284546,0.4438000023365021,287.0
2024-03-01 15:05:00,NRXPW,0.16050000488758087,0.16050000488758087,0.1606999933719635,0.16050000488758087,0.1606999933719635,47109.0
2024-03-01 15:05:00,NTLA,33.349998474121094,33.349998474121094,33.349998474121094,33.290000915527344,33.290000915527344,1414.0
2024-03-01 15:05:00,NTRA,89.29000091552734,89.29000091552734,89.375,89.29000091552734,89.33999633789062,5325.0
2024-03-01 15:05:00,NUTX,0.11389999836683273,0.11389999836683273,0.11389999836683273,0.11389999836683273,0.11389999836683273,922.0
2024-03-01 15:05:00,NUVL,87.43499755859375,87.43499755859375,87.43499755859375,87.43499755859375,87.43499755859375,158.0
2024-03-01 15:05:00,NUWE,0.5849999785423279,0.5849999785423279,0.5849999785423279,0.5812000036239624,0.5812000036239624,379.0
2024-03-01 15:05:00,NVAX,5.349999904632568,5.349999904632568,5.349999904632568,5.335000038146973,5.335000038146973,28929.0
2024-03-01 15:05:00,NXTC,1.7999999523162842,1.7999999523162842,1.7999999523162842,1.7999999523162842,1.7999999523162842,1685.0
2024-03-01 15:05:00,OCGN,0.9506999850273132,0.9506999850273132,0.9506999850273132,0.9506000280380249,0.9506999850273132,5360.0
2024-03-01 15:05:00,OCUL,10.6899995803833,10.6899995803833,10.6899995803833,10.661299705505371,10.661299705505371,2948.0
2024-03-01 15:05:00,OFIX,12.854999542236328,12.854999542236328,12.854999542236328,12.854999542236328,12.854999542236328,390.0
2024-03-01 15:05:00,OGI,2.1600000858306885,2.1600000858306885,2.1600000858306885,2.1600000858306885,2.1600000858306885,1158.0
2024-03-01 15:05:00,OLMA,14.595000267028809,14.595000267028809,14.595000267028809,14.59000015258789,14.59000015258789,351.0
2024-03-01 15:05:00,OM,3.1649999618530273,3.1649999618530273,3.1649999618530273,3.1649999618530273,3.1649999618530273,489.0
2024-03-01 15:05:00,OMCL,26.56999969482422,26.56999969482422,26.56999969482422,26.56999969482422,26.56999969482422,486.0
2024-03-01 15:05:00,OMER,4.795000076293945,4.795000076293945,4.795000076293945,4.78000020980835,4.78000020980835,1660.0
2024-03-01 15:05:00,OMGA,4.409900188446045,4.409900188446045,4.409900188446045,4.40500020980835,4.40500020980835,600.0
2024-03-01 15:05:00,OMIC,0.6029000282287598,0.6029000282287598,0.6029000282287598,0.6029000282287598,0.6029000282287598,100.0
2024-03-01 15:05:00,ONTX,0.8345999717712402,0.8345999717712402,0.8371000289916992,0.8345999717712402,0.8371000289916992,300.0
2024-03-01 15:06:00,AADI,1.9299999475479126,1.9299999475479126,1.9299999475479126,1.9299999475479126,1.9299999475479126,101.0
2024-03-01 15:06:00,ABCL,5.0904998779296875,5.0904998779296875,5.09499979019165,5.090000152587891,5.09499979019165,1631.0
2024-03-01 15:06:00,ABEO,7.739999771118164,7.739999771118164,7.764999866485596,7.739999771118164,7.739999771118164,744.0
2024-03-01 15:06:00,ABOS,4.599999904632568,4.599999904632568,4.605000019073486,4.599999904632568,4.599999904632568,14183.0
2024-03-01 15:06:00,ABSI,5.545000076293945,5.545000076293945,5.545000076293945,5.545000076293945,5.545000076293945,261.0
2024-03-01 15:06:00,ABUS,2.7799999713897705,2.7799999713897705,2.7799999713897705,2.7799999713897705,2.7799999713897705,993.0
2024-03-01 15:06:00,ACAD,24.079999923706055,24.079999923706055,24.09000015258789,24.079999923706055,24.09000015258789,3515.0
2024-03-01 15:06:00,ACCD,10.085000038146973,10.085000038146973,10.085000038146973,10.08430004119873,10.085000038146973,2882.0
2024-03-01 15:06:00,ACET,2.380000114440918,2.380000114440918,2.384999990463257,2.369999885559082,2.384999990463257,9877.0
2024-03-01 15:06:00,ACHC,84.08000183105469,84.08000183105469,84.12000274658203,84.08000183105469,84.12000274658203,625.0
2024-03-01 15:06:00,ACHL,1.3700000047683716,1.3700000047683716,1.375,1.3700000047683716,1.3710999488830566,1600.0
2024-03-01 15:06:00,ACHV,4.429999828338623,4.429999828338623,4.429999828338623,4.429999828338623,4.429999828338623,123.0
2024-03-01 15:06:00,ACLX,67.8499984741211,67.8499984741211,67.86000061035156,67.8499984741211,67.86000061035156,465.0
2024-03-01 15:06:00,ACON,0.4000000059604645,0.4000000059604645,0.4000000059604645,0.4000000059604645,0.4000000059604645,536.0
2024-03-01 15:06:00,ACRS,1.2200000286102295,1.2200000286102295,1.2300000190734863,1.2200000286102295,1.2200000286102295,840.0
2024-03-01 15:06:00,ADAP,1.590000033378601,1.590000033378601,1.590000033378601,1.590000033378601,1.590000033378601,318.0
2024-03-01 15:06:00,ADIL,2.8101000785827637,2.8101000785827637,2.8399999141693115,2.776099920272827,2.7822999954223633,69409.0
2024-03-01 15:06:00,ADMA,5.534999847412109,5.534999847412109,5.534999847412109,5.534999847412109,5.534999847412109,3092.0
2024-03-01 15:06:00,ADPT,4.059999942779541,4.059999942779541,4.060999870300293,4.059999942779541,4.060999870300293,593.0
2024-03-01 15:06:00,ADVM,1.9600000381469727,1.9600000381469727,1.9700000286102295,1.9600000381469727,1.965000033378601,2081.0
2024-03-01 15:06:00,AGEN,0.6700500249862671,0.6700500249862671,0.6700999736785889,0.6700000166893005,0.670074999332428,3229.0
2024-03-01 15:06:00,AGIO,32.28499984741211,32.28499984741211,32.28499984741211,32.2599983215332,32.28499984741211,2568.0
2024-03-01 15:06:00,AHCO,10.460000038146973,10.460000038146973,10.46500015258789,10.460000038146973,10.46500015258789,785.0
2024-03-01 15:06:00,AIMD,0.9473000168800354,0.9473000168800354,0.9800000190734863,0.9473000168800354,0.9710000157356262,3007.0
2024-03-01 15:06:00,AKRO,28.25,28.25,28.489999771118164,28.229999542236328,28.489999771118164,39517.0
2024-03-01 15:06:00,ALDX,4.210000038146973,4.210000038146973,4.224999904632568,4.210000038146973,4.220900058746338,2234.0
2024-03-01 15:06:00,ALEC,7.434999942779541,7.434999942779541,7.434999942779541,7.434999942779541,7.434999942779541,329.0
2024-03-01 15:06:00,ALHC,5.590000152587891,5.590000152587891,5.599999904632568,5.585000038146973,5.599999904632568,11067.0
2024-03-01 15:06:00,ALKS,30.139999389648438,30.139999389648438,30.15999984741211,30.139999389648438,30.15999984741211,1857.0
2024-03-01 15:06:00,ALLK,1.6549999713897705,1.6549999713897705,1.6549999713897705,1.6549999713897705,1.6549999713897705,359.0
2024-03-01 15:06:00,ALLO,4.96999979019165,4.96999979019165,4.96999979019165,4.96999979019165,4.96999979019165,2080.0
2024-03-01 15:06:00,ALPN,35.83000183105469,35.83000183105469,35.83000183105469,35.82500076293945,35.82500076293945,1113.0
2024-03-01 15:06:00,ALT,12.029999732971191,12.029999732971191,12.0600004196167,12.029999732971191,12.0600004196167,5095.0
2024-03-01 15:06:00,ALVO,15.630000114440918,15.630000114440918,15.630000114440918,15.630000114440918,15.630000114440918,857.0
2024-03-01 15:06:00,ALVR,0.741599977016449,0.741599977016449,0.741599977016449,0.7400000095367432,0.7400000095367432,449.0
2024-03-01 15:06:00,ALXO,15.015000343322754,15.015000343322754,15.015000343322754,15.015000343322754,15.015000343322754,352.0
2024-03-01 15:06:00,AMED,93.2699966430664,93.2699966430664,93.2699966430664,93.2699966430664,93.2699966430664,423.0
2024-03-01 15:06:00,AMGN,280.3599853515625,280.3599853515625,280.385009765625,280.2699890136719,280.3699951171875,3180.0
2024-03-01 15:06:00,AMRN,1.0549999475479126,1.0549999475479126,1.0549999475479126,1.0549999475479126,1.0549999475479126,145.0
2024-03-01 15:06:00,ANGO,5.485000133514404,5.485000133514404,5.485000133514404,5.485000133514404,5.485000133514404,261.0
2024-03-01 15:06:00,ANIP,66.94499969482422,66.94499969482422,66.94499969482422,66.55000305175781,66.55000305175781,3892.0
2024-03-01 15:06:00,ANNX,6.019999980926514,6.019999980926514,6.019999980926514,6.019999980926514,6.019999980926514,112.0
2024-03-01 15:06:00,APLS,64.25,64.25,64.25,64.13999938964844,64.16999816894531,4327.0
2024-03-01 15:06:00,APLT,7.039999961853027,7.039999961853027,7.0584001541137695,7.039999961853027,7.0584001541137695,359.0
2024-03-01 15:06:00,APTO,1.8499000072479248,1.8499000072479248,1.850000023841858,1.840000033378601,1.840000033378601,8205.0
2024-03-01 15:06:00,APVO,0.1599999964237213,0.1599999964237213,0.1599999964237213,0.1599999964237213,0.1599999964237213,156.0
2024-03-01 15:06:00,AQST,4.054999828338623,4.054999828338623,4.079899787902832,4.050000190734863,4.079899787902832,11743.0
2024-03-01 15:06:00,ARCT,39.744998931884766,39.744998931884766,39.744998931884766,39.7400016784668,39.7400016784668,409.0
2024-03-01 15:06:00,ARDX,9.475000381469727,9.475000381469727,9.475000381469727,9.470000267028809,9.475000381469727,2276.0
2024-03-01 15:06:00,ARQT,11.473999977111816,11.473999977111816,11.479999542236328,11.449999809265137,11.460000038146973,12929.0
2024-03-01 15:06:00,ARVN,47.970001220703125,47.970001220703125,47.970001220703125,47.91999816894531,47.91999816894531,446.0
2024-03-01 15:06:00,ARWR,35.5,35.5,35.56999969482422,35.4900016784668,35.56999969482422,3912.0
2024-03-01 15:06:00,ASLN,0.7498999834060669,0.7498999834060669,0.7498999834060669,0.7498999834060669,0.7498999834060669,500.0
2024-03-01 15:06:00,ASND,153.64999389648438,153.64999389648438,153.64999389648438,153.48590087890625,153.48590087890625,1128.0
2024-03-01 15:06:00,ASRT,0.8899000287055969,0.8899000287055969,0.8899000287055969,0.8855000138282776,0.8855000138282776,602.0
2024-03-01 15:06:00,ATAI,2.1449999809265137,2.1449999809265137,2.1493000984191895,2.1440000534057617,2.1449999809265137,4347.0
2024-03-01 15:06:00,ATEC,13.425000190734863,13.425000190734863,13.4399995803833,13.425000190734863,13.4399995803833,4427.0
2024-03-01 15:06:00,ATRA,0.7803000211715698,0.7803000211715698,0.7803000211715698,0.7803000211715698,0.7803000211715698,552.0
2024-03-01 15:06:00,ATRC,36.119998931884766,36.119998931884766,36.119998931884766,36.119998931884766,36.119998931884766,100.0
2024-03-01 15:06:00,ATXI,0.15399999916553497,0.15399999916553497,0.15399999916553497,0.15399999916553497,0.15399999916553497,201.0
2024-03-01 15:06:00,AUGX,4.550000190734863,4.550000190734863,4.550000190734863,4.550000190734863,4.550000190734863,202.0
2024-03-01 15:06:00,AUPH,5.784999847412109,5.784999847412109,5.784999847412109,5.784999847412109,5.784999847412109,543.0
2024-03-01 15:06:00,AUTL,6.25,6.25,6.260000228881836,6.25,6.260000228881836,5000.0
2024-03-01 15:06:00,AVDL,13.300000190734863,13.300000190734863,13.300000190734863,13.289999961853027,13.300000190734863,7910.0
2024-03-01 15:06:00,AVRO,1.3200000524520874,1.3200000524520874,1.3200000524520874,1.3200000524520874,1.3200000524520874,114.0
2024-03-01 15:06:00,AVXL,5.34499979019165,5.34499979019165,5.34499979019165,5.34499979019165,5.34499979019165,533.0
2024-03-01 15:06:00,AXNX,67.69999694824219,67.69999694824219,67.69999694824219,67.69999694824219,67.69999694824219,316.0
2024-03-01 15:06:00,AXSM,82.41000366210938,82.41000366210938,82.41000366210938,82.4000015258789,82.4000015258789,1243.0
2024-03-01 15:06:00,AZN,64.67430114746094,64.67430114746094,64.68000030517578,64.66999816894531,64.68000030517578,3093.0
2024-03-01 15:06:00,AZTA,66.9000015258789,66.9000015258789,66.94999694824219,66.9000015258789,66.94999694824219,2660.0
2024-03-01 15:06:00,BBIO,35.790000915527344,35.790000915527344,35.79999923706055,35.77000045776367,35.790000915527344,1046.0
2024-03-01 15:06:00,BCAB,2.825000047683716,2.825000047683716,2.8350000381469727,2.825000047683716,2.8350000381469727,3446.0
2024-03-01 15:06:00,BCDA,0.574999988079071,0.574999988079071,0.5799999833106995,0.574999988079071,0.5799999833106995,10472.0
2024-03-01 15:06:00,BCEL,0.26809999346733093,0.26809999346733093,0.26809999346733093,0.26809999346733093,0.26809999346733093,218.0
2024-03-01 15:06:00,BCRX,5.670000076293945,5.670000076293945,5.670000076293945,5.670000076293945,5.670000076293945,4123.0
2024-03-01 15:06:00,BDTX,4.684999942779541,4.684999942779541,4.690000057220459,4.684999942779541,4.690000057220459,656.0
2024-03-01 15:06:00,BEAM,39.88999938964844,39.88999938964844,39.94499969482422,39.88999938964844,39.93000030517578,2963.0
2024-03-01 15:06:00,BIIB,220.8300018310547,220.8300018310547,220.9149932861328,220.8300018310547,220.9149932861328,808.0
2024-03-01 15:06:00,BIOL,0.14480000734329224,0.14480000734329224,0.1448500007390976,0.14480000734329224,0.14480000734329224,20125.0
2024-03-01 15:06:00,BIVI,2.0185999870300293,2.0185999870300293,2.0299999713897705,2.0,2.0,29555.0
2024-03-01 15:06:00,BLFS,17.860000610351562,17.860000610351562,17.8700008392334,17.860000610351562,17.860000610351562,1207.0
2024-03-01 15:06:00,BLRX,1.350000023841858,1.350000023841858,1.350000023841858,1.350000023841858,1.350000023841858,100.0
2024-03-01 15:06:00,BLUE,1.5750000476837158,1.5750000476837158,1.5800000429153442,1.5700000524520874,1.5799000263214111,8980.0
2024-03-01 15:06:00,BMEA,18.06999969482422,18.06999969482422,18.1200008392334,18.06999969482422,18.1200008392334,1806.0
2024-03-01 15:06:00,BMRA,1.2000000476837158,1.2000000476837158,1.2000000476837158,1.2000000476837158,1.2000000476837158,100.0
2024-03-01 15:06:00,BMRN,87.62999725341797,87.62999725341797,87.73999786376953,87.62999725341797,87.73999786376953,3282.0
2024-03-01 15:06:00,BNGO,1.2589000463485718,1.2589000463485718,1.2589000463485718,1.2589000463485718,1.2589000463485718,163.0
2024-03-01 15:06:00,BNTC,5.289899826049805,5.289899826049805,5.289999961853027,5.289899826049805,5.289999961853027,1001.0
2024-03-01 15:06:00,BNTX,90.83499908447266,90.83499908447266,90.87999725341797,90.81999969482422,90.87999725341797,1402.0
2024-03-01 15:06:00,BPMC,96.06500244140625,96.06500244140625,96.06500244140625,96.06500244140625,96.06500244140625,671.0
2024-03-01 15:06:00,BRKR,88.80000305175781,88.80000305175781,88.80000305175781,88.69999694824219,88.72000122070312,7418.0
2024-03-01 15:06:00,BTTX,0.18279999494552612,0.18279999494552612,0.18289999663829803,0.1800999939441681,0.18019999563694,4250.0
2024-03-01 15:06:00,BVS,4.744999885559082,4.744999885559082,4.744999885559082,4.744999885559082,4.744999885559082,305.0
2024-03-01 15:06:00,CABA,23.969999313354492,23.969999313354492,23.969999313354492,23.959999084472656,23.959999084472656,576.0
2024-03-01 15:06:00,CAPR,4.465000152587891,4.465000152587891,4.465000152587891,4.465000152587891,4.465000152587891,143.0
2024-03-01 15:06:00,CARA,0.9297000169754028,0.9297000169754028,0.9424999952316284,0.9222999811172485,0.9279850125312805,13214.0
2024-03-01 15:06:00,CBAY,32.220001220703125,32.220001220703125,32.22999954223633,32.220001220703125,32.224998474121094,5803.0
2024-03-01 15:06:00,CCCC,10.994999885559082,10.994999885559082,10.994999885559082,10.989999771118164,10.989999771118164,1082.0
2024-03-01 15:06:00,CCRN,18.299999237060547,18.299999237060547,18.299999237060547,18.290000915527344,18.290000915527344,1621.0
2024-03-01 15:06:00,CDMO,8.199999809265137,8.199999809265137,8.199999809265137,8.199999809265137,8.199999809265137,477.0
2024-03-01 15:06:00,CDNA,12.460000038146973,12.460000038146973,12.475000381469727,12.460000038146973,12.475000381469727,2642.0
2024-03-01 15:06:00,CDXC,1.6399999856948853,1.6399999856948853,1.6399999856948853,1.6399999856948853,1.6399999856948853,265.0
2024-03-01 15:06:00,CDXS,4.619999885559082,4.619999885559082,4.619999885559082,4.619999885559082,4.619999885559082,9805.0
2024-03-01 15:06:00,CERE,41.084999084472656,41.084999084472656,41.084999084472656,41.084999084472656,41.084999084472656,2000.0
2024-03-01 15:06:00,CERS,2.184999942779541,2.184999942779541,2.184999942779541,2.184999942779541,2.184999942779541,1000.0
2024-03-01 15:06:00,CERT,18.219999313354492,18.219999313354492,18.219999313354492,18.219999313354492,18.219999313354492,288.0
2024-03-01 15:06:00,CGC,3.194999933242798,3.194999933242798,3.194999933242798,3.190000057220459,3.190200090408325,2367.0
2024-03-01 15:06:00,CGEM,18.700000762939453,18.700000762939453,18.70400047302246,18.700000762939453,18.700000762939453,1006.0
2024-03-01 15:06:00,CGEN,2.680000066757202,2.680000066757202,2.680000066757202,2.680000066757202,2.680000066757202,110.0
2024-03-01 15:06:00,CHRS,2.4100000858306885,2.4100000858306885,2.4100000858306885,2.4100000858306885,2.4100000858306885,3865.0
2024-03-01 15:06:00,CING,1.340000033378601,1.340000033378601,1.340000033378601,1.340000033378601,1.340000033378601,103.0
2024-03-01 15:06:00,CKPT,2.180000066757202,2.180000066757202,2.190000057220459,2.180000066757202,2.190000057220459,200.0
2024-03-01 15:06:00,CLDX,52.58000183105469,52.58000183105469,52.720001220703125,52.58000183105469,52.720001220703125,4130.0
2024-03-01 15:06:00,CLOV,0.8634499907493591,0.8634499907493591,0.8648999929428101,0.8633999824523926,0.8648999929428101,34149.0
2024-03-01 15:06:00,CLRB,4.099999904632568,4.099999904632568,4.119999885559082,4.099999904632568,4.110000133514404,1881.0
2024-03-01 15:06:00,CMMB,0.6485000252723694,0.6485000252723694,0.6485000252723694,0.6485000252723694,0.6485000252723694,418.0
2024-03-01 15:06:00,CMPS,11.699999809265137,11.699999809265137,11.75,11.699999809265137,11.75,6013.0
2024-03-01 15:06:00,CNSP,0.3222010135650635,0.3222010135650635,0.3222010135650635,0.3222010135650635,0.3222010135650635,4561.0
2024-03-01 15:06:00,COGT,7.199999809265137,7.199999809265137,7.199999809265137,7.195000171661377,7.195000171661377,1022.0
2024-03-01 15:06:00,COLL,36.72999954223633,36.72999954223633,36.72999954223633,36.72999954223633,36.72999954223633,576.0
2024-03-01 15:06:00,CORT,24.270000457763672,24.270000457763672,24.270000457763672,24.270000457763672,24.270000457763672,395.0
2024-03-01 15:06:00,CPRX,17.168800354003906,17.168800354003906,17.18000030517578,17.149999618530273,17.18000030517578,8434.0
2024-03-01 15:06:00,CRBU,7.860000133514404,7.860000133514404,7.869999885559082,7.860000133514404,7.869999885559082,1137.0
2024-03-01 15:06:00,CRDF,2.6303000450134277,2.6303000450134277,2.6700000762939453,2.619999885559082,2.6666998863220215,39207.0
2024-03-01 15:06:00,CRDL,1.9500000476837158,1.9500000476837158,1.9500000476837158,1.9299999475479126,1.9500000476837158,10316.0
2024-03-01 15:06:00,CRMD,3.6700000762939453,3.6700000762939453,3.6700000762939453,3.6700000762939453,3.6700000762939453,2756.0
2024-03-01 15:06:00,CRNX,45.97999954223633,45.97999954223633,46.08000183105469,45.97999954223633,46.08000183105469,1894.0
2024-03-01 15:06:00,CRON,2.0246999263763428,2.0246999263763428,2.0250000953674316,2.0199999809265137,2.0250000953674316,1770.0
2024-03-01 15:06:00,CRSP,84.94000244140625,84.94000244140625,85.05999755859375,84.94000244140625,85.05999755859375,1130.0
2024-03-01 15:06:00,CSTL,19.875,19.875,19.875,19.790000915527344,19.790000915527344,2103.0
2024-03-01 15:06:00,CTKB,9.005000114440918,9.005000114440918,9.005000114440918,9.005000114440918,9.005000114440918,466.0
2024-03-01 15:06:00,CTMX,2.5350000858306885,2.5350000858306885,2.5350000858306885,2.5350000858306885,2.5350000858306885,200.0
2024-03-01 15:06:00,CTXR,0.7702999711036682,0.7702999711036682,0.7709000110626221,0.7702999711036682,0.7709000110626221,1829.0
2024-03-01 15:06:00,CUE,2.1600000858306885,2.1600000858306885,2.1600000858306885,2.1600000858306885,2.1600000858306885,139.0
2024-03-01 15:06:00,CUTR,2.3949999809265137,2.3949999809265137,2.4000000953674316,2.3949999809265137,2.4000000953674316,712.0
2024-03-01 15:06:00,CVAC,3.444999933242798,3.444999933242798,3.444999933242798,3.440000057220459,3.440000057220459,506.0
2024-03-01 15:06:00,CYTH,1.6399999856948853,1.6399999856948853,1.6399999856948853,1.6399999856948853,1.6399999856948853,476.0
2024-03-01 15:06:00,CYTK,73.8949966430664,73.8949966430664,74.0,73.7239990234375,73.7239990234375,5899.0
2024-03-01 15:06:00,DARE,0.550000011920929,0.550000011920929,0.5598999857902527,0.550000011920929,0.5598999857902527,3481.0
2024-03-01 15:06:00,DCGO,4.09499979019165,4.09499979019165,4.114999771118164,4.09499979019165,4.110000133514404,11128.0
2024-03-01 15:06:00,DH,8.829999923706055,8.829999923706055,8.848999977111816,8.829999923706055,8.84000015258789,1074.0
2024-03-01 15:06:00,DMTK,0.8497989773750305,0.8497989773750305,0.8497999906539917,0.8497989773750305,0.8497999906539917,690.0
2024-03-01 15:06:00,DNLI,21.03499984741211,21.03499984741211,21.05500030517578,21.030000686645508,21.049999237060547,2069.0
2024-03-01 15:06:00,DVAX,12.795000076293945,12.795000076293945,12.800000190734863,12.795000076293945,12.800000190734863,1361.0
2024-03-01 15:06:00,DXCM,121.22000122070312,121.22000122070312,121.25,121.18070220947266,121.25,5413.0
2024-03-01 15:06:00,DYN,29.0,29.0,29.030000686645508,28.989999771118164,29.030000686645508,2484.0
2024-03-01 15:06:00,EDIT,10.829999923706055,10.829999923706055,10.845000267028809,10.829999923706055,10.845000267028809,2868.0
2024-03-01 15:06:00,EFTR,16.0,16.0,16.030000686645508,16.0,16.030000686645508,17405.0
2024-03-01 15:06:00,EIGR,7.199999809265137,7.199999809265137,7.199999809265137,7.199999809265137,7.199999809265137,194.0
2024-03-01 15:06:00,ELEV,5.139999866485596,5.139999866485596,5.139999866485596,5.110000133514404,5.139999866485596,1936.0
2024-03-01 15:06:00,ENSG,121.2166976928711,121.2166976928711,121.22000122070312,121.1697998046875,121.22000122070312,632.0
2024-03-01 15:06:00,ENTA,15.550000190734863,15.550000190734863,15.550000190734863,15.550000190734863,15.550000190734863,272.0
2024-03-01 15:06:00,ENVB,1.4986000061035156,1.4986000061035156,1.5199999809265137,1.4986000061035156,1.5099999904632568,6270.0
2024-03-01 15:06:00,EOLS,14.8100004196167,14.8100004196167,14.8100004196167,14.8100004196167,14.8100004196167,153.0
2024-03-01 15:06:00,EPIX,9.5,9.5,9.5,9.470000267028809,9.470000267028809,1002.0
2024-03-01 15:06:00,ERAS,2.494999885559082,2.494999885559082,2.494999885559082,2.494999885559082,2.494999885559082,152.0
2024-03-01 15:06:00,ESPR,2.5450000762939453,2.5450000762939453,2.550100088119507,2.5450000762939453,2.550100088119507,12944.0
2024-03-01 15:06:00,ESTA,44.584999084472656,44.584999084472656,44.584999084472656,44.584999084472656,44.584999084472656,222.0
2024-03-01 15:06:00,ETNB,12.725000381469727,12.725000381469727,12.739999771118164,12.725000381469727,12.739999771118164,2324.0
2024-03-01 15:06:00,EWTX,16.850000381469727,16.850000381469727,16.875,16.850000381469727,16.875,2818.0
2024-03-01 15:06:00,EXAI,6.619999885559082,6.619999885559082,6.625,6.619999885559082,6.625,1242.0
2024-03-01 15:06:00,EXAS,59.773799896240234,59.773799896240234,59.83000183105469,59.773799896240234,59.83000183105469,912.0
2024-03-01 15:06:00,EXEL,22.30500030517578,22.30500030517578,22.30500030517578,22.299999237060547,22.30500030517578,1324.0
2024-03-01 15:06:00,EYEN,2.361999988555908,2.361999988555908,2.3698999881744385,2.361999988555908,2.3698999881744385,611.0
2024-03-01 15:06:00,EYPT,27.969999313354492,27.969999313354492,28.028900146484375,27.969999313354492,28.0049991607666,1198.0
2024-03-01 15:06:00,FATE,7.71999979019165,7.71999979019165,7.71999979019165,7.704999923706055,7.71999979019165,14552.0
2024-03-01 15:06:00,FBIO,2.3499999046325684,2.3499999046325684,2.3499999046325684,2.3499999046325684,2.3499999046325684,1081.0
2024-03-01 15:06:00,FDMT,29.295000076293945,29.295000076293945,29.295000076293945,29.270000457763672,29.295000076293945,650.0
2024-03-01 15:06:00,FGEN,1.8250000476837158,1.8250000476837158,1.8300000429153442,1.8250000476837158,1.8300000429153442,1720.0
2024-03-01 15:06:00,FIXX,0.9099500179290771,0.9099500179290771,0.9099500179290771,0.9099500179290771,0.9099500179290771,100.0
2024-03-01 15:06:00,FLGT,22.950000762939453,22.950000762939453,22.969999313354492,22.950000762939453,22.969999313354492,362.0
2024-03-01 15:06:00,FOLD,13.28499984741211,13.28499984741211,13.289999961853027,13.28499984741211,13.289999961853027,1640.0
2024-03-01 15:06:00,FULC,10.960000038146973,10.960000038146973,10.989999771118164,10.960000038146973,10.989999771118164,1611.0
2024-03-01 15:06:00,FUSN,12.140000343322754,12.140000343322754,12.14840030670166,12.140000343322754,12.140000343322754,510.0
2024-03-01 15:06:00,GBIO,2.619999885559082,2.619999885559082,2.619999885559082,2.615000009536743,2.619999885559082,831.0
2024-03-01 15:06:00,GCTK,0.3050000071525574,0.3050000071525574,0.3050000071525574,0.3050000071525574,0.3050000071525574,1949.0
2024-03-01 15:06:00,GDRX,8.454999923706055,8.454999923706055,8.470000267028809,8.449999809265137,8.470000267028809,9026.0
2024-03-01 15:06:00,GENE,2.2699999809265137,2.2699999809265137,2.2699999809265137,2.2699999809265137,2.2699999809265137,227.0
2024-03-01 15:06:00,GERN,2.244999885559082,2.244999885559082,2.244999885559082,2.240000009536743,2.2400999069213867,21478.0
2024-03-01 15:06:00,GH,19.010000228881836,19.010000228881836,19.020000457763672,19.010000228881836,19.020000457763672,977.0
2024-03-01 15:06:00,GILD,72.51180267333984,72.51180267333984,72.53500366210938,72.51000213623047,72.5199966430664,9834.0
2024-03-01 15:06:00,GLTO,0.8365510106086731,0.8365510106086731,0.848800003528595,0.8365510106086731,0.848800003528595,2226.0
2024-03-01 15:06:00,GLYC,2.990000009536743,2.990000009536743,2.990000009536743,2.9800000190734863,2.9800000190734863,1140.0
2024-03-01 15:06:00,GMAB,29.350000381469727,29.350000381469727,29.3700008392334,29.350000381469727,29.368499755859375,1881.0
2024-03-01 15:06:00,GOSS,1.4149999618530273,1.4149999618530273,1.4199999570846558,1.4149999618530273,1.4149999618530273,1330.0
2024-03-01 15:06:00,GRFS,7.034999847412109,7.034999847412109,7.039999961853027,7.025000095367432,7.025000095367432,2236.0
2024-03-01 15:06:00,GRPH,3.4100000858306885,3.4100000858306885,3.4100000858306885,3.4100000858306885,3.4100000858306885,187.0
2024-03-01 15:06:00,GRTS,2.0950000286102295,2.0950000286102295,2.097599983215332,2.0950000286102295,2.0950000286102295,3989.0
2024-03-01 15:06:00,GTHX,3.7799999713897705,3.7799999713897705,3.809999942779541,3.7799999713897705,3.799999952316284,5956.0
2024-03-01 15:06:00,HALO,41.060001373291016,41.060001373291016,41.08000183105469,41.060001373291016,41.08000183105469,658.0
2024-03-01 15:06:00,HARP,22.94499969482422,22.94499969482422,22.94499969482422,22.94499969482422,22.94499969482422,561.0
2024-03-01 15:06:00,HCAT,8.085000038146973,8.085000038146973,8.085000038146973,8.079999923706055,8.079999923706055,904.0
2024-03-01 15:06:00,HCSG,12.75,12.75,12.755000114440918,12.75,12.755000114440918,327.0
2024-03-01 15:06:00,HCTI,2.0399999618530273,2.0399999618530273,2.0799999237060547,2.0399999618530273,2.0799999237060547,863.0
2024-03-01 15:06:00,HITI,1.7549999952316284,1.7549999952316284,1.7549999952316284,1.7549999952316284,1.7549999952316284,200.0
2024-03-01 15:06:00,HLTH,0.2632000148296356,0.2632000148296356,0.2632000148296356,0.2630560100078583,0.2630560100078583,676.0
2024-03-01 15:06:00,HOLX,74.34500122070312,74.34500122070312,74.34500122070312,74.33000183105469,74.33000183105469,2279.0
2024-03-01 15:06:00,HRMY,31.6299991607666,31.6299991607666,31.6299991607666,31.604999542236328,31.6200008392334,1535.0
2024-03-01 15:06:00,HROW,10.899999618530273,10.899999618530273,10.899999618530273,10.899999618530273,10.899999618530273,241.0
2024-03-01 15:06:00,HRTX,2.5999999046325684,2.5999999046325684,2.5999999046325684,2.5999999046325684,2.5999999046325684,804.0
2024-03-01 15:06:00,HSCS,0.11949999630451202,0.11949999630451202,0.11949999630451202,0.11945000290870667,0.11949999630451202,2156.0
2024-03-01 15:06:00,HUMA,3.2200000286102295,3.2200000286102295,3.2300000190734863,3.2200000286102295,3.2249999046325684,1844.0
2024-03-01 15:06:00,IART,36.22999954223633,36.22999954223633,36.2400016784668,36.220001220703125,36.2400016784668,2169.0
2024-03-01 15:06:00,IBRX,4.840000152587891,4.840000152587891,4.84499979019165,4.840000152587891,4.84499979019165,3512.0
2024-03-01 15:06:00,ICCM,1.2799999713897705,1.2799999713897705,1.2799999713897705,1.2799999713897705,1.2799999713897705,223.0
2024-03-01 15:06:00,ICLR,323.9849853515625,323.9849853515625,324.04998779296875,323.9849853515625,324.04998779296875,1224.0
2024-03-01 15:06:00,ICUI,105.9800033569336,105.9800033569336,105.98999786376953,105.9800033569336,105.98999786376953,881.0
2024-03-01 15:06:00,IDYA,46.20500183105469,46.20500183105469,46.310001373291016,46.20500183105469,46.310001373291016,2017.0
2024-03-01 15:06:00,ILMN,141.07000732421875,141.07000732421875,141.07000732421875,140.97999572753906,140.98500061035156,1506.0
2024-03-01 15:06:00,IMCR,67.95999908447266,67.95999908447266,67.95999908447266,67.95999908447266,67.95999908447266,209.0
2024-03-01 15:06:00,IMMX,3.505000114440918,3.505000114440918,3.505000114440918,3.5,3.5,498.0
2024-03-01 15:06:00,IMNM,25.25,25.25,25.290000915527344,25.25,25.290000915527344,660.0
2024-03-01 15:06:00,IMNN,1.0199999809265137,1.0199999809265137,1.0199999809265137,1.0199999809265137,1.0199999809265137,100.0
2024-03-01 15:06:00,IMRX,6.099999904632568,6.099999904632568,6.110000133514404,6.099999904632568,6.099999904632568,1007.0
2024-03-01 15:06:00,IMVT,35.630001068115234,35.630001068115234,35.630001068115234,35.630001068115234,35.630001068115234,644.0
2024-03-01 15:06:00,INCY,59.04999923706055,59.04999923706055,59.04999923706055,59.040000915527344,59.040000915527344,1206.0
2024-03-01 15:06:00,INMD,22.8700008392334,22.8700008392334,22.903600692749023,22.864999771118164,22.903600692749023,5687.0
2024-03-01 15:06:00,INO,9.59000015258789,9.59000015258789,9.600000381469727,9.59000015258789,9.600000381469727,722.0
2024-03-01 15:06:00,INSM,28.0049991607666,28.0049991607666,28.049999237060547,28.0,28.049999237060547,4917.0
2024-03-01 15:06:00,INVA,15.375,15.375,15.390000343322754,15.375,15.390000343322754,1484.0
2024-03-01 15:06:00,IOBT,1.8250000476837158,1.8250000476837158,1.8250000476837158,1.8250000476837158,1.8250000476837158,500.0
2024-03-01 15:06:00,IONS,45.86000061035156,45.86000061035156,45.86000061035156,45.84920120239258,45.86000061035156,1395.0
2024-03-01 15:06:00,IOVA,17.04599952697754,17.04599952697754,17.06800079345703,17.040000915527344,17.06800079345703,13708.0
2024-03-01 15:06:00,IRWD,8.989999771118164,8.989999771118164,8.989999771118164,8.975000381469727,8.979999542236328,14890.0
2024-03-01 15:06:00,ISRG,397.3457946777344,397.3457946777344,397.3457946777344,397.2099914550781,397.260009765625,5421.0
2024-03-01 15:06:00,ITCI,72.13999938964844,72.13999938964844,72.16000366210938,72.13999938964844,72.13999938964844,2526.0
2024-03-01 15:06:00,ITOS,11.263999938964844,11.263999938964844,11.263999938964844,11.263999938964844,11.263999938964844,217.0
2024-03-01 15:06:00,IVVD,3.9649999141693115,3.9649999141693115,3.9649999141693115,3.950000047683716,3.950000047683716,2444.0
2024-03-01 15:06:00,JAGX,0.09130000323057175,0.09130000323057175,0.09149999916553497,0.09009999781847,0.09059999883174896,307005.0
2024-03-01 15:06:00,JANX,46.189998626708984,46.189998626708984,46.33000183105469,46.16999816894531,46.33000183105469,18575.0
2024-03-01 15:06:00,JAZZ,119.22000122070312,119.22000122070312,119.22000122070312,119.16000366210938,119.16999816894531,2667.0
2024-03-01 15:06:00,JSPR,21.729999542236328,21.729999542236328,21.735000610351562,21.6200008392334,21.6200008392334,651.0
2024-03-01 15:06:00,KALV,13.9399995803833,13.9399995803833,13.979999542236328,13.9399995803833,13.979999542236328,2228.0
2024-03-01 15:06:00,KNTE,2.5999999046325684,2.5999999046325684,2.5999999046325684,2.5999999046325684,2.5999999046325684,800.0
2024-03-01 15:06:00,KOD,6.025000095367432,6.025000095367432,6.039999961853027,6.025000095367432,6.039999961853027,1980.0
2024-03-01 15:06:00,KPTI,1.184999942779541,1.184999942779541,1.184999942779541,1.184999942779541,1.184999942779541,905.0
2024-03-01 15:06:00,KROS,68.87999725341797,68.87999725341797,69.0199966430664,68.87999725341797,69.0199966430664,3121.0
2024-03-01 15:06:00,KRTX,315.80999755859375,315.80999755859375,315.80999755859375,315.80999755859375,315.80999755859375,139.0
2024-03-01 15:06:00,KRYS,169.05999755859375,169.05999755859375,169.05999755859375,169.05999755859375,169.05999755859375,272.0
2024-03-01 15:06:00,KTRA,0.10194999724626541,0.10194999724626541,0.10194999724626541,0.10194999724626541,0.10194999724626541,3069.0
2024-03-01 15:06:00,KZR,1.0299999713897705,1.0299999713897705,1.0449999570846558,1.0299999713897705,1.0449999570846558,9178.0
2024-03-01 15:06:00,LAB,2.4649999141693115,2.4649999141693115,2.4700000286102295,2.4649999141693115,2.4700000286102295,1018.0
2024-03-01 15:06:00,LBPH,21.530000686645508,21.530000686645508,21.540000915527344,21.530000686645508,21.540000915527344,705.0
2024-03-01 15:06:00,LFLY,2.9800000190734863,2.9800000190734863,2.9800000190734863,2.9800000190734863,2.9800000190734863,100.0
2024-03-01 15:06:00,LFMD,7.989999771118164,7.989999771118164,8.0,7.980000019073486,7.980000019073486,1483.0
2024-03-01 15:06:00,LFST,7.739999771118164,7.739999771118164,7.744999885559082,7.739999771118164,7.744999885559082,759.0
2024-03-01 15:06:00,LNTH,64.53500366210938,64.53500366210938,64.54000091552734,64.52999877929688,64.54000091552734,1574.0
2024-03-01 15:06:00,LPTX,2.859999895095825,2.859999895095825,2.859999895095825,2.859999895095825,2.859999895095825,320.0
2024-03-01 15:06:00,LQDA,14.579999923706055,14.579999923706055,14.579999923706055,14.579999923706055,14.579999923706055,272.0
2024-03-01 15:06:00,LRMR,11.350000381469727,11.350000381469727,11.350000381469727,11.350000381469727,11.350000381469727,208.0
2024-03-01 15:06:00,LTRN,4.150000095367432,4.150000095367432,4.150000095367432,4.150000095367432,4.150000095367432,190.0
2024-03-01 15:06:00,LUNG,9.449999809265137,9.449999809265137,9.449999809265137,9.449999809265137,9.449999809265137,166.0
2024-03-01 15:06:00,LVTX,2.680000066757202,2.680000066757202,2.7300000190734863,2.630000114440918,2.7300000190734863,22998.0
2024-03-01 15:06:00,LXRX,2.490000009536743,2.490000009536743,2.494999885559082,2.490000009536743,2.494999885559082,12292.0
2024-03-01 15:06:00,LYEL,3.1549999713897705,3.1549999713897705,3.1549999713897705,3.1549999713897705,3.1549999713897705,1667.0
2024-03-01 15:06:00,LYRA,5.659999847412109,5.659999847412109,5.679999828338623,5.659999847412109,5.659999847412109,701.0
2024-03-01 15:06:00,MACK,14.710000038146973,14.710000038146973,14.710000038146973,14.699999809265137,14.699999809265137,222.0
2024-03-01 15:06:00,MBOT,1.3205000162124634,1.3205000162124634,1.3205000162124634,1.3205000162124634,1.3205000162124634,136.0
2024-03-01 15:06:00,MCRB,1.2200000286102295,1.2200000286102295,1.2300000190734863,1.2200000286102295,1.2201000452041626,413.0
2024-03-01 15:06:00,MDGL,249.64999389648438,249.64999389648438,250.46229553222656,249.64999389648438,250.46229553222656,421.0
2024-03-01 15:06:00,MDRX,6.050000190734863,6.050000190734863,6.070000171661377,6.050000190734863,6.050000190734863,6906.0
2024-03-01 15:06:00,MDXG,8.645000457763672,8.645000457763672,8.645000457763672,8.645000457763672,8.645000457763672,1348.0
2024-03-01 15:06:00,ME,0.5532000064849854,0.5532000064849854,0.5533000230789185,0.5530999898910522,0.5530999898910522,22839.0
2024-03-01 15:06:00,MEDP,403.06500244140625,403.06500244140625,403.06500244140625,403.06500244140625,403.06500244140625,219.0
2024-03-01 15:06:00,MEIP,4.268199920654297,4.268199920654297,4.268199920654297,4.268199920654297,4.268199920654297,2001.0
2024-03-01 15:06:00,MGNX,18.950000762939453,18.950000762939453,18.96500015258789,18.950000762939453,18.950000762939453,1727.0
2024-03-01 15:06:00,MGTX,6.420000076293945,6.420000076293945,6.420000076293945,6.420000076293945,6.420000076293945,177.0
2024-03-01 15:06:00,MIRM,29.260000228881836,29.260000228881836,29.280000686645508,29.260000228881836,29.280000686645508,1107.0
2024-03-01 15:06:00,MIST,1.698199987411499,1.698199987411499,1.698199987411499,1.698199987411499,1.698199987411499,500.0
2024-03-01 15:06:00,MLTX,50.529998779296875,50.529998779296875,50.529998779296875,50.42499923706055,50.42499923706055,3774.0
2024-03-01 15:06:00,MMSI,76.29000091552734,76.29000091552734,76.29000091552734,76.29000091552734,76.29000091552734,352.0
2024-03-01 15:06:00,MNKD,4.539999961853027,4.539999961853027,4.539999961853027,4.534999847412109,4.534999847412109,4451.0
2024-03-01 15:06:00,MNMD,6.130000114440918,6.130000114440918,6.130000114440918,6.119999885559082,6.119999885559082,3778.0
2024-03-01 15:06:00,MNPR,0.9315999746322632,0.9315999746322632,0.949999988079071,0.9301009774208069,0.949999988079071,1576.0
2024-03-01 15:06:00,MODD,1.8700000047683716,1.8700000047683716,1.8700000047683716,1.8595999479293823,1.8700000047683716,1013.0
2024-03-01 15:06:00,MODV,28.399999618530273,28.399999618530273,28.434999465942383,28.389999389648438,28.389999389648438,503.0
2024-03-01 15:06:00,MOR,17.649999618530273,17.649999618530273,17.649999618530273,17.649999618530273,17.649999618530273,637.0
2024-03-01 15:06:00,MOTS,0.6600000262260437,0.6600000262260437,0.6600000262260437,0.6549999713897705,0.6549999713897705,3575.0
2024-03-01 15:06:00,MRAI,1.6100000143051147,1.6100000143051147,1.6200000047683716,1.6100000143051147,1.6200000047683716,200.0
2024-03-01 15:06:00,MREO,3.950000047683716,3.950000047683716,3.950000047683716,3.940000057220459,3.950000047683716,4750.0
2024-03-01 15:06:00,MRNA,95.50499725341797,95.50499725341797,95.58999633789062,95.45999908447266,95.56999969482422,7854.0
2024-03-01 15:06:00,MRSN,5.974999904632568,5.974999904632568,5.980000019073486,5.96999979019165,5.980000019073486,1735.0
2024-03-01 15:06:00,MRUS,51.1349983215332,51.1349983215332,51.599998474121094,51.119998931884766,51.599998474121094,27943.0
2024-03-01 15:06:00,MRVI,7.684999942779541,7.684999942779541,7.684999942779541,7.684999942779541,7.684999942779541,193.0
2024-03-01 15:06:00,MXCT,4.744999885559082,4.744999885559082,4.744999885559082,4.739999771118164,4.744999885559082,452.0
2024-03-01 15:06:00,MYGN,22.125,22.125,22.125,22.110000610351562,22.125,1151.0
2024-03-01 15:06:00,NARI,46.16999816894531,46.16999816894531,46.20000076293945,46.15999984741211,46.15999984741211,8455.0
2024-03-01 15:06:00,NAUT,2.6500000953674316,2.6500000953674316,2.6500000953674316,2.6500000953674316,2.6500000953674316,167.0
2024-03-01 15:06:00,NBIX,131.88999938964844,131.88999938964844,131.93499755859375,131.8800048828125,131.93499755859375,1674.0
2024-03-01 15:06:00,NEO,16.040000915527344,16.040000915527344,16.040000915527344,16.030000686645508,16.040000915527344,1122.0
2024-03-01 15:06:00,NEOG,17.31999969482422,17.31999969482422,17.31999969482422,17.31999969482422,17.31999969482422,619.0
2024-03-01 15:06:00,NEXI,6.388700008392334,6.388700008392334,6.388700008392334,6.388700008392334,6.388700008392334,346.0
2024-03-01 15:06:00,NKTR,0.7700999975204468,0.7700999975204468,0.7700999975204468,0.7700999975204468,0.7700999975204468,460.0
2024-03-01 15:06:00,NKTX,12.643799781799316,12.643799781799316,12.654999732971191,12.643799781799316,12.654999732971191,771.0
2024-03-01 15:06:00,NNOX,10.829899787902832,10.829899787902832,10.84000015258789,10.819999694824219,10.838500022888184,7476.0
2024-03-01 15:06:00,NRC,40.68000030517578,40.68000030517578,40.68000030517578,40.68000030517578,40.68000030517578,258.0
2024-03-01 15:06:00,NRIX,13.414999961853027,13.414999961853027,13.479999542236328,13.414999961853027,13.479999542236328,2769.0
2024-03-01 15:06:00,NRSN,1.9800000190734863,1.9800000190734863,1.9800000190734863,1.9800000190734863,1.9800000190734863,212.0
2024-03-01 15:06:00,NRXP,0.4377000033855438,0.4377000033855438,0.4377000033855438,0.4377000033855438,0.4377000033855438,358.0
2024-03-01 15:06:00,NTLA,33.29999923706055,33.29999923706055,33.34000015258789,33.290000915527344,33.34000015258789,1984.0
2024-03-01 15:06:00,NTRA,89.30000305175781,89.30000305175781,89.30999755859375,89.27999877929688,89.29499816894531,5932.0
2024-03-01 15:06:00,NURO,3.9700000286102295,3.9700000286102295,3.9700000286102295,3.9700000286102295,3.9700000286102295,110.0
2024-03-01 15:06:00,NUTX,0.11389999836683273,0.11389999836683273,0.11389999836683273,0.11389999836683273,0.11389999836683273,381.0
2024-03-01 15:06:00,NUVL,87.42749786376953,87.42749786376953,87.42749786376953,87.42749786376953,87.42749786376953,1148.0
2024-03-01 15:06:00,NUWE,0.5813000202178955,0.5813000202178955,0.5813999772071838,0.5813000202178955,0.5813999772071838,695.0
2024-03-01 15:06:00,NVAX,5.355000019073486,5.355000019073486,5.375,5.340000152587891,5.34499979019165,85030.0
2024-03-01 15:06:00,NVCR,16.03499984741211,16.03499984741211,16.03499984741211,16.03499984741211,16.03499984741211,202.0
2024-03-01 15:06:00,NVOS,0.6377000212669373,0.6377000212669373,0.6377000212669373,0.6377000212669373,0.6377000212669373,206.0
2024-03-01 15:06:00,NXTC,1.7899999618530273,1.7899999618530273,1.7899999618530273,1.7899999618530273,1.7899999618530273,2100.0
2024-03-01 15:06:00,OCGN,0.9532999992370605,0.9532999992370605,0.9532999992370605,0.9506999850273132,0.9506999850273132,959.0
2024-03-01 15:06:00,OCUL,10.679100036621094,10.679100036621094,10.6899995803833,10.670000076293945,10.6899995803833,5627.0
2024-03-01 15:06:00,OCX,2.940000057220459,2.940000057220459,2.940000057220459,2.940000057220459,2.940000057220459,498.0
2024-03-01 15:06:00,OFIX,12.875,12.875,12.875,12.840100288391113,12.854999542236328,3560.0
2024-03-01 15:06:00,OGI,2.1600000858306885,2.1600000858306885,2.1600000858306885,2.151599884033203,2.151599884033203,512.0
2024-03-01 15:06:00,OKYO,1.4850000143051147,1.4850000143051147,1.4850000143051147,1.4850000143051147,1.4850000143051147,288.0
2024-03-01 15:06:00,OLK,22.9950008392334,22.9950008392334,22.9950008392334,22.9950008392334,22.9950008392334,300.0
2024-03-01 15:06:00,OLMA,14.579999923706055,14.579999923706055,14.579999923706055,14.579999923706055,14.579999923706055,136.0
2024-03-01 15:06:00,OMCL,26.549999237060547,26.549999237060547,26.56999969482422,26.530000686645508,26.56999969482422,3371.0
2024-03-01 15:06:00,OMGA,4.409999847412109,4.409999847412109,4.409999847412109,4.409999847412109,4.409999847412109,230.0
2024-03-01 15:06:00,OMIC,0.6011499762535095,0.6011499762535095,0.6011499762535095,0.6011499762535095,0.6011499762535095,100.0
2024-03-01 15:06:00,ONCY,1.1412999629974365,1.1412999629974365,1.1412999629974365,1.1412999629974365,1.1412999629974365,102.0
2024-03-01 15:07:00,AADI,1.9299999475479126,1.9299999475479126,1.9299999475479126,1.9299999475479126,1.9299999475479126,100.0
2024-03-01 15:07:00,ABCL,5.081299781799316,5.081299781799316,5.090000152587891,5.079999923706055,5.090000152587891,1047.0
2024-03-01 15:07:00,ABEO,7.760000228881836,7.760000228881836,7.784999847412109,7.760000228881836,7.784999847412109,554.0
2024-03-01 15:07:00,ABOS,4.599999904632568,4.599999904632568,4.599999904632568,4.599999904632568,4.599999904632568,247.0
2024-03-01 15:07:00,ABSI,5.53000020980835,5.53000020980835,5.539999961853027,5.53000020980835,5.539999961853027,5807.0
2024-03-01 15:07:00,ACAD,24.079999923706055,24.079999923706055,24.084999084472656,24.075000762939453,24.079999923706055,5612.0
2024-03-01 15:07:00,ACB,3.1730000972747803,3.1730000972747803,3.180000066757202,3.1730000972747803,3.180000066757202,689.0
2024-03-01 15:07:00,ACCD,10.079999923706055,10.079999923706055,10.085000038146973,10.079999923706055,10.085000038146973,2312.0
2024-03-01 15:07:00,ACET,2.375,2.375,2.375,2.369999885559082,2.369999885559082,639.0
2024-03-01 15:07:00,ACHL,1.3798999786376953,1.3798999786376953,1.3798999786376953,1.3798999786376953,1.3798999786376953,500.0
2024-03-01 15:07:00,ACHV,4.400000095367432,4.400000095367432,4.429999828338623,4.400000095367432,4.429999828338623,1411.0
2024-03-01 15:07:00,ACLX,67.8499984741211,67.8499984741211,67.8499984741211,67.8499984741211,67.8499984741211,432.0
2024-03-01 15:07:00,ACRS,1.225000023841858,1.225000023841858,1.2300000190734863,1.2200000286102295,1.2200000286102295,1203.0
2024-03-01 15:07:00,ADAP,1.600000023841858,1.600000023841858,1.600000023841858,1.600000023841858,1.600000023841858,268.0
2024-03-01 15:07:00,ADIL,2.825000047683716,2.825000047683716,2.8698999881744385,2.799999952316284,2.8499999046325684,50834.0
2024-03-01 15:07:00,ADMA,5.53000020980835,5.53000020980835,5.534999847412109,5.53000020980835,5.534999847412109,1294.0
2024-03-01 15:07:00,ADPT,4.059999942779541,4.059999942779541,4.065000057220459,4.059999942779541,4.065000057220459,1623.0
2024-03-01 15:07:00,ADVM,1.9600000381469727,1.9600000381469727,1.9700000286102295,1.9600000381469727,1.9700000286102295,1309.0
2024-03-01 15:07:00,AGEN,0.6700620055198669,0.6700620055198669,0.6700999736785889,0.6700000166893005,0.6700500249862671,7434.0
2024-03-01 15:07:00,AGIO,32.25,32.25,32.28499984741211,32.25,32.28499984741211,2438.0
2024-03-01 15:07:00,AGRX,0.8305000066757202,0.8305000066757202,0.8305000066757202,0.8305000066757202,0.8305000066757202,454.0
2024-03-01 15:07:00,AHCO,10.46500015258789,10.46500015258789,10.46500015258789,10.460000038146973,10.46500015258789,1076.0
2024-03-01 15:07:00,AIMD,0.9587000012397766,0.9587000012397766,0.9587000012397766,0.9450010061264038,0.9450010061264038,2337.0
2024-03-01 15:07:00,AKAN,0.20669999718666077,0.20669999718666077,0.21050000190734863,0.20669999718666077,0.21050000190734863,11544.0
2024-03-01 15:07:00,AKBA,1.684999942779541,1.684999942779541,1.690000057220459,1.684999942779541,1.690000057220459,2276.0
2024-03-01 15:07:00,AKRO,28.40999984741211,28.40999984741211,28.420000076293945,28.260000228881836,28.30500030517578,31820.0
2024-03-01 15:07:00,ALDX,4.21150016784668,4.21150016784668,4.21150016784668,4.21150016784668,4.21150016784668,254.0
2024-03-01 15:07:00,ALGN,302.6400146484375,302.6400146484375,302.75,302.489990234375,302.75,1100.0
2024-03-01 15:07:00,ALGS,1.0499999523162842,1.0499999523162842,1.059999942779541,1.0499999523162842,1.059999942779541,4415.0
2024-03-01 15:07:00,ALHC,5.579999923706055,5.579999923706055,5.588699817657471,5.579999923706055,5.579999923706055,3992.0
2024-03-01 15:07:00,ALKS,30.149999618530273,30.149999618530273,30.149999618530273,30.1299991607666,30.135000228881836,4805.0
2024-03-01 15:07:00,ALLK,1.6549999713897705,1.6549999713897705,1.659999966621399,1.6549999713897705,1.6549999713897705,663.0
2024-03-01 15:07:00,ALLO,4.960000038146973,4.960000038146973,4.960000038146973,4.960000038146973,4.960000038146973,166.0
2024-03-01 15:07:00,ALNY,153.38999938964844,153.38999938964844,153.38999938964844,153.38999938964844,153.38999938964844,863.0
2024-03-01 15:07:00,ALPN,35.790000915527344,35.790000915527344,35.790000915527344,35.790000915527344,35.790000915527344,725.0
2024-03-01 15:07:00,ALT,12.015000343322754,12.015000343322754,12.03499984741211,12.015000343322754,12.029999732971191,3212.0
2024-03-01 15:07:00,ALVR,0.7400000095367432,0.7400000095367432,0.7400000095367432,0.7400000095367432,0.7400000095367432,110.0
2024-03-01 15:07:00,ALXO,15.005000114440918,15.005000114440918,15.015000343322754,15.0,15.0,7160.0
2024-03-01 15:07:00,AMGN,280.1600036621094,280.1600036621094,280.2950134277344,280.1499938964844,280.2950134277344,7302.0
2024-03-01 15:07:00,AMPH,45.849998474121094,45.849998474121094,45.849998474121094,45.849998474121094,45.849998474121094,1394.0
2024-03-01 15:07:00,AMRN,1.0549999475479126,1.0549999475479126,1.0549999475479126,1.0549999475479126,1.0549999475479126,371.0
2024-03-01 15:07:00,ANGO,5.474999904632568,5.474999904632568,5.480000019073486,5.474999904632568,5.480000019073486,1002.0
2024-03-01 15:07:00,ANNX,6.03000020980835,6.03000020980835,6.050000190734863,6.019999980926514,6.019999980926514,1095.0
2024-03-01 15:07:00,APLS,64.25,64.25,64.26000213623047,64.22010040283203,64.25,708.0
2024-03-01 15:07:00,APLT,7.050000190734863,7.050000190734863,7.050000190734863,7.039999961853027,7.039999961853027,851.0
2024-03-01 15:07:00,APYX,2.0850000381469727,2.0850000381469727,2.0850000381469727,2.0799999237060547,2.0799999237060547,5837.0
2024-03-01 15:07:00,AQST,4.059999942779541,4.059999942779541,4.065999984741211,4.059500217437744,4.059500217437744,9188.0
2024-03-01 15:07:00,ARAY,2.630000114440918,2.630000114440918,2.630000114440918,2.630000114440918,2.630000114440918,370.0
2024-03-01 15:07:00,ARDX,9.454999923706055,9.454999923706055,9.475000381469727,9.449999809265137,9.475000381469727,18758.0
2024-03-01 15:07:00,ARQT,11.46500015258789,11.46500015258789,11.475000381469727,11.460000038146973,11.475000381469727,8092.0
2024-03-01 15:07:00,ARVN,47.90999984741211,47.90999984741211,47.959999084472656,47.90999984741211,47.959999084472656,1322.0
2024-03-01 15:07:00,ARWR,35.60499954223633,35.60499954223633,35.60499954223633,35.525001525878906,35.525001525878906,4413.0
2024-03-01 15:07:00,ASLN,0.7400000095367432,0.7400000095367432,0.7400000095367432,0.7400000095367432,0.7400000095367432,333.0
2024-03-01 15:07:00,ASND,153.74000549316406,153.74000549316406,153.74000549316406,153.59500122070312,153.59500122070312,713.0
2024-03-01 15:07:00,ASRT,0.887499988079071,0.887499988079071,0.887499988079071,0.887499988079071,0.887499988079071,202.0
2024-03-01 15:07:00,ATAI,2.1440999507904053,2.1440999507904053,2.1449999809265137,2.1440999507904053,2.1449999809265137,1810.0
2024-03-01 15:07:00,ATEC,13.420000076293945,13.420000076293945,13.430000305175781,13.420000076293945,13.430000305175781,9640.0
2024-03-01 15:07:00,ATHA,3.9800000190734863,3.9800000190734863,3.9800000190734863,3.9800000190734863,3.9800000190734863,109.0
2024-03-01 15:07:00,ATRA,0.781000018119812,0.781000018119812,0.781000018119812,0.7802000045776367,0.7802000045776367,2267.0
2024-03-01 15:07:00,ATRC,36.119998931884766,36.119998931884766,36.119998931884766,36.119998931884766,36.119998931884766,205.0
2024-03-01 15:07:00,ATXI,0.15399999916553497,0.15399999916553497,0.15399999916553497,0.15399999916553497,0.15399999916553497,200.0
2024-03-01 15:07:00,AUGX,4.550000190734863,4.550000190734863,4.550000190734863,4.550000190734863,4.550000190734863,100.0
2024-03-01 15:07:00,AUPH,5.78000020980835,5.78000020980835,5.784999847412109,5.78000020980835,5.784999847412109,793.0
2024-03-01 15:07:00,AURA,9.210000038146973,9.210000038146973,9.210000038146973,9.210000038146973,9.210000038146973,373.0
2024-03-01 15:07:00,AUTL,6.230500221252441,6.230500221252441,6.25,6.230500221252441,6.25,2843.0
2024-03-01 15:07:00,AVDL,13.289899826049805,13.289899826049805,13.319999694824219,13.289899826049805,13.300000190734863,10095.0
2024-03-01 15:07:00,AVIR,4.46999979019165,4.46999979019165,4.46999979019165,4.465000152587891,4.465000152587891,569.0
2024-03-01 15:07:00,AVXL,5.329999923706055,5.329999923706055,5.340000152587891,5.329999923706055,5.340000152587891,3431.0
2024-03-01 15:07:00,AXDX,0.9908000230789185,0.9908000230789185,0.9908000230789185,0.9908000230789185,0.9908000230789185,131.0
2024-03-01 15:07:00,AZN,64.64600372314453,64.64600372314453,64.67500305175781,64.6449966430664,64.67500305175781,9322.0
2024-03-01 15:07:00,AZTA,66.88999938964844,66.88999938964844,66.9000015258789,66.88999938964844,66.9000015258789,1603.0
2024-03-01 15:07:00,BBIO,35.790000915527344,35.790000915527344,35.80500030517578,35.790000915527344,35.80500030517578,437.0
2024-03-01 15:07:00,BCAB,2.825000047683716,2.825000047683716,2.8299999237060547,2.809999942779541,2.8299999237060547,19075.0
2024-03-01 15:07:00,BCDA,0.574999988079071,0.574999988079071,0.5799999833106995,0.574999988079071,0.5799999833106995,900.0
2024-03-01 15:07:00,BCLI,0.34880000352859497,0.34880000352859497,0.34880000352859497,0.34880000352859497,0.34880000352859497,250.0
2024-03-01 15:07:00,BCRX,5.660900115966797,5.660900115966797,5.660900115966797,5.660900115966797,5.660900115966797,302.0
2024-03-01 15:07:00,BCTX,3.5000998973846436,3.5000998973846436,3.549999952316284,3.5,3.549999952316284,567.0
2024-03-01 15:07:00,BDSX,1.600000023841858,1.600000023841858,1.600000023841858,1.590000033378601,1.590000033378601,1532.0
2024-03-01 15:07:00,BDTX,4.715000152587891,4.715000152587891,4.71999979019165,4.684999942779541,4.684999942779541,3630.0
2024-03-01 15:07:00,BEAM,39.790000915527344,39.790000915527344,39.880001068115234,39.790000915527344,39.880001068115234,3518.0
2024-03-01 15:07:00,BGXX,0.26840001344680786,0.26840001344680786,0.26840001344680786,0.26840001344680786,0.26840001344680786,305.0
2024-03-01 15:07:00,BIIB,220.8249969482422,220.8249969482422,220.9149932861328,220.82000732421875,220.9149932861328,915.0
2024-03-01 15:07:00,BIOL,0.14480000734329224,0.14480000734329224,0.14489999413490295,0.14480000734329224,0.14489999413490295,10400.0
2024-03-01 15:07:00,BIVI,1.9900000095367432,1.9900000095367432,2.0199999809265137,1.9800000190734863,2.0109000205993652,50650.0
2024-03-01 15:07:00,BLFS,17.790000915527344,17.790000915527344,17.829999923706055,17.790000915527344,17.829999923706055,1161.0
2024-03-01 15:07:00,BLRX,1.3600000143051147,1.3600000143051147,1.3600000143051147,1.3600000143051147,1.3600000143051147,386.0
2024-03-01 15:07:00,BLUE,1.5700000524520874,1.5700000524520874,1.5750000476837158,1.5700000524520874,1.5750000476837158,12549.0
2024-03-01 15:07:00,BMEA,18.049999237060547,18.049999237060547,18.049999237060547,18.049999237060547,18.049999237060547,1068.0
2024-03-01 15:07:00,BMRA,1.2000000476837158,1.2000000476837158,1.2000000476837158,1.2000000476837158,1.2000000476837158,200.0
2024-03-01 15:07:00,BMRN,87.62999725341797,87.62999725341797,87.62999725341797,87.59500122070312,87.59500122070312,964.0
2024-03-01 15:07:00,BNGO,1.2598999738693237,1.2598999738693237,1.2598999738693237,1.2549999952316284,1.2549999952316284,807.0
2024-03-01 15:07:00,BNOX,1.229099988937378,1.229099988937378,1.229099988937378,1.229099988937378,1.229099988937378,455.0
2024-03-01 15:07:00,BNTC,5.28000020980835,5.28000020980835,5.300000190734863,5.258900165557861,5.258900165557861,1108.0
2024-03-01 15:07:00,BNTX,90.83000183105469,90.83000183105469,90.83000183105469,90.83000183105469,90.83000183105469,206.0
2024-03-01 15:07:00,BOLT,1.2000000476837158,1.2000000476837158,1.2000000476837158,1.2000000476837158,1.2000000476837158,1139.0
2024-03-01 15:07:00,BPMC,96.0199966430664,96.0199966430664,96.0199966430664,96.0199966430664,96.0199966430664,172.0
2024-03-01 15:07:00,BRKR,88.71499633789062,88.71499633789062,88.80999755859375,88.70999908447266,88.79000091552734,3677.0
2024-03-01 15:07:00,BTCY,0.9674999713897705,0.9674999713897705,0.9674999713897705,0.9674999713897705,0.9674999713897705,100.0
2024-03-01 15:07:00,BTTX,0.1800999939441681,0.1800999939441681,0.181099995970726,0.1800999939441681,0.181099995970726,9767.0
2024-03-01 15:07:00,CADL,1.7100000381469727,1.7100000381469727,1.7100000381469727,1.7100000381469727,1.7100000381469727,187.0
2024-03-01 15:07:00,CARA,0.92330002784729,0.92330002784729,0.92330002784729,0.92330002784729,0.92330002784729,108.0
2024-03-01 15:07:00,CBAY,32.22999954223633,32.22999954223633,32.22999954223633,32.224998474121094,32.224998474121094,1362.0
2024-03-01 15:07:00,CCCC,10.979999542236328,10.979999542236328,11.0,10.979999542236328,11.0,2864.0
2024-03-01 15:07:00,CCRN,18.299999237060547,18.299999237060547,18.299999237060547,18.299999237060547,18.299999237060547,195.0
2024-03-01 15:07:00,CDMO,8.204999923706055,8.204999923706055,8.204999923706055,8.199999809265137,8.199999809265137,1019.0
2024-03-01 15:07:00,CDNA,12.454999923706055,12.454999923706055,12.46500015258789,12.449999809265137,12.46500015258789,2343.0
2024-03-01 15:07:00,CDXS,4.619999885559082,4.619999885559082,4.630000114440918,4.619999885559082,4.619999885559082,2302.0
2024-03-01 15:07:00,CELC,16.959999084472656,16.959999084472656,16.97559928894043,16.899999618530273,16.97559928894043,950.0
2024-03-01 15:07:00,CELU,3.5899999141693115,3.5899999141693115,3.5899999141693115,3.569999933242798,3.569999933242798,7698.0
2024-03-01 15:07:00,CERE,41.084999084472656,41.084999084472656,41.09000015258789,41.08000183105469,41.084999084472656,1666.0
2024-03-01 15:07:00,CERS,2.184999942779541,2.184999942779541,2.190000057220459,2.180000066757202,2.184999942779541,15704.0
2024-03-01 15:07:00,CERT,18.209999084472656,18.209999084472656,18.209999084472656,18.209999084472656,18.209999084472656,1341.0
2024-03-01 15:07:00,CGEN,2.684999942779541,2.684999942779541,2.684999942779541,2.680000066757202,2.680000066757202,1307.0
2024-03-01 15:07:00,CHRS,2.4100000858306885,2.4100000858306885,2.4149999618530273,2.4100000858306885,2.4100000858306885,515.0
2024-03-01 15:07:00,CKPT,2.180000066757202,2.180000066757202,2.190000057220459,2.180000066757202,2.190000057220459,300.0
2024-03-01 15:07:00,CLDX,52.58000183105469,52.58000183105469,52.6349983215332,52.54999923706055,52.6349983215332,3498.0
2024-03-01 15:07:00,CLOV,0.8633999824523926,0.8633999824523926,0.8634999990463257,0.8633999824523926,0.8633999824523926,48481.0
2024-03-01 15:07:00,CLPT,6.619900226593018,6.619900226593018,6.619900226593018,6.619900226593018,6.619900226593018,3000.0
2024-03-01 15:07:00,CLRB,4.099999904632568,4.099999904632568,4.099999904632568,4.099999904632568,4.099999904632568,797.0
2024-03-01 15:07:00,CMPS,11.65999984741211,11.65999984741211,11.6899995803833,11.65999984741211,11.66670036315918,1391.0
2024-03-01 15:07:00,CNSP,0.328900009393692,0.328900009393692,0.328900009393692,0.328000009059906,0.328000009059906,2321.0
2024-03-01 15:07:00,CNTA,10.800000190734863,10.800000190734863,10.859999656677246,10.800000190734863,10.859999656677246,897.0
2024-03-01 15:07:00,COGT,7.199999809265137,7.199999809265137,7.199999809265137,7.199999809265137,7.199999809265137,818.0
2024-03-01 15:07:00,CORT,24.274999618530273,24.274999618530273,24.274999618530273,24.251300811767578,24.260000228881836,3379.0
2024-03-01 15:07:00,CPRX,17.15999984741211,17.15999984741211,17.165000915527344,17.15999984741211,17.165000915527344,2704.0
2024-03-01 15:07:00,CRBP,32.90999984741211,32.90999984741211,32.93000030517578,32.90999984741211,32.91999816894531,1411.0
2024-03-01 15:07:00,CRBU,7.855000019073486,7.855000019073486,7.855000019073486,7.855000019073486,7.855000019073486,681.0
2024-03-01 15:07:00,CRDF,2.640000104904175,2.640000104904175,2.6500000953674316,2.630000114440918,2.630199909210205,36304.0
2024-03-01 15:07:00,CRDL,1.9600000381469727,1.9600000381469727,1.9600000381469727,1.9500000476837158,1.9500000476837158,10056.0
2024-03-01 15:07:00,CRMD,3.6600000858306885,3.6600000858306885,3.6600000858306885,3.6600000858306885,3.6600000858306885,204.0
2024-03-01 15:07:00,CRON,2.0250000953674316,2.0250000953674316,2.0250000953674316,2.0250000953674316,2.0250000953674316,8374.0
2024-03-01 15:07:00,CRSP,84.80500030517578,84.80500030517578,84.91999816894531,84.80000305175781,84.91000366210938,3364.0
2024-03-01 15:07:00,CRVS,2.1700000762939453,2.1700000762939453,2.1700000762939453,2.1700000762939453,2.1700000762939453,101.0
2024-03-01 15:07:00,CSTL,19.860000610351562,19.860000610351562,19.860000610351562,19.860000610351562,19.860000610351562,616.0
2024-03-01 15:07:00,CTKB,9.010000228881836,9.010000228881836,9.010000228881836,8.994999885559082,9.005000114440918,13614.0
2024-03-01 15:07:00,CTMX,2.5299999713897705,2.5299999713897705,2.5399999618530273,2.5250000953674316,2.5299999713897705,2711.0
2024-03-01 15:07:00,CTSO,0.9624000191688538,0.9624000191688538,0.9624000191688538,0.9624000191688538,0.9624000191688538,174.0
2024-03-01 15:07:00,CUTR,2.390000104904175,2.390000104904175,2.390000104904175,2.390000104904175,2.390000104904175,1050.0
2024-03-01 15:07:00,CVAC,3.444999933242798,3.444999933242798,3.444999933242798,3.440000057220459,3.440000057220459,412.0
2024-03-01 15:07:00,CVRX,20.559999465942383,20.559999465942383,20.59000015258789,20.559999465942383,20.59000015258789,603.0
2024-03-01 15:07:00,CYCC,2.8866000175476074,2.8866000175476074,2.8866000175476074,2.8866000175476074,2.8866000175476074,367.0
2024-03-01 15:07:00,CYTK,74.0,74.0,74.0,73.98999786376953,73.98999786376953,1754.0
2024-03-01 15:07:00,DARE,0.550000011920929,0.550000011920929,0.550000011920929,0.550000011920929,0.550000011920929,13000.0
2024-03-01 15:07:00,DBVT,0.8277000188827515,0.8277000188827515,0.8277000188827515,0.8277000188827515,0.8277000188827515,2400.0
2024-03-01 15:07:00,DCGO,4.050000190734863,4.050000190734863,4.099999904632568,4.050000190734863,4.097499847412109,20753.0
2024-03-01 15:07:00,DCPH,17.43000030517578,17.43000030517578,17.43000030517578,17.43000030517578,17.43000030517578,1625.0
2024-03-01 15:07:00,DH,8.795000076293945,8.795000076293945,8.819999694824219,8.795000076293945,8.819999694824219,32118.0
2024-03-01 15:07:00,DNLI,21.024999618530273,21.024999618530273,21.030000686645508,21.010000228881836,21.030000686645508,713.0
2024-03-01 15:07:00,DRRX,0.9950500130653381,0.9950500130653381,1.0,0.9950500130653381,1.0,1071.0
2024-03-01 15:07:00,DTIL,12.550000190734863,12.550000190734863,12.550000190734863,12.550000190734863,12.550000190734863,407.0
2024-03-01 15:07:00,DVAX,12.795000076293945,12.795000076293945,12.795000076293945,12.789999961853027,12.789999961853027,842.0
2024-03-01 15:07:00,DXCM,121.16000366210938,121.16000366210938,121.25,121.16000366210938,121.25,6580.0
2024-03-01 15:07:00,DYN,29.0,29.0,29.010000228881836,29.0,29.010000228881836,453.0
2024-03-01 15:07:00,EDIT,10.819999694824219,10.819999694824219,10.824999809265137,10.819999694824219,10.824999809265137,3240.0
2024-03-01 15:07:00,EFTR,16.03499984741211,16.03499984741211,16.03499984741211,15.920000076293945,15.970000267028809,858.0
2024-03-01 15:07:00,EGRX,6.534999847412109,6.534999847412109,6.550000190734863,6.53000020980835,6.550000190734863,1504.0
2024-03-01 15:07:00,ELDN,1.809999942779541,1.809999942779541,1.809999942779541,1.809999942779541,1.809999942779541,405.0
2024-03-01 15:07:00,ELEV,5.125,5.125,5.139999866485596,5.1118998527526855,5.139999866485596,1431.0
2024-03-01 15:07:00,EMBC,14.279999732971191,14.279999732971191,14.279999732971191,14.279999732971191,14.279999732971191,378.0
2024-03-01 15:07:00,ENSG,121.0999984741211,121.0999984741211,121.19000244140625,121.0999984741211,121.16000366210938,1687.0
2024-03-01 15:07:00,ENTA,15.5600004196167,15.5600004196167,15.569999694824219,15.539999961853027,15.569999694824219,695.0
2024-03-01 15:07:00,ENVB,1.501099944114685,1.501099944114685,1.5199999809265137,1.5,1.5,1811.0
2024-03-01 15:07:00,EOLS,14.800000190734863,14.800000190734863,14.8100004196167,14.789999961853027,14.8100004196167,1202.0
2024-03-01 15:07:00,ERAS,2.494999885559082,2.494999885559082,2.494999885559082,2.494999885559082,2.494999885559082,448.0
2024-03-01 15:07:00,ESPR,2.5450000762939453,2.5450000762939453,2.5450000762939453,2.5450000762939453,2.5450000762939453,2100.0
2024-03-01 15:07:00,ESTA,44.720001220703125,44.720001220703125,44.75,44.689998626708984,44.689998626708984,887.0
2024-03-01 15:07:00,ETNB,12.725000381469727,12.725000381469727,12.729999542236328,12.720999717712402,12.729999542236328,901.0
2024-03-01 15:07:00,EVGN,0.9602000117301941,0.9602000117301941,0.9602000117301941,0.9602000117301941,0.9602000117301941,187.0
2024-03-01 15:07:00,EVOK,0.6301000118255615,0.6301000118255615,0.6301000118255615,0.6299999952316284,0.6299999952316284,357.0
2024-03-01 15:07:00,EWTX,16.850000381469727,16.850000381469727,16.850000381469727,16.850000381469727,16.850000381469727,629.0
2024-03-01 15:07:00,EXAI,6.610000133514404,6.610000133514404,6.610000133514404,6.610000133514404,6.610000133514404,660.0
2024-03-01 15:07:00,EXAS,59.66999816894531,59.66999816894531,59.810001373291016,59.66999816894531,59.810001373291016,5952.0
2024-03-01 15:07:00,EXEL,22.28499984741211,22.28499984741211,22.309999465942383,22.28499984741211,22.309999465942383,9382.0
2024-03-01 15:07:00,EYEN,2.359999895095825,2.359999895095825,2.359999895095825,2.359999895095825,2.359999895095825,2402.0
2024-03-01 15:07:00,EYPT,27.940000534057617,27.940000534057617,27.979999542236328,27.93000030517578,27.940000534057617,1132.0
2024-03-01 15:07:00,FATE,7.710000038146973,7.710000038146973,7.715000152587891,7.710000038146973,7.715000152587891,1573.0
2024-03-01 15:07:00,FDMT,29.229999542236328,29.229999542236328,29.270000457763672,29.229999542236328,29.270000457763672,1779.0
2024-03-01 15:07:00,FEMY,1.7294000387191772,1.7294000387191772,1.7294000387191772,1.7294000387191772,1.7294000387191772,950.0
2024-03-01 15:07:00,FGEN,1.8300000429153442,1.8300000429153442,1.8300000429153442,1.8300000429153442,1.8300000429153442,1226.0
2024-03-01 15:07:00,FIXX,0.9099500179290771,0.9099500179290771,0.9099500179290771,0.9099500179290771,0.9099500179290771,100.0
2024-03-01 15:07:00,FLGT,22.959999084472656,22.959999084472656,22.96500015258789,22.93000030517578,22.93000030517578,2615.0
2024-03-01 15:07:00,FOLD,13.289999961853027,13.289999961853027,13.300000190734863,13.28499984741211,13.28499984741211,2992.0
2024-03-01 15:07:00,FULC,10.960000038146973,10.960000038146973,10.960000038146973,10.960000038146973,10.960000038146973,200.0
2024-03-01 15:07:00,FUSN,12.130000114440918,12.130000114440918,12.140000343322754,12.119999885559082,12.140000343322754,2624.0
2024-03-01 15:07:00,GANX,4.599999904632568,4.599999904632568,4.599999904632568,4.599999904632568,4.599999904632568,100.0
2024-03-01 15:07:00,GDRX,8.430000305175781,8.430000305175781,8.451199531555176,8.430000305175781,8.449999809265137,5306.0
2024-03-01 15:07:00,GENE,2.3399999141693115,2.3399999141693115,2.3499999046325684,2.3399999141693115,2.3499999046325684,401.0
2024-03-01 15:07:00,GERN,2.2400999069213867,2.2400999069213867,2.244999885559082,2.240000009536743,2.244999885559082,5452.0
2024-03-01 15:07:00,GH,18.9950008392334,18.9950008392334,19.011999130249023,18.989999771118164,19.011999130249023,2879.0
2024-03-01 15:07:00,GILD,72.48500061035156,72.48500061035156,72.51499938964844,72.48500061035156,72.51499938964844,11344.0
2024-03-01 15:07:00,GLPG,35.06999969482422,35.06999969482422,35.06999969482422,35.02000045776367,35.02000045776367,3082.0
2024-03-01 15:07:00,GLTO,0.8299999833106995,0.8299999833106995,0.8448989987373352,0.8245999813079834,0.8448989987373352,5530.0
2024-03-01 15:07:00,GMAB,29.350000381469727,29.350000381469727,29.360000610351562,29.350000381469727,29.360000610351562,1073.0
2024-03-01 15:07:00,GMDA,0.3801000118255615,0.3801000118255615,0.3817000091075897,0.3801000118255615,0.3815000057220459,1007.0
2024-03-01 15:07:00,GOSS,1.4199999570846558,1.4199999570846558,1.4199999570846558,1.4199999570846558,1.4199999570846558,622.0
2024-03-01 15:07:00,GRFS,7.034999847412109,7.034999847412109,7.039999961853027,7.034999847412109,7.039999961853027,985.0
2024-03-01 15:07:00,GRTS,2.0950000286102295,2.0950000286102295,2.0950000286102295,2.0950000286102295,2.0950000286102295,2774.0
2024-03-01 15:07:00,GTHX,3.755000114440918,3.755000114440918,3.7699999809265137,3.755000114440918,3.7699999809265137,5806.0
2024-03-01 15:07:00,HALO,41.04499816894531,41.04499816894531,41.060001373291016,41.040000915527344,41.060001373291016,2626.0
2024-03-01 15:07:00,HCAT,8.079999923706055,8.079999923706055,8.085000038146973,8.079999923706055,8.079999923706055,1775.0
2024-03-01 15:07:00,HCSG,12.75,12.75,12.755000114440918,12.75,12.755000114440918,947.0
2024-03-01 15:07:00,HITI,1.7598999738693237,1.7598999738693237,1.7598999738693237,1.7598999738693237,1.7598999738693237,100.0
2024-03-01 15:07:00,HLTH,0.2624000012874603,0.2624000012874603,0.2630999982357025,0.25999999046325684,0.2630999982357025,12118.0
2024-03-01 15:07:00,HLVX,19.190000534057617,19.190000534057617,19.190000534057617,19.190000534057617,19.190000534057617,232.0
2024-03-01 15:07:00,HOLX,74.2699966430664,74.2699966430664,74.37999725341797,74.2699966430664,74.3499984741211,8662.0
2024-03-01 15:07:00,HOOK,0.7699999809265137,0.7699999809265137,0.7699999809265137,0.7699999809265137,0.7699999809265137,357.0
2024-03-01 15:07:00,HQY,81.34500122070312,81.34500122070312,81.34500122070312,81.34500122070312,81.34500122070312,310.0
2024-03-01 15:07:00,HRMY,31.59000015258789,31.59000015258789,31.639999389648438,31.59000015258789,31.639999389648438,2549.0
2024-03-01 15:07:00,HROW,10.890000343322754,10.890000343322754,10.890000343322754,10.890000343322754,10.890000343322754,376.0
2024-03-01 15:07:00,HRTX,2.5899999141693115,2.5899999141693115,2.5899999141693115,2.5899999141693115,2.5899999141693115,5027.0
2024-03-01 15:07:00,HSIC,76.88999938964844,76.88999938964844,76.91000366210938,76.88999938964844,76.90499877929688,854.0
2024-03-01 15:07:00,HUMA,3.2200000286102295,3.2200000286102295,3.2200000286102295,3.2200000286102295,3.2200000286102295,794.0
2024-03-01 15:07:00,IART,36.18000030517578,36.18000030517578,36.220001220703125,36.18000030517578,36.220001220703125,2886.0
2024-03-01 15:07:00,IBRX,4.840000152587891,4.840000152587891,4.840000152587891,4.840000152587891,4.840000152587891,321.0
2024-03-01 15:07:00,ICAD,1.8698999881744385,1.8698999881744385,1.8698999881744385,1.8698999881744385,1.8698999881744385,780.0
2024-03-01 15:07:00,ICLR,323.94500732421875,323.94500732421875,323.94500732421875,323.94500732421875,323.94500732421875,459.0
2024-03-01 15:07:00,ICUI,105.93000030517578,105.93000030517578,105.98500061035156,105.93000030517578,105.98500061035156,539.0
2024-03-01 15:07:00,IFRX,1.7699999809265137,1.7699999809265137,1.7699999809265137,1.7549999952316284,1.7549999952316284,20420.0
2024-03-01 15:07:00,IINN,1.690000057220459,1.690000057220459,1.690000057220459,1.690000057220459,1.690000057220459,1193.0
2024-03-01 15:07:00,IKNA,1.5,1.5,1.5,1.5,1.5,200.0
2024-03-01 15:07:00,ILMN,141.01499938964844,141.01499938964844,141.01499938964844,141.01499938964844,141.01499938964844,261.0
2024-03-01 15:07:00,IMNM,25.25,25.25,25.280000686645508,25.25,25.280000686645508,326.0
2024-03-01 15:07:00,IMTX,12.770000457763672,12.770000457763672,12.770000457763672,12.770000457763672,12.770000457763672,331.0
2024-03-01 15:07:00,IMUX,1.4700000286102295,1.4700000286102295,1.4700000286102295,1.4700000286102295,1.4700000286102295,108.0
2024-03-01 15:07:00,IMVT,35.599998474121094,35.599998474121094,35.63999938964844,35.599998474121094,35.63999938964844,2063.0
2024-03-01 15:07:00,INCY,59.02000045776367,59.02000045776367,59.040000915527344,59.02000045776367,59.040000915527344,2176.0
2024-03-01 15:07:00,INMD,22.875,22.875,22.879899978637695,22.84000015258789,22.879899978637695,8778.0
2024-03-01 15:07:00,INO,9.520000457763672,9.520000457763672,9.579999923706055,9.520000457763672,9.579999923706055,938.0
2024-03-01 15:07:00,INSM,28.0,28.0,28.0049991607666,28.0,28.0049991607666,1747.0
2024-03-01 15:07:00,INVA,15.369999885559082,15.369999885559082,15.375,15.369999885559082,15.375,936.0
2024-03-01 15:07:00,IONS,45.79999923706055,45.79999923706055,45.869998931884766,45.79999923706055,45.86000061035156,2761.0
2024-03-01 15:07:00,IOVA,17.020000457763672,17.020000457763672,17.04010009765625,17.010099411010742,17.040000915527344,22627.0
2024-03-01 15:07:00,IPSC,3.9700000286102295,3.9700000286102295,3.9700000286102295,3.9700000286102295,3.9700000286102295,946.0
2024-03-01 15:07:00,IRMD,41.2400016784668,41.2400016784668,41.2400016784668,41.2400016784668,41.2400016784668,101.0
2024-03-01 15:07:00,IRWD,8.975000381469727,8.975000381469727,8.989999771118164,8.970000267028809,8.989999771118164,22861.0
2024-03-01 15:07:00,ISRG,397.355712890625,397.355712890625,397.3800048828125,397.239990234375,397.3599853515625,7157.0
2024-03-01 15:07:00,ITCI,72.05999755859375,72.05999755859375,72.12999725341797,72.05999755859375,72.12999725341797,1301.0
2024-03-01 15:07:00,ITRM,1.274999976158142,1.274999976158142,1.274999976158142,1.274999976158142,1.274999976158142,487.0
2024-03-01 15:07:00,IVVD,3.9700000286102295,3.9700000286102295,3.9700000286102295,3.9700000286102295,3.9700000286102295,802.0
2024-03-01 15:07:00,JAGX,0.08900000154972076,0.08900000154972076,0.09149999916553497,0.08900000154972076,0.09130299836397171,1125458.0
2024-03-01 15:07:00,JANX,46.15999984741211,46.15999984741211,46.16999816894531,46.15999984741211,46.16999816894531,791.0
2024-03-01 15:07:00,JAZZ,119.20999908447266,119.20999908447266,119.23999786376953,119.16999816894531,119.23999786376953,6789.0
2024-03-01 15:07:00,KNSA,21.875,21.875,21.8799991607666,21.860000610351562,21.8799991607666,2635.0
2024-03-01 15:07:00,KNTE,2.5999999046325684,2.5999999046325684,2.600100040435791,2.5999999046325684,2.5999999046325684,742.0
2024-03-01 15:07:00,KOD,6.014999866485596,6.014999866485596,6.019999980926514,6.014999866485596,6.019999980926514,501.0
2024-03-01 15:07:00,KPTI,1.184999942779541,1.184999942779541,1.190000057220459,1.184999942779541,1.184999942779541,805.0
2024-03-01 15:07:00,KRMD,2.119999885559082,2.119999885559082,2.119999885559082,2.119999885559082,2.119999885559082,287.0
2024-03-01 15:07:00,KROS,68.94000244140625,68.94000244140625,68.94000244140625,68.94000244140625,68.94000244140625,205.0
2024-03-01 15:07:00,KRTX,315.7900085449219,315.7900085449219,315.7900085449219,315.7900085449219,315.7900085449219,272.0
2024-03-01 15:07:00,KTRA,0.10189999639987946,0.10189999639987946,0.10189999639987946,0.10189999639987946,0.10189999639987946,109.0
2024-03-01 15:07:00,KURA,21.8799991607666,21.8799991607666,21.8799991607666,21.854999542236328,21.8799991607666,3797.0
2024-03-01 15:07:00,KYMR,43.59000015258789,43.59000015258789,43.630001068115234,43.59000015258789,43.630001068115234,702.0
2024-03-01 15:07:00,KZR,1.0299999713897705,1.0299999713897705,1.039199948310852,1.0299999713897705,1.039199948310852,1634.0
2024-03-01 15:07:00,LAB,2.4649999141693115,2.4649999141693115,2.4700000286102295,2.4625000953674316,2.4649999141693115,4574.0
2024-03-01 15:07:00,LBPH,21.510000228881836,21.510000228881836,21.510000228881836,21.510000228881836,21.510000228881836,100.0
2024-03-01 15:07:00,LEGN,65.38999938964844,65.38999938964844,65.51000213623047,65.38999938964844,65.51000213623047,3506.0
2024-03-01 15:07:00,LEXX,2.780100107192993,2.780100107192993,2.780100107192993,2.780100107192993,2.780100107192993,358.0
2024-03-01 15:07:00,LFMD,8.0,8.0,8.0,8.0,8.0,200.0
2024-03-01 15:07:00,LFST,7.724999904632568,7.724999904632568,7.744999885559082,7.724999904632568,7.744999885559082,8002.0
2024-03-01 15:07:00,LGND,77.25,77.25,77.25,77.25,77.25,166.0
2024-03-01 15:07:00,LIAN,4.869999885559082,4.869999885559082,4.875,4.869999885559082,4.875,2702.0
2024-03-01 15:07:00,LNTH,64.44329833984375,64.44329833984375,64.52999877929688,64.44329833984375,64.52999877929688,1313.0
2024-03-01 15:07:00,LPTX,2.859999895095825,2.859999895095825,2.859999895095825,2.859999895095825,2.859999895095825,284.0
2024-03-01 15:07:00,LQDA,14.577500343322754,14.577500343322754,14.579999923706055,14.569999694824219,14.579999923706055,2245.0
2024-03-01 15:07:00,LTRN,4.159999847412109,4.159999847412109,4.159999847412109,4.150000095367432,4.150000095367432,504.0
2024-03-01 15:07:00,LUNG,9.449999809265137,9.449999809265137,9.449999809265137,9.4399995803833,9.4399995803833,606.0
2024-03-01 15:07:00,LXRX,2.490000009536743,2.490000009536743,2.4907000064849854,2.490000009536743,2.4900999069213867,4550.0
2024-03-01 15:07:00,LYEL,3.1549999713897705,3.1549999713897705,3.1549999713897705,3.1549999713897705,3.1549999713897705,123.0
2024-03-01 15:07:00,LYRA,5.659999847412109,5.659999847412109,5.659999847412109,5.639999866485596,5.639999866485596,500.0
2024-03-01 15:07:00,MACK,14.710000038146973,14.710000038146973,14.710000038146973,14.710000038146973,14.710000038146973,1149.0
2024-03-01 15:07:00,MASI,127.33999633789062,127.33999633789062,127.33999633789062,127.23500061035156,127.23500061035156,812.0
2024-03-01 15:07:00,MASS,7.360000133514404,7.360000133514404,7.360000133514404,7.360000133514404,7.360000133514404,291.0
2024-03-01 15:07:00,MCRB,1.2200000286102295,1.2200000286102295,1.225000023841858,1.2200000286102295,1.225000023841858,5756.0
2024-03-01 15:07:00,MDGL,249.64999389648438,249.64999389648438,249.74000549316406,249.64999389648438,249.74000549316406,575.0
2024-03-01 15:07:00,MDRX,6.050000190734863,6.050000190734863,6.070000171661377,6.050000190734863,6.050000190734863,4800.0
2024-03-01 15:07:00,MDXG,8.609999656677246,8.609999656677246,8.645000457763672,8.600000381469727,8.640000343322754,15774.0
2024-03-01 15:07:00,ME,0.5529999732971191,0.5529999732971191,0.5532000064849854,0.5529999732971191,0.5532000064849854,4229.0
2024-03-01 15:07:00,MEDP,402.6199951171875,402.6199951171875,403.05499267578125,402.6199951171875,403.05499267578125,1440.0
2024-03-01 15:07:00,MGNX,18.940000534057617,18.940000534057617,18.979999542236328,18.940000534057617,18.979999542236328,1162.0
2024-03-01 15:07:00,MGTX,6.420000076293945,6.420000076293945,6.420000076293945,6.420000076293945,6.420000076293945,108.0
2024-03-01 15:07:00,MIRM,29.229999542236328,29.229999542236328,29.229999542236328,29.229999542236328,29.229999542236328,460.0
2024-03-01 15:07:00,MLTX,50.56999969482422,50.56999969482422,50.56999969482422,50.540000915527344,50.540000915527344,211.0
2024-03-01 15:07:00,MNKD,4.534999847412109,4.534999847412109,4.539999961853027,4.53000020980835,4.539999961853027,3427.0
2024-03-01 15:07:00,MNMD,6.119999885559082,6.119999885559082,6.130099773406982,6.119999885559082,6.130000114440918,1799.0
2024-03-01 15:07:00,MNPR,0.9490000009536743,0.9490000009536743,0.9490000009536743,0.9490000009536743,0.9490000009536743,101.0
2024-03-01 15:07:00,MODD,1.8700000047683716,1.8700000047683716,1.8700000047683716,1.8700000047683716,1.8700000047683716,200.0
2024-03-01 15:07:00,MODV,28.434999465942383,28.434999465942383,28.434999465942383,28.434999465942383,28.434999465942383,255.0
2024-03-01 15:07:00,MOR,17.670000076293945,17.670000076293945,17.670000076293945,17.65999984741211,17.665000915527344,2157.0
2024-03-01 15:07:00,MORF,39.63999938964844,39.63999938964844,39.63999938964844,39.63999938964844,39.63999938964844,1123.0
2024-03-01 15:07:00,MOVE,0.58160001039505,0.58160001039505,0.58160001039505,0.5651999711990356,0.5651999711990356,565.0
2024-03-01 15:07:00,MRAI,1.6100000143051147,1.6100000143051147,1.6100000143051147,1.6100000143051147,1.6100000143051147,2400.0
2024-03-01 15:07:00,MREO,3.950000047683716,3.950000047683716,3.950000047683716,3.944999933242798,3.950000047683716,46078.0
2024-03-01 15:07:00,MRNA,95.44000244140625,95.44000244140625,95.5270004272461,95.43000030517578,95.5199966430664,1453.0
2024-03-01 15:07:00,MRNS,9.979999542236328,9.979999542236328,9.982999801635742,9.979999542236328,9.982999801635742,451.0
2024-03-01 15:07:00,MRSN,5.974999904632568,5.974999904632568,5.974999904632568,5.96999979019165,5.974999904632568,1932.0
2024-03-01 15:07:00,MRUS,51.1349983215332,51.1349983215332,51.209999084472656,51.11000061035156,51.1349983215332,1438.0
2024-03-01 15:07:00,MRVI,7.679999828338623,7.679999828338623,7.679999828338623,7.679999828338623,7.679999828338623,518.0
2024-03-01 15:07:00,MXCT,4.739999771118164,4.739999771118164,4.744999885559082,4.739999771118164,4.739999771118164,2776.0
2024-03-01 15:07:00,MYGN,22.1200008392334,22.1200008392334,22.125,22.110000610351562,22.125,2224.0
2024-03-01 15:07:00,NARI,46.15999984741211,46.15999984741211,46.18000030517578,46.15999984741211,46.18000030517578,1325.0
2024-03-01 15:07:00,NAUT,2.6572000980377197,2.6572000980377197,2.658600091934204,2.6572000980377197,2.6579999923706055,816.0
2024-03-01 15:07:00,NBIX,131.86000061035156,131.86000061035156,131.86000061035156,131.80999755859375,131.80999755859375,1896.0
2024-03-01 15:07:00,NEO,16.020000457763672,16.020000457763672,16.020000457763672,16.014999389648438,16.020000457763672,477.0
2024-03-01 15:07:00,NEOG,17.309999465942383,17.309999465942383,17.31999969482422,17.309999465942383,17.31999969482422,1529.0
2024-03-01 15:07:00,NERV,2.639400005340576,2.639400005340576,2.639400005340576,2.639400005340576,2.639400005340576,403.0
2024-03-01 15:07:00,NKTR,0.7699999809265137,0.7699999809265137,0.7699999809265137,0.7699999809265137,0.7699999809265137,538.0
2024-03-01 15:07:00,NKTX,12.640000343322754,12.640000343322754,12.640000343322754,12.640000343322754,12.640000343322754,287.0
2024-03-01 15:07:00,NNOX,10.800000190734863,10.800000190734863,10.84000015258789,10.800000190734863,10.829999923706055,19743.0
2024-03-01 15:07:00,NOTV,7.929999828338623,7.929999828338623,7.960000038146973,7.929999828338623,7.960000038146973,2417.0
2024-03-01 15:07:00,NPCE,16.295000076293945,16.295000076293945,16.295000076293945,16.290000915527344,16.290000915527344,673.0
2024-03-01 15:07:00,NRIX,13.404999732971191,13.404999732971191,13.404999732971191,13.399999618530273,13.399999618530273,407.0
2024-03-01 15:07:00,NRSN,1.9701000452041626,1.9701000452041626,2.0,1.9701000452041626,2.0,1000.0
2024-03-01 15:07:00,NRXP,0.43744900822639465,0.43744900822639465,0.43744900822639465,0.43149998784065247,0.43149998784065247,3115.0
2024-03-01 15:07:00,NTLA,33.25,33.25,33.27000045776367,33.25,33.27000045776367,1992.0
2024-03-01 15:07:00,NTRA,89.23999786376953,89.23999786376953,89.31999969482422,89.23999786376953,89.31999969482422,3507.0
2024-03-01 15:07:00,NUTX,0.11394999921321869,0.11394999921321869,0.11394999921321869,0.11389999836683273,0.11389999836683273,454.0
2024-03-01 15:07:00,NUWE,0.5841000080108643,0.5841000080108643,0.5841000080108643,0.5841000080108643,0.5841000080108643,897.0
2024-03-01 15:07:00,NVAX,5.350299835205078,5.350299835205078,5.360000133514404,5.349999904632568,5.3531999588012695,3948.0
2024-03-01 15:07:00,NVCR,16.030000686645508,16.030000686645508,16.040000915527344,16.030000686645508,16.037500381469727,2189.0
2024-03-01 15:07:00,NVCT,10.649999618530273,10.649999618530273,10.649999618530273,10.649999618530273,10.649999618530273,100.0
2024-03-01 15:07:00,NVNO,6.389999866485596,6.389999866485596,6.46999979019165,6.389999866485596,6.46999979019165,722.0
2024-03-01 15:07:00,NXTC,1.7599999904632568,1.7599999904632568,1.7799999713897705,1.7599999904632568,1.7799999713897705,2100.0
2024-03-01 15:07:00,NYXH,15.085000038146973,15.085000038146973,15.085000038146973,15.085000038146973,15.085000038146973,126.0
2024-03-01 15:07:00,OCGN,0.951200008392334,0.951200008392334,0.9513000249862671,0.9506000280380249,0.9506999850273132,6441.0
2024-03-01 15:07:00,OCUL,10.65999984741211,10.65999984741211,10.675000190734863,10.65999984741211,10.675000190734863,4938.0
2024-03-01 15:07:00,OCUP,2.5,2.5,2.5,2.5,2.5,926.0
2024-03-01 15:07:00,OKYO,1.4800000190734863,1.4800000190734863,1.4800000190734863,1.4800000190734863,1.4800000190734863,948.0
2024-03-01 15:07:00,OLK,22.989999771118164,22.989999771118164,22.989999771118164,22.985000610351562,22.989999771118164,3203.0
2024-03-01 15:07:00,OLMA,14.630000114440918,14.630000114440918,14.630000114440918,14.619999885559082,14.619999885559082,1338.0
2024-03-01 15:07:00,OMCL,26.530000686645508,26.530000686645508,26.565000534057617,26.530000686645508,26.565000534057617,1858.0
2024-03-01 15:07:00,OMER,4.78000020980835,4.78000020980835,4.789999961853027,4.78000020980835,4.789999961853027,2201.0
2024-03-01 15:07:00,OMGA,4.409999847412109,4.409999847412109,4.409999847412109,4.400000095367432,4.400000095367432,269.0
2024-03-01 15:07:00,ONTX,0.8158000111579895,0.8158000111579895,0.8158000111579895,0.8158000111579895,0.8158000111579895,222.0
2024-03-01 15:08:00,AADI,1.9299999475479126,1.9299999475479126,1.940000057220459,1.9299999475479126,1.940000057220459,200.0
2024-03-01 15:08:00,ABCL,5.071199893951416,5.071199893951416,5.085000038146973,5.071199893951416,5.079999923706055,1084.0
2024-03-01 15:08:00,ABEO,7.760000228881836,7.760000228881836,7.760000228881836,7.760000228881836,7.760000228881836,357.0
2024-03-01 15:08:00,ABSI,5.525000095367432,5.525000095367432,5.525000095367432,5.514999866485596,5.519999980926514,7302.0
2024-03-01 15:08:00,ABUS,2.7750000953674316,2.7750000953674316,2.7750000953674316,2.7750000953674316,2.7750000953674316,2222.0
2024-03-01 15:08:00,ACAD,24.079999923706055,24.079999923706055,24.079999923706055,24.059999465942383,24.06999969482422,2819.0
2024-03-01 15:08:00,ACB,3.180000066757202,3.180000066757202,3.180000066757202,3.180000066757202,3.180000066757202,385.0
2024-03-01 15:08:00,ACET,2.369999885559082,2.369999885559082,2.369999885559082,2.369999885559082,2.369999885559082,205.0
2024-03-01 15:08:00,ACHC,84.16000366210938,84.16000366210938,84.16000366210938,84.05000305175781,84.05000305175781,3892.0
2024-03-01 15:08:00,ACHL,1.3700000047683716,1.3700000047683716,1.3700000047683716,1.3700000047683716,1.3700000047683716,294.0
2024-03-01 15:08:00,ACIU,3.9000000953674316,3.9000000953674316,3.9000000953674316,3.8951001167297363,3.8951001167297363,530.0
2024-03-01 15:08:00,ACLX,67.84249877929688,67.84249877929688,67.84249877929688,67.84249877929688,67.84249877929688,213.0
2024-03-01 15:08:00,ACRS,1.2200000286102295,1.2200000286102295,1.2300000190734863,1.2200000286102295,1.2200000286102295,1413.0
2024-03-01 15:08:00,ADAP,1.600000023841858,1.600000023841858,1.600000023841858,1.600000023841858,1.600000023841858,915.0
2024-03-01 15:08:00,ADIL,2.890000104904175,2.890000104904175,2.890000104904175,2.799999952316284,2.825000047683716,85684.0
2024-03-01 15:08:00,ADMA,5.525000095367432,5.525000095367432,5.534999847412109,5.519999980926514,5.534999847412109,6964.0
2024-03-01 15:08:00,ADPT,4.050000190734863,4.050000190734863,4.058800220489502,4.050000190734863,4.054999828338623,479.0
2024-03-01 15:08:00,ADVM,1.965000033378601,1.965000033378601,1.965000033378601,1.9600000381469727,1.965000033378601,400.0
2024-03-01 15:08:00,AFMD,0.675000011920929,0.675000011920929,0.675000011920929,0.675000011920929,0.675000011920929,125.0
2024-03-01 15:08:00,AGEN,0.6700500249862671,0.6700500249862671,0.670074999332428,0.6700000166893005,0.6700500249862671,4835.0
2024-03-01 15:08:00,AGIO,32.2400016784668,32.2400016784668,32.2599983215332,32.2400016784668,32.244998931884766,1642.0
2024-03-01 15:08:00,AHCO,10.444999694824219,10.444999694824219,10.46500015258789,10.4399995803833,10.46500015258789,6088.0
2024-03-01 15:08:00,AIH,0.5202999711036682,0.5202999711036682,0.5202999711036682,0.5202999711036682,0.5202999711036682,150.0
2024-03-01 15:08:00,AIMD,0.9585999846458435,0.9585999846458435,0.9585999846458435,0.9585999846458435,0.9585999846458435,2000.0
2024-03-01 15:08:00,AIRS,6.434999942779541,6.434999942779541,6.434999942779541,6.434999942779541,6.434999942779541,194.0
2024-03-01 15:08:00,AKAN,0.20810000598430634,0.20810000598430634,0.20810000598430634,0.2071000039577484,0.2071000039577484,1059.0
2024-03-01 15:08:00,AKBA,1.684999942779541,1.684999942779541,1.690000057220459,1.684999942779541,1.684999942779541,19455.0
2024-03-01 15:08:00,AKLI,0.35409998893737793,0.35409998893737793,0.35409998893737793,0.3540000021457672,0.3540000021457672,2500.0
2024-03-01 15:08:00,AKYA,5.989999771118164,5.989999771118164,6.0,5.989999771118164,6.0,3486.0
2024-03-01 15:08:00,ALEC,7.409999847412109,7.409999847412109,7.439899921417236,7.409999847412109,7.439899921417236,4414.0
2024-03-01 15:08:00,ALGN,302.5,302.5,302.5,302.2900085449219,302.3900146484375,1999.0
2024-03-01 15:08:00,ALHC,5.570000171661377,5.570000171661377,5.570000171661377,5.570000171661377,5.570000171661377,1297.0
2024-03-01 15:08:00,ALKS,30.149999618530273,30.149999618530273,30.170000076293945,30.149999618530273,30.15999984741211,4652.0
2024-03-01 15:08:00,ALLK,1.649999976158142,1.649999976158142,1.6549999713897705,1.6449999809265137,1.6549999713897705,5810.0
2024-03-01 15:08:00,ALLO,4.949999809265137,4.949999809265137,4.960000038146973,4.949999809265137,4.960000038146973,984.0
2024-03-01 15:08:00,ALNY,153.30999755859375,153.30999755859375,153.30999755859375,153.22000122070312,153.22000122070312,1099.0
2024-03-01 15:08:00,ALPN,35.80500030517578,35.80500030517578,35.810001373291016,35.80500030517578,35.810001373291016,846.0
2024-03-01 15:08:00,ALT,12.029999732971191,12.029999732971191,12.029999732971191,12.0,12.010000228881836,10174.0
2024-03-01 15:08:00,ALVO,15.640000343322754,15.640000343322754,15.640000343322754,15.640000343322754,15.640000343322754,100.0
2024-03-01 15:08:00,ALVR,0.7400000095367432,0.7400000095367432,0.7400000095367432,0.7400000095367432,0.7400000095367432,100.0
2024-03-01 15:08:00,ALXO,14.954999923706055,14.954999923706055,15.0,14.954999923706055,15.0,17987.0
2024-03-01 15:08:00,AMED,93.20999908447266,93.20999908447266,93.27999877929688,93.20999908447266,93.2699966430664,7223.0
2024-03-01 15:08:00,AMGN,280.1400146484375,280.1400146484375,280.2349853515625,280.1199951171875,280.1700134277344,6017.0
2024-03-01 15:08:00,AMLX,18.760000228881836,18.760000228881836,18.760000228881836,18.729999542236328,18.729999542236328,2081.0
2024-03-01 15:08:00,AMPH,45.849998474121094,45.849998474121094,45.86000061035156,45.81999969482422,45.834999084472656,5613.0
2024-03-01 15:08:00,AMRN,1.0549999475479126,1.0549999475479126,1.0549999475479126,1.0549999475479126,1.0549999475479126,804.0
2024-03-01 15:08:00,ANAB,25.395000457763672,25.395000457763672,25.399999618530273,25.3700008392334,25.3700008392334,531.0
2024-03-01 15:08:00,ANGO,5.480000019073486,5.480000019073486,5.480000019073486,5.474999904632568,5.480000019073486,2776.0
2024-03-01 15:08:00,ANIK,24.979999542236328,24.979999542236328,24.979999542236328,24.979999542236328,24.979999542236328,374.0
2024-03-01 15:08:00,ANIP,67.04499816894531,67.04499816894531,67.04499816894531,67.04499816894531,67.04499816894531,239.0
2024-03-01 15:08:00,ANNX,6.019999980926514,6.019999980926514,6.03000020980835,6.014999866485596,6.019999980926514,3889.0
2024-03-01 15:08:00,ANTX,2.990000009536743,2.990000009536743,3.009999990463257,2.990000009536743,3.0,2607.0
2024-03-01 15:08:00,APLS,64.22000122070312,64.22000122070312,64.25,64.20999908447266,64.25,4903.0
2024-03-01 15:08:00,APLT,7.039999961853027,7.039999961853027,7.050000190734863,7.039999961853027,7.039999961853027,790.0
2024-03-01 15:08:00,APRE,8.25,8.25,8.25,8.25,8.25,236.0
2024-03-01 15:08:00,AQST,4.067399978637695,4.067399978637695,4.067399978637695,4.0605998039245605,4.0605998039245605,1851.0
2024-03-01 15:08:00,ARAY,2.630000114440918,2.630000114440918,2.634999990463257,2.630000114440918,2.634999990463257,1198.0
2024-03-01 15:08:00,ARDX,9.454999923706055,9.454999923706055,9.45989990234375,9.449999809265137,9.454999923706055,1407.0
2024-03-01 15:08:00,ARQT,11.510000228881836,11.510000228881836,11.510000228881836,11.460000038146973,11.460000038146973,14821.0
2024-03-01 15:08:00,ARVN,47.90999984741211,47.90999984741211,47.90999984741211,47.90999984741211,47.90999984741211,340.0
2024-03-01 15:08:00,ASND,153.57000732421875,153.57000732421875,153.5800018310547,153.3800048828125,153.55999755859375,4566.0
2024-03-01 15:08:00,ASRT,0.888450026512146,0.888450026512146,0.888450026512146,0.888450026512146,0.888450026512146,101.0
2024-03-01 15:08:00,ATEC,13.420000076293945,13.420000076293945,13.425000190734863,13.420000076293945,13.425000190734863,1290.0
2024-03-01 15:08:00,ATHA,3.984999895095825,3.984999895095825,3.9869000911712646,3.984999895095825,3.984999895095825,455.0
2024-03-01 15:08:00,ATOS,1.0099999904632568,1.0099999904632568,1.0099999904632568,1.0099999904632568,1.0099999904632568,138.0
2024-03-01 15:08:00,ATRA,0.7818999886512756,0.7818999886512756,0.7818999886512756,0.7799999713897705,0.7800009846687317,2416.0
2024-03-01 15:08:00,ATRC,36.119998931884766,36.119998931884766,36.13999938964844,36.119998931884766,36.13999938964844,866.0
2024-03-01 15:08:00,ATXS,14.899999618530273,14.899999618530273,14.899999618530273,14.899999618530273,14.899999618530273,1059.0
2024-03-01 15:08:00,AUGX,4.539999961853027,4.539999961853027,4.559999942779541,4.539999961853027,4.554599761962891,3657.0
2024-03-01 15:08:00,AUPH,5.78000020980835,5.78000020980835,5.78000020980835,5.769999980926514,5.78000020980835,3972.0
2024-03-01 15:08:00,AUTL,6.239999771118164,6.239999771118164,6.239999771118164,6.21999979019165,6.21999979019165,4084.0
2024-03-01 15:08:00,AVDL,13.229999542236328,13.229999542236328,13.279999732971191,13.229999542236328,13.279999732971191,9297.0
2024-03-01 15:08:00,AVRO,1.3200000524520874,1.3200000524520874,1.3200000524520874,1.3200000524520874,1.3200000524520874,100.0
2024-03-01 15:08:00,AVXL,5.320000171661377,5.320000171661377,5.329999923706055,5.320000171661377,5.329999923706055,1346.0
2024-03-01 15:08:00,AWH,4.039999961853027,4.039999961853027,4.039999961853027,3.9800000190734863,3.9800000190734863,2061.0
2024-03-01 15:08:00,AXGN,10.550000190734863,10.550000190734863,10.550000190734863,10.550000190734863,10.550000190734863,486.0
2024-03-01 15:08:00,AXSM,82.41000366210938,82.41000366210938,82.43000030517578,82.41000366210938,82.41000366210938,744.0
2024-03-01 15:08:00,AZN,64.6449966430664,64.6449966430664,64.6500015258789,64.63500213623047,64.6449966430664,7001.0
2024-03-01 15:08:00,AZTA,66.88500213623047,66.88500213623047,66.88500213623047,66.88500213623047,66.88500213623047,540.0
2024-03-01 15:08:00,BBIO,35.7599983215332,35.7599983215332,35.78499984741211,35.7599983215332,35.78499984741211,1759.0
2024-03-01 15:08:00,BCAB,2.825000047683716,2.825000047683716,2.8299999237060547,2.825000047683716,2.8299999237060547,1222.0
2024-03-01 15:08:00,BCDA,0.5799999833106995,0.5799999833106995,0.5799999833106995,0.574999988079071,0.5799999833106995,772.0
2024-03-01 15:08:00,BCEL,0.26809999346733093,0.26809999346733093,0.26809999346733093,0.26809999346733093,0.26809999346733093,1005.0
2024-03-01 15:08:00,BCRX,5.659999847412109,5.659999847412109,5.664999961853027,5.659999847412109,5.664999961853027,681.0
2024-03-01 15:08:00,BCTX,3.519700050354004,3.519700050354004,3.519700050354004,3.519700050354004,3.519700050354004,121.0
2024-03-01 15:08:00,BDTX,4.724999904632568,4.724999904632568,4.724999904632568,4.724999904632568,4.724999904632568,159.0
2024-03-01 15:08:00,BEAM,39.7599983215332,39.7599983215332,39.790000915527344,39.7599983215332,39.790000915527344,3699.0
2024-03-01 15:08:00,BGNE,165.86000061035156,165.86000061035156,165.86000061035156,165.86000061035156,165.86000061035156,450.0
2024-03-01 15:08:00,BIIB,221.0399932861328,221.0399932861328,221.10000610351562,220.83999633789062,221.0,3387.0
2024-03-01 15:08:00,BIOL,0.1448500007390976,0.1448500007390976,0.14489999413490295,0.1448500007390976,0.14489999413490295,7606.0
2024-03-01 15:08:00,BIOR,1.138800024986267,1.138800024986267,1.138800024986267,1.138800024986267,1.138800024986267,150.0
2024-03-01 15:08:00,BIVI,1.9700000286102295,1.9700000286102295,1.9890999794006348,1.9600000381469727,1.9801000356674194,54845.0
2024-03-01 15:08:00,BLFS,17.764999389648438,17.764999389648438,17.764999389648438,17.719999313354492,17.760000228881836,573.0
2024-03-01 15:08:00,BLPH,0.051600001752376556,0.051600001752376556,0.051600001752376556,0.051600001752376556,0.051600001752376556,177.0
2024-03-01 15:08:00,BLUE,1.5753999948501587,1.5753999948501587,1.5794999599456787,1.5700000524520874,1.570099949836731,12507.0
2024-03-01 15:08:00,BMEA,18.010099411010742,18.010099411010742,18.040000915527344,18.010000228881836,18.040000915527344,941.0
2024-03-01 15:08:00,BMRN,87.59500122070312,87.59500122070312,87.59500122070312,87.59500122070312,87.59500122070312,485.0
2024-03-01 15:08:00,BNR,0.8188999891281128,0.8188999891281128,0.8188999891281128,0.8188999891281128,0.8188999891281128,100.0
2024-03-01 15:08:00,BNTC,5.28000020980835,5.28000020980835,5.360000133514404,5.239999771118164,5.28000020980835,3238.0
2024-03-01 15:08:00,BNTX,90.83499908447266,90.83499908447266,90.83499908447266,90.83499908447266,90.83499908447266,110.0
2024-03-01 15:08:00,BOLT,1.2200000286102295,1.2200000286102295,1.2200000286102295,1.2050000429153442,1.2050000429153442,6678.0
2024-03-01 15:08:00,BPMC,96.0,96.0,96.01000213623047,95.95999908447266,96.01000213623047,2035.0
2024-03-01 15:08:00,BRKR,88.69499969482422,88.69499969482422,88.72000122070312,88.69499969482422,88.72000122070312,1624.0
2024-03-01 15:08:00,BSGM,0.6801000237464905,0.6801000237464905,0.6801000237464905,0.6801000237464905,0.6801000237464905,176.0
2024-03-01 15:08:00,BTAI,3.2219998836517334,3.2219998836517334,3.2219998836517334,3.2219998836517334,3.2219998836517334,713.0
2024-03-01 15:08:00,BTTX,0.18279999494552612,0.18279999494552612,0.18279999494552612,0.18070000410079956,0.1808999925851822,8033.0
2024-03-01 15:08:00,CABA,23.969999313354492,23.969999313354492,23.969999313354492,23.959999084472656,23.959999084472656,1437.0
2024-03-01 15:08:00,CBAY,32.220001220703125,32.220001220703125,32.22999954223633,32.220001220703125,32.22999954223633,3815.0
2024-03-01 15:08:00,CCCC,10.975000381469727,10.975000381469727,10.988100051879883,10.960000038146973,10.988100051879883,2591.0
2024-03-01 15:08:00,CCRN,18.299999237060547,18.299999237060547,18.309999465942383,18.290000915527344,18.290000915527344,670.0
2024-03-01 15:08:00,CDMO,8.220000267028809,8.220000267028809,8.220000267028809,8.210000038146973,8.210000038146973,613.0
2024-03-01 15:08:00,CDNA,12.46500015258789,12.46500015258789,12.46500015258789,12.460000038146973,12.460000038146973,3070.0
2024-03-01 15:08:00,CDXS,4.619999885559082,4.619999885559082,4.630000114440918,4.619999885559082,4.619999885559082,1389.0
2024-03-01 15:08:00,CELC,16.969999313354492,16.969999313354492,16.969999313354492,16.96500015258789,16.96500015258789,1119.0
2024-03-01 15:08:00,CERE,41.09000015258789,41.09000015258789,41.09000015258789,41.084999084472656,41.084999084472656,17431.0
2024-03-01 15:08:00,CERS,2.184999942779541,2.184999942779541,2.184999942779541,2.180000066757202,2.184999942779541,2023.0
2024-03-01 15:08:00,CERT,18.219999313354492,18.219999313354492,18.219999313354492,18.219999313354492,18.219999313354492,115.0
2024-03-01 15:08:00,CGC,3.184999942779541,3.184999942779541,3.190000057220459,3.180000066757202,3.190000057220459,11100.0
2024-03-01 15:08:00,CHRS,2.4049999713897705,2.4049999713897705,2.4100000858306885,2.4049999713897705,2.4100000858306885,5106.0
2024-03-01 15:08:00,CING,1.3401000499725342,1.3401000499725342,1.3401000499725342,1.340000033378601,1.340000033378601,2076.0
2024-03-01 15:08:00,CLDX,52.470001220703125,52.470001220703125,52.560001373291016,52.470001220703125,52.560001373291016,3624.0
2024-03-01 15:08:00,CLNN,0.3799999952316284,0.3799999952316284,0.3849000036716461,0.3799999952316284,0.3849000036716461,69131.0
2024-03-01 15:08:00,CLOV,0.8634999990463257,0.8634999990463257,0.8634999990463257,0.8633999824523926,0.8633999824523926,24296.0
2024-03-01 15:08:00,CLRB,4.090000152587891,4.090000152587891,4.099999904632568,4.090000152587891,4.099999904632568,450.0
2024-03-01 15:08:00,CMPS,11.65999984741211,11.65999984741211,11.65999984741211,11.656999588012695,11.65999984741211,891.0
2024-03-01 15:08:00,CMRX,1.2100000381469727,1.2100000381469727,1.2100000381469727,1.2050000429153442,1.2100000381469727,2921.0
2024-03-01 15:08:00,CNSP,0.3199000060558319,0.3199000060558319,0.33230000734329224,0.3199000060558319,0.32899999618530273,25128.0
2024-03-01 15:08:00,CNTA,10.84000015258789,10.84000015258789,10.84000015258789,10.829999923706055,10.829999923706055,488.0
2024-03-01 15:08:00,COGT,7.184999942779541,7.184999942779541,7.190000057220459,7.184999942779541,7.190000057220459,2104.0
2024-03-01 15:08:00,COLL,36.7400016784668,36.7400016784668,36.7400016784668,36.7400016784668,36.7400016784668,167.0
2024-03-01 15:08:00,CORT,24.274999618530273,24.274999618530273,24.274999618530273,24.274999618530273,24.274999618530273,512.0
2024-03-01 15:08:00,CPRX,17.19499969482422,17.19499969482422,17.200000762939453,17.165000915527344,17.165000915527344,6808.0
2024-03-01 15:08:00,CRBP,32.91999816894531,32.91999816894531,32.93000030517578,32.880001068115234,32.91999816894531,1633.0
2024-03-01 15:08:00,CRBU,7.815000057220459,7.815000057220459,7.850200176239014,7.809999942779541,7.849999904632568,15995.0
2024-03-01 15:08:00,CRDF,2.630199909210205,2.630199909210205,2.6449999809265137,2.630000114440918,2.6401000022888184,23478.0
2024-03-01 15:08:00,CRDL,1.9500000476837158,1.9500000476837158,1.9600000381469727,1.9500000476837158,1.9600000381469727,7677.0
2024-03-01 15:08:00,CRMD,3.6519999504089355,3.6519999504089355,3.6600000858306885,3.6519999504089355,3.6600000858306885,1842.0
2024-03-01 15:08:00,CRNX,45.89500045776367,45.89500045776367,45.89500045776367,45.89500045776367,45.89500045776367,407.0
2024-03-01 15:08:00,CRON,2.0250000953674316,2.0250000953674316,2.0253000259399414,2.0250000953674316,2.0250000953674316,371.0
2024-03-01 15:08:00,CRSP,84.5801010131836,84.5801010131836,84.80500030517578,84.5801010131836,84.80000305175781,4433.0
2024-03-01 15:08:00,CTKB,9.015000343322754,9.015000343322754,9.015000343322754,9.010000228881836,9.010000228881836,690.0
2024-03-01 15:08:00,CTMX,2.5250000953674316,2.5250000953674316,2.5299999713897705,2.5250000953674316,2.5250000953674316,1140.0
2024-03-01 15:08:00,CUE,2.1600000858306885,2.1600000858306885,2.1600000858306885,2.1500000953674316,2.1500000953674316,939.0
2024-03-01 15:08:00,CUTR,2.390000104904175,2.390000104904175,2.390000104904175,2.390000104904175,2.390000104904175,1329.0
2024-03-01 15:08:00,CVAC,3.440000057220459,3.440000057220459,3.440000057220459,3.440000057220459,3.440000057220459,239.0
2024-03-01 15:08:00,CYTK,73.87999725341797,73.87999725341797,74.0,73.86000061035156,73.94999694824219,6604.0
2024-03-01 15:08:00,DAWN,17.670000076293945,17.670000076293945,17.68000030517578,17.65999984741211,17.68000030517578,7636.0
2024-03-01 15:08:00,DBVT,0.8275499939918518,0.8275499939918518,0.8277000188827515,0.8275499939918518,0.8277000188827515,1618.0
2024-03-01 15:08:00,DCGO,4.03000020980835,4.03000020980835,4.039999961853027,4.03000020980835,4.039999961853027,472.0
2024-03-01 15:08:00,DCPH,17.420000076293945,17.420000076293945,17.420000076293945,17.420000076293945,17.420000076293945,762.0
2024-03-01 15:08:00,DCTH,4.199999809265137,4.199999809265137,4.199999809265137,4.199999809265137,4.199999809265137,119.0
2024-03-01 15:08:00,DH,8.819999694824219,8.819999694824219,8.84000015258789,8.800000190734863,8.800000190734863,4639.0
2024-03-01 15:08:00,DMTK,0.8499000072479248,0.8499000072479248,0.8499000072479248,0.8399999737739563,0.8497999906539917,590.0
2024-03-01 15:08:00,DNLI,21.059999465942383,21.059999465942383,21.059999465942383,21.024999618530273,21.024999618530273,4188.0
2024-03-01 15:08:00,DRUG,1.7999999523162842,1.7999999523162842,1.7999999523162842,1.7599999904632568,1.7599999904632568,200.0
2024-03-01 15:08:00,DTIL,12.545000076293945,12.545000076293945,12.545000076293945,12.545000076293945,12.545000076293945,162.0
2024-03-01 15:08:00,DVAX,12.795000076293945,12.795000076293945,12.795000076293945,12.789999961853027,12.789999961853027,1154.0
2024-03-01 15:08:00,DXCM,121.22000122070312,121.22000122070312,121.22000122070312,121.13999938964844,121.16000366210938,5764.0
2024-03-01 15:08:00,DYN,29.010000228881836,29.010000228881836,29.010000228881836,29.010000228881836,29.010000228881836,509.0
2024-03-01 15:08:00,EDIT,10.800000190734863,10.800000190734863,10.8100004196167,10.800000190734863,10.8100004196167,1605.0
2024-03-01 15:08:00,EIGR,7.210000038146973,7.210000038146973,7.489999771118164,7.210000038146973,7.489999771118164,1341.0
2024-03-01 15:08:00,ELEV,5.139999866485596,5.139999866485596,5.139999866485596,5.110000133514404,5.139999866485596,4771.0
2024-03-01 15:08:00,ENSG,121.05500030517578,121.05500030517578,121.0999984741211,120.9749984741211,121.0999984741211,1625.0
2024-03-01 15:08:00,ENTX,1.3899999856948853,1.3899999856948853,1.3899999856948853,1.3544000387191772,1.3544000387191772,790.0
2024-03-01 15:08:00,ENVB,1.5011999607086182,1.5011999607086182,1.5099999904632568,1.5011999607086182,1.5099999904632568,435.0
2024-03-01 15:08:00,EQ,2.450000047683716,2.450000047683716,2.4600000381469727,2.444999933242798,2.4600000381469727,4386.0
2024-03-01 15:08:00,ERAS,2.494999885559082,2.494999885559082,2.494999885559082,2.494999885559082,2.494999885559082,130.0
2024-03-01 15:08:00,ESPR,2.5450000762939453,2.5450000762939453,2.5450000762939453,2.5450000762939453,2.5450000762939453,1366.0
2024-03-01 15:08:00,ESTA,44.5880012512207,44.5880012512207,44.72999954223633,44.5880012512207,44.60499954223633,1051.0
2024-03-01 15:08:00,ETNB,12.699999809265137,12.699999809265137,12.720000267028809,12.699999809265137,12.720000267028809,3991.0
2024-03-01 15:08:00,EVLO,0.054099999368190765,0.054099999368190765,0.054099999368190765,0.054099999368190765,0.054099999368190765,58289.0
2024-03-01 15:08:00,EWTX,16.84000015258789,16.84000015258789,16.84000015258789,16.84000015258789,16.84000015258789,1287.0
2024-03-01 15:08:00,EXAI,6.605000019073486,6.605000019073486,6.605000019073486,6.605000019073486,6.605000019073486,201.0
2024-03-01 15:08:00,EXAS,59.65999984741211,59.65999984741211,59.68000030517578,59.630001068115234,59.68000030517578,1698.0
2024-03-01 15:08:00,EXEL,22.28499984741211,22.28499984741211,22.290000915527344,22.280000686645508,22.290000915527344,4028.0
2024-03-01 15:08:00,EYEN,2.359999895095825,2.359999895095825,2.359999895095825,2.3499999046325684,2.3589999675750732,724.0
2024-03-01 15:08:00,EYPT,27.920000076293945,27.920000076293945,27.93000030517578,27.920000076293945,27.93000030517578,658.0
2024-03-01 15:08:00,FATE,7.699999809265137,7.699999809265137,7.720200061798096,7.699999809265137,7.710000038146973,16102.0
2024-03-01 15:08:00,FBIO,2.3499999046325684,2.3499999046325684,2.3499999046325684,2.3499999046325684,2.3499999046325684,1345.0
2024-03-01 15:08:00,FDMT,29.219999313354492,29.219999313354492,29.219999313354492,29.219999313354492,29.219999313354492,467.0
2024-03-01 15:08:00,FEMY,1.7229000329971313,1.7229000329971313,1.7229000329971313,1.7229000329971313,1.7229000329971313,4014.0
2024-03-01 15:08:00,FENC,9.850000381469727,9.850000381469727,9.850000381469727,9.8100004196167,9.8100004196167,1904.0
2024-03-01 15:08:00,FGEN,1.8300000429153442,1.8300000429153442,1.8300000429153442,1.8300000429153442,1.8300000429153442,955.0
2024-03-01 15:08:00,FHTX,8.140000343322754,8.140000343322754,8.140000343322754,8.140000343322754,8.140000343322754,330.0
2024-03-01 15:08:00,FIXX,0.9187999963760376,0.9187999963760376,0.9187999963760376,0.9099500179290771,0.9099500179290771,200.0
2024-03-01 15:08:00,FLGT,23.059999465942383,23.059999465942383,23.059999465942383,22.959999084472656,22.959999084472656,13591.0
2024-03-01 15:08:00,FOLD,13.300000190734863,13.300000190734863,13.300000190734863,13.289999961853027,13.289999961853027,1580.0
2024-03-01 15:08:00,FULC,10.960000038146973,10.960000038146973,10.960000038146973,10.960000038146973,10.960000038146973,629.0
2024-03-01 15:08:00,FUSN,12.114999771118164,12.114999771118164,12.130000114440918,12.109999656677246,12.130000114440918,1138.0
2024-03-01 15:08:00,FWBI,8.899499893188477,8.899499893188477,8.899499893188477,8.899499893188477,8.899499893188477,1361.0
2024-03-01 15:08:00,GBIO,2.625,2.625,2.630000114440918,2.619999885559082,2.619999885559082,1977.0
2024-03-01 15:08:00,GDRX,8.420000076293945,8.420000076293945,8.430000305175781,8.420000076293945,8.430000305175781,6631.0
2024-03-01 15:08:00,GERN,2.244999885559082,2.244999885559082,2.25,2.244999885559082,2.244999885559082,6787.0
2024-03-01 15:08:00,GH,18.979999542236328,18.979999542236328,18.989999771118164,18.979999542236328,18.989999771118164,967.0
2024-03-01 15:08:00,GILD,72.51000213623047,72.51000213623047,72.51000213623047,72.48500061035156,72.48500061035156,7646.0
2024-03-01 15:08:00,GLTO,0.8299999833106995,0.8299999833106995,0.839900016784668,0.8299999833106995,0.839900016784668,7800.0
2024-03-01 15:08:00,GLYC,3.0,3.0,3.0,2.990000009536743,2.990000009536743,5570.0
2024-03-01 15:08:00,GNPX,4.449999809265137,4.449999809265137,4.639999866485596,4.449999809265137,4.639999866485596,8789.0
2024-03-01 15:08:00,GOSS,1.4199999570846558,1.4199999570846558,1.4199999570846558,1.4149999618530273,1.4199999570846558,3200.0
2024-03-01 15:08:00,GRFS,7.050000190734863,7.050000190734863,7.050000190734863,7.045000076293945,7.045000076293945,3108.0
2024-03-01 15:08:00,GRTS,2.1050000190734863,2.1050000190734863,2.109999895095825,2.090100049972534,2.0950000286102295,19081.0
2024-03-01 15:08:00,GTHX,3.759999990463257,3.759999990463257,3.759999990463257,3.755199909210205,3.759999990463257,3850.0
2024-03-01 15:08:00,HALO,41.005001068115234,41.005001068115234,41.04499816894531,40.995201110839844,41.04499816894531,1589.0
2024-03-01 15:08:00,HCAT,8.0649995803833,8.0649995803833,8.079999923706055,8.0600004196167,8.079999923706055,6097.0
2024-03-01 15:08:00,HCSG,12.729999542236328,12.729999542236328,12.729999542236328,12.725000381469727,12.725000381469727,1335.0
2024-03-01 15:08:00,HITI,1.75,1.75,1.75,1.75,1.75,254.0
2024-03-01 15:08:00,HLTH,0.25999999046325684,0.25999999046325684,0.2624000012874603,0.25999999046325684,0.2624000012874603,593.0
2024-03-01 15:08:00,HLVX,19.174999237060547,19.174999237060547,19.174999237060547,19.174999237060547,19.174999237060547,146.0
2024-03-01 15:08:00,HOLX,74.2699966430664,74.2699966430664,74.2699966430664,74.25499725341797,74.26000213623047,699.0
2024-03-01 15:08:00,HRMY,31.575000762939453,31.575000762939453,31.59000015258789,31.559999465942383,31.59000015258789,1214.0
2024-03-01 15:08:00,HROW,10.880000114440918,10.880000114440918,10.880000114440918,10.880000114440918,10.880000114440918,661.0
2024-03-01 15:08:00,HRTX,2.5799999237060547,2.5799999237060547,2.5850000381469727,2.5799999237060547,2.5850000381469727,587.0
2024-03-01 15:08:00,HSIC,76.91500091552734,76.91500091552734,76.91500091552734,76.8949966430664,76.8949966430664,461.0
2024-03-01 15:08:00,HUMA,3.25,3.25,3.25,3.2200000286102295,3.2249999046325684,27381.0
2024-03-01 15:08:00,IART,36.16999816894531,36.16999816894531,36.20000076293945,36.16999816894531,36.17499923706055,2868.0
2024-03-01 15:08:00,IBRX,4.840000152587891,4.840000152587891,4.840000152587891,4.829999923706055,4.840000152587891,3430.0
2024-03-01 15:08:00,ICCM,1.2800999879837036,1.2800999879837036,1.2800999879837036,1.2800999879837036,1.2800999879837036,489.0
2024-03-01 15:08:00,ICLR,324.1199951171875,324.1199951171875,324.1199951171875,324.1199951171875,324.1199951171875,884.0
2024-03-01 15:08:00,ICUI,105.9000015258789,105.9000015258789,105.9000015258789,105.87000274658203,105.87000274658203,251.0
2024-03-01 15:08:00,IDXX,578.719970703125,578.719970703125,578.719970703125,578.719970703125,578.719970703125,431.0
2024-03-01 15:08:00,IDYA,46.165000915527344,46.165000915527344,46.165000915527344,46.165000915527344,46.165000915527344,186.0
2024-03-01 15:08:00,ILMN,140.9499969482422,140.9499969482422,141.0500030517578,140.8800048828125,140.97000122070312,4254.0
2024-03-01 15:08:00,IMCR,67.83000183105469,67.83000183105469,67.88999938964844,67.80000305175781,67.83000183105469,2485.0
2024-03-01 15:08:00,IMMX,3.505000114440918,3.505000114440918,3.505000114440918,3.505000114440918,3.505000114440918,125.0
2024-03-01 15:08:00,IMNM,25.229999542236328,25.229999542236328,25.229999542236328,25.229999542236328,25.229999542236328,623.0
2024-03-01 15:08:00,IMUX,1.4700000286102295,1.4700000286102295,1.4700000286102295,1.4700000286102295,1.4700000286102295,119.0
2024-03-01 15:08:00,IMVT,35.599998474121094,35.599998474121094,35.599998474121094,35.59000015258789,35.59000015258789,720.0
2024-03-01 15:08:00,INAB,1.059999942779541,1.059999942779541,1.070099949836731,1.059999942779541,1.0700000524520874,4986.0
2024-03-01 15:08:00,INCR,1.975000023841858,1.975000023841858,1.9846999645233154,1.9700000286102295,1.9800000190734863,1586.0
2024-03-01 15:08:00,INCY,59.02000045776367,59.02000045776367,59.02000045776367,59.0,59.02000045776367,3271.0
2024-03-01 15:08:00,INGN,6.789999961853027,6.789999961853027,6.789999961853027,6.789999961853027,6.789999961853027,722.0
2024-03-01 15:08:00,INMD,22.860000610351562,22.860000610351562,22.8700008392334,22.844999313354492,22.8700008392334,2853.0
2024-03-01 15:08:00,INSM,28.0,28.0,28.0,27.989999771118164,27.989999771118164,1218.0
2024-03-01 15:08:00,INVA,15.354999542236328,15.354999542236328,15.364999771118164,15.350000381469727,15.359999656677246,3755.0
2024-03-01 15:08:00,INZY,6.570000171661377,6.570000171661377,6.570000171661377,6.570000171661377,6.570000171661377,159.0
2024-03-01 15:08:00,IOBT,1.8034000396728516,1.8034000396728516,1.8034000396728516,1.8034000396728516,1.8034000396728516,500.0
2024-03-01 15:08:00,IONS,45.779998779296875,45.779998779296875,45.80500030517578,45.779998779296875,45.79999923706055,1090.0
2024-03-01 15:08:00,IOVA,17.020000457763672,17.020000457763672,17.06999969482422,17.014999389648438,17.030000686645508,14841.0
2024-03-01 15:08:00,IRMD,41.334999084472656,41.334999084472656,41.334999084472656,41.334999084472656,41.334999084472656,101.0
2024-03-01 15:08:00,IRTC,121.16500091552734,121.16500091552734,121.16500091552734,121.16000366210938,121.16000366210938,1034.0
2024-03-01 15:08:00,IRWD,8.970000267028809,8.970000267028809,8.975000381469727,8.970000267028809,8.975000381469727,14990.0
2024-03-01 15:08:00,ISRG,397.4200134277344,397.4200134277344,397.44000244140625,397.3299865722656,397.3464050292969,1909.0
2024-03-01 15:08:00,ITCI,72.11000061035156,72.11000061035156,72.11000061035156,72.06999969482422,72.06999969482422,797.0
2024-03-01 15:08:00,IVA,3.930000066757202,3.930000066757202,3.930000066757202,3.930000066757202,3.930000066757202,282.0
2024-03-01 15:08:00,IXHL,5.599999904632568,5.599999904632568,5.599999904632568,5.599999904632568,5.599999904632568,150.0
2024-03-01 15:08:00,JAGX,0.09039899706840515,0.09039899706840515,0.09070000052452087,0.08699999749660492,0.08869999647140503,595213.0
2024-03-01 15:08:00,JANX,46.09000015258789,46.09000015258789,46.15999984741211,46.09000015258789,46.15999984741211,470.0
2024-03-01 15:08:00,JAZZ,119.22000122070312,119.22000122070312,119.22000122070312,119.1500015258789,119.18000030517578,1850.0
2024-03-01 15:08:00,JSPR,21.75,21.75,21.75,21.75,21.75,168.0
2024-03-01 15:08:00,JYNT,9.979999542236328,9.979999542236328,9.979999542236328,9.979999542236328,9.979999542236328,205.0
2024-03-01 15:08:00,KALV,13.925000190734863,13.925000190734863,13.930000305175781,13.925000190734863,13.930000305175781,726.0
2024-03-01 15:08:00,KIDS,27.690000534057617,27.690000534057617,27.690000534057617,27.690000534057617,27.690000534057617,397.0
2024-03-01 15:08:00,KNSA,21.8700008392334,21.8700008392334,21.889999389648438,21.8700008392334,21.889999389648438,2362.0
2024-03-01 15:08:00,KNTE,2.6050000190734863,2.6050000190734863,2.6050000190734863,2.5950000286102295,2.5999999046325684,5568.0
2024-03-01 15:08:00,KOD,6.014999866485596,6.014999866485596,6.016300201416016,6.005000114440918,6.010000228881836,6521.0
2024-03-01 15:08:00,KPTI,1.184999942779541,1.184999942779541,1.190000057220459,1.184999942779541,1.184999942779541,893.0
2024-03-01 15:08:00,KROS,68.87999725341797,68.87999725341797,68.87999725341797,68.87999725341797,68.87999725341797,189.0
2024-03-01 15:08:00,KRYS,169.05499267578125,169.05499267578125,169.05499267578125,169.05499267578125,169.05499267578125,300.0
2024-03-01 15:08:00,KTRA,0.10189999639987946,0.10189999639987946,0.10189999639987946,0.10189999639987946,0.10189999639987946,301.0
2024-03-01 15:08:00,KYMR,43.654998779296875,43.654998779296875,43.654998779296875,43.654998779296875,43.654998779296875,641.0
2024-03-01 15:08:00,KZR,1.0299999713897705,1.0299999713897705,1.034999966621399,1.0299999713897705,1.0299999713897705,1196.0
2024-03-01 15:08:00,LAB,2.4649999141693115,2.4649999141693115,2.4700000286102295,2.4600000381469727,2.4649999141693115,8346.0
2024-03-01 15:08:00,LBPH,21.5,21.5,21.5,21.5,21.5,1810.0
2024-03-01 15:08:00,LEGN,65.44000244140625,65.44000244140625,65.44000244140625,65.33999633789062,65.3499984741211,3121.0
2024-03-01 15:08:00,LFMD,7.989999771118164,7.989999771118164,8.0,7.989999771118164,8.0,696.0
2024-03-01 15:08:00,LFST,7.735000133514404,7.735000133514404,7.735000133514404,7.724999904632568,7.730000019073486,5598.0
2024-03-01 15:08:00,LGVN,0.5400000214576721,0.5400000214576721,0.5400000214576721,0.5400000214576721,0.5400000214576721,969.0
2024-03-01 15:08:00,LIVN,55.56999969482422,55.56999969482422,55.56999969482422,55.56999969482422,55.56999969482422,193.0
2024-03-01 15:08:00,LNTH,64.43499755859375,64.43499755859375,64.45999908447266,64.43000030517578,64.44000244140625,2148.0
2024-03-01 15:08:00,LPTX,2.859999895095825,2.859999895095825,2.859999895095825,2.859999895095825,2.859999895095825,216.0
2024-03-01 15:08:00,LTRN,4.139999866485596,4.139999866485596,4.150000095367432,4.139999866485596,4.150000095367432,660.0
2024-03-01 15:08:00,LUNG,9.430000305175781,9.430000305175781,9.4399995803833,9.430000305175781,9.4399995803833,1545.0
2024-03-01 15:08:00,LVTX,2.680000066757202,2.680000066757202,2.7200000286102295,2.680000066757202,2.700000047683716,1928.0
2024-03-01 15:08:00,LXRX,2.490000009536743,2.490000009536743,2.490000009536743,2.490000009536743,2.490000009536743,908.0
2024-03-01 15:08:00,LYEL,3.1549999713897705,3.1549999713897705,3.1549999713897705,3.1549999713897705,3.1549999713897705,2736.0
2024-03-01 15:08:00,LYRA,5.659999847412109,5.659999847412109,5.670000076293945,5.639999866485596,5.639999866485596,612.0
2024-03-01 15:08:00,MACK,14.710000038146973,14.710000038146973,14.710000038146973,14.710000038146973,14.710000038146973,214.0
2024-03-01 15:08:00,MASI,127.63999938964844,127.63999938964844,127.63999938964844,127.33999633789062,127.33999633789062,2918.0
2024-03-01 15:08:00,MASS,7.340000152587891,7.340000152587891,7.340000152587891,7.340000152587891,7.340000152587891,125.0
2024-03-01 15:08:00,MCRB,1.2200000286102295,1.2200000286102295,1.2214000225067139,1.2200000286102295,1.2214000225067139,202.0
2024-03-01 15:08:00,MDGL,250.0,250.0,250.0,249.94000244140625,250.0,1724.0
2024-03-01 15:08:00,MDRX,6.070000171661377,6.070000171661377,6.070000171661377,6.070000171661377,6.070000171661377,330.0
2024-03-01 15:08:00,MDXG,8.604999542236328,8.604999542236328,8.609999656677246,8.604999542236328,8.604999542236328,1809.0
2024-03-01 15:08:00,ME,0.5526999831199646,0.5526999831199646,0.5530499815940857,0.5526999831199646,0.5529999732971191,8796.0
2024-03-01 15:08:00,MEDP,402.0950012207031,402.0950012207031,402.3399963378906,401.8299865722656,402.3399963378906,1575.0
2024-03-01 15:08:00,MGNX,18.96500015258789,18.96500015258789,18.96500015258789,18.96500015258789,18.96500015258789,970.0
2024-03-01 15:08:00,MGTX,6.409999847412109,6.409999847412109,6.420000076293945,6.409999847412109,6.420000076293945,939.0
2024-03-01 15:08:00,MIRM,29.229999542236328,29.229999542236328,29.229999542236328,29.229999542236328,29.229999542236328,363.0
2024-03-01 15:08:00,MMSI,76.23999786376953,76.23999786376953,76.23999786376953,76.23999786376953,76.23999786376953,1008.0
2024-03-01 15:08:00,MNKD,4.539999961853027,4.539999961853027,4.539999961853027,4.53000020980835,4.534999847412109,5881.0
2024-03-01 15:08:00,MNMD,6.119999885559082,6.119999885559082,6.130000114440918,6.110000133514404,6.128600120544434,2100.0
2024-03-01 15:08:00,MNPR,0.9498999714851379,0.9498999714851379,0.9498999714851379,0.9399999976158142,0.9399999976158142,8597.0
2024-03-01 15:08:00,MODD,1.8700000047683716,1.8700000047683716,1.8700000047683716,1.8700000047683716,1.8700000047683716,400.0
2024-03-01 15:08:00,MODV,28.395000457763672,28.395000457763672,28.489900588989258,28.395000457763672,28.440000534057617,701.0
2024-03-01 15:08:00,MORF,39.56999969482422,39.56999969482422,39.56999969482422,39.56999969482422,39.56999969482422,762.0
2024-03-01 15:08:00,MOTS,0.6568999886512756,0.6568999886512756,0.6628000140190125,0.6568999886512756,0.6625000238418579,10379.0
2024-03-01 15:08:00,MRAI,1.6200000047683716,1.6200000047683716,1.6200000047683716,1.6100000143051147,1.6100000143051147,1120.0
2024-03-01 15:08:00,MREO,3.930000066757202,3.930000066757202,3.950000047683716,3.9200000762939453,3.944999933242798,31020.0
2024-03-01 15:08:00,MRNA,95.51000213623047,95.51000213623047,95.5199966430664,95.44999694824219,95.44999694824219,7745.0
2024-03-01 15:08:00,MRSN,5.980000019073486,5.980000019073486,5.980000019073486,5.96999979019165,5.974999904632568,5823.0
2024-03-01 15:08:00,MRUS,51.220001220703125,51.220001220703125,51.31999969482422,51.14500045776367,51.14500045776367,2898.0
2024-03-01 15:08:00,MRVI,7.670000076293945,7.670000076293945,7.679999828338623,7.670000076293945,7.679999828338623,1619.0
2024-03-01 15:08:00,MXCT,4.735000133514404,4.735000133514404,4.735000133514404,4.730000019073486,4.730000019073486,331.0
2024-03-01 15:08:00,MYGN,22.110000610351562,22.110000610351562,22.1200008392334,22.110000610351562,22.1200008392334,1284.0
2024-03-01 15:08:00,NARI,46.064998626708984,46.064998626708984,46.15999984741211,46.064998626708984,46.15999984741211,7962.0
2024-03-01 15:08:00,NBIX,131.8699951171875,131.8699951171875,131.8800048828125,131.86000061035156,131.8800048828125,1200.0
2024-03-01 15:08:00,NEO,15.979999542236328,15.979999542236328,15.989999771118164,15.979999542236328,15.989999771118164,397.0
2024-03-01 15:08:00,NEOG,17.299999237060547,17.299999237060547,17.299999237060547,17.295000076293945,17.295000076293945,423.0
2024-03-01 15:08:00,NGM,1.5199999809265137,1.5199999809265137,1.5199999809265137,1.5199999809265137,1.5199999809265137,1147.0
2024-03-01 15:08:00,NKTR,0.7699999809265137,0.7699999809265137,0.7720999717712402,0.7699999809265137,0.7720999717712402,2523.0
2024-03-01 15:08:00,NKTX,12.670000076293945,12.670000076293945,12.670000076293945,12.640000343322754,12.640000343322754,3693.0
2024-03-01 15:08:00,NNOX,10.800000190734863,10.800000190734863,10.800000190734863,10.789999961853027,10.800000190734863,8206.0
2024-03-01 15:08:00,NPCE,16.170000076293945,16.170000076293945,16.20400047302246,16.1200008392334,16.190000534057617,2118.0
2024-03-01 15:08:00,NRBO,6.249899864196777,6.249899864196777,6.249899864196777,6.239999771118164,6.239999771118164,410.0
2024-03-01 15:08:00,NRC,40.529998779296875,40.529998779296875,40.529998779296875,40.529998779296875,40.529998779296875,100.0
2024-03-01 15:08:00,NRIX,13.380000114440918,13.380000114440918,13.399999618530273,13.359999656677246,13.399999618530273,1800.0
2024-03-01 15:08:00,NRSN,1.9950000047683716,1.9950000047683716,1.9950000047683716,1.9950000047683716,1.9950000047683716,1000.0
2024-03-01 15:08:00,NRXP,0.4309999942779541,0.4309999942779541,0.4438999891281128,0.4309999942779541,0.4311000108718872,6193.0
2024-03-01 15:08:00,NTLA,33.22999954223633,33.22999954223633,33.242698669433594,33.20000076293945,33.2400016784668,4290.0
2024-03-01 15:08:00,NTRA,89.24500274658203,89.24500274658203,89.25499725341797,89.20999908447266,89.2300033569336,5393.0
2024-03-01 15:08:00,NUTX,0.11400000005960464,0.11400000005960464,0.11400000005960464,0.11400000005960464,0.11400000005960464,132.0
2024-03-01 15:08:00,NUVL,87.27999877929688,87.27999877929688,87.30000305175781,87.27999877929688,87.30000305175781,566.0
2024-03-01 15:08:00,NVAX,5.364999771118164,5.364999771118164,5.369999885559082,5.355000019073486,5.360000133514404,29322.0
2024-03-01 15:08:00,NVCR,16.049699783325195,16.049699783325195,16.049699783325195,16.030000686645508,16.030000686645508,3288.0
2024-03-01 15:08:00,NXTC,1.7599999904632568,1.7599999904632568,1.7599999904632568,1.7599999904632568,1.7599999904632568,300.0
2024-03-01 15:08:00,OCGN,0.9480999708175659,0.9480999708175659,0.9506000280380249,0.9480999708175659,0.9506000280380249,4906.0
2024-03-01 15:08:00,OCUL,10.630000114440918,10.630000114440918,10.654999732971191,10.630000114440918,10.650300025939941,6081.0
2024-03-01 15:08:00,OFIX,12.869999885559082,12.869999885559082,12.869999885559082,12.869999885559082,12.869999885559082,1213.0
2024-03-01 15:08:00,OGI,2.1559998989105225,2.1559998989105225,2.1559998989105225,2.1559998989105225,2.1559998989105225,2620.0
2024-03-01 15:08:00,OLK,22.985000610351562,22.985000610351562,22.985000610351562,22.979999542236328,22.979999542236328,635.0
2024-03-01 15:08:00,OLMA,14.640000343322754,14.640000343322754,14.649999618530273,14.640000343322754,14.649999618530273,252.0
2024-03-01 15:08:00,OM,3.1600000858306885,3.1600000858306885,3.1600000858306885,3.1600000858306885,3.1600000858306885,881.0
2024-03-01 15:08:00,OMER,4.75,4.75,4.769999980926514,4.739999771118164,4.769999980926514,3459.0
2024-03-01 15:08:00,ONCY,1.1432000398635864,1.1432000398635864,1.1432000398635864,1.1432000398635864,1.1432000398635864,100.0
2024-03-01 15:09:00,AADI,1.9500000476837158,1.9500000476837158,1.9500000476837158,1.9500000476837158,1.9500000476837158,1120.0
2024-03-01 15:09:00,ABCL,5.074999809265137,5.074999809265137,5.079999923706055,5.07480001449585,5.074999809265137,1643.0
2024-03-01 15:09:00,ABEO,7.760000228881836,7.760000228881836,7.760000228881836,7.75,7.75,281.0
2024-03-01 15:09:00,ABOS,4.605000019073486,4.605000019073486,4.605000019073486,4.605000019073486,4.605000019073486,188.0
2024-03-01 15:09:00,ABSI,5.539999961853027,5.539999961853027,5.539999961853027,5.525000095367432,5.525000095367432,2028.0
2024-03-01 15:09:00,ABUS,2.7750000953674316,2.7750000953674316,2.7750000953674316,2.7750000953674316,2.7750000953674316,1113.0
2024-03-01 15:09:00,ACAD,24.079999923706055,24.079999923706055,24.079999923706055,24.079999923706055,24.079999923706055,856.0
2024-03-01 15:09:00,ACB,3.188199996948242,3.188199996948242,3.188199996948242,3.188199996948242,3.188199996948242,782.0
2024-03-01 15:09:00,ACCD,10.085000038146973,10.085000038146973,10.085000038146973,10.085000038146973,10.085000038146973,581.0
2024-03-01 15:09:00,ACET,2.375,2.375,2.380000114440918,2.374000072479248,2.375,5782.0
2024-03-01 15:09:00,ACHC,84.1449966430664,84.1449966430664,84.1500015258789,84.12999725341797,84.12999725341797,765.0
2024-03-01 15:09:00,ACHL,1.3700000047683716,1.3700000047683716,1.3700000047683716,1.3700000047683716,1.3700000047683716,340.0
2024-03-01 15:09:00,ACHV,4.420000076293945,4.420000076293945,4.420000076293945,4.420000076293945,4.420000076293945,249.0
2024-03-01 15:09:00,ACIU,3.859999895095825,3.859999895095825,3.859999895095825,3.859999895095825,3.859999895095825,213.0
2024-03-01 15:09:00,ACLX,67.55999755859375,67.55999755859375,67.84500122070312,67.55999755859375,67.84500122070312,2339.0
2024-03-01 15:09:00,ACRS,1.2300000190734863,1.2300000190734863,1.2300000190734863,1.2200000286102295,1.2200000286102295,1020.0
2024-03-01 15:09:00,ADIL,2.9700000286102295,2.9700000286102295,2.990000009536743,2.859999895095825,2.880000114440918,107789.0
2024-03-01 15:09:00,ADMA,5.519999980926514,5.519999980926514,5.525000095367432,5.519999980926514,5.525000095367432,3518.0
2024-03-01 15:09:00,ADPT,4.050000190734863,4.050000190734863,4.059999942779541,4.050000190734863,4.059999942779541,1399.0
2024-03-01 15:09:00,ADVM,1.9600000381469727,1.9600000381469727,1.965000033378601,1.9600000381469727,1.965000033378601,745.0
2024-03-01 15:09:00,AFMD,0.675000011920929,0.675000011920929,0.675000011920929,0.6737250089645386,0.6737250089645386,1100.0
2024-03-01 15:09:00,AGEN,0.6700000166893005,0.6700000166893005,0.6700999736785889,0.6700000166893005,0.670074999332428,6336.0
2024-03-01 15:09:00,AGIO,32.22999954223633,32.22999954223633,32.2599983215332,32.22999954223633,32.2599983215332,1742.0
2024-03-01 15:09:00,AHCO,10.505000114440918,10.505000114440918,10.505000114440918,10.4399995803833,10.4399995803833,16287.0
2024-03-01 15:09:00,AKBA,1.684999942779541,1.684999942779541,1.690000057220459,1.684999942779541,1.684999942779541,503.0
2024-03-01 15:09:00,AKRO,28.6200008392334,28.6200008392334,28.639999389648438,28.450000762939453,28.450000762939453,4884.0
2024-03-01 15:09:00,AKYA,5.989999771118164,5.989999771118164,5.989999771118164,5.989999771118164,5.989999771118164,204.0
2024-03-01 15:09:00,ALDX,4.210000038146973,4.210000038146973,4.21999979019165,4.210000038146973,4.21999979019165,562.0
2024-03-01 15:09:00,ALEC,7.409999847412109,7.409999847412109,7.409999847412109,7.409999847412109,7.409999847412109,276.0
2024-03-01 15:09:00,ALGN,302.4150085449219,302.4150085449219,302.4150085449219,302.4150085449219,302.4150085449219,375.0
2024-03-01 15:09:00,ALHC,5.579999923706055,5.579999923706055,5.579999923706055,5.578199863433838,5.578199863433838,1663.0
2024-03-01 15:09:00,ALKS,30.15999984741211,30.15999984741211,30.184999465942383,30.15999984741211,30.15999984741211,5903.0
2024-03-01 15:09:00,ALLK,1.6449999809265137,1.6449999809265137,1.649999976158142,1.6449999809265137,1.649999976158142,2339.0
2024-03-01 15:09:00,ALLO,4.954999923706055,4.954999923706055,4.954999923706055,4.950300216674805,4.954999923706055,985.0
2024-03-01 15:09:00,ALPN,35.834999084472656,35.834999084472656,35.869998931884766,35.83000183105469,35.83000183105469,1293.0
2024-03-01 15:09:00,ALT,12.058799743652344,12.058799743652344,12.058799743652344,12.037599563598633,12.037599563598633,2955.0
2024-03-01 15:09:00,ALVR,0.7400000095367432,0.7400000095367432,0.7408000230789185,0.7400000095367432,0.7400000095367432,718.0
2024-03-01 15:09:00,AMED,93.20999908447266,93.20999908447266,93.20999908447266,93.20999908447266,93.20999908447266,1559.0
2024-03-01 15:09:00,AMGN,280.3800048828125,280.3800048828125,280.3924865722656,280.19500732421875,280.20001220703125,6729.0
2024-03-01 15:09:00,AMLX,18.754499435424805,18.754499435424805,18.764999389648438,18.754499435424805,18.764999389648438,484.0
2024-03-01 15:09:00,AMPH,45.86000061035156,45.86000061035156,45.86000061035156,45.849998474121094,45.849998474121094,1065.0
2024-03-01 15:09:00,AMRN,1.0549999475479126,1.0549999475479126,1.059999942779541,1.0549999475479126,1.0549999475479126,2715.0
2024-03-01 15:09:00,ANAB,25.395000457763672,25.395000457763672,25.395000457763672,25.395000457763672,25.395000457763672,304.0
2024-03-01 15:09:00,ANNX,6.039999961853027,6.039999961853027,6.039999961853027,6.025000095367432,6.03000020980835,1026.0
2024-03-01 15:09:00,ANTX,2.990000009536743,2.990000009536743,2.990000009536743,2.984999895095825,2.984999895095825,300.0
2024-03-01 15:09:00,APLS,64.19000244140625,64.19000244140625,64.22000122070312,64.18000030517578,64.18000030517578,1429.0
2024-03-01 15:09:00,APLT,7.059999942779541,7.059999942779541,7.059999942779541,7.039999961853027,7.039999961853027,1840.0
2024-03-01 15:09:00,APYX,2.0850000381469727,2.0850000381469727,2.0850000381469727,2.0850000381469727,2.0850000381469727,503.0
2024-03-01 15:09:00,AQST,4.070000171661377,4.070000171661377,4.070000171661377,4.060999870300293,4.060999870300293,2801.0
2024-03-01 15:09:00,ARAY,2.625,2.625,2.629499912261963,2.625,2.625,1223.0
2024-03-01 15:09:00,ARCT,39.75,39.75,39.75,39.75,39.75,458.0
2024-03-01 15:09:00,ARDX,9.4399995803833,9.4399995803833,9.454999923706055,9.4399995803833,9.454999923706055,9546.0
2024-03-01 15:09:00,ARQT,11.5,11.5,11.520000457763672,11.5,11.510000228881836,8233.0
2024-03-01 15:09:00,ARVN,47.95000076293945,47.95000076293945,47.9900016784668,47.90999984741211,47.90999984741211,1899.0
2024-03-01 15:09:00,ARWR,35.625,35.625,35.650001525878906,35.625,35.650001525878906,578.0
2024-03-01 15:09:00,ASND,153.77000427246094,153.77000427246094,153.77000427246094,153.75,153.75,570.0
2024-03-01 15:09:00,ASRT,0.888450026512146,0.888450026512146,0.888450026512146,0.888450026512146,0.888450026512146,100.0
2024-03-01 15:09:00,ATAI,2.134999990463257,2.134999990463257,2.1449999809265137,2.119999885559082,2.1449999809265137,37525.0
2024-03-01 15:09:00,ATEC,13.460000038146973,13.460000038146973,13.460000038146973,13.430000305175781,13.430000305175781,4900.0
2024-03-01 15:09:00,ATHA,3.984999895095825,3.984999895095825,3.984999895095825,3.984999895095825,3.984999895095825,326.0
2024-03-01 15:09:00,ATOS,1.000100016593933,1.000100016593933,1.0049999952316284,1.0,1.0049999952316284,2540.0
2024-03-01 15:09:00,ATRA,0.7799999713897705,0.7799999713897705,0.7803999781608582,0.7799999713897705,0.7799999713897705,1200.0
2024-03-01 15:09:00,ATRC,36.09000015258789,36.09000015258789,36.13999938964844,36.08000183105469,36.119998931884766,4997.0
2024-03-01 15:09:00,ATXI,0.15399999916553497,0.15399999916553497,0.15399999916553497,0.15399999916553497,0.15399999916553497,100.0
2024-03-01 15:09:00,ATXS,14.890000343322754,14.890000343322754,14.890000343322754,14.890000343322754,14.890000343322754,196.0
2024-03-01 15:09:00,AUGX,4.550000190734863,4.550000190734863,4.550000190734863,4.539999961853027,4.539999961853027,1383.0
2024-03-01 15:09:00,AUPH,5.775000095367432,5.775000095367432,5.775000095367432,5.775000095367432,5.775000095367432,2266.0
2024-03-01 15:09:00,AUTL,6.230000019073486,6.230000019073486,6.235499858856201,6.230000019073486,6.234000205993652,5402.0
2024-03-01 15:09:00,AVDL,13.289999961853027,13.289999961853027,13.289999961853027,13.229999542236328,13.229999542236328,4493.0
2024-03-01 15:09:00,AVIR,4.460000038146973,4.460000038146973,4.465000152587891,4.460000038146973,4.465000152587891,300.0
2024-03-01 15:09:00,AVTE,23.8799991607666,23.8799991607666,23.8799991607666,23.8799991607666,23.8799991607666,115.0
2024-03-01 15:09:00,AVXL,5.321300029754639,5.321300029754639,5.321300029754639,5.321300029754639,5.321300029754639,1015.0
2024-03-01 15:09:00,AXGN,10.555000305175781,10.555000305175781,10.555000305175781,10.555000305175781,10.555000305175781,474.0
2024-03-01 15:09:00,AXNX,67.75499725341797,67.75499725341797,67.76000213623047,67.75499725341797,67.76000213623047,537.0
2024-03-01 15:09:00,AXSM,82.43499755859375,82.43499755859375,82.43499755859375,82.41000366210938,82.41000366210938,564.0
2024-03-01 15:09:00,AZN,64.66000366210938,64.66000366210938,64.66000366210938,64.6449966430664,64.6449966430664,6125.0
2024-03-01 15:09:00,AZTA,66.93000030517578,66.93000030517578,66.93000030517578,66.90499877929688,66.90499877929688,442.0
2024-03-01 15:09:00,BBIO,35.775001525878906,35.775001525878906,35.775001525878906,35.775001525878906,35.775001525878906,227.0
2024-03-01 15:09:00,BCAB,2.825000047683716,2.825000047683716,2.825000047683716,2.825000047683716,2.825000047683716,486.0
2024-03-01 15:09:00,BCDA,0.574999988079071,0.574999988079071,0.5755500197410583,0.574999988079071,0.574999988079071,501.0
2024-03-01 15:09:00,BCRX,5.664999961853027,5.664999961853027,5.670000076293945,5.659999847412109,5.664999961853027,1470.0
2024-03-01 15:09:00,BDTX,4.741000175476074,4.741000175476074,4.744999885559082,4.730000019073486,4.730000019073486,2079.0
2024-03-01 15:09:00,BEAM,39.779998779296875,39.779998779296875,39.83000183105469,39.77000045776367,39.77000045776367,2950.0
2024-03-01 15:09:00,BIIB,221.0500030517578,221.0500030517578,221.08999633789062,221.0500030517578,221.08999633789062,703.0
2024-03-01 15:09:00,BIOL,0.14480000734329224,0.14480000734329224,0.1448500007390976,0.14480000734329224,0.1448500007390976,14634.0
2024-03-01 15:09:00,BIVI,1.9700000286102295,1.9700000286102295,1.9900000095367432,1.965000033378601,1.9661999940872192,21842.0
2024-03-01 15:09:00,BLFS,17.719999313354492,17.719999313354492,17.739999771118164,17.719999313354492,17.739999771118164,500.0
2024-03-01 15:09:00,BLRX,1.350000023841858,1.350000023841858,1.350000023841858,1.350000023841858,1.350000023841858,150.0
2024-03-01 15:09:00,BLUE,1.5700000524520874,1.5700000524520874,1.5750000476837158,1.5700000524520874,1.5700000524520874,3313.0
2024-03-01 15:09:00,BMEA,17.989999771118164,17.989999771118164,18.0,17.989999771118164,18.0,1000.0
2024-03-01 15:09:00,BMRA,1.2100000381469727,1.2100000381469727,1.2100000381469727,1.2100000381469727,1.2100000381469727,100.0
2024-03-01 15:09:00,BMRN,87.68800354003906,87.68800354003906,87.69000244140625,87.5999984741211,87.5999984741211,2948.0
2024-03-01 15:09:00,BNGO,1.2599999904632568,1.2599999904632568,1.2599999904632568,1.2599999904632568,1.2599999904632568,191.0
2024-03-01 15:09:00,BNR,0.8188999891281128,0.8188999891281128,0.8188999891281128,0.8188999891281128,0.8188999891281128,100.0
2024-03-01 15:09:00,BNTC,5.289299964904785,5.289299964904785,5.360000133514404,5.289299964904785,5.349999904632568,3000.0
2024-03-01 15:09:00,BNTX,90.7656021118164,90.7656021118164,90.7656021118164,90.76000213623047,90.76000213623047,737.0
2024-03-01 15:09:00,BPMC,96.00499725341797,96.00499725341797,96.05000305175781,95.99500274658203,95.99500274658203,2884.0
2024-03-01 15:09:00,BRKR,88.69000244140625,88.69000244140625,88.69000244140625,88.66000366210938,88.68499755859375,2707.0
2024-03-01 15:09:00,BRTX,1.5099999904632568,1.5099999904632568,1.5199999809265137,1.5099999904632568,1.5199999809265137,3779.0
2024-03-01 15:09:00,BTTX,0.18230000138282776,0.18230000138282776,0.18230000138282776,0.18230000138282776,0.18230000138282776,362.0
2024-03-01 15:09:00,BVS,4.769999980926514,4.769999980926514,4.789999961853027,4.744999885559082,4.744999885559082,19332.0
2024-03-01 15:09:00,CABA,23.979999542236328,23.979999542236328,23.979999542236328,23.979999542236328,23.979999542236328,523.0
2024-03-01 15:09:00,CAPR,4.539599895477295,4.539599895477295,4.539599895477295,4.5,4.5,3567.0
2024-03-01 15:09:00,CARA,0.9297000169754028,0.9297000169754028,0.9297000169754028,0.9297000169754028,0.9297000169754028,1021.0
2024-03-01 15:09:00,CBAY,32.22999954223633,32.22999954223633,32.22999954223633,32.220001220703125,32.22999954223633,5789.0
2024-03-01 15:09:00,CCCC,10.984999656677246,10.984999656677246,10.989999771118164,10.979999542236328,10.979999542236328,2233.0
2024-03-01 15:09:00,CCRN,18.299999237060547,18.299999237060547,18.299999237060547,18.299999237060547,18.299999237060547,422.0
2024-03-01 15:09:00,CDMO,8.220000267028809,8.220000267028809,8.220000267028809,8.220000267028809,8.220000267028809,201.0
2024-03-01 15:09:00,CDNA,12.5,12.5,12.505000114440918,12.470000267028809,12.470000267028809,5030.0
2024-03-01 15:09:00,CDXS,4.650000095367432,4.650000095367432,4.650000095367432,4.619999885559082,4.619999885559082,6796.0
2024-03-01 15:09:00,CELC,16.979999542236328,16.979999542236328,17.030000686645508,16.96500015258789,16.979999542236328,1393.0
2024-03-01 15:09:00,CELU,3.630000114440918,3.630000114440918,3.630000114440918,3.630000114440918,3.630000114440918,100.0
2024-03-01 15:09:00,CERE,41.095001220703125,41.095001220703125,41.099998474121094,41.084999084472656,41.084999084472656,250205.0
2024-03-01 15:09:00,CERS,2.180000066757202,2.180000066757202,2.184999942779541,2.180000066757202,2.180000066757202,2577.0
2024-03-01 15:09:00,CERT,18.209999084472656,18.209999084472656,18.219999313354492,18.202999114990234,18.21500015258789,6784.0
2024-03-01 15:09:00,CGC,3.184999942779541,3.184999942779541,3.184999942779541,3.184999942779541,3.184999942779541,766.0
2024-03-01 15:09:00,CGEM,18.700000762939453,18.700000762939453,18.700000762939453,18.700000762939453,18.700000762939453,299.0
2024-03-01 15:09:00,CHRS,2.4100000858306885,2.4100000858306885,2.4100000858306885,2.4049999713897705,2.4100000858306885,3135.0
2024-03-01 15:09:00,CKPT,2.180000066757202,2.180000066757202,2.180000066757202,2.180000066757202,2.180000066757202,215.0
2024-03-01 15:09:00,CLDX,52.654998779296875,52.654998779296875,52.689998626708984,52.494998931884766,52.494998931884766,4664.0
2024-03-01 15:09:00,CLNN,0.375,0.375,0.3776000142097473,0.375,0.3774999976158142,12379.0
2024-03-01 15:09:00,CLOV,0.8634999990463257,0.8634999990463257,0.8634999990463257,0.8633999824523926,0.8633999824523926,66149.0
2024-03-01 15:09:00,CLPT,6.590000152587891,6.590000152587891,6.590000152587891,6.590000152587891,6.590000152587891,157.0
2024-03-01 15:09:00,CLRB,4.09499979019165,4.09499979019165,4.099999904632568,4.09499979019165,4.099999904632568,1517.0
2024-03-01 15:09:00,CMPS,11.613300323486328,11.613300323486328,11.65999984741211,11.613300323486328,11.65999984741211,2892.0
2024-03-01 15:09:00,CMRX,1.2100000381469727,1.2100000381469727,1.2100000381469727,1.2100000381469727,1.2100000381469727,131.0
2024-03-01 15:09:00,CNSP,0.3325999975204468,0.3325999975204468,0.3361000120639801,0.3199999928474426,0.3199999928474426,14273.0
2024-03-01 15:09:00,COGT,7.199999809265137,7.199999809265137,7.199999809265137,7.184999942779541,7.190000057220459,3331.0
2024-03-01 15:09:00,COLL,36.709999084472656,36.709999084472656,36.709999084472656,36.709999084472656,36.709999084472656,129.0
2024-03-01 15:09:00,CORT,24.270000457763672,24.270000457763672,24.280000686645508,24.270000457763672,24.280000686645508,3645.0
2024-03-01 15:09:00,CPRX,17.204999923706055,17.204999923706055,17.204999923706055,17.190000534057617,17.196800231933594,8772.0
2024-03-01 15:09:00,CPSI,9.354999542236328,9.354999542236328,9.354999542236328,9.354999542236328,9.354999542236328,436.0
2024-03-01 15:09:00,CRBU,7.849999904632568,7.849999904632568,7.849999904632568,7.809999942779541,7.820000171661377,4433.0
2024-03-01 15:09:00,CRDF,2.694999933242798,2.694999933242798,2.700000047683716,2.640000104904175,2.640000104904175,73165.0
2024-03-01 15:09:00,CRMD,3.6549999713897705,3.6549999713897705,3.6549999713897705,3.6521999835968018,3.6521999835968018,1087.0
2024-03-01 15:09:00,CRNX,45.93000030517578,45.93000030517578,45.93000030517578,45.89500045776367,45.89500045776367,1086.0
2024-03-01 15:09:00,CRON,2.020699977874756,2.020699977874756,2.0250000953674316,2.0199999809265137,2.0250000953674316,25697.0
2024-03-01 15:09:00,CRSP,84.58999633789062,84.58999633789062,84.68990325927734,84.56999969482422,84.6239013671875,4537.0
2024-03-01 15:09:00,CRVS,2.1700000762939453,2.1700000762939453,2.1700000762939453,2.1700000762939453,2.1700000762939453,200.0
2024-03-01 15:09:00,CSTL,19.854999542236328,19.854999542236328,19.854999542236328,19.850000381469727,19.850000381469727,453.0
2024-03-01 15:09:00,CTKB,9.020000457763672,9.020000457763672,9.020000457763672,9.015000343322754,9.020000457763672,3423.0
2024-03-01 15:09:00,CTMX,2.5350000858306885,2.5350000858306885,2.549999952316284,2.5250000953674316,2.5295000076293945,6946.0
2024-03-01 15:09:00,CTSO,0.9897990226745605,0.9897990226745605,0.9897990226745605,0.9897990226745605,0.9897990226745605,2628.0
2024-03-01 15:09:00,CUTR,2.390000104904175,2.390000104904175,2.390000104904175,2.390000104904175,2.390000104904175,667.0
2024-03-01 15:09:00,CVAC,3.440000057220459,3.440000057220459,3.4488000869750977,3.440000057220459,3.4488000869750977,3213.0
2024-03-01 15:09:00,CYCC,2.880000114440918,2.880000114440918,2.880000114440918,2.880000114440918,2.880000114440918,974.0
2024-03-01 15:09:00,CYTK,73.97000122070312,73.97000122070312,73.9800033569336,73.83000183105469,73.83000183105469,2069.0
2024-03-01 15:09:00,CYTO,2.3299999237060547,2.3299999237060547,2.3299999237060547,2.3299999237060547,2.3299999237060547,516.0
2024-03-01 15:09:00,DARE,0.5598999857902527,0.5598999857902527,0.5598999857902527,0.5549499988555908,0.5549499988555908,269.0
2024-03-01 15:09:00,DAWN,17.649999618530273,17.649999618530273,17.690000534057617,17.639999389648438,17.65999984741211,3433.0
2024-03-01 15:09:00,DCGO,4.058000087738037,4.058000087738037,4.058000087738037,4.03000020980835,4.03000020980835,10450.0
2024-03-01 15:09:00,DCTH,4.190899848937988,4.190899848937988,4.190899848937988,4.190899848937988,4.190899848937988,6857.0
2024-03-01 15:09:00,DH,8.824999809265137,8.824999809265137,8.824999809265137,8.8100004196167,8.824999809265137,951.0
2024-03-01 15:09:00,DNLI,21.09000015258789,21.09000015258789,21.09000015258789,21.059999465942383,21.06999969482422,1778.0
2024-03-01 15:09:00,DRIO,2.0,2.0,2.0,2.0,2.0,448.0
2024-03-01 15:09:00,DSGN,2.875,2.875,2.875,2.875,2.875,951.0
2024-03-01 15:09:00,DTIL,12.639900207519531,12.639900207519531,12.639900207519531,12.589900016784668,12.59000015258789,3586.0
2024-03-01 15:09:00,DVAX,12.800000190734863,12.800000190734863,12.800000190734863,12.789999961853027,12.789999961853027,2699.0
2024-03-01 15:09:00,DXCM,121.21499633789062,121.21499633789062,121.27999877929688,121.20999908447266,121.26499938964844,9640.0
2024-03-01 15:09:00,DYN,29.03499984741211,29.03499984741211,29.040000915527344,29.020000457763672,29.020000457763672,1462.0
2024-03-01 15:09:00,EDIT,10.8100004196167,10.8100004196167,10.8100004196167,10.8100004196167,10.8100004196167,2193.0
2024-03-01 15:09:00,EFTR,16.1476993560791,16.1476993560791,16.1476993560791,16.1476993560791,16.1476993560791,500.0
2024-03-01 15:09:00,EGRX,6.519999980926514,6.519999980926514,6.519999980926514,6.519999980926514,6.519999980926514,283.0
2024-03-01 15:09:00,EIGR,7.499899864196777,7.499899864196777,7.499899864196777,7.199999809265137,7.3317999839782715,450.0
2024-03-01 15:09:00,ELEV,5.125,5.125,5.150000095367432,5.125,5.125,16295.0
2024-03-01 15:09:00,EMBC,14.279999732971191,14.279999732971191,14.279999732971191,14.274999618530273,14.279999732971191,1396.0
2024-03-01 15:09:00,ENSG,120.99500274658203,120.99500274658203,121.00499725341797,120.99500274658203,121.00499725341797,1280.0
2024-03-01 15:09:00,ENVB,1.5199999809265137,1.5199999809265137,1.5199999809265137,1.5,1.5,2952.0
2024-03-01 15:09:00,EOLS,14.8100004196167,14.8100004196167,14.8100004196167,14.8100004196167,14.8100004196167,3039.0
2024-03-01 15:09:00,EQ,2.450000047683716,2.450000047683716,2.450000047683716,2.450000047683716,2.450000047683716,3246.0
2024-03-01 15:09:00,ERAS,2.494999885559082,2.494999885559082,2.494999885559082,2.490000009536743,2.490000009536743,345.0
2024-03-01 15:09:00,ESPR,2.5450000762939453,2.5450000762939453,2.5450000762939453,2.5450000762939453,2.5450000762939453,2092.0
2024-03-01 15:09:00,ESTA,44.95000076293945,44.95000076293945,44.95000076293945,44.66999816894531,44.7400016784668,5640.0
2024-03-01 15:09:00,ETNB,12.699999809265137,12.699999809265137,12.699999809265137,12.6899995803833,12.699999809265137,1275.0
2024-03-01 15:09:00,ETON,4.449999809265137,4.449999809265137,4.449999809265137,4.449999809265137,4.449999809265137,188.0
2024-03-01 15:09:00,EXAI,6.605000019073486,6.605000019073486,6.605000019073486,6.605000019073486,6.605000019073486,483.0
2024-03-01 15:09:00,EXAS,59.63999938964844,59.63999938964844,59.71989822387695,59.63999938964844,59.685001373291016,3791.0
2024-03-01 15:09:00,EXEL,22.290000915527344,22.290000915527344,22.290000915527344,22.280000686645508,22.28499984741211,2239.0
2024-03-01 15:09:00,EYEN,2.3499999046325684,2.3499999046325684,2.359999895095825,2.3450000286102295,2.3550000190734863,9363.0
2024-03-01 15:09:00,EYPT,27.979999542236328,27.979999542236328,27.979999542236328,27.93000030517578,27.93000030517578,1530.0
2024-03-01 15:09:00,FATE,7.708899974822998,7.708899974822998,7.708899974822998,7.690499782562256,7.690499782562256,3179.0
2024-03-01 15:09:00,FBIO,2.369999885559082,2.369999885559082,2.369999885559082,2.3499999046325684,2.3499999046325684,10327.0
2024-03-01 15:09:00,FDMT,29.334999084472656,29.334999084472656,29.34000015258789,29.260000228881836,29.260000228881836,4191.0
2024-03-01 15:09:00,FGEN,1.8250000476837158,1.8250000476837158,1.8250000476837158,1.8250000476837158,1.8250000476837158,252.0
2024-03-01 15:09:00,FLGT,23.040000915527344,23.040000915527344,23.040000915527344,23.040000915527344,23.040000915527344,164.0
2024-03-01 15:09:00,FOLD,13.295000076293945,13.295000076293945,13.300000190734863,13.295000076293945,13.300000190734863,4469.0
2024-03-01 15:09:00,FONR,22.469999313354492,22.469999313354492,22.469999313354492,22.469999313354492,22.469999313354492,232.0
2024-03-01 15:09:00,FULC,11.0,11.0,11.0,10.970000267028809,10.970000267028809,1982.0
2024-03-01 15:09:00,FUSN,12.114999771118164,12.114999771118164,12.130000114440918,12.109999656677246,12.119999885559082,3499.0
2024-03-01 15:09:00,GBIO,2.630000114440918,2.630000114440918,2.630000114440918,2.625,2.630000114440918,3257.0
2024-03-01 15:09:00,GDRX,8.420000076293945,8.420000076293945,8.425000190734863,8.420000076293945,8.425000190734863,1945.0
2024-03-01 15:09:00,GERN,2.25,2.25,2.259999990463257,2.24399995803833,2.244999885559082,160390.0
2024-03-01 15:09:00,GH,18.989999771118164,18.989999771118164,18.989999771118164,18.979999542236328,18.979999542236328,743.0
2024-03-01 15:09:00,GILD,72.53500366210938,72.53500366210938,72.54499816894531,72.5199966430664,72.5199966430664,10158.0
2024-03-01 15:09:00,GLTO,0.824999988079071,0.824999988079071,0.824999988079071,0.8100000023841858,0.824999988079071,29773.0
2024-03-01 15:09:00,GLYC,2.990000009536743,2.990000009536743,2.990000009536743,2.990000009536743,2.990000009536743,159.0
2024-03-01 15:09:00,GMAB,29.364999771118164,29.364999771118164,29.364999771118164,29.360000610351562,29.360000610351562,760.0
2024-03-01 15:09:00,GNPX,4.360000133514404,4.360000133514404,4.434999942779541,4.360000133514404,4.434999942779541,8855.0
2024-03-01 15:09:00,GOSS,1.4199999570846558,1.4199999570846558,1.4199999570846558,1.412500023841858,1.4199999570846558,2291.0
2024-03-01 15:09:00,GRFS,7.025000095367432,7.025000095367432,7.039999961853027,7.025000095367432,7.039999961853027,2922.0
2024-03-01 15:09:00,GRTS,2.069999933242798,2.069999933242798,2.1050000190734863,2.069999933242798,2.0999999046325684,20758.0
2024-03-01 15:09:00,GRTX,0.2296999990940094,0.2296999990940094,0.23000000417232513,0.2296999990940094,0.23000000417232513,1088.0
2024-03-01 15:09:00,GTHX,3.765000104904175,3.765000104904175,3.7699999809265137,3.765000104904175,3.7699999809265137,409.0
2024-03-01 15:09:00,HALO,41.0099983215332,41.0099983215332,41.040000915527344,41.005001068115234,41.02000045776367,3382.0
2024-03-01 15:09:00,HCAT,8.069899559020996,8.069899559020996,8.069999694824219,8.0649995803833,8.0649995803833,1563.0
2024-03-01 15:09:00,HCSG,12.729999542236328,12.729999542236328,12.729999542236328,12.729999542236328,12.729999542236328,670.0
2024-03-01 15:09:00,HLVX,19.174999237060547,19.174999237060547,19.174999237060547,19.174999237060547,19.174999237060547,288.0
2024-03-01 15:09:00,HOLX,74.2699966430664,74.2699966430664,74.2699966430664,74.2699966430664,74.2699966430664,839.0
2024-03-01 15:09:00,HOTH,1.3170000314712524,1.3170000314712524,1.3170000314712524,1.3170000314712524,1.3170000314712524,121.0
2024-03-01 15:09:00,HQY,81.41000366210938,81.41000366210938,81.41999816894531,81.38999938964844,81.38999938964844,2140.0
2024-03-01 15:09:00,HRMY,31.564699172973633,31.564699172973633,31.564699172973633,31.559999465942383,31.559999465942383,802.0
2024-03-01 15:09:00,HSIC,76.90499877929688,76.90499877929688,76.91999816894531,76.8949966430664,76.8949966430664,693.0
2024-03-01 15:09:00,HUMA,3.255000114440918,3.255000114440918,3.259999990463257,3.244999885559082,3.25,22881.0
2024-03-01 15:09:00,IBRX,4.849999904632568,4.849999904632568,4.849999904632568,4.840099811553955,4.840099811553955,5066.0
2024-03-01 15:09:00,ICCM,1.2899999618530273,1.2899999618530273,1.2899999618530273,1.2899999618530273,1.2899999618530273,3580.0
2024-03-01 15:09:00,ICLR,324.3299865722656,324.3299865722656,324.3299865722656,324.30999755859375,324.32000732421875,2123.0
2024-03-01 15:09:00,ICUI,105.91999816894531,105.91999816894531,105.9800033569336,105.91000366210938,105.94999694824219,1895.0
2024-03-01 15:09:00,IDXX,579.2100219726562,579.2100219726562,579.2100219726562,579.1599731445312,579.1599731445312,1318.0
2024-03-01 15:09:00,IKNA,1.5,1.5,1.5,1.5,1.5,201.0
2024-03-01 15:09:00,ILMN,140.9499969482422,140.9499969482422,140.9499969482422,140.90499877929688,140.9499969482422,1138.0
2024-03-01 15:09:00,IMAB,1.7899999618530273,1.7899999618530273,1.7949999570846558,1.7899999618530273,1.7899999618530273,1331.0
2024-03-01 15:09:00,IMMX,3.505000114440918,3.505000114440918,3.505000114440918,3.5,3.5,400.0
2024-03-01 15:09:00,IMUX,1.475000023841858,1.475000023841858,1.475000023841858,1.4700000286102295,1.4700000286102295,284.0
2024-03-01 15:09:00,IMVT,35.619998931884766,35.619998931884766,35.63999938964844,35.619998931884766,35.630001068115234,873.0
2024-03-01 15:09:00,INBX,36.51499938964844,36.51499938964844,36.51499938964844,36.51499938964844,36.51499938964844,377.0
2024-03-01 15:09:00,INCY,59.040000915527344,59.040000915527344,59.040000915527344,59.040000915527344,59.040000915527344,1538.0
2024-03-01 15:09:00,INGN,6.78000020980835,6.78000020980835,6.784999847412109,6.78000020980835,6.784999847412109,584.0
2024-03-01 15:09:00,INMD,22.875,22.875,22.875,22.854999542236328,22.854999542236328,4665.0
2024-03-01 15:09:00,INSM,27.9950008392334,27.9950008392334,28.014999389648438,27.989999771118164,28.010000228881836,3534.0
2024-03-01 15:09:00,INVA,15.354999542236328,15.354999542236328,15.359999656677246,15.350000381469727,15.359999656677246,3531.0
2024-03-01 15:09:00,INZY,6.570000171661377,6.570000171661377,6.570000171661377,6.570000171661377,6.570000171661377,565.0
2024-03-01 15:09:00,IOBT,1.8199000358581543,1.8199000358581543,1.8199000358581543,1.8199000358581543,1.8199000358581543,1028.0
2024-03-01 15:09:00,IONS,45.790000915527344,45.790000915527344,45.81999969482422,45.790000915527344,45.81999969482422,422.0
2024-03-01 15:09:00,IOVA,16.9950008392334,16.9950008392334,17.059999465942383,16.959999084472656,17.014999389648438,344008.0
2024-03-01 15:09:00,IRMD,41.290000915527344,41.290000915527344,41.290000915527344,41.290000915527344,41.290000915527344,736.0
2024-03-01 15:09:00,IRTC,121.25,121.25,121.25,121.25,121.25,137.0
2024-03-01 15:09:00,IRWD,8.96500015258789,8.96500015258789,8.975000381469727,8.960000038146973,8.970000267028809,7329.0
2024-03-01 15:09:00,ISRG,397.4200134277344,397.4200134277344,397.4200134277344,397.4200134277344,397.4200134277344,1108.0
2024-03-01 15:09:00,ITCI,72.11000061035156,72.11000061035156,72.11000061035156,72.11000061035156,72.11000061035156,429.0
2024-03-01 15:09:00,JAGX,0.08990000188350677,0.08990000188350677,0.09049999713897705,0.0885000005364418,0.09040000289678574,302109.0
2024-03-01 15:09:00,JANX,46.08000183105469,46.08000183105469,46.15999984741211,46.08000183105469,46.15999984741211,524.0
2024-03-01 15:09:00,JAZZ,119.22000122070312,119.22000122070312,119.22000122070312,119.22000122070312,119.22000122070312,678.0
2024-03-01 15:09:00,JSPR,21.75,21.75,21.75,21.75,21.75,211.0
2024-03-01 15:09:00,KALV,13.970000267028809,13.970000267028809,13.999799728393555,13.930000305175781,13.930000305175781,9188.0
2024-03-01 15:09:00,KIDS,27.735000610351562,27.735000610351562,27.735000610351562,27.719999313354492,27.719999313354492,1769.0
2024-03-01 15:09:00,KNSA,21.889999389648438,21.889999389648438,21.889999389648438,21.8799991607666,21.8799991607666,786.0
2024-03-01 15:09:00,KOD,6.025000095367432,6.025000095367432,6.037300109863281,6.010000228881836,6.019899845123291,11638.0
2024-03-01 15:09:00,KPTI,1.184999942779541,1.184999942779541,1.184999942779541,1.1749999523162842,1.1799999475479126,14862.0
2024-03-01 15:09:00,KRMD,2.119999885559082,2.119999885559082,2.119999885559082,2.119999885559082,2.119999885559082,558.0
2024-03-01 15:09:00,KROS,68.79000091552734,68.79000091552734,68.87999725341797,68.79000091552734,68.87999725341797,1003.0
2024-03-01 15:09:00,KRTX,315.7850036621094,315.7850036621094,315.7850036621094,315.7850036621094,315.7850036621094,110.0
2024-03-01 15:09:00,KRYS,169.0449981689453,169.0449981689453,169.0449981689453,169.0449981689453,169.0449981689453,624.0
2024-03-01 15:09:00,KTRA,0.10029999911785126,0.10029999911785126,0.10189999639987946,0.10029999911785126,0.10189999639987946,30090.0
2024-03-01 15:09:00,KURA,21.875,21.875,21.889999389648438,21.860000610351562,21.889999389648438,8141.0
2024-03-01 15:09:00,KYMR,43.709999084472656,43.709999084472656,43.709999084472656,43.689998626708984,43.689998626708984,892.0
2024-03-01 15:09:00,KZR,1.034999966621399,1.034999966621399,1.034999966621399,1.0299999713897705,1.034999966621399,2977.0
2024-03-01 15:09:00,LAB,2.4625000953674316,2.4625000953674316,2.4625000953674316,2.4625000953674316,2.4625000953674316,200.0
2024-03-01 15:09:00,LBPH,21.420000076293945,21.420000076293945,21.420000076293945,21.420000076293945,21.420000076293945,110.0
2024-03-01 15:09:00,LEGN,65.4800033569336,65.4800033569336,65.48999786376953,65.45999908447266,65.46600341796875,942.0
2024-03-01 15:09:00,LFST,7.740099906921387,7.740099906921387,7.740099906921387,7.735000133514404,7.735000133514404,3616.0
2024-03-01 15:09:00,LGND,77.24500274658203,77.24500274658203,77.24500274658203,77.24500274658203,77.24500274658203,309.0
2024-03-01 15:09:00,LIVN,55.56999969482422,55.56999969482422,55.61000061035156,55.56999969482422,55.61000061035156,512.0
2024-03-01 15:09:00,LMAT,67.44000244140625,67.44000244140625,67.73500061035156,67.44000244140625,67.73500061035156,2034.0
2024-03-01 15:09:00,LPTX,2.859999895095825,2.859999895095825,2.859999895095825,2.859999895095825,2.859999895095825,400.0
2024-03-01 15:09:00,LQDA,14.5649995803833,14.5649995803833,14.569999694824219,14.550000190734863,14.550000190734863,988.0
2024-03-01 15:09:00,LRMR,11.28499984741211,11.28499984741211,11.359999656677246,11.28499984741211,11.354999542236328,1303.0
2024-03-01 15:09:00,LTRN,4.139999866485596,4.139999866485596,4.139999866485596,4.139999866485596,4.139999866485596,319.0
2024-03-01 15:09:00,LUNG,9.430000305175781,9.430000305175781,9.430000305175781,9.420000076293945,9.420000076293945,349.0
2024-03-01 15:09:00,LVTX,2.690000057220459,2.690000057220459,2.700000047683716,2.690000057220459,2.700000047683716,1097.0
2024-03-01 15:09:00,LXRX,2.484999895095825,2.484999895095825,2.490000009536743,2.484999895095825,2.490000009536743,262.0
2024-03-01 15:09:00,LYEL,3.1449999809265137,3.1449999809265137,3.1549999713897705,3.140000104904175,3.1549999713897705,11970.0
2024-03-01 15:09:00,LYRA,5.659999847412109,5.659999847412109,5.659999847412109,5.639999866485596,5.639999866485596,628.0
2024-03-01 15:09:00,MASI,127.71499633789062,127.71499633789062,127.75,127.71499633789062,127.75,1083.0
2024-03-01 15:09:00,MASS,7.340000152587891,7.340000152587891,7.340000152587891,7.340000152587891,7.340000152587891,201.0
2024-03-01 15:09:00,MCRB,1.2200000286102295,1.2200000286102295,1.2300000190734863,1.2200000286102295,1.2300000190734863,891.0
2024-03-01 15:09:00,MDGL,250.622802734375,250.622802734375,250.622802734375,250.622802734375,250.622802734375,315.0
2024-03-01 15:09:00,MDRX,6.03000020980835,6.03000020980835,6.070000171661377,6.03000020980835,6.050000190734863,33478.0
2024-03-01 15:09:00,MDXG,8.59000015258789,8.59000015258789,8.604999542236328,8.59000015258789,8.604999542236328,4868.0
2024-03-01 15:09:00,ME,0.5521500110626221,0.5521500110626221,0.5527999997138977,0.5521000027656555,0.5527999997138977,10168.0
2024-03-01 15:09:00,MESO,2.059999942779541,2.059999942779541,2.059999942779541,2.059999942779541,2.059999942779541,48180.0
2024-03-01 15:09:00,MGNX,18.950000762939453,18.950000762939453,18.989999771118164,18.950000762939453,18.96500015258789,1414.0
2024-03-01 15:09:00,MIRM,29.25,29.25,29.260000228881836,29.209999084472656,29.260000228881836,2133.0
2024-03-01 15:09:00,MIST,1.6799999475479126,1.6799999475479126,1.6799999475479126,1.6799999475479126,1.6799999475479126,103.0
2024-03-01 15:09:00,MLTX,50.529998779296875,50.529998779296875,50.54999923706055,50.52000045776367,50.54999923706055,1590.0
2024-03-01 15:09:00,MMSI,76.23500061035156,76.23500061035156,76.29000091552734,76.22000122070312,76.23999786376953,2099.0
2024-03-01 15:09:00,MNKD,4.534999847412109,4.534999847412109,4.539999961853027,4.53000020980835,4.534999847412109,3602.0
2024-03-01 15:09:00,MNMD,6.119999885559082,6.119999885559082,6.119999885559082,6.119999885559082,6.119999885559082,736.0
2024-03-01 15:09:00,MNPR,0.9498999714851379,0.9498999714851379,0.9498999714851379,0.9498000144958496,0.9498999714851379,925.0
2024-03-01 15:09:00,MODD,1.8700000047683716,1.8700000047683716,1.8700000047683716,1.8700000047683716,1.8700000047683716,809.0
2024-03-01 15:09:00,MODV,28.440000534057617,28.440000534057617,28.440000534057617,28.440000534057617,28.440000534057617,806.0
2024-03-01 15:09:00,MOR,17.670000076293945,17.670000076293945,17.670000076293945,17.65999984741211,17.65999984741211,420.0
2024-03-01 15:09:00,MORF,39.584999084472656,39.584999084472656,39.584999084472656,39.584999084472656,39.584999084472656,165.0
2024-03-01 15:09:00,MRAI,1.590000033378601,1.590000033378601,1.6200000047683716,1.590000033378601,1.6200000047683716,4995.0
2024-03-01 15:09:00,MREO,3.944999933242798,3.944999933242798,3.950000047683716,3.940000057220459,3.940000057220459,76475.0
2024-03-01 15:09:00,MRNA,95.49500274658203,95.49500274658203,95.5250015258789,95.45999908447266,95.5250015258789,3355.0
2024-03-01 15:09:00,MRNS,9.989999771118164,9.989999771118164,10.0,9.989999771118164,9.989999771118164,2014.0
2024-03-01 15:09:00,MRSN,5.985000133514404,5.985000133514404,5.985000133514404,5.985000133514404,5.985000133514404,630.0
2024-03-01 15:09:00,MRVI,7.684999942779541,7.684999942779541,7.693699836730957,7.679999828338623,7.679999828338623,10295.0
2024-03-01 15:09:00,MXCT,4.739999771118164,4.739999771118164,4.739999771118164,4.739999771118164,4.739999771118164,384.0
2024-03-01 15:09:00,MYGN,22.110000610351562,22.110000610351562,22.125,22.110000610351562,22.1200008392334,1787.0
2024-03-01 15:09:00,MYMD,3.3698999881744385,3.3698999881744385,3.3698999881744385,3.3698999881744385,3.3698999881744385,111.0
2024-03-01 15:09:00,MYNZ,0.8799999952316284,0.8799999952316284,0.8849999904632568,0.8799999952316284,0.8799999952316284,4479.0
2024-03-01 15:09:00,NARI,46.060001373291016,46.060001373291016,46.09000015258789,46.05500030517578,46.05500030517578,1844.0
2024-03-01 15:09:00,NAUT,2.6500000953674316,2.6500000953674316,2.6500000953674316,2.6500000953674316,2.6500000953674316,100.0
2024-03-01 15:09:00,NBIX,131.92999267578125,131.92999267578125,131.92999267578125,131.89999389648438,131.9199981689453,2101.0
2024-03-01 15:09:00,NEO,15.970000267028809,15.970000267028809,15.979999542236328,15.970000267028809,15.979999542236328,595.0
2024-03-01 15:09:00,NEOG,17.30500030517578,17.30500030517578,17.309900283813477,17.30500030517578,17.309900283813477,628.0
2024-03-01 15:09:00,NEPH,3.0999999046325684,3.0999999046325684,3.0999999046325684,3.0999999046325684,3.0999999046325684,461.0
2024-03-01 15:09:00,NGM,1.5199999809265137,1.5199999809265137,1.5199999809265137,1.5199999809265137,1.5199999809265137,217.0
2024-03-01 15:09:00,NKTX,12.6899995803833,12.6899995803833,12.6899995803833,12.688599586486816,12.688599586486816,1144.0
2024-03-01 15:09:00,NLSP,0.36000001430511475,0.36000001430511475,0.36000001430511475,0.36000001430511475,0.36000001430511475,600.0
2024-03-01 15:09:00,NNOX,10.84000015258789,10.84000015258789,10.84000015258789,10.800000190734863,10.804499626159668,5996.0
2024-03-01 15:09:00,NOTV,7.940000057220459,7.940000057220459,7.940000057220459,7.909999847412109,7.920000076293945,3867.0
2024-03-01 15:09:00,NRC,40.584999084472656,40.584999084472656,40.584999084472656,40.584999084472656,40.584999084472656,186.0
2024-03-01 15:09:00,NRIX,13.470000267028809,13.470000267028809,13.470499992370605,13.375,13.390000343322754,11848.0
2024-03-01 15:09:00,NRSN,1.9800000190734863,1.9800000190734863,1.9800000190734863,1.9700000286102295,1.9800000190734863,1300.0
2024-03-01 15:09:00,NRXP,0.4375,0.4375,0.44350001215934753,0.43744999170303345,0.43744999170303345,603.0
2024-03-01 15:09:00,NTLA,33.22999954223633,33.22999954223633,33.25,33.220001220703125,33.25,3386.0
2024-03-01 15:09:00,NTRA,89.2699966430664,89.2699966430664,89.29499816894531,89.2699966430664,89.2699966430664,2836.0
2024-03-01 15:09:00,NUTX,0.11389999836683273,0.11389999836683273,0.11389999836683273,0.11389999836683273,0.11389999836683273,126.0
2024-03-01 15:09:00,NUVL,87.30999755859375,87.30999755859375,87.30999755859375,87.30999755859375,87.30999755859375,694.0
2024-03-01 15:09:00,NVAX,5.364999771118164,5.364999771118164,5.369999885559082,5.360000133514404,5.360000133514404,13232.0
2024-03-01 15:09:00,NVCR,16.045000076293945,16.045000076293945,16.045000076293945,16.045000076293945,16.045000076293945,663.0
2024-03-01 15:09:00,NYXH,14.90999984741211,14.90999984741211,14.930000305175781,14.90999984741211,14.930000305175781,361.0
2024-03-01 15:09:00,OCGN,0.945900022983551,0.945900022983551,0.945900022983551,0.945900022983551,0.945900022983551,225.0
2024-03-01 15:09:00,OCUL,10.640000343322754,10.640000343322754,10.640000343322754,10.63010025024414,10.635000228881836,6622.0
2024-03-01 15:09:00,OFIX,12.869999885559082,12.869999885559082,12.869999885559082,12.869999885559082,12.869999885559082,477.0
2024-03-01 15:09:00,OGI,2.1549999713897705,2.1549999713897705,2.155900001525879,2.1549999713897705,2.155900001525879,350.0
2024-03-01 15:09:00,OLK,22.985000610351562,22.985000610351562,22.985000610351562,22.979999542236328,22.979999542236328,316.0
2024-03-01 15:09:00,OLMA,14.630000114440918,14.630000114440918,14.65999984741211,14.619999885559082,14.649999618530273,4360.0
2024-03-01 15:09:00,OM,3.151099920272827,3.151099920272827,3.1549999713897705,3.151099920272827,3.1549999713897705,301.0
2024-03-01 15:09:00,OMCL,26.510000228881836,26.510000228881836,26.520000457763672,26.506999969482422,26.506999969482422,2651.0
2024-03-01 15:09:00,OMER,4.764999866485596,4.764999866485596,4.764999866485596,4.760000228881836,4.760000228881836,616.0
2024-03-01 15:09:00,OMGA,4.419600009918213,4.419600009918213,4.419600009918213,4.40500020980835,4.40500020980835,1953.0
2024-03-01 15:09:00,OMIC,0.6011499762535095,0.6011499762535095,0.6011499762535095,0.6011499762535095,0.6011499762535095,436.0
2024-03-01 15:09:00,ONTX,0.8184999823570251,0.8184999823570251,0.8184999823570251,0.8184999823570251,0.8184999823570251,286.0
2024-03-01 15:10:00,AADI,1.9299999475479126,1.9299999475479126,1.9500000476837158,1.9299999475479126,1.9301999807357788,6892.0
2024-03-01 15:10:00,ABCL,5.065000057220459,5.065000057220459,5.074999809265137,5.065000057220459,5.074999809265137,1080.0
2024-03-01 15:10:00,ABEO,7.739999771118164,7.739999771118164,7.739999771118164,7.739999771118164,7.739999771118164,525.0
2024-03-01 15:10:00,ABOS,4.610000133514404,4.610000133514404,4.610000133514404,4.599999904632568,4.599999904632568,3613.0
2024-03-01 15:10:00,ABSI,5.53879976272583,5.53879976272583,5.53879976272583,5.534999847412109,5.534999847412109,766.0
2024-03-01 15:10:00,ACAD,24.06999969482422,24.06999969482422,24.100000381469727,24.06999969482422,24.09000015258789,7058.0
2024-03-01 15:10:00,ACB,3.180000066757202,3.180000066757202,3.180000066757202,3.180000066757202,3.180000066757202,123.0
2024-03-01 15:10:00,ACCD,10.085000038146973,10.085000038146973,10.085000038146973,10.085000038146973,10.085000038146973,507.0
2024-03-01 15:10:00,ACET,2.380000114440918,2.380000114440918,2.390000104904175,2.380000114440918,2.390000104904175,448.0
2024-03-01 15:10:00,ACHC,84.11070251464844,84.11070251464844,84.13749694824219,84.11070251464844,84.13749694824219,569.0
2024-03-01 15:10:00,ACLX,67.625,67.625,67.63999938964844,67.625,67.63999938964844,343.0
2024-03-01 15:10:00,ACRS,1.225000023841858,1.225000023841858,1.225000023841858,1.2200000286102295,1.225000023841858,1120.0
2024-03-01 15:10:00,ADAP,1.6008000373840332,1.6008000373840332,1.6008000373840332,1.6008000373840332,1.6008000373840332,250.0
2024-03-01 15:10:00,ADIL,2.986599922180176,2.986599922180176,3.0399999618530273,2.9700000286102295,2.984999895095825,78751.0
2024-03-01 15:10:00,ADMA,5.5229997634887695,5.5229997634887695,5.525000095367432,5.519999980926514,5.519999980926514,2862.0
2024-03-01 15:10:00,ADPT,4.054999828338623,4.054999828338623,4.059999942779541,4.050000190734863,4.054999828338623,6395.0
2024-03-01 15:10:00,ADVM,1.9700000286102295,1.9700000286102295,1.9700000286102295,1.9600000381469727,1.9600000381469727,7308.0
2024-03-01 15:10:00,AFIB,0.2053000032901764,0.2053000032901764,0.2053000032901764,0.2053000032901764,0.2053000032901764,15481.0
2024-03-01 15:10:00,AGEN,0.6700500249862671,0.6700500249862671,0.6700999736785889,0.6700000166893005,0.6700999736785889,2577.0
2024-03-01 15:10:00,AGIO,32.220001220703125,32.220001220703125,32.2400016784668,32.209999084472656,32.23500061035156,3757.0
2024-03-01 15:10:00,AHCO,10.479999542236328,10.479999542236328,10.5,10.479999542236328,10.5,1349.0
2024-03-01 15:10:00,AKAN,0.21490000188350677,0.21490000188350677,0.21490000188350677,0.2071000039577484,0.20810000598430634,2670.0
2024-03-01 15:10:00,AKBA,1.6820000410079956,1.6820000410079956,1.690000057220459,1.6820000410079956,1.690000057220459,42815.0
2024-03-01 15:10:00,AKLI,0.358599990606308,0.358599990606308,0.358599990606308,0.3529999852180481,0.3529999852180481,3348.0
2024-03-01 15:10:00,AKRO,28.639999389648438,28.639999389648438,28.645000457763672,28.600000381469727,28.600000381469727,1640.0
2024-03-01 15:10:00,AKYA,6.0,6.0,6.0,5.989999771118164,5.989999771118164,2105.0
2024-03-01 15:10:00,ALDX,4.215000152587891,4.215000152587891,4.215000152587891,4.215000152587891,4.215000152587891,106.0
2024-03-01 15:10:00,ALEC,7.389999866485596,7.389999866485596,7.400000095367432,7.389999866485596,7.400000095367432,1236.0
2024-03-01 15:10:00,ALGN,302.260009765625,302.260009765625,302.5799865722656,302.19000244140625,302.5799865722656,1084.0
2024-03-01 15:10:00,ALHC,5.570000171661377,5.570000171661377,5.570000171661377,5.570000171661377,5.570000171661377,536.0
2024-03-01 15:10:00,ALKS,30.149999618530273,30.149999618530273,30.15999984741211,30.149999618530273,30.15999984741211,651.0
2024-03-01 15:10:00,ALLK,1.649999976158142,1.649999976158142,1.649999976158142,1.649999976158142,1.649999976158142,614.0
2024-03-01 15:10:00,ALLO,4.949999809265137,4.949999809265137,4.949999809265137,4.949999809265137,4.949999809265137,2389.0
2024-03-01 15:10:00,ALNY,153.35000610351562,153.35000610351562,153.39999389648438,153.35000610351562,153.39999389648438,662.0
2024-03-01 15:10:00,ALPN,35.810001373291016,35.810001373291016,35.869998931884766,35.810001373291016,35.810001373291016,724.0
2024-03-01 15:10:00,ALT,12.024999618530273,12.024999618530273,12.050000190734863,12.023900032043457,12.050000190734863,5631.0
2024-03-01 15:10:00,ALVO,15.640000343322754,15.640000343322754,15.640000343322754,15.640000343322754,15.640000343322754,100.0
2024-03-01 15:10:00,ALVR,0.7400000095367432,0.7400000095367432,0.7400000095367432,0.7400000095367432,0.7400000095367432,449.0
2024-03-01 15:10:00,ALXO,14.949999809265137,14.949999809265137,14.949999809265137,14.949999809265137,14.949999809265137,201.0
2024-03-01 15:10:00,AMED,93.22000122070312,93.22000122070312,93.22899627685547,93.20999908447266,93.20999908447266,628.0
2024-03-01 15:10:00,AMGN,280.2349853515625,280.2349853515625,280.3999938964844,280.20001220703125,280.3999938964844,4532.0
2024-03-01 15:10:00,AMLX,18.764999389648438,18.764999389648438,18.770000457763672,18.764999389648438,18.764999389648438,587.0
2024-03-01 15:10:00,AMPH,45.93000030517578,45.93000030517578,45.93000030517578,45.86000061035156,45.88999938964844,2838.0
2024-03-01 15:10:00,AMRN,1.0499999523162842,1.0499999523162842,1.0549999475479126,1.0499999523162842,1.0549999475479126,540.0
2024-03-01 15:10:00,ANAB,25.34000015258789,25.34000015258789,25.395000457763672,25.34000015258789,25.395000457763672,758.0
2024-03-01 15:10:00,ANGO,5.474999904632568,5.474999904632568,5.480000019073486,5.474999904632568,5.480000019073486,1414.0
2024-03-01 15:10:00,ANIP,66.95999908447266,66.95999908447266,67.0,66.8499984741211,67.0,1533.0
2024-03-01 15:10:00,ANNX,6.039999961853027,6.039999961853027,6.050000190734863,6.039999961853027,6.050000190734863,943.0
2024-03-01 15:10:00,ANTX,2.97160005569458,2.97160005569458,2.9800000190734863,2.97160005569458,2.9800000190734863,757.0
2024-03-01 15:10:00,APDN,0.5698999762535095,0.5698999762535095,0.5699999928474426,0.5698999762535095,0.5699999928474426,461.0
2024-03-01 15:10:00,APLS,64.22000122070312,64.22000122070312,64.22000122070312,64.18000030517578,64.18000030517578,796.0
2024-03-01 15:10:00,APLT,7.059999942779541,7.059999942779541,7.059999942779541,7.039999961853027,7.050000190734863,1405.0
2024-03-01 15:10:00,APYX,2.0899999141693115,2.0899999141693115,2.0899999141693115,2.0799999237060547,2.0799999237060547,3874.0
2024-03-01 15:10:00,AQST,4.079999923706055,4.079999923706055,4.079999923706055,4.065000057220459,4.067500114440918,4982.0
2024-03-01 15:10:00,ARAY,2.619999885559082,2.619999885559082,2.630000114440918,2.619999885559082,2.630000114440918,406.0
2024-03-01 15:10:00,ARCT,39.72999954223633,39.72999954223633,39.72999954223633,39.709999084472656,39.709999084472656,847.0
2024-03-01 15:10:00,ARDX,9.430000305175781,9.430000305175781,9.444999694824219,9.430000305175781,9.444999694824219,10833.0
2024-03-01 15:10:00,ARGX,391.8500061035156,391.8500061035156,392.375,391.8500061035156,392.1050109863281,1084.0
2024-03-01 15:10:00,ARQT,11.468000411987305,11.468000411987305,11.5,11.46500015258789,11.5,6819.0
2024-03-01 15:10:00,ARVN,47.935001373291016,47.935001373291016,47.96500015258789,47.935001373291016,47.96500015258789,712.0
2024-03-01 15:10:00,ARWR,35.619998931884766,35.619998931884766,35.63999938964844,35.619998931884766,35.630001068115234,2939.0
2024-03-01 15:10:00,ASND,153.69500732421875,153.69500732421875,153.72000122070312,153.64999389648438,153.72000122070312,2678.0
2024-03-01 15:10:00,ASRT,0.8873500227928162,0.8873500227928162,0.8884999752044678,0.8870000243186951,0.8884999752044678,3202.0
2024-03-01 15:10:00,ATAI,2.130000114440918,2.130000114440918,2.130000114440918,2.130000114440918,2.130000114440918,100.0
2024-03-01 15:10:00,ATEC,13.449999809265137,13.449999809265137,13.460000038146973,13.444999694824219,13.454999923706055,5043.0
2024-03-01 15:10:00,ATRA,0.7818999886512756,0.7818999886512756,0.7818999886512756,0.7799999713897705,0.7799999713897705,816.0
2024-03-01 15:10:00,ATRC,36.05500030517578,36.05500030517578,36.06999969482422,36.04999923706055,36.06999969482422,1573.0
2024-03-01 15:10:00,ATXI,0.15399999916553497,0.15399999916553497,0.15459999442100525,0.15399999916553497,0.15399999916553497,1206.0
2024-03-01 15:10:00,ATXS,14.890000343322754,14.890000343322754,14.890000343322754,14.8818998336792,14.890000343322754,828.0
2024-03-01 15:10:00,AUPH,5.769999980926514,5.769999980926514,5.775000095367432,5.769999980926514,5.775000095367432,592.0
2024-03-01 15:10:00,AURA,9.220000267028809,9.220000267028809,9.220000267028809,9.210000038146973,9.220000267028809,2084.0
2024-03-01 15:10:00,AUTL,6.205999851226807,6.205999851226807,6.239999771118164,6.2027997970581055,6.230000019073486,16796.0
2024-03-01 15:10:00,AVDL,13.34000015258789,13.34000015258789,13.359999656677246,13.300000190734863,13.300000190734863,7895.0
2024-03-01 15:10:00,AVIR,4.449999809265137,4.449999809265137,4.465000152587891,4.445000171661377,4.465000152587891,4601.0
2024-03-01 15:10:00,AVRO,1.3200000524520874,1.3200000524520874,1.3250000476837158,1.3200000524520874,1.3250000476837158,412.0
2024-03-01 15:10:00,AVXL,5.309999942779541,5.309999942779541,5.320099830627441,5.309999942779541,5.320000171661377,4694.0
2024-03-01 15:10:00,AXNX,67.73999786376953,67.73999786376953,67.73999786376953,67.72000122070312,67.7300033569336,3689.0
2024-03-01 15:10:00,AXSM,82.37000274658203,82.37000274658203,82.44999694824219,82.36000061035156,82.44999694824219,2777.0
2024-03-01 15:10:00,AZN,64.6449966430664,64.6449966430664,64.65499877929688,64.6449966430664,64.65499877929688,3687.0
2024-03-01 15:10:00,AZTA,66.94000244140625,66.94000244140625,66.94000244140625,66.94000244140625,66.94000244140625,139.0
2024-03-01 15:10:00,BBIO,35.72999954223633,35.72999954223633,35.75,35.72999954223633,35.75,990.0
2024-03-01 15:10:00,BBLG,2.549999952316284,2.549999952316284,2.549999952316284,2.549999952316284,2.549999952316284,101.0
2024-03-01 15:10:00,BCAB,2.825000047683716,2.825000047683716,2.825000047683716,2.825000047683716,2.825000047683716,105.0
2024-03-01 15:10:00,BCDA,0.574999988079071,0.574999988079071,0.5799999833106995,0.574999988079071,0.574999988079071,1949.0
2024-03-01 15:10:00,BCRX,5.659999847412109,5.659999847412109,5.670000076293945,5.659999847412109,5.670000076293945,1692.0
2024-03-01 15:10:00,BCYC,25.760000228881836,25.760000228881836,25.760000228881836,25.704999923706055,25.704999923706055,240.0
2024-03-01 15:10:00,BDTX,4.739299774169922,4.739299774169922,4.740099906921387,4.730000019073486,4.739999771118164,5071.0
2024-03-01 15:10:00,BEAM,39.779998779296875,39.779998779296875,39.814998626708984,39.779998779296875,39.814998626708984,1606.0
2024-03-01 15:10:00,BFRI,0.8898000121116638,0.8898000121116638,0.8899999856948853,0.8898000121116638,0.8899999856948853,201.0
2024-03-01 15:10:00,BGNE,166.17990112304688,166.17990112304688,166.17990112304688,166.17990112304688,166.17990112304688,405.0
2024-03-01 15:10:00,BGXX,0.26829901337623596,0.26829901337623596,0.26829901337623596,0.26829901337623596,0.26829901337623596,320.0
2024-03-01 15:10:00,BIIB,220.9499969482422,220.9499969482422,221.0500030517578,220.85000610351562,221.0500030517578,2472.0
2024-03-01 15:10:00,BIOL,0.14489999413490295,0.14489999413490295,0.14489999413490295,0.14489999413490295,0.14489999413490295,10666.0
2024-03-01 15:10:00,BIOR,1.1299999952316284,1.1299999952316284,1.1390000581741333,1.1299999952316284,1.1390000581741333,402.0
2024-03-01 15:10:00,BIVI,1.9800000190734863,1.9800000190734863,1.9900000095367432,1.9800000190734863,1.9900000095367432,1121.0
2024-03-01 15:10:00,BLFS,17.75,17.75,17.770000457763672,17.709999084472656,17.71310043334961,4649.0
2024-03-01 15:10:00,BLUE,1.5700000524520874,1.5700000524520874,1.5750000476837158,1.5700000524520874,1.5700000524520874,5587.0
2024-03-01 15:10:00,BMEA,17.979999542236328,17.979999542236328,17.979999542236328,17.979999542236328,17.979999542236328,329.0
2024-03-01 15:10:00,BMRA,1.2100000381469727,1.2100000381469727,1.2100000381469727,1.2100000381469727,1.2100000381469727,132.0
2024-03-01 15:10:00,BMRN,87.66000366210938,87.66000366210938,87.66999816894531,87.63999938964844,87.66999816894531,4066.0
2024-03-01 15:10:00,BNR,0.8189499974250793,0.8189499974250793,0.8189499974250793,0.8189499974250793,0.8189499974250793,100.0
2024-03-01 15:10:00,BNTC,5.300000190734863,5.300000190734863,5.539999961853027,5.291999816894531,5.360000133514404,4423.0
2024-03-01 15:10:00,BNTX,90.82499694824219,90.82499694824219,90.82499694824219,90.82499694824219,90.82499694824219,290.0
2024-03-01 15:10:00,BPMC,95.94000244140625,95.94000244140625,96.00499725341797,95.94000244140625,96.00499725341797,1680.0
2024-03-01 15:10:00,BRKR,88.68499755859375,88.68499755859375,88.69999694824219,88.66000366210938,88.69999694824219,3136.0
2024-03-01 15:10:00,BTAI,3.2300000190734863,3.2300000190734863,3.2300000190734863,3.2300000190734863,3.2300000190734863,110.0
2024-03-01 15:10:00,BTTX,0.18150000274181366,0.18150000274181366,0.18150000274181366,0.18150000274181366,0.18150000274181366,204.0
2024-03-01 15:10:00,BVS,4.800000190734863,4.800000190734863,4.820000171661377,4.78000020980835,4.78000020980835,1764.0
2024-03-01 15:10:00,BWAY,6.5,6.5,6.539999961853027,6.5,6.53000020980835,673.0
2024-03-01 15:10:00,CABA,23.985000610351562,23.985000610351562,23.985000610351562,23.985000610351562,23.985000610351562,215.0
2024-03-01 15:10:00,CARA,0.9205999970436096,0.9205999970436096,0.9205999970436096,0.9205999970436096,0.9205999970436096,100.0
2024-03-01 15:10:00,CBAY,32.224998474121094,32.224998474121094,32.22999954223633,32.220001220703125,32.22999954223633,1613.0
2024-03-01 15:10:00,CCCC,10.979999542236328,10.979999542236328,11.0,10.979999542236328,10.984999656677246,5780.0
2024-03-01 15:10:00,CDMO,8.210000038146973,8.210000038146973,8.229999542236328,8.204999923706055,8.220000267028809,3554.0
2024-03-01 15:10:00,CDNA,12.5,12.5,12.505000114440918,12.5,12.5,2565.0
2024-03-01 15:10:00,CDXS,4.650000095367432,4.650000095367432,4.650000095367432,4.644999980926514,4.644999980926514,647.0
2024-03-01 15:10:00,CELC,17.04990005493164,17.04990005493164,17.04990005493164,16.989999771118164,16.989999771118164,769.0
2024-03-01 15:10:00,CELU,3.7100000381469727,3.7100000381469727,3.7100000381469727,3.700000047683716,3.700000047683716,1718.0
2024-03-01 15:10:00,CERE,41.095001220703125,41.095001220703125,41.099998474121094,41.095001220703125,41.099998474121094,2742.0
2024-03-01 15:10:00,CERS,2.184999942779541,2.184999942779541,2.184999942779541,2.180000066757202,2.180000066757202,425.0
2024-03-01 15:10:00,CERT,18.209999084472656,18.209999084472656,18.209999084472656,18.202999114990234,18.209999084472656,1265.0
2024-03-01 15:10:00,CGC,3.180000066757202,3.180000066757202,3.184999942779541,3.180000066757202,3.184999942779541,3473.0
2024-03-01 15:10:00,CGEN,2.690000057220459,2.690000057220459,2.690000057220459,2.690000057220459,2.690000057220459,390.0
2024-03-01 15:10:00,CHRS,2.4000000953674316,2.4000000953674316,2.4049999713897705,2.4000000953674316,2.4049999713897705,1230.0
2024-03-01 15:10:00,CING,1.340000033378601,1.340000033378601,1.340000033378601,1.340000033378601,1.340000033378601,100.0
2024-03-01 15:10:00,CKPT,2.180000066757202,2.180000066757202,2.1821999549865723,2.180000066757202,2.1821999549865723,3127.0
2024-03-01 15:10:00,CLDX,52.439998626708984,52.439998626708984,52.619998931884766,52.435001373291016,52.619998931884766,5227.0
2024-03-01 15:10:00,CLOV,0.863099992275238,0.863099992275238,0.8634999990463257,0.8629999756813049,0.8633999824523926,73515.0
2024-03-01 15:10:00,CLPT,6.559999942779541,6.559999942779541,6.559999942779541,6.559999942779541,6.559999942779541,371.0
2024-03-01 15:10:00,CMPS,11.609999656677246,11.609999656677246,11.619999885559082,11.59000015258789,11.619999885559082,2563.0
2024-03-01 15:10:00,CMRX,1.2050000429153442,1.2050000429153442,1.2050000429153442,1.2002999782562256,1.2002999782562256,5115.0
2024-03-01 15:10:00,CNTA,10.859000205993652,10.859000205993652,10.859000205993652,10.859000205993652,10.859000205993652,201.0
2024-03-01 15:10:00,COGT,7.195000171661377,7.195000171661377,7.195000171661377,7.190000057220459,7.190000057220459,518.0
2024-03-01 15:10:00,COLL,36.75,36.75,36.75,36.709999084472656,36.71659851074219,1532.0
2024-03-01 15:10:00,CORT,24.225000381469727,24.225000381469727,24.25,24.225000381469727,24.25,1066.0
2024-03-01 15:10:00,CPRX,17.184999465942383,17.184999465942383,17.204999923706055,17.170000076293945,17.204999923706055,8394.0
2024-03-01 15:10:00,CPSI,9.369999885559082,9.369999885559082,9.369999885559082,9.369999885559082,9.369999885559082,962.0
2024-03-01 15:10:00,CRBP,32.93000030517578,32.93000030517578,32.95000076293945,32.7599983215332,32.93000030517578,6542.0
2024-03-01 15:10:00,CRBU,7.829999923706055,7.829999923706055,7.840000152587891,7.824999809265137,7.840000152587891,1728.0
2024-03-01 15:10:00,CRDF,2.6596999168395996,2.6596999168395996,2.7200000286102295,2.630000114440918,2.694999933242798,119926.0
2024-03-01 15:10:00,CRNX,45.93000030517578,45.93000030517578,45.94499969482422,45.93000030517578,45.935001373291016,1020.0
2024-03-01 15:10:00,CRON,2.0250000953674316,2.0250000953674316,2.0250000953674316,2.0199999809265137,2.0199999809265137,750.0
2024-03-01 15:10:00,CRSP,84.58370208740234,84.58370208740234,84.63500213623047,84.55000305175781,84.6050033569336,2308.0
2024-03-01 15:10:00,CRVS,2.1700000762939453,2.1700000762939453,2.1700000762939453,2.1700000762939453,2.1700000762939453,143.0
2024-03-01 15:10:00,CSBR,5.639999866485596,5.639999866485596,5.640100002288818,5.639999866485596,5.640100002288818,672.0
2024-03-01 15:10:00,CSTL,19.850000381469727,19.850000381469727,19.854999542236328,19.829999923706055,19.829999923706055,863.0
2024-03-01 15:10:00,CTKB,9.020000457763672,9.020000457763672,9.020000457763672,9.020000457763672,9.020000457763672,946.0
2024-03-01 15:10:00,CTMX,2.5299999713897705,2.5299999713897705,2.5350000858306885,2.5299999713897705,2.5350000858306885,201.0
2024-03-01 15:10:00,CUTR,2.3949999809265137,2.3949999809265137,2.3949999809265137,2.3949999809265137,2.3949999809265137,309.0
2024-03-01 15:10:00,CVAC,3.440000057220459,3.440000057220459,3.444999933242798,3.440000057220459,3.440000057220459,341.0
2024-03-01 15:10:00,CYCC,2.850100040435791,2.850100040435791,2.850100040435791,2.850100040435791,2.850100040435791,8285.0
2024-03-01 15:10:00,CYTK,73.88500213623047,73.88500213623047,73.9800033569336,73.87000274658203,73.9800033569336,1491.0
2024-03-01 15:10:00,DCGO,4.059999942779541,4.059999942779541,4.059999942779541,4.054999828338623,4.054999828338623,3839.0
2024-03-01 15:10:00,DCPH,17.415000915527344,17.415000915527344,17.420000076293945,17.410999298095703,17.420000076293945,410.0
2024-03-01 15:10:00,DCTH,4.210000038146973,4.210000038146973,4.210000038146973,4.210000038146973,4.210000038146973,220.0
2024-03-01 15:10:00,DH,8.8100004196167,8.8100004196167,8.8100004196167,8.8100004196167,8.8100004196167,567.0
2024-03-01 15:10:00,DNLI,21.014999389648438,21.014999389648438,21.09000015258789,21.014999389648438,21.09000015258789,3007.0
2024-03-01 15:10:00,DTIL,12.600000381469727,12.600000381469727,12.600000381469727,12.600000381469727,12.600000381469727,505.0
2024-03-01 15:10:00,DVAX,12.800000190734863,12.800000190734863,12.800000190734863,12.800000190734863,12.800000190734863,121.0
2024-03-01 15:10:00,DXCM,121.16000366210938,121.16000366210938,121.21499633789062,121.1500015258789,121.21499633789062,5226.0
2024-03-01 15:10:00,DYN,29.030000686645508,29.030000686645508,29.030000686645508,29.0,29.010000228881836,1649.0
2024-03-01 15:10:00,EDIT,10.805000305175781,10.805000305175781,10.80620002746582,10.800000190734863,10.800000190734863,1574.0
2024-03-01 15:10:00,EFTR,16.100000381469727,16.100000381469727,16.100000381469727,16.100000381469727,16.100000381469727,793.0
2024-03-01 15:10:00,EKSO,2.0,2.0,2.0,2.0,2.0,952.0
2024-03-01 15:10:00,ELDN,1.840000033378601,1.840000033378601,1.840000033378601,1.8250000476837158,1.840000033378601,4446.0
2024-03-01 15:10:00,ELEV,5.125,5.125,5.125,5.114999771118164,5.125,4067.0
2024-03-01 15:10:00,EMBC,14.279999732971191,14.279999732971191,14.279999732971191,14.279999732971191,14.279999732971191,975.0
2024-03-01 15:10:00,ENSG,121.01000213623047,121.01000213623047,121.05999755859375,121.01000213623047,121.02580261230469,1449.0
2024-03-01 15:10:00,ENTA,15.59000015258789,15.59000015258789,15.649999618530273,15.53499984741211,15.53499984741211,5916.0
2024-03-01 15:10:00,ENVB,1.524999976158142,1.524999976158142,1.5299999713897705,1.5199999809265137,1.5199999809265137,2255.0
2024-03-01 15:10:00,EPIX,9.529999732971191,9.529999732971191,9.529999732971191,9.529999732971191,9.529999732971191,100.0
2024-03-01 15:10:00,ERAS,2.494999885559082,2.494999885559082,2.494999885559082,2.494999885559082,2.494999885559082,2443.0
2024-03-01 15:10:00,ESPR,2.5450000762939453,2.5450000762939453,2.5450000762939453,2.5399999618530273,2.5399999618530273,16699.0
2024-03-01 15:10:00,ESTA,44.90250015258789,44.90250015258789,45.0,44.90250015258789,44.93000030517578,2428.0
2024-03-01 15:10:00,ETNB,12.6899995803833,12.6899995803833,12.710000038146973,12.6899995803833,12.710000038146973,3002.0
2024-03-01 15:10:00,EVGN,0.9800000190734863,0.9800000190734863,0.9800000190734863,0.9800000190734863,0.9800000190734863,100.0
2024-03-01 15:10:00,EXAI,6.605000019073486,6.605000019073486,6.605000019073486,6.605000019073486,6.605000019073486,175.0
2024-03-01 15:10:00,EXAS,59.599998474121094,59.599998474121094,59.64080047607422,59.58000183105469,59.61009979248047,3234.0
2024-03-01 15:10:00,EXEL,22.280000686645508,22.280000686645508,22.295000076293945,22.274999618530273,22.28499984741211,8708.0
2024-03-01 15:10:00,EYEN,2.3399999141693115,2.3399999141693115,2.349900007247925,2.3399999141693115,2.349900007247925,2051.0
2024-03-01 15:10:00,EYPT,27.950000762939453,27.950000762939453,27.950000762939453,27.950000762939453,27.950000762939453,169.0
2024-03-01 15:10:00,FATE,7.684999942779541,7.684999942779541,7.690000057220459,7.684999942779541,7.690000057220459,1060.0
2024-03-01 15:10:00,FDMT,29.334999084472656,29.334999084472656,29.334999084472656,29.334999084472656,29.334999084472656,380.0
2024-03-01 15:10:00,FGEN,1.8300000429153442,1.8300000429153442,1.8300000429153442,1.8300000429153442,1.8300000429153442,1366.0
2024-03-01 15:10:00,FIXX,0.9099500179290771,0.9099500179290771,0.9099500179290771,0.9099500179290771,0.9099500179290771,100.0
2024-03-01 15:10:00,FLGT,23.0757999420166,23.0757999420166,23.0757999420166,23.0757999420166,23.0757999420166,558.0
2024-03-01 15:10:00,FOLD,13.274999618530273,13.274999618530273,13.295000076293945,13.274999618530273,13.295000076293945,4124.0
2024-03-01 15:10:00,FULC,10.979999542236328,10.979999542236328,11.010000228881836,10.979999542236328,10.989999771118164,3106.0
2024-03-01 15:10:00,FUSN,12.140000343322754,12.140000343322754,12.15999984741211,12.109999656677246,12.114999771118164,1668.0
2024-03-01 15:10:00,GCTK,0.3059999942779541,0.3059999942779541,0.3059999942779541,0.30559998750686646,0.30559998750686646,1827.0
2024-03-01 15:10:00,GDRX,8.429699897766113,8.429699897766113,8.429699897766113,8.42140007019043,8.42199993133545,915.0
2024-03-01 15:10:00,GERN,2.25,2.25,2.259999990463257,2.25,2.255000114440918,52083.0
2024-03-01 15:10:00,GH,18.969999313354492,18.969999313354492,18.979999542236328,18.969999313354492,18.979999542236328,3547.0
2024-03-01 15:10:00,GHRS,8.390000343322754,8.390000343322754,8.390000343322754,8.390000343322754,8.390000343322754,176.0
2024-03-01 15:10:00,GILD,72.48500061035156,72.48500061035156,72.53500366210938,72.48500061035156,72.53500366210938,6911.0
2024-03-01 15:10:00,GLPG,35.060001373291016,35.060001373291016,35.060001373291016,35.060001373291016,35.060001373291016,208.0
2024-03-01 15:10:00,GLTO,0.8201000094413757,0.8201000094413757,0.8299999833106995,0.8198999762535095,0.8199999928474426,10101.0
2024-03-01 15:10:00,GLUE,6.300000190734863,6.300000190734863,6.300000190734863,6.300000190734863,6.300000190734863,122.0
2024-03-01 15:10:00,GLYC,2.994999885559082,2.994999885559082,3.0,2.994999885559082,3.0,447.0
2024-03-01 15:10:00,GMAB,29.354999542236328,29.354999542236328,29.354999542236328,29.354999542236328,29.354999542236328,303.0
2024-03-01 15:10:00,GMDA,0.38019999861717224,0.38019999861717224,0.38109999895095825,0.38019999861717224,0.38019999861717224,2808.0
2024-03-01 15:10:00,GOSS,1.4149999618530273,1.4149999618530273,1.4199999570846558,1.4149999618530273,1.4199999570846558,1105.0
2024-03-01 15:10:00,GRFS,7.005000114440918,7.005000114440918,7.019999980926514,7.0,7.019999980926514,4162.0
2024-03-01 15:10:00,GRPH,3.380000114440918,3.380000114440918,3.390000104904175,3.380000114440918,3.390000104904175,1526.0
2024-03-01 15:10:00,GRTS,2.049999952316284,2.049999952316284,2.069999933242798,2.049999952316284,2.069999933242798,8604.0
2024-03-01 15:10:00,GTHX,3.734999895095825,3.734999895095825,3.7699999809265137,3.7300000190734863,3.7699999809265137,15613.0
2024-03-01 15:10:00,HALO,40.994998931884766,40.994998931884766,41.02000045776367,40.994998931884766,41.0099983215332,4671.0
2024-03-01 15:10:00,HARP,22.940000534057617,22.940000534057617,22.940000534057617,22.940000534057617,22.940000534057617,532.0
2024-03-01 15:10:00,HCAT,8.095000267028809,8.095000267028809,8.095000267028809,8.079999923706055,8.079999923706055,2982.0
2024-03-01 15:10:00,HCM,15.09000015258789,15.09000015258789,15.109999656677246,15.09000015258789,15.109999656677246,669.0
2024-03-01 15:10:00,HCSG,12.73009967803955,12.73009967803955,12.73009967803955,12.725000381469727,12.725000381469727,737.0
2024-03-01 15:10:00,HCTI,2.099900007247925,2.099900007247925,2.099900007247925,2.099900007247925,2.099900007247925,295.0
2024-03-01 15:10:00,HCWB,1.5999000072479248,1.5999000072479248,1.600000023841858,1.590000033378601,1.590000033378601,1513.0
2024-03-01 15:10:00,HITI,1.7549999952316284,1.7549999952316284,1.7549999952316284,1.7549999952316284,1.7549999952316284,173.0
2024-03-01 15:10:00,HOLX,74.26000213623047,74.26000213623047,74.26000213623047,74.26000213623047,74.26000213623047,569.0
2024-03-01 15:10:00,HQY,81.3844985961914,81.3844985961914,81.43000030517578,81.3844985961914,81.43000030517578,1913.0
2024-03-01 15:10:00,HRTX,2.5850000381469727,2.5850000381469727,2.5850000381469727,2.5799999237060547,2.5799999237060547,427.0
2024-03-01 15:10:00,HSCS,0.11949999630451202,0.11949999630451202,0.11949999630451202,0.11949999630451202,0.11949999630451202,3215.0
2024-03-01 15:10:00,HSIC,76.91000366210938,76.91000366210938,76.91999816894531,76.88999938964844,76.90499877929688,2013.0
2024-03-01 15:10:00,HUMA,3.265000104904175,3.265000104904175,3.265000104904175,3.255000114440918,3.255000114440918,13624.0
2024-03-01 15:10:00,IART,36.165000915527344,36.165000915527344,36.18000030517578,36.165000915527344,36.16999816894531,2491.0
2024-03-01 15:10:00,IBRX,4.848899841308594,4.848899841308594,4.848899841308594,4.840000152587891,4.840000152587891,1484.0
2024-03-01 15:10:00,ICCM,1.2899999618530273,1.2899999618530273,1.2899999618530273,1.2899999618530273,1.2899999618530273,6231.0
2024-03-01 15:10:00,ICUI,105.8499984741211,105.8499984741211,105.91999816894531,105.8499984741211,105.91999816894531,625.0
2024-03-01 15:10:00,IDXX,578.2000122070312,578.2000122070312,578.3900146484375,578.2000122070312,578.3900146484375,1184.0
2024-03-01 15:10:00,IDYA,46.1150016784668,46.1150016784668,46.15999984741211,46.1150016784668,46.15999984741211,1383.0
2024-03-01 15:10:00,IFRX,1.784999966621399,1.784999966621399,1.784999966621399,1.7704999446868896,1.7736999988555908,752.0
2024-03-01 15:10:00,ILMN,140.94000244140625,140.94000244140625,140.9499969482422,140.88999938964844,140.9499969482422,1210.0
2024-03-01 15:10:00,IMNM,25.309999465942383,25.309999465942383,25.350000381469727,25.299999237060547,25.299999237060547,1463.0
2024-03-01 15:10:00,IMNN,1.028499960899353,1.028499960899353,1.0299999713897705,1.028499960899353,1.0299999713897705,420.0
2024-03-01 15:10:00,IMUX,1.471500039100647,1.471500039100647,1.475000023841858,1.471500039100647,1.475000023841858,3010.0
2024-03-01 15:10:00,IMVT,35.6150016784668,35.6150016784668,35.619998931884766,35.61000061035156,35.619998931884766,876.0
2024-03-01 15:10:00,INAB,1.0699000358581543,1.0699000358581543,1.0699000358581543,1.0699000358581543,1.0699000358581543,197.0
2024-03-01 15:10:00,INCY,59.060001373291016,59.060001373291016,59.08000183105469,59.060001373291016,59.08000183105469,2398.0
2024-03-01 15:10:00,INGN,6.784999847412109,6.784999847412109,6.784999847412109,6.78000020980835,6.784999847412109,503.0
2024-03-01 15:10:00,INMD,22.8799991607666,22.8799991607666,22.895000457763672,22.875,22.875,6504.0
2024-03-01 15:10:00,INO,9.496199607849121,9.496199607849121,9.531399726867676,9.496199607849121,9.520000457763672,4150.0
2024-03-01 15:10:00,INSM,27.959999084472656,27.959999084472656,28.0,27.959999084472656,28.0,2258.0
2024-03-01 15:10:00,INVA,15.359999656677246,15.359999656677246,15.359999656677246,15.359999656677246,15.359999656677246,1067.0
2024-03-01 15:10:00,INZY,6.559999942779541,6.559999942779541,6.559999942779541,6.559999942779541,6.559999942779541,508.0
2024-03-01 15:10:00,IONS,45.81999969482422,45.81999969482422,45.83000183105469,45.80970001220703,45.80970001220703,2989.0
2024-03-01 15:10:00,IOVA,16.96500015258789,16.96500015258789,16.989999771118164,16.959999084472656,16.989999771118164,12606.0
2024-03-01 15:10:00,IRWD,8.960000038146973,8.960000038146973,8.96500015258789,8.960000038146973,8.96500015258789,1409.0
2024-03-01 15:10:00,ISRG,397.3399963378906,397.3399963378906,397.3450012207031,397.21600341796875,397.3450012207031,5274.0
2024-03-01 15:10:00,ITCI,72.06999969482422,72.06999969482422,72.11000061035156,72.05000305175781,72.11000061035156,1623.0
2024-03-01 15:10:00,ITOS,11.239999771118164,11.239999771118164,11.239999771118164,11.239999771118164,11.239999771118164,418.0
2024-03-01 15:10:00,JAGX,0.08910000324249268,0.08910000324249268,0.09000000357627869,0.08869999647140503,0.08989900350570679,636263.0
2024-03-01 15:10:00,JANX,46.08000183105469,46.08000183105469,46.08000183105469,46.08000183105469,46.08000183105469,330.0
2024-03-01 15:10:00,JAZZ,119.24500274658203,119.24500274658203,119.24500274658203,119.24500274658203,119.24500274658203,345.0
2024-03-01 15:10:00,KIDS,27.799999237060547,27.799999237060547,27.799999237060547,27.780000686645508,27.780000686645508,481.0
2024-03-01 15:10:00,KNSA,21.889999389648438,21.889999389648438,21.905000686645508,21.889999389648438,21.905000686645508,1706.0
2024-03-01 15:10:00,KNTE,2.5999999046325684,2.5999999046325684,2.6050000190734863,2.5999999046325684,2.6050000190734863,2045.0
2024-03-01 15:10:00,KOD,6.010000228881836,6.010000228881836,6.019999980926514,6.010000228881836,6.019999980926514,533.0
2024-03-01 15:10:00,KPTI,1.184999942779541,1.184999942779541,1.184999942779541,1.180799961090088,1.180799961090088,1239.0
2024-03-01 15:10:00,KRON,1.0592000484466553,1.0592000484466553,1.0592000484466553,1.0499999523162842,1.0543999671936035,2555.0
2024-03-01 15:10:00,KROS,68.76000213623047,68.76000213623047,68.80000305175781,68.76000213623047,68.80000305175781,734.0
2024-03-01 15:10:00,KRTX,315.6700134277344,315.6700134277344,315.70001220703125,315.6700134277344,315.69500732421875,1535.0
2024-03-01 15:10:00,KRYS,169.02999877929688,169.02999877929688,169.02999877929688,169.02999877929688,169.02999877929688,394.0
2024-03-01 15:10:00,KTRA,0.10180000215768814,0.10180000215768814,0.10189999639987946,0.10180000215768814,0.10180000215768814,300.0
2024-03-01 15:10:00,KURA,21.8799991607666,21.8799991607666,21.8799991607666,21.8799991607666,21.8799991607666,192.0
2024-03-01 15:10:00,KYMR,43.709999084472656,43.709999084472656,43.709999084472656,43.709999084472656,43.709999084472656,233.0
2024-03-01 15:10:00,KZR,1.034999966621399,1.034999966621399,1.034999966621399,1.034999966621399,1.034999966621399,1241.0
2024-03-01 15:10:00,LAB,2.4649999141693115,2.4649999141693115,2.4700000286102295,2.4625000953674316,2.4700000286102295,1405.0
2024-03-01 15:10:00,LABP,6.389999866485596,6.389999866485596,6.389999866485596,6.389999866485596,6.389999866485596,180.0
2024-03-01 15:10:00,LBPH,21.420000076293945,21.420000076293945,21.489999771118164,21.420000076293945,21.420000076293945,500.0
2024-03-01 15:10:00,LEGN,65.4749984741211,65.4749984741211,65.4749984741211,65.4749984741211,65.4749984741211,100.0
2024-03-01 15:10:00,LFMD,7.989999771118164,7.989999771118164,8.010000228881836,7.989999771118164,8.010000228881836,449.0
2024-03-01 15:10:00,LFST,7.71999979019165,7.71999979019165,7.744999885559082,7.71999979019165,7.744999885559082,5142.0
2024-03-01 15:10:00,LIVN,55.54999923706055,55.54999923706055,55.560001373291016,55.54999923706055,55.560001373291016,816.0
2024-03-01 15:10:00,LMAT,67.58000183105469,67.58000183105469,67.58000183105469,67.58000183105469,67.58000183105469,579.0
2024-03-01 15:10:00,LNTH,64.38999938964844,64.38999938964844,64.41500091552734,64.38999938964844,64.41500091552734,1171.0
2024-03-01 15:10:00,LPTX,2.859999895095825,2.859999895095825,2.859999895095825,2.859999895095825,2.859999895095825,400.0
2024-03-01 15:10:00,LRMR,11.300000190734863,11.300000190734863,11.300000190734863,11.239999771118164,11.239999771118164,572.0
2024-03-01 15:10:00,LTRN,4.139999866485596,4.139999866485596,4.139999866485596,4.139999866485596,4.139999866485596,518.0
2024-03-01 15:10:00,LUNG,9.40999984741211,9.40999984741211,9.420000076293945,9.40999984741211,9.420000076293945,1058.0
2024-03-01 15:10:00,LVTX,2.6470000743865967,2.6470000743865967,2.680000066757202,2.6470000743865967,2.680000066757202,721.0
2024-03-01 15:10:00,LXRX,2.490000009536743,2.490000009536743,2.490000009536743,2.484999895095825,2.490000009536743,6554.0
2024-03-01 15:10:00,LYEL,3.115000009536743,3.115000009536743,3.134999990463257,3.109999895095825,3.130000114440918,12898.0
2024-03-01 15:10:00,LYRA,5.659999847412109,5.659999847412109,5.659999847412109,5.659999847412109,5.659999847412109,300.0
2024-03-01 15:10:00,MACK,14.710000038146973,14.710000038146973,14.710000038146973,14.699999809265137,14.699999809265137,233.0
2024-03-01 15:10:00,MASI,127.63999938964844,127.63999938964844,127.63999938964844,127.63999938964844,127.63999938964844,295.0
2024-03-01 15:10:00,MASS,7.320000171661377,7.320000171661377,7.329999923706055,7.320000171661377,7.329999923706055,639.0
2024-03-01 15:10:00,MCRB,1.225000023841858,1.225000023841858,1.225000023841858,1.2200000286102295,1.225000023841858,1500.0
2024-03-01 15:10:00,MDRX,6.070000171661377,6.070000171661377,6.070000171661377,6.03000020980835,6.054999828338623,19134.0
2024-03-01 15:10:00,MDXG,8.585000038146973,8.585000038146973,8.595000267028809,8.585000038146973,8.595000267028809,6005.0
2024-03-01 15:10:00,ME,0.5521000027656555,0.5521000027656555,0.5522000193595886,0.5521000027656555,0.5521500110626221,3536.0
2024-03-01 15:10:00,MEDP,402.260009765625,402.260009765625,402.260009765625,401.6700134277344,401.6700134277344,688.0
2024-03-01 15:10:00,MEIP,4.269999980926514,4.269999980926514,4.269999980926514,4.269999980926514,4.269999980926514,500.0
2024-03-01 15:10:00,MGNX,18.829999923706055,18.829999923706055,18.950000762939453,18.829999923706055,18.950000762939453,4568.0
2024-03-01 15:10:00,MGTX,6.409999847412109,6.409999847412109,6.409999847412109,6.409999847412109,6.409999847412109,307.0
2024-03-01 15:10:00,MHUA,0.699999988079071,0.699999988079071,0.699999988079071,0.699999988079071,0.699999988079071,31503.0
2024-03-01 15:10:00,MIRM,29.219999313354492,29.219999313354492,29.219999313354492,29.219999313354492,29.219999313354492,125.0
2024-03-01 15:10:00,MIST,1.6799999475479126,1.6799999475479126,1.6799999475479126,1.6799999475479126,1.6799999475479126,123.0
2024-03-01 15:10:00,MLTX,50.34000015258789,50.34000015258789,50.470001220703125,50.29999923706055,50.470001220703125,2428.0
2024-03-01 15:10:00,MNKD,4.539999961853027,4.539999961853027,4.539999961853027,4.534999847412109,4.534999847412109,3903.0
2024-03-01 15:10:00,MNMD,6.129899978637695,6.129899978637695,6.129899978637695,6.114999771118164,6.119999885559082,3467.0
2024-03-01 15:10:00,MNPR,0.9399999976158142,0.9399999976158142,0.9498999714851379,0.9399999976158142,0.9498999714851379,1000.0
2024-03-01 15:10:00,MODD,1.8700000047683716,1.8700000047683716,1.8700000047683716,1.8700000047683716,1.8700000047683716,200.0
2024-03-01 15:10:00,MODV,28.440000534057617,28.440000534057617,28.440000534057617,28.395000457763672,28.395000457763672,1326.0
2024-03-01 15:10:00,MOR,17.68000030517578,17.68000030517578,17.68000030517578,17.670000076293945,17.670000076293945,1734.0
2024-03-01 15:10:00,MORF,39.540000915527344,39.540000915527344,39.59000015258789,39.540000915527344,39.59000015258789,846.0
2024-03-01 15:10:00,MRAI,1.6100000143051147,1.6100000143051147,1.6100000143051147,1.6100000143051147,1.6100000143051147,473.0
2024-03-01 15:10:00,MREO,3.940000057220459,3.940000057220459,3.944999933242798,3.930000066757202,3.94350004196167,18101.0
2024-03-01 15:10:00,MRNA,95.43000030517578,95.43000030517578,95.5198974609375,95.4000015258789,95.45999908447266,3917.0
2024-03-01 15:10:00,MRNS,9.979999542236328,9.979999542236328,9.979999542236328,9.979999542236328,9.979999542236328,545.0
2024-03-01 15:10:00,MRSN,5.985000133514404,5.985000133514404,5.989999771118164,5.981900215148926,5.981900215148926,3635.0
2024-03-01 15:10:00,MRUS,51.314998626708984,51.314998626708984,51.314998626708984,51.314998626708984,51.314998626708984,316.0
2024-03-01 15:10:00,MRVI,7.675000190734863,7.675000190734863,7.684999942779541,7.675000190734863,7.684000015258789,3050.0
2024-03-01 15:10:00,MXCT,4.735000133514404,4.735000133514404,4.735000133514404,4.735000133514404,4.735000133514404,202.0
2024-03-01 15:10:00,MYGN,22.09000015258789,22.09000015258789,22.104999542236328,22.09000015258789,22.100000381469727,2291.0
2024-03-01 15:10:00,MYMD,3.369999885559082,3.369999885559082,3.369999885559082,3.369999885559082,3.369999885559082,115.0
2024-03-01 15:10:00,MYNZ,0.8848999738693237,0.8848999738693237,0.8848999738693237,0.8848999738693237,0.8848999738693237,216.0
2024-03-01 15:10:00,NARI,46.040000915527344,46.040000915527344,46.040000915527344,46.040000915527344,46.040000915527344,913.0
2024-03-01 15:10:00,NBIX,131.80540466308594,131.80540466308594,131.89999389648438,131.78500366210938,131.89999389648438,2075.0
2024-03-01 15:10:00,NEO,15.949999809265137,15.949999809265137,15.960000038146973,15.949999809265137,15.960000038146973,898.0
2024-03-01 15:10:00,NEOG,17.300100326538086,17.300100326538086,17.30500030517578,17.300100326538086,17.30500030517578,630.0
2024-03-01 15:10:00,NGM,1.5199999809265137,1.5199999809265137,1.5199999809265137,1.5199999809265137,1.5199999809265137,971.0
2024-03-01 15:10:00,NKTR,0.7700999975204468,0.7700999975204468,0.7700999975204468,0.7700999975204468,0.7700999975204468,409.0
2024-03-01 15:10:00,NKTX,12.6899995803833,12.6899995803833,12.6899995803833,12.6899995803833,12.6899995803833,203.0
2024-03-01 15:10:00,NLSP,0.3799999952316284,0.3799999952316284,0.3799999952316284,0.3779999911785126,0.3779999911785126,674.0
2024-03-01 15:10:00,NNOX,10.819999694824219,10.819999694824219,10.835000038146973,10.819999694824219,10.835000038146973,1977.0
2024-03-01 15:10:00,NOTV,7.929999828338623,7.929999828338623,7.929999828338623,7.920000076293945,7.929999828338623,1883.0
2024-03-01 15:10:00,NPCE,15.979999542236328,15.979999542236328,15.989999771118164,15.970000267028809,15.989999771118164,1227.0
2024-03-01 15:10:00,NRC,40.5099983215332,40.5099983215332,40.5099983215332,40.5099983215332,40.5099983215332,1152.0
2024-03-01 15:10:00,NRIX,13.4399995803833,13.4399995803833,13.4399995803833,13.4399995803833,13.4399995803833,138.0
2024-03-01 15:10:00,NRSN,1.9800000190734863,1.9800000190734863,1.9800000190734863,1.9800000190734863,1.9800000190734863,100.0
2024-03-01 15:10:00,NRXP,0.4309999942779541,0.4309999942779541,0.4438000023365021,0.4309999942779541,0.4438000023365021,3748.0
2024-03-01 15:10:00,NTLA,33.209999084472656,33.209999084472656,33.22999954223633,33.20000076293945,33.22999954223633,2863.0
2024-03-01 15:10:00,NTRA,89.29000091552734,89.29000091552734,89.33999633789062,89.27999877929688,89.29000091552734,4877.0
2024-03-01 15:10:00,NURO,4.009699821472168,4.009699821472168,4.009699821472168,4.009699821472168,4.009699821472168,1012.0
2024-03-01 15:10:00,NUTX,0.11389999836683273,0.11389999836683273,0.11400000005960464,0.11389999836683273,0.11400000005960464,1838.0
2024-03-01 15:10:00,NUVL,87.34500122070312,87.34500122070312,87.34500122070312,87.30999755859375,87.33000183105469,576.0
2024-03-01 15:10:00,NVAX,5.349999904632568,5.349999904632568,5.367499828338623,5.349999904632568,5.364999771118164,31432.0
2024-03-01 15:10:00,NVCR,16.010000228881836,16.010000228881836,16.045000076293945,16.010000228881836,16.045000076293945,2699.0
2024-03-01 15:10:00,NVCT,10.649999618530273,10.649999618530273,10.649999618530273,10.649999618530273,10.649999618530273,111.0
2024-03-01 15:10:00,NXTC,1.7599999904632568,1.7599999904632568,1.7599999904632568,1.7599999904632568,1.7599999904632568,200.0
2024-03-01 15:10:00,OCUL,10.630000114440918,10.630000114440918,10.645000457763672,10.630000114440918,10.645000457763672,1407.0
2024-03-01 15:10:00,OFIX,12.869999885559082,12.869999885559082,12.869999885559082,12.869999885559082,12.869999885559082,580.0
2024-03-01 15:10:00,OGI,2.1500000953674316,2.1500000953674316,2.157599925994873,2.1500000953674316,2.157599925994873,768.0
2024-03-01 15:10:00,OLMA,14.612600326538086,14.612600326538086,14.612600326538086,14.612600326538086,14.612600326538086,245.0
2024-03-01 15:10:00,OM,3.1500000953674316,3.1500000953674316,3.1500000953674316,3.1500000953674316,3.1500000953674316,239.0
2024-03-01 15:10:00,OMCL,26.450000762939453,26.450000762939453,26.510000228881836,26.450000762939453,26.510000228881836,1617.0
2024-03-01 15:10:00,OMER,4.775000095367432,4.775000095367432,4.78000020980835,4.769999980926514,4.769999980926514,1676.0
2024-03-01 15:10:00,OMGA,4.41540002822876,4.41540002822876,4.41540002822876,4.41540002822876,4.41540002822876,401.0
2024-03-01 15:10:00,ONCY,1.1258000135421753,1.1258000135421753,1.1399999856948853,1.1200000047683716,1.1399999856948853,29986.0
2024-03-01 15:10:00,ONTX,0.8118000030517578,0.8118000030517578,0.8256999850273132,0.8118000030517578,0.8256999850273132,200.0
2024-03-01 15:11:00,AADI,1.940000057220459,1.940000057220459,1.940000057220459,1.940000057220459,1.940000057220459,250.0
2024-03-01 15:11:00,ABCL,5.059999942779541,5.059999942779541,5.069900035858154,5.054999828338623,5.069900035858154,5701.0
2024-03-01 15:11:00,ABOS,4.59499979019165,4.59499979019165,4.614999771118164,4.59499979019165,4.612500190734863,7097.0
2024-03-01 15:11:00,ABSI,5.489999771118164,5.489999771118164,5.535200119018555,5.489999771118164,5.534999847412109,17871.0
2024-03-01 15:11:00,ABUS,2.765000104904175,2.765000104904175,2.7750000953674316,2.759999990463257,2.7750000953674316,12259.0
2024-03-01 15:11:00,ACAD,24.06999969482422,24.06999969482422,24.06999969482422,24.06999969482422,24.06999969482422,618.0
2024-03-01 15:11:00,ACB,3.180000066757202,3.180000066757202,3.180000066757202,3.180000066757202,3.180000066757202,127.0
2024-03-01 15:11:00,ACCD,10.0649995803833,10.0649995803833,10.079999923706055,10.0600004196167,10.079999923706055,2130.0
2024-03-01 15:11:00,ACET,2.384999990463257,2.384999990463257,2.384999990463257,2.380000114440918,2.380000114440918,904.0
2024-03-01 15:11:00,ACHC,84.1500015258789,84.1500015258789,84.1500015258789,84.1449966430664,84.1449966430664,269.0
2024-03-01 15:11:00,ACHV,4.420000076293945,4.420000076293945,4.420000076293945,4.420000076293945,4.420000076293945,109.0
2024-03-01 15:11:00,ACLX,67.57250213623047,67.57250213623047,67.58000183105469,67.44000244140625,67.58000183105469,975.0
2024-03-01 15:11:00,ACON,0.3950999975204468,0.3950999975204468,0.4000000059604645,0.3950999975204468,0.4000000059604645,1749.0
2024-03-01 15:11:00,ACRS,1.225000023841858,1.225000023841858,1.2300000190734863,1.2200000286102295,1.225000023841858,2671.0
2024-03-01 15:11:00,ADIL,3.0000998973846436,3.0000998973846436,3.0299999713897705,2.9600000381469727,2.990000009536743,75783.0
2024-03-01 15:11:00,ADMA,5.514999866485596,5.514999866485596,5.519999980926514,5.510000228881836,5.519999980926514,8697.0
2024-03-01 15:11:00,ADPT,4.050000190734863,4.050000190734863,4.050000190734863,4.050000190734863,4.050000190734863,323.0
2024-03-01 15:11:00,ADUS,93.7699966430664,93.7699966430664,93.88500213623047,93.7699966430664,93.88500213623047,1576.0
2024-03-01 15:11:00,ADVM,1.9700000286102295,1.9700000286102295,1.9700000286102295,1.9600000381469727,1.9700000286102295,1973.0
2024-03-01 15:11:00,AFMD,0.675000011920929,0.675000011920929,0.675000011920929,0.675000011920929,0.675000011920929,107.0
2024-03-01 15:11:00,AGEN,0.6700000166893005,0.6700000166893005,0.670074999332428,0.6700000166893005,0.670074999332428,4460.0
2024-03-01 15:11:00,AGIO,32.21500015258789,32.21500015258789,32.220001220703125,32.20000076293945,32.21500015258789,1560.0
2024-03-01 15:11:00,AHCO,10.46500015258789,10.46500015258789,10.479999542236328,10.46500015258789,10.479999542236328,2605.0
2024-03-01 15:11:00,AIMD,0.9589999914169312,0.9589999914169312,0.9589999914169312,0.9589999914169312,0.9589999914169312,105.0
2024-03-01 15:11:00,AKAN,0.21069900691509247,0.21069900691509247,0.21289999783039093,0.2084999978542328,0.21199999749660492,2585.0
2024-03-01 15:11:00,AKBA,1.684999942779541,1.684999942779541,1.690000057220459,1.684999942779541,1.690000057220459,2700.0
2024-03-01 15:11:00,AKRO,28.5,28.5,28.639999389648438,28.454999923706055,28.639999389648438,3022.0
2024-03-01 15:11:00,ALDX,4.215000152587891,4.215000152587891,4.215000152587891,4.215000152587891,4.215000152587891,141.0
2024-03-01 15:11:00,ALEC,7.375,7.375,7.380499839782715,7.375,7.380499839782715,5026.0
2024-03-01 15:11:00,ALGN,302.07000732421875,302.07000732421875,302.07000732421875,302.07000732421875,302.07000732421875,106.0
2024-03-01 15:11:00,ALGS,1.0499999523162842,1.0499999523162842,1.0499999523162842,1.0499999523162842,1.0499999523162842,1100.0
2024-03-01 15:11:00,ALHC,5.570000171661377,5.570000171661377,5.579999923706055,5.570000171661377,5.579999923706055,1439.0
2024-03-01 15:11:00,ALKS,30.149999618530273,30.149999618530273,30.155000686645508,30.139999389648438,30.149999618530273,4480.0
2024-03-01 15:11:00,ALLK,1.6449999809265137,1.6449999809265137,1.6449999809265137,1.6449999809265137,1.6449999809265137,939.0
2024-03-01 15:11:00,ALLO,4.940000057220459,4.940000057220459,4.945000171661377,4.940000057220459,4.945000171661377,648.0
2024-03-01 15:11:00,ALPN,35.79499816894531,35.79499816894531,35.810001373291016,35.779998779296875,35.810001373291016,2708.0
2024-03-01 15:11:00,ALRN,5.038000106811523,5.038000106811523,5.038000106811523,5.038000106811523,5.038000106811523,646.0
2024-03-01 15:11:00,ALT,12.020000457763672,12.020000457763672,12.03499984741211,12.020000457763672,12.020000457763672,11164.0
2024-03-01 15:11:00,ALXO,14.949999809265137,14.949999809265137,14.949999809265137,14.949999809265137,14.949999809265137,759.0
2024-03-01 15:11:00,AMED,93.2300033569336,93.2300033569336,93.2300033569336,93.2300033569336,93.2300033569336,426.0
2024-03-01 15:11:00,AMGN,280.260009765625,280.260009765625,280.260009765625,280.2565002441406,280.260009765625,719.0
2024-03-01 15:11:00,AMLX,18.770000457763672,18.770000457763672,18.780000686645508,18.7549991607666,18.764999389648438,4728.0
2024-03-01 15:11:00,AMPH,45.900001525878906,45.900001525878906,45.939998626708984,45.900001525878906,45.939998626708984,1053.0
2024-03-01 15:11:00,AMRN,1.0549999475479126,1.0549999475479126,1.0549999475479126,1.0499999523162842,1.0549999475479126,1800.0
2024-03-01 15:11:00,ANAB,25.329999923706055,25.329999923706055,25.329999923706055,25.280000686645508,25.329999923706055,389.0
2024-03-01 15:11:00,ANGO,5.46999979019165,5.46999979019165,5.46999979019165,5.46999979019165,5.46999979019165,1877.0
2024-03-01 15:11:00,ANIP,66.73500061035156,66.73500061035156,66.79000091552734,66.69999694824219,66.79000091552734,1114.0
2024-03-01 15:11:00,ANTX,2.9899001121520996,2.9899001121520996,2.9899001121520996,2.9863998889923096,2.9863998889923096,500.0
2024-03-01 15:11:00,APLS,64.33499908447266,64.33499908447266,64.33499908447266,64.22000122070312,64.22000122070312,4152.0
2024-03-01 15:11:00,APLT,7.039999961853027,7.039999961853027,7.059999942779541,7.039999961853027,7.050000190734863,1024.0
2024-03-01 15:11:00,APVO,0.1599999964237213,0.1599999964237213,0.1599999964237213,0.1599999964237213,0.1599999964237213,281.0
2024-03-01 15:11:00,AQST,4.065000057220459,4.065000057220459,4.074999809265137,4.0605998039245605,4.070000171661377,4043.0
2024-03-01 15:11:00,ARDX,9.4350004196167,9.4350004196167,9.4350004196167,9.430000305175781,9.430000305175781,1270.0
2024-03-01 15:11:00,ARGX,392.1365051269531,392.1365051269531,392.1365051269531,392.1365051269531,392.1365051269531,258.0
2024-03-01 15:11:00,ARQT,11.470000267028809,11.470000267028809,11.470000267028809,11.4399995803833,11.460000038146973,11596.0
2024-03-01 15:11:00,ARVN,47.81999969482422,47.81999969482422,47.86000061035156,47.81999969482422,47.849998474121094,1314.0
2024-03-01 15:11:00,ARWR,35.59600067138672,35.59600067138672,35.61000061035156,35.58000183105469,35.599998474121094,3879.0
2024-03-01 15:11:00,ASND,153.55999755859375,153.55999755859375,153.69000244140625,153.47000122070312,153.69000244140625,1599.0
2024-03-01 15:11:00,ATAI,2.130000114440918,2.130000114440918,2.130000114440918,2.130000114440918,2.130000114440918,350.0
2024-03-01 15:11:00,ATEC,13.454999923706055,13.454999923706055,13.454999923706055,13.449999809265137,13.449999809265137,2064.0
2024-03-01 15:11:00,ATHA,3.98009991645813,3.98009991645813,3.98009991645813,3.98009991645813,3.98009991645813,522.0
2024-03-01 15:11:00,ATRC,36.04999923706055,36.04999923706055,36.04999923706055,36.040000915527344,36.040000915527344,1101.0
2024-03-01 15:11:00,ATXI,0.15399999916553497,0.15399999916553497,0.15399999916553497,0.15399999916553497,0.15399999916553497,205.0
2024-03-01 15:11:00,ATXS,14.899999618530273,14.899999618530273,14.899999618530273,14.859999656677246,14.869999885559082,4659.0
2024-03-01 15:11:00,AUPH,5.775000095367432,5.775000095367432,5.775000095367432,5.769999980926514,5.769999980926514,336.0
2024-03-01 15:11:00,AURA,9.220000267028809,9.220000267028809,9.220000267028809,9.220000267028809,9.220000267028809,217.0
2024-03-01 15:11:00,AUTL,6.21999979019165,6.21999979019165,6.21999979019165,6.195000171661377,6.203800201416016,15999.0
2024-03-01 15:11:00,AVDL,13.359999656677246,13.359999656677246,13.359999656677246,13.34000015258789,13.345000267028809,9465.0
2024-03-01 15:11:00,AVGR,3.7816998958587646,3.7816998958587646,3.7816998958587646,3.7816998958587646,3.7816998958587646,250.0
2024-03-01 15:11:00,AVXL,5.304999828338623,5.304999828338623,5.309999942779541,5.300000190734863,5.309999942779541,5584.0
2024-03-01 15:11:00,AXNX,67.73500061035156,67.73500061035156,67.73999786376953,67.73500061035156,67.73999786376953,546.0
2024-03-01 15:11:00,AXSM,82.4198989868164,82.4198989868164,82.4198989868164,82.4000015258789,82.4000015258789,252.0
2024-03-01 15:11:00,AZN,64.64209747314453,64.64209747314453,64.6500015258789,64.64209747314453,64.64749908447266,2229.0
2024-03-01 15:11:00,BBIO,35.685001373291016,35.685001373291016,35.720001220703125,35.66999816894531,35.720001220703125,1636.0
2024-03-01 15:11:00,BBLG,2.505000114440918,2.505000114440918,2.505000114440918,2.505000114440918,2.505000114440918,423.0
2024-03-01 15:11:00,BCAB,2.825000047683716,2.825000047683716,2.8299999237060547,2.819999933242798,2.825000047683716,1273.0
2024-03-01 15:11:00,BCDA,0.574999988079071,0.574999988079071,0.5799999833106995,0.574999988079071,0.574999988079071,4649.0
2024-03-01 15:11:00,BCRX,5.65500020980835,5.65500020980835,5.659999847412109,5.65500020980835,5.659999847412109,5673.0
2024-03-01 15:11:00,BCYC,25.770000457763672,25.770000457763672,25.770000457763672,25.770000457763672,25.770000457763672,262.0
2024-03-01 15:11:00,BDTX,4.724999904632568,4.724999904632568,4.730000019073486,4.724999904632568,4.730000019073486,1715.0
2024-03-01 15:11:00,BEAM,39.71500015258789,39.71500015258789,39.77000045776367,39.689998626708984,39.77000045776367,2091.0
2024-03-01 15:11:00,BIIB,220.94000244140625,220.94000244140625,220.94000244140625,220.85000610351562,220.85000610351562,382.0
2024-03-01 15:11:00,BIOL,0.14489999413490295,0.14489999413490295,0.14499999582767487,0.14489999413490295,0.14489999413490295,2026.0
2024-03-01 15:11:00,BIOR,1.1299999952316284,1.1299999952316284,1.1299999952316284,1.1299999952316284,1.1299999952316284,300.0
2024-03-01 15:11:00,BIVI,2.01990008354187,2.01990008354187,2.0199999809265137,1.9700000286102295,1.9800000190734863,31673.0
2024-03-01 15:11:00,BLFS,17.770000457763672,17.770000457763672,17.809999465942383,17.770000457763672,17.780000686645508,3515.0
2024-03-01 15:11:00,BLUE,1.5750000476837158,1.5750000476837158,1.5750000476837158,1.5700000524520874,1.5700000524520874,14513.0
2024-03-01 15:11:00,BMEA,17.93000030517578,17.93000030517578,17.979999542236328,17.92729949951172,17.979999542236328,1340.0
2024-03-01 15:11:00,BMRN,87.73999786376953,87.73999786376953,87.73999786376953,87.63999938964844,87.66000366210938,5060.0
2024-03-01 15:11:00,BNR,0.8189499974250793,0.8189499974250793,0.8189499974250793,0.8189499974250793,0.8189499974250793,101.0
2024-03-01 15:11:00,BNTX,90.82499694824219,90.82499694824219,90.82499694824219,90.76000213623047,90.76000213623047,1102.0
2024-03-01 15:11:00,BPMC,95.97000122070312,95.97000122070312,95.97000122070312,95.97000122070312,95.97000122070312,220.0
2024-03-01 15:11:00,BRKR,88.76499938964844,88.76499938964844,88.7699966430664,88.69000244140625,88.69000244140625,7696.0
2024-03-01 15:11:00,BTAI,3.2300000190734863,3.2300000190734863,3.2300000190734863,3.2300000190734863,3.2300000190734863,713.0
2024-03-01 15:11:00,BTTX,0.1817999929189682,0.1817999929189682,0.18279999494552612,0.1817999929189682,0.1817999929189682,1300.0
2024-03-01 15:11:00,BWAY,6.53000020980835,6.53000020980835,6.53000020980835,6.53000020980835,6.53000020980835,100.0
2024-03-01 15:11:00,CABA,23.985000610351562,23.985000610351562,23.985000610351562,23.985000610351562,23.985000610351562,281.0
2024-03-01 15:11:00,CAPR,4.550000190734863,4.550000190734863,4.550000190734863,4.550000190734863,4.550000190734863,367.0
2024-03-01 15:11:00,CARA,0.9205999970436096,0.9205999970436096,0.9205999970436096,0.9205999970436096,0.9205999970436096,124.0
2024-03-01 15:11:00,CASI,5.603099822998047,5.603099822998047,5.603099822998047,5.603099822998047,5.603099822998047,612.0
2024-03-01 15:11:00,CBAY,32.224998474121094,32.224998474121094,32.22999954223633,32.220001220703125,32.224998474121094,4845.0
2024-03-01 15:11:00,CCCC,10.949999809265137,10.949999809265137,10.960000038146973,10.930000305175781,10.960000038146973,6441.0
2024-03-01 15:11:00,CCRN,18.290000915527344,18.290000915527344,18.290000915527344,18.290000915527344,18.290000915527344,720.0
2024-03-01 15:11:00,CDMO,8.210000038146973,8.210000038146973,8.210000038146973,8.210000038146973,8.210000038146973,853.0
2024-03-01 15:11:00,CDNA,12.479999542236328,12.479999542236328,12.5,12.479999542236328,12.489999771118164,5654.0
2024-03-01 15:11:00,CDXS,4.650000095367432,4.650000095367432,4.650000095367432,4.639999866485596,4.644999980926514,1401.0
2024-03-01 15:11:00,CELC,16.989999771118164,16.989999771118164,17.049999237060547,16.989999771118164,17.049999237060547,600.0
2024-03-01 15:11:00,CELU,3.7100000381469727,3.7100000381469727,3.7100000381469727,3.7100000381469727,3.7100000381469727,561.0
2024-03-01 15:11:00,CERE,41.099998474121094,41.099998474121094,41.099998474121094,41.095001220703125,41.099998474121094,1223.0
2024-03-01 15:11:00,CERS,2.1700000762939453,2.1700000762939453,2.180000066757202,2.1700000762939453,2.180000066757202,6207.0
2024-03-01 15:11:00,CERT,18.209999084472656,18.209999084472656,18.209999084472656,18.209999084472656,18.209999084472656,539.0
2024-03-01 15:11:00,CGC,3.180000066757202,3.180000066757202,3.184999942779541,3.180000066757202,3.184999942779541,476.0
2024-03-01 15:11:00,CGEM,18.719999313354492,18.719999313354492,18.780000686645508,18.719999313354492,18.75,2030.0
2024-03-01 15:11:00,CHRS,2.4049999713897705,2.4049999713897705,2.4049999713897705,2.4000000953674316,2.4000000953674316,820.0
2024-03-01 15:11:00,CING,1.340000033378601,1.340000033378601,1.340000033378601,1.340000033378601,1.340000033378601,110.0
2024-03-01 15:11:00,CKPT,2.180000066757202,2.180000066757202,2.180000066757202,2.180000066757202,2.180000066757202,207.0
2024-03-01 15:11:00,CLDX,52.459999084472656,52.459999084472656,52.47999954223633,52.43000030517578,52.43000030517578,1896.0
2024-03-01 15:11:00,CLNN,0.3779999911785126,0.3779999911785126,0.3779999911785126,0.3779999911785126,0.3779999911785126,201.0
2024-03-01 15:11:00,CLOV,0.8629999756813049,0.8629999756813049,0.863099992275238,0.8629999756813049,0.863099992275238,12965.0
2024-03-01 15:11:00,CLRB,4.090000152587891,4.090000152587891,4.090000152587891,4.090000152587891,4.090000152587891,378.0
2024-03-01 15:11:00,CMPS,11.539999961853027,11.539999961853027,11.609999656677246,11.524999618530273,11.609999656677246,5374.0
2024-03-01 15:11:00,COGT,7.199999809265137,7.199999809265137,7.199999809265137,7.184999942779541,7.190000057220459,2812.0
2024-03-01 15:11:00,CORT,24.225000381469727,24.225000381469727,24.225000381469727,24.219999313354492,24.225000381469727,1101.0
2024-03-01 15:11:00,CPRX,17.165000915527344,17.165000915527344,17.18000030517578,17.15999984741211,17.18000030517578,2358.0
2024-03-01 15:11:00,CPSI,9.350000381469727,9.350000381469727,9.350000381469727,9.350000381469727,9.350000381469727,178.0
2024-03-01 15:11:00,CRBP,33.54499816894531,33.54499816894531,33.56999969482422,32.91999816894531,32.91999816894531,7255.0
2024-03-01 15:11:00,CRBU,7.835000038146973,7.835000038146973,7.835000038146973,7.835000038146973,7.835000038146973,304.0
2024-03-01 15:11:00,CRDF,2.6549999713897705,2.6549999713897705,2.6700000762939453,2.6500000953674316,2.6549999713897705,16883.0
2024-03-01 15:11:00,CRMD,3.6500000953674316,3.6500000953674316,3.6526999473571777,3.6500000953674316,3.6500000953674316,727.0
2024-03-01 15:11:00,CRNX,45.91999816894531,45.91999816894531,45.93000030517578,45.900001525878906,45.93000030517578,903.0
2024-03-01 15:11:00,CRON,2.0202999114990234,2.0202999114990234,2.0283000469207764,2.0202999114990234,2.0250000953674316,4371.0
2024-03-01 15:11:00,CRSP,84.52999877929688,84.52999877929688,84.54060363769531,84.43000030517578,84.51000213623047,5282.0
2024-03-01 15:11:00,CSTL,19.889999389648438,19.889999389648438,19.889999389648438,19.84000015258789,19.850000381469727,1539.0
2024-03-01 15:11:00,CTKB,9.010000228881836,9.010000228881836,9.015000343322754,9.010000228881836,9.010000228881836,2687.0
2024-03-01 15:11:00,CTMX,2.5350000858306885,2.5350000858306885,2.5399999618530273,2.5299999713897705,2.5350000858306885,1164.0
2024-03-01 15:11:00,CUTR,2.3991000652313232,2.3991000652313232,2.3991000652313232,2.390000104904175,2.390000104904175,316.0
2024-03-01 15:11:00,CVAC,3.440000057220459,3.440000057220459,3.440000057220459,3.434999942779541,3.440000057220459,4710.0
2024-03-01 15:11:00,CVRX,20.5,20.5,20.5,20.5,20.5,240.0
2024-03-01 15:11:00,CYTO,2.380000114440918,2.380000114440918,2.380000114440918,2.3299999237060547,2.3399999141693115,10560.0
2024-03-01 15:11:00,DAWN,17.600000381469727,17.600000381469727,17.600000381469727,17.600000381469727,17.600000381469727,300.0
2024-03-01 15:11:00,DCGO,4.059999942779541,4.059999942779541,4.070000171661377,4.050000190734863,4.059999942779541,13793.0
2024-03-01 15:11:00,DCPH,17.469999313354492,17.469999313354492,17.469999313354492,17.415000915527344,17.415000915527344,2862.0
2024-03-01 15:11:00,DH,8.800000190734863,8.800000190734863,8.800000190734863,8.789999961853027,8.800000190734863,1003.0
2024-03-01 15:11:00,DMTK,0.8449490070343018,0.8449490070343018,0.8498989939689636,0.8449490070343018,0.8498989939689636,1667.0
2024-03-01 15:11:00,DNLI,21.020000457763672,21.020000457763672,21.020000457763672,21.0,21.020000457763672,1698.0
2024-03-01 15:11:00,DSGN,2.875,2.875,2.875,2.875,2.875,368.0
2024-03-01 15:11:00,DVAX,12.795000076293945,12.795000076293945,12.8100004196167,12.795000076293945,12.807499885559082,5179.0
2024-03-01 15:11:00,DXCM,121.23999786376953,121.23999786376953,121.26000213623047,121.1500015258789,121.1500015258789,4607.0
2024-03-01 15:11:00,DYN,29.010000228881836,29.010000228881836,29.022199630737305,29.0,29.022199630737305,2863.0
2024-03-01 15:11:00,EDIT,10.795000076293945,10.795000076293945,10.805000305175781,10.789999961853027,10.805000305175781,2215.0
2024-03-01 15:11:00,EGRX,6.519999980926514,6.519999980926514,6.519999980926514,6.519999980926514,6.519999980926514,100.0
2024-03-01 15:11:00,ELEV,5.130000114440918,5.130000114440918,5.135000228881836,5.119999885559082,5.125,2335.0
2024-03-01 15:11:00,ENSG,121.01000213623047,121.01000213623047,121.01000213623047,121.01000213623047,121.01000213623047,785.0
2024-03-01 15:11:00,ENVB,1.5299999713897705,1.5299999713897705,1.5299999713897705,1.5199999809265137,1.5299999713897705,1617.0
2024-03-01 15:11:00,EOLS,14.800000190734863,14.800000190734863,14.8100004196167,14.800000190734863,14.800000190734863,2176.0
2024-03-01 15:11:00,EPIX,9.524999618530273,9.524999618530273,9.524999618530273,9.524999618530273,9.524999618530273,100.0
2024-03-01 15:11:00,ERAS,2.494999885559082,2.494999885559082,2.494999885559082,2.494999885559082,2.494999885559082,1886.0
2024-03-01 15:11:00,ESPR,2.5450000762939453,2.5450000762939453,2.549499988555908,2.5399999618530273,2.5399999618530273,14319.0
2024-03-01 15:11:00,ESTA,44.75,44.75,44.90999984741211,44.75,44.90999984741211,2664.0
2024-03-01 15:11:00,ETNB,12.710000038146973,12.710000038146973,12.720000267028809,12.680000305175781,12.680000305175781,3406.0
2024-03-01 15:11:00,EVGN,0.979898989200592,0.979898989200592,0.979898989200592,0.979898989200592,0.979898989200592,2060.0
2024-03-01 15:11:00,EWTX,16.829500198364258,16.829500198364258,16.829999923706055,16.829500198364258,16.829999923706055,594.0
2024-03-01 15:11:00,EXAI,6.590000152587891,6.590000152587891,6.599999904632568,6.590000152587891,6.599999904632568,2541.0
2024-03-01 15:11:00,EXAS,59.59000015258789,59.59000015258789,59.61000061035156,59.59000015258789,59.599998474121094,1122.0
2024-03-01 15:11:00,EXEL,22.295000076293945,22.295000076293945,22.295000076293945,22.274999618530273,22.274999618530273,5759.0
2024-03-01 15:11:00,EYEN,2.3499999046325684,2.3499999046325684,2.3499999046325684,2.3350000381469727,2.3399999141693115,7841.0
2024-03-01 15:11:00,EYPT,27.940000534057617,27.940000534057617,27.959999084472656,27.940000534057617,27.9552001953125,1304.0
2024-03-01 15:11:00,FATE,7.686600208282471,7.686600208282471,7.695000171661377,7.680099964141846,7.684999942779541,5554.0
2024-03-01 15:11:00,FBIO,2.360100030899048,2.360100030899048,2.360100030899048,2.360100030899048,2.360100030899048,507.0
2024-03-01 15:11:00,FDMT,29.329999923706055,29.329999923706055,29.334999084472656,29.329999923706055,29.334999084472656,446.0
2024-03-01 15:11:00,FGEN,1.8250000476837158,1.8250000476837158,1.8250000476837158,1.8193000555038452,1.8200000524520874,9716.0
2024-03-01 15:11:00,FOLD,13.279999732971191,13.279999732971191,13.279999732971191,13.274999618530273,13.274999618530273,347.0
2024-03-01 15:11:00,FORA,2.859999895095825,2.859999895095825,2.990000009536743,2.859999895095825,2.990000009536743,3793.0
2024-03-01 15:11:00,FULC,10.920000076293945,10.920000076293945,10.979999542236328,10.90999984741211,10.979999542236328,3401.0
2024-03-01 15:11:00,FUSN,12.130000114440918,12.130000114440918,12.149999618530273,12.125900268554688,12.125900268554688,948.0
2024-03-01 15:11:00,FWBI,8.850000381469727,8.850000381469727,8.850000381469727,8.850000381469727,8.850000381469727,277.0
2024-03-01 15:11:00,GANX,4.679999828338623,4.679999828338623,4.679999828338623,4.635000228881836,4.635000228881836,3000.0
2024-03-01 15:11:00,GCTK,0.3050000071525574,0.3050000071525574,0.3100000023841858,0.3050000071525574,0.3068999946117401,48739.0
2024-03-01 15:11:00,GDRX,8.42199993133545,8.42199993133545,8.425000190734863,8.42199993133545,8.425000190734863,723.0
2024-03-01 15:11:00,GENE,2.3399999141693115,2.3399999141693115,2.3399999141693115,2.3399999141693115,2.3399999141693115,100.0
2024-03-01 15:11:00,GERN,2.240000009536743,2.240000009536743,2.255000114440918,2.2300000190734863,2.255000114440918,172947.0
2024-03-01 15:11:00,GH,18.969999313354492,18.969999313354492,18.975000381469727,18.969999313354492,18.975000381469727,545.0
2024-03-01 15:11:00,GHSI,8.239999771118164,8.239999771118164,8.239999771118164,8.239999771118164,8.239999771118164,355.0
2024-03-01 15:11:00,GILD,72.5199966430664,72.5199966430664,72.5199966430664,72.4749984741211,72.48500061035156,7463.0
2024-03-01 15:11:00,GLPG,35.060001373291016,35.060001373291016,35.060001373291016,35.060001373291016,35.060001373291016,270.0
2024-03-01 15:11:00,GLTO,0.8101000189781189,0.8101000189781189,0.8201000094413757,0.8101000189781189,0.8201000094413757,5100.0
2024-03-01 15:11:00,GLYC,2.990000009536743,2.990000009536743,2.994999885559082,2.990000009536743,2.990000009536743,1597.0
2024-03-01 15:11:00,GMAB,29.350000381469727,29.350000381469727,29.350000381469727,29.344999313354492,29.350000381469727,2064.0
2024-03-01 15:11:00,GOSS,1.4199999570846558,1.4199999570846558,1.4199999570846558,1.4199999570846558,1.4199999570846558,197.0
2024-03-01 15:11:00,GOVX,2.5367000102996826,2.5367000102996826,2.5367000102996826,2.5367000102996826,2.5367000102996826,101.0
2024-03-01 15:11:00,GRFS,7.045000076293945,7.045000076293945,7.045000076293945,7.005000114440918,7.010000228881836,3345.0
2024-03-01 15:11:00,GRPH,3.380000114440918,3.380000114440918,3.380000114440918,3.380000114440918,3.380000114440918,200.0
2024-03-01 15:11:00,GRTS,2.030100107192993,2.030100107192993,2.049999952316284,2.0299999713897705,2.049999952316284,11832.0
2024-03-01 15:11:00,GTHX,3.7300000190734863,3.7300000190734863,3.734999895095825,3.7300000190734863,3.7300000190734863,1435.0
2024-03-01 15:11:00,HALO,40.997501373291016,40.997501373291016,41.0,40.96500015258789,40.96500015258789,2026.0
2024-03-01 15:11:00,HCAT,8.085000038146973,8.085000038146973,8.09000015258789,8.080100059509277,8.09000015258789,1659.0
2024-03-01 15:11:00,HCSG,12.729000091552734,12.729000091552734,12.729999542236328,12.729000091552734,12.729999542236328,2192.0
2024-03-01 15:11:00,HCTI,2.0799999237060547,2.0799999237060547,2.0799999237060547,2.0799999237060547,2.0799999237060547,720.0
2024-03-01 15:11:00,HLVX,19.174999237060547,19.174999237060547,19.174999237060547,19.174999237060547,19.174999237060547,146.0
2024-03-01 15:11:00,HOLX,74.2699966430664,74.2699966430664,74.2699966430664,74.26000213623047,74.2699966430664,1176.0
2024-03-01 15:11:00,HQY,81.3499984741211,81.3499984741211,81.3499984741211,81.3499984741211,81.3499984741211,470.0
2024-03-01 15:11:00,HRTX,2.575000047683716,2.575000047683716,2.5799999237060547,2.575000047683716,2.5799999237060547,7400.0
2024-03-01 15:11:00,HSCS,0.11900100111961365,0.11900100111961365,0.11949999630451202,0.11900000274181366,0.11940000206232071,10665.0
2024-03-01 15:11:00,HUMA,3.265000104904175,3.265000104904175,3.2699999809265137,3.2609000205993652,3.265000104904175,11643.0
2024-03-01 15:11:00,IART,36.22999954223633,36.22999954223633,36.25,36.165000915527344,36.165000915527344,6919.0
2024-03-01 15:11:00,IBRX,4.84499979019165,4.84499979019165,4.84499979019165,4.840000152587891,4.840000152587891,2498.0
2024-03-01 15:11:00,ICLR,324.6000061035156,324.6000061035156,324.6000061035156,324.6000061035156,324.6000061035156,107.0
2024-03-01 15:11:00,ICUI,105.86000061035156,105.86000061035156,105.86000061035156,105.86000061035156,105.86000061035156,218.0
2024-03-01 15:11:00,IFRX,1.7899999618530273,1.7899999618530273,1.7899999618530273,1.7899999618530273,1.7899999618530273,741.0
2024-03-01 15:11:00,IGMS,12.869999885559082,12.869999885559082,12.930000305175781,12.869999885559082,12.930000305175781,475.0
2024-03-01 15:11:00,IKNA,1.4950000047683716,1.4950000047683716,1.4950000047683716,1.4950000047683716,1.4950000047683716,210.0
2024-03-01 15:11:00,ILMN,140.9499969482422,140.9499969482422,141.0,140.9499969482422,141.0,734.0
2024-03-01 15:11:00,IMCR,67.88999938964844,67.88999938964844,67.88999938964844,67.88999938964844,67.88999938964844,453.0
2024-03-01 15:11:00,IMMX,3.5099000930786133,3.5099000930786133,3.5099000930786133,3.5,3.509200096130371,3709.0
2024-03-01 15:11:00,IMNM,25.395000457763672,25.395000457763672,25.420000076293945,25.34000015258789,25.34000015258789,3010.0
2024-03-01 15:11:00,IMNN,1.0299999713897705,1.0299999713897705,1.0299999713897705,1.0299999713897705,1.0299999713897705,200.0
2024-03-01 15:11:00,IMTX,12.760000228881836,12.760000228881836,12.770000457763672,12.760000228881836,12.770000457763672,1485.0
2024-03-01 15:11:00,IMVT,35.61000061035156,35.61000061035156,35.630001068115234,35.599998474121094,35.6150016784668,1240.0
2024-03-01 15:11:00,INAB,1.0699000358581543,1.0699000358581543,1.0700000524520874,1.0699000358581543,1.0699000358581543,1856.0
2024-03-01 15:11:00,INBX,36.52000045776367,36.52000045776367,36.52000045776367,36.5,36.5,583.0
2024-03-01 15:11:00,INCY,59.060001373291016,59.060001373291016,59.060001373291016,59.040000915527344,59.040000915527344,1689.0
2024-03-01 15:11:00,INGN,6.784999847412109,6.784999847412109,6.789899826049805,6.78000020980835,6.789899826049805,1195.0
2024-03-01 15:11:00,INMD,22.885000228881836,22.885000228881836,22.885000228881836,22.885000228881836,22.885000228881836,1923.0
2024-03-01 15:11:00,INO,9.505000114440918,9.505000114440918,9.505000114440918,9.479999542236328,9.479999542236328,867.0
2024-03-01 15:11:00,INSM,27.950000762939453,27.950000762939453,27.96500015258789,27.950000762939453,27.950000762939453,934.0
2024-03-01 15:11:00,INVA,15.364999771118164,15.364999771118164,15.375,15.354999542236328,15.354999542236328,3813.0
2024-03-01 15:11:00,IONS,45.814998626708984,45.814998626708984,45.81999969482422,45.79999923706055,45.810001373291016,1234.0
2024-03-01 15:11:00,IOVA,17.010000228881836,17.010000228881836,17.010000228881836,16.959999084472656,16.96500015258789,15021.0
2024-03-01 15:11:00,IRTC,121.24150085449219,121.24150085449219,121.24150085449219,121.24150085449219,121.24150085449219,297.0
2024-03-01 15:11:00,IRWD,8.95009994506836,8.95009994506836,8.96500015258789,8.949999809265137,8.96500015258789,20269.0
2024-03-01 15:11:00,ISRG,397.5299987792969,397.5299987792969,397.67498779296875,397.4200134277344,397.4200134277344,4586.0
2024-03-01 15:11:00,ITCI,72.09500122070312,72.09500122070312,72.11499786376953,72.06999969482422,72.0999984741211,931.0
2024-03-01 15:11:00,IVVD,3.9800000190734863,3.9800000190734863,3.9800000190734863,3.9700000286102295,3.9800000190734863,629.0
2024-03-01 15:11:00,JAGX,0.08820000290870667,0.08820000290870667,0.08950000256299973,0.08799999952316284,0.08910000324249268,405177.0
2024-03-01 15:11:00,JANX,46.064998626708984,46.064998626708984,46.09000015258789,46.064998626708984,46.09000015258789,911.0
2024-03-01 15:11:00,JAZZ,119.22000122070312,119.22000122070312,119.22000122070312,119.19000244140625,119.20999908447266,1162.0
2024-03-01 15:11:00,JSPR,21.739999771118164,21.739999771118164,21.739999771118164,21.739999771118164,21.739999771118164,343.0
2024-03-01 15:11:00,JYNT,9.970000267028809,9.970000267028809,9.970000267028809,9.970000267028809,9.970000267028809,163.0
2024-03-01 15:11:00,KALV,14.039999961853027,14.039999961853027,14.050000190734863,13.960000038146973,13.960000038146973,5822.0
2024-03-01 15:11:00,KNSA,21.899999618530273,21.899999618530273,21.899999618530273,21.889999389648438,21.899999618530273,1830.0
2024-03-01 15:11:00,KNTE,2.6050000190734863,2.6050000190734863,2.6050000190734863,2.5950000286102295,2.5999999046325684,12300.0
2024-03-01 15:11:00,KOD,5.989999771118164,5.989999771118164,5.989999771118164,5.985000133514404,5.985000133514404,519.0
2024-03-01 15:11:00,KPTI,1.184999942779541,1.184999942779541,1.190000057220459,1.184999942779541,1.190000057220459,1706.0
2024-03-01 15:11:00,KROS,68.75499725341797,68.75499725341797,68.81999969482422,68.72000122070312,68.73999786376953,2416.0
2024-03-01 15:11:00,KRTX,315.6400146484375,315.6400146484375,315.6400146484375,315.6400146484375,315.6400146484375,321.0
2024-03-01 15:11:00,KTRA,0.10189999639987946,0.10189999639987946,0.10189999639987946,0.10119999945163727,0.10159999877214432,3793.0
2024-03-01 15:11:00,KURA,21.790000915527344,21.790000915527344,21.8700008392334,21.790000915527344,21.8700008392334,2690.0
2024-03-01 15:11:00,KYMR,43.61000061035156,43.61000061035156,43.68000030517578,43.61000061035156,43.66999816894531,2623.0
2024-03-01 15:11:00,KZIA,0.2410999983549118,0.2410999983549118,0.2410999983549118,0.23999999463558197,0.2409999966621399,12526.0
2024-03-01 15:11:00,KZR,1.034999966621399,1.034999966621399,1.0399999618530273,1.034999966621399,1.034999966621399,3153.0
2024-03-01 15:11:00,LAB,2.4700000286102295,2.4700000286102295,2.4700000286102295,2.4649999141693115,2.4700000286102295,1412.0
2024-03-01 15:11:00,LBPH,21.40999984741211,21.40999984741211,21.40999984741211,21.40999984741211,21.40999984741211,307.0
2024-03-01 15:11:00,LEGN,65.4749984741211,65.4749984741211,65.4749984741211,65.4749984741211,65.4749984741211,230.0
2024-03-01 15:11:00,LFMD,7.980000019073486,7.980000019073486,7.989999771118164,7.980000019073486,7.989999771118164,1947.0
2024-03-01 15:11:00,LFST,7.724999904632568,7.724999904632568,7.730000019073486,7.71999979019165,7.71999979019165,4714.0
2024-03-01 15:11:00,LGND,77.22000122070312,77.22000122070312,77.22000122070312,77.22000122070312,77.22000122070312,144.0
2024-03-01 15:11:00,LIVN,55.4900016784668,55.4900016784668,55.4900016784668,55.4900016784668,55.4900016784668,523.0
2024-03-01 15:11:00,LMAT,67.41010284423828,67.41010284423828,67.55000305175781,67.41010284423828,67.55000305175781,977.0
2024-03-01 15:11:00,LNTH,64.41000366210938,64.41000366210938,64.43000030517578,64.36000061035156,64.36000061035156,3851.0
2024-03-01 15:11:00,LQDA,14.5649995803833,14.5649995803833,14.5649995803833,14.550000190734863,14.550000190734863,334.0
2024-03-01 15:11:00,LTRN,4.159999847412109,4.159999847412109,4.210000038146973,4.139999866485596,4.139999866485596,678.0
2024-03-01 15:11:00,LUNG,9.40999984741211,9.40999984741211,9.40999984741211,9.40999984741211,9.40999984741211,559.0
2024-03-01 15:11:00,LVTX,2.6549999713897705,2.6549999713897705,2.690000057220459,2.6549999713897705,2.690000057220459,539.0
2024-03-01 15:11:00,LXRX,2.490000009536743,2.490000009536743,2.490000009536743,2.490000009536743,2.490000009536743,541.0
2024-03-01 15:11:00,LYEL,3.115000009536743,3.115000009536743,3.115000009536743,3.115000009536743,3.115000009536743,1280.0
2024-03-01 15:11:00,LYRA,5.65500020980835,5.65500020980835,5.65500020980835,5.650000095367432,5.650000095367432,345.0
2024-03-01 15:11:00,MACK,14.710000038146973,14.710000038146973,14.710000038146973,14.710000038146973,14.710000038146973,352.0
2024-03-01 15:11:00,MBOT,1.3206000328063965,1.3206000328063965,1.3206000328063965,1.3206000328063965,1.3206000328063965,185.0
2024-03-01 15:11:00,MCRB,1.2200000286102295,1.2200000286102295,1.2299000024795532,1.2200000286102295,1.2299000024795532,571.0
2024-03-01 15:11:00,MDGL,249.5500030517578,249.5500030517578,249.75999450683594,249.5500030517578,249.75999450683594,333.0
2024-03-01 15:11:00,MDRX,6.050000190734863,6.050000190734863,6.070000171661377,6.050000190734863,6.070000171661377,24391.0
2024-03-01 15:11:00,MDXG,8.59000015258789,8.59000015258789,8.59000015258789,8.59000015258789,8.59000015258789,360.0
2024-03-01 15:11:00,ME,0.5521000027656555,0.5521000027656555,0.5522000193595886,0.5521000027656555,0.5521000027656555,36289.0
2024-03-01 15:11:00,MGNX,18.813899993896484,18.813899993896484,18.813899993896484,18.809999465942383,18.809999465942383,630.0
2024-03-01 15:11:00,MGTX,6.400000095367432,6.400000095367432,6.400000095367432,6.400000095367432,6.400000095367432,406.0
2024-03-01 15:11:00,MNKD,4.539999961853027,4.539999961853027,4.539999961853027,4.534999847412109,4.534999847412109,5103.0
2024-03-01 15:11:00,MNMD,6.125,6.125,6.130000114440918,6.105000019073486,6.119500160217285,4800.0
2024-03-01 15:11:00,MNPR,0.9490000009536743,0.9490000009536743,0.9498999714851379,0.9100000262260437,0.9498999714851379,6662.0
2024-03-01 15:11:00,MODD,1.8700000047683716,1.8700000047683716,1.8700000047683716,1.8700000047683716,1.8700000047683716,300.0
2024-03-01 15:11:00,MODV,28.395000457763672,28.395000457763672,28.440000534057617,28.389999389648438,28.395000457763672,1186.0
2024-03-01 15:11:00,MORF,39.52000045776367,39.52000045776367,39.52000045776367,39.470001220703125,39.5,1084.0
2024-03-01 15:11:00,MOTS,0.6794999837875366,0.6794999837875366,0.6794999837875366,0.6601999998092651,0.6628000140190125,10438.0
2024-03-01 15:11:00,MRAI,1.5800000429153442,1.5800000429153442,1.5800000429153442,1.5800000429153442,1.5800000429153442,154.0
2024-03-01 15:11:00,MREO,3.944999933242798,3.944999933242798,3.944999933242798,3.944999933242798,3.944999933242798,200.0
2024-03-01 15:11:00,MRNA,95.42009735107422,95.42009735107422,95.42009735107422,95.33999633789062,95.4000015258789,3098.0
2024-03-01 15:11:00,MRSN,5.960000038146973,5.960000038146973,5.989999771118164,5.945000171661377,5.989999771118164,9796.0
2024-03-01 15:11:00,MRUS,51.314998626708984,51.314998626708984,51.380001068115234,51.314998626708984,51.314998626708984,4304.0
2024-03-01 15:11:00,MRVI,7.675000190734863,7.675000190734863,7.675000190734863,7.675000190734863,7.675000190734863,373.0
2024-03-01 15:11:00,MXCT,4.735000133514404,4.735000133514404,4.735000133514404,4.735000133514404,4.735000133514404,239.0
2024-03-01 15:11:00,MYGN,22.059999465942383,22.059999465942383,22.09000015258789,22.059999465942383,22.09000015258789,1553.0
2024-03-01 15:11:00,NARI,46.0,46.0,46.09000015258789,45.98099899291992,46.04999923706055,8961.0
2024-03-01 15:11:00,NAUT,2.6500000953674316,2.6500000953674316,2.6500000953674316,2.6500000953674316,2.6500000953674316,346.0
2024-03-01 15:11:00,NBIX,131.87249755859375,131.87249755859375,131.87249755859375,131.77999877929688,131.7949981689453,3546.0
2024-03-01 15:11:00,NEO,15.930000305175781,15.930000305175781,15.9399995803833,15.920000076293945,15.9399995803833,2222.0
2024-03-01 15:11:00,NGM,1.5199999809265137,1.5199999809265137,1.5199999809265137,1.5199999809265137,1.5199999809265137,2725.0
2024-03-01 15:11:00,NKTR,0.7721999883651733,0.7721999883651733,0.7721999883651733,0.7699999809265137,0.7721499800682068,1686.0
2024-03-01 15:11:00,NKTX,12.630000114440918,12.630000114440918,12.680000305175781,12.630000114440918,12.680000305175781,1868.0
2024-03-01 15:11:00,NNOX,10.84000015258789,10.84000015258789,10.84000015258789,10.805000305175781,10.8100004196167,2461.0
2024-03-01 15:11:00,NOTV,7.920000076293945,7.920000076293945,7.929999828338623,7.920000076293945,7.929999828338623,642.0
2024-03-01 15:11:00,NRIX,13.449999809265137,13.449999809265137,13.449999809265137,13.4399995803833,13.4399995803833,810.0
2024-03-01 15:11:00,NRSN,1.9700000286102295,1.9700000286102295,1.9700000286102295,1.9700000286102295,1.9700000286102295,1054.0
2024-03-01 15:11:00,NTLA,33.15999984741211,33.15999984741211,33.18000030517578,33.099998474121094,33.18000030517578,8575.0
2024-03-01 15:11:00,NTRA,89.33000183105469,89.33000183105469,89.33000183105469,89.23999786376953,89.29000091552734,3094.0
2024-03-01 15:11:00,NUVL,87.32499694824219,87.32499694824219,87.32499694824219,87.32499694824219,87.32499694824219,235.0
2024-03-01 15:11:00,NVAX,5.355000019073486,5.355000019073486,5.360000133514404,5.340199947357178,5.349999904632568,31967.0
2024-03-01 15:11:00,NVCR,16.020000457763672,16.020000457763672,16.020000457763672,16.0049991607666,16.0049991607666,2419.0
2024-03-01 15:11:00,NVCT,10.774399757385254,10.774399757385254,10.774399757385254,10.774399757385254,10.774399757385254,189.0
2024-03-01 15:11:00,NVNO,6.349999904632568,6.349999904632568,6.369999885559082,6.349999904632568,6.369999885559082,975.0
2024-03-01 15:11:00,NXTC,1.774999976158142,1.774999976158142,1.774999976158142,1.774999976158142,1.774999976158142,1000.0
2024-03-01 15:11:00,OCGN,0.9480999708175659,0.9480999708175659,0.949999988079071,0.9458000063896179,0.949999988079071,988.0
2024-03-01 15:11:00,OCUL,10.600000381469727,10.600000381469727,10.619999885559082,10.579999923706055,10.619999885559082,12963.0
2024-03-01 15:11:00,OFIX,12.869999885559082,12.869999885559082,12.869999885559082,12.869999885559082,12.869999885559082,137.0
2024-03-01 15:11:00,OKYO,1.4484000205993652,1.4484000205993652,1.4484000205993652,1.440000057220459,1.440000057220459,916.0
2024-03-01 15:11:00,OLK,22.985000610351562,22.985000610351562,22.985000610351562,22.985000610351562,22.985000610351562,200.0
2024-03-01 15:11:00,OLMA,14.5600004196167,14.5600004196167,14.609999656677246,14.5600004196167,14.609999656677246,1005.0
2024-03-01 15:11:00,OM,3.1449999809265137,3.1449999809265137,3.1500000953674316,3.1449999809265137,3.1500000953674316,596.0
2024-03-01 15:11:00,OMER,4.78000020980835,4.78000020980835,4.78000020980835,4.78000020980835,4.78000020980835,207.0
2024-03-01 15:11:00,OMGA,4.380799770355225,4.380799770355225,4.414999961853027,4.380799770355225,4.414999961853027,5103.0
2024-03-01 15:11:00,ONTX,0.8116999864578247,0.8116999864578247,0.8256999850273132,0.8116999864578247,0.8256999850273132,1730.0
2024-03-01 15:12:00,AADI,1.9492000341415405,1.9492000341415405,1.9492000341415405,1.9492000341415405,1.9492000341415405,130.0
2024-03-01 15:12:00,ABCL,5.074999809265137,5.074999809265137,5.074999809265137,5.059999942779541,5.059999942779541,9113.0
2024-03-01 15:12:00,ABOS,4.599999904632568,4.599999904632568,4.599999904632568,4.599999904632568,4.599999904632568,1067.0
2024-03-01 15:12:00,ABSI,5.485000133514404,5.485000133514404,5.488800048828125,5.485000133514404,5.488800048828125,258.0
2024-03-01 15:12:00,ABUS,2.765000104904175,2.765000104904175,2.765000104904175,2.765000104904175,2.765000104904175,230.0
2024-03-01 15:12:00,ACAD,24.06999969482422,24.06999969482422,24.06999969482422,24.06999969482422,24.06999969482422,797.0
2024-03-01 15:12:00,ACB,3.180000066757202,3.180000066757202,3.190000057220459,3.180000066757202,3.180000066757202,1287.0
2024-03-01 15:12:00,ACCD,10.0649995803833,10.0649995803833,10.069999694824219,10.0600004196167,10.0600004196167,538.0
2024-03-01 15:12:00,ACET,2.384999990463257,2.384999990463257,2.384999990463257,2.3822999000549316,2.3822999000549316,2159.0
2024-03-01 15:12:00,ACHC,84.19999694824219,84.19999694824219,84.19999694824219,84.1500015258789,84.1500015258789,616.0
2024-03-01 15:12:00,ACHL,1.3795000314712524,1.3795000314712524,1.3795000314712524,1.3795000314712524,1.3795000314712524,916.0
2024-03-01 15:12:00,ACHV,4.420000076293945,4.420000076293945,4.420000076293945,4.400100231170654,4.400100231170654,611.0
2024-03-01 15:12:00,ACLX,67.58499908447266,67.58499908447266,67.58499908447266,67.58499908447266,67.58499908447266,406.0
2024-03-01 15:12:00,ACRS,1.2200000286102295,1.2200000286102295,1.2300000190734863,1.2200000286102295,1.2200000286102295,1620.0
2024-03-01 15:12:00,ACXP,3.0,3.0,3.0,3.0,3.0,161.0
2024-03-01 15:12:00,ADAP,1.600000023841858,1.600000023841858,1.6098999977111816,1.600000023841858,1.600000023841858,5158.0
2024-03-01 15:12:00,ADIL,3.0199999809265137,3.0199999809265137,3.0299999713897705,2.990000009536743,3.0071001052856445,30011.0
2024-03-01 15:12:00,ADMA,5.519999980926514,5.519999980926514,5.519999980926514,5.510000228881836,5.514999866485596,2799.0
2024-03-01 15:12:00,ADPT,4.054999828338623,4.054999828338623,4.054999828338623,4.054999828338623,4.054999828338623,465.0
2024-03-01 15:12:00,ADVM,1.9600000381469727,1.9600000381469727,1.965000033378601,1.9600000381469727,1.9600000381469727,2462.0
2024-03-01 15:12:00,AFMD,0.6725500226020813,0.6725500226020813,0.6725500226020813,0.6725500226020813,0.6725500226020813,400.0
2024-03-01 15:12:00,AGEN,0.6700999736785889,0.6700999736785889,0.6700999736785889,0.6700000166893005,0.6700500249862671,5549.0
2024-03-01 15:12:00,AGIO,32.2599983215332,32.2599983215332,32.275001525878906,32.20000076293945,32.209999084472656,9009.0
2024-03-01 15:12:00,AHCO,10.46500015258789,10.46500015258789,10.46500015258789,10.46500015258789,10.46500015258789,880.0
2024-03-01 15:12:00,AKAN,0.21289999783039093,0.21289999783039093,0.21289999783039093,0.2125999927520752,0.21289999783039093,5600.0
2024-03-01 15:12:00,AKBA,1.690000057220459,1.690000057220459,1.690000057220459,1.6800999641418457,1.6800999641418457,1067.0
2024-03-01 15:12:00,AKLI,0.35310098528862,0.35310098528862,0.35310098528862,0.35310098528862,0.35310098528862,2700.0
2024-03-01 15:12:00,AKRO,28.520000457763672,28.520000457763672,28.559999465942383,28.459999084472656,28.459999084472656,4019.0
2024-03-01 15:12:00,ALDX,4.224999904632568,4.224999904632568,4.224999904632568,4.21999979019165,4.21999979019165,1526.0
2024-03-01 15:12:00,ALEC,7.389999866485596,7.389999866485596,7.389999866485596,7.385000228881836,7.385000228881836,610.0
2024-03-01 15:12:00,ALGN,302.2799987792969,302.2799987792969,302.30499267578125,302.18499755859375,302.2099914550781,1792.0
2024-03-01 15:12:00,ALGS,1.059999942779541,1.059999942779541,1.059999942779541,1.059999942779541,1.059999942779541,102.0
2024-03-01 15:12:00,ALHC,5.579999923706055,5.579999923706055,5.579999923706055,5.570000171661377,5.570000171661377,244.0
2024-03-01 15:12:00,ALKS,30.149999618530273,30.149999618530273,30.149999618530273,30.145000457763672,30.145000457763672,553.0
2024-03-01 15:12:00,ALLK,1.649999976158142,1.649999976158142,1.649999976158142,1.649999976158142,1.649999976158142,212.0
2024-03-01 15:12:00,ALLO,4.947500228881836,4.947500228881836,4.949999809265137,4.940000057220459,4.940000057220459,15836.0
2024-03-01 15:12:00,ALNY,153.40499877929688,153.40499877929688,153.40499877929688,153.38999938964844,153.38999938964844,584.0
2024-03-01 15:12:00,ALPN,35.82500076293945,35.82500076293945,35.84000015258789,35.80500030517578,35.814998626708984,1897.0
2024-03-01 15:12:00,ALT,12.039999961853027,12.039999961853027,12.045000076293945,12.024999618530273,12.03499984741211,6115.0
2024-03-01 15:12:00,ALVO,15.640000343322754,15.640000343322754,15.640000343322754,15.640000343322754,15.640000343322754,100.0
2024-03-01 15:12:00,ALVR,0.7408000230789185,0.7408000230789185,0.7408000230789185,0.7400000095367432,0.7400000095367432,1000.0
2024-03-01 15:12:00,AMED,93.20999908447266,93.20999908447266,93.20999908447266,93.20999908447266,93.20999908447266,1428.0
2024-03-01 15:12:00,AMGN,280.3500061035156,280.3500061035156,280.3500061035156,280.260009765625,280.260009765625,4397.0
2024-03-01 15:12:00,AMLX,18.809999465942383,18.809999465942383,18.809999465942383,18.790000915527344,18.790000915527344,1241.0
2024-03-01 15:12:00,AMPH,45.880001068115234,45.880001068115234,45.900001525878906,45.86000061035156,45.900001525878906,2776.0
2024-03-01 15:12:00,AMRN,1.0499999523162842,1.0499999523162842,1.0549999475479126,1.0499999523162842,1.0549999475479126,400.0
2024-03-01 15:12:00,ANGO,5.474999904632568,5.474999904632568,5.480000019073486,5.474999904632568,5.480000019073486,555.0
2024-03-01 15:12:00,ANNX,6.034999847412109,6.034999847412109,6.034999847412109,6.03000020980835,6.03000020980835,200.0
2024-03-01 15:12:00,ANTX,2.988300085067749,2.988300085067749,2.989799976348877,2.9700000286102295,2.9863998889923096,1900.0
2024-03-01 15:12:00,APLS,64.37000274658203,64.37000274658203,64.37000274658203,64.29000091552734,64.33999633789062,1441.0
2024-03-01 15:12:00,APLT,7.050000190734863,7.050000190734863,7.059999942779541,7.039999961853027,7.050000190734863,4213.0
2024-03-01 15:12:00,APVO,0.1599999964237213,0.1599999964237213,0.1599999964237213,0.1599999964237213,0.1599999964237213,100.0
2024-03-01 15:12:00,APYX,2.0899999141693115,2.0899999141693115,2.0899999141693115,2.0899999141693115,2.0899999141693115,105.0
2024-03-01 15:12:00,AQST,4.050099849700928,4.050099849700928,4.059999942779541,4.050000190734863,4.059999942779541,1453.0
2024-03-01 15:12:00,ARCT,39.709999084472656,39.709999084472656,39.75,39.70500183105469,39.70500183105469,1260.0
2024-03-01 15:12:00,ARDX,9.4399995803833,9.4399995803833,9.4399995803833,9.430000305175781,9.430000305175781,5079.0
2024-03-01 15:12:00,ARGX,392.1000061035156,392.1000061035156,392.1000061035156,392.1000061035156,392.1000061035156,463.0
2024-03-01 15:12:00,ARQT,11.510000228881836,11.510000228881836,11.510000228881836,11.475000381469727,11.475000381469727,5645.0
2024-03-01 15:12:00,ARVN,47.7400016784668,47.7400016784668,47.79999923706055,47.7400016784668,47.79999923706055,632.0
2024-03-01 15:12:00,ARWR,35.59000015258789,35.59000015258789,35.630001068115234,35.59000015258789,35.61000061035156,3966.0
2024-03-01 15:12:00,ASLN,0.7398999929428101,0.7398999929428101,0.7398999929428101,0.7398999929428101,0.7398999929428101,121.0
2024-03-01 15:12:00,ASND,153.8800048828125,153.8800048828125,153.8800048828125,153.5500030517578,153.5500030517578,1521.0
2024-03-01 15:12:00,ASRT,0.8870000243186951,0.8870000243186951,0.8873500227928162,0.8870000243186951,0.8873500227928162,1500.0
2024-03-01 15:12:00,ATAI,2.134999990463257,2.134999990463257,2.1387999057769775,2.134999990463257,2.1387999057769775,624.0
2024-03-01 15:12:00,ATEC,13.454999923706055,13.454999923706055,13.460000038146973,13.449999809265137,13.460000038146973,1844.0
2024-03-01 15:12:00,ATHA,3.9700000286102295,3.9700000286102295,3.984999895095825,3.9700000286102295,3.984999895095825,2111.0
2024-03-01 15:12:00,ATOS,1.0013999938964844,1.0013999938964844,1.0099999904632568,1.0013999938964844,1.0099999904632568,400.0
2024-03-01 15:12:00,ATRA,0.7820000052452087,0.7820000052452087,0.7837989926338196,0.7804999947547913,0.7837989926338196,3212.0
2024-03-01 15:12:00,ATRC,36.06999969482422,36.06999969482422,36.06999969482422,36.029998779296875,36.04499816894531,3842.0
2024-03-01 15:12:00,ATXI,0.15399999916553497,0.15399999916553497,0.15399999916553497,0.15399999916553497,0.15399999916553497,204.0
2024-03-01 15:12:00,AUPH,5.764999866485596,5.764999866485596,5.775000095367432,5.760000228881836,5.769999980926514,11839.0
2024-03-01 15:12:00,AURA,9.239999771118164,9.239999771118164,9.239999771118164,9.239999771118164,9.239999771118164,223.0
2024-03-01 15:12:00,AUTL,6.21999979019165,6.21999979019165,6.21999979019165,6.21999979019165,6.21999979019165,1388.0
2024-03-01 15:12:00,AVDL,13.390000343322754,13.390000343322754,13.390000343322754,13.369999885559082,13.369999885559082,1532.0
2024-03-01 15:12:00,AVGR,3.890000104904175,3.890000104904175,3.890000104904175,3.890000104904175,3.890000104904175,175.0
2024-03-01 15:12:00,AVTE,23.545000076293945,23.545000076293945,23.700000762939453,23.545000076293945,23.674999237060547,1634.0
2024-03-01 15:12:00,AVXL,5.284999847412109,5.284999847412109,5.301199913024902,5.284999847412109,5.301199913024902,15276.0
2024-03-01 15:12:00,AXSM,82.41999816894531,82.41999816894531,82.41999816894531,82.38500213623047,82.38500213623047,767.0
2024-03-01 15:12:00,AZN,64.66000366210938,64.66000366210938,64.66000366210938,64.6449966430664,64.6500015258789,9797.0
2024-03-01 15:12:00,AZTA,66.91000366210938,66.91000366210938,66.91999816894531,66.9000015258789,66.91000366210938,2322.0
2024-03-01 15:12:00,BBIO,35.72999954223633,35.72999954223633,35.72999954223633,35.72999954223633,35.72999954223633,693.0
2024-03-01 15:12:00,BCAB,2.8299999237060547,2.8299999237060547,2.8299999237060547,2.8299999237060547,2.8299999237060547,413.0
2024-03-01 15:12:00,BCDA,0.5799000263214111,0.5799000263214111,0.5799999833106995,0.5799000263214111,0.5799999833106995,1949.0
2024-03-01 15:12:00,BCEL,0.26820001006126404,0.26820001006126404,0.26820001006126404,0.26820001006126404,0.26820001006126404,100.0
2024-03-01 15:12:00,BCLI,0.34769999980926514,0.34769999980926514,0.34779998660087585,0.34769999980926514,0.34779998660087585,2395.0
2024-03-01 15:12:00,BCRX,5.659999847412109,5.659999847412109,5.659999847412109,5.65500020980835,5.659999847412109,13052.0
2024-03-01 15:12:00,BDTX,4.730100154876709,4.730100154876709,4.730100154876709,4.730100154876709,4.730100154876709,107.0
2024-03-01 15:12:00,BEAM,39.70500183105469,39.70500183105469,39.7400016784668,39.665000915527344,39.7400016784668,10310.0
2024-03-01 15:12:00,BFRI,0.8889999985694885,0.8889999985694885,0.8889999985694885,0.8889999985694885,0.8889999985694885,840.0
2024-03-01 15:12:00,BIIB,221.00999450683594,221.00999450683594,221.08999633789062,220.88999938964844,220.99000549316406,9345.0
2024-03-01 15:12:00,BIOL,0.14489999413490295,0.14489999413490295,0.14489999413490295,0.14489999413490295,0.14489999413490295,724.0
2024-03-01 15:12:00,BIOR,1.1398999691009521,1.1398999691009521,1.1398999691009521,1.1398999691009521,1.1398999691009521,224.0
2024-03-01 15:12:00,BIVI,1.9900000095367432,1.9900000095367432,2.079900026321411,1.9800000190734863,2.015000104904175,137240.0
2024-03-01 15:12:00,BLFS,17.774999618530273,17.774999618530273,17.774999618530273,17.774999618530273,17.774999618530273,110.0
2024-03-01 15:12:00,BLTE,46.5099983215332,46.5099983215332,46.5099983215332,46.5099983215332,46.5099983215332,338.0
2024-03-01 15:12:00,BLUE,1.5700000524520874,1.5700000524520874,1.5750000476837158,1.5700000524520874,1.5735000371932983,14788.0
2024-03-01 15:12:00,BMEA,17.93000030517578,17.93000030517578,17.93000030517578,17.920000076293945,17.920000076293945,474.0
2024-03-01 15:12:00,BMRA,1.2100000381469727,1.2100000381469727,1.2300000190734863,1.2100000381469727,1.2300000190734863,305.0
2024-03-01 15:12:00,BMRN,87.79000091552734,87.79000091552734,87.79000091552734,87.72000122070312,87.72000122070312,1689.0
2024-03-01 15:12:00,BNGO,1.2599999904632568,1.2599999904632568,1.2599999904632568,1.2538000345230103,1.2538000345230103,2261.0
2024-03-01 15:12:00,BNTX,90.88500213623047,90.88500213623047,90.91999816894531,90.83000183105469,90.83000183105469,3094.0
2024-03-01 15:12:00,BOLT,1.2197999954223633,1.2197999954223633,1.2197999954223633,1.2197999954223633,1.2197999954223633,500.0
2024-03-01 15:12:00,BPMC,96.11499786376953,96.11499786376953,96.29000091552734,95.97000122070312,95.97000122070312,3161.0
2024-03-01 15:12:00,BRKR,88.76499938964844,88.76499938964844,88.76499938964844,88.73999786376953,88.75,1768.0
2024-03-01 15:12:00,BRTX,1.5199999809265137,1.5199999809265137,1.5199999809265137,1.5199999809265137,1.5199999809265137,579.0
2024-03-01 15:12:00,BTTX,0.1817999929189682,0.1817999929189682,0.18289999663829803,0.1817999929189682,0.1817999929189682,1939.0
2024-03-01 15:12:00,BVS,4.800000190734863,4.800000190734863,4.800000190734863,4.800000190734863,4.800000190734863,102.0
2024-03-01 15:12:00,BWAY,6.53000020980835,6.53000020980835,6.53000020980835,6.53000020980835,6.53000020980835,300.0
2024-03-01 15:12:00,CARA,0.9205999970436096,0.9205999970436096,0.9207000136375427,0.9205999970436096,0.9207000136375427,809.0
2024-03-01 15:12:00,CBAY,32.22999954223633,32.22999954223633,32.22999954223633,32.220001220703125,32.22999954223633,2352.0
2024-03-01 15:12:00,CCCC,10.960000038146973,10.960000038146973,10.970000267028809,10.960000038146973,10.960000038146973,1569.0
2024-03-01 15:12:00,CCRN,18.280000686645508,18.280000686645508,18.280000686645508,18.270000457763672,18.280000686645508,1805.0
2024-03-01 15:12:00,CDNA,12.460000038146973,12.460000038146973,12.470000267028809,12.454999923706055,12.470000267028809,1540.0
2024-03-01 15:12:00,CDXS,4.633699893951416,4.633699893951416,4.639999866485596,4.630000114440918,4.639999866485596,3633.0
2024-03-01 15:12:00,CELC,17.049999237060547,17.049999237060547,17.049999237060547,17.049999237060547,17.049999237060547,205.0
2024-03-01 15:12:00,CERE,41.11000061035156,41.11000061035156,41.11000061035156,41.099998474121094,41.099998474121094,3379.0
2024-03-01 15:12:00,CERS,2.1796998977661133,2.1796998977661133,2.1796998977661133,2.174999952316284,2.174999952316284,5052.0
2024-03-01 15:12:00,CERT,18.209999084472656,18.209999084472656,18.209999084472656,18.200000762939453,18.200000762939453,751.0
2024-03-01 15:12:00,CGC,3.184000015258789,3.184000015258789,3.184000015258789,3.184000015258789,3.184000015258789,636.0
2024-03-01 15:12:00,CHRS,2.4100000858306885,2.4100000858306885,2.4100000858306885,2.4049999713897705,2.4049999713897705,1027.0
2024-03-01 15:12:00,CKPT,2.180000066757202,2.180000066757202,2.190000057220459,2.180000066757202,2.190000057220459,957.0
2024-03-01 15:12:00,CLDX,52.44499969482422,52.44499969482422,52.44499969482422,52.38999938964844,52.38999938964844,1169.0
2024-03-01 15:12:00,CLLS,2.619999885559082,2.619999885559082,2.619999885559082,2.619999885559082,2.619999885559082,303.0
2024-03-01 15:12:00,CLOV,0.8629999756813049,0.8629999756813049,0.863099992275238,0.8629999756813049,0.8629999756813049,2266.0
2024-03-01 15:12:00,CLRB,4.090000152587891,4.090000152587891,4.090000152587891,4.090000152587891,4.090000152587891,300.0
2024-03-01 15:12:00,CMPS,11.505000114440918,11.505000114440918,11.539999961853027,11.505000114440918,11.539999961853027,1052.0
2024-03-01 15:12:00,CMPX,1.8802000284194946,1.8802000284194946,1.8802000284194946,1.8802000284194946,1.8802000284194946,10368.0
2024-03-01 15:12:00,CMRX,1.2050000429153442,1.2050000429153442,1.2050000429153442,1.2050000429153442,1.2050000429153442,600.0
2024-03-01 15:12:00,CNSP,0.32989999651908875,0.32989999651908875,0.32989999651908875,0.32989999651908875,0.32989999651908875,2497.0
2024-03-01 15:12:00,COGT,7.210000038146973,7.210000038146973,7.21999979019165,7.197000026702881,7.199999809265137,5917.0
2024-03-01 15:12:00,COLL,36.779998779296875,36.779998779296875,36.779998779296875,36.779998779296875,36.779998779296875,1425.0
2024-03-01 15:12:00,CORT,24.229999542236328,24.229999542236328,24.229999542236328,24.229999542236328,24.229999542236328,767.0
2024-03-01 15:12:00,CPRX,17.165000915527344,17.165000915527344,17.170000076293945,17.165000915527344,17.165000915527344,2793.0
2024-03-01 15:12:00,CRBP,33.54999923706055,33.54999923706055,33.560001373291016,33.34199905395508,33.34199905395508,631.0
2024-03-01 15:12:00,CRBU,7.840000152587891,7.840000152587891,7.849999904632568,7.829999923706055,7.829999923706055,2802.0
2024-03-01 15:12:00,CRDF,2.6600000858306885,2.6600000858306885,2.6700000762939453,2.640000104904175,2.6549999713897705,23184.0
2024-03-01 15:12:00,CRMD,3.6500000953674316,3.6500000953674316,3.6500000953674316,3.6500000953674316,3.6500000953674316,217.0
2024-03-01 15:12:00,CRNX,45.915000915527344,45.915000915527344,45.915000915527344,45.915000915527344,45.915000915527344,506.0
2024-03-01 15:12:00,CRON,2.0250000953674316,2.0250000953674316,2.0250000953674316,2.0199999809265137,2.0199999809265137,3201.0
2024-03-01 15:12:00,CRSP,84.71990203857422,84.71990203857422,84.71990203857422,84.52999877929688,84.56999969482422,2517.0
2024-03-01 15:12:00,CRVS,2.1700000762939453,2.1700000762939453,2.1700000762939453,2.1700000762939453,2.1700000762939453,200.0
2024-03-01 15:12:00,CTKB,9.020000457763672,9.020000457763672,9.020000457763672,9.010000228881836,9.010000228881836,4456.0
2024-03-01 15:12:00,CTMX,2.5350000858306885,2.5350000858306885,2.5350000858306885,2.5350000858306885,2.5350000858306885,100.0
2024-03-01 15:12:00,CUTR,2.3949999809265137,2.3949999809265137,2.3949999809265137,2.390000104904175,2.390000104904175,1499.0
2024-03-01 15:12:00,CVAC,3.440000057220459,3.440000057220459,3.444999933242798,3.430000066757202,3.440000057220459,3146.0
2024-03-01 15:12:00,CYTK,73.93000030517578,73.93000030517578,73.93000030517578,73.88999938964844,73.91000366210938,1326.0
2024-03-01 15:12:00,CYTO,2.365000009536743,2.365000009536743,2.4198999404907227,2.359999895095825,2.384999990463257,8981.0
2024-03-01 15:12:00,DAWN,17.629899978637695,17.629899978637695,17.629899978637695,17.614999771118164,17.614999771118164,924.0
2024-03-01 15:12:00,DCGO,4.065000057220459,4.065000057220459,4.065000057220459,4.059999942779541,4.059999942779541,571.0
2024-03-01 15:12:00,DERM,4.059999942779541,4.059999942779541,4.059999942779541,4.050000190734863,4.050000190734863,2038.0
2024-03-01 15:12:00,DH,8.8100004196167,8.8100004196167,8.8100004196167,8.789999961853027,8.800000190734863,563.0
2024-03-01 15:12:00,DMTK,0.8449490070343018,0.8449490070343018,0.8498989939689636,0.8400999903678894,0.8498989939689636,5644.0
2024-03-01 15:12:00,DNLI,21.059999465942383,21.059999465942383,21.059999465942383,21.0,21.010000228881836,2764.0
2024-03-01 15:12:00,DTIL,12.571200370788574,12.571200370788574,12.628800392150879,12.510000228881836,12.628800392150879,1289.0
2024-03-01 15:12:00,DVAX,12.800000190734863,12.800000190734863,12.800000190734863,12.800000190734863,12.800000190734863,2740.0
2024-03-01 15:12:00,DXCM,121.18499755859375,121.18499755859375,121.25,121.18499755859375,121.25,4813.0
2024-03-01 15:12:00,DYN,29.079999923706055,29.079999923706055,29.09000015258789,29.020000457763672,29.025400161743164,4417.0
2024-03-01 15:12:00,EDIT,10.805000305175781,10.805000305175781,10.805000305175781,10.795000076293945,10.795000076293945,3062.0
2024-03-01 15:12:00,EGRX,6.53000020980835,6.53000020980835,6.53000020980835,6.53000020980835,6.53000020980835,310.0
2024-03-01 15:12:00,EIGR,7.199999809265137,7.199999809265137,7.199999809265137,7.199999809265137,7.199999809265137,141.0
2024-03-01 15:12:00,ELEV,5.139999866485596,5.139999866485596,5.139999866485596,5.125,5.130000114440918,2180.0
2024-03-01 15:12:00,EMBC,14.27180004119873,14.27180004119873,14.27180004119873,14.27180004119873,14.27180004119873,194.0
2024-03-01 15:12:00,ENSG,120.92500305175781,120.92500305175781,120.94000244140625,120.87999725341797,120.9000015258789,2539.0
2024-03-01 15:12:00,ENVB,1.5200999975204468,1.5200999975204468,1.5299999713897705,1.5199999809265137,1.5199999809265137,2253.0
2024-03-01 15:12:00,ERAS,2.505000114440918,2.505000114440918,2.505000114440918,2.494999885559082,2.494999885559082,5159.0
2024-03-01 15:12:00,ESPR,2.5450000762939453,2.5450000762939453,2.5450000762939453,2.5450000762939453,2.5450000762939453,1879.0
2024-03-01 15:12:00,ESTA,44.5099983215332,44.5099983215332,44.630001068115234,44.459999084472656,44.619998931884766,1659.0
2024-03-01 15:12:00,ETNB,12.739999771118164,12.739999771118164,12.739999771118164,12.720000267028809,12.720000267028809,3838.0
2024-03-01 15:12:00,EVAX,3.490000009536743,3.490000009536743,3.5,3.4800000190734863,3.4800000190734863,2009.0
2024-03-01 15:12:00,EWTX,16.81999969482422,16.81999969482422,16.81999969482422,16.81999969482422,16.81999969482422,133.0
2024-03-01 15:12:00,EXAI,6.59499979019165,6.59499979019165,6.59499979019165,6.590000152587891,6.590000152587891,534.0
2024-03-01 15:12:00,EXAS,59.650001525878906,59.650001525878906,59.650001525878906,59.581298828125,59.60499954223633,5106.0
2024-03-01 15:12:00,EXEL,22.295000076293945,22.295000076293945,22.295000076293945,22.295000076293945,22.295000076293945,922.0
2024-03-01 15:12:00,EYEN,2.3499999046325684,2.3499999046325684,2.3499999046325684,2.3499999046325684,2.3499999046325684,2130.0
2024-03-01 15:12:00,EYPT,27.920000076293945,27.920000076293945,27.920000076293945,27.920000076293945,27.920000076293945,1229.0
2024-03-01 15:12:00,FATE,7.690000057220459,7.690000057220459,7.690000057220459,7.684999942779541,7.690000057220459,1785.0
2024-03-01 15:12:00,FDMT,29.3700008392334,29.3700008392334,29.3700008392334,29.334999084472656,29.3700008392334,960.0
2024-03-01 15:12:00,FEMY,1.7300000190734863,1.7300000190734863,1.7300000190734863,1.7300000190734863,1.7300000190734863,3201.0
2024-03-01 15:12:00,FGEN,1.8300000429153442,1.8300000429153442,1.8300000429153442,1.8200000524520874,1.8250000476837158,10104.0
2024-03-01 15:12:00,FIXX,0.9187999963760376,0.9187999963760376,0.9187999963760376,0.9120000004768372,0.9120000004768372,930.0
2024-03-01 15:12:00,FLGT,23.098100662231445,23.098100662231445,23.098100662231445,23.09000015258789,23.09000015258789,1767.0
2024-03-01 15:12:00,FOLD,13.289999961853027,13.289999961853027,13.289999961853027,13.274999618530273,13.279999732971191,4887.0
2024-03-01 15:12:00,FULC,10.930000305175781,10.930000305175781,10.930000305175781,10.930000305175781,10.930000305175781,927.0
2024-03-01 15:12:00,FUSN,12.15999984741211,12.15999984741211,12.15999984741211,12.145000457763672,12.145000457763672,613.0
2024-03-01 15:12:00,GDRX,8.425000190734863,8.425000190734863,8.425000190734863,8.420000076293945,8.425000190734863,995.0
2024-03-01 15:12:00,GENE,2.3399999141693115,2.3399999141693115,2.3499999046325684,2.3399999141693115,2.3399999141693115,300.0
2024-03-01 15:12:00,GERN,2.240000009536743,2.240000009536743,2.2483999729156494,2.240000009536743,2.244999885559082,27861.0
2024-03-01 15:12:00,GH,18.989999771118164,18.989999771118164,18.989999771118164,18.975000381469727,18.975000381469727,3554.0
2024-03-01 15:12:00,GHRS,8.40999984741211,8.40999984741211,8.40999984741211,8.40999984741211,8.40999984741211,474.0
2024-03-01 15:12:00,GILD,72.5250015258789,72.5250015258789,72.5250015258789,72.5,72.51499938964844,8497.0
2024-03-01 15:12:00,GLPG,35.060001373291016,35.060001373291016,35.06999969482422,35.05500030517578,35.05500030517578,768.0
2024-03-01 15:12:00,GLTO,0.8100000023841858,0.8100000023841858,0.8100000023841858,0.8100000023841858,0.8100000023841858,2562.0
2024-03-01 15:12:00,GLUE,6.289999961853027,6.289999961853027,6.289999961853027,6.289999961853027,6.289999961853027,216.0
2024-03-01 15:12:00,GMAB,29.3700008392334,29.3700008392334,29.3700008392334,29.360000610351562,29.360000610351562,853.0
2024-03-01 15:12:00,GOSS,1.4199999570846558,1.4199999570846558,1.4199999570846558,1.4149999618530273,1.4149999618530273,600.0
2024-03-01 15:12:00,GRFS,7.045000076293945,7.045000076293945,7.045000076293945,7.045000076293945,7.045000076293945,8287.0
2024-03-01 15:12:00,GRTS,2.009999990463257,2.009999990463257,2.0299999713897705,2.009999990463257,2.0299999713897705,12012.0
2024-03-01 15:12:00,GTHX,3.75,3.75,3.75,3.7300000190734863,3.734999895095825,3797.0
2024-03-01 15:12:00,HALO,40.959999084472656,40.959999084472656,41.02000045776367,40.959999084472656,41.0,8928.0
2024-03-01 15:12:00,HCAT,8.09000015258789,8.09000015258789,8.09000015258789,8.079999923706055,8.079999923706055,2706.0
2024-03-01 15:12:00,HCM,15.104999542236328,15.104999542236328,15.104999542236328,15.09000015258789,15.09000015258789,263.0
2024-03-01 15:12:00,HCSG,12.704999923706055,12.704999923706055,12.720000267028809,12.704999923706055,12.720000267028809,683.0
2024-03-01 15:12:00,HLTH,0.26109999418258667,0.26109999418258667,0.26109999418258667,0.26109999418258667,0.26109999418258667,125.0
2024-03-01 15:12:00,HLVX,19.135000228881836,19.135000228881836,19.135000228881836,19.135000228881836,19.135000228881836,204.0
2024-03-01 15:12:00,HOLX,74.26000213623047,74.26000213623047,74.27989959716797,74.25,74.27989959716797,1468.0
2024-03-01 15:12:00,HOTH,1.3100999593734741,1.3100999593734741,1.3100999593734741,1.309999942779541,1.309999942779541,285.0
2024-03-01 15:12:00,HQY,81.29000091552734,81.29000091552734,81.29000091552734,81.29000091552734,81.29000091552734,189.0
2024-03-01 15:12:00,HRMY,31.549999237060547,31.549999237060547,31.56999969482422,31.549999237060547,31.56999969482422,688.0
2024-03-01 15:12:00,HROW,10.850000381469727,10.850000381469727,10.850000381469727,10.850000381469727,10.850000381469727,455.0
2024-03-01 15:12:00,HRTX,2.575000047683716,2.575000047683716,2.575000047683716,2.569999933242798,2.569999933242798,651.0
2024-03-01 15:12:00,HSCS,0.11900000274181366,0.11900000274181366,0.11900000274181366,0.11900000274181366,0.11900000274181366,113.0
2024-03-01 15:12:00,HSIC,76.91000366210938,76.91000366210938,76.91000366210938,76.91000366210938,76.91000366210938,458.0
2024-03-01 15:12:00,HSTM,27.280000686645508,27.280000686645508,27.299999237060547,27.280000686645508,27.299999237060547,1410.0
2024-03-01 15:12:00,HUMA,3.265000104904175,3.265000104904175,3.2699999809265137,3.259999990463257,3.265000104904175,36824.0
2024-03-01 15:12:00,IART,36.240501403808594,36.240501403808594,36.240501403808594,36.240501403808594,36.240501403808594,311.0
2024-03-01 15:12:00,IBRX,4.840000152587891,4.840000152587891,4.84499979019165,4.840000152587891,4.84499979019165,732.0
2024-03-01 15:12:00,ICLR,324.3500061035156,324.3500061035156,324.6000061035156,324.3399963378906,324.3399963378906,761.0
2024-03-01 15:12:00,ICUI,105.83999633789062,105.83999633789062,105.83999633789062,105.83999633789062,105.83999633789062,515.0
2024-03-01 15:12:00,IDYA,46.04499816894531,46.04499816894531,46.05500030517578,46.04499816894531,46.05500030517578,1188.0
2024-03-01 15:12:00,IGMS,12.885000228881836,12.885000228881836,12.907099723815918,12.885000228881836,12.907099723815918,426.0
2024-03-01 15:12:00,IINN,1.6851999759674072,1.6851999759674072,1.690000057220459,1.6851999759674072,1.690000057220459,200.0
2024-03-01 15:12:00,IKNA,1.4950000047683716,1.4950000047683716,1.4950000047683716,1.4950000047683716,1.4950000047683716,100.0
2024-03-01 15:12:00,ILMN,141.0,141.0,141.00999450683594,140.88999938964844,140.9499969482422,5160.0
2024-03-01 15:12:00,IMCR,67.96499633789062,67.96499633789062,67.96499633789062,67.87000274658203,67.88999938964844,1219.0
2024-03-01 15:12:00,IMMX,3.5,3.5,3.509000062942505,3.5,3.509000062942505,2209.0
2024-03-01 15:12:00,IMNN,1.0299999713897705,1.0299999713897705,1.0299999713897705,1.0299999713897705,1.0299999713897705,1818.0
2024-03-01 15:12:00,IMTX,12.774999618530273,12.774999618530273,12.774999618530273,12.774999618530273,12.774999618530273,112.0
2024-03-01 15:12:00,IMVT,35.64569854736328,35.64569854736328,35.65999984741211,35.630001068115234,35.630001068115234,1241.0
2024-03-01 15:12:00,INAB,1.0700000524520874,1.0700000524520874,1.0700000524520874,1.0700000524520874,1.0700000524520874,2626.0
2024-03-01 15:12:00,INBX,36.52000045776367,36.52000045776367,36.540000915527344,36.52000045776367,36.529998779296875,1025.0
2024-03-01 15:12:00,INCY,59.11000061035156,59.11000061035156,59.11000061035156,59.06999969482422,59.06999969482422,2347.0
2024-03-01 15:12:00,INGN,6.795000076293945,6.795000076293945,6.795000076293945,6.78000020980835,6.784999847412109,6156.0
2024-03-01 15:12:00,INMD,22.889999389648438,22.889999389648438,22.889999389648438,22.887800216674805,22.887800216674805,1907.0
2024-03-01 15:12:00,INO,9.517600059509277,9.517600059509277,9.517600059509277,9.508000373840332,9.508000373840332,430.0
2024-03-01 15:12:00,INSM,27.979999542236328,27.979999542236328,27.979999542236328,27.940000534057617,27.940000534057617,5363.0
2024-03-01 15:12:00,INZY,6.545000076293945,6.545000076293945,6.545000076293945,6.545000076293945,6.545000076293945,823.0
2024-03-01 15:12:00,IONS,45.86000061035156,45.86000061035156,45.86000061035156,45.83000183105469,45.83000183105469,4611.0
2024-03-01 15:12:00,IOVA,17.014999389648438,17.014999389648438,17.020000457763672,16.989999771118164,17.0049991607666,14599.0
2024-03-01 15:12:00,IRWD,8.949999809265137,8.949999809265137,8.954999923706055,8.949999809265137,8.954999923706055,7936.0
2024-03-01 15:12:00,ISRG,397.3349914550781,397.3349914550781,397.510009765625,397.32000732421875,397.510009765625,2673.0
2024-03-01 15:12:00,ITCI,72.08000183105469,72.08000183105469,72.08000183105469,72.03500366210938,72.08000183105469,896.0
2024-03-01 15:12:00,IVVD,3.9700000286102295,3.9700000286102295,3.9800000190734863,3.9700000286102295,3.9800000190734863,3061.0
2024-03-01 15:12:00,IXHL,5.599999904632568,5.599999904632568,5.619999885559082,5.599999904632568,5.619999885559082,556.0
2024-03-01 15:12:00,JAGX,0.08839999884366989,0.08839999884366989,0.08860000222921371,0.08799999952316284,0.08820000290870667,151468.0
2024-03-01 15:12:00,JANX,46.02000045776367,46.02000045776367,46.119998931884766,46.0099983215332,46.119998931884766,1085.0
2024-03-01 15:12:00,JAZZ,119.22000122070312,119.22000122070312,119.22000122070312,119.22000122070312,119.22000122070312,600.0
2024-03-01 15:12:00,JSPR,21.850000381469727,21.850000381469727,21.850000381469727,21.75,21.75,948.0
2024-03-01 15:12:00,KALA,7.394999980926514,7.394999980926514,7.394999980926514,7.394999980926514,7.394999980926514,134.0
2024-03-01 15:12:00,KALV,14.03499984741211,14.03499984741211,14.03499984741211,14.010000228881836,14.010000228881836,987.0
2024-03-01 15:12:00,KNSA,21.889999389648438,21.889999389648438,21.899999618530273,21.889999389648438,21.899999618530273,745.0
2024-03-01 15:12:00,KNTE,2.6050000190734863,2.6050000190734863,2.6050000190734863,2.6050000190734863,2.6050000190734863,965.0
2024-03-01 15:12:00,KOD,5.980000019073486,5.980000019073486,5.994999885559082,5.980000019073486,5.994999885559082,1251.0
2024-03-01 15:12:00,KPTI,1.184999942779541,1.184999942779541,1.190000057220459,1.184999942779541,1.190000057220459,2005.0
2024-03-01 15:12:00,KRON,1.0499999523162842,1.0499999523162842,1.0499999523162842,1.0499999523162842,1.0499999523162842,1693.0
2024-03-01 15:12:00,KROS,68.87000274658203,68.87000274658203,68.87000274658203,68.87000274658203,68.87000274658203,244.0
2024-03-01 15:12:00,KRYS,169.0050048828125,169.0050048828125,169.0050048828125,169.0050048828125,169.0050048828125,116.0
2024-03-01 15:12:00,KTRA,0.10180000215768814,0.10180000215768814,0.10180000215768814,0.10159999877214432,0.10159999877214432,200.0
2024-03-01 15:12:00,KURA,21.809999465942383,21.809999465942383,21.809999465942383,21.780000686645508,21.780000686645508,890.0
2024-03-01 15:12:00,KYMR,43.709999084472656,43.709999084472656,43.709999084472656,43.650001525878906,43.650001525878906,1115.0
2024-03-01 15:12:00,KZIA,0.24650000035762787,0.24650000035762787,0.24650000035762787,0.24650000035762787,0.24650000035762787,4282.0
2024-03-01 15:12:00,KZR,1.0499999523162842,1.0499999523162842,1.059499979019165,1.034999966621399,1.034999966621399,30565.0
2024-03-01 15:12:00,LAB,2.4700000286102295,2.4700000286102295,2.4700000286102295,2.4625000953674316,2.4625000953674316,1139.0
2024-03-01 15:12:00,LBPH,21.40999984741211,21.40999984741211,21.40999984741211,21.40999984741211,21.40999984741211,860.0
2024-03-01 15:12:00,LEGN,65.52999877929688,65.52999877929688,65.52999877929688,65.52999877929688,65.52999877929688,141.0
2024-03-01 15:12:00,LFMD,7.980000019073486,7.980000019073486,7.980000019073486,7.980000019073486,7.980000019073486,307.0
2024-03-01 15:12:00,LFST,7.730000019073486,7.730000019073486,7.730000019073486,7.71999979019165,7.724999904632568,2020.0
2024-03-01 15:12:00,LIAN,4.869999885559082,4.869999885559082,4.875,4.869999885559082,4.875,1212.0
2024-03-01 15:12:00,LIVN,55.51499938964844,55.51499938964844,55.51499938964844,55.51499938964844,55.51499938964844,559.0
2024-03-01 15:12:00,LMAT,67.47000122070312,67.47000122070312,67.5062026977539,67.37000274658203,67.5062026977539,707.0
2024-03-01 15:12:00,LNTH,64.43000030517578,64.43000030517578,64.43000030517578,64.43000030517578,64.43000030517578,216.0
2024-03-01 15:12:00,LPTX,2.859999895095825,2.859999895095825,2.859999895095825,2.859999895095825,2.859999895095825,200.0
2024-03-01 15:12:00,LQDA,14.5649995803833,14.5649995803833,14.5649995803833,14.5649995803833,14.5649995803833,442.0
2024-03-01 15:12:00,LTRN,4.18120002746582,4.18120002746582,4.18120002746582,4.139999866485596,4.150000095367432,450.0
2024-03-01 15:12:00,LVTX,2.660099983215332,2.660099983215332,2.660099983215332,2.660099983215332,2.660099983215332,325.0
2024-03-01 15:12:00,LXRX,2.490000009536743,2.490000009536743,2.490000009536743,2.4809000492095947,2.4809000492095947,1045.0
2024-03-01 15:12:00,LYEL,3.115000009536743,3.115000009536743,3.119999885559082,3.115000009536743,3.119999885559082,661.0
2024-03-01 15:12:00,LYRA,5.659999847412109,5.659999847412109,5.659999847412109,5.65500020980835,5.65500020980835,410.0
2024-03-01 15:12:00,MASI,127.58000183105469,127.58000183105469,127.58000183105469,127.58000183105469,127.58000183105469,391.0
2024-03-01 15:12:00,MASS,7.269999980926514,7.269999980926514,7.28000020980835,7.269999980926514,7.28000020980835,366.0
2024-03-01 15:12:00,MCRB,1.2200000286102295,1.2200000286102295,1.2300000190734863,1.2200000286102295,1.2300000190734863,498.0
2024-03-01 15:12:00,MDGL,250.63999938964844,250.63999938964844,250.63999938964844,250.0749969482422,250.0749969482422,936.0
2024-03-01 15:12:00,MDRX,6.050000190734863,6.050000190734863,6.070000171661377,6.050000190734863,6.050000190734863,74589.0
2024-03-01 15:12:00,MDXG,8.595000267028809,8.595000267028809,8.599900245666504,8.595000267028809,8.595000267028809,935.0
2024-03-01 15:12:00,ME,0.5521000027656555,0.5521000027656555,0.5522000193595886,0.5521000027656555,0.5521000027656555,21558.0
2024-03-01 15:12:00,MEDP,402.3450012207031,402.3450012207031,402.3450012207031,402.3450012207031,402.3450012207031,763.0
2024-03-01 15:12:00,MEIP,4.28000020980835,4.28000020980835,4.28000020980835,4.269999980926514,4.269999980926514,1051.0
2024-03-01 15:12:00,MESO,2.053999900817871,2.053999900817871,2.053999900817871,2.0450000762939453,2.0450000762939453,2022.0
2024-03-01 15:12:00,MGNX,18.815000534057617,18.815000534057617,18.829999923706055,18.809999465942383,18.829999923706055,9108.0
2024-03-01 15:12:00,MHUA,0.6899999976158142,0.6899999976158142,0.699999988079071,0.6899999976158142,0.6901999711990356,2696.0
2024-03-01 15:12:00,MIRM,29.235000610351562,29.235000610351562,29.235000610351562,29.235000610351562,29.235000610351562,403.0
2024-03-01 15:12:00,MLTX,50.38999938964844,50.38999938964844,50.38999938964844,50.33000183105469,50.33000183105469,1500.0
2024-03-01 15:12:00,MMSI,76.1500015258789,76.1500015258789,76.26000213623047,76.1500015258789,76.26000213623047,1318.0
2024-03-01 15:12:00,MNKD,4.534999847412109,4.534999847412109,4.539999961853027,4.53000020980835,4.539999961853027,5789.0
2024-03-01 15:12:00,MNMD,6.130000114440918,6.130000114440918,6.139999866485596,6.130000114440918,6.139999866485596,758.0
2024-03-01 15:12:00,MNPR,0.9397000074386597,0.9397000074386597,0.9399999976158142,0.9397000074386597,0.9399999976158142,725.0
2024-03-01 15:12:00,MODD,1.8700000047683716,1.8700000047683716,1.8700000047683716,1.8700000047683716,1.8700000047683716,200.0
2024-03-01 15:12:00,MODV,28.440000534057617,28.440000534057617,28.440000534057617,28.440000534057617,28.440000534057617,278.0
2024-03-01 15:12:00,MOR,17.690000534057617,17.690000534057617,17.690000534057617,17.68000030517578,17.68000030517578,972.0
2024-03-01 15:12:00,MORF,39.4900016784668,39.4900016784668,39.4900016784668,39.4900016784668,39.4900016784668,301.0
2024-03-01 15:12:00,MREO,3.944999933242798,3.944999933242798,3.944999933242798,3.944999933242798,3.944999933242798,480.0
2024-03-01 15:12:00,MRNA,95.4927978515625,95.4927978515625,95.5,95.41000366210938,95.4126968383789,6656.0
2024-03-01 15:12:00,MRNS,9.960000038146973,9.960000038146973,9.970000267028809,9.960000038146973,9.970000267028809,1193.0
2024-03-01 15:12:00,MRSN,5.974999904632568,5.974999904632568,5.974999904632568,5.949999809265137,5.954999923706055,5913.0
2024-03-01 15:12:00,MRUS,51.25,51.25,51.31999969482422,51.25,51.314998626708984,1948.0
2024-03-01 15:12:00,MRVI,7.675000190734863,7.675000190734863,7.675000190734863,7.675000190734863,7.675000190734863,130.0
2024-03-01 15:12:00,MXCT,4.739999771118164,4.739999771118164,4.739999771118164,4.739999771118164,4.739999771118164,231.0
2024-03-01 15:12:00,MYGN,22.084999084472656,22.084999084472656,22.084999084472656,22.059999465942383,22.059999465942383,1179.0
2024-03-01 15:12:00,NAOV,0.9616000056266785,0.9616000056266785,0.9616000056266785,0.9614999890327454,0.9614999890327454,7032.0
2024-03-01 15:12:00,NARI,46.0099983215332,46.0099983215332,46.0099983215332,45.97999954223633,45.97999954223633,1489.0
2024-03-01 15:12:00,NBIX,131.83999633789062,131.83999633789062,131.86500549316406,131.83999633789062,131.86000061035156,1557.0
2024-03-01 15:12:00,NDRA,1.149999976158142,1.149999976158142,1.1549999713897705,1.149999976158142,1.1549999713897705,5584.0
2024-03-01 15:12:00,NEO,15.930000305175781,15.930000305175781,15.930000305175781,15.930000305175781,15.930000305175781,397.0
2024-03-01 15:12:00,NEOG,17.309999465942383,17.309999465942383,17.309999465942383,17.299999237060547,17.299999237060547,1390.0
2024-03-01 15:12:00,NERV,2.6549999713897705,2.6549999713897705,2.6549999713897705,2.6549999713897705,2.6549999713897705,1167.0
2024-03-01 15:12:00,NEXI,6.449999809265137,6.449999809265137,6.449999809265137,6.369999885559082,6.369999885559082,1179.0
2024-03-01 15:12:00,NGM,1.5199999809265137,1.5199999809265137,1.5293999910354614,1.5199999809265137,1.5293999910354614,441.0
2024-03-01 15:12:00,NKTR,0.7700999975204468,0.7700999975204468,0.7700999975204468,0.7700999975204468,0.7700999975204468,1003.0
2024-03-01 15:12:00,NKTX,12.640000343322754,12.640000343322754,12.640000343322754,12.640000343322754,12.640000343322754,560.0
2024-03-01 15:12:00,NNOX,10.84000015258789,10.84000015258789,10.84000015258789,10.835000038146973,10.84000015258789,1144.0
2024-03-01 15:12:00,NOTV,7.924600124359131,7.924600124359131,7.924600124359131,7.924600124359131,7.924600124359131,100.0
2024-03-01 15:12:00,NRXP,0.4309999942779541,0.4309999942779541,0.4309999942779541,0.4309999942779541,0.4309999942779541,148.0
2024-03-01 15:12:00,NTLA,33.19499969482422,33.19499969482422,33.20000076293945,33.13999938964844,33.15800094604492,2377.0
2024-03-01 15:12:00,NTRA,89.375,89.375,89.375,89.32749938964844,89.33000183105469,2284.0
2024-03-01 15:12:00,NUTX,0.11389999836683273,0.11389999836683273,0.11389999836683273,0.11389999836683273,0.11389999836683273,349.0
2024-03-01 15:12:00,NUVL,87.34500122070312,87.34500122070312,87.34500122070312,87.32499694824219,87.32499694824219,454.0
2024-03-01 15:12:00,NUWE,0.5975000262260437,0.5975000262260437,0.5975000262260437,0.5975000262260437,0.5975000262260437,101.0
2024-03-01 15:12:00,NVAX,5.341300010681152,5.341300010681152,5.359899997711182,5.335000038146973,5.355000019073486,36587.0
2024-03-01 15:12:00,NVCR,16.030000686645508,16.030000686645508,16.030000686645508,16.024999618530273,16.024999618530273,1140.0
2024-03-01 15:12:00,NVOS,0.6376000046730042,0.6376000046730042,0.6376000046730042,0.6376000046730042,0.6376000046730042,3763.0
2024-03-01 15:12:00,NXTC,1.7699999809265137,1.7699999809265137,1.7699999809265137,1.7699999809265137,1.7699999809265137,200.0
2024-03-01 15:12:00,NYXH,14.920000076293945,14.920000076293945,14.920000076293945,14.920000076293945,14.920000076293945,148.0
2024-03-01 15:12:00,OCGN,0.945900022983551,0.945900022983551,0.9508500099182129,0.9458000063896179,0.9508500099182129,1215.0
2024-03-01 15:12:00,OCUL,10.630000114440918,10.630000114440918,10.630000114440918,10.59000015258789,10.595000267028809,4142.0
2024-03-01 15:12:00,OFIX,12.869999885559082,12.869999885559082,12.869999885559082,12.869999885559082,12.869999885559082,237.0
2024-03-01 15:12:00,OLK,22.985000610351562,22.985000610351562,22.985000610351562,22.985000610351562,22.985000610351562,100.0
2024-03-01 15:12:00,OLMA,14.539899826049805,14.539899826049805,14.539999961853027,14.539899826049805,14.539999961853027,853.0
2024-03-01 15:12:00,OM,3.140000104904175,3.140000104904175,3.140000104904175,3.140000104904175,3.140000104904175,265.0
2024-03-01 15:12:00,OMER,4.78000020980835,4.78000020980835,4.78000020980835,4.78000020980835,4.78000020980835,295.0
2024-03-01 15:12:00,OMGA,4.369999885559082,4.369999885559082,4.389999866485596,4.360000133514404,4.389999866485596,10490.0
2024-03-01 15:13:00,AADI,1.940000057220459,1.940000057220459,1.940000057220459,1.940000057220459,1.940000057220459,595.0
2024-03-01 15:13:00,ABCL,5.079999923706055,5.079999923706055,5.080999851226807,5.079999923706055,5.079999923706055,8129.0
2024-03-01 15:13:00,ABOS,4.610000133514404,4.610000133514404,4.610000133514404,4.610000133514404,4.610000133514404,530.0
2024-03-01 15:13:00,ABSI,5.461599826812744,5.461599826812744,5.480000019073486,5.461599826812744,5.480000019073486,2595.0
2024-03-01 15:13:00,ABUS,2.7799999713897705,2.7799999713897705,2.7799999713897705,2.765000104904175,2.7699999809265137,18635.0
2024-03-01 15:13:00,ACAD,24.079999923706055,24.079999923706055,24.079999923706055,24.079999923706055,24.079999923706055,1295.0
2024-03-01 15:13:00,ACB,3.1710000038146973,3.1710000038146973,3.180000066757202,3.1710000038146973,3.180000066757202,440.0
2024-03-01 15:13:00,ACCD,10.069999694824219,10.069999694824219,10.069999694824219,10.0649995803833,10.0649995803833,1984.0
2024-03-01 15:13:00,ACET,2.384999990463257,2.384999990463257,2.390000104904175,2.384999990463257,2.384999990463257,514.0
2024-03-01 15:13:00,ACHC,84.23500061035156,84.23500061035156,84.23500061035156,84.23500061035156,84.23500061035156,218.0
2024-03-01 15:13:00,ACLX,67.56999969482422,67.56999969482422,67.59500122070312,67.54000091552734,67.59500122070312,810.0
2024-03-01 15:13:00,ACRS,1.2288000583648682,1.2288000583648682,1.2300000190734863,1.2200000286102295,1.225000023841858,3093.0
2024-03-01 15:13:00,ADIL,3.0,3.0,3.0199999809265137,3.0,3.0199999809265137,24567.0
2024-03-01 15:13:00,ADMA,5.514999866485596,5.514999866485596,5.519999980926514,5.514999866485596,5.519999980926514,1552.0
2024-03-01 15:13:00,ADPT,4.059999942779541,4.059999942779541,4.059999942779541,4.054999828338623,4.054999828338623,6064.0
2024-03-01 15:13:00,ADVM,1.965000033378601,1.965000033378601,1.965000033378601,1.9600000381469727,1.965000033378601,2078.0
2024-03-01 15:13:00,AFMD,0.6700999736785889,0.6700999736785889,0.675000011920929,0.6700999736785889,0.675000011920929,16224.0
2024-03-01 15:13:00,AGEN,0.670074999332428,0.670074999332428,0.670074999332428,0.6700000166893005,0.6700500249862671,10143.0
2024-03-01 15:13:00,AGIO,32.380001068115234,32.380001068115234,32.380001068115234,32.2599983215332,32.275001525878906,3351.0
2024-03-01 15:13:00,AHCO,10.46500015258789,10.46500015258789,10.46500015258789,10.460000038146973,10.46500015258789,2096.0
2024-03-01 15:13:00,AIH,0.5203999876976013,0.5203999876976013,0.5203999876976013,0.5203999876976013,0.5203999876976013,3247.0
2024-03-01 15:13:00,AIRS,6.409999847412109,6.409999847412109,6.434999942779541,6.409999847412109,6.434999942779541,830.0
2024-03-01 15:13:00,AKBA,1.690000057220459,1.690000057220459,1.690000057220459,1.684999942779541,1.690000057220459,664.0
2024-03-01 15:13:00,AKRO,28.375,28.375,28.530000686645508,28.329999923706055,28.520000457763672,6399.0
2024-03-01 15:13:00,ALDX,4.21999979019165,4.21999979019165,4.21999979019165,4.215000152587891,4.21999979019165,2268.0
2024-03-01 15:13:00,ALEC,7.404900074005127,7.404900074005127,7.404900074005127,7.389999866485596,7.389999866485596,1704.0
2024-03-01 15:13:00,ALGN,302.3699951171875,302.3699951171875,302.375,302.3699951171875,302.375,477.0
2024-03-01 15:13:00,ALHC,5.579999923706055,5.579999923706055,5.590000152587891,5.570000171661377,5.570000171661377,12480.0
2024-03-01 15:13:00,ALKS,30.155000686645508,30.155000686645508,30.155000686645508,30.145000457763672,30.149999618530273,2857.0
2024-03-01 15:13:00,ALLK,1.649999976158142,1.649999976158142,1.649999976158142,1.6449999809265137,1.6449999809265137,565.0
2024-03-01 15:13:00,ALLO,4.945000171661377,4.945000171661377,4.945000171661377,4.945000171661377,4.945000171661377,757.0
2024-03-01 15:13:00,ALNY,153.47000122070312,153.47000122070312,153.47000122070312,153.36000061035156,153.36000061035156,714.0
2024-03-01 15:13:00,ALPN,35.8650016784668,35.8650016784668,35.8650016784668,35.83000183105469,35.83000183105469,976.0
2024-03-01 15:13:00,ALT,12.069999694824219,12.069999694824219,12.09000015258789,12.050000190734863,12.050000190734863,13962.0
2024-03-01 15:13:00,ALVO,15.640000343322754,15.640000343322754,15.640000343322754,15.640000343322754,15.640000343322754,100.0
2024-03-01 15:13:00,ALVR,0.7400000095367432,0.7400000095367432,0.7400000095367432,0.7400000095367432,0.7400000095367432,171.0
2024-03-01 15:13:00,ALXO,14.96500015258789,14.96500015258789,14.979999542236328,14.930000305175781,14.930000305175781,2558.0
2024-03-01 15:13:00,AMED,93.23999786376953,93.23999786376953,93.23999786376953,93.23999786376953,93.23999786376953,354.0
2024-03-01 15:13:00,AMGN,280.375,280.375,280.4200134277344,280.3599853515625,280.3699951171875,5239.0
2024-03-01 15:13:00,AMLX,18.81999969482422,18.81999969482422,18.81999969482422,18.809999465942383,18.809999465942383,866.0
2024-03-01 15:13:00,AMPH,45.86000061035156,45.86000061035156,45.880001068115234,45.849998474121094,45.86000061035156,1738.0
2024-03-01 15:13:00,AMRN,1.0499999523162842,1.0499999523162842,1.0549999475479126,1.0499999523162842,1.0549999475479126,278.0
2024-03-01 15:13:00,ANGO,5.474999904632568,5.474999904632568,5.474999904632568,5.474999904632568,5.474999904632568,143.0
2024-03-01 15:13:00,ANIP,66.81999969482422,66.81999969482422,66.81999969482422,66.68000030517578,66.68000030517578,735.0
2024-03-01 15:13:00,ANNX,6.039999961853027,6.039999961853027,6.054999828338623,6.034999847412109,6.039999961853027,6090.0
2024-03-01 15:13:00,ANTX,2.9865000247955322,2.9865000247955322,2.990000009536743,2.9700000286102295,2.9865000247955322,2215.0
2024-03-01 15:13:00,APLS,64.41000366210938,64.41000366210938,64.41000366210938,64.30999755859375,64.3499984741211,4969.0
2024-03-01 15:13:00,APLT,7.070000171661377,7.070000171661377,7.070000171661377,7.050099849700928,7.050099849700928,10840.0
2024-03-01 15:13:00,AQST,4.070000171661377,4.070000171661377,4.070000171661377,4.059999942779541,4.059999942779541,2928.0
2024-03-01 15:13:00,ARAY,2.625,2.625,2.630000114440918,2.619999885559082,2.619999885559082,759.0
2024-03-01 15:13:00,ARCT,39.689998626708984,39.689998626708984,39.709999084472656,39.68000030517578,39.709999084472656,1072.0
2024-03-01 15:13:00,ARDX,9.4399995803833,9.4399995803833,9.444999694824219,9.4350004196167,9.444999694824219,3775.0
2024-03-01 15:13:00,ARQT,11.489999771118164,11.489999771118164,11.510000228881836,11.489999771118164,11.5,2795.0
2024-03-01 15:13:00,ARVN,47.79999923706055,47.79999923706055,47.83000183105469,47.70000076293945,47.7599983215332,5481.0
2024-03-01 15:13:00,ARWR,35.5989990234375,35.5989990234375,35.5989990234375,35.56999969482422,35.58000183105469,2400.0
2024-03-01 15:13:00,ASLN,0.7398989796638489,0.7398989796638489,0.7398989796638489,0.7398989796638489,0.7398989796638489,200.0
2024-03-01 15:13:00,ASND,153.97000122070312,153.97000122070312,153.97000122070312,153.97000122070312,153.97000122070312,145.0
2024-03-01 15:13:00,ASRT,0.8870999813079834,0.8870999813079834,0.8873999714851379,0.886900007724762,0.8873999714851379,2034.0
2024-03-01 15:13:00,ATAI,2.140000104904175,2.140000104904175,2.140000104904175,2.134999990463257,2.134999990463257,1011.0
2024-03-01 15:13:00,ATEC,13.460000038146973,13.460000038146973,13.460000038146973,13.444999694824219,13.454999923706055,8576.0
2024-03-01 15:13:00,ATHA,3.9649999141693115,3.9649999141693115,3.9649999141693115,3.9649999141693115,3.9649999141693115,2443.0
2024-03-01 15:13:00,ATNF,3.3410000801086426,3.3410000801086426,3.3410000801086426,3.3410000801086426,3.3410000801086426,105.0
2024-03-01 15:13:00,ATRA,0.7811499834060669,0.7811499834060669,0.7811499834060669,0.7811499834060669,0.7811499834060669,221.0
2024-03-01 15:13:00,ATRC,36.064998626708984,36.064998626708984,36.064998626708984,36.064998626708984,36.064998626708984,212.0
2024-03-01 15:13:00,ATXI,0.15399999916553497,0.15399999916553497,0.15399999916553497,0.15399999916553497,0.15399999916553497,210.0
2024-03-01 15:13:00,ATXS,14.895000457763672,14.895000457763672,14.899999618530273,14.890000343322754,14.899999618530273,2195.0
2024-03-01 15:13:00,AUPH,5.764999866485596,5.764999866485596,5.764999866485596,5.760000228881836,5.760000228881836,1300.0
2024-03-01 15:13:00,AURA,9.25,9.25,9.25,9.25,9.25,519.0
2024-03-01 15:13:00,AUTL,6.239999771118164,6.239999771118164,6.239999771118164,6.230000019073486,6.230000019073486,1787.0
2024-03-01 15:13:00,AVDL,13.399999618530273,13.399999618530273,13.40999984741211,13.399999618530273,13.399999618530273,9094.0
2024-03-01 15:13:00,AVIR,4.449999809265137,4.449999809265137,4.449999809265137,4.449999809265137,4.449999809265137,246.0
2024-03-01 15:13:00,AVRO,1.3200000524520874,1.3200000524520874,1.3200000524520874,1.3200000524520874,1.3200000524520874,140.0
2024-03-01 15:13:00,AVXL,5.300000190734863,5.300000190734863,5.300000190734863,5.281099796295166,5.284999847412109,6761.0
2024-03-01 15:13:00,AXNX,67.74500274658203,67.74500274658203,67.75,67.73999786376953,67.73999786376953,1131.0
2024-03-01 15:13:00,AXSM,82.55999755859375,82.55999755859375,82.55999755859375,82.45999908447266,82.45999908447266,911.0
2024-03-01 15:13:00,AZN,64.66500091552734,64.66500091552734,64.66999816894531,64.65499877929688,64.66000366210938,4263.0
2024-03-01 15:13:00,AZTA,66.93000030517578,66.93000030517578,66.93000030517578,66.93000030517578,66.93000030517578,612.0
2024-03-01 15:13:00,BCAB,2.8350000381469727,2.8350000381469727,2.8350000381469727,2.8299999237060547,2.8299999237060547,1595.0
2024-03-01 15:13:00,BCDA,0.5799999833106995,0.5799999833106995,0.5799999833106995,0.5799000263214111,0.5799000263214111,2099.0
2024-03-01 15:13:00,BCEL,0.2680000066757202,0.2680000066757202,0.2680000066757202,0.2680000066757202,0.2680000066757202,100.0
2024-03-01 15:13:00,BCLI,0.34797200560569763,0.34797200560569763,0.3497999906539917,0.34700000286102295,0.34769999980926514,7836.0
2024-03-01 15:13:00,BCRX,5.659999847412109,5.659999847412109,5.659999847412109,5.650000095367432,5.650000095367432,3911.0
2024-03-01 15:13:00,BCYC,25.725000381469727,25.725000381469727,25.770000457763672,25.725000381469727,25.770000457763672,995.0
2024-03-01 15:13:00,BDTX,4.730100154876709,4.730100154876709,4.739999771118164,4.730100154876709,4.739999771118164,3238.0
2024-03-01 15:13:00,BEAM,39.720001220703125,39.720001220703125,39.720001220703125,39.70000076293945,39.70000076293945,798.0
2024-03-01 15:13:00,BIIB,220.9499969482422,220.9499969482422,221.2100067138672,220.92999267578125,221.01499938964844,4617.0
2024-03-01 15:13:00,BIOL,0.14480000734329224,0.14480000734329224,0.14480000734329224,0.14480000734329224,0.14480000734329224,10000.0
2024-03-01 15:13:00,BIVI,1.931399941444397,1.931399941444397,2.009999990463257,1.909999966621399,1.9900000095367432,168545.0
2024-03-01 15:13:00,BLFS,17.75,17.75,17.770000457763672,17.709999084472656,17.760000228881836,3370.0
2024-03-01 15:13:00,BLUE,1.5750000476837158,1.5750000476837158,1.5799000263214111,1.5700000524520874,1.5700000524520874,4980.0
2024-03-01 15:13:00,BMEA,17.985000610351562,17.985000610351562,18.010000228881836,17.920000076293945,17.920000076293945,3090.0
2024-03-01 15:13:00,BMRA,1.2100000381469727,1.2100000381469727,1.2100000381469727,1.2100000381469727,1.2100000381469727,302.0
2024-03-01 15:13:00,BMRN,87.8499984741211,87.8499984741211,87.8499984741211,87.77999877929688,87.77999877929688,2470.0
2024-03-01 15:13:00,BNR,0.8188999891281128,0.8188999891281128,0.8188999891281128,0.8188999891281128,0.8188999891281128,105.0
2024-03-01 15:13:00,BPMC,96.19999694824219,96.19999694824219,96.3499984741211,96.16999816894531,96.26499938964844,2337.0
2024-03-01 15:13:00,BRKR,88.76000213623047,88.76000213623047,88.7699966430664,88.76000213623047,88.7699966430664,684.0
2024-03-01 15:13:00,BTTX,0.1818999946117401,0.1818999946117401,0.1818999946117401,0.1817999929189682,0.1817999929189682,3400.0
2024-03-01 15:13:00,BVS,4.809999942779541,4.809999942779541,4.809999942779541,4.809999942779541,4.809999942779541,106.0
2024-03-01 15:13:00,BWAY,6.53000020980835,6.53000020980835,6.53000020980835,6.53000020980835,6.53000020980835,100.0
2024-03-01 15:13:00,CABA,23.969999313354492,23.969999313354492,24.0,23.969999313354492,24.0,7159.0
2024-03-01 15:13:00,CAPR,4.550000190734863,4.550000190734863,4.550000190734863,4.550000190734863,4.550000190734863,283.0
2024-03-01 15:13:00,CARA,0.913100004196167,0.913100004196167,0.9205999970436096,0.9129999876022339,0.9205999970436096,7583.0
2024-03-01 15:13:00,CBAY,32.22999954223633,32.22999954223633,32.22999954223633,32.224998474121094,32.22999954223633,3832.0
2024-03-01 15:13:00,CCCC,10.979999542236328,10.979999542236328,10.979999542236328,10.975000381469727,10.975000381469727,404.0
2024-03-01 15:13:00,CCRN,18.290000915527344,18.290000915527344,18.290000915527344,18.274999618530273,18.274999618530273,1361.0
2024-03-01 15:13:00,CDMO,8.220000267028809,8.220000267028809,8.220000267028809,8.220000267028809,8.220000267028809,678.0
2024-03-01 15:13:00,CDNA,12.510000228881836,12.510000228881836,12.510000228881836,12.470000267028809,12.470000267028809,3056.0
2024-03-01 15:13:00,CDXS,4.659999847412109,4.659999847412109,4.659999847412109,4.625,4.630000114440918,6024.0
2024-03-01 15:13:00,CELC,17.049999237060547,17.049999237060547,17.049999237060547,17.049999237060547,17.049999237060547,104.0
2024-03-01 15:13:00,CERE,41.130001068115234,41.130001068115234,41.130001068115234,41.119998931884766,41.119998931884766,1621.0
2024-03-01 15:13:00,CERS,2.174999952316284,2.174999952316284,2.174999952316284,2.174999952316284,2.174999952316284,1045.0
2024-03-01 15:13:00,CERT,18.209999084472656,18.209999084472656,18.225000381469727,18.2091007232666,18.2091007232666,2430.0
2024-03-01 15:13:00,CGEM,18.709999084472656,18.709999084472656,18.75,18.709999084472656,18.729999542236328,1451.0
2024-03-01 15:13:00,CGEN,2.6898999214172363,2.6898999214172363,2.6898999214172363,2.6898999214172363,2.6898999214172363,344.0
2024-03-01 15:13:00,CHRS,2.4049999713897705,2.4049999713897705,2.4100000858306885,2.4049999713897705,2.4049999713897705,514.0
2024-03-01 15:13:00,CLDX,52.439998626708984,52.439998626708984,52.439998626708984,52.439998626708984,52.439998626708984,802.0
2024-03-01 15:13:00,CLNN,0.37940001487731934,0.37940001487731934,0.37940001487731934,0.37940001487731934,0.37940001487731934,1800.0
2024-03-01 15:13:00,CLOV,0.8629999756813049,0.8629999756813049,0.863099992275238,0.8629999756813049,0.863099992275238,23462.0
2024-03-01 15:13:00,CLRB,4.090000152587891,4.090000152587891,4.090000152587891,4.090000152587891,4.090000152587891,1387.0
2024-03-01 15:13:00,CMPS,11.47029972076416,11.47029972076416,11.505000114440918,11.47029972076416,11.505000114440918,1363.0
2024-03-01 15:13:00,CMRX,1.1822999715805054,1.1822999715805054,1.2050000429153442,1.1822999715805054,1.2050000429153442,1815.0
2024-03-01 15:13:00,CNSP,0.32989999651908875,0.32989999651908875,0.32989999651908875,0.3264000117778778,0.32989999651908875,5423.0
2024-03-01 15:13:00,COGT,7.215000152587891,7.215000152587891,7.215000152587891,7.215000152587891,7.215000152587891,1903.0
2024-03-01 15:13:00,COLL,36.779998779296875,36.779998779296875,36.779998779296875,36.779998779296875,36.779998779296875,941.0
2024-03-01 15:13:00,CORT,24.239999771118164,24.239999771118164,24.239999771118164,24.239999771118164,24.239999771118164,1573.0
2024-03-01 15:13:00,CPRX,17.189599990844727,17.189599990844727,17.19499969482422,17.155000686645508,17.15999984741211,10233.0
2024-03-01 15:13:00,CRBP,33.54999923706055,33.54999923706055,33.560001373291016,33.5099983215332,33.5099983215332,474.0
2024-03-01 15:13:00,CRDF,2.6972999572753906,2.6972999572753906,2.700000047683716,2.652100086212158,2.6684999465942383,16690.0
2024-03-01 15:13:00,CRDL,1.9700000286102295,1.9700000286102295,1.9700000286102295,1.940000057220459,1.940000057220459,11356.0
2024-03-01 15:13:00,CRMD,3.6700000762939453,3.6700000762939453,3.6700000762939453,3.659899950027466,3.6600000858306885,4986.0
2024-03-01 15:13:00,CRNX,45.8849983215332,45.8849983215332,45.91999816894531,45.8849983215332,45.91999816894531,225.0
2024-03-01 15:13:00,CRON,2.0250000953674316,2.0250000953674316,2.0250000953674316,2.0199999809265137,2.0250000953674316,2754.0
2024-03-01 15:13:00,CRSP,84.7300033569336,84.7300033569336,84.75,84.72000122070312,84.72000122070312,1407.0
2024-03-01 15:13:00,CRVS,2.174999952316284,2.174999952316284,2.180000066757202,2.174999952316284,2.174999952316284,849.0
2024-03-01 15:13:00,CSTL,19.8799991607666,19.8799991607666,19.8799991607666,19.8799991607666,19.8799991607666,287.0
2024-03-01 15:13:00,CTKB,9.020000457763672,9.020000457763672,9.020000457763672,9.020000457763672,9.020000457763672,1035.0
2024-03-01 15:13:00,CTMX,2.5350000858306885,2.5350000858306885,2.5350000858306885,2.5299999713897705,2.5350000858306885,1330.0
2024-03-01 15:13:00,CUE,2.1600000858306885,2.1600000858306885,2.1600000858306885,2.1600000858306885,2.1600000858306885,102.0
2024-03-01 15:13:00,CUTR,2.4000000953674316,2.4000000953674316,2.4000000953674316,2.4000000953674316,2.4000000953674316,289.0
2024-03-01 15:13:00,CVRX,20.559999465942383,20.559999465942383,20.559999465942383,20.540000915527344,20.540000915527344,948.0
2024-03-01 15:13:00,CYTK,74.0,74.0,74.0,73.95999908447266,73.95999908447266,15630.0
2024-03-01 15:13:00,DAWN,17.6200008392334,17.6200008392334,17.6200008392334,17.6200008392334,17.6200008392334,106.0
2024-03-01 15:13:00,DCGO,4.059999942779541,4.059999942779541,4.059999942779541,4.059999942779541,4.059999942779541,644.0
2024-03-01 15:13:00,DCPH,17.5,17.5,17.5,17.489999771118164,17.489999771118164,447.0
2024-03-01 15:13:00,DERM,4.059999942779541,4.059999942779541,4.059999942779541,4.059999942779541,4.059999942779541,303.0
2024-03-01 15:13:00,DH,8.8149995803833,8.8149995803833,8.8149995803833,8.800000190734863,8.800000190734863,1163.0
2024-03-01 15:13:00,DMTK,0.8483800292015076,0.8483800292015076,0.8483800292015076,0.8399999737739563,0.8399999737739563,410.0
2024-03-01 15:13:00,DNLI,21.06999969482422,21.06999969482422,21.06999969482422,21.049999237060547,21.049999237060547,1553.0
2024-03-01 15:13:00,DSGN,2.875,2.875,2.875,2.875,2.875,271.0
2024-03-01 15:13:00,DTIL,12.574999809265137,12.574999809265137,12.58590030670166,12.574999809265137,12.574999809265137,1701.0
2024-03-01 15:13:00,DVAX,12.8100004196167,12.8100004196167,12.8100004196167,12.800000190734863,12.800000190734863,1924.0
2024-03-01 15:13:00,DXCM,121.19999694824219,121.19999694824219,121.20999908447266,121.1500015258789,121.16999816894531,4561.0
2024-03-01 15:13:00,DYN,29.100000381469727,29.100000381469727,29.100000381469727,29.100000381469727,29.100000381469727,667.0
2024-03-01 15:13:00,EDIT,10.800000190734863,10.800000190734863,10.805999755859375,10.789999961853027,10.805999755859375,4984.0
2024-03-01 15:13:00,EGRX,6.550000190734863,6.550000190734863,6.550000190734863,6.539999961853027,6.539999961853027,738.0
2024-03-01 15:13:00,ELDN,1.8450000286102295,1.8450000286102295,1.8450000286102295,1.8450000286102295,1.8450000286102295,113.0
2024-03-01 15:13:00,ELEV,5.175000190734863,5.175000190734863,5.199999809265137,5.125,5.139999866485596,19088.0
2024-03-01 15:13:00,EMBC,14.289999961853027,14.289999961853027,14.289999961853027,14.289999961853027,14.289999961853027,100.0
2024-03-01 15:13:00,ENSG,121.01000213623047,121.01000213623047,121.01000213623047,120.97000122070312,120.97000122070312,2338.0
2024-03-01 15:13:00,ENTA,15.619999885559082,15.619999885559082,15.619999885559082,15.59000015258789,15.59000015258789,868.0
2024-03-01 15:13:00,ENVB,1.5299999713897705,1.5299999713897705,1.5299999713897705,1.5199999809265137,1.5199999809265137,881.0
2024-03-01 15:13:00,EOLS,14.800000190734863,14.800000190734863,14.800000190734863,14.800000190734863,14.800000190734863,114.0
2024-03-01 15:13:00,EPIX,9.539999961853027,9.539999961853027,9.539999961853027,9.539999961853027,9.539999961853027,143.0
2024-03-01 15:13:00,ERAS,2.515000104904175,2.515000104904175,2.515000104904175,2.509999990463257,2.509999990463257,8226.0
2024-03-01 15:13:00,ESPR,2.5450000762939453,2.5450000762939453,2.5462000370025635,2.5399999618530273,2.5450000762939453,12775.0
2024-03-01 15:13:00,ESTA,44.51499938964844,44.51499938964844,44.599998474121094,44.5,44.599998474121094,3843.0
2024-03-01 15:13:00,ETNB,12.75,12.75,12.75,12.729999542236328,12.739999771118164,2019.0
2024-03-01 15:13:00,EWTX,16.860000610351562,16.860000610351562,16.8799991607666,16.829999923706055,16.829999923706055,6071.0
2024-03-01 15:13:00,EXAS,59.654998779296875,59.654998779296875,59.66999816894531,59.63999938964844,59.63999938964844,2160.0
2024-03-01 15:13:00,EXEL,22.295000076293945,22.295000076293945,22.299999237060547,22.295000076293945,22.295000076293945,2456.0
2024-03-01 15:13:00,EYPT,27.93000030517578,27.93000030517578,27.940000534057617,27.93000030517578,27.940000534057617,1003.0
2024-03-01 15:13:00,FATE,7.691100120544434,7.691100120544434,7.699999809265137,7.690000057220459,7.690000057220459,3499.0
2024-03-01 15:13:00,FDMT,29.420000076293945,29.420000076293945,29.420000076293945,29.3799991607666,29.3799991607666,3665.0
2024-03-01 15:13:00,FGEN,1.8300000429153442,1.8300000429153442,1.8300000429153442,1.8300000429153442,1.8300000429153442,310.0
2024-03-01 15:13:00,FHTX,7.989999771118164,7.989999771118164,8.079999923706055,7.989999771118164,8.079999923706055,4020.0
2024-03-01 15:13:00,FLGT,23.18000030517578,23.18000030517578,23.18000030517578,23.103200912475586,23.1200008392334,2529.0
2024-03-01 15:13:00,FOLD,13.305000305175781,13.305000305175781,13.3149995803833,13.295000076293945,13.300000190734863,9294.0
2024-03-01 15:13:00,FULC,10.954999923706055,10.954999923706055,10.960000038146973,10.9399995803833,10.9399995803833,940.0
2024-03-01 15:13:00,FUSN,12.15999984741211,12.15999984741211,12.15999984741211,12.130000114440918,12.130000114440918,726.0
2024-03-01 15:13:00,FWBI,8.660099983215332,8.660099983215332,8.850099563598633,8.660099983215332,8.850099563598633,1788.0
2024-03-01 15:13:00,GDRX,8.380000114440918,8.380000114440918,8.420000076293945,8.375,8.420000076293945,11537.0
2024-03-01 15:13:00,GERN,2.240000009536743,2.240000009536743,2.244999885559082,2.240000009536743,2.240000009536743,10476.0
2024-03-01 15:13:00,GH,19.010000228881836,19.010000228881836,19.014999389648438,18.985000610351562,18.9950008392334,7152.0
2024-03-01 15:13:00,GILD,72.54000091552734,72.54000091552734,72.54000091552734,72.51000213623047,72.52999877929688,15766.0
2024-03-01 15:13:00,GLPG,35.060001373291016,35.060001373291016,35.060001373291016,35.060001373291016,35.060001373291016,840.0
2024-03-01 15:13:00,GLYC,2.98009991645813,2.98009991645813,2.98009991645813,2.98009991645813,2.98009991645813,463.0
2024-03-01 15:13:00,GMAB,29.386999130249023,29.386999130249023,29.386999130249023,29.364999771118164,29.364999771118164,1194.0
2024-03-01 15:13:00,GMDA,0.38019999861717224,0.38019999861717224,0.3815000057220459,0.38019999861717224,0.38100001215934753,2401.0
2024-03-01 15:13:00,GOSS,1.4199999570846558,1.4199999570846558,1.4199999570846558,1.4149999618530273,1.4149999618530273,508.0
2024-03-01 15:13:00,GOVX,2.5311999320983887,2.5311999320983887,2.5311999320983887,2.5311999320983887,2.5311999320983887,220.0
2024-03-01 15:13:00,GRFS,7.054999828338623,7.054999828338623,7.054999828338623,7.054999828338623,7.054999828338623,1272.0
2024-03-01 15:13:00,GRPH,3.380000114440918,3.380000114440918,3.380000114440918,3.380000114440918,3.380000114440918,150.0
2024-03-01 15:13:00,GRTS,2.009999990463257,2.009999990463257,2.019700050354004,2.0,2.009999990463257,35070.0
2024-03-01 15:13:00,GTHX,3.75,3.75,3.75,3.75,3.75,458.0
2024-03-01 15:13:00,HALO,40.97999954223633,40.97999954223633,40.97999954223633,40.959999084472656,40.970001220703125,1863.0
2024-03-01 15:13:00,HARP,22.950000762939453,22.950000762939453,22.950000762939453,22.950000762939453,22.950000762939453,320.0
2024-03-01 15:13:00,HBIO,4.369999885559082,4.369999885559082,4.369999885559082,4.369999885559082,4.369999885559082,166.0
2024-03-01 15:13:00,HCAT,8.095000267028809,8.095000267028809,8.095000267028809,8.095000267028809,8.095000267028809,385.0
2024-03-01 15:13:00,HCM,15.164999961853027,15.164999961853027,15.164999961853027,15.119999885559082,15.119999885559082,1347.0
2024-03-01 15:13:00,HCSG,12.720000267028809,12.720000267028809,12.720000267028809,12.720000267028809,12.720000267028809,1488.0
2024-03-01 15:13:00,HCTI,2.0399999618530273,2.0399999618530273,2.0799999237060547,2.0399999618530273,2.0799999237060547,999.0
2024-03-01 15:13:00,HLTH,0.25999999046325684,0.25999999046325684,0.26109999418258667,0.25699999928474426,0.25999999046325684,12026.0
2024-03-01 15:13:00,HLVX,19.174999237060547,19.174999237060547,19.174999237060547,19.174999237060547,19.174999237060547,133.0
2024-03-01 15:13:00,HOLX,74.25,74.25,74.26499938964844,74.24500274658203,74.26499938964844,1872.0
2024-03-01 15:13:00,HOWL,7.110000133514404,7.110000133514404,7.110000133514404,7.079999923706055,7.079999923706055,1226.0
2024-03-01 15:13:00,HRMY,31.610000610351562,31.610000610351562,31.610000610351562,31.56999969482422,31.56999969482422,1906.0
2024-03-01 15:13:00,HROW,10.890000343322754,10.890000343322754,10.890000343322754,10.880000114440918,10.880000114440918,1386.0
2024-03-01 15:13:00,HRTX,2.569999933242798,2.569999933242798,2.575000047683716,2.569999933242798,2.569999933242798,441.0
2024-03-01 15:13:00,HSIC,76.93000030517578,76.93000030517578,76.93000030517578,76.91999816894531,76.91999816894531,816.0
2024-03-01 15:13:00,HUMA,3.265000104904175,3.265000104904175,3.2699999809265137,3.265000104904175,3.265000104904175,37097.0
2024-03-01 15:13:00,IART,36.2400016784668,36.2400016784668,36.2400016784668,36.22999954223633,36.2400016784668,1085.0
2024-03-01 15:13:00,IBRX,4.849999904632568,4.849999904632568,4.853000164031982,4.84499979019165,4.849999904632568,9291.0
2024-03-01 15:13:00,ICCM,1.2799999713897705,1.2799999713897705,1.2799999713897705,1.2799999713897705,1.2799999713897705,100.0
2024-03-01 15:13:00,ICLR,324.6000061035156,324.6000061035156,324.6000061035156,324.3550109863281,324.3550109863281,776.0
2024-03-01 15:13:00,ICUI,105.91000366210938,105.91000366210938,105.98999786376953,105.84500122070312,105.84500122070312,2796.0
2024-03-01 15:13:00,IDXX,578.0050048828125,578.0050048828125,578.0050048828125,578.0050048828125,578.0050048828125,207.0
2024-03-01 15:13:00,IDYA,46.119998931884766,46.119998931884766,46.119998931884766,46.08000183105469,46.08000183105469,1180.0
2024-03-01 15:13:00,IFRX,1.7450000047683716,1.7450000047683716,1.7899999618530273,1.7200000286102295,1.7899999618530273,15123.0
2024-03-01 15:13:00,IKNA,1.4950000047683716,1.4950000047683716,1.4950000047683716,1.4950000047683716,1.4950000047683716,400.0
2024-03-01 15:13:00,ILMN,141.0500030517578,141.0500030517578,141.13999938964844,140.95750427246094,141.0,10610.0
2024-03-01 15:13:00,IMMX,3.5,3.5,3.505000114440918,3.5,3.505000114440918,719.0
2024-03-01 15:13:00,IMRX,6.110000133514404,6.110000133514404,6.110000133514404,6.110000133514404,6.110000133514404,963.0
2024-03-01 15:13:00,IMTX,12.800000190734863,12.800000190734863,12.800000190734863,12.789999961853027,12.789999961853027,1255.0
2024-03-01 15:13:00,IMUX,1.4700000286102295,1.4700000286102295,1.4709999561309814,1.4700000286102295,1.4709999561309814,22024.0
2024-03-01 15:13:00,IMVT,35.65999984741211,35.65999984741211,35.65999984741211,35.630001068115234,35.64500045776367,1097.0
2024-03-01 15:13:00,INBX,36.54999923706055,36.54999923706055,36.58000183105469,36.54999923706055,36.55500030517578,630.0
2024-03-01 15:13:00,INCY,59.15999984741211,59.15999984741211,59.15999984741211,59.11000061035156,59.130001068115234,5780.0
2024-03-01 15:13:00,INGN,6.820000171661377,6.820000171661377,6.820000171661377,6.795000076293945,6.795000076293945,2481.0
2024-03-01 15:13:00,INMD,22.90999984741211,22.90999984741211,22.90999984741211,22.889999389648438,22.889999389648438,2721.0
2024-03-01 15:13:00,INO,9.510000228881836,9.510000228881836,9.550000190734863,9.505000114440918,9.505000114440918,2954.0
2024-03-01 15:13:00,INSM,28.049999237060547,28.049999237060547,28.049999237060547,27.979999542236328,27.989999771118164,3272.0
2024-03-01 15:13:00,INVA,15.375,15.375,15.375,15.364999771118164,15.364999771118164,2647.0
2024-03-01 15:13:00,INZY,6.550000190734863,6.550000190734863,6.550000190734863,6.539999961853027,6.539999961853027,464.0
2024-03-01 15:13:00,IONS,45.86000061035156,45.86000061035156,45.8650016784668,45.845001220703125,45.86000061035156,1680.0
2024-03-01 15:13:00,IOVA,17.032499313354492,17.032499313354492,17.037200927734375,17.020000457763672,17.020000457763672,7833.0
2024-03-01 15:13:00,IRMD,41.275001525878906,41.275001525878906,41.38999938964844,41.275001525878906,41.380001068115234,763.0
2024-03-01 15:13:00,IRTC,121.25,121.25,121.25,121.25,121.25,299.0
2024-03-01 15:13:00,IRWD,8.954999923706055,8.954999923706055,8.960000038146973,8.949999809265137,8.949999809265137,53180.0
2024-03-01 15:13:00,ISRG,397.1415100097656,397.1415100097656,397.3599853515625,397.1400146484375,397.3599853515625,11241.0
2024-03-01 15:13:00,ITCI,72.08999633789062,72.08999633789062,72.0999984741211,72.08999633789062,72.0999984741211,334.0
2024-03-01 15:13:00,JAGX,0.08879999816417694,0.08879999816417694,0.08889999985694885,0.08799999952316284,0.08839999884366989,172995.0
2024-03-01 15:13:00,JANX,46.025001525878906,46.025001525878906,46.025001525878906,45.970001220703125,46.0099983215332,5473.0
2024-03-01 15:13:00,JAZZ,119.28500366210938,119.28500366210938,119.37000274658203,119.22000122070312,119.2300033569336,3726.0
2024-03-01 15:13:00,KALV,14.045000076293945,14.045000076293945,14.0600004196167,14.045000076293945,14.0600004196167,377.0
2024-03-01 15:13:00,KNSA,21.899999618530273,21.899999618530273,21.899999618530273,21.899999618530273,21.899999618530273,620.0
2024-03-01 15:13:00,KOD,6.03000020980835,6.03000020980835,6.03000020980835,5.994999885559082,6.0,2732.0
2024-03-01 15:13:00,KPTI,1.190000057220459,1.190000057220459,1.190000057220459,1.190000057220459,1.190000057220459,19762.0
2024-03-01 15:13:00,KRON,1.0499999523162842,1.0499999523162842,1.0499999523162842,1.0499999523162842,1.0499999523162842,408.0
2024-03-01 15:13:00,KRTX,315.7250061035156,315.7250061035156,315.7250061035156,315.7250061035156,315.7250061035156,364.0
2024-03-01 15:13:00,KRYS,168.99000549316406,168.99000549316406,168.99000549316406,168.99000549316406,168.99000549316406,931.0
2024-03-01 15:13:00,KTRA,0.10180000215768814,0.10180000215768814,0.10180000215768814,0.10130000114440918,0.10130000114440918,3017.0
2024-03-01 15:13:00,KURA,21.799999237060547,21.799999237060547,21.799999237060547,21.799999237060547,21.799999237060547,285.0
2024-03-01 15:13:00,KYMR,43.77000045776367,43.77000045776367,43.77000045776367,43.7400016784668,43.75,480.0
2024-03-01 15:13:00,KZIA,0.24649900197982788,0.24649900197982788,0.24649900197982788,0.23909999430179596,0.23909999430179596,584.0
2024-03-01 15:13:00,KZR,1.0399999618530273,1.0399999618530273,1.0449999570846558,1.0399999618530273,1.0399999618530273,4840.0
2024-03-01 15:13:00,LAB,2.4649999141693115,2.4649999141693115,2.4749999046325684,2.4600000381469727,2.4649999141693115,39298.0
2024-03-01 15:13:00,LBPH,21.450000762939453,21.450000762939453,21.450000762939453,21.450000762939453,21.450000762939453,100.0
2024-03-01 15:13:00,LEGN,65.61000061035156,65.61000061035156,65.61000061035156,65.55999755859375,65.55999755859375,763.0
2024-03-01 15:13:00,LEXX,2.780100107192993,2.780100107192993,2.8499999046325684,2.780100107192993,2.8499999046325684,290.0
2024-03-01 15:13:00,LFST,7.735000133514404,7.735000133514404,7.735000133514404,7.724999904632568,7.724999904632568,2820.0
2024-03-01 15:13:00,LGND,77.22000122070312,77.22000122070312,77.4000015258789,77.22000122070312,77.4000015258789,385.0
2024-03-01 15:13:00,LGVN,0.531000018119812,0.531000018119812,0.5353999733924866,0.531000018119812,0.5353999733924866,305.0
2024-03-01 15:13:00,LIVN,55.540000915527344,55.540000915527344,55.540000915527344,55.540000915527344,55.540000915527344,1033.0
2024-03-01 15:13:00,LIXT,2.484999895095825,2.484999895095825,2.484999895095825,2.484999895095825,2.484999895095825,200.0
2024-03-01 15:13:00,LMAT,67.51499938964844,67.51499938964844,67.56999969482422,67.33000183105469,67.33000183105469,1917.0
2024-03-01 15:13:00,LNTH,64.48999786376953,64.48999786376953,64.48999786376953,64.41999816894531,64.41999816894531,2777.0
2024-03-01 15:13:00,LPTX,2.859999895095825,2.859999895095825,2.860100030899048,2.859999895095825,2.859999895095825,700.0
2024-03-01 15:13:00,LQDA,14.569999694824219,14.569999694824219,14.569999694824219,14.569999694824219,14.569999694824219,129.0
2024-03-01 15:13:00,LRMR,11.319999694824219,11.319999694824219,11.319999694824219,11.319999694824219,11.319999694824219,100.0
2024-03-01 15:13:00,LTRN,4.100200176239014,4.100200176239014,4.139999866485596,4.100200176239014,4.139999866485596,1812.0
2024-03-01 15:13:00,LUNG,9.430000305175781,9.430000305175781,9.430000305175781,9.430000305175781,9.430000305175781,1674.0
2024-03-01 15:13:00,LXRX,2.490000009536743,2.490000009536743,2.490000009536743,2.484999895095825,2.484999895095825,3091.0
2024-03-01 15:13:00,LYRA,5.650000095367432,5.650000095367432,5.650000095367432,5.639999866485596,5.639999866485596,2709.0
2024-03-01 15:13:00,MASS,7.320000171661377,7.320000171661377,7.320000171661377,7.269999980926514,7.269999980926514,1495.0
2024-03-01 15:13:00,MCRB,1.2300000190734863,1.2300000190734863,1.2300000190734863,1.2200000286102295,1.2200000286102295,2616.0
2024-03-01 15:13:00,MDGL,250.6300048828125,250.6300048828125,250.6300048828125,250.1199951171875,250.1199951171875,326.0
2024-03-01 15:13:00,MDGS,2.700000047683716,2.700000047683716,2.700000047683716,2.690000057220459,2.690000057220459,1604.0
2024-03-01 15:13:00,MDRX,6.03000020980835,6.03000020980835,6.070000171661377,6.03000020980835,6.050000190734863,42823.0
2024-03-01 15:13:00,MDXG,8.595000267028809,8.595000267028809,8.595000267028809,8.595000267028809,8.595000267028809,467.0
2024-03-01 15:13:00,ME,0.5519000291824341,0.5519000291824341,0.5521500110626221,0.5519000291824341,0.5521500110626221,2861.0
2024-03-01 15:13:00,MGNX,18.815000534057617,18.815000534057617,18.815000534057617,18.815000534057617,18.815000534057617,426.0
2024-03-01 15:13:00,MHUA,0.6898999810218811,0.6898999810218811,0.6898999810218811,0.6898999810218811,0.6898999810218811,2807.0
2024-03-01 15:13:00,MIST,1.6799999475479126,1.6799999475479126,1.6799999475479126,1.6799999475479126,1.6799999475479126,148.0
2024-03-01 15:13:00,MLTX,50.369998931884766,50.369998931884766,50.369998931884766,50.369998931884766,50.369998931884766,110.0
2024-03-01 15:13:00,MMSI,76.05999755859375,76.05999755859375,76.15499877929688,76.05999755859375,76.15499877929688,1707.0
2024-03-01 15:13:00,MNKD,4.539999961853027,4.539999961853027,4.539999961853027,4.53000020980835,4.539999961853027,4830.0
2024-03-01 15:13:00,MNMD,6.130000114440918,6.130000114440918,6.135000228881836,6.119999885559082,6.130099773406982,2230.0
2024-03-01 15:13:00,MNPR,0.9397000074386597,0.9397000074386597,0.9399999976158142,0.9397000074386597,0.9397000074386597,744.0
2024-03-01 15:13:00,MODD,1.8700000047683716,1.8700000047683716,1.8700000047683716,1.8700000047683716,1.8700000047683716,634.0
2024-03-01 15:13:00,MODV,28.489999771118164,28.489999771118164,28.5,28.40239906311035,28.40239906311035,3982.0
2024-03-01 15:13:00,MOR,17.68000030517578,17.68000030517578,17.68000030517578,17.68000030517578,17.68000030517578,113.0
2024-03-01 15:13:00,MORF,39.529998779296875,39.529998779296875,39.529998779296875,39.52000045776367,39.52000045776367,897.0
2024-03-01 15:13:00,MOVE,0.5681999921798706,0.5681999921798706,0.5800999999046326,0.5676000118255615,0.5800999999046326,20408.0
2024-03-01 15:13:00,MREO,3.950000047683716,3.950000047683716,3.950000047683716,3.940000057220459,3.944999933242798,2694.0
2024-03-01 15:13:00,MRNA,95.44999694824219,95.44999694824219,95.48999786376953,95.44000244140625,95.48999786376953,3407.0
2024-03-01 15:13:00,MRSN,5.96999979019165,5.96999979019165,5.96999979019165,5.960000038146973,5.96999979019165,1893.0
2024-03-01 15:13:00,MRUS,51.165000915527344,51.165000915527344,51.290000915527344,51.165000915527344,51.220001220703125,1920.0
2024-03-01 15:13:00,MRVI,7.690000057220459,7.690000057220459,7.690000057220459,7.675000190734863,7.675000190734863,5832.0
2024-03-01 15:13:00,MXCT,4.75,4.75,4.75,4.739999771118164,4.739999771118164,2785.0
2024-03-01 15:13:00,MYGN,22.079999923706055,22.079999923706055,22.079999923706055,22.079999923706055,22.079999923706055,860.0
2024-03-01 15:13:00,MYNZ,0.8799999952316284,0.8799999952316284,0.8799999952316284,0.8799999952316284,0.8799999952316284,584.0
2024-03-01 15:13:00,NARI,46.0,46.0,46.0,46.0,46.0,431.0
2024-03-01 15:13:00,NBIX,131.8300018310547,131.8300018310547,131.8300018310547,131.80999755859375,131.80999755859375,1071.0
2024-03-01 15:13:00,NDRA,1.149999976158142,1.149999976158142,1.149999976158142,1.149999976158142,1.149999976158142,503.0
2024-03-01 15:13:00,NEO,15.949999809265137,15.949999809265137,15.949999809265137,15.930000305175781,15.930000305175781,2274.0
2024-03-01 15:13:00,NEOG,17.309999465942383,17.309999465942383,17.309999465942383,17.30500030517578,17.30500030517578,1564.0
2024-03-01 15:13:00,NGM,1.5199999809265137,1.5199999809265137,1.524999976158142,1.5199999809265137,1.524999976158142,1563.0
2024-03-01 15:13:00,NKTR,0.7720999717712402,0.7720999717712402,0.7720999717712402,0.7699999809265137,0.7699999809265137,1628.0
2024-03-01 15:13:00,NKTX,12.625,12.625,12.625,12.625,12.625,102.0
2024-03-01 15:13:00,NLSP,0.3799999952316284,0.3799999952316284,0.3799999952316284,0.3799999952316284,0.3799999952316284,5160.0
2024-03-01 15:13:00,NNOX,10.890000343322754,10.890000343322754,10.890000343322754,10.845000267028809,10.845000267028809,3880.0
2024-03-01 15:13:00,NRSN,1.9701000452041626,1.9701000452041626,1.9701000452041626,1.9701000452041626,1.9701000452041626,155.0
2024-03-01 15:13:00,NRXP,0.4309999942779541,0.4309999942779541,0.44377100467681885,0.4309999942779541,0.44377100467681885,5284.0
2024-03-01 15:13:00,NTLA,33.21200180053711,33.21200180053711,33.21200180053711,33.209999084472656,33.209999084472656,288.0
2024-03-01 15:13:00,NTRA,89.41999816894531,89.41999816894531,89.41999816894531,89.37999725341797,89.4000015258789,3669.0
2024-03-01 15:13:00,NUTX,0.11394999921321869,0.11394999921321869,0.11400000005960464,0.11389999836683273,0.11400000005960464,1405.0
2024-03-01 15:13:00,NUVL,87.33999633789062,87.33999633789062,87.4000015258789,87.33999633789062,87.34500122070312,1310.0
2024-03-01 15:13:00,NVAX,5.355000019073486,5.355000019073486,5.355000019073486,5.340000152587891,5.34499979019165,33465.0
2024-03-01 15:13:00,NVCR,16.049999237060547,16.049999237060547,16.049999237060547,16.03499984741211,16.040000915527344,2845.0
2024-03-01 15:13:00,NVCT,10.725000381469727,10.725000381469727,10.725000381469727,10.725000381469727,10.725000381469727,125.0
2024-03-01 15:13:00,NXTC,1.7799999713897705,1.7799999713897705,1.7799999713897705,1.7599999904632568,1.7599999904632568,200.0
2024-03-01 15:13:00,OCGN,0.949999988079071,0.949999988079071,0.9501000046730042,0.949999988079071,0.949999988079071,2361.0
2024-03-01 15:13:00,OCUL,10.614999771118164,10.614999771118164,10.62600040435791,10.614999771118164,10.625,1342.0
2024-03-01 15:13:00,OFIX,12.869999885559082,12.869999885559082,12.869999885559082,12.869999885559082,12.869999885559082,201.0
2024-03-01 15:13:00,OGI,2.1549999713897705,2.1549999713897705,2.1549999713897705,2.1549999713897705,2.1549999713897705,283.0
2024-03-01 15:13:00,OKYO,1.4299999475479126,1.4299999475479126,1.4299999475479126,1.4199999570846558,1.4199999570846558,615.0
2024-03-01 15:13:00,OLK,22.985000610351562,22.985000610351562,22.989999771118164,22.985000610351562,22.989999771118164,1862.0
2024-03-01 15:13:00,OLMA,14.595000267028809,14.595000267028809,14.609999656677246,14.569999694824219,14.569999694824219,2910.0
2024-03-01 15:13:00,OM,3.1449999809265137,3.1449999809265137,3.1449999809265137,3.140000104904175,3.1419999599456787,1614.0
2024-03-01 15:13:00,OMCL,26.420000076293945,26.420000076293945,26.474899291992188,26.420000076293945,26.474899291992188,915.0
2024-03-01 15:13:00,OMER,4.78000020980835,4.78000020980835,4.78000020980835,4.775000095367432,4.775000095367432,2431.0
2024-03-01 15:13:00,OMGA,4.380000114440918,4.380000114440918,4.380000114440918,4.380000114440918,4.380000114440918,101.0
2024-03-01 15:13:00,ONCY,1.1299999952316284,1.1299999952316284,1.1299999952316284,1.1299999952316284,1.1299999952316284,212.0
2024-03-01 15:14:00,AADI,1.934999942779541,1.934999942779541,1.940000057220459,1.934999942779541,1.940000057220459,839.0
2024-03-01 15:14:00,ABCL,5.085000038146973,5.085000038146973,5.085000038146973,5.085000038146973,5.085000038146973,2177.0
2024-03-01 15:14:00,ABEO,7.760000228881836,7.760000228881836,7.800000190734863,7.760000228881836,7.789999961853027,530.0
2024-03-01 15:14:00,ABOS,4.635000228881836,4.635000228881836,4.635000228881836,4.635000228881836,4.635000228881836,124.0
2024-03-01 15:14:00,ABSI,5.460000038146973,5.460000038146973,5.474999904632568,5.460000038146973,5.46999979019165,2656.0
2024-03-01 15:14:00,ACAD,24.094999313354492,24.094999313354492,24.094999313354492,24.09000015258789,24.09000015258789,2872.0
2024-03-01 15:14:00,ACB,3.190000057220459,3.190000057220459,3.190000057220459,3.184999942779541,3.184999942779541,5315.0
2024-03-01 15:14:00,ACCD,10.069999694824219,10.069999694824219,10.069999694824219,10.0600004196167,10.069999694824219,1380.0
2024-03-01 15:14:00,ACET,2.390000104904175,2.390000104904175,2.390000104904175,2.390000104904175,2.390000104904175,100.0
2024-03-01 15:14:00,ACHC,84.25,84.25,84.25,84.19999694824219,84.22000122070312,1067.0
2024-03-01 15:14:00,ACHL,1.3700000047683716,1.3700000047683716,1.3701000213623047,1.3700000047683716,1.3700000047683716,4201.0
2024-03-01 15:14:00,ACRS,1.2300000190734863,1.2300000190734863,1.2300000190734863,1.2200000286102295,1.225000023841858,2320.0
2024-03-01 15:14:00,ADAP,1.6100000143051147,1.6100000143051147,1.6100000143051147,1.6050000190734863,1.6050000190734863,1727.0
2024-03-01 15:14:00,ADIL,3.0299999713897705,3.0299999713897705,3.0399999618530273,3.0,3.0,50406.0
2024-03-01 15:14:00,ADMA,5.514999866485596,5.514999866485596,5.519999980926514,5.514999866485596,5.519999980926514,2466.0
2024-03-01 15:14:00,ADPT,4.065000057220459,4.065000057220459,4.065000057220459,4.065000057220459,4.065000057220459,203.0
2024-03-01 15:14:00,ADTX,3.424999952316284,3.424999952316284,3.440000057220459,3.424999952316284,3.440000057220459,832.0
2024-03-01 15:14:00,ADVM,1.9600000381469727,1.9600000381469727,1.965000033378601,1.9600000381469727,1.9600000381469727,580.0
2024-03-01 15:14:00,AFMD,0.6725999712944031,0.6725999712944031,0.6725999712944031,0.6725999712944031,0.6725999712944031,700.0
2024-03-01 15:14:00,AGEN,0.6700500249862671,0.6700500249862671,0.6700999736785889,0.6700000166893005,0.6700000166893005,16381.0
2024-03-01 15:14:00,AGIO,32.3849983215332,32.3849983215332,32.439998626708984,32.36000061035156,32.439998626708984,1356.0
2024-03-01 15:14:00,AGRX,0.8399999737739563,0.8399999737739563,0.8399999737739563,0.8399999737739563,0.8399999737739563,216.0
2024-03-01 15:14:00,AHCO,10.449999809265137,10.449999809265137,10.46500015258789,10.449999809265137,10.46500015258789,5997.0
2024-03-01 15:14:00,AIH,0.5206000208854675,0.5206000208854675,0.5206000208854675,0.5201529860496521,0.5202000141143799,1300.0
2024-03-01 15:14:00,AIMD,0.9700000286102295,0.9700000286102295,0.9700000286102295,0.9700000286102295,0.9700000286102295,100.0
2024-03-01 15:14:00,AIRS,6.409999847412109,6.409999847412109,6.409999847412109,6.400000095367432,6.409999847412109,644.0
2024-03-01 15:14:00,AKAN,0.2084999978542328,0.2084999978542328,0.20999999344348907,0.2084999978542328,0.20880000293254852,1900.0
2024-03-01 15:14:00,AKBA,1.690000057220459,1.690000057220459,1.690000057220459,1.684999942779541,1.684999942779541,1561.0
2024-03-01 15:14:00,AKRO,28.31999969482422,28.31999969482422,28.389999389648438,28.31999969482422,28.34000015258789,1541.0
2024-03-01 15:14:00,ALDX,4.235000133514404,4.235000133514404,4.235000133514404,4.21999979019165,4.21999979019165,4607.0
2024-03-01 15:14:00,ALEC,7.400000095367432,7.400000095367432,7.409999847412109,7.400000095367432,7.40500020980835,916.0
2024-03-01 15:14:00,ALGN,302.4599914550781,302.4599914550781,302.4599914550781,302.4599914550781,302.4599914550781,160.0
2024-03-01 15:14:00,ALHC,5.585000038146973,5.585000038146973,5.599999904632568,5.579999923706055,5.590000152587891,11904.0
2024-03-01 15:14:00,ALKS,30.149999618530273,30.149999618530273,30.155000686645508,30.149999618530273,30.155000686645508,2300.0
2024-03-01 15:14:00,ALLK,1.6449999809265137,1.6449999809265137,1.649999976158142,1.6449999809265137,1.649999976158142,741.0
2024-03-01 15:14:00,ALLO,4.945000171661377,4.945000171661377,4.949999809265137,4.945000171661377,4.949999809265137,1327.0
2024-03-01 15:14:00,ALNY,153.47500610351562,153.47500610351562,153.47500610351562,153.47500610351562,153.47500610351562,120.0
2024-03-01 15:14:00,ALPN,35.88999938964844,35.88999938964844,35.88999938964844,35.88999938964844,35.88999938964844,576.0
2024-03-01 15:14:00,ALT,12.079999923706055,12.079999923706055,12.079999923706055,12.079999923706055,12.079999923706055,987.0
2024-03-01 15:14:00,ALVR,0.7400000095367432,0.7400000095367432,0.741599977016449,0.7400000095367432,0.7400000095367432,1345.0
2024-03-01 15:14:00,ALXO,15.010000228881836,15.010000228881836,15.015000343322754,14.989999771118164,14.989999771118164,11526.0
2024-03-01 15:14:00,AMGN,280.4150085449219,280.4150085449219,280.4549865722656,280.3699951171875,280.3699951171875,3450.0
2024-03-01 15:14:00,AMLX,18.81999969482422,18.81999969482422,18.81999969482422,18.81999969482422,18.81999969482422,314.0
2024-03-01 15:14:00,AMPH,45.84000015258789,45.84000015258789,45.869998931884766,45.83000183105469,45.86000061035156,874.0
2024-03-01 15:14:00,AMRN,1.0549999475479126,1.0549999475479126,1.0549999475479126,1.0499999523162842,1.0549999475479126,750.0
2024-03-01 15:14:00,ANAB,25.329999923706055,25.329999923706055,25.329999923706055,25.329999923706055,25.329999923706055,284.0
2024-03-01 15:14:00,ANGO,5.4822001457214355,5.4822001457214355,5.485000133514404,5.480000019073486,5.480000019073486,2632.0
2024-03-01 15:14:00,ANIK,25.040000915527344,25.040000915527344,25.040000915527344,25.040000915527344,25.040000915527344,804.0
2024-03-01 15:14:00,ANIX,3.5,3.5,3.5,3.5,3.5,100.0
2024-03-01 15:14:00,ANNX,6.050000190734863,6.050000190734863,6.050000190734863,6.039999961853027,6.039999961853027,801.0
2024-03-01 15:14:00,ANTX,3.0099000930786133,3.0099000930786133,3.0099000930786133,2.9800000190734863,2.990000009536743,5329.0
2024-03-01 15:14:00,APLS,64.47000122070312,64.47000122070312,64.5199966430664,64.41999816894531,64.41999816894531,2215.0
2024-03-01 15:14:00,APLT,7.074999809265137,7.074999809265137,7.090000152587891,7.070000171661377,7.070000171661377,7027.0
2024-03-01 15:14:00,APTO,1.8140000104904175,1.8140000104904175,1.8140000104904175,1.8140000104904175,1.8140000104904175,694.0
2024-03-01 15:14:00,AQST,4.069900035858154,4.069900035858154,4.069900035858154,4.065000057220459,4.065000057220459,1120.0
2024-03-01 15:14:00,ARCT,39.63999938964844,39.63999938964844,39.63999938964844,39.63999938964844,39.63999938964844,214.0
2024-03-01 15:14:00,ARDX,9.449999809265137,9.449999809265137,9.454999923706055,9.4399995803833,9.4399995803833,4099.0
2024-03-01 15:14:00,ARQT,11.505000114440918,11.505000114440918,11.510000228881836,11.489999771118164,11.5,9394.0
2024-03-01 15:14:00,ARVN,47.83000183105469,47.83000183105469,47.83000183105469,47.779998779296875,47.79499816894531,2362.0
2024-03-01 15:14:00,ARWR,35.623600006103516,35.623600006103516,35.625,35.599998474121094,35.599998474121094,1729.0
2024-03-01 15:14:00,ASLN,0.7398999929428101,0.7398999929428101,0.7398999929428101,0.7398999929428101,0.7398999929428101,159.0
2024-03-01 15:14:00,ASMB,13.300000190734863,13.300000190734863,13.375,13.300000190734863,13.375,523.0
2024-03-01 15:14:00,ASND,154.19000244140625,154.19000244140625,154.19000244140625,153.99000549316406,153.99000549316406,1817.0
2024-03-01 15:14:00,ASRT,0.886900007724762,0.886900007724762,0.886900007724762,0.886900007724762,0.886900007724762,1155.0
2024-03-01 15:14:00,ATAI,2.134999990463257,2.134999990463257,2.140000104904175,2.1301000118255615,2.134999990463257,1162.0
2024-03-01 15:14:00,ATEC,13.489999771118164,13.489999771118164,13.489999771118164,13.470000267028809,13.470000267028809,3395.0
2024-03-01 15:14:00,ATNF,3.3499999046325684,3.3499999046325684,3.3499999046325684,3.3499999046325684,3.3499999046325684,112.0
2024-03-01 15:14:00,ATOS,1.0049999952316284,1.0049999952316284,1.0049999952316284,1.0049999952316284,1.0049999952316284,100.0
2024-03-01 15:14:00,ATRA,0.7803999781608582,0.7803999781608582,0.7803999781608582,0.7803999781608582,0.7803999781608582,213.0
2024-03-01 15:14:00,ATRC,36.08000183105469,36.08000183105469,36.099998474121094,36.08000183105469,36.08000183105469,3086.0
2024-03-01 15:14:00,ATXI,0.15399999916553497,0.15399999916553497,0.15399999916553497,0.15399999916553497,0.15399999916553497,208.0
2024-03-01 15:14:00,ATXS,14.895000457763672,14.895000457763672,14.895000457763672,14.895000457763672,14.895000457763672,118.0
2024-03-01 15:14:00,AUGX,4.550000190734863,4.550000190734863,4.550000190734863,4.550000190734863,4.550000190734863,299.0
2024-03-01 15:14:00,AUPH,5.775000095367432,5.775000095367432,5.775000095367432,5.764999866485596,5.764999866485596,7106.0
2024-03-01 15:14:00,AVAH,2.385200023651123,2.385200023651123,2.385200023651123,2.385200023651123,2.385200023651123,682.0
2024-03-01 15:14:00,AVDL,13.399999618530273,13.399999618530273,13.399999618530273,13.399999618530273,13.399999618530273,322.0
2024-03-01 15:14:00,AVIR,4.440000057220459,4.440000057220459,4.440000057220459,4.440000057220459,4.440000057220459,370.0
2024-03-01 15:14:00,AXGN,10.569999694824219,10.569999694824219,10.569999694824219,10.54010009765625,10.54010009765625,6616.0
2024-03-01 15:14:00,AXNX,67.76000213623047,67.76000213623047,67.76000213623047,67.75,67.75,1286.0
2024-03-01 15:14:00,AXSM,82.52999877929688,82.52999877929688,82.55999755859375,82.52999877929688,82.55999755859375,328.0
2024-03-01 15:14:00,AZN,64.66999816894531,64.66999816894531,64.68000030517578,64.66110229492188,64.66999816894531,10946.0
2024-03-01 15:14:00,BBIO,35.7599983215332,35.7599983215332,35.77000045776367,35.7599983215332,35.77000045776367,571.0
2024-03-01 15:14:00,BCAB,2.8350000381469727,2.8350000381469727,2.8350000381469727,2.8350000381469727,2.8350000381469727,290.0
2024-03-01 15:14:00,BCDA,0.578000009059906,0.578000009059906,0.5799999833106995,0.574999988079071,0.574999988079071,1400.0
2024-03-01 15:14:00,BCLI,0.3479999899864197,0.3479999899864197,0.3499999940395355,0.3479999899864197,0.3499000072479248,2242.0
2024-03-01 15:14:00,BCRX,5.65500020980835,5.65500020980835,5.659999847412109,5.65500020980835,5.659999847412109,4413.0
2024-03-01 15:14:00,BDSX,1.600000023841858,1.600000023841858,1.6100000143051147,1.600000023841858,1.6100000143051147,358.0
2024-03-01 15:14:00,BDTX,4.75,4.75,4.75,4.735000133514404,4.735000133514404,5552.0
2024-03-01 15:14:00,BEAM,39.7599983215332,39.7599983215332,39.790000915527344,39.7599983215332,39.77000045776367,2029.0
2024-03-01 15:14:00,BFRI,0.8799999952316284,0.8799999952316284,0.8799999952316284,0.8799999952316284,0.8799999952316284,600.0
2024-03-01 15:14:00,BGXX,0.25918999314308167,0.25918999314308167,0.26840001344680786,0.25918999314308167,0.26840001344680786,1484.0
2024-03-01 15:14:00,BIIB,221.09530639648438,221.09530639648438,221.09530639648438,221.07000732421875,221.07000732421875,1076.0
2024-03-01 15:14:00,BIOL,0.1448500007390976,0.1448500007390976,0.1448500007390976,0.14480000734329224,0.1448500007390976,1743.0
2024-03-01 15:14:00,BIOR,1.1394000053405762,1.1394000053405762,1.1394000053405762,1.1394000053405762,1.1394000053405762,1758.0
2024-03-01 15:14:00,BIVI,1.940000057220459,1.940000057220459,1.9699000120162964,1.9199999570846558,1.940000057220459,44901.0
2024-03-01 15:14:00,BLRX,1.312000036239624,1.312000036239624,1.3300000429153442,1.312000036239624,1.3300000429153442,3040.0
2024-03-01 15:14:00,BLUE,1.5750000476837158,1.5750000476837158,1.5799000263214111,1.5700000524520874,1.5750000476837158,5687.0
2024-03-01 15:14:00,BMEA,18.049999237060547,18.049999237060547,18.049999237060547,18.048999786376953,18.049999237060547,743.0
2024-03-01 15:14:00,BNGO,1.25,1.25,1.25,1.25,1.25,538.0
2024-03-01 15:14:00,BNR,0.8188999891281128,0.8188999891281128,0.8188999891281128,0.8188999891281128,0.8188999891281128,100.0
2024-03-01 15:14:00,BNTX,90.8949966430664,90.8949966430664,90.8949966430664,90.8949966430664,90.8949966430664,238.0
2024-03-01 15:14:00,BPMC,96.2300033569336,96.2300033569336,96.26000213623047,96.16000366210938,96.16000366210938,1237.0
2024-03-01 15:14:00,BRKR,88.7699966430664,88.7699966430664,88.77999877929688,88.76000213623047,88.76000213623047,2032.0
2024-03-01 15:14:00,BTAI,3.2300000190734863,3.2300000190734863,3.2300000190734863,3.2300000190734863,3.2300000190734863,151.0
2024-03-01 15:14:00,BTTX,0.18299999833106995,0.18299999833106995,0.18299999833106995,0.18234999477863312,0.18234999477863312,3857.0
2024-03-01 15:14:00,BVS,4.809999942779541,4.809999942779541,4.809999942779541,4.809999942779541,4.809999942779541,101.0
2024-03-01 15:14:00,BWAY,6.53000020980835,6.53000020980835,6.53000020980835,6.53000020980835,6.53000020980835,100.0
2024-03-01 15:14:00,BYSI,1.4950000047683716,1.4950000047683716,1.4950000047683716,1.4950000047683716,1.4950000047683716,217.0
2024-03-01 15:14:00,CABA,23.959999084472656,23.959999084472656,23.979999542236328,23.959999084472656,23.979999542236328,1746.0
2024-03-01 15:14:00,CARA,0.9205999970436096,0.9205999970436096,0.9205999970436096,0.9205999970436096,0.9205999970436096,401.0
2024-03-01 15:14:00,CBAY,32.22999954223633,32.22999954223633,32.22999954223633,32.2234992980957,32.22999954223633,2573.0
2024-03-01 15:14:00,CCCC,11.0,11.0,11.017499923706055,10.989899635314941,10.989999771118164,6237.0
2024-03-01 15:14:00,CCRN,18.290000915527344,18.290000915527344,18.30500030517578,18.290000915527344,18.30500030517578,1655.0
2024-03-01 15:14:00,CDMO,8.25,8.25,8.25,8.210000038146973,8.210000038146973,4593.0
2024-03-01 15:14:00,CDNA,12.494999885559082,12.494999885559082,12.510000228881836,12.489999771118164,12.505000114440918,2598.0
2024-03-01 15:14:00,CDXS,4.650000095367432,4.650000095367432,4.656799793243408,4.650000095367432,4.656799793243408,478.0
2024-03-01 15:14:00,CELC,17.040000915527344,17.040000915527344,17.040000915527344,16.950000762939453,16.959999084472656,1323.0
2024-03-01 15:14:00,CERE,41.125,41.125,41.13999938964844,41.125,41.1349983215332,4963.0
2024-03-01 15:14:00,CERS,2.174999952316284,2.174999952316284,2.174999952316284,2.1700000762939453,2.174999952316284,800.0
2024-03-01 15:14:00,CERT,18.174999237060547,18.174999237060547,18.219999313354492,18.170000076293945,18.209999084472656,4978.0
2024-03-01 15:14:00,CGC,3.184999942779541,3.184999942779541,3.184999942779541,3.174999952316284,3.181299924850464,23150.0
2024-03-01 15:14:00,CGEM,18.709999084472656,18.709999084472656,18.729999542236328,18.709999084472656,18.709999084472656,2383.0
2024-03-01 15:14:00,CHRS,2.4049999713897705,2.4049999713897705,2.4100000858306885,2.4049999713897705,2.4100000858306885,269.0
2024-03-01 15:14:00,CING,1.3300000429153442,1.3300000429153442,1.340000033378601,1.3300000429153442,1.340000033378601,2109.0
2024-03-01 15:14:00,CLDX,52.08000183105469,52.08000183105469,52.44499969482422,52.08000183105469,52.44499969482422,13201.0
2024-03-01 15:14:00,CLNN,0.38499999046325684,0.38499999046325684,0.38499999046325684,0.3806000053882599,0.3806000053882599,1902.0
2024-03-01 15:14:00,CLOV,0.8628000020980835,0.8628000020980835,0.8629999756813049,0.8626999855041504,0.8629999756813049,25182.0
2024-03-01 15:14:00,CLRB,4.099999904632568,4.099999904632568,4.099999904632568,4.090000152587891,4.090000152587891,5485.0
2024-03-01 15:14:00,CMPS,11.479999542236328,11.479999542236328,11.510000228881836,11.449999809265137,11.489999771118164,5534.0
2024-03-01 15:14:00,CNSP,0.33889999985694885,0.33889999985694885,0.33889999985694885,0.329800009727478,0.329800009727478,16632.0
2024-03-01 15:14:00,CODX,1.1615999937057495,1.1615999937057495,1.1615999937057495,1.1615999937057495,1.1615999937057495,298.0
2024-03-01 15:14:00,COGT,7.204999923706055,7.204999923706055,7.21999979019165,7.204999923706055,7.215000152587891,4099.0
2024-03-01 15:14:00,CPRX,17.19499969482422,17.19499969482422,17.200000762939453,17.184999465942383,17.184999465942383,6851.0
2024-03-01 15:14:00,CPSI,9.359999656677246,9.359999656677246,9.359999656677246,9.359999656677246,9.359999656677246,381.0
2024-03-01 15:14:00,CRBP,33.47999954223633,33.47999954223633,33.47999954223633,33.47999954223633,33.47999954223633,182.0
2024-03-01 15:14:00,CRBU,7.860000133514404,7.860000133514404,7.864999771118164,7.860000133514404,7.860000133514404,1922.0
2024-03-01 15:14:00,CRDF,2.680000066757202,2.680000066757202,2.700000047683716,2.680000066757202,2.690000057220459,27798.0
2024-03-01 15:14:00,CRDL,1.9500000476837158,1.9500000476837158,1.9571000337600708,1.9500000476837158,1.9571000337600708,362.0
2024-03-01 15:14:00,CRMD,3.6600000858306885,3.6600000858306885,3.6649999618530273,3.6600000858306885,3.6649999618530273,353.0
2024-03-01 15:14:00,CRNX,45.915000915527344,45.915000915527344,45.915000915527344,45.915000915527344,45.915000915527344,543.0
2024-03-01 15:14:00,CRON,2.0295000076293945,2.0295000076293945,2.0295000076293945,2.0250000953674316,2.0250000953674316,554.0
2024-03-01 15:14:00,CRSP,84.77249908447266,84.77249908447266,84.77249908447266,84.7218017578125,84.7218017578125,376.0
2024-03-01 15:14:00,CSTL,19.950000762939453,19.950000762939453,19.950000762939453,19.920000076293945,19.920000076293945,598.0
2024-03-01 15:14:00,CTKB,9.020000457763672,9.020000457763672,9.020000457763672,9.020000457763672,9.020000457763672,661.0
2024-03-01 15:14:00,CTMX,2.5350000858306885,2.5350000858306885,2.5350000858306885,2.5299999713897705,2.5350000858306885,1529.0
2024-03-01 15:14:00,CTXR,0.7724000215530396,0.7724000215530396,0.7724000215530396,0.7724000215530396,0.7724000215530396,158.0
2024-03-01 15:14:00,CUE,2.1600000858306885,2.1600000858306885,2.1649999618530273,2.1600000858306885,2.1600000858306885,1304.0
2024-03-01 15:14:00,CUTR,2.4100000858306885,2.4100000858306885,2.4100000858306885,2.4049999713897705,2.4100000858306885,350.0
2024-03-01 15:14:00,CYTK,73.875,73.875,74.0,73.83999633789062,74.0,6139.0
2024-03-01 15:14:00,DARE,0.5564000010490417,0.5564000010490417,0.5564000010490417,0.5564000010490417,0.5564000010490417,250.0
2024-03-01 15:14:00,DAWN,17.610000610351562,17.610000610351562,17.6200008392334,17.610000610351562,17.6200008392334,681.0
2024-03-01 15:14:00,DCGO,4.059999942779541,4.059999942779541,4.065000057220459,4.059999942779541,4.065000057220459,961.0
2024-03-01 15:14:00,DCPH,17.5,17.5,17.510000228881836,17.479999542236328,17.5,1952.0
2024-03-01 15:14:00,DH,8.8149995803833,8.8149995803833,8.8149995803833,8.800000190734863,8.800000190734863,423.0
2024-03-01 15:14:00,DMTK,0.8483800292015076,0.8483800292015076,0.8483800292015076,0.8483800292015076,0.8483800292015076,240.0
2024-03-01 15:14:00,DNLI,21.06999969482422,21.06999969482422,21.09000015258789,21.06999969482422,21.079999923706055,589.0
2024-03-01 15:14:00,DRMA,0.4489000141620636,0.4489000141620636,0.4489000141620636,0.4489000141620636,0.4489000141620636,162.0
2024-03-01 15:14:00,DTIL,12.699999809265137,12.699999809265137,12.699999809265137,12.574999809265137,12.586400032043457,5094.0
2024-03-01 15:14:00,DVAX,12.805000305175781,12.805000305175781,12.805000305175781,12.805000305175781,12.805000305175781,506.0
2024-03-01 15:14:00,DXCM,121.19999694824219,121.19999694824219,121.19999694824219,121.16999816894531,121.19000244140625,4247.0
2024-03-01 15:14:00,DYN,29.100000381469727,29.100000381469727,29.100000381469727,29.100000381469727,29.100000381469727,189.0
2024-03-01 15:14:00,EDIT,10.800000190734863,10.800000190734863,10.805000305175781,10.800000190734863,10.805000305175781,1580.0
2024-03-01 15:14:00,EFTR,16.030000686645508,16.030000686645508,16.030000686645508,16.0,16.0,500.0
2024-03-01 15:14:00,EGRX,6.570000171661377,6.570000171661377,6.570000171661377,6.559999942779541,6.559999942779541,449.0
2024-03-01 15:14:00,ELDN,1.8450000286102295,1.8450000286102295,1.8450000286102295,1.8450000286102295,1.8450000286102295,114.0
2024-03-01 15:14:00,ELEV,5.184999942779541,5.184999942779541,5.210000038146973,5.175000190734863,5.190000057220459,2002.0
2024-03-01 15:14:00,EMBC,14.270000457763672,14.270000457763672,14.279999732971191,14.270000457763672,14.279999732971191,214.0
2024-03-01 15:14:00,ENSG,121.0999984741211,121.0999984741211,121.16000366210938,121.06999969482422,121.06999969482422,2630.0
2024-03-01 15:14:00,ENVB,1.524999976158142,1.524999976158142,1.524999976158142,1.5204999446868896,1.5204999446868896,1954.0
2024-03-01 15:14:00,ERAS,2.51990008354187,2.51990008354187,2.51990008354187,2.515000104904175,2.515000104904175,1699.0
2024-03-01 15:14:00,ESPR,2.5450000762939453,2.5450000762939453,2.5450000762939453,2.5450000762939453,2.5450000762939453,1821.0
2024-03-01 15:14:00,ESTA,44.630001068115234,44.630001068115234,44.630001068115234,44.5,44.5099983215332,11324.0
2024-03-01 15:14:00,ETNB,12.71500015258789,12.71500015258789,12.744999885559082,12.71500015258789,12.744999885559082,5536.0
2024-03-01 15:14:00,EVGN,0.9602010250091553,0.9602010250091553,0.9602010250091553,0.9602010250091553,0.9602010250091553,150.0
2024-03-01 15:14:00,EWTX,16.864999771118164,16.864999771118164,16.875200271606445,16.860000610351562,16.875200271606445,729.0
2024-03-01 15:14:00,EXAS,59.63999938964844,59.63999938964844,59.66999816894531,59.63999938964844,59.654998779296875,5467.0
2024-03-01 15:14:00,EXEL,22.295000076293945,22.295000076293945,22.299999237060547,22.295000076293945,22.299999237060547,5735.0
2024-03-01 15:14:00,EYEN,2.3431999683380127,2.3431999683380127,2.3431999683380127,2.3431999683380127,2.3431999683380127,1892.0
2024-03-01 15:14:00,EYPT,28.0049991607666,28.0049991607666,28.0049991607666,28.0,28.0,578.0
2024-03-01 15:14:00,FATE,7.690000057220459,7.690000057220459,7.699999809265137,7.690000057220459,7.699999809265137,3820.0
2024-03-01 15:14:00,FEMY,1.7300000190734863,1.7300000190734863,1.7300000190734863,1.725000023841858,1.725000023841858,2418.0
2024-03-01 15:14:00,FGEN,1.840000033378601,1.840000033378601,1.840000033378601,1.8300000429153442,1.8300000429153442,5377.0
2024-03-01 15:14:00,FOLD,13.295000076293945,13.295000076293945,13.300000190734863,13.295000076293945,13.300000190734863,1138.0
2024-03-01 15:14:00,FULC,10.954999923706055,10.954999923706055,10.970000267028809,10.954999923706055,10.954999923706055,1009.0
2024-03-01 15:14:00,FUSN,12.145000457763672,12.145000457763672,12.145000457763672,12.145000457763672,12.145000457763672,485.0
2024-03-01 15:14:00,GALT,1.9299999475479126,1.9299999475479126,1.9299999475479126,1.9299999475479126,1.9299999475479126,125.0
2024-03-01 15:14:00,GANX,4.670000076293945,4.670000076293945,4.670000076293945,4.670000076293945,4.670000076293945,1235.0
2024-03-01 15:14:00,GDRX,8.380000114440918,8.380000114440918,8.390000343322754,8.375,8.385000228881836,3439.0
2024-03-01 15:14:00,GERN,2.25,2.25,2.25,2.240000009536743,2.240000009536743,14950.0
2024-03-01 15:14:00,GH,19.010000228881836,19.010000228881836,19.010000228881836,19.010000228881836,19.010000228881836,126.0
2024-03-01 15:14:00,GILD,72.55500030517578,72.55500030517578,72.55999755859375,72.52999877929688,72.53500366210938,7940.0
2024-03-01 15:14:00,GLSI,12.680000305175781,12.680000305175781,12.680000305175781,12.670000076293945,12.670000076293945,340.0
2024-03-01 15:14:00,GLTO,0.8100000023841858,0.8100000023841858,0.8101000189781189,0.8100000023841858,0.8101000189781189,1783.0
2024-03-01 15:14:00,GLYC,3.005000114440918,3.005000114440918,3.009999990463257,2.9899001121520996,2.990000009536743,5352.0
2024-03-01 15:14:00,GMAB,29.385000228881836,29.385000228881836,29.385000228881836,29.38010025024414,29.38010025024414,1053.0
2024-03-01 15:14:00,GOSS,1.4199999570846558,1.4199999570846558,1.4199999570846558,1.4199999570846558,1.4199999570846558,754.0
2024-03-01 15:14:00,GOVX,2.549999952316284,2.549999952316284,2.549999952316284,2.549999952316284,2.549999952316284,471.0
2024-03-01 15:14:00,GRFS,7.045300006866455,7.045300006866455,7.050000190734863,7.045300006866455,7.050000190734863,1248.0
2024-03-01 15:14:00,GRPH,3.380000114440918,3.380000114440918,3.380000114440918,3.380000114440918,3.380000114440918,140.0
2024-03-01 15:14:00,GRTS,2.009999990463257,2.009999990463257,2.0172998905181885,2.009999990463257,2.015000104904175,4202.0
2024-03-01 15:14:00,GTHX,3.759999990463257,3.759999990463257,3.759999990463257,3.751699924468994,3.751699924468994,635.0
2024-03-01 15:14:00,HALO,40.98500061035156,40.98500061035156,40.9900016784668,40.97999954223633,40.97999954223633,2130.0
2024-03-01 15:14:00,HCAT,8.095000267028809,8.095000267028809,8.095000267028809,8.095000267028809,8.095000267028809,324.0
2024-03-01 15:14:00,HCSG,12.744999885559082,12.744999885559082,12.744999885559082,12.734999656677246,12.739999771118164,1395.0
2024-03-01 15:14:00,HCTI,2.065000057220459,2.065000057220459,2.065000057220459,2.065000057220459,2.065000057220459,250.0
2024-03-01 15:14:00,HLTH,0.27000001072883606,0.27000001072883606,0.27619999647140503,0.259799987077713,0.259799987077713,42552.0
2024-03-01 15:14:00,HLVX,19.174999237060547,19.174999237060547,19.174999237060547,19.174999237060547,19.174999237060547,306.0
2024-03-01 15:14:00,HOLX,74.23999786376953,74.23999786376953,74.25499725341797,74.23999786376953,74.25,963.0
2024-03-01 15:14:00,HOWL,7.070000171661377,7.070000171661377,7.070000171661377,7.070000171661377,7.070000171661377,225.0
2024-03-01 15:14:00,HPCO,0.25,0.25,0.25,0.25,0.25,531.0
2024-03-01 15:14:00,HQY,81.31999969482422,81.31999969482422,81.3499984741211,81.30999755859375,81.30999755859375,1050.0
2024-03-01 15:14:00,HRMY,31.610000610351562,31.610000610351562,31.610000610351562,31.610000610351562,31.610000610351562,764.0
2024-03-01 15:14:00,HROW,10.899999618530273,10.899999618530273,10.899999618530273,10.899999618530273,10.899999618530273,209.0
2024-03-01 15:14:00,HRTX,2.569999933242798,2.569999933242798,2.575000047683716,2.569999933242798,2.569999933242798,2786.0
2024-03-01 15:14:00,HSIC,76.93499755859375,76.93499755859375,76.94000244140625,76.93000030517578,76.93000030517578,1414.0
2024-03-01 15:14:00,HUMA,3.265000104904175,3.265000104904175,3.265000104904175,3.259999990463257,3.265000104904175,28717.0
2024-03-01 15:14:00,IART,36.22999954223633,36.22999954223633,36.2400016784668,36.22999954223633,36.2400016784668,2990.0
2024-03-01 15:14:00,IBRX,4.84499979019165,4.84499979019165,4.849999904632568,4.84499979019165,4.849899768829346,3234.0
2024-03-01 15:14:00,ICLR,324.70001220703125,324.70001220703125,324.70001220703125,324.45001220703125,324.6099853515625,1721.0
2024-03-01 15:14:00,ICUI,105.9800033569336,105.9800033569336,105.9800033569336,105.88999938964844,105.94000244140625,1340.0
2024-03-01 15:14:00,IDXX,578.1500244140625,578.1500244140625,578.9000244140625,578.0250244140625,578.0250244140625,931.0
2024-03-01 15:14:00,IDYA,46.13999938964844,46.13999938964844,46.16999816894531,46.130001068115234,46.130001068115234,1346.0
2024-03-01 15:14:00,IGMS,12.899999618530273,12.899999618530273,12.899999618530273,12.899999618530273,12.899999618530273,159.0
2024-03-01 15:14:00,IKNA,1.4600000381469727,1.4600000381469727,1.4950000047683716,1.4500000476837158,1.4950000047683716,16545.0
2024-03-01 15:14:00,ILMN,141.0500030517578,141.0500030517578,141.14999389648438,141.0500030517578,141.0500030517578,4702.0
2024-03-01 15:14:00,IMAB,1.7899999618530273,1.7899999618530273,1.7949999570846558,1.7899999618530273,1.7949999570846558,2132.0
2024-03-01 15:14:00,IMCR,68.01000213623047,68.01000213623047,68.01000213623047,68.01000213623047,68.01000213623047,458.0
2024-03-01 15:14:00,IMMX,3.5,3.5,3.505000114440918,3.5,3.505000114440918,201.0
2024-03-01 15:14:00,IMNM,25.3799991607666,25.3799991607666,25.459999084472656,25.3799991607666,25.459999084472656,965.0
2024-03-01 15:14:00,IMNN,1.0299999713897705,1.0299999713897705,1.0299999713897705,1.0299999713897705,1.0299999713897705,115.0
2024-03-01 15:14:00,IMTX,12.795000076293945,12.795000076293945,12.795000076293945,12.795000076293945,12.795000076293945,240.0
2024-03-01 15:14:00,IMUX,1.4700000286102295,1.4700000286102295,1.4700000286102295,1.4700000286102295,1.4700000286102295,4459.0
2024-03-01 15:14:00,IMVT,35.619998931884766,35.619998931884766,35.65999984741211,35.619998931884766,35.65999984741211,4439.0
2024-03-01 15:14:00,INBX,36.54999923706055,36.54999923706055,36.54999923706055,36.54999923706055,36.54999923706055,464.0
2024-03-01 15:14:00,INCY,59.189998626708984,59.189998626708984,59.189998626708984,59.16999816894531,59.16999816894531,1667.0
2024-03-01 15:14:00,INGN,6.840000152587891,6.840000152587891,6.840000152587891,6.829999923706055,6.829999923706055,5651.0
2024-03-01 15:14:00,INMD,22.920000076293945,22.920000076293945,22.920000076293945,22.915000915527344,22.920000076293945,1478.0
2024-03-01 15:14:00,INO,9.529999732971191,9.529999732971191,9.529999732971191,9.5,9.5,2508.0
2024-03-01 15:14:00,INSM,28.045000076293945,28.045000076293945,28.049999237060547,28.040000915527344,28.049999237060547,1433.0
2024-03-01 15:14:00,INVA,15.380000114440918,15.380000114440918,15.385000228881836,15.380000114440918,15.385000228881836,1911.0
2024-03-01 15:14:00,INZY,6.554999828338623,6.554999828338623,6.559999942779541,6.550000190734863,6.550000190734863,514.0
2024-03-01 15:14:00,IONS,45.86000061035156,45.86000061035156,45.86000061035156,45.849998474121094,45.849998474121094,669.0
2024-03-01 15:14:00,IOVA,17.0,17.0,17.03499984741211,16.979999542236328,17.03499984741211,35913.0
2024-03-01 15:14:00,IPA,1.9199999570846558,1.9199999570846558,1.9199999570846558,1.9199999570846558,1.9199999570846558,300.0
2024-03-01 15:14:00,IPSC,3.950000047683716,3.950000047683716,3.950000047683716,3.950000047683716,3.950000047683716,200.0
2024-03-01 15:14:00,IRTC,121.26000213623047,121.26000213623047,121.26000213623047,121.23999786376953,121.23999786376953,1055.0
2024-03-01 15:14:00,IRWD,8.954999923706055,8.954999923706055,8.960000038146973,8.954999923706055,8.954999923706055,12069.0
2024-03-01 15:14:00,ISRG,397.2300109863281,397.2300109863281,397.29998779296875,397.1700134277344,397.1700134277344,2611.0
2024-03-01 15:14:00,ITCI,72.13999938964844,72.13999938964844,72.1500015258789,72.12000274658203,72.12000274658203,891.0
2024-03-01 15:14:00,JAGX,0.08630000054836273,0.08630000054836273,0.0885000005364418,0.08619999885559082,0.0885000005364418,411527.0
2024-03-01 15:14:00,JANX,46.05500030517578,46.05500030517578,46.119998931884766,46.04999923706055,46.06999969482422,5647.0
2024-03-01 15:14:00,JAZZ,119.5250015258789,119.5250015258789,119.5250015258789,119.4000015258789,119.4000015258789,846.0
2024-03-01 15:14:00,JYNT,10.0,10.0,10.0,9.989999771118164,9.989999771118164,635.0
2024-03-01 15:14:00,KIDS,27.799999237060547,27.799999237060547,27.860000610351562,27.799999237060547,27.860000610351562,779.0
2024-03-01 15:14:00,KNSA,21.90999984741211,21.90999984741211,21.920000076293945,21.899999618530273,21.899999618530273,1082.0
2024-03-01 15:14:00,KOD,6.019999980926514,6.019999980926514,6.025000095367432,6.019999980926514,6.025000095367432,802.0
2024-03-01 15:14:00,KPTI,1.190000057220459,1.190000057220459,1.190000057220459,1.190000057220459,1.190000057220459,1271.0
2024-03-01 15:14:00,KRMD,2.119999885559082,2.119999885559082,2.119999885559082,2.119999885559082,2.119999885559082,531.0
2024-03-01 15:14:00,KRON,1.0549999475479126,1.0549999475479126,1.059999942779541,1.0499999523162842,1.0499999523162842,1832.0
2024-03-01 15:14:00,KRTX,315.80999755859375,315.80999755859375,315.80999755859375,315.80499267578125,315.80499267578125,494.0
2024-03-01 15:14:00,KYMR,43.75,43.75,43.790000915527344,43.71049880981445,43.71049880981445,1709.0
2024-03-01 15:14:00,LAB,2.4700000286102295,2.4700000286102295,2.4700000286102295,2.4649999141693115,2.4700000286102295,3966.0
2024-03-01 15:14:00,LBPH,21.469999313354492,21.469999313354492,21.530000686645508,21.399999618530273,21.399999618530273,3860.0
2024-03-01 15:14:00,LFLY,2.9800000190734863,2.9800000190734863,2.9800000190734863,2.9800000190734863,2.9800000190734863,146.0
2024-03-01 15:14:00,LFMD,7.980000019073486,7.980000019073486,8.0,7.980000019073486,7.989999771118164,547.0
2024-03-01 15:14:00,LFST,7.739999771118164,7.739999771118164,7.744999885559082,7.735000133514404,7.735000133514404,6409.0
2024-03-01 15:14:00,LGND,77.2698974609375,77.2698974609375,77.2698974609375,77.16999816894531,77.16999816894531,365.0
2024-03-01 15:14:00,LIVN,55.560001373291016,55.560001373291016,55.61000061035156,55.54999923706055,55.54999923706055,2523.0
2024-03-01 15:14:00,LNTH,64.52999877929688,64.52999877929688,64.52999877929688,64.5199966430664,64.5199966430664,724.0
2024-03-01 15:14:00,LPTX,2.859999895095825,2.859999895095825,2.859999895095825,2.859999895095825,2.859999895095825,402.0
2024-03-01 15:14:00,LQDA,14.5649995803833,14.5649995803833,14.5649995803833,14.550000190734863,14.550000190734863,431.0
2024-03-01 15:14:00,LRMR,11.319999694824219,11.319999694824219,11.319999694824219,11.25,11.319999694824219,3398.0
2024-03-01 15:14:00,LTRN,4.099999904632568,4.099999904632568,4.230000019073486,4.099999904632568,4.099999904632568,1200.0
2024-03-01 15:14:00,LUCY,0.38029998540878296,0.38029998540878296,0.38029998540878296,0.38029998540878296,0.38029998540878296,275.0
2024-03-01 15:14:00,LUNG,9.4350004196167,9.4350004196167,9.4350004196167,9.4350004196167,9.4350004196167,430.0
2024-03-01 15:14:00,LXRX,2.494999885559082,2.494999885559082,2.494999885559082,2.490499973297119,2.490499973297119,284.0
2024-03-01 15:14:00,LYEL,3.115000009536743,3.115000009536743,3.119999885559082,3.115000009536743,3.115000009536743,2850.0
2024-03-01 15:14:00,LYRA,5.650000095367432,5.650000095367432,5.650000095367432,5.639999866485596,5.639999866485596,700.0
2024-03-01 15:14:00,MACK,14.699999809265137,14.699999809265137,14.704999923706055,14.699999809265137,14.704999923706055,508.0
2024-03-01 15:14:00,MBOT,1.329699993133545,1.329699993133545,1.329800009727478,1.3250000476837158,1.3250000476837158,1100.0
2024-03-01 15:14:00,MCRB,1.2200000286102295,1.2200000286102295,1.2300000190734863,1.2200000286102295,1.2200000286102295,4955.0
2024-03-01 15:14:00,MDGL,250.13499450683594,250.13499450683594,250.13499450683594,250.13499450683594,250.13499450683594,194.0
2024-03-01 15:14:00,MDRX,6.019999980926514,6.019999980926514,6.070000171661377,6.019999980926514,6.050000190734863,70666.0
2024-03-01 15:14:00,MDXG,8.609999656677246,8.609999656677246,8.609999656677246,8.595000267028809,8.595000267028809,5580.0
2024-03-01 15:14:00,ME,0.5515999794006348,0.5515999794006348,0.5519700050354004,0.5515999794006348,0.5519000291824341,3614.0
2024-03-01 15:14:00,MEDP,403.45001220703125,403.45001220703125,403.45001220703125,402.7900085449219,402.7900085449219,1114.0
2024-03-01 15:14:00,MGNX,18.799999237060547,18.799999237060547,18.815000534057617,18.799999237060547,18.815000534057617,444.0
2024-03-01 15:14:00,MGTX,6.425000190734863,6.425000190734863,6.425000190734863,6.425000190734863,6.425000190734863,302.0
2024-03-01 15:14:00,MHUA,0.6898999810218811,0.6898999810218811,0.6898999810218811,0.6898999810218811,0.6898999810218811,2026.0
2024-03-01 15:14:00,MLTX,50.380001068115234,50.380001068115234,50.41999816894531,50.380001068115234,50.41999816894531,564.0
2024-03-01 15:14:00,MNKD,4.539999961853027,4.539999961853027,4.545000076293945,4.53000020980835,4.531300067901611,61356.0
2024-03-01 15:14:00,MNMD,6.125,6.125,6.13100004196167,6.125,6.130000114440918,1555.0
2024-03-01 15:14:00,MNPR,0.9397000074386597,0.9397000074386597,0.9397000074386597,0.9380000233650208,0.9397000074386597,800.0
2024-03-01 15:14:00,MODD,1.8899999856948853,1.8899999856948853,1.8899999856948853,1.8617000579833984,1.8799999952316284,2902.0
2024-03-01 15:14:00,MODV,28.450000762939453,28.450000762939453,28.450000762939453,28.450000762939453,28.450000762939453,590.0
2024-03-01 15:14:00,MOR,17.68000030517578,17.68000030517578,17.690000534057617,17.68000030517578,17.684999465942383,1211.0
2024-03-01 15:14:00,MORF,39.54999923706055,39.54999923706055,39.54999923706055,39.54999923706055,39.54999923706055,195.0
2024-03-01 15:14:00,MOTS,0.6552000045776367,0.6552000045776367,0.6700000166893005,0.6552000045776367,0.6700000166893005,1518.0
2024-03-01 15:14:00,MOVE,0.5651999711990356,0.5651999711990356,0.5654000043869019,0.5651999711990356,0.5654000043869019,692.0
2024-03-01 15:14:00,MREO,3.950000047683716,3.950000047683716,3.950000047683716,3.950000047683716,3.950000047683716,100.0
2024-03-01 15:14:00,MRNA,95.52799987792969,95.52799987792969,95.56999969482422,95.44000244140625,95.4800033569336,10886.0
2024-03-01 15:14:00,MRNS,9.967499732971191,9.967499732971191,9.979999542236328,9.967499732971191,9.979999542236328,1102.0
2024-03-01 15:14:00,MRSN,5.974999904632568,5.974999904632568,5.980000019073486,5.96999979019165,5.96999979019165,3151.0
2024-03-01 15:14:00,MRUS,51.150001525878906,51.150001525878906,51.150001525878906,51.099998474121094,51.099998474121094,1140.0
2024-03-01 15:14:00,MRVI,7.690000057220459,7.690000057220459,7.690000057220459,7.684999942779541,7.690000057220459,1657.0
2024-03-01 15:14:00,MXCT,4.75,4.75,4.75,4.75,4.75,139.0
2024-03-01 15:14:00,MYGN,22.104999542236328,22.104999542236328,22.104999542236328,22.100000381469727,22.100000381469727,432.0
2024-03-01 15:14:00,NARI,46.01499938964844,46.01499938964844,46.040000915527344,45.97999954223633,45.980899810791016,7094.0
2024-03-01 15:14:00,NAUT,2.6600000858306885,2.6600000858306885,2.6600000858306885,2.6600000858306885,2.6600000858306885,700.0
2024-03-01 15:14:00,NBIX,131.85000610351562,131.85000610351562,131.8699951171875,131.83999633789062,131.83999633789062,2420.0
2024-03-01 15:14:00,NEO,15.975000381469727,15.975000381469727,15.975000381469727,15.949999809265137,15.957900047302246,1058.0
2024-03-01 15:14:00,NEOG,17.30500030517578,17.30500030517578,17.309999465942383,17.30500030517578,17.309999465942383,2320.0
2024-03-01 15:14:00,NGM,1.5199999809265137,1.5199999809265137,1.5199999809265137,1.5199999809265137,1.5199999809265137,481.0
2024-03-01 15:14:00,NKTR,0.7699999809265137,0.7699999809265137,0.7741000056266785,0.7699999809265137,0.7741000056266785,3985.0
2024-03-01 15:14:00,NKTX,12.680000305175781,12.680000305175781,12.680000305175781,12.65999984741211,12.65999984741211,1133.0
2024-03-01 15:14:00,NNOX,10.859000205993652,10.859000205993652,10.885000228881836,10.859000205993652,10.885000228881836,5957.0
2024-03-01 15:14:00,NOTV,7.965000152587891,7.965000152587891,8.0,7.940000057220459,7.940000057220459,1001.0
2024-03-01 15:14:00,NPCE,16.030000686645508,16.030000686645508,16.1200008392334,16.0,16.1200008392334,545.0
2024-03-01 15:14:00,NRIX,13.479999542236328,13.479999542236328,13.479999542236328,13.469499588012695,13.470000267028809,1467.0
2024-03-01 15:14:00,NRXP,0.4438999891281128,0.4438999891281128,0.4438999891281128,0.4438999891281128,0.4438999891281128,10000.0
2024-03-01 15:14:00,NTLA,33.209999084472656,33.209999084472656,33.2400016784668,33.209999084472656,33.224998474121094,3638.0
2024-03-01 15:14:00,NTRA,89.41999816894531,89.41999816894531,89.44499969482422,89.40499877929688,89.41999816894531,6753.0
2024-03-01 15:14:00,NUTX,0.11389999836683273,0.11389999836683273,0.11394999921321869,0.11389999836683273,0.11394999921321869,284.0
2024-03-01 15:14:00,NVAX,5.355000019073486,5.355000019073486,5.360000133514404,5.349999904632568,5.355000019073486,8424.0
2024-03-01 15:14:00,NVCR,16.06999969482422,16.06999969482422,16.06999969482422,16.059999465942383,16.059999465942383,2280.0
2024-03-01 15:14:00,NVOS,0.630299985408783,0.630299985408783,0.6376000046730042,0.630299985408783,0.6376000046730042,1102.0
2024-03-01 15:14:00,NXTC,1.7599999904632568,1.7599999904632568,1.7599999904632568,1.7599999904632568,1.7599999904632568,500.0
2024-03-01 15:14:00,OCGN,0.949999988079071,0.949999988079071,0.949999988079071,0.949999988079071,0.949999988079071,200.0
2024-03-01 15:14:00,OCUL,10.640000343322754,10.640000343322754,10.640000343322754,10.619999885559082,10.630000114440918,5447.0
2024-03-01 15:14:00,OFIX,12.880000114440918,12.880000114440918,12.880000114440918,12.880000114440918,12.880000114440918,914.0
2024-03-01 15:14:00,OGI,2.1600000858306885,2.1600000858306885,2.1600000858306885,2.1600000858306885,2.1600000858306885,1100.0
2024-03-01 15:14:00,OKYO,1.4299999475479126,1.4299999475479126,1.4299999475479126,1.4299999475479126,1.4299999475479126,100.0
2024-03-01 15:14:00,OLMA,14.609999656677246,14.609999656677246,14.609999656677246,14.581999778747559,14.609999656677246,714.0
2024-03-01 15:14:00,OM,3.1449999809265137,3.1449999809265137,3.1500000953674316,3.1449999809265137,3.1449999809265137,1546.0
2024-03-01 15:14:00,OMCL,26.43000030517578,26.43000030517578,26.43000030517578,26.43000030517578,26.43000030517578,167.0
2024-03-01 15:14:00,OMER,4.784999847412109,4.784999847412109,4.789999961853027,4.784999847412109,4.789999961853027,659.0
2024-03-01 15:14:00,OMGA,4.371300220489502,4.371300220489502,4.371300220489502,4.371300220489502,4.371300220489502,456.0
2024-03-01 15:14:00,ONVO,1.024999976158142,1.024999976158142,1.024999976158142,1.024999976158142,1.024999976158142,204.0
2024-03-01 15:15:00,AADI,1.934999942779541,1.934999942779541,1.934999942779541,1.934999942779541,1.934999942779541,2918.0
2024-03-01 15:15:00,ABCL,5.079999923706055,5.079999923706055,5.079999923706055,5.074999809265137,5.079999923706055,1059.0
2024-03-01 15:15:00,ABEO,7.739999771118164,7.739999771118164,7.760000228881836,7.739999771118164,7.760000228881836,4506.0
2024-03-01 15:15:00,ABOS,4.619999885559082,4.619999885559082,4.630000114440918,4.619999885559082,4.630000114440918,3258.0
2024-03-01 15:15:00,ABSI,5.5,5.5,5.5,5.449999809265137,5.460000038146973,12919.0
2024-03-01 15:15:00,ACAD,24.09000015258789,24.09000015258789,24.100000381469727,24.084999084472656,24.100000381469727,2980.0
2024-03-01 15:15:00,ACB,3.184999942779541,3.184999942779541,3.190000057220459,3.184999942779541,3.190000057220459,501.0
2024-03-01 15:15:00,ACCD,10.069999694824219,10.069999694824219,10.069999694824219,10.0649995803833,10.0649995803833,1209.0
2024-03-01 15:15:00,ACET,2.390000104904175,2.390000104904175,2.390000104904175,2.380000114440918,2.390000104904175,553.0
2024-03-01 15:15:00,ACHC,84.16000366210938,84.16000366210938,84.20999908447266,84.16000366210938,84.20999908447266,2287.0
2024-03-01 15:15:00,ACIU,3.859999895095825,3.859999895095825,3.880000114440918,3.859999895095825,3.880000114440918,513.0
2024-03-01 15:15:00,ACLX,67.58000183105469,67.58000183105469,67.66000366210938,67.55999755859375,67.56999969482422,2607.0
2024-03-01 15:15:00,ACRS,1.2300000190734863,1.2300000190734863,1.2300000190734863,1.2200000286102295,1.2200000286102295,1020.0
2024-03-01 15:15:00,ADIL,3.009999990463257,3.009999990463257,3.0299999713897705,3.0,3.0199999809265137,22659.0
2024-03-01 15:15:00,ADMA,5.514999866485596,5.514999866485596,5.514999866485596,5.510000228881836,5.514999866485596,1946.0
2024-03-01 15:15:00,ADPT,4.065000057220459,4.065000057220459,4.065000057220459,4.065000057220459,4.065000057220459,382.0
2024-03-01 15:15:00,ADVM,1.9600000381469727,1.9600000381469727,1.9700000286102295,1.9600000381469727,1.9700000286102295,597.0
2024-03-01 15:15:00,AFMD,0.670199990272522,0.670199990272522,0.670199990272522,0.6700999736785889,0.6700999736785889,2001.0
2024-03-01 15:15:00,AGEN,0.6700500249862671,0.6700500249862671,0.6700999736785889,0.6700000166893005,0.6700999736785889,12592.0
2024-03-01 15:15:00,AGIO,32.35499954223633,32.35499954223633,32.3849983215332,32.33000183105469,32.3849983215332,1371.0
2024-03-01 15:15:00,AHCO,10.454999923706055,10.454999923706055,10.454999923706055,10.449999809265137,10.454999923706055,803.0
2024-03-01 15:15:00,AIMD,0.9589999914169312,0.9589999914169312,0.9700000286102295,0.9589999914169312,0.9700000286102295,385.0
2024-03-01 15:15:00,AIRS,6.400000095367432,6.400000095367432,6.409999847412109,6.400000095367432,6.409999847412109,478.0
2024-03-01 15:15:00,AKAN,0.2084999978542328,0.2084999978542328,0.2085999995470047,0.2084999978542328,0.2085999995470047,219.0
2024-03-01 15:15:00,AKBA,1.684999942779541,1.684999942779541,1.690000057220459,1.684999942779541,1.690000057220459,557.0
2024-03-01 15:15:00,AKRO,28.389999389648438,28.389999389648438,28.399999618530273,28.2549991607666,28.30500030517578,3885.0
2024-03-01 15:15:00,AKYA,6.027500152587891,6.027500152587891,6.03000020980835,6.019999980926514,6.019999980926514,1366.0
2024-03-01 15:15:00,ALDX,4.228499889373779,4.228499889373779,4.239999771118164,4.228499889373779,4.239999771118164,20549.0
2024-03-01 15:15:00,ALEC,7.40500020980835,7.40500020980835,7.40500020980835,7.40500020980835,7.40500020980835,517.0
2024-03-01 15:15:00,ALGN,302.2200012207031,302.2200012207031,302.3800048828125,302.1300048828125,302.3800048828125,1564.0
2024-03-01 15:15:00,ALHC,5.579999923706055,5.579999923706055,5.605000019073486,5.579999923706055,5.590000152587891,12690.0
2024-03-01 15:15:00,ALKS,30.155000686645508,30.155000686645508,30.165000915527344,30.149999618530273,30.149999618530273,3584.0
2024-03-01 15:15:00,ALLK,1.649999976158142,1.649999976158142,1.649999976158142,1.6399999856948853,1.6399999856948853,1532.0
2024-03-01 15:15:00,ALLO,4.945000171661377,4.945000171661377,4.946400165557861,4.940000057220459,4.940000057220459,7278.0
2024-03-01 15:15:00,ALNY,153.49000549316406,153.49000549316406,153.52000427246094,153.49000549316406,153.52000427246094,719.0
2024-03-01 15:15:00,ALPN,35.880001068115234,35.880001068115234,35.900001525878906,35.880001068115234,35.900001525878906,835.0
2024-03-01 15:15:00,ALT,12.069999694824219,12.069999694824219,12.079999923706055,12.060199737548828,12.069999694824219,12853.0
2024-03-01 15:15:00,ALXO,15.024999618530273,15.024999618530273,15.024999618530273,15.010000228881836,15.010000228881836,1514.0
2024-03-01 15:15:00,AMED,93.26499938964844,93.26499938964844,93.26499938964844,93.26499938964844,93.26499938964844,181.0
2024-03-01 15:15:00,AMGN,280.3500061035156,280.3500061035156,280.3999938964844,280.3299865722656,280.3999938964844,3048.0
2024-03-01 15:15:00,AMLX,18.799999237060547,18.799999237060547,18.826900482177734,18.799999237060547,18.826900482177734,3204.0
2024-03-01 15:15:00,AMPH,45.79999923706055,45.79999923706055,45.845001220703125,45.79999923706055,45.83000183105469,1195.0
2024-03-01 15:15:00,AMRN,1.0549999475479126,1.0549999475479126,1.0549999475479126,1.0499999523162842,1.0500999689102173,11150.0
2024-03-01 15:15:00,ANAB,25.3799991607666,25.3799991607666,25.3799991607666,25.3799991607666,25.3799991607666,284.0
2024-03-01 15:15:00,ANIP,66.94000244140625,66.94000244140625,66.94000244140625,66.94000244140625,66.94000244140625,196.0
2024-03-01 15:15:00,ANIX,3.5,3.5,3.5,3.5,3.5,692.0
2024-03-01 15:15:00,ANNX,6.039999961853027,6.039999961853027,6.050000190734863,6.039999961853027,6.039999961853027,499.0
2024-03-01 15:15:00,ANTX,2.990000009536743,2.990000009536743,3.00819993019104,2.990000009536743,3.0058000087738037,995.0
2024-03-01 15:15:00,APLS,64.34500122070312,64.34500122070312,64.44000244140625,64.32499694824219,64.44000244140625,4629.0
2024-03-01 15:15:00,APLT,7.085000038146973,7.085000038146973,7.085000038146973,7.085000038146973,7.085000038146973,1114.0
2024-03-01 15:15:00,APYX,2.0899999141693115,2.0899999141693115,2.0899999141693115,2.0899999141693115,2.0899999141693115,105.0
2024-03-01 15:15:00,AQST,4.059999942779541,4.059999942779541,4.059999942779541,4.059999942779541,4.059999942779541,523.0
2024-03-01 15:15:00,ARAY,2.630000114440918,2.630000114440918,2.630000114440918,2.630000114440918,2.630000114440918,322.0
2024-03-01 15:15:00,ARDX,9.444999694824219,9.444999694824219,9.449999809265137,9.4399995803833,9.449999809265137,5270.0
2024-03-01 15:15:00,ARGX,392.760009765625,392.760009765625,392.8599853515625,392.239990234375,392.3500061035156,6877.0
2024-03-01 15:15:00,ARQT,11.550000190734863,11.550000190734863,11.550000190734863,11.496800422668457,11.505000114440918,10499.0
2024-03-01 15:15:00,ARVN,47.79999923706055,47.79999923706055,47.86000061035156,47.79999923706055,47.83000183105469,369.0
2024-03-01 15:15:00,ARWR,35.72999954223633,35.72999954223633,35.72999954223633,35.625,35.63999938964844,1351.0
2024-03-01 15:15:00,ASLN,0.7398999929428101,0.7398999929428101,0.7400000095367432,0.7398999929428101,0.7400000095367432,1253.0
2024-03-01 15:15:00,ASND,154.0399932861328,154.0399932861328,154.1999969482422,154.0399932861328,154.1999969482422,505.0
2024-03-01 15:15:00,ASRT,0.886900007724762,0.886900007724762,0.886900007724762,0.886900007724762,0.886900007724762,501.0
2024-03-01 15:15:00,ATAI,2.130000114440918,2.130000114440918,2.140000104904175,2.130000114440918,2.140000104904175,2803.0
2024-03-01 15:15:00,ATEC,13.505000114440918,13.505000114440918,13.505000114440918,13.494999885559082,13.5,5435.0
2024-03-01 15:15:00,ATHA,3.9649999141693115,3.9649999141693115,3.9649999141693115,3.9649999141693115,3.9649999141693115,293.0
2024-03-01 15:15:00,ATNF,3.3499999046325684,3.3499999046325684,3.3499999046325684,3.3499999046325684,3.3499999046325684,286.0
2024-03-01 15:15:00,ATOS,1.0099999904632568,1.0099999904632568,1.0099999904632568,1.0049999952316284,1.0049999952316284,201.0
2024-03-01 15:15:00,ATRA,0.785099983215332,0.785099983215332,0.7894999980926514,0.7806000113487244,0.7806000113487244,10206.0
2024-03-01 15:15:00,ATRC,36.09000015258789,36.09000015258789,36.099998474121094,36.08000183105469,36.099998474121094,2120.0
2024-03-01 15:15:00,ATXI,0.15399999916553497,0.15399999916553497,0.15399999916553497,0.15399999916553497,0.15399999916553497,214.0
2024-03-01 15:15:00,ATXS,14.895000457763672,14.895000457763672,14.895000457763672,14.895000457763672,14.895000457763672,205.0
2024-03-01 15:15:00,AUPH,5.78000020980835,5.78000020980835,5.78000020980835,5.775000095367432,5.775000095367432,7059.0
2024-03-01 15:15:00,AUTL,6.240499973297119,6.240499973297119,6.255000114440918,6.240499973297119,6.25,4637.0
2024-03-01 15:15:00,AVDL,13.380000114440918,13.380000114440918,13.399999618530273,13.380000114440918,13.399999618530273,5092.0
2024-03-01 15:15:00,AVIR,4.440000057220459,4.440000057220459,4.440000057220459,4.440000057220459,4.440000057220459,150.0
2024-03-01 15:15:00,AVRO,1.3200000524520874,1.3200000524520874,1.3200000524520874,1.3200000524520874,1.3200000524520874,100.0
2024-03-01 15:15:00,AXNX,67.77999877929688,67.77999877929688,67.77999877929688,67.76499938964844,67.76499938964844,663.0
2024-03-01 15:15:00,AXSM,82.58499908447266,82.58499908447266,82.58499908447266,82.56999969482422,82.56999969482422,1204.0
2024-03-01 15:15:00,AZN,64.67500305175781,64.67500305175781,64.68000030517578,64.66999816894531,64.67500305175781,1600.0
2024-03-01 15:15:00,AZTA,66.95999908447266,66.95999908447266,66.95999908447266,66.95999908447266,66.95999908447266,228.0
2024-03-01 15:15:00,BBIO,35.7599983215332,35.7599983215332,35.7599983215332,35.7400016784668,35.755001068115234,1181.0
2024-03-01 15:15:00,BBLG,2.5,2.5,2.5,2.5,2.5,356.0
2024-03-01 15:15:00,BCAB,2.8399999141693115,2.8399999141693115,2.8399999141693115,2.8350000381469727,2.8350000381469727,711.0
2024-03-01 15:15:00,BCDA,0.5799999833106995,0.5799999833106995,0.5799999833106995,0.5799999833106995,0.5799999833106995,950.0
2024-03-01 15:15:00,BCEL,0.26809999346733093,0.26809999346733093,0.26809999346733093,0.26809999346733093,0.26809999346733093,100.0
2024-03-01 15:15:00,BCLI,0.3499000072479248,0.3499000072479248,0.3499000072479248,0.3499000072479248,0.3499000072479248,218.0
2024-03-01 15:15:00,BCRX,5.65500020980835,5.65500020980835,5.659999847412109,5.650000095367432,5.659999847412109,33008.0
2024-03-01 15:15:00,BCYC,25.760000228881836,25.760000228881836,25.760000228881836,25.760000228881836,25.760000228881836,161.0
2024-03-01 15:15:00,BEAM,39.7599983215332,39.7599983215332,39.7599983215332,39.72999954223633,39.72999954223633,1113.0
2024-03-01 15:15:00,BEAT,1.600000023841858,1.600000023841858,1.600000023841858,1.600000023841858,1.600000023841858,2612.0
2024-03-01 15:15:00,BGNE,165.90499877929688,165.90499877929688,165.90499877929688,165.90499877929688,165.90499877929688,353.0
2024-03-01 15:15:00,BIIB,221.07000732421875,221.07000732421875,221.07000732421875,220.94000244140625,220.94000244140625,666.0
2024-03-01 15:15:00,BIOL,0.1448500007390976,0.1448500007390976,0.1448500007390976,0.14480000734329224,0.1448500007390976,13007.0
2024-03-01 15:15:00,BIVI,1.950600028038025,1.950600028038025,1.9700000286102295,1.940000057220459,1.940000057220459,30966.0
2024-03-01 15:15:00,BLFS,17.739999771118164,17.739999771118164,17.739999771118164,17.739999771118164,17.739999771118164,203.0
2024-03-01 15:15:00,BLUE,1.5700000524520874,1.5700000524520874,1.5750000476837158,1.5700000524520874,1.5750000476837158,8291.0
2024-03-01 15:15:00,BMEA,18.020000457763672,18.020000457763672,18.020000457763672,18.020000457763672,18.020000457763672,962.0
2024-03-01 15:15:00,BMRN,87.83999633789062,87.83999633789062,87.87000274658203,87.81400299072266,87.87000274658203,996.0
2024-03-01 15:15:00,BNOX,1.225000023841858,1.225000023841858,1.225000023841858,1.225000023841858,1.225000023841858,100.0
2024-03-01 15:15:00,BNR,0.8189499974250793,0.8189499974250793,0.8189499974250793,0.8188999891281128,0.8188999891281128,299.0
2024-03-01 15:15:00,BNTX,90.9000015258789,90.9000015258789,90.9000015258789,90.9000015258789,90.9000015258789,486.0
2024-03-01 15:15:00,BRKR,88.7750015258789,88.7750015258789,88.77999877929688,88.76000213623047,88.77999877929688,1510.0
2024-03-01 15:15:00,BTAI,3.234999895095825,3.234999895095825,3.240000009536743,3.2249999046325684,3.2249999046325684,2823.0
2024-03-01 15:15:00,BTMD,5.900000095367432,5.900000095367432,5.900000095367432,5.900000095367432,5.900000095367432,518.0
2024-03-01 15:15:00,BTTX,0.18279999494552612,0.18279999494552612,0.18299999833106995,0.1826000064611435,0.1826999932527542,5084.0
2024-03-01 15:15:00,BVS,4.809999942779541,4.809999942779541,4.809999942779541,4.809999942779541,4.809999942779541,244.0
2024-03-01 15:15:00,CABA,23.969999313354492,23.969999313354492,23.969999313354492,23.959999084472656,23.959999084472656,960.0
2024-03-01 15:15:00,CARA,0.9205999970436096,0.9205999970436096,0.9205999970436096,0.9205999970436096,0.9205999970436096,439.0
2024-03-01 15:15:00,CBAY,32.22999954223633,32.22999954223633,32.22999954223633,32.224998474121094,32.224998474121094,1258.0
2024-03-01 15:15:00,CCCC,10.979999542236328,10.979999542236328,10.979999542236328,10.979999542236328,10.979999542236328,247.0
2024-03-01 15:15:00,CCRN,18.290000915527344,18.290000915527344,18.290000915527344,18.290000915527344,18.290000915527344,333.0
2024-03-01 15:15:00,CDMO,8.229999542236328,8.229999542236328,8.25,8.229999542236328,8.25,4588.0
2024-03-01 15:15:00,CDNA,12.470000267028809,12.470000267028809,12.5,12.470000267028809,12.489999771118164,4407.0
2024-03-01 15:15:00,CDXS,4.659999847412109,4.659999847412109,4.659999847412109,4.650000095367432,4.65910005569458,1490.0
2024-03-01 15:15:00,CELC,17.030000686645508,17.030000686645508,17.049999237060547,17.030000686645508,17.049999237060547,520.0
2024-03-01 15:15:00,CERE,41.119998931884766,41.119998931884766,41.125,41.119998931884766,41.125,2055.0
2024-03-01 15:15:00,CERS,2.174999952316284,2.174999952316284,2.174999952316284,2.174999952316284,2.174999952316284,1512.0
2024-03-01 15:15:00,CERT,18.139999389648438,18.139999389648438,18.18000030517578,18.139999389648438,18.18000030517578,1619.0
2024-03-01 15:15:00,CGC,3.190000057220459,3.190000057220459,3.190000057220459,3.190000057220459,3.190000057220459,3060.0
2024-03-01 15:15:00,CGEN,2.684999942779541,2.684999942779541,2.684999942779541,2.684999942779541,2.684999942779541,1110.0
2024-03-01 15:15:00,CHRS,2.4100000858306885,2.4100000858306885,2.4100000858306885,2.4049999713897705,2.4049999713897705,1462.0
2024-03-01 15:15:00,CING,1.3300000429153442,1.3300000429153442,1.3300000429153442,1.3300000429153442,1.3300000429153442,120.0
2024-03-01 15:15:00,CKPT,2.180000066757202,2.180000066757202,2.180000066757202,2.180000066757202,2.180000066757202,1000.0
2024-03-01 15:15:00,CLDX,52.02000045776367,52.02000045776367,52.099998474121094,52.0,52.02000045776367,4960.0
2024-03-01 15:15:00,CLOV,0.8626999855041504,0.8626999855041504,0.8628000020980835,0.8626999855041504,0.8628000020980835,9343.0
2024-03-01 15:15:00,CLPT,6.559999942779541,6.559999942779541,6.559999942779541,6.559999942779541,6.559999942779541,377.0
2024-03-01 15:15:00,CLRB,4.099999904632568,4.099999904632568,4.099999904632568,4.099999904632568,4.099999904632568,552.0
2024-03-01 15:15:00,CMPS,11.484999656677246,11.484999656677246,11.510000228881836,11.484999656677246,11.510000228881836,1656.0
2024-03-01 15:15:00,CMRX,1.2000000476837158,1.2000000476837158,1.2000000476837158,1.2000000476837158,1.2000000476837158,100.0
2024-03-01 15:15:00,CNSP,0.33329999446868896,0.33329999446868896,0.3334999978542328,0.33329999446868896,0.33329999446868896,7787.0
2024-03-01 15:15:00,CNTA,10.829999923706055,10.829999923706055,10.829999923706055,10.829999923706055,10.829999923706055,177.0
2024-03-01 15:15:00,COGT,7.204999923706055,7.204999923706055,7.204999923706055,7.204999923706055,7.204999923706055,232.0
2024-03-01 15:15:00,COLL,36.790000915527344,36.790000915527344,36.810001373291016,36.790000915527344,36.810001373291016,1250.0
2024-03-01 15:15:00,CORT,24.229999542236328,24.229999542236328,24.229999542236328,24.229999542236328,24.229999542236328,1548.0
2024-03-01 15:15:00,CPRX,17.19499969482422,17.19499969482422,17.19499969482422,17.184999465942383,17.19499969482422,4612.0
2024-03-01 15:15:00,CRBP,33.43000030517578,33.43000030517578,33.439998626708984,33.05870056152344,33.05870056152344,5412.0
2024-03-01 15:15:00,CRBU,7.855000019073486,7.855000019073486,7.855000019073486,7.849999904632568,7.855000019073486,1708.0
2024-03-01 15:15:00,CRDF,2.7499001026153564,2.7499001026153564,2.75,2.681299924850464,2.681299924850464,66320.0
2024-03-01 15:15:00,CRDL,1.9199999570846558,1.9199999570846558,1.940000057220459,1.9199999570846558,1.940000057220459,13654.0
2024-03-01 15:15:00,CRNX,45.85499954223633,45.85499954223633,45.880001068115234,45.83000183105469,45.880001068115234,1356.0
2024-03-01 15:15:00,CRON,2.0199999809265137,2.0199999809265137,2.0250000953674316,2.0199999809265137,2.0250000953674316,279.0
2024-03-01 15:15:00,CRSP,84.7300033569336,84.7300033569336,84.7708969116211,84.69000244140625,84.7708969116211,680.0
2024-03-01 15:15:00,CSBR,5.590000152587891,5.590000152587891,5.590000152587891,5.590000152587891,5.590000152587891,226.0
2024-03-01 15:15:00,CTKB,9.020000457763672,9.020000457763672,9.020000457763672,9.020000457763672,9.020000457763672,701.0
2024-03-01 15:15:00,CTMX,2.5350000858306885,2.5350000858306885,2.5350000858306885,2.5299999713897705,2.5299999713897705,1100.0
2024-03-01 15:15:00,CVAC,3.440000057220459,3.440000057220459,3.440000057220459,3.440000057220459,3.440000057220459,102.0
2024-03-01 15:15:00,CVRX,20.625,20.625,20.639999389648438,20.59000015258789,20.59000015258789,1213.0
2024-03-01 15:15:00,CYTK,73.88500213623047,73.88500213623047,73.9000015258789,73.88500213623047,73.9000015258789,277.0
2024-03-01 15:15:00,DAWN,17.614999771118164,17.614999771118164,17.614999771118164,17.614999771118164,17.614999771118164,927.0
2024-03-01 15:15:00,DCPH,17.5,17.5,17.5,17.5,17.5,239.0
2024-03-01 15:15:00,DH,8.800000190734863,8.800000190734863,8.819999694824219,8.800000190734863,8.8100004196167,523.0
2024-03-01 15:15:00,DMTK,0.8499000072479248,0.8499000072479248,0.8499000072479248,0.8399999737739563,0.8400999903678894,10112.0
2024-03-01 15:15:00,DNLI,21.040000915527344,21.040000915527344,21.06999969482422,21.040000915527344,21.06999969482422,847.0
2024-03-01 15:15:00,DRRX,1.0,1.0,1.0,1.0,1.0,285.0
2024-03-01 15:15:00,DTIL,12.789999961853027,12.789999961853027,12.829999923706055,12.699999809265137,12.699999809265137,5725.0
2024-03-01 15:15:00,DVAX,12.795000076293945,12.795000076293945,12.800000190734863,12.795000076293945,12.800000190734863,3760.0
2024-03-01 15:15:00,DXCM,121.19499969482422,121.19499969482422,121.20999908447266,121.16000366210938,121.19000244140625,8342.0
2024-03-01 15:15:00,DYN,29.100000381469727,29.100000381469727,29.100000381469727,29.059999465942383,29.09000015258789,885.0
2024-03-01 15:15:00,EFTR,16.139999389648438,16.139999389648438,16.139999389648438,16.046499252319336,16.046499252319336,532.0
2024-03-01 15:15:00,EGRX,6.559999942779541,6.559999942779541,6.570000171661377,6.559999942779541,6.570000171661377,1252.0
2024-03-01 15:15:00,ELEV,5.184999942779541,5.184999942779541,5.199999809265137,5.174099922180176,5.184999942779541,5973.0
2024-03-01 15:15:00,EMBC,14.279999732971191,14.279999732971191,14.279999732971191,14.279999732971191,14.279999732971191,118.0
2024-03-01 15:15:00,ENTA,15.670000076293945,15.670000076293945,15.670000076293945,15.649999618530273,15.649999618530273,1147.0
2024-03-01 15:15:00,ENVB,1.5299999713897705,1.5299999713897705,1.5299999713897705,1.5,1.5299999713897705,4308.0
2024-03-01 15:15:00,EOLS,14.800000190734863,14.800000190734863,14.805000305175781,14.800000190734863,14.800000190734863,980.0
2024-03-01 15:15:00,EPIX,9.550000190734863,9.550000190734863,9.550000190734863,9.539999961853027,9.539999961853027,200.0
2024-03-01 15:15:00,ERAS,2.515000104904175,2.515000104904175,2.5199999809265137,2.515000104904175,2.5199999809265137,2218.0
2024-03-01 15:15:00,ESPR,2.5450000762939453,2.5450000762939453,2.549999952316284,2.5450000762939453,2.5450000762939453,6589.0
2024-03-01 15:15:00,ESTA,44.5099983215332,44.5099983215332,44.5099983215332,44.5099983215332,44.5099983215332,203.0
2024-03-01 15:15:00,ETNB,12.71500015258789,12.71500015258789,12.720000267028809,12.704999923706055,12.720000267028809,3153.0
2024-03-01 15:15:00,EWTX,16.864999771118164,16.864999771118164,16.864999771118164,16.864999771118164,16.864999771118164,261.0
2024-03-01 15:15:00,EXAI,6.590000152587891,6.590000152587891,6.590000152587891,6.590000152587891,6.590000152587891,381.0
2024-03-01 15:15:00,EXAS,59.60499954223633,59.60499954223633,59.625,59.599998474121094,59.625,1229.0
2024-03-01 15:15:00,EXEL,22.295000076293945,22.295000076293945,22.295000076293945,22.290000915527344,22.295000076293945,859.0
2024-03-01 15:15:00,EYEN,2.347899913787842,2.347899913787842,2.347899913787842,2.347899913787842,2.347899913787842,2767.0
2024-03-01 15:15:00,EYPT,28.030000686645508,28.030000686645508,28.030000686645508,28.030000686645508,28.030000686645508,434.0
2024-03-01 15:15:00,FATE,7.710000038146973,7.710000038146973,7.710000038146973,7.679999828338623,7.679999828338623,8972.0
2024-03-01 15:15:00,FGEN,1.8300000429153442,1.8300000429153442,1.840000033378601,1.8300000429153442,1.840000033378601,6033.0
2024-03-01 15:15:00,FHTX,7.974999904632568,7.974999904632568,7.974999904632568,7.974999904632568,7.974999904632568,100.0
2024-03-01 15:15:00,FOLD,13.295000076293945,13.295000076293945,13.295000076293945,13.289999961853027,13.289999961853027,3088.0
2024-03-01 15:15:00,FULC,10.984999656677246,10.984999656677246,10.984999656677246,10.979999542236328,10.979999542236328,432.0
2024-03-01 15:15:00,FUSN,12.149999618530273,12.149999618530273,12.15999984741211,12.130000114440918,12.130000114440918,2522.0
2024-03-01 15:15:00,GANX,4.690000057220459,4.690000057220459,4.690000057220459,4.690000057220459,4.690000057220459,100.0
2024-03-01 15:15:00,GDRX,8.35990047454834,8.35990047454834,8.369999885559082,8.354999542236328,8.369999885559082,1987.0
2024-03-01 15:15:00,GENE,2.3499999046325684,2.3499999046325684,2.3499999046325684,2.3499999046325684,2.3499999046325684,118.0
2024-03-01 15:15:00,GERN,2.240000009536743,2.240000009536743,2.244999885559082,2.240000009536743,2.244999885559082,6265.0
2024-03-01 15:15:00,GH,19.024999618530273,19.024999618530273,19.024999618530273,19.010000228881836,19.010000228881836,1746.0
2024-03-01 15:15:00,GILD,72.55999755859375,72.55999755859375,72.55999755859375,72.54499816894531,72.55000305175781,7136.0
2024-03-01 15:15:00,GMAB,29.375,29.375,29.375,29.375,29.375,374.0
2024-03-01 15:15:00,GOSS,1.4199999570846558,1.4199999570846558,1.4199999570846558,1.409999966621399,1.409999966621399,1840.0
2024-03-01 15:15:00,GRFS,7.045000076293945,7.045000076293945,7.050000190734863,7.039999961853027,7.039999961853027,5220.0
2024-03-01 15:15:00,GRTS,2.0199999809265137,2.0199999809265137,2.0199999809265137,2.0,2.005000114440918,13341.0
2024-03-01 15:15:00,GTHX,3.759999990463257,3.759999990463257,3.7699999809265137,3.756500005722046,3.756500005722046,3177.0
2024-03-01 15:15:00,HALO,41.0,41.0,41.029998779296875,40.97999954223633,40.98500061035156,21293.0
2024-03-01 15:15:00,HCAT,8.104999542236328,8.104999542236328,8.104999542236328,8.09000015258789,8.09000015258789,2833.0
2024-03-01 15:15:00,HCSG,12.729999542236328,12.729999542236328,12.739999771118164,12.729999542236328,12.739999771118164,1029.0
2024-03-01 15:15:00,HCTI,2.0799999237060547,2.0799999237060547,2.0799999237060547,2.0799999237060547,2.0799999237060547,100.0
2024-03-01 15:15:00,HLTH,0.2647489905357361,0.2647489905357361,0.27000001072883606,0.2647489905357361,0.27000001072883606,1139.0
2024-03-01 15:15:00,HLVX,19.174999237060547,19.174999237060547,19.174999237060547,19.174999237060547,19.174999237060547,407.0
2024-03-01 15:15:00,HOLX,74.26000213623047,74.26000213623047,74.26000213623047,74.26000213623047,74.26000213623047,381.0
2024-03-01 15:15:00,HOWL,7.130000114440918,7.130000114440918,7.130000114440918,7.090700149536133,7.090700149536133,476.0
2024-03-01 15:15:00,HRMY,31.59000015258789,31.59000015258789,31.59000015258789,31.59000015258789,31.59000015258789,896.0
2024-03-01 15:15:00,HRTX,2.569999933242798,2.569999933242798,2.569999933242798,2.569999933242798,2.569999933242798,936.0
2024-03-01 15:15:00,HSIC,76.87999725341797,76.87999725341797,76.91999816894531,76.87999725341797,76.91999816894531,2716.0
2024-03-01 15:15:00,HUMA,3.259999990463257,3.259999990463257,3.2699999809265137,3.259999990463257,3.26990008354187,6465.0
2024-03-01 15:15:00,IBRX,4.835000038146973,4.835000038146973,4.840000152587891,4.835000038146973,4.840000152587891,2045.0
2024-03-01 15:15:00,ICUI,106.06999969482422,106.06999969482422,106.06999969482422,105.95999908447266,105.9625015258789,3592.0
2024-03-01 15:15:00,IDXX,578.594970703125,578.594970703125,578.594970703125,578.594970703125,578.594970703125,610.0
2024-03-01 15:15:00,IINN,1.6799999475479126,1.6799999475479126,1.684999942779541,1.6799999475479126,1.6799999475479126,22243.0
2024-03-01 15:15:00,ILMN,141.0500030517578,141.0500030517578,141.07000732421875,141.0500030517578,141.0500030517578,3177.0
2024-03-01 15:15:00,IMAB,1.7899999618530273,1.7899999618530273,1.7899999618530273,1.7899999618530273,1.7899999618530273,824.0
2024-03-01 15:15:00,IMCR,67.9800033569336,67.9800033569336,67.9800033569336,67.91000366210938,67.93000030517578,710.0
2024-03-01 15:15:00,IMNM,25.34000015258789,25.34000015258789,25.350000381469727,25.309999465942383,25.350000381469727,997.0
2024-03-01 15:15:00,IMUX,1.4794000387191772,1.4794000387191772,1.4794000387191772,1.4700000286102295,1.4700000286102295,305.0
2024-03-01 15:15:00,IMVT,35.599998474121094,35.599998474121094,35.599998474121094,35.599998474121094,35.599998474121094,269.0
2024-03-01 15:15:00,INCR,1.9701999425888062,1.9701999425888062,1.9701999425888062,1.9701999425888062,1.9701999425888062,146.0
2024-03-01 15:15:00,INCY,59.20000076293945,59.20000076293945,59.20000076293945,59.189998626708984,59.20000076293945,1117.0
2024-03-01 15:15:00,INMB,12.420000076293945,12.420000076293945,12.420000076293945,12.420000076293945,12.420000076293945,204.0
2024-03-01 15:15:00,INMD,22.90999984741211,22.90999984741211,22.920000076293945,22.90999984741211,22.915000915527344,1761.0
2024-03-01 15:15:00,INO,9.54990005493164,9.54990005493164,9.54990005493164,9.54990005493164,9.54990005493164,515.0
2024-03-01 15:15:00,INSM,28.040000915527344,28.040000915527344,28.040000915527344,28.040000915527344,28.040000915527344,1151.0
2024-03-01 15:15:00,INVA,15.375,15.375,15.380000114440918,15.375,15.380000114440918,1177.0
2024-03-01 15:15:00,IONM,0.3499999940395355,0.3499999940395355,0.3499999940395355,0.3490000069141388,0.3490000069141388,9937.0
2024-03-01 15:15:00,IONS,45.900001525878906,45.900001525878906,45.900001525878906,45.849998474121094,45.849998474121094,2967.0
2024-03-01 15:15:00,IOVA,16.969999313354492,16.969999313354492,17.0049991607666,16.969999313354492,16.985000610351562,15462.0
2024-03-01 15:15:00,IPA,1.9199999570846558,1.9199999570846558,1.9199999570846558,1.9199999570846558,1.9199999570846558,226.0
2024-03-01 15:15:00,IPSC,3.950000047683716,3.950000047683716,3.950000047683716,3.950000047683716,3.950000047683716,271.0
2024-03-01 15:15:00,IRTC,121.24500274658203,121.24500274658203,121.24500274658203,121.24500274658203,121.24500274658203,480.0
2024-03-01 15:15:00,IRWD,8.954999923706055,8.954999923706055,8.958200454711914,8.954999923706055,8.954999923706055,4411.0
2024-03-01 15:15:00,ISRG,397.12750244140625,397.12750244140625,397.25,397.12750244140625,397.25,2462.0
2024-03-01 15:15:00,ITCI,72.13999938964844,72.13999938964844,72.1449966430664,72.12000274658203,72.1449966430664,1926.0
2024-03-01 15:15:00,JAGX,0.08100000023841858,0.08100000023841858,0.08630000054836273,0.08009999990463257,0.08619999885559082,1051862.0
2024-03-01 15:15:00,JANX,46.060001373291016,46.060001373291016,46.119998931884766,46.060001373291016,46.119998931884766,1028.0
2024-03-01 15:15:00,JSPR,21.8799991607666,21.8799991607666,21.8799991607666,21.8799991607666,21.8799991607666,300.0
2024-03-01 15:15:00,JYNT,10.0,10.0,10.0,10.0,10.0,216.0
2024-03-01 15:15:00,KALV,14.055000305175781,14.055000305175781,14.055000305175781,14.039999961853027,14.039999961853027,230.0
2024-03-01 15:15:00,KIDS,27.850000381469727,27.850000381469727,27.850000381469727,27.850000381469727,27.850000381469727,151.0
2024-03-01 15:15:00,KNSA,21.920000076293945,21.920000076293945,21.920000076293945,21.90999984741211,21.90999984741211,3368.0
2024-03-01 15:15:00,KNTE,2.6050000190734863,2.6050000190734863,2.6050000190734863,2.6050000190734863,2.6050000190734863,555.0
2024-03-01 15:15:00,KPTI,1.190000057220459,1.190000057220459,1.190000057220459,1.190000057220459,1.190000057220459,1209.0
2024-03-01 15:15:00,KRON,1.059999942779541,1.059999942779541,1.059999942779541,1.059999942779541,1.059999942779541,648.0
2024-03-01 15:15:00,KURA,21.799999237060547,21.799999237060547,21.809999465942383,21.799999237060547,21.809999465942383,1506.0
2024-03-01 15:15:00,KYMR,43.75,43.75,43.75,43.75,43.75,521.0
2024-03-01 15:15:00,KZR,1.0499999523162842,1.0499999523162842,1.0499999523162842,1.0449999570846558,1.0449999570846558,500.0
2024-03-01 15:15:00,LAB,2.4681999683380127,2.4681999683380127,2.4700000286102295,2.4649999141693115,2.4700000286102295,1359.0
2024-03-01 15:15:00,LEGN,65.61000061035156,65.61000061035156,65.61499786376953,65.55000305175781,65.58000183105469,1284.0
2024-03-01 15:15:00,LEXX,2.8299999237060547,2.8299999237060547,2.8299999237060547,2.799999952316284,2.799999952316284,518.0
2024-03-01 15:15:00,LFMD,7.989999771118164,7.989999771118164,7.989999771118164,7.989999771118164,7.989999771118164,340.0
2024-03-01 15:15:00,LFST,7.735000133514404,7.735000133514404,7.744999885559082,7.735000133514404,7.744999885559082,5544.0
2024-03-01 15:15:00,LMAT,67.51390075683594,67.51390075683594,67.51390075683594,67.45999908447266,67.45999908447266,200.0
2024-03-01 15:15:00,LPTX,2.859999895095825,2.859999895095825,2.859999895095825,2.859999895095825,2.859999895095825,100.0
2024-03-01 15:15:00,LQDA,14.569999694824219,14.569999694824219,14.569999694824219,14.569999694824219,14.569999694824219,347.0
2024-03-01 15:15:00,LTRN,4.110000133514404,4.110000133514404,4.110000133514404,4.099999904632568,4.099999904632568,644.0
2024-03-01 15:15:00,LUNG,9.430000305175781,9.430000305175781,9.430000305175781,9.430000305175781,9.430000305175781,200.0
2024-03-01 15:15:00,LXRX,2.490000009536743,2.490000009536743,2.494999885559082,2.490000009536743,2.494999885559082,1340.0
2024-03-01 15:15:00,LYEL,3.109999895095825,3.109999895095825,3.115000009536743,3.109999895095825,3.115000009536743,528.0
2024-03-01 15:15:00,LYRA,5.630000114440918,5.630000114440918,5.639999866485596,5.619999885559082,5.630000114440918,2436.0
2024-03-01 15:15:00,MACK,14.710000038146973,14.710000038146973,14.710000038146973,14.710000038146973,14.710000038146973,514.0
2024-03-01 15:15:00,MASI,127.5250015258789,127.5250015258789,127.5250015258789,127.5250015258789,127.5250015258789,260.0
2024-03-01 15:15:00,MASS,7.320000171661377,7.320000171661377,7.320000171661377,7.304999828338623,7.304999828338623,959.0
2024-03-01 15:15:00,MCRB,1.2299000024795532,1.2299000024795532,1.2300000190734863,1.2200000286102295,1.2300000190734863,9293.0
2024-03-01 15:15:00,MDGL,250.13999938964844,250.13999938964844,250.61000061035156,250.13999938964844,250.61000061035156,786.0
2024-03-01 15:15:00,MDRX,6.019999980926514,6.019999980926514,6.070000171661377,5.994999885559082,6.070000171661377,7834.0
2024-03-01 15:15:00,MDXG,8.595000267028809,8.595000267028809,8.609999656677246,8.595000267028809,8.604999542236328,3995.0
2024-03-01 15:15:00,ME,0.5515000224113464,0.5515000224113464,0.5515999794006348,0.5515000224113464,0.5515999794006348,8180.0
2024-03-01 15:15:00,MEDP,403.70001220703125,403.70001220703125,403.70001220703125,403.70001220703125,403.70001220703125,237.0
2024-03-01 15:15:00,MGNX,18.81999969482422,18.81999969482422,18.829999923706055,18.799999237060547,18.799999237060547,725.0
2024-03-01 15:15:00,MIRM,29.25,29.25,29.270000457763672,29.219999313354492,29.219999313354492,4304.0
2024-03-01 15:15:00,MNKD,4.534999847412109,4.534999847412109,4.539999961853027,4.534999847412109,4.539999961853027,5729.0
2024-03-01 15:15:00,MNMD,6.110000133514404,6.110000133514404,6.119999885559082,6.110000133514404,6.119999885559082,3697.0
2024-03-01 15:15:00,MNPR,0.9309999942779541,0.9309999942779541,0.9397000074386597,0.9300000071525574,0.9397000074386597,1705.0
2024-03-01 15:15:00,MODD,1.8899999856948853,1.8899999856948853,1.8899999856948853,1.8899999856948853,1.8899999856948853,325.0
2024-03-01 15:15:00,MOR,17.68000030517578,17.68000030517578,17.68000030517578,17.68000030517578,17.68000030517578,222.0
2024-03-01 15:15:00,MORF,39.595001220703125,39.595001220703125,39.595001220703125,39.57500076293945,39.57500076293945,1037.0
2024-03-01 15:15:00,MREO,3.949899911880493,3.949899911880493,3.949899911880493,3.949899911880493,3.949899911880493,100.0
2024-03-01 15:15:00,MRNA,95.5199966430664,95.5199966430664,95.55999755859375,95.48500061035156,95.5,5002.0
2024-03-01 15:15:00,MRSN,5.974999904632568,5.974999904632568,5.980000019073486,5.96999979019165,5.974999904632568,973.0
2024-03-01 15:15:00,MRUS,51.38999938964844,51.38999938964844,51.38999938964844,51.20000076293945,51.20000076293945,3245.0
2024-03-01 15:15:00,MRVI,7.684999942779541,7.684999942779541,7.684999942779541,7.684999942779541,7.684999942779541,936.0
2024-03-01 15:15:00,MXCT,4.75,4.75,4.75,4.75,4.75,664.0
2024-03-01 15:15:00,MYGN,22.09000015258789,22.09000015258789,22.104999542236328,22.09000015258789,22.100000381469727,1281.0
2024-03-01 15:15:00,NARI,46.01499938964844,46.01499938964844,46.01499938964844,46.01499938964844,46.01499938964844,2186.0
2024-03-01 15:15:00,NBIX,131.84500122070312,131.84500122070312,131.84500122070312,131.84500122070312,131.84500122070312,238.0
2024-03-01 15:15:00,NEO,15.979999542236328,15.979999542236328,15.979999542236328,15.975000381469727,15.975000381469727,1099.0
2024-03-01 15:15:00,NERV,2.6549999713897705,2.6549999713897705,2.680000066757202,2.6549999713897705,2.680000066757202,932.0
2024-03-01 15:15:00,NGM,1.5199999809265137,1.5199999809265137,1.5199999809265137,1.5199999809265137,1.5199999809265137,728.0
2024-03-01 15:15:00,NKTR,0.7651000022888184,0.7651000022888184,0.7699999809265137,0.7599999904632568,0.7699999809265137,56552.0
2024-03-01 15:15:00,NKTX,12.651900291442871,12.651900291442871,12.670000076293945,12.651900291442871,12.670000076293945,1063.0
2024-03-01 15:15:00,NMRD,0.07999999821186066,0.07999999821186066,0.07999999821186066,0.07999999821186066,0.07999999821186066,1501.0
2024-03-01 15:15:00,NNOX,10.869999885559082,10.869999885559082,10.869999885559082,10.856900215148926,10.856900215148926,1214.0
2024-03-01 15:15:00,NPCE,16.075000762939453,16.075000762939453,16.1200008392334,15.989999771118164,16.024999618530273,2828.0
2024-03-01 15:15:00,NRBO,6.210000038146973,6.210000038146973,6.210000038146973,6.124499797821045,6.124499797821045,1440.0
2024-03-01 15:15:00,NRIX,13.489999771118164,13.489999771118164,13.489999771118164,13.475000381469727,13.489999771118164,2499.0
2024-03-01 15:15:00,NRXP,0.43744999170303345,0.43744999170303345,0.4438999891281128,0.4309999942779541,0.4438999891281128,871.0
2024-03-01 15:15:00,NTLA,33.20000076293945,33.20000076293945,33.20000076293945,33.20000076293945,33.20000076293945,787.0
2024-03-01 15:15:00,NTRA,89.44499969482422,89.44499969482422,89.44499969482422,89.37000274658203,89.4000015258789,3614.0
2024-03-01 15:15:00,NUVL,87.3499984741211,87.3499984741211,87.40499877929688,87.3499984741211,87.40499877929688,1212.0
2024-03-01 15:15:00,NUWE,0.5893999934196472,0.5893999934196472,0.5899999737739563,0.5806099772453308,0.5806099772453308,10516.0
2024-03-01 15:15:00,NVAX,5.364200115203857,5.364200115203857,5.364999771118164,5.349999904632568,5.360000133514404,18816.0
2024-03-01 15:15:00,NVCR,16.059999465942383,16.059999465942383,16.059999465942383,16.049999237060547,16.049999237060547,1396.0
2024-03-01 15:15:00,NVNO,6.369999885559082,6.369999885559082,6.369999885559082,6.369999885559082,6.369999885559082,100.0
2024-03-01 15:15:00,NXL,0.33000001311302185,0.33000001311302185,0.33000001311302185,0.32899999618530273,0.32899999618530273,8276.0
2024-03-01 15:15:00,NXTC,1.7599999904632568,1.7599999904632568,1.774999976158142,1.7599999904632568,1.774999976158142,200.0
2024-03-01 15:15:00,OCGN,0.9509999752044678,0.9509999752044678,0.9559000134468079,0.949999988079071,0.949999988079071,3428.0
2024-03-01 15:15:00,OCUL,10.640000343322754,10.640000343322754,10.645000457763672,10.640000343322754,10.640000343322754,3370.0
2024-03-01 15:15:00,OCUP,2.505000114440918,2.505000114440918,2.509999990463257,2.505000114440918,2.509999990463257,15207.0
2024-03-01 15:15:00,OFIX,12.885000228881836,12.885000228881836,12.885000228881836,12.885000228881836,12.885000228881836,325.0
2024-03-01 15:15:00,OGI,2.1549999713897705,2.1549999713897705,2.1549999713897705,2.1549999713897705,2.1549999713897705,323.0
2024-03-01 15:15:00,OKYO,1.4249999523162842,1.4249999523162842,1.4249999523162842,1.4248000383377075,1.4248000383377075,2009.0
2024-03-01 15:15:00,OLK,22.979999542236328,22.979999542236328,22.989999771118164,22.979999542236328,22.989999771118164,200.0
2024-03-01 15:15:00,OMCL,26.399999618530273,26.399999618530273,26.440000534057617,26.399999618530273,26.43000030517578,1447.0
2024-03-01 15:15:00,OMER,4.784999847412109,4.784999847412109,4.789999961853027,4.784999847412109,4.789999961853027,250.0
2024-03-01 15:16:00,AADI,1.940000057220459,1.940000057220459,1.940000057220459,1.934999942779541,1.934999942779541,2239.0
2024-03-01 15:16:00,ABCL,5.079999923706055,5.079999923706055,5.079999923706055,5.079999923706055,5.079999923706055,417.0
2024-03-01 15:16:00,ABOS,4.619999885559082,4.619999885559082,4.619999885559082,4.619999885559082,4.619999885559082,608.0
2024-03-01 15:16:00,ABSI,5.519999980926514,5.519999980926514,5.519999980926514,5.5,5.5,7565.0
2024-03-01 15:16:00,ACAD,24.09000015258789,24.09000015258789,24.09000015258789,24.09000015258789,24.09000015258789,200.0
2024-03-01 15:16:00,ACB,3.1830999851226807,3.1830999851226807,3.1830999851226807,3.1830999851226807,3.1830999851226807,106.0
2024-03-01 15:16:00,ACET,2.390000104904175,2.390000104904175,2.390000104904175,2.390000104904175,2.390000104904175,200.0
2024-03-01 15:16:00,ACHC,84.13999938964844,84.13999938964844,84.13999938964844,84.13999938964844,84.13999938964844,598.0
2024-03-01 15:16:00,ACLX,67.56500244140625,67.56500244140625,67.56999969482422,67.5199966430664,67.56999969482422,631.0
2024-03-01 15:16:00,ACRS,1.225000023841858,1.225000023841858,1.2300000190734863,1.225000023841858,1.225000023841858,900.0
2024-03-01 15:16:00,ADAP,1.600000023841858,1.600000023841858,1.6100000143051147,1.600000023841858,1.6100000143051147,896.0
2024-03-01 15:16:00,ADIL,2.9700000286102295,2.9700000286102295,3.009999990463257,2.9600000381469727,3.001300096511841,33244.0
2024-03-01 15:16:00,ADMA,5.525000095367432,5.525000095367432,5.53000020980835,5.514999866485596,5.514999866485596,20334.0
2024-03-01 15:16:00,ADPT,4.065000057220459,4.065000057220459,4.065000057220459,4.065000057220459,4.065000057220459,480.0
2024-03-01 15:16:00,ADVM,1.9700000286102295,1.9700000286102295,1.9700000286102295,1.9600000381469727,1.965000033378601,1536.0
2024-03-01 15:16:00,AFMD,0.675000011920929,0.675000011920929,0.675000011920929,0.675000011920929,0.675000011920929,100.0
2024-03-01 15:16:00,AGEN,0.6700500249862671,0.6700500249862671,0.6700999736785889,0.6700249910354614,0.6700500249862671,2424.0
2024-03-01 15:16:00,AGIO,32.29999923706055,32.29999923706055,32.345001220703125,32.279998779296875,32.345001220703125,4056.0
2024-03-01 15:16:00,AHCO,10.46500015258789,10.46500015258789,10.484999656677246,10.449999809265137,10.449999809265137,8398.0
2024-03-01 15:16:00,AIH,0.520799994468689,0.520799994468689,0.5299999713897705,0.5202999711036682,0.5206000208854675,12122.0
2024-03-01 15:16:00,AIMD,0.9591000080108643,0.9591000080108643,0.9591000080108643,0.9591000080108643,0.9591000080108643,100.0
2024-03-01 15:16:00,AKBA,1.6899000406265259,1.6899000406265259,1.690000057220459,1.684999942779541,1.684999942779541,3100.0
2024-03-01 15:16:00,AKLI,0.3531000018119812,0.3531000018119812,0.3531000018119812,0.3531000018119812,0.3531000018119812,300.0
2024-03-01 15:16:00,AKRO,28.4153995513916,28.4153995513916,28.4153995513916,28.3799991607666,28.399999618530273,1833.0
2024-03-01 15:16:00,ALDX,4.225399971008301,4.225399971008301,4.225399971008301,4.224999904632568,4.224999904632568,736.0
2024-03-01 15:16:00,ALHC,5.539999961853027,5.539999961853027,5.570000171661377,5.539999961853027,5.570000171661377,3028.0
2024-03-01 15:16:00,ALKS,30.15999984741211,30.15999984741211,30.15999984741211,30.149999618530273,30.155000686645508,3466.0
2024-03-01 15:16:00,ALLK,1.649999976158142,1.649999976158142,1.649999976158142,1.6449999809265137,1.649999976158142,1563.0
2024-03-01 15:16:00,ALLO,4.949999809265137,4.949999809265137,4.949999809265137,4.945000171661377,4.945000171661377,11533.0
2024-03-01 15:16:00,ALPN,35.875,35.875,35.875,35.875,35.875,770.0
2024-03-01 15:16:00,ALT,12.079999923706055,12.079999923706055,12.079999923706055,12.0600004196167,12.069999694824219,12346.0
2024-03-01 15:16:00,ALVO,15.640000343322754,15.640000343322754,15.640000343322754,15.640000343322754,15.640000343322754,151.0
2024-03-01 15:16:00,ALVR,0.7394999861717224,0.7394999861717224,0.7394999861717224,0.7394999861717224,0.7394999861717224,755.0
2024-03-01 15:16:00,ALXO,15.024999618530273,15.024999618530273,15.024999618530273,15.024999618530273,15.024999618530273,157.0
2024-03-01 15:16:00,AMED,93.26499938964844,93.26499938964844,93.26499938964844,93.26499938964844,93.26499938964844,201.0
2024-03-01 15:16:00,AMGN,280.32000732421875,280.32000732421875,280.3699951171875,280.2300109863281,280.25,4439.0
2024-03-01 15:16:00,AMPH,45.83000183105469,45.83000183105469,45.84000015258789,45.81010055541992,45.84000015258789,1596.0
2024-03-01 15:16:00,AMRN,1.0499999523162842,1.0499999523162842,1.0549999475479126,1.0499999523162842,1.0549999475479126,601.0
2024-03-01 15:16:00,ANAB,25.3125,25.3125,25.3799991607666,25.309999465942383,25.309999465942383,630.0
2024-03-01 15:16:00,ANGO,5.480000019073486,5.480000019073486,5.480000019073486,5.480000019073486,5.480000019073486,217.0
2024-03-01 15:16:00,ANNX,6.039999961853027,6.039999961853027,6.054999828338623,6.039999961853027,6.039999961853027,1080.0
2024-03-01 15:16:00,ANTX,3.0099000930786133,3.0099000930786133,3.0099000930786133,3.0,3.0083000659942627,625.0
2024-03-01 15:16:00,APLS,64.33499908447266,64.33499908447266,64.36000061035156,64.33499908447266,64.36000061035156,1162.0
2024-03-01 15:16:00,APLT,7.070000171661377,7.070000171661377,7.085000038146973,7.070000171661377,7.085000038146973,3540.0
2024-03-01 15:16:00,AQST,4.079999923706055,4.079999923706055,4.085000038146973,4.065000057220459,4.065000057220459,11092.0
2024-03-01 15:16:00,ARAY,2.630000114440918,2.630000114440918,2.630000114440918,2.625,2.625,269.0
2024-03-01 15:16:00,ARCT,39.630001068115234,39.630001068115234,39.630001068115234,39.630001068115234,39.630001068115234,258.0
2024-03-01 15:16:00,ARDX,9.4399995803833,9.4399995803833,9.4399995803833,9.4399995803833,9.4399995803833,1529.0
2024-03-01 15:16:00,ARGX,392.4700012207031,392.4700012207031,392.75,392.4700012207031,392.75,972.0
2024-03-01 15:16:00,ARQT,11.569999694824219,11.569999694824219,11.579999923706055,11.555000305175781,11.5600004196167,2631.0
2024-03-01 15:16:00,ARVN,47.77000045776367,47.77000045776367,47.81999969482422,47.75,47.81999969482422,1030.0
2024-03-01 15:16:00,ARWR,35.689998626708984,35.689998626708984,35.709999084472656,35.689998626708984,35.70000076293945,464.0
2024-03-01 15:16:00,ASND,154.16000366210938,154.16000366210938,154.16000366210938,153.97000122070312,154.0399932861328,568.0
2024-03-01 15:16:00,ATEC,13.484999656677246,13.484999656677246,13.5,13.484999656677246,13.5,9867.0
2024-03-01 15:16:00,ATHE,1.7699999809265137,1.7699999809265137,1.7899999618530273,1.7300000190734863,1.7899999618530273,9681.0
2024-03-01 15:16:00,ATOS,1.0099999904632568,1.0099999904632568,1.0099999904632568,1.0099999904632568,1.0099999904632568,570.0
2024-03-01 15:16:00,ATRA,0.7900000214576721,0.7900000214576721,0.7900000214576721,0.7844399809837341,0.7844399809837341,389.0
2024-03-01 15:16:00,ATRC,36.09000015258789,36.09000015258789,36.09000015258789,36.09000015258789,36.09000015258789,216.0
2024-03-01 15:16:00,ATXI,0.15399999916553497,0.15399999916553497,0.15399999916553497,0.15399999916553497,0.15399999916553497,230.0
2024-03-01 15:16:00,ATXS,14.895000457763672,14.895000457763672,14.895000457763672,14.895000457763672,14.895000457763672,297.0
2024-03-01 15:16:00,AUGX,4.539999961853027,4.539999961853027,4.539999961853027,4.539999961853027,4.539999961853027,100.0
2024-03-01 15:16:00,AVDL,13.399999618530273,13.399999618530273,13.40999984741211,13.380000114440918,13.380000114440918,5471.0
2024-03-01 15:16:00,AVIR,4.449999809265137,4.449999809265137,4.449999809265137,4.442200183868408,4.442200183868408,299.0
2024-03-01 15:16:00,AVXL,5.300000190734863,5.300000190734863,5.304999828338623,5.300000190734863,5.304999828338623,206.0
2024-03-01 15:16:00,AXGN,10.600000381469727,10.600000381469727,10.600000381469727,10.600000381469727,10.600000381469727,211.0
2024-03-01 15:16:00,AXNX,67.76499938964844,67.76499938964844,67.76499938964844,67.76499938964844,67.76499938964844,640.0
2024-03-01 15:16:00,AZN,64.65499877929688,64.65499877929688,64.66999816894531,64.65499877929688,64.66999816894531,8255.0
2024-03-01 15:16:00,AZTA,66.93000030517578,66.93000030517578,66.94000244140625,66.93000030517578,66.94000244140625,1081.0
2024-03-01 15:16:00,BBIO,35.75,35.75,35.755001068115234,35.75,35.755001068115234,332.0
2024-03-01 15:16:00,BCDA,0.574999988079071,0.574999988079071,0.5799999833106995,0.574999988079071,0.5799000263214111,2700.0
2024-03-01 15:16:00,BCEL,0.26809999346733093,0.26809999346733093,0.27000001072883606,0.26809999346733093,0.26809999346733093,3941.0
2024-03-01 15:16:00,BCRX,5.65500020980835,5.65500020980835,5.65500020980835,5.650000095367432,5.65500020980835,1643.0
2024-03-01 15:16:00,BCYC,25.75,25.75,25.75,25.75,25.75,244.0
2024-03-01 15:16:00,BDTX,4.759099960327148,4.759099960327148,4.759099960327148,4.755000114440918,4.755000114440918,281.0
2024-03-01 15:16:00,BEAM,39.7599983215332,39.7599983215332,39.7599983215332,39.7599983215332,39.7599983215332,250.0
2024-03-01 15:16:00,BEAT,1.600000023841858,1.600000023841858,1.600000023841858,1.600000023841858,1.600000023841858,205.0
2024-03-01 15:16:00,BIAF,2.2899999618530273,2.2899999618530273,2.2899999618530273,2.2899999618530273,2.2899999618530273,808.0
2024-03-01 15:16:00,BIIB,221.09500122070312,221.09500122070312,221.09500122070312,220.94000244140625,220.94000244140625,6710.0
2024-03-01 15:16:00,BIOL,0.14480000734329224,0.14480000734329224,0.14489999413490295,0.14399999380111694,0.14480000734329224,41993.0
2024-03-01 15:16:00,BIOR,1.1349999904632568,1.1349999904632568,1.1349999904632568,1.131100058555603,1.131100058555603,552.0
2024-03-01 15:16:00,BIVI,1.9700000286102295,1.9700000286102295,2.0,1.9571000337600708,1.9571000337600708,38157.0
2024-03-01 15:16:00,BLFS,17.71500015258789,17.71500015258789,17.719999313354492,17.709999084472656,17.719999313354492,933.0
2024-03-01 15:16:00,BLRX,1.3300000429153442,1.3300000429153442,1.3300000429153442,1.3300000429153442,1.3300000429153442,100.0
2024-03-01 15:16:00,BLUE,1.5750000476837158,1.5750000476837158,1.5800000429153442,1.5700000524520874,1.5750000476837158,17411.0
2024-03-01 15:16:00,BMEA,18.0,18.0,18.030000686645508,18.0,18.030000686645508,728.0
2024-03-01 15:16:00,BMRN,87.7699966430664,87.7699966430664,87.84500122070312,87.7699966430664,87.83999633789062,4190.0
2024-03-01 15:16:00,BNOX,1.2200000286102295,1.2200000286102295,1.2200000286102295,1.2200000286102295,1.2200000286102295,1155.0
2024-03-01 15:16:00,BOLT,1.2100000381469727,1.2100000381469727,1.2100000381469727,1.2091000080108643,1.2091000080108643,496.0
2024-03-01 15:16:00,BPMC,96.25,96.25,96.25,96.2300033569336,96.2300033569336,850.0
2024-03-01 15:16:00,BRKR,88.41000366210938,88.41000366210938,88.75,88.41000366210938,88.75,99519.0
2024-03-01 15:16:00,BRTX,1.5013999938964844,1.5013999938964844,1.5013999938964844,1.5013999938964844,1.5013999938964844,424.0
2024-03-01 15:16:00,BTAI,3.240000009536743,3.240000009536743,3.240000009536743,3.234999895095825,3.234999895095825,2050.0
2024-03-01 15:16:00,BTTX,0.18279999494552612,0.18279999494552612,0.18279999494552612,0.1826999932527542,0.18279999494552612,10212.0
2024-03-01 15:16:00,BWAY,6.53000020980835,6.53000020980835,6.53000020980835,6.53000020980835,6.53000020980835,100.0
2024-03-01 15:16:00,CABA,23.969999313354492,23.969999313354492,23.969999313354492,23.969999313354492,23.969999313354492,436.0
2024-03-01 15:16:00,CARA,0.9158999919891357,0.9158999919891357,0.9158999919891357,0.9113010168075562,0.9113010168075562,932.0
2024-03-01 15:16:00,CBAY,32.22999954223633,32.22999954223633,32.22999954223633,32.220001220703125,32.22999954223633,2918.0
2024-03-01 15:16:00,CCCC,10.979999542236328,10.979999542236328,10.979999542236328,10.979999542236328,10.979999542236328,1679.0
2024-03-01 15:16:00,CCRN,18.280000686645508,18.280000686645508,18.280000686645508,18.280000686645508,18.280000686645508,620.0
2024-03-01 15:16:00,CDNA,12.470000267028809,12.470000267028809,12.470000267028809,12.460000038146973,12.460000038146973,1127.0
2024-03-01 15:16:00,CDTX,0.7200000286102295,0.7200000286102295,0.7200000286102295,0.7200000286102295,0.7200000286102295,100.0
2024-03-01 15:16:00,CDXS,4.644999980926514,4.644999980926514,4.65749979019165,4.644999980926514,4.651199817657471,3343.0
2024-03-01 15:16:00,CELC,17.0,17.0,17.030000686645508,16.979999542236328,17.030000686645508,4247.0
2024-03-01 15:16:00,CERE,41.09000015258789,41.09000015258789,41.125,41.09000015258789,41.125,3742.0
2024-03-01 15:16:00,CERS,2.1649999618530273,2.1649999618530273,2.174999952316284,2.1649999618530273,2.174999952316284,12797.0
2024-03-01 15:16:00,CGC,3.184999942779541,3.184999942779541,3.190000057220459,3.180000066757202,3.184999942779541,9890.0
2024-03-01 15:16:00,CGEM,18.709999084472656,18.709999084472656,18.709999084472656,18.709999084472656,18.709999084472656,106.0
2024-03-01 15:16:00,CGEN,2.690000057220459,2.690000057220459,2.690000057220459,2.684999942779541,2.684999942779541,215.0
2024-03-01 15:16:00,CHRS,2.4049999713897705,2.4049999713897705,2.4100000858306885,2.4049999713897705,2.4049999713897705,342.0
2024-03-01 15:16:00,CKPT,2.200000047683716,2.200000047683716,2.200000047683716,2.190000057220459,2.190000057220459,3431.0
2024-03-01 15:16:00,CLDX,52.060001373291016,52.060001373291016,52.06999969482422,51.9900016784668,52.0099983215332,10514.0
2024-03-01 15:16:00,CLOV,0.8627499938011169,0.8627499938011169,0.8628000020980835,0.8626999855041504,0.8628000020980835,23760.0
2024-03-01 15:16:00,CLPT,6.559999942779541,6.559999942779541,6.559999942779541,6.559999942779541,6.559999942779541,200.0
2024-03-01 15:16:00,CLRB,4.099999904632568,4.099999904632568,4.099999904632568,4.099999904632568,4.099999904632568,498.0
2024-03-01 15:16:00,CMPS,11.484999656677246,11.484999656677246,11.484999656677246,11.484999656677246,11.484999656677246,501.0
2024-03-01 15:16:00,CMRX,1.190000057220459,1.190000057220459,1.2000000476837158,1.190000057220459,1.2000000476837158,733.0
2024-03-01 15:16:00,CNSP,0.33980000019073486,0.33980000019073486,0.3398999869823456,0.33959999680519104,0.3398999869823456,9629.0
2024-03-01 15:16:00,COGT,7.199999809265137,7.199999809265137,7.210000038146973,7.199999809265137,7.204999923706055,3930.0
2024-03-01 15:16:00,COLL,36.77000045776367,36.77000045776367,36.77000045776367,36.77000045776367,36.77000045776367,301.0
2024-03-01 15:16:00,CORT,24.229999542236328,24.229999542236328,24.229999542236328,24.229999542236328,24.229999542236328,241.0
2024-03-01 15:16:00,CPRX,17.190000534057617,17.190000534057617,17.19499969482422,17.190000534057617,17.19230079650879,3301.0
2024-03-01 15:16:00,CRBP,33.5,33.5,33.5,33.470001220703125,33.470001220703125,536.0
2024-03-01 15:16:00,CRBU,7.849999904632568,7.849999904632568,7.859899997711182,7.849999904632568,7.859899997711182,1261.0
2024-03-01 15:16:00,CRDF,2.7100000381469727,2.7100000381469727,2.734999895095825,2.7049999237060547,2.7219998836517334,33359.0
2024-03-01 15:16:00,CRNX,45.84000015258789,45.84000015258789,45.85499954223633,45.810001373291016,45.810001373291016,907.0
2024-03-01 15:16:00,CRON,2.0250000953674316,2.0250000953674316,2.0250000953674316,2.0199999809265137,2.0250000953674316,1550.0
2024-03-01 15:16:00,CRSP,84.66799926757812,84.66799926757812,84.68499755859375,84.66799926757812,84.68499755859375,718.0
2024-03-01 15:16:00,CSBR,5.590000152587891,5.590000152587891,5.590000152587891,5.590000152587891,5.590000152587891,496.0
2024-03-01 15:16:00,CSTL,19.90999984741211,19.90999984741211,19.954999923706055,19.90999984741211,19.954999923706055,1841.0
2024-03-01 15:16:00,CTKB,9.020000457763672,9.020000457763672,9.020000457763672,9.020000457763672,9.020000457763672,1253.0
2024-03-01 15:16:00,CTMX,2.5350000858306885,2.5350000858306885,2.5350000858306885,2.5299999713897705,2.5299999713897705,1025.0
2024-03-01 15:16:00,CUTR,2.4000000953674316,2.4000000953674316,2.4000000953674316,2.4000000953674316,2.4000000953674316,186.0
2024-03-01 15:16:00,CVAC,3.440000057220459,3.440000057220459,3.444999933242798,3.440000057220459,3.444999933242798,400.0
2024-03-01 15:16:00,CYTK,73.83000183105469,73.83000183105469,73.88500213623047,73.83000183105469,73.88500213623047,704.0
2024-03-01 15:16:00,DCGO,4.059999942779541,4.059999942779541,4.059999942779541,4.059999942779541,4.059999942779541,3387.0
2024-03-01 15:16:00,DCPH,17.5,17.5,17.5,17.5,17.5,128.0
2024-03-01 15:16:00,DH,8.8149995803833,8.8149995803833,8.829999923706055,8.8149995803833,8.829999923706055,1918.0
2024-03-01 15:16:00,DMTK,0.8458999991416931,0.8458999991416931,0.8458999991416931,0.8449490070343018,0.8449490070343018,7927.0
2024-03-01 15:16:00,DNLI,21.059999465942383,21.059999465942383,21.059999465942383,21.049999237060547,21.049999237060547,559.0
2024-03-01 15:16:00,DTIL,12.579999923706055,12.579999923706055,12.8100004196167,12.579999923706055,12.8100004196167,4659.0
2024-03-01 15:16:00,DVAX,12.789999961853027,12.789999961853027,12.795000076293945,12.789999961853027,12.789999961853027,595.0
2024-03-01 15:16:00,DXCM,121.19000244140625,121.19000244140625,121.2300033569336,121.19000244140625,121.2300033569336,2776.0
2024-03-01 15:16:00,DYN,29.06999969482422,29.06999969482422,29.084999084472656,29.06999969482422,29.079999923706055,2249.0
2024-03-01 15:16:00,EDIT,10.805000305175781,10.805000305175781,10.805000305175781,10.78499984741211,10.805000305175781,11872.0
2024-03-01 15:16:00,EFTR,16.100000381469727,16.100000381469727,16.100000381469727,16.099300384521484,16.099300384521484,319.0
2024-03-01 15:16:00,EGRX,6.590000152587891,6.590000152587891,6.590000152587891,6.579999923706055,6.579999923706055,487.0
2024-03-01 15:16:00,ELEV,5.190000057220459,5.190000057220459,5.204999923706055,5.15500020980835,5.184999942779541,40065.0
2024-03-01 15:16:00,EMBC,14.300000190734863,14.300000190734863,14.300000190734863,14.289999961853027,14.289999961853027,727.0
2024-03-01 15:16:00,ENTA,15.670000076293945,15.670000076293945,15.670000076293945,15.670000076293945,15.670000076293945,187.0
2024-03-01 15:16:00,EOLS,14.800000190734863,14.800000190734863,14.800000190734863,14.800000190734863,14.800000190734863,292.0
2024-03-01 15:16:00,EPIX,9.48009967803955,9.48009967803955,9.48009967803955,9.48009967803955,9.48009967803955,107.0
2024-03-01 15:16:00,ERAS,2.515000104904175,2.515000104904175,2.5199999809265137,2.515000104904175,2.5199999809265137,8975.0
2024-03-01 15:16:00,ESPR,2.5450000762939453,2.5450000762939453,2.5450000762939453,2.5450000762939453,2.5450000762939453,1495.0
2024-03-01 15:16:00,ESTA,44.540000915527344,44.540000915527344,44.65999984741211,44.5099983215332,44.5099983215332,557.0
2024-03-01 15:16:00,ETNB,12.729999542236328,12.729999542236328,12.729999542236328,12.720000267028809,12.720000267028809,1741.0
2024-03-01 15:16:00,EVO,7.514999866485596,7.514999866485596,7.514999866485596,7.510000228881836,7.510000228881836,309.0
2024-03-01 15:16:00,EWTX,16.864999771118164,16.864999771118164,16.87700080871582,16.864999771118164,16.864999771118164,449.0
2024-03-01 15:16:00,EXAI,6.559999942779541,6.559999942779541,6.585000038146973,6.559999942779541,6.585000038146973,8542.0
2024-03-01 15:16:00,EXAS,59.59000015258789,59.59000015258789,59.630001068115234,59.58000183105469,59.6150016784668,3936.0
2024-03-01 15:16:00,EXEL,22.290000915527344,22.290000915527344,22.295000076293945,22.28499984741211,22.295000076293945,12434.0
2024-03-01 15:16:00,EYEN,2.3399999141693115,2.3399999141693115,2.340100049972534,2.3350000381469727,2.340100049972534,4167.0
2024-03-01 15:16:00,EYPT,27.985000610351562,27.985000610351562,27.985000610351562,27.985000610351562,27.985000610351562,284.0
2024-03-01 15:16:00,FATE,7.699999809265137,7.699999809265137,7.710000038146973,7.699999809265137,7.704999923706055,3904.0
2024-03-01 15:16:00,FEMY,1.7300000190734863,1.7300000190734863,1.7300000190734863,1.7300000190734863,1.7300000190734863,1945.0
2024-03-01 15:16:00,FGEN,1.8250000476837158,1.8250000476837158,1.8300000429153442,1.8250000476837158,1.8300000429153442,421.0
2024-03-01 15:16:00,FHTX,8.055000305175781,8.055000305175781,8.055000305175781,8.055000305175781,8.055000305175781,274.0
2024-03-01 15:16:00,FLGT,23.165000915527344,23.165000915527344,23.165000915527344,23.139999389648438,23.165000915527344,1408.0
2024-03-01 15:16:00,FONR,22.459999084472656,22.459999084472656,22.459999084472656,22.459999084472656,22.459999084472656,210.0
2024-03-01 15:16:00,FULC,10.960000038146973,10.960000038146973,10.999899864196777,10.960000038146973,10.999899864196777,2847.0
2024-03-01 15:16:00,FUSN,12.140000343322754,12.140000343322754,12.149999618530273,12.135000228881836,12.140000343322754,948.0
2024-03-01 15:16:00,FWBI,8.949999809265137,8.949999809265137,8.949999809265137,8.670000076293945,8.670000076293945,3345.0
2024-03-01 15:16:00,GBIO,2.630000114440918,2.630000114440918,2.630000114440918,2.630000114440918,2.630000114440918,667.0
2024-03-01 15:16:00,GDRX,8.329999923706055,8.329999923706055,8.354999542236328,8.329999923706055,8.354999542236328,4964.0
2024-03-01 15:16:00,GERN,2.244999885559082,2.244999885559082,2.244999885559082,2.240000009536743,2.244999885559082,2108.0
2024-03-01 15:16:00,GH,19.010000228881836,19.010000228881836,19.030000686645508,19.010000228881836,19.024999618530273,2248.0
2024-03-01 15:16:00,GILD,72.53500366210938,72.53500366210938,72.55999755859375,72.53500366210938,72.55380249023438,6964.0
2024-03-01 15:16:00,GLTO,0.8098999857902527,0.8098999857902527,0.8098999857902527,0.8098999857902527,0.8098999857902527,120.0
2024-03-01 15:16:00,GLYC,3.009999990463257,3.009999990463257,3.009999990463257,3.009999990463257,3.009999990463257,100.0
2024-03-01 15:16:00,GMAB,29.3799991607666,29.3799991607666,29.385000228881836,29.3799991607666,29.385000228881836,881.0
2024-03-01 15:16:00,GMDA,0.38019999861717224,0.38019999861717224,0.38019999861717224,0.38019999861717224,0.38019999861717224,4818.0
2024-03-01 15:16:00,GOSS,1.4199999570846558,1.4199999570846558,1.4199999570846558,1.4199999570846558,1.4199999570846558,4176.0
2024-03-01 15:16:00,GRFS,7.005000114440918,7.005000114440918,7.039999961853027,7.005000114440918,7.039999961853027,6053.0
2024-03-01 15:16:00,GRPH,3.380000114440918,3.380000114440918,3.380000114440918,3.380000114440918,3.380000114440918,253.0
2024-03-01 15:16:00,GRTS,2.0297000408172607,2.0297000408172607,2.0297000408172607,2.0199999809265137,2.0250000953674316,8596.0
2024-03-01 15:16:00,GRTX,0.23319999873638153,0.23319999873638153,0.23319999873638153,0.23319999873638153,0.23319999873638153,114.0
2024-03-01 15:16:00,GTHX,3.765000104904175,3.765000104904175,3.7701001167297363,3.759999990463257,3.765000104904175,8241.0
2024-03-01 15:16:00,HALO,40.900001525878906,40.900001525878906,40.97999954223633,40.900001525878906,40.97999954223633,4727.0
2024-03-01 15:16:00,HARP,22.94499969482422,22.94499969482422,22.94499969482422,22.94499969482422,22.94499969482422,220.0
2024-03-01 15:16:00,HCAT,8.109999656677246,8.109999656677246,8.109999656677246,8.104999542236328,8.104999542236328,755.0
2024-03-01 15:16:00,HCSG,12.729999542236328,12.729999542236328,12.729999542236328,12.722999572753906,12.722999572753906,1303.0
2024-03-01 15:16:00,HCTI,2.079900026321411,2.079900026321411,2.079900026321411,2.079900026321411,2.079900026321411,500.0
2024-03-01 15:16:00,HLVX,19.174999237060547,19.174999237060547,19.219999313354492,19.174999237060547,19.174999237060547,638.0
2024-03-01 15:16:00,HOLX,74.23999786376953,74.23999786376953,74.25,74.23500061035156,74.25,1452.0
2024-03-01 15:16:00,HOWL,7.130000114440918,7.130000114440918,7.130000114440918,7.130000114440918,7.130000114440918,213.0
2024-03-01 15:16:00,HQY,81.2300033569336,81.2300033569336,81.26000213623047,81.2300033569336,81.26000213623047,1618.0
2024-03-01 15:16:00,HRMY,31.639999389648438,31.639999389648438,31.670000076293945,31.604999542236328,31.604999542236328,3381.0
2024-03-01 15:16:00,HRTX,2.577500104904175,2.577500104904175,2.577500104904175,2.569999933242798,2.5734000205993652,840.0
2024-03-01 15:16:00,HSIC,76.9000015258789,76.9000015258789,76.9000015258789,76.87000274658203,76.88999938964844,2057.0
2024-03-01 15:16:00,HUMA,3.244999885559082,3.244999885559082,3.265000104904175,3.240000009536743,3.265000104904175,69879.0
2024-03-01 15:16:00,IART,36.20500183105469,36.20500183105469,36.220001220703125,36.20500183105469,36.220001220703125,1177.0
2024-03-01 15:16:00,IBRX,4.830100059509277,4.830100059509277,4.830100059509277,4.829999923706055,4.830100059509277,3714.0
2024-03-01 15:16:00,IDYA,46.130001068115234,46.130001068115234,46.130001068115234,46.130001068115234,46.130001068115234,383.0
2024-03-01 15:16:00,IKNA,1.4519000053405762,1.4519000053405762,1.4519000053405762,1.4519000053405762,1.4519000053405762,786.0
2024-03-01 15:16:00,ILMN,140.9949951171875,140.9949951171875,141.09129333496094,140.9949951171875,141.0500030517578,1065.0
2024-03-01 15:16:00,IMAB,1.7949999570846558,1.7949999570846558,1.7949999570846558,1.7949999570846558,1.7949999570846558,100.0
2024-03-01 15:16:00,IMMX,3.505000114440918,3.505000114440918,3.505000114440918,3.505000114440918,3.505000114440918,110.0
2024-03-01 15:16:00,IMNM,25.299999237060547,25.299999237060547,25.334999084472656,25.299999237060547,25.334999084472656,1284.0
2024-03-01 15:16:00,IMNN,1.0299999713897705,1.0299999713897705,1.0299999713897705,1.0299999713897705,1.0299999713897705,500.0
2024-03-01 15:16:00,IMTX,12.789999961853027,12.789999961853027,12.789999961853027,12.789999961853027,12.789999961853027,1774.0
2024-03-01 15:16:00,IMUX,1.4700000286102295,1.4700000286102295,1.4700000286102295,1.4700000286102295,1.4700000286102295,551.0
2024-03-01 15:16:00,IMVT,35.619998931884766,35.619998931884766,35.619998931884766,35.619998931884766,35.619998931884766,304.0
2024-03-01 15:16:00,INCY,59.16999816894531,59.16999816894531,59.220001220703125,59.16999816894531,59.220001220703125,4469.0
2024-03-01 15:16:00,INGN,6.840000152587891,6.840000152587891,6.840000152587891,6.840000152587891,6.840000152587891,629.0
2024-03-01 15:16:00,INKT,0.9204999804496765,0.9204999804496765,0.9204999804496765,0.9204999804496765,0.9204999804496765,13134.0
2024-03-01 15:16:00,INMD,22.915000915527344,22.915000915527344,22.915000915527344,22.915000915527344,22.915000915527344,476.0
2024-03-01 15:16:00,INO,9.510000228881836,9.510000228881836,9.555000305175781,9.510000228881836,9.550000190734863,4360.0
2024-03-01 15:16:00,INSM,28.020000457763672,28.020000457763672,28.040000915527344,28.020000457763672,28.040000915527344,1278.0
2024-03-01 15:16:00,INVA,15.380000114440918,15.380000114440918,15.380000114440918,15.375200271606445,15.375200271606445,619.0
2024-03-01 15:16:00,IONM,0.35499998927116394,0.35499998927116394,0.35499998927116394,0.3529999852180481,0.3529999852180481,658.0
2024-03-01 15:16:00,IONS,45.849998474121094,45.849998474121094,45.88249969482422,45.849998474121094,45.869998931884766,2416.0
2024-03-01 15:16:00,IOVA,16.934999465942383,16.934999465942383,16.959999084472656,16.899999618530273,16.959999084472656,35253.0
2024-03-01 15:16:00,IRWD,8.954999923706055,8.954999923706055,8.957500457763672,8.954999923706055,8.954999923706055,3146.0
2024-03-01 15:16:00,ISRG,397.1300048828125,397.1300048828125,397.17498779296875,397.04998779296875,397.17498779296875,1369.0
2024-03-01 15:16:00,ITCI,72.14739990234375,72.14739990234375,72.14739990234375,72.14739990234375,72.14739990234375,220.0
2024-03-01 15:16:00,ITOS,11.194999694824219,11.194999694824219,11.194999694824219,11.194999694824219,11.194999694824219,144.0
2024-03-01 15:16:00,IVVD,3.9600000381469727,3.9600000381469727,3.9800000190734863,3.9600000381469727,3.9749999046325684,2345.0
2024-03-01 15:16:00,IXHL,5.53000020980835,5.53000020980835,5.599999904632568,5.53000020980835,5.599999904632568,458.0
2024-03-01 15:16:00,JAGX,0.08190000057220459,0.08190000057220459,0.08370000123977661,0.08049999922513962,0.08100000023841858,1014543.0
2024-03-01 15:16:00,JANX,46.060001373291016,46.060001373291016,46.060001373291016,46.060001373291016,46.060001373291016,369.0
2024-03-01 15:16:00,JAZZ,119.47000122070312,119.47000122070312,119.54000091552734,119.44000244140625,119.45999908447266,3981.0
2024-03-01 15:16:00,JSPR,21.8700008392334,21.8700008392334,21.8799991607666,21.8700008392334,21.8799991607666,670.0
2024-03-01 15:16:00,JYNT,9.979999542236328,9.979999542236328,9.979999542236328,9.979999542236328,9.979999542236328,100.0
2024-03-01 15:16:00,KALV,14.079999923706055,14.079999923706055,14.079999923706055,14.079999923706055,14.079999923706055,519.0
2024-03-01 15:16:00,KIDS,27.90999984741211,27.90999984741211,27.90999984741211,27.90999984741211,27.90999984741211,125.0
2024-03-01 15:16:00,KNSA,21.90999984741211,21.90999984741211,21.920000076293945,21.90999984741211,21.920000076293945,1539.0
2024-03-01 15:16:00,KNTE,2.6003000736236572,2.6003000736236572,2.6050000190734863,2.6003000736236572,2.6050000190734863,727.0
2024-03-01 15:16:00,KOD,6.03000020980835,6.03000020980835,6.03000020980835,6.03000020980835,6.03000020980835,653.0
2024-03-01 15:16:00,KPRX,0.660099983215332,0.660099983215332,0.6699000000953674,0.660099983215332,0.6699000000953674,1251.0
2024-03-01 15:16:00,KPTI,1.190000057220459,1.190000057220459,1.190000057220459,1.190000057220459,1.190000057220459,3044.0
2024-03-01 15:16:00,KRON,1.059999942779541,1.059999942779541,1.059999942779541,1.0500999689102173,1.0500999689102173,1823.0
2024-03-01 15:16:00,KRYS,168.97500610351562,168.97500610351562,168.97500610351562,168.8350067138672,168.8350067138672,476.0
2024-03-01 15:16:00,KYMR,43.75,43.75,43.75,43.75,43.75,222.0
2024-03-01 15:16:00,KZR,1.041100025177002,1.041100025177002,1.041100025177002,1.041100025177002,1.041100025177002,605.0
2024-03-01 15:16:00,LAB,2.4649999141693115,2.4649999141693115,2.4700000286102295,2.4649999141693115,2.4700000286102295,4099.0
2024-03-01 15:16:00,LBPH,21.469999313354492,21.469999313354492,21.469999313354492,21.469999313354492,21.469999313354492,156.0
2024-03-01 15:16:00,LEXX,2.799999952316284,2.799999952316284,2.799999952316284,2.799999952316284,2.799999952316284,100.0
2024-03-01 15:16:00,LFLY,2.9800000190734863,2.9800000190734863,2.9800000190734863,2.9800000190734863,2.9800000190734863,423.0
2024-03-01 15:16:00,LFMD,7.965000152587891,7.965000152587891,7.980000019073486,7.949999809265137,7.980000019073486,2807.0
2024-03-01 15:16:00,LFST,7.735000133514404,7.735000133514404,7.735000133514404,7.730000019073486,7.730000019073486,322.0
2024-03-01 15:16:00,LGND,77.30999755859375,77.30999755859375,77.30999755859375,77.30999755859375,77.30999755859375,167.0
2024-03-01 15:16:00,LIAN,4.869999885559082,4.869999885559082,4.869999885559082,4.869999885559082,4.869999885559082,101.0
2024-03-01 15:16:00,LNTH,64.52999877929688,64.52999877929688,64.52999877929688,64.52999877929688,64.52999877929688,361.0
2024-03-01 15:16:00,LQDA,14.574999809265137,14.574999809265137,14.579999923706055,14.5600004196167,14.569999694824219,2529.0
2024-03-01 15:16:00,LTRN,4.125,4.125,4.125,4.092299938201904,4.109000205993652,2207.0
2024-03-01 15:16:00,LUNG,9.449999809265137,9.449999809265137,9.449999809265137,9.4350004196167,9.4350004196167,1748.0
2024-03-01 15:16:00,LVTX,2.670099973678589,2.670099973678589,2.670099973678589,2.670099973678589,2.670099973678589,102.0
2024-03-01 15:16:00,LXRX,2.496000051498413,2.496000051498413,2.496000051498413,2.4900999069213867,2.4900999069213867,701.0
2024-03-01 15:16:00,LYEL,3.115000009536743,3.115000009536743,3.115000009536743,3.115000009536743,3.115000009536743,468.0
2024-03-01 15:16:00,LYRA,5.619999885559082,5.619999885559082,5.619999885559082,5.619999885559082,5.619999885559082,210.0
2024-03-01 15:16:00,MBOT,1.320099949836731,1.320099949836731,1.3250000476837158,1.3200000524520874,1.3250000476837158,3647.0
2024-03-01 15:16:00,MCRB,1.2200000286102295,1.2200000286102295,1.228600025177002,1.2200000286102295,1.228600025177002,491.0
2024-03-01 15:16:00,MDGL,250.6300048828125,250.6300048828125,250.6300048828125,250.22000122070312,250.22000122070312,1196.0
2024-03-01 15:16:00,MDRX,6.019999980926514,6.019999980926514,6.070000171661377,6.019999980926514,6.070000171661377,67618.0
2024-03-01 15:16:00,MDXG,8.579999923706055,8.579999923706055,8.59000015258789,8.579999923706055,8.59000015258789,2751.0
2024-03-01 15:16:00,ME,0.5515499711036682,0.5515499711036682,0.5515999794006348,0.5515000224113464,0.5515499711036682,10574.0
2024-03-01 15:16:00,MGNX,18.809999465942383,18.809999465942383,18.81399917602539,18.760000228881836,18.809999465942383,7907.0
2024-03-01 15:16:00,MIRM,29.25,29.25,29.25,29.25,29.25,231.0
2024-03-01 15:16:00,MLTX,50.380001068115234,50.380001068115234,50.41999816894531,50.380001068115234,50.3849983215332,2161.0
2024-03-01 15:16:00,MMSI,76.08999633789062,76.08999633789062,76.08999633789062,76.08999633789062,76.08999633789062,1016.0
2024-03-01 15:16:00,MNKD,4.534999847412109,4.534999847412109,4.539999961853027,4.534999847412109,4.539999961853027,3662.0
2024-03-01 15:16:00,MNMD,6.110000133514404,6.110000133514404,6.110000133514404,6.110000133514404,6.110000133514404,761.0
2024-03-01 15:16:00,MNPR,0.9156000018119812,0.9156000018119812,0.9254999756813049,0.9150000214576721,0.9254999756813049,1506.0
2024-03-01 15:16:00,MODD,1.8899999856948853,1.8899999856948853,1.8899999856948853,1.8700000047683716,1.8799999952316284,400.0
2024-03-01 15:16:00,MODV,28.389999389648438,28.389999389648438,28.450000762939453,28.389999389648438,28.450000762939453,2528.0
2024-03-01 15:16:00,MOR,17.670000076293945,17.670000076293945,17.68000030517578,17.670000076293945,17.670000076293945,519.0
2024-03-01 15:16:00,MREO,3.949899911880493,3.949899911880493,3.950000047683716,3.946500062942505,3.946500062942505,1297.0
2024-03-01 15:16:00,MRNA,95.49500274658203,95.49500274658203,95.55000305175781,95.48999786376953,95.506103515625,3325.0
2024-03-01 15:16:00,MRNS,9.979999542236328,9.979999542236328,9.979999542236328,9.979999542236328,9.979999542236328,570.0
2024-03-01 15:16:00,MRSN,5.954999923706055,5.954999923706055,5.980000019073486,5.940000057220459,5.974999904632568,7195.0
2024-03-01 15:16:00,MRUS,51.470001220703125,51.470001220703125,51.470001220703125,51.38999938964844,51.38999938964844,1644.0
2024-03-01 15:16:00,MRVI,7.679999828338623,7.679999828338623,7.681000232696533,7.679999828338623,7.679999828338623,1613.0
2024-03-01 15:16:00,MXCT,4.75,4.75,4.75,4.75,4.75,497.0
2024-03-01 15:16:00,MYGN,22.09000015258789,22.09000015258789,22.09000015258789,22.09000015258789,22.09000015258789,376.0
2024-03-01 15:16:00,MYMD,3.369999885559082,3.369999885559082,3.369999885559082,3.369999885559082,3.369999885559082,171.0
2024-03-01 15:16:00,NARI,46.0099983215332,46.0099983215332,46.02000045776367,45.97999954223633,46.01499938964844,7236.0
2024-03-01 15:16:00,NBIX,131.85499572753906,131.85499572753906,131.8800048828125,131.85499572753906,131.8699951171875,717.0
2024-03-01 15:16:00,NEO,15.970000267028809,15.970000267028809,15.979999542236328,15.970000267028809,15.979999542236328,1766.0
2024-03-01 15:16:00,NEOG,17.30500030517578,17.30500030517578,17.30500030517578,17.30500030517578,17.30500030517578,601.0
2024-03-01 15:16:00,NEPT,0.41499999165534973,0.41499999165534973,0.42289999127388,0.41499999165534973,0.42289999127388,17603.0
2024-03-01 15:16:00,NERV,2.6301000118255615,2.6301000118255615,2.6301000118255615,2.6301000118255615,2.6301000118255615,400.0
2024-03-01 15:16:00,NKTR,0.7670999765396118,0.7670999765396118,0.7670999765396118,0.7670999765396118,0.7670999765396118,857.0
2024-03-01 15:16:00,NKTX,12.670000076293945,12.670000076293945,12.670000076293945,12.670000076293945,12.670000076293945,477.0
2024-03-01 15:16:00,NNOX,10.899999618530273,10.899999618530273,10.899999618530273,10.869999885559082,10.880000114440918,4253.0
2024-03-01 15:16:00,NRIX,13.46500015258789,13.46500015258789,13.479999542236328,13.46500015258789,13.479999542236328,1118.0
2024-03-01 15:16:00,NRSN,1.9700000286102295,1.9700000286102295,1.9700000286102295,1.9700000286102295,1.9700000286102295,5325.0
2024-03-01 15:16:00,NRXP,0.431100994348526,0.431100994348526,0.4437989890575409,0.431100994348526,0.4437989890575409,7311.0
2024-03-01 15:16:00,NTLA,33.209999084472656,33.209999084472656,33.227500915527344,33.20000076293945,33.209999084472656,3074.0
2024-03-01 15:16:00,NTRA,89.5250015258789,89.5250015258789,89.5250015258789,89.45999908447266,89.45999908447266,2468.0
2024-03-01 15:16:00,NURO,4.010000228881836,4.010000228881836,4.010000228881836,4.010000228881836,4.010000228881836,512.0
2024-03-01 15:16:00,NUTX,0.11389999836683273,0.11389999836683273,0.11389999836683273,0.11389999836683273,0.11389999836683273,267.0
2024-03-01 15:16:00,NUVL,87.38500213623047,87.38500213623047,87.38500213623047,87.33999633789062,87.33999633789062,653.0
2024-03-01 15:16:00,NVAX,5.355000019073486,5.355000019073486,5.364999771118164,5.349999904632568,5.364999771118164,60183.0
2024-03-01 15:16:00,NVCR,16.065000534057617,16.065000534057617,16.065000534057617,16.065000534057617,16.065000534057617,242.0
2024-03-01 15:16:00,NVCT,10.75,10.75,10.75,10.75,10.75,820.0
2024-03-01 15:16:00,NVNO,6.320000171661377,6.320000171661377,6.320000171661377,6.320000171661377,6.320000171661377,200.0
2024-03-01 15:16:00,NXTC,1.7599999904632568,1.7599999904632568,1.76010000705719,1.7599999904632568,1.7599999904632568,480.0
2024-03-01 15:16:00,OCGN,0.9509999752044678,0.9509999752044678,0.9559000134468079,0.9509999752044678,0.9559000134468079,1254.0
2024-03-01 15:16:00,OCUL,10.635000228881836,10.635000228881836,10.640000343322754,10.630000114440918,10.635000228881836,3043.0
2024-03-01 15:16:00,OCUP,2.5,2.5,2.505000114440918,2.5,2.505000114440918,1000.0
2024-03-01 15:16:00,OLK,22.979999542236328,22.979999542236328,22.985000610351562,22.979999542236328,22.985000610351562,232.0
2024-03-01 15:16:00,OLMA,14.635000228881836,14.635000228881836,14.642499923706055,14.630000114440918,14.630000114440918,887.0
2024-03-01 15:16:00,OM,3.1449999809265137,3.1449999809265137,3.1449999809265137,3.1449999809265137,3.1449999809265137,217.0
2024-03-01 15:16:00,OMCL,26.3700008392334,26.3700008392334,26.399999618530273,26.3700008392334,26.399999618530273,1576.0
2024-03-01 15:16:00,OMER,4.789999961853027,4.789999961853027,4.795000076293945,4.784999847412109,4.789999961853027,4225.0
2024-03-01 15:16:00,OMGA,4.379199981689453,4.379199981689453,4.380000114440918,4.369999885559082,4.369999885559082,5847.0
2024-03-01 15:17:00,ABCL,5.070000171661377,5.070000171661377,5.074999809265137,5.070000171661377,5.074999809265137,2975.0
2024-03-01 15:17:00,ABEO,7.75,7.75,7.75,7.75,7.75,192.0
2024-03-01 15:17:00,ABIO,1.6699999570846558,1.6699999570846558,1.6699999570846558,1.6699999570846558,1.6699999570846558,110.0
2024-03-01 15:17:00,ABOS,4.630000114440918,4.630000114440918,4.630000114440918,4.624000072479248,4.624000072479248,241.0
2024-03-01 15:17:00,ABSI,5.519100189208984,5.519100189208984,5.519999980926514,5.514999866485596,5.519999980926514,7961.0
2024-03-01 15:17:00,ABUS,2.7850000858306885,2.7850000858306885,2.7899999618530273,2.7750000953674316,2.7799999713897705,17970.0
2024-03-01 15:17:00,ACAD,24.079999923706055,24.079999923706055,24.094999313354492,24.079999923706055,24.094999313354492,2955.0
2024-03-01 15:17:00,ACB,3.190000057220459,3.190000057220459,3.190000057220459,3.190000057220459,3.190000057220459,212.0
2024-03-01 15:17:00,ACCD,10.039999961853027,10.039999961853027,10.0600004196167,10.039999961853027,10.0600004196167,1946.0
2024-03-01 15:17:00,ACET,2.384999990463257,2.384999990463257,2.390000104904175,2.384999990463257,2.384999990463257,415.0
2024-03-01 15:17:00,ACHC,84.08999633789062,84.08999633789062,84.11499786376953,84.08999633789062,84.11499786376953,689.0
2024-03-01 15:17:00,ACHL,1.3798999786376953,1.3798999786376953,1.3798999786376953,1.3700000047683716,1.3700000047683716,300.0
2024-03-01 15:17:00,ACLX,67.32749938964844,67.32749938964844,67.55500030517578,67.27200317382812,67.54750061035156,2170.0
2024-03-01 15:17:00,ACRS,1.2300000190734863,1.2300000190734863,1.2300000190734863,1.2200000286102295,1.225000023841858,1534.0
2024-03-01 15:17:00,ACST,3.4100000858306885,3.4100000858306885,3.4100000858306885,3.4000000953674316,3.4000000953674316,1017.0
2024-03-01 15:17:00,ADIL,3.0,3.0,3.0,2.9600000381469727,2.9700000286102295,13842.0
2024-03-01 15:17:00,ADMA,5.514999866485596,5.514999866485596,5.5254998207092285,5.514999866485596,5.525000095367432,11418.0
2024-03-01 15:17:00,ADPT,4.059999942779541,4.059999942779541,4.065000057220459,4.059999942779541,4.059999942779541,779.0
2024-03-01 15:17:00,ADUS,93.88999938964844,93.88999938964844,93.88999938964844,93.88999938964844,93.88999938964844,309.0
2024-03-01 15:17:00,ADVM,1.965000033378601,1.965000033378601,1.9700000286102295,1.9600000381469727,1.9700000286102295,2701.0
2024-03-01 15:17:00,AFMD,0.675000011920929,0.675000011920929,0.675000011920929,0.6749899983406067,0.675000011920929,1050.0
2024-03-01 15:17:00,AGEN,0.670074999332428,0.670074999332428,0.6700999736785889,0.6700500249862671,0.6700999736785889,1506.0
2024-03-01 15:17:00,AGIO,32.2400016784668,32.2400016784668,32.290000915527344,32.22999954223633,32.290000915527344,3280.0
2024-03-01 15:17:00,AHCO,10.479999542236328,10.479999542236328,10.484999656677246,10.46500015258789,10.46500015258789,8600.0
2024-03-01 15:17:00,AIH,0.539900004863739,0.539900004863739,0.539900004863739,0.5389999747276306,0.5389999747276306,4300.0
2024-03-01 15:17:00,AIRS,6.40500020980835,6.40500020980835,6.40500020980835,6.40500020980835,6.40500020980835,186.0
2024-03-01 15:17:00,AKBA,1.684999942779541,1.684999942779541,1.690000057220459,1.684999942779541,1.690000057220459,1700.0
2024-03-01 15:17:00,AKLI,0.3531000018119812,0.3531000018119812,0.3531000018119812,0.3529999852180481,0.3531000018119812,3217.0
2024-03-01 15:17:00,AKRO,28.420000076293945,28.420000076293945,28.43000030517578,28.3799991607666,28.3799991607666,41444.0
2024-03-01 15:17:00,ALDX,4.215000152587891,4.215000152587891,4.21999979019165,4.215000152587891,4.21999979019165,1513.0
2024-03-01 15:17:00,ALEC,7.400000095367432,7.400000095367432,7.40500020980835,7.400000095367432,7.40500020980835,3900.0
2024-03-01 15:17:00,ALGN,301.8800048828125,301.8800048828125,302.0299987792969,301.8800048828125,302.0299987792969,463.0
2024-03-01 15:17:00,ALHC,5.539999961853027,5.539999961853027,5.539999961853027,5.539999961853027,5.539999961853027,432.0
2024-03-01 15:17:00,ALKS,30.139999389648438,30.139999389648438,30.15999984741211,30.139999389648438,30.155000686645508,4000.0
2024-03-01 15:17:00,ALLK,1.659999966621399,1.659999966621399,1.659999966621399,1.649999976158142,1.649999976158142,7505.0
2024-03-01 15:17:00,ALLO,4.968800067901611,4.968800067901611,4.968800067901611,4.954999923706055,4.954999923706055,7781.0
2024-03-01 15:17:00,ALNY,153.43499755859375,153.43499755859375,153.4600067138672,153.43499755859375,153.4600067138672,726.0
2024-03-01 15:17:00,ALPN,35.900001525878906,35.900001525878906,35.92499923706055,35.88999938964844,35.88999938964844,1115.0
2024-03-01 15:17:00,ALT,12.039999961853027,12.039999961853027,12.079999923706055,12.039999961853027,12.07040023803711,15607.0
2024-03-01 15:17:00,ALVR,0.7404000163078308,0.7404000163078308,0.7415000200271606,0.7394999861717224,0.7394999861717224,5650.0
2024-03-01 15:17:00,ALXO,15.020000457763672,15.020000457763672,15.024999618530273,15.0,15.024999618530273,3480.0
2024-03-01 15:17:00,AMED,93.30999755859375,93.30999755859375,93.30999755859375,93.27999877929688,93.29000091552734,727.0
2024-03-01 15:17:00,AMGN,280.30499267578125,280.30499267578125,280.3612060546875,280.2799987792969,280.3424987792969,4577.0
2024-03-01 15:17:00,AMLX,18.760000228881836,18.760000228881836,18.790000915527344,18.760000228881836,18.790000915527344,3268.0
2024-03-01 15:17:00,AMPH,45.80500030517578,45.80500030517578,45.84000015258789,45.80500030517578,45.84000015258789,1539.0
2024-03-01 15:17:00,AMRN,1.0549999475479126,1.0549999475479126,1.0549999475479126,1.0499999523162842,1.0500999689102173,10681.0
2024-03-01 15:17:00,ANAB,25.309999465942383,25.309999465942383,25.309999465942383,25.309999465942383,25.309999465942383,499.0
2024-03-01 15:17:00,ANGO,5.46999979019165,5.46999979019165,5.480000019073486,5.46999979019165,5.480000019073486,1773.0
2024-03-01 15:17:00,ANIP,66.75,66.75,66.75,66.75,66.75,531.0
2024-03-01 15:17:00,ANIX,3.4900999069213867,3.4900999069213867,3.4900999069213867,3.4900999069213867,3.4900999069213867,100.0
2024-03-01 15:17:00,ANNX,6.050000190734863,6.050000190734863,6.059999942779541,6.039999961853027,6.039999961853027,2705.0
2024-03-01 15:17:00,ANTX,3.0064001083374023,3.0064001083374023,3.0099000930786133,3.0064001083374023,3.00819993019104,1500.0
2024-03-01 15:17:00,APLS,64.30999755859375,64.30999755859375,64.30999755859375,64.30999755859375,64.30999755859375,364.0
2024-03-01 15:17:00,APLT,7.010000228881836,7.010000228881836,7.059999942779541,7.0,7.059999942779541,5287.0
2024-03-01 15:17:00,APVO,0.1599999964237213,0.1599999964237213,0.1599999964237213,0.1599999964237213,0.1599999964237213,102.0
2024-03-01 15:17:00,APYX,2.0899999141693115,2.0899999141693115,2.0899999141693115,2.0899999141693115,2.0899999141693115,139.0
2024-03-01 15:17:00,AQST,4.079999923706055,4.079999923706055,4.079999923706055,4.074999809265137,4.074999809265137,3841.0
2024-03-01 15:17:00,ARAY,2.625,2.625,2.630000114440918,2.625,2.630000114440918,843.0
2024-03-01 15:17:00,ARDX,9.4399995803833,9.4399995803833,9.444999694824219,9.4399995803833,9.4399995803833,3228.0
2024-03-01 15:17:00,ARGX,392.3999938964844,392.3999938964844,392.3999938964844,392.3999938964844,392.3999938964844,159.0
2024-03-01 15:17:00,ARQT,11.5,11.5,11.569999694824219,11.494999885559082,11.569999694824219,28959.0
2024-03-01 15:17:00,ARVN,47.73500061035156,47.73500061035156,47.7599983215332,47.720001220703125,47.7400016784668,989.0
2024-03-01 15:17:00,ARWR,35.59000015258789,35.59000015258789,35.709999084472656,35.54999923706055,35.689998626708984,8271.0
2024-03-01 15:17:00,ASND,154.19000244140625,154.19000244140625,154.1999969482422,154.19000244140625,154.1999969482422,481.0
2024-03-01 15:17:00,ASRT,0.8869500160217285,0.8869500160217285,0.8870000243186951,0.8869500160217285,0.8869500160217285,2467.0
2024-03-01 15:17:00,ATEC,13.484999656677246,13.484999656677246,13.484999656677246,13.479999542236328,13.479999542236328,824.0
2024-03-01 15:17:00,ATHA,3.950000047683716,3.950000047683716,3.9600000381469727,3.948699951171875,3.9600000381469727,4148.0
2024-03-01 15:17:00,ATOS,1.0,1.0,1.0,1.0,1.0,4203.0
2024-03-01 15:17:00,ATRA,0.7803000211715698,0.7803000211715698,0.7803000211715698,0.7803000211715698,0.7803000211715698,300.0
2024-03-01 15:17:00,ATRC,36.08000183105469,36.08000183105469,36.08000183105469,36.08000183105469,36.08000183105469,2184.0
2024-03-01 15:17:00,ATXS,14.8100004196167,14.8100004196167,14.90999984741211,14.8100004196167,14.90999984741211,8199.0
2024-03-01 15:17:00,AUGX,4.539999961853027,4.539999961853027,4.539999961853027,4.539999961853027,4.539999961853027,100.0
2024-03-01 15:17:00,AUPH,5.760000228881836,5.760000228881836,5.775000095367432,5.760000228881836,5.775000095367432,4107.0
2024-03-01 15:17:00,AUTL,6.25,6.25,6.25,6.239999771118164,6.25,401.0
2024-03-01 15:17:00,AVDL,13.390000343322754,13.390000343322754,13.399999618530273,13.380000114440918,13.399999618530273,2631.0
2024-03-01 15:17:00,AVRO,1.3200000524520874,1.3200000524520874,1.3200000524520874,1.3200000524520874,1.3200000524520874,100.0
2024-03-01 15:17:00,AVXL,5.295000076293945,5.295000076293945,5.300000190734863,5.295000076293945,5.300000190734863,1404.0
2024-03-01 15:17:00,AXNX,67.76499938964844,67.76499938964844,67.76499938964844,67.76499938964844,67.76499938964844,385.0
2024-03-01 15:17:00,AXSM,82.67500305175781,82.67500305175781,82.67500305175781,82.51000213623047,82.55000305175781,7071.0
2024-03-01 15:17:00,AZN,64.66100311279297,64.66100311279297,64.66999816894531,64.65499877929688,64.65499877929688,6524.0
2024-03-01 15:17:00,AZTA,66.91000366210938,66.91000366210938,66.93000030517578,66.91000366210938,66.93000030517578,1027.0
2024-03-01 15:17:00,BBIO,35.709999084472656,35.709999084472656,35.72999954223633,35.709999084472656,35.72999954223633,679.0
2024-03-01 15:17:00,BCAB,2.8399999141693115,2.8399999141693115,2.8499999046325684,2.8399999141693115,2.8399999141693115,3127.0
2024-03-01 15:17:00,BCDA,0.574999988079071,0.574999988079071,0.574999988079071,0.574999988079071,0.574999988079071,205.0
2024-03-01 15:17:00,BCLI,0.3474990129470825,0.3474990129470825,0.3474990129470825,0.3474990129470825,0.3474990129470825,200.0
2024-03-01 15:17:00,BCRX,5.650000095367432,5.650000095367432,5.65500020980835,5.650000095367432,5.650000095367432,1842.0
2024-03-01 15:17:00,BDSX,1.6050000190734863,1.6050000190734863,1.6050000190734863,1.6050000190734863,1.6050000190734863,554.0
2024-03-01 15:17:00,BDTX,4.755000114440918,4.755000114440918,4.755000114440918,4.755000114440918,4.755000114440918,847.0
2024-03-01 15:17:00,BEAM,39.744998931884766,39.744998931884766,39.744998931884766,39.720001220703125,39.72999954223633,2471.0
2024-03-01 15:17:00,BEAT,1.5889999866485596,1.5889999866485596,1.5889999866485596,1.5889999866485596,1.5889999866485596,547.0
2024-03-01 15:17:00,BFRI,0.8799999952316284,0.8799999952316284,0.8799999952316284,0.8799999952316284,0.8799999952316284,4300.0
2024-03-01 15:17:00,BGNE,165.40370178222656,165.40370178222656,165.6999969482422,165.40370178222656,165.6999969482422,1330.0
2024-03-01 15:17:00,BGXX,0.25999999046325684,0.25999999046325684,0.25999999046325684,0.25999999046325684,0.25999999046325684,198.0
2024-03-01 15:17:00,BIIB,220.91000366210938,220.91000366210938,221.16000366210938,220.83999633789062,221.09500122070312,6124.0
2024-03-01 15:17:00,BIOL,0.14489999413490295,0.14489999413490295,0.14489999413490295,0.14480000734329224,0.14480000734329224,295.0
2024-03-01 15:17:00,BIVI,1.98989999294281,1.98989999294281,2.0,1.9667999744415283,1.9775999784469604,63658.0
2024-03-01 15:17:00,BLFS,17.735000610351562,17.735000610351562,17.75,17.719999313354492,17.719999313354492,1889.0
2024-03-01 15:17:00,BLUE,1.5750000476837158,1.5750000476837158,1.5750000476837158,1.5700000524520874,1.5750000476837158,28578.0
2024-03-01 15:17:00,BMRN,87.76000213623047,87.76000213623047,87.83000183105469,87.75,87.79000091552734,6065.0
2024-03-01 15:17:00,BNGO,1.2549999952316284,1.2549999952316284,1.2549999952316284,1.2549999952316284,1.2549999952316284,100.0
2024-03-01 15:17:00,BNR,0.8144999742507935,0.8144999742507935,0.8189499974250793,0.8144999742507935,0.8189499974250793,1731.0
2024-03-01 15:17:00,BPMC,96.19999694824219,96.19999694824219,96.22000122070312,96.18000030517578,96.18000030517578,889.0
2024-03-01 15:17:00,BRKR,88.2249984741211,88.2249984741211,88.26000213623047,88.2249984741211,88.26000213623047,6695.0
2024-03-01 15:17:00,BTAI,3.2249999046325684,3.2249999046325684,3.2300000190734863,3.2249999046325684,3.2300000190734863,3842.0
2024-03-01 15:17:00,BTMD,5.889999866485596,5.889999866485596,5.889999866485596,5.889999866485596,5.889999866485596,1374.0
2024-03-01 15:17:00,BTTX,0.18150000274181366,0.18150000274181366,0.1828099936246872,0.18050000071525574,0.1828099936246872,11596.0
2024-03-01 15:17:00,BWAY,6.53000020980835,6.53000020980835,6.53000020980835,6.53000020980835,6.53000020980835,100.0
2024-03-01 15:17:00,CABA,23.959999084472656,23.959999084472656,23.975000381469727,23.959999084472656,23.959999084472656,1786.0
2024-03-01 15:17:00,CARA,0.9205989837646484,0.9205989837646484,0.9205989837646484,0.9205989837646484,0.9205989837646484,170.0
2024-03-01 15:17:00,CBAY,32.224998474121094,32.224998474121094,32.22999954223633,32.224998474121094,32.22999954223633,1306.0
2024-03-01 15:17:00,CCCC,10.970000267028809,10.970000267028809,10.979999542236328,10.96500015258789,10.970000267028809,3494.0
2024-03-01 15:17:00,CCRN,18.270000457763672,18.270000457763672,18.270000457763672,18.260000228881836,18.270000457763672,1286.0
2024-03-01 15:17:00,CDMO,8.220000267028809,8.220000267028809,8.234999656677246,8.220000267028809,8.234999656677246,2600.0
2024-03-01 15:17:00,CDNA,12.475000381469727,12.475000381469727,12.494999885559082,12.460000038146973,12.460000038146973,5008.0
2024-03-01 15:17:00,CDXS,4.635000228881836,4.635000228881836,4.650000095367432,4.635000228881836,4.639999866485596,5571.0
2024-03-01 15:17:00,CELC,17.0,17.0,17.0,16.962499618530273,17.0,1005.0
2024-03-01 15:17:00,CERE,41.09000015258789,41.09000015258789,41.095001220703125,41.09000015258789,41.092498779296875,1805.0
2024-03-01 15:17:00,CERS,2.174999952316284,2.174999952316284,2.174999952316284,2.1649999618530273,2.1649999618530273,10516.0
2024-03-01 15:17:00,CERT,18.139999389648438,18.139999389648438,18.139999389648438,18.139999389648438,18.139999389648438,222.0
2024-03-01 15:17:00,CGC,3.180000066757202,3.180000066757202,3.1898999214172363,3.180000066757202,3.184999942779541,2106.0
2024-03-01 15:17:00,CGEM,18.75,18.75,18.760000228881836,18.709999084472656,18.725000381469727,4667.0
2024-03-01 15:17:00,CGEN,2.684999942779541,2.684999942779541,2.684999942779541,2.684999942779541,2.684999942779541,106.0
2024-03-01 15:17:00,CHEK,2.0799999237060547,2.0799999237060547,2.0899999141693115,2.0799999237060547,2.0899999141693115,1480.0
2024-03-01 15:17:00,CHRS,2.4000000953674316,2.4000000953674316,2.409899950027466,2.4000000953674316,2.4049999713897705,12889.0
2024-03-01 15:17:00,CKPT,2.200000047683716,2.200000047683716,2.200000047683716,2.199899911880493,2.199899911880493,537.0
2024-03-01 15:17:00,CLDX,52.0,52.0,52.04499816894531,52.0,52.02000045776367,4324.0
2024-03-01 15:17:00,CLOV,0.8626999855041504,0.8626999855041504,0.8628000020980835,0.8626999855041504,0.8626999855041504,35789.0
2024-03-01 15:17:00,CLPT,6.559999942779541,6.559999942779541,6.559999942779541,6.559999942779541,6.559999942779541,200.0
2024-03-01 15:17:00,CMPS,11.489999771118164,11.489999771118164,11.510000228881836,11.489999771118164,11.5,16414.0
2024-03-01 15:17:00,CMPX,1.8799999952316284,1.8799999952316284,1.8849999904632568,1.8799999952316284,1.8799999952316284,1776.0
2024-03-01 15:17:00,CMRX,1.2000000476837158,1.2000000476837158,1.2000000476837158,1.2000000476837158,1.2000000476837158,100.0
2024-03-01 15:17:00,COGT,7.204999923706055,7.204999923706055,7.210000038146973,7.204999923706055,7.204999923706055,10669.0
2024-03-01 15:17:00,COLL,36.775001525878906,36.775001525878906,36.779998779296875,36.77000045776367,36.77009963989258,2434.0
2024-03-01 15:17:00,CORT,24.209999084472656,24.209999084472656,24.239999771118164,24.190000534057617,24.219999313354492,13244.0
2024-03-01 15:17:00,CPRX,17.18000030517578,17.18000030517578,17.184999465942383,17.18000030517578,17.18000030517578,6185.0
2024-03-01 15:17:00,CRBP,33.349998474121094,33.349998474121094,33.4900016784668,33.275001525878906,33.4900016784668,1690.0
2024-03-01 15:17:00,CRBU,7.840400218963623,7.840400218963623,7.849999904632568,7.840400218963623,7.849999904632568,1865.0
2024-03-01 15:17:00,CRDF,2.721100091934204,2.721100091934204,2.740000009536743,2.7100000381469727,2.7149999141693115,29029.0
2024-03-01 15:17:00,CRDL,1.9500000476837158,1.9500000476837158,1.9500000476837158,1.9299999475479126,1.9299999475479126,2036.0
2024-03-01 15:17:00,CRMD,3.6700000762939453,3.6700000762939453,3.6700000762939453,3.6700000762939453,3.6700000762939453,322.0
2024-03-01 15:17:00,CRNX,45.810001373291016,45.810001373291016,45.810001373291016,45.810001373291016,45.810001373291016,765.0
2024-03-01 15:17:00,CRON,2.0299999713897705,2.0299999713897705,2.0299999713897705,2.0199999809265137,2.0199999809265137,3854.0
2024-03-01 15:17:00,CRSP,84.67500305175781,84.67500305175781,84.67500305175781,84.67500305175781,84.67500305175781,341.0
2024-03-01 15:17:00,CSBR,5.590000152587891,5.590000152587891,5.590000152587891,5.590000152587891,5.590000152587891,200.0
2024-03-01 15:17:00,CSTL,19.93000030517578,19.93000030517578,19.93000030517578,19.920000076293945,19.920000076293945,525.0
2024-03-01 15:17:00,CTKB,9.010000228881836,9.010000228881836,9.020000457763672,9.0,9.020000457763672,17287.0
2024-03-01 15:17:00,CTMX,2.5299999713897705,2.5299999713897705,2.5350000858306885,2.5299999713897705,2.5350000858306885,1238.0
2024-03-01 15:17:00,CVAC,3.444999933242798,3.444999933242798,3.450000047683716,3.440000057220459,3.440000057220459,447.0
2024-03-01 15:17:00,CYTK,73.81999969482422,73.81999969482422,73.8499984741211,73.80999755859375,73.8499984741211,1606.0
2024-03-01 15:17:00,CYTO,2.4100000858306885,2.4100000858306885,2.4100000858306885,2.4049999713897705,2.4049999713897705,600.0
2024-03-01 15:17:00,DAWN,17.600000381469727,17.600000381469727,17.610000610351562,17.600000381469727,17.610000610351562,1513.0
2024-03-01 15:17:00,DBVT,0.8274999856948853,0.8274999856948853,0.8274999856948853,0.8274999856948853,0.8274999856948853,200.0
2024-03-01 15:17:00,DCGO,4.050000190734863,4.050000190734863,4.050000190734863,4.050000190734863,4.050000190734863,250.0
2024-03-01 15:17:00,DCPH,17.489999771118164,17.489999771118164,17.5,17.489999771118164,17.5,696.0
2024-03-01 15:17:00,DERM,4.019999980926514,4.019999980926514,4.059999942779541,4.019999980926514,4.059999942779541,3946.0
2024-03-01 15:17:00,DH,8.8100004196167,8.8100004196167,8.8100004196167,8.8100004196167,8.8100004196167,774.0
2024-03-01 15:17:00,DMTK,0.8399999737739563,0.8399999737739563,0.8399999737739563,0.8399999737739563,0.8399999737739563,2491.0
2024-03-01 15:17:00,DNLI,21.024999618530273,21.024999618530273,21.049999237060547,21.024999618530273,21.049999237060547,2349.0
2024-03-01 15:17:00,DSGN,2.875,2.875,2.875,2.875,2.875,367.0
2024-03-01 15:17:00,DTIL,12.744999885559082,12.744999885559082,12.764200210571289,12.734999656677246,12.764200210571289,2716.0
2024-03-01 15:17:00,DVAX,12.789999961853027,12.789999961853027,12.795000076293945,12.789999961853027,12.795000076293945,1833.0
2024-03-01 15:17:00,DXCM,121.19000244140625,121.19000244140625,121.19999694824219,121.12000274658203,121.19000244140625,8736.0
2024-03-01 15:17:00,DYN,29.0,29.0,29.079999923706055,29.0,29.079999923706055,4129.0
2024-03-01 15:17:00,EDIT,10.78499984741211,10.78499984741211,10.805000305175781,10.78499984741211,10.805000305175781,1796.0
2024-03-01 15:17:00,ELEV,5.204999923706055,5.204999923706055,5.204999923706055,5.179999828338623,5.190000057220459,1687.0
2024-03-01 15:17:00,EMBC,14.274999618530273,14.274999618530273,14.289999961853027,14.274999618530273,14.289999961853027,932.0
2024-03-01 15:17:00,ENTA,15.640000343322754,15.640000343322754,15.640000343322754,15.640000343322754,15.640000343322754,157.0
2024-03-01 15:17:00,ENVB,1.5099999904632568,1.5099999904632568,1.5199999809265137,1.5099999904632568,1.5199999809265137,300.0
2024-03-01 15:17:00,EOLS,14.800000190734863,14.800000190734863,14.800000190734863,14.800000190734863,14.800000190734863,118.0
2024-03-01 15:17:00,EQ,2.450700044631958,2.450700044631958,2.450700044631958,2.450700044631958,2.450700044631958,149.0
2024-03-01 15:17:00,ERAS,2.5199999809265137,2.5199999809265137,2.5199999809265137,2.515000104904175,2.515000104904175,3845.0
2024-03-01 15:17:00,ESPR,2.5450000762939453,2.5450000762939453,2.549999952316284,2.5399999618530273,2.5450000762939453,26280.0
2024-03-01 15:17:00,ESTA,44.505001068115234,44.505001068115234,44.56999969482422,44.5,44.51499938964844,6436.0
2024-03-01 15:17:00,ETNB,12.729999542236328,12.729999542236328,12.739999771118164,12.729999542236328,12.739999771118164,1447.0
2024-03-01 15:17:00,EXAI,6.559999942779541,6.559999942779541,6.559999942779541,6.559999942779541,6.559999942779541,1255.0
2024-03-01 15:17:00,EXAS,59.560001373291016,59.560001373291016,59.61000061035156,59.54999923706055,59.584999084472656,3949.0
2024-03-01 15:17:00,EXEL,22.28499984741211,22.28499984741211,22.293100357055664,22.282499313354492,22.293100357055664,2865.0
2024-03-01 15:17:00,EYEN,2.3301000595092773,2.3301000595092773,2.3399999141693115,2.3301000595092773,2.339099884033203,7533.0
2024-03-01 15:17:00,EYPT,27.96500015258789,27.96500015258789,27.979999542236328,27.96500015258789,27.979999542236328,1083.0
2024-03-01 15:17:00,FATE,7.679999828338623,7.679999828338623,7.690000057220459,7.679999828338623,7.690000057220459,2274.0
2024-03-01 15:17:00,FBIO,2.3547000885009766,2.3547000885009766,2.365000009536743,2.3499999046325684,2.365000009536743,3677.0
2024-03-01 15:17:00,FGEN,1.8300000429153442,1.8300000429153442,1.8300000429153442,1.8250000476837158,1.8250000476837158,1516.0
2024-03-01 15:17:00,FLGT,23.1200008392334,23.1200008392334,23.139999389648438,23.1200008392334,23.139999389648438,1035.0
2024-03-01 15:17:00,FOLD,13.279999732971191,13.279999732971191,13.295000076293945,13.279999732971191,13.295000076293945,4080.0
2024-03-01 15:17:00,FONR,22.545000076293945,22.545000076293945,22.545000076293945,22.5,22.5,567.0
2024-03-01 15:17:00,FRTX,0.9399999976158142,0.9399999976158142,0.9399999976158142,0.9399999976158142,0.9399999976158142,101.0
2024-03-01 15:17:00,FULC,10.979999542236328,10.979999542236328,10.989999771118164,10.979999542236328,10.979999542236328,527.0
2024-03-01 15:17:00,FUSN,12.149999618530273,12.149999618530273,12.149999618530273,12.140000343322754,12.140000343322754,971.0
2024-03-01 15:17:00,GANX,4.679999828338623,4.679999828338623,4.679999828338623,4.679999828338623,4.679999828338623,100.0
2024-03-01 15:17:00,GBIO,2.619999885559082,2.619999885559082,2.630000114440918,2.619999885559082,2.630000114440918,770.0
2024-03-01 15:17:00,GDRX,8.329999923706055,8.329999923706055,8.34000015258789,8.329999923706055,8.329999923706055,3140.0
2024-03-01 15:17:00,GERN,2.244999885559082,2.244999885559082,2.25,2.240000009536743,2.244999885559082,21859.0
2024-03-01 15:17:00,GH,19.010000228881836,19.010000228881836,19.020000457763672,19.010000228881836,19.014999389648438,1107.0
2024-03-01 15:17:00,GILD,72.5,72.5,72.54000091552734,72.5,72.52999877929688,11650.0
2024-03-01 15:17:00,GLTO,0.8100000023841858,0.8100000023841858,0.8100000023841858,0.8100000023841858,0.8100000023841858,3000.0
2024-03-01 15:17:00,GLYC,3.005000114440918,3.005000114440918,3.005000114440918,3.005000114440918,3.005000114440918,850.0
2024-03-01 15:17:00,GMAB,29.360000610351562,29.360000610351562,29.378999710083008,29.360000610351562,29.3700008392334,3854.0
2024-03-01 15:17:00,GMDA,0.3817000091075897,0.3817000091075897,0.38179999589920044,0.3817000091075897,0.38179999589920044,1200.0
2024-03-01 15:17:00,GNPX,4.632500171661377,4.632500171661377,4.632500171661377,4.632500171661377,4.632500171661377,120.0
2024-03-01 15:17:00,GOSS,1.4149999618530273,1.4149999618530273,1.4199999570846558,1.409999966621399,1.4199999570846558,10801.0
2024-03-01 15:17:00,GOVX,2.5399999618530273,2.5399999618530273,2.5399999618530273,2.5399999618530273,2.5399999618530273,137.0
2024-03-01 15:17:00,GRFS,7.005000114440918,7.005000114440918,7.005000114440918,7.001299858093262,7.001299858093262,362.0
2024-03-01 15:17:00,GRTS,2.0199999809265137,2.0199999809265137,2.0299999713897705,2.0199999809265137,2.0199999809265137,15220.0
2024-03-01 15:17:00,GTHX,3.75,3.75,3.759999990463257,3.75,3.759999990463257,4186.0
2024-03-01 15:17:00,HALO,40.880001068115234,40.880001068115234,40.900001525878906,40.84000015258789,40.900001525878906,13621.0
2024-03-01 15:17:00,HARP,22.942100524902344,22.942100524902344,22.9424991607666,22.942100524902344,22.9424991607666,345.0
2024-03-01 15:17:00,HCAT,8.09000015258789,8.09000015258789,8.109999656677246,8.09000015258789,8.109999656677246,3984.0
2024-03-01 15:17:00,HCSG,12.734999656677246,12.734999656677246,12.734999656677246,12.734999656677246,12.734999656677246,291.0
2024-03-01 15:17:00,HCTI,2.0199999809265137,2.0199999809265137,2.075000047683716,2.0199999809265137,2.075000047683716,5964.0
2024-03-01 15:17:00,HLVX,19.174999237060547,19.174999237060547,19.174999237060547,19.174999237060547,19.174999237060547,855.0
2024-03-01 15:17:00,HOLX,74.23600006103516,74.23600006103516,74.23600006103516,74.22000122070312,74.2300033569336,1653.0
2024-03-01 15:17:00,HQY,81.0999984741211,81.0999984741211,81.11000061035156,81.0999984741211,81.11000061035156,1471.0
2024-03-01 15:17:00,HRMY,31.6299991607666,31.6299991607666,31.6299991607666,31.6299991607666,31.6299991607666,370.0
2024-03-01 15:17:00,HRTX,2.569999933242798,2.569999933242798,2.577500104904175,2.569999933242798,2.569999933242798,976.0
2024-03-01 15:17:00,HSCS,0.1189500018954277,0.1189500018954277,0.1189500018954277,0.1189500018954277,0.1189500018954277,3010.0
2024-03-01 15:17:00,HUMA,3.2300000190734863,3.2300000190734863,3.244999885559082,3.2300000190734863,3.244999885559082,3121.0
2024-03-01 15:17:00,IART,36.20000076293945,36.20000076293945,36.20000076293945,36.20000076293945,36.20000076293945,2955.0
2024-03-01 15:17:00,IBRX,4.824999809265137,4.824999809265137,4.829899787902832,4.820000171661377,4.824999809265137,1394.0
2024-03-01 15:17:00,ICLR,324.239990234375,324.239990234375,324.239990234375,324.239990234375,324.239990234375,244.0
2024-03-01 15:17:00,ICUI,105.98999786376953,105.98999786376953,106.01000213623047,105.9800033569336,105.98999786376953,1126.0
2024-03-01 15:17:00,IGMS,12.869999885559082,12.869999885559082,12.90999984741211,12.869999885559082,12.90999984741211,305.0
2024-03-01 15:17:00,IKNA,1.465000033378601,1.465000033378601,1.465000033378601,1.465000033378601,1.465000033378601,308.0
2024-03-01 15:17:00,ILMN,140.8800048828125,140.8800048828125,140.99000549316406,140.86500549316406,140.99000549316406,6002.0
2024-03-01 15:17:00,IMAB,1.7799999713897705,1.7799999713897705,1.7949999570846558,1.7799999713897705,1.7949999570846558,8822.0
2024-03-01 15:17:00,IMCR,67.97000122070312,67.97000122070312,67.97000122070312,67.97000122070312,67.97000122070312,150.0
2024-03-01 15:17:00,IMMX,3.505000114440918,3.505000114440918,3.505000114440918,3.5,3.5,314.0
2024-03-01 15:17:00,IMNN,1.0199999809265137,1.0199999809265137,1.0199999809265137,1.0199999809265137,1.0199999809265137,266.0
2024-03-01 15:17:00,IMTX,12.779999732971191,12.779999732971191,12.779999732971191,12.779999732971191,12.779999732971191,204.0
2024-03-01 15:17:00,IMVT,35.564998626708984,35.564998626708984,35.61000061035156,35.564998626708984,35.599998474121094,2690.0
2024-03-01 15:17:00,INBX,36.529998779296875,36.529998779296875,36.54999923706055,36.529998779296875,36.54999923706055,2693.0
2024-03-01 15:17:00,INCY,59.119998931884766,59.119998931884766,59.150001525878906,59.119998931884766,59.150001525878906,1260.0
2024-03-01 15:17:00,INGN,6.829999923706055,6.829999923706055,6.829999923706055,6.829999923706055,6.829999923706055,338.0
2024-03-01 15:17:00,INMD,22.8799991607666,22.8799991607666,22.915000915527344,22.8799991607666,22.915000915527344,3105.0
2024-03-01 15:17:00,INO,9.470000267028809,9.470000267028809,9.525400161743164,9.470000267028809,9.525400161743164,2310.0
2024-03-01 15:17:00,INSM,28.010000228881836,28.010000228881836,28.030000686645508,28.010000228881836,28.020000457763672,4167.0
2024-03-01 15:17:00,INVA,15.375,15.375,15.380000114440918,15.369999885559082,15.375,1254.0
2024-03-01 15:17:00,INZY,6.539999961853027,6.539999961853027,6.559999942779541,6.539999961853027,6.559999942779541,951.0
2024-03-01 15:17:00,IOBT,1.850000023841858,1.850000023841858,1.850000023841858,1.850000023841858,1.850000023841858,134.0
2024-03-01 15:17:00,IONM,0.35989999771118164,0.35989999771118164,0.35989999771118164,0.35989999771118164,0.35989999771118164,300.0
2024-03-01 15:17:00,IONS,45.82500076293945,45.82500076293945,45.849998474121094,45.810001373291016,45.849998474121094,1047.0
2024-03-01 15:17:00,IOVA,16.860000610351562,16.860000610351562,16.93000030517578,16.860000610351562,16.93000030517578,18279.0
2024-03-01 15:17:00,IRMD,41.38999938964844,41.38999938964844,41.38999938964844,41.38999938964844,41.38999938964844,102.0
2024-03-01 15:17:00,IRTC,121.33000183105469,121.33000183105469,121.33000183105469,121.31999969482422,121.31999969482422,587.0
2024-03-01 15:17:00,IRWD,8.970000267028809,8.970000267028809,8.989999771118164,8.9399995803833,8.949999809265137,111804.0
2024-03-01 15:17:00,ISRG,397.1300048828125,397.1300048828125,397.1700134277344,397.07000732421875,397.1700134277344,3339.0
2024-03-01 15:17:00,ITCI,72.0999984741211,72.0999984741211,72.18000030517578,72.0999984741211,72.17500305175781,1614.0
2024-03-01 15:17:00,JAGX,0.08349999785423279,0.08349999785423279,0.0843999981880188,0.08179999887943268,0.08179999887943268,355994.0
2024-03-01 15:17:00,JANX,46.10089874267578,46.10089874267578,46.10089874267578,46.05500030517578,46.060001373291016,1472.0
2024-03-01 15:17:00,JAZZ,119.4749984741211,119.4749984741211,119.51000213623047,119.4749984741211,119.4749984741211,950.0
2024-03-01 15:17:00,JYNT,9.960000038146973,9.960000038146973,9.979999542236328,9.960000038146973,9.979999542236328,304.0
2024-03-01 15:17:00,KALA,7.311699867248535,7.311699867248535,7.311699867248535,7.311699867248535,7.311699867248535,302.0
2024-03-01 15:17:00,KALV,14.0600004196167,14.0600004196167,14.0600004196167,14.0600004196167,14.0600004196167,958.0
2024-03-01 15:17:00,KIDS,27.8799991607666,27.8799991607666,27.8799991607666,27.8799991607666,27.8799991607666,100.0
2024-03-01 15:17:00,KNSA,21.899999618530273,21.899999618530273,21.899999618530273,21.899999618530273,21.899999618530273,268.0
2024-03-01 15:17:00,KNTE,2.5999999046325684,2.5999999046325684,2.5999999046325684,2.5999999046325684,2.5999999046325684,100.0
2024-03-01 15:17:00,KOD,6.019999980926514,6.019999980926514,6.019999980926514,6.019999980926514,6.019999980926514,396.0
2024-03-01 15:17:00,KPTI,1.190000057220459,1.190000057220459,1.1950000524520874,1.190000057220459,1.190000057220459,13169.0
2024-03-01 15:17:00,KRMD,2.109999895095825,2.109999895095825,2.109999895095825,2.109999895095825,2.109999895095825,100.0
2024-03-01 15:17:00,KROS,68.8239974975586,68.8239974975586,68.8239974975586,68.8239974975586,68.8239974975586,405.0
2024-03-01 15:17:00,KRYS,168.9250030517578,168.9250030517578,168.9250030517578,168.80999755859375,168.8300018310547,2266.0
2024-03-01 15:17:00,KURA,21.790000915527344,21.790000915527344,21.790000915527344,21.790000915527344,21.790000915527344,252.0
2024-03-01 15:17:00,KYMR,43.724998474121094,43.724998474121094,43.75,43.70000076293945,43.75,1204.0
2024-03-01 15:17:00,KZR,1.0399999618530273,1.0399999618530273,1.0449999570846558,1.0399999618530273,1.0449999570846558,610.0
2024-03-01 15:17:00,LAB,2.4649999141693115,2.4649999141693115,2.4700000286102295,2.4649999141693115,2.4700000286102295,1968.0
2024-03-01 15:17:00,LBPH,21.469999313354492,21.469999313354492,21.469999313354492,21.469999313354492,21.469999313354492,641.0
2024-03-01 15:17:00,LEGN,65.5999984741211,65.5999984741211,65.5999984741211,65.5999984741211,65.5999984741211,112.0
2024-03-01 15:17:00,LEXX,2.7799999713897705,2.7799999713897705,2.799999952316284,2.7799999713897705,2.799999952316284,5471.0
2024-03-01 15:17:00,LFMD,7.949999809265137,7.949999809265137,7.949999809265137,7.949999809265137,7.949999809265137,101.0
2024-03-01 15:17:00,LFST,7.735000133514404,7.735000133514404,7.735000133514404,7.735000133514404,7.735000133514404,202.0
2024-03-01 15:17:00,LGND,77.06999969482422,77.06999969482422,77.06999969482422,77.06999969482422,77.06999969482422,372.0
2024-03-01 15:17:00,LIAN,4.869999885559082,4.869999885559082,4.869999885559082,4.869999885559082,4.869999885559082,100.0
2024-03-01 15:17:00,LIVN,55.4900016784668,55.4900016784668,55.540000915527344,55.4900016784668,55.540000915527344,918.0
2024-03-01 15:17:00,LMAT,67.43000030517578,67.43000030517578,67.47000122070312,67.43000030517578,67.47000122070312,1041.0
2024-03-01 15:17:00,LNTH,64.42500305175781,64.42500305175781,64.47000122070312,64.42500305175781,64.47000122070312,2625.0
2024-03-01 15:17:00,LPTX,2.859999895095825,2.859999895095825,2.890000104904175,2.859999895095825,2.859999895095825,1958.0
2024-03-01 15:17:00,LQDA,14.585000038146973,14.585000038146973,14.59000015258789,14.579999923706055,14.59000015258789,1618.0
2024-03-01 15:17:00,LTRN,4.110000133514404,4.110000133514404,4.110000133514404,4.099999904632568,4.109300136566162,996.0
2024-03-01 15:17:00,LUNG,9.4399995803833,9.4399995803833,9.449999809265137,9.4399995803833,9.449999809265137,1302.0
2024-03-01 15:17:00,LVTX,2.7100000381469727,2.7100000381469727,2.7100000381469727,2.690000057220459,2.690000057220459,420.0
2024-03-01 15:17:00,LXRX,2.494999885559082,2.494999885559082,2.494999885559082,2.490000009536743,2.490000009536743,662.0
2024-03-01 15:17:00,LYEL,3.1050000190734863,3.1050000190734863,3.115000009536743,3.0999999046325684,3.115000009536743,5478.0
2024-03-01 15:17:00,MACK,14.699999809265137,14.699999809265137,14.699999809265137,14.699999809265137,14.699999809265137,479.0
2024-03-01 15:17:00,MASI,127.5999984741211,127.5999984741211,127.61000061035156,127.5999984741211,127.61000061035156,501.0
2024-03-01 15:17:00,MBRX,0.6298999786376953,0.6298999786376953,0.6309999823570251,0.6298999786376953,0.6309999823570251,9442.0
2024-03-01 15:17:00,MCRB,1.2300000190734863,1.2300000190734863,1.2300000190734863,1.2200000286102295,1.225000023841858,2449.0
2024-03-01 15:17:00,MDRX,6.03000020980835,6.03000020980835,6.070000171661377,6.03000020980835,6.03000020980835,46398.0
2024-03-01 15:17:00,MDXG,8.550000190734863,8.550000190734863,8.574999809265137,8.550000190734863,8.574999809265137,6022.0
2024-03-01 15:17:00,ME,0.5508000254631042,0.5508000254631042,0.5515000224113464,0.5508000254631042,0.5515000224113464,16255.0
2024-03-01 15:17:00,MEDP,403.7099914550781,403.7099914550781,403.7099914550781,403.7099914550781,403.7099914550781,320.0
2024-03-01 15:17:00,MGNX,18.799999237060547,18.799999237060547,18.80940055847168,18.799999237060547,18.799999237060547,664.0
2024-03-01 15:17:00,MLTX,50.349998474121094,50.349998474121094,50.380001068115234,50.34000015258789,50.380001068115234,1744.0
2024-03-01 15:17:00,MNKD,4.534999847412109,4.534999847412109,4.539999961853027,4.53000020980835,4.534999847412109,2903.0
2024-03-01 15:17:00,MNMD,6.110000133514404,6.110000133514404,6.110000133514404,6.099999904632568,6.110000133514404,5616.0
2024-03-01 15:17:00,MNOV,1.3700000047683716,1.3700000047683716,1.3700000047683716,1.3700000047683716,1.3700000047683716,1500.0
2024-03-01 15:17:00,MNPR,0.9254999756813049,0.9254999756813049,0.9309999942779541,0.9200000166893005,0.9212999939918518,4041.0
2024-03-01 15:17:00,MODD,1.8899999856948853,1.8899999856948853,1.8899999856948853,1.8899999856948853,1.8899999856948853,500.0
2024-03-01 15:17:00,MODV,28.350000381469727,28.350000381469727,28.40999984741211,28.350000381469727,28.40999984741211,861.0
2024-03-01 15:17:00,MOR,17.65999984741211,17.65999984741211,17.670000076293945,17.65999984741211,17.670000076293945,2338.0
2024-03-01 15:17:00,MORF,39.54999923706055,39.54999923706055,39.59000015258789,39.54999923706055,39.58000183105469,2001.0
2024-03-01 15:17:00,MREO,3.940000057220459,3.940000057220459,3.944999933242798,3.940000057220459,3.944999933242798,11330.0
2024-03-01 15:17:00,MRNA,95.52999877929688,95.52999877929688,95.6093978881836,95.49500274658203,95.49500274658203,10085.0
2024-03-01 15:17:00,MRNS,9.971500396728516,9.971500396728516,9.971500396728516,9.971500396728516,9.971500396728516,1027.0
2024-03-01 15:17:00,MRSN,5.940000057220459,5.940000057220459,5.960000038146973,5.934999942779541,5.940000057220459,7684.0
2024-03-01 15:17:00,MRUS,51.3650016784668,51.3650016784668,51.459999084472656,51.33000183105469,51.404998779296875,1514.0
2024-03-01 15:17:00,MRVI,7.675000190734863,7.675000190734863,7.690000057220459,7.675000190734863,7.679999828338623,3940.0
2024-03-01 15:17:00,MXCT,4.744999885559082,4.744999885559082,4.75,4.739999771118164,4.75,3198.0
2024-03-01 15:17:00,MYGN,21.96500015258789,21.96500015258789,22.100000381469727,21.96500015258789,22.09000015258789,7579.0
2024-03-01 15:17:00,NARI,45.97999954223633,45.97999954223633,45.9900016784668,45.97999954223633,45.9900016784668,1717.0
2024-03-01 15:17:00,NBIX,131.82000732421875,131.82000732421875,131.85499572753906,131.82000732421875,131.85499572753906,1332.0
2024-03-01 15:17:00,NEO,15.949999809265137,15.949999809265137,15.970000267028809,15.949999809265137,15.970000267028809,1074.0
2024-03-01 15:17:00,NEOG,17.280000686645508,17.280000686645508,17.299999237060547,17.280000686645508,17.299999237060547,3381.0
2024-03-01 15:17:00,NEPT,0.41499999165534973,0.41499999165534973,0.41499999165534973,0.41499999165534973,0.41499999165534973,200.0
2024-03-01 15:17:00,NERV,2.6600000858306885,2.6600000858306885,2.6600000858306885,2.6600000858306885,2.6600000858306885,500.0
2024-03-01 15:17:00,NGM,1.5199999809265137,1.5199999809265137,1.5199999809265137,1.5199999809265137,1.5199999809265137,2134.0
2024-03-01 15:17:00,NKTR,0.7601000070571899,0.7601000070571899,0.7670999765396118,0.7601000070571899,0.7670999765396118,933.0
2024-03-01 15:17:00,NNOX,10.875,10.875,10.88010025024414,10.875,10.88010025024414,897.0
2024-03-01 15:17:00,NRIX,13.5,13.5,13.5,13.470000267028809,13.470000267028809,1673.0
2024-03-01 15:17:00,NRXP,0.4424999952316284,0.4424999952316284,0.4438000023365021,0.4424999952316284,0.4437989890575409,6082.0
2024-03-01 15:17:00,NTLA,33.18000030517578,33.18000030517578,33.22999954223633,33.18000030517578,33.22999954223633,4199.0
2024-03-01 15:17:00,NTRA,89.51000213623047,89.51000213623047,89.55000305175781,89.5,89.5250015258789,8101.0
2024-03-01 15:17:00,NUVL,87.30999755859375,87.30999755859375,87.30999755859375,87.29000091552734,87.30999755859375,1084.0
2024-03-01 15:17:00,NVAX,5.34499979019165,5.34499979019165,5.359899997711182,5.34499979019165,5.359899997711182,14043.0
2024-03-01 15:17:00,NVCR,16.059999465942383,16.059999465942383,16.06999969482422,16.059999465942383,16.065000534057617,1194.0
2024-03-01 15:17:00,NXTC,1.7599999904632568,1.7599999904632568,1.7599999904632568,1.7599999904632568,1.7599999904632568,100.0
2024-03-01 15:17:00,OCGN,0.9509000182151794,0.9509000182151794,0.9549999833106995,0.9509000182151794,0.9549999833106995,10918.0
2024-03-01 15:17:00,OCUL,10.625,10.625,10.649999618530273,10.619999885559082,10.635000228881836,10468.0
2024-03-01 15:17:00,OCX,2.940000057220459,2.940000057220459,2.940000057220459,2.940000057220459,2.940000057220459,1456.0
2024-03-01 15:17:00,OFIX,12.880000114440918,12.880000114440918,12.880000114440918,12.880000114440918,12.880000114440918,2406.0
2024-03-01 15:17:00,OGI,2.1500000953674316,2.1500000953674316,2.1549999713897705,2.1500000953674316,2.1500000953674316,1350.0
2024-03-01 15:17:00,OLK,22.985000610351562,22.985000610351562,22.989999771118164,22.979999542236328,22.985000610351562,5690.0
2024-03-01 15:17:00,OLMA,14.625,14.625,14.630000114440918,14.625,14.630000114440918,997.0
2024-03-01 15:17:00,OM,3.130000114440918,3.130000114440918,3.141700029373169,3.130000114440918,3.141700029373169,1543.0
2024-03-01 15:17:00,OMCL,26.329999923706055,26.329999923706055,26.354999542236328,26.329999923706055,26.350000381469727,963.0
2024-03-01 15:17:00,OMER,4.784999847412109,4.784999847412109,4.784999847412109,4.784999847412109,4.784999847412109,400.0
2024-03-01 15:17:00,OMGA,4.369999885559082,4.369999885559082,4.369999885559082,4.369999885559082,4.369999885559082,1500.0
2024-03-01 15:17:00,OMIC,0.6011999845504761,0.6011999845504761,0.6011999845504761,0.6011999845504761,0.6011999845504761,100.0
2024-03-01 15:17:00,ONTX,0.8118000030517578,0.8118000030517578,0.8395990133285522,0.8118000030517578,0.8395990133285522,6425.0
2024-03-01 15:18:00,ABCL,5.065000057220459,5.065000057220459,5.070000171661377,5.065000057220459,5.070000171661377,413.0
2024-03-01 15:18:00,ABEO,7.760000228881836,7.760000228881836,7.760000228881836,7.760000228881836,7.760000228881836,655.0
2024-03-01 15:18:00,ABOS,4.619999885559082,4.619999885559082,4.619999885559082,4.619999885559082,4.619999885559082,3301.0
2024-03-01 15:18:00,ABSI,5.505000114440918,5.505000114440918,5.514999866485596,5.5,5.511000156402588,6172.0
2024-03-01 15:18:00,ABUS,2.7850000858306885,2.7850000858306885,2.7850000858306885,2.7850000858306885,2.7850000858306885,400.0
2024-03-01 15:18:00,ACAD,24.079999923706055,24.079999923706055,24.09000015258789,24.079999923706055,24.09000015258789,424.0
2024-03-01 15:18:00,ACB,3.184999942779541,3.184999942779541,3.184999942779541,3.184999942779541,3.184999942779541,737.0
2024-03-01 15:18:00,ACCD,10.029999732971191,10.029999732971191,10.03499984741211,10.029999732971191,10.03499984741211,901.0
2024-03-01 15:18:00,ACET,2.384999990463257,2.384999990463257,2.390000104904175,2.384999990463257,2.384999990463257,1203.0
2024-03-01 15:18:00,ACHC,84.13990020751953,84.13990020751953,84.13990020751953,84.13990020751953,84.13990020751953,295.0
2024-03-01 15:18:00,ACHL,1.3700000047683716,1.3700000047683716,1.3700000047683716,1.3700000047683716,1.3700000047683716,145.0
2024-03-01 15:18:00,ACLX,67.31999969482422,67.31999969482422,67.33000183105469,67.31999969482422,67.33000183105469,454.0
2024-03-01 15:18:00,ACON,0.4000000059604645,0.4000000059604645,0.4000000059604645,0.4000000059604645,0.4000000059604645,223.0
2024-03-01 15:18:00,ACRS,1.225000023841858,1.225000023841858,1.225000023841858,1.2200000286102295,1.225000023841858,1319.0
2024-03-01 15:18:00,ADAP,1.6002000570297241,1.6002000570297241,1.6098999977111816,1.6002000570297241,1.6098999977111816,3559.0
2024-03-01 15:18:00,ADIL,3.059999942779541,3.059999942779541,3.0799999237060547,2.9600000381469727,3.0,106152.0
2024-03-01 15:18:00,ADMA,5.514999866485596,5.514999866485596,5.519999980926514,5.514999866485596,5.514999866485596,3787.0
2024-03-01 15:18:00,ADPT,4.050000190734863,4.050000190734863,4.059999942779541,4.050000190734863,4.059999942779541,1911.0
2024-03-01 15:18:00,ADVM,1.9700000286102295,1.9700000286102295,1.9700000286102295,1.9600000381469727,1.965000033378601,4274.0
2024-03-01 15:18:00,AFMD,0.675000011920929,0.675000011920929,0.675000011920929,0.675000011920929,0.675000011920929,456.0
2024-03-01 15:18:00,AGEN,0.670074999332428,0.670074999332428,0.6700999736785889,0.6700000166893005,0.6700500249862671,5523.0
2024-03-01 15:18:00,AGIO,32.220001220703125,32.220001220703125,32.244998931884766,32.209999084472656,32.244998931884766,2639.0
2024-03-01 15:18:00,AHCO,10.475000381469727,10.475000381469727,10.475000381469727,10.475000381469727,10.475000381469727,1300.0
2024-03-01 15:18:00,AIH,0.551800012588501,0.551800012588501,0.551800012588501,0.5399500131607056,0.5399500131607056,4251.0
2024-03-01 15:18:00,AIRS,6.40500020980835,6.40500020980835,6.40500020980835,6.40500020980835,6.40500020980835,160.0
2024-03-01 15:18:00,AKBA,1.6799999475479126,1.6799999475479126,1.690000057220459,1.6749999523162842,1.6886999607086182,76305.0
2024-03-01 15:18:00,AKRO,28.399999618530273,28.399999618530273,28.420000076293945,28.3799991607666,28.420000076293945,2554.0
2024-03-01 15:18:00,ALEC,7.394999980926514,7.394999980926514,7.394999980926514,7.389999866485596,7.394999980926514,2211.0
2024-03-01 15:18:00,ALHC,5.550000190734863,5.550000190734863,5.550000190734863,5.550000190734863,5.550000190734863,1617.0
2024-03-01 15:18:00,ALKS,30.139999389648438,30.139999389648438,30.139999389648438,30.1200008392334,30.1299991607666,6227.0
2024-03-01 15:18:00,ALLK,1.649999976158142,1.649999976158142,1.659999966621399,1.649999976158142,1.659999966621399,9187.0
2024-03-01 15:18:00,ALNY,153.3699951171875,153.3699951171875,153.4199981689453,153.3699951171875,153.38999938964844,1370.0
2024-03-01 15:18:00,ALPN,35.880001068115234,35.880001068115234,35.880001068115234,35.869998931884766,35.880001068115234,2529.0
2024-03-01 15:18:00,ALT,12.069999694824219,12.069999694824219,12.069999694824219,12.039999961853027,12.039999961853027,5834.0
2024-03-01 15:18:00,ALVR,0.7415000200271606,0.7415000200271606,0.7415000200271606,0.7415000200271606,0.7415000200271606,5100.0
2024-03-01 15:18:00,ALXO,15.020000457763672,15.020000457763672,15.020000457763672,15.020000457763672,15.020000457763672,196.0
2024-03-01 15:18:00,AMED,93.24099731445312,93.24099731445312,93.30000305175781,93.23999786376953,93.23999786376953,799.0
2024-03-01 15:18:00,AMGN,280.3299865722656,280.3299865722656,280.3900146484375,280.2850036621094,280.2850036621094,3399.0
2024-03-01 15:18:00,AMLX,18.770000457763672,18.770000457763672,18.770000457763672,18.739999771118164,18.75,8244.0
2024-03-01 15:18:00,AMPH,45.88999938964844,45.88999938964844,45.88999938964844,45.72999954223633,45.79999923706055,11487.0
2024-03-01 15:18:00,AMRN,1.0500999689102173,1.0500999689102173,1.0549999475479126,1.0499999523162842,1.0549999475479126,2959.0
2024-03-01 15:18:00,ANGO,5.46999979019165,5.46999979019165,5.46999979019165,5.46999979019165,5.46999979019165,147.0
2024-03-01 15:18:00,ANNX,6.039999961853027,6.039999961853027,6.050000190734863,6.039999961853027,6.050000190734863,6976.0
2024-03-01 15:18:00,ANTX,3.009399890899658,3.009399890899658,3.0099000930786133,3.0,3.0099000930786133,1600.0
2024-03-01 15:18:00,APLS,64.29000091552734,64.29000091552734,64.31500244140625,64.27999877929688,64.27999877929688,1761.0
2024-03-01 15:18:00,APLT,7.03000020980835,7.03000020980835,7.03000020980835,7.010000228881836,7.010000228881836,4872.0
2024-03-01 15:18:00,APRE,8.199999809265137,8.199999809265137,8.199999809265137,8.199999809265137,8.199999809265137,100.0
2024-03-01 15:18:00,APVO,0.1599999964237213,0.1599999964237213,0.1599999964237213,0.1599999964237213,0.1599999964237213,15413.0
2024-03-01 15:18:00,AQST,4.110000133514404,4.110000133514404,4.110000133514404,4.071800231933594,4.071800231933594,21643.0
2024-03-01 15:18:00,ARAY,2.625,2.625,2.630000114440918,2.625,2.625,466.0
2024-03-01 15:18:00,ARCT,39.61000061035156,39.61000061035156,39.689998626708984,39.59000015258789,39.689998626708984,1132.0
2024-03-01 15:18:00,ARDX,9.449999809265137,9.449999809265137,9.449999809265137,9.4399995803833,9.444999694824219,810.0
2024-03-01 15:18:00,ARGX,392.19500732421875,392.19500732421875,392.19500732421875,392.19500732421875,392.19500732421875,1402.0
2024-03-01 15:18:00,ARQT,11.494999885559082,11.494999885559082,11.505000114440918,11.489999771118164,11.505000114440918,5954.0
2024-03-01 15:18:00,ARVN,47.709999084472656,47.709999084472656,47.744998931884766,47.709999084472656,47.744998931884766,1224.0
2024-03-01 15:18:00,ARWR,35.61000061035156,35.61000061035156,35.619998931884766,35.58000183105469,35.58000183105469,1979.0
2024-03-01 15:18:00,ASND,153.8800048828125,153.8800048828125,154.19000244140625,153.8800048828125,154.05999755859375,2344.0
2024-03-01 15:18:00,ATAI,2.134999990463257,2.134999990463257,2.139899969100952,2.130000114440918,2.130000114440918,2333.0
2024-03-01 15:18:00,ATEC,13.484999656677246,13.484999656677246,13.484999656677246,13.484999656677246,13.484999656677246,725.0
2024-03-01 15:18:00,ATHA,3.940000057220459,3.940000057220459,3.944999933242798,3.934999942779541,3.944999933242798,3682.0
2024-03-01 15:18:00,ATOS,1.0099999904632568,1.0099999904632568,1.0099999904632568,1.0049999952316284,1.0049999952316284,200.0
2024-03-01 15:18:00,ATRA,0.7851499915122986,0.7851499915122986,0.7851499915122986,0.7803000211715698,0.7803000211715698,412.0
2024-03-01 15:18:00,ATRC,36.06999969482422,36.06999969482422,36.06999969482422,36.06999969482422,36.06999969482422,1146.0
2024-03-01 15:18:00,ATXS,14.850000381469727,14.850000381469727,14.850000381469727,14.84000015258789,14.84000015258789,1671.0
2024-03-01 15:18:00,AUGX,4.539999961853027,4.539999961853027,4.539999961853027,4.539999961853027,4.539999961853027,120.0
2024-03-01 15:18:00,AUTL,6.25,6.25,6.25,6.25,6.25,657.0
2024-03-01 15:18:00,AVAH,2.390000104904175,2.390000104904175,2.390000104904175,2.390000104904175,2.390000104904175,521.0
2024-03-01 15:18:00,AVDL,13.399999618530273,13.399999618530273,13.399999618530273,13.399900436401367,13.399999618530273,7510.0
2024-03-01 15:18:00,AVGR,3.940000057220459,3.940000057220459,3.940000057220459,3.940000057220459,3.940000057220459,233.0
2024-03-01 15:18:00,AVXL,5.289999961853027,5.289999961853027,5.300000190734863,5.289999961853027,5.300000190734863,6907.0
2024-03-01 15:18:00,AXSM,82.7499008178711,82.7499008178711,82.75,82.69999694824219,82.70999908447266,2797.0
2024-03-01 15:18:00,AZN,64.66429901123047,64.66429901123047,64.66999816894531,64.66000366210938,64.66999816894531,3678.0
2024-03-01 15:18:00,BBIO,35.709999084472656,35.709999084472656,35.72999954223633,35.709999084472656,35.709999084472656,870.0
2024-03-01 15:18:00,BCAB,2.8350000381469727,2.8350000381469727,2.8350000381469727,2.8350000381469727,2.8350000381469727,246.0
2024-03-01 15:18:00,BCLI,0.3499999940395355,0.3499999940395355,0.3499999940395355,0.3499999940395355,0.3499999940395355,441.0
2024-03-01 15:18:00,BCRX,5.644999980926514,5.644999980926514,5.65500020980835,5.644999980926514,5.650000095367432,13960.0
2024-03-01 15:18:00,BCYC,25.75,25.75,25.75,25.700000762939453,25.729999542236328,516.0
2024-03-01 15:18:00,BDSX,1.6349999904632568,1.6349999904632568,1.6399999856948853,1.6050000190734863,1.6200000047683716,3694.0
2024-03-01 15:18:00,BDTX,4.755000114440918,4.755000114440918,4.755000114440918,4.755000114440918,4.755000114440918,345.0
2024-03-01 15:18:00,BEAM,39.7599983215332,39.7599983215332,39.7599983215332,39.70000076293945,39.7599983215332,2853.0
2024-03-01 15:18:00,BFRI,0.8920999765396118,0.8920999765396118,0.8920999765396118,0.8899999856948853,0.8899999856948853,2637.0
2024-03-01 15:18:00,BGNE,165.52999877929688,165.52999877929688,165.52999877929688,165.2200927734375,165.2200927734375,1150.0
2024-03-01 15:18:00,BGXX,0.2660900056362152,0.2660900056362152,0.2660900056362152,0.2660900056362152,0.2660900056362152,289.0
2024-03-01 15:18:00,BIIB,221.16000366210938,221.16000366210938,221.16000366210938,220.83999633789062,220.83999633789062,10508.0
2024-03-01 15:18:00,BIVI,1.975000023841858,1.975000023841858,1.9900000095367432,1.975000023841858,1.98989999294281,10240.0
2024-03-01 15:18:00,BLFS,17.735000610351562,17.735000610351562,17.735000610351562,17.735000610351562,17.735000610351562,481.0
2024-03-01 15:18:00,BLUE,1.5750000476837158,1.5750000476837158,1.5785000324249268,1.5700000524520874,1.5750000476837158,7558.0
2024-03-01 15:18:00,BMEA,18.0,18.0,18.05500030517578,18.0,18.049999237060547,1582.0
2024-03-01 15:18:00,BMRA,1.2000000476837158,1.2000000476837158,1.2000000476837158,1.2000000476837158,1.2000000476837158,101.0
2024-03-01 15:18:00,BMRN,87.7750015258789,87.7750015258789,87.80000305175781,87.75019836425781,87.7699966430664,4482.0
2024-03-01 15:18:00,BNGO,1.2599999904632568,1.2599999904632568,1.2599999904632568,1.2549999952316284,1.2549999952316284,1441.0
2024-03-01 15:18:00,BNR,0.8100000023841858,0.8100000023841858,0.8100000023841858,0.8100000023841858,0.8100000023841858,697.0
2024-03-01 15:18:00,BOLT,1.2100000381469727,1.2100000381469727,1.2100000381469727,1.2000000476837158,1.2000000476837158,2464.0
2024-03-01 15:18:00,BPMC,96.12000274658203,96.12000274658203,96.18000030517578,96.12000274658203,96.18000030517578,1328.0
2024-03-01 15:18:00,BRKR,88.25,88.25,88.37000274658203,88.20999908447266,88.22000122070312,12551.0
2024-03-01 15:18:00,BTAI,3.2100000381469727,3.2100000381469727,3.2200000286102295,3.2100000381469727,3.2200000286102295,1140.0
2024-03-01 15:18:00,BTCY,0.9800000190734863,0.9800000190734863,0.9800000190734863,0.9674999713897705,0.9674999713897705,1164.0
2024-03-01 15:18:00,BTTX,0.18150000274181366,0.18150000274181366,0.1818999946117401,0.18150000274181366,0.1818999946117401,951.0
2024-03-01 15:18:00,BWAY,6.53000020980835,6.53000020980835,6.53000020980835,6.53000020980835,6.53000020980835,100.0
2024-03-01 15:18:00,CABA,23.975000381469727,23.975000381469727,23.975000381469727,23.975000381469727,23.975000381469727,240.0
2024-03-01 15:18:00,CBAY,32.224998474121094,32.224998474121094,32.22999954223633,32.220001220703125,32.220001220703125,2139.0
2024-03-01 15:18:00,CCCC,10.96500015258789,10.96500015258789,10.970000267028809,10.96500015258789,10.969900131225586,1068.0
2024-03-01 15:18:00,CCRN,18.270000457763672,18.270000457763672,18.270000457763672,18.270000457763672,18.270000457763672,315.0
2024-03-01 15:18:00,CDMO,8.21500015258789,8.21500015258789,8.229999542236328,8.21500015258789,8.229999542236328,798.0
2024-03-01 15:18:00,CDNA,12.479000091552734,12.479000091552734,12.479000091552734,12.475000381469727,12.475000381469727,801.0
2024-03-01 15:18:00,CDXS,4.639999866485596,4.639999866485596,4.650000095367432,4.639999866485596,4.639999866485596,906.0
2024-03-01 15:18:00,CELC,17.06999969482422,17.06999969482422,17.06999969482422,17.0,17.0,2376.0
2024-03-01 15:18:00,CELZ,4.25,4.25,4.25,4.25,4.25,259.0
2024-03-01 15:18:00,CERE,41.11000061035156,41.11000061035156,41.11000061035156,41.09000015258789,41.09000015258789,4314.0
2024-03-01 15:18:00,CERS,2.180000066757202,2.180000066757202,2.184999942779541,2.1712000370025635,2.174999952316284,18211.0
2024-03-01 15:18:00,CERT,18.110000610351562,18.110000610351562,18.135000228881836,18.100000381469727,18.1299991607666,10962.0
2024-03-01 15:18:00,CGC,3.180000066757202,3.180000066757202,3.190000057220459,3.180000066757202,3.1819000244140625,5777.0
2024-03-01 15:18:00,CGEM,18.75,18.75,18.75,18.75,18.75,154.0
2024-03-01 15:18:00,CGEN,2.680000066757202,2.680000066757202,2.684999942779541,2.680000066757202,2.684999942779541,690.0
2024-03-01 15:18:00,CHEK,2.049999952316284,2.049999952316284,2.0799999237060547,2.049999952316284,2.0799999237060547,10198.0
2024-03-01 15:18:00,CHRS,2.4000000953674316,2.4000000953674316,2.4049999713897705,2.4000000953674316,2.4049999713897705,6411.0
2024-03-01 15:18:00,CING,1.3300000429153442,1.3300000429153442,1.3300000429153442,1.3300000429153442,1.3300000429153442,375.0
2024-03-01 15:18:00,CKPT,2.2100000381469727,2.2100000381469727,2.2100000381469727,2.200000047683716,2.200000047683716,7518.0
2024-03-01 15:18:00,CLDX,51.959999084472656,51.959999084472656,52.01499938964844,51.959999084472656,52.0,4847.0
2024-03-01 15:18:00,CLOV,0.8623999953269958,0.8623999953269958,0.8628000020980835,0.8623999953269958,0.8628000020980835,52787.0
2024-03-01 15:18:00,CLRB,4.090000152587891,4.090000152587891,4.099999904632568,4.090000152587891,4.099999904632568,299.0
2024-03-01 15:18:00,CMPS,11.5,11.5,11.510000228881836,11.484999656677246,11.489999771118164,12234.0
2024-03-01 15:18:00,CNSP,0.3400000035762787,0.3400000035762787,0.3400000035762787,0.33980000019073486,0.3400000035762787,11221.0
2024-03-01 15:18:00,CNTA,10.800000190734863,10.800000190734863,10.829999923706055,10.800000190734863,10.829999923706055,540.0
2024-03-01 15:18:00,CNTG,0.699999988079071,0.699999988079071,0.699999988079071,0.6990000009536743,0.6990000009536743,18855.0
2024-03-01 15:18:00,COGT,7.224999904632568,7.224999904632568,7.230000019073486,7.204999923706055,7.210000038146973,5789.0
2024-03-01 15:18:00,COLL,36.77000045776367,36.77000045776367,36.77000045776367,36.77000045776367,36.77000045776367,556.0
2024-03-01 15:18:00,CORT,24.190000534057617,24.190000534057617,24.21500015258789,24.170000076293945,24.200000762939453,33981.0
2024-03-01 15:18:00,CPRX,17.170000076293945,17.170000076293945,17.174999237060547,17.170000076293945,17.170000076293945,3055.0
2024-03-01 15:18:00,CRBP,33.4900016784668,33.4900016784668,33.49549865722656,33.275001525878906,33.49549865722656,569.0
2024-03-01 15:18:00,CRBU,7.829999923706055,7.829999923706055,7.84499979019165,7.829999923706055,7.840000152587891,3838.0
2024-03-01 15:18:00,CRDF,2.7100000381469727,2.7100000381469727,2.720099925994873,2.680000066757202,2.720099925994873,39643.0
2024-03-01 15:18:00,CRNX,45.77000045776367,45.77000045776367,45.77000045776367,45.77000045776367,45.77000045776367,198.0
2024-03-01 15:18:00,CRON,2.015000104904175,2.015000104904175,2.0199999809265137,2.009999990463257,2.0199999809265137,59011.0
2024-03-01 15:18:00,CRSP,84.73999786376953,84.73999786376953,84.73999786376953,84.68000030517578,84.68000030517578,1360.0
2024-03-01 15:18:00,CRVS,2.1700000762939453,2.1700000762939453,2.1700000762939453,2.1700000762939453,2.1700000762939453,100.0
2024-03-01 15:18:00,CSBR,5.590000152587891,5.590000152587891,5.590000152587891,5.590000152587891,5.590000152587891,207.0
2024-03-01 15:18:00,CSTL,19.934999465942383,19.934999465942383,19.934999465942383,19.934999465942383,19.934999465942383,118.0
2024-03-01 15:18:00,CTKB,9.0,9.0,9.000100135803223,9.0,9.000100135803223,1749.0
2024-03-01 15:18:00,CTMX,2.509999990463257,2.509999990463257,2.5299999713897705,2.5,2.5299999713897705,20088.0
2024-03-01 15:18:00,CTXR,0.7716000080108643,0.7716000080108643,0.7716000080108643,0.7716000080108643,0.7716000080108643,352.0
2024-03-01 15:18:00,CUE,2.1649999618530273,2.1649999618530273,2.1649999618530273,2.1649999618530273,2.1649999618530273,324.0
2024-03-01 15:18:00,CVAC,3.440000057220459,3.440000057220459,3.444999933242798,3.440000057220459,3.444999933242798,380.0
2024-03-01 15:18:00,CVRX,20.65999984741211,20.65999984741211,20.65999984741211,20.614999771118164,20.614999771118164,1287.0
2024-03-01 15:18:00,CYTK,73.80999755859375,73.80999755859375,73.80999755859375,73.79000091552734,73.79000091552734,219.0
2024-03-01 15:18:00,CYTO,2.319999933242798,2.319999933242798,2.3399999141693115,2.319999933242798,2.319999933242798,5000.0
2024-03-01 15:18:00,DARE,0.5549989938735962,0.5549989938735962,0.5549989938735962,0.5549989938735962,0.5549989938735962,250.0
2024-03-01 15:18:00,DAWN,17.579999923706055,17.579999923706055,17.58099937438965,17.579999923706055,17.58099937438965,593.0
2024-03-01 15:18:00,DCGO,4.050000190734863,4.050000190734863,4.050000190734863,4.039999961853027,4.050000190734863,5420.0
2024-03-01 15:18:00,DCPH,17.5,17.5,17.510000228881836,17.479999542236328,17.5,1853.0
2024-03-01 15:18:00,DH,8.800000190734863,8.800000190734863,8.819999694824219,8.800000190734863,8.8100004196167,326.0
2024-03-01 15:18:00,DMTK,0.8424000144004822,0.8424000144004822,0.84375,0.8349999785423279,0.8399999737739563,8147.0
2024-03-01 15:18:00,DNLI,21.010000228881836,21.010000228881836,21.010000228881836,21.010000228881836,21.010000228881836,215.0
2024-03-01 15:18:00,DTIL,12.739999771118164,12.739999771118164,12.770000457763672,12.739999771118164,12.770000457763672,630.0
2024-03-01 15:18:00,DVAX,12.795000076293945,12.795000076293945,12.795000076293945,12.789999961853027,12.789999961853027,1181.0
2024-03-01 15:18:00,DXCM,121.21499633789062,121.21499633789062,121.2750015258789,121.19000244140625,121.19000244140625,4703.0
2024-03-01 15:18:00,DYN,29.059999465942383,29.059999465942383,29.09000015258789,29.0,29.010000228881836,8536.0
2024-03-01 15:18:00,EDIT,10.779999732971191,10.779999732971191,10.78499984741211,10.770000457763672,10.78499984741211,5079.0
2024-03-01 15:18:00,EFTR,16.0,16.0,16.0,16.0,16.0,192.0
2024-03-01 15:18:00,EGRX,6.579999923706055,6.579999923706055,6.590000152587891,6.570000171661377,6.590000152587891,468.0
2024-03-01 15:18:00,EKSO,2.0,2.0,2.0,2.0,2.0,209.0
2024-03-01 15:18:00,ELEV,5.190100193023682,5.190100193023682,5.239999771118164,5.190100193023682,5.204999923706055,12862.0
2024-03-01 15:18:00,EMBC,14.279999732971191,14.279999732971191,14.279999732971191,14.279999732971191,14.279999732971191,558.0
2024-03-01 15:18:00,ENSG,121.11499786376953,121.11499786376953,121.11499786376953,121.08999633789062,121.08999633789062,541.0
2024-03-01 15:18:00,ENTA,15.670000076293945,15.670000076293945,15.670000076293945,15.670000076293945,15.670000076293945,120.0
2024-03-01 15:18:00,ENVB,1.5099999904632568,1.5099999904632568,1.5199999809265137,1.5,1.5168999433517456,1526.0
2024-03-01 15:18:00,EOLS,14.8100004196167,14.8100004196167,14.8100004196167,14.807999610900879,14.807999610900879,649.0
2024-03-01 15:18:00,ERAS,2.5199999809265137,2.5199999809265137,2.5199999809265137,2.515000104904175,2.5199999809265137,2364.0
2024-03-01 15:18:00,ESPR,2.5450000762939453,2.5450000762939453,2.5450000762939453,2.5399999618530273,2.5450000762939453,16546.0
2024-03-01 15:18:00,ESTA,44.5,44.5,44.5099983215332,44.5,44.5099983215332,516.0
2024-03-01 15:18:00,ETNB,12.710000038146973,12.710000038146973,12.739999771118164,12.699999809265137,12.720000267028809,9763.0
2024-03-01 15:18:00,EVAX,3.440000057220459,3.440000057220459,3.4800000190734863,3.440000057220459,3.4800000190734863,2591.0
2024-03-01 15:18:00,EWTX,16.864999771118164,16.864999771118164,16.864999771118164,16.864999771118164,16.864999771118164,856.0
2024-03-01 15:18:00,EXAS,59.5099983215332,59.5099983215332,59.564998626708984,59.4900016784668,59.560001373291016,4391.0
2024-03-01 15:18:00,EXEL,22.260000228881836,22.260000228881836,22.28499984741211,22.260000228881836,22.280000686645508,4222.0
2024-03-01 15:18:00,EYPT,27.9950008392334,27.9950008392334,27.9950008392334,27.989999771118164,27.989999771118164,940.0
2024-03-01 15:18:00,FATE,7.675000190734863,7.675000190734863,7.675000190734863,7.675000190734863,7.675000190734863,207.0
2024-03-01 15:18:00,FDMT,29.450000762939453,29.450000762939453,29.475500106811523,29.450000762939453,29.450000762939453,856.0
2024-03-01 15:18:00,FEMY,1.7300000190734863,1.7300000190734863,1.7300000190734863,1.7203999757766724,1.7203999757766724,2802.0
2024-03-01 15:18:00,FGEN,1.8350000381469727,1.8350000381469727,1.840000033378601,1.8300000429153442,1.840000033378601,952.0
2024-03-01 15:18:00,FIXX,0.9168999791145325,0.9168999791145325,0.9168999791145325,0.9016000032424927,0.9016000032424927,1290.0
2024-03-01 15:18:00,FLGT,23.075000762939453,23.075000762939453,23.075000762939453,23.075000762939453,23.075000762939453,294.0
2024-03-01 15:18:00,FOLD,13.270000457763672,13.270000457763672,13.279999732971191,13.270000457763672,13.274999618530273,1411.0
2024-03-01 15:18:00,FULC,10.979999542236328,10.979999542236328,10.979999542236328,10.979999542236328,10.979999542236328,100.0
2024-03-01 15:18:00,FUSN,12.154999732971191,12.154999732971191,12.154999732971191,12.149999618530273,12.149999618530273,214.0
2024-03-01 15:18:00,FWBI,8.660099983215332,8.660099983215332,8.660099983215332,8.660099983215332,8.660099983215332,125.0
2024-03-01 15:18:00,GALT,1.9299999475479126,1.9299999475479126,1.9299999475479126,1.9299999475479126,1.9299999475479126,200.0
2024-03-01 15:18:00,GANX,4.692599773406982,4.692599773406982,4.692599773406982,4.692599773406982,4.692599773406982,200.0
2024-03-01 15:18:00,GBIO,2.619999885559082,2.619999885559082,2.619999885559082,2.619999885559082,2.619999885559082,267.0
2024-03-01 15:18:00,GDRX,8.329999923706055,8.329999923706055,8.34000015258789,8.319999694824219,8.330300331115723,12714.0
2024-03-01 15:18:00,GENE,2.359999895095825,2.359999895095825,2.359999895095825,2.3499999046325684,2.3499999046325684,242.0
2024-03-01 15:18:00,GERN,2.244999885559082,2.244999885559082,2.244999885559082,2.244999885559082,2.244999885559082,6827.0
2024-03-01 15:18:00,GH,18.985000610351562,18.985000610351562,19.0049991607666,18.979999542236328,19.0049991607666,3451.0
2024-03-01 15:18:00,GILD,72.53500366210938,72.53500366210938,72.55000305175781,72.5011978149414,72.50499725341797,7604.0
2024-03-01 15:18:00,GLTO,0.8083009719848633,0.8083009719848633,0.8083009719848633,0.8083009719848633,0.8083009719848633,2500.0
2024-03-01 15:18:00,GMAB,29.360000610351562,29.360000610351562,29.364999771118164,29.353599548339844,29.35409927368164,3871.0
2024-03-01 15:18:00,GOSS,1.4198999404907227,1.4198999404907227,1.4199999570846558,1.409999966621399,1.4199999570846558,23233.0
2024-03-01 15:18:00,GRFS,7.005000114440918,7.005000114440918,7.010000228881836,7.000100135803223,7.000100135803223,9276.0
2024-03-01 15:18:00,GRTS,2.015000104904175,2.015000104904175,2.0271999835968018,2.015000104904175,2.0250000953674316,8063.0
2024-03-01 15:18:00,GTHX,3.75,3.75,3.75,3.744999885559082,3.747499942779541,4416.0
2024-03-01 15:18:00,HALO,40.83000183105469,40.83000183105469,40.880001068115234,40.81999969482422,40.83000183105469,3343.0
2024-03-01 15:18:00,HARP,22.950000762939453,22.950000762939453,22.950000762939453,22.950000762939453,22.950000762939453,105.0
2024-03-01 15:18:00,HCAT,8.095000267028809,8.095000267028809,8.095000267028809,8.09000015258789,8.09000015258789,2424.0
2024-03-01 15:18:00,HCSG,12.729999542236328,12.729999542236328,12.734999656677246,12.729999542236328,12.734999656677246,1533.0
2024-03-01 15:18:00,HCTI,2.0199999809265137,2.0199999809265137,2.0336999893188477,2.0199999809265137,2.0336999893188477,340.0
2024-03-01 15:18:00,HITI,1.7581000328063965,1.7581000328063965,1.7581000328063965,1.7581000328063965,1.7581000328063965,300.0
2024-03-01 15:18:00,HOLX,74.21299743652344,74.21299743652344,74.23500061035156,74.21299743652344,74.2300033569336,1353.0
2024-03-01 15:18:00,HPCO,0.24010099470615387,0.24010099470615387,0.24010099470615387,0.24010099470615387,0.24010099470615387,129.0
2024-03-01 15:18:00,HQY,81.15499877929688,81.15499877929688,81.16000366210938,81.08000183105469,81.08000183105469,2738.0
2024-03-01 15:18:00,HRMY,31.639999389648438,31.639999389648438,31.65999984741211,31.6299991607666,31.649999618530273,1361.0
2024-03-01 15:18:00,HRTX,2.569999933242798,2.569999933242798,2.577500104904175,2.569999933242798,2.569999933242798,1583.0
2024-03-01 15:18:00,HSCS,0.11890000104904175,0.11890000104904175,0.11890000104904175,0.11890000104904175,0.11890000104904175,2013.0
2024-03-01 15:18:00,HSIC,76.88500213623047,76.88500213623047,76.91000366210938,76.87999725341797,76.9000015258789,4824.0
2024-03-01 15:18:00,HUMA,3.2200000286102295,3.2200000286102295,3.2300000190734863,3.2149999141693115,3.2300000190734863,10338.0
2024-03-01 15:18:00,IART,36.150001525878906,36.150001525878906,36.20000076293945,36.150001525878906,36.20000076293945,1647.0
2024-03-01 15:18:00,IBRX,4.801199913024902,4.801199913024902,4.824999809265137,4.800899982452393,4.824999809265137,7521.0
2024-03-01 15:18:00,ICLR,324.6400146484375,324.6400146484375,324.6400146484375,324.6400146484375,324.6400146484375,627.0
2024-03-01 15:18:00,ICUI,106.0199966430664,106.0199966430664,106.0199966430664,106.0199966430664,106.0199966430664,444.0
2024-03-01 15:18:00,IFRX,1.7999000549316406,1.7999000549316406,1.7999000549316406,1.7999000549316406,1.7999000549316406,2777.0
2024-03-01 15:18:00,IINN,1.6799999475479126,1.6799999475479126,1.6799999475479126,1.6749999523162842,1.6749999523162842,3010.0
2024-03-01 15:18:00,ILMN,141.0749969482422,141.0749969482422,141.0749969482422,140.88499450683594,140.88999938964844,2236.0
2024-03-01 15:18:00,IMCR,67.93000030517578,67.93000030517578,67.93000030517578,67.93000030517578,67.93000030517578,302.0
2024-03-01 15:18:00,IMNM,25.25,25.25,25.270000457763672,25.25,25.260000228881836,710.0
2024-03-01 15:18:00,IMNN,1.0200999975204468,1.0200999975204468,1.0200999975204468,1.0200999975204468,1.0200999975204468,1141.0
2024-03-01 15:18:00,IMVT,35.59000015258789,35.59000015258789,35.619998931884766,35.58000183105469,35.58000183105469,2037.0
2024-03-01 15:18:00,INBX,36.54999923706055,36.54999923706055,36.54999923706055,36.54999923706055,36.54999923706055,100.0
2024-03-01 15:18:00,INCY,59.1150016784668,59.1150016784668,59.130001068115234,59.11000061035156,59.119998931884766,3580.0
2024-03-01 15:18:00,INGN,6.840000152587891,6.840000152587891,6.840000152587891,6.840000152587891,6.840000152587891,191.0
2024-03-01 15:18:00,INMB,12.489999771118164,12.489999771118164,12.489999771118164,12.489999771118164,12.489999771118164,119.0
2024-03-01 15:18:00,INMD,22.895000457763672,22.895000457763672,22.895000457763672,22.88990020751953,22.88990020751953,1094.0
2024-03-01 15:18:00,INO,9.473999977111816,9.473999977111816,9.473999977111816,9.473999977111816,9.473999977111816,189.0
2024-03-01 15:18:00,INSM,28.010000228881836,28.010000228881836,28.010000228881836,28.0049991607666,28.0049991607666,717.0
2024-03-01 15:18:00,INVA,15.369999885559082,15.369999885559082,15.380000114440918,15.369999885559082,15.380000114440918,2451.0
2024-03-01 15:18:00,INZY,6.539999961853027,6.539999961853027,6.540599822998047,6.539999961853027,6.540599822998047,456.0
2024-03-01 15:18:00,IONM,0.35989999771118164,0.35989999771118164,0.35989999771118164,0.35895898938179016,0.35989999771118164,2219.0
2024-03-01 15:18:00,IONS,45.84000015258789,45.84000015258789,45.84000015258789,45.83000183105469,45.83000183105469,650.0
2024-03-01 15:18:00,IOVA,16.87820053100586,16.87820053100586,16.8799991607666,16.850099563598633,16.860000610351562,17329.0
2024-03-01 15:18:00,IPSC,3.950000047683716,3.950000047683716,3.950000047683716,3.950000047683716,3.950000047683716,191.0
2024-03-01 15:18:00,IRTC,121.33999633789062,121.33999633789062,121.33999633789062,121.33999633789062,121.33999633789062,327.0
2024-03-01 15:18:00,IRWD,8.96500015258789,8.96500015258789,8.970000267028809,8.96500015258789,8.96500015258789,8348.0
2024-03-01 15:18:00,ISRG,397.260009765625,397.260009765625,397.260009765625,397.239990234375,397.239990234375,1325.0
2024-03-01 15:18:00,ITCI,72.125,72.125,72.125,72.0999984741211,72.11000061035156,890.0
2024-03-01 15:18:00,ITOS,11.1899995803833,11.1899995803833,11.1899995803833,11.1899995803833,11.1899995803833,538.0
2024-03-01 15:18:00,IXHL,5.423900127410889,5.423900127410889,5.559999942779541,5.423900127410889,5.539999961853027,5627.0
2024-03-01 15:18:00,JAGX,0.08299999684095383,0.08299999684095383,0.08399999886751175,0.08299999684095383,0.08399999886751175,310066.0
2024-03-01 15:18:00,JANX,46.0,46.0,46.029998779296875,46.0,46.02000045776367,3247.0
2024-03-01 15:18:00,JAZZ,119.46499633789062,119.46499633789062,119.46499633789062,119.4000015258789,119.43000030517578,953.0
2024-03-01 15:18:00,JSPR,21.889999389648438,21.889999389648438,21.889999389648438,21.889999389648438,21.889999389648438,120.0
2024-03-01 15:18:00,KALV,14.055000305175781,14.055000305175781,14.069999694824219,14.055000305175781,14.069999694824219,510.0
2024-03-01 15:18:00,KNSA,21.84000015258789,21.84000015258789,21.899999618530273,21.809999465942383,21.899999618530273,6831.0
2024-03-01 15:18:00,KNTE,2.5999999046325684,2.5999999046325684,2.5999999046325684,2.5999999046325684,2.5999999046325684,731.0
2024-03-01 15:18:00,KRON,1.0599000453948975,1.0599000453948975,1.0599000453948975,1.0599000453948975,1.0599000453948975,998.0
2024-03-01 15:18:00,KRTX,315.7699890136719,315.7699890136719,315.7699890136719,315.7699890136719,315.7699890136719,327.0
2024-03-01 15:18:00,KRYS,168.74000549316406,168.74000549316406,168.74000549316406,168.74000549316406,168.74000549316406,823.0
2024-03-01 15:18:00,KTRA,0.10130000114440918,0.10130000114440918,0.10130000114440918,0.10130000114440918,0.10130000114440918,805.0
2024-03-01 15:18:00,KURA,21.760000228881836,21.760000228881836,21.790000915527344,21.760000228881836,21.790000915527344,2324.0
2024-03-01 15:18:00,KYMR,43.70000076293945,43.70000076293945,43.720001220703125,43.69499969482422,43.720001220703125,1375.0
2024-03-01 15:18:00,KZIA,0.23820100724697113,0.23820100724697113,0.23820100724697113,0.23820100724697113,0.23820100724697113,2882.0
2024-03-01 15:18:00,KZR,1.0449999570846558,1.0449999570846558,1.0449999570846558,1.0449999570846558,1.0449999570846558,253.0
2024-03-01 15:18:00,LAB,2.4700000286102295,2.4700000286102295,2.4700000286102295,2.4649999141693115,2.4700000286102295,4422.0
2024-03-01 15:18:00,LBPH,21.450000762939453,21.450000762939453,21.450000762939453,21.450000762939453,21.450000762939453,225.0
2024-03-01 15:18:00,LEGN,65.5199966430664,65.5199966430664,65.5999984741211,65.4800033569336,65.5999984741211,7583.0
2024-03-01 15:18:00,LFST,7.730000019073486,7.730000019073486,7.739699840545654,7.730000019073486,7.739699840545654,1720.0
2024-03-01 15:18:00,LIVN,55.4900016784668,55.4900016784668,55.4900016784668,55.4900016784668,55.4900016784668,466.0
2024-03-01 15:18:00,LNTH,64.44000244140625,64.44000244140625,64.44000244140625,64.41999816894531,64.42500305175781,735.0
2024-03-01 15:18:00,LQDA,14.569999694824219,14.569999694824219,14.585000038146973,14.569999694824219,14.579999923706055,1218.0
2024-03-01 15:18:00,LTRN,4.179999828338623,4.179999828338623,4.179999828338623,4.099999904632568,4.110000133514404,2769.0
2024-03-01 15:18:00,LUNG,9.4350004196167,9.4350004196167,9.4350004196167,9.4350004196167,9.4350004196167,610.0
2024-03-01 15:18:00,LVTX,2.700000047683716,2.700000047683716,2.700000047683716,2.700000047683716,2.700000047683716,246.0
2024-03-01 15:18:00,LXRX,2.494999885559082,2.494999885559082,2.494999885559082,2.494999885559082,2.494999885559082,350.0
2024-03-01 15:18:00,LYEL,3.0999999046325684,3.0999999046325684,3.1050000190734863,3.0999999046325684,3.1050000190734863,6291.0
2024-03-01 15:18:00,LYRA,5.650000095367432,5.650000095367432,5.650000095367432,5.630000114440918,5.630000114440918,3846.0
2024-03-01 15:18:00,MASI,127.63999938964844,127.63999938964844,127.63999938964844,127.51619720458984,127.51619720458984,2022.0
2024-03-01 15:18:00,MBOT,1.3049999475479126,1.3049999475479126,1.3100999593734741,1.3049999475479126,1.309999942779541,4208.0
2024-03-01 15:18:00,MCRB,1.2200000286102295,1.2200000286102295,1.2300000190734863,1.2200000286102295,1.2200000286102295,1023.0
2024-03-01 15:18:00,MDGL,250.02999877929688,250.02999877929688,250.02999877929688,250.02999877929688,250.02999877929688,222.0
2024-03-01 15:18:00,MDRX,6.010000228881836,6.010000228881836,6.070000171661377,6.010000228881836,6.070000171661377,130427.0
2024-03-01 15:18:00,MDXG,8.550000190734863,8.550000190734863,8.550000190734863,8.539999961853027,8.545000076293945,3525.0
2024-03-01 15:18:00,ME,0.5485000014305115,0.5485000014305115,0.5509999990463257,0.5485000014305115,0.5509999990463257,106802.0
2024-03-01 15:18:00,MEDP,403.1600036621094,403.1600036621094,403.1600036621094,403.1600036621094,403.1600036621094,415.0
2024-03-01 15:18:00,MGNX,18.780000686645508,18.780000686645508,18.790000915527344,18.780000686645508,18.790000915527344,1435.0
2024-03-01 15:18:00,MGTX,6.420000076293945,6.420000076293945,6.420000076293945,6.420000076293945,6.420000076293945,511.0
2024-03-01 15:18:00,MIRM,29.200000762939453,29.200000762939453,29.239999771118164,29.200000762939453,29.229999542236328,1606.0
2024-03-01 15:18:00,MIST,1.6799999475479126,1.6799999475479126,1.6799999475479126,1.6799999475479126,1.6799999475479126,161.0
2024-03-01 15:18:00,MLTX,50.279998779296875,50.279998779296875,50.33000183105469,50.2599983215332,50.33000183105469,3049.0
2024-03-01 15:18:00,MMSI,75.98500061035156,75.98500061035156,76.04000091552734,75.98500061035156,76.04000091552734,1795.0
2024-03-01 15:18:00,MNKD,4.534999847412109,4.534999847412109,4.539999961853027,4.53000020980835,4.534999847412109,7203.0
2024-03-01 15:18:00,MNMD,6.114999771118164,6.114999771118164,6.114999771118164,6.099999904632568,6.110000133514404,2798.0
2024-03-01 15:18:00,MNPR,0.9399999976158142,0.9399999976158142,0.9399999976158142,0.9300000071525574,0.9309999942779541,3107.0
2024-03-01 15:18:00,MODD,1.8601000308990479,1.8601000308990479,1.8899999856948853,1.8601000308990479,1.8899999856948853,300.0
2024-03-01 15:18:00,MODV,28.264999389648438,28.264999389648438,28.264999389648438,28.264999389648438,28.264999389648438,238.0
2024-03-01 15:18:00,MOR,17.65999984741211,17.65999984741211,17.65999984741211,17.65999984741211,17.65999984741211,460.0
2024-03-01 15:18:00,MORF,39.59000015258789,39.59000015258789,39.59000015258789,39.59000015258789,39.59000015258789,105.0
2024-03-01 15:18:00,MREO,3.944999933242798,3.944999933242798,3.944999933242798,3.944999933242798,3.944999933242798,711.0
2024-03-01 15:18:00,MRNA,95.6500015258789,95.6500015258789,95.66999816894531,95.52999877929688,95.52999877929688,4813.0
2024-03-01 15:18:00,MRNS,9.989999771118164,9.989999771118164,9.989999771118164,9.970000267028809,9.979999542236328,4434.0
2024-03-01 15:18:00,MRSN,5.925000190734863,5.925000190734863,5.929999828338623,5.925000190734863,5.929999828338623,2462.0
2024-03-01 15:18:00,MRUS,51.31999969482422,51.31999969482422,51.31999969482422,51.27000045776367,51.310001373291016,849.0
2024-03-01 15:18:00,MRVI,7.679999828338623,7.679999828338623,7.684999942779541,7.664999961853027,7.670000076293945,14584.0
2024-03-01 15:18:00,MXCT,4.735000133514404,4.735000133514404,4.735000133514404,4.735000133514404,4.735000133514404,160.0
2024-03-01 15:18:00,MYGN,22.0,22.0,22.0,21.950000762939453,21.950000762939453,3058.0
2024-03-01 15:18:00,MYNZ,0.8799999952316284,0.8799999952316284,0.8799999952316284,0.8799999952316284,0.8799999952316284,3397.0
2024-03-01 15:18:00,NARI,45.95000076293945,45.95000076293945,45.994998931884766,45.95000076293945,45.9900016784668,3968.0
2024-03-01 15:18:00,NAUT,2.699899911880493,2.699899911880493,2.699899911880493,2.699899911880493,2.699899911880493,2074.0
2024-03-01 15:18:00,NBIX,131.83999633789062,131.83999633789062,131.86000061035156,131.81500244140625,131.81500244140625,1911.0
2024-03-01 15:18:00,NBSE,0.8899999856948853,0.8899999856948853,0.8899999856948853,0.8838499784469604,0.8838499784469604,2927.0
2024-03-01 15:18:00,NEO,15.944999694824219,15.944999694824219,15.944999694824219,15.944999694824219,15.944999694824219,153.0
2024-03-01 15:18:00,NEPT,0.4153999984264374,0.4153999984264374,0.4153999984264374,0.4153999984264374,0.4153999984264374,163.0
2024-03-01 15:18:00,NGM,1.5199999809265137,1.5199999809265137,1.5199999809265137,1.5199999809265137,1.5199999809265137,547.0
2024-03-01 15:18:00,NKTX,12.619999885559082,12.619999885559082,12.619999885559082,12.619999885559082,12.619999885559082,226.0
2024-03-01 15:18:00,NNOX,10.860099792480469,10.860099792480469,10.870100021362305,10.859999656677246,10.869999885559082,1404.0
2024-03-01 15:18:00,NPCE,16.059999465942383,16.059999465942383,16.110000610351562,16.059999465942383,16.110000610351562,279.0
2024-03-01 15:18:00,NRBO,6.25,6.25,6.25,6.25,6.25,102.0
2024-03-01 15:18:00,NRC,40.47999954223633,40.47999954223633,40.47999954223633,40.47999954223633,40.47999954223633,289.0
2024-03-01 15:18:00,NRSN,1.9996999502182007,1.9996999502182007,1.9996999502182007,1.9850000143051147,1.9850000143051147,250.0
2024-03-01 15:18:00,NRXP,0.4375,0.4375,0.44130000472068787,0.4375,0.44130000472068787,4654.0
2024-03-01 15:18:00,NTLA,33.13999938964844,33.13999938964844,33.16999816894531,33.13999938964844,33.15999984741211,808.0
2024-03-01 15:18:00,NTRA,89.6050033569336,89.6050033569336,89.6050033569336,89.51000213623047,89.51000213623047,2041.0
2024-03-01 15:18:00,NUTX,0.11394999921321869,0.11394999921321869,0.11394999921321869,0.11394999921321869,0.11394999921321869,322.0
2024-03-01 15:18:00,NUVL,87.31999969482422,87.31999969482422,87.31999969482422,87.31999969482422,87.31999969482422,151.0
2024-03-01 15:18:00,NVAX,5.355000019073486,5.355000019073486,5.360000133514404,5.34499979019165,5.349899768829346,60881.0
2024-03-01 15:18:00,NVCR,16.059999465942383,16.059999465942383,16.059999465942383,16.049999237060547,16.049999237060547,852.0
2024-03-01 15:18:00,NXTC,1.7799999713897705,1.7799999713897705,1.7799999713897705,1.7599999904632568,1.7599999904632568,200.0
2024-03-01 15:18:00,OCGN,0.9509000182151794,0.9509000182151794,0.9509000182151794,0.9509000182151794,0.9509000182151794,200.0
2024-03-01 15:18:00,OCUL,10.604999542236328,10.604999542236328,10.61989974975586,10.600000381469727,10.61989974975586,2062.0
2024-03-01 15:18:00,OFIX,12.880000114440918,12.880000114440918,12.880000114440918,12.869999885559082,12.880000114440918,2204.0
2024-03-01 15:18:00,OGI,2.1549999713897705,2.1549999713897705,2.1549999713897705,2.1549999713897705,2.1549999713897705,200.0
2024-03-01 15:18:00,OKYO,1.3799999952316284,1.3799999952316284,1.3799999952316284,1.3799999952316284,1.3799999952316284,2775.0
2024-03-01 15:18:00,OLK,22.985000610351562,22.985000610351562,22.985000610351562,22.985000610351562,22.985000610351562,156.0
2024-03-01 15:18:00,OLMA,14.630000114440918,14.630000114440918,14.630000114440918,14.630000114440918,14.630000114440918,502.0
2024-03-01 15:18:00,OM,3.130000114440918,3.130000114440918,3.130000114440918,3.130000114440918,3.130000114440918,134.0
2024-03-01 15:18:00,OMCL,26.299999237060547,26.299999237060547,26.329999923706055,26.299999237060547,26.329999923706055,885.0
2024-03-01 15:18:00,OMER,4.78000020980835,4.78000020980835,4.784999847412109,4.78000020980835,4.78000020980835,3457.0
2024-03-01 15:18:00,OMGA,4.380000114440918,4.380000114440918,4.380000114440918,4.380000114440918,4.380000114440918,140.0
2024-03-01 15:18:00,OMIC,0.6011499762535095,0.6011499762535095,0.6011499762535095,0.6011499762535095,0.6011499762535095,425.0
2024-03-01 15:19:00,ABCL,5.070000171661377,5.070000171661377,5.070000171661377,5.070000171661377,5.070000171661377,746.0
2024-03-01 15:19:00,ABOS,4.629899978637695,4.629899978637695,4.629899978637695,4.619999885559082,4.619999885559082,1225.0
2024-03-01 15:19:00,ABSI,5.519999980926514,5.519999980926514,5.519999980926514,5.5,5.500100135803223,3634.0
2024-03-01 15:19:00,ABUS,2.7890000343322754,2.7890000343322754,2.7899999618530273,2.7850000858306885,2.7850000858306885,698.0
2024-03-01 15:19:00,ACAD,24.125,24.125,24.1299991607666,24.079999923706055,24.079999923706055,6223.0
2024-03-01 15:19:00,ACB,3.1800999641418457,3.1800999641418457,3.184999942779541,3.1800999641418457,3.184999942779541,520.0
2024-03-01 15:19:00,ACCD,10.039999961853027,10.039999961853027,10.039999961853027,10.03499984741211,10.03499984741211,807.0
2024-03-01 15:19:00,ACET,2.384999990463257,2.384999990463257,2.384999990463257,2.380000114440918,2.384999990463257,305.0
2024-03-01 15:19:00,ACHC,84.08499908447266,84.08499908447266,84.08999633789062,84.05000305175781,84.08999633789062,425.0
2024-03-01 15:19:00,ACHL,1.3600000143051147,1.3600000143051147,1.3631999492645264,1.3600000143051147,1.3619999885559082,7021.0
2024-03-01 15:19:00,ACHV,4.429999828338623,4.429999828338623,4.429999828338623,4.409999847412109,4.409999847412109,514.0
2024-03-01 15:19:00,ACIU,3.8499999046325684,3.8499999046325684,3.869999885559082,3.8499999046325684,3.869999885559082,313.0
2024-03-01 15:19:00,ACLX,67.31500244140625,67.31500244140625,67.31500244140625,67.31500244140625,67.31500244140625,125.0
2024-03-01 15:19:00,ACRS,1.225000023841858,1.225000023841858,1.2300000190734863,1.2200000286102295,1.225000023841858,1720.0
2024-03-01 15:19:00,ADAP,1.600000023841858,1.600000023841858,1.6007000207901,1.600000023841858,1.6007000207901,403.0
2024-03-01 15:19:00,ADIL,3.0887999534606934,3.0887999534606934,3.0999999046325684,3.0362000465393066,3.059999942779541,83377.0
2024-03-01 15:19:00,ADMA,5.514999866485596,5.514999866485596,5.519899845123291,5.514999866485596,5.514999866485596,1207.0
2024-03-01 15:19:00,ADPT,4.065000057220459,4.065000057220459,4.070000171661377,4.054999828338623,4.059999942779541,5750.0
2024-03-01 15:19:00,ADUS,93.8499984741211,93.8499984741211,93.8499984741211,93.8499984741211,93.8499984741211,586.0
2024-03-01 15:19:00,ADVM,1.9574999809265137,1.9574999809265137,1.965000033378601,1.9574999809265137,1.9600000381469727,9426.0
2024-03-01 15:19:00,AFIB,0.21299999952316284,0.21299999952316284,0.21299999952316284,0.210099995136261,0.210099995136261,3960.0
2024-03-01 15:19:00,AFMD,0.6800000071525574,0.6800000071525574,0.6800000071525574,0.6775000095367432,0.6775000095367432,2570.0
2024-03-01 15:19:00,AGEN,0.6700500249862671,0.6700500249862671,0.6700500249862671,0.6700000166893005,0.6700500249862671,1803.0
2024-03-01 15:19:00,AGIO,32.29999923706055,32.29999923706055,32.29999923706055,32.209999084472656,32.209999084472656,3151.0
2024-03-01 15:19:00,AHCO,10.475000381469727,10.475000381469727,10.479999542236328,10.475000381469727,10.477499961853027,1720.0
2024-03-01 15:19:00,AIH,0.5597000122070312,0.5597000122070312,0.5597000122070312,0.5597000122070312,0.5597000122070312,100.0
2024-03-01 15:19:00,AIMD,0.9589999914169312,0.9589999914169312,0.9589999914169312,0.9589999914169312,0.9589999914169312,100.0
2024-03-01 15:19:00,AIRS,6.40500020980835,6.40500020980835,6.40500020980835,6.40500020980835,6.40500020980835,275.0
2024-03-01 15:19:00,AKAN,0.21040000021457672,0.21040000021457672,0.2150000035762787,0.21040000021457672,0.211899995803833,42566.0
2024-03-01 15:19:00,AKBA,1.6818000078201294,1.6818000078201294,1.6818000078201294,1.6799999475479126,1.6799999475479126,10639.0
2024-03-01 15:19:00,AKRO,28.344999313354492,28.344999313354492,28.45989990234375,28.31999969482422,28.31999969482422,6032.0
2024-03-01 15:19:00,ALDX,4.211999893188477,4.211999893188477,4.211999893188477,4.211999893188477,4.211999893188477,3014.0
2024-03-01 15:19:00,ALEC,7.409999847412109,7.409999847412109,7.409999847412109,7.394999980926514,7.394999980926514,1511.0
2024-03-01 15:19:00,ALGN,301.80499267578125,301.80499267578125,301.9100036621094,301.80499267578125,301.9100036621094,1207.0
2024-03-01 15:19:00,ALHC,5.554599761962891,5.554599761962891,5.559999942779541,5.554599761962891,5.559999942779541,1450.0
2024-03-01 15:19:00,ALKS,30.165000915527344,30.165000915527344,30.170000076293945,30.139999389648438,30.139999389648438,4029.0
2024-03-01 15:19:00,ALLK,1.6549999713897705,1.6549999713897705,1.6549999713897705,1.649999976158142,1.649999976158142,3849.0
2024-03-01 15:19:00,ALLO,4.96999979019165,4.96999979019165,4.96999979019165,4.965000152587891,4.965000152587891,3987.0
2024-03-01 15:19:00,ALNY,153.47999572753906,153.47999572753906,153.47999572753906,153.4600067138672,153.4600067138672,586.0
2024-03-01 15:19:00,ALPN,35.86000061035156,35.86000061035156,35.90999984741211,35.84000015258789,35.875,5888.0
2024-03-01 15:19:00,ALT,12.079999923706055,12.079999923706055,12.09000015258789,12.079999923706055,12.079999923706055,5998.0
2024-03-01 15:19:00,AMGN,280.3804931640625,280.3804931640625,280.3804931640625,280.2699890136719,280.32000732421875,2260.0
2024-03-01 15:19:00,AMPH,45.869998931884766,45.869998931884766,45.869998931884766,45.84000015258789,45.84000015258789,561.0
2024-03-01 15:19:00,AMRN,1.0499999523162842,1.0499999523162842,1.0549999475479126,1.0499999523162842,1.0529999732971191,3116.0
2024-03-01 15:19:00,ANGO,5.474999904632568,5.474999904632568,5.480000019073486,5.474999904632568,5.47629976272583,3031.0
2024-03-01 15:19:00,ANIK,25.0,25.0,25.0,25.0,25.0,221.0
2024-03-01 15:19:00,ANIX,3.490000009536743,3.490000009536743,3.490000009536743,3.490000009536743,3.490000009536743,219.0
2024-03-01 15:19:00,ANNX,6.050000190734863,6.050000190734863,6.050000190734863,6.039999961853027,6.045000076293945,5014.0
2024-03-01 15:19:00,ANTX,3.0,3.0,3.008500099182129,3.0,3.008500099182129,1351.0
2024-03-01 15:19:00,APDN,0.5619999766349792,0.5619999766349792,0.5619999766349792,0.5619999766349792,0.5619999766349792,850.0
2024-03-01 15:19:00,APLS,64.33499908447266,64.33499908447266,64.33499908447266,64.29000091552734,64.31999969482422,1805.0
2024-03-01 15:19:00,APLT,7.034999847412109,7.034999847412109,7.034999847412109,7.03000020980835,7.03000020980835,871.0
2024-03-01 15:19:00,APRE,8.119999885559082,8.119999885559082,8.119999885559082,8.119999885559082,8.119999885559082,672.0
2024-03-01 15:19:00,AQST,4.106800079345703,4.106800079345703,4.110000133514404,4.099999904632568,4.099999904632568,3073.0
2024-03-01 15:19:00,ARCT,39.584999084472656,39.584999084472656,39.584999084472656,39.584999084472656,39.584999084472656,236.0
2024-03-01 15:19:00,ARDX,9.460000038146973,9.460000038146973,9.460000038146973,9.444999694824219,9.444999694824219,7263.0
2024-03-01 15:19:00,ARQT,11.510000228881836,11.510000228881836,11.520000457763672,11.494999885559082,11.494999885559082,15128.0
2024-03-01 15:19:00,ARVN,47.7599983215332,47.7599983215332,47.7599983215332,47.68000030517578,47.68000030517578,2334.0
2024-03-01 15:19:00,ARWR,35.68000030517578,35.68000030517578,35.68000030517578,35.630001068115234,35.63999938964844,2113.0
2024-03-01 15:19:00,ASND,154.13999938964844,154.13999938964844,154.13999938964844,154.13999938964844,154.13999938964844,328.0
2024-03-01 15:19:00,ASRT,0.886650025844574,0.886650025844574,0.8870000243186951,0.8866000175476074,0.8870000243186951,2008.0
2024-03-01 15:19:00,ATAI,2.134999990463257,2.134999990463257,2.134999990463257,2.134999990463257,2.134999990463257,1339.0
2024-03-01 15:19:00,ATEC,13.494999885559082,13.494999885559082,13.5,13.487000465393066,13.489999771118164,3608.0
2024-03-01 15:19:00,ATHA,3.9549999237060547,3.9549999237060547,3.9549999237060547,3.944999933242798,3.944999933242798,1073.0
2024-03-01 15:19:00,ATRA,0.789900004863739,0.789900004863739,0.789900004863739,0.7851499915122986,0.7851499915122986,2100.0
2024-03-01 15:19:00,ATRC,36.06999969482422,36.06999969482422,36.06999969482422,36.06999969482422,36.06999969482422,348.0
2024-03-01 15:19:00,ATXS,14.850000381469727,14.850000381469727,14.850000381469727,14.850000381469727,14.850000381469727,1002.0
2024-03-01 15:19:00,AUGX,4.550000190734863,4.550000190734863,4.550000190734863,4.539999961853027,4.539999961853027,324.0
2024-03-01 15:19:00,AUPH,5.764999866485596,5.764999866485596,5.769999980926514,5.764999866485596,5.769999980926514,1257.0
2024-03-01 15:19:00,AUTL,6.25,6.25,6.25,6.25,6.25,200.0
2024-03-01 15:19:00,AVDL,13.399999618530273,13.399999618530273,13.399999618530273,13.390000343322754,13.390000343322754,7192.0
2024-03-01 15:19:00,AVIR,4.4303998947143555,4.4303998947143555,4.440000057220459,4.429999828338623,4.440000057220459,1625.0
2024-03-01 15:19:00,AVRO,1.3200000524520874,1.3200000524520874,1.3200000524520874,1.3200000524520874,1.3200000524520874,115.0
2024-03-01 15:19:00,AVXL,5.289999961853027,5.289999961853027,5.289999961853027,5.289999961853027,5.289999961853027,491.0
2024-03-01 15:19:00,AXGN,10.619999885559082,10.619999885559082,10.619999885559082,10.619999885559082,10.619999885559082,121.0
2024-03-01 15:19:00,AXNX,67.73500061035156,67.73500061035156,67.76499938964844,67.72000122070312,67.75060272216797,4715.0
2024-03-01 15:19:00,AXSM,82.7249984741211,82.7249984741211,82.7249984741211,82.7249984741211,82.7249984741211,218.0
2024-03-01 15:19:00,AZN,64.66500091552734,64.66500091552734,64.66999816894531,64.65499877929688,64.66500091552734,11227.0
2024-03-01 15:19:00,BBIO,35.709999084472656,35.709999084472656,35.72999954223633,35.689998626708984,35.689998626708984,1936.0
2024-03-01 15:19:00,BCAB,2.8350000381469727,2.8350000381469727,2.8350000381469727,2.8350000381469727,2.8350000381469727,459.0
2024-03-01 15:19:00,BCDA,0.5799999833106995,0.5799999833106995,0.5799999833106995,0.5759999752044678,0.5759999752044678,6649.0
2024-03-01 15:19:00,BCRX,5.650000095367432,5.650000095367432,5.65500020980835,5.644999980926514,5.644999980926514,9014.0
2024-03-01 15:19:00,BCYC,25.75,25.75,25.75,25.75,25.75,423.0
2024-03-01 15:19:00,BDSX,1.6100000143051147,1.6100000143051147,1.6100000143051147,1.6100000143051147,1.6100000143051147,222.0
2024-03-01 15:19:00,BDTX,4.760000228881836,4.760000228881836,4.760000228881836,4.755000114440918,4.755000114440918,521.0
2024-03-01 15:19:00,BEAM,39.790000915527344,39.790000915527344,39.790000915527344,39.7400016784668,39.76499938964844,1327.0
2024-03-01 15:19:00,BGXX,0.26304998993873596,0.26304998993873596,0.26304998993873596,0.26304998993873596,0.26304998993873596,102.0
2024-03-01 15:19:00,BIIB,221.07000732421875,221.07000732421875,221.17999267578125,220.9199981689453,221.02000427246094,5073.0
2024-03-01 15:19:00,BIOL,0.14489999413490295,0.14489999413490295,0.14489999413490295,0.14489999413490295,0.14489999413490295,8950.0
2024-03-01 15:19:00,BIVI,1.9700000286102295,1.9700000286102295,2.0,1.9700000286102295,1.975000023841858,26240.0
2024-03-01 15:19:00,BLFS,17.770000457763672,17.770000457763672,17.780000686645508,17.760000228881836,17.760000228881836,2477.0
2024-03-01 15:19:00,BLRX,1.350000023841858,1.350000023841858,1.350000023841858,1.350000023841858,1.350000023841858,750.0
2024-03-01 15:19:00,BLUE,1.5750000476837158,1.5750000476837158,1.5750000476837158,1.5700000524520874,1.5700000524520874,9422.0
2024-03-01 15:19:00,BMEA,18.010000228881836,18.010000228881836,18.010000228881836,18.0,18.010000228881836,891.0
2024-03-01 15:19:00,BMRA,1.2000000476837158,1.2000000476837158,1.2000000476837158,1.2000000476837158,1.2000000476837158,100.0
2024-03-01 15:19:00,BMRN,87.81999969482422,87.81999969482422,87.83000183105469,87.7750015258789,87.7750015258789,2261.0
2024-03-01 15:19:00,BNGO,1.2549999952316284,1.2549999952316284,1.2549999952316284,1.2549999952316284,1.2549999952316284,342.0
2024-03-01 15:19:00,BNTX,90.93000030517578,90.93000030517578,90.93000030517578,90.93000030517578,90.93000030517578,491.0
2024-03-01 15:19:00,BPMC,96.09500122070312,96.09500122070312,96.20030212402344,96.09500122070312,96.20030212402344,1221.0
2024-03-01 15:19:00,BRKR,88.37999725341797,88.37999725341797,88.4000015258789,88.20999908447266,88.20999908447266,5137.0
2024-03-01 15:19:00,BSGM,0.6804999709129333,0.6804999709129333,0.6804999709129333,0.6804999709129333,0.6804999709129333,180.0
2024-03-01 15:19:00,BTAI,3.2200000286102295,3.2200000286102295,3.2200000286102295,3.2149999141693115,3.2149999141693115,2872.0
2024-03-01 15:19:00,BTTX,0.18150000274181366,0.18150000274181366,0.18150100111961365,0.18150000274181366,0.18150100111961365,1600.0
2024-03-01 15:19:00,BWAY,6.53000020980835,6.53000020980835,6.53000020980835,6.53000020980835,6.53000020980835,100.0
2024-03-01 15:19:00,CABA,23.989999771118164,23.989999771118164,23.989999771118164,23.959999084472656,23.969999313354492,473.0
2024-03-01 15:19:00,CAPR,4.538300037384033,4.538300037384033,4.559999942779541,4.538300037384033,4.556700229644775,759.0
2024-03-01 15:19:00,CARA,0.9111999869346619,0.9111999869346619,0.9111999869346619,0.9111999869346619,0.9111999869346619,100.0
2024-03-01 15:19:00,CBAY,32.22999954223633,32.22999954223633,32.22999954223633,32.220001220703125,32.22249984741211,3913.0
2024-03-01 15:19:00,CCCC,10.979999542236328,10.979999542236328,10.979999542236328,10.96500015258789,10.96500015258789,1592.0
2024-03-01 15:19:00,CCRN,18.280000686645508,18.280000686645508,18.280000686645508,18.270000457763672,18.280000686645508,1117.0
2024-03-01 15:19:00,CDMO,8.210000038146973,8.210000038146973,8.210000038146973,8.210000038146973,8.210000038146973,429.0
2024-03-01 15:19:00,CDNA,12.505000114440918,12.505000114440918,12.505000114440918,12.475000381469727,12.475000381469727,3800.0
2024-03-01 15:19:00,CDXS,4.644999980926514,4.644999980926514,4.644999980926514,4.644999980926514,4.644999980926514,1000.0
2024-03-01 15:19:00,CERE,41.10499954223633,41.10499954223633,41.11000061035156,41.099998474121094,41.099998474121094,5134.0
2024-03-01 15:19:00,CERS,2.184999942779541,2.184999942779541,2.184999942779541,2.184999942779541,2.184999942779541,2068.0
2024-03-01 15:19:00,CERT,18.125,18.125,18.125,18.1200008392334,18.1200008392334,1181.0
2024-03-01 15:19:00,CGC,3.174999952316284,3.174999952316284,3.180000066757202,3.1700000762939453,3.180000066757202,20185.0
2024-03-01 15:19:00,CGEN,2.690000057220459,2.690000057220459,2.690000057220459,2.680000066757202,2.6898000240325928,3789.0
2024-03-01 15:19:00,CHRS,2.4049999713897705,2.4049999713897705,2.4056999683380127,2.4000000953674316,2.4000000953674316,1544.0
2024-03-01 15:19:00,CLDX,51.82500076293945,51.82500076293945,52.0,51.78499984741211,52.0,10822.0
2024-03-01 15:19:00,CLOV,0.8623999953269958,0.8623999953269958,0.862500011920929,0.8623999953269958,0.8623999953269958,11958.0
2024-03-01 15:19:00,CLPT,6.559999942779541,6.559999942779541,6.559999942779541,6.559999942779541,6.559999942779541,209.0
2024-03-01 15:19:00,CLRB,4.09499979019165,4.09499979019165,4.099999904632568,4.090000152587891,4.091599941253662,2977.0
2024-03-01 15:19:00,CMPS,11.479999542236328,11.479999542236328,11.5,11.479999542236328,11.5,1670.0
2024-03-01 15:19:00,CMPX,1.8700000047683716,1.8700000047683716,1.8700000047683716,1.8700000047683716,1.8700000047683716,2818.0
2024-03-01 15:19:00,CNSP,0.3398999869823456,0.3398999869823456,0.3398999869823456,0.3398999869823456,0.3398999869823456,6194.0
2024-03-01 15:19:00,CNTG,0.699999988079071,0.699999988079071,0.699999988079071,0.699999988079071,0.699999988079071,699.0
2024-03-01 15:19:00,COGT,7.224999904632568,7.224999904632568,7.224999904632568,7.21999979019165,7.21999979019165,7918.0
2024-03-01 15:19:00,CORT,24.219999313354492,24.219999313354492,24.235000610351562,24.209999084472656,24.219999313354492,3486.0
2024-03-01 15:19:00,CPRX,17.18000030517578,17.18000030517578,17.204999923706055,17.18000030517578,17.18000030517578,11659.0
2024-03-01 15:19:00,CPSI,9.359999656677246,9.359999656677246,9.359999656677246,9.34000015258789,9.350000381469727,1831.0
2024-03-01 15:19:00,CRBP,33.275001525878906,33.275001525878906,33.275001525878906,33.04999923706055,33.04999923706055,500.0
2024-03-01 15:19:00,CRBU,7.829999923706055,7.829999923706055,7.840000152587891,7.829999923706055,7.835000038146973,3251.0
2024-03-01 15:19:00,CRDF,2.6700000762939453,2.6700000762939453,2.7100000381469727,2.6700000762939453,2.7100000381469727,30322.0
2024-03-01 15:19:00,CRIS,10.140000343322754,10.140000343322754,10.140000343322754,10.140000343322754,10.140000343322754,181.0
2024-03-01 15:19:00,CRMD,3.6619999408721924,3.6619999408721924,3.6686999797821045,3.6600000858306885,3.666800022125244,2333.0
2024-03-01 15:19:00,CRNX,45.84000015258789,45.84000015258789,45.84000015258789,45.79999923706055,45.79999923706055,1123.0
2024-03-01 15:19:00,CRON,2.015399932861328,2.015399932861328,2.0199999809265137,2.015000104904175,2.0199999809265137,8208.0
2024-03-01 15:19:00,CRSP,84.69999694824219,84.69999694824219,84.83000183105469,84.68000030517578,84.68000030517578,2180.0
2024-03-01 15:19:00,CRVS,2.174999952316284,2.174999952316284,2.174999952316284,2.174999952316284,2.174999952316284,233.0
2024-03-01 15:19:00,CTKB,9.015000343322754,9.015000343322754,9.015000343322754,9.005000114440918,9.005000114440918,6646.0
2024-03-01 15:19:00,CTMX,2.5199999809265137,2.5199999809265137,2.5199999809265137,2.5,2.509999990463257,8867.0
2024-03-01 15:19:00,CTXR,0.7728999853134155,0.7728999853134155,0.7728999853134155,0.7724000215530396,0.7724000215530396,338.0
2024-03-01 15:19:00,CUTR,2.4100000858306885,2.4100000858306885,2.4100000858306885,2.4100000858306885,2.4100000858306885,144.0
2024-03-01 15:19:00,CVAC,3.449899911880493,3.449899911880493,3.449899911880493,3.449899911880493,3.449899911880493,765.0
2024-03-01 15:19:00,CYTH,1.6295000314712524,1.6295000314712524,1.6295000314712524,1.6295000314712524,1.6295000314712524,111.0
2024-03-01 15:19:00,CYTK,73.87999725341797,73.87999725341797,73.87999725341797,73.77999877929688,73.81500244140625,2444.0
2024-03-01 15:19:00,CYTO,2.3343000411987305,2.3343000411987305,2.3343000411987305,2.3343000411987305,2.3343000411987305,2340.0
2024-03-01 15:19:00,DAWN,17.59000015258789,17.59000015258789,17.59000015258789,17.56999969482422,17.56999969482422,438.0
2024-03-01 15:19:00,DCGO,4.039999961853027,4.039999961853027,4.045000076293945,4.039999961853027,4.045000076293945,481.0
2024-03-01 15:19:00,DCPH,17.510000228881836,17.510000228881836,17.510000228881836,17.510000228881836,17.510000228881836,726.0
2024-03-01 15:19:00,DH,8.819000244140625,8.819000244140625,8.819000244140625,8.8100004196167,8.8100004196167,304.0
2024-03-01 15:19:00,DMTK,0.8450000286102295,0.8450000286102295,0.8497999906539917,0.8450000286102295,0.8497999906539917,3150.0
2024-03-01 15:19:00,DNLI,21.024999618530273,21.024999618530273,21.024999618530273,21.010000228881836,21.024999618530273,844.0
2024-03-01 15:19:00,DTIL,12.71500015258789,12.71500015258789,12.71500015258789,12.71500015258789,12.71500015258789,569.0
2024-03-01 15:19:00,DVAX,12.795000076293945,12.795000076293945,12.805000305175781,12.789999961853027,12.795000076293945,6820.0
2024-03-01 15:19:00,DXCM,121.25,121.25,121.2699966430664,121.22000122070312,121.22000122070312,3420.0
2024-03-01 15:19:00,DYN,29.079999923706055,29.079999923706055,29.149999618530273,29.079999923706055,29.079999923706055,3234.0
2024-03-01 15:19:00,EDIT,10.789999961853027,10.789999961853027,10.789999961853027,10.774999618530273,10.779999732971191,4042.0
2024-03-01 15:19:00,EGRX,6.579999923706055,6.579999923706055,6.590000152587891,6.579999923706055,6.590000152587891,590.0
2024-03-01 15:19:00,EKSO,1.9986000061035156,1.9986000061035156,1.9986000061035156,1.9986000061035156,1.9986000061035156,437.0
2024-03-01 15:19:00,ELEV,5.210000038146973,5.210000038146973,5.230000019073486,5.195000171661377,5.195000171661377,5010.0
2024-03-01 15:19:00,EMBC,14.279999732971191,14.279999732971191,14.279999732971191,14.279999732971191,14.279999732971191,461.0
2024-03-01 15:19:00,ENTA,15.675000190734863,15.675000190734863,15.675000190734863,15.675000190734863,15.675000190734863,100.0
2024-03-01 15:19:00,ENTX,1.3799999952316284,1.3799999952316284,1.3799999952316284,1.3799999952316284,1.3799999952316284,1000.0
2024-03-01 15:19:00,ENVB,1.5,1.5,1.5299999713897705,1.5,1.5,1703.0
2024-03-01 15:19:00,EOLS,14.8100004196167,14.8100004196167,14.8100004196167,14.800000190734863,14.800000190734863,1921.0
2024-03-01 15:19:00,EPIX,9.600000381469727,9.600000381469727,9.600000381469727,9.600000381469727,9.600000381469727,135.0
2024-03-01 15:19:00,EQ,2.4700000286102295,2.4700000286102295,2.4700000286102295,2.4700000286102295,2.4700000286102295,200.0
2024-03-01 15:19:00,ERAS,2.5350000858306885,2.5350000858306885,2.5350000858306885,2.5199999809265137,2.5199999809265137,12020.0
2024-03-01 15:19:00,ESPR,2.5450000762939453,2.5450000762939453,2.5450000762939453,2.5450000762939453,2.5450000762939453,5239.0
2024-03-01 15:19:00,ESTA,44.5099983215332,44.5099983215332,44.5099983215332,44.5,44.5,1794.0
2024-03-01 15:19:00,ETNB,12.72700023651123,12.72700023651123,12.729999542236328,12.725000381469727,12.729999542236328,2494.0
2024-03-01 15:19:00,EVAX,3.430000066757202,3.430000066757202,3.440000057220459,3.430000066757202,3.440000057220459,1647.0
2024-03-01 15:19:00,EWTX,16.864999771118164,16.864999771118164,16.864999771118164,16.864999771118164,16.864999771118164,370.0
2024-03-01 15:19:00,EXAI,6.570000171661377,6.570000171661377,6.570000171661377,6.554999828338623,6.554999828338623,2073.0
2024-03-01 15:19:00,EXAS,59.577301025390625,59.577301025390625,59.599998474121094,59.5,59.5,3743.0
2024-03-01 15:19:00,EXEL,22.264999389648438,22.264999389648438,22.264999389648438,22.260000228881836,22.260000228881836,1304.0
2024-03-01 15:19:00,EYEN,2.319999933242798,2.319999933242798,2.3299999237060547,2.309999942779541,2.3299999237060547,20706.0
2024-03-01 15:19:00,FATE,7.695000171661377,7.695000171661377,7.695000171661377,7.675000190734863,7.675000190734863,4742.0
2024-03-01 15:19:00,FDMT,29.450000762939453,29.450000762939453,29.450000762939453,29.450000762939453,29.450000762939453,513.0
2024-03-01 15:19:00,FLGC,1.1349999904632568,1.1349999904632568,1.1349999904632568,1.1349999904632568,1.1349999904632568,133.0
2024-03-01 15:19:00,FLGT,23.1200008392334,23.1200008392334,23.1200008392334,23.100000381469727,23.100000381469727,1089.0
2024-03-01 15:19:00,FOLD,13.288999557495117,13.288999557495117,13.289999961853027,13.274999618530273,13.274999618530273,4942.0
2024-03-01 15:19:00,FULC,10.979999542236328,10.979999542236328,10.989999771118164,10.979999542236328,10.979999542236328,958.0
2024-03-01 15:19:00,FUSN,12.175000190734863,12.175000190734863,12.180000305175781,12.154999732971191,12.170000076293945,796.0
2024-03-01 15:19:00,GANX,4.697400093078613,4.697400093078613,4.697400093078613,4.697400093078613,4.697400093078613,2855.0
2024-03-01 15:19:00,GDRX,8.34000015258789,8.34000015258789,8.359999656677246,8.34000015258789,8.34000015258789,8326.0
2024-03-01 15:19:00,GERN,2.244999885559082,2.244999885559082,2.244999885559082,2.240000009536743,2.240000009536743,1656.0
2024-03-01 15:19:00,GH,19.014999389648438,19.014999389648438,19.014999389648438,18.989999771118164,18.989999771118164,3173.0
2024-03-01 15:19:00,GILD,72.52010345458984,72.52010345458984,72.55000305175781,72.52010345458984,72.54000091552734,6492.0
2024-03-01 15:19:00,GLSI,12.670000076293945,12.670000076293945,12.670000076293945,12.670000076293945,12.670000076293945,100.0
2024-03-01 15:19:00,GLTO,0.8065999746322632,0.8065999746322632,0.8065999746322632,0.8065999746322632,0.8065999746322632,200.0
2024-03-01 15:19:00,GLUE,6.275000095367432,6.275000095367432,6.275000095367432,6.275000095367432,6.275000095367432,424.0
2024-03-01 15:19:00,GMAB,29.375,29.375,29.3799991607666,29.3700008392334,29.3700008392334,887.0
2024-03-01 15:19:00,GOSS,1.409999966621399,1.409999966621399,1.4199999570846558,1.409999966621399,1.4149999618530273,22995.0
2024-03-01 15:19:00,GRFS,7.014999866485596,7.014999866485596,7.03000020980835,7.005000114440918,7.005000114440918,15392.0
2024-03-01 15:19:00,GRTS,2.009999990463257,2.009999990463257,2.015000104904175,2.009999990463257,2.015000104904175,3226.0
2024-03-01 15:19:00,GTHX,3.755000114440918,3.755000114440918,3.755000114440918,3.75,3.75,1349.0
2024-03-01 15:19:00,HALO,40.849998474121094,40.849998474121094,40.85499954223633,40.810001373291016,40.81999969482422,4731.0
2024-03-01 15:19:00,HARP,22.9424991607666,22.9424991607666,22.9424991607666,22.9424991607666,22.9424991607666,104.0
2024-03-01 15:19:00,HCAT,8.095000267028809,8.095000267028809,8.095000267028809,8.095000267028809,8.095000267028809,121.0
2024-03-01 15:19:00,HCM,15.100099563598633,15.100099563598633,15.100099563598633,15.100099563598633,15.100099563598633,123.0
2024-03-01 15:19:00,HCSG,12.738699913024902,12.738699913024902,12.738699913024902,12.738699913024902,12.738699913024902,285.0
2024-03-01 15:19:00,HCTI,2.0699000358581543,2.0699000358581543,2.0699000358581543,2.0699000358581543,2.0699000358581543,100.0
2024-03-01 15:19:00,HITI,1.7519999742507935,1.7519999742507935,1.7519999742507935,1.7519999742507935,1.7519999742507935,155.0
2024-03-01 15:19:00,HOLX,74.18000030517578,74.18000030517578,74.19999694824219,74.18000030517578,74.19999694824219,975.0
2024-03-01 15:19:00,HQY,81.20999908447266,81.20999908447266,81.20999908447266,81.16999816894531,81.16999816894531,505.0
2024-03-01 15:19:00,HRMY,31.645000457763672,31.645000457763672,31.645000457763672,31.645000457763672,31.645000457763672,202.0
2024-03-01 15:19:00,HRTX,2.569999933242798,2.569999933242798,2.577500104904175,2.569999933242798,2.569999933242798,845.0
2024-03-01 15:19:00,HSIC,76.8550033569336,76.8550033569336,76.87999725341797,76.8550033569336,76.87999725341797,1729.0
2024-03-01 15:19:00,HUGE,0.9010000228881836,0.9010000228881836,0.9010000228881836,0.9010000228881836,0.9010000228881836,1000.0
2024-03-01 15:19:00,HUMA,3.244999885559082,3.244999885559082,3.25,3.2249999046325684,3.2249999046325684,13535.0
2024-03-01 15:19:00,IART,36.189998626708984,36.189998626708984,36.19499969482422,36.15010070800781,36.15999984741211,6736.0
2024-03-01 15:19:00,IBRX,4.789999961853027,4.789999961853027,4.809999942779541,4.784999847412109,4.809999942779541,36099.0
2024-03-01 15:19:00,ICLR,324.80999755859375,324.80999755859375,324.82000732421875,324.6600036621094,324.80999755859375,1758.0
2024-03-01 15:19:00,IDYA,46.119998931884766,46.119998931884766,46.150001525878906,46.10129928588867,46.119998931884766,3013.0
2024-03-01 15:19:00,IFRX,1.750100016593933,1.750100016593933,1.750100016593933,1.750100016593933,1.750100016593933,914.0
2024-03-01 15:19:00,IGMS,12.899999618530273,12.899999618530273,12.90999984741211,12.899999618530273,12.899999618530273,974.0
2024-03-01 15:19:00,IINN,1.6749999523162842,1.6749999523162842,1.6749999523162842,1.6749999523162842,1.6749999523162842,120.0
2024-03-01 15:19:00,ILMN,141.2100067138672,141.2100067138672,141.27999877929688,140.9801025390625,141.0749969482422,3007.0
2024-03-01 15:19:00,IMCC,0.329800009727478,0.329800009727478,0.329800009727478,0.329800009727478,0.329800009727478,106.0
2024-03-01 15:19:00,IMMX,3.505000114440918,3.505000114440918,3.505000114440918,3.505000114440918,3.505000114440918,100.0
2024-03-01 15:19:00,IMNM,25.295000076293945,25.295000076293945,25.295000076293945,25.295000076293945,25.295000076293945,483.0
2024-03-01 15:19:00,IMTX,12.780900001525879,12.780900001525879,12.780900001525879,12.780900001525879,12.780900001525879,630.0
2024-03-01 15:19:00,IMUX,1.475000023841858,1.475000023841858,1.479200005531311,1.475000023841858,1.475000023841858,2149.0
2024-03-01 15:19:00,IMVT,35.63999938964844,35.63999938964844,35.63999938964844,35.59000015258789,35.599998474121094,1265.0
2024-03-01 15:19:00,INBX,36.55500030517578,36.55500030517578,36.55500030517578,36.55500030517578,36.55500030517578,170.0
2024-03-01 15:19:00,INGN,6.835000038146973,6.835000038146973,6.835000038146973,6.835000038146973,6.835000038146973,152.0
2024-03-01 15:19:00,INMD,22.915000915527344,22.915000915527344,22.915000915527344,22.895000457763672,22.89579963684082,3065.0
2024-03-01 15:19:00,INSM,28.040000915527344,28.040000915527344,28.040000915527344,28.020000457763672,28.020000457763672,2225.0
2024-03-01 15:19:00,INVA,15.399999618530273,15.399999618530273,15.399999618530273,15.369999885559082,15.369999885559082,13505.0
2024-03-01 15:19:00,INZY,6.550000190734863,6.550000190734863,6.550000190734863,6.545000076293945,6.545000076293945,1020.0
2024-03-01 15:19:00,IONM,0.35989999771118164,0.35989999771118164,0.35989999771118164,0.35989999771118164,0.35989999771118164,110.0
2024-03-01 15:19:00,IONS,45.849998474121094,45.849998474121094,45.86000061035156,45.84000015258789,45.84000015258789,2191.0
2024-03-01 15:19:00,IOVA,16.88990020751953,16.88990020751953,16.9064998626709,16.860000610351562,16.8700008392334,19324.0
2024-03-01 15:19:00,IPSC,3.950000047683716,3.950000047683716,3.950000047683716,3.950000047683716,3.950000047683716,253.0
2024-03-01 15:19:00,IRTC,121.26000213623047,121.26000213623047,121.26000213623047,121.26000213623047,121.26000213623047,347.0
2024-03-01 15:19:00,IRWD,8.944999694824219,8.944999694824219,8.975000381469727,8.944999694824219,8.96500015258789,77136.0
2024-03-01 15:19:00,ISRG,397.3800048828125,397.3800048828125,397.3800048828125,397.2203063964844,397.260009765625,2875.0
2024-03-01 15:19:00,ITCI,72.18000030517578,72.18000030517578,72.18000030517578,72.13999938964844,72.13999938964844,673.0
2024-03-01 15:19:00,IXHL,5.5177998542785645,5.5177998542785645,5.5177998542785645,5.5177998542785645,5.5177998542785645,105.0
2024-03-01 15:19:00,JAGX,0.08449999988079071,0.08449999988079071,0.08449999988079071,0.08299999684095383,0.08370000123977661,243221.0
2024-03-01 15:19:00,JANX,46.02920150756836,46.02920150756836,46.040000915527344,46.0099983215332,46.040000915527344,618.0
2024-03-01 15:19:00,JAZZ,119.30999755859375,119.30999755859375,119.41000366210938,119.29000091552734,119.41000366210938,2066.0
2024-03-01 15:19:00,JSPR,21.989999771118164,21.989999771118164,21.989999771118164,21.989999771118164,21.989999771118164,188.0
2024-03-01 15:19:00,JYNT,9.970000267028809,9.970000267028809,9.989999771118164,9.970000267028809,9.975000381469727,1524.0
2024-03-01 15:19:00,KALV,14.069999694824219,14.069999694824219,14.069999694824219,14.055000305175781,14.055000305175781,1504.0
2024-03-01 15:19:00,KIDS,27.8799991607666,27.8799991607666,27.8799991607666,27.8799991607666,27.8799991607666,287.0
2024-03-01 15:19:00,KNSA,21.8799991607666,21.8799991607666,21.8799991607666,21.860000610351562,21.860000610351562,644.0
2024-03-01 15:19:00,KNTE,2.5950000286102295,2.5950000286102295,2.5999999046325684,2.5950000286102295,2.5999999046325684,2506.0
2024-03-01 15:19:00,KOD,6.014999866485596,6.014999866485596,6.014999866485596,6.014999866485596,6.014999866485596,152.0
2024-03-01 15:19:00,KPTI,1.184999942779541,1.184999942779541,1.184999942779541,1.184999942779541,1.184999942779541,932.0
2024-03-01 15:19:00,KRMD,2.109999895095825,2.109999895095825,2.109999895095825,2.109999895095825,2.109999895095825,115.0
2024-03-01 15:19:00,KROS,68.80999755859375,68.80999755859375,68.80999755859375,68.7300033569336,68.7300033569336,639.0
2024-03-01 15:19:00,KTRA,0.10199999809265137,0.10199999809265137,0.10199999809265137,0.10130000114440918,0.10130000114440918,16509.0
2024-03-01 15:19:00,KURA,21.780000686645508,21.780000686645508,21.790000915527344,21.764999389648438,21.764999389648438,2122.0
2024-03-01 15:19:00,KYMR,43.70000076293945,43.70000076293945,43.70000076293945,43.70000076293945,43.70000076293945,607.0
2024-03-01 15:19:00,KZR,1.0399999618530273,1.0399999618530273,1.0449999570846558,1.0399999618530273,1.0449999570846558,2574.0
2024-03-01 15:19:00,LAB,2.4700000286102295,2.4700000286102295,2.4700000286102295,2.4700000286102295,2.4700000286102295,1317.0
2024-03-01 15:19:00,LBPH,21.5,21.5,21.5,21.489999771118164,21.5,1477.0
2024-03-01 15:19:00,LEGN,65.53500366210938,65.53500366210938,65.53500366210938,65.53500366210938,65.53500366210938,366.0
2024-03-01 15:19:00,LEXX,2.799999952316284,2.799999952316284,2.799999952316284,2.7799999713897705,2.799999952316284,3429.0
2024-03-01 15:19:00,LFMD,7.965000152587891,7.965000152587891,7.965000152587891,7.949999809265137,7.949999809265137,208.0
2024-03-01 15:19:00,LFST,7.755000114440918,7.755000114440918,7.755000114440918,7.735000133514404,7.735000133514404,9872.0
2024-03-01 15:19:00,LIAN,4.869999885559082,4.869999885559082,4.875,4.869999885559082,4.875,416.0
2024-03-01 15:19:00,LIVN,55.45000076293945,55.45000076293945,55.51750183105469,55.439998626708984,55.5099983215332,1337.0
2024-03-01 15:19:00,LNTH,64.38999938964844,64.38999938964844,64.43000030517578,64.38999938964844,64.41500091552734,2409.0
2024-03-01 15:19:00,LPTX,2.8499999046325684,2.8499999046325684,2.8499999046325684,2.8499999046325684,2.8499999046325684,300.0
2024-03-01 15:19:00,LQDA,14.585000038146973,14.585000038146973,14.585000038146973,14.579999923706055,14.579999923706055,770.0
2024-03-01 15:19:00,LRMR,11.289999961853027,11.289999961853027,11.324999809265137,11.289999961853027,11.324999809265137,305.0
2024-03-01 15:19:00,LUNG,9.4350004196167,9.4350004196167,9.4350004196167,9.430000305175781,9.4350004196167,809.0
2024-03-01 15:19:00,LVTX,2.690000057220459,2.690000057220459,2.690000057220459,2.6700000762939453,2.6700000762939453,1198.0
2024-03-01 15:19:00,LXRX,2.490000009536743,2.490000009536743,2.5,2.490000009536743,2.490000009536743,2187.0
2024-03-01 15:19:00,LYEL,3.115000009536743,3.115000009536743,3.119999885559082,3.1050000190734863,3.1050000190734863,8019.0
2024-03-01 15:19:00,LYRA,5.639999866485596,5.639999866485596,5.639999866485596,5.639999866485596,5.639999866485596,564.0
2024-03-01 15:19:00,MCRB,1.2200000286102295,1.2200000286102295,1.225000023841858,1.2200000286102295,1.2201000452041626,14240.0
2024-03-01 15:19:00,MDGL,250.0749969482422,250.0749969482422,250.4149932861328,250.0749969482422,250.4149932861328,411.0
2024-03-01 15:19:00,MDRX,6.010000228881836,6.010000228881836,6.070000171661377,6.010000228881836,6.03000020980835,56577.0
2024-03-01 15:19:00,MDXG,8.555000305175781,8.555000305175781,8.555000305175781,8.550000190734863,8.550000190734863,590.0
2024-03-01 15:19:00,ME,0.548799991607666,0.548799991607666,0.5508000254631042,0.5479999780654907,0.5480999946594238,33113.0
2024-03-01 15:19:00,MGNX,18.770000457763672,18.770000457763672,18.780000686645508,18.770000457763672,18.780000686645508,572.0
2024-03-01 15:19:00,MGTX,6.429999828338623,6.429999828338623,6.429999828338623,6.429999828338623,6.429999828338623,435.0
2024-03-01 15:19:00,MHUA,0.6804999709129333,0.6804999709129333,0.6875500082969666,0.6804999709129333,0.6875500082969666,9959.0
2024-03-01 15:19:00,MIRM,29.209999084472656,29.209999084472656,29.209999084472656,29.209999084472656,29.209999084472656,522.0
2024-03-01 15:19:00,MLTX,50.369998931884766,50.369998931884766,50.369998931884766,50.27000045776367,50.279998779296875,5055.0
2024-03-01 15:19:00,MMSI,76.08000183105469,76.08000183105469,76.0999984741211,75.98750305175781,75.98750305175781,1116.0
2024-03-01 15:19:00,MNKD,4.539999961853027,4.539999961853027,4.539999961853027,4.534999847412109,4.534999847412109,4761.0
2024-03-01 15:19:00,MNMD,6.105000019073486,6.105000019073486,6.110000133514404,6.099999904632568,6.110000133514404,2528.0
2024-03-01 15:19:00,MNPR,0.9200000166893005,0.9200000166893005,0.9399999976158142,0.9200000166893005,0.9399999976158142,4552.0
2024-03-01 15:19:00,MODD,1.8899999856948853,1.8899999856948853,1.8899999856948853,1.8899999856948853,1.8899999856948853,1000.0
2024-03-01 15:19:00,MODV,28.170000076293945,28.170000076293945,28.170000076293945,28.170000076293945,28.170000076293945,140.0
2024-03-01 15:19:00,MOR,17.649999618530273,17.649999618530273,17.649999618530273,17.649999618530273,17.649999618530273,118.0
2024-03-01 15:19:00,MORF,39.59000015258789,39.59000015258789,39.59000015258789,39.54999923706055,39.54999923706055,1305.0
2024-03-01 15:19:00,MREO,3.9549999237060547,3.9549999237060547,3.9549999237060547,3.950000047683716,3.950000047683716,3588.0
2024-03-01 15:19:00,MRNA,95.63999938964844,95.63999938964844,95.70999908447266,95.58499908447266,95.61000061035156,6733.0
2024-03-01 15:19:00,MRNS,10.0,10.0,10.015000343322754,10.0,10.0,3607.0
2024-03-01 15:19:00,MRSN,5.929999828338623,5.929999828338623,5.929999828338623,5.920000076293945,5.920000076293945,2449.0
2024-03-01 15:19:00,MRUS,51.334999084472656,51.334999084472656,51.334999084472656,51.31999969482422,51.31999969482422,1230.0
2024-03-01 15:19:00,MRVI,7.684999942779541,7.684999942779541,7.686299800872803,7.684999942779541,7.684999942779541,700.0
2024-03-01 15:19:00,MXCT,4.735000133514404,4.735000133514404,4.735000133514404,4.730199813842773,4.735000133514404,3857.0
2024-03-01 15:19:00,MYNZ,0.8805000185966492,0.8805000185966492,0.8805000185966492,0.8805000185966492,0.8805000185966492,405.0
2024-03-01 15:19:00,NARI,46.0,46.0,46.0,45.95000076293945,45.95500183105469,6254.0
2024-03-01 15:19:00,NBIX,131.8350067138672,131.8350067138672,131.84500122070312,131.8350067138672,131.83999633789062,1682.0
2024-03-01 15:19:00,NBSE,0.8899999856948853,0.8899999856948853,0.8899999856948853,0.8899999856948853,0.8899999856948853,1101.0
2024-03-01 15:19:00,NEO,15.94789981842041,15.94789981842041,15.94789981842041,15.944999694824219,15.944999694824219,948.0
2024-03-01 15:19:00,NEOG,17.28499984741211,17.28499984741211,17.290000915527344,17.280000686645508,17.280000686645508,1140.0
2024-03-01 15:19:00,NGM,1.5199999809265137,1.5199999809265137,1.5199999809265137,1.5199999809265137,1.5199999809265137,40871.0
2024-03-01 15:19:00,NKTR,0.7599999904632568,0.7599999904632568,0.76214998960495,0.7599999904632568,0.76214998960495,4792.0
2024-03-01 15:19:00,NKTX,12.649999618530273,12.649999618530273,12.649999618530273,12.640000343322754,12.640000343322754,1034.0
2024-03-01 15:19:00,NNOX,10.930000305175781,10.930000305175781,10.930000305175781,10.864999771118164,10.864999771118164,4663.0
2024-03-01 15:19:00,NOTV,7.980000019073486,7.980000019073486,8.005000114440918,7.960000038146973,7.9770002365112305,7531.0
2024-03-01 15:19:00,NPCE,16.024999618530273,16.024999618530273,16.024999618530273,16.024999618530273,16.024999618530273,131.0
2024-03-01 15:19:00,NRBO,6.21019983291626,6.21019983291626,6.21019983291626,6.21019983291626,6.21019983291626,175.0
2024-03-01 15:19:00,NRXP,0.43549901247024536,0.43549901247024536,0.43549901247024536,0.43549901247024536,0.43549901247024536,2658.0
2024-03-01 15:19:00,NTLA,33.220001220703125,33.220001220703125,33.220001220703125,33.13999938964844,33.13999938964844,1996.0
2024-03-01 15:19:00,NTRA,89.58999633789062,89.58999633789062,89.62999725341797,89.55999755859375,89.61000061035156,8974.0
2024-03-01 15:19:00,NUTX,0.11394999921321869,0.11394999921321869,0.11394999921321869,0.11389999836683273,0.11389999836683273,1220.0
2024-03-01 15:19:00,NUVL,87.3550033569336,87.3550033569336,87.3550033569336,87.27999877929688,87.27999877929688,886.0
2024-03-01 15:19:00,NUWE,0.5817000269889832,0.5817000269889832,0.5827999711036682,0.5817000269889832,0.5827999711036682,599.0
2024-03-01 15:19:00,NVAX,5.364999771118164,5.364999771118164,5.364999771118164,5.349999904632568,5.355000019073486,33782.0
2024-03-01 15:19:00,NVCR,16.06999969482422,16.06999969482422,16.075000762939453,16.040000915527344,16.049999237060547,5497.0
2024-03-01 15:19:00,NVNO,6.324999809265137,6.324999809265137,6.324999809265137,6.324999809265137,6.324999809265137,100.0
2024-03-01 15:19:00,NXTC,1.7599999904632568,1.7599999904632568,1.7599999904632568,1.7599999904632568,1.7599999904632568,200.0
2024-03-01 15:19:00,OCGN,0.9509000182151794,0.9509000182151794,0.9509999752044678,0.9509000182151794,0.9509999752044678,1111.0
2024-03-01 15:19:00,OCUL,10.625,10.625,10.625,10.59000015258789,10.600000381469727,2942.0
2024-03-01 15:19:00,OCUP,2.5006000995635986,2.5006000995635986,2.5006000995635986,2.5006000995635986,2.5006000995635986,180.0
2024-03-01 15:19:00,OLK,22.989999771118164,22.989999771118164,22.989999771118164,22.985000610351562,22.985000610351562,289.0
2024-03-01 15:19:00,OLMA,14.699999809265137,14.699999809265137,14.699999809265137,14.640000343322754,14.640000343322754,4570.0
2024-03-01 15:19:00,OM,3.134999990463257,3.134999990463257,3.140000104904175,3.134999990463257,3.134999990463257,1327.0
2024-03-01 15:19:00,OMCL,26.309999465942383,26.309999465942383,26.350000381469727,26.299999237060547,26.299999237060547,2094.0
2024-03-01 15:19:00,OMER,4.789999961853027,4.789999961853027,4.789999961853027,4.789999961853027,4.789999961853027,186.0
2024-03-01 15:19:00,OMGA,4.376299858093262,4.376299858093262,4.380000114440918,4.376299858093262,4.379199981689453,931.0
2024-03-01 15:19:00,ONCT,10.350000381469727,10.350000381469727,10.350000381469727,10.350000381469727,10.350000381469727,481.0
2024-03-01 15:19:00,ONTX,0.8119000196456909,0.8119000196456909,0.8119000196456909,0.8119000196456909,0.8119000196456909,357.0
2024-03-01 15:20:00,ABCL,5.065000057220459,5.065000057220459,5.070000171661377,5.065000057220459,5.070000171661377,574.0
2024-03-01 15:20:00,ABOS,4.644999980926514,4.644999980926514,4.644999980926514,4.630000114440918,4.630000114440918,2019.0
2024-03-01 15:20:00,ABSI,5.519999980926514,5.519999980926514,5.519999980926514,5.514999866485596,5.514999866485596,950.0
2024-03-01 15:20:00,ACAD,24.149999618530273,24.149999618530273,24.149999618530273,24.1299991607666,24.1299991607666,3283.0
2024-03-01 15:20:00,ACB,3.190000057220459,3.190000057220459,3.190000057220459,3.184999942779541,3.184999942779541,12605.0
2024-03-01 15:20:00,ACCD,10.039999961853027,10.039999961853027,10.039999961853027,10.039999961853027,10.039999961853027,639.0
2024-03-01 15:20:00,ACET,2.384999990463257,2.384999990463257,2.390000104904175,2.3808999061584473,2.384999990463257,1073.0
2024-03-01 15:20:00,ACHC,84.12000274658203,84.12000274658203,84.12000274658203,84.0999984741211,84.0999984741211,692.0
2024-03-01 15:20:00,ACIU,3.8299999237060547,3.8299999237060547,3.8299999237060547,3.8299999237060547,3.8299999237060547,100.0
2024-03-01 15:20:00,ACLX,67.31999969482422,67.31999969482422,67.31999969482422,67.31999969482422,67.31999969482422,103.0
2024-03-01 15:20:00,ACRS,1.2200000286102295,1.2200000286102295,1.225000023841858,1.2200000286102295,1.2200000286102295,421.0
2024-03-01 15:20:00,ADIL,3.119999885559082,3.119999885559082,3.1500000953674316,3.0899999141693115,3.0899999141693115,81917.0
2024-03-01 15:20:00,ADMA,5.525000095367432,5.525000095367432,5.525000095367432,5.514999866485596,5.514999866485596,10486.0
2024-03-01 15:20:00,ADPT,4.065000057220459,4.065000057220459,4.070000171661377,4.065000057220459,4.070000171661377,262.0
2024-03-01 15:20:00,ADVM,1.940000057220459,1.940000057220459,1.9550000429153442,1.940000057220459,1.9550000429153442,3565.0
2024-03-01 15:20:00,AFMD,0.6850000023841858,0.6850000023841858,0.6850000023841858,0.6850000023841858,0.6850000023841858,100.0
2024-03-01 15:20:00,AGEN,0.6700500249862671,0.6700500249862671,0.6700999736785889,0.6700000166893005,0.6700999736785889,158011.0
2024-03-01 15:20:00,AGIO,32.34000015258789,32.34000015258789,32.34000015258789,32.31999969482422,32.31999969482422,1499.0
2024-03-01 15:20:00,AHCO,10.475000381469727,10.475000381469727,10.5,10.475000381469727,10.475000381469727,9376.0
2024-03-01 15:20:00,AIH,0.5576000213623047,0.5576000213623047,0.5591999888420105,0.5576000213623047,0.5591999888420105,1200.0
2024-03-01 15:20:00,AIMD,0.9800000190734863,0.9800000190734863,0.9800000190734863,0.9599999785423279,0.9599999785423279,375.0
2024-03-01 15:20:00,AIRS,6.40500020980835,6.40500020980835,6.40500020980835,6.40500020980835,6.40500020980835,118.0
2024-03-01 15:20:00,AKBA,1.684999942779541,1.684999942779541,1.6899000406265259,1.6799999475479126,1.6799999475479126,5199.0
2024-03-01 15:20:00,AKLI,0.3521000146865845,0.3521000146865845,0.3521000146865845,0.3521000146865845,0.3521000146865845,346.0
2024-03-01 15:20:00,AKRO,28.477500915527344,28.477500915527344,28.477500915527344,28.405000686645508,28.405000686645508,6108.0
2024-03-01 15:20:00,ALEC,7.409999847412109,7.409999847412109,7.409999847412109,7.40500020980835,7.40500020980835,1177.0
2024-03-01 15:20:00,ALGN,302.1000061035156,302.1000061035156,302.1600036621094,302.0299987792969,302.0299987792969,1097.0
2024-03-01 15:20:00,ALGS,1.069000005722046,1.069000005722046,1.069000005722046,1.069000005722046,1.069000005722046,368.0
2024-03-01 15:20:00,ALHC,5.550000190734863,5.550000190734863,5.550000190734863,5.550000190734863,5.550000190734863,715.0
2024-03-01 15:20:00,ALKS,30.200000762939453,30.200000762939453,30.200000762939453,30.165000915527344,30.170000076293945,3944.0
2024-03-01 15:20:00,ALLK,1.649999976158142,1.649999976158142,1.6549999713897705,1.6449999809265137,1.6549999713897705,6166.0
2024-03-01 15:20:00,ALLO,4.965000152587891,4.965000152587891,4.965000152587891,4.965000152587891,4.965000152587891,2342.0
2024-03-01 15:20:00,ALNY,153.47000122070312,153.47000122070312,153.47000122070312,153.41000366210938,153.4600067138672,1078.0
2024-03-01 15:20:00,ALPN,35.95000076293945,35.95000076293945,35.95000076293945,35.880001068115234,35.880001068115234,3238.0
2024-03-01 15:20:00,ALT,12.09000015258789,12.09000015258789,12.09000015258789,12.074999809265137,12.079999923706055,25769.0
2024-03-01 15:20:00,ALVR,0.7433000206947327,0.7433000206947327,0.7445999979972839,0.7415500283241272,0.741599977016449,2190.0
2024-03-01 15:20:00,ALXO,15.020000457763672,15.020000457763672,15.020000457763672,15.020000457763672,15.020000457763672,100.0
2024-03-01 15:20:00,AMED,93.2699966430664,93.2699966430664,93.29000091552734,93.2699966430664,93.29000091552734,230.0
2024-03-01 15:20:00,AMGN,280.2300109863281,280.2300109863281,280.3349914550781,280.20001220703125,280.3349914550781,8257.0
2024-03-01 15:20:00,AMLX,18.770000457763672,18.770000457763672,18.770000457763672,18.770000457763672,18.770000457763672,1146.0
2024-03-01 15:20:00,AMPH,45.89500045776367,45.89500045776367,45.900001525878906,45.869998931884766,45.892601013183594,2065.0
2024-03-01 15:20:00,AMRN,1.0549999475479126,1.0549999475479126,1.0549999475479126,1.0499999523162842,1.0549999475479126,1881.0
2024-03-01 15:20:00,ANAB,25.3700008392334,25.3700008392334,25.3700008392334,25.3700008392334,25.3700008392334,129.0
2024-03-01 15:20:00,ANGO,5.474999904632568,5.474999904632568,5.474999904632568,5.474999904632568,5.474999904632568,656.0
2024-03-01 15:20:00,ANIP,66.70999908447266,66.70999908447266,66.79000091552734,66.70999908447266,66.79000091552734,214.0
2024-03-01 15:20:00,ANNX,6.059999942779541,6.059999942779541,6.079999923706055,6.050000190734863,6.050000190734863,8696.0
2024-03-01 15:20:00,ANTX,3.0,3.0,3.009999990463257,3.0,3.009700059890747,1450.0
2024-03-01 15:20:00,APLS,64.37000274658203,64.37000274658203,64.39009857177734,64.33000183105469,64.33999633789062,7700.0
2024-03-01 15:20:00,APLT,7.034999847412109,7.034999847412109,7.050000190734863,7.034999847412109,7.039999961853027,2980.0
2024-03-01 15:20:00,APVO,0.1599999964237213,0.1599999964237213,0.1599999964237213,0.1599999964237213,0.1599999964237213,10000.0
2024-03-01 15:20:00,APYX,2.0899999141693115,2.0899999141693115,2.0899999141693115,2.0899999141693115,2.0899999141693115,111.0
2024-03-01 15:20:00,AQST,4.130000114440918,4.130000114440918,4.135000228881836,4.1057000160217285,4.110000133514404,26493.0
2024-03-01 15:20:00,ARCT,39.6349983215332,39.6349983215332,39.66999816894531,39.6349983215332,39.650001525878906,1264.0
2024-03-01 15:20:00,ARDX,9.454999923706055,9.454999923706055,9.460000038146973,9.449999809265137,9.454999923706055,2162.0
2024-03-01 15:20:00,ARQT,11.515000343322754,11.515000343322754,11.520000457763672,11.505000114440918,11.505000114440918,4391.0
2024-03-01 15:20:00,ARVN,47.869998931884766,47.869998931884766,47.869998931884766,47.75,47.75,4888.0
2024-03-01 15:20:00,ARWR,35.720001220703125,35.720001220703125,35.720001220703125,35.689998626708984,35.689998626708984,954.0
2024-03-01 15:20:00,ASND,154.5,154.5,154.5,154.14999389648438,154.14999389648438,1977.0
2024-03-01 15:20:00,ASRT,0.8867250084877014,0.8867250084877014,0.8870000243186951,0.8866000175476074,0.886650025844574,6825.0
2024-03-01 15:20:00,ATAI,2.125,2.125,2.140000104904175,2.119999885559082,2.140000104904175,22732.0
2024-03-01 15:20:00,ATEC,13.5,13.5,13.5,13.489999771118164,13.489999771118164,7248.0
2024-03-01 15:20:00,ATHA,3.9549999237060547,3.9549999237060547,3.9549999237060547,3.9549999237060547,3.9549999237060547,100.0
2024-03-01 15:20:00,ATRA,0.7803999781608582,0.7803999781608582,0.7803999781608582,0.7803999781608582,0.7803999781608582,294.0
2024-03-01 15:20:00,ATRC,36.099998474121094,36.099998474121094,36.099998474121094,36.08000183105469,36.08000183105469,2296.0
2024-03-01 15:20:00,ATXS,14.949999809265137,14.949999809265137,14.949999809265137,14.880000114440918,14.880000114440918,1882.0
2024-03-01 15:20:00,AUGX,4.550000190734863,4.550000190734863,4.550000190734863,4.550000190734863,4.550000190734863,100.0
2024-03-01 15:20:00,AUPH,5.769999980926514,5.769999980926514,5.769999980926514,5.764999866485596,5.769999980926514,802.0
2024-03-01 15:20:00,AUTL,6.260000228881836,6.260000228881836,6.260000228881836,6.25,6.25,1894.0
2024-03-01 15:20:00,AVDL,13.399999618530273,13.399999618530273,13.399999618530273,13.390999794006348,13.390999794006348,3048.0
2024-03-01 15:20:00,AVXL,5.300000190734863,5.300000190734863,5.300000190734863,5.300000190734863,5.300000190734863,1215.0
2024-03-01 15:20:00,AXGN,10.590100288391113,10.590100288391113,10.590100288391113,10.590100288391113,10.590100288391113,263.0
2024-03-01 15:20:00,AXNX,67.72000122070312,67.72000122070312,67.72000122070312,67.72000122070312,67.72000122070312,211.0
2024-03-01 15:20:00,AXSM,82.66999816894531,82.66999816894531,82.75,82.6449966430664,82.75,11592.0
2024-03-01 15:20:00,AZN,64.66500091552734,64.66500091552734,64.66999816894531,64.6500015258789,64.66999816894531,12101.0
2024-03-01 15:20:00,AZTA,67.0,67.0,67.0,66.97000122070312,66.97000122070312,947.0
2024-03-01 15:20:00,BBIO,35.7400016784668,35.7400016784668,35.77000045776367,35.7400016784668,35.7400016784668,1626.0
2024-03-01 15:20:00,BCAB,2.8350000381469727,2.8350000381469727,2.8350000381469727,2.8350000381469727,2.8350000381469727,514.0
2024-03-01 15:20:00,BCDA,0.578000009059906,0.578000009059906,0.5799999833106995,0.578000009059906,0.5799999833106995,773.0
2024-03-01 15:20:00,BCRX,5.65500020980835,5.65500020980835,5.65500020980835,5.65500020980835,5.65500020980835,1288.0
2024-03-01 15:20:00,BCYC,25.790000915527344,25.790000915527344,25.790000915527344,25.790000915527344,25.790000915527344,325.0
2024-03-01 15:20:00,BDSX,1.6299999952316284,1.6299999952316284,1.6299999952316284,1.6299999952316284,1.6299999952316284,307.0
2024-03-01 15:20:00,BDTX,4.755000114440918,4.755000114440918,4.755000114440918,4.755000114440918,4.755000114440918,227.0
2024-03-01 15:20:00,BEAM,39.849998474121094,39.849998474121094,39.849998474121094,39.775001525878906,39.775001525878906,4621.0
2024-03-01 15:20:00,BEAT,1.5700000524520874,1.5700000524520874,1.5700000524520874,1.5700000524520874,1.5700000524520874,126.0
2024-03-01 15:20:00,BGNE,165.6999969482422,165.6999969482422,165.83999633789062,165.64999389648438,165.80499267578125,2821.0
2024-03-01 15:20:00,BGXX,0.25999999046325684,0.25999999046325684,0.25999999046325684,0.25999999046325684,0.25999999046325684,12568.0
2024-03-01 15:20:00,BIIB,220.99000549316406,220.99000549316406,221.0850067138672,220.99000549316406,221.0850067138672,610.0
2024-03-01 15:20:00,BIOR,1.1299999952316284,1.1299999952316284,1.1299999952316284,1.1299999952316284,1.1299999952316284,9673.0
2024-03-01 15:20:00,BIVI,1.9700000286102295,1.9700000286102295,1.9800000190734863,1.9615999460220337,1.9615999460220337,28200.0
2024-03-01 15:20:00,BLFS,17.864999771118164,17.864999771118164,17.864999771118164,17.81999969482422,17.81999969482422,1896.0
2024-03-01 15:20:00,BLUE,1.5750000476837158,1.5750000476837158,1.5750000476837158,1.5700000524520874,1.5750000476837158,11590.0
2024-03-01 15:20:00,BMEA,18.020000457763672,18.020000457763672,18.049999237060547,18.020000457763672,18.040000915527344,661.0
2024-03-01 15:20:00,BMRN,87.81999969482422,87.81999969482422,87.81999969482422,87.81999969482422,87.81999969482422,103.0
2024-03-01 15:20:00,BNOX,1.2100000381469727,1.2100000381469727,1.215000033378601,1.2100000381469727,1.215000033378601,4186.0
2024-03-01 15:20:00,BNTX,90.92500305175781,90.92500305175781,90.93000030517578,90.92500305175781,90.93000030517578,275.0
2024-03-01 15:20:00,BPMC,96.0999984741211,96.0999984741211,96.12999725341797,96.0999984741211,96.12999725341797,370.0
2024-03-01 15:20:00,BRKR,88.43000030517578,88.43000030517578,88.43000030517578,88.37000274658203,88.37000274658203,715.0
2024-03-01 15:20:00,BTTX,0.18170000612735748,0.18170000612735748,0.18170000612735748,0.18150000274181366,0.18150000274181366,3310.0
2024-03-01 15:20:00,BWAY,6.53000020980835,6.53000020980835,6.53000020980835,6.53000020980835,6.53000020980835,200.0
2024-03-01 15:20:00,CABA,24.010000228881836,24.010000228881836,24.014999389648438,23.989999771118164,23.989999771118164,6067.0
2024-03-01 15:20:00,CADL,1.7300000190734863,1.7300000190734863,1.7300000190734863,1.7300000190734863,1.7300000190734863,100.0
2024-03-01 15:20:00,CARA,0.9199000000953674,0.9199000000953674,0.9205999970436096,0.9111999869346619,0.9205999970436096,4211.0
2024-03-01 15:20:00,CBAY,32.22999954223633,32.22999954223633,32.22999954223633,32.22999954223633,32.22999954223633,1986.0
2024-03-01 15:20:00,CCCC,11.0,11.0,11.010000228881836,10.989999771118164,10.989999771118164,24989.0
2024-03-01 15:20:00,CCRN,18.290000915527344,18.290000915527344,18.290000915527344,18.290000915527344,18.290000915527344,112.0
2024-03-01 15:20:00,CDMO,8.239999771118164,8.239999771118164,8.239999771118164,8.229999542236328,8.229999542236328,1451.0
2024-03-01 15:20:00,CDNA,12.5,12.5,12.510000228881836,12.5,12.505000114440918,4263.0
2024-03-01 15:20:00,CDXS,4.65500020980835,4.65500020980835,4.65500020980835,4.644999980926514,4.644999980926514,5761.0
2024-03-01 15:20:00,CELC,17.15999984741211,17.15999984741211,17.15999984741211,17.15999984741211,17.15999984741211,280.0
2024-03-01 15:20:00,CERE,41.1150016784668,41.1150016784668,41.1150016784668,41.11000061035156,41.11000061035156,2119.0
2024-03-01 15:20:00,CERS,2.180000066757202,2.180000066757202,2.184999942779541,2.180000066757202,2.184999942779541,867.0
2024-03-01 15:20:00,CERT,18.1200008392334,18.1200008392334,18.149999618530273,18.1200008392334,18.1299991607666,4998.0
2024-03-01 15:20:00,CGC,3.184999942779541,3.184999942779541,3.190000057220459,3.1700000762939453,3.1700000762939453,9071.0
2024-03-01 15:20:00,CGEM,18.790000915527344,18.790000915527344,18.790000915527344,18.770000457763672,18.780000686645508,1162.0
2024-03-01 15:20:00,CGEN,2.684999942779541,2.684999942779541,2.684999942779541,2.684999942779541,2.684999942779541,118.0
2024-03-01 15:20:00,CHRS,2.4049999713897705,2.4049999713897705,2.4100000858306885,2.4000000953674316,2.4000000953674316,2420.0
2024-03-01 15:20:00,CKPT,2.2098000049591064,2.2098000049591064,2.2098000049591064,2.2098000049591064,2.2098000049591064,602.0
2024-03-01 15:20:00,CLDX,51.779998779296875,51.779998779296875,51.84000015258789,51.779998779296875,51.81999969482422,3215.0
2024-03-01 15:20:00,CLNN,0.383650004863739,0.383650004863739,0.383650004863739,0.383650004863739,0.383650004863739,100.0
2024-03-01 15:20:00,CLOV,0.8736990094184875,0.8736990094184875,0.8736990094184875,0.8623999953269958,0.8624500036239624,76783.0
2024-03-01 15:20:00,CLPT,6.585000038146973,6.585000038146973,6.585000038146973,6.585000038146973,6.585000038146973,243.0
2024-03-01 15:20:00,CLRB,4.09499979019165,4.09499979019165,4.099999904632568,4.09499979019165,4.099999904632568,303.0
2024-03-01 15:20:00,CMPS,11.5,11.5,11.5,11.479999542236328,11.489999771118164,3981.0
2024-03-01 15:20:00,CMRX,1.2000000476837158,1.2000000476837158,1.2000000476837158,1.2000000476837158,1.2000000476837158,290.0
2024-03-01 15:20:00,COGT,7.199999809265137,7.199999809265137,7.224999904632568,7.179999828338623,7.224999904632568,24421.0
2024-03-01 15:20:00,CORT,24.219999313354492,24.219999313354492,24.219999313354492,24.21269989013672,24.21269989013672,725.0
2024-03-01 15:20:00,CPRX,17.18000030517578,17.18000030517578,17.18630027770996,17.149999618530273,17.18630027770996,3171.0
2024-03-01 15:20:00,CPSI,9.380000114440918,9.380000114440918,9.380000114440918,9.380000114440918,9.380000114440918,1243.0
2024-03-01 15:20:00,CRBP,33.470001220703125,33.470001220703125,33.470001220703125,33.275001525878906,33.275001525878906,787.0
2024-03-01 15:20:00,CRBU,7.84499979019165,7.84499979019165,7.84499979019165,7.84499979019165,7.84499979019165,100.0
2024-03-01 15:20:00,CRDF,2.690200090408325,2.690200090408325,2.700000047683716,2.6700000762939453,2.6898999214172363,9801.0
2024-03-01 15:20:00,CRMD,3.6700000762939453,3.6700000762939453,3.6700000762939453,3.6700000762939453,3.6700000762939453,343.0
2024-03-01 15:20:00,CRNX,45.91999816894531,45.91999816894531,45.91999816894531,45.86000061035156,45.86000061035156,2119.0
2024-03-01 15:20:00,CRON,2.0199999809265137,2.0199999809265137,2.0199999809265137,2.015000104904175,2.01990008354187,8668.0
2024-03-01 15:20:00,CRSP,84.75,84.75,84.83999633789062,84.73999786376953,84.7699966430664,2816.0
2024-03-01 15:20:00,CRVS,2.180000066757202,2.180000066757202,2.180000066757202,2.180000066757202,2.180000066757202,100.0
2024-03-01 15:20:00,CTKB,9.039999961853027,9.039999961853027,9.039999961853027,9.020000457763672,9.020000457763672,5581.0
2024-03-01 15:20:00,CTMX,2.509999990463257,2.509999990463257,2.5199999809265137,2.509999990463257,2.509999990463257,9317.0
2024-03-01 15:20:00,CUE,2.1649999618530273,2.1649999618530273,2.1649999618530273,2.1649999618530273,2.1649999618530273,329.0
2024-03-01 15:20:00,CVAC,3.444999933242798,3.444999933242798,3.444999933242798,3.440000057220459,3.440000057220459,216.0
2024-03-01 15:20:00,CVRX,20.65999984741211,20.65999984741211,20.65999984741211,20.65999984741211,20.65999984741211,100.0
2024-03-01 15:20:00,CYTK,73.93000030517578,73.93000030517578,73.93000030517578,73.87999725341797,73.9000015258789,1116.0
2024-03-01 15:20:00,DARE,0.5550000071525574,0.5550000071525574,0.5598999857902527,0.5550000071525574,0.5598999857902527,914.0
2024-03-01 15:20:00,DAWN,17.600000381469727,17.600000381469727,17.600000381469727,17.579999923706055,17.579999923706055,792.0
2024-03-01 15:20:00,DBVT,0.8299999833106995,0.8299999833106995,0.8299999833106995,0.8299999833106995,0.8299999833106995,2000.0
2024-03-01 15:20:00,DCGO,4.039999961853027,4.039999961853027,4.045000076293945,4.039999961853027,4.039999961853027,917.0
2024-03-01 15:20:00,DCPH,17.510000228881836,17.510000228881836,17.530000686645508,17.510000228881836,17.530000686645508,1816.0
2024-03-01 15:20:00,DH,8.819899559020996,8.819899559020996,8.819899559020996,8.800000190734863,8.800000190734863,1155.0
2024-03-01 15:20:00,DMTK,0.8398000001907349,0.8398000001907349,0.8398000001907349,0.8398000001907349,0.8398000001907349,1317.0
2024-03-01 15:20:00,DNLI,21.104999542236328,21.104999542236328,21.104999542236328,21.040000915527344,21.040000915527344,4679.0
2024-03-01 15:20:00,DSGN,2.869999885559082,2.869999885559082,2.875,2.869999885559082,2.875,492.0
2024-03-01 15:20:00,DTIL,12.609999656677246,12.609999656677246,12.79990005493164,12.609999656677246,12.79990005493164,1682.0
2024-03-01 15:20:00,DVAX,12.800000190734863,12.800000190734863,12.800000190734863,12.795000076293945,12.795000076293945,2683.0
2024-03-01 15:20:00,DXCM,121.2300033569336,121.2300033569336,121.30999755859375,121.2300033569336,121.25,15022.0
2024-03-01 15:20:00,EDIT,10.795000076293945,10.795000076293945,10.800000190734863,10.789999961853027,10.789999961853027,3560.0
2024-03-01 15:20:00,EGRX,6.599999904632568,6.599999904632568,6.599999904632568,6.599999904632568,6.599999904632568,248.0
2024-03-01 15:20:00,ELEV,5.215000152587891,5.215000152587891,5.229800224304199,5.204999923706055,5.210000038146973,2919.0
2024-03-01 15:20:00,ELOX,0.8895000219345093,0.8895000219345093,0.8895000219345093,0.8895000219345093,0.8895000219345093,654.0
2024-03-01 15:20:00,EMBC,14.300000190734863,14.300000190734863,14.300000190734863,14.289999961853027,14.289999961853027,789.0
2024-03-01 15:20:00,ENSG,121.12000274658203,121.12000274658203,121.12000274658203,121.12000274658203,121.12000274658203,262.0
2024-03-01 15:20:00,ENTA,15.645000457763672,15.645000457763672,15.675000190734863,15.645000457763672,15.675000190734863,288.0
2024-03-01 15:20:00,ENVB,1.5299999713897705,1.5299999713897705,1.5299999713897705,1.4901000261306763,1.5099999904632568,1350.0
2024-03-01 15:20:00,EOLS,14.819999694824219,14.819999694824219,14.824999809265137,14.800000190734863,14.800000190734863,4203.0
2024-03-01 15:20:00,ERAS,2.565000057220459,2.565000057220459,2.565000057220459,2.5299999713897705,2.5350000858306885,47523.0
2024-03-01 15:20:00,ESPR,2.5450000762939453,2.5450000762939453,2.555000066757202,2.5450000762939453,2.549999952316284,49404.0
2024-03-01 15:20:00,ESTA,44.5099983215332,44.5099983215332,44.5099983215332,44.505001068115234,44.505001068115234,385.0
2024-03-01 15:20:00,ETNB,12.729999542236328,12.729999542236328,12.729999542236328,12.729999542236328,12.729999542236328,380.0
2024-03-01 15:20:00,EVAX,3.430000066757202,3.430000066757202,3.430000066757202,3.430000066757202,3.430000066757202,415.0
2024-03-01 15:20:00,EVO,7.489999771118164,7.489999771118164,7.510000228881836,7.489999771118164,7.510000228881836,3209.0
2024-03-01 15:20:00,EWTX,16.864999771118164,16.864999771118164,16.864999771118164,16.864999771118164,16.864999771118164,442.0
2024-03-01 15:20:00,EXAI,6.565199851989746,6.565199851989746,6.579999923706055,6.565199851989746,6.570000171661377,5365.0
2024-03-01 15:20:00,EXAS,59.56999969482422,59.56999969482422,59.57899856567383,59.529998779296875,59.54999923706055,2704.0
2024-03-01 15:20:00,EXEL,22.264999389648438,22.264999389648438,22.270000457763672,22.264999389648438,22.264999389648438,6671.0
2024-03-01 15:20:00,EYEN,2.340100049972534,2.340100049972534,2.340100049972534,2.3299999237060547,2.3299999237060547,4785.0
2024-03-01 15:20:00,EYPT,28.010000228881836,28.010000228881836,28.03700065612793,28.0,28.0,3488.0
2024-03-01 15:20:00,FATE,7.699999809265137,7.699999809265137,7.699999809265137,7.690000057220459,7.699999809265137,844.0
2024-03-01 15:20:00,FBIO,2.359999895095825,2.359999895095825,2.359999895095825,2.3499999046325684,2.3499999046325684,3050.0
2024-03-01 15:20:00,FDMT,29.450000762939453,29.450000762939453,29.450000762939453,29.450000762939453,29.450000762939453,313.0
2024-03-01 15:20:00,FEMY,1.7599999904632568,1.7599999904632568,1.7599999904632568,1.725000023841858,1.725000023841858,48405.0
2024-03-01 15:20:00,FGEN,1.839900016784668,1.839900016784668,1.840000033378601,1.8308000564575195,1.840000033378601,2700.0
2024-03-01 15:20:00,FOLD,13.295000076293945,13.295000076293945,13.300000190734863,13.289999961853027,13.289999961853027,4142.0
2024-03-01 15:20:00,FONR,22.610000610351562,22.610000610351562,22.610000610351562,22.610000610351562,22.610000610351562,435.0
2024-03-01 15:20:00,FULC,10.989999771118164,10.989999771118164,10.989999771118164,10.989999771118164,10.989999771118164,2687.0
2024-03-01 15:20:00,FUSN,12.1899995803833,12.1899995803833,12.1899995803833,12.175000190734863,12.1899995803833,397.0
2024-03-01 15:20:00,GCTK,0.3050000071525574,0.3050000071525574,0.3070000112056732,0.3050000071525574,0.3070000112056732,7428.0
2024-03-01 15:20:00,GDRX,8.399999618530273,8.399999618530273,8.399999618530273,8.350000381469727,8.350000381469727,10464.0
2024-03-01 15:20:00,GERN,2.244999885559082,2.244999885559082,2.25,2.244999885559082,2.244999885559082,14645.0
2024-03-01 15:20:00,GH,19.030000686645508,19.030000686645508,19.030000686645508,19.020000457763672,19.020000457763672,894.0
2024-03-01 15:20:00,GILD,72.50499725341797,72.50499725341797,72.54000091552734,72.50499725341797,72.5250015258789,13967.0
2024-03-01 15:20:00,GLSI,12.494999885559082,12.494999885559082,12.529999732971191,12.479999542236328,12.529999732971191,2314.0
2024-03-01 15:20:00,GLTO,0.8100000023841858,0.8100000023841858,0.8100000023841858,0.8065999746322632,0.8100000023841858,17620.0
2024-03-01 15:20:00,GMAB,29.381000518798828,29.381000518798828,29.389999389648438,29.3799991607666,29.3799991607666,1407.0
2024-03-01 15:20:00,GMDA,0.3880000114440918,0.3880000114440918,0.3898000121116638,0.3813999891281128,0.3815999925136566,25909.0
2024-03-01 15:20:00,GOSS,1.4299999475479126,1.4299999475479126,1.4299999475479126,1.4149999618530273,1.4199999570846558,56451.0
2024-03-01 15:20:00,GRFS,7.014999866485596,7.014999866485596,7.019999980926514,7.010000228881836,7.019999980926514,9316.0
2024-03-01 15:20:00,GRTS,2.009999990463257,2.009999990463257,2.0151000022888184,2.0,2.009999990463257,34977.0
2024-03-01 15:20:00,GTHX,3.759999990463257,3.759999990463257,3.759999990463257,3.75,3.75,1404.0
2024-03-01 15:20:00,HALO,40.90999984741211,40.90999984741211,40.90999984741211,40.86000061035156,40.86000061035156,2023.0
2024-03-01 15:20:00,HARP,22.940000534057617,22.940000534057617,22.950000762939453,22.940000534057617,22.950000762939453,742.0
2024-03-01 15:20:00,HCAT,8.109999656677246,8.109999656677246,8.109999656677246,8.100000381469727,8.100000381469727,2681.0
2024-03-01 15:20:00,HCSG,12.760000228881836,12.760000228881836,12.760000228881836,12.739999771118164,12.739999771118164,1967.0
2024-03-01 15:20:00,HOLX,74.19999694824219,74.19999694824219,74.20999908447266,74.19000244140625,74.19000244140625,3243.0
2024-03-01 15:20:00,HOWL,7.159999847412109,7.159999847412109,7.159999847412109,7.130000114440918,7.130000114440918,1171.0
2024-03-01 15:20:00,HPCO,0.25,0.25,0.25,0.25,0.25,302.0
2024-03-01 15:20:00,HQY,81.26000213623047,81.26000213623047,81.26000213623047,81.25,81.25,658.0
2024-03-01 15:20:00,HRMY,31.68000030517578,31.68000030517578,31.68000030517578,31.670000076293945,31.670000076293945,766.0
2024-03-01 15:20:00,HRTX,2.569999933242798,2.569999933242798,2.577500104904175,2.569999933242798,2.577500104904175,1859.0
2024-03-01 15:20:00,HSIC,76.91999816894531,76.91999816894531,76.91999816894531,76.88999938964844,76.88999938964844,3763.0
2024-03-01 15:20:00,HUMA,3.265000104904175,3.265000104904175,3.265000104904175,3.25,3.25,15747.0
2024-03-01 15:20:00,IART,36.18000030517578,36.18000030517578,36.18000030517578,36.17499923706055,36.18000030517578,1666.0
2024-03-01 15:20:00,IBRX,4.804999828338623,4.804999828338623,4.809999942779541,4.795000076293945,4.800000190734863,6744.0
2024-03-01 15:20:00,ICLR,324.80999755859375,324.80999755859375,324.80999755859375,324.80999755859375,324.80999755859375,351.0
2024-03-01 15:20:00,ICUI,106.04000091552734,106.04000091552734,106.05000305175781,106.00499725341797,106.00499725341797,1044.0
2024-03-01 15:20:00,IDXX,578.5700073242188,578.5700073242188,579.1900024414062,578.5700073242188,578.7874755859375,919.0
2024-03-01 15:20:00,IDYA,46.21500015258789,46.21500015258789,46.21500015258789,46.13999938964844,46.13999938964844,1758.0
2024-03-01 15:20:00,IGMS,12.859999656677246,12.859999656677246,12.859999656677246,12.859999656677246,12.859999656677246,254.0
2024-03-01 15:20:00,ILMN,141.2899932861328,141.2899932861328,141.2899932861328,141.2100067138672,141.2100067138672,2200.0
2024-03-01 15:20:00,IMAB,1.7799999713897705,1.7799999713897705,1.7799999713897705,1.7799999713897705,1.7799999713897705,529.0
2024-03-01 15:20:00,IMCR,67.98500061035156,67.98500061035156,68.0,67.98500061035156,68.0,330.0
2024-03-01 15:20:00,IMMX,3.505000114440918,3.505000114440918,3.505000114440918,3.5,3.5,3112.0
2024-03-01 15:20:00,IMNM,25.34000015258789,25.34000015258789,25.34000015258789,25.34000015258789,25.34000015258789,536.0
2024-03-01 15:20:00,IMTX,12.805000305175781,12.805000305175781,12.805000305175781,12.789999961853027,12.789999961853027,1740.0
2024-03-01 15:20:00,IMUX,1.4600000381469727,1.4600000381469727,1.475000023841858,1.4600000381469727,1.475000023841858,8717.0
2024-03-01 15:20:00,IMVT,35.64500045776367,35.64500045776367,35.64500045776367,35.64500045776367,35.64500045776367,100.0
2024-03-01 15:20:00,INBX,36.55500030517578,36.55500030517578,36.55500030517578,36.55500030517578,36.55500030517578,304.0
2024-03-01 15:20:00,INCY,59.119998931884766,59.119998931884766,59.119998931884766,59.119998931884766,59.119998931884766,1079.0
2024-03-01 15:20:00,INGN,6.84499979019165,6.84499979019165,6.84499979019165,6.835000038146973,6.835000038146973,1470.0
2024-03-01 15:20:00,INMB,12.4350004196167,12.4350004196167,12.4350004196167,12.380000114440918,12.380000114440918,570.0
2024-03-01 15:20:00,INMD,22.924999237060547,22.924999237060547,22.93000030517578,22.915000915527344,22.920000076293945,3230.0
2024-03-01 15:20:00,INO,9.489999771118164,9.489999771118164,9.489999771118164,9.48270034790039,9.48270034790039,3393.0
2024-03-01 15:20:00,INSM,28.049999237060547,28.049999237060547,28.06999969482422,28.040000915527344,28.040000915527344,1759.0
2024-03-01 15:20:00,INVA,15.414999961853027,15.414999961853027,15.414999961853027,15.404999732971191,15.409899711608887,18189.0
2024-03-01 15:20:00,IONM,0.35899999737739563,0.35899999737739563,0.36000001430511475,0.35899999737739563,0.35899999737739563,1211.0
2024-03-01 15:20:00,IONS,45.869998931884766,45.869998931884766,45.869998931884766,45.849998474121094,45.849998474121094,665.0
2024-03-01 15:20:00,IOVA,16.905000686645508,16.905000686645508,16.905000686645508,16.884599685668945,16.885000228881836,11383.0
2024-03-01 15:20:00,IPSC,3.9600000381469727,3.9600000381469727,3.9600000381469727,3.9600000381469727,3.9600000381469727,1030.0
2024-03-01 15:20:00,IRMD,41.5099983215332,41.5099983215332,41.5099983215332,41.4900016784668,41.4900016784668,719.0
2024-03-01 15:20:00,IRTC,121.2699966430664,121.2699966430664,121.33999633789062,121.2699966430664,121.33999633789062,831.0
2024-03-01 15:20:00,IRWD,8.9350004196167,8.9350004196167,8.944999694824219,8.930000305175781,8.944999694824219,9565.0
2024-03-01 15:20:00,ISRG,397.4049987792969,397.4049987792969,397.4700012207031,397.3699951171875,397.3699951171875,5464.0
2024-03-01 15:20:00,ITCI,72.23500061035156,72.23500061035156,72.23500061035156,72.20999908447266,72.20999908447266,1474.0
2024-03-01 15:20:00,IVVD,3.9700000286102295,3.9700000286102295,3.9700000286102295,3.9649999141693115,3.9649999141693115,323.0
2024-03-01 15:20:00,JAGX,0.08449999988079071,0.08449999988079071,0.08449999988079071,0.08399999886751175,0.08449999988079071,137073.0
2024-03-01 15:20:00,JAZZ,119.52999877929688,119.52999877929688,119.52999877929688,119.29000091552734,119.30999755859375,5444.0
2024-03-01 15:20:00,JSPR,22.0,22.0,22.0,22.0,22.0,452.0
2024-03-01 15:20:00,KNSA,21.889999389648438,21.889999389648438,21.889999389648438,21.889999389648438,21.889999389648438,396.0
2024-03-01 15:20:00,KNTE,2.5999999046325684,2.5999999046325684,2.5999999046325684,2.5950000286102295,2.5950000286102295,2100.0
2024-03-01 15:20:00,KOD,6.014999866485596,6.014999866485596,6.014999866485596,6.014999866485596,6.014999866485596,536.0
2024-03-01 15:20:00,KPTI,1.2000000476837158,1.2000000476837158,1.2000000476837158,1.1799999475479126,1.190000057220459,20585.0
2024-03-01 15:20:00,KRYS,168.6750030517578,168.6750030517578,168.7899932861328,168.59249877929688,168.72000122070312,1548.0
2024-03-01 15:20:00,KURA,21.809999465942383,21.809999465942383,21.809999465942383,21.799999237060547,21.799999237060547,992.0
2024-03-01 15:20:00,KYMR,43.72999954223633,43.72999954223633,43.7400016784668,43.70000076293945,43.70000076293945,1071.0
2024-03-01 15:20:00,KZIA,0.24639999866485596,0.24639999866485596,0.24639999866485596,0.24639999866485596,0.24639999866485596,225.0
2024-03-01 15:20:00,KZR,1.0399999618530273,1.0399999618530273,1.0449999570846558,1.0399999618530273,1.0449999570846558,8503.0
2024-03-01 15:20:00,LAB,2.4649999141693115,2.4649999141693115,2.4700000286102295,2.4649999141693115,2.4700000286102295,2205.0
2024-03-01 15:20:00,LFMD,7.965000152587891,7.965000152587891,7.965000152587891,7.949999809265137,7.949999809265137,368.0
2024-03-01 15:20:00,LFST,7.764999866485596,7.764999866485596,7.769999980926514,7.755000114440918,7.755000114440918,12346.0
2024-03-01 15:20:00,LGND,77.48999786376953,77.48999786376953,77.48999786376953,77.19000244140625,77.19000244140625,3147.0
2024-03-01 15:20:00,LIAN,4.869999885559082,4.869999885559082,4.880000114440918,4.869999885559082,4.875,5416.0
2024-03-01 15:20:00,LIVN,55.43000030517578,55.43000030517578,55.43000030517578,55.43000030517578,55.43000030517578,205.0
2024-03-01 15:20:00,LMAT,67.87000274658203,67.87000274658203,67.87000274658203,67.5999984741211,67.5999984741211,1965.0
2024-03-01 15:20:00,LNSR,4.8703999519348145,4.8703999519348145,4.8703999519348145,4.8703999519348145,4.8703999519348145,120.0
2024-03-01 15:20:00,LNTH,64.44000244140625,64.44000244140625,64.47000122070312,64.41500091552734,64.41500091552734,3233.0
2024-03-01 15:20:00,LPTX,2.875,2.875,2.875,2.8499999046325684,2.8499999046325684,438.0
2024-03-01 15:20:00,LQDA,14.595000267028809,14.595000267028809,14.595000267028809,14.59000015258789,14.59000015258789,386.0
2024-03-01 15:20:00,LRMR,11.3149995803833,11.3149995803833,11.3149995803833,11.3149995803833,11.3149995803833,180.0
2024-03-01 15:20:00,LTRN,4.170000076293945,4.170000076293945,4.170000076293945,4.130000114440918,4.130000114440918,1000.0
2024-03-01 15:20:00,LUNG,9.4350004196167,9.4350004196167,9.4350004196167,9.4350004196167,9.4350004196167,724.0
2024-03-01 15:20:00,LVTX,2.6963999271392822,2.6963999271392822,2.7100000381469727,2.680000066757202,2.6881000995635986,1036.0
2024-03-01 15:20:00,LXRX,2.494999885559082,2.494999885559082,2.5,2.490000009536743,2.494999885559082,4467.0
2024-03-01 15:20:00,LYEL,3.119999885559082,3.119999885559082,3.119999885559082,3.119999885559082,3.119999885559082,175.0
2024-03-01 15:20:00,LYRA,5.639999866485596,5.639999866485596,5.639999866485596,5.639999866485596,5.639999866485596,193.0
2024-03-01 15:20:00,MASI,127.65499877929688,127.65499877929688,127.65499877929688,127.65499877929688,127.65499877929688,254.0
2024-03-01 15:20:00,MASS,7.3094000816345215,7.3094000816345215,7.3094000816345215,7.3094000816345215,7.3094000816345215,205.0
2024-03-01 15:20:00,MBRX,0.6298999786376953,0.6298999786376953,0.6298999786376953,0.6298999786376953,0.6298999786376953,300.0
2024-03-01 15:20:00,MCRB,1.225000023841858,1.225000023841858,1.2300000190734863,1.2200000286102295,1.2200000286102295,4643.0
2024-03-01 15:20:00,MDGL,250.00999450683594,250.00999450683594,250.38999938964844,250.00999450683594,250.38999938964844,674.0
2024-03-01 15:20:00,MDRX,6.050000190734863,6.050000190734863,6.070000171661377,6.010000228881836,6.010000228881836,73848.0
2024-03-01 15:20:00,MDXG,8.579999923706055,8.579999923706055,8.579999923706055,8.5600004196167,8.5600004196167,3425.0
2024-03-01 15:20:00,ME,0.5512999892234802,0.5512999892234802,0.5512999892234802,0.5511999726295471,0.5511999726295471,903.0
2024-03-01 15:20:00,MEDP,403.67999267578125,403.67999267578125,403.67999267578125,403.67999267578125,403.67999267578125,584.0
2024-03-01 15:20:00,MGNX,18.770000457763672,18.770000457763672,18.770000457763672,18.770000457763672,18.770000457763672,240.0
2024-03-01 15:20:00,MGTX,6.449999809265137,6.449999809265137,6.449999809265137,6.449999809265137,6.449999809265137,377.0
2024-03-01 15:20:00,MIRM,29.219999313354492,29.219999313354492,29.219999313354492,29.219999313354492,29.219999313354492,107.0
2024-03-01 15:20:00,MLTX,50.32059860229492,50.32059860229492,50.334999084472656,50.32059860229492,50.334999084472656,879.0
2024-03-01 15:20:00,MMSI,76.05000305175781,76.05000305175781,76.0999984741211,76.05000305175781,76.05999755859375,1188.0
2024-03-01 15:20:00,MNKD,4.534999847412109,4.534999847412109,4.539999961853027,4.53000020980835,4.534999847412109,8134.0
2024-03-01 15:20:00,MNMD,6.119999885559082,6.119999885559082,6.119999885559082,6.119900226593018,6.119999885559082,3015.0
2024-03-01 15:20:00,MNPR,0.9200000166893005,0.9200000166893005,0.9200000166893005,0.9200000166893005,0.9200000166893005,700.0
2024-03-01 15:20:00,MODD,1.8899999856948853,1.8899999856948853,1.8899999856948853,1.8899999856948853,1.8899999856948853,300.0
2024-03-01 15:20:00,MODV,28.149999618530273,28.149999618530273,28.149999618530273,28.040000915527344,28.040000915527344,588.0
2024-03-01 15:20:00,MOR,17.649999618530273,17.649999618530273,17.649999618530273,17.649999618530273,17.649999618530273,112.0
2024-03-01 15:20:00,MORF,39.65999984741211,39.65999984741211,39.65999984741211,39.599998474121094,39.599998474121094,816.0
2024-03-01 15:20:00,MREO,3.9523000717163086,3.9523000717163086,3.9523000717163086,3.9523000717163086,3.9523000717163086,206.0
2024-03-01 15:20:00,MRNA,95.54499816894531,95.54499816894531,95.6500015258789,95.54000091552734,95.6449966430664,8454.0
2024-03-01 15:20:00,MRSN,5.934999942779541,5.934999942779541,5.945000171661377,5.925000190734863,5.925000190734863,17074.0
2024-03-01 15:20:00,MRUS,51.45000076293945,51.45000076293945,51.45000076293945,51.334999084472656,51.334999084472656,1755.0
2024-03-01 15:20:00,MRVI,7.671000003814697,7.671000003814697,7.684999942779541,7.670000076293945,7.684999942779541,5516.0
2024-03-01 15:20:00,MTEM,3.6500000953674316,3.6500000953674316,3.6500000953674316,3.6500000953674316,3.6500000953674316,542.0
2024-03-01 15:20:00,MXCT,4.735000133514404,4.735000133514404,4.735000133514404,4.735000133514404,4.735000133514404,127.0
2024-03-01 15:20:00,MYGN,22.049999237060547,22.049999237060547,22.059999465942383,22.010000228881836,22.010000228881836,2735.0
2024-03-01 15:20:00,NARI,45.9900016784668,45.9900016784668,46.0,45.9900016784668,45.9900016784668,1673.0
2024-03-01 15:20:00,NBIX,131.85000610351562,131.85000610351562,131.89999389648438,131.85000610351562,131.86000061035156,3140.0
2024-03-01 15:20:00,NEO,15.970000267028809,15.970000267028809,15.970000267028809,15.944999694824219,15.944999694824219,2781.0
2024-03-01 15:20:00,NEOG,17.309999465942383,17.309999465942383,17.309999465942383,17.290000915527344,17.290000915527344,2225.0
2024-03-01 15:20:00,NEPT,0.41510000824928284,0.41510000824928284,0.41510000824928284,0.41510000824928284,0.41510000824928284,948.0
2024-03-01 15:20:00,NERV,2.619999885559082,2.619999885559082,2.630000114440918,2.619999885559082,2.630000114440918,2670.0
2024-03-01 15:20:00,NGM,1.5199999809265137,1.5199999809265137,1.5299999713897705,1.5199999809265137,1.5199999809265137,45334.0
2024-03-01 15:20:00,NKTR,0.7670000195503235,0.7670000195503235,0.7670000195503235,0.7599999904632568,0.7599999904632568,16822.0
2024-03-01 15:20:00,NKTX,12.699999809265137,12.699999809265137,12.699999809265137,12.670000076293945,12.670000076293945,2319.0
2024-03-01 15:20:00,NNOX,10.937899589538574,10.937899589538574,10.9399995803833,10.930000305175781,10.9399995803833,5427.0
2024-03-01 15:20:00,NOTV,7.953100204467773,7.953100204467773,7.962900161743164,7.949999809265137,7.960000038146973,2818.0
2024-03-01 15:20:00,NRIX,13.529999732971191,13.529999732971191,13.529999732971191,13.510000228881836,13.510000228881836,1127.0
2024-03-01 15:20:00,NRSN,1.9938000440597534,1.9938000440597534,1.9938000440597534,1.9938000440597534,1.9938000440597534,509.0
2024-03-01 15:20:00,NRXP,0.44339999556541443,0.44339999556541443,0.4438999891281128,0.43549999594688416,0.4398989975452423,15544.0
2024-03-01 15:20:00,NTLA,33.275001525878906,33.275001525878906,33.279998779296875,33.224998474121094,33.224998474121094,5077.0
2024-03-01 15:20:00,NTRA,89.70500183105469,89.70500183105469,89.70500183105469,89.6500015258789,89.6500015258789,2175.0
2024-03-01 15:20:00,NUTX,0.11375000327825546,0.11375000327825546,0.11394999921321869,0.11375000327825546,0.11394999921321869,1425.0
2024-03-01 15:20:00,NUVL,87.36090087890625,87.36090087890625,87.41500091552734,87.36000061035156,87.36000061035156,1341.0
2024-03-01 15:20:00,NUWE,0.5806999802589417,0.5806999802589417,0.5881999731063843,0.5806999802589417,0.5849999785423279,1394.0
2024-03-01 15:20:00,NVAX,5.360099792480469,5.360099792480469,5.369900226593018,5.360000133514404,5.364999771118164,21586.0
2024-03-01 15:20:00,NVCR,16.06999969482422,16.06999969482422,16.09000015258789,16.06999969482422,16.09000015258789,1055.0
2024-03-01 15:20:00,NVNO,6.369999885559082,6.369999885559082,6.369999885559082,6.369999885559082,6.369999885559082,116.0
2024-03-01 15:20:00,NVOS,0.6394000053405762,0.6394000053405762,0.6394000053405762,0.6376000046730042,0.6376000046730042,7430.0
2024-03-01 15:20:00,NXTC,1.7599999904632568,1.7599999904632568,1.7599999904632568,1.7599999904632568,1.7599999904632568,200.0
2024-03-01 15:20:00,OCGN,0.9509000182151794,0.9509000182151794,0.9509000182151794,0.9509000182151794,0.9509000182151794,449.0
2024-03-01 15:20:00,OCUL,10.630000114440918,10.630000114440918,10.649999618530273,10.614999771118164,10.619999885559082,12669.0
2024-03-01 15:20:00,OFIX,12.890000343322754,12.890000343322754,12.890000343322754,12.890000343322754,12.890000343322754,765.0
2024-03-01 15:20:00,OGI,2.150099992752075,2.150099992752075,2.150099992752075,2.150099992752075,2.150099992752075,400.0
2024-03-01 15:20:00,OLK,22.989999771118164,22.989999771118164,22.989999771118164,22.985000610351562,22.989999771118164,610.0
2024-03-01 15:20:00,OLMA,14.720000267028809,14.720000267028809,14.739999771118164,14.720000267028809,14.739999771118164,302.0
2024-03-01 15:20:00,OM,3.140000104904175,3.140000104904175,3.140000104904175,3.140000104904175,3.140000104904175,3963.0
2024-03-01 15:20:00,OMCL,26.329999923706055,26.329999923706055,26.360000610351562,26.309999465942383,26.329999923706055,1952.0
2024-03-01 15:20:00,OMER,4.789999961853027,4.789999961853027,4.789999961853027,4.789999961853027,4.789999961853027,7384.0
2024-03-01 15:20:00,OMGA,4.380000114440918,4.380000114440918,4.380000114440918,4.379700183868408,4.379799842834473,1592.0
2024-03-01 15:20:00,ONCY,1.125,1.125,1.125,1.1200000047683716,1.1200000047683716,984.0
2024-03-01 15:21:00,AADI,1.9400999546051025,1.9400999546051025,1.9400999546051025,1.940000057220459,1.940000057220459,7086.0
2024-03-01 15:21:00,ABCL,5.065000057220459,5.065000057220459,5.070000171661377,5.059999942779541,5.065000057220459,2859.0
2024-03-01 15:21:00,ABEO,7.789999961853027,7.789999961853027,7.789999961853027,7.769999980926514,7.769999980926514,2247.0
2024-03-01 15:21:00,ABOS,4.639999866485596,4.639999866485596,4.639999866485596,4.639999866485596,4.639999866485596,1645.0
2024-03-01 15:21:00,ABSI,5.505000114440918,5.505000114440918,5.53000020980835,5.5,5.519999980926514,13815.0
2024-03-01 15:21:00,ABUS,2.7899999618530273,2.7899999618530273,2.7899999618530273,2.7850000858306885,2.7850000858306885,1925.0
2024-03-01 15:21:00,ACAD,24.170000076293945,24.170000076293945,24.170000076293945,24.145000457763672,24.149999618530273,2219.0
2024-03-01 15:21:00,ACB,3.187999963760376,3.187999963760376,3.187999963760376,3.184999942779541,3.184999942779541,2278.0
2024-03-01 15:21:00,ACET,2.384999990463257,2.384999990463257,2.390000104904175,2.384999990463257,2.384999990463257,432.0
2024-03-01 15:21:00,ACHC,84.08999633789062,84.08999633789062,84.08999633789062,84.08999633789062,84.08999633789062,300.0
2024-03-01 15:21:00,ACIU,3.8450000286102295,3.8450000286102295,3.8450000286102295,3.8450000286102295,3.8450000286102295,100.0
2024-03-01 15:21:00,ACLX,67.47000122070312,67.47000122070312,67.51499938964844,67.41000366210938,67.41000366210938,989.0
2024-03-01 15:21:00,ACRS,1.2200000286102295,1.2200000286102295,1.2300000190734863,1.2200000286102295,1.225000023841858,1748.0
2024-03-01 15:21:00,ADAP,1.600000023841858,1.600000023841858,1.600000023841858,1.600000023841858,1.600000023841858,100.0
2024-03-01 15:21:00,ADIL,3.119999885559082,3.119999885559082,3.119999885559082,3.0999999046325684,3.119999885559082,38293.0
2024-03-01 15:21:00,ADMA,5.525000095367432,5.525000095367432,5.53000020980835,5.525000095367432,5.525000095367432,3319.0
2024-03-01 15:21:00,ADPT,4.065000057220459,4.065000057220459,4.065000057220459,4.065000057220459,4.065000057220459,322.0
2024-03-01 15:21:00,ADVM,1.9450000524520874,1.9450000524520874,1.9450000524520874,1.940999984741211,1.940999984741211,1183.0
2024-03-01 15:21:00,AFMD,0.6819999814033508,0.6819999814033508,0.6819999814033508,0.6751000285148621,0.6751000285148621,10899.0
2024-03-01 15:21:00,AGEN,0.6700999736785889,0.6700999736785889,0.6700999736785889,0.6700000166893005,0.6700500249862671,48320.0
2024-03-01 15:21:00,AGIO,32.34000015258789,32.34000015258789,32.36000061035156,32.34000015258789,32.34000015258789,351.0
2024-03-01 15:21:00,AHCO,10.475000381469727,10.475000381469727,10.477499961853027,10.475000381469727,10.475000381469727,1590.0
2024-03-01 15:21:00,AIRS,6.400000095367432,6.400000095367432,6.400000095367432,6.400000095367432,6.400000095367432,103.0
2024-03-01 15:21:00,AKAN,0.21490000188350677,0.21490000188350677,0.21490000188350677,0.21490000188350677,0.21490000188350677,2771.0
2024-03-01 15:21:00,AKBA,1.690000057220459,1.690000057220459,1.690000057220459,1.684999942779541,1.684999942779541,1340.0
2024-03-01 15:21:00,AKRO,28.43000030517578,28.43000030517578,28.464099884033203,28.420000076293945,28.464099884033203,1387.0
2024-03-01 15:21:00,ALDX,4.224999904632568,4.224999904632568,4.224999904632568,4.215000152587891,4.218800067901611,2910.0
2024-03-01 15:21:00,ALEC,7.40500020980835,7.40500020980835,7.414999961853027,7.40500020980835,7.414999961853027,2524.0
2024-03-01 15:21:00,ALGN,302.0350036621094,302.0350036621094,302.07501220703125,302.0350036621094,302.07501220703125,605.0
2024-03-01 15:21:00,ALGS,1.059999942779541,1.059999942779541,1.0699000358581543,1.059999942779541,1.0699000358581543,1373.0
2024-03-01 15:21:00,ALHC,5.550000190734863,5.550000190734863,5.550000190734863,5.550000190734863,5.550000190734863,3201.0
2024-03-01 15:21:00,ALKS,30.19499969482422,30.19499969482422,30.200000762939453,30.18000030517578,30.200000762939453,3086.0
2024-03-01 15:21:00,ALLK,1.6549999713897705,1.6549999713897705,1.6549999713897705,1.649999976158142,1.649999976158142,3510.0
2024-03-01 15:21:00,ALLO,4.965000152587891,4.965000152587891,4.965000152587891,4.965000152587891,4.965000152587891,1392.0
2024-03-01 15:21:00,ALNY,153.375,153.375,153.47000122070312,153.375,153.47000122070312,1385.0
2024-03-01 15:21:00,ALPN,35.959999084472656,35.959999084472656,35.970001220703125,35.959999084472656,35.970001220703125,1161.0
2024-03-01 15:21:00,ALT,12.130000114440918,12.130000114440918,12.130000114440918,12.095000267028809,12.095000267028809,19465.0
2024-03-01 15:21:00,ALVR,0.7433000206947327,0.7433000206947327,0.7433000206947327,0.7426000237464905,0.7426000237464905,685.0
2024-03-01 15:21:00,ALXO,15.015000343322754,15.015000343322754,15.015000343322754,15.0,15.0,646.0
2024-03-01 15:21:00,AMED,93.31999969482422,93.31999969482422,93.31999969482422,93.31999969482422,93.31999969482422,357.0
2024-03-01 15:21:00,AMGN,280.31500244140625,280.31500244140625,280.31500244140625,280.2149963378906,280.2149963378906,4921.0
2024-03-01 15:21:00,AMPH,45.970001220703125,45.970001220703125,45.97999954223633,45.89500045776367,45.89500045776367,2940.0
2024-03-01 15:21:00,AMRN,1.0549999475479126,1.0549999475479126,1.0582000017166138,1.0499999523162842,1.0500999689102173,5850.0
2024-03-01 15:21:00,ANAB,25.309999465942383,25.309999465942383,25.329999923706055,25.309999465942383,25.329999923706055,200.0
2024-03-01 15:21:00,ANIK,25.079999923706055,25.079999923706055,25.079999923706055,25.059999465942383,25.06999969482422,1282.0
2024-03-01 15:21:00,ANIP,66.70999908447266,66.70999908447266,66.70999908447266,66.70999908447266,66.70999908447266,206.0
2024-03-01 15:21:00,ANNX,6.059999942779541,6.059999942779541,6.070000171661377,6.059999942779541,6.070000171661377,215.0
2024-03-01 15:21:00,ANTX,3.0285000801086426,3.0285000801086426,3.0295000076293945,2.990000009536743,3.006700038909912,8053.0
2024-03-01 15:21:00,APLS,64.37999725341797,64.37999725341797,64.41000366210938,64.31999969482422,64.31999969482422,5545.0
2024-03-01 15:21:00,APLT,7.050000190734863,7.050000190734863,7.050000190734863,7.03000020980835,7.03000020980835,6433.0
2024-03-01 15:21:00,APVO,0.164900004863739,0.164900004863739,0.164900004863739,0.164900004863739,0.164900004863739,2000.0
2024-03-01 15:21:00,AQST,4.139999866485596,4.139999866485596,4.139999866485596,4.130000114440918,4.130000114440918,3438.0
2024-03-01 15:21:00,ARDX,9.458999633789062,9.458999633789062,9.460000038146973,9.454999923706055,9.454999923706055,3687.0
2024-03-01 15:21:00,ARQT,11.489999771118164,11.489999771118164,11.520000457763672,11.479999542236328,11.515000343322754,29567.0
2024-03-01 15:21:00,ARVN,47.7400016784668,47.7400016784668,47.849998474121094,47.7400016784668,47.849998474121094,1927.0
2024-03-01 15:21:00,ARWR,35.685001373291016,35.685001373291016,35.73500061035156,35.685001373291016,35.72999954223633,4123.0
2024-03-01 15:21:00,ASND,154.50999450683594,154.50999450683594,154.50999450683594,154.31500244140625,154.31500244140625,602.0
2024-03-01 15:21:00,ASRT,0.8906000256538391,0.8906000256538391,0.8906000256538391,0.8888499736785889,0.8888499736785889,2172.0
2024-03-01 15:21:00,ATAI,2.125,2.125,2.125,2.119999885559082,2.125,1028.0
2024-03-01 15:21:00,ATEC,13.505000114440918,13.505000114440918,13.505000114440918,13.5,13.5,1623.0
2024-03-01 15:21:00,ATHA,3.9549999237060547,3.9549999237060547,3.9549999237060547,3.9549999237060547,3.9549999237060547,120.0
2024-03-01 15:21:00,ATNF,3.3399999141693115,3.3399999141693115,3.3399999141693115,3.3299999237060547,3.3299999237060547,946.0
2024-03-01 15:21:00,ATRC,36.119998931884766,36.119998931884766,36.119998931884766,36.11000061035156,36.11000061035156,1616.0
2024-03-01 15:21:00,ATXS,14.9399995803833,14.9399995803833,14.9399995803833,14.9399995803833,14.9399995803833,100.0
2024-03-01 15:21:00,AUGX,4.550000190734863,4.550000190734863,4.550000190734863,4.539999961853027,4.539999961853027,200.0
2024-03-01 15:21:00,AUPH,5.775000095367432,5.775000095367432,5.78000020980835,5.764999866485596,5.769999980926514,8324.0
2024-03-01 15:21:00,AURA,9.289999961853027,9.289999961853027,9.289999961853027,9.289999961853027,9.289999961853027,428.0
2024-03-01 15:21:00,AUTL,6.260000228881836,6.260000228881836,6.260000228881836,6.260000228881836,6.260000228881836,300.0
2024-03-01 15:21:00,AVDL,13.399999618530273,13.399999618530273,13.40999984741211,13.390000343322754,13.40999984741211,2949.0
2024-03-01 15:21:00,AVIR,4.440000057220459,4.440000057220459,4.440000057220459,4.434999942779541,4.440000057220459,2172.0
2024-03-01 15:21:00,AVRO,1.3200000524520874,1.3200000524520874,1.3200000524520874,1.3200000524520874,1.3200000524520874,100.0
2024-03-01 15:21:00,AXGN,10.630000114440918,10.630000114440918,10.630000114440918,10.619999885559082,10.619999885559082,739.0
2024-03-01 15:21:00,AXNX,67.70999908447266,67.70999908447266,67.70999908447266,67.70999908447266,67.70999908447266,102.0
2024-03-01 15:21:00,AXSM,82.72000122070312,82.72000122070312,82.74400329589844,82.70999908447266,82.7300033569336,1006.0
2024-03-01 15:21:00,AZN,64.66290283203125,64.66290283203125,64.66999816894531,64.66000366210938,64.66500091552734,2271.0
2024-03-01 15:21:00,BBIO,35.77000045776367,35.77000045776367,35.77000045776367,35.75,35.75,641.0
2024-03-01 15:21:00,BCAB,2.8350000381469727,2.8350000381469727,2.8350000381469727,2.8350000381469727,2.8350000381469727,200.0
2024-03-01 15:21:00,BCRX,5.65500020980835,5.65500020980835,5.65500020980835,5.65500020980835,5.65500020980835,679.0
2024-03-01 15:21:00,BDTX,4.755000114440918,4.755000114440918,4.755000114440918,4.755000114440918,4.755000114440918,184.0
2024-03-01 15:21:00,BEAM,39.86000061035156,39.86000061035156,39.869998931884766,39.81999969482422,39.869998931884766,3132.0
2024-03-01 15:21:00,BIIB,221.1699981689453,221.1699981689453,221.1699981689453,220.99000549316406,221.0850067138672,1420.0
2024-03-01 15:21:00,BIOL,0.14480000734329224,0.14480000734329224,0.14480000734329224,0.14470000565052032,0.14480000734329224,17203.0
2024-03-01 15:21:00,BIVI,1.9500000476837158,1.9500000476837158,1.9800000190734863,1.9500000476837158,1.9680999517440796,21859.0
2024-03-01 15:21:00,BLFS,17.780000686645508,17.780000686645508,17.860000610351562,17.780000686645508,17.860000610351562,3256.0
2024-03-01 15:21:00,BLUE,1.5799000263214111,1.5799000263214111,1.5799000263214111,1.5700000524520874,1.5700000524520874,10345.0
2024-03-01 15:21:00,BMEA,18.030000686645508,18.030000686645508,18.049999237060547,18.030000686645508,18.049999237060547,1018.0
2024-03-01 15:21:00,BMRA,1.2000000476837158,1.2000000476837158,1.2000000476837158,1.2000000476837158,1.2000000476837158,106.0
2024-03-01 15:21:00,BMRN,87.81999969482422,87.81999969482422,87.83000183105469,87.81999969482422,87.81999969482422,1578.0
2024-03-01 15:21:00,BNR,0.8100500106811523,0.8100500106811523,0.8100500106811523,0.8100000023841858,0.8100000023841858,200.0
2024-03-01 15:21:00,BNTX,90.94999694824219,90.94999694824219,91.0,90.94999694824219,90.94999694824219,531.0
2024-03-01 15:21:00,BPMC,96.19000244140625,96.19000244140625,96.22000122070312,96.08999633789062,96.1050033569336,1561.0
2024-03-01 15:21:00,BRKR,88.45999908447266,88.45999908447266,88.47000122070312,88.43000030517578,88.44999694824219,2291.0
2024-03-01 15:21:00,BTTX,0.18289999663829803,0.18289999663829803,0.18289999663829803,0.18150000274181366,0.1818999946117401,5071.0
2024-03-01 15:21:00,BVS,4.789999961853027,4.789999961853027,4.789999961853027,4.789999961853027,4.789999961853027,122.0
2024-03-01 15:21:00,CABA,24.0,24.0,24.0049991607666,24.0,24.0049991607666,1078.0
2024-03-01 15:21:00,CADL,1.7300000190734863,1.7300000190734863,1.7300000190734863,1.7300000190734863,1.7300000190734863,225.0
2024-03-01 15:21:00,CAPR,4.520199775695801,4.520199775695801,4.550000190734863,4.520199775695801,4.550000190734863,980.0
2024-03-01 15:21:00,CARA,0.9111999869346619,0.9111999869346619,0.9111999869346619,0.9111999869346619,0.9111999869346619,217.0
2024-03-01 15:21:00,CBAY,32.22999954223633,32.22999954223633,32.22999954223633,32.220001220703125,32.220001220703125,3588.0
2024-03-01 15:21:00,CCCC,11.005000114440918,11.005000114440918,11.015000343322754,11.005000114440918,11.010000228881836,3521.0
2024-03-01 15:21:00,CCRN,18.290000915527344,18.290000915527344,18.290000915527344,18.280000686645508,18.280000686645508,1534.0
2024-03-01 15:21:00,CDMO,8.239999771118164,8.239999771118164,8.25,8.229999542236328,8.25,3183.0
2024-03-01 15:21:00,CDNA,12.494999885559082,12.494999885559082,12.494999885559082,12.494999885559082,12.494999885559082,652.0
2024-03-01 15:21:00,CDXS,4.650000095367432,4.650000095367432,4.650000095367432,4.650000095367432,4.650000095367432,1726.0
2024-03-01 15:21:00,CELC,17.139999389648438,17.139999389648438,17.139999389648438,17.139999389648438,17.139999389648438,1158.0
2024-03-01 15:21:00,CELU,3.5999999046325684,3.5999999046325684,3.5999999046325684,3.5999999046325684,3.5999999046325684,160.0
2024-03-01 15:21:00,CERE,41.1150016784668,41.1150016784668,41.119998931884766,41.11000061035156,41.1150016784668,1839.0
2024-03-01 15:21:00,CERS,2.184999942779541,2.184999942779541,2.184999942779541,2.184999942779541,2.184999942779541,291.0
2024-03-01 15:21:00,CGC,3.184999942779541,3.184999942779541,3.184999942779541,3.180000066757202,3.184999942779541,3615.0
2024-03-01 15:21:00,CGEN,2.687999963760376,2.687999963760376,2.6898999214172363,2.687999963760376,2.6898999214172363,1040.0
2024-03-01 15:21:00,CHRS,2.4049999713897705,2.4049999713897705,2.4100000858306885,2.4049999713897705,2.4049999713897705,2016.0
2024-03-01 15:21:00,CKPT,2.2049999237060547,2.2049999237060547,2.2049999237060547,2.2049999237060547,2.2049999237060547,102.0
2024-03-01 15:21:00,CLDX,51.689998626708984,51.689998626708984,51.81999969482422,51.689998626708984,51.81999969482422,4054.0
2024-03-01 15:21:00,CLNN,0.3858509957790375,0.3858509957790375,0.3858509957790375,0.3858509957790375,0.3858509957790375,189.0
2024-03-01 15:21:00,CLOV,0.8655999898910522,0.8655999898910522,0.8665000200271606,0.8655999898910522,0.8665000200271606,436.0
2024-03-01 15:21:00,CLPT,6.585000038146973,6.585000038146973,6.605800151824951,6.585000038146973,6.605800151824951,1305.0
2024-03-01 15:21:00,CMPS,11.484999656677246,11.484999656677246,11.510000228881836,11.479999542236328,11.489999771118164,2688.0
2024-03-01 15:21:00,CMPX,1.8752000331878662,1.8752000331878662,1.8799999952316284,1.8752000331878662,1.8799999952316284,520.0
2024-03-01 15:21:00,CMRX,1.1979999542236328,1.1979999542236328,1.2000000476837158,1.1950000524520874,1.1950000524520874,1466.0
2024-03-01 15:21:00,CNSP,0.33000001311302185,0.33000001311302185,0.3330000042915344,0.33000001311302185,0.3330000042915344,3095.0
2024-03-01 15:21:00,COGT,7.190000057220459,7.190000057220459,7.190000057220459,7.179999828338623,7.179999828338623,757.0
2024-03-01 15:21:00,COLL,36.779998779296875,36.779998779296875,36.779998779296875,36.779998779296875,36.779998779296875,309.0
2024-03-01 15:21:00,CORT,24.25,24.25,24.25,24.200000762939453,24.229999542236328,27585.0
2024-03-01 15:21:00,CPRX,17.170000076293945,17.170000076293945,17.190000534057617,17.170000076293945,17.174999237060547,4828.0
2024-03-01 15:21:00,CPSI,9.399999618530273,9.399999618530273,9.399999618530273,9.369999885559082,9.369999885559082,1945.0
2024-03-01 15:21:00,CRBU,7.859499931335449,7.859499931335449,7.859499931335449,7.840000152587891,7.849999904632568,5157.0
2024-03-01 15:21:00,CRDF,2.7249999046325684,2.7249999046325684,2.740000009536743,2.690000057220459,2.690000057220459,46585.0
2024-03-01 15:21:00,CRNX,45.96500015258789,45.96500015258789,45.970001220703125,45.915000915527344,45.915000915527344,3017.0
2024-03-01 15:21:00,CRON,2.0250000953674316,2.0250000953674316,2.02839994430542,2.0199999809265137,2.0199999809265137,46464.0
2024-03-01 15:21:00,CRSP,84.75,84.75,84.75,84.69000244140625,84.7300033569336,1335.0
2024-03-01 15:21:00,CSTL,19.959999084472656,19.959999084472656,19.959999084472656,19.959999084472656,19.959999084472656,722.0
2024-03-01 15:21:00,CTKB,9.050000190734863,9.050000190734863,9.050000190734863,9.045000076293945,9.050000190734863,1147.0
2024-03-01 15:21:00,CTMX,2.515000104904175,2.515000104904175,2.5199999809265137,2.509999990463257,2.515000104904175,1600.0
2024-03-01 15:21:00,CTXR,0.7731000185012817,0.7731000185012817,0.7731000185012817,0.7728999853134155,0.7728999853134155,992.0
2024-03-01 15:21:00,CVRX,20.664400100708008,20.664400100708008,20.664400100708008,20.664400100708008,20.664400100708008,291.0
2024-03-01 15:21:00,CYTK,73.9800033569336,73.9800033569336,73.98500061035156,73.83999633789062,73.9000015258789,5624.0
2024-03-01 15:21:00,CYTO,2.4100000858306885,2.4100000858306885,2.4100000858306885,2.4100000858306885,2.4100000858306885,181.0
2024-03-01 15:21:00,DAWN,17.59000015258789,17.59000015258789,17.645000457763672,17.56999969482422,17.609899520874023,56726.0
2024-03-01 15:21:00,DCGO,4.074999809265137,4.074999809265137,4.074999809265137,4.045000076293945,4.050000190734863,17047.0
2024-03-01 15:21:00,DCPH,17.510000228881836,17.510000228881836,17.510000228881836,17.510000228881836,17.510000228881836,343.0
2024-03-01 15:21:00,DERM,4.03000020980835,4.03000020980835,4.03000020980835,4.03000020980835,4.03000020980835,100.0
2024-03-01 15:21:00,DH,8.800000190734863,8.800000190734863,8.800000190734863,8.800000190734863,8.800000190734863,166.0
2024-03-01 15:21:00,DMTK,0.8398000001907349,0.8398000001907349,0.839900016784668,0.8398000001907349,0.839900016784668,418.0
2024-03-01 15:21:00,DNLI,21.110000610351562,21.110000610351562,21.110000610351562,21.110000610351562,21.110000610351562,205.0
2024-03-01 15:21:00,DSGN,2.875,2.875,2.875,2.875,2.875,438.0
2024-03-01 15:21:00,DTIL,12.744999885559082,12.744999885559082,12.744999885559082,12.700599670410156,12.704999923706055,600.0
2024-03-01 15:21:00,DVAX,12.808699607849121,12.808699607849121,12.8100004196167,12.808699607849121,12.8100004196167,260.0
2024-03-01 15:21:00,DXCM,121.28500366210938,121.28500366210938,121.28500366210938,121.22000122070312,121.25,4306.0
2024-03-01 15:21:00,DYN,29.15999984741211,29.15999984741211,29.190000534057617,29.149999618530273,29.149999618530273,759.0
2024-03-01 15:21:00,EDIT,10.795000076293945,10.795000076293945,10.800000190734863,10.795000076293945,10.800000190734863,616.0
2024-03-01 15:21:00,EFTR,16.200000762939453,16.200000762939453,16.200000762939453,16.149099349975586,16.149099349975586,830.0
2024-03-01 15:21:00,ELEV,5.205900192260742,5.205900192260742,5.230000019073486,5.199999809265137,5.199999809265137,6913.0
2024-03-01 15:21:00,ENSG,121.12000274658203,121.12000274658203,121.12000274658203,121.12000274658203,121.12000274658203,261.0
2024-03-01 15:21:00,ENTA,15.680000305175781,15.680000305175781,15.680000305175781,15.680000305175781,15.680000305175781,682.0
2024-03-01 15:21:00,ENVB,1.51010000705719,1.51010000705719,1.5299999713897705,1.50600004196167,1.5199999809265137,1391.0
2024-03-01 15:21:00,EOLS,14.819999694824219,14.819999694824219,14.819999694824219,14.8100004196167,14.819999694824219,2859.0
2024-03-01 15:21:00,EQ,2.5,2.5,2.5,2.4700000286102295,2.4700000286102295,1785.0
2024-03-01 15:21:00,ERAS,2.565000057220459,2.565000057220459,2.565000057220459,2.565000057220459,2.565000057220459,977.0
2024-03-01 15:21:00,ESPR,2.5450000762939453,2.5450000762939453,2.549999952316284,2.5450000762939453,2.5450000762939453,1527.0
2024-03-01 15:21:00,ESTA,44.505001068115234,44.505001068115234,44.5099983215332,44.505001068115234,44.5099983215332,204.0
2024-03-01 15:21:00,ETNB,12.71500015258789,12.71500015258789,12.729999542236328,12.71500015258789,12.729999542236328,6628.0
2024-03-01 15:21:00,EVO,7.5,7.5,7.5,7.5,7.5,925.0
2024-03-01 15:21:00,EWTX,16.864999771118164,16.864999771118164,16.864999771118164,16.850000381469727,16.850000381469727,456.0
2024-03-01 15:21:00,EXAI,6.569699764251709,6.569699764251709,6.570000171661377,6.559999942779541,6.570000171661377,679.0
2024-03-01 15:21:00,EXAS,59.56999969482422,59.56999969482422,59.599998474121094,59.54999923706055,59.54999923706055,3194.0
2024-03-01 15:21:00,EXEL,22.264999389648438,22.264999389648438,22.264999389648438,22.264999389648438,22.264999389648438,1279.0
2024-03-01 15:21:00,EYEN,2.350100040435791,2.350100040435791,2.350100040435791,2.3489999771118164,2.3489999771118164,2337.0
2024-03-01 15:21:00,EYPT,27.989999771118164,27.989999771118164,28.010000228881836,27.959999084472656,28.010000228881836,1337.0
2024-03-01 15:21:00,FATE,7.699999809265137,7.699999809265137,7.699999809265137,7.695000171661377,7.698599815368652,754.0
2024-03-01 15:21:00,FBIO,2.365000009536743,2.365000009536743,2.369999885559082,2.359999895095825,2.369999885559082,1174.0
2024-03-01 15:21:00,FDMT,29.469999313354492,29.469999313354492,29.469999313354492,29.450000762939453,29.450000762939453,378.0
2024-03-01 15:21:00,FEMY,1.7699999809265137,1.7699999809265137,1.7699999809265137,1.7699999809265137,1.7699999809265137,625.0
2024-03-01 15:21:00,FGEN,1.8250000476837158,1.8250000476837158,1.839900016784668,1.8250000476837158,1.839900016784668,14422.0
2024-03-01 15:21:00,FLGT,23.108200073242188,23.108200073242188,23.108200073242188,23.108200073242188,23.108200073242188,1152.0
2024-03-01 15:21:00,FOLD,13.305000305175781,13.305000305175781,13.305000305175781,13.29010009765625,13.295000076293945,6486.0
2024-03-01 15:21:00,FULC,11.0,11.0,11.010000228881836,10.989999771118164,11.0,30132.0
2024-03-01 15:21:00,FUSN,12.180000305175781,12.180000305175781,12.194999694824219,12.170000076293945,12.1899995803833,1820.0
2024-03-01 15:21:00,FWBI,8.939900398254395,8.939900398254395,8.939900398254395,8.939900398254395,8.939900398254395,559.0
2024-03-01 15:21:00,GANX,4.650000095367432,4.650000095367432,4.659999847412109,4.650000095367432,4.659999847412109,488.0
2024-03-01 15:21:00,GCTK,0.3050000071525574,0.3050000071525574,0.30907899141311646,0.3050000071525574,0.3050000071525574,551.0
2024-03-01 15:21:00,GDRX,8.395000457763672,8.395000457763672,8.399999618530273,8.395000457763672,8.399999618530273,337.0
2024-03-01 15:21:00,GENE,2.3499999046325684,2.3499999046325684,2.3499999046325684,2.3499999046325684,2.3499999046325684,100.0
2024-03-01 15:21:00,GERN,2.255000114440918,2.255000114440918,2.255000114440918,2.240000009536743,2.244999885559082,64704.0
2024-03-01 15:21:00,GH,19.024999618530273,19.024999618530273,19.03499984741211,19.024999618530273,19.03499984741211,1819.0
2024-03-01 15:21:00,GILD,72.5250015258789,72.5250015258789,72.52999877929688,72.48999786376953,72.50499725341797,13023.0
2024-03-01 15:21:00,GMDA,0.3878999948501587,0.3878999948501587,0.3878999948501587,0.3878999948501587,0.3878999948501587,300.0
2024-03-01 15:21:00,GOSS,1.409999966621399,1.409999966621399,1.4249999523162842,1.4049999713897705,1.4249999523162842,22770.0
2024-03-01 15:21:00,GOVX,2.5,2.5,2.5309998989105225,2.5,2.5299999713897705,6125.0
2024-03-01 15:21:00,GRFS,7.014999866485596,7.014999866485596,7.019999980926514,7.014999866485596,7.014999866485596,3987.0
2024-03-01 15:21:00,GRTS,2.015000104904175,2.015000104904175,2.0199999809265137,2.005000114440918,2.009999990463257,19999.0
2024-03-01 15:21:00,HALO,40.97999954223633,40.97999954223633,40.97999954223633,40.90999984741211,40.90999984741211,2177.0
2024-03-01 15:21:00,HBIO,4.349999904632568,4.349999904632568,4.349999904632568,4.349999904632568,4.349999904632568,215.0
2024-03-01 15:21:00,HCAT,8.119999885559082,8.119999885559082,8.119999885559082,8.109999656677246,8.109999656677246,981.0
2024-03-01 15:21:00,HCSG,12.765000343322754,12.765000343322754,12.765000343322754,12.760000228881836,12.760000228881836,857.0
2024-03-01 15:21:00,HCTI,2.0488998889923096,2.0488998889923096,2.0488998889923096,2.0488998889923096,2.0488998889923096,100.0
2024-03-01 15:21:00,HLVX,19.299999237060547,19.299999237060547,19.299999237060547,19.288000106811523,19.288000106811523,935.0
2024-03-01 15:21:00,HOLX,74.23999786376953,74.23999786376953,74.23999786376953,74.19499969482422,74.19499969482422,3617.0
2024-03-01 15:21:00,HOOK,0.7670000195503235,0.7670000195503235,0.7670000195503235,0.7612000107765198,0.7612000107765198,1042.0
2024-03-01 15:21:00,HOTH,1.340000033378601,1.340000033378601,1.340000033378601,1.340000033378601,1.340000033378601,293.0
2024-03-01 15:21:00,HRMY,31.719999313354492,31.719999313354492,31.719999313354492,31.719999313354492,31.719999313354492,878.0
2024-03-01 15:21:00,HROW,10.90999984741211,10.90999984741211,10.90999984741211,10.90999984741211,10.90999984741211,292.0
2024-03-01 15:21:00,HRTX,2.5850000381469727,2.5850000381469727,2.5850000381469727,2.575000047683716,2.575000047683716,18748.0
2024-03-01 15:21:00,HSDT,4.650000095367432,4.650000095367432,4.650000095367432,4.650000095367432,4.650000095367432,155.0
2024-03-01 15:21:00,HSIC,76.91500091552734,76.91500091552734,76.94999694824219,76.89749908447266,76.93000030517578,4914.0
2024-03-01 15:21:00,HSTM,27.309999465942383,27.309999465942383,27.309999465942383,27.309999465942383,27.309999465942383,193.0
2024-03-01 15:21:00,HUGE,0.8999999761581421,0.8999999761581421,0.9009000062942505,0.8999999761581421,0.9009000062942505,795.0
2024-03-01 15:21:00,HUMA,3.265000104904175,3.265000104904175,3.265000104904175,3.265000104904175,3.265000104904175,2295.0
2024-03-01 15:21:00,IART,36.18000030517578,36.18000030517578,36.18000030517578,36.18000030517578,36.18000030517578,527.0
2024-03-01 15:21:00,IBRX,4.804999828338623,4.804999828338623,4.804999828338623,4.800000190734863,4.800000190734863,1580.0
2024-03-01 15:21:00,ICUI,105.95500183105469,105.95500183105469,105.98999786376953,105.91999816894531,105.98999786376953,876.0
2024-03-01 15:21:00,IDXX,578.7249755859375,578.7249755859375,578.7249755859375,578.7249755859375,578.7249755859375,312.0
2024-03-01 15:21:00,IDYA,46.20000076293945,46.20000076293945,46.2400016784668,46.20000076293945,46.22999954223633,1716.0
2024-03-01 15:21:00,ILMN,141.27999877929688,141.27999877929688,141.27999877929688,141.27999877929688,141.27999877929688,716.0
2024-03-01 15:21:00,IMAB,1.7999999523162842,1.7999999523162842,1.7999999523162842,1.7899999618530273,1.7899999618530273,1212.0
2024-03-01 15:21:00,IMCR,68.0,68.0,68.04720306396484,67.94999694824219,68.0,6290.0
2024-03-01 15:21:00,IMUX,1.4601999521255493,1.4601999521255493,1.4603999853134155,1.4600000381469727,1.4601000547409058,8415.0
2024-03-01 15:21:00,IMVT,35.650001525878906,35.650001525878906,35.650001525878906,35.64500045776367,35.64500045776367,570.0
2024-03-01 15:21:00,INBX,36.55500030517578,36.55500030517578,36.55500030517578,36.55500030517578,36.55500030517578,311.0
2024-03-01 15:21:00,INCY,59.119998931884766,59.119998931884766,59.13999938964844,59.119998931884766,59.130001068115234,2846.0
2024-03-01 15:21:00,INGN,6.849999904632568,6.849999904632568,6.849999904632568,6.849999904632568,6.849999904632568,121.0
2024-03-01 15:21:00,INMD,22.93000030517578,22.93000030517578,22.93000030517578,22.924999237060547,22.924999237060547,765.0
2024-03-01 15:21:00,INSM,28.059999465942383,28.059999465942383,28.059999465942383,28.059999465942383,28.059999465942383,481.0
2024-03-01 15:21:00,INVA,15.4399995803833,15.4399995803833,15.460000038146973,15.414999961853027,15.414999961853027,25580.0
2024-03-01 15:21:00,INZY,6.579999923706055,6.579999923706055,6.579999923706055,6.574999809265137,6.574999809265137,2001.0
2024-03-01 15:21:00,IONS,45.915000915527344,45.915000915527344,45.91999816894531,45.85499954223633,45.85499954223633,1993.0
2024-03-01 15:21:00,IOVA,16.905000686645508,16.905000686645508,16.915000915527344,16.899999618530273,16.905000686645508,12346.0
2024-03-01 15:21:00,IPSC,3.955699920654297,3.955699920654297,3.955699920654297,3.955699920654297,3.955699920654297,128.0
2024-03-01 15:21:00,IRTC,121.33149719238281,121.33149719238281,121.33149719238281,121.33149719238281,121.33149719238281,304.0
2024-03-01 15:21:00,IRWD,8.949999809265137,8.949999809265137,8.960000038146973,8.930000305175781,8.9350004196167,126252.0
2024-03-01 15:21:00,ISRG,397.510009765625,397.510009765625,397.7300109863281,397.3500061035156,397.4049987792969,27253.0
2024-03-01 15:21:00,ITCI,72.29499816894531,72.29499816894531,72.30000305175781,72.29000091552734,72.29000091552734,919.0
2024-03-01 15:21:00,IVVD,3.9700000286102295,3.9700000286102295,3.9700000286102295,3.9700000286102295,3.9700000286102295,314.0
2024-03-01 15:21:00,JAGX,0.08429999649524689,0.08429999649524689,0.08500000089406967,0.08410000056028366,0.08420000225305557,102724.0
2024-03-01 15:21:00,JANX,46.11000061035156,46.11000061035156,46.11000061035156,46.040000915527344,46.040000915527344,4040.0
2024-03-01 15:21:00,KNSA,21.90999984741211,21.90999984741211,21.90999984741211,21.90999984741211,21.90999984741211,218.0
2024-03-01 15:21:00,KNTE,2.6050000190734863,2.6050000190734863,2.609999895095825,2.5999999046325684,2.5999999046325684,9735.0
2024-03-01 15:21:00,KPTI,1.2000000476837158,1.2000000476837158,1.2000000476837158,1.1900999546051025,1.1900999546051025,2984.0
2024-03-01 15:21:00,KRON,1.0549999475479126,1.0549999475479126,1.0549999475479126,1.0549999475479126,1.0549999475479126,110.0
2024-03-01 15:21:00,KRTX,315.80499267578125,315.80499267578125,315.8597106933594,315.79998779296875,315.79998779296875,641.0
2024-03-01 15:21:00,KRYS,168.77999877929688,168.77999877929688,168.89999389648438,168.77999877929688,168.80999755859375,1253.0
2024-03-01 15:21:00,KURA,21.829999923706055,21.829999923706055,21.829999923706055,21.81999969482422,21.81999969482422,339.0
2024-03-01 15:21:00,KYMR,43.790000915527344,43.790000915527344,43.790000915527344,43.73500061035156,43.7400016784668,621.0
2024-03-01 15:21:00,KZR,1.0449999570846558,1.0449999570846558,1.0449999570846558,1.0449999570846558,1.0449999570846558,100.0
2024-03-01 15:21:00,LAB,2.4649999141693115,2.4649999141693115,2.4700000286102295,2.4649999141693115,2.4700000286102295,8416.0
2024-03-01 15:21:00,LEGN,65.57499694824219,65.57499694824219,65.5999984741211,65.52999877929688,65.52999877929688,2241.0
2024-03-01 15:21:00,LEXX,2.799999952316284,2.799999952316284,2.799999952316284,2.799999952316284,2.799999952316284,751.0
2024-03-01 15:21:00,LFMD,7.949999809265137,7.949999809265137,7.965000152587891,7.949999809265137,7.949999809265137,406.0
2024-03-01 15:21:00,LFST,7.775000095367432,7.775000095367432,7.775000095367432,7.764999866485596,7.764999866485596,5129.0
2024-03-01 15:21:00,LGND,77.4749984741211,77.4749984741211,77.4749984741211,77.4749984741211,77.4749984741211,740.0
2024-03-01 15:21:00,LGVN,0.5419999957084656,0.5419999957084656,0.5419999957084656,0.5419999957084656,0.5419999957084656,126.0
2024-03-01 15:21:00,LIAN,4.875,4.875,4.875,4.875,4.875,603.0
2024-03-01 15:21:00,LIVN,55.4900016784668,55.4900016784668,55.52000045776367,55.47999954223633,55.47999954223633,1645.0
2024-03-01 15:21:00,LNSR,4.880000114440918,4.880000114440918,4.880000114440918,4.869999885559082,4.869999885559082,553.0
2024-03-01 15:21:00,LNTH,64.44000244140625,64.44000244140625,64.44999694824219,64.44000244140625,64.44000244140625,811.0
2024-03-01 15:21:00,LPTX,2.8828999996185303,2.8828999996185303,2.8828999996185303,2.8499999046325684,2.8499999046325684,574.0
2024-03-01 15:21:00,LQDA,14.595000267028809,14.595000267028809,14.595000267028809,14.595000267028809,14.595000267028809,314.0
2024-03-01 15:21:00,LRMR,11.300000190734863,11.300000190734863,11.300000190734863,11.300000190734863,11.300000190734863,141.0
2024-03-01 15:21:00,LUNG,9.4350004196167,9.4350004196167,9.4350004196167,9.4350004196167,9.4350004196167,323.0
2024-03-01 15:21:00,LVTX,2.6700000762939453,2.6700000762939453,2.6700000762939453,2.6700000762939453,2.6700000762939453,848.0
2024-03-01 15:21:00,LXRX,2.5,2.5,2.5,2.490000009536743,2.5,21780.0
2024-03-01 15:21:00,LYEL,3.119999885559082,3.119999885559082,3.119999885559082,3.115000009536743,3.115000009536743,553.0
2024-03-01 15:21:00,LYRA,5.65500020980835,5.65500020980835,5.659999847412109,5.644999980926514,5.650000095367432,2759.0
2024-03-01 15:21:00,MASI,127.72000122070312,127.72000122070312,127.72000122070312,127.6500015258789,127.6500015258789,589.0
2024-03-01 15:21:00,MASS,7.320000171661377,7.320000171661377,7.320000171661377,7.320000171661377,7.320000171661377,517.0
2024-03-01 15:21:00,MCRB,1.2200000286102295,1.2200000286102295,1.225000023841858,1.2200000286102295,1.225000023841858,2241.0
2024-03-01 15:21:00,MDGL,250.33999633789062,250.33999633789062,250.6199951171875,250.33999633789062,250.34500122070312,1144.0
2024-03-01 15:21:00,MDRX,6.050000190734863,6.050000190734863,6.099999904632568,6.010000228881836,6.050000190734863,76915.0
2024-03-01 15:21:00,MDXG,8.574999809265137,8.574999809265137,8.579999923706055,8.574999809265137,8.574999809265137,695.0
2024-03-01 15:21:00,ME,0.5519999861717224,0.5519999861717224,0.5519999861717224,0.5515999794006348,0.5515999794006348,14065.0
2024-03-01 15:21:00,MGNX,18.78499984741211,18.78499984741211,18.790000915527344,18.770000457763672,18.790000915527344,7701.0
2024-03-01 15:21:00,MGTX,6.465000152587891,6.465000152587891,6.465000152587891,6.465000152587891,6.465000152587891,230.0
2024-03-01 15:21:00,MIRM,29.270000457763672,29.270000457763672,29.270000457763672,29.229999542236328,29.235000610351562,3375.0
2024-03-01 15:21:00,MLTX,50.334999084472656,50.334999084472656,50.334999084472656,50.334999084472656,50.334999084472656,705.0
2024-03-01 15:21:00,MNKD,4.534999847412109,4.534999847412109,4.539999961853027,4.531499862670898,4.534999847412109,13182.0
2024-03-01 15:21:00,MNMD,6.121399879455566,6.121399879455566,6.130000114440918,6.119999885559082,6.130000114440918,1580.0
2024-03-01 15:21:00,MNPR,0.9200000166893005,0.9200000166893005,0.9200000166893005,0.9200000166893005,0.9200000166893005,860.0
2024-03-01 15:21:00,MODD,1.8899999856948853,1.8899999856948853,1.8899999856948853,1.8899999856948853,1.8899999856948853,500.0
2024-03-01 15:21:00,MODV,28.079999923706055,28.079999923706055,28.09000015258789,28.079999923706055,28.09000015258789,333.0
2024-03-01 15:21:00,MOR,17.655000686645508,17.655000686645508,17.65999984741211,17.655000686645508,17.65999984741211,665.0
2024-03-01 15:21:00,MORF,39.689998626708984,39.689998626708984,39.689998626708984,39.650001525878906,39.65999984741211,826.0
2024-03-01 15:21:00,MOTS,0.6552000045776367,0.6552000045776367,0.6610000133514404,0.6552000045776367,0.6610000133514404,2000.0
2024-03-01 15:21:00,MRNA,95.58999633789062,95.58999633789062,95.58999633789062,95.5199966430664,95.54000091552734,8624.0
2024-03-01 15:21:00,MRSN,5.934999942779541,5.934999942779541,5.935999870300293,5.934999942779541,5.934999942779541,2073.0
2024-03-01 15:21:00,MRUS,51.415000915527344,51.415000915527344,51.439998626708984,51.415000915527344,51.439998626708984,1037.0
2024-03-01 15:21:00,MRVI,7.675000190734863,7.675000190734863,7.679999828338623,7.675000190734863,7.675000190734863,1524.0
2024-03-01 15:21:00,MXCT,4.730000019073486,4.730000019073486,4.730000019073486,4.730000019073486,4.730000019073486,100.0
2024-03-01 15:21:00,MYGN,22.059999465942383,22.059999465942383,22.059999465942383,22.059999465942383,22.059999465942383,578.0
2024-03-01 15:21:00,NAOV,0.9610000252723694,0.9610000252723694,0.9650999903678894,0.9610000252723694,0.9650999903678894,1962.0
2024-03-01 15:21:00,NARI,45.98500061035156,45.98500061035156,46.0,45.97999954223633,45.994998931884766,1875.0
2024-03-01 15:21:00,NBIX,131.88999938964844,131.88999938964844,131.88999938964844,131.8300018310547,131.8300018310547,3021.0
2024-03-01 15:21:00,NEO,15.979999542236328,15.979999542236328,15.984999656677246,15.979999542236328,15.979999542236328,1893.0
2024-03-01 15:21:00,NEPT,0.41499999165534973,0.41499999165534973,0.41510000824928284,0.41499999165534973,0.41510000824928284,962.0
2024-03-01 15:21:00,NGM,1.5199999809265137,1.5199999809265137,1.5199999809265137,1.5199999809265137,1.5199999809265137,1492.0
2024-03-01 15:21:00,NKTR,0.7649999856948853,0.7649999856948853,0.7670000195503235,0.7649999856948853,0.7670000195503235,1446.0
2024-03-01 15:21:00,NKTX,12.701800346374512,12.701800346374512,12.720000267028809,12.690099716186523,12.690099716186523,1115.0
2024-03-01 15:21:00,NNOX,10.960000038146973,10.960000038146973,10.970000267028809,10.9399995803833,10.9399995803833,8323.0
2024-03-01 15:21:00,NOTV,7.980000019073486,7.980000019073486,7.980000019073486,7.979899883270264,7.979899883270264,501.0
2024-03-01 15:21:00,NPCE,15.920000076293945,15.920000076293945,16.110000610351562,15.920000076293945,16.110000610351562,1085.0
2024-03-01 15:21:00,NRIX,13.539999961853027,13.539999961853027,13.539999961853027,13.529999732971191,13.529999732971191,1502.0
2024-03-01 15:21:00,NRXP,0.4440000057220459,0.4440000057220459,0.4440000057220459,0.4399999976158142,0.4438000023365021,8605.0
2024-03-01 15:21:00,NTLA,33.2599983215332,33.2599983215332,33.28499984741211,33.25,33.28499984741211,4910.0
2024-03-01 15:21:00,NTRA,89.69000244140625,89.69000244140625,89.7300033569336,89.66999816894531,89.7300033569336,7048.0
2024-03-01 15:21:00,NUTX,0.11389999836683273,0.11389999836683273,0.11389999836683273,0.11309999972581863,0.11375000327825546,5530.0
2024-03-01 15:21:00,NUVL,87.40499877929688,87.40499877929688,87.40499877929688,87.40499877929688,87.40499877929688,198.0
2024-03-01 15:21:00,NUWE,0.583899974822998,0.583899974822998,0.583899974822998,0.583899974822998,0.583899974822998,180.0
2024-03-01 15:21:00,NVAX,5.364999771118164,5.364999771118164,5.380000114440918,5.360000133514404,5.360000133514404,54977.0
2024-03-01 15:21:00,NVCR,16.089000701904297,16.089000701904297,16.09000015258789,16.079999923706055,16.079999923706055,1735.0
2024-03-01 15:21:00,NVOS,0.6419000029563904,0.6419000029563904,0.6419000029563904,0.6394000053405762,0.6394000053405762,5788.0
2024-03-01 15:21:00,NXTC,1.7599999904632568,1.7599999904632568,1.7599999904632568,1.7599999904632568,1.7599999904632568,100.0
2024-03-01 15:21:00,NYXH,15.074999809265137,15.074999809265137,15.074999809265137,15.074999809265137,15.074999809265137,266.0
2024-03-01 15:21:00,OCGN,0.9509000182151794,0.9509000182151794,0.9559000134468079,0.9509000182151794,0.9559000134468079,2314.0
2024-03-01 15:21:00,OCUL,10.649999618530273,10.649999618530273,10.649999618530273,10.619999885559082,10.619999885559082,2584.0
2024-03-01 15:21:00,OFIX,12.90999984741211,12.90999984741211,12.90999984741211,12.899999618530273,12.899999618530273,1596.0
2024-03-01 15:21:00,OGI,2.1519999504089355,2.1519999504089355,2.1549999713897705,2.1519999504089355,2.1549999713897705,350.0
2024-03-01 15:21:00,OLK,22.989999771118164,22.989999771118164,22.989999771118164,22.985000610351562,22.985000610351562,2444.0
2024-03-01 15:21:00,OLMA,14.789999961853027,14.789999961853027,14.789999961853027,14.734999656677246,14.734999656677246,3254.0
2024-03-01 15:21:00,OMCL,26.350000381469727,26.350000381469727,26.350000381469727,26.350000381469727,26.350000381469727,200.0
2024-03-01 15:21:00,OMER,4.800000190734863,4.800000190734863,4.800000190734863,4.795000076293945,4.795000076293945,1057.0
2024-03-01 15:22:00,ABCL,5.064499855041504,5.064499855041504,5.065000057220459,5.059999942779541,5.065000057220459,849.0
2024-03-01 15:22:00,ABEO,7.769999980926514,7.769999980926514,7.78000020980835,7.769999980926514,7.78000020980835,2068.0
2024-03-01 15:22:00,ABOS,4.639999866485596,4.639999866485596,4.639999866485596,4.639999866485596,4.639999866485596,216.0
2024-03-01 15:22:00,ABSI,5.5,5.5,5.505000114440918,5.5,5.505000114440918,383.0
2024-03-01 15:22:00,ABUS,2.7850000858306885,2.7850000858306885,2.7850000858306885,2.7850000858306885,2.7850000858306885,360.0
2024-03-01 15:22:00,ACAD,24.149999618530273,24.149999618530273,24.170000076293945,24.139999389648438,24.170000076293945,8160.0
2024-03-01 15:22:00,ACB,3.190000057220459,3.190000057220459,3.190000057220459,3.180000066757202,3.180000066757202,3005.0
2024-03-01 15:22:00,ACET,2.384999990463257,2.384999990463257,2.390000104904175,2.380000114440918,2.384999990463257,2205.0
2024-03-01 15:22:00,ACHC,84.11000061035156,84.11000061035156,84.11000061035156,84.11000061035156,84.11000061035156,331.0
2024-03-01 15:22:00,ACHL,1.3700000047683716,1.3700000047683716,1.3700000047683716,1.3600000143051147,1.3600000143051147,2074.0
2024-03-01 15:22:00,ACHV,4.420000076293945,4.420000076293945,4.420000076293945,4.420000076293945,4.420000076293945,210.0
2024-03-01 15:22:00,ACIU,3.8299999237060547,3.8299999237060547,3.8299999237060547,3.8299999237060547,3.8299999237060547,105.0
2024-03-01 15:22:00,ACRS,1.225000023841858,1.225000023841858,1.2300000190734863,1.2200000286102295,1.2200000286102295,1021.0
2024-03-01 15:22:00,ADAP,1.6007000207901,1.6007000207901,1.6007000207901,1.6007000207901,1.6007000207901,593.0
2024-03-01 15:22:00,ADIL,3.0343000888824463,3.0343000888824463,3.109999895095825,3.0,3.0999999046325684,93041.0
2024-03-01 15:22:00,ADMA,5.525000095367432,5.525000095367432,5.525000095367432,5.525000095367432,5.525000095367432,1844.0
2024-03-01 15:22:00,ADPT,4.065000057220459,4.065000057220459,4.065000057220459,4.065000057220459,4.065000057220459,465.0
2024-03-01 15:22:00,ADVM,1.9450000524520874,1.9450000524520874,1.9450000524520874,1.940000057220459,1.9450000524520874,1106.0
2024-03-01 15:22:00,AFMD,0.6751000285148621,0.6751000285148621,0.6819999814033508,0.6751000285148621,0.6819310188293457,4400.0
2024-03-01 15:22:00,AGEN,0.6700000166893005,0.6700000166893005,0.6700500249862671,0.6700000166893005,0.6700500249862671,23978.0
2024-03-01 15:22:00,AGIO,32.33000183105469,32.33000183105469,32.345001220703125,32.33000183105469,32.33000183105469,4466.0
2024-03-01 15:22:00,AHCO,10.475000381469727,10.475000381469727,10.475000381469727,10.475000381469727,10.475000381469727,137.0
2024-03-01 15:22:00,AIH,0.5519999861717224,0.5519999861717224,0.5519999861717224,0.5479999780654907,0.5501999855041504,600.0
2024-03-01 15:22:00,AIRS,6.409999847412109,6.409999847412109,6.409999847412109,6.409999847412109,6.409999847412109,100.0
2024-03-01 15:22:00,AKBA,1.684999942779541,1.684999942779541,1.684999942779541,1.684999942779541,1.684999942779541,300.0
2024-03-01 15:22:00,AKLI,0.3521000146865845,0.3521000146865845,0.3521000146865845,0.3521000146865845,0.3521000146865845,140.0
2024-03-01 15:22:00,AKRO,28.34000015258789,28.34000015258789,28.450000762939453,28.309999465942383,28.43000030517578,7897.0
2024-03-01 15:22:00,ALDX,4.224999904632568,4.224999904632568,4.224999904632568,4.224999904632568,4.224999904632568,177.0
2024-03-01 15:22:00,ALGN,301.82000732421875,301.82000732421875,301.82000732421875,301.82000732421875,301.82000732421875,327.0
2024-03-01 15:22:00,ALGS,1.0700000524520874,1.0700000524520874,1.0700000524520874,1.0700000524520874,1.0700000524520874,1085.0
2024-03-01 15:22:00,ALHC,5.519999980926514,5.519999980926514,5.550000190734863,5.519999980926514,5.550000190734863,7700.0
2024-03-01 15:22:00,ALKS,30.18000030517578,30.18000030517578,30.200000762939453,30.18000030517578,30.19499969482422,3921.0
2024-03-01 15:22:00,ALLK,1.6549999713897705,1.6549999713897705,1.659999966621399,1.6549999713897705,1.6549999713897705,1574.0
2024-03-01 15:22:00,ALNY,153.43499755859375,153.43499755859375,153.43499755859375,153.43499755859375,153.43499755859375,372.0
2024-03-01 15:22:00,ALPN,35.9900016784668,35.9900016784668,35.9900016784668,35.97999954223633,35.97999954223633,813.0
2024-03-01 15:22:00,ALT,12.085000038146973,12.085000038146973,12.119999885559082,12.085000038146973,12.119999885559082,19438.0
2024-03-01 15:22:00,ALVR,0.7509999871253967,0.7509999871253967,0.7509999871253967,0.7509999871253967,0.7509999871253967,717.0
2024-03-01 15:22:00,ALXO,15.0,15.0,15.0,15.0,15.0,340.0
2024-03-01 15:22:00,AMED,93.2874984741211,93.2874984741211,93.31999969482422,93.2874984741211,93.31999969482422,633.0
2024-03-01 15:22:00,AMGN,280.4649963378906,280.4649963378906,280.4649963378906,280.3500061035156,280.3500061035156,4990.0
2024-03-01 15:22:00,AMPH,45.915000915527344,45.915000915527344,45.959999084472656,45.88999938964844,45.959999084472656,3533.0
2024-03-01 15:22:00,AMRN,1.0549999475479126,1.0549999475479126,1.0549999475479126,1.0499999523162842,1.0499999523162842,2088.0
2024-03-01 15:22:00,ANAB,25.440000534057617,25.440000534057617,25.440000534057617,25.34000015258789,25.350000381469727,5557.0
2024-03-01 15:22:00,ANGO,5.474999904632568,5.474999904632568,5.474999904632568,5.474999904632568,5.474999904632568,100.0
2024-03-01 15:22:00,ANIP,66.73999786376953,66.73999786376953,66.79000091552734,66.69999694824219,66.70999908447266,1858.0
2024-03-01 15:22:00,ANNX,6.070000171661377,6.070000171661377,6.079999923706055,6.070000171661377,6.070000171661377,1406.0
2024-03-01 15:22:00,ANTX,3.0295000076293945,3.0295000076293945,3.0295000076293945,3.0264999866485596,3.0264999866485596,1000.0
2024-03-01 15:22:00,APLS,64.36000061035156,64.36000061035156,64.36000061035156,64.34400177001953,64.36000061035156,1935.0
2024-03-01 15:22:00,APLT,7.050000190734863,7.050000190734863,7.059999942779541,7.050000190734863,7.050000190734863,934.0
2024-03-01 15:22:00,APVO,0.1599999964237213,0.1599999964237213,0.1599999964237213,0.1599999964237213,0.1599999964237213,102.0
2024-03-01 15:22:00,APYX,2.0899999141693115,2.0899999141693115,2.130000114440918,2.0899999141693115,2.0899999141693115,1995.0
2024-03-01 15:22:00,AQST,4.134500026702881,4.134500026702881,4.139699935913086,4.134500026702881,4.139400005340576,1918.0
2024-03-01 15:22:00,ARAY,2.630000114440918,2.630000114440918,2.630000114440918,2.630000114440918,2.630000114440918,377.0
2024-03-01 15:22:00,ARDX,9.449999809265137,9.449999809265137,9.460000038146973,9.449999809265137,9.454999923706055,3668.0
2024-03-01 15:22:00,ARQT,11.484999656677246,11.484999656677246,11.494999885559082,11.484999656677246,11.494999885559082,9292.0
2024-03-01 15:22:00,ARVN,47.7400016784668,47.7400016784668,47.81999969482422,47.7400016784668,47.75,860.0
2024-03-01 15:22:00,ARWR,35.685001373291016,35.685001373291016,35.70000076293945,35.68000030517578,35.68000030517578,1809.0
2024-03-01 15:22:00,ASND,154.75,154.75,154.75,154.47500610351562,154.50999450683594,648.0
2024-03-01 15:22:00,ASRT,0.8901000022888184,0.8901000022888184,0.8901000022888184,0.8901000022888184,0.8901000022888184,348.0
2024-03-01 15:22:00,ATEC,13.484999656677246,13.484999656677246,13.510000228881836,13.484999656677246,13.5,6666.0
2024-03-01 15:22:00,ATOS,1.0099999904632568,1.0099999904632568,1.0099999904632568,1.0099999904632568,1.0099999904632568,549.0
2024-03-01 15:22:00,ATRA,0.7803999781608582,0.7803999781608582,0.781000018119812,0.7803999781608582,0.781000018119812,304.0
2024-03-01 15:22:00,ATRC,36.1150016784668,36.1150016784668,36.1150016784668,36.1150016784668,36.1150016784668,1194.0
2024-03-01 15:22:00,AUGX,4.550000190734863,4.550000190734863,4.550000190734863,4.539999961853027,4.539999961853027,237.0
2024-03-01 15:22:00,AUPH,5.769999980926514,5.769999980926514,5.778500080108643,5.769999980926514,5.775000095367432,2898.0
2024-03-01 15:22:00,AUTL,6.25,6.25,6.260000228881836,6.25,6.260000228881836,551.0
2024-03-01 15:22:00,AVDL,13.399999618530273,13.399999618530273,13.40999984741211,13.399999618530273,13.399999618530273,11812.0
2024-03-01 15:22:00,AVIR,4.440100193023682,4.440100193023682,4.440100193023682,4.440100193023682,4.440100193023682,693.0
2024-03-01 15:22:00,AVTX,4.465000152587891,4.465000152587891,4.465000152587891,4.465000152587891,4.465000152587891,115.0
2024-03-01 15:22:00,AXGN,10.670000076293945,10.670000076293945,10.670000076293945,10.630000114440918,10.630000114440918,4278.0
2024-03-01 15:22:00,AXNX,67.70999908447266,67.70999908447266,67.70999908447266,67.70999908447266,67.70999908447266,100.0
2024-03-01 15:22:00,AXSM,82.72000122070312,82.72000122070312,82.73999786376953,82.69000244140625,82.73999786376953,388.0
2024-03-01 15:22:00,AZN,64.66999816894531,64.66999816894531,64.66999816894531,64.66500091552734,64.6675033569336,6001.0
2024-03-01 15:22:00,AZTA,67.01000213623047,67.01000213623047,67.01000213623047,67.01000213623047,67.01000213623047,285.0
2024-03-01 15:22:00,BBIO,35.77000045776367,35.77000045776367,35.77000045776367,35.750099182128906,35.77000045776367,4268.0
2024-03-01 15:22:00,BCAB,2.8350000381469727,2.8350000381469727,2.8350000381469727,2.8350000381469727,2.8350000381469727,442.0
2024-03-01 15:22:00,BCDA,0.5799999833106995,0.5799999833106995,0.5799999833106995,0.5799999833106995,0.5799999833106995,290.0
2024-03-01 15:22:00,BCRX,5.65500020980835,5.65500020980835,5.65500020980835,5.650000095367432,5.65500020980835,1832.0
2024-03-01 15:22:00,BCYC,25.760000228881836,25.760000228881836,25.760000228881836,25.760000228881836,25.760000228881836,211.0
2024-03-01 15:22:00,BDTX,4.744999885559082,4.744999885559082,4.755000114440918,4.744999885559082,4.755000114440918,3272.0
2024-03-01 15:22:00,BEAM,39.84000015258789,39.84000015258789,39.869998931884766,39.81999969482422,39.81999969482422,2111.0
2024-03-01 15:22:00,BGNE,165.7375030517578,165.7375030517578,165.7375030517578,165.7375030517578,165.7375030517578,363.0
2024-03-01 15:22:00,BIOL,0.14470000565052032,0.14470000565052032,0.14470000565052032,0.14470000565052032,0.14470000565052032,200.0
2024-03-01 15:22:00,BIVI,1.9700000286102295,1.9700000286102295,1.9700000286102295,1.9500000476837158,1.9500000476837158,9616.0
2024-03-01 15:22:00,BLFS,17.799999237060547,17.799999237060547,17.799999237060547,17.799999237060547,17.799999237060547,306.0
2024-03-01 15:22:00,BLUE,1.5700000524520874,1.5700000524520874,1.5750000476837158,1.5700000524520874,1.5700000524520874,10092.0
2024-03-01 15:22:00,BMEA,18.010000228881836,18.010000228881836,18.010000228881836,18.010000228881836,18.010000228881836,684.0
2024-03-01 15:22:00,BMRA,1.2200000286102295,1.2200000286102295,1.2300000190734863,1.2200000286102295,1.2300000190734863,478.0
2024-03-01 15:22:00,BMRN,87.83999633789062,87.83999633789062,87.86000061035156,87.83000183105469,87.84200286865234,3312.0
2024-03-01 15:22:00,BNGO,1.257599949836731,1.257599949836731,1.257599949836731,1.2518999576568604,1.25600004196167,2159.0
2024-03-01 15:22:00,BNOX,1.2100000381469727,1.2100000381469727,1.2100000381469727,1.2100000381469727,1.2100000381469727,100.0
2024-03-01 15:22:00,BNR,0.8100500106811523,0.8100500106811523,0.8100500106811523,0.8100500106811523,0.8100500106811523,100.0
2024-03-01 15:22:00,BNTX,90.94999694824219,90.94999694824219,90.97000122070312,90.94999694824219,90.97000122070312,785.0
2024-03-01 15:22:00,BPMC,96.1500015258789,96.1500015258789,96.19000244140625,96.1500015258789,96.19000244140625,868.0
2024-03-01 15:22:00,BRKR,88.5,88.5,88.5,88.44499969482422,88.44499969482422,1824.0
2024-03-01 15:22:00,BTTX,0.18170000612735748,0.18170000612735748,0.1850000023841858,0.18170000612735748,0.18289999663829803,90334.0
2024-03-01 15:22:00,BWAY,6.53000020980835,6.53000020980835,6.53000020980835,6.53000020980835,6.53000020980835,102.0
2024-03-01 15:22:00,CABA,23.989999771118164,23.989999771118164,23.989999771118164,23.989999771118164,23.989999771118164,345.0
2024-03-01 15:22:00,CAPR,4.539999961853027,4.539999961853027,4.539999961853027,4.539999961853027,4.539999961853027,5010.0
2024-03-01 15:22:00,CARA,0.9160000085830688,0.9160000085830688,0.9160000085830688,0.9160000085830688,0.9160000085830688,666.0
2024-03-01 15:22:00,CBAY,32.22999954223633,32.22999954223633,32.22999954223633,32.22999954223633,32.22999954223633,1600.0
2024-03-01 15:22:00,CCCC,10.972999572753906,10.972999572753906,11.0,10.96500015258789,11.0,3874.0
2024-03-01 15:22:00,CCRN,18.299999237060547,18.299999237060547,18.299999237060547,18.290000915527344,18.299999237060547,1093.0
2024-03-01 15:22:00,CDNA,12.479999542236328,12.479999542236328,12.489999771118164,12.479999542236328,12.489999771118164,1569.0
2024-03-01 15:22:00,CDXS,4.65500020980835,4.65500020980835,4.659999847412109,4.65500020980835,4.65500020980835,900.0
2024-03-01 15:22:00,CELC,17.139999389648438,17.139999389648438,17.139999389648438,17.139999389648438,17.139999389648438,2132.0
2024-03-01 15:22:00,CELUW,0.031099999323487282,0.031099999323487282,0.03999999910593033,0.031099999323487282,0.03999999910593033,4573.0
2024-03-01 15:22:00,CERE,41.1150016784668,41.1150016784668,41.119998931884766,41.11000061035156,41.119998931884766,996.0
2024-03-01 15:22:00,CERS,2.184999942779541,2.184999942779541,2.184999942779541,2.180000066757202,2.184999942779541,3066.0
2024-03-01 15:22:00,CERT,18.1299991607666,18.1299991607666,18.1299991607666,18.1200008392334,18.1200008392334,1941.0
2024-03-01 15:22:00,CGC,3.190000057220459,3.190000057220459,3.190000057220459,3.184999942779541,3.184999942779541,5345.0
2024-03-01 15:22:00,CGEM,18.790000915527344,18.790000915527344,18.790000915527344,18.790000915527344,18.790000915527344,737.0
2024-03-01 15:22:00,CGEN,2.684999942779541,2.684999942779541,2.684999942779541,2.684999942779541,2.684999942779541,182.0
2024-03-01 15:22:00,CGTX,2.0,2.0,2.009999990463257,1.9800000190734863,2.009999990463257,9888.0
2024-03-01 15:22:00,CHRS,2.4100000858306885,2.4100000858306885,2.4100000858306885,2.4000000953674316,2.4049999713897705,4726.0
2024-03-01 15:22:00,CKPT,2.2049999237060547,2.2049999237060547,2.2049999237060547,2.200000047683716,2.200000047683716,302.0
2024-03-01 15:22:00,CLDX,51.689998626708984,51.689998626708984,51.869998931884766,51.689998626708984,51.869998931884766,3621.0
2024-03-01 15:22:00,CLNN,0.3871990144252777,0.3871990144252777,0.3871990144252777,0.3871990144252777,0.3871990144252777,3872.0
2024-03-01 15:22:00,CLOV,0.8654999732971191,0.8654999732971191,0.8665000200271606,0.8654999732971191,0.8664000034332275,24425.0
2024-03-01 15:22:00,CLPT,6.610000133514404,6.610000133514404,6.619999885559082,6.585000038146973,6.585000038146973,4595.0
2024-03-01 15:22:00,CLRB,4.090000152587891,4.090000152587891,4.090000152587891,4.090000152587891,4.090000152587891,310.0
2024-03-01 15:22:00,CMPS,11.489999771118164,11.489999771118164,11.5,11.479100227355957,11.5,1119.0
2024-03-01 15:22:00,CMPX,1.8799999952316284,1.8799999952316284,1.8799999952316284,1.8799999952316284,1.8799999952316284,280.0
2024-03-01 15:22:00,CNSP,0.3398999869823456,0.3398999869823456,0.3398999869823456,0.3398999869823456,0.3398999869823456,1998.0
2024-03-01 15:22:00,COGT,7.190000057220459,7.190000057220459,7.190000057220459,7.190000057220459,7.190000057220459,261.0
2024-03-01 15:22:00,COLL,36.779998779296875,36.779998779296875,36.779998779296875,36.779998779296875,36.779998779296875,414.0
2024-03-01 15:22:00,CORT,24.239999771118164,24.239999771118164,24.25,24.239999771118164,24.25,1142.0
2024-03-01 15:22:00,CPRX,17.15999984741211,17.15999984741211,17.172000885009766,17.15999984741211,17.170000076293945,2534.0
2024-03-01 15:22:00,CPSI,9.380000114440918,9.380000114440918,9.399999618530273,9.380000114440918,9.390000343322754,1294.0
2024-03-01 15:22:00,CRBP,33.5,33.5,33.5,33.14509963989258,33.14509963989258,1476.0
2024-03-01 15:22:00,CRBU,7.840000152587891,7.840000152587891,7.860000133514404,7.840000152587891,7.860000133514404,2649.0
2024-03-01 15:22:00,CRDF,2.7355000972747803,2.7355000972747803,2.75,2.7200000286102295,2.7399001121520996,59298.0
2024-03-01 15:22:00,CRDL,1.909999966621399,1.909999966621399,1.909999966621399,1.909999966621399,1.909999966621399,117.0
2024-03-01 15:22:00,CRNX,45.939998626708984,45.939998626708984,45.95500183105469,45.93000030517578,45.95000076293945,1764.0
2024-03-01 15:22:00,CRON,2.0250000953674316,2.0250000953674316,2.0250000953674316,2.0199999809265137,2.0250000953674316,4299.0
2024-03-01 15:22:00,CRSP,84.73999786376953,84.73999786376953,84.73999786376953,84.7300033569336,84.7300033569336,989.0
2024-03-01 15:22:00,CSBR,5.590000152587891,5.590000152587891,5.590000152587891,5.590000152587891,5.590000152587891,195.0
2024-03-01 15:22:00,CSTL,19.924999237060547,19.924999237060547,19.940000534057617,19.924999237060547,19.940000534057617,931.0
2024-03-01 15:22:00,CTMX,2.5199999809265137,2.5199999809265137,2.5199999809265137,2.509999990463257,2.5199999809265137,12015.0
2024-03-01 15:22:00,CUTR,2.4049999713897705,2.4049999713897705,2.4049999713897705,2.4049999713897705,2.4049999713897705,202.0
2024-03-01 15:22:00,CVAC,3.440000057220459,3.440000057220459,3.440000057220459,3.440000057220459,3.440000057220459,101.0
2024-03-01 15:22:00,CYCC,2.8101000785827637,2.8101000785827637,2.8101000785827637,2.8101000785827637,2.8101000785827637,300.0
2024-03-01 15:22:00,CYTK,73.93000030517578,73.93000030517578,74.0,73.93000030517578,73.9800033569336,2183.0
2024-03-01 15:22:00,DAWN,17.584999084472656,17.584999084472656,17.584999084472656,17.56999969482422,17.56999969482422,463.0
2024-03-01 15:22:00,DCGO,4.054999828338623,4.054999828338623,4.078999996185303,4.054999828338623,4.078999996185303,3535.0
2024-03-01 15:22:00,DCPH,17.510000228881836,17.510000228881836,17.510000228881836,17.510000228881836,17.510000228881836,507.0
2024-03-01 15:22:00,DH,8.8100004196167,8.8100004196167,8.8100004196167,8.800000190734863,8.800000190734863,348.0
2024-03-01 15:22:00,DMTK,0.8398000001907349,0.8398000001907349,0.839900016784668,0.8398000001907349,0.8398000001907349,3356.0
2024-03-01 15:22:00,DNLI,21.06999969482422,21.06999969482422,21.1200008392334,21.06999969482422,21.1200008392334,3257.0
2024-03-01 15:22:00,DSGN,2.869999885559082,2.869999885559082,2.876199960708618,2.869999885559082,2.876199960708618,815.0
2024-03-01 15:22:00,DTIL,12.680000305175781,12.680000305175781,12.680000305175781,12.680000305175781,12.680000305175781,1274.0
2024-03-01 15:22:00,DVAX,12.800000190734863,12.800000190734863,12.8100004196167,12.800000190734863,12.805000305175781,2370.0
2024-03-01 15:22:00,DXCM,121.17500305175781,121.17500305175781,121.30000305175781,121.17500305175781,121.28299713134766,12314.0
2024-03-01 15:22:00,EDIT,10.795000076293945,10.795000076293945,10.800000190734863,10.795000076293945,10.800000190734863,826.0
2024-03-01 15:22:00,EFTR,16.250099182128906,16.250099182128906,16.250099182128906,16.250099182128906,16.250099182128906,100.0
2024-03-01 15:22:00,EGRX,6.599999904632568,6.599999904632568,6.599999904632568,6.585000038146973,6.585000038146973,225.0
2024-03-01 15:22:00,ELEV,5.230000019073486,5.230000019073486,5.239999771118164,5.204999923706055,5.215000152587891,9137.0
2024-03-01 15:22:00,ENSG,121.43000030517578,121.43000030517578,121.43000030517578,121.19000244140625,121.19000244140625,3087.0
2024-03-01 15:22:00,ENVB,1.5299999713897705,1.5299999713897705,1.5299999713897705,1.5200999975204468,1.5200999975204468,5128.0
2024-03-01 15:22:00,ERAS,2.565000057220459,2.565000057220459,2.565000057220459,2.559999942779541,2.559999942779541,10255.0
2024-03-01 15:22:00,ESPR,2.5450000762939453,2.5450000762939453,2.549999952316284,2.5429999828338623,2.549999952316284,2650.0
2024-03-01 15:22:00,ESTA,44.505001068115234,44.505001068115234,44.5099983215332,44.5,44.5099983215332,1987.0
2024-03-01 15:22:00,ETNB,12.699999809265137,12.699999809265137,12.720000267028809,12.6899995803833,12.720000267028809,4362.0
2024-03-01 15:22:00,ETON,4.5,4.5,4.5,4.5,4.5,201.0
2024-03-01 15:22:00,EWTX,16.864999771118164,16.864999771118164,16.864999771118164,16.864999771118164,16.864999771118164,594.0
2024-03-01 15:22:00,EXAI,6.559999942779541,6.559999942779541,6.559999942779541,6.559999942779541,6.559999942779541,662.0
2024-03-01 15:22:00,EXAS,59.540000915527344,59.540000915527344,59.58000183105469,59.540000915527344,59.58000183105469,1222.0
2024-03-01 15:22:00,EXEL,22.264999389648438,22.264999389648438,22.264999389648438,22.264999389648438,22.264999389648438,3087.0
2024-03-01 15:22:00,EYEN,2.3499999046325684,2.3499999046325684,2.359999895095825,2.3450000286102295,2.3592000007629395,8923.0
2024-03-01 15:22:00,EYPT,27.979999542236328,27.979999542236328,27.979999542236328,27.979999542236328,27.979999542236328,111.0
2024-03-01 15:22:00,FATE,7.690000057220459,7.690000057220459,7.699900150299072,7.690000057220459,7.690000057220459,2257.0
2024-03-01 15:22:00,FBIO,2.380000114440918,2.380000114440918,2.380000114440918,2.369999885559082,2.369999885559082,5852.0
2024-03-01 15:22:00,FBRX,0.7200000286102295,0.7200000286102295,0.7200000286102295,0.7200000286102295,0.7200000286102295,258.0
2024-03-01 15:22:00,FDMT,29.479999542236328,29.479999542236328,29.479999542236328,29.479999542236328,29.479999542236328,606.0
2024-03-01 15:22:00,FEMY,1.7699999809265137,1.7699999809265137,1.7699999809265137,1.7698999643325806,1.7698999643325806,7679.0
2024-03-01 15:22:00,FGEN,1.8300000429153442,1.8300000429153442,1.8350000381469727,1.8250000476837158,1.8300000429153442,15306.0
2024-03-01 15:22:00,FLGT,23.1200008392334,23.1200008392334,23.1200008392334,23.1200008392334,23.1200008392334,100.0
2024-03-01 15:22:00,FOLD,13.300000190734863,13.300000190734863,13.3100004196167,13.300000190734863,13.305000305175781,3633.0
2024-03-01 15:22:00,FULC,10.970000267028809,10.970000267028809,11.0,10.970000267028809,11.0,2994.0
2024-03-01 15:22:00,FUSN,12.180000305175781,12.180000305175781,12.210000038146973,12.180000305175781,12.210000038146973,2418.0
2024-03-01 15:22:00,FWBI,8.760000228881836,8.760000228881836,8.760000228881836,8.760000228881836,8.760000228881836,108.0
2024-03-01 15:22:00,GALT,1.9600000381469727,1.9600000381469727,1.9600000381469727,1.9600000381469727,1.9600000381469727,107.0
2024-03-01 15:22:00,GANX,4.650000095367432,4.650000095367432,4.650000095367432,4.650000095367432,4.650000095367432,100.0
2024-03-01 15:22:00,GDRX,8.420000076293945,8.420000076293945,8.420000076293945,8.395000457763672,8.395000457763672,6459.0
2024-03-01 15:22:00,GENE,2.3499999046325684,2.3499999046325684,2.3499999046325684,2.3499999046325684,2.3499999046325684,200.0
2024-03-01 15:22:00,GERN,2.259999990463257,2.259999990463257,2.259999990463257,2.25,2.255000114440918,5098.0
2024-03-01 15:22:00,GH,19.020999908447266,19.020999908447266,19.024999618530273,19.014999389648438,19.024999618530273,5955.0
2024-03-01 15:22:00,GILD,72.54000091552734,72.54000091552734,72.54000091552734,72.5250015258789,72.5250015258789,6382.0
2024-03-01 15:22:00,GLSI,12.680000305175781,12.680000305175781,12.680000305175781,12.680000305175781,12.680000305175781,109.0
2024-03-01 15:22:00,GLTO,0.800000011920929,0.800000011920929,0.8098989725112915,0.800000011920929,0.800000011920929,26014.0
2024-03-01 15:22:00,GLYC,3.0,3.0,3.0,3.0,3.0,220.0
2024-03-01 15:22:00,GMAB,29.375,29.375,29.375,29.3700008392334,29.3700008392334,920.0
2024-03-01 15:22:00,GOSS,1.4149999618530273,1.4149999618530273,1.4149999618530273,1.409999966621399,1.409999966621399,12343.0
2024-03-01 15:22:00,GOVX,2.4700000286102295,2.4700000286102295,2.4800000190734863,2.4700000286102295,2.4800000190734863,446.0
2024-03-01 15:22:00,GRFS,7.014999866485596,7.014999866485596,7.014999866485596,7.010000228881836,7.010000228881836,3952.0
2024-03-01 15:22:00,GRTS,2.015000104904175,2.015000104904175,2.0299999713897705,2.015000104904175,2.018899917602539,22860.0
2024-03-01 15:22:00,GTHX,3.7699999809265137,3.7699999809265137,3.7699999809265137,3.7699999809265137,3.7699999809265137,200.0
2024-03-01 15:22:00,HALO,40.99250030517578,40.99250030517578,41.0,40.974998474121094,40.974998474121094,1609.0
2024-03-01 15:22:00,HARP,22.949899673461914,22.949899673461914,22.949899673461914,22.940000534057617,22.940000534057617,732.0
2024-03-01 15:22:00,HCAT,8.109000205993652,8.109000205993652,8.109999656677246,8.109000205993652,8.109999656677246,1914.0
2024-03-01 15:22:00,HCM,15.130000114440918,15.130000114440918,15.15250015258789,15.130000114440918,15.15250015258789,400.0
2024-03-01 15:22:00,HCSG,12.755000114440918,12.755000114440918,12.765000343322754,12.755000114440918,12.765000343322754,3084.0
2024-03-01 15:22:00,HCTI,2.0299999713897705,2.0299999713897705,2.059499979019165,2.0299999713897705,2.049999952316284,1027.0
2024-03-01 15:22:00,HLTH,0.26499998569488525,0.26499998569488525,0.26499998569488525,0.26499998569488525,0.26499998569488525,501.0
2024-03-01 15:22:00,HLVX,19.2549991607666,19.2549991607666,19.299999237060547,19.229999542236328,19.299999237060547,7518.0
2024-03-01 15:22:00,HOLX,74.2300033569336,74.2300033569336,74.2300033569336,74.2300033569336,74.2300033569336,361.0
2024-03-01 15:22:00,HOWL,7.130000114440918,7.130000114440918,7.130000114440918,7.130000114440918,7.130000114440918,187.0
2024-03-01 15:22:00,HQY,81.33999633789062,81.33999633789062,81.33999633789062,81.30000305175781,81.30000305175781,474.0
2024-03-01 15:22:00,HRTX,2.5799999237060547,2.5799999237060547,2.5899999141693115,2.5799999237060547,2.5899999141693115,933.0
2024-03-01 15:22:00,HSCS,0.1185000017285347,0.1185000017285347,0.11860000342130661,0.1185000017285347,0.11860000342130661,17097.0
2024-03-01 15:22:00,HSIC,76.9000015258789,76.9000015258789,76.91999816894531,76.9000015258789,76.91999816894531,1302.0
2024-03-01 15:22:00,HUMA,3.265000104904175,3.265000104904175,3.2699999809265137,3.25,3.26990008354187,33938.0
2024-03-01 15:22:00,IART,36.209999084472656,36.209999084472656,36.209999084472656,36.16999816894531,36.18000030517578,6936.0
2024-03-01 15:22:00,IBRX,4.799900054931641,4.799900054931641,4.804999828338623,4.795000076293945,4.804999828338623,7644.0
2024-03-01 15:22:00,ICLR,325.2850036621094,325.2850036621094,325.3599853515625,325.1600036621094,325.1600036621094,827.0
2024-03-01 15:22:00,ICUI,105.98999786376953,105.98999786376953,105.98999786376953,105.98999786376953,105.98999786376953,204.0
2024-03-01 15:22:00,IDXX,578.4299926757812,578.4299926757812,578.4299926757812,578.4299926757812,578.4299926757812,452.0
2024-03-01 15:22:00,IDYA,46.25,46.25,46.25,46.189998626708984,46.20500183105469,3384.0
2024-03-01 15:22:00,IFRX,1.753999948501587,1.753999948501587,1.753999948501587,1.753999948501587,1.753999948501587,200.0
2024-03-01 15:22:00,IINN,1.6749999523162842,1.6749999523162842,1.6749999523162842,1.6749999523162842,1.6749999523162842,292.0
2024-03-01 15:22:00,IKNA,1.4574999809265137,1.4574999809265137,1.4574999809265137,1.4574999809265137,1.4574999809265137,531.0
2024-03-01 15:22:00,ILMN,141.27999877929688,141.27999877929688,141.27999877929688,141.27999877929688,141.27999877929688,1066.0
2024-03-01 15:22:00,IMAB,1.7999000549316406,1.7999000549316406,1.7999000549316406,1.7999000549316406,1.7999000549316406,1126.0
2024-03-01 15:22:00,IMCR,67.875,67.875,68.0,67.86000061035156,68.0,2121.0
2024-03-01 15:22:00,IMMX,3.5,3.5,3.505000114440918,3.5,3.505000114440918,302.0
2024-03-01 15:22:00,IMTX,12.8100004196167,12.8100004196167,12.8100004196167,12.8100004196167,12.8100004196167,1738.0
2024-03-01 15:22:00,IMUX,1.4699000120162964,1.4699000120162964,1.4699000120162964,1.4600000381469727,1.4600000381469727,2199.0
2024-03-01 15:22:00,IMVT,35.63999938964844,35.63999938964844,35.650001525878906,35.63999938964844,35.650001525878906,1791.0
2024-03-01 15:22:00,INBX,36.55500030517578,36.55500030517578,36.55500030517578,36.55500030517578,36.55500030517578,108.0
2024-03-01 15:22:00,INCY,59.099998474121094,59.099998474121094,59.119998931884766,59.099998474121094,59.119998931884766,2770.0
2024-03-01 15:22:00,INGN,6.880000114440918,6.880000114440918,6.880000114440918,6.849299907684326,6.849999904632568,3662.0
2024-03-01 15:22:00,INMD,22.93000030517578,22.93000030517578,22.93000030517578,22.924999237060547,22.924999237060547,2003.0
2024-03-01 15:22:00,INSM,28.059999465942383,28.059999465942383,28.06999969482422,28.059999465942383,28.06999969482422,218.0
2024-03-01 15:22:00,INVA,15.4399995803833,15.4399995803833,15.4399995803833,15.4399995803833,15.4399995803833,724.0
2024-03-01 15:22:00,INZY,6.579999923706055,6.579999923706055,6.579999923706055,6.574999809265137,6.574999809265137,201.0
2024-03-01 15:22:00,IONS,45.8650016784668,45.8650016784668,45.93000030517578,45.849998474121094,45.915000915527344,5236.0
2024-03-01 15:22:00,IOVA,16.8799991607666,16.8799991607666,16.899999618530273,16.860000610351562,16.899999618530273,18243.0
2024-03-01 15:22:00,IRTC,121.25499725341797,121.25499725341797,121.25499725341797,121.25499725341797,121.25499725341797,718.0
2024-03-01 15:22:00,IRWD,8.939200401306152,8.939200401306152,8.960000038146973,8.930000305175781,8.954999923706055,35040.0
2024-03-01 15:22:00,ISRG,397.7099914550781,397.7099914550781,397.7099914550781,397.489990234375,397.489990234375,3164.0
2024-03-01 15:22:00,ITCI,72.27999877929688,72.27999877929688,72.30000305175781,72.25,72.30000305175781,2078.0
2024-03-01 15:22:00,IVVD,3.9700000286102295,3.9700000286102295,3.9800000190734863,3.9700000286102295,3.9800000190734863,222.0
2024-03-01 15:22:00,IXHL,5.519999980926514,5.519999980926514,5.519999980926514,5.519999980926514,5.519999980926514,308.0
2024-03-01 15:22:00,JAGX,0.0860000029206276,0.0860000029206276,0.0860000029206276,0.08420000225305557,0.08460000157356262,164345.0
2024-03-01 15:22:00,JANX,46.04999923706055,46.04999923706055,46.05500030517578,46.04999923706055,46.05500030517578,755.0
2024-03-01 15:22:00,JAZZ,119.43499755859375,119.43499755859375,119.48999786376953,119.4000015258789,119.48999786376953,2548.0
2024-03-01 15:22:00,JSPR,21.989999771118164,21.989999771118164,21.989999771118164,21.989999771118164,21.989999771118164,397.0
2024-03-01 15:22:00,KALV,14.0649995803833,14.0649995803833,14.0649995803833,14.0649995803833,14.0649995803833,1108.0
2024-03-01 15:22:00,KIDS,27.885000228881836,27.885000228881836,27.885000228881836,27.850000381469727,27.850000381469727,398.0
2024-03-01 15:22:00,KNSA,21.915000915527344,21.915000915527344,21.915000915527344,21.915000915527344,21.915000915527344,392.0
2024-03-01 15:22:00,KOD,6.03000020980835,6.03000020980835,6.03000020980835,6.015900135040283,6.015900135040283,2666.0
2024-03-01 15:22:00,KPTI,1.2000000476837158,1.2000000476837158,1.2000000476837158,1.2000000476837158,1.2000000476837158,211.0
2024-03-01 15:22:00,KROS,68.7699966430664,68.7699966430664,68.7699966430664,68.7699966430664,68.7699966430664,118.0
2024-03-01 15:22:00,KTRA,0.10130000114440918,0.10130000114440918,0.10199999809265137,0.10130000114440918,0.10199999809265137,67518.0
2024-03-01 15:22:00,KURA,21.8125,21.8125,21.81999969482422,21.809999465942383,21.81999969482422,1310.0
2024-03-01 15:22:00,KYMR,43.78499984741211,43.78499984741211,43.790000915527344,43.7599983215332,43.790000915527344,1008.0
2024-03-01 15:22:00,KZR,1.0399999618530273,1.0399999618530273,1.0449999570846558,1.0399999618530273,1.0399999618530273,601.0
2024-03-01 15:22:00,LAB,2.4549999237060547,2.4549999237060547,2.4700000286102295,2.450000047683716,2.4700000286102295,25867.0
2024-03-01 15:22:00,LBPH,21.479999542236328,21.479999542236328,21.479999542236328,21.479999542236328,21.479999542236328,421.0
2024-03-01 15:22:00,LFMD,7.965000152587891,7.965000152587891,7.965000152587891,7.965000152587891,7.965000152587891,200.0
2024-03-01 15:22:00,LFST,7.755000114440918,7.755000114440918,7.769999980926514,7.75,7.769999980926514,12597.0
2024-03-01 15:22:00,LGVN,0.5450000166893005,0.5450000166893005,0.5450000166893005,0.5450000166893005,0.5450000166893005,200.0
2024-03-01 15:22:00,LIAN,4.869999885559082,4.869999885559082,4.869999885559082,4.869999885559082,4.869999885559082,100.0
2024-03-01 15:22:00,LIVN,55.470001220703125,55.470001220703125,55.470001220703125,55.470001220703125,55.470001220703125,210.0
2024-03-01 15:22:00,LNSR,4.880000114440918,4.880000114440918,4.880000114440918,4.880000114440918,4.880000114440918,256.0
2024-03-01 15:22:00,LNTH,64.45500183105469,64.45500183105469,64.45500183105469,64.45500183105469,64.45500183105469,471.0
2024-03-01 15:22:00,LPTX,2.8499999046325684,2.8499999046325684,2.8499999046325684,2.8499999046325684,2.8499999046325684,200.0
2024-03-01 15:22:00,LQDA,14.595000267028809,14.595000267028809,14.595000267028809,14.595000267028809,14.595000267028809,403.0
2024-03-01 15:22:00,LTRN,4.170000076293945,4.170000076293945,4.170000076293945,4.170000076293945,4.170000076293945,221.0
2024-03-01 15:22:00,LUNG,9.430000305175781,9.430000305175781,9.4350004196167,9.420000076293945,9.4350004196167,2540.0
2024-03-01 15:22:00,LVTX,2.6600000858306885,2.6600000858306885,2.6610000133514404,2.6500000953674316,2.6610000133514404,1434.0
2024-03-01 15:22:00,LXRX,2.494999885559082,2.494999885559082,2.494999885559082,2.490000009536743,2.490000009536743,1147.0
2024-03-01 15:22:00,LYEL,3.119999885559082,3.119999885559082,3.119999885559082,3.119999885559082,3.119999885559082,615.0
2024-03-01 15:22:00,LYRA,5.650000095367432,5.650000095367432,5.650000095367432,5.650000095367432,5.650000095367432,400.0
2024-03-01 15:22:00,MBIO,1.340000033378601,1.340000033378601,1.340000033378601,1.340000033378601,1.340000033378601,1013.0
2024-03-01 15:22:00,MBRX,0.6298999786376953,0.6298999786376953,0.6298999786376953,0.6298999786376953,0.6298999786376953,100.0
2024-03-01 15:22:00,MCRB,1.225000023841858,1.225000023841858,1.225000023841858,1.2200000286102295,1.225000023841858,400.0
2024-03-01 15:22:00,MDGL,250.4949951171875,250.4949951171875,250.4949951171875,250.00999450683594,250.00999450683594,1057.0
2024-03-01 15:22:00,MDRX,6.019999980926514,6.019999980926514,6.099999904632568,6.010000228881836,6.050000190734863,15259.0
2024-03-01 15:22:00,MDXG,8.574999809265137,8.574999809265137,8.579999923706055,8.574999809265137,8.574999809265137,833.0
2024-03-01 15:22:00,ME,0.5519999861717224,0.5519999861717224,0.5519999861717224,0.5519999861717224,0.5519999861717224,1249.0
2024-03-01 15:22:00,MEDP,403.79998779296875,403.79998779296875,403.79998779296875,403.7099914550781,403.7099914550781,343.0
2024-03-01 15:22:00,MGNX,18.739999771118164,18.739999771118164,18.780000686645508,18.739999771118164,18.780000686645508,4755.0
2024-03-01 15:22:00,MHUA,0.6811000108718872,0.6811000108718872,0.6855499744415283,0.6811000108718872,0.6855499744415283,200.0
2024-03-01 15:22:00,MLTX,50.369998931884766,50.369998931884766,50.369998931884766,50.369998931884766,50.369998931884766,281.0
2024-03-01 15:22:00,MNKD,4.534999847412109,4.534999847412109,4.539999961853027,4.534999847412109,4.534999847412109,3024.0
2024-03-01 15:22:00,MNMD,6.119999885559082,6.119999885559082,6.125,6.119999885559082,6.125,2188.0
2024-03-01 15:22:00,MNPR,0.9200000166893005,0.9200000166893005,0.9200000166893005,0.9200000166893005,0.9200000166893005,400.0
2024-03-01 15:22:00,MODD,1.8849999904632568,1.8849999904632568,1.8899999856948853,1.8799999952316284,1.8899999856948853,1504.0
2024-03-01 15:22:00,MODV,28.15999984741211,28.15999984741211,28.15999984741211,28.15999984741211,28.15999984741211,752.0
2024-03-01 15:22:00,MOR,17.65999984741211,17.65999984741211,17.65999984741211,17.65999984741211,17.65999984741211,300.0
2024-03-01 15:22:00,MORF,39.630001068115234,39.630001068115234,39.650001525878906,39.630001068115234,39.650001525878906,1998.0
2024-03-01 15:22:00,MRNA,95.55999755859375,95.55999755859375,95.58999633789062,95.54000091552734,95.57720184326172,8297.0
2024-03-01 15:22:00,MRSN,5.954999923706055,5.954999923706055,5.965000152587891,5.934999942779541,5.934999942779541,11530.0
2024-03-01 15:22:00,MRUS,51.459999084472656,51.459999084472656,51.459999084472656,51.439998626708984,51.439998626708984,1527.0
2024-03-01 15:22:00,MRVI,7.684999942779541,7.684999942779541,7.684999942779541,7.675000190734863,7.679999828338623,3434.0
2024-03-01 15:22:00,MXCT,4.735000133514404,4.735000133514404,4.735000133514404,4.735000133514404,4.735000133514404,484.0
2024-03-01 15:22:00,MYGN,22.030000686645508,22.030000686645508,22.059999465942383,22.020000457763672,22.059999465942383,2988.0
2024-03-01 15:22:00,MYMD,3.369999885559082,3.369999885559082,3.369999885559082,3.369999885559082,3.369999885559082,142.0
2024-03-01 15:22:00,NARI,45.98500061035156,45.98500061035156,46.0,45.98500061035156,46.0,615.0
2024-03-01 15:22:00,NBIX,131.8699951171875,131.8699951171875,131.8699951171875,131.85000610351562,131.85000610351562,1331.0
2024-03-01 15:22:00,NEO,15.979999542236328,15.979999542236328,15.979999542236328,15.979999542236328,15.979999542236328,177.0
2024-03-01 15:22:00,NEOG,17.295000076293945,17.295000076293945,17.30500030517578,17.295000076293945,17.30500030517578,1907.0
2024-03-01 15:22:00,NGM,1.5199999809265137,1.5199999809265137,1.5299999713897705,1.5199999809265137,1.5199999809265137,1946.0
2024-03-01 15:22:00,NKTR,0.7601000070571899,0.7601000070571899,0.7601000070571899,0.7601000070571899,0.7601000070571899,139.0
2024-03-01 15:22:00,NKTX,12.710000038146973,12.710000038146973,12.710000038146973,12.710000038146973,12.710000038146973,412.0
2024-03-01 15:22:00,NNOX,10.930000305175781,10.930000305175781,10.949999809265137,10.930000305175781,10.949999809265137,2331.0
2024-03-01 15:22:00,NOTV,7.960000038146973,7.960000038146973,7.960000038146973,7.960000038146973,7.960000038146973,101.0
2024-03-01 15:22:00,NRBO,6.199999809265137,6.199999809265137,6.199999809265137,6.199999809265137,6.199999809265137,201.0
2024-03-01 15:22:00,NRIX,13.5600004196167,13.5600004196167,13.5600004196167,13.5600004196167,13.5600004196167,806.0
2024-03-01 15:22:00,NRXP,0.44200000166893005,0.44200000166893005,0.4438999891281128,0.4399999976158142,0.4399999976158142,6792.0
2024-03-01 15:22:00,NTLA,33.247501373291016,33.247501373291016,33.269500732421875,33.2400016784668,33.26499938964844,1681.0
2024-03-01 15:22:00,NTRA,89.66999816894531,89.66999816894531,89.69000244140625,89.66999816894531,89.69000244140625,2761.0
2024-03-01 15:22:00,NURO,4.010000228881836,4.010000228881836,4.010000228881836,4.010000228881836,4.010000228881836,100.0
2024-03-01 15:22:00,NUTX,0.11394999921321869,0.11394999921321869,0.11400000005960464,0.1137000024318695,0.11394999921321869,40929.0
2024-03-01 15:22:00,NUVL,87.41000366210938,87.41000366210938,87.41000366210938,87.41000366210938,87.41000366210938,327.0
2024-03-01 15:22:00,NVAX,5.414999961853027,5.414999961853027,5.449999809265137,5.360000133514404,5.364999771118164,310144.0
2024-03-01 15:22:00,NVCR,16.06999969482422,16.06999969482422,16.079999923706055,16.06999969482422,16.079999923706055,3103.0
2024-03-01 15:22:00,NVCT,10.75,10.75,10.75,10.75,10.75,533.0
2024-03-01 15:22:00,NVNO,6.409999847412109,6.409999847412109,6.409999847412109,6.409999847412109,6.409999847412109,1505.0
2024-03-01 15:22:00,NVOS,0.6460999846458435,0.6460999846458435,0.6492999792098999,0.6394000053405762,0.6420000195503235,10844.0
2024-03-01 15:22:00,NXTC,1.7599999904632568,1.7599999904632568,1.7599999904632568,1.7599999904632568,1.7599999904632568,100.0
2024-03-01 15:22:00,OCGN,0.9509000182151794,0.9509000182151794,0.9534010291099548,0.9509000182151794,0.9509000182151794,1541.0
2024-03-01 15:22:00,OCUL,10.645000457763672,10.645000457763672,10.649999618530273,10.645000457763672,10.649999618530273,1189.0
2024-03-01 15:22:00,OCUP,2.505000114440918,2.505000114440918,2.505000114440918,2.505000114440918,2.505000114440918,200.0
2024-03-01 15:22:00,OFIX,12.904999732971191,12.904999732971191,12.904999732971191,12.904999732971191,12.904999732971191,504.0
2024-03-01 15:22:00,OGI,2.1600000858306885,2.1600000858306885,2.1600000858306885,2.1549999713897705,2.1549999713897705,286.0
2024-03-01 15:22:00,OLK,22.985000610351562,22.985000610351562,22.985000610351562,22.985000610351562,22.985000610351562,196.0
2024-03-01 15:22:00,OLMA,14.84000015258789,14.84000015258789,14.850000381469727,14.84000015258789,14.850000381469727,246.0
2024-03-01 15:22:00,OMCL,26.260000228881836,26.260000228881836,26.34000015258789,26.2450008392334,26.329999923706055,4162.0
2024-03-01 15:22:00,OMER,4.795000076293945,4.795000076293945,4.800000190734863,4.789999961853027,4.800000190734863,576.0
2024-03-01 15:22:00,OMGA,4.400000095367432,4.400000095367432,4.400000095367432,4.389999866485596,4.389999866485596,1639.0
2024-03-01 15:23:00,ABCL,5.059999942779541,5.059999942779541,5.06879997253418,5.059999942779541,5.059999942779541,1247.0
2024-03-01 15:23:00,ABEO,7.739999771118164,7.739999771118164,7.75,7.739999771118164,7.75,1055.0
2024-03-01 15:23:00,ABOS,4.65500020980835,4.65500020980835,4.65500020980835,4.650000095367432,4.650000095367432,654.0
2024-03-01 15:23:00,ABSI,5.519999980926514,5.519999980926514,5.539999961853027,5.5,5.505000114440918,17116.0
2024-03-01 15:23:00,ACAD,24.149999618530273,24.149999618530273,24.149999618530273,24.149999618530273,24.149999618530273,180.0
2024-03-01 15:23:00,ACB,3.200000047683716,3.200000047683716,3.200000047683716,3.190000057220459,3.190000057220459,10308.0
2024-03-01 15:23:00,ACCD,10.045000076293945,10.045000076293945,10.050000190734863,10.045000076293945,10.050000190734863,842.0
2024-03-01 15:23:00,ACET,2.384999990463257,2.384999990463257,2.390000104904175,2.384999990463257,2.390000104904175,707.0
2024-03-01 15:23:00,ACHC,84.13999938964844,84.13999938964844,84.13999938964844,84.13999938964844,84.13999938964844,362.0
2024-03-01 15:23:00,ACHL,1.3698999881744385,1.3698999881744385,1.3698999881744385,1.3698999881744385,1.3698999881744385,1073.0
2024-03-01 15:23:00,ACIU,3.859999895095825,3.859999895095825,3.859999895095825,3.8299999237060547,3.8299999237060547,283.0
2024-03-01 15:23:00,ACLX,67.5,67.5,67.5,67.48500061035156,67.48500061035156,557.0
2024-03-01 15:23:00,ACRS,1.2200000286102295,1.2200000286102295,1.2300000190734863,1.2200000286102295,1.2200000286102295,4244.0
2024-03-01 15:23:00,ADAP,1.6098999977111816,1.6098999977111816,1.6098999977111816,1.6098999977111816,1.6098999977111816,734.0
2024-03-01 15:23:00,ADIL,2.9600000381469727,2.9600000381469727,3.0399999618530273,2.950000047683716,3.0304999351501465,44626.0
2024-03-01 15:23:00,ADMA,5.525000095367432,5.525000095367432,5.53000020980835,5.525000095367432,5.53000020980835,2872.0
2024-03-01 15:23:00,ADPT,4.065000057220459,4.065000057220459,4.065000057220459,4.065000057220459,4.065000057220459,464.0
2024-03-01 15:23:00,ADTX,3.430000066757202,3.430000066757202,3.430000066757202,3.430000066757202,3.430000066757202,126.0
2024-03-01 15:23:00,ADVM,1.940000057220459,1.940000057220459,1.940000057220459,1.940000057220459,1.940000057220459,1200.0
2024-03-01 15:23:00,AFMD,0.6800500154495239,0.6800500154495239,0.6800500154495239,0.6800500154495239,0.6800500154495239,100.0
2024-03-01 15:23:00,AGEN,0.6700999736785889,0.6700999736785889,0.6700999736785889,0.6700000166893005,0.6700500249862671,25174.0
2024-03-01 15:23:00,AGIO,32.279998779296875,32.279998779296875,32.32500076293945,32.279998779296875,32.314998626708984,3373.0
2024-03-01 15:23:00,AHCO,10.475000381469727,10.475000381469727,10.475000381469727,10.475000381469727,10.475000381469727,1018.0
2024-03-01 15:23:00,AIH,0.550000011920929,0.550000011920929,0.550000011920929,0.550000011920929,0.550000011920929,100.0
2024-03-01 15:23:00,AIMD,0.9699990153312683,0.9699990153312683,0.9699990153312683,0.9699990153312683,0.9699990153312683,638.0
2024-03-01 15:23:00,AIRS,6.420000076293945,6.420000076293945,6.420000076293945,6.420000076293945,6.420000076293945,611.0
2024-03-01 15:23:00,AKAN,0.21119999885559082,0.21119999885559082,0.21490000188350677,0.21119999885559082,0.21490000188350677,7776.0
2024-03-01 15:23:00,AKBA,1.6837999820709229,1.6837999820709229,1.690000057220459,1.6800999641418457,1.684999942779541,6497.0
2024-03-01 15:23:00,AKRO,28.45549964904785,28.45549964904785,28.45549964904785,28.325000762939453,28.354999542236328,6301.0
2024-03-01 15:23:00,ALDX,4.230000019073486,4.230000019073486,4.230000019073486,4.224999904632568,4.224999904632568,349.0
2024-03-01 15:23:00,ALEC,7.409999847412109,7.409999847412109,7.409999847412109,7.409999847412109,7.409999847412109,1303.0
2024-03-01 15:23:00,ALGN,301.9200134277344,301.9200134277344,302.05999755859375,301.8299865722656,302.05999755859375,1077.0
2024-03-01 15:23:00,ALHC,5.550000190734863,5.550000190734863,5.550000190734863,5.519999980926514,5.519999980926514,7761.0
2024-03-01 15:23:00,ALIM,3.7799999713897705,3.7799999713897705,3.7799999713897705,3.7799999713897705,3.7799999713897705,221.0
2024-03-01 15:23:00,ALKS,30.174999237060547,30.174999237060547,30.18000030517578,30.15999984741211,30.174999237060547,4060.0
2024-03-01 15:23:00,ALLK,1.659999966621399,1.659999966621399,1.659999966621399,1.6549999713897705,1.6549999713897705,1601.0
2024-03-01 15:23:00,ALLO,4.960000038146973,4.960000038146973,4.969699859619141,4.960000038146973,4.969699859619141,3186.0
2024-03-01 15:23:00,ALNY,153.48500061035156,153.48500061035156,153.48500061035156,153.48500061035156,153.48500061035156,405.0
2024-03-01 15:23:00,ALPN,35.97999954223633,35.97999954223633,35.97999954223633,35.974998474121094,35.974998474121094,684.0
2024-03-01 15:23:00,ALRN,5.079999923706055,5.079999923706055,5.079999923706055,5.079999923706055,5.079999923706055,113.0
2024-03-01 15:23:00,ALT,12.079899787902832,12.079899787902832,12.095000267028809,12.074999809265137,12.09000015258789,10251.0
2024-03-01 15:23:00,ALXO,15.010000228881836,15.010000228881836,15.020000457763672,15.0,15.0,2891.0
2024-03-01 15:23:00,AMED,93.30999755859375,93.30999755859375,93.30999755859375,93.29000091552734,93.30000305175781,586.0
2024-03-01 15:23:00,AMGN,280.32000732421875,280.32000732421875,280.44000244140625,280.25,280.44000244140625,4505.0
2024-03-01 15:23:00,AMLX,18.770000457763672,18.770000457763672,18.770000457763672,18.770000457763672,18.770000457763672,130.0
2024-03-01 15:23:00,ANAB,25.450000762939453,25.450000762939453,25.459999084472656,25.43000030517578,25.450000762939453,1820.0
2024-03-01 15:23:00,ANGO,5.480000019073486,5.480000019073486,5.480000019073486,5.480000019073486,5.480000019073486,282.0
2024-03-01 15:23:00,ANIP,66.66500091552734,66.66500091552734,66.70999908447266,66.6500015258789,66.6500015258789,1601.0
2024-03-01 15:23:00,ANIX,3.5,3.5,3.5,3.5,3.5,237.0
2024-03-01 15:23:00,ANNX,6.074999809265137,6.074999809265137,6.079999923706055,6.070000171661377,6.079999923706055,3739.0
2024-03-01 15:23:00,ANTX,3.020400047302246,3.020400047302246,3.026900053024292,3.020400047302246,3.026900053024292,1730.0
2024-03-01 15:23:00,APLS,64.31999969482422,64.31999969482422,64.36000061035156,64.30000305175781,64.36000061035156,5356.0
2024-03-01 15:23:00,APLT,7.050000190734863,7.050000190734863,7.050000190734863,7.050000190734863,7.050000190734863,723.0
2024-03-01 15:23:00,AQST,4.099999904632568,4.099999904632568,4.1392998695373535,4.079999923706055,4.1392998695373535,24326.0
2024-03-01 15:23:00,ARCT,39.64500045776367,39.64500045776367,39.64500045776367,39.64500045776367,39.64500045776367,641.0
2024-03-01 15:23:00,ARDX,9.460000038146973,9.460000038146973,9.460000038146973,9.452500343322754,9.460000038146973,4623.0
2024-03-01 15:23:00,ARQT,11.470000267028809,11.470000267028809,11.479999542236328,11.449999809265137,11.479999542236328,19666.0
2024-03-01 15:23:00,ARVN,47.75,47.75,47.7599983215332,47.689998626708984,47.7400016784668,2764.0
2024-03-01 15:23:00,ARWR,35.7400016784668,35.7400016784668,35.7400016784668,35.685001373291016,35.70000076293945,1961.0
2024-03-01 15:23:00,ASND,154.36500549316406,154.36500549316406,154.57000732421875,154.36500549316406,154.52999877929688,951.0
2024-03-01 15:23:00,ASRT,0.8932999968528748,0.8932999968528748,0.8932999968528748,0.8932999968528748,0.8932999968528748,347.0
2024-03-01 15:23:00,ATAI,2.119999885559082,2.119999885559082,2.119999885559082,2.119999885559082,2.119999885559082,451.0
2024-03-01 15:23:00,ATEC,13.484999656677246,13.484999656677246,13.489999771118164,13.484999656677246,13.484999656677246,1779.0
2024-03-01 15:23:00,ATHA,3.9549999237060547,3.9549999237060547,3.9549999237060547,3.9549999237060547,3.9549999237060547,298.0
2024-03-01 15:23:00,ATRA,0.7851499915122986,0.7851499915122986,0.789900004863739,0.7851499915122986,0.789900004863739,522.0
2024-03-01 15:23:00,ATXI,0.15395000576972961,0.15395000576972961,0.15449999272823334,0.1534000039100647,0.15389999747276306,2988.0
2024-03-01 15:23:00,ATXS,14.920000076293945,14.920000076293945,14.920000076293945,14.920000076293945,14.920000076293945,1432.0
2024-03-01 15:23:00,AUPH,5.769999980926514,5.769999980926514,5.769999980926514,5.769999980926514,5.769999980926514,298.0
2024-03-01 15:23:00,AURA,9.289999961853027,9.289999961853027,9.289999961853027,9.289999961853027,9.289999961853027,168.0
2024-03-01 15:23:00,AUTL,6.25,6.25,6.260000228881836,6.25,6.260000228881836,2792.0
2024-03-01 15:23:00,AVDL,13.414999961853027,13.414999961853027,13.470000267028809,13.399999618530273,13.399999618530273,52504.0
2024-03-01 15:23:00,AVRO,1.3200000524520874,1.3200000524520874,1.3200000524520874,1.3200000524520874,1.3200000524520874,100.0
2024-03-01 15:23:00,AVXL,5.309899806976318,5.309899806976318,5.309899806976318,5.300000190734863,5.300000190734863,456.0
2024-03-01 15:23:00,AXNX,67.70999908447266,67.70999908447266,67.70999908447266,67.70999908447266,67.70999908447266,1493.0
2024-03-01 15:23:00,AXSM,82.66500091552734,82.66500091552734,82.70500183105469,82.66500091552734,82.69000244140625,3417.0
2024-03-01 15:23:00,AZN,64.65499877929688,64.65499877929688,64.66500091552734,64.65499877929688,64.66500091552734,4643.0
2024-03-01 15:23:00,AZTA,67.02999877929688,67.02999877929688,67.02999877929688,67.0,67.0199966430664,1052.0
2024-03-01 15:23:00,BBIO,35.73350143432617,35.73350143432617,35.75,35.720001220703125,35.75,2467.0
2024-03-01 15:23:00,BBLG,2.440000057220459,2.440000057220459,2.440000057220459,2.440000057220459,2.440000057220459,179.0
2024-03-01 15:23:00,BCAB,2.8350000381469727,2.8350000381469727,2.8350000381469727,2.8350000381469727,2.8350000381469727,410.0
2024-03-01 15:23:00,BCRX,5.659999847412109,5.659999847412109,5.659999847412109,5.650000095367432,5.65500020980835,2548.0
2024-03-01 15:23:00,BCYC,25.729999542236328,25.729999542236328,25.729999542236328,25.729999542236328,25.729999542236328,537.0
2024-03-01 15:23:00,BDTX,4.739999771118164,4.739999771118164,4.744999885559082,4.739999771118164,4.744999885559082,3064.0
2024-03-01 15:23:00,BEAM,39.86000061035156,39.86000061035156,39.86000061035156,39.86000061035156,39.86000061035156,103.0
2024-03-01 15:23:00,BIIB,221.05499267578125,221.05499267578125,221.15379333496094,220.99000549316406,221.08999633789062,7319.0
2024-03-01 15:23:00,BIOL,0.14489999413490295,0.14489999413490295,0.14489999413490295,0.14480000734329224,0.14480000734329224,23841.0
2024-03-01 15:23:00,BIOR,1.1200000047683716,1.1200000047683716,1.1200000047683716,1.1200000047683716,1.1200000047683716,5916.0
2024-03-01 15:23:00,BIVI,1.9500000476837158,1.9500000476837158,1.9658000469207764,1.9500000476837158,1.9550000429153442,4786.0
2024-03-01 15:23:00,BLFS,17.739999771118164,17.739999771118164,17.809999465942383,17.739999771118164,17.790000915527344,2350.0
2024-03-01 15:23:00,BLUE,1.5700000524520874,1.5700000524520874,1.5750000476837158,1.5700000524520874,1.5700000524520874,5322.0
2024-03-01 15:23:00,BMEA,18.0,18.0,18.0,17.989999771118164,18.0,534.0
2024-03-01 15:23:00,BMRN,87.80599975585938,87.80599975585938,87.83000183105469,87.7750015258789,87.83000183105469,5087.0
2024-03-01 15:23:00,BNGO,1.2584999799728394,1.2584999799728394,1.2599999904632568,1.2549999952316284,1.2599999904632568,1385.0
2024-03-01 15:23:00,BNOX,1.2094999551773071,1.2094999551773071,1.2100000381469727,1.2094999551773071,1.2100000381469727,4087.0
2024-03-01 15:23:00,BNR,0.8100500106811523,0.8100500106811523,0.8100500106811523,0.8100000023841858,0.8100000023841858,200.0
2024-03-01 15:23:00,BNTX,90.88999938964844,90.88999938964844,90.98500061035156,90.87999725341797,90.98500061035156,1001.0
2024-03-01 15:23:00,BPMC,96.05999755859375,96.05999755859375,96.12000274658203,95.91999816894531,96.12000274658203,3401.0
2024-03-01 15:23:00,BRKR,88.4800033569336,88.4800033569336,88.48999786376953,88.44999694824219,88.48500061035156,2449.0
2024-03-01 15:23:00,BTTX,0.18199999630451202,0.18199999630451202,0.18209999799728394,0.18199999630451202,0.18209999799728394,20700.0
2024-03-01 15:23:00,BWAY,6.53000020980835,6.53000020980835,6.53000020980835,6.53000020980835,6.53000020980835,100.0
2024-03-01 15:23:00,CABA,23.969999313354492,23.969999313354492,23.989999771118164,23.940000534057617,23.989999771118164,3721.0
2024-03-01 15:23:00,CARA,0.916700005531311,0.916700005531311,0.916700005531311,0.916700005531311,0.916700005531311,914.0
2024-03-01 15:23:00,CBAY,32.22999954223633,32.22999954223633,32.22999954223633,32.220001220703125,32.22999954223633,3641.0
2024-03-01 15:23:00,CCCC,10.999199867248535,10.999199867248535,11.0,10.989999771118164,10.989999771118164,2751.0
2024-03-01 15:23:00,CCRN,18.290000915527344,18.290000915527344,18.309999465942383,18.290000915527344,18.309999465942383,1265.0
2024-03-01 15:23:00,CDMO,8.229999542236328,8.229999542236328,8.25,8.222999572753906,8.25,3132.0
2024-03-01 15:23:00,CDNA,12.489999771118164,12.489999771118164,12.5,12.475000381469727,12.479999542236328,5513.0
2024-03-01 15:23:00,CDTX,0.7121000289916992,0.7121000289916992,0.7121000289916992,0.7121000289916992,0.7121000289916992,7650.0
2024-03-01 15:23:00,CDXS,4.65500020980835,4.65500020980835,4.65500020980835,4.650000095367432,4.65500020980835,8831.0
2024-03-01 15:23:00,CELC,17.139999389648438,17.139999389648438,17.139999389648438,17.139999389648438,17.139999389648438,209.0
2024-03-01 15:23:00,CERE,41.11000061035156,41.11000061035156,41.1150016784668,41.11000061035156,41.11000061035156,580.0
2024-03-01 15:23:00,CERS,2.184999942779541,2.184999942779541,2.184999942779541,2.184999942779541,2.184999942779541,102.0
2024-03-01 15:23:00,CERT,18.1299991607666,18.1299991607666,18.1299991607666,18.1299991607666,18.1299991607666,599.0
2024-03-01 15:23:00,CGC,3.184999942779541,3.184999942779541,3.190000057220459,3.1800999641418457,3.190000057220459,4244.0
2024-03-01 15:23:00,CGEM,18.790000915527344,18.790000915527344,18.790000915527344,18.790000915527344,18.790000915527344,200.0
2024-03-01 15:23:00,CHRS,2.4000000953674316,2.4000000953674316,2.4049999713897705,2.4000000953674316,2.4000000953674316,5381.0
2024-03-01 15:23:00,CING,1.3350000381469727,1.3350000381469727,1.3350000381469727,1.3350000381469727,1.3350000381469727,140.0
2024-03-01 15:23:00,CKPT,2.2100000381469727,2.2100000381469727,2.2100000381469727,2.200000047683716,2.200000047683716,5988.0
2024-03-01 15:23:00,CLDX,51.75,51.75,51.810001373291016,51.73500061035156,51.73500061035156,7409.0
2024-03-01 15:23:00,CLOV,0.8659999966621399,0.8659999966621399,0.866100013256073,0.8659999966621399,0.8659999966621399,6601.0
2024-03-01 15:23:00,CLPT,6.619999885559082,6.619999885559082,6.619999885559082,6.619999885559082,6.619999885559082,100.0
2024-03-01 15:23:00,CLRB,4.090000152587891,4.090000152587891,4.090000152587891,4.090000152587891,4.090000152587891,1240.0
2024-03-01 15:23:00,CMAX,7.809999942779541,7.809999942779541,7.809999942779541,7.809999942779541,7.809999942779541,116.0
2024-03-01 15:23:00,CMPS,11.470000267028809,11.470000267028809,11.479999542236328,11.460000038146973,11.470000267028809,3777.0
2024-03-01 15:23:00,CMRX,1.2000000476837158,1.2000000476837158,1.2000000476837158,1.2000000476837158,1.2000000476837158,149.0
2024-03-01 15:23:00,CNSP,0.33899998664855957,0.33899998664855957,0.33980000019073486,0.33899998664855957,0.33980000019073486,2716.0
2024-03-01 15:23:00,CORT,24.239999771118164,24.239999771118164,24.239999771118164,24.229999542236328,24.239999771118164,1749.0
2024-03-01 15:23:00,COSM,0.777999997138977,0.777999997138977,0.777999997138977,0.777999997138977,0.777999997138977,810.0
2024-03-01 15:23:00,CPRX,17.15999984741211,17.15999984741211,17.15999984741211,17.155000686645508,17.155000686645508,1324.0
2024-03-01 15:23:00,CPSI,9.40999984741211,9.40999984741211,9.40999984741211,9.399999618530273,9.40999984741211,1315.0
2024-03-01 15:23:00,CRBP,33.349998474121094,33.349998474121094,33.349998474121094,33.09000015258789,33.09000015258789,644.0
2024-03-01 15:23:00,CRBU,7.855000019073486,7.855000019073486,7.855000019073486,7.829999923706055,7.840000152587891,5903.0
2024-03-01 15:23:00,CRDF,2.75,2.75,2.8598999977111816,2.7309999465942383,2.734999895095825,181584.0
2024-03-01 15:23:00,CRDL,1.9062999486923218,1.9062999486923218,1.9062999486923218,1.9062999486923218,1.9062999486923218,5503.0
2024-03-01 15:23:00,CRMD,3.6649999618530273,3.6649999618530273,3.6649999618530273,3.6649999618530273,3.6649999618530273,1173.0
2024-03-01 15:23:00,CRON,2.0285000801086426,2.0285000801086426,2.0285000801086426,2.0250000953674316,2.0250000953674316,1106.0
2024-03-01 15:23:00,CRSP,84.7249984741211,84.7249984741211,84.75,84.70999908447266,84.73999786376953,1480.0
2024-03-01 15:23:00,CRVS,2.1714000701904297,2.1714000701904297,2.1714000701904297,2.1714000701904297,2.1714000701904297,4459.0
2024-03-01 15:23:00,CSBR,5.590000152587891,5.590000152587891,5.590000152587891,5.590000152587891,5.590000152587891,101.0
2024-03-01 15:23:00,CSTL,19.93000030517578,19.93000030517578,19.93000030517578,19.93000030517578,19.93000030517578,674.0
2024-03-01 15:23:00,CTKB,9.045000076293945,9.045000076293945,9.050000190734863,9.045000076293945,9.050000190734863,1004.0
2024-03-01 15:23:00,CTMX,2.5450000762939453,2.5450000762939453,2.549999952316284,2.519700050354004,2.5199999809265137,4761.0
2024-03-01 15:23:00,CTSO,0.9846000075340271,0.9846000075340271,0.9846000075340271,0.9846000075340271,0.9846000075340271,273.0
2024-03-01 15:23:00,CUE,2.1649999618530273,2.1649999618530273,2.1649999618530273,2.1649999618530273,2.1649999618530273,1093.0
2024-03-01 15:23:00,CUTR,2.4049999713897705,2.4049999713897705,2.4091999530792236,2.4049999713897705,2.4091999530792236,200.0
2024-03-01 15:23:00,CVAC,3.444999933242798,3.444999933242798,3.444999933242798,3.444999933242798,3.444999933242798,159.0
2024-03-01 15:23:00,CVRX,20.68000030517578,20.68000030517578,20.68000030517578,20.68000030517578,20.68000030517578,226.0
2024-03-01 15:23:00,CYTK,73.86000061035156,73.86000061035156,73.87999725341797,73.8499984741211,73.87999725341797,913.0
2024-03-01 15:23:00,DARE,0.5590000152587891,0.5590000152587891,0.5590000152587891,0.5590000152587891,0.5590000152587891,100.0
2024-03-01 15:23:00,DAWN,17.549999237060547,17.549999237060547,17.575000762939453,17.545000076293945,17.575000762939453,1359.0
2024-03-01 15:23:00,DCGO,4.048999786376953,4.048999786376953,4.054999828338623,4.045000076293945,4.050000190734863,1355.0
2024-03-01 15:23:00,DCPH,17.510000228881836,17.510000228881836,17.510000228881836,17.510000228881836,17.510000228881836,223.0
2024-03-01 15:23:00,DERM,4.045000076293945,4.045000076293945,4.045000076293945,4.045000076293945,4.045000076293945,500.0
2024-03-01 15:23:00,DH,8.8100004196167,8.8100004196167,8.819999694824219,8.800000190734863,8.819999694824219,840.0
2024-03-01 15:23:00,DMTK,0.8349999785423279,0.8349999785423279,0.8384400010108948,0.8349999785423279,0.8349999785423279,5874.0
2024-03-01 15:23:00,DNLI,21.09000015258789,21.09000015258789,21.09000015258789,21.051000595092773,21.051000595092773,1798.0
2024-03-01 15:23:00,DSGN,2.869999885559082,2.869999885559082,2.869999885559082,2.869999885559082,2.869999885559082,189.0
2024-03-01 15:23:00,DVAX,12.795000076293945,12.795000076293945,12.800000190734863,12.795000076293945,12.800000190734863,2202.0
2024-03-01 15:23:00,DXCM,121.20500183105469,121.20500183105469,121.20500183105469,121.08999633789062,121.18000030517578,6738.0
2024-03-01 15:23:00,DYN,29.200000762939453,29.200000762939453,29.219999313354492,29.15999984741211,29.15999984741211,4075.0
2024-03-01 15:23:00,EDIT,10.789999961853027,10.789999961853027,10.795000076293945,10.779999732971191,10.795000076293945,7335.0
2024-03-01 15:23:00,EFTR,16.25,16.25,16.270000457763672,16.25,16.270000457763672,1223.0
2024-03-01 15:23:00,EGRX,6.585000038146973,6.585000038146973,6.585000038146973,6.585000038146973,6.585000038146973,139.0
2024-03-01 15:23:00,ELEV,5.215000152587891,5.215000152587891,5.235000133514404,5.210000038146973,5.235000133514404,5363.0
2024-03-01 15:23:00,EMBC,14.295000076293945,14.295000076293945,14.295000076293945,14.295000076293945,14.295000076293945,100.0
2024-03-01 15:23:00,ENSG,121.47000122070312,121.47000122070312,121.47000122070312,121.47000122070312,121.47000122070312,771.0
2024-03-01 15:23:00,ENTX,1.3899999856948853,1.3899999856948853,1.3899999856948853,1.3899999856948853,1.3899999856948853,249.0
2024-03-01 15:23:00,ENVB,1.5299999713897705,1.5299999713897705,1.5299999713897705,1.5200999975204468,1.5299999713897705,3768.0
2024-03-01 15:23:00,EOLS,14.819999694824219,14.819999694824219,14.819999694824219,14.819999694824219,14.819999694824219,435.0
2024-03-01 15:23:00,EPIX,9.609999656677246,9.609999656677246,9.609999656677246,9.550000190734863,9.550000190734863,337.0
2024-03-01 15:23:00,ERAS,2.569999933242798,2.569999933242798,2.5799999237060547,2.559999942779541,2.559999942779541,8635.0
2024-03-01 15:23:00,ESPR,2.5450000762939453,2.5450000762939453,2.549999952316284,2.5450000762939453,2.5450000762939453,2141.0
2024-03-01 15:23:00,ESTA,44.505001068115234,44.505001068115234,44.58000183105469,44.5,44.505001068115234,648.0
2024-03-01 15:23:00,ETNB,12.694999694824219,12.694999694824219,12.699999809265137,12.6899995803833,12.6899995803833,1167.0
2024-03-01 15:23:00,EVGN,0.9799000024795532,0.9799000024795532,0.9799000024795532,0.9799000024795532,0.9799000024795532,103.0
2024-03-01 15:23:00,EWTX,16.84000015258789,16.84000015258789,16.864999771118164,16.84000015258789,16.864999771118164,3767.0
2024-03-01 15:23:00,EXAI,6.570000171661377,6.570000171661377,6.570000171661377,6.559999942779541,6.559999942779541,919.0
2024-03-01 15:23:00,EXAS,59.560001373291016,59.560001373291016,59.56999969482422,59.54499816894531,59.54499816894531,2457.0
2024-03-01 15:23:00,EXEL,22.264999389648438,22.264999389648438,22.264999389648438,22.264999389648438,22.264999389648438,2600.0
2024-03-01 15:23:00,EYEN,2.359999895095825,2.359999895095825,2.359999895095825,2.3499999046325684,2.3499999046325684,631.0
2024-03-01 15:23:00,EYPT,27.979999542236328,27.979999542236328,27.989999771118164,27.96500015258789,27.989999771118164,1435.0
2024-03-01 15:23:00,FATE,7.679999828338623,7.679999828338623,7.688899993896484,7.679999828338623,7.684999942779541,673.0
2024-03-01 15:23:00,FDMT,29.450000762939453,29.450000762939453,29.450000762939453,29.450000762939453,29.450000762939453,478.0
2024-03-01 15:23:00,FEMY,1.7699999809265137,1.7699999809265137,1.7699999809265137,1.7699999809265137,1.7699999809265137,2628.0
2024-03-01 15:23:00,FGEN,1.8300000429153442,1.8300000429153442,1.8300000429153442,1.8250000476837158,1.8250000476837158,1900.0
2024-03-01 15:23:00,FHTX,7.96999979019165,7.96999979019165,7.96999979019165,7.96999979019165,7.96999979019165,357.0
2024-03-01 15:23:00,FIXX,0.9043999910354614,0.9043999910354614,0.9086999893188477,0.9043999910354614,0.9086999893188477,1800.0
2024-03-01 15:23:00,FLGT,23.100000381469727,23.100000381469727,23.100000381469727,23.100000381469727,23.100000381469727,226.0
2024-03-01 15:23:00,FOLD,13.305000305175781,13.305000305175781,13.3100004196167,13.305000305175781,13.3100004196167,1073.0
2024-03-01 15:23:00,FULC,11.0,11.0,11.0,10.949999809265137,10.949999809265137,2605.0
2024-03-01 15:23:00,FUSN,12.194999694824219,12.194999694824219,12.210000038146973,12.194999694824219,12.210000038146973,436.0
2024-03-01 15:23:00,FWBI,8.939900398254395,8.939900398254395,8.939900398254395,8.939900398254395,8.939900398254395,431.0
2024-03-01 15:23:00,GALT,1.9704999923706055,1.9704999923706055,1.9704999923706055,1.9704999923706055,1.9704999923706055,200.0
2024-03-01 15:23:00,GANX,4.670000076293945,4.670000076293945,4.670000076293945,4.670000076293945,4.670000076293945,700.0
2024-03-01 15:23:00,GBIO,2.630000114440918,2.630000114440918,2.630000114440918,2.630000114440918,2.630000114440918,608.0
2024-03-01 15:23:00,GCTK,0.30907899141311646,0.30907899141311646,0.30907899141311646,0.30907899141311646,0.30907899141311646,100.0
2024-03-01 15:23:00,GDRX,8.414999961853027,8.414999961853027,8.414999961853027,8.414999961853027,8.414999961853027,299.0
2024-03-01 15:23:00,GENE,2.359999895095825,2.359999895095825,2.359999895095825,2.3499999046325684,2.359999895095825,821.0
2024-03-01 15:23:00,GERN,2.25,2.25,2.259999990463257,2.25,2.255000114440918,15826.0
2024-03-01 15:23:00,GH,19.03499984741211,19.03499984741211,19.040000915527344,19.030000686645508,19.030000686645508,2166.0
2024-03-01 15:23:00,GILD,72.53500366210938,72.53500366210938,72.53500366210938,72.5199966430664,72.53500366210938,6793.0
2024-03-01 15:23:00,GLSI,12.680000305175781,12.680000305175781,12.680000305175781,12.680000305175781,12.680000305175781,163.0
2024-03-01 15:23:00,GLTO,0.800000011920929,0.800000011920929,0.800000011920929,0.800000011920929,0.800000011920929,6709.0
2024-03-01 15:23:00,GMAB,29.389999389648438,29.389999389648438,29.389999389648438,29.3799991607666,29.3799991607666,2712.0
2024-03-01 15:23:00,GMDA,0.3862000107765198,0.3862000107765198,0.3864000141620636,0.3862000107765198,0.3864000141620636,1000.0
2024-03-01 15:23:00,GOSS,1.4149999618530273,1.4149999618530273,1.4199999570846558,1.409999966621399,1.4199999570846558,2608.0
2024-03-01 15:23:00,GOVX,2.4769999980926514,2.4769999980926514,2.4769999980926514,2.4769999980926514,2.4769999980926514,268.0
2024-03-01 15:23:00,GRFS,7.014999866485596,7.014999866485596,7.014999866485596,7.014999866485596,7.014999866485596,1066.0
2024-03-01 15:23:00,GRTS,2.0199999809265137,2.0199999809265137,2.0199999809265137,2.015000104904175,2.0199999809265137,1168.0
2024-03-01 15:23:00,GTHX,3.765000104904175,3.765000104904175,3.7699999809265137,3.765000104904175,3.7699999809265137,1334.0
2024-03-01 15:23:00,HALO,41.02000045776367,41.02000045776367,41.02000045776367,41.02000045776367,41.02000045776367,325.0
2024-03-01 15:23:00,HCAT,8.104999542236328,8.104999542236328,8.104999542236328,8.104999542236328,8.104999542236328,324.0
2024-03-01 15:23:00,HLVX,19.209999084472656,19.209999084472656,19.229999542236328,19.15999984741211,19.229999542236328,2314.0
2024-03-01 15:23:00,HOLX,74.19999694824219,74.19999694824219,74.2249984741211,74.19100189208984,74.22000122070312,2231.0
2024-03-01 15:23:00,HOWL,7.130000114440918,7.130000114440918,7.130000114440918,7.070000171661377,7.099999904632568,3683.0
2024-03-01 15:23:00,HQY,81.34500122070312,81.34500122070312,81.34500122070312,81.33999633789062,81.33999633789062,1486.0
2024-03-01 15:23:00,HRMY,31.700000762939453,31.700000762939453,31.709999084472656,31.700000762939453,31.709999084472656,1649.0
2024-03-01 15:23:00,HRTX,2.569999933242798,2.569999933242798,2.5799999237060547,2.569999933242798,2.5799999237060547,20237.0
2024-03-01 15:23:00,HSIC,76.92500305175781,76.92500305175781,76.92500305175781,76.91000366210938,76.91000366210938,971.0
2024-03-01 15:23:00,HUMA,3.265000104904175,3.265000104904175,3.265000104904175,3.240000009536743,3.265000104904175,22474.0
2024-03-01 15:23:00,IART,36.20500183105469,36.20500183105469,36.20500183105469,36.20500183105469,36.20500183105469,342.0
2024-03-01 15:23:00,IBRX,4.789999961853027,4.789999961853027,4.795000076293945,4.789999961853027,4.795000076293945,729.0
2024-03-01 15:23:00,ICLR,325.0199890136719,325.0199890136719,325.0199890136719,325.0199890136719,325.0199890136719,365.0
2024-03-01 15:23:00,ICUI,106.05999755859375,106.05999755859375,106.12000274658203,106.0,106.05000305175781,1783.0
2024-03-01 15:23:00,IDYA,46.2599983215332,46.2599983215332,46.2599983215332,46.244998931884766,46.244998931884766,644.0
2024-03-01 15:23:00,IGMS,12.859999656677246,12.859999656677246,12.890000343322754,12.859999656677246,12.890000343322754,569.0
2024-03-01 15:23:00,ILMN,141.16000366210938,141.16000366210938,141.24000549316406,141.16000366210938,141.18499755859375,2097.0
2024-03-01 15:23:00,IMCR,67.90599822998047,67.90599822998047,67.90599822998047,67.79000091552734,67.80999755859375,551.0
2024-03-01 15:23:00,IMNN,1.0200999975204468,1.0200999975204468,1.0200999975204468,1.0099999904632568,1.0199999809265137,1424.0
2024-03-01 15:23:00,IMUX,1.4600000381469727,1.4600000381469727,1.4600000381469727,1.4600000381469727,1.4600000381469727,261.0
2024-03-01 15:23:00,IMVT,35.630001068115234,35.630001068115234,35.630001068115234,35.599998474121094,35.630001068115234,3646.0
2024-03-01 15:23:00,INBX,36.52000045776367,36.52000045776367,36.52000045776367,36.52000045776367,36.52000045776367,326.0
2024-03-01 15:23:00,INCY,59.130001068115234,59.130001068115234,59.130001068115234,59.06999969482422,59.099998474121094,4312.0
2024-03-01 15:23:00,INGN,6.889999866485596,6.889999866485596,6.889999866485596,6.880000114440918,6.880000114440918,855.0
2024-03-01 15:23:00,INMB,12.470000267028809,12.470000267028809,12.470000267028809,12.380000114440918,12.380000114440918,417.0
2024-03-01 15:23:00,INMD,22.93120002746582,22.93120002746582,22.940000534057617,22.90999984741211,22.924999237060547,6644.0
2024-03-01 15:23:00,INSM,28.065000534057617,28.065000534057617,28.06999969482422,28.059999465942383,28.06999969482422,2023.0
2024-03-01 15:23:00,INVO,1.190000057220459,1.190000057220459,1.190000057220459,1.190000057220459,1.190000057220459,118.0
2024-03-01 15:23:00,INZY,6.579999923706055,6.579999923706055,6.579999923706055,6.579999923706055,6.579999923706055,203.0
2024-03-01 15:23:00,IONS,45.869998931884766,45.869998931884766,45.88999938964844,45.84000015258789,45.84000015258789,538.0
2024-03-01 15:23:00,IOVA,16.860000610351562,16.860000610351562,16.8799991607666,16.854999542236328,16.8799991607666,12561.0
2024-03-01 15:23:00,IPSC,3.9649999141693115,3.9649999141693115,3.9649999141693115,3.9649999141693115,3.9649999141693115,100.0
2024-03-01 15:23:00,IRTC,121.09500122070312,121.09500122070312,121.25499725341797,121.09500122070312,121.25499725341797,2026.0
2024-03-01 15:23:00,IRWD,8.9350004196167,8.9350004196167,8.939900398254395,8.920000076293945,8.9350004196167,29292.0
2024-03-01 15:23:00,ISRG,397.8900146484375,397.8900146484375,397.8999938964844,397.7799987792969,397.7799987792969,1668.0
2024-03-01 15:23:00,ITCI,72.24500274658203,72.24500274658203,72.26000213623047,72.2300033569336,72.26000213623047,936.0
2024-03-01 15:23:00,IVVD,3.9800000190734863,3.9800000190734863,3.9800000190734863,3.9749999046325684,3.9749999046325684,590.0
2024-03-01 15:23:00,JAGX,0.08460000157356262,0.08460000157356262,0.0860000029206276,0.08460000157356262,0.0860000029206276,139160.0
2024-03-01 15:23:00,JANX,46.099998474121094,46.099998474121094,46.099998474121094,45.9900016784668,46.029998779296875,1612.0
2024-03-01 15:23:00,JAZZ,119.16000366210938,119.16000366210938,119.38999938964844,119.16000366210938,119.36000061035156,1816.0
2024-03-01 15:23:00,KIDS,27.920000076293945,27.920000076293945,27.920000076293945,27.8700008392334,27.8700008392334,1038.0
2024-03-01 15:23:00,KNSA,21.915000915527344,21.915000915527344,21.915000915527344,21.915000915527344,21.915000915527344,100.0
2024-03-01 15:23:00,KNTE,2.5999999046325684,2.5999999046325684,2.5999999046325684,2.5999999046325684,2.5999999046325684,200.0
2024-03-01 15:23:00,KOD,6.03000020980835,6.03000020980835,6.03000020980835,6.025000095367432,6.025000095367432,220.0
2024-03-01 15:23:00,KPTI,1.1950000524520874,1.1950000524520874,1.1950000524520874,1.1950000524520874,1.1950000524520874,477.0
2024-03-01 15:23:00,KRMD,2.140000104904175,2.140000104904175,2.140000104904175,2.140000104904175,2.140000104904175,479.0
2024-03-01 15:23:00,KRON,1.0549999475479126,1.0549999475479126,1.0549999475479126,1.0549999475479126,1.0549999475479126,414.0
2024-03-01 15:23:00,KROS,68.87999725341797,68.87999725341797,68.87999725341797,68.79000091552734,68.79000091552734,730.0
2024-03-01 15:23:00,KRTX,315.70001220703125,315.70001220703125,315.70001220703125,315.70001220703125,315.70001220703125,397.0
2024-03-01 15:23:00,KRYS,168.67999267578125,168.67999267578125,168.77999877929688,168.67999267578125,168.77999877929688,918.0
2024-03-01 15:23:00,KYMR,43.779998779296875,43.779998779296875,43.779998779296875,43.779998779296875,43.779998779296875,122.0
2024-03-01 15:23:00,KZR,1.0399999618530273,1.0399999618530273,1.0449999570846558,1.0399999618530273,1.0449999570846558,700.0
2024-03-01 15:23:00,LAB,2.4549999237060547,2.4549999237060547,2.4549999237060547,2.4549999237060547,2.4549999237060547,1871.0
2024-03-01 15:23:00,LBPH,21.649999618530273,21.649999618530273,21.649999618530273,21.52989959716797,21.530000686645508,5333.0
2024-03-01 15:23:00,LEGN,65.62999725341797,65.62999725341797,65.62999725341797,65.62999725341797,65.62999725341797,286.0
2024-03-01 15:23:00,LEXX,2.79010009765625,2.79010009765625,2.799999952316284,2.79010009765625,2.799999952316284,597.0
2024-03-01 15:23:00,LFMD,7.965000152587891,7.965000152587891,7.965000152587891,7.949999809265137,7.965000152587891,6002.0
2024-03-01 15:23:00,LFST,7.764999866485596,7.764999866485596,7.764999866485596,7.760000228881836,7.760000228881836,851.0
2024-03-01 15:23:00,LGVN,0.5379999876022339,0.5379999876022339,0.5379999876022339,0.5379999876022339,0.5379999876022339,102.0
2024-03-01 15:23:00,LMAT,67.98999786376953,67.98999786376953,67.98999786376953,67.95999908447266,67.95999908447266,587.0
2024-03-01 15:23:00,LNTH,64.41999816894531,64.41999816894531,64.43000030517578,64.38999938964844,64.43000030517578,2006.0
2024-03-01 15:23:00,LQDA,14.595000267028809,14.595000267028809,14.595000267028809,14.595000267028809,14.595000267028809,225.0
2024-03-01 15:23:00,LRMR,11.300000190734863,11.300000190734863,11.300000190734863,11.300000190734863,11.300000190734863,100.0
2024-03-01 15:23:00,LTRN,4.139999866485596,4.139999866485596,4.179999828338623,4.139999866485596,4.175000190734863,575.0
2024-03-01 15:23:00,LUNG,9.420000076293945,9.420000076293945,9.420000076293945,9.40999984741211,9.420000076293945,1040.0
2024-03-01 15:23:00,LXRX,2.484999895095825,2.484999895095825,2.490000009536743,2.484999895095825,2.490000009536743,3187.0
2024-03-01 15:23:00,LYRA,5.650000095367432,5.650000095367432,5.650000095367432,5.650000095367432,5.650000095367432,611.0
2024-03-01 15:23:00,MACK,14.710000038146973,14.710000038146973,14.710000038146973,14.710000038146973,14.710000038146973,205.0
2024-03-01 15:23:00,MASI,127.91000366210938,127.91000366210938,127.91000366210938,127.6500015258789,127.6500015258789,2498.0
2024-03-01 15:23:00,MBRX,0.6298999786376953,0.6298999786376953,0.6298999786376953,0.6298999786376953,0.6298999786376953,400.0
2024-03-01 15:23:00,MCRB,1.2300000190734863,1.2300000190734863,1.2300000190734863,1.2200000286102295,1.2200000286102295,1673.0
2024-03-01 15:23:00,MDGL,250.2100067138672,250.2100067138672,250.2100067138672,250.2050018310547,250.2050018310547,610.0
2024-03-01 15:23:00,MDRX,6.019999980926514,6.019999980926514,6.050000190734863,6.019999980926514,6.019999980926514,31832.0
2024-03-01 15:23:00,MDXG,8.579999923706055,8.579999923706055,8.579999923706055,8.579999923706055,8.579999923706055,1025.0
2024-03-01 15:23:00,ME,0.5515999794006348,0.5515999794006348,0.5515999794006348,0.5511000156402588,0.5515999794006348,10026.0
2024-03-01 15:23:00,MEDP,403.510986328125,403.510986328125,403.8800048828125,403.510986328125,403.8800048828125,933.0
2024-03-01 15:23:00,MGNX,18.729999542236328,18.729999542236328,18.730100631713867,18.729999542236328,18.730100631713867,1737.0
2024-03-01 15:23:00,MGTX,6.46999979019165,6.46999979019165,6.46999979019165,6.46999979019165,6.46999979019165,500.0
2024-03-01 15:23:00,MIST,1.7000000476837158,1.7000000476837158,1.7000000476837158,1.6799999475479126,1.6799999475479126,350.0
2024-03-01 15:23:00,MLTX,50.29999923706055,50.29999923706055,50.31999969482422,50.290000915527344,50.31999969482422,2280.0
2024-03-01 15:23:00,MMSI,76.1050033569336,76.1050033569336,76.1050033569336,76.1050033569336,76.1050033569336,1010.0
2024-03-01 15:23:00,MNKD,4.534999847412109,4.534999847412109,4.539999961853027,4.531599998474121,4.539999961853027,7317.0
2024-03-01 15:23:00,MNMD,6.135000228881836,6.135000228881836,6.139800071716309,6.119999885559082,6.119999885559082,2359.0
2024-03-01 15:23:00,MNPR,0.9200000166893005,0.9200000166893005,0.9200000166893005,0.9200000166893005,0.9200000166893005,650.0
2024-03-01 15:23:00,MODD,1.8899999856948853,1.8899999856948853,1.8899999856948853,1.8899999856948853,1.8899999856948853,207.0
2024-03-01 15:23:00,MODV,28.225000381469727,28.225000381469727,28.299999237060547,28.15999984741211,28.15999984741211,6220.0
2024-03-01 15:23:00,MOR,17.65999984741211,17.65999984741211,17.670000076293945,17.65999984741211,17.670000076293945,345.0
2024-03-01 15:23:00,MORF,39.630001068115234,39.630001068115234,39.630001068115234,39.630001068115234,39.630001068115234,179.0
2024-03-01 15:23:00,MOTS,0.6550999879837036,0.6550999879837036,0.6624990105628967,0.6550999879837036,0.6624990105628967,925.0
2024-03-01 15:23:00,MOVE,0.5654000043869019,0.5654000043869019,0.5654000043869019,0.5654000043869019,0.5654000043869019,361.0
2024-03-01 15:23:00,MREO,3.9500999450683594,3.9500999450683594,3.95989990234375,3.9500999450683594,3.95989990234375,2542.0
2024-03-01 15:23:00,MRNA,95.55000305175781,95.55000305175781,95.58000183105469,95.51000213623047,95.55500030517578,8786.0
2024-03-01 15:23:00,MRNS,9.979999542236328,9.979999542236328,9.991600036621094,9.970000267028809,9.991600036621094,2195.0
2024-03-01 15:23:00,MRSN,5.949999809265137,5.949999809265137,5.950300216674805,5.940000057220459,5.950300216674805,7014.0
2024-03-01 15:23:00,MRUS,51.48500061035156,51.48500061035156,51.560001373291016,51.448001861572266,51.5099983215332,2215.0
2024-03-01 15:23:00,MRVI,7.684999942779541,7.684999942779541,7.684999942779541,7.684999942779541,7.684999942779541,968.0
2024-03-01 15:23:00,MXCT,4.735000133514404,4.735000133514404,4.735000133514404,4.735000133514404,4.735000133514404,334.0
2024-03-01 15:23:00,MYGN,22.0,22.0,22.020000457763672,21.989999771118164,22.020000457763672,1400.0
2024-03-01 15:23:00,MYNZ,0.8805000185966492,0.8805000185966492,0.8805000185966492,0.8712000250816345,0.8799999952316284,8796.0
2024-03-01 15:23:00,NARI,45.97999954223633,45.97999954223633,45.99250030517578,45.970001220703125,45.99250030517578,4951.0
2024-03-01 15:23:00,NBIX,131.86000061035156,131.86000061035156,131.8699951171875,131.86000061035156,131.8699951171875,512.0
2024-03-01 15:23:00,NEO,15.979999542236328,15.979999542236328,15.989999771118164,15.979999542236328,15.979999542236328,529.0
2024-03-01 15:23:00,NEOG,17.295000076293945,17.295000076293945,17.295000076293945,17.28499984741211,17.290000915527344,1474.0
2024-03-01 15:23:00,NERV,2.619999885559082,2.619999885559082,2.630000114440918,2.619999885559082,2.630000114440918,1121.0
2024-03-01 15:23:00,NGM,1.5199999809265137,1.5199999809265137,1.5199999809265137,1.5199999809265137,1.5199999809265137,1348.0
2024-03-01 15:23:00,NKTR,0.7601000070571899,0.7601000070571899,0.760200023651123,0.7601000070571899,0.7601000070571899,11321.0
2024-03-01 15:23:00,NKTX,12.694999694824219,12.694999694824219,12.694999694824219,12.6850004196167,12.6850004196167,2043.0
2024-03-01 15:23:00,NNOX,10.930000305175781,10.930000305175781,10.932000160217285,10.925000190734863,10.930000305175781,1916.0
2024-03-01 15:23:00,NOTV,7.929999828338623,7.929999828338623,7.960000038146973,7.913899898529053,7.960000038146973,3359.0
2024-03-01 15:23:00,NPCE,15.90999984741211,15.90999984741211,15.90999984741211,15.90999984741211,15.90999984741211,384.0
2024-03-01 15:23:00,NRC,40.5,40.5,40.54999923706055,40.47999954223633,40.54999923706055,985.0
2024-03-01 15:23:00,NRIX,13.550000190734863,13.550000190734863,13.5600004196167,13.550000190734863,13.550100326538086,1642.0
2024-03-01 15:23:00,NTLA,33.255001068115234,33.255001068115234,33.255001068115234,33.220001220703125,33.2400016784668,1302.0
2024-03-01 15:23:00,NTRA,89.70999908447266,89.70999908447266,89.70999908447266,89.6500015258789,89.66500091552734,3716.0
2024-03-01 15:23:00,NURO,4.019499778747559,4.019499778747559,4.019999980926514,4.010000228881836,4.010000228881836,1930.0
2024-03-01 15:23:00,NUTX,0.11394999921321869,0.11394999921321869,0.11394999921321869,0.11389999836683273,0.11394999921321869,1027.0
2024-03-01 15:23:00,NUVL,87.41999816894531,87.41999816894531,87.44999694824219,87.41000366210938,87.41000366210938,1206.0
2024-03-01 15:23:00,NUWE,0.5899999737739563,0.5899999737739563,0.593999981880188,0.5899999737739563,0.593999981880188,1541.0
2024-03-01 15:23:00,NVAX,5.40500020980835,5.40500020980835,5.429900169372559,5.400000095367432,5.414999961853027,45448.0
2024-03-01 15:23:00,NVCR,16.079999923706055,16.079999923706055,16.079999923706055,16.079999923706055,16.079999923706055,330.0
2024-03-01 15:23:00,NVCT,10.739999771118164,10.739999771118164,10.739999771118164,10.739999771118164,10.739999771118164,206.0
2024-03-01 15:23:00,NVNO,6.409999847412109,6.409999847412109,6.449999809265137,6.409999847412109,6.449999809265137,1230.0
2024-03-01 15:23:00,NXTC,1.7599999904632568,1.7599999904632568,1.7599999904632568,1.7599999904632568,1.7599999904632568,200.0
2024-03-01 15:23:00,OCGN,0.9534000158309937,0.9534000158309937,0.9559000134468079,0.9509000182151794,0.9509000182151794,500.0
2024-03-01 15:23:00,OCUL,10.625,10.625,10.640000343322754,10.619999885559082,10.640000343322754,4847.0
2024-03-01 15:23:00,OCUP,2.505000114440918,2.505000114440918,2.505000114440918,2.505000114440918,2.505000114440918,182.0
2024-03-01 15:23:00,OFIX,12.890000343322754,12.890000343322754,12.899999618530273,12.885000228881836,12.890000343322754,1734.0
2024-03-01 15:23:00,OGI,2.1600000858306885,2.1600000858306885,2.1600000858306885,2.1600000858306885,2.1600000858306885,694.0
2024-03-01 15:23:00,OLK,22.989999771118164,22.989999771118164,22.989999771118164,22.979999542236328,22.989999771118164,321.0
2024-03-01 15:23:00,OLMA,14.859999656677246,14.859999656677246,14.859999656677246,14.854999542236328,14.854999542236328,529.0
2024-03-01 15:23:00,OM,3.134999990463257,3.134999990463257,3.140000104904175,3.134999990463257,3.140000104904175,1762.0
2024-03-01 15:23:00,OMCL,26.242000579833984,26.242000579833984,26.242000579833984,26.239999771118164,26.239999771118164,353.0
2024-03-01 15:23:00,OMER,4.820000171661377,4.820000171661377,4.820000171661377,4.800000190734863,4.800000190734863,12793.0
2024-03-01 15:23:00,OMGA,4.409900188446045,4.409900188446045,4.409900188446045,4.400000095367432,4.400000095367432,1888.0
2024-03-01 15:24:00,AADI,1.9500000476837158,1.9500000476837158,1.9500000476837158,1.9500000476837158,1.9500000476837158,275.0
2024-03-01 15:24:00,ABCL,5.050000190734863,5.050000190734863,5.068999767303467,5.050000190734863,5.068999767303467,4334.0
2024-03-01 15:24:00,ABOS,4.664999961853027,4.664999961853027,4.6697998046875,4.659999847412109,4.659999847412109,601.0
2024-03-01 15:24:00,ABSI,5.514999866485596,5.514999866485596,5.519899845123291,5.510000228881836,5.514999866485596,2549.0
2024-03-01 15:24:00,ABUS,2.7850000858306885,2.7850000858306885,2.7850000858306885,2.7850000858306885,2.7850000858306885,1509.0
2024-03-01 15:24:00,ACAD,24.1299991607666,24.1299991607666,24.15999984741211,24.1200008392334,24.15999984741211,3921.0
2024-03-01 15:24:00,ACB,3.180000066757202,3.180000066757202,3.190000057220459,3.180000066757202,3.190000057220459,7058.0
2024-03-01 15:24:00,ACCD,10.039999961853027,10.039999961853027,10.045000076293945,10.039999961853027,10.045000076293945,1407.0
2024-03-01 15:24:00,ACET,2.390000104904175,2.390000104904175,2.390000104904175,2.384999990463257,2.390000104904175,533.0
2024-03-01 15:24:00,ACHC,84.12999725341797,84.12999725341797,84.12999725341797,84.12999725341797,84.12999725341797,315.0
2024-03-01 15:24:00,ACHV,4.429999828338623,4.429999828338623,4.429999828338623,4.429999828338623,4.429999828338623,405.0
2024-03-01 15:24:00,ACLX,67.50499725341797,67.50499725341797,67.50499725341797,67.5,67.5,1411.0
2024-03-01 15:24:00,ACON,0.3975510001182556,0.3975510001182556,0.4000000059604645,0.3975510001182556,0.4000000059604645,3056.0
2024-03-01 15:24:00,ACRS,1.225000023841858,1.225000023841858,1.2300000190734863,1.2200000286102295,1.2200000286102295,1824.0
2024-03-01 15:24:00,ACXP,2.9700000286102295,2.9700000286102295,2.990000009536743,2.9700000286102295,2.990000009536743,1033.0
2024-03-01 15:24:00,ADAP,1.600000023841858,1.600000023841858,1.6100000143051147,1.600000023841858,1.6100000143051147,3534.0
2024-03-01 15:24:00,ADIL,2.990000009536743,2.990000009536743,3.0,2.9600000381469727,2.9600000381469727,11158.0
2024-03-01 15:24:00,ADMA,5.525000095367432,5.525000095367432,5.525000095367432,5.525000095367432,5.525000095367432,1959.0
2024-03-01 15:24:00,ADUS,93.8499984741211,93.8499984741211,93.8499984741211,93.8499984741211,93.8499984741211,120.0
2024-03-01 15:24:00,ADVM,1.940000057220459,1.940000057220459,1.9450000524520874,1.940000057220459,1.940000057220459,3133.0
2024-03-01 15:24:00,AGEN,0.670074999332428,0.670074999332428,0.6700999736785889,0.6700000166893005,0.6700500249862671,9281.0
2024-03-01 15:24:00,AGIO,32.279998779296875,32.279998779296875,32.29499816894531,32.279998779296875,32.29499816894531,1149.0
2024-03-01 15:24:00,AHCO,10.475000381469727,10.475000381469727,10.479499816894531,10.475000381469727,10.475000381469727,862.0
2024-03-01 15:24:00,AIMD,0.9800000190734863,0.9800000190734863,0.9800000190734863,0.9501000046730042,0.9599999785423279,396.0
2024-03-01 15:24:00,AIRS,6.429999828338623,6.429999828338623,6.429999828338623,6.429999828338623,6.429999828338623,481.0
2024-03-01 15:24:00,AKAN,0.21490000188350677,0.21490000188350677,0.2150000035762787,0.21490000188350677,0.21490000188350677,2931.0
2024-03-01 15:24:00,AKBA,1.684999942779541,1.684999942779541,1.684999942779541,1.6799999475479126,1.684999942779541,847.0
2024-03-01 15:24:00,AKRO,28.43000030517578,28.43000030517578,28.440000534057617,28.389999389648438,28.440000534057617,3729.0
2024-03-01 15:24:00,ALDX,4.224999904632568,4.224999904632568,4.224999904632568,4.224999904632568,4.224999904632568,103.0
2024-03-01 15:24:00,ALEC,7.414999961853027,7.414999961853027,7.420000076293945,7.409999847412109,7.409999847412109,361.0
2024-03-01 15:24:00,ALGN,302.0799865722656,302.0799865722656,302.1400146484375,302.0799865722656,302.1400146484375,936.0
2024-03-01 15:24:00,ALHC,5.539999961853027,5.539999961853027,5.550000190734863,5.539999961853027,5.539999961853027,1065.0
2024-03-01 15:24:00,ALKS,30.18000030517578,30.18000030517578,30.18000030517578,30.170000076293945,30.174999237060547,3544.0
2024-03-01 15:24:00,ALLK,1.659999966621399,1.659999966621399,1.659999966621399,1.6549999713897705,1.6549999713897705,957.0
2024-03-01 15:24:00,ALLO,4.954999923706055,4.954999923706055,4.965000152587891,4.954999923706055,4.965000152587891,4834.0
2024-03-01 15:24:00,ALNY,153.4600067138672,153.4600067138672,153.4600067138672,153.4250030517578,153.4250030517578,662.0
2024-03-01 15:24:00,ALPN,35.970001220703125,35.970001220703125,35.970001220703125,35.970001220703125,35.970001220703125,213.0
2024-03-01 15:24:00,ALT,12.100000381469727,12.100000381469727,12.100000381469727,12.079999923706055,12.079999923706055,15584.0
2024-03-01 15:24:00,ALXO,15.010000228881836,15.010000228881836,15.020000457763672,15.010000228881836,15.020000457763672,837.0
2024-03-01 15:24:00,AMGN,280.32000732421875,280.32000732421875,280.3800048828125,280.29998779296875,280.3399963378906,5590.0
2024-03-01 15:24:00,AMLX,18.780000686645508,18.780000686645508,18.78499984741211,18.770000457763672,18.780000686645508,5743.0
2024-03-01 15:24:00,AMPH,45.880001068115234,45.880001068115234,45.90399932861328,45.880001068115234,45.90399932861328,1438.0
2024-03-01 15:24:00,AMRN,1.0549999475479126,1.0549999475479126,1.0549999475479126,1.0499999523162842,1.0549999475479126,600.0
2024-03-01 15:24:00,ANAB,25.420000076293945,25.420000076293945,25.420000076293945,25.420000076293945,25.420000076293945,367.0
2024-03-01 15:24:00,ANGO,5.46999979019165,5.46999979019165,5.46999979019165,5.46999979019165,5.46999979019165,911.0
2024-03-01 15:24:00,ANNX,6.065000057220459,6.065000057220459,6.079999923706055,6.065000057220459,6.079999923706055,5692.0
2024-03-01 15:24:00,ANTX,3.0199999809265137,3.0199999809265137,3.0199999809265137,3.0199999809265137,3.0199999809265137,110.0
2024-03-01 15:24:00,APLS,64.3499984741211,64.3499984741211,64.36000061035156,64.29000091552734,64.33999633789062,2985.0
2024-03-01 15:24:00,APLT,7.050000190734863,7.050000190734863,7.059999942779541,7.039999961853027,7.039999961853027,2420.0
2024-03-01 15:24:00,AQST,4.099999904632568,4.099999904632568,4.110000133514404,4.099999904632568,4.105000019073486,3701.0
2024-03-01 15:24:00,ARAY,2.609999895095825,2.609999895095825,2.625,2.609999895095825,2.625,9271.0
2024-03-01 15:24:00,ARDX,9.449999809265137,9.449999809265137,9.460000038146973,9.449999809265137,9.460000038146973,3123.0
2024-03-01 15:24:00,ARQT,11.470000267028809,11.470000267028809,11.479999542236328,11.470000267028809,11.479999542236328,14513.0
2024-03-01 15:24:00,ARVN,47.709999084472656,47.709999084472656,47.755001068115234,47.66999816894531,47.755001068115234,2082.0
2024-03-01 15:24:00,ARWR,35.685001373291016,35.685001373291016,35.724998474121094,35.685001373291016,35.724998474121094,5546.0
2024-03-01 15:24:00,ASND,154.6699981689453,154.6699981689453,154.6699981689453,154.3699951171875,154.3699951171875,1414.0
2024-03-01 15:24:00,ASRT,0.8932999968528748,0.8932999968528748,0.8932999968528748,0.8932999968528748,0.8932999968528748,598.0
2024-03-01 15:24:00,ATEC,13.484999656677246,13.484999656677246,13.484999656677246,13.484999656677246,13.484999656677246,743.0
2024-03-01 15:24:00,ATOS,1.0,1.0,1.0,1.0,1.0,105.0
2024-03-01 15:24:00,ATRA,0.7899500131607056,0.7899500131607056,0.7899500131607056,0.7899500131607056,0.7899500131607056,101.0
2024-03-01 15:24:00,ATRC,36.130001068115234,36.130001068115234,36.130001068115234,36.1150016784668,36.1150016784668,866.0
2024-03-01 15:24:00,ATXS,14.895000457763672,14.895000457763672,14.90999984741211,14.895000457763672,14.90999984741211,391.0
2024-03-01 15:24:00,AUGX,4.539999961853027,4.539999961853027,4.550000190734863,4.539999961853027,4.539999961853027,1593.0
2024-03-01 15:24:00,AUPH,5.769999980926514,5.769999980926514,5.775000095367432,5.764999866485596,5.775000095367432,8980.0
2024-03-01 15:24:00,AURA,9.3100004196167,9.3100004196167,9.3100004196167,9.3100004196167,9.3100004196167,100.0
2024-03-01 15:24:00,AUTL,6.244999885559082,6.244999885559082,6.244999885559082,6.244999885559082,6.244999885559082,134.0
2024-03-01 15:24:00,AVDL,13.420000076293945,13.420000076293945,13.489999771118164,13.414999961853027,13.414999961853027,13257.0
2024-03-01 15:24:00,AVTX,4.46999979019165,4.46999979019165,4.46999979019165,4.46999979019165,4.46999979019165,231.0
2024-03-01 15:24:00,AXGN,10.670000076293945,10.670000076293945,10.670000076293945,10.670000076293945,10.670000076293945,170.0
2024-03-01 15:24:00,AXNX,67.69000244140625,67.69000244140625,67.70999908447266,67.69000244140625,67.70999908447266,5612.0
2024-03-01 15:24:00,AXSM,82.68000030517578,82.68000030517578,82.68000030517578,82.68000030517578,82.68000030517578,422.0
2024-03-01 15:24:00,AZN,64.6500015258789,64.6500015258789,64.66999816894531,64.63999938964844,64.66000366210938,11908.0
2024-03-01 15:24:00,AZTA,67.05000305175781,67.05000305175781,67.08000183105469,67.05000305175781,67.08000183105469,1314.0
2024-03-01 15:24:00,BBIO,35.72999954223633,35.72999954223633,35.72999954223633,35.724998474121094,35.724998474121094,683.0
2024-03-01 15:24:00,BCAB,2.8450000286102295,2.8450000286102295,2.8450000286102295,2.8399999141693115,2.8399999141693115,1650.0
2024-03-01 15:24:00,BCDA,0.5785999894142151,0.5785999894142151,0.5799999833106995,0.578000009059906,0.578000009059906,2549.0
2024-03-01 15:24:00,BCRX,5.670000076293945,5.670000076293945,5.670000076293945,5.65500020980835,5.659999847412109,11917.0
2024-03-01 15:24:00,BCTX,3.490000009536743,3.490000009536743,3.490000009536743,3.4600000381469727,3.4600000381469727,252.0
2024-03-01 15:24:00,BCYC,25.729999542236328,25.729999542236328,25.770000457763672,25.729999542236328,25.770000457763672,450.0
2024-03-01 15:24:00,BDTX,4.736199855804443,4.736199855804443,4.736199855804443,4.735000133514404,4.735000133514404,1179.0
2024-03-01 15:24:00,BEAM,39.845001220703125,39.845001220703125,39.880001068115234,39.83000183105469,39.85499954223633,3597.0
2024-03-01 15:24:00,BGXX,0.2630000114440918,0.2630000114440918,0.2630000114440918,0.2630000114440918,0.2630000114440918,768.0
2024-03-01 15:24:00,BIIB,220.9949951171875,220.9949951171875,221.1300048828125,220.97000122070312,221.1199951171875,11529.0
2024-03-01 15:24:00,BIOL,0.14399999380111694,0.14399999380111694,0.14480000734329224,0.14399999380111694,0.14480000734329224,6600.0
2024-03-01 15:24:00,BIVI,1.9199999570846558,1.9199999570846558,1.9700000286102295,1.9199999570846558,1.9699000120162964,49532.0
2024-03-01 15:24:00,BLRX,1.3350000381469727,1.3350000381469727,1.3350000381469727,1.3350000381469727,1.3350000381469727,3327.0
2024-03-01 15:24:00,BLTE,46.52000045776367,46.52000045776367,46.52000045776367,46.52000045776367,46.52000045776367,439.0
2024-03-01 15:24:00,BLUE,1.5750000476837158,1.5750000476837158,1.5750000476837158,1.5700000524520874,1.5750000476837158,6577.0
2024-03-01 15:24:00,BMEA,18.030000686645508,18.030000686645508,18.030000686645508,17.989999771118164,17.989999771118164,2024.0
2024-03-01 15:24:00,BMRN,87.73999786376953,87.73999786376953,87.82499694824219,87.7300033569336,87.82499694824219,4916.0
2024-03-01 15:24:00,BNGO,1.2549999952316284,1.2549999952316284,1.2599999904632568,1.2549999952316284,1.2599999904632568,300.0
2024-03-01 15:24:00,BNTC,5.289999961853027,5.289999961853027,5.289999961853027,5.289999961853027,5.289999961853027,342.0
2024-03-01 15:24:00,BNTX,90.83999633789062,90.83999633789062,90.93000030517578,90.83999633789062,90.87999725341797,2724.0
2024-03-01 15:24:00,BPMC,96.02999877929688,96.02999877929688,96.02999877929688,96.02999877929688,96.02999877929688,695.0
2024-03-01 15:24:00,BRKR,88.4800033569336,88.4800033569336,88.51000213623047,88.46499633789062,88.46499633789062,820.0
2024-03-01 15:24:00,BSGM,0.6801999807357788,0.6801999807357788,0.6801999807357788,0.6801000237464905,0.6801000237464905,5736.0
2024-03-01 15:24:00,BTAI,3.2200000286102295,3.2200000286102295,3.2200000286102295,3.2200000286102295,3.2200000286102295,415.0
2024-03-01 15:24:00,BTTX,0.18199999630451202,0.18199999630451202,0.18209999799728394,0.18199999630451202,0.18209999799728394,10376.0
2024-03-01 15:24:00,BVS,4.789999961853027,4.789999961853027,4.789999961853027,4.789999961853027,4.789999961853027,105.0
2024-03-01 15:24:00,BWAY,6.550000190734863,6.550000190734863,6.550000190734863,6.53000020980835,6.53000020980835,2078.0
2024-03-01 15:24:00,CBAY,32.22999954223633,32.22999954223633,32.22999954223633,32.22999954223633,32.22999954223633,5589.0
2024-03-01 15:24:00,CCCC,10.972999572753906,10.972999572753906,10.989999771118164,10.972999572753906,10.989999771118164,681.0
2024-03-01 15:24:00,CDMO,8.210000038146973,8.210000038146973,8.229999542236328,8.210000038146973,8.229999542236328,1259.0
2024-03-01 15:24:00,CDNA,12.5,12.5,12.505000114440918,12.484999656677246,12.484999656677246,4076.0
2024-03-01 15:24:00,CDXS,4.65500020980835,4.65500020980835,4.659999847412109,4.650000095367432,4.65880012512207,5740.0
2024-03-01 15:24:00,CELC,17.139999389648438,17.139999389648438,17.139999389648438,17.139999389648438,17.139999389648438,238.0
2024-03-01 15:24:00,CERE,41.11000061035156,41.11000061035156,41.119998931884766,41.11000061035156,41.11000061035156,2072.0
2024-03-01 15:24:00,CERS,2.184999942779541,2.184999942779541,2.184999942779541,2.184999942779541,2.184999942779541,1101.0
2024-03-01 15:24:00,CERT,18.139999389648438,18.139999389648438,18.139999389648438,18.139999389648438,18.139999389648438,1736.0
2024-03-01 15:24:00,CGC,3.184999942779541,3.184999942779541,3.194999933242798,3.180000066757202,3.184999942779541,30033.0
2024-03-01 15:24:00,CGEM,18.790000915527344,18.790000915527344,18.811199188232422,18.790000915527344,18.809999465942383,2686.0
2024-03-01 15:24:00,CHRS,2.4000000953674316,2.4000000953674316,2.4049999713897705,2.4000000953674316,2.4049999713897705,1815.0
2024-03-01 15:24:00,CKPT,2.2100000381469727,2.2100000381469727,2.2100000381469727,2.200000047683716,2.200000047683716,3043.0
2024-03-01 15:24:00,CLDX,51.81999969482422,51.81999969482422,51.81999969482422,51.619998931884766,51.75,9359.0
2024-03-01 15:24:00,CLOV,0.8655499815940857,0.8655499815940857,0.866100013256073,0.8654999732971191,0.866100013256073,25503.0
2024-03-01 15:24:00,CLPT,6.630000114440918,6.630000114440918,6.644999980926514,6.630000114440918,6.630000114440918,1234.0
2024-03-01 15:24:00,CLRB,4.090000152587891,4.090000152587891,4.091000080108643,4.090000152587891,4.091000080108643,1006.0
2024-03-01 15:24:00,CMPS,11.4399995803833,11.4399995803833,11.454999923706055,11.4399995803833,11.454999923706055,789.0
2024-03-01 15:24:00,CMPX,1.8899999856948853,1.8899999856948853,1.8899999856948853,1.8832999467849731,1.8899999856948853,1926.0
2024-03-01 15:24:00,CNSP,0.33970001339912415,0.33970001339912415,0.33980000019073486,0.33899998664855957,0.33980000019073486,2019.0
2024-03-01 15:24:00,COGT,7.21999979019165,7.21999979019165,7.21999979019165,7.190000057220459,7.190000057220459,30615.0
2024-03-01 15:24:00,COLL,36.79999923706055,36.79999923706055,36.79999923706055,36.79999923706055,36.79999923706055,317.0
2024-03-01 15:24:00,CORT,24.229999542236328,24.229999542236328,24.239999771118164,24.222999572753906,24.239999771118164,349.0
2024-03-01 15:24:00,COSM,0.7850000262260437,0.7850000262260437,0.7850000262260437,0.7850000262260437,0.7850000262260437,102.0
2024-03-01 15:24:00,CPRX,17.18000030517578,17.18000030517578,17.190000534057617,17.15519905090332,17.15999984741211,5338.0
2024-03-01 15:24:00,CPSI,9.380000114440918,9.380000114440918,9.395000457763672,9.380000114440918,9.395000457763672,668.0
2024-03-01 15:24:00,CRBP,33.5,33.5,33.5,33.11000061035156,33.18000030517578,719.0
2024-03-01 15:24:00,CRBU,7.840000152587891,7.840000152587891,7.855000019073486,7.840000152587891,7.855000019073486,3115.0
2024-03-01 15:24:00,CRDF,2.759999990463257,2.759999990463257,2.799999952316284,2.740000009536743,2.7506000995635986,72093.0
2024-03-01 15:24:00,CRDL,1.929900050163269,1.929900050163269,1.929900050163269,1.9199999570846558,1.9199999570846558,3951.0
2024-03-01 15:24:00,CRNX,45.91999816894531,45.91999816894531,45.970001220703125,45.91999816894531,45.939998626708984,1094.0
2024-03-01 15:24:00,CRON,2.0283000469207764,2.0283000469207764,2.0285000801086426,2.0199999809265137,2.0201001167297363,2000.0
2024-03-01 15:24:00,CRSP,84.64600372314453,84.64600372314453,84.7249984741211,84.63999938964844,84.7249984741211,1808.0
2024-03-01 15:24:00,CRVS,2.1700000762939453,2.1700000762939453,2.1700000762939453,2.1700000762939453,2.1700000762939453,253.0
2024-03-01 15:24:00,CSBR,5.590000152587891,5.590000152587891,5.590000152587891,5.590000152587891,5.590000152587891,367.0
2024-03-01 15:24:00,CSTL,19.934999465942383,19.934999465942383,19.934999465942383,19.93000030517578,19.93000030517578,1050.0
2024-03-01 15:24:00,CTKB,9.010000228881836,9.010000228881836,9.055000305175781,9.0,9.050000190734863,17088.0
2024-03-01 15:24:00,CTMX,2.5450000762939453,2.5450000762939453,2.549999952316284,2.5399999618530273,2.5399999618530273,4303.0
2024-03-01 15:24:00,CTXR,0.7724999785423279,0.7724999785423279,0.7746999859809875,0.7724999785423279,0.7746999859809875,701.0
2024-03-01 15:24:00,CUTR,2.4049999713897705,2.4049999713897705,2.4049999713897705,2.400099992752075,2.4049999713897705,398.0
2024-03-01 15:24:00,CVAC,3.440000057220459,3.440000057220459,3.440000057220459,3.440000057220459,3.440000057220459,227.0
2024-03-01 15:24:00,CYTK,73.80999755859375,73.80999755859375,73.8550033569336,73.80999755859375,73.83999633789062,1507.0
2024-03-01 15:24:00,CYTO,2.324399948120117,2.324399948120117,2.390000104904175,2.324399948120117,2.390000104904175,1117.0
2024-03-01 15:24:00,DARE,0.5550000071525574,0.5550000071525574,0.5550000071525574,0.5550000071525574,0.5550000071525574,453.0
2024-03-01 15:24:00,DAWN,17.540000915527344,17.540000915527344,17.540000915527344,17.540000915527344,17.540000915527344,226.0
2024-03-01 15:24:00,DCGO,4.048999786376953,4.048999786376953,4.050000190734863,4.039999961853027,4.045000076293945,5141.0
2024-03-01 15:24:00,DCPH,17.510000228881836,17.510000228881836,17.510000228881836,17.510000228881836,17.510000228881836,598.0
2024-03-01 15:24:00,DCTH,4.199999809265137,4.199999809265137,4.199999809265137,4.199999809265137,4.199999809265137,204.0
2024-03-01 15:24:00,DH,8.8100004196167,8.8100004196167,8.8100004196167,8.800000190734863,8.8100004196167,633.0
2024-03-01 15:24:00,DMAC,3.0255000591278076,3.0255000591278076,3.0255000591278076,3.0255000591278076,3.0255000591278076,483.0
2024-03-01 15:24:00,DMTK,0.8351010084152222,0.8351010084152222,0.8374000191688538,0.8351010084152222,0.8373990058898926,960.0
2024-03-01 15:24:00,DNLI,21.079999923706055,21.079999923706055,21.084999084472656,21.075000762939453,21.079999923706055,2697.0
2024-03-01 15:24:00,DRMA,0.45019999146461487,0.45019999146461487,0.45019999146461487,0.45019999146461487,0.45019999146461487,397.0
2024-03-01 15:24:00,DSGN,2.875,2.875,2.884999990463257,2.875,2.880000114440918,3043.0
2024-03-01 15:24:00,DTIL,12.6850004196167,12.6850004196167,12.736200332641602,12.6850004196167,12.736200332641602,379.0
2024-03-01 15:24:00,DVAX,12.795000076293945,12.795000076293945,12.800000190734863,12.795000076293945,12.795000076293945,3776.0
2024-03-01 15:24:00,DXCM,121.19999694824219,121.19999694824219,121.29000091552734,121.19999694824219,121.20999908447266,7210.0
2024-03-01 15:24:00,DYN,29.145000457763672,29.145000457763672,29.21500015258789,29.145000457763672,29.21500015258789,1876.0
2024-03-01 15:24:00,EDIT,10.78499984741211,10.78499984741211,10.789999961853027,10.78499984741211,10.789999961853027,1795.0
2024-03-01 15:24:00,EDSA,4.800000190734863,4.800000190734863,4.800000190734863,4.800000190734863,4.800000190734863,224.0
2024-03-01 15:24:00,EFTR,16.270099639892578,16.270099639892578,16.489999771118164,16.270099639892578,16.389999389648438,2110.0
2024-03-01 15:24:00,EIGR,7.479899883270264,7.479899883270264,7.479899883270264,7.479899883270264,7.479899883270264,220.0
2024-03-01 15:24:00,EKSO,2.0,2.0,2.0,2.0,2.0,259.0
2024-03-01 15:24:00,ELEV,5.19189977645874,5.19189977645874,5.199999809265137,5.179999828338623,5.199999809265137,6833.0
2024-03-01 15:24:00,ELYM,2.75,2.75,2.75,2.75,2.75,0.0
2024-03-01 15:24:00,EMBC,14.295000076293945,14.295000076293945,14.300000190734863,14.295000076293945,14.300000190734863,904.0
2024-03-01 15:24:00,ENVB,1.5299999713897705,1.5299999713897705,1.5299999713897705,1.5240000486373901,1.5240000486373901,960.0
2024-03-01 15:24:00,EOLS,14.875,14.875,14.875,14.819999694824219,14.819999694824219,5304.0
2024-03-01 15:24:00,ERAS,2.5850000381469727,2.5850000381469727,2.5850000381469727,2.575000047683716,2.575000047683716,19481.0
2024-03-01 15:24:00,ESPR,2.555000066757202,2.555000066757202,2.559999942779541,2.5450000762939453,2.5450000762939453,39713.0
2024-03-01 15:24:00,ESTA,44.5,44.5,44.584999084472656,44.5,44.5099983215332,1858.0
2024-03-01 15:24:00,ETNB,12.6899995803833,12.6899995803833,12.699999809265137,12.6899995803833,12.6899995803833,2859.0
2024-03-01 15:24:00,EVLO,0.0689999982714653,0.0689999982714653,0.0689999982714653,0.0689999982714653,0.0689999982714653,5008.0
2024-03-01 15:24:00,EWTX,16.839000701904297,16.839000701904297,16.84000015258789,16.829999923706055,16.829999923706055,2280.0
2024-03-01 15:24:00,EXAI,6.559999942779541,6.559999942779541,6.570000171661377,6.559999942779541,6.570000171661377,1299.0
2024-03-01 15:24:00,EXAS,59.54499816894531,59.54499816894531,59.599998474121094,59.54499816894531,59.56999969482422,5992.0
2024-03-01 15:24:00,EXEL,22.25,22.25,22.264999389648438,22.25,22.264999389648438,9543.0
2024-03-01 15:24:00,EYEN,2.3499999046325684,2.3499999046325684,2.3499999046325684,2.3499999046325684,2.3499999046325684,359.0
2024-03-01 15:24:00,EYPT,27.975000381469727,27.975000381469727,27.975000381469727,27.975000381469727,27.975000381469727,931.0
2024-03-01 15:24:00,FATE,7.675000190734863,7.675000190734863,7.684999942779541,7.670000076293945,7.684999942779541,4586.0
2024-03-01 15:24:00,FBIO,2.369999885559082,2.369999885559082,2.375,2.369999885559082,2.375,2148.0
2024-03-01 15:24:00,FDMT,29.43000030517578,29.43000030517578,29.440000534057617,29.43000030517578,29.440000534057617,742.0
2024-03-01 15:24:00,FEMY,1.7899999618530273,1.7899999618530273,1.7899999618530273,1.768399953842163,1.768399953842163,9570.0
2024-03-01 15:24:00,FLGT,23.079999923706055,23.079999923706055,23.1200008392334,23.079999923706055,23.1200008392334,972.0
2024-03-01 15:24:00,FOLD,13.305000305175781,13.305000305175781,13.305000305175781,13.300000190734863,13.305000305175781,2188.0
2024-03-01 15:24:00,FULC,10.994999885559082,10.994999885559082,11.009900093078613,10.994999885559082,11.009900093078613,499.0
2024-03-01 15:24:00,FUSN,12.225000381469727,12.225000381469727,12.225000381469727,12.210000038146973,12.210000038146973,699.0
2024-03-01 15:24:00,GBIO,2.630000114440918,2.630000114440918,2.630000114440918,2.630000114440918,2.630000114440918,338.0
2024-03-01 15:24:00,GDRX,8.425000190734863,8.425000190734863,8.4350004196167,8.40999984741211,8.414999961853027,18701.0
2024-03-01 15:24:00,GERN,2.255000114440918,2.255000114440918,2.259999990463257,2.25,2.25,13506.0
2024-03-01 15:24:00,GH,19.020000457763672,19.020000457763672,19.045000076293945,19.020000457763672,19.045000076293945,2484.0
2024-03-01 15:24:00,GILD,72.50499725341797,72.50499725341797,72.54000091552734,72.50499725341797,72.53500366210938,16334.0
2024-03-01 15:24:00,GLPG,35.040000915527344,35.040000915527344,35.040000915527344,35.040000915527344,35.040000915527344,245.0
2024-03-01 15:24:00,GLUE,6.275000095367432,6.275000095367432,6.275000095367432,6.275000095367432,6.275000095367432,1010.0
2024-03-01 15:24:00,GLYC,3.005000114440918,3.005000114440918,3.005000114440918,3.0,3.0,1639.0
2024-03-01 15:24:00,GMAB,29.395000457763672,29.395000457763672,29.395000457763672,29.389999389648438,29.389999389648438,823.0
2024-03-01 15:24:00,GOSS,1.4149999618530273,1.4149999618530273,1.4149999618530273,1.4149999618530273,1.4149999618530273,391.0
2024-03-01 15:24:00,GRFS,7.010000228881836,7.010000228881836,7.014999866485596,7.010000228881836,7.014999866485596,767.0
2024-03-01 15:24:00,GRTS,2.0199999809265137,2.0199999809265137,2.0299999713897705,2.015000104904175,2.015000104904175,9797.0
2024-03-01 15:24:00,GTHX,3.7699999809265137,3.7699999809265137,3.7699999809265137,3.7674999237060547,3.7674999237060547,302.0
2024-03-01 15:24:00,HALO,41.0,41.0,41.02000045776367,41.0,41.02000045776367,2360.0
2024-03-01 15:24:00,HCAT,8.114999771118164,8.114999771118164,8.114999771118164,8.109999656677246,8.109999656677246,2773.0
2024-03-01 15:24:00,HCSG,12.755000114440918,12.755000114440918,12.755000114440918,12.75,12.7524995803833,814.0
2024-03-01 15:24:00,HCTI,2.0497000217437744,2.0497000217437744,2.0497000217437744,2.0497000217437744,2.0497000217437744,200.0
2024-03-01 15:24:00,HITI,1.7549999952316284,1.7549999952316284,1.7549999952316284,1.7549999952316284,1.7549999952316284,303.0
2024-03-01 15:24:00,HLVX,19.239999771118164,19.239999771118164,19.239999771118164,19.239999771118164,19.239999771118164,311.0
2024-03-01 15:24:00,HOLX,74.19999694824219,74.19999694824219,74.20999908447266,74.19999694824219,74.20999908447266,1502.0
2024-03-01 15:24:00,HOTH,1.3288999795913696,1.3288999795913696,1.3300000429153442,1.3288999795913696,1.3300000429153442,1249.0
2024-03-01 15:24:00,HOWL,7.079999923706055,7.079999923706055,7.079999923706055,7.079999923706055,7.079999923706055,482.0
2024-03-01 15:24:00,HRMY,31.760000228881836,31.760000228881836,31.760000228881836,31.71500015258789,31.719999313354492,1841.0
2024-03-01 15:24:00,HRTX,2.575000047683716,2.575000047683716,2.5799999237060547,2.569999933242798,2.575000047683716,22535.0
2024-03-01 15:24:00,HSCS,0.1185000017285347,0.1185000017285347,0.11860000342130661,0.1185000017285347,0.11860000342130661,3607.0
2024-03-01 15:24:00,HSDT,4.659999847412109,4.659999847412109,4.659999847412109,4.659999847412109,4.659999847412109,164.0
2024-03-01 15:24:00,HSIC,76.94000244140625,76.94000244140625,76.95999908447266,76.94000244140625,76.94000244140625,2911.0
2024-03-01 15:24:00,HUMA,3.265000104904175,3.265000104904175,3.26990008354187,3.259999990463257,3.259999990463257,5634.0
2024-03-01 15:24:00,IART,36.20000076293945,36.20000076293945,36.209999084472656,36.20000076293945,36.209999084472656,3825.0
2024-03-01 15:24:00,IBRX,4.795000076293945,4.795000076293945,4.795000076293945,4.795000076293945,4.795000076293945,1871.0
2024-03-01 15:24:00,ICCM,1.309999942779541,1.309999942779541,1.309999942779541,1.309999942779541,1.309999942779541,100.0
2024-03-01 15:24:00,ICLR,324.9800109863281,324.9800109863281,324.9800109863281,324.9800109863281,324.9800109863281,403.0
2024-03-01 15:24:00,ICUI,106.05999755859375,106.05999755859375,106.05999755859375,106.04000091552734,106.04000091552734,579.0
2024-03-01 15:24:00,IDXX,578.6699829101562,578.6699829101562,578.6699829101562,578.6699829101562,578.6699829101562,779.0
2024-03-01 15:24:00,IDYA,46.26499938964844,46.26499938964844,46.314998626708984,46.2599983215332,46.29999923706055,6217.0
2024-03-01 15:24:00,IGMS,12.859999656677246,12.859999656677246,12.859999656677246,12.829999923706055,12.859999656677246,802.0
2024-03-01 15:24:00,IINN,1.6749999523162842,1.6749999523162842,1.6749999523162842,1.6749999523162842,1.6749999523162842,500.0
2024-03-01 15:24:00,ILMN,141.0850067138672,141.0850067138672,141.18499755859375,141.0399932861328,141.1300048828125,2285.0
2024-03-01 15:24:00,IMCR,67.88999938964844,67.88999938964844,67.88999938964844,67.88999938964844,67.88999938964844,302.0
2024-03-01 15:24:00,IMMX,3.505000114440918,3.505000114440918,3.505000114440918,3.505000114440918,3.505000114440918,224.0
2024-03-01 15:24:00,IMNN,1.0099999904632568,1.0099999904632568,1.0099999904632568,1.0099999904632568,1.0099999904632568,269.0
2024-03-01 15:24:00,IMTX,12.829999923706055,12.829999923706055,12.829999923706055,12.819999694824219,12.819999694824219,1280.0
2024-03-01 15:24:00,IMUX,1.4607000350952148,1.4607000350952148,1.4607000350952148,1.4600000381469727,1.4600000381469727,2275.0
2024-03-01 15:24:00,IMVT,35.650001525878906,35.650001525878906,35.650001525878906,35.650001525878906,35.650001525878906,262.0
2024-03-01 15:24:00,INCY,59.119998931884766,59.119998931884766,59.13999938964844,59.111000061035156,59.13999938964844,1723.0
2024-03-01 15:24:00,INGN,6.875,6.875,6.889999866485596,6.869999885559082,6.875,861.0
2024-03-01 15:24:00,INMB,12.390000343322754,12.390000343322754,12.390000343322754,12.380000114440918,12.390000343322754,549.0
2024-03-01 15:24:00,INMD,22.940000534057617,22.940000534057617,22.940000534057617,22.93000030517578,22.934999465942383,2544.0
2024-03-01 15:24:00,INO,9.520000457763672,9.520000457763672,9.539999961853027,9.520000457763672,9.520000457763672,2150.0
2024-03-01 15:24:00,INSM,28.049999237060547,28.049999237060547,28.06999969482422,28.040000915527344,28.06999969482422,4402.0
2024-03-01 15:24:00,INVA,15.40999984741211,15.40999984741211,15.430000305175781,15.40999984741211,15.430000305175781,3245.0
2024-03-01 15:24:00,IONS,45.86000061035156,45.86000061035156,45.880001068115234,45.849998474121094,45.869998931884766,1979.0
2024-03-01 15:24:00,IOVA,16.875,16.875,16.8799991607666,16.844999313354492,16.864999771118164,25693.0
2024-03-01 15:24:00,IRMD,41.5099983215332,41.5099983215332,41.599998474121094,41.5099983215332,41.599998474121094,255.0
2024-03-01 15:24:00,IRWD,8.925000190734863,8.925000190734863,8.944999694824219,8.920000076293945,8.9350004196167,36350.0
2024-03-01 15:24:00,ISRG,398.1000061035156,398.1000061035156,398.1000061035156,397.95001220703125,397.9549865722656,3373.0
2024-03-01 15:24:00,ITCI,72.20999908447266,72.20999908447266,72.24500274658203,72.20999908447266,72.24500274658203,525.0
2024-03-01 15:24:00,ITOS,11.1899995803833,11.1899995803833,11.1899995803833,11.1899995803833,11.1899995803833,413.0
2024-03-01 15:24:00,JAGX,0.08449999988079071,0.08449999988079071,0.08540000021457672,0.08399999886751175,0.08540000021457672,307156.0
2024-03-01 15:24:00,JANX,46.000099182128906,46.000099182128906,46.000099182128906,46.000099182128906,46.000099182128906,604.0
2024-03-01 15:24:00,JAZZ,119.06539916992188,119.06539916992188,119.16000366210938,119.06539916992188,119.12999725341797,1391.0
2024-03-01 15:24:00,KALV,14.045000076293945,14.045000076293945,14.079999923706055,14.045000076293945,14.0600004196167,2835.0
2024-03-01 15:24:00,KIDS,27.920000076293945,27.920000076293945,27.920000076293945,27.920000076293945,27.920000076293945,620.0
2024-03-01 15:24:00,KNSA,21.915000915527344,21.915000915527344,21.915000915527344,21.899999618530273,21.899999618530273,491.0
2024-03-01 15:24:00,KNTE,2.5999999046325684,2.5999999046325684,2.6050000190734863,2.5999999046325684,2.5999999046325684,500.0
2024-03-01 15:24:00,KOD,6.019999980926514,6.019999980926514,6.03000020980835,6.019999980926514,6.03000020980835,298.0
2024-03-01 15:24:00,KPRX,0.6600000262260437,0.6600000262260437,0.6600000262260437,0.6600000262260437,0.6600000262260437,800.0
2024-03-01 15:24:00,KPTI,1.2000000476837158,1.2000000476837158,1.2000000476837158,1.1950000524520874,1.2000000476837158,2642.0
2024-03-01 15:24:00,KROS,68.875,68.875,68.875,68.875,68.875,937.0
2024-03-01 15:24:00,KRTX,315.79998779296875,315.79998779296875,315.79998779296875,315.79998779296875,315.79998779296875,168.0
2024-03-01 15:24:00,KRYS,168.72000122070312,168.72000122070312,168.72000122070312,168.72000122070312,168.72000122070312,173.0
2024-03-01 15:24:00,KTRA,0.10199999809265137,0.10199999809265137,0.10199999809265137,0.10199999809265137,0.10199999809265137,7173.0
2024-03-01 15:24:00,KURA,21.809999465942383,21.809999465942383,21.809999465942383,21.809999465942383,21.809999465942383,352.0
2024-03-01 15:24:00,KYMR,43.78499984741211,43.78499984741211,43.78499984741211,43.78499984741211,43.78499984741211,283.0
2024-03-01 15:24:00,KZR,1.0449999570846558,1.0449999570846558,1.0492000579833984,1.0449999570846558,1.0449999570846558,1400.0
2024-03-01 15:24:00,LAB,2.4549999237060547,2.4549999237060547,2.4549999237060547,2.450000047683716,2.4549999237060547,2929.0
2024-03-01 15:24:00,LBPH,21.670000076293945,21.670000076293945,21.670000076293945,21.670000076293945,21.670000076293945,922.0
2024-03-01 15:24:00,LEGN,65.61000061035156,65.61000061035156,65.61000061035156,65.58999633789062,65.58999633789062,419.0
2024-03-01 15:24:00,LFMD,7.949999809265137,7.949999809265137,7.949999809265137,7.949999809265137,7.949999809265137,140.0
2024-03-01 15:24:00,LFST,7.775000095367432,7.775000095367432,7.784999847412109,7.764999866485596,7.764999866485596,8703.0
2024-03-01 15:24:00,LIAN,4.875,4.875,4.875,4.875,4.875,103.0
2024-03-01 15:24:00,LIFE,1.9199999570846558,1.9199999570846558,1.9199999570846558,1.9199999570846558,1.9199999570846558,5090.0
2024-03-01 15:24:00,LIVN,55.5099983215332,55.5099983215332,55.51499938964844,55.5099983215332,55.51499938964844,895.0
2024-03-01 15:24:00,LNTH,64.41500091552734,64.41500091552734,64.43000030517578,64.41500091552734,64.43000030517578,1188.0
2024-03-01 15:24:00,LPTX,2.8499999046325684,2.8499999046325684,2.8499999046325684,2.8499999046325684,2.8499999046325684,400.0
2024-03-01 15:24:00,LQDA,14.59000015258789,14.59000015258789,14.595000267028809,14.59000015258789,14.595000267028809,1036.0
2024-03-01 15:24:00,LRMR,11.300000190734863,11.300000190734863,11.300000190734863,11.300000190734863,11.300000190734863,2880.0
2024-03-01 15:24:00,LTRN,4.170000076293945,4.170000076293945,4.179999828338623,4.139999866485596,4.139999866485596,1255.0
2024-03-01 15:24:00,LUCD,1.2400000095367432,1.2400000095367432,1.2401000261306763,1.2400000095367432,1.2400000095367432,430.0
2024-03-01 15:24:00,LUNG,9.420000076293945,9.420000076293945,9.420000076293945,9.420000076293945,9.420000076293945,238.0
2024-03-01 15:24:00,LVTX,2.640000104904175,2.640000104904175,2.6500000953674316,2.5899999141693115,2.6500000953674316,7321.0
2024-03-01 15:24:00,LXRX,2.484999895095825,2.484999895095825,2.484999895095825,2.484999895095825,2.484999895095825,1354.0
2024-03-01 15:24:00,LYEL,3.125,3.125,3.125,3.119999885559082,3.119999885559082,4590.0
2024-03-01 15:24:00,LYRA,5.650000095367432,5.650000095367432,5.650000095367432,5.650000095367432,5.650000095367432,400.0
2024-03-01 15:24:00,MACK,14.710000038146973,14.710000038146973,14.710000038146973,14.710000038146973,14.710000038146973,544.0
2024-03-01 15:24:00,MASI,127.83000183105469,127.83000183105469,127.83000183105469,127.80999755859375,127.80999755859375,768.0
2024-03-01 15:24:00,MASS,7.320000171661377,7.320000171661377,7.329999923706055,7.320000171661377,7.329999923706055,312.0
2024-03-01 15:24:00,MBRX,0.6249499917030334,0.6249499917030334,0.6298999786376953,0.6249499917030334,0.6298999786376953,201.0
2024-03-01 15:24:00,MCRB,1.225000023841858,1.225000023841858,1.2300000190734863,1.2200000286102295,1.225000023841858,8042.0
2024-03-01 15:24:00,MDGL,250.00999450683594,250.00999450683594,250.02999877929688,249.68499755859375,249.91000366210938,1691.0
2024-03-01 15:24:00,MDRX,6.050000190734863,6.050000190734863,6.090000152587891,6.050000190734863,6.050000190734863,97722.0
2024-03-01 15:24:00,MDXG,8.579999923706055,8.579999923706055,8.579999923706055,8.579999923706055,8.579999923706055,1199.0
2024-03-01 15:24:00,ME,0.5511000156402588,0.5511000156402588,0.5511999726295471,0.5511000156402588,0.5511000156402588,2801.0
2024-03-01 15:24:00,MEDP,403.6099853515625,403.6099853515625,403.6099853515625,403.4599914550781,403.4599914550781,465.0
2024-03-01 15:24:00,MGNX,18.729999542236328,18.729999542236328,18.739999771118164,18.729999542236328,18.729999542236328,484.0
2024-03-01 15:24:00,MGTX,6.460000038146973,6.460000038146973,6.460000038146973,6.460000038146973,6.460000038146973,556.0
2024-03-01 15:24:00,MIRM,29.229999542236328,29.229999542236328,29.264999389648438,29.229999542236328,29.264999389648438,1652.0
2024-03-01 15:24:00,MIST,1.6799999475479126,1.6799999475479126,1.690000057220459,1.6799999475479126,1.690000057220459,11520.0
2024-03-01 15:24:00,MLTX,50.38999938964844,50.38999938964844,50.38999938964844,50.2599983215332,50.279998779296875,6486.0
2024-03-01 15:24:00,MNKD,4.534999847412109,4.534999847412109,4.539999961853027,4.534999847412109,4.539999961853027,9837.0
2024-03-01 15:24:00,MNMD,6.150000095367432,6.150000095367432,6.150000095367432,6.135000228881836,6.135000228881836,1311.0
2024-03-01 15:24:00,MNPR,0.9100000262260437,0.9100000262260437,0.9100000262260437,0.8899999856948853,0.9100000262260437,1100.0
2024-03-01 15:24:00,MODV,28.225000381469727,28.225000381469727,28.225000381469727,28.225000381469727,28.225000381469727,228.0
2024-03-01 15:24:00,MOR,17.649999618530273,17.649999618530273,17.649999618530273,17.649999618530273,17.649999618530273,597.0
2024-03-01 15:24:00,MORF,39.630001068115234,39.630001068115234,39.630001068115234,39.630001068115234,39.630001068115234,193.0
2024-03-01 15:24:00,MREO,3.9649999141693115,3.9649999141693115,3.9649999141693115,3.950000047683716,3.9500999450683594,11486.0
2024-03-01 15:24:00,MRNA,95.4749984741211,95.4749984741211,95.56999969482422,95.47000122070312,95.52999877929688,7976.0
2024-03-01 15:24:00,MRNS,9.979999542236328,9.979999542236328,9.979999542236328,9.979999542236328,9.979999542236328,380.0
2024-03-01 15:24:00,MRSN,5.929999828338623,5.929999828338623,5.945000171661377,5.929999828338623,5.945000171661377,10733.0
2024-03-01 15:24:00,MRUS,51.48500061035156,51.48500061035156,51.48500061035156,51.48500061035156,51.48500061035156,702.0
2024-03-01 15:24:00,MRVI,7.664999961853027,7.664999961853027,7.684999942779541,7.664999961853027,7.684999942779541,5965.0
2024-03-01 15:24:00,MXCT,4.730000019073486,4.730000019073486,4.735000133514404,4.730000019073486,4.735000133514404,694.0
2024-03-01 15:24:00,MYGN,21.985000610351562,21.985000610351562,21.985000610351562,21.985000610351562,21.985000610351562,328.0
2024-03-01 15:24:00,MYNZ,0.8878780007362366,0.8878780007362366,0.9057999849319458,0.8802499771118164,0.8805000185966492,12814.0
2024-03-01 15:24:00,NARI,45.85499954223633,45.85499954223633,45.970001220703125,45.85499954223633,45.970001220703125,10802.0
2024-03-01 15:24:00,NBIX,131.80999755859375,131.80999755859375,131.88999938964844,131.7899932861328,131.8800048828125,4471.0
2024-03-01 15:24:00,NEO,15.960000038146973,15.960000038146973,15.989999771118164,15.960000038146973,15.979999542236328,4065.0
2024-03-01 15:24:00,NEOG,17.290000915527344,17.290000915527344,17.290000915527344,17.290000915527344,17.290000915527344,349.0
2024-03-01 15:24:00,NERV,2.630000114440918,2.630000114440918,2.630000114440918,2.630000114440918,2.630000114440918,711.0
2024-03-01 15:24:00,NEXI,6.376999855041504,6.376999855041504,6.376999855041504,6.376999855041504,6.376999855041504,235.0
2024-03-01 15:24:00,NGM,1.5199999809265137,1.5199999809265137,1.5199999809265137,1.5199999809265137,1.5199999809265137,1742.0
2024-03-01 15:24:00,NKTX,12.694600105285645,12.694600105285645,12.694600105285645,12.694600105285645,12.694600105285645,100.0
2024-03-01 15:24:00,NMTC,1.2101000547409058,1.2101000547409058,1.2209999561309814,1.2101000547409058,1.2209999561309814,1101.0
2024-03-01 15:24:00,NNOX,10.970000267028809,10.970000267028809,10.970000267028809,10.930000305175781,10.9399995803833,4426.0
2024-03-01 15:24:00,NOTV,7.929999828338623,7.929999828338623,7.929999828338623,7.929999828338623,7.929999828338623,639.0
2024-03-01 15:24:00,NPCE,15.925000190734863,15.925000190734863,15.925000190734863,15.925000190734863,15.925000190734863,224.0
2024-03-01 15:24:00,NRBO,6.199999809265137,6.199999809265137,6.2399001121521,6.199999809265137,6.2399001121521,329.0
2024-03-01 15:24:00,NRIX,13.529999732971191,13.529999732971191,13.5423002243042,13.520000457763672,13.5423002243042,4070.0
2024-03-01 15:24:00,NRSN,1.9990999698638916,1.9990999698638916,1.9991999864578247,1.9990999698638916,1.9991999864578247,1334.0
2024-03-01 15:24:00,NRXP,0.4399999976158142,0.4399999976158142,0.4438999891281128,0.4399999976158142,0.4438999891281128,4605.0
2024-03-01 15:24:00,NTLA,33.22100067138672,33.22100067138672,33.255001068115234,33.2130012512207,33.255001068115234,2169.0
2024-03-01 15:24:00,NTRA,89.63999938964844,89.63999938964844,89.68000030517578,89.63999938964844,89.68000030517578,2997.0
2024-03-01 15:24:00,NUTX,0.1140500009059906,0.1140500009059906,0.11410000175237656,0.11389999836683273,0.11394999921321869,50099.0
2024-03-01 15:24:00,NUVL,87.49500274658203,87.49500274658203,87.49500274658203,87.49500274658203,87.49500274658203,203.0
2024-03-01 15:24:00,NVAX,5.394999980926514,5.394999980926514,5.40500020980835,5.389999866485596,5.40500020980835,52274.0
2024-03-01 15:24:00,NVCR,16.100000381469727,16.100000381469727,16.100000381469727,16.06999969482422,16.075000762939453,5307.0
2024-03-01 15:24:00,NVCT,10.729999542236328,10.729999542236328,10.729999542236328,10.729999542236328,10.729999542236328,100.0
2024-03-01 15:24:00,NVNO,6.389999866485596,6.389999866485596,6.445000171661377,6.389999866485596,6.445000171661377,570.0
2024-03-01 15:24:00,NVOS,0.652999997138977,0.652999997138977,0.652999997138977,0.652999997138977,0.652999997138977,764.0
2024-03-01 15:24:00,NXTC,1.774999976158142,1.774999976158142,1.774999976158142,1.774999976158142,1.774999976158142,200.0
2024-03-01 15:24:00,OCGN,0.9509000182151794,0.9509000182151794,0.9559000134468079,0.9509000182151794,0.9509999752044678,2420.0
2024-03-01 15:24:00,OCUL,10.616499900817871,10.616499900817871,10.630000114440918,10.609999656677246,10.628800392150879,2054.0
2024-03-01 15:24:00,OFIX,12.887800216674805,12.887800216674805,12.899999618530273,12.887800216674805,12.890000343322754,1787.0
2024-03-01 15:24:00,OGI,2.1549999713897705,2.1549999713897705,2.1549999713897705,2.1549999713897705,2.1549999713897705,210.0
2024-03-01 15:24:00,OLK,22.985000610351562,22.985000610351562,22.985000610351562,22.985000610351562,22.985000610351562,150.0
2024-03-01 15:24:00,OLMA,14.819999694824219,14.819999694824219,14.85200023651123,14.819999694824219,14.850000381469727,2836.0
2024-03-01 15:24:00,OM,3.125,3.125,3.130000114440918,3.125,3.130000114440918,1792.0
2024-03-01 15:24:00,OMCL,26.219999313354492,26.219999313354492,26.240100860595703,26.219999313354492,26.239999771118164,1265.0
2024-03-01 15:24:00,OMER,4.820099830627441,4.820099830627441,4.824999809265137,4.820000171661377,4.820000171661377,3352.0
2024-03-01 15:24:00,OMGA,4.400000095367432,4.400000095367432,4.400000095367432,4.400000095367432,4.400000095367432,239.0
2024-03-01 15:25:00,ABCL,5.065000057220459,5.065000057220459,5.065000057220459,5.054999828338623,5.054999828338623,11258.0
2024-03-01 15:25:00,ABEO,7.75,7.75,7.75,7.75,7.75,300.0
2024-03-01 15:25:00,ABOS,4.6682000160217285,4.6682000160217285,4.668499946594238,4.6682000160217285,4.668499946594238,711.0
2024-03-01 15:25:00,ABSI,5.519199848175049,5.519199848175049,5.519999980926514,5.5100998878479,5.514999866485596,3698.0
2024-03-01 15:25:00,ABUS,2.7850000858306885,2.7850000858306885,2.7855000495910645,2.7799999713897705,2.7799999713897705,4643.0
2024-03-01 15:25:00,ACAD,24.165000915527344,24.165000915527344,24.170000076293945,24.1200008392334,24.1200008392334,7300.0
2024-03-01 15:25:00,ACB,3.186199903488159,3.186199903488159,3.186199903488159,3.186199903488159,3.186199903488159,574.0
2024-03-01 15:25:00,ACET,2.384999990463257,2.384999990463257,2.384999990463257,2.380000114440918,2.384999990463257,1988.0
2024-03-01 15:25:00,ACHC,84.16500091552734,84.16500091552734,84.16500091552734,84.11499786376953,84.11499786376953,1820.0
2024-03-01 15:25:00,ACIU,3.8299999237060547,3.8299999237060547,3.8299999237060547,3.8299999237060547,3.8299999237060547,100.0
2024-03-01 15:25:00,ACLX,67.5,67.5,67.5,67.5,67.5,292.0
2024-03-01 15:25:00,ACON,0.4000000059604645,0.4000000059604645,0.4000000059604645,0.4000000059604645,0.4000000059604645,269.0
2024-03-01 15:25:00,ACRS,1.2200000286102295,1.2200000286102295,1.2300000190734863,1.2200000286102295,1.225000023841858,1220.0
2024-03-01 15:25:00,ACST,3.4000000953674316,3.4000000953674316,3.4000000953674316,3.4000000953674316,3.4000000953674316,984.0
2024-03-01 15:25:00,ADIL,2.9540998935699463,2.9540998935699463,2.9800000190734863,2.940000057220459,2.9700000286102295,13179.0
2024-03-01 15:25:00,ADMA,5.525000095367432,5.525000095367432,5.53000020980835,5.525000095367432,5.525000095367432,4607.0
2024-03-01 15:25:00,ADPT,4.065000057220459,4.065000057220459,4.065000057220459,4.059999942779541,4.059999942779541,1427.0
2024-03-01 15:25:00,ADUS,93.8499984741211,93.8499984741211,93.8499984741211,93.8499984741211,93.8499984741211,1269.0
2024-03-01 15:25:00,ADVM,1.940000057220459,1.940000057220459,1.9450000524520874,1.940000057220459,1.940000057220459,2120.0
2024-03-01 15:25:00,AFMD,0.6751000285148621,0.6751000285148621,0.6751999855041504,0.6751000285148621,0.6751999855041504,1636.0
2024-03-01 15:25:00,AGEN,0.6700500249862671,0.6700500249862671,0.6700999736785889,0.6700000166893005,0.6700500249862671,3869.0
2024-03-01 15:25:00,AGIO,32.27000045776367,32.27000045776367,32.27000045776367,32.27000045776367,32.27000045776367,846.0
2024-03-01 15:25:00,AHCO,10.5,10.5,10.5,10.460000038146973,10.470000267028809,16998.0
2024-03-01 15:25:00,AIH,0.5519999861717224,0.5519999861717224,0.5519999861717224,0.5519999861717224,0.5519999861717224,100.0
2024-03-01 15:25:00,AIRS,6.449999809265137,6.449999809265137,6.449999809265137,6.449999809265137,6.449999809265137,472.0
2024-03-01 15:25:00,AKAN,0.2150000035762787,0.2150000035762787,0.2150000035762787,0.21490000188350677,0.21490000188350677,2891.0
2024-03-01 15:25:00,AKBA,1.6799999475479126,1.6799999475479126,1.690000057220459,1.6799999475479126,1.6799999475479126,758.0
2024-03-01 15:25:00,AKLI,0.3521000146865845,0.3521000146865845,0.3521000146865845,0.3521000146865845,0.3521000146865845,1005.0
2024-03-01 15:25:00,AKRO,28.389999389648438,28.389999389648438,28.459999084472656,28.3700008392334,28.420000076293945,5155.0
2024-03-01 15:25:00,ALDX,4.230000019073486,4.230000019073486,4.230000019073486,4.224999904632568,4.227499961853027,511.0
2024-03-01 15:25:00,ALEC,7.400000095367432,7.400000095367432,7.409999847412109,7.400000095367432,7.409999847412109,3139.0
2024-03-01 15:25:00,ALGN,301.9599914550781,301.9599914550781,301.9599914550781,301.739990234375,301.739990234375,528.0
2024-03-01 15:25:00,ALHC,5.539999961853027,5.539999961853027,5.545000076293945,5.539999961853027,5.545000076293945,804.0
2024-03-01 15:25:00,ALKS,30.170000076293945,30.170000076293945,30.18000030517578,30.15999984741211,30.18000030517578,3738.0
2024-03-01 15:25:00,ALLK,1.649999976158142,1.649999976158142,1.659999966621399,1.649999976158142,1.659999966621399,3458.0
2024-03-01 15:25:00,ALLO,4.960000038146973,4.960000038146973,4.960000038146973,4.960000038146973,4.960000038146973,934.0
2024-03-01 15:25:00,ALNY,153.06500244140625,153.06500244140625,153.38999938964844,153.06500244140625,153.3300018310547,4767.0
2024-03-01 15:25:00,ALPN,35.95000076293945,35.95000076293945,35.98500061035156,35.95000076293945,35.98500061035156,2100.0
2024-03-01 15:25:00,ALRN,5.03000020980835,5.03000020980835,5.039999961853027,5.03000020980835,5.039999961853027,559.0
2024-03-01 15:25:00,ALT,12.109999656677246,12.109999656677246,12.109999656677246,12.09000015258789,12.09000015258789,1228.0
2024-03-01 15:25:00,ALVR,0.7509999871253967,0.7509999871253967,0.7509999871253967,0.7488499879837036,0.7488499879837036,686.0
2024-03-01 15:25:00,AMED,93.31500244140625,93.31500244140625,93.31999969482422,93.29000091552734,93.29000091552734,1174.0
2024-03-01 15:25:00,AMGN,280.44000244140625,280.44000244140625,280.44000244140625,280.3399963378906,280.3399963378906,4422.0
2024-03-01 15:25:00,AMPH,45.79999923706055,45.79999923706055,45.81999969482422,45.79999923706055,45.81999969482422,1185.0
2024-03-01 15:25:00,AMRN,1.0549999475479126,1.0549999475479126,1.0549999475479126,1.0499999523162842,1.0549999475479126,4072.0
2024-03-01 15:25:00,ANAB,25.40999984741211,25.40999984741211,25.40999984741211,25.40999984741211,25.40999984741211,100.0
2024-03-01 15:25:00,ANGO,5.46999979019165,5.46999979019165,5.46999979019165,5.46999979019165,5.46999979019165,206.0
2024-03-01 15:25:00,ANNX,6.065000057220459,6.065000057220459,6.065000057220459,6.065000057220459,6.065000057220459,100.0
2024-03-01 15:25:00,ANTX,3.0199999809265137,3.0199999809265137,3.0199999809265137,3.0199999809265137,3.0199999809265137,300.0
2024-03-01 15:25:00,APLS,64.33999633789062,64.33999633789062,64.36000061035156,64.32499694824219,64.36000061035156,1662.0
2024-03-01 15:25:00,APLT,7.059999942779541,7.059999942779541,7.059999942779541,7.050000190734863,7.050000190734863,846.0
2024-03-01 15:25:00,AQST,4.099999904632568,4.099999904632568,4.1097002029418945,4.099999904632568,4.105000019073486,2850.0
2024-03-01 15:25:00,ARAY,2.615000009536743,2.615000009536743,2.619999885559082,2.609999895095825,2.609999895095825,2698.0
2024-03-01 15:25:00,ARDX,9.449999809265137,9.449999809265137,9.460000038146973,9.449999809265137,9.449999809265137,12457.0
2024-03-01 15:25:00,ARQT,11.454999923706055,11.454999923706055,11.460000038146973,11.449999809265137,11.460000038146973,5607.0
2024-03-01 15:25:00,ARVN,47.63999938964844,47.63999938964844,47.69499969482422,47.63999938964844,47.689998626708984,618.0
2024-03-01 15:25:00,ASMB,13.29800033569336,13.29800033569336,13.29800033569336,13.29800033569336,13.29800033569336,347.0
2024-03-01 15:25:00,ASND,154.64149475097656,154.64149475097656,154.64149475097656,154.64149475097656,154.64149475097656,958.0
2024-03-01 15:25:00,ASRT,0.8945000171661377,0.8945000171661377,0.8945000171661377,0.8945000171661377,0.8945000171661377,637.0
2024-03-01 15:25:00,ATAI,2.115000009536743,2.115000009536743,2.1210999488830566,2.115000009536743,2.1210999488830566,8136.0
2024-03-01 15:25:00,ATEC,13.479999542236328,13.479999542236328,13.489999771118164,13.479999542236328,13.484999656677246,2279.0
2024-03-01 15:25:00,ATNF,3.359999895095825,3.359999895095825,3.359999895095825,3.359999895095825,3.359999895095825,1136.0
2024-03-01 15:25:00,ATOS,1.0099999904632568,1.0099999904632568,1.0099999904632568,1.0099999904632568,1.0099999904632568,105.0
2024-03-01 15:25:00,ATRA,0.7851499915122986,0.7851499915122986,0.7851499915122986,0.7803000211715698,0.7851499915122986,4009.0
2024-03-01 15:25:00,ATRC,36.150001525878906,36.150001525878906,36.150001525878906,36.125,36.125,1130.0
2024-03-01 15:25:00,ATXI,0.15449999272823334,0.15449999272823334,0.15449999272823334,0.15449999272823334,0.15449999272823334,2981.0
2024-03-01 15:25:00,ATXS,14.930000305175781,14.930000305175781,14.930000305175781,14.899999618530273,14.899999618530273,1928.0
2024-03-01 15:25:00,AUGX,4.534999847412109,4.534999847412109,4.539999961853027,4.534999847412109,4.539999961853027,679.0
2024-03-01 15:25:00,AUPH,5.769899845123291,5.769899845123291,5.775000095367432,5.764999866485596,5.775000095367432,3403.0
2024-03-01 15:25:00,AURA,9.3100004196167,9.3100004196167,9.3100004196167,9.3100004196167,9.3100004196167,167.0
2024-03-01 15:25:00,AUTL,6.240499973297119,6.240499973297119,6.240499973297119,6.239999771118164,6.239999771118164,1347.0
2024-03-01 15:25:00,AVDL,13.430000305175781,13.430000305175781,13.449999809265137,13.414999961853027,13.414999961853027,15681.0
2024-03-01 15:25:00,AVXL,5.309000015258789,5.309000015258789,5.309000015258789,5.309000015258789,5.309000015258789,1068.0
2024-03-01 15:25:00,AXGN,10.678999900817871,10.678999900817871,10.678999900817871,10.678999900817871,10.678999900817871,453.0
2024-03-01 15:25:00,AXNX,67.66000366210938,67.66000366210938,67.68000030517578,67.66000366210938,67.68000030517578,2401.0
2024-03-01 15:25:00,AXSM,82.68499755859375,82.68499755859375,82.68499755859375,82.68499755859375,82.68499755859375,284.0
2024-03-01 15:25:00,AZN,64.6500015258789,64.6500015258789,64.6500015258789,64.6449966430664,64.6500015258789,2142.0
2024-03-01 15:25:00,BBIO,35.75,35.75,35.75,35.72999954223633,35.72999954223633,621.0
2024-03-01 15:25:00,BBLG,2.440000057220459,2.440000057220459,2.440000057220459,2.440000057220459,2.440000057220459,249.0
2024-03-01 15:25:00,BCDA,0.5785999894142151,0.5785999894142151,0.5786010026931763,0.5785999894142151,0.5786010026931763,400.0
2024-03-01 15:25:00,BCRX,5.664999961853027,5.664999961853027,5.664999961853027,5.659999847412109,5.664999961853027,1680.0
2024-03-01 15:25:00,BCYC,25.729999542236328,25.729999542236328,25.770000457763672,25.729999542236328,25.729999542236328,1037.0
2024-03-01 15:25:00,BDTX,4.735000133514404,4.735000133514404,4.735000133514404,4.735000133514404,4.735000133514404,174.0
2024-03-01 15:25:00,BEAM,39.81999969482422,39.81999969482422,39.83810043334961,39.810001373291016,39.81999969482422,2515.0
2024-03-01 15:25:00,BIIB,221.0780029296875,221.0780029296875,221.0780029296875,220.97000122070312,221.02999877929688,1804.0
2024-03-01 15:25:00,BIOL,0.1448500007390976,0.1448500007390976,0.14499999582767487,0.14480000734329224,0.14480000734329224,26398.0
2024-03-01 15:25:00,BIOR,1.1298999786376953,1.1298999786376953,1.1299999952316284,1.1298999786376953,1.1299999952316284,200.0
2024-03-01 15:25:00,BIVI,1.9127000570297241,1.9127000570297241,1.9299999475479126,1.899999976158142,1.9299999475479126,99047.0
2024-03-01 15:25:00,BLFS,17.719999313354492,17.719999313354492,17.739999771118164,17.719999313354492,17.739999771118164,2033.0
2024-03-01 15:25:00,BLUE,1.5700000524520874,1.5700000524520874,1.5799000263214111,1.5700000524520874,1.5750000476837158,13831.0
2024-03-01 15:25:00,BMEA,18.020000457763672,18.020000457763672,18.030000686645508,18.020000457763672,18.030000686645508,1467.0
2024-03-01 15:25:00,BMRN,87.81999969482422,87.81999969482422,87.81999969482422,87.75,87.75,2974.0
2024-03-01 15:25:00,BNGO,1.2599999904632568,1.2599999904632568,1.2599999904632568,1.2549999952316284,1.2549999952316284,1207.0
2024-03-01 15:25:00,BNR,0.8100500106811523,0.8100500106811523,0.8100500106811523,0.8100500106811523,0.8100500106811523,100.0
2024-03-01 15:25:00,BNTX,90.84500122070312,90.84500122070312,90.86599731445312,90.8375015258789,90.8375015258789,830.0
2024-03-01 15:25:00,BPMC,95.86000061035156,95.86000061035156,95.86000061035156,95.86000061035156,95.86000061035156,366.0
2024-03-01 15:25:00,BRKR,88.51000213623047,88.51000213623047,88.51000213623047,88.51000213623047,88.51000213623047,362.0
2024-03-01 15:25:00,BSGM,0.6801000237464905,0.6801000237464905,0.6801000237464905,0.6801000237464905,0.6801000237464905,200.0
2024-03-01 15:25:00,BTTX,0.18320000171661377,0.18320000171661377,0.18320000171661377,0.18205000460147858,0.18205000460147858,18418.0
2024-03-01 15:25:00,BVS,4.800000190734863,4.800000190734863,4.800000190734863,4.800000190734863,4.800000190734863,102.0
2024-03-01 15:25:00,BYSI,1.5,1.5,1.5,1.5,1.5,102.0
2024-03-01 15:25:00,CABA,23.959999084472656,23.959999084472656,23.959999084472656,23.959999084472656,23.959999084472656,249.0
2024-03-01 15:25:00,CAPR,4.534999847412109,4.534999847412109,4.534999847412109,4.519999980926514,4.519999980926514,412.0
2024-03-01 15:25:00,CARA,0.9205999970436096,0.9205999970436096,0.9205999970436096,0.9205999970436096,0.9205999970436096,1243.0
2024-03-01 15:25:00,CBAY,32.22999954223633,32.22999954223633,32.22999954223633,32.220001220703125,32.22999954223633,3646.0
2024-03-01 15:25:00,CCCC,10.975000381469727,10.975000381469727,10.975000381469727,10.975000381469727,10.975000381469727,358.0
2024-03-01 15:25:00,CCRN,18.299999237060547,18.299999237060547,18.299999237060547,18.299999237060547,18.299999237060547,347.0
2024-03-01 15:25:00,CDMO,8.199999809265137,8.199999809265137,8.199999809265137,8.170000076293945,8.199999809265137,13680.0
2024-03-01 15:25:00,CDNA,12.5,12.5,12.5,12.490099906921387,12.490099906921387,1188.0
2024-03-01 15:25:00,CDXS,4.65749979019165,4.65749979019165,4.659999847412109,4.650000095367432,4.650000095367432,6681.0
2024-03-01 15:25:00,CELC,17.139999389648438,17.139999389648438,17.139999389648438,17.1200008392334,17.139999389648438,1937.0
2024-03-01 15:25:00,CERE,41.1150016784668,41.1150016784668,41.119998931884766,41.11000061035156,41.11000061035156,1067.0
2024-03-01 15:25:00,CERS,2.184999942779541,2.184999942779541,2.190000057220459,2.184999942779541,2.184999942779541,1530.0
2024-03-01 15:25:00,CERT,18.170000076293945,18.170000076293945,18.170000076293945,18.149999618530273,18.149999618530273,2398.0
2024-03-01 15:25:00,CGC,3.184999942779541,3.184999942779541,3.190000057220459,3.184999942779541,3.190000057220459,8998.0
2024-03-01 15:25:00,CGEN,2.684999942779541,2.684999942779541,2.684999942779541,2.684999942779541,2.684999942779541,201.0
2024-03-01 15:25:00,CHRS,2.4100000858306885,2.4100000858306885,2.4100000858306885,2.4000000953674316,2.4000000953674316,608.0
2024-03-01 15:25:00,CKPT,2.2100000381469727,2.2100000381469727,2.2100000381469727,2.2100000381469727,2.2100000381469727,200.0
2024-03-01 15:25:00,CLDX,51.810001373291016,51.810001373291016,51.810001373291016,51.77000045776367,51.779998779296875,714.0
2024-03-01 15:25:00,CLOV,0.8655999898910522,0.8655999898910522,0.8655999898910522,0.8654999732971191,0.8655499815940857,6628.0
2024-03-01 15:25:00,CLRB,4.079999923706055,4.079999923706055,4.0802001953125,4.079999923706055,4.079999923706055,1640.0
2024-03-01 15:25:00,CMPS,11.470000267028809,11.470000267028809,11.470000267028809,11.420000076293945,11.420000076293945,1641.0
2024-03-01 15:25:00,COGT,7.199999809265137,7.199999809265137,7.224999904632568,7.199999809265137,7.224999904632568,3402.0
2024-03-01 15:25:00,COLL,36.880001068115234,36.880001068115234,36.880001068115234,36.810001373291016,36.810001373291016,2885.0
2024-03-01 15:25:00,CORT,24.239999771118164,24.239999771118164,24.239999771118164,24.229999542236328,24.229999542236328,424.0
2024-03-01 15:25:00,CPRX,17.200000762939453,17.200000762939453,17.204999923706055,17.18000030517578,17.18000030517578,9561.0
2024-03-01 15:25:00,CPSI,9.350000381469727,9.350000381469727,9.369999885559082,9.350000381469727,9.369999885559082,1113.0
2024-03-01 15:25:00,CRBP,33.349998474121094,33.349998474121094,33.5,33.30500030517578,33.30500030517578,653.0
2024-03-01 15:25:00,CRBU,7.809999942779541,7.809999942779541,7.835000038146973,7.809999942779541,7.835000038146973,3595.0
2024-03-01 15:25:00,CRDF,2.7850000858306885,2.7850000858306885,2.809999942779541,2.75,2.759999990463257,48452.0
2024-03-01 15:25:00,CRMD,3.6619999408721924,3.6619999408721924,3.6619999408721924,3.6600000858306885,3.6600000858306885,343.0
2024-03-01 15:25:00,CRNX,45.939998626708984,45.939998626708984,45.939998626708984,45.935001373291016,45.935001373291016,667.0
2024-03-01 15:25:00,CRON,2.0199999809265137,2.0199999809265137,2.0283000469207764,2.0199999809265137,2.0283000469207764,983.0
2024-03-01 15:25:00,CRSP,84.62999725341797,84.62999725341797,84.66999816894531,84.61499786376953,84.66999816894531,2772.0
2024-03-01 15:25:00,CRVS,2.1600000858306885,2.1600000858306885,2.1700000762939453,2.1600000858306885,2.1700000762939453,603.0
2024-03-01 15:25:00,CTKB,9.005000114440918,9.005000114440918,9.010000228881836,9.005000114440918,9.005000114440918,685.0
2024-03-01 15:25:00,CTMX,2.549999952316284,2.549999952316284,2.549999952316284,2.5399999618530273,2.5399999618530273,11176.0
2024-03-01 15:25:00,CTXR,0.7746999859809875,0.7746999859809875,0.7746999859809875,0.7746999859809875,0.7746999859809875,122.0
2024-03-01 15:25:00,CUTR,2.4000000953674316,2.4000000953674316,2.4000000953674316,2.4000000953674316,2.4000000953674316,1716.0
2024-03-01 15:25:00,CVAC,3.440000057220459,3.440000057220459,3.440000057220459,3.440000057220459,3.440000057220459,221.0
2024-03-01 15:25:00,CVRX,20.639999389648438,20.639999389648438,20.639999389648438,20.639999389648438,20.639999389648438,661.0
2024-03-01 15:25:00,CYCN,3.009999990463257,3.009999990463257,3.0199999809265137,3.009999990463257,3.0199999809265137,451.0
2024-03-01 15:25:00,CYTH,1.624899983406067,1.624899983406067,1.624899983406067,1.624899983406067,1.624899983406067,1520.0
2024-03-01 15:25:00,CYTK,73.8499984741211,73.8499984741211,73.8499984741211,73.83499908447266,73.83499908447266,332.0
2024-03-01 15:25:00,DARE,0.557449996471405,0.557449996471405,0.557449996471405,0.557449996471405,0.557449996471405,114.0
2024-03-01 15:25:00,DAWN,17.540000915527344,17.540000915527344,17.540000915527344,17.540000915527344,17.540000915527344,514.0
2024-03-01 15:25:00,DCGO,4.045000076293945,4.045000076293945,4.048999786376953,4.045000076293945,4.048999786376953,761.0
2024-03-01 15:25:00,DERM,4.03000020980835,4.03000020980835,4.03000020980835,4.03000020980835,4.03000020980835,100.0
2024-03-01 15:25:00,DH,8.800000190734863,8.800000190734863,8.800000190734863,8.800000190734863,8.800000190734863,200.0
2024-03-01 15:25:00,DMTK,0.8374999761581421,0.8374999761581421,0.8398000001907349,0.8374999761581421,0.8398000001907349,371.0
2024-03-01 15:25:00,DNLI,21.09000015258789,21.09000015258789,21.09000015258789,21.079999923706055,21.079999923706055,2096.0
2024-03-01 15:25:00,DSGN,2.875,2.875,2.875,2.875,2.875,117.0
2024-03-01 15:25:00,DTIL,12.619999885559082,12.619999885559082,12.680000305175781,12.614999771118164,12.614999771118164,777.0
2024-03-01 15:25:00,DVAX,12.795000076293945,12.795000076293945,12.795000076293945,12.795000076293945,12.795000076293945,332.0
2024-03-01 15:25:00,DXCM,121.12999725341797,121.12999725341797,121.22000122070312,121.12999725341797,121.22000122070312,7683.0
2024-03-01 15:25:00,DYN,29.139999389648438,29.139999389648438,29.145000457763672,29.1299991607666,29.145000457763672,965.0
2024-03-01 15:25:00,EDIT,10.78499984741211,10.78499984741211,10.78909969329834,10.779999732971191,10.78499984741211,2785.0
2024-03-01 15:25:00,EGRX,6.599999904632568,6.599999904632568,6.599999904632568,6.585000038146973,6.599999904632568,555.0
2024-03-01 15:25:00,ELEV,5.150000095367432,5.150000095367432,5.179999828338623,5.130000114440918,5.168000221252441,30248.0
2024-03-01 15:25:00,EMBC,14.300000190734863,14.300000190734863,14.300000190734863,14.295000076293945,14.295000076293945,1132.0
2024-03-01 15:25:00,ENSC,0.9301000237464905,0.9301000237464905,0.9301000237464905,0.9300000071525574,0.9301000237464905,10000.0
2024-03-01 15:25:00,ENTA,15.680000305175781,15.680000305175781,15.680000305175781,15.680000305175781,15.680000305175781,277.0
2024-03-01 15:25:00,ENVB,1.5299999713897705,1.5299999713897705,1.5299999713897705,1.5199999809265137,1.5199999809265137,3668.0
2024-03-01 15:25:00,EOLS,14.869999885559082,14.869999885559082,14.880000114440918,14.869999885559082,14.869999885559082,463.0
2024-03-01 15:25:00,EPIX,9.5,9.5,9.5,9.5,9.5,500.0
2024-03-01 15:25:00,ERAS,2.5950000286102295,2.5950000286102295,2.5950000286102295,2.5810000896453857,2.5850000381469727,14173.0
2024-03-01 15:25:00,ESPR,2.549999952316284,2.549999952316284,2.549999952316284,2.549999952316284,2.549999952316284,5398.0
2024-03-01 15:25:00,ESTA,43.939998626708984,43.939998626708984,44.5,43.939998626708984,44.5,8784.0
2024-03-01 15:25:00,ETNB,12.699999809265137,12.699999809265137,12.699999809265137,12.6899995803833,12.699999809265137,1905.0
2024-03-01 15:25:00,EWTX,16.854999542236328,16.854999542236328,16.860000610351562,16.834999084472656,16.834999084472656,2835.0
2024-03-01 15:25:00,EXAI,6.54010009765625,6.54010009765625,6.559999942779541,6.539999961853027,6.559999942779541,2837.0
2024-03-01 15:25:00,EXAS,59.560001373291016,59.560001373291016,59.56999969482422,59.54499816894531,59.560001373291016,3175.0
2024-03-01 15:25:00,EXEL,22.2549991607666,22.2549991607666,22.260000228881836,22.25,22.2549991607666,5877.0
2024-03-01 15:25:00,EYEN,2.3499999046325684,2.3499999046325684,2.3499999046325684,2.3450000286102295,2.3450000286102295,1576.0
2024-03-01 15:25:00,EYPT,27.96500015258789,27.96500015258789,27.96500015258789,27.96500015258789,27.96500015258789,269.0
2024-03-01 15:25:00,FATE,7.724999904632568,7.724999904632568,7.739999771118164,7.679999828338623,7.679999828338623,19029.0
2024-03-01 15:25:00,FBIO,2.361299991607666,2.361299991607666,2.361299991607666,2.361299991607666,2.361299991607666,500.0
2024-03-01 15:25:00,FDMT,29.44499969482422,29.44499969482422,29.450000762939453,29.44499969482422,29.450000762939453,328.0
2024-03-01 15:25:00,FENC,9.869999885559082,9.869999885559082,9.869999885559082,9.869999885559082,9.869999885559082,488.0
2024-03-01 15:25:00,FGEN,1.8300000429153442,1.8300000429153442,1.8300000429153442,1.8250000476837158,1.8250000476837158,1856.0
2024-03-01 15:25:00,FIXX,0.9086999893188477,0.9086999893188477,0.9143999814987183,0.8999999761581421,0.9086999893188477,21451.0
2024-03-01 15:25:00,FLGT,23.06999969482422,23.06999969482422,23.079999923706055,23.06999969482422,23.079999923706055,368.0
2024-03-01 15:25:00,FOLD,13.300299644470215,13.300299644470215,13.305000305175781,13.300000190734863,13.300000190734863,6582.0
2024-03-01 15:25:00,FULC,11.010000228881836,11.010000228881836,11.010000228881836,11.010000228881836,11.010000228881836,906.0
2024-03-01 15:25:00,FUSN,12.239999771118164,12.239999771118164,12.239999771118164,12.225000381469727,12.239999771118164,972.0
2024-03-01 15:25:00,GALT,1.975100040435791,1.975100040435791,1.975100040435791,1.975100040435791,1.975100040435791,275.0
2024-03-01 15:25:00,GANX,4.639999866485596,4.639999866485596,4.639999866485596,4.639999866485596,4.639999866485596,306.0
2024-03-01 15:25:00,GBIO,2.625,2.625,2.630000114440918,2.625,2.630000114440918,513.0
2024-03-01 15:25:00,GCTK,0.3050000071525574,0.3050000071525574,0.3100000023841858,0.3050000071525574,0.3089999854564667,31467.0
2024-03-01 15:25:00,GDRX,8.420000076293945,8.420000076293945,8.425000190734863,8.420000076293945,8.420100212097168,1832.0
2024-03-01 15:25:00,GENE,2.3499999046325684,2.3499999046325684,2.3499999046325684,2.3499999046325684,2.3499999046325684,172.0
2024-03-01 15:25:00,GERN,2.255000114440918,2.255000114440918,2.259999990463257,2.25,2.25,54190.0
2024-03-01 15:25:00,GH,19.020000457763672,19.020000457763672,19.024999618530273,19.01099967956543,19.024999618530273,1309.0
2024-03-01 15:25:00,GILD,72.51499938964844,72.51499938964844,72.5199966430664,72.48500061035156,72.50499725341797,9178.0
2024-03-01 15:25:00,GLPG,35.02000045776367,35.02000045776367,35.02000045776367,35.02000045776367,35.02000045776367,115.0
2024-03-01 15:25:00,GLSI,12.670000076293945,12.670000076293945,12.670000076293945,12.670000076293945,12.670000076293945,145.0
2024-03-01 15:25:00,GLTO,0.7921000123023987,0.7921000123023987,0.7921000123023987,0.7921000123023987,0.7921000123023987,800.0
2024-03-01 15:25:00,GLYC,3.005000114440918,3.005000114440918,3.005000114440918,3.005000114440918,3.005000114440918,100.0
2024-03-01 15:25:00,GMAB,29.395000457763672,29.395000457763672,29.406999588012695,29.389999389648438,29.399999618530273,2535.0
2024-03-01 15:25:00,GOSS,1.4049999713897705,1.4049999713897705,1.4149999618530273,1.4049999713897705,1.4149999618530273,7379.0
2024-03-01 15:25:00,GRFS,7.014999866485596,7.014999866485596,7.014999866485596,7.010000228881836,7.010000228881836,1585.0
2024-03-01 15:25:00,GRTS,2.029900074005127,2.029900074005127,2.029900074005127,2.0199999809265137,2.0199999809265137,5341.0
2024-03-01 15:25:00,GRTX,0.23649999499320984,0.23649999499320984,0.23649999499320984,0.23639999330043793,0.23639999330043793,3567.0
2024-03-01 15:25:00,GTHX,3.7699999809265137,3.7699999809265137,3.7699999809265137,3.7699999809265137,3.7699999809265137,134.0
2024-03-01 15:25:00,HALO,41.040000915527344,41.040000915527344,41.040000915527344,40.9900016784668,40.9900016784668,2688.0
2024-03-01 15:25:00,HCAT,8.104999542236328,8.104999542236328,8.114999771118164,8.104999542236328,8.109999656677246,2718.0
2024-03-01 15:25:00,HCM,15.164999961853027,15.164999961853027,15.164999961853027,15.164999961853027,15.164999961853027,180.0
2024-03-01 15:25:00,HCSG,12.760000228881836,12.760000228881836,12.760000228881836,12.760000228881836,12.760000228881836,164.0
2024-03-01 15:25:00,HCTI,2.0299999713897705,2.0299999713897705,2.0439000129699707,2.0299999713897705,2.0439000129699707,623.0
2024-03-01 15:25:00,HLTH,0.26969099044799805,0.26969099044799805,0.26969099044799805,0.26969099044799805,0.26969099044799805,223.0
2024-03-01 15:25:00,HLVX,19.239999771118164,19.239999771118164,19.239999771118164,19.239999771118164,19.239999771118164,100.0
2024-03-01 15:25:00,HOLX,74.19000244140625,74.19000244140625,74.19000244140625,74.18000030517578,74.18000030517578,1173.0
2024-03-01 15:25:00,HRMY,31.764999389648438,31.764999389648438,31.764999389648438,31.764999389648438,31.764999389648438,405.0
2024-03-01 15:25:00,HROW,10.90999984741211,10.90999984741211,10.90999984741211,10.90999984741211,10.90999984741211,187.0
2024-03-01 15:25:00,HRTX,2.5799999237060547,2.5799999237060547,2.5799999237060547,2.575000047683716,2.5799999237060547,6204.0
2024-03-01 15:25:00,HSCS,0.11860000342130661,0.11860000342130661,0.11860000342130661,0.1185000017285347,0.1185000017285347,901.0
2024-03-01 15:25:00,HSIC,76.91500091552734,76.91500091552734,76.94999694824219,76.91500091552734,76.93299865722656,2593.0
2024-03-01 15:25:00,HSTM,27.290000915527344,27.290000915527344,27.290000915527344,27.290000915527344,27.290000915527344,443.0
2024-03-01 15:25:00,HUMA,3.265000104904175,3.265000104904175,3.2699999809265137,3.265000104904175,3.265000104904175,9660.0
2024-03-01 15:25:00,IART,36.20000076293945,36.20000076293945,36.20000076293945,36.20000076293945,36.20000076293945,551.0
2024-03-01 15:25:00,IBRX,4.789999961853027,4.789999961853027,4.795000076293945,4.789999961853027,4.789999961853027,834.0
2024-03-01 15:25:00,ICCM,1.2899999618530273,1.2899999618530273,1.2899999618530273,1.2899999618530273,1.2899999618530273,2664.0
2024-03-01 15:25:00,ICLR,325.0249938964844,325.0249938964844,325.0249938964844,324.6000061035156,324.7300109863281,2535.0
2024-03-01 15:25:00,IDYA,46.36000061035156,46.36000061035156,46.36000061035156,46.27000045776367,46.279998779296875,1709.0
2024-03-01 15:25:00,IGMS,12.829999923706055,12.829999923706055,12.869999885559082,12.829999923706055,12.869999885559082,938.0
2024-03-01 15:25:00,ILMN,141.03500366210938,141.03500366210938,141.09500122070312,141.03500366210938,141.09500122070312,1079.0
2024-03-01 15:25:00,IMCR,67.81999969482422,67.81999969482422,67.83000183105469,67.81999969482422,67.83000183105469,592.0
2024-03-01 15:25:00,IMMX,3.505000114440918,3.505000114440918,3.505000114440918,3.505000114440918,3.505000114440918,100.0
2024-03-01 15:25:00,IMNN,1.0139000415802002,1.0139000415802002,1.0139000415802002,1.0,1.0020999908447266,5527.0
2024-03-01 15:25:00,IMTX,12.850000381469727,12.850000381469727,12.850000381469727,12.850000381469727,12.850000381469727,400.0
2024-03-01 15:25:00,IMUX,1.4600000381469727,1.4600000381469727,1.469499945640564,1.4600000381469727,1.469499945640564,633.0
2024-03-01 15:25:00,IMVT,35.66999816894531,35.66999816894531,35.66999816894531,35.6349983215332,35.63999938964844,2449.0
2024-03-01 15:25:00,INBX,36.55500030517578,36.55500030517578,36.55500030517578,36.55500030517578,36.55500030517578,332.0
2024-03-01 15:25:00,INCY,59.11000061035156,59.11000061035156,59.11000061035156,59.099998474121094,59.11000061035156,1918.0
2024-03-01 15:25:00,INGN,6.889999866485596,6.889999866485596,6.889999866485596,6.869999885559082,6.880000114440918,1227.0
2024-03-01 15:25:00,INMB,12.4399995803833,12.4399995803833,12.4399995803833,12.369999885559082,12.369999885559082,647.0
2024-03-01 15:25:00,INMD,22.934999465942383,22.934999465942383,22.934999465942383,22.93000030517578,22.934999465942383,674.0
2024-03-01 15:25:00,INO,9.5,9.5,9.520000457763672,9.5,9.510000228881836,2546.0
2024-03-01 15:25:00,INSM,28.05500030517578,28.05500030517578,28.06999969482422,28.05500030517578,28.059999465942383,4031.0
2024-03-01 15:25:00,INVA,15.399999618530273,15.399999618530273,15.40999984741211,15.399999618530273,15.40999984741211,1820.0
2024-03-01 15:25:00,IONS,45.61000061035156,45.61000061035156,45.85499954223633,45.56999969482422,45.85499954223633,48742.0
2024-03-01 15:25:00,IOVA,16.875,16.875,16.8799991607666,16.854999542236328,16.875,20907.0
2024-03-01 15:25:00,IPSC,3.9649999141693115,3.9649999141693115,3.9649999141693115,3.9649999141693115,3.9649999141693115,103.0
2024-03-01 15:25:00,IRWD,8.925000190734863,8.925000190734863,8.925000190734863,8.920000076293945,8.925000190734863,6623.0
2024-03-01 15:25:00,ISRG,397.9667053222656,397.9667053222656,398.1400146484375,397.9667053222656,398.0350036621094,4876.0
2024-03-01 15:25:00,ITCI,72.16999816894531,72.16999816894531,72.19999694824219,72.16999816894531,72.19999694824219,1444.0
2024-03-01 15:25:00,JAGX,0.08299999684095383,0.08299999684095383,0.08470000326633453,0.08299999684095383,0.08449999988079071,407495.0
2024-03-01 15:25:00,JANX,46.04999923706055,46.04999923706055,46.099998474121094,46.04999923706055,46.04999923706055,1780.0
2024-03-01 15:25:00,JAZZ,119.1050033569336,119.1050033569336,119.12999725341797,118.98999786376953,119.01000213623047,5156.0
2024-03-01 15:25:00,JSPR,21.979999542236328,21.979999542236328,21.979999542236328,21.979999542236328,21.979999542236328,134.0
2024-03-01 15:25:00,KALA,7.309999942779541,7.309999942779541,7.310100078582764,7.309999942779541,7.309999942779541,2296.0
2024-03-01 15:25:00,KALV,14.100000381469727,14.100000381469727,14.100000381469727,14.0600004196167,14.0600004196167,7301.0
2024-03-01 15:25:00,KNSA,21.916000366210938,21.916000366210938,21.916000366210938,21.915000915527344,21.915000915527344,521.0
2024-03-01 15:25:00,KNTE,2.5999999046325684,2.5999999046325684,2.5999999046325684,2.5999999046325684,2.5999999046325684,700.0
2024-03-01 15:25:00,KOD,6.025000095367432,6.025000095367432,6.025000095367432,6.019999980926514,6.019999980926514,308.0
2024-03-01 15:25:00,KPRX,0.6625000238418579,0.6625000238418579,0.6669999957084656,0.6625000238418579,0.6625000238418579,1433.0
2024-03-01 15:25:00,KPTI,1.1950000524520874,1.1950000524520874,1.2000000476837158,1.1950000524520874,1.1950000524520874,1328.0
2024-03-01 15:25:00,KRON,1.059999942779541,1.059999942779541,1.059999942779541,1.0549999475479126,1.0549999475479126,837.0
2024-03-01 15:25:00,KRTX,315.6910095214844,315.6910095214844,315.6910095214844,315.6910095214844,315.6910095214844,154.0
2024-03-01 15:25:00,KRYS,168.6699981689453,168.6699981689453,168.69500732421875,168.6699981689453,168.69500732421875,408.0
2024-03-01 15:25:00,KURA,21.799999237060547,21.799999237060547,21.799999237060547,21.799999237060547,21.799999237060547,111.0
2024-03-01 15:25:00,KYMR,43.78499984741211,43.78499984741211,43.78499984741211,43.78499984741211,43.78499984741211,235.0
2024-03-01 15:25:00,KZIA,0.251800000667572,0.251800000667572,0.251800000667572,0.251800000667572,0.251800000667572,557.0
2024-03-01 15:25:00,KZR,1.0399999618530273,1.0399999618530273,1.0449999570846558,1.0399999618530273,1.0399999618530273,1060.0
2024-03-01 15:25:00,LAB,2.4549999237060547,2.4549999237060547,2.4549999237060547,2.450000047683716,2.4549999237060547,1768.0
2024-03-01 15:25:00,LEXX,2.799999952316284,2.799999952316284,2.799999952316284,2.799999952316284,2.799999952316284,100.0
2024-03-01 15:25:00,LFMD,7.96999979019165,7.96999979019165,7.96999979019165,7.949999809265137,7.965000152587891,874.0
2024-03-01 15:25:00,LFST,7.775000095367432,7.775000095367432,7.775000095367432,7.769999980926514,7.769999980926514,2542.0
2024-03-01 15:25:00,LIAN,4.869999885559082,4.869999885559082,4.869999885559082,4.869999885559082,4.869999885559082,250.0
2024-03-01 15:25:00,LIFE,1.899999976158142,1.899999976158142,1.9199999570846558,1.899999976158142,1.9199999570846558,10962.0
2024-03-01 15:25:00,LMAT,67.95999908447266,67.95999908447266,67.95999908447266,67.95999908447266,67.95999908447266,162.0
2024-03-01 15:25:00,LNTH,64.37000274658203,64.37000274658203,64.37999725341797,64.37000274658203,64.37999725341797,738.0
2024-03-01 15:25:00,LPTX,2.8499999046325684,2.8499999046325684,2.8499999046325684,2.8499999046325684,2.8499999046325684,200.0
2024-03-01 15:25:00,LTRN,4.179999828338623,4.179999828338623,4.179999828338623,4.150000095367432,4.159999847412109,2638.0
2024-03-01 15:25:00,LUCD,1.2400000095367432,1.2400000095367432,1.2401000261306763,1.2400000095367432,1.2400000095367432,1236.0
2024-03-01 15:25:00,LUNG,9.390000343322754,9.390000343322754,9.420000076293945,9.380000114440918,9.420000076293945,2502.0
2024-03-01 15:25:00,LVTX,2.6500000953674316,2.6500000953674316,2.6500000953674316,2.5999999046325684,2.5999999046325684,2324.0
2024-03-01 15:25:00,LXRX,2.4800000190734863,2.4800000190734863,2.4800000190734863,2.4800000190734863,2.4800000190734863,101.0
2024-03-01 15:25:00,LYEL,3.125,3.125,3.125,3.125,3.125,388.0
2024-03-01 15:25:00,LYRA,5.650000095367432,5.650000095367432,5.650000095367432,5.650000095367432,5.650000095367432,400.0
2024-03-01 15:25:00,MBRX,0.6298999786376953,0.6298999786376953,0.6298999786376953,0.6298999786376953,0.6298999786376953,200.0
2024-03-01 15:25:00,MCRB,1.2200000286102295,1.2200000286102295,1.225000023841858,1.2200000286102295,1.225000023841858,424.0
2024-03-01 15:25:00,MDRX,6.010000228881836,6.010000228881836,6.090000152587891,6.010000228881836,6.090000152587891,280647.0
2024-03-01 15:25:00,MDXG,8.574999809265137,8.574999809265137,8.585000038146973,8.574999809265137,8.579999923706055,6742.0
2024-03-01 15:25:00,ME,0.5511000156402588,0.5511000156402588,0.5514000058174133,0.5511000156402588,0.5512999892234802,2670.0
2024-03-01 15:25:00,MGNX,18.709999084472656,18.709999084472656,18.729999542236328,18.709999084472656,18.729999542236328,2064.0
2024-03-01 15:25:00,MLTX,50.470001220703125,50.470001220703125,50.470001220703125,50.380001068115234,50.380001068115234,1192.0
2024-03-01 15:25:00,MNKD,4.534999847412109,4.534999847412109,4.539999961853027,4.53000020980835,4.539999961853027,5351.0
2024-03-01 15:25:00,MNPR,0.9100000262260437,0.9100000262260437,0.9100000262260437,0.9100000262260437,0.9100000262260437,600.0
2024-03-01 15:25:00,MODD,1.8899999856948853,1.8899999856948853,1.8899999856948853,1.8899999856948853,1.8899999856948853,392.0
2024-03-01 15:25:00,MODV,28.219999313354492,28.219999313354492,28.219999313354492,28.219999313354492,28.219999313354492,201.0
2024-03-01 15:25:00,MOR,17.65999984741211,17.65999984741211,17.65999984741211,17.649999618530273,17.649999618530273,1125.0
2024-03-01 15:25:00,MORF,39.650001525878906,39.650001525878906,39.66999816894531,39.6349983215332,39.6349983215332,2556.0
2024-03-01 15:25:00,MREO,3.9649999141693115,3.9649999141693115,3.9700000286102295,3.9649999141693115,3.9672999382019043,8698.0
2024-03-01 15:25:00,MRNA,95.56500244140625,95.56500244140625,95.58000183105469,95.44999694824219,95.45999908447266,16431.0
2024-03-01 15:25:00,MRNS,9.970000267028809,9.970000267028809,9.970000267028809,9.970000267028809,9.970000267028809,177.0
2024-03-01 15:25:00,MRSN,5.920000076293945,5.920000076293945,5.934999942779541,5.920000076293945,5.925000190734863,11166.0
2024-03-01 15:25:00,MRUS,51.52000045776367,51.52000045776367,51.52000045776367,51.47999954223633,51.47999954223633,247.0
2024-03-01 15:25:00,MRVI,7.670000076293945,7.670000076293945,7.675000190734863,7.664999961853027,7.664999961853027,4819.0
2024-03-01 15:25:00,MXCT,4.730000019073486,4.730000019073486,4.730000019073486,4.730000019073486,4.730000019073486,1743.0
2024-03-01 15:25:00,NARI,45.84000015258789,45.84000015258789,45.900001525878906,45.81999969482422,45.85499954223633,11099.0
2024-03-01 15:25:00,NAUT,2.6600000858306885,2.6600000858306885,2.700000047683716,2.6600000858306885,2.700000047683716,550.0
2024-03-01 15:25:00,NBIX,131.84500122070312,131.84500122070312,131.85000610351562,131.83999633789062,131.83999633789062,1907.0
2024-03-01 15:25:00,NCNA,0.3199999928474426,0.3199999928474426,0.3199999928474426,0.3199999928474426,0.3199999928474426,558.0
2024-03-01 15:25:00,NEO,15.899999618530273,15.899999618530273,15.96500015258789,15.899999618530273,15.949999809265137,3625.0
2024-03-01 15:25:00,NEOG,17.280000686645508,17.280000686645508,17.290000915527344,17.274999618530273,17.290000915527344,1288.0
2024-03-01 15:25:00,NGM,1.5199999809265137,1.5199999809265137,1.5199999809265137,1.5199999809265137,1.5199999809265137,1973.0
2024-03-01 15:25:00,NKTX,12.66450023651123,12.66450023651123,12.699999809265137,12.66450023651123,12.680100440979004,2638.0
2024-03-01 15:25:00,NMTC,1.2137999534606934,1.2137999534606934,1.2137999534606934,1.2137999534606934,1.2137999534606934,500.0
2024-03-01 15:25:00,NNOX,10.96500015258789,10.96500015258789,10.975000381469727,10.960000038146973,10.975000381469727,6390.0
2024-03-01 15:25:00,NOTV,7.909999847412109,7.909999847412109,7.909999847412109,7.909999847412109,7.909999847412109,601.0
2024-03-01 15:25:00,NRIX,13.510000228881836,13.510000228881836,13.510000228881836,13.510000228881836,13.510000228881836,403.0
2024-03-01 15:25:00,NRXP,0.44200000166893005,0.44200000166893005,0.44200000166893005,0.4419499933719635,0.4419499933719635,1108.0
2024-03-01 15:25:00,NTLA,33.220001220703125,33.220001220703125,33.24100112915039,33.220001220703125,33.2400016784668,1542.0
2024-03-01 15:25:00,NTRA,89.69999694824219,89.69999694824219,89.72000122070312,89.6500015258789,89.6500015258789,5680.0
2024-03-01 15:25:00,NUTX,0.1137000024318695,0.1137000024318695,0.1140500009059906,0.11289999634027481,0.11400000005960464,28545.0
2024-03-01 15:25:00,NUVL,87.44499969482422,87.44499969482422,87.47000122070312,87.44499969482422,87.47000122070312,389.0
2024-03-01 15:25:00,NVAX,5.40500020980835,5.40500020980835,5.409999847412109,5.389999866485596,5.394999980926514,39238.0
2024-03-01 15:25:00,NVCR,16.104999542236328,16.104999542236328,16.110000610351562,16.104999542236328,16.110000610351562,583.0
2024-03-01 15:25:00,NVCT,10.6899995803833,10.6899995803833,10.6899995803833,10.6899995803833,10.6899995803833,100.0
2024-03-01 15:25:00,NVOS,0.6583999991416931,0.6583999991416931,0.6629999876022339,0.6556000113487244,0.6556000113487244,4240.0
2024-03-01 15:25:00,NXTC,1.7599999904632568,1.7599999904632568,1.7599999904632568,1.7599999904632568,1.7599999904632568,100.0
2024-03-01 15:25:00,NYXH,14.510000228881836,14.510000228881836,14.800000190734863,14.510000228881836,14.800000190734863,960.0
2024-03-01 15:25:00,OCGN,0.9509000182151794,0.9509000182151794,0.9509000182151794,0.9509000182151794,0.9509000182151794,171.0
2024-03-01 15:25:00,OCUL,10.619999885559082,10.619999885559082,10.619999885559082,10.614999771118164,10.614999771118164,2313.0
2024-03-01 15:25:00,OCUP,2.5,2.5,2.5002999305725098,2.5,2.5002999305725098,6991.0
2024-03-01 15:25:00,OLK,22.985000610351562,22.985000610351562,22.989999771118164,22.985000610351562,22.989999771118164,1116.0
2024-03-01 15:25:00,OLMA,14.805000305175781,14.805000305175781,14.805000305175781,14.805000305175781,14.805000305175781,282.0
2024-03-01 15:25:00,OM,3.125,3.125,3.125,3.125,3.125,542.0
2024-03-01 15:25:00,OMCL,26.200000762939453,26.200000762939453,26.229999542236328,26.18000030517578,26.18000030517578,2831.0
2024-03-01 15:25:00,OMER,4.820000171661377,4.820000171661377,4.820000171661377,4.809999942779541,4.820000171661377,5696.0
2024-03-01 15:25:00,OMGA,4.380099773406982,4.380099773406982,4.390100002288818,4.369999885559082,4.389999866485596,4882.0
2024-03-01 15:26:00,AADI,1.9500000476837158,1.9500000476837158,1.9500000476837158,1.9500000476837158,1.9500000476837158,120.0
2024-03-01 15:26:00,ABCL,5.059999942779541,5.059999942779541,5.069900035858154,5.059999942779541,5.065000057220459,1815.0
2024-03-01 15:26:00,ABEO,7.764999866485596,7.764999866485596,7.775000095367432,7.730000019073486,7.75,20033.0
2024-03-01 15:26:00,ABOS,4.675000190734863,4.675000190734863,4.675000190734863,4.670000076293945,4.670000076293945,481.0
2024-03-01 15:26:00,ABSI,5.52400016784668,5.52400016784668,5.53000020980835,5.510000228881836,5.510000228881836,4740.0
2024-03-01 15:26:00,ABUS,2.7799999713897705,2.7799999713897705,2.7799999713897705,2.7799999713897705,2.7799999713897705,762.0
2024-03-01 15:26:00,ACAD,24.170000076293945,24.170000076293945,24.200000762939453,24.170000076293945,24.170000076293945,10714.0
2024-03-01 15:26:00,ACCD,10.039999961853027,10.039999961853027,10.039999961853027,10.039999961853027,10.039999961853027,145.0
2024-03-01 15:26:00,ACET,2.384999990463257,2.384999990463257,2.390000104904175,2.3808999061584473,2.384999990463257,1120.0
2024-03-01 15:26:00,ACHC,84.16999816894531,84.16999816894531,84.19499969482422,84.16999816894531,84.19499969482422,208.0
2024-03-01 15:26:00,ACHV,4.440000057220459,4.440000057220459,4.440000057220459,4.425000190734863,4.425000190734863,3130.0
2024-03-01 15:26:00,ACIU,3.8299999237060547,3.8299999237060547,3.8299999237060547,3.8299999237060547,3.8299999237060547,140.0
2024-03-01 15:26:00,ACLX,67.54000091552734,67.54000091552734,67.56999969482422,67.5,67.5,2004.0
2024-03-01 15:26:00,ACON,0.3953000009059906,0.3953000009059906,0.3953000009059906,0.3953000009059906,0.3953000009059906,1300.0
2024-03-01 15:26:00,ACRS,1.225000023841858,1.225000023841858,1.2300000190734863,1.2200000286102295,1.2200000286102295,1500.0
2024-03-01 15:26:00,ADAP,1.600000023841858,1.600000023841858,1.600000023841858,1.600000023841858,1.600000023841858,300.0
2024-03-01 15:26:00,ADIL,2.985100030899048,2.985100030899048,3.049999952316284,2.9700000286102295,2.9700000286102295,41361.0
2024-03-01 15:26:00,ADMA,5.525000095367432,5.525000095367432,5.53000020980835,5.525000095367432,5.525000095367432,5318.0
2024-03-01 15:26:00,ADPT,4.065000057220459,4.065000057220459,4.065000057220459,4.059999942779541,4.065000057220459,643.0
2024-03-01 15:26:00,ADVM,1.940000057220459,1.940000057220459,1.9499000310897827,1.940000057220459,1.940000057220459,2720.0
2024-03-01 15:26:00,AFMD,0.675000011920929,0.675000011920929,0.6751000285148621,0.675000011920929,0.6751000285148621,1418.0
2024-03-01 15:26:00,AGEN,0.6700999736785889,0.6700999736785889,0.6700999736785889,0.6700000166893005,0.6700500249862671,2279.0
2024-03-01 15:26:00,AGIO,32.34000015258789,32.34000015258789,32.34000015258789,32.27000045776367,32.27000045776367,2219.0
2024-03-01 15:26:00,AHCO,10.510000228881836,10.510000228881836,10.520000457763672,10.5,10.5,11948.0
2024-03-01 15:26:00,AIRS,6.449999809265137,6.449999809265137,6.449999809265137,6.449999809265137,6.449999809265137,199.0
2024-03-01 15:26:00,AKAN,0.21539999544620514,0.21539999544620514,0.21539999544620514,0.21539999544620514,0.21539999544620514,100.0
2024-03-01 15:26:00,AKBA,1.684999942779541,1.684999942779541,1.690000057220459,1.6799999475479126,1.684999942779541,8607.0
2024-03-01 15:26:00,AKRO,28.420000076293945,28.420000076293945,28.489999771118164,28.389999389648438,28.440000534057617,9066.0
2024-03-01 15:26:00,ALDX,4.224999904632568,4.224999904632568,4.230000019073486,4.224999904632568,4.230000019073486,1939.0
2024-03-01 15:26:00,ALEC,7.420000076293945,7.420000076293945,7.420000076293945,7.409999847412109,7.409999847412109,1933.0
2024-03-01 15:26:00,ALGN,302.0050048828125,302.0050048828125,302.0050048828125,302.0050048828125,302.0050048828125,1209.0
2024-03-01 15:26:00,ALGS,1.0699000358581543,1.0699000358581543,1.0699000358581543,1.0699000358581543,1.0699000358581543,200.0
2024-03-01 15:26:00,ALHC,5.554999828338623,5.554999828338623,5.554999828338623,5.539999961853027,5.550000190734863,25109.0
2024-03-01 15:26:00,ALKS,30.18000030517578,30.18000030517578,30.18000030517578,30.169099807739258,30.170000076293945,4479.0
2024-03-01 15:26:00,ALLK,1.659999966621399,1.659999966621399,1.659999966621399,1.659999966621399,1.659999966621399,200.0
2024-03-01 15:26:00,ALLO,4.960000038146973,4.960000038146973,4.960000038146973,4.954999923706055,4.954999923706055,13194.0
2024-03-01 15:26:00,ALNY,152.97000122070312,152.97000122070312,153.09500122070312,152.94000244140625,153.0,5292.0
2024-03-01 15:26:00,ALPN,35.95000076293945,35.95000076293945,35.9900016784668,35.93000030517578,35.93000030517578,3132.0
2024-03-01 15:26:00,ALRN,5.099999904632568,5.099999904632568,5.099999904632568,5.099999904632568,5.099999904632568,1260.0
2024-03-01 15:26:00,ALT,12.119999885559082,12.119999885559082,12.125,12.100000381469727,12.100000381469727,3901.0
2024-03-01 15:26:00,ALVR,0.7487999796867371,0.7487999796867371,0.7487999796867371,0.7487999796867371,0.7487999796867371,400.0
2024-03-01 15:26:00,AMGN,280.614013671875,280.614013671875,280.6199951171875,280.45001220703125,280.45001220703125,9613.0
2024-03-01 15:26:00,AMLX,18.75,18.75,18.760000228881836,18.75,18.760000228881836,2418.0
2024-03-01 15:26:00,AMPH,45.83000183105469,45.83000183105469,45.869998931884766,45.79999923706055,45.79999923706055,3699.0
2024-03-01 15:26:00,AMRN,1.0499999523162842,1.0499999523162842,1.0549999475479126,1.0499999523162842,1.0549999475479126,2281.0
2024-03-01 15:26:00,ANGO,5.474999904632568,5.474999904632568,5.474999904632568,5.474999904632568,5.474999904632568,365.0
2024-03-01 15:26:00,ANIP,66.83000183105469,66.83000183105469,66.83000183105469,66.70999908447266,66.76499938964844,433.0
2024-03-01 15:26:00,ANNX,6.045000076293945,6.045000076293945,6.070000171661377,6.045000076293945,6.070000171661377,6759.0
2024-03-01 15:26:00,ANTX,3.0199999809265137,3.0199999809265137,3.0199999809265137,3.0199999809265137,3.0199999809265137,1382.0
2024-03-01 15:26:00,APLS,64.4000015258789,64.4000015258789,64.4000015258789,64.33999633789062,64.33999633789062,2890.0
2024-03-01 15:26:00,APLT,7.050000190734863,7.050000190734863,7.050000190734863,7.050000190734863,7.050000190734863,1669.0
2024-03-01 15:26:00,APTO,1.8249000310897827,1.8249000310897827,1.8249000310897827,1.8249000310897827,1.8249000310897827,277.0
2024-03-01 15:26:00,APVO,0.1599999964237213,0.1599999964237213,0.1599999964237213,0.1599999964237213,0.1599999964237213,100.0
2024-03-01 15:26:00,AQST,4.090000152587891,4.090000152587891,4.099999904632568,4.090000152587891,4.099999904632568,6661.0
2024-03-01 15:26:00,ARAY,2.615000009536743,2.615000009536743,2.615000009536743,2.615000009536743,2.615000009536743,477.0
2024-03-01 15:26:00,ARCT,39.73249816894531,39.73249816894531,39.73249816894531,39.68000030517578,39.68000030517578,1555.0
2024-03-01 15:26:00,ARDX,9.4399995803833,9.4399995803833,9.454999923706055,9.4399995803833,9.454999923706055,7710.0
2024-03-01 15:26:00,ARQT,11.46500015258789,11.46500015258789,11.46500015258789,11.449999809265137,11.449999809265137,13940.0
2024-03-01 15:26:00,ARVN,47.724998474121094,47.724998474121094,47.7400016784668,47.63999938964844,47.63999938964844,3909.0
2024-03-01 15:26:00,ARWR,35.77000045776367,35.77000045776367,35.77000045776367,35.70000076293945,35.709999084472656,7413.0
2024-03-01 15:26:00,ASLN,0.7398999929428101,0.7398999929428101,0.7398999929428101,0.7398999929428101,0.7398999929428101,304.0
2024-03-01 15:26:00,ASND,154.6199951171875,154.6199951171875,154.6199951171875,154.39999389648438,154.50999450683594,1653.0
2024-03-01 15:26:00,ASRT,0.8938999772071838,0.8938999772071838,0.8945000171661377,0.8938999772071838,0.8945000171661377,1118.0
2024-03-01 15:26:00,ATAI,2.115000009536743,2.115000009536743,2.119999885559082,2.110100030899048,2.115000009536743,3535.0
2024-03-01 15:26:00,ATEC,13.5,13.5,13.5,13.475000381469727,13.484999656677246,14545.0
2024-03-01 15:26:00,ATHA,3.9600000381469727,3.9600000381469727,3.9600000381469727,3.9600000381469727,3.9600000381469727,1168.0
2024-03-01 15:26:00,ATRA,0.7851499915122986,0.7851499915122986,0.7851499915122986,0.7803999781608582,0.7803999781608582,500.0
2024-03-01 15:26:00,ATRC,36.22999954223633,36.22999954223633,36.25,36.130001068115234,36.15999984741211,7598.0
2024-03-01 15:26:00,AUPH,5.769999980926514,5.769999980926514,5.775000095367432,5.764999866485596,5.769999980926514,3315.0
2024-03-01 15:26:00,AUTL,6.244999885559082,6.244999885559082,6.25,6.244999885559082,6.25,216.0
2024-03-01 15:26:00,AVDL,13.430000305175781,13.430000305175781,13.430000305175781,13.430000305175781,13.430000305175781,3626.0
2024-03-01 15:26:00,AVRO,1.3200000524520874,1.3200000524520874,1.3200000524520874,1.3200000524520874,1.3200000524520874,115.0
2024-03-01 15:26:00,AVXL,5.300000190734863,5.300000190734863,5.309999942779541,5.300000190734863,5.309999942779541,4088.0
2024-03-01 15:26:00,AXNX,67.69999694824219,67.69999694824219,67.69999694824219,67.66999816894531,67.66999816894531,1522.0
2024-03-01 15:26:00,AXSM,82.75,82.75,82.75,82.70999908447266,82.70999908447266,2996.0
2024-03-01 15:26:00,AZN,64.65499877929688,64.65499877929688,64.66000366210938,64.6500015258789,64.6500015258789,4498.0
2024-03-01 15:26:00,AZTA,67.09400177001953,67.09400177001953,67.09400177001953,67.08000183105469,67.08000183105469,660.0
2024-03-01 15:26:00,BBIO,35.7599983215332,35.7599983215332,35.7599983215332,35.72999954223633,35.72999954223633,1533.0
2024-03-01 15:26:00,BBLG,2.420099973678589,2.420099973678589,2.440000057220459,2.420099973678589,2.440000057220459,1985.0
2024-03-01 15:26:00,BCAB,2.833199977874756,2.833199977874756,2.8450000286102295,2.833199977874756,2.8450000286102295,2167.0
2024-03-01 15:26:00,BCDA,0.5799000263214111,0.5799000263214111,0.5799999833106995,0.5799000263214111,0.5799999833106995,4554.0
2024-03-01 15:26:00,BCRX,5.670000076293945,5.670000076293945,5.670000076293945,5.659999847412109,5.670000076293945,3135.0
2024-03-01 15:26:00,BCYC,25.770000457763672,25.770000457763672,25.770000457763672,25.739999771118164,25.763399124145508,969.0
2024-03-01 15:26:00,BDTX,4.735000133514404,4.735000133514404,4.735000133514404,4.735000133514404,4.735000133514404,240.0
2024-03-01 15:26:00,BEAM,39.900001525878906,39.900001525878906,39.900001525878906,39.84000015258789,39.84000015258789,3209.0
2024-03-01 15:26:00,BIIB,221.0449981689453,221.0449981689453,221.0449981689453,221.02499389648438,221.02999877929688,1071.0
2024-03-01 15:26:00,BIOL,0.1448500007390976,0.1448500007390976,0.14499999582767487,0.1448500007390976,0.1448500007390976,13970.0
2024-03-01 15:26:00,BIOR,1.128600001335144,1.128600001335144,1.128600001335144,1.128600001335144,1.128600001335144,2001.0
2024-03-01 15:26:00,BIVI,1.8700000047683716,1.8700000047683716,1.9199999570846558,1.8600000143051147,1.9119999408721924,124903.0
2024-03-01 15:26:00,BLFS,17.780000686645508,17.780000686645508,17.780000686645508,17.75,17.75,1328.0
2024-03-01 15:26:00,BLUE,1.5750000476837158,1.5750000476837158,1.5750000476837158,1.5700000524520874,1.5700000524520874,10778.0
2024-03-01 15:26:00,BMEA,18.059999465942383,18.059999465942383,18.079999923706055,18.040000915527344,18.040000915527344,2801.0
2024-03-01 15:26:00,BMRN,87.83999633789062,87.83999633789062,87.83999633789062,87.76000213623047,87.80000305175781,7368.0
2024-03-01 15:26:00,BNGO,1.2549999952316284,1.2549999952316284,1.2599999904632568,1.2549999952316284,1.2599999904632568,305.0
2024-03-01 15:26:00,BNR,0.8100500106811523,0.8100500106811523,0.8100500106811523,0.8100500106811523,0.8100500106811523,100.0
2024-03-01 15:26:00,BNTC,5.212399959564209,5.212399959564209,5.212399959564209,5.212399959564209,5.212399959564209,360.0
2024-03-01 15:26:00,BNTX,90.84500122070312,90.84500122070312,90.88999938964844,90.81999969482422,90.84500122070312,5299.0
2024-03-01 15:26:00,BPMC,95.7699966430664,95.7699966430664,95.81999969482422,95.7699966430664,95.81999969482422,692.0
2024-03-01 15:26:00,BRKR,88.49400329589844,88.49400329589844,88.5199966430664,88.49400329589844,88.51000213623047,907.0
2024-03-01 15:26:00,BSGM,0.6801999807357788,0.6801999807357788,0.6801999807357788,0.6801999807357788,0.6801999807357788,601.0
2024-03-01 15:26:00,BTTX,0.18330000340938568,0.18330000340938568,0.18440000712871552,0.18330000340938568,0.18330000340938568,35485.0
2024-03-01 15:26:00,BVS,4.789999961853027,4.789999961853027,4.789999961853027,4.789999961853027,4.789999961853027,104.0
2024-03-01 15:26:00,CABA,23.969999313354492,23.969999313354492,23.969999313354492,23.959999084472656,23.969999313354492,1337.0
2024-03-01 15:26:00,CAPR,4.539999961853027,4.539999961853027,4.539999961853027,4.539999961853027,4.539999961853027,161.0
2024-03-01 15:26:00,CARA,0.9297000169754028,0.9297000169754028,0.9297000169754028,0.9297000169754028,0.9297000169754028,1148.0
2024-03-01 15:26:00,CBAY,32.22999954223633,32.22999954223633,32.22999954223633,32.22999954223633,32.22999954223633,1648.0
2024-03-01 15:26:00,CCCC,11.015000343322754,11.015000343322754,11.015000343322754,10.975000381469727,10.979999542236328,6565.0
2024-03-01 15:26:00,CCRN,18.280000686645508,18.280000686645508,18.290000915527344,18.280000686645508,18.280000686645508,1155.0
2024-03-01 15:26:00,CDMO,8.220000267028809,8.220000267028809,8.220000267028809,8.199999809265137,8.199999809265137,3987.0
2024-03-01 15:26:00,CDNA,12.484999656677246,12.484999656677246,12.5,12.484999656677246,12.5,5325.0
2024-03-01 15:26:00,CDXC,1.649999976158142,1.649999976158142,1.659999966621399,1.6399999856948853,1.659999966621399,837.0
2024-03-01 15:26:00,CDXS,4.659999847412109,4.659999847412109,4.659999847412109,4.659999847412109,4.659999847412109,401.0
2024-03-01 15:26:00,CELC,17.25,17.25,17.299999237060547,17.139999389648438,17.139999389648438,1023.0
2024-03-01 15:26:00,CELU,3.6951000690460205,3.6951000690460205,3.6951000690460205,3.6951000690460205,3.6951000690460205,1065.0
2024-03-01 15:26:00,CERE,41.119998931884766,41.119998931884766,41.125,41.11000061035156,41.1150016784668,2301.0
2024-03-01 15:26:00,CERS,2.184999942779541,2.184999942779541,2.184999942779541,2.184999942779541,2.184999942779541,1155.0
2024-03-01 15:26:00,CERT,18.18000030517578,18.18000030517578,18.18000030517578,18.18000030517578,18.18000030517578,589.0
2024-03-01 15:26:00,CGC,3.184999942779541,3.184999942779541,3.190000057220459,3.184999942779541,3.184999942779541,2102.0
2024-03-01 15:26:00,CGEM,18.739999771118164,18.739999771118164,18.790000915527344,18.739999771118164,18.790000915527344,1903.0
2024-03-01 15:26:00,CGEN,2.684999942779541,2.684999942779541,2.684999942779541,2.684999942779541,2.684999942779541,196.0
2024-03-01 15:26:00,CHEK,2.1600000858306885,2.1600000858306885,2.1600000858306885,2.1600000858306885,2.1600000858306885,176.0
2024-03-01 15:26:00,CHRS,2.4000000953674316,2.4000000953674316,2.4100000858306885,2.4000000953674316,2.4100000858306885,944.0
2024-03-01 15:26:00,CKPT,2.2100000381469727,2.2100000381469727,2.2100000381469727,2.2100000381469727,2.2100000381469727,114.0
2024-03-01 15:26:00,CLDX,51.72999954223633,51.72999954223633,51.790000915527344,51.72999954223633,51.77000045776367,3099.0
2024-03-01 15:26:00,CLOV,0.8654999732971191,0.8654999732971191,0.8655999898910522,0.8654999732971191,0.8655999898910522,5100.0
2024-03-01 15:26:00,CLPT,6.630000114440918,6.630000114440918,6.630000114440918,6.630000114440918,6.630000114440918,205.0
2024-03-01 15:26:00,CLRB,4.090000152587891,4.090000152587891,4.090099811553955,4.079999923706055,4.085899829864502,2658.0
2024-03-01 15:26:00,CMPS,11.470000267028809,11.470000267028809,11.470000267028809,11.443599700927734,11.470000267028809,1491.0
2024-03-01 15:26:00,CNSP,0.33899998664855957,0.33899998664855957,0.33899998664855957,0.33899998664855957,0.33899998664855957,732.0
2024-03-01 15:26:00,COGT,7.199999809265137,7.199999809265137,7.210000038146973,7.190000057220459,7.2093000411987305,5260.0
2024-03-01 15:26:00,CORT,24.211000442504883,24.211000442504883,24.239999771118164,24.211000442504883,24.22249984741211,6056.0
2024-03-01 15:26:00,CPIX,2.1596999168395996,2.1596999168395996,2.1596999168395996,2.1596999168395996,2.1596999168395996,190.0
2024-03-01 15:26:00,CPRX,17.170000076293945,17.170000076293945,17.19499969482422,17.135000228881836,17.19499969482422,21425.0
2024-03-01 15:26:00,CRBP,33.689998626708984,33.689998626708984,33.76499938964844,33.400001525878906,33.5,4391.0
2024-03-01 15:26:00,CRBU,7.820000171661377,7.820000171661377,7.820000171661377,7.809999942779541,7.820000171661377,3039.0
2024-03-01 15:26:00,CRDF,2.740000009536743,2.740000009536743,2.7899999618530273,2.700000047683716,2.7799999713897705,74613.0
2024-03-01 15:26:00,CRNX,45.974998474121094,45.974998474121094,45.974998474121094,45.94499969482422,45.94499969482422,857.0
2024-03-01 15:26:00,CRON,2.0250000953674316,2.0250000953674316,2.0250000953674316,2.0250000953674316,2.0250000953674316,1123.0
2024-03-01 15:26:00,CRSP,84.72000122070312,84.72000122070312,84.7300033569336,84.54000091552734,84.63500213623047,4766.0
2024-03-01 15:26:00,CRVS,2.1600000858306885,2.1600000858306885,2.1600000858306885,2.1600000858306885,2.1600000858306885,127.0
2024-03-01 15:26:00,CSTL,19.90999984741211,19.90999984741211,19.920000076293945,19.90999984741211,19.920000076293945,1240.0
2024-03-01 15:26:00,CTKB,9.029999732971191,9.029999732971191,9.029999732971191,9.005000114440918,9.005000114440918,5739.0
2024-03-01 15:26:00,CTMX,2.5450000762939453,2.5450000762939453,2.549999952316284,2.5350000858306885,2.549999952316284,7234.0
2024-03-01 15:26:00,CVAC,3.444999933242798,3.444999933242798,3.444999933242798,3.444999933242798,3.444999933242798,508.0
2024-03-01 15:26:00,CYTH,1.6399999856948853,1.6399999856948853,1.6399999856948853,1.6200000047683716,1.6200000047683716,864.0
2024-03-01 15:26:00,CYTK,73.87999725341797,73.87999725341797,73.91999816894531,73.84500122070312,73.84500122070312,3024.0
2024-03-01 15:26:00,DAWN,17.59000015258789,17.59000015258789,17.600000381469727,17.540000915527344,17.549999237060547,3245.0
2024-03-01 15:26:00,DCGO,4.059999942779541,4.059999942779541,4.059999942779541,4.039999961853027,4.045000076293945,12324.0
2024-03-01 15:26:00,DCPH,17.530000686645508,17.530000686645508,17.530000686645508,17.510000228881836,17.530000686645508,603.0
2024-03-01 15:26:00,DH,8.8100004196167,8.8100004196167,8.819999694824219,8.8100004196167,8.819999694824219,1639.0
2024-03-01 15:26:00,DMTK,0.8398000001907349,0.8398000001907349,0.8398000001907349,0.8398000001907349,0.8398000001907349,111.0
2024-03-01 15:26:00,DNLI,21.125,21.125,21.125,21.100000381469727,21.100000381469727,3829.0
2024-03-01 15:26:00,DSGN,2.875,2.875,2.875,2.875,2.875,485.0
2024-03-01 15:26:00,DVAX,12.789999961853027,12.789999961853027,12.795000076293945,12.789999961853027,12.795000076293945,765.0
2024-03-01 15:26:00,DXCM,121.16500091552734,121.16500091552734,121.16999816894531,121.13999938964844,121.1449966430664,6964.0
2024-03-01 15:26:00,DYN,29.139999389648438,29.139999389648438,29.139999389648438,29.1200008392334,29.1200008392334,438.0
2024-03-01 15:26:00,EDAP,6.93209981918335,6.93209981918335,6.93209981918335,6.93209981918335,6.93209981918335,4007.0
2024-03-01 15:26:00,EDIT,10.779999732971191,10.779999732971191,10.78499984741211,10.779999732971191,10.78499984741211,874.0
2024-03-01 15:26:00,EGRX,6.610000133514404,6.610000133514404,6.610000133514404,6.610000133514404,6.610000133514404,124.0
2024-03-01 15:26:00,EKSO,1.9900000095367432,1.9900000095367432,2.0,1.9900000095367432,2.0,721.0
2024-03-01 15:26:00,ELEV,5.054999828338623,5.054999828338623,5.130000114440918,5.039999961853027,5.130000114440918,17814.0
2024-03-01 15:26:00,ENSC,0.9300000071525574,0.9300000071525574,0.9300000071525574,0.9300000071525574,0.9300000071525574,1109.0
2024-03-01 15:26:00,ENTA,15.645000457763672,15.645000457763672,15.645000457763672,15.645000457763672,15.645000457763672,176.0
2024-03-01 15:26:00,ENVB,1.5204999446868896,1.5204999446868896,1.5299999713897705,1.5200999975204468,1.5200999975204468,2045.0
2024-03-01 15:26:00,EOLS,14.880000114440918,14.880000114440918,14.890000343322754,14.880000114440918,14.889900207519531,1099.0
2024-03-01 15:26:00,EPIX,9.5649995803833,9.5649995803833,9.5649995803833,9.5649995803833,9.5649995803833,100.0
2024-03-01 15:26:00,EQ,2.470099925994873,2.470099925994873,2.484999895095825,2.470099925994873,2.484999895095825,250.0
2024-03-01 15:26:00,ERAS,2.5999999046325684,2.5999999046325684,2.609999895095825,2.591099977493286,2.5950000286102295,25439.0
2024-03-01 15:26:00,ESPR,2.555000066757202,2.555000066757202,2.555000066757202,2.549999952316284,2.549999952316284,4193.0
2024-03-01 15:26:00,ESTA,44.029998779296875,44.029998779296875,44.040000915527344,43.845001220703125,43.8650016784668,3472.0
2024-03-01 15:26:00,ETNB,12.694999694824219,12.694999694824219,12.710000038146973,12.6899995803833,12.699999809265137,9592.0
2024-03-01 15:26:00,EVAX,3.430000066757202,3.430000066757202,3.430000066757202,3.430000066757202,3.430000066757202,106.0
2024-03-01 15:26:00,EWTX,16.854999542236328,16.854999542236328,16.854999542236328,16.854999542236328,16.854999542236328,360.0
2024-03-01 15:26:00,EXAI,6.53000020980835,6.53000020980835,6.550000190734863,6.53000020980835,6.550000190734863,3135.0
2024-03-01 15:26:00,EXAS,59.459999084472656,59.459999084472656,59.58000183105469,59.459999084472656,59.58000183105469,4585.0
2024-03-01 15:26:00,EXEL,22.2549991607666,22.2549991607666,22.264999389648438,22.2450008392334,22.25,18872.0
2024-03-01 15:26:00,EYEN,2.363800048828125,2.363800048828125,2.3698999881744385,2.3499999046325684,2.3499999046325684,4016.0
2024-03-01 15:26:00,EYPT,27.989999771118164,27.989999771118164,28.010000228881836,27.979999542236328,27.979999542236328,2152.0
2024-03-01 15:26:00,FATE,7.730000019073486,7.730000019073486,7.735000133514404,7.730000019073486,7.730000019073486,5341.0
2024-03-01 15:26:00,FBIO,2.369999885559082,2.369999885559082,2.375,2.369999885559082,2.369999885559082,2348.0
2024-03-01 15:26:00,FDMT,29.44499969482422,29.44499969482422,29.44499969482422,29.44499969482422,29.44499969482422,499.0
2024-03-01 15:26:00,FEMY,1.8200000524520874,1.8200000524520874,1.8200000524520874,1.7899999618530273,1.7899999618530273,7531.0
2024-03-01 15:26:00,FGEN,1.8250000476837158,1.8250000476837158,1.8300000429153442,1.8250000476837158,1.8250000476837158,410.0
2024-03-01 15:26:00,FLGT,23.079999923706055,23.079999923706055,23.079999923706055,23.079999923706055,23.079999923706055,100.0
2024-03-01 15:26:00,FOLD,13.305000305175781,13.305000305175781,13.305000305175781,13.300000190734863,13.300000190734863,5702.0
2024-03-01 15:26:00,FUSN,12.25,12.25,12.25,12.229999542236328,12.239999771118164,920.0
2024-03-01 15:26:00,GCTK,0.3118000030517578,0.3118000030517578,0.3118000030517578,0.3118000030517578,0.3118000030517578,100.0
2024-03-01 15:26:00,GDRX,8.40999984741211,8.40999984741211,8.425000190734863,8.404999732971191,8.414999961853027,19100.0
2024-03-01 15:26:00,GERN,2.265000104904175,2.265000104904175,2.2699999809265137,2.255000114440918,2.255000114440918,145300.0
2024-03-01 15:26:00,GH,19.049999237060547,19.049999237060547,19.049999237060547,19.010299682617188,19.010299682617188,4229.0
2024-03-01 15:26:00,GHSI,8.220000267028809,8.220000267028809,8.220000267028809,8.220000267028809,8.220000267028809,400.0
2024-03-01 15:26:00,GILD,72.50499725341797,72.50499725341797,72.5250015258789,72.5,72.51499938964844,18285.0
2024-03-01 15:26:00,GLTO,0.7921000123023987,0.7921000123023987,0.800000011920929,0.7921000123023987,0.800000011920929,1860.0
2024-03-01 15:26:00,GLUE,6.329999923706055,6.329999923706055,6.329999923706055,6.289999961853027,6.289999961853027,1556.0
2024-03-01 15:26:00,GLYC,3.0,3.0,3.0,3.0,3.0,222.0
2024-03-01 15:26:00,GMAB,29.385000228881836,29.385000228881836,29.385000228881836,29.3799991607666,29.385000228881836,744.0
2024-03-01 15:26:00,GMDA,0.3864000141620636,0.3864000141620636,0.3864000141620636,0.3864000141620636,0.3864000141620636,400.0
2024-03-01 15:26:00,GOSS,1.4049999713897705,1.4049999713897705,1.409999966621399,1.4049999713897705,1.4049999713897705,4705.0
2024-03-01 15:26:00,GRFS,7.010000228881836,7.010000228881836,7.010000228881836,7.010000228881836,7.010000228881836,222.0
2024-03-01 15:26:00,GRTS,2.0250000953674316,2.0250000953674316,2.0299999713897705,2.0199999809265137,2.0199999809265137,4767.0
2024-03-01 15:26:00,GTHX,3.765000104904175,3.765000104904175,3.7699999809265137,3.765000104904175,3.7699999809265137,217.0
2024-03-01 15:26:00,HALO,41.025001525878906,41.025001525878906,41.025001525878906,41.02000045776367,41.025001525878906,947.0
2024-03-01 15:26:00,HARP,22.94499969482422,22.94499969482422,22.94499969482422,22.94499969482422,22.94499969482422,361.0
2024-03-01 15:26:00,HCAT,8.104999542236328,8.104999542236328,8.109999656677246,8.104999542236328,8.109999656677246,396.0
2024-03-01 15:26:00,HCM,15.130000114440918,15.130000114440918,15.130000114440918,15.130000114440918,15.130000114440918,101.0
2024-03-01 15:26:00,HCSG,12.760000228881836,12.760000228881836,12.760000228881836,12.755000114440918,12.755000114440918,1234.0
2024-03-01 15:26:00,HCTI,2.0399999618530273,2.0399999618530273,2.0399999618530273,2.0299999713897705,2.0299999713897705,583.0
2024-03-01 15:26:00,HLVX,19.229999542236328,19.229999542236328,19.229999542236328,19.229999542236328,19.229999542236328,604.0
2024-03-01 15:26:00,HOLX,74.16999816894531,74.16999816894531,74.19000244140625,74.16000366210938,74.19000244140625,2007.0
2024-03-01 15:26:00,HOWL,7.079999923706055,7.079999923706055,7.135000228881836,7.079999923706055,7.135000228881836,2348.0
2024-03-01 15:26:00,HQY,81.30999755859375,81.30999755859375,81.36000061035156,81.30000305175781,81.33999633789062,2100.0
2024-03-01 15:26:00,HRMY,31.799999237060547,31.799999237060547,31.799999237060547,31.799999237060547,31.799999237060547,788.0
2024-03-01 15:26:00,HROW,10.920000076293945,10.920000076293945,10.920000076293945,10.920000076293945,10.920000076293945,501.0
2024-03-01 15:26:00,HRTX,2.5899999141693115,2.5899999141693115,2.5899999141693115,2.575000047683716,2.575000047683716,28885.0
2024-03-01 15:26:00,HSCS,0.11860000342130661,0.11860000342130661,0.11860000342130661,0.11860000342130661,0.11860000342130661,2462.0
2024-03-01 15:26:00,HSIC,76.90499877929688,76.90499877929688,76.93000030517578,76.9000015258789,76.9000015258789,1584.0
2024-03-01 15:26:00,HUMA,3.259999990463257,3.259999990463257,3.2699999809265137,3.259999990463257,3.265000104904175,7254.0
2024-03-01 15:26:00,IART,36.18000030517578,36.18000030517578,36.19200134277344,36.18000030517578,36.189998626708984,2860.0
2024-03-01 15:26:00,IBRX,4.804999828338623,4.804999828338623,4.809999942779541,4.791900157928467,4.791900157928467,31517.0
2024-03-01 15:26:00,ICLR,325.04998779296875,325.04998779296875,325.04998779296875,324.93499755859375,324.9800109863281,777.0
2024-03-01 15:26:00,ICUI,106.08000183105469,106.08000183105469,106.08000183105469,106.08000183105469,106.08000183105469,302.0
2024-03-01 15:26:00,IDYA,46.400001525878906,46.400001525878906,46.400001525878906,46.3650016784668,46.3650016784668,1001.0
2024-03-01 15:26:00,IINN,1.6749999523162842,1.6749999523162842,1.6749999523162842,1.6699999570846558,1.6749999523162842,2100.0
2024-03-01 15:26:00,IKNA,1.4700000286102295,1.4700000286102295,1.4700000286102295,1.4700000286102295,1.4700000286102295,1122.0
2024-03-01 15:26:00,IKT,2.140000104904175,2.140000104904175,2.140000104904175,2.140000104904175,2.140000104904175,1130.0
2024-03-01 15:26:00,ILMN,141.09500122070312,141.09500122070312,141.09500122070312,141.03500366210938,141.03500366210938,1074.0
2024-03-01 15:26:00,IMMX,3.505000114440918,3.505000114440918,3.505000114440918,3.505000114440918,3.505000114440918,150.0
2024-03-01 15:26:00,IMTX,12.899999618530273,12.899999618530273,12.899999618530273,12.859999656677246,12.859999656677246,921.0
2024-03-01 15:26:00,IMUX,1.4600000381469727,1.4600000381469727,1.4600000381469727,1.4600000381469727,1.4600000381469727,208.0
2024-03-01 15:26:00,IMVT,35.720001220703125,35.720001220703125,35.720001220703125,35.689998626708984,35.689998626708984,910.0
2024-03-01 15:26:00,INBX,36.52000045776367,36.52000045776367,36.55500030517578,36.52000045776367,36.55500030517578,420.0
2024-03-01 15:26:00,INCY,59.150001525878906,59.150001525878906,59.150001525878906,59.130001068115234,59.130001068115234,1289.0
2024-03-01 15:26:00,INDP,2.0950000286102295,2.0950000286102295,2.0950000286102295,2.0950000286102295,2.0950000286102295,172.0
2024-03-01 15:26:00,INGN,6.889999866485596,6.889999866485596,6.889999866485596,6.875,6.875,741.0
2024-03-01 15:26:00,INMD,22.924999237060547,22.924999237060547,22.94499969482422,22.899999618530273,22.930700302124023,15767.0
2024-03-01 15:26:00,INO,9.550100326538086,9.550100326538086,9.579999923706055,9.524999618530273,9.524999618530273,5941.0
2024-03-01 15:26:00,INSM,28.079999923706055,28.079999923706055,28.084999084472656,28.059999465942383,28.059999465942383,3508.0
2024-03-01 15:26:00,INVA,15.395000457763672,15.395000457763672,15.404999732971191,15.390000343322754,15.399999618530273,2177.0
2024-03-01 15:26:00,INZY,6.574999809265137,6.574999809265137,6.579500198364258,6.574999809265137,6.579500198364258,650.0
2024-03-01 15:26:00,IONS,45.59000015258789,45.59000015258789,45.619998931884766,45.59000015258789,45.6150016784668,3969.0
2024-03-01 15:26:00,IOVA,16.895000457763672,16.895000457763672,16.915000915527344,16.875,16.875,27109.0
2024-03-01 15:26:00,IRIX,2.6500000953674316,2.6500000953674316,2.6500000953674316,2.6500000953674316,2.6500000953674316,222.0
2024-03-01 15:26:00,IRMD,41.439998626708984,41.439998626708984,41.439998626708984,41.439998626708984,41.439998626708984,109.0
2024-03-01 15:26:00,IRWD,8.899999618530273,8.899999618530273,8.929200172424316,8.899999618530273,8.929200172424316,37473.0
2024-03-01 15:26:00,ISRG,398.1549987792969,398.1549987792969,398.2200012207031,397.95001220703125,398.0050048828125,6067.0
2024-03-01 15:26:00,ITCI,72.19000244140625,72.19000244140625,72.19000244140625,72.19000244140625,72.19000244140625,229.0
2024-03-01 15:26:00,IXHL,5.5,5.5,5.5,5.5,5.5,100.0
2024-03-01 15:26:00,JAGX,0.08275000005960464,0.08275000005960464,0.0834989994764328,0.08250000327825546,0.08299999684095383,232630.0
2024-03-01 15:26:00,JANX,46.02000045776367,46.02000045776367,46.09000015258789,46.0099983215332,46.05500030517578,2578.0
2024-03-01 15:26:00,JAZZ,119.2300033569336,119.2300033569336,119.2300033569336,119.1500015258789,119.16999816894531,2431.0
2024-03-01 15:26:00,JSPR,22.0,22.0,22.0,22.0,22.0,199.0
2024-03-01 15:26:00,JYNT,9.960000038146973,9.960000038146973,9.960000038146973,9.960000038146973,9.960000038146973,293.0
2024-03-01 15:26:00,KALV,14.109999656677246,14.109999656677246,14.109999656677246,14.09000015258789,14.095000267028809,2103.0
2024-03-01 15:26:00,KIDS,27.969999313354492,27.969999313354492,27.979999542236328,27.920000076293945,27.950000762939453,3042.0
2024-03-01 15:26:00,KNSA,21.915000915527344,21.915000915527344,21.922500610351562,21.915000915527344,21.915000915527344,538.0
2024-03-01 15:26:00,KNTE,2.5999999046325684,2.5999999046325684,2.5999999046325684,2.5999999046325684,2.5999999046325684,1204.0
2024-03-01 15:26:00,KOD,6.025000095367432,6.025000095367432,6.025000095367432,6.025000095367432,6.025000095367432,601.0
2024-03-01 15:26:00,KPRX,0.6699000000953674,0.6699000000953674,0.6699000000953674,0.6699000000953674,0.6699000000953674,101.0
2024-03-01 15:26:00,KPTI,1.2000000476837158,1.2000000476837158,1.2000000476837158,1.1950000524520874,1.1950000524520874,300.0
2024-03-01 15:26:00,KRTX,315.7650146484375,315.7650146484375,315.7650146484375,315.7650146484375,315.7650146484375,166.0
2024-03-01 15:26:00,KRYS,168.71499633789062,168.71499633789062,168.71499633789062,168.58999633789062,168.67999267578125,1330.0
2024-03-01 15:26:00,KTRA,0.10189999639987946,0.10189999639987946,0.10189999639987946,0.10189999639987946,0.10189999639987946,215.0
2024-03-01 15:26:00,KURA,21.65999984741211,21.65999984741211,21.809999465942383,21.65999984741211,21.809999465942383,5986.0
2024-03-01 15:26:00,KYMR,43.81999969482422,43.81999969482422,43.81999969482422,43.79999923706055,43.79999923706055,501.0
2024-03-01 15:26:00,KZR,1.0299999713897705,1.0299999713897705,1.0399999618530273,1.0299999713897705,1.0399999618530273,7321.0
2024-03-01 15:26:00,LAB,2.4549999237060547,2.4549999237060547,2.4549999237060547,2.450000047683716,2.450000047683716,1319.0
2024-03-01 15:26:00,LBPH,21.639999389648438,21.639999389648438,21.670000076293945,21.6200008392334,21.639999389648438,2496.0
2024-03-01 15:26:00,LEGN,65.5999984741211,65.5999984741211,65.63999938964844,65.58000183105469,65.63999938964844,1003.0
2024-03-01 15:26:00,LEXX,2.7901999950408936,2.7901999950408936,2.7950000762939453,2.7899999618530273,2.7950000762939453,1336.0
2024-03-01 15:26:00,LFMD,7.989999771118164,7.989999771118164,8.0,7.965000152587891,7.965000152587891,2626.0
2024-03-01 15:26:00,LFST,7.769999980926514,7.769999980926514,7.775000095367432,7.769999980926514,7.775000095367432,553.0
2024-03-01 15:26:00,LIFE,1.907099962234497,1.907099962234497,1.907099962234497,1.8899999856948853,1.8899999856948853,2030.0
2024-03-01 15:26:00,LMAT,68.00499725341797,68.00499725341797,68.00499725341797,68.00499725341797,68.00499725341797,216.0
2024-03-01 15:26:00,LNTH,64.3499984741211,64.3499984741211,64.36499786376953,64.3499984741211,64.36499786376953,386.0
2024-03-01 15:26:00,LPTX,2.8499999046325684,2.8499999046325684,2.8499999046325684,2.8499999046325684,2.8499999046325684,210.0
2024-03-01 15:26:00,LTRN,4.179999828338623,4.179999828338623,4.2555999755859375,4.179999828338623,4.222799777984619,2199.0
2024-03-01 15:26:00,LUNG,9.380000114440918,9.380000114440918,9.380000114440918,9.380000114440918,9.380000114440918,419.0
2024-03-01 15:26:00,LVTX,2.619999885559082,2.619999885559082,2.630000114440918,2.6047000885009766,2.609999895095825,1669.0
2024-03-01 15:26:00,LXRX,2.484999895095825,2.484999895095825,2.490000009536743,2.484999895095825,2.484999895095825,1400.0
2024-03-01 15:26:00,LYEL,3.130000114440918,3.130000114440918,3.130000114440918,3.130000114440918,3.130000114440918,469.0
2024-03-01 15:26:00,LYRA,5.650000095367432,5.650000095367432,5.650000095367432,5.650000095367432,5.650000095367432,410.0
2024-03-01 15:26:00,MASI,127.83999633789062,127.83999633789062,127.83999633789062,127.83999633789062,127.83999633789062,725.0
2024-03-01 15:26:00,MASS,7.328499794006348,7.328499794006348,7.328499794006348,7.320000171661377,7.320000171661377,677.0
2024-03-01 15:26:00,MBRX,0.6298999786376953,0.6298999786376953,0.6298999786376953,0.6298999786376953,0.6298999786376953,252.0
2024-03-01 15:26:00,MCRB,1.2200000286102295,1.2200000286102295,1.2300000190734863,1.2200000286102295,1.2300000190734863,12036.0
2024-03-01 15:26:00,MDGL,250.05499267578125,250.05499267578125,250.05499267578125,250.0050048828125,250.0050048828125,1477.0
2024-03-01 15:26:00,MDRX,6.090000152587891,6.090000152587891,6.090000152587891,6.010000228881836,6.090000152587891,48839.0
2024-03-01 15:26:00,MDXG,8.59000015258789,8.59000015258789,8.59000015258789,8.574999809265137,8.574999809265137,4832.0
2024-03-01 15:26:00,MDXH,3.7300000190734863,3.7300000190734863,3.7300000190734863,3.7300000190734863,3.7300000190734863,386.0
2024-03-01 15:26:00,ME,0.5516999959945679,0.5516999959945679,0.5516999959945679,0.5511000156402588,0.5511999726295471,13152.0
2024-03-01 15:26:00,MEDP,403.8800048828125,403.8800048828125,403.8800048828125,403.8800048828125,403.8800048828125,792.0
2024-03-01 15:26:00,MEIP,4.190000057220459,4.190000057220459,4.190000057220459,4.179999828338623,4.190000057220459,852.0
2024-03-01 15:26:00,MGNX,18.729999542236328,18.729999542236328,18.739999771118164,18.719999313354492,18.719999313354492,5043.0
2024-03-01 15:26:00,MIRM,29.229999542236328,29.229999542236328,29.239999771118164,29.209999084472656,29.239999771118164,1647.0
2024-03-01 15:26:00,MLTX,50.630001068115234,50.630001068115234,50.630001068115234,50.58000183105469,50.58000183105469,308.0
2024-03-01 15:26:00,MNKD,4.534999847412109,4.534999847412109,4.539999961853027,4.534999847412109,4.539999961853027,19816.0
2024-03-01 15:26:00,MNMD,6.170000076293945,6.170000076293945,6.170000076293945,6.139999866485596,6.144999980926514,2523.0
2024-03-01 15:26:00,MNPR,0.9100000262260437,0.9100000262260437,0.9100000262260437,0.8910999894142151,0.9100000262260437,750.0
2024-03-01 15:26:00,MODD,1.899999976158142,1.899999976158142,1.899999976158142,1.8925000429153442,1.8925000429153442,500.0
2024-03-01 15:26:00,MOR,17.690000534057617,17.690000534057617,17.690000534057617,17.670000076293945,17.670000076293945,1239.0
2024-03-01 15:26:00,MORF,39.6349983215332,39.6349983215332,39.63999938964844,39.6349983215332,39.63999938964844,1125.0
2024-03-01 15:26:00,MREO,3.9700000286102295,3.9700000286102295,3.9749999046325684,3.9700000286102295,3.9700000286102295,5330.0
2024-03-01 15:26:00,MRNA,95.72000122070312,95.72000122070312,95.72000122070312,95.51499938964844,95.55000305175781,18500.0
2024-03-01 15:26:00,MRNS,10.0,10.0,10.0,9.989999771118164,9.989999771118164,2120.0
2024-03-01 15:26:00,MRSN,5.914999961853027,5.914999961853027,5.929999828338623,5.914999961853027,5.920000076293945,4785.0
2024-03-01 15:26:00,MRUS,51.48500061035156,51.48500061035156,51.5099983215332,51.47999954223633,51.47999954223633,787.0
2024-03-01 15:26:00,MRVI,7.675000190734863,7.675000190734863,7.675000190734863,7.675000190734863,7.675000190734863,972.0
2024-03-01 15:26:00,MXCT,4.724999904632568,4.724999904632568,4.724999904632568,4.724999904632568,4.724999904632568,234.0
2024-03-01 15:26:00,NAOV,0.9898999929428101,0.9898999929428101,0.9898999929428101,0.9898999929428101,0.9898999929428101,577.0
2024-03-01 15:26:00,NARI,45.872398376464844,45.872398376464844,45.872398376464844,45.849998474121094,45.849998474121094,2610.0
2024-03-01 15:26:00,NBIX,131.83999633789062,131.83999633789062,131.83999633789062,131.83999633789062,131.83999633789062,470.0
2024-03-01 15:26:00,NCNA,0.3194499909877777,0.3194499909877777,0.3194499909877777,0.3194499909877777,0.3194499909877777,100.0
2024-03-01 15:26:00,NEO,15.869999885559082,15.869999885559082,15.890000343322754,15.859999656677246,15.890000343322754,2436.0
2024-03-01 15:26:00,NEOG,17.280000686645508,17.280000686645508,17.280000686645508,17.274999618530273,17.274999618530273,3438.0
2024-03-01 15:26:00,NGM,1.5199999809265137,1.5199999809265137,1.5199999809265137,1.5199999809265137,1.5199999809265137,1010.0
2024-03-01 15:26:00,NKTR,0.7650499939918518,0.7650499939918518,0.7650499939918518,0.7650499939918518,0.7650499939918518,615.0
2024-03-01 15:26:00,NKTX,12.699999809265137,12.699999809265137,12.699999809265137,12.699999809265137,12.699999809265137,191.0
2024-03-01 15:26:00,NMTC,1.225000023841858,1.225000023841858,1.225000023841858,1.2207000255584717,1.220900058746338,1500.0
2024-03-01 15:26:00,NNOX,10.96500015258789,10.96500015258789,10.975000381469727,10.96500015258789,10.970000267028809,5068.0
2024-03-01 15:26:00,NOTV,7.929999828338623,7.929999828338623,7.929999828338623,7.910099983215332,7.910099983215332,2464.0
2024-03-01 15:26:00,NPCE,15.979999542236328,15.979999542236328,16.030000686645508,15.979999542236328,15.979999542236328,1413.0
2024-03-01 15:26:00,NRIX,13.5,13.5,13.5,13.484999656677246,13.5,1115.0
2024-03-01 15:26:00,NRXP,0.43950000405311584,0.43950000405311584,0.4438000023365021,0.43950000405311584,0.4399999976158142,9709.0
2024-03-01 15:26:00,NTLA,33.2599983215332,33.2599983215332,33.2599983215332,33.21500015258789,33.21500015258789,2648.0
2024-03-01 15:26:00,NTRA,89.63500213623047,89.63500213623047,89.72000122070312,89.62999725341797,89.72000122070312,11039.0
2024-03-01 15:26:00,NUTX,0.1137000024318695,0.1137000024318695,0.11400000005960464,0.1137000024318695,0.11400000005960464,4427.0
2024-03-01 15:26:00,NUVL,87.46499633789062,87.46499633789062,87.48999786376953,87.44000244140625,87.44000244140625,530.0
2024-03-01 15:26:00,NVAX,5.425000190734863,5.425000190734863,5.429999828338623,5.400000095367432,5.40500020980835,34519.0
2024-03-01 15:26:00,NVCR,16.139999389648438,16.139999389648438,16.139999389648438,16.110000610351562,16.110000610351562,4908.0
2024-03-01 15:26:00,NVCT,10.680000305175781,10.680000305175781,10.725000381469727,10.680000305175781,10.725000381469727,255.0
2024-03-01 15:26:00,NVNO,6.480000019073486,6.480000019073486,6.480000019073486,6.480000019073486,6.480000019073486,250.0
2024-03-01 15:26:00,NXTC,1.7599999904632568,1.7599999904632568,1.7599999904632568,1.7599999904632568,1.7599999904632568,200.0
2024-03-01 15:26:00,OCGN,0.9509000182151794,0.9509000182151794,0.9509000182151794,0.9509000182151794,0.9509000182151794,4811.0
2024-03-01 15:26:00,OCUL,10.619500160217285,10.619500160217285,10.619999885559082,10.609999656677246,10.619000434875488,5317.0
2024-03-01 15:26:00,OFIX,12.890000343322754,12.890000343322754,12.890000343322754,12.890000343322754,12.890000343322754,1545.0
2024-03-01 15:26:00,OGI,2.1600000858306885,2.1600000858306885,2.1600000858306885,2.1600000858306885,2.1600000858306885,315.0
2024-03-01 15:26:00,OLK,22.975000381469727,22.975000381469727,22.989999771118164,22.975000381469727,22.979999542236328,8311.0
2024-03-01 15:26:00,OLMA,14.895000457763672,14.895000457763672,14.895000457763672,14.789999961853027,14.789999961853027,9442.0
2024-03-01 15:26:00,OM,3.125,3.125,3.125,3.125,3.125,302.0
2024-03-01 15:26:00,OMCL,26.200000762939453,26.200000762939453,26.225000381469727,26.200000762939453,26.225000381469727,272.0
2024-03-01 15:26:00,OMER,4.820000171661377,4.820000171661377,4.820000171661377,4.820000171661377,4.820000171661377,509.0
2024-03-01 15:26:00,OMGA,4.349999904632568,4.349999904632568,4.360099792480469,4.349999904632568,4.360000133514404,11061.0
2024-03-01 15:26:00,OMIC,0.6008999943733215,0.6008999943733215,0.6008999943733215,0.6008999943733215,0.6008999943733215,212.0
2024-03-01 15:27:00,ABCL,5.065000057220459,5.065000057220459,5.065000057220459,5.059999942779541,5.065000057220459,1250.0
2024-03-01 15:27:00,ABEO,7.784999847412109,7.784999847412109,7.789999961853027,7.764999866485596,7.78000020980835,1262.0
2024-03-01 15:27:00,ABOS,4.679999828338623,4.679999828338623,4.679999828338623,4.679999828338623,4.679999828338623,2259.0
2024-03-01 15:27:00,ABSI,5.514999866485596,5.514999866485596,5.520100116729736,5.514999866485596,5.520100116729736,2519.0
2024-03-01 15:27:00,ABUS,2.7799999713897705,2.7799999713897705,2.7850000858306885,2.7799999713897705,2.7799999713897705,1007.0
2024-03-01 15:27:00,ACAD,24.19499969482422,24.19499969482422,24.200000762939453,24.170000076293945,24.170000076293945,6512.0
2024-03-01 15:27:00,ACB,3.184999942779541,3.184999942779541,3.190000057220459,3.184999942779541,3.190000057220459,507.0
2024-03-01 15:27:00,ACCD,10.03499984741211,10.03499984741211,10.039999961853027,10.03499984741211,10.039999961853027,1748.0
2024-03-01 15:27:00,ACET,2.384999990463257,2.384999990463257,2.390000104904175,2.380000114440918,2.384999990463257,928.0
2024-03-01 15:27:00,ACHC,84.19999694824219,84.19999694824219,84.19999694824219,84.19499969482422,84.19499969482422,561.0
2024-03-01 15:27:00,ACHV,4.429999828338623,4.429999828338623,4.429999828338623,4.429999828338623,4.429999828338623,212.0
2024-03-01 15:27:00,ACIU,3.8299999237060547,3.8299999237060547,3.8299999237060547,3.8299999237060547,3.8299999237060547,133.0
2024-03-01 15:27:00,ACLX,67.5199966430664,67.5199966430664,67.5199966430664,67.48500061035156,67.50499725341797,1038.0
2024-03-01 15:27:00,ACON,0.397599995136261,0.397599995136261,0.397599995136261,0.3952000141143799,0.3952000141143799,324.0
2024-03-01 15:27:00,ACRS,1.225000023841858,1.225000023841858,1.2300000190734863,1.225000023841858,1.225000023841858,2064.0
2024-03-01 15:27:00,ADAP,1.600100040435791,1.600100040435791,1.600100040435791,1.600100040435791,1.600100040435791,309.0
2024-03-01 15:27:00,ADIL,3.0,3.0,3.0,2.9700000286102295,2.9800000190734863,3740.0
2024-03-01 15:27:00,ADMA,5.525000095367432,5.525000095367432,5.53000020980835,5.521999835968018,5.53000020980835,6095.0
2024-03-01 15:27:00,ADPT,4.059999942779541,4.059999942779541,4.068999767303467,4.059999942779541,4.068999767303467,800.0
2024-03-01 15:27:00,ADUS,93.8499984741211,93.8499984741211,93.8499984741211,93.80999755859375,93.80999755859375,600.0
2024-03-01 15:27:00,ADVM,1.940000057220459,1.940000057220459,1.9450000524520874,1.940000057220459,1.940000057220459,1621.0
2024-03-01 15:27:00,AFIB,0.2073100060224533,0.2073100060224533,0.2073100060224533,0.2073100060224533,0.2073100060224533,341.0
2024-03-01 15:27:00,AFMD,0.675000011920929,0.675000011920929,0.6751000285148621,0.675000011920929,0.6751000285148621,2550.0
2024-03-01 15:27:00,AGEN,0.6700500249862671,0.6700500249862671,0.6700999736785889,0.6700000166893005,0.6700500249862671,10616.0
2024-03-01 15:27:00,AGIO,32.380001068115234,32.380001068115234,32.380001068115234,32.34000015258789,32.34000015258789,1738.0
2024-03-01 15:27:00,AHCO,10.510000228881836,10.510000228881836,10.510000228881836,10.510000228881836,10.510000228881836,326.0
2024-03-01 15:27:00,AIH,0.5460000038146973,0.5460000038146973,0.550000011920929,0.5460000038146973,0.550000011920929,2000.0
2024-03-01 15:27:00,AIRS,6.445000171661377,6.445000171661377,6.460000038146973,6.429999828338623,6.460000038146973,1200.0
2024-03-01 15:27:00,AKAN,0.21549999713897705,0.21549999713897705,0.21549999713897705,0.21549999713897705,0.21549999713897705,134.0
2024-03-01 15:27:00,AKBA,1.684999942779541,1.684999942779541,1.690000057220459,1.6799999475479126,1.684999942779541,2778.0
2024-03-01 15:27:00,AKLI,0.3521000146865845,0.3521000146865845,0.3529999852180481,0.3521000146865845,0.3529999852180481,1081.0
2024-03-01 15:27:00,AKRO,28.459999084472656,28.459999084472656,28.479999542236328,28.424999237060547,28.424999237060547,2157.0
2024-03-01 15:27:00,ALDX,4.230000019073486,4.230000019073486,4.230000019073486,4.2291998863220215,4.2291998863220215,2423.0
2024-03-01 15:27:00,ALEC,7.414999961853027,7.414999961853027,7.414999961853027,7.414999961853027,7.414999961853027,1203.0
2024-03-01 15:27:00,ALGN,302.19500732421875,302.19500732421875,302.19500732421875,302.1025085449219,302.1025085449219,690.0
2024-03-01 15:27:00,ALGS,1.059999942779541,1.059999942779541,1.059999942779541,1.0499999523162842,1.0532000064849854,2918.0
2024-03-01 15:27:00,ALHC,5.550000190734863,5.550000190734863,5.559999942779541,5.550000190734863,5.554999828338623,13578.0
2024-03-01 15:27:00,ALKS,30.174999237060547,30.174999237060547,30.18000030517578,30.174999237060547,30.18000030517578,2034.0
2024-03-01 15:27:00,ALLK,1.6549999713897705,1.6549999713897705,1.659999966621399,1.6549999713897705,1.659999966621399,510.0
2024-03-01 15:27:00,ALLO,4.949999809265137,4.949999809265137,4.954999923706055,4.949999809265137,4.954999923706055,3963.0
2024-03-01 15:27:00,ALNY,152.99000549316406,152.99000549316406,152.99000549316406,152.99000549316406,152.99000549316406,338.0
2024-03-01 15:27:00,ALPN,35.939998626708984,35.939998626708984,35.98500061035156,35.939998626708984,35.98500061035156,1847.0
2024-03-01 15:27:00,ALT,12.154999732971191,12.154999732971191,12.15999984741211,12.124699592590332,12.124699592590332,7702.0
2024-03-01 15:27:00,ALVO,15.619999885559082,15.619999885559082,15.619999885559082,15.619999885559082,15.619999885559082,536.0
2024-03-01 15:27:00,ALVR,0.7512000203132629,0.7512000203132629,0.7512000203132629,0.7497000098228455,0.7497000098228455,1435.0
2024-03-01 15:27:00,ALXO,15.029999732971191,15.029999732971191,15.029999732971191,15.010000228881836,15.010000228881836,3021.0
2024-03-01 15:27:00,ALZN,0.9290000200271606,0.9290000200271606,0.9290000200271606,0.9290000200271606,0.9290000200271606,175.0
2024-03-01 15:27:00,AMGN,280.6499938964844,280.6499938964844,280.68280029296875,280.6099853515625,280.6099853515625,5111.0
2024-03-01 15:27:00,AMLX,18.7450008392334,18.7450008392334,18.75,18.7450008392334,18.75,1482.0
2024-03-01 15:27:00,AMPH,45.79999923706055,45.79999923706055,45.83000183105469,45.79999923706055,45.83000183105469,2979.0
2024-03-01 15:27:00,AMRN,1.0549999475479126,1.0549999475479126,1.0549999475479126,1.0499999523162842,1.0549999475479126,900.0
2024-03-01 15:27:00,ANAB,25.40999984741211,25.40999984741211,25.40999984741211,25.40999984741211,25.40999984741211,511.0
2024-03-01 15:27:00,ANGO,5.474999904632568,5.474999904632568,5.474999904632568,5.474999904632568,5.474999904632568,301.0
2024-03-01 15:27:00,ANIP,66.9000015258789,66.9000015258789,66.9000015258789,66.83000183105469,66.83000183105469,1347.0
2024-03-01 15:27:00,ANNX,6.057499885559082,6.057499885559082,6.057499885559082,6.045000076293945,6.045000076293945,1609.0
2024-03-01 15:27:00,APLS,64.51000213623047,64.51000213623047,64.52999877929688,64.36100006103516,64.36100006103516,3254.0
2024-03-01 15:27:00,APLT,7.050000190734863,7.050000190734863,7.059999942779541,7.050000190734863,7.050000190734863,1170.0
2024-03-01 15:27:00,APVO,0.16249999403953552,0.16249999403953552,0.16249999403953552,0.16249999403953552,0.16249999403953552,315.0
2024-03-01 15:27:00,AQST,4.09499979019165,4.09499979019165,4.0995001792907715,4.090000152587891,4.090000152587891,2232.0
2024-03-01 15:27:00,ARAY,2.615000009536743,2.615000009536743,2.615000009536743,2.615000009536743,2.615000009536743,276.0
2024-03-01 15:27:00,ARDX,9.449999809265137,9.449999809265137,9.449999809265137,9.4399995803833,9.444999694824219,8474.0
2024-03-01 15:27:00,ARQT,11.420000076293945,11.420000076293945,11.470000267028809,11.420000076293945,11.46500015258789,13787.0
2024-03-01 15:27:00,ARVN,47.70000076293945,47.70000076293945,47.73500061035156,47.70000076293945,47.73500061035156,1094.0
2024-03-01 15:27:00,ARWR,35.79999923706055,35.79999923706055,35.80500030517578,35.77000045776367,35.77000045776367,2141.0
2024-03-01 15:27:00,ASND,154.22500610351562,154.22500610351562,154.53500366210938,154.1699981689453,154.4199981689453,5073.0
2024-03-01 15:27:00,ASRT,0.8934999704360962,0.8934999704360962,0.8934999704360962,0.8934999704360962,0.8934999704360962,2501.0
2024-03-01 15:27:00,ATAI,2.115000009536743,2.115000009536743,2.115000009536743,2.115000009536743,2.115000009536743,262.0
2024-03-01 15:27:00,ATEC,13.494999885559082,13.494999885559082,13.505000114440918,13.494999885559082,13.5,9274.0
2024-03-01 15:27:00,ATHA,3.9649999141693115,3.9649999141693115,3.9683001041412354,3.9649999141693115,3.9683001041412354,1180.0
2024-03-01 15:27:00,ATOS,1.0,1.0,1.0,1.0,1.0,116.0
2024-03-01 15:27:00,ATRA,0.7851499915122986,0.7851499915122986,0.7889999747276306,0.7803000211715698,0.7889999747276306,604.0
2024-03-01 15:27:00,ATRC,36.21500015258789,36.21500015258789,36.21500015258789,36.21500015258789,36.21500015258789,921.0
2024-03-01 15:27:00,ATXI,0.1534000039100647,0.1534000039100647,0.15367500483989716,0.1534000039100647,0.15367500483989716,1468.0
2024-03-01 15:27:00,ATXS,14.9399995803833,14.9399995803833,14.9399995803833,14.930000305175781,14.930000305175781,201.0
2024-03-01 15:27:00,AUGX,4.53000020980835,4.53000020980835,4.53000020980835,4.53000020980835,4.53000020980835,703.0
2024-03-01 15:27:00,AURA,9.300000190734863,9.300000190734863,9.300000190734863,9.300000190734863,9.300000190734863,250.0
2024-03-01 15:27:00,AUTL,6.239999771118164,6.239999771118164,6.25,6.239999771118164,6.25,450.0
2024-03-01 15:27:00,AVDL,13.430000305175781,13.430000305175781,13.430000305175781,13.420000076293945,13.430000305175781,4762.0
2024-03-01 15:27:00,AXNX,67.72000122070312,67.72000122070312,67.72000122070312,67.70999908447266,67.70999908447266,626.0
2024-03-01 15:27:00,AXSM,82.69000244140625,82.69000244140625,82.75499725341797,82.68000030517578,82.75,12957.0
2024-03-01 15:27:00,AZN,64.65499877929688,64.65499877929688,64.66000366210938,64.65010070800781,64.66000366210938,4263.0
2024-03-01 15:27:00,AZTA,67.05000305175781,67.05000305175781,67.11000061035156,67.05000305175781,67.08000183105469,857.0
2024-03-01 15:27:00,BBIO,35.83000183105469,35.83000183105469,35.83000183105469,35.755001068115234,35.7599983215332,2058.0
2024-03-01 15:27:00,BBLG,2.444999933242798,2.444999933242798,2.444999933242798,2.4000000953674316,2.4100000858306885,1919.0
2024-03-01 15:27:00,BCAB,2.8350000381469727,2.8350000381469727,2.8350000381469727,2.8350000381469727,2.8350000381469727,336.0
2024-03-01 15:27:00,BCDA,0.5799999833106995,0.5799999833106995,0.5799999833106995,0.5792999863624573,0.5799999833106995,5392.0
2024-03-01 15:27:00,BCEL,0.26820001006126404,0.26820001006126404,0.26820001006126404,0.26820001006126404,0.26820001006126404,200.0
2024-03-01 15:27:00,BCRX,5.670000076293945,5.670000076293945,5.670000076293945,5.664999961853027,5.664999961853027,1378.0
2024-03-01 15:27:00,BCYC,25.829999923706055,25.829999923706055,25.829999923706055,25.770000457763672,25.770000457763672,1734.0
2024-03-01 15:27:00,BDTX,4.735000133514404,4.735000133514404,4.735000133514404,4.735000133514404,4.735000133514404,314.0
2024-03-01 15:27:00,BEAM,39.93000030517578,39.93000030517578,39.93000030517578,39.900001525878906,39.900001525878906,1027.0
2024-03-01 15:27:00,BGNE,165.82000732421875,165.82000732421875,165.82000732421875,165.82000732421875,165.82000732421875,371.0
2024-03-01 15:27:00,BGXX,0.2614000141620636,0.2614000141620636,0.2614000141620636,0.2614000141620636,0.2614000141620636,1079.0
2024-03-01 15:27:00,BIIB,221.07000732421875,221.07000732421875,221.08999633789062,221.02000427246094,221.0449981689453,8405.0
2024-03-01 15:27:00,BIOL,0.14489999413490295,0.14489999413490295,0.14499999582767487,0.1448500007390976,0.14489999413490295,1621.0
2024-03-01 15:27:00,BIOR,1.1200000047683716,1.1200000047683716,1.1200000047683716,1.1200000047683716,1.1200000047683716,4697.0
2024-03-01 15:27:00,BIVI,1.8600000143051147,1.8600000143051147,1.8899999856948853,1.850000023841858,1.875,88073.0
2024-03-01 15:27:00,BLFS,17.850000381469727,17.850000381469727,17.850000381469727,17.790000915527344,17.799999237060547,1709.0
2024-03-01 15:27:00,BLRX,1.3350000381469727,1.3350000381469727,1.3350000381469727,1.320099949836731,1.320099949836731,1826.0
2024-03-01 15:27:00,BLUE,1.5750000476837158,1.5750000476837158,1.5750000476837158,1.5700000524520874,1.5750000476837158,10231.0
2024-03-01 15:27:00,BMEA,18.059999465942383,18.059999465942383,18.079999923706055,18.049999237060547,18.049999237060547,2607.0
2024-03-01 15:27:00,BMRA,1.2000000476837158,1.2000000476837158,1.2000000476837158,1.2000000476837158,1.2000000476837158,105.0
2024-03-01 15:27:00,BMRN,87.86900329589844,87.86900329589844,87.87000274658203,87.8489990234375,87.8489990234375,2294.0
2024-03-01 15:27:00,BNGO,1.2599999904632568,1.2599999904632568,1.2599999904632568,1.2549999952316284,1.2599999904632568,1209.0
2024-03-01 15:27:00,BNR,0.8100500106811523,0.8100500106811523,0.8100500106811523,0.8100500106811523,0.8100500106811523,100.0
2024-03-01 15:27:00,BNTC,5.34499979019165,5.34499979019165,5.34499979019165,5.34499979019165,5.34499979019165,1091.0
2024-03-01 15:27:00,BNTX,90.8499984741211,90.8499984741211,90.8499984741211,90.8499984741211,90.8499984741211,200.0
2024-03-01 15:27:00,BPMC,95.79000091552734,95.79000091552734,95.79000091552734,95.76499938964844,95.76499938964844,324.0
2024-03-01 15:27:00,BRKR,88.4800033569336,88.4800033569336,88.51000213623047,88.44999694824219,88.51000213623047,8891.0
2024-03-01 15:27:00,BTAI,3.2300000190734863,3.2300000190734863,3.2300000190734863,3.2300000190734863,3.2300000190734863,421.0
2024-03-01 15:27:00,BTTX,0.18320000171661377,0.18320000171661377,0.18440000712871552,0.18320000171661377,0.18440000712871552,13541.0
2024-03-01 15:27:00,CABA,23.96500015258789,23.96500015258789,23.969999313354492,23.959999084472656,23.959999084472656,1568.0
2024-03-01 15:27:00,CBAY,32.22999954223633,32.22999954223633,32.22999954223633,32.222999572753906,32.22999954223633,5819.0
2024-03-01 15:27:00,CCCC,11.010000228881836,11.010000228881836,11.020000457763672,11.010000228881836,11.015000343322754,1945.0
2024-03-01 15:27:00,CCRN,18.299999237060547,18.299999237060547,18.299999237060547,18.290000915527344,18.290000915527344,1789.0
2024-03-01 15:27:00,CDMO,8.239999771118164,8.239999771118164,8.25,8.229999542236328,8.229999542236328,11302.0
2024-03-01 15:27:00,CDNA,12.489999771118164,12.489999771118164,12.494999885559082,12.489999771118164,12.489999771118164,4472.0
2024-03-01 15:27:00,CDXS,4.65500020980835,4.65500020980835,4.659999847412109,4.650000095367432,4.659999847412109,1903.0
2024-03-01 15:27:00,CELC,17.309999465942383,17.309999465942383,17.309999465942383,17.309999465942383,17.309999465942383,193.0
2024-03-01 15:27:00,CELU,3.700000047683716,3.700000047683716,3.700000047683716,3.700000047683716,3.700000047683716,164.0
2024-03-01 15:27:00,CERE,41.125,41.125,41.125,41.119998931884766,41.119998931884766,1867.0
2024-03-01 15:27:00,CERS,2.184999942779541,2.184999942779541,2.184999942779541,2.184999942779541,2.184999942779541,1425.0
2024-03-01 15:27:00,CERT,18.200000762939453,18.200000762939453,18.200000762939453,18.18000030517578,18.18000030517578,1863.0
2024-03-01 15:27:00,CGC,3.185699939727783,3.185699939727783,3.190000057220459,3.18179988861084,3.190000057220459,3942.0
2024-03-01 15:27:00,CGEM,18.709999084472656,18.709999084472656,18.735000610351562,18.709999084472656,18.735000610351562,1052.0
2024-03-01 15:27:00,CHEK,2.1600000858306885,2.1600000858306885,2.1600000858306885,2.1600000858306885,2.1600000858306885,410.0
2024-03-01 15:27:00,CHRS,2.4049999713897705,2.4049999713897705,2.4100000858306885,2.4000000953674316,2.4000000953674316,3597.0
2024-03-01 15:27:00,CING,1.3621000051498413,1.3621000051498413,1.3621000051498413,1.3621000051498413,1.3621000051498413,635.0
2024-03-01 15:27:00,CKPT,2.200000047683716,2.200000047683716,2.200000047683716,2.200000047683716,2.200000047683716,100.0
2024-03-01 15:27:00,CLDX,51.790000915527344,51.790000915527344,51.83000183105469,51.70500183105469,51.72999954223633,3513.0
2024-03-01 15:27:00,CLNN,0.38359999656677246,0.38359999656677246,0.38359999656677246,0.3801009953022003,0.3801009953022003,7492.0
2024-03-01 15:27:00,CLOV,0.8654999732971191,0.8654999732971191,0.8655499815940857,0.8654999732971191,0.8655499815940857,4318.0
2024-03-01 15:27:00,CLPT,6.630000114440918,6.630000114440918,6.630000114440918,6.630000114440918,6.630000114440918,204.0
2024-03-01 15:27:00,CLRB,4.090000152587891,4.090000152587891,4.099999904632568,4.090000152587891,4.099999904632568,2676.0
2024-03-01 15:27:00,CLSD,1.3990000486373901,1.3990000486373901,1.3990000486373901,1.3990000486373901,1.3990000486373901,234.0
2024-03-01 15:27:00,CMPS,11.440099716186523,11.440099716186523,11.470000267028809,11.440099716186523,11.449999809265137,1250.0
2024-03-01 15:27:00,CMRX,1.2000000476837158,1.2000000476837158,1.2000000476837158,1.1950000524520874,1.1950000524520874,274.0
2024-03-01 15:27:00,COGT,7.199999809265137,7.199999809265137,7.210000038146973,7.199999809265137,7.199999809265137,1137.0
2024-03-01 15:27:00,COLL,36.875,36.875,36.880001068115234,36.875,36.880001068115234,1340.0
2024-03-01 15:27:00,CORT,24.222000122070312,24.222000122070312,24.222000122070312,24.21500015258789,24.21500015258789,2761.0
2024-03-01 15:27:00,CPRX,17.174999237060547,17.174999237060547,17.184999465942383,17.15999984741211,17.170000076293945,6562.0
2024-03-01 15:27:00,CRBP,33.689998626708984,33.689998626708984,33.72999954223633,33.689998626708984,33.720001220703125,922.0
2024-03-01 15:27:00,CRBU,7.820099830627441,7.820099830627441,7.821499824523926,7.820099830627441,7.821499824523926,1971.0
2024-03-01 15:27:00,CRDF,2.740000009536743,2.740000009536743,2.765000104904175,2.740000009536743,2.7453999519348145,23898.0
2024-03-01 15:27:00,CRMD,3.6700000762939453,3.6700000762939453,3.6700000762939453,3.6700000762939453,3.6700000762939453,100.0
2024-03-01 15:27:00,CRNX,46.0,46.0,46.0,45.970001220703125,45.970001220703125,1128.0
2024-03-01 15:27:00,CRON,2.0299999713897705,2.0299999713897705,2.0299999713897705,2.0202999114990234,2.0250000953674316,4750.0
2024-03-01 15:27:00,CRSP,84.72000122070312,84.72000122070312,84.73999786376953,84.66999816894531,84.73999786376953,1469.0
2024-03-01 15:27:00,CRVS,2.190000057220459,2.190000057220459,2.190000057220459,2.174999952316284,2.174999952316284,2071.0
2024-03-01 15:27:00,CSTL,19.90999984741211,19.90999984741211,19.920000076293945,19.90999984741211,19.920000076293945,1148.0
2024-03-01 15:27:00,CTKB,9.029999732971191,9.029999732971191,9.029999732971191,9.029999732971191,9.029999732971191,511.0
2024-03-01 15:27:00,CTMX,2.549999952316284,2.549999952316284,2.555000066757202,2.5450000762939453,2.5450000762939453,38641.0
2024-03-01 15:27:00,CTXR,0.7709670066833496,0.7709670066833496,0.7709670066833496,0.7709670066833496,0.7709670066833496,904.0
2024-03-01 15:27:00,CVAC,3.440000057220459,3.440000057220459,3.440000057220459,3.440000057220459,3.440000057220459,112.0
2024-03-01 15:27:00,CVRX,20.65999984741211,20.65999984741211,20.65999984741211,20.643199920654297,20.659900665283203,1708.0
2024-03-01 15:27:00,CYCC,2.890000104904175,2.890000104904175,2.890000104904175,2.8698999881744385,2.869999885559082,1185.0
2024-03-01 15:27:00,CYTK,73.93499755859375,73.93499755859375,73.95999908447266,73.88999938964844,73.88999938964844,1209.0
2024-03-01 15:27:00,CYTO,2.389899969100952,2.389899969100952,2.389899969100952,2.389899969100952,2.389899969100952,295.0
2024-03-01 15:27:00,DCGO,4.070000171661377,4.070000171661377,4.070000171661377,4.054999828338623,4.054999828338623,9185.0
2024-03-01 15:27:00,DCPH,17.530000686645508,17.530000686645508,17.530000686645508,17.510000228881836,17.510000228881836,831.0
2024-03-01 15:27:00,DH,8.800000190734863,8.800000190734863,8.819999694824219,8.800000190734863,8.819999694824219,634.0
2024-03-01 15:27:00,DMTK,0.8374000191688538,0.8374000191688538,0.8398000001907349,0.8349999785423279,0.8398000001907349,3662.0
2024-03-01 15:27:00,DNLI,21.1299991607666,21.1299991607666,21.1299991607666,21.1299991607666,21.1299991607666,897.0
2024-03-01 15:27:00,DRRX,1.0,1.0,1.0,1.0,1.0,100.0
2024-03-01 15:27:00,DTIL,12.609999656677246,12.609999656677246,12.614999771118164,12.609999656677246,12.614999771118164,500.0
2024-03-01 15:27:00,DVAX,12.800000190734863,12.800000190734863,12.800000190734863,12.789999961853027,12.789999961853027,1105.0
2024-03-01 15:27:00,DXCM,121.13500213623047,121.13500213623047,121.19999694824219,121.12999725341797,121.16500091552734,9050.0
2024-03-01 15:27:00,DYN,29.15999984741211,29.15999984741211,29.15999984741211,29.1200008392334,29.1200008392334,551.0
2024-03-01 15:27:00,EDIT,10.796699523925781,10.796699523925781,10.796699523925781,10.779999732971191,10.779999732971191,3434.0
2024-03-01 15:27:00,EGRX,6.59499979019165,6.59499979019165,6.59499979019165,6.59499979019165,6.59499979019165,572.0
2024-03-01 15:27:00,ELEV,5.050000190734863,5.050000190734863,5.070000171661377,5.03000020980835,5.050000190734863,22912.0
2024-03-01 15:27:00,ENSG,121.33200073242188,121.33200073242188,121.33200073242188,121.33200073242188,121.33200073242188,273.0
2024-03-01 15:27:00,ENTX,1.399999976158142,1.399999976158142,1.399999976158142,1.399999976158142,1.399999976158142,415.0
2024-03-01 15:27:00,ENVB,1.5200999975204468,1.5200999975204468,1.5399999618530273,1.5199999809265137,1.5199999809265137,4719.0
2024-03-01 15:27:00,EOLS,14.880000114440918,14.880000114440918,14.880000114440918,14.880000114440918,14.880000114440918,322.0
2024-03-01 15:27:00,EPIX,9.59000015258789,9.59000015258789,9.59000015258789,9.539999961853027,9.539999961853027,200.0
2024-03-01 15:27:00,ESPR,2.555000066757202,2.555000066757202,2.555000066757202,2.555000066757202,2.555000066757202,2047.0
2024-03-01 15:27:00,ETNB,12.699999809265137,12.699999809265137,12.699999809265137,12.6850004196167,12.694999694824219,8691.0
2024-03-01 15:27:00,EVAX,3.440000057220459,3.440000057220459,3.440000057220459,3.440000057220459,3.440000057220459,2562.0
2024-03-01 15:27:00,EWTX,16.854999542236328,16.854999542236328,16.854999542236328,16.854999542236328,16.854999542236328,270.0
2024-03-01 15:27:00,EXAI,6.53000020980835,6.53000020980835,6.539999961853027,6.53000020980835,6.5395002365112305,2510.0
2024-03-01 15:27:00,EXAS,59.4900016784668,59.4900016784668,59.5098991394043,59.47999954223633,59.5098991394043,2975.0
2024-03-01 15:27:00,EXEL,22.2549991607666,22.2549991607666,22.2549991607666,22.2549991607666,22.2549991607666,768.0
2024-03-01 15:27:00,EYEN,2.369999885559082,2.369999885559082,2.369999885559082,2.359999895095825,2.369499921798706,5343.0
2024-03-01 15:27:00,FATE,7.735000133514404,7.735000133514404,7.735000133514404,7.730000019073486,7.730000019073486,1798.0
2024-03-01 15:27:00,FDMT,29.440000534057617,29.440000534057617,29.44499969482422,29.440000534057617,29.44499969482422,324.0
2024-03-01 15:27:00,FEMY,1.76010000705719,1.76010000705719,1.76010000705719,1.76010000705719,1.76010000705719,144.0
2024-03-01 15:27:00,FGEN,1.8299000263214111,1.8299000263214111,1.8300000429153442,1.8250000476837158,1.8250000476837158,2731.0
2024-03-01 15:27:00,FIXX,0.9016000032424927,0.9016000032424927,0.9086999893188477,0.9016000032424927,0.9086999893188477,1408.0
2024-03-01 15:27:00,FLGT,23.1200008392334,23.1200008392334,23.1200008392334,23.079999923706055,23.079999923706055,2139.0
2024-03-01 15:27:00,FOLD,13.305000305175781,13.305000305175781,13.305000305175781,13.300000190734863,13.305000305175781,2057.0
2024-03-01 15:27:00,FULC,11.010000228881836,11.010000228881836,11.010000228881836,10.987500190734863,11.010000228881836,700.0
2024-03-01 15:27:00,FUSN,12.239999771118164,12.239999771118164,12.25,12.229999542236328,12.25,6493.0
2024-03-01 15:27:00,GANX,4.639999866485596,4.639999866485596,4.639999866485596,4.639999866485596,4.639999866485596,100.0
2024-03-01 15:27:00,GBIO,2.630000114440918,2.630000114440918,2.630000114440918,2.630000114440918,2.630000114440918,468.0
2024-03-01 15:27:00,GDRX,8.420000076293945,8.420000076293945,8.420000076293945,8.40999984741211,8.414999961853027,5934.0
2024-03-01 15:27:00,GENE,2.3550000190734863,2.3550000190734863,2.3550000190734863,2.3550000190734863,2.3550000190734863,101.0
2024-03-01 15:27:00,GERN,2.25570011138916,2.25570011138916,2.2699999809265137,2.255000114440918,2.265000104904175,146867.0
2024-03-01 15:27:00,GH,19.049999237060547,19.049999237060547,19.049999237060547,19.040700912475586,19.040700912475586,3577.0
2024-03-01 15:27:00,GHSI,8.220000267028809,8.220000267028809,8.220000267028809,8.220000267028809,8.220000267028809,815.0
2024-03-01 15:27:00,GILD,72.51499938964844,72.51499938964844,72.5199966430664,72.50499725341797,72.50499725341797,7429.0
2024-03-01 15:27:00,GLPG,35.02000045776367,35.02000045776367,35.02000045776367,35.02000045776367,35.02000045776367,321.0
2024-03-01 15:27:00,GLSI,12.680000305175781,12.680000305175781,12.680000305175781,12.680000305175781,12.680000305175781,395.0
2024-03-01 15:27:00,GLTO,0.8048999905586243,0.8048999905586243,0.8048999905586243,0.7980509996414185,0.7980509996414185,6822.0
2024-03-01 15:27:00,GLYC,3.0099000930786133,3.0099000930786133,3.0099000930786133,3.0099000930786133,3.0099000930786133,420.0
2024-03-01 15:27:00,GMAB,29.3799991607666,29.3799991607666,29.385000228881836,29.3799991607666,29.385000228881836,879.0
2024-03-01 15:27:00,GMDA,0.38370001316070557,0.38370001316070557,0.38370001316070557,0.38155001401901245,0.38199999928474426,7300.0
2024-03-01 15:27:00,GNPX,4.545499801635742,4.545499801635742,4.545499801635742,4.545499801635742,4.545499801635742,305.0
2024-03-01 15:27:00,GOSS,1.3949999809265137,1.3949999809265137,1.4049999713897705,1.3949999809265137,1.4049999713897705,7506.0
2024-03-01 15:27:00,GRFS,7.011000156402588,7.011000156402588,7.014999866485596,7.010000228881836,7.014999866485596,600.0
2024-03-01 15:27:00,GRTS,2.0299999713897705,2.0299999713897705,2.0299999713897705,2.0225000381469727,2.0299999713897705,4186.0
2024-03-01 15:27:00,GRTX,0.23100000619888306,0.23100000619888306,0.23100000619888306,0.23100000619888306,0.23100000619888306,112.0
2024-03-01 15:27:00,GTHX,3.75,3.75,3.7750000953674316,3.744999885559082,3.7699999809265137,19663.0
2024-03-01 15:27:00,HALO,41.025001525878906,41.025001525878906,41.025001525878906,41.01150131225586,41.025001525878906,870.0
2024-03-01 15:27:00,HBIO,4.349999904632568,4.349999904632568,4.349999904632568,4.349999904632568,4.349999904632568,342.0
2024-03-01 15:27:00,HCAT,8.104999542236328,8.104999542236328,8.104999542236328,8.100000381469727,8.100000381469727,558.0
2024-03-01 15:27:00,HCM,15.149999618530273,15.149999618530273,15.164999961853027,15.149999618530273,15.164999961853027,341.0
2024-03-01 15:27:00,HCSG,12.850000381469727,12.850000381469727,12.850000381469727,12.770000457763672,12.770000457763672,46887.0
2024-03-01 15:27:00,HITI,1.7519999742507935,1.7519999742507935,1.7599999904632568,1.7519999742507935,1.7596999406814575,1135.0
2024-03-01 15:27:00,HOLX,74.16000366210938,74.16000366210938,74.18000030517578,74.16000366210938,74.18000030517578,5406.0
2024-03-01 15:27:00,HPCO,0.2500999867916107,0.2500999867916107,0.2500999867916107,0.2500999867916107,0.2500999867916107,200.0
2024-03-01 15:27:00,HQY,81.30000305175781,81.30000305175781,81.30500030517578,81.30000305175781,81.30500030517578,878.0
2024-03-01 15:27:00,HRMY,31.81999969482422,31.81999969482422,31.81999969482422,31.799999237060547,31.799999237060547,695.0
2024-03-01 15:27:00,HRTX,2.5950000286102295,2.5950000286102295,2.5950000286102295,2.5950000286102295,2.5950000286102295,200.0
2024-03-01 15:27:00,HSCS,0.11900000274181366,0.11900000274181366,0.11999999731779099,0.11900000274181366,0.11999999731779099,23422.0
2024-03-01 15:27:00,HSIC,76.9000015258789,76.9000015258789,76.9020004272461,76.9000015258789,76.9000015258789,1022.0
2024-03-01 15:27:00,HUMA,3.265000104904175,3.265000104904175,3.265000104904175,3.259999990463257,3.259999990463257,2404.0
2024-03-01 15:27:00,IART,36.15999984741211,36.15999984741211,36.15999984741211,36.15999984741211,36.15999984741211,461.0
2024-03-01 15:27:00,IBRX,4.800000190734863,4.800000190734863,4.804999828338623,4.800000190734863,4.804999828338623,1101.0
2024-03-01 15:27:00,ICLR,325.0249938964844,325.0249938964844,325.04998779296875,324.8699951171875,325.04998779296875,751.0
2024-03-01 15:27:00,ICUI,106.12000274658203,106.12000274658203,106.16000366210938,106.05999755859375,106.13999938964844,3353.0
2024-03-01 15:27:00,IDXX,578.9000244140625,578.9000244140625,578.9000244140625,578.9000244140625,578.9000244140625,325.0
2024-03-01 15:27:00,IFRX,1.784999966621399,1.784999966621399,1.784999966621399,1.7699999809265137,1.784999966621399,462.0
2024-03-01 15:27:00,IINN,1.670699954032898,1.670699954032898,1.670699954032898,1.670699954032898,1.670699954032898,1050.0
2024-03-01 15:27:00,IKNA,1.4700000286102295,1.4700000286102295,1.4700000286102295,1.4700000286102295,1.4700000286102295,1603.0
2024-03-01 15:27:00,ILMN,141.08999633789062,141.08999633789062,141.16000366210938,141.08999633789062,141.1300048828125,1388.0
2024-03-01 15:27:00,IMAB,1.799399971961975,1.799399971961975,1.799399971961975,1.799399971961975,1.799399971961975,223.0
2024-03-01 15:27:00,IMCR,67.83999633789062,67.83999633789062,67.83999633789062,67.83999633789062,67.83999633789062,208.0
2024-03-01 15:27:00,IMMP,2.319999933242798,2.319999933242798,2.325000047683716,2.319999933242798,2.321000099182129,1535.0
2024-03-01 15:27:00,IMMX,3.4600000381469727,3.4600000381469727,3.505000114440918,3.4600000381469727,3.505000114440918,6525.0
2024-03-01 15:27:00,IMNM,25.420000076293945,25.420000076293945,25.420000076293945,25.420000076293945,25.420000076293945,121.0
2024-03-01 15:27:00,IMTX,12.899999618530273,12.899999618530273,12.899999618530273,12.899999618530273,12.899999618530273,555.0
2024-03-01 15:27:00,IMUX,1.4600000381469727,1.4600000381469727,1.4600000381469727,1.4600000381469727,1.4600000381469727,398.0
2024-03-01 15:27:00,IMVT,35.70000076293945,35.70000076293945,35.709999084472656,35.689998626708984,35.709999084472656,3320.0
2024-03-01 15:27:00,INCY,59.099998474121094,59.099998474121094,59.130001068115234,59.099998474121094,59.130001068115234,2180.0
2024-03-01 15:27:00,INGN,6.880000114440918,6.880000114440918,6.880000114440918,6.880000114440918,6.880000114440918,105.0
2024-03-01 15:27:00,INMB,12.369999885559082,12.369999885559082,12.369999885559082,12.359999656677246,12.369999885559082,390.0
2024-03-01 15:27:00,INMD,22.920900344848633,22.920900344848633,22.940000534057617,22.920000076293945,22.924999237060547,7105.0
2024-03-01 15:27:00,INO,9.59000015258789,9.59000015258789,9.59000015258789,9.539999961853027,9.550000190734863,3866.0
2024-03-01 15:27:00,INSM,28.079999923706055,28.079999923706055,28.079999923706055,28.079999923706055,28.079999923706055,654.0
2024-03-01 15:27:00,INVA,15.430000305175781,15.430000305175781,15.430000305175781,15.390000343322754,15.399999618530273,8950.0
2024-03-01 15:27:00,INZY,6.570000171661377,6.570000171661377,6.570000171661377,6.570000171661377,6.570000171661377,342.0
2024-03-01 15:27:00,IONM,0.36000001430511475,0.36000001430511475,0.36000001430511475,0.36000001430511475,0.36000001430511475,1298.0
2024-03-01 15:27:00,IONS,45.584999084472656,45.584999084472656,45.63999938964844,45.58000183105469,45.59000015258789,6723.0
2024-03-01 15:27:00,IOVA,16.924999237060547,16.924999237060547,16.93000030517578,16.895000457763672,16.899999618530273,7660.0
2024-03-01 15:27:00,IPSC,3.950000047683716,3.950000047683716,3.950000047683716,3.950000047683716,3.950000047683716,170.0
2024-03-01 15:27:00,IRIX,2.6500000953674316,2.6500000953674316,2.6500000953674316,2.6500000953674316,2.6500000953674316,100.0
2024-03-01 15:27:00,IRMD,41.5099983215332,41.5099983215332,41.5099983215332,41.5099983215332,41.5099983215332,102.0
2024-03-01 15:27:00,IRWD,8.899999618530273,8.899999618530273,8.904999732971191,8.899999618530273,8.899999618530273,9250.0
2024-03-01 15:27:00,ISRG,398.17999267578125,398.17999267578125,398.2049865722656,398.1400146484375,398.1629943847656,6143.0
2024-03-01 15:27:00,ITCI,72.22000122070312,72.22000122070312,72.22000122070312,72.19999694824219,72.19999694824219,1309.0
2024-03-01 15:27:00,JAGX,0.08275000005960464,0.08275000005960464,0.08299999684095383,0.08250000327825546,0.08299999684095383,165679.0
2024-03-01 15:27:00,JANX,46.09000015258789,46.09000015258789,46.09000015258789,46.029998779296875,46.06999969482422,692.0
2024-03-01 15:27:00,JAZZ,119.19499969482422,119.19499969482422,119.19499969482422,119.19499969482422,119.19499969482422,475.0
2024-03-01 15:27:00,JSPR,21.969999313354492,21.969999313354492,22.0,21.8700008392334,22.0,1418.0
2024-03-01 15:27:00,JYNT,9.960000038146973,9.960000038146973,9.96500015258789,9.960000038146973,9.96500015258789,334.0
2024-03-01 15:27:00,KALV,14.100000381469727,14.100000381469727,14.104999542236328,14.095000267028809,14.104999542236328,742.0
2024-03-01 15:27:00,KNSA,21.920000076293945,21.920000076293945,21.920000076293945,21.915000915527344,21.915000915527344,453.0
2024-03-01 15:27:00,KNTE,2.5999999046325684,2.5999999046325684,2.6050000190734863,2.5950000286102295,2.5999999046325684,6602.0
2024-03-01 15:27:00,KOD,6.03000020980835,6.03000020980835,6.03000020980835,6.025000095367432,6.03000020980835,765.0
2024-03-01 15:27:00,KPTI,1.1950000524520874,1.1950000524520874,1.2000000476837158,1.1950000524520874,1.1950000524520874,3775.0
2024-03-01 15:27:00,KRTX,315.82501220703125,315.82501220703125,315.82501220703125,315.7950134277344,315.7950134277344,830.0
2024-03-01 15:27:00,KURA,21.700000762939453,21.700000762939453,21.700000762939453,21.65999984741211,21.65999984741211,1831.0
2024-03-01 15:27:00,KYMR,43.86000061035156,43.86000061035156,43.86000061035156,43.790000915527344,43.790000915527344,1658.0
2024-03-01 15:27:00,KZR,1.0299999713897705,1.0299999713897705,1.037500023841858,1.0299999713897705,1.037500023841858,900.0
2024-03-01 15:27:00,LAB,2.4600000381469727,2.4600000381469727,2.4700000286102295,2.450000047683716,2.4549999237060547,49186.0
2024-03-01 15:27:00,LBPH,21.600000381469727,21.600000381469727,21.600000381469727,21.600000381469727,21.600000381469727,222.0
2024-03-01 15:27:00,LEGN,65.5999984741211,65.5999984741211,65.5999984741211,65.5999984741211,65.5999984741211,106.0
2024-03-01 15:27:00,LEXX,2.799999952316284,2.799999952316284,2.799999952316284,2.799999952316284,2.799999952316284,100.0
2024-03-01 15:27:00,LFMD,8.0,8.0,8.0,8.0,8.0,103.0
2024-03-01 15:27:00,LFST,7.775000095367432,7.775000095367432,7.775000095367432,7.775000095367432,7.775000095367432,869.0
2024-03-01 15:27:00,LIAN,4.869999885559082,4.869999885559082,4.869999885559082,4.869999885559082,4.869999885559082,198.0
2024-03-01 15:27:00,LIFE,1.899999976158142,1.899999976158142,1.899999976158142,1.899999976158142,1.899999976158142,150.0
2024-03-01 15:27:00,LIVN,55.459999084472656,55.459999084472656,55.47999954223633,55.45000076293945,55.470001220703125,1467.0
2024-03-01 15:27:00,LMAT,68.01499938964844,68.01499938964844,68.01499938964844,68.01499938964844,68.01499938964844,422.0
2024-03-01 15:27:00,LNTH,64.37000274658203,64.37000274658203,64.37000274658203,64.3499984741211,64.36499786376953,1091.0
2024-03-01 15:27:00,LPTX,2.8499999046325684,2.8499999046325684,2.8499999046325684,2.8499999046325684,2.8499999046325684,552.0
2024-03-01 15:27:00,LQDA,14.595000267028809,14.595000267028809,14.600000381469727,14.595000267028809,14.600000381469727,555.0
2024-03-01 15:27:00,LTRN,4.190000057220459,4.190000057220459,4.25,4.179999828338623,4.210000038146973,3060.0
2024-03-01 15:27:00,LUNG,9.390000343322754,9.390000343322754,9.390000343322754,9.369999885559082,9.369999885559082,2018.0
2024-03-01 15:27:00,LVTX,2.690000057220459,2.690000057220459,2.690000057220459,2.559999942779541,2.6298999786376953,16884.0
2024-03-01 15:27:00,LYEL,3.130000114440918,3.130000114440918,3.130000114440918,3.130000114440918,3.130000114440918,471.0
2024-03-01 15:27:00,LYRA,5.639999866485596,5.639999866485596,5.650000095367432,5.639999866485596,5.650000095367432,648.0
2024-03-01 15:27:00,MACK,14.710000038146973,14.710000038146973,14.710000038146973,14.710000038146973,14.710000038146973,373.0
2024-03-01 15:27:00,MBRX,0.6298999786376953,0.6298999786376953,0.6298999786376953,0.6298999786376953,0.6298999786376953,159.0
2024-03-01 15:27:00,MCRB,1.225000023841858,1.225000023841858,1.2300000190734863,1.2200000286102295,1.2200000286102295,18343.0
2024-03-01 15:27:00,MDGL,250.17999267578125,250.17999267578125,250.3000030517578,250.03500366210938,250.03500366210938,3008.0
2024-03-01 15:27:00,MDRX,6.010000228881836,6.010000228881836,6.090000152587891,6.010000228881836,6.010000228881836,118558.0
2024-03-01 15:27:00,MDXG,8.585000038146973,8.585000038146973,8.585000038146973,8.585000038146973,8.585000038146973,210.0
2024-03-01 15:27:00,MDXH,3.7300000190734863,3.7300000190734863,3.7300000190734863,3.7300000190734863,3.7300000190734863,100.0
2024-03-01 15:27:00,ME,0.5515999794006348,0.5515999794006348,0.5516999959945679,0.5515000224113464,0.5515999794006348,16836.0
2024-03-01 15:27:00,MGNX,18.739999771118164,18.739999771118164,18.739999771118164,18.729999542236328,18.729999542236328,1388.0
2024-03-01 15:27:00,MIST,1.659999966621399,1.659999966621399,1.690000057220459,1.649999976158142,1.690000057220459,39150.0
2024-03-01 15:27:00,MLTX,50.68000030517578,50.68000030517578,50.68000030517578,50.630001068115234,50.630001068115234,992.0
2024-03-01 15:27:00,MMSI,76.0999984741211,76.0999984741211,76.12000274658203,76.0999984741211,76.12000274658203,831.0
2024-03-01 15:27:00,MNKD,4.539999961853027,4.539999961853027,4.539999961853027,4.534999847412109,4.539999961853027,7248.0
2024-03-01 15:27:00,MNMD,6.168000221252441,6.168000221252441,6.168000221252441,6.168000221252441,6.168000221252441,344.0
2024-03-01 15:27:00,MNPR,0.9100000262260437,0.9100000262260437,0.9100000262260437,0.8999999761581421,0.9100000262260437,2451.0
2024-03-01 15:27:00,MODD,1.909999966621399,1.909999966621399,1.909999966621399,1.899999976158142,1.899999976158142,310.0
2024-03-01 15:27:00,MOTS,0.6552000045776367,0.6552000045776367,0.6552000045776367,0.6549999713897705,0.6549999713897705,430.0
2024-03-01 15:27:00,MREO,3.950000047683716,3.950000047683716,3.9749999046325684,3.950000047683716,3.9749999046325684,18827.0
2024-03-01 15:27:00,MRNA,95.67500305175781,95.67500305175781,95.75,95.67500305175781,95.7300033569336,4841.0
2024-03-01 15:27:00,MRSN,5.920000076293945,5.920000076293945,5.929999828338623,5.911200046539307,5.914999961853027,7138.0
2024-03-01 15:27:00,MRUS,51.48500061035156,51.48500061035156,51.5099983215332,51.48500061035156,51.5099983215332,1094.0
2024-03-01 15:27:00,MRVI,7.675000190734863,7.675000190734863,7.675000190734863,7.664999961853027,7.675000190734863,5697.0
2024-03-01 15:27:00,MXCT,4.730000019073486,4.730000019073486,4.730000019073486,4.730000019073486,4.730000019073486,1092.0
2024-03-01 15:27:00,MYGN,21.989999771118164,21.989999771118164,22.020000457763672,21.989999771118164,22.010000228881836,2109.0
2024-03-01 15:27:00,NARI,45.900001525878906,45.900001525878906,45.915000915527344,45.880001068115234,45.880001068115234,6087.0
2024-03-01 15:27:00,NBIX,131.85000610351562,131.85000610351562,131.86000061035156,131.85000610351562,131.85499572753906,1884.0
2024-03-01 15:27:00,NBSE,0.8766999840736389,0.8766999840736389,0.878000020980835,0.8766999840736389,0.8776999711990356,1536.0
2024-03-01 15:27:00,NEO,15.84749984741211,15.84749984741211,15.895000457763672,15.84000015258789,15.869999885559082,5083.0
2024-03-01 15:27:00,NEPT,0.41999998688697815,0.41999998688697815,0.41999998688697815,0.41510000824928284,0.41510000824928284,1575.0
2024-03-01 15:27:00,NGM,1.5199999809265137,1.5199999809265137,1.5199999809265137,1.5199999809265137,1.5199999809265137,1676.0
2024-03-01 15:27:00,NKTR,0.766539990901947,0.766539990901947,0.766539990901947,0.766539990901947,0.766539990901947,649.0
2024-03-01 15:27:00,NKTX,12.661499977111816,12.661499977111816,12.661499977111816,12.661499977111816,12.661499977111816,1000.0
2024-03-01 15:27:00,NMRD,0.07999999821186066,0.07999999821186066,0.07999999821186066,0.07999999821186066,0.07999999821186066,600.0
2024-03-01 15:27:00,NMTC,1.225000023841858,1.225000023841858,1.225000023841858,1.2137000560760498,1.2137000560760498,1000.0
2024-03-01 15:27:00,NNOX,10.963199615478516,10.963199615478516,10.970000267028809,10.949999809265137,10.96500015258789,5606.0
2024-03-01 15:27:00,NOTV,7.989999771118164,7.989999771118164,7.989999771118164,7.960000038146973,7.960000038146973,894.0
2024-03-01 15:27:00,NRBO,6.150000095367432,6.150000095367432,6.170000076293945,6.150000095367432,6.170000076293945,419.0
2024-03-01 15:27:00,NRIX,13.5,13.5,13.5,13.482000350952148,13.482000350952148,601.0
2024-03-01 15:27:00,NRXP,0.4311999976634979,0.4311999976634979,0.43755000829696655,0.4309999942779541,0.43755000829696655,23026.0
2024-03-01 15:27:00,NTLA,33.2599983215332,33.2599983215332,33.27000045776367,33.2599983215332,33.27000045776367,594.0
2024-03-01 15:27:00,NTRA,89.73999786376953,89.73999786376953,89.73999786376953,89.62999725341797,89.62999725341797,3923.0
2024-03-01 15:27:00,NUTX,0.1137000024318695,0.1137000024318695,0.11379999667406082,0.1137000024318695,0.11379999667406082,928.0
2024-03-01 15:27:00,NUVL,87.38999938964844,87.38999938964844,87.44000244140625,87.37999725341797,87.44000244140625,2277.0
2024-03-01 15:27:00,NVAX,5.425000190734863,5.425000190734863,5.429999828338623,5.420000076293945,5.425000190734863,40820.0
2024-03-01 15:27:00,NVCT,10.75,10.75,10.75,10.710000038146973,10.725000381469727,1020.0
2024-03-01 15:27:00,NVNO,6.480000019073486,6.480000019073486,6.480000019073486,6.4791998863220215,6.480000019073486,850.0
2024-03-01 15:27:00,NXTC,1.7899999618530273,1.7899999618530273,1.7999999523162842,1.774999976158142,1.774999976158142,1005.0
2024-03-01 15:27:00,OCGN,0.9553999900817871,0.9553999900817871,0.9553999900817871,0.9509000182151794,0.9509000182151794,762.0
2024-03-01 15:27:00,OCUL,10.619999885559082,10.619999885559082,10.630000114440918,10.614999771118164,10.619999885559082,3538.0
2024-03-01 15:27:00,OFIX,12.890000343322754,12.890000343322754,12.890000343322754,12.890000343322754,12.890000343322754,1132.0
2024-03-01 15:27:00,OLK,23.0,23.0,23.0,22.969999313354492,22.975000381469727,7637.0
2024-03-01 15:27:00,OLMA,14.899999618530273,14.899999618530273,14.899999618530273,14.899999618530273,14.899999618530273,144.0
2024-03-01 15:27:00,OM,3.134999990463257,3.134999990463257,3.140000104904175,3.125,3.125,5245.0
2024-03-01 15:27:00,OMCL,26.219999313354492,26.219999313354492,26.2450008392334,26.200000762939453,26.219999313354492,1355.0
2024-03-01 15:27:00,OMER,4.820000171661377,4.820000171661377,4.820000171661377,4.820000171661377,4.820000171661377,4620.0
2024-03-01 15:27:00,OMGA,4.380000114440918,4.380000114440918,4.380000114440918,4.369999885559082,4.369999885559082,1900.0
2024-03-01 15:28:00,ABCL,5.074999809265137,5.074999809265137,5.079999923706055,5.065000057220459,5.065000057220459,10210.0
2024-03-01 15:28:00,ABEO,7.800000190734863,7.800000190734863,7.800000190734863,7.789999961853027,7.789999961853027,1395.0
2024-03-01 15:28:00,ABIO,1.6700999736785889,1.6700999736785889,1.6700999736785889,1.6700999736785889,1.6700999736785889,320.0
2024-03-01 15:28:00,ABSI,5.514999866485596,5.514999866485596,5.514999866485596,5.514999866485596,5.514999866485596,1559.0
2024-03-01 15:28:00,ABUS,2.7850000858306885,2.7850000858306885,2.7850000858306885,2.7799999713897705,2.7799999713897705,661.0
2024-03-01 15:28:00,ACAD,24.170000076293945,24.170000076293945,24.19499969482422,24.15999984741211,24.19499969482422,7551.0
2024-03-01 15:28:00,ACB,3.184999942779541,3.184999942779541,3.184999942779541,3.180000066757202,3.180000066757202,1871.0
2024-03-01 15:28:00,ACCD,10.039899826049805,10.039899826049805,10.039899826049805,10.039899826049805,10.039899826049805,236.0
2024-03-01 15:28:00,ACET,2.384999990463257,2.384999990463257,2.390000104904175,2.380000114440918,2.390000104904175,1491.0
2024-03-01 15:28:00,ACHC,84.19999694824219,84.19999694824219,84.19999694824219,84.19999694824219,84.19999694824219,574.0
2024-03-01 15:28:00,ACHL,1.3698999881744385,1.3698999881744385,1.3698999881744385,1.3698999881744385,1.3698999881744385,1065.0
2024-03-01 15:28:00,ACIU,3.8299999237060547,3.8299999237060547,3.8299999237060547,3.8299999237060547,3.8299999237060547,110.0
2024-03-01 15:28:00,ACLX,67.41999816894531,67.41999816894531,67.48999786376953,67.41999816894531,67.48999786376953,1461.0
2024-03-01 15:28:00,ACRS,1.2300000190734863,1.2300000190734863,1.2300000190734863,1.225000023841858,1.225000023841858,2539.0
2024-03-01 15:28:00,ADAP,1.600000023841858,1.600000023841858,1.600000023841858,1.600000023841858,1.600000023841858,303.0
2024-03-01 15:28:00,ADIL,3.072000026702881,3.072000026702881,3.0799999237060547,3.0,3.0,34417.0
2024-03-01 15:28:00,ADMA,5.525000095367432,5.525000095367432,5.53000020980835,5.519999980926514,5.525000095367432,2592.0
2024-03-01 15:28:00,ADPT,4.059999942779541,4.059999942779541,4.065000057220459,4.054999828338623,4.059999942779541,10899.0
2024-03-01 15:28:00,ADUS,93.75,93.75,93.77999877929688,93.62999725341797,93.77999877929688,4112.0
2024-03-01 15:28:00,ADVM,1.940000057220459,1.940000057220459,1.9490000009536743,1.940000057220459,1.940000057220459,2113.0
2024-03-01 15:28:00,AFMD,0.6700999736785889,0.6700999736785889,0.675000011920929,0.6700999736785889,0.675000011920929,1169.0
2024-03-01 15:28:00,AGEN,0.6700000166893005,0.6700000166893005,0.6700999736785889,0.6700000166893005,0.6700999736785889,6521.0
2024-03-01 15:28:00,AGIO,32.34700012207031,32.34700012207031,32.380001068115234,32.31999969482422,32.380001068115234,4106.0
2024-03-01 15:28:00,AHCO,10.494999885559082,10.494999885559082,10.505000114440918,10.494999885559082,10.5,3930.0
2024-03-01 15:28:00,AIH,0.5450000166893005,0.5450000166893005,0.5460000038146973,0.5450000166893005,0.5460000038146973,5000.0
2024-03-01 15:28:00,AIMD,0.9509999752044678,0.9509999752044678,0.9509999752044678,0.9509999752044678,0.9509999752044678,100.0
2024-03-01 15:28:00,AIRS,6.429999828338623,6.429999828338623,6.429999828338623,6.429999828338623,6.429999828338623,305.0
2024-03-01 15:28:00,AKBA,1.684999942779541,1.684999942779541,1.684999942779541,1.684999942779541,1.684999942779541,2203.0
2024-03-01 15:28:00,AKLI,0.3521000146865845,0.3521000146865845,0.3521000146865845,0.3521000146865845,0.3521000146865845,200.0
2024-03-01 15:28:00,AKRO,28.434999465942383,28.434999465942383,28.459999084472656,28.43000030517578,28.459999084472656,3530.0
2024-03-01 15:28:00,ALEC,7.360000133514404,7.360000133514404,7.414999961853027,7.360000133514404,7.414999961853027,7708.0
2024-03-01 15:28:00,ALGN,302.1400146484375,302.1400146484375,302.1400146484375,302.1400146484375,302.1400146484375,340.0
2024-03-01 15:28:00,ALHC,5.550899982452393,5.550899982452393,5.550899982452393,5.539999961853027,5.545000076293945,5132.0
2024-03-01 15:28:00,ALKS,30.170000076293945,30.170000076293945,30.174999237060547,30.15999984741211,30.174999237060547,4467.0
2024-03-01 15:28:00,ALLK,1.6549999713897705,1.6549999713897705,1.659999966621399,1.6549999713897705,1.6549999713897705,2199.0
2024-03-01 15:28:00,ALLO,4.929999828338623,4.929999828338623,4.949999809265137,4.929999828338623,4.949999809265137,14179.0
2024-03-01 15:28:00,ALNY,152.85000610351562,152.85000610351562,153.0399932861328,152.85000610351562,153.0399932861328,1460.0
2024-03-01 15:28:00,ALPN,35.91999816894531,35.91999816894531,35.96500015258789,35.91999816894531,35.939998626708984,3089.0
2024-03-01 15:28:00,ALT,12.1899995803833,12.1899995803833,12.199999809265137,12.149999618530273,12.169099807739258,17360.0
2024-03-01 15:28:00,ALVR,0.7512000203132629,0.7512000203132629,0.7512000203132629,0.7512000203132629,0.7512000203132629,336.0
2024-03-01 15:28:00,ALXO,15.010000228881836,15.010000228881836,15.010000228881836,15.010000228881836,15.010000228881836,1294.0
2024-03-01 15:28:00,AMED,93.30000305175781,93.30000305175781,93.30000305175781,93.27999877929688,93.27999877929688,1356.0
2024-03-01 15:28:00,AMGN,280.82000732421875,280.82000732421875,280.8399963378906,280.65399169921875,280.65399169921875,10629.0
2024-03-01 15:28:00,AMLX,18.739999771118164,18.739999771118164,18.740100860595703,18.739999771118164,18.740100860595703,1202.0
2024-03-01 15:28:00,AMPH,45.79999923706055,45.79999923706055,45.83259963989258,45.79999923706055,45.82500076293945,1709.0
2024-03-01 15:28:00,AMRN,1.0499999523162842,1.0499999523162842,1.0499999523162842,1.0499999523162842,1.0499999523162842,100.0
2024-03-01 15:28:00,ANGO,5.474999904632568,5.474999904632568,5.474999904632568,5.46999979019165,5.46999979019165,562.0
2024-03-01 15:28:00,ANIP,66.9000015258789,66.9000015258789,66.9800033569336,66.9000015258789,66.9749984741211,350.0
2024-03-01 15:28:00,ANTX,3.0299999713897705,3.0299999713897705,3.0299999713897705,3.0299999713897705,3.0299999713897705,1221.0
2024-03-01 15:28:00,APLS,64.51000213623047,64.51000213623047,64.51000213623047,64.45500183105469,64.48999786376953,4565.0
2024-03-01 15:28:00,APLT,7.050000190734863,7.050000190734863,7.059999942779541,7.050000190734863,7.050000190734863,986.0
2024-03-01 15:28:00,APYX,2.1010000705718994,2.1010000705718994,2.1010000705718994,2.1010000705718994,2.1010000705718994,640.0
2024-03-01 15:28:00,AQST,4.097700119018555,4.097700119018555,4.097700119018555,4.090000152587891,4.090000152587891,3240.0
2024-03-01 15:28:00,ARCT,39.744998931884766,39.744998931884766,39.744998931884766,39.744998931884766,39.744998931884766,314.0
2024-03-01 15:28:00,ARDX,9.4399995803833,9.4399995803833,9.449999809265137,9.430000305175781,9.442500114440918,13351.0
2024-03-01 15:28:00,ARGX,392.2349853515625,392.2349853515625,392.239990234375,392.2349853515625,392.239990234375,568.0
2024-03-01 15:28:00,ARQT,11.404999732971191,11.404999732971191,11.420000076293945,11.399999618530273,11.420000076293945,12745.0
2024-03-01 15:28:00,ARVN,47.709999084472656,47.709999084472656,47.709999084472656,47.70500183105469,47.709999084472656,600.0
2024-03-01 15:28:00,ARWR,35.72999954223633,35.72999954223633,35.779998779296875,35.709999084472656,35.779998779296875,7785.0
2024-03-01 15:28:00,ASND,154.63999938964844,154.63999938964844,154.66000366210938,154.1649932861328,154.1649932861328,2322.0
2024-03-01 15:28:00,ASRT,0.8934500217437744,0.8934500217437744,0.8934500217437744,0.8934000134468079,0.8934000134468079,621.0
2024-03-01 15:28:00,ATAI,2.115000009536743,2.115000009536743,2.115000009536743,2.109999895095825,2.109999895095825,12277.0
2024-03-01 15:28:00,ATEC,13.494999885559082,13.494999885559082,13.494999885559082,13.484999656677246,13.489999771118164,2201.0
2024-03-01 15:28:00,ATHA,3.9600000381469727,3.9600000381469727,3.9800000190734863,3.9600000381469727,3.9800000190734863,1985.0
2024-03-01 15:28:00,ATOS,1.0099999904632568,1.0099999904632568,1.0099999904632568,1.0099999904632568,1.0099999904632568,131.0
2024-03-01 15:28:00,ATRA,0.7851499915122986,0.7851499915122986,0.7851499915122986,0.7803999781608582,0.7851499915122986,730.0
2024-03-01 15:28:00,ATRC,36.150001525878906,36.150001525878906,36.209999084472656,36.150001525878906,36.209999084472656,3479.0
2024-03-01 15:28:00,ATXS,14.930000305175781,14.930000305175781,14.9399995803833,14.930000305175781,14.9399995803833,640.0
2024-03-01 15:28:00,AUGX,4.519999980926514,4.519999980926514,4.519999980926514,4.519999980926514,4.519999980926514,201.0
2024-03-01 15:28:00,AUPH,5.775000095367432,5.775000095367432,5.775000095367432,5.769999980926514,5.775000095367432,545.0
2024-03-01 15:28:00,AURA,9.300000190734863,9.300000190734863,9.300000190734863,9.300000190734863,9.300000190734863,489.0
2024-03-01 15:28:00,AUTL,6.239999771118164,6.239999771118164,6.239999771118164,6.235000133514404,6.239999771118164,2554.0
2024-03-01 15:28:00,AVDL,13.399999618530273,13.399999618530273,13.430000305175781,13.399999618530273,13.430000305175781,11051.0
2024-03-01 15:28:00,AVGR,3.9000000953674316,3.9000000953674316,3.9000000953674316,3.9000000953674316,3.9000000953674316,354.0
2024-03-01 15:28:00,AVRO,1.3200000524520874,1.3200000524520874,1.3200000524520874,1.3200000524520874,1.3200000524520874,100.0
2024-03-01 15:28:00,AVTE,23.350000381469727,23.350000381469727,23.350000381469727,23.350000381469727,23.350000381469727,693.0
2024-03-01 15:28:00,AVXL,5.309899806976318,5.309899806976318,5.309899806976318,5.309899806976318,5.309899806976318,1349.0
2024-03-01 15:28:00,AXNX,67.80999755859375,67.80999755859375,67.80999755859375,67.80999755859375,67.80999755859375,188.0
2024-03-01 15:28:00,AXSM,82.67500305175781,82.67500305175781,82.67500305175781,82.67500305175781,82.67500305175781,204.0
2024-03-01 15:28:00,AZN,64.63999938964844,64.63999938964844,64.65499877929688,64.63999938964844,64.65499877929688,7796.0
2024-03-01 15:28:00,AZTA,67.05999755859375,67.05999755859375,67.06999969482422,67.04000091552734,67.06999969482422,2281.0
2024-03-01 15:28:00,BBIO,35.814998626708984,35.814998626708984,35.814998626708984,35.814998626708984,35.814998626708984,996.0
2024-03-01 15:28:00,BCAB,2.8350000381469727,2.8350000381469727,2.8350000381469727,2.8350000381469727,2.8350000381469727,429.0
2024-03-01 15:28:00,BCDA,0.5799999833106995,0.5799999833106995,0.5799999833106995,0.5799999833106995,0.5799999833106995,2000.0
2024-03-01 15:28:00,BCRX,5.664999961853027,5.664999961853027,5.670000076293945,5.659999847412109,5.664999961853027,2688.0
2024-03-01 15:28:00,BDTX,4.704999923706055,4.704999923706055,4.735000133514404,4.699999809265137,4.735000133514404,5561.0
2024-03-01 15:28:00,BEAM,39.8650016784668,39.8650016784668,39.880001068115234,39.86000061035156,39.880001068115234,2486.0
2024-03-01 15:28:00,BIIB,221.05999755859375,221.05999755859375,221.05999755859375,221.0399932861328,221.0399932861328,1322.0
2024-03-01 15:28:00,BIOL,0.14489999413490295,0.14489999413490295,0.14489999413490295,0.14480000734329224,0.14489999413490295,11854.0
2024-03-01 15:28:00,BIVI,1.8600000143051147,1.8600000143051147,1.8799999952316284,1.8600000143051147,1.8676999807357788,44025.0
2024-03-01 15:28:00,BLFS,17.899999618530273,17.899999618530273,17.905000686645508,17.850000381469727,17.875,4228.0
2024-03-01 15:28:00,BLUE,1.5750000476837158,1.5750000476837158,1.5750000476837158,1.5700000524520874,1.5750000476837158,2324.0
2024-03-01 15:28:00,BMEA,18.059999465942383,18.059999465942383,18.075000762939453,18.049999237060547,18.075000762939453,3173.0
2024-03-01 15:28:00,BMRA,1.2000000476837158,1.2000000476837158,1.2000000476837158,1.2000000476837158,1.2000000476837158,102.0
2024-03-01 15:28:00,BMRN,87.86499786376953,87.86499786376953,87.87000274658203,87.83999633789062,87.87000274658203,3504.0
2024-03-01 15:28:00,BNGO,1.2599999904632568,1.2599999904632568,1.2599999904632568,1.2599999904632568,1.2599999904632568,472.0
2024-03-01 15:28:00,BNOX,1.2100000381469727,1.2100000381469727,1.2100000381469727,1.2000000476837158,1.2000000476837158,3845.0
2024-03-01 15:28:00,BNR,0.8100500106811523,0.8100500106811523,0.8100500106811523,0.8100500106811523,0.8100500106811523,100.0
2024-03-01 15:28:00,BNTC,5.34499979019165,5.34499979019165,5.34499979019165,5.34499979019165,5.34499979019165,320.0
2024-03-01 15:28:00,BNTX,90.8550033569336,90.8550033569336,90.8550033569336,90.8550033569336,90.8550033569336,414.0
2024-03-01 15:28:00,BPMC,95.66000366210938,95.66000366210938,95.79000091552734,95.66000366210938,95.79000091552734,958.0
2024-03-01 15:28:00,BRKR,88.44750213623047,88.44750213623047,88.4749984741211,88.44300079345703,88.4749984741211,2199.0
2024-03-01 15:28:00,BTTX,0.18320000171661377,0.18320000171661377,0.18440000712871552,0.18320000171661377,0.18440000712871552,1195.0
2024-03-01 15:28:00,BVS,4.789999961853027,4.789999961853027,4.789999961853027,4.789999961853027,4.789999961853027,247.0
2024-03-01 15:28:00,CABA,23.969999313354492,23.969999313354492,23.969999313354492,23.959999084472656,23.96500015258789,1229.0
2024-03-01 15:28:00,CBAY,32.22999954223633,32.22999954223633,32.22999954223633,32.224998474121094,32.22999954223633,2157.0
2024-03-01 15:28:00,CCCC,11.0,11.0,11.010000228881836,11.0,11.010000228881836,1917.0
2024-03-01 15:28:00,CCRN,18.325000762939453,18.325000762939453,18.325000762939453,18.31999969482422,18.31999969482422,320.0
2024-03-01 15:28:00,CDNA,12.484999656677246,12.484999656677246,12.488900184631348,12.479999542236328,12.488900184631348,951.0
2024-03-01 15:28:00,CDTX,0.7195000052452087,0.7195000052452087,0.7195000052452087,0.7120000123977661,0.7121000289916992,12319.0
2024-03-01 15:28:00,CDXS,4.650000095367432,4.650000095367432,4.659999847412109,4.650000095367432,4.650000095367432,1999.0
2024-03-01 15:28:00,CELC,17.299999237060547,17.299999237060547,17.299999237060547,17.190000534057617,17.25,1926.0
2024-03-01 15:28:00,CERE,41.11000061035156,41.11000061035156,41.125,41.11000061035156,41.125,1798.0
2024-03-01 15:28:00,CERS,2.184999942779541,2.184999942779541,2.184999942779541,2.184999942779541,2.184999942779541,2781.0
2024-03-01 15:28:00,CERT,18.15999984741211,18.15999984741211,18.200000762939453,18.15999984741211,18.190000534057617,5396.0
2024-03-01 15:28:00,CGC,3.184999942779541,3.184999942779541,3.190000057220459,3.184999942779541,3.1898000240325928,1597.0
2024-03-01 15:28:00,CGEM,18.670000076293945,18.670000076293945,18.69499969482422,18.670000076293945,18.69499969482422,426.0
2024-03-01 15:28:00,CGEN,2.690000057220459,2.690000057220459,2.690000057220459,2.684999942779541,2.684999942779541,6878.0
2024-03-01 15:28:00,CKPT,2.2049999237060547,2.2049999237060547,2.2100000381469727,2.200000047683716,2.201900005340576,2269.0
2024-03-01 15:28:00,CLDX,51.7400016784668,51.7400016784668,51.78200149536133,51.709999084472656,51.779998779296875,2587.0
2024-03-01 15:28:00,CLLS,2.630000114440918,2.630000114440918,2.630000114440918,2.630000114440918,2.630000114440918,400.0
2024-03-01 15:28:00,CLOV,0.8655499815940857,0.8655499815940857,0.8655499815940857,0.8654999732971191,0.8654999732971191,4877.0
2024-03-01 15:28:00,CLPT,6.630000114440918,6.630000114440918,6.630000114440918,6.630000114440918,6.630000114440918,467.0
2024-03-01 15:28:00,CLRB,4.090000152587891,4.090000152587891,4.099899768829346,4.090000152587891,4.099899768829346,1042.0
2024-03-01 15:28:00,CLSD,1.3990999460220337,1.3990999460220337,1.3990999460220337,1.3990999460220337,1.3990999460220337,386.0
2024-03-01 15:28:00,CMAX,7.809999942779541,7.809999942779541,7.809999942779541,7.809999942779541,7.809999942779541,124.0
2024-03-01 15:28:00,CMPS,11.460000038146973,11.460000038146973,11.460000038146973,11.4399995803833,11.4399995803833,1061.0
2024-03-01 15:28:00,CODX,1.159999966621399,1.159999966621399,1.159999966621399,1.159999966621399,1.159999966621399,118.0
2024-03-01 15:28:00,COGT,7.199999809265137,7.199999809265137,7.199999809265137,7.199999809265137,7.199999809265137,1110.0
2024-03-01 15:28:00,CORT,24.201000213623047,24.201000213623047,24.219999313354492,24.201000213623047,24.219999313354492,2370.0
2024-03-01 15:28:00,CPRX,17.190000534057617,17.190000534057617,17.190000534057617,17.15999984741211,17.170000076293945,8389.0
2024-03-01 15:28:00,CPSI,9.300000190734863,9.300000190734863,9.34000015258789,9.300000190734863,9.329999923706055,3685.0
2024-03-01 15:28:00,CRBP,33.689998626708984,33.689998626708984,33.689998626708984,33.689998626708984,33.689998626708984,100.0
2024-03-01 15:28:00,CRBU,7.809999942779541,7.809999942779541,7.824999809265137,7.809999942779541,7.824999809265137,2899.0
2024-03-01 15:28:00,CRDF,2.740000009536743,2.740000009536743,2.759999990463257,2.7300000190734863,2.7400999069213867,16732.0
2024-03-01 15:28:00,CRMD,3.6700000762939453,3.6700000762939453,3.6700000762939453,3.6649999618530273,3.6649999618530273,294.0
2024-03-01 15:28:00,CRNX,45.9375,45.9375,45.994998931884766,45.9375,45.994998931884766,3186.0
2024-03-01 15:28:00,CRON,2.0299999713897705,2.0299999713897705,2.0299999713897705,2.0201001167297363,2.0299999713897705,7730.0
2024-03-01 15:28:00,CRSP,84.66000366210938,84.66000366210938,84.73999786376953,84.66000366210938,84.69000244140625,2006.0
2024-03-01 15:28:00,CSBR,5.590000152587891,5.590000152587891,5.590000152587891,5.590000152587891,5.590000152587891,128.0
2024-03-01 15:28:00,CTKB,9.020000457763672,9.020000457763672,9.029000282287598,9.020000457763672,9.024999618530273,4485.0
2024-03-01 15:28:00,CTMX,2.549999952316284,2.549999952316284,2.549999952316284,2.5450000762939453,2.5450000762939453,3633.0
2024-03-01 15:28:00,CTXR,0.772350013256073,0.772350013256073,0.772350013256073,0.772350013256073,0.772350013256073,301.0
2024-03-01 15:28:00,CUTR,2.3949999809265137,2.3949999809265137,2.3949999809265137,2.3949999809265137,2.3949999809265137,100.0
2024-03-01 15:28:00,CVRX,20.735000610351562,20.735000610351562,20.739999771118164,20.735000610351562,20.739999771118164,1208.0
2024-03-01 15:28:00,CYT,3.0999999046325684,3.0999999046325684,3.109999895095825,3.0999999046325684,3.109999895095825,989.0
2024-03-01 15:28:00,CYTK,73.94499969482422,73.94499969482422,73.94999694824219,73.88999938964844,73.93499755859375,2856.0
2024-03-01 15:28:00,DARE,0.5598989725112915,0.5598989725112915,0.5598989725112915,0.5598989725112915,0.5598989725112915,252.0
2024-03-01 15:28:00,DAWN,17.610000610351562,17.610000610351562,17.610000610351562,17.600000381469727,17.604999542236328,1753.0
2024-03-01 15:28:00,DBVT,0.8275499939918518,0.8275499939918518,0.8275499939918518,0.8275499939918518,0.8275499939918518,200.0
2024-03-01 15:28:00,DCGO,4.085000038146973,4.085000038146973,4.089000225067139,4.065000057220459,4.068999767303467,12724.0
2024-03-01 15:28:00,DCPH,17.530000686645508,17.530000686645508,17.530000686645508,17.530000686645508,17.530000686645508,290.0
2024-03-01 15:28:00,DERM,4.070000171661377,4.070000171661377,4.070000171661377,4.050000190734863,4.050000190734863,1013.0
2024-03-01 15:28:00,DH,8.800000190734863,8.800000190734863,8.8100004196167,8.800000190734863,8.800000190734863,686.0
2024-03-01 15:28:00,DMTK,0.8349999785423279,0.8349999785423279,0.8349999785423279,0.8349999785423279,0.8349999785423279,1000.0
2024-03-01 15:28:00,DNLI,21.110000610351562,21.110000610351562,21.135000228881836,21.110000610351562,21.135000228881836,3456.0
2024-03-01 15:28:00,DRUG,1.805299997329712,1.805299997329712,1.805299997329712,1.805299997329712,1.805299997329712,200.0
2024-03-01 15:28:00,DTIL,12.619999885559082,12.619999885559082,12.675000190734863,12.619999885559082,12.675000190734863,351.0
2024-03-01 15:28:00,DVAX,12.795000076293945,12.795000076293945,12.800000190734863,12.78499984741211,12.800000190734863,9082.0
2024-03-01 15:28:00,DXCM,121.06999969482422,121.06999969482422,121.11000061035156,121.02999877929688,121.11000061035156,8963.0
2024-03-01 15:28:00,DYN,29.1200008392334,29.1200008392334,29.149999618530273,29.110000610351562,29.1299991607666,1874.0
2024-03-01 15:28:00,EDIT,10.765000343322754,10.765000343322754,10.795000076293945,10.765000343322754,10.79010009765625,7002.0
2024-03-01 15:28:00,EFTR,16.40250015258789,16.40250015258789,16.450000762939453,16.40250015258789,16.450000762939453,844.0
2024-03-01 15:28:00,EGRX,6.579999923706055,6.579999923706055,6.579999923706055,6.579999923706055,6.579999923706055,856.0
2024-03-01 15:28:00,EKSO,2.0,2.0,2.0,1.9952000379562378,2.0,1329.0
2024-03-01 15:28:00,ELEV,5.059999942779541,5.059999942779541,5.070000171661377,5.03000020980835,5.050000190734863,2822.0
2024-03-01 15:28:00,EMBC,14.295000076293945,14.295000076293945,14.295000076293945,14.295000076293945,14.295000076293945,458.0
2024-03-01 15:28:00,ENSG,121.45999908447266,121.45999908447266,121.45999908447266,121.45999908447266,121.45999908447266,334.0
2024-03-01 15:28:00,ENTA,15.645000457763672,15.645000457763672,15.680000305175781,15.645000457763672,15.680000305175781,323.0
2024-03-01 15:28:00,ENTX,1.399999976158142,1.399999976158142,1.399999976158142,1.399999976158142,1.399999976158142,294.0
2024-03-01 15:28:00,ENVB,1.5399999618530273,1.5399999618530273,1.5399999618530273,1.5200999975204468,1.5200999975204468,585.0
2024-03-01 15:28:00,EOLS,14.897600173950195,14.897600173950195,14.897600173950195,14.887900352478027,14.887900352478027,666.0
2024-03-01 15:28:00,EPIX,9.539999961853027,9.539999961853027,9.539999961853027,9.539999961853027,9.539999961853027,100.0
2024-03-01 15:28:00,ERAS,2.609999895095825,2.609999895095825,2.609999895095825,2.5950000286102295,2.5950000286102295,11227.0
2024-03-01 15:28:00,ESPR,2.559999942779541,2.559999942779541,2.559999942779541,2.5529000759124756,2.555000066757202,8599.0
2024-03-01 15:28:00,ETNB,12.702400207519531,12.702400207519531,12.710000038146973,12.6899995803833,12.699999809265137,3720.0
2024-03-01 15:28:00,ETON,4.46150016784668,4.46150016784668,4.476900100708008,4.46150016784668,4.47189998626709,911.0
2024-03-01 15:28:00,EVAX,3.4200000762939453,3.4200000762939453,3.4200000762939453,3.4200000762939453,3.4200000762939453,724.0
2024-03-01 15:28:00,EVO,7.5,7.5,7.5,7.5,7.5,110.0
2024-03-01 15:28:00,EWTX,16.850000381469727,16.850000381469727,16.860000610351562,16.850000381469727,16.860000610351562,1287.0
2024-03-01 15:28:00,EXAI,6.550000190734863,6.550000190734863,6.550000190734863,6.545000076293945,6.545000076293945,400.0
2024-03-01 15:28:00,EXAS,59.459999084472656,59.459999084472656,59.494998931884766,59.40999984741211,59.494998931884766,3268.0
2024-03-01 15:28:00,EXEL,22.2450008392334,22.2450008392334,22.2549991607666,22.239999771118164,22.25,12177.0
2024-03-01 15:28:00,EYEN,2.390000104904175,2.390000104904175,2.390000104904175,2.3717000484466553,2.3717000484466553,4176.0
2024-03-01 15:28:00,EYPT,28.0,28.0,28.030000686645508,27.9950008392334,28.010000228881836,3988.0
2024-03-01 15:28:00,FATE,7.735000133514404,7.735000133514404,7.735000133514404,7.724999904632568,7.730000019073486,4859.0
2024-03-01 15:28:00,FDMT,29.469999313354492,29.469999313354492,29.469999313354492,29.469999313354492,29.469999313354492,465.0
2024-03-01 15:28:00,FEMY,1.809999942779541,1.809999942779541,1.809999942779541,1.809999942779541,1.809999942779541,243.0
2024-03-01 15:28:00,FGEN,1.8250000476837158,1.8250000476837158,1.8250000476837158,1.8250000476837158,1.8250000476837158,348.0
2024-03-01 15:28:00,FLGT,23.139999389648438,23.139999389648438,23.139999389648438,23.139999389648438,23.139999389648438,592.0
2024-03-01 15:28:00,FOLD,13.3100004196167,13.3100004196167,13.3100004196167,13.295000076293945,13.300000190734863,10568.0
2024-03-01 15:28:00,FULC,10.960000038146973,10.960000038146973,11.010000228881836,10.949999809265137,10.994999885559082,4583.0
2024-03-01 15:28:00,FUSN,12.270000457763672,12.270000457763672,12.270000457763672,12.244999885559082,12.244999885559082,2293.0
2024-03-01 15:28:00,GANX,4.639999866485596,4.639999866485596,4.639999866485596,4.639999866485596,4.639999866485596,160.0
2024-03-01 15:28:00,GDRX,8.425000190734863,8.425000190734863,8.430000305175781,8.399999618530273,8.40999984741211,11303.0
2024-03-01 15:28:00,GERN,2.255000114440918,2.255000114440918,2.259999990463257,2.253999948501587,2.2599000930786133,21596.0
2024-03-01 15:28:00,GH,19.024999618530273,19.024999618530273,19.049999237060547,19.020999908447266,19.049999237060547,3532.0
2024-03-01 15:28:00,GILD,72.5250015258789,72.5250015258789,72.52999877929688,72.5,72.51499938964844,16319.0
2024-03-01 15:28:00,GLYC,3.009999990463257,3.009999990463257,3.009999990463257,2.9800000190734863,3.0,8179.0
2024-03-01 15:28:00,GMAB,29.3700008392334,29.3700008392334,29.3799991607666,29.3700008392334,29.3799991607666,1833.0
2024-03-01 15:28:00,GOSS,1.3949999809265137,1.3949999809265137,1.3949999809265137,1.3949999809265137,1.3949999809265137,431.0
2024-03-01 15:28:00,GRFS,7.014999866485596,7.014999866485596,7.019999980926514,7.010000228881836,7.019999980926514,1523.0
2024-03-01 15:28:00,GRPH,3.365000009536743,3.365000009536743,3.369999885559082,3.359999895095825,3.359999895095825,2440.0
2024-03-01 15:28:00,GRTS,2.0199999809265137,2.0199999809265137,2.026700019836426,2.0199999809265137,2.0250000953674316,3683.0
2024-03-01 15:28:00,GTHX,3.7699999809265137,3.7699999809265137,3.7699999809265137,3.759999990463257,3.759999990463257,1976.0
2024-03-01 15:28:00,HALO,40.970001220703125,40.970001220703125,41.040000915527344,40.95100021362305,41.02000045776367,5637.0
2024-03-01 15:28:00,HARP,22.940000534057617,22.940000534057617,22.940000534057617,22.940000534057617,22.940000534057617,130.0
2024-03-01 15:28:00,HCAT,8.095000267028809,8.095000267028809,8.104999542236328,8.09000015258789,8.100000381469727,4635.0
2024-03-01 15:28:00,HCSG,12.819999694824219,12.819999694824219,12.845000267028809,12.819999694824219,12.845000267028809,13897.0
2024-03-01 15:28:00,HCTI,2.0299999713897705,2.0299999713897705,2.0462000370025635,2.0199999809265137,2.0299999713897705,4616.0
2024-03-01 15:28:00,HLTH,0.2695859968662262,0.2695859968662262,0.2695859968662262,0.2695859968662262,0.2695859968662262,291.0
2024-03-01 15:28:00,HOLX,74.12000274658203,74.12000274658203,74.13500213623047,74.12000274658203,74.13500213623047,615.0
2024-03-01 15:28:00,HOWL,7.059999942779541,7.059999942779541,7.059999942779541,7.050000190734863,7.050000190734863,505.0
2024-03-01 15:28:00,HRMY,31.809999465942383,31.809999465942383,31.84000015258789,31.809999465942383,31.84000015258789,1871.0
2024-03-01 15:28:00,HROW,10.930000305175781,10.930000305175781,10.930000305175781,10.920000076293945,10.920000076293945,728.0
2024-03-01 15:28:00,HRTX,2.5899999141693115,2.5899999141693115,2.5929999351501465,2.5899999141693115,2.5899999141693115,1208.0
2024-03-01 15:28:00,HSIC,76.93000030517578,76.93000030517578,76.94000244140625,76.9209976196289,76.93000030517578,3025.0
2024-03-01 15:28:00,HUMA,3.259999990463257,3.259999990463257,3.2699999809265137,3.259999990463257,3.259999990463257,5759.0
2024-03-01 15:28:00,IART,36.11000061035156,36.11000061035156,36.150001525878906,36.11000061035156,36.150001525878906,2477.0
2024-03-01 15:28:00,IBRX,4.795000076293945,4.795000076293945,4.804999828338623,4.789999961853027,4.804999828338623,3581.0
2024-03-01 15:28:00,ICLR,325.1650085449219,325.1650085449219,325.1650085449219,325.0249938964844,325.0249938964844,261.0
2024-03-01 15:28:00,ICUI,106.05999755859375,106.05999755859375,106.05999755859375,106.05999755859375,106.05999755859375,513.0
2024-03-01 15:28:00,IDXX,578.8400268554688,578.8400268554688,578.8400268554688,578.8005981445312,578.8005981445312,638.0
2024-03-01 15:28:00,IDYA,46.41999816894531,46.41999816894531,46.470001220703125,46.41999816894531,46.41999816894531,1915.0
2024-03-01 15:28:00,IFRX,1.7899999618530273,1.7899999618530273,1.7899999618530273,1.7899999618530273,1.7899999618530273,154.0
2024-03-01 15:28:00,IKNA,1.4700000286102295,1.4700000286102295,1.4708000421524048,1.4600000381469727,1.4708000421524048,1685.0
2024-03-01 15:28:00,ILMN,140.92999267578125,140.92999267578125,141.05999755859375,140.8249969482422,141.0399932861328,7531.0
2024-03-01 15:28:00,IMAB,1.7999999523162842,1.7999999523162842,1.7999999523162842,1.7999999523162842,1.7999999523162842,138.0
2024-03-01 15:28:00,IMCR,67.95999908447266,67.95999908447266,67.97000122070312,67.91000366210938,67.91000366210938,907.0
2024-03-01 15:28:00,IMMX,3.4649999141693115,3.4649999141693115,3.4649999141693115,3.4649999141693115,3.4649999141693115,301.0
2024-03-01 15:28:00,IMNM,25.389999389648438,25.389999389648438,25.440000534057617,25.389999389648438,25.420000076293945,1649.0
2024-03-01 15:28:00,IMTX,12.899999618530273,12.899999618530273,12.899999618530273,12.899999618530273,12.899999618530273,226.0
2024-03-01 15:28:00,IMUX,1.4500000476837158,1.4500000476837158,1.4600000381469727,1.4500000476837158,1.4600000381469727,8822.0
2024-03-01 15:28:00,IMVT,35.66999816894531,35.66999816894531,35.689998626708984,35.6510009765625,35.689998626708984,2268.0
2024-03-01 15:28:00,INBX,36.54999923706055,36.54999923706055,36.55500030517578,36.54999923706055,36.55500030517578,941.0
2024-03-01 15:28:00,INCY,59.060001373291016,59.060001373291016,59.09000015258789,59.040000915527344,59.09000015258789,4395.0
2024-03-01 15:28:00,INGN,6.880000114440918,6.880000114440918,6.880000114440918,6.880000114440918,6.880000114440918,587.0
2024-03-01 15:28:00,INMB,12.404999732971191,12.404999732971191,12.404999732971191,12.404999732971191,12.404999732971191,110.0
2024-03-01 15:28:00,INMD,22.885000228881836,22.885000228881836,22.920000076293945,22.8799991607666,22.920000076293945,4136.0
2024-03-01 15:28:00,INO,9.59000015258789,9.59000015258789,9.59000015258789,9.59000015258789,9.59000015258789,456.0
2024-03-01 15:28:00,INSM,28.06999969482422,28.06999969482422,28.079999923706055,28.05500030517578,28.079999923706055,3066.0
2024-03-01 15:28:00,INZY,6.565000057220459,6.565000057220459,6.570000171661377,6.565000057220459,6.570000171661377,760.0
2024-03-01 15:28:00,IONM,0.3698999881744385,0.3698999881744385,0.3698999881744385,0.3698999881744385,0.3698999881744385,100.0
2024-03-01 15:28:00,IONS,45.53499984741211,45.53499984741211,45.59000015258789,45.52000045776367,45.59000015258789,3809.0
2024-03-01 15:28:00,IOVA,16.915000915527344,16.915000915527344,16.93000030517578,16.90999984741211,16.93000030517578,8651.0
2024-03-01 15:28:00,IPSC,3.950000047683716,3.950000047683716,3.950000047683716,3.950000047683716,3.950000047683716,502.0
2024-03-01 15:28:00,IRIX,2.6500000953674316,2.6500000953674316,2.6500000953674316,2.6500000953674316,2.6500000953674316,204.0
2024-03-01 15:28:00,IRMD,41.5099983215332,41.5099983215332,41.5099983215332,41.5099983215332,41.5099983215332,136.0
2024-03-01 15:28:00,IRWD,8.904999732971191,8.904999732971191,8.904999732971191,8.890000343322754,8.899999618530273,74265.0
2024-03-01 15:28:00,ISRG,398.2650146484375,398.2650146484375,398.2699890136719,398.1000061035156,398.17999267578125,5416.0
2024-03-01 15:28:00,ITCI,72.25,72.25,72.25,72.24500274658203,72.24500274658203,242.0
2024-03-01 15:28:00,ITOS,11.180000305175781,11.180000305175781,11.180000305175781,11.180000305175781,11.180000305175781,695.0
2024-03-01 15:28:00,IVA,3.9200000762939453,3.9200000762939453,3.9200000762939453,3.9200000762939453,3.9200000762939453,100.0
2024-03-01 15:28:00,JAGX,0.08139999955892563,0.08139999955892563,0.08250000327825546,0.08100000023841858,0.08250000327825546,112463.0
2024-03-01 15:28:00,JANX,46.08000183105469,46.08000183105469,46.08000183105469,46.02000045776367,46.02000045776367,417.0
2024-03-01 15:28:00,JAZZ,119.05000305175781,119.05000305175781,119.1500015258789,119.05000305175781,119.13009643554688,2819.0
2024-03-01 15:28:00,JYNT,9.96500015258789,9.96500015258789,9.96500015258789,9.960000038146973,9.960000038146973,300.0
2024-03-01 15:28:00,KALV,14.09000015258789,14.09000015258789,14.100000381469727,14.09000015258789,14.09000015258789,401.0
2024-03-01 15:28:00,KNSA,21.899999618530273,21.899999618530273,21.915000915527344,21.899999618530273,21.915000915527344,433.0
2024-03-01 15:28:00,KNTE,2.5950000286102295,2.5950000286102295,2.5999999046325684,2.5899999141693115,2.5999999046325684,4171.0
2024-03-01 15:28:00,KOD,6.005000114440918,6.005000114440918,6.025000095367432,6.0,6.025000095367432,1854.0
2024-03-01 15:28:00,KPTI,1.2000000476837158,1.2000000476837158,1.2000000476837158,1.2000000476837158,1.2000000476837158,159.0
2024-03-01 15:28:00,KRTX,315.82501220703125,315.82501220703125,315.82501220703125,315.82501220703125,315.82501220703125,292.0
2024-03-01 15:28:00,KRYS,168.66000366210938,168.66000366210938,168.66000366210938,168.52999877929688,168.52999877929688,492.0
2024-03-01 15:28:00,KTRA,0.10249999910593033,0.10249999910593033,0.10249999910593033,0.10199999809265137,0.10199999809265137,47976.0
2024-03-01 15:28:00,KURA,21.690000534057617,21.690000534057617,21.700000762939453,21.690000534057617,21.700000762939453,858.0
2024-03-01 15:28:00,KYMR,43.71500015258789,43.71500015258789,43.880001068115234,43.709999084472656,43.875,4689.0
2024-03-01 15:28:00,KZR,1.034999966621399,1.034999966621399,1.034999966621399,1.0299999713897705,1.034999966621399,1630.0
2024-03-01 15:28:00,LAB,2.4600000381469727,2.4600000381469727,2.4600000381469727,2.4600000381469727,2.4600000381469727,112.0
2024-03-01 15:28:00,LBPH,21.600000381469727,21.600000381469727,21.600000381469727,21.600000381469727,21.600000381469727,810.0
2024-03-01 15:28:00,LEGN,65.54399871826172,65.54399871826172,65.62999725341797,65.54399871826172,65.62999725341797,3925.0
2024-03-01 15:28:00,LEXX,2.799999952316284,2.799999952316284,2.799999952316284,2.799999952316284,2.799999952316284,100.0
2024-03-01 15:28:00,LFMD,7.960000038146973,7.960000038146973,8.0,7.960000038146973,8.0,10190.0
2024-03-01 15:28:00,LFST,7.775000095367432,7.775000095367432,7.784999847412109,7.769999980926514,7.775000095367432,10553.0
2024-03-01 15:28:00,LGND,77.33000183105469,77.33000183105469,77.33000183105469,77.33000183105469,77.33000183105469,732.0
2024-03-01 15:28:00,LGVN,0.5310999751091003,0.5310999751091003,0.5310999751091003,0.5310999751091003,0.5310999751091003,3280.0
2024-03-01 15:28:00,LIVN,55.4541015625,55.4541015625,55.4541015625,55.45000076293945,55.45000076293945,299.0
2024-03-01 15:28:00,LMAT,68.11000061035156,68.11000061035156,68.11000061035156,68.11000061035156,68.11000061035156,264.0
2024-03-01 15:28:00,LNTH,64.37999725341797,64.37999725341797,64.38999938964844,64.37999725341797,64.38999938964844,1844.0
2024-03-01 15:28:00,LQDA,14.595000267028809,14.595000267028809,14.595000267028809,14.59000015258789,14.595000267028809,2423.0
2024-03-01 15:28:00,LTRN,4.190000057220459,4.190000057220459,4.239999771118164,4.190000057220459,4.190000057220459,4244.0
2024-03-01 15:28:00,LUCD,1.2400000095367432,1.2400000095367432,1.2400000095367432,1.2400000095367432,1.2400000095367432,682.0
2024-03-01 15:28:00,LUNG,9.390000343322754,9.390000343322754,9.390000343322754,9.390000343322754,9.390000343322754,1099.0
2024-03-01 15:28:00,LVTX,2.6898999214172363,2.6898999214172363,2.6898999214172363,2.6898999214172363,2.6898999214172363,245.0
2024-03-01 15:28:00,LXRX,2.484999895095825,2.484999895095825,2.484999895095825,2.4800000190734863,2.4800000190734863,414.0
2024-03-01 15:28:00,LYEL,3.129699945449829,3.129699945449829,3.130000114440918,3.129699945449829,3.130000114440918,203.0
2024-03-01 15:28:00,LYRA,5.650000095367432,5.650000095367432,5.650000095367432,5.650000095367432,5.650000095367432,727.0
2024-03-01 15:28:00,MASI,127.77999877929688,127.77999877929688,127.77999877929688,127.77999877929688,127.77999877929688,305.0
2024-03-01 15:28:00,MBRX,0.6298999786376953,0.6298999786376953,0.6298999786376953,0.6298999786376953,0.6298999786376953,251.0
2024-03-01 15:28:00,MCRB,1.2200000286102295,1.2200000286102295,1.2300000190734863,1.2200000286102295,1.2200000286102295,1905.0
2024-03-01 15:28:00,MDGL,250.3000030517578,250.3000030517578,250.3000030517578,250.3000030517578,250.3000030517578,271.0
2024-03-01 15:28:00,MDRX,6.0,6.0,6.050000190734863,6.0,6.050000190734863,246903.0
2024-03-01 15:28:00,MDXG,8.59000015258789,8.59000015258789,8.59000015258789,8.579999923706055,8.585000038146973,983.0
2024-03-01 15:28:00,ME,0.5516999959945679,0.5516999959945679,0.551800012588501,0.5514000058174133,0.5516999959945679,11485.0
2024-03-01 15:28:00,MEDS,9.118300437927246,9.118300437927246,9.118300437927246,9.118300437927246,9.118300437927246,155.0
2024-03-01 15:28:00,MEIP,4.289999961853027,4.289999961853027,4.289999961853027,4.269999980926514,4.269999980926514,820.0
2024-03-01 15:28:00,MGNX,18.742000579833984,18.742000579833984,18.7450008392334,18.739999771118164,18.7450008392334,1219.0
2024-03-01 15:28:00,MHUA,0.6887120008468628,0.6887120008468628,0.6887120008468628,0.6854000091552734,0.6854000091552734,400.0
2024-03-01 15:28:00,MLTX,50.79999923706055,50.79999923706055,50.810001373291016,50.73500061035156,50.73500061035156,378.0
2024-03-01 15:28:00,MMSI,76.19999694824219,76.19999694824219,76.19999694824219,76.08000183105469,76.0999984741211,2773.0
2024-03-01 15:28:00,MNKD,4.534999847412109,4.534999847412109,4.539999961853027,4.534999847412109,4.539999961853027,7567.0
2024-03-01 15:28:00,MNMD,6.161399841308594,6.161399841308594,6.164999961853027,6.161399841308594,6.164999961853027,1004.0
2024-03-01 15:28:00,MNPR,0.9100000262260437,0.9100000262260437,0.9100000262260437,0.9100000262260437,0.9100000262260437,700.0
2024-03-01 15:28:00,MODD,1.909999966621399,1.909999966621399,1.909999966621399,1.8799999952316284,1.8949999809265137,754.0
2024-03-01 15:28:00,MODV,28.200000762939453,28.200000762939453,28.209999084472656,28.200000762939453,28.209999084472656,404.0
2024-03-01 15:28:00,MOR,17.68000030517578,17.68000030517578,17.690000534057617,17.670000076293945,17.670000076293945,958.0
2024-03-01 15:28:00,MORF,39.595001220703125,39.595001220703125,39.625,39.595001220703125,39.61000061035156,1938.0
2024-03-01 15:28:00,MOTS,0.6552000045776367,0.6552000045776367,0.6552000045776367,0.6552000045776367,0.6552000045776367,238.0
2024-03-01 15:28:00,MREO,3.95989990234375,3.95989990234375,3.9649999141693115,3.950000047683716,3.950000047683716,8251.0
2024-03-01 15:28:00,MRNA,95.69000244140625,95.69000244140625,95.69000244140625,95.61280059814453,95.67859649658203,8942.0
2024-03-01 15:28:00,MRNS,9.979999542236328,9.979999542236328,9.989999771118164,9.979999542236328,9.989999771118164,1515.0
2024-03-01 15:28:00,MRSN,5.960000038146973,5.960000038146973,5.965000152587891,5.920000076293945,5.925000190734863,10187.0
2024-03-01 15:28:00,MRUS,51.5099983215332,51.5099983215332,51.52000045776367,51.470001220703125,51.4900016784668,1879.0
2024-03-01 15:28:00,MRVI,7.675000190734863,7.675000190734863,7.675000190734863,7.670000076293945,7.675000190734863,2079.0
2024-03-01 15:28:00,MXCT,4.730000019073486,4.730000019073486,4.735000133514404,4.730000019073486,4.735000133514404,3160.0
2024-03-01 15:28:00,MYGN,21.959999084472656,21.959999084472656,21.969999313354492,21.959999084472656,21.969999313354492,926.0
2024-03-01 15:28:00,NARI,45.8650016784668,45.8650016784668,45.900001525878906,45.86000061035156,45.900001525878906,3500.0
2024-03-01 15:28:00,NBIX,131.8699951171875,131.8699951171875,131.8699951171875,131.7949981689453,131.82000732421875,3483.0
2024-03-01 15:28:00,NEO,15.90999984741211,15.90999984741211,15.90999984741211,15.789999961853027,15.84000015258789,15848.0
2024-03-01 15:28:00,NEOG,17.280000686645508,17.280000686645508,17.28499984741211,17.280000686645508,17.280000686645508,1280.0
2024-03-01 15:28:00,NGM,1.5199999809265137,1.5199999809265137,1.5199999809265137,1.5199999809265137,1.5199999809265137,615.0
2024-03-01 15:28:00,NKTX,12.670000076293945,12.670000076293945,12.6899995803833,12.662199974060059,12.662199974060059,2290.0
2024-03-01 15:28:00,NMTC,1.225000023841858,1.225000023841858,1.225000023841858,1.225000023841858,1.225000023841858,1640.0
2024-03-01 15:28:00,NNOX,10.960000038146973,10.960000038146973,10.961000442504883,10.941800117492676,10.961000442504883,4077.0
2024-03-01 15:28:00,NOTV,8.0,8.0,8.0,7.980000019073486,7.980000019073486,300.0
2024-03-01 15:28:00,NPCE,16.075000762939453,16.075000762939453,16.075000762939453,16.030000686645508,16.030000686645508,343.0
2024-03-01 15:28:00,NRBO,6.050099849700928,6.050099849700928,6.150000095367432,6.050099849700928,6.122000217437744,4074.0
2024-03-01 15:28:00,NRC,40.51499938964844,40.51499938964844,40.51499938964844,40.51499938964844,40.51499938964844,387.0
2024-03-01 15:28:00,NRIX,13.491999626159668,13.491999626159668,13.520000457763672,13.491999626159668,13.5,2743.0
2024-03-01 15:28:00,NRSN,2.0,2.0,2.0,2.0,2.0,1058.0
2024-03-01 15:28:00,NRXP,0.430649995803833,0.430649995803833,0.4311999976634979,0.430649995803833,0.4309000074863434,72434.0
2024-03-01 15:28:00,NTLA,33.21689987182617,33.21689987182617,33.265499114990234,33.150001525878906,33.265499114990234,12090.0
2024-03-01 15:28:00,NTRA,89.66000366210938,89.66000366210938,89.7300033569336,89.62999725341797,89.7300033569336,4684.0
2024-03-01 15:28:00,NUTX,0.1137000024318695,0.1137000024318695,0.1137000024318695,0.1137000024318695,0.1137000024318695,1023.0
2024-03-01 15:28:00,NUVL,87.3499984741211,87.3499984741211,87.37000274658203,87.3499984741211,87.37000274658203,1334.0
2024-03-01 15:28:00,NUWE,0.5870000123977661,0.5870000123977661,0.5870000123977661,0.5870000123977661,0.5870000123977661,160.0
2024-03-01 15:28:00,NVAX,5.425000190734863,5.425000190734863,5.429999828338623,5.420000076293945,5.425000190734863,67596.0
2024-03-01 15:28:00,NVCR,16.114999771118164,16.114999771118164,16.1200008392334,16.100000381469727,16.1200008392334,2440.0
2024-03-01 15:28:00,NVNO,6.434999942779541,6.434999942779541,6.434999942779541,6.434999942779541,6.434999942779541,119.0
2024-03-01 15:28:00,NXTC,1.7699999809265137,1.7699999809265137,1.7699999809265137,1.7699999809265137,1.7699999809265137,105.0
2024-03-01 15:28:00,OCGN,0.9509000182151794,0.9509000182151794,0.9531499743461609,0.9509000182151794,0.9531499743461609,2122.0
2024-03-01 15:28:00,OCUL,10.600000381469727,10.600000381469727,10.625,10.600000381469727,10.625,3630.0
2024-03-01 15:28:00,OFIX,12.890000343322754,12.890000343322754,12.890000343322754,12.890000343322754,12.890000343322754,813.0
2024-03-01 15:28:00,OGI,2.159899950027466,2.159899950027466,2.1600000858306885,2.159899950027466,2.1600000858306885,1967.0
2024-03-01 15:28:00,OLK,22.9950008392334,22.9950008392334,23.0,22.9950008392334,23.0,2859.0
2024-03-01 15:28:00,OLMA,14.895000457763672,14.895000457763672,14.895000457763672,14.875,14.880000114440918,2665.0
2024-03-01 15:28:00,OM,3.1050000190734863,3.1050000190734863,3.130000114440918,3.1050000190734863,3.130000114440918,5378.0
2024-03-01 15:28:00,OMCL,26.219999313354492,26.219999313354492,26.219999313354492,26.200000762939453,26.200000762939453,659.0
2024-03-01 15:28:00,OMER,4.820000171661377,4.820000171661377,4.820000171661377,4.820000171661377,4.820000171661377,702.0
2024-03-01 15:28:00,ONCY,1.1117000579833984,1.1117000579833984,1.120300054550171,1.1117000579833984,1.120300054550171,8271.0
2024-03-01 15:28:00,ONVO,1.0299999713897705,1.0299999713897705,1.0399999618530273,1.0299999713897705,1.0299999713897705,1104.0
2024-03-01 15:29:00,ABCL,5.074999809265137,5.074999809265137,5.074999809265137,5.070000171661377,5.070000171661377,1637.0
2024-03-01 15:29:00,ABEO,7.79040002822876,7.79040002822876,7.7906999588012695,7.79040002822876,7.7906999588012695,676.0
2024-03-01 15:29:00,ABSI,5.514999866485596,5.514999866485596,5.515200138092041,5.510000228881836,5.510000228881836,1262.0
2024-03-01 15:29:00,ABUS,2.7850000858306885,2.7850000858306885,2.7850000858306885,2.7799999713897705,2.7799999713897705,467.0
2024-03-01 15:29:00,ACAD,24.1200008392334,24.1200008392334,24.170000076293945,24.114999771118164,24.170000076293945,7379.0
2024-03-01 15:29:00,ACB,3.184999942779541,3.184999942779541,3.184999942779541,3.184999942779541,3.184999942779541,309.0
2024-03-01 15:29:00,ACCD,10.03499984741211,10.03499984741211,10.03499984741211,10.03499984741211,10.03499984741211,419.0
2024-03-01 15:29:00,ACET,2.390000104904175,2.390000104904175,2.390000104904175,2.384999990463257,2.384999990463257,306.0
2024-03-01 15:29:00,ACIU,3.8299999237060547,3.8299999237060547,3.8299999237060547,3.8299999237060547,3.8299999237060547,103.0
2024-03-01 15:29:00,ACLX,67.4800033569336,67.4800033569336,67.4800033569336,67.4800033569336,67.4800033569336,693.0
2024-03-01 15:29:00,ACRS,1.225000023841858,1.225000023841858,1.225000023841858,1.2200000286102295,1.225000023841858,12664.0
2024-03-01 15:29:00,ADIL,3.0399999618530273,3.0399999618530273,3.0799999237060547,3.030100107192993,3.0799999237060547,11074.0
2024-03-01 15:29:00,ADMA,5.525000095367432,5.525000095367432,5.53000020980835,5.519999980926514,5.525000095367432,3865.0
2024-03-01 15:29:00,ADPT,4.050000190734863,4.050000190734863,4.054999828338623,4.050000190734863,4.050000190734863,923.0
2024-03-01 15:29:00,ADVM,1.940000057220459,1.940000057220459,1.9450000524520874,1.940000057220459,1.940000057220459,1700.0
2024-03-01 15:29:00,AGEN,0.6700500249862671,0.6700500249862671,0.6700999736785889,0.6700000166893005,0.6700500249862671,6082.0
2024-03-01 15:29:00,AGIO,32.314998626708984,32.314998626708984,32.349998474121094,32.314998626708984,32.349998474121094,1120.0
2024-03-01 15:29:00,AHCO,10.484999656677246,10.484999656677246,10.494999885559082,10.484999656677246,10.494999885559082,5218.0
2024-03-01 15:29:00,AKBA,1.6799999475479126,1.6799999475479126,1.6898000240325928,1.6799999475479126,1.684999942779541,31070.0
2024-03-01 15:29:00,AKLI,0.3531000018119812,0.3531000018119812,0.3531000018119812,0.35109999775886536,0.35109999775886536,677.0
2024-03-01 15:29:00,AKRO,28.5,28.5,28.53499984741211,28.440000534057617,28.459999084472656,4236.0
2024-03-01 15:29:00,ALDX,4.230000019073486,4.230000019073486,4.230000019073486,4.224999904632568,4.228799819946289,556.0
2024-03-01 15:29:00,ALEC,7.369999885559082,7.369999885559082,7.369999885559082,7.349999904632568,7.349999904632568,911.0
2024-03-01 15:29:00,ALGN,302.19000244140625,302.19000244140625,302.25,302.19000244140625,302.239990234375,1069.0
2024-03-01 15:29:00,ALHC,5.565000057220459,5.565000057220459,5.570000171661377,5.550000190734863,5.550000190734863,5260.0
2024-03-01 15:29:00,ALKS,30.18000030517578,30.18000030517578,30.18000030517578,30.165000915527344,30.170000076293945,7177.0
2024-03-01 15:29:00,ALLK,1.659999966621399,1.659999966621399,1.659999966621399,1.6549999713897705,1.659999966621399,1737.0
2024-03-01 15:29:00,ALLO,4.929999828338623,4.929999828338623,4.929999828338623,4.929999828338623,4.929999828338623,968.0
2024-03-01 15:29:00,ALNY,152.80499267578125,152.80499267578125,152.80499267578125,152.80499267578125,152.80499267578125,538.0
2024-03-01 15:29:00,ALPN,35.90999984741211,35.90999984741211,35.93000030517578,35.90999984741211,35.90999984741211,2285.0
2024-03-01 15:29:00,ALT,12.1899995803833,12.1899995803833,12.196200370788574,12.18589973449707,12.18589973449707,6304.0
2024-03-01 15:29:00,ALVR,0.7512000203132629,0.7512000203132629,0.7512000203132629,0.7505999803543091,0.7508999705314636,2948.0
2024-03-01 15:29:00,ALXO,15.0,15.0,15.010000228881836,15.0,15.0,5572.0
2024-03-01 15:29:00,ALZN,0.9179999828338623,0.9179999828338623,0.9179999828338623,0.9179999828338623,0.9179999828338623,452.0
2024-03-01 15:29:00,AMED,93.33999633789062,93.33999633789062,93.33999633789062,93.33999633789062,93.33999633789062,104.0
2024-03-01 15:29:00,AMGN,280.8900146484375,280.8900146484375,280.92999267578125,280.82000732421875,280.82000732421875,12137.0
2024-03-01 15:29:00,AMLX,18.7549991607666,18.7549991607666,18.7549991607666,18.735000610351562,18.735000610351562,3874.0
2024-03-01 15:29:00,AMPH,45.790000915527344,45.790000915527344,45.79999923706055,45.7599983215332,45.79999923706055,3626.0
2024-03-01 15:29:00,AMRN,1.0499999523162842,1.0499999523162842,1.0599000453948975,1.0499999523162842,1.0549999475479126,6318.0
2024-03-01 15:29:00,ANIP,66.94000244140625,66.94000244140625,66.94000244140625,66.9000015258789,66.9000015258789,258.0
2024-03-01 15:29:00,ANNX,6.070000171661377,6.070000171661377,6.070000171661377,6.050000190734863,6.054999828338623,3982.0
2024-03-01 15:29:00,ANTX,3.0299999713897705,3.0299999713897705,3.0299999713897705,3.0299999713897705,3.0299999713897705,800.0
2024-03-01 15:29:00,APLS,64.5,64.5,64.5199966430664,64.48500061035156,64.48500061035156,1187.0
2024-03-01 15:29:00,APLT,7.059999942779541,7.059999942779541,7.059999942779541,7.039999961853027,7.050000190734863,1064.0
2024-03-01 15:29:00,AQST,4.130000114440918,4.130000114440918,4.130000114440918,4.090000152587891,4.09499979019165,26894.0
2024-03-01 15:29:00,ARAY,2.615000009536743,2.615000009536743,2.615000009536743,2.615000009536743,2.615000009536743,509.0
2024-03-01 15:29:00,ARDX,9.430000305175781,9.430000305175781,9.430000305175781,9.430000305175781,9.430000305175781,368.0
2024-03-01 15:29:00,ARGX,392.3999938964844,392.3999938964844,392.3999938964844,392.3800048828125,392.3800048828125,714.0
2024-03-01 15:29:00,ARQT,11.395000457763672,11.395000457763672,11.40999984741211,11.390000343322754,11.404999732971191,21563.0
2024-03-01 15:29:00,ARVN,47.78499984741211,47.78499984741211,47.790000915527344,47.66999816894531,47.709999084472656,8785.0
2024-03-01 15:29:00,ARWR,35.744998931884766,35.744998931884766,35.755001068115234,35.7400016784668,35.7400016784668,1264.0
2024-03-01 15:29:00,ASRT,0.890749990940094,0.890749990940094,0.8934999704360962,0.890749990940094,0.8934999704360962,2359.0
2024-03-01 15:29:00,ATAI,2.115000009536743,2.115000009536743,2.11680006980896,2.115000009536743,2.11680006980896,778.0
2024-03-01 15:29:00,ATEC,13.5,13.5,13.5,13.5,13.5,340.0
2024-03-01 15:29:00,ATRA,0.7851499915122986,0.7851499915122986,0.7851499915122986,0.7813000082969666,0.7813000082969666,501.0
2024-03-01 15:29:00,ATRC,36.18000030517578,36.18000030517578,36.18000030517578,36.150001525878906,36.150001525878906,1828.0
2024-03-01 15:29:00,AUGX,4.519999980926514,4.519999980926514,4.519999980926514,4.519999980926514,4.519999980926514,201.0
2024-03-01 15:29:00,AUPH,5.769999980926514,5.769999980926514,5.775000095367432,5.769999980926514,5.769999980926514,2976.0
2024-03-01 15:29:00,AVDL,13.414999961853027,13.414999961853027,13.414999961853027,13.404999732971191,13.404999732971191,8500.0
2024-03-01 15:29:00,AVIR,4.445000171661377,4.445000171661377,4.445000171661377,4.445000171661377,4.445000171661377,626.0
2024-03-01 15:29:00,AVXL,5.307499885559082,5.307499885559082,5.307499885559082,5.307499885559082,5.307499885559082,198.0
2024-03-01 15:29:00,AXNX,67.80999755859375,67.80999755859375,67.80999755859375,67.80999755859375,67.80999755859375,129.0
2024-03-01 15:29:00,AZN,64.63500213623047,64.63500213623047,64.63999938964844,64.63500213623047,64.63999938964844,5912.0
2024-03-01 15:29:00,AZTA,67.06500244140625,67.06500244140625,67.06500244140625,67.06500244140625,67.06500244140625,280.0
2024-03-01 15:29:00,BBLG,2.400099992752075,2.400099992752075,2.400099992752075,2.400099992752075,2.400099992752075,192.0
2024-03-01 15:29:00,BCAB,2.8350000381469727,2.8350000381469727,2.8350000381469727,2.8350000381469727,2.8350000381469727,331.0
2024-03-01 15:29:00,BCDA,0.5699999928474426,0.5699999928474426,0.5799000263214111,0.5600000023841858,0.578499972820282,17106.0
2024-03-01 15:29:00,BCRX,5.664999961853027,5.664999961853027,5.664999961853027,5.659999847412109,5.664999961853027,1914.0
2024-03-01 15:29:00,BCTX,3.5,3.5,3.5,3.5,3.5,2987.0
2024-03-01 15:29:00,BDSX,1.625,1.625,1.625,1.625,1.625,3284.0
2024-03-01 15:29:00,BDTX,4.704999923706055,4.704999923706055,4.704999923706055,4.704999923706055,4.704999923706055,255.0
2024-03-01 15:29:00,BEAM,39.880001068115234,39.880001068115234,39.880001068115234,39.85369873046875,39.85369873046875,1259.0
2024-03-01 15:29:00,BGNE,165.77999877929688,165.77999877929688,165.77999877929688,165.77999877929688,165.77999877929688,389.0
2024-03-01 15:29:00,BGXX,0.2612999975681305,0.2612999975681305,0.2614000141620636,0.25999999046325684,0.25999999046325684,369.0
2024-03-01 15:29:00,BIIB,221.0399932861328,221.0399932861328,221.05999755859375,220.98199462890625,221.0,3704.0
2024-03-01 15:29:00,BIOL,0.14499999582767487,0.14499999582767487,0.1451999992132187,0.1448500007390976,0.14489999413490295,55814.0
2024-03-01 15:29:00,BIOR,1.100000023841858,1.100000023841858,1.100000023841858,1.100000023841858,1.100000023841858,2492.0
2024-03-01 15:29:00,BIVI,1.8899999856948853,1.8899999856948853,1.8899999856948853,1.8624999523162842,1.8700000047683716,20333.0
2024-03-01 15:29:00,BLFS,17.8700008392334,17.8700008392334,17.8799991607666,17.850000381469727,17.8799991607666,1866.0
2024-03-01 15:29:00,BLUE,1.5750000476837158,1.5750000476837158,1.5800000429153442,1.5700000524520874,1.5750000476837158,23995.0
2024-03-01 15:29:00,BMEA,18.049999237060547,18.049999237060547,18.06999969482422,18.049999237060547,18.059999465942383,1046.0
2024-03-01 15:29:00,BMRN,87.88999938964844,87.88999938964844,87.88999938964844,87.86499786376953,87.86499786376953,2362.0
2024-03-01 15:29:00,BNGO,1.2599999904632568,1.2599999904632568,1.2599999904632568,1.2599999904632568,1.2599999904632568,136.0
2024-03-01 15:29:00,BNR,0.8100000023841858,0.8100000023841858,0.8100000023841858,0.8100000023841858,0.8100000023841858,100.0
2024-03-01 15:29:00,BNTX,90.8550033569336,90.8550033569336,90.88999938964844,90.8550033569336,90.88999938964844,1950.0
2024-03-01 15:29:00,BPMC,95.75499725341797,95.75499725341797,95.75499725341797,95.70999908447266,95.70999908447266,322.0
2024-03-01 15:29:00,BRKR,88.46099853515625,88.46099853515625,88.5,88.44499969482422,88.44499969482422,2693.0
2024-03-01 15:29:00,BYSI,1.4900000095367432,1.4900000095367432,1.4907000064849854,1.4900000095367432,1.4907000064849854,4002.0
2024-03-01 15:29:00,CABA,23.969999313354492,23.969999313354492,23.979999542236328,23.969999313354492,23.969999313354492,1714.0
2024-03-01 15:29:00,CADL,1.7798000574111938,1.7798000574111938,1.7798000574111938,1.7798000574111938,1.7798000574111938,151.0
2024-03-01 15:29:00,CBAY,32.22999954223633,32.22999954223633,32.22999954223633,32.22999954223633,32.22999954223633,2830.0
2024-03-01 15:29:00,CCCC,11.0,11.0,11.0,10.989999771118164,10.989999771118164,1782.0
2024-03-01 15:29:00,CCRN,18.309999465942383,18.309999465942383,18.325000762939453,18.309999465942383,18.325000762939453,644.0
2024-03-01 15:29:00,CDNA,12.5,12.5,12.5,12.489999771118164,12.489999771118164,6036.0
2024-03-01 15:29:00,CDTX,0.7160509824752808,0.7160509824752808,0.7200000286102295,0.7147700190544128,0.7200000286102295,5112.0
2024-03-01 15:29:00,CDXS,4.650000095367432,4.650000095367432,4.65500020980835,4.650000095367432,4.650000095367432,2103.0
2024-03-01 15:29:00,CELC,17.389999389648438,17.389999389648438,17.389999389648438,17.219999313354492,17.219999313354492,581.0
2024-03-01 15:29:00,CERE,41.11000061035156,41.11000061035156,41.11000061035156,41.11000061035156,41.11000061035156,442.0
2024-03-01 15:29:00,CERS,2.184999942779541,2.184999942779541,2.184999942779541,2.184999942779541,2.184999942779541,303.0
2024-03-01 15:29:00,CERT,18.149999618530273,18.149999618530273,18.149999618530273,18.149999618530273,18.149999618530273,1858.0
2024-03-01 15:29:00,CGC,3.184999942779541,3.184999942779541,3.190000057220459,3.184499979019165,3.190000057220459,2038.0
2024-03-01 15:29:00,CGEM,18.655000686645508,18.655000686645508,18.655000686645508,18.655000686645508,18.655000686645508,340.0
2024-03-01 15:29:00,CGEN,2.684999942779541,2.684999942779541,2.684999942779541,2.684999942779541,2.684999942779541,100.0
2024-03-01 15:29:00,CHRS,2.4049999713897705,2.4049999713897705,2.4049999713897705,2.4049999713897705,2.4049999713897705,1184.0
2024-03-01 15:29:00,CKPT,2.2049999237060547,2.2049999237060547,2.2049999237060547,2.2049999237060547,2.2049999237060547,100.0
2024-03-01 15:29:00,CLDX,51.79999923706055,51.79999923706055,51.79999923706055,51.744998931884766,51.744998931884766,4505.0
2024-03-01 15:29:00,CLNN,0.3799999952316284,0.3799999952316284,0.3799999952316284,0.3799999952316284,0.3799999952316284,2349.0
2024-03-01 15:29:00,CLOV,0.8654999732971191,0.8654999732971191,0.8655999898910522,0.8654999732971191,0.8655499815940857,20840.0
2024-03-01 15:29:00,CLRB,4.090000152587891,4.090000152587891,4.090000152587891,4.090000152587891,4.090000152587891,1225.0
2024-03-01 15:29:00,CMPS,11.449999809265137,11.449999809265137,11.460000038146973,11.449999809265137,11.449999809265137,664.0
2024-03-01 15:29:00,CODX,1.1649999618530273,1.1649999618530273,1.1649999618530273,1.1649999618530273,1.1649999618530273,197.0
2024-03-01 15:29:00,COGT,7.179999828338623,7.179999828338623,7.195000171661377,7.179999828338623,7.195000171661377,2531.0
2024-03-01 15:29:00,CORT,24.260000228881836,24.260000228881836,24.260000228881836,24.204999923706055,24.204999923706055,4523.0
2024-03-01 15:29:00,CPRX,17.19499969482422,17.19499969482422,17.200000762939453,17.184999465942383,17.190000534057617,4226.0
2024-03-01 15:29:00,CPSI,9.279999732971191,9.279999732971191,9.319999694824219,9.279999732971191,9.300000190734863,862.0
2024-03-01 15:29:00,CRBP,34.0,34.0,34.0,33.84000015258789,33.84000015258789,355.0
2024-03-01 15:29:00,CRBU,7.809999942779541,7.809999942779541,7.815000057220459,7.809999942779541,7.815000057220459,534.0
2024-03-01 15:29:00,CRDF,2.750499963760376,2.750499963760376,2.750499963760376,2.7300000190734863,2.740000009536743,15459.0
2024-03-01 15:29:00,CRNX,45.97999954223633,45.97999954223633,45.97999954223633,45.97999954223633,45.97999954223633,121.0
2024-03-01 15:29:00,CRON,2.0299999713897705,2.0299999713897705,2.0299999713897705,2.0299999713897705,2.0299999713897705,500.0
2024-03-01 15:29:00,CRSP,84.66600036621094,84.66600036621094,84.66649627685547,84.66600036621094,84.66649627685547,1302.0
2024-03-01 15:29:00,CSTL,19.90999984741211,19.90999984741211,19.90999984741211,19.90999984741211,19.90999984741211,130.0
2024-03-01 15:29:00,CTKB,9.020000457763672,9.020000457763672,9.020000457763672,9.015000343322754,9.020000457763672,536.0
2024-03-01 15:29:00,CTMX,2.569999933242798,2.569999933242798,2.569999933242798,2.549999952316284,2.549999952316284,7706.0
2024-03-01 15:29:00,CUTR,2.3949999809265137,2.3949999809265137,2.399899959564209,2.393199920654297,2.399899959564209,6410.0
2024-03-01 15:29:00,CVAC,3.440000057220459,3.440000057220459,3.444999933242798,3.440000057220459,3.444999933242798,416.0
2024-03-01 15:29:00,CYTK,73.94499969482422,73.94499969482422,73.95999908447266,73.94499969482422,73.95999908447266,340.0
2024-03-01 15:29:00,DAWN,17.610000610351562,17.610000610351562,17.610000610351562,17.610000610351562,17.610000610351562,308.0
2024-03-01 15:29:00,DCGO,4.085000038146973,4.085000038146973,4.085000038146973,4.085000038146973,4.085000038146973,137.0
2024-03-01 15:29:00,DCPH,17.510000228881836,17.510000228881836,17.514999389648438,17.5,17.514999389648438,2599.0
2024-03-01 15:29:00,DERM,4.070000171661377,4.070000171661377,4.070000171661377,4.019999980926514,4.03000020980835,2694.0
2024-03-01 15:29:00,DH,8.800000190734863,8.800000190734863,8.819999694824219,8.800000190734863,8.819999694824219,631.0
2024-03-01 15:29:00,DMTK,0.8342999815940857,0.8342999815940857,0.8382999897003174,0.8342999815940857,0.8349999785423279,4674.0
2024-03-01 15:29:00,DNLI,21.079999923706055,21.079999923706055,21.100000381469727,21.079999923706055,21.100000381469727,2009.0
2024-03-01 15:29:00,DRRX,0.9950500130653381,0.9950500130653381,0.9950500130653381,0.9950500130653381,0.9950500130653381,102.0
2024-03-01 15:29:00,DRTSW,0.25,0.25,0.2524999976158142,0.25,0.25,6500.0
2024-03-01 15:29:00,DTIL,12.739999771118164,12.739999771118164,12.739999771118164,12.609999656677246,12.619999885559082,3244.0
2024-03-01 15:29:00,DVAX,12.78499984741211,12.78499984741211,12.795000076293945,12.78499984741211,12.795000076293945,2693.0
2024-03-01 15:29:00,DXCM,121.04000091552734,121.04000091552734,121.09500122070312,121.02999877929688,121.09500122070312,5899.0
2024-03-01 15:29:00,DYN,29.110000610351562,29.110000610351562,29.1200008392334,29.100000381469727,29.110000610351562,3885.0
2024-03-01 15:29:00,EDIT,10.750499725341797,10.750499725341797,10.761099815368652,10.750499725341797,10.761099815368652,6420.0
2024-03-01 15:29:00,EFTR,16.584999084472656,16.584999084472656,16.670000076293945,16.584999084472656,16.584999084472656,361.0
2024-03-01 15:29:00,EGRX,6.570000171661377,6.570000171661377,6.570000171661377,6.570000171661377,6.570000171661377,822.0
2024-03-01 15:29:00,ELDN,1.809999942779541,1.809999942779541,1.840000033378601,1.809999942779541,1.840000033378601,17756.0
2024-03-01 15:29:00,ELEV,5.074999809265137,5.074999809265137,5.079999923706055,5.050000190734863,5.065000057220459,9479.0
2024-03-01 15:29:00,ENSC,0.9300000071525574,0.9300000071525574,0.9300000071525574,0.9300000071525574,0.9300000071525574,275.0
2024-03-01 15:29:00,ENSG,121.41500091552734,121.41500091552734,121.41500091552734,121.41500091552734,121.41500091552734,325.0
2024-03-01 15:29:00,ENTA,15.5600004196167,15.5600004196167,15.680000305175781,15.5600004196167,15.680000305175781,3122.0
2024-03-01 15:29:00,ENVB,1.5399999618530273,1.5399999618530273,1.5399999618530273,1.5394999980926514,1.5394999980926514,4981.0
2024-03-01 15:29:00,EOLS,14.90999984741211,14.90999984741211,14.920000076293945,14.890000343322754,14.890000343322754,2778.0
2024-03-01 15:29:00,EPIX,9.59000015258789,9.59000015258789,9.59000015258789,9.59000015258789,9.59000015258789,162.0
2024-03-01 15:29:00,ERAS,2.609999895095825,2.609999895095825,2.609999895095825,2.5999999046325684,2.609999895095825,14257.0
2024-03-01 15:29:00,ESPR,2.555000066757202,2.555000066757202,2.555000066757202,2.555000066757202,2.555000066757202,1328.0
2024-03-01 15:29:00,ESTA,43.9900016784668,43.9900016784668,44.0099983215332,43.98500061035156,43.994998931884766,425.0
2024-03-01 15:29:00,ETNB,12.680000305175781,12.680000305175781,12.699999809265137,12.680000305175781,12.699999809265137,3458.0
2024-03-01 15:29:00,EVO,7.5,7.5,7.5,7.5,7.5,100.0
2024-03-01 15:29:00,EWTX,16.854999542236328,16.854999542236328,16.858999252319336,16.850000381469727,16.850000381469727,1022.0
2024-03-01 15:29:00,EXAI,6.539999961853027,6.539999961853027,6.539999961853027,6.539999961853027,6.539999961853027,500.0
2024-03-01 15:29:00,EXAS,59.47999954223633,59.47999954223633,59.47999954223633,59.44499969482422,59.44499969482422,3998.0
2024-03-01 15:29:00,EXEL,22.274999618530273,22.274999618530273,22.274999618530273,22.2450008392334,22.25,9161.0
2024-03-01 15:29:00,EYEN,2.4200000762939453,2.4200000762939453,2.4200000762939453,2.380000114440918,2.380000114440918,22260.0
2024-03-01 15:29:00,EYPT,28.0049991607666,28.0049991607666,28.024999618530273,28.0049991607666,28.024999618530273,324.0
2024-03-01 15:29:00,FATE,7.724999904632568,7.724999904632568,7.7399001121521,7.724999904632568,7.7399001121521,1206.0
2024-03-01 15:29:00,FBIO,2.3801000118255615,2.3801000118255615,2.384999990463257,2.380000114440918,2.380000114440918,7862.0
2024-03-01 15:29:00,FDMT,29.450000762939453,29.450000762939453,29.450000762939453,29.420000076293945,29.420000076293945,2373.0
2024-03-01 15:29:00,FEMY,1.809999942779541,1.809999942779541,1.809999942779541,1.809999942779541,1.809999942779541,465.0
2024-03-01 15:29:00,FGEN,1.8250000476837158,1.8250000476837158,1.8300000429153442,1.8250000476837158,1.8250000476837158,992.0
2024-03-01 15:29:00,FHTX,7.974999904632568,7.974999904632568,7.974999904632568,7.929999828338623,7.929999828338623,452.0
2024-03-01 15:29:00,FIXX,0.9010000228881836,0.9010000228881836,0.901199996471405,0.8999999761581421,0.9006999731063843,3461.0
2024-03-01 15:29:00,FOLD,13.305000305175781,13.305000305175781,13.3100004196167,13.305000305175781,13.305000305175781,1635.0
2024-03-01 15:29:00,FULC,10.970000267028809,10.970000267028809,11.0,10.960000038146973,10.960000038146973,4432.0
2024-03-01 15:29:00,FUSN,12.270000457763672,12.270000457763672,12.270000457763672,12.270000457763672,12.270000457763672,310.0
2024-03-01 15:29:00,GDRX,8.425000190734863,8.425000190734863,8.430000305175781,8.421199798583984,8.425000190734863,3367.0
2024-03-01 15:29:00,GERN,2.255000114440918,2.255000114440918,2.259999990463257,2.255000114440918,2.255000114440918,3438.0
2024-03-01 15:29:00,GH,19.030000686645508,19.030000686645508,19.030000686645508,19.030000686645508,19.030000686645508,1873.0
2024-03-01 15:29:00,GHSI,8.229999542236328,8.229999542236328,8.229999542236328,8.229999542236328,8.229999542236328,202.0
2024-03-01 15:29:00,GILD,72.51499938964844,72.51499938964844,72.53880310058594,72.51499938964844,72.5250015258789,11136.0
2024-03-01 15:29:00,GLSI,12.680000305175781,12.680000305175781,12.680000305175781,12.680000305175781,12.680000305175781,139.0
2024-03-01 15:29:00,GLTO,0.8100000023841858,0.8100000023841858,0.8100000023841858,0.8087000250816345,0.8087000250816345,5933.0
2024-03-01 15:29:00,GLYC,3.0199999809265137,3.0199999809265137,3.0199999809265137,3.0,3.009999990463257,6963.0
2024-03-01 15:29:00,GMAB,29.364999771118164,29.364999771118164,29.3700008392334,29.364999771118164,29.3700008392334,1128.0
2024-03-01 15:29:00,GMDA,0.38380101323127747,0.38380101323127747,0.38380101323127747,0.3813000023365021,0.38190001249313354,15200.0
2024-03-01 15:29:00,GOSS,1.409999966621399,1.409999966621399,1.409999966621399,1.3949999809265137,1.3949999809265137,3508.0
2024-03-01 15:29:00,GRFS,7.014999866485596,7.014999866485596,7.014999866485596,7.014999866485596,7.014999866485596,726.0
2024-03-01 15:29:00,GRPH,3.359999895095825,3.359999895095825,3.365000009536743,3.359999895095825,3.365000009536743,507.0
2024-03-01 15:29:00,GRTS,2.0199999809265137,2.0199999809265137,2.0276999473571777,2.0199999809265137,2.0199999809265137,8053.0
2024-03-01 15:29:00,GTHX,3.7500998973846436,3.7500998973846436,3.7699999809265137,3.7500998973846436,3.7699999809265137,5022.0
2024-03-01 15:29:00,HALO,41.005001068115234,41.005001068115234,41.0099983215332,40.974998474121094,40.974998474121094,1792.0
2024-03-01 15:29:00,HCAT,8.079999923706055,8.079999923706055,8.085000038146973,8.079999923706055,8.085000038146973,778.0
2024-03-01 15:29:00,HCSG,12.824999809265137,12.824999809265137,12.824999809265137,12.819999694824219,12.819999694824219,951.0
2024-03-01 15:29:00,HCTI,2.022200107574463,2.022200107574463,2.0350000858306885,2.0199999809265137,2.0350000858306885,1139.0
2024-03-01 15:29:00,HLVX,19.225000381469727,19.225000381469727,19.239999771118164,19.225000381469727,19.239999771118164,670.0
2024-03-01 15:29:00,HOLX,74.0999984741211,74.0999984741211,74.12000274658203,74.0999984741211,74.12000274658203,1815.0
2024-03-01 15:29:00,HOOK,0.7781999707221985,0.7781999707221985,0.7781999707221985,0.7781999707221985,0.7781999707221985,195.0
2024-03-01 15:29:00,HOWL,7.019999980926514,7.019999980926514,7.019999980926514,7.019999980926514,7.019999980926514,417.0
2024-03-01 15:29:00,HQY,81.2699966430664,81.2699966430664,81.2699966430664,81.2699966430664,81.2699966430664,1921.0
2024-03-01 15:29:00,HRTX,2.5999999046325684,2.5999999046325684,2.5999999046325684,2.5899999141693115,2.5899999141693115,1024.0
2024-03-01 15:29:00,HSIC,76.96499633789062,76.96499633789062,76.97000122070312,76.91500091552734,76.94000244140625,5169.0
2024-03-01 15:29:00,HUMA,3.259999990463257,3.259999990463257,3.265000104904175,3.259999990463257,3.259999990463257,3055.0
2024-03-01 15:29:00,IART,36.11000061035156,36.11000061035156,36.11000061035156,36.11000061035156,36.11000061035156,6931.0
2024-03-01 15:29:00,IBRX,4.795000076293945,4.795000076293945,4.800000190734863,4.789999961853027,4.79449987411499,6693.0
2024-03-01 15:29:00,ICLR,325.19000244140625,325.19000244140625,325.19000244140625,325.19000244140625,325.19000244140625,554.0
2024-03-01 15:29:00,ICUI,105.93000030517578,105.93000030517578,106.01000213623047,105.93000030517578,106.0,1732.0
2024-03-01 15:29:00,IDXX,578.3350219726562,578.3350219726562,578.6599731445312,578.27001953125,578.6500244140625,3043.0
2024-03-01 15:29:00,IDYA,46.40999984741211,46.40999984741211,46.42499923706055,46.40999984741211,46.42499923706055,657.0
2024-03-01 15:29:00,IFRX,1.7799999713897705,1.7799999713897705,1.7949999570846558,1.7799999713897705,1.7899999618530273,10354.0
2024-03-01 15:29:00,IKNA,1.4900000095367432,1.4900000095367432,1.4900000095367432,1.4800000190734863,1.4800000190734863,1406.0
2024-03-01 15:29:00,ILMN,140.88499450683594,140.88499450683594,140.88499450683594,140.88499450683594,140.88499450683594,494.0
2024-03-01 15:29:00,IMCC,0.32499998807907104,0.32499998807907104,0.32600000500679016,0.32499998807907104,0.32600000500679016,850.0
2024-03-01 15:29:00,IMCR,67.91000366210938,67.91000366210938,67.91000366210938,67.91000366210938,67.91000366210938,225.0
2024-03-01 15:29:00,IMMX,3.4649999141693115,3.4649999141693115,3.4649999141693115,3.4600000381469727,3.4600000381469727,301.0
2024-03-01 15:29:00,IMNM,25.40999984741211,25.40999984741211,25.40999984741211,25.40999984741211,25.40999984741211,338.0
2024-03-01 15:29:00,IMTX,12.899999618530273,12.899999618530273,12.899999618530273,12.899999618530273,12.899999618530273,119.0
2024-03-01 15:29:00,IMUX,1.4500000476837158,1.4500000476837158,1.4500000476837158,1.4500000476837158,1.4500000476837158,210.0
2024-03-01 15:29:00,IMVT,35.68000030517578,35.68000030517578,35.689998626708984,35.68000030517578,35.68619918823242,1163.0
2024-03-01 15:29:00,INBX,36.54999923706055,36.54999923706055,36.54999923706055,36.54999923706055,36.54999923706055,185.0
2024-03-01 15:29:00,INCY,59.08000183105469,59.08000183105469,59.08000183105469,59.060001373291016,59.060001373291016,1297.0
2024-03-01 15:29:00,INGN,6.889999866485596,6.889999866485596,6.889999866485596,6.889999866485596,6.889999866485596,332.0
2024-03-01 15:29:00,INMB,12.377900123596191,12.377900123596191,12.40999984741211,12.377900123596191,12.40999984741211,459.0
2024-03-01 15:29:00,INMD,22.895000457763672,22.895000457763672,22.895000457763672,22.8799991607666,22.885000228881836,3225.0
2024-03-01 15:29:00,INVA,15.430000305175781,15.430000305175781,15.430000305175781,15.425000190734863,15.425000190734863,670.0
2024-03-01 15:29:00,INZY,6.559999942779541,6.559999942779541,6.559999942779541,6.559999942779541,6.559999942779541,241.0
2024-03-01 15:29:00,IONS,45.5,45.5,45.529998779296875,45.5,45.529998779296875,2079.0
2024-03-01 15:29:00,IOVA,16.920000076293945,16.920000076293945,16.924999237060547,16.90999984741211,16.915000915527344,33210.0
2024-03-01 15:29:00,IRTC,121.18049621582031,121.18049621582031,121.18049621582031,121.18049621582031,121.18049621582031,305.0
2024-03-01 15:29:00,IRWD,8.907500267028809,8.907500267028809,8.908699989318848,8.899999618530273,8.904999732971191,7564.0
2024-03-01 15:29:00,ISRG,398.2200012207031,398.2200012207031,398.2200012207031,398.2200012207031,398.2200012207031,590.0
2024-03-01 15:29:00,ITCI,72.2699966430664,72.2699966430664,72.2699966430664,72.25,72.25,965.0
2024-03-01 15:29:00,ITOS,11.170000076293945,11.170000076293945,11.170000076293945,11.170000076293945,11.170000076293945,177.0
2024-03-01 15:29:00,IVA,3.940000057220459,3.940000057220459,3.940000057220459,3.940000057220459,3.940000057220459,100.0
2024-03-01 15:29:00,IVVD,3.9749999046325684,3.9749999046325684,3.9800000190734863,3.9749999046325684,3.9800000190734863,779.0
2024-03-01 15:29:00,IXHL,5.480000019073486,5.480000019073486,5.480000019073486,5.460000038146973,5.460100173950195,1470.0
2024-03-01 15:29:00,JAGX,0.08049999922513962,0.08049999922513962,0.08139999955892563,0.08049999922513962,0.08100000023841858,272840.0
2024-03-01 15:29:00,JANX,46.04499816894531,46.04499816894531,46.084999084472656,46.04499816894531,46.04499816894531,752.0
2024-03-01 15:29:00,JAZZ,118.9000015258789,118.9000015258789,118.9000015258789,118.83000183105469,118.86000061035156,556.0
2024-03-01 15:29:00,JYNT,9.949999809265137,9.949999809265137,9.960000038146973,9.949999809265137,9.960000038146973,696.0
2024-03-01 15:29:00,KALV,14.119999885559082,14.119999885559082,14.119999885559082,14.09000015258789,14.100000381469727,2183.0
2024-03-01 15:29:00,KNSA,21.864700317382812,21.864700317382812,21.93000030517578,21.84000015258789,21.93000030517578,11752.0
2024-03-01 15:29:00,KNTE,2.5950000286102295,2.5950000286102295,2.5950000286102295,2.5950000286102295,2.5950000286102295,300.0
2024-03-01 15:29:00,KPRX,0.6657000184059143,0.6657000184059143,0.6694989800453186,0.6657000184059143,0.6694989800453186,204.0
2024-03-01 15:29:00,KPTI,1.2000000476837158,1.2000000476837158,1.2000000476837158,1.2000000476837158,1.2000000476837158,2285.0
2024-03-01 15:29:00,KROS,68.93499755859375,68.93499755859375,68.93499755859375,68.93499755859375,68.93499755859375,173.0
2024-03-01 15:29:00,KRYS,168.66000366210938,168.66000366210938,168.66000366210938,168.66000366210938,168.66000366210938,608.0
2024-03-01 15:29:00,KTRA,0.10239999741315842,0.10239999741315842,0.10260000079870224,0.10239999741315842,0.10249999910593033,11312.0
2024-03-01 15:29:00,KURA,21.690000534057617,21.690000534057617,21.690000534057617,21.674999237060547,21.674999237060547,497.0
2024-03-01 15:29:00,KYMR,43.77000045776367,43.77000045776367,43.77000045776367,43.717498779296875,43.717498779296875,835.0
2024-03-01 15:29:00,KZR,1.034999966621399,1.034999966621399,1.034999966621399,1.0299999713897705,1.034999966621399,3044.0
2024-03-01 15:29:00,LAB,2.4600000381469727,2.4600000381469727,2.4600000381469727,2.4549999237060547,2.4600000381469727,1447.0
2024-03-01 15:29:00,LBPH,21.579999923706055,21.579999923706055,21.579999923706055,21.579999923706055,21.579999923706055,253.0
2024-03-01 15:29:00,LEGN,65.5999984741211,65.5999984741211,65.5999984741211,65.58000183105469,65.58000183105469,849.0
2024-03-01 15:29:00,LEXX,2.79010009765625,2.79010009765625,2.79010009765625,2.79010009765625,2.79010009765625,500.0
2024-03-01 15:29:00,LFMD,7.96999979019165,7.96999979019165,7.980000019073486,7.96999979019165,7.96999979019165,1105.0
2024-03-01 15:29:00,LFST,7.784999847412109,7.784999847412109,7.789999961853027,7.775000095367432,7.775000095367432,2547.0
2024-03-01 15:29:00,LGVN,0.5310999751091003,0.5310999751091003,0.5449000000953674,0.5310999751091003,0.5449000000953674,334.0
2024-03-01 15:29:00,LIAN,4.875,4.875,4.875,4.869999885559082,4.875,800.0
2024-03-01 15:29:00,LIFE,1.899999976158142,1.899999976158142,1.899999976158142,1.899999976158142,1.899999976158142,215.0
2024-03-01 15:29:00,LIVN,55.41999816894531,55.41999816894531,55.439998626708984,55.41999816894531,55.439998626708984,259.0
2024-03-01 15:29:00,LMAT,68.0199966430664,68.0199966430664,68.0199966430664,68.0199966430664,68.0199966430664,483.0
2024-03-01 15:29:00,LNTH,64.37999725341797,64.37999725341797,64.37999725341797,64.37999725341797,64.37999725341797,811.0
2024-03-01 15:29:00,LQDA,14.595000267028809,14.595000267028809,14.600000381469727,14.595000267028809,14.595000267028809,686.0
2024-03-01 15:29:00,LTRN,4.22189998626709,4.22189998626709,4.239999771118164,4.199999809265137,4.234600067138672,2566.0
2024-03-01 15:29:00,LUCD,1.2350000143051147,1.2350000143051147,1.2350000143051147,1.2350000143051147,1.2350000143051147,165.0
2024-03-01 15:29:00,LVTX,2.630000114440918,2.630000114440918,2.630000114440918,2.630000114440918,2.630000114440918,726.0
2024-03-01 15:29:00,LXRX,2.4749999046325684,2.4749999046325684,2.490000009536743,2.4749999046325684,2.4809000492095947,22264.0
2024-03-01 15:29:00,LYEL,3.130000114440918,3.130000114440918,3.130000114440918,3.130000114440918,3.130000114440918,739.0
2024-03-01 15:29:00,LYRA,5.650000095367432,5.650000095367432,5.650000095367432,5.639999866485596,5.650000095367432,725.0
2024-03-01 15:29:00,MACK,14.704999923706055,14.704999923706055,14.710000038146973,14.704999923706055,14.710000038146973,575.0
2024-03-01 15:29:00,MASI,127.80000305175781,127.80000305175781,127.80000305175781,127.80000305175781,127.80000305175781,174.0
2024-03-01 15:29:00,MBOT,1.3049999475479126,1.3049999475479126,1.3049999475479126,1.3049999475479126,1.3049999475479126,514.0
2024-03-01 15:29:00,MBRX,0.5899999737739563,0.5899999737739563,0.6298999786376953,0.5899999737739563,0.6298999786376953,13090.0
2024-03-01 15:29:00,MCRB,1.2200000286102295,1.2200000286102295,1.2300000190734863,1.2200000286102295,1.2300000190734863,896.0
2024-03-01 15:29:00,MDRX,6.03000020980835,6.03000020980835,6.050000190734863,6.0,6.0493998527526855,201034.0
2024-03-01 15:29:00,MDXG,8.585000038146973,8.585000038146973,8.59000015258789,8.585000038146973,8.59000015258789,2187.0
2024-03-01 15:29:00,ME,0.5518500208854675,0.5518500208854675,0.5518500208854675,0.5515999794006348,0.551800012588501,6388.0
2024-03-01 15:29:00,MEDP,404.4700012207031,404.4700012207031,404.4700012207031,403.8800048828125,403.8800048828125,1011.0
2024-03-01 15:29:00,MGNX,18.735000610351562,18.735000610351562,18.735000610351562,18.729999542236328,18.729999542236328,246.0
2024-03-01 15:29:00,MIST,1.6649999618530273,1.6649999618530273,1.6699999570846558,1.659999966621399,1.6649999618530273,6179.0
2024-03-01 15:29:00,MLTX,50.81999969482422,50.81999969482422,50.81999969482422,50.75,50.75,1195.0
2024-03-01 15:29:00,MMSI,76.22000122070312,76.22000122070312,76.2300033569336,76.19999694824219,76.19999694824219,1206.0
2024-03-01 15:29:00,MNKD,4.539999961853027,4.539999961853027,4.539999961853027,4.531499862670898,4.534999847412109,10284.0
2024-03-01 15:29:00,MNMD,6.164999961853027,6.164999961853027,6.170000076293945,6.159999847412109,6.170000076293945,4450.0
2024-03-01 15:29:00,MNPR,0.9100000262260437,0.9100000262260437,0.9100000262260437,0.9100000262260437,0.9100000262260437,901.0
2024-03-01 15:29:00,MODD,1.899999976158142,1.899999976158142,1.909999966621399,1.899999976158142,1.909999966621399,600.0
2024-03-01 15:29:00,MODV,28.190000534057617,28.190000534057617,28.19499969482422,28.190000534057617,28.19499969482422,488.0
2024-03-01 15:29:00,MOR,17.700000762939453,17.700000762939453,17.700000762939453,17.690000534057617,17.690000534057617,678.0
2024-03-01 15:29:00,MORF,39.599998474121094,39.599998474121094,39.599998474121094,39.560001373291016,39.595001220703125,2143.0
2024-03-01 15:29:00,MOTS,0.6549999713897705,0.6549999713897705,0.6549999713897705,0.6549999713897705,0.6549999713897705,200.0
2024-03-01 15:29:00,MRNA,95.69499969482422,95.69499969482422,95.69999694824219,95.63999938964844,95.66500091552734,3093.0
2024-03-01 15:29:00,MRNS,9.979999542236328,9.979999542236328,9.979999542236328,9.979999542236328,9.979999542236328,104.0
2024-03-01 15:29:00,MRSN,5.974999904632568,5.974999904632568,5.980000019073486,5.954999923706055,5.954999923706055,4272.0
2024-03-01 15:29:00,MRUS,51.560001373291016,51.560001373291016,51.560001373291016,51.5099983215332,51.5099983215332,491.0
2024-03-01 15:29:00,MRVI,7.670000076293945,7.670000076293945,7.676000118255615,7.670000076293945,7.675000190734863,7514.0
2024-03-01 15:29:00,MXCT,4.730000019073486,4.730000019073486,4.730000019073486,4.724999904632568,4.724999904632568,1920.0
2024-03-01 15:29:00,MYGN,21.979999542236328,21.979999542236328,21.979999542236328,21.969999313354492,21.969999313354492,647.0
2024-03-01 15:29:00,MYNZ,0.8899999856948853,0.8899999856948853,0.8899999856948853,0.8899999856948853,0.8899999856948853,165.0
2024-03-01 15:29:00,NARI,45.85499954223633,45.85499954223633,45.86000061035156,45.85490036010742,45.86000061035156,1308.0
2024-03-01 15:29:00,NBIX,131.8800048828125,131.8800048828125,131.8800048828125,131.86000061035156,131.8699951171875,2094.0
2024-03-01 15:29:00,NCNA,0.31995001435279846,0.31995001435279846,0.31995001435279846,0.31995001435279846,0.31995001435279846,150.0
2024-03-01 15:29:00,NEO,15.90999984741211,15.90999984741211,15.90999984741211,15.90999984741211,15.90999984741211,331.0
2024-03-01 15:29:00,NGM,1.5199999809265137,1.5199999809265137,1.5204999446868896,1.5199999809265137,1.5199999809265137,11857.0
2024-03-01 15:29:00,NKTR,0.7601000070571899,0.7601000070571899,0.7601000070571899,0.7601000070571899,0.7601000070571899,1679.0
2024-03-01 15:29:00,NKTX,12.6899995803833,12.6899995803833,12.6899995803833,12.670000076293945,12.670000076293945,494.0
2024-03-01 15:29:00,NMTC,1.2200000286102295,1.2200000286102295,1.2300000190734863,1.2200000286102295,1.2300000190734863,2643.0
2024-03-01 15:29:00,NNOX,10.989999771118164,10.989999771118164,10.989999771118164,10.954999923706055,10.954999923706055,8346.0
2024-03-01 15:29:00,NPCE,15.96500015258789,15.96500015258789,16.06999969482422,15.944999694824219,16.06999969482422,688.0
2024-03-01 15:29:00,NRBO,6.123300075531006,6.123300075531006,6.123300075531006,6.123300075531006,6.123300075531006,151.0
2024-03-01 15:29:00,NRIX,13.510000228881836,13.510000228881836,13.510000228881836,13.510000228881836,13.510000228881836,302.0
2024-03-01 15:29:00,NRXP,0.4369499981403351,0.4369499981403351,0.4369499981403351,0.4369499981403351,0.4369499981403351,101.0
2024-03-01 15:29:00,NTLA,33.19499969482422,33.19499969482422,33.19499969482422,33.18000030517578,33.18000030517578,1897.0
2024-03-01 15:29:00,NTRA,89.75,89.75,89.75,89.66000366210938,89.66000366210938,2552.0
2024-03-01 15:29:00,NUTX,0.1137000024318695,0.1137000024318695,0.1137000024318695,0.1137000024318695,0.1137000024318695,1018.0
2024-03-01 15:29:00,NUVL,87.33000183105469,87.33000183105469,87.33000183105469,87.32499694824219,87.33000183105469,742.0
2024-03-01 15:29:00,NUWE,0.5890489816665649,0.5890489816665649,0.5899999737739563,0.5890489816665649,0.5899999737739563,1250.0
2024-03-01 15:29:00,NVAX,5.435100078582764,5.435100078582764,5.440000057220459,5.423999786376953,5.429999828338623,28747.0
2024-03-01 15:29:00,NVCR,16.110000610351562,16.110000610351562,16.110000610351562,16.104999542236328,16.110000610351562,544.0
2024-03-01 15:29:00,NVCT,10.739999771118164,10.739999771118164,10.739999771118164,10.739999771118164,10.739999771118164,179.0
2024-03-01 15:29:00,NVNO,6.434999942779541,6.434999942779541,6.434999942779541,6.434999942779541,6.434999942779541,100.0
2024-03-01 15:29:00,NXTC,1.7699999809265137,1.7699999809265137,1.774999976158142,1.7699999809265137,1.774999976158142,423.0
2024-03-01 15:29:00,OCUL,10.609999656677246,10.609999656677246,10.609999656677246,10.609800338745117,10.609999656677246,2281.0
2024-03-01 15:29:00,OLK,22.9950008392334,22.9950008392334,22.9950008392334,22.9950008392334,22.9950008392334,520.0
2024-03-01 15:29:00,OLMA,14.895000457763672,14.895000457763672,14.895000457763672,14.895000457763672,14.895000457763672,184.0
2024-03-01 15:29:00,OMCL,26.219999313354492,26.219999313354492,26.239999771118164,26.209999084472656,26.219999313354492,1633.0
2024-03-01 15:29:00,OMER,4.820000171661377,4.820000171661377,4.820000171661377,4.820000171661377,4.820000171661377,375.0
2024-03-01 15:29:00,OMGA,4.380000114440918,4.380000114440918,4.380000114440918,4.380000114440918,4.380000114440918,868.0
2024-03-01 15:29:00,ONCT,10.350000381469727,10.350000381469727,10.350000381469727,10.350000381469727,10.350000381469727,277.0
2024-03-01 15:30:00,AADI,1.940000057220459,1.940000057220459,1.940000057220459,1.940000057220459,1.940000057220459,135.0
2024-03-01 15:30:00,ABCL,5.065000057220459,5.065000057220459,5.079999923706055,5.065000057220459,5.079999923706055,2853.0
2024-03-01 15:30:00,ABEO,7.760000228881836,7.760000228881836,7.789999961853027,7.760000228881836,7.789999961853027,4243.0
2024-03-01 15:30:00,ABOS,4.684999942779541,4.684999942779541,4.684999942779541,4.684999942779541,4.684999942779541,258.0
2024-03-01 15:30:00,ABSI,5.5,5.5,5.510000228881836,5.5,5.510000228881836,8840.0
2024-03-01 15:30:00,ACAD,24.1200008392334,24.1200008392334,24.1200008392334,24.110000610351562,24.110000610351562,2363.0
2024-03-01 15:30:00,ACB,3.184999942779541,3.184999942779541,3.190000057220459,3.1821999549865723,3.1821999549865723,8045.0
2024-03-01 15:30:00,ACCD,10.03499984741211,10.03499984741211,10.03499984741211,10.03499984741211,10.03499984741211,400.0
2024-03-01 15:30:00,ACET,2.384999990463257,2.384999990463257,2.384999990463257,2.380000114440918,2.384999990463257,1971.0
2024-03-01 15:30:00,ACHC,84.0999984741211,84.0999984741211,84.19999694824219,84.0999984741211,84.19999694824219,4255.0
2024-03-01 15:30:00,ACIU,3.8299999237060547,3.8299999237060547,3.8299999237060547,3.8299999237060547,3.8299999237060547,510.0
2024-03-01 15:30:00,ACLX,67.45999908447266,67.45999908447266,67.45999908447266,67.45999908447266,67.45999908447266,190.0
2024-03-01 15:30:00,ACON,0.3950999975204468,0.3950999975204468,0.4000000059604645,0.3950999975204468,0.3999499976634979,4274.0
2024-03-01 15:30:00,ACRS,1.2200000286102295,1.2200000286102295,1.225000023841858,1.2200000286102295,1.2200000286102295,818.0
2024-03-01 15:30:00,ADAP,1.600000023841858,1.600000023841858,1.6050000190734863,1.600000023841858,1.600000023841858,901.0
2024-03-01 15:30:00,ADIL,3.0799999237060547,3.0799999237060547,3.0799999237060547,3.0399999618530273,3.049999952316284,22747.0
2024-03-01 15:30:00,ADMA,5.53000020980835,5.53000020980835,5.53000020980835,5.525000095367432,5.525000095367432,3341.0
2024-03-01 15:30:00,ADPT,4.050000190734863,4.050000190734863,4.054999828338623,4.050000190734863,4.054999828338623,1176.0
2024-03-01 15:30:00,ADVM,1.9199999570846558,1.9199999570846558,1.940000057220459,1.9199999570846558,1.940000057220459,7994.0
2024-03-01 15:30:00,AGEN,0.6700000166893005,0.6700000166893005,0.6700999736785889,0.6700000166893005,0.6700999736785889,18860.0
2024-03-01 15:30:00,AGIO,32.25,32.25,32.34700012207031,32.249000549316406,32.310001373291016,6504.0
2024-03-01 15:30:00,AHCO,10.475000381469727,10.475000381469727,10.484999656677246,10.470000267028809,10.484999656677246,3380.0
2024-03-01 15:30:00,AIH,0.5419999957084656,0.5419999957084656,0.5460000038146973,0.5419999957084656,0.5460000038146973,1200.0
2024-03-01 15:30:00,AIRS,6.449999809265137,6.449999809265137,6.460000038146973,6.440000057220459,6.440000057220459,325.0
2024-03-01 15:30:00,AKAN,0.21570000052452087,0.21570000052452087,0.21570000052452087,0.21559999883174896,0.21559999883174896,4345.0
2024-03-01 15:30:00,AKBA,1.684999942779541,1.684999942779541,1.684999942779541,1.6799999475479126,1.6799999475479126,6308.0
2024-03-01 15:30:00,AKRO,28.469999313354492,28.469999313354492,28.520000457763672,28.420000076293945,28.479999542236328,6794.0
2024-03-01 15:30:00,AKYA,6.019999980926514,6.019999980926514,6.019999980926514,6.019999980926514,6.019999980926514,690.0
2024-03-01 15:30:00,ALDX,4.239999771118164,4.239999771118164,4.239999771118164,4.230000019073486,4.230000019073486,1380.0
2024-03-01 15:30:00,ALEC,7.380000114440918,7.380000114440918,7.380000114440918,7.361599922180176,7.361599922180176,1589.0
2024-03-01 15:30:00,ALGN,302.2850036621094,302.2850036621094,302.2850036621094,302.2850036621094,302.2850036621094,398.0
2024-03-01 15:30:00,ALHC,5.599999904632568,5.599999904632568,5.599999904632568,5.570000171661377,5.570000171661377,12936.0
2024-03-01 15:30:00,ALKS,30.190000534057617,30.190000534057617,30.190000534057617,30.184999465942383,30.184999465942383,4430.0
2024-03-01 15:30:00,ALLK,1.659999966621399,1.659999966621399,1.659999966621399,1.6549999713897705,1.659999966621399,3588.0
2024-03-01 15:30:00,ALLO,4.934999942779541,4.934999942779541,4.934999942779541,4.929999828338623,4.934999942779541,1430.0
2024-03-01 15:30:00,ALNY,152.74000549316406,152.74000549316406,152.74000549316406,152.74000549316406,152.74000549316406,748.0
2024-03-01 15:30:00,ALPN,35.91999816894531,35.91999816894531,35.939998626708984,35.90999984741211,35.90999984741211,2069.0
2024-03-01 15:30:00,ALT,12.199999809265137,12.199999809265137,12.210000038146973,12.164999961853027,12.199999809265137,21907.0
2024-03-01 15:30:00,ALXO,15.010000228881836,15.010000228881836,15.015000343322754,15.0,15.0,2995.0
2024-03-01 15:30:00,AMED,93.33499908447266,93.33499908447266,93.33499908447266,93.30999755859375,93.30999755859375,376.0
2024-03-01 15:30:00,AMGN,280.8699951171875,280.8699951171875,280.8949890136719,280.7799987792969,280.8500061035156,10173.0
2024-03-01 15:30:00,AMLX,18.760000228881836,18.760000228881836,18.760000228881836,18.760000228881836,18.760000228881836,1499.0
2024-03-01 15:30:00,AMPH,45.869998931884766,45.869998931884766,45.939998626708984,45.79499816894531,45.81999969482422,4999.0
2024-03-01 15:30:00,AMRN,1.0586999654769897,1.0586999654769897,1.0586999654769897,1.0499999523162842,1.0499999523162842,3616.0
2024-03-01 15:30:00,ANAB,25.424999237060547,25.424999237060547,25.459999084472656,25.424999237060547,25.459999084472656,938.0
2024-03-01 15:30:00,ANGO,5.465000152587891,5.465000152587891,5.477499961853027,5.465000152587891,5.477499961853027,2839.0
2024-03-01 15:30:00,ANIX,3.490000009536743,3.490000009536743,3.490000009536743,3.490000009536743,3.490000009536743,360.0
2024-03-01 15:30:00,ANNX,6.050000190734863,6.050000190734863,6.079999923706055,6.039999961853027,6.050000190734863,8371.0
2024-03-01 15:30:00,ANTX,3.0399999618530273,3.0399999618530273,3.0399999618530273,3.0399999618530273,3.0399999618530273,152.0
2024-03-01 15:30:00,APLS,64.375,64.375,64.5198974609375,64.37000274658203,64.4800033569336,7200.0
2024-03-01 15:30:00,APLT,7.070000171661377,7.070000171661377,7.070000171661377,7.039999961853027,7.050000190734863,3198.0
2024-03-01 15:30:00,APVO,0.1599999964237213,0.1599999964237213,0.1599999964237213,0.1599999964237213,0.1599999964237213,100.0
2024-03-01 15:30:00,AQST,4.119999885559082,4.119999885559082,4.130000114440918,4.119999885559082,4.130000114440918,2843.0
2024-03-01 15:30:00,ARAY,2.615000009536743,2.615000009536743,2.615000009536743,2.615000009536743,2.615000009536743,496.0
2024-03-01 15:30:00,ARCT,39.79999923706055,39.79999923706055,39.79999923706055,39.744998931884766,39.744998931884766,465.0
2024-03-01 15:30:00,ARDX,9.414999961853027,9.414999961853027,9.449999809265137,9.40999984741211,9.4350004196167,37432.0
2024-03-01 15:30:00,ARGX,392.125,392.125,392.5050048828125,391.5450134277344,392.07501220703125,6066.0
2024-03-01 15:30:00,ARQT,11.444999694824219,11.444999694824219,11.444999694824219,11.390000343322754,11.390000343322754,25892.0
2024-03-01 15:30:00,ARVN,47.755001068115234,47.755001068115234,47.810001373291016,47.75,47.79999923706055,2281.0
2024-03-01 15:30:00,ARWR,35.709999084472656,35.709999084472656,35.720001220703125,35.689998626708984,35.720001220703125,5065.0
2024-03-01 15:30:00,ASND,154.50999450683594,154.50999450683594,154.52999877929688,154.2449951171875,154.39999389648438,5443.0
2024-03-01 15:30:00,ASRT,0.8934999704360962,0.8934999704360962,0.8934999704360962,0.8932999968528748,0.8933990001678467,7536.0
2024-03-01 15:30:00,ATAI,2.115000009536743,2.115000009536743,2.115000009536743,2.115000009536743,2.115000009536743,695.0
2024-03-01 15:30:00,ATEC,13.5,13.5,13.505000114440918,13.494999885559082,13.494999885559082,3353.0
2024-03-01 15:30:00,ATHA,3.9600000381469727,3.9600000381469727,3.9600000381469727,3.9600000381469727,3.9600000381469727,779.0
2024-03-01 15:30:00,ATOS,1.0099999904632568,1.0099999904632568,1.0099999904632568,1.0099999904632568,1.0099999904632568,100.0
2024-03-01 15:30:00,ATRA,0.7897999882698059,0.7897999882698059,0.7898499965667725,0.7897999882698059,0.7898499965667725,254.0
2024-03-01 15:30:00,ATRC,36.189998626708984,36.189998626708984,36.189998626708984,36.189998626708984,36.189998626708984,650.0
2024-03-01 15:30:00,ATXS,14.930000305175781,14.930000305175781,14.930000305175781,14.930000305175781,14.930000305175781,430.0
2024-03-01 15:30:00,AUGX,4.519999980926514,4.519999980926514,4.519999980926514,4.519999980926514,4.519999980926514,197.0
2024-03-01 15:30:00,AUPH,5.764999866485596,5.764999866485596,5.775000095367432,5.755000114440918,5.769999980926514,21205.0
2024-03-01 15:30:00,AURA,9.295000076293945,9.295000076293945,9.295000076293945,9.289999961853027,9.289999961853027,798.0
2024-03-01 15:30:00,AUTL,6.21999979019165,6.21999979019165,6.235000133514404,6.21999979019165,6.235000133514404,2979.0
2024-03-01 15:30:00,AVDL,13.420000076293945,13.420000076293945,13.425000190734863,13.40999984741211,13.414999961853027,9977.0
2024-03-01 15:30:00,AVIR,4.440499782562256,4.440499782562256,4.440499782562256,4.440000057220459,4.440000057220459,373.0
2024-03-01 15:30:00,AVRO,1.3200000524520874,1.3200000524520874,1.3200000524520874,1.3200000524520874,1.3200000524520874,100.0
2024-03-01 15:30:00,AVXL,5.304999828338623,5.304999828338623,5.309999942779541,5.304999828338623,5.306000232696533,644.0
2024-03-01 15:30:00,AXNX,67.81999969482422,67.81999969482422,67.81999969482422,67.81999969482422,67.81999969482422,230.0
2024-03-01 15:30:00,AXSM,82.5999984741211,82.5999984741211,82.68499755859375,82.58000183105469,82.66000366210938,4004.0
2024-03-01 15:30:00,AZN,64.6500015258789,64.6500015258789,64.6500015258789,64.63009643554688,64.63500213623047,16281.0
2024-03-01 15:30:00,BBIO,35.810001373291016,35.810001373291016,35.83000183105469,35.790000915527344,35.83000183105469,2084.0
2024-03-01 15:30:00,BCAB,2.8350000381469727,2.8350000381469727,2.8350000381469727,2.8350000381469727,2.8350000381469727,533.0
2024-03-01 15:30:00,BCRX,5.664999961853027,5.664999961853027,5.670000076293945,5.659999847412109,5.664999961853027,2960.0
2024-03-01 15:30:00,BCYC,25.75,25.75,25.834999084472656,25.75,25.834999084472656,1018.0
2024-03-01 15:30:00,BDTX,4.704999923706055,4.704999923706055,4.704999923706055,4.702000141143799,4.704999923706055,614.0
2024-03-01 15:30:00,BEAM,39.875,39.875,39.88999938964844,39.86000061035156,39.880001068115234,2521.0
2024-03-01 15:30:00,BGNE,165.72500610351562,165.72500610351562,165.72500610351562,165.58999633789062,165.58999633789062,1323.0
2024-03-01 15:30:00,BIIB,220.97000122070312,220.97000122070312,221.0399932861328,220.97000122070312,221.0399932861328,1224.0
2024-03-01 15:30:00,BIOL,0.14489999413490295,0.14489999413490295,0.14499999582767487,0.14489999413490295,0.14499999582767487,3006.0
2024-03-01 15:30:00,BIVI,1.909999966621399,1.909999966621399,1.909999966621399,1.8799999952316284,1.8899999856948853,40520.0
2024-03-01 15:30:00,BLFS,17.8700008392334,17.8700008392334,17.8700008392334,17.8700008392334,17.8700008392334,133.0
2024-03-01 15:30:00,BLUE,1.5750000476837158,1.5750000476837158,1.5800000429153442,1.5700000524520874,1.5800000429153442,24177.0
2024-03-01 15:30:00,BMEA,18.024999618530273,18.024999618530273,18.065000534057617,18.024999618530273,18.065000534057617,3494.0
2024-03-01 15:30:00,BMRA,1.2000000476837158,1.2000000476837158,1.2000000476837158,1.2000000476837158,1.2000000476837158,101.0
2024-03-01 15:30:00,BMRN,87.91999816894531,87.91999816894531,87.94000244140625,87.91999816894531,87.94000244140625,1130.0
2024-03-01 15:30:00,BNGO,1.2599999904632568,1.2599999904632568,1.2599999904632568,1.2599999904632568,1.2599999904632568,228.0
2024-03-01 15:30:00,BNR,0.8100000023841858,0.8100000023841858,0.8100000023841858,0.8100000023841858,0.8100000023841858,100.0
2024-03-01 15:30:00,BNTX,90.80500030517578,90.80500030517578,90.8499984741211,90.80000305175781,90.81999969482422,2256.0
2024-03-01 15:30:00,BPMC,95.82499694824219,95.82499694824219,95.82499694824219,95.7699966430664,95.81999969482422,645.0
2024-03-01 15:30:00,BRKR,88.43000030517578,88.43000030517578,88.47000122070312,88.4000015258789,88.47000122070312,1708.0
2024-03-01 15:30:00,BTAI,3.2300000190734863,3.2300000190734863,3.2300000190734863,3.2249999046325684,3.2249999046325684,369.0
2024-03-01 15:30:00,BTTX,0.18440000712871552,0.18440000712871552,0.18440000712871552,0.18330000340938568,0.18330000340938568,9971.0
2024-03-01 15:30:00,BVS,4.800000190734863,4.800000190734863,4.800000190734863,4.800000190734863,4.800000190734863,361.0
2024-03-01 15:30:00,CABA,23.969999313354492,23.969999313354492,23.969999313354492,23.959999084472656,23.959999084472656,1547.0
2024-03-01 15:30:00,CARA,0.9279000163078308,0.9279000163078308,0.9279000163078308,0.9276000261306763,0.9276000261306763,428.0
2024-03-01 15:30:00,CBAY,32.22999954223633,32.22999954223633,32.22999954223633,32.22999954223633,32.22999954223633,1661.0
2024-03-01 15:30:00,CCCC,11.0,11.0,11.0,10.989999771118164,10.994999885559082,1630.0
2024-03-01 15:30:00,CCRN,18.34000015258789,18.34000015258789,18.34000015258789,18.34000015258789,18.34000015258789,306.0
2024-03-01 15:30:00,CDMO,8.239999771118164,8.239999771118164,8.239999771118164,8.239999771118164,8.239999771118164,190.0
2024-03-01 15:30:00,CDNA,12.494999885559082,12.494999885559082,12.5,12.494999885559082,12.494999885559082,4670.0
2024-03-01 15:30:00,CDTX,0.7200000286102295,0.7200000286102295,0.7200000286102295,0.7200000286102295,0.7200000286102295,2091.0
2024-03-01 15:30:00,CDXS,4.650000095367432,4.650000095367432,4.650000095367432,4.650000095367432,4.650000095367432,1827.0
2024-03-01 15:30:00,CELC,17.399999618530273,17.399999618530273,17.399999618530273,17.399999618530273,17.399999618530273,298.0
2024-03-01 15:30:00,CELU,3.6500000953674316,3.6500000953674316,3.6500000953674316,3.6500000953674316,3.6500000953674316,146.0
2024-03-01 15:30:00,CERE,41.11000061035156,41.11000061035156,41.11000061035156,41.11000061035156,41.11000061035156,652.0
2024-03-01 15:30:00,CERS,2.184999942779541,2.184999942779541,2.184999942779541,2.184999942779541,2.184999942779541,2619.0
2024-03-01 15:30:00,CERT,18.15999984741211,18.15999984741211,18.15999984741211,18.15999984741211,18.15999984741211,414.0
2024-03-01 15:30:00,CGC,3.184999942779541,3.184999942779541,3.190000057220459,3.184999942779541,3.184999942779541,703.0
2024-03-01 15:30:00,CGEM,18.6299991607666,18.6299991607666,18.639999389648438,18.6299991607666,18.639999389648438,810.0
2024-03-01 15:30:00,CGEN,2.690000057220459,2.690000057220459,2.690000057220459,2.690000057220459,2.690000057220459,5459.0
2024-03-01 15:30:00,CHRS,2.4100000858306885,2.4100000858306885,2.4100000858306885,2.4049999713897705,2.4049999713897705,2145.0
2024-03-01 15:30:00,CING,1.340000033378601,1.340000033378601,1.340000033378601,1.340000033378601,1.340000033378601,770.0
2024-03-01 15:30:00,CKPT,2.2100000381469727,2.2100000381469727,2.2100000381469727,2.2049999237060547,2.2049999237060547,1002.0
2024-03-01 15:30:00,CLDX,51.790000915527344,51.790000915527344,51.79999923706055,51.77000045776367,51.790000915527344,1133.0
2024-03-01 15:30:00,CLLS,2.630000114440918,2.630000114440918,2.630000114440918,2.630000114440918,2.630000114440918,347.0
2024-03-01 15:30:00,CLNN,0.3799999952316284,0.3799999952316284,0.3799999952316284,0.3799999952316284,0.3799999952316284,9612.0
2024-03-01 15:30:00,CLOV,0.8668000102043152,0.8668000102043152,0.8677999973297119,0.8654999732971191,0.8655999898910522,38245.0
2024-03-01 15:30:00,CLRB,4.090000152587891,4.090000152587891,4.099999904632568,4.079999923706055,4.090000152587891,1040.0
2024-03-01 15:30:00,CMPS,11.489999771118164,11.489999771118164,11.489999771118164,11.4399995803833,11.4399995803833,3447.0
2024-03-01 15:30:00,CMRX,1.190000057220459,1.190000057220459,1.190999984741211,1.184999942779541,1.190999984741211,3074.0
2024-03-01 15:30:00,CNSP,0.33899998664855957,0.33899998664855957,0.33899998664855957,0.33899998664855957,0.33899998664855957,307.0
2024-03-01 15:30:00,CNTA,10.8100004196167,10.8100004196167,10.8100004196167,10.8100004196167,10.8100004196167,326.0
2024-03-01 15:30:00,COGT,7.195000171661377,7.195000171661377,7.195000171661377,7.179999828338623,7.190000057220459,4436.0
2024-03-01 15:30:00,COLL,36.900001525878906,36.900001525878906,36.900001525878906,36.880001068115234,36.880001068115234,677.0
2024-03-01 15:30:00,CORT,24.260000228881836,24.260000228881836,24.260000228881836,24.260000228881836,24.260000228881836,862.0
2024-03-01 15:30:00,CPRX,17.19499969482422,17.19499969482422,17.209999084472656,17.18000030517578,17.200000762939453,10848.0
2024-03-01 15:30:00,CPSI,9.300000190734863,9.300000190734863,9.300000190734863,9.279999732971191,9.279999732971191,539.0
2024-03-01 15:30:00,CRBP,33.90999984741211,33.90999984741211,34.0,33.70000076293945,33.70000076293945,2600.0
2024-03-01 15:30:00,CRBU,7.810800075531006,7.810800075531006,7.815000057220459,7.800000190734863,7.815000057220459,9906.0
2024-03-01 15:30:00,CRDF,2.789900064468384,2.789900064468384,2.7899999618530273,2.740000009536743,2.759999990463257,90707.0
2024-03-01 15:30:00,CRMD,3.6600000858306885,3.6600000858306885,3.6600000858306885,3.6600000858306885,3.6600000858306885,210.0
2024-03-01 15:30:00,CRNX,45.915000915527344,45.915000915527344,45.9900016784668,45.90999984741211,45.9900016784668,2241.0
2024-03-01 15:30:00,CRON,2.02020001411438,2.02020001411438,2.0299999713897705,2.0199999809265137,2.0199999809265137,6915.0
2024-03-01 15:30:00,CRSP,84.58000183105469,84.58000183105469,84.70149993896484,84.58000183105469,84.70149993896484,1238.0
2024-03-01 15:30:00,CRVS,2.1900999546051025,2.1900999546051025,2.1900999546051025,2.1900999546051025,2.1900999546051025,1382.0
2024-03-01 15:30:00,CSTL,19.90999984741211,19.90999984741211,19.90999984741211,19.899999618530273,19.899999618530273,1815.0
2024-03-01 15:30:00,CTKB,9.029999732971191,9.029999732971191,9.029999732971191,9.020000457763672,9.020000457763672,4511.0
2024-03-01 15:30:00,CTMX,2.565000057220459,2.565000057220459,2.569999933242798,2.559999942779541,2.569999933242798,3251.0
2024-03-01 15:30:00,CUTR,2.4049999713897705,2.4049999713897705,2.4049999713897705,2.3949999809265137,2.3949999809265137,1203.0
2024-03-01 15:30:00,CVAC,3.444999933242798,3.444999933242798,3.444999933242798,3.444999933242798,3.444999933242798,355.0
2024-03-01 15:30:00,CVRX,20.729999542236328,20.729999542236328,20.729999542236328,20.71500015258789,20.729999542236328,1396.0
2024-03-01 15:30:00,CYT,3.0999999046325684,3.0999999046325684,3.0999999046325684,3.0999999046325684,3.0999999046325684,100.0
2024-03-01 15:30:00,CYTK,73.93499755859375,73.93499755859375,73.94499969482422,73.9000015258789,73.94499969482422,1663.0
2024-03-01 15:30:00,CYTO,2.350100040435791,2.350100040435791,2.350100040435791,2.3499999046325684,2.3499999046325684,1940.0
2024-03-01 15:30:00,DAWN,17.6200008392334,17.6200008392334,17.6200008392334,17.600000381469727,17.610000610351562,698.0
2024-03-01 15:30:00,DCGO,4.079999923706055,4.079999923706055,4.085000038146973,4.079999923706055,4.085000038146973,1318.0
2024-03-01 15:30:00,DCPH,17.5,17.5,17.514999389648438,17.489999771118164,17.514999389648438,4127.0
2024-03-01 15:30:00,DMTK,0.8371000289916992,0.8371000289916992,0.8371000289916992,0.8371000289916992,0.8371000289916992,1000.0
2024-03-01 15:30:00,DNLI,21.06999969482422,21.06999969482422,21.079999923706055,21.065000534057617,21.079999923706055,2598.0
2024-03-01 15:30:00,DTIL,12.720000267028809,12.720000267028809,12.739999771118164,12.6899995803833,12.729999542236328,970.0
2024-03-01 15:30:00,DVAX,12.795000076293945,12.795000076293945,12.795000076293945,12.78499984741211,12.78499984741211,5182.0
2024-03-01 15:30:00,DXCM,121.11000061035156,121.11000061035156,121.12000274658203,121.04499816894531,121.04499816894531,14058.0
2024-03-01 15:30:00,DYN,29.125,29.125,29.1299991607666,29.09000015258789,29.100000381469727,5151.0
2024-03-01 15:30:00,EDAP,6.949999809265137,6.949999809265137,6.949999809265137,6.900000095367432,6.900000095367432,854.0
2024-03-01 15:30:00,EDIT,10.734999656677246,10.734999656677246,10.755000114440918,10.725000381469727,10.755000114440918,10058.0
2024-03-01 15:30:00,EFTR,16.520000457763672,16.520000457763672,16.649999618530273,16.459999084472656,16.649999618530273,2435.0
2024-03-01 15:30:00,EGRX,6.545000076293945,6.545000076293945,6.559999942779541,6.545000076293945,6.559999942779541,825.0
2024-03-01 15:30:00,EKSO,2.0,2.0,2.0,2.0,2.0,1570.0
2024-03-01 15:30:00,ELEV,5.086999893188477,5.086999893188477,5.089000225067139,5.070000171661377,5.070000171661377,1905.0
2024-03-01 15:30:00,EMBC,14.295000076293945,14.295000076293945,14.295000076293945,14.289999961853027,14.289999961853027,639.0
2024-03-01 15:30:00,ENSG,121.56999969482422,121.56999969482422,121.56999969482422,121.5,121.5,1602.0
2024-03-01 15:30:00,ENTA,15.550000190734863,15.550000190734863,15.550000190734863,15.550000190734863,15.550000190734863,482.0
2024-03-01 15:30:00,ENTX,1.399999976158142,1.399999976158142,1.399999976158142,1.399999976158142,1.399999976158142,134.0
2024-03-01 15:30:00,ENVB,1.5499999523162842,1.5499999523162842,1.5499999523162842,1.5306999683380127,1.5306999683380127,13730.0
2024-03-01 15:30:00,EOLS,14.920000076293945,14.920000076293945,14.920000076293945,14.90999984741211,14.90999984741211,763.0
2024-03-01 15:30:00,ERAS,2.6050000190734863,2.6050000190734863,2.615000009536743,2.5999999046325684,2.615000009536743,12270.0
2024-03-01 15:30:00,ESPR,2.555000066757202,2.555000066757202,2.555000066757202,2.549999952316284,2.555000066757202,3876.0
2024-03-01 15:30:00,ESTA,43.93000030517578,43.93000030517578,44.04249954223633,43.900001525878906,44.0,1492.0
2024-03-01 15:30:00,ETNB,12.6875,12.6875,12.6899995803833,12.670000076293945,12.6850004196167,7738.0
2024-03-01 15:30:00,EVO,7.489999771118164,7.489999771118164,7.489999771118164,7.489999771118164,7.489999771118164,201.0
2024-03-01 15:30:00,EWTX,16.709999084472656,16.709999084472656,16.850000381469727,16.709999084472656,16.850000381469727,8280.0
2024-03-01 15:30:00,EXAI,6.539999961853027,6.539999961853027,6.549900054931641,6.539999961853027,6.549900054931641,2086.0
2024-03-01 15:30:00,EXAS,59.459999084472656,59.459999084472656,59.5,59.459999084472656,59.494998931884766,4619.0
2024-03-01 15:30:00,EXEL,22.2549991607666,22.2549991607666,22.295000076293945,22.25,22.27680015563965,27071.0
2024-03-01 15:30:00,EYEN,2.450000047683716,2.450000047683716,2.450000047683716,2.4184999465942383,2.4200000762939453,9887.0
2024-03-01 15:30:00,EYPT,28.0049991607666,28.0049991607666,28.0049991607666,27.989999771118164,27.989999771118164,609.0
2024-03-01 15:30:00,FATE,7.730000019073486,7.730000019073486,7.730000019073486,7.715000152587891,7.724999904632568,11213.0
2024-03-01 15:30:00,FDMT,29.450000762939453,29.450000762939453,29.450000762939453,29.450000762939453,29.450000762939453,177.0
2024-03-01 15:30:00,FEMY,1.809999942779541,1.809999942779541,1.809999942779541,1.809999942779541,1.809999942779541,250.0
2024-03-01 15:30:00,FGEN,1.8250000476837158,1.8250000476837158,1.8250000476837158,1.8250000476837158,1.8250000476837158,277.0
2024-03-01 15:30:00,FIXX,0.8841999769210815,0.8841999769210815,0.8902000188827515,0.8841999769210815,0.8902000188827515,1184.0
2024-03-01 15:30:00,FLGT,23.100000381469727,23.100000381469727,23.1200008392334,23.100000381469727,23.1200008392334,1310.0
2024-03-01 15:30:00,FOLD,13.3100004196167,13.3100004196167,13.3100004196167,13.300000190734863,13.305000305175781,7933.0
2024-03-01 15:30:00,FULC,10.960000038146973,10.960000038146973,10.979999542236328,10.960000038146973,10.979999542236328,1271.0
2024-03-01 15:30:00,FUSN,12.1899995803833,12.1899995803833,12.260000228881836,12.1899995803833,12.260000228881836,6859.0
2024-03-01 15:30:00,GANX,4.630000114440918,4.630000114440918,4.639999866485596,4.610000133514404,4.639999866485596,705.0
2024-03-01 15:30:00,GCTK,0.3070000112056732,0.3070000112056732,0.3070000112056732,0.3070000112056732,0.3070000112056732,700.0
2024-03-01 15:30:00,GDRX,8.404999732971191,8.404999732971191,8.430000305175781,8.404999732971191,8.425000190734863,7929.0
2024-03-01 15:30:00,GERN,2.255000114440918,2.255000114440918,2.259999990463257,2.255000114440918,2.255000114440918,5223.0
2024-03-01 15:30:00,GH,19.010000228881836,19.010000228881836,19.03499984741211,19.010000228881836,19.030000686645508,4724.0
2024-03-01 15:30:00,GHRS,8.390000343322754,8.390000343322754,8.390000343322754,8.390000343322754,8.390000343322754,431.0
2024-03-01 15:30:00,GILD,72.5,72.5,72.51499938964844,72.45999908447266,72.51499938964844,18650.0
2024-03-01 15:30:00,GLTO,0.8199999928474426,0.8199999928474426,0.8199999928474426,0.8162000179290771,0.8162000179290771,900.0
2024-03-01 15:30:00,GLYC,3.0399999618530273,3.0399999618530273,3.0399999618530273,3.0199999809265137,3.0199999809265137,5010.0
2024-03-01 15:30:00,GMAB,29.3700008392334,29.3700008392334,29.3700008392334,29.353300094604492,29.353300094604492,562.0
2024-03-01 15:30:00,GOSS,1.409999966621399,1.409999966621399,1.409999966621399,1.4049999713897705,1.4049999713897705,1403.0
2024-03-01 15:30:00,GRFS,7.014999866485596,7.014999866485596,7.014999866485596,7.014999866485596,7.014999866485596,2611.0
2024-03-01 15:30:00,GRTS,2.0199999809265137,2.0199999809265137,2.0250000953674316,2.0199999809265137,2.0199999809265137,2993.0
2024-03-01 15:30:00,GTHX,3.7300000190734863,3.7300000190734863,3.75,3.7300000190734863,3.75,11947.0
2024-03-01 15:30:00,HALO,41.029998779296875,41.029998779296875,41.029998779296875,40.994998931884766,40.994998931884766,1825.0
2024-03-01 15:30:00,HARP,22.940000534057617,22.940000534057617,22.940000534057617,22.940000534057617,22.940000534057617,484.0
2024-03-01 15:30:00,HBIO,4.329999923706055,4.329999923706055,4.329999923706055,4.329999923706055,4.329999923706055,236.0
2024-03-01 15:30:00,HCAT,8.079999923706055,8.079999923706055,8.09000015258789,8.079999923706055,8.079999923706055,1886.0
2024-03-01 15:30:00,HCM,15.15999984741211,15.15999984741211,15.15999984741211,15.15999984741211,15.15999984741211,153.0
2024-03-01 15:30:00,HCSG,12.829999923706055,12.829999923706055,12.829999923706055,12.824999809265137,12.824999809265137,2209.0
2024-03-01 15:30:00,HCTI,2.0199999809265137,2.0199999809265137,2.0350000858306885,2.0199999809265137,2.0201001167297363,1428.0
2024-03-01 15:30:00,HLTH,0.267300009727478,0.267300009727478,0.267300009727478,0.267300009727478,0.267300009727478,255.0
2024-03-01 15:30:00,HLVX,19.1299991607666,19.1299991607666,19.190000534057617,19.125,19.190000534057617,1794.0
2024-03-01 15:30:00,HOLX,74.1500015258789,74.1500015258789,74.1500015258789,74.08000183105469,74.0999984741211,7029.0
2024-03-01 15:30:00,HOOK,0.7610999941825867,0.7610999941825867,0.7610999941825867,0.7610999941825867,0.7610999941825867,12346.0
2024-03-01 15:30:00,HQY,81.26499938964844,81.26499938964844,81.30999755859375,81.26499938964844,81.29000091552734,1150.0
2024-03-01 15:30:00,HRMY,31.815000534057617,31.815000534057617,31.81999969482422,31.799999237060547,31.799999237060547,893.0
2024-03-01 15:30:00,HROW,10.9350004196167,10.9350004196167,10.9350004196167,10.9350004196167,10.9350004196167,481.0
2024-03-01 15:30:00,HRTX,2.5950000286102295,2.5950000286102295,2.5999999046325684,2.5950000286102295,2.5950000286102295,2587.0
2024-03-01 15:30:00,HSDT,4.650000095367432,4.650000095367432,4.659999847412109,4.650000095367432,4.650000095367432,2138.0
2024-03-01 15:30:00,HSIC,77.01499938964844,77.01499938964844,77.0199966430664,76.94999694824219,76.96499633789062,5140.0
2024-03-01 15:30:00,HUMA,3.265000104904175,3.265000104904175,3.2699999809265137,3.259999990463257,3.259999990463257,12517.0
2024-03-01 15:30:00,IART,36.099998474121094,36.099998474121094,36.099998474121094,36.09000015258789,36.099998474121094,3174.0
2024-03-01 15:30:00,IBRX,4.791500091552734,4.791500091552734,4.795000076293945,4.789999961853027,4.789999961853027,1655.0
2024-03-01 15:30:00,ICLR,325.0249938964844,325.0249938964844,325.04998779296875,324.8900146484375,325.04998779296875,942.0
2024-03-01 15:30:00,ICUI,105.94000244140625,105.94000244140625,105.94000244140625,105.94000244140625,105.94000244140625,488.0
2024-03-01 15:30:00,IDYA,46.40999984741211,46.40999984741211,46.415000915527344,46.40999984741211,46.415000915527344,612.0
2024-03-01 15:30:00,ILMN,140.88499450683594,140.88499450683594,140.88499450683594,140.83999633789062,140.88499450683594,1089.0
2024-03-01 15:30:00,IMAB,1.7999999523162842,1.7999999523162842,1.7999999523162842,1.7999999523162842,1.7999999523162842,100.0
2024-03-01 15:30:00,IMCC,0.32810598611831665,0.32810598611831665,0.32810598611831665,0.32010000944137573,0.32109999656677246,2665.0
2024-03-01 15:30:00,IMCR,67.83999633789062,67.83999633789062,67.8499984741211,67.81999969482422,67.8499984741211,2811.0
2024-03-01 15:30:00,IMMX,3.4600000381469727,3.4600000381469727,3.4600000381469727,3.450000047683716,3.4600000381469727,603.0
2024-03-01 15:30:00,IMNM,25.420000076293945,25.420000076293945,25.420000076293945,25.399999618530273,25.40999984741211,471.0
2024-03-01 15:30:00,IMNN,1.0099999904632568,1.0099999904632568,1.0099999904632568,1.0099999904632568,1.0099999904632568,1206.0
2024-03-01 15:30:00,IMTX,12.899999618530273,12.899999618530273,12.899999618530273,12.899999618530273,12.899999618530273,248.0
2024-03-01 15:30:00,IMUX,1.4509999752044678,1.4509999752044678,1.4509999752044678,1.4500000476837158,1.4500000476837158,3139.0
2024-03-01 15:30:00,IMVT,35.65999984741211,35.65999984741211,35.65999984741211,35.650001525878906,35.65999984741211,1080.0
2024-03-01 15:30:00,INCY,59.07500076293945,59.07500076293945,59.08000183105469,59.07500076293945,59.08000183105469,952.0
2024-03-01 15:30:00,INGN,6.925000190734863,6.925000190734863,6.929999828338623,6.885000228881836,6.885000228881836,14852.0
2024-03-01 15:30:00,INMB,12.404999732971191,12.404999732971191,12.404999732971191,12.319999694824219,12.319999694824219,1402.0
2024-03-01 15:30:00,INMD,22.93000030517578,22.93000030517578,22.93000030517578,22.90999984741211,22.90999984741211,3039.0
2024-03-01 15:30:00,INO,9.604999542236328,9.604999542236328,9.604999542236328,9.604999542236328,9.604999542236328,882.0
2024-03-01 15:30:00,INSM,28.020000457763672,28.020000457763672,28.059999465942383,28.020000457763672,28.059999465942383,2596.0
2024-03-01 15:30:00,INVA,15.4350004196167,15.4350004196167,15.4350004196167,15.425000190734863,15.430000305175781,5396.0
2024-03-01 15:30:00,INZY,6.565000057220459,6.565000057220459,6.565000057220459,6.565000057220459,6.565000057220459,227.0
2024-03-01 15:30:00,IONS,45.529998779296875,45.529998779296875,45.540000915527344,45.505001068115234,45.525001525878906,4940.0
2024-03-01 15:30:00,IOVA,16.940000534057617,16.940000534057617,16.940000534057617,16.920000076293945,16.920000076293945,7894.0
2024-03-01 15:30:00,IPSC,3.9649999141693115,3.9649999141693115,3.9649999141693115,3.9549999237060547,3.9549999237060547,1371.0
2024-03-01 15:30:00,IRIX,2.6500000953674316,2.6500000953674316,2.6500000953674316,2.6500000953674316,2.6500000953674316,134.0
2024-03-01 15:30:00,IRMD,41.630001068115234,41.630001068115234,41.630001068115234,41.505001068115234,41.505001068115234,378.0
2024-03-01 15:30:00,IRTC,120.73999786376953,120.73999786376953,121.06999969482422,120.6050033569336,121.01899719238281,9671.0
2024-03-01 15:30:00,IRWD,8.904999732971191,8.904999732971191,8.90999984741211,8.899999618530273,8.904999732971191,29928.0
2024-03-01 15:30:00,ISRG,398.20001220703125,398.20001220703125,398.3500061035156,398.1300964355469,398.1300964355469,3716.0
2024-03-01 15:30:00,ITCI,72.2699966430664,72.2699966430664,72.30500030517578,72.2300033569336,72.30500030517578,2423.0
2024-03-01 15:30:00,ITOS,11.15999984741211,11.15999984741211,11.170000076293945,11.15999984741211,11.170000076293945,2286.0
2024-03-01 15:30:00,IVA,3.969899892807007,3.969899892807007,3.969899892807007,3.969899892807007,3.969899892807007,5000.0
2024-03-01 15:30:00,JAGX,0.08139999955892563,0.08139999955892563,0.0820000022649765,0.08089999854564667,0.08089999854564667,743228.0
2024-03-01 15:30:00,JANX,46.18000030517578,46.18000030517578,46.18000030517578,46.0,46.04999923706055,21552.0
2024-03-01 15:30:00,JAZZ,118.91500091552734,118.91500091552734,118.97000122070312,118.82499694824219,118.83000183105469,6611.0
2024-03-01 15:30:00,JSPR,21.969999313354492,21.969999313354492,21.969999313354492,21.969999313354492,21.969999313354492,163.0
2024-03-01 15:30:00,JYNT,9.949999809265137,9.949999809265137,9.949999809265137,9.949999809265137,9.949999809265137,271.0
2024-03-01 15:30:00,KALV,14.109999656677246,14.109999656677246,14.109999656677246,14.109999656677246,14.109999656677246,275.0
2024-03-01 15:30:00,KNSA,21.770000457763672,21.770000457763672,21.844999313354492,21.770000457763672,21.84000015258789,6057.0
2024-03-01 15:30:00,KNTE,2.5899999141693115,2.5899999141693115,2.5999999046325684,2.5899999141693115,2.5899999141693115,604.0
2024-03-01 15:30:00,KOD,6.010000228881836,6.010000228881836,6.010000228881836,6.005000114440918,6.005000114440918,686.0
2024-03-01 15:30:00,KPTI,1.2000000476837158,1.2000000476837158,1.2000000476837158,1.2000000476837158,1.2000000476837158,1219.0
2024-03-01 15:30:00,KRON,1.059999942779541,1.059999942779541,1.059999942779541,1.059999942779541,1.059999942779541,125.0
2024-03-01 15:30:00,KROS,68.8499984741211,68.8499984741211,68.8499984741211,68.8499984741211,68.8499984741211,380.0
2024-03-01 15:30:00,KRTX,315.7900085449219,315.7900085449219,315.80999755859375,315.7200012207031,315.80999755859375,1213.0
2024-03-01 15:30:00,KRYS,168.82000732421875,168.82000732421875,168.82000732421875,168.82000732421875,168.82000732421875,828.0
2024-03-01 15:30:00,KTRA,0.10040000081062317,0.10040000081062317,0.10239999741315842,0.10040000081062317,0.10239999741315842,6820.0
2024-03-01 15:30:00,KURA,21.670000076293945,21.670000076293945,21.690000534057617,21.649999618530273,21.690000534057617,2870.0
2024-03-01 15:30:00,KZR,1.0299999713897705,1.0299999713897705,1.034999966621399,1.0299999713897705,1.0299999713897705,2766.0
2024-03-01 15:30:00,LAB,2.4600000381469727,2.4600000381469727,2.4600000381469727,2.4549999237060547,2.4600000381469727,1884.0
2024-03-01 15:30:00,LBPH,21.579999923706055,21.579999923706055,21.600000381469727,21.579999923706055,21.600000381469727,313.0
2024-03-01 15:30:00,LEXX,2.799999952316284,2.799999952316284,2.799999952316284,2.79010009765625,2.79010009765625,1365.0
2024-03-01 15:30:00,LFMD,7.994999885559082,7.994999885559082,7.994999885559082,7.989999771118164,7.989999771118164,1010.0
2024-03-01 15:30:00,LFST,7.775000095367432,7.775000095367432,7.784999847412109,7.775000095367432,7.784999847412109,4933.0
2024-03-01 15:30:00,LGVN,0.5449000000953674,0.5449000000953674,0.5449000000953674,0.5449000000953674,0.5449000000953674,270.0
2024-03-01 15:30:00,LIAN,4.875,4.875,4.875,4.869999885559082,4.869999885559082,202.0
2024-03-01 15:30:00,LIVN,55.41999816894531,55.41999816894531,55.42499923706055,55.41999816894531,55.42499923706055,934.0
2024-03-01 15:30:00,LMAT,68.08999633789062,68.08999633789062,68.08999633789062,68.02179718017578,68.02179718017578,701.0
2024-03-01 15:30:00,LNTH,64.45999908447266,64.45999908447266,64.45999908447266,64.38999938964844,64.38999938964844,3167.0
2024-03-01 15:30:00,LPTX,2.880000114440918,2.880000114440918,2.880000114440918,2.8499999046325684,2.8499999046325684,942.0
2024-03-01 15:30:00,LQDA,14.609999656677246,14.609999656677246,14.614999771118164,14.59000015258789,14.600000381469727,3691.0
2024-03-01 15:30:00,LRMR,11.274999618530273,11.274999618530273,11.274999618530273,11.260000228881836,11.260000228881836,1089.0
2024-03-01 15:30:00,LTRN,4.199999809265137,4.199999809265137,4.239999771118164,4.179999828338623,4.199999809265137,2290.0
2024-03-01 15:30:00,LXRX,2.4749999046325684,2.4749999046325684,2.4749999046325684,2.4749999046325684,2.4749999046325684,301.0
2024-03-01 15:30:00,LYEL,3.130000114440918,3.130000114440918,3.130000114440918,3.130000114440918,3.130000114440918,144.0
2024-03-01 15:30:00,LYRA,5.65500020980835,5.65500020980835,5.65500020980835,5.639999866485596,5.650000095367432,1380.0
2024-03-01 15:30:00,MASI,127.80000305175781,127.80000305175781,127.80000305175781,127.80000305175781,127.80000305175781,561.0
2024-03-01 15:30:00,MASS,7.300000190734863,7.300000190734863,7.300000190734863,7.300000190734863,7.300000190734863,154.0
2024-03-01 15:30:00,MBRX,0.6110000014305115,0.6110000014305115,0.6110000014305115,0.6110000014305115,0.6110000014305115,201.0
2024-03-01 15:30:00,MCRB,1.2200000286102295,1.2200000286102295,1.2200000286102295,1.2200000286102295,1.2200000286102295,105.0
2024-03-01 15:30:00,MDGL,250.14999389648438,250.14999389648438,250.14999389648438,250.14999389648438,250.14999389648438,848.0
2024-03-01 15:30:00,MDRX,6.0,6.0,6.050000190734863,6.0,6.0,93365.0
2024-03-01 15:30:00,MDXG,8.595000267028809,8.595000267028809,8.600000381469727,8.579999923706055,8.59000015258789,2644.0
2024-03-01 15:30:00,MDXH,3.7249999046325684,3.7249999046325684,3.7300000190734863,3.7249999046325684,3.7300000190734863,277.0
2024-03-01 15:30:00,ME,0.551800012588501,0.551800012588501,0.5519000291824341,0.551800012588501,0.5519000291824341,2053.0
2024-03-01 15:30:00,MEDP,404.5799865722656,404.5799865722656,404.5799865722656,404.5799865722656,404.5799865722656,698.0
2024-03-01 15:30:00,MESO,2.0299999713897705,2.0299999713897705,2.0299999713897705,2.0299999713897705,2.0299999713897705,634.0
2024-03-01 15:30:00,MGNX,18.739999771118164,18.739999771118164,18.75,18.729999542236328,18.735000610351562,10702.0
2024-03-01 15:30:00,MIRM,29.229999542236328,29.229999542236328,29.25,29.229999542236328,29.239999771118164,1812.0
2024-03-01 15:30:00,MIST,1.6679999828338623,1.6679999828338623,1.6679999828338623,1.659999966621399,1.659999966621399,739.0
2024-03-01 15:30:00,MLTX,50.869998931884766,50.869998931884766,50.880001068115234,50.810001373291016,50.810001373291016,1382.0
2024-03-01 15:30:00,MMSI,76.19999694824219,76.19999694824219,76.19999694824219,76.19999694824219,76.19999694824219,422.0
2024-03-01 15:30:00,MNKD,4.550000190734863,4.550000190734863,4.550000190734863,4.534999847412109,4.534999847412109,7076.0
2024-03-01 15:30:00,MNMD,6.15500020980835,6.15500020980835,6.167600154876709,6.150000095367432,6.167600154876709,3768.0
2024-03-01 15:30:00,MNPR,0.8913999795913696,0.8913999795913696,0.9100000262260437,0.8913999795913696,0.9100000262260437,1025.0
2024-03-01 15:30:00,MODD,1.909999966621399,1.909999966621399,1.909999966621399,1.909999966621399,1.909999966621399,300.0
2024-03-01 15:30:00,MODV,28.18000030517578,28.18000030517578,28.190000534057617,28.18000030517578,28.190000534057617,478.0
2024-03-01 15:30:00,MOR,17.690000534057617,17.690000534057617,17.690000534057617,17.68000030517578,17.681299209594727,1883.0
2024-03-01 15:30:00,MORF,39.65999984741211,39.65999984741211,39.65999984741211,39.61000061035156,39.61000061035156,1045.0
2024-03-01 15:30:00,MREO,3.9472999572753906,3.9472999572753906,3.9649999141693115,3.940000057220459,3.9600000381469727,14067.0
2024-03-01 15:30:00,MRNA,95.73999786376953,95.73999786376953,95.73999786376953,95.62000274658203,95.68499755859375,8204.0
2024-03-01 15:30:00,MRNS,9.960000038146973,9.960000038146973,9.979999542236328,9.949999809265137,9.979999542236328,5299.0
2024-03-01 15:30:00,MRSN,5.945000171661377,5.945000171661377,5.980000019073486,5.945000171661377,5.96999979019165,7495.0
2024-03-01 15:30:00,MRUS,51.529998779296875,51.529998779296875,51.560001373291016,51.529998779296875,51.560001373291016,1207.0
2024-03-01 15:30:00,MRVI,7.670000076293945,7.670000076293945,7.675000190734863,7.670000076293945,7.670000076293945,3181.0
2024-03-01 15:30:00,MXCT,4.735000133514404,4.735000133514404,4.735000133514404,4.735000133514404,4.735000133514404,219.0
2024-03-01 15:30:00,MYGN,21.979999542236328,21.979999542236328,21.979999542236328,21.979999542236328,21.979999542236328,1185.0
2024-03-01 15:30:00,MYMD,3.369999885559082,3.369999885559082,3.369999885559082,3.369999885559082,3.369999885559082,112.0
2024-03-01 15:30:00,NARI,45.849998474121094,45.849998474121094,45.8650016784668,45.849998474121094,45.85499954223633,7435.0
2024-03-01 15:30:00,NBIX,131.8300018310547,131.8300018310547,131.85000610351562,131.8300018310547,131.85000610351562,995.0
2024-03-01 15:30:00,NCNA,0.3199999928474426,0.3199999928474426,0.3199999928474426,0.3199999928474426,0.3199999928474426,113.0
2024-03-01 15:30:00,NEO,15.90999984741211,15.90999984741211,15.90999984741211,15.90999984741211,15.90999984741211,521.0
2024-03-01 15:30:00,NGM,1.5199999809265137,1.5199999809265137,1.5199999809265137,1.5199999809265137,1.5199999809265137,2611.0
2024-03-01 15:30:00,NKTR,0.7595999836921692,0.7595999836921692,0.7618499994277954,0.7595999836921692,0.7599999904632568,9093.0
2024-03-01 15:30:00,NKTX,12.699999809265137,12.699999809265137,12.720000267028809,12.670000076293945,12.670000076293945,4274.0
2024-03-01 15:30:00,NMTC,1.2200000286102295,1.2200000286102295,1.2200000286102295,1.2200000286102295,1.2200000286102295,1814.0
2024-03-01 15:30:00,NNOX,10.979999542236328,10.979999542236328,10.984999656677246,10.975000381469727,10.984999656677246,4623.0
2024-03-01 15:30:00,NRIX,13.470000267028809,13.470000267028809,13.5,13.470000267028809,13.5,1757.0
2024-03-01 15:30:00,NRSN,2.009999990463257,2.009999990463257,2.009999990463257,2.007200002670288,2.007499933242798,1972.0
2024-03-01 15:30:00,NRXP,0.4300000071525574,0.4300000071525574,0.43700000643730164,0.4300000071525574,0.43700000643730164,3507.0
2024-03-01 15:30:00,NTLA,33.209999084472656,33.209999084472656,33.209999084472656,33.18000030517578,33.19499969482422,5415.0
2024-03-01 15:30:00,NTRA,89.77999877929688,89.77999877929688,89.80000305175781,89.76000213623047,89.7699966430664,6158.0
2024-03-01 15:30:00,NURO,4.03000020980835,4.03000020980835,4.03000020980835,4.017199993133545,4.029900074005127,3332.0
2024-03-01 15:30:00,NUTX,0.1137000024318695,0.1137000024318695,0.11379999667406082,0.1137000024318695,0.1137000024318695,1021.0
2024-03-01 15:30:00,NUVL,87.32499694824219,87.32499694824219,87.33000183105469,87.32499694824219,87.33000183105469,364.0
2024-03-01 15:30:00,NUWE,0.593999981880188,0.593999981880188,0.593999981880188,0.5899999737739563,0.5899999737739563,2076.0
2024-03-01 15:30:00,NVAX,5.449999809265137,5.449999809265137,5.449999809265137,5.4328999519348145,5.434999942779541,25546.0
2024-03-01 15:30:00,NVCR,16.114999771118164,16.114999771118164,16.114999771118164,16.110000610351562,16.110000610351562,1494.0
2024-03-01 15:30:00,NVNO,6.46999979019165,6.46999979019165,6.46999979019165,6.400000095367432,6.400000095367432,1200.0
2024-03-01 15:30:00,OCGN,0.9509999752044678,0.9509999752044678,0.9522500038146973,0.9509000182151794,0.9509000182151794,5083.0
2024-03-01 15:30:00,OCUL,10.604999542236328,10.604999542236328,10.619999885559082,10.604999542236328,10.609999656677246,8401.0
2024-03-01 15:30:00,OCUP,2.50600004196167,2.50600004196167,2.50600004196167,2.505000114440918,2.505000114440918,380.0
2024-03-01 15:30:00,OGI,2.1600000858306885,2.1600000858306885,2.1600000858306885,2.1549999713897705,2.1600000858306885,541.0
2024-03-01 15:30:00,OLK,22.9950008392334,22.9950008392334,23.0,22.9950008392334,23.0,530.0
2024-03-01 15:30:00,OLMA,14.870200157165527,14.870200157165527,14.890000343322754,14.870200157165527,14.890000343322754,1937.0
2024-03-01 15:30:00,OMCL,26.25,26.25,26.25,26.229999542236328,26.235000610351562,1741.0
2024-03-01 15:30:00,OMER,4.820000171661377,4.820000171661377,4.820000171661377,4.820000171661377,4.820000171661377,1205.0
2024-03-01 15:30:00,ONCY,1.1176999807357788,1.1176999807357788,1.1176999807357788,1.1100000143051147,1.1100000143051147,7054.0
2024-03-01 15:31:00,AADI,1.9500000476837158,1.9500000476837158,1.958799958229065,1.9500000476837158,1.958799958229065,2011.0
2024-03-01 15:31:00,ABCL,5.060999870300293,5.060999870300293,5.065000057220459,5.059999942779541,5.065000057220459,4192.0
2024-03-01 15:31:00,ABEO,7.769999980926514,7.769999980926514,7.769999980926514,7.744999885559082,7.75,3606.0
2024-03-01 15:31:00,ABOS,4.678800106048584,4.678800106048584,4.684999942779541,4.670000076293945,4.684999942779541,3291.0
2024-03-01 15:31:00,ABSI,5.514999866485596,5.514999866485596,5.514999866485596,5.5,5.505000114440918,6472.0
2024-03-01 15:31:00,ABUS,2.780100107192993,2.780100107192993,2.7850000858306885,2.780100107192993,2.7850000858306885,428.0
2024-03-01 15:31:00,ACAD,24.104999542236328,24.104999542236328,24.1200008392334,24.09000015258789,24.1200008392334,8475.0
2024-03-01 15:31:00,ACB,3.190000057220459,3.190000057220459,3.196000099182129,3.190000057220459,3.190000057220459,2416.0
2024-03-01 15:31:00,ACCD,10.010000228881836,10.010000228881836,10.029999732971191,10.010000228881836,10.029999732971191,8085.0
2024-03-01 15:31:00,ACET,2.390000104904175,2.390000104904175,2.390000104904175,2.380000114440918,2.384999990463257,714.0
2024-03-01 15:31:00,ACHC,84.18000030517578,84.18000030517578,84.18000030517578,84.12000274658203,84.12000274658203,1376.0
2024-03-01 15:31:00,ACHL,1.368299961090088,1.368299961090088,1.368299961090088,1.368299961090088,1.368299961090088,152.0
2024-03-01 15:31:00,ACHV,4.434999942779541,4.434999942779541,4.434999942779541,4.429999828338623,4.434999942779541,3402.0
2024-03-01 15:31:00,ACLX,67.4000015258789,67.4000015258789,67.41999816894531,67.38999938964844,67.41999816894531,1720.0
2024-03-01 15:31:00,ACON,0.39989998936653137,0.39989998936653137,0.39989998936653137,0.39989998936653137,0.39989998936653137,200.0
2024-03-01 15:31:00,ACRS,1.2200000286102295,1.2200000286102295,1.2300000190734863,1.2200000286102295,1.2300000190734863,3465.0
2024-03-01 15:31:00,ADIL,3.0799999237060547,3.0799999237060547,3.0799999237060547,3.059999942779541,3.069999933242798,10806.0
2024-03-01 15:31:00,ADMA,5.525000095367432,5.525000095367432,5.53000020980835,5.525000095367432,5.525000095367432,14179.0
2024-03-01 15:31:00,ADPT,4.039999961853027,4.039999961853027,4.050000190734863,4.039999961853027,4.050000190734863,4265.0
2024-03-01 15:31:00,ADUS,93.7699966430664,93.7699966430664,93.7699966430664,93.62999725341797,93.62999725341797,1817.0
2024-03-01 15:31:00,ADVM,1.9199999570846558,1.9199999570846558,1.9249999523162842,1.9199999570846558,1.9249999523162842,1620.0
2024-03-01 15:31:00,AFMD,0.6700999736785889,0.6700999736785889,0.675000011920929,0.6700999736785889,0.675000011920929,5723.0
2024-03-01 15:31:00,AGEN,0.6700999736785889,0.6700999736785889,0.6700999736785889,0.6700000166893005,0.6700999736785889,3093.0
2024-03-01 15:31:00,AGIO,32.209999084472656,32.209999084472656,32.255001068115234,32.209999084472656,32.255001068115234,2549.0
2024-03-01 15:31:00,AHCO,10.470000267028809,10.470000267028809,10.489999771118164,10.470000267028809,10.475000381469727,9829.0
2024-03-01 15:31:00,AIRS,6.460000038146973,6.460000038146973,6.460000038146973,6.449999809265137,6.449999809265137,691.0
2024-03-01 15:31:00,AKBA,1.6799999475479126,1.6799999475479126,1.6799999475479126,1.6799999475479126,1.6799999475479126,1089.0
2024-03-01 15:31:00,AKLI,0.34209999442100525,0.34209999442100525,0.35409000515937805,0.34209999442100525,0.35260000824928284,6895.0
2024-03-01 15:31:00,AKRO,28.459999084472656,28.459999084472656,28.489999771118164,28.43000030517578,28.489999771118164,3677.0
2024-03-01 15:31:00,AKYA,6.039999961853027,6.039999961853027,6.039999961853027,6.039999961853027,6.039999961853027,101.0
2024-03-01 15:31:00,ALDX,4.23859977722168,4.23859977722168,4.239999771118164,4.23859977722168,4.239999771118164,2215.0
2024-03-01 15:31:00,ALEC,7.380000114440918,7.380000114440918,7.380000114440918,7.370299816131592,7.370299816131592,825.0
2024-03-01 15:31:00,ALGN,302.2099914550781,302.2099914550781,302.2799987792969,302.2099914550781,302.2799987792969,534.0
2024-03-01 15:31:00,ALHC,5.590000152587891,5.590000152587891,5.599999904632568,5.579999923706055,5.59499979019165,8971.0
2024-03-01 15:31:00,ALKS,30.204999923706055,30.204999923706055,30.204999923706055,30.190000534057617,30.190000534057617,5367.0
2024-03-01 15:31:00,ALLK,1.659999966621399,1.659999966621399,1.659999966621399,1.6549999713897705,1.659999966621399,11072.0
2024-03-01 15:31:00,ALLO,4.929999828338623,4.929999828338623,4.934999942779541,4.929999828338623,4.934999942779541,1248.0
2024-03-01 15:31:00,ALNY,152.71499633789062,152.71499633789062,152.77999877929688,152.61000061035156,152.61000061035156,1693.0
2024-03-01 15:31:00,ALPN,35.91999816894531,35.91999816894531,35.91999816894531,35.91999816894531,35.91999816894531,386.0
2024-03-01 15:31:00,ALRN,5.019999980926514,5.019999980926514,5.019999980926514,5.019999980926514,5.019999980926514,1433.0
2024-03-01 15:31:00,ALT,12.180000305175781,12.180000305175781,12.220000267028809,12.180000305175781,12.199999809265137,10742.0
2024-03-01 15:31:00,ALVO,15.630000114440918,15.630000114440918,15.630000114440918,15.625,15.630000114440918,1149.0
2024-03-01 15:31:00,ALXO,15.0,15.0,15.010000228881836,15.0,15.010000228881836,3253.0
2024-03-01 15:31:00,AMGN,280.8399963378906,280.8399963378906,280.9150085449219,280.80999755859375,280.885009765625,8545.0
2024-03-01 15:31:00,AMLX,18.7549991607666,18.7549991607666,18.770000457763672,18.75,18.75,4378.0
2024-03-01 15:31:00,AMPH,45.95000076293945,45.95000076293945,45.97999954223633,45.83000183105469,45.869998931884766,4592.0
2024-03-01 15:31:00,AMRN,1.0499999523162842,1.0499999523162842,1.0549999475479126,1.0499999523162842,1.0549999475479126,2047.0
2024-03-01 15:31:00,ANAB,25.424999237060547,25.424999237060547,25.424999237060547,25.424999237060547,25.424999237060547,238.0
2024-03-01 15:31:00,ANIP,66.93000030517578,66.93000030517578,66.93000030517578,66.93000030517578,66.93000030517578,304.0
2024-03-01 15:31:00,ANNX,6.039999961853027,6.039999961853027,6.045000076293945,6.039999961853027,6.045000076293945,551.0
2024-03-01 15:31:00,APLS,64.23999786376953,64.23999786376953,64.3550033569336,64.19999694824219,64.33999633789062,11113.0
2024-03-01 15:31:00,APLT,7.070000171661377,7.070000171661377,7.079999923706055,7.053800106048584,7.070000171661377,2465.0
2024-03-01 15:31:00,AQST,4.125,4.125,4.125,4.119999885559082,4.119999885559082,2209.0
2024-03-01 15:31:00,ARCT,39.75,39.75,39.75,39.75,39.75,103.0
2024-03-01 15:31:00,ARDX,9.380000114440918,9.380000114440918,9.40999984741211,9.380000114440918,9.40999984741211,21828.0
2024-03-01 15:31:00,ARGX,392.06500244140625,392.06500244140625,392.07000732421875,392.06500244140625,392.07000732421875,2429.0
2024-03-01 15:31:00,ARQT,11.4350004196167,11.4350004196167,11.449999809265137,11.4350004196167,11.444999694824219,11309.0
2024-03-01 15:31:00,ARVN,47.54999923706055,47.54999923706055,47.763999938964844,47.540000915527344,47.7400016784668,3821.0
2024-03-01 15:31:00,ARWR,35.68000030517578,35.68000030517578,35.709999084472656,35.650001525878906,35.70000076293945,6389.0
2024-03-01 15:31:00,ASND,154.64999389648438,154.64999389648438,154.64999389648438,154.57000732421875,154.57000732421875,666.0
2024-03-01 15:31:00,ASRT,0.8934999704360962,0.8934999704360962,0.8934999704360962,0.8934500217437744,0.8934500217437744,1937.0
2024-03-01 15:31:00,ATAI,2.1298999786376953,2.1298999786376953,2.1298999786376953,2.115000009536743,2.115000009536743,9720.0
2024-03-01 15:31:00,ATEC,13.5,13.5,13.510000228881836,13.5,13.5,2083.0
2024-03-01 15:31:00,ATHA,3.9549999237060547,3.9549999237060547,3.9549999237060547,3.9549999237060547,3.9549999237060547,486.0
2024-03-01 15:31:00,ATRA,0.7851499915122986,0.7851499915122986,0.7851499915122986,0.7803999781608582,0.7803999781608582,2399.0
2024-03-01 15:31:00,ATRC,36.165000915527344,36.165000915527344,36.16999816894531,36.15999984741211,36.16999816894531,2251.0
2024-03-01 15:31:00,ATXS,14.930000305175781,14.930000305175781,14.9399995803833,14.930000305175781,14.9399995803833,1246.0
2024-03-01 15:31:00,AUGX,4.539999961853027,4.539999961853027,4.539999961853027,4.534999847412109,4.534999847412109,745.0
2024-03-01 15:31:00,AUPH,5.764999866485596,5.764999866485596,5.764999866485596,5.764999866485596,5.764999866485596,355.0
2024-03-01 15:31:00,AUTL,6.250500202178955,6.250500202178955,6.260000228881836,6.224999904632568,6.224999904632568,12762.0
2024-03-01 15:31:00,AVDL,13.414999961853027,13.414999961853027,13.430000305175781,13.40999984741211,13.420000076293945,10371.0
2024-03-01 15:31:00,AVXL,5.295000076293945,5.295000076293945,5.300000190734863,5.295000076293945,5.300000190734863,3226.0
2024-03-01 15:31:00,AXGN,10.664999961853027,10.664999961853027,10.680000305175781,10.65999984741211,10.670000076293945,1399.0
2024-03-01 15:31:00,AXNX,67.79000091552734,67.79000091552734,67.79000091552734,67.79000091552734,67.79000091552734,324.0
2024-03-01 15:31:00,AXSM,82.61000061035156,82.61000061035156,82.61000061035156,82.59500122070312,82.59500122070312,1042.0
2024-03-01 15:31:00,AZN,64.63999938964844,64.63999938964844,64.66000366210938,64.63999938964844,64.6500015258789,8598.0
2024-03-01 15:31:00,AZTA,67.08999633789062,67.08999633789062,67.08999633789062,67.08999633789062,67.08999633789062,468.0
2024-03-01 15:31:00,BBIO,35.79499816894531,35.79499816894531,35.810001373291016,35.79499816894531,35.810001373291016,1451.0
2024-03-01 15:31:00,BCAB,2.8350000381469727,2.8350000381469727,2.8399999141693115,2.8350000381469727,2.8350000381469727,610.0
2024-03-01 15:31:00,BCDA,0.5709999799728394,0.5709999799728394,0.5709999799728394,0.5709999799728394,0.5709999799728394,100.0
2024-03-01 15:31:00,BCRX,5.659999847412109,5.659999847412109,5.670000076293945,5.659999847412109,5.664999961853027,1238.0
2024-03-01 15:31:00,BCYC,25.799999237060547,25.799999237060547,25.799999237060547,25.799999237060547,25.799999237060547,220.0
2024-03-01 15:31:00,BDTX,4.7118000984191895,4.7118000984191895,4.715000152587891,4.699999809265137,4.704999923706055,3228.0
2024-03-01 15:31:00,BEAM,39.85499954223633,39.85499954223633,39.900001525878906,39.849998474121094,39.880001068115234,2298.0
2024-03-01 15:31:00,BEAT,1.5700000524520874,1.5700000524520874,1.5708999633789062,1.5700000524520874,1.5708999633789062,843.0
2024-03-01 15:31:00,BFRI,0.8901000022888184,0.8901000022888184,0.8920999765396118,0.8901000022888184,0.8920999765396118,1986.0
2024-03-01 15:31:00,BIIB,221.0399932861328,221.0399932861328,221.0399932861328,220.97000122070312,220.97000122070312,420.0
2024-03-01 15:31:00,BIOL,0.14630000293254852,0.14630000293254852,0.14640000462532043,0.1449500024318695,0.1449500024318695,118304.0
2024-03-01 15:31:00,BIOR,1.1100000143051147,1.1100000143051147,1.1100000143051147,1.1100000143051147,1.1100000143051147,125.0
2024-03-01 15:31:00,BIVI,1.8700000047683716,1.8700000047683716,1.9199999570846558,1.8700000047683716,1.909999966621399,69484.0
2024-03-01 15:31:00,BJDX,0.8199999928474426,0.8199999928474426,0.8199999928474426,0.8198999762535095,0.8198999762535095,1278.0
2024-03-01 15:31:00,BLFS,17.860000610351562,17.860000610351562,17.860000610351562,17.860000610351562,17.860000610351562,200.0
2024-03-01 15:31:00,BLUE,1.5800000429153442,1.5800000429153442,1.5800000429153442,1.5700000524520874,1.5750000476837158,12802.0
2024-03-01 15:31:00,BMEA,17.969999313354492,17.969999313354492,18.040000915527344,17.959999084472656,18.040000915527344,1414.0
2024-03-01 15:31:00,BMRN,87.8550033569336,87.8550033569336,87.94000244140625,87.8499984741211,87.91999816894531,5811.0
2024-03-01 15:31:00,BNGO,1.2549999952316284,1.2549999952316284,1.2599999904632568,1.2549999952316284,1.2599999904632568,769.0
2024-03-01 15:31:00,BNR,0.8100000023841858,0.8100000023841858,0.8100000023841858,0.8100000023841858,0.8100000023841858,100.0
2024-03-01 15:31:00,BNTX,90.7300033569336,90.7300033569336,90.79000091552734,90.7300033569336,90.79000091552734,1500.0
2024-03-01 15:31:00,BOLT,1.2300000190734863,1.2300000190734863,1.2400000095367432,1.2100000381469727,1.2100000381469727,6579.0
2024-03-01 15:31:00,BPMC,95.81999969482422,95.81999969482422,95.8949966430664,95.79000091552734,95.79000091552734,1813.0
2024-03-01 15:31:00,BRKR,88.40499877929688,88.40499877929688,88.41649627685547,88.40499877929688,88.41649627685547,492.0
2024-03-01 15:31:00,BTMD,5.889999866485596,5.889999866485596,5.889999866485596,5.889999866485596,5.889999866485596,232.0
2024-03-01 15:31:00,BTTX,0.1837249994277954,0.1837249994277954,0.1837249994277954,0.1837249994277954,0.1837249994277954,1305.0
2024-03-01 15:31:00,BVS,4.789999961853027,4.789999961853027,4.800000190734863,4.789999961853027,4.800000190734863,1723.0
2024-03-01 15:31:00,BWAY,6.589900016784668,6.589900016784668,6.599999904632568,6.579999923706055,6.579999923706055,4132.0
2024-03-01 15:31:00,CABA,23.969999313354492,23.969999313354492,23.969999313354492,23.969999313354492,23.969999313354492,205.0
2024-03-01 15:31:00,CARA,0.9257000088691711,0.9257000088691711,0.9257000088691711,0.9257000088691711,0.9257000088691711,627.0
2024-03-01 15:31:00,CBAY,32.22999954223633,32.22999954223633,32.22999954223633,32.22999954223633,32.22999954223633,1857.0
2024-03-01 15:31:00,CCCC,10.984999656677246,10.984999656677246,11.0,10.984999656677246,10.994999885559082,3018.0
2024-03-01 15:31:00,CCRN,18.34000015258789,18.34000015258789,18.34000015258789,18.31999969482422,18.31999969482422,1071.0
2024-03-01 15:31:00,CDMO,8.25,8.25,8.25,8.243000030517578,8.25,4119.0
2024-03-01 15:31:00,CDNA,12.494999885559082,12.494999885559082,12.5,12.494999885559082,12.494999885559082,2579.0
2024-03-01 15:31:00,CDXS,4.65500020980835,4.65500020980835,4.65500020980835,4.650000095367432,4.650000095367432,3172.0
2024-03-01 15:31:00,CERE,41.1150016784668,41.1150016784668,41.1150016784668,41.11000061035156,41.1150016784668,2146.0
2024-03-01 15:31:00,CERS,2.184999942779541,2.184999942779541,2.184999942779541,2.180000066757202,2.180000066757202,1258.0
2024-03-01 15:31:00,CERT,18.15169906616211,18.15169906616211,18.15999984741211,18.15169906616211,18.15999984741211,807.0
2024-03-01 15:31:00,CGC,3.1912999153137207,3.1912999153137207,3.194999933242798,3.1898999214172363,3.190000057220459,8446.0
2024-03-01 15:31:00,CGEN,2.684999942779541,2.684999942779541,2.684999942779541,2.680999994277954,2.680999994277954,336.0
2024-03-01 15:31:00,CHRS,2.4049999713897705,2.4049999713897705,2.4100000858306885,2.4049999713897705,2.4100000858306885,2369.0
2024-03-01 15:31:00,CKPT,2.2032999992370605,2.2032999992370605,2.2032999992370605,2.2032999992370605,2.2032999992370605,279.0
2024-03-01 15:31:00,CLDX,51.810001373291016,51.810001373291016,51.83000183105469,51.810001373291016,51.83000183105469,1355.0
2024-03-01 15:31:00,CLOV,0.8659499883651733,0.8659499883651733,0.8661500215530396,0.8658999800682068,0.866100013256073,46863.0
2024-03-01 15:31:00,CLPT,6.617000102996826,6.617000102996826,6.617000102996826,6.617000102996826,6.617000102996826,195.0
2024-03-01 15:31:00,CLRB,4.090000152587891,4.090000152587891,4.090000152587891,4.090000152587891,4.090000152587891,526.0
2024-03-01 15:31:00,CMPS,11.5,11.5,11.510000228881836,11.489999771118164,11.5,1850.0
2024-03-01 15:31:00,CNSP,0.3230000138282776,0.3230000138282776,0.33889999985694885,0.3230000138282776,0.33889999985694885,4838.0
2024-03-01 15:31:00,COGT,7.190000057220459,7.190000057220459,7.190000057220459,7.179999828338623,7.190000057220459,1119.0
2024-03-01 15:31:00,COLL,36.869998931884766,36.869998931884766,36.90999984741211,36.869998931884766,36.90999984741211,2465.0
2024-03-01 15:31:00,CORT,24.270000457763672,24.270000457763672,24.280000686645508,24.270000457763672,24.270000457763672,4233.0
2024-03-01 15:31:00,CPRX,17.18000030517578,17.18000030517578,17.209999084472656,17.18000030517578,17.19499969482422,12236.0
2024-03-01 15:31:00,CPSI,9.300000190734863,9.300000190734863,9.300000190734863,9.300000190734863,9.300000190734863,624.0
2024-03-01 15:31:00,CRBP,34.0,34.0,34.0,34.0,34.0,444.0
2024-03-01 15:31:00,CRBU,7.804999828338623,7.804999828338623,7.804999828338623,7.802499771118164,7.802499771118164,549.0
2024-03-01 15:31:00,CRDF,2.839900016784668,2.839900016784668,2.8499999046325684,2.782399892807007,2.7994000911712646,164772.0
2024-03-01 15:31:00,CRMD,3.6600000858306885,3.6600000858306885,3.6700000762939453,3.6600000858306885,3.6700000762939453,495.0
2024-03-01 15:31:00,CRNX,45.880001068115234,45.880001068115234,45.92499923706055,45.880001068115234,45.92499923706055,1153.0
2024-03-01 15:31:00,CRON,2.0250000953674316,2.0250000953674316,2.0250000953674316,2.0199999809265137,2.0201001167297363,7274.0
2024-03-01 15:31:00,CRSP,84.51000213623047,84.51000213623047,84.62000274658203,84.51000213623047,84.58999633789062,1921.0
2024-03-01 15:31:00,CTKB,9.024999618530273,9.024999618530273,9.029999732971191,9.022500038146973,9.029999732971191,1510.0
2024-03-01 15:31:00,CTMX,2.549999952316284,2.549999952316284,2.559999942779541,2.5450000762939453,2.559999942779541,34951.0
2024-03-01 15:31:00,CUTR,2.399199962615967,2.399199962615967,2.4000000953674316,2.399199962615967,2.4000000953674316,2674.0
2024-03-01 15:31:00,CVAC,3.434999942779541,3.434999942779541,3.440000057220459,3.434999942779541,3.440000057220459,2060.0
2024-03-01 15:31:00,CVRX,20.700000762939453,20.700000762939453,20.709999084472656,20.700000762939453,20.709999084472656,488.0
2024-03-01 15:31:00,CYTK,73.86499786376953,73.86499786376953,73.94000244140625,73.86499786376953,73.94000244140625,1808.0
2024-03-01 15:31:00,DAWN,17.56999969482422,17.56999969482422,17.614999771118164,17.56999969482422,17.614999771118164,2283.0
2024-03-01 15:31:00,DCGO,4.085000038146973,4.085000038146973,4.090000152587891,4.079999923706055,4.079999923706055,3708.0
2024-03-01 15:31:00,DCPH,17.4950008392334,17.4950008392334,17.5,17.489999771118164,17.5,1729.0
2024-03-01 15:31:00,DH,8.819999694824219,8.819999694824219,8.819999694824219,8.800000190734863,8.800000190734863,536.0
2024-03-01 15:31:00,DMTK,0.8370000123977661,0.8370000123977661,0.8370000123977661,0.8370000123977661,0.8370000123977661,2059.0
2024-03-01 15:31:00,DNLI,21.059999465942383,21.059999465942383,21.06999969482422,21.049999237060547,21.06999969482422,1711.0
2024-03-01 15:31:00,DSGN,2.880000114440918,2.880000114440918,2.880000114440918,2.875,2.880000114440918,1086.0
2024-03-01 15:31:00,DTIL,12.739999771118164,12.739999771118164,12.739999771118164,12.739999771118164,12.739999771118164,329.0
2024-03-01 15:31:00,DVAX,12.795000076293945,12.795000076293945,12.795000076293945,12.795000076293945,12.795000076293945,656.0
2024-03-01 15:31:00,DXCM,121.17500305175781,121.17500305175781,121.19000244140625,121.08000183105469,121.12999725341797,10377.0
2024-03-01 15:31:00,DYN,29.1200008392334,29.1200008392334,29.145000457763672,29.1200008392334,29.139999389648438,1958.0
2024-03-01 15:31:00,EDIT,10.71500015258789,10.71500015258789,10.739999771118164,10.710000038146973,10.739999771118164,4701.0
2024-03-01 15:31:00,EGRX,6.530700206756592,6.530700206756592,6.539999961853027,6.530099868774414,6.539999961853027,1175.0
2024-03-01 15:31:00,EIGR,7.345799922943115,7.345799922943115,7.345799922943115,7.345799922943115,7.345799922943115,372.0
2024-03-01 15:31:00,ELEV,5.040800094604492,5.040800094604492,5.070000171661377,5.010000228881836,5.070000171661377,21031.0
2024-03-01 15:31:00,EMBC,14.295000076293945,14.295000076293945,14.295000076293945,14.295000076293945,14.295000076293945,445.0
2024-03-01 15:31:00,ENSC,0.9182000160217285,0.9182000160217285,0.9182000160217285,0.9182000160217285,0.9182000160217285,602.0
2024-03-01 15:31:00,ENSG,121.58000183105469,121.58000183105469,121.5999984741211,121.58000183105469,121.58000183105469,1646.0
2024-03-01 15:31:00,ENTA,15.529999732971191,15.529999732971191,15.529999732971191,15.520000457763672,15.529999732971191,1939.0
2024-03-01 15:31:00,ENVB,1.5499999523162842,1.5499999523162842,1.5499999523162842,1.5302000045776367,1.5499999523162842,4960.0
2024-03-01 15:31:00,EOLS,14.904999732971191,14.904999732971191,14.920000076293945,14.899999618530273,14.920000076293945,1309.0
2024-03-01 15:31:00,EPIX,9.59000015258789,9.59000015258789,9.59000015258789,9.59000015258789,9.59000015258789,100.0
2024-03-01 15:31:00,ESPR,2.549999952316284,2.549999952316284,2.559999942779541,2.549999952316284,2.559999942779541,19190.0
2024-03-01 15:31:00,ESTA,43.60499954223633,43.60499954223633,43.84000015258789,43.60499954223633,43.84000015258789,1527.0
2024-03-01 15:31:00,ETNB,12.6850004196167,12.6850004196167,12.6899995803833,12.680000305175781,12.680000305175781,2940.0
2024-03-01 15:31:00,EWTX,16.719999313354492,16.719999313354492,16.719999313354492,16.719999313354492,16.719999313354492,234.0
2024-03-01 15:31:00,EXAI,6.545000076293945,6.545000076293945,6.549900054931641,6.545000076293945,6.549900054931641,2201.0
2024-03-01 15:31:00,EXAS,59.43000030517578,59.43000030517578,59.474998474121094,59.38999938964844,59.470001220703125,7150.0
2024-03-01 15:31:00,EXEL,22.2549991607666,22.2549991607666,22.2549991607666,22.25,22.25,1596.0
2024-03-01 15:31:00,EYEN,2.4391000270843506,2.4391000270843506,2.4549999237060547,2.430000066757202,2.4549999237060547,5750.0
2024-03-01 15:31:00,EYPT,28.0049991607666,28.0049991607666,28.0049991607666,28.0049991607666,28.0049991607666,375.0
2024-03-01 15:31:00,FATE,7.739999771118164,7.739999771118164,7.744999885559082,7.739999771118164,7.739999771118164,5967.0
2024-03-01 15:31:00,FBIO,2.380000114440918,2.380000114440918,2.380000114440918,2.379699945449829,2.380000114440918,3482.0
2024-03-01 15:31:00,FDMT,29.3799991607666,29.3799991607666,29.450000762939453,29.3799991607666,29.450000762939453,2178.0
2024-03-01 15:31:00,FEMY,1.809999942779541,1.809999942779541,1.809999942779541,1.809999942779541,1.809999942779541,1514.0
2024-03-01 15:31:00,FGEN,1.8300000429153442,1.8300000429153442,1.8300000429153442,1.8250000476837158,1.8250000476837158,9575.0
2024-03-01 15:31:00,FLGT,23.139999389648438,23.139999389648438,23.139999389648438,23.110000610351562,23.110000610351562,1154.0
2024-03-01 15:31:00,FOLD,13.335000038146973,13.335000038146973,13.335000038146973,13.319999694824219,13.319999694824219,6281.0
2024-03-01 15:31:00,FONR,22.604999542236328,22.604999542236328,22.604999542236328,22.604999542236328,22.604999542236328,180.0
2024-03-01 15:31:00,FORA,3.0,3.0,3.009999990463257,2.990000009536743,2.990000009536743,10270.0
2024-03-01 15:31:00,FULC,10.960000038146973,10.960000038146973,10.960000038146973,10.960000038146973,10.960000038146973,968.0
2024-03-01 15:31:00,FUSN,12.1850004196167,12.1850004196167,12.1899995803833,12.170000076293945,12.180000305175781,15845.0
2024-03-01 15:31:00,GANX,4.630000114440918,4.630000114440918,4.630000114440918,4.630000114440918,4.630000114440918,9015.0
2024-03-01 15:31:00,GCTK,0.3050000071525574,0.3050000071525574,0.3070000112056732,0.3050000071525574,0.3070000112056732,1300.0
2024-03-01 15:31:00,GDRX,8.395000457763672,8.395000457763672,8.404999732971191,8.390000343322754,8.404999732971191,5371.0
2024-03-01 15:31:00,GENE,2.3499999046325684,2.3499999046325684,2.3499999046325684,2.3499999046325684,2.3499999046325684,100.0
2024-03-01 15:31:00,GERN,2.25600004196167,2.25600004196167,2.259999990463257,2.25,2.255000114440918,68776.0
2024-03-01 15:31:00,GH,18.989999771118164,18.989999771118164,19.010000228881836,18.981000900268555,19.010000228881836,4096.0
2024-03-01 15:31:00,GILD,72.45500183105469,72.45500183105469,72.5,72.44999694824219,72.49500274658203,9130.0
2024-03-01 15:31:00,GLPG,35.029998779296875,35.029998779296875,35.040000915527344,35.029998779296875,35.040000915527344,398.0
2024-03-01 15:31:00,GLTO,0.8111000061035156,0.8111000061035156,0.8111000061035156,0.8111000061035156,0.8111000061035156,300.0
2024-03-01 15:31:00,GLUE,6.349999904632568,6.349999904632568,6.349999904632568,6.349999904632568,6.349999904632568,106.0
2024-03-01 15:31:00,GLYC,3.0399999618530273,3.0399999618530273,3.049999952316284,3.0299999713897705,3.049999952316284,3681.0
2024-03-01 15:31:00,GMAB,29.329999923706055,29.329999923706055,29.375,29.329999923706055,29.375,3446.0
2024-03-01 15:31:00,GOSS,1.4049999713897705,1.4049999713897705,1.4049999713897705,1.399999976158142,1.4049999713897705,8046.0
2024-03-01 15:31:00,GOVX,2.4804999828338623,2.4804999828338623,2.4804999828338623,2.4804999828338623,2.4804999828338623,393.0
2024-03-01 15:31:00,GRFS,7.034999847412109,7.034999847412109,7.034999847412109,7.019999980926514,7.019999980926514,4534.0
2024-03-01 15:31:00,GRTS,2.0199999809265137,2.0199999809265137,2.0250000953674316,2.0199999809265137,2.0199999809265137,4039.0
2024-03-01 15:31:00,GTHX,3.7149999141693115,3.7149999141693115,3.734999895095825,3.7139999866485596,3.734999895095825,6682.0
2024-03-01 15:31:00,HALO,41.060001373291016,41.060001373291016,41.060001373291016,41.029998779296875,41.029998779296875,3553.0
2024-03-01 15:31:00,HCAT,8.074999809265137,8.074999809265137,8.079999923706055,8.069999694824219,8.079999923706055,2801.0
2024-03-01 15:31:00,HCSG,12.835000038146973,12.835000038146973,12.835000038146973,12.829999923706055,12.835000038146973,3228.0
2024-03-01 15:31:00,HCTI,2.0399999618530273,2.0399999618530273,2.0399999618530273,2.033400058746338,2.033400058746338,434.0
2024-03-01 15:31:00,HLVX,19.145000457763672,19.145000457763672,19.145000457763672,19.145000457763672,19.145000457763672,303.0
2024-03-01 15:31:00,HOLX,74.13999938964844,74.13999938964844,74.16999816894531,74.13999938964844,74.15499877929688,8473.0
2024-03-01 15:31:00,HQY,81.23999786376953,81.23999786376953,81.26100158691406,81.23999786376953,81.26100158691406,1037.0
2024-03-01 15:31:00,HRMY,31.819499969482422,31.819499969482422,31.819499969482422,31.819499969482422,31.819499969482422,285.0
2024-03-01 15:31:00,HROW,10.9399995803833,10.9399995803833,10.9399995803833,10.930000305175781,10.930000305175781,1799.0
2024-03-01 15:31:00,HRTX,2.5999999046325684,2.5999999046325684,2.5999999046325684,2.5899999141693115,2.5950000286102295,4819.0
2024-03-01 15:31:00,HSCS,0.11939900368452072,0.11939900368452072,0.11939900368452072,0.11939900368452072,0.11939900368452072,1000.0
2024-03-01 15:31:00,HSDT,4.679999828338623,4.679999828338623,4.679999828338623,4.679999828338623,4.679999828338623,280.0
2024-03-01 15:31:00,HSIC,76.95999908447266,76.95999908447266,77.0,76.95999908447266,77.0,6091.0
2024-03-01 15:31:00,HSTM,27.219999313354492,27.219999313354492,27.280000686645508,27.219999313354492,27.280000686645508,1096.0
2024-03-01 15:31:00,HUMA,3.265000104904175,3.265000104904175,3.2699999809265137,3.259999990463257,3.2699999809265137,3371.0
2024-03-01 15:31:00,IART,36.09000015258789,36.09000015258789,36.09000015258789,36.08000183105469,36.08000183105469,883.0
2024-03-01 15:31:00,IBRX,4.798799991607666,4.798799991607666,4.798799991607666,4.784999847412109,4.795000076293945,12557.0
2024-03-01 15:31:00,ICLR,324.54998779296875,324.54998779296875,324.8699951171875,324.54998779296875,324.8500061035156,2738.0
2024-03-01 15:31:00,ICUI,105.8499984741211,105.8499984741211,105.94999694824219,105.8499984741211,105.94999694824219,1285.0
2024-03-01 15:31:00,IDXX,577.4600219726562,577.4600219726562,577.4600219726562,577.4600219726562,577.4600219726562,173.0
2024-03-01 15:31:00,IDYA,46.33000183105469,46.33000183105469,46.38999938964844,46.310001373291016,46.38999938964844,4289.0
2024-03-01 15:31:00,IGMS,12.859999656677246,12.859999656677246,12.859999656677246,12.859999656677246,12.859999656677246,273.0
2024-03-01 15:31:00,IINN,1.6629999876022339,1.6629999876022339,1.6799999475479126,1.6629999876022339,1.6740000247955322,13267.0
2024-03-01 15:31:00,IKNA,1.5,1.5,1.5,1.4900000095367432,1.4900000095367432,1695.0
2024-03-01 15:31:00,ILMN,140.77999877929688,140.77999877929688,140.88499450683594,140.77999877929688,140.88499450683594,2988.0
2024-03-01 15:31:00,IMAB,1.7901999950408936,1.7901999950408936,1.7949999570846558,1.7901999950408936,1.7904000282287598,1000.0
2024-03-01 15:31:00,IMCR,67.83000183105469,67.83000183105469,67.83000183105469,67.83000183105469,67.83000183105469,640.0
2024-03-01 15:31:00,IMNM,25.424999237060547,25.424999237060547,25.440000534057617,25.424999237060547,25.440000534057617,410.0
2024-03-01 15:31:00,IMTX,12.899999618530273,12.899999618530273,12.899999618530273,12.899999618530273,12.899999618530273,233.0
2024-03-01 15:31:00,IMUX,1.4500000476837158,1.4500000476837158,1.4500000476837158,1.4500000476837158,1.4500000476837158,381.0
2024-03-01 15:31:00,IMVT,35.63999938964844,35.63999938964844,35.63999938964844,35.63999938964844,35.63999938964844,1534.0
2024-03-01 15:31:00,INCY,59.099998474121094,59.099998474121094,59.119998931884766,59.06999969482422,59.07500076293945,4412.0
2024-03-01 15:31:00,INGN,6.920000076293945,6.920000076293945,6.925000190734863,6.909999847412109,6.925000190734863,11093.0
2024-03-01 15:31:00,INMB,12.380999565124512,12.380999565124512,12.42199993133545,12.380999565124512,12.42199993133545,817.0
2024-03-01 15:31:00,INMD,22.940000534057617,22.940000534057617,22.94499969482422,22.934999465942383,22.934999465942383,1870.0
2024-03-01 15:31:00,INSM,28.030000686645508,28.030000686645508,28.040000915527344,28.024999618530273,28.040000915527344,4862.0
2024-03-01 15:31:00,INVA,15.40999984741211,15.40999984741211,15.4350004196167,15.40999984741211,15.4350004196167,3650.0
2024-03-01 15:31:00,INZY,6.559999942779541,6.559999942779541,6.565000057220459,6.559999942779541,6.565000057220459,730.0
2024-03-01 15:31:00,IONS,45.54999923706055,45.54999923706055,45.560001373291016,45.529998779296875,45.540000915527344,4226.0
2024-03-01 15:31:00,IOVA,16.934999465942383,16.934999465942383,16.950000762939453,16.924999237060547,16.937000274658203,30643.0
2024-03-01 15:31:00,IRIX,2.6500000953674316,2.6500000953674316,2.6500000953674316,2.6500000953674316,2.6500000953674316,118.0
2024-03-01 15:31:00,IRTC,120.7249984741211,120.7249984741211,120.7249984741211,120.7249984741211,120.7249984741211,243.0
2024-03-01 15:31:00,IRWD,8.890000343322754,8.890000343322754,8.90999984741211,8.890000343322754,8.899999618530273,39299.0
2024-03-01 15:31:00,ISRG,398.07501220703125,398.07501220703125,398.2250061035156,398.04010009765625,398.15008544921875,6865.0
2024-03-01 15:31:00,ITCI,72.20500183105469,72.20500183105469,72.22000122070312,72.20500183105469,72.20999908447266,708.0
2024-03-01 15:31:00,ITRM,1.2699999809265137,1.2699999809265137,1.2699999809265137,1.2699999809265137,1.2699999809265137,419.0
2024-03-01 15:31:00,IVA,3.9579999446868896,3.9579999446868896,3.9579999446868896,3.9579999446868896,3.9579999446868896,278.0
2024-03-01 15:31:00,IVVD,3.9800000190734863,3.9800000190734863,3.9800000190734863,3.9749999046325684,3.9749999046325684,304.0
2024-03-01 15:31:00,JAGX,0.08299999684095383,0.08299999684095383,0.0835999995470047,0.08150000125169754,0.08240000158548355,72031.0
2024-03-01 15:31:00,JANX,46.20000076293945,46.20000076293945,46.38999938964844,46.18000030517578,46.18000030517578,14340.0
2024-03-01 15:31:00,JAZZ,118.94999694824219,118.94999694824219,118.94999694824219,118.88500213623047,118.91999816894531,738.0
2024-03-01 15:31:00,JSPR,22.0,22.0,22.0,22.0,22.0,160.0
2024-03-01 15:31:00,KALA,7.309999942779541,7.309999942779541,7.329999923706055,7.309999942779541,7.329999923706055,750.0
2024-03-01 15:31:00,KALV,14.100000381469727,14.100000381469727,14.119999885559082,14.09000015258789,14.119999885559082,3026.0
2024-03-01 15:31:00,KNSA,21.829999923706055,21.829999923706055,21.829999923706055,21.770000457763672,21.770000457763672,2679.0
2024-03-01 15:31:00,KNTE,2.5899999141693115,2.5899999141693115,2.5899999141693115,2.5899999141693115,2.5899999141693115,400.0
2024-03-01 15:31:00,KOD,6.0,6.0,6.005000114440918,6.0,6.0,2093.0
2024-03-01 15:31:00,KPTI,1.1950000524520874,1.1950000524520874,1.2000000476837158,1.190000057220459,1.2000000476837158,1100.0
2024-03-01 15:31:00,KRMD,2.119999885559082,2.119999885559082,2.119999885559082,2.119999885559082,2.119999885559082,160.0
2024-03-01 15:31:00,KROS,68.92250061035156,68.92250061035156,68.92250061035156,68.92250061035156,68.92250061035156,485.0
2024-03-01 15:31:00,KRTX,315.55999755859375,315.55999755859375,315.7650146484375,315.55999755859375,315.739990234375,2562.0
2024-03-01 15:31:00,KURA,21.649999618530273,21.649999618530273,21.65999984741211,21.649999618530273,21.65999984741211,1012.0
2024-03-01 15:31:00,KYMR,43.7400016784668,43.7400016784668,43.845001220703125,43.7400016784668,43.83000183105469,3209.0
2024-03-01 15:31:00,KZR,1.0399999618530273,1.0399999618530273,1.0399999618530273,1.0299999713897705,1.034999966621399,1735.0
2024-03-01 15:31:00,LAB,2.4600000381469727,2.4600000381469727,2.4600000381469727,2.4549999237060547,2.4600000381469727,1847.0
2024-03-01 15:31:00,LBPH,21.530000686645508,21.530000686645508,21.559999465942383,21.530000686645508,21.559999465942383,1960.0
2024-03-01 15:31:00,LEGN,65.5999984741211,65.5999984741211,65.61000061035156,65.58499908447266,65.58999633789062,5643.0
2024-03-01 15:31:00,LFMD,7.999000072479248,7.999000072479248,8.0,7.989999771118164,7.989999771118164,1337.0
2024-03-01 15:31:00,LFST,7.75,7.75,7.769999980926514,7.75,7.769999980926514,6632.0
2024-03-01 15:31:00,LGVN,0.5450000166893005,0.5450000166893005,0.5450000166893005,0.5400000214576721,0.5400000214576721,1165.0
2024-03-01 15:31:00,LIAN,4.875,4.875,4.875,4.869999885559082,4.869999885559082,423.0
2024-03-01 15:31:00,LIVN,55.400001525878906,55.400001525878906,55.41999816894531,55.400001525878906,55.41999816894531,495.0
2024-03-01 15:31:00,LNTH,64.3949966430664,64.3949966430664,64.44499969482422,64.37999725341797,64.44499969482422,3278.0
2024-03-01 15:31:00,LPTX,2.869999885559082,2.869999885559082,2.869999885559082,2.869999885559082,2.869999885559082,105.0
2024-03-01 15:31:00,LQDA,14.59000015258789,14.59000015258789,14.604999542236328,14.59000015258789,14.604999542236328,1745.0
2024-03-01 15:31:00,LRMR,11.279999732971191,11.279999732971191,11.319999694824219,11.279999732971191,11.305000305175781,1171.0
2024-03-01 15:31:00,LSTA,3.138700008392334,3.138700008392334,3.1500000953674316,3.138700008392334,3.1500000953674316,1055.0
2024-03-01 15:31:00,LTRN,4.2399001121521,4.2399001121521,4.239999771118164,4.199999809265137,4.199999809265137,2841.0
2024-03-01 15:31:00,LXRX,2.4800000190734863,2.4800000190734863,2.4800000190734863,2.4749999046325684,2.4800000190734863,858.0
2024-03-01 15:31:00,LYEL,3.130000114440918,3.130000114440918,3.130000114440918,3.122499942779541,3.122499942779541,503.0
2024-03-01 15:31:00,LYRA,5.644999980926514,5.644999980926514,5.650000095367432,5.644999980926514,5.650000095367432,1515.0
2024-03-01 15:31:00,MACK,14.710000038146973,14.710000038146973,14.710000038146973,14.710000038146973,14.710000038146973,554.0
2024-03-01 15:31:00,MASI,127.83000183105469,127.83000183105469,127.83000183105469,127.72000122070312,127.7300033569336,3563.0
2024-03-01 15:31:00,MASS,7.320000171661377,7.320000171661377,7.320000171661377,7.307700157165527,7.309999942779541,1659.0
2024-03-01 15:31:00,MBRX,0.6159999966621399,0.6159999966621399,0.6159999966621399,0.6159999966621399,0.6159999966621399,500.0
2024-03-01 15:31:00,MCRB,1.2200000286102295,1.2200000286102295,1.2300000190734863,1.2200000286102295,1.2200000286102295,2396.0
2024-03-01 15:31:00,MDGL,250.2100067138672,250.2100067138672,250.2100067138672,249.99000549316406,249.99000549316406,433.0
2024-03-01 15:31:00,MDRX,6.019999980926514,6.019999980926514,6.039999961853027,5.989999771118164,6.0,279526.0
2024-03-01 15:31:00,MDXG,8.579999923706055,8.579999923706055,8.595000267028809,8.579999923706055,8.595000267028809,6936.0
2024-03-01 15:31:00,ME,0.5519000291824341,0.5519000291824341,0.5519000291824341,0.551800012588501,0.551800012588501,15425.0
2024-03-01 15:31:00,MGTX,6.454999923706055,6.454999923706055,6.454999923706055,6.454999923706055,6.454999923706055,1331.0
2024-03-01 15:31:00,MHUA,0.6855000257492065,0.6855000257492065,0.6855000257492065,0.6855000257492065,0.6855000257492065,200.0
2024-03-01 15:31:00,MIRM,29.209999084472656,29.209999084472656,29.25,29.204999923706055,29.239999771118164,2730.0
2024-03-01 15:31:00,MIST,1.6649999618530273,1.6649999618530273,1.6699999570846558,1.6649999618530273,1.6698999404907227,5848.0
2024-03-01 15:31:00,MLTX,50.90999984741211,50.90999984741211,50.935001373291016,50.90999984741211,50.935001373291016,282.0
2024-03-01 15:31:00,MMSI,76.26000213623047,76.26000213623047,76.26000213623047,76.26000213623047,76.26000213623047,312.0
2024-03-01 15:31:00,MNKD,4.534999847412109,4.534999847412109,4.550000190734863,4.53000020980835,4.545000076293945,44634.0
2024-03-01 15:31:00,MNMD,6.158899784088135,6.158899784088135,6.159999847412109,6.158899784088135,6.159999847412109,1876.0
2024-03-01 15:31:00,MNPR,0.9100000262260437,0.9100000262260437,0.9100000262260437,0.8917999863624573,0.9100000262260437,2535.0
2024-03-01 15:31:00,MODD,1.909999966621399,1.909999966621399,1.909999966621399,1.909999966621399,1.909999966621399,600.0
2024-03-01 15:31:00,MODV,28.229999542236328,28.229999542236328,28.239999771118164,28.174999237060547,28.174999237060547,3539.0
2024-03-01 15:31:00,MOR,17.700000762939453,17.700000762939453,17.700000762939453,17.690000534057617,17.690000534057617,315.0
2024-03-01 15:31:00,MORF,39.665000915527344,39.665000915527344,39.689998626708984,39.665000915527344,39.689998626708984,478.0
2024-03-01 15:31:00,MRAI,1.5850000381469727,1.5850000381469727,1.5850000381469727,1.5800000429153442,1.5809999704360962,2240.0
2024-03-01 15:31:00,MREO,3.948199987411499,3.948199987411499,3.9489998817443848,3.944999933242798,3.944999933242798,2758.0
2024-03-01 15:31:00,MRNA,95.66000366210938,95.66000366210938,95.75,95.66000366210938,95.72000122070312,3588.0
2024-03-01 15:31:00,MRNS,9.960000038146973,9.960000038146973,9.960000038146973,9.949999809265137,9.949999809265137,569.0
2024-03-01 15:31:00,MRSN,5.958799839019775,5.958799839019775,5.958799839019775,5.945000171661377,5.945000171661377,5016.0
2024-03-01 15:31:00,MRUS,51.560001373291016,51.560001373291016,51.560001373291016,51.53499984741211,51.53499984741211,706.0
2024-03-01 15:31:00,MRVI,7.670000076293945,7.670000076293945,7.679999828338623,7.670000076293945,7.670000076293945,3113.0
2024-03-01 15:31:00,MYGN,22.05500030517578,22.05500030517578,22.059999465942383,21.989999771118164,21.989999771118164,3940.0
2024-03-01 15:31:00,NAOV,0.9898999929428101,0.9898999929428101,0.9898999929428101,0.9898999929428101,0.9898999929428101,157.0
2024-03-01 15:31:00,NARI,45.70000076293945,45.70000076293945,45.86000061035156,45.70000076293945,45.849998474121094,24815.0
2024-03-01 15:31:00,NBIX,131.80999755859375,131.80999755859375,131.83999633789062,131.80499267578125,131.83999633789062,2821.0
2024-03-01 15:31:00,NEO,15.90999984741211,15.90999984741211,15.90999984741211,15.90999984741211,15.90999984741211,600.0
2024-03-01 15:31:00,NEOG,17.280000686645508,17.280000686645508,17.290000915527344,17.274999618530273,17.28499984741211,4505.0
2024-03-01 15:31:00,NEPT,0.41510000824928284,0.41510000824928284,0.41510000824928284,0.41510000824928284,0.41510000824928284,122.0
2024-03-01 15:31:00,NGM,1.5199999809265137,1.5199999809265137,1.5298999547958374,1.5199999809265137,1.5199999809265137,7378.0
2024-03-01 15:31:00,NKTR,0.7595999836921692,0.7595999836921692,0.7595999836921692,0.7595999836921692,0.7595999836921692,1170.0
2024-03-01 15:31:00,NKTX,12.699999809265137,12.699999809265137,12.720000267028809,12.699999809265137,12.720000267028809,930.0
2024-03-01 15:31:00,NMTC,1.2201000452041626,1.2201000452041626,1.2201000452041626,1.2200000286102295,1.2200000286102295,1000.0
2024-03-01 15:31:00,NNOX,10.954999923706055,10.954999923706055,10.970000267028809,10.954999923706055,10.970000267028809,1610.0
2024-03-01 15:31:00,NOTV,8.010000228881836,8.010000228881836,8.010000228881836,7.994200229644775,8.008999824523926,3592.0
2024-03-01 15:31:00,NRBO,6.170000076293945,6.170000076293945,6.170000076293945,6.090000152587891,6.090000152587891,351.0
2024-03-01 15:31:00,NRC,40.51499938964844,40.51499938964844,40.51499938964844,40.51499938964844,40.51499938964844,608.0
2024-03-01 15:31:00,NRIX,13.479999542236328,13.479999542236328,13.479999542236328,13.46500015258789,13.46500015258789,866.0
2024-03-01 15:31:00,NRXP,0.4438999891281128,0.4438999891281128,0.4438999891281128,0.4429999887943268,0.44350001215934753,1695.0
2024-03-01 15:31:00,NTLA,33.16999816894531,33.16999816894531,33.20000076293945,33.1609992980957,33.20000076293945,2436.0
2024-03-01 15:31:00,NTRA,89.7699966430664,89.7699966430664,89.79499816894531,89.73999786376953,89.77999877929688,3696.0
2024-03-01 15:31:00,NUTX,0.1137000024318695,0.1137000024318695,0.1137000024318695,0.1137000024318695,0.1137000024318695,925.0
2024-03-01 15:31:00,NUVL,87.2699966430664,87.2699966430664,87.32499694824219,87.2699966430664,87.32499694824219,508.0
2024-03-01 15:31:00,NVAX,5.474999904632568,5.474999904632568,5.474999904632568,5.443999767303467,5.445000171661377,114714.0
2024-03-01 15:31:00,NVCR,16.104999542236328,16.104999542236328,16.1200008392334,16.104999542236328,16.110000610351562,1964.0
2024-03-01 15:31:00,NVNO,6.409999847412109,6.409999847412109,6.440000057220459,6.409999847412109,6.440000057220459,437.0
2024-03-01 15:31:00,NXTC,1.7899999618530273,1.7899999618530273,1.7899999618530273,1.7899999618530273,1.7899999618530273,550.0
2024-03-01 15:31:00,OCGN,0.949999988079071,0.949999988079071,0.9520000219345093,0.949999988079071,0.9508000016212463,15624.0
2024-03-01 15:31:00,OCUL,10.609999656677246,10.609999656677246,10.609999656677246,10.604999542236328,10.604999542236328,288.0
2024-03-01 15:31:00,OFIX,12.885000228881836,12.885000228881836,12.885000228881836,12.880000114440918,12.880000114440918,489.0
2024-03-01 15:31:00,OGI,2.1649999618530273,2.1649999618530273,2.1649999618530273,2.1600000858306885,2.1600000858306885,18999.0
2024-03-01 15:31:00,OLK,23.0,23.0,23.0,22.9950008392334,22.9950008392334,1019.0
2024-03-01 15:31:00,OLMA,14.850000381469727,14.850000381469727,14.875,14.850000381469727,14.869999885559082,4757.0
2024-03-01 15:31:00,OM,3.0999999046325684,3.0999999046325684,3.0999999046325684,3.0999999046325684,3.0999999046325684,120.0
2024-03-01 15:31:00,OMCL,26.200000762939453,26.200000762939453,26.260000228881836,26.190000534057617,26.260000228881836,3909.0
2024-03-01 15:31:00,OMER,4.820000171661377,4.820000171661377,4.820000171661377,4.816100120544434,4.816100120544434,2454.0
2024-03-01 15:31:00,OMGA,4.379899978637695,4.379899978637695,4.389999866485596,4.369999885559082,4.389999866485596,2179.0
2024-03-01 15:31:00,OMIC,0.6029000282287598,0.6029000282287598,0.6029000282287598,0.6008999943733215,0.6008999943733215,1130.0
2024-03-01 15:31:00,ONCY,1.1100000143051147,1.1100000143051147,1.1100000143051147,1.1100000143051147,1.1100000143051147,240.0
2024-03-01 15:31:00,ONTX,0.8120999932289124,0.8120999932289124,0.8120999932289124,0.8120999932289124,0.8120999932289124,564.0
2024-03-01 15:32:00,ABCL,5.054999828338623,5.054999828338623,5.065000057220459,5.045000076293945,5.061299800872803,15952.0
2024-03-01 15:32:00,ABEO,7.78000020980835,7.78000020980835,7.789999961853027,7.760000228881836,7.760000228881836,515.0
2024-03-01 15:32:00,ABOS,4.684999942779541,4.684999942779541,4.684999942779541,4.679999828338623,4.679999828338623,1670.0
2024-03-01 15:32:00,ABSI,5.510000228881836,5.510000228881836,5.514999866485596,5.510000228881836,5.514999866485596,3025.0
2024-03-01 15:32:00,ABUS,2.7750000953674316,2.7750000953674316,2.7850000858306885,2.7701001167297363,2.7850000858306885,8283.0
2024-03-01 15:32:00,ACAD,24.075000762939453,24.075000762939453,24.104999542236328,24.075000762939453,24.104999542236328,5941.0
2024-03-01 15:32:00,ACB,3.195199966430664,3.195199966430664,3.195199966430664,3.190000057220459,3.190000057220459,2583.0
2024-03-01 15:32:00,ACCD,9.989999771118164,9.989999771118164,10.010000228881836,9.989999771118164,10.010000228881836,3370.0
2024-03-01 15:32:00,ACET,2.384999990463257,2.384999990463257,2.384999990463257,2.380000114440918,2.384999990463257,899.0
2024-03-01 15:32:00,ACHC,84.0999984741211,84.0999984741211,84.13999938964844,84.08999633789062,84.13999938964844,1473.0
2024-03-01 15:32:00,ACHV,4.440000057220459,4.440000057220459,4.440000057220459,4.425000190734863,4.429999828338623,9203.0
2024-03-01 15:32:00,ACIU,3.809999942779541,3.809999942779541,3.809999942779541,3.809999942779541,3.809999942779541,102.0
2024-03-01 15:32:00,ACLX,67.41000366210938,67.41000366210938,67.5199966430664,67.41000366210938,67.44999694824219,1159.0
2024-03-01 15:32:00,ACON,0.4000000059604645,0.4000000059604645,0.4000000059604645,0.3950999975204468,0.3950999975204468,200.0
2024-03-01 15:32:00,ACRS,1.2200000286102295,1.2200000286102295,1.225000023841858,1.2200000286102295,1.225000023841858,735.0
2024-03-01 15:32:00,ADAP,1.600000023841858,1.600000023841858,1.6100000143051147,1.600000023841858,1.600000023841858,11872.0
2024-03-01 15:32:00,ADIL,3.086199998855591,3.086199998855591,3.0999999046325684,3.059999942779541,3.069999933242798,30510.0
2024-03-01 15:32:00,ADMA,5.53000020980835,5.53000020980835,5.53000020980835,5.525000095367432,5.525000095367432,1890.0
2024-03-01 15:32:00,ADPT,4.039999961853027,4.039999961853027,4.045000076293945,4.039999961853027,4.039999961853027,1228.0
2024-03-01 15:32:00,ADUS,93.83999633789062,93.83999633789062,93.83999633789062,93.83999633789062,93.83999633789062,301.0
2024-03-01 15:32:00,ADVM,1.9199999570846558,1.9199999570846558,1.929900050163269,1.9199999570846558,1.9199999570846558,3782.0
2024-03-01 15:32:00,AFMD,0.6798999905586243,0.6798999905586243,0.6798999905586243,0.6798999905586243,0.6798999905586243,5057.0
2024-03-01 15:32:00,AGEN,0.6700500249862671,0.6700500249862671,0.6700999736785889,0.6700000166893005,0.6700999736785889,18526.0
2024-03-01 15:32:00,AGIO,32.189998626708984,32.189998626708984,32.22999954223633,32.189998626708984,32.209999084472656,3440.0
2024-03-01 15:32:00,AHCO,10.475000381469727,10.475000381469727,10.484999656677246,10.475000381469727,10.475000381469727,4251.0
2024-03-01 15:32:00,AIH,0.5400000214576721,0.5400000214576721,0.5400000214576721,0.5400000214576721,0.5400000214576721,100.0
2024-03-01 15:32:00,AKBA,1.6799999475479126,1.6799999475479126,1.684999942779541,1.6799999475479126,1.684999942779541,467.0
2024-03-01 15:32:00,AKRO,28.440000534057617,28.440000534057617,28.530000686645508,28.440000534057617,28.46500015258789,6260.0
2024-03-01 15:32:00,AKYA,6.019999980926514,6.019999980926514,6.019999980926514,6.019999980926514,6.019999980926514,278.0
2024-03-01 15:32:00,ALDX,4.235000133514404,4.235000133514404,4.239999771118164,4.235000133514404,4.239999771118164,410.0
2024-03-01 15:32:00,ALEC,7.369999885559082,7.369999885559082,7.375,7.369999885559082,7.369999885559082,335.0
2024-03-01 15:32:00,ALGN,302.010009765625,302.010009765625,302.260009765625,302.010009765625,302.260009765625,1189.0
2024-03-01 15:32:00,ALHC,5.590000152587891,5.590000152587891,5.59499979019165,5.579999923706055,5.590000152587891,23332.0
2024-03-01 15:32:00,ALKS,30.200000762939453,30.200000762939453,30.209999084472656,30.19499969482422,30.204999923706055,4405.0
2024-03-01 15:32:00,ALLK,1.659999966621399,1.659999966621399,1.659999966621399,1.659999966621399,1.659999966621399,994.0
2024-03-01 15:32:00,ALLO,4.920000076293945,4.920000076293945,4.934999942779541,4.920000076293945,4.934999942779541,6075.0
2024-03-01 15:32:00,ALNY,152.60499572753906,152.60499572753906,152.68499755859375,152.60499572753906,152.68499755859375,455.0
2024-03-01 15:32:00,ALPN,35.98500061035156,35.98500061035156,35.98500061035156,35.93000030517578,35.93000030517578,3914.0
2024-03-01 15:32:00,ALT,12.170000076293945,12.170000076293945,12.175000190734863,12.170000076293945,12.175000190734863,5462.0
2024-03-01 15:32:00,ALVO,15.65999984741211,15.65999984741211,15.65999984741211,15.640000343322754,15.640000343322754,1772.0
2024-03-01 15:32:00,ALVR,0.7472000122070312,0.7472000122070312,0.7472000122070312,0.7472000122070312,0.7472000122070312,785.0
2024-03-01 15:32:00,ALXO,15.005000114440918,15.005000114440918,15.005000114440918,15.0,15.005000114440918,602.0
2024-03-01 15:32:00,AMED,93.3113021850586,93.3113021850586,93.3113021850586,93.3113021850586,93.3113021850586,103.0
2024-03-01 15:32:00,AMGN,280.7200012207031,280.7200012207031,280.8500061035156,280.6499938964844,280.82000732421875,9142.0
2024-03-01 15:32:00,AMLX,18.729999542236328,18.729999542236328,18.75,18.729999542236328,18.75,3256.0
2024-03-01 15:32:00,AMPH,45.904998779296875,45.904998779296875,45.93000030517578,45.904998779296875,45.93000030517578,986.0
2024-03-01 15:32:00,AMRN,1.0499999523162842,1.0499999523162842,1.0549999475479126,1.0499999523162842,1.0549999475479126,200.0
2024-03-01 15:32:00,ANAB,25.415000915527344,25.415000915527344,25.415000915527344,25.415000915527344,25.415000915527344,101.0
2024-03-01 15:32:00,ANGO,5.465000152587891,5.465000152587891,5.465000152587891,5.454999923706055,5.460000038146973,3575.0
2024-03-01 15:32:00,ANIP,66.81999969482422,66.81999969482422,66.83999633789062,66.81999969482422,66.83000183105469,1989.0
2024-03-01 15:32:00,ANNX,6.034999847412109,6.034999847412109,6.045000076293945,6.034999847412109,6.039999961853027,3823.0
2024-03-01 15:32:00,ANTX,3.0250000953674316,3.0250000953674316,3.0299999713897705,3.0250000953674316,3.0299999713897705,600.0
2024-03-01 15:32:00,APLS,64.24199676513672,64.24199676513672,64.30999755859375,64.24199676513672,64.2699966430664,1682.0
2024-03-01 15:32:00,APLT,7.059999942779541,7.059999942779541,7.079999923706055,7.059999942779541,7.070000171661377,1886.0
2024-03-01 15:32:00,AQST,4.099999904632568,4.099999904632568,4.130000114440918,4.090000152587891,4.130000114440918,26678.0
2024-03-01 15:32:00,ARAY,2.615000009536743,2.615000009536743,2.615000009536743,2.615000009536743,2.615000009536743,751.0
2024-03-01 15:32:00,ARCT,39.75,39.75,39.75,39.72999954223633,39.72999954223633,892.0
2024-03-01 15:32:00,ARDX,9.380000114440918,9.380000114440918,9.390000343322754,9.375,9.380000114440918,9061.0
2024-03-01 15:32:00,ARQT,11.399999618530273,11.399999618530273,11.4350004196167,11.399999618530273,11.430000305175781,14158.0
2024-03-01 15:32:00,ARVN,47.5,47.5,47.52000045776367,47.5,47.52000045776367,459.0
2024-03-01 15:32:00,ARWR,35.70000076293945,35.70000076293945,35.772300720214844,35.70000076293945,35.70000076293945,4461.0
2024-03-01 15:32:00,ASND,154.5449981689453,154.5449981689453,154.5449981689453,154.38999938964844,154.50999450683594,1965.0
2024-03-01 15:32:00,ASRT,0.8934000134468079,0.8934000134468079,0.8934000134468079,0.8934000134468079,0.8934000134468079,2001.0
2024-03-01 15:32:00,ATAI,2.119999885559082,2.119999885559082,2.119999885559082,2.119999885559082,2.119999885559082,100.0
2024-03-01 15:32:00,ATEC,13.494999885559082,13.494999885559082,13.510000228881836,13.489999771118164,13.510000228881836,6662.0
2024-03-01 15:32:00,ATOS,1.0099999904632568,1.0099999904632568,1.0099999904632568,1.0099999904632568,1.0099999904632568,1059.0
2024-03-01 15:32:00,ATRA,0.789900004863739,0.789900004863739,0.789900004863739,0.7897999882698059,0.7897999882698059,600.0
2024-03-01 15:32:00,ATRC,36.14500045776367,36.14500045776367,36.15999984741211,36.13999938964844,36.150001525878906,3712.0
2024-03-01 15:32:00,ATXS,14.920000076293945,14.920000076293945,14.930000305175781,14.920000076293945,14.930000305175781,781.0
2024-03-01 15:32:00,AUGX,4.53000020980835,4.53000020980835,4.53000020980835,4.53000020980835,4.53000020980835,102.0
2024-03-01 15:32:00,AUPH,5.764999866485596,5.764999866485596,5.764999866485596,5.760000228881836,5.764999866485596,1179.0
2024-03-01 15:32:00,AURA,9.270000457763672,9.270000457763672,9.295000076293945,9.270000457763672,9.295000076293945,1783.0
2024-03-01 15:32:00,AUTL,6.244999885559082,6.244999885559082,6.25,6.240499973297119,6.25,1162.0
2024-03-01 15:32:00,AVDL,13.4399995803833,13.4399995803833,13.449999809265137,13.414999961853027,13.414999961853027,6507.0
2024-03-01 15:32:00,AVRO,1.3200000524520874,1.3200000524520874,1.3200000524520874,1.3200000524520874,1.3200000524520874,815.0
2024-03-01 15:32:00,AVXL,5.295000076293945,5.295000076293945,5.295000076293945,5.295000076293945,5.295000076293945,489.0
2024-03-01 15:32:00,AXGN,10.680000305175781,10.680000305175781,10.699999809265137,10.670000076293945,10.670000076293945,5158.0
2024-03-01 15:32:00,AXNX,67.76000213623047,67.76000213623047,67.79000091552734,67.76000213623047,67.79000091552734,2710.0
2024-03-01 15:32:00,AXSM,82.54000091552734,82.54000091552734,82.5999984741211,82.51000213623047,82.5999984741211,2784.0
2024-03-01 15:32:00,AZN,64.62000274658203,64.62000274658203,64.6405029296875,64.62000274658203,64.6405029296875,3156.0
2024-03-01 15:32:00,AZTA,67.02999877929688,67.02999877929688,67.06500244140625,67.02999877929688,67.04000091552734,2720.0
2024-03-01 15:32:00,BBIO,35.779998779296875,35.779998779296875,35.790000915527344,35.77000045776367,35.790000915527344,1231.0
2024-03-01 15:32:00,BBLG,2.490000009536743,2.490000009536743,2.490000009536743,2.4600000381469727,2.4600000381469727,1788.0
2024-03-01 15:32:00,BCAB,2.8350000381469727,2.8350000381469727,2.8399999141693115,2.8350000381469727,2.8350000381469727,731.0
2024-03-01 15:32:00,BCEL,0.26899999380111694,0.26899999380111694,0.2690500020980835,0.26820001006126404,0.26820001006126404,450.0
2024-03-01 15:32:00,BCRX,5.659999847412109,5.659999847412109,5.670000076293945,5.659999847412109,5.659999847412109,10198.0
2024-03-01 15:32:00,BCTX,3.484999895095825,3.484999895095825,3.484999895095825,3.484999895095825,3.484999895095825,123.0
2024-03-01 15:32:00,BCYC,25.735000610351562,25.735000610351562,25.790000915527344,25.735000610351562,25.790000915527344,280.0
2024-03-01 15:32:00,BDSX,1.6200000047683716,1.6200000047683716,1.6200000047683716,1.6100000143051147,1.6100000143051147,2100.0
2024-03-01 15:32:00,BEAM,39.810699462890625,39.810699462890625,39.86899948120117,39.810001373291016,39.86899948120117,6709.0
2024-03-01 15:32:00,BEAT,1.5800000429153442,1.5800000429153442,1.5800000429153442,1.5800000429153442,1.5800000429153442,503.0
2024-03-01 15:32:00,BGXX,0.26010000705718994,0.26010000705718994,0.26010000705718994,0.25999999046325684,0.25999999046325684,2398.0
2024-03-01 15:32:00,BIIB,221.0,221.0,221.11000061035156,221.0,221.0399932861328,2619.0
2024-03-01 15:32:00,BIOL,0.1459999978542328,0.1459999978542328,0.1459999978542328,0.14549900591373444,0.14549900591373444,26800.0
2024-03-01 15:32:00,BIOR,1.100000023841858,1.100000023841858,1.1100000143051147,1.100000023841858,1.1100000143051147,3507.0
2024-03-01 15:32:00,BIVI,1.9199999570846558,1.9199999570846558,1.9299999475479126,1.8799999952316284,1.888200044631958,38149.0
2024-03-01 15:32:00,BLFS,17.940000534057617,17.940000534057617,17.940000534057617,17.84000015258789,17.84000015258789,2861.0
2024-03-01 15:32:00,BLUE,1.5750000476837158,1.5750000476837158,1.5800000429153442,1.5700000524520874,1.5750000476837158,17869.0
2024-03-01 15:32:00,BMEA,17.923999786376953,17.923999786376953,17.959999084472656,17.923999786376953,17.959999084472656,1493.0
2024-03-01 15:32:00,BMRA,1.2000000476837158,1.2000000476837158,1.2000000476837158,1.2000000476837158,1.2000000476837158,101.0
2024-03-01 15:32:00,BMRN,87.68000030517578,87.68000030517578,87.8499984741211,87.66999816894531,87.83999633789062,8086.0
2024-03-01 15:32:00,BNGO,1.2549999952316284,1.2549999952316284,1.2549999952316284,1.2549999952316284,1.2549999952316284,307.0
2024-03-01 15:32:00,BNR,0.8100500106811523,0.8100500106811523,0.8100500106811523,0.8100500106811523,0.8100500106811523,100.0
2024-03-01 15:32:00,BNTX,90.69000244140625,90.69000244140625,90.73999786376953,90.66999816894531,90.73999786376953,2310.0
2024-03-01 15:32:00,BPMC,95.79499816894531,95.79499816894531,96.0,95.72000122070312,95.83000183105469,4769.0
2024-03-01 15:32:00,BRKR,88.4260025024414,88.4260025024414,88.4260025024414,88.36000061035156,88.38999938964844,6446.0
2024-03-01 15:32:00,BSGM,0.6850000023841858,0.6850000023841858,0.6850000023841858,0.6850000023841858,0.6850000023841858,141.0
2024-03-01 15:32:00,BTAI,3.2100000381469727,3.2100000381469727,3.2200000286102295,3.2100000381469727,3.2200000286102295,8661.0
2024-03-01 15:32:00,BTCY,0.9898999929428101,0.9898999929428101,0.9898999929428101,0.9898999929428101,0.9898999929428101,105.0
2024-03-01 15:32:00,BTMD,5.840000152587891,5.840000152587891,5.880000114440918,5.840000152587891,5.880000114440918,886.0
2024-03-01 15:32:00,CABA,23.979999542236328,23.979999542236328,23.979999542236328,23.969999313354492,23.969999313354492,1108.0
2024-03-01 15:32:00,CBAY,32.22999954223633,32.22999954223633,32.22999954223633,32.22999954223633,32.22999954223633,1683.0
2024-03-01 15:32:00,CCCC,10.994999885559082,10.994999885559082,11.0,10.984999656677246,10.984999656677246,9148.0
2024-03-01 15:32:00,CCRN,18.299999237060547,18.299999237060547,18.34000015258789,18.299999237060547,18.34000015258789,3238.0
2024-03-01 15:32:00,CDMO,8.234999656677246,8.234999656677246,8.25,8.234999656677246,8.244999885559082,4388.0
2024-03-01 15:32:00,CDNA,12.46500015258789,12.46500015258789,12.489999771118164,12.46500015258789,12.489999771118164,8911.0
2024-03-01 15:32:00,CDXC,1.659999966621399,1.659999966621399,1.659999966621399,1.659999966621399,1.659999966621399,287.0
2024-03-01 15:32:00,CDXS,4.65500020980835,4.65500020980835,4.664999961853027,4.65500020980835,4.65500020980835,3533.0
2024-03-01 15:32:00,CELC,17.299999237060547,17.299999237060547,17.389999389648438,17.299999237060547,17.389999389648438,763.0
2024-03-01 15:32:00,CERE,41.11000061035156,41.11000061035156,41.119998931884766,41.11000061035156,41.1150016784668,1254.0
2024-03-01 15:32:00,CERS,2.184999942779541,2.184999942779541,2.184999942779541,2.184999942779541,2.184999942779541,1289.0
2024-03-01 15:32:00,CERT,18.1200008392334,18.1200008392334,18.15999984741211,18.110000610351562,18.150699615478516,20085.0
2024-03-01 15:32:00,CGC,3.190000057220459,3.190000057220459,3.200000047683716,3.190000057220459,3.194999933242798,16924.0
2024-03-01 15:32:00,CGEN,2.690000057220459,2.690000057220459,2.690000057220459,2.680299997329712,2.680299997329712,3006.0
2024-03-01 15:32:00,CHEK,2.1600000858306885,2.1600000858306885,2.1600000858306885,2.1600000858306885,2.1600000858306885,600.0
2024-03-01 15:32:00,CHRS,2.4000000953674316,2.4000000953674316,2.4100000858306885,2.4000000953674316,2.4049999713897705,6492.0
2024-03-01 15:32:00,CING,1.340000033378601,1.340000033378601,1.340000033378601,1.340000033378601,1.340000033378601,150.0
2024-03-01 15:32:00,CLDX,51.720001220703125,51.720001220703125,51.810001373291016,51.720001220703125,51.810001373291016,6545.0
2024-03-01 15:32:00,CLOV,0.865909993648529,0.865909993648529,0.8659999966621399,0.8658999800682068,0.8659999966621399,8353.0
2024-03-01 15:32:00,CLPT,6.610000133514404,6.610000133514404,6.650000095367432,6.610000133514404,6.630000114440918,3428.0
2024-03-01 15:32:00,CLRB,4.09499979019165,4.09499979019165,4.099999904632568,4.090000152587891,4.090000152587891,2553.0
2024-03-01 15:32:00,CMPS,11.479999542236328,11.479999542236328,11.5,11.470000267028809,11.5,2480.0
2024-03-01 15:32:00,CMRX,1.1950000524520874,1.1950000524520874,1.1950000524520874,1.190000057220459,1.1900999546051025,1912.0
2024-03-01 15:32:00,CNSP,0.3190999925136566,0.3190999925136566,0.33899998664855957,0.3190999925136566,0.3290500044822693,49712.0
2024-03-01 15:32:00,COGT,7.190000057220459,7.190000057220459,7.190000057220459,7.180099964141846,7.180099964141846,716.0
2024-03-01 15:32:00,COLL,36.8650016784668,36.8650016784668,36.8650016784668,36.8650016784668,36.8650016784668,490.0
2024-03-01 15:32:00,CORT,24.2549991607666,24.2549991607666,24.270000457763672,24.250999450683594,24.270000457763672,1799.0
2024-03-01 15:32:00,COSM,0.7653999924659729,0.7653999924659729,0.7653999924659729,0.7653999924659729,0.7653999924659729,108.0
2024-03-01 15:32:00,CPRX,17.19499969482422,17.19499969482422,17.197500228881836,17.184999465942383,17.184999465942383,3634.0
2024-03-01 15:32:00,CPSI,9.277000427246094,9.277000427246094,9.279999732971191,9.277000427246094,9.279999732971191,339.0
2024-03-01 15:32:00,CRBP,33.5900993347168,33.5900993347168,34.0,33.5900993347168,34.0,873.0
2024-03-01 15:32:00,CRBU,7.789999961853027,7.789999961853027,7.800000190734863,7.789999961853027,7.800000190734863,11498.0
2024-03-01 15:32:00,CRDF,2.8099000453948975,2.8099000453948975,2.839200019836426,2.759999990463257,2.838099956512451,74866.0
2024-03-01 15:32:00,CRNX,45.88999938964844,45.88999938964844,45.95000076293945,45.88999938964844,45.91999816894531,3733.0
2024-03-01 15:32:00,CRON,2.0199999809265137,2.0199999809265137,2.0250000953674316,2.0199999809265137,2.0204999446868896,5438.0
2024-03-01 15:32:00,CRSP,84.44999694824219,84.44999694824219,84.52999877929688,84.44999694824219,84.46279907226562,1728.0
2024-03-01 15:32:00,CSTL,19.915000915527344,19.915000915527344,19.915000915527344,19.915000915527344,19.915000915527344,554.0
2024-03-01 15:32:00,CTKB,9.020000457763672,9.020000457763672,9.024999618530273,9.020000457763672,9.024999618530273,5698.0
2024-03-01 15:32:00,CTMX,2.559999942779541,2.559999942779541,2.559999942779541,2.5450000762939453,2.5450000762939453,3092.0
2024-03-01 15:32:00,CTXR,0.7724000215530396,0.7724000215530396,0.7724000215530396,0.7724000215530396,0.7724000215530396,102.0
2024-03-01 15:32:00,CVAC,3.434999942779541,3.434999942779541,3.434999942779541,3.434999942779541,3.434999942779541,353.0
2024-03-01 15:32:00,CYT,3.109999895095825,3.109999895095825,3.109999895095825,3.109999895095825,3.109999895095825,202.0
2024-03-01 15:32:00,CYTK,73.87999725341797,73.87999725341797,73.88999938964844,73.87999725341797,73.88999938964844,870.0
2024-03-01 15:32:00,CYTO,2.369999885559082,2.369999885559082,2.369999885559082,2.369999885559082,2.369999885559082,487.0
2024-03-01 15:32:00,DAWN,17.56999969482422,17.56999969482422,17.56999969482422,17.56999969482422,17.56999969482422,212.0
2024-03-01 15:32:00,DCGO,4.059999942779541,4.059999942779541,4.090000152587891,4.059999942779541,4.085000038146973,15928.0
2024-03-01 15:32:00,DCPH,17.489999771118164,17.489999771118164,17.5049991607666,17.489999771118164,17.5,2728.0
2024-03-01 15:32:00,DH,8.819999694824219,8.819999694824219,8.819999694824219,8.8100004196167,8.819000244140625,4169.0
2024-03-01 15:32:00,DMTK,0.8299999833106995,0.8299999833106995,0.8369989991188049,0.8299999833106995,0.8320000171661377,7628.0
2024-03-01 15:32:00,DNLI,21.040000915527344,21.040000915527344,21.059999465942383,21.03499984741211,21.049999237060547,2708.0
2024-03-01 15:32:00,DSGN,2.869999885559082,2.869999885559082,2.869999885559082,2.869999885559082,2.869999885559082,143.0
2024-03-01 15:32:00,DTIL,12.739999771118164,12.739999771118164,12.739999771118164,12.739999771118164,12.739999771118164,1438.0
2024-03-01 15:32:00,DVAX,12.779999732971191,12.779999732971191,12.795000076293945,12.779999732971191,12.795000076293945,5814.0
2024-03-01 15:32:00,DXCM,120.96499633789062,120.96499633789062,121.17500305175781,120.96499633789062,121.17500305175781,11768.0
2024-03-01 15:32:00,DYN,29.100000381469727,29.100000381469727,29.1200008392334,29.079999923706055,29.1200008392334,5687.0
2024-03-01 15:32:00,EDAP,6.849999904632568,6.849999904632568,6.885000228881836,6.840000152587891,6.849999904632568,10030.0
2024-03-01 15:32:00,EDIT,10.680000305175781,10.680000305175781,10.720000267028809,10.680000305175781,10.71500015258789,13462.0
2024-03-01 15:32:00,ELDN,1.8200000524520874,1.8200000524520874,1.8200000524520874,1.8200000524520874,1.8200000524520874,132.0
2024-03-01 15:32:00,ELEV,5.049900054931641,5.049900054931641,5.049900054931641,5.020100116729736,5.048999786376953,4356.0
2024-03-01 15:32:00,EMBC,14.274999618530273,14.274999618530273,14.289999961853027,14.274999618530273,14.289999961853027,1612.0
2024-03-01 15:32:00,ENSG,121.5199966430664,121.5199966430664,121.52999877929688,121.48999786376953,121.52999877929688,1260.0
2024-03-01 15:32:00,ENTA,15.4399995803833,15.4399995803833,15.470000267028809,15.4399995803833,15.470000267028809,1380.0
2024-03-01 15:32:00,ENTX,1.399999976158142,1.399999976158142,1.399999976158142,1.399999976158142,1.399999976158142,968.0
2024-03-01 15:32:00,ENVB,1.5499999523162842,1.5499999523162842,1.5499999523162842,1.5449999570846558,1.5449999570846558,1424.0
2024-03-01 15:32:00,EOLS,14.90999984741211,14.90999984741211,14.90999984741211,14.90999984741211,14.90999984741211,444.0
2024-03-01 15:32:00,EPIX,9.539999961853027,9.539999961853027,9.59000015258789,9.539999961853027,9.59000015258789,200.0
2024-03-01 15:32:00,ERAS,2.615000009536743,2.615000009536743,2.615499973297119,2.609999895095825,2.609999895095825,6595.0
2024-03-01 15:32:00,ESPR,2.5450000762939453,2.5450000762939453,2.555000066757202,2.5450000762939453,2.549999952316284,27639.0
2024-03-01 15:32:00,ESTA,43.564998626708984,43.564998626708984,43.60499954223633,43.5,43.60499954223633,999.0
2024-03-01 15:32:00,ETNB,12.6899995803833,12.6899995803833,12.699999809265137,12.680000305175781,12.6850004196167,13140.0
2024-03-01 15:32:00,EVAX,3.4200000762939453,3.4200000762939453,3.4200000762939453,3.4200000762939453,3.4200000762939453,645.0
2024-03-01 15:32:00,EWTX,16.649999618530273,16.649999618530273,16.709999084472656,16.649999618530273,16.709999084472656,3742.0
2024-03-01 15:32:00,EXAI,6.539999961853027,6.539999961853027,6.550000190734863,6.539999961853027,6.545000076293945,6097.0
2024-03-01 15:32:00,EXAS,59.41999816894531,59.41999816894531,59.45000076293945,59.40999984741211,59.43000030517578,24682.0
2024-03-01 15:32:00,EXEL,22.25,22.25,22.2549991607666,22.25,22.25,6056.0
2024-03-01 15:32:00,EYEN,2.4391000270843506,2.4391000270843506,2.4391000270843506,2.4302000999450684,2.434999942779541,2320.0
2024-03-01 15:32:00,EYPT,27.959999084472656,27.959999084472656,28.049999237060547,27.950000762939453,28.030000686645508,4901.0
2024-03-01 15:32:00,FATE,7.735000133514404,7.735000133514404,7.739999771118164,7.735000133514404,7.735000133514404,1267.0
2024-03-01 15:32:00,FBIO,2.390000104904175,2.390000104904175,2.390000104904175,2.390000104904175,2.390000104904175,929.0
2024-03-01 15:32:00,FDMT,29.40999984741211,29.40999984741211,29.40999984741211,29.360000610351562,29.385000228881836,1166.0
2024-03-01 15:32:00,FGEN,1.8300000429153442,1.8300000429153442,1.8350000381469727,1.8300000429153442,1.8300000429153442,8251.0
2024-03-01 15:32:00,FLGT,23.1200008392334,23.1200008392334,23.139999389648438,23.1200008392334,23.139999389648438,1282.0
2024-03-01 15:32:00,FOLD,13.324999809265137,13.324999809265137,13.33590030670166,13.319999694824219,13.335000038146973,6769.0
2024-03-01 15:32:00,FULC,10.975000381469727,10.975000381469727,10.975000381469727,10.949999809265137,10.970000267028809,860.0
2024-03-01 15:32:00,FUSN,12.154999732971191,12.154999732971191,12.1850004196167,12.154999732971191,12.1850004196167,1769.0
2024-03-01 15:32:00,GANX,4.699999809265137,4.699999809265137,4.699999809265137,4.670000076293945,4.670000076293945,966.0
2024-03-01 15:32:00,GCTK,0.3100000023841858,0.3100000023841858,0.3100000023841858,0.30672499537467957,0.30672499537467957,500.0
2024-03-01 15:32:00,GDRX,8.385000228881836,8.385000228881836,8.395600318908691,8.380000114440918,8.395000457763672,7513.0
2024-03-01 15:32:00,GENE,2.3550000190734863,2.3550000190734863,2.359999895095825,2.3299999237060547,2.3299999237060547,356.0
2024-03-01 15:32:00,GERN,2.255000114440918,2.255000114440918,2.259999990463257,2.25,2.255000114440918,44740.0
2024-03-01 15:32:00,GH,18.979999542236328,18.979999542236328,18.989900588989258,18.979999542236328,18.989900588989258,8419.0
2024-03-01 15:32:00,GHSI,8.220000267028809,8.220000267028809,8.220000267028809,8.220000267028809,8.220000267028809,230.0
2024-03-01 15:32:00,GILD,72.41999816894531,72.41999816894531,72.44999694824219,72.41000366210938,72.44999694824219,8521.0
2024-03-01 15:32:00,GLPG,35.04999923706055,35.04999923706055,35.04999923706055,35.04999923706055,35.04999923706055,189.0
2024-03-01 15:32:00,GLUE,6.324999809265137,6.324999809265137,6.324999809265137,6.300000190734863,6.300000190734863,229.0
2024-03-01 15:32:00,GLYC,3.0399999618530273,3.0399999618530273,3.0399999618530273,3.0399999618530273,3.0399999618530273,980.0
2024-03-01 15:32:00,GMAB,29.334999084472656,29.334999084472656,29.334999084472656,29.334999084472656,29.334999084472656,628.0
2024-03-01 15:32:00,GMDA,0.3862999975681305,0.3862999975681305,0.3862999975681305,0.3862999975681305,0.3862999975681305,100.0
2024-03-01 15:32:00,GOSS,1.4049999713897705,1.4049999713897705,1.4049999713897705,1.399999976158142,1.399999976158142,2452.0
2024-03-01 15:32:00,GRFS,7.034999847412109,7.034999847412109,7.034999847412109,7.03000020980835,7.034999847412109,1356.0
2024-03-01 15:32:00,GRTS,2.0199999809265137,2.0199999809265137,2.0199999809265137,2.0199999809265137,2.0199999809265137,2671.0
2024-03-01 15:32:00,GTHX,3.7049999237060547,3.7049999237060547,3.7100000381469727,3.7049999237060547,3.7100000381469727,2931.0
2024-03-01 15:32:00,HALO,41.04100036621094,41.04100036621094,41.08000183105469,41.04100036621094,41.060001373291016,5660.0
2024-03-01 15:32:00,HARP,22.940000534057617,22.940000534057617,22.940000534057617,22.940000534057617,22.940000534057617,210.0
2024-03-01 15:32:00,HCAT,8.050000190734863,8.050000190734863,8.074999809265137,8.050000190734863,8.074999809265137,2749.0
2024-03-01 15:32:00,HCSG,12.8100004196167,12.8100004196167,12.835000038146973,12.795000076293945,12.835000038146973,5774.0
2024-03-01 15:32:00,HCTI,2.049999952316284,2.049999952316284,2.049999952316284,2.049999952316284,2.049999952316284,651.0
2024-03-01 15:32:00,HLVX,19.200000762939453,19.200000762939453,19.200000762939453,19.149999618530273,19.200000762939453,406.0
2024-03-01 15:32:00,HOLX,74.08999633789062,74.08999633789062,74.13999938964844,74.08999633789062,74.13999938964844,3184.0
2024-03-01 15:32:00,HOOK,0.7649999856948853,0.7649999856948853,0.7649999856948853,0.7649999856948853,0.7649999856948853,170.0
2024-03-01 15:32:00,HOWL,7.0,7.0,7.0,7.0,7.0,178.0
2024-03-01 15:32:00,HQY,81.19000244140625,81.19000244140625,81.24500274658203,81.19000244140625,81.24500274658203,1456.0
2024-03-01 15:32:00,HRMY,31.81999969482422,31.81999969482422,31.81999969482422,31.81999969482422,31.81999969482422,544.0
2024-03-01 15:32:00,HROW,10.960000038146973,10.960000038146973,10.96500015258789,10.960000038146973,10.960000038146973,876.0
2024-03-01 15:32:00,HRTX,2.5999999046325684,2.5999999046325684,2.5999999046325684,2.5899999141693115,2.5899999141693115,3862.0
2024-03-01 15:32:00,HSCS,0.11949999630451202,0.11949999630451202,0.11949999630451202,0.11949999630451202,0.11949999630451202,372.0
2024-03-01 15:32:00,HSIC,76.9000015258789,76.9000015258789,76.93499755859375,76.875,76.93499755859375,4788.0
2024-03-01 15:32:00,HSTM,27.190000534057617,27.190000534057617,27.229999542236328,27.18000030517578,27.229999542236328,1003.0
2024-03-01 15:32:00,HUMA,3.259999990463257,3.259999990463257,3.2699999809265137,3.259999990463257,3.259999990463257,6215.0
2024-03-01 15:32:00,IART,36.060001373291016,36.060001373291016,36.08000183105469,36.05860137939453,36.08000183105469,3023.0
2024-03-01 15:32:00,IBRX,4.789999961853027,4.789999961853027,4.795000076293945,4.789999961853027,4.795000076293945,2642.0
2024-03-01 15:32:00,ICCM,1.284999966621399,1.284999966621399,1.284999966621399,1.284999966621399,1.284999966621399,172.0
2024-03-01 15:32:00,ICUI,105.80000305175781,105.80000305175781,105.83999633789062,105.80000305175781,105.80999755859375,1599.0
2024-03-01 15:32:00,IDXX,576.719970703125,576.719970703125,577.39501953125,576.719970703125,577.39501953125,1060.0
2024-03-01 15:32:00,IDYA,46.369998931884766,46.369998931884766,46.459999084472656,46.34000015258789,46.349998474121094,5357.0
2024-03-01 15:32:00,IINN,1.660099983215332,1.660099983215332,1.6649999618530273,1.660099983215332,1.6649999618530273,2195.0
2024-03-01 15:32:00,IKNA,1.5,1.5,1.5098999738693237,1.5,1.5098999738693237,8798.0
2024-03-01 15:32:00,IKT,2.139899969100952,2.139899969100952,2.140000104904175,2.1389999389648438,2.1389999389648438,3526.0
2024-03-01 15:32:00,ILMN,140.71499633789062,140.71499633789062,140.82000732421875,140.7100067138672,140.7899932861328,3120.0
2024-03-01 15:32:00,IMAB,1.7899999618530273,1.7899999618530273,1.7907999753952026,1.7899999618530273,1.7903000116348267,4323.0
2024-03-01 15:32:00,IMCC,0.329800009727478,0.329800009727478,0.329800009727478,0.329800009727478,0.329800009727478,226.0
2024-03-01 15:32:00,IMCR,67.9000015258789,67.9000015258789,67.9000015258789,67.86000061035156,67.86000061035156,443.0
2024-03-01 15:32:00,IMMX,3.4600000381469727,3.4600000381469727,3.4600000381469727,3.4600000381469727,3.4600000381469727,204.0
2024-03-01 15:32:00,IMNM,25.469999313354492,25.469999313354492,25.469999313354492,25.469999313354492,25.469999313354492,252.0
2024-03-01 15:32:00,IMNN,1.0199999809265137,1.0199999809265137,1.0199999809265137,1.0199999809265137,1.0199999809265137,398.0
2024-03-01 15:32:00,IMTX,12.899999618530273,12.899999618530273,12.899999618530273,12.899999618530273,12.899999618530273,513.0
2024-03-01 15:32:00,IMUX,1.4500000476837158,1.4500000476837158,1.4500000476837158,1.4500000476837158,1.4500000476837158,270.0
2024-03-01 15:32:00,IMVT,35.619998931884766,35.619998931884766,35.630001068115234,35.619998931884766,35.630001068115234,1260.0
2024-03-01 15:32:00,INBX,36.529998779296875,36.529998779296875,36.54999923706055,36.52000045776367,36.52000045776367,1338.0
2024-03-01 15:32:00,INCR,1.9700000286102295,1.9700000286102295,1.9701000452041626,1.9700000286102295,1.9701000452041626,290.0
2024-03-01 15:32:00,INCY,59.084999084472656,59.084999084472656,59.099998474121094,59.08000183105469,59.097999572753906,5623.0
2024-03-01 15:32:00,INMB,12.399999618530273,12.399999618530273,12.399999618530273,12.319999694824219,12.319999694824219,826.0
2024-03-01 15:32:00,INMD,22.889999389648438,22.889999389648438,22.940000534057617,22.889999389648438,22.940000534057617,5251.0
2024-03-01 15:32:00,INO,9.5649995803833,9.5649995803833,9.579999923706055,9.5649995803833,9.579999923706055,1007.0
2024-03-01 15:32:00,INSM,28.024999618530273,28.024999618530273,28.024999618530273,28.024999618530273,28.024999618530273,1235.0
2024-03-01 15:32:00,INVA,15.390000343322754,15.390000343322754,15.40999984741211,15.390000343322754,15.40999984741211,3512.0
2024-03-01 15:32:00,INZY,6.554999828338623,6.554999828338623,6.565000057220459,6.554999828338623,6.565000057220459,1041.0
2024-03-01 15:32:00,IOBT,1.8422000408172607,1.8422000408172607,1.8422000408172607,1.8422000408172607,1.8422000408172607,184.0
2024-03-01 15:32:00,IONM,0.3598000109195709,0.3598000109195709,0.3598000109195709,0.35089999437332153,0.3549000024795532,2996.0
2024-03-01 15:32:00,IONS,45.5,45.5,45.54999923706055,45.47999954223633,45.54999923706055,4786.0
2024-03-01 15:32:00,IOVA,16.920000076293945,16.920000076293945,16.94499969482422,16.920000076293945,16.934999465942383,15372.0
2024-03-01 15:32:00,IRIX,2.6500000953674316,2.6500000953674316,2.6500000953674316,2.6500000953674316,2.6500000953674316,100.0
2024-03-01 15:32:00,IRTC,120.45999908447266,120.45999908447266,120.71499633789062,120.45999908447266,120.69000244140625,1758.0
2024-03-01 15:32:00,IRWD,8.880000114440918,8.880000114440918,8.895000457763672,8.880000114440918,8.890000343322754,34418.0
2024-03-01 15:32:00,ISRG,397.95001220703125,397.95001220703125,398.1300048828125,397.9200134277344,398.1300048828125,9673.0
2024-03-01 15:32:00,ITCI,72.12999725341797,72.12999725341797,72.19999694824219,72.12999725341797,72.19999694824219,853.0
2024-03-01 15:32:00,ITOS,11.15999984741211,11.15999984741211,11.15999984741211,11.15999984741211,11.15999984741211,380.0
2024-03-01 15:32:00,IVVD,3.9700000286102295,3.9700000286102295,3.9700000286102295,3.9700000286102295,3.9700000286102295,472.0
2024-03-01 15:32:00,JAGX,0.08150000125169754,0.08150000125169754,0.08349999785423279,0.08150000125169754,0.08349999785423279,197545.0
2024-03-01 15:32:00,JANX,46.084999084472656,46.084999084472656,46.18000030517578,46.084999084472656,46.099998474121094,2373.0
2024-03-01 15:32:00,JAZZ,118.83999633789062,118.83999633789062,118.88500213623047,118.81999969482422,118.88500213623047,847.0
2024-03-01 15:32:00,JSPR,21.969999313354492,21.969999313354492,21.969999313354492,21.969999313354492,21.969999313354492,704.0
2024-03-01 15:32:00,JYNT,9.960000038146973,9.960000038146973,9.970000267028809,9.95989990234375,9.960000038146973,1666.0
2024-03-01 15:32:00,KALV,14.069999694824219,14.069999694824219,14.100000381469727,14.069999694824219,14.09000015258789,2616.0
2024-03-01 15:32:00,KIDS,27.8799991607666,27.8799991607666,27.950000762939453,27.8799991607666,27.93000030517578,2016.0
2024-03-01 15:32:00,KNSA,21.84000015258789,21.84000015258789,21.854999542236328,21.84000015258789,21.854999542236328,1491.0
2024-03-01 15:32:00,KNTE,2.5899999141693115,2.5899999141693115,2.5899999141693115,2.5899999141693115,2.5899999141693115,766.0
2024-03-01 15:32:00,KOD,6.0,6.0,6.010000228881836,6.0,6.005000114440918,799.0
2024-03-01 15:32:00,KPTI,1.1950000524520874,1.1950000524520874,1.1950000524520874,1.190000057220459,1.190000057220459,3549.0
2024-03-01 15:32:00,KRON,1.0800000429153442,1.0800000429153442,1.0800000429153442,1.0800000429153442,1.0800000429153442,1200.0
2024-03-01 15:32:00,KROS,68.83000183105469,68.83000183105469,68.8499984741211,68.70999908447266,68.8499984741211,2392.0
2024-03-01 15:32:00,KRTX,315.6099853515625,315.6099853515625,315.68499755859375,315.6099853515625,315.68499755859375,1012.0
2024-03-01 15:32:00,KRYS,168.47000122070312,168.47000122070312,168.80999755859375,168.47000122070312,168.7050018310547,2421.0
2024-03-01 15:32:00,KTRA,0.1005999967455864,0.1005999967455864,0.1014999970793724,0.10040000081062317,0.10109999775886536,51702.0
2024-03-01 15:32:00,KURA,21.639999389648438,21.639999389648438,21.649999618530273,21.639999389648438,21.649999618530273,724.0
2024-03-01 15:32:00,KYMR,43.64500045776367,43.64500045776367,43.755001068115234,43.63999938964844,43.755001068115234,1622.0
2024-03-01 15:32:00,KZR,1.034999966621399,1.034999966621399,1.0399999618530273,1.0299999713897705,1.034999966621399,1753.0
2024-03-01 15:32:00,LAB,2.4549999237060547,2.4549999237060547,2.4600000381469727,2.4549999237060547,2.4600000381469727,1908.0
2024-03-01 15:32:00,LBPH,21.459999084472656,21.459999084472656,21.530000686645508,21.459999084472656,21.530000686645508,841.0
2024-03-01 15:32:00,LEGN,65.48500061035156,65.48500061035156,65.5999984741211,65.48500061035156,65.56500244140625,6539.0
2024-03-01 15:32:00,LEXX,2.799999952316284,2.799999952316284,2.799999952316284,2.799999952316284,2.799999952316284,100.0
2024-03-01 15:32:00,LFMD,7.989999771118164,7.989999771118164,7.989999771118164,7.989999771118164,7.989999771118164,218.0
2024-03-01 15:32:00,LFST,7.755000114440918,7.755000114440918,7.755000114440918,7.755000114440918,7.755000114440918,861.0
2024-03-01 15:32:00,LGVN,0.5432999730110168,0.5432999730110168,0.5432999730110168,0.5310999751091003,0.5310999751091003,386.0
2024-03-01 15:32:00,LIAN,4.875,4.875,4.875,4.869999885559082,4.869999885559082,378.0
2024-03-01 15:32:00,LIVN,55.36000061035156,55.36000061035156,55.380001068115234,55.36000061035156,55.380001068115234,802.0
2024-03-01 15:32:00,LMAT,68.13999938964844,68.13999938964844,68.13999938964844,68.13999938964844,68.13999938964844,111.0
2024-03-01 15:32:00,LNTH,64.31500244140625,64.31500244140625,64.37999725341797,64.30000305175781,64.37999725341797,2237.0
2024-03-01 15:32:00,LQDA,14.600000381469727,14.600000381469727,14.600000381469727,14.600000381469727,14.600000381469727,540.0
2024-03-01 15:32:00,LRMR,11.300000190734863,11.300000190734863,11.319999694824219,11.289999961853027,11.289999961853027,2084.0
2024-03-01 15:32:00,LTRN,4.199999809265137,4.199999809265137,4.219600200653076,4.199999809265137,4.219600200653076,1000.0
2024-03-01 15:32:00,LUNG,9.380000114440918,9.380000114440918,9.380000114440918,9.380000114440918,9.380000114440918,1392.0
2024-03-01 15:32:00,LVTX,2.5999999046325684,2.5999999046325684,2.640000104904175,2.5999999046325684,2.609999895095825,1647.0
2024-03-01 15:32:00,LXRX,2.474299907684326,2.474299907684326,2.474299907684326,2.4700000286102295,2.4700000286102295,409.0
2024-03-01 15:32:00,LYEL,3.125,3.125,3.130000114440918,3.119999885559082,3.130000114440918,1614.0
2024-03-01 15:32:00,LYRA,5.639999866485596,5.639999866485596,5.639999866485596,5.639999866485596,5.639999866485596,110.0
2024-03-01 15:32:00,MASI,127.81500244140625,127.81500244140625,127.81999969482422,127.81500244140625,127.81999969482422,2072.0
2024-03-01 15:32:00,MASS,7.289999961853027,7.289999961853027,7.300000190734863,7.289999961853027,7.300000190734863,494.0
2024-03-01 15:32:00,MBRX,0.6299999952316284,0.6299999952316284,0.6299999952316284,0.6299999952316284,0.6299999952316284,215.0
2024-03-01 15:32:00,MCRB,1.225000023841858,1.225000023841858,1.225000023841858,1.2200000286102295,1.2201000452041626,2046.0
2024-03-01 15:32:00,MDGL,249.89999389648438,249.89999389648438,250.1300048828125,249.89999389648438,250.1300048828125,1659.0
2024-03-01 15:32:00,MDRX,6.0,6.0,6.039999961853027,6.0,6.010000228881836,74239.0
2024-03-01 15:32:00,MDXG,8.585000038146973,8.585000038146973,8.59000015258789,8.585000038146973,8.585000038146973,1632.0
2024-03-01 15:32:00,ME,0.5515999794006348,0.5515999794006348,0.5519000291824341,0.5515999794006348,0.5519000291824341,10422.0
2024-03-01 15:32:00,MEDP,403.69000244140625,403.69000244140625,404.0299987792969,403.29998779296875,403.95001220703125,2454.0
2024-03-01 15:32:00,MGNX,18.729999542236328,18.729999542236328,18.729999542236328,18.72570037841797,18.729999542236328,3730.0
2024-03-01 15:32:00,MIRM,29.174999237060547,29.174999237060547,29.174999237060547,29.174999237060547,29.174999237060547,694.0
2024-03-01 15:32:00,MLTX,50.814998626708984,50.814998626708984,50.90999984741211,50.779998779296875,50.90999984741211,4845.0
2024-03-01 15:32:00,MMSI,76.19999694824219,76.19999694824219,76.23999786376953,76.19999694824219,76.23999786376953,2148.0
2024-03-01 15:32:00,MNKD,4.534999847412109,4.534999847412109,4.539999961853027,4.53000020980835,4.534999847412109,5695.0
2024-03-01 15:32:00,MNMD,6.159999847412109,6.159999847412109,6.159999847412109,6.15500020980835,6.15500020980835,1277.0
2024-03-01 15:32:00,MNPR,0.9100000262260437,0.9100000262260437,0.9100000262260437,0.9100000262260437,0.9100000262260437,803.0
2024-03-01 15:32:00,MODD,1.9199999570846558,1.9199999570846558,1.9199999570846558,1.9199999570846558,1.9199999570846558,500.0
2024-03-01 15:32:00,MODV,28.200000762939453,28.200000762939453,28.200000762939453,28.200000762939453,28.200000762939453,203.0
2024-03-01 15:32:00,MOR,17.69499969482422,17.69499969482422,17.69499969482422,17.690000534057617,17.690000534057617,8218.0
2024-03-01 15:32:00,MORF,39.65999984741211,39.65999984741211,39.709999084472656,39.65999984741211,39.689998626708984,1888.0
2024-03-01 15:32:00,MREO,3.940000057220459,3.940000057220459,3.949899911880493,3.940000057220459,3.946700096130371,2270.0
2024-03-01 15:32:00,MRKR,3.740000009536743,3.740000009536743,3.740000009536743,3.7200000286102295,3.7200000286102295,402.0
2024-03-01 15:32:00,MRNA,95.55999755859375,95.55999755859375,95.69000244140625,95.54000091552734,95.66999816894531,5684.0
2024-03-01 15:32:00,MRNS,9.960000038146973,9.960000038146973,9.960000038146973,9.960000038146973,9.960000038146973,222.0
2024-03-01 15:32:00,MRSN,5.974999904632568,5.974999904632568,5.980000019073486,5.949999809265137,5.949999809265137,10838.0
2024-03-01 15:32:00,MRUS,51.47999954223633,51.47999954223633,51.540000915527344,51.42900085449219,51.540000915527344,3178.0
2024-03-01 15:32:00,MRVI,7.639999866485596,7.639999866485596,7.670000076293945,7.639999866485596,7.670000076293945,34096.0
2024-03-01 15:32:00,MXCT,4.730000019073486,4.730000019073486,4.735000133514404,4.730000019073486,4.735000133514404,503.0
2024-03-01 15:32:00,MYGN,22.040000915527344,22.040000915527344,22.059999465942383,22.020000457763672,22.059999465942383,3788.0
2024-03-01 15:32:00,NARI,45.78499984741211,45.78499984741211,45.84000015258789,45.70000076293945,45.70000076293945,13760.0
2024-03-01 15:32:00,NAUT,2.690000057220459,2.690000057220459,2.690000057220459,2.690000057220459,2.690000057220459,159.0
2024-03-01 15:32:00,NBIX,131.80999755859375,131.80999755859375,131.83999633789062,131.6999969482422,131.82000732421875,9821.0
2024-03-01 15:32:00,NBSE,0.8700000047683716,0.8700000047683716,0.8700000047683716,0.8700000047683716,0.8700000047683716,5553.0
2024-03-01 15:32:00,NEO,15.90999984741211,15.90999984741211,15.90999984741211,15.90999984741211,15.90999984741211,629.0
2024-03-01 15:32:00,NEOG,17.260000228881836,17.260000228881836,17.280000686645508,17.260000228881836,17.274999618530273,3463.0
2024-03-01 15:32:00,NEXI,6.369999885559082,6.369999885559082,6.369999885559082,6.369999885559082,6.369999885559082,183.0
2024-03-01 15:32:00,NGM,1.5199999809265137,1.5199999809265137,1.5199999809265137,1.5199999809265137,1.5199999809265137,7349.0
2024-03-01 15:32:00,NKTR,0.7595999836921692,0.7595999836921692,0.7595999836921692,0.7595999836921692,0.7595999836921692,407.0
2024-03-01 15:32:00,NKTX,12.690099716186523,12.690099716186523,12.710000038146973,12.690099716186523,12.703499794006348,2711.0
2024-03-01 15:32:00,NMTC,1.225000023841858,1.225000023841858,1.2265000343322754,1.2200000286102295,1.2265000343322754,1882.0
2024-03-01 15:32:00,NNOX,10.9350004196167,10.9350004196167,10.960000038146973,10.9350004196167,10.960000038146973,7211.0
2024-03-01 15:32:00,NOTV,8.0,8.0,8.0,8.0,8.0,364.0
2024-03-01 15:32:00,NPCE,16.040000915527344,16.040000915527344,16.040000915527344,15.904999732971191,15.989999771118164,1418.0
2024-03-01 15:32:00,NRIX,13.460000038146973,13.460000038146973,13.470000267028809,13.460000038146973,13.470000267028809,846.0
2024-03-01 15:32:00,NRSN,2.0,2.0,2.0095999240875244,2.0,2.0095999240875244,616.0
2024-03-01 15:32:00,NRXP,0.4300000071525574,0.4300000071525574,0.4300000071525574,0.4300000071525574,0.4300000071525574,180.0
2024-03-01 15:32:00,NTLA,33.13999938964844,33.13999938964844,33.165000915527344,33.1349983215332,33.15999984741211,3801.0
2024-03-01 15:32:00,NTRA,89.78500366210938,89.78500366210938,89.79000091552734,89.76000213623047,89.7699966430664,6298.0
2024-03-01 15:32:00,NUTX,0.1137000024318695,0.1137000024318695,0.1137000024318695,0.1137000024318695,0.1137000024318695,1124.0
2024-03-01 15:32:00,NUVL,87.25499725341797,87.25499725341797,87.33499908447266,87.25499725341797,87.33499908447266,1540.0
2024-03-01 15:32:00,NVAX,5.474999904632568,5.474999904632568,5.5,5.46999979019165,5.474699974060059,108101.0
2024-03-01 15:32:00,NVCR,16.094999313354492,16.094999313354492,16.104999542236328,16.09000015258789,16.10099983215332,1882.0
2024-03-01 15:32:00,NVCT,10.720600128173828,10.720600128173828,10.720600128173828,10.704999923706055,10.704999923706055,721.0
2024-03-01 15:32:00,NVNO,6.445000171661377,6.445000171661377,6.445000171661377,6.445000171661377,6.445000171661377,101.0
2024-03-01 15:32:00,NXTC,1.7799999713897705,1.7799999713897705,1.7799999713897705,1.7799999713897705,1.7799999713897705,100.0
2024-03-01 15:32:00,OCGN,0.9482499957084656,0.9482499957084656,0.9482499957084656,0.9476000070571899,0.9476000070571899,610.0
2024-03-01 15:32:00,OCUL,10.604999542236328,10.604999542236328,10.604999542236328,10.595000267028809,10.604999542236328,4684.0
2024-03-01 15:32:00,OCUP,2.505000114440918,2.505000114440918,2.5099000930786133,2.505000114440918,2.5099000930786133,620.0
2024-03-01 15:32:00,OFIX,12.869999885559082,12.869999885559082,12.885000228881836,12.869999885559082,12.885000228881836,2686.0
2024-03-01 15:32:00,OGI,2.1649999618530273,2.1649999618530273,2.1649999618530273,2.161900043487549,2.161900043487549,1347.0
2024-03-01 15:32:00,OLMA,14.845000267028809,14.845000267028809,14.869999885559082,14.845000267028809,14.869999885559082,1594.0
2024-03-01 15:32:00,OM,3.0899999141693115,3.0899999141693115,3.0999999046325684,3.0899999141693115,3.0999999046325684,2616.0
2024-03-01 15:32:00,OMCL,26.190000534057617,26.190000534057617,26.199800491333008,26.190000534057617,26.199800491333008,668.0
2024-03-01 15:32:00,OMER,4.820000171661377,4.820000171661377,4.820000171661377,4.820000171661377,4.820000171661377,5115.0
2024-03-01 15:32:00,OMGA,4.360000133514404,4.360000133514404,4.369900226593018,4.360000133514404,4.369900226593018,774.0
2024-03-01 15:32:00,ONCY,1.1100000143051147,1.1100000143051147,1.1100000143051147,1.1100000143051147,1.1100000143051147,399.0
2024-03-01 15:32:00,ONTX,0.8274999856948853,0.8274999856948853,0.8274999856948853,0.8274999856948853,0.8274999856948853,182.0
2024-03-01 15:33:00,ABCL,5.050000190734863,5.050000190734863,5.054999828338623,5.050000190734863,5.054999828338623,1628.0
2024-03-01 15:33:00,ABEO,7.789999961853027,7.789999961853027,7.829999923706055,7.789999961853027,7.829999923706055,1253.0
2024-03-01 15:33:00,ABOS,4.670000076293945,4.670000076293945,4.679999828338623,4.670000076293945,4.679999828338623,2984.0
2024-03-01 15:33:00,ABSI,5.505000114440918,5.505000114440918,5.505000114440918,5.503499984741211,5.503499984741211,377.0
2024-03-01 15:33:00,ABUS,2.7699999809265137,2.7699999809265137,2.7750000953674316,2.7699999809265137,2.7699999809265137,2848.0
2024-03-01 15:33:00,ACAD,24.065000534057617,24.065000534057617,24.084999084472656,24.065000534057617,24.075000762939453,6472.0
2024-03-01 15:33:00,ACB,3.1898999214172363,3.1898999214172363,3.190000057220459,3.180000066757202,3.190000057220459,4419.0
2024-03-01 15:33:00,ACCD,9.989899635314941,9.989899635314941,9.994199752807617,9.979999542236328,9.989999771118164,2037.0
2024-03-01 15:33:00,ACET,2.375,2.375,2.384999990463257,2.369999885559082,2.384999990463257,10562.0
2024-03-01 15:33:00,ACHC,84.0199966430664,84.0199966430664,84.08000183105469,84.0199966430664,84.08000183105469,974.0
2024-03-01 15:33:00,ACHL,1.36899995803833,1.36899995803833,1.36899995803833,1.3600000143051147,1.3600000143051147,1285.0
2024-03-01 15:33:00,ACHV,4.430600166320801,4.430600166320801,4.440000057220459,4.429999828338623,4.440000057220459,3983.0
2024-03-01 15:33:00,ACIU,3.809999942779541,3.809999942779541,3.809999942779541,3.809999942779541,3.809999942779541,100.0
2024-03-01 15:33:00,ACLX,67.40499877929688,67.40499877929688,67.40499877929688,67.40499877929688,67.40499877929688,558.0
2024-03-01 15:33:00,ACON,0.3999989926815033,0.3999989926815033,0.4000000059604645,0.3999510109424591,0.3999510109424591,3520.0
2024-03-01 15:33:00,ACRS,1.2200000286102295,1.2200000286102295,1.2274999618530273,1.2200000286102295,1.225000023841858,1735.0
2024-03-01 15:33:00,ADAP,1.590000033378601,1.590000033378601,1.600000023841858,1.590000033378601,1.600000023841858,721.0
2024-03-01 15:33:00,ADIL,3.109999895095825,3.109999895095825,3.119999885559082,3.059999942779541,3.069999933242798,27517.0
2024-03-01 15:33:00,ADMA,5.527500152587891,5.527500152587891,5.5279998779296875,5.519999980926514,5.519999980926514,5396.0
2024-03-01 15:33:00,ADPT,4.034999847412109,4.034999847412109,4.039999961853027,4.034999847412109,4.039999961853027,778.0
2024-03-01 15:33:00,ADVM,1.9199999570846558,1.9199999570846558,1.9249999523162842,1.9199999570846558,1.9199999570846558,1738.0
2024-03-01 15:33:00,AFMD,0.6700000166893005,0.6700000166893005,0.6700999736785889,0.6700000166893005,0.6700999736785889,8705.0
2024-03-01 15:33:00,AGEN,0.6700500249862671,0.6700500249862671,0.6700999736785889,0.6700000166893005,0.6700000166893005,25205.0
2024-03-01 15:33:00,AGIO,32.099998474121094,32.099998474121094,32.165000915527344,32.099998474121094,32.15999984741211,2741.0
2024-03-01 15:33:00,AHCO,10.475000381469727,10.475000381469727,10.479999542236328,10.470000267028809,10.475000381469727,1593.0
2024-03-01 15:33:00,AIRS,6.445000171661377,6.445000171661377,6.445000171661377,6.445000171661377,6.445000171661377,136.0
2024-03-01 15:33:00,AKAN,0.22220000624656677,0.22220000624656677,0.22220000624656677,0.21549999713897705,0.21570000052452087,4333.0
2024-03-01 15:33:00,AKBA,1.6799999475479126,1.6799999475479126,1.6799999475479126,1.6799999475479126,1.6799999475479126,2312.0
2024-03-01 15:33:00,AKLI,0.34210100769996643,0.34210100769996643,0.34210100769996643,0.34209999442100525,0.34209999442100525,854.0
2024-03-01 15:33:00,AKRO,28.44499969482422,28.44499969482422,28.479999542236328,28.434999465942383,28.454999923706055,4770.0
2024-03-01 15:33:00,AKYA,6.019999980926514,6.019999980926514,6.019999980926514,6.0,6.019999980926514,3792.0
2024-03-01 15:33:00,ALDX,4.204500198364258,4.204500198364258,4.239999771118164,4.199999809265137,4.239999771118164,9881.0
2024-03-01 15:33:00,ALEC,7.329999923706055,7.329999923706055,7.3709001541137695,7.329999923706055,7.3709001541137695,5521.0
2024-03-01 15:33:00,ALGN,302.0899963378906,302.0899963378906,302.30999755859375,302.0899963378906,302.30999755859375,712.0
2024-03-01 15:33:00,ALHC,5.614999771118164,5.614999771118164,5.614999771118164,5.599999904632568,5.599999904632568,4403.0
2024-03-01 15:33:00,ALKS,30.18000030517578,30.18000030517578,30.19499969482422,30.15999984741211,30.190000534057617,9304.0
2024-03-01 15:33:00,ALLK,1.649999976158142,1.649999976158142,1.6549999713897705,1.6449999809265137,1.6549999713897705,9386.0
2024-03-01 15:33:00,ALLO,4.909999847412109,4.909999847412109,4.921199798583984,4.909999847412109,4.920000076293945,5487.0
2024-03-01 15:33:00,ALNY,152.47999572753906,152.47999572753906,152.60000610351562,152.47999572753906,152.58999633789062,3203.0
2024-03-01 15:33:00,ALPN,35.970001220703125,35.970001220703125,35.9900016784668,35.91999816894531,35.96500015258789,5673.0
2024-03-01 15:33:00,ALT,12.1899995803833,12.1899995803833,12.194499969482422,12.149999618530273,12.15999984741211,10866.0
2024-03-01 15:33:00,ALVR,0.7472500205039978,0.7472500205039978,0.7472500205039978,0.7472500205039978,0.7472500205039978,100.0
2024-03-01 15:33:00,ALXO,14.920000076293945,14.920000076293945,15.0,14.890000343322754,15.0,11817.0
2024-03-01 15:33:00,AMED,93.2750015258789,93.2750015258789,93.33000183105469,93.2750015258789,93.33000183105469,2388.0
2024-03-01 15:33:00,AMGN,280.6400146484375,280.6400146484375,280.7300109863281,280.6400146484375,280.7250061035156,4174.0
2024-03-01 15:33:00,AMLX,18.700000762939453,18.700000762939453,18.719999313354492,18.700000762939453,18.719999313354492,2706.0
2024-03-01 15:33:00,AMPH,45.90999984741211,45.90999984741211,45.93000030517578,45.90999984741211,45.93000030517578,748.0
2024-03-01 15:33:00,AMRN,1.0549999475479126,1.0549999475479126,1.0549999475479126,1.0499999523162842,1.0499999523162842,1079.0
2024-03-01 15:33:00,ANAB,25.3799991607666,25.3799991607666,25.399999618530273,25.3799991607666,25.389999389648438,4186.0
2024-03-01 15:33:00,ANGO,5.449999809265137,5.449999809265137,5.465000152587891,5.449999809265137,5.465000152587891,1575.0
2024-03-01 15:33:00,ANIP,66.73999786376953,66.73999786376953,66.73999786376953,66.73999786376953,66.73999786376953,460.0
2024-03-01 15:33:00,ANNX,6.03000020980835,6.03000020980835,6.034999847412109,6.03000020980835,6.034999847412109,3029.0
2024-03-01 15:33:00,ANTX,3.0250000953674316,3.0250000953674316,3.0250000953674316,3.0250000953674316,3.0250000953674316,308.0
2024-03-01 15:33:00,APLS,64.16000366210938,64.16000366210938,64.23999786376953,64.16000366210938,64.2300033569336,3379.0
2024-03-01 15:33:00,APLT,7.0,7.0,7.070000171661377,7.0,7.059999942779541,11094.0
2024-03-01 15:33:00,AQST,4.105000019073486,4.105000019073486,4.109899997711182,4.099999904632568,4.105000019073486,4207.0
2024-03-01 15:33:00,ARAY,2.6115000247955322,2.6115000247955322,2.6115000247955322,2.6115000247955322,2.6115000247955322,864.0
2024-03-01 15:33:00,ARCT,39.625,39.625,39.70000076293945,39.625,39.660400390625,1564.0
2024-03-01 15:33:00,ARDX,9.377400398254395,9.377400398254395,9.380000114440918,9.369999885559082,9.380000114440918,7469.0
2024-03-01 15:33:00,ARGX,392.3399963378906,392.3399963378906,392.4100036621094,392.3399963378906,392.4100036621094,1283.0
2024-03-01 15:33:00,ARQT,11.414999961853027,11.414999961853027,11.414999961853027,11.395000457763672,11.404999732971191,16775.0
2024-03-01 15:33:00,ARVN,47.310001373291016,47.310001373291016,47.470001220703125,47.310001373291016,47.470001220703125,1563.0
2024-03-01 15:33:00,ARWR,35.61000061035156,35.61000061035156,35.70000076293945,35.61000061035156,35.70000076293945,4811.0
2024-03-01 15:33:00,ASND,154.21499633789062,154.21499633789062,154.42999267578125,154.21499633789062,154.42999267578125,3546.0
2024-03-01 15:33:00,ASRT,0.890500009059906,0.890500009059906,0.8934500217437744,0.887499988079071,0.8934000134468079,1815.0
2024-03-01 15:33:00,ATAI,2.1285998821258545,2.1285998821258545,2.1285998821258545,2.1285998821258545,2.1285998821258545,229.0
2024-03-01 15:33:00,ATEC,13.494999885559082,13.494999885559082,13.5,13.489999771118164,13.494999885559082,2640.0
2024-03-01 15:33:00,ATHA,3.940000057220459,3.940000057220459,3.944999933242798,3.940000057220459,3.944999933242798,871.0
2024-03-01 15:33:00,ATOS,1.0099999904632568,1.0099999904632568,1.0099999904632568,1.0099999904632568,1.0099999904632568,401.0
2024-03-01 15:33:00,ATRA,0.7806000113487244,0.7806000113487244,0.7898499965667725,0.7806000113487244,0.7898499965667725,964.0
2024-03-01 15:33:00,ATRC,36.22999954223633,36.22999954223633,36.22999954223633,36.130001068115234,36.14500045776367,13919.0
2024-03-01 15:33:00,ATXS,14.895000457763672,14.895000457763672,14.902199745178223,14.890000343322754,14.899999618530273,6939.0
2024-03-01 15:33:00,AUGX,4.539999961853027,4.539999961853027,4.539999961853027,4.53000020980835,4.53000020980835,351.0
2024-03-01 15:33:00,AUPH,5.764999866485596,5.764999866485596,5.769999980926514,5.760000228881836,5.760000228881836,1412.0
2024-03-01 15:33:00,AURA,9.229999542236328,9.229999542236328,9.244999885559082,9.229999542236328,9.244999885559082,569.0
2024-03-01 15:33:00,AUTL,6.239999771118164,6.239999771118164,6.239999771118164,6.239999771118164,6.239999771118164,245.0
2024-03-01 15:33:00,AVDL,13.484999656677246,13.484999656677246,13.5,13.4399995803833,13.4399995803833,11432.0
2024-03-01 15:33:00,AVIR,4.434999942779541,4.434999942779541,4.440000057220459,4.434999942779541,4.440000057220459,2342.0
2024-03-01 15:33:00,AVRO,1.3219000101089478,1.3219000101089478,1.3219000101089478,1.3209999799728394,1.3209999799728394,300.0
2024-03-01 15:33:00,AVXL,5.264999866485596,5.264999866485596,5.289999961853027,5.260000228881836,5.289999961853027,7360.0
2024-03-01 15:33:00,AXGN,10.675000190734863,10.675000190734863,10.675000190734863,10.675000190734863,10.675000190734863,329.0
2024-03-01 15:33:00,AXNX,67.7300033569336,67.7300033569336,67.7300033569336,67.7300033569336,67.7300033569336,114.0
2024-03-01 15:33:00,AXSM,82.4000015258789,82.4000015258789,82.41000366210938,82.4000015258789,82.41000366210938,590.0
2024-03-01 15:33:00,AZN,64.61000061035156,64.61000061035156,64.62999725341797,64.61000061035156,64.625,10214.0
2024-03-01 15:33:00,AZTA,67.08000183105469,67.08000183105469,67.08000183105469,67.05000305175781,67.05000305175781,1153.0
2024-03-01 15:33:00,BBIO,35.70000076293945,35.70000076293945,35.7599983215332,35.70000076293945,35.7599983215332,3374.0
2024-03-01 15:33:00,BCAB,2.825000047683716,2.825000047683716,2.8299999237060547,2.825000047683716,2.8299999237060547,1599.0
2024-03-01 15:33:00,BCDA,0.5799000263214111,0.5799000263214111,0.5799000263214111,0.5789999961853027,0.5789999961853027,8928.0
2024-03-01 15:33:00,BCEL,0.26910001039505005,0.26910001039505005,0.26910001039505005,0.26910001039505005,0.26910001039505005,1409.0
2024-03-01 15:33:00,BCRX,5.664999961853027,5.664999961853027,5.670000076293945,5.659999847412109,5.664999961853027,2282.0
2024-03-01 15:33:00,BCYC,25.75,25.75,25.75,25.735000610351562,25.735000610351562,398.0
2024-03-01 15:33:00,BDSX,1.6100000143051147,1.6100000143051147,1.6200000047683716,1.6100000143051147,1.6200000047683716,796.0
2024-03-01 15:33:00,BDTX,4.699999809265137,4.699999809265137,4.710000038146973,4.699999809265137,4.710000038146973,2592.0
2024-03-01 15:33:00,BEAM,39.755001068115234,39.755001068115234,39.810001373291016,39.755001068115234,39.810001373291016,3102.0
2024-03-01 15:33:00,BIIB,220.85000610351562,220.85000610351562,221.0959930419922,220.82000732421875,221.0399932861328,9629.0
2024-03-01 15:33:00,BIOL,0.14640000462532043,0.14640000462532043,0.14650000631809235,0.14589999616146088,0.14595000445842743,25792.0
2024-03-01 15:33:00,BIVI,1.909999966621399,1.909999966621399,1.9199999570846558,1.8799999952316284,1.9154000282287598,34340.0
2024-03-01 15:33:00,BLFS,17.850000381469727,17.850000381469727,17.934999465942383,17.850000381469727,17.934999465942383,3045.0
2024-03-01 15:33:00,BLUE,1.570099949836731,1.570099949836731,1.5750000476837158,1.5700000524520874,1.5750000476837158,5640.0
2024-03-01 15:33:00,BMEA,17.799999237060547,17.799999237060547,17.920000076293945,17.799999237060547,17.920000076293945,1953.0
2024-03-01 15:33:00,BMRA,1.2000000476837158,1.2000000476837158,1.2000000476837158,1.2000000476837158,1.2000000476837158,101.0
2024-03-01 15:33:00,BMRN,87.69000244140625,87.69000244140625,87.70899963378906,87.62000274658203,87.6500015258789,8057.0
2024-03-01 15:33:00,BNGO,1.2549999952316284,1.2549999952316284,1.2549999952316284,1.2549999952316284,1.2549999952316284,271.0
2024-03-01 15:33:00,BNOX,1.190000057220459,1.190000057220459,1.1900999546051025,1.190000057220459,1.190000057220459,2284.0
2024-03-01 15:33:00,BNTX,90.68000030517578,90.68000030517578,90.68000030517578,90.68000030517578,90.68000030517578,656.0
2024-03-01 15:33:00,BPMC,95.78500366210938,95.78500366210938,95.79000091552734,95.78500366210938,95.79000091552734,225.0
2024-03-01 15:33:00,BRTX,1.5,1.5,1.5047999620437622,1.5,1.5047999620437622,2300.0
2024-03-01 15:33:00,BTAI,3.2100000381469727,3.2100000381469727,3.2100000381469727,3.2100000381469727,3.2100000381469727,107.0
2024-03-01 15:33:00,BTTX,0.1835000067949295,0.1835000067949295,0.18359999358654022,0.1835000067949295,0.18359999358654022,220.0
2024-03-01 15:33:00,BVS,4.78000020980835,4.78000020980835,4.78000020980835,4.78000020980835,4.78000020980835,247.0
2024-03-01 15:33:00,BWAY,6.619999885559082,6.619999885559082,6.619999885559082,6.619999885559082,6.619999885559082,121.0
2024-03-01 15:33:00,BYSI,1.499899983406067,1.499899983406067,1.5,1.499899983406067,1.5,702.0
2024-03-01 15:33:00,CABA,23.940000534057617,23.940000534057617,23.969999313354492,23.940000534057617,23.959999084472656,3104.0
2024-03-01 15:33:00,CARA,0.9269999861717224,0.9269999861717224,0.9269999861717224,0.9269999861717224,0.9269999861717224,532.0
2024-03-01 15:33:00,CBAY,32.22999954223633,32.22999954223633,32.22999954223633,32.224998474121094,32.22999954223633,3047.0
2024-03-01 15:33:00,CCCC,11.0,11.0,11.010000228881836,10.989999771118164,10.989999771118164,6287.0
2024-03-01 15:33:00,CCRN,18.309999465942383,18.309999465942383,18.309999465942383,18.299999237060547,18.299999237060547,637.0
2024-03-01 15:33:00,CDMO,8.234999656677246,8.234999656677246,8.234999656677246,8.234999656677246,8.234999656677246,502.0
2024-03-01 15:33:00,CDNA,12.460000038146973,12.460000038146973,12.46500015258789,12.460000038146973,12.46500015258789,1331.0
2024-03-01 15:33:00,CDXS,4.650000095367432,4.650000095367432,4.650000095367432,4.650000095367432,4.650000095367432,1586.0
2024-03-01 15:33:00,CELC,17.329999923706055,17.329999923706055,17.329999923706055,17.18000030517578,17.219999313354492,1225.0
2024-03-01 15:33:00,CERE,41.099998474121094,41.099998474121094,41.11000061035156,41.099998474121094,41.11000061035156,2536.0
2024-03-01 15:33:00,CERS,2.180000066757202,2.180000066757202,2.1812000274658203,2.180000066757202,2.180000066757202,764.0
2024-03-01 15:33:00,CERT,18.1200008392334,18.1200008392334,18.121700286865234,18.1200008392334,18.1200008392334,3075.0
2024-03-01 15:33:00,CGC,3.184999942779541,3.184999942779541,3.190200090408325,3.180000066757202,3.190200090408325,4773.0
2024-03-01 15:33:00,CGEM,18.540000915527344,18.540000915527344,18.639999389648438,18.540000915527344,18.6299991607666,4608.0
2024-03-01 15:33:00,CGEN,2.684999942779541,2.684999942779541,2.690000057220459,2.684999942779541,2.690000057220459,439.0
2024-03-01 15:33:00,CHRS,2.4049999713897705,2.4049999713897705,2.4100000858306885,2.3949999809265137,2.4049999713897705,32246.0
2024-03-01 15:33:00,CKPT,2.2100000381469727,2.2100000381469727,2.2100000381469727,2.2100000381469727,2.2100000381469727,200.0
2024-03-01 15:33:00,CLDX,51.6150016784668,51.6150016784668,51.68000030517578,51.6150016784668,51.68000030517578,6499.0
2024-03-01 15:33:00,CLLS,2.640000104904175,2.640000104904175,2.640000104904175,2.640000104904175,2.640000104904175,3370.0
2024-03-01 15:33:00,CLNN,0.3871999979019165,0.3871999979019165,0.3871999979019165,0.3871999979019165,0.3871999979019165,3000.0
2024-03-01 15:33:00,CLOV,0.8658999800682068,0.8658999800682068,0.8659999966621399,0.8658999800682068,0.8659999966621399,2028.0
2024-03-01 15:33:00,CLRB,4.09499979019165,4.09499979019165,4.09499979019165,4.09499979019165,4.09499979019165,420.0
2024-03-01 15:33:00,CMPS,11.470000267028809,11.470000267028809,11.474900245666504,11.470000267028809,11.474900245666504,1026.0
2024-03-01 15:33:00,CMPX,1.8799999952316284,1.8799999952316284,1.8799999952316284,1.8799999952316284,1.8799999952316284,1001.0
2024-03-01 15:33:00,CNSP,0.3291989862918854,0.3291989862918854,0.3291989862918854,0.3190999925136566,0.3190999925136566,386.0
2024-03-01 15:33:00,CNTA,10.770000457763672,10.770000457763672,10.8100004196167,10.770000457763672,10.8100004196167,1204.0
2024-03-01 15:33:00,COGT,7.175000190734863,7.175000190734863,7.184999942779541,7.159999847412109,7.184999942779541,10407.0
2024-03-01 15:33:00,COLL,36.83000183105469,36.83000183105469,36.880001068115234,36.83000183105469,36.84000015258789,1082.0
2024-03-01 15:33:00,CORT,24.2549991607666,24.2549991607666,24.260000228881836,24.2549991607666,24.2549991607666,1421.0
2024-03-01 15:33:00,CPRX,17.174999237060547,17.174999237060547,17.200000762939453,17.174999237060547,17.200000762939453,6007.0
2024-03-01 15:33:00,CPSI,9.25,9.25,9.28499984741211,9.25,9.279999732971191,4209.0
2024-03-01 15:33:00,CRBP,33.97999954223633,33.97999954223633,34.0,33.81999969482422,33.81999969482422,2529.0
2024-03-01 15:33:00,CRBU,7.78000020980835,7.78000020980835,7.789999961853027,7.78000020980835,7.789999961853027,2244.0
2024-03-01 15:33:00,CRDF,2.819999933242798,2.819999933242798,2.8399999141693115,2.799999952316284,2.8094000816345215,52562.0
2024-03-01 15:33:00,CRDL,1.9199999570846558,1.9199999570846558,1.9199999570846558,1.9199999570846558,1.9199999570846558,533.0
2024-03-01 15:33:00,CRIS,10.15999984741211,10.15999984741211,10.15999984741211,10.15999984741211,10.15999984741211,155.0
2024-03-01 15:33:00,CRMD,3.6600000858306885,3.6600000858306885,3.6600000858306885,3.6600000858306885,3.6600000858306885,2892.0
2024-03-01 15:33:00,CRNX,45.86000061035156,45.86000061035156,45.90999984741211,45.86000061035156,45.90999984741211,1998.0
2024-03-01 15:33:00,CRON,2.0199999809265137,2.0199999809265137,2.026400089263916,2.0199999809265137,2.0250000953674316,9430.0
2024-03-01 15:33:00,CRSP,84.26000213623047,84.26000213623047,84.41999816894531,84.26000213623047,84.41000366210938,2594.0
2024-03-01 15:33:00,CRVS,2.190000057220459,2.190000057220459,2.200000047683716,2.190000057220459,2.200000047683716,3327.0
2024-03-01 15:33:00,CTKB,9.015000343322754,9.015000343322754,9.020000457763672,9.015000343322754,9.020000457763672,1862.0
2024-03-01 15:33:00,CTMX,2.549999952316284,2.549999952316284,2.559999942779541,2.549999952316284,2.559999942779541,4396.0
2024-03-01 15:33:00,CTXR,0.772350013256073,0.772350013256073,0.772350013256073,0.772350013256073,0.772350013256073,197.0
2024-03-01 15:33:00,CUE,2.1649999618530273,2.1649999618530273,2.1649999618530273,2.1649999618530273,2.1649999618530273,468.0
2024-03-01 15:33:00,CUTR,2.4000000953674316,2.4000000953674316,2.4000000953674316,2.3949999809265137,2.4000000953674316,6476.0
2024-03-01 15:33:00,CVAC,3.434999942779541,3.434999942779541,3.434999942779541,3.434999942779541,3.434999942779541,651.0
2024-03-01 15:33:00,CVRX,20.704999923706055,20.704999923706055,20.704999923706055,20.704999923706055,20.704999923706055,113.0
2024-03-01 15:33:00,CYTK,73.74500274658203,73.74500274658203,73.83999633789062,73.74500274658203,73.80000305175781,2223.0
2024-03-01 15:33:00,CYTO,2.4000000953674316,2.4000000953674316,2.4100000858306885,2.4000000953674316,2.4000000953674316,2624.0
2024-03-01 15:33:00,DAWN,17.510000228881836,17.510000228881836,17.575000762939453,17.510000228881836,17.575000762939453,1682.0
2024-03-01 15:33:00,DCGO,4.059999942779541,4.059999942779541,4.065000057220459,4.054999828338623,4.059999942779541,2903.0
2024-03-01 15:33:00,DCPH,17.469999313354492,17.469999313354492,17.48080062866211,17.469999313354492,17.48080062866211,2143.0
2024-03-01 15:33:00,DCTH,4.195000171661377,4.195000171661377,4.195000171661377,4.195000171661377,4.195000171661377,101.0
2024-03-01 15:33:00,DERM,4.061200141906738,4.061200141906738,4.061200141906738,4.061200141906738,4.061200141906738,500.0
2024-03-01 15:33:00,DH,8.829999923706055,8.829999923706055,8.84000015258789,8.819999694824219,8.819999694824219,2792.0
2024-03-01 15:33:00,DMTK,0.8269000053405762,0.8269000053405762,0.8269000053405762,0.8269000053405762,0.8269000053405762,546.0
2024-03-01 15:33:00,DNLI,20.979999542236328,20.979999542236328,21.030000686645508,20.969999313354492,21.030000686645508,3119.0
2024-03-01 15:33:00,DRRX,0.9950500130653381,0.9950500130653381,1.0,0.9950500130653381,1.0,1225.0
2024-03-01 15:33:00,DSGN,2.865000009536743,2.865000009536743,2.869999885559082,2.859999895095825,2.869999885559082,2252.0
2024-03-01 15:33:00,DTIL,12.6806001663208,12.6806001663208,12.720000267028809,12.6806001663208,12.702199935913086,4096.0
2024-03-01 15:33:00,DVAX,12.755000114440918,12.755000114440918,12.779999732971191,12.755000114440918,12.779999732971191,7993.0
2024-03-01 15:33:00,DXCM,121.06500244140625,121.06500244140625,121.06500244140625,120.9800033569336,120.9800033569336,5567.0
2024-03-01 15:33:00,DYN,29.100000381469727,29.100000381469727,29.100000381469727,29.079999923706055,29.094999313354492,7532.0
2024-03-01 15:33:00,EDIT,10.649999618530273,10.649999618530273,10.673299789428711,10.649999618530273,10.673299789428711,6756.0
2024-03-01 15:33:00,EFTR,16.349199295043945,16.349199295043945,16.349199295043945,16.349199295043945,16.349199295043945,616.0
2024-03-01 15:33:00,EGRX,6.534999847412109,6.534999847412109,6.534999847412109,6.534999847412109,6.534999847412109,469.0
2024-03-01 15:33:00,ELEV,5.010000228881836,5.010000228881836,5.040999889373779,4.980000019073486,5.019999980926514,33335.0
2024-03-01 15:33:00,EMBC,14.270000457763672,14.270000457763672,14.270000457763672,14.270000457763672,14.270000457763672,207.0
2024-03-01 15:33:00,ENSG,121.55999755859375,121.55999755859375,121.55999755859375,121.5,121.5199966430664,1332.0
2024-03-01 15:33:00,ENTA,15.4350004196167,15.4350004196167,15.470000267028809,15.4350004196167,15.460000038146973,600.0
2024-03-01 15:33:00,ENTX,1.399999976158142,1.399999976158142,1.399999976158142,1.399999976158142,1.399999976158142,252.0
2024-03-01 15:33:00,ENVB,1.5600999593734741,1.5600999593734741,1.5800000429153442,1.5399999618530273,1.5499999523162842,12948.0
2024-03-01 15:33:00,EOLS,14.90999984741211,14.90999984741211,14.90999984741211,14.90999984741211,14.90999984741211,505.0
2024-03-01 15:33:00,EQ,2.4700000286102295,2.4700000286102295,2.490000009536743,2.4700000286102295,2.490000009536743,3981.0
2024-03-01 15:33:00,ERAS,2.6050000190734863,2.6050000190734863,2.625,2.5950000286102295,2.615000009536743,32438.0
2024-03-01 15:33:00,ESPR,2.5450000762939453,2.5450000762939453,2.5450000762939453,2.5399999618530273,2.5450000762939453,11081.0
2024-03-01 15:33:00,ESTA,43.689998626708984,43.689998626708984,43.779998779296875,43.5525016784668,43.5525016784668,2853.0
2024-03-01 15:33:00,ETNB,12.65999984741211,12.65999984741211,12.699999809265137,12.65999984741211,12.6899995803833,5170.0
2024-03-01 15:33:00,EVLO,0.06154999881982803,0.06154999881982803,0.06154999881982803,0.06154999881982803,0.06154999881982803,266.0
2024-03-01 15:33:00,EWTX,16.584999084472656,16.584999084472656,16.639999389648438,16.584999084472656,16.639999389648438,2650.0
2024-03-01 15:33:00,EXAI,6.53000020980835,6.53000020980835,6.534999847412109,6.53000020980835,6.534999847412109,1767.0
2024-03-01 15:33:00,EXAS,59.39500045776367,59.39500045776367,59.41999816894531,59.38999938964844,59.41999816894531,5273.0
2024-03-01 15:33:00,EXEL,22.25,22.25,22.2549991607666,22.25,22.25,1585.0
2024-03-01 15:33:00,EYEN,2.434999942779541,2.434999942779541,2.4391000270843506,2.4200000762939453,2.4391000270843506,6587.0
2024-03-01 15:33:00,EYPT,27.90999984741211,27.90999984741211,27.954999923706055,27.90999984741211,27.954999923706055,1550.0
2024-03-01 15:33:00,FATE,7.715000152587891,7.715000152587891,7.730000019073486,7.715000152587891,7.730000019073486,3352.0
2024-03-01 15:33:00,FDMT,29.360000610351562,29.360000610351562,29.3799991607666,29.350000381469727,29.3799991607666,1557.0
2024-03-01 15:33:00,FEMY,1.7999999523162842,1.7999999523162842,1.7999999523162842,1.7999999523162842,1.7999999523162842,205.0
2024-03-01 15:33:00,FGEN,1.8350000381469727,1.8350000381469727,1.8350000381469727,1.8300000429153442,1.8300000429153442,1152.0
2024-03-01 15:33:00,FIXX,0.8884000182151794,0.8884000182151794,0.8884000182151794,0.8799999952316284,0.8801000118255615,4503.0
2024-03-01 15:33:00,FOLD,13.3149995803833,13.3149995803833,13.324999809265137,13.3100004196167,13.324999809265137,3709.0
2024-03-01 15:33:00,FONR,22.59000015258789,22.59000015258789,22.59000015258789,22.59000015258789,22.59000015258789,186.0
2024-03-01 15:33:00,FULC,10.960000038146973,10.960000038146973,10.970000267028809,10.960000038146973,10.970000267028809,2259.0
2024-03-01 15:33:00,FUSN,12.154999732971191,12.154999732971191,12.170000076293945,12.154999732971191,12.154999732971191,1359.0
2024-03-01 15:33:00,FWBI,9.0,9.0,9.0,8.899999618530273,8.899999618530273,4314.0
2024-03-01 15:33:00,GBIO,2.619999885559082,2.619999885559082,2.640000104904175,2.619999885559082,2.619999885559082,5158.0
2024-03-01 15:33:00,GCTK,0.3070000112056732,0.3070000112056732,0.3070000112056732,0.3070000112056732,0.3070000112056732,610.0
2024-03-01 15:33:00,GDRX,8.385000228881836,8.385000228881836,8.385000228881836,8.359999656677246,8.380000114440918,11896.0
2024-03-01 15:33:00,GERN,2.244999885559082,2.244999885559082,2.255000114440918,2.2400999069213867,2.255000114440918,77063.0
2024-03-01 15:33:00,GH,18.959999084472656,18.959999084472656,19.030000686645508,18.959999084472656,18.975000381469727,10424.0
2024-03-01 15:33:00,GILD,72.41500091552734,72.41500091552734,72.42250061035156,72.41010284423828,72.42250061035156,4418.0
2024-03-01 15:33:00,GLPG,35.040000915527344,35.040000915527344,35.040000915527344,35.040000915527344,35.040000915527344,597.0
2024-03-01 15:33:00,GLSI,12.670000076293945,12.670000076293945,12.670000076293945,12.670000076293945,12.670000076293945,124.0
2024-03-01 15:33:00,GLTO,0.8199999928474426,0.8199999928474426,0.8299999833106995,0.8191999793052673,0.8191999793052673,10501.0
2024-03-01 15:33:00,GLYC,3.049999952316284,3.049999952316284,3.049999952316284,3.0315001010894775,3.0315001010894775,765.0
2024-03-01 15:33:00,GMAB,29.329999923706055,29.329999923706055,29.329999923706055,29.31999969482422,29.329999923706055,753.0
2024-03-01 15:33:00,GOSS,1.4049999713897705,1.4049999713897705,1.4049999713897705,1.399999976158142,1.399999976158142,1205.0
2024-03-01 15:33:00,GRTS,2.0299999713897705,2.0299999713897705,2.0399999618530273,2.0199999809265137,2.0225000381469727,28961.0
2024-03-01 15:33:00,GRTX,0.23104999959468842,0.23104999959468842,0.23109999299049377,0.23104999959468842,0.23109999299049377,345.0
2024-03-01 15:33:00,GTH,3.9200000762939453,3.9200000762939453,3.9200000762939453,3.9179999828338623,3.9200000762939453,29756.0
2024-03-01 15:33:00,GTHX,3.701900005340576,3.701900005340576,3.7049999237060547,3.700000047683716,3.7049999237060547,3461.0
2024-03-01 15:33:00,HALO,41.040000915527344,41.040000915527344,41.04999923706055,41.029998779296875,41.040000915527344,2971.0
2024-03-01 15:33:00,HARP,22.950000762939453,22.950000762939453,22.950000762939453,22.940000534057617,22.940000534057617,461.0
2024-03-01 15:33:00,HCAT,8.050000190734863,8.050000190734863,8.0600004196167,8.050000190734863,8.0600004196167,1957.0
2024-03-01 15:33:00,HCM,15.15999984741211,15.15999984741211,15.15999984741211,15.15999984741211,15.15999984741211,201.0
2024-03-01 15:33:00,HCSG,12.835000038146973,12.835000038146973,12.845000267028809,12.819999694824219,12.819999694824219,4012.0
2024-03-01 15:33:00,HLVX,19.200000762939453,19.200000762939453,19.200000762939453,19.149999618530273,19.149999618530273,485.0
2024-03-01 15:33:00,HOLX,74.10900115966797,74.10900115966797,74.11000061035156,74.08999633789062,74.0999984741211,2618.0
2024-03-01 15:33:00,HOWL,6.96999979019165,6.96999979019165,7.019999980926514,6.96999979019165,7.0,2739.0
2024-03-01 15:33:00,HQY,81.19499969482422,81.19499969482422,81.19999694824219,81.16999816894531,81.19000244140625,593.0
2024-03-01 15:33:00,HRMY,31.760000228881836,31.760000228881836,31.790000915527344,31.760000228881836,31.790000915527344,1985.0
2024-03-01 15:33:00,HROW,10.958000183105469,10.958000183105469,10.958000183105469,10.958000183105469,10.958000183105469,470.0
2024-03-01 15:33:00,HRTX,2.5799999237060547,2.5799999237060547,2.5899999141693115,2.5799999237060547,2.5899999141693115,7237.0
2024-03-01 15:33:00,HSCS,0.12139999866485596,0.12139999866485596,0.12139999866485596,0.11909999698400497,0.11999999731779099,100654.0
2024-03-01 15:33:00,HSIC,76.875,76.875,76.89250183105469,76.87000274658203,76.87999725341797,3400.0
2024-03-01 15:33:00,HSTM,27.204999923706055,27.204999923706055,27.204999923706055,27.204999923706055,27.204999923706055,375.0
2024-03-01 15:33:00,HUMA,3.2600998878479004,3.2600998878479004,3.2699999809265137,3.259999990463257,3.26990008354187,23722.0
2024-03-01 15:33:00,IART,36.040000915527344,36.040000915527344,36.06999969482422,36.040000915527344,36.04999923706055,14043.0
2024-03-01 15:33:00,IBRX,4.755000114440918,4.755000114440918,4.78000020980835,4.75,4.78000020980835,31644.0
2024-03-01 15:33:00,ICAD,1.8695000410079956,1.8695000410079956,1.8695000410079956,1.8695000410079956,1.8695000410079956,100.0
2024-03-01 15:33:00,ICLR,324.2650146484375,324.2650146484375,324.30499267578125,324.2650146484375,324.30499267578125,765.0
2024-03-01 15:33:00,ICUI,105.6500015258789,105.6500015258789,105.75,105.6500015258789,105.75,696.0
2024-03-01 15:33:00,IDXX,577.0349731445312,577.0349731445312,577.3099975585938,577.0349731445312,577.3099975585938,897.0
2024-03-01 15:33:00,IDYA,46.31999969482422,46.31999969482422,46.38999938964844,46.31999969482422,46.38999938964844,2314.0
2024-03-01 15:33:00,IFRX,1.7760000228881836,1.7760000228881836,1.7760000228881836,1.7760000228881836,1.7760000228881836,1000.0
2024-03-01 15:33:00,IGMS,12.779999732971191,12.779999732971191,12.850000381469727,12.770000457763672,12.850000381469727,1981.0
2024-03-01 15:33:00,IKNA,1.5,1.5,1.5,1.5,1.5,653.0
2024-03-01 15:33:00,ILMN,140.6649932861328,140.6649932861328,140.72000122070312,140.66000366210938,140.6649932861328,846.0
2024-03-01 15:33:00,IMAB,1.7805999517440796,1.7805999517440796,1.7899999618530273,1.7805999517440796,1.7899999618530273,668.0
2024-03-01 15:33:00,IMCR,67.90499877929688,67.90499877929688,67.94000244140625,67.90499877929688,67.90499877929688,385.0
2024-03-01 15:33:00,IMMX,3.450000047683716,3.450000047683716,3.4600000381469727,3.450000047683716,3.4600000381469727,397.0
2024-03-01 15:33:00,IMNM,25.389999389648438,25.389999389648438,25.43000030517578,25.3799991607666,25.43000030517578,4132.0
2024-03-01 15:33:00,IMTX,12.869999885559082,12.869999885559082,12.899999618530273,12.869999885559082,12.899999618530273,2726.0
2024-03-01 15:33:00,IMUX,1.4500000476837158,1.4500000476837158,1.4550000429153442,1.4500000476837158,1.4500000476837158,357.0
2024-03-01 15:33:00,IMVT,35.582000732421875,35.582000732421875,35.619998931884766,35.582000732421875,35.619998931884766,1952.0
2024-03-01 15:33:00,INBX,36.5,36.5,36.5099983215332,36.5,36.5099983215332,1988.0
2024-03-01 15:33:00,INCY,59.06010055541992,59.06010055541992,59.06999969482422,59.060001373291016,59.06999969482422,1609.0
2024-03-01 15:33:00,INGN,6.929999828338623,6.929999828338623,6.929999828338623,6.925000190734863,6.925000190734863,2473.0
2024-03-01 15:33:00,INMB,12.3149995803833,12.3149995803833,12.34000015258789,12.300000190734863,12.319999694824219,1214.0
2024-03-01 15:33:00,INMD,22.895000457763672,22.895000457763672,22.895000457763672,22.890899658203125,22.895000457763672,1111.0
2024-03-01 15:33:00,INO,9.524999618530273,9.524999618530273,9.550000190734863,9.524999618530273,9.550000190734863,643.0
2024-03-01 15:33:00,INSM,27.979999542236328,27.979999542236328,28.020000457763672,27.975000381469727,28.020000457763672,4903.0
2024-03-01 15:33:00,INVA,15.395000457763672,15.395000457763672,15.395000457763672,15.380000114440918,15.390000343322754,3960.0
2024-03-01 15:33:00,INZY,6.539999961853027,6.539999961853027,6.550000190734863,6.539999961853027,6.550000190734863,668.0
2024-03-01 15:33:00,IONM,0.35499998927116394,0.35499998927116394,0.35499998927116394,0.35499998927116394,0.35499998927116394,110.0
2024-03-01 15:33:00,IONS,45.494998931884766,45.494998931884766,45.494998931884766,45.47999954223633,45.4900016784668,815.0
2024-03-01 15:33:00,IOVA,16.90999984741211,16.90999984741211,16.927499771118164,16.899999618530273,16.920000076293945,13110.0
2024-03-01 15:33:00,IPSC,3.9600000381469727,3.9600000381469727,3.9600000381469727,3.9600000381469727,3.9600000381469727,101.0
2024-03-01 15:33:00,IRIX,2.6500000953674316,2.6500000953674316,2.6500000953674316,2.6500000953674316,2.6500000953674316,109.0
2024-03-01 15:33:00,IRMD,41.5,41.5,41.5,41.5,41.5,224.0
2024-03-01 15:33:00,IRTC,120.46499633789062,120.46499633789062,120.46499633789062,120.46499633789062,120.46499633789062,367.0
2024-03-01 15:33:00,IRWD,8.880000114440918,8.880000114440918,8.899999618530273,8.880000114440918,8.880000114440918,107840.0
2024-03-01 15:33:00,ISRG,398.0400085449219,398.0400085449219,398.0400085449219,397.8949890136719,397.8949890136719,6035.0
2024-03-01 15:33:00,ITCI,72.11969757080078,72.11969757080078,72.1500015258789,72.08999633789062,72.13999938964844,1799.0
2024-03-01 15:33:00,ITOS,11.149999618530273,11.149999618530273,11.149999618530273,11.149999618530273,11.149999618530273,635.0
2024-03-01 15:33:00,IVA,3.9649999141693115,3.9649999141693115,3.9649999141693115,3.9649999141693115,3.9649999141693115,276.0
2024-03-01 15:33:00,JAGX,0.08190000057220459,0.08190000057220459,0.0828000009059906,0.08169999718666077,0.0828000009059906,16377.0
2024-03-01 15:33:00,JANX,46.07500076293945,46.07500076293945,46.29499816894531,46.07500076293945,46.15999984741211,9801.0
2024-03-01 15:33:00,JAZZ,118.65499877929688,118.65499877929688,118.8499984741211,118.63999938964844,118.8499984741211,2698.0
2024-03-01 15:33:00,JYNT,9.949999809265137,9.949999809265137,9.949999809265137,9.949999809265137,9.949999809265137,405.0
2024-03-01 15:33:00,KALA,7.394999980926514,7.394999980926514,7.394999980926514,7.394999980926514,7.394999980926514,1550.0
2024-03-01 15:33:00,KALV,14.010000228881836,14.010000228881836,14.069999694824219,14.010000228881836,14.069999694824219,2460.0
2024-03-01 15:33:00,KNSA,21.68000030517578,21.68000030517578,21.809999465942383,21.65999984741211,21.809999465942383,22728.0
2024-03-01 15:33:00,KNTE,2.5899999141693115,2.5899999141693115,2.5899999141693115,2.5899999141693115,2.5899999141693115,693.0
2024-03-01 15:33:00,KOD,5.989999771118164,5.989999771118164,6.0,5.96999979019165,6.0,7865.0
2024-03-01 15:33:00,KPTI,1.1950000524520874,1.1950000524520874,1.1950000524520874,1.190000057220459,1.1950000524520874,1038.0
2024-03-01 15:33:00,KRON,1.090000033378601,1.090000033378601,1.100000023841858,1.0800000429153442,1.0800000429153442,3293.0
2024-03-01 15:33:00,KROS,68.75,68.75,68.75,68.70999908447266,68.70999908447266,1310.0
2024-03-01 15:33:00,KRTX,315.55499267578125,315.55499267578125,315.6650085449219,315.5400085449219,315.6499938964844,1904.0
2024-03-01 15:33:00,KRYS,168.63999938964844,168.63999938964844,168.63999938964844,168.34890747070312,168.46499633789062,4961.0
2024-03-01 15:33:00,KTRA,0.1005999967455864,0.1005999967455864,0.1005999967455864,0.10040000081062317,0.10040000081062317,875.0
2024-03-01 15:33:00,KTTA,8.015000343322754,8.015000343322754,8.015000343322754,8.015000343322754,8.015000343322754,235.0
2024-03-01 15:33:00,KURA,21.6200008392334,21.6200008392334,21.6299991607666,21.6200008392334,21.6299991607666,954.0
2024-03-01 15:33:00,KYMR,43.61000061035156,43.61000061035156,43.619998931884766,43.61000061035156,43.619998931884766,547.0
2024-03-01 15:33:00,KZR,1.034999966621399,1.034999966621399,1.0399999618530273,1.034999966621399,1.034999966621399,2500.0
2024-03-01 15:33:00,LAB,2.4549999237060547,2.4549999237060547,2.4600000381469727,2.4549999237060547,2.4549999237060547,2894.0
2024-03-01 15:33:00,LBPH,21.459999084472656,21.459999084472656,21.459999084472656,21.459999084472656,21.459999084472656,247.0
2024-03-01 15:33:00,LEGN,65.45999908447266,65.45999908447266,65.45999908447266,65.45999908447266,65.45999908447266,114.0
2024-03-01 15:33:00,LFMD,7.989999771118164,7.989999771118164,7.989999771118164,7.989999771118164,7.989999771118164,133.0
2024-03-01 15:33:00,LFST,7.75,7.75,7.755000114440918,7.75,7.75,1546.0
2024-03-01 15:33:00,LGND,77.40249633789062,77.40249633789062,77.40249633789062,77.30999755859375,77.33000183105469,4721.0
2024-03-01 15:33:00,LGVN,0.5335000157356262,0.5335000157356262,0.5335000157356262,0.5335000157356262,0.5335000157356262,209.0
2024-03-01 15:33:00,LIAN,4.869999885559082,4.869999885559082,4.869999885559082,4.869999885559082,4.869999885559082,100.0
2024-03-01 15:33:00,LIVN,55.32500076293945,55.32500076293945,55.33000183105469,55.32500076293945,55.33000183105469,389.0
2024-03-01 15:33:00,LMAT,67.97000122070312,67.97000122070312,68.08499908447266,67.97000122070312,68.08499908447266,2882.0
2024-03-01 15:33:00,LNTH,64.30000305175781,64.30000305175781,64.31999969482422,64.30000305175781,64.31500244140625,1504.0
2024-03-01 15:33:00,LQDA,14.574999809265137,14.574999809265137,14.59000015258789,14.574999809265137,14.59000015258789,3193.0
2024-03-01 15:33:00,LTRN,4.210000038146973,4.210000038146973,4.210000038146973,4.179999828338623,4.199999809265137,1750.0
2024-03-01 15:33:00,LUNG,9.364999771118164,9.364999771118164,9.380000114440918,9.350000381469727,9.380000114440918,7572.0
2024-03-01 15:33:00,LVTX,2.5999999046325684,2.5999999046325684,2.609999895095825,2.5999999046325684,2.609999895095825,2141.0
2024-03-01 15:33:00,LXRX,2.4700000286102295,2.4700000286102295,2.4798998832702637,2.4700000286102295,2.4700000286102295,5229.0
2024-03-01 15:33:00,LYEL,3.115000009536743,3.115000009536743,3.125,3.109999895095825,3.125,8732.0
2024-03-01 15:33:00,LYRA,5.644999980926514,5.644999980926514,5.644999980926514,5.644199848175049,5.644199848175049,725.0
2024-03-01 15:33:00,MBRX,0.6299999952316284,0.6299999952316284,0.6299999952316284,0.6299999952316284,0.6299999952316284,198.0
2024-03-01 15:33:00,MCRB,1.2200000286102295,1.2200000286102295,1.225000023841858,1.2200000286102295,1.2200000286102295,765.0
2024-03-01 15:33:00,MDGL,249.25999450683594,249.25999450683594,249.52999877929688,248.93499755859375,249.52999877929688,2891.0
2024-03-01 15:33:00,MDRX,6.0,6.0,6.039999961853027,6.0,6.0,279212.0
2024-03-01 15:33:00,MDXG,8.59000015258789,8.59000015258789,8.59000015258789,8.585000038146973,8.585000038146973,2135.0
2024-03-01 15:33:00,ME,0.5519000291824341,0.5519000291824341,0.5519000291824341,0.5514000058174133,0.5514000058174133,59556.0
2024-03-01 15:33:00,MEDP,403.3900146484375,403.3900146484375,403.3900146484375,403.3900146484375,403.3900146484375,724.0
2024-03-01 15:33:00,MEIP,4.329899787902832,4.329899787902832,4.329899787902832,4.329899787902832,4.329899787902832,225.0
2024-03-01 15:33:00,MGNX,18.68000030517578,18.68000030517578,18.719999313354492,18.670000076293945,18.719999313354492,7260.0
2024-03-01 15:33:00,MGTX,6.420000076293945,6.420000076293945,6.429999828338623,6.420000076293945,6.429999828338623,1643.0
2024-03-01 15:33:00,MIRM,29.145000457763672,29.145000457763672,29.170000076293945,29.139999389648438,29.170000076293945,1285.0
2024-03-01 15:33:00,MLTX,50.79899978637695,50.79899978637695,50.79899978637695,50.7400016784668,50.77000045776367,1397.0
2024-03-01 15:33:00,MMSI,76.24500274658203,76.24500274658203,76.24500274658203,76.2300033569336,76.2300033569336,775.0
2024-03-01 15:33:00,MNKD,4.53000020980835,4.53000020980835,4.539999961853027,4.53000020980835,4.53000020980835,57164.0
2024-03-01 15:33:00,MNMD,6.139999866485596,6.139999866485596,6.150000095367432,6.135000228881836,6.150000095367432,5087.0
2024-03-01 15:33:00,MNOV,1.3600000143051147,1.3600000143051147,1.3600000143051147,1.3600000143051147,1.3600000143051147,1150.0
2024-03-01 15:33:00,MNPR,0.9200000166893005,0.9200000166893005,0.9200000166893005,0.9200000166893005,0.9200000166893005,740.0
2024-03-01 15:33:00,MODD,1.9299999475479126,1.9299999475479126,1.9299999475479126,1.9199999570846558,1.9199999570846558,859.0
2024-03-01 15:33:00,MODV,28.040000915527344,28.040000915527344,28.200000762939453,28.010000228881836,28.200000762939453,2980.0
2024-03-01 15:33:00,MOR,17.704999923706055,17.704999923706055,17.704999923706055,17.690000534057617,17.690000534057617,5157.0
2024-03-01 15:33:00,MORF,39.529998779296875,39.529998779296875,39.61000061035156,39.529998779296875,39.61000061035156,1746.0
2024-03-01 15:33:00,MREO,3.930000066757202,3.930000066757202,3.944999933242798,3.924999952316284,3.944999933242798,24316.0
2024-03-01 15:33:00,MRNA,95.52999877929688,95.52999877929688,95.55999755859375,95.5,95.55999755859375,11067.0
2024-03-01 15:33:00,MRNS,9.949999809265137,9.949999809265137,9.960000038146973,9.949999809265137,9.949999809265137,898.0
2024-03-01 15:33:00,MRSN,5.949999809265137,5.949999809265137,5.980000019073486,5.949999809265137,5.974999904632568,11301.0
2024-03-01 15:33:00,MRUS,51.43000030517578,51.43000030517578,51.470001220703125,51.38999938964844,51.38999938964844,1037.0
2024-03-01 15:33:00,MRVI,7.639999866485596,7.639999866485596,7.644999980926514,7.635000228881836,7.639999866485596,7839.0
2024-03-01 15:33:00,MXCT,4.730000019073486,4.730000019073486,4.735000133514404,4.730000019073486,4.735000133514404,1991.0
2024-03-01 15:33:00,MYGN,22.030000686645508,22.030000686645508,22.03499984741211,22.030000686645508,22.03499984741211,1035.0
2024-03-01 15:33:00,MYMD,3.380000114440918,3.380000114440918,3.380000114440918,3.380000114440918,3.380000114440918,1133.0
2024-03-01 15:33:00,NARI,45.63999938964844,45.63999938964844,45.779998779296875,45.63999938964844,45.779998779296875,16257.0
2024-03-01 15:33:00,NBIX,131.83999633789062,131.83999633789062,131.875,131.8000030517578,131.8000030517578,1240.0
2024-03-01 15:33:00,NBSE,0.869700014591217,0.869700014591217,0.869700014591217,0.869700014591217,0.869700014591217,360.0
2024-03-01 15:33:00,NDRA,1.1399999856948853,1.1399999856948853,1.1399999856948853,1.1399999856948853,1.1399999856948853,2502.0
2024-03-01 15:33:00,NEO,15.904999732971191,15.904999732971191,15.90999984741211,15.904999732971191,15.90999984741211,608.0
2024-03-01 15:33:00,NEOG,17.260000228881836,17.260000228881836,17.260000228881836,17.260000228881836,17.260000228881836,397.0
2024-03-01 15:33:00,NEPT,0.41510000824928284,0.41510000824928284,0.41510000824928284,0.41510000824928284,0.41510000824928284,246.0
2024-03-01 15:33:00,NERV,2.650099992752075,2.650099992752075,2.650099992752075,2.650099992752075,2.650099992752075,510.0
2024-03-01 15:33:00,NGM,1.5199999809265137,1.5199999809265137,1.524999976158142,1.5199999809265137,1.5199999809265137,1002.0
2024-03-01 15:33:00,NKTR,0.7595999836921692,0.7595999836921692,0.7595999836921692,0.7595999836921692,0.7595999836921692,515.0
2024-03-01 15:33:00,NKTX,12.687000274658203,12.687000274658203,12.6899995803833,12.687000274658203,12.6899995803833,613.0
2024-03-01 15:33:00,NMTC,1.2101000547409058,1.2101000547409058,1.225000023841858,1.2101000547409058,1.225000023841858,1000.0
2024-03-01 15:33:00,NNOX,10.90999984741211,10.90999984741211,10.949999809265137,10.90999984741211,10.9350004196167,13830.0
2024-03-01 15:33:00,NPCE,16.030000686645508,16.030000686645508,16.030000686645508,16.030000686645508,16.030000686645508,115.0
2024-03-01 15:33:00,NRIX,13.40999984741211,13.40999984741211,13.449999809265137,13.40999984741211,13.449999809265137,753.0
2024-03-01 15:33:00,NRXP,0.4300000071525574,0.4300000071525574,0.4438999891281128,0.4300000071525574,0.4438000023365021,32547.0
2024-03-01 15:33:00,NSPR,2.630000114440918,2.630000114440918,2.630000114440918,2.619999885559082,2.630000114440918,2612.0
2024-03-01 15:33:00,NTLA,33.07500076293945,33.07500076293945,33.13990020751953,33.07099914550781,33.13990020751953,2713.0
2024-03-01 15:33:00,NTRA,89.68000030517578,89.68000030517578,89.80999755859375,89.68000030517578,89.77999877929688,10040.0
2024-03-01 15:33:00,NUTX,0.11330000311136246,0.11330000311136246,0.1137000024318695,0.11330000311136246,0.1137000024318695,3126.0
2024-03-01 15:33:00,NUVL,86.95500183105469,86.95500183105469,87.1500015258789,86.95500183105469,87.1500015258789,747.0
2024-03-01 15:33:00,NUWE,0.5879999995231628,0.5879999995231628,0.5879999995231628,0.5879999995231628,0.5879999995231628,394.0
2024-03-01 15:33:00,NVAX,5.434999942779541,5.434999942779541,5.480000019073486,5.429999828338623,5.479499816894531,70191.0
2024-03-01 15:33:00,NVCR,16.084999084472656,16.084999084472656,16.094999313354492,16.08180046081543,16.094999313354492,2778.0
2024-03-01 15:33:00,NVOS,0.6581000089645386,0.6581000089645386,0.6581000089645386,0.6467490196228027,0.6467490196228027,945.0
2024-03-01 15:33:00,NXTC,1.7899999618530273,1.7899999618530273,1.7899999618530273,1.7899999618530273,1.7899999618530273,368.0
2024-03-01 15:33:00,OCGN,0.945900022983551,0.945900022983551,0.945900022983551,0.9458000063896179,0.9458000063896179,1202.0
2024-03-01 15:33:00,OCUL,10.579999923706055,10.579999923706055,10.604999542236328,10.579999923706055,10.604999542236328,5382.0
2024-03-01 15:33:00,OCUP,2.509999990463257,2.509999990463257,2.509999990463257,2.509999990463257,2.509999990463257,305.0
2024-03-01 15:33:00,OFIX,12.895000457763672,12.895000457763672,12.899999618530273,12.875,12.880000114440918,2512.0
2024-03-01 15:33:00,OGI,2.1649999618530273,2.1649999618530273,2.1649999618530273,2.1649999618530273,2.1649999618530273,430.0
2024-03-01 15:33:00,OLK,23.0,23.0,23.0,23.0,23.0,1796.0
2024-03-01 15:33:00,OLMA,14.869999885559082,14.869999885559082,14.890000343322754,14.84000015258789,14.845000267028809,8227.0
2024-03-01 15:33:00,OM,3.0850000381469727,3.0850000381469727,3.0905001163482666,3.0850000381469727,3.0905001163482666,1097.0
2024-03-01 15:33:00,OMCL,26.139999389648438,26.139999389648438,26.18000030517578,26.139999389648438,26.18000030517578,825.0
2024-03-01 15:33:00,OMER,4.820000171661377,4.820000171661377,4.820000171661377,4.820000171661377,4.820000171661377,1362.0
2024-03-01 15:33:00,OMGA,4.349999904632568,4.349999904632568,4.349999904632568,4.349999904632568,4.349999904632568,1106.0
2024-03-01 15:34:00,ABCL,5.054999828338623,5.054999828338623,5.057499885559082,5.050000190734863,5.050000190734863,6024.0
2024-03-01 15:34:00,ABEO,7.769999980926514,7.769999980926514,7.769999980926514,7.769999980926514,7.769999980926514,954.0
2024-03-01 15:34:00,ABOS,4.670000076293945,4.670000076293945,4.670000076293945,4.669899940490723,4.669899940490723,2572.0
2024-03-01 15:34:00,ABSI,5.514999866485596,5.514999866485596,5.519999980926514,5.494999885559082,5.5,17652.0
2024-03-01 15:34:00,ACAD,24.059999465942383,24.059999465942383,24.065000534057617,24.049999237060547,24.065000534057617,2864.0
2024-03-01 15:34:00,ACB,3.184999942779541,3.184999942779541,3.184999942779541,3.184999942779541,3.184999942779541,453.0
2024-03-01 15:34:00,ACCD,9.989999771118164,9.989999771118164,9.989999771118164,9.979999542236328,9.979999542236328,2095.0
2024-03-01 15:34:00,ACET,2.375,2.375,2.380000114440918,2.369999885559082,2.375,1236.0
2024-03-01 15:34:00,ACHC,84.0250015258789,84.0250015258789,84.0250015258789,84.0250015258789,84.0250015258789,404.0
2024-03-01 15:34:00,ACHL,1.3600000143051147,1.3600000143051147,1.3638999462127686,1.3600000143051147,1.3638999462127686,4153.0
2024-03-01 15:34:00,ACHV,4.429999828338623,4.429999828338623,4.429999828338623,4.429999828338623,4.429999828338623,1346.0
2024-03-01 15:34:00,ACIU,3.809999942779541,3.809999942779541,3.809999942779541,3.809999942779541,3.809999942779541,102.0
2024-03-01 15:34:00,ACLX,67.30500030517578,67.30500030517578,67.37000274658203,67.27999877929688,67.3499984741211,2361.0
2024-03-01 15:34:00,ACON,0.39969998598098755,0.39969998598098755,0.4000000059604645,0.39969998598098755,0.4000000059604645,400.0
2024-03-01 15:34:00,ACRS,1.225000023841858,1.225000023841858,1.225000023841858,1.2200000286102295,1.2200000286102295,1202.0
2024-03-01 15:34:00,ADAG,3.2049999237060547,3.2049999237060547,3.2300000190734863,3.2049999237060547,3.2300000190734863,3875.0
2024-03-01 15:34:00,ADIL,3.1500000953674316,3.1500000953674316,3.1500000953674316,3.0799999237060547,3.109999895095825,66436.0
2024-03-01 15:34:00,ADMA,5.519999980926514,5.519999980926514,5.527500152587891,5.519999980926514,5.525000095367432,1962.0
2024-03-01 15:34:00,ADPT,4.034999847412109,4.034999847412109,4.034999847412109,4.03000020980835,4.03000020980835,580.0
2024-03-01 15:34:00,ADVM,1.9199999570846558,1.9199999570846558,1.9249999523162842,1.9199999570846558,1.9199999570846558,2229.0
2024-03-01 15:34:00,AFIB,0.2101999968290329,0.2101999968290329,0.2101999968290329,0.2101999968290329,0.2101999968290329,404.0
2024-03-01 15:34:00,AGEN,0.6700999736785889,0.6700999736785889,0.6700999736785889,0.6700000166893005,0.6700500249862671,4769.0
2024-03-01 15:34:00,AGIO,32.20000076293945,32.20000076293945,32.20000076293945,32.119998931884766,32.119998931884766,2620.0
2024-03-01 15:34:00,AHCO,10.515000343322754,10.515000343322754,10.515000343322754,10.475000381469727,10.475000381469727,12982.0
2024-03-01 15:34:00,AIMD,0.9509999752044678,0.9509999752044678,0.9509999752044678,0.9509999752044678,0.9509999752044678,200.0
2024-03-01 15:34:00,AIRS,6.445000171661377,6.445000171661377,6.460000038146973,6.445000171661377,6.460000038146973,868.0
2024-03-01 15:34:00,AKAN,0.22220000624656677,0.22220000624656677,0.22220000624656677,0.22220000624656677,0.22220000624656677,969.0
2024-03-01 15:34:00,AKBA,1.684999942779541,1.684999942779541,1.6899000406265259,1.6799999475479126,1.6799999475479126,4212.0
2024-03-01 15:34:00,AKRO,28.469999313354492,28.469999313354492,28.479999542236328,28.434999465942383,28.434999465942383,4214.0
2024-03-01 15:34:00,ALDX,4.210000038146973,4.210000038146973,4.210000038146973,4.210000038146973,4.210000038146973,125.0
2024-03-01 15:34:00,ALEC,7.320000171661377,7.320000171661377,7.320000171661377,7.320000171661377,7.320000171661377,815.0
2024-03-01 15:34:00,ALHC,5.609499931335449,5.609499931335449,5.610000133514404,5.599999904632568,5.610000133514404,3718.0
2024-03-01 15:34:00,ALKS,30.184999465942383,30.184999465942383,30.190000534057617,30.18000030517578,30.18000030517578,3560.0
2024-03-01 15:34:00,ALLK,1.6449999809265137,1.6449999809265137,1.6449999809265137,1.6399999856948853,1.6399999856948853,2788.0
2024-03-01 15:34:00,ALLO,4.909999847412109,4.909999847412109,4.914999961853027,4.909999847412109,4.909999847412109,2402.0
2024-03-01 15:34:00,ALNY,152.59500122070312,152.59500122070312,152.59500122070312,152.41000366210938,152.41000366210938,2237.0
2024-03-01 15:34:00,ALPN,35.994998931884766,35.994998931884766,36.0,35.970001220703125,35.970001220703125,2481.0
2024-03-01 15:34:00,ALT,12.1850004196167,12.1850004196167,12.204999923706055,12.164999961853027,12.180000305175781,21006.0
2024-03-01 15:34:00,ALVR,0.7472500205039978,0.7472500205039978,0.7472500205039978,0.7472500205039978,0.7472500205039978,200.0
2024-03-01 15:34:00,ALXO,14.890000343322754,14.890000343322754,14.914999961853027,14.890000343322754,14.890000343322754,645.0
2024-03-01 15:34:00,AMED,93.2699966430664,93.2699966430664,93.2699966430664,93.26000213623047,93.2699966430664,963.0
2024-03-01 15:34:00,AMGN,280.67999267578125,280.67999267578125,280.67999267578125,280.5,280.6099853515625,10721.0
2024-03-01 15:34:00,AMLX,18.670000076293945,18.670000076293945,18.700000762939453,18.65999984741211,18.700000762939453,3345.0
2024-03-01 15:34:00,AMPH,45.900001525878906,45.900001525878906,45.90999984741211,45.869998931884766,45.90999984741211,3498.0
2024-03-01 15:34:00,AMRN,1.0499999523162842,1.0499999523162842,1.0499999523162842,1.0499999523162842,1.0499999523162842,200.0
2024-03-01 15:34:00,ANAB,25.389999389648438,25.389999389648438,25.389999389648438,25.389999389648438,25.389999389648438,283.0
2024-03-01 15:34:00,ANGO,5.449999809265137,5.449999809265137,5.449999809265137,5.449999809265137,5.449999809265137,195.0
2024-03-01 15:34:00,ANIK,24.989999771118164,24.989999771118164,24.989999771118164,24.989999771118164,24.989999771118164,262.0
2024-03-01 15:34:00,ANNX,6.050000190734863,6.050000190734863,6.050000190734863,6.019999980926514,6.03000020980835,6860.0
2024-03-01 15:34:00,ANTX,3.0299999713897705,3.0299999713897705,3.0299999713897705,3.0250000953674316,3.0250000953674316,969.0
2024-03-01 15:34:00,APLS,64.1050033569336,64.1050033569336,64.19000244140625,64.0999984741211,64.16999816894531,7605.0
2024-03-01 15:34:00,APLT,7.019999980926514,7.019999980926514,7.019999980926514,7.010000228881836,7.010000228881836,2905.0
2024-03-01 15:34:00,APVO,0.1599999964237213,0.1599999964237213,0.1599999964237213,0.1599999964237213,0.1599999964237213,100.0
2024-03-01 15:34:00,ARAY,2.615000009536743,2.615000009536743,2.615000009536743,2.615000009536743,2.615000009536743,134.0
2024-03-01 15:34:00,ARCT,39.654998779296875,39.654998779296875,39.68000030517578,39.60499954223633,39.6150016784668,1532.0
2024-03-01 15:34:00,ARDX,9.359999656677246,9.359999656677246,9.369999885559082,9.359999656677246,9.369999885559082,13383.0
2024-03-01 15:34:00,ARQT,11.4350004196167,11.4350004196167,11.4399995803833,11.414999961853027,11.414999961853027,25805.0
2024-03-01 15:34:00,ARVN,47.38999938964844,47.38999938964844,47.43000030517578,47.2599983215332,47.31999969482422,5958.0
2024-03-01 15:34:00,ARWR,35.665000915527344,35.665000915527344,35.665000915527344,35.599998474121094,35.599998474121094,1898.0
2024-03-01 15:34:00,ASLN,0.7304999828338623,0.7304999828338623,0.7304999828338623,0.7304999828338623,0.7304999828338623,1000.0
2024-03-01 15:34:00,ASND,153.85000610351562,153.85000610351562,153.85000610351562,153.6999969482422,153.80999755859375,1340.0
2024-03-01 15:34:00,ASRT,0.8932669758796692,0.8932669758796692,0.8932669758796692,0.8916500210762024,0.8916500210762024,10007.0
2024-03-01 15:34:00,ATEC,13.505000114440918,13.505000114440918,13.505000114440918,13.489999771118164,13.489999771118164,6662.0
2024-03-01 15:34:00,ATHA,3.930000066757202,3.930000066757202,3.9372000694274902,3.930000066757202,3.9372000694274902,936.0
2024-03-01 15:34:00,ATRA,0.7897999882698059,0.7897999882698059,0.7897999882698059,0.7897999882698059,0.7897999882698059,100.0
2024-03-01 15:34:00,ATXI,0.15449999272823334,0.15449999272823334,0.15449999272823334,0.15449999272823334,0.15449999272823334,236.0
2024-03-01 15:34:00,ATXS,14.914999961853027,14.914999961853027,14.914999961853027,14.90999984741211,14.90999984741211,1483.0
2024-03-01 15:34:00,AUGX,4.539999961853027,4.539999961853027,4.539999961853027,4.539999961853027,4.539999961853027,447.0
2024-03-01 15:34:00,AUPH,5.755000114440918,5.755000114440918,5.760000228881836,5.755000114440918,5.760000228881836,6591.0
2024-03-01 15:34:00,AUTL,6.255000114440918,6.255000114440918,6.255000114440918,6.25,6.25,1602.0
2024-03-01 15:34:00,AVDL,13.489999771118164,13.489999771118164,13.5,13.460000038146973,13.479999542236328,10097.0
2024-03-01 15:34:00,AVIR,4.434999942779541,4.434999942779541,4.434999942779541,4.434999942779541,4.434999942779541,231.0
2024-03-01 15:34:00,AVXL,5.264999866485596,5.264999866485596,5.264999866485596,5.264999866485596,5.264999866485596,500.0
2024-03-01 15:34:00,AWH,4.014200210571289,4.014200210571289,4.014200210571289,4.014200210571289,4.014200210571289,761.0
2024-03-01 15:34:00,AXGN,10.680000305175781,10.680000305175781,10.680000305175781,10.65999984741211,10.670000076293945,1676.0
2024-03-01 15:34:00,AXNX,67.72000122070312,67.72000122070312,67.72000122070312,67.72000122070312,67.72000122070312,480.0
2024-03-01 15:34:00,AXSM,82.51000213623047,82.51000213623047,82.51000213623047,82.37750244140625,82.4000015258789,1686.0
2024-03-01 15:34:00,AZN,64.58000183105469,64.58000183105469,64.6050033569336,64.58000183105469,64.5999984741211,21364.0
2024-03-01 15:34:00,AZTA,67.07499694824219,67.07499694824219,67.07499694824219,67.06500244140625,67.06500244140625,713.0
2024-03-01 15:34:00,BBIO,35.72999954223633,35.72999954223633,35.73500061035156,35.689998626708984,35.689998626708984,2533.0
2024-03-01 15:34:00,BCAB,2.7950000762939453,2.7950000762939453,2.825000047683716,2.7950000762939453,2.825000047683716,11711.0
2024-03-01 15:34:00,BCDA,0.574999988079071,0.574999988079071,0.574999988079071,0.574999988079071,0.574999988079071,100.0
2024-03-01 15:34:00,BCRX,5.664999961853027,5.664999961853027,5.664999961853027,5.659999847412109,5.659999847412109,1696.0
2024-03-01 15:34:00,BCYC,25.635000228881836,25.635000228881836,25.709999084472656,25.6299991607666,25.670000076293945,2163.0
2024-03-01 15:34:00,BDTX,4.724999904632568,4.724999904632568,4.730000019073486,4.699999809265137,4.699999809265137,4318.0
2024-03-01 15:34:00,BEAM,39.78499984741211,39.78499984741211,39.78499984741211,39.7599983215332,39.7599983215332,2829.0
2024-03-01 15:34:00,BGNE,165.72500610351562,165.72500610351562,165.72500610351562,165.72500610351562,165.72500610351562,379.0
2024-03-01 15:34:00,BGXX,0.2608500123023987,0.2608500123023987,0.2608500123023987,0.2608500123023987,0.2608500123023987,316.0
2024-03-01 15:34:00,BIIB,220.90499877929688,220.90499877929688,220.9499969482422,220.86500549316406,220.86500549316406,4358.0
2024-03-01 15:34:00,BIOL,0.14650000631809235,0.14650000631809235,0.14650000631809235,0.14650000631809235,0.14650000631809235,4700.0
2024-03-01 15:34:00,BIOR,1.0997999906539917,1.0997999906539917,1.0997999906539917,1.0997999906539917,1.0997999906539917,2372.0
2024-03-01 15:34:00,BIVI,1.909999966621399,1.909999966621399,1.9199999570846558,1.899999976158142,1.909999966621399,19314.0
2024-03-01 15:34:00,BLFS,17.864999771118164,17.864999771118164,17.889999389648438,17.81999969482422,17.829999923706055,3450.0
2024-03-01 15:34:00,BLUE,1.5750000476837158,1.5750000476837158,1.5750000476837158,1.5700000524520874,1.5750000476837158,7558.0
2024-03-01 15:34:00,BMEA,17.829999923706055,17.829999923706055,17.829999923706055,17.799999237060547,17.799999237060547,1540.0
2024-03-01 15:34:00,BMRN,87.68000030517578,87.68000030517578,87.68000030517578,87.63999938964844,87.66500091552734,4016.0
2024-03-01 15:34:00,BNGO,1.2549999952316284,1.2549999952316284,1.2549999952316284,1.2549999952316284,1.2549999952316284,355.0
2024-03-01 15:34:00,BNR,0.8100000023841858,0.8100000023841858,0.8101000189781189,0.8100000023841858,0.8101000189781189,200.0
2024-03-01 15:34:00,BNTX,90.70999908447266,90.70999908447266,90.70999908447266,90.6500015258789,90.6500015258789,689.0
2024-03-01 15:34:00,BPMC,95.71499633789062,95.71499633789062,95.73999786376953,95.68000030517578,95.73999786376953,2708.0
2024-03-01 15:34:00,BRKR,88.44999694824219,88.44999694824219,88.44999694824219,88.34500122070312,88.41000366210938,8098.0
2024-03-01 15:34:00,BSGM,0.6800010204315186,0.6800010204315186,0.6800010204315186,0.6800010204315186,0.6800010204315186,501.0
2024-03-01 15:34:00,BTAI,3.210099935531616,3.210099935531616,3.210099935531616,3.210099935531616,3.210099935531616,721.0
2024-03-01 15:34:00,BTTX,0.18400000035762787,0.18400000035762787,0.18440000712871552,0.1839500069618225,0.1839500069618225,8130.0
2024-03-01 15:34:00,BVS,4.78000020980835,4.78000020980835,4.78000020980835,4.78000020980835,4.78000020980835,273.0
2024-03-01 15:34:00,CABA,23.940000534057617,23.940000534057617,23.940000534057617,23.940000534057617,23.940000534057617,1531.0
2024-03-01 15:34:00,CAPR,4.53000020980835,4.53000020980835,4.53000020980835,4.53000020980835,4.53000020980835,5348.0
2024-03-01 15:34:00,CARA,0.9261000156402588,0.9261000156402588,0.9261000156402588,0.9261000156402588,0.9261000156402588,918.0
2024-03-01 15:34:00,CBAY,32.22999954223633,32.22999954223633,32.22999954223633,32.22999954223633,32.22999954223633,1557.0
2024-03-01 15:34:00,CCCC,10.994999885559082,10.994999885559082,10.994999885559082,10.994999885559082,10.994999885559082,367.0
2024-03-01 15:34:00,CCRN,18.329999923706055,18.329999923706055,18.329999923706055,18.309999465942383,18.309999465942383,2041.0
2024-03-01 15:34:00,CDMO,8.225000381469727,8.225000381469727,8.239999771118164,8.220000267028809,8.234999656677246,5702.0
2024-03-01 15:34:00,CDNA,12.4350004196167,12.4350004196167,12.460000038146973,12.430000305175781,12.460000038146973,6553.0
2024-03-01 15:34:00,CDXS,4.650000095367432,4.650000095367432,4.65500020980835,4.650000095367432,4.65500020980835,435.0
2024-03-01 15:34:00,CELC,17.309999465942383,17.309999465942383,17.309999465942383,17.309999465942383,17.309999465942383,151.0
2024-03-01 15:34:00,CELU,3.690000057220459,3.690000057220459,3.690000057220459,3.690000057220459,3.690000057220459,193.0
2024-03-01 15:34:00,CERE,41.099998474121094,41.099998474121094,41.099998474121094,41.09000015258789,41.099998474121094,6838.0
2024-03-01 15:34:00,CERS,2.184999942779541,2.184999942779541,2.190000057220459,2.180000066757202,2.180000066757202,1731.0
2024-03-01 15:34:00,CERT,18.139999389648438,18.139999389648438,18.139999389648438,18.1200008392334,18.1200008392334,2653.0
2024-03-01 15:34:00,CGC,3.180000066757202,3.180000066757202,3.188800096511841,3.180000066757202,3.188800096511841,3016.0
2024-03-01 15:34:00,CGEM,18.530000686645508,18.530000686645508,18.540000915527344,18.5,18.530000686645508,3601.0
2024-03-01 15:34:00,CGEN,2.684999942779541,2.684999942779541,2.684999942779541,2.684999942779541,2.684999942779541,266.0
2024-03-01 15:34:00,CHRS,2.3949999809265137,2.3949999809265137,2.4000000953674316,2.3949999809265137,2.4000000953674316,6833.0
2024-03-01 15:34:00,CING,1.3459999561309814,1.3459999561309814,1.3494999408721924,1.340000033378601,1.3480000495910645,765.0
2024-03-01 15:34:00,CKPT,2.200000047683716,2.200000047683716,2.2100000381469727,2.200000047683716,2.202199935913086,2074.0
2024-03-01 15:34:00,CLDX,51.599998474121094,51.599998474121094,51.61000061035156,51.57600021362305,51.599998474121094,1582.0
2024-03-01 15:34:00,CLNN,0.3871000111103058,0.3871000111103058,0.3871000111103058,0.382999986410141,0.382999986410141,5198.0
2024-03-01 15:34:00,CLOV,0.8659499883651733,0.8659499883651733,0.8659999966621399,0.8658999800682068,0.8658999800682068,9293.0
2024-03-01 15:34:00,CLRB,4.09499979019165,4.09499979019165,4.099999904632568,4.09499979019165,4.09499979019165,1592.0
2024-03-01 15:34:00,CMPS,11.5,11.5,11.5,11.449999809265137,11.460000038146973,1877.0
2024-03-01 15:34:00,CNSP,0.3199999928474426,0.3199999928474426,0.3199999928474426,0.3199999928474426,0.3199999928474426,11000.0
2024-03-01 15:34:00,CNTA,10.760000228881836,10.760000228881836,10.760000228881836,10.760000228881836,10.760000228881836,679.0
2024-03-01 15:34:00,COGT,7.195000171661377,7.195000171661377,7.195000171661377,7.175000190734863,7.175000190734863,8950.0
2024-03-01 15:34:00,COLL,36.84000015258789,36.84000015258789,36.84000015258789,36.810001373291016,36.83000183105469,1545.0
2024-03-01 15:34:00,CORT,24.2549991607666,24.2549991607666,24.260000228881836,24.250999450683594,24.260000228881836,1272.0
2024-03-01 15:34:00,CPRX,17.174999237060547,17.174999237060547,17.174999237060547,17.15999984741211,17.174999237060547,7398.0
2024-03-01 15:34:00,CPSI,9.300000190734863,9.300000190734863,9.300000190734863,9.260000228881836,9.260000228881836,5648.0
2024-03-01 15:34:00,CRBP,34.06999969482422,34.06999969482422,34.09989929199219,34.0099983215332,34.0099983215332,995.0
2024-03-01 15:34:00,CRBU,7.78000020980835,7.78000020980835,7.789999961853027,7.769999980926514,7.78000020980835,8463.0
2024-03-01 15:34:00,CRDF,2.840100049972534,2.840100049972534,2.846100091934204,2.809999942779541,2.815000057220459,93984.0
2024-03-01 15:34:00,CRDL,1.929900050163269,1.929900050163269,1.929900050163269,1.929900050163269,1.929900050163269,110.0
2024-03-01 15:34:00,CRNX,45.91999816894531,45.91999816894531,45.91999816894531,45.81999969482422,45.81999969482422,3463.0
2024-03-01 15:34:00,CRON,2.0250000953674316,2.0250000953674316,2.0250000953674316,2.0250000953674316,2.0250000953674316,834.0
2024-03-01 15:34:00,CRSP,84.20999908447266,84.20999908447266,84.29000091552734,84.20999908447266,84.2699966430664,6177.0
2024-03-01 15:34:00,CSTL,19.969999313354492,19.969999313354492,19.969999313354492,19.93000030517578,19.93000030517578,3071.0
2024-03-01 15:34:00,CTKB,9.015000343322754,9.015000343322754,9.015000343322754,9.015000343322754,9.015000343322754,663.0
2024-03-01 15:34:00,CTMX,2.559999942779541,2.559999942779541,2.569999933242798,2.555000066757202,2.559999942779541,8387.0
2024-03-01 15:34:00,CTXR,0.7702999711036682,0.7702999711036682,0.7702999711036682,0.7702999711036682,0.7702999711036682,2328.0
2024-03-01 15:34:00,CUE,2.130000114440918,2.130000114440918,2.1600000858306885,2.130000114440918,2.1600000858306885,4296.0
2024-03-01 15:34:00,CUTR,2.3910000324249268,2.3910000324249268,2.3949999809265137,2.3910000324249268,2.3949999809265137,322.0
2024-03-01 15:34:00,CVAC,3.430000066757202,3.430000066757202,3.430000066757202,3.430000066757202,3.430000066757202,169.0
2024-03-01 15:34:00,CVRX,20.75,20.75,20.75,20.709999084472656,20.709999084472656,1548.0
2024-03-01 15:34:00,CYTH,1.6045000553131104,1.6045000553131104,1.6045000553131104,1.6045000553131104,1.6045000553131104,2000.0
2024-03-01 15:34:00,CYTK,73.76000213623047,73.76000213623047,73.7699966430664,73.68000030517578,73.68000030517578,3359.0
2024-03-01 15:34:00,CYTO,2.4100000858306885,2.4100000858306885,2.4100000858306885,2.4100000858306885,2.4100000858306885,250.0
2024-03-01 15:34:00,DAWN,17.520000457763672,17.520000457763672,17.520000457763672,17.520000457763672,17.520000457763672,100.0
2024-03-01 15:34:00,DCGO,4.059999942779541,4.059999942779541,4.074999809265137,4.054999828338623,4.059999942779541,16106.0
2024-03-01 15:34:00,DCPH,17.469999313354492,17.469999313354492,17.469999313354492,17.454999923706055,17.454999923706055,1201.0
2024-03-01 15:34:00,DCTH,4.199999809265137,4.199999809265137,4.199999809265137,4.199999809265137,4.199999809265137,127.0
2024-03-01 15:34:00,DERM,4.099999904632568,4.099999904632568,4.099999904632568,4.079999923706055,4.079999923706055,3989.0
2024-03-01 15:34:00,DH,8.84000015258789,8.84000015258789,8.845000267028809,8.829999923706055,8.84000015258789,1536.0
2024-03-01 15:34:00,DMTK,0.8201000094413757,0.8201000094413757,0.8267999887466431,0.8199999928474426,0.8267999887466431,18285.0
2024-03-01 15:34:00,DNLI,20.940000534057617,20.940000534057617,20.969999313354492,20.940000534057617,20.969999313354492,2596.0
2024-03-01 15:34:00,DRMA,0.45179998874664307,0.45179998874664307,0.45179998874664307,0.45179998874664307,0.45179998874664307,100.0
2024-03-01 15:34:00,DRRX,0.9987999796867371,0.9987999796867371,1.0,0.9901000261306763,0.9950500130653381,11488.0
2024-03-01 15:34:00,DSGN,2.859999895095825,2.859999895095825,2.859999895095825,2.859999895095825,2.859999895095825,599.0
2024-03-01 15:34:00,DTIL,12.664999961853027,12.664999961853027,12.699999809265137,12.664999961853027,12.664999961853027,1270.0
2024-03-01 15:34:00,DVAX,12.760000228881836,12.760000228881836,12.760000228881836,12.739999771118164,12.75,9826.0
2024-03-01 15:34:00,DXCM,121.12999725341797,121.12999725341797,121.15989685058594,121.06500244140625,121.08999633789062,6714.0
2024-03-01 15:34:00,DYN,29.1299991607666,29.1299991607666,29.149999618530273,29.084999084472656,29.09000015258789,8386.0
2024-03-01 15:34:00,EDIT,10.645000457763672,10.645000457763672,10.654999732971191,10.619999885559082,10.654999732971191,16093.0
2024-03-01 15:34:00,EFTR,16.369699478149414,16.369699478149414,16.369699478149414,16.369699478149414,16.369699478149414,200.0
2024-03-01 15:34:00,EGRX,6.539999961853027,6.539999961853027,6.539999961853027,6.534999847412109,6.534999847412109,686.0
2024-03-01 15:34:00,ELDN,1.809999942779541,1.809999942779541,1.809999942779541,1.809999942779541,1.809999942779541,1014.0
2024-03-01 15:34:00,ELEV,5.014999866485596,5.014999866485596,5.03000020980835,5.014999866485596,5.019999980926514,3934.0
2024-03-01 15:34:00,EMBC,14.270000457763672,14.270000457763672,14.270000457763672,14.270000457763672,14.270000457763672,320.0
2024-03-01 15:34:00,ENSC,0.9200000166893005,0.9200000166893005,0.9200000166893005,0.919700026512146,0.919700026512146,300.0
2024-03-01 15:34:00,ENTA,15.4399995803833,15.4399995803833,15.4399995803833,15.4399995803833,15.4399995803833,353.0
2024-03-01 15:34:00,ENVB,1.6009000539779663,1.6009000539779663,1.6200000047683716,1.5700000524520874,1.5700000524520874,18885.0
2024-03-01 15:34:00,EOLS,14.90999984741211,14.90999984741211,14.90999984741211,14.90999984741211,14.90999984741211,110.0
2024-03-01 15:34:00,EPIX,9.539999961853027,9.539999961853027,9.585000038146973,9.539999961853027,9.539999961853027,507.0
2024-03-01 15:34:00,ERAS,2.609999895095825,2.609999895095825,2.609999895095825,2.5999999046325684,2.5999999046325684,1460.0
2024-03-01 15:34:00,ESPR,2.5399999618530273,2.5399999618530273,2.5450000762939453,2.5399999618530273,2.5450000762939453,3730.0
2024-03-01 15:34:00,ESTA,43.779998779296875,43.779998779296875,43.779998779296875,43.779998779296875,43.779998779296875,377.0
2024-03-01 15:34:00,ETNB,12.680000305175781,12.680000305175781,12.680000305175781,12.649999618530273,12.649999618530273,5220.0
2024-03-01 15:34:00,ETON,4.460000038146973,4.460000038146973,4.460000038146973,4.460000038146973,4.460000038146973,172.0
2024-03-01 15:34:00,EVO,7.5,7.5,7.5,7.5,7.5,100.0
2024-03-01 15:34:00,EWTX,16.610000610351562,16.610000610351562,16.628999710083008,16.559999465942383,16.56999969482422,6318.0
2024-03-01 15:34:00,EXAI,6.529900074005127,6.529900074005127,6.529900074005127,6.529900074005127,6.529900074005127,324.0
2024-03-01 15:34:00,EXAS,59.42499923706055,59.42499923706055,59.432498931884766,59.39500045776367,59.39500045776367,4344.0
2024-03-01 15:34:00,EXEL,22.2549991607666,22.2549991607666,22.264999389648438,22.25,22.25,8797.0
2024-03-01 15:34:00,EYEN,2.4300999641418457,2.4300999641418457,2.4398999214172363,2.4300999641418457,2.434999942779541,11070.0
2024-03-01 15:34:00,EYPT,27.899999618530273,27.899999618530273,27.93000030517578,27.899999618530273,27.93000030517578,366.0
2024-03-01 15:34:00,FATE,7.719900131225586,7.719900131225586,7.71999979019165,7.704999923706055,7.710000038146973,8229.0
2024-03-01 15:34:00,FBIO,2.369999885559082,2.369999885559082,2.4000000953674316,2.369999885559082,2.4000000953674316,7381.0
2024-03-01 15:34:00,FDMT,29.260000228881836,29.260000228881836,29.360000610351562,29.25,29.360000610351562,6114.0
2024-03-01 15:34:00,FEMY,1.7999999523162842,1.7999999523162842,1.7999999523162842,1.7999999523162842,1.7999999523162842,1006.0
2024-03-01 15:34:00,FGEN,1.8350000381469727,1.8350000381469727,1.8350000381469727,1.8300000429153442,1.8300000429153442,493.0
2024-03-01 15:34:00,FHTX,7.989999771118164,7.989999771118164,7.989999771118164,7.980000019073486,7.989999771118164,2010.0
2024-03-01 15:34:00,FLGT,23.1200008392334,23.1200008392334,23.1200008392334,23.09000015258789,23.09000015258789,1161.0
2024-03-01 15:34:00,FOLD,13.3149995803833,13.3149995803833,13.319999694824219,13.3149995803833,13.3149995803833,2266.0
2024-03-01 15:34:00,FULC,10.949999809265137,10.949999809265137,10.970000267028809,10.949999809265137,10.949999809265137,4336.0
2024-03-01 15:34:00,FUSN,12.154999732971191,12.154999732971191,12.154999732971191,12.140000343322754,12.154999732971191,862.0
2024-03-01 15:34:00,GALT,1.9600000381469727,1.9600000381469727,1.9600000381469727,1.9600000381469727,1.9600000381469727,262.0
2024-03-01 15:34:00,GBIO,2.619999885559082,2.619999885559082,2.619999885559082,2.619999885559082,2.619999885559082,625.0
2024-03-01 15:34:00,GDRX,8.345000267028809,8.345000267028809,8.385000228881836,8.345000267028809,8.380000114440918,5661.0
2024-03-01 15:34:00,GERN,2.244999885559082,2.244999885559082,2.25,2.240000009536743,2.240000009536743,59070.0
2024-03-01 15:34:00,GH,18.982500076293945,18.982500076293945,18.989999771118164,18.959999084472656,18.969999313354492,5477.0
2024-03-01 15:34:00,GILD,72.375,72.375,72.41000366210938,72.37000274658203,72.41000366210938,17197.0
2024-03-01 15:34:00,GLSI,12.680000305175781,12.680000305175781,12.680000305175781,12.670000076293945,12.670000076293945,441.0
2024-03-01 15:34:00,GLYC,3.049999952316284,3.049999952316284,3.049999952316284,3.049999952316284,3.049999952316284,205.0
2024-03-01 15:34:00,GMAB,29.325000762939453,29.325000762939453,29.325000762939453,29.309999465942383,29.31999969482422,2451.0
2024-03-01 15:34:00,GMDA,0.3862999975681305,0.3862999975681305,0.3862999975681305,0.3862999975681305,0.3862999975681305,2606.0
2024-03-01 15:34:00,GOSS,1.4049999713897705,1.4049999713897705,1.4089000225067139,1.399999976158142,1.4049999713897705,2972.0
2024-03-01 15:34:00,GRFS,7.031199932098389,7.031199932098389,7.034999847412109,7.03000020980835,7.034999847412109,1028.0
2024-03-01 15:34:00,GRTS,2.0199999809265137,2.0199999809265137,2.039900064468384,2.0199999809265137,2.039900064468384,4253.0
2024-03-01 15:34:00,GTH,3.9200000762939453,3.9200000762939453,3.9200000762939453,3.9200000762939453,3.9200000762939453,1411.0
2024-03-01 15:34:00,GTHX,3.7049999237060547,3.7049999237060547,3.7049999237060547,3.7049999237060547,3.7049999237060547,1200.0
2024-03-01 15:34:00,HALO,41.09000015258789,41.09000015258789,41.09000015258789,41.029998779296875,41.029998779296875,2777.0
2024-03-01 15:34:00,HCAT,8.0649995803833,8.0649995803833,8.069999694824219,8.050000190734863,8.050000190734863,5269.0
2024-03-01 15:34:00,HCM,15.130000114440918,15.130000114440918,15.140000343322754,15.130000114440918,15.140000343322754,299.0
2024-03-01 15:34:00,HCSG,12.824999809265137,12.824999809265137,12.835000038146973,12.795000076293945,12.835000038146973,6678.0
2024-03-01 15:34:00,HCTI,2.0420000553131104,2.0420000553131104,2.0420000553131104,2.0420000553131104,2.0420000553131104,500.0
2024-03-01 15:34:00,HLTH,0.26969999074935913,0.26969999074935913,0.26969999074935913,0.2680000066757202,0.2680000066757202,559.0
2024-03-01 15:34:00,HLVX,19.059999465942383,19.059999465942383,19.139999389648438,19.059999465942383,19.139999389648438,718.0
2024-03-01 15:34:00,HOLX,74.0999984741211,74.0999984741211,74.11499786376953,74.0999984741211,74.11000061035156,1694.0
2024-03-01 15:34:00,HOWL,7.0,7.0,7.0,6.96999979019165,6.96999979019165,220.0
2024-03-01 15:34:00,HQY,81.16999816894531,81.16999816894531,81.20500183105469,81.1500015258789,81.20500183105469,1044.0
2024-03-01 15:34:00,HRMY,31.790000915527344,31.790000915527344,31.790000915527344,31.760000228881836,31.760000228881836,1674.0
2024-03-01 15:34:00,HRTX,2.5799999237060547,2.5799999237060547,2.5850000381469727,2.5799999237060547,2.5799999237060547,1283.0
2024-03-01 15:34:00,HSCS,0.12229999899864197,0.12229999899864197,0.12229999899864197,0.12139999866485596,0.12139999866485596,61435.0
2024-03-01 15:34:00,HSIC,76.94000244140625,76.94000244140625,76.94000244140625,76.87999725341797,76.87999725341797,3411.0
2024-03-01 15:34:00,HSTM,27.18000030517578,27.18000030517578,27.18000030517578,27.18000030517578,27.18000030517578,353.0
2024-03-01 15:34:00,HUMA,3.265000104904175,3.265000104904175,3.265000104904175,3.259999990463257,3.259999990463257,9662.0
2024-03-01 15:34:00,IART,36.04999923706055,36.04999923706055,36.04999923706055,36.029998779296875,36.04999923706055,1783.0
2024-03-01 15:34:00,IBRX,4.755000114440918,4.755000114440918,4.764999866485596,4.755000114440918,4.755000114440918,7953.0
2024-03-01 15:34:00,ICCM,1.2899999618530273,1.2899999618530273,1.2899999618530273,1.2899999618530273,1.2899999618530273,106.0
2024-03-01 15:34:00,ICLR,324.25,324.25,324.25,324.25,324.25,287.0
2024-03-01 15:34:00,ICUI,105.79499816894531,105.79499816894531,105.88999938964844,105.70999908447266,105.70999908447266,3425.0
2024-03-01 15:34:00,IDXX,577.2550048828125,577.2550048828125,577.3900146484375,577.2550048828125,577.3599853515625,2573.0
2024-03-01 15:34:00,IDYA,46.29999923706055,46.29999923706055,46.35300064086914,46.290000915527344,46.349998474121094,2584.0
2024-03-01 15:34:00,IGMS,12.789999961853027,12.789999961853027,12.819999694824219,12.760000228881836,12.770000457763672,3121.0
2024-03-01 15:34:00,ILMN,140.69000244140625,140.69000244140625,140.69000244140625,140.6300048828125,140.66000366210938,1659.0
2024-03-01 15:34:00,IMCR,67.90499877929688,67.90499877929688,67.90499877929688,67.88999938964844,67.88999938964844,336.0
2024-03-01 15:34:00,IMNM,25.387500762939453,25.387500762939453,25.399999618530273,25.3700008392334,25.3700008392334,3801.0
2024-03-01 15:34:00,IMTX,12.885000228881836,12.885000228881836,12.885000228881836,12.885000228881836,12.885000228881836,309.0
2024-03-01 15:34:00,IMUX,1.4500000476837158,1.4500000476837158,1.4500000476837158,1.4500000476837158,1.4500000476837158,608.0
2024-03-01 15:34:00,IMVT,35.57500076293945,35.57500076293945,35.58000183105469,35.54999923706055,35.58000183105469,6189.0
2024-03-01 15:34:00,INBX,36.529998779296875,36.529998779296875,36.540000915527344,36.529998779296875,36.540000915527344,888.0
2024-03-01 15:34:00,INCY,59.07429885864258,59.07429885864258,59.07500076293945,59.060001373291016,59.060001373291016,1564.0
2024-03-01 15:34:00,INGN,6.929999828338623,6.929999828338623,6.929999828338623,6.925000190734863,6.925000190734863,2073.0
2024-03-01 15:34:00,INMB,12.319999694824219,12.319999694824219,12.319999694824219,12.295000076293945,12.300000190734863,1248.0
2024-03-01 15:34:00,INMD,22.93000030517578,22.93000030517578,22.93000030517578,22.895000457763672,22.899999618530273,4118.0
2024-03-01 15:34:00,INO,9.5600004196167,9.5600004196167,9.5600004196167,9.51669979095459,9.51669979095459,1688.0
2024-03-01 15:34:00,INSM,28.0,28.0,28.0,27.96500015258789,27.969999313354492,6288.0
2024-03-01 15:34:00,INVA,15.395000457763672,15.395000457763672,15.395000457763672,15.395000457763672,15.395000457763672,2929.0
2024-03-01 15:34:00,INZY,6.534999847412109,6.534999847412109,6.539999961853027,6.534999847412109,6.534999847412109,2336.0
2024-03-01 15:34:00,IONS,45.47999954223633,45.47999954223633,45.48500061035156,45.459999084472656,45.47999954223633,31017.0
2024-03-01 15:34:00,IOVA,16.90999984741211,16.90999984741211,16.920000076293945,16.899999618530273,16.909900665283203,20664.0
2024-03-01 15:34:00,IPA,1.9299999475479126,1.9299999475479126,1.9299999475479126,1.9299999475479126,1.9299999475479126,714.0
2024-03-01 15:34:00,IRIX,2.6500000953674316,2.6500000953674316,2.6500000953674316,2.6500000953674316,2.6500000953674316,100.0
2024-03-01 15:34:00,IRTC,120.4000015258789,120.4000015258789,120.4000015258789,120.3949966430664,120.3949966430664,386.0
2024-03-01 15:34:00,IRWD,8.885000228881836,8.885000228881836,8.890000343322754,8.880000114440918,8.880000114440918,14613.0
2024-03-01 15:34:00,ISRG,398.05999755859375,398.05999755859375,398.1050109863281,397.9526062011719,397.9526062011719,1843.0
2024-03-01 15:34:00,ITCI,72.1500015258789,72.1500015258789,72.1500015258789,72.11499786376953,72.125,956.0
2024-03-01 15:34:00,ITOS,11.149999618530273,11.149999618530273,11.149999618530273,11.130000114440918,11.130000114440918,1023.0
2024-03-01 15:34:00,IVA,3.969899892807007,3.969899892807007,4.010000228881836,3.9600000381469727,3.9600000381469727,1524.0
2024-03-01 15:34:00,JAGX,0.08250000327825546,0.08250000327825546,0.0828000009059906,0.08150000125169754,0.08150000125169754,61053.0
2024-03-01 15:34:00,JANX,46.04999923706055,46.04999923706055,46.09989929199219,46.04999923706055,46.07500076293945,2125.0
2024-03-01 15:34:00,JAZZ,118.68000030517578,118.68000030517578,118.70999908447266,118.58000183105469,118.58000183105469,1007.0
2024-03-01 15:34:00,JSPR,21.642200469970703,21.642200469970703,21.860000610351562,21.642200469970703,21.860000610351562,2492.0
2024-03-01 15:34:00,JYNT,9.90999984741211,9.90999984741211,9.9399995803833,9.90999984741211,9.9399995803833,1054.0
2024-03-01 15:34:00,KALA,7.469600200653076,7.469600200653076,7.469600200653076,7.469600200653076,7.469600200653076,609.0
2024-03-01 15:34:00,KALV,14.029999732971191,14.029999732971191,14.029999732971191,13.994999885559082,14.010000228881836,2658.0
2024-03-01 15:34:00,KIDS,27.950000762939453,27.950000762939453,27.950000762939453,27.899999618530273,27.920000076293945,1033.0
2024-03-01 15:34:00,KNSA,21.829999923706055,21.829999923706055,21.834999084472656,21.780000686645508,21.780000686645508,2519.0
2024-03-01 15:34:00,KNTE,2.5899999141693115,2.5899999141693115,2.5899999141693115,2.5899999141693115,2.5899999141693115,728.0
2024-03-01 15:34:00,KOD,6.005000114440918,6.005000114440918,6.005000114440918,5.989999771118164,5.994999885559082,2143.0
2024-03-01 15:34:00,KPTI,1.184999942779541,1.184999942779541,1.1950000524520874,1.184999942779541,1.1950000524520874,3546.0
2024-03-01 15:34:00,KRON,1.1100000143051147,1.1100000143051147,1.1100000143051147,1.1100000143051147,1.1100000143051147,195.0
2024-03-01 15:34:00,KROS,68.55000305175781,68.55000305175781,68.68000030517578,68.44000244140625,68.44000244140625,1762.0
2024-03-01 15:34:00,KRTX,315.3399963378906,315.3399963378906,315.42999267578125,315.3399963378906,315.42999267578125,763.0
2024-03-01 15:34:00,KRYS,168.53500366210938,168.53500366210938,168.53500366210938,168.53500366210938,168.53500366210938,457.0
2024-03-01 15:34:00,KTRA,0.10040000081062317,0.10040000081062317,0.10140000283718109,0.10040000081062317,0.1005999967455864,22992.0
2024-03-01 15:34:00,KURA,21.6200008392334,21.6200008392334,21.6200008392334,21.600000381469727,21.600000381469727,2264.0
2024-03-01 15:34:00,KYMR,43.599998474121094,43.599998474121094,43.599998474121094,43.599998474121094,43.599998474121094,385.0
2024-03-01 15:34:00,KZR,1.034999966621399,1.034999966621399,1.034999966621399,1.034999966621399,1.034999966621399,1281.0
2024-03-01 15:34:00,LAB,2.4600000381469727,2.4600000381469727,2.4600000381469727,2.4549999237060547,2.4600000381469727,2431.0
2024-03-01 15:34:00,LBPH,21.459999084472656,21.459999084472656,21.469999313354492,21.450000762939453,21.459999084472656,2992.0
2024-03-01 15:34:00,LEGN,65.45999908447266,65.45999908447266,65.45999908447266,65.41999816894531,65.427001953125,2240.0
2024-03-01 15:34:00,LEXX,2.799999952316284,2.799999952316284,2.799999952316284,2.799999952316284,2.799999952316284,100.0
2024-03-01 15:34:00,LFLY,2.9800000190734863,2.9800000190734863,2.9800000190734863,2.9800000190734863,2.9800000190734863,100.0
2024-03-01 15:34:00,LFMD,7.994999885559082,7.994999885559082,8.0,7.994999885559082,8.0,973.0
2024-03-01 15:34:00,LFST,7.755000114440918,7.755000114440918,7.759900093078613,7.75,7.759900093078613,4139.0
2024-03-01 15:34:00,LIVN,55.369998931884766,55.369998931884766,55.38999938964844,55.31999969482422,55.31999969482422,3973.0
2024-03-01 15:34:00,LNTH,64.31999969482422,64.31999969482422,64.3499984741211,64.30000305175781,64.3499984741211,1128.0
2024-03-01 15:34:00,LPTX,2.859999895095825,2.859999895095825,2.869999885559082,2.8499999046325684,2.8499999046325684,1737.0
2024-03-01 15:34:00,LQDA,14.5600004196167,14.5600004196167,14.5600004196167,14.5600004196167,14.5600004196167,629.0
2024-03-01 15:34:00,LRMR,11.260000228881836,11.260000228881836,11.279999732971191,11.260000228881836,11.279999732971191,840.0
2024-03-01 15:34:00,LTRN,4.160399913787842,4.160399913787842,4.179999828338623,4.159999847412109,4.179999828338623,827.0
2024-03-01 15:34:00,LUNG,9.395000457763672,9.395000457763672,9.395000457763672,9.364999771118164,9.364999771118164,3205.0
2024-03-01 15:34:00,LXRX,2.4711999893188477,2.4711999893188477,2.4800000190734863,2.4700000286102295,2.4700000286102295,1971.0
2024-03-01 15:34:00,LYEL,3.125,3.125,3.125,3.115000009536743,3.115000009536743,14868.0
2024-03-01 15:34:00,LYRA,5.639999866485596,5.639999866485596,5.639999866485596,5.639999866485596,5.639999866485596,314.0
2024-03-01 15:34:00,MACK,14.699999809265137,14.699999809265137,14.710000038146973,14.699999809265137,14.710000038146973,766.0
2024-03-01 15:34:00,MBRX,0.6159999966621399,0.6159999966621399,0.6299999952316284,0.6159999966621399,0.6299999952316284,242.0
2024-03-01 15:34:00,MCRB,1.2200000286102295,1.2200000286102295,1.2300000190734863,1.2200000286102295,1.2200000286102295,1619.0
2024-03-01 15:34:00,MDGL,249.0399932861328,249.0399932861328,249.0399932861328,248.77000427246094,248.84500122070312,2187.0
2024-03-01 15:34:00,MDRX,5.960000038146973,5.960000038146973,6.019999980926514,5.960000038146973,5.96999979019165,240001.0
2024-03-01 15:34:00,MDXG,8.59000015258789,8.59000015258789,8.59000015258789,8.585000038146973,8.585000038146973,1697.0
2024-03-01 15:34:00,ME,0.5516999959945679,0.5516999959945679,0.5518500208854675,0.5516999959945679,0.5518500208854675,113299.0
2024-03-01 15:34:00,MEDP,403.01800537109375,403.01800537109375,403.2900085449219,403.01800537109375,403.2099914550781,775.0
2024-03-01 15:34:00,MGNX,18.709999084472656,18.709999084472656,18.71500015258789,18.670000076293945,18.670000076293945,6591.0
2024-03-01 15:34:00,MIRM,29.139999389648438,29.139999389648438,29.139999389648438,29.139999389648438,29.139999389648438,558.0
2024-03-01 15:34:00,MIST,1.6649999618530273,1.6649999618530273,1.6699999570846558,1.6649999618530273,1.6649999618530273,2100.0
2024-03-01 15:34:00,MLTX,50.90999984741211,50.90999984741211,50.90999984741211,50.77000045776367,50.77000045776367,2862.0
2024-03-01 15:34:00,MMSI,76.27999877929688,76.27999877929688,76.30000305175781,76.26000213623047,76.26000213623047,1728.0
2024-03-01 15:34:00,MNKD,4.514999866485596,4.514999866485596,4.534999847412109,4.510000228881836,4.53000020980835,30834.0
2024-03-01 15:34:00,MNMD,6.155300140380859,6.155300140380859,6.155300140380859,6.144999980926514,6.144999980926514,1718.0
2024-03-01 15:34:00,MNOV,1.3600000143051147,1.3600000143051147,1.3600000143051147,1.3600000143051147,1.3600000143051147,735.0
2024-03-01 15:34:00,MNPR,0.9100000262260437,0.9100000262260437,0.9200000166893005,0.9100000262260437,0.9200000166893005,1344.0
2024-03-01 15:34:00,MODD,1.9299999475479126,1.9299999475479126,1.9299999475479126,1.9299999475479126,1.9299999475479126,300.0
2024-03-01 15:34:00,MODV,28.000999450683594,28.000999450683594,28.030000686645508,27.90999984741211,28.010000228881836,3025.0
2024-03-01 15:34:00,MOR,17.690000534057617,17.690000534057617,17.700000762939453,17.690000534057617,17.700000762939453,5411.0
2024-03-01 15:34:00,MORF,39.52000045776367,39.52000045776367,39.52000045776367,39.52000045776367,39.52000045776367,749.0
2024-03-01 15:34:00,MRKR,3.740000009536743,3.740000009536743,3.740000009536743,3.740000009536743,3.740000009536743,136.0
2024-03-01 15:34:00,MRNA,95.58499908447266,95.58499908447266,95.5999984741211,95.51000213623047,95.5250015258789,8189.0
2024-03-01 15:34:00,MRNS,9.970000267028809,9.970000267028809,9.970000267028809,9.9399995803833,9.9399995803833,3394.0
2024-03-01 15:34:00,MRSN,5.945000171661377,5.945000171661377,5.949999809265137,5.945000171661377,5.945000171661377,7392.0
2024-03-01 15:34:00,MRUS,51.40999984741211,51.40999984741211,51.43000030517578,51.40999984741211,51.43000030517578,1628.0
2024-03-01 15:34:00,MRVI,7.635000228881836,7.635000228881836,7.644999980926514,7.635000228881836,7.639999866485596,13664.0
2024-03-01 15:34:00,MYGN,22.030000686645508,22.030000686645508,22.030000686645508,22.030000686645508,22.030000686645508,690.0
2024-03-01 15:34:00,NARI,45.65999984741211,45.65999984741211,45.66999816894531,45.63999938964844,45.63999938964844,17436.0
2024-03-01 15:34:00,NBIX,131.86000061035156,131.86000061035156,131.8800048828125,131.80999755859375,131.83999633789062,3331.0
2024-03-01 15:34:00,NCNA,0.3199000060558319,0.3199000060558319,0.3199999928474426,0.3199000060558319,0.3199999928474426,762.0
2024-03-01 15:34:00,NDRA,1.1398999691009521,1.1398999691009521,1.1398999691009521,1.1398999691009521,1.1398999691009521,700.0
2024-03-01 15:34:00,NEO,15.930000305175781,15.930000305175781,15.930000305175781,15.90999984741211,15.920000076293945,2061.0
2024-03-01 15:34:00,NEPT,0.4198000133037567,0.4198000133037567,0.4198000133037567,0.4198000133037567,0.4198000133037567,469.0
2024-03-01 15:34:00,NEXI,6.369999885559082,6.369999885559082,6.409999847412109,6.369999885559082,6.409999847412109,500.0
2024-03-01 15:34:00,NGM,1.5199999809265137,1.5199999809265137,1.524999976158142,1.5199999809265137,1.5199999809265137,2056.0
2024-03-01 15:34:00,NKTR,0.7613000273704529,0.7613000273704529,0.761900007724762,0.7595999836921692,0.7595999836921692,7396.0
2024-03-01 15:34:00,NKTX,12.670000076293945,12.670000076293945,12.67039966583252,12.670000076293945,12.67039966583252,1595.0
2024-03-01 15:34:00,NMTC,1.2101000547409058,1.2101000547409058,1.2101000547409058,1.2100000381469727,1.2100000381469727,1027.0
2024-03-01 15:34:00,NNOX,10.960000038146973,10.960000038146973,10.960000038146973,10.904999732971191,10.90999984741211,5762.0
2024-03-01 15:34:00,NOTV,8.010000228881836,8.010000228881836,8.017000198364258,8.010000228881836,8.017000198364258,600.0
2024-03-01 15:34:00,NPCE,16.079999923706055,16.079999923706055,16.079999923706055,15.9350004196167,16.049999237060547,1960.0
2024-03-01 15:34:00,NRIX,13.430000305175781,13.430000305175781,13.430000305175781,13.40999984741211,13.40999984741211,2400.0
2024-03-01 15:34:00,NRSN,1.9900000095367432,1.9900000095367432,1.9900000095367432,1.9900000095367432,1.9900000095367432,567.0
2024-03-01 15:34:00,NRXP,0.4399999976158142,0.4399999976158142,0.4438999891281128,0.4309999942779541,0.4438999891281128,3568.0
2024-03-01 15:34:00,NSPR,2.630000114440918,2.630000114440918,2.630000114440918,2.630000114440918,2.630000114440918,101.0
2024-03-01 15:34:00,NTLA,33.08000183105469,33.08000183105469,33.11000061035156,33.06999969482422,33.07500076293945,6823.0
2024-03-01 15:34:00,NTRA,89.72000122070312,89.72000122070312,89.72000122070312,89.68000030517578,89.68000030517578,3349.0
2024-03-01 15:34:00,NUTX,0.1137000024318695,0.1137000024318695,0.1137000024318695,0.1137000024318695,0.1137000024318695,922.0
2024-03-01 15:34:00,NUVL,86.7699966430664,86.7699966430664,86.94000244140625,86.7699966430664,86.94000244140625,1985.0
2024-03-01 15:34:00,NVAX,5.420000076293945,5.420000076293945,5.440000057220459,5.420000076293945,5.429999828338623,67924.0
2024-03-01 15:34:00,NVCR,16.1200008392334,16.1200008392334,16.1200008392334,16.075000762939453,16.09000015258789,4789.0
2024-03-01 15:34:00,NVCT,10.71500015258789,10.71500015258789,10.71500015258789,10.71500015258789,10.71500015258789,215.0
2024-03-01 15:34:00,NVNO,6.480000019073486,6.480000019073486,6.480000019073486,6.480000019073486,6.480000019073486,183.0
2024-03-01 15:34:00,NXTC,1.7799999713897705,1.7799999713897705,1.7799999713897705,1.7799999713897705,1.7799999713897705,100.0
2024-03-01 15:34:00,NYXH,14.774999618530273,14.774999618530273,14.774999618530273,14.774999618530273,14.774999618530273,463.0
2024-03-01 15:34:00,OCGN,0.9482499957084656,0.9482499957084656,0.9482499957084656,0.945900022983551,0.945900022983551,957.0
2024-03-01 15:34:00,OCUL,10.609999656677246,10.609999656677246,10.619999885559082,10.579999923706055,10.579999923706055,8259.0
2024-03-01 15:34:00,OFIX,12.899999618530273,12.899999618530273,12.90999984741211,12.899999618530273,12.899999618530273,539.0
2024-03-01 15:34:00,OGI,2.1649999618530273,2.1649999618530273,2.1649999618530273,2.1649999618530273,2.1649999618530273,216.0
2024-03-01 15:34:00,OLK,22.9950008392334,22.9950008392334,23.0,22.989999771118164,23.0,861.0
2024-03-01 15:34:00,OLMA,14.829999923706055,14.829999923706055,14.864999771118164,14.829999923706055,14.864999771118164,2577.0
2024-03-01 15:34:00,OM,3.0799999237060547,3.0799999237060547,3.0799999237060547,3.0799999237060547,3.0799999237060547,396.0
2024-03-01 15:34:00,OMER,4.824999809265137,4.824999809265137,4.824999809265137,4.820000171661377,4.820000171661377,1722.0
2024-03-01 15:34:00,OMGA,4.34499979019165,4.34499979019165,4.34499979019165,4.34499979019165,4.34499979019165,122.0
2024-03-01 15:34:00,OMIC,0.6000000238418579,0.6000000238418579,0.6000000238418579,0.5999000072479248,0.5999000072479248,614.0
2024-03-01 15:34:00,ONCY,1.1198999881744385,1.1198999881744385,1.1198999881744385,1.1198999881744385,1.1198999881744385,120.0
2024-03-01 15:34:00,ONTX,0.826295018196106,0.826295018196106,0.826295018196106,0.826295018196106,0.826295018196106,100.0
2024-03-01 15:34:00,ONVO,1.0199999809265137,1.0199999809265137,1.0199999809265137,1.0199999809265137,1.0199999809265137,218.0
2024-03-01 15:35:00,AADI,1.9500000476837158,1.9500000476837158,1.9500000476837158,1.9450000524520874,1.9500000476837158,375.0
2024-03-01 15:35:00,ABCL,5.050000190734863,5.050000190734863,5.054999828338623,5.050000190734863,5.054999828338623,846.0
2024-03-01 15:35:00,ABEO,7.75,7.75,7.769999980926514,7.75,7.769999980926514,1176.0
2024-03-01 15:35:00,ABOS,4.670000076293945,4.670000076293945,4.670000076293945,4.670000076293945,4.670000076293945,218.0
2024-03-01 15:35:00,ABSI,5.5100998878479,5.5100998878479,5.514999866485596,5.510000228881836,5.514999866485596,2689.0
2024-03-01 15:35:00,ABUS,2.7850000858306885,2.7850000858306885,2.7850000858306885,2.7699999809265137,2.7750000953674316,9868.0
2024-03-01 15:35:00,ACAD,24.014999389648438,24.014999389648438,24.065000534057617,24.014999389648438,24.059999465942383,3712.0
2024-03-01 15:35:00,ACCD,9.994999885559082,9.994999885559082,9.994999885559082,9.994999885559082,9.994999885559082,905.0
2024-03-01 15:35:00,ACET,2.375,2.375,2.375,2.369999885559082,2.375,3761.0
2024-03-01 15:35:00,ACHC,84.0,84.0,84.01000213623047,83.98999786376953,84.01000213623047,2637.0
2024-03-01 15:35:00,ACHV,4.429999828338623,4.429999828338623,4.429999828338623,4.429999828338623,4.429999828338623,273.0
2024-03-01 15:35:00,ACIU,3.842900037765503,3.842900037765503,3.842900037765503,3.809999942779541,3.809999942779541,350.0
2024-03-01 15:35:00,ACRS,1.225000023841858,1.225000023841858,1.2300000190734863,1.2200000286102295,1.2200000286102295,6221.0
2024-03-01 15:35:00,ADIL,3.200000047683716,3.200000047683716,3.200000047683716,3.119999885559082,3.1349000930786133,133123.0
2024-03-01 15:35:00,ADMA,5.525000095367432,5.525000095367432,5.5254998207092285,5.519999980926514,5.519999980926514,4148.0
2024-03-01 15:35:00,ADPT,4.03000020980835,4.03000020980835,4.03000020980835,4.03000020980835,4.03000020980835,1220.0
2024-03-01 15:35:00,ADVM,1.9199999570846558,1.9199999570846558,1.9249999523162842,1.9199999570846558,1.9199999570846558,2659.0
2024-03-01 15:35:00,AFMD,0.6650000214576721,0.6650000214576721,0.6650000214576721,0.6649990081787109,0.6649990081787109,324.0
2024-03-01 15:35:00,AGEN,0.6700500249862671,0.6700500249862671,0.6700999736785889,0.6700000166893005,0.6700500249862671,21118.0
2024-03-01 15:35:00,AGIO,32.15999984741211,32.15999984741211,32.20000076293945,32.15999984741211,32.20000076293945,1982.0
2024-03-01 15:35:00,AGRX,0.839900016784668,0.839900016784668,0.839900016784668,0.8379999995231628,0.8379999995231628,957.0
2024-03-01 15:35:00,AHCO,10.505000114440918,10.505000114440918,10.510000228881836,10.5,10.510000228881836,4784.0
2024-03-01 15:35:00,AIMD,0.9581000208854675,0.9581000208854675,0.9581000208854675,0.9581000208854675,0.9581000208854675,187.0
2024-03-01 15:35:00,AIRS,6.460000038146973,6.460000038146973,6.460000038146973,6.460000038146973,6.460000038146973,471.0
2024-03-01 15:35:00,AKAN,0.2159000039100647,0.2159000039100647,0.2159000039100647,0.2159000039100647,0.2159000039100647,100.0
2024-03-01 15:35:00,AKBA,1.6799999475479126,1.6799999475479126,1.684999942779541,1.6799999475479126,1.684999942779541,620.0
2024-03-01 15:35:00,AKLI,0.34200000762939453,0.34200000762939453,0.34220001101493835,0.34200000762939453,0.34220001101493835,4885.0
2024-03-01 15:35:00,AKRO,28.399999618530273,28.399999618530273,28.459999084472656,28.399999618530273,28.459999084472656,3846.0
2024-03-01 15:35:00,ALDX,4.199900150299072,4.199900150299072,4.204999923706055,4.190000057220459,4.202000141143799,16075.0
2024-03-01 15:35:00,ALEC,7.329999923706055,7.329999923706055,7.329999923706055,7.320000171661377,7.320000171661377,1252.0
2024-03-01 15:35:00,ALGN,302.2099914550781,302.2099914550781,302.2200012207031,302.2099914550781,302.2200012207031,605.0
2024-03-01 15:35:00,ALHC,5.599999904632568,5.599999904632568,5.610000133514404,5.599999904632568,5.605000019073486,2051.0
2024-03-01 15:35:00,ALKS,30.18000030517578,30.18000030517578,30.190000534057617,30.15999984741211,30.190000534057617,11953.0
2024-03-01 15:35:00,ALLK,1.6449999809265137,1.6449999809265137,1.649999976158142,1.6449999809265137,1.6449999809265137,582.0
2024-03-01 15:35:00,ALLO,4.909999847412109,4.909999847412109,4.909999847412109,4.909999847412109,4.909999847412109,1725.0
2024-03-01 15:35:00,ALNY,152.59500122070312,152.59500122070312,152.59500122070312,152.59500122070312,152.59500122070312,979.0
2024-03-01 15:35:00,ALPN,36.01499938964844,36.01499938964844,36.025001525878906,36.0,36.0099983215332,3127.0
2024-03-01 15:35:00,ALT,12.14009952545166,12.14009952545166,12.180000305175781,12.14009952545166,12.180000305175781,4200.0
2024-03-01 15:35:00,ALVR,0.7493000030517578,0.7493000030517578,0.7493000030517578,0.7472500205039978,0.7472500205039978,300.0
2024-03-01 15:35:00,ALXO,14.895000457763672,14.895000457763672,14.895000457763672,14.890000343322754,14.890000343322754,646.0
2024-03-01 15:35:00,AMED,93.2699966430664,93.2699966430664,93.2699966430664,93.2699966430664,93.2699966430664,1082.0
2024-03-01 15:35:00,AMGN,280.6600036621094,280.6600036621094,280.69000244140625,280.6099853515625,280.67999267578125,5672.0
2024-03-01 15:35:00,AMLX,18.650999069213867,18.650999069213867,18.65999984741211,18.650999069213867,18.65999984741211,1276.0
2024-03-01 15:35:00,AMPH,45.93000030517578,45.93000030517578,45.93000030517578,45.93000030517578,45.93000030517578,384.0
2024-03-01 15:35:00,AMRN,1.0549999475479126,1.0549999475479126,1.0549999475479126,1.0499999523162842,1.0499999523162842,442.0
2024-03-01 15:35:00,ANAB,25.399999618530273,25.399999618530273,25.399999618530273,25.385000228881836,25.389999389648438,2160.0
2024-03-01 15:35:00,ANGO,5.454999923706055,5.454999923706055,5.454999923706055,5.445000171661377,5.449999809265137,2605.0
2024-03-01 15:35:00,ANIP,66.86000061035156,66.86000061035156,66.87999725341797,66.70999908447266,66.70999908447266,2368.0
2024-03-01 15:35:00,ANNX,6.039999961853027,6.039999961853027,6.039999961853027,6.034999847412109,6.039999961853027,898.0
2024-03-01 15:35:00,ANTX,3.009999990463257,3.009999990463257,3.0199999809265137,3.009999990463257,3.0199999809265137,2688.0
2024-03-01 15:35:00,APDN,0.5698000192642212,0.5698000192642212,0.5698000192642212,0.5698000192642212,0.5698000192642212,189.0
2024-03-01 15:35:00,APLS,64.1500015258789,64.1500015258789,64.1500015258789,64.12249755859375,64.12249755859375,1515.0
2024-03-01 15:35:00,APLT,7.010000228881836,7.010000228881836,7.0233001708984375,7.0,7.0233001708984375,4979.0
2024-03-01 15:35:00,APVO,0.1599999964237213,0.1599999964237213,0.1599999964237213,0.15800000727176666,0.1599999964237213,29533.0
2024-03-01 15:35:00,AQST,4.105000019073486,4.105000019073486,4.105000019073486,4.105000019073486,4.105000019073486,451.0
2024-03-01 15:35:00,ARAY,2.609999895095825,2.609999895095825,2.609999895095825,2.609999895095825,2.609999895095825,171.0
2024-03-01 15:35:00,ARDX,9.354999542236328,9.354999542236328,9.364999771118164,9.350000381469727,9.359999656677246,25108.0
2024-03-01 15:35:00,ARGX,392.0224914550781,392.0224914550781,392.239990234375,392.0224914550781,392.20001220703125,1182.0
2024-03-01 15:35:00,ARQT,11.4350004196167,11.4350004196167,11.4350004196167,11.430000305175781,11.4350004196167,5944.0
2024-03-01 15:35:00,ARVN,47.20000076293945,47.20000076293945,47.38999938964844,47.20000076293945,47.38999938964844,4371.0
2024-03-01 15:35:00,ARWR,35.619998931884766,35.619998931884766,35.650001525878906,35.61000061035156,35.650001525878906,3138.0
2024-03-01 15:35:00,ASND,154.00999450683594,154.00999450683594,154.00999450683594,153.57000732421875,153.57000732421875,2180.0
2024-03-01 15:35:00,ASRT,0.8901000022888184,0.8901000022888184,0.8932999968528748,0.8901000022888184,0.8931999802589417,829.0
2024-03-01 15:35:00,ATAI,2.121000051498413,2.121000051498413,2.121000051498413,2.121000051498413,2.121000051498413,500.0
2024-03-01 15:35:00,ATEC,13.494999885559082,13.494999885559082,13.505000114440918,13.494999885559082,13.5,4902.0
2024-03-01 15:35:00,ATHA,3.930000066757202,3.930000066757202,3.930000066757202,3.930000066757202,3.930000066757202,393.0
2024-03-01 15:35:00,ATRA,0.785099983215332,0.785099983215332,0.789900004863739,0.7806000113487244,0.7897999882698059,10477.0
2024-03-01 15:35:00,ATRC,36.189998626708984,36.189998626708984,36.22999954223633,36.189998626708984,36.22999954223633,6314.0
2024-03-01 15:35:00,ATXI,0.15449999272823334,0.15449999272823334,0.15449999272823334,0.15449999272823334,0.15449999272823334,491.0
2024-03-01 15:35:00,ATXS,14.880000114440918,14.880000114440918,14.90999984741211,14.880000114440918,14.90999984741211,1685.0
2024-03-01 15:35:00,AUGX,4.550000190734863,4.550000190734863,4.550000190734863,4.539999961853027,4.539999961853027,220.0
2024-03-01 15:35:00,AUPH,5.75,5.75,5.755000114440918,5.75,5.75,1213.0
2024-03-01 15:35:00,AUTL,6.25,6.25,6.25,6.25,6.25,590.0
2024-03-01 15:35:00,AVDL,13.484999656677246,13.484999656677246,13.484999656677246,13.470000267028809,13.479999542236328,9513.0
2024-03-01 15:35:00,AVIR,4.434999942779541,4.434999942779541,4.434999942779541,4.429999828338623,4.429999828338623,447.0
2024-03-01 15:35:00,AVRO,1.3200000524520874,1.3200000524520874,1.3200000524520874,1.3200000524520874,1.3200000524520874,101.0
2024-03-01 15:35:00,AVTE,23.469999313354492,23.469999313354492,23.469999313354492,23.459999084472656,23.459999084472656,804.0
2024-03-01 15:35:00,AVXL,5.260000228881836,5.260000228881836,5.264999866485596,5.260000228881836,5.264999866485596,530.0
2024-03-01 15:35:00,AXGN,10.675000190734863,10.675000190734863,10.675000190734863,10.670000076293945,10.670000076293945,572.0
2024-03-01 15:35:00,AXNX,67.73999786376953,67.73999786376953,67.76000213623047,67.73999786376953,67.73999786376953,3760.0
2024-03-01 15:35:00,AXSM,82.43499755859375,82.43499755859375,82.47000122070312,82.43000030517578,82.47000122070312,858.0
2024-03-01 15:35:00,AZN,64.57499694824219,64.57499694824219,64.58000183105469,64.56500244140625,64.57499694824219,11663.0
2024-03-01 15:35:00,AZTA,67.07499694824219,67.07499694824219,67.07499694824219,67.07499694824219,67.07499694824219,834.0
2024-03-01 15:35:00,BBIO,35.66999816894531,35.66999816894531,35.72999954223633,35.66999816894531,35.724998474121094,1253.0
2024-03-01 15:35:00,BBLG,2.490000009536743,2.490000009536743,2.490000009536743,2.4200000762939453,2.4200000762939453,770.0
2024-03-01 15:35:00,BCAB,2.7950000762939453,2.7950000762939453,2.7950000762939453,2.7899999618530273,2.7950000762939453,671.0
2024-03-01 15:35:00,BCDA,0.574999988079071,0.574999988079071,0.574999988079071,0.574999988079071,0.574999988079071,100.0
2024-03-01 15:35:00,BCEL,0.26809999346733093,0.26809999346733093,0.26809999346733093,0.26809999346733093,0.26809999346733093,478.0
2024-03-01 15:35:00,BCLI,0.34755000472068787,0.34755000472068787,0.3499999940395355,0.34599998593330383,0.3499999940395355,9633.0
2024-03-01 15:35:00,BCRX,5.659999847412109,5.659999847412109,5.670000076293945,5.659999847412109,5.659999847412109,3732.0
2024-03-01 15:35:00,BDSX,1.6100000143051147,1.6100000143051147,1.6100000143051147,1.6100000143051147,1.6100000143051147,191.0
2024-03-01 15:35:00,BDTX,4.710299968719482,4.710299968719482,4.71999979019165,4.708000183105469,4.71999979019165,1413.0
2024-03-01 15:35:00,BEAM,39.7400016784668,39.7400016784668,39.77000045776367,39.7400016784668,39.77000045776367,3256.0
2024-03-01 15:35:00,BGNE,165.77000427246094,165.77000427246094,165.77000427246094,165.77000427246094,165.77000427246094,192.0
2024-03-01 15:35:00,BIIB,220.75999450683594,220.75999450683594,220.89999389648438,220.72999572753906,220.89999389648438,2430.0
2024-03-01 15:35:00,BIOR,1.090000033378601,1.090000033378601,1.0950000286102295,1.090000033378601,1.0950000286102295,9158.0
2024-03-01 15:35:00,BIVI,1.899899959564209,1.899899959564209,1.9199999570846558,1.8899999856948853,1.9199999570846558,40900.0
2024-03-01 15:35:00,BLRX,1.3301000595092773,1.3301000595092773,1.340000033378601,1.3300000429153442,1.3300000429153442,1062.0
2024-03-01 15:35:00,BLUE,1.5700000524520874,1.5700000524520874,1.5757999420166016,1.5700000524520874,1.5750000476837158,6781.0
2024-03-01 15:35:00,BMEA,17.760000228881836,17.760000228881836,17.829999923706055,17.75,17.829999923706055,1676.0
2024-03-01 15:35:00,BMRA,1.2000000476837158,1.2000000476837158,1.2000000476837158,1.2000000476837158,1.2000000476837158,102.0
2024-03-01 15:35:00,BMRN,87.5999984741211,87.5999984741211,87.69599914550781,87.58000183105469,87.68000030517578,3067.0
2024-03-01 15:35:00,BNGO,1.2549999952316284,1.2549999952316284,1.2549999952316284,1.2549999952316284,1.2549999952316284,239.0
2024-03-01 15:35:00,BNOX,1.2000000476837158,1.2000000476837158,1.2000000476837158,1.2000000476837158,1.2000000476837158,688.0
2024-03-01 15:35:00,BNR,0.8100000023841858,0.8100000023841858,0.8101000189781189,0.8100000023841858,0.8101000189781189,200.0
2024-03-01 15:35:00,BNTX,90.71499633789062,90.71499633789062,90.71499633789062,90.71499633789062,90.71499633789062,385.0
2024-03-01 15:35:00,BPMC,95.54000091552734,95.54000091552734,95.72000122070312,95.54000091552734,95.63999938964844,4258.0
2024-03-01 15:35:00,BRKR,88.41999816894531,88.41999816894531,88.48999786376953,88.41999816894531,88.44999694824219,6480.0
2024-03-01 15:35:00,BTTX,0.18440000712871552,0.18440000712871552,0.18440000712871552,0.1839500069618225,0.1839500069618225,1776.0
2024-03-01 15:35:00,BVS,4.78000020980835,4.78000020980835,4.78000020980835,4.78000020980835,4.78000020980835,404.0
2024-03-01 15:35:00,BYSI,1.5,1.5,1.5,1.4950000047683716,1.4950000047683716,1177.0
2024-03-01 15:35:00,CABA,23.950000762939453,23.950000762939453,23.950000762939453,23.940000534057617,23.940000534057617,448.0
2024-03-01 15:35:00,CAPR,4.579999923706055,4.579999923706055,4.579999923706055,4.550000190734863,4.550000190734863,3227.0
2024-03-01 15:35:00,CARA,0.9200000166893005,0.9200000166893005,0.9261000156402588,0.9200000166893005,0.9230999946594238,1866.0
2024-03-01 15:35:00,CBAY,32.22999954223633,32.22999954223633,32.22999954223633,32.22999954223633,32.22999954223633,1382.0
2024-03-01 15:35:00,CCCC,10.984999656677246,10.984999656677246,10.9975004196167,10.979999542236328,10.994999885559082,3976.0
2024-03-01 15:35:00,CCRN,18.31999969482422,18.31999969482422,18.329999923706055,18.31999969482422,18.329999923706055,753.0
2024-03-01 15:35:00,CDMO,8.210000038146973,8.210000038146973,8.220000267028809,8.210000038146973,8.220000267028809,1811.0
2024-03-01 15:35:00,CDNA,12.425000190734863,12.425000190734863,12.4350004196167,12.425000190734863,12.4350004196167,2329.0
2024-03-01 15:35:00,CDXS,4.650000095367432,4.650000095367432,4.650000095367432,4.650000095367432,4.650000095367432,1404.0
2024-03-01 15:35:00,CELC,17.219999313354492,17.219999313354492,17.280000686645508,17.219999313354492,17.280000686645508,222.0
2024-03-01 15:35:00,CERE,41.099998474121094,41.099998474121094,41.11000061035156,41.099998474121094,41.099998474121094,1442.0
2024-03-01 15:35:00,CERS,2.180000066757202,2.180000066757202,2.190000057220459,2.180000066757202,2.190000057220459,8178.0
2024-03-01 15:35:00,CERT,18.139999389648438,18.139999389648438,18.139999389648438,18.139999389648438,18.139999389648438,503.0
2024-03-01 15:35:00,CGC,3.180000066757202,3.180000066757202,3.1875,3.180000066757202,3.180000066757202,2305.0
2024-03-01 15:35:00,CGEM,18.459999084472656,18.459999084472656,18.549999237060547,18.459999084472656,18.540000915527344,4437.0
2024-03-01 15:35:00,CHEK,2.1191000938415527,2.1191000938415527,2.1191000938415527,2.1191000938415527,2.1191000938415527,1047.0
2024-03-01 15:35:00,CHRS,2.3949999809265137,2.3949999809265137,2.3949999809265137,2.3949999809265137,2.3949999809265137,274.0
2024-03-01 15:35:00,CKPT,2.2100000381469727,2.2100000381469727,2.2100000381469727,2.2100000381469727,2.2100000381469727,200.0
2024-03-01 15:35:00,CLDX,51.55500030517578,51.55500030517578,51.59000015258789,51.52000045776367,51.56999969482422,9774.0
2024-03-01 15:35:00,CLLS,2.6500000953674316,2.6500000953674316,2.6500000953674316,2.6500000953674316,2.6500000953674316,248.0
2024-03-01 15:35:00,CLNN,0.3871999979019165,0.3871999979019165,0.3871999979019165,0.3864000141620636,0.38690000772476196,3600.0
2024-03-01 15:35:00,CLOV,0.8658999800682068,0.8658999800682068,0.8659999966621399,0.8658999800682068,0.8659499883651733,21968.0
2024-03-01 15:35:00,CLRB,4.090000152587891,4.090000152587891,4.099999904632568,4.090000152587891,4.099999904632568,1585.0
2024-03-01 15:35:00,CMPS,11.5,11.5,11.5,11.5,11.5,906.0
2024-03-01 15:35:00,CNSP,0.3199000060558319,0.3199000060558319,0.33899998664855957,0.3199000060558319,0.3199999928474426,29350.0
2024-03-01 15:35:00,CNTA,10.729999542236328,10.729999542236328,10.729999542236328,10.729999542236328,10.729999542236328,100.0
2024-03-01 15:35:00,COGT,7.195000171661377,7.195000171661377,7.195000171661377,7.190000057220459,7.190000057220459,1997.0
2024-03-01 15:35:00,COLL,36.85499954223633,36.85499954223633,36.86000061035156,36.849998474121094,36.849998474121094,2448.0
2024-03-01 15:35:00,CORT,24.260000228881836,24.260000228881836,24.260000228881836,24.250999450683594,24.2549991607666,1220.0
2024-03-01 15:35:00,COSM,0.7653999924659729,0.7653999924659729,0.7730000019073486,0.7653999924659729,0.7730000019073486,641.0
2024-03-01 15:35:00,CPRX,17.204999923706055,17.204999923706055,17.204999923706055,17.155000686645508,17.174999237060547,26411.0
2024-03-01 15:35:00,CPSI,9.279999732971191,9.279999732971191,9.279999732971191,9.279999732971191,9.279999732971191,590.0
2024-03-01 15:35:00,CRBP,34.15999984741211,34.15999984741211,34.15999984741211,33.640098571777344,34.099998474121094,1217.0
2024-03-01 15:35:00,CRBU,7.784999847412109,7.784999847412109,7.784999847412109,7.78000020980835,7.78000020980835,858.0
2024-03-01 15:35:00,CRDF,2.825000047683716,2.825000047683716,2.859999895095825,2.809999942779541,2.8492000102996826,175510.0
2024-03-01 15:35:00,CRMD,3.6500000953674316,3.6500000953674316,3.6500000953674316,3.6500000953674316,3.6500000953674316,112.0
2024-03-01 15:35:00,CRNX,45.900001525878906,45.900001525878906,45.900001525878906,45.88999938964844,45.900001525878906,786.0
2024-03-01 15:35:00,CRON,2.0250000953674316,2.0250000953674316,2.0250000953674316,2.0250000953674316,2.0250000953674316,646.0
2024-03-01 15:35:00,CRSP,84.1156997680664,84.1156997680664,84.22000122070312,84.0999984741211,84.22000122070312,6728.0
2024-03-01 15:35:00,CSTL,19.989999771118164,19.989999771118164,19.989999771118164,19.969999313354492,19.979999542236328,844.0
2024-03-01 15:35:00,CTKB,9.015000343322754,9.015000343322754,9.020000457763672,9.015000343322754,9.015000343322754,876.0
2024-03-01 15:35:00,CTMX,2.559999942779541,2.559999942779541,2.559999942779541,2.549999952316284,2.559799909591675,5687.0
2024-03-01 15:35:00,CTXR,0.7743589878082275,0.7743589878082275,0.7743589878082275,0.7702999711036682,0.7702999711036682,786.0
2024-03-01 15:35:00,CUE,2.140000104904175,2.140000104904175,2.140000104904175,2.140000104904175,2.140000104904175,222.0
2024-03-01 15:35:00,CVRX,20.764999389648438,20.764999389648438,20.764999389648438,20.764999389648438,20.764999389648438,120.0
2024-03-01 15:35:00,CYTK,73.69000244140625,73.69000244140625,73.7300033569336,73.69000244140625,73.7300033569336,635.0
2024-03-01 15:35:00,CYTO,2.4100000858306885,2.4100000858306885,2.4100000858306885,2.390000104904175,2.390000104904175,747.0
2024-03-01 15:35:00,DARE,0.557200014591217,0.557200014591217,0.5598999857902527,0.5550000071525574,0.5598000288009644,5598.0
2024-03-01 15:35:00,DAWN,17.5,17.5,17.520000457763672,17.485000610351562,17.510000228881836,27055.0
2024-03-01 15:35:00,DCGO,4.050000190734863,4.050000190734863,4.054999828338623,4.050000190734863,4.054999828338623,498.0
2024-03-01 15:35:00,DCPH,17.459999084472656,17.459999084472656,17.459999084472656,17.459999084472656,17.459999084472656,1073.0
2024-03-01 15:35:00,DCTH,4.199999809265137,4.199999809265137,4.199999809265137,4.199999809265137,4.199999809265137,228.0
2024-03-01 15:35:00,DH,8.829999923706055,8.829999923706055,8.829999923706055,8.819999694824219,8.829999923706055,2554.0
2024-03-01 15:35:00,DMTK,0.8341000080108643,0.8341000080108643,0.8341000080108643,0.8200500011444092,0.8201000094413757,4643.0
2024-03-01 15:35:00,DNLI,20.915000915527344,20.915000915527344,20.940000534057617,20.899999618530273,20.940000534057617,1618.0
2024-03-01 15:35:00,DRIO,2.0,2.0,2.0,1.9950000047683716,2.0,705.0
2024-03-01 15:35:00,DRRX,0.9991000294685364,0.9991000294685364,1.0,0.9991000294685364,1.0,1289.0
2024-03-01 15:35:00,DVAX,12.75,12.75,12.755000114440918,12.75,12.755000114440918,211.0
2024-03-01 15:35:00,DXCM,121.09500122070312,121.09500122070312,121.12000274658203,121.02999877929688,121.12000274658203,10003.0
2024-03-01 15:35:00,DYN,29.086299896240234,29.086299896240234,29.110000610351562,29.086299896240234,29.110000610351562,1427.0
2024-03-01 15:35:00,EDAP,6.869999885559082,6.869999885559082,6.869999885559082,6.869999885559082,6.869999885559082,634.0
2024-03-01 15:35:00,EDIT,10.600000381469727,10.600000381469727,10.640000343322754,10.595000267028809,10.640000343322754,4580.0
2024-03-01 15:35:00,EFTR,16.337600708007812,16.337600708007812,16.337600708007812,16.337600708007812,16.337600708007812,1102.0
2024-03-01 15:35:00,EGRX,6.53000020980835,6.53000020980835,6.53000020980835,6.53000020980835,6.53000020980835,1189.0
2024-03-01 15:35:00,ELDN,1.8209999799728394,1.8209999799728394,1.8209999799728394,1.8209999799728394,1.8209999799728394,200.0
2024-03-01 15:35:00,ELEV,5.036799907684326,5.036799907684326,5.036799907684326,5.025000095367432,5.025000095367432,3073.0
2024-03-01 15:35:00,EMBC,14.25,14.25,14.260000228881836,14.25,14.260000228881836,1688.0
2024-03-01 15:35:00,ENSC,0.9200000166893005,0.9200000166893005,0.9200000166893005,0.9200000166893005,0.9200000166893005,310.0
2024-03-01 15:35:00,ENSG,121.5199966430664,121.5199966430664,121.52999877929688,121.5199966430664,121.52999877929688,455.0
2024-03-01 15:35:00,ENTA,15.420000076293945,15.420000076293945,15.420000076293945,15.420000076293945,15.420000076293945,202.0
2024-03-01 15:35:00,ENVB,1.590000033378601,1.590000033378601,1.6100000143051147,1.559999942779541,1.6050000190734863,32408.0
2024-03-01 15:35:00,EOLS,14.920000076293945,14.920000076293945,14.920000076293945,14.90999984741211,14.90999984741211,1960.0
2024-03-01 15:35:00,ESPR,2.5450000762939453,2.5450000762939453,2.5450000762939453,2.5399999618530273,2.5450000762939453,2190.0
2024-03-01 15:35:00,ESTA,43.959999084472656,43.959999084472656,43.959999084472656,43.68000030517578,43.720001220703125,5909.0
2024-03-01 15:35:00,ETNB,12.649999618530273,12.649999618530273,12.670000076293945,12.649999618530273,12.670000076293945,2305.0
2024-03-01 15:35:00,EVGN,0.976830005645752,0.976830005645752,0.976830005645752,0.976830005645752,0.976830005645752,2100.0
2024-03-01 15:35:00,EWTX,16.6299991607666,16.6299991607666,16.639999389648438,16.628999710083008,16.628999710083008,1441.0
2024-03-01 15:35:00,EXAS,59.345001220703125,59.345001220703125,59.42499923706055,59.31999969482422,59.42499923706055,5166.0
2024-03-01 15:35:00,EXEL,22.25,22.25,22.255300521850586,22.25,22.255300521850586,17580.0
2024-03-01 15:35:00,EYEN,2.410099983215332,2.410099983215332,2.430000066757202,2.4100000858306885,2.430000066757202,14050.0
2024-03-01 15:35:00,EYPT,27.969999313354492,27.969999313354492,27.969999313354492,27.889999389648438,27.905000686645508,2329.0
2024-03-01 15:35:00,FATE,7.699999809265137,7.699999809265137,7.710100173950195,7.699999809265137,7.710100173950195,1722.0
2024-03-01 15:35:00,FBIO,2.369999885559082,2.369999885559082,2.369999885559082,2.369999885559082,2.369999885559082,320.0
2024-03-01 15:35:00,FDMT,29.25,29.25,29.2549991607666,29.25,29.2549991607666,521.0
2024-03-01 15:35:00,FEMY,1.809999942779541,1.809999942779541,1.809999942779541,1.7700999975204468,1.809999942779541,1512.0
2024-03-01 15:35:00,FGEN,1.8350000381469727,1.8350000381469727,1.840000033378601,1.8300000429153442,1.8324999809265137,4392.0
2024-03-01 15:35:00,FLGC,1.1399999856948853,1.1399999856948853,1.1399999856948853,1.1399999856948853,1.1399999856948853,402.0
2024-03-01 15:35:00,FLGT,23.1200008392334,23.1200008392334,23.1200008392334,23.1200008392334,23.1200008392334,577.0
2024-03-01 15:35:00,FOLD,13.305000305175781,13.305000305175781,13.3149995803833,13.300000190734863,13.3149995803833,8069.0
2024-03-01 15:35:00,FULC,10.975000381469727,10.975000381469727,10.979999542236328,10.949999809265137,10.949999809265137,205926.0
2024-03-01 15:35:00,FUSN,12.114999771118164,12.114999771118164,12.154999732971191,12.09000015258789,12.154999732971191,4230.0
2024-03-01 15:35:00,GBIO,2.619999885559082,2.619999885559082,2.619999885559082,2.619999885559082,2.619999885559082,400.0
2024-03-01 15:35:00,GDRX,8.350000381469727,8.350000381469727,8.350000381469727,8.345000267028809,8.345000267028809,10744.0
2024-03-01 15:35:00,GERN,2.244999885559082,2.244999885559082,2.2479000091552734,2.240000009536743,2.240000009536743,32646.0
2024-03-01 15:35:00,GH,18.969999313354492,18.969999313354492,18.979999542236328,18.950000762939453,18.979999542236328,2404.0
2024-03-01 15:35:00,GILD,72.37000274658203,72.37000274658203,72.37100219726562,72.3499984741211,72.37100219726562,12123.0
2024-03-01 15:35:00,GLTO,0.8001000285148621,0.8001000285148621,0.8001000285148621,0.8001000285148621,0.8001000285148621,400.0
2024-03-01 15:35:00,GLUE,6.324999809265137,6.324999809265137,6.324999809265137,6.324999809265137,6.324999809265137,285.0
2024-03-01 15:35:00,GLYC,3.049999952316284,3.049999952316284,3.049999952316284,3.049999952316284,3.049999952316284,176.0
2024-03-01 15:35:00,GMAB,29.31999969482422,29.31999969482422,29.325000762939453,29.309999465942383,29.325000762939453,1521.0
2024-03-01 15:35:00,GMDA,0.3853999972343445,0.3853999972343445,0.3862999975681305,0.3853999972343445,0.3862999975681305,806.0
2024-03-01 15:35:00,GOSS,1.4049999713897705,1.4049999713897705,1.4049999713897705,1.4049999713897705,1.4049999713897705,1004.0
2024-03-01 15:35:00,GRFS,7.025000095367432,7.025000095367432,7.03000020980835,7.025000095367432,7.03000020980835,2215.0
2024-03-01 15:35:00,GRTS,2.0199999809265137,2.0199999809265137,2.0283000469207764,2.0199999809265137,2.0283000469207764,7857.0
2024-03-01 15:35:00,GTHX,3.7049999237060547,3.7049999237060547,3.7049999237060547,3.7049999237060547,3.7049999237060547,335.0
2024-03-01 15:35:00,HALO,41.08000183105469,41.08000183105469,41.099998474121094,41.05099868774414,41.099998474121094,3039.0
2024-03-01 15:35:00,HARP,22.94499969482422,22.94499969482422,22.94499969482422,22.94499969482422,22.94499969482422,316.0
2024-03-01 15:35:00,HCAT,8.0649995803833,8.0649995803833,8.0649995803833,8.0649995803833,8.0649995803833,800.0
2024-03-01 15:35:00,HCM,15.100000381469727,15.100000381469727,15.100000381469727,15.085000038146973,15.100000381469727,958.0
2024-03-01 15:35:00,HCSG,12.800000190734863,12.800000190734863,12.8149995803833,12.789999961853027,12.8149995803833,3243.0
2024-03-01 15:35:00,HCTI,2.009999990463257,2.009999990463257,2.0399999618530273,2.009999990463257,2.0399999618530273,1739.0
2024-03-01 15:35:00,HLTH,0.26980000734329224,0.26980000734329224,0.26989999413490295,0.26980000734329224,0.26989999413490295,1482.0
2024-03-01 15:35:00,HLVX,19.1299991607666,19.1299991607666,19.1299991607666,19.1299991607666,19.1299991607666,150.0
2024-03-01 15:35:00,HOLX,74.08000183105469,74.08000183105469,74.0999984741211,74.08000183105469,74.0999984741211,2066.0
2024-03-01 15:35:00,HOTH,1.340000033378601,1.340000033378601,1.340000033378601,1.340000033378601,1.340000033378601,150.0
2024-03-01 15:35:00,HOWL,7.0,7.0,7.0,7.0,7.0,140.0
2024-03-01 15:35:00,HQY,81.16999816894531,81.16999816894531,81.16999816894531,81.12999725341797,81.15499877929688,542.0
2024-03-01 15:35:00,HRMY,31.854999542236328,31.854999542236328,31.854999542236328,31.80500030517578,31.80500030517578,1865.0
2024-03-01 15:35:00,HROW,10.920000076293945,10.920000076293945,10.949999809265137,10.920000076293945,10.949999809265137,2278.0
2024-03-01 15:35:00,HRTX,2.575000047683716,2.575000047683716,2.5799999237060547,2.575000047683716,2.5799999237060547,17335.0
2024-03-01 15:35:00,HSCS,0.12290000170469284,0.12290000170469284,0.12290000170469284,0.12219999730587006,0.12290000170469284,14100.0
2024-03-01 15:35:00,HSIC,76.95999908447266,76.95999908447266,76.95999908447266,76.91999816894531,76.93499755859375,4221.0
2024-03-01 15:35:00,HSTM,27.170000076293945,27.170000076293945,27.18000030517578,27.170000076293945,27.18000030517578,698.0
2024-03-01 15:35:00,HUMA,3.265000104904175,3.265000104904175,3.2699999809265137,3.259999990463257,3.265000104904175,13464.0
2024-03-01 15:35:00,IART,36.040000915527344,36.040000915527344,36.040000915527344,36.040000915527344,36.040000915527344,1283.0
2024-03-01 15:35:00,IBRX,4.739799976348877,4.739799976348877,4.75,4.735000133514404,4.75,6820.0
2024-03-01 15:35:00,ICUI,105.90499877929688,105.90499877929688,105.90499877929688,105.90499877929688,105.90499877929688,794.0
2024-03-01 15:35:00,IDXX,576.510009765625,576.510009765625,577.2000122070312,576.510009765625,577.2000122070312,885.0
2024-03-01 15:35:00,IDYA,46.290000915527344,46.290000915527344,46.290000915527344,46.284000396728516,46.290000915527344,845.0
2024-03-01 15:35:00,IGMS,12.770000457763672,12.770000457763672,12.789999961853027,12.770000457763672,12.789999961853027,340.0
2024-03-01 15:35:00,IINN,1.6603000164031982,1.6603000164031982,1.6603000164031982,1.6603000164031982,1.6603000164031982,9064.0
2024-03-01 15:35:00,IKNA,1.5049999952316284,1.5049999952316284,1.5098999738693237,1.5049999952316284,1.5098999738693237,720.0
2024-03-01 15:35:00,ILMN,140.77999877929688,140.77999877929688,140.77999877929688,140.69500732421875,140.69500732421875,5193.0
2024-03-01 15:35:00,IMAB,1.7798999547958374,1.7798999547958374,1.7799999713897705,1.7700999975204468,1.7799999713897705,3588.0
2024-03-01 15:35:00,IMCR,67.94999694824219,67.94999694824219,67.94999694824219,67.90499877929688,67.90499877929688,365.0
2024-03-01 15:35:00,IMMX,3.4800000190734863,3.4800000190734863,3.4800000190734863,3.4700000286102295,3.4700000286102295,1799.0
2024-03-01 15:35:00,IMNM,25.43000030517578,25.43000030517578,25.469999313354492,25.3700008392334,25.372499465942383,3449.0
2024-03-01 15:35:00,IMTX,12.885000228881836,12.885000228881836,12.885000228881836,12.885000228881836,12.885000228881836,232.0
2024-03-01 15:35:00,IMUX,1.4500000476837158,1.4500000476837158,1.4500000476837158,1.4500000476837158,1.4500000476837158,104.0
2024-03-01 15:35:00,IMVT,35.560001373291016,35.560001373291016,35.560001373291016,35.560001373291016,35.560001373291016,114.0
2024-03-01 15:35:00,INBX,36.525001525878906,36.525001525878906,36.525001525878906,36.525001525878906,36.525001525878906,190.0
2024-03-01 15:35:00,INCY,59.07500076293945,59.07500076293945,59.07500076293945,59.04499816894531,59.06999969482422,5730.0
2024-03-01 15:35:00,INGN,6.929999828338623,6.929999828338623,6.929999828338623,6.926000118255615,6.929999828338623,1590.0
2024-03-01 15:35:00,INMB,12.390000343322754,12.390000343322754,12.390000343322754,12.390000343322754,12.390000343322754,100.0
2024-03-01 15:35:00,INMD,22.915000915527344,22.915000915527344,22.924999237060547,22.900299072265625,22.920000076293945,4560.0
2024-03-01 15:35:00,INSM,27.989999771118164,27.989999771118164,28.0,27.989999771118164,28.0,2946.0
2024-03-01 15:35:00,INVA,15.404999732971191,15.404999732971191,15.40999984741211,15.395000457763672,15.395000457763672,19682.0
2024-03-01 15:35:00,INZY,6.534999847412109,6.534999847412109,6.539999961853027,6.534999847412109,6.539999961853027,867.0
2024-03-01 15:35:00,IONM,0.35989999771118164,0.35989999771118164,0.35989999771118164,0.35899999737739563,0.3598000109195709,300.0
2024-03-01 15:35:00,IONS,45.54999923706055,45.54999923706055,45.54999923706055,45.4900016784668,45.4900016784668,6561.0
2024-03-01 15:35:00,IOVA,16.885000228881836,16.885000228881836,16.90999984741211,16.885000228881836,16.905000686645508,9564.0
2024-03-01 15:35:00,IPA,1.9299999475479126,1.9299999475479126,1.9299999475479126,1.9299999475479126,1.9299999475479126,1074.0
2024-03-01 15:35:00,IRIX,2.6500000953674316,2.6500000953674316,2.6500000953674316,2.6500000953674316,2.6500000953674316,207.0
2024-03-01 15:35:00,IRMD,41.59000015258789,41.59000015258789,41.59000015258789,41.59000015258789,41.59000015258789,101.0
2024-03-01 15:35:00,IRTC,120.50499725341797,120.50499725341797,120.50499725341797,120.50499725341797,120.50499725341797,353.0
2024-03-01 15:35:00,IRWD,8.887499809265137,8.887499809265137,8.889699935913086,8.880000114440918,8.885000228881836,19829.0
2024-03-01 15:35:00,ISRG,398.05560302734375,398.05560302734375,398.1499938964844,397.9599914550781,398.010009765625,4629.0
2024-03-01 15:35:00,ITCI,72.05000305175781,72.05000305175781,72.13999938964844,72.05000305175781,72.13999938964844,1709.0
2024-03-01 15:35:00,ITOS,11.170000076293945,11.170000076293945,11.170000076293945,11.170000076293945,11.170000076293945,2058.0
2024-03-01 15:35:00,IVVD,3.9700000286102295,3.9700000286102295,3.9700000286102295,3.9700000286102295,3.9700000286102295,1820.0
2024-03-01 15:35:00,JAGX,0.08240000158548355,0.08240000158548355,0.08299999684095383,0.08169999718666077,0.08250000327825546,315136.0
2024-03-01 15:35:00,JANX,46.0,46.0,46.09000015258789,46.0,46.04999923706055,11407.0
2024-03-01 15:35:00,JAZZ,118.62999725341797,118.62999725341797,118.69000244140625,118.55999755859375,118.61000061035156,2041.0
2024-03-01 15:35:00,KALV,14.050000190734863,14.050000190734863,14.050000190734863,13.989999771118164,14.029999732971191,5567.0
2024-03-01 15:35:00,KIDS,27.950000762939453,27.950000762939453,27.959999084472656,27.950000762939453,27.959999084472656,1060.0
2024-03-01 15:35:00,KMDA,6.385000228881836,6.385000228881836,6.385000228881836,6.385000228881836,6.385000228881836,111.0
2024-03-01 15:35:00,KNSA,21.809999465942383,21.809999465942383,21.809999465942383,21.780000686645508,21.809999465942383,2662.0
2024-03-01 15:35:00,KNTE,2.5799999237060547,2.5799999237060547,2.5899999141693115,2.5799999237060547,2.5899999141693115,11686.0
2024-03-01 15:35:00,KOD,6.005000114440918,6.005000114440918,6.005000114440918,6.005000114440918,6.005000114440918,427.0
2024-03-01 15:35:00,KPTI,1.184999942779541,1.184999942779541,1.184999942779541,1.184999942779541,1.184999942779541,600.0
2024-03-01 15:35:00,KRMD,2.130000114440918,2.130000114440918,2.130000114440918,2.130000114440918,2.130000114440918,301.0
2024-03-01 15:35:00,KRON,1.1299999952316284,1.1299999952316284,1.1299999952316284,1.1299999952316284,1.1299999952316284,4004.0
2024-03-01 15:35:00,KRTX,315.3450012207031,315.3450012207031,315.3500061035156,315.25,315.29998779296875,2570.0
2024-03-01 15:35:00,KRYS,168.5399932861328,168.5399932861328,168.5399932861328,168.5399932861328,168.5399932861328,178.0
2024-03-01 15:35:00,KURA,21.59000015258789,21.59000015258789,21.610000610351562,21.59000015258789,21.610000610351562,972.0
2024-03-01 15:35:00,KYMR,43.60499954223633,43.60499954223633,43.60499954223633,43.60499954223633,43.60499954223633,140.0
2024-03-01 15:35:00,KZR,1.034999966621399,1.034999966621399,1.034999966621399,1.034999966621399,1.034999966621399,255.0
2024-03-01 15:35:00,LAB,2.4700000286102295,2.4700000286102295,2.4700000286102295,2.4549999237060547,2.4549999237060547,11218.0
2024-03-01 15:35:00,LBPH,21.440000534057617,21.440000534057617,21.440000534057617,21.440000534057617,21.440000534057617,334.0
2024-03-01 15:35:00,LEXX,2.7999000549316406,2.7999000549316406,2.7999000549316406,2.7899999618530273,2.7899999618530273,285.0
2024-03-01 15:35:00,LFMD,7.994999885559082,7.994999885559082,8.0,7.989999771118164,8.0,2754.0
2024-03-01 15:35:00,LFST,7.75,7.75,7.760000228881836,7.75,7.75,2460.0
2024-03-01 15:35:00,LGND,77.27999877929688,77.27999877929688,77.30999755859375,77.27999877929688,77.30999755859375,468.0
2024-03-01 15:35:00,LIAN,4.875,4.875,4.875,4.869999885559082,4.869999885559082,454.0
2024-03-01 15:35:00,LIVN,55.310001373291016,55.310001373291016,55.349998474121094,55.310001373291016,55.349998474121094,1348.0
2024-03-01 15:35:00,LMAT,67.91000366210938,67.91000366210938,67.95999908447266,67.91000366210938,67.95999908447266,1588.0
2024-03-01 15:35:00,LNTH,64.31500244140625,64.31500244140625,64.31500244140625,64.31500244140625,64.31500244140625,107.0
2024-03-01 15:35:00,LQDA,14.559100151062012,14.559100151062012,14.559100151062012,14.555000305175781,14.555000305175781,673.0
2024-03-01 15:35:00,LTRN,4.150000095367432,4.150000095367432,4.199999809265137,4.150000095367432,4.159999847412109,1773.0
2024-03-01 15:35:00,LUNG,9.390000343322754,9.390000343322754,9.390000343322754,9.380000114440918,9.380000114440918,375.0
2024-03-01 15:35:00,LVTX,2.5799999237060547,2.5799999237060547,2.630000114440918,2.559999942779541,2.5999999046325684,1948.0
2024-03-01 15:35:00,LXRX,2.4700000286102295,2.4700000286102295,2.4700000286102295,2.4700000286102295,2.4700000286102295,157.0
2024-03-01 15:35:00,LYEL,3.115000009536743,3.115000009536743,3.125,3.115000009536743,3.119999885559082,2195.0
2024-03-01 15:35:00,LYRA,5.644999980926514,5.644999980926514,5.650000095367432,5.639999866485596,5.639999866485596,1040.0
2024-03-01 15:35:00,MASI,127.83499908447266,127.83499908447266,127.8550033569336,127.79000091552734,127.8550033569336,907.0
2024-03-01 15:35:00,MASS,7.269999980926514,7.269999980926514,7.269999980926514,7.269999980926514,7.269999980926514,137.0
2024-03-01 15:35:00,MBOT,1.2999999523162842,1.2999999523162842,1.2999999523162842,1.2999999523162842,1.2999999523162842,306.0
2024-03-01 15:35:00,MBRX,0.6299999952316284,0.6299999952316284,0.6299999952316284,0.6299999952316284,0.6299999952316284,100.0
2024-03-01 15:35:00,MCRB,1.2200000286102295,1.2200000286102295,1.2200000286102295,1.2200000286102295,1.2200000286102295,200.0
2024-03-01 15:35:00,MDGL,248.61500549316406,248.61500549316406,248.61500549316406,248.61500549316406,248.61500549316406,125.0
2024-03-01 15:35:00,MDRX,5.960000038146973,5.960000038146973,6.019999980926514,5.960000038146973,5.960000038146973,102587.0
2024-03-01 15:35:00,MDXG,8.595000267028809,8.595000267028809,8.595000267028809,8.59000015258789,8.59000015258789,5529.0
2024-03-01 15:35:00,ME,0.5507000088691711,0.5507000088691711,0.551800012588501,0.550599992275238,0.5517500042915344,24371.0
2024-03-01 15:35:00,MEDP,403.6099853515625,403.6099853515625,403.6099853515625,403.6099853515625,403.6099853515625,104.0
2024-03-01 15:35:00,MGNX,18.700000762939453,18.700000762939453,18.700000762939453,18.69499969482422,18.69499969482422,2510.0
2024-03-01 15:35:00,MIRM,29.100000381469727,29.100000381469727,29.110000610351562,29.09000015258789,29.110000610351562,1107.0
2024-03-01 15:35:00,MIST,1.6649999618530273,1.6649999618530273,1.6649999618530273,1.6649999618530273,1.6649999618530273,344.0
2024-03-01 15:35:00,MMSI,76.2699966430664,76.2699966430664,76.30000305175781,76.2699966430664,76.30000305175781,594.0
2024-03-01 15:35:00,MNKD,4.510000228881836,4.510000228881836,4.514999866485596,4.510000228881836,4.511199951171875,2246.0
2024-03-01 15:35:00,MNMD,6.150000095367432,6.150000095367432,6.1579999923706055,6.150000095367432,6.1579999923706055,3679.0
2024-03-01 15:35:00,MNPR,0.9214000105857849,0.9214000105857849,0.9214000105857849,0.9200000166893005,0.9200000166893005,521.0
2024-03-01 15:35:00,MODD,1.909999966621399,1.909999966621399,1.9299999475479126,1.909999966621399,1.9299999475479126,1800.0
2024-03-01 15:35:00,MODV,28.110000610351562,28.110000610351562,28.110000610351562,28.010099411010742,28.010099411010742,444.0
2024-03-01 15:35:00,MORF,39.48500061035156,39.48500061035156,39.48500061035156,39.459999084472656,39.48500061035156,1571.0
2024-03-01 15:35:00,MREO,3.924999952316284,3.924999952316284,3.930000066757202,3.920099973678589,3.924999952316284,3108.0
2024-03-01 15:35:00,MRNA,95.55999755859375,95.55999755859375,95.58000183105469,95.5,95.55999755859375,8202.0
2024-03-01 15:35:00,MRNS,9.975000381469727,9.975000381469727,9.975000381469727,9.970000267028809,9.970000267028809,252.0
2024-03-01 15:35:00,MRSN,5.954999923706055,5.954999923706055,5.954999923706055,5.945000171661377,5.945000171661377,5723.0
2024-03-01 15:35:00,MRUS,51.17499923706055,51.17499923706055,51.38999938964844,51.130001068115234,51.38999938964844,4650.0
2024-03-01 15:35:00,MRVI,7.630000114440918,7.630000114440918,7.639999866485596,7.630000114440918,7.635000228881836,5511.0
2024-03-01 15:35:00,MYGN,22.05500030517578,22.05500030517578,22.05500030517578,22.030000686645508,22.030000686645508,1674.0
2024-03-01 15:35:00,MYMD,3.369999885559082,3.369999885559082,3.369999885559082,3.369999885559082,3.369999885559082,919.0
2024-03-01 15:35:00,NARI,45.58000183105469,45.58000183105469,45.665000915527344,45.56999969482422,45.665000915527344,10878.0
2024-03-01 15:35:00,NAUT,2.680000066757202,2.680000066757202,2.700000047683716,2.680000066757202,2.700000047683716,1512.0
2024-03-01 15:35:00,NBIX,131.8249969482422,131.8249969482422,131.86000061035156,131.8000030517578,131.86000061035156,1773.0
2024-03-01 15:35:00,NEO,15.9350004196167,15.9350004196167,15.9350004196167,15.9350004196167,15.9350004196167,112.0
2024-03-01 15:35:00,NEOG,17.2450008392334,17.2450008392334,17.260000228881836,17.239999771118164,17.260000228881836,1968.0
2024-03-01 15:35:00,NEPT,0.41530001163482666,0.41530001163482666,0.41530001163482666,0.41530001163482666,0.41530001163482666,246.0
2024-03-01 15:35:00,NEXI,6.319499969482422,6.319499969482422,6.369999885559082,6.309999942779541,6.369999885559082,1654.0
2024-03-01 15:35:00,NGM,1.5199999809265137,1.5199999809265137,1.524999976158142,1.5199999809265137,1.5199999809265137,2416.0
2024-03-01 15:35:00,NKTR,0.7537000179290771,0.7537000179290771,0.7611989974975586,0.7509999871253967,0.7611989974975586,42768.0
2024-03-01 15:35:00,NKTX,12.640000343322754,12.640000343322754,12.65999984741211,12.640000343322754,12.640000343322754,1750.0
2024-03-01 15:35:00,NNOX,10.949999809265137,10.949999809265137,10.960000038146973,10.930000305175781,10.960000038146973,6040.0
2024-03-01 15:35:00,NOTV,8.010000228881836,8.010000228881836,8.010000228881836,8.010000228881836,8.010000228881836,202.0
2024-03-01 15:35:00,NPCE,16.28569984436035,16.28569984436035,16.28569984436035,16.15999984741211,16.15999984741211,1237.0
2024-03-01 15:35:00,NRIX,13.401000022888184,13.401000022888184,13.40999984741211,13.401000022888184,13.40999984741211,1239.0
2024-03-01 15:35:00,NRXP,0.4438999891281128,0.4438999891281128,0.4438999891281128,0.4438999891281128,0.4438999891281128,21367.0
2024-03-01 15:35:00,NRXPW,0.16030000150203705,0.16030000150203705,0.16030000150203705,0.16019999980926514,0.16019999980926514,478.0
2024-03-01 15:35:00,NTLA,33.040000915527344,33.040000915527344,33.060001373291016,33.040000915527344,33.04999923706055,2133.0
2024-03-01 15:35:00,NTRA,89.48999786376953,89.48999786376953,89.70999908447266,89.4574966430664,89.70999908447266,5980.0
2024-03-01 15:35:00,NUTX,0.11394999921321869,0.11394999921321869,0.1140500009059906,0.1137000024318695,0.1137000024318695,6285.0
2024-03-01 15:35:00,NUVL,86.83000183105469,86.83000183105469,86.87000274658203,86.81999969482422,86.81999969482422,3296.0
2024-03-01 15:35:00,NVAX,5.418900012969971,5.418900012969971,5.429999828338623,5.409999847412109,5.420000076293945,36653.0
2024-03-01 15:35:00,NVCR,16.114999771118164,16.114999771118164,16.114999771118164,16.114999771118164,16.114999771118164,458.0
2024-03-01 15:35:00,NXTC,1.7799999713897705,1.7799999713897705,1.7799999713897705,1.7799999713897705,1.7799999713897705,100.0
2024-03-01 15:35:00,OCUL,10.614999771118164,10.614999771118164,10.614999771118164,10.600000381469727,10.609999656677246,3350.0
2024-03-01 15:35:00,OFIX,12.899999618530273,12.899999618530273,12.904999732971191,12.899999618530273,12.904999732971191,1255.0
2024-03-01 15:35:00,OLK,22.9950008392334,22.9950008392334,22.9950008392334,22.9950008392334,22.9950008392334,200.0
2024-03-01 15:35:00,OM,3.0799999237060547,3.0799999237060547,3.0850000381469727,3.0799999237060547,3.0850000381469727,1242.0
2024-03-01 15:35:00,OMCL,26.15999984741211,26.15999984741211,26.174999237060547,26.15999984741211,26.174999237060547,391.0
2024-03-01 15:35:00,OMER,4.815000057220459,4.815000057220459,4.820000171661377,4.809999942779541,4.820000171661377,4143.0
2024-03-01 15:35:00,OMGA,4.34499979019165,4.34499979019165,4.349999904632568,4.34499979019165,4.349999904632568,693.0
2024-03-01 15:36:00,AADI,1.940000057220459,1.940000057220459,1.940000057220459,1.940000057220459,1.940000057220459,815.0
2024-03-01 15:36:00,ABCL,5.057799816131592,5.057799816131592,5.057799816131592,5.045000076293945,5.050000190734863,15540.0
2024-03-01 15:36:00,ABEO,7.75,7.75,7.760000228881836,7.75,7.75,1831.0
2024-03-01 15:36:00,ABOS,4.659999847412109,4.659999847412109,4.675000190734863,4.659999847412109,4.670000076293945,3451.0
2024-03-01 15:36:00,ABSI,5.505000114440918,5.505000114440918,5.510000228881836,5.5,5.505000114440918,2022.0
2024-03-01 15:36:00,ABUS,2.7850000858306885,2.7850000858306885,2.7899999618530273,2.7850000858306885,2.7899999618530273,1161.0
2024-03-01 15:36:00,ACAD,24.03499984741211,24.03499984741211,24.03499984741211,24.020000457763672,24.020000457763672,6182.0
2024-03-01 15:36:00,ACB,3.1700000762939453,3.1700000762939453,3.180000066757202,3.1649999618530273,3.180000066757202,6918.0
2024-03-01 15:36:00,ACCD,9.975000381469727,9.975000381469727,9.994999885559082,9.975000381469727,9.994999885559082,2197.0
2024-03-01 15:36:00,ACET,2.375,2.375,2.375,2.369999885559082,2.375,568.0
2024-03-01 15:36:00,ACHL,1.3600000143051147,1.3600000143051147,1.3700000047683716,1.3600000143051147,1.3700000047683716,2274.0
2024-03-01 15:36:00,ACHV,4.4380998611450195,4.4380998611450195,4.4380998611450195,4.4380998611450195,4.4380998611450195,1104.0
2024-03-01 15:36:00,ACIU,3.809999942779541,3.809999942779541,3.809999942779541,3.809999942779541,3.809999942779541,400.0
2024-03-01 15:36:00,ACLX,67.20999908447266,67.20999908447266,67.30999755859375,67.18499755859375,67.19000244140625,1451.0
2024-03-01 15:36:00,ACON,0.39980000257492065,0.39980000257492065,0.39980000257492065,0.39959999918937683,0.39959999918937683,550.0
2024-03-01 15:36:00,ACRS,1.2300000190734863,1.2300000190734863,1.2300000190734863,1.2200000286102295,1.225000023841858,4621.0
2024-03-01 15:36:00,ACST,3.4000000953674316,3.4000000953674316,3.4000000953674316,3.4000000953674316,3.4000000953674316,116.0
2024-03-01 15:36:00,ADIL,3.1500000953674316,3.1500000953674316,3.229599952697754,3.140000104904175,3.190000057220459,63547.0
2024-03-01 15:36:00,ADMA,5.525000095367432,5.525000095367432,5.53000020980835,5.519999980926514,5.525000095367432,5004.0
2024-03-01 15:36:00,ADPT,4.034999847412109,4.034999847412109,4.034999847412109,4.03000020980835,4.03000020980835,700.0
2024-03-01 15:36:00,ADUS,93.80999755859375,93.80999755859375,93.81500244140625,93.77999877929688,93.81500244140625,612.0
2024-03-01 15:36:00,ADVM,1.9283000230789185,1.9283000230789185,1.9283000230789185,1.9199999570846558,1.9249999523162842,2035.0
2024-03-01 15:36:00,AGEN,0.6700999736785889,0.6700999736785889,0.6700999736785889,0.6700000166893005,0.6700500249862671,55071.0
2024-03-01 15:36:00,AGIO,32.130001068115234,32.130001068115234,32.16699981689453,32.130001068115234,32.16699981689453,3718.0
2024-03-01 15:36:00,AHCO,10.5,10.5,10.510000228881836,10.5,10.505000114440918,2688.0
2024-03-01 15:36:00,AIMD,0.9700000286102295,0.9700000286102295,0.9700000286102295,0.9700000286102295,0.9700000286102295,100.0
2024-03-01 15:36:00,AKAN,0.219200000166893,0.219200000166893,0.219200000166893,0.2160000056028366,0.2168000042438507,3725.0
2024-03-01 15:36:00,AKBA,1.6799999475479126,1.6799999475479126,1.6899000406265259,1.6799999475479126,1.6799999475479126,19669.0
2024-03-01 15:36:00,AKLI,0.34915998578071594,0.34915998578071594,0.34915998578071594,0.34209999442100525,0.34209999442100525,5177.0
2024-03-01 15:36:00,AKRO,28.450000762939453,28.450000762939453,28.469999313354492,28.3799991607666,28.399999618530273,10350.0
2024-03-01 15:36:00,AKYA,6.019999980926514,6.019999980926514,6.019999980926514,6.019999980926514,6.019999980926514,404.0
2024-03-01 15:36:00,ALDX,4.210000038146973,4.210000038146973,4.210000038146973,4.190000057220459,4.195000171661377,8924.0
2024-03-01 15:36:00,ALEC,7.329999923706055,7.329999923706055,7.329999923706055,7.324999809265137,7.329999923706055,1985.0
2024-03-01 15:36:00,ALGN,301.55999755859375,301.55999755859375,302.20001220703125,301.55999755859375,302.135009765625,6568.0
2024-03-01 15:36:00,ALGS,1.0698000192642212,1.0698000192642212,1.0699000358581543,1.0698000192642212,1.0699000358581543,1502.0
2024-03-01 15:36:00,ALHC,5.590000152587891,5.590000152587891,5.610000133514404,5.590000152587891,5.599999904632568,6705.0
2024-03-01 15:36:00,ALIM,3.759999990463257,3.759999990463257,3.759999990463257,3.7200000286102295,3.7300000190734863,621.0
2024-03-01 15:36:00,ALKS,30.18000030517578,30.18000030517578,30.18000030517578,30.174999237060547,30.18000030517578,4085.0
2024-03-01 15:36:00,ALLK,1.649999976158142,1.649999976158142,1.649999976158142,1.6449999809265137,1.6449999809265137,812.0
2024-03-01 15:36:00,ALLO,4.909999847412109,4.909999847412109,4.914999961853027,4.909999847412109,4.914999961853027,2090.0
2024-03-01 15:36:00,ALLR,0.4060499966144562,0.4060499966144562,0.4060499966144562,0.4060499966144562,0.4060499966144562,123.0
2024-03-01 15:36:00,ALNY,152.73500061035156,152.73500061035156,152.74000549316406,152.59500122070312,152.59500122070312,1843.0
2024-03-01 15:36:00,ALPN,35.97999954223633,35.97999954223633,36.0,35.970001220703125,36.0,4142.0
2024-03-01 15:36:00,ALT,12.187000274658203,12.187000274658203,12.187000274658203,12.149999618530273,12.149999618530273,10447.0
2024-03-01 15:36:00,ALVO,15.699999809265137,15.699999809265137,15.699999809265137,15.680000305175781,15.680000305175781,805.0
2024-03-01 15:36:00,ALVR,0.7465000152587891,0.7465000152587891,0.7480000257492065,0.7465000152587891,0.7475500106811523,1584.0
2024-03-01 15:36:00,ALXO,14.869999885559082,14.869999885559082,14.869999885559082,14.869999885559082,14.869999885559082,623.0
2024-03-01 15:36:00,AMGN,280.69500732421875,280.69500732421875,280.7850036621094,280.6499938964844,280.6625061035156,7147.0
2024-03-01 15:36:00,AMLX,18.65999984741211,18.65999984741211,18.65999984741211,18.639999389648438,18.649999618530273,5799.0
2024-03-01 15:36:00,AMPH,45.849998474121094,45.849998474121094,45.904998779296875,45.79999923706055,45.904998779296875,3444.0
2024-03-01 15:36:00,AMRN,1.0499999523162842,1.0499999523162842,1.0549999475479126,1.0499999523162842,1.0499999523162842,1662.0
2024-03-01 15:36:00,ANAB,25.389999389648438,25.389999389648438,25.399999618530273,25.315000534057617,25.3700008392334,9250.0
2024-03-01 15:36:00,ANGO,5.449999809265137,5.449999809265137,5.449999809265137,5.449999809265137,5.449999809265137,377.0
2024-03-01 15:36:00,ANIP,66.91999816894531,66.91999816894531,66.91999816894531,66.91999816894531,66.91999816894531,325.0
2024-03-01 15:36:00,ANNX,6.039999961853027,6.039999961853027,6.040299892425537,6.039999961853027,6.039999961853027,1923.0
2024-03-01 15:36:00,APDN,0.5695000290870667,0.5695000290870667,0.5695000290870667,0.5695000290870667,0.5695000290870667,228.0
2024-03-01 15:36:00,APLS,64.06950378417969,64.06950378417969,64.1500015258789,63.970001220703125,64.1500015258789,4560.0
2024-03-01 15:36:00,APLT,7.025000095367432,7.025000095367432,7.025000095367432,7.010000228881836,7.01800012588501,11822.0
2024-03-01 15:36:00,AQST,4.099999904632568,4.099999904632568,4.099999904632568,4.09499979019165,4.099999904632568,5606.0
2024-03-01 15:36:00,ARCT,39.66999816894531,39.66999816894531,39.66999816894531,39.599998474121094,39.654998779296875,535.0
2024-03-01 15:36:00,ARDX,9.359999656677246,9.359999656677246,9.359999656677246,9.34000015258789,9.350000381469727,19403.0
2024-03-01 15:36:00,ARQT,11.4350004196167,11.4350004196167,11.4399995803833,11.430000305175781,11.4350004196167,8485.0
2024-03-01 15:36:00,ARVN,47.209999084472656,47.209999084472656,47.244998931884766,47.130001068115234,47.244998931884766,4309.0
2024-03-01 15:36:00,ARWR,35.70000076293945,35.70000076293945,35.70000076293945,35.61000061035156,35.62900161743164,5536.0
2024-03-01 15:36:00,ASLN,0.7300000190734863,0.7300000190734863,0.7300999760627747,0.7300000190734863,0.7300000190734863,10763.0
2024-03-01 15:36:00,ASRT,0.891700029373169,0.891700029373169,0.8932999968528748,0.8901000022888184,0.8901000022888184,1800.0
2024-03-01 15:36:00,ATAI,2.125,2.125,2.125,2.1201999187469482,2.1201999187469482,1619.0
2024-03-01 15:36:00,ATEC,13.494999885559082,13.494999885559082,13.494999885559082,13.489999771118164,13.494999885559082,1303.0
2024-03-01 15:36:00,ATHA,3.9149999618530273,3.9149999618530273,3.9200000762939453,3.9149999618530273,3.9200000762939453,3215.0
2024-03-01 15:36:00,ATNF,3.3822999000549316,3.3822999000549316,3.3822999000549316,3.3822999000549316,3.3822999000549316,163.0
2024-03-01 15:36:00,ATRA,0.7735999822616577,0.7735999822616577,0.785099983215332,0.7706000208854675,0.785099983215332,58816.0
2024-03-01 15:36:00,ATXI,0.15440000593662262,0.15440000593662262,0.15449999272823334,0.15440000593662262,0.15440000593662262,20492.0
2024-03-01 15:36:00,ATXS,14.895000457763672,14.895000457763672,14.895000457763672,14.880000114440918,14.880000114440918,2435.0
2024-03-01 15:36:00,AUGX,4.550000190734863,4.550000190734863,4.550000190734863,4.539999961853027,4.539999961853027,252.0
2024-03-01 15:36:00,AUPH,5.755000114440918,5.755000114440918,5.755000114440918,5.755000114440918,5.755000114440918,1480.0
2024-03-01 15:36:00,AVDL,13.630000114440918,13.630000114440918,13.75,13.489999771118164,13.489999771118164,72546.0
2024-03-01 15:36:00,AVIR,4.434999942779541,4.434999942779541,4.434999942779541,4.434999942779541,4.434999942779541,493.0
2024-03-01 15:36:00,AVRO,1.3200000524520874,1.3200000524520874,1.3200000524520874,1.3200000524520874,1.3200000524520874,100.0
2024-03-01 15:36:00,AVXL,5.25,5.25,5.260000228881836,5.25,5.260000228881836,3383.0
2024-03-01 15:36:00,AXGN,10.6899995803833,10.6899995803833,10.6899995803833,10.670000076293945,10.675000190734863,1210.0
2024-03-01 15:36:00,AXNX,67.72000122070312,67.72000122070312,67.73999786376953,67.72000122070312,67.73999786376953,1232.0
2024-03-01 15:36:00,AXSM,82.45999908447266,82.45999908447266,82.45999908447266,82.45999908447266,82.45999908447266,440.0
2024-03-01 15:36:00,AZN,64.58000183105469,64.58000183105469,64.58000183105469,64.57499694824219,64.58000183105469,3039.0
2024-03-01 15:36:00,AZTA,67.05000305175781,67.05000305175781,67.05000305175781,67.05000305175781,67.05000305175781,1597.0
2024-03-01 15:36:00,BACK,1.4299999475479126,1.4299999475479126,1.4299999475479126,1.4299999475479126,1.4299999475479126,830.0
2024-03-01 15:36:00,BBIO,35.7400016784668,35.7400016784668,35.7400016784668,35.66999816894531,35.66999816894531,946.0
2024-03-01 15:36:00,BCAB,2.7950000762939453,2.7950000762939453,2.7950000762939453,2.7899999618530273,2.7899999618530273,712.0
2024-03-01 15:36:00,BCDA,0.5799999833106995,0.5799999833106995,0.5799999833106995,0.574999988079071,0.574999988079071,600.0
2024-03-01 15:36:00,BCLI,0.3476000130176544,0.3476000130176544,0.3476000130176544,0.34755000472068787,0.34755000472068787,390.0
2024-03-01 15:36:00,BCRX,5.644999980926514,5.644999980926514,5.659999847412109,5.639999866485596,5.659999847412109,14776.0
2024-03-01 15:36:00,BCYC,25.670000076293945,25.670000076293945,25.670000076293945,25.670000076293945,25.670000076293945,291.0
2024-03-01 15:36:00,BDTX,4.704999923706055,4.704999923706055,4.710100173950195,4.704999923706055,4.710100173950195,1024.0
2024-03-01 15:36:00,BEAM,39.77000045776367,39.77000045776367,39.77000045776367,39.7400016784668,39.7400016784668,3133.0
2024-03-01 15:36:00,BGNE,165.50999450683594,165.50999450683594,165.65499877929688,165.50999450683594,165.65499877929688,327.0
2024-03-01 15:36:00,BIIB,220.69000244140625,220.69000244140625,220.85899353027344,220.65499877929688,220.65499877929688,921.0
2024-03-01 15:36:00,BIOL,0.14634999632835388,0.14634999632835388,0.14634999632835388,0.14630000293254852,0.14634999632835388,5003.0
2024-03-01 15:36:00,BIOR,1.0850000381469727,1.0850000381469727,1.0850000381469727,1.0850000381469727,1.0850000381469727,181.0
2024-03-01 15:36:00,BIVI,1.9199999570846558,1.9199999570846558,1.9299999475479126,1.8899999856948853,1.8899999856948853,35794.0
2024-03-01 15:36:00,BLFS,17.809999465942383,17.809999465942383,17.8700008392334,17.809999465942383,17.8700008392334,2757.0
2024-03-01 15:36:00,BLUE,1.5700000524520874,1.5700000524520874,1.5779999494552612,1.5700000524520874,1.5750000476837158,19015.0
2024-03-01 15:36:00,BMEA,17.829999923706055,17.829999923706055,17.829999923706055,17.739999771118164,17.75,3295.0
2024-03-01 15:36:00,BMRA,1.2000000476837158,1.2000000476837158,1.2000000476837158,1.2000000476837158,1.2000000476837158,170.0
2024-03-01 15:36:00,BMRN,87.63999938964844,87.63999938964844,87.63999938964844,87.58000183105469,87.58999633789062,4763.0
2024-03-01 15:36:00,BNGO,1.2549999952316284,1.2549999952316284,1.2549999952316284,1.25,1.25,2395.0
2024-03-01 15:36:00,BNR,0.8100000023841858,0.8100000023841858,0.8101000189781189,0.8100000023841858,0.8101000189781189,1800.0
2024-03-01 15:36:00,BNTX,90.73999786376953,90.73999786376953,90.73999786376953,90.73999786376953,90.73999786376953,169.0
2024-03-01 15:36:00,BPMC,95.56999969482422,95.56999969482422,95.58999633789062,95.51000213623047,95.58999633789062,755.0
2024-03-01 15:36:00,BRTX,1.5,1.5,1.5,1.5,1.5,4660.0
2024-03-01 15:36:00,BSGM,0.699999988079071,0.699999988079071,0.699999988079071,0.6850000023841858,0.6899999976158142,2611.0
2024-03-01 15:36:00,BTTX,0.18440000712871552,0.18440000712871552,0.18440000712871552,0.18440000712871552,0.18440000712871552,687.0
2024-03-01 15:36:00,BVS,4.769999980926514,4.769999980926514,4.769999980926514,4.769999980926514,4.769999980926514,154.0
2024-03-01 15:36:00,BWAY,6.619999885559082,6.619999885559082,6.619999885559082,6.619999885559082,6.619999885559082,110.0
2024-03-01 15:36:00,BYSI,1.5,1.5,1.5,1.5,1.5,3696.0
2024-03-01 15:36:00,CABA,23.959999084472656,23.959999084472656,23.959999084472656,23.950000762939453,23.959999084472656,2145.0
2024-03-01 15:36:00,CADL,1.7799999713897705,1.7799999713897705,1.7799999713897705,1.7799999713897705,1.7799999713897705,343.0
2024-03-01 15:36:00,CAPR,4.579999923706055,4.579999923706055,4.579999923706055,4.579999923706055,4.579999923706055,111.0
2024-03-01 15:36:00,CBAY,32.22999954223633,32.22999954223633,32.22999954223633,32.22999954223633,32.22999954223633,2268.0
2024-03-01 15:36:00,CCCC,10.984999656677246,10.984999656677246,10.984999656677246,10.970000267028809,10.979999542236328,7432.0
2024-03-01 15:36:00,CCRN,18.280000686645508,18.280000686645508,18.309999465942383,18.280000686645508,18.309999465942383,2179.0
2024-03-01 15:36:00,CDMO,8.229999542236328,8.229999542236328,8.229999542236328,8.220000267028809,8.220000267028809,1348.0
2024-03-01 15:36:00,CDNA,12.475000381469727,12.475000381469727,12.479999542236328,12.414999961853027,12.420000076293945,10922.0
2024-03-01 15:36:00,CDXS,4.65500020980835,4.65500020980835,4.65749979019165,4.650000095367432,4.65500020980835,4655.0
2024-03-01 15:36:00,CELC,17.15999984741211,17.15999984741211,17.25,17.15999984741211,17.18000030517578,548.0
2024-03-01 15:36:00,CELU,3.690000057220459,3.690000057220459,3.690000057220459,3.690000057220459,3.690000057220459,1991.0
2024-03-01 15:36:00,CERE,41.099998474121094,41.099998474121094,41.10499954223633,41.099998474121094,41.10499954223633,732.0
2024-03-01 15:36:00,CERS,2.180000066757202,2.180000066757202,2.180000066757202,2.174999952316284,2.180000066757202,16271.0
2024-03-01 15:36:00,CERT,18.125,18.125,18.149999618530273,18.110000610351562,18.149999618530273,4056.0
2024-03-01 15:36:00,CGC,3.1877999305725098,3.1877999305725098,3.1877999305725098,3.184999942779541,3.184999942779541,502.0
2024-03-01 15:36:00,CGEM,18.420000076293945,18.420000076293945,18.459999084472656,18.420000076293945,18.459999084472656,2163.0
2024-03-01 15:36:00,CGEN,2.6895999908447266,2.6895999908447266,2.6895999908447266,2.6895999908447266,2.6895999908447266,4865.0
2024-03-01 15:36:00,CHRS,2.390000104904175,2.390000104904175,2.3949999809265137,2.390000104904175,2.3949999809265137,2615.0
2024-03-01 15:36:00,CKPT,2.2100000381469727,2.2100000381469727,2.2100000381469727,2.2100000381469727,2.2100000381469727,104.0
2024-03-01 15:36:00,CLDX,51.630001068115234,51.630001068115234,51.630001068115234,51.560001373291016,51.560001373291016,1134.0
2024-03-01 15:36:00,CLLS,2.630000114440918,2.630000114440918,2.630000114440918,2.630000114440918,2.630000114440918,1200.0
2024-03-01 15:36:00,CLNN,0.3871999979019165,0.3871999979019165,0.3871999979019165,0.3871999979019165,0.3871999979019165,1822.0
2024-03-01 15:36:00,CLOV,0.8659999966621399,0.8659999966621399,0.8659999966621399,0.8658999800682068,0.8658999800682068,5291.0
2024-03-01 15:36:00,CLRB,4.090000152587891,4.090000152587891,4.090000152587891,4.090000152587891,4.090000152587891,220.0
2024-03-01 15:36:00,CMPS,11.5,11.5,11.5,11.5,11.5,623.0
2024-03-01 15:36:00,CNSP,0.33899998664855957,0.33899998664855957,0.33899998664855957,0.33899998664855957,0.33899998664855957,230.0
2024-03-01 15:36:00,CNTA,10.729999542236328,10.729999542236328,10.729999542236328,10.729999542236328,10.729999542236328,435.0
2024-03-01 15:36:00,CNTG,0.699999988079071,0.699999988079071,0.699999988079071,0.699999988079071,0.699999988079071,668.0
2024-03-01 15:36:00,CODX,1.1699999570846558,1.1699999570846558,1.1699999570846558,1.1699999570846558,1.1699999570846558,264.0
2024-03-01 15:36:00,COGT,7.199999809265137,7.199999809265137,7.199999809265137,7.179999828338623,7.190000057220459,10421.0
2024-03-01 15:36:00,CORT,24.229999542236328,24.229999542236328,24.2549991607666,24.229999542236328,24.2549991607666,5266.0
2024-03-01 15:36:00,CPRX,17.19499969482422,17.19499969482422,17.225000381469727,17.19499969482422,17.204999923706055,8998.0
2024-03-01 15:36:00,CPSI,9.260000228881836,9.260000228881836,9.279899597167969,9.25,9.25,983.0
2024-03-01 15:36:00,CRBP,34.189998626708984,34.189998626708984,34.189998626708984,33.904998779296875,33.904998779296875,2674.0
2024-03-01 15:36:00,CRBU,7.760000228881836,7.760000228881836,7.78000020980835,7.75,7.78000020980835,9417.0
2024-03-01 15:36:00,CRDF,2.815000057220459,2.815000057220459,2.8499999046325684,2.802500009536743,2.8399999141693115,56253.0
2024-03-01 15:36:00,CRMD,3.6549999713897705,3.6549999713897705,3.6549999713897705,3.6549999713897705,3.6549999713897705,182.0
2024-03-01 15:36:00,CRNX,45.915000915527344,45.915000915527344,45.95000076293945,45.900001525878906,45.900001525878906,4301.0
2024-03-01 15:36:00,CRON,2.0250000953674316,2.0250000953674316,2.0250000953674316,2.0250000953674316,2.0250000953674316,412.0
2024-03-01 15:36:00,CRSP,84.1050033569336,84.1050033569336,84.1500015258789,84.09400177001953,84.11000061035156,5755.0
2024-03-01 15:36:00,CSTL,20.010000228881836,20.010000228881836,20.010000228881836,20.010000228881836,20.010000228881836,133.0
2024-03-01 15:36:00,CTKB,9.015000343322754,9.015000343322754,9.015000343322754,9.010000228881836,9.015000343322754,549.0
2024-03-01 15:36:00,CTMX,2.569999933242798,2.569999933242798,2.5799999237060547,2.559999942779541,2.559999942779541,27668.0
2024-03-01 15:36:00,CUTR,2.4000000953674316,2.4000000953674316,2.4049999713897705,2.4000000953674316,2.4000000953674316,2378.0
2024-03-01 15:36:00,CVAC,3.434999942779541,3.434999942779541,3.434999942779541,3.434999942779541,3.434999942779541,200.0
2024-03-01 15:36:00,CVRX,20.7549991607666,20.7549991607666,20.7549991607666,20.7549991607666,20.7549991607666,332.0
2024-03-01 15:36:00,CYTK,73.73999786376953,73.73999786376953,73.7699966430664,73.7249984741211,73.7249984741211,5684.0
2024-03-01 15:36:00,CYTO,2.4100000858306885,2.4100000858306885,2.4100000858306885,2.4100000858306885,2.4100000858306885,310.0
2024-03-01 15:36:00,DARE,0.5598000288009644,0.5598000288009644,0.5598000288009644,0.5598000288009644,0.5598000288009644,201.0
2024-03-01 15:36:00,DAWN,17.459999084472656,17.459999084472656,17.489999771118164,17.459999084472656,17.489999771118164,3057.0
2024-03-01 15:36:00,DCGO,4.059999942779541,4.059999942779541,4.090000152587891,4.050000190734863,4.050000190734863,22767.0
2024-03-01 15:36:00,DCPH,17.459999084472656,17.459999084472656,17.459999084472656,17.436899185180664,17.459999084472656,4646.0
2024-03-01 15:36:00,DERM,4.090000152587891,4.090000152587891,4.09499979019165,4.090000152587891,4.090099811553955,1226.0
2024-03-01 15:36:00,DH,8.84000015258789,8.84000015258789,8.84000015258789,8.824999809265137,8.824999809265137,1829.0
2024-03-01 15:36:00,DMTK,0.8199999928474426,0.8199999928474426,0.8199999928474426,0.8199999928474426,0.8199999928474426,610.0
2024-03-01 15:36:00,DNLI,20.93000030517578,20.93000030517578,20.934999465942383,20.899999618530273,20.90999984741211,6663.0
2024-03-01 15:36:00,DRRX,0.9975000023841858,0.9975000023841858,0.9975000023841858,0.9950000047683716,0.9950000047683716,271.0
2024-03-01 15:36:00,DTIL,12.630000114440918,12.630000114440918,12.664999961853027,12.630000114440918,12.63539981842041,625.0
2024-03-01 15:36:00,DVAX,12.755000114440918,12.755000114440918,12.755000114440918,12.75,12.755000114440918,1093.0
2024-03-01 15:36:00,DXCM,121.09500122070312,121.09500122070312,121.125,121.08499908447266,121.11000061035156,4246.0
2024-03-01 15:36:00,DYN,29.1200008392334,29.1200008392334,29.1200008392334,29.06999969482422,29.100000381469727,8891.0
2024-03-01 15:36:00,EDIT,10.585000038146973,10.585000038146973,10.609999656677246,10.579999923706055,10.595000267028809,10061.0
2024-03-01 15:36:00,EFTR,16.3700008392334,16.3700008392334,16.3700008392334,16.3700008392334,16.3700008392334,135.0
2024-03-01 15:36:00,ELDN,1.7999999523162842,1.7999999523162842,1.7999999523162842,1.7999999523162842,1.7999999523162842,1510.0
2024-03-01 15:36:00,ELEV,5.035200119018555,5.035200119018555,5.035200119018555,5.010000228881836,5.014999866485596,2501.0
2024-03-01 15:36:00,EMBC,14.260000228881836,14.260000228881836,14.260000228881836,14.260000228881836,14.260000228881836,1323.0
2024-03-01 15:36:00,ENSG,121.61000061035156,121.61000061035156,121.61000061035156,121.61000061035156,121.61000061035156,511.0
2024-03-01 15:36:00,ENVB,1.570199966430664,1.570199966430664,1.570199966430664,1.559999942779541,1.559999942779541,2156.0
2024-03-01 15:36:00,EOLS,14.90999984741211,14.90999984741211,14.920000076293945,14.90999984741211,14.920000076293945,2848.0
2024-03-01 15:36:00,ERAS,2.609999895095825,2.609999895095825,2.609999895095825,2.6050000190734863,2.6050000190734863,7501.0
2024-03-01 15:36:00,ESPR,2.5450000762939453,2.5450000762939453,2.5450000762939453,2.5450000762939453,2.5450000762939453,2902.0
2024-03-01 15:36:00,ESTA,44.01499938964844,44.01499938964844,44.150001525878906,44.01499938964844,44.04999923706055,2090.0
2024-03-01 15:36:00,ETNB,12.670000076293945,12.670000076293945,12.680000305175781,12.649999618530273,12.649999618530273,6488.0
2024-03-01 15:36:00,EVGN,0.9799000024795532,0.9799000024795532,0.9799000024795532,0.9700000286102295,0.9700000286102295,2291.0
2024-03-01 15:36:00,EWTX,16.639999389648438,16.639999389648438,16.639999389648438,16.639999389648438,16.639999389648438,200.0
2024-03-01 15:36:00,EXAI,6.510000228881836,6.510000228881836,6.519999980926514,6.510000228881836,6.519999980926514,1125.0
2024-03-01 15:36:00,EXAS,59.369998931884766,59.369998931884766,59.404998779296875,59.345001220703125,59.345001220703125,3591.0
2024-03-01 15:36:00,EXEL,22.264999389648438,22.264999389648438,22.264999389648438,22.25,22.2549991607666,9276.0
2024-03-01 15:36:00,EYEN,2.410099983215332,2.410099983215332,2.410099983215332,2.410099983215332,2.410099983215332,351.0
2024-03-01 15:36:00,EYPT,27.959999084472656,27.959999084472656,27.959999084472656,27.940000534057617,27.959999084472656,1428.0
2024-03-01 15:36:00,FATE,7.715000152587891,7.715000152587891,7.715000152587891,7.699999809265137,7.704999923706055,5514.0
2024-03-01 15:36:00,FBIO,2.380000114440918,2.380000114440918,2.380000114440918,2.3791000843048096,2.3791000843048096,811.0
2024-03-01 15:36:00,FDMT,29.25,29.25,29.260000228881836,29.200000762939453,29.229999542236328,4071.0
2024-03-01 15:36:00,FEMY,1.7999999523162842,1.7999999523162842,1.8000999689102173,1.7999999523162842,1.8000999689102173,400.0
2024-03-01 15:36:00,FGEN,1.8350000381469727,1.8350000381469727,1.8350000381469727,1.8300000429153442,1.8350000381469727,3085.0
2024-03-01 15:36:00,FOLD,13.3149995803833,13.3149995803833,13.319999694824219,13.305000305175781,13.305000305175781,9036.0
2024-03-01 15:36:00,FULC,10.989999771118164,10.989999771118164,11.0,10.96500015258789,10.975000381469727,7227.0
2024-03-01 15:36:00,FUSN,12.114999771118164,12.114999771118164,12.114999771118164,12.109999656677246,12.109999656677246,960.0
2024-03-01 15:36:00,GANX,4.650000095367432,4.650000095367432,4.6519999504089355,4.650000095367432,4.6519999504089355,2365.0
2024-03-01 15:36:00,GBIO,2.619999885559082,2.619999885559082,2.619999885559082,2.619999885559082,2.619999885559082,367.0
2024-03-01 15:36:00,GDRX,8.349900245666504,8.349900245666504,8.35990047454834,8.34000015258789,8.34000015258789,18330.0
2024-03-01 15:36:00,GERN,2.244999885559082,2.244999885559082,2.244999885559082,2.240000009536743,2.244999885559082,6899.0
2024-03-01 15:36:00,GH,18.959999084472656,18.959999084472656,18.975000381469727,18.959999084472656,18.975000381469727,1223.0
2024-03-01 15:36:00,GILD,72.37999725341797,72.37999725341797,72.38500213623047,72.35310363769531,72.36150360107422,14901.0
2024-03-01 15:36:00,GLPG,35.040000915527344,35.040000915527344,35.040000915527344,35.040000915527344,35.040000915527344,172.0
2024-03-01 15:36:00,GLSI,12.699999809265137,12.699999809265137,12.699999809265137,12.680000305175781,12.680000305175781,1811.0
2024-03-01 15:36:00,GLTO,0.8349999785423279,0.8349999785423279,0.8349999785423279,0.8349999785423279,0.8349999785423279,448.0
2024-03-01 15:36:00,GMAB,29.325000762939453,29.325000762939453,29.329999923706055,29.32200050354004,29.32200050354004,2332.0
2024-03-01 15:36:00,GOSS,1.4049999713897705,1.4049999713897705,1.409000039100647,1.399999976158142,1.4049999713897705,2138.0
2024-03-01 15:36:00,GRFS,7.020999908447266,7.020999908447266,7.025000095367432,7.020999908447266,7.025000095367432,1093.0
2024-03-01 15:36:00,GRPH,3.3550000190734863,3.3550000190734863,3.3550000190734863,3.3550000190734863,3.3550000190734863,102.0
2024-03-01 15:36:00,GRTS,2.0199999809265137,2.0199999809265137,2.0299999713897705,2.0199999809265137,2.0250000953674316,25617.0
2024-03-01 15:36:00,GTHX,3.7049999237060547,3.7049999237060547,3.7049999237060547,3.700000047683716,3.700000047683716,2970.0
2024-03-01 15:36:00,HALO,41.1150016784668,41.1150016784668,41.119998931884766,41.09000015258789,41.09000015258789,3687.0
2024-03-01 15:36:00,HARP,22.94499969482422,22.94499969482422,22.94499969482422,22.94499969482422,22.94499969482422,801.0
2024-03-01 15:36:00,HCAT,8.0649995803833,8.0649995803833,8.069999694824219,8.0649995803833,8.0649995803833,396.0
2024-03-01 15:36:00,HCSG,12.805000305175781,12.805000305175781,12.805000305175781,12.805000305175781,12.805000305175781,1524.0
2024-03-01 15:36:00,HCTI,2.009999990463257,2.009999990463257,2.009999990463257,2.009999990463257,2.009999990463257,175.0
2024-03-01 15:36:00,HITI,1.75,1.75,1.7599999904632568,1.75,1.7599999904632568,1635.0
2024-03-01 15:36:00,HLVX,19.079999923706055,19.079999923706055,19.079999923706055,19.079999923706055,19.079999923706055,263.0
2024-03-01 15:36:00,HOLX,74.06500244140625,74.06500244140625,74.08000183105469,74.05999755859375,74.08000183105469,3263.0
2024-03-01 15:36:00,HOTH,1.3388999700546265,1.3388999700546265,1.3388999700546265,1.3388999700546265,1.3388999700546265,1496.0
2024-03-01 15:36:00,HOWL,7.0,7.0,7.0,7.0,7.0,662.0
2024-03-01 15:36:00,HQY,81.16000366210938,81.16000366210938,81.20999908447266,81.1500015258789,81.1500015258789,6318.0
2024-03-01 15:36:00,HRTX,2.569999933242798,2.569999933242798,2.5799999237060547,2.569999933242798,2.575000047683716,5759.0
2024-03-01 15:36:00,HSCS,0.12290000170469284,0.12290000170469284,0.12290000170469284,0.12290000170469284,0.12290000170469284,2496.0
2024-03-01 15:36:00,HSIC,76.91999816894531,76.91999816894531,76.94999694824219,76.91999816894531,76.94999694824219,3922.0
2024-03-01 15:36:00,HUMA,3.265000104904175,3.265000104904175,3.2699999809265137,3.259999990463257,3.259999990463257,9794.0
2024-03-01 15:36:00,IART,36.02000045776367,36.02000045776367,36.040000915527344,36.02000045776367,36.040000915527344,2079.0
2024-03-01 15:36:00,IBRX,4.740099906921387,4.740099906921387,4.744999885559082,4.730000019073486,4.735000133514404,2854.0
2024-03-01 15:36:00,ICAD,1.8799999952316284,1.8799999952316284,1.8799999952316284,1.8695000410079956,1.8700000047683716,9643.0
2024-03-01 15:36:00,ICLR,324.2950134277344,324.2950134277344,324.2950134277344,324.2950134277344,324.2950134277344,213.0
2024-03-01 15:36:00,ICUI,105.72000122070312,105.72000122070312,105.79000091552734,105.68000030517578,105.79000091552734,1653.0
2024-03-01 15:36:00,IDXX,576.6300048828125,576.6300048828125,576.6300048828125,576.6300048828125,576.6300048828125,514.0
2024-03-01 15:36:00,IDYA,46.22999954223633,46.22999954223633,46.279998779296875,46.22999954223633,46.279998779296875,2683.0
2024-03-01 15:36:00,IGMS,12.755000114440918,12.755000114440918,12.779999732971191,12.755000114440918,12.770000457763672,1065.0
2024-03-01 15:36:00,IINN,1.7000000476837158,1.7000000476837158,1.7000000476837158,1.6603000164031982,1.6611000299453735,55214.0
2024-03-01 15:36:00,IKNA,1.5049999952316284,1.5049999952316284,1.5049999952316284,1.5,1.5,3114.0
2024-03-01 15:36:00,ILMN,140.76499938964844,140.76499938964844,140.839599609375,140.76499938964844,140.77499389648438,1970.0
2024-03-01 15:36:00,IMAB,1.7799999713897705,1.7799999713897705,1.7799999713897705,1.774999976158142,1.774999976158142,2099.0
2024-03-01 15:36:00,IMNM,25.40999984741211,25.40999984741211,25.40999984741211,25.40999984741211,25.40999984741211,487.0
2024-03-01 15:36:00,IMTX,12.869999885559082,12.869999885559082,12.869999885559082,12.859999656677246,12.869999885559082,4490.0
2024-03-01 15:36:00,IMUX,1.4500000476837158,1.4500000476837158,1.4500000476837158,1.4500000476837158,1.4500000476837158,283.0
2024-03-01 15:36:00,IMVT,35.54999923706055,35.54999923706055,35.560001373291016,35.51100158691406,35.560001373291016,6996.0
2024-03-01 15:36:00,INCY,59.07500076293945,59.07500076293945,59.07500076293945,59.05500030517578,59.070098876953125,5582.0
2024-03-01 15:36:00,INGN,6.929999828338623,6.929999828338623,6.929999828338623,6.925000190734863,6.925000190734863,1037.0
2024-03-01 15:36:00,INMB,12.390000343322754,12.390000343322754,12.390000343322754,12.390000343322754,12.390000343322754,100.0
2024-03-01 15:36:00,INMD,22.915000915527344,22.915000915527344,22.915000915527344,22.90999984741211,22.915000915527344,4809.0
2024-03-01 15:36:00,INO,9.5600004196167,9.5600004196167,9.5600004196167,9.5600004196167,9.5600004196167,545.0
2024-03-01 15:36:00,INSM,28.0,28.0,28.0,27.989999771118164,27.989999771118164,1524.0
2024-03-01 15:36:00,INVA,15.354999542236328,15.354999542236328,15.399999618530273,15.354999542236328,15.399999618530273,6367.0
2024-03-01 15:36:00,INZY,6.534999847412109,6.534999847412109,6.539999961853027,6.53000020980835,6.53000020980835,400.0
2024-03-01 15:36:00,IONM,0.3499999940395355,0.3499999940395355,0.3499999940395355,0.3499999940395355,0.3499999940395355,850.0
2024-03-01 15:36:00,IONS,45.56999969482422,45.56999969482422,45.56999969482422,45.54999923706055,45.54999923706055,6564.0
2024-03-01 15:36:00,IOVA,16.875,16.875,16.889999389648438,16.850000381469727,16.88800048828125,22902.0
2024-03-01 15:36:00,IPA,1.9199999570846558,1.9199999570846558,1.9199999570846558,1.9199999570846558,1.9199999570846558,172.0
2024-03-01 15:36:00,IPSC,3.950000047683716,3.950000047683716,3.950000047683716,3.944999933242798,3.950000047683716,1782.0
2024-03-01 15:36:00,IRIX,2.6500000953674316,2.6500000953674316,2.6500000953674316,2.6500000953674316,2.6500000953674316,107.0
2024-03-01 15:36:00,IRMD,41.439998626708984,41.439998626708984,41.45000076293945,41.380001068115234,41.439998626708984,916.0
2024-03-01 15:36:00,IRTC,120.44999694824219,120.44999694824219,120.44999694824219,120.38500213623047,120.44999694824219,837.0
2024-03-01 15:36:00,IRWD,8.895000457763672,8.895000457763672,8.895000457763672,8.869999885559082,8.885000228881836,159241.0
2024-03-01 15:36:00,ISRG,398.0899963378906,398.0899963378906,398.19000244140625,398.0899963378906,398.0950012207031,2641.0
2024-03-01 15:36:00,ITCI,71.99500274658203,71.99500274658203,72.01499938964844,71.9800033569336,72.01499938964844,1510.0
2024-03-01 15:36:00,ITRM,1.2799999713897705,1.2799999713897705,1.2799999713897705,1.2799999713897705,1.2799999713897705,111.0
2024-03-01 15:36:00,IVVD,3.9749999046325684,3.9749999046325684,3.9749999046325684,3.9649999141693115,3.9649999141693115,1778.0
2024-03-01 15:36:00,JAGX,0.08259999752044678,0.08259999752044678,0.08299999684095383,0.08250000327825546,0.08250000327825546,132629.0
2024-03-01 15:36:00,JANX,46.16999816894531,46.16999816894531,46.244998931884766,45.9900016784668,45.9900016784668,5355.0
2024-03-01 15:36:00,JAZZ,118.69000244140625,118.69000244140625,118.73999786376953,118.58000183105469,118.63500213623047,6287.0
2024-03-01 15:36:00,JSPR,21.56999969482422,21.56999969482422,21.739999771118164,21.510000228881836,21.739999771118164,640.0
2024-03-01 15:36:00,KALV,14.045000076293945,14.045000076293945,14.045000076293945,14.039999961853027,14.039999961853027,719.0
2024-03-01 15:36:00,KIDS,27.969999313354492,27.969999313354492,27.989999771118164,27.959999084472656,27.979999542236328,1769.0
2024-03-01 15:36:00,KMDA,6.369999885559082,6.369999885559082,6.369999885559082,6.369999885559082,6.369999885559082,200.0
2024-03-01 15:36:00,KNSA,21.829999923706055,21.829999923706055,21.829999923706055,21.795000076293945,21.795000076293945,996.0
2024-03-01 15:36:00,KNTE,2.5799999237060547,2.5799999237060547,2.5850000381469727,2.569999933242798,2.5799999237060547,29175.0
2024-03-01 15:36:00,KOD,6.010000228881836,6.010000228881836,6.010000228881836,6.010000228881836,6.010000228881836,163.0
2024-03-01 15:36:00,KPRX,0.6600000262260437,0.6600000262260437,0.6600000262260437,0.6549999713897705,0.6600000262260437,2064.0
2024-03-01 15:36:00,KPTI,1.184999942779541,1.184999942779541,1.184999942779541,1.184999942779541,1.184999942779541,873.0
2024-03-01 15:36:00,KRON,1.1227999925613403,1.1227999925613403,1.1227999925613403,1.1100000143051147,1.1100000143051147,2658.0
2024-03-01 15:36:00,KROS,68.54499816894531,68.54499816894531,68.55000305175781,68.38999938964844,68.47869873046875,2652.0
2024-03-01 15:36:00,KRTX,315.67999267578125,315.67999267578125,315.67999267578125,315.3999938964844,315.3999938964844,2801.0
2024-03-01 15:36:00,KRYS,168.39999389648438,168.39999389648438,168.5399932861328,168.3699951171875,168.5399932861328,2397.0
2024-03-01 15:36:00,KTRA,0.10029999911785126,0.10029999911785126,0.10040000081062317,0.10029999911785126,0.10040000081062317,2310.0
2024-03-01 15:36:00,KTTA,8.130000114440918,8.130000114440918,8.130000114440918,8.130000114440918,8.130000114440918,308.0
2024-03-01 15:36:00,KURA,21.579999923706055,21.579999923706055,21.59000015258789,21.56999969482422,21.59000015258789,2986.0
2024-03-01 15:36:00,KYMR,43.529998779296875,43.529998779296875,43.60499954223633,43.52000045776367,43.60499954223633,3462.0
2024-03-01 15:36:00,KZR,1.0299999713897705,1.0299999713897705,1.037500023841858,1.0299999713897705,1.034999966621399,626.0
2024-03-01 15:36:00,LAB,2.4700000286102295,2.4700000286102295,2.4700000286102295,2.4649999141693115,2.4649999141693115,1239.0
2024-03-01 15:36:00,LEXX,2.8685998916625977,2.8685998916625977,2.879499912261963,2.7999000549316406,2.799999952316284,5187.0
2024-03-01 15:36:00,LFMD,7.980000019073486,7.980000019073486,7.989999771118164,7.980000019073486,7.989999771118164,4735.0
2024-03-01 15:36:00,LFST,7.75,7.75,7.755000114440918,7.75,7.755000114440918,1311.0
2024-03-01 15:36:00,LGND,77.40499877929688,77.40499877929688,77.5,77.31939697265625,77.31939697265625,323.0
2024-03-01 15:36:00,LIAN,4.880000114440918,4.880000114440918,4.880000114440918,4.869999885559082,4.869999885559082,3062.0
2024-03-01 15:36:00,LIVN,55.334999084472656,55.334999084472656,55.334999084472656,55.334999084472656,55.334999084472656,389.0
2024-03-01 15:36:00,LNTH,64.36000061035156,64.36000061035156,64.36000061035156,64.31500244140625,64.33999633789062,3767.0
2024-03-01 15:36:00,LQDA,14.569999694824219,14.569999694824219,14.569999694824219,14.529999732971191,14.550000190734863,4568.0
2024-03-01 15:36:00,LTRN,4.079999923706055,4.079999923706055,4.180699825286865,4.079999923706055,4.150000095367432,3235.0
2024-03-01 15:36:00,LUMO,3.0199999809265137,3.0199999809265137,3.0199999809265137,3.0199999809265137,3.0199999809265137,297.0
2024-03-01 15:36:00,LUNG,9.395000457763672,9.395000457763672,9.395000457763672,9.395000457763672,9.395000457763672,178.0
2024-03-01 15:36:00,LVTX,2.5199999809265137,2.5199999809265137,2.640000104904175,2.5199999809265137,2.5799999237060547,3602.0
2024-03-01 15:36:00,LXRX,2.4700000286102295,2.4700000286102295,2.4749999046325684,2.4700000286102295,2.4749999046325684,950.0
2024-03-01 15:36:00,LYEL,3.115000009536743,3.115000009536743,3.1196999549865723,3.115000009536743,3.1196999549865723,906.0
2024-03-01 15:36:00,LYRA,5.644999980926514,5.644999980926514,5.650000095367432,5.639999866485596,5.644999980926514,1176.0
2024-03-01 15:36:00,MACK,14.699999809265137,14.699999809265137,14.699999809265137,14.699999809265137,14.699999809265137,120.0
2024-03-01 15:36:00,MASI,127.83000183105469,127.83000183105469,127.8499984741211,127.83000183105469,127.8499984741211,473.0
2024-03-01 15:36:00,MBRX,0.6290000081062317,0.6290000081062317,0.6290000081062317,0.6290000081062317,0.6290000081062317,200.0
2024-03-01 15:36:00,MCRB,1.2200000286102295,1.2200000286102295,1.228700041770935,1.2200000286102295,1.2200000286102295,2415.0
2024-03-01 15:36:00,MDGL,249.22000122070312,249.22000122070312,249.22000122070312,248.6199951171875,248.6199951171875,2790.0
2024-03-01 15:36:00,MDRX,5.980000019073486,5.980000019073486,6.0,5.960000038146973,5.960000038146973,21065.0
2024-03-01 15:36:00,MDXG,8.595000267028809,8.595000267028809,8.600000381469727,8.595000267028809,8.595000267028809,5173.0
2024-03-01 15:36:00,ME,0.5490999817848206,0.5490999817848206,0.5507000088691711,0.5490999817848206,0.5507000088691711,28803.0
2024-03-01 15:36:00,MEDP,403.4200134277344,403.4200134277344,403.8330078125,403.4200134277344,403.8330078125,973.0
2024-03-01 15:36:00,MGNX,18.739999771118164,18.739999771118164,18.75,18.69499969482422,18.69499969482422,4215.0
2024-03-01 15:36:00,MIRM,29.084999084472656,29.084999084472656,29.084999084472656,29.084999084472656,29.084999084472656,330.0
2024-03-01 15:36:00,MLTX,50.97999954223633,50.97999954223633,50.97999954223633,50.88999938964844,50.90999984741211,888.0
2024-03-01 15:36:00,MMSI,76.2300033569336,76.2300033569336,76.2699966430664,76.2300033569336,76.2699966430664,1432.0
2024-03-01 15:36:00,MNKD,4.505000114440918,4.505000114440918,4.510000228881836,4.489999771118164,4.510000228881836,52501.0
2024-03-01 15:36:00,MNMD,6.130000114440918,6.130000114440918,6.150000095367432,6.130000114440918,6.150000095367432,6522.0
2024-03-01 15:36:00,MNPR,0.9300000071525574,0.9300000071525574,0.9300000071525574,0.9300000071525574,0.9300000071525574,10001.0
2024-03-01 15:36:00,MODD,1.909999966621399,1.909999966621399,1.909999966621399,1.909999966621399,1.909999966621399,300.0
2024-03-01 15:36:00,MODV,28.110000610351562,28.110000610351562,28.110000610351562,28.059999465942383,28.059999465942383,483.0
2024-03-01 15:36:00,MOR,17.690000534057617,17.690000534057617,17.690000534057617,17.690000534057617,17.690000534057617,785.0
2024-03-01 15:36:00,MREO,3.924999952316284,3.924999952316284,3.928499937057495,3.9200000762939453,3.924999952316284,2801.0
2024-03-01 15:36:00,MRNA,95.55999755859375,95.55999755859375,95.58999633789062,95.5,95.55999755859375,3951.0
2024-03-01 15:36:00,MRNS,9.989999771118164,9.989999771118164,9.989999771118164,9.970000267028809,9.970000267028809,1920.0
2024-03-01 15:36:00,MRSN,5.954999923706055,5.954999923706055,5.954999923706055,5.929999828338623,5.954999923706055,9272.0
2024-03-01 15:36:00,MRUS,51.17499923706055,51.17499923706055,51.20000076293945,51.040000915527344,51.18000030517578,7243.0
2024-03-01 15:36:00,MRVI,7.625,7.625,7.630000114440918,7.619999885559082,7.630000114440918,4112.0
2024-03-01 15:36:00,MXCT,4.724999904632568,4.724999904632568,4.724999904632568,4.724999904632568,4.724999904632568,555.0
2024-03-01 15:36:00,MYGN,22.065000534057617,22.065000534057617,22.065000534057617,22.059999465942383,22.059999465942383,1240.0
2024-03-01 15:36:00,MYMD,3.359999895095825,3.359999895095825,3.359999895095825,3.359999895095825,3.359999895095825,1036.0
2024-03-01 15:36:00,NARI,45.4900016784668,45.4900016784668,45.59000015258789,45.459999084472656,45.58000183105469,16486.0
2024-03-01 15:36:00,NBIX,131.86000061035156,131.86000061035156,131.86000061035156,131.75999450683594,131.7899932861328,3500.0
2024-03-01 15:36:00,NEO,15.9350004196167,15.9350004196167,15.949999809265137,15.9350004196167,15.9350004196167,880.0
2024-03-01 15:36:00,NEOG,17.2450008392334,17.2450008392334,17.2450008392334,17.2450008392334,17.2450008392334,622.0
2024-03-01 15:36:00,NEPH,3.0999999046325684,3.0999999046325684,3.0999999046325684,3.0999999046325684,3.0999999046325684,222.0
2024-03-01 15:36:00,NEPT,0.41510000824928284,0.41510000824928284,0.41510000824928284,0.41510000824928284,0.41510000824928284,126.0
2024-03-01 15:36:00,NERV,2.630000114440918,2.630000114440918,2.630000114440918,2.625,2.630000114440918,2030.0
2024-03-01 15:36:00,NGM,1.5199999809265137,1.5199999809265137,1.5204999446868896,1.5199999809265137,1.5199999809265137,2726.0
2024-03-01 15:36:00,NKTR,0.7505000233650208,0.7505000233650208,0.7505000233650208,0.7505000233650208,0.7505000233650208,534.0
2024-03-01 15:36:00,NKTX,12.75,12.75,12.75,12.670000076293945,12.670000076293945,6780.0
2024-03-01 15:36:00,NLSP,0.3580999970436096,0.3580999970436096,0.36000001430511475,0.3580999970436096,0.36000001430511475,5032.0
2024-03-01 15:36:00,NNOX,10.954999923706055,10.954999923706055,10.956000328063965,10.954999923706055,10.954999923706055,533.0
2024-03-01 15:36:00,NOTV,8.020000457763672,8.020000457763672,8.020000457763672,7.99459981918335,7.99459981918335,1094.0
2024-03-01 15:36:00,NPCE,16.21500015258789,16.21500015258789,16.270000457763672,16.21500015258789,16.270000457763672,324.0
2024-03-01 15:36:00,NRBO,6.119999885559082,6.119999885559082,6.119999885559082,6.119999885559082,6.119999885559082,462.0
2024-03-01 15:36:00,NRIX,13.505000114440918,13.505000114440918,13.505000114440918,13.399999618530273,13.399999618530273,8406.0
2024-03-01 15:36:00,NRXP,0.4399000108242035,0.4399000108242035,0.4399000108242035,0.4399000108242035,0.4399000108242035,1164.0
2024-03-01 15:36:00,NTLA,32.9900016784668,32.9900016784668,33.029998779296875,32.970001220703125,33.029998779296875,7749.0
2024-03-01 15:36:00,NTRA,89.33999633789062,89.33999633789062,89.66999816894531,89.33999633789062,89.47000122070312,20349.0
2024-03-01 15:36:00,NUTX,0.11394999921321869,0.11394999921321869,0.11394999921321869,0.11389999836683273,0.11389999836683273,1922.0
2024-03-01 15:36:00,NUVL,86.91999816894531,86.91999816894531,86.91999816894531,86.77999877929688,86.77999877929688,1660.0
2024-03-01 15:36:00,NUWE,0.5940999984741211,0.5940999984741211,0.5950000286102295,0.5940999984741211,0.5950000286102295,7663.0
2024-03-01 15:36:00,NVAX,5.385000228881836,5.385000228881836,5.409999847412109,5.380000114440918,5.409999847412109,72051.0
2024-03-01 15:36:00,NVCR,16.06999969482422,16.06999969482422,16.1200008392334,16.059999465942383,16.1200008392334,4055.0
2024-03-01 15:36:00,NVNO,6.46999979019165,6.46999979019165,6.480000019073486,6.46999979019165,6.480000019073486,420.0
2024-03-01 15:36:00,OCGN,0.948199987411499,0.948199987411499,0.948199987411499,0.9458000063896179,0.9458000063896179,1940.0
2024-03-01 15:36:00,OCUL,10.619999885559082,10.619999885559082,10.640000343322754,10.614999771118164,10.614999771118164,12697.0
2024-03-01 15:36:00,OGI,2.1649999618530273,2.1649999618530273,2.1649999618530273,2.1600000858306885,2.1649999618530273,516.0
2024-03-01 15:36:00,OLK,22.997499465942383,22.997499465942383,23.0,22.989999771118164,22.997499465942383,857.0
2024-03-01 15:36:00,OLMA,14.779999732971191,14.779999732971191,14.830100059509277,14.779999732971191,14.830100059509277,3554.0
2024-03-01 15:36:00,OM,3.0799999237060547,3.0799999237060547,3.0799999237060547,3.0799999237060547,3.0799999237060547,583.0
2024-03-01 15:36:00,OMCL,26.110000610351562,26.110000610351562,26.170000076293945,26.110000610351562,26.149999618530273,3065.0
2024-03-01 15:36:00,OMER,4.824999809265137,4.824999809265137,4.824999809265137,4.810100078582764,4.815000057220459,1908.0
2024-03-01 15:36:00,OMGA,4.345300197601318,4.345300197601318,4.348999977111816,4.330100059509277,4.335000038146973,2084.0
2024-03-01 15:36:00,OMIC,0.6000000238418579,0.6000000238418579,0.6000000238418579,0.599399983882904,0.599399983882904,202.0
2024-03-01 15:36:00,ONCY,1.1157000064849854,1.1157000064849854,1.1198999881744385,1.1157000064849854,1.1198999881744385,1226.0
2024-03-01 15:36:00,ONTX,0.826200008392334,0.826200008392334,0.826200008392334,0.826200008392334,0.826200008392334,108.0
2024-03-01 15:37:00,AADI,1.9299999475479126,1.9299999475479126,1.9299999475479126,1.9299999475479126,1.9299999475479126,617.0
2024-03-01 15:37:00,ABCL,5.050000190734863,5.050000190734863,5.054999828338623,5.050000190734863,5.054999828338623,1296.0
2024-03-01 15:37:00,ABEO,7.75,7.75,7.760000228881836,7.75,7.760000228881836,310.0
2024-03-01 15:37:00,ABOS,4.666800022125244,4.666800022125244,4.666800022125244,4.664999961853027,4.664999961853027,2435.0
2024-03-01 15:37:00,ABSI,5.505000114440918,5.505000114440918,5.510000228881836,5.5,5.505000114440918,12457.0
2024-03-01 15:37:00,ABUS,2.7850000858306885,2.7850000858306885,2.7850000858306885,2.7850000858306885,2.7850000858306885,565.0
2024-03-01 15:37:00,ACAD,24.03499984741211,24.03499984741211,24.03499984741211,24.020000457763672,24.03499984741211,3262.0
2024-03-01 15:37:00,ACB,3.161099910736084,3.161099910736084,3.161099910736084,3.161099910736084,3.161099910736084,322.0
2024-03-01 15:37:00,ACCD,9.960000038146973,9.960000038146973,9.970000267028809,9.960000038146973,9.970000267028809,845.0
2024-03-01 15:37:00,ACET,2.380000114440918,2.380000114440918,2.380000114440918,2.369999885559082,2.369999885559082,1098.0
2024-03-01 15:37:00,ACHC,84.0250015258789,84.0250015258789,84.0250015258789,84.0250015258789,84.0250015258789,115.0
2024-03-01 15:37:00,ACHL,1.3600000143051147,1.3600000143051147,1.3660999536514282,1.3600000143051147,1.3660999536514282,1214.0
2024-03-01 15:37:00,ACHV,4.400000095367432,4.400000095367432,4.440000057220459,4.400000095367432,4.434999942779541,1784.0
2024-03-01 15:37:00,ACLX,67.2249984741211,67.2249984741211,67.2249984741211,67.2249984741211,67.2249984741211,279.0
2024-03-01 15:37:00,ACRS,1.225000023841858,1.225000023841858,1.2300000190734863,1.2200000286102295,1.2300000190734863,2940.0
2024-03-01 15:37:00,ADAP,1.6100000143051147,1.6100000143051147,1.6100000143051147,1.590000033378601,1.590000033378601,15358.0
2024-03-01 15:37:00,ADIL,3.049999952316284,3.049999952316284,3.180000066757202,2.950000047683716,3.160399913787842,65008.0
2024-03-01 15:37:00,ADMA,5.525000095367432,5.525000095367432,5.53000020980835,5.520100116729736,5.525000095367432,3970.0
2024-03-01 15:37:00,ADPT,4.025000095367432,4.025000095367432,4.034999847412109,4.025000095367432,4.03000020980835,5383.0
2024-03-01 15:37:00,ADVM,1.9299999475479126,1.9299999475479126,1.940000057220459,1.9199999570846558,1.9199999570846558,10539.0
2024-03-01 15:37:00,AFMD,0.6650500297546387,0.6650500297546387,0.6650500297546387,0.6650500297546387,0.6650500297546387,334.0
2024-03-01 15:37:00,AGEN,0.6700999736785889,0.6700999736785889,0.6700999736785889,0.6700000166893005,0.6700009703636169,51631.0
2024-03-01 15:37:00,AGIO,32.119998931884766,32.119998931884766,32.14500045776367,32.119998931884766,32.14500045776367,1871.0
2024-03-01 15:37:00,AIH,0.5299999713897705,0.5299999713897705,0.531000018119812,0.5299999713897705,0.5305500030517578,661.0
2024-03-01 15:37:00,AIMD,0.9998999834060669,0.9998999834060669,0.9998999834060669,0.9704999923706055,0.9900000095367432,9760.0
2024-03-01 15:37:00,AIRS,6.434999942779541,6.434999942779541,6.46999979019165,6.429999828338623,6.46999979019165,2382.0
2024-03-01 15:37:00,AKAN,0.2168000042438507,0.2168000042438507,0.2168000042438507,0.2168000042438507,0.2168000042438507,2400.0
2024-03-01 15:37:00,AKBA,1.6799999475479126,1.6799999475479126,1.684999942779541,1.6799999475479126,1.6799999475479126,2729.0
2024-03-01 15:37:00,AKLI,0.3499000072479248,0.3499000072479248,0.3499999940395355,0.34200000762939453,0.3499999940395355,32787.0
2024-03-01 15:37:00,AKRO,28.5,28.5,28.5,28.46500015258789,28.46500015258789,2664.0
2024-03-01 15:37:00,ALEC,7.320000171661377,7.320000171661377,7.329999923706055,7.320000171661377,7.329999923706055,928.0
2024-03-01 15:37:00,ALGN,301.5400085449219,301.5400085449219,301.5400085449219,301.5400085449219,301.5400085449219,1496.0
2024-03-01 15:37:00,ALHC,5.559999942779541,5.559999942779541,5.590000152587891,5.559999942779541,5.590000152587891,3073.0
2024-03-01 15:37:00,ALKS,30.165000915527344,30.165000915527344,30.18000030517578,30.165000915527344,30.18000030517578,4164.0
2024-03-01 15:37:00,ALLK,1.649999976158142,1.649999976158142,1.649999976158142,1.6449999809265137,1.649999976158142,1018.0
2024-03-01 15:37:00,ALLO,4.909999847412109,4.909999847412109,4.909999847412109,4.909999847412109,4.909999847412109,556.0
2024-03-01 15:37:00,ALNY,152.61500549316406,152.61500549316406,152.6699981689453,152.61500549316406,152.6699981689453,902.0
2024-03-01 15:37:00,ALPN,36.0,36.0,36.025001525878906,36.0,36.0,2608.0
2024-03-01 15:37:00,ALT,12.180000305175781,12.180000305175781,12.1850004196167,12.149999618530273,12.1850004196167,7588.0
2024-03-01 15:37:00,ALVO,15.699999809265137,15.699999809265137,15.699999809265137,15.699999809265137,15.699999809265137,278.0
2024-03-01 15:37:00,ALVR,0.7475000023841858,0.7475000023841858,0.7493000030517578,0.7465000152587891,0.7493000030517578,1368.0
2024-03-01 15:37:00,ALXO,14.859999656677246,14.859999656677246,14.869999885559082,14.859999656677246,14.869999885559082,1054.0
2024-03-01 15:37:00,AMGN,280.6549987792969,280.6549987792969,280.7200012207031,280.6199951171875,280.7099914550781,6477.0
2024-03-01 15:37:00,AMLX,18.659900665283203,18.659900665283203,18.65999984741211,18.649999618530273,18.65999984741211,1349.0
2024-03-01 15:37:00,AMPH,45.81999969482422,45.81999969482422,45.81999969482422,45.810001373291016,45.81399917602539,2790.0
2024-03-01 15:37:00,AMRN,1.0499999523162842,1.0499999523162842,1.0549999475479126,1.0499999523162842,1.0549999475479126,947.0
2024-03-01 15:37:00,ANAB,25.3799991607666,25.3799991607666,25.399999618530273,25.3799991607666,25.399999618530273,778.0
2024-03-01 15:37:00,ANGO,5.454999923706055,5.454999923706055,5.454999923706055,5.449999809265137,5.449999809265137,589.0
2024-03-01 15:37:00,ANNX,6.039999961853027,6.039999961853027,6.050000190734863,6.039999961853027,6.045000076293945,935.0
2024-03-01 15:37:00,APLS,64.17500305175781,64.17500305175781,64.18000030517578,64.08999633789062,64.0999984741211,5031.0
2024-03-01 15:37:00,APLT,7.03000020980835,7.03000020980835,7.03000020980835,7.019999980926514,7.025000095367432,2883.0
2024-03-01 15:37:00,AQST,4.139999866485596,4.139999866485596,4.139999866485596,4.105000019073486,4.110000133514404,11051.0
2024-03-01 15:37:00,ARAY,2.615000009536743,2.615000009536743,2.615000009536743,2.615000009536743,2.615000009536743,467.0
2024-03-01 15:37:00,ARDX,9.359999656677246,9.359999656677246,9.359999656677246,9.350000381469727,9.357799530029297,9078.0
2024-03-01 15:37:00,ARGX,392.06500244140625,392.06500244140625,392.06500244140625,392.06500244140625,392.06500244140625,1426.0
2024-03-01 15:37:00,ARQT,11.447500228881836,11.447500228881836,11.460000038146973,11.425000190734863,11.432499885559082,26726.0
2024-03-01 15:37:00,ARVN,47.29999923706055,47.29999923706055,47.33000183105469,47.224998474121094,47.22999954223633,7043.0
2024-03-01 15:37:00,ARWR,35.720001220703125,35.720001220703125,35.779998779296875,35.70000076293945,35.70000076293945,6096.0
2024-03-01 15:37:00,ASND,153.99000549316406,153.99000549316406,153.99000549316406,153.97999572753906,153.97999572753906,1143.0
2024-03-01 15:37:00,ASRT,0.8916500210762024,0.8916500210762024,0.891700029373169,0.8916500210762024,0.891700029373169,322.0
2024-03-01 15:37:00,ATEC,13.484999656677246,13.484999656677246,13.5,13.479999542236328,13.494999885559082,8228.0
2024-03-01 15:37:00,ATHA,3.9231998920440674,3.9231998920440674,3.9231998920440674,3.9231998920440674,3.9231998920440674,824.0
2024-03-01 15:37:00,ATNF,3.309999942779541,3.309999942779541,3.309999942779541,3.309999942779541,3.309999942779541,291.0
2024-03-01 15:37:00,ATRA,0.7700499892234802,0.7700499892234802,0.7718999981880188,0.7699999809265137,0.7718999981880188,4806.0
2024-03-01 15:37:00,ATRC,36.209999084472656,36.209999084472656,36.209999084472656,36.209999084472656,36.209999084472656,149.0
2024-03-01 15:37:00,ATXS,14.899999618530273,14.899999618530273,14.899999618530273,14.895000457763672,14.895000457763672,307.0
2024-03-01 15:37:00,AUGX,4.539999961853027,4.539999961853027,4.539999961853027,4.539999961853027,4.539999961853027,104.0
2024-03-01 15:37:00,AUPH,5.755000114440918,5.755000114440918,5.755000114440918,5.752500057220459,5.752500057220459,639.0
2024-03-01 15:37:00,AUTL,6.244999885559082,6.244999885559082,6.244999885559082,6.244999885559082,6.244999885559082,226.0
2024-03-01 15:37:00,AVDL,13.6899995803833,13.6899995803833,13.699999809265137,13.5600004196167,13.59000015258789,7948.0
2024-03-01 15:37:00,AVTE,23.579999923706055,23.579999923706055,23.579999923706055,23.579999923706055,23.579999923706055,237.0
2024-03-01 15:37:00,AVXL,5.25,5.25,5.25,5.25,5.25,747.0
2024-03-01 15:37:00,AXNX,67.70500183105469,67.70500183105469,67.7300033569336,67.69999694824219,67.7300033569336,2306.0
2024-03-01 15:37:00,AXSM,82.45999908447266,82.45999908447266,82.47000122070312,82.45999908447266,82.47000122070312,354.0
2024-03-01 15:37:00,AZN,64.55500030517578,64.55500030517578,64.57749938964844,64.55500030517578,64.57499694824219,23987.0
2024-03-01 15:37:00,AZTA,67.05000305175781,67.05000305175781,67.05000305175781,67.05000305175781,67.05000305175781,266.0
2024-03-01 15:37:00,BBIO,35.755001068115234,35.755001068115234,35.755001068115234,35.75,35.75,674.0
2024-03-01 15:37:00,BCAB,2.7950000762939453,2.7950000762939453,2.7950000762939453,2.7950000762939453,2.7950000762939453,410.0
2024-03-01 15:37:00,BCRX,5.639999866485596,5.639999866485596,5.644999980926514,5.639999866485596,5.644999980926514,6433.0
2024-03-01 15:37:00,BCYC,25.670000076293945,25.670000076293945,25.670000076293945,25.670000076293945,25.670000076293945,178.0
2024-03-01 15:37:00,BDTX,4.715000152587891,4.715000152587891,4.715000152587891,4.704999923706055,4.704999923706055,1067.0
2024-03-01 15:37:00,BEAM,39.7400016784668,39.7400016784668,39.77000045776367,39.7400016784668,39.77000045776367,2818.0
2024-03-01 15:37:00,BFRI,0.8899999856948853,0.8899999856948853,0.8899999856948853,0.880050003528595,0.880050003528595,3742.0
2024-03-01 15:37:00,BGNE,165.82000732421875,165.82000732421875,165.82000732421875,165.81500244140625,165.81500244140625,531.0
2024-03-01 15:37:00,BIIB,220.63999938964844,220.63999938964844,220.75999450683594,220.63999938964844,220.75999450683594,3458.0
2024-03-01 15:37:00,BIOL,0.14640000462532043,0.14640000462532043,0.14640000462532043,0.14630000293254852,0.14634999632835388,10600.0
2024-03-01 15:37:00,BIOR,1.0896999835968018,1.0896999835968018,1.090000033378601,1.0839999914169312,1.0850000381469727,4734.0
2024-03-01 15:37:00,BIVI,1.940000057220459,1.940000057220459,1.9499000310897827,1.899999976158142,1.9199999570846558,37580.0
2024-03-01 15:37:00,BLFS,17.809999465942383,17.809999465942383,17.829999923706055,17.790000915527344,17.790000915527344,4525.0
2024-03-01 15:37:00,BLTE,46.525001525878906,46.525001525878906,46.525001525878906,46.459999084472656,46.459999084472656,422.0
2024-03-01 15:37:00,BLUE,1.5799000263214111,1.5799000263214111,1.5799000263214111,1.5700000524520874,1.5750000476837158,9019.0
2024-03-01 15:37:00,BMEA,17.809999465942383,17.809999465942383,17.829999923706055,17.809999465942383,17.829999923706055,1906.0
2024-03-01 15:37:00,BMRN,87.5999984741211,87.5999984741211,87.70600128173828,87.5989990234375,87.66999816894531,8689.0
2024-03-01 15:37:00,BNGO,1.25,1.25,1.2599999904632568,1.25,1.2599999904632568,11192.0
2024-03-01 15:37:00,BNTX,90.75,90.75,90.75,90.69329833984375,90.69329833984375,3987.0
2024-03-01 15:37:00,BPMC,95.5250015258789,95.5250015258789,95.58999633789062,95.49500274658203,95.57499694824219,2682.0
2024-03-01 15:37:00,BRKR,88.31999969482422,88.31999969482422,88.38999938964844,88.31999969482422,88.38999938964844,791.0
2024-03-01 15:37:00,BSGM,0.7099999785423279,0.7099999785423279,0.7099999785423279,0.7099999785423279,0.7099999785423279,1001.0
2024-03-01 15:37:00,CABA,23.969999313354492,23.969999313354492,23.979999542236328,23.969999313354492,23.969999313354492,631.0
2024-03-01 15:37:00,CARA,0.9194999933242798,0.9194999933242798,0.9259999990463257,0.9194999933242798,0.9200000166893005,2090.0
2024-03-01 15:37:00,CBAY,32.224998474121094,32.224998474121094,32.22999954223633,32.220001220703125,32.22999954223633,4538.0
2024-03-01 15:37:00,CCCC,10.9975004196167,10.9975004196167,10.9975004196167,10.994999885559082,10.994999885559082,510.0
2024-03-01 15:37:00,CCRN,18.280000686645508,18.280000686645508,18.280000686645508,18.274999618530273,18.274999618530273,412.0
2024-03-01 15:37:00,CDMO,8.225000381469727,8.225000381469727,8.229999542236328,8.225000381469727,8.229999542236328,440.0
2024-03-01 15:37:00,CDNA,12.460000038146973,12.460000038146973,12.470000267028809,12.460000038146973,12.470000267028809,2370.0
2024-03-01 15:37:00,CDXS,4.65749979019165,4.65749979019165,4.65749979019165,4.650000095367432,4.650100231170654,3501.0
2024-03-01 15:37:00,CERE,41.100101470947266,41.100101470947266,41.100101470947266,41.099998474121094,41.099998474121094,1027.0
2024-03-01 15:37:00,CERS,2.174999952316284,2.174999952316284,2.174999952316284,2.174999952316284,2.174999952316284,1190.0
2024-03-01 15:37:00,CERT,18.125,18.125,18.125,18.125,18.125,296.0
2024-03-01 15:37:00,CGC,3.184999942779541,3.184999942779541,3.184999942779541,3.1800999641418457,3.184999942779541,1164.0
2024-03-01 15:37:00,CGEM,18.399999618530273,18.399999618530273,18.442899703979492,18.399999618530273,18.442899703979492,1766.0
2024-03-01 15:37:00,CGEN,2.690000057220459,2.690000057220459,2.690000057220459,2.690000057220459,2.690000057220459,481.0
2024-03-01 15:37:00,CHRS,2.390000104904175,2.390000104904175,2.3949999809265137,2.390000104904175,2.3949999809265137,3673.0
2024-03-01 15:37:00,CKPT,2.2100000381469727,2.2100000381469727,2.2100000381469727,2.2100000381469727,2.2100000381469727,104.0
2024-03-01 15:37:00,CLDX,51.6150016784668,51.6150016784668,51.6150016784668,51.6150016784668,51.6150016784668,712.0
2024-03-01 15:37:00,CLLS,2.630000114440918,2.630000114440918,2.630000114440918,2.630000114440918,2.630000114440918,2224.0
2024-03-01 15:37:00,CLNN,0.38440001010894775,0.38440001010894775,0.38769999146461487,0.38440001010894775,0.3871999979019165,1828.0
2024-03-01 15:37:00,CLOV,0.8658999800682068,0.8658999800682068,0.8659499883651733,0.8658999800682068,0.8658999800682068,7015.0
2024-03-01 15:37:00,CLPT,6.619999885559082,6.619999885559082,6.619999885559082,6.619999885559082,6.619999885559082,788.0
2024-03-01 15:37:00,CLRB,4.099999904632568,4.099999904632568,4.099999904632568,4.090000152587891,4.090000152587891,7724.0
2024-03-01 15:37:00,CMAX,7.800000190734863,7.800000190734863,7.800000190734863,7.800000190734863,7.800000190734863,224.0
2024-03-01 15:37:00,CMPS,11.489999771118164,11.489999771118164,11.5,11.479999542236328,11.5,2176.0
2024-03-01 15:37:00,CMRX,1.1950000524520874,1.1950000524520874,1.1950000524520874,1.1950000524520874,1.1950000524520874,100.0
2024-03-01 15:37:00,CNTA,10.710000038146973,10.710000038146973,10.710000038146973,10.710000038146973,10.710000038146973,104.0
2024-03-01 15:37:00,COGT,7.195000171661377,7.195000171661377,7.195000171661377,7.195000171661377,7.195000171661377,785.0
2024-03-01 15:37:00,CORT,24.239999771118164,24.239999771118164,24.239999771118164,24.229999542236328,24.239999771118164,1177.0
2024-03-01 15:37:00,CPRX,17.190000534057617,17.190000534057617,17.190000534057617,17.170000076293945,17.190000534057617,9233.0
2024-03-01 15:37:00,CRBP,34.29999923706055,34.29999923706055,34.41999816894531,34.290000915527344,34.41999816894531,674.0
2024-03-01 15:37:00,CRBU,7.764999866485596,7.764999866485596,7.769999980926514,7.764999866485596,7.769999980926514,862.0
2024-03-01 15:37:00,CRDF,2.8299999237060547,2.8299999237060547,2.8499999046325684,2.8101000785827637,2.81469988822937,63985.0
2024-03-01 15:37:00,CRDL,1.9299999475479126,1.9299999475479126,1.9299999475479126,1.9299999475479126,1.9299999475479126,116.0
2024-03-01 15:37:00,CRMD,3.6500000953674316,3.6500000953674316,3.6500000953674316,3.6500000953674316,3.6500000953674316,603.0
2024-03-01 15:37:00,CRNX,45.939998626708984,45.939998626708984,45.939998626708984,45.900001525878906,45.90999984741211,1094.0
2024-03-01 15:37:00,CRON,2.0199999809265137,2.0199999809265137,2.029900074005127,2.0199999809265137,2.029900074005127,2781.0
2024-03-01 15:37:00,CRSP,84.08999633789062,84.08999633789062,84.1500015258789,84.08999633789062,84.12999725341797,2703.0
2024-03-01 15:37:00,CRVS,2.194999933242798,2.194999933242798,2.198499917984009,2.190000057220459,2.190000057220459,1410.0
2024-03-01 15:37:00,CSTL,19.979999542236328,19.979999542236328,20.010000228881836,19.979999542236328,20.010000228881836,2604.0
2024-03-01 15:37:00,CTKB,9.015000343322754,9.015000343322754,9.020000457763672,9.010000228881836,9.015000343322754,1318.0
2024-03-01 15:37:00,CTMX,2.5799999237060547,2.5799999237060547,2.5799999237060547,2.569999933242798,2.5799999237060547,7043.0
2024-03-01 15:37:00,CTSO,0.9350000023841858,0.9350000023841858,0.9350000023841858,0.9350000023841858,0.9350000023841858,3919.0
2024-03-01 15:37:00,CUE,2.130000114440918,2.130000114440918,2.1500000953674316,2.130000114440918,2.140000104904175,6467.0
2024-03-01 15:37:00,CVAC,3.430000066757202,3.430000066757202,3.434999942779541,3.430000066757202,3.434999942779541,1533.0
2024-03-01 15:37:00,CVRX,20.780000686645508,20.780000686645508,20.780000686645508,20.770000457763672,20.770000457763672,1414.0
2024-03-01 15:37:00,CYCC,2.869999885559082,2.869999885559082,2.869999885559082,2.869999885559082,2.869999885559082,446.0
2024-03-01 15:37:00,CYTH,1.600000023841858,1.600000023841858,1.600000023841858,1.600000023841858,1.600000023841858,141.0
2024-03-01 15:37:00,CYTK,73.74500274658203,73.74500274658203,73.74500274658203,73.70999908447266,73.70999908447266,2091.0
2024-03-01 15:37:00,CYTO,2.384999990463257,2.384999990463257,2.384999990463257,2.384999990463257,2.384999990463257,3001.0
2024-03-01 15:37:00,DARE,0.5465999841690063,0.5465999841690063,0.5550000071525574,0.5465999841690063,0.5550000071525574,13953.0
2024-03-01 15:37:00,DAWN,17.450000762939453,17.450000762939453,17.469999313354492,17.450000762939453,17.469999313354492,1898.0
2024-03-01 15:37:00,DCGO,4.065000057220459,4.065000057220459,4.065000057220459,4.059999942779541,4.065000057220459,3503.0
2024-03-01 15:37:00,DCPH,17.469999313354492,17.469999313354492,17.469999313354492,17.46500015258789,17.46500015258789,629.0
2024-03-01 15:37:00,DERM,4.099999904632568,4.099999904632568,4.110000133514404,4.079999923706055,4.099999904632568,6130.0
2024-03-01 15:37:00,DH,8.829999923706055,8.829999923706055,8.829999923706055,8.824999809265137,8.829999923706055,2861.0
2024-03-01 15:37:00,DMTK,0.8273000121116638,0.8273000121116638,0.8273000121116638,0.8273000121116638,0.8273000121116638,1209.0
2024-03-01 15:37:00,DNLI,20.889999389648438,20.889999389648438,20.920000076293945,20.889999389648438,20.920000076293945,1987.0
2024-03-01 15:37:00,DTIL,12.630000114440918,12.630000114440918,12.664999961853027,12.630000114440918,12.634900093078613,3150.0
2024-03-01 15:37:00,DVAX,12.755000114440918,12.755000114440918,12.755000114440918,12.75,12.75,731.0
2024-03-01 15:37:00,DXCM,121.12000274658203,121.12000274658203,121.13999938964844,121.08000183105469,121.09500122070312,8818.0
2024-03-01 15:37:00,DYN,29.079999923706055,29.079999923706055,29.125,29.079999923706055,29.1200008392334,3005.0
2024-03-01 15:37:00,EDIT,10.5649995803833,10.5649995803833,10.59000015258789,10.5649995803833,10.59000015258789,3614.0
2024-03-01 15:37:00,EFTR,16.030000686645508,16.030000686645508,16.364999771118164,16.0,16.364999771118164,2508.0
2024-03-01 15:37:00,EIGR,7.21999979019165,7.21999979019165,7.21999979019165,7.199999809265137,7.199999809265137,387.0
2024-03-01 15:37:00,ELEV,5.03000020980835,5.03000020980835,5.039999961853027,5.014999866485596,5.025000095367432,2087.0
2024-03-01 15:37:00,ENTA,15.420000076293945,15.420000076293945,15.420000076293945,15.420000076293945,15.420000076293945,107.0
2024-03-01 15:37:00,ENTX,1.4091999530792236,1.4091999530792236,1.4091999530792236,1.4091999530792236,1.4091999530792236,959.0
2024-03-01 15:37:00,EOLS,14.899999618530273,14.899999618530273,14.899999618530273,14.899999618530273,14.899999618530273,1596.0
2024-03-01 15:37:00,EQ,2.4700000286102295,2.4700000286102295,2.4700000286102295,2.4700000286102295,2.4700000286102295,776.0
2024-03-01 15:37:00,ERAS,2.5999999046325684,2.5999999046325684,2.6050000190734863,2.5999999046325684,2.6050000190734863,541.0
2024-03-01 15:37:00,ESPR,2.5399999618530273,2.5399999618530273,2.5450000762939453,2.5399999618530273,2.5399999618530273,6177.0
2024-03-01 15:37:00,ESTA,43.98249816894531,43.98249816894531,44.029998779296875,43.962501525878906,44.025001525878906,3430.0
2024-03-01 15:37:00,ETNB,12.694999694824219,12.694999694824219,12.710000038146973,12.670000076293945,12.670000076293945,8616.0
2024-03-01 15:37:00,EVAX,3.4200000762939453,3.4200000762939453,3.4200000762939453,3.4200000762939453,3.4200000762939453,810.0
2024-03-01 15:37:00,EVGN,0.9799000024795532,0.9799000024795532,0.9800000190734863,0.9799000024795532,0.9799000024795532,804.0
2024-03-01 15:37:00,EWTX,16.649999618530273,16.649999618530273,16.65999984741211,16.635000228881836,16.635000228881836,2370.0
2024-03-01 15:37:00,EXAI,6.519999980926514,6.519999980926514,6.519999980926514,6.519999980926514,6.519999980926514,1183.0
2024-03-01 15:37:00,EXAS,59.28499984741211,59.28499984741211,59.39500045776367,59.279998779296875,59.39500045776367,4372.0
2024-03-01 15:37:00,EXEL,22.219999313354492,22.219999313354492,22.264999389648438,22.219999313354492,22.264999389648438,13756.0
2024-03-01 15:37:00,EYEN,2.4100000858306885,2.4100000858306885,2.410099983215332,2.38919997215271,2.410099983215332,10501.0
2024-03-01 15:37:00,EYPT,27.961299896240234,27.961299896240234,27.961299896240234,27.940000534057617,27.940000534057617,638.0
2024-03-01 15:37:00,FATE,7.710000038146973,7.710000038146973,7.71999979019165,7.710000038146973,7.710000038146973,3846.0
2024-03-01 15:37:00,FBIO,2.375,2.375,2.3801000118255615,2.369999885559082,2.3801000118255615,1371.0
2024-03-01 15:37:00,FBIOP,15.34000015258789,15.34000015258789,15.34000015258789,15.34000015258789,15.34000015258789,320.0
2024-03-01 15:37:00,FBRX,0.7200000286102295,0.7200000286102295,0.7200000286102295,0.7200000286102295,0.7200000286102295,180.0
2024-03-01 15:37:00,FEMY,1.7999999523162842,1.7999999523162842,1.7999999523162842,1.7900999784469604,1.7999999523162842,600.0
2024-03-01 15:37:00,FENC,9.84000015258789,9.84000015258789,9.850000381469727,9.84000015258789,9.850000381469727,1525.0
2024-03-01 15:37:00,FGEN,1.8207000494003296,1.8207000494003296,1.8350000381469727,1.8207000494003296,1.8300000429153442,6218.0
2024-03-01 15:37:00,FLGT,23.100000381469727,23.100000381469727,23.1200008392334,23.100000381469727,23.110000610351562,1276.0
2024-03-01 15:37:00,FOLD,13.319999694824219,13.319999694824219,13.319999694824219,13.3149995803833,13.3149995803833,1264.0
2024-03-01 15:37:00,FULC,11.0,11.0,11.010000228881836,11.0,11.0,1374.0
2024-03-01 15:37:00,FUSN,12.114999771118164,12.114999771118164,12.114999771118164,12.100000381469727,12.109999656677246,1460.0
2024-03-01 15:37:00,GALT,1.9600000381469727,1.9600000381469727,1.9600000381469727,1.9600000381469727,1.9600000381469727,1391.0
2024-03-01 15:37:00,GBIO,2.619999885559082,2.619999885559082,2.619999885559082,2.619999885559082,2.619999885559082,149.0
2024-03-01 15:37:00,GDRX,8.335000038146973,8.335000038146973,8.345999717712402,8.335000038146973,8.34000015258789,3651.0
2024-03-01 15:37:00,GENE,2.380000114440918,2.380000114440918,2.380000114440918,2.380000114440918,2.380000114440918,200.0
2024-03-01 15:37:00,GERN,2.244999885559082,2.244999885559082,2.244999885559082,2.240000009536743,2.244999885559082,3710.0
2024-03-01 15:37:00,GH,18.930999755859375,18.930999755859375,18.952499389648438,18.930999755859375,18.950000762939453,4389.0
2024-03-01 15:37:00,GILD,72.32499694824219,72.32499694824219,72.375,72.32499694824219,72.375,11329.0
2024-03-01 15:37:00,GLPG,35.029998779296875,35.029998779296875,35.04999923706055,35.029998779296875,35.04999923706055,362.0
2024-03-01 15:37:00,GLTO,0.8299999833106995,0.8299999833106995,0.8299999833106995,0.8001999855041504,0.80833500623703,4186.0
2024-03-01 15:37:00,GLUE,6.324999809265137,6.324999809265137,6.324999809265137,6.324999809265137,6.324999809265137,221.0
2024-03-01 15:37:00,GLYC,3.0299999713897705,3.0299999713897705,3.049999952316284,3.0299999713897705,3.049999952316284,270.0
2024-03-01 15:37:00,GMAB,29.299999237060547,29.299999237060547,29.31999969482422,29.299999237060547,29.31999969482422,2629.0
2024-03-01 15:37:00,GMDA,0.38179999589920044,0.38179999589920044,0.38190099596977234,0.38179999589920044,0.38190099596977234,16143.0
2024-03-01 15:37:00,GOSS,1.399999976158142,1.399999976158142,1.4098999500274658,1.399999976158142,1.4079999923706055,5807.0
2024-03-01 15:37:00,GRFS,7.025000095367432,7.025000095367432,7.025000095367432,7.025000095367432,7.025000095367432,1063.0
2024-03-01 15:37:00,GRTS,2.0199999809265137,2.0199999809265137,2.0250000953674316,2.0199999809265137,2.0199999809265137,24353.0
2024-03-01 15:37:00,GTHX,3.694999933242798,3.694999933242798,3.700000047683716,3.694999933242798,3.700000047683716,3996.0
2024-03-01 15:37:00,HALO,41.08000183105469,41.08000183105469,41.11000061035156,41.08000183105469,41.11000061035156,3140.0
2024-03-01 15:37:00,HARP,22.950000762939453,22.950000762939453,22.950000762939453,22.940000534057617,22.940000534057617,572.0
2024-03-01 15:37:00,HCAT,8.0600004196167,8.0600004196167,8.069999694824219,8.0600004196167,8.0600004196167,3481.0
2024-03-01 15:37:00,HCM,15.109999656677246,15.109999656677246,15.109999656677246,15.109999656677246,15.109999656677246,100.0
2024-03-01 15:37:00,HCSG,12.805000305175781,12.805000305175781,12.805000305175781,12.800000190734863,12.805000305175781,1103.0
2024-03-01 15:37:00,HCTI,2.009999990463257,2.009999990463257,2.0432000160217285,2.009999990463257,2.0432000160217285,380.0
2024-03-01 15:37:00,HITI,1.75,1.75,1.75,1.75,1.75,2076.0
2024-03-01 15:37:00,HLTH,0.2694999873638153,0.2694999873638153,0.2694999873638153,0.2680000066757202,0.2680000066757202,200.0
2024-03-01 15:37:00,HLVX,19.05500030517578,19.05500030517578,19.05500030517578,19.049999237060547,19.049999237060547,562.0
2024-03-01 15:37:00,HOLX,74.01000213623047,74.01000213623047,74.05999755859375,74.01000213623047,74.05999755859375,2710.0
2024-03-01 15:37:00,HQY,81.19499969482422,81.19499969482422,81.19499969482422,81.12999725341797,81.12999725341797,2207.0
2024-03-01 15:37:00,HRMY,31.864999771118164,31.864999771118164,31.864999771118164,31.864999771118164,31.864999771118164,651.0
2024-03-01 15:37:00,HROW,10.90999984741211,10.90999984741211,10.90999984741211,10.90999984741211,10.90999984741211,738.0
2024-03-01 15:37:00,HRTX,2.569999933242798,2.569999933242798,2.5799999237060547,2.569999933242798,2.569999933242798,1715.0
2024-03-01 15:37:00,HSIC,76.87999725341797,76.87999725341797,76.91000366210938,76.875,76.91000366210938,3917.0
2024-03-01 15:37:00,HUMA,3.265000104904175,3.265000104904175,3.2699999809265137,3.259999990463257,3.269700050354004,3426.0
2024-03-01 15:37:00,IART,36.0099983215332,36.0099983215332,36.02000045776367,36.0099983215332,36.02000045776367,1636.0
2024-03-01 15:37:00,IBRX,4.744999885559082,4.744999885559082,4.745800018310547,4.739999771118164,4.743599891662598,2995.0
2024-03-01 15:37:00,ICLR,324.2900085449219,324.2900085449219,324.29998779296875,324.1400146484375,324.1400146484375,1408.0
2024-03-01 15:37:00,ICUI,105.58000183105469,105.58000183105469,105.84989929199219,105.58000183105469,105.84989929199219,2717.0
2024-03-01 15:37:00,IDYA,46.2599983215332,46.2599983215332,46.27000045776367,46.2400016784668,46.25,612.0
2024-03-01 15:37:00,IKNA,1.5049999952316284,1.5049999952316284,1.5049999952316284,1.5049999952316284,1.5049999952316284,100.0
2024-03-01 15:37:00,IKT,2.1500000953674316,2.1500000953674316,2.1600000858306885,2.140000104904175,2.1500000953674316,7337.0
2024-03-01 15:37:00,ILMN,140.6300048828125,140.6300048828125,140.69000244140625,140.6300048828125,140.69000244140625,1159.0
2024-03-01 15:37:00,IMCR,67.91999816894531,67.91999816894531,67.91999816894531,67.86000061035156,67.86000061035156,255.0
2024-03-01 15:37:00,IMNM,25.459999084472656,25.459999084472656,25.459999084472656,25.459999084472656,25.459999084472656,123.0
2024-03-01 15:37:00,IMNN,1.0180000066757202,1.0180000066757202,1.0180000066757202,1.0180000066757202,1.0180000066757202,150.0
2024-03-01 15:37:00,IMUX,1.440000057220459,1.440000057220459,1.4501999616622925,1.440000057220459,1.4500000476837158,11058.0
2024-03-01 15:37:00,IMVT,35.529998779296875,35.529998779296875,35.560001373291016,35.52000045776367,35.54999923706055,5048.0
2024-03-01 15:37:00,INCY,59.029998779296875,59.029998779296875,59.07500076293945,59.029998779296875,59.07500076293945,3747.0
2024-03-01 15:37:00,INGN,6.909999847412109,6.909999847412109,6.929999828338623,6.909999847412109,6.920000076293945,13859.0
2024-03-01 15:37:00,INMB,12.270000457763672,12.270000457763672,12.270000457763672,12.270000457763672,12.270000457763672,454.0
2024-03-01 15:37:00,INMD,22.899999618530273,22.899999618530273,22.915000915527344,22.899999618530273,22.915000915527344,3232.0
2024-03-01 15:37:00,INO,9.529999732971191,9.529999732971191,9.550000190734863,9.529999732971191,9.550000190734863,1180.0
2024-03-01 15:37:00,INSM,28.0,28.0,28.00749969482422,28.0,28.0049991607666,1137.0
2024-03-01 15:37:00,INVA,15.364999771118164,15.364999771118164,15.364999771118164,15.354999542236328,15.354999542236328,4087.0
2024-03-01 15:37:00,INZY,6.539999961853027,6.539999961853027,6.539999961853027,6.539999961853027,6.539999961853027,2298.0
2024-03-01 15:37:00,IONS,45.61000061035156,45.61000061035156,45.61000061035156,45.564998626708984,45.564998626708984,4743.0
2024-03-01 15:37:00,IOVA,16.8799991607666,16.8799991607666,16.8799991607666,16.8700008392334,16.875,7860.0
2024-03-01 15:37:00,IPA,1.909999966621399,1.909999966621399,1.909999966621399,1.909999966621399,1.909999966621399,1840.0
2024-03-01 15:37:00,IPSC,3.9600000381469727,3.9600000381469727,3.9600000381469727,3.9600000381469727,3.9600000381469727,512.0
2024-03-01 15:37:00,IRIX,2.6500000953674316,2.6500000953674316,2.6500000953674316,2.6500000953674316,2.6500000953674316,100.0
2024-03-01 15:37:00,IRMD,41.38999938964844,41.38999938964844,41.38999938964844,41.38999938964844,41.38999938964844,110.0
2024-03-01 15:37:00,IRWD,8.895000457763672,8.895000457763672,8.899999618530273,8.890000343322754,8.895000457763672,26183.0
2024-03-01 15:37:00,ISRG,398.1499938964844,398.1499938964844,398.19000244140625,398.05999755859375,398.07000732421875,3251.0
2024-03-01 15:37:00,ITCI,72.0,72.0,72.0,72.0,72.0,101.0
2024-03-01 15:37:00,IVA,3.934000015258789,3.934000015258789,3.934000015258789,3.934000015258789,3.934000015258789,634.0
2024-03-01 15:37:00,JAGX,0.08399999886751175,0.08399999886751175,0.08540000021457672,0.08290000259876251,0.08290000259876251,454690.0
2024-03-01 15:37:00,JANX,46.02000045776367,46.02000045776367,46.16999816894531,46.0099983215332,46.16999816894531,2919.0
2024-03-01 15:37:00,JAZZ,118.70999908447266,118.70999908447266,118.75,118.69000244140625,118.69000244140625,993.0
2024-03-01 15:37:00,JSPR,21.459999084472656,21.459999084472656,21.510000228881836,21.459999084472656,21.510000228881836,380.0
2024-03-01 15:37:00,KALV,14.055000305175781,14.055000305175781,14.055000305175781,14.055000305175781,14.055000305175781,108.0
2024-03-01 15:37:00,KIDS,27.969999313354492,27.969999313354492,27.979999542236328,27.969999313354492,27.979999542236328,1244.0
2024-03-01 15:37:00,KNSA,21.81999969482422,21.81999969482422,21.860000610351562,21.81999969482422,21.860000610351562,3614.0
2024-03-01 15:37:00,KNTE,2.569999933242798,2.569999933242798,2.5799999237060547,2.569999933242798,2.575000047683716,2092.0
2024-03-01 15:37:00,KOD,5.994999885559082,5.994999885559082,6.010000228881836,5.994999885559082,6.010000228881836,1056.0
2024-03-01 15:37:00,KPTI,1.184999942779541,1.184999942779541,1.184999942779541,1.184999942779541,1.184999942779541,989.0
2024-03-01 15:37:00,KROS,68.44999694824219,68.44999694824219,68.44999694824219,68.44999694824219,68.44999694824219,137.0
2024-03-01 15:37:00,KRTX,315.6499938964844,315.6499938964844,315.6499938964844,315.6499938964844,315.6499938964844,274.0
2024-03-01 15:37:00,KTRA,0.10029999911785126,0.10029999911785126,0.10029999911785126,0.10029999911785126,0.10029999911785126,1582.0
2024-03-01 15:37:00,KURA,21.56999969482422,21.56999969482422,21.579999923706055,21.56999969482422,21.579999923706055,1372.0
2024-03-01 15:37:00,KYMR,43.64500045776367,43.64500045776367,43.68000030517578,43.56999969482422,43.56999969482422,1659.0
2024-03-01 15:37:00,KZR,1.034999966621399,1.034999966621399,1.034999966621399,1.0299999713897705,1.0299999713897705,1189.0
2024-03-01 15:37:00,LAB,2.4649999141693115,2.4649999141693115,2.4700000286102295,2.4600000381469727,2.4700000286102295,38115.0
2024-03-01 15:37:00,LBPH,21.479999542236328,21.479999542236328,21.479999542236328,21.450000762939453,21.450000762939453,1068.0
2024-03-01 15:37:00,LEGN,65.44000244140625,65.44000244140625,65.44000244140625,65.44000244140625,65.44000244140625,122.0
2024-03-01 15:37:00,LEXX,2.8336000442504883,2.8336000442504883,2.869999885559082,2.8301000595092773,2.869999885559082,6426.0
2024-03-01 15:37:00,LFLY,2.944999933242798,2.944999933242798,2.944999933242798,2.944999933242798,2.944999933242798,100.0
2024-03-01 15:37:00,LFLYW,0.02710000053048134,0.02710000053048134,0.02710000053048134,0.02710000053048134,0.02710000053048134,2120.0
2024-03-01 15:37:00,LFMD,7.989999771118164,7.989999771118164,7.989999771118164,7.980000019073486,7.980000019073486,505.0
2024-03-01 15:37:00,LFST,7.744999885559082,7.744999885559082,7.760000228881836,7.739999771118164,7.760000228881836,9222.0
2024-03-01 15:37:00,LGND,77.47000122070312,77.47000122070312,77.47000122070312,77.47000122070312,77.47000122070312,653.0
2024-03-01 15:37:00,LIVN,55.27000045776367,55.27000045776367,55.310001373291016,55.27000045776367,55.310001373291016,1569.0
2024-03-01 15:37:00,LMAT,67.9801025390625,67.9801025390625,68.05000305175781,67.91999816894531,67.91999816894531,1667.0
2024-03-01 15:37:00,LNTH,64.36000061035156,64.36000061035156,64.36000061035156,64.3499984741211,64.3499984741211,618.0
2024-03-01 15:37:00,LPTX,2.869999885559082,2.869999885559082,2.869999885559082,2.8499999046325684,2.869999885559082,2632.0
2024-03-01 15:37:00,LQDA,14.579999923706055,14.579999923706055,14.579999923706055,14.569999694824219,14.569999694824219,271.0
2024-03-01 15:37:00,LRMR,11.319999694824219,11.319999694824219,11.319999694824219,11.300000190734863,11.3100004196167,1944.0
2024-03-01 15:37:00,LTRN,3.9988999366760254,3.9988999366760254,4.079999923706055,3.990000009536743,4.079999923706055,18926.0
2024-03-01 15:37:00,LUNG,9.390000343322754,9.390000343322754,9.390000343322754,9.380000114440918,9.380000114440918,431.0
2024-03-01 15:37:00,LVTX,2.509999990463257,2.509999990463257,2.5299999713897705,2.509999990463257,2.5169999599456787,5908.0
2024-03-01 15:37:00,LXRX,2.4749999046325684,2.4749999046325684,2.4749999046325684,2.4700000286102295,2.4700000286102295,349.0
2024-03-01 15:37:00,LYRA,5.659999847412109,5.659999847412109,5.659999847412109,5.644999980926514,5.644999980926514,5376.0
2024-03-01 15:37:00,MACK,14.710000038146973,14.710000038146973,14.710000038146973,14.710000038146973,14.710000038146973,130.0
2024-03-01 15:37:00,MASI,127.83499908447266,127.83499908447266,127.83499908447266,127.83000183105469,127.83000183105469,959.0
2024-03-01 15:37:00,MASS,7.269999980926514,7.269999980926514,7.269999980926514,7.260000228881836,7.260000228881836,822.0
2024-03-01 15:37:00,MBRX,0.6290000081062317,0.6290000081062317,0.6290000081062317,0.6290000081062317,0.6290000081062317,100.0
2024-03-01 15:37:00,MCRB,1.225000023841858,1.225000023841858,1.2300000190734863,1.2200000286102295,1.2281999588012695,5263.0
2024-03-01 15:37:00,MDGL,248.82000732421875,248.82000732421875,248.82000732421875,248.82000732421875,248.82000732421875,606.0
2024-03-01 15:37:00,MDRX,6.0,6.0,6.050000190734863,6.0,6.0,69203.0
2024-03-01 15:37:00,MDXG,8.595000267028809,8.595000267028809,8.600000381469727,8.59000015258789,8.600000381469727,2579.0
2024-03-01 15:37:00,MDXH,3.7200000286102295,3.7200000286102295,3.7200000286102295,3.7200000286102295,3.7200000286102295,758.0
2024-03-01 15:37:00,ME,0.5471000075340271,0.5471000075340271,0.5489000082015991,0.5467000007629395,0.5489000082015991,29449.0
2024-03-01 15:37:00,MEDP,403.3699951171875,403.3699951171875,403.7799987792969,403.3699951171875,403.7799987792969,1703.0
2024-03-01 15:37:00,MESO,2.030100107192993,2.030100107192993,2.030100107192993,2.0299999713897705,2.0299999713897705,1901.0
2024-03-01 15:37:00,MGNX,18.770000457763672,18.770000457763672,18.770000457763672,18.725000381469727,18.729999542236328,6323.0
2024-03-01 15:37:00,MGTX,6.420000076293945,6.420000076293945,6.420000076293945,6.420000076293945,6.420000076293945,575.0
2024-03-01 15:37:00,MIRM,29.059999465942383,29.059999465942383,29.09000015258789,29.059999465942383,29.09000015258789,458.0
2024-03-01 15:37:00,MIST,1.659999966621399,1.659999966621399,1.659999966621399,1.659999966621399,1.659999966621399,1535.0
2024-03-01 15:37:00,MLTX,50.9900016784668,50.9900016784668,50.9900016784668,50.939998626708984,50.9900016784668,1633.0
2024-03-01 15:37:00,MMSI,76.21499633789062,76.21499633789062,76.2300033569336,76.20999908447266,76.2300033569336,726.0
2024-03-01 15:37:00,MNKD,4.505000114440918,4.505000114440918,4.50600004196167,4.5,4.5,6456.0
2024-03-01 15:37:00,MNMD,6.136099815368652,6.136099815368652,6.136099815368652,6.130000114440918,6.135000228881836,747.0
2024-03-01 15:37:00,MNPR,0.9399999976158142,0.9399999976158142,0.9399999976158142,0.9300000071525574,0.9300000071525574,2573.0
2024-03-01 15:37:00,MODD,1.909999966621399,1.909999966621399,1.909999966621399,1.909999966621399,1.909999966621399,500.0
2024-03-01 15:37:00,MODV,28.05500030517578,28.05500030517578,28.05500030517578,28.05500030517578,28.05500030517578,100.0
2024-03-01 15:37:00,MOR,17.68000030517578,17.68000030517578,17.68000030517578,17.674999237060547,17.68000030517578,2098.0
2024-03-01 15:37:00,MORF,39.55500030517578,39.55500030517578,39.55500030517578,39.52000045776367,39.52000045776367,603.0
2024-03-01 15:37:00,MREO,3.924999952316284,3.924999952316284,3.924999952316284,3.924999952316284,3.924999952316284,1130.0
2024-03-01 15:37:00,MRNA,95.53500366210938,95.53500366210938,95.55999755859375,95.52249908447266,95.55339813232422,4777.0
2024-03-01 15:37:00,MRNS,9.96500015258789,9.96500015258789,10.0,9.96500015258789,9.989999771118164,10248.0
2024-03-01 15:37:00,MRSN,5.940000057220459,5.940000057220459,5.96999979019165,5.940000057220459,5.954999923706055,7308.0
2024-03-01 15:37:00,MRUS,51.189998626708984,51.189998626708984,51.29999923706055,51.18000030517578,51.18000030517578,3930.0
2024-03-01 15:37:00,MRVI,7.619999885559082,7.619999885559082,7.625,7.614999771118164,7.619999885559082,11257.0
2024-03-01 15:37:00,MXCT,4.724999904632568,4.724999904632568,4.724999904632568,4.724999904632568,4.724999904632568,441.0
2024-03-01 15:37:00,MYGN,22.06999969482422,22.06999969482422,22.06999969482422,22.059999465942383,22.065000534057617,2679.0
2024-03-01 15:37:00,NARI,45.45000076293945,45.45000076293945,45.505001068115234,45.45000076293945,45.47999954223633,13302.0
2024-03-01 15:37:00,NAUT,2.680000066757202,2.680000066757202,2.680000066757202,2.680000066757202,2.680000066757202,156.0
2024-03-01 15:37:00,NBIX,131.85000610351562,131.85000610351562,131.85000610351562,131.83999633789062,131.83999633789062,789.0
2024-03-01 15:37:00,NDRA,1.1399999856948853,1.1399999856948853,1.1399999856948853,1.1399999856948853,1.1399999856948853,1000.0
2024-03-01 15:37:00,NEO,15.920000076293945,15.920000076293945,15.989999771118164,15.920000076293945,15.9399995803833,14072.0
2024-03-01 15:37:00,NEXI,6.320000171661377,6.320000171661377,6.329999923706055,6.320000171661377,6.329999923706055,200.0
2024-03-01 15:37:00,NGM,1.5199999809265137,1.5199999809265137,1.524999976158142,1.5199999809265137,1.5199999809265137,3035.0
2024-03-01 15:37:00,NKTR,0.7505000233650208,0.7505000233650208,0.7505000233650208,0.7505000233650208,0.7505000233650208,624.0
2024-03-01 15:37:00,NKTX,12.760000228881836,12.760000228881836,12.760000228881836,12.760000228881836,12.760000228881836,438.0
2024-03-01 15:37:00,NLSP,0.36000001430511475,0.36000001430511475,0.36000001430511475,0.36000001430511475,0.36000001430511475,2515.0
2024-03-01 15:37:00,NNOX,10.9399995803833,10.9399995803833,10.960000038146973,10.9399995803833,10.95009994506836,11284.0
2024-03-01 15:37:00,NOTV,8.010000228881836,8.010000228881836,8.010000228881836,8.010000228881836,8.010000228881836,100.0
2024-03-01 15:37:00,NPCE,16.270000457763672,16.270000457763672,16.270000457763672,16.270000457763672,16.270000457763672,230.0
2024-03-01 15:37:00,NRIX,13.479999542236328,13.479999542236328,13.491999626159668,13.479999542236328,13.491999626159668,987.0
2024-03-01 15:37:00,NRSN,1.9900000095367432,1.9900000095367432,1.9900000095367432,1.9900000095367432,1.9900000095367432,444.0
2024-03-01 15:37:00,NRXP,0.43799999356269836,0.43799999356269836,0.4438999891281128,0.43799999356269836,0.4438999891281128,578.0
2024-03-01 15:37:00,NRXPW,0.1607999950647354,0.1607999950647354,0.164000004529953,0.1607999950647354,0.16089999675750732,19122.0
2024-03-01 15:37:00,NTLA,32.90999984741211,32.90999984741211,32.98500061035156,32.90999984741211,32.98500061035156,3553.0
2024-03-01 15:37:00,NTRA,89.20999908447266,89.20999908447266,89.30999755859375,89.18000030517578,89.30999755859375,15245.0
2024-03-01 15:37:00,NUTX,0.11389999836683273,0.11389999836683273,0.11394999921321869,0.11349999904632568,0.11394999921321869,1620.0
2024-03-01 15:37:00,NUVL,87.05500030517578,87.05500030517578,87.05500030517578,87.04499816894531,87.04499816894531,217.0
2024-03-01 15:37:00,NUWE,0.5881900191307068,0.5881900191307068,0.5881999731063843,0.5871000289916992,0.5881999731063843,1140.0
2024-03-01 15:37:00,NVAX,5.400000095367432,5.400000095367432,5.409999847412109,5.380000114440918,5.380000114440918,67987.0
2024-03-01 15:37:00,NVCR,16.065000534057617,16.065000534057617,16.06999969482422,16.059999465942383,16.059999465942383,1065.0
2024-03-01 15:37:00,NXTC,1.7899999618530273,1.7899999618530273,1.7899999618530273,1.7799999713897705,1.7799999713897705,200.0
2024-03-01 15:37:00,OCGN,0.9458000063896179,0.9458000063896179,0.9458000063896179,0.9458000063896179,0.9458000063896179,844.0
2024-03-01 15:37:00,OCUL,10.635000228881836,10.635000228881836,10.645000457763672,10.625,10.630000114440918,5989.0
2024-03-01 15:37:00,OCUP,2.505000114440918,2.505000114440918,2.505000114440918,2.505000114440918,2.505000114440918,100.0
2024-03-01 15:37:00,OFIX,12.90999984741211,12.90999984741211,12.90999984741211,12.890000343322754,12.895000457763672,3191.0
2024-03-01 15:37:00,OGI,2.1649999618530273,2.1649999618530273,2.1649999618530273,2.160099983215332,2.160099983215332,300.0
2024-03-01 15:37:00,OLK,23.0,23.0,23.0,22.9950008392334,22.9950008392334,1348.0
2024-03-01 15:37:00,OLMA,14.779999732971191,14.779999732971191,14.779999732971191,14.729999542236328,14.760000228881836,3578.0
2024-03-01 15:37:00,OM,3.0799999237060547,3.0799999237060547,3.0799999237060547,3.0799999237060547,3.0799999237060547,113.0
2024-03-01 15:37:00,OMCL,26.09000015258789,26.09000015258789,26.11199951171875,26.09000015258789,26.110000610351562,1582.0
2024-03-01 15:37:00,OMER,4.820000171661377,4.820000171661377,4.824999809265137,4.820000171661377,4.824999809265137,1409.0
2024-03-01 15:37:00,OMGA,4.331500053405762,4.331500053405762,4.331500053405762,4.331500053405762,4.331500053405762,238.0
2024-03-01 15:37:00,ONCT,10.180000305175781,10.180000305175781,10.369999885559082,10.180000305175781,10.28499984741211,1006.0
2024-03-01 15:38:00,ABCL,5.054999828338623,5.054999828338623,5.054999828338623,5.050000190734863,5.050000190734863,2823.0
2024-03-01 15:38:00,ABEO,7.78000020980835,7.78000020980835,7.78000020980835,7.75,7.760000228881836,3264.0
2024-03-01 15:38:00,ABOS,4.659999847412109,4.659999847412109,4.659999847412109,4.659999847412109,4.659999847412109,207.0
2024-03-01 15:38:00,ABSI,5.519999980926514,5.519999980926514,5.519999980926514,5.5,5.5096001625061035,3951.0
2024-03-01 15:38:00,ABUS,2.7850000858306885,2.7850000858306885,2.7850000858306885,2.7850000858306885,2.7850000858306885,307.0
2024-03-01 15:38:00,ACAD,24.030000686645508,24.030000686645508,24.05500030517578,23.979999542236328,24.040000915527344,17057.0
2024-03-01 15:38:00,ACB,3.1700000762939453,3.1700000762939453,3.1700000762939453,3.1649999618530273,3.1649999618530273,1075.0
2024-03-01 15:38:00,ACCD,9.960000038146973,9.960000038146973,9.960000038146973,9.960000038146973,9.960000038146973,985.0
2024-03-01 15:38:00,ACET,2.375,2.375,2.380000114440918,2.369999885559082,2.375,1212.0
2024-03-01 15:38:00,ACHC,84.00499725341797,84.00499725341797,84.01000213623047,83.97000122070312,84.01000213623047,3199.0
2024-03-01 15:38:00,ACHV,4.440000057220459,4.440000057220459,4.440000057220459,4.385000228881836,4.385000228881836,2609.0
2024-03-01 15:38:00,ACRS,1.225000023841858,1.225000023841858,1.2300000190734863,1.225000023841858,1.2300000190734863,1621.0
2024-03-01 15:38:00,ADIL,3.0557000637054443,3.0557000637054443,3.088599920272827,2.94320011138916,2.94320011138916,22933.0
2024-03-01 15:38:00,ADMA,5.525000095367432,5.525000095367432,5.53000020980835,5.525000095367432,5.525000095367432,3119.0
2024-03-01 15:38:00,ADPT,4.019999980926514,4.019999980926514,4.019999980926514,4.019999980926514,4.019999980926514,3799.0
2024-03-01 15:38:00,ADUS,93.87000274658203,93.87000274658203,93.87000274658203,93.76000213623047,93.81500244140625,3586.0
2024-03-01 15:38:00,ADVM,1.948199987411499,1.948199987411499,1.9500000476837158,1.9299999475479126,1.934999942779541,3448.0
2024-03-01 15:38:00,AFIB,0.21299999952316284,0.21299999952316284,0.21299999952316284,0.21299999952316284,0.21299999952316284,300.0
2024-03-01 15:38:00,AFMD,0.6650500297546387,0.6650500297546387,0.6650500297546387,0.6650500297546387,0.6650500297546387,1055.0
2024-03-01 15:38:00,AGEN,0.6700999736785889,0.6700999736785889,0.6700999736785889,0.6700500249862671,0.6700500249862671,1321.0
2024-03-01 15:38:00,AGIO,32.108001708984375,32.108001708984375,32.12699890136719,32.09000015258789,32.12699890136719,2934.0
2024-03-01 15:38:00,AGRX,0.839900016784668,0.839900016784668,0.839900016784668,0.8384000062942505,0.8384000062942505,1077.0
2024-03-01 15:38:00,AHCO,10.5,10.5,10.507499694824219,10.5,10.505000114440918,854.0
2024-03-01 15:38:00,AIH,0.5199999809265137,0.5199999809265137,0.5199999809265137,0.5199999809265137,0.5199999809265137,5000.0
2024-03-01 15:38:00,AIMD,1.0,1.0,1.0,0.9998999834060669,1.0,1300.0
2024-03-01 15:38:00,AIRS,6.420000076293945,6.420000076293945,6.420000076293945,6.420000076293945,6.420000076293945,213.0
2024-03-01 15:38:00,AKAN,0.21709999442100525,0.21709999442100525,0.21709999442100525,0.21709999442100525,0.21709999442100525,197.0
2024-03-01 15:38:00,AKBA,1.6799999475479126,1.6799999475479126,1.6875,1.6799999475479126,1.6799999475479126,2438.0
2024-03-01 15:38:00,AKRO,28.399999618530273,28.399999618530273,28.510000228881836,28.399999618530273,28.510000228881836,8826.0
2024-03-01 15:38:00,AKYA,6.019999980926514,6.019999980926514,6.019999980926514,6.019999980926514,6.019999980926514,199.0
2024-03-01 15:38:00,ALDX,4.21999979019165,4.21999979019165,4.21999979019165,4.215000152587891,4.215000152587891,2529.0
2024-03-01 15:38:00,ALEC,7.315000057220459,7.315000057220459,7.324999809265137,7.309999942779541,7.324999809265137,3934.0
2024-03-01 15:38:00,ALHC,5.570000171661377,5.570000171661377,5.570000171661377,5.559999942779541,5.559999942779541,5131.0
2024-03-01 15:38:00,ALKS,30.15999984741211,30.15999984741211,30.170000076293945,30.15999984741211,30.170000076293945,7146.0
2024-03-01 15:38:00,ALLK,1.6449999809265137,1.6449999809265137,1.649999976158142,1.6399999856948853,1.6449999809265137,1975.0
2024-03-01 15:38:00,ALLO,4.900000095367432,4.900000095367432,4.909999847412109,4.900000095367432,4.909999847412109,16129.0
2024-03-01 15:38:00,ALNY,152.74000549316406,152.74000549316406,152.74000549316406,152.64500427246094,152.65499877929688,694.0
2024-03-01 15:38:00,ALPN,35.98500061035156,35.98500061035156,36.0,35.97999954223633,36.0,2387.0
2024-03-01 15:38:00,ALRN,5.0,5.0,5.039999961853027,5.0,5.039999961853027,200.0
2024-03-01 15:38:00,ALT,12.170000076293945,12.170000076293945,12.18589973449707,12.170000076293945,12.180000305175781,4705.0
2024-03-01 15:38:00,ALVR,0.746399998664856,0.746399998664856,0.7465000152587891,0.746399998664856,0.7465000152587891,1065.0
2024-03-01 15:38:00,ALXO,14.829999923706055,14.829999923706055,14.829999923706055,14.829999923706055,14.829999923706055,954.0
2024-03-01 15:38:00,AMED,93.2699966430664,93.2699966430664,93.2699966430664,93.2699966430664,93.2699966430664,430.0
2024-03-01 15:38:00,AMGN,280.5899963378906,280.5899963378906,280.6300048828125,280.54998779296875,280.6300048828125,7397.0
2024-03-01 15:38:00,AMLX,18.639999389648438,18.639999389648438,18.639999389648438,18.639999389648438,18.639999389648438,132.0
2024-03-01 15:38:00,AMPH,45.810001373291016,45.810001373291016,45.834999084472656,45.810001373291016,45.834999084472656,2963.0
2024-03-01 15:38:00,AMRN,1.0499999523162842,1.0499999523162842,1.0549999475479126,1.0499999523162842,1.0499999523162842,3451.0
2024-03-01 15:38:00,ANAB,25.399999618530273,25.399999618530273,25.399999618530273,25.385000228881836,25.385000228881836,1683.0
2024-03-01 15:38:00,ANGO,5.445000171661377,5.445000171661377,5.454999923706055,5.445000171661377,5.454999923706055,2097.0
2024-03-01 15:38:00,ANIP,66.7959976196289,66.7959976196289,66.83999633789062,66.7959976196289,66.83999633789062,893.0
2024-03-01 15:38:00,ANNX,6.045000076293945,6.045000076293945,6.045000076293945,6.039999961853027,6.045000076293945,952.0
2024-03-01 15:38:00,ANTX,3.009999990463257,3.009999990463257,3.009999990463257,3.009999990463257,3.009999990463257,649.0
2024-03-01 15:38:00,APLS,64.19999694824219,64.19999694824219,64.20999908447266,64.16000366210938,64.16000366210938,3240.0
2024-03-01 15:38:00,APLT,7.014999866485596,7.014999866485596,7.034999847412109,7.013000011444092,7.034999847412109,5399.0
2024-03-01 15:38:00,APVO,0.15800000727176666,0.15800000727176666,0.15800000727176666,0.15800000727176666,0.15800000727176666,140.0
2024-03-01 15:38:00,AQST,4.139999866485596,4.139999866485596,4.139999866485596,4.130000114440918,4.130000114440918,14856.0
2024-03-01 15:38:00,ARAY,2.615000009536743,2.615000009536743,2.615000009536743,2.615000009536743,2.615000009536743,185.0
2024-03-01 15:38:00,ARCT,39.619998931884766,39.619998931884766,39.619998931884766,39.560001373291016,39.560001373291016,2007.0
2024-03-01 15:38:00,ARDX,9.359999656677246,9.359999656677246,9.359999656677246,9.350000381469727,9.354999542236328,3545.0
2024-03-01 15:38:00,ARQT,11.46500015258789,11.46500015258789,11.475000381469727,11.45009994506836,11.45009994506836,14190.0
2024-03-01 15:38:00,ARTL,1.4700000286102295,1.4700000286102295,1.4700000286102295,1.4700000286102295,1.4700000286102295,100.0
2024-03-01 15:38:00,ARVN,47.27000045776367,47.27000045776367,47.31999969482422,47.27000045776367,47.29999923706055,3366.0
2024-03-01 15:38:00,ARWR,35.66999816894531,35.66999816894531,35.709999084472656,35.66999816894531,35.709999084472656,2029.0
2024-03-01 15:38:00,ASLN,0.7300999760627747,0.7300999760627747,0.7300999760627747,0.7300999760627747,0.7300999760627747,188.0
2024-03-01 15:38:00,ASND,153.97000122070312,153.97000122070312,154.1699981689453,153.97000122070312,154.11000061035156,1346.0
2024-03-01 15:38:00,ASRT,0.891700029373169,0.891700029373169,0.891700029373169,0.8916500210762024,0.8916500210762024,211.0
2024-03-01 15:38:00,ATAI,2.128999948501587,2.128999948501587,2.130000114440918,2.128999948501587,2.130000114440918,1110.0
2024-03-01 15:38:00,ATEC,13.489999771118164,13.489999771118164,13.489999771118164,13.479999542236328,13.484999656677246,1498.0
2024-03-01 15:38:00,ATHA,3.924999952316284,3.924999952316284,3.924999952316284,3.924999952316284,3.924999952316284,397.0
2024-03-01 15:38:00,ATRA,0.7700499892234802,0.7700499892234802,0.7700999975204468,0.7699999809265137,0.7700999975204468,18037.0
2024-03-01 15:38:00,ATRC,36.164398193359375,36.164398193359375,36.20000076293945,36.164398193359375,36.20000076293945,3378.0
2024-03-01 15:38:00,ATXS,14.895000457763672,14.895000457763672,14.899999618530273,14.895000457763672,14.899999618530273,903.0
2024-03-01 15:38:00,AUGX,4.550000190734863,4.550000190734863,4.550000190734863,4.539999961853027,4.539999961853027,300.0
2024-03-01 15:38:00,AUPH,5.755000114440918,5.755000114440918,5.755000114440918,5.75,5.755000114440918,1943.0
2024-03-01 15:38:00,AUTL,6.239999771118164,6.239999771118164,6.240499973297119,6.239999771118164,6.240499973297119,482.0
2024-03-01 15:38:00,AVDL,13.680000305175781,13.680000305175781,13.739999771118164,13.680000305175781,13.699999809265137,21941.0
2024-03-01 15:38:00,AVIR,4.425000190734863,4.425000190734863,4.429999828338623,4.425000190734863,4.429999828338623,3349.0
2024-03-01 15:38:00,AVRO,1.3200000524520874,1.3200000524520874,1.3200000524520874,1.3200000524520874,1.3200000524520874,177.0
2024-03-01 15:38:00,AVXL,5.235000133514404,5.235000133514404,5.25,5.230000019073486,5.25,7454.0
2024-03-01 15:38:00,AXGN,10.699999809265137,10.699999809265137,10.699999809265137,10.6899995803833,10.6899995803833,250.0
2024-03-01 15:38:00,AXNX,67.7249984741211,67.7249984741211,67.7249984741211,67.69499969482422,67.69499969482422,1781.0
2024-03-01 15:38:00,AZN,64.54499816894531,64.54499816894531,64.55500030517578,64.54499816894531,64.55000305175781,10524.0
2024-03-01 15:38:00,AZTA,67.0199966430664,67.0199966430664,67.05000305175781,67.0199966430664,67.05000305175781,1992.0
2024-03-01 15:38:00,BBIO,35.720001220703125,35.720001220703125,35.75,35.720001220703125,35.75,1675.0
2024-03-01 15:38:00,BBLG,2.4200000762939453,2.4200000762939453,2.4200000762939453,2.4200000762939453,2.4200000762939453,1000.0
2024-03-01 15:38:00,BCAB,2.7950000762939453,2.7950000762939453,2.7950000762939453,2.7950000762939453,2.7950000762939453,534.0
2024-03-01 15:38:00,BCEL,0.2690500020980835,0.2690500020980835,0.27000001072883606,0.26899999380111694,0.27000001072883606,1720.0
2024-03-01 15:38:00,BCLI,0.3498989939689636,0.3498989939689636,0.3498989939689636,0.3450999855995178,0.34755000472068787,7715.0
2024-03-01 15:38:00,BCRX,5.639999866485596,5.639999866485596,5.649600028991699,5.639999866485596,5.639999866485596,9361.0
2024-03-01 15:38:00,BCYC,25.6200008392334,25.6200008392334,25.649999618530273,25.6200008392334,25.649999618530273,476.0
2024-03-01 15:38:00,BDTX,4.715000152587891,4.715000152587891,4.715000152587891,4.715000152587891,4.715000152587891,620.0
2024-03-01 15:38:00,BEAM,39.630001068115234,39.630001068115234,39.72999954223633,39.630001068115234,39.72999954223633,7063.0
2024-03-01 15:38:00,BIIB,220.36500549316406,220.36500549316406,220.6269989013672,220.36500549316406,220.6269989013672,2939.0
2024-03-01 15:38:00,BIOL,0.14634999632835388,0.14634999632835388,0.14634999632835388,0.14634999632835388,0.14634999632835388,5000.0
2024-03-01 15:38:00,BIVI,1.9700000286102295,1.9700000286102295,1.9700000286102295,1.9299999475479126,1.934999942779541,30641.0
2024-03-01 15:38:00,BLUE,1.5750000476837158,1.5750000476837158,1.5799000263214111,1.5700000524520874,1.5750000476837158,12898.0
2024-03-01 15:38:00,BMEA,17.799999237060547,17.799999237060547,17.799999237060547,17.770000457763672,17.799999237060547,1217.0
2024-03-01 15:38:00,BMRA,1.2000000476837158,1.2000000476837158,1.2000000476837158,1.2000000476837158,1.2000000476837158,100.0
2024-03-01 15:38:00,BMRN,87.54000091552734,87.54000091552734,87.58999633789062,87.54000091552734,87.58999633789062,3058.0
2024-03-01 15:38:00,BNGO,1.2450000047683716,1.2450000047683716,1.2599999904632568,1.2400000095367432,1.25,46323.0
2024-03-01 15:38:00,BNR,0.8100000023841858,0.8100000023841858,0.8101000189781189,0.8100000023841858,0.8101000189781189,200.0
2024-03-01 15:38:00,BNTX,90.68499755859375,90.68499755859375,90.72000122070312,90.66000366210938,90.72000122070312,1922.0
2024-03-01 15:38:00,BPMC,95.45999908447266,95.45999908447266,95.47000122070312,95.45999908447266,95.47000122070312,755.0
2024-03-01 15:38:00,BRKR,88.25,88.25,88.26000213623047,88.23999786376953,88.25,875.0
2024-03-01 15:38:00,BSGM,0.7236999869346619,0.7236999869346619,0.7236999869346619,0.718999981880188,0.718999981880188,8885.0
2024-03-01 15:38:00,BTAI,3.2149999141693115,3.2149999141693115,3.2149999141693115,3.2149999141693115,3.2149999141693115,211.0
2024-03-01 15:38:00,BTTX,0.18440000712871552,0.18440000712871552,0.18440000712871552,0.1839500069618225,0.1839500069618225,401.0
2024-03-01 15:38:00,BVS,4.769999980926514,4.769999980926514,4.769999980926514,4.769999980926514,4.769999980926514,204.0
2024-03-01 15:38:00,CABA,23.959999084472656,23.959999084472656,23.979999542236328,23.959999084472656,23.979999542236328,3817.0
2024-03-01 15:38:00,CAPR,4.570000171661377,4.570000171661377,4.570000171661377,4.570000171661377,4.570000171661377,967.0
2024-03-01 15:38:00,CARA,0.9172000288963318,0.9172000288963318,0.9259999990463257,0.9172000288963318,0.9259999990463257,1159.0
2024-03-01 15:38:00,CBAY,32.22999954223633,32.22999954223633,32.22999954223633,32.220001220703125,32.22999954223633,9712.0
2024-03-01 15:38:00,CCCC,10.984999656677246,10.984999656677246,11.0,10.975000381469727,10.989999771118164,7482.0
2024-03-01 15:38:00,CCRN,18.270000457763672,18.270000457763672,18.270000457763672,18.270000457763672,18.270000457763672,391.0
2024-03-01 15:38:00,CDMO,8.210000038146973,8.210000038146973,8.229999542236328,8.210000038146973,8.225000381469727,5164.0
2024-03-01 15:38:00,CDNA,12.4399995803833,12.4399995803833,12.454999923706055,12.4399995803833,12.454999923706055,3745.0
2024-03-01 15:38:00,CDXS,4.65500020980835,4.65500020980835,4.659999847412109,4.650000095367432,4.650000095367432,3585.0
2024-03-01 15:38:00,CELC,17.239999771118164,17.239999771118164,17.239999771118164,17.15999984741211,17.15999984741211,386.0
2024-03-01 15:38:00,CERE,41.099998474121094,41.099998474121094,41.10499954223633,41.099998474121094,41.102500915527344,1320.0
2024-03-01 15:38:00,CERS,2.174999952316284,2.174999952316284,2.174999952316284,2.1700000762939453,2.1700000762939453,1777.0
2024-03-01 15:38:00,CERT,18.128000259399414,18.128000259399414,18.1299991607666,18.1200008392334,18.1200008392334,1783.0
2024-03-01 15:38:00,CGC,3.180000066757202,3.180000066757202,3.190000057220459,3.180000066757202,3.184999942779541,22010.0
2024-03-01 15:38:00,CGEM,18.395000457763672,18.395000457763672,18.415000915527344,18.389999389648438,18.415000915527344,2139.0
2024-03-01 15:38:00,CGEN,2.680000066757202,2.680000066757202,2.684999942779541,2.674999952316284,2.684999942779541,9954.0
2024-03-01 15:38:00,CHRS,2.380000114440918,2.380000114440918,2.3949999809265137,2.380000114440918,2.3949999809265137,22708.0
2024-03-01 15:38:00,CKPT,2.2100000381469727,2.2100000381469727,2.2100000381469727,2.2100000381469727,2.2100000381469727,304.0
2024-03-01 15:38:00,CLDX,51.61000061035156,51.61000061035156,51.63999938964844,51.61000061035156,51.63999938964844,1121.0
2024-03-01 15:38:00,CLNN,0.39079999923706055,0.39079999923706055,0.39089998602867126,0.39079999923706055,0.39089998602867126,826.0
2024-03-01 15:38:00,CLOV,0.8658499717712402,0.8658499717712402,0.8658999800682068,0.8658000230789185,0.8658999800682068,13183.0
2024-03-01 15:38:00,CLRB,4.086599826812744,4.086599826812744,4.099999904632568,4.086599826812744,4.099999904632568,1235.0
2024-03-01 15:38:00,CMMB,0.6600000262260437,0.6600000262260437,0.6600000262260437,0.6600000262260437,0.6600000262260437,597.0
2024-03-01 15:38:00,CMPS,11.479999542236328,11.479999542236328,11.489999771118164,11.479999542236328,11.489999771118164,609.0
2024-03-01 15:38:00,CMPX,1.8799999952316284,1.8799999952316284,1.8799999952316284,1.8799999952316284,1.8799999952316284,243.0
2024-03-01 15:38:00,CMRX,1.2000000476837158,1.2000000476837158,1.2000000476837158,1.1990000009536743,1.1990000009536743,410.0
2024-03-01 15:38:00,CNSP,0.32919999957084656,0.32919999957084656,0.32919999957084656,0.32919999957084656,0.32919999957084656,1000.0
2024-03-01 15:38:00,COGT,7.215000152587891,7.215000152587891,7.224999904632568,7.195000171661377,7.195000171661377,17390.0
2024-03-01 15:38:00,COLL,36.849998474121094,36.849998474121094,36.85499954223633,36.84000015258789,36.849998474121094,1028.0
2024-03-01 15:38:00,CORT,24.239999771118164,24.239999771118164,24.239999771118164,24.229999542236328,24.239999771118164,4335.0
2024-03-01 15:38:00,CPRX,17.190000534057617,17.190000534057617,17.200000762939453,17.18000030517578,17.184999465942383,12119.0
2024-03-01 15:38:00,CPSI,9.25,9.25,9.267399787902832,9.25,9.267399787902832,606.0
2024-03-01 15:38:00,CRBP,34.310001373291016,34.310001373291016,34.46989822387695,34.310001373291016,34.46989822387695,2154.0
2024-03-01 15:38:00,CRBU,7.760000228881836,7.760000228881836,7.764999866485596,7.760000228881836,7.764999866485596,1613.0
2024-03-01 15:38:00,CRDF,2.8698999881744385,2.8698999881744385,2.880000114440918,2.820499897003174,2.820499897003174,171950.0
2024-03-01 15:38:00,CRNX,45.81999969482422,45.81999969482422,45.90999984741211,45.81999969482422,45.90999984741211,1526.0
2024-03-01 15:38:00,CRON,2.0250000953674316,2.0250000953674316,2.0250000953674316,2.0199999809265137,2.024600028991699,7778.0
2024-03-01 15:38:00,CRSP,84.0,84.0,84.06639862060547,84.0,84.05000305175781,7553.0
2024-03-01 15:38:00,CTKB,9.020000457763672,9.020000457763672,9.020000457763672,9.015000343322754,9.020000457763672,1406.0
2024-03-01 15:38:00,CTMX,2.575000047683716,2.575000047683716,2.5799999237060547,2.569999933242798,2.5799999237060547,134963.0
2024-03-01 15:38:00,CTXR,0.772350013256073,0.772350013256073,0.772350013256073,0.772350013256073,0.772350013256073,452.0
2024-03-01 15:38:00,CUE,2.130000114440918,2.130000114440918,2.140000104904175,2.130000114440918,2.140000104904175,309.0
2024-03-01 15:38:00,CUTR,2.3949999809265137,2.3949999809265137,2.4000000953674316,2.3949999809265137,2.4000000953674316,245.0
2024-03-01 15:38:00,CVAC,3.430000066757202,3.430000066757202,3.430000066757202,3.430000066757202,3.430000066757202,1309.0
2024-03-01 15:38:00,CYT,3.109999895095825,3.109999895095825,3.109999895095825,3.0999999046325684,3.109999895095825,1421.0
2024-03-01 15:38:00,CYTK,73.72000122070312,73.72000122070312,73.7699966430664,73.71499633789062,73.74500274658203,2020.0
2024-03-01 15:38:00,CYTO,2.4100000858306885,2.4100000858306885,2.4100000858306885,2.4100000858306885,2.4100000858306885,100.0
2024-03-01 15:38:00,DARE,0.5465999841690063,0.5465999841690063,0.5598999857902527,0.5465999841690063,0.5598999857902527,1100.0
2024-03-01 15:38:00,DAWN,17.450000762939453,17.450000762939453,17.459999084472656,17.450000762939453,17.450000762939453,5545.0
2024-03-01 15:38:00,DCGO,4.059999942779541,4.059999942779541,4.065000057220459,4.059999942779541,4.065000057220459,4155.0
2024-03-01 15:38:00,DCPH,17.459999084472656,17.459999084472656,17.46500015258789,17.459999084472656,17.46500015258789,2303.0
2024-03-01 15:38:00,DCTH,4.199999809265137,4.199999809265137,4.199999809265137,4.190000057220459,4.190000057220459,1878.0
2024-03-01 15:38:00,DERM,4.090000152587891,4.090000152587891,4.090000152587891,4.090000152587891,4.090000152587891,400.0
2024-03-01 15:38:00,DMTK,0.8339999914169312,0.8339999914169312,0.8339999914169312,0.8339999914169312,0.8339999914169312,140.0
2024-03-01 15:38:00,DNLI,20.834999084472656,20.834999084472656,20.8799991607666,20.834999084472656,20.8799991607666,5750.0
2024-03-01 15:38:00,DSGN,2.859999895095825,2.859999895095825,2.859999895095825,2.859999895095825,2.859999895095825,401.0
2024-03-01 15:38:00,DTIL,12.699899673461914,12.699899673461914,12.699899673461914,12.5600004196167,12.630000114440918,7071.0
2024-03-01 15:38:00,DVAX,12.760000228881836,12.760000228881836,12.760000228881836,12.744999885559082,12.75,6573.0
2024-03-01 15:38:00,DXCM,121.0999984741211,121.0999984741211,121.13999938964844,121.07559967041016,121.0999984741211,13076.0
2024-03-01 15:38:00,DYAI,1.399999976158142,1.399999976158142,1.399999976158142,1.399999976158142,1.399999976158142,501.0
2024-03-01 15:38:00,DYN,29.010000228881836,29.010000228881836,29.110000610351562,29.0,29.110000610351562,5220.0
2024-03-01 15:38:00,EDIT,10.545000076293945,10.545000076293945,10.5649995803833,10.545000076293945,10.5600004196167,8914.0
2024-03-01 15:38:00,EGRX,6.510000228881836,6.510000228881836,6.519999980926514,6.510000228881836,6.519999980926514,440.0
2024-03-01 15:38:00,EKSO,1.999899983406067,1.999899983406067,2.0,1.999899983406067,2.0,994.0
2024-03-01 15:38:00,ELEV,5.039999961853027,5.039999961853027,5.04010009765625,5.03000020980835,5.039999961853027,8728.0
2024-03-01 15:38:00,EMBC,14.260000228881836,14.260000228881836,14.260000228881836,14.260000228881836,14.260000228881836,452.0
2024-03-01 15:38:00,ENLV,3.285399913787842,3.285399913787842,3.285399913787842,3.285399913787842,3.285399913787842,1009.0
2024-03-01 15:38:00,ENSG,121.62999725341797,121.62999725341797,121.62999725341797,121.62999725341797,121.62999725341797,1236.0
2024-03-01 15:38:00,ENTA,15.510000228881836,15.510000228881836,15.520000457763672,15.399999618530273,15.399999618530273,6881.0
2024-03-01 15:38:00,ENVB,1.5800000429153442,1.5800000429153442,1.590000033378601,1.5299999713897705,1.5700000524520874,19548.0
2024-03-01 15:38:00,EOLS,14.890000343322754,14.890000343322754,14.890000343322754,14.880000114440918,14.890000343322754,1231.0
2024-03-01 15:38:00,EPIX,9.300000190734863,9.300000190734863,9.489999771118164,9.300000190734863,9.489999771118164,8554.0
2024-03-01 15:38:00,EQ,2.4700000286102295,2.4700000286102295,2.4700000286102295,2.4700000286102295,2.4700000286102295,242.0
2024-03-01 15:38:00,ERAS,2.615000009536743,2.615000009536743,2.619999885559082,2.5999999046325684,2.5999999046325684,12617.0
2024-03-01 15:38:00,ESPR,2.5350000858306885,2.5350000858306885,2.5399999618530273,2.5299999713897705,2.5399999618530273,25019.0
2024-03-01 15:38:00,ESTA,44.0,44.0,44.06999969482422,43.95249938964844,44.01499938964844,1432.0
2024-03-01 15:38:00,ETNB,12.694999694824219,12.694999694824219,12.699999809265137,12.694999694824219,12.699999809265137,1929.0
2024-03-01 15:38:00,EVAX,3.4200000762939453,3.4200000762939453,3.4200000762939453,3.4000000953674316,3.4000000953674316,295.0
2024-03-01 15:38:00,EVO,7.489999771118164,7.489999771118164,7.489999771118164,7.489999771118164,7.489999771118164,480.0
2024-03-01 15:38:00,EWTX,16.625,16.625,16.649999618530273,16.610000610351562,16.649999618530273,3325.0
2024-03-01 15:38:00,EXAI,6.519999980926514,6.519999980926514,6.519999980926514,6.519999980926514,6.519999980926514,363.0
2024-03-01 15:38:00,EXAS,59.25,59.25,59.29999923706055,59.25,59.290000915527344,2881.0
2024-03-01 15:38:00,EXEL,22.225000381469727,22.225000381469727,22.229999542236328,22.204999923706055,22.209999084472656,11794.0
2024-03-01 15:38:00,EYEN,2.399899959564209,2.399899959564209,2.4049999713897705,2.399899959564209,2.4049999713897705,1350.0
2024-03-01 15:38:00,EYPT,27.924999237060547,27.924999237060547,27.950000762939453,27.90999984741211,27.950000762939453,1998.0
2024-03-01 15:38:00,FATE,7.704999923706055,7.704999923706055,7.710000038146973,7.699999809265137,7.710000038146973,2261.0
2024-03-01 15:38:00,FBIO,2.380000114440918,2.380000114440918,2.380000114440918,2.380000114440918,2.380000114440918,288.0
2024-03-01 15:38:00,FDMT,29.280000686645508,29.280000686645508,29.280000686645508,29.25,29.25,373.0
2024-03-01 15:38:00,FEMY,1.809999942779541,1.809999942779541,1.809999942779541,1.799299955368042,1.799299955368042,2201.0
2024-03-01 15:38:00,FENC,9.760000228881836,9.760000228881836,9.850000381469727,9.760000228881836,9.850000381469727,702.0
2024-03-01 15:38:00,FGEN,1.8250000476837158,1.8250000476837158,1.8250000476837158,1.820099949836731,1.8250000476837158,2452.0
2024-03-01 15:38:00,FHTX,8.010000228881836,8.010000228881836,8.010000228881836,8.010000228881836,8.010000228881836,287.0
2024-03-01 15:38:00,FLGT,23.110000610351562,23.110000610351562,23.110000610351562,23.110000610351562,23.110000610351562,237.0
2024-03-01 15:38:00,FOLD,13.3149995803833,13.3149995803833,13.319999694824219,13.3100004196167,13.3149995803833,3363.0
2024-03-01 15:38:00,FONR,22.75,22.75,22.75,22.75,22.75,263.0
2024-03-01 15:38:00,FORA,3.109999895095825,3.109999895095825,3.109999895095825,3.109999895095825,3.109999895095825,102.0
2024-03-01 15:38:00,FULC,10.960000038146973,10.960000038146973,11.0,10.960000038146973,11.0,4203.0
2024-03-01 15:38:00,FUSN,12.114999771118164,12.114999771118164,12.114999771118164,12.100000381469727,12.100000381469727,962.0
2024-03-01 15:38:00,GANX,4.699999809265137,4.699999809265137,4.699999809265137,4.699999809265137,4.699999809265137,138.0
2024-03-01 15:38:00,GBIO,2.619999885559082,2.619999885559082,2.619999885559082,2.619999885559082,2.619999885559082,177.0
2024-03-01 15:38:00,GDRX,8.329999923706055,8.329999923706055,8.335000038146973,8.324999809265137,8.335000038146973,4107.0
2024-03-01 15:38:00,GERN,2.244999885559082,2.244999885559082,2.244999885559082,2.240999937057495,2.244999885559082,12103.0
2024-03-01 15:38:00,GH,18.920000076293945,18.920000076293945,18.930999755859375,18.920000076293945,18.930999755859375,2695.0
2024-03-01 15:38:00,GHRS,8.390000343322754,8.390000343322754,8.399999618530273,8.390000343322754,8.399999618530273,767.0
2024-03-01 15:38:00,GILD,72.30000305175781,72.30000305175781,72.32499694824219,72.29000091552734,72.32499694824219,15584.0
2024-03-01 15:38:00,GLPG,35.040000915527344,35.040000915527344,35.040000915527344,35.0099983215332,35.029998779296875,3898.0
2024-03-01 15:38:00,GLSI,12.75,12.75,12.75,12.75,12.75,244.0
2024-03-01 15:38:00,GLTO,0.8299999833106995,0.8299999833106995,0.8299999833106995,0.8299999833106995,0.8299999833106995,300.0
2024-03-01 15:38:00,GMAB,29.264999389648438,29.264999389648438,29.290000915527344,29.264999389648438,29.290000915527344,2203.0
2024-03-01 15:38:00,GNFT,3.630000114440918,3.630000114440918,3.630000114440918,3.630000114440918,3.630000114440918,652.0
2024-03-01 15:38:00,GOSS,1.4049999713897705,1.4049999713897705,1.4049999713897705,1.399999976158142,1.4007999897003174,4596.0
2024-03-01 15:38:00,GRFS,7.019999980926514,7.019999980926514,7.025000095367432,7.019999980926514,7.019999980926514,500.0
2024-03-01 15:38:00,GRPH,3.3550000190734863,3.3550000190734863,3.3550000190734863,3.3550000190734863,3.3550000190734863,1078.0
2024-03-01 15:38:00,GRTS,2.0250000953674316,2.0250000953674316,2.0250000953674316,2.015000104904175,2.0199999809265137,41143.0
2024-03-01 15:38:00,GTHX,3.694999933242798,3.694999933242798,3.699899911880493,3.690000057220459,3.699899911880493,3541.0
2024-03-01 15:38:00,HALO,41.04999923706055,41.04999923706055,41.060001373291016,41.04999923706055,41.060001373291016,770.0
2024-03-01 15:38:00,HBIO,4.329999923706055,4.329999923706055,4.329999923706055,4.329999923706055,4.329999923706055,258.0
2024-03-01 15:38:00,HCAT,8.029999732971191,8.029999732971191,8.055000305175781,8.029999732971191,8.055000305175781,2974.0
2024-03-01 15:38:00,HCM,15.100000381469727,15.100000381469727,15.100000381469727,15.080100059509277,15.080100059509277,710.0
2024-03-01 15:38:00,HCSG,12.800000190734863,12.800000190734863,12.8100004196167,12.791000366210938,12.805000305175781,7675.0
2024-03-01 15:38:00,HCTI,2.009999990463257,2.009999990463257,2.009999990463257,2.009999990463257,2.009999990463257,2064.0
2024-03-01 15:38:00,HEPA,3.130000114440918,3.130000114440918,3.130000114440918,3.069999933242798,3.0899999141693115,2646.0
2024-03-01 15:38:00,HITI,1.7599999904632568,1.7599999904632568,1.7599999904632568,1.7599999904632568,1.7599999904632568,2117.0
2024-03-01 15:38:00,HLTH,0.2680000066757202,0.2680000066757202,0.2680000066757202,0.2680000066757202,0.2680000066757202,101.0
2024-03-01 15:38:00,HLVX,19.110000610351562,19.110000610351562,19.110000610351562,19.065000534057617,19.065000534057617,786.0
2024-03-01 15:38:00,HOLX,73.95999908447266,73.95999908447266,74.0,73.94999694824219,74.0,6131.0
2024-03-01 15:38:00,HOOK,0.7720000147819519,0.7720000147819519,0.7720000147819519,0.7720000147819519,0.7720000147819519,2307.0
2024-03-01 15:38:00,HOWL,7.005000114440918,7.005000114440918,7.005000114440918,7.0,7.0,952.0
2024-03-01 15:38:00,HQY,81.16999816894531,81.16999816894531,81.19000244140625,81.16999816894531,81.19000244140625,1719.0
2024-03-01 15:38:00,HRMY,31.8700008392334,31.8700008392334,31.8700008392334,31.8700008392334,31.8700008392334,319.0
2024-03-01 15:38:00,HROW,10.890000343322754,10.890000343322754,10.899999618530273,10.890000343322754,10.899999618530273,442.0
2024-03-01 15:38:00,HRTX,2.575000047683716,2.575000047683716,2.575000047683716,2.569999933242798,2.569999933242798,2022.0
2024-03-01 15:38:00,HSCS,0.12290000170469284,0.12290000170469284,0.12290000170469284,0.12160000205039978,0.12160000205039978,7521.0
2024-03-01 15:38:00,HUMA,3.2500998973846436,3.2500998973846436,3.265000104904175,3.25,3.259999990463257,30977.0
2024-03-01 15:38:00,IART,36.029998779296875,36.029998779296875,36.03499984741211,35.9900016784668,36.0099983215332,7195.0
2024-03-01 15:38:00,IBRX,4.730100154876709,4.730100154876709,4.744999885559082,4.730000019073486,4.744999885559082,42565.0
2024-03-01 15:38:00,ICUI,105.61000061035156,105.61000061035156,105.63999938964844,105.61000061035156,105.63999938964844,589.0
2024-03-01 15:38:00,IDXX,575.75,575.75,576.010009765625,575.75,576.010009765625,924.0
2024-03-01 15:38:00,IDYA,46.18000030517578,46.18000030517578,46.220001220703125,46.18000030517578,46.220001220703125,1022.0
2024-03-01 15:38:00,IKNA,1.4950000047683716,1.4950000047683716,1.5,1.4900000095367432,1.5,6354.0
2024-03-01 15:38:00,ILMN,140.56500244140625,140.56500244140625,140.6300048828125,140.5500030517578,140.6300048828125,1742.0
2024-03-01 15:38:00,IMAB,1.7899999618530273,1.7899999618530273,1.7899999618530273,1.7899999618530273,1.7899999618530273,496.0
2024-03-01 15:38:00,IMCR,67.83999633789062,67.83999633789062,67.90499877929688,67.83999633789062,67.86000061035156,705.0
2024-03-01 15:38:00,IMMX,3.4700000286102295,3.4700000286102295,3.4700000286102295,3.4700000286102295,3.4700000286102295,209.0
2024-03-01 15:38:00,IMNM,25.549999237060547,25.549999237060547,25.549999237060547,25.489999771118164,25.5,1137.0
2024-03-01 15:38:00,IMUX,1.4450000524520874,1.4450000524520874,1.4500000476837158,1.440000057220459,1.440000057220459,1880.0
2024-03-01 15:38:00,IMVT,35.52000045776367,35.52000045776367,35.529998779296875,35.52000045776367,35.529998779296875,1724.0
2024-03-01 15:38:00,INBX,36.52000045776367,36.52000045776367,36.52000045776367,36.5,36.5,795.0
2024-03-01 15:38:00,INCY,58.97999954223633,58.97999954223633,59.025001525878906,58.970001220703125,59.02000045776367,2157.0
2024-03-01 15:38:00,INGN,6.929999828338623,6.929999828338623,6.929999828338623,6.909999847412109,6.914999961853027,6681.0
2024-03-01 15:38:00,INKT,0.949999988079071,0.949999988079071,0.953000009059906,0.9368000030517578,0.9368000030517578,548.0
2024-03-01 15:38:00,INMB,12.335000038146973,12.335000038146973,12.383399963378906,12.335000038146973,12.383399963378906,770.0
2024-03-01 15:38:00,INMD,22.899999618530273,22.899999618530273,22.905000686645508,22.899999618530273,22.899999618530273,2086.0
2024-03-01 15:38:00,INO,9.520000457763672,9.520000457763672,9.539999961853027,9.520000457763672,9.520000457763672,1504.0
2024-03-01 15:38:00,INSM,27.985000610351562,27.985000610351562,27.9950008392334,27.985000610351562,27.989999771118164,1370.0
2024-03-01 15:38:00,INVA,15.34000015258789,15.34000015258789,15.364999771118164,15.34000015258789,15.364999771118164,9450.0
2024-03-01 15:38:00,INZY,6.53000020980835,6.53000020980835,6.53000020980835,6.53000020980835,6.53000020980835,1430.0
2024-03-01 15:38:00,IONS,45.59000015258789,45.59000015258789,45.619998931884766,45.58000183105469,45.619998931884766,6481.0
2024-03-01 15:38:00,IOVA,16.864999771118164,16.864999771118164,16.8799991607666,16.864999771118164,16.875,17198.0
2024-03-01 15:38:00,IRIX,2.6500000953674316,2.6500000953674316,2.6500000953674316,2.6500000953674316,2.6500000953674316,107.0
2024-03-01 15:38:00,IRTC,120.23999786376953,120.23999786376953,120.44999694824219,120.2300033569336,120.44999694824219,1785.0
2024-03-01 15:38:00,IRWD,8.885000228881836,8.885000228881836,8.899999618530273,8.880000114440918,8.895000457763672,52956.0
2024-03-01 15:38:00,ISRG,398.1000061035156,398.1000061035156,398.17999267578125,398.0199890136719,398.17999267578125,4671.0
2024-03-01 15:38:00,ITCI,71.97000122070312,71.97000122070312,72.0,71.93000030517578,72.0,4034.0
2024-03-01 15:38:00,ITOS,11.220000267028809,11.220000267028809,11.220000267028809,11.187999725341797,11.1899995803833,1852.0
2024-03-01 15:38:00,IXHL,5.510000228881836,5.510000228881836,5.510000228881836,5.510000228881836,5.510000228881836,208.0
2024-03-01 15:38:00,JAGX,0.08500000089406967,0.08500000089406967,0.08550000190734863,0.08399999886751175,0.08399999886751175,158937.0
2024-03-01 15:38:00,JANX,46.04999923706055,46.04999923706055,46.10499954223633,45.9900016784668,46.10499954223633,14428.0
2024-03-01 15:38:00,JAZZ,118.74500274658203,118.74500274658203,118.7699966430664,118.69000244140625,118.69999694824219,2277.0
2024-03-01 15:38:00,JSPR,21.329999923706055,21.329999923706055,21.420000076293945,21.329999923706055,21.420000076293945,765.0
2024-03-01 15:38:00,JYNT,9.899999618530273,9.899999618530273,9.900099754333496,9.899999618530273,9.900099754333496,557.0
2024-03-01 15:38:00,KALV,14.050000190734863,14.050000190734863,14.0600004196167,14.050000190734863,14.050000190734863,1854.0
2024-03-01 15:38:00,KIDS,27.979999542236328,27.979999542236328,27.989999771118164,27.969999313354492,27.969999313354492,1391.0
2024-03-01 15:38:00,KNSA,21.78070068359375,21.78070068359375,21.829999923706055,21.780000686645508,21.829999923706055,1786.0
2024-03-01 15:38:00,KNTE,2.569999933242798,2.569999933242798,2.5799999237060547,2.569999933242798,2.575000047683716,1500.0
2024-03-01 15:38:00,KOD,5.985000133514404,5.985000133514404,5.989999771118164,5.985000133514404,5.989999771118164,707.0
2024-03-01 15:38:00,KPTI,1.184999942779541,1.184999942779541,1.184999942779541,1.184999942779541,1.184999942779541,1117.0
2024-03-01 15:38:00,KRMD,2.125,2.125,2.125,2.125,2.125,198.0
2024-03-01 15:38:00,KRON,1.100100040435791,1.100100040435791,1.100100040435791,1.100100040435791,1.100100040435791,5006.0
2024-03-01 15:38:00,KROS,68.19010162353516,68.19010162353516,68.36000061035156,68.19010162353516,68.36000061035156,1004.0
2024-03-01 15:38:00,KRTX,315.6700134277344,315.6700134277344,315.6700134277344,315.6700134277344,315.6700134277344,126.0
2024-03-01 15:38:00,KYMR,43.65999984741211,43.65999984741211,43.65999984741211,43.65999984741211,43.65999984741211,1035.0
2024-03-01 15:38:00,KZR,1.0299999713897705,1.0299999713897705,1.0399999618530273,1.0299999713897705,1.0299999713897705,1025.0
2024-03-01 15:38:00,LAB,2.4649999141693115,2.4649999141693115,2.4649999141693115,2.4649999141693115,2.4649999141693115,2903.0
2024-03-01 15:38:00,LBPH,21.450000762939453,21.450000762939453,21.450000762939453,21.450000762939453,21.450000762939453,214.0
2024-03-01 15:38:00,LEGN,65.45999908447266,65.45999908447266,65.45999908447266,65.41999816894531,65.44000244140625,829.0
2024-03-01 15:38:00,LEXX,2.8701000213623047,2.8701000213623047,2.8703999519348145,2.8399999141693115,2.8499999046325684,4447.0
2024-03-01 15:38:00,LFMD,7.989999771118164,7.989999771118164,7.989999771118164,7.989999771118164,7.989999771118164,469.0
2024-03-01 15:38:00,LFST,7.739999771118164,7.739999771118164,7.739999771118164,7.739999771118164,7.739999771118164,510.0
2024-03-01 15:38:00,LIFE,1.899999976158142,1.899999976158142,1.899999976158142,1.899999976158142,1.899999976158142,1909.0
2024-03-01 15:38:00,LIVN,55.2599983215332,55.2599983215332,55.27000045776367,55.2599983215332,55.2599983215332,866.0
2024-03-01 15:38:00,LMAT,68.05439758300781,68.05439758300781,68.08999633789062,68.05000305175781,68.05000305175781,898.0
2024-03-01 15:38:00,LNTH,64.36000061035156,64.36000061035156,64.36000061035156,64.36000061035156,64.36000061035156,1100.0
2024-03-01 15:38:00,LPTX,2.865000009536743,2.865000009536743,2.865000009536743,2.865000009536743,2.865000009536743,288.0
2024-03-01 15:38:00,LQDA,14.574999809265137,14.574999809265137,14.574999809265137,14.569999694824219,14.569999694824219,671.0
2024-03-01 15:38:00,LRMR,11.300000190734863,11.300000190734863,11.3100004196167,11.300000190734863,11.300000190734863,1144.0
2024-03-01 15:38:00,LTRN,3.984999895095825,3.984999895095825,3.9941999912261963,3.984999895095825,3.9900999069213867,1287.0
2024-03-01 15:38:00,LUNG,9.390000343322754,9.390000343322754,9.390000343322754,9.390000343322754,9.390000343322754,265.0
2024-03-01 15:38:00,LVTX,2.509999990463257,2.509999990463257,2.549999952316284,2.509999990463257,2.5199999809265137,4409.0
2024-03-01 15:38:00,LXRX,2.4700000286102295,2.4700000286102295,2.4749999046325684,2.4700000286102295,2.4700000286102295,1663.0
2024-03-01 15:38:00,LYEL,3.1050000190734863,3.1050000190734863,3.109999895095825,3.1050000190734863,3.109999895095825,4142.0
2024-03-01 15:38:00,LYRA,5.65500020980835,5.65500020980835,5.670000076293945,5.650000095367432,5.65500020980835,526.0
2024-03-01 15:38:00,MACK,14.710000038146973,14.710000038146973,14.710000038146973,14.699999809265137,14.699999809265137,331.0
2024-03-01 15:38:00,MASI,127.62000274658203,127.62000274658203,127.83499908447266,127.62000274658203,127.83499908447266,7051.0
2024-03-01 15:38:00,MASS,7.260000228881836,7.260000228881836,7.260000228881836,7.25,7.25,1020.0
2024-03-01 15:38:00,MBRX,0.6290000081062317,0.6290000081062317,0.6290000081062317,0.6290000081062317,0.6290000081062317,200.0
2024-03-01 15:38:00,MCRB,1.2300000190734863,1.2300000190734863,1.2300000190734863,1.2200000286102295,1.2200000286102295,9919.0
2024-03-01 15:38:00,MDGL,248.7899932861328,248.7899932861328,248.7899932861328,248.77999877929688,248.77999877929688,338.0
2024-03-01 15:38:00,MDRX,6.010000228881836,6.010000228881836,6.050000190734863,6.0,6.050000190734863,205639.0
2024-03-01 15:38:00,MDXG,8.595000267028809,8.595000267028809,8.600000381469727,8.595000267028809,8.600000381469727,1449.0
2024-03-01 15:38:00,ME,0.5461999773979187,0.5461999773979187,0.5473999977111816,0.5461999773979187,0.5473999977111816,7368.0
2024-03-01 15:38:00,MEDP,402.6199951171875,402.6199951171875,403.4700012207031,402.5400085449219,403.4700012207031,2772.0
2024-03-01 15:38:00,MGNX,18.760000228881836,18.760000228881836,18.781700134277344,18.760000228881836,18.781700134277344,3889.0
2024-03-01 15:38:00,MGTX,6.389999866485596,6.389999866485596,6.409999847412109,6.389999866485596,6.409999847412109,1096.0
2024-03-01 15:38:00,MIRM,29.075000762939453,29.075000762939453,29.075000762939453,29.075000762939453,29.075000762939453,382.0
2024-03-01 15:38:00,MLTX,51.08000183105469,51.08000183105469,51.08000183105469,51.0,51.0,1344.0
2024-03-01 15:38:00,MNKD,4.505000114440918,4.505000114440918,4.505000114440918,4.503699779510498,4.505000114440918,5419.0
2024-03-01 15:38:00,MNMD,6.130000114440918,6.130000114440918,6.139999866485596,6.130000114440918,6.139900207519531,1588.0
2024-03-01 15:38:00,MNOV,1.350000023841858,1.350000023841858,1.3600000143051147,1.350000023841858,1.3600000143051147,1730.0
2024-03-01 15:38:00,MNPR,0.9325000047683716,0.9325000047683716,0.9399999976158142,0.9301009774208069,0.9301009774208069,5801.0
2024-03-01 15:38:00,MODD,1.9299999475479126,1.9299999475479126,1.9299999475479126,1.9199999570846558,1.9199999570846558,700.0
2024-03-01 15:38:00,MODV,28.05500030517578,28.05500030517578,28.05500030517578,28.05500030517578,28.05500030517578,382.0
2024-03-01 15:38:00,MOR,17.690000534057617,17.690000534057617,17.690000534057617,17.68000030517578,17.68000030517578,302.0
2024-03-01 15:38:00,MORF,39.56999969482422,39.56999969482422,39.56999969482422,39.529998779296875,39.529998779296875,1973.0
2024-03-01 15:38:00,MREO,3.9149999618530273,3.9149999618530273,3.924999952316284,3.9149999618530273,3.924999952316284,10042.0
2024-03-01 15:38:00,MRNA,95.51000213623047,95.51000213623047,95.54000091552734,95.46499633789062,95.52999877929688,10475.0
2024-03-01 15:38:00,MRNS,9.970000267028809,9.970000267028809,9.970000267028809,9.970000267028809,9.970000267028809,699.0
2024-03-01 15:38:00,MRSN,5.945000171661377,5.945000171661377,5.945000171661377,5.940000057220459,5.945000171661377,5591.0
2024-03-01 15:38:00,MRUS,51.209999084472656,51.209999084472656,51.209999084472656,51.209999084472656,51.209999084472656,834.0
2024-03-01 15:38:00,MRVI,7.625,7.625,7.625,7.614999771118164,7.614999771118164,8158.0
2024-03-01 15:38:00,MXCT,4.715000152587891,4.715000152587891,4.724999904632568,4.710000038146973,4.724999904632568,2951.0
2024-03-01 15:38:00,MYGN,22.079999923706055,22.079999923706055,22.09000015258789,22.06999969482422,22.09000015258789,2629.0
2024-03-01 15:38:00,MYNZ,0.8799999952316284,0.8799999952316284,0.8805000185966492,0.8799999952316284,0.8805000185966492,600.0
2024-03-01 15:38:00,NARI,45.439998626708984,45.439998626708984,45.439998626708984,45.43000030517578,45.439998626708984,2371.0
2024-03-01 15:38:00,NBIX,131.80999755859375,131.80999755859375,131.84500122070312,131.7949981689453,131.84500122070312,3848.0
2024-03-01 15:38:00,NEO,15.90999984741211,15.90999984741211,15.920000076293945,15.90999984741211,15.920000076293945,1017.0
2024-03-01 15:38:00,NEOG,17.229999542236328,17.229999542236328,17.239999771118164,17.229999542236328,17.239999771118164,2548.0
2024-03-01 15:38:00,NEPT,0.41510000824928284,0.41510000824928284,0.41510000824928284,0.41509801149368286,0.41510000824928284,1800.0
2024-03-01 15:38:00,NEXI,6.340000152587891,6.340000152587891,6.340000152587891,6.340000152587891,6.340000152587891,230.0
2024-03-01 15:38:00,NGM,1.5199999809265137,1.5199999809265137,1.524999976158142,1.5199999809265137,1.5199999809265137,2077.0
2024-03-01 15:38:00,NKTR,0.7536500096321106,0.7536500096321106,0.762499988079071,0.7505000233650208,0.7505999803543091,8061.0
2024-03-01 15:38:00,NKTX,12.720000267028809,12.720000267028809,12.770000457763672,12.710000038146973,12.75,2490.0
2024-03-01 15:38:00,NLSP,0.3575499951839447,0.3575499951839447,0.3575499951839447,0.3575499951839447,0.3575499951839447,142.0
2024-03-01 15:38:00,NNOX,10.920000076293945,10.920000076293945,10.944999694824219,10.920000076293945,10.9399995803833,5563.0
2024-03-01 15:38:00,NOTV,8.010000228881836,8.010000228881836,8.010000228881836,7.989999771118164,8.0,981.0
2024-03-01 15:38:00,NPCE,16.260000228881836,16.260000228881836,16.260000228881836,16.260000228881836,16.260000228881836,219.0
2024-03-01 15:38:00,NRC,40.4900016784668,40.4900016784668,40.5099983215332,40.47999954223633,40.5099983215332,1314.0
2024-03-01 15:38:00,NRIX,13.479999542236328,13.479999542236328,13.5,13.460000038146973,13.470000267028809,1954.0
2024-03-01 15:38:00,NRSN,1.981600046157837,1.981600046157837,1.981600046157837,1.9800000190734863,1.9800000190734863,6000.0
2024-03-01 15:38:00,NRXP,0.4409489929676056,0.4409489929676056,0.4409489929676056,0.4409489929676056,0.4409489929676056,398.0
2024-03-01 15:38:00,NTLA,32.8484992980957,32.8484992980957,32.91999816894531,32.84000015258789,32.918399810791016,6422.0
2024-03-01 15:38:00,NTRA,89.25499725341797,89.25499725341797,89.29000091552734,89.19999694824219,89.19999694824219,4795.0
2024-03-01 15:38:00,NUTX,0.1137000024318695,0.1137000024318695,0.11400000005960464,0.11289999634027481,0.11389999836683273,9982.0
2024-03-01 15:38:00,NUVL,87.0,87.0,87.05500030517578,87.0,87.05500030517578,858.0
2024-03-01 15:38:00,NUWE,0.5881999731063843,0.5881999731063843,0.5881999731063843,0.5881999731063843,0.5881999731063843,200.0
2024-03-01 15:38:00,NVAX,5.380099773406982,5.380099773406982,5.409999847412109,5.380000114440918,5.40500020980835,39921.0
2024-03-01 15:38:00,NVCR,16.059999465942383,16.059999465942383,16.065000534057617,16.05299949645996,16.065000534057617,4757.0
2024-03-01 15:38:00,NVCT,10.670000076293945,10.670000076293945,10.670000076293945,10.670000076293945,10.670000076293945,100.0
2024-03-01 15:38:00,NVNO,6.480000019073486,6.480000019073486,6.489999771118164,6.480000019073486,6.480000019073486,2290.0
2024-03-01 15:38:00,NXTC,1.7799999713897705,1.7799999713897705,1.7999999523162842,1.7799999713897705,1.7999999523162842,400.0
2024-03-01 15:38:00,OCGN,0.9458000063896179,0.9458000063896179,0.948199987411499,0.9458000063896179,0.9458000063896179,996.0
2024-03-01 15:38:00,OCUL,10.635000228881836,10.635000228881836,10.635000228881836,10.635000228881836,10.635000228881836,863.0
2024-03-01 15:38:00,OCUP,2.5011000633239746,2.5011000633239746,2.5011000633239746,2.5011000633239746,2.5011000633239746,164.0
2024-03-01 15:38:00,OFIX,12.90999984741211,12.90999984741211,12.90999984741211,12.90999984741211,12.90999984741211,494.0
2024-03-01 15:38:00,OGI,2.1649999618530273,2.1649999618530273,2.1649999618530273,2.1649999618530273,2.1649999618530273,624.0
2024-03-01 15:38:00,OLK,22.9950008392334,22.9950008392334,23.0,22.9950008392334,23.0,1660.0
2024-03-01 15:38:00,OLMA,14.770000457763672,14.770000457763672,14.770000457763672,14.770000457763672,14.770000457763672,121.0
2024-03-01 15:38:00,OM,3.0799999237060547,3.0799999237060547,3.0799999237060547,3.0799999237060547,3.0799999237060547,641.0
2024-03-01 15:38:00,OMCL,26.059999465942383,26.059999465942383,26.09000015258789,26.059999465942383,26.09000015258789,2005.0
2024-03-01 15:38:00,OMER,4.824999809265137,4.824999809265137,4.824999809265137,4.815000057220459,4.815000057220459,2205.0
2024-03-01 15:38:00,OMGA,4.34499979019165,4.34499979019165,4.359899997711182,4.340000152587891,4.340000152587891,6209.0
2024-03-01 15:38:00,ONTX,0.8263000249862671,0.8263000249862671,0.8274999856948853,0.8263000249862671,0.8274999856948853,802.0
2024-03-01 15:39:00,ABCL,5.045000076293945,5.045000076293945,5.050000190734863,5.045000076293945,5.050000190734863,9832.0
2024-03-01 15:39:00,ABEO,7.769999980926514,7.769999980926514,7.769999980926514,7.769999980926514,7.769999980926514,131.0
2024-03-01 15:39:00,ABOS,4.659999847412109,4.659999847412109,4.659999847412109,4.650000095367432,4.659999847412109,4877.0
2024-03-01 15:39:00,ABSI,5.525000095367432,5.525000095367432,5.53000020980835,5.519899845123291,5.519899845123291,4784.0
2024-03-01 15:39:00,ABUS,2.7899999618530273,2.7899999618530273,2.7899999618530273,2.789900064468384,2.789900064468384,19355.0
2024-03-01 15:39:00,ACAD,24.049999237060547,24.049999237060547,24.075000762939453,24.049999237060547,24.05500030517578,6877.0
2024-03-01 15:39:00,ACB,3.180000066757202,3.180000066757202,3.180000066757202,3.1700000762939453,3.1700000762939453,3476.0
2024-03-01 15:39:00,ACCD,9.944999694824219,9.944999694824219,9.960000038146973,9.944999694824219,9.949999809265137,3116.0
2024-03-01 15:39:00,ACET,2.369999885559082,2.369999885559082,2.380000114440918,2.369999885559082,2.375,951.0
2024-03-01 15:39:00,ACHC,84.01000213623047,84.01000213623047,84.01000213623047,83.9800033569336,83.9800033569336,694.0
2024-03-01 15:39:00,ACIU,3.799999952316284,3.799999952316284,3.799999952316284,3.799999952316284,3.799999952316284,1038.0
2024-03-01 15:39:00,ACLX,67.30000305175781,67.30000305175781,67.37000274658203,67.2300033569336,67.36000061035156,2071.0
2024-03-01 15:39:00,ACRS,1.2300000190734863,1.2300000190734863,1.2300000190734863,1.225000023841858,1.2300000190734863,857.0
2024-03-01 15:39:00,ADAP,1.6096999645233154,1.6096999645233154,1.6096999645233154,1.6096999645233154,1.6096999645233154,132.0
2024-03-01 15:39:00,ADIL,3.0799999237060547,3.0799999237060547,3.0799999237060547,3.0399999618530273,3.0399999618530273,17024.0
2024-03-01 15:39:00,ADMA,5.534999847412109,5.534999847412109,5.539999961853027,5.525000095367432,5.525000095367432,21689.0
2024-03-01 15:39:00,ADPT,4.025000095367432,4.025000095367432,4.025000095367432,4.019999980926514,4.019999980926514,2383.0
2024-03-01 15:39:00,ADUS,93.91000366210938,93.91000366210938,93.91000366210938,93.87999725341797,93.87999725341797,606.0
2024-03-01 15:39:00,ADVM,1.9600000381469727,1.9600000381469727,1.9600000381469727,1.9500000476837158,1.9500000476837158,2758.0
2024-03-01 15:39:00,AFIB,0.21299999952316284,0.21299999952316284,0.21299999952316284,0.2102999985218048,0.2102999985218048,3009.0
2024-03-01 15:39:00,AFMD,0.6650000214576721,0.6650000214576721,0.6650999784469604,0.6628000140190125,0.6650999784469604,3482.0
2024-03-01 15:39:00,AGEN,0.6700500249862671,0.6700500249862671,0.6700999736785889,0.6700000166893005,0.6700500249862671,54726.0
2024-03-01 15:39:00,AGIO,32.2400016784668,32.2400016784668,32.31999969482422,32.099998474121094,32.099998474121094,20873.0
2024-03-01 15:39:00,AGRX,0.8220000267028809,0.8220000267028809,0.8220000267028809,0.8199999928474426,0.8220000267028809,4000.0
2024-03-01 15:39:00,AHCO,10.505000114440918,10.505000114440918,10.510000228881836,10.505000114440918,10.505000114440918,1571.0
2024-03-01 15:39:00,AIH,0.5200999975204468,0.5200999975204468,0.5200999975204468,0.5200999975204468,0.5200999975204468,339.0
2024-03-01 15:39:00,AIMD,1.0198999643325806,1.0198999643325806,1.0198999643325806,1.0198999643325806,1.0198999643325806,8020.0
2024-03-01 15:39:00,AIRS,6.409999847412109,6.409999847412109,6.409999847412109,6.409999847412109,6.409999847412109,101.0
2024-03-01 15:39:00,AKAN,0.21690000593662262,0.21690000593662262,0.21699999272823334,0.21690000593662262,0.21699999272823334,3451.0
2024-03-01 15:39:00,AKBA,1.6799999475479126,1.6799999475479126,1.684999942779541,1.6799999475479126,1.6799999475479126,3592.0
2024-03-01 15:39:00,AKRO,28.440000534057617,28.440000534057617,28.479999542236328,28.3799991607666,28.3799991607666,5827.0
2024-03-01 15:39:00,ALDX,4.21999979019165,4.21999979019165,4.21999979019165,4.21999979019165,4.21999979019165,1227.0
2024-03-01 15:39:00,ALEC,7.349999904632568,7.349999904632568,7.349999904632568,7.320000171661377,7.320000171661377,3759.0
2024-03-01 15:39:00,ALHC,5.565000057220459,5.565000057220459,5.570000171661377,5.559999942779541,5.565000057220459,2694.0
2024-03-01 15:39:00,ALKS,30.18000030517578,30.18000030517578,30.190000534057617,30.16080093383789,30.170000076293945,6115.0
2024-03-01 15:39:00,ALLK,1.6399999856948853,1.6399999856948853,1.649999976158142,1.6399999856948853,1.6449999809265137,1117.0
2024-03-01 15:39:00,ALLO,4.900000095367432,4.900000095367432,4.909999847412109,4.900000095367432,4.900000095367432,2771.0
2024-03-01 15:39:00,ALNY,152.72999572753906,152.72999572753906,152.75,152.66000366210938,152.66000366210938,1623.0
2024-03-01 15:39:00,ALPN,36.029998779296875,36.029998779296875,36.029998779296875,35.9900016784668,35.9900016784668,1877.0
2024-03-01 15:39:00,ALT,12.15999984741211,12.15999984741211,12.164999961853027,12.130000114440918,12.15999984741211,14326.0
2024-03-01 15:39:00,ALVR,0.744700014591217,0.744700014591217,0.7451000213623047,0.744700014591217,0.7451000213623047,328.0
2024-03-01 15:39:00,ALXO,14.819999694824219,14.819999694824219,14.819999694824219,14.800000190734863,14.800000190734863,922.0
2024-03-01 15:39:00,AMED,93.2699966430664,93.2699966430664,93.29000091552734,93.2699966430664,93.29000091552734,923.0
2024-03-01 15:39:00,AMGN,280.5,280.5,280.6449890136719,280.45001220703125,280.5849914550781,10192.0
2024-03-01 15:39:00,AMLX,18.670000076293945,18.670000076293945,18.68000030517578,18.639999389648438,18.639999389648438,5645.0
2024-03-01 15:39:00,AMPH,45.810001373291016,45.810001373291016,45.810001373291016,45.810001373291016,45.810001373291016,2101.0
2024-03-01 15:39:00,AMRN,1.0499999523162842,1.0499999523162842,1.0549999475479126,1.0499999523162842,1.0499999523162842,2761.0
2024-03-01 15:39:00,ANAB,25.399999618530273,25.399999618530273,25.399999618530273,25.385000228881836,25.385000228881836,2463.0
2024-03-01 15:39:00,ANGO,5.454999923706055,5.454999923706055,5.460000038146973,5.445000171661377,5.449999809265137,5173.0
2024-03-01 15:39:00,ANIP,66.80500030517578,66.80500030517578,66.80500030517578,66.80500030517578,66.80500030517578,278.0
2024-03-01 15:39:00,ANIX,3.509999990463257,3.509999990463257,3.509999990463257,3.509999990463257,3.509999990463257,154.0
2024-03-01 15:39:00,ANNX,6.03000020980835,6.03000020980835,6.050000190734863,6.019999980926514,6.045000076293945,7629.0
2024-03-01 15:39:00,ANTX,3.005000114440918,3.005000114440918,3.009999990463257,3.005000114440918,3.009999990463257,240.0
2024-03-01 15:39:00,APLS,64.12999725341797,64.12999725341797,64.22000122070312,64.0999984741211,64.19499969482422,6163.0
2024-03-01 15:39:00,APLT,7.0,7.0,7.010000228881836,7.0,7.010000228881836,6826.0
2024-03-01 15:39:00,AQST,4.135000228881836,4.135000228881836,4.135000228881836,4.135000228881836,4.135000228881836,598.0
2024-03-01 15:39:00,ARAY,2.615000009536743,2.615000009536743,2.615000009536743,2.615000009536743,2.615000009536743,215.0
2024-03-01 15:39:00,ARCT,39.54999923706055,39.54999923706055,39.560001373291016,39.51499938964844,39.51499938964844,1327.0
2024-03-01 15:39:00,ARDX,9.364999771118164,9.364999771118164,9.375,9.354999542236328,9.359999656677246,20540.0
2024-03-01 15:39:00,ARGX,391.9849853515625,391.9849853515625,392.010009765625,391.9700012207031,392.010009765625,1661.0
2024-03-01 15:39:00,ARQT,11.454999923706055,11.454999923706055,11.479999542236328,11.454999923706055,11.470000267028809,18933.0
2024-03-01 15:39:00,ARVN,47.220001220703125,47.220001220703125,47.34000015258789,47.220001220703125,47.279998779296875,4160.0
2024-03-01 15:39:00,ARWR,35.72999954223633,35.72999954223633,35.72999954223633,35.63999938964844,35.65999984741211,5750.0
2024-03-01 15:39:00,ASLN,0.728600025177002,0.728600025177002,0.7300000190734863,0.728600025177002,0.7300000190734863,623.0
2024-03-01 15:39:00,ASND,154.16000366210938,154.16000366210938,154.17999267578125,154.16000366210938,154.17999267578125,653.0
2024-03-01 15:39:00,ASRT,0.8916500210762024,0.8916500210762024,0.8932999968528748,0.8916500210762024,0.8931999802589417,2010.0
2024-03-01 15:39:00,ATAI,2.129300117492676,2.129300117492676,2.130000114440918,2.125,2.125,27613.0
2024-03-01 15:39:00,ATEC,13.484999656677246,13.484999656677246,13.489999771118164,13.479999542236328,13.479999542236328,4893.0
2024-03-01 15:39:00,ATHA,3.924999952316284,3.924999952316284,3.924999952316284,3.924999952316284,3.924999952316284,200.0
2024-03-01 15:39:00,ATRA,0.7699999809265137,0.7699999809265137,0.7700499892234802,0.7699999809265137,0.7699999809265137,8361.0
2024-03-01 15:39:00,ATRC,36.189998626708984,36.189998626708984,36.189998626708984,36.17499923706055,36.17499923706055,846.0
2024-03-01 15:39:00,ATXI,0.15449999272823334,0.15449999272823334,0.15449999272823334,0.15449999272823334,0.15449999272823334,2522.0
2024-03-01 15:39:00,ATXS,14.920000076293945,14.920000076293945,14.920000076293945,14.899999618530273,14.899999618530273,1964.0
2024-03-01 15:39:00,AUGX,4.550000190734863,4.550000190734863,4.550000190734863,4.550000190734863,4.550000190734863,100.0
2024-03-01 15:39:00,AUPH,5.755000114440918,5.755000114440918,5.755000114440918,5.75,5.755000114440918,334.0
2024-03-01 15:39:00,AURA,9.220000267028809,9.220000267028809,9.229999542236328,9.220000267028809,9.229999542236328,1708.0
2024-03-01 15:39:00,AUTL,6.25,6.25,6.25,6.25,6.25,532.0
2024-03-01 15:39:00,AVDL,13.710000038146973,13.710000038146973,13.720000267028809,13.6899995803833,13.6899995803833,7823.0
2024-03-01 15:39:00,AVIR,4.440000057220459,4.440000057220459,4.440000057220459,4.429999828338623,4.429999828338623,3465.0
2024-03-01 15:39:00,AVTE,23.719999313354492,23.719999313354492,23.719999313354492,23.719999313354492,23.719999313354492,220.0
2024-03-01 15:39:00,AVXL,5.240200042724609,5.240200042724609,5.240200042724609,5.239999771118164,5.239999771118164,5358.0
2024-03-01 15:39:00,AXGN,10.6899995803833,10.6899995803833,10.6899995803833,10.680000305175781,10.680000305175781,3017.0
2024-03-01 15:39:00,AXNX,67.7249984741211,67.7249984741211,67.7249984741211,67.7249984741211,67.7249984741211,161.0
2024-03-01 15:39:00,AXSM,82.38500213623047,82.38500213623047,82.45999908447266,82.38500213623047,82.45999908447266,947.0
2024-03-01 15:39:00,AZN,64.56999969482422,64.56999969482422,64.56999969482422,64.54499816894531,64.55000305175781,14812.0
2024-03-01 15:39:00,AZTA,67.0199966430664,67.0199966430664,67.02999877929688,67.0199966430664,67.02999877929688,985.0
2024-03-01 15:39:00,BBIO,35.7400016784668,35.7400016784668,35.75,35.7400016784668,35.75,378.0
2024-03-01 15:39:00,BBLG,2.4888999462127686,2.4888999462127686,2.4888999462127686,2.444999933242798,2.444999933242798,4135.0
2024-03-01 15:39:00,BCAB,2.7850000858306885,2.7850000858306885,2.7899999618530273,2.7799999713897705,2.7899999618530273,2002.0
2024-03-01 15:39:00,BCDA,0.57989901304245,0.57989901304245,0.5799000263214111,0.5751000046730042,0.5799000263214111,4800.0
2024-03-01 15:39:00,BCEL,0.2687999904155731,0.2687999904155731,0.27000001072883606,0.2687999904155731,0.27000001072883606,4490.0
2024-03-01 15:39:00,BCRX,5.639999866485596,5.639999866485596,5.644999980926514,5.639999866485596,5.639999866485596,4618.0
2024-03-01 15:39:00,BCYC,25.610000610351562,25.610000610351562,25.610000610351562,25.610000610351562,25.610000610351562,522.0
2024-03-01 15:39:00,BDSX,1.590000033378601,1.590000033378601,1.600000023841858,1.590000033378601,1.600000023841858,3773.0
2024-03-01 15:39:00,BDTX,4.715000152587891,4.715000152587891,4.715000152587891,4.715000152587891,4.715000152587891,385.0
2024-03-01 15:39:00,BEAM,39.68000030517578,39.68000030517578,39.68000030517578,39.630001068115234,39.630001068115234,4587.0
2024-03-01 15:39:00,BEAT,1.559999942779541,1.559999942779541,1.559999942779541,1.559999942779541,1.559999942779541,310.0
2024-03-01 15:39:00,BGNE,166.08999633789062,166.08999633789062,166.08999633789062,165.66000366210938,165.66000366210938,4009.0
2024-03-01 15:39:00,BGXX,0.25999999046325684,0.25999999046325684,0.26170000433921814,0.25999999046325684,0.26170000433921814,645.0
2024-03-01 15:39:00,BIIB,220.77000427246094,220.77000427246094,220.77000427246094,220.31500244140625,220.31500244140625,6793.0
2024-03-01 15:39:00,BIOL,0.1459999978542328,0.1459999978542328,0.14630000293254852,0.1458600014448166,0.14630000293254852,10424.0
2024-03-01 15:39:00,BIVI,1.9708000421524048,1.9708000421524048,1.9900000095367432,1.9500000476837158,1.9600000381469727,58276.0
2024-03-01 15:39:00,BLFS,17.860000610351562,17.860000610351562,17.860000610351562,17.809999465942383,17.809999465942383,4306.0
2024-03-01 15:39:00,BLUE,1.5750000476837158,1.5750000476837158,1.5800000429153442,1.5700000524520874,1.5750000476837158,12564.0
2024-03-01 15:39:00,BMEA,17.809999465942383,17.809999465942383,17.809999465942383,17.790000915527344,17.809999465942383,3092.0
2024-03-01 15:39:00,BMRA,1.2000000476837158,1.2000000476837158,1.2000000476837158,1.2000000476837158,1.2000000476837158,106.0
2024-03-01 15:39:00,BMRN,87.55999755859375,87.55999755859375,87.56999969482422,87.54499816894531,87.54499816894531,4151.0
2024-03-01 15:39:00,BNGO,1.25,1.25,1.2599999904632568,1.2450000047683716,1.25,20946.0
2024-03-01 15:39:00,BNR,0.8100000023841858,0.8100000023841858,0.8101000189781189,0.8100000023841858,0.8101000189781189,200.0
2024-03-01 15:39:00,BNTX,90.7300033569336,90.7300033569336,90.7300033569336,90.66999816894531,90.7300033569336,535.0
2024-03-01 15:39:00,BPMC,95.5,95.5,95.55999755859375,95.5,95.55999755859375,356.0
2024-03-01 15:39:00,BRKR,88.33999633789062,88.33999633789062,88.34200286865234,88.26499938964844,88.26499938964844,3842.0
2024-03-01 15:39:00,BRTX,1.5099999904632568,1.5099999904632568,1.5099999904632568,1.499899983406067,1.5,7827.0
2024-03-01 15:39:00,BTAI,3.219899892807007,3.219899892807007,3.219899892807007,3.219899892807007,3.219899892807007,771.0
2024-03-01 15:39:00,BTTX,0.18440000712871552,0.18440000712871552,0.18440000712871552,0.1843000054359436,0.1843000054359436,5359.0
2024-03-01 15:39:00,CABA,23.969999313354492,23.969999313354492,23.969999313354492,23.969999313354492,23.969999313354492,1080.0
2024-03-01 15:39:00,CAPR,4.570000171661377,4.570000171661377,4.570000171661377,4.570000171661377,4.570000171661377,926.0
2024-03-01 15:39:00,CARA,0.9259999990463257,0.9259999990463257,0.9259999990463257,0.9215999841690063,0.9259999990463257,1532.0
2024-03-01 15:39:00,CBAY,32.22999954223633,32.22999954223633,32.22999954223633,32.220001220703125,32.224998474121094,4056.0
2024-03-01 15:39:00,CCCC,10.994999885559082,10.994999885559082,11.0,10.989999771118164,10.989999771118164,4368.0
2024-03-01 15:39:00,CCRN,18.295000076293945,18.295000076293945,18.295000076293945,18.280000686645508,18.290000915527344,2732.0
2024-03-01 15:39:00,CDMO,8.220000267028809,8.220000267028809,8.220000267028809,8.21500015258789,8.21500015258789,468.0
2024-03-01 15:39:00,CDNA,12.390000343322754,12.390000343322754,12.4399995803833,12.390000343322754,12.4399995803833,3483.0
2024-03-01 15:39:00,CDXS,4.650000095367432,4.650000095367432,4.65749979019165,4.650000095367432,4.650000095367432,2241.0
2024-03-01 15:39:00,CELU,3.690000057220459,3.690000057220459,3.690000057220459,3.690000057220459,3.690000057220459,176.0
2024-03-01 15:39:00,CELUW,0.03460000082850456,0.03460000082850456,0.03999999910593033,0.03460000082850456,0.03999999910593033,1000.0
2024-03-01 15:39:00,CERE,41.102500915527344,41.102500915527344,41.11000061035156,41.099998474121094,41.102500915527344,1823.0
2024-03-01 15:39:00,CERS,2.174999952316284,2.174999952316284,2.174999952316284,2.1700000762939453,2.174999952316284,631.0
2024-03-01 15:39:00,CERT,18.145000457763672,18.145000457763672,18.15999984741211,18.139999389648438,18.139999389648438,7361.0
2024-03-01 15:39:00,CGC,3.2049999237060547,3.2049999237060547,3.2100000381469727,3.190000057220459,3.190000057220459,22026.0
2024-03-01 15:39:00,CGEM,18.520000457763672,18.520000457763672,18.520000457763672,18.405000686645508,18.420000076293945,3523.0
2024-03-01 15:39:00,CHEK,2.0899999141693115,2.0899999141693115,2.119999885559082,2.0899999141693115,2.119999885559082,404.0
2024-03-01 15:39:00,CHRS,2.380000114440918,2.380000114440918,2.390000104904175,2.380000114440918,2.380000114440918,6698.0
2024-03-01 15:39:00,CKPT,2.2100000381469727,2.2100000381469727,2.2100000381469727,2.2100000381469727,2.2100000381469727,101.0
2024-03-01 15:39:00,CLDX,51.59000015258789,51.59000015258789,51.6150016784668,51.58000183105469,51.6150016784668,3066.0
2024-03-01 15:39:00,CLOV,0.8657000064849854,0.8657000064849854,0.8658999800682068,0.8657000064849854,0.8658000230789185,20675.0
2024-03-01 15:39:00,CLRB,4.105999946594238,4.105999946594238,4.105999946594238,4.090000152587891,4.090000152587891,3838.0
2024-03-01 15:39:00,CMPS,11.5,11.5,11.5,11.470000267028809,11.489999771118164,1637.0
2024-03-01 15:39:00,CNSP,0.33550000190734863,0.33550000190734863,0.33899998664855957,0.33550000190734863,0.33899998664855957,11000.0
2024-03-01 15:39:00,CNTA,10.734999656677246,10.734999656677246,10.734999656677246,10.720000267028809,10.720000267028809,596.0
2024-03-01 15:39:00,COGT,7.215000152587891,7.215000152587891,7.215000152587891,7.21019983291626,7.21019983291626,3861.0
2024-03-01 15:39:00,COLL,36.900001525878906,36.900001525878906,36.900001525878906,36.845001220703125,36.845001220703125,1841.0
2024-03-01 15:39:00,CORT,24.239999771118164,24.239999771118164,24.239999771118164,24.229999542236328,24.229999542236328,616.0
2024-03-01 15:39:00,COSM,0.772599995136261,0.772599995136261,0.772599995136261,0.772599995136261,0.772599995136261,1054.0
2024-03-01 15:39:00,CPRX,17.184999465942383,17.184999465942383,17.190000534057617,17.18000030517578,17.18000030517578,4041.0
2024-03-01 15:39:00,CPSI,9.260000228881836,9.260000228881836,9.270000457763672,9.25,9.25,3637.0
2024-03-01 15:39:00,CRBP,34.439998626708984,34.439998626708984,34.439998626708984,34.13999938964844,34.334999084472656,2320.0
2024-03-01 15:39:00,CRBU,7.800000190734863,7.800000190734863,7.800000190734863,7.760000228881836,7.769999980926514,5911.0
2024-03-01 15:39:00,CRDF,2.910399913787842,2.910399913787842,2.9200000762939453,2.859999895095825,2.859999895095825,194208.0
2024-03-01 15:39:00,CRDL,1.9199999570846558,1.9199999570846558,1.9199999570846558,1.9199999570846558,1.9199999570846558,750.0
2024-03-01 15:39:00,CRMD,3.6600000858306885,3.6600000858306885,3.6600000858306885,3.6600000858306885,3.6600000858306885,263.0
2024-03-01 15:39:00,CRNX,45.814998626708984,45.814998626708984,45.81999969482422,45.779998779296875,45.81999969482422,930.0
2024-03-01 15:39:00,CRON,2.009999990463257,2.009999990463257,2.0199999809265137,2.009999990463257,2.0199999809265137,11481.0
2024-03-01 15:39:00,CRSP,84.08999633789062,84.08999633789062,84.0999984741211,83.97000122070312,84.0,4382.0
2024-03-01 15:39:00,CRVS,2.194999933242798,2.194999933242798,2.194999933242798,2.194999933242798,2.194999933242798,100.0
2024-03-01 15:39:00,CSTL,20.030000686645508,20.030000686645508,20.030000686645508,19.9950008392334,19.9950008392334,1063.0
2024-03-01 15:39:00,CTKB,9.000100135803223,9.000100135803223,9.015000343322754,9.0,9.015000343322754,13815.0
2024-03-01 15:39:00,CTMX,2.5799999237060547,2.5799999237060547,2.5799999237060547,2.559999942779541,2.575000047683716,6694.0
2024-03-01 15:39:00,CUE,2.130000114440918,2.130000114440918,2.130000114440918,2.130000114440918,2.130000114440918,435.0
2024-03-01 15:39:00,CUTR,2.4000000953674316,2.4000000953674316,2.4000000953674316,2.4000000953674316,2.4000000953674316,301.0
2024-03-01 15:39:00,CVRX,20.815000534057617,20.815000534057617,20.829999923706055,20.815000534057617,20.829999923706055,288.0
2024-03-01 15:39:00,CYTH,1.6299999952316284,1.6299999952316284,1.6299999952316284,1.6299999952316284,1.6299999952316284,217.0
2024-03-01 15:39:00,CYTK,73.75499725341797,73.75499725341797,73.77999877929688,73.75499725341797,73.76000213623047,3115.0
2024-03-01 15:39:00,CYTO,2.384999990463257,2.384999990463257,2.384999990463257,2.384999990463257,2.384999990463257,200.0
2024-03-01 15:39:00,DAWN,17.459999084472656,17.459999084472656,17.46500015258789,17.450000762939453,17.459999084472656,923.0
2024-03-01 15:39:00,DCGO,4.059999942779541,4.059999942779541,4.065000057220459,4.059999942779541,4.059999942779541,809.0
2024-03-01 15:39:00,DCPH,17.469999313354492,17.469999313354492,17.469999313354492,17.459999084472656,17.459999084472656,1408.0
2024-03-01 15:39:00,DH,8.84000015258789,8.84000015258789,8.84000015258789,8.84000015258789,8.84000015258789,789.0
2024-03-01 15:39:00,DMTK,0.8299999833106995,0.8299999833106995,0.8299999833106995,0.8299999833106995,0.8299999833106995,404.0
2024-03-01 15:39:00,DNLI,20.84000015258789,20.84000015258789,20.854999542236328,20.834999084472656,20.84000015258789,3039.0
2024-03-01 15:39:00,DRIO,1.9900000095367432,1.9900000095367432,1.9900000095367432,1.9900000095367432,1.9900000095367432,102.0
2024-03-01 15:39:00,DRRX,0.9950000047683716,0.9950000047683716,1.0,0.9901000261306763,0.9901000261306763,4149.0
2024-03-01 15:39:00,DTIL,12.609999656677246,12.609999656677246,12.625,12.5600004196167,12.600000381469727,738.0
2024-03-01 15:39:00,DVAX,12.765000343322754,12.765000343322754,12.765000343322754,12.755000114440918,12.755000114440918,3803.0
2024-03-01 15:39:00,DXCM,121.03500366210938,121.03500366210938,121.13999938964844,121.03500366210938,121.09500122070312,13518.0
2024-03-01 15:39:00,DYN,29.049999237060547,29.049999237060547,29.059999465942383,29.020000457763672,29.020000457763672,4495.0
2024-03-01 15:39:00,EDIT,10.549699783325195,10.549699783325195,10.5649995803833,10.54010009765625,10.54010009765625,10162.0
2024-03-01 15:39:00,EFTR,16.1299991607666,16.1299991607666,16.229999542236328,16.1299991607666,16.219999313354492,787.0
2024-03-01 15:39:00,EGRX,6.46999979019165,6.46999979019165,6.480000019073486,6.440000057220459,6.480000019073486,3795.0
2024-03-01 15:39:00,ELEV,5.050099849700928,5.050099849700928,5.067500114440918,5.039999961853027,5.039999961853027,10799.0
2024-03-01 15:39:00,ENSG,121.66999816894531,121.66999816894531,121.66999816894531,121.66999816894531,121.66999816894531,357.0
2024-03-01 15:39:00,ENTA,15.529999732971191,15.529999732971191,15.529999732971191,15.529999732971191,15.529999732971191,659.0
2024-03-01 15:39:00,ENVB,1.559999942779541,1.559999942779541,1.5700000524520874,1.5499999523162842,1.559999942779541,10645.0
2024-03-01 15:39:00,EOLS,14.899999618530273,14.899999618530273,14.899999618530273,14.890000343322754,14.890000343322754,1270.0
2024-03-01 15:39:00,EPIX,9.300000190734863,9.300000190734863,9.319999694824219,9.300000190734863,9.300000190734863,1955.0
2024-03-01 15:39:00,EQ,2.4700000286102295,2.4700000286102295,2.4700000286102295,2.4700000286102295,2.4700000286102295,100.0
2024-03-01 15:39:00,ERAS,2.625,2.625,2.625,2.619999885559082,2.619999885559082,2248.0
2024-03-01 15:39:00,ESPR,2.5350000858306885,2.5350000858306885,2.5350000858306885,2.5299999713897705,2.5299999713897705,4167.0
2024-03-01 15:39:00,ESTA,44.36899948120117,44.36899948120117,44.380001068115234,44.040000915527344,44.040000915527344,5457.0
2024-03-01 15:39:00,ETNB,12.710000038146973,12.710000038146973,12.710000038146973,12.6850004196167,12.694999694824219,12770.0
2024-03-01 15:39:00,EWTX,16.625,16.625,16.625,16.625,16.625,569.0
2024-03-01 15:39:00,EXAI,6.53000020980835,6.53000020980835,6.53000020980835,6.514999866485596,6.514999866485596,2569.0
2024-03-01 15:39:00,EXAS,59.2599983215332,59.2599983215332,59.290000915527344,59.2599983215332,59.2599983215332,3021.0
2024-03-01 15:39:00,EXEL,22.235000610351562,22.235000610351562,22.239999771118164,22.229999542236328,22.229999542236328,5199.0
2024-03-01 15:39:00,EYEN,2.369999885559082,2.369999885559082,2.390000104904175,2.360100030899048,2.390000104904175,8547.0
2024-03-01 15:39:00,EYPT,27.985000610351562,27.985000610351562,27.985000610351562,27.940000534057617,27.940000534057617,3851.0
2024-03-01 15:39:00,FATE,7.704999923706055,7.704999923706055,7.704999923706055,7.699999809265137,7.704999923706055,2168.0
2024-03-01 15:39:00,FBIOP,15.369999885559082,15.369999885559082,15.369999885559082,15.369999885559082,15.369999885559082,202.0
2024-03-01 15:39:00,FDMT,29.2549991607666,29.2549991607666,29.280000686645508,29.239999771118164,29.25,4110.0
2024-03-01 15:39:00,FEMY,1.7949999570846558,1.7949999570846558,1.809999942779541,1.7949999570846558,1.809999942779541,603.0
2024-03-01 15:39:00,FGEN,1.8250000476837158,1.8250000476837158,1.8250000476837158,1.8224999904632568,1.8224999904632568,670.0
2024-03-01 15:39:00,FHTX,7.920000076293945,7.920000076293945,7.96999979019165,7.920000076293945,7.96999979019165,1306.0
2024-03-01 15:39:00,FLGC,1.1399999856948853,1.1399999856948853,1.1399999856948853,1.1299999952316284,1.1299999952316284,267.0
2024-03-01 15:39:00,FLGT,23.1299991607666,23.1299991607666,23.1299991607666,23.100000381469727,23.100000381469727,1768.0
2024-03-01 15:39:00,FOLD,13.3149995803833,13.3149995803833,13.3149995803833,13.305000305175781,13.3100004196167,6787.0
2024-03-01 15:39:00,FULC,10.984999656677246,10.984999656677246,10.984999656677246,10.960000038146973,10.960000038146973,4384.0
2024-03-01 15:39:00,FUSN,12.09000015258789,12.09000015258789,12.114999771118164,12.09000015258789,12.114999771118164,3714.0
2024-03-01 15:39:00,GBIO,2.619999885559082,2.619999885559082,2.619999885559082,2.619999885559082,2.619999885559082,110.0
2024-03-01 15:39:00,GCTK,0.3100000023841858,0.3100000023841858,0.3100000023841858,0.3100000023841858,0.3100000023841858,101.0
2024-03-01 15:39:00,GDRX,8.335000038146973,8.335000038146973,8.335000038146973,8.319999694824219,8.329999923706055,4777.0
2024-03-01 15:39:00,GENE,2.380000114440918,2.380000114440918,2.380000114440918,2.380000114440918,2.380000114440918,100.0
2024-03-01 15:39:00,GERN,2.244999885559082,2.244999885559082,2.249500036239624,2.240000009536743,2.249500036239624,4127.0
2024-03-01 15:39:00,GH,18.92099952697754,18.92099952697754,18.93000030517578,18.910999298095703,18.910999298095703,2363.0
2024-03-01 15:39:00,GHSI,8.229999542236328,8.229999542236328,8.229999542236328,8.229999542236328,8.229999542236328,100.0
2024-03-01 15:39:00,GILD,72.31500244140625,72.31500244140625,72.33999633789062,72.30000305175781,72.30999755859375,18687.0
2024-03-01 15:39:00,GLMD,0.4099990129470825,0.4099990129470825,0.4099990129470825,0.4099990129470825,0.4099990129470825,2000.0
2024-03-01 15:39:00,GLSI,12.75,12.75,12.75,12.75,12.75,115.0
2024-03-01 15:39:00,GLTO,0.8298010230064392,0.8298010230064392,0.8298010230064392,0.8298010230064392,0.8298010230064392,5978.0
2024-03-01 15:39:00,GMAB,29.295000076293945,29.295000076293945,29.295000076293945,29.270000457763672,29.270000457763672,3196.0
2024-03-01 15:39:00,GMDA,0.38609999418258667,0.38609999418258667,0.38609999418258667,0.38609999418258667,0.38609999418258667,320.0
2024-03-01 15:39:00,GOSS,1.3949999809265137,1.3949999809265137,1.399999976158142,1.3899999856948853,1.399999976158142,18056.0
2024-03-01 15:39:00,GRFS,7.025000095367432,7.025000095367432,7.025000095367432,7.019999980926514,7.019999980926514,623.0
2024-03-01 15:39:00,GRTS,2.0199999809265137,2.0199999809265137,2.027600049972534,2.0199999809265137,2.0250000953674316,4436.0
2024-03-01 15:39:00,GRTX,0.23100000619888306,0.23100000619888306,0.23100000619888306,0.23100000619888306,0.23100000619888306,267.0
2024-03-01 15:39:00,GTHX,3.694999933242798,3.694999933242798,3.700000047683716,3.694999933242798,3.700000047683716,2882.0
2024-03-01 15:39:00,HALO,41.099998474121094,41.099998474121094,41.099998474121094,41.060001373291016,41.060001373291016,1944.0
2024-03-01 15:39:00,HCAT,8.045000076293945,8.045000076293945,8.050000190734863,8.039999961853027,8.039999961853027,4054.0
2024-03-01 15:39:00,HCSG,12.8100004196167,12.8100004196167,12.8100004196167,12.805000305175781,12.805000305175781,1325.0
2024-03-01 15:39:00,HCTI,2.0394999980926514,2.0394999980926514,2.0394999980926514,2.0,2.009999990463257,5482.0
2024-03-01 15:39:00,HITI,1.7549999952316284,1.7549999952316284,1.7549999952316284,1.7549999952316284,1.7549999952316284,467.0
2024-03-01 15:39:00,HLTH,0.2680000066757202,0.2680000066757202,0.2680000066757202,0.2680000066757202,0.2680000066757202,200.0
2024-03-01 15:39:00,HLVX,19.06999969482422,19.06999969482422,19.06999969482422,19.06999969482422,19.06999969482422,115.0
2024-03-01 15:39:00,HOLX,74.0,74.0,74.01000213623047,73.94999694824219,73.95999908447266,2942.0
2024-03-01 15:39:00,HOTH,1.3300000429153442,1.3300000429153442,1.3300000429153442,1.3300000429153442,1.3300000429153442,119.0
2024-03-01 15:39:00,HOWL,7.010000228881836,7.010000228881836,7.010000228881836,7.0,7.0,1362.0
2024-03-01 15:39:00,HQY,81.11100006103516,81.11100006103516,81.16000366210938,81.11100006103516,81.16000366210938,1990.0
2024-03-01 15:39:00,HRMY,31.8700008392334,31.8700008392334,31.8700008392334,31.8700008392334,31.8700008392334,711.0
2024-03-01 15:39:00,HROW,10.864999771118164,10.864999771118164,10.869999885559082,10.859999656677246,10.859999656677246,953.0
2024-03-01 15:39:00,HRTX,2.569999933242798,2.569999933242798,2.575000047683716,2.569999933242798,2.569999933242798,1951.0
2024-03-01 15:39:00,HSCS,0.1216999962925911,0.1216999962925911,0.1216999962925911,0.1216999962925911,0.1216999962925911,750.0
2024-03-01 15:39:00,HSIC,76.88999938964844,76.88999938964844,76.9000015258789,76.88099670410156,76.9000015258789,1054.0
2024-03-01 15:39:00,HUMA,3.29010009765625,3.29010009765625,3.299999952316284,3.25,3.2558999061584473,157776.0
2024-03-01 15:39:00,IART,36.0099983215332,36.0099983215332,36.040000915527344,36.0099983215332,36.029998779296875,3003.0
2024-03-01 15:39:00,IBRX,4.736000061035156,4.736000061035156,4.75,4.730000019073486,4.735000133514404,17162.0
2024-03-01 15:39:00,ICCM,1.284999966621399,1.284999966621399,1.2899999618530273,1.2799999713897705,1.2899999618530273,681.0
2024-03-01 15:39:00,ICLR,324.2850036621094,324.2850036621094,324.2850036621094,324.2850036621094,324.2850036621094,392.0
2024-03-01 15:39:00,ICUI,105.56999969482422,105.56999969482422,105.56999969482422,105.56999969482422,105.56999969482422,147.0
2024-03-01 15:39:00,IDXX,575.9299926757812,575.9299926757812,576.114990234375,575.9299926757812,576.030029296875,2931.0
2024-03-01 15:39:00,IDYA,46.209999084472656,46.209999084472656,46.220001220703125,46.209999084472656,46.220001220703125,394.0
2024-03-01 15:39:00,IGMS,12.760000228881836,12.760000228881836,12.8100004196167,12.760000228881836,12.800000190734863,797.0
2024-03-01 15:39:00,IKNA,1.4800000190734863,1.4800000190734863,1.4950000047683716,1.4800000190734863,1.4900000095367432,2530.0
2024-03-01 15:39:00,ILMN,140.52000427246094,140.52000427246094,140.5399932861328,140.52000427246094,140.5399932861328,1166.0
2024-03-01 15:39:00,IMNM,25.579999923706055,25.579999923706055,25.6200008392334,25.549999237060547,25.6200008392334,762.0
2024-03-01 15:39:00,IMUX,1.4499000310897827,1.4499000310897827,1.4499000310897827,1.440000057220459,1.440000057220459,3591.0
2024-03-01 15:39:00,IMVT,35.525001525878906,35.525001525878906,35.540000915527344,35.5099983215332,35.5099983215332,4725.0
2024-03-01 15:39:00,INBX,36.52000045776367,36.52000045776367,36.540000915527344,36.52000045776367,36.52000045776367,970.0
2024-03-01 15:39:00,INCY,59.0099983215332,59.0099983215332,59.029998779296875,58.970001220703125,58.97999954223633,4302.0
2024-03-01 15:39:00,INDP,2.085700035095215,2.085700035095215,2.1050000190734863,2.069999933242798,2.1050000190734863,604.0
2024-03-01 15:39:00,INGN,6.929999828338623,6.929999828338623,6.929999828338623,6.929999828338623,6.929999828338623,376.0
2024-03-01 15:39:00,INMB,12.335000038146973,12.335000038146973,12.380000114440918,12.335000038146973,12.380000114440918,338.0
2024-03-01 15:39:00,INMD,22.885000228881836,22.885000228881836,22.889999389648438,22.885000228881836,22.889999389648438,3770.0
2024-03-01 15:39:00,INO,9.510000228881836,9.510000228881836,9.520000457763672,9.510000228881836,9.520000457763672,381.0
2024-03-01 15:39:00,INSM,28.014999389648438,28.014999389648438,28.020000457763672,27.985000610351562,27.985000610351562,5817.0
2024-03-01 15:39:00,INVA,15.345000267028809,15.345000267028809,15.345000267028809,15.345000267028809,15.345000267028809,642.0
2024-03-01 15:39:00,INZY,6.539999961853027,6.539999961853027,6.539999961853027,6.539999961853027,6.539999961853027,923.0
2024-03-01 15:39:00,IONM,0.35899999737739563,0.35899999737739563,0.35899999737739563,0.35899999737739563,0.35899999737739563,100.0
2024-03-01 15:39:00,IONS,45.55220031738281,45.55220031738281,45.61000061035156,45.540000915527344,45.59000015258789,6043.0
2024-03-01 15:39:00,IOVA,16.854999542236328,16.854999542236328,16.8700008392334,16.850000381469727,16.864999771118164,26734.0
2024-03-01 15:39:00,IRIX,2.6500000953674316,2.6500000953674316,2.6500000953674316,2.6500000953674316,2.6500000953674316,207.0
2024-03-01 15:39:00,IRMD,41.46500015258789,41.46500015258789,41.529998779296875,41.46500015258789,41.529998779296875,200.0
2024-03-01 15:39:00,IRTC,120.1449966430664,120.1449966430664,120.23999786376953,120.1449966430664,120.18000030517578,682.0
2024-03-01 15:39:00,IRWD,8.885000228881836,8.885000228881836,8.890000343322754,8.880000114440918,8.885000228881836,9839.0
2024-03-01 15:39:00,ISRG,398.05499267578125,398.05499267578125,398.1600036621094,398.010009765625,398.1400146484375,3034.0
2024-03-01 15:39:00,ITCI,72.05500030517578,72.05500030517578,72.06999969482422,71.98999786376953,71.98999786376953,2704.0
2024-03-01 15:39:00,ITOS,11.220000267028809,11.220000267028809,11.220000267028809,11.220000267028809,11.220000267028809,100.0
2024-03-01 15:39:00,IVVD,3.990000009536743,3.990000009536743,3.990000009536743,3.9800000190734863,3.9800000190734863,1524.0
2024-03-01 15:39:00,JAGX,0.08410000056028366,0.08410000056028366,0.08500000089406967,0.08209999650716782,0.08500000089406967,786873.0
2024-03-01 15:39:00,JANX,46.040000915527344,46.040000915527344,46.06999969482422,46.029998779296875,46.06999969482422,6262.0
2024-03-01 15:39:00,JAZZ,118.68000030517578,118.68000030517578,118.75,118.62000274658203,118.75,5913.0
2024-03-01 15:39:00,JSPR,21.219999313354492,21.219999313354492,21.2549991607666,21.219999313354492,21.2549991607666,200.0
2024-03-01 15:39:00,KALV,14.079000473022461,14.079000473022461,14.079000473022461,14.0600004196167,14.0600004196167,1238.0
2024-03-01 15:39:00,KIDS,27.954999923706055,27.954999923706055,28.0,27.954999923706055,28.0,637.0
2024-03-01 15:39:00,KNSA,21.809999465942383,21.809999465942383,21.809999465942383,21.785999298095703,21.799999237060547,987.0
2024-03-01 15:39:00,KNTE,2.575000047683716,2.575000047683716,2.575000047683716,2.569999933242798,2.575000047683716,1949.0
2024-03-01 15:39:00,KOD,5.985000133514404,5.985000133514404,5.994999885559082,5.985000133514404,5.989999771118164,1278.0
2024-03-01 15:39:00,KPTI,1.184999942779541,1.184999942779541,1.184999942779541,1.184999942779541,1.184999942779541,853.0
2024-03-01 15:39:00,KRON,1.1150000095367432,1.1150000095367432,1.1150000095367432,1.100000023841858,1.1100000143051147,10346.0
2024-03-01 15:39:00,KROS,68.31999969482422,68.31999969482422,68.31999969482422,68.31999969482422,68.31999969482422,439.0
2024-03-01 15:39:00,KRYS,168.39999389648438,168.39999389648438,168.39999389648438,168.30499267578125,168.30999755859375,2741.0
2024-03-01 15:39:00,KURA,21.59000015258789,21.59000015258789,21.59000015258789,21.56999969482422,21.56999969482422,1827.0
2024-03-01 15:39:00,KYMR,43.66999816894531,43.66999816894531,43.70000076293945,43.65999984741211,43.68000030517578,1521.0
2024-03-01 15:39:00,KZR,1.034999966621399,1.034999966621399,1.034999966621399,1.0299999713897705,1.0299999713897705,1310.0
2024-03-01 15:39:00,LAB,2.4649999141693115,2.4649999141693115,2.4649999141693115,2.4649999141693115,2.4649999141693115,3328.0
2024-03-01 15:39:00,LBPH,21.46500015258789,21.46500015258789,21.540000915527344,21.46500015258789,21.489999771118164,4642.0
2024-03-01 15:39:00,LEGN,65.44999694824219,65.44999694824219,65.45999908447266,65.43000030517578,65.44000244140625,2115.0
2024-03-01 15:39:00,LEXX,2.8515000343322754,2.8515000343322754,2.8701000213623047,2.8499999046325684,2.869999885559082,4197.0
2024-03-01 15:39:00,LFST,7.744999885559082,7.744999885559082,7.744999885559082,7.739999771118164,7.744999885559082,1543.0
2024-03-01 15:39:00,LGND,77.22250366210938,77.22250366210938,77.27999877929688,77.18000030517578,77.2750015258789,4912.0
2024-03-01 15:39:00,LGVN,0.5400000214576721,0.5400000214576721,0.5400000214576721,0.5400000214576721,0.5400000214576721,102.0
2024-03-01 15:39:00,LIAN,4.869999885559082,4.869999885559082,4.869999885559082,4.869999885559082,4.869999885559082,209.0
2024-03-01 15:39:00,LIFE,1.899999976158142,1.899999976158142,1.899999976158142,1.899999976158142,1.899999976158142,178.0
2024-03-01 15:39:00,LIVN,55.25,55.25,55.27000045776367,55.2400016784668,55.2400016784668,2223.0
2024-03-01 15:39:00,LMAT,68.12999725341797,68.12999725341797,68.13999938964844,68.06999969482422,68.06999969482422,1677.0
2024-03-01 15:39:00,LNTH,64.37830352783203,64.37830352783203,64.38999938964844,64.36000061035156,64.36000061035156,1665.0
2024-03-01 15:39:00,LQDA,14.574999809265137,14.574999809265137,14.574999809265137,14.569999694824219,14.569999694824219,426.0
2024-03-01 15:39:00,LRMR,11.279999732971191,11.279999732971191,11.329999923706055,11.279999732971191,11.329999923706055,308.0
2024-03-01 15:39:00,LTRN,3.9853999614715576,3.9853999614715576,3.9853999614715576,3.9853999614715576,3.9853999614715576,100.0
2024-03-01 15:39:00,LUNG,9.390000343322754,9.390000343322754,9.390000343322754,9.380000114440918,9.380000114440918,368.0
2024-03-01 15:39:00,LVTX,2.509999990463257,2.509999990463257,2.509999990463257,2.494999885559082,2.509999990463257,14841.0
2024-03-01 15:39:00,LXRX,2.4700000286102295,2.4700000286102295,2.4749999046325684,2.4700000286102295,2.4749999046325684,885.0
2024-03-01 15:39:00,LYEL,3.1050000190734863,3.1050000190734863,3.1050000190734863,3.101099967956543,3.1050000190734863,1046.0
2024-03-01 15:39:00,LYRA,5.659999847412109,5.659999847412109,5.670000076293945,5.650000095367432,5.65500020980835,3485.0
2024-03-01 15:39:00,MASI,127.62999725341797,127.62999725341797,127.62999725341797,127.62000274658203,127.62000274658203,788.0
2024-03-01 15:39:00,MASS,7.269999980926514,7.269999980926514,7.269999980926514,7.269999980926514,7.269999980926514,507.0
2024-03-01 15:39:00,MBOT,1.3009999990463257,1.3009999990463257,1.3009999990463257,1.2999999523162842,1.2999999523162842,1889.0
2024-03-01 15:39:00,MBRX,0.6290000081062317,0.6290000081062317,0.6290000081062317,0.6290000081062317,0.6290000081062317,103.0
2024-03-01 15:39:00,MCRB,1.2300000190734863,1.2300000190734863,1.2300000190734863,1.2200000286102295,1.2200000286102295,1876.0
2024-03-01 15:39:00,MDGL,249.2449951171875,249.2449951171875,249.2449951171875,248.66000366210938,248.66000366210938,1086.0
2024-03-01 15:39:00,MDRX,6.039999961853027,6.039999961853027,6.039999961853027,6.010000228881836,6.010000228881836,31809.0
2024-03-01 15:39:00,MDXG,8.600000381469727,8.600000381469727,8.600000381469727,8.595000267028809,8.595000267028809,2913.0
2024-03-01 15:39:00,ME,0.5472999811172485,0.5472999811172485,0.5475000143051147,0.5461999773979187,0.5461999773979187,54064.0
2024-03-01 15:39:00,MGNX,18.760000228881836,18.760000228881836,18.761999130249023,18.760000228881836,18.761999130249023,299.0
2024-03-01 15:39:00,MGTX,6.389999866485596,6.389999866485596,6.389999866485596,6.389999866485596,6.389999866485596,211.0
2024-03-01 15:39:00,MHUA,0.6898999810218811,0.6898999810218811,0.6898999810218811,0.6898999810218811,0.6898999810218811,100.0
2024-03-01 15:39:00,MIRM,29.075000762939453,29.075000762939453,29.082300186157227,29.075000762939453,29.079999923706055,2187.0
2024-03-01 15:39:00,MLTX,51.095001220703125,51.095001220703125,51.095001220703125,51.08000183105469,51.0890007019043,838.0
2024-03-01 15:39:00,MMSI,76.27999877929688,76.27999877929688,76.27999877929688,76.2300033569336,76.2300033569336,2160.0
2024-03-01 15:39:00,MNKD,4.505000114440918,4.505000114440918,4.505000114440918,4.5,4.505000114440918,5610.0
2024-03-01 15:39:00,MNMD,6.135000228881836,6.135000228881836,6.139800071716309,6.135000228881836,6.135000228881836,1182.0
2024-03-01 15:39:00,MNPR,0.9399999976158142,0.9399999976158142,0.9399999976158142,0.9325000047683716,0.9350000023841858,1200.0
2024-03-01 15:39:00,MODD,1.9299999475479126,1.9299999475479126,1.9299999475479126,1.9299999475479126,1.9299999475479126,300.0
2024-03-01 15:39:00,MODV,28.020000457763672,28.020000457763672,28.059999465942383,27.915000915527344,28.05500030517578,8245.0
2024-03-01 15:39:00,MOR,17.68000030517578,17.68000030517578,17.68000030517578,17.68000030517578,17.68000030517578,219.0
2024-03-01 15:39:00,MORF,39.560001373291016,39.560001373291016,39.58000183105469,39.560001373291016,39.56999969482422,1233.0
2024-03-01 15:39:00,MREO,3.9200000762939453,3.9200000762939453,3.924999952316284,3.9200000762939453,3.9200000762939453,15437.0
2024-03-01 15:39:00,MRNA,95.68000030517578,95.68000030517578,95.68000030517578,95.5,95.5,13804.0
2024-03-01 15:39:00,MRNS,9.970000267028809,9.970000267028809,9.970000267028809,9.970000267028809,9.970000267028809,415.0
2024-03-01 15:39:00,MRSN,5.929999828338623,5.929999828338623,5.945000171661377,5.929999828338623,5.945000171661377,11256.0
2024-03-01 15:39:00,MRUS,51.20000076293945,51.20000076293945,51.27000045776367,51.20000076293945,51.27000045776367,2535.0
2024-03-01 15:39:00,MRVI,7.619999885559082,7.619999885559082,7.625,7.619999885559082,7.625,1146.0
2024-03-01 15:39:00,MXCT,4.71999979019165,4.71999979019165,4.71999979019165,4.715000152587891,4.715000152587891,898.0
2024-03-01 15:39:00,MYGN,22.155000686645508,22.155000686645508,22.170000076293945,22.079999923706055,22.079999923706055,1997.0
2024-03-01 15:39:00,MYNZ,0.8809999823570251,0.8809999823570251,0.8809999823570251,0.8799999952316284,0.8799999952316284,608.0
2024-03-01 15:39:00,NAOV,0.9883999824523926,0.9883999824523926,0.9883999824523926,0.9883999824523926,0.9883999824523926,112.0
2024-03-01 15:39:00,NARI,45.47999954223633,45.47999954223633,45.5,45.439998626708984,45.439998626708984,8029.0
2024-03-01 15:39:00,NBIX,131.84500122070312,131.84500122070312,131.86000061035156,131.8300018310547,131.8300018310547,1847.0
2024-03-01 15:39:00,NEO,15.90999984741211,15.90999984741211,15.90999984741211,15.90999984741211,15.90999984741211,413.0
2024-03-01 15:39:00,NEOG,17.209999084472656,17.209999084472656,17.225000381469727,17.209999084472656,17.225000381469727,3728.0
2024-03-01 15:39:00,NGM,1.5199999809265137,1.5199999809265137,1.5199999809265137,1.5199999809265137,1.5199999809265137,584.0
2024-03-01 15:39:00,NKTR,0.7505000233650208,0.7505000233650208,0.7524999976158142,0.7505000233650208,0.7524999976158142,708.0
2024-03-01 15:39:00,NKTX,12.739999771118164,12.739999771118164,12.739999771118164,12.718000411987305,12.720000267028809,1825.0
2024-03-01 15:39:00,NNOX,10.954999923706055,10.954999923706055,10.954999923706055,10.920000076293945,10.920000076293945,5028.0
2024-03-01 15:39:00,NOTV,8.010000228881836,8.010000228881836,8.010000228881836,8.010000228881836,8.010000228881836,100.0
2024-03-01 15:39:00,NPCE,16.270000457763672,16.270000457763672,16.270000457763672,16.235000610351562,16.270000457763672,823.0
2024-03-01 15:39:00,NRBO,6.150000095367432,6.150000095367432,6.179999828338623,6.090000152587891,6.090000152587891,1998.0
2024-03-01 15:39:00,NRIX,13.510000228881836,13.510000228881836,13.510000228881836,13.489999771118164,13.489999771118164,2198.0
2024-03-01 15:39:00,NRSN,2.0,2.0,2.0,2.0,2.0,2348.0
2024-03-01 15:39:00,NRXP,0.43799999356269836,0.43799999356269836,0.43799999356269836,0.43799999356269836,0.43799999356269836,421.0
2024-03-01 15:39:00,NTLA,32.86000061035156,32.86000061035156,32.900001525878906,32.849998474121094,32.849998474121094,3238.0
2024-03-01 15:39:00,NTRA,89.25,89.25,89.32499694824219,89.25,89.25499725341797,3821.0
2024-03-01 15:39:00,NURO,4.039999961853027,4.039999961853027,4.039999961853027,4.039999961853027,4.039999961853027,100.0
2024-03-01 15:39:00,NUTX,0.1137000024318695,0.1137000024318695,0.11384999752044678,0.11339999735355377,0.1137000024318695,2321.0
2024-03-01 15:39:00,NUWE,0.5950000286102295,0.5950000286102295,0.5950000286102295,0.5950000286102295,0.5950000286102295,574.0
2024-03-01 15:39:00,NVAX,5.375,5.375,5.389999866485596,5.369999885559082,5.385900020599365,27173.0
2024-03-01 15:39:00,NVCR,16.065000534057617,16.065000534057617,16.065000534057617,16.049999237060547,16.049999237060547,1987.0
2024-03-01 15:39:00,NVCT,10.664999961853027,10.664999961853027,10.664999961853027,10.664999961853027,10.664999961853027,100.0
2024-03-01 15:39:00,NVNO,6.440000057220459,6.440000057220459,6.440000057220459,6.440000057220459,6.440000057220459,396.0
2024-03-01 15:39:00,NVOS,0.6439999938011169,0.6439999938011169,0.6439999938011169,0.6439999938011169,0.6439999938011169,252.0
2024-03-01 15:39:00,NXGL,2.399199962615967,2.399199962615967,2.4149999618530273,2.399199962615967,2.4149999618530273,1289.0
2024-03-01 15:39:00,NXTC,1.7799999713897705,1.7799999713897705,1.7799999713897705,1.7799999713897705,1.7799999713897705,100.0
2024-03-01 15:39:00,OCGN,0.9460999965667725,0.9460999965667725,0.9460999965667725,0.9458000063896179,0.9458000063896179,11222.0
2024-03-01 15:39:00,OCUL,10.65999984741211,10.65999984741211,10.670000076293945,10.637999534606934,10.640000343322754,8726.0
2024-03-01 15:39:00,OCUP,2.505000114440918,2.505000114440918,2.505000114440918,2.505000114440918,2.505000114440918,110.0
2024-03-01 15:39:00,OFIX,12.920000076293945,12.920000076293945,12.920000076293945,12.920000076293945,12.920000076293945,101.0
2024-03-01 15:39:00,OGI,2.1600000858306885,2.1600000858306885,2.1600000858306885,2.1600000858306885,2.1600000858306885,1570.0
2024-03-01 15:39:00,OLK,23.0,23.0,23.0,22.9950008392334,22.9950008392334,200.0
2024-03-01 15:39:00,OLMA,14.779999732971191,14.779999732971191,14.789999961853027,14.760000228881836,14.760000228881836,1145.0
2024-03-01 15:39:00,OM,3.0799999237060547,3.0799999237060547,3.0799999237060547,3.0799999237060547,3.0799999237060547,633.0
2024-03-01 15:39:00,OMCL,26.21500015258789,26.21500015258789,26.229999542236328,26.059999465942383,26.075000762939453,12171.0
2024-03-01 15:39:00,OMER,4.829999923706055,4.829999923706055,4.829999923706055,4.829999923706055,4.829999923706055,2587.0
2024-03-01 15:39:00,OMGA,4.360000133514404,4.360000133514404,4.360000133514404,4.360000133514404,4.360000133514404,113.0
2024-03-01 15:39:00,ONTX,0.8263000249862671,0.8263000249862671,0.8263000249862671,0.8263000249862671,0.8263000249862671,618.0
2024-03-01 15:40:00,AADI,1.9299999475479126,1.9299999475479126,1.9391000270843506,1.9299999475479126,1.9391000270843506,2112.0
2024-03-01 15:40:00,ABCL,5.054999828338623,5.054999828338623,5.059999942779541,5.045000076293945,5.045000076293945,12271.0
2024-03-01 15:40:00,ABEO,7.739999771118164,7.739999771118164,7.769999980926514,7.739999771118164,7.760000228881836,1361.0
2024-03-01 15:40:00,ABOS,4.664999961853027,4.664999961853027,4.665999889373779,4.659999847412109,4.664299964904785,1121.0
2024-03-01 15:40:00,ABSI,5.505000114440918,5.505000114440918,5.525000095367432,5.5,5.525000095367432,20280.0
2024-03-01 15:40:00,ABUS,2.7950000762939453,2.7950000762939453,2.805000066757202,2.7950000762939453,2.7950000762939453,32124.0
2024-03-01 15:40:00,ACAD,24.049999237060547,24.049999237060547,24.059999465942383,24.040000915527344,24.049999237060547,9157.0
2024-03-01 15:40:00,ACB,3.1798999309539795,3.1798999309539795,3.1798999309539795,3.1798999309539795,3.1798999309539795,1861.0
2024-03-01 15:40:00,ACCD,9.9399995803833,9.9399995803833,9.9399995803833,9.930000305175781,9.930000305175781,1784.0
2024-03-01 15:40:00,ACET,2.369999885559082,2.369999885559082,2.375,2.369999885559082,2.375,1213.0
2024-03-01 15:40:00,ACHC,83.98999786376953,83.98999786376953,83.98999786376953,83.98999786376953,83.98999786376953,699.0
2024-03-01 15:40:00,ACIU,3.815500020980835,3.815500020980835,3.815500020980835,3.815500020980835,3.815500020980835,409.0
2024-03-01 15:40:00,ACLX,67.2699966430664,67.2699966430664,67.29499816894531,67.2300033569336,67.29499816894531,939.0
2024-03-01 15:40:00,ACON,0.39980000257492065,0.39980000257492065,0.39980000257492065,0.3952000141143799,0.3952000141143799,2351.0
2024-03-01 15:40:00,ACRS,1.225000023841858,1.225000023841858,1.2300000190734863,1.225000023841858,1.2300000190734863,3245.0
2024-03-01 15:40:00,ADAG,3.240000009536743,3.240000009536743,3.240000009536743,3.190000057220459,3.2100000381469727,800.0
2024-03-01 15:40:00,ADAP,1.5994000434875488,1.5994000434875488,1.5994000434875488,1.5994000434875488,1.5994000434875488,1058.0
2024-03-01 15:40:00,ADIL,3.049999952316284,3.049999952316284,3.0799999237060547,3.049999952316284,3.069999933242798,16357.0
2024-03-01 15:40:00,ADMA,5.539999961853027,5.539999961853027,5.539999961853027,5.534999847412109,5.534999847412109,5153.0
2024-03-01 15:40:00,ADPT,4.019999980926514,4.019999980926514,4.019999980926514,4.019999980926514,4.019999980926514,1456.0
2024-03-01 15:40:00,ADTX,3.430000066757202,3.430000066757202,3.430000066757202,3.430000066757202,3.430000066757202,325.0
2024-03-01 15:40:00,ADVM,1.9700000286102295,1.9700000286102295,1.9700000286102295,1.9600000381469727,1.9600000381469727,1594.0
2024-03-01 15:40:00,AGEN,0.6700999736785889,0.6700999736785889,0.6700999736785889,0.6700000166893005,0.6700000166893005,37586.0
2024-03-01 15:40:00,AGIO,32.345001220703125,32.345001220703125,32.345001220703125,32.23500061035156,32.23500061035156,4783.0
2024-03-01 15:40:00,AHCO,10.494999885559082,10.494999885559082,10.5,10.489999771118164,10.5,9995.0
2024-03-01 15:40:00,AIMD,1.0199999809265137,1.0199999809265137,1.0199999809265137,0.9800000190734863,0.9800000190734863,4815.0
2024-03-01 15:40:00,AIRS,6.409999847412109,6.409999847412109,6.409999847412109,6.409999847412109,6.409999847412109,200.0
2024-03-01 15:40:00,AKAN,0.21899999678134918,0.21899999678134918,0.21899999678134918,0.21690000593662262,0.21690000593662262,2455.0
2024-03-01 15:40:00,AKBA,1.6799999475479126,1.6799999475479126,1.6799999475479126,1.6799999475479126,1.6799999475479126,10917.0
2024-03-01 15:40:00,AKRO,28.290000915527344,28.290000915527344,28.45989990234375,28.270000457763672,28.434999465942383,21109.0
2024-03-01 15:40:00,AKTX,2.2899999618530273,2.2899999618530273,2.2899999618530273,2.2899999618530273,2.2899999618530273,372.0
2024-03-01 15:40:00,AKYA,6.014999866485596,6.014999866485596,6.019999980926514,6.014999866485596,6.019999980926514,303.0
2024-03-01 15:40:00,ALDX,4.255000114440918,4.255000114440918,4.260000228881836,4.21999979019165,4.224999904632568,10746.0
2024-03-01 15:40:00,ALEC,7.34499979019165,7.34499979019165,7.347499847412109,7.340000152587891,7.340000152587891,1453.0
2024-03-01 15:40:00,ALGN,301.1199951171875,301.1199951171875,301.1199951171875,301.1199951171875,301.1199951171875,712.0
2024-03-01 15:40:00,ALGS,1.055999994277954,1.055999994277954,1.055999994277954,1.0299999713897705,1.0499999523162842,6170.0
2024-03-01 15:40:00,ALHC,5.565000057220459,5.565000057220459,5.569499969482422,5.5625,5.565000057220459,2627.0
2024-03-01 15:40:00,ALKS,30.174999237060547,30.174999237060547,30.18000030517578,30.165000915527344,30.174999237060547,7573.0
2024-03-01 15:40:00,ALLK,1.6449999809265137,1.6449999809265137,1.6449999809265137,1.6449999809265137,1.6449999809265137,401.0
2024-03-01 15:40:00,ALLO,4.901199817657471,4.901199817657471,4.90500020980835,4.900000095367432,4.900000095367432,11597.0
2024-03-01 15:40:00,ALNY,152.8249969482422,152.8249969482422,152.8249969482422,152.71499633789062,152.71499633789062,839.0
2024-03-01 15:40:00,ALPN,35.87200164794922,35.87200164794922,35.9900016784668,35.869998931884766,35.9900016784668,7486.0
2024-03-01 15:40:00,ALRN,5.0,5.0,5.0,5.0,5.0,101.0
2024-03-01 15:40:00,ALT,12.164999961853027,12.164999961853027,12.170000076293945,12.143099784851074,12.15999984741211,10898.0
2024-03-01 15:40:00,ALVO,15.699999809265137,15.699999809265137,15.729999542236328,15.680000305175781,15.699999809265137,4797.0
2024-03-01 15:40:00,ALXO,14.859999656677246,14.859999656677246,14.869999885559082,14.800000190734863,14.800000190734863,7430.0
2024-03-01 15:40:00,AMGN,280.6050109863281,280.6050109863281,280.6050109863281,280.42999267578125,280.44000244140625,8477.0
2024-03-01 15:40:00,AMLX,18.670000076293945,18.670000076293945,18.679100036621094,18.670000076293945,18.670000076293945,5519.0
2024-03-01 15:40:00,AMPH,45.779998779296875,45.779998779296875,45.79999923706055,45.7599983215332,45.79999923706055,4936.0
2024-03-01 15:40:00,AMRN,1.0549999475479126,1.0549999475479126,1.0549999475479126,1.0499999523162842,1.0549999475479126,7529.0
2024-03-01 15:40:00,ANAB,25.399999618530273,25.399999618530273,25.399999618530273,25.399999618530273,25.399999618530273,903.0
2024-03-01 15:40:00,ANGO,5.454999923706055,5.454999923706055,5.454999923706055,5.454999923706055,5.454999923706055,612.0
2024-03-01 15:40:00,ANIK,24.979999542236328,24.979999542236328,24.989999771118164,24.979999542236328,24.989999771118164,1800.0
2024-03-01 15:40:00,ANIP,66.7699966430664,66.7699966430664,66.77999877929688,66.69000244140625,66.76000213623047,1714.0
2024-03-01 15:40:00,ANIX,3.5,3.5,3.5,3.5,3.5,127.0
2024-03-01 15:40:00,ANNX,6.039999961853027,6.039999961853027,6.039999961853027,6.03000020980835,6.03000020980835,1835.0
2024-03-01 15:40:00,APLS,64.12999725341797,64.12999725341797,64.12999725341797,64.08100128173828,64.08100128173828,4008.0
2024-03-01 15:40:00,APLT,7.019999980926514,7.019999980926514,7.019999980926514,7.0,7.0,6221.0
2024-03-01 15:40:00,AQST,4.175000190734863,4.175000190734863,4.175000190734863,4.139999866485596,4.139999866485596,14836.0
2024-03-01 15:40:00,ARAY,2.615000009536743,2.615000009536743,2.615000009536743,2.615000009536743,2.615000009536743,872.0
2024-03-01 15:40:00,ARCT,39.53799819946289,39.53799819946289,39.56999969482422,39.529998779296875,39.56999969482422,1322.0
2024-03-01 15:40:00,ARDX,9.369999885559082,9.369999885559082,9.369999885559082,9.359999656677246,9.364999771118164,3577.0
2024-03-01 15:40:00,ARQT,11.420000076293945,11.420000076293945,11.454999923706055,11.420000076293945,11.449999809265137,22415.0
2024-03-01 15:40:00,ARVN,47.209999084472656,47.209999084472656,47.209999084472656,47.11000061035156,47.189998626708984,4787.0
2024-03-01 15:40:00,ARWR,35.66999816894531,35.66999816894531,35.709999084472656,35.66999816894531,35.709999084472656,3953.0
2024-03-01 15:40:00,ASLN,0.7250000238418579,0.7250000238418579,0.7250000238418579,0.7250000238418579,0.7250000238418579,402.0
2024-03-01 15:40:00,ASND,154.35000610351562,154.35000610351562,154.35000610351562,154.22000122070312,154.22000122070312,922.0
2024-03-01 15:40:00,ASRT,0.8913999795913696,0.8913999795913696,0.891700029373169,0.8899999856948853,0.8916500210762024,3118.0
2024-03-01 15:40:00,ATAI,2.125,2.125,2.125,2.125,2.125,454.0
2024-03-01 15:40:00,ATEC,13.46500015258789,13.46500015258789,13.484999656677246,13.460000038146973,13.479999542236328,16009.0
2024-03-01 15:40:00,ATHA,3.9100000858306885,3.9100000858306885,3.9200000762939453,3.9100000858306885,3.9200000762939453,1674.0
2024-03-01 15:40:00,ATOS,1.0099999904632568,1.0099999904632568,1.0099999904632568,1.0099999904632568,1.0099999904632568,100.0
2024-03-01 15:40:00,ATRA,0.765999972820282,0.765999972820282,0.7700999975204468,0.7601000070571899,0.7700999975204468,64653.0
2024-03-01 15:40:00,ATRC,36.11000061035156,36.11000061035156,36.16999816894531,36.11000061035156,36.16999816894531,2799.0
2024-03-01 15:40:00,ATXI,0.15539999306201935,0.15539999306201935,0.15600000321865082,0.15440000593662262,0.15449999272823334,58743.0
2024-03-01 15:40:00,ATXS,14.90999984741211,14.90999984741211,14.90999984741211,14.90999984741211,14.90999984741211,124.0
2024-03-01 15:40:00,AUGX,4.550000190734863,4.550000190734863,4.559999942779541,4.539999961853027,4.539999961853027,308.0
2024-03-01 15:40:00,AUPH,5.757500171661377,5.757500171661377,5.757500171661377,5.755000114440918,5.755000114440918,1818.0
2024-03-01 15:40:00,AURA,9.21500015258789,9.21500015258789,9.220000267028809,9.21500015258789,9.220000267028809,305.0
2024-03-01 15:40:00,AVDL,13.6899995803833,13.6899995803833,13.710000038146973,13.680000305175781,13.699999809265137,8454.0
2024-03-01 15:40:00,AVIR,4.449999809265137,4.449999809265137,4.449999809265137,4.445000171661377,4.445000171661377,308.0
2024-03-01 15:40:00,AVRO,1.3200000524520874,1.3200000524520874,1.3200000524520874,1.3200000524520874,1.3200000524520874,589.0
2024-03-01 15:40:00,AVTE,23.8799991607666,23.8799991607666,23.8799991607666,23.8799991607666,23.8799991607666,203.0
2024-03-01 15:40:00,AVXL,5.244999885559082,5.244999885559082,5.244999885559082,5.230000019073486,5.239999771118164,5524.0
2024-03-01 15:40:00,AXDX,0.9800000190734863,0.9800000190734863,0.9800000190734863,0.9800000190734863,0.9800000190734863,628.0
2024-03-01 15:40:00,AXGN,10.710000038146973,10.710000038146973,10.710000038146973,10.699999809265137,10.699999809265137,909.0
2024-03-01 15:40:00,AXNX,67.7300033569336,67.7300033569336,67.7300033569336,67.7300033569336,67.7300033569336,845.0
2024-03-01 15:40:00,AXSM,82.41999816894531,82.41999816894531,82.48999786376953,82.41999816894531,82.48999786376953,360.0
2024-03-01 15:40:00,AZN,64.56500244140625,64.56500244140625,64.56999969482422,64.55500030517578,64.56500244140625,19411.0
2024-03-01 15:40:00,AZTA,66.98500061035156,66.98500061035156,67.01000213623047,66.98500061035156,67.0,2103.0
2024-03-01 15:40:00,BBIO,35.7400016784668,35.7400016784668,35.75,35.720001220703125,35.7400016784668,2634.0
2024-03-01 15:40:00,BBLG,2.460099935531616,2.460099935531616,2.460099935531616,2.460099935531616,2.460099935531616,380.0
2024-03-01 15:40:00,BCAB,2.7750000953674316,2.7750000953674316,2.7799999713897705,2.7750000953674316,2.7799999713897705,1724.0
2024-03-01 15:40:00,BCEL,0.2681480050086975,0.2681480050086975,0.26954999566078186,0.26809999346733093,0.26954999566078186,3262.0
2024-03-01 15:40:00,BCRX,5.630000114440918,5.630000114440918,5.639999866485596,5.619999885559082,5.639999866485596,36062.0
2024-03-01 15:40:00,BCTX,3.484999895095825,3.484999895095825,3.484999895095825,3.484999895095825,3.484999895095825,100.0
2024-03-01 15:40:00,BCYC,25.639999389648438,25.639999389648438,25.639999389648438,25.600000381469727,25.600000381469727,1141.0
2024-03-01 15:40:00,BDSX,1.6200000047683716,1.6200000047683716,1.6200000047683716,1.6200000047683716,1.6200000047683716,241.0
2024-03-01 15:40:00,BDTX,4.71999979019165,4.71999979019165,4.71999979019165,4.715000152587891,4.715000152587891,768.0
2024-03-01 15:40:00,BEAM,39.66999816894531,39.66999816894531,39.68000030517578,39.63999938964844,39.67900085449219,5749.0
2024-03-01 15:40:00,BGNE,166.02000427246094,166.02000427246094,166.02000427246094,166.02000427246094,166.02000427246094,197.0
2024-03-01 15:40:00,BGXX,0.25940001010894775,0.25940001010894775,0.2596000134944916,0.25940001010894775,0.25949999690055847,2304.0
2024-03-01 15:40:00,BIIB,220.61000061035156,220.61000061035156,220.6750030517578,220.61000061035156,220.6750030517578,1442.0
2024-03-01 15:40:00,BIOL,0.14560000598430634,0.14560000598430634,0.14560000598430634,0.14560000598430634,0.14560000598430634,125.0
2024-03-01 15:40:00,BIOR,1.090000033378601,1.090000033378601,1.090000033378601,1.090000033378601,1.090000033378601,982.0
2024-03-01 15:40:00,BIVI,2.0,2.0,2.0199999809265137,1.9700000286102295,1.9800000190734863,57445.0
2024-03-01 15:40:00,BJDX,0.8044999837875366,0.8044999837875366,0.8044999837875366,0.8044999837875366,0.8044999837875366,400.0
2024-03-01 15:40:00,BLFS,17.81999969482422,17.81999969482422,17.860000610351562,17.81999969482422,17.850000381469727,4858.0
2024-03-01 15:40:00,BLTE,46.47999954223633,46.47999954223633,46.47999954223633,46.47999954223633,46.47999954223633,320.0
2024-03-01 15:40:00,BLUE,1.5750000476837158,1.5750000476837158,1.5750000476837158,1.5700000524520874,1.5750000476837158,13102.0
2024-03-01 15:40:00,BMEA,17.81999969482422,17.81999969482422,17.829999923706055,17.815000534057617,17.829999923706055,1698.0
2024-03-01 15:40:00,BMRN,87.61000061035156,87.61000061035156,87.61000061035156,87.49400329589844,87.54499816894531,8274.0
2024-03-01 15:40:00,BNGO,1.25,1.25,1.2599999904632568,1.25,1.25,7774.0
2024-03-01 15:40:00,BNR,0.8100000023841858,0.8100000023841858,0.8101000189781189,0.8100000023841858,0.8101000189781189,262.0
2024-03-01 15:40:00,BNTX,90.6500015258789,90.6500015258789,90.69999694824219,90.63999938964844,90.69999694824219,2259.0
2024-03-01 15:40:00,BOLT,1.2259000539779663,1.2259000539779663,1.2300000190734863,1.2259000539779663,1.2300000190734863,8000.0
2024-03-01 15:40:00,BPMC,95.43000030517578,95.43000030517578,95.57499694824219,95.43000030517578,95.57499694824219,1447.0
2024-03-01 15:40:00,BRKR,88.30999755859375,88.30999755859375,88.33999633789062,88.30999755859375,88.33000183105469,1768.0
2024-03-01 15:40:00,BRTX,1.5098999738693237,1.5098999738693237,1.5098999738693237,1.5098999738693237,1.5098999738693237,2096.0
2024-03-01 15:40:00,BTTX,0.1850000023841858,0.1850000023841858,0.1850000023841858,0.18359999358654022,0.18359999358654022,1693.0
2024-03-01 15:40:00,BVS,4.769999980926514,4.769999980926514,4.78000020980835,4.769999980926514,4.769999980926514,2051.0
2024-03-01 15:40:00,BWAY,6.599999904632568,6.599999904632568,6.599999904632568,6.599999904632568,6.599999904632568,101.0
2024-03-01 15:40:00,CABA,23.989999771118164,23.989999771118164,23.989999771118164,23.979999542236328,23.979999542236328,1135.0
2024-03-01 15:40:00,CAPR,4.525000095367432,4.525000095367432,4.550000190734863,4.510000228881836,4.550000190734863,39149.0
2024-03-01 15:40:00,CARA,0.9193000197410583,0.9193000197410583,0.9217000007629395,0.9172000288963318,0.9216499924659729,4573.0
2024-03-01 15:40:00,CBAY,32.22999954223633,32.22999954223633,32.22999954223633,32.224998474121094,32.22999954223633,3486.0
2024-03-01 15:40:00,CCCC,10.994999885559082,10.994999885559082,11.0,10.979999542236328,10.989999771118164,10482.0
2024-03-01 15:40:00,CCRN,18.260000228881836,18.260000228881836,18.290000915527344,18.260000228881836,18.290000915527344,3205.0
2024-03-01 15:40:00,CDMO,8.229999542236328,8.229999542236328,8.229999542236328,8.21500015258789,8.21500015258789,2276.0
2024-03-01 15:40:00,CDNA,12.380000114440918,12.380000114440918,12.399999618530273,12.380000114440918,12.390000343322754,6034.0
2024-03-01 15:40:00,CDXS,4.650000095367432,4.650000095367432,4.65749979019165,4.650000095367432,4.650000095367432,1513.0
2024-03-01 15:40:00,CELC,17.290000915527344,17.290000915527344,17.290000915527344,17.239999771118164,17.239999771118164,1185.0
2024-03-01 15:40:00,CELU,3.6449999809265137,3.6449999809265137,3.6449999809265137,3.6449999809265137,3.6449999809265137,321.0
2024-03-01 15:40:00,CERE,41.11000061035156,41.11000061035156,41.11000061035156,41.099998474121094,41.102500915527344,2547.0
2024-03-01 15:40:00,CERS,2.1700000762939453,2.1700000762939453,2.1710000038146973,2.1700000762939453,2.1700000762939453,3402.0
2024-03-01 15:40:00,CERT,18.1299991607666,18.1299991607666,18.149999618530273,18.1200008392334,18.139999389648438,6559.0
2024-03-01 15:40:00,CGC,3.2049999237060547,3.2049999237060547,3.2100000381469727,3.200000047683716,3.2049999237060547,23741.0
2024-03-01 15:40:00,CGEM,18.549999237060547,18.549999237060547,18.559999465942383,18.530000686645508,18.530000686645508,1675.0
2024-03-01 15:40:00,CGEN,2.6798999309539795,2.6798999309539795,2.680000066757202,2.674999952316284,2.680000066757202,1821.0
2024-03-01 15:40:00,CGTX,1.9900000095367432,1.9900000095367432,1.9900000095367432,1.9900000095367432,1.9900000095367432,184.0
2024-03-01 15:40:00,CHRS,2.380000114440918,2.380000114440918,2.389899969100952,2.380000114440918,2.384999990463257,4877.0
2024-03-01 15:40:00,CKPT,2.2100000381469727,2.2100000381469727,2.2100000381469727,2.2100000381469727,2.2100000381469727,2215.0
2024-03-01 15:40:00,CLDX,51.75,51.75,51.75,51.56999969482422,51.58000183105469,6437.0
2024-03-01 15:40:00,CLOV,0.8657000064849854,0.8657000064849854,0.8658000230789185,0.8657000064849854,0.8657500147819519,15135.0
2024-03-01 15:40:00,CLPT,6.614999771118164,6.614999771118164,6.625,6.614999771118164,6.620999813079834,3167.0
2024-03-01 15:40:00,CLRB,4.105000019073486,4.105000019073486,4.105000019073486,4.105000019073486,4.105000019073486,351.0
2024-03-01 15:40:00,CLSD,1.3849999904632568,1.3849999904632568,1.3849999904632568,1.3849999904632568,1.3849999904632568,1021.0
2024-03-01 15:40:00,CLVR,4.309999942779541,4.309999942779541,4.309999942779541,4.309999942779541,4.309999942779541,433.0
2024-03-01 15:40:00,CMAX,7.619999885559082,7.619999885559082,7.619999885559082,7.619999885559082,7.619999885559082,102.0
2024-03-01 15:40:00,CMPS,11.505000114440918,11.505000114440918,11.505000114440918,11.489999771118164,11.5,1755.0
2024-03-01 15:40:00,CNTA,10.710000038146973,10.710000038146973,10.710000038146973,10.710000038146973,10.710000038146973,104.0
2024-03-01 15:40:00,COGT,7.215000152587891,7.215000152587891,7.218200206756592,7.210000038146973,7.215000152587891,1585.0
2024-03-01 15:40:00,COLL,36.90999984741211,36.90999984741211,36.90999984741211,36.90999984741211,36.90999984741211,1182.0
2024-03-01 15:40:00,CORT,24.239999771118164,24.239999771118164,24.239999771118164,24.231000900268555,24.235000610351562,2412.0
2024-03-01 15:40:00,CPRX,17.150100708007812,17.150100708007812,17.18000030517578,17.149999618530273,17.18000030517578,11188.0
2024-03-01 15:40:00,CPSI,9.279999732971191,9.279999732971191,9.279999732971191,9.260000228881836,9.260000228881836,1985.0
2024-03-01 15:40:00,CRBP,34.375,34.375,34.5,34.25,34.47999954223633,1231.0
2024-03-01 15:40:00,CRBU,7.78000020980835,7.78000020980835,7.795000076293945,7.78000020980835,7.789999961853027,5836.0
2024-03-01 15:40:00,CRDF,2.936000108718872,2.936000108718872,2.950000047683716,2.9100000858306885,2.9100000858306885,173606.0
2024-03-01 15:40:00,CRDL,1.9299999475479126,1.9299999475479126,1.9299999475479126,1.9299999475479126,1.9299999475479126,301.0
2024-03-01 15:40:00,CRNX,45.81999969482422,45.81999969482422,45.849998474121094,45.779998779296875,45.79130172729492,2704.0
2024-03-01 15:40:00,CRON,2.015000104904175,2.015000104904175,2.0190000534057617,2.015000104904175,2.015000104904175,4341.0
2024-03-01 15:40:00,CRSP,84.0999984741211,84.0999984741211,84.0999984741211,84.04000091552734,84.04000091552734,2657.0
2024-03-01 15:40:00,CRVS,2.190000057220459,2.190000057220459,2.2200000286102295,2.190000057220459,2.194999933242798,9034.0
2024-03-01 15:40:00,CSTL,20.030000686645508,20.030000686645508,20.07939910888672,20.020000457763672,20.040000915527344,4021.0
2024-03-01 15:40:00,CTKB,9.005000114440918,9.005000114440918,9.010000228881836,9.0,9.005000114440918,3703.0
2024-03-01 15:40:00,CTMX,2.5799999237060547,2.5799999237060547,2.5799999237060547,2.575000047683716,2.5799999237060547,2280.0
2024-03-01 15:40:00,CTXR,0.7702999711036682,0.7702999711036682,0.772350013256073,0.7702999711036682,0.772350013256073,328.0
2024-03-01 15:40:00,CUTR,2.398099899291992,2.398099899291992,2.398099899291992,2.390000104904175,2.390000104904175,4268.0
2024-03-01 15:40:00,CVAC,3.424999952316284,3.424999952316284,3.430000066757202,3.422499895095825,3.424999952316284,3807.0
2024-03-01 15:40:00,CVRX,20.795000076293945,20.795000076293945,20.850000381469727,20.795000076293945,20.84000015258789,2102.0
2024-03-01 15:40:00,CYT,3.130000114440918,3.130000114440918,3.130000114440918,3.109999895095825,3.109999895095825,926.0
2024-03-01 15:40:00,CYTK,73.75,73.75,73.78500366210938,73.7300033569336,73.74749755859375,3058.0
2024-03-01 15:40:00,CYTO,2.4100000858306885,2.4100000858306885,2.4100000858306885,2.359999895095825,2.369999885559082,6333.0
2024-03-01 15:40:00,DARE,0.5465999841690063,0.5465999841690063,0.5465999841690063,0.5465999841690063,0.5465999841690063,400.0
2024-03-01 15:40:00,DAWN,17.479999542236328,17.479999542236328,17.479999542236328,17.43000030517578,17.459999084472656,29785.0
2024-03-01 15:40:00,DBVT,0.8299999833106995,0.8299999833106995,0.8299999833106995,0.8299999833106995,0.8299999833106995,132.0
2024-03-01 15:40:00,DCGO,4.059999942779541,4.059999942779541,4.065000057220459,4.059999942779541,4.065000057220459,2360.0
2024-03-01 15:40:00,DCPH,17.450000762939453,17.450000762939453,17.459999084472656,17.440000534057617,17.459999084472656,3093.0
2024-03-01 15:40:00,DH,8.84000015258789,8.84000015258789,8.850000381469727,8.829999923706055,8.850000381469727,667.0
2024-03-01 15:40:00,DMTK,0.82989901304245,0.82989901304245,0.8299999833106995,0.8205999732017517,0.8205999732017517,6105.0
2024-03-01 15:40:00,DNLI,20.81999969482422,20.81999969482422,20.820100784301758,20.790000915527344,20.820100784301758,6086.0
2024-03-01 15:40:00,DSGN,2.859999895095825,2.859999895095825,2.859999895095825,2.859999895095825,2.859999895095825,2030.0
2024-03-01 15:40:00,DVAX,12.765000343322754,12.765000343322754,12.770000457763672,12.765000343322754,12.770000457763672,5643.0
2024-03-01 15:40:00,DXCM,121.0199966430664,121.0199966430664,121.0199966430664,120.93000030517578,121.0199966430664,9412.0
2024-03-01 15:40:00,DYN,29.100000381469727,29.100000381469727,29.100000381469727,29.020000457763672,29.040000915527344,6995.0
2024-03-01 15:40:00,EDIT,10.53499984741211,10.53499984741211,10.5600004196167,10.53499984741211,10.545000076293945,15598.0
2024-03-01 15:40:00,ELEV,5.065000057220459,5.065000057220459,5.070000171661377,5.054999828338623,5.059999942779541,1094.0
2024-03-01 15:40:00,EMBC,14.255000114440918,14.255000114440918,14.255000114440918,14.255000114440918,14.255000114440918,334.0
2024-03-01 15:40:00,ENSG,121.66999816894531,121.66999816894531,121.66999816894531,121.66999816894531,121.66999816894531,642.0
2024-03-01 15:40:00,ENTA,15.550000190734863,15.550000190734863,15.550000190734863,15.550000190734863,15.550000190734863,155.0
2024-03-01 15:40:00,ENVB,1.5499999523162842,1.5499999523162842,1.559999942779541,1.5499999523162842,1.559999942779541,5527.0
2024-03-01 15:40:00,EPIX,9.300000190734863,9.300000190734863,9.300000190734863,9.300000190734863,9.300000190734863,1301.0
2024-03-01 15:40:00,EQ,2.4700000286102295,2.4700000286102295,2.4700000286102295,2.4700000286102295,2.4700000286102295,723.0
2024-03-01 15:40:00,ERAS,2.625,2.625,2.630000114440918,2.619999885559082,2.625,10309.0
2024-03-01 15:40:00,ESPR,2.5450000762939453,2.5450000762939453,2.5450000762939453,2.5350000858306885,2.5350000858306885,25282.0
2024-03-01 15:40:00,ESTA,44.349998474121094,44.349998474121094,44.349998474121094,44.290000915527344,44.33000183105469,2295.0
2024-03-01 15:40:00,ETNB,12.694999694824219,12.694999694824219,12.719900131225586,12.6899995803833,12.710000038146973,5269.0
2024-03-01 15:40:00,ETON,4.46999979019165,4.46999979019165,4.46999979019165,4.46999979019165,4.46999979019165,202.0
2024-03-01 15:40:00,EWTX,16.610000610351562,16.610000610351562,16.625,16.610000610351562,16.625,2663.0
2024-03-01 15:40:00,EXAI,6.523399829864502,6.523399829864502,6.523399829864502,6.523399829864502,6.523399829864502,1063.0
2024-03-01 15:40:00,EXAS,59.26499938964844,59.26499938964844,59.27000045776367,59.209999084472656,59.2400016784668,4711.0
2024-03-01 15:40:00,EXEL,22.229999542236328,22.229999542236328,22.235000610351562,22.229999542236328,22.235000610351562,2317.0
2024-03-01 15:40:00,EYEN,2.3701999187469482,2.3701999187469482,2.380000114440918,2.3701999187469482,2.380000114440918,5557.0
2024-03-01 15:40:00,EYPT,27.989999771118164,27.989999771118164,28.0,27.989999771118164,27.989999771118164,1593.0
2024-03-01 15:40:00,FATE,7.724999904632568,7.724999904632568,7.730000019073486,7.699999809265137,7.699999809265137,11506.0
2024-03-01 15:40:00,FDMT,29.1200008392334,29.1200008392334,29.225000381469727,29.1200008392334,29.225000381469727,2074.0
2024-03-01 15:40:00,FEMY,1.7899999618530273,1.7899999618530273,1.8095999956130981,1.7899999618530273,1.8095999956130981,500.0
2024-03-01 15:40:00,FGEN,1.8250000476837158,1.8250000476837158,1.8250000476837158,1.8220000267028809,1.8250000476837158,1773.0
2024-03-01 15:40:00,FHTX,7.909999847412109,7.909999847412109,7.909999847412109,7.909999847412109,7.909999847412109,306.0
2024-03-01 15:40:00,FLGC,1.149999976158142,1.149999976158142,1.149999976158142,1.149999976158142,1.149999976158142,136.0
2024-03-01 15:40:00,FOLD,13.3149995803833,13.3149995803833,13.319999694824219,13.3149995803833,13.3149995803833,2780.0
2024-03-01 15:40:00,FULC,11.010000228881836,11.010000228881836,11.010000228881836,11.0,11.0,1709.0
2024-03-01 15:40:00,FUSN,12.104999542236328,12.104999542236328,12.109999656677246,12.09000015258789,12.09000015258789,4598.0
2024-03-01 15:40:00,GDRX,8.359999656677246,8.359999656677246,8.359999656677246,8.329999923706055,8.329999923706055,12040.0
2024-03-01 15:40:00,GENE,2.240000009536743,2.240000009536743,2.240000009536743,2.240000009536743,2.240000009536743,444.0
2024-03-01 15:40:00,GERN,2.24399995803833,2.24399995803833,2.25,2.2400999069213867,2.2400999069213867,10026.0
2024-03-01 15:40:00,GH,18.93000030517578,18.93000030517578,18.93000030517578,18.90999984741211,18.920000076293945,2875.0
2024-03-01 15:40:00,GILD,72.31999969482422,72.31999969482422,72.33000183105469,72.29000091552734,72.31500244140625,17487.0
2024-03-01 15:40:00,GLPG,35.040000915527344,35.040000915527344,35.060001373291016,35.040000915527344,35.040000915527344,615.0
2024-03-01 15:40:00,GLSI,12.8100004196167,12.8100004196167,12.8100004196167,12.8100004196167,12.8100004196167,234.0
2024-03-01 15:40:00,GLTO,0.8101999759674072,0.8101999759674072,0.8101999759674072,0.8101999759674072,0.8101999759674072,5000.0
2024-03-01 15:40:00,GLYC,3.049999952316284,3.049999952316284,3.049999952316284,3.049999952316284,3.049999952316284,381.0
2024-03-01 15:40:00,GMAB,29.295000076293945,29.295000076293945,29.299800872802734,29.290000915527344,29.290000915527344,1063.0
2024-03-01 15:40:00,GMDA,0.38600000739097595,0.38600000739097595,0.38600000739097595,0.38600000739097595,0.38600000739097595,1187.0
2024-03-01 15:40:00,GOSS,1.399999976158142,1.399999976158142,1.399999976158142,1.3899999856948853,1.3949999809265137,15509.0
2024-03-01 15:40:00,GRFS,7.011000156402588,7.011000156402588,7.025000095367432,7.011000156402588,7.025000095367432,30303.0
2024-03-01 15:40:00,GRTS,2.025700092315674,2.025700092315674,2.0299999713897705,2.0199999809265137,2.0199999809265137,7482.0
2024-03-01 15:40:00,GRTX,0.23100000619888306,0.23100000619888306,0.23100000619888306,0.22519999742507935,0.2309499979019165,17892.0
2024-03-01 15:40:00,GTHX,3.694999933242798,3.694999933242798,3.694999933242798,3.690000057220459,3.690000057220459,979.0
2024-03-01 15:40:00,HALO,41.040000915527344,41.040000915527344,41.08000183105469,41.040000915527344,41.08000183105469,3466.0
2024-03-01 15:40:00,HARP,22.940099716186523,22.940099716186523,22.940099716186523,22.940000534057617,22.940000534057617,685.0
2024-03-01 15:40:00,HCAT,8.045000076293945,8.045000076293945,8.045000076293945,8.039999961853027,8.039999961853027,881.0
2024-03-01 15:40:00,HCM,15.100000381469727,15.100000381469727,15.100000381469727,15.100000381469727,15.100000381469727,291.0
2024-03-01 15:40:00,HCSG,12.8100004196167,12.8100004196167,12.8149995803833,12.800000190734863,12.8149995803833,3230.0
2024-03-01 15:40:00,HCTI,2.0,2.0,2.015000104904175,2.0,2.015000104904175,656.0
2024-03-01 15:40:00,HLTH,0.26809999346733093,0.26809999346733093,0.26809999346733093,0.26809999346733093,0.26809999346733093,502.0
2024-03-01 15:40:00,HLVX,19.100000381469727,19.100000381469727,19.100000381469727,19.100000381469727,19.100000381469727,204.0
2024-03-01 15:40:00,HOLX,73.95999908447266,73.95999908447266,73.98999786376953,73.95500183105469,73.98999786376953,2664.0
2024-03-01 15:40:00,HOWL,7.0,7.0,7.0,7.0,7.0,606.0
2024-03-01 15:40:00,HQY,81.06999969482422,81.06999969482422,81.12000274658203,81.06999969482422,81.12000274658203,2317.0
2024-03-01 15:40:00,HRMY,31.8799991607666,31.8799991607666,31.889999389648438,31.850000381469727,31.8700008392334,1833.0
2024-03-01 15:40:00,HROW,10.899999618530273,10.899999618530273,10.899999618530273,10.859999656677246,10.859999656677246,6542.0
2024-03-01 15:40:00,HRTX,2.5850000381469727,2.5850000381469727,2.5850000381469727,2.565000057220459,2.569999933242798,67488.0
2024-03-01 15:40:00,HSCS,0.12289900332689285,0.12289900332689285,0.12290000170469284,0.12030000239610672,0.12160000205039978,17153.0
2024-03-01 15:40:00,HSDT,4.619999885559082,4.619999885559082,4.619999885559082,4.619999885559082,4.619999885559082,137.0
2024-03-01 15:40:00,HSIC,76.81999969482422,76.81999969482422,76.88999938964844,76.81999969482422,76.88999938964844,4578.0
2024-03-01 15:40:00,HSTM,27.139999389648438,27.139999389648438,27.149999618530273,27.1299991607666,27.139999389648438,1333.0
2024-03-01 15:40:00,HUMA,3.305000066757202,3.305000066757202,3.309999942779541,3.2799999713897705,3.2918999195098877,24857.0
2024-03-01 15:40:00,IART,36.029998779296875,36.029998779296875,36.029998779296875,35.959999084472656,36.0,13156.0
2024-03-01 15:40:00,IBRX,4.736599922180176,4.736599922180176,4.739999771118164,4.735000133514404,4.735000133514404,9260.0
2024-03-01 15:40:00,ICAD,1.899899959564209,1.899899959564209,1.899899959564209,1.87090003490448,1.87090003490448,2300.0
2024-03-01 15:40:00,ICLR,324.32000732421875,324.32000732421875,324.45001220703125,324.1499938964844,324.45001220703125,944.0
2024-03-01 15:40:00,ICUI,105.48999786376953,105.48999786376953,105.61000061035156,105.48999786376953,105.61000061035156,759.0
2024-03-01 15:40:00,IDYA,46.189998626708984,46.189998626708984,46.20500183105469,46.16999816894531,46.20500183105469,565.0
2024-03-01 15:40:00,IFRX,1.7200000286102295,1.7200000286102295,1.7599999904632568,1.7200000286102295,1.7599999904632568,4109.0
2024-03-01 15:40:00,IGMS,12.8100004196167,12.8100004196167,12.8100004196167,12.764599800109863,12.764599800109863,456.0
2024-03-01 15:40:00,IKNA,1.5,1.5,1.5,1.4700000286102295,1.4701000452041626,15899.0
2024-03-01 15:40:00,ILMN,140.44000244140625,140.44000244140625,140.52000427246094,140.44000244140625,140.5,2522.0
2024-03-01 15:40:00,IMNM,25.600000381469727,25.600000381469727,25.600000381469727,25.600000381469727,25.600000381469727,436.0
2024-03-01 15:40:00,IMTX,12.869999885559082,12.869999885559082,12.869999885559082,12.869999885559082,12.869999885559082,392.0
2024-03-01 15:40:00,IMUX,1.440000057220459,1.440000057220459,1.440000057220459,1.440000057220459,1.440000057220459,167.0
2024-03-01 15:40:00,IMVT,35.44499969482422,35.44499969482422,35.5099983215332,35.41999816894531,35.5099983215332,6834.0
2024-03-01 15:40:00,INAB,1.070099949836731,1.070099949836731,1.070099949836731,1.070099949836731,1.070099949836731,129.0
2024-03-01 15:40:00,INBX,36.52000045776367,36.52000045776367,36.52000045776367,36.52000045776367,36.52000045776367,590.0
2024-03-01 15:40:00,INCY,59.0099983215332,59.0099983215332,59.01499938964844,59.0,59.0,6181.0
2024-03-01 15:40:00,INGN,6.929999828338623,6.929999828338623,6.929999828338623,6.925000190734863,6.925000190734863,1291.0
2024-03-01 15:40:00,INKT,0.9205999970436096,0.9205999970436096,0.9205999970436096,0.9205999970436096,0.9205999970436096,107.0
2024-03-01 15:40:00,INMB,12.430000305175781,12.430000305175781,12.430000305175781,12.430000305175781,12.430000305175781,111.0
2024-03-01 15:40:00,INMD,22.895000457763672,22.895000457763672,22.895000457763672,22.8799991607666,22.885000228881836,4720.0
2024-03-01 15:40:00,INO,9.500900268554688,9.500900268554688,9.500900268554688,9.500900268554688,9.500900268554688,275.0
2024-03-01 15:40:00,INSM,28.020000457763672,28.020000457763672,28.024999618530273,28.0049991607666,28.010000228881836,4440.0
2024-03-01 15:40:00,INVA,15.369999885559082,15.369999885559082,15.375,15.348699569702148,15.348999977111816,6815.0
2024-03-01 15:40:00,INZY,6.534999847412109,6.534999847412109,6.534999847412109,6.53000020980835,6.53000020980835,497.0
2024-03-01 15:40:00,IONM,0.3598000109195709,0.3598000109195709,0.3598000109195709,0.3598000109195709,0.3598000109195709,110.0
2024-03-01 15:40:00,IONS,45.54999923706055,45.54999923706055,45.56999969482422,45.529998779296875,45.54999923706055,6043.0
2024-03-01 15:40:00,IOVA,16.854999542236328,16.854999542236328,16.860000610351562,16.850000381469727,16.854999542236328,12390.0
2024-03-01 15:40:00,IPA,1.909999966621399,1.909999966621399,1.909999966621399,1.909999966621399,1.909999966621399,167.0
2024-03-01 15:40:00,IRIX,2.6500000953674316,2.6500000953674316,2.6500000953674316,2.6500000953674316,2.6500000953674316,314.0
2024-03-01 15:40:00,IRMD,41.56999969482422,41.56999969482422,41.56999969482422,41.529998779296875,41.529998779296875,744.0
2024-03-01 15:40:00,IRWD,8.885000228881836,8.885000228881836,8.890000343322754,8.880000114440918,8.880000114440918,14558.0
2024-03-01 15:40:00,ISRG,397.8999938964844,397.8999938964844,398.0450134277344,397.80999755859375,398.0450134277344,11077.0
2024-03-01 15:40:00,ITCI,72.05999755859375,72.05999755859375,72.05999755859375,72.05999755859375,72.05999755859375,204.0
2024-03-01 15:40:00,ITOS,11.220000267028809,11.220000267028809,11.239999771118164,11.220000267028809,11.220000267028809,1061.0
2024-03-01 15:40:00,IVVD,3.9800000190734863,3.9800000190734863,3.984999895095825,3.9749999046325684,3.984999895095825,3776.0
2024-03-01 15:40:00,JAGX,0.08489999920129776,0.08489999920129776,0.08489999920129776,0.08340000361204147,0.08463600277900696,39933.0
2024-03-01 15:40:00,JANX,46.05500030517578,46.05500030517578,46.08000183105469,45.9900016784668,46.02050018310547,3605.0
2024-03-01 15:40:00,JAZZ,118.5999984741211,118.5999984741211,118.66000366210938,118.5999984741211,118.62999725341797,2793.0
2024-03-01 15:40:00,JSPR,21.21500015258789,21.21500015258789,21.270000457763672,21.21500015258789,21.2450008392334,688.0
2024-03-01 15:40:00,JYNT,9.899999618530273,9.899999618530273,9.914999961853027,9.899999618530273,9.914999961853027,222.0
2024-03-01 15:40:00,KALV,14.079999923706055,14.079999923706055,14.088000297546387,14.069999694824219,14.069999694824219,1681.0
2024-03-01 15:40:00,KIDS,28.0,28.0,28.0,27.989999771118164,27.989999771118164,1191.0
2024-03-01 15:40:00,KMDA,6.369999885559082,6.369999885559082,6.369999885559082,6.369999885559082,6.369999885559082,105.0
2024-03-01 15:40:00,KNSA,21.809999465942383,21.809999465942383,21.809999465942383,21.799999237060547,21.799999237060547,838.0
2024-03-01 15:40:00,KNTE,2.575000047683716,2.575000047683716,2.575000047683716,2.569999933242798,2.575000047683716,2490.0
2024-03-01 15:40:00,KOD,5.985000133514404,5.985000133514404,5.985000133514404,5.985000133514404,5.985000133514404,140.0
2024-03-01 15:40:00,KPTI,1.184999942779541,1.184999942779541,1.184999942779541,1.1799999475479126,1.1799999475479126,1512.0
2024-03-01 15:40:00,KRON,1.1150000095367432,1.1150000095367432,1.1150000095367432,1.1100000143051147,1.1100000143051147,500.0
2024-03-01 15:40:00,KROS,68.30999755859375,68.30999755859375,68.37000274658203,68.2699966430664,68.33000183105469,1436.0
2024-03-01 15:40:00,KRTX,315.6600036621094,315.6600036621094,315.6600036621094,315.6600036621094,315.6600036621094,380.0
2024-03-01 15:40:00,KRYS,168.1300048828125,168.1300048828125,168.1300048828125,168.1300048828125,168.1300048828125,392.0
2024-03-01 15:40:00,KTRA,0.10040000081062317,0.10040000081062317,0.10040000081062317,0.10040000081062317,0.10040000081062317,300.0
2024-03-01 15:40:00,KURA,21.59000015258789,21.59000015258789,21.591800689697266,21.56999969482422,21.579999923706055,4588.0
2024-03-01 15:40:00,KYMR,43.57749938964844,43.57749938964844,43.63999938964844,43.55500030517578,43.630001068115234,2351.0
2024-03-01 15:40:00,KZR,1.034999966621399,1.034999966621399,1.037500023841858,1.0299999713897705,1.0299999713897705,900.0
2024-03-01 15:40:00,LAB,2.4700000286102295,2.4700000286102295,2.4700000286102295,2.4600000381469727,2.4600000381469727,4891.0
2024-03-01 15:40:00,LBPH,21.350000381469727,21.350000381469727,21.40999984741211,21.350000381469727,21.40999984741211,1906.0
2024-03-01 15:40:00,LEGN,65.51499938964844,65.51499938964844,65.5199966430664,65.47000122070312,65.47000122070312,1933.0
2024-03-01 15:40:00,LEXX,2.859999895095825,2.859999895095825,2.859999895095825,2.8598999977111816,2.8598999977111816,2897.0
2024-03-01 15:40:00,LFMD,7.989999771118164,7.989999771118164,7.989999771118164,7.989999771118164,7.989999771118164,632.0
2024-03-01 15:40:00,LFST,7.730000019073486,7.730000019073486,7.744999885559082,7.730000019073486,7.739999771118164,11138.0
2024-03-01 15:40:00,LGND,77.20999908447266,77.20999908447266,77.29000091552734,77.20999908447266,77.20999908447266,489.0
2024-03-01 15:40:00,LIVN,55.2400016784668,55.2400016784668,55.2400016784668,55.220001220703125,55.2400016784668,2953.0
2024-03-01 15:40:00,LMAT,67.90499877929688,67.90499877929688,68.0199966430664,67.90499877929688,68.0199966430664,1615.0
2024-03-01 15:40:00,LNTH,64.375,64.375,64.38999938964844,64.36000061035156,64.37000274658203,3599.0
2024-03-01 15:40:00,LQDA,14.574999809265137,14.574999809265137,14.574999809265137,14.574999809265137,14.574999809265137,960.0
2024-03-01 15:40:00,LRMR,11.329999923706055,11.329999923706055,11.329999923706055,11.329999923706055,11.329999923706055,614.0
2024-03-01 15:40:00,LTRN,4.0,4.0,4.059999942779541,3.9800000190734863,3.994999885559082,31769.0
2024-03-01 15:40:00,LUNG,9.359999656677246,9.359999656677246,9.390000343322754,9.359999656677246,9.390000343322754,2819.0
2024-03-01 15:40:00,LVTX,2.509999990463257,2.509999990463257,2.5399999618530273,2.509999990463257,2.509999990463257,996.0
2024-03-01 15:40:00,LXRX,2.4700000286102295,2.4700000286102295,2.4800000190734863,2.4700000286102295,2.4700000286102295,20763.0
2024-03-01 15:40:00,LYEL,3.0999999046325684,3.0999999046325684,3.1050000190734863,3.0999999046325684,3.1050000190734863,411.0
2024-03-01 15:40:00,LYRA,5.675000190734863,5.675000190734863,5.690000057220459,5.670000076293945,5.670000076293945,3010.0
2024-03-01 15:40:00,MACK,14.699999809265137,14.699999809265137,14.699999809265137,14.699999809265137,14.699999809265137,540.0
2024-03-01 15:40:00,MASI,127.16999816894531,127.16999816894531,127.59500122070312,127.12999725341797,127.59500122070312,5650.0
2024-03-01 15:40:00,MASS,7.260000228881836,7.260000228881836,7.260000228881836,7.260000228881836,7.260000228881836,382.0
2024-03-01 15:40:00,MBRX,0.6290000081062317,0.6290000081062317,0.6290000081062317,0.6290000081062317,0.6290000081062317,300.0
2024-03-01 15:40:00,MCRB,1.2299000024795532,1.2299000024795532,1.2300000190734863,1.2200000286102295,1.2259000539779663,6878.0
2024-03-01 15:40:00,MDGL,248.82000732421875,248.82000732421875,248.82000732421875,248.82000732421875,248.82000732421875,783.0
2024-03-01 15:40:00,MDRX,6.0,6.0,6.039999961853027,6.0,6.010000228881836,270432.0
2024-03-01 15:40:00,MDXG,8.600000381469727,8.600000381469727,8.600000381469727,8.59000015258789,8.600000381469727,3617.0
2024-03-01 15:40:00,ME,0.5480999946594238,0.5480999946594238,0.5480999946594238,0.5475000143051147,0.5475000143051147,347.0
2024-03-01 15:40:00,MGNX,18.774999618530273,18.774999618530273,18.774999618530273,18.7549991607666,18.770000457763672,5540.0
2024-03-01 15:40:00,MGTX,6.400000095367432,6.400000095367432,6.400000095367432,6.400000095367432,6.400000095367432,260.0
2024-03-01 15:40:00,MIRM,29.075000762939453,29.075000762939453,29.075000762939453,29.075000762939453,29.075000762939453,281.0
2024-03-01 15:40:00,MLTX,51.150001525878906,51.150001525878906,51.165000915527344,51.099998474121094,51.15999984741211,1757.0
2024-03-01 15:40:00,MMSI,76.2300033569336,76.2300033569336,76.23999786376953,76.19999694824219,76.23999786376953,983.0
2024-03-01 15:40:00,MNKD,4.514999866485596,4.514999866485596,4.519999980926514,4.500999927520752,4.505000114440918,27612.0
2024-03-01 15:40:00,MNMD,6.130000114440918,6.130000114440918,6.135000228881836,6.130000114440918,6.135000228881836,372.0
2024-03-01 15:40:00,MNPR,0.9301009774208069,0.9301009774208069,0.9399999976158142,0.9301009774208069,0.9399999976158142,2165.0
2024-03-01 15:40:00,MODD,1.909999966621399,1.909999966621399,1.9299999475479126,1.909999966621399,1.9299999475479126,5418.0
2024-03-01 15:40:00,MODV,28.018999099731445,28.018999099731445,28.020000457763672,27.94499969482422,28.010000228881836,3533.0
2024-03-01 15:40:00,MOR,17.68000030517578,17.68000030517578,17.68000030517578,17.68000030517578,17.68000030517578,510.0
2024-03-01 15:40:00,MORF,39.59000015258789,39.59000015258789,39.59000015258789,39.54999923706055,39.54999923706055,706.0
2024-03-01 15:40:00,MOTS,0.6600000262260437,0.6600000262260437,0.6699000000953674,0.6600000262260437,0.6699000000953674,1644.0
2024-03-01 15:40:00,MRAI,1.6100000143051147,1.6100000143051147,1.6100000143051147,1.5800000429153442,1.5800000429153442,200.0
2024-03-01 15:40:00,MREO,3.924999952316284,3.924999952316284,3.930000066757202,3.9149999618530273,3.9200000762939453,5954.0
2024-03-01 15:40:00,MRNA,95.62999725341797,95.62999725341797,95.68000030517578,95.59500122070312,95.6458969116211,12052.0
2024-03-01 15:40:00,MRNS,9.970000267028809,9.970000267028809,9.970000267028809,9.970000267028809,9.970000267028809,269.0
2024-03-01 15:40:00,MRSN,5.934999942779541,5.934999942779541,5.940000057220459,5.920000076293945,5.929999828338623,11378.0
2024-03-01 15:40:00,MRUS,51.20000076293945,51.20000076293945,51.25,51.19499969482422,51.19499969482422,1403.0
2024-03-01 15:40:00,MRVI,7.614999771118164,7.614999771118164,7.619999885559082,7.614999771118164,7.619999885559082,5489.0
2024-03-01 15:40:00,MXCT,4.71999979019165,4.71999979019165,4.71999979019165,4.715000152587891,4.715000152587891,485.0
2024-03-01 15:40:00,MYGN,22.139999389648438,22.139999389648438,22.15999984741211,22.1299991607666,22.15999984741211,4259.0
2024-03-01 15:40:00,MYMD,3.3499999046325684,3.3499999046325684,3.3499999046325684,3.3499999046325684,3.3499999046325684,246.0
2024-03-01 15:40:00,NARI,45.369998931884766,45.369998931884766,45.47999954223633,45.349998474121094,45.459999084472656,20239.0
2024-03-01 15:40:00,NBIX,131.8249969482422,131.8249969482422,131.83999633789062,131.7899932861328,131.82000732421875,5679.0
2024-03-01 15:40:00,NBSE,0.8700000047683716,0.8700000047683716,0.8700000047683716,0.8700000047683716,0.8700000047683716,5495.0
2024-03-01 15:40:00,NEO,15.899999618530273,15.899999618530273,15.90999984741211,15.899999618530273,15.90999984741211,628.0
2024-03-01 15:40:00,NEOG,17.204999923706055,17.204999923706055,17.209999084472656,17.204999923706055,17.209999084472656,1089.0
2024-03-01 15:40:00,NGM,1.5199999809265137,1.5199999809265137,1.524999976158142,1.5199999809265137,1.5199999809265137,836.0
2024-03-01 15:40:00,NKTR,0.7505000233650208,0.7505000233650208,0.7505999803543091,0.7505000233650208,0.7505999803543091,2251.0
2024-03-01 15:40:00,NKTX,12.747200012207031,12.747200012207031,12.747200012207031,12.729999542236328,12.729999542236328,1877.0
2024-03-01 15:40:00,NNOX,10.944999694824219,10.944999694824219,10.96500015258789,10.944999694824219,10.949999809265137,7034.0
2024-03-01 15:40:00,NOTV,8.010000228881836,8.010000228881836,8.010000228881836,8.00979995727539,8.00979995727539,584.0
2024-03-01 15:40:00,NPCE,16.299999237060547,16.299999237060547,16.299999237060547,16.299999237060547,16.299999237060547,329.0
2024-03-01 15:40:00,NRBO,6.169300079345703,6.169300079345703,6.169300079345703,6.119999885559082,6.119999885559082,922.0
2024-03-01 15:40:00,NRIX,13.520000457763672,13.520000457763672,13.520000457763672,13.510000228881836,13.510000228881836,627.0
2024-03-01 15:40:00,NSPR,2.630000114440918,2.630000114440918,2.630000114440918,2.630000114440918,2.630000114440918,1047.0
2024-03-01 15:40:00,NTLA,32.88999938964844,32.88999938964844,32.88999938964844,32.83000183105469,32.86000061035156,10069.0
2024-03-01 15:40:00,NTRA,89.20999908447266,89.20999908447266,89.2699966430664,89.20999908447266,89.25,6637.0
2024-03-01 15:40:00,NUTX,0.11339999735355377,0.11339999735355377,0.11384999752044678,0.11339999735355377,0.1137000024318695,1170.0
2024-03-01 15:40:00,NUVL,87.125,87.125,87.125,87.01499938964844,87.01499938964844,1464.0
2024-03-01 15:40:00,NVAX,5.385000228881836,5.385000228881836,5.389999866485596,5.364999771118164,5.375,42389.0
2024-03-01 15:40:00,NVCR,16.065000534057617,16.065000534057617,16.065000534057617,16.049999237060547,16.059999465942383,3827.0
2024-03-01 15:40:00,NVCT,10.75,10.75,10.75,10.710000038146973,10.739999771118164,1336.0
2024-03-01 15:40:00,NVNO,6.434999942779541,6.434999942779541,6.434999942779541,6.434999942779541,6.434999942779541,180.0
2024-03-01 15:40:00,NXTC,1.7799999713897705,1.7799999713897705,1.7799999713897705,1.7799999713897705,1.7799999713897705,100.0
2024-03-01 15:40:00,OCGN,0.9462000131607056,0.9462000131607056,0.9527000188827515,0.9460999965667725,0.9460999965667725,8983.0
2024-03-01 15:40:00,OCUL,10.640000343322754,10.640000343322754,10.675000190734863,10.640000343322754,10.65999984741211,13542.0
2024-03-01 15:40:00,OFIX,12.930000305175781,12.930000305175781,12.930000305175781,12.920000076293945,12.920000076293945,899.0
2024-03-01 15:40:00,OGI,2.1605000495910645,2.1605000495910645,2.1605000495910645,2.1605000495910645,2.1605000495910645,128.0
2024-03-01 15:40:00,OLK,22.997499465942383,22.997499465942383,23.0,22.989999771118164,23.0,2751.0
2024-03-01 15:40:00,OLMA,14.779999732971191,14.779999732971191,14.779999732971191,14.779999732971191,14.779999732971191,458.0
2024-03-01 15:40:00,OM,3.075000047683716,3.075000047683716,3.0799999237060547,3.075000047683716,3.0799999237060547,3891.0
2024-03-01 15:40:00,OMCL,26.290000915527344,26.290000915527344,26.299999237060547,26.222999572753906,26.222999572753906,2574.0
2024-03-01 15:40:00,OMER,4.829999923706055,4.829999923706055,4.829999923706055,4.829100131988525,4.829999923706055,2299.0
2024-03-01 15:40:00,OMGA,4.3404998779296875,4.3404998779296875,4.349999904632568,4.340000152587891,4.349999904632568,3474.0
2024-03-01 15:40:00,ONCY,1.1198999881744385,1.1198999881744385,1.1198999881744385,1.1198999881744385,1.1198999881744385,235.0
2024-03-01 15:41:00,AADI,1.913100004196167,1.913100004196167,1.9199999570846558,1.909999966621399,1.9199999570846558,1407.0
2024-03-01 15:41:00,ABCL,5.059999942779541,5.059999942779541,5.059999942779541,5.051000118255615,5.051000118255615,1409.0
2024-03-01 15:41:00,ABOS,4.664999961853027,4.664999961853027,4.664999961853027,4.659999847412109,4.659999847412109,200.0
2024-03-01 15:41:00,ABSI,5.525000095367432,5.525000095367432,5.525000095367432,5.5,5.505000114440918,5018.0
2024-03-01 15:41:00,ABUS,2.7950000762939453,2.7950000762939453,2.7950000762939453,2.7950000762939453,2.7950000762939453,1182.0
2024-03-01 15:41:00,ACAD,24.06999969482422,24.06999969482422,24.06999969482422,24.049999237060547,24.049999237060547,1854.0
2024-03-01 15:41:00,ACB,3.184999942779541,3.184999942779541,3.184999942779541,3.174999952316284,3.174999952316284,2625.0
2024-03-01 15:41:00,ACCD,9.9399995803833,9.9399995803833,9.9399995803833,9.9399995803833,9.9399995803833,308.0
2024-03-01 15:41:00,ACET,2.375,2.375,2.380000114440918,2.369999885559082,2.369999885559082,1138.0
2024-03-01 15:41:00,ACHC,83.98999786376953,83.98999786376953,83.98999786376953,83.98999786376953,83.98999786376953,422.0
2024-03-01 15:41:00,ACHL,1.3700000047683716,1.3700000047683716,1.3700000047683716,1.3700000047683716,1.3700000047683716,653.0
2024-03-01 15:41:00,ACLX,67.19999694824219,67.19999694824219,67.2699966430664,67.19999694824219,67.2699966430664,1608.0
2024-03-01 15:41:00,ACON,0.3950999975204468,0.3950999975204468,0.39670801162719727,0.3950999975204468,0.3952000141143799,2065.0
2024-03-01 15:41:00,ACRS,1.225000023841858,1.225000023841858,1.2300000190734863,1.225000023841858,1.225000023841858,1957.0
2024-03-01 15:41:00,ADIL,2.9063000679016113,2.9063000679016113,3.049999952316284,2.890000104904175,3.049999952316284,82253.0
2024-03-01 15:41:00,ADMA,5.534999847412109,5.534999847412109,5.534999847412109,5.534999847412109,5.534999847412109,1570.0
2024-03-01 15:41:00,ADPT,4.019999980926514,4.019999980926514,4.03000020980835,4.019999980926514,4.025000095367432,9147.0
2024-03-01 15:41:00,ADVM,1.9600000381469727,1.9600000381469727,1.9700000286102295,1.9600000381469727,1.9700000286102295,13981.0
2024-03-01 15:41:00,AFMD,0.6650999784469604,0.6650999784469604,0.6650999784469604,0.6650999784469604,0.6650999784469604,445.0
2024-03-01 15:41:00,AGEN,0.6700999736785889,0.6700999736785889,0.6700999736785889,0.6700000166893005,0.6700999736785889,133389.0
2024-03-01 15:41:00,AGIO,32.290000915527344,32.290000915527344,32.380001068115234,32.290000915527344,32.380001068115234,2595.0
2024-03-01 15:41:00,AHCO,10.494999885559082,10.494999885559082,10.5,10.489999771118164,10.494999885559082,3820.0
2024-03-01 15:41:00,AIMD,1.0299999713897705,1.0299999713897705,1.0299999713897705,1.0299999713897705,1.0299999713897705,1083.0
2024-03-01 15:41:00,AIRS,6.414999961853027,6.414999961853027,6.414999961853027,6.409999847412109,6.409999847412109,493.0
2024-03-01 15:41:00,AKAN,0.21719999611377716,0.21719999611377716,0.21719999611377716,0.21719999611377716,0.21719999611377716,444.0
2024-03-01 15:41:00,AKBA,1.6799999475479126,1.6799999475479126,1.6888999938964844,1.6799999475479126,1.6887999773025513,3980.0
2024-03-01 15:41:00,AKLI,0.34200000762939453,0.34200000762939453,0.34200000762939453,0.34200000762939453,0.34200000762939453,8366.0
2024-03-01 15:41:00,AKRO,28.299999237060547,28.299999237060547,28.309999465942383,28.274999618530273,28.309999465942383,2250.0
2024-03-01 15:41:00,AKYA,6.019999980926514,6.019999980926514,6.019999980926514,6.019999980926514,6.019999980926514,131.0
2024-03-01 15:41:00,ALDX,4.255000114440918,4.255000114440918,4.260000228881836,4.25,4.255000114440918,2132.0
2024-03-01 15:41:00,ALEC,7.34499979019165,7.34499979019165,7.34499979019165,7.34499979019165,7.34499979019165,1230.0
2024-03-01 15:41:00,ALGN,300.9200134277344,300.9200134277344,300.9200134277344,300.8500061035156,300.8800048828125,1019.0
2024-03-01 15:41:00,ALHC,5.565000057220459,5.565000057220459,5.570000171661377,5.5625,5.565000057220459,3738.0
2024-03-01 15:41:00,ALKS,30.170000076293945,30.170000076293945,30.174999237060547,30.165000915527344,30.174999237060547,5966.0
2024-03-01 15:41:00,ALLK,1.6449999809265137,1.6449999809265137,1.6449999809265137,1.6399999856948853,1.6399999856948853,717.0
2024-03-01 15:41:00,ALLO,4.900000095367432,4.900000095367432,4.900000095367432,4.900000095367432,4.900000095367432,1270.0
2024-03-01 15:41:00,ALNY,152.7949981689453,152.7949981689453,152.88499450683594,152.76499938964844,152.76499938964844,12820.0
2024-03-01 15:41:00,ALPN,35.83000183105469,35.83000183105469,35.86000061035156,35.81999969482422,35.833900451660156,4665.0
2024-03-01 15:41:00,ALT,12.180000305175781,12.180000305175781,12.180000305175781,12.15999984741211,12.164999961853027,5228.0
2024-03-01 15:41:00,ALVO,15.6899995803833,15.6899995803833,15.710000038146973,15.680000305175781,15.680000305175781,2334.0
2024-03-01 15:41:00,ALVR,0.7465000152587891,0.7465000152587891,0.7491000294685364,0.744700014591217,0.7451000213623047,685.0
2024-03-01 15:41:00,ALXO,14.829999923706055,14.829999923706055,14.890000343322754,14.720000267028809,14.875,19190.0
2024-03-01 15:41:00,AMED,93.2750015258789,93.2750015258789,93.2750015258789,93.2699966430664,93.2699966430664,479.0
2024-03-01 15:41:00,AMGN,280.7950134277344,280.7950134277344,280.7950134277344,280.52099609375,280.5899963378906,14641.0
2024-03-01 15:41:00,AMLX,18.649999618530273,18.649999618530273,18.65999984741211,18.635000228881836,18.65999984741211,6593.0
2024-03-01 15:41:00,AMPH,45.869998931884766,45.869998931884766,45.900001525878906,45.7599983215332,45.79999923706055,14540.0
2024-03-01 15:41:00,AMRN,1.0499999523162842,1.0499999523162842,1.0549999475479126,1.0499999523162842,1.0549999475479126,31143.0
2024-03-01 15:41:00,ANAB,25.399999618530273,25.399999618530273,25.399999618530273,25.385000228881836,25.399999618530273,703.0
2024-03-01 15:41:00,ANGO,5.454999923706055,5.454999923706055,5.454999923706055,5.454999923706055,5.454999923706055,247.0
2024-03-01 15:41:00,ANIP,66.79499816894531,66.79499816894531,66.79499816894531,66.79499816894531,66.79499816894531,880.0
2024-03-01 15:41:00,ANIX,3.5,3.5,3.5,3.5,3.5,347.0
2024-03-01 15:41:00,ANNX,6.034299850463867,6.034299850463867,6.039999961853027,6.019999980926514,6.03000020980835,10123.0
2024-03-01 15:41:00,APLS,64.22000122070312,64.22000122070312,64.23999786376953,64.1050033569336,64.1050033569336,8976.0
2024-03-01 15:41:00,APLT,7.019999980926514,7.019999980926514,7.019999980926514,7.010000228881836,7.018499851226807,3257.0
2024-03-01 15:41:00,APVO,0.15800000727176666,0.15800000727176666,0.15800000727176666,0.15800000727176666,0.15800000727176666,403.0
2024-03-01 15:41:00,AQST,4.164999961853027,4.164999961853027,4.179999828338623,4.164999961853027,4.175000190734863,16751.0
2024-03-01 15:41:00,ARAY,2.615000009536743,2.615000009536743,2.619999885559082,2.615000009536743,2.615000009536743,586.0
2024-03-01 15:41:00,ARDX,9.380000114440918,9.380000114440918,9.380000114440918,9.364999771118164,9.364999771118164,8844.0
2024-03-01 15:41:00,ARGX,392.3699951171875,392.3699951171875,392.3699951171875,391.4100036621094,391.5799865722656,7330.0
2024-03-01 15:41:00,ARQT,11.460000038146973,11.460000038146973,11.460000038146973,11.420000076293945,11.420000076293945,28917.0
2024-03-01 15:41:00,ARVN,47.32500076293945,47.32500076293945,47.32500076293945,47.22999954223633,47.2400016784668,3460.0
2024-03-01 15:41:00,ARWR,35.72999954223633,35.72999954223633,35.72999954223633,35.66999816894531,35.70000076293945,9855.0
2024-03-01 15:41:00,ASMB,13.300000190734863,13.300000190734863,13.300000190734863,13.300000190734863,13.300000190734863,363.0
2024-03-01 15:41:00,ASND,154.1750030517578,154.1750030517578,154.33999633789062,154.1750030517578,154.22000122070312,1223.0
2024-03-01 15:41:00,ASRT,0.8899999856948853,0.8899999856948853,0.8899999856948853,0.8895000219345093,0.8899000287055969,2183.0
2024-03-01 15:41:00,ATAI,2.1201000213623047,2.1201000213623047,2.1201000213623047,2.1201000213623047,2.1201000213623047,102.0
2024-03-01 15:41:00,ATEC,13.449999809265137,13.449999809265137,13.470000267028809,13.449999809265137,13.46500015258789,2490.0
2024-03-01 15:41:00,ATHA,3.9100000858306885,3.9100000858306885,3.9100000858306885,3.9100000858306885,3.9100000858306885,241.0
2024-03-01 15:41:00,ATRA,0.7716000080108643,0.7716000080108643,0.7716000080108643,0.7631999850273132,0.7646999955177307,22233.0
2024-03-01 15:41:00,ATRC,36.125,36.125,36.130001068115234,36.119998931884766,36.119998931884766,1752.0
2024-03-01 15:41:00,ATXI,0.1574999988079071,0.1574999988079071,0.1574999988079071,0.15539999306201935,0.15539999306201935,5550.0
2024-03-01 15:41:00,ATXS,14.920000076293945,14.920000076293945,14.920000076293945,14.920000076293945,14.920000076293945,192.0
2024-03-01 15:41:00,AUGX,4.568999767303467,4.568999767303467,4.568999767303467,4.550000190734863,4.559899806976318,2996.0
2024-03-01 15:41:00,AUPH,5.760000228881836,5.760000228881836,5.760000228881836,5.75,5.75,1658.0
2024-03-01 15:41:00,AURA,9.21500015258789,9.21500015258789,9.21500015258789,9.199999809265137,9.199999809265137,307.0
2024-03-01 15:41:00,AUTL,6.260000228881836,6.260000228881836,6.260000228881836,6.25,6.25,3216.0
2024-03-01 15:41:00,AVDL,13.680000305175781,13.680000305175781,13.699999809265137,13.670000076293945,13.699999809265137,14658.0
2024-03-01 15:41:00,AVIR,4.449999809265137,4.449999809265137,4.449999809265137,4.440000057220459,4.440000057220459,480.0
2024-03-01 15:41:00,AVTE,23.549999237060547,23.549999237060547,23.649999618530273,23.549999237060547,23.649999618530273,1098.0
2024-03-01 15:41:00,AXGN,10.75,10.75,10.75,10.710000038146973,10.710000038146973,4406.0
2024-03-01 15:41:00,AXNX,67.69000244140625,67.69000244140625,67.7300033569336,67.69000244140625,67.69999694824219,3193.0
2024-03-01 15:41:00,AXSM,82.48999786376953,82.48999786376953,82.48999786376953,82.44000244140625,82.44999694824219,1403.0
2024-03-01 15:41:00,AYTU,2.9100000858306885,2.9100000858306885,2.9100000858306885,2.9100000858306885,2.9100000858306885,237.0
2024-03-01 15:41:00,AZN,64.56500244140625,64.56500244140625,64.56999969482422,64.56500244140625,64.56500244140625,3301.0
2024-03-01 15:41:00,AZTA,67.0,67.0,67.0,67.0,67.0,313.0
2024-03-01 15:41:00,BBIO,35.709999084472656,35.709999084472656,35.75,35.70000076293945,35.7400016784668,3285.0
2024-03-01 15:41:00,BCAB,2.825000047683716,2.825000047683716,2.825000047683716,2.7699999809265137,2.7699999809265137,10035.0
2024-03-01 15:41:00,BCDA,0.5770869851112366,0.5770869851112366,0.5770869851112366,0.5770869851112366,0.5770869851112366,500.0
2024-03-01 15:41:00,BCRX,5.635000228881836,5.635000228881836,5.635000228881836,5.635000228881836,5.635000228881836,160.0
2024-03-01 15:41:00,BDSX,1.6074999570846558,1.6074999570846558,1.6074999570846558,1.6074999570846558,1.6074999570846558,371.0
2024-03-01 15:41:00,BDTX,4.750100135803223,4.750100135803223,4.760000228881836,4.730000019073486,4.730000019073486,6524.0
2024-03-01 15:41:00,BEAM,39.64500045776367,39.64500045776367,39.65999984741211,39.64500045776367,39.654998779296875,758.0
2024-03-01 15:41:00,BGNE,166.19000244140625,166.19000244140625,166.19000244140625,166.00999450683594,166.00999450683594,984.0
2024-03-01 15:41:00,BGXX,0.2576499879360199,0.2576499879360199,0.2576499879360199,0.2576499879360199,0.2576499879360199,257.0
2024-03-01 15:41:00,BIIB,220.75,220.75,220.75900268554688,220.6750030517578,220.6750030517578,1035.0
2024-03-01 15:41:00,BIOL,0.14560000598430634,0.14560000598430634,0.14560000598430634,0.14550000429153442,0.14550000429153442,7504.0
2024-03-01 15:41:00,BIVI,1.965000033378601,1.965000033378601,2.0199999809265137,1.9500999450683594,2.007699966430664,84881.0
2024-03-01 15:41:00,BLFS,17.834999084472656,17.834999084472656,17.834999084472656,17.834999084472656,17.834999084472656,1191.0
2024-03-01 15:41:00,BLUE,1.5750000476837158,1.5750000476837158,1.575600028038025,1.5700000524520874,1.5724999904632568,4843.0
2024-03-01 15:41:00,BMEA,17.84000015258789,17.84000015258789,17.850000381469727,17.834999084472656,17.850000381469727,2601.0
2024-03-01 15:41:00,BMRA,1.2000000476837158,1.2000000476837158,1.2000000476837158,1.2000000476837158,1.2000000476837158,104.0
2024-03-01 15:41:00,BMRN,87.5999984741211,87.5999984741211,87.61000061035156,87.56999969482422,87.58499908447266,6182.0
2024-03-01 15:41:00,BNGO,1.25,1.25,1.2549999952316284,1.2450000047683716,1.25,15304.0
2024-03-01 15:41:00,BNR,0.8101000189781189,0.8101000189781189,0.8101000189781189,0.8101000189781189,0.8101000189781189,100.0
2024-03-01 15:41:00,BNTX,90.65499877929688,90.65499877929688,90.65499877929688,90.65499877929688,90.65499877929688,365.0
2024-03-01 15:41:00,BOLT,1.2200000286102295,1.2200000286102295,1.2200000286102295,1.2200000286102295,1.2200000286102295,1520.0
2024-03-01 15:41:00,BPMC,95.30999755859375,95.30999755859375,95.4749984741211,95.30999755859375,95.41000366210938,2241.0
2024-03-01 15:41:00,BRKR,88.27999877929688,88.27999877929688,88.31999969482422,88.27999877929688,88.30999755859375,1438.0
2024-03-01 15:41:00,BSGM,0.7200000286102295,0.7200000286102295,0.7300000190734863,0.7200000286102295,0.7300000190734863,3653.0
2024-03-01 15:41:00,BTAI,3.2149999141693115,3.2149999141693115,3.2149999141693115,3.2149999141693115,3.2149999141693115,103.0
2024-03-01 15:41:00,BTMD,5.829999923706055,5.829999923706055,5.829999923706055,5.829999923706055,5.829999923706055,1692.0
2024-03-01 15:41:00,BTTX,0.1850000023841858,0.1850000023841858,0.1850000023841858,0.1850000023841858,0.1850000023841858,118.0
2024-03-01 15:41:00,BWAY,6.599999904632568,6.599999904632568,6.599999904632568,6.590000152587891,6.590000152587891,201.0
2024-03-01 15:41:00,BYSI,1.5,1.5,1.5,1.5,1.5,401.0
2024-03-01 15:41:00,CABA,24.014999389648438,24.014999389648438,24.030000686645508,23.989999771118164,23.993799209594727,10794.0
2024-03-01 15:41:00,CAPR,4.53000020980835,4.53000020980835,4.53000020980835,4.53000020980835,4.53000020980835,160.0
2024-03-01 15:41:00,CARA,0.9204999804496765,0.9204999804496765,0.9204999804496765,0.919700026512146,0.9200000166893005,1553.0
2024-03-01 15:41:00,CBAY,32.220001220703125,32.220001220703125,32.22999954223633,32.220001220703125,32.22999954223633,10428.0
2024-03-01 15:41:00,CCCC,10.994999885559082,10.994999885559082,11.005000114440918,10.994999885559082,11.0,5265.0
2024-03-01 15:41:00,CCEL,5.0,5.0,5.0,5.0,5.0,972.0
2024-03-01 15:41:00,CCRN,18.260000228881836,18.260000228881836,18.270000457763672,18.260000228881836,18.270000457763672,1077.0
2024-03-01 15:41:00,CDMO,8.229999542236328,8.229999542236328,8.229999542236328,8.21500015258789,8.225000381469727,5920.0
2024-03-01 15:41:00,CDNA,12.350000381469727,12.350000381469727,12.390000343322754,12.350000381469727,12.385000228881836,10738.0
2024-03-01 15:41:00,CDTX,0.7195000052452087,0.7195000052452087,0.7195000052452087,0.7195000052452087,0.7195000052452087,100.0
2024-03-01 15:41:00,CDXS,4.644999980926514,4.644999980926514,4.659999847412109,4.644999980926514,4.65500020980835,43516.0
2024-03-01 15:41:00,CELC,17.315000534057617,17.315000534057617,17.315000534057617,17.315000534057617,17.315000534057617,612.0
2024-03-01 15:41:00,CERE,41.099998474121094,41.099998474121094,41.11000061035156,41.099998474121094,41.11000061035156,1666.0
2024-03-01 15:41:00,CERS,2.1700000762939453,2.1700000762939453,2.174999952316284,2.1700000762939453,2.174999952316284,1162.0
2024-03-01 15:41:00,CERT,18.139999389648438,18.139999389648438,18.139999389648438,18.139999389648438,18.139999389648438,1308.0
2024-03-01 15:41:00,CGC,3.2100000381469727,3.2100000381469727,3.2100000381469727,3.2049999237060547,3.2049999237060547,1555.0
2024-03-01 15:41:00,CGEM,18.540000915527344,18.540000915527344,18.575199127197266,18.540000915527344,18.575199127197266,1091.0
2024-03-01 15:41:00,CHRS,2.385699987411499,2.385699987411499,2.390000104904175,2.384999990463257,2.390000104904175,3531.0
2024-03-01 15:41:00,CING,1.3499000072479248,1.3499000072479248,1.3499000072479248,1.3300000429153442,1.3300000429153442,240.0
2024-03-01 15:41:00,CKPT,2.190000057220459,2.190000057220459,2.2032999992370605,2.180000066757202,2.2032999992370605,17939.0
2024-03-01 15:41:00,CLDX,51.65999984741211,51.65999984741211,51.79999923706055,51.650001525878906,51.79999923706055,7727.0
2024-03-01 15:41:00,CLNN,0.3799999952316284,0.3799999952316284,0.3799999952316284,0.3799999952316284,0.3799999952316284,100.0
2024-03-01 15:41:00,CLOV,0.8657500147819519,0.8657500147819519,0.8658000230789185,0.8657000064849854,0.8657500147819519,16458.0
2024-03-01 15:41:00,CLPT,6.630000114440918,6.630000114440918,6.630000114440918,6.619999885559082,6.619999885559082,2241.0
2024-03-01 15:41:00,CLVR,4.0,4.0,4.010000228881836,3.9800000190734863,4.010000228881836,688.0
2024-03-01 15:41:00,CMPS,11.5,11.5,11.505000114440918,11.489999771118164,11.505000114440918,3920.0
2024-03-01 15:41:00,CMRX,1.1950000524520874,1.1950000524520874,1.2000000476837158,1.190600037574768,1.2000000476837158,706.0
2024-03-01 15:41:00,CNSP,0.3190999925136566,0.3190999925136566,0.33000001311302185,0.3190999925136566,0.33000001311302185,14600.0
2024-03-01 15:41:00,CNTA,10.710000038146973,10.710000038146973,10.710000038146973,10.710000038146973,10.710000038146973,104.0
2024-03-01 15:41:00,COGT,7.21999979019165,7.21999979019165,7.224999904632568,7.210000038146973,7.215000152587891,7660.0
2024-03-01 15:41:00,CORT,24.239999771118164,24.239999771118164,24.239999771118164,24.235000610351562,24.235000610351562,1257.0
2024-03-01 15:41:00,CPRX,17.165000915527344,17.165000915527344,17.170000076293945,17.155000686645508,17.155000686645508,6149.0
2024-03-01 15:41:00,CPSI,9.289999961853027,9.289999961853027,9.305000305175781,9.289999961853027,9.300000190734863,2287.0
2024-03-01 15:41:00,CRBP,34.250099182128906,34.250099182128906,34.5,34.250099182128906,34.375,3791.0
2024-03-01 15:41:00,CRBU,7.769999980926514,7.769999980926514,7.795000076293945,7.75,7.795000076293945,9922.0
2024-03-01 15:41:00,CRDF,2.910099983215332,2.910099983215332,2.940000057220459,2.9000000953674316,2.930000066757202,123665.0
2024-03-01 15:41:00,CRDL,1.9259999990463257,1.9259999990463257,1.9259999990463257,1.9259999990463257,1.9259999990463257,3277.0
2024-03-01 15:41:00,CRMD,3.6500000953674316,3.6500000953674316,3.6600000858306885,3.6500000953674316,3.6600000858306885,1990.0
2024-03-01 15:41:00,CRNX,45.83000183105469,45.83000183105469,45.83000183105469,45.79999923706055,45.81999969482422,1186.0
2024-03-01 15:41:00,CRON,2.0199999809265137,2.0199999809265137,2.0199999809265137,2.009999990463257,2.009999990463257,1816.0
2024-03-01 15:41:00,CRSP,84.06529998779297,84.06529998779297,84.08999633789062,84.04000091552734,84.06500244140625,904.0
2024-03-01 15:41:00,CRVS,2.1760001182556152,2.1760001182556152,2.190000057220459,2.1700000762939453,2.190000057220459,2627.0
2024-03-01 15:41:00,CSTL,20.030000686645508,20.030000686645508,20.030000686645508,20.030000686645508,20.030000686645508,445.0
2024-03-01 15:41:00,CTKB,9.039999961853027,9.039999961853027,9.039999961853027,9.005000114440918,9.005000114440918,25997.0
2024-03-01 15:41:00,CTMX,2.575000047683716,2.575000047683716,2.5799999237060547,2.569999933242798,2.5799999237060547,2916.0
2024-03-01 15:41:00,CUE,2.130000114440918,2.130000114440918,2.130000114440918,2.130000114440918,2.130000114440918,131.0
2024-03-01 15:41:00,CUTR,2.3949999809265137,2.3949999809265137,2.3949999809265137,2.3949999809265137,2.3949999809265137,3929.0
2024-03-01 15:41:00,CVAC,3.434999942779541,3.434999942779541,3.434999942779541,3.430000066757202,3.430000066757202,3191.0
2024-03-01 15:41:00,CVRX,20.75,20.75,20.764999389648438,20.75,20.764999389648438,654.0
2024-03-01 15:41:00,CYTK,73.77999877929688,73.77999877929688,73.77999877929688,73.75,73.75,1718.0
2024-03-01 15:41:00,DARE,0.5507580041885376,0.5507580041885376,0.5548989772796631,0.5507580041885376,0.5548989772796631,1160.0
2024-03-01 15:41:00,DAWN,17.469999313354492,17.469999313354492,17.479999542236328,17.469999313354492,17.469999313354492,555.0
2024-03-01 15:41:00,DBVT,0.8275499939918518,0.8275499939918518,0.8275499939918518,0.8275499939918518,0.8275499939918518,342.0
2024-03-01 15:41:00,DCGO,4.059999942779541,4.059999942779541,4.070000171661377,4.059999942779541,4.070000171661377,2225.0
2024-03-01 15:41:00,DCTH,4.199900150299072,4.199900150299072,4.199900150299072,4.199900150299072,4.199900150299072,5213.0
2024-03-01 15:41:00,DH,8.850000381469727,8.850000381469727,8.850000381469727,8.850000381469727,8.850000381469727,224.0
2024-03-01 15:41:00,DMTK,0.8399999737739563,0.8399999737739563,0.8499000072479248,0.8205000162124634,0.8300999999046326,45808.0
2024-03-01 15:41:00,DNLI,20.78499984741211,20.78499984741211,20.815000534057617,20.780000686645508,20.815000534057617,2460.0
2024-03-01 15:41:00,DRUG,1.8027000427246094,1.8027000427246094,1.8027000427246094,1.8027000427246094,1.8027000427246094,100.0
2024-03-01 15:41:00,DTIL,12.655500411987305,12.655500411987305,12.655500411987305,12.655500411987305,12.655500411987305,525.0
2024-03-01 15:41:00,DVAX,12.760000228881836,12.760000228881836,12.765000343322754,12.760000228881836,12.760000228881836,5440.0
2024-03-01 15:41:00,DXCM,120.93499755859375,120.93499755859375,121.06999969482422,120.93000030517578,121.0199966430664,13632.0
2024-03-01 15:41:00,DYAI,1.399999976158142,1.399999976158142,1.399999976158142,1.399999976158142,1.399999976158142,100.0
2024-03-01 15:41:00,DYN,29.100000381469727,29.100000381469727,29.1200008392334,29.100000381469727,29.110000610351562,3278.0
2024-03-01 15:41:00,EDIT,10.524999618530273,10.524999618530273,10.53499984741211,10.520000457763672,10.53499984741211,11945.0
2024-03-01 15:41:00,EGRX,6.449999809265137,6.449999809265137,6.449999809265137,6.449999809265137,6.449999809265137,372.0
2024-03-01 15:41:00,ELEV,5.070000171661377,5.070000171661377,5.070000171661377,5.059999942779541,5.059999942779541,484.0
2024-03-01 15:41:00,EMBC,14.25,14.25,14.255000114440918,14.25,14.255000114440918,298.0
2024-03-01 15:41:00,ENSG,121.68499755859375,121.68499755859375,121.68499755859375,121.66000366210938,121.66000366210938,343.0
2024-03-01 15:41:00,ENTA,15.550000190734863,15.550000190734863,15.550000190734863,15.550000190734863,15.550000190734863,592.0
2024-03-01 15:41:00,ENTX,1.399999976158142,1.399999976158142,1.4003000259399414,1.399999976158142,1.4003000259399414,1162.0
2024-03-01 15:41:00,ENVB,1.559999942779541,1.559999942779541,1.5700000524520874,1.5499999523162842,1.5499999523162842,3731.0
2024-03-01 15:41:00,EOLS,14.899999618530273,14.899999618530273,14.899999618530273,14.899999618530273,14.899999618530273,866.0
2024-03-01 15:41:00,EPIX,9.3100004196167,9.3100004196167,9.34000015258789,9.300000190734863,9.300000190734863,1206.0
2024-03-01 15:41:00,ERAS,2.625,2.625,2.625,2.615000009536743,2.619999885559082,16083.0
2024-03-01 15:41:00,ESPR,2.5450000762939453,2.5450000762939453,2.5450000762939453,2.5450000762939453,2.5450000762939453,3336.0
2024-03-01 15:41:00,ESTA,44.23500061035156,44.23500061035156,44.310001373291016,44.209999084472656,44.290000915527344,1602.0
2024-03-01 15:41:00,ETNB,12.6899995803833,12.6899995803833,12.694999694824219,12.6899995803833,12.694999694824219,3116.0
2024-03-01 15:41:00,EWTX,16.600000381469727,16.600000381469727,16.614999771118164,16.600000381469727,16.610300064086914,1071.0
2024-03-01 15:41:00,EXAS,59.22999954223633,59.22999954223633,59.2599983215332,59.220001220703125,59.25,4721.0
2024-03-01 15:41:00,EXEL,22.229999542236328,22.229999542236328,22.235000610351562,22.229999542236328,22.235000610351562,3612.0
2024-03-01 15:41:00,EYEN,2.3808999061584473,2.3808999061584473,2.384999990463257,2.3808999061584473,2.384999990463257,717.0
2024-03-01 15:41:00,EYPT,27.989999771118164,27.989999771118164,28.030000686645508,27.940000534057617,28.0,4072.0
2024-03-01 15:41:00,FATE,7.724999904632568,7.724999904632568,7.730000019073486,7.724999904632568,7.730000019073486,2220.0
2024-03-01 15:41:00,FDMT,29.135000228881836,29.135000228881836,29.139999389648438,29.135000228881836,29.139999389648438,382.0
2024-03-01 15:41:00,FEMY,1.7899999618530273,1.7899999618530273,1.7999999523162842,1.7899999618530273,1.7999999523162842,410.0
2024-03-01 15:41:00,FENC,9.770000457763672,9.770000457763672,9.770000457763672,9.770000457763672,9.770000457763672,231.0
2024-03-01 15:41:00,FGEN,1.8250000476837158,1.8250000476837158,1.8250000476837158,1.8250000476837158,1.8250000476837158,653.0
2024-03-01 15:41:00,FHTX,7.8354997634887695,7.8354997634887695,7.840000152587891,7.821000099182129,7.840000152587891,2000.0
2024-03-01 15:41:00,FLGC,1.1438000202178955,1.1438000202178955,1.1438000202178955,1.1438000202178955,1.1438000202178955,438.0
2024-03-01 15:41:00,FOLD,13.319999694824219,13.319999694824219,13.319999694824219,13.3100004196167,13.3149995803833,4039.0
2024-03-01 15:41:00,FULC,11.005000114440918,11.005000114440918,11.010000228881836,11.0,11.0,3434.0
2024-03-01 15:41:00,FUSN,12.104999542236328,12.104999542236328,12.104999542236328,12.100000381469727,12.100000381469727,2123.0
2024-03-01 15:41:00,FWBI,8.90999984741211,8.90999984741211,8.90999984741211,8.90999984741211,8.90999984741211,208.0
2024-03-01 15:41:00,GALT,1.934999942779541,1.934999942779541,1.9450000524520874,1.9299999475479126,1.9450000524520874,4449.0
2024-03-01 15:41:00,GANX,4.659999847412109,4.659999847412109,4.659999847412109,4.659999847412109,4.659999847412109,111.0
2024-03-01 15:41:00,GBIO,2.619999885559082,2.619999885559082,2.619999885559082,2.619999885559082,2.619999885559082,108.0
2024-03-01 15:41:00,GDRX,8.345000267028809,8.345000267028809,8.364999771118164,8.345000267028809,8.364999771118164,8600.0
2024-03-01 15:41:00,GERN,2.244999885559082,2.244999885559082,2.25,2.240000009536743,2.244999885559082,9509.0
2024-03-01 15:41:00,GH,18.93199920654297,18.93199920654297,18.950000762939453,18.93000030517578,18.940000534057617,3712.0
2024-03-01 15:41:00,GHSI,8.220000267028809,8.220000267028809,8.220000267028809,8.220000267028809,8.220000267028809,417.0
2024-03-01 15:41:00,GILD,72.32499694824219,72.32499694824219,72.33999633789062,72.31099700927734,72.31999969482422,10447.0
2024-03-01 15:41:00,GLSI,12.829999923706055,12.829999923706055,12.829999923706055,12.829999923706055,12.829999923706055,101.0
2024-03-01 15:41:00,GLTO,0.8102999925613403,0.8102999925613403,0.8102999925613403,0.8102999925613403,0.8102999925613403,2505.0
2024-03-01 15:41:00,GLUE,6.269999980926514,6.269999980926514,6.300000190734863,6.260000228881836,6.300000190734863,2692.0
2024-03-01 15:41:00,GLYC,3.0399999618530273,3.0399999618530273,3.0399999618530273,3.0399999618530273,3.0399999618530273,415.0
2024-03-01 15:41:00,GMAB,29.28499984741211,29.28499984741211,29.295000076293945,29.28499984741211,29.290000915527344,2093.0
2024-03-01 15:41:00,GMDA,0.383899986743927,0.383899986743927,0.3860990107059479,0.383899986743927,0.3860990107059479,9023.0
2024-03-01 15:41:00,GOSS,1.399999976158142,1.399999976158142,1.399999976158142,1.396299958229065,1.399999976158142,5710.0
2024-03-01 15:41:00,GRFS,7.011199951171875,7.011199951171875,7.019999980926514,7.010000228881836,7.010000228881836,878.0
2024-03-01 15:41:00,GRTS,2.0199999809265137,2.0199999809265137,2.0299999713897705,2.0199999809265137,2.0250000953674316,5233.0
2024-03-01 15:41:00,GRTX,0.2281000018119812,0.2281000018119812,0.2281000018119812,0.22519999742507935,0.22519999742507935,200.0
2024-03-01 15:41:00,GTHX,3.7100000381469727,3.7100000381469727,3.7100000381469727,3.694000005722046,3.694999933242798,5954.0
2024-03-01 15:41:00,HALO,41.029998779296875,41.029998779296875,41.040000915527344,41.029998779296875,41.040000915527344,802.0
2024-03-01 15:41:00,HARP,22.950000762939453,22.950000762939453,22.950000762939453,22.950000762939453,22.950000762939453,155.0
2024-03-01 15:41:00,HCAT,8.0600004196167,8.0600004196167,8.0649995803833,8.039999961853027,8.045000076293945,5559.0
2024-03-01 15:41:00,HCSG,12.805000305175781,12.805000305175781,12.805000305175781,12.802499771118164,12.802499771118164,467.0
2024-03-01 15:41:00,HCTI,2.0,2.0,2.0,2.0,2.0,515.0
2024-03-01 15:41:00,HLVX,19.110000610351562,19.110000610351562,19.110000610351562,19.110000610351562,19.110000610351562,110.0
2024-03-01 15:41:00,HOLX,73.95500183105469,73.95500183105469,73.95999908447266,73.94999694824219,73.95999908447266,1424.0
2024-03-01 15:41:00,HOWL,6.989999771118164,6.989999771118164,7.005000114440918,6.989999771118164,7.005000114440918,1215.0
2024-03-01 15:41:00,HQY,81.08999633789062,81.08999633789062,81.08999633789062,81.08999633789062,81.08999633789062,582.0
2024-03-01 15:41:00,HRMY,31.799999237060547,31.799999237060547,31.8799991607666,31.799999237060547,31.8799991607666,2907.0
2024-03-01 15:41:00,HRTX,2.5899999141693115,2.5899999141693115,2.5899999141693115,2.5850000381469727,2.5850000381469727,9134.0
2024-03-01 15:41:00,HSIC,76.80999755859375,76.80999755859375,76.83000183105469,76.80000305175781,76.83000183105469,7582.0
2024-03-01 15:41:00,HSTM,27.149999618530273,27.149999618530273,27.149999618530273,27.149999618530273,27.149999618530273,295.0
2024-03-01 15:41:00,HUMA,3.305000066757202,3.305000066757202,3.309999942779541,3.299999952316284,3.305000066757202,10673.0
2024-03-01 15:41:00,IART,36.02000045776367,36.02000045776367,36.029998779296875,36.0099983215332,36.029998779296875,3253.0
2024-03-01 15:41:00,IBRX,4.735000133514404,4.735000133514404,4.735000133514404,4.730000019073486,4.730000019073486,1153.0
2024-03-01 15:41:00,ICAD,1.8700000047683716,1.8700000047683716,1.8849999904632568,1.8700000047683716,1.8707000017166138,501.0
2024-03-01 15:41:00,ICLR,323.8900146484375,323.8900146484375,324.42999267578125,323.8900146484375,324.3349914550781,1825.0
2024-03-01 15:41:00,ICUI,105.48999786376953,105.48999786376953,105.48999786376953,105.48999786376953,105.48999786376953,670.0
2024-03-01 15:41:00,IDXX,575.635009765625,575.635009765625,576.1699829101562,575.635009765625,576.1199951171875,1099.0
2024-03-01 15:41:00,IDYA,46.189998626708984,46.189998626708984,46.189998626708984,46.189998626708984,46.189998626708984,100.0
2024-03-01 15:41:00,IFRX,1.7200000286102295,1.7200000286102295,1.7200000286102295,1.7200000286102295,1.7200000286102295,403.0
2024-03-01 15:41:00,IGMS,12.729999542236328,12.729999542236328,12.778599739074707,12.729999542236328,12.760000228881836,3273.0
2024-03-01 15:41:00,IINN,1.6950000524520874,1.6950000524520874,1.6950000524520874,1.6950000524520874,1.6950000524520874,102.0
2024-03-01 15:41:00,IKNA,1.4900000095367432,1.4900000095367432,1.4900000095367432,1.4900000095367432,1.4900000095367432,122.0
2024-03-01 15:41:00,IKT,2.1630001068115234,2.1630001068115234,2.1649999618530273,2.130000114440918,2.140000104904175,5503.0
2024-03-01 15:41:00,ILMN,140.38499450683594,140.38499450683594,140.4600067138672,140.36000061035156,140.42999267578125,2791.0
2024-03-01 15:41:00,IMCR,67.90499877929688,67.90499877929688,67.94999694824219,67.90499877929688,67.94999694824219,368.0
2024-03-01 15:41:00,IMMP,2.2899999618530273,2.2899999618530273,2.3201000690460205,2.2899999618530273,2.319999933242798,1879.0
2024-03-01 15:41:00,IMNM,25.575000762939453,25.575000762939453,25.575000762939453,25.55299949645996,25.55299949645996,238.0
2024-03-01 15:41:00,IMNN,1.0099999904632568,1.0099999904632568,1.0099999904632568,1.0099999904632568,1.0099999904632568,196.0
2024-03-01 15:41:00,IMTX,12.875,12.875,12.875,12.875,12.875,163.0
2024-03-01 15:41:00,IMUX,1.440000057220459,1.440000057220459,1.440000057220459,1.440000057220459,1.440000057220459,646.0
2024-03-01 15:41:00,IMVT,35.41999816894531,35.41999816894531,35.44200134277344,35.41999816894531,35.439998626708984,2173.0
2024-03-01 15:41:00,INCY,59.0,59.0,59.0099983215332,58.9900016784668,59.0099983215332,4363.0
2024-03-01 15:41:00,INGN,6.929999828338623,6.929999828338623,6.929999828338623,6.920100212097168,6.920100212097168,2908.0
2024-03-01 15:41:00,INMD,22.895000457763672,22.895000457763672,22.895000457763672,22.894500732421875,22.895000457763672,4191.0
2024-03-01 15:41:00,INO,9.515000343322754,9.515000343322754,9.515000343322754,9.515000343322754,9.515000343322754,165.0
2024-03-01 15:41:00,INSM,28.024999618530273,28.024999618530273,28.024999618530273,28.024999618530273,28.024999618530273,419.0
2024-03-01 15:41:00,INVA,15.375,15.375,15.380000114440918,15.369999885559082,15.380000114440918,1150.0
2024-03-01 15:41:00,INZY,6.554999828338623,6.554999828338623,6.554999828338623,6.539999961853027,6.539999961853027,2336.0
2024-03-01 15:41:00,IOBT,1.8380000591278076,1.8380000591278076,1.8380000591278076,1.8380000591278076,1.8380000591278076,100.0
2024-03-01 15:41:00,IONS,45.540000915527344,45.540000915527344,45.58000183105469,45.5099983215332,45.564998626708984,6338.0
2024-03-01 15:41:00,IOVA,16.844999313354492,16.844999313354492,16.860000610351562,16.844999313354492,16.854999542236328,18551.0
2024-03-01 15:41:00,IPSC,3.9700000286102295,3.9700000286102295,3.9700000286102295,3.9700000286102295,3.9700000286102295,707.0
2024-03-01 15:41:00,IRTC,120.11499786376953,120.11499786376953,120.25,120.11499786376953,120.25,803.0
2024-03-01 15:41:00,IRWD,8.885000228881836,8.885000228881836,8.890000343322754,8.880000114440918,8.885000228881836,13812.0
2024-03-01 15:41:00,ISPC,0.45899999141693115,0.45899999141693115,0.45899999141693115,0.45899999141693115,0.45899999141693115,202.0
2024-03-01 15:41:00,ISRG,397.9549865722656,397.9549865722656,398.010009765625,397.9100036621094,398.010009765625,2165.0
2024-03-01 15:41:00,ITCI,72.12999725341797,72.12999725341797,72.13999938964844,72.08000183105469,72.08000183105469,3317.0
2024-03-01 15:41:00,ITOS,11.239999771118164,11.239999771118164,11.25,11.229999542236328,11.25,2998.0
2024-03-01 15:41:00,IVVD,3.9800000190734863,3.9800000190734863,3.9800000190734863,3.9800000190734863,3.9800000190734863,229.0
2024-03-01 15:41:00,JAGX,0.08330000191926956,0.08330000191926956,0.08420000225305557,0.08240000158548355,0.08420000225305557,25106.0
2024-03-01 15:41:00,JANX,46.040000915527344,46.040000915527344,46.09000015258789,46.02000045776367,46.05500030517578,6758.0
2024-03-01 15:41:00,JAZZ,118.62999725341797,118.62999725341797,118.63500213623047,118.56999969482422,118.63500213623047,2017.0
2024-03-01 15:41:00,JSPR,21.239999771118164,21.239999771118164,21.239999771118164,21.239999771118164,21.239999771118164,589.0
2024-03-01 15:41:00,KALV,14.069999694824219,14.069999694824219,14.069999694824219,14.069999694824219,14.069999694824219,727.0
2024-03-01 15:41:00,KNSA,21.81999969482422,21.81999969482422,21.81999969482422,21.795000076293945,21.795000076293945,1413.0
2024-03-01 15:41:00,KNTE,2.569999933242798,2.569999933242798,2.575000047683716,2.569999933242798,2.575000047683716,1450.0
2024-03-01 15:41:00,KOD,5.989999771118164,5.989999771118164,5.989999771118164,5.989999771118164,5.989999771118164,1255.0
2024-03-01 15:41:00,KPTI,1.184999942779541,1.184999942779541,1.184999942779541,1.1799999475479126,1.184999942779541,1781.0
2024-03-01 15:41:00,KRON,1.1100000143051147,1.1100000143051147,1.1150000095367432,1.100000023841858,1.1100000143051147,9318.0
2024-03-01 15:41:00,KROS,68.4000015258789,68.4000015258789,68.4000015258789,68.38999938964844,68.38999938964844,2009.0
2024-03-01 15:41:00,KRTX,315.6600036621094,315.6600036621094,315.6600036621094,315.6600036621094,315.6600036621094,198.0
2024-03-01 15:41:00,KTRA,0.10000000149011612,0.10000000149011612,0.10140000283718109,0.10000000149011612,0.10140000283718109,51072.0
2024-03-01 15:41:00,KURA,21.59000015258789,21.59000015258789,21.600000381469727,21.579999923706055,21.600000381469727,2326.0
2024-03-01 15:41:00,KYMR,43.630001068115234,43.630001068115234,43.68000030517578,43.60499954223633,43.619998931884766,2296.0
2024-03-01 15:41:00,KZR,1.034999966621399,1.034999966621399,1.034999966621399,1.0299999713897705,1.0299999713897705,4637.0
2024-03-01 15:41:00,LAB,2.4700000286102295,2.4700000286102295,2.4700000286102295,2.4649999141693115,2.4700000286102295,2929.0
2024-03-01 15:41:00,LBPH,21.260000228881836,21.260000228881836,21.299999237060547,21.260000228881836,21.299999237060547,891.0
2024-03-01 15:41:00,LEGN,65.55699920654297,65.55699920654297,65.58499908447266,65.51000213623047,65.52999877929688,4786.0
2024-03-01 15:41:00,LEXX,2.865000009536743,2.865000009536743,2.865000009536743,2.859999895095825,2.861999988555908,7689.0
2024-03-01 15:41:00,LFLY,2.944999933242798,2.944999933242798,2.944999933242798,2.944999933242798,2.944999933242798,103.0
2024-03-01 15:41:00,LFMD,8.0,8.0,8.0,8.0,8.0,445.0
2024-03-01 15:41:00,LFST,7.730000019073486,7.730000019073486,7.739999771118164,7.730000019073486,7.730000019073486,2907.0
2024-03-01 15:41:00,LGND,77.29000091552734,77.29000091552734,77.29000091552734,77.19499969482422,77.19499969482422,1482.0
2024-03-01 15:41:00,LGVN,0.5400000214576721,0.5400000214576721,0.5400000214576721,0.5400000214576721,0.5400000214576721,7845.0
2024-03-01 15:41:00,LIAN,4.875,4.875,4.875,4.875,4.875,210.0
2024-03-01 15:41:00,LIVN,55.209999084472656,55.209999084472656,55.209999084472656,55.20000076293945,55.20000076293945,613.0
2024-03-01 15:41:00,LMAT,67.87200164794922,67.87200164794922,67.87200164794922,67.87200164794922,67.87200164794922,318.0
2024-03-01 15:41:00,LNTH,64.34500122070312,64.34500122070312,64.37750244140625,64.33999633789062,64.37750244140625,4635.0
2024-03-01 15:41:00,LQDA,14.569999694824219,14.569999694824219,14.579999923706055,14.569999694824219,14.576199531555176,1848.0
2024-03-01 15:41:00,LRMR,11.300000190734863,11.300000190734863,11.319999694824219,11.300000190734863,11.300000190734863,1780.0
2024-03-01 15:41:00,LTRN,4.010000228881836,4.010000228881836,4.010000228881836,4.0,4.0,599.0
2024-03-01 15:41:00,LUNG,9.369999885559082,9.369999885559082,9.375,9.359999656677246,9.359999656677246,2675.0
2024-03-01 15:41:00,LVTX,2.5,2.5,2.549999952316284,2.5,2.509999990463257,3636.0
2024-03-01 15:41:00,LXRX,2.4749999046325684,2.4749999046325684,2.478800058364868,2.471100091934204,2.478800058364868,4149.0
2024-03-01 15:41:00,LYEL,3.1050000190734863,3.1050000190734863,3.1050000190734863,3.0999999046325684,3.1050000190734863,461.0
2024-03-01 15:41:00,LYRA,5.670000076293945,5.670000076293945,5.690000057220459,5.670000076293945,5.675000190734863,3343.0
2024-03-01 15:41:00,MACK,14.699999809265137,14.699999809265137,14.699999809265137,14.699999809265137,14.699999809265137,204.0
2024-03-01 15:41:00,MASI,127.01000213623047,127.01000213623047,127.12999725341797,127.00499725341797,127.12999725341797,2912.0
2024-03-01 15:41:00,MBRX,0.6297000050544739,0.6297000050544739,0.6297000050544739,0.6297000050544739,0.6297000050544739,200.0
2024-03-01 15:41:00,MCRB,1.2200000286102295,1.2200000286102295,1.2300000190734863,1.2200000286102295,1.225000023841858,13340.0
2024-03-01 15:41:00,MDGL,248.7899932861328,248.7899932861328,248.82000732421875,248.77000427246094,248.77000427246094,830.0
2024-03-01 15:41:00,MDRX,6.0,6.0,6.039999961853027,5.989999771118164,5.989999771118164,218227.0
2024-03-01 15:41:00,MDXG,8.600000381469727,8.600000381469727,8.600000381469727,8.595000267028809,8.600000381469727,2443.0
2024-03-01 15:41:00,ME,0.5473999977111816,0.5473999977111816,0.5480999946594238,0.5473999977111816,0.5476999878883362,11472.0
2024-03-01 15:41:00,MEDP,402.75,402.75,402.75,402.75,402.75,240.0
2024-03-01 15:41:00,MGNX,18.799999237060547,18.799999237060547,18.799999237060547,18.764999389648438,18.770000457763672,5699.0
2024-03-01 15:41:00,MGTX,6.389999866485596,6.389999866485596,6.389999866485596,6.389999866485596,6.389999866485596,805.0
2024-03-01 15:41:00,MIRM,29.075000762939453,29.075000762939453,29.075000762939453,29.075000762939453,29.075000762939453,176.0
2024-03-01 15:41:00,MIST,1.690000057220459,1.690000057220459,1.690000057220459,1.660099983215332,1.6649999618530273,6551.0
2024-03-01 15:41:00,MLTX,51.0,51.0,51.13999938964844,51.0,51.1150016784668,4919.0
2024-03-01 15:41:00,MNKD,4.514999866485596,4.514999866485596,4.519999980926514,4.514999866485596,4.519999980926514,3115.0
2024-03-01 15:41:00,MNMD,6.139999866485596,6.139999866485596,6.139999866485596,6.135000228881836,6.135000228881836,3652.0
2024-03-01 15:41:00,MNOV,1.350000023841858,1.350000023841858,1.3509999513626099,1.350000023841858,1.3509999513626099,1273.0
2024-03-01 15:41:00,MNPR,0.9301999807357788,0.9301999807357788,0.9399999976158142,0.9301999807357788,0.9399999976158142,831.0
2024-03-01 15:41:00,MODV,27.950000762939453,27.950000762939453,28.01099967956543,27.950000762939453,28.010000228881836,1266.0
2024-03-01 15:41:00,MOR,17.68000030517578,17.68000030517578,17.690000534057617,17.68000030517578,17.690000534057617,4958.0
2024-03-01 15:41:00,MORF,39.65999984741211,39.65999984741211,39.70000076293945,39.619998931884766,39.650001525878906,2655.0
2024-03-01 15:41:00,MREO,3.9200000762939453,3.9200000762939453,3.927999973297119,3.9200000762939453,3.924999952316284,608.0
2024-03-01 15:41:00,MRNA,95.61000061035156,95.61000061035156,95.62999725341797,95.58000183105469,95.61000061035156,6822.0
2024-03-01 15:41:00,MRNS,9.960000038146973,9.960000038146973,9.979999542236328,9.949999809265137,9.970000267028809,6215.0
2024-03-01 15:41:00,MRSN,5.934999942779541,5.934999942779541,5.940000057220459,5.929999828338623,5.934999942779541,4911.0
2024-03-01 15:41:00,MRUS,51.20000076293945,51.20000076293945,51.20500183105469,51.1609992980957,51.20000076293945,1632.0
2024-03-01 15:41:00,MRVI,7.614999771118164,7.614999771118164,7.614999771118164,7.614999771118164,7.614999771118164,2036.0
2024-03-01 15:41:00,MXCT,4.715000152587891,4.715000152587891,4.715000152587891,4.715000152587891,4.715000152587891,458.0
2024-03-01 15:41:00,MYGN,22.155000686645508,22.155000686645508,22.155000686645508,22.139999389648438,22.139999389648438,955.0
2024-03-01 15:41:00,NARI,45.4375,45.4375,45.459999084472656,45.34749984741211,45.3849983215332,11975.0
2024-03-01 15:41:00,NAUT,2.700000047683716,2.700000047683716,2.700000047683716,2.700000047683716,2.700000047683716,201.0
2024-03-01 15:41:00,NBIX,131.8249969482422,131.8249969482422,131.8249969482422,131.8000030517578,131.82000732421875,1012.0
2024-03-01 15:41:00,NDRA,1.1399999856948853,1.1399999856948853,1.1399999856948853,1.1398999691009521,1.1398999691009521,3600.0
2024-03-01 15:41:00,NEO,15.890000343322754,15.890000343322754,15.920000076293945,15.890000343322754,15.90999984741211,4228.0
2024-03-01 15:41:00,NEOG,17.200000762939453,17.200000762939453,17.207500457763672,17.200000762939453,17.204999923706055,1253.0
2024-03-01 15:41:00,NERV,2.6449999809265137,2.6449999809265137,2.6449999809265137,2.630000114440918,2.630000114440918,1005.0
2024-03-01 15:41:00,NEXI,6.309999942779541,6.309999942779541,6.315000057220459,6.309999942779541,6.309999942779541,1207.0
2024-03-01 15:41:00,NGM,1.5199999809265137,1.5199999809265137,1.5199999809265137,1.5199999809265137,1.5199999809265137,215.0
2024-03-01 15:41:00,NKTR,0.7521499991416931,0.7521499991416931,0.7521499991416931,0.7505000233650208,0.7505000233650208,887.0
2024-03-01 15:41:00,NKTX,12.729999542236328,12.729999542236328,12.729999542236328,12.729999542236328,12.729999542236328,101.0
2024-03-01 15:41:00,NNOX,10.989999771118164,10.989999771118164,10.989999771118164,10.944999694824219,10.944999694824219,14081.0
2024-03-01 15:41:00,NOTV,8.010000228881836,8.010000228881836,8.010000228881836,8.010000228881836,8.010000228881836,243.0
2024-03-01 15:41:00,NPCE,16.309999465942383,16.309999465942383,16.309999465942383,16.299999237060547,16.299999237060547,527.0
2024-03-01 15:41:00,NRC,40.48109817504883,40.48109817504883,40.503299713134766,40.48109817504883,40.503299713134766,1745.0
2024-03-01 15:41:00,NRIX,13.505000114440918,13.505000114440918,13.520000457763672,13.505000114440918,13.510000228881836,547.0
2024-03-01 15:41:00,NRXP,0.4399999976158142,0.4399999976158142,0.4399999976158142,0.43799999356269836,0.4399999976158142,4217.0
2024-03-01 15:41:00,NTLA,32.869998931884766,32.869998931884766,32.89339828491211,32.85499954223633,32.89339828491211,4276.0
2024-03-01 15:41:00,NTRA,89.25,89.25,89.31500244140625,89.25,89.26000213623047,6765.0
2024-03-01 15:41:00,NUTX,0.11341000348329544,0.11341000348329544,0.11384999752044678,0.11339999735355377,0.11339999735355377,2230.0
2024-03-01 15:41:00,NUVL,87.03099822998047,87.03099822998047,87.08000183105469,87.03099822998047,87.08000183105469,310.0
2024-03-01 15:41:00,NVAX,5.364999771118164,5.364999771118164,5.394999980926514,5.364999771118164,5.389999866485596,48389.0
2024-03-01 15:41:00,NVCR,16.065000534057617,16.065000534057617,16.079999923706055,16.065000534057617,16.06999969482422,4984.0
2024-03-01 15:41:00,NVNO,6.420000076293945,6.420000076293945,6.440000057220459,6.380000114440918,6.440000057220459,11673.0
2024-03-01 15:41:00,NXTC,1.7899999618530273,1.7899999618530273,1.7899999618530273,1.7799999713897705,1.7799999713897705,300.0
2024-03-01 15:41:00,OCUL,10.675000190734863,10.675000190734863,10.675000190734863,10.649999618530273,10.649999618530273,6622.0
2024-03-01 15:41:00,OFIX,12.949999809265137,12.949999809265137,12.949999809265137,12.930000305175781,12.930000305175781,2890.0
2024-03-01 15:41:00,OGI,2.1700000762939453,2.1700000762939453,2.174999952316284,2.1700000762939453,2.1700000762939453,5715.0
2024-03-01 15:41:00,OLK,23.0,23.0,23.0,23.0,23.0,220.0
2024-03-01 15:41:00,OLMA,14.779999732971191,14.779999732971191,14.779999732971191,14.760000228881836,14.779999732971191,2219.0
2024-03-01 15:41:00,OM,3.075000047683716,3.075000047683716,3.075000047683716,3.075000047683716,3.075000047683716,1013.0
2024-03-01 15:41:00,OMCL,26.309999465942383,26.309999465942383,26.329999923706055,26.280000686645508,26.309999465942383,4632.0
2024-03-01 15:41:00,OMER,4.829999923706055,4.829999923706055,4.829999923706055,4.829999923706055,4.829999923706055,1355.0
2024-03-01 15:41:00,OMGA,4.340000152587891,4.340000152587891,4.340099811553955,4.340000152587891,4.340099811553955,944.0
2024-03-01 15:41:00,OMIC,0.5989999771118164,0.5989999771118164,0.5989999771118164,0.5989999771118164,0.5989999771118164,292.0
2024-03-01 15:42:00,AADI,1.899999976158142,1.899999976158142,1.909999966621399,1.899999976158142,1.909999966621399,408.0
2024-03-01 15:42:00,ABCL,5.054999828338623,5.054999828338623,5.054999828338623,5.054999828338623,5.054999828338623,1000.0
2024-03-01 15:42:00,ABEO,7.760000228881836,7.760000228881836,7.766900062561035,7.739999771118164,7.7515997886657715,2344.0
2024-03-01 15:42:00,ABOS,4.675000190734863,4.675000190734863,4.675000190734863,4.664999961853027,4.664999961853027,2479.0
2024-03-01 15:42:00,ABSI,5.505000114440918,5.505000114440918,5.522500038146973,5.5,5.519999980926514,5474.0
2024-03-01 15:42:00,ABUS,2.799999952316284,2.799999952316284,2.799999952316284,2.7950000762939453,2.7950000762939453,1146.0
2024-03-01 15:42:00,ACAD,24.079999923706055,24.079999923706055,24.094999313354492,24.06999969482422,24.06999969482422,7848.0
2024-03-01 15:42:00,ACB,3.1700000762939453,3.1700000762939453,3.184999942779541,3.1700000762939453,3.184999942779541,5225.0
2024-03-01 15:42:00,ACCD,9.925000190734863,9.925000190734863,9.9399995803833,9.925000190734863,9.9399995803833,2451.0
2024-03-01 15:42:00,ACET,2.380000114440918,2.380000114440918,2.380000114440918,2.369999885559082,2.375,1928.0
2024-03-01 15:42:00,ACHC,83.98999786376953,83.98999786376953,83.98999786376953,83.98999786376953,83.98999786376953,469.0
2024-03-01 15:42:00,ACHL,1.367900013923645,1.367900013923645,1.367900013923645,1.367900013923645,1.367900013923645,200.0
2024-03-01 15:42:00,ACHV,4.394999980926514,4.394999980926514,4.394999980926514,4.394999980926514,4.394999980926514,100.0
2024-03-01 15:42:00,ACIU,3.859999895095825,3.859999895095825,3.859999895095825,3.809999942779541,3.8266000747680664,2855.0
2024-03-01 15:42:00,ACLX,67.1500015258789,67.1500015258789,67.17500305175781,67.11000061035156,67.17500305175781,2561.0
2024-03-01 15:42:00,ACRS,1.225000023841858,1.225000023841858,1.2300000190734863,1.225000023841858,1.2300000190734863,5928.0
2024-03-01 15:42:00,ADIL,2.940000057220459,2.940000057220459,2.9700000286102295,2.9000000953674316,2.930000066757202,23318.0
2024-03-01 15:42:00,ADMA,5.534999847412109,5.534999847412109,5.539999961853027,5.53000020980835,5.534999847412109,10134.0
2024-03-01 15:42:00,ADPT,4.019999980926514,4.019999980926514,4.025000095367432,4.019999980926514,4.025000095367432,2852.0
2024-03-01 15:42:00,ADUS,93.88999938964844,93.88999938964844,93.88999938964844,93.88999938964844,93.88999938964844,726.0
2024-03-01 15:42:00,ADVM,1.9600000381469727,1.9600000381469727,1.9600000381469727,1.9550000429153442,1.9550000429153442,614.0
2024-03-01 15:42:00,AFIB,0.2102999985218048,0.2102999985218048,0.2102999985218048,0.21025000512599945,0.21025000512599945,354.0
2024-03-01 15:42:00,AGEN,0.6700999736785889,0.6700999736785889,0.6700999736785889,0.6700000166893005,0.6700000166893005,77477.0
2024-03-01 15:42:00,AGIO,32.27750015258789,32.27750015258789,32.34000015258789,32.27750015258789,32.31999969482422,7123.0
2024-03-01 15:42:00,AHCO,10.46500015258789,10.46500015258789,10.5,10.46500015258789,10.494999885559082,19193.0
2024-03-01 15:42:00,AIH,0.5202000141143799,0.5202000141143799,0.5210000276565552,0.5202000141143799,0.5210000276565552,2289.0
2024-03-01 15:42:00,AIMD,1.0399999618530273,1.0399999618530273,1.0399999618530273,1.0298999547958374,1.0299999713897705,8101.0
2024-03-01 15:42:00,AIRS,6.380000114440918,6.380000114440918,6.414999961853027,6.380000114440918,6.409999847412109,932.0
2024-03-01 15:42:00,AKBA,1.684999942779541,1.684999942779541,1.6899000406265259,1.6799999475479126,1.6799999475479126,8800.0
2024-03-01 15:42:00,AKLI,0.3434000015258789,0.3434000015258789,0.3434000015258789,0.3407999873161316,0.3411000072956085,6295.0
2024-03-01 15:42:00,AKRO,28.489999771118164,28.489999771118164,28.510000228881836,28.315000534057617,28.315000534057617,15180.0
2024-03-01 15:42:00,AKYA,6.019999980926514,6.019999980926514,6.03000020980835,6.019999980926514,6.03000020980835,497.0
2024-03-01 15:42:00,ALDX,4.260000228881836,4.260000228881836,4.260000228881836,4.258999824523926,4.260000228881836,810.0
2024-03-01 15:42:00,ALEC,7.335000038146973,7.335000038146973,7.347499847412109,7.335000038146973,7.34499979019165,4006.0
2024-03-01 15:42:00,ALGN,300.760009765625,300.760009765625,301.0150146484375,300.7449951171875,300.7449951171875,2115.0
2024-03-01 15:42:00,ALHC,5.565000057220459,5.565000057220459,5.570000171661377,5.565000057220459,5.565000057220459,2228.0
2024-03-01 15:42:00,ALIM,3.759999990463257,3.759999990463257,3.7799999713897705,3.759999990463257,3.7799999713897705,662.0
2024-03-01 15:42:00,ALKS,30.135000228881836,30.135000228881836,30.174999237060547,30.1299991607666,30.170000076293945,11635.0
2024-03-01 15:42:00,ALLK,1.6449999809265137,1.6449999809265137,1.649999976158142,1.6449999809265137,1.6449999809265137,1836.0
2024-03-01 15:42:00,ALLO,4.900000095367432,4.900000095367432,4.90500020980835,4.900000095367432,4.900000095367432,2053.0
2024-03-01 15:42:00,ALNY,152.7899932861328,152.7899932861328,152.80999755859375,152.77499389648438,152.77999877929688,980.0
2024-03-01 15:42:00,ALPN,35.810001373291016,35.810001373291016,35.84000015258789,35.79999923706055,35.81999969482422,1893.0
2024-03-01 15:42:00,ALT,12.189900398254395,12.189900398254395,12.189900398254395,12.154999732971191,12.175000190734863,13608.0
2024-03-01 15:42:00,ALVR,0.7465000152587891,0.7465000152587891,0.7465000152587891,0.7465000152587891,0.7465000152587891,371.0
2024-03-01 15:42:00,ALXO,14.8100004196167,14.8100004196167,14.850000381469727,14.800000190734863,14.8149995803833,3139.0
2024-03-01 15:42:00,AMED,93.2750015258789,93.2750015258789,93.2750015258789,93.2750015258789,93.2750015258789,344.0
2024-03-01 15:42:00,AMGN,280.6199951171875,280.6199951171875,280.8800048828125,280.6099853515625,280.7850036621094,20843.0
2024-03-01 15:42:00,AMPH,45.79999923706055,45.79999923706055,45.88990020751953,45.79999923706055,45.86000061035156,5836.0
2024-03-01 15:42:00,AMRN,1.0499999523162842,1.0499999523162842,1.0549999475479126,1.0499999523162842,1.0499999523162842,3564.0
2024-03-01 15:42:00,ANAB,25.399999618530273,25.399999618530273,25.399999618530273,25.399999618530273,25.399999618530273,662.0
2024-03-01 15:42:00,ANGO,5.449999809265137,5.449999809265137,5.460000038146973,5.449999809265137,5.454999923706055,1213.0
2024-03-01 15:42:00,ANIK,25.049999237060547,25.049999237060547,25.059999465942383,25.049999237060547,25.059999465942383,399.0
2024-03-01 15:42:00,ANIP,66.75,66.75,66.79000091552734,66.75,66.79000091552734,686.0
2024-03-01 15:42:00,ANNX,6.010000228881836,6.010000228881836,6.039999961853027,5.949999809265137,6.03000020980835,41041.0
2024-03-01 15:42:00,ANTX,3.005000114440918,3.005000114440918,3.005000114440918,3.0,3.0000998973846436,1891.0
2024-03-01 15:42:00,APDN,0.5550000071525574,0.5550000071525574,0.5659999847412109,0.5550000071525574,0.5619999766349792,12286.0
2024-03-01 15:42:00,APLS,64.22000122070312,64.22000122070312,64.25,64.19499969482422,64.22000122070312,2763.0
2024-03-01 15:42:00,APLT,7.025000095367432,7.025000095367432,7.025000095367432,7.010000228881836,7.010000228881836,3575.0
2024-03-01 15:42:00,APVO,0.15800000727176666,0.15800000727176666,0.15800000727176666,0.15800000727176666,0.15800000727176666,1100.0
2024-03-01 15:42:00,AQST,4.164999961853027,4.164999961853027,4.170000076293945,4.159999847412109,4.164999961853027,3381.0
2024-03-01 15:42:00,ARAY,2.615000009536743,2.615000009536743,2.615000009536743,2.615000009536743,2.615000009536743,216.0
2024-03-01 15:42:00,ARCT,39.5,39.5,39.5,39.47999954223633,39.5,2179.0
2024-03-01 15:42:00,ARDX,9.380000114440918,9.380000114440918,9.380000114440918,9.369999885559082,9.375,11368.0
2024-03-01 15:42:00,ARQT,11.444999694824219,11.444999694824219,11.470000267028809,11.4399995803833,11.440099716186523,20518.0
2024-03-01 15:42:00,ARVN,47.209999084472656,47.209999084472656,47.29999923706055,47.20000076293945,47.29999923706055,3353.0
2024-03-01 15:42:00,ARWR,35.77000045776367,35.77000045776367,35.779998779296875,35.73500061035156,35.73500061035156,6205.0
2024-03-01 15:42:00,ASLN,0.7204999923706055,0.7204999923706055,0.7210999727249146,0.7204999923706055,0.7210999727249146,834.0
2024-03-01 15:42:00,ASND,153.7899932861328,153.7899932861328,154.19500732421875,153.51499938964844,154.19500732421875,7907.0
2024-03-01 15:42:00,ASRT,0.8902000188827515,0.8902000188827515,0.8917499780654907,0.8902000188827515,0.8917499780654907,1200.0
2024-03-01 15:42:00,ATAI,2.1201000213623047,2.1201000213623047,2.125,2.1201000213623047,2.125,766.0
2024-03-01 15:42:00,ATEC,13.4399995803833,13.4399995803833,13.449999809265137,13.4399995803833,13.449999809265137,13371.0
2024-03-01 15:42:00,ATOS,1.0099999904632568,1.0099999904632568,1.0099999904632568,1.0049999952316284,1.0049999952316284,356.0
2024-03-01 15:42:00,ATRA,0.7735000252723694,0.7735000252723694,0.7810999751091003,0.7700999975204468,0.7716000080108643,18043.0
2024-03-01 15:42:00,ATRC,36.14500045776367,36.14500045776367,36.154998779296875,36.130001068115234,36.13999938964844,4613.0
2024-03-01 15:42:00,ATXI,0.1589999943971634,0.1589999943971634,0.15940000116825104,0.15469999611377716,0.1573999971151352,40364.0
2024-03-01 15:42:00,ATXS,14.90999984741211,14.90999984741211,14.90999984741211,14.90999984741211,14.90999984741211,568.0
2024-03-01 15:42:00,AUGX,4.559999942779541,4.559999942779541,4.559999942779541,4.559999942779541,4.559999942779541,169.0
2024-03-01 15:42:00,AUPH,5.755000114440918,5.755000114440918,5.755000114440918,5.75,5.75,1567.0
2024-03-01 15:42:00,AURA,9.220000267028809,9.220000267028809,9.229999542236328,9.21500015258789,9.220000267028809,1750.0
2024-03-01 15:42:00,AUTL,6.260000228881836,6.260000228881836,6.260000228881836,6.260000228881836,6.260000228881836,232.0
2024-03-01 15:42:00,AVAH,2.4000000953674316,2.4000000953674316,2.4000000953674316,2.4000000953674316,2.4000000953674316,216.0
2024-03-01 15:42:00,AVDL,13.729999542236328,13.729999542236328,13.729999542236328,13.680000305175781,13.6899995803833,8854.0
2024-03-01 15:42:00,AVIR,4.449999809265137,4.449999809265137,4.449999809265137,4.449999809265137,4.449999809265137,202.0
2024-03-01 15:42:00,AVXL,5.239999771118164,5.239999771118164,5.239999771118164,5.239999771118164,5.239999771118164,318.0
2024-03-01 15:42:00,AXGN,10.699999809265137,10.699999809265137,10.75,10.699999809265137,10.75,8799.0
2024-03-01 15:42:00,AXNX,67.72000122070312,67.72000122070312,67.7249984741211,67.70500183105469,67.70500183105469,2556.0
2024-03-01 15:42:00,AXSM,82.45999908447266,82.45999908447266,82.51499938964844,82.44000244140625,82.5,3826.0
2024-03-01 15:42:00,AZN,64.56500244140625,64.56500244140625,64.57749938964844,64.55999755859375,64.56500244140625,17732.0
2024-03-01 15:42:00,AZTA,67.02999877929688,67.02999877929688,67.02999877929688,67.01000213623047,67.01000213623047,497.0
2024-03-01 15:42:00,BBIO,35.709999084472656,35.709999084472656,35.720001220703125,35.689998626708984,35.709999084472656,2457.0
2024-03-01 15:42:00,BCAB,2.8299999237060547,2.8299999237060547,2.8299999237060547,2.825000047683716,2.8299999237060547,2835.0
2024-03-01 15:42:00,BCDA,0.5751000046730042,0.5751000046730042,0.579800009727478,0.5751000046730042,0.579800009727478,400.0
2024-03-01 15:42:00,BCRX,5.630000114440918,5.630000114440918,5.635000228881836,5.630000114440918,5.635000228881836,898.0
2024-03-01 15:42:00,BCYC,25.6299991607666,25.6299991607666,25.65999984741211,25.6299991607666,25.65999984741211,1696.0
2024-03-01 15:42:00,BDTX,4.768099784851074,4.768099784851074,4.768099784851074,4.760000228881836,4.760000228881836,1720.0
2024-03-01 15:42:00,BEAM,39.689998626708984,39.689998626708984,39.69499969482422,39.65999984741211,39.65999984741211,5446.0
2024-03-01 15:42:00,BGXX,0.2572999894618988,0.2572999894618988,0.2572999894618988,0.2565000057220459,0.2565000057220459,800.0
2024-03-01 15:42:00,BIIB,220.75250244140625,220.75250244140625,220.77999877929688,220.57009887695312,220.57009887695312,4384.0
2024-03-01 15:42:00,BIOL,0.1459999978542328,0.1459999978542328,0.14640000462532043,0.1459999978542328,0.1459999978542328,8085.0
2024-03-01 15:42:00,BIVI,1.9799000024795532,1.9799000024795532,1.9900000095367432,1.9500000476837158,1.9700000286102295,39971.0
2024-03-01 15:42:00,BLFS,17.834999084472656,17.834999084472656,17.834999084472656,17.81999969482422,17.81999969482422,381.0
2024-03-01 15:42:00,BLUE,1.5750000476837158,1.5750000476837158,1.5771000385284424,1.5700000524520874,1.5771000385284424,19170.0
2024-03-01 15:42:00,BMEA,17.834999084472656,17.834999084472656,17.84000015258789,17.81999969482422,17.84000015258789,2365.0
2024-03-01 15:42:00,BMRA,1.2000000476837158,1.2000000476837158,1.2000000476837158,1.2000000476837158,1.2000000476837158,102.0
2024-03-01 15:42:00,BMRN,87.54499816894531,87.54499816894531,87.61000061035156,87.54000091552734,87.61000061035156,6179.0
2024-03-01 15:42:00,BNGO,1.2549999952316284,1.2549999952316284,1.2549999952316284,1.25,1.25,14501.0
2024-03-01 15:42:00,BNR,0.8100000023841858,0.8100000023841858,0.8100000023841858,0.8100000023841858,0.8100000023841858,102.0
2024-03-01 15:42:00,BNTX,90.63999938964844,90.63999938964844,90.69999694824219,90.63999938964844,90.66000366210938,2994.0
2024-03-01 15:42:00,BOLT,1.2199000120162964,1.2199000120162964,1.2200000286102295,1.2199000120162964,1.2200000286102295,400.0
2024-03-01 15:42:00,BPMC,95.41999816894531,95.41999816894531,95.51499938964844,95.4000015258789,95.41999816894531,5275.0
2024-03-01 15:42:00,BRKR,88.26000213623047,88.26000213623047,88.26000213623047,88.22000122070312,88.23999786376953,2892.0
2024-03-01 15:42:00,BTAI,3.2100000381469727,3.2100000381469727,3.2130000591278076,3.2100000381469727,3.2100000381469727,648.0
2024-03-01 15:42:00,BYSI,1.5098999738693237,1.5098999738693237,1.5099999904632568,1.5098999738693237,1.5099999904632568,260.0
2024-03-01 15:42:00,CABA,24.020000457763672,24.020000457763672,24.020000457763672,24.020000457763672,24.020000457763672,426.0
2024-03-01 15:42:00,CAPR,4.510000228881836,4.510000228881836,4.510000228881836,4.510000228881836,4.510000228881836,100.0
2024-03-01 15:42:00,CARA,0.9269000291824341,0.9269000291824341,0.9269000291824341,0.9241999983787537,0.9241999983787537,355.0
2024-03-01 15:42:00,CBAY,32.224998474121094,32.224998474121094,32.22999954223633,32.220001220703125,32.227500915527344,1615.0
2024-03-01 15:42:00,CCCC,10.989999771118164,10.989999771118164,11.0,10.989999771118164,11.0,1237.0
2024-03-01 15:42:00,CCEL,4.920000076293945,4.920000076293945,4.920000076293945,4.920000076293945,4.920000076293945,119.0
2024-03-01 15:42:00,CDMO,8.21500015258789,8.21500015258789,8.229999542236328,8.210000038146973,8.225000381469727,5610.0
2024-03-01 15:42:00,CDNA,12.345000267028809,12.345000267028809,12.354999542236328,12.3100004196167,12.354999542236328,4994.0
2024-03-01 15:42:00,CDTX,0.7193999886512756,0.7193999886512756,0.7193999886512756,0.7193999886512756,0.7193999886512756,214.0
2024-03-01 15:42:00,CDXS,4.639999866485596,4.639999866485596,4.639999866485596,4.639999866485596,4.639999866485596,2235.0
2024-03-01 15:42:00,CELC,17.3700008392334,17.3700008392334,17.3700008392334,17.309999465942383,17.309999465942383,1156.0
2024-03-01 15:42:00,CERE,41.102500915527344,41.102500915527344,41.11000061035156,41.099998474121094,41.099998474121094,1349.0
2024-03-01 15:42:00,CERS,2.1700000762939453,2.1700000762939453,2.1700000762939453,2.1700000762939453,2.1700000762939453,916.0
2024-03-01 15:42:00,CERT,18.15999984741211,18.15999984741211,18.15999984741211,18.149999618530273,18.149999618530273,1910.0
2024-03-01 15:42:00,CGC,3.2049999237060547,3.2049999237060547,3.2100000381469727,3.2049999237060547,3.2049999237060547,2137.0
2024-03-01 15:42:00,CGEM,18.520000457763672,18.520000457763672,18.540000915527344,18.520000457763672,18.540000915527344,452.0
2024-03-01 15:42:00,CGEN,2.674999952316284,2.674999952316284,2.674999952316284,2.6700000762939453,2.670099973678589,1703.0
2024-03-01 15:42:00,CHRS,2.384999990463257,2.384999990463257,2.390000104904175,2.380000114440918,2.384999990463257,3989.0
2024-03-01 15:42:00,CKPT,2.200000047683716,2.200000047683716,2.200000047683716,2.200000047683716,2.200000047683716,500.0
2024-03-01 15:42:00,CLDX,51.6150016784668,51.6150016784668,51.65999984741211,51.6150016784668,51.650001525878906,2915.0
2024-03-01 15:42:00,CLNN,0.39089998602867126,0.39089998602867126,0.39089998602867126,0.39089998602867126,0.39089998602867126,223.0
2024-03-01 15:42:00,CLOV,0.8657000064849854,0.8657000064849854,0.8658000230789185,0.8657000064849854,0.8657500147819519,40522.0
2024-03-01 15:42:00,CLPT,6.630000114440918,6.630000114440918,6.630000114440918,6.625,6.625,1564.0
2024-03-01 15:42:00,CMPS,11.460000038146973,11.460000038146973,11.489999771118164,11.449999809265137,11.489999771118164,3575.0
2024-03-01 15:42:00,CNSP,0.32454898953437805,0.32454898953437805,0.32454898953437805,0.32454898953437805,0.32454898953437805,1001.0
2024-03-01 15:42:00,CNTG,0.6949999928474426,0.6949999928474426,0.6949999928474426,0.6949999928474426,0.6949999928474426,503.0
2024-03-01 15:42:00,COGT,7.21999979019165,7.21999979019165,7.230000019073486,7.21999979019165,7.224999904632568,5277.0
2024-03-01 15:42:00,CORT,24.235000610351562,24.235000610351562,24.239999771118164,24.229999542236328,24.235000610351562,2743.0
2024-03-01 15:42:00,CPRX,17.170000076293945,17.170000076293945,17.184999465942383,17.15999984741211,17.15999984741211,13342.0
2024-03-01 15:42:00,CPSI,9.25,9.25,9.279999732971191,9.25,9.279999732971191,4223.0
2024-03-01 15:42:00,CRBP,34.470001220703125,34.470001220703125,34.68989944458008,34.470001220703125,34.68989944458008,1733.0
2024-03-01 15:42:00,CRBU,7.775000095367432,7.775000095367432,7.78000020980835,7.775000095367432,7.78000020980835,422.0
2024-03-01 15:42:00,CRDF,2.924999952316284,2.924999952316284,2.940000057220459,2.9100000858306885,2.911400079727173,208227.0
2024-03-01 15:42:00,CRIS,10.208700180053711,10.208700180053711,10.208700180053711,10.208700180053711,10.208700180053711,210.0
2024-03-01 15:42:00,CRNX,45.779998779296875,45.779998779296875,45.834999084472656,45.779998779296875,45.834999084472656,2305.0
2024-03-01 15:42:00,CRON,2.015000104904175,2.015000104904175,2.0185999870300293,2.011399984359741,2.011399984359741,1755.0
2024-03-01 15:42:00,CRSP,84.05000305175781,84.05000305175781,84.08999633789062,84.02999877929688,84.05000305175781,6002.0
2024-03-01 15:42:00,CRVS,2.180000066757202,2.180000066757202,2.180000066757202,2.180000066757202,2.180000066757202,311.0
2024-03-01 15:42:00,CSTL,20.0,20.0,20.030000686645508,19.96500015258789,20.030000686645508,5067.0
2024-03-01 15:42:00,CTKB,9.039999961853027,9.039999961853027,9.039999961853027,9.03499984741211,9.039999961853027,1351.0
2024-03-01 15:42:00,CTMX,2.5799999237060547,2.5799999237060547,2.5799999237060547,2.575000047683716,2.5799999237060547,2009.0
2024-03-01 15:42:00,CTXR,0.7705000042915344,0.7705000042915344,0.7732999920845032,0.7702999711036682,0.7702999711036682,33329.0
2024-03-01 15:42:00,CUE,2.134999990463257,2.134999990463257,2.134999990463257,2.134999990463257,2.134999990463257,127.0
2024-03-01 15:42:00,CUTR,2.4000000953674316,2.4000000953674316,2.4000000953674316,2.4000000953674316,2.4000000953674316,814.0
2024-03-01 15:42:00,CVAC,3.450000047683716,3.450000047683716,3.450000047683716,3.434999942779541,3.434999942779541,4777.0
2024-03-01 15:42:00,CVRX,20.760000228881836,20.760000228881836,20.760000228881836,20.75,20.75,261.0
2024-03-01 15:42:00,CYCC,2.869999885559082,2.869999885559082,2.869999885559082,2.869999885559082,2.869999885559082,536.0
2024-03-01 15:42:00,CYTK,73.75499725341797,73.75499725341797,73.75499725341797,73.75499725341797,73.75499725341797,632.0
2024-03-01 15:42:00,CYTO,2.4100000858306885,2.4100000858306885,2.4100000858306885,2.4049999713897705,2.4049999713897705,7654.0
2024-03-01 15:42:00,DARE,0.5465999841690063,0.5465999841690063,0.5465999841690063,0.5465999841690063,0.5465999841690063,101.0
2024-03-01 15:42:00,DAWN,17.479999542236328,17.479999542236328,17.479999542236328,17.479999542236328,17.479999542236328,231.0
2024-03-01 15:42:00,DCGO,4.059999942779541,4.059999942779541,4.065000057220459,4.059999942779541,4.059999942779541,2699.0
2024-03-01 15:42:00,DCTH,4.190000057220459,4.190000057220459,4.210000038146973,4.190000057220459,4.210000038146973,713.0
2024-03-01 15:42:00,DH,8.850000381469727,8.850000381469727,8.850000381469727,8.829999923706055,8.829999923706055,385.0
2024-03-01 15:42:00,DMTK,0.8381689786911011,0.8381689786911011,0.8429880142211914,0.8381689786911011,0.8399999737739563,1372.0
2024-03-01 15:42:00,DNLI,20.739999771118164,20.739999771118164,20.78499984741211,20.739999771118164,20.78499984741211,2668.0
2024-03-01 15:42:00,DRIO,1.9950000047683716,1.9950000047683716,1.9950000047683716,1.9950000047683716,1.9950000047683716,260.0
2024-03-01 15:42:00,DSGN,2.8499999046325684,2.8499999046325684,2.869999885559082,2.8499999046325684,2.860100030899048,7024.0
2024-03-01 15:42:00,DTIL,12.619999885559082,12.619999885559082,12.619999885559082,12.619999885559082,12.619999885559082,225.0
2024-03-01 15:42:00,DVAX,12.765000343322754,12.765000343322754,12.770000457763672,12.760000228881836,12.760000228881836,3632.0
2024-03-01 15:42:00,DXCM,121.05500030517578,121.05500030517578,121.06999969482422,120.9000015258789,120.93000030517578,10736.0
2024-03-01 15:42:00,DYN,29.100000381469727,29.100000381469727,29.1200008392334,29.09000015258789,29.09000015258789,2683.0
2024-03-01 15:42:00,EDIT,10.524999618530273,10.524999618530273,10.529999732971191,10.524999618530273,10.529999732971191,1209.0
2024-03-01 15:42:00,EGRX,6.465000152587891,6.465000152587891,6.465000152587891,6.465000152587891,6.465000152587891,225.0
2024-03-01 15:42:00,ELEV,5.070000171661377,5.070000171661377,5.070000171661377,5.065000057220459,5.070000171661377,610.0
2024-03-01 15:42:00,EMBC,14.239999771118164,14.239999771118164,14.255000114440918,14.239999771118164,14.25,2386.0
2024-03-01 15:42:00,ENSG,121.68000030517578,121.68000030517578,121.68000030517578,121.68000030517578,121.68000030517578,1095.0
2024-03-01 15:42:00,ENTA,15.550000190734863,15.550000190734863,15.5600004196167,15.550000190734863,15.5600004196167,1166.0
2024-03-01 15:42:00,ENVB,1.5500999689102173,1.5500999689102173,1.559999942779541,1.5499999523162842,1.5499999523162842,7767.0
2024-03-01 15:42:00,EOLS,14.899999618530273,14.899999618530273,14.899999618530273,14.899999618530273,14.899999618530273,337.0
2024-03-01 15:42:00,EPIX,9.3100004196167,9.3100004196167,9.369999885559082,9.300000190734863,9.3100004196167,1778.0
2024-03-01 15:42:00,ERAS,2.619999885559082,2.619999885559082,2.625,2.619999885559082,2.625,1759.0
2024-03-01 15:42:00,ESPR,2.5450000762939453,2.5450000762939453,2.5450000762939453,2.5416998863220215,2.5450000762939453,5226.0
2024-03-01 15:42:00,ESTA,44.029998779296875,44.029998779296875,44.22999954223633,44.029998779296875,44.22999954223633,1940.0
2024-03-01 15:42:00,ETNB,12.670000076293945,12.670000076293945,12.6850004196167,12.664999961853027,12.6850004196167,6512.0
2024-03-01 15:42:00,EVGN,0.9799000024795532,0.9799000024795532,0.9799000024795532,0.9799000024795532,0.9799000024795532,100.0
2024-03-01 15:42:00,EVOK,0.6209999918937683,0.6209999918937683,0.6209999918937683,0.6209999918937683,0.6209999918937683,109.0
2024-03-01 15:42:00,EWTX,16.610000610351562,16.610000610351562,16.610000610351562,16.579999923706055,16.610000610351562,6100.0
2024-03-01 15:42:00,EXAI,6.519999980926514,6.519999980926514,6.53000020980835,6.519999980926514,6.528800010681152,2280.0
2024-03-01 15:42:00,EXAS,59.220001220703125,59.220001220703125,59.27000045776367,59.209999084472656,59.2400016784668,5667.0
2024-03-01 15:42:00,EXEL,22.211000442504883,22.211000442504883,22.239999771118164,22.209999084472656,22.229999542236328,22753.0
2024-03-01 15:42:00,EYEN,2.362499952316284,2.362499952316284,2.384999990463257,2.362499952316284,2.3801000118255615,4579.0
2024-03-01 15:42:00,EYPT,28.0049991607666,28.0049991607666,28.0049991607666,27.979999542236328,27.979999542236328,1179.0
2024-03-01 15:42:00,FATE,7.739999771118164,7.739999771118164,7.739999771118164,7.730000019073486,7.730000019073486,6752.0
2024-03-01 15:42:00,FBIO,2.380000114440918,2.380000114440918,2.384999990463257,2.380000114440918,2.384999990463257,2013.0
2024-03-01 15:42:00,FDMT,29.049999237060547,29.049999237060547,29.135000228881836,29.010000228881836,29.135000228881836,6063.0
2024-03-01 15:42:00,FEMY,1.7899999618530273,1.7899999618530273,1.7899999618530273,1.7898999452590942,1.7899999618530273,1841.0
2024-03-01 15:42:00,FGEN,1.8250000476837158,1.8250000476837158,1.8250000476837158,1.8250000476837158,1.8250000476837158,1265.0
2024-03-01 15:42:00,FHTX,7.820099830627441,7.820099830627441,7.894999980926514,7.820000171661377,7.894999980926514,2003.0
2024-03-01 15:42:00,FOLD,13.3149995803833,13.3149995803833,13.319999694824219,13.3100004196167,13.3149995803833,4589.0
2024-03-01 15:42:00,FULC,11.0,11.0,11.010000228881836,11.0,11.010000228881836,1253.0
2024-03-01 15:42:00,FUSN,12.100000381469727,12.100000381469727,12.109999656677246,12.100000381469727,12.100000381469727,4833.0
2024-03-01 15:42:00,GBIO,2.619999885559082,2.619999885559082,2.619999885559082,2.619999885559082,2.619999885559082,110.0
2024-03-01 15:42:00,GDRX,8.345000267028809,8.345000267028809,8.345399856567383,8.339900016784668,8.34000015258789,9253.0
2024-03-01 15:42:00,GERN,2.25,2.25,2.25,2.240000009536743,2.25,54976.0
2024-03-01 15:42:00,GH,18.950000762939453,18.950000762939453,18.954999923706055,18.934999465942383,18.934999465942383,4039.0
2024-03-01 15:42:00,GHSI,8.149999618530273,8.149999618530273,8.270000457763672,8.149999618530273,8.270000457763672,1103.0
2024-03-01 15:42:00,GILD,72.30999755859375,72.30999755859375,72.33000183105469,72.29499816894531,72.32749938964844,17648.0
2024-03-01 15:42:00,GLSI,12.849900245666504,12.849900245666504,12.850000381469727,12.84000015258789,12.84000015258789,475.0
2024-03-01 15:42:00,GLTO,0.800000011920929,0.800000011920929,0.8187999725341797,0.800000011920929,0.8176000118255615,14410.0
2024-03-01 15:42:00,GLYC,3.0399999618530273,3.0399999618530273,3.049999952316284,3.0299999713897705,3.049999952316284,468.0
2024-03-01 15:42:00,GMAB,29.295000076293945,29.295000076293945,29.299999237060547,29.290000915527344,29.290000915527344,1553.0
2024-03-01 15:42:00,GMDA,0.3837999999523163,0.3837999999523163,0.383899986743927,0.3837999999523163,0.3837999999523163,3856.0
2024-03-01 15:42:00,GOSS,1.3949999809265137,1.3949999809265137,1.399999976158142,1.3949999809265137,1.3949999809265137,2757.0
2024-03-01 15:42:00,GRFS,7.010000228881836,7.010000228881836,7.014999866485596,7.005000114440918,7.014999866485596,4688.0
2024-03-01 15:42:00,GRPH,3.3598999977111816,3.3598999977111816,3.3598999977111816,3.3598999977111816,3.3598999977111816,1142.0
2024-03-01 15:42:00,GRTS,2.0250000953674316,2.0250000953674316,2.0269999504089355,2.0199999809265137,2.0199999809265137,18471.0
2024-03-01 15:42:00,GRTX,0.23000000417232513,0.23000000417232513,0.23000000417232513,0.22789999842643738,0.22789999842643738,384.0
2024-03-01 15:42:00,GTHX,3.7149999141693115,3.7149999141693115,3.7200000286102295,3.7049999237060547,3.7049999237060547,2717.0
2024-03-01 15:42:00,HALO,41.0099983215332,41.0099983215332,41.040000915527344,41.0099983215332,41.040000915527344,1765.0
2024-03-01 15:42:00,HARP,22.940000534057617,22.940000534057617,22.94499969482422,22.940000534057617,22.94499969482422,528.0
2024-03-01 15:42:00,HCAT,8.0600004196167,8.0600004196167,8.069999694824219,8.0600004196167,8.0649995803833,1521.0
2024-03-01 15:42:00,HCM,15.100000381469727,15.100000381469727,15.100000381469727,15.100000381469727,15.100000381469727,307.0
2024-03-01 15:42:00,HCSG,12.8100004196167,12.8100004196167,12.8100004196167,12.8100004196167,12.8100004196167,996.0
2024-03-01 15:42:00,HCTI,1.9900000095367432,1.9900000095367432,1.9910000562667847,1.9900000095367432,1.9910000562667847,518.0
2024-03-01 15:42:00,HLVX,19.075000762939453,19.075000762939453,19.075000762939453,19.06999969482422,19.06999969482422,419.0
2024-03-01 15:42:00,HOLX,73.93000030517578,73.93000030517578,73.94000244140625,73.93000030517578,73.94000244140625,4957.0
2024-03-01 15:42:00,HOWL,6.985000133514404,6.985000133514404,6.985000133514404,6.985000133514404,6.985000133514404,176.0
2024-03-01 15:42:00,HQY,81.08000183105469,81.08000183105469,81.0978012084961,81.08000183105469,81.0978012084961,1176.0
2024-03-01 15:42:00,HRMY,31.801000595092773,31.801000595092773,31.801000595092773,31.799999237060547,31.799999237060547,278.0
2024-03-01 15:42:00,HRTX,2.5950000286102295,2.5950000286102295,2.5950000286102295,2.5899999141693115,2.5950000286102295,1242.0
2024-03-01 15:42:00,HSIC,76.83000183105469,76.83000183105469,76.83999633789062,76.80000305175781,76.81500244140625,4498.0
2024-03-01 15:42:00,HSTM,27.149999618530273,27.149999618530273,27.149999618530273,27.139999389648438,27.139999389648438,866.0
2024-03-01 15:42:00,HUMA,3.299999952316284,3.299999952316284,3.305000066757202,3.299999952316284,3.299999952316284,4344.0
2024-03-01 15:42:00,IART,36.08000183105469,36.08000183105469,36.08000183105469,36.0099983215332,36.0099983215332,7850.0
2024-03-01 15:42:00,IBRX,4.735000133514404,4.735000133514404,4.7378997802734375,4.731200218200684,4.7378997802734375,3953.0
2024-03-01 15:42:00,ICLR,324.1199951171875,324.1199951171875,324.1199951171875,323.8500061035156,323.8500061035156,3368.0
2024-03-01 15:42:00,ICUI,105.49500274658203,105.49500274658203,105.49500274658203,105.49500274658203,105.49500274658203,698.0
2024-03-01 15:42:00,IDYA,46.189998626708984,46.189998626708984,46.189998626708984,46.15999984741211,46.15999984741211,753.0
2024-03-01 15:42:00,IFRX,1.7100000381469727,1.7100000381469727,1.7200000286102295,1.7100000381469727,1.7100000381469727,2205.0
2024-03-01 15:42:00,IGMS,12.6899995803833,12.6899995803833,12.710000038146973,12.670000076293945,12.710000038146973,1869.0
2024-03-01 15:42:00,IINN,1.690000057220459,1.690000057220459,1.690000057220459,1.690000057220459,1.690000057220459,1000.0
2024-03-01 15:42:00,IKNA,1.4900000095367432,1.4900000095367432,1.4950000047683716,1.4900000095367432,1.4950000047683716,300.0
2024-03-01 15:42:00,ILMN,140.36000061035156,140.36000061035156,140.47999572753906,140.36000061035156,140.47999572753906,2540.0
2024-03-01 15:42:00,IMAB,1.784999966621399,1.784999966621399,1.784999966621399,1.784999966621399,1.784999966621399,100.0
2024-03-01 15:42:00,IMCR,67.90499877929688,67.90499877929688,67.94999694824219,67.90499877929688,67.90499877929688,432.0
2024-03-01 15:42:00,IMMP,2.299999952316284,2.299999952316284,2.309999942779541,2.299999952316284,2.309999942779541,240.0
2024-03-01 15:42:00,IMMX,3.4600000381469727,3.4600000381469727,3.4600000381469727,3.4600000381469727,3.4600000381469727,412.0
2024-03-01 15:42:00,IMNM,25.43000030517578,25.43000030517578,25.59000015258789,25.40999984741211,25.549999237060547,4337.0
2024-03-01 15:42:00,IMNN,1.0119999647140503,1.0119999647140503,1.0119999647140503,1.0119999647140503,1.0119999647140503,1540.0
2024-03-01 15:42:00,IMTX,12.890000343322754,12.890000343322754,12.890000343322754,12.880000114440918,12.880000114440918,2526.0
2024-03-01 15:42:00,IMUX,1.440000057220459,1.440000057220459,1.440000057220459,1.440000057220459,1.440000057220459,188.0
2024-03-01 15:42:00,IMVT,35.38999938964844,35.38999938964844,35.41999816894531,35.38999938964844,35.415000915527344,6657.0
2024-03-01 15:42:00,INBX,36.52000045776367,36.52000045776367,36.52000045776367,36.5,36.5,509.0
2024-03-01 15:42:00,INCY,58.959999084472656,58.959999084472656,58.9900016784668,58.959999084472656,58.9900016784668,2478.0
2024-03-01 15:42:00,INDP,2.1006999015808105,2.1006999015808105,2.1006999015808105,2.1006999015808105,2.1006999015808105,200.0
2024-03-01 15:42:00,INGN,6.949999809265137,6.949999809265137,6.949999809265137,6.929999828338623,6.929999828338623,5090.0
2024-03-01 15:42:00,INMB,12.350000381469727,12.350000381469727,12.390000343322754,12.350000381469727,12.354999542236328,1134.0
2024-03-01 15:42:00,INMD,22.895000457763672,22.895000457763672,22.895000457763672,22.8799991607666,22.895000457763672,9263.0
2024-03-01 15:42:00,INO,9.520000457763672,9.520000457763672,9.520000457763672,9.5,9.510000228881836,1398.0
2024-03-01 15:42:00,INSM,28.030000686645508,28.030000686645508,28.030000686645508,28.024999618530273,28.024999618530273,452.0
2024-03-01 15:42:00,INVA,15.375,15.375,15.380000114440918,15.369999885559082,15.380000114440918,1109.0
2024-03-01 15:42:00,INZY,6.559999942779541,6.559999942779541,6.559999942779541,6.559999942779541,6.559999942779541,449.0
2024-03-01 15:42:00,IONS,45.5,45.5,45.54499816894531,45.5,45.540000915527344,4535.0
2024-03-01 15:42:00,IOVA,16.844999313354492,16.844999313354492,16.850000381469727,16.84000015258789,16.84749984741211,12884.0
2024-03-01 15:42:00,IPSC,3.9649999141693115,3.9649999141693115,3.9649999141693115,3.9600000381469727,3.9600000381469727,598.0
2024-03-01 15:42:00,IRIX,2.6500000953674316,2.6500000953674316,2.6500000953674316,2.6500000953674316,2.6500000953674316,200.0
2024-03-01 15:42:00,IRWD,8.879799842834473,8.879799842834473,8.899999618530273,8.8725004196167,8.885000228881836,186855.0
2024-03-01 15:42:00,ISRG,398.17999267578125,398.17999267578125,398.239990234375,397.9425048828125,397.9549865722656,8128.0
2024-03-01 15:42:00,ITCI,72.125,72.125,72.13500213623047,72.11000061035156,72.12999725341797,2709.0
2024-03-01 15:42:00,IVVD,3.9749999046325684,3.9749999046325684,3.9749999046325684,3.9749999046325684,3.9749999046325684,407.0
2024-03-01 15:42:00,JAGX,0.08309999853372574,0.08309999853372574,0.08399999886751175,0.08240000158548355,0.08389999717473984,29164.0
2024-03-01 15:42:00,JANX,46.09000015258789,46.09000015258789,46.09000015258789,46.02000045776367,46.04999923706055,8662.0
2024-03-01 15:42:00,JAZZ,118.6449966430664,118.6449966430664,118.76000213623047,118.62999725341797,118.62999725341797,5599.0
2024-03-01 15:42:00,JYNT,9.90999984741211,9.90999984741211,9.90999984741211,9.90999984741211,9.90999984741211,217.0
2024-03-01 15:42:00,KALV,14.079999923706055,14.079999923706055,14.079999923706055,14.069999694824219,14.069999694824219,2674.0
2024-03-01 15:42:00,KIDS,27.940000534057617,27.940000534057617,27.940000534057617,27.940000534057617,27.940000534057617,220.0
2024-03-01 15:42:00,KNSA,21.809999465942383,21.809999465942383,21.829999923706055,21.809999465942383,21.81999969482422,4440.0
2024-03-01 15:42:00,KNTE,2.575000047683716,2.575000047683716,2.5799999237060547,2.569999933242798,2.569999933242798,5917.0
2024-03-01 15:42:00,KOD,5.989999771118164,5.989999771118164,5.989999771118164,5.989999771118164,5.989999771118164,167.0
2024-03-01 15:42:00,KPRX,0.6600000262260437,0.6600000262260437,0.6600000262260437,0.6565999984741211,0.6565999984741211,202.0
2024-03-01 15:42:00,KPTI,1.1799999475479126,1.1799999475479126,1.184999942779541,1.1799999475479126,1.184999942779541,1463.0
2024-03-01 15:42:00,KRMD,2.109999895095825,2.109999895095825,2.119999885559082,2.109999895095825,2.119999885559082,1501.0
2024-03-01 15:42:00,KRON,1.1100000143051147,1.1100000143051147,1.1100000143051147,1.1100000143051147,1.1100000143051147,502.0
2024-03-01 15:42:00,KRTX,315.625,315.625,315.625,315.625,315.625,261.0
2024-03-01 15:42:00,KRYS,168.31500244140625,168.31500244140625,168.32000732421875,168.31500244140625,168.32000732421875,669.0
2024-03-01 15:42:00,KYMR,43.59000015258789,43.59000015258789,43.64500045776367,43.59000015258789,43.64500045776367,943.0
2024-03-01 15:42:00,KZIA,0.25200000405311584,0.25200000405311584,0.25200000405311584,0.25200000405311584,0.25200000405311584,250.0
2024-03-01 15:42:00,KZR,1.0299999713897705,1.0299999713897705,1.034999966621399,1.0299999713897705,1.0299999713897705,3656.0
2024-03-01 15:42:00,LAB,2.4649999141693115,2.4649999141693115,2.4700000286102295,2.4600000381469727,2.4700000286102295,6166.0
2024-03-01 15:42:00,LBPH,21.24720001220703,21.24720001220703,21.25,21.24720001220703,21.25,900.0
2024-03-01 15:42:00,LEGN,65.6500015258789,65.6500015258789,65.6500015258789,65.6500015258789,65.6500015258789,100.0
2024-03-01 15:42:00,LEXX,2.8499999046325684,2.8499999046325684,2.850100040435791,2.8499999046325684,2.850100040435791,7886.0
2024-03-01 15:42:00,LFMD,8.0,8.0,8.010000228881836,7.989999771118164,7.989999771118164,2637.0
2024-03-01 15:42:00,LFST,7.730000019073486,7.730000019073486,7.735000133514404,7.730000019073486,7.735000133514404,3179.0
2024-03-01 15:42:00,LGND,77.5,77.5,77.51000213623047,77.31500244140625,77.31500244140625,905.0
2024-03-01 15:42:00,LIAN,4.875,4.875,4.875,4.869999885559082,4.869999885559082,20440.0
2024-03-01 15:42:00,LIVN,55.189998626708984,55.189998626708984,55.21500015258789,55.18000030517578,55.21500015258789,2508.0
2024-03-01 15:42:00,LMAT,67.88999938964844,67.88999938964844,67.88999938964844,67.87999725341797,67.87999725341797,663.0
2024-03-01 15:42:00,LNTH,64.36000061035156,64.36000061035156,64.36000061035156,64.33000183105469,64.34500122070312,2871.0
2024-03-01 15:42:00,LPTX,2.869999885559082,2.869999885559082,2.869999885559082,2.869999885559082,2.869999885559082,5555.0
2024-03-01 15:42:00,LQDA,14.59000015258789,14.59000015258789,14.59000015258789,14.579999923706055,14.579999923706055,557.0
2024-03-01 15:42:00,LTRN,4.023200035095215,4.023200035095215,4.055799961090088,4.023200035095215,4.055799961090088,785.0
2024-03-01 15:42:00,LUMO,3.0299999713897705,3.0299999713897705,3.0299999713897705,3.0299999713897705,3.0299999713897705,500.0
2024-03-01 15:42:00,LUNG,9.345000267028809,9.345000267028809,9.359999656677246,9.34000015258789,9.359999656677246,2905.0
2024-03-01 15:42:00,LVTX,2.450000047683716,2.450000047683716,2.539599895477295,2.450000047683716,2.539599895477295,5876.0
2024-03-01 15:42:00,LXRX,2.4749999046325684,2.4749999046325684,2.4797000885009766,2.4700000286102295,2.4749999046325684,12788.0
2024-03-01 15:42:00,LYEL,3.0999999046325684,3.0999999046325684,3.109999895095825,3.0999999046325684,3.1050000190734863,1398.0
2024-03-01 15:42:00,LYRA,5.670000076293945,5.670000076293945,5.670000076293945,5.659999847412109,5.659999847412109,1530.0
2024-03-01 15:42:00,MACK,14.710000038146973,14.710000038146973,14.710000038146973,14.710000038146973,14.710000038146973,225.0
2024-03-01 15:42:00,MASI,126.91999816894531,126.91999816894531,126.91999816894531,126.91999816894531,126.91999816894531,1257.0
2024-03-01 15:42:00,MASS,7.300000190734863,7.300000190734863,7.300000190734863,7.260000228881836,7.269999980926514,1638.0
2024-03-01 15:42:00,MBRX,0.6299999952316284,0.6299999952316284,0.6299999952316284,0.6299999952316284,0.6299999952316284,102.0
2024-03-01 15:42:00,MCRB,1.2200000286102295,1.2200000286102295,1.225000023841858,1.2200000286102295,1.2200000286102295,3335.0
2024-03-01 15:42:00,MDGL,248.41000366210938,248.41000366210938,248.6300048828125,248.41000366210938,248.6199951171875,1811.0
2024-03-01 15:42:00,MDRX,6.0,6.0,6.039999961853027,5.989999771118164,5.989999771118164,152987.0
2024-03-01 15:42:00,MDXG,8.600000381469727,8.600000381469727,8.600000381469727,8.595000267028809,8.600000381469727,3998.0
2024-03-01 15:42:00,ME,0.547249972820282,0.547249972820282,0.5473999977111816,0.5472000241279602,0.5473999977111816,8288.0
2024-03-01 15:42:00,MEDP,402.6050109863281,402.6050109863281,402.6050109863281,402.0899963378906,402.0899963378906,930.0
2024-03-01 15:42:00,MGNX,18.799999237060547,18.799999237060547,18.809999465942383,18.790000915527344,18.790000915527344,3004.0
2024-03-01 15:42:00,MIRM,29.091800689697266,29.091800689697266,29.100000381469727,29.09000015258789,29.09000015258789,2328.0
2024-03-01 15:42:00,MIST,1.684999942779541,1.684999942779541,1.684999942779541,1.684999942779541,1.684999942779541,100.0
2024-03-01 15:42:00,MLTX,50.98500061035156,50.98500061035156,50.98500061035156,50.95000076293945,50.95000076293945,675.0
2024-03-01 15:42:00,MMSI,76.18000030517578,76.18000030517578,76.19999694824219,76.18000030517578,76.19999694824219,1071.0
2024-03-01 15:42:00,MNKD,4.519999980926514,4.519999980926514,4.519999980926514,4.5100998878479,4.514999866485596,10565.0
2024-03-01 15:42:00,MNMD,6.139999866485596,6.139999866485596,6.144999980926514,6.135000228881836,6.139999866485596,3327.0
2024-03-01 15:42:00,MNPR,0.9399999976158142,0.9399999976158142,0.9399999976158142,0.9340000152587891,0.9380000233650208,1100.0
2024-03-01 15:42:00,MODD,1.9299999475479126,1.9299999475479126,1.9299999475479126,1.9199999570846558,1.9199999570846558,400.0
2024-03-01 15:42:00,MODV,28.049999237060547,28.049999237060547,28.075000762939453,28.00749969482422,28.049999237060547,2177.0
2024-03-01 15:42:00,MOR,17.670000076293945,17.670000076293945,17.68000030517578,17.670000076293945,17.68000030517578,1565.0
2024-03-01 15:42:00,MORF,39.619998931884766,39.619998931884766,39.650001525878906,39.619998931884766,39.650001525878906,1821.0
2024-03-01 15:42:00,MREO,3.9198999404907227,3.9198999404907227,3.924999952316284,3.9149999618530273,3.924999952316284,8482.0
2024-03-01 15:42:00,MRNA,95.63500213623047,95.63500213623047,95.6448974609375,95.58999633789062,95.60160064697266,6594.0
2024-03-01 15:42:00,MRNS,9.949999809265137,9.949999809265137,9.960000038146973,9.949999809265137,9.960000038146973,1775.0
2024-03-01 15:42:00,MRSN,5.945000171661377,5.945000171661377,5.949999809265137,5.929999828338623,5.934999942779541,5497.0
2024-03-01 15:42:00,MRUS,51.189998626708984,51.189998626708984,51.19499969482422,51.1609992980957,51.19499969482422,2738.0
2024-03-01 15:42:00,MRVI,7.619999885559082,7.619999885559082,7.625,7.610000133514404,7.614999771118164,8992.0
2024-03-01 15:42:00,MXCT,4.715000152587891,4.715000152587891,4.715000152587891,4.712500095367432,4.712500095367432,618.0
2024-03-01 15:42:00,MYGN,22.139999389648438,22.139999389648438,22.155000686645508,22.139999389648438,22.155000686645508,2257.0
2024-03-01 15:42:00,NAOV,0.9883000254631042,0.9883000254631042,0.9883000254631042,0.9883000254631042,0.9883000254631042,101.0
2024-03-01 15:42:00,NARI,45.404998779296875,45.404998779296875,45.459999084472656,45.400001525878906,45.439998626708984,6542.0
2024-03-01 15:42:00,NBIX,131.8249969482422,131.8249969482422,131.8249969482422,131.7899932861328,131.81289672851562,1436.0
2024-03-01 15:42:00,NBSE,0.8700000047683716,0.8700000047683716,0.8700000047683716,0.8700000047683716,0.8700000047683716,7489.0
2024-03-01 15:42:00,NEO,15.890000343322754,15.890000343322754,15.899999618530273,15.890000343322754,15.899999618530273,2626.0
2024-03-01 15:42:00,NEOG,17.209999084472656,17.209999084472656,17.209999084472656,17.19499969482422,17.209999084472656,5011.0
2024-03-01 15:42:00,NEPT,0.41990000009536743,0.41990000009536743,0.41990000009536743,0.41990000009536743,0.41990000009536743,1025.0
2024-03-01 15:42:00,NGM,1.5199999809265137,1.5199999809265137,1.524999976158142,1.5199999809265137,1.5199999809265137,4998.0
2024-03-01 15:42:00,NKTX,12.739999771118164,12.739999771118164,12.739999771118164,12.729999542236328,12.729999542236328,1198.0
2024-03-01 15:42:00,NNOX,10.979999542236328,10.979999542236328,10.989999771118164,10.979999542236328,10.984999656677246,2437.0
2024-03-01 15:42:00,NOTV,8.020000457763672,8.020000457763672,8.020000457763672,8.010000228881836,8.010000228881836,2506.0
2024-03-01 15:42:00,NPCE,16.1299991607666,16.1299991607666,16.270000457763672,16.1299991607666,16.270000457763672,1392.0
2024-03-01 15:42:00,NRBO,6.144999980926514,6.144999980926514,6.170000076293945,6.144999980926514,6.170000076293945,9347.0
2024-03-01 15:42:00,NRIX,13.510000228881836,13.510000228881836,13.520000457763672,13.5,13.510000228881836,3004.0
2024-03-01 15:42:00,NRSN,2.0,2.0,2.0,2.0,2.0,450.0
2024-03-01 15:42:00,NRXP,0.4399999976158142,0.4399999976158142,0.4399999976158142,0.4399000108242035,0.4399000108242035,2115.0
2024-03-01 15:42:00,NTLA,32.88859939575195,32.88859939575195,32.88999938964844,32.86000061035156,32.869998931884766,7883.0
2024-03-01 15:42:00,NTRA,89.37000274658203,89.37000274658203,89.37000274658203,89.22000122070312,89.22000122070312,7079.0
2024-03-01 15:42:00,NUTX,0.1137000024318695,0.1137000024318695,0.1137000024318695,0.1137000024318695,0.1137000024318695,1217.0
2024-03-01 15:42:00,NUVL,87.07499694824219,87.07499694824219,87.07499694824219,87.06999969482422,87.07499694824219,432.0
2024-03-01 15:42:00,NVAX,5.370100021362305,5.370100021362305,5.379700183868408,5.360000133514404,5.360000133514404,39065.0
2024-03-01 15:42:00,NVCR,16.075000762939453,16.075000762939453,16.075000762939453,16.06999969482422,16.06999969482422,1267.0
2024-03-01 15:42:00,NVCT,10.75,10.75,10.75,10.741000175476074,10.741000175476074,1492.0
2024-03-01 15:42:00,NVNO,6.389999866485596,6.389999866485596,6.420000076293945,6.389999866485596,6.420000076293945,505.0
2024-03-01 15:42:00,NVOS,0.6359999775886536,0.6359999775886536,0.6504999995231628,0.6359999775886536,0.6504999995231628,10681.0
2024-03-01 15:42:00,NXTC,1.781999945640564,1.781999945640564,1.781999945640564,1.7799999713897705,1.7799999713897705,466.0
2024-03-01 15:42:00,OCGN,0.9458000063896179,0.9458000063896179,0.9531000256538391,0.9458000063896179,0.9530500173568726,8269.0
2024-03-01 15:42:00,OCUL,10.675000190734863,10.675000190734863,10.680000305175781,10.675000190734863,10.675000190734863,2046.0
2024-03-01 15:42:00,OCUP,2.5,2.5,2.5,2.5,2.5,273.0
2024-03-01 15:42:00,OGI,2.1649999618530273,2.1649999618530273,2.1649999618530273,2.1649999618530273,2.1649999618530273,100.0
2024-03-01 15:42:00,OLK,22.9950008392334,22.9950008392334,23.0,22.9950008392334,22.9950008392334,1137.0
2024-03-01 15:42:00,OLMA,14.789999961853027,14.789999961853027,14.800000190734863,14.760000228881836,14.779999732971191,2672.0
2024-03-01 15:42:00,OM,3.069999933242798,3.069999933242798,3.075000047683716,3.069999933242798,3.069999933242798,1437.0
2024-03-01 15:42:00,OMCL,26.309999465942383,26.309999465942383,26.34000015258789,26.309999465942383,26.31999969482422,5836.0
2024-03-01 15:42:00,OMER,4.829999923706055,4.829999923706055,4.829999923706055,4.829999923706055,4.829999923706055,1002.0
2024-03-01 15:42:00,OMGA,4.34499979019165,4.34499979019165,4.34499979019165,4.340000152587891,4.340000152587891,628.0
2024-03-01 15:42:00,OMIC,0.5989999771118164,0.5989999771118164,0.5989999771118164,0.5989999771118164,0.5989999771118164,177.0
2024-03-01 15:43:00,AADI,1.9199999570846558,1.9199999570846558,1.9199999570846558,1.899999976158142,1.899999976158142,500.0
2024-03-01 15:43:00,ABCL,5.050000190734863,5.050000190734863,5.054999828338623,5.050000190734863,5.054999828338623,1125.0
2024-03-01 15:43:00,ABEO,7.75,7.75,7.760000228881836,7.739999771118164,7.739999771118164,891.0
2024-03-01 15:43:00,ABOS,4.650000095367432,4.650000095367432,4.679999828338623,4.650000095367432,4.675000190734863,7206.0
2024-03-01 15:43:00,ABSI,5.505000114440918,5.505000114440918,5.510000228881836,5.5,5.5,16142.0
2024-03-01 15:43:00,ABUS,2.809999942779541,2.809999942779541,2.809999942779541,2.7950000762939453,2.799999952316284,38415.0
2024-03-01 15:43:00,ACAD,24.079999923706055,24.079999923706055,24.084999084472656,24.079999923706055,24.079999923706055,2447.0
2024-03-01 15:43:00,ACB,3.180000066757202,3.180000066757202,3.184999942779541,3.174999952316284,3.180000066757202,6439.0
2024-03-01 15:43:00,ACCD,9.925000190734863,9.925000190734863,9.930000305175781,9.920000076293945,9.920000076293945,1538.0
2024-03-01 15:43:00,ACET,2.375,2.375,2.380000114440918,2.369999885559082,2.375,1436.0
2024-03-01 15:43:00,ACHC,84.0,84.0,84.0,83.98999786376953,83.98999786376953,1014.0
2024-03-01 15:43:00,ACHL,1.3650000095367432,1.3650000095367432,1.3650000095367432,1.3650000095367432,1.3650000095367432,7303.0
2024-03-01 15:43:00,ACHV,4.394999980926514,4.394999980926514,4.394999980926514,4.394999980926514,4.394999980926514,200.0
2024-03-01 15:43:00,ACLX,67.05999755859375,67.05999755859375,67.19000244140625,67.0199966430664,67.18000030517578,4935.0
2024-03-01 15:43:00,ACON,0.3952000141143799,0.3952000141143799,0.3952000141143799,0.39500001072883606,0.3950999975204468,8000.0
2024-03-01 15:43:00,ACRS,1.225000023841858,1.225000023841858,1.2300000190734863,1.225000023841858,1.2300000190734863,3176.0
2024-03-01 15:43:00,ACXP,2.9700000286102295,2.9700000286102295,2.9700000286102295,2.9700000286102295,2.9700000286102295,591.0
2024-03-01 15:43:00,ADAP,1.5801000595092773,1.5801000595092773,1.5801000595092773,1.5801000595092773,1.5801000595092773,100.0
2024-03-01 15:43:00,ADIL,2.990000009536743,2.990000009536743,2.990000009536743,2.9100000858306885,2.9200000762939453,15971.0
2024-03-01 15:43:00,ADMA,5.53000020980835,5.53000020980835,5.539999961853027,5.53000020980835,5.534999847412109,3304.0
2024-03-01 15:43:00,ADPT,4.019999980926514,4.019999980926514,4.019999980926514,4.019999980926514,4.019999980926514,1129.0
2024-03-01 15:43:00,ADVM,1.9600000381469727,1.9600000381469727,1.9600000381469727,1.9600000381469727,1.9600000381469727,711.0
2024-03-01 15:43:00,AFMD,0.6651999950408936,0.6651999950408936,0.6651999950408936,0.664900004863739,0.664900004863739,3230.0
2024-03-01 15:43:00,AGEN,0.670074999332428,0.670074999332428,0.6700999736785889,0.6700000166893005,0.6700500249862671,30492.0
2024-03-01 15:43:00,AGIO,32.25,32.25,32.29999923706055,32.25,32.27000045776367,4378.0
2024-03-01 15:43:00,AHCO,10.489999771118164,10.489999771118164,10.489999771118164,10.46500015258789,10.46500015258789,8872.0
2024-03-01 15:43:00,AIMD,1.0599000453948975,1.0599000453948975,1.0599000453948975,1.0399999618530273,1.0399999618530273,5242.0
2024-03-01 15:43:00,AKAN,0.2224999964237213,0.2224999964237213,0.2224999964237213,0.2199999988079071,0.2199999988079071,3633.0
2024-03-01 15:43:00,AKBA,1.684999942779541,1.684999942779541,1.6875,1.6799999475479126,1.6799999475479126,1194.0
2024-03-01 15:43:00,AKRO,28.34000015258789,28.34000015258789,28.520000457763672,28.329999923706055,28.489999771118164,16251.0
2024-03-01 15:43:00,ALDX,4.269999980926514,4.269999980926514,4.269999980926514,4.255000114440918,4.260000228881836,8083.0
2024-03-01 15:43:00,ALEC,7.335000038146973,7.335000038146973,7.335000038146973,7.335000038146973,7.335000038146973,221.0
2024-03-01 15:43:00,ALHC,5.599999904632568,5.599999904632568,5.599999904632568,5.5625,5.565000057220459,21154.0
2024-03-01 15:43:00,ALKS,30.125,30.125,30.135000228881836,30.125,30.135000228881836,3003.0
2024-03-01 15:43:00,ALLK,1.6449999809265137,1.6449999809265137,1.649999976158142,1.6449999809265137,1.6475000381469727,793.0
2024-03-01 15:43:00,ALLO,4.90500020980835,4.90500020980835,4.90500020980835,4.900000095367432,4.900000095367432,1687.0
2024-03-01 15:43:00,ALNY,152.9499969482422,152.9499969482422,152.9499969482422,152.74000549316406,152.77000427246094,13102.0
2024-03-01 15:43:00,ALPN,35.810001373291016,35.810001373291016,35.849998474121094,35.810001373291016,35.810001373291016,1158.0
2024-03-01 15:43:00,ALT,12.180000305175781,12.180000305175781,12.199999809265137,12.180000305175781,12.1850004196167,8932.0
2024-03-01 15:43:00,ALVO,15.710000038146973,15.710000038146973,15.710000038146973,15.699999809265137,15.710000038146973,7206.0
2024-03-01 15:43:00,ALVR,0.744700014591217,0.744700014591217,0.744700014591217,0.744700014591217,0.744700014591217,200.0
2024-03-01 15:43:00,ALXO,14.850000381469727,14.850000381469727,14.850000381469727,14.800000190734863,14.824999809265137,1585.0
2024-03-01 15:43:00,AMED,93.29000091552734,93.29000091552734,93.29000091552734,93.27249908447266,93.27249908447266,1691.0
2024-03-01 15:43:00,AMGN,280.510009765625,280.510009765625,280.69000244140625,280.510009765625,280.6300048828125,10199.0
2024-03-01 15:43:00,AMLX,18.649999618530273,18.649999618530273,18.65999984741211,18.639999389648438,18.65999984741211,780.0
2024-03-01 15:43:00,AMPH,45.86000061035156,45.86000061035156,45.86000061035156,45.79999923706055,45.80500030517578,3767.0
2024-03-01 15:43:00,AMRN,1.0499999523162842,1.0499999523162842,1.0549999475479126,1.0499999523162842,1.0499999523162842,1332.0
2024-03-01 15:43:00,ANAB,25.38789939880371,25.38789939880371,25.38789939880371,25.385000228881836,25.385000228881836,281.0
2024-03-01 15:43:00,ANGO,5.454999923706055,5.454999923706055,5.460000038146973,5.449999809265137,5.454999923706055,1697.0
2024-03-01 15:43:00,ANIP,66.77999877929688,66.77999877929688,66.79000091552734,66.70999908447266,66.70999908447266,1419.0
2024-03-01 15:43:00,ANIX,3.509999990463257,3.509999990463257,3.509999990463257,3.509999990463257,3.509999990463257,201.0
2024-03-01 15:43:00,ANNX,6.019999980926514,6.019999980926514,6.039999961853027,6.010000228881836,6.010000228881836,4087.0
2024-03-01 15:43:00,APDN,0.550000011920929,0.550000011920929,0.550000011920929,0.550000011920929,0.550000011920929,2982.0
2024-03-01 15:43:00,APLS,64.03500366210938,64.03500366210938,64.22000122070312,63.97999954223633,64.22000122070312,9641.0
2024-03-01 15:43:00,APLT,7.03000020980835,7.03000020980835,7.039999961853027,7.03000020980835,7.03000020980835,7484.0
2024-03-01 15:43:00,AQST,4.180099964141846,4.180099964141846,4.195000171661377,4.169000148773193,4.169000148773193,12885.0
2024-03-01 15:43:00,ARAY,2.615000009536743,2.615000009536743,2.615000009536743,2.615000009536743,2.615000009536743,450.0
2024-03-01 15:43:00,ARCT,39.5,39.5,39.5,39.48500061035156,39.48500061035156,512.0
2024-03-01 15:43:00,ARDX,9.380000114440918,9.380000114440918,9.380000114440918,9.375,9.375,4175.0
2024-03-01 15:43:00,ARQT,11.4399995803833,11.4399995803833,11.444999694824219,11.4399995803833,11.444999694824219,5178.0
2024-03-01 15:43:00,ARVN,47.224998474121094,47.224998474121094,47.25,47.20500183105469,47.209999084472656,3146.0
2024-03-01 15:43:00,ARWR,35.814998626708984,35.814998626708984,35.81999969482422,35.7599983215332,35.7599983215332,12829.0
2024-03-01 15:43:00,ASLN,0.7206000089645386,0.7206000089645386,0.7206000089645386,0.7206000089645386,0.7206000089645386,100.0
2024-03-01 15:43:00,ASND,153.31500244140625,153.31500244140625,153.52999877929688,153.30999755859375,153.50999450683594,2256.0
2024-03-01 15:43:00,ASRT,0.8899999856948853,0.8899999856948853,0.8899999856948853,0.8899999856948853,0.8899999856948853,373.0
2024-03-01 15:43:00,ATAI,2.125,2.125,2.125,2.125,2.125,410.0
2024-03-01 15:43:00,ATEC,13.444999694824219,13.444999694824219,13.449999809265137,13.4399995803833,13.444999694824219,5705.0
2024-03-01 15:43:00,ATHA,3.9149999618530273,3.9149999618530273,3.9149999618530273,3.9149999618530273,3.9149999618530273,195.0
2024-03-01 15:43:00,ATNF,3.390000104904175,3.390000104904175,3.390000104904175,3.390000104904175,3.390000104904175,343.0
2024-03-01 15:43:00,ATOS,1.006500005722046,1.006500005722046,1.0099999904632568,1.0009000301361084,1.0009000301361084,1605.0
2024-03-01 15:43:00,ATRA,0.7700999975204468,0.7700999975204468,0.7829999923706055,0.7700999975204468,0.775600016117096,1569.0
2024-03-01 15:43:00,ATRC,36.150001525878906,36.150001525878906,36.150001525878906,36.14500045776367,36.150001525878906,780.0
2024-03-01 15:43:00,ATXI,0.15970000624656677,0.15970000624656677,0.1599999964237213,0.15880000591278076,0.15889999270439148,16685.0
2024-03-01 15:43:00,AUGX,4.559999942779541,4.559999942779541,4.559999942779541,4.559999942779541,4.559999942779541,100.0
2024-03-01 15:43:00,AUPH,5.739999771118164,5.739999771118164,5.760000228881836,5.739999771118164,5.755000114440918,16150.0
2024-03-01 15:43:00,AUTL,6.269999980926514,6.269999980926514,6.269999980926514,6.260000228881836,6.260000228881836,2110.0
2024-03-01 15:43:00,AVDL,13.75,13.75,13.755000114440918,13.710000038146973,13.739999771118164,13899.0
2024-03-01 15:43:00,AVIR,4.445000171661377,4.445000171661377,4.445000171661377,4.445000171661377,4.445000171661377,606.0
2024-03-01 15:43:00,AVXL,5.239999771118164,5.239999771118164,5.239999771118164,5.239999771118164,5.239999771118164,376.0
2024-03-01 15:43:00,AXGN,10.710000038146973,10.710000038146973,10.710000038146973,10.699999809265137,10.699999809265137,692.0
2024-03-01 15:43:00,AXNX,67.72000122070312,67.72000122070312,67.72000122070312,67.72000122070312,67.72000122070312,183.0
2024-03-01 15:43:00,AXSM,82.45999908447266,82.45999908447266,82.45999908447266,82.45999908447266,82.45999908447266,511.0
2024-03-01 15:43:00,AZN,64.57499694824219,64.57499694824219,64.58000183105469,64.55500030517578,64.56500244140625,35172.0
2024-03-01 15:43:00,AZTA,67.05000305175781,67.05000305175781,67.06999969482422,67.02999877929688,67.02999877929688,1937.0
2024-03-01 15:43:00,BACK,1.440000057220459,1.440000057220459,1.440000057220459,1.440000057220459,1.440000057220459,300.0
2024-03-01 15:43:00,BBIO,35.67499923706055,35.67499923706055,35.68000030517578,35.66999816894531,35.66999816894531,1128.0
2024-03-01 15:43:00,BCAB,2.8399999141693115,2.8399999141693115,2.8399999141693115,2.8350000381469727,2.8350000381469727,902.0
2024-03-01 15:43:00,BCDA,0.5799999833106995,0.5799999833106995,0.5799999833106995,0.5799000263214111,0.5799000263214111,8012.0
2024-03-01 15:43:00,BCLI,0.3497999906539917,0.3497999906539917,0.3497999906539917,0.3497999906539917,0.3497999906539917,390.0
2024-03-01 15:43:00,BCRX,5.635000228881836,5.635000228881836,5.639999866485596,5.635000228881836,5.635000228881836,4606.0
2024-03-01 15:43:00,BCYC,25.670000076293945,25.670000076293945,25.670000076293945,25.65999984741211,25.65999984741211,507.0
2024-03-01 15:43:00,BDTX,4.764999866485596,4.764999866485596,4.764999866485596,4.760000228881836,4.760000228881836,1981.0
2024-03-01 15:43:00,BEAM,39.689998626708984,39.689998626708984,39.72999954223633,39.689998626708984,39.709999084472656,2386.0
2024-03-01 15:43:00,BGNE,165.7899932861328,165.7899932861328,166.1199951171875,165.7899932861328,166.1199951171875,1779.0
2024-03-01 15:43:00,BGXX,0.25529998540878296,0.25529998540878296,0.25529998540878296,0.25529998540878296,0.25529998540878296,217.0
2024-03-01 15:43:00,BIIB,220.77000427246094,220.77000427246094,220.80999755859375,220.6999969482422,220.77999877929688,7730.0
2024-03-01 15:43:00,BIOL,0.14550000429153442,0.14550000429153442,0.14650000631809235,0.14550000429153442,0.14650000631809235,39011.0
2024-03-01 15:43:00,BIOR,1.0980000495910645,1.0980000495910645,1.0980000495910645,1.0980000495910645,1.0980000495910645,260.0
2024-03-01 15:43:00,BIVI,1.9600000381469727,1.9600000381469727,1.9700000286102295,1.9600000381469727,1.9700000286102295,25298.0
2024-03-01 15:43:00,BLFS,17.829999923706055,17.829999923706055,17.850000381469727,17.81999969482422,17.81999969482422,2574.0
2024-03-01 15:43:00,BLUE,1.5750000476837158,1.5750000476837158,1.5800000429153442,1.5700000524520874,1.5750000476837158,56323.0
2024-03-01 15:43:00,BMEA,17.854999542236328,17.854999542236328,17.8700008392334,17.850000381469727,17.850000381469727,4570.0
2024-03-01 15:43:00,BMRN,87.58000183105469,87.58000183105469,87.58000183105469,87.53900146484375,87.55000305175781,7942.0
2024-03-01 15:43:00,BNR,0.8100000023841858,0.8100000023841858,0.8101000189781189,0.8100000023841858,0.8101000189781189,200.0
2024-03-01 15:43:00,BNTC,5.349999904632568,5.349999904632568,5.349999904632568,5.349999904632568,5.349999904632568,100.0
2024-03-01 15:43:00,BNTX,90.65499877929688,90.65499877929688,90.69000244140625,90.62000274658203,90.62000274658203,3547.0
2024-03-01 15:43:00,BPMC,95.41999816894531,95.41999816894531,95.45999908447266,95.41999816894531,95.45999908447266,654.0
2024-03-01 15:43:00,BRKR,88.22000122070312,88.22000122070312,88.2300033569336,88.21499633789062,88.21499633789062,1342.0
2024-03-01 15:43:00,BTAI,3.2100000381469727,3.2100000381469727,3.211400032043457,3.2100000381469727,3.211400032043457,600.0
2024-03-01 15:43:00,BTMD,5.78000020980835,5.78000020980835,5.800000190734863,5.78000020980835,5.800000190734863,430.0
2024-03-01 15:43:00,BTTX,0.18125000596046448,0.18125000596046448,0.1850000023841858,0.18000000715255737,0.1835000067949295,85366.0
2024-03-01 15:43:00,BWAY,6.599999904632568,6.599999904632568,6.599999904632568,6.599999904632568,6.599999904632568,100.0
2024-03-01 15:43:00,CABA,24.0,24.0,24.030000686645508,24.0,24.020000457763672,6229.0
2024-03-01 15:43:00,CARA,0.9269999861717224,0.9269999861717224,0.9279999732971191,0.9269999861717224,0.9277999997138977,864.0
2024-03-01 15:43:00,CBAY,32.22999954223633,32.22999954223633,32.22999954223633,32.224998474121094,32.227500915527344,2871.0
2024-03-01 15:43:00,CCCC,10.988100051879883,10.988100051879883,10.9975004196167,10.979999542236328,10.994999885559082,3415.0
2024-03-01 15:43:00,CCRN,18.25,18.25,18.25,18.25,18.25,1304.0
2024-03-01 15:43:00,CDMO,8.220000267028809,8.220000267028809,8.220000267028809,8.21500015258789,8.220000267028809,2368.0
2024-03-01 15:43:00,CDNA,12.130000114440918,12.130000114440918,12.3100004196167,12.130000114440918,12.300000190734863,31068.0
2024-03-01 15:43:00,CDXS,4.601200103759766,4.601200103759766,4.641200065612793,4.601200103759766,4.639999866485596,3400.0
2024-03-01 15:43:00,CERE,41.099998474121094,41.099998474121094,41.11000061035156,41.099998474121094,41.10499954223633,2792.0
2024-03-01 15:43:00,CERS,2.1700000762939453,2.1700000762939453,2.1700000762939453,2.1700000762939453,2.1700000762939453,1008.0
2024-03-01 15:43:00,CERT,18.201000213623047,18.201000213623047,18.201000213623047,18.170000076293945,18.170000076293945,3894.0
2024-03-01 15:43:00,CGC,3.2049999237060547,3.2049999237060547,3.205199956893921,3.200000047683716,3.2049999237060547,1333.0
2024-03-01 15:43:00,CGEM,18.479999542236328,18.479999542236328,18.510000228881836,18.479999542236328,18.510000228881836,2138.0
2024-03-01 15:43:00,CGTX,2.0,2.0,2.0,2.0,2.0,527.0
2024-03-01 15:43:00,CHRS,2.380000114440918,2.380000114440918,2.390000104904175,2.380000114440918,2.384999990463257,6443.0
2024-03-01 15:43:00,CING,1.3300000429153442,1.3300000429153442,1.3300000429153442,1.3300000429153442,1.3300000429153442,100.0
2024-03-01 15:43:00,CKPT,2.2100000381469727,2.2100000381469727,2.2100000381469727,2.2100000381469727,2.2100000381469727,3600.0
2024-03-01 15:43:00,CLDX,51.52000045776367,51.52000045776367,51.61249923706055,51.48899841308594,51.58000183105469,7987.0
2024-03-01 15:43:00,CLOV,0.8655999898910522,0.8655999898910522,0.8658000230789185,0.8654999732971191,0.8657000064849854,17060.0
2024-03-01 15:43:00,CLPT,6.625,6.625,6.625,6.625,6.625,470.0
2024-03-01 15:43:00,CLRB,4.110000133514404,4.110000133514404,4.110000133514404,4.110000133514404,4.110000133514404,1775.0
2024-03-01 15:43:00,CLSD,1.3860000371932983,1.3860000371932983,1.3860000371932983,1.3860000371932983,1.3860000371932983,109.0
2024-03-01 15:43:00,CMAX,7.789999961853027,7.789999961853027,7.789999961853027,7.789999961853027,7.789999961853027,100.0
2024-03-01 15:43:00,CMPS,11.470000267028809,11.470000267028809,11.479999542236328,11.460000038146973,11.460000038146973,1968.0
2024-03-01 15:43:00,CMPX,1.8799999952316284,1.8799999952316284,1.8799999952316284,1.8799999952316284,1.8799999952316284,200.0
2024-03-01 15:43:00,CMRX,1.2000000476837158,1.2000000476837158,1.2000000476837158,1.1950000524520874,1.1991000175476074,2366.0
2024-03-01 15:43:00,COGT,7.215000152587891,7.215000152587891,7.230000019073486,7.215000152587891,7.224999904632568,16208.0
2024-03-01 15:43:00,CORT,24.239999771118164,24.239999771118164,24.239999771118164,24.229999542236328,24.229999542236328,894.0
2024-03-01 15:43:00,CPRX,17.125,17.125,17.17099952697754,17.125,17.170000076293945,10069.0
2024-03-01 15:43:00,CPSI,9.239999771118164,9.239999771118164,9.260000228881836,9.239999771118164,9.25,4046.0
2024-03-01 15:43:00,CRBP,34.68989944458008,34.68989944458008,34.68989944458008,34.470001220703125,34.470001220703125,769.0
2024-03-01 15:43:00,CRBU,7.769999980926514,7.769999980926514,7.775000095367432,7.769999980926514,7.775000095367432,862.0
2024-03-01 15:43:00,CRDF,3.0199999809265137,3.0199999809265137,3.0299999713897705,2.9247000217437744,2.930000066757202,592332.0
2024-03-01 15:43:00,CRDL,1.9299999475479126,1.9299999475479126,1.9299999475479126,1.9299999475479126,1.9299999475479126,632.0
2024-03-01 15:43:00,CRMD,3.6500000953674316,3.6500000953674316,3.6500000953674316,3.6500000953674316,3.6500000953674316,259.0
2024-03-01 15:43:00,CRNX,45.75,45.75,45.7599983215332,45.72999954223633,45.7599983215332,1784.0
2024-03-01 15:43:00,CRON,2.015000104904175,2.015000104904175,2.015000104904175,2.0100998878479004,2.015000104904175,2931.0
2024-03-01 15:43:00,CRSP,83.96499633789062,83.96499633789062,84.05500030517578,83.95999908447266,84.05500030517578,4434.0
2024-03-01 15:43:00,CSTL,20.0,20.0,20.0,20.0,20.0,456.0
2024-03-01 15:43:00,CTKB,9.045000076293945,9.045000076293945,9.050000190734863,9.03499984741211,9.039999961853027,5424.0
2024-03-01 15:43:00,CTMX,2.5899999141693115,2.5899999141693115,2.609999895095825,2.569999933242798,2.5799999237060547,19503.0
2024-03-01 15:43:00,CTXR,0.7731000185012817,0.7731000185012817,0.7731000185012817,0.7702999711036682,0.7705000042915344,2795.0
2024-03-01 15:43:00,CUE,2.140000104904175,2.140000104904175,2.140000104904175,2.134999990463257,2.140000104904175,3317.0
2024-03-01 15:43:00,CUTR,2.4000000953674316,2.4000000953674316,2.4000000953674316,2.4000000953674316,2.4000000953674316,748.0
2024-03-01 15:43:00,CVAC,3.4549999237060547,3.4549999237060547,3.4549999237060547,3.444999933242798,3.444999933242798,5907.0
2024-03-01 15:43:00,CVRX,20.799999237060547,20.799999237060547,20.809999465942383,20.760000228881836,20.760000228881836,2481.0
2024-03-01 15:43:00,CYTK,73.76000213623047,73.76000213623047,73.7699966430664,73.69000244140625,73.76000213623047,8795.0
2024-03-01 15:43:00,CYTO,2.4100000858306885,2.4100000858306885,2.4100000858306885,2.4100000858306885,2.4100000858306885,233.0
2024-03-01 15:43:00,DARE,0.5547999739646912,0.5547999739646912,0.5547999739646912,0.5547999739646912,0.5547999739646912,999.0
2024-03-01 15:43:00,DAWN,17.479999542236328,17.479999542236328,17.479999542236328,17.479999542236328,17.479999542236328,383.0
2024-03-01 15:43:00,DCGO,4.065000057220459,4.065000057220459,4.070000171661377,4.059999942779541,4.059999942779541,4365.0
2024-03-01 15:43:00,DCPH,17.459999084472656,17.459999084472656,17.459999084472656,17.459999084472656,17.459999084472656,522.0
2024-03-01 15:43:00,DERM,4.090000152587891,4.090000152587891,4.090000152587891,4.090000152587891,4.090000152587891,751.0
2024-03-01 15:43:00,DH,8.84000015258789,8.84000015258789,8.850000381469727,8.829999923706055,8.829999923706055,704.0
2024-03-01 15:43:00,DMTK,0.8300999999046326,0.8300999999046326,0.8399999737739563,0.8300999999046326,0.8399999737739563,397.0
2024-03-01 15:43:00,DNLI,20.709999084472656,20.709999084472656,20.760000228881836,20.709999084472656,20.739999771118164,3287.0
2024-03-01 15:43:00,DRRX,0.9926000237464905,0.9926000237464905,0.9926000237464905,0.9926000237464905,0.9926000237464905,100.0
2024-03-01 15:43:00,DSGN,2.8499999046325684,2.8499999046325684,2.859999895095825,2.8499999046325684,2.859999895095825,1047.0
2024-03-01 15:43:00,DTIL,12.520000457763672,12.520000457763672,12.585000038146973,12.520000457763672,12.585000038146973,6431.0
2024-03-01 15:43:00,DVAX,12.760000228881836,12.760000228881836,12.760000228881836,12.760000228881836,12.760000228881836,2556.0
2024-03-01 15:43:00,DXCM,121.10600280761719,121.10600280761719,121.16000366210938,121.06500244140625,121.08499908447266,8928.0
2024-03-01 15:43:00,DYAI,1.399999976158142,1.399999976158142,1.399999976158142,1.399999976158142,1.399999976158142,214.0
2024-03-01 15:43:00,DYN,29.110000610351562,29.110000610351562,29.1200008392334,29.100000381469727,29.1200008392334,1545.0
2024-03-01 15:43:00,EDIT,10.515000343322754,10.515000343322754,10.528900146484375,10.515000343322754,10.528900146484375,7464.0
2024-03-01 15:43:00,EFTR,16.184999465942383,16.184999465942383,16.184999465942383,16.155000686645508,16.155000686645508,639.0
2024-03-01 15:43:00,ELEV,5.090000152587891,5.090000152587891,5.090000152587891,5.070000171661377,5.070000171661377,1194.0
2024-03-01 15:43:00,ENSG,121.72000122070312,121.72000122070312,121.72589874267578,121.72000122070312,121.72000122070312,1485.0
2024-03-01 15:43:00,ENTA,15.5600004196167,15.5600004196167,15.5600004196167,15.5600004196167,15.5600004196167,719.0
2024-03-01 15:43:00,ENVB,1.5499999523162842,1.5499999523162842,1.551900029182434,1.5499999523162842,1.5500999689102173,16450.0
2024-03-01 15:43:00,EOLS,14.904999732971191,14.904999732971191,14.90999984741211,14.899999618530273,14.899999618530273,2312.0
2024-03-01 15:43:00,EPIX,9.364999771118164,9.364999771118164,9.425000190734863,9.364999771118164,9.425000190734863,252.0
2024-03-01 15:43:00,EQ,2.4700000286102295,2.4700000286102295,2.4700000286102295,2.4600000381469727,2.4700000286102295,2308.0
2024-03-01 15:43:00,ERAS,2.625,2.625,2.625999927520752,2.615000009536743,2.625,22783.0
2024-03-01 15:43:00,ESPR,2.5450000762939453,2.5450000762939453,2.547499895095825,2.5399999618530273,2.547499895095825,3941.0
2024-03-01 15:43:00,ESTA,43.86000061035156,43.86000061035156,43.869998931884766,43.86000061035156,43.869998931884766,344.0
2024-03-01 15:43:00,ETNB,12.675000190734863,12.675000190734863,12.680000305175781,12.675000190734863,12.675000190734863,1078.0
2024-03-01 15:43:00,ETON,4.46999979019165,4.46999979019165,4.46999979019165,4.46999979019165,4.46999979019165,422.0
2024-03-01 15:43:00,EVAX,3.4200000762939453,3.4200000762939453,3.4200000762939453,3.419800043106079,3.419800043106079,766.0
2024-03-01 15:43:00,EWTX,16.604999542236328,16.604999542236328,16.610000610351562,16.600000381469727,16.600000381469727,1361.0
2024-03-01 15:43:00,EXAI,6.520199775695801,6.520199775695801,6.520199775695801,6.520199775695801,6.520199775695801,1153.0
2024-03-01 15:43:00,EXAS,59.2400016784668,59.2400016784668,59.2400016784668,59.220001220703125,59.220001220703125,2310.0
2024-03-01 15:43:00,EXEL,22.21500015258789,22.21500015258789,22.219999313354492,22.212499618530273,22.21500015258789,1746.0
2024-03-01 15:43:00,EYEN,2.380000114440918,2.380000114440918,2.380000114440918,2.3701000213623047,2.3701000213623047,8345.0
2024-03-01 15:43:00,EYPT,28.0049991607666,28.0049991607666,28.0049991607666,27.999000549316406,28.0,40152.0
2024-03-01 15:43:00,FATE,7.729899883270264,7.729899883270264,7.739999771118164,7.729899883270264,7.739999771118164,2395.0
2024-03-01 15:43:00,FBIO,2.384999990463257,2.384999990463257,2.384999990463257,2.384999990463257,2.384999990463257,254.0
2024-03-01 15:43:00,FDMT,29.0,29.0,29.049999237060547,29.0,29.049999237060547,1349.0
2024-03-01 15:43:00,FEMY,1.8300000429153442,1.8300000429153442,1.8300000429153442,1.8099000453948975,1.809999942779541,29922.0
2024-03-01 15:43:00,FENC,9.805000305175781,9.805000305175781,9.805000305175781,9.770000457763672,9.770000457763672,558.0
2024-03-01 15:43:00,FGEN,1.8250000476837158,1.8250000476837158,1.8250000476837158,1.8220000267028809,1.8250000476837158,2298.0
2024-03-01 15:43:00,FHTX,7.800099849700928,7.800099849700928,7.869999885559082,7.800000190734863,7.869999885559082,2108.0
2024-03-01 15:43:00,FLGT,23.1200008392334,23.1200008392334,23.1200008392334,23.100000381469727,23.100000381469727,823.0
2024-03-01 15:43:00,FOLD,13.317099571228027,13.317099571228027,13.319999694824219,13.3100004196167,13.319999694824219,5022.0
2024-03-01 15:43:00,FORA,3.0,3.0,3.009999990463257,3.0,3.009999990463257,476.0
2024-03-01 15:43:00,FULC,10.989999771118164,10.989999771118164,11.010000228881836,10.989999771118164,11.0,966.0
2024-03-01 15:43:00,FUSN,12.079999923706055,12.079999923706055,12.095000267028809,12.069999694824219,12.095000267028809,8564.0
2024-03-01 15:43:00,FWBI,9.0,9.0,9.0,8.899999618530273,8.904399871826172,2902.0
2024-03-01 15:43:00,GANX,4.659999847412109,4.659999847412109,4.659999847412109,4.659999847412109,4.659999847412109,111.0
2024-03-01 15:43:00,GDRX,8.34000015258789,8.34000015258789,8.34000015258789,8.329999923706055,8.34000015258789,8943.0
2024-03-01 15:43:00,GERN,2.25,2.25,2.25,2.244999885559082,2.25,10580.0
2024-03-01 15:43:00,GH,18.959999084472656,18.959999084472656,18.96500015258789,18.950000762939453,18.950000762939453,7209.0
2024-03-01 15:43:00,GILD,72.30999755859375,72.30999755859375,72.33000183105469,72.30999755859375,72.31500244140625,11165.0
2024-03-01 15:43:00,GLPG,35.040000915527344,35.040000915527344,35.040000915527344,35.040000915527344,35.040000915527344,373.0
2024-03-01 15:43:00,GLSI,12.850000381469727,12.850000381469727,12.850000381469727,12.850000381469727,12.850000381469727,353.0
2024-03-01 15:43:00,GLTO,0.800000011920929,0.800000011920929,0.800000011920929,0.800000011920929,0.800000011920929,1375.0
2024-03-01 15:43:00,GLYC,3.049999952316284,3.049999952316284,3.049999952316284,3.049999952316284,3.049999952316284,240.0
2024-03-01 15:43:00,GMAB,29.28499984741211,29.28499984741211,29.295000076293945,29.280000686645508,29.295000076293945,2858.0
2024-03-01 15:43:00,GMDA,0.38385000824928284,0.38385000824928284,0.38385000824928284,0.3837999999523163,0.38385000824928284,2711.0
2024-03-01 15:43:00,GOSS,1.3949999809265137,1.3949999809265137,1.3949999809265137,1.3899999856948853,1.3949999809265137,692.0
2024-03-01 15:43:00,GRFS,7.005000114440918,7.005000114440918,7.005000114440918,7.0,7.005000114440918,5468.0
2024-03-01 15:43:00,GRTS,2.0250000953674316,2.0250000953674316,2.0250000953674316,2.0199999809265137,2.0199999809265137,8145.0
2024-03-01 15:43:00,GRTX,0.23000000417232513,0.23000000417232513,0.23000000417232513,0.22995799779891968,0.22995799779891968,2345.0
2024-03-01 15:43:00,GTBP,4.409999847412109,4.409999847412109,4.460000038146973,4.409999847412109,4.460000038146973,249.0
2024-03-01 15:43:00,GTHX,3.700000047683716,3.700000047683716,3.7100000381469727,3.690000057220459,3.7100000381469727,7036.0
2024-03-01 15:43:00,HALO,41.029998779296875,41.029998779296875,41.029998779296875,41.02000045776367,41.02000045776367,1646.0
2024-03-01 15:43:00,HARP,22.950000762939453,22.950000762939453,22.950000762939453,22.950000762939453,22.950000762939453,422.0
2024-03-01 15:43:00,HCAT,8.069999694824219,8.069999694824219,8.079999923706055,8.0600004196167,8.0649995803833,7776.0
2024-03-01 15:43:00,HCM,15.104999542236328,15.104999542236328,15.112500190734863,15.100000381469727,15.112500190734863,999.0
2024-03-01 15:43:00,HCSG,12.805000305175781,12.805000305175781,12.8100004196167,12.805000305175781,12.805000305175781,842.0
2024-03-01 15:43:00,HCTI,1.9800000190734863,1.9800000190734863,1.9800000190734863,1.9800000190734863,1.9800000190734863,1544.0
2024-03-01 15:43:00,HLTH,0.26980000734329224,0.26980000734329224,0.26980000734329224,0.26980000734329224,0.26980000734329224,297.0
2024-03-01 15:43:00,HLVX,18.969999313354492,18.969999313354492,19.049999237060547,18.969999313354492,19.040000915527344,1429.0
2024-03-01 15:43:00,HOLX,73.9000015258789,73.9000015258789,73.93900299072266,73.9000015258789,73.91999816894531,3699.0
2024-03-01 15:43:00,HOOK,0.7670999765396118,0.7670999765396118,0.7670999765396118,0.7670999765396118,0.7670999765396118,106.0
2024-03-01 15:43:00,HOWL,7.0,7.0,7.0,7.0,7.0,408.0
2024-03-01 15:43:00,HQY,81.16999816894531,81.16999816894531,81.19000244140625,81.06999969482422,81.06999969482422,3630.0
2024-03-01 15:43:00,HRMY,31.770000457763672,31.770000457763672,31.799999237060547,31.770000457763672,31.799999237060547,1105.0
2024-03-01 15:43:00,HROW,10.880000114440918,10.880000114440918,10.880000114440918,10.880000114440918,10.880000114440918,451.0
2024-03-01 15:43:00,HRTX,2.5899999141693115,2.5899999141693115,2.5950000286102295,2.5899999141693115,2.5950000286102295,794.0
2024-03-01 15:43:00,HSIC,76.87999725341797,76.87999725341797,76.91999816894531,76.83999633789062,76.83999633789062,4967.0
2024-03-01 15:43:00,HSTM,27.149999618530273,27.149999618530273,27.15999984741211,27.139999389648438,27.149999618530273,2431.0
2024-03-01 15:43:00,HUMA,3.2950000762939453,3.2950000762939453,3.305000066757202,3.2899999618530273,3.299999952316284,8833.0
2024-03-01 15:43:00,IART,36.060001373291016,36.060001373291016,36.09000015258789,36.060001373291016,36.08000183105469,2905.0
2024-03-01 15:43:00,IBRX,4.735000133514404,4.735000133514404,4.738800048828125,4.735000133514404,4.735000133514404,1322.0
2024-03-01 15:43:00,ICCM,1.2899999618530273,1.2899999618530273,1.2899999618530273,1.284999966621399,1.2899999618530273,539.0
2024-03-01 15:43:00,ICLR,324.2300109863281,324.2300109863281,324.2300109863281,324.1199951171875,324.1199951171875,491.0
2024-03-01 15:43:00,ICUI,105.45999908447266,105.45999908447266,105.51000213623047,105.41000366210938,105.44999694824219,2638.0
2024-03-01 15:43:00,IDXX,575.739990234375,575.739990234375,576.2899780273438,575.739990234375,576.27001953125,2627.0
2024-03-01 15:43:00,IDYA,46.16999816894531,46.16999816894531,46.189998626708984,46.16999816894531,46.189998626708984,456.0
2024-03-01 15:43:00,IFRX,1.75,1.75,1.7549999952316284,1.7100000381469727,1.7300000190734863,11458.0
2024-03-01 15:43:00,IGMS,12.65999984741211,12.65999984741211,12.670000076293945,12.65999984741211,12.664999961853027,2060.0
2024-03-01 15:43:00,IINN,1.6999000310897827,1.6999000310897827,1.6999000310897827,1.6950000524520874,1.6950000524520874,325.0
2024-03-01 15:43:00,IKNA,1.4950000047683716,1.4950000047683716,1.4950000047683716,1.4950000047683716,1.4950000047683716,104.0
2024-03-01 15:43:00,ILMN,140.3300018310547,140.3300018310547,140.44180297851562,140.32000732421875,140.38999938964844,2634.0
2024-03-01 15:43:00,IMCR,67.90499877929688,67.90499877929688,67.93000030517578,67.86000061035156,67.93000030517578,1782.0
2024-03-01 15:43:00,IMMX,3.4649999141693115,3.4649999141693115,3.4649999141693115,3.4649999141693115,3.4649999141693115,100.0
2024-03-01 15:43:00,IMNM,25.350000381469727,25.350000381469727,25.420000076293945,25.350000381469727,25.40999984741211,2400.0
2024-03-01 15:43:00,IMTX,12.90999984741211,12.90999984741211,12.90999984741211,12.899999618530273,12.899999618530273,389.0
2024-03-01 15:43:00,IMUX,1.4450000524520874,1.4450000524520874,1.4450000524520874,1.440000057220459,1.440000057220459,3393.0
2024-03-01 15:43:00,IMVT,35.38999938964844,35.38999938964844,35.40999984741211,35.38999938964844,35.400001525878906,3250.0
2024-03-01 15:43:00,INBX,36.564998626708984,36.564998626708984,36.564998626708984,36.525001525878906,36.525001525878906,1915.0
2024-03-01 15:43:00,INCY,58.97999954223633,58.97999954223633,58.9900016784668,58.970001220703125,58.970001220703125,6568.0
2024-03-01 15:43:00,INGN,6.949999809265137,6.949999809265137,6.949999809265137,6.945000171661377,6.945000171661377,991.0
2024-03-01 15:43:00,INMD,22.895000457763672,22.895000457763672,22.90999984741211,22.889999389648438,22.889999389648438,8908.0
2024-03-01 15:43:00,INO,9.510000228881836,9.510000228881836,9.529999732971191,9.510000228881836,9.529899597167969,1401.0
2024-03-01 15:43:00,INSM,28.020000457763672,28.020000457763672,28.024999618530273,28.020000457763672,28.024999618530273,1036.0
2024-03-01 15:43:00,INVA,15.369999885559082,15.369999885559082,15.380000114440918,15.369999885559082,15.380000114440918,2394.0
2024-03-01 15:43:00,INZY,6.554999828338623,6.554999828338623,6.570000171661377,6.554999828338623,6.570000171661377,717.0
2024-03-01 15:43:00,IONS,45.525001525878906,45.525001525878906,45.53499984741211,45.4900016784668,45.505001068115234,5163.0
2024-03-01 15:43:00,IOVA,16.825000762939453,16.825000762939453,16.850000381469727,16.81999969482422,16.84000015258789,17217.0
2024-03-01 15:43:00,IPSC,3.9649999141693115,3.9649999141693115,3.9649999141693115,3.9649999141693115,3.9649999141693115,220.0
2024-03-01 15:43:00,IRWD,8.8725004196167,8.8725004196167,8.880000114440918,8.870100021362305,8.875,14064.0
2024-03-01 15:43:00,ISRG,398.2300109863281,398.2300109863281,398.260009765625,398.17449951171875,398.260009765625,1793.0
2024-03-01 15:43:00,ITCI,72.16999816894531,72.16999816894531,72.16999816894531,72.13500213623047,72.13500213623047,930.0
2024-03-01 15:43:00,ITOS,11.239999771118164,11.239999771118164,11.239999771118164,11.239999771118164,11.239999771118164,480.0
2024-03-01 15:43:00,IVVD,3.9800000190734863,3.9800000190734863,3.9800000190734863,3.9749999046325684,3.9749999046325684,870.0
2024-03-01 15:43:00,JAGX,0.08240000158548355,0.08240000158548355,0.08380000293254852,0.08240000158548355,0.08240000158548355,28145.0
2024-03-01 15:43:00,JANX,46.14500045776367,46.14500045776367,46.189998626708984,46.06999969482422,46.084999084472656,5975.0
2024-03-01 15:43:00,JAZZ,118.62999725341797,118.62999725341797,118.66999816894531,118.62999725341797,118.66999816894531,830.0
2024-03-01 15:43:00,JSPR,21.475000381469727,21.475000381469727,21.475000381469727,21.43000030517578,21.43000030517578,340.0
2024-03-01 15:43:00,JYNT,9.90999984741211,9.90999984741211,9.90999984741211,9.90999984741211,9.90999984741211,852.0
2024-03-01 15:43:00,KALA,7.309999942779541,7.309999942779541,7.309999942779541,7.309999942779541,7.309999942779541,100.0
2024-03-01 15:43:00,KALV,14.079999923706055,14.079999923706055,14.079999923706055,14.079999923706055,14.079999923706055,313.0
2024-03-01 15:43:00,KIDS,27.94499969482422,27.94499969482422,27.959999084472656,27.920000076293945,27.959999084472656,1199.0
2024-03-01 15:43:00,KMDA,6.369999885559082,6.369999885559082,6.369999885559082,6.369999885559082,6.369999885559082,112.0
2024-03-01 15:43:00,KNSA,21.78260040283203,21.78260040283203,21.799999237060547,21.78260040283203,21.799999237060547,971.0
2024-03-01 15:43:00,KNTE,2.5799999237060547,2.5799999237060547,2.5850000381469727,2.579900026321411,2.579900026321411,7488.0
2024-03-01 15:43:00,KOD,5.985000133514404,5.985000133514404,5.989999771118164,5.985000133514404,5.989999771118164,1384.0
2024-03-01 15:43:00,KPTI,1.184999942779541,1.184999942779541,1.184999942779541,1.1799999475479126,1.1799999475479126,1200.0
2024-03-01 15:43:00,KRMD,2.109999895095825,2.109999895095825,2.109999895095825,2.109999895095825,2.109999895095825,360.0
2024-03-01 15:43:00,KRTX,315.760009765625,315.760009765625,315.760009765625,315.760009765625,315.760009765625,237.0
2024-03-01 15:43:00,KRYS,168.125,168.125,168.31500244140625,168.1199951171875,168.31500244140625,2273.0
2024-03-01 15:43:00,KTRA,0.09960000216960907,0.09960000216960907,0.10000000149011612,0.09920000284910202,0.10000000149011612,5785.0
2024-03-01 15:43:00,KURA,21.600000381469727,21.600000381469727,21.600000381469727,21.59000015258789,21.59000015258789,726.0
2024-03-01 15:43:00,KYMR,43.61000061035156,43.61000061035156,43.619998931884766,43.599998474121094,43.599998474121094,1061.0
2024-03-01 15:43:00,KZR,1.034999966621399,1.034999966621399,1.034999966621399,1.0299999713897705,1.0299999713897705,1647.0
2024-03-01 15:43:00,LAB,2.4700000286102295,2.4700000286102295,2.4700000286102295,2.4649999141693115,2.4649999141693115,2275.0
2024-03-01 15:43:00,LBPH,21.280000686645508,21.280000686645508,21.280000686645508,21.270000457763672,21.280000686645508,1697.0
2024-03-01 15:43:00,LEGN,65.56999969482422,65.56999969482422,65.63999938964844,65.56999969482422,65.6050033569336,2455.0
2024-03-01 15:43:00,LEXX,2.859999895095825,2.859999895095825,2.859999895095825,2.859999895095825,2.859999895095825,590.0
2024-03-01 15:43:00,LFMD,8.0,8.0,8.010000228881836,7.994999885559082,8.0,996.0
2024-03-01 15:43:00,LFST,7.735000133514404,7.735000133514404,7.735000133514404,7.730000019073486,7.730000019073486,1371.0
2024-03-01 15:43:00,LGND,77.49500274658203,77.49500274658203,77.62000274658203,77.35900115966797,77.51000213623047,1721.0
2024-03-01 15:43:00,LIAN,4.869999885559082,4.869999885559082,4.875,4.869999885559082,4.875,900.0
2024-03-01 15:43:00,LIFE,1.8949999809265137,1.8949999809265137,1.8949999809265137,1.8949999809265137,1.8949999809265137,307.0
2024-03-01 15:43:00,LIVN,55.189998626708984,55.189998626708984,55.189998626708984,55.16999816894531,55.16999816894531,417.0
2024-03-01 15:43:00,LMAT,67.7780990600586,67.7780990600586,67.83999633789062,67.7300033569336,67.80999755859375,1832.0
2024-03-01 15:43:00,LNSR,4.8520002365112305,4.8520002365112305,4.8520002365112305,4.8520002365112305,4.8520002365112305,267.0
2024-03-01 15:43:00,LNTH,64.37000274658203,64.37000274658203,64.37999725341797,64.3499984741211,64.36000061035156,2267.0
2024-03-01 15:43:00,LPTX,2.865000009536743,2.865000009536743,2.865000009536743,2.865000009536743,2.865000009536743,5457.0
2024-03-01 15:43:00,LQDA,14.585000038146973,14.585000038146973,14.585000038146973,14.585000038146973,14.585000038146973,543.0
2024-03-01 15:43:00,LRMR,11.300000190734863,11.300000190734863,11.300100326538086,11.300000190734863,11.300000190734863,812.0
2024-03-01 15:43:00,LTRN,4.050000190734863,4.050000190734863,4.050000190734863,4.050000190734863,4.050000190734863,321.0
2024-03-01 15:43:00,LUMO,3.0399999618530273,3.0399999618530273,3.0399999618530273,3.0399999618530273,3.0399999618530273,200.0
2024-03-01 15:43:00,LUNG,9.359999656677246,9.359999656677246,9.359999656677246,9.34000015258789,9.34000015258789,3257.0
2024-03-01 15:43:00,LVTX,2.5,2.5,2.5299999713897705,2.4860000610351562,2.4860000610351562,5628.0
2024-03-01 15:43:00,LXRX,2.4749999046325684,2.4749999046325684,2.4800000190734863,2.4700000286102295,2.4749999046325684,1845.0
2024-03-01 15:43:00,LYEL,3.1050000190734863,3.1050000190734863,3.1050000190734863,3.1050000190734863,3.1050000190734863,1188.0
2024-03-01 15:43:00,LYRA,5.650000095367432,5.650000095367432,5.670000076293945,5.650000095367432,5.659999847412109,1304.0
2024-03-01 15:43:00,MACK,14.710000038146973,14.710000038146973,14.710000038146973,14.710000038146973,14.710000038146973,582.0
2024-03-01 15:43:00,MASI,127.13999938964844,127.13999938964844,127.1500015258789,126.88500213623047,126.88500213623047,6614.0
2024-03-01 15:43:00,MBOT,1.3079999685287476,1.3079999685287476,1.3079999685287476,1.3049999475479126,1.3049999475479126,200.0
2024-03-01 15:43:00,MBRX,0.6299999952316284,0.6299999952316284,0.6299999952316284,0.6299999952316284,0.6299999952316284,200.0
2024-03-01 15:43:00,MCRB,1.2200000286102295,1.2200000286102295,1.2300000190734863,1.2200000286102295,1.2200000286102295,1749.0
2024-03-01 15:43:00,MDGL,249.02000427246094,249.02000427246094,249.02000427246094,248.2899932861328,248.2899932861328,2748.0
2024-03-01 15:43:00,MDRX,6.0,6.0,6.039999961853027,5.989999771118164,6.0,365886.0
2024-03-01 15:43:00,MDXG,8.600000381469727,8.600000381469727,8.600000381469727,8.595000267028809,8.600000381469727,1846.0
2024-03-01 15:43:00,ME,0.5468000173568726,0.5468000173568726,0.5472999811172485,0.5468000173568726,0.5472000241279602,17384.0
2024-03-01 15:43:00,MEDP,402.3299865722656,402.3299865722656,402.4549865722656,402.2099914550781,402.2099914550781,1525.0
2024-03-01 15:43:00,MGNX,18.809999465942383,18.809999465942383,18.81999969482422,18.799999237060547,18.809999465942383,5584.0
2024-03-01 15:43:00,MIRM,29.13990020751953,29.13990020751953,29.149999618530273,29.100000381469727,29.100000381469727,5565.0
2024-03-01 15:43:00,MIST,1.690000057220459,1.690000057220459,1.690000057220459,1.684999942779541,1.684999942779541,3368.0
2024-03-01 15:43:00,MLTX,50.7400016784668,50.7400016784668,50.93000030517578,50.720001220703125,50.93000030517578,4260.0
2024-03-01 15:43:00,MMSI,76.16000366210938,76.16000366210938,76.16000366210938,76.16000366210938,76.16000366210938,350.0
2024-03-01 15:43:00,MNKD,4.53000020980835,4.53000020980835,4.53000020980835,4.514999866485596,4.514999866485596,25097.0
2024-03-01 15:43:00,MNMD,6.139999866485596,6.139999866485596,6.144999980926514,6.139999866485596,6.144999980926514,568.0
2024-03-01 15:43:00,MNPR,0.9300000071525574,0.9300000071525574,0.9399999976158142,0.9300000071525574,0.9399999976158142,2112.0
2024-03-01 15:43:00,MODD,1.9199999570846558,1.9199999570846558,1.9199999570846558,1.9199999570846558,1.9199999570846558,100.0
2024-03-01 15:43:00,MODV,28.049999237060547,28.049999237060547,28.110000610351562,28.049999237060547,28.099899291992188,3676.0
2024-03-01 15:43:00,MOR,17.65999984741211,17.65999984741211,17.670000076293945,17.65999984741211,17.670000076293945,2237.0
2024-03-01 15:43:00,MORF,39.54999923706055,39.54999923706055,39.599998474121094,39.54999923706055,39.599998474121094,909.0
2024-03-01 15:43:00,MRAI,1.6095000505447388,1.6095000505447388,1.6095000505447388,1.6095000505447388,1.6095000505447388,112.0
2024-03-01 15:43:00,MREO,3.918800115585327,3.918800115585327,3.918800115585327,3.9149999618530273,3.9149999618530273,1109.0
2024-03-01 15:43:00,MRNA,95.54000091552734,95.54000091552734,95.64320373535156,95.54000091552734,95.62000274658203,5160.0
2024-03-01 15:43:00,MRSN,5.934999942779541,5.934999942779541,5.949999809265137,5.934999942779541,5.945000171661377,15465.0
2024-03-01 15:43:00,MRUS,51.33000183105469,51.33000183105469,51.334999084472656,51.189998626708984,51.189998626708984,3629.0
2024-03-01 15:43:00,MRVI,7.619999885559082,7.619999885559082,7.630000114440918,7.619999885559082,7.625,2453.0
2024-03-01 15:43:00,MXCT,4.715000152587891,4.715000152587891,4.71999979019165,4.715000152587891,4.71999979019165,290.0
2024-03-01 15:43:00,NARI,45.334999084472656,45.334999084472656,45.41999816894531,45.29999923706055,45.40999984741211,16670.0
2024-03-01 15:43:00,NAUT,2.6800999641418457,2.6800999641418457,2.700000047683716,2.6800999641418457,2.684999942779541,3522.0
2024-03-01 15:43:00,NBIX,131.8300018310547,131.8300018310547,131.8300018310547,131.80999755859375,131.8300018310547,980.0
2024-03-01 15:43:00,NBSE,0.8935999870300293,0.8935999870300293,0.8935999870300293,0.8931000232696533,0.8935999870300293,1051.0
2024-03-01 15:43:00,NEO,15.890000343322754,15.890000343322754,15.899999618530273,15.890000343322754,15.890000343322754,1029.0
2024-03-01 15:43:00,NEOG,17.209999084472656,17.209999084472656,17.21500015258789,17.209999084472656,17.21500015258789,2763.0
2024-03-01 15:43:00,NEPH,3.0999999046325684,3.0999999046325684,3.0999999046325684,3.0999999046325684,3.0999999046325684,248.0
2024-03-01 15:43:00,NGM,1.5199999809265137,1.5199999809265137,1.524999976158142,1.5199999809265137,1.524999976158142,2995.0
2024-03-01 15:43:00,NKTX,12.729999542236328,12.729999542236328,12.739999771118164,12.729999542236328,12.739999771118164,1167.0
2024-03-01 15:43:00,NLSP,0.36000001430511475,0.36000001430511475,0.36000001430511475,0.3575499951839447,0.36000001430511475,2161.0
2024-03-01 15:43:00,NNOX,11.010000228881836,11.010000228881836,11.020000457763672,10.989999771118164,10.989999771118164,13442.0
2024-03-01 15:43:00,NOTV,8.050000190734863,8.050000190734863,8.050000190734863,8.020000457763672,8.020000457763672,1109.0
2024-03-01 15:43:00,NPCE,16.200000762939453,16.200000762939453,16.200000762939453,16.200000762939453,16.200000762939453,101.0
2024-03-01 15:43:00,NRBO,6.170000076293945,6.170000076293945,6.170000076293945,6.170000076293945,6.170000076293945,1424.0
2024-03-01 15:43:00,NRC,40.5,40.5,40.5,40.47999954223633,40.5,794.0
2024-03-01 15:43:00,NRIX,13.520000457763672,13.520000457763672,13.520000457763672,13.510000228881836,13.510000228881836,1736.0
2024-03-01 15:43:00,NRSN,2.0,2.0,2.0,2.0,2.0,691.0
2024-03-01 15:43:00,NRXP,0.4399999976158142,0.4399999976158142,0.44297200441360474,0.4399999976158142,0.44269999861717224,8893.0
2024-03-01 15:43:00,NTLA,32.84000015258789,32.84000015258789,32.900001525878906,32.84000015258789,32.8849983215332,5224.0
2024-03-01 15:43:00,NTRA,89.41000366210938,89.41000366210938,89.44000244140625,89.37000274658203,89.37000274658203,5531.0
2024-03-01 15:43:00,NUTX,0.1137000024318695,0.1137000024318695,0.11389999836683273,0.11339999735355377,0.1137000024318695,1721.0
2024-03-01 15:43:00,NUVL,87.12000274658203,87.12000274658203,87.12000274658203,87.0199966430664,87.07499694824219,651.0
2024-03-01 15:43:00,NVAX,5.369999885559082,5.369999885559082,5.380000114440918,5.364999771118164,5.370100021362305,33650.0
2024-03-01 15:43:00,NVCR,16.079999923706055,16.079999923706055,16.079999923706055,16.075000762939453,16.075000762939453,1416.0
2024-03-01 15:43:00,NVNO,6.420000076293945,6.420000076293945,6.425000190734863,6.400000095367432,6.425000190734863,630.0
2024-03-01 15:43:00,OCGN,0.9458000063896179,0.9458000063896179,0.9458000063896179,0.9458000063896179,0.9458000063896179,843.0
2024-03-01 15:43:00,OCUL,10.678999900817871,10.678999900817871,10.678999900817871,10.670000076293945,10.675000190734863,1269.0
2024-03-01 15:43:00,OCUP,2.505000114440918,2.505000114440918,2.505000114440918,2.505000114440918,2.505000114440918,121.0
2024-03-01 15:43:00,OFIX,12.960000038146973,12.960000038146973,12.960000038146973,12.954999923706055,12.954999923706055,878.0
2024-03-01 15:43:00,OGI,2.1649999618530273,2.1649999618530273,2.1700000762939453,2.1649999618530273,2.1700000762939453,8257.0
2024-03-01 15:43:00,OLK,23.0,23.0,23.0,22.9950008392334,23.0,985.0
2024-03-01 15:43:00,OLMA,14.880000114440918,14.880000114440918,14.880000114440918,14.789999961853027,14.795000076293945,15680.0
2024-03-01 15:43:00,OM,3.075000047683716,3.075000047683716,3.075000047683716,3.075000047683716,3.075000047683716,957.0
2024-03-01 15:43:00,OMCL,26.309999465942383,26.309999465942383,26.334999084472656,26.309999465942383,26.309999465942383,2899.0
2024-03-01 15:43:00,OMER,4.804999828338623,4.804999828338623,4.829999923706055,4.804999828338623,4.829999923706055,9120.0
2024-03-01 15:43:00,ONCY,1.1109000444412231,1.1109000444412231,1.1109000444412231,1.1109000444412231,1.1109000444412231,365.0
2024-03-01 15:44:00,AADI,1.9299999475479126,1.9299999475479126,1.9299999475479126,1.899999976158142,1.899999976158142,350.0
2024-03-01 15:44:00,ABCL,5.045000076293945,5.045000076293945,5.050000190734863,5.045000076293945,5.050000190734863,5422.0
2024-03-01 15:44:00,ABEO,7.75,7.75,7.760000228881836,7.75,7.760000228881836,257.0
2024-03-01 15:44:00,ABOS,4.639999866485596,4.639999866485596,4.659999847412109,4.635000228881836,4.6504998207092285,3694.0
2024-03-01 15:44:00,ABSI,5.5,5.5,5.505000114440918,5.494999885559082,5.5,24746.0
2024-03-01 15:44:00,ABUS,2.805000066757202,2.805000066757202,2.809999942779541,2.805000066757202,2.805000066757202,3394.0
2024-03-01 15:44:00,ACAD,24.065000534057617,24.065000534057617,24.079999923706055,24.059999465942383,24.079999923706055,7047.0
2024-03-01 15:44:00,ACB,3.1700000762939453,3.1700000762939453,3.1700000762939453,3.1700000762939453,3.1700000762939453,455.0
2024-03-01 15:44:00,ACCD,9.930000305175781,9.930000305175781,9.930000305175781,9.920000076293945,9.920000076293945,4135.0
2024-03-01 15:44:00,ACET,2.369999885559082,2.369999885559082,2.380000114440918,2.369999885559082,2.375,1218.0
2024-03-01 15:44:00,ACHC,84.0,84.0,84.0199966430664,84.0,84.01000213623047,1974.0
2024-03-01 15:44:00,ACHL,1.3650000095367432,1.3650000095367432,1.3650000095367432,1.3650000095367432,1.3650000095367432,1116.0
2024-03-01 15:44:00,ACHV,4.389999866485596,4.389999866485596,4.389999866485596,4.389999866485596,4.389999866485596,100.0
2024-03-01 15:44:00,ACIU,3.8399999141693115,3.8399999141693115,3.8399999141693115,3.8399999141693115,3.8399999141693115,251.0
2024-03-01 15:44:00,ACLX,67.0250015258789,67.0250015258789,67.06500244140625,67.0199966430664,67.06500244140625,867.0
2024-03-01 15:44:00,ACON,0.39915600419044495,0.39915600419044495,0.3997989892959595,0.39915600419044495,0.3997989892959595,769.0
2024-03-01 15:44:00,ACRS,1.225000023841858,1.225000023841858,1.2300000190734863,1.225000023841858,1.2300000190734863,849.0
2024-03-01 15:44:00,ADAP,1.5800000429153442,1.5800000429153442,1.5800000429153442,1.5800000429153442,1.5800000429153442,280.0
2024-03-01 15:44:00,ADIL,2.984299898147583,2.984299898147583,2.990000009536743,2.960200071334839,2.960200071334839,6995.0
2024-03-01 15:44:00,ADMA,5.53000020980835,5.53000020980835,5.537499904632568,5.53000020980835,5.534999847412109,7461.0
2024-03-01 15:44:00,ADPT,4.025000095367432,4.025000095367432,4.025000095367432,4.019999980926514,4.019999980926514,1319.0
2024-03-01 15:44:00,ADVM,1.9600000381469727,1.9600000381469727,1.9600000381469727,1.9600000381469727,1.9600000381469727,214.0
2024-03-01 15:44:00,AGEN,0.6700500249862671,0.6700500249862671,0.6700999736785889,0.6700000166893005,0.6700500249862671,44152.0
2024-03-01 15:44:00,AGIO,32.22999954223633,32.22999954223633,32.25,32.224998474121094,32.25,2750.0
2024-03-01 15:44:00,AHCO,10.479999542236328,10.479999542236328,10.479999542236328,10.479999542236328,10.479999542236328,472.0
2024-03-01 15:44:00,AIMD,1.0299999713897705,1.0299999713897705,1.0700000524520874,1.0299999713897705,1.0599000453948975,12997.0
2024-03-01 15:44:00,AIRS,6.380000114440918,6.380000114440918,6.380000114440918,6.375,6.375,220.0
2024-03-01 15:44:00,AKAN,0.2199999988079071,0.2199999988079071,0.22499999403953552,0.2199999988079071,0.22499999403953552,4324.0
2024-03-01 15:44:00,AKBA,1.6799999475479126,1.6799999475479126,1.690000057220459,1.6799999475479126,1.6799999475479126,2294.0
2024-03-01 15:44:00,AKLI,0.3391999900341034,0.3391999900341034,0.3407999873161316,0.3391999900341034,0.3407999873161316,15655.0
2024-03-01 15:44:00,AKRO,28.3700008392334,28.3700008392334,28.389999389648438,28.350000381469727,28.389999389648438,5526.0
2024-03-01 15:44:00,AKTX,2.2578001022338867,2.2578001022338867,2.2578001022338867,2.2578001022338867,2.2578001022338867,1000.0
2024-03-01 15:44:00,AKYA,6.019999980926514,6.019999980926514,6.019999980926514,6.019999980926514,6.019999980926514,761.0
2024-03-01 15:44:00,ALDX,4.260000228881836,4.260000228881836,4.269999980926514,4.259500026702881,4.269999980926514,9877.0
2024-03-01 15:44:00,ALEC,7.337500095367432,7.337500095367432,7.340000152587891,7.335000038146973,7.335000038146973,1226.0
2024-03-01 15:44:00,ALGN,300.93499755859375,300.93499755859375,300.93499755859375,300.760009765625,300.760009765625,1011.0
2024-03-01 15:44:00,ALHC,5.590000152587891,5.590000152587891,5.599999904632568,5.590000152587891,5.599999904632568,1238.0
2024-03-01 15:44:00,ALIM,3.7300000190734863,3.7300000190734863,3.7300000190734863,3.7300000190734863,3.7300000190734863,505.0
2024-03-01 15:44:00,ALKS,30.1299991607666,30.1299991607666,30.135000228881836,30.125,30.125,8558.0
2024-03-01 15:44:00,ALLK,1.6449999809265137,1.6449999809265137,1.649999976158142,1.6399999856948853,1.6399999856948853,3590.0
2024-03-01 15:44:00,ALLO,4.900000095367432,4.900000095367432,4.90500020980835,4.900000095367432,4.9004998207092285,2004.0
2024-03-01 15:44:00,ALNY,152.88499450683594,152.88499450683594,152.88499450683594,152.88499450683594,152.88499450683594,364.0
2024-03-01 15:44:00,ALPN,35.81999969482422,35.81999969482422,35.84000015258789,35.810001373291016,35.84000015258789,2499.0
2024-03-01 15:44:00,ALT,12.15999984741211,12.15999984741211,12.177399635314941,12.145000457763672,12.175000190734863,11790.0
2024-03-01 15:44:00,ALVO,15.720000267028809,15.720000267028809,15.720000267028809,15.710000038146973,15.710000038146973,11854.0
2024-03-01 15:44:00,ALXO,14.859999656677246,14.859999656677246,14.869999885559082,14.845000267028809,14.850000381469727,1927.0
2024-03-01 15:44:00,AMGN,280.3699951171875,280.3699951171875,280.55999755859375,280.3599853515625,280.50030517578125,9017.0
2024-03-01 15:44:00,AMLX,18.649999618530273,18.649999618530273,18.655000686645508,18.6299991607666,18.649999618530273,7422.0
2024-03-01 15:44:00,AMPH,45.869998931884766,45.869998931884766,45.869998931884766,45.8307991027832,45.83599853515625,1687.0
2024-03-01 15:44:00,AMRN,1.0499999523162842,1.0499999523162842,1.0549999475479126,1.0499999523162842,1.0549999475479126,2388.0
2024-03-01 15:44:00,ANAB,25.399999618530273,25.399999618530273,25.399999618530273,25.395000457763672,25.399999618530273,1909.0
2024-03-01 15:44:00,ANGO,5.460000038146973,5.460000038146973,5.460000038146973,5.454999923706055,5.460000038146973,714.0
2024-03-01 15:44:00,ANIX,3.5,3.5,3.5,3.5,3.5,201.0
2024-03-01 15:44:00,ANNX,6.019999980926514,6.019999980926514,6.025000095367432,6.010000228881836,6.025000095367432,4677.0
2024-03-01 15:44:00,APLS,63.994998931884766,63.994998931884766,64.01000213623047,63.93000030517578,64.0,7207.0
2024-03-01 15:44:00,APLT,7.034999847412109,7.034999847412109,7.034999847412109,7.03000020980835,7.03000020980835,1772.0
2024-03-01 15:44:00,APVO,0.15760000050067902,0.15760000050067902,0.15800000727176666,0.1574999988079071,0.15800000727176666,6262.0
2024-03-01 15:44:00,AQST,4.179999828338623,4.179999828338623,4.190000057220459,4.179999828338623,4.190000057220459,9118.0
2024-03-01 15:44:00,ARAY,2.615000009536743,2.615000009536743,2.615000009536743,2.615000009536743,2.615000009536743,100.0
2024-03-01 15:44:00,ARCT,39.474998474121094,39.474998474121094,39.474998474121094,39.470001220703125,39.470001220703125,886.0
2024-03-01 15:44:00,ARDX,9.329999923706055,9.329999923706055,9.380000114440918,9.329999923706055,9.375,42580.0
2024-03-01 15:44:00,ARQT,11.444999694824219,11.444999694824219,11.449999809265137,11.4399995803833,11.444999694824219,8950.0
2024-03-01 15:44:00,ARVN,47.046600341796875,47.046600341796875,47.189998626708984,47.0,47.18000030517578,9968.0
2024-03-01 15:44:00,ARWR,35.790000915527344,35.790000915527344,35.81999969482422,35.779998779296875,35.79999923706055,4238.0
2024-03-01 15:44:00,ASLN,0.7206000089645386,0.7206000089645386,0.7206000089645386,0.7206000089645386,0.7206000089645386,105.0
2024-03-01 15:44:00,ASMB,13.260000228881836,13.260000228881836,13.260000228881836,13.260000228881836,13.260000228881836,214.0
2024-03-01 15:44:00,ASND,152.92999267578125,152.92999267578125,153.34750366210938,152.92999267578125,153.31500244140625,4048.0
2024-03-01 15:44:00,ASRT,0.8722000122070312,0.8722000122070312,0.8916500210762024,0.8691999912261963,0.8899999856948853,28007.0
2024-03-01 15:44:00,ATAI,2.1201999187469482,2.1201999187469482,2.1201999187469482,2.119999885559082,2.119999885559082,600.0
2024-03-01 15:44:00,ATEC,13.454999923706055,13.454999923706055,13.460000038146973,13.444999694824219,13.449999809265137,6127.0
2024-03-01 15:44:00,ATOS,1.0049999952316284,1.0049999952316284,1.0049999952316284,1.0049999952316284,1.0049999952316284,500.0
2024-03-01 15:44:00,ATRA,0.7731000185012817,0.7731000185012817,0.7731000185012817,0.7700999975204468,0.7700999975204468,440.0
2024-03-01 15:44:00,ATRC,36.1349983215332,36.1349983215332,36.150001525878906,36.130001068115234,36.13999938964844,3134.0
2024-03-01 15:44:00,ATXI,0.15940000116825104,0.15940000116825104,0.15940000116825104,0.15729999542236328,0.15880000591278076,46984.0
2024-03-01 15:44:00,ATXS,14.890000343322754,14.890000343322754,14.90999984741211,14.890000343322754,14.90999984741211,7053.0
2024-03-01 15:44:00,AUGX,4.559999942779541,4.559999942779541,4.559999942779541,4.559999942779541,4.559999942779541,324.0
2024-03-01 15:44:00,AUPH,5.739999771118164,5.739999771118164,5.744999885559082,5.739999771118164,5.739999771118164,8813.0
2024-03-01 15:44:00,AURA,9.229999542236328,9.229999542236328,9.229999542236328,9.229999542236328,9.229999542236328,540.0
2024-03-01 15:44:00,AUTL,6.25,6.25,6.269999980926514,6.25,6.269999980926514,4633.0
2024-03-01 15:44:00,AVDL,13.6899995803833,13.6899995803833,13.739999771118164,13.6899995803833,13.739999771118164,92458.0
2024-03-01 15:44:00,AVGR,3.856800079345703,3.856800079345703,3.856800079345703,3.856800079345703,3.856800079345703,146.0
2024-03-01 15:44:00,AVXL,5.239999771118164,5.239999771118164,5.239999771118164,5.239999771118164,5.239999771118164,2042.0
2024-03-01 15:44:00,AWH,4.03000020980835,4.03000020980835,4.03000020980835,4.03000020980835,4.03000020980835,203.0
2024-03-01 15:44:00,AXGN,10.729999542236328,10.729999542236328,10.729999542236328,10.729999542236328,10.729999542236328,1100.0
2024-03-01 15:44:00,AXNX,67.69999694824219,67.69999694824219,67.69999694824219,67.69999694824219,67.69999694824219,189.0
2024-03-01 15:44:00,AXSM,82.51000213623047,82.51000213623047,82.51000213623047,82.45999908447266,82.45999908447266,1970.0
2024-03-01 15:44:00,AYTU,2.9200000762939453,2.9200000762939453,2.9200000762939453,2.9200000762939453,2.9200000762939453,217.0
2024-03-01 15:44:00,AZN,64.59500122070312,64.59500122070312,64.59500122070312,64.57499694824219,64.57499694824219,26275.0
2024-03-01 15:44:00,BACK,1.4286999702453613,1.4286999702453613,1.440000057220459,1.4249999523162842,1.4249999523162842,1003.0
2024-03-01 15:44:00,BBIO,35.63999938964844,35.63999938964844,35.68000030517578,35.63999938964844,35.67499923706055,3096.0
2024-03-01 15:44:00,BBLG,2.400099992752075,2.400099992752075,2.4700000286102295,2.400099992752075,2.4700000286102295,591.0
2024-03-01 15:44:00,BCAB,2.8350000381469727,2.8350000381469727,2.8350000381469727,2.8299999237060547,2.8350000381469727,658.0
2024-03-01 15:44:00,BCDA,0.5709999799728394,0.5709999799728394,0.5709999799728394,0.5709999799728394,0.5709999799728394,600.0
2024-03-01 15:44:00,BCEL,0.26809999346733093,0.26809999346733093,0.2694999873638153,0.26809999346733093,0.2687999904155731,700.0
2024-03-01 15:44:00,BCRX,5.627500057220459,5.627500057220459,5.630000114440918,5.619999885559082,5.630000114440918,9874.0
2024-03-01 15:44:00,BCYC,25.68000030517578,25.68000030517578,25.68000030517578,25.670000076293945,25.670000076293945,463.0
2024-03-01 15:44:00,BDTX,4.769999980926514,4.769999980926514,4.769999980926514,4.764999866485596,4.764999866485596,1303.0
2024-03-01 15:44:00,BEAM,39.595001220703125,39.595001220703125,39.689998626708984,39.59000015258789,39.689998626708984,5744.0
2024-03-01 15:44:00,BEAT,1.559999942779541,1.559999942779541,1.559999942779541,1.559999942779541,1.559999942779541,308.0
2024-03-01 15:44:00,BGNE,165.64999389648438,165.64999389648438,166.0,165.60000610351562,166.0,2267.0
2024-03-01 15:44:00,BGXX,0.2580519914627075,0.2580519914627075,0.2580519914627075,0.2572000026702881,0.2572999894618988,8358.0
2024-03-01 15:44:00,BIAF,2.2049999237060547,2.2049999237060547,2.2049999237060547,2.2049999237060547,2.2049999237060547,100.0
2024-03-01 15:44:00,BIIB,220.83999633789062,220.83999633789062,220.89999389648438,220.75,220.75,7825.0
2024-03-01 15:44:00,BIOL,0.14650000631809235,0.14650000631809235,0.14650000631809235,0.14550000429153442,0.14650000631809235,13100.0
2024-03-01 15:44:00,BIOR,1.0980000495910645,1.0980000495910645,1.100000023841858,1.0980000495910645,1.100000023841858,700.0
2024-03-01 15:44:00,BIVI,1.975000023841858,1.975000023841858,1.9800000190734863,1.965000033378601,1.965000033378601,21674.0
2024-03-01 15:44:00,BLFS,17.899999618530273,17.899999618530273,17.899999618530273,17.799999237060547,17.834999084472656,10564.0
2024-03-01 15:44:00,BLTE,46.45000076293945,46.45000076293945,46.45000076293945,46.45000076293945,46.45000076293945,236.0
2024-03-01 15:44:00,BLUE,1.5700000524520874,1.5700000524520874,1.5750000476837158,1.5700000524520874,1.5750000476837158,36740.0
2024-03-01 15:44:00,BMEA,17.81999969482422,17.81999969482422,17.84000015258789,17.81999969482422,17.84000015258789,1602.0
2024-03-01 15:44:00,BMRA,1.2000000476837158,1.2000000476837158,1.2000000476837158,1.2000000476837158,1.2000000476837158,101.0
2024-03-01 15:44:00,BMRN,87.58000183105469,87.58000183105469,87.58999633789062,87.56999969482422,87.58999633789062,5239.0
2024-03-01 15:44:00,BNGO,1.2549999952316284,1.2549999952316284,1.2549999952316284,1.2549999952316284,1.2549999952316284,330.0
2024-03-01 15:44:00,BNR,0.8100000023841858,0.8100000023841858,0.8101000189781189,0.8100000023841858,0.8101000189781189,200.0
2024-03-01 15:44:00,BNTX,90.62999725341797,90.62999725341797,90.65499877929688,90.58000183105469,90.6500015258789,2150.0
2024-03-01 15:44:00,BPMC,95.40499877929688,95.40499877929688,95.41000366210938,95.31999969482422,95.37999725341797,987.0
2024-03-01 15:44:00,BRKR,88.24099731445312,88.24099731445312,88.26000213623047,88.19499969482422,88.19499969482422,2075.0
2024-03-01 15:44:00,BRTX,1.4950000047683716,1.4950000047683716,1.5080000162124634,1.4950000047683716,1.4950000047683716,1160.0
2024-03-01 15:44:00,BTAI,3.2049999237060547,3.2049999237060547,3.2149999141693115,3.194999933242798,3.2149999141693115,6222.0
2024-03-01 15:44:00,BVS,4.789999961853027,4.789999961853027,4.789999961853027,4.789999961853027,4.789999961853027,102.0
2024-03-01 15:44:00,BWAY,6.610000133514404,6.610000133514404,6.610000133514404,6.599999904632568,6.599999904632568,285.0
2024-03-01 15:44:00,CABA,23.989999771118164,23.989999771118164,24.0,23.989999771118164,24.0,393.0
2024-03-01 15:44:00,CALT,21.3799991607666,21.3799991607666,21.3799991607666,21.3799991607666,21.3799991607666,200.0
2024-03-01 15:44:00,CAPR,4.5,4.5,4.514500141143799,4.5,4.514500141143799,5400.0
2024-03-01 15:44:00,CARA,0.9266999959945679,0.9266999959945679,0.9277909994125366,0.9259999990463257,0.9277909994125366,3109.0
2024-03-01 15:44:00,CBAY,32.22999954223633,32.22999954223633,32.22999954223633,32.220001220703125,32.220001220703125,8765.0
2024-03-01 15:44:00,CCCC,10.994999885559082,10.994999885559082,11.0,10.970000267028809,10.979999542236328,6769.0
2024-03-01 15:44:00,CCRN,18.2549991607666,18.2549991607666,18.260000228881836,18.2549991607666,18.260000228881836,977.0
2024-03-01 15:44:00,CDMO,8.220000267028809,8.220000267028809,8.220000267028809,8.220000267028809,8.220000267028809,201.0
2024-03-01 15:44:00,CDNA,12.109999656677246,12.109999656677246,12.130000114440918,12.109999656677246,12.125,9131.0
2024-03-01 15:44:00,CDTX,0.7195000052452087,0.7195000052452087,0.7195000052452087,0.7195000052452087,0.7195000052452087,399.0
2024-03-01 15:44:00,CDXS,4.539999961853027,4.539999961853027,4.605000019073486,4.534999847412109,4.605000019073486,8148.0
2024-03-01 15:44:00,CELC,17.350000381469727,17.350000381469727,17.3700008392334,17.350000381469727,17.3700008392334,280.0
2024-03-01 15:44:00,CERE,41.099998474121094,41.099998474121094,41.11000061035156,41.099998474121094,41.099998474121094,8455.0
2024-03-01 15:44:00,CERS,2.1700000762939453,2.1700000762939453,2.1700000762939453,2.1700000762939453,2.1700000762939453,1859.0
2024-03-01 15:44:00,CERT,18.219999313354492,18.219999313354492,18.219999313354492,18.200000762939453,18.200000762939453,2503.0
2024-03-01 15:44:00,CGC,3.2014999389648438,3.2014999389648438,3.2049999237060547,3.2014999389648438,3.2049999237060547,1197.0
2024-03-01 15:44:00,CGEM,18.530000686645508,18.530000686645508,18.530000686645508,18.5,18.5,1299.0
2024-03-01 15:44:00,CGTX,1.9900000095367432,1.9900000095367432,2.0,1.9900000095367432,2.0,4910.0
2024-03-01 15:44:00,CHRS,2.380000114440918,2.380000114440918,2.380000114440918,2.380000114440918,2.380000114440918,4679.0
2024-03-01 15:44:00,CING,1.340000033378601,1.340000033378601,1.340000033378601,1.3394999504089355,1.3394999504089355,405.0
2024-03-01 15:44:00,CKPT,2.200000047683716,2.200000047683716,2.2032999992370605,2.200000047683716,2.2032999992370605,2577.0
2024-03-01 15:44:00,CLDX,51.47999954223633,51.47999954223633,51.5099983215332,51.47999954223633,51.47999954223633,2709.0
2024-03-01 15:44:00,CLOV,0.8652999997138977,0.8652999997138977,0.8654999732971191,0.8652999997138977,0.8654999732971191,7759.0
2024-03-01 15:44:00,CLPT,6.625,6.625,6.625,6.625,6.625,898.0
2024-03-01 15:44:00,CMPS,11.470000267028809,11.470000267028809,11.479999542236328,11.460000038146973,11.479999542236328,884.0
2024-03-01 15:44:00,CMPX,1.8899999856948853,1.8899999856948853,1.8899999856948853,1.8899999856948853,1.8899999856948853,140.0
2024-03-01 15:44:00,CMRX,1.2000000476837158,1.2000000476837158,1.2000000476837158,1.2000000476837158,1.2000000476837158,140.0
2024-03-01 15:44:00,CNSP,0.3199999928474426,0.3199999928474426,0.3199999928474426,0.3199999928474426,0.3199999928474426,2000.0
2024-03-01 15:44:00,CNTA,10.720000267028809,10.720000267028809,10.739999771118164,10.710000038146973,10.720000267028809,1177.0
2024-03-01 15:44:00,COGT,7.210000038146973,7.210000038146973,7.215000152587891,7.210000038146973,7.215000152587891,553.0
2024-03-01 15:44:00,COLL,36.939998626708984,36.939998626708984,36.939998626708984,36.91999816894531,36.91999816894531,942.0
2024-03-01 15:44:00,CORT,24.229999542236328,24.229999542236328,24.25,24.219999313354492,24.235000610351562,10544.0
2024-03-01 15:44:00,COSM,0.7850000262260437,0.7850000262260437,0.7850000262260437,0.7749999761581421,0.7750999927520752,1905.0
2024-03-01 15:44:00,CPRX,17.104999542236328,17.104999542236328,17.125,17.100000381469727,17.1200008392334,9275.0
2024-03-01 15:44:00,CPSI,9.244999885559082,9.244999885559082,9.25,9.239999771118164,9.25,2095.0
2024-03-01 15:44:00,CRBP,34.48500061035156,34.48500061035156,34.48500061035156,34.47999954223633,34.47999954223633,298.0
2024-03-01 15:44:00,CRBU,7.75,7.75,7.769999980926514,7.75,7.769999980926514,4813.0
2024-03-01 15:44:00,CRDF,2.880000114440918,2.880000114440918,3.049999952316284,2.859999895095825,3.0199999809265137,583830.0
2024-03-01 15:44:00,CRDL,1.9199999570846558,1.9199999570846558,1.9299999475479126,1.9199999570846558,1.9299999475479126,1032.0
2024-03-01 15:44:00,CRNX,45.70000076293945,45.70000076293945,45.75,45.70000076293945,45.72999954223633,2526.0
2024-03-01 15:44:00,CRON,2.0100998878479004,2.0100998878479004,2.0100998878479004,2.0100998878479004,2.0100998878479004,487.0
2024-03-01 15:44:00,CRSP,83.86000061035156,83.86000061035156,83.93000030517578,83.81999969482422,83.91999816894531,5610.0
2024-03-01 15:44:00,CSTL,20.0,20.0,20.0,20.0,20.0,285.0
2024-03-01 15:44:00,CTKB,9.045000076293945,9.045000076293945,9.050000190734863,9.045000076293945,9.050000190734863,3787.0
2024-03-01 15:44:00,CTMX,2.5950000286102295,2.5950000286102295,2.5999999046325684,2.5850000381469727,2.5950000286102295,19807.0
2024-03-01 15:44:00,CTXR,0.7723000049591064,0.7723000049591064,0.774399995803833,0.7723000049591064,0.7731999754905701,736.0
2024-03-01 15:44:00,CUTR,2.4000000953674316,2.4000000953674316,2.4000000953674316,2.4000000953674316,2.4000000953674316,200.0
2024-03-01 15:44:00,CVAC,3.4549999237060547,3.4549999237060547,3.4549999237060547,3.4549999237060547,3.4549999237060547,970.0
2024-03-01 15:44:00,CVRX,20.790000915527344,20.790000915527344,20.790000915527344,20.710100173950195,20.710100173950195,2672.0
2024-03-01 15:44:00,CYTK,73.78500366210938,73.78500366210938,73.79000091552734,73.75,73.75,2015.0
2024-03-01 15:44:00,CYTO,2.440000057220459,2.440000057220459,2.45989990234375,2.4200000762939453,2.430000066757202,8597.0
2024-03-01 15:44:00,DAWN,17.469999313354492,17.469999313354492,17.479999542236328,17.459999084472656,17.479999542236328,1700.0
2024-03-01 15:44:00,DCGO,4.059999942779541,4.059999942779541,4.065000057220459,4.059999942779541,4.059999942779541,7120.0
2024-03-01 15:44:00,DCPH,17.434999465942383,17.434999465942383,17.459999084472656,17.43000030517578,17.459999084472656,3633.0
2024-03-01 15:44:00,DH,8.880000114440918,8.880000114440918,8.880000114440918,8.850000381469727,8.850000381469727,5812.0
2024-03-01 15:44:00,DMTK,0.8349999785423279,0.8349999785423279,0.8399999737739563,0.8349990248680115,0.8399999737739563,453.0
2024-03-01 15:44:00,DNLI,20.670000076293945,20.670000076293945,20.709999084472656,20.670000076293945,20.709999084472656,2188.0
2024-03-01 15:44:00,DTIL,12.520899772644043,12.520899772644043,12.604999542236328,12.520000457763672,12.520000457763672,3125.0
2024-03-01 15:44:00,DVAX,12.760000228881836,12.760000228881836,12.774999618530273,12.755000114440918,12.760000228881836,16463.0
2024-03-01 15:44:00,DXCM,121.19999694824219,121.19999694824219,121.22000122070312,121.0999984741211,121.0999984741211,7591.0
2024-03-01 15:44:00,DYN,29.0,29.0,29.100000381469727,28.9950008392334,29.100000381469727,57375.0
2024-03-01 15:44:00,EDAP,6.900000095367432,6.900000095367432,6.900000095367432,6.900000095367432,6.900000095367432,145.0
2024-03-01 15:44:00,EDIT,10.505000114440918,10.505000114440918,10.515000343322754,10.505000114440918,10.515000343322754,5636.0
2024-03-01 15:44:00,EFTR,16.16010093688965,16.16010093688965,16.25,16.16010093688965,16.20870018005371,1264.0
2024-03-01 15:44:00,EGRX,6.480000019073486,6.480000019073486,6.480000019073486,6.46999979019165,6.46999979019165,1947.0
2024-03-01 15:44:00,ELDN,1.809999942779541,1.809999942779541,1.809999942779541,1.809999942779541,1.809999942779541,404.0
2024-03-01 15:44:00,ELEV,5.105000019073486,5.105000019073486,5.113399982452393,5.09499979019165,5.099999904632568,3021.0
2024-03-01 15:44:00,EMBC,14.239999771118164,14.239999771118164,14.239999771118164,14.239999771118164,14.239999771118164,380.0
2024-03-01 15:44:00,ENSC,0.9221000075340271,0.9221000075340271,0.9221000075340271,0.9221000075340271,0.9221000075340271,163.0
2024-03-01 15:44:00,ENTA,15.569999694824219,15.569999694824219,15.569999694824219,15.539999961853027,15.5600004196167,1276.0
2024-03-01 15:44:00,ENVB,1.5400999784469604,1.5400999784469604,1.559999942779541,1.5299999713897705,1.5499999523162842,5428.0
2024-03-01 15:44:00,EOLS,14.90999984741211,14.90999984741211,14.90999984741211,14.904999732971191,14.90999984741211,998.0
2024-03-01 15:44:00,EQ,2.484999895095825,2.484999895095825,2.484999895095825,2.4700000286102295,2.4700000286102295,717.0
2024-03-01 15:44:00,ERAS,2.630000114440918,2.630000114440918,2.630000114440918,2.625,2.625,1552.0
2024-03-01 15:44:00,ESPR,2.5450000762939453,2.5450000762939453,2.549999952316284,2.5450000762939453,2.5450000762939453,3849.0
2024-03-01 15:44:00,ESTA,43.86000061035156,43.86000061035156,43.959999084472656,43.849998474121094,43.849998474121094,1358.0
2024-03-01 15:44:00,ETNB,12.664999961853027,12.664999961853027,12.675000190734863,12.664999961853027,12.670000076293945,3026.0
2024-03-01 15:44:00,ETON,4.505000114440918,4.505000114440918,4.505000114440918,4.505000114440918,4.505000114440918,567.0
2024-03-01 15:44:00,EVAX,3.4200000762939453,3.4200000762939453,3.4200000762939453,3.4200000762939453,3.4200000762939453,382.0
2024-03-01 15:44:00,EVGN,0.9750000238418579,0.9750000238418579,0.9750000238418579,0.9750000238418579,0.9750000238418579,200.0
2024-03-01 15:44:00,EWTX,16.604999542236328,16.604999542236328,16.610000610351562,16.604999542236328,16.610000610351562,695.0
2024-03-01 15:44:00,EXAS,59.165000915527344,59.165000915527344,59.22999954223633,59.165000915527344,59.220001220703125,6592.0
2024-03-01 15:44:00,EXEL,22.21500015258789,22.21500015258789,22.219999313354492,22.209999084472656,22.21500015258789,4757.0
2024-03-01 15:44:00,EYEN,2.390000104904175,2.390000104904175,2.390000104904175,2.3798999786376953,2.3798999786376953,11447.0
2024-03-01 15:44:00,EYPT,27.860000610351562,27.860000610351562,28.020000457763672,27.829999923706055,28.002500534057617,4629.0
2024-03-01 15:44:00,FATE,7.71999979019165,7.71999979019165,7.724999904632568,7.71999979019165,7.724999904632568,637.0
2024-03-01 15:44:00,FDMT,28.969999313354492,28.969999313354492,28.969999313354492,28.940000534057617,28.969999313354492,2057.0
2024-03-01 15:44:00,FEMY,1.840000033378601,1.840000033378601,1.840000033378601,1.8300000429153442,1.8395999670028687,2107.0
2024-03-01 15:44:00,FENC,9.805000305175781,9.805000305175781,9.805000305175781,9.805000305175781,9.805000305175781,127.0
2024-03-01 15:44:00,FGEN,1.8250000476837158,1.8250000476837158,1.825600028038025,1.820099949836731,1.825600028038025,1460.0
2024-03-01 15:44:00,FHTX,7.8053998947143555,7.8053998947143555,7.8053998947143555,7.8053998947143555,7.8053998947143555,865.0
2024-03-01 15:44:00,FIXX,0.8849999904632568,0.8849999904632568,0.8849999904632568,0.8849999904632568,0.8849999904632568,193.0
2024-03-01 15:44:00,FLGT,23.110000610351562,23.110000610351562,23.110000610351562,23.100000381469727,23.100000381469727,462.0
2024-03-01 15:44:00,FOLD,13.305000305175781,13.305000305175781,13.3149995803833,13.300000190734863,13.3149995803833,13067.0
2024-03-01 15:44:00,FULC,11.0,11.0,11.0,10.989999771118164,10.989999771118164,469.0
2024-03-01 15:44:00,FUSN,12.079999923706055,12.079999923706055,12.079999923706055,12.069999694824219,12.079999923706055,808.0
2024-03-01 15:44:00,FWBI,8.989999771118164,8.989999771118164,8.989999771118164,8.90999984741211,8.90999984741211,532.0
2024-03-01 15:44:00,GALT,1.934999942779541,1.934999942779541,1.940000057220459,1.934999942779541,1.940000057220459,1277.0
2024-03-01 15:44:00,GDRX,8.324999809265137,8.324999809265137,8.335000038146973,8.324999809265137,8.335000038146973,4454.0
2024-03-01 15:44:00,GERN,2.244999885559082,2.244999885559082,2.25,2.240000009536743,2.25,9513.0
2024-03-01 15:44:00,GH,18.959999084472656,18.959999084472656,18.959999084472656,18.950000762939453,18.954999923706055,2933.0
2024-03-01 15:44:00,GILD,72.28500366210938,72.28500366210938,72.30999755859375,72.28500366210938,72.30000305175781,8760.0
2024-03-01 15:44:00,GLPG,35.05500030517578,35.05500030517578,35.05500030517578,35.040000915527344,35.04999923706055,402.0
2024-03-01 15:44:00,GLSI,12.770000457763672,12.770000457763672,12.770000457763672,12.770000457763672,12.770000457763672,115.0
2024-03-01 15:44:00,GLTO,0.800000011920929,0.800000011920929,0.800000011920929,0.7998999953269958,0.800000011920929,7499.0
2024-03-01 15:44:00,GMAB,29.28499984741211,29.28499984741211,29.295000076293945,29.28499984741211,29.28499984741211,2495.0
2024-03-01 15:44:00,GOSS,1.399999976158142,1.399999976158142,1.399999976158142,1.3899999856948853,1.3949999809265137,1384.0
2024-03-01 15:44:00,GOVX,2.4834001064300537,2.4834001064300537,2.4834001064300537,2.4834001064300537,2.4834001064300537,4132.0
2024-03-01 15:44:00,GRFS,7.005000114440918,7.005000114440918,7.005000114440918,7.005000114440918,7.005000114440918,6415.0
2024-03-01 15:44:00,GRTS,2.0,2.0,2.0250000953674316,2.0,2.0250000953674316,54262.0
2024-03-01 15:44:00,GRTX,0.23280000686645508,0.23280000686645508,0.23280000686645508,0.22750000655651093,0.23000000417232513,7889.0
2024-03-01 15:44:00,GTBP,4.400000095367432,4.400000095367432,4.400000095367432,4.400000095367432,4.400000095367432,1089.0
2024-03-01 15:44:00,GTHX,3.700000047683716,3.700000047683716,3.700000047683716,3.700000047683716,3.700000047683716,2421.0
2024-03-01 15:44:00,HALO,41.029998779296875,41.029998779296875,41.029998779296875,41.02199935913086,41.02199935913086,1386.0
2024-03-01 15:44:00,HARP,22.950000762939453,22.950000762939453,22.950000762939453,22.940000534057617,22.940000534057617,321.0
2024-03-01 15:44:00,HCAT,8.074999809265137,8.074999809265137,8.079999923706055,8.0649995803833,8.0649995803833,2649.0
2024-03-01 15:44:00,HCSG,12.8100004196167,12.8100004196167,12.8100004196167,12.805000305175781,12.8100004196167,1202.0
2024-03-01 15:44:00,HCTI,1.9800000190734863,1.9800000190734863,1.9800000190734863,1.9800000190734863,1.9800000190734863,1302.0
2024-03-01 15:44:00,HEPA,3.0799999237060547,3.0799999237060547,3.0799999237060547,3.0799999237060547,3.0799999237060547,100.0
2024-03-01 15:44:00,HLVX,19.020000457763672,19.020000457763672,19.020000457763672,19.020000457763672,19.020000457763672,456.0
2024-03-01 15:44:00,HOLX,73.875,73.875,73.8949966430664,73.875,73.8949966430664,2265.0
2024-03-01 15:44:00,HOOK,0.7649999856948853,0.7649999856948853,0.7670999765396118,0.7649999856948853,0.7670999765396118,450.0
2024-03-01 15:44:00,HQY,81.2249984741211,81.2249984741211,81.23999786376953,81.19400024414062,81.19400024414062,1579.0
2024-03-01 15:44:00,HRMY,31.780000686645508,31.780000686645508,31.790000915527344,31.770000457763672,31.770000457763672,1354.0
2024-03-01 15:44:00,HROW,10.880000114440918,10.880000114440918,10.890000343322754,10.880000114440918,10.880000114440918,3060.0
2024-03-01 15:44:00,HRTX,2.5999999046325684,2.5999999046325684,2.5999999046325684,2.5899999141693115,2.5950000286102295,848.0
2024-03-01 15:44:00,HSCS,0.12243799865245819,0.12243799865245819,0.12243799865245819,0.12243799865245819,0.12243799865245819,777.0
2024-03-01 15:44:00,HSIC,76.8499984741211,76.8499984741211,76.87000274658203,76.84500122070312,76.87000274658203,2927.0
2024-03-01 15:44:00,HSTM,27.139999389648438,27.139999389648438,27.139999389648438,27.1299991607666,27.135000228881836,674.0
2024-03-01 15:44:00,HUMA,3.2899999618530273,3.2899999618530273,3.2950000762939453,3.2899999618530273,3.2899999618530273,4239.0
2024-03-01 15:44:00,HYPR,1.1201000213623047,1.1201000213623047,1.1201000213623047,1.1200000047683716,1.1200000047683716,227.0
2024-03-01 15:44:00,IART,36.08000183105469,36.08000183105469,36.08000183105469,36.07500076293945,36.07500076293945,746.0
2024-03-01 15:44:00,IBRX,4.739999771118164,4.739999771118164,4.744999885559082,4.730000019073486,4.735000133514404,35366.0
2024-03-01 15:44:00,ICCM,1.2699999809265137,1.2699999809265137,1.284999966621399,1.2699999809265137,1.2799999713897705,2755.0
2024-03-01 15:44:00,ICLR,324.5299987792969,324.5299987792969,324.54998779296875,324.17999267578125,324.17999267578125,1629.0
2024-03-01 15:44:00,IDXX,576.3400268554688,576.3400268554688,576.344970703125,576.3400268554688,576.344970703125,259.0
2024-03-01 15:44:00,IDYA,46.17499923706055,46.17499923706055,46.18000030517578,46.15999984741211,46.18000030517578,1787.0
2024-03-01 15:44:00,IFRX,1.7300000190734863,1.7300000190734863,1.7599999904632568,1.7300000190734863,1.75,1769.0
2024-03-01 15:44:00,IGMS,12.65999984741211,12.65999984741211,12.65999984741211,12.65999984741211,12.65999984741211,245.0
2024-03-01 15:44:00,IINN,1.6912000179290771,1.6912000179290771,1.6912000179290771,1.6912000179290771,1.6912000179290771,100.0
2024-03-01 15:44:00,IKNA,1.4950000047683716,1.4950000047683716,1.4950000047683716,1.4950000047683716,1.4950000047683716,120.0
2024-03-01 15:44:00,ILMN,140.21499633789062,140.21499633789062,140.3372039794922,140.17999267578125,140.3300018310547,5192.0
2024-03-01 15:44:00,IMCR,67.90499877929688,67.90499877929688,67.90499877929688,67.90499877929688,67.90499877929688,853.0
2024-03-01 15:44:00,IMMX,3.4649999141693115,3.4649999141693115,3.4649999141693115,3.4649999141693115,3.4649999141693115,101.0
2024-03-01 15:44:00,IMNM,25.34000015258789,25.34000015258789,25.34000015258789,25.34000015258789,25.34000015258789,479.0
2024-03-01 15:44:00,IMNN,1.0099999904632568,1.0099999904632568,1.0149999856948853,1.0099999904632568,1.0149999856948853,602.0
2024-03-01 15:44:00,IMTX,12.880000114440918,12.880000114440918,12.90999984741211,12.880000114440918,12.90999984741211,4869.0
2024-03-01 15:44:00,IMUX,1.440000057220459,1.440000057220459,1.4450000524520874,1.440000057220459,1.4450000524520874,839.0
2024-03-01 15:44:00,IMVT,35.400001525878906,35.400001525878906,35.400001525878906,35.400001525878906,35.400001525878906,1649.0
2024-03-01 15:44:00,INBX,36.57500076293945,36.57500076293945,36.57500076293945,36.57500076293945,36.57500076293945,438.0
2024-03-01 15:44:00,INCY,58.97999954223633,58.97999954223633,58.9900016784668,58.970001220703125,58.970001220703125,5002.0
2024-03-01 15:44:00,INGN,6.949999809265137,6.949999809265137,6.949999809265137,6.945000171661377,6.949999809265137,1001.0
2024-03-01 15:44:00,INMB,12.329999923706055,12.329999923706055,12.36989974975586,12.329999923706055,12.350000381469727,1008.0
2024-03-01 15:44:00,INMD,22.895000457763672,22.895000457763672,22.895000457763672,22.889999389648438,22.895000457763672,1842.0
2024-03-01 15:44:00,INO,9.489999771118164,9.489999771118164,9.489999771118164,9.489999771118164,9.489999771118164,702.0
2024-03-01 15:44:00,INSM,28.020000457763672,28.020000457763672,28.030000686645508,28.020000457763672,28.024999618530273,2586.0
2024-03-01 15:44:00,INVA,15.380000114440918,15.380000114440918,15.390000343322754,15.364999771118164,15.369999885559082,10140.0
2024-03-01 15:44:00,INZY,6.560500144958496,6.560500144958496,6.560500144958496,6.554999828338623,6.554999828338623,814.0
2024-03-01 15:44:00,IONS,45.470001220703125,45.470001220703125,45.54999923706055,45.470001220703125,45.540000915527344,4275.0
2024-03-01 15:44:00,IOVA,16.81999969482422,16.81999969482422,16.82990074157715,16.81999969482422,16.81999969482422,12506.0
2024-03-01 15:44:00,IPSC,3.9649999141693115,3.9649999141693115,3.9649999141693115,3.9649999141693115,3.9649999141693115,131.0
2024-03-01 15:44:00,IRMD,41.540000915527344,41.540000915527344,41.650001525878906,41.540000915527344,41.650001525878906,248.0
2024-03-01 15:44:00,IRTC,120.22000122070312,120.22000122070312,120.22000122070312,120.22000122070312,120.22000122070312,229.0
2024-03-01 15:44:00,IRWD,8.869999885559082,8.869999885559082,8.8774995803833,8.869999885559082,8.875,37769.0
2024-03-01 15:44:00,ISRG,398.3399963378906,398.3399963378906,398.3800048828125,398.29998779296875,398.29998779296875,4175.0
2024-03-01 15:44:00,ITCI,72.1500015258789,72.1500015258789,72.16999816894531,72.125,72.16999816894531,2078.0
2024-03-01 15:44:00,ITOS,11.239999771118164,11.239999771118164,11.239999771118164,11.239999771118164,11.239999771118164,313.0
2024-03-01 15:44:00,IVVD,3.9800000190734863,3.9800000190734863,3.9800000190734863,3.9749999046325684,3.9749999046325684,403.0
2024-03-01 15:44:00,IXHL,5.480000019073486,5.480000019073486,5.480000019073486,5.46999979019165,5.46999979019165,635.0
2024-03-01 15:44:00,JAGX,0.08299999684095383,0.08299999684095383,0.08299999684095383,0.08240000158548355,0.08299999684095383,104006.0
2024-03-01 15:44:00,JANX,46.06999969482422,46.06999969482422,46.125,46.04999923706055,46.11000061035156,3150.0
2024-03-01 15:44:00,JAZZ,118.625,118.625,118.72000122070312,118.56999969482422,118.66999816894531,5185.0
2024-03-01 15:44:00,JYNT,9.859999656677246,9.859999656677246,9.899999618530273,9.859999656677246,9.899999618530273,1520.0
2024-03-01 15:44:00,KALA,7.394999980926514,7.394999980926514,7.394999980926514,7.394999980926514,7.394999980926514,165.0
2024-03-01 15:44:00,KALV,14.050000190734863,14.050000190734863,14.079999923706055,14.050000190734863,14.079999923706055,3649.0
2024-03-01 15:44:00,KIDS,27.969999313354492,27.969999313354492,27.969999313354492,27.969999313354492,27.969999313354492,437.0
2024-03-01 15:44:00,KNSA,21.7450008392334,21.7450008392334,21.780000686645508,21.7450008392334,21.780000686645508,1552.0
2024-03-01 15:44:00,KNTE,2.5799999237060547,2.5799999237060547,2.5799999237060547,2.5799999237060547,2.5799999237060547,200.0
2024-03-01 15:44:00,KOD,5.980000019073486,5.980000019073486,5.985000133514404,5.980000019073486,5.985000133514404,1265.0
2024-03-01 15:44:00,KPTI,1.184999942779541,1.184999942779541,1.190000057220459,1.1799999475479126,1.190000057220459,21563.0
2024-03-01 15:44:00,KRON,1.1299999952316284,1.1299999952316284,1.1299999952316284,1.1100000143051147,1.1100000143051147,4103.0
2024-03-01 15:44:00,KROS,68.30840301513672,68.30840301513672,68.36000061035156,68.2699966430664,68.3550033569336,1051.0
2024-03-01 15:44:00,KRTX,315.6400146484375,315.6400146484375,315.7300109863281,315.6400146484375,315.7300109863281,460.0
2024-03-01 15:44:00,KRYS,167.9949951171875,167.9949951171875,168.1699981689453,167.8699951171875,168.1699981689453,1551.0
2024-03-01 15:44:00,KTRA,0.09989999979734421,0.09989999979734421,0.09989999979734421,0.09989999979734421,0.09989999979734421,2308.0
2024-03-01 15:44:00,KURA,21.584999084472656,21.584999084472656,21.59000015258789,21.579999923706055,21.59000015258789,3941.0
2024-03-01 15:44:00,KYMR,43.54999923706055,43.54999923706055,43.619998931884766,43.54999923706055,43.61000061035156,1641.0
2024-03-01 15:44:00,KZR,1.034999966621399,1.034999966621399,1.037500023841858,1.0299999713897705,1.0299999713897705,15941.0
2024-03-01 15:44:00,LAB,2.4749999046325684,2.4749999046325684,2.4749999046325684,2.4649999141693115,2.4649999141693115,34887.0
2024-03-01 15:44:00,LBPH,21.280000686645508,21.280000686645508,21.280000686645508,21.209999084472656,21.2450008392334,1544.0
2024-03-01 15:44:00,LEGN,65.57099914550781,65.57099914550781,65.61000061035156,65.57099914550781,65.58000183105469,865.0
2024-03-01 15:44:00,LEXX,2.8350000381469727,2.8350000381469727,2.8499999046325684,2.8299999237060547,2.8399999141693115,6147.0
2024-03-01 15:44:00,LFMD,7.989999771118164,7.989999771118164,8.0,7.989999771118164,8.0,931.0
2024-03-01 15:44:00,LFST,7.730000019073486,7.730000019073486,7.735400199890137,7.730000019073486,7.735400199890137,4276.0
2024-03-01 15:44:00,LGND,77.66000366210938,77.66000366210938,77.66000366210938,77.51000213623047,77.62000274658203,838.0
2024-03-01 15:44:00,LIFE,1.899999976158142,1.899999976158142,1.899999976158142,1.899999976158142,1.899999976158142,207.0
2024-03-01 15:44:00,LIVN,55.150001525878906,55.150001525878906,55.16999816894531,55.150001525878906,55.16999816894531,746.0
2024-03-01 15:44:00,LMAT,67.76010131835938,67.76010131835938,67.80999755859375,67.7300033569336,67.80999755859375,1052.0
2024-03-01 15:44:00,LNSR,4.889999866485596,4.889999866485596,4.889999866485596,4.889999866485596,4.889999866485596,306.0
2024-03-01 15:44:00,LNTH,64.37999725341797,64.37999725341797,64.38999938964844,64.36499786376953,64.36499786376953,2035.0
2024-03-01 15:44:00,LPTX,2.865000009536743,2.865000009536743,2.86899995803833,2.865000009536743,2.86899995803833,243.0
2024-03-01 15:44:00,LQDA,14.600000381469727,14.600000381469727,14.600000381469727,14.59000015258789,14.59000015258789,1092.0
2024-03-01 15:44:00,LRMR,11.305000305175781,11.305000305175781,11.322500228881836,11.305000305175781,11.322500228881836,381.0
2024-03-01 15:44:00,LTRN,4.070000171661377,4.070000171661377,4.090000152587891,4.050000190734863,4.050000190734863,1780.0
2024-03-01 15:44:00,LUMO,3.0399999618530273,3.0399999618530273,3.049999952316284,3.0399999618530273,3.0399999618530273,800.0
2024-03-01 15:44:00,LUNG,9.369999885559082,9.369999885559082,9.369999885559082,9.369999885559082,9.369999885559082,516.0
2024-03-01 15:44:00,LVTX,2.537100076675415,2.537100076675415,2.537100076675415,2.5,2.509999990463257,5170.0
2024-03-01 15:44:00,LXRX,2.4800000190734863,2.4800000190734863,2.4800000190734863,2.4749999046325684,2.4749999046325684,15294.0
2024-03-01 15:44:00,LYEL,3.0999999046325684,3.0999999046325684,3.0999999046325684,3.0999999046325684,3.0999999046325684,850.0
2024-03-01 15:44:00,LYRA,5.635000228881836,5.635000228881836,5.650000095367432,5.635000228881836,5.639999866485596,1549.0
2024-03-01 15:44:00,MASI,126.94999694824219,126.94999694824219,127.04000091552734,126.94999694824219,127.04000091552734,822.0
2024-03-01 15:44:00,MASS,7.289999961853027,7.289999961853027,7.289999961853027,7.289999961853027,7.289999961853027,340.0
2024-03-01 15:44:00,MBRX,0.6299999952316284,0.6299999952316284,0.6299999952316284,0.6299999952316284,0.6299999952316284,502.0
2024-03-01 15:44:00,MCRB,1.2200000286102295,1.2200000286102295,1.2200000286102295,1.2200000286102295,1.2200000286102295,565.0
2024-03-01 15:44:00,MDGL,249.13999938964844,249.13999938964844,249.13999938964844,248.9600067138672,248.9600067138672,969.0
2024-03-01 15:44:00,MDRX,6.0,6.0,6.03000020980835,6.0,6.0,56120.0
2024-03-01 15:44:00,MDWD,14.149999618530273,14.149999618530273,14.149999618530273,14.149999618530273,14.149999618530273,300.0
2024-03-01 15:44:00,MDXG,8.600000381469727,8.600000381469727,8.600000381469727,8.595000267028809,8.595000267028809,4537.0
2024-03-01 15:44:00,ME,0.5462999939918518,0.5462999939918518,0.5471919775009155,0.5462999939918518,0.5468000173568726,12040.0
2024-03-01 15:44:00,MEDP,402.69000244140625,402.69000244140625,402.69000244140625,402.69000244140625,402.69000244140625,348.0
2024-03-01 15:44:00,MGNX,18.78499984741211,18.78499984741211,18.802000045776367,18.78499984741211,18.799999237060547,4856.0
2024-03-01 15:44:00,MGTX,6.389999866485596,6.389999866485596,6.389999866485596,6.389999866485596,6.389999866485596,300.0
2024-03-01 15:44:00,MIST,1.7000000476837158,1.7000000476837158,1.7000000476837158,1.684999942779541,1.684999942779541,4617.0
2024-03-01 15:44:00,MLTX,50.584999084472656,50.584999084472656,50.720001220703125,50.56999969482422,50.71500015258789,4319.0
2024-03-01 15:44:00,MMSI,76.16000366210938,76.16000366210938,76.16000366210938,76.16000366210938,76.16000366210938,100.0
2024-03-01 15:44:00,MNKD,4.514999866485596,4.514999866485596,4.53000020980835,4.510000228881836,4.53000020980835,36461.0
2024-03-01 15:44:00,MNMD,6.150000095367432,6.150000095367432,6.15910005569458,6.135000228881836,6.139999866485596,2958.0
2024-03-01 15:44:00,MNPR,0.9325010180473328,0.9325010180473328,0.9325010180473328,0.9325010180473328,0.9325010180473328,313.0
2024-03-01 15:44:00,MODD,1.909999966621399,1.909999966621399,1.909999966621399,1.909999966621399,1.909999966621399,5000.0
2024-03-01 15:44:00,MODV,28.049999237060547,28.049999237060547,28.06999969482422,28.049999237060547,28.06999969482422,908.0
2024-03-01 15:44:00,MOR,17.68000030517578,17.68000030517578,17.68000030517578,17.65999984741211,17.65999984741211,637.0
2024-03-01 15:44:00,MORF,39.45000076293945,39.45000076293945,39.54999923706055,39.45000076293945,39.54999923706055,1687.0
2024-03-01 15:44:00,MOTS,0.6581249833106995,0.6581249833106995,0.6783750057220459,0.6581249833106995,0.6783750057220459,303.0
2024-03-01 15:44:00,MREO,3.9100000858306885,3.9100000858306885,3.9200000762939453,3.9100000858306885,3.9149999618530273,10801.0
2024-03-01 15:44:00,MRNA,95.41999816894531,95.41999816894531,95.55999755859375,95.41999816894531,95.52999877929688,13486.0
2024-03-01 15:44:00,MRNS,9.954999923706055,9.954999923706055,9.954999923706055,9.954999923706055,9.954999923706055,200.0
2024-03-01 15:44:00,MRSN,5.900000095367432,5.900000095367432,5.929999828338623,5.889999866485596,5.929999828338623,25433.0
2024-03-01 15:44:00,MRUS,51.33000183105469,51.33000183105469,51.36000061035156,51.33000183105469,51.33000183105469,1443.0
2024-03-01 15:44:00,MRVI,7.619999885559082,7.619999885559082,7.627500057220459,7.619999885559082,7.619999885559082,2497.0
2024-03-01 15:44:00,MXCT,4.715000152587891,4.715000152587891,4.715000152587891,4.715000152587891,4.715000152587891,330.0
2024-03-01 15:44:00,MYGN,22.09000015258789,22.09000015258789,22.1299991607666,22.079999923706055,22.1299991607666,2584.0
2024-03-01 15:44:00,MYNZ,0.8799999952316284,0.8799999952316284,0.8799999952316284,0.8799999952316284,0.8799999952316284,252.0
2024-03-01 15:44:00,NARI,45.35499954223633,45.35499954223633,45.380001068115234,45.33000183105469,45.33000183105469,11273.0
2024-03-01 15:44:00,NBIX,131.7449951171875,131.7449951171875,131.80999755859375,131.74000549316406,131.80999755859375,8123.0
2024-03-01 15:44:00,NEO,15.890000343322754,15.890000343322754,15.890000343322754,15.890000343322754,15.890000343322754,1502.0
2024-03-01 15:44:00,NEOG,17.209999084472656,17.209999084472656,17.209999084472656,17.209999084472656,17.209999084472656,1609.0
2024-03-01 15:44:00,NEPT,0.41990000009536743,0.41990000009536743,0.41990000009536743,0.41990000009536743,0.41990000009536743,1003.0
2024-03-01 15:44:00,NGM,1.5199999809265137,1.5199999809265137,1.524999976158142,1.5199999809265137,1.524999976158142,3541.0
2024-03-01 15:44:00,NKTR,0.7521510124206543,0.7521510124206543,0.753699004650116,0.7505000233650208,0.7505000233650208,2498.0
2024-03-01 15:44:00,NKTX,12.729999542236328,12.729999542236328,12.735799789428711,12.729999542236328,12.729999542236328,1160.0
2024-03-01 15:44:00,NLSP,0.35976600646972656,0.35976600646972656,0.35976600646972656,0.35976600646972656,0.35976600646972656,1000.0
2024-03-01 15:44:00,NNOX,10.989999771118164,10.989999771118164,11.010199546813965,10.989999771118164,11.010000228881836,5732.0
2024-03-01 15:44:00,NOTV,8.029999732971191,8.029999732971191,8.029999732971191,8.029999732971191,8.029999732971191,939.0
2024-03-01 15:44:00,NPCE,16.239999771118164,16.239999771118164,16.239999771118164,16.239999771118164,16.239999771118164,102.0
2024-03-01 15:44:00,NRBO,6.170000076293945,6.170000076293945,6.170000076293945,6.170000076293945,6.170000076293945,362.0
2024-03-01 15:44:00,NRIX,13.550000190734863,13.550000190734863,13.550000190734863,13.529999732971191,13.529999732971191,4287.0
2024-03-01 15:44:00,NRXP,0.43810001015663147,0.43810001015663147,0.4399999976158142,0.4375,0.4399999976158142,12977.0
2024-03-01 15:44:00,NTLA,32.79999923706055,32.79999923706055,32.84000015258789,32.79999923706055,32.834999084472656,6583.0
2024-03-01 15:44:00,NTRA,89.41999816894531,89.41999816894531,89.45999908447266,89.37999725341797,89.4000015258789,13089.0
2024-03-01 15:44:00,NUTX,0.1137000024318695,0.1137000024318695,0.11384999752044678,0.1137000024318695,0.1137000024318695,1520.0
2024-03-01 15:44:00,NUVL,87.07499694824219,87.07499694824219,87.12999725341797,87.07499694824219,87.07499694824219,398.0
2024-03-01 15:44:00,NUWE,0.5885000228881836,0.5885000228881836,0.5885000228881836,0.5885000228881836,0.5885000228881836,300.0
2024-03-01 15:44:00,NVAX,5.364999771118164,5.364999771118164,5.379899978637695,5.360000133514404,5.364999771118164,44703.0
2024-03-01 15:44:00,NVCR,16.079999923706055,16.079999923706055,16.079999923706055,16.06999969482422,16.075000762939453,1973.0
2024-03-01 15:44:00,NVCT,10.75,10.75,10.75,10.75,10.75,893.0
2024-03-01 15:44:00,NVNO,6.385000228881836,6.385000228881836,6.409999847412109,6.380000114440918,6.409999847412109,7850.0
2024-03-01 15:44:00,OCGN,0.9458000063896179,0.9458000063896179,0.9480000138282776,0.9458000063896179,0.9458000063896179,9573.0
2024-03-01 15:44:00,OCUL,10.654999732971191,10.654999732971191,10.675000190734863,10.649999618530273,10.675000190734863,6639.0
2024-03-01 15:44:00,OCUP,2.508699893951416,2.508699893951416,2.508699893951416,2.508699893951416,2.508699893951416,141.0
2024-03-01 15:44:00,OFIX,12.970000267028809,12.970000267028809,12.970000267028809,12.970000267028809,12.970000267028809,464.0
2024-03-01 15:44:00,OKYO,1.4500000476837158,1.4500000476837158,1.4500000476837158,1.4500000476837158,1.4500000476837158,1085.0
2024-03-01 15:44:00,OLK,23.0,23.0,23.0,22.9950008392334,22.9950008392334,479.0
2024-03-01 15:44:00,OLMA,14.859999656677246,14.859999656677246,14.890000343322754,14.859999656677246,14.859999656677246,3925.0
2024-03-01 15:44:00,OM,3.0899999141693115,3.0899999141693115,3.0899999141693115,3.069999933242798,3.075000047683716,10487.0
2024-03-01 15:44:00,OMCL,26.31999969482422,26.31999969482422,26.3700008392334,26.31999969482422,26.325000762939453,4154.0
2024-03-01 15:44:00,OMER,4.809999942779541,4.809999942779541,4.809999942779541,4.809999942779541,4.809999942779541,973.0
2024-03-01 15:44:00,OMIC,0.6000000238418579,0.6000000238418579,0.6000000238418579,0.6000000238418579,0.6000000238418579,304.0
2024-03-01 15:44:00,ONCT,10.180000305175781,10.180000305175781,10.180000305175781,10.170000076293945,10.180000305175781,700.0
2024-03-01 15:45:00,AADI,1.909999966621399,1.909999966621399,1.9177000522613525,1.909999966621399,1.909999966621399,400.0
2024-03-01 15:45:00,ABCL,5.045000076293945,5.045000076293945,5.050000190734863,5.039999961853027,5.045000076293945,6791.0
2024-03-01 15:45:00,ABEO,7.760000228881836,7.760000228881836,7.760000228881836,7.760000228881836,7.760000228881836,100.0
2024-03-01 15:45:00,ABOS,4.650000095367432,4.650000095367432,4.65500020980835,4.639999866485596,4.639999866485596,4416.0
2024-03-01 15:45:00,ABSI,5.519999980926514,5.519999980926514,5.519999980926514,5.5,5.5,8895.0
2024-03-01 15:45:00,ABUS,2.805000066757202,2.805000066757202,2.805000066757202,2.799999952316284,2.799999952316284,2097.0
2024-03-01 15:45:00,ACAD,24.079999923706055,24.079999923706055,24.079999923706055,24.059999465942383,24.065000534057617,5743.0
2024-03-01 15:45:00,ACB,3.174999952316284,3.174999952316284,3.174999952316284,3.174999952316284,3.174999952316284,342.0
2024-03-01 15:45:00,ACCD,9.930000305175781,9.930000305175781,9.930000305175781,9.920000076293945,9.930000305175781,1281.0
2024-03-01 15:45:00,ACET,2.369999885559082,2.369999885559082,2.380000114440918,2.369999885559082,2.375,2416.0
2024-03-01 15:45:00,ACHC,83.98999786376953,83.98999786376953,83.98999786376953,83.98999786376953,83.98999786376953,1993.0
2024-03-01 15:45:00,ACHV,4.440000057220459,4.440000057220459,4.440000057220459,4.389999866485596,4.389999866485596,1892.0
2024-03-01 15:45:00,ACLX,67.02999877929688,67.02999877929688,67.0999984741211,67.0,67.04499816894531,2393.0
2024-03-01 15:45:00,ACON,0.3952000141143799,0.3952000141143799,0.39915600419044495,0.39500001072883606,0.39915600419044495,1454.0
2024-03-01 15:45:00,ACRS,1.225000023841858,1.225000023841858,1.2300000190734863,1.225000023841858,1.2300000190734863,3864.0
2024-03-01 15:45:00,ADAP,1.5800000429153442,1.5800000429153442,1.5800000429153442,1.5800000429153442,1.5800000429153442,390.0
2024-03-01 15:45:00,ADIL,3.0,3.0,3.0399999618530273,2.9800000190734863,2.984999895095825,21548.0
2024-03-01 15:45:00,ADMA,5.534999847412109,5.534999847412109,5.537499904632568,5.53000020980835,5.53000020980835,2412.0
2024-03-01 15:45:00,ADPT,4.014999866485596,4.014999866485596,4.019999980926514,4.010000228881836,4.019999980926514,5519.0
2024-03-01 15:45:00,ADVM,1.9700000286102295,1.9700000286102295,1.975000023841858,1.9600000381469727,1.9600000381469727,5342.0
2024-03-01 15:45:00,AGEN,0.6700000166893005,0.6700000166893005,0.6700999736785889,0.6700000166893005,0.6700500249862671,24654.0
2024-03-01 15:45:00,AGIO,32.310001373291016,32.310001373291016,32.310001373291016,32.220001220703125,32.224998474121094,5976.0
2024-03-01 15:45:00,AHCO,10.494999885559082,10.494999885559082,10.5,10.479999542236328,10.479999542236328,21816.0
2024-03-01 15:45:00,AIMD,1.0199999809265137,1.0199999809265137,1.0199999809265137,1.0199999809265137,1.0199999809265137,2000.0
2024-03-01 15:45:00,AIRS,6.375,6.375,6.380000114440918,6.375,6.380000114440918,779.0
2024-03-01 15:45:00,AKBA,1.684999942779541,1.684999942779541,1.684999942779541,1.6799999475479126,1.684999942779541,3511.0
2024-03-01 15:45:00,AKLI,0.33899998664855957,0.33899998664855957,0.3393000066280365,0.3328999876976013,0.33899998664855957,9262.0
2024-03-01 15:45:00,AKRO,28.513599395751953,28.513599395751953,28.599899291992188,28.350000381469727,28.3700008392334,10397.0
2024-03-01 15:45:00,AKYA,6.03000020980835,6.03000020980835,6.03000020980835,6.010000228881836,6.010000228881836,5531.0
2024-03-01 15:45:00,ALDX,4.250100135803223,4.250100135803223,4.264999866485596,4.250100135803223,4.264999866485596,2813.0
2024-03-01 15:45:00,ALEC,7.329999923706055,7.329999923706055,7.329999923706055,7.315000057220459,7.329999923706055,6950.0
2024-03-01 15:45:00,ALGN,300.82000732421875,300.82000732421875,300.9800109863281,300.82000732421875,300.9100036621094,2499.0
2024-03-01 15:45:00,ALHC,5.559999942779541,5.559999942779541,5.590000152587891,5.554999828338623,5.590000152587891,10660.0
2024-03-01 15:45:00,ALKS,30.19499969482422,30.19499969482422,30.209999084472656,30.125,30.125,25599.0
2024-03-01 15:45:00,ALLK,1.6349999904632568,1.6349999904632568,1.6449999809265137,1.6299999952316284,1.6399999856948853,28442.0
2024-03-01 15:45:00,ALLO,4.890900135040283,4.890900135040283,4.900000095367432,4.889999866485596,4.900000095367432,11373.0
2024-03-01 15:45:00,ALNY,152.91000366210938,152.91000366210938,152.9250030517578,152.7899932861328,152.86500549316406,5128.0
2024-03-01 15:45:00,ALPN,35.81999969482422,35.81999969482422,35.845001220703125,35.810001373291016,35.81999969482422,6214.0
2024-03-01 15:45:00,ALT,12.15999984741211,12.15999984741211,12.1899995803833,12.15999984741211,12.15999984741211,13750.0
2024-03-01 15:45:00,ALVOW,4.210000038146973,4.210000038146973,4.210000038146973,4.210000038146973,4.210000038146973,0.0
2024-03-01 15:45:00,ALXO,14.899999618530273,14.899999618530273,14.899999618530273,14.859999656677246,14.859999656677246,1739.0
2024-03-01 15:45:00,AMED,93.29100036621094,93.29100036621094,93.29100036621094,93.29000091552734,93.29000091552734,1041.0
2024-03-01 15:45:00,AMGN,280.44000244140625,280.44000244140625,280.4599914550781,280.2950134277344,280.364990234375,15167.0
2024-03-01 15:45:00,AMLX,18.65999984741211,18.65999984741211,18.665000915527344,18.645000457763672,18.655000686645508,3334.0
2024-03-01 15:45:00,AMPH,45.88479995727539,45.88479995727539,45.88479995727539,45.86000061035156,45.86000061035156,1546.0
2024-03-01 15:45:00,AMRN,1.0499999523162842,1.0499999523162842,1.0549999475479126,1.0499999523162842,1.0499999523162842,45426.0
2024-03-01 15:45:00,ANAB,25.399999618530273,25.399999618530273,25.399999618530273,25.399999618530273,25.399999618530273,645.0
2024-03-01 15:45:00,ANGO,5.454999923706055,5.454999923706055,5.460000038146973,5.449999809265137,5.454999923706055,3234.0
2024-03-01 15:45:00,ANIK,25.014999389648438,25.014999389648438,25.059999465942383,25.014999389648438,25.049999237060547,1528.0
2024-03-01 15:45:00,ANIX,3.5,3.5,3.5,3.5,3.5,226.0
2024-03-01 15:45:00,ANNX,6.020100116729736,6.020100116729736,6.03000020980835,6.010000228881836,6.010000228881836,3612.0
2024-03-01 15:45:00,ANTX,3.009999990463257,3.009999990463257,3.009999990463257,3.0,3.005000114440918,2747.0
2024-03-01 15:45:00,APLS,64.05999755859375,64.05999755859375,64.08000183105469,63.959999084472656,64.0,5874.0
2024-03-01 15:45:00,APLT,7.045000076293945,7.045000076293945,7.045000076293945,7.034999847412109,7.034999847412109,15952.0
2024-03-01 15:45:00,APVO,0.1574999988079071,0.1574999988079071,0.15800000727176666,0.1574999988079071,0.15760000050067902,17188.0
2024-03-01 15:45:00,AQST,4.175000190734863,4.175000190734863,4.179999828338623,4.170000076293945,4.179999828338623,12949.0
2024-03-01 15:45:00,ARCT,39.53139877319336,39.53139877319336,39.540000915527344,39.474998474121094,39.48699951171875,2321.0
2024-03-01 15:45:00,ARDX,9.335000038146973,9.335000038146973,9.335000038146973,9.319999694824219,9.331000328063965,12596.0
2024-03-01 15:45:00,ARGX,391.5199890136719,391.5199890136719,391.5199890136719,391.5199890136719,391.5199890136719,395.0
2024-03-01 15:45:00,ARQT,11.46500015258789,11.46500015258789,11.470000267028809,11.430000305175781,11.444999694824219,26772.0
2024-03-01 15:45:00,ARVN,47.165000915527344,47.165000915527344,47.22999954223633,47.09000015258789,47.09000015258789,5903.0
2024-03-01 15:45:00,ARWR,35.81999969482422,35.81999969482422,35.8380012512207,35.779998779296875,35.779998779296875,6064.0
2024-03-01 15:45:00,ASLN,0.7200000286102295,0.7200000286102295,0.7206000089645386,0.7200000286102295,0.7206000089645386,2023.0
2024-03-01 15:45:00,ASND,152.9250030517578,152.9250030517578,152.92999267578125,152.9250030517578,152.92999267578125,360.0
2024-03-01 15:45:00,ASRT,0.8727999925613403,0.8727999925613403,0.8755999803543091,0.8727999925613403,0.8727999925613403,5778.0
2024-03-01 15:45:00,ATAI,2.125,2.125,2.128700017929077,2.119999885559082,2.125,1574.0
2024-03-01 15:45:00,ATEC,13.470000267028809,13.470000267028809,13.470000267028809,13.454999923706055,13.454999923706055,3692.0
2024-03-01 15:45:00,ATHA,3.9200000762939453,3.9200000762939453,3.9200000762939453,3.9149999618530273,3.9149999618530273,882.0
2024-03-01 15:45:00,ATNF,3.2300000190734863,3.2300000190734863,3.3399999141693115,3.200000047683716,3.3399999141693115,9583.0
2024-03-01 15:45:00,ATOS,1.0099999904632568,1.0099999904632568,1.0099999904632568,1.0099999904632568,1.0099999904632568,200.0
2024-03-01 15:45:00,ATRA,0.777400016784668,0.777400016784668,0.7846999764442444,0.777400016784668,0.777400016784668,1130.0
2024-03-01 15:45:00,ATRC,36.150001525878906,36.150001525878906,36.150001525878906,36.1349983215332,36.1349983215332,2430.0
2024-03-01 15:45:00,ATXI,0.15940000116825104,0.15940000116825104,0.15940000116825104,0.15800000727176666,0.15839999914169312,42606.0
2024-03-01 15:45:00,ATXS,14.895000457763672,14.895000457763672,14.899999618530273,14.885000228881836,14.895000457763672,2948.0
2024-03-01 15:45:00,AUPH,5.755000114440918,5.755000114440918,5.760000228881836,5.735000133514404,5.739999771118164,29178.0
2024-03-01 15:45:00,AUTL,6.239999771118164,6.239999771118164,6.255000114440918,6.239999771118164,6.250500202178955,24567.0
2024-03-01 15:45:00,AVDL,13.6899995803833,13.6899995803833,13.6899995803833,13.65999984741211,13.6899995803833,9131.0
2024-03-01 15:45:00,AVIR,4.449999809265137,4.449999809265137,4.449999809265137,4.445000171661377,4.445000171661377,313.0
2024-03-01 15:45:00,AVTE,23.479999542236328,23.479999542236328,23.479999542236328,23.479999542236328,23.479999542236328,427.0
2024-03-01 15:45:00,AVXL,5.239999771118164,5.239999771118164,5.244999885559082,5.235000133514404,5.239999771118164,2921.0
2024-03-01 15:45:00,AWH,3.9600000381469727,3.9600000381469727,4.03000020980835,3.9600000381469727,4.03000020980835,2400.0
2024-03-01 15:45:00,AXDX,0.9700000286102295,0.9700000286102295,0.9700000286102295,0.9700000286102295,0.9700000286102295,100.0
2024-03-01 15:45:00,AXGN,10.729999542236328,10.729999542236328,10.729999542236328,10.729999542236328,10.729999542236328,613.0
2024-03-01 15:45:00,AXNX,67.80500030517578,67.80500030517578,67.80500030517578,67.72000122070312,67.72000122070312,2191.0
2024-03-01 15:45:00,AXSM,82.48500061035156,82.48500061035156,82.48500061035156,82.48500061035156,82.48500061035156,173.0
2024-03-01 15:45:00,AYTU,2.9398999214172363,2.9398999214172363,2.940000057220459,2.938999891281128,2.938999891281128,11810.0
2024-03-01 15:45:00,AZN,64.6050033569336,64.6050033569336,64.61000061035156,64.58999633789062,64.58999633789062,18838.0
2024-03-01 15:45:00,AZTA,67.02999877929688,67.02999877929688,67.05000305175781,67.01499938964844,67.02999877929688,2540.0
2024-03-01 15:45:00,BBIO,35.69499969482422,35.69499969482422,35.69499969482422,35.63999938964844,35.63999938964844,4115.0
2024-03-01 15:45:00,BBLG,2.4000000953674316,2.4000000953674316,2.430000066757202,2.4000000953674316,2.430000066757202,1311.0
2024-03-01 15:45:00,BCAB,2.8350000381469727,2.8350000381469727,2.8399999141693115,2.8350000381469727,2.8350000381469727,1065.0
2024-03-01 15:45:00,BCDA,0.574999988079071,0.574999988079071,0.574999988079071,0.574999988079071,0.574999988079071,300.0
2024-03-01 15:45:00,BCRX,5.625,5.625,5.630000114440918,5.619999885559082,5.619999885559082,5944.0
2024-03-01 15:45:00,BCYC,25.68000030517578,25.68000030517578,25.68000030517578,25.6299991607666,25.639999389648438,1373.0
2024-03-01 15:45:00,BDTX,4.769999980926514,4.769999980926514,4.784999847412109,4.769999980926514,4.78000020980835,4070.0
2024-03-01 15:45:00,BEAM,39.650001525878906,39.650001525878906,39.67499923706055,39.54999923706055,39.56999969482422,7671.0
2024-03-01 15:45:00,BGNE,165.3699951171875,165.3699951171875,165.52000427246094,165.25,165.52000427246094,1573.0
2024-03-01 15:45:00,BGXX,0.2556999921798706,0.2556999921798706,0.2572999894618988,0.2556999921798706,0.2572999894618988,349.0
2024-03-01 15:45:00,BIIB,220.8699951171875,220.8699951171875,220.9199981689453,220.8000030517578,220.8000030517578,4456.0
2024-03-01 15:45:00,BIOL,0.1459999978542328,0.1459999978542328,0.14640000462532043,0.1459999978542328,0.1459999978542328,40100.0
2024-03-01 15:45:00,BIVI,1.999899983406067,1.999899983406067,2.009999990463257,1.975000023841858,1.9800000190734863,51613.0
2024-03-01 15:45:00,BLFS,17.920000076293945,17.920000076293945,17.920000076293945,17.899999618530273,17.899999618530273,1304.0
2024-03-01 15:45:00,BLTE,46.29999923706055,46.29999923706055,46.40999984741211,46.29999923706055,46.40999984741211,2460.0
2024-03-01 15:45:00,BLUE,1.5700000524520874,1.5700000524520874,1.5800000429153442,1.5700000524520874,1.5759999752044678,14649.0
2024-03-01 15:45:00,BMEA,17.809999465942383,17.809999465942383,17.809999465942383,17.7549991607666,17.809999465942383,8484.0
2024-03-01 15:45:00,BMRA,1.2000000476837158,1.2000000476837158,1.2000000476837158,1.2000000476837158,1.2000000476837158,100.0
2024-03-01 15:45:00,BMRN,87.6500015258789,87.6500015258789,87.6500015258789,87.57499694824219,87.58999633789062,3928.0
2024-03-01 15:45:00,BNGO,1.2537000179290771,1.2537000179290771,1.2549999952316284,1.2537000179290771,1.2549999952316284,1406.0
2024-03-01 15:45:00,BNR,0.8100000023841858,0.8100000023841858,0.8101000189781189,0.8100000023841858,0.8101000189781189,400.0
2024-03-01 15:45:00,BNTC,5.349999904632568,5.349999904632568,5.349999904632568,5.349999904632568,5.349999904632568,100.0
2024-03-01 15:45:00,BNTX,90.66699981689453,90.66699981689453,90.68000030517578,90.56999969482422,90.56999969482422,2458.0
2024-03-01 15:45:00,BOLT,1.2200000286102295,1.2200000286102295,1.2200000286102295,1.2200000286102295,1.2200000286102295,200.0
2024-03-01 15:45:00,BPMC,95.29499816894531,95.29499816894531,95.31999969482422,95.27999877929688,95.30999755859375,1869.0
2024-03-01 15:45:00,BRKR,88.22000122070312,88.22000122070312,88.23999786376953,88.19999694824219,88.23999786376953,2267.0
2024-03-01 15:45:00,BSGM,0.7124999761581421,0.7124999761581421,0.7175999879837036,0.7124999761581421,0.7175999879837036,500.0
2024-03-01 15:45:00,BTAI,3.200000047683716,3.200000047683716,3.200000047683716,3.200000047683716,3.200000047683716,847.0
2024-03-01 15:45:00,BVS,4.789999961853027,4.789999961853027,4.789999961853027,4.769999980926514,4.769999980926514,203.0
2024-03-01 15:45:00,BWAY,6.599999904632568,6.599999904632568,6.599999904632568,6.599999904632568,6.599999904632568,100.0
2024-03-01 15:45:00,CABA,23.985000610351562,23.985000610351562,23.989999771118164,23.959999084472656,23.979999542236328,4328.0
2024-03-01 15:45:00,CADL,1.7799999713897705,1.7799999713897705,1.7799999713897705,1.7799999713897705,1.7799999713897705,100.0
2024-03-01 15:45:00,CAPR,4.5,4.5,4.5,4.485000133514404,4.485000133514404,752.0
2024-03-01 15:45:00,CARA,0.9261000156402588,0.9261000156402588,0.9276999831199646,0.9232000112533569,0.9276999831199646,2869.0
2024-03-01 15:45:00,CBAY,32.224998474121094,32.224998474121094,32.22999954223633,32.220001220703125,32.224998474121094,8617.0
2024-03-01 15:45:00,CCCC,11.0,11.0,11.0,10.994999885559082,10.994999885559082,7047.0
2024-03-01 15:45:00,CCRN,18.2549991607666,18.2549991607666,18.260000228881836,18.2549991607666,18.2549991607666,928.0
2024-03-01 15:45:00,CDMO,8.220000267028809,8.220000267028809,8.220000267028809,8.21500015258789,8.220000267028809,5100.0
2024-03-01 15:45:00,CDNA,12.074999809265137,12.074999809265137,12.119999885559082,12.074999809265137,12.109999656677246,11487.0
2024-03-01 15:45:00,CDXS,4.534999847412109,4.534999847412109,4.545000076293945,4.534999847412109,4.545000076293945,3121.0
2024-03-01 15:45:00,CELC,17.309999465942383,17.309999465942383,17.389999389648438,17.309999465942383,17.3700008392334,2047.0
2024-03-01 15:45:00,CERE,41.08000183105469,41.08000183105469,41.10499954223633,41.08000183105469,41.10499954223633,6519.0
2024-03-01 15:45:00,CERS,2.1700000762939453,2.1700000762939453,2.174999952316284,2.1700000762939453,2.1700000762939453,2056.0
2024-03-01 15:45:00,CERT,18.200000762939453,18.200000762939453,18.219999313354492,18.170000076293945,18.21380043029785,7956.0
2024-03-01 15:45:00,CGC,3.200000047683716,3.200000047683716,3.2054998874664307,3.200000047683716,3.2054998874664307,10742.0
2024-03-01 15:45:00,CGEM,18.56999969482422,18.56999969482422,18.56999969482422,18.545000076293945,18.549999237060547,1622.0
2024-03-01 15:45:00,CGEN,2.680000066757202,2.680000066757202,2.680000066757202,2.6700000762939453,2.674999952316284,3569.0
2024-03-01 15:45:00,CGTX,1.9800000190734863,1.9800000190734863,1.9800000190734863,1.9800000190734863,1.9800000190734863,100.0
2024-03-01 15:45:00,CHRS,2.384999990463257,2.384999990463257,2.389899969100952,2.380000114440918,2.389899969100952,2773.0
2024-03-01 15:45:00,CJJD,2.8106000423431396,2.8106000423431396,2.8499999046325684,2.8106000423431396,2.8299999237060547,1001.0
2024-03-01 15:45:00,CLDX,51.51499938964844,51.51499938964844,51.52000045776367,51.400001525878906,51.47999954223633,9134.0
2024-03-01 15:45:00,CLOV,0.8653500080108643,0.8653500080108643,0.8654000163078308,0.8652999997138977,0.8654000163078308,5722.0
2024-03-01 15:45:00,CLPT,6.630000114440918,6.630000114440918,6.630000114440918,6.625,6.625,2173.0
2024-03-01 15:45:00,CLRB,4.105000019073486,4.105000019073486,4.105000019073486,4.10129976272583,4.10129976272583,222.0
2024-03-01 15:45:00,CMPS,11.460100173950195,11.460100173950195,11.470000267028809,11.449999809265137,11.470000267028809,2036.0
2024-03-01 15:45:00,CMRX,1.2000000476837158,1.2000000476837158,1.2000000476837158,1.1950000524520874,1.2000000476837158,4505.0
2024-03-01 15:45:00,CNSP,0.3246000111103058,0.3246000111103058,0.3246000111103058,0.3190999925136566,0.3190999925136566,3431.0
2024-03-01 15:45:00,CNTA,10.710000038146973,10.710000038146973,10.710000038146973,10.699999809265137,10.699999809265137,1201.0
2024-03-01 15:45:00,COGT,7.224999904632568,7.224999904632568,7.230000019073486,7.215000152587891,7.215000152587891,9765.0
2024-03-01 15:45:00,COLL,36.95000076293945,36.95000076293945,36.959999084472656,36.95000076293945,36.959999084472656,801.0
2024-03-01 15:45:00,CORT,24.190000534057617,24.190000534057617,24.225000381469727,24.190000534057617,24.225000381469727,3617.0
2024-03-01 15:45:00,COSM,0.7752000093460083,0.7752000093460083,0.7752000093460083,0.7752000093460083,0.7752000093460083,500.0
2024-03-01 15:45:00,CPRX,17.059999465942383,17.059999465942383,17.100000381469727,17.059999465942383,17.100000381469727,9920.0
2024-03-01 15:45:00,CPSI,9.229999542236328,9.229999542236328,9.239999771118164,9.210000038146973,9.239999771118164,2170.0
2024-03-01 15:45:00,CRBP,34.150001525878906,34.150001525878906,34.4900016784668,34.06999969482422,34.4900016784668,4074.0
2024-03-01 15:45:00,CRBU,7.760000228881836,7.760000228881836,7.769999980926514,7.75,7.75,9360.0
2024-03-01 15:45:00,CRDF,2.910099983215332,2.910099983215332,2.9700000286102295,2.8399999141693115,2.890000104904175,297775.0
2024-03-01 15:45:00,CRMD,3.6500000953674316,3.6500000953674316,3.6500000953674316,3.6500000953674316,3.6500000953674316,547.0
2024-03-01 15:45:00,CRNX,45.724998474121094,45.724998474121094,45.7400016784668,45.650001525878906,45.68000030517578,3498.0
2024-03-01 15:45:00,CRON,2.015000104904175,2.015000104904175,2.015000104904175,2.009999990463257,2.015000104904175,2572.0
2024-03-01 15:45:00,CRSP,84.0999984741211,84.0999984741211,84.12000274658203,83.80000305175781,83.80000305175781,12350.0
2024-03-01 15:45:00,CRVS,2.174999952316284,2.174999952316284,2.190000057220459,2.1675000190734863,2.190000057220459,3223.0
2024-03-01 15:45:00,CSTL,20.0,20.0,20.0,19.985000610351562,19.9950008392334,1883.0
2024-03-01 15:45:00,CTKB,9.050000190734863,9.050000190734863,9.050000190734863,9.050000190734863,9.050000190734863,1625.0
2024-03-01 15:45:00,CTMX,2.5950000286102295,2.5950000286102295,2.5999999046325684,2.5899999141693115,2.5899999141693115,7056.0
2024-03-01 15:45:00,CTXR,0.7749000191688538,0.7749000191688538,0.7753000259399414,0.7749000191688538,0.7753000259399414,496.0
2024-03-01 15:45:00,CUTR,2.4000000953674316,2.4000000953674316,2.4000000953674316,2.399899959564209,2.399899959564209,1350.0
2024-03-01 15:45:00,CVAC,3.4549999237060547,3.4549999237060547,3.4549999237060547,3.4549999237060547,3.4549999237060547,700.0
2024-03-01 15:45:00,CVRX,20.81999969482422,20.81999969482422,20.81999969482422,20.7549991607666,20.7549991607666,530.0
2024-03-01 15:45:00,CYT,3.115000009536743,3.115000009536743,3.130000114440918,3.115000009536743,3.130000114440918,200.0
2024-03-01 15:45:00,CYTK,73.7699966430664,73.7699966430664,73.7699966430664,73.76000213623047,73.7699966430664,1331.0
2024-03-01 15:45:00,CYTO,2.441499948501587,2.441499948501587,2.4600000381469727,2.4100000858306885,2.4100000858306885,1491.0
2024-03-01 15:45:00,DARE,0.5548999905586243,0.5548999905586243,0.5548999905586243,0.5548999905586243,0.5548999905586243,800.0
2024-03-01 15:45:00,DAWN,17.459999084472656,17.459999084472656,17.459999084472656,17.43000030517578,17.459999084472656,7005.0
2024-03-01 15:45:00,DCGO,4.065000057220459,4.065000057220459,4.065000057220459,4.059999942779541,4.065000057220459,8807.0
2024-03-01 15:45:00,DCPH,17.450000762939453,17.450000762939453,17.450000762939453,17.40999984741211,17.420000076293945,3716.0
2024-03-01 15:45:00,DH,8.890000343322754,8.890000343322754,8.890000343322754,8.880000114440918,8.890000343322754,522.0
2024-03-01 15:45:00,DMTK,0.8399999737739563,0.8399999737739563,0.8399999737739563,0.8299999833106995,0.8299999833106995,1011.0
2024-03-01 15:45:00,DNLI,20.690000534057617,20.690000534057617,20.719999313354492,20.649999618530273,20.649999618530273,8916.0
2024-03-01 15:45:00,DRIO,1.9901000261306763,1.9901000261306763,1.9901000261306763,1.9901000261306763,1.9901000261306763,100.0
2024-03-01 15:45:00,DRRX,0.9965000152587891,0.9965000152587891,0.9965000152587891,0.9965000152587891,0.9965000152587891,150.0
2024-03-01 15:45:00,DTIL,12.5,12.5,12.569999694824219,12.5,12.569999694824219,3235.0
2024-03-01 15:45:00,DVAX,12.760000228881836,12.760000228881836,12.765000343322754,12.755000114440918,12.758999824523926,6623.0
2024-03-01 15:45:00,DXCM,121.29000091552734,121.29000091552734,121.29000091552734,121.19999694824219,121.19999694824219,13496.0
2024-03-01 15:45:00,DYN,29.1200008392334,29.1200008392334,29.15999984741211,28.9950008392334,29.0,12364.0
2024-03-01 15:45:00,EDIT,10.510000228881836,10.510000228881836,10.524999618530273,10.492500305175781,10.505000114440918,24262.0
2024-03-01 15:45:00,EKSO,2.0,2.0,2.0,2.0,2.0,100.0
2024-03-01 15:45:00,ELEV,5.105000019073486,5.105000019073486,5.105000019073486,5.099999904632568,5.105000019073486,1506.0
2024-03-01 15:45:00,EMBC,14.255000114440918,14.255000114440918,14.255000114440918,14.25,14.25,1609.0
2024-03-01 15:45:00,ENSG,121.79000091552734,121.79000091552734,121.79000091552734,121.73999786376953,121.75,2220.0
2024-03-01 15:45:00,ENTA,15.569999694824219,15.569999694824219,15.569999694824219,15.569999694824219,15.569999694824219,226.0
2024-03-01 15:45:00,ENTX,1.409999966621399,1.409999966621399,1.409999966621399,1.409999966621399,1.409999966621399,5214.0
2024-03-01 15:45:00,ENVB,1.5499999523162842,1.5499999523162842,1.5499999523162842,1.5449999570846558,1.5449999570846558,415.0
2024-03-01 15:45:00,EOLS,14.909199714660645,14.909199714660645,14.919899940490723,14.909199714660645,14.90999984741211,584.0
2024-03-01 15:45:00,EPIX,9.425000190734863,9.425000190734863,9.425000190734863,9.425000190734863,9.425000190734863,100.0
2024-03-01 15:45:00,ERAS,2.615000009536743,2.615000009536743,2.625,2.615000009536743,2.625,13030.0
2024-03-01 15:45:00,ESPR,2.5450000762939453,2.5450000762939453,2.549999952316284,2.5450000762939453,2.5450000762939453,1864.0
2024-03-01 15:45:00,ESTA,43.9900016784668,43.9900016784668,43.9900016784668,43.86000061035156,43.90999984741211,3300.0
2024-03-01 15:45:00,ETNB,12.65999984741211,12.65999984741211,12.670000076293945,12.649999618530273,12.664999961853027,7116.0
2024-03-01 15:45:00,EWTX,16.604999542236328,16.604999542236328,16.604999542236328,16.59000015258789,16.604999542236328,2157.0
2024-03-01 15:45:00,EXAI,6.53000020980835,6.53000020980835,6.53000020980835,6.519999980926514,6.519999980926514,1888.0
2024-03-01 15:45:00,EXAS,59.209999084472656,59.209999084472656,59.209999084472656,59.119998931884766,59.15999984741211,9370.0
2024-03-01 15:45:00,EXEL,22.209999084472656,22.209999084472656,22.21500015258789,22.209999084472656,22.21190071105957,4723.0
2024-03-01 15:45:00,EYEN,2.4000000953674316,2.4000000953674316,2.4000000953674316,2.390000104904175,2.390000104904175,12278.0
2024-03-01 15:45:00,EYPT,27.8799991607666,27.8799991607666,27.8799991607666,27.84000015258789,27.84000015258789,1608.0
2024-03-01 15:45:00,FATE,7.735000133514404,7.735000133514404,7.735000133514404,7.724999904632568,7.724999904632568,5125.0
2024-03-01 15:45:00,FDMT,29.0,29.0,29.020000457763672,28.93000030517578,28.969999313354492,6715.0
2024-03-01 15:45:00,FEMY,1.8200000524520874,1.8200000524520874,1.840000033378601,1.8200000524520874,1.840000033378601,5680.0
2024-03-01 15:45:00,FGEN,1.8250000476837158,1.8250000476837158,1.8250000476837158,1.8224999904632568,1.8250000476837158,1505.0
2024-03-01 15:45:00,FHTX,7.78000020980835,7.78000020980835,7.78000020980835,7.78000020980835,7.78000020980835,100.0
2024-03-01 15:45:00,FIXX,0.8849999904632568,0.8849999904632568,0.8849999904632568,0.8849999904632568,0.8849999904632568,500.0
2024-03-01 15:45:00,FLGC,1.1484999656677246,1.1484999656677246,1.1484999656677246,1.1484999656677246,1.1484999656677246,450.0
2024-03-01 15:45:00,FLGT,23.075000762939453,23.075000762939453,23.100000381469727,23.06999969482422,23.100000381469727,1394.0
2024-03-01 15:45:00,FOLD,13.28499984741211,13.28499984741211,13.300000190734863,13.279999732971191,13.300000190734863,23926.0
2024-03-01 15:45:00,FULC,10.979999542236328,10.979999542236328,11.0,10.970000267028809,11.0,3181.0
2024-03-01 15:45:00,FUSN,12.079999923706055,12.079999923706055,12.100000381469727,12.069999694824219,12.079999923706055,6532.0
2024-03-01 15:45:00,FWBI,8.949999809265137,8.949999809265137,8.949999809265137,8.949999809265137,8.949999809265137,302.0
2024-03-01 15:45:00,GALT,1.934999942779541,1.934999942779541,1.934999942779541,1.934999942779541,1.934999942779541,233.0
2024-03-01 15:45:00,GBIO,2.619999885559082,2.619999885559082,2.619999885559082,2.619999885559082,2.619999885559082,100.0
2024-03-01 15:45:00,GDRX,8.329999923706055,8.329999923706055,8.335000038146973,8.3100004196167,8.324999809265137,11943.0
2024-03-01 15:45:00,GERN,2.25,2.25,2.25,2.240000009536743,2.25,68821.0
2024-03-01 15:45:00,GH,18.951000213623047,18.951000213623047,18.97249984741211,18.93000030517578,18.950000762939453,7808.0
2024-03-01 15:45:00,GILD,72.30000305175781,72.30000305175781,72.30580139160156,72.26499938964844,72.28500366210938,14559.0
2024-03-01 15:45:00,GLPG,35.040000915527344,35.040000915527344,35.040000915527344,35.029998779296875,35.040000915527344,1479.0
2024-03-01 15:45:00,GLTO,0.800000011920929,0.800000011920929,0.800000011920929,0.800000011920929,0.800000011920929,330.0
2024-03-01 15:45:00,GLUE,6.269999980926514,6.269999980926514,6.28000020980835,6.269999980926514,6.28000020980835,423.0
2024-03-01 15:45:00,GLYC,3.049999952316284,3.049999952316284,3.049999952316284,3.0399999618530273,3.0462000370025635,1420.0
2024-03-01 15:45:00,GMAB,29.295000076293945,29.295000076293945,29.295000076293945,29.280000686645508,29.280000686645508,1133.0
2024-03-01 15:45:00,GMDA,0.38420000672340393,0.38420000672340393,0.38420000672340393,0.383899986743927,0.383899986743927,783.0
2024-03-01 15:45:00,GOSS,1.399999976158142,1.399999976158142,1.399999976158142,1.3899999856948853,1.399999976158142,4000.0
2024-03-01 15:45:00,GRFS,7.005000114440918,7.005000114440918,7.005000114440918,7.005000114440918,7.005000114440918,1087.0
2024-03-01 15:45:00,GRTS,2.0,2.0,2.0099000930786133,2.0,2.0,9527.0
2024-03-01 15:45:00,GRTX,0.22750000655651093,0.22750000655651093,0.22750000655651093,0.22750000655651093,0.22750000655651093,2700.0
2024-03-01 15:45:00,GTHX,3.700000047683716,3.700000047683716,3.7049999237060547,3.684999942779541,3.7049999237060547,15029.0
2024-03-01 15:45:00,HALO,41.060001373291016,41.060001373291016,41.060001373291016,41.0099983215332,41.029998779296875,5268.0
2024-03-01 15:45:00,HARP,22.950000762939453,22.950000762939453,22.950000762939453,22.940000534057617,22.940000534057617,418.0
2024-03-01 15:45:00,HBIO,4.340000152587891,4.340000152587891,4.340000152587891,4.340000152587891,4.340000152587891,115.0
2024-03-01 15:45:00,HCAT,8.069999694824219,8.069999694824219,8.079999923706055,8.0625,8.069999694824219,6933.0
2024-03-01 15:45:00,HCM,15.109999656677246,15.109999656677246,15.109999656677246,15.109999656677246,15.109999656677246,300.0
2024-03-01 15:45:00,HCSG,12.824999809265137,12.824999809265137,12.829999923706055,12.805000305175781,12.805000305175781,4025.0
2024-03-01 15:45:00,HCTI,1.9700000286102295,1.9700000286102295,1.9700000286102295,1.9600000381469727,1.9700000286102295,980.0
2024-03-01 15:45:00,HLTH,0.26989999413490295,0.26989999413490295,0.26989999413490295,0.26989999413490295,0.26989999413490295,136.0
2024-03-01 15:45:00,HLVX,19.020000457763672,19.020000457763672,19.020000457763672,18.985000610351562,19.010000228881836,418.0
2024-03-01 15:45:00,HOLX,73.91500091552734,73.91500091552734,73.94000244140625,73.87999725341797,73.87999725341797,8084.0
2024-03-01 15:45:00,HPCO,0.2500999867916107,0.2500999867916107,0.2500999867916107,0.2500999867916107,0.2500999867916107,300.0
2024-03-01 15:45:00,HQY,81.23999786376953,81.23999786376953,81.25,81.23999786376953,81.24500274658203,1034.0
2024-03-01 15:45:00,HRMY,31.860000610351562,31.860000610351562,31.860000610351562,31.709999084472656,31.780000686645508,3930.0
2024-03-01 15:45:00,HRTX,2.5950000286102295,2.5950000286102295,2.5999999046325684,2.5899999141693115,2.5950000286102295,3368.0
2024-03-01 15:45:00,HSIC,76.83000183105469,76.83000183105469,76.83999633789062,76.822998046875,76.83999633789062,4165.0
2024-03-01 15:45:00,HUMA,3.2950000762939453,3.2950000762939453,3.299999952316284,3.2899999618530273,3.2950000762939453,16395.0
2024-03-01 15:45:00,IART,36.040000915527344,36.040000915527344,36.06999969482422,36.03499984741211,36.06999969482422,10189.0
2024-03-01 15:45:00,IBRX,4.739999771118164,4.739999771118164,4.7428998947143555,4.730100154876709,4.739999771118164,14308.0
2024-03-01 15:45:00,ICAD,1.8799999952316284,1.8799999952316284,1.8799999952316284,1.8799999952316284,1.8799999952316284,100.0
2024-03-01 15:45:00,ICCM,1.2799999713897705,1.2799999713897705,1.2799999713897705,1.2799999713897705,1.2799999713897705,599.0
2024-03-01 15:45:00,ICLR,324.0050048828125,324.0050048828125,324.4049987792969,323.81500244140625,324.4049987792969,19590.0
2024-03-01 15:45:00,ICUI,105.56999969482422,105.56999969482422,105.56999969482422,105.4749984741211,105.4749984741211,1490.0
2024-03-01 15:45:00,IDXX,576.4600219726562,576.4600219726562,576.4600219726562,575.9650268554688,576.280029296875,1925.0
2024-03-01 15:45:00,IDYA,46.209999084472656,46.209999084472656,46.209999084472656,46.13999938964844,46.13999938964844,5461.0
2024-03-01 15:45:00,IFRX,1.7300000190734863,1.7300000190734863,1.7300000190734863,1.7300000190734863,1.7300000190734863,100.0
2024-03-01 15:45:00,IGMS,12.670000076293945,12.670000076293945,12.720000267028809,12.630000114440918,12.640000343322754,3355.0
2024-03-01 15:45:00,IKNA,1.499899983406067,1.499899983406067,1.499899983406067,1.4900000095367432,1.4900000095367432,300.0
2024-03-01 15:45:00,ILMN,140.27999877929688,140.27999877929688,140.3000030517578,140.08999633789062,140.14999389648438,9433.0
2024-03-01 15:45:00,IMAB,1.7889000177383423,1.7889000177383423,1.7889000177383423,1.7889000177383423,1.7889000177383423,200.0
2024-03-01 15:45:00,IMCR,67.9000015258789,67.9000015258789,67.91000366210938,67.83999633789062,67.86499786376953,17661.0
2024-03-01 15:45:00,IMMX,3.4649999141693115,3.4649999141693115,3.4649999141693115,3.4649999141693115,3.4649999141693115,200.0
2024-03-01 15:45:00,IMNM,25.329999923706055,25.329999923706055,25.329999923706055,25.309999465942383,25.309999465942383,312.0
2024-03-01 15:45:00,IMTX,12.869999885559082,12.869999885559082,12.880000114440918,12.859999656677246,12.880000114440918,860.0
2024-03-01 15:45:00,IMUX,1.4400999546051025,1.4400999546051025,1.4401999711990356,1.440000057220459,1.440000057220459,6250.0
2024-03-01 15:45:00,IMVT,35.439998626708984,35.439998626708984,35.439998626708984,35.38999938964844,35.38999938964844,9399.0
2024-03-01 15:45:00,INAB,1.0800000429153442,1.0800000429153442,1.0800000429153442,1.0800000429153442,1.0800000429153442,500.0
2024-03-01 15:45:00,INBX,36.57500076293945,36.57500076293945,36.57500076293945,36.57500076293945,36.57500076293945,643.0
2024-03-01 15:45:00,INCY,58.98500061035156,58.98500061035156,58.9900016784668,58.96900177001953,58.970001220703125,6416.0
2024-03-01 15:45:00,INGN,6.934999942779541,6.934999942779541,6.945000171661377,6.934999942779541,6.940000057220459,8919.0
2024-03-01 15:45:00,INMB,12.385000228881836,12.385000228881836,12.385000228881836,12.300000190734863,12.350000381469727,2362.0
2024-03-01 15:45:00,INMD,22.905000686645508,22.905000686645508,22.905000686645508,22.895000457763672,22.895000457763672,4579.0
2024-03-01 15:45:00,INO,9.475000381469727,9.475000381469727,9.475000381469727,9.475000381469727,9.475000381469727,156.0
2024-03-01 15:45:00,INSM,27.959999084472656,27.959999084472656,28.020000457763672,27.950000762939453,28.010000228881836,22983.0
2024-03-01 15:45:00,INVA,15.380000114440918,15.380000114440918,15.380000114440918,15.375,15.375,583.0
2024-03-01 15:45:00,INZY,6.570000171661377,6.570000171661377,6.570000171661377,6.559999942779541,6.559999942779541,1237.0
2024-03-01 15:45:00,IONS,45.4900016784668,45.4900016784668,45.4900016784668,45.45500183105469,45.470001220703125,4054.0
2024-03-01 15:45:00,IOVA,16.825000762939453,16.825000762939453,16.829999923706055,16.81999969482422,16.825000762939453,14565.0
2024-03-01 15:45:00,IPSC,3.9600000381469727,3.9600000381469727,3.9600000381469727,3.9600000381469727,3.9600000381469727,210.0
2024-03-01 15:45:00,IRMD,41.50600051879883,41.50600051879883,41.66999816894531,41.5,41.66999816894531,500.0
2024-03-01 15:45:00,IRTC,120.38500213623047,120.38500213623047,120.38500213623047,120.2300033569336,120.2300033569336,3149.0
2024-03-01 15:45:00,IRWD,8.854999542236328,8.854999542236328,8.875,8.852499961853027,8.869999885559082,99029.0
2024-03-01 15:45:00,ISRG,398.69000244140625,398.69000244140625,398.69500732421875,398.3800048828125,398.3800048828125,6079.0
2024-03-01 15:45:00,ITCI,72.12000274658203,72.12000274658203,72.12999725341797,72.05000305175781,72.11000061035156,2728.0
2024-03-01 15:45:00,ITRM,1.2700999975204468,1.2700999975204468,1.2700999975204468,1.2700999975204468,1.2700999975204468,6372.0
2024-03-01 15:45:00,IVA,4.005000114440918,4.005000114440918,4.005000114440918,4.005000114440918,4.005000114440918,100.0
2024-03-01 15:45:00,IVVD,3.9749999046325684,3.9749999046325684,3.9749999046325684,3.9749999046325684,3.9749999046325684,103.0
2024-03-01 15:45:00,JAGX,0.08259999752044678,0.08259999752044678,0.08299999684095383,0.08250000327825546,0.08269999921321869,64394.0
2024-03-01 15:45:00,JANX,46.0,46.0,46.04499816894531,45.99190139770508,46.0099983215332,8629.0
2024-03-01 15:45:00,JAZZ,118.58000183105469,118.58000183105469,118.6500015258789,118.54000091552734,118.625,3747.0
2024-03-01 15:45:00,JSPR,21.475000381469727,21.475000381469727,21.475000381469727,21.475000381469727,21.475000381469727,314.0
2024-03-01 15:45:00,KALV,14.100000381469727,14.100000381469727,14.100000381469727,14.039999961853027,14.050000190734863,5329.0
2024-03-01 15:45:00,KIDS,27.959999084472656,27.959999084472656,27.979999542236328,27.93000030517578,27.979999542236328,2606.0
2024-03-01 15:45:00,KNSA,21.760000228881836,21.760000228881836,21.760000228881836,21.71500015258789,21.729999542236328,2769.0
2024-03-01 15:45:00,KNTE,2.5799999237060547,2.5799999237060547,2.5799999237060547,2.5799999237060547,2.5799999237060547,200.0
2024-03-01 15:45:00,KOD,6.010000228881836,6.010000228881836,6.010000228881836,5.980000019073486,5.980000019073486,3623.0
2024-03-01 15:45:00,KPTI,1.184999942779541,1.184999942779541,1.184999942779541,1.184999942779541,1.184999942779541,1065.0
2024-03-01 15:45:00,KRON,1.1399999856948853,1.1399999856948853,1.1399999856948853,1.1399999856948853,1.1399999856948853,100.0
2024-03-01 15:45:00,KROS,68.48999786376953,68.48999786376953,68.5,68.30999755859375,68.30999755859375,2684.0
2024-03-01 15:45:00,KRTX,315.75,315.75,315.75,315.7200012207031,315.7200012207031,449.0
2024-03-01 15:45:00,KRYS,167.86500549316406,167.86500549316406,168.0,167.75999450683594,167.77000427246094,1462.0
2024-03-01 15:45:00,KURA,21.579999923706055,21.579999923706055,21.579999923706055,21.56999969482422,21.579999923706055,2536.0
2024-03-01 15:45:00,KYMR,43.63999938964844,43.63999938964844,43.63999938964844,43.54999923706055,43.54999923706055,2243.0
2024-03-01 15:45:00,KZR,1.024999976158142,1.024999976158142,1.034999966621399,1.0199999809265137,1.0299999713897705,4301.0
2024-03-01 15:45:00,LAB,2.4749999046325684,2.4749999046325684,2.4749999046325684,2.4700000286102295,2.4700000286102295,7506.0
2024-03-01 15:45:00,LBPH,21.299999237060547,21.299999237060547,21.299999237060547,21.290000915527344,21.290000915527344,532.0
2024-03-01 15:45:00,LEGN,65.58000183105469,65.58000183105469,65.58999633789062,65.5199966430664,65.5875015258789,2283.0
2024-03-01 15:45:00,LEXX,2.8399999141693115,2.8399999141693115,2.8482000827789307,2.8399999141693115,2.8482000827789307,841.0
2024-03-01 15:45:00,LFMD,7.994999885559082,7.994999885559082,8.0,7.989999771118164,7.994999885559082,1301.0
2024-03-01 15:45:00,LFST,7.71999979019165,7.71999979019165,7.730000019073486,7.704999923706055,7.730000019073486,18734.0
2024-03-01 15:45:00,LGND,77.87999725341797,77.87999725341797,77.87999725341797,77.5,77.63999938964844,1400.0
2024-03-01 15:45:00,LGVN,0.5400000214576721,0.5400000214576721,0.5400000214576721,0.5400000214576721,0.5400000214576721,300.0
2024-03-01 15:45:00,LIAN,4.869999885559082,4.869999885559082,4.869999885559082,4.869999885559082,4.869999885559082,211.0
2024-03-01 15:45:00,LIVN,55.2400016784668,55.2400016784668,55.2400016784668,55.18000030517578,55.18000030517578,2881.0
2024-03-01 15:45:00,LIXT,2.430000066757202,2.430000066757202,2.4600000381469727,2.430000066757202,2.4600000381469727,801.0
2024-03-01 15:45:00,LMAT,67.73999786376953,67.73999786376953,67.78500366210938,67.73999786376953,67.78500366210938,429.0
2024-03-01 15:45:00,LNTH,64.42500305175781,64.42500305175781,64.42500305175781,64.36000061035156,64.37000274658203,5430.0
2024-03-01 15:45:00,LPTX,2.865000009536743,2.865000009536743,2.865000009536743,2.865000009536743,2.865000009536743,301.0
2024-03-01 15:45:00,LQDA,14.585000038146973,14.585000038146973,14.59000015258789,14.579999923706055,14.579999923706055,2086.0
2024-03-01 15:45:00,LRMR,11.3100004196167,11.3100004196167,11.3149995803833,11.300000190734863,11.3149995803833,2454.0
2024-03-01 15:45:00,LTRN,4.099999904632568,4.099999904632568,4.099999904632568,4.099999904632568,4.099999904632568,281.0
2024-03-01 15:45:00,LUMO,3.04010009765625,3.04010009765625,3.04010009765625,3.04010009765625,3.04010009765625,199.0
2024-03-01 15:45:00,LUNG,9.385000228881836,9.385000228881836,9.390000343322754,9.380000114440918,9.380000114440918,1336.0
2024-03-01 15:45:00,LVTX,2.515000104904175,2.515000104904175,2.5399999618530273,2.5,2.515000104904175,4724.0
2024-03-01 15:45:00,LXRX,2.4749999046325684,2.4749999046325684,2.4800000190734863,2.4700000286102295,2.4700000286102295,9549.0
2024-03-01 15:45:00,LYEL,3.0899999141693115,3.0899999141693115,3.0999999046325684,3.0899999141693115,3.0999999046325684,19898.0
2024-03-01 15:45:00,LYRA,5.644999980926514,5.644999980926514,5.659999847412109,5.635000228881836,5.635000228881836,1000.0
2024-03-01 15:45:00,MASI,126.76000213623047,126.76000213623047,126.94000244140625,126.69000244140625,126.94000244140625,1820.0
2024-03-01 15:45:00,MBRX,0.6299999952316284,0.6299999952316284,0.6299999952316284,0.6299999952316284,0.6299999952316284,200.0
2024-03-01 15:45:00,MCRB,1.2200000286102295,1.2200000286102295,1.225000023841858,1.2200000286102295,1.2200000286102295,520.0
2024-03-01 15:45:00,MDGL,249.1699981689453,249.1699981689453,249.1699981689453,249.1699981689453,249.1699981689453,707.0
2024-03-01 15:45:00,MDRX,6.0,6.0,6.03000020980835,6.0,6.0,113681.0
2024-03-01 15:45:00,MDWD,14.069999694824219,14.069999694824219,14.069999694824219,14.069999694824219,14.069999694824219,100.0
2024-03-01 15:45:00,MDXG,8.600000381469727,8.600000381469727,8.600000381469727,8.595000267028809,8.600000381469727,3356.0
2024-03-01 15:45:00,ME,0.5464000105857849,0.5464000105857849,0.546500027179718,0.5461999773979187,0.5462999939918518,24468.0
2024-03-01 15:45:00,MEDP,401.9700012207031,401.9700012207031,402.2900085449219,401.9700012207031,402.2900085449219,991.0
2024-03-01 15:45:00,MGNX,18.815000534057617,18.815000534057617,18.81999969482422,18.774999618530273,18.780000686645508,6271.0
2024-03-01 15:45:00,MGTX,6.400000095367432,6.400000095367432,6.400000095367432,6.400000095367432,6.400000095367432,235.0
2024-03-01 15:45:00,MHUA,0.6898999810218811,0.6898999810218811,0.6898999810218811,0.6898999810218811,0.6898999810218811,100.0
2024-03-01 15:45:00,MIRM,29.190000534057617,29.190000534057617,29.190000534057617,29.139999389648438,29.139999389648438,1254.0
2024-03-01 15:45:00,MIST,1.7000000476837158,1.7000000476837158,1.7000000476837158,1.7000000476837158,1.7000000476837158,461.0
2024-03-01 15:45:00,MLTX,50.70000076293945,50.70000076293945,50.72999954223633,50.540000915527344,50.540000915527344,7379.0
2024-03-01 15:45:00,MMSI,76.1500015258789,76.1500015258789,76.18000030517578,76.1500015258789,76.16000366210938,2553.0
2024-03-01 15:45:00,MNKD,4.5,4.5,4.514999866485596,4.5,4.514999866485596,10644.0
2024-03-01 15:45:00,MNMD,6.159999847412109,6.159999847412109,6.159999847412109,6.15500020980835,6.15500020980835,480.0
2024-03-01 15:45:00,MNPR,0.9160000085830688,0.9160000085830688,0.9301999807357788,0.9160000085830688,0.9300100207328796,7430.0
2024-03-01 15:45:00,MODD,1.9249999523162842,1.9249999523162842,1.9299999475479126,1.909999966621399,1.909999966621399,7990.0
2024-03-01 15:45:00,MODV,28.010000228881836,28.010000228881836,28.049999237060547,28.010000228881836,28.049999237060547,738.0
2024-03-01 15:45:00,MOR,17.670000076293945,17.670000076293945,17.670000076293945,17.670000076293945,17.670000076293945,169.0
2024-03-01 15:45:00,MORF,39.505001068115234,39.505001068115234,39.505001068115234,39.43000030517578,39.43000030517578,2937.0
2024-03-01 15:45:00,MREO,3.8996999263763428,3.8996999263763428,3.9200000762939453,3.890000104904175,3.9049999713897705,25930.0
2024-03-01 15:45:00,MRNA,95.4000015258789,95.4000015258789,95.41999816894531,95.3499984741211,95.38500213623047,10218.0
2024-03-01 15:45:00,MRNS,9.930000305175781,9.930000305175781,9.9399995803833,9.925000190734863,9.9399995803833,3856.0
2024-03-01 15:45:00,MRSN,5.949999809265137,5.949999809265137,5.949999809265137,5.900000095367432,5.900000095367432,14860.0
2024-03-01 15:45:00,MRUS,51.439998626708984,51.439998626708984,51.439998626708984,51.29999923706055,51.33000183105469,6378.0
2024-03-01 15:45:00,MRVI,7.635000228881836,7.635000228881836,7.635000228881836,7.614999771118164,7.6280999183654785,28589.0
2024-03-01 15:45:00,MXCT,4.710000038146973,4.710000038146973,4.715000152587891,4.704999923706055,4.715000152587891,6342.0
2024-03-01 15:45:00,MYGN,22.125,22.125,22.125,22.06999969482422,22.079999923706055,2062.0
2024-03-01 15:45:00,MYMD,3.3499999046325684,3.3499999046325684,3.3499999046325684,3.3499999046325684,3.3499999046325684,102.0
2024-03-01 15:45:00,NARI,45.38999938964844,45.38999938964844,45.400001525878906,45.31999969482422,45.35499954223633,17131.0
2024-03-01 15:45:00,NBIX,131.92999267578125,131.92999267578125,131.92999267578125,131.7449951171875,131.7449951171875,7655.0
2024-03-01 15:45:00,NCNA,0.3199999928474426,0.3199999928474426,0.3199999928474426,0.3199999928474426,0.3199999928474426,1000.0
2024-03-01 15:45:00,NEO,15.890000343322754,15.890000343322754,15.890000343322754,15.880000114440918,15.880000114440918,5097.0
2024-03-01 15:45:00,NEOG,17.219999313354492,17.219999313354492,17.219999313354492,17.204999923706055,17.209999084472656,3601.0
2024-03-01 15:45:00,NGM,1.5199999809265137,1.5199999809265137,1.524999976158142,1.5199999809265137,1.524999976158142,1087.0
2024-03-01 15:45:00,NKTR,0.7519000172615051,0.7519000172615051,0.7519000172615051,0.75,0.7505000233650208,21129.0
2024-03-01 15:45:00,NKTX,12.75,12.75,12.75,12.720000267028809,12.720000267028809,4356.0
2024-03-01 15:45:00,NNOX,10.989999771118164,10.989999771118164,10.989999771118164,10.970000267028809,10.989999771118164,9932.0
2024-03-01 15:45:00,NOTV,8.029999732971191,8.029999732971191,8.029999732971191,8.029999732971191,8.029999732971191,100.0
2024-03-01 15:45:00,NPCE,16.25,16.25,16.25,16.25,16.25,100.0
2024-03-01 15:45:00,NRC,40.63999938964844,40.63999938964844,40.709999084472656,40.470001220703125,40.5,5737.0
2024-03-01 15:45:00,NRIX,13.579999923706055,13.579999923706055,13.579999923706055,13.529999732971191,13.529999732971191,4271.0
2024-03-01 15:45:00,NRSN,2.0,2.0,2.0,2.0,2.0,708.0
2024-03-01 15:45:00,NRXP,0.4399999976158142,0.4399999976158142,0.4399999976158142,0.4350999891757965,0.4350999891757965,200.0
2024-03-01 15:45:00,NTLA,32.86000061035156,32.86000061035156,32.88999938964844,32.77009963989258,32.790000915527344,9517.0
2024-03-01 15:45:00,NTRA,89.40499877929688,89.40499877929688,89.45999908447266,89.37000274658203,89.41500091552734,12574.0
2024-03-01 15:45:00,NUTX,0.1137000024318695,0.1137000024318695,0.1137000024318695,0.1137000024318695,0.1137000024318695,1517.0
2024-03-01 15:45:00,NUVL,87.07499694824219,87.07499694824219,87.07499694824219,87.06999969482422,87.06999969482422,800.0
2024-03-01 15:45:00,NVAX,5.381199836730957,5.381199836730957,5.385000228881836,5.360899925231934,5.360899925231934,41638.0
2024-03-01 15:45:00,NVCR,16.09000015258789,16.09000015258789,16.09000015258789,16.075000762939453,16.075000762939453,4866.0
2024-03-01 15:45:00,NVCT,10.739999771118164,10.739999771118164,10.789999961853027,10.739999771118164,10.75,1042.0
2024-03-01 15:45:00,NVNO,6.360000133514404,6.360000133514404,6.385000228881836,6.349999904632568,6.385000228881836,2649.0
2024-03-01 15:45:00,NXTC,1.7899999618530273,1.7899999618530273,1.7899999618530273,1.7799999713897705,1.7799999713897705,300.0
2024-03-01 15:45:00,OCGN,0.9458000063896179,0.9458000063896179,0.9458000063896179,0.9458000063896179,0.9458000063896179,928.0
2024-03-01 15:45:00,OCUL,10.649999618530273,10.649999618530273,10.654999732971191,10.640000343322754,10.649999618530273,7571.0
2024-03-01 15:45:00,OFIX,12.970000267028809,12.970000267028809,12.970000267028809,12.96500015258789,12.96500015258789,928.0
2024-03-01 15:45:00,OGI,2.174999952316284,2.174999952316284,2.180000066757202,2.1700000762939453,2.1700000762939453,13652.0
2024-03-01 15:45:00,OKYO,1.4700000286102295,1.4700000286102295,1.4700000286102295,1.4700000286102295,1.4700000286102295,100.0
2024-03-01 15:45:00,OLK,23.0,23.0,23.0,22.9950008392334,23.0,1775.0
2024-03-01 15:45:00,OLMA,14.875,14.875,14.880000114440918,14.869999885559082,14.869999885559082,868.0
2024-03-01 15:45:00,OM,3.0899999141693115,3.0899999141693115,3.0899999141693115,3.0840001106262207,3.0840001106262207,5947.0
2024-03-01 15:45:00,OMER,4.820000171661377,4.820000171661377,4.820000171661377,4.820000171661377,4.820000171661377,4712.0
2024-03-01 15:45:00,OMGA,4.329999923706055,4.329999923706055,4.335000038146973,4.329999923706055,4.335000038146973,1382.0
2024-03-01 15:45:00,ONCY,1.1150000095367432,1.1150000095367432,1.1150000095367432,1.1150000095367432,1.1150000095367432,100.0
2024-03-01 15:46:00,ABCL,5.045000076293945,5.045000076293945,5.045000076293945,5.039999961853027,5.045000076293945,2549.0
2024-03-01 15:46:00,ABOS,4.644999980926514,4.644999980926514,4.644999980926514,4.644999980926514,4.644999980926514,155.0
2024-03-01 15:46:00,ABSI,5.505000114440918,5.505000114440918,5.514999866485596,5.5,5.514999866485596,11224.0
2024-03-01 15:46:00,ABUS,2.805000066757202,2.805000066757202,2.809999942779541,2.805000066757202,2.809999942779541,3160.0
2024-03-01 15:46:00,ACAD,24.084999084472656,24.084999084472656,24.084999084472656,24.06999969482422,24.079999923706055,4208.0
2024-03-01 15:46:00,ACCD,9.9350004196167,9.9350004196167,9.9399995803833,9.9350004196167,9.9399995803833,3260.0
2024-03-01 15:46:00,ACET,2.375,2.375,2.380000114440918,2.369999885559082,2.380000114440918,1323.0
2024-03-01 15:46:00,ACHC,84.0199966430664,84.0199966430664,84.0199966430664,83.98999786376953,83.98999786376953,1004.0
2024-03-01 15:46:00,ACHL,1.3700000047683716,1.3700000047683716,1.3700000047683716,1.3697999715805054,1.3697999715805054,5200.0
2024-03-01 15:46:00,ACIU,3.8399999141693115,3.8399999141693115,3.8399999141693115,3.8399999141693115,3.8399999141693115,200.0
2024-03-01 15:46:00,ACLX,67.0,67.0,67.0,67.0,67.0,1045.0
2024-03-01 15:46:00,ACON,0.3950999975204468,0.3950999975204468,0.3950999975204468,0.3950999975204468,0.3950999975204468,815.0
2024-03-01 15:46:00,ACRS,1.225000023841858,1.225000023841858,1.2300000190734863,1.225000023841858,1.225000023841858,1740.0
2024-03-01 15:46:00,ADAP,1.5800000429153442,1.5800000429153442,1.5800000429153442,1.5800000429153442,1.5800000429153442,100.0
2024-03-01 15:46:00,ADIL,3.049999952316284,3.049999952316284,3.052000045776367,3.0023000240325928,3.012500047683716,21908.0
2024-03-01 15:46:00,ADMA,5.534999847412109,5.534999847412109,5.539999961853027,5.53000020980835,5.534999847412109,2035.0
2024-03-01 15:46:00,ADPT,4.03000020980835,4.03000020980835,4.034999847412109,4.014999866485596,4.019999980926514,11264.0
2024-03-01 15:46:00,ADVM,1.9800000190734863,1.9800000190734863,1.9800000190734863,1.9700000286102295,1.975000023841858,2925.0
2024-03-01 15:46:00,AFMD,0.6643000245094299,0.6643000245094299,0.6653000116348267,0.6643000245094299,0.6650000214576721,5002.0
2024-03-01 15:46:00,AGEN,0.670074999332428,0.670074999332428,0.6700999736785889,0.6700000166893005,0.6700999736785889,22313.0
2024-03-01 15:46:00,AGIO,32.34000015258789,32.34000015258789,32.34000015258789,32.29999923706055,32.310001373291016,4971.0
2024-03-01 15:46:00,AHCO,10.505000114440918,10.505000114440918,10.505000114440918,10.5,10.5,11838.0
2024-03-01 15:46:00,AIH,0.5199999809265137,0.5199999809265137,0.5200999975204468,0.5199999809265137,0.5200999975204468,2122.0
2024-03-01 15:46:00,AIMD,1.0499999523162842,1.0499999523162842,1.0499999523162842,1.0499999523162842,1.0499999523162842,181.0
2024-03-01 15:46:00,AIRS,6.380000114440918,6.380000114440918,6.380000114440918,6.375,6.375,1012.0
2024-03-01 15:46:00,AKAN,0.2224999964237213,0.2224999964237213,0.2224999964237213,0.2224999964237213,0.2224999964237213,172.0
2024-03-01 15:46:00,AKBA,1.684999942779541,1.684999942779541,1.690000057220459,1.684999942779541,1.690000057220459,1008.0
2024-03-01 15:46:00,AKLI,0.33899998664855957,0.33899998664855957,0.33899998664855957,0.33899998664855957,0.33899998664855957,2726.0
2024-03-01 15:46:00,AKRO,28.485000610351562,28.485000610351562,28.510000228881836,28.454999923706055,28.469999313354492,1739.0
2024-03-01 15:46:00,AKYA,6.039999961853027,6.039999961853027,6.039999961853027,6.039999961853027,6.039999961853027,130.0
2024-03-01 15:46:00,ALEC,7.329999923706055,7.329999923706055,7.329999923706055,7.329999923706055,7.329999923706055,1877.0
2024-03-01 15:46:00,ALGN,301.0299987792969,301.0299987792969,301.0299987792969,300.9150085449219,300.9150085449219,537.0
2024-03-01 15:46:00,ALHC,5.550000190734863,5.550000190734863,5.559999942779541,5.550000190734863,5.554999828338623,3094.0
2024-03-01 15:46:00,ALIM,3.75,3.75,3.75,3.75,3.75,100.0
2024-03-01 15:46:00,ALKS,30.219999313354492,30.219999313354492,30.219999313354492,30.190000534057617,30.19499969482422,22037.0
2024-03-01 15:46:00,ALLK,1.6349999904632568,1.6349999904632568,1.6349999904632568,1.6299999952316284,1.6349999904632568,2937.0
2024-03-01 15:46:00,ALLO,4.894999980926514,4.894999980926514,4.894999980926514,4.889999866485596,4.889999866485596,5631.0
2024-03-01 15:46:00,ALNY,152.81500244140625,152.81500244140625,152.92999267578125,152.75999450683594,152.8699951171875,2424.0
2024-03-01 15:46:00,ALPN,35.84000015258789,35.84000015258789,35.84000015258789,35.810001373291016,35.83000183105469,1595.0
2024-03-01 15:46:00,ALRN,5.0,5.0,5.0,5.0,5.0,200.0
2024-03-01 15:46:00,ALT,12.154999732971191,12.154999732971191,12.164999961853027,12.140000343322754,12.154999732971191,14145.0
2024-03-01 15:46:00,ALVO,15.720000267028809,15.720000267028809,15.720000267028809,15.720000267028809,15.720000267028809,245.0
2024-03-01 15:46:00,ALVR,0.744700014591217,0.744700014591217,0.744700014591217,0.744700014591217,0.744700014591217,208.0
2024-03-01 15:46:00,ALXO,14.90999984741211,14.90999984741211,14.90999984741211,14.880000114440918,14.895000457763672,3333.0
2024-03-01 15:46:00,AMED,93.3499984741211,93.3499984741211,93.3499984741211,93.3499984741211,93.3499984741211,111.0
2024-03-01 15:46:00,AMGN,280.6099853515625,280.6099853515625,280.6099853515625,280.4100036621094,280.43499755859375,11211.0
2024-03-01 15:46:00,AMLX,18.655000686645508,18.655000686645508,18.65999984741211,18.649999618530273,18.65999984741211,5058.0
2024-03-01 15:46:00,AMPH,45.840999603271484,45.840999603271484,45.86000061035156,45.84000015258789,45.84000015258789,2567.0
2024-03-01 15:46:00,AMRN,1.0499999523162842,1.0499999523162842,1.0549999475479126,1.0499999523162842,1.0549999475479126,6274.0
2024-03-01 15:46:00,ANAB,25.399999618530273,25.399999618530273,25.399999618530273,25.399999618530273,25.399999618530273,2753.0
2024-03-01 15:46:00,ANGO,5.474999904632568,5.474999904632568,5.474999904632568,5.454999923706055,5.460000038146973,7674.0
2024-03-01 15:46:00,ANIK,24.989999771118164,24.989999771118164,25.030000686645508,24.989999771118164,25.030000686645508,235.0
2024-03-01 15:46:00,ANIP,66.82499694824219,66.82499694824219,66.82499694824219,66.82499694824219,66.82499694824219,773.0
2024-03-01 15:46:00,ANNX,6.039999961853027,6.039999961853027,6.039999961853027,6.03000020980835,6.039999961853027,5390.0
2024-03-01 15:46:00,ANTX,3.009999990463257,3.009999990463257,3.009999990463257,3.009999990463257,3.009999990463257,626.0
2024-03-01 15:46:00,APDN,0.5600000023841858,0.5600000023841858,0.5600000023841858,0.5600000023841858,0.5600000023841858,200.0
2024-03-01 15:46:00,APLS,64.06999969482422,64.06999969482422,64.1500015258789,64.06999969482422,64.08999633789062,3644.0
2024-03-01 15:46:00,APLT,7.054999828338623,7.054999828338623,7.059999942779541,7.045000076293945,7.045000076293945,3965.0
2024-03-01 15:46:00,APVO,0.16009999811649323,0.16009999811649323,0.16009999811649323,0.15760000050067902,0.1599999964237213,5501.0
2024-03-01 15:46:00,AQST,4.175000190734863,4.175000190734863,4.179999828338623,4.175000190734863,4.175000190734863,6919.0
2024-03-01 15:46:00,ARAY,2.615000009536743,2.615000009536743,2.615000009536743,2.615000009536743,2.615000009536743,357.0
2024-03-01 15:46:00,ARCT,39.599998474121094,39.599998474121094,39.599998474121094,39.560001373291016,39.56999969482422,1199.0
2024-03-01 15:46:00,ARDX,9.34000015258789,9.34000015258789,9.34000015258789,9.329999923706055,9.337499618530273,3609.0
2024-03-01 15:46:00,ARGX,391.2699890136719,391.2699890136719,392.135009765625,391.2699890136719,392.135009765625,440.0
2024-03-01 15:46:00,ARQT,11.489999771118164,11.489999771118164,11.499899864196777,11.46500015258789,11.46500015258789,13977.0
2024-03-01 15:46:00,ARVN,47.18000030517578,47.18000030517578,47.189998626708984,47.13999938964844,47.13999938964844,1659.0
2024-03-01 15:46:00,ARWR,35.83000183105469,35.83000183105469,35.84000015258789,35.79999923706055,35.82500076293945,4937.0
2024-03-01 15:46:00,ASLN,0.7190999984741211,0.7190999984741211,0.7190999984741211,0.7190999984741211,0.7190999984741211,100.0
2024-03-01 15:46:00,ASMB,13.300000190734863,13.300000190734863,13.300000190734863,13.300000190734863,13.300000190734863,814.0
2024-03-01 15:46:00,ASND,153.0500030517578,153.0500030517578,153.19000244140625,153.0500030517578,153.0500030517578,2310.0
2024-03-01 15:46:00,ASRT,0.8755999803543091,0.8755999803543091,0.8755999803543091,0.8725000023841858,0.8728500008583069,2009.0
2024-03-01 15:46:00,ATAI,2.125,2.125,2.125,2.125,2.125,1178.0
2024-03-01 15:46:00,ATEC,13.46500015258789,13.46500015258789,13.470000267028809,13.46500015258789,13.470000267028809,2378.0
2024-03-01 15:46:00,ATHA,3.924999952316284,3.924999952316284,3.9298999309539795,3.924999952316284,3.924999952316284,2010.0
2024-03-01 15:46:00,ATRA,0.7702000141143799,0.7702000141143799,0.7702000141143799,0.7702000141143799,0.7702000141143799,359.0
2024-03-01 15:46:00,ATRC,36.1349983215332,36.1349983215332,36.13999938964844,36.130001068115234,36.13999938964844,2780.0
2024-03-01 15:46:00,ATXI,0.15929999947547913,0.15929999947547913,0.15929999947547913,0.15929999947547913,0.15929999947547913,2000.0
2024-03-01 15:46:00,ATXS,14.895000457763672,14.895000457763672,14.895000457763672,14.895000457763672,14.895000457763672,507.0
2024-03-01 15:46:00,AUGX,4.559999942779541,4.559999942779541,4.559999942779541,4.559999942779541,4.559999942779541,338.0
2024-03-01 15:46:00,AUPH,5.760000228881836,5.760000228881836,5.760000228881836,5.744999885559082,5.755000114440918,21835.0
2024-03-01 15:46:00,AURA,9.244999885559082,9.244999885559082,9.244999885559082,9.244999885559082,9.244999885559082,161.0
2024-03-01 15:46:00,AUTL,6.244999885559082,6.244999885559082,6.25,6.235000133514404,6.239999771118164,3295.0
2024-03-01 15:46:00,AVDL,13.779999732971191,13.779999732971191,13.789999961853027,13.640000343322754,13.670000076293945,48587.0
2024-03-01 15:46:00,AVIR,4.449999809265137,4.449999809265137,4.449999809265137,4.449999809265137,4.449999809265137,855.0
2024-03-01 15:46:00,AVXL,5.239999771118164,5.239999771118164,5.244999885559082,5.239999771118164,5.244999885559082,797.0
2024-03-01 15:46:00,AXGN,10.729999542236328,10.729999542236328,10.729999542236328,10.720000267028809,10.720000267028809,627.0
2024-03-01 15:46:00,AXNX,67.8499984741211,67.8499984741211,67.8499984741211,67.80999755859375,67.82499694824219,1475.0
2024-03-01 15:46:00,AXSM,82.52999877929688,82.52999877929688,82.54000091552734,82.3499984741211,82.51000213623047,4727.0
2024-03-01 15:46:00,AZN,64.61499786376953,64.61499786376953,64.61499786376953,64.5999984741211,64.6050033569336,12743.0
2024-03-01 15:46:00,AZTA,67.06999969482422,67.06999969482422,67.06999969482422,67.04000091552734,67.04000091552734,1416.0
2024-03-01 15:46:00,BBIO,35.65999984741211,35.65999984741211,35.689998626708984,35.650001525878906,35.689998626708984,3628.0
2024-03-01 15:46:00,BBLG,2.3949999809265137,2.3949999809265137,2.4100000858306885,2.350100040435791,2.4100000858306885,4356.0
2024-03-01 15:46:00,BCAB,2.8350000381469727,2.8350000381469727,2.8399999141693115,2.8350000381469727,2.8350000381469727,476.0
2024-03-01 15:46:00,BCDA,0.5705999732017517,0.5705999732017517,0.5748999714851379,0.5705000162124634,0.572700023651123,3300.0
2024-03-01 15:46:00,BCEL,0.2687999904155731,0.2687999904155731,0.2687999904155731,0.2687999904155731,0.2687999904155731,100.0
2024-03-01 15:46:00,BCRX,5.625,5.625,5.630000114440918,5.619999885559082,5.619999885559082,3665.0
2024-03-01 15:46:00,BCYC,25.690000534057617,25.690000534057617,25.690000534057617,25.68000030517578,25.68000030517578,1001.0
2024-03-01 15:46:00,BDTX,4.775000095367432,4.775000095367432,4.775000095367432,4.77400016784668,4.77400016784668,1191.0
2024-03-01 15:46:00,BEAM,39.67499923706055,39.67499923706055,39.67499923706055,39.64500045776367,39.64500045776367,968.0
2024-03-01 15:46:00,BGNE,165.43499755859375,165.43499755859375,165.43499755859375,165.17999267578125,165.25,1015.0
2024-03-01 15:46:00,BIIB,220.92100524902344,220.92100524902344,220.92100524902344,220.8699951171875,220.8699951171875,1220.0
2024-03-01 15:46:00,BIOL,0.14640000462532043,0.14640000462532043,0.14650000631809235,0.14630000293254852,0.14634999632835388,69000.0
2024-03-01 15:46:00,BIVI,2.0199999809265137,2.0199999809265137,2.0999999046325684,1.9950000047683716,1.9950000047683716,134152.0
2024-03-01 15:46:00,BLFS,17.920000076293945,17.920000076293945,17.950000762939453,17.920000076293945,17.920000076293945,3181.0
2024-03-01 15:46:00,BLUE,1.5700000524520874,1.5700000524520874,1.5800000429153442,1.5700000524520874,1.5750000476837158,8412.0
2024-03-01 15:46:00,BMEA,17.81999969482422,17.81999969482422,17.81999969482422,17.790000915527344,17.790000915527344,2386.0
2024-03-01 15:46:00,BMRN,87.5999984741211,87.5999984741211,87.66000366210938,87.58999633789062,87.66000366210938,8664.0
2024-03-01 15:46:00,BNGO,1.2549999952316284,1.2549999952316284,1.2549999952316284,1.2549999952316284,1.2549999952316284,148.0
2024-03-01 15:46:00,BNOX,1.2000000476837158,1.2000000476837158,1.2000000476837158,1.2000000476837158,1.2000000476837158,100.0
2024-03-01 15:46:00,BNR,0.8101000189781189,0.8101000189781189,0.8101000189781189,0.8100000023841858,0.8101000189781189,500.0
2024-03-01 15:46:00,BNTX,90.66000366210938,90.66000366210938,90.66999816894531,90.62999725341797,90.66999816894531,851.0
2024-03-01 15:46:00,BOLT,1.2299000024795532,1.2299000024795532,1.2299000024795532,1.2299000024795532,1.2299000024795532,695.0
2024-03-01 15:46:00,BPMC,95.4800033569336,95.4800033569336,95.48500061035156,95.33999633789062,95.36000061035156,2903.0
2024-03-01 15:46:00,BRKR,88.3499984741211,88.3499984741211,88.3499984741211,88.22000122070312,88.22000122070312,4612.0
2024-03-01 15:46:00,BTAI,3.206700086593628,3.206700086593628,3.2100000381469727,3.206700086593628,3.2100000381469727,281.0
2024-03-01 15:46:00,BTTX,0.18000000715255737,0.18000000715255737,0.18240000307559967,0.18000000715255737,0.18240000307559967,35031.0
2024-03-01 15:46:00,BVS,4.769999980926514,4.769999980926514,4.769999980926514,4.769999980926514,4.769999980926514,170.0
2024-03-01 15:46:00,BWAY,6.599999904632568,6.599999904632568,6.599999904632568,6.599999904632568,6.599999904632568,143.0
2024-03-01 15:46:00,CABA,24.014999389648438,24.014999389648438,24.014999389648438,23.979999542236328,23.979999542236328,4473.0
2024-03-01 15:46:00,CAPR,4.5,4.5,4.5,4.5,4.5,219.0
2024-03-01 15:46:00,CARA,0.9243000149726868,0.9243000149726868,0.9265000224113464,0.9243000149726868,0.9243999719619751,2807.0
2024-03-01 15:46:00,CBAY,32.224998474121094,32.224998474121094,32.22999954223633,32.220001220703125,32.224998474121094,7589.0
2024-03-01 15:46:00,CCCC,10.989999771118164,10.989999771118164,10.9975004196167,10.989999771118164,10.994999885559082,1996.0
2024-03-01 15:46:00,CCRN,18.270000457763672,18.270000457763672,18.270000457763672,18.260000228881836,18.260000228881836,2644.0
2024-03-01 15:46:00,CDMO,8.239999771118164,8.239999771118164,8.239999771118164,8.220000267028809,8.220000267028809,6229.0
2024-03-01 15:46:00,CDNA,12.024999618530273,12.024999618530273,12.079999923706055,12.015000343322754,12.074999809265137,38140.0
2024-03-01 15:46:00,CDXS,4.510000228881836,4.510000228881836,4.534999847412109,4.510000228881836,4.532100200653076,4833.0
2024-03-01 15:46:00,CELC,17.344999313354492,17.344999313354492,17.344999313354492,17.344999313354492,17.344999313354492,357.0
2024-03-01 15:46:00,CERE,41.08000183105469,41.08000183105469,41.09000015258789,41.08000183105469,41.084999084472656,2158.0
2024-03-01 15:46:00,CERS,2.174999952316284,2.174999952316284,2.174999952316284,2.1700000762939453,2.1700000762939453,2854.0
2024-03-01 15:46:00,CERT,18.219999313354492,18.219999313354492,18.219999313354492,18.209999084472656,18.209999084472656,2103.0
2024-03-01 15:46:00,CGC,3.200000047683716,3.200000047683716,3.2088000774383545,3.200000047683716,3.200000047683716,1744.0
2024-03-01 15:46:00,CGEM,18.530000686645508,18.530000686645508,18.549999237060547,18.530000686645508,18.549999237060547,1575.0
2024-03-01 15:46:00,CGTX,1.9900000095367432,1.9900000095367432,1.9900000095367432,1.9900000095367432,1.9900000095367432,421.0
2024-03-01 15:46:00,CHRS,2.384999990463257,2.384999990463257,2.384999990463257,2.380000114440918,2.384999990463257,4340.0
2024-03-01 15:46:00,CJJD,2.8499999046325684,2.8499999046325684,2.8499999046325684,2.8399999141693115,2.8399999141693115,640.0
2024-03-01 15:46:00,CLDX,51.52000045776367,51.52000045776367,51.540000915527344,51.5099983215332,51.5099983215332,6410.0
2024-03-01 15:46:00,CLOV,0.8654000163078308,0.8654000163078308,0.8654000163078308,0.8652999997138977,0.8654000163078308,15518.0
2024-03-01 15:46:00,CLPT,6.630000114440918,6.630000114440918,6.630000114440918,6.625,6.625,709.0
2024-03-01 15:46:00,CLRB,4.099999904632568,4.099999904632568,4.105899810791016,4.099999904632568,4.105899810791016,2099.0
2024-03-01 15:46:00,CLSD,1.3899999856948853,1.3899999856948853,1.3899999856948853,1.3899999856948853,1.3899999856948853,426.0
2024-03-01 15:46:00,CMPS,11.460000038146973,11.460000038146973,11.479999542236328,11.460000038146973,11.470000267028809,1592.0
2024-03-01 15:46:00,CMRX,1.2000000476837158,1.2000000476837158,1.2000000476837158,1.2000000476837158,1.2000000476837158,100.0
2024-03-01 15:46:00,CNSP,0.3190999925136566,0.3190999925136566,0.3192000091075897,0.3100000023841858,0.3190999925136566,9469.0
2024-03-01 15:46:00,COGT,7.210000038146973,7.210000038146973,7.224999904632568,7.210000038146973,7.224999904632568,4586.0
2024-03-01 15:46:00,COLL,36.97999954223633,36.97999954223633,36.97999954223633,36.959999084472656,36.970001220703125,824.0
2024-03-01 15:46:00,CORT,24.19499969482422,24.19499969482422,24.19499969482422,24.184999465942383,24.19499969482422,3219.0
2024-03-01 15:46:00,CPRX,17.070999145507812,17.070999145507812,17.094999313354492,17.059999465942383,17.06999969482422,17087.0
2024-03-01 15:46:00,CPSI,9.25,9.25,9.25,9.239999771118164,9.25,1050.0
2024-03-01 15:46:00,CRBP,34.150001525878906,34.150001525878906,34.23500061035156,34.150001525878906,34.150001525878906,1041.0
2024-03-01 15:46:00,CRBU,7.775000095367432,7.775000095367432,7.78000020980835,7.760000228881836,7.764999866485596,10202.0
2024-03-01 15:46:00,CRDF,2.9600000381469727,2.9600000381469727,2.9800000190734863,2.9100000858306885,2.9100000858306885,231313.0
2024-03-01 15:46:00,CRDL,1.9299999475479126,1.9299999475479126,1.9299999475479126,1.9299999475479126,1.9299999475479126,2690.0
2024-03-01 15:46:00,CRMD,3.6600000858306885,3.6600000858306885,3.6600000858306885,3.6549999713897705,3.6549999713897705,329.0
2024-03-01 15:46:00,CRNX,45.779998779296875,45.779998779296875,45.782501220703125,45.73500061035156,45.75,4506.0
2024-03-01 15:46:00,CRON,2.015000104904175,2.015000104904175,2.0195000171661377,2.0100998878479004,2.0100998878479004,10795.0
2024-03-01 15:46:00,CRSP,84.11160278320312,84.11160278320312,84.11160278320312,84.03500366210938,84.08000183105469,13005.0
2024-03-01 15:46:00,CSTL,20.0,20.0,20.0,19.97010040283203,19.989999771118164,2770.0
2024-03-01 15:46:00,CTKB,9.055000305175781,9.055000305175781,9.0600004196167,9.045000076293945,9.050000190734863,4048.0
2024-03-01 15:46:00,CTMX,2.5950000286102295,2.5950000286102295,2.5999999046325684,2.5899999141693115,2.5950000286102295,23899.0
2024-03-01 15:46:00,CTSO,0.9624999761581421,0.9624999761581421,0.9624999761581421,0.9624999761581421,0.9624999761581421,389.0
2024-03-01 15:46:00,CTXR,0.7749000191688538,0.7749000191688538,0.7749000191688538,0.7749000191688538,0.7749000191688538,233.0
2024-03-01 15:46:00,CUTR,2.4000000953674316,2.4000000953674316,2.4000000953674316,2.4000000953674316,2.4000000953674316,677.0
2024-03-01 15:46:00,CVAC,3.4549999237060547,3.4549999237060547,3.4649999141693115,3.4549999237060547,3.4600000381469727,6725.0
2024-03-01 15:46:00,CVRX,20.829999923706055,20.829999923706055,20.829999923706055,20.815000534057617,20.815000534057617,639.0
2024-03-01 15:46:00,CYTK,73.7750015258789,73.7750015258789,73.79000091552734,73.76000213623047,73.7699966430664,3510.0
2024-03-01 15:46:00,CYTO,2.4600000381469727,2.4600000381469727,2.4600000381469727,2.4563000202178955,2.45989990234375,720.0
2024-03-01 15:46:00,DARE,0.5548999905586243,0.5548999905586243,0.5548999905586243,0.5548999905586243,0.5548999905586243,100.0
2024-03-01 15:46:00,DAWN,17.47010040283203,17.47010040283203,17.479999542236328,17.450000762939453,17.459999084472656,4836.0
2024-03-01 15:46:00,DCGO,4.074999809265137,4.074999809265137,4.074999809265137,4.059999942779541,4.065000057220459,17819.0
2024-03-01 15:46:00,DCPH,17.450000762939453,17.450000762939453,17.450000762939453,17.450000762939453,17.450000762939453,842.0
2024-03-01 15:46:00,DCTH,4.199999809265137,4.199999809265137,4.199999809265137,4.196800231933594,4.196800231933594,477.0
2024-03-01 15:46:00,DH,8.880000114440918,8.880000114440918,8.890000343322754,8.869999885559082,8.890000343322754,4457.0
2024-03-01 15:46:00,DMTK,0.848800003528595,0.848800003528595,0.8500000238418579,0.8399999737739563,0.8399999737739563,11622.0
2024-03-01 15:46:00,DNLI,20.684999465942383,20.684999465942383,20.709999084472656,20.68000030517578,20.709999084472656,1964.0
2024-03-01 15:46:00,DSGN,2.865000009536743,2.865000009536743,2.865000009536743,2.859999895095825,2.859999895095825,1409.0
2024-03-01 15:46:00,DTIL,12.447099685668945,12.447099685668945,12.5,12.447099685668945,12.5,1975.0
2024-03-01 15:46:00,DVAX,12.770000457763672,12.770000457763672,12.770000457763672,12.765000343322754,12.765000343322754,1679.0
2024-03-01 15:46:00,DXCM,121.37999725341797,121.37999725341797,121.38999938964844,121.27999877929688,121.30999755859375,17104.0
2024-03-01 15:46:00,DYAI,1.399999976158142,1.399999976158142,1.399999976158142,1.399999976158142,1.399999976158142,100.0
2024-03-01 15:46:00,DYN,29.104999542236328,29.104999542236328,29.1200008392334,29.09000015258789,29.09000015258789,1334.0
2024-03-01 15:46:00,EDIT,10.519000053405762,10.519000053405762,10.519000053405762,10.510000228881836,10.510000228881836,6670.0
2024-03-01 15:46:00,EGRX,6.480000019073486,6.480000019073486,6.480000019073486,6.480000019073486,6.480000019073486,331.0
2024-03-01 15:46:00,EIGR,7.315899848937988,7.315899848937988,7.315899848937988,7.315899848937988,7.315899848937988,171.0
2024-03-01 15:46:00,EKSO,2.0,2.0,2.0,1.9952000379562378,2.0,1596.0
2024-03-01 15:46:00,ELEV,5.099999904632568,5.099999904632568,5.119999885559082,5.09499979019165,5.105000019073486,3975.0
2024-03-01 15:46:00,EMBC,14.25,14.25,14.25,14.244999885559082,14.25,1567.0
2024-03-01 15:46:00,ENSG,121.87999725341797,121.87999725341797,121.87999725341797,121.83000183105469,121.83000183105469,1310.0
2024-03-01 15:46:00,ENTA,15.569999694824219,15.569999694824219,15.569999694824219,15.569999694824219,15.569999694824219,719.0
2024-03-01 15:46:00,ENVB,1.5499999523162842,1.5499999523162842,1.5499999523162842,1.5449999570846558,1.5499999523162842,7102.0
2024-03-01 15:46:00,EOLS,14.920000076293945,14.920000076293945,14.920000076293945,14.90999984741211,14.90999984741211,872.0
2024-03-01 15:46:00,EPIX,9.425000190734863,9.425000190734863,9.425000190734863,9.425000190734863,9.425000190734863,130.0
2024-03-01 15:46:00,ERAS,2.615000009536743,2.615000009536743,2.619999885559082,2.615000009536743,2.61899995803833,4296.0
2024-03-01 15:46:00,ESPR,2.5450000762939453,2.5450000762939453,2.549999952316284,2.5450000762939453,2.5450000762939453,21232.0
2024-03-01 15:46:00,ESTA,44.0099983215332,44.0099983215332,44.0099983215332,44.0099983215332,44.0099983215332,455.0
2024-03-01 15:46:00,ETNB,12.675000190734863,12.675000190734863,12.675000190734863,12.649999618530273,12.65999984741211,5125.0
2024-03-01 15:46:00,EWTX,16.6200008392334,16.6200008392334,16.6299991607666,16.604999542236328,16.604999542236328,4408.0
2024-03-01 15:46:00,EXAI,6.53000020980835,6.53000020980835,6.53000020980835,6.528900146484375,6.528900146484375,3073.0
2024-03-01 15:46:00,EXAS,59.21500015258789,59.21500015258789,59.27000045776367,59.20000076293945,59.20500183105469,10654.0
2024-03-01 15:46:00,EXEL,22.21500015258789,22.21500015258789,22.21500015258789,22.209999084472656,22.209999084472656,5599.0
2024-03-01 15:46:00,EYEN,2.4149999618530273,2.4149999618530273,2.4198999404907227,2.399899959564209,2.4000000953674316,6708.0
2024-03-01 15:46:00,EYPT,27.959999084472656,27.959999084472656,27.959999084472656,27.889999389648438,27.899999618530273,1671.0
2024-03-01 15:46:00,FATE,7.739999771118164,7.739999771118164,7.739999771118164,7.724999904632568,7.735000133514404,6748.0
2024-03-01 15:46:00,FDMT,29.110000610351562,29.110000610351562,29.110000610351562,29.030000686645508,29.030000686645508,1323.0
2024-03-01 15:46:00,FEMY,1.809999942779541,1.809999942779541,1.8200000524520874,1.809999942779541,1.8200000524520874,5028.0
2024-03-01 15:46:00,FENC,9.770000457763672,9.770000457763672,9.770000457763672,9.770000457763672,9.770000457763672,131.0
2024-03-01 15:46:00,FGEN,1.8250000476837158,1.8250000476837158,1.8300000429153442,1.809999942779541,1.8300000429153442,18735.0
2024-03-01 15:46:00,FIXX,0.8899999856948853,0.8899999856948853,0.8899999856948853,0.8898000121116638,0.8899999856948853,3206.0
2024-03-01 15:46:00,FLGT,23.1200008392334,23.1200008392334,23.1200008392334,23.084999084472656,23.084999084472656,1629.0
2024-03-01 15:46:00,FOLD,13.279999732971191,13.279999732971191,13.289999961853027,13.279999732971191,13.28499984741211,8241.0
2024-03-01 15:46:00,FULC,11.0,11.0,11.0,10.975000381469727,10.975000381469727,2967.0
2024-03-01 15:46:00,FUSN,12.09000015258789,12.09000015258789,12.09000015258789,12.079999923706055,12.079999923706055,2659.0
2024-03-01 15:46:00,GBIO,2.630000114440918,2.630000114440918,2.630000114440918,2.615000009536743,2.619999885559082,18146.0
2024-03-01 15:46:00,GDRX,8.3149995803833,8.3149995803833,8.329999923706055,8.3100004196167,8.329999923706055,11877.0
2024-03-01 15:46:00,GENE,2.346100091934204,2.346100091934204,2.346100091934204,2.346100091934204,2.346100091934204,401.0
2024-03-01 15:46:00,GERN,2.25,2.25,2.25,2.24180006980896,2.25,20842.0
2024-03-01 15:46:00,GH,18.954999923706055,18.954999923706055,18.959999084472656,18.950000762939453,18.954999923706055,5166.0
2024-03-01 15:46:00,GHRS,8.40999984741211,8.40999984741211,8.40999984741211,8.399999618530273,8.399999618530273,392.0
2024-03-01 15:46:00,GILD,72.32499694824219,72.32499694824219,72.32499694824219,72.30000305175781,72.30000305175781,16614.0
2024-03-01 15:46:00,GLMD,0.4041000008583069,0.4041000008583069,0.4099000096321106,0.40400001406669617,0.40400001406669617,805.0
2024-03-01 15:46:00,GLPG,35.08000183105469,35.08000183105469,35.08000183105469,35.04499816894531,35.04499816894531,1065.0
2024-03-01 15:46:00,GLSI,12.850000381469727,12.850000381469727,12.850000381469727,12.850000381469727,12.850000381469727,102.0
2024-03-01 15:46:00,GMAB,29.295000076293945,29.295000076293945,29.299999237060547,29.295000076293945,29.295000076293945,4135.0
2024-03-01 15:46:00,GMDA,0.3837999999523163,0.3837999999523163,0.3837999999523163,0.3837999999523163,0.3837999999523163,394.0
2024-03-01 15:46:00,GOSS,1.399999976158142,1.399999976158142,1.399999976158142,1.3899999856948853,1.3899999856948853,2731.0
2024-03-01 15:46:00,GOVX,2.4600000381469727,2.4600000381469727,2.4700000286102295,2.4600000381469727,2.4700000286102295,524.0
2024-03-01 15:46:00,GRFS,7.005000114440918,7.005000114440918,7.010000228881836,7.001100063323975,7.005000114440918,11093.0
2024-03-01 15:46:00,GRTS,2.0,2.0,2.005000114440918,2.0,2.005000114440918,4343.0
2024-03-01 15:46:00,GRTX,0.22750000655651093,0.22750000655651093,0.22750000655651093,0.22660000622272491,0.22750000655651093,8707.0
2024-03-01 15:46:00,GTHX,3.7049999237060547,3.7049999237060547,3.7100000381469727,3.694999933242798,3.694999933242798,3168.0
2024-03-01 15:46:00,HALO,41.06999969482422,41.06999969482422,41.09000015258789,41.060001373291016,41.060001373291016,6701.0
2024-03-01 15:46:00,HCAT,8.0649995803833,8.0649995803833,8.0649995803833,8.0600004196167,8.0600004196167,1597.0
2024-03-01 15:46:00,HCSG,12.824999809265137,12.824999809265137,12.824999809265137,12.819999694824219,12.819999694824219,1023.0
2024-03-01 15:46:00,HCTI,1.9900000095367432,1.9900000095367432,1.9900000095367432,1.9703999757766724,1.9704999923706055,3030.0
2024-03-01 15:46:00,HLTH,0.2694000005722046,0.2694000005722046,0.26989999413490295,0.2680000066757202,0.2689000070095062,11652.0
2024-03-01 15:46:00,HLVX,18.985000610351562,18.985000610351562,18.985000610351562,18.985000610351562,18.985000610351562,253.0
2024-03-01 15:46:00,HOLX,73.92500305175781,73.92500305175781,73.93990325927734,73.8949966430664,73.91999816894531,7630.0
2024-03-01 15:46:00,HQY,81.27999877929688,81.27999877929688,81.27999877929688,81.27999877929688,81.27999877929688,332.0
2024-03-01 15:46:00,HRMY,31.93000030517578,31.93000030517578,31.93000030517578,31.8799991607666,31.8799991607666,1859.0
2024-03-01 15:46:00,HRTX,2.5899999141693115,2.5899999141693115,2.5999999046325684,2.5899999141693115,2.5899999141693115,1321.0
2024-03-01 15:46:00,HSCS,0.12160000205039978,0.12160000205039978,0.12290000170469284,0.12160000205039978,0.12290000170469284,12120.0
2024-03-01 15:46:00,HSDT,4.599999904632568,4.599999904632568,4.599999904632568,4.599999904632568,4.599999904632568,333.0
2024-03-01 15:46:00,HSIC,76.81999969482422,76.81999969482422,76.83499908447266,76.79100036621094,76.82099914550781,7172.0
2024-03-01 15:46:00,HSTM,27.149999618530273,27.149999618530273,27.170000076293945,27.149999618530273,27.15999984741211,5273.0
2024-03-01 15:46:00,HUMA,3.2950000762939453,3.2950000762939453,3.299999952316284,3.2899999618530273,3.2950000762939453,9394.0
2024-03-01 15:46:00,IART,36.06999969482422,36.06999969482422,36.06999969482422,36.040000915527344,36.04499816894531,4051.0
2024-03-01 15:46:00,IBRX,4.735000133514404,4.735000133514404,4.739999771118164,4.730000019073486,4.739999771118164,1935.0
2024-03-01 15:46:00,ICAD,1.899999976158142,1.899999976158142,1.899999976158142,1.8899999856948853,1.8899999856948853,10088.0
2024-03-01 15:46:00,ICCM,1.309399962425232,1.309399962425232,1.309399962425232,1.309399962425232,1.309399962425232,240.0
2024-03-01 15:46:00,ICLR,324.2850036621094,324.2850036621094,324.3699951171875,324.2799987792969,324.2799987792969,1199.0
2024-03-01 15:46:00,ICUI,105.58000183105469,105.58000183105469,105.58000183105469,105.52999877929688,105.52999877929688,1343.0
2024-03-01 15:46:00,IDYA,46.290000915527344,46.290000915527344,46.290000915527344,46.22999954223633,46.22999954223633,2420.0
2024-03-01 15:46:00,IFRX,1.7300000190734863,1.7300000190734863,1.7300000190734863,1.7300000190734863,1.7300000190734863,120.0
2024-03-01 15:46:00,IGMS,12.729999542236328,12.729999542236328,12.770000457763672,12.720000267028809,12.739999771118164,2048.0
2024-03-01 15:46:00,IINN,1.690000057220459,1.690000057220459,1.690000057220459,1.6799999475479126,1.690000057220459,6094.0
2024-03-01 15:46:00,IKNA,1.4800000190734863,1.4800000190734863,1.4900000095367432,1.4800000190734863,1.4900000095367432,4995.0
2024-03-01 15:46:00,ILMN,140.3300018310547,140.3300018310547,140.3300018310547,140.22999572753906,140.32000732421875,4310.0
2024-03-01 15:46:00,IMAB,1.7899999618530273,1.7899999618530273,1.7899999618530273,1.7898999452590942,1.7898999452590942,465.0
2024-03-01 15:46:00,IMCR,67.94999694824219,67.94999694824219,67.94999694824219,67.8949966430664,67.8949966430664,241.0
2024-03-01 15:46:00,IMNM,25.38479995727539,25.38479995727539,25.420000076293945,25.350000381469727,25.350000381469727,2257.0
2024-03-01 15:46:00,IMTX,12.869999885559082,12.869999885559082,12.878299713134766,12.869999885559082,12.878299713134766,1195.0
2024-03-01 15:46:00,IMUX,1.440000057220459,1.440000057220459,1.4450000524520874,1.440000057220459,1.440000057220459,806.0
2024-03-01 15:46:00,IMVT,35.430999755859375,35.430999755859375,35.43199920654297,35.41999816894531,35.43000030517578,1346.0
2024-03-01 15:46:00,INBX,36.54999923706055,36.54999923706055,36.57500076293945,36.54999923706055,36.57500076293945,570.0
2024-03-01 15:46:00,INCY,59.02000045776367,59.02000045776367,59.029998779296875,58.97999954223633,58.97999954223633,5663.0
2024-03-01 15:46:00,INGN,6.940000057220459,6.940000057220459,6.940000057220459,6.934999942779541,6.934999942779541,322.0
2024-03-01 15:46:00,INMB,12.324999809265137,12.324999809265137,12.359999656677246,12.324999809265137,12.359999656677246,892.0
2024-03-01 15:46:00,INMD,22.915000915527344,22.915000915527344,22.920000076293945,22.905000686645508,22.905000686645508,3293.0
2024-03-01 15:46:00,INO,9.479999542236328,9.479999542236328,9.479999542236328,9.479999542236328,9.479999542236328,895.0
2024-03-01 15:46:00,INSM,27.954999923706055,27.954999923706055,27.96500015258789,27.954999923706055,27.954999923706055,3028.0
2024-03-01 15:46:00,INVA,15.385000228881836,15.385000228881836,15.385000228881836,15.378999710083008,15.380000114440918,5565.0
2024-03-01 15:46:00,INZY,6.570000171661377,6.570000171661377,6.570499897003174,6.570000171661377,6.570499897003174,658.0
2024-03-01 15:46:00,IONS,45.48500061035156,45.48500061035156,45.4900016784668,45.470001220703125,45.4900016784668,3044.0
2024-03-01 15:46:00,IOVA,16.885000228881836,16.885000228881836,16.889999389648438,16.809999465942383,16.81999969482422,130983.0
2024-03-01 15:46:00,IPSC,3.950000047683716,3.950000047683716,3.950000047683716,3.950000047683716,3.950000047683716,100.0
2024-03-01 15:46:00,IRMD,41.599998474121094,41.599998474121094,41.599998474121094,41.599998474121094,41.599998474121094,103.0
2024-03-01 15:46:00,IRWD,8.895000457763672,8.895000457763672,8.899999618530273,8.850000381469727,8.854999542236328,249170.0
2024-03-01 15:46:00,ISPC,0.4584999978542328,0.4584999978542328,0.4584999978542328,0.4584999978542328,0.4584999978542328,391.0
2024-03-01 15:46:00,ISRG,398.8599853515625,398.8599853515625,398.8599853515625,398.5899963378906,398.7300109863281,9992.0
2024-03-01 15:46:00,ITCI,72.1500015258789,72.1500015258789,72.16000366210938,72.08999633789062,72.12000274658203,3164.0
2024-03-01 15:46:00,ITRM,1.2619999647140503,1.2619999647140503,1.2619999647140503,1.2619999647140503,1.2619999647140503,298.0
2024-03-01 15:46:00,IVVD,3.9700000286102295,3.9700000286102295,3.9749999046325684,3.9700000286102295,3.9749999046325684,303.0
2024-03-01 15:46:00,JAGX,0.08280900120735168,0.08280900120735168,0.08340000361204147,0.08250000327825546,0.08259999752044678,114948.0
2024-03-01 15:46:00,JANX,46.02000045776367,46.02000045776367,46.04499816894531,45.9900016784668,46.04499816894531,7591.0
2024-03-01 15:46:00,JAZZ,118.6500015258789,118.6500015258789,118.68000030517578,118.56999969482422,118.61000061035156,5013.0
2024-03-01 15:46:00,JYNT,9.875,9.875,9.890000343322754,9.875,9.875,449.0
2024-03-01 15:46:00,KALV,14.095000267028809,14.095000267028809,14.100000381469727,14.09000015258789,14.100000381469727,1694.0
2024-03-01 15:46:00,KMDA,6.369999885559082,6.369999885559082,6.369999885559082,6.369999885559082,6.369999885559082,107.0
2024-03-01 15:46:00,KNSA,21.770000457763672,21.770000457763672,21.78580093383789,21.770000457763672,21.780000686645508,1973.0
2024-03-01 15:46:00,KNTE,2.5799999237060547,2.5799999237060547,2.5899999141693115,2.5799999237060547,2.5899999141693115,300.0
2024-03-01 15:46:00,KOD,6.014999866485596,6.014999866485596,6.014999866485596,6.010000228881836,6.010000228881836,470.0
2024-03-01 15:46:00,KPTI,1.184999942779541,1.184999942779541,1.1875,1.1799999475479126,1.1875,1761.0
2024-03-01 15:46:00,KRON,1.1399999856948853,1.1399999856948853,1.1399999856948853,1.1299999952316284,1.1399999856948853,11100.0
2024-03-01 15:46:00,KROS,68.62000274658203,68.62000274658203,68.66500091552734,68.62000274658203,68.66500091552734,567.0
2024-03-01 15:46:00,KRTX,315.739990234375,315.739990234375,315.79998779296875,315.6700134277344,315.79998779296875,1233.0
2024-03-01 15:46:00,KRYS,167.66000366210938,167.66000366210938,167.69000244140625,167.64999389648438,167.69000244140625,468.0
2024-03-01 15:46:00,KTRA,0.10010000318288803,0.10010000318288803,0.1005999967455864,0.09969999641180038,0.09989999979734421,74157.0
2024-03-01 15:46:00,KURA,21.610000610351562,21.610000610351562,21.610000610351562,21.584999084472656,21.584999084472656,1893.0
2024-03-01 15:46:00,KYMR,43.709999084472656,43.709999084472656,43.709999084472656,43.63999938964844,43.65999984741211,2578.0
2024-03-01 15:46:00,KZR,1.0199999809265137,1.0199999809265137,1.0299999713897705,1.0199999809265137,1.024999976158142,5436.0
2024-03-01 15:46:00,LAB,2.4749999046325684,2.4749999046325684,2.4800000190734863,2.4700000286102295,2.4800000190734863,7484.0
2024-03-01 15:46:00,LBPH,21.25,21.25,21.290000915527344,21.229999542236328,21.229999542236328,1982.0
2024-03-01 15:46:00,LEGN,65.61000061035156,65.61000061035156,65.61000061035156,65.61000061035156,65.61000061035156,512.0
2024-03-01 15:46:00,LEXX,2.8299999237060547,2.8299999237060547,2.8499999046325684,2.8299999237060547,2.8299999237060547,2935.0
2024-03-01 15:46:00,LFLYW,0.02800000086426735,0.02800000086426735,0.02800000086426735,0.02800000086426735,0.02800000086426735,500.0
2024-03-01 15:46:00,LFMD,7.989999771118164,7.989999771118164,8.029999732971191,7.989999771118164,7.994999885559082,20068.0
2024-03-01 15:46:00,LFST,7.724999904632568,7.724999904632568,7.724999904632568,7.715000152587891,7.715000152587891,7028.0
2024-03-01 15:46:00,LGND,78.05999755859375,78.05999755859375,78.05999755859375,77.88999938964844,77.91000366210938,558.0
2024-03-01 15:46:00,LGVN,0.5354999899864197,0.5354999899864197,0.5354999899864197,0.5354999899864197,0.5354999899864197,612.0
2024-03-01 15:46:00,LIAN,4.869999885559082,4.869999885559082,4.875,4.869999885559082,4.875,1165.0
2024-03-01 15:46:00,LIVN,55.22999954223633,55.22999954223633,55.25,55.220001220703125,55.25,2891.0
2024-03-01 15:46:00,LMAT,67.79000091552734,67.79000091552734,67.79000091552734,67.7300033569336,67.7300033569336,2764.0
2024-03-01 15:46:00,LNTH,64.44000244140625,64.44000244140625,64.44999694824219,64.41000366210938,64.41999816894531,3963.0
2024-03-01 15:46:00,LPTX,2.869999885559082,2.869999885559082,2.869999885559082,2.865000009536743,2.869999885559082,2212.0
2024-03-01 15:46:00,LQDA,14.600000381469727,14.600000381469727,14.600000381469727,14.585000038146973,14.585000038146973,1467.0
2024-03-01 15:46:00,LRMR,11.319999694824219,11.319999694824219,11.319999694824219,11.319999694824219,11.319999694824219,214.0
2024-03-01 15:46:00,LUMO,3.0399999618530273,3.0399999618530273,3.0399999618530273,3.0399999618530273,3.0399999618530273,401.0
2024-03-01 15:46:00,LUNG,9.380999565124512,9.380999565124512,9.390000343322754,9.380000114440918,9.390000343322754,1490.0
2024-03-01 15:46:00,LVTX,2.5,2.5,2.5299999713897705,2.490000009536743,2.490000009536743,1397.0
2024-03-01 15:46:00,LXRX,2.4749999046325684,2.4749999046325684,2.4800000190734863,2.4749999046325684,2.4749999046325684,807.0
2024-03-01 15:46:00,LYEL,3.0799999237060547,3.0799999237060547,3.0899999141693115,3.0799999237060547,3.0899999141693115,3727.0
2024-03-01 15:46:00,LYRA,5.635000228881836,5.635000228881836,5.659999847412109,5.634200096130371,5.634200096130371,949.0
2024-03-01 15:46:00,MASI,126.6449966430664,126.6449966430664,126.6449966430664,126.6449966430664,126.6449966430664,466.0
2024-03-01 15:46:00,MBRX,0.6199989914894104,0.6199989914894104,0.6299999952316284,0.6199989914894104,0.6299999952316284,899.0
2024-03-01 15:46:00,MCRB,1.2200000286102295,1.2200000286102295,1.2300000190734863,1.2200000286102295,1.2200000286102295,2809.0
2024-03-01 15:46:00,MDRX,6.019999980926514,6.019999980926514,6.019999980926514,6.0,6.0,65619.0
2024-03-01 15:46:00,MDXG,8.600000381469727,8.600000381469727,8.600000381469727,8.595000267028809,8.595000267028809,6782.0
2024-03-01 15:46:00,ME,0.5461999773979187,0.5461999773979187,0.5464500188827515,0.5461999773979187,0.5464500188827515,6572.0
2024-03-01 15:46:00,MEDP,402.29998779296875,402.29998779296875,402.5050048828125,402.2860107421875,402.4100036621094,1262.0
2024-03-01 15:46:00,MGNX,18.815000534057617,18.815000534057617,18.81999969482422,18.80500030517578,18.809999465942383,2085.0
2024-03-01 15:46:00,MGTX,6.409999847412109,6.409999847412109,6.409999847412109,6.400000095367432,6.400000095367432,473.0
2024-03-01 15:46:00,MIRM,29.190000534057617,29.190000534057617,29.209699630737305,29.190000534057617,29.209699630737305,2156.0
2024-03-01 15:46:00,MIST,1.7200000286102295,1.7200000286102295,1.7200000286102295,1.6799999475479126,1.718999981880188,13551.0
2024-03-01 15:46:00,MLTX,50.71500015258789,50.71500015258789,50.71500015258789,50.709999084472656,50.709999084472656,1129.0
2024-03-01 15:46:00,MNKD,4.5,4.5,4.5,4.5,4.5,5255.0
2024-03-01 15:46:00,MNMD,6.175000190734863,6.175000190734863,6.179999828338623,6.170000076293945,6.170000076293945,1220.0
2024-03-01 15:46:00,MNPR,0.9207000136375427,0.9207000136375427,0.9207000136375427,0.9207000136375427,0.9207000136375427,100.0
2024-03-01 15:46:00,MODD,1.9249999523162842,1.9249999523162842,1.9249999523162842,1.9249999523162842,1.9249999523162842,200.0
2024-03-01 15:46:00,MODV,27.979999542236328,27.979999542236328,28.010000228881836,27.979999542236328,28.010000228881836,3220.0
2024-03-01 15:46:00,MOR,17.670000076293945,17.670000076293945,17.68000030517578,17.670000076293945,17.68000030517578,1984.0
2024-03-01 15:46:00,MREO,3.890000104904175,3.890000104904175,3.9000000953674316,3.890000104904175,3.8949999809265137,28632.0
2024-03-01 15:46:00,MRNA,95.30000305175781,95.30000305175781,95.37999725341797,95.29000091552734,95.375,6412.0
2024-03-01 15:46:00,MRNS,9.949999809265137,9.949999809265137,9.949999809265137,9.9399995803833,9.9399995803833,2669.0
2024-03-01 15:46:00,MRSN,5.934999942779541,5.934999942779541,5.947500228881836,5.934999942779541,5.945000171661377,5317.0
2024-03-01 15:46:00,MRUS,51.400001525878906,51.400001525878906,51.439998626708984,51.400001525878906,51.439998626708984,1002.0
2024-03-01 15:46:00,MRVI,7.630000114440918,7.630000114440918,7.635000228881836,7.630000114440918,7.630000114440918,1957.0
2024-03-01 15:46:00,MTEM,3.619999885559082,3.619999885559082,3.619999885559082,3.619999885559082,3.619999885559082,128.0
2024-03-01 15:46:00,MXCT,4.724999904632568,4.724999904632568,4.724999904632568,4.704999923706055,4.704999923706055,3844.0
2024-03-01 15:46:00,MYGN,22.100000381469727,22.100000381469727,22.125,22.100000381469727,22.125,1416.0
2024-03-01 15:46:00,NARI,45.369998931884766,45.369998931884766,45.38999938964844,45.36000061035156,45.380001068115234,12339.0
2024-03-01 15:46:00,NBIX,131.94000244140625,131.94000244140625,131.99000549316406,131.92999267578125,131.92999267578125,2693.0
2024-03-01 15:46:00,NCNA,0.3199999928474426,0.3199999928474426,0.3199999928474426,0.3199999928474426,0.3199999928474426,485.0
2024-03-01 15:46:00,NDRA,1.1399999856948853,1.1399999856948853,1.1449999809265137,1.1399999856948853,1.1449999809265137,2200.0
2024-03-01 15:46:00,NEO,15.885000228881836,15.885000228881836,15.890000343322754,15.880000114440918,15.885000228881836,4250.0
2024-03-01 15:46:00,NEOG,17.219999313354492,17.219999313354492,17.225000381469727,17.219999313354492,17.225000381469727,1915.0
2024-03-01 15:46:00,NEPT,0.41989898681640625,0.41989898681640625,0.41989898681640625,0.41989898681640625,0.41989898681640625,1023.0
2024-03-01 15:46:00,NGM,1.5199999809265137,1.5199999809265137,1.524999976158142,1.5199999809265137,1.5199999809265137,696.0
2024-03-01 15:46:00,NKTR,0.7472000122070312,0.7472000122070312,0.7501999735832214,0.7461000084877014,0.75,9976.0
2024-03-01 15:46:00,NKTX,12.850000381469727,12.850000381469727,12.850000381469727,12.75,12.75,9501.0
2024-03-01 15:46:00,NLSP,0.36000001430511475,0.36000001430511475,0.36000001430511475,0.36000001430511475,0.36000001430511475,100.0
2024-03-01 15:46:00,NNOX,11.010000228881836,11.010000228881836,11.010000228881836,10.994999885559082,11.0,4120.0
2024-03-01 15:46:00,NOTV,8.020000457763672,8.020000457763672,8.050000190734863,8.0,8.029999732971191,3764.0
2024-03-01 15:46:00,NPCE,16.270000457763672,16.270000457763672,16.270000457763672,16.209999084472656,16.229999542236328,581.0
2024-03-01 15:46:00,NRC,40.654998779296875,40.654998779296875,40.654998779296875,40.599998474121094,40.619998931884766,400.0
2024-03-01 15:46:00,NRIX,13.579999923706055,13.579999923706055,13.579999923706055,13.5600004196167,13.5600004196167,214.0
2024-03-01 15:46:00,NRSN,2.0,2.0,2.0,2.0,2.0,1776.0
2024-03-01 15:46:00,NRXP,0.4399000108242035,0.4399000108242035,0.4438999891281128,0.4399000108242035,0.44200000166893005,17718.0
2024-03-01 15:46:00,NTLA,32.880001068115234,32.880001068115234,32.88999938964844,32.86000061035156,32.86000061035156,5433.0
2024-03-01 15:46:00,NTRA,89.30999755859375,89.30999755859375,89.38999938964844,89.29000091552734,89.38999938964844,8453.0
2024-03-01 15:46:00,NUTX,0.1137000024318695,0.1137000024318695,0.11384999752044678,0.11349999904632568,0.1137000024318695,1787.0
2024-03-01 15:46:00,NUVL,87.0199966430664,87.0199966430664,87.07499694824219,87.0199966430664,87.02999877929688,1233.0
2024-03-01 15:46:00,NUWE,0.5906000137329102,0.5906000137329102,0.5906000137329102,0.5906000137329102,0.5906000137329102,200.0
2024-03-01 15:46:00,NVAX,5.385000228881836,5.385000228881836,5.385000228881836,5.369999885559082,5.383999824523926,40854.0
2024-03-01 15:46:00,NVCR,16.094999313354492,16.094999313354492,16.100000381469727,16.084999084472656,16.084999084472656,9724.0
2024-03-01 15:46:00,NVCT,10.75,10.75,10.75,10.75,10.75,627.0
2024-03-01 15:46:00,NVNO,6.329999923706055,6.329999923706055,6.360000133514404,6.320000171661377,6.360000133514404,3147.0
2024-03-01 15:46:00,NXTC,1.7899999618530273,1.7899999618530273,1.7899999618530273,1.7899999618530273,1.7899999618530273,100.0
2024-03-01 15:46:00,OCGN,0.9458000063896179,0.9458000063896179,0.9478139877319336,0.9458000063896179,0.9458010196685791,2295.0
2024-03-01 15:46:00,OCUL,10.645000457763672,10.645000457763672,10.649999618530273,10.635000228881836,10.64009952545166,3878.0
2024-03-01 15:46:00,OCX,2.930000066757202,2.930000066757202,2.930000066757202,2.930000066757202,2.930000066757202,294.0
2024-03-01 15:46:00,OFIX,12.979999542236328,12.979999542236328,12.979999542236328,12.979999542236328,12.979999542236328,1032.0
2024-03-01 15:46:00,OGI,2.180000066757202,2.180000066757202,2.180000066757202,2.174999952316284,2.174999952316284,650.0
2024-03-01 15:46:00,OLK,22.9950008392334,22.9950008392334,23.0,22.9950008392334,23.0,605.0
2024-03-01 15:46:00,OLMA,14.789999961853027,14.789999961853027,14.880000114440918,14.789999961853027,14.880000114440918,4537.0
2024-03-01 15:46:00,OM,3.0950000286102295,3.0950000286102295,3.0950000286102295,3.0950000286102295,3.0950000286102295,383.0
2024-03-01 15:46:00,OMCL,26.31999969482422,26.31999969482422,26.360000610351562,26.309999465942383,26.34000015258789,2634.0
2024-03-01 15:46:00,OMER,4.820000171661377,4.820000171661377,4.820000171661377,4.820000171661377,4.820000171661377,1249.0
2024-03-01 15:46:00,OMIC,0.6000000238418579,0.6000000238418579,0.6000000238418579,0.6000000238418579,0.6000000238418579,317.0
2024-03-01 15:46:00,ONTX,0.8274999856948853,0.8274999856948853,0.8274999856948853,0.8274999856948853,0.8274999856948853,1250.0
2024-03-01 15:47:00,ABCL,5.050000190734863,5.050000190734863,5.059999942779541,5.045000076293945,5.050000190734863,22693.0
2024-03-01 15:47:00,ABEO,7.769999980926514,7.769999980926514,7.769999980926514,7.760000228881836,7.760000228881836,545.0
2024-03-01 15:47:00,ABOS,4.659999847412109,4.659999847412109,4.664999961853027,4.650000095367432,4.650000095367432,4378.0
2024-03-01 15:47:00,ABSI,5.494999885559082,5.494999885559082,5.505000114440918,5.485000133514404,5.5,21244.0
2024-03-01 15:47:00,ABUS,2.7850000858306885,2.7850000858306885,2.805000066757202,2.7850000858306885,2.805000066757202,24210.0
2024-03-01 15:47:00,ACAD,24.079999923706055,24.079999923706055,24.09000015258789,24.06999969482422,24.079999923706055,5257.0
2024-03-01 15:47:00,ACB,3.1700000762939453,3.1700000762939453,3.1700000762939453,3.1649999618530273,3.1700000762939453,5576.0
2024-03-01 15:47:00,ACCD,9.930000305175781,9.930000305175781,9.9399995803833,9.920000076293945,9.930000305175781,4481.0
2024-03-01 15:47:00,ACET,2.375,2.375,2.3775999546051025,2.369999885559082,2.369999885559082,4046.0
2024-03-01 15:47:00,ACHC,84.05000305175781,84.05000305175781,84.05000305175781,84.05000305175781,84.05000305175781,578.0
2024-03-01 15:47:00,ACIU,3.8399999141693115,3.8399999141693115,3.8399999141693115,3.8399999141693115,3.8399999141693115,208.0
2024-03-01 15:47:00,ACLX,67.0,67.0,67.0,67.0,67.0,590.0
2024-03-01 15:47:00,ACON,0.3952000141143799,0.3952000141143799,0.3952000141143799,0.3952000141143799,0.3952000141143799,385.0
2024-03-01 15:47:00,ACRS,1.225000023841858,1.225000023841858,1.2300000190734863,1.225000023841858,1.225000023841858,11629.0
2024-03-01 15:47:00,ADAP,1.5800000429153442,1.5800000429153442,1.5839999914169312,1.5800000429153442,1.5839999914169312,499.0
2024-03-01 15:47:00,ADIL,3.051500082015991,3.051500082015991,3.059999942779541,3.0399999618530273,3.04010009765625,25499.0
2024-03-01 15:47:00,ADMA,5.53000020980835,5.53000020980835,5.53879976272583,5.53000020980835,5.534999847412109,9775.0
2024-03-01 15:47:00,ADPT,4.03000020980835,4.03000020980835,4.03000020980835,4.03000020980835,4.03000020980835,1571.0
2024-03-01 15:47:00,ADUS,93.91999816894531,93.91999816894531,93.95500183105469,93.91999816894531,93.95500183105469,822.0
2024-03-01 15:47:00,ADVM,1.9800000190734863,1.9800000190734863,1.9800000190734863,1.9800000190734863,1.9800000190734863,300.0
2024-03-01 15:47:00,AEZS,1.9700000286102295,1.9700000286102295,1.9700000286102295,1.9700000286102295,1.9700000286102295,100.0
2024-03-01 15:47:00,AFMD,0.660099983215332,0.660099983215332,0.662850022315979,0.660099983215332,0.662850022315979,1313.0
2024-03-01 15:47:00,AGEN,0.6669999957084656,0.6669999957084656,0.6700999736785889,0.6669999957084656,0.6700999736785889,178745.0
2024-03-01 15:47:00,AGIO,32.310001373291016,32.310001373291016,32.349998474121094,32.310001373291016,32.34000015258789,6347.0
2024-03-01 15:47:00,AHCO,10.505000114440918,10.505000114440918,10.510000228881836,10.50100040435791,10.505000114440918,1819.0
2024-03-01 15:47:00,AIRS,6.380000114440918,6.380000114440918,6.380000114440918,6.380000114440918,6.380000114440918,762.0
2024-03-01 15:47:00,AKAN,0.22499999403953552,0.22499999403953552,0.22499999403953552,0.22499999403953552,0.22499999403953552,1844.0
2024-03-01 15:47:00,AKBA,1.684999942779541,1.684999942779541,1.690000057220459,1.684999942779541,1.690000057220459,5465.0
2024-03-01 15:47:00,AKLI,0.33899998664855957,0.33899998664855957,0.33899998664855957,0.33899998664855957,0.33899998664855957,350.0
2024-03-01 15:47:00,AKRO,28.510000228881836,28.510000228881836,28.540000915527344,28.440000534057617,28.479999542236328,7804.0
2024-03-01 15:47:00,ALDX,4.2600998878479,4.2600998878479,4.26200008392334,4.260000228881836,4.260000228881836,2424.0
2024-03-01 15:47:00,ALEC,7.329999923706055,7.329999923706055,7.340000152587891,7.329999923706055,7.340000152587891,1183.0
2024-03-01 15:47:00,ALGN,300.92999267578125,300.92999267578125,300.92999267578125,300.92999267578125,300.92999267578125,839.0
2024-03-01 15:47:00,ALHC,5.550000190734863,5.550000190734863,5.559999942779541,5.550000190734863,5.554999828338623,4576.0
2024-03-01 15:47:00,ALKS,30.219999313354492,30.219999313354492,30.225000381469727,30.209999084472656,30.219999313354492,9835.0
2024-03-01 15:47:00,ALLK,1.6349999904632568,1.6349999904632568,1.6349999904632568,1.6349999904632568,1.6349999904632568,515.0
2024-03-01 15:47:00,ALLO,4.889999866485596,4.889999866485596,4.894999980926514,4.889999866485596,4.889999866485596,2685.0
2024-03-01 15:47:00,ALNY,152.7550048828125,152.7550048828125,152.8300018310547,152.7550048828125,152.8300018310547,1660.0
2024-03-01 15:47:00,ALPN,35.85499954223633,35.85499954223633,35.86000061035156,35.810001373291016,35.83000183105469,20852.0
2024-03-01 15:47:00,ALRN,4.994999885559082,4.994999885559082,5.0,4.989999771118164,4.989999771118164,1717.0
2024-03-01 15:47:00,ALT,12.15999984741211,12.15999984741211,12.15999984741211,12.119999885559082,12.149999618530273,14377.0
2024-03-01 15:47:00,ALVO,15.725000381469727,15.725000381469727,15.729999542236328,15.720000267028809,15.720000267028809,2560.0
2024-03-01 15:47:00,ALVR,0.744700014591217,0.744700014591217,0.744700014591217,0.744700014591217,0.744700014591217,120.0
2024-03-01 15:47:00,ALZN,0.9179999828338623,0.9179999828338623,0.9179999828338623,0.9179999828338623,0.9179999828338623,331.0
2024-03-01 15:47:00,AMED,93.3499984741211,93.3499984741211,93.36499786376953,93.33999633789062,93.33999633789062,741.0
2024-03-01 15:47:00,AMGN,280.67999267578125,280.67999267578125,280.7699890136719,280.6000061035156,280.6099853515625,13425.0
2024-03-01 15:47:00,AMLX,18.649999618530273,18.649999618530273,18.65999984741211,18.649999618530273,18.649999618530273,3894.0
2024-03-01 15:47:00,AMPH,45.86000061035156,45.86000061035156,45.86000061035156,45.849998474121094,45.85499954223633,2645.0
2024-03-01 15:47:00,AMRN,1.0499999523162842,1.0499999523162842,1.0549999475479126,1.0499999523162842,1.0499999523162842,6099.0
2024-03-01 15:47:00,ANAB,25.40999984741211,25.40999984741211,25.40999984741211,25.399999618530273,25.399999618530273,1330.0
2024-03-01 15:47:00,ANGO,5.474999904632568,5.474999904632568,5.474999904632568,5.474999904632568,5.474999904632568,200.0
2024-03-01 15:47:00,ANIP,66.69499969482422,66.69499969482422,66.7750015258789,66.62999725341797,66.73999786376953,2761.0
2024-03-01 15:47:00,ANNX,6.039999961853027,6.039999961853027,6.050000190734863,6.025000095367432,6.03000020980835,14897.0
2024-03-01 15:47:00,APLS,64.18000030517578,64.18000030517578,64.18000030517578,64.06999969482422,64.08999633789062,6642.0
2024-03-01 15:47:00,APLT,7.09499979019165,7.09499979019165,7.099999904632568,7.050000190734863,7.054999828338623,8267.0
2024-03-01 15:47:00,APVO,0.16009999811649323,0.16009999811649323,0.16019999980926514,0.16009999811649323,0.16019999980926514,300.0
2024-03-01 15:47:00,AQST,4.175000190734863,4.175000190734863,4.175000190734863,4.170000076293945,4.170000076293945,1419.0
2024-03-01 15:47:00,ARAY,2.619999885559082,2.619999885559082,2.619999885559082,2.615000009536743,2.615000009536743,733.0
2024-03-01 15:47:00,ARCT,39.61000061035156,39.61000061035156,39.61000061035156,39.56999969482422,39.56999969482422,1164.0
2024-03-01 15:47:00,ARDX,9.3100004196167,9.3100004196167,9.335000038146973,9.3100004196167,9.335000038146973,24335.0
2024-03-01 15:47:00,ARQT,11.47249984741211,11.47249984741211,11.5,11.47249984741211,11.489999771118164,10636.0
2024-03-01 15:47:00,ARVN,47.16899871826172,47.16899871826172,47.16899871826172,47.060001373291016,47.150001525878906,5415.0
2024-03-01 15:47:00,ARWR,35.845001220703125,35.845001220703125,35.86000061035156,35.80500030517578,35.81999969482422,6524.0
2024-03-01 15:47:00,ASLN,0.718999981880188,0.718999981880188,0.7190899848937988,0.718999981880188,0.718999981880188,475.0
2024-03-01 15:47:00,ASND,153.1300048828125,153.1300048828125,153.2100067138672,153.1300048828125,153.1999969482422,1883.0
2024-03-01 15:47:00,ASRT,0.8773000240325928,0.8773000240325928,0.8773000240325928,0.8755999803543091,0.8755999803543091,2227.0
2024-03-01 15:47:00,ATEC,13.46500015258789,13.46500015258789,13.470000267028809,13.460000038146973,13.470000267028809,6448.0
2024-03-01 15:47:00,ATHA,3.930000066757202,3.930000066757202,3.930000066757202,3.930000066757202,3.930000066757202,588.0
2024-03-01 15:47:00,ATOS,1.0099999904632568,1.0099999904632568,1.0099999904632568,1.0049999952316284,1.0049999952316284,293.0
2024-03-01 15:47:00,ATRA,0.7772499918937683,0.7772499918937683,0.7772499918937683,0.7772499918937683,0.7772499918937683,1214.0
2024-03-01 15:47:00,ATRC,36.150001525878906,36.150001525878906,36.15999984741211,36.1349983215332,36.150001525878906,2276.0
2024-03-01 15:47:00,ATXI,0.15929999947547913,0.15929999947547913,0.15929999947547913,0.15870000422000885,0.15870000422000885,3162.0
2024-03-01 15:47:00,ATXS,14.9350004196167,14.9350004196167,14.9350004196167,14.890000343322754,14.895000457763672,5011.0
2024-03-01 15:47:00,AUGX,4.550000190734863,4.550000190734863,4.570000171661377,4.550000190734863,4.570000171661377,207.0
2024-03-01 15:47:00,AUPH,5.755000114440918,5.755000114440918,5.756899833679199,5.75,5.755000114440918,4645.0
2024-03-01 15:47:00,AUTL,6.25,6.25,6.25,6.244999885559082,6.25,2255.0
2024-03-01 15:47:00,AVDL,13.704999923706055,13.704999923706055,13.8100004196167,13.6899995803833,13.774999618530273,38429.0
2024-03-01 15:47:00,AVIR,4.445000171661377,4.445000171661377,4.449999809265137,4.440000057220459,4.449999809265137,3146.0
2024-03-01 15:47:00,AVRO,1.3200000524520874,1.3200000524520874,1.3250000476837158,1.3200000524520874,1.3250000476837158,841.0
2024-03-01 15:47:00,AVXL,5.260000228881836,5.260000228881836,5.260000228881836,5.239999771118164,5.239999771118164,7382.0
2024-03-01 15:47:00,AXGN,10.75,10.75,10.75,10.710000038146973,10.720000267028809,3134.0
2024-03-01 15:47:00,AXNX,67.86000061035156,67.86000061035156,67.86000061035156,67.83999633789062,67.86000061035156,1675.0
2024-03-01 15:47:00,AXSM,82.5250015258789,82.5250015258789,82.52999877929688,82.5250015258789,82.52999877929688,455.0
2024-03-01 15:47:00,AZN,64.625,64.625,64.6449966430664,64.61000061035156,64.61499786376953,22488.0
2024-03-01 15:47:00,AZTA,67.09500122070312,67.09500122070312,67.09500122070312,67.08000183105469,67.08000183105469,593.0
2024-03-01 15:47:00,BBIO,35.68000030517578,35.68000030517578,35.68000030517578,35.650001525878906,35.65999984741211,2883.0
2024-03-01 15:47:00,BBLG,2.4000000953674316,2.4000000953674316,2.4000000953674316,2.3743999004364014,2.3743999004364014,306.0
2024-03-01 15:47:00,BCAB,2.8399999141693115,2.8399999141693115,2.8399999141693115,2.8299999237060547,2.8350000381469727,572.0
2024-03-01 15:47:00,BCDA,0.5763999819755554,0.5763999819755554,0.5799000263214111,0.5705999732017517,0.5706009864807129,5257.0
2024-03-01 15:47:00,BCEL,0.2681100070476532,0.2681100070476532,0.2681100070476532,0.2681100070476532,0.2681100070476532,239.0
2024-03-01 15:47:00,BCRX,5.625,5.625,5.630000114440918,5.619999885559082,5.622499942779541,5841.0
2024-03-01 15:47:00,BCTX,3.490000009536743,3.490000009536743,3.5,3.490000009536743,3.5,2538.0
2024-03-01 15:47:00,BCYC,25.700000762939453,25.700000762939453,25.700000762939453,25.700000762939453,25.700000762939453,532.0
2024-03-01 15:47:00,BDSX,1.600000023841858,1.600000023841858,1.600000023841858,1.600000023841858,1.600000023841858,262.0
2024-03-01 15:47:00,BDTX,4.78000020980835,4.78000020980835,4.78000020980835,4.775000095367432,4.775000095367432,1115.0
2024-03-01 15:47:00,BEAM,39.65999984741211,39.65999984741211,39.685001373291016,39.650001525878906,39.685001373291016,9312.0
2024-03-01 15:47:00,BEAT,1.559999942779541,1.559999942779541,1.559999942779541,1.559999942779541,1.559999942779541,253.0
2024-03-01 15:47:00,BGNE,165.1999969482422,165.1999969482422,165.47999572753906,165.1999969482422,165.22000122070312,720.0
2024-03-01 15:47:00,BIIB,220.97999572753906,220.97999572753906,221.02000427246094,220.875,220.88999938964844,9712.0
2024-03-01 15:47:00,BIMI,3.734999895095825,3.734999895095825,3.734999895095825,3.734999895095825,3.734999895095825,450.0
2024-03-01 15:47:00,BIOL,0.14669999480247498,0.14669999480247498,0.14669999480247498,0.14630000293254852,0.14630000293254852,5108.0
2024-03-01 15:47:00,BIOR,1.0950000286102295,1.0950000286102295,1.0950000286102295,1.0950000286102295,1.0950000286102295,291.0
2024-03-01 15:47:00,BIVI,1.9900000095367432,1.9900000095367432,2.0299999713897705,1.9900000095367432,2.0199999809265137,69145.0
2024-03-01 15:47:00,BJDX,0.7889999747276306,0.7889999747276306,0.7889999747276306,0.7889999747276306,0.7889999747276306,4000.0
2024-03-01 15:47:00,BLFS,17.899999618530273,17.899999618530273,17.93000030517578,17.899999618530273,17.920000076293945,3640.0
2024-03-01 15:47:00,BLUE,1.5700000524520874,1.5700000524520874,1.5800000429153442,1.5700000524520874,1.5750000476837158,10149.0
2024-03-01 15:47:00,BMEA,17.795000076293945,17.795000076293945,17.809999465942383,17.795000076293945,17.809999465942383,2354.0
2024-03-01 15:47:00,BMRA,1.2000000476837158,1.2000000476837158,1.2000000476837158,1.2000000476837158,1.2000000476837158,102.0
2024-03-01 15:47:00,BMRN,87.63999938964844,87.63999938964844,87.6500015258789,87.58999633789062,87.58999633789062,8134.0
2024-03-01 15:47:00,BNGO,1.2598999738693237,1.2598999738693237,1.2598999738693237,1.250100016593933,1.250100016593933,1364.0
2024-03-01 15:47:00,BNR,0.8080999851226807,0.8080999851226807,0.8100000023841858,0.8080999851226807,0.8100000023841858,755.0
2024-03-01 15:47:00,BNTC,5.425000190734863,5.425000190734863,5.425000190734863,5.425000190734863,5.425000190734863,200.0
2024-03-01 15:47:00,BNTX,90.5999984741211,90.5999984741211,90.6500015258789,90.5999984741211,90.6500015258789,1418.0
2024-03-01 15:47:00,BPMC,95.51499938964844,95.51499938964844,95.52999877929688,95.38999938964844,95.52999877929688,1144.0
2024-03-01 15:47:00,BRKR,88.4000015258789,88.4000015258789,88.4000015258789,88.36000061035156,88.36000061035156,1501.0
2024-03-01 15:47:00,BTAI,3.199899911880493,3.199899911880493,3.2049999237060547,3.199899911880493,3.2049999237060547,6892.0
2024-03-01 15:47:00,BTTX,0.18490000069141388,0.18490000069141388,0.18490000069141388,0.18000000715255737,0.18000000715255737,13011.0
2024-03-01 15:47:00,BVS,4.769999980926514,4.769999980926514,4.769999980926514,4.769999980926514,4.769999980926514,233.0
2024-03-01 15:47:00,BWAY,6.590000152587891,6.590000152587891,6.590000152587891,6.590000152587891,6.590000152587891,601.0
2024-03-01 15:47:00,CABA,24.020000457763672,24.020000457763672,24.020000457763672,24.012500762939453,24.014999389648438,2338.0
2024-03-01 15:47:00,CADL,1.7549999952316284,1.7549999952316284,1.7549999952316284,1.7300000190734863,1.7300000190734863,300.0
2024-03-01 15:47:00,CALT,21.684999465942383,21.684999465942383,21.684999465942383,21.684999465942383,21.684999465942383,450.0
2024-03-01 15:47:00,CARA,0.9243000149726868,0.9243000149726868,0.9276000261306763,0.9243000149726868,0.9276000261306763,1363.0
2024-03-01 15:47:00,CBAY,32.224998474121094,32.224998474121094,32.22999954223633,32.220001220703125,32.22999954223633,7968.0
2024-03-01 15:47:00,CCCC,10.989999771118164,10.989999771118164,10.989999771118164,10.984999656677246,10.989999771118164,2347.0
2024-03-01 15:47:00,CCRN,18.280000686645508,18.280000686645508,18.280000686645508,18.270000457763672,18.270000457763672,1863.0
2024-03-01 15:47:00,CDMO,8.244999885559082,8.244999885559082,8.25,8.239999771118164,8.239999771118164,3078.0
2024-03-01 15:47:00,CDNA,11.984999656677246,11.984999656677246,12.029999732971191,11.98009967803955,12.024999618530273,17275.0
2024-03-01 15:47:00,CDXS,4.550000190734863,4.550000190734863,4.550000190734863,4.510000228881836,4.514999866485596,13019.0
2024-03-01 15:47:00,CELC,17.270000457763672,17.270000457763672,17.344999313354492,17.25,17.344999313354492,5693.0
2024-03-01 15:47:00,CELUW,0.03549899905920029,0.03549899905920029,0.03549899905920029,0.03549899905920029,0.03549899905920029,200.0
2024-03-01 15:47:00,CERE,41.08000183105469,41.08000183105469,41.08000183105469,41.08000183105469,41.08000183105469,1997.0
2024-03-01 15:47:00,CERS,2.1700000762939453,2.1700000762939453,2.174999952316284,2.1700000762939453,2.174999952316284,1032.0
2024-03-01 15:47:00,CERT,18.200000762939453,18.200000762939453,18.229999542236328,18.190000534057617,18.225000381469727,7988.0
2024-03-01 15:47:00,CGC,3.2049999237060547,3.2049999237060547,3.2049999237060547,3.200000047683716,3.200000047683716,1930.0
2024-03-01 15:47:00,CGEM,18.510000228881836,18.510000228881836,18.540000915527344,18.489999771118164,18.540000915527344,4474.0
2024-03-01 15:47:00,CGEN,2.674999952316284,2.674999952316284,2.680000066757202,2.670099973678589,2.674999952316284,1588.0
2024-03-01 15:47:00,CHRS,2.380000114440918,2.380000114440918,2.384999990463257,2.380000114440918,2.380000114440918,2684.0
2024-03-01 15:47:00,CLDX,51.472999572753906,51.472999572753906,51.540000915527344,51.4640007019043,51.525001525878906,8201.0
2024-03-01 15:47:00,CLOV,0.8653500080108643,0.8653500080108643,0.8654000163078308,0.8652999997138977,0.8653500080108643,54414.0
2024-03-01 15:47:00,CLPT,6.625,6.625,6.630000114440918,6.625,6.625,1405.0
2024-03-01 15:47:00,CLRB,4.099999904632568,4.099999904632568,4.099999904632568,4.099999904632568,4.099999904632568,271.0
2024-03-01 15:47:00,CMPS,11.479999542236328,11.479999542236328,11.479999542236328,11.461000442504883,11.461000442504883,3163.0
2024-03-01 15:47:00,CMPX,1.8799999952316284,1.8799999952316284,1.8799999952316284,1.8799999952316284,1.8799999952316284,590.0
2024-03-01 15:47:00,CNTA,10.760000228881836,10.760000228881836,10.760000228881836,10.729999542236328,10.729999542236328,1645.0
2024-03-01 15:47:00,COGT,7.210000038146973,7.210000038146973,7.210000038146973,7.210000038146973,7.210000038146973,1177.0
2024-03-01 15:47:00,CORT,24.135000228881836,24.135000228881836,24.190000534057617,24.135000228881836,24.190000534057617,4603.0
2024-03-01 15:47:00,CPRX,17.065000534057617,17.065000534057617,17.09000015258789,17.059999465942383,17.06999969482422,18102.0
2024-03-01 15:47:00,CPSI,9.25,9.25,9.25,9.229999542236328,9.229999542236328,657.0
2024-03-01 15:47:00,CRBP,34.150001525878906,34.150001525878906,34.150001525878906,34.150001525878906,34.150001525878906,173.0
2024-03-01 15:47:00,CRBU,7.760000228881836,7.760000228881836,7.779900074005127,7.760000228881836,7.775000095367432,3646.0
2024-03-01 15:47:00,CRDF,3.0,3.0,3.009999990463257,2.950000047683716,2.9700000286102295,223505.0
2024-03-01 15:47:00,CRMD,3.6524999141693115,3.6524999141693115,3.6549999713897705,3.6500000953674316,3.6500000953674316,596.0
2024-03-01 15:47:00,CRNX,45.790000915527344,45.790000915527344,45.807498931884766,45.790000915527344,45.79999923706055,2616.0
2024-03-01 15:47:00,CRON,2.015000104904175,2.015000104904175,2.015000104904175,2.015000104904175,2.015000104904175,1920.0
2024-03-01 15:47:00,CRSP,84.12000274658203,84.12000274658203,84.12000274658203,84.05999755859375,84.06500244140625,2900.0
2024-03-01 15:47:00,CRVS,2.190000057220459,2.190000057220459,2.190000057220459,2.190000057220459,2.190000057220459,808.0
2024-03-01 15:47:00,CSTL,19.989999771118164,19.989999771118164,20.0,19.989999771118164,19.999900817871094,1872.0
2024-03-01 15:47:00,CTKB,9.0600004196167,9.0600004196167,9.0600004196167,9.055000305175781,9.0600004196167,4764.0
2024-03-01 15:47:00,CTMX,2.5999999046325684,2.5999999046325684,2.5999999046325684,2.5899999141693115,2.5950000286102295,4062.0
2024-03-01 15:47:00,CTXR,0.7749000191688538,0.7749000191688538,0.7749000191688538,0.7749000191688538,0.7749000191688538,451.0
2024-03-01 15:47:00,CUE,2.119999885559082,2.119999885559082,2.1500000953674316,2.119999885559082,2.1449999809265137,20155.0
2024-03-01 15:47:00,CUTR,2.3949999809265137,2.3949999809265137,2.3949999809265137,2.3914999961853027,2.3914999961853027,2420.0
2024-03-01 15:47:00,CVAC,3.4549999237060547,3.4549999237060547,3.4549999237060547,3.4549999237060547,3.4549999237060547,814.0
2024-03-01 15:47:00,CVRX,20.790000915527344,20.790000915527344,20.799999237060547,20.780000686645508,20.799999237060547,1574.0
2024-03-01 15:47:00,CYTH,1.600000023841858,1.600000023841858,1.600000023841858,1.600000023841858,1.600000023841858,100.0
2024-03-01 15:47:00,CYTK,73.69999694824219,73.69999694824219,73.75499725341797,73.63999938964844,73.75499725341797,5959.0
2024-03-01 15:47:00,CYTO,2.4600000381469727,2.4600000381469727,2.4600000381469727,2.430000066757202,2.430000066757202,550.0
2024-03-01 15:47:00,DAWN,17.479999542236328,17.479999542236328,17.489999771118164,17.469999313354492,17.488000869750977,1787.0
2024-03-01 15:47:00,DCGO,4.085000038146973,4.085000038146973,4.090000152587891,4.070000171661377,4.074999809265137,14942.0
2024-03-01 15:47:00,DCPH,17.459999084472656,17.459999084472656,17.459999084472656,17.440000534057617,17.450000762939453,2016.0
2024-03-01 15:47:00,DCTH,4.199999809265137,4.199999809265137,4.199999809265137,4.199999809265137,4.199999809265137,197.0
2024-03-01 15:47:00,DERM,4.090000152587891,4.090000152587891,4.090000152587891,4.090000152587891,4.090000152587891,118.0
2024-03-01 15:47:00,DH,8.890000343322754,8.890000343322754,8.890000343322754,8.880000114440918,8.880000114440918,2627.0
2024-03-01 15:47:00,DMTK,0.8499000072479248,0.8499000072479248,0.8500000238418579,0.8399990200996399,0.8500000238418579,7496.0
2024-03-01 15:47:00,DNLI,20.65999984741211,20.65999984741211,20.670000076293945,20.65999984741211,20.670000076293945,1589.0
2024-03-01 15:47:00,DRRX,0.9900000095367432,0.9900000095367432,0.9900000095367432,0.9900000095367432,0.9900000095367432,112.0
2024-03-01 15:47:00,DTIL,12.451399803161621,12.451399803161621,12.5,12.451399803161621,12.5,804.0
2024-03-01 15:47:00,DVAX,12.755000114440918,12.755000114440918,12.774999618530273,12.75,12.774999618530273,16627.0
2024-03-01 15:47:00,DXCM,121.3949966430664,121.3949966430664,121.3949966430664,121.33000183105469,121.37999725341797,14418.0
2024-03-01 15:47:00,DYN,29.18000030517578,29.18000030517578,29.18000030517578,29.09000015258789,29.104999542236328,9168.0
2024-03-01 15:47:00,EDIT,10.515000343322754,10.515000343322754,10.520000457763672,10.510000228881836,10.520000457763672,814.0
2024-03-01 15:47:00,EFTR,16.309999465942383,16.309999465942383,16.309999465942383,16.309999465942383,16.309999465942383,297.0
2024-03-01 15:47:00,EGRX,6.489999771118164,6.489999771118164,6.489999771118164,6.489999771118164,6.489999771118164,157.0
2024-03-01 15:47:00,ELEV,5.110000133514404,5.110000133514404,5.110000133514404,5.099999904632568,5.105000019073486,1978.0
2024-03-01 15:47:00,EMBC,14.25,14.25,14.25,14.25,14.25,579.0
2024-03-01 15:47:00,ENLV,3.2600998878479004,3.2600998878479004,3.2600998878479004,3.2600998878479004,3.2600998878479004,893.0
2024-03-01 15:47:00,ENSC,0.9221000075340271,0.9221000075340271,0.9221000075340271,0.9221000075340271,0.9221000075340271,150.0
2024-03-01 15:47:00,ENSG,121.83000183105469,121.83000183105469,121.8301010131836,121.83000183105469,121.8301010131836,862.0
2024-03-01 15:47:00,ENTA,15.570099830627441,15.570099830627441,15.570099830627441,15.570099830627441,15.570099830627441,1180.0
2024-03-01 15:47:00,ENVB,1.5499999523162842,1.5499999523162842,1.5499999523162842,1.5419000387191772,1.5499999523162842,7930.0
2024-03-01 15:47:00,EOLS,14.895000457763672,14.895000457763672,14.90999984741211,14.890000343322754,14.899999618530273,6077.0
2024-03-01 15:47:00,EPIX,9.375,9.375,9.375,9.375,9.375,401.0
2024-03-01 15:47:00,ERAS,2.610100030899048,2.610100030899048,2.615000009536743,2.610100030899048,2.615000009536743,636.0
2024-03-01 15:47:00,ESPR,2.549999952316284,2.549999952316284,2.549999952316284,2.5450000762939453,2.549999952316284,7521.0
2024-03-01 15:47:00,ESTA,43.939998626708984,43.939998626708984,43.97999954223633,43.775001525878906,43.869998931884766,9368.0
2024-03-01 15:47:00,ETNB,12.694999694824219,12.694999694824219,12.699999809265137,12.670000076293945,12.680000305175781,12388.0
2024-03-01 15:47:00,ETON,4.46999979019165,4.46999979019165,4.46999979019165,4.46999979019165,4.46999979019165,109.0
2024-03-01 15:47:00,EVAX,3.4000000953674316,3.4000000953674316,3.4000000953674316,3.4000000953674316,3.4000000953674316,124.0
2024-03-01 15:47:00,EWTX,16.6200008392334,16.6200008392334,16.6200008392334,16.610000610351562,16.6200008392334,2128.0
2024-03-01 15:47:00,EXAI,6.520100116729736,6.520100116729736,6.520100116729736,6.520100116729736,6.520100116729736,460.0
2024-03-01 15:47:00,EXAS,59.2599983215332,59.2599983215332,59.2599983215332,59.20000076293945,59.220001220703125,3633.0
2024-03-01 15:47:00,EXEL,22.21500015258789,22.21500015258789,22.21500015258789,22.200000762939453,22.209999084472656,13882.0
2024-03-01 15:47:00,EYEN,2.409899950027466,2.409899950027466,2.4200000762939453,2.4049999713897705,2.4198999404907227,12919.0
2024-03-01 15:47:00,EYPT,27.959999084472656,27.959999084472656,28.014999389648438,27.940000534057617,27.940000534057617,8286.0
2024-03-01 15:47:00,FATE,7.730000019073486,7.730000019073486,7.735000133514404,7.724999904632568,7.735000133514404,4254.0
2024-03-01 15:47:00,FBIO,2.3949999809265137,2.3949999809265137,2.3949999809265137,2.390000104904175,2.390000104904175,1824.0
2024-03-01 15:47:00,FDMT,29.170000076293945,29.170000076293945,29.170000076293945,29.1200008392334,29.1200008392334,3862.0
2024-03-01 15:47:00,FEMY,1.809999942779541,1.809999942779541,1.809999942779541,1.7834999561309814,1.7834999561309814,6059.0
2024-03-01 15:47:00,FGEN,1.8300000429153442,1.8300000429153442,1.839900016784668,1.8200000524520874,1.8250000476837158,21501.0
2024-03-01 15:47:00,FHTX,7.829999923706055,7.829999923706055,7.829999923706055,7.820000171661377,7.829999923706055,473.0
2024-03-01 15:47:00,FIXX,0.8917999863624573,0.8917999863624573,0.8917999863624573,0.8917999863624573,0.8917999863624573,709.0
2024-03-01 15:47:00,FLGT,23.110000610351562,23.110000610351562,23.114999771118164,23.110000610351562,23.114999771118164,1819.0
2024-03-01 15:47:00,FOLD,13.274999618530273,13.274999618530273,13.28499984741211,13.274999618530273,13.28499984741211,9441.0
2024-03-01 15:47:00,FULC,10.994999885559082,10.994999885559082,11.0,10.989999771118164,11.0,1470.0
2024-03-01 15:47:00,FUSN,12.045000076293945,12.045000076293945,12.09000015258789,11.960000038146973,12.09000015258789,38257.0
2024-03-01 15:47:00,FWBI,8.949999809265137,8.949999809265137,8.949999809265137,8.949999809265137,8.949999809265137,134.0
2024-03-01 15:47:00,GALT,1.9249999523162842,1.9249999523162842,1.9299999475479126,1.9199999570846558,1.9299999475479126,3550.0
2024-03-01 15:47:00,GBIO,2.625,2.625,2.625,2.625,2.625,879.0
2024-03-01 15:47:00,GDRX,8.305000305175781,8.305000305175781,8.319999694824219,8.300000190734863,8.319999694824219,8044.0
2024-03-01 15:47:00,GERN,2.25,2.25,2.25,2.244999885559082,2.25,20243.0
2024-03-01 15:47:00,GH,18.985000610351562,18.985000610351562,18.985000610351562,18.950000762939453,18.950000762939453,5001.0
2024-03-01 15:47:00,GHSI,8.149999618530273,8.149999618530273,8.149999618530273,8.149999618530273,8.149999618530273,103.0
2024-03-01 15:47:00,GILD,72.32499694824219,72.32499694824219,72.34500122070312,72.31500244140625,72.31999969482422,15070.0
2024-03-01 15:47:00,GLTO,0.8199999928474426,0.8199999928474426,0.8199999928474426,0.7919999957084656,0.7919999957084656,12550.0
2024-03-01 15:47:00,GLUE,6.300000190734863,6.300000190734863,6.309999942779541,6.28000020980835,6.28000020980835,1392.0
2024-03-01 15:47:00,GLYC,3.049999952316284,3.049999952316284,3.049999952316284,3.049999952316284,3.049999952316284,879.0
2024-03-01 15:47:00,GMAB,29.290000915527344,29.290000915527344,29.299999237060547,29.290000915527344,29.290000915527344,3389.0
2024-03-01 15:47:00,GMDA,0.3837999999523163,0.3837999999523163,0.3837999999523163,0.3837999999523163,0.3837999999523163,916.0
2024-03-01 15:47:00,GOSS,1.3949999809265137,1.3949999809265137,1.4049999713897705,1.3949999809265137,1.399999976158142,19903.0
2024-03-01 15:47:00,GRFS,7.005000114440918,7.005000114440918,7.010000228881836,7.0,7.010000228881836,4115.0
2024-03-01 15:47:00,GRTS,2.0100998878479004,2.0100998878479004,2.0100998878479004,2.0,2.0,45622.0
2024-03-01 15:47:00,GTHX,3.690000057220459,3.690000057220459,3.700000047683716,3.680000066757202,3.700000047683716,10201.0
2024-03-01 15:47:00,HALO,41.05500030517578,41.05500030517578,41.064998626708984,41.04999923706055,41.064998626708984,1631.0
2024-03-01 15:47:00,HARP,22.950000762939453,22.950000762939453,22.950000762939453,22.950000762939453,22.950000762939453,149.0
2024-03-01 15:47:00,HBIO,4.355000019073486,4.355000019073486,4.355000019073486,4.355000019073486,4.355000019073486,536.0
2024-03-01 15:47:00,HCAT,8.039999961853027,8.039999961853027,8.0649995803833,8.039999961853027,8.0649995803833,4262.0
2024-03-01 15:47:00,HCM,15.104999542236328,15.104999542236328,15.104999542236328,15.09000015258789,15.09000015258789,487.0
2024-03-01 15:47:00,HCSG,12.829999923706055,12.829999923706055,12.829999923706055,12.819999694824219,12.824999809265137,3374.0
2024-03-01 15:47:00,HITI,1.7599999904632568,1.7599999904632568,1.7599999904632568,1.7599999904632568,1.7599999904632568,1356.0
2024-03-01 15:47:00,HLTH,0.26980000734329224,0.26980000734329224,0.26980000734329224,0.2694000005722046,0.26969999074935913,15805.0
2024-03-01 15:47:00,HLVX,19.020000457763672,19.020000457763672,19.020000457763672,18.959999084472656,18.989999771118164,1156.0
2024-03-01 15:47:00,HOLX,73.88999938964844,73.88999938964844,73.93000030517578,73.88999938964844,73.93000030517578,5703.0
2024-03-01 15:47:00,HPCO,0.2502000033855438,0.2502000033855438,0.2502000033855438,0.2502000033855438,0.2502000033855438,550.0
2024-03-01 15:47:00,HQY,81.37999725341797,81.37999725341797,81.37999725341797,81.29499816894531,81.29499816894531,4560.0
2024-03-01 15:47:00,HRMY,31.8799991607666,31.8799991607666,31.90999984741211,31.8799991607666,31.90999984741211,3282.0
2024-03-01 15:47:00,HRTX,2.5850000381469727,2.5850000381469727,2.5999999046325684,2.5850000381469727,2.5899999141693115,20207.0
2024-03-01 15:47:00,HSIC,76.8550033569336,76.8550033569336,76.86000061035156,76.81999969482422,76.81999969482422,1569.0
2024-03-01 15:47:00,HSTM,27.15999984741211,27.15999984741211,27.18000030517578,27.145000457763672,27.145000457763672,3851.0
2024-03-01 15:47:00,HUMA,3.2699999809265137,3.2699999809265137,3.2950000762939453,3.2699999809265137,3.2950000762939453,17716.0
2024-03-01 15:47:00,IART,36.130001068115234,36.130001068115234,36.130001068115234,36.05500030517578,36.06999969482422,9542.0
2024-03-01 15:47:00,IBRX,4.730000019073486,4.730000019073486,4.736299991607666,4.730000019073486,4.736299991607666,354.0
2024-03-01 15:47:00,ICAD,1.8899999856948853,1.8899999856948853,1.8899999856948853,1.8899999856948853,1.8899999856948853,5467.0
2024-03-01 15:47:00,ICLR,324.22650146484375,324.22650146484375,324.32000732421875,324.22650146484375,324.32000732421875,622.0
2024-03-01 15:47:00,ICUI,105.44999694824219,105.44999694824219,105.6500015258789,105.44999694824219,105.6500015258789,6677.0
2024-03-01 15:47:00,IDYA,46.36000061035156,46.36000061035156,46.36000061035156,46.310001373291016,46.31999969482422,3725.0
2024-03-01 15:47:00,IGMS,12.6899995803833,12.6899995803833,12.710000038146973,12.6899995803833,12.710000038146973,926.0
2024-03-01 15:47:00,IKNA,1.4800000190734863,1.4800000190734863,1.4800000190734863,1.4800000190734863,1.4800000190734863,501.0
2024-03-01 15:47:00,IKT,2.184999942779541,2.184999942779541,2.184999942779541,2.184999942779541,2.184999942779541,500.0
2024-03-01 15:47:00,ILMN,140.41000366210938,140.41000366210938,140.41000366210938,140.2949981689453,140.3699951171875,3775.0
2024-03-01 15:47:00,IMAB,1.7899999618530273,1.7899999618530273,1.7899999618530273,1.7899999618530273,1.7899999618530273,895.0
2024-03-01 15:47:00,IMCR,68.05000305175781,68.05000305175781,68.05000305175781,67.91999816894531,67.91999816894531,1130.0
2024-03-01 15:47:00,IMMX,3.4649999141693115,3.4649999141693115,3.4649999141693115,3.4549999237060547,3.4549999237060547,207.0
2024-03-01 15:47:00,IMNM,25.364999771118164,25.364999771118164,25.420000076293945,25.350000381469727,25.420000076293945,3345.0
2024-03-01 15:47:00,IMNN,1.0049999952316284,1.0049999952316284,1.0049999952316284,1.0049999952316284,1.0049999952316284,202.0
2024-03-01 15:47:00,IMUX,1.4450000524520874,1.4450000524520874,1.4478000402450562,1.440000057220459,1.440000057220459,4289.0
2024-03-01 15:47:00,IMVT,35.45000076293945,35.45000076293945,35.47999954223633,35.44499969482422,35.459999084472656,2410.0
2024-03-01 15:47:00,INBX,36.58000183105469,36.58000183105469,36.58000183105469,36.57500076293945,36.57500076293945,1248.0
2024-03-01 15:47:00,INCY,58.959999084472656,58.959999084472656,59.0099983215332,58.959999084472656,59.0099983215332,3486.0
2024-03-01 15:47:00,INGN,6.940000057220459,6.940000057220459,6.940000057220459,6.929999828338623,6.940000057220459,2112.0
2024-03-01 15:47:00,INMB,12.369999885559082,12.369999885559082,12.369999885559082,12.369999885559082,12.369999885559082,267.0
2024-03-01 15:47:00,INMD,22.93000030517578,22.93000030517578,22.954999923706055,22.90999984741211,22.920000076293945,12605.0
2024-03-01 15:47:00,INO,9.479999542236328,9.479999542236328,9.5,9.479999542236328,9.5,4365.0
2024-03-01 15:47:00,INSM,27.96500015258789,27.96500015258789,27.96500015258789,27.940000534057617,27.96500015258789,4574.0
2024-03-01 15:47:00,INVA,15.380000114440918,15.380000114440918,15.390000343322754,15.380000114440918,15.385000228881836,15623.0
2024-03-01 15:47:00,INZY,6.554999828338623,6.554999828338623,6.559999942779541,6.55049991607666,6.559999942779541,1408.0
2024-03-01 15:47:00,IOBT,1.7799999713897705,1.7799999713897705,1.8106000423431396,1.7000000476837158,1.8106000423431396,12463.0
2024-03-01 15:47:00,IONM,0.3596999943256378,0.3596999943256378,0.3596999943256378,0.3596999943256378,0.3596999943256378,110.0
2024-03-01 15:47:00,IONS,45.470001220703125,45.470001220703125,45.47999954223633,45.45000076293945,45.474998474121094,3629.0
2024-03-01 15:47:00,IOVA,16.83009910583496,16.83009910583496,16.889999389648438,16.829999923706055,16.889999389648438,20287.0
2024-03-01 15:47:00,IPA,1.909999966621399,1.909999966621399,1.909999966621399,1.909999966621399,1.909999966621399,569.0
2024-03-01 15:47:00,IPSC,3.950000047683716,3.950000047683716,3.9600000381469727,3.950000047683716,3.9600000381469727,948.0
2024-03-01 15:47:00,IRMD,41.540000915527344,41.540000915527344,41.619998931884766,41.540000915527344,41.619998931884766,209.0
2024-03-01 15:47:00,IRTC,120.66000366210938,120.66000366210938,120.66000366210938,120.44999694824219,120.48999786376953,1555.0
2024-03-01 15:47:00,IRWD,8.885000228881836,8.885000228881836,8.895000457763672,8.8725004196167,8.895000457763672,195705.0
2024-03-01 15:47:00,ISRG,399.1700134277344,399.1700134277344,399.20001220703125,398.75,398.79998779296875,14134.0
2024-03-01 15:47:00,ITCI,72.13500213623047,72.13500213623047,72.16999816894531,72.12999725341797,72.1500015258789,2338.0
2024-03-01 15:47:00,ITOS,11.25,11.25,11.25,11.23009967803955,11.23009967803955,1066.0
2024-03-01 15:47:00,IVVD,3.9749999046325684,3.9749999046325684,3.9800000190734863,3.9700000286102295,3.9800000190734863,536.0
2024-03-01 15:47:00,IXHL,5.510000228881836,5.510000228881836,5.510000228881836,5.510000228881836,5.510000228881836,106.0
2024-03-01 15:47:00,JAGX,0.08290000259876251,0.08290000259876251,0.08330000191926956,0.08269999921321869,0.08330000191926956,13461.0
2024-03-01 15:47:00,JANX,46.01499938964844,46.01499938964844,46.02000045776367,45.9906005859375,46.0,1618.0
2024-03-01 15:47:00,JAZZ,118.6500015258789,118.6500015258789,118.69000244140625,118.62000274658203,118.6500015258789,690.0
2024-03-01 15:47:00,KALA,7.394999980926514,7.394999980926514,7.394999980926514,7.394999980926514,7.394999980926514,172.0
2024-03-01 15:47:00,KALV,14.079999923706055,14.079999923706055,14.095000267028809,14.079999923706055,14.095000267028809,1336.0
2024-03-01 15:47:00,KIDS,27.920000076293945,27.920000076293945,27.920000076293945,27.905000686645508,27.905000686645508,420.0
2024-03-01 15:47:00,KNSA,21.764999389648438,21.764999389648438,21.774999618530273,21.7549991607666,21.7549991607666,1122.0
2024-03-01 15:47:00,KNTE,2.5899999141693115,2.5899999141693115,2.5899999141693115,2.5799999237060547,2.5799999237060547,8418.0
2024-03-01 15:47:00,KPTI,1.1799999475479126,1.1799999475479126,1.184999942779541,1.1799999475479126,1.184999942779541,3393.0
2024-03-01 15:47:00,KRON,1.1100000143051147,1.1100000143051147,1.1399999856948853,1.1100000143051147,1.1399999856948853,12396.0
2024-03-01 15:47:00,KRTX,315.7900085449219,315.7900085449219,315.7900085449219,315.7900085449219,315.7900085449219,164.0
2024-03-01 15:47:00,KRYS,167.69000244140625,167.69000244140625,167.69000244140625,167.64500427246094,167.64500427246094,1025.0
2024-03-01 15:47:00,KURA,21.575000762939453,21.575000762939453,21.610000610351562,21.56999969482422,21.610000610351562,3969.0
2024-03-01 15:47:00,KYMR,43.720001220703125,43.720001220703125,43.75,43.709999084472656,43.75,1812.0
2024-03-01 15:47:00,KZR,1.0199999809265137,1.0199999809265137,1.0299999713897705,1.0199999809265137,1.024999976158142,5737.0
2024-03-01 15:47:00,LAB,2.4800000190734863,2.4800000190734863,2.4800000190734863,2.4700000286102295,2.4749999046325684,4319.0
2024-03-01 15:47:00,LBPH,21.34000015258789,21.34000015258789,21.34000015258789,21.270000457763672,21.299999237060547,2395.0
2024-03-01 15:47:00,LEGN,65.62999725341797,65.62999725341797,65.63999938964844,65.61000061035156,65.62000274658203,1523.0
2024-03-01 15:47:00,LEXX,2.8299999237060547,2.8299999237060547,2.8299999237060547,2.799999952316284,2.8010001182556152,14163.0
2024-03-01 15:47:00,LFMD,7.985000133514404,7.985000133514404,7.989999771118164,7.980000019073486,7.989999771118164,2157.0
2024-03-01 15:47:00,LFST,7.724999904632568,7.724999904632568,7.724999904632568,7.724999904632568,7.724999904632568,7301.0
2024-03-01 15:47:00,LGND,77.80000305175781,77.80000305175781,77.80000305175781,77.80000305175781,77.80000305175781,197.0
2024-03-01 15:47:00,LIAN,4.880000114440918,4.880000114440918,4.880000114440918,4.869999885559082,4.875,6797.0
2024-03-01 15:47:00,LIVN,55.224998474121094,55.224998474121094,55.2400016784668,55.224998474121094,55.23249816894531,363.0
2024-03-01 15:47:00,LMAT,67.78500366210938,67.78500366210938,67.83000183105469,67.75,67.83000183105469,1167.0
2024-03-01 15:47:00,LNTH,64.48999786376953,64.48999786376953,64.48999786376953,64.44000244140625,64.44000244140625,5507.0
2024-03-01 15:47:00,LPTX,2.8499999046325684,2.8499999046325684,2.859999895095825,2.8499999046325684,2.859999895095825,871.0
2024-03-01 15:47:00,LQDA,14.600000381469727,14.600000381469727,14.600000381469727,14.59000015258789,14.59000015258789,668.0
2024-03-01 15:47:00,LTRN,4.150000095367432,4.150000095367432,4.150000095367432,4.150000095367432,4.150000095367432,967.0
2024-03-01 15:47:00,LUNG,9.390000343322754,9.390000343322754,9.390000343322754,9.385000228881836,9.385000228881836,344.0
2024-03-01 15:47:00,LVTX,2.490000009536743,2.490000009536743,2.5299999713897705,2.490000009536743,2.5199999809265137,4718.0
2024-03-01 15:47:00,LXRX,2.4749999046325684,2.4749999046325684,2.4749999046325684,2.4749999046325684,2.4749999046325684,1932.0
2024-03-01 15:47:00,LYEL,3.0850000381469727,3.0850000381469727,3.0850000381469727,3.0799999237060547,3.0820000171661377,841.0
2024-03-01 15:47:00,LYRA,5.659999847412109,5.659999847412109,5.659999847412109,5.640500068664551,5.644999980926514,1399.0
2024-03-01 15:47:00,MACK,14.699999809265137,14.699999809265137,14.699999809265137,14.699999809265137,14.699999809265137,461.0
2024-03-01 15:47:00,MASI,126.95500183105469,126.95500183105469,126.95500183105469,126.74500274658203,126.74500274658203,3868.0
2024-03-01 15:47:00,MBRX,0.6298999786376953,0.6298999786376953,0.6299999952316284,0.6298999786376953,0.6299999952316284,1315.0
2024-03-01 15:47:00,MCRB,1.2200000286102295,1.2200000286102295,1.225000023841858,1.2200000286102295,1.225000023841858,4161.0
2024-03-01 15:47:00,MDGL,249.1649932861328,249.1649932861328,249.4499969482422,249.0800018310547,249.4499969482422,2406.0
2024-03-01 15:47:00,MDRX,6.019999980926514,6.019999980926514,6.019999980926514,6.0,6.010000228881836,98023.0
2024-03-01 15:47:00,MDXG,8.574999809265137,8.574999809265137,8.595000267028809,8.574999809265137,8.595000267028809,18588.0
2024-03-01 15:47:00,ME,0.5465999841690063,0.5465999841690063,0.5465999841690063,0.5461999773979187,0.5462499856948853,21231.0
2024-03-01 15:47:00,MGNX,18.84000015258789,18.84000015258789,18.84000015258789,18.799999237060547,18.809999465942383,4582.0
2024-03-01 15:47:00,MGTX,6.414999961853027,6.414999961853027,6.414999961853027,6.414999961853027,6.414999961853027,410.0
2024-03-01 15:47:00,MIRM,29.139999389648438,29.139999389648438,29.18000030517578,29.139999389648438,29.18000030517578,2765.0
2024-03-01 15:47:00,MLTX,50.709999084472656,50.709999084472656,50.7400016784668,50.68000030517578,50.71500015258789,6094.0
2024-03-01 15:47:00,MMSI,76.15499877929688,76.15499877929688,76.15499877929688,76.15499877929688,76.15499877929688,788.0
2024-03-01 15:47:00,MNKD,4.494999885559082,4.494999885559082,4.500100135803223,4.494999885559082,4.500100135803223,14606.0
2024-03-01 15:47:00,MNMD,6.179999828338623,6.179999828338623,6.188000202178955,6.179999828338623,6.179999828338623,4850.0
2024-03-01 15:47:00,MNPR,0.9196000099182129,0.9196000099182129,0.9196000099182129,0.9196000099182129,0.9196000099182129,749.0
2024-03-01 15:47:00,MODV,27.957500457763672,27.957500457763672,27.959999084472656,27.954999923706055,27.959999084472656,1984.0
2024-03-01 15:47:00,MOR,17.665000915527344,17.665000915527344,17.674999237060547,17.65999984741211,17.674999237060547,877.0
2024-03-01 15:47:00,MORF,39.540000915527344,39.540000915527344,39.560001373291016,39.505001068115234,39.505001068115234,3026.0
2024-03-01 15:47:00,MREO,3.9049999713897705,3.9049999713897705,3.9049999713897705,3.890000104904175,3.890000104904175,6735.0
2024-03-01 15:47:00,MRNA,95.23999786376953,95.23999786376953,95.30999755859375,95.2300033569336,95.27999877929688,12102.0
2024-03-01 15:47:00,MRNS,9.949999809265137,9.949999809265137,9.949999809265137,9.944999694824219,9.949999809265137,914.0
2024-03-01 15:47:00,MRSN,5.945000171661377,5.945000171661377,5.945000171661377,5.929999828338623,5.929999828338623,8263.0
2024-03-01 15:47:00,MRUS,51.4900016784668,51.4900016784668,51.4900016784668,51.400001525878906,51.43000030517578,1791.0
2024-03-01 15:47:00,MRVI,7.635000228881836,7.635000228881836,7.639999866485596,7.630000114440918,7.630000114440918,3514.0
2024-03-01 15:47:00,MXCT,4.729899883270264,4.729899883270264,4.729899883270264,4.71999979019165,4.724999904632568,3388.0
2024-03-01 15:47:00,MYGN,22.06999969482422,22.06999969482422,22.09000015258789,22.059999465942383,22.09000015258789,1394.0
2024-03-01 15:47:00,NARI,45.345001220703125,45.345001220703125,45.3650016784668,45.33000183105469,45.3650016784668,19894.0
2024-03-01 15:47:00,NAUT,2.700000047683716,2.700000047683716,2.7200000286102295,2.700000047683716,2.7200000286102295,300.0
2024-03-01 15:47:00,NBIX,131.86000061035156,131.86000061035156,131.9199981689453,131.86000061035156,131.9199981689453,1312.0
2024-03-01 15:47:00,NEO,15.920000076293945,15.920000076293945,15.920000076293945,15.869999885559082,15.880000114440918,7556.0
2024-03-01 15:47:00,NEOG,17.225000381469727,17.225000381469727,17.225000381469727,17.225000381469727,17.225000381469727,970.0
2024-03-01 15:47:00,NERV,2.6449999809265137,2.6449999809265137,2.6449999809265137,2.6449999809265137,2.6449999809265137,100.0
2024-03-01 15:47:00,NEXI,6.349999904632568,6.349999904632568,6.349999904632568,6.349999904632568,6.349999904632568,328.0
2024-03-01 15:47:00,NGM,1.5199999809265137,1.5199999809265137,1.524999976158142,1.5199999809265137,1.524999976158142,1289.0
2024-03-01 15:47:00,NKTR,0.7493000030517578,0.7493000030517578,0.7493000030517578,0.7450000047683716,0.7450000047683716,3252.0
2024-03-01 15:47:00,NKTX,12.899999618530273,12.899999618530273,12.899999618530273,12.850000381469727,12.850000381469727,16005.0
2024-03-01 15:47:00,NNOX,10.9975004196167,10.9975004196167,11.020000457763672,10.975000381469727,11.020000457763672,8527.0
2024-03-01 15:47:00,NOTV,7.985000133514404,7.985000133514404,8.0,7.985000133514404,8.0,1878.0
2024-03-01 15:47:00,NPCE,16.270000457763672,16.270000457763672,16.270000457763672,16.270000457763672,16.270000457763672,318.0
2024-03-01 15:47:00,NRBO,6.150000095367432,6.150000095367432,6.150000095367432,6.150000095367432,6.150000095367432,375.0
2024-03-01 15:47:00,NRC,40.654998779296875,40.654998779296875,40.654998779296875,40.654998779296875,40.654998779296875,298.0
2024-03-01 15:47:00,NRIX,13.579999923706055,13.579999923706055,13.579999923706055,13.5600004196167,13.5600004196167,2653.0
2024-03-01 15:47:00,NRXP,0.4399999976158142,0.4399999976158142,0.4399999976158142,0.4399000108242035,0.4399999976158142,4963.0
2024-03-01 15:47:00,NTLA,32.84000015258789,32.84000015258789,32.8942985534668,32.84000015258789,32.88999938964844,5989.0
2024-03-01 15:47:00,NTRA,89.30500030517578,89.30500030517578,89.33000183105469,89.29000091552734,89.30000305175781,19051.0
2024-03-01 15:47:00,NUTX,0.11379999667406082,0.11379999667406082,0.11389999836683273,0.1137000024318695,0.1137000024318695,3919.0
2024-03-01 15:47:00,NUVL,87.02999877929688,87.02999877929688,87.08000183105469,87.02999877929688,87.07499694824219,1648.0
2024-03-01 15:47:00,NUWE,0.5911999940872192,0.5911999940872192,0.5950000286102295,0.5899999737739563,0.5950000286102295,2801.0
2024-03-01 15:47:00,NVAX,5.375,5.375,5.389999866485596,5.369999885559082,5.385000228881836,31479.0
2024-03-01 15:47:00,NVCR,16.170000076293945,16.170000076293945,16.170000076293945,16.100000381469727,16.100000381469727,12740.0
2024-03-01 15:47:00,NVCT,10.75,10.75,10.789899826049805,10.739999771118164,10.75,2992.0
2024-03-01 15:47:00,NVNO,6.329999923706055,6.329999923706055,6.329999923706055,6.329999923706055,6.329999923706055,200.0
2024-03-01 15:47:00,NVOS,0.6498000025749207,0.6498000025749207,0.6498000025749207,0.6498000025749207,0.6498000025749207,300.0
2024-03-01 15:47:00,NXGL,2.4149999618530273,2.4149999618530273,2.4149999618530273,2.3399999141693115,2.3399999141693115,3020.0
2024-03-01 15:47:00,OCGN,0.9458000063896179,0.9458000063896179,0.9479990005493164,0.9458000063896179,0.9458000063896179,12691.0
2024-03-01 15:47:00,OCUL,10.640000343322754,10.640000343322754,10.64900016784668,10.640000343322754,10.640000343322754,13151.0
2024-03-01 15:47:00,OCUP,2.5199999809265137,2.5199999809265137,2.5199999809265137,2.509999990463257,2.509999990463257,14448.0
2024-03-01 15:47:00,OFIX,12.954999923706055,12.954999923706055,12.979999542236328,12.954999923706055,12.979999542236328,2756.0
2024-03-01 15:47:00,OGI,2.174999952316284,2.174999952316284,2.174999952316284,2.174999952316284,2.174999952316284,773.0
2024-03-01 15:47:00,OLK,22.9950008392334,22.9950008392334,23.0,22.989999771118164,22.9950008392334,1795.0
2024-03-01 15:47:00,OLMA,14.8100004196167,14.8100004196167,14.812100410461426,14.800000190734863,14.8100004196167,2081.0
2024-03-01 15:47:00,OM,3.0899999141693115,3.0899999141693115,3.0950000286102295,3.0899999141693115,3.0950000286102295,516.0
2024-03-01 15:47:00,OMCL,26.34000015258789,26.34000015258789,26.34000015258789,26.290000915527344,26.315000534057617,2484.0
2024-03-01 15:47:00,OMER,4.829999923706055,4.829999923706055,4.829999923706055,4.820000171661377,4.820000171661377,3049.0
2024-03-01 15:47:00,OMGA,4.329999923706055,4.329999923706055,4.329999923706055,4.315000057220459,4.320000171661377,4278.0
2024-03-01 15:47:00,OMIC,0.6000000238418579,0.6000000238418579,0.6000000238418579,0.6000000238418579,0.6000000238418579,200.0
2024-03-01 15:48:00,AADI,1.9199999570846558,1.9199999570846558,1.9199999570846558,1.9199999570846558,1.9199999570846558,537.0
2024-03-01 15:48:00,ABCL,5.054999828338623,5.054999828338623,5.054999828338623,5.050000190734863,5.050000190734863,3457.0
2024-03-01 15:48:00,ABEO,7.789999961853027,7.789999961853027,7.809999942779541,7.769999980926514,7.78000020980835,4025.0
2024-03-01 15:48:00,ABOS,4.659999847412109,4.659999847412109,4.659999847412109,4.659999847412109,4.659999847412109,912.0
2024-03-01 15:48:00,ABSI,5.494999885559082,5.494999885559082,5.5,5.485000133514404,5.494999885559082,21141.0
2024-03-01 15:48:00,ABUS,2.7850000858306885,2.7850000858306885,2.7899999618530273,2.7850000858306885,2.7850000858306885,1291.0
2024-03-01 15:48:00,ACAD,24.104999542236328,24.104999542236328,24.104999542236328,24.079999923706055,24.079999923706055,8402.0
2024-03-01 15:48:00,ACCD,9.930000305175781,9.930000305175781,9.939900398254395,9.930000305175781,9.9350004196167,8649.0
2024-03-01 15:48:00,ACET,2.375,2.375,2.375,2.369999885559082,2.375,1734.0
2024-03-01 15:48:00,ACHC,84.05000305175781,84.05000305175781,84.08000183105469,84.04000091552734,84.05999755859375,1869.0
2024-03-01 15:48:00,ACHV,4.420000076293945,4.420000076293945,4.420000076293945,4.420000076293945,4.420000076293945,265.0
2024-03-01 15:48:00,ACIU,3.819999933242798,3.819999933242798,3.8299999237060547,3.819999933242798,3.8299999237060547,841.0
2024-03-01 15:48:00,ACLX,67.0250015258789,67.0250015258789,67.06999969482422,66.9800033569336,67.05000305175781,4252.0
2024-03-01 15:48:00,ACRS,1.2300000190734863,1.2300000190734863,1.2300000190734863,1.225000023841858,1.225000023841858,11792.0
2024-03-01 15:48:00,ACXP,3.0199999809265137,3.0199999809265137,3.0199999809265137,3.0199999809265137,3.0199999809265137,118.0
2024-03-01 15:48:00,ADAP,1.5800000429153442,1.5800000429153442,1.5800000429153442,1.5800000429153442,1.5800000429153442,300.0
2024-03-01 15:48:00,ADIL,3.050100088119507,3.050100088119507,3.059999942779541,3.0399999618530273,3.049999952316284,14580.0
2024-03-01 15:48:00,ADMA,5.510000228881836,5.510000228881836,5.537499904632568,5.510000228881836,5.53000020980835,38706.0
2024-03-01 15:48:00,ADPT,4.019999980926514,4.019999980926514,4.034999847412109,4.019999980926514,4.03000020980835,3710.0
2024-03-01 15:48:00,ADUS,93.88999938964844,93.88999938964844,93.88999938964844,93.88999938964844,93.88999938964844,257.0
2024-03-01 15:48:00,ADVM,1.9800000190734863,1.9800000190734863,1.9800000190734863,1.975000023841858,1.975000023841858,1041.0
2024-03-01 15:48:00,AFMD,0.6642000079154968,0.6642000079154968,0.6642000079154968,0.6600000262260437,0.660099983215332,8254.0
2024-03-01 15:48:00,AGEN,0.6661999821662903,0.6661999821662903,0.6671000123023987,0.6661999821662903,0.6670500040054321,73567.0
2024-03-01 15:48:00,AGIO,32.22999954223633,32.22999954223633,32.334999084472656,32.22999954223633,32.310001373291016,6300.0
2024-03-01 15:48:00,AHCO,10.500499725341797,10.500499725341797,10.507499694824219,10.5,10.505000114440918,5461.0
2024-03-01 15:48:00,AIMD,1.0306999683380127,1.0306999683380127,1.0700000524520874,1.0099999904632568,1.0499999523162842,14232.0
2024-03-01 15:48:00,AIRS,6.375,6.375,6.380000114440918,6.369999885559082,6.380000114440918,1653.0
2024-03-01 15:48:00,AKBA,1.6825000047683716,1.6825000047683716,1.690000057220459,1.6825000047683716,1.690000057220459,91709.0
2024-03-01 15:48:00,AKLI,0.3370000123977661,0.3370000123977661,0.3391000032424927,0.3370000123977661,0.3370490074157715,2300.0
2024-03-01 15:48:00,AKRO,28.309999465942383,28.309999465942383,28.514299392700195,28.309999465942383,28.5,9228.0
2024-03-01 15:48:00,AKYA,6.03000020980835,6.03000020980835,6.03000020980835,6.025000095367432,6.025000095367432,908.0
2024-03-01 15:48:00,ALDX,4.264999866485596,4.264999866485596,4.269999980926514,4.264999866485596,4.269999980926514,371.0
2024-03-01 15:48:00,ALEC,7.329999923706055,7.329999923706055,7.329999923706055,7.329999923706055,7.329999923706055,1456.0
2024-03-01 15:48:00,ALGN,300.94000244140625,300.94000244140625,300.94000244140625,300.8821105957031,300.8821105957031,1326.0
2024-03-01 15:48:00,ALHC,5.599999904632568,5.599999904632568,5.599999904632568,5.550000190734863,5.559999942779541,15892.0
2024-03-01 15:48:00,ALKS,30.225000381469727,30.225000381469727,30.229999542236328,30.209999084472656,30.225000381469727,11753.0
2024-03-01 15:48:00,ALLK,1.6349999904632568,1.6349999904632568,1.6349999904632568,1.6299999952316284,1.6349999904632568,2810.0
2024-03-01 15:48:00,ALLO,4.889999866485596,4.889999866485596,4.894999980926514,4.889999866485596,4.889999866485596,4613.0
2024-03-01 15:48:00,ALNY,152.71499633789062,152.71499633789062,152.71499633789062,152.68499755859375,152.68499755859375,380.0
2024-03-01 15:48:00,ALPN,35.939998626708984,35.939998626708984,35.939998626708984,35.834999084472656,35.84000015258789,7884.0
2024-03-01 15:48:00,ALT,12.109999656677246,12.109999656677246,12.15999984741211,12.109999656677246,12.15999984741211,11084.0
2024-03-01 15:48:00,ALVOW,4.079999923706055,4.079999923706055,4.079999923706055,4.079999923706055,4.079999923706055,116.0
2024-03-01 15:48:00,ALVR,0.7493000030517578,0.7493000030517578,0.7493000030517578,0.7491000294685364,0.7491000294685364,2724.0
2024-03-01 15:48:00,ALXO,14.930000305175781,14.930000305175781,14.9399995803833,14.899999618530273,14.925000190734863,6582.0
2024-03-01 15:48:00,AMED,93.37999725341797,93.37999725341797,93.37999725341797,93.34500122070312,93.34500122070312,390.0
2024-03-01 15:48:00,AMGN,280.7200012207031,280.7200012207031,280.7799987792969,280.6700134277344,280.7300109863281,11893.0
2024-03-01 15:48:00,AMLX,18.635000228881836,18.635000228881836,18.639999389648438,18.6299991607666,18.639999389648438,1929.0
2024-03-01 15:48:00,AMPH,45.849998474121094,45.849998474121094,45.88999938964844,45.849998474121094,45.869998931884766,5505.0
2024-03-01 15:48:00,AMRN,1.0499999523162842,1.0499999523162842,1.059999942779541,1.0499999523162842,1.0499999523162842,5007.0
2024-03-01 15:48:00,ANGO,5.46999979019165,5.46999979019165,5.480000019073486,5.465000152587891,5.477499961853027,4718.0
2024-03-01 15:48:00,ANIK,25.010000228881836,25.010000228881836,25.010000228881836,25.010000228881836,25.010000228881836,143.0
2024-03-01 15:48:00,ANIP,66.70999908447266,66.70999908447266,66.70999908447266,66.69999694824219,66.69999694824219,1287.0
2024-03-01 15:48:00,ANNX,6.034999847412109,6.034999847412109,6.050000190734863,6.03000020980835,6.050000190734863,4994.0
2024-03-01 15:48:00,ANTX,3.009999990463257,3.009999990463257,3.009999990463257,3.0,3.0,1248.0
2024-03-01 15:48:00,APLS,64.20999908447266,64.20999908447266,64.20999908447266,64.0999984741211,64.16000366210938,6768.0
2024-03-01 15:48:00,APLT,7.059999942779541,7.059999942779541,7.099999904632568,7.059999942779541,7.099999904632568,12058.0
2024-03-01 15:48:00,APYX,2.1050000190734863,2.1050000190734863,2.1050000190734863,2.1050000190734863,2.1050000190734863,323.0
2024-03-01 15:48:00,AQST,4.179999828338623,4.179999828338623,4.179999828338623,4.175000190734863,4.178800106048584,8200.0
2024-03-01 15:48:00,ARCT,39.56999969482422,39.56999969482422,39.60279846191406,39.56999969482422,39.60279846191406,1382.0
2024-03-01 15:48:00,ARDX,9.3149995803833,9.3149995803833,9.329999923706055,9.3100004196167,9.3149995803833,20576.0
2024-03-01 15:48:00,ARGX,391.37249755859375,391.37249755859375,391.4949951171875,391.25,391.4949951171875,1313.0
2024-03-01 15:48:00,ARQT,11.515000343322754,11.515000343322754,11.515000343322754,11.470000267028809,11.470000267028809,18695.0
2024-03-01 15:48:00,ARVN,47.185001373291016,47.185001373291016,47.2400016784668,47.17499923706055,47.17499923706055,2774.0
2024-03-01 15:48:00,ARWR,35.849998474121094,35.849998474121094,35.880001068115234,35.84000015258789,35.8650016784668,5738.0
2024-03-01 15:48:00,ASLN,0.7190999984741211,0.7190999984741211,0.7190999984741211,0.7190999984741211,0.7190999984741211,124.0
2024-03-01 15:48:00,ASND,153.1199951171875,153.1199951171875,153.30999755859375,153.0,153.2899932861328,4491.0
2024-03-01 15:48:00,ASRT,0.8812000155448914,0.8812000155448914,0.8812000155448914,0.8770999908447266,0.8770999908447266,766.0
2024-03-01 15:48:00,ATAI,2.1254000663757324,2.1254000663757324,2.130000114440918,2.119999885559082,2.125,8646.0
2024-03-01 15:48:00,ATEC,13.449999809265137,13.449999809265137,13.479999542236328,13.449999809265137,13.470000267028809,13064.0
2024-03-01 15:48:00,ATHA,3.930000066757202,3.930000066757202,3.930000066757202,3.930000066757202,3.930000066757202,653.0
2024-03-01 15:48:00,ATRA,0.7700999975204468,0.7700999975204468,0.7771999835968018,0.7700999975204468,0.7771999835968018,909.0
2024-03-01 15:48:00,ATRC,36.165000915527344,36.165000915527344,36.16999816894531,36.15999984741211,36.15999984741211,2193.0
2024-03-01 15:48:00,ATXI,0.1574999988079071,0.1574999988079071,0.15860000252723694,0.1574999988079071,0.15810100734233856,6211.0
2024-03-01 15:48:00,ATXS,14.944999694824219,14.944999694824219,14.944999694824219,14.9399995803833,14.9399995803833,1502.0
2024-03-01 15:48:00,AUGX,4.550000190734863,4.550000190734863,4.559999942779541,4.550000190734863,4.559999942779541,500.0
2024-03-01 15:48:00,AUPH,5.75,5.75,5.755000114440918,5.75,5.755000114440918,1994.0
2024-03-01 15:48:00,AURA,9.244999885559082,9.244999885559082,9.260000228881836,9.244999885559082,9.260000228881836,320.0
2024-03-01 15:48:00,AUTL,6.255000114440918,6.255000114440918,6.255000114440918,6.25,6.25,2423.0
2024-03-01 15:48:00,AVDL,13.75,13.75,13.75,13.670000076293945,13.704999923706055,19641.0
2024-03-01 15:48:00,AVIR,4.445000171661377,4.445000171661377,4.445000171661377,4.445000171661377,4.445000171661377,844.0
2024-03-01 15:48:00,AVRO,1.3300000429153442,1.3300000429153442,1.3300000429153442,1.3300000429153442,1.3300000429153442,283.0
2024-03-01 15:48:00,AVXL,5.264999866485596,5.264999866485596,5.264999866485596,5.264999866485596,5.264999866485596,2299.0
2024-03-01 15:48:00,AWH,4.034999847412109,4.034999847412109,4.050000190734863,4.034999847412109,4.039999961853027,633.0
2024-03-01 15:48:00,AXDX,0.9700000286102295,0.9700000286102295,0.9700000286102295,0.9700000286102295,0.9700000286102295,139.0
2024-03-01 15:48:00,AXGN,10.75,10.75,10.75,10.75,10.75,2818.0
2024-03-01 15:48:00,AXNX,67.8949966430664,67.8949966430664,67.8949966430664,67.83999633789062,67.86000061035156,2869.0
2024-03-01 15:48:00,AXSM,82.51499938964844,82.51499938964844,82.56999969482422,82.43499755859375,82.56999969482422,2221.0
2024-03-01 15:48:00,AZN,64.625,64.625,64.625,64.62000274658203,64.625,10443.0
2024-03-01 15:48:00,AZTA,67.0999984741211,67.0999984741211,67.12999725341797,67.0999984741211,67.12999725341797,3189.0
2024-03-01 15:48:00,BBIO,35.67499923706055,35.67499923706055,35.689998626708984,35.67499923706055,35.689998626708984,1805.0
2024-03-01 15:48:00,BCAB,2.8350000381469727,2.8350000381469727,2.8350000381469727,2.8299999237060547,2.8299999237060547,315.0
2024-03-01 15:48:00,BCDA,0.5796999931335449,0.5796999931335449,0.5799000263214111,0.5791000127792358,0.5791000127792358,2616.0
2024-03-01 15:48:00,BCEL,0.27000001072883606,0.27000001072883606,0.27000001072883606,0.27000001072883606,0.27000001072883606,200.0
2024-03-01 15:48:00,BCRX,5.625,5.625,5.630000114440918,5.619999885559082,5.625,3100.0
2024-03-01 15:48:00,BCYC,25.700000762939453,25.700000762939453,25.700000762939453,25.700000762939453,25.700000762939453,390.0
2024-03-01 15:48:00,BDTX,4.784999847412109,4.784999847412109,4.786900043487549,4.784999847412109,4.786900043487549,2343.0
2024-03-01 15:48:00,BEAM,39.650001525878906,39.650001525878906,39.70000076293945,39.650001525878906,39.65999984741211,7399.0
2024-03-01 15:48:00,BGNE,165.11000061035156,165.11000061035156,165.3249969482422,165.01499938964844,165.16000366210938,1981.0
2024-03-01 15:48:00,BIAF,2.109999895095825,2.109999895095825,2.180000066757202,2.109999895095825,2.109999895095825,1992.0
2024-03-01 15:48:00,BIIB,220.81500244140625,220.81500244140625,220.97500610351562,220.81500244140625,220.97500610351562,4790.0
2024-03-01 15:48:00,BIOL,0.14630000293254852,0.14630000293254852,0.14662599563598633,0.14630000293254852,0.14662599563598633,2510.0
2024-03-01 15:48:00,BIOR,1.100000023841858,1.100000023841858,1.100000023841858,1.0985000133514404,1.0985000133514404,4700.0
2024-03-01 15:48:00,BIVI,2.0,2.0,2.0199999809265137,2.0,2.009999990463257,81156.0
2024-03-01 15:48:00,BLFS,17.860000610351562,17.860000610351562,17.90999984741211,17.860000610351562,17.909000396728516,2964.0
2024-03-01 15:48:00,BLUE,1.5700000524520874,1.5700000524520874,1.5750000476837158,1.5700000524520874,1.5700000524520874,9229.0
2024-03-01 15:48:00,BMEA,17.790000915527344,17.790000915527344,17.81999969482422,17.65999984741211,17.799999237060547,18959.0
2024-03-01 15:48:00,BMRN,87.62999725341797,87.62999725341797,87.68000030517578,87.61000061035156,87.66000366210938,7567.0
2024-03-01 15:48:00,BNGO,1.2549999952316284,1.2549999952316284,1.2549999952316284,1.2549999952316284,1.2549999952316284,155.0
2024-03-01 15:48:00,BNR,0.8525999784469604,0.8525999784469604,0.8700000047683716,0.8082000017166138,0.8082000017166138,29002.0
2024-03-01 15:48:00,BNTC,5.360099792480469,5.360099792480469,5.360099792480469,5.360099792480469,5.360099792480469,309.0
2024-03-01 15:48:00,BNTX,90.62999725341797,90.62999725341797,90.63999938964844,90.5999984741211,90.5999984741211,1527.0
2024-03-01 15:48:00,BPMC,95.55000305175781,95.55000305175781,95.55000305175781,95.45999908447266,95.45999908447266,1632.0
2024-03-01 15:48:00,BRKR,88.41999816894531,88.41999816894531,88.41999816894531,88.4000015258789,88.41000366210938,2135.0
2024-03-01 15:48:00,BTAI,3.194999933242798,3.194999933242798,3.194999933242798,3.194999933242798,3.194999933242798,215.0
2024-03-01 15:48:00,BTTX,0.18250000476837158,0.18250000476837158,0.18250000476837158,0.18000000715255737,0.18000000715255737,3482.0
2024-03-01 15:48:00,BVS,4.820000171661377,4.820000171661377,4.820000171661377,4.78000020980835,4.78000020980835,3167.0
2024-03-01 15:48:00,BWAY,6.590000152587891,6.590000152587891,6.590000152587891,6.590000152587891,6.590000152587891,215.0
2024-03-01 15:48:00,CABA,24.0,24.0,24.010000228881836,24.0,24.010000228881836,2798.0
2024-03-01 15:48:00,CADL,1.7798999547958374,1.7798999547958374,1.7798999547958374,1.7549999952316284,1.7549999952316284,356.0
2024-03-01 15:48:00,CAPR,4.559999942779541,4.559999942779541,4.559999942779541,4.510000228881836,4.539999961853027,3755.0
2024-03-01 15:48:00,CBAY,32.220001220703125,32.220001220703125,32.224998474121094,32.220001220703125,32.224998474121094,14962.0
2024-03-01 15:48:00,CCCC,10.984999656677246,10.984999656677246,10.989999771118164,10.979999542236328,10.984999656677246,1744.0
2024-03-01 15:48:00,CCRN,18.290000915527344,18.290000915527344,18.290000915527344,18.280000686645508,18.280000686645508,1334.0
2024-03-01 15:48:00,CDMO,8.234999656677246,8.234999656677246,8.25,8.234999656677246,8.25,6782.0
2024-03-01 15:48:00,CDNA,11.984999656677246,11.984999656677246,11.989999771118164,11.970000267028809,11.984999656677246,24261.0
2024-03-01 15:48:00,CDXS,4.540999889373779,4.540999889373779,4.550000190734863,4.539999961853027,4.539999961853027,1108.0
2024-03-01 15:48:00,CELC,17.31999969482422,17.31999969482422,17.31999969482422,17.31999969482422,17.31999969482422,239.0
2024-03-01 15:48:00,CELU,3.690000057220459,3.690000057220459,3.690000057220459,3.690000057220459,3.690000057220459,163.0
2024-03-01 15:48:00,CELUW,0.03999999910593033,0.03999999910593033,0.03999999910593033,0.03999999910593033,0.03999999910593033,100.0
2024-03-01 15:48:00,CELZ,4.210000038146973,4.210000038146973,4.210000038146973,4.210000038146973,4.210000038146973,342.0
2024-03-01 15:48:00,CERE,41.08000183105469,41.08000183105469,41.084999084472656,41.08000183105469,41.084999084472656,1349.0
2024-03-01 15:48:00,CERS,2.170099973678589,2.170099973678589,2.174999952316284,2.1700000762939453,2.174999952316284,8654.0
2024-03-01 15:48:00,CERT,18.184999465942383,18.184999465942383,18.190000534057617,18.18000030517578,18.190000534057617,2956.0
2024-03-01 15:48:00,CGC,3.2049999237060547,3.2049999237060547,3.2100000381469727,3.200000047683716,3.2049999237060547,1312.0
2024-03-01 15:48:00,CGEM,18.469999313354492,18.469999313354492,18.5,18.469999313354492,18.5,1027.0
2024-03-01 15:48:00,CGEN,2.690000057220459,2.690000057220459,2.690000057220459,2.680000066757202,2.680000066757202,2617.0
2024-03-01 15:48:00,CGTX,2.005000114440918,2.005000114440918,2.005000114440918,2.005000114440918,2.005000114440918,1210.0
2024-03-01 15:48:00,CHRS,2.380000114440918,2.380000114440918,2.384999990463257,2.380000114440918,2.380000114440918,7624.0
2024-03-01 15:48:00,CJJD,2.8499999046325684,2.8499999046325684,2.8499999046325684,2.8499999046325684,2.8499999046325684,214.0
2024-03-01 15:48:00,CKPT,2.2093000411987305,2.2093000411987305,2.2100000381469727,2.2049999237060547,2.2049999237060547,1105.0
2024-03-01 15:48:00,CLDX,51.439998626708984,51.439998626708984,51.48500061035156,51.40999984741211,51.470001220703125,2530.0
2024-03-01 15:48:00,CLNN,0.3921000063419342,0.3921000063419342,0.3921000063419342,0.3921000063419342,0.3921000063419342,2018.0
2024-03-01 15:48:00,CLOV,0.8654000163078308,0.8654000163078308,0.8654000163078308,0.8652999997138977,0.8652999997138977,14646.0
2024-03-01 15:48:00,CLPT,6.630000114440918,6.630000114440918,6.630000114440918,6.630000114440918,6.630000114440918,542.0
2024-03-01 15:48:00,CLRB,4.099999904632568,4.099999904632568,4.110000133514404,4.099999904632568,4.099999904632568,1227.0
2024-03-01 15:48:00,CLSD,1.3799999952316284,1.3799999952316284,1.3799999952316284,1.3799999952316284,1.3799999952316284,528.0
2024-03-01 15:48:00,CLVRW,0.039900001138448715,0.039900001138448715,0.039900001138448715,0.039900001138448715,0.039900001138448715,2001.0
2024-03-01 15:48:00,CMPS,11.494999885559082,11.494999885559082,11.5,11.489999771118164,11.489999771118164,1572.0
2024-03-01 15:48:00,CMRX,1.2000000476837158,1.2000000476837158,1.2000000476837158,1.2000000476837158,1.2000000476837158,107.0
2024-03-01 15:48:00,COGT,7.215000152587891,7.215000152587891,7.21999979019165,7.215000152587891,7.215000152587891,4743.0
2024-03-01 15:48:00,COLL,36.959999084472656,36.959999084472656,36.959999084472656,36.959999084472656,36.959999084472656,846.0
2024-03-01 15:48:00,CORT,24.150999069213867,24.150999069213867,24.15999984741211,24.131000518798828,24.131000518798828,3009.0
2024-03-01 15:48:00,COSM,0.7848899960517883,0.7848899960517883,0.7848899960517883,0.7848899960517883,0.7848899960517883,800.0
2024-03-01 15:48:00,CPRX,17.06999969482422,17.06999969482422,17.094999313354492,17.065000534057617,17.065000534057617,15191.0
2024-03-01 15:48:00,CPSI,9.234999656677246,9.234999656677246,9.255000114440918,9.234999656677246,9.2524995803833,2263.0
2024-03-01 15:48:00,CRBP,34.150001525878906,34.150001525878906,34.345001220703125,34.150001525878906,34.29499816894531,1991.0
2024-03-01 15:48:00,CRBU,7.78000020980835,7.78000020980835,7.789999961853027,7.760000228881836,7.769999980926514,11183.0
2024-03-01 15:48:00,CRDF,3.0383999347686768,3.0383999347686768,3.0399999618530273,2.9700000286102295,3.0188000202178955,344336.0
2024-03-01 15:48:00,CRDL,1.9199999570846558,1.9199999570846558,1.926300048828125,1.9199999570846558,1.926300048828125,4203.0
2024-03-01 15:48:00,CRMD,3.6549999713897705,3.6549999713897705,3.6549999713897705,3.6549999713897705,3.6549999713897705,329.0
2024-03-01 15:48:00,CRNX,45.7599983215332,45.7599983215332,45.79999923706055,45.72999954223633,45.79999923706055,2797.0
2024-03-01 15:48:00,CRON,2.015000104904175,2.015000104904175,2.0199999809265137,2.011399984359741,2.015000104904175,4505.0
2024-03-01 15:48:00,CRSP,84.04000091552734,84.04000091552734,84.08000183105469,84.04000091552734,84.08000183105469,2544.0
2024-03-01 15:48:00,CSTL,19.989999771118164,19.989999771118164,19.989999771118164,19.989999771118164,19.989999771118164,649.0
2024-03-01 15:48:00,CTKB,9.055000305175781,9.055000305175781,9.069999694824219,9.050000190734863,9.0600004196167,13121.0
2024-03-01 15:48:00,CTMX,2.5950000286102295,2.5950000286102295,2.5999999046325684,2.5899999141693115,2.5950000286102295,4561.0
2024-03-01 15:48:00,CTXR,0.7775999903678894,0.7775999903678894,0.7775999903678894,0.7762500047683716,0.7762500047683716,1407.0
2024-03-01 15:48:00,CUE,2.119999885559082,2.119999885559082,2.130000114440918,2.119999885559082,2.130000114440918,1083.0
2024-03-01 15:48:00,CUTR,2.390000104904175,2.390000104904175,2.4000000953674316,2.390000104904175,2.4000000953674316,8115.0
2024-03-01 15:48:00,CVAC,3.4549999237060547,3.4549999237060547,3.4600000381469727,3.4549999237060547,3.4549999237060547,545.0
2024-03-01 15:48:00,CVRX,20.780000686645508,20.780000686645508,20.780000686645508,20.780000686645508,20.780000686645508,507.0
2024-03-01 15:48:00,CYT,3.130000114440918,3.130000114440918,3.130000114440918,3.130000114440918,3.130000114440918,195.0
2024-03-01 15:48:00,CYTK,73.74500274658203,73.74500274658203,73.74500274658203,73.72000122070312,73.7249984741211,1113.0
2024-03-01 15:48:00,CYTO,2.4523000717163086,2.4523000717163086,2.4523000717163086,2.4523000717163086,2.4523000717163086,303.0
2024-03-01 15:48:00,DARE,0.550707995891571,0.550707995891571,0.550707995891571,0.550707995891571,0.550707995891571,216.0
2024-03-01 15:48:00,DAWN,17.47100067138672,17.47100067138672,17.5,17.47100067138672,17.479999542236328,2435.0
2024-03-01 15:48:00,DCGO,4.085000038146973,4.085000038146973,4.085000038146973,4.079999923706055,4.085000038146973,2553.0
2024-03-01 15:48:00,DCPH,17.459999084472656,17.459999084472656,17.459999084472656,17.450000762939453,17.459999084472656,1472.0
2024-03-01 15:48:00,DH,8.899999618530273,8.899999618530273,8.899999618530273,8.885000228881836,8.890000343322754,5859.0
2024-03-01 15:48:00,DMTK,0.8597999811172485,0.8597999811172485,0.8597999811172485,0.8400099873542786,0.8400099873542786,25330.0
2024-03-01 15:48:00,DNLI,20.639999389648438,20.639999389648438,20.68000030517578,20.639999389648438,20.65999984741211,3214.0
2024-03-01 15:48:00,DRRX,0.9911500215530396,0.9911500215530396,0.9922999739646912,0.9901000261306763,0.9901000261306763,650.0
2024-03-01 15:48:00,DSGN,2.865000009536743,2.865000009536743,2.865000009536743,2.859999895095825,2.859999895095825,697.0
2024-03-01 15:48:00,DTIL,12.5,12.5,12.524999618530273,12.449999809265137,12.5,3235.0
2024-03-01 15:48:00,DVAX,12.75,12.75,12.760000228881836,12.75,12.755000114440918,8417.0
2024-03-01 15:48:00,DXCM,121.37000274658203,121.37000274658203,121.42500305175781,121.36000061035156,121.41000366210938,12682.0
2024-03-01 15:48:00,DYN,29.247600555419922,29.247600555419922,29.25,29.18000030517578,29.18000030517578,4327.0
2024-03-01 15:48:00,EDIT,10.479999542236328,10.479999542236328,10.520000457763672,10.479999542236328,10.520000457763672,25132.0
2024-03-01 15:48:00,EFTR,16.450000762939453,16.450000762939453,16.450000762939453,16.398399353027344,16.398399353027344,2486.0
2024-03-01 15:48:00,EGRX,6.489999771118164,6.489999771118164,6.489999771118164,6.489999771118164,6.489999771118164,254.0
2024-03-01 15:48:00,EKSO,1.9900000095367432,1.9900000095367432,1.9900000095367432,1.9900000095367432,1.9900000095367432,118.0
2024-03-01 15:48:00,ELEV,5.110000133514404,5.110000133514404,5.110000133514404,5.099999904632568,5.110000133514404,2161.0
2024-03-01 15:48:00,EMBC,14.25,14.25,14.255000114440918,14.25,14.255000114440918,1379.0
2024-03-01 15:48:00,ENLV,3.259999990463257,3.259999990463257,3.2750000953674316,3.259999990463257,3.265500068664551,2810.0
2024-03-01 15:48:00,ENTA,15.560999870300293,15.560999870300293,15.579999923706055,15.560999870300293,15.569999694824219,4870.0
2024-03-01 15:48:00,ENVB,1.5499999523162842,1.5499999523162842,1.5499999523162842,1.5406999588012695,1.5406999588012695,2102.0
2024-03-01 15:48:00,EPIX,9.375,9.375,9.425000190734863,9.375,9.425000190734863,200.0
2024-03-01 15:48:00,ERAS,2.615000009536743,2.615000009536743,2.619999885559082,2.615000009536743,2.619999885559082,4362.0
2024-03-01 15:48:00,ESPR,2.5450000762939453,2.5450000762939453,2.549999952316284,2.5450000762939453,2.5450000762939453,13313.0
2024-03-01 15:48:00,ESTA,43.97999954223633,43.97999954223633,44.119998931884766,43.939998626708984,43.97999954223633,6095.0
2024-03-01 15:48:00,ETNB,12.694999694824219,12.694999694824219,12.699999809265137,12.6850004196167,12.694999694824219,6326.0
2024-03-01 15:48:00,EVGN,0.9700999855995178,0.9700999855995178,0.9799000024795532,0.9700999855995178,0.9799000024795532,220.0
2024-03-01 15:48:00,EWTX,16.610000610351562,16.610000610351562,16.6299991607666,16.610000610351562,16.6200008392334,3307.0
2024-03-01 15:48:00,EXAI,6.53000020980835,6.53000020980835,6.53000020980835,6.53000020980835,6.53000020980835,414.0
2024-03-01 15:48:00,EXAS,59.36000061035156,59.36000061035156,59.36000061035156,59.22999954223633,59.25,25921.0
2024-03-01 15:48:00,EXEL,22.19499969482422,22.19499969482422,22.219999313354492,22.190000534057617,22.219999313354492,12618.0
2024-03-01 15:48:00,EYEN,2.4049999713897705,2.4049999713897705,2.4091999530792236,2.400099992752075,2.400099992752075,2634.0
2024-03-01 15:48:00,EYPT,27.920000076293945,27.920000076293945,27.979999542236328,27.889999389648438,27.979999542236328,3471.0
2024-03-01 15:48:00,FATE,7.724999904632568,7.724999904632568,7.735000133514404,7.724999904632568,7.730000019073486,7461.0
2024-03-01 15:48:00,FDMT,29.170000076293945,29.170000076293945,29.174999237060547,29.15999984741211,29.174999237060547,1344.0
2024-03-01 15:48:00,FEMY,1.809999942779541,1.809999942779541,1.8300000429153442,1.809999942779541,1.8300000429153442,957.0
2024-03-01 15:48:00,FGEN,1.840000033378601,1.840000033378601,1.840000033378601,1.8350000381469727,1.8350000381469727,13792.0
2024-03-01 15:48:00,FHTX,7.804999828338623,7.804999828338623,7.804999828338623,7.804999828338623,7.804999828338623,506.0
2024-03-01 15:48:00,FLGT,23.125,23.125,23.125,23.110000610351562,23.110000610351562,2011.0
2024-03-01 15:48:00,FOLD,13.28499984741211,13.28499984741211,13.289999961853027,13.279999732971191,13.279999732971191,6276.0
2024-03-01 15:48:00,FULC,10.984999656677246,10.984999656677246,10.989999771118164,10.984999656677246,10.989999771118164,1850.0
2024-03-01 15:48:00,FUSN,12.029999732971191,12.029999732971191,12.050000190734863,12.029999732971191,12.050000190734863,2982.0
2024-03-01 15:48:00,FWBI,9.100000381469727,9.100000381469727,9.100000381469727,8.979999542236328,8.989999771118164,1570.0
2024-03-01 15:48:00,GALT,1.9249999523162842,1.9249999523162842,1.9299999475479126,1.9200999736785889,1.9200999736785889,2372.0
2024-03-01 15:48:00,GBIO,2.634999990463257,2.634999990463257,2.640000104904175,2.630000114440918,2.630000114440918,3255.0
2024-03-01 15:48:00,GDRX,8.300000190734863,8.300000190734863,8.309499740600586,8.300000190734863,8.300100326538086,11598.0
2024-03-01 15:48:00,GENE,2.3399999141693115,2.3399999141693115,2.3499999046325684,2.3399999141693115,2.3499999046325684,347.0
2024-03-01 15:48:00,GERN,2.244999885559082,2.244999885559082,2.259999990463257,2.2441999912261963,2.25,185231.0
2024-03-01 15:48:00,GH,18.979999542236328,18.979999542236328,18.985000610351562,18.969999313354492,18.985000610351562,4500.0
2024-03-01 15:48:00,GILD,72.33499908447266,72.33499908447266,72.33999633789062,72.31009674072266,72.33000183105469,15074.0
2024-03-01 15:48:00,GLMD,0.4070500135421753,0.4070500135421753,0.4070500135421753,0.4041000008583069,0.4041999876499176,2760.0
2024-03-01 15:48:00,GLPG,35.084999084472656,35.084999084472656,35.099998474121094,35.084999084472656,35.084999084472656,790.0
2024-03-01 15:48:00,GLUE,6.289999961853027,6.289999961853027,6.289999961853027,6.289999961853027,6.289999961853027,240.0
2024-03-01 15:48:00,GLYC,3.0399999618530273,3.0399999618530273,3.049999952316284,3.0299999713897705,3.049999952316284,2241.0
2024-03-01 15:48:00,GMAB,29.295000076293945,29.295000076293945,29.295000076293945,29.295000076293945,29.295000076293945,757.0
2024-03-01 15:48:00,GMDA,0.3837999999523163,0.3837999999523163,0.3837999999523163,0.3837999999523163,0.3837999999523163,233.0
2024-03-01 15:48:00,GOSS,1.3949999809265137,1.3949999809265137,1.399999976158142,1.3901000022888184,1.399999976158142,3000.0
2024-03-01 15:48:00,GRFS,7.014999866485596,7.014999866485596,7.014999866485596,6.991199970245361,7.0,39745.0
2024-03-01 15:48:00,GRPH,3.359999895095825,3.359999895095825,3.359999895095825,3.359999895095825,3.359999895095825,288.0
2024-03-01 15:48:00,GRTS,2.0199999809265137,2.0199999809265137,2.0199999809265137,2.009999990463257,2.0199999809265137,22178.0
2024-03-01 15:48:00,GRTX,0.2280000001192093,0.2280000001192093,0.2280000001192093,0.2280000001192093,0.2280000001192093,128.0
2024-03-01 15:48:00,GTHX,3.694999933242798,3.694999933242798,3.700000047683716,3.694999933242798,3.694999933242798,1363.0
2024-03-01 15:48:00,HALO,41.05500030517578,41.05500030517578,41.064998626708984,41.05099868774414,41.060001373291016,2699.0
2024-03-01 15:48:00,HBIO,4.375,4.375,4.375,4.375,4.375,624.0
2024-03-01 15:48:00,HCAT,8.045000076293945,8.045000076293945,8.045000076293945,8.03499984741211,8.039999961853027,2955.0
2024-03-01 15:48:00,HCSG,12.835000038146973,12.835000038146973,12.850000381469727,12.829999923706055,12.829999923706055,5008.0
2024-03-01 15:48:00,HLTH,0.26980000734329224,0.26980000734329224,0.26980000734329224,0.26969999074935913,0.26969999074935913,14148.0
2024-03-01 15:48:00,HLVX,19.049999237060547,19.049999237060547,19.049999237060547,19.020000457763672,19.020000457763672,1214.0
2024-03-01 15:48:00,HOLX,73.86000061035156,73.86000061035156,73.8949966430664,73.8550033569336,73.8949966430664,5230.0
2024-03-01 15:48:00,HOWL,7.039999961853027,7.039999961853027,7.039999961853027,7.039999961853027,7.039999961853027,251.0
2024-03-01 15:48:00,HQY,81.3949966430664,81.3949966430664,81.41000366210938,81.38999938964844,81.38999938964844,1093.0
2024-03-01 15:48:00,HRMY,31.899999618530273,31.899999618530273,31.93000030517578,31.889999389648438,31.889999389648438,1475.0
2024-03-01 15:48:00,HROW,10.869999885559082,10.869999885559082,10.880000114440918,10.869999885559082,10.880000114440918,3167.0
2024-03-01 15:48:00,HRTX,2.5899999141693115,2.5899999141693115,2.5950000286102295,2.5850000381469727,2.5850000381469727,25513.0
2024-03-01 15:48:00,HSCS,0.12200000137090683,0.12200000137090683,0.12200000137090683,0.12200000137090683,0.12200000137090683,2000.0
2024-03-01 15:48:00,HSDT,4.599999904632568,4.599999904632568,4.599999904632568,4.599999904632568,4.599999904632568,413.0
2024-03-01 15:48:00,HSIC,76.8499984741211,76.8499984741211,76.87000274658203,76.84200286865234,76.86000061035156,4678.0
2024-03-01 15:48:00,HSTM,27.1299991607666,27.1299991607666,27.139999389648438,27.114999771118164,27.139999389648438,889.0
2024-03-01 15:48:00,HUGE,0.9009000062942505,0.9009000062942505,0.9009000062942505,0.9009000062942505,0.9009000062942505,119.0
2024-03-01 15:48:00,HUMA,3.2699999809265137,3.2699999809265137,3.279599905014038,3.2699999809265137,3.2750000953674316,9383.0
2024-03-01 15:48:00,IART,36.08000183105469,36.08000183105469,36.125,36.08000183105469,36.125,1317.0
2024-03-01 15:48:00,IBRX,4.730299949645996,4.730299949645996,4.739999771118164,4.730100154876709,4.735000133514404,13373.0
2024-03-01 15:48:00,ICAD,1.8799999952316284,1.8799999952316284,1.8899999856948853,1.8799999952316284,1.8899999856948853,8322.0
2024-03-01 15:48:00,ICCM,1.2799999713897705,1.2799999713897705,1.2949999570846558,1.2799999713897705,1.2799999713897705,500.0
2024-03-01 15:48:00,ICLR,324.31500244140625,324.31500244140625,324.31500244140625,324.135009765625,324.135009765625,505.0
2024-03-01 15:48:00,ICUI,105.49500274658203,105.49500274658203,105.49500274658203,105.49500274658203,105.49500274658203,344.0
2024-03-01 15:48:00,IDYA,46.31999969482422,46.31999969482422,46.41999816894531,46.310001373291016,46.369998931884766,5522.0
2024-03-01 15:48:00,IFRX,1.7300000190734863,1.7300000190734863,1.75,1.7300000190734863,1.7400000095367432,2792.0
2024-03-01 15:48:00,IGMS,12.729999542236328,12.729999542236328,12.729999542236328,12.729999542236328,12.729999542236328,100.0
2024-03-01 15:48:00,IKNA,1.4800000190734863,1.4800000190734863,1.4800000190734863,1.4800000190734863,1.4800000190734863,302.0
2024-03-01 15:48:00,ILMN,140.3350067138672,140.3350067138672,140.42999267578125,140.27999877929688,140.4199981689453,2621.0
2024-03-01 15:48:00,IMAB,1.7799999713897705,1.7799999713897705,1.7799999713897705,1.7799999713897705,1.7799999713897705,1300.0
2024-03-01 15:48:00,IMCR,68.0,68.0,68.0,67.94999694824219,67.94999694824219,613.0
2024-03-01 15:48:00,IMNM,25.360000610351562,25.360000610351562,25.360000610351562,25.334999084472656,25.342500686645508,1374.0
2024-03-01 15:48:00,IMNN,1.0099999904632568,1.0099999904632568,1.0099999904632568,1.0049999952316284,1.0099999904632568,1140.0
2024-03-01 15:48:00,IMTX,12.880000114440918,12.880000114440918,12.880000114440918,12.880000114440918,12.880000114440918,342.0
2024-03-01 15:48:00,IMUX,1.440000057220459,1.440000057220459,1.440000057220459,1.440000057220459,1.440000057220459,228.0
2024-03-01 15:48:00,IMVT,35.47999954223633,35.47999954223633,35.494998931884766,35.470001220703125,35.47999954223633,2686.0
2024-03-01 15:48:00,INBX,36.584999084472656,36.584999084472656,36.584999084472656,36.56999969482422,36.584999084472656,768.0
2024-03-01 15:48:00,INCY,58.95050048828125,58.95050048828125,58.970001220703125,58.95000076293945,58.970001220703125,3544.0
2024-03-01 15:48:00,INGN,6.96999979019165,6.96999979019165,6.96999979019165,6.934999942779541,6.940000057220459,5951.0
2024-03-01 15:48:00,INMB,12.329999923706055,12.329999923706055,12.390000343322754,12.329999923706055,12.369999885559082,1187.0
2024-03-01 15:48:00,INMD,22.90999984741211,22.90999984741211,22.924999237060547,22.90999984741211,22.920000076293945,4222.0
2024-03-01 15:48:00,INSM,27.954999923706055,27.954999923706055,27.96500015258789,27.940000534057617,27.96500015258789,3645.0
2024-03-01 15:48:00,INVA,15.354999542236328,15.354999542236328,15.385000228881836,15.354999542236328,15.385000228881836,16859.0
2024-03-01 15:48:00,INZY,6.550000190734863,6.550000190734863,6.554999828338623,6.550000190734863,6.554999828338623,200.0
2024-03-01 15:48:00,IOBT,1.7599999904632568,1.7599999904632568,1.7799999713897705,1.7599999904632568,1.7799999713897705,799.0
2024-03-01 15:48:00,IONS,45.439998626708984,45.439998626708984,45.47999954223633,45.439998626708984,45.470001220703125,6538.0
2024-03-01 15:48:00,IOVA,16.815000534057617,16.815000534057617,16.850000381469727,16.809999465942383,16.834999084472656,44280.0
2024-03-01 15:48:00,IPSC,3.950000047683716,3.950000047683716,3.9549999237060547,3.950000047683716,3.9549999237060547,520.0
2024-03-01 15:48:00,IRMD,41.540000915527344,41.540000915527344,41.540000915527344,41.540000915527344,41.540000915527344,102.0
2024-03-01 15:48:00,IRTC,120.66999816894531,120.66999816894531,120.66999816894531,120.66999816894531,120.66999816894531,467.0
2024-03-01 15:48:00,IRWD,8.88010025024414,8.88010025024414,8.885000228881836,8.862500190734863,8.880000114440918,80817.0
2024-03-01 15:48:00,ISPC,0.46790000796318054,0.46790000796318054,0.46790000796318054,0.46790000796318054,0.46790000796318054,101.0
2024-03-01 15:48:00,ISRG,399.135009765625,399.135009765625,399.2300109863281,399.07000732421875,399.1499938964844,9740.0
2024-03-01 15:48:00,ITCI,72.1500015258789,72.1500015258789,72.1500015258789,72.08999633789062,72.13999938964844,14381.0
2024-03-01 15:48:00,ITOS,11.279999732971191,11.279999732971191,11.279999732971191,11.25,11.25,2023.0
2024-03-01 15:48:00,IVVD,3.9800000190734863,3.9800000190734863,3.9800000190734863,3.9749999046325684,3.9749999046325684,1003.0
2024-03-01 15:48:00,IXHL,5.510000228881836,5.510000228881836,5.510000228881836,5.510000228881836,5.510000228881836,100.0
2024-03-01 15:48:00,JAGX,0.0828000009059906,0.0828000009059906,0.08299999684095383,0.08269999921321869,0.08269999921321869,61101.0
2024-03-01 15:48:00,JANX,46.01499938964844,46.01499938964844,46.01499938964844,45.994998931884766,46.01499938964844,1379.0
2024-03-01 15:48:00,JAZZ,118.70500183105469,118.70500183105469,118.70999908447266,118.5999984741211,118.6500015258789,5979.0
2024-03-01 15:48:00,JSPR,21.5049991607666,21.5049991607666,21.5049991607666,21.5049991607666,21.5049991607666,322.0
2024-03-01 15:48:00,JYNT,9.890000343322754,9.890000343322754,9.890000343322754,9.890000343322754,9.890000343322754,1233.0
2024-03-01 15:48:00,KALV,14.09000015258789,14.09000015258789,14.100000381469727,14.079999923706055,14.09000015258789,1857.0
2024-03-01 15:48:00,KIDS,28.010000228881836,28.010000228881836,28.010000228881836,27.950000762939453,27.950000762939453,2353.0
2024-03-01 15:48:00,KMDA,6.369999885559082,6.369999885559082,6.369999885559082,6.369999885559082,6.369999885559082,102.0
2024-03-01 15:48:00,KNSA,21.774999618530273,21.774999618530273,21.780000686645508,21.774999618530273,21.780000686645508,1874.0
2024-03-01 15:48:00,KNTE,2.5999999046325684,2.5999999046325684,2.5999999046325684,2.5975000858306885,2.5999999046325684,678.0
2024-03-01 15:48:00,KOD,6.0,6.0,6.005000114440918,6.0,6.005000114440918,988.0
2024-03-01 15:48:00,KPTI,1.184999942779541,1.184999942779541,1.184999942779541,1.184999942779541,1.184999942779541,674.0
2024-03-01 15:48:00,KROS,68.7125015258789,68.7125015258789,68.79000091552734,68.7074966430664,68.7699966430664,1861.0
2024-03-01 15:48:00,KRTX,315.7749938964844,315.7749938964844,315.7749938964844,315.7699890136719,315.7699890136719,735.0
2024-03-01 15:48:00,KRYS,167.63999938964844,167.63999938964844,167.63999938964844,167.63999938964844,167.63999938964844,386.0
2024-03-01 15:48:00,KTRA,0.1005999967455864,0.1005999967455864,0.1005999967455864,0.10050000250339508,0.10055000334978104,2226.0
2024-03-01 15:48:00,KURA,21.59000015258789,21.59000015258789,21.600000381469727,21.59000015258789,21.59000015258789,2566.0
2024-03-01 15:48:00,KYMR,43.775001525878906,43.775001525878906,43.79999923706055,43.7400016784668,43.75,2868.0
2024-03-01 15:48:00,KZR,1.0299999713897705,1.0299999713897705,1.0299999713897705,1.0199999809265137,1.0199999809265137,3116.0
2024-03-01 15:48:00,LAB,2.4749999046325684,2.4749999046325684,2.4800000190734863,2.4700000286102295,2.4749999046325684,4398.0
2024-03-01 15:48:00,LBPH,21.440000534057617,21.440000534057617,21.440000534057617,21.34000015258789,21.34000015258789,1789.0
2024-03-01 15:48:00,LEGN,65.63999938964844,65.63999938964844,65.63999938964844,65.62999725341797,65.62999725341797,1106.0
2024-03-01 15:48:00,LFMD,7.985000133514404,7.985000133514404,8.0,7.985000133514404,7.985000133514404,2314.0
2024-03-01 15:48:00,LFST,7.744999885559082,7.744999885559082,7.744999885559082,7.724999904632568,7.724999904632568,15977.0
2024-03-01 15:48:00,LGND,77.75,77.75,77.75,77.75,77.75,200.0
2024-03-01 15:48:00,LGVN,0.5400000214576721,0.5400000214576721,0.5400000214576721,0.5354999899864197,0.5354999899864197,336.0
2024-03-01 15:48:00,LIAN,4.875,4.875,4.875,4.875,4.875,800.0
2024-03-01 15:48:00,LIVN,55.23500061035156,55.23500061035156,55.25,55.23500061035156,55.25,446.0
2024-03-01 15:48:00,LNTH,64.44999694824219,64.44999694824219,64.48799896240234,64.44999694824219,64.4800033569336,2649.0
2024-03-01 15:48:00,LPTX,2.8499999046325684,2.8499999046325684,2.8503000736236572,2.8499999046325684,2.8503000736236572,600.0
2024-03-01 15:48:00,LQDA,14.569999694824219,14.569999694824219,14.59000015258789,14.569999694824219,14.59000015258789,4314.0
2024-03-01 15:48:00,LRMR,11.220000267028809,11.220000267028809,11.34000015258789,11.220000267028809,11.34000015258789,2996.0
2024-03-01 15:48:00,LUNG,9.385000228881836,9.385000228881836,9.390000343322754,9.385000228881836,9.385000228881836,861.0
2024-03-01 15:48:00,LVTX,2.4800000190734863,2.4800000190734863,2.5299999713897705,2.4800000190734863,2.490000009536743,2675.0
2024-03-01 15:48:00,LXRX,2.4749999046325684,2.4749999046325684,2.4749999046325684,2.4700000286102295,2.4700000286102295,2204.0
2024-03-01 15:48:00,LYEL,3.0799999237060547,3.0799999237060547,3.0850000381469727,3.0799999237060547,3.0850000381469727,1205.0
2024-03-01 15:48:00,LYRA,5.644999980926514,5.644999980926514,5.659999847412109,5.639999866485596,5.650000095367432,2800.0
2024-03-01 15:48:00,MASI,126.45500183105469,126.45500183105469,126.95500183105469,126.23999786376953,126.95500183105469,10502.0
2024-03-01 15:48:00,MBRX,0.6299999952316284,0.6299999952316284,0.6299999952316284,0.6299999952316284,0.6299999952316284,100.0
2024-03-01 15:48:00,MCRB,1.2209999561309814,1.2209999561309814,1.2300000190734863,1.2200000286102295,1.2200000286102295,7097.0
2024-03-01 15:48:00,MDGL,250.24000549316406,250.24000549316406,250.24000549316406,249.35000610351562,249.35000610351562,2457.0
2024-03-01 15:48:00,MDRX,6.010000228881836,6.010000228881836,6.019999980926514,6.0,6.0,149635.0
2024-03-01 15:48:00,MDXG,8.574999809265137,8.574999809265137,8.579999923706055,8.574999809265137,8.579999923706055,2222.0
2024-03-01 15:48:00,ME,0.546750009059906,0.546750009059906,0.5468000173568726,0.546500027179718,0.5465999841690063,12627.0
2024-03-01 15:48:00,MEDP,401.5799865722656,401.5799865722656,402.3599853515625,401.5799865722656,402.3599853515625,3266.0
2024-03-01 15:48:00,MEIP,4.210000038146973,4.210000038146973,4.210000038146973,4.210000038146973,4.210000038146973,107.0
2024-03-01 15:48:00,MGNX,18.90999984741211,18.90999984741211,18.90999984741211,18.844999313354492,18.854999542236328,64645.0
2024-03-01 15:48:00,MGTX,6.414999961853027,6.414999961853027,6.414999961853027,6.414999961853027,6.414999961853027,247.0
2024-03-01 15:48:00,MLTX,50.720001220703125,50.720001220703125,50.720001220703125,50.66999816894531,50.70000076293945,2265.0
2024-03-01 15:48:00,MMSI,76.18000030517578,76.18000030517578,76.18000030517578,76.15499877929688,76.15499877929688,5029.0
2024-03-01 15:48:00,MNKD,4.505000114440918,4.505000114440918,4.505000114440918,4.494999885559082,4.5,44807.0
2024-03-01 15:48:00,MNMD,6.210000038146973,6.210000038146973,6.210000038146973,6.190000057220459,6.190000057220459,3869.0
2024-03-01 15:48:00,MNPR,0.9148650169372559,0.9148650169372559,0.9148650169372559,0.9148650169372559,0.9148650169372559,601.0
2024-03-01 15:48:00,MODD,1.9299999475479126,1.9299999475479126,1.9299999475479126,1.9249999523162842,1.9249999523162842,488.0
2024-03-01 15:48:00,MODV,28.030000686645508,28.030000686645508,28.030000686645508,27.950000762939453,27.954999923706055,3534.0
2024-03-01 15:48:00,MOR,17.670000076293945,17.670000076293945,17.67099952697754,17.670000076293945,17.670000076293945,1675.0
2024-03-01 15:48:00,MORF,39.54999923706055,39.54999923706055,39.54999923706055,39.54999923706055,39.54999923706055,1267.0
2024-03-01 15:48:00,MREO,3.9049999713897705,3.9049999713897705,3.9100000858306885,3.900099992752075,3.9049999713897705,7017.0
2024-03-01 15:48:00,MRNA,95.13999938964844,95.13999938964844,95.25599670410156,95.13999938964844,95.22000122070312,8010.0
2024-03-01 15:48:00,MRNS,9.949999809265137,9.949999809265137,9.95989990234375,9.949999809265137,9.949999809265137,1529.0
2024-03-01 15:48:00,MRSN,5.954999923706055,5.954999923706055,5.960000038146973,5.945000171661377,5.945000171661377,12890.0
2024-03-01 15:48:00,MRUS,51.474998474121094,51.474998474121094,51.4900016784668,51.45500183105469,51.4900016784668,1583.0
2024-03-01 15:48:00,MRVI,7.635000228881836,7.635000228881836,7.635000228881836,7.625,7.630000114440918,17529.0
2024-03-01 15:48:00,MXCT,4.724999904632568,4.724999904632568,4.724999904632568,4.724999904632568,4.724999904632568,971.0
2024-03-01 15:48:00,MYGN,22.049999237060547,22.049999237060547,22.079999923706055,22.049999237060547,22.079999923706055,1068.0
2024-03-01 15:48:00,NARI,45.349998474121094,45.349998474121094,45.36000061035156,45.34000015258789,45.349998474121094,9176.0
2024-03-01 15:48:00,NBIX,131.85000610351562,131.85000610351562,131.89500427246094,131.8000030517578,131.89500427246094,5330.0
2024-03-01 15:48:00,NCNA,0.3199999928474426,0.3199999928474426,0.3199999928474426,0.3199999928474426,0.3199999928474426,100.0
2024-03-01 15:48:00,NEO,15.904999732971191,15.904999732971191,15.90999984741211,15.904999732971191,15.90999984741211,2850.0
2024-03-01 15:48:00,NEPH,3.0899999141693115,3.0899999141693115,3.0899999141693115,3.0899999141693115,3.0899999141693115,333.0
2024-03-01 15:48:00,NERV,2.6500000953674316,2.6500000953674316,2.6500000953674316,2.630000114440918,2.634999990463257,1833.0
2024-03-01 15:48:00,NEXI,6.309999942779541,6.309999942779541,6.320000171661377,6.309999942779541,6.320000171661377,307.0
2024-03-01 15:48:00,NGM,1.5199999809265137,1.5199999809265137,1.524999976158142,1.5199999809265137,1.524999976158142,300.0
2024-03-01 15:48:00,NKTR,0.7493000030517578,0.7493000030517578,0.7493000030517578,0.745199978351593,0.7493000030517578,1019.0
2024-03-01 15:48:00,NKTX,12.890000343322754,12.890000343322754,12.899999618530273,12.869999885559082,12.890000343322754,1338.0
2024-03-01 15:48:00,NLSP,0.36000001430511475,0.36000001430511475,0.36000001430511475,0.36000001430511475,0.36000001430511475,2325.0
2024-03-01 15:48:00,NNOX,10.994999885559082,10.994999885559082,11.0,10.979999542236328,11.0,8782.0
2024-03-01 15:48:00,NOTV,7.949999809265137,7.949999809265137,7.965000152587891,7.949999809265137,7.965000152587891,2587.0
2024-03-01 15:48:00,NPCE,16.270000457763672,16.270000457763672,16.270000457763672,16.270000457763672,16.270000457763672,246.0
2024-03-01 15:48:00,NRBO,6.199999809265137,6.199999809265137,6.199999809265137,6.190000057220459,6.195000171661377,1323.0
2024-03-01 15:48:00,NRIX,13.5600004196167,13.5600004196167,13.59000015258789,13.555000305175781,13.579999923706055,4223.0
2024-03-01 15:48:00,NRXP,0.4399999976158142,0.4399999976158142,0.4399999976158142,0.43799999356269836,0.43950000405311584,4401.0
2024-03-01 15:48:00,NTLA,32.79999923706055,32.79999923706055,32.849998474121094,32.79999923706055,32.849998474121094,4393.0
2024-03-01 15:48:00,NTRA,89.34500122070312,89.34500122070312,89.37000274658203,89.27999877929688,89.30999755859375,12093.0
2024-03-01 15:48:00,NUTX,0.1137000024318695,0.1137000024318695,0.11389999836683273,0.11349999904632568,0.1137000024318695,2638.0
2024-03-01 15:48:00,NUVL,87.16000366210938,87.16000366210938,87.19599914550781,87.12999725341797,87.12999725341797,2997.0
2024-03-01 15:48:00,NUWE,0.5875999927520752,0.5875999927520752,0.5892999768257141,0.5875999927520752,0.5892999768257141,508.0
2024-03-01 15:48:00,NVAX,5.375,5.375,5.385000228881836,5.369999885559082,5.375,41439.0
2024-03-01 15:48:00,NVCR,16.170000076293945,16.170000076293945,16.18000030517578,16.149999618530273,16.170000076293945,6831.0
2024-03-01 15:48:00,NVCT,10.789899826049805,10.789899826049805,10.789899826049805,10.75,10.75,300.0
2024-03-01 15:48:00,NVNO,6.360000133514404,6.360000133514404,6.369999885559082,6.360000133514404,6.360000133514404,1972.0
2024-03-01 15:48:00,NXTC,1.7799999713897705,1.7799999713897705,1.7799999713897705,1.7799999713897705,1.7799999713897705,300.0
2024-03-01 15:48:00,OCGN,0.9458000063896179,0.9458000063896179,0.9458000063896179,0.9458000063896179,0.9458000063896179,1391.0
2024-03-01 15:48:00,OCUL,10.635000228881836,10.635000228881836,10.645000457763672,10.630000114440918,10.640000343322754,5366.0
2024-03-01 15:48:00,OCUP,2.5199999809265137,2.5199999809265137,2.5199999809265137,2.5199999809265137,2.5199999809265137,1418.0
2024-03-01 15:48:00,OFIX,12.954999923706055,12.954999923706055,12.960000038146973,12.954999923706055,12.960000038146973,917.0
2024-03-01 15:48:00,OGI,2.1649999618530273,2.1649999618530273,2.174999952316284,2.1649999618530273,2.1700000762939453,10608.0
2024-03-01 15:48:00,OLK,23.0,23.0,23.0,22.9950008392334,22.9950008392334,1167.0
2024-03-01 15:48:00,OLMA,14.779999732971191,14.779999732971191,14.819999694824219,14.779999732971191,14.800000190734863,3532.0
2024-03-01 15:48:00,OM,3.0950000286102295,3.0950000286102295,3.0999999046325684,3.0950000286102295,3.0950000286102295,2912.0
2024-03-01 15:48:00,OMCL,26.385000228881836,26.385000228881836,26.395000457763672,26.350000381469727,26.350000381469727,3007.0
2024-03-01 15:48:00,OMER,4.840000152587891,4.840000152587891,4.84499979019165,4.829999923706055,4.829999923706055,3439.0
2024-03-01 15:48:00,OMGA,4.309999942779541,4.309999942779541,4.323400020599365,4.309999942779541,4.323400020599365,363.0
2024-03-01 15:48:00,OMIC,0.6044999957084656,0.6044999957084656,0.6100000143051147,0.5995000004768372,0.6000000238418579,12052.0
2024-03-01 15:48:00,ONVO,1.030500054359436,1.030500054359436,1.030500054359436,1.030500054359436,1.030500054359436,151.0
2024-03-01 15:49:00,ABCL,5.054999828338623,5.054999828338623,5.054999828338623,5.050000190734863,5.054999828338623,1879.0
2024-03-01 15:49:00,ABEO,7.809999942779541,7.809999942779541,7.809999942779541,7.809999942779541,7.809999942779541,260.0
2024-03-01 15:49:00,ABOS,4.659999847412109,4.659999847412109,4.670000076293945,4.659999847412109,4.670000076293945,4311.0
2024-03-01 15:49:00,ABSI,5.505000114440918,5.505000114440918,5.510000228881836,5.489999771118164,5.489999771118164,9688.0
2024-03-01 15:49:00,ABUS,2.7850000858306885,2.7850000858306885,2.7899999618530273,2.7811999320983887,2.7811999320983887,1418.0
2024-03-01 15:49:00,ACAD,24.1200008392334,24.1200008392334,24.1200008392334,24.100000381469727,24.104999542236328,7963.0
2024-03-01 15:49:00,ACB,3.1700000762939453,3.1700000762939453,3.170300006866455,3.1600000858306885,3.1700000762939453,1995.0
2024-03-01 15:49:00,ACCD,9.920000076293945,9.920000076293945,9.920000076293945,9.920000076293945,9.920000076293945,2150.0
2024-03-01 15:49:00,ACET,2.369999885559082,2.369999885559082,2.375,2.369999885559082,2.375,6484.0
2024-03-01 15:49:00,ACHC,84.01899719238281,84.01899719238281,84.0199966430664,84.01000213623047,84.01000213623047,1862.0
2024-03-01 15:49:00,ACHV,4.429999828338623,4.429999828338623,4.429999828338623,4.429999828338623,4.429999828338623,200.0
2024-03-01 15:49:00,ACRS,1.2300000190734863,1.2300000190734863,1.2300000190734863,1.2300000190734863,1.2300000190734863,16990.0
2024-03-01 15:49:00,ADIL,3.059999942779541,3.059999942779541,3.059999942779541,3.0450000762939453,3.049999952316284,33384.0
2024-03-01 15:49:00,ADMA,5.514999866485596,5.514999866485596,5.519999980926514,5.510000228881836,5.514999866485596,14277.0
2024-03-01 15:49:00,ADPT,4.010000228881836,4.010000228881836,4.019999980926514,4.010000228881836,4.019999980926514,6926.0
2024-03-01 15:49:00,ADUS,93.93000030517578,93.93000030517578,93.93000030517578,93.93000030517578,93.93000030517578,434.0
2024-03-01 15:49:00,ADVM,1.9800000190734863,1.9800000190734863,1.9800000190734863,1.9800000190734863,1.9800000190734863,3946.0
2024-03-01 15:49:00,AFMD,0.6621999740600586,0.6621999740600586,0.6625999808311462,0.6621999740600586,0.6621999740600586,4480.0
2024-03-01 15:49:00,AGEN,0.6654999852180481,0.6654999852180481,0.6662999987602234,0.6654999852180481,0.6662999987602234,54990.0
2024-03-01 15:49:00,AGIO,32.209999084472656,32.209999084472656,32.23500061035156,32.209999084472656,32.209999084472656,3638.0
2024-03-01 15:49:00,AHCO,10.5,10.5,10.510000228881836,10.5,10.505000114440918,4844.0
2024-03-01 15:49:00,AIH,0.5289999842643738,0.5289999842643738,0.5289999842643738,0.5289999842643738,0.5289999842643738,100.0
2024-03-01 15:49:00,AIMD,1.035099983215332,1.035099983215332,1.041700005531311,1.035099983215332,1.041700005531311,1065.0
2024-03-01 15:49:00,AIRS,6.369999885559082,6.369999885559082,6.369999885559082,6.369999885559082,6.369999885559082,754.0
2024-03-01 15:49:00,AKBA,1.684999942779541,1.684999942779541,1.690000057220459,1.684999942779541,1.690000057220459,27376.0
2024-03-01 15:49:00,AKLI,0.3370000123977661,0.3370000123977661,0.3370000123977661,0.3370000123977661,0.3370000123977661,402.0
2024-03-01 15:49:00,AKRO,28.260000228881836,28.260000228881836,28.329999923706055,28.25,28.325000762939453,9234.0
2024-03-01 15:49:00,AKYA,6.034999847412109,6.034999847412109,6.039999961853027,6.03000020980835,6.039999961853027,1579.0
2024-03-01 15:49:00,ALDX,4.244999885559082,4.244999885559082,4.269999980926514,4.244999885559082,4.269999980926514,9516.0
2024-03-01 15:49:00,ALEC,7.335000038146973,7.335000038146973,7.340000152587891,7.329999923706055,7.329999923706055,1700.0
2024-03-01 15:49:00,ALGN,301.0899963378906,301.0899963378906,301.0899963378906,300.8800048828125,300.8800048828125,1430.0
2024-03-01 15:49:00,ALGS,1.0492000579833984,1.0492000579833984,1.0492000579833984,1.0492000579833984,1.0492000579833984,1256.0
2024-03-01 15:49:00,ALHC,5.609000205993652,5.609000205993652,5.609000205993652,5.590000152587891,5.59499979019165,7537.0
2024-03-01 15:49:00,ALIM,3.75,3.75,3.75,3.7200000286102295,3.7200000286102295,380.0
2024-03-01 15:49:00,ALKS,30.219999313354492,30.219999313354492,30.229999542236328,30.209999084472656,30.225000381469727,18510.0
2024-03-01 15:49:00,ALLK,1.6399999856948853,1.6399999856948853,1.6399999856948853,1.6299999952316284,1.6349999904632568,1101.0
2024-03-01 15:49:00,ALLO,4.889999866485596,4.889999866485596,4.894999980926514,4.889999866485596,4.889999866485596,3236.0
2024-03-01 15:49:00,ALNY,152.75,152.75,152.75,152.64999389648438,152.64999389648438,2760.0
2024-03-01 15:49:00,ALPN,36.08000183105469,36.08000183105469,36.08000183105469,35.939998626708984,35.939998626708984,2456.0
2024-03-01 15:49:00,ALT,12.130000114440918,12.130000114440918,12.130000114440918,12.119999885559082,12.119999885559082,2568.0
2024-03-01 15:49:00,ALVO,15.725000381469727,15.725000381469727,15.725000381469727,15.699999809265137,15.720000267028809,9693.0
2024-03-01 15:49:00,ALVOW,3.8399999141693115,3.8399999141693115,4.21999979019165,3.8399999141693115,4.21999979019165,11750.0
2024-03-01 15:49:00,ALXO,14.90999984741211,14.90999984741211,14.920000076293945,14.899999618530273,14.914999961853027,1237.0
2024-03-01 15:49:00,ALZN,0.9179999828338623,0.9179999828338623,0.9179999828338623,0.9179999828338623,0.9179999828338623,1086.0
2024-03-01 15:49:00,AMED,93.36499786376953,93.36499786376953,93.37000274658203,93.3499984741211,93.37000274658203,810.0
2024-03-01 15:49:00,AMGN,280.6600036621094,280.6600036621094,280.7799987792969,280.6600036621094,280.7200012207031,15505.0
2024-03-01 15:49:00,AMLX,18.631399154663086,18.631399154663086,18.635000228881836,18.6299991607666,18.6299991607666,2089.0
2024-03-01 15:49:00,AMPH,45.85850143432617,45.85850143432617,45.85850143432617,45.849998474121094,45.849998474121094,1332.0
2024-03-01 15:49:00,AMRN,1.0549999475479126,1.0549999475479126,1.059999942779541,1.0499999523162842,1.0499999523162842,1799.0
2024-03-01 15:49:00,ANAB,25.405000686645508,25.405000686645508,25.405000686645508,25.405000686645508,25.405000686645508,120.0
2024-03-01 15:49:00,ANGO,5.465000152587891,5.465000152587891,5.46999979019165,5.4608001708984375,5.465000152587891,2549.0
2024-03-01 15:49:00,ANIP,66.76499938964844,66.76499938964844,66.76499938964844,66.69249725341797,66.69499969482422,3022.0
2024-03-01 15:49:00,ANNX,6.039999961853027,6.039999961853027,6.039999961853027,6.019999980926514,6.03000020980835,4154.0
2024-03-01 15:49:00,ANTX,3.0,3.0,3.009999990463257,3.0,3.0,2451.0
2024-03-01 15:49:00,APDN,0.5699999928474426,0.5699999928474426,0.5699999928474426,0.5605000257492065,0.5690000057220459,9101.0
2024-03-01 15:49:00,APLS,64.1500015258789,64.1500015258789,64.19000244140625,64.12999725341797,64.18810272216797,6571.0
2024-03-01 15:49:00,APLT,7.059999942779541,7.059999942779541,7.070000171661377,7.059999942779541,7.070000171661377,1426.0
2024-03-01 15:49:00,APVO,0.16019999980926514,0.16019999980926514,0.16019999980926514,0.16019999980926514,0.16019999980926514,1000.0
2024-03-01 15:49:00,AQST,4.184000015258789,4.184000015258789,4.185100078582764,4.175000190734863,4.175000190734863,6472.0
2024-03-01 15:49:00,ARAY,2.615000009536743,2.615000009536743,2.615000009536743,2.615000009536743,2.615000009536743,391.0
2024-03-01 15:49:00,ARCT,39.540000915527344,39.540000915527344,39.54999923706055,39.529998779296875,39.54999923706055,1406.0
2024-03-01 15:49:00,ARDX,9.335000038146973,9.335000038146973,9.34000015258789,9.3149995803833,9.3149995803833,22394.0
2024-03-01 15:49:00,ARGX,392.0849914550781,392.0849914550781,392.0849914550781,391.5849914550781,391.5849914550781,1503.0
2024-03-01 15:49:00,ARQT,11.520000457763672,11.520000457763672,11.529999732971191,11.510000228881836,11.515000343322754,16153.0
2024-03-01 15:49:00,ARVN,47.15999984741211,47.15999984741211,47.189998626708984,47.099998474121094,47.150001525878906,7659.0
2024-03-01 15:49:00,ARWR,35.94499969482422,35.94499969482422,35.94499969482422,35.81999969482422,35.845001220703125,9088.0
2024-03-01 15:49:00,ASLN,0.7190999984741211,0.7190999984741211,0.7190999984741211,0.7190999984741211,0.7190999984741211,1000.0
2024-03-01 15:49:00,ASMB,13.449999809265137,13.449999809265137,13.449999809265137,13.4399995803833,13.4399995803833,1088.0
2024-03-01 15:49:00,ASND,152.6649932861328,152.6649932861328,153.01499938964844,152.6649932861328,153.0,3286.0
2024-03-01 15:49:00,ASRT,0.8774499893188477,0.8774499893188477,0.8812000155448914,0.8737000226974487,0.8774499893188477,1016.0
2024-03-01 15:49:00,ATAI,2.125,2.125,2.125,2.125,2.125,2216.0
2024-03-01 15:49:00,ATEC,13.425000190734863,13.425000190734863,13.460000038146973,13.425000190734863,13.454999923706055,7718.0
2024-03-01 15:49:00,ATOS,1.0099999904632568,1.0099999904632568,1.0099999904632568,1.0099999904632568,1.0099999904632568,212.0
2024-03-01 15:49:00,ATRA,0.7748000025749207,0.7748000025749207,0.7796000242233276,0.7700999975204468,0.7700999975204468,579.0
2024-03-01 15:49:00,ATRC,36.18000030517578,36.18000030517578,36.18000030517578,36.165000915527344,36.165000915527344,2418.0
2024-03-01 15:49:00,ATXI,0.1569499969482422,0.1569499969482422,0.1569499969482422,0.1569499969482422,0.1569499969482422,3000.0
2024-03-01 15:49:00,ATXS,14.90999984741211,14.90999984741211,14.9399995803833,14.90999984741211,14.9399995803833,1679.0
2024-03-01 15:49:00,AUGX,4.559999942779541,4.559999942779541,4.559999942779541,4.550000190734863,4.550000190734863,460.0
2024-03-01 15:49:00,AUPH,5.755000114440918,5.755000114440918,5.760000228881836,5.75,5.759900093078613,18856.0
2024-03-01 15:49:00,AURA,9.220000267028809,9.220000267028809,9.229999542236328,9.220000267028809,9.229999542236328,1442.0
2024-03-01 15:49:00,AUTL,6.257500171661377,6.257500171661377,6.260000228881836,6.25,6.255000114440918,1242.0
2024-03-01 15:49:00,AVDL,13.8100004196167,13.8100004196167,13.829999923706055,13.760000228881836,13.770000457763672,20413.0
2024-03-01 15:49:00,AVXL,5.264999866485596,5.264999866485596,5.269999980926514,5.260000228881836,5.264999866485596,1881.0
2024-03-01 15:49:00,AWH,4.049799919128418,4.049799919128418,4.049799919128418,4.049799919128418,4.049799919128418,503.0
2024-03-01 15:49:00,AXGN,10.739999771118164,10.739999771118164,10.75,10.739999771118164,10.75,1773.0
2024-03-01 15:49:00,AXNX,67.91500091552734,67.91500091552734,67.91500091552734,67.91500091552734,67.91500091552734,709.0
2024-03-01 15:49:00,AZN,64.63500213623047,64.63500213623047,64.63999938964844,64.625,64.625,13814.0
2024-03-01 15:49:00,AZTA,67.0999984741211,67.0999984741211,67.0999984741211,67.07499694824219,67.07499694824219,784.0
2024-03-01 15:49:00,BBIO,35.709999084472656,35.709999084472656,35.709999084472656,35.65999984741211,35.65999984741211,1741.0
2024-03-01 15:49:00,BBLG,2.390000104904175,2.390000104904175,2.390000104904175,2.380000114440918,2.380000114440918,541.0
2024-03-01 15:49:00,BCAB,2.8399999141693115,2.8399999141693115,2.8399999141693115,2.8299999237060547,2.8299999237060547,472.0
2024-03-01 15:49:00,BCDA,0.5796999931335449,0.5796999931335449,0.5796999931335449,0.5796999931335449,0.5796999931335449,200.0
2024-03-01 15:49:00,BCRX,5.635000228881836,5.635000228881836,5.635000228881836,5.619999885559082,5.625,14622.0
2024-03-01 15:49:00,BCTX,3.5250000953674316,3.5250000953674316,3.5250000953674316,3.5250000953674316,3.5250000953674316,227.0
2024-03-01 15:49:00,BCYC,25.649999618530273,25.649999618530273,25.700000762939453,25.649999618530273,25.700000762939453,1084.0
2024-03-01 15:49:00,BDTX,4.789999961853027,4.789999961853027,4.800000190734863,4.784999847412109,4.784999847412109,7650.0
2024-03-01 15:49:00,BEAM,39.6349983215332,39.6349983215332,39.6349983215332,39.599998474121094,39.619998931884766,2304.0
2024-03-01 15:49:00,BGNE,165.2050018310547,165.2050018310547,165.2050018310547,165.0399932861328,165.10000610351562,1881.0
2024-03-01 15:49:00,BGXX,0.2556000053882599,0.2556000053882599,0.2556999921798706,0.2556000053882599,0.2556999921798706,400.0
2024-03-01 15:49:00,BIIB,220.80499267578125,220.80499267578125,220.8699951171875,220.76499938964844,220.77999877929688,6118.0
2024-03-01 15:49:00,BIOL,0.14710000157356262,0.14710000157356262,0.14790000021457672,0.14630000293254852,0.14630000293254852,13073.0
2024-03-01 15:49:00,BIVI,1.9299999475479126,1.9299999475479126,2.0088999271392822,1.9299999475479126,2.0,81092.0
2024-03-01 15:49:00,BLFS,17.815000534057617,17.815000534057617,17.850000381469727,17.790000915527344,17.850000381469727,6490.0
2024-03-01 15:49:00,BLUE,1.5700000524520874,1.5700000524520874,1.5750000476837158,1.5700000524520874,1.5750000476837158,4708.0
2024-03-01 15:49:00,BMEA,17.790000915527344,17.790000915527344,17.790000915527344,17.75,17.770000457763672,3460.0
2024-03-01 15:49:00,BMRN,87.63999938964844,87.63999938964844,87.6500015258789,87.5999984741211,87.5999984741211,4714.0
2024-03-01 15:49:00,BNGO,1.2599999904632568,1.2599999904632568,1.2599999904632568,1.2599999904632568,1.2599999904632568,561.0
2024-03-01 15:49:00,BNR,0.8299999833106995,0.8299999833106995,0.8500999808311462,0.8299999833106995,0.8399999737739563,800.0
2024-03-01 15:49:00,BNTX,90.61499786376953,90.61499786376953,90.62999725341797,90.58000183105469,90.62999725341797,1078.0
2024-03-01 15:49:00,BPMC,95.4000015258789,95.4000015258789,95.55999755859375,95.38999938964844,95.55999755859375,2807.0
2024-03-01 15:49:00,BRKR,88.41999816894531,88.41999816894531,88.43000030517578,88.38999938964844,88.4000015258789,1172.0
2024-03-01 15:49:00,BTAI,3.194999933242798,3.194999933242798,3.194999933242798,3.190000057220459,3.190000057220459,715.0
2024-03-01 15:49:00,BTCY,0.9164010286331177,0.9164010286331177,0.9674999713897705,0.9164010286331177,0.9674999713897705,7469.0
2024-03-01 15:49:00,BVS,4.820000171661377,4.820000171661377,4.820000171661377,4.820000171661377,4.820000171661377,131.0
2024-03-01 15:49:00,BWAY,6.590000152587891,6.590000152587891,6.590000152587891,6.590000152587891,6.590000152587891,110.0
2024-03-01 15:49:00,BYSI,1.5099999904632568,1.5099999904632568,1.5099999904632568,1.5099999904632568,1.5099999904632568,102.0
2024-03-01 15:49:00,CABA,23.979999542236328,23.979999542236328,23.9950008392334,23.889999389648438,23.990299224853516,8960.0
2024-03-01 15:49:00,CARA,0.9276000261306763,0.9276000261306763,0.9276000261306763,0.9276000261306763,0.9276000261306763,229.0
2024-03-01 15:49:00,CBAY,32.220001220703125,32.220001220703125,32.224998474121094,32.220001220703125,32.224998474121094,3925.0
2024-03-01 15:49:00,CCCC,10.994999885559082,10.994999885559082,11.0,10.979999542236328,10.979999542236328,3620.0
2024-03-01 15:49:00,CCRN,18.290000915527344,18.290000915527344,18.299999237060547,18.28499984741211,18.290000915527344,2499.0
2024-03-01 15:49:00,CDMO,8.239999771118164,8.239999771118164,8.239999771118164,8.234999656677246,8.234999656677246,7344.0
2024-03-01 15:49:00,CDNA,11.899999618530273,11.899999618530273,11.989999771118164,11.899999618530273,11.984999656677246,11986.0
2024-03-01 15:49:00,CDXS,4.550000190734863,4.550000190734863,4.550000190734863,4.539999961853027,4.539999961853027,3365.0
2024-03-01 15:49:00,CELC,17.200000762939453,17.200000762939453,17.350000381469727,17.200000762939453,17.260000228881836,2000.0
2024-03-01 15:49:00,CERE,41.08000183105469,41.08000183105469,41.084999084472656,41.08000183105469,41.08000183105469,3111.0
2024-03-01 15:49:00,CERS,2.1700000762939453,2.1700000762939453,2.1700000762939453,2.1700000762939453,2.1700000762939453,774.0
2024-03-01 15:49:00,CERT,18.184999465942383,18.184999465942383,18.184999465942383,18.18000030517578,18.184999465942383,10522.0
2024-03-01 15:49:00,CGC,3.200000047683716,3.200000047683716,3.2004001140594482,3.200000047683716,3.2000999450683594,5497.0
2024-03-01 15:49:00,CGEM,18.5,18.5,18.5,18.469999313354492,18.469999313354492,3214.0
2024-03-01 15:49:00,CGEN,2.680000066757202,2.680000066757202,2.6879000663757324,2.674999952316284,2.680000066757202,8788.0
2024-03-01 15:49:00,CGTX,2.009999990463257,2.009999990463257,2.009999990463257,2.009999990463257,2.009999990463257,241.0
2024-03-01 15:49:00,CHRS,2.384999990463257,2.384999990463257,2.384999990463257,2.380000114440918,2.380000114440918,10889.0
2024-03-01 15:49:00,CING,1.3300000429153442,1.3300000429153442,1.3427000045776367,1.309999942779541,1.3427000045776367,6868.0
2024-03-01 15:49:00,CJJD,2.859999895095825,2.859999895095825,2.859999895095825,2.8550000190734863,2.8550000190734863,1752.0
2024-03-01 15:49:00,CKPT,2.2100000381469727,2.2100000381469727,2.2200000286102295,2.200000047683716,2.2049999237060547,10018.0
2024-03-01 15:49:00,CLDX,51.49100112915039,51.49100112915039,51.54999923706055,51.41999816894531,51.439998626708984,9334.0
2024-03-01 15:49:00,CLNN,0.3865000009536743,0.3865000009536743,0.3865000009536743,0.3865000009536743,0.3865000009536743,166.0
2024-03-01 15:49:00,CLOV,0.8654000163078308,0.8654000163078308,0.8654000163078308,0.8652999997138977,0.8652999997138977,11632.0
2024-03-01 15:49:00,CLPT,6.620100021362305,6.620100021362305,6.625,6.620100021362305,6.625,644.0
2024-03-01 15:49:00,CLRB,4.110000133514404,4.110000133514404,4.119999885559082,4.099999904632568,4.099999904632568,6393.0
2024-03-01 15:49:00,CMPS,11.5,11.5,11.5,11.489999771118164,11.489999771118164,2891.0
2024-03-01 15:49:00,CMRX,1.190000057220459,1.190000057220459,1.190999984741211,1.190000057220459,1.190999984741211,4592.0
2024-03-01 15:49:00,CNTA,10.8100004196167,10.8100004196167,10.8100004196167,10.8100004196167,10.8100004196167,129.0
2024-03-01 15:49:00,CNTG,0.699999988079071,0.699999988079071,0.699999988079071,0.6955000162124634,0.6955000162124634,4222.0
2024-03-01 15:49:00,COGT,7.230000019073486,7.230000019073486,7.230000019073486,7.215000152587891,7.215000152587891,6893.0
2024-03-01 15:49:00,COLL,36.93000030517578,36.93000030517578,36.95000076293945,36.93000030517578,36.939998626708984,878.0
2024-03-01 15:49:00,CORT,24.149999618530273,24.149999618530273,24.155000686645508,24.139999389648438,24.149999618530273,3765.0
2024-03-01 15:49:00,CPRX,17.09000015258789,17.09000015258789,17.094999313354492,17.059999465942383,17.059999465942383,19363.0
2024-03-01 15:49:00,CPSI,9.25,9.25,9.25,9.25,9.25,120.0
2024-03-01 15:49:00,CRBP,34.5,34.5,34.540000915527344,34.0,34.27000045776367,5902.0
2024-03-01 15:49:00,CRBU,7.789999961853027,7.789999961853027,7.800000190734863,7.789999961853027,7.789999961853027,5628.0
2024-03-01 15:49:00,CRDF,3.015399932861328,3.015399932861328,3.069999933242798,2.990000009536743,3.030100107192993,287358.0
2024-03-01 15:49:00,CRMD,3.6549999713897705,3.6549999713897705,3.6549999713897705,3.6549999713897705,3.6549999713897705,118.0
2024-03-01 15:49:00,CRNX,45.75,45.75,45.755001068115234,45.75,45.755001068115234,458.0
2024-03-01 15:49:00,CRON,2.015000104904175,2.015000104904175,2.0199999809265137,2.009999990463257,2.0199999809265137,2838.0
2024-03-01 15:49:00,CRSP,83.95999908447266,83.95999908447266,84.0198974609375,83.95999908447266,84.0,3110.0
2024-03-01 15:49:00,CSTL,20.0,20.0,20.0,20.0,20.0,499.0
2024-03-01 15:49:00,CTKB,9.0600004196167,9.0600004196167,9.0600004196167,9.055000305175781,9.055000305175781,1247.0
2024-03-01 15:49:00,CTMX,2.5950000286102295,2.5950000286102295,2.5950000286102295,2.5950000286102295,2.5950000286102295,802.0
2024-03-01 15:49:00,CTXR,0.7786999940872192,0.7786999940872192,0.7786999940872192,0.7786999940872192,0.7786999940872192,227.0
2024-03-01 15:49:00,CUE,2.125,2.125,2.130000114440918,2.119999885559082,2.119999885559082,1437.0
2024-03-01 15:49:00,CUTR,2.3898000717163086,2.3898000717163086,2.3898000717163086,2.3898000717163086,2.3898000717163086,510.0
2024-03-01 15:49:00,CVAC,3.4549999237060547,3.4549999237060547,3.4600000381469727,3.450000047683716,3.4549999237060547,5003.0
2024-03-01 15:49:00,CVRX,20.780000686645508,20.780000686645508,20.780000686645508,20.760000228881836,20.760000228881836,1673.0
2024-03-01 15:49:00,CYTK,73.74500274658203,73.74500274658203,73.75,73.69000244140625,73.70999908447266,4670.0
2024-03-01 15:49:00,DAWN,17.479999542236328,17.479999542236328,17.479999542236328,17.459999084472656,17.469999313354492,2108.0
2024-03-01 15:49:00,DCGO,4.079999923706055,4.079999923706055,4.090000152587891,4.079999923706055,4.085000038146973,6730.0
2024-03-01 15:49:00,DCPH,17.440000534057617,17.440000534057617,17.450000762939453,17.440000534057617,17.450000762939453,3689.0
2024-03-01 15:49:00,DERM,4.090000152587891,4.090000152587891,4.096099853515625,4.090000152587891,4.096099853515625,692.0
2024-03-01 15:49:00,DH,8.90999984741211,8.90999984741211,8.90999984741211,8.899999618530273,8.90999984741211,795.0
2024-03-01 15:49:00,DMTK,0.8502010107040405,0.8502010107040405,0.8600000143051147,0.8502010107040405,0.8600000143051147,6801.0
2024-03-01 15:49:00,DNLI,20.65999984741211,20.65999984741211,20.684999465942383,20.6299991607666,20.649999618530273,8511.0
2024-03-01 15:49:00,DRRX,0.9866499900817871,0.9866499900817871,0.9910929799079895,0.9866499900817871,0.9900000095367432,1029.0
2024-03-01 15:49:00,DSGN,2.859999895095825,2.859999895095825,2.859999895095825,2.859999895095825,2.859999895095825,197.0
2024-03-01 15:49:00,DTIL,12.300000190734863,12.300000190734863,12.4350004196167,12.300000190734863,12.430000305175781,12849.0
2024-03-01 15:49:00,DVAX,12.760000228881836,12.760000228881836,12.760000228881836,12.75,12.75,4565.0
2024-03-01 15:49:00,DXCM,121.48999786376953,121.48999786376953,121.5,121.33499908447266,121.37000274658203,21220.0
2024-03-01 15:49:00,DYAI,1.399999976158142,1.399999976158142,1.399999976158142,1.399999976158142,1.399999976158142,100.0
2024-03-01 15:49:00,DYN,29.21500015258789,29.21500015258789,29.229999542236328,29.200000762939453,29.219999313354492,5166.0
2024-03-01 15:49:00,EDIT,10.463800430297852,10.463800430297852,10.48009967803955,10.463800430297852,10.48009967803955,5211.0
2024-03-01 15:49:00,ELEV,5.09499979019165,5.09499979019165,5.110000133514404,5.090000152587891,5.110000133514404,16380.0
2024-03-01 15:49:00,ENSC,0.9211000204086304,0.9211000204086304,0.9211000204086304,0.9211000204086304,0.9211000204086304,316.0
2024-03-01 15:49:00,ENSG,121.79000091552734,121.79000091552734,121.80000305175781,121.79000091552734,121.80000305175781,1417.0
2024-03-01 15:49:00,ENTA,15.539999961853027,15.539999961853027,15.5600004196167,15.539999961853027,15.5600004196167,2088.0
2024-03-01 15:49:00,ENTX,1.410099983215332,1.410099983215332,1.410099983215332,1.409999966621399,1.409999966621399,1893.0
2024-03-01 15:49:00,ENVB,1.5714999437332153,1.5714999437332153,1.5714999437332153,1.5499999523162842,1.5499999523162842,10256.0
2024-03-01 15:49:00,EQ,2.5,2.5,2.5,2.5,2.5,126.0
2024-03-01 15:49:00,ERAS,2.6050000190734863,2.6050000190734863,2.609999895095825,2.5999999046325684,2.609999895095825,19007.0
2024-03-01 15:49:00,ESPR,2.555000066757202,2.555000066757202,2.559999942779541,2.549999952316284,2.549999952316284,36585.0
2024-03-01 15:49:00,ESTA,44.20000076293945,44.20000076293945,44.23500061035156,44.05500030517578,44.060001373291016,3381.0
2024-03-01 15:49:00,ETNB,12.6850004196167,12.6850004196167,12.699999809265137,12.6850004196167,12.699999809265137,3427.0
2024-03-01 15:49:00,EWTX,16.59000015258789,16.59000015258789,16.610000610351562,16.59000015258789,16.610000610351562,2957.0
2024-03-01 15:49:00,EXAI,6.525000095367432,6.525000095367432,6.525000095367432,6.525000095367432,6.525000095367432,376.0
2024-03-01 15:49:00,EXAS,59.380001068115234,59.380001068115234,59.400001525878906,59.310001373291016,59.31999969482422,44077.0
2024-03-01 15:49:00,EXEL,22.21500015258789,22.21500015258789,22.22920036315918,22.19499969482422,22.19499969482422,17912.0
2024-03-01 15:49:00,EYEN,2.400099992752075,2.400099992752075,2.4100000858306885,2.400099992752075,2.4100000858306885,2735.0
2024-03-01 15:49:00,EYPT,27.920000076293945,27.920000076293945,27.940000534057617,27.899999618530273,27.93000030517578,805.0
2024-03-01 15:49:00,FATE,7.71999979019165,7.71999979019165,7.724999904632568,7.71999979019165,7.71999979019165,2115.0
2024-03-01 15:49:00,FBIO,2.380000114440918,2.380000114440918,2.3989999294281006,2.380000114440918,2.3989999294281006,4820.0
2024-03-01 15:49:00,FDMT,29.290000915527344,29.290000915527344,29.290000915527344,29.18000030517578,29.18000030517578,3238.0
2024-03-01 15:49:00,FEMY,1.8179999589920044,1.8179999589920044,1.8300000429153442,1.809999942779541,1.809999942779541,5209.0
2024-03-01 15:49:00,FGEN,1.8350000381469727,1.8350000381469727,1.8350000381469727,1.8350000381469727,1.8350000381469727,1483.0
2024-03-01 15:49:00,FHTX,7.789999961853027,7.789999961853027,7.800000190734863,7.75,7.800000190734863,315.0
2024-03-01 15:49:00,FIXX,0.9010000228881836,0.9010000228881836,0.9010000228881836,0.8999999761581421,0.8999999761581421,2606.0
2024-03-01 15:49:00,FLGC,1.149899959564209,1.149899959564209,1.149899959564209,1.149899959564209,1.149899959564209,109.0
2024-03-01 15:49:00,FLGT,23.110000610351562,23.110000610351562,23.1200008392334,23.100000381469727,23.1200008392334,1112.0
2024-03-01 15:49:00,FOLD,13.274999618530273,13.274999618530273,13.289999961853027,13.270000457763672,13.28499984741211,14181.0
2024-03-01 15:49:00,FULC,11.0,11.0,11.0,10.970000267028809,10.970000267028809,5155.0
2024-03-01 15:49:00,FUSN,12.029999732971191,12.029999732971191,12.050000190734863,12.029999732971191,12.039999961853027,5565.0
2024-03-01 15:49:00,GALT,1.8949999809265137,1.8949999809265137,1.9299999475479126,1.8949999809265137,1.9299999475479126,5835.0
2024-03-01 15:49:00,GANX,4.630000114440918,4.630000114440918,4.650000095367432,4.630000114440918,4.650000095367432,1870.0
2024-03-01 15:49:00,GCTK,0.3100000023841858,0.3100000023841858,0.3100000023841858,0.3100000023841858,0.3100000023841858,132.0
2024-03-01 15:49:00,GDRX,8.305000305175781,8.305000305175781,8.3100004196167,8.300000190734863,8.300000190734863,3946.0
2024-03-01 15:49:00,GERN,2.244999885559082,2.244999885559082,2.2499001026153564,2.244999885559082,2.244999885559082,8818.0
2024-03-01 15:49:00,GH,18.97100067138672,18.97100067138672,18.979999542236328,18.969999313354492,18.979999542236328,2363.0
2024-03-01 15:49:00,GILD,72.310302734375,72.310302734375,72.34500122070312,72.310302734375,72.33499908447266,14960.0
2024-03-01 15:49:00,GLMD,0.4050999879837036,0.4050999879837036,0.4081000089645386,0.4050999879837036,0.4050999879837036,4575.0
2024-03-01 15:49:00,GLPG,35.084999084472656,35.084999084472656,35.084999084472656,35.084999084472656,35.084999084472656,108.0
2024-03-01 15:49:00,GLTO,0.8199999928474426,0.8199999928474426,0.8199999928474426,0.8199999928474426,0.8199999928474426,4157.0
2024-03-01 15:49:00,GMAB,29.295000076293945,29.295000076293945,29.295000076293945,29.290000915527344,29.290000915527344,669.0
2024-03-01 15:49:00,GMDA,0.38380101323127747,0.38380101323127747,0.383899986743927,0.3837999999523163,0.3837999999523163,1611.0
2024-03-01 15:49:00,GOSS,1.3949999809265137,1.3949999809265137,1.3985999822616577,1.3949999809265137,1.3949999809265137,2986.0
2024-03-01 15:49:00,GRFS,7.019999980926514,7.019999980926514,7.025000095367432,7.005000114440918,7.014999866485596,45027.0
2024-03-01 15:49:00,GRTS,2.015000104904175,2.015000104904175,2.0199999809265137,2.011899948120117,2.0199999809265137,20799.0
2024-03-01 15:49:00,GTHX,3.684999942779541,3.684999942779541,3.700000047683716,3.680000066757202,3.700000047683716,47429.0
2024-03-01 15:49:00,HALO,41.099998474121094,41.099998474121094,41.099998474121094,41.029998779296875,41.060001373291016,9801.0
2024-03-01 15:49:00,HARP,22.950000762939453,22.950000762939453,22.950000762939453,22.950000762939453,22.950000762939453,802.0
2024-03-01 15:49:00,HCAT,8.039999961853027,8.039999961853027,8.045000076293945,8.03499984741211,8.039999961853027,8250.0
2024-03-01 15:49:00,HCM,15.104999542236328,15.104999542236328,15.112500190734863,15.104999542236328,15.112500190734863,248.0
2024-03-01 15:49:00,HCSG,12.845000267028809,12.845000267028809,12.845000267028809,12.835000038146973,12.835000038146973,1055.0
2024-03-01 15:49:00,HCTI,2.0,2.0,2.0299999713897705,1.9900000095367432,1.9900000095367432,2677.0
2024-03-01 15:49:00,HLTH,0.26989999413490295,0.26989999413490295,0.27000001072883606,0.26899999380111694,0.26899999380111694,8372.0
2024-03-01 15:49:00,HLVX,19.059999465942383,19.059999465942383,19.059999465942383,19.059999465942383,19.059999465942383,102.0
2024-03-01 15:49:00,HOLX,73.82499694824219,73.82499694824219,73.87999725341797,73.81749725341797,73.86000061035156,11487.0
2024-03-01 15:49:00,HOOK,0.7699999809265137,0.7699999809265137,0.7699999809265137,0.7699999809265137,0.7699999809265137,1918.0
2024-03-01 15:49:00,HOWL,6.989999771118164,6.989999771118164,6.989999771118164,6.989999771118164,6.989999771118164,232.0
2024-03-01 15:49:00,HQY,81.37000274658203,81.37000274658203,81.44000244140625,81.37000274658203,81.43000030517578,5731.0
2024-03-01 15:49:00,HRMY,31.899999618530273,31.899999618530273,31.920000076293945,31.899999618530273,31.899999618530273,1790.0
2024-03-01 15:49:00,HROW,10.869999885559082,10.869999885559082,10.869999885559082,10.869999885559082,10.869999885559082,498.0
2024-03-01 15:49:00,HRTX,2.5899999141693115,2.5899999141693115,2.5985000133514404,2.5899999141693115,2.5950000286102295,11696.0
2024-03-01 15:49:00,HSIC,76.83999633789062,76.83999633789062,76.86000061035156,76.83999633789062,76.8499984741211,4225.0
2024-03-01 15:49:00,HUMA,3.2750000953674316,3.2750000953674316,3.2750000953674316,3.2699999809265137,3.2750000953674316,4115.0
2024-03-01 15:49:00,IART,36.06999969482422,36.06999969482422,36.09000015258789,36.06999969482422,36.084999084472656,5095.0
2024-03-01 15:49:00,IBRX,4.735000133514404,4.735000133514404,4.738699913024902,4.730000019073486,4.730000019073486,5433.0
2024-03-01 15:49:00,ICAD,1.8997999429702759,1.8997999429702759,1.899999976158142,1.8799999952316284,1.8799999952316284,2466.0
2024-03-01 15:49:00,ICLR,324.2850036621094,324.2850036621094,324.3399963378906,324.1650085449219,324.31500244140625,1177.0
2024-03-01 15:49:00,ICUI,105.55000305175781,105.55000305175781,105.55000305175781,105.55000305175781,105.55000305175781,554.0
2024-03-01 15:49:00,IDXX,576.8699951171875,576.8699951171875,577.3499755859375,576.8699951171875,576.9099731445312,2496.0
2024-03-01 15:49:00,IDYA,46.349998474121094,46.349998474121094,46.349998474121094,46.33000183105469,46.349998474121094,2164.0
2024-03-01 15:49:00,IFRX,1.7300000190734863,1.7300000190734863,1.7300000190734863,1.7300000190734863,1.7300000190734863,100.0
2024-03-01 15:49:00,IGMS,12.720000267028809,12.720000267028809,12.725000381469727,12.6899995803833,12.699999809265137,1977.0
2024-03-01 15:49:00,IINN,1.7000000476837158,1.7000000476837158,1.7000000476837158,1.6950000524520874,1.6993999481201172,6115.0
2024-03-01 15:49:00,IKNA,1.4800000190734863,1.4800000190734863,1.4800000190734863,1.4800000190734863,1.4800000190734863,202.0
2024-03-01 15:49:00,ILMN,140.4199981689453,140.4199981689453,140.42999267578125,140.3300018310547,140.35000610351562,4773.0
2024-03-01 15:49:00,IMAB,1.7899999618530273,1.7899999618530273,1.7899999618530273,1.7899999618530273,1.7899999618530273,100.0
2024-03-01 15:49:00,IMCR,67.81500244140625,67.81500244140625,67.94999694824219,67.80000305175781,67.94999694824219,27847.0
2024-03-01 15:49:00,IMMX,3.4700000286102295,3.4700000286102295,3.4700000286102295,3.4700000286102295,3.4700000286102295,705.0
2024-03-01 15:49:00,IMNM,25.3700008392334,25.3700008392334,25.38450050354004,25.335100173950195,25.3799991607666,1675.0
2024-03-01 15:49:00,IMNN,1.000100016593933,1.000100016593933,1.000100016593933,1.000100016593933,1.000100016593933,202.0
2024-03-01 15:49:00,IMTX,12.875,12.875,12.875,12.875,12.875,1137.0
2024-03-01 15:49:00,IMUX,1.440000057220459,1.440000057220459,1.4450000524520874,1.440000057220459,1.4450000524520874,277.0
2024-03-01 15:49:00,IMVT,35.441001892089844,35.441001892089844,35.47999954223633,35.441001892089844,35.47999954223633,3735.0
2024-03-01 15:49:00,INAB,1.0850000381469727,1.0850000381469727,1.0850000381469727,1.0850000381469727,1.0850000381469727,212.0
2024-03-01 15:49:00,INBX,36.54999923706055,36.54999923706055,36.584999084472656,36.54999923706055,36.584999084472656,1596.0
2024-03-01 15:49:00,INCR,1.9900000095367432,1.9900000095367432,1.9900000095367432,1.9800000190734863,1.9800000190734863,395.0
2024-03-01 15:49:00,INCY,58.900001525878906,58.900001525878906,58.959999084472656,58.900001525878906,58.95000076293945,6139.0
2024-03-01 15:49:00,INGN,6.96999979019165,6.96999979019165,6.96999979019165,6.965000152587891,6.96999979019165,1361.0
2024-03-01 15:49:00,INMB,12.449999809265137,12.449999809265137,12.449999809265137,12.390000343322754,12.390000343322754,778.0
2024-03-01 15:49:00,INMD,22.915000915527344,22.915000915527344,22.915000915527344,22.90410041809082,22.905000686645508,3731.0
2024-03-01 15:49:00,INO,9.489999771118164,9.489999771118164,9.489999771118164,9.4798002243042,9.4798002243042,1608.0
2024-03-01 15:49:00,INSM,27.964000701904297,27.964000701904297,27.969999313354492,27.954999923706055,27.954999923706055,2880.0
2024-03-01 15:49:00,INVA,15.345000267028809,15.345000267028809,15.359999656677246,15.345000267028809,15.354999542236328,7087.0
2024-03-01 15:49:00,INZY,6.550000190734863,6.550000190734863,6.554999828338623,6.545000076293945,6.554999828338623,1186.0
2024-03-01 15:49:00,IONS,45.40999984741211,45.40999984741211,45.439998626708984,45.404998779296875,45.439998626708984,3605.0
2024-03-01 15:49:00,IOVA,16.80030059814453,16.80030059814453,16.81999969482422,16.799999237060547,16.809999465942383,40347.0
2024-03-01 15:49:00,IRIX,2.6510000228881836,2.6510000228881836,2.6510000228881836,2.6510000228881836,2.6510000228881836,153.0
2024-03-01 15:49:00,IRMD,41.53499984741211,41.53499984741211,41.540000915527344,41.53499984741211,41.540000915527344,208.0
2024-03-01 15:49:00,IRTC,120.56500244140625,120.56500244140625,120.66000366210938,120.56500244140625,120.66000366210938,741.0
2024-03-01 15:49:00,IRWD,8.885000228881836,8.885000228881836,8.890000343322754,8.880000114440918,8.885000228881836,15551.0
2024-03-01 15:49:00,ISRG,399.1499938964844,399.1499938964844,399.17498779296875,399.0199890136719,399.0799865722656,9291.0
2024-03-01 15:49:00,ITCI,72.12000274658203,72.12000274658203,72.1500015258789,72.08999633789062,72.12999725341797,5211.0
2024-03-01 15:49:00,ITOS,11.289999961853027,11.289999961853027,11.289999961853027,11.289999961853027,11.289999961853027,447.0
2024-03-01 15:49:00,IVA,4.050000190734863,4.050000190734863,4.050000190734863,4.050000190734863,4.050000190734863,138.0
2024-03-01 15:49:00,IVVD,3.9830000400543213,3.9830000400543213,3.990000009536743,3.9749999046325684,3.9749999046325684,1185.0
2024-03-01 15:49:00,JAGX,0.08350100368261337,0.08350100368261337,0.08399999886751175,0.0828000009059906,0.0828000009059906,40405.0
2024-03-01 15:49:00,JANX,46.0099983215332,46.0099983215332,46.029998779296875,45.93000030517578,46.0,30587.0
2024-03-01 15:49:00,JAZZ,118.62999725341797,118.62999725341797,118.68000030517578,118.5999984741211,118.62000274658203,4646.0
2024-03-01 15:49:00,JSPR,21.5,21.5,21.5,21.5,21.5,229.0
2024-03-01 15:49:00,KALV,14.079999923706055,14.079999923706055,14.095000267028809,14.079999923706055,14.095000267028809,898.0
2024-03-01 15:49:00,KIDS,27.985000610351562,27.985000610351562,27.989999771118164,27.950000762939453,27.989999771118164,2215.0
2024-03-01 15:49:00,KNSA,21.760000228881836,21.760000228881836,21.774999618530273,21.75,21.774999618530273,3302.0
2024-03-01 15:49:00,KNTE,2.5999999046325684,2.5999999046325684,2.5999999046325684,2.5950000286102295,2.5999999046325684,8317.0
2024-03-01 15:49:00,KOD,5.994999885559082,5.994999885559082,6.0,5.994999885559082,6.0,1307.0
2024-03-01 15:49:00,KPTI,1.184999942779541,1.184999942779541,1.1875,1.1799999475479126,1.184999942779541,5276.0
2024-03-01 15:49:00,KRMD,2.109999895095825,2.109999895095825,2.1122000217437744,2.109999895095825,2.1122000217437744,751.0
2024-03-01 15:49:00,KRON,1.1100000143051147,1.1100000143051147,1.1100000143051147,1.1100000143051147,1.1100000143051147,390.0
2024-03-01 15:49:00,KROS,68.81999969482422,68.81999969482422,68.81999969482422,68.81999969482422,68.81999969482422,766.0
2024-03-01 15:49:00,KRTX,315.80999755859375,315.80999755859375,315.80999755859375,315.80999755859375,315.80999755859375,191.0
2024-03-01 15:49:00,KRYS,167.55999755859375,167.55999755859375,167.85000610351562,167.55999755859375,167.83999633789062,1578.0
2024-03-01 15:49:00,KURA,21.600000381469727,21.600000381469727,21.600000381469727,21.59000015258789,21.59000015258789,583.0
2024-03-01 15:49:00,KYMR,43.81999969482422,43.81999969482422,43.81999969482422,43.72999954223633,43.775001525878906,3730.0
2024-03-01 15:49:00,KZR,1.0299999713897705,1.0299999713897705,1.0399999618530273,1.0299999713897705,1.0299999713897705,958.0
2024-03-01 15:49:00,LAB,2.4749999046325684,2.4749999046325684,2.4800000190734863,2.4700000286102295,2.4700000286102295,8312.0
2024-03-01 15:49:00,LBPH,21.540000915527344,21.540000915527344,21.549999237060547,21.420000076293945,21.440000534057617,4201.0
2024-03-01 15:49:00,LEGN,65.66000366210938,65.66000366210938,65.66000366210938,65.61499786376953,65.66000366210938,1290.0
2024-03-01 15:49:00,LEXX,2.8010001182556152,2.8010001182556152,2.805000066757202,2.800100088119507,2.805000066757202,1451.0
2024-03-01 15:49:00,LFLY,2.944999933242798,2.944999933242798,2.944999933242798,2.944999933242798,2.944999933242798,103.0
2024-03-01 15:49:00,LFMD,8.0,8.0,8.0,7.989999771118164,7.989999771118164,1835.0
2024-03-01 15:49:00,LFST,7.75,7.75,7.755000114440918,7.735000133514404,7.739999771118164,20720.0
2024-03-01 15:49:00,LGND,77.75,77.75,77.86000061035156,77.6500015258789,77.6500015258789,1319.0
2024-03-01 15:49:00,LGVN,0.539900004863739,0.539900004863739,0.539900004863739,0.539900004863739,0.539900004863739,161.0
2024-03-01 15:49:00,LIAN,4.875,4.875,4.875,4.875,4.875,144.0
2024-03-01 15:49:00,LIVN,55.25,55.25,55.25,55.209999084472656,55.220001220703125,4351.0
2024-03-01 15:49:00,LIXT,2.450000047683716,2.450000047683716,2.450000047683716,2.450000047683716,2.450000047683716,211.0
2024-03-01 15:49:00,LMAT,67.8301010131836,67.8301010131836,67.9000015258789,67.80999755859375,67.9000015258789,949.0
2024-03-01 15:49:00,LNSR,4.7779998779296875,4.7779998779296875,4.7779998779296875,4.7779998779296875,4.7779998779296875,919.0
2024-03-01 15:49:00,LNTH,64.45999908447266,64.45999908447266,64.45999908447266,64.41999816894531,64.41999816894531,4493.0
2024-03-01 15:49:00,LPTX,2.859999895095825,2.859999895095825,2.859999895095825,2.859999895095825,2.859999895095825,500.0
2024-03-01 15:49:00,LQDA,14.59000015258789,14.59000015258789,14.59000015258789,14.569999694824219,14.569999694824219,3035.0
2024-03-01 15:49:00,LRMR,11.300000190734863,11.300000190734863,11.319999694824219,11.239999771118164,11.239999771118164,1786.0
2024-03-01 15:49:00,LTRN,4.150000095367432,4.150000095367432,4.150000095367432,4.139999866485596,4.139999866485596,1151.0
2024-03-01 15:49:00,LUMO,3.009999990463257,3.009999990463257,3.009999990463257,3.009999990463257,3.009999990463257,103.0
2024-03-01 15:49:00,LUNG,9.34000015258789,9.34000015258789,9.380000114440918,9.34000015258789,9.380000114440918,3319.0
2024-03-01 15:49:00,LVTX,2.4600000381469727,2.4600000381469727,2.509999990463257,2.4600000381469727,2.5,3092.0
2024-03-01 15:49:00,LXRX,2.4749999046325684,2.4749999046325684,2.4749999046325684,2.4700000286102295,2.4749999046325684,3283.0
2024-03-01 15:49:00,LYEL,3.0950000286102295,3.0950000286102295,3.0950000286102295,3.0799999237060547,3.0850000381469727,13909.0
2024-03-01 15:49:00,LYRA,5.644999980926514,5.644999980926514,5.644999980926514,5.635000228881836,5.644999980926514,741.0
2024-03-01 15:49:00,MASI,126.33000183105469,126.33000183105469,126.43499755859375,126.33000183105469,126.43499755859375,606.0
2024-03-01 15:49:00,MASS,7.260000228881836,7.260000228881836,7.28000020980835,7.260000228881836,7.28000020980835,2475.0
2024-03-01 15:49:00,MBRX,0.6299999952316284,0.6299999952316284,0.6299999952316284,0.6299999952316284,0.6299999952316284,375.0
2024-03-01 15:49:00,MCRB,1.2200000286102295,1.2200000286102295,1.228600025177002,1.2200000286102295,1.228600025177002,1899.0
2024-03-01 15:49:00,MDGL,250.32000732421875,250.32000732421875,250.4199981689453,250.22500610351562,250.22500610351562,1358.0
2024-03-01 15:49:00,MDRX,6.0,6.0,6.019999980926514,6.0,6.010000228881836,384735.0
2024-03-01 15:49:00,MDXG,8.574999809265137,8.574999809265137,8.579999923706055,8.574999809265137,8.574999809265137,2613.0
2024-03-01 15:49:00,ME,0.5465999841690063,0.5465999841690063,0.5467000007629395,0.5465999841690063,0.5467000007629395,5194.0
2024-03-01 15:49:00,MEDP,402.5,402.5,402.5,401.989990234375,401.989990234375,2417.0
2024-03-01 15:49:00,MGNX,18.90999984741211,18.90999984741211,18.920000076293945,18.899999618530273,18.899999618530273,9918.0
2024-03-01 15:49:00,MGTX,6.414999961853027,6.414999961853027,6.420000076293945,6.409999847412109,6.420000076293945,2615.0
2024-03-01 15:49:00,MIRM,29.145000457763672,29.145000457763672,29.15999984741211,29.139999389648438,29.15999984741211,1838.0
2024-03-01 15:49:00,MIST,1.7050000429153442,1.7050000429153442,1.7050000429153442,1.7050000429153442,1.7050000429153442,458.0
2024-03-01 15:49:00,MLTX,50.709999084472656,50.709999084472656,50.7400016784668,50.65060043334961,50.709999084472656,7806.0
2024-03-01 15:49:00,MMSI,76.16999816894531,76.16999816894531,76.18499755859375,76.16999816894531,76.18499755859375,364.0
2024-03-01 15:49:00,MNKD,4.510000228881836,4.510000228881836,4.510000228881836,4.505000114440918,4.505000114440918,30490.0
2024-03-01 15:49:00,MNMD,6.204999923706055,6.204999923706055,6.21999979019165,6.199999809265137,6.204999923706055,5893.0
2024-03-01 15:49:00,MODD,1.9299999475479126,1.9299999475479126,1.9299999475479126,1.9249999523162842,1.9249999523162842,375.0
2024-03-01 15:49:00,MODV,28.040000915527344,28.040000915527344,28.040000915527344,28.030000686645508,28.030000686645508,1263.0
2024-03-01 15:49:00,MOR,17.670000076293945,17.670000076293945,17.670000076293945,17.670000076293945,17.670000076293945,709.0
2024-03-01 15:49:00,MORF,39.54999923706055,39.54999923706055,39.54999923706055,39.52000045776367,39.54499816894531,924.0
2024-03-01 15:49:00,MREO,3.924999952316284,3.924999952316284,3.924999952316284,3.9049999713897705,3.9100000858306885,15058.0
2024-03-01 15:49:00,MRNA,95.06999969482422,95.06999969482422,95.13999938964844,95.05000305175781,95.13999938964844,16985.0
2024-03-01 15:49:00,MRNS,9.920000076293945,9.920000076293945,9.949999809265137,9.920000076293945,9.944999694824219,4301.0
2024-03-01 15:49:00,MRSN,5.945000171661377,5.945000171661377,5.960000038146973,5.940000057220459,5.954999923706055,7053.0
2024-03-01 15:49:00,MRUS,51.505001068115234,51.505001068115234,51.540000915527344,51.47999954223633,51.5099983215332,1067.0
2024-03-01 15:49:00,MRVI,7.630000114440918,7.630000114440918,7.630000114440918,7.625,7.630000114440918,5144.0
2024-03-01 15:49:00,MXCT,4.724999904632568,4.724999904632568,4.724999904632568,4.724999904632568,4.724999904632568,799.0
2024-03-01 15:49:00,MYGN,22.059999465942383,22.059999465942383,22.06999969482422,22.059999465942383,22.065000534057617,550.0
2024-03-01 15:49:00,NARI,45.22999954223633,45.22999954223633,45.36000061035156,45.220001220703125,45.349998474121094,20188.0
2024-03-01 15:49:00,NBIX,131.76499938964844,131.76499938964844,131.80999755859375,131.7624969482422,131.80499267578125,3790.0
2024-03-01 15:49:00,NCNA,0.3199999928474426,0.3199999928474426,0.3199999928474426,0.3199999928474426,0.3199999928474426,412.0
2024-03-01 15:49:00,NEO,15.9399995803833,15.9399995803833,15.9399995803833,15.914999961853027,15.914999961853027,3621.0
2024-03-01 15:49:00,NEOG,17.2450008392334,17.2450008392334,17.2450008392334,17.235000610351562,17.235000610351562,3395.0
2024-03-01 15:49:00,NEPH,3.130000114440918,3.130000114440918,3.130000114440918,3.130000114440918,3.130000114440918,336.0
2024-03-01 15:49:00,NERV,2.6600000858306885,2.6600000858306885,2.6600000858306885,2.6549999713897705,2.6549999713897705,564.0
2024-03-01 15:49:00,NGM,1.5199999809265137,1.5199999809265137,1.524999976158142,1.5199999809265137,1.524999976158142,1400.0
2024-03-01 15:49:00,NKTR,0.7414000034332275,0.7414000034332275,0.7501000165939331,0.7342000007629395,0.7493000030517578,6939.0
2024-03-01 15:49:00,NKTX,12.829999923706055,12.829999923706055,12.869999885559082,12.829999923706055,12.869999885559082,1708.0
2024-03-01 15:49:00,NLSP,0.36000001430511475,0.36000001430511475,0.36000001430511475,0.36000001430511475,0.36000001430511475,200.0
2024-03-01 15:49:00,NNOX,10.984999656677246,10.984999656677246,11.010000228881836,10.984999656677246,11.0,10150.0
2024-03-01 15:49:00,NOTV,7.940000057220459,7.940000057220459,7.940000057220459,7.929999828338623,7.929999828338623,6317.0
2024-03-01 15:49:00,NPCE,16.270000457763672,16.270000457763672,16.270000457763672,16.270000457763672,16.270000457763672,155.0
2024-03-01 15:49:00,NRC,40.595001220703125,40.595001220703125,40.66999816894531,40.595001220703125,40.66999816894531,1191.0
2024-03-01 15:49:00,NRIX,13.539999961853027,13.539999961853027,13.5600004196167,13.520000457763672,13.5600004196167,3668.0
2024-03-01 15:49:00,NRXP,0.43950000405311584,0.43950000405311584,0.43950000405311584,0.43950000405311584,0.43950000405311584,669.0
2024-03-01 15:49:00,NTLA,32.720001220703125,32.720001220703125,32.790000915527344,32.720001220703125,32.790000915527344,10763.0
2024-03-01 15:49:00,NTRA,89.3499984741211,89.3499984741211,89.36000061035156,89.30999755859375,89.33999633789062,12724.0
2024-03-01 15:49:00,NUTX,0.1137000024318695,0.1137000024318695,0.11389999836683273,0.11339999735355377,0.1137000024318695,2823.0
2024-03-01 15:49:00,NUVL,87.23500061035156,87.23500061035156,87.23500061035156,87.12000274658203,87.12000274658203,4245.0
2024-03-01 15:49:00,NUWE,0.5950000286102295,0.5950000286102295,0.5950000286102295,0.5861999988555908,0.5861999988555908,2406.0
2024-03-01 15:49:00,NVAX,5.380000114440918,5.380000114440918,5.380000114440918,5.369999885559082,5.369999885559082,18315.0
2024-03-01 15:49:00,NVCR,16.15999984741211,16.15999984741211,16.170000076293945,16.149999618530273,16.170000076293945,1612.0
2024-03-01 15:49:00,NVCT,10.770000457763672,10.770000457763672,10.770000457763672,10.739999771118164,10.75,1060.0
2024-03-01 15:49:00,NVNO,6.369999885559082,6.369999885559082,6.369999885559082,6.369999885559082,6.369999885559082,2031.0
2024-03-01 15:49:00,NXTC,1.7799999713897705,1.7799999713897705,1.7899999618530273,1.7799999713897705,1.7899999618530273,200.0
2024-03-01 15:49:00,OCGN,0.9458000063896179,0.9458000063896179,0.9458000063896179,0.9458000063896179,0.9458000063896179,2252.0
2024-03-01 15:49:00,OCUL,10.680000305175781,10.680000305175781,10.6899995803833,10.630000114440918,10.640000343322754,10667.0
2024-03-01 15:49:00,OCUP,2.5199999809265137,2.5199999809265137,2.5199999809265137,2.5199999809265137,2.5199999809265137,668.0
2024-03-01 15:49:00,OFIX,12.960000038146973,12.960000038146973,12.960000038146973,12.954999923706055,12.954999923706055,1888.0
2024-03-01 15:49:00,OGI,2.1600000858306885,2.1600000858306885,2.1600000858306885,2.1600000858306885,2.1600000858306885,341.0
2024-03-01 15:49:00,OLK,22.9950008392334,22.9950008392334,23.0,22.9950008392334,22.9950008392334,2363.0
2024-03-01 15:49:00,OLMA,14.789999961853027,14.789999961853027,14.789999961853027,14.779999732971191,14.789999961853027,2213.0
2024-03-01 15:49:00,OM,3.0950000286102295,3.0950000286102295,3.0999999046325684,3.0950000286102295,3.0950000286102295,1720.0
2024-03-01 15:49:00,OMCL,26.427499771118164,26.427499771118164,26.440000534057617,26.375,26.375,3903.0
2024-03-01 15:49:00,OMER,4.829999923706055,4.829999923706055,4.84499979019165,4.820000171661377,4.840000152587891,13609.0
2024-03-01 15:49:00,OMIC,0.6100000143051147,0.6100000143051147,0.6100000143051147,0.6100000143051147,0.6100000143051147,100.0
2024-03-01 15:50:00,AADI,1.909999966621399,1.909999966621399,1.910099983215332,1.909999966621399,1.910099983215332,684.0
2024-03-01 15:50:00,ABCL,5.039999961853027,5.039999961853027,5.054999828338623,5.039999961853027,5.050000190734863,9433.0
2024-03-01 15:50:00,ABOS,4.644999980926514,4.644999980926514,4.659999847412109,4.639999866485596,4.659999847412109,3200.0
2024-03-01 15:50:00,ABSI,5.454999923706055,5.454999923706055,5.505000114440918,5.454999923706055,5.5,32973.0
2024-03-01 15:50:00,ABUS,2.7850000858306885,2.7850000858306885,2.7899999618530273,2.7850000858306885,2.7899999618530273,4051.0
2024-03-01 15:50:00,ACAD,24.079999923706055,24.079999923706055,24.1200008392334,24.075000762939453,24.1200008392334,10413.0
2024-03-01 15:50:00,ACB,3.1682000160217285,3.1682000160217285,3.1700000762939453,3.1682000160217285,3.1700000762939453,2119.0
2024-03-01 15:50:00,ACCD,9.880000114440918,9.880000114440918,9.930000305175781,9.880000114440918,9.930000305175781,4739.0
2024-03-01 15:50:00,ACET,2.369999885559082,2.369999885559082,2.380000114440918,2.369999885559082,2.379499912261963,4659.0
2024-03-01 15:50:00,ACHC,83.95999908447266,83.95999908447266,84.0199966430664,83.95999908447266,84.0199966430664,2815.0
2024-03-01 15:50:00,ACHL,1.3700000047683716,1.3700000047683716,1.3700000047683716,1.3600000143051147,1.3600000143051147,2317.0
2024-03-01 15:50:00,ACHV,4.440000057220459,4.440000057220459,4.440000057220459,4.440000057220459,4.440000057220459,115.0
2024-03-01 15:50:00,ACIU,3.8299999237060547,3.8299999237060547,3.8299999237060547,3.8299999237060547,3.8299999237060547,243.0
2024-03-01 15:50:00,ACLX,66.91500091552734,66.91500091552734,66.98500061035156,66.91500091552734,66.95999908447266,3862.0
2024-03-01 15:50:00,ACRS,1.2350000143051147,1.2350000143051147,1.2400000095367432,1.2300000190734863,1.2300000190734863,21645.0
2024-03-01 15:50:00,ACST,3.440000057220459,3.440000057220459,3.440000057220459,3.440000057220459,3.440000057220459,208.0
2024-03-01 15:50:00,ADAP,1.590000033378601,1.590000033378601,1.590000033378601,1.5800000429153442,1.5800000429153442,400.0
2024-03-01 15:50:00,ADIL,3.160099983215332,3.160099983215332,3.200000047683716,3.0399999618530273,3.059999942779541,128673.0
2024-03-01 15:50:00,ADMA,5.519999980926514,5.519999980926514,5.519999980926514,5.510000228881836,5.519999980926514,11103.0
2024-03-01 15:50:00,ADPT,4.0,4.0,4.019999980926514,4.0,4.019999980926514,21603.0
2024-03-01 15:50:00,ADUS,93.8499984741211,93.8499984741211,93.87000274658203,93.8499984741211,93.87000274658203,2077.0
2024-03-01 15:50:00,ADVM,1.9700000286102295,1.9700000286102295,1.9800000190734863,1.9700000286102295,1.9800000190734863,4773.0
2024-03-01 15:50:00,AFMD,0.6627990007400513,0.6627990007400513,0.6628999710083008,0.6621999740600586,0.6628999710083008,3948.0
2024-03-01 15:50:00,AGEN,0.6650000214576721,0.6650000214576721,0.6654999852180481,0.6650000214576721,0.6654999852180481,95572.0
2024-03-01 15:50:00,AGIO,32.20899963378906,32.20899963378906,32.22999954223633,32.189998626708984,32.22999954223633,7178.0
2024-03-01 15:50:00,AHCO,10.510000228881836,10.510000228881836,10.510000228881836,10.5,10.510000228881836,6433.0
2024-03-01 15:50:00,AIH,0.5199000239372253,0.5199000239372253,0.5202999711036682,0.5199000239372253,0.5202999711036682,7113.0
2024-03-01 15:50:00,AIMD,1.0499999523162842,1.0499999523162842,1.0499999523162842,1.0099999904632568,1.0348000526428223,3000.0
2024-03-01 15:50:00,AIRS,6.369999885559082,6.369999885559082,6.369999885559082,6.369999885559082,6.369999885559082,745.0
2024-03-01 15:50:00,AKAN,0.22100000083446503,0.22100000083446503,0.22460000216960907,0.22050000727176666,0.22460000216960907,5480.0
2024-03-01 15:50:00,AKBA,1.690000057220459,1.690000057220459,1.690000057220459,1.6805000305175781,1.6805000305175781,15385.0
2024-03-01 15:50:00,AKLI,0.3400000035762787,0.3400000035762787,0.34119999408721924,0.3400000035762787,0.3400000035762787,4434.0
2024-03-01 15:50:00,AKRO,28.260000228881836,28.260000228881836,28.31999969482422,28.25,28.309999465942383,12645.0
2024-03-01 15:50:00,AKYA,6.059999942779541,6.059999942779541,6.070000171661377,6.039999961853027,6.039999961853027,3507.0
2024-03-01 15:50:00,ALDX,4.244999885559082,4.244999885559082,4.244999885559082,4.244999885559082,4.244999885559082,296.0
2024-03-01 15:50:00,ALEC,7.340000152587891,7.340000152587891,7.360000133514404,7.340000152587891,7.340000152587891,6764.0
2024-03-01 15:50:00,ALGN,300.94500732421875,300.94500732421875,301.04998779296875,300.8599853515625,300.95001220703125,2311.0
2024-03-01 15:50:00,ALGS,1.0400999784469604,1.0400999784469604,1.059999942779541,1.0400999784469604,1.059999942779541,6050.0
2024-03-01 15:50:00,ALHC,5.619999885559082,5.619999885559082,5.619999885559082,5.590000152587891,5.605000019073486,12313.0
2024-03-01 15:50:00,ALIM,3.75,3.75,3.75,3.75,3.75,102.0
2024-03-01 15:50:00,ALKS,30.219999313354492,30.219999313354492,30.219999313354492,30.149999618530273,30.219999313354492,45276.0
2024-03-01 15:50:00,ALLK,1.6349999904632568,1.6349999904632568,1.6349999904632568,1.6299999952316284,1.6299999952316284,2179.0
2024-03-01 15:50:00,ALLO,4.889999866485596,4.889999866485596,4.900000095367432,4.889999866485596,4.900000095367432,4571.0
2024-03-01 15:50:00,ALNY,152.81500244140625,152.81500244140625,152.8800048828125,152.81500244140625,152.86000061035156,1860.0
2024-03-01 15:50:00,ALPN,36.17499923706055,36.17499923706055,36.17499923706055,36.11000061035156,36.11000061035156,2043.0
2024-03-01 15:50:00,ALRN,5.0,5.0,5.0,5.0,5.0,110.0
2024-03-01 15:50:00,ALT,12.100000381469727,12.100000381469727,12.140000343322754,12.09000015258789,12.130000114440918,20363.0
2024-03-01 15:50:00,ALVO,15.720000267028809,15.720000267028809,15.729999542236328,15.720000267028809,15.725000381469727,3454.0
2024-03-01 15:50:00,ALVR,0.7483999729156494,0.7483999729156494,0.7483999729156494,0.7475000023841858,0.7475000023841858,1065.0
2024-03-01 15:50:00,ALXO,14.859999656677246,14.859999656677246,14.930000305175781,14.859999656677246,14.930000305175781,5450.0
2024-03-01 15:50:00,AMED,93.37000274658203,93.37000274658203,93.37000274658203,93.36000061035156,93.36000061035156,1832.0
2024-03-01 15:50:00,AMGN,280.44000244140625,280.44000244140625,280.6499938964844,280.30999755859375,280.614990234375,26311.0
2024-03-01 15:50:00,AMLX,18.635000228881836,18.635000228881836,18.639999389648438,18.6299991607666,18.639999389648438,8407.0
2024-03-01 15:50:00,AMPH,45.849998474121094,45.849998474121094,46.0,45.849998474121094,45.85499954223633,10815.0
2024-03-01 15:50:00,AMRN,1.0549999475479126,1.0549999475479126,1.0599000453948975,1.0499999523162842,1.0499999523162842,79581.0
2024-03-01 15:50:00,ANAB,25.389999389648438,25.389999389648438,25.399999618530273,25.389999389648438,25.399999618530273,2891.0
2024-03-01 15:50:00,ANGO,5.474999904632568,5.474999904632568,5.474999904632568,5.454999923706055,5.465000152587891,20344.0
2024-03-01 15:50:00,ANIK,24.969999313354492,24.969999313354492,25.0049991607666,24.969999313354492,25.0049991607666,636.0
2024-03-01 15:50:00,ANIP,66.66999816894531,66.66999816894531,66.75,66.66999816894531,66.70999908447266,3322.0
2024-03-01 15:50:00,ANNX,6.039999961853027,6.039999961853027,6.059999942779541,6.039999961853027,6.050000190734863,18129.0
2024-03-01 15:50:00,ANTX,3.0,3.0,3.0,2.9999001026153564,2.9999001026153564,1424.0
2024-03-01 15:50:00,APLS,64.29000091552734,64.29000091552734,64.29000091552734,64.0999984741211,64.12000274658203,14026.0
2024-03-01 15:50:00,APLT,7.050000190734863,7.050000190734863,7.070000171661377,7.039999961853027,7.059999942779541,10209.0
2024-03-01 15:50:00,APRE,8.079999923706055,8.079999923706055,8.079999923706055,8.0600004196167,8.060999870300293,743.0
2024-03-01 15:50:00,AQST,4.199999809265137,4.199999809265137,4.199999809265137,4.190000057220459,4.190000057220459,5315.0
2024-03-01 15:50:00,ARAY,2.615000009536743,2.615000009536743,2.619999885559082,2.609999895095825,2.619999885559082,2349.0
2024-03-01 15:50:00,ARCT,39.545501708984375,39.545501708984375,39.599998474121094,39.52000045776367,39.599998474121094,2854.0
2024-03-01 15:50:00,ARDX,9.324999809265137,9.324999809265137,9.34000015258789,9.319999694824219,9.34000015258789,12056.0
2024-03-01 15:50:00,ARGX,392.1400146484375,392.1400146484375,392.1400146484375,391.7900085449219,391.7900085449219,2805.0
2024-03-01 15:50:00,ARQT,11.5,11.5,11.515000343322754,11.5,11.510000228881836,25192.0
2024-03-01 15:50:00,ARVN,47.1349983215332,47.1349983215332,47.1349983215332,47.119998931884766,47.130001068115234,2253.0
2024-03-01 15:50:00,ARWR,35.90999984741211,35.90999984741211,35.95000076293945,35.880001068115234,35.93000030517578,13839.0
2024-03-01 15:50:00,ASLN,0.7190999984741211,0.7190999984741211,0.7190999984741211,0.718999981880188,0.718999981880188,239.0
2024-03-01 15:50:00,ASND,153.14999389648438,153.14999389648438,153.14999389648438,152.52999877929688,152.92999267578125,2209.0
2024-03-01 15:50:00,ASRT,0.8774499893188477,0.8774499893188477,0.8774499893188477,0.8774499893188477,0.8774499893188477,1970.0
2024-03-01 15:50:00,ATAI,2.119999885559082,2.119999885559082,2.119999885559082,2.119999885559082,2.119999885559082,301.0
2024-03-01 15:50:00,ATEC,13.425000190734863,13.425000190734863,13.4399995803833,13.404999732971191,13.425000190734863,13366.0
2024-03-01 15:50:00,ATHA,3.940000057220459,3.940000057220459,3.940000057220459,3.934999942779541,3.934999942779541,739.0
2024-03-01 15:50:00,ATOS,1.0099999904632568,1.0099999904632568,1.0099999904632568,1.0099999904632568,1.0099999904632568,100.0
2024-03-01 15:50:00,ATRA,0.7700999975204468,0.7700999975204468,0.7710999846458435,0.7700999975204468,0.7700999975204468,4184.0
2024-03-01 15:50:00,ATRC,36.13999938964844,36.13999938964844,36.18000030517578,36.13999938964844,36.16999816894531,8900.0
2024-03-01 15:50:00,ATXI,0.15620000660419464,0.15620000660419464,0.15620000660419464,0.15620000660419464,0.15620000660419464,504.0
2024-03-01 15:50:00,ATXS,14.890000343322754,14.890000343322754,14.899999618530273,14.875,14.899999618530273,8295.0
2024-03-01 15:50:00,AUGX,4.570000171661377,4.570000171661377,4.570000171661377,4.559999942779541,4.559999942779541,357.0
2024-03-01 15:50:00,AUPH,5.739999771118164,5.739999771118164,5.75,5.739999771118164,5.75,6595.0
2024-03-01 15:50:00,AURA,9.210000038146973,9.210000038146973,9.210000038146973,9.210000038146973,9.210000038146973,429.0
2024-03-01 15:50:00,AUTL,6.260000228881836,6.260000228881836,6.260000228881836,6.255000114440918,6.260000228881836,1041.0
2024-03-01 15:50:00,AVAH,2.380000114440918,2.380000114440918,2.380000114440918,2.369999885559082,2.369999885559082,355.0
2024-03-01 15:50:00,AVDL,13.829999923706055,13.829999923706055,13.84000015258789,13.779999732971191,13.8149995803833,30016.0
2024-03-01 15:50:00,AVIR,4.445000171661377,4.445000171661377,4.445000171661377,4.445000171661377,4.445000171661377,557.0
2024-03-01 15:50:00,AVRO,1.3200000524520874,1.3200000524520874,1.3250000476837158,1.3200000524520874,1.3250000476837158,1152.0
2024-03-01 15:50:00,AVTE,23.639999389648438,23.639999389648438,23.639999389648438,23.639999389648438,23.639999389648438,464.0
2024-03-01 15:50:00,AVXL,5.255000114440918,5.255000114440918,5.264999866485596,5.255000114440918,5.264999866485596,5474.0
2024-03-01 15:50:00,AWH,4.039999961853027,4.039999961853027,4.039999961853027,4.03000020980835,4.039999961853027,657.0
2024-03-01 15:50:00,AXGN,10.710000038146973,10.710000038146973,10.739999771118164,10.710000038146973,10.729999542236328,1305.0
2024-03-01 15:50:00,AXNX,67.80999755859375,67.80999755859375,67.91999816894531,67.80999755859375,67.91999816894531,9019.0
2024-03-01 15:50:00,AXSM,82.42500305175781,82.42500305175781,82.48999786376953,82.37000274658203,82.4800033569336,6202.0
2024-03-01 15:50:00,AZN,64.625,64.625,64.63500213623047,64.62000274658203,64.62999725341797,39679.0
2024-03-01 15:50:00,AZTA,67.07749938964844,67.07749938964844,67.11000061035156,67.07499694824219,67.11000061035156,2335.0
2024-03-01 15:50:00,BACK,1.4101999998092651,1.4101999998092651,1.4101999998092651,1.4101999998092651,1.4101999998092651,169.0
2024-03-01 15:50:00,BBIO,35.67499923706055,35.67499923706055,35.71500015258789,35.67499923706055,35.71500015258789,2758.0
2024-03-01 15:50:00,BBLG,2.3499999046325684,2.3499999046325684,2.369999885559082,2.3399999141693115,2.369999885559082,1250.0
2024-03-01 15:50:00,BCAB,2.825000047683716,2.825000047683716,2.8301000595092773,2.819999933242798,2.8299999237060547,3274.0
2024-03-01 15:50:00,BCDA,0.5799999833106995,0.5799999833106995,0.5799999833106995,0.5798100233078003,0.5798100233078003,1914.0
2024-03-01 15:50:00,BCEL,0.2705000042915344,0.2705000042915344,0.2705000042915344,0.2705000042915344,0.2705000042915344,109.0
2024-03-01 15:50:00,BCRX,5.614999771118164,5.614999771118164,5.639999866485596,5.610000133514404,5.630000114440918,19546.0
2024-03-01 15:50:00,BCYC,25.649999618530273,25.649999618530273,25.700000762939453,25.639999389648438,25.665000915527344,2107.0
2024-03-01 15:50:00,BDSX,1.600000023841858,1.600000023841858,1.600000023841858,1.5921000242233276,1.5950000286102295,5732.0
2024-03-01 15:50:00,BDTX,4.760000228881836,4.760000228881836,4.804999828338623,4.760000228881836,4.800000190734863,9714.0
2024-03-01 15:50:00,BEAM,39.584999084472656,39.584999084472656,39.63999938964844,39.540000915527344,39.6150016784668,8964.0
2024-03-01 15:50:00,BGNE,165.1300048828125,165.1300048828125,165.1999969482422,165.02499389648438,165.1999969482422,2245.0
2024-03-01 15:50:00,BGXX,0.2556000053882599,0.2556000053882599,0.2556000053882599,0.2556000053882599,0.2556000053882599,186.0
2024-03-01 15:50:00,BIIB,220.60000610351562,220.60000610351562,220.80499267578125,220.59500122070312,220.80499267578125,4125.0
2024-03-01 15:50:00,BIOL,0.14640000462532043,0.14640000462532043,0.14790000021457672,0.14640000462532043,0.14790000021457672,47523.0
2024-03-01 15:50:00,BIOR,1.100000023841858,1.100000023841858,1.1050000190734863,1.100000023841858,1.100000023841858,16528.0
2024-03-01 15:50:00,BIVI,1.9199999570846558,1.9199999570846558,1.9500000476837158,1.9199999570846558,1.9500000476837158,66347.0
2024-03-01 15:50:00,BLFS,17.760000228881836,17.760000228881836,17.850000381469727,17.760000228881836,17.829999923706055,9307.0
2024-03-01 15:50:00,BLRX,1.3291000127792358,1.3291000127792358,1.3291000127792358,1.3291000127792358,1.3291000127792358,577.0
2024-03-01 15:50:00,BLUE,1.5750000476837158,1.5750000476837158,1.5750000476837158,1.5700000524520874,1.5750000476837158,20062.0
2024-03-01 15:50:00,BMEA,17.75,17.75,17.809999465942383,17.75,17.790000915527344,6575.0
2024-03-01 15:50:00,BMRA,1.2000000476837158,1.2000000476837158,1.2000000476837158,1.2000000476837158,1.2000000476837158,231.0
2024-03-01 15:50:00,BMRN,87.58799743652344,87.58799743652344,87.66699981689453,87.55000305175781,87.6500015258789,10390.0
2024-03-01 15:50:00,BNGO,1.2599999904632568,1.2599999904632568,1.2599999904632568,1.2599999904632568,1.2599999904632568,1326.0
2024-03-01 15:50:00,BNR,0.8299999833106995,0.8299999833106995,0.8500999808311462,0.8299999833106995,0.8500999808311462,400.0
2024-03-01 15:50:00,BNTX,90.61000061035156,90.61000061035156,90.625,90.61000061035156,90.62000274658203,1113.0
2024-03-01 15:50:00,BOLT,1.2100000381469727,1.2100000381469727,1.2100000381469727,1.2100000381469727,1.2100000381469727,2792.0
2024-03-01 15:50:00,BPMC,95.01000213623047,95.01000213623047,95.41000366210938,95.01000213623047,95.38999938964844,7027.0
2024-03-01 15:50:00,BRKR,88.58999633789062,88.58999633789062,88.58999633789062,88.41500091552734,88.41500091552734,9782.0
2024-03-01 15:50:00,BRTX,1.4950000047683716,1.4950000047683716,1.4950000047683716,1.4950000047683716,1.4950000047683716,101.0
2024-03-01 15:50:00,BTAI,3.200000047683716,3.200000047683716,3.200000047683716,3.200000047683716,3.200000047683716,782.0
2024-03-01 15:50:00,BTTX,0.18250000476837158,0.18250000476837158,0.18250000476837158,0.18062500655651093,0.18062500655651093,2537.0
2024-03-01 15:50:00,BWAY,6.570000171661377,6.570000171661377,6.590000152587891,6.570000171661377,6.590000152587891,2788.0
2024-03-01 15:50:00,CABA,23.989999771118164,23.989999771118164,24.0,23.979999542236328,23.989999771118164,2068.0
2024-03-01 15:50:00,CADL,1.7400000095367432,1.7400000095367432,1.7400000095367432,1.7400000095367432,1.7400000095367432,736.0
2024-03-01 15:50:00,CARA,0.934499979019165,0.934499979019165,0.934499979019165,0.9260500073432922,0.9276000261306763,3232.0
2024-03-01 15:50:00,CASI,5.5,5.5,5.510000228881836,5.5,5.510000228881836,545.0
2024-03-01 15:50:00,CBAY,32.224998474121094,32.224998474121094,32.22999954223633,32.220001220703125,32.224998474121094,15363.0
2024-03-01 15:50:00,CCCC,10.989999771118164,10.989999771118164,11.0,10.989999771118164,10.989999771118164,15904.0
2024-03-01 15:50:00,CCEL,4.920000076293945,4.920000076293945,4.920000076293945,4.920000076293945,4.920000076293945,206.0
2024-03-01 15:50:00,CCRN,18.280000686645508,18.280000686645508,18.299999237060547,18.280000686645508,18.290000915527344,4926.0
2024-03-01 15:50:00,CDMO,8.210000038146973,8.210000038146973,8.239999771118164,8.210000038146973,8.234999656677246,9833.0
2024-03-01 15:50:00,CDNA,11.8149995803833,11.8149995803833,11.90999984741211,11.800000190734863,11.890000343322754,41129.0
2024-03-01 15:50:00,CDXS,4.581999778747559,4.581999778747559,4.581999778747559,4.545000076293945,4.545000076293945,24635.0
2024-03-01 15:50:00,CELC,17.260000228881836,17.260000228881836,17.260000228881836,17.15999984741211,17.200000762939453,1917.0
2024-03-01 15:50:00,CERE,41.08000183105469,41.08000183105469,41.084999084472656,41.08000183105469,41.08000183105469,1367.0
2024-03-01 15:50:00,CERS,2.1649999618530273,2.1649999618530273,2.1700000762939453,2.1600000858306885,2.1700000762939453,26163.0
2024-03-01 15:50:00,CERT,18.170000076293945,18.170000076293945,18.200000762939453,18.15999984741211,18.184999465942383,14598.0
2024-03-01 15:50:00,CGC,3.2049999237060547,3.2049999237060547,3.2100000381469727,3.2049999237060547,3.2100000381469727,1602.0
2024-03-01 15:50:00,CGEM,18.469999313354492,18.469999313354492,18.485000610351562,18.469999313354492,18.485000610351562,1569.0
2024-03-01 15:50:00,CHRS,2.380000114440918,2.380000114440918,2.384999990463257,2.380000114440918,2.380000114440918,10752.0
2024-03-01 15:50:00,CING,1.3279999494552612,1.3279999494552612,1.3279999494552612,1.3279999494552612,1.3279999494552612,1020.0
2024-03-01 15:50:00,CLDX,51.47999954223633,51.47999954223633,51.61000061035156,51.470001220703125,51.529998779296875,11396.0
2024-03-01 15:50:00,CLOV,0.8652999997138977,0.8652999997138977,0.8654000163078308,0.8652999997138977,0.8652999997138977,14254.0
2024-03-01 15:50:00,CLPT,6.644999980926514,6.644999980926514,6.649899959564209,6.628799915313721,6.628799915313721,2975.0
2024-03-01 15:50:00,CLRB,4.119999885559082,4.119999885559082,4.119999885559082,4.114999771118164,4.119999885559082,2769.0
2024-03-01 15:50:00,CLSD,1.350000023841858,1.350000023841858,1.3799999952316284,1.350000023841858,1.3799999952316284,4005.0
2024-03-01 15:50:00,CMPS,11.46500015258789,11.46500015258789,11.510000228881836,11.460000038146973,11.5,5407.0
2024-03-01 15:50:00,CMRX,1.184999942779541,1.184999942779541,1.184999942779541,1.184999942779541,1.184999942779541,700.0
2024-03-01 15:50:00,CNSP,0.3109999895095825,0.3109999895095825,0.31200000643730164,0.3109999895095825,0.31200000643730164,8512.0
2024-03-01 15:50:00,COCP,1.4921000003814697,1.4921000003814697,1.4921000003814697,1.4921000003814697,1.4921000003814697,3002.0
2024-03-01 15:50:00,COGT,7.224999904632568,7.224999904632568,7.239999771118164,7.215000152587891,7.230000019073486,7327.0
2024-03-01 15:50:00,COLL,36.880001068115234,36.880001068115234,36.959999084472656,36.86000061035156,36.939998626708984,5302.0
2024-03-01 15:50:00,CORT,24.170000076293945,24.170000076293945,24.200000762939453,24.149999618530273,24.149999618530273,10513.0
2024-03-01 15:50:00,COSM,0.7850000262260437,0.7850000262260437,0.7850000262260437,0.7750999927520752,0.7750999927520752,608.0
2024-03-01 15:50:00,CPRX,17.06999969482422,17.06999969482422,17.09000015258789,17.06999969482422,17.09000015258789,9016.0
2024-03-01 15:50:00,CPSI,9.229999542236328,9.229999542236328,9.229999542236328,9.229999542236328,9.229999542236328,1147.0
2024-03-01 15:50:00,CRBP,34.470001220703125,34.470001220703125,34.470001220703125,34.25,34.25,696.0
2024-03-01 15:50:00,CRBU,7.789999961853027,7.789999961853027,7.800000190734863,7.789999961853027,7.795000076293945,7092.0
2024-03-01 15:50:00,CRDF,2.9600000381469727,2.9600000381469727,3.0699000358581543,2.869999885559082,3.0699000358581543,385453.0
2024-03-01 15:50:00,CRMD,3.6500000953674316,3.6500000953674316,3.6549999713897705,3.6500000953674316,3.6549999713897705,709.0
2024-03-01 15:50:00,CRNX,45.709999084472656,45.709999084472656,45.84000015258789,45.709999084472656,45.7599983215332,15388.0
2024-03-01 15:50:00,CRON,2.015000104904175,2.015000104904175,2.015000104904175,2.009999990463257,2.015000104904175,5702.0
2024-03-01 15:50:00,CRSP,83.87000274658203,83.87000274658203,83.9800033569336,83.8499984741211,83.9000015258789,3003.0
2024-03-01 15:50:00,CRVS,2.197999954223633,2.197999954223633,2.197999954223633,2.197999954223633,2.197999954223633,2567.0
2024-03-01 15:50:00,CSTL,19.940000534057617,19.940000534057617,20.0,19.940000534057617,20.0,4671.0
2024-03-01 15:50:00,CTKB,9.055000305175781,9.055000305175781,9.0600004196167,9.050000190734863,9.055000305175781,4140.0
2024-03-01 15:50:00,CTMX,2.5950000286102295,2.5950000286102295,2.5999999046325684,2.5899999141693115,2.5950000286102295,44795.0
2024-03-01 15:50:00,CUE,2.125,2.125,2.138000011444092,2.119999885559082,2.128000020980835,3237.0
2024-03-01 15:50:00,CVAC,3.4649999141693115,3.4649999141693115,3.4649999141693115,3.4600000381469727,3.4600000381469727,2966.0
2024-03-01 15:50:00,CVRX,20.850000381469727,20.850000381469727,20.850000381469727,20.795299530029297,20.795299530029297,1177.0
2024-03-01 15:50:00,CYTK,73.83000183105469,73.83000183105469,73.8499984741211,73.70999908447266,73.75,8407.0
2024-03-01 15:50:00,CYTO,2.430000066757202,2.430000066757202,2.4600000381469727,2.393699884414673,2.430000066757202,5817.0
2024-03-01 15:50:00,DAWN,17.459999084472656,17.459999084472656,17.479999542236328,17.459999084472656,17.479999542236328,2671.0
2024-03-01 15:50:00,DCGO,4.090000152587891,4.090000152587891,4.090000152587891,4.079999923706055,4.085000038146973,6981.0
2024-03-01 15:50:00,DCPH,17.440000534057617,17.440000534057617,17.440000534057617,17.43000030517578,17.434999465942383,2195.0
2024-03-01 15:50:00,DCTH,4.210000038146973,4.210000038146973,4.210000038146973,4.210000038146973,4.210000038146973,273.0
2024-03-01 15:50:00,DERM,4.110000133514404,4.110000133514404,4.110000133514404,4.099999904632568,4.099999904632568,1669.0
2024-03-01 15:50:00,DH,8.890000343322754,8.890000343322754,8.90999984741211,8.890000343322754,8.90999984741211,1093.0
2024-03-01 15:50:00,DMTK,0.8600000143051147,0.8600000143051147,0.8600000143051147,0.8501999974250793,0.8501999974250793,12654.0
2024-03-01 15:50:00,DNLI,20.639999389648438,20.639999389648438,20.68000030517578,20.6200008392334,20.670000076293945,7026.0
2024-03-01 15:50:00,DRIO,2.0,2.0,2.0,2.0,2.0,264.0
2024-03-01 15:50:00,DSGN,2.8499999046325684,2.8499999046325684,2.865000009536743,2.8499999046325684,2.8610999584198,7497.0
2024-03-01 15:50:00,DTIL,12.449999809265137,12.449999809265137,12.5,12.272500038146973,12.300000190734863,12590.0
2024-03-01 15:50:00,DVAX,12.739999771118164,12.739999771118164,12.755000114440918,12.739999771118164,12.755000114440918,5949.0
2024-03-01 15:50:00,DXCM,121.58000183105469,121.58000183105469,121.58999633789062,121.4000015258789,121.50499725341797,29945.0
2024-03-01 15:50:00,DYN,29.094999313354492,29.094999313354492,29.229999542236328,29.06999969482422,29.209999084472656,8638.0
2024-03-01 15:50:00,EDIT,10.460000038146973,10.460000038146973,10.480299949645996,10.449999809265137,10.470000267028809,22571.0
2024-03-01 15:50:00,EFTR,16.436199188232422,16.436199188232422,16.459999084472656,16.436199188232422,16.440000534057617,720.0
2024-03-01 15:50:00,EGRX,6.460000038146973,6.460000038146973,6.489999771118164,6.460000038146973,6.489999771118164,1772.0
2024-03-01 15:50:00,ELDN,1.809999942779541,1.809999942779541,1.809999942779541,1.7999999523162842,1.7999999523162842,630.0
2024-03-01 15:50:00,ELEV,5.070000171661377,5.070000171661377,5.099999904632568,5.070000171661377,5.090000152587891,4519.0
2024-03-01 15:50:00,EMBC,14.25,14.25,14.260000228881836,14.25,14.25,2682.0
2024-03-01 15:50:00,ENLV,3.2620999813079834,3.2620999813079834,3.2620999813079834,3.2620999813079834,3.2620999813079834,3113.0
2024-03-01 15:50:00,ENSG,121.72000122070312,121.72000122070312,121.83000183105469,121.61000061035156,121.83000183105469,2880.0
2024-03-01 15:50:00,ENTA,15.5,15.5,15.529999732971191,15.5,15.529999732971191,1054.0
2024-03-01 15:50:00,ENTX,1.409999966621399,1.409999966621399,1.4110000133514404,1.409999966621399,1.4110000133514404,1204.0
2024-03-01 15:50:00,ENVB,1.600000023841858,1.600000023841858,1.6100000143051147,1.570099949836731,1.570099949836731,14710.0
2024-03-01 15:50:00,EOLS,14.890000343322754,14.890000343322754,14.895000457763672,14.890000343322754,14.890000343322754,1595.0
2024-03-01 15:50:00,EPIX,9.329999923706055,9.329999923706055,9.425000190734863,9.329999923706055,9.425000190734863,700.0
2024-03-01 15:50:00,EQ,2.5,2.5,2.5,2.5,2.5,691.0
2024-03-01 15:50:00,ERAS,2.5999999046325684,2.5999999046325684,2.609999895095825,2.5999999046325684,2.5999999046325684,23854.0
2024-03-01 15:50:00,ESPR,2.559999942779541,2.559999942779541,2.559999942779541,2.549999952316284,2.555000066757202,43369.0
2024-03-01 15:50:00,ESTA,44.31999969482422,44.31999969482422,44.31999969482422,44.17499923706055,44.2400016784668,2374.0
2024-03-01 15:50:00,ETNB,12.694999694824219,12.694999694824219,12.75,12.682499885559082,12.6899995803833,16229.0
2024-03-01 15:50:00,ETON,4.46999979019165,4.46999979019165,4.46999979019165,4.46999979019165,4.46999979019165,227.0
2024-03-01 15:50:00,EVAX,3.4000000953674316,3.4000000953674316,3.4000000953674316,3.4000000953674316,3.4000000953674316,529.0
2024-03-01 15:50:00,EWTX,16.610000610351562,16.610000610351562,16.618999481201172,16.584999084472656,16.59000015258789,4542.0
2024-03-01 15:50:00,EXAI,6.53000020980835,6.53000020980835,6.53000020980835,6.53000020980835,6.53000020980835,1861.0
2024-03-01 15:50:00,EXAS,59.310001373291016,59.310001373291016,59.38999938964844,59.29999923706055,59.36000061035156,6515.0
2024-03-01 15:50:00,EXEL,22.2450008392334,22.2450008392334,22.25,22.209999084472656,22.209999084472656,20853.0
2024-03-01 15:50:00,EYEN,2.390000104904175,2.390000104904175,2.4010000228881836,2.390000104904175,2.4010000228881836,4979.0
2024-03-01 15:50:00,EYPT,27.959999084472656,27.959999084472656,28.010000228881836,27.940000534057617,27.940000534057617,23899.0
2024-03-01 15:50:00,FATE,7.710000038146973,7.710000038146973,7.724999904632568,7.710000038146973,7.71999979019165,9940.0
2024-03-01 15:50:00,FBIO,2.4100000858306885,2.4100000858306885,2.4100000858306885,2.380000114440918,2.380000114440918,17623.0
2024-03-01 15:50:00,FDMT,29.2450008392334,29.2450008392334,29.290000915527344,29.2450008392334,29.260000228881836,7097.0
2024-03-01 15:50:00,FEMY,1.8200000524520874,1.8200000524520874,1.8300000429153442,1.8200000524520874,1.8278000354766846,724.0
2024-03-01 15:50:00,FENC,9.760000228881836,9.760000228881836,9.770000457763672,9.760000228881836,9.770000457763672,990.0
2024-03-01 15:50:00,FGEN,1.8350000381469727,1.8350000381469727,1.840000033378601,1.8300000429153442,1.840000033378601,2009.0
2024-03-01 15:50:00,FHTX,7.735000133514404,7.735000133514404,7.789999961853027,7.735000133514404,7.789999961853027,221.0
2024-03-01 15:50:00,FLGT,23.09000015258789,23.09000015258789,23.1200008392334,23.084999084472656,23.100000381469727,1943.0
2024-03-01 15:50:00,FOLD,13.265000343322754,13.265000343322754,13.279999732971191,13.265000343322754,13.279999732971191,6270.0
2024-03-01 15:50:00,FONR,22.56999969482422,22.56999969482422,22.56999969482422,22.56999969482422,22.56999969482422,997.0
2024-03-01 15:50:00,FULC,10.984999656677246,10.984999656677246,10.989999771118164,10.984999656677246,10.989999771118164,2805.0
2024-03-01 15:50:00,FUSN,12.039999961853027,12.039999961853027,12.039999961853027,11.989999771118164,12.020000457763672,11816.0
2024-03-01 15:50:00,GALT,1.9149999618530273,1.9149999618530273,1.9149999618530273,1.9149999618530273,1.9149999618530273,103.0
2024-03-01 15:50:00,GANX,4.644999980926514,4.644999980926514,4.644999980926514,4.599999904632568,4.599999904632568,973.0
2024-03-01 15:50:00,GBIO,2.634999990463257,2.634999990463257,2.634999990463257,2.634999990463257,2.634999990463257,650.0
2024-03-01 15:50:00,GDRX,8.3149995803833,8.3149995803833,8.324999809265137,8.300000190734863,8.300000190734863,27985.0
2024-03-01 15:50:00,GERN,2.244999885559082,2.244999885559082,2.25,2.240000009536743,2.25,24544.0
2024-03-01 15:50:00,GH,18.959999084472656,18.959999084472656,18.989999771118164,18.959999084472656,18.969999313354492,6582.0
2024-03-01 15:50:00,GILD,72.2750015258789,72.2750015258789,72.31999969482422,72.25499725341797,72.30999755859375,31428.0
2024-03-01 15:50:00,GLPG,35.084999084472656,35.084999084472656,35.084999084472656,35.084999084472656,35.084999084472656,154.0
2024-03-01 15:50:00,GLUE,6.300000190734863,6.300000190734863,6.300000190734863,6.300000190734863,6.300000190734863,120.0
2024-03-01 15:50:00,GLYC,3.0199999809265137,3.0199999809265137,3.0199999809265137,3.0199999809265137,3.0199999809265137,1234.0
2024-03-01 15:50:00,GMAB,29.295000076293945,29.295000076293945,29.299999237060547,29.290000915527344,29.295000076293945,3736.0
2024-03-01 15:50:00,GMDA,0.38380101323127747,0.38380101323127747,0.38385000824928284,0.3837999999523163,0.38385000824928284,3632.0
2024-03-01 15:50:00,GOSS,1.3949999809265137,1.3949999809265137,1.399999976158142,1.3949999809265137,1.399999976158142,2807.0
2024-03-01 15:50:00,GRFS,7.014999866485596,7.014999866485596,7.025000095367432,7.011099815368652,7.019999980926514,12954.0
2024-03-01 15:50:00,GRTS,2.0199999809265137,2.0199999809265137,2.0299999713897705,2.0199999809265137,2.0199999809265137,20289.0
2024-03-01 15:50:00,GRTX,0.2290000021457672,0.2290000021457672,0.22910000383853912,0.2290000021457672,0.22910000383853912,10205.0
2024-03-01 15:50:00,GTHX,3.680000066757202,3.680000066757202,3.684999942779541,3.6500000953674316,3.684999942779541,36875.0
2024-03-01 15:50:00,HALO,41.1150016784668,41.1150016784668,41.130001068115234,41.099998474121094,41.1150016784668,6593.0
2024-03-01 15:50:00,HARP,22.9424991607666,22.9424991607666,22.950000762939453,22.9424991607666,22.950000762939453,399.0
2024-03-01 15:50:00,HCAT,8.045000076293945,8.045000076293945,8.069999694824219,8.045000076293945,8.050000190734863,10293.0
2024-03-01 15:50:00,HCM,15.104999542236328,15.104999542236328,15.104999542236328,15.09000015258789,15.09000015258789,955.0
2024-03-01 15:50:00,HCSG,12.835000038146973,12.835000038146973,12.845000267028809,12.835000038146973,12.845000267028809,3904.0
2024-03-01 15:50:00,HCTI,1.9766000509262085,1.9766000509262085,2.0499000549316406,1.9766000509262085,2.0499000549316406,212.0
2024-03-01 15:50:00,HCWB,1.600000023841858,1.600000023841858,1.6004999876022339,1.600000023841858,1.6004999876022339,4901.0
2024-03-01 15:50:00,HITI,1.7549999952316284,1.7549999952316284,1.7549999952316284,1.75,1.75,1500.0
2024-03-01 15:50:00,HLVX,19.045000076293945,19.045000076293945,19.045000076293945,19.045000076293945,19.045000076293945,435.0
2024-03-01 15:50:00,HOLX,73.77999877929688,73.77999877929688,73.8499984741211,73.76000213623047,73.81999969482422,21344.0
2024-03-01 15:50:00,HOWL,7.019999980926514,7.019999980926514,7.019999980926514,6.989999771118164,6.989999771118164,528.0
2024-03-01 15:50:00,HQY,81.29000091552734,81.29000091552734,81.37000274658203,81.2699966430664,81.37000274658203,3733.0
2024-03-01 15:50:00,HRMY,31.969999313354492,31.969999313354492,31.979999542236328,31.899999618530273,31.93000030517578,4384.0
2024-03-01 15:50:00,HROW,10.875,10.875,10.875,10.869999885559082,10.869999885559082,1040.0
2024-03-01 15:50:00,HRTX,2.5850000381469727,2.5850000381469727,2.5950000286102295,2.5850000381469727,2.5899999141693115,8690.0
2024-03-01 15:50:00,HSIC,76.81999969482422,76.81999969482422,76.83999633789062,76.80000305175781,76.83999633789062,9287.0
2024-03-01 15:50:00,HSTM,27.149999618530273,27.149999618530273,27.155000686645508,27.1299991607666,27.1299991607666,981.0
2024-03-01 15:50:00,HUMA,3.305000066757202,3.305000066757202,3.3299999237060547,3.259999990463257,3.2699999809265137,80024.0
2024-03-01 15:50:00,IART,35.9900016784668,35.9900016784668,36.06999969482422,35.9900016784668,36.04999923706055,3155.0
2024-03-01 15:50:00,IBRX,4.72130012512207,4.72130012512207,4.739999771118164,4.71999979019165,4.735000133514404,27277.0
2024-03-01 15:50:00,ICAD,1.899999976158142,1.899999976158142,1.899999976158142,1.899999976158142,1.899999976158142,147.0
2024-03-01 15:50:00,ICCM,1.274999976158142,1.274999976158142,1.274999976158142,1.274999976158142,1.274999976158142,100.0
2024-03-01 15:50:00,ICLR,324.42999267578125,324.42999267578125,324.5899963378906,324.4200134277344,324.4800109863281,3699.0
2024-03-01 15:50:00,ICUI,105.31999969482422,105.31999969482422,105.45999908447266,105.31999969482422,105.43000030517578,2213.0
2024-03-01 15:50:00,IDXX,576.4450073242188,576.4450073242188,576.4450073242188,576.4450073242188,576.4450073242188,278.0
2024-03-01 15:50:00,IDYA,46.31999969482422,46.31999969482422,46.47999954223633,46.29999923706055,46.369998931884766,4415.0
2024-03-01 15:50:00,IFRX,1.7350000143051147,1.7350000143051147,1.7350000143051147,1.7300000190734863,1.7300000190734863,324.0
2024-03-01 15:50:00,IGMS,12.720000267028809,12.720000267028809,12.760000228881836,12.720000267028809,12.760000228881836,368.0
2024-03-01 15:50:00,IINN,1.7000000476837158,1.7000000476837158,1.7000000476837158,1.690000057220459,1.690000057220459,1800.0
2024-03-01 15:50:00,IKNA,1.4800000190734863,1.4800000190734863,1.4800000190734863,1.4800000190734863,1.4800000190734863,662.0
2024-03-01 15:50:00,ILMN,140.2449951171875,140.2449951171875,140.36000061035156,140.11000061035156,140.36000061035156,9820.0
2024-03-01 15:50:00,IMAB,1.7899999618530273,1.7899999618530273,1.7899999618530273,1.7899999618530273,1.7899999618530273,100.0
2024-03-01 15:50:00,IMMX,3.490000009536743,3.490000009536743,3.490000009536743,3.4700000286102295,3.4700000286102295,1178.0
2024-03-01 15:50:00,IMNM,25.34000015258789,25.34000015258789,25.389999389648438,25.34000015258789,25.389999389648438,3241.0
2024-03-01 15:50:00,IMNN,1.000599980354309,1.000599980354309,1.000599980354309,1.000100016593933,1.000100016593933,9700.0
2024-03-01 15:50:00,IMTX,12.890000343322754,12.890000343322754,12.890000343322754,12.880000114440918,12.880000114440918,4895.0
2024-03-01 15:50:00,IMUX,1.440000057220459,1.440000057220459,1.440000057220459,1.440000057220459,1.440000057220459,452.0
2024-03-01 15:50:00,IMVT,35.369998931884766,35.369998931884766,35.470001220703125,35.34749984741211,35.459999084472656,9922.0
2024-03-01 15:50:00,INAB,1.089900016784668,1.089900016784668,1.090000033378601,1.089900016784668,1.090000033378601,1102.0
2024-03-01 15:50:00,INBX,36.53499984741211,36.53499984741211,36.54999923706055,36.53499984741211,36.54999923706055,1500.0
2024-03-01 15:50:00,INCY,58.93000030517578,58.93000030517578,58.93000030517578,58.91999816894531,58.91999816894531,6873.0
2024-03-01 15:50:00,INGN,6.980000019073486,6.980000019073486,6.980000019073486,6.9679999351501465,6.96999979019165,6485.0
2024-03-01 15:50:00,INMD,22.899999618530273,22.899999618530273,22.915000915527344,22.899999618530273,22.90999984741211,8216.0
2024-03-01 15:50:00,INO,9.460000038146973,9.460000038146973,9.5,9.460000038146973,9.5,2321.0
2024-03-01 15:50:00,INSM,27.93000030517578,27.93000030517578,27.969999313354492,27.90999984741211,27.959999084472656,8525.0
2024-03-01 15:50:00,INVA,15.34000015258789,15.34000015258789,15.359999656677246,15.34000015258789,15.350000381469727,24598.0
2024-03-01 15:50:00,INVO,1.2100000381469727,1.2100000381469727,1.2100000381469727,1.2100000381469727,1.2100000381469727,801.0
2024-03-01 15:50:00,INZY,6.545000076293945,6.545000076293945,6.554999828338623,6.545000076293945,6.550000190734863,2685.0
2024-03-01 15:50:00,IONS,45.43000030517578,45.43000030517578,45.45000076293945,45.40999984741211,45.41999816894531,10184.0
2024-03-01 15:50:00,IOVA,16.780000686645508,16.780000686645508,16.809999465942383,16.780000686645508,16.80500030517578,30550.0
2024-03-01 15:50:00,IPSC,3.950000047683716,3.950000047683716,3.950000047683716,3.940000057220459,3.940000057220459,365.0
2024-03-01 15:50:00,IRMD,41.5,41.5,41.5,41.5,41.5,154.0
2024-03-01 15:50:00,IRTC,120.41000366210938,120.41000366210938,120.47000122070312,120.41000366210938,120.47000122070312,1842.0
2024-03-01 15:50:00,IRWD,8.864999771118164,8.864999771118164,8.890000343322754,8.859999656677246,8.890000343322754,102567.0
2024-03-01 15:50:00,ISRG,399.364990234375,399.364990234375,399.364990234375,398.8299865722656,399.19000244140625,13417.0
2024-03-01 15:50:00,ITCI,71.81999969482422,71.81999969482422,72.12999725341797,71.77999877929688,72.12999725341797,10733.0
2024-03-01 15:50:00,ITOS,11.260000228881836,11.260000228881836,11.270000457763672,11.255000114440918,11.270000457763672,3650.0
2024-03-01 15:50:00,ITRM,1.2799999713897705,1.2799999713897705,1.2799999713897705,1.2699999809265137,1.2699999809265137,1683.0
2024-03-01 15:50:00,IVA,4.050000190734863,4.050000190734863,4.050000190734863,4.050000190734863,4.050000190734863,200.0
2024-03-01 15:50:00,IVVD,3.994999885559082,3.994999885559082,3.994999885559082,3.990000009536743,3.990000009536743,1051.0
2024-03-01 15:50:00,JAGX,0.08259999752044678,0.08259999752044678,0.08380000293254852,0.08259999752044678,0.08299999684095383,33093.0
2024-03-01 15:50:00,JANX,46.20000076293945,46.20000076293945,46.2599983215332,46.0,46.029998779296875,12504.0
2024-03-01 15:50:00,JAZZ,118.69999694824219,118.69999694824219,118.70999908447266,118.625,118.62999725341797,6923.0
2024-03-01 15:50:00,JSPR,21.469999313354492,21.469999313354492,21.469999313354492,21.469999313354492,21.469999313354492,317.0
2024-03-01 15:50:00,JYNT,9.869999885559082,9.869999885559082,9.890000343322754,9.869999885559082,9.890000343322754,774.0
2024-03-01 15:50:00,KALV,14.069999694824219,14.069999694824219,14.079999923706055,14.069999694824219,14.079999923706055,1513.0
2024-03-01 15:50:00,KIDS,28.030000686645508,28.030000686645508,28.030000686645508,28.010000228881836,28.030000686645508,1651.0
2024-03-01 15:50:00,KNSA,21.7549991607666,21.7549991607666,21.78499984741211,21.75,21.770000457763672,5899.0
2024-03-01 15:50:00,KNTE,2.5899999141693115,2.5899999141693115,2.5950000286102295,2.5899999141693115,2.5950000286102295,11050.0
2024-03-01 15:50:00,KOD,5.989999771118164,5.989999771118164,6.0,5.989999771118164,6.0,793.0
2024-03-01 15:50:00,KPRX,0.6561999917030334,0.6561999917030334,0.6599000096321106,0.6561999917030334,0.6599000096321106,606.0
2024-03-01 15:50:00,KPTI,1.184999942779541,1.184999942779541,1.184999942779541,1.1799999475479126,1.184999942779541,1184.0
2024-03-01 15:50:00,KRMD,2.109999895095825,2.109999895095825,2.119999885559082,2.109999895095825,2.119999885559082,1120.0
2024-03-01 15:50:00,KROS,68.81999969482422,68.81999969482422,68.93000030517578,68.81999969482422,68.93000030517578,1118.0
2024-03-01 15:50:00,KRTX,315.7699890136719,315.7699890136719,315.7749938964844,315.6700134277344,315.7099914550781,1248.0
2024-03-01 15:50:00,KRYS,167.47500610351562,167.47500610351562,167.66000366210938,167.47500610351562,167.66000366210938,1379.0
2024-03-01 15:50:00,KTRA,0.10050000250339508,0.10050000250339508,0.10050000250339508,0.09920000284910202,0.10050000250339508,9602.0
2024-03-01 15:50:00,KURA,21.579999923706055,21.579999923706055,21.610000610351562,21.579999923706055,21.610000610351562,4229.0
2024-03-01 15:50:00,KYMR,43.755001068115234,43.755001068115234,43.810001373291016,43.720001220703125,43.779998779296875,4908.0
2024-03-01 15:50:00,KZR,1.0199999809265137,1.0199999809265137,1.0399999618530273,1.0199999809265137,1.0299999713897705,2222.0
2024-03-01 15:50:00,LAB,2.4749999046325684,2.4749999046325684,2.4800000190734863,2.4700000286102295,2.4749999046325684,18736.0
2024-03-01 15:50:00,LBPH,21.584999084472656,21.584999084472656,21.670000076293945,21.530000686645508,21.549999237060547,6482.0
2024-03-01 15:50:00,LEGN,65.59500122070312,65.59500122070312,65.66000366210938,65.58999633789062,65.66000366210938,4630.0
2024-03-01 15:50:00,LEXX,2.8101000785827637,2.8101000785827637,2.8101000785827637,2.800100088119507,2.809999942779541,10315.0
2024-03-01 15:50:00,LFMD,7.989999771118164,7.989999771118164,8.0,7.985000133514404,8.0,3040.0
2024-03-01 15:50:00,LFST,7.744999885559082,7.744999885559082,7.75,7.739999771118164,7.75,13122.0
2024-03-01 15:50:00,LGVN,0.5400000214576721,0.5400000214576721,0.5400000214576721,0.5400000214576721,0.5400000214576721,100.0
2024-03-01 15:50:00,LIVN,55.209999084472656,55.209999084472656,55.25,55.209999084472656,55.25,2709.0
2024-03-01 15:50:00,LIXT,2.421999931335449,2.421999931335449,2.4291000366210938,2.421999931335449,2.4291000366210938,603.0
2024-03-01 15:50:00,LMAT,67.8499984741211,67.8499984741211,67.8499984741211,67.8499984741211,67.8499984741211,205.0
2024-03-01 15:50:00,LNSR,4.650000095367432,4.650000095367432,4.650000095367432,4.650000095367432,4.650000095367432,135.0
2024-03-01 15:50:00,LNTH,64.48999786376953,64.48999786376953,64.48999786376953,64.46499633789062,64.47000122070312,5502.0
2024-03-01 15:50:00,LPTX,2.859999895095825,2.859999895095825,2.859999895095825,2.859999895095825,2.859999895095825,100.0
2024-03-01 15:50:00,LQDA,14.569999694824219,14.569999694824219,14.595000267028809,14.569999694824219,14.595000267028809,3256.0
2024-03-01 15:50:00,LRMR,11.319999694824219,11.319999694824219,11.319999694824219,11.300000190734863,11.300000190734863,583.0
2024-03-01 15:50:00,LUCD,1.2350000143051147,1.2350000143051147,1.2350000143051147,1.2350000143051147,1.2350000143051147,148.0
2024-03-01 15:50:00,LUNG,9.329999923706055,9.329999923706055,9.345000267028809,9.329999923706055,9.329999923706055,2964.0
2024-03-01 15:50:00,LVTX,2.490000009536743,2.490000009536743,2.5199999809265137,2.4600000381469727,2.5199999809265137,696.0
2024-03-01 15:50:00,LXRX,2.4800000190734863,2.4800000190734863,2.4800000190734863,2.4700000286102295,2.4749999046325684,16299.0
2024-03-01 15:50:00,LYEL,3.0850000381469727,3.0850000381469727,3.0899999141693115,3.0850000381469727,3.0899999141693115,2754.0
2024-03-01 15:50:00,LYRA,5.650000095367432,5.650000095367432,5.650000095367432,5.644999980926514,5.644999980926514,924.0
2024-03-01 15:50:00,MASI,126.38999938964844,126.38999938964844,126.3949966430664,126.27999877929688,126.27999877929688,2402.0
2024-03-01 15:50:00,MASS,7.255000114440918,7.255000114440918,7.260000228881836,7.239999771118164,7.260000228881836,801.0
2024-03-01 15:50:00,MBOT,1.2999999523162842,1.2999999523162842,1.2999999523162842,1.2999999523162842,1.2999999523162842,205.0
2024-03-01 15:50:00,MBRX,0.6299999952316284,0.6299999952316284,0.6299999952316284,0.6299999952316284,0.6299999952316284,200.0
2024-03-01 15:50:00,MCRB,1.2200000286102295,1.2200000286102295,1.225000023841858,1.2200000286102295,1.2200000286102295,2241.0
2024-03-01 15:50:00,MDGL,251.3699951171875,251.3699951171875,251.49000549316406,250.6199951171875,250.97999572753906,7102.0
2024-03-01 15:50:00,MDRX,6.010000228881836,6.010000228881836,6.010000228881836,6.0,6.0,310788.0
2024-03-01 15:50:00,MDXG,8.579999923706055,8.579999923706055,8.595000267028809,8.579999923706055,8.579999923706055,23216.0
2024-03-01 15:50:00,ME,0.5468000173568726,0.5468000173568726,0.5468000173568726,0.5467000007629395,0.5467000007629395,46225.0
2024-03-01 15:50:00,MEDP,401.55999755859375,401.55999755859375,402.0199890136719,401.55999755859375,402.0199890136719,3035.0
2024-03-01 15:50:00,MGNX,18.889999389648438,18.889999389648438,18.90999984741211,18.809999465942383,18.899999618530273,13557.0
2024-03-01 15:50:00,MGTX,6.409999847412109,6.409999847412109,6.414999961853027,6.409999847412109,6.414999961853027,1222.0
2024-03-01 15:50:00,MHUA,0.6897000074386597,0.6897000074386597,0.6898000240325928,0.6897000074386597,0.6898000240325928,540.0
2024-03-01 15:50:00,MIRM,29.139999389648438,29.139999389648438,29.15999984741211,29.1299991607666,29.15999984741211,2432.0
2024-03-01 15:50:00,MIST,1.7000000476837158,1.7000000476837158,1.7100000381469727,1.7000000476837158,1.7100000381469727,721.0
2024-03-01 15:50:00,MLTX,50.7400016784668,50.7400016784668,50.7400016784668,50.65999984741211,50.68000030517578,7470.0
2024-03-01 15:50:00,MMSI,76.18000030517578,76.18000030517578,76.20999908447266,76.16500091552734,76.18000030517578,26689.0
2024-03-01 15:50:00,MNKD,4.5,4.5,4.510000228881836,4.5,4.505000114440918,12061.0
2024-03-01 15:50:00,MNMD,6.189700126647949,6.189700126647949,6.210000038146973,6.189700126647949,6.210000038146973,5697.0
2024-03-01 15:50:00,MODV,27.979999542236328,27.979999542236328,28.030000686645508,27.979999542236328,28.030000686645508,2592.0
2024-03-01 15:50:00,MOR,17.674999237060547,17.674999237060547,17.690000534057617,17.665000915527344,17.665000915527344,1794.0
2024-03-01 15:50:00,MORF,39.63999938964844,39.63999938964844,39.689998626708984,39.56999969482422,39.56999969482422,4203.0
2024-03-01 15:50:00,MREO,3.9200000762939453,3.9200000762939453,3.930000066757202,3.9149999618530273,3.924999952316284,6341.0
2024-03-01 15:50:00,MRNA,95.0999984741211,95.0999984741211,95.125,95.07379913330078,95.08000183105469,13456.0
2024-03-01 15:50:00,MRNS,9.90999984741211,9.90999984741211,9.90999984741211,9.90999984741211,9.90999984741211,1438.0
2024-03-01 15:50:00,MRSN,5.945000171661377,5.945000171661377,5.960000038146973,5.940000057220459,5.949999809265137,11500.0
2024-03-01 15:50:00,MRUS,51.59000015258789,51.59000015258789,51.61000061035156,51.4900016784668,51.52000045776367,13549.0
2024-03-01 15:50:00,MRVI,7.625,7.625,7.635000228881836,7.614999771118164,7.630000114440918,18591.0
2024-03-01 15:50:00,MXCT,4.724999904632568,4.724999904632568,4.724999904632568,4.71999979019165,4.724999904632568,2164.0
2024-03-01 15:50:00,MYGN,22.049999237060547,22.049999237060547,22.09000015258789,22.049999237060547,22.079999923706055,2778.0
2024-03-01 15:50:00,MYMD,3.3499999046325684,3.3499999046325684,3.3499999046325684,3.3499999046325684,3.3499999046325684,2061.0
2024-03-01 15:50:00,MYNZ,0.8899999856948853,0.8899999856948853,0.8999999761581421,0.8899999856948853,0.8999999761581421,3462.0
2024-03-01 15:50:00,NARI,45.247501373291016,45.247501373291016,45.25,45.209999084472656,45.220001220703125,26216.0
2024-03-01 15:50:00,NAUT,2.684999942779541,2.684999942779541,2.684999942779541,2.684999942779541,2.684999942779541,465.0
2024-03-01 15:50:00,NBIX,131.77999877929688,131.77999877929688,131.8000030517578,131.75,131.7899932861328,7129.0
2024-03-01 15:50:00,NEO,15.9399995803833,15.9399995803833,15.949999809265137,15.9399995803833,15.9399995803833,3732.0
2024-03-01 15:50:00,NEOG,17.225000381469727,17.225000381469727,17.25,17.225000381469727,17.2450008392334,3990.0
2024-03-01 15:50:00,NGM,1.5199999809265137,1.5199999809265137,1.5298999547958374,1.5199999809265137,1.524999976158142,8129.0
2024-03-01 15:50:00,NKTR,0.7400000095367432,0.7400000095367432,0.7461000084877014,0.7357500195503235,0.7461000084877014,6545.0
2024-03-01 15:50:00,NNOX,10.979999542236328,10.979999542236328,11.0,10.979999542236328,11.0,6490.0
2024-03-01 15:50:00,NOTV,7.980000019073486,7.980000019073486,7.980000019073486,7.960000038146973,7.960000038146973,927.0
2024-03-01 15:50:00,NPCE,16.1299991607666,16.1299991607666,16.270000457763672,16.09000015258789,16.270000457763672,2569.0
2024-03-01 15:50:00,NRC,40.59000015258789,40.59000015258789,40.59000015258789,40.59000015258789,40.59000015258789,237.0
2024-03-01 15:50:00,NRIX,13.539999961853027,13.539999961853027,13.550000190734863,13.520000457763672,13.550000190734863,3261.0
2024-03-01 15:50:00,NRSN,1.9950000047683716,1.9950000047683716,2.007999897003174,1.9950000047683716,2.007999897003174,300.0
2024-03-01 15:50:00,NRXP,0.43959999084472656,0.43959999084472656,0.4399000108242035,0.43950000405311584,0.43959999084472656,3423.0
2024-03-01 15:50:00,NTLA,32.69089889526367,32.69089889526367,32.76499938964844,32.69089889526367,32.709999084472656,10852.0
2024-03-01 15:50:00,NTRA,89.33000183105469,89.33000183105469,89.45999908447266,89.30999755859375,89.33999633789062,30830.0
2024-03-01 15:50:00,NURO,4.019999980926514,4.019999980926514,4.019999980926514,4.019999980926514,4.019999980926514,403.0
2024-03-01 15:50:00,NUTX,0.1137000024318695,0.1137000024318695,0.11389999836683273,0.11339999735355377,0.1137000024318695,3216.0
2024-03-01 15:50:00,NUVL,87.12999725341797,87.12999725341797,87.30000305175781,87.12999725341797,87.25,6164.0
2024-03-01 15:50:00,NVAX,5.380000114440918,5.380000114440918,5.380000114440918,5.369999885559082,5.380000114440918,23374.0
2024-03-01 15:50:00,NVCR,16.139999389648438,16.139999389648438,16.15999984741211,16.139999389648438,16.149999618530273,6556.0
2024-03-01 15:50:00,NVCT,10.699999809265137,10.699999809265137,10.75,10.6899995803833,10.720000267028809,1131.0
2024-03-01 15:50:00,NVNO,6.402599811553955,6.402599811553955,6.402599811553955,6.369999885559082,6.369999885559082,1041.0
2024-03-01 15:50:00,NVOS,0.6299999952316284,0.6299999952316284,0.6496989727020264,0.6299999952316284,0.6496989727020264,400.0
2024-03-01 15:50:00,NXTC,1.7799999713897705,1.7799999713897705,1.7799999713897705,1.7799999713897705,1.7799999713897705,100.0
2024-03-01 15:50:00,OCGN,0.9458000063896179,0.9458000063896179,0.9458000063896179,0.9458000063896179,0.9458000063896179,1176.0
2024-03-01 15:50:00,OCUL,10.71500015258789,10.71500015258789,10.71500015258789,10.680000305175781,10.6899995803833,12780.0
2024-03-01 15:50:00,OFIX,12.979999542236328,12.979999542236328,12.979999542236328,12.970000267028809,12.975000381469727,2490.0
2024-03-01 15:50:00,OGI,2.1600000858306885,2.1600000858306885,2.1600000858306885,2.1600000858306885,2.1600000858306885,1131.0
2024-03-01 15:50:00,OLK,22.9950008392334,22.9950008392334,23.0,22.9950008392334,22.9950008392334,1026.0
2024-03-01 15:50:00,OLMA,14.734999656677246,14.734999656677246,14.779999732971191,14.734999656677246,14.779999732971191,2563.0
2024-03-01 15:50:00,OM,3.0799999237060547,3.0799999237060547,3.0899999141693115,3.075000047683716,3.0899999141693115,9481.0
2024-03-01 15:50:00,OMCL,26.344999313354492,26.344999313354492,26.459999084472656,26.34000015258789,26.459999084472656,5404.0
2024-03-01 15:50:00,OMER,4.822000026702881,4.822000026702881,4.822000026702881,4.822000026702881,4.822000026702881,2581.0
2024-03-01 15:50:00,OMGA,4.320000171661377,4.320000171661377,4.320000171661377,4.309999942779541,4.320000171661377,1313.0
2024-03-01 15:50:00,ONCY,1.1101000308990479,1.1101000308990479,1.1150000095367432,1.1101000308990479,1.1150000095367432,633.0
2024-03-01 15:51:00,AADI,1.909999966621399,1.909999966621399,1.9285000562667847,1.909999966621399,1.909999966621399,1300.0
2024-03-01 15:51:00,ABCL,5.045000076293945,5.045000076293945,5.045000076293945,5.045000076293945,5.045000076293945,3124.0
2024-03-01 15:51:00,ABEO,7.826600074768066,7.826600074768066,7.826600074768066,7.809999942779541,7.815000057220459,599.0
2024-03-01 15:51:00,ABOS,4.635000228881836,4.635000228881836,4.639999866485596,4.630000114440918,4.639999866485596,2354.0
2024-03-01 15:51:00,ABSI,5.505000114440918,5.505000114440918,5.510000228881836,5.449999809265137,5.454999923706055,80553.0
2024-03-01 15:51:00,ABUS,2.7850000858306885,2.7850000858306885,2.7899999618530273,2.7850000858306885,2.7850000858306885,1267.0
2024-03-01 15:51:00,ACAD,24.075000762939453,24.075000762939453,24.100000381469727,24.06999969482422,24.06999969482422,12556.0
2024-03-01 15:51:00,ACCD,9.880000114440918,9.880000114440918,9.890000343322754,9.880000114440918,9.880000114440918,3082.0
2024-03-01 15:51:00,ACET,2.369999885559082,2.369999885559082,2.380000114440918,2.369999885559082,2.380000114440918,1699.0
2024-03-01 15:51:00,ACHC,83.94000244140625,83.94000244140625,84.01000213623047,83.93000030517578,83.97000122070312,3230.0
2024-03-01 15:51:00,ACHL,1.3619999885559082,1.3619999885559082,1.3700000047683716,1.3619999885559082,1.3680000305175781,6061.0
2024-03-01 15:51:00,ACHV,4.429999828338623,4.429999828338623,4.440000057220459,4.429999828338623,4.440000057220459,309.0
2024-03-01 15:51:00,ACIU,3.8499999046325684,3.8499999046325684,3.8499999046325684,3.8499999046325684,3.8499999046325684,319.0
2024-03-01 15:51:00,ACLX,66.87000274658203,66.87000274658203,66.94999694824219,66.87000274658203,66.87999725341797,1861.0
2024-03-01 15:51:00,ACON,0.3950999975204468,0.3950999975204468,0.3950999975204468,0.3950999975204468,0.3950999975204468,500.0
2024-03-01 15:51:00,ACRS,1.2350000143051147,1.2350000143051147,1.2400000095367432,1.2300000190734863,1.2350000143051147,13399.0
2024-03-01 15:51:00,ADAP,1.590000033378601,1.590000033378601,1.590000033378601,1.5800000429153442,1.5800000429153442,513.0
2024-03-01 15:51:00,ADIL,3.119999885559082,3.119999885559082,3.174999952316284,3.100100040435791,3.174999952316284,28237.0
2024-03-01 15:51:00,ADMA,5.505000114440918,5.505000114440918,5.514999866485596,5.5,5.514999866485596,32816.0
2024-03-01 15:51:00,ADPT,4.0,4.0,4.010000228881836,4.0,4.0,5035.0
2024-03-01 15:51:00,ADUS,93.8499984741211,93.8499984741211,93.8499984741211,93.8499984741211,93.8499984741211,1027.0
2024-03-01 15:51:00,ADVM,1.9800000190734863,1.9800000190734863,1.9800000190734863,1.975000023841858,1.975000023841858,5622.0
2024-03-01 15:51:00,AFMD,0.6499999761581421,0.6499999761581421,0.6500999927520752,0.6499999761581421,0.6500999927520752,500.0
2024-03-01 15:51:00,AGEN,0.665024995803833,0.665024995803833,0.6650999784469604,0.6650000214576721,0.6650000214576721,14717.0
2024-03-01 15:51:00,AGIO,32.189998626708984,32.189998626708984,32.209999084472656,32.189998626708984,32.20500183105469,8395.0
2024-03-01 15:51:00,AHCO,10.505000114440918,10.505000114440918,10.510000228881836,10.5,10.505000114440918,7290.0
2024-03-01 15:51:00,AIMD,1.0499999523162842,1.0499999523162842,1.0800000429153442,1.0339000225067139,1.0399999618530273,13732.0
2024-03-01 15:51:00,AIRS,6.369999885559082,6.369999885559082,6.369999885559082,6.369999885559082,6.369999885559082,684.0
2024-03-01 15:51:00,AKAN,0.21889999508857727,0.21889999508857727,0.2240000069141388,0.21889999508857727,0.22050000727176666,15184.0
2024-03-01 15:51:00,AKBA,1.7000000476837158,1.7000000476837158,1.7000000476837158,1.684999942779541,1.684999942779541,32229.0
2024-03-01 15:51:00,AKLI,0.3400000035762787,0.3400000035762787,0.3400000035762787,0.3400000035762787,0.3400000035762787,800.0
2024-03-01 15:51:00,AKRO,28.229999542236328,28.229999542236328,28.31999969482422,28.229999542236328,28.260000228881836,13183.0
2024-03-01 15:51:00,AKYA,6.070000171661377,6.070000171661377,6.070000171661377,6.070000171661377,6.070000171661377,300.0
2024-03-01 15:51:00,ALDX,4.239999771118164,4.239999771118164,4.25,4.239999771118164,4.244999885559082,813.0
2024-03-01 15:51:00,ALEC,7.335000038146973,7.335000038146973,7.347499847412109,7.329999923706055,7.34499979019165,11630.0
2024-03-01 15:51:00,ALGN,300.8900146484375,300.8900146484375,301.1000061035156,300.8900146484375,301.1000061035156,1641.0
2024-03-01 15:51:00,ALGS,1.059999942779541,1.059999942779541,1.059999942779541,1.0400999784469604,1.0400999784469604,1151.0
2024-03-01 15:51:00,ALHC,5.639999866485596,5.639999866485596,5.639999866485596,5.610000133514404,5.610000133514404,11439.0
2024-03-01 15:51:00,ALKS,30.225000381469727,30.225000381469727,30.235000610351562,30.21500015258789,30.235000610351562,20991.0
2024-03-01 15:51:00,ALLK,1.625,1.625,1.6398999691009521,1.625,1.6349999904632568,11859.0
2024-03-01 15:51:00,ALLO,4.889999866485596,4.889999866485596,4.894999980926514,4.889999866485596,4.894999980926514,7071.0
2024-03-01 15:51:00,ALNY,152.8699951171875,152.8699951171875,152.8800048828125,152.81500244140625,152.81500244140625,3202.0
2024-03-01 15:51:00,ALPN,36.119998931884766,36.119998931884766,36.189998626708984,36.10499954223633,36.150001525878906,5506.0
2024-03-01 15:51:00,ALT,12.100000381469727,12.100000381469727,12.109800338745117,12.09000015258789,12.09000015258789,3436.0
2024-03-01 15:51:00,ALVO,15.720000267028809,15.720000267028809,15.729999542236328,15.720000267028809,15.725000381469727,1551.0
2024-03-01 15:51:00,ALVR,0.7483999729156494,0.7483999729156494,0.7483999729156494,0.7483999729156494,0.7483999729156494,272.0
2024-03-01 15:51:00,ALXO,14.930000305175781,14.930000305175781,14.960000038146973,14.869999885559082,14.880000114440918,6471.0
2024-03-01 15:51:00,AMED,93.30000305175781,93.30000305175781,93.3499984741211,93.30000305175781,93.3499984741211,1668.0
2024-03-01 15:51:00,AMGN,280.3999938964844,280.3999938964844,280.5,280.3599853515625,280.44500732421875,18700.0
2024-03-01 15:51:00,AMLX,18.6200008392334,18.6200008392334,18.6299991607666,18.614999771118164,18.6299991607666,6437.0
2024-03-01 15:51:00,AMPH,45.84000015258789,45.84000015258789,45.8849983215332,45.82500076293945,45.83000183105469,5544.0
2024-03-01 15:51:00,AMRN,1.0499999523162842,1.0499999523162842,1.0549999475479126,1.0499999523162842,1.0499999523162842,6677.0
2024-03-01 15:51:00,ANAB,25.350000381469727,25.350000381469727,25.399900436401367,25.350000381469727,25.399900436401367,1297.0
2024-03-01 15:51:00,ANGO,5.519999980926514,5.519999980926514,5.559999942779541,5.474999904632568,5.480000019073486,109340.0
2024-03-01 15:51:00,ANIP,66.69999694824219,66.69999694824219,66.73999786376953,66.66000366210938,66.73999786376953,1526.0
2024-03-01 15:51:00,ANIX,3.5199999809265137,3.5199999809265137,3.5199999809265137,3.5199999809265137,3.5199999809265137,391.0
2024-03-01 15:51:00,ANNX,6.045000076293945,6.045000076293945,6.054999828338623,6.039999961853027,6.039999961853027,6215.0
2024-03-01 15:51:00,ANTX,3.009999990463257,3.009999990463257,3.009999990463257,2.994999885559082,2.994999885559082,2138.0
2024-03-01 15:51:00,APDN,0.5698999762535095,0.5698999762535095,0.5699999928474426,0.5698999762535095,0.5699999928474426,2140.0
2024-03-01 15:51:00,APLS,64.19499969482422,64.19499969482422,64.33000183105469,64.19000244140625,64.29000091552734,19787.0
2024-03-01 15:51:00,APLT,7.065000057220459,7.065000057220459,7.070000171661377,7.050000190734863,7.050000190734863,6569.0
2024-03-01 15:51:00,APRE,7.79640007019043,7.79640007019043,7.889999866485596,7.71999979019165,7.889999866485596,2325.0
2024-03-01 15:51:00,APYX,2.1050000190734863,2.1050000190734863,2.1050000190734863,2.1050000190734863,2.1050000190734863,365.0
2024-03-01 15:51:00,AQST,4.204999923706055,4.204999923706055,4.215000152587891,4.190000057220459,4.195000171661377,13171.0
2024-03-01 15:51:00,ARAY,2.615000009536743,2.615000009536743,2.615000009536743,2.609999895095825,2.609999895095825,1950.0
2024-03-01 15:51:00,ARDX,9.319999694824219,9.319999694824219,9.335000038146973,9.3149995803833,9.319999694824219,26979.0
2024-03-01 15:51:00,ARGX,392.0,392.0,392.2900085449219,391.7200012207031,391.9599914550781,9047.0
2024-03-01 15:51:00,ARQT,11.494999885559082,11.494999885559082,11.505000114440918,11.489999771118164,11.5,39251.0
2024-03-01 15:51:00,ARVN,47.189998626708984,47.189998626708984,47.23500061035156,47.13999938964844,47.13999938964844,10499.0
2024-03-01 15:51:00,ARWR,35.970001220703125,35.970001220703125,35.97999954223633,35.8849983215332,35.900001525878906,8384.0
2024-03-01 15:51:00,ASLN,0.718999981880188,0.718999981880188,0.718999981880188,0.718999981880188,0.718999981880188,172.0
2024-03-01 15:51:00,ASND,153.25,153.25,153.25,152.9550018310547,153.0800018310547,2277.0
2024-03-01 15:51:00,ASRT,0.8774499893188477,0.8774499893188477,0.8774499893188477,0.8774499893188477,0.8774499893188477,120.0
2024-03-01 15:51:00,ATAI,2.119999885559082,2.119999885559082,2.119999885559082,2.119999885559082,2.119999885559082,185.0
2024-03-01 15:51:00,ATEC,13.420000076293945,13.420000076293945,13.425000190734863,13.414999961853027,13.420000076293945,4612.0
2024-03-01 15:51:00,ATOS,1.0099999904632568,1.0099999904632568,1.0099999904632568,1.0099999904632568,1.0099999904632568,109.0
2024-03-01 15:51:00,ATRA,0.7700999975204468,0.7700999975204468,0.7710999846458435,0.7700999975204468,0.7700999975204468,4288.0
2024-03-01 15:51:00,ATRC,36.11000061035156,36.11000061035156,36.13999938964844,36.11000061035156,36.13999938964844,5258.0
2024-03-01 15:51:00,ATXS,14.890000343322754,14.890000343322754,14.899999618530273,14.890000343322754,14.899999618530273,1793.0
2024-03-01 15:51:00,AUGX,4.559999942779541,4.559999942779541,4.559999942779541,4.559999942779541,4.559999942779541,522.0
2024-03-01 15:51:00,AUPH,5.739999771118164,5.739999771118164,5.744999885559082,5.739999771118164,5.739999771118164,1252.0
2024-03-01 15:51:00,AURA,9.210000038146973,9.210000038146973,9.210000038146973,9.210000038146973,9.210000038146973,276.0
2024-03-01 15:51:00,AUTL,6.255000114440918,6.255000114440918,6.260000228881836,6.25,6.255000114440918,5803.0
2024-03-01 15:51:00,AVDL,13.832200050354004,13.832200050354004,13.859999656677246,13.800000190734863,13.824999809265137,27467.0
2024-03-01 15:51:00,AVIR,4.449999809265137,4.449999809265137,4.449999809265137,4.440000057220459,4.449999809265137,1083.0
2024-03-01 15:51:00,AVXL,5.260000228881836,5.260000228881836,5.264999866485596,5.255000114440918,5.255000114440918,6588.0
2024-03-01 15:51:00,AXGN,10.75,10.75,10.75,10.710000038146973,10.710000038146973,6266.0
2024-03-01 15:51:00,AXNX,67.83000183105469,67.83000183105469,67.83000183105469,67.81749725341797,67.81749725341797,2025.0
2024-03-01 15:51:00,AXSM,82.30500030517578,82.30500030517578,82.3949966430664,82.27999877929688,82.3949966430664,4221.0
2024-03-01 15:51:00,AZN,64.625,64.625,64.62999725341797,64.625,64.625,19459.0
2024-03-01 15:51:00,AZTA,67.15499877929688,67.15499877929688,67.18000030517578,67.08499908447266,67.08499908447266,1756.0
2024-03-01 15:51:00,BBIO,35.619998931884766,35.619998931884766,35.67499923706055,35.619998931884766,35.67499923706055,5039.0
2024-03-01 15:51:00,BCAB,2.825000047683716,2.825000047683716,2.8299999237060547,2.819999933242798,2.825000047683716,1278.0
2024-03-01 15:51:00,BCDA,0.5799999833106995,0.5799999833106995,0.5799999833106995,0.5799000263214111,0.5799000263214111,1522.0
2024-03-01 15:51:00,BCRX,5.610000133514404,5.610000133514404,5.614999771118164,5.610000133514404,5.614999771118164,3157.0
2024-03-01 15:51:00,BCYC,25.635000228881836,25.635000228881836,25.670000076293945,25.635000228881836,25.65999984741211,643.0
2024-03-01 15:51:00,BDTX,4.75,4.75,4.755000114440918,4.75,4.755000114440918,350.0
2024-03-01 15:51:00,BEAM,39.584999084472656,39.584999084472656,39.599998474121094,39.58000183105469,39.58000183105469,8221.0
2024-03-01 15:51:00,BEAT,1.590000033378601,1.590000033378601,1.590000033378601,1.590000033378601,1.590000033378601,835.0
2024-03-01 15:51:00,BGNE,165.02499389648438,165.02499389648438,165.02499389648438,164.9199981689453,165.00999450683594,2150.0
2024-03-01 15:51:00,BIIB,220.77999877929688,220.77999877929688,220.83999633789062,220.66000366210938,220.66000366210938,9620.0
2024-03-01 15:51:00,BIOL,0.14659999310970306,0.14659999310970306,0.1469999998807907,0.14659999310970306,0.14664800465106964,5301.0
2024-03-01 15:51:00,BIOR,1.100000023841858,1.100000023841858,1.100000023841858,1.100000023841858,1.100000023841858,1945.0
2024-03-01 15:51:00,BIVI,1.8550000190734863,1.8550000190734863,1.9199999570846558,1.850000023841858,1.9199999570846558,132745.0
2024-03-01 15:51:00,BLFS,17.799999237060547,17.799999237060547,17.81999969482422,17.790000915527344,17.790000915527344,4354.0
2024-03-01 15:51:00,BLRX,1.3291000127792358,1.3291000127792358,1.3291000127792358,1.3291000127792358,1.3291000127792358,500.0
2024-03-01 15:51:00,BLTE,46.19990158081055,46.19990158081055,46.2599983215332,46.19990158081055,46.20000076293945,1407.0
2024-03-01 15:51:00,BLUE,1.5700000524520874,1.5700000524520874,1.5750000476837158,1.5700000524520874,1.5750000476837158,15471.0
2024-03-01 15:51:00,BMEA,17.729999542236328,17.729999542236328,17.780000686645508,17.729999542236328,17.770000457763672,3206.0
2024-03-01 15:51:00,BMRA,1.2000000476837158,1.2000000476837158,1.2000000476837158,1.2000000476837158,1.2000000476837158,103.0
2024-03-01 15:51:00,BMRN,87.54000091552734,87.54000091552734,87.62999725341797,87.54000091552734,87.58999633789062,9928.0
2024-03-01 15:51:00,BNGO,1.2549999952316284,1.2549999952316284,1.2599999904632568,1.2549999952316284,1.2599999904632568,1614.0
2024-03-01 15:51:00,BNR,0.8299999833106995,0.8299999833106995,0.8500999808311462,0.8299999833106995,0.8500999808311462,400.0
2024-03-01 15:51:00,BNTX,90.6500015258789,90.6500015258789,90.69999694824219,90.63500213623047,90.63500213623047,3229.0
2024-03-01 15:51:00,BOLT,1.2100000381469727,1.2100000381469727,1.2100000381469727,1.2100000381469727,1.2100000381469727,600.0
2024-03-01 15:51:00,BPMC,95.18499755859375,95.18499755859375,95.26000213623047,95.0,95.05000305175781,14417.0
2024-03-01 15:51:00,BRKR,88.45999908447266,88.45999908447266,88.56999969482422,88.45999908447266,88.56999969482422,5581.0
2024-03-01 15:51:00,BRTX,1.4950000047683716,1.4950000047683716,1.4950000047683716,1.4950000047683716,1.4950000047683716,162.0
2024-03-01 15:51:00,BTAI,3.190000057220459,3.190000057220459,3.190000057220459,3.190000057220459,3.190000057220459,371.0
2024-03-01 15:51:00,BTTX,0.18000000715255737,0.18000000715255737,0.18250000476837158,0.18000000715255737,0.1824750006198883,13969.0
2024-03-01 15:51:00,BVS,4.820000171661377,4.820000171661377,4.820000171661377,4.820000171661377,4.820000171661377,392.0
2024-03-01 15:51:00,BWAY,6.599999904632568,6.599999904632568,6.599999904632568,6.590000152587891,6.590000152587891,1492.0
2024-03-01 15:51:00,CABA,24.0,24.0,24.0,23.969999313354492,23.99850082397461,3952.0
2024-03-01 15:51:00,CADL,1.75,1.75,1.75,1.7200000286102295,1.7200000286102295,5125.0
2024-03-01 15:51:00,CARA,0.9312999844551086,0.9312999844551086,0.9427000284194946,0.9312999844551086,0.9427000284194946,1109.0
2024-03-01 15:51:00,CBAY,32.220001220703125,32.220001220703125,32.22999954223633,32.220001220703125,32.22999954223633,10035.0
2024-03-01 15:51:00,CCCC,10.989999771118164,10.989999771118164,11.0,10.970000267028809,10.984999656677246,16150.0
2024-03-01 15:51:00,CCEL,4.989999771118164,4.989999771118164,4.989999771118164,4.989999771118164,4.989999771118164,446.0
2024-03-01 15:51:00,CCRN,18.299999237060547,18.299999237060547,18.299999237060547,18.280000686645508,18.280000686645508,1469.0
2024-03-01 15:51:00,CDMO,8.210000038146973,8.210000038146973,8.210000038146973,8.199999809265137,8.210000038146973,3426.0
2024-03-01 15:51:00,CDNA,11.774999618530273,11.774999618530273,11.84000015258789,11.760000228881836,11.8149995803833,38028.0
2024-03-01 15:51:00,CDXS,4.599999904632568,4.599999904632568,4.599999904632568,4.590000152587891,4.590000152587891,3495.0
2024-03-01 15:51:00,CELC,17.28499984741211,17.28499984741211,17.31999969482422,17.25,17.260000228881836,1423.0
2024-03-01 15:51:00,CELU,3.6449999809265137,3.6449999809265137,3.6449999809265137,3.6449999809265137,3.6449999809265137,296.0
2024-03-01 15:51:00,CERE,41.060001373291016,41.060001373291016,41.08000183105469,41.060001373291016,41.08000183105469,7701.0
2024-03-01 15:51:00,CERS,2.1649999618530273,2.1649999618530273,2.1700000762939453,2.1649999618530273,2.1649999618530273,17531.0
2024-03-01 15:51:00,CERT,18.18000030517578,18.18000030517578,18.190000534057617,18.17099952697754,18.174999237060547,4034.0
2024-03-01 15:51:00,CGC,3.2049999237060547,3.2049999237060547,3.2049999237060547,3.200000047683716,3.200000047683716,798.0
2024-03-01 15:51:00,CGEM,18.514999389648438,18.514999389648438,18.514999389648438,18.450000762939453,18.459999084472656,6600.0
2024-03-01 15:51:00,CGEN,2.6700000762939453,2.6700000762939453,2.6786000728607178,2.6700000762939453,2.6786000728607178,13172.0
2024-03-01 15:51:00,CHRS,2.380000114440918,2.380000114440918,2.3889000415802,2.380000114440918,2.380000114440918,4829.0
2024-03-01 15:51:00,CKPT,2.210099935531616,2.210099935531616,2.210099935531616,2.210099935531616,2.210099935531616,878.0
2024-03-01 15:51:00,CLDX,51.51499938964844,51.51499938964844,51.56999969482422,51.459999084472656,51.47999954223633,10517.0
2024-03-01 15:51:00,CLNN,0.392300009727478,0.392300009727478,0.392300009727478,0.392300009727478,0.392300009727478,136.0
2024-03-01 15:51:00,CLOV,0.8652999997138977,0.8652999997138977,0.8654000163078308,0.8652999997138977,0.8652999997138977,13523.0
2024-03-01 15:51:00,CLPT,6.644999980926514,6.644999980926514,6.650000095367432,6.639999866485596,6.639999866485596,1145.0
2024-03-01 15:51:00,CLRB,4.125,4.125,4.125,4.125,4.125,1132.0
2024-03-01 15:51:00,CLVRW,0.019999999552965164,0.019999999552965164,0.03530000150203705,0.019999999552965164,0.03530000150203705,25000.0
2024-03-01 15:51:00,CMAX,7.820000171661377,7.820000171661377,7.820000171661377,7.820000171661377,7.820000171661377,418.0
2024-03-01 15:51:00,CMPS,11.489999771118164,11.489999771118164,11.489999771118164,11.46500015258789,11.470000267028809,1971.0
2024-03-01 15:51:00,CMPX,1.885200023651123,1.885200023651123,1.8899999856948853,1.8799999952316284,1.8799999952316284,1808.0
2024-03-01 15:51:00,CMRX,1.1799999475479126,1.1799999475479126,1.1799999475479126,1.1799999475479126,1.1799999475479126,1247.0
2024-03-01 15:51:00,CNTA,10.770000457763672,10.770000457763672,10.819999694824219,10.770000457763672,10.819999694824219,2109.0
2024-03-01 15:51:00,COCP,1.5,1.5,1.5,1.4800000190734863,1.4800000190734863,1879.0
2024-03-01 15:51:00,COGT,7.260000228881836,7.260000228881836,7.260000228881836,7.224999904632568,7.229000091552734,6034.0
2024-03-01 15:51:00,COLL,36.88999938964844,36.88999938964844,36.900001525878906,36.880001068115234,36.880001068115234,1292.0
2024-03-01 15:51:00,CORT,24.104999542236328,24.104999542236328,24.170000076293945,24.10099983215332,24.170000076293945,6541.0
2024-03-01 15:51:00,CPRX,17.065000534057617,17.065000534057617,17.09000015258789,17.059999465942383,17.075000762939453,18149.0
2024-03-01 15:51:00,CPSI,9.220000267028809,9.220000267028809,9.220000267028809,9.220000267028809,9.220000267028809,504.0
2024-03-01 15:51:00,CRBP,34.0099983215332,34.0099983215332,34.0099983215332,34.0,34.0,1648.0
2024-03-01 15:51:00,CRBU,7.764999866485596,7.764999866485596,7.800000190734863,7.764999866485596,7.789999961853027,50756.0
2024-03-01 15:51:00,CRDF,3.0099000930786133,3.0099000930786133,3.0199999809265137,2.9372000694274902,2.9600000381469727,123985.0
2024-03-01 15:51:00,CRMD,3.6500000953674316,3.6500000953674316,3.6600000858306885,3.6500000953674316,3.6500000953674316,1273.0
2024-03-01 15:51:00,CRNX,45.849998474121094,45.849998474121094,45.86000061035156,45.70000076293945,45.70000076293945,8447.0
2024-03-01 15:51:00,CRON,2.015000104904175,2.015000104904175,2.018199920654297,2.010200023651123,2.015000104904175,4300.0
2024-03-01 15:51:00,CRSP,83.95999908447266,83.95999908447266,83.97000122070312,83.8499984741211,83.87000274658203,7041.0
2024-03-01 15:51:00,CRVS,2.194999933242798,2.194999933242798,2.194999933242798,2.194999933242798,2.194999933242798,277.0
2024-03-01 15:51:00,CSTL,19.989999771118164,19.989999771118164,19.989999771118164,19.93000030517578,19.93000030517578,4341.0
2024-03-01 15:51:00,CTKB,9.055000305175781,9.055000305175781,9.0600004196167,9.050000190734863,9.0600004196167,2117.0
2024-03-01 15:51:00,CTMX,2.5899999141693115,2.5899999141693115,2.5950000286102295,2.559999942779541,2.5950000286102295,32760.0
2024-03-01 15:51:00,CTSO,0.9624999761581421,0.9624999761581421,0.9624999761581421,0.9624999761581421,0.9624999761581421,292.0
2024-03-01 15:51:00,CTXR,0.7771000266075134,0.7771000266075134,0.777999997138977,0.7771000266075134,0.777999997138977,3963.0
2024-03-01 15:51:00,CUE,2.128000020980835,2.128000020980835,2.128000020980835,2.128000020980835,2.128000020980835,300.0
2024-03-01 15:51:00,CUTR,2.3801000118255615,2.3801000118255615,2.3801000118255615,2.380000114440918,2.380000114440918,220.0
2024-03-01 15:51:00,CVAC,3.4549999237060547,3.4549999237060547,3.4649999141693115,3.450000047683716,3.4600000381469727,5608.0
2024-03-01 15:51:00,CVRX,20.829999923706055,20.829999923706055,20.829999923706055,20.809999465942383,20.809999465942383,1056.0
2024-03-01 15:51:00,CYCC,2.8499999046325684,2.8499999046325684,2.8499999046325684,2.8499999046325684,2.8499999046325684,578.0
2024-03-01 15:51:00,CYCN,3.1649999618530273,3.1649999618530273,3.1649999618530273,3.1649999618530273,3.1649999618530273,288.0
2024-03-01 15:51:00,CYTK,73.7699966430664,73.7699966430664,73.86000061035156,73.76000213623047,73.85299682617188,7301.0
2024-03-01 15:51:00,CYTO,2.4100000858306885,2.4100000858306885,2.440000057220459,2.390000104904175,2.4100000858306885,3591.0
2024-03-01 15:51:00,DARE,0.5540000200271606,0.5540000200271606,0.5540000200271606,0.5540000200271606,0.5540000200271606,189.0
2024-03-01 15:51:00,DAWN,17.479999542236328,17.479999542236328,17.479999542236328,17.440000534057617,17.450000762939453,5714.0
2024-03-01 15:51:00,DCGO,4.089000225067139,4.089000225067139,4.090000152587891,4.079999923706055,4.089000225067139,10196.0
2024-03-01 15:51:00,DCPH,17.424999237060547,17.424999237060547,17.440000534057617,17.424999237060547,17.440000534057617,4734.0
2024-03-01 15:51:00,DCTH,4.210000038146973,4.210000038146973,4.210000038146973,4.210000038146973,4.210000038146973,200.0
2024-03-01 15:51:00,DH,8.890000343322754,8.890000343322754,8.90999984741211,8.890000343322754,8.899999618530273,808.0
2024-03-01 15:51:00,DMTK,0.8550000190734863,0.8550000190734863,0.8550000190734863,0.8550000190734863,0.8550000190734863,4015.0
2024-03-01 15:51:00,DNLI,20.6200008392334,20.6200008392334,20.649999618530273,20.6200008392334,20.6299991607666,13382.0
2024-03-01 15:51:00,DSGN,2.8499999046325684,2.8499999046325684,2.8499999046325684,2.8499999046325684,2.8499999046325684,1864.0
2024-03-01 15:51:00,DTIL,12.490099906921387,12.490099906921387,12.5,12.46500015258789,12.46500015258789,3577.0
2024-03-01 15:51:00,DVAX,12.739999771118164,12.739999771118164,12.744999885559082,12.739999771118164,12.739999771118164,3455.0
2024-03-01 15:51:00,DXCM,121.45999908447266,121.45999908447266,121.56999969482422,121.44999694824219,121.56999969482422,26704.0
2024-03-01 15:51:00,DYN,29.049999237060547,29.049999237060547,29.100000381469727,29.024999618530273,29.09000015258789,14808.0
2024-03-01 15:51:00,EDAP,6.882900238037109,6.882900238037109,6.882900238037109,6.882900238037109,6.882900238037109,333.0
2024-03-01 15:51:00,EDIT,10.470000267028809,10.470000267028809,10.475000381469727,10.460000038146973,10.460000038146973,13635.0
2024-03-01 15:51:00,EDSA,4.8480000495910645,4.8480000495910645,4.8480000495910645,4.8480000495910645,4.8480000495910645,207.0
2024-03-01 15:51:00,EGRX,6.460000038146973,6.460000038146973,6.460000038146973,6.460000038146973,6.460000038146973,120.0
2024-03-01 15:51:00,EMBC,14.229999542236328,14.229999542236328,14.244999885559082,14.229999542236328,14.244999885559082,1278.0
2024-03-01 15:51:00,ENSC,0.9221000075340271,0.9221000075340271,0.9222000241279602,0.9221000075340271,0.9222000241279602,424.0
2024-03-01 15:51:00,ENSG,121.45500183105469,121.45500183105469,121.58000183105469,121.45500183105469,121.58000183105469,788.0
2024-03-01 15:51:00,ENTA,15.520000457763672,15.520000457763672,15.520000457763672,15.505000114440918,15.520000457763672,1140.0
2024-03-01 15:51:00,ENVB,1.6399999856948853,1.6399999856948853,1.659999966621399,1.6100000143051147,1.6100000143051147,38013.0
2024-03-01 15:51:00,EOLS,14.869999885559082,14.869999885559082,14.890000343322754,14.869999885559082,14.890000343322754,7474.0
2024-03-01 15:51:00,EPIX,9.425000190734863,9.425000190734863,9.425000190734863,9.380000114440918,9.380000114440918,700.0
2024-03-01 15:51:00,ERAS,2.5950000286102295,2.5950000286102295,2.5999999046325684,2.5950000286102295,2.5999999046325684,57454.0
2024-03-01 15:51:00,ESPR,2.559999942779541,2.559999942779541,2.559999942779541,2.555000066757202,2.555000066757202,10586.0
2024-03-01 15:51:00,ESTA,44.15999984741211,44.15999984741211,44.459999084472656,44.150001525878906,44.31999969482422,7628.0
2024-03-01 15:51:00,ETNB,12.670000076293945,12.670000076293945,12.694999694824219,12.670000076293945,12.694999694824219,10376.0
2024-03-01 15:51:00,ETON,4.46999979019165,4.46999979019165,4.46999979019165,4.46999979019165,4.46999979019165,100.0
2024-03-01 15:51:00,EVAX,3.419800043106079,3.419800043106079,3.419800043106079,3.419800043106079,3.419800043106079,363.0
2024-03-01 15:51:00,EVGN,0.9799000024795532,0.9799000024795532,0.9799000024795532,0.9799000024795532,0.9799000024795532,100.0
2024-03-01 15:51:00,EVO,7.514999866485596,7.514999866485596,7.514999866485596,7.514999866485596,7.514999866485596,500.0
2024-03-01 15:51:00,EWTX,16.604999542236328,16.604999542236328,16.614999771118164,16.600000381469727,16.614999771118164,1900.0
2024-03-01 15:51:00,EXAI,6.5289998054504395,6.5289998054504395,6.539999961853027,6.525000095367432,6.539999961853027,2879.0
2024-03-01 15:51:00,EXAS,59.334999084472656,59.334999084472656,59.400001525878906,59.314998626708984,59.314998626708984,12026.0
2024-03-01 15:51:00,EXEL,22.235000610351562,22.235000610351562,22.2450008392334,22.235000610351562,22.2450008392334,9158.0
2024-03-01 15:51:00,EYEN,2.390000104904175,2.390000104904175,2.4000000953674316,2.390000104904175,2.3901000022888184,20540.0
2024-03-01 15:51:00,EYPT,27.959999084472656,27.959999084472656,27.969999313354492,27.950000762939453,27.950000762939453,4215.0
2024-03-01 15:51:00,FATE,7.727499961853027,7.727499961853027,7.730000019073486,7.710000038146973,7.710000038146973,18430.0
2024-03-01 15:51:00,FBIO,2.4100000858306885,2.4100000858306885,2.424999952316284,2.4100000858306885,2.4200000762939453,3534.0
2024-03-01 15:51:00,FBRX,0.7300000190734863,0.7300000190734863,0.7300000190734863,0.7231000065803528,0.7231000065803528,2665.0
2024-03-01 15:51:00,FDMT,29.270000457763672,29.270000457763672,29.270000457763672,29.239999771118164,29.239999771118164,3845.0
2024-03-01 15:51:00,FEMY,1.820099949836731,1.820099949836731,1.8300000429153442,1.8200000524520874,1.8200000524520874,7936.0
2024-03-01 15:51:00,FGEN,1.840000033378601,1.840000033378601,1.840000033378601,1.8301000595092773,1.8350000381469727,2450.0
2024-03-01 15:51:00,FLGT,23.100000381469727,23.100000381469727,23.110000610351562,23.079999923706055,23.084999084472656,4899.0
2024-03-01 15:51:00,FOLD,13.255000114440918,13.255000114440918,13.270000457763672,13.25,13.260000228881836,8151.0
2024-03-01 15:51:00,FULC,10.989999771118164,10.989999771118164,11.0,10.984999656677246,10.984999656677246,2822.0
2024-03-01 15:51:00,FUSN,12.029999732971191,12.029999732971191,12.039999961853027,12.020000457763672,12.029999732971191,5733.0
2024-03-01 15:51:00,GBIO,2.640000104904175,2.640000104904175,2.640000104904175,2.634999990463257,2.634999990463257,805.0
2024-03-01 15:51:00,GDRX,8.319999694824219,8.319999694824219,8.319999694824219,8.295000076293945,8.3100004196167,22505.0
2024-03-01 15:51:00,GENE,2.3399999141693115,2.3399999141693115,2.3399999141693115,2.339900016784668,2.3399999141693115,846.0
2024-03-01 15:51:00,GERN,2.244999885559082,2.244999885559082,2.25,2.240000009536743,2.244999885559082,22936.0
2024-03-01 15:51:00,GH,18.969999313354492,18.969999313354492,18.975000381469727,18.959999084472656,18.969999313354492,4036.0
2024-03-01 15:51:00,GHSI,8.130000114440918,8.130000114440918,8.130000114440918,8.130000114440918,8.130000114440918,1431.0
2024-03-01 15:51:00,GILD,72.26000213623047,72.26000213623047,72.30000305175781,72.25,72.2750015258789,23158.0
2024-03-01 15:51:00,GLPG,35.084999084472656,35.084999084472656,35.084999084472656,35.084999084472656,35.084999084472656,135.0
2024-03-01 15:51:00,GLUE,6.300000190734863,6.300000190734863,6.320000171661377,6.300000190734863,6.300000190734863,968.0
2024-03-01 15:51:00,GLYC,3.009999990463257,3.009999990463257,3.009999990463257,3.009999990463257,3.009999990463257,972.0
2024-03-01 15:51:00,GMAB,29.295000076293945,29.295000076293945,29.309999465942383,29.295000076293945,29.299999237060547,6059.0
2024-03-01 15:51:00,GMDA,0.383899986743927,0.383899986743927,0.383899986743927,0.383899986743927,0.383899986743927,500.0
2024-03-01 15:51:00,GOSS,1.399999976158142,1.399999976158142,1.399999976158142,1.3899999856948853,1.3899999856948853,2066.0
2024-03-01 15:51:00,GRPH,3.390000104904175,3.390000104904175,3.390000104904175,3.365999937057495,3.365999937057495,6213.0
2024-03-01 15:51:00,GRTS,2.015000104904175,2.015000104904175,2.0250000953674316,2.015000104904175,2.0199999809265137,14356.0
2024-03-01 15:51:00,GRTX,0.2329999953508377,0.2329999953508377,0.2329999953508377,0.2329999953508377,0.2329999953508377,1080.0
2024-03-01 15:51:00,GTHX,3.690000057220459,3.690000057220459,3.700000047683716,3.680000066757202,3.680000066757202,6060.0
2024-03-01 15:51:00,HALO,41.138999938964844,41.138999938964844,41.150001525878906,41.119998931884766,41.119998931884766,9403.0
2024-03-01 15:51:00,HARP,22.950000762939453,22.950000762939453,22.950000762939453,22.94499969482422,22.950000762939453,400.0
2024-03-01 15:51:00,HCAT,8.045000076293945,8.045000076293945,8.050000190734863,8.039999961853027,8.050000190734863,3598.0
2024-03-01 15:51:00,HCM,15.104999542236328,15.104999542236328,15.104999542236328,15.104999542236328,15.104999542236328,551.0
2024-03-01 15:51:00,HCSG,12.835000038146973,12.835000038146973,12.84000015258789,12.829999923706055,12.829999923706055,3228.0
2024-03-01 15:51:00,HCTI,2.01200008392334,2.01200008392334,2.01200008392334,2.01200008392334,2.01200008392334,310.0
2024-03-01 15:51:00,HCWB,1.5999000072479248,1.5999000072479248,1.5999000072479248,1.5999000072479248,1.5999000072479248,768.0
2024-03-01 15:51:00,HITI,1.75,1.75,1.7599999904632568,1.75,1.7519999742507935,981.0
2024-03-01 15:51:00,HLTH,0.26989999413490295,0.26989999413490295,0.26989999413490295,0.26989999413490295,0.26989999413490295,840.0
2024-03-01 15:51:00,HLVX,19.049999237060547,19.049999237060547,19.059999465942383,19.020000457763672,19.059999465942383,1930.0
2024-03-01 15:51:00,HOLX,73.79000091552734,73.79000091552734,73.83000183105469,73.7750015258789,73.77999877929688,13445.0
2024-03-01 15:51:00,HOTH,1.3300000429153442,1.3300000429153442,1.3300000429153442,1.3300000429153442,1.3300000429153442,437.0
2024-03-01 15:51:00,HQY,81.18000030517578,81.18000030517578,81.27999877929688,81.13999938964844,81.27999877929688,5777.0
2024-03-01 15:51:00,HRMY,32.04999923706055,32.04999923706055,32.09000015258789,31.93000030517578,31.93000030517578,4047.0
2024-03-01 15:51:00,HROW,10.890000343322754,10.890000343322754,10.890000343322754,10.880000114440918,10.880000114440918,2026.0
2024-03-01 15:51:00,HRTX,2.5899999141693115,2.5899999141693115,2.5899999141693115,2.5799999237060547,2.5850000381469727,8475.0
2024-03-01 15:51:00,HSDT,4.593400001525879,4.593400001525879,4.593400001525879,4.593400001525879,4.593400001525879,100.0
2024-03-01 15:51:00,HSIC,76.7300033569336,76.7300033569336,76.80999755859375,76.70999908447266,76.80999755859375,12848.0
2024-03-01 15:51:00,HSTM,27.149999618530273,27.149999618530273,27.149999618530273,27.149999618530273,27.149999618530273,376.0
2024-03-01 15:51:00,HUGE,0.9100000262260437,0.9100000262260437,0.9100000262260437,0.9100000262260437,0.9100000262260437,185.0
2024-03-01 15:51:00,HUMA,3.240000009536743,3.240000009536743,3.305000066757202,3.240000009536743,3.305000066757202,40520.0
2024-03-01 15:51:00,IART,35.95000076293945,35.95000076293945,36.0,35.939998626708984,35.9900016784668,17772.0
2024-03-01 15:51:00,IBRX,4.71999979019165,4.71999979019165,4.730000019073486,4.71999979019165,4.71999979019165,3437.0
2024-03-01 15:51:00,ICAD,1.8799999952316284,1.8799999952316284,1.8799999952316284,1.8799999952316284,1.8799999952316284,1014.0
2024-03-01 15:51:00,ICLR,324.7049865722656,324.7049865722656,324.7049865722656,324.6000061035156,324.6000061035156,1522.0
2024-03-01 15:51:00,ICUI,105.2699966430664,105.2699966430664,105.37000274658203,105.2699966430664,105.3550033569336,3599.0
2024-03-01 15:51:00,IDXX,576.8699951171875,576.8699951171875,576.8699951171875,576.25,576.25,1139.0
2024-03-01 15:51:00,IDYA,46.290000915527344,46.290000915527344,46.36000061035156,46.290000915527344,46.33000183105469,5901.0
2024-03-01 15:51:00,IFRX,1.725000023841858,1.725000023841858,1.7300000190734863,1.725000023841858,1.7300000190734863,1757.0
2024-03-01 15:51:00,IGMS,12.710000038146973,12.710000038146973,12.720000267028809,12.710000038146973,12.720000267028809,748.0
2024-03-01 15:51:00,IINN,1.690000057220459,1.690000057220459,1.690000057220459,1.690000057220459,1.690000057220459,1600.0
2024-03-01 15:51:00,IKNA,1.4800000190734863,1.4800000190734863,1.4800000190734863,1.4700000286102295,1.4800000190734863,1789.0
2024-03-01 15:51:00,ILMN,140.1649932861328,140.1649932861328,140.3000030517578,140.14999389648438,140.19000244140625,7996.0
2024-03-01 15:51:00,IMAB,1.7899999618530273,1.7899999618530273,1.7899999618530273,1.784999966621399,1.784999966621399,740.0
2024-03-01 15:51:00,IMCR,67.70500183105469,67.70500183105469,67.87000274658203,67.70500183105469,67.87000274658203,16199.0
2024-03-01 15:51:00,IMMX,3.509999990463257,3.509999990463257,3.509999990463257,3.494999885559082,3.494999885559082,2240.0
2024-03-01 15:51:00,IMNM,25.34000015258789,25.34000015258789,25.350000381469727,25.31999969482422,25.329999923706055,3577.0
2024-03-01 15:51:00,IMTX,12.890000343322754,12.890000343322754,12.890000343322754,12.88010025024414,12.890000343322754,914.0
2024-03-01 15:51:00,IMUX,1.440000057220459,1.440000057220459,1.4400999546051025,1.440000057220459,1.440000057220459,6063.0
2024-03-01 15:51:00,IMVT,35.369998931884766,35.369998931884766,35.37200164794922,35.349998474121094,35.36000061035156,4147.0
2024-03-01 15:51:00,INBX,36.5099983215332,36.5099983215332,36.52000045776367,36.5099983215332,36.52000045776367,1428.0
2024-03-01 15:51:00,INCY,58.95000076293945,58.95000076293945,58.959999084472656,58.93000030517578,58.93000030517578,8287.0
2024-03-01 15:51:00,INGN,6.974999904632568,6.974999904632568,6.980000019073486,6.971099853515625,6.980000019073486,4453.0
2024-03-01 15:51:00,INM,0.3970000147819519,0.3970000147819519,0.40130001306533813,0.3970000147819519,0.40130001306533813,502.0
2024-03-01 15:51:00,INMD,22.899999618530273,22.899999618530273,22.920000076293945,22.899999618530273,22.90999984741211,12328.0
2024-03-01 15:51:00,INO,9.484999656677246,9.484999656677246,9.484999656677246,9.457500457763672,9.457500457763672,1251.0
2024-03-01 15:51:00,INSM,27.979999542236328,27.979999542236328,28.020000457763672,27.93000030517578,27.940000534057617,24853.0
2024-03-01 15:51:00,INVA,15.324999809265137,15.324999809265137,15.345000267028809,15.324999809265137,15.345000267028809,4338.0
2024-03-01 15:51:00,INVO,1.2100000381469727,1.2100000381469727,1.2100000381469727,1.2100000381469727,1.2100000381469727,371.0
2024-03-01 15:51:00,INZY,6.539999961853027,6.539999961853027,6.539999961853027,6.539999961853027,6.539999961853027,1224.0
2024-03-01 15:51:00,IONS,45.380001068115234,45.380001068115234,45.43000030517578,45.380001068115234,45.43000030517578,12600.0
2024-03-01 15:51:00,IOVA,16.790000915527344,16.790000915527344,16.81999969482422,16.780000686645508,16.780000686645508,93794.0
2024-03-01 15:51:00,IPA,1.8949999809265137,1.8949999809265137,1.8949999809265137,1.8949999809265137,1.8949999809265137,110.0
2024-03-01 15:51:00,IPSC,3.950000047683716,3.950000047683716,3.950000047683716,3.950000047683716,3.950000047683716,110.0
2024-03-01 15:51:00,IRMD,41.5,41.5,41.5,41.5,41.5,341.0
2024-03-01 15:51:00,IRTC,120.41999816894531,120.41999816894531,120.45999908447266,120.38999938964844,120.45999908447266,668.0
2024-03-01 15:51:00,IRWD,8.864999771118164,8.864999771118164,8.869999885559082,8.859999656677246,8.859999656677246,108694.0
2024-03-01 15:51:00,ISRG,399.4599914550781,399.4599914550781,399.6700134277344,399.0899963378906,399.3699951171875,38436.0
2024-03-01 15:51:00,ITCI,71.87000274658203,71.87000274658203,71.93000030517578,71.83499908447266,71.83499908447266,3301.0
2024-03-01 15:51:00,ITOS,11.239999771118164,11.239999771118164,11.265000343322754,11.239999771118164,11.265000343322754,1525.0
2024-03-01 15:51:00,IVVD,4.0,4.0,4.0,3.994999885559082,3.994999885559082,882.0
2024-03-01 15:51:00,IXHL,5.510000228881836,5.510000228881836,5.510000228881836,5.480000019073486,5.510000228881836,5811.0
2024-03-01 15:51:00,JAGX,0.08289899677038193,0.08289899677038193,0.08299999684095383,0.08240000158548355,0.08299999684095383,114802.0
2024-03-01 15:51:00,JANX,46.29499816894531,46.29499816894531,46.41999816894531,46.190101623535156,46.244998931884766,8519.0
2024-03-01 15:51:00,JAZZ,118.8550033569336,118.8550033569336,118.87999725341797,118.68499755859375,118.69999694824219,7504.0
2024-03-01 15:51:00,JSPR,21.469999313354492,21.469999313354492,21.469999313354492,21.469999313354492,21.469999313354492,343.0
2024-03-01 15:51:00,JYNT,9.869999885559082,9.869999885559082,9.869999885559082,9.859999656677246,9.859999656677246,200.0
2024-03-01 15:51:00,KALV,14.09000015258789,14.09000015258789,14.109999656677246,14.069999694824219,14.079999923706055,8935.0
2024-03-01 15:51:00,KIDS,28.030000686645508,28.030000686645508,28.030000686645508,28.030000686645508,28.030000686645508,219.0
2024-03-01 15:51:00,KMDA,6.369999885559082,6.369999885559082,6.369999885559082,6.369999885559082,6.369999885559082,143.0
2024-03-01 15:51:00,KNSA,21.719999313354492,21.719999313354492,21.75,21.709999084472656,21.75,3155.0
2024-03-01 15:51:00,KNTE,2.5899999141693115,2.5899999141693115,2.5950000286102295,2.5899999141693115,2.5950000286102295,2100.0
2024-03-01 15:51:00,KOD,5.989999771118164,5.989999771118164,5.989999771118164,5.985000133514404,5.985000133514404,1292.0
2024-03-01 15:51:00,KPTI,1.1799999475479126,1.1799999475479126,1.184999942779541,1.1749999523162842,1.184999942779541,23174.0
2024-03-01 15:51:00,KRON,1.100000023841858,1.100000023841858,1.1100000143051147,1.0,1.1100000143051147,503268.0
2024-03-01 15:51:00,KROS,68.72000122070312,68.72000122070312,68.83000183105469,68.72000122070312,68.83000183105469,4002.0
2024-03-01 15:51:00,KRTX,315.81500244140625,315.81500244140625,315.81500244140625,315.6805114746094,315.6805114746094,471.0
2024-03-01 15:51:00,KRYS,167.2899932861328,167.2899932861328,167.5800018310547,167.2899932861328,167.5800018310547,2113.0
2024-03-01 15:51:00,KURA,21.59000015258789,21.59000015258789,21.59000015258789,21.579999923706055,21.59000015258789,4227.0
2024-03-01 15:51:00,KYMR,43.709999084472656,43.709999084472656,43.77000045776367,43.70000076293945,43.77000045776367,3904.0
2024-03-01 15:51:00,KZR,1.0199999809265137,1.0199999809265137,1.0199999809265137,1.0199999809265137,1.0199999809265137,2220.0
2024-03-01 15:51:00,LAB,2.4749999046325684,2.4749999046325684,2.4800000190734863,2.4700000286102295,2.4749999046325684,16931.0
2024-03-01 15:51:00,LBPH,21.579299926757812,21.579299926757812,21.6200008392334,21.549999237060547,21.549999237060547,3481.0
2024-03-01 15:51:00,LEGN,65.56999969482422,65.56999969482422,65.62000274658203,65.55000305175781,65.62000274658203,2868.0
2024-03-01 15:51:00,LEXX,2.8299999237060547,2.8299999237060547,2.8299999237060547,2.8299999237060547,2.8299999237060547,5332.0
2024-03-01 15:51:00,LFLY,2.944999933242798,2.944999933242798,2.944999933242798,2.944999933242798,2.944999933242798,100.0
2024-03-01 15:51:00,LFMD,8.0,8.0,8.0,7.989999771118164,7.989999771118164,724.0
2024-03-01 15:51:00,LFST,7.730000019073486,7.730000019073486,7.744999885559082,7.730000019073486,7.744999885559082,17127.0
2024-03-01 15:51:00,LGND,77.8499984741211,77.8499984741211,77.8499984741211,77.74500274658203,77.74610137939453,2717.0
2024-03-01 15:51:00,LIAN,4.869999885559082,4.869999885559082,4.869999885559082,4.869999885559082,4.869999885559082,210.0
2024-03-01 15:51:00,LIVN,55.209999084472656,55.209999084472656,55.2400016784668,55.209999084472656,55.23500061035156,4591.0
2024-03-01 15:51:00,LMAT,67.79010009765625,67.79010009765625,67.80000305175781,67.79000091552734,67.80000305175781,2212.0
2024-03-01 15:51:00,LNTH,64.48999786376953,64.48999786376953,64.5,64.4800033569336,64.48999786376953,11375.0
2024-03-01 15:51:00,LPTX,2.859999895095825,2.859999895095825,2.859999895095825,2.859999895095825,2.859999895095825,200.0
2024-03-01 15:51:00,LQDA,14.569999694824219,14.569999694824219,14.579999923706055,14.569999694824219,14.569999694824219,1111.0
2024-03-01 15:51:00,LRMR,11.319999694824219,11.319999694824219,11.319999694824219,11.319999694824219,11.319999694824219,191.0
2024-03-01 15:51:00,LTRN,4.179999828338623,4.179999828338623,4.179999828338623,4.179999828338623,4.179999828338623,507.0
2024-03-01 15:51:00,LUNG,9.3100004196167,9.3100004196167,9.331000328063965,9.3100004196167,9.329999923706055,4376.0
2024-03-01 15:51:00,LVTX,2.490000009536743,2.490000009536743,2.5199999809265137,2.490000009536743,2.490000009536743,6793.0
2024-03-01 15:51:00,LXRX,2.4649999141693115,2.4649999141693115,2.4749999046325684,2.4600000381469727,2.4700000286102295,22075.0
2024-03-01 15:51:00,LYEL,3.0850000381469727,3.0850000381469727,3.0850000381469727,3.0850000381469727,3.0850000381469727,801.0
2024-03-01 15:51:00,LYRA,5.650000095367432,5.650000095367432,5.650000095367432,5.639999866485596,5.639999866485596,903.0
2024-03-01 15:51:00,MACK,14.710000038146973,14.710000038146973,14.710000038146973,14.710000038146973,14.710000038146973,643.0
2024-03-01 15:51:00,MASI,126.19999694824219,126.19999694824219,126.37999725341797,126.1500015258789,126.31999969482422,2563.0
2024-03-01 15:51:00,MASS,7.264999866485596,7.264999866485596,7.269999980926514,7.239999771118164,7.239999771118164,1044.0
2024-03-01 15:51:00,MBRX,0.6267499923706055,0.6267499923706055,0.6298999786376953,0.6267499923706055,0.6298999786376953,300.0
2024-03-01 15:51:00,MCRB,1.225000023841858,1.225000023841858,1.2300000190734863,1.2200000286102295,1.2200000286102295,3281.0
2024-03-01 15:51:00,MDGL,251.38999938964844,251.38999938964844,251.43499755859375,250.89999389648438,251.43499755859375,1222.0
2024-03-01 15:51:00,MDRX,6.010000228881836,6.010000228881836,6.019999980926514,6.0,6.010000228881836,191404.0
2024-03-01 15:51:00,MDXG,8.585000038146973,8.585000038146973,8.59000015258789,8.579999923706055,8.579999923706055,3447.0
2024-03-01 15:51:00,ME,0.5468500256538391,0.5468500256538391,0.546999990940094,0.5468000173568726,0.5468500256538391,24348.0
2024-03-01 15:51:00,MEDP,401.9849853515625,401.9849853515625,401.9849853515625,401.2099914550781,401.55999755859375,6048.0
2024-03-01 15:51:00,MGNX,18.860000610351562,18.860000610351562,18.889999389648438,18.860000610351562,18.8799991607666,7873.0
2024-03-01 15:51:00,MHUA,0.6899999976158142,0.6899999976158142,0.6899999976158142,0.6899999976158142,0.6899999976158142,382.0
2024-03-01 15:51:00,MIRM,29.149999618530273,29.149999618530273,29.149999618530273,29.1200008392334,29.1200008392334,1371.0
2024-03-01 15:51:00,MIST,1.7000000476837158,1.7000000476837158,1.7000000476837158,1.7000000476837158,1.7000000476837158,1445.0
2024-03-01 15:51:00,MLTX,50.724998474121094,50.724998474121094,50.779998779296875,50.70000076293945,50.779998779296875,1778.0
2024-03-01 15:51:00,MMSI,76.16000366210938,76.16000366210938,76.19000244140625,76.16000366210938,76.19000244140625,1572.0
2024-03-01 15:51:00,MNKD,4.5,4.5,4.505000114440918,4.5,4.505000114440918,19270.0
2024-03-01 15:51:00,MNMD,6.199999809265137,6.199999809265137,6.199999809265137,6.192699909210205,6.195000171661377,7185.0
2024-03-01 15:51:00,MNPR,0.9196000099182129,0.9196000099182129,0.9196000099182129,0.9196000099182129,0.9196000099182129,1455.0
2024-03-01 15:51:00,MODD,1.929800033569336,1.929800033569336,1.929800033569336,1.929800033569336,1.929800033569336,2000.0
2024-03-01 15:51:00,MODV,27.989999771118164,27.989999771118164,28.020000457763672,27.979999542236328,28.0049991607666,1573.0
2024-03-01 15:51:00,MOR,17.68000030517578,17.68000030517578,17.68000030517578,17.68000030517578,17.68000030517578,246.0
2024-03-01 15:51:00,MORF,39.650001525878906,39.650001525878906,39.689998626708984,39.61000061035156,39.630001068115234,2255.0
2024-03-01 15:51:00,MOTS,0.6571009755134583,0.6571009755134583,0.6571009755134583,0.6571009755134583,0.6571009755134583,301.0
2024-03-01 15:51:00,MREO,3.9149999618530273,3.9149999618530273,3.9200000762939453,3.9149999618530273,3.9149999618530273,1275.0
2024-03-01 15:51:00,MRNA,95.0999984741211,95.0999984741211,95.17500305175781,95.08000183105469,95.0999984741211,26753.0
2024-03-01 15:51:00,MRNS,9.920000076293945,9.920000076293945,9.920000076293945,9.90999984741211,9.90999984741211,2247.0
2024-03-01 15:51:00,MRSN,5.965000152587891,5.965000152587891,5.96999979019165,5.945000171661377,5.945000171661377,17631.0
2024-03-01 15:51:00,MRUS,51.5099983215332,51.5099983215332,51.560001373291016,51.47999954223633,51.560001373291016,4026.0
2024-03-01 15:51:00,MRVI,7.610000133514404,7.610000133514404,7.625,7.599999904632568,7.619999885559082,19729.0
2024-03-01 15:51:00,MXCT,4.724999904632568,4.724999904632568,4.724999904632568,4.71999979019165,4.724999904632568,1334.0
2024-03-01 15:51:00,MYGN,22.06999969482422,22.06999969482422,22.09000015258789,22.059999465942383,22.059999465942383,4307.0
2024-03-01 15:51:00,MYMD,3.325000047683716,3.325000047683716,3.325000047683716,3.325000047683716,3.325000047683716,671.0
2024-03-01 15:51:00,NARI,45.16999816894531,45.16999816894531,45.2599983215332,45.16999816894531,45.25,81591.0
2024-03-01 15:51:00,NBIX,131.50999450683594,131.50999450683594,131.77999877929688,131.5,131.77999877929688,10202.0
2024-03-01 15:51:00,NBSE,0.8949999809265137,0.8949999809265137,0.8949999809265137,0.8949999809265137,0.8949999809265137,103.0
2024-03-01 15:51:00,NEO,15.949999809265137,15.949999809265137,15.949999809265137,15.930999755859375,15.949999809265137,3981.0
2024-03-01 15:51:00,NEOG,17.225000381469727,17.225000381469727,17.229999542236328,17.225000381469727,17.225000381469727,2531.0
2024-03-01 15:51:00,NERV,2.5899999141693115,2.5899999141693115,2.6500000953674316,2.5899999141693115,2.6500000953674316,13575.0
2024-03-01 15:51:00,NGM,1.5199999809265137,1.5199999809265137,1.524999976158142,1.5199999809265137,1.5199999809265137,1313.0
2024-03-01 15:51:00,NKTR,0.741100013256073,0.741100013256073,0.7461000084877014,0.7348999977111816,0.7357500195503235,17576.0
2024-03-01 15:51:00,NKTX,12.824999809265137,12.824999809265137,12.824999809265137,12.770000457763672,12.779999732971191,5926.0
2024-03-01 15:51:00,NLSP,0.36000001430511475,0.36000001430511475,0.36000001430511475,0.36000001430511475,0.36000001430511475,9124.0
2024-03-01 15:51:00,NNOX,11.02750015258789,11.02750015258789,11.02750015258789,10.96500015258789,10.96500015258789,10718.0
2024-03-01 15:51:00,NOTV,7.974999904632568,7.974999904632568,7.980000019073486,7.960000038146973,7.980000019073486,1430.0
2024-03-01 15:51:00,NPCE,16.170000076293945,16.170000076293945,16.170000076293945,16.15999984741211,16.15999984741211,565.0
2024-03-01 15:51:00,NRBO,6.199999809265137,6.199999809265137,6.199999809265137,6.199999809265137,6.199999809265137,111.0
2024-03-01 15:51:00,NRC,40.59000015258789,40.59000015258789,40.59000015258789,40.59000015258789,40.59000015258789,363.0
2024-03-01 15:51:00,NRIX,13.550000190734863,13.550000190734863,13.550000190734863,13.539999961853027,13.539999961853027,2973.0
2024-03-01 15:51:00,NRSN,2.0199999809265137,2.0199999809265137,2.0199999809265137,2.009999990463257,2.009999990463257,2557.0
2024-03-01 15:51:00,NRXP,0.4374679923057556,0.4374679923057556,0.4399999976158142,0.4374679923057556,0.4399999976158142,4338.0
2024-03-01 15:51:00,NTLA,32.68000030517578,32.68000030517578,32.73500061035156,32.66999816894531,32.691001892089844,28796.0
2024-03-01 15:51:00,NTRA,89.0,89.0,89.4000015258789,89.0,89.33000183105469,20989.0
2024-03-01 15:51:00,NUTX,0.11375000327825546,0.11375000327825546,0.11400000005960464,0.11344999819993973,0.11349999904632568,10597.0
2024-03-01 15:51:00,NUVL,87.18000030517578,87.18000030517578,87.18000030517578,87.12999725341797,87.18000030517578,834.0
2024-03-01 15:51:00,NUWE,0.5950000286102295,0.5950000286102295,0.5950000286102295,0.5950000286102295,0.5950000286102295,156.0
2024-03-01 15:51:00,NVAX,5.377500057220459,5.377500057220459,5.380000114440918,5.369999885559082,5.375,34426.0
2024-03-01 15:51:00,NVCR,16.21500015258789,16.21500015258789,16.229999542236328,16.139999389648438,16.149999618530273,16596.0
2024-03-01 15:51:00,NVCT,10.645000457763672,10.645000457763672,10.645000457763672,10.645000457763672,10.645000457763672,135.0
2024-03-01 15:51:00,NVNO,6.429999828338623,6.429999828338623,6.440000057220459,6.380000114440918,6.440000057220459,3050.0
2024-03-01 15:51:00,NXTC,1.7999999523162842,1.7999999523162842,1.7999999523162842,1.7799999713897705,1.7799999713897705,200.0
2024-03-01 15:51:00,OCGN,0.9458000063896179,0.9458000063896179,0.9469500184059143,0.9458000063896179,0.9469500184059143,5053.0
2024-03-01 15:51:00,OCUL,10.699999809265137,10.699999809265137,10.725000381469727,10.699999809265137,10.710000038146973,14016.0
2024-03-01 15:51:00,OFIX,12.979999542236328,12.979999542236328,12.984999656677246,12.960000038146973,12.984999656677246,3687.0
2024-03-01 15:51:00,OGI,2.1600000858306885,2.1600000858306885,2.1600000858306885,2.1600000858306885,2.1600000858306885,460.0
2024-03-01 15:51:00,OLK,22.9950008392334,22.9950008392334,23.0,22.989999771118164,23.0,994.0
2024-03-01 15:51:00,OLMA,14.739999771118164,14.739999771118164,14.739999771118164,14.729999542236328,14.734999656677246,1681.0
2024-03-01 15:51:00,OM,3.0850000381469727,3.0850000381469727,3.0850000381469727,3.0799999237060547,3.0799999237060547,958.0
2024-03-01 15:51:00,OMCL,26.309999465942383,26.309999465942383,26.3700008392334,26.290000915527344,26.351999282836914,3714.0
2024-03-01 15:51:00,OMER,4.790299892425537,4.790299892425537,4.820000171661377,4.789999961853027,4.820000171661377,6436.0
2024-03-01 15:51:00,OMGA,4.324999809265137,4.324999809265137,4.324999809265137,4.320000171661377,4.320000171661377,2282.0
2024-03-01 15:51:00,OMIC,0.6100000143051147,0.6100000143051147,0.6100000143051147,0.6100000143051147,0.6100000143051147,100.0
2024-03-01 15:51:00,ONCT,10.399999618530273,10.399999618530273,10.399999618530273,10.239999771118164,10.239999771118164,566.0
2024-03-01 15:51:00,ONCY,1.1100000143051147,1.1100000143051147,1.110200047492981,1.1100000143051147,1.1100000143051147,2200.0
2024-03-01 15:51:00,ONTX,0.8274000287055969,0.8274000287055969,0.8274000287055969,0.8274000287055969,0.8274000287055969,103.0
2024-03-01 15:52:00,AADI,1.909999966621399,1.909999966621399,1.909999966621399,1.909999966621399,1.909999966621399,249.0
2024-03-01 15:52:00,ABCL,5.045000076293945,5.045000076293945,5.050000190734863,5.045000076293945,5.045000076293945,3032.0
2024-03-01 15:52:00,ABEO,7.797999858856201,7.797999858856201,7.820000171661377,7.789999961853027,7.820000171661377,4184.0
2024-03-01 15:52:00,ABOS,4.639999866485596,4.639999866485596,4.639999866485596,4.635000228881836,4.635000228881836,2220.0
2024-03-01 15:52:00,ABSI,5.480000019073486,5.480000019073486,5.508399963378906,5.480000019073486,5.505000114440918,52461.0
2024-03-01 15:52:00,ABUS,2.7850000858306885,2.7850000858306885,2.7899999618530273,2.7850000858306885,2.7850000858306885,1147.0
2024-03-01 15:52:00,ACAD,24.079999923706055,24.079999923706055,24.079999923706055,24.059999465942383,24.075000762939453,11667.0
2024-03-01 15:52:00,ACB,3.1649999618530273,3.1649999618530273,3.1700000762939453,3.1649999618530273,3.1649999618530273,761.0
2024-03-01 15:52:00,ACCD,9.899999618530273,9.899999618530273,9.899999618530273,9.890000343322754,9.890000343322754,4760.0
2024-03-01 15:52:00,ACET,2.369999885559082,2.369999885559082,2.380000114440918,2.369999885559082,2.380000114440918,10002.0
2024-03-01 15:52:00,ACHC,83.97000122070312,83.97000122070312,83.97000122070312,83.94000244140625,83.94000244140625,1338.0
2024-03-01 15:52:00,ACIU,3.819999933242798,3.819999933242798,3.819999933242798,3.819999933242798,3.819999933242798,235.0
2024-03-01 15:52:00,ACLX,66.91000366210938,66.91000366210938,66.9800033569336,66.83000183105469,66.83999633789062,5212.0
2024-03-01 15:52:00,ACRS,1.2350000143051147,1.2350000143051147,1.2400000095367432,1.2300000190734863,1.2400000095367432,3992.0
2024-03-01 15:52:00,ACXP,3.009999990463257,3.009999990463257,3.009999990463257,3.009999990463257,3.009999990463257,221.0
2024-03-01 15:52:00,ADAP,1.582200050354004,1.582200050354004,1.600000023841858,1.5800000429153442,1.590000033378601,2542.0
2024-03-01 15:52:00,ADIL,3.0708999633789062,3.0708999633789062,3.119999885559082,3.049999952316284,3.110300064086914,51198.0
2024-03-01 15:52:00,ADMA,5.505000114440918,5.505000114440918,5.505000114440918,5.5,5.505000114440918,10226.0
2024-03-01 15:52:00,ADPT,4.010000228881836,4.010000228881836,4.010000228881836,4.0,4.0,12512.0
2024-03-01 15:52:00,ADVM,1.9800000190734863,1.9800000190734863,1.9800000190734863,1.9701000452041626,1.9800000190734863,8050.0
2024-03-01 15:52:00,AFMD,0.6695200204849243,0.6695200204849243,0.6695200204849243,0.6614999771118164,0.6614999771118164,5441.0
2024-03-01 15:52:00,AGEN,0.6650000214576721,0.6650000214576721,0.6650500297546387,0.6650000214576721,0.6650500297546387,7331.0
2024-03-01 15:52:00,AGIO,32.20000076293945,32.20000076293945,32.20000076293945,32.13999938964844,32.15999984741211,12206.0
2024-03-01 15:52:00,AHCO,10.510000228881836,10.510000228881836,10.520000457763672,10.489999771118164,10.505000114440918,50226.0
2024-03-01 15:52:00,AIMD,1.0499999523162842,1.0499999523162842,1.0499999523162842,1.0297000408172607,1.0399999618530273,2621.0
2024-03-01 15:52:00,AIRS,6.369999885559082,6.369999885559082,6.369999885559082,6.369999885559082,6.369999885559082,997.0
2024-03-01 15:52:00,AKAN,0.22139999270439148,0.22139999270439148,0.2249000072479248,0.21699999272823334,0.21889999508857727,16724.0
2024-03-01 15:52:00,AKBA,1.7000000476837158,1.7000000476837158,1.7000000476837158,1.691499948501587,1.7000000476837158,17027.0
2024-03-01 15:52:00,AKRO,28.28499984741211,28.28499984741211,28.299999237060547,28.239999771118164,28.25,13566.0
2024-03-01 15:52:00,AKYA,6.070000171661377,6.070000171661377,6.070000171661377,6.070000171661377,6.070000171661377,202.0
2024-03-01 15:52:00,ALDX,4.25,4.25,4.25,4.239999771118164,4.243100166320801,2651.0
2024-03-01 15:52:00,ALEC,7.324999809265137,7.324999809265137,7.331299781799316,7.324999809265137,7.331299781799316,2107.0
2024-03-01 15:52:00,ALGN,300.9200134277344,300.9200134277344,300.9200134277344,300.739990234375,300.9200134277344,4184.0
2024-03-01 15:52:00,ALHC,5.619999885559082,5.619999885559082,5.635000228881836,5.619999885559082,5.635000228881836,6595.0
2024-03-01 15:52:00,ALKS,30.239999771118164,30.239999771118164,30.2450008392334,30.204999923706055,30.225000381469727,18744.0
2024-03-01 15:52:00,ALLK,1.6200000047683716,1.6200000047683716,1.625,1.6200000047683716,1.625,1762.0
2024-03-01 15:52:00,ALLO,4.885000228881836,4.885000228881836,4.889999866485596,4.880000114440918,4.889999866485596,17104.0
2024-03-01 15:52:00,ALNY,152.90499877929688,152.90499877929688,152.9199981689453,152.8800048828125,152.88999938964844,5186.0
2024-03-01 15:52:00,ALPN,36.15999984741211,36.15999984741211,36.15999984741211,36.099998474121094,36.099998474121094,4081.0
2024-03-01 15:52:00,ALRN,5.0,5.0,5.0,5.0,5.0,253.0
2024-03-01 15:52:00,ALT,12.050000190734863,12.050000190734863,12.095000267028809,12.050000190734863,12.09000015258789,37419.0
2024-03-01 15:52:00,ALVO,15.725000381469727,15.725000381469727,15.725000381469727,15.720000267028809,15.720000267028809,1126.0
2024-03-01 15:52:00,ALVR,0.7493000030517578,0.7493000030517578,0.7493000030517578,0.7475000023841858,0.7475000023841858,2027.0
2024-03-01 15:52:00,ALXO,14.949999809265137,14.949999809265137,14.960000038146973,14.9350004196167,14.9350004196167,3808.0
2024-03-01 15:52:00,AMED,93.30000305175781,93.30000305175781,93.31999969482422,93.30000305175781,93.30000305175781,609.0
2024-03-01 15:52:00,AMGN,280.5350036621094,280.5350036621094,280.54998779296875,280.3900146484375,280.3999938964844,21858.0
2024-03-01 15:52:00,AMLX,18.635000228881836,18.635000228881836,18.635000228881836,18.579999923706055,18.610000610351562,21132.0
2024-03-01 15:52:00,AMPH,45.959999084472656,45.959999084472656,45.959999084472656,45.847999572753906,45.847999572753906,4834.0
2024-03-01 15:52:00,AMRN,1.0549999475479126,1.0549999475479126,1.059999942779541,1.0499999523162842,1.059999942779541,24590.0
2024-03-01 15:52:00,ANAB,25.34000015258789,25.34000015258789,25.379899978637695,25.315000534057617,25.379899978637695,3546.0
2024-03-01 15:52:00,ANGO,5.485000133514404,5.485000133514404,5.519999980926514,5.485000133514404,5.519999980926514,4634.0
2024-03-01 15:52:00,ANIK,24.959999084472656,24.959999084472656,24.959999084472656,24.959999084472656,24.959999084472656,203.0
2024-03-01 15:52:00,ANIP,66.91000366210938,66.91000366210938,66.91000366210938,66.73999786376953,66.73999786376953,2426.0
2024-03-01 15:52:00,ANNX,6.050000190734863,6.050000190734863,6.059999942779541,6.03000020980835,6.039999961853027,10912.0
2024-03-01 15:52:00,ANTX,3.009500026702881,3.009500026702881,3.009999990463257,3.009500026702881,3.009999990463257,400.0
2024-03-01 15:52:00,APLS,64.27999877929688,64.27999877929688,64.27999877929688,64.1500015258789,64.18000030517578,16651.0
2024-03-01 15:52:00,APLT,7.019999980926514,7.019999980926514,7.069900035858154,7.019999980926514,7.065000057220459,9879.0
2024-03-01 15:52:00,APRE,7.869999885559082,7.869999885559082,7.869999885559082,7.869999885559082,7.869999885559082,213.0
2024-03-01 15:52:00,AQST,4.210000038146973,4.210000038146973,4.210000038146973,4.204999923706055,4.209099769592285,6396.0
2024-03-01 15:52:00,ARAY,2.615000009536743,2.615000009536743,2.615000009536743,2.609999895095825,2.609999895095825,1027.0
2024-03-01 15:52:00,ARCT,39.459999084472656,39.459999084472656,39.47999954223633,39.459999084472656,39.47999954223633,3921.0
2024-03-01 15:52:00,ARDX,9.3149995803833,9.3149995803833,9.329899787902832,9.3100004196167,9.324999809265137,23098.0
2024-03-01 15:52:00,ARGX,392.2850036621094,392.2850036621094,392.2900085449219,391.760009765625,391.760009765625,3501.0
2024-03-01 15:52:00,ARQT,11.539999961853027,11.539999961853027,11.550000190734863,11.494999885559082,11.494999885559082,35315.0
2024-03-01 15:52:00,ARVN,47.1870002746582,47.1870002746582,47.20000076293945,47.17499923706055,47.189998626708984,1357.0
2024-03-01 15:52:00,ARWR,35.97999954223633,35.97999954223633,35.9900016784668,35.90999984741211,35.97999954223633,11911.0
2024-03-01 15:52:00,ASLN,0.7099999785423279,0.7099999785423279,0.7171000242233276,0.7099999785423279,0.7170000076293945,1804.0
2024-03-01 15:52:00,ASMB,13.359999656677246,13.359999656677246,13.359999656677246,13.359999656677246,13.359999656677246,206.0
2024-03-01 15:52:00,ASND,153.24000549316406,153.24000549316406,153.24000549316406,153.24000549316406,153.24000549316406,449.0
2024-03-01 15:52:00,ASRT,0.8774499893188477,0.8774499893188477,0.8812000155448914,0.8774499893188477,0.8774999976158142,3826.0
2024-03-01 15:52:00,ATAI,2.130000114440918,2.130000114440918,2.140000104904175,2.119999885559082,2.119999885559082,25202.0
2024-03-01 15:52:00,ATEC,13.399999618530273,13.399999618530273,13.420000076293945,13.390000343322754,13.420000076293945,14721.0
2024-03-01 15:52:00,ATHA,3.930000066757202,3.930000066757202,3.930000066757202,3.930000066757202,3.930000066757202,731.0
2024-03-01 15:52:00,ATOS,1.0049999952316284,1.0049999952316284,1.0099999904632568,1.0049999952316284,1.0099999904632568,1117.0
2024-03-01 15:52:00,ATRA,0.7699999809265137,0.7699999809265137,0.7739999890327454,0.7699999809265137,0.7700999975204468,8594.0
2024-03-01 15:52:00,ATRC,36.11000061035156,36.11000061035156,36.1150016784668,36.099998474121094,36.1150016784668,2601.0
2024-03-01 15:52:00,ATXI,0.15700000524520874,0.15700000524520874,0.15700000524520874,0.15620000660419464,0.15620000660419464,578.0
2024-03-01 15:52:00,ATXS,14.899999618530273,14.899999618530273,14.909000396728516,14.899999618530273,14.899999618530273,2052.0
2024-03-01 15:52:00,AUGX,4.574999809265137,4.574999809265137,4.574999809265137,4.550000190734863,4.550000190734863,1776.0
2024-03-01 15:52:00,AUPH,5.75,5.75,5.755000114440918,5.739999771118164,5.744999885559082,16833.0
2024-03-01 15:52:00,AURA,9.199999809265137,9.199999809265137,9.199999809265137,9.199999809265137,9.199999809265137,321.0
2024-03-01 15:52:00,AUTL,6.244999885559082,6.244999885559082,6.255000114440918,6.230000019073486,6.255000114440918,24018.0
2024-03-01 15:52:00,AVDL,13.84000015258789,13.84000015258789,13.84000015258789,13.800000190734863,13.84000015258789,43604.0
2024-03-01 15:52:00,AVIR,4.449999809265137,4.449999809265137,4.449999809265137,4.445000171661377,4.447500228881836,762.0
2024-03-01 15:52:00,AVTE,23.799999237060547,23.799999237060547,23.799999237060547,23.600000381469727,23.6200008392334,746.0
2024-03-01 15:52:00,AVXL,5.260000228881836,5.260000228881836,5.260000228881836,5.260000228881836,5.260000228881836,753.0
2024-03-01 15:52:00,AXGN,10.75,10.75,10.760000228881836,10.739999771118164,10.739999771118164,1184.0
2024-03-01 15:52:00,AXNX,67.81999969482422,67.81999969482422,67.83000183105469,67.80999755859375,67.80999755859375,3119.0
2024-03-01 15:52:00,AXSM,82.27999877929688,82.27999877929688,82.30500030517578,82.19000244140625,82.30500030517578,4615.0
2024-03-01 15:52:00,AZN,64.6449966430664,64.6449966430664,64.6449966430664,64.62000274658203,64.625,42737.0
2024-03-01 15:52:00,AZTA,67.19000244140625,67.19000244140625,67.19000244140625,67.16500091552734,67.16500091552734,1341.0
2024-03-01 15:52:00,BBIO,35.619998931884766,35.619998931884766,35.625,35.59000015258789,35.61000061035156,4652.0
2024-03-01 15:52:00,BBLG,2.3201000690460205,2.3201000690460205,2.3399999141693115,2.3201000690460205,2.3399999141693115,962.0
2024-03-01 15:52:00,BCAB,2.825000047683716,2.825000047683716,2.825000047683716,2.822499990463257,2.825000047683716,302.0
2024-03-01 15:52:00,BCDA,0.5799999833106995,0.5799999833106995,0.5799999833106995,0.5799000263214111,0.5799999833106995,2419.0
2024-03-01 15:52:00,BCRX,5.614999771118164,5.614999771118164,5.619999885559082,5.610000133514404,5.619999885559082,7966.0
2024-03-01 15:52:00,BCTX,3.509999990463257,3.509999990463257,3.509999990463257,3.509999990463257,3.509999990463257,310.0
2024-03-01 15:52:00,BCYC,25.62470054626465,25.62470054626465,25.65999984741211,25.610000610351562,25.610000610351562,1202.0
2024-03-01 15:52:00,BDSX,1.590000033378601,1.590000033378601,1.590000033378601,1.590000033378601,1.590000033378601,148.0
2024-03-01 15:52:00,BDTX,4.755000114440918,4.755000114440918,4.755000114440918,4.755000114440918,4.755000114440918,122.0
2024-03-01 15:52:00,BEAM,39.599998474121094,39.599998474121094,39.599998474121094,39.51499938964844,39.59000015258789,7508.0
2024-03-01 15:52:00,BEAT,1.600000023841858,1.600000023841858,1.600000023841858,1.600000023841858,1.600000023841858,485.0
2024-03-01 15:52:00,BGNE,164.88999938964844,164.88999938964844,164.92999267578125,164.88999938964844,164.92999267578125,1201.0
2024-03-01 15:52:00,BGXX,0.2581000030040741,0.2581000030040741,0.2581000030040741,0.257999986410141,0.257999986410141,1539.0
2024-03-01 15:52:00,BIIB,220.46499633789062,220.46499633789062,220.77999877929688,220.39999389648438,220.77999877929688,6439.0
2024-03-01 15:52:00,BIOL,0.14749999344348907,0.14749999344348907,0.14749999344348907,0.14720000326633453,0.14749999344348907,33905.0
2024-03-01 15:52:00,BIOR,1.1050000190734863,1.1050000190734863,1.1094000339508057,1.1050000190734863,1.1094000339508057,502.0
2024-03-01 15:52:00,BIVI,1.8200000524520874,1.8200000524520874,1.8600000143051147,1.809999942779541,1.8550000190734863,144917.0
2024-03-01 15:52:00,BLFS,17.815000534057617,17.815000534057617,17.829999923706055,17.799999237060547,17.809999465942383,3832.0
2024-03-01 15:52:00,BLTE,46.44499969482422,46.44499969482422,46.44499969482422,46.400001525878906,46.400001525878906,1242.0
2024-03-01 15:52:00,BLUE,1.5700000524520874,1.5700000524520874,1.5750000476837158,1.5700000524520874,1.5750000476837158,24066.0
2024-03-01 15:52:00,BMEA,17.719999313354492,17.719999313354492,17.739999771118164,17.719999313354492,17.719999313354492,7042.0
2024-03-01 15:52:00,BMRN,87.43000030517578,87.43000030517578,87.56999969482422,87.43000030517578,87.55000305175781,10613.0
2024-03-01 15:52:00,BNGO,1.25,1.25,1.2599999904632568,1.25,1.2549999952316284,56537.0
2024-03-01 15:52:00,BNR,0.8299999833106995,0.8299999833106995,0.8500999808311462,0.8299999833106995,0.8500999808311462,400.0
2024-03-01 15:52:00,BNTX,90.58999633789062,90.58999633789062,90.66999816894531,90.58999633789062,90.62999725341797,4475.0
2024-03-01 15:52:00,BOLT,1.2100000381469727,1.2100000381469727,1.2100000381469727,1.2100000381469727,1.2100000381469727,100.0
2024-03-01 15:52:00,BPMC,95.0199966430664,95.0199966430664,95.25,94.93000030517578,95.13500213623047,9547.0
2024-03-01 15:52:00,BRKR,88.41000366210938,88.41000366210938,88.46499633789062,88.38999938964844,88.44999694824219,2654.0
2024-03-01 15:52:00,BTAI,3.194999933242798,3.194999933242798,3.200000047683716,3.190000057220459,3.190000057220459,811.0
2024-03-01 15:52:00,BTTX,0.18050000071525574,0.18050000071525574,0.18250000476837158,0.18050000071525574,0.18250000476837158,11183.0
2024-03-01 15:52:00,BVS,4.820000171661377,4.820000171661377,4.820000171661377,4.820000171661377,4.820000171661377,142.0
2024-03-01 15:52:00,BWAY,6.605000019073486,6.605000019073486,6.610000133514404,6.599999904632568,6.599999904632568,1958.0
2024-03-01 15:52:00,CABA,24.020000457763672,24.020000457763672,24.040000915527344,23.989999771118164,24.0,11061.0
2024-03-01 15:52:00,CARA,0.9361000061035156,0.9361000061035156,0.9361000061035156,0.9337000250816345,0.9361000061035156,2397.0
2024-03-01 15:52:00,CBAY,32.220001220703125,32.220001220703125,32.227500915527344,32.220001220703125,32.220001220703125,19931.0
2024-03-01 15:52:00,CCCC,10.984999656677246,10.984999656677246,10.989999771118164,10.984999656677246,10.989999771118164,1487.0
2024-03-01 15:52:00,CCRN,18.309999465942383,18.309999465942383,18.309999465942383,18.290000915527344,18.299999237060547,4762.0
2024-03-01 15:52:00,CDMO,8.220000267028809,8.220000267028809,8.220000267028809,8.199999809265137,8.210000038146973,4416.0
2024-03-01 15:52:00,CDNA,11.734999656677246,11.734999656677246,11.779999732971191,11.729999542236328,11.774999618530273,14708.0
2024-03-01 15:52:00,CDXS,4.619999885559082,4.619999885559082,4.619999885559082,4.590000152587891,4.599999904632568,6444.0
2024-03-01 15:52:00,CELC,17.309999465942383,17.309999465942383,17.31999969482422,17.229999542236328,17.28499984741211,1888.0
2024-03-01 15:52:00,CELU,3.5999999046325684,3.5999999046325684,3.630000114440918,3.5999999046325684,3.617500066757202,517.0
2024-03-01 15:52:00,CERE,41.060001373291016,41.060001373291016,41.060001373291016,41.060001373291016,41.060001373291016,2126.0
2024-03-01 15:52:00,CERS,2.1700000762939453,2.1700000762939453,2.1700000762939453,2.1649999618530273,2.1700000762939453,6478.0
2024-03-01 15:52:00,CERT,18.229999542236328,18.229999542236328,18.229999542236328,18.18000030517578,18.18000030517578,9609.0
2024-03-01 15:52:00,CGC,3.194999933242798,3.194999933242798,3.200000047683716,3.1942999362945557,3.200000047683716,20031.0
2024-03-01 15:52:00,CGEM,18.479999542236328,18.479999542236328,18.489999771118164,18.479999542236328,18.489999771118164,3201.0
2024-03-01 15:52:00,CGEN,2.6600000858306885,2.6600000858306885,2.6700000762939453,2.6600000858306885,2.6700000762939453,3610.0
2024-03-01 15:52:00,CGTX,2.0199999809265137,2.0199999809265137,2.0199999809265137,2.0,2.0,1455.0
2024-03-01 15:52:00,CHRS,2.384999990463257,2.384999990463257,2.384999990463257,2.380000114440918,2.380000114440918,4665.0
2024-03-01 15:52:00,CKPT,2.240000009536743,2.240000009536743,2.240000009536743,2.2149999141693115,2.2149999141693115,13937.0
2024-03-01 15:52:00,CLDX,51.68000030517578,51.68000030517578,51.68000030517578,51.4900016784668,51.52000045776367,22775.0
2024-03-01 15:52:00,CLLS,2.630000114440918,2.630000114440918,2.630000114440918,2.630000114440918,2.630000114440918,115.0
2024-03-01 15:52:00,CLOV,0.8652999997138977,0.8652999997138977,0.8654000163078308,0.8652999997138977,0.8653500080108643,9647.0
2024-03-01 15:52:00,CLPT,6.64900016784668,6.64900016784668,6.64900016784668,6.639999866485596,6.639999866485596,200.0
2024-03-01 15:52:00,CLRB,4.125,4.125,4.130000114440918,4.119999885559082,4.1219000816345215,2124.0
2024-03-01 15:52:00,CLVRW,0.03999999910593033,0.03999999910593033,0.03999999910593033,0.019999999552965164,0.019999999552965164,300.0
2024-03-01 15:52:00,CMPS,11.5,11.5,11.5,11.475000381469727,11.475000381469727,3291.0
2024-03-01 15:52:00,CNTA,10.760000228881836,10.760000228881836,10.760000228881836,10.760000228881836,10.760000228881836,216.0
2024-03-01 15:52:00,COCP,1.5499999523162842,1.5499999523162842,1.5499999523162842,1.5199999809265137,1.5199999809265137,1413.0
2024-03-01 15:52:00,COGT,7.289999961853027,7.289999961853027,7.289999961853027,7.260000228881836,7.260000228881836,4944.0
2024-03-01 15:52:00,CORT,24.084999084472656,24.084999084472656,24.100000381469727,24.06999969482422,24.100000381469727,9511.0
2024-03-01 15:52:00,CPIX,2.1500000953674316,2.1500000953674316,2.1500000953674316,2.1500000953674316,2.1500000953674316,194.0
2024-03-01 15:52:00,CPRX,17.09000015258789,17.09000015258789,17.094999313354492,17.049999237060547,17.059999465942383,13022.0
2024-03-01 15:52:00,CPSI,9.270000457763672,9.270000457763672,9.270000457763672,9.220000267028809,9.220000267028809,5107.0
2024-03-01 15:52:00,CRBP,34.30099868774414,34.30099868774414,34.30099868774414,34.0,34.0,806.0
2024-03-01 15:52:00,CRBU,7.764999866485596,7.764999866485596,7.764999866485596,7.75,7.764999866485596,8088.0
2024-03-01 15:52:00,CRDF,2.92330002784729,2.92330002784729,3.0099000930786133,2.890000104904175,3.0099000930786133,140159.0
2024-03-01 15:52:00,CRMD,3.6600000858306885,3.6600000858306885,3.6600000858306885,3.6600000858306885,3.6600000858306885,426.0
2024-03-01 15:52:00,CRNX,45.880001068115234,45.880001068115234,45.880001068115234,45.83000183105469,45.849998474121094,3711.0
2024-03-01 15:52:00,CRON,2.015000104904175,2.015000104904175,2.015000104904175,2.009999990463257,2.015000104904175,3197.0
2024-03-01 15:52:00,CRSP,83.96499633789062,83.96499633789062,83.9800033569336,83.875,83.95999908447266,4985.0
2024-03-01 15:52:00,CRVS,2.190000057220459,2.190000057220459,2.200000047683716,2.190000057220459,2.200000047683716,1320.0
2024-03-01 15:52:00,CSTL,19.950000762939453,19.950000762939453,20.010000228881836,19.940000534057617,20.0,6279.0
2024-03-01 15:52:00,CTKB,9.03499984741211,9.03499984741211,9.0600004196167,9.030099868774414,9.055000305175781,12252.0
2024-03-01 15:52:00,CTMX,2.5899999141693115,2.5899999141693115,2.6700000762939453,2.5850000381469727,2.5850000381469727,89758.0
2024-03-01 15:52:00,CTXR,0.7749000191688538,0.7749000191688538,0.7759000062942505,0.7749000191688538,0.7749000191688538,5629.0
2024-03-01 15:52:00,CUE,2.1205999851226807,2.1205999851226807,2.125,2.119999885559082,2.125,475.0
2024-03-01 15:52:00,CUTR,2.384999990463257,2.384999990463257,2.384999990463257,2.384999990463257,2.384999990463257,100.0
2024-03-01 15:52:00,CVAC,3.4549999237060547,3.4549999237060547,3.4549999237060547,3.4549999237060547,3.4549999237060547,1124.0
2024-03-01 15:52:00,CVRX,20.799999237060547,20.799999237060547,20.81999969482422,20.799999237060547,20.799999237060547,833.0
2024-03-01 15:52:00,CYCC,2.890000104904175,2.890000104904175,2.890000104904175,2.890000104904175,2.890000104904175,100.0
2024-03-01 15:52:00,CYTK,74.0,74.0,74.13999938964844,73.7699966430664,73.79000091552734,38335.0
2024-03-01 15:52:00,CYTO,2.369999885559082,2.369999885559082,2.4200000762939453,2.359999895095825,2.369999885559082,8869.0
2024-03-01 15:52:00,DAWN,17.479999542236328,17.479999542236328,17.479999542236328,17.469999313354492,17.469999313354492,2205.0
2024-03-01 15:52:00,DCGO,4.089000225067139,4.089000225067139,4.090000152587891,4.079999923706055,4.090000152587891,7523.0
2024-03-01 15:52:00,DCPH,17.3799991607666,17.3799991607666,17.43000030517578,17.200000762939453,17.424999237060547,50271.0
2024-03-01 15:52:00,DH,8.890000343322754,8.890000343322754,8.90999984741211,8.880000114440918,8.899999618530273,10185.0
2024-03-01 15:52:00,DMTK,0.8550000190734863,0.8550000190734863,0.8550000190734863,0.8500000238418579,0.8525000214576721,9022.0
2024-03-01 15:52:00,DNLI,20.635000228881836,20.635000228881836,20.639999389648438,20.59000015258789,20.6299991607666,9481.0
2024-03-01 15:52:00,DSGN,2.8550000190734863,2.8550000190734863,2.8550000190734863,2.8499999046325684,2.8550000190734863,545.0
2024-03-01 15:52:00,DTIL,12.600000381469727,12.600000381469727,12.621600151062012,12.569999694824219,12.569999694824219,1466.0
2024-03-01 15:52:00,DVAX,12.755000114440918,12.755000114440918,12.755000114440918,12.739999771118164,12.7475004196167,12399.0
2024-03-01 15:52:00,DXCM,121.58999633789062,121.58999633789062,121.61000061035156,121.37999725341797,121.45999908447266,24667.0
2024-03-01 15:52:00,DYN,29.049999237060547,29.049999237060547,29.059999465942383,29.014999389648438,29.03499984741211,13468.0
2024-03-01 15:52:00,EDIT,10.454999923706055,10.454999923706055,10.46500015258789,10.4399995803833,10.460399627685547,17172.0
2024-03-01 15:52:00,EFTR,16.399999618530273,16.399999618530273,16.399999618530273,16.359800338745117,16.3799991607666,3557.0
2024-03-01 15:52:00,EGRX,6.449999809265137,6.449999809265137,6.449999809265137,6.449999809265137,6.449999809265137,1109.0
2024-03-01 15:52:00,EIGR,7.21999979019165,7.21999979019165,7.21999979019165,7.21999979019165,7.21999979019165,265.0
2024-03-01 15:52:00,ELEV,5.0,5.0,5.059999942779541,5.0,5.059999942779541,5517.0
2024-03-01 15:52:00,EMBC,14.234999656677246,14.234999656677246,14.234999656677246,14.220000267028809,14.229999542236328,4449.0
2024-03-01 15:52:00,ENLV,3.200000047683716,3.200000047683716,3.200000047683716,3.200000047683716,3.200000047683716,796.0
2024-03-01 15:52:00,ENSG,121.45999908447266,121.45999908447266,121.55999755859375,121.45999908447266,121.55999755859375,1451.0
2024-03-01 15:52:00,ENTX,1.409999966621399,1.409999966621399,1.409999966621399,1.409999966621399,1.409999966621399,198.0
2024-03-01 15:52:00,ENVB,1.5499999523162842,1.5499999523162842,1.659999966621399,1.5499999523162842,1.649999976158142,39169.0
2024-03-01 15:52:00,EPIX,9.329999923706055,9.329999923706055,9.34000015258789,9.329999923706055,9.34000015258789,611.0
2024-03-01 15:52:00,EQ,2.4800000190734863,2.4800000190734863,2.490000009536743,2.4800000190734863,2.4800000190734863,3847.0
2024-03-01 15:52:00,ERAS,2.5950000286102295,2.5950000286102295,2.5999999046325684,2.5920000076293945,2.5950000286102295,4396.0
2024-03-01 15:52:00,ESPR,2.559999942779541,2.559999942779541,2.559999942779541,2.550299882888794,2.555000066757202,6711.0
2024-03-01 15:52:00,ETNB,12.699999809265137,12.699999809265137,12.699999809265137,12.670000076293945,12.680000305175781,13103.0
2024-03-01 15:52:00,EVAX,3.390000104904175,3.390000104904175,3.4200000762939453,3.390000104904175,3.4189999103546143,4636.0
2024-03-01 15:52:00,EWTX,16.600000381469727,16.600000381469727,16.604999542236328,16.59000015258789,16.604999542236328,2062.0
2024-03-01 15:52:00,EXAI,6.53000020980835,6.53000020980835,6.53000020980835,6.53000020980835,6.53000020980835,2331.0
2024-03-01 15:52:00,EXAS,59.38999938964844,59.38999938964844,59.45000076293945,59.29999923706055,59.34000015258789,14543.0
2024-03-01 15:52:00,EXEL,22.235000610351562,22.235000610351562,22.235000610351562,22.229999542236328,22.235000610351562,15068.0
2024-03-01 15:52:00,EYEN,2.4000000953674316,2.4000000953674316,2.4000000953674316,2.3949999809265137,2.3949999809265137,881.0
2024-03-01 15:52:00,EYPT,27.989999771118164,27.989999771118164,28.030000686645508,27.969999313354492,27.979999542236328,9917.0
2024-03-01 15:52:00,FATE,7.710000038146973,7.710000038146973,7.71999979019165,7.699999809265137,7.71999979019165,14616.0
2024-03-01 15:52:00,FBIO,2.4100000858306885,2.4100000858306885,2.4100000858306885,2.4100000858306885,2.4100000858306885,490.0
2024-03-01 15:52:00,FDMT,29.219999313354492,29.219999313354492,29.25,29.18000030517578,29.239999771118164,8687.0
2024-03-01 15:52:00,FEMY,1.8300000429153442,1.8300000429153442,1.8300000429153442,1.8291000127792358,1.8300000429153442,7213.0
2024-03-01 15:52:00,FENC,9.8100004196167,9.8100004196167,9.8100004196167,9.8100004196167,9.8100004196167,292.0
2024-03-01 15:52:00,FGEN,1.8350000381469727,1.8350000381469727,1.8350000381469727,1.8300000429153442,1.8350000381469727,1414.0
2024-03-01 15:52:00,FLGT,23.149999618530273,23.149999618530273,23.15999984741211,23.1200008392334,23.1299991607666,1739.0
2024-03-01 15:52:00,FOLD,13.25,13.25,13.255000114440918,13.239999771118164,13.255000114440918,13323.0
2024-03-01 15:52:00,FULC,11.0,11.0,11.0,10.970000267028809,10.989999771118164,3468.0
2024-03-01 15:52:00,FUSN,12.024999618530273,12.024999618530273,12.029999732971191,12.020000457763672,12.020000457763672,3342.0
2024-03-01 15:52:00,FWBI,9.0,9.0,9.020000457763672,9.0,9.020000457763672,483.0
2024-03-01 15:52:00,GALT,1.9149999618530273,1.9149999618530273,1.9149999618530273,1.899999976158142,1.909999966621399,5117.0
2024-03-01 15:52:00,GANX,4.670000076293945,4.670000076293945,4.670000076293945,4.619999885559082,4.630000114440918,753.0
2024-03-01 15:52:00,GBIO,2.630000114440918,2.630000114440918,2.634999990463257,2.630000114440918,2.634999990463257,3211.0
2024-03-01 15:52:00,GCTK,0.3050000071525574,0.3050000071525574,0.3077000081539154,0.3050000071525574,0.3077000081539154,5106.0
2024-03-01 15:52:00,GDRX,8.350000381469727,8.350000381469727,8.350000381469727,8.3100004196167,8.3100004196167,15235.0
2024-03-01 15:52:00,GERN,2.25,2.25,2.25,2.240000009536743,2.244999885559082,27177.0
2024-03-01 15:52:00,GH,18.985000610351562,18.985000610351562,18.985000610351562,18.959999084472656,18.959999084472656,5813.0
2024-03-01 15:52:00,GILD,72.26499938964844,72.26499938964844,72.27999877929688,72.2300033569336,72.26499938964844,32884.0
2024-03-01 15:52:00,GLPG,35.06999969482422,35.06999969482422,35.099998474121094,35.06999969482422,35.084999084472656,661.0
2024-03-01 15:52:00,GLTO,0.800000011920929,0.800000011920929,0.800000011920929,0.800000011920929,0.800000011920929,562.0
2024-03-01 15:52:00,GLUE,6.300000190734863,6.300000190734863,6.300000190734863,6.289999961853027,6.289999961853027,529.0
2024-03-01 15:52:00,GMAB,29.295000076293945,29.295000076293945,29.295000076293945,29.290000915527344,29.290000915527344,1484.0
2024-03-01 15:52:00,GNPX,4.579999923706055,4.579999923706055,4.579999923706055,4.579999923706055,4.579999923706055,612.0
2024-03-01 15:52:00,GOSS,1.399999976158142,1.399999976158142,1.399999976158142,1.3977999687194824,1.399999976158142,7397.0
2024-03-01 15:52:00,GRFS,7.0,7.0,7.019800186157227,6.96999979019165,7.014999866485596,41132.0
2024-03-01 15:52:00,GRTS,2.0199999809265137,2.0199999809265137,2.0199999809265137,2.015000104904175,2.018399953842163,12062.0
2024-03-01 15:52:00,GTHX,3.690000057220459,3.690000057220459,3.690000057220459,3.680000066757202,3.690000057220459,7577.0
2024-03-01 15:52:00,HALO,41.14500045776367,41.14500045776367,41.150001525878906,41.1349983215332,41.1349983215332,4963.0
2024-03-01 15:52:00,HARP,22.950000762939453,22.950000762939453,22.950000762939453,22.950000762939453,22.950000762939453,156.0
2024-03-01 15:52:00,HCAT,8.045000076293945,8.045000076293945,8.050000190734863,8.039999961853027,8.045000076293945,5318.0
2024-03-01 15:52:00,HCM,15.095000267028809,15.095000267028809,15.095000267028809,15.095000267028809,15.095000267028809,147.0
2024-03-01 15:52:00,HCSG,12.850000381469727,12.850000381469727,12.850000381469727,12.832500457763672,12.84000015258789,9251.0
2024-03-01 15:52:00,HCWB,1.5499999523162842,1.5499999523162842,1.5499999523162842,1.5499999523162842,1.5499999523162842,160.0
2024-03-01 15:52:00,HLTH,0.26600000262260437,0.26600000262260437,0.26989999413490295,0.26600000262260437,0.26989999413490295,1719.0
2024-03-01 15:52:00,HLVX,19.059999465942383,19.059999465942383,19.059999465942383,19.059999465942383,19.059999465942383,267.0
2024-03-01 15:52:00,HOLX,73.80999755859375,73.80999755859375,73.81999969482422,73.7699966430664,73.79000091552734,17797.0
2024-03-01 15:52:00,HOWL,7.0,7.0,7.0,6.960000038146973,6.989999771118164,3857.0
2024-03-01 15:52:00,HQY,81.12999725341797,81.12999725341797,81.16999816894531,81.02999877929688,81.16000366210938,7324.0
2024-03-01 15:52:00,HRMY,32.01499938964844,32.01499938964844,32.04999923706055,32.0,32.04999923706055,2938.0
2024-03-01 15:52:00,HROW,10.890000343322754,10.890000343322754,10.890000343322754,10.890000343322754,10.890000343322754,469.0
2024-03-01 15:52:00,HRTX,2.5850000381469727,2.5850000381469727,2.5899999141693115,2.5850000381469727,2.5899999141693115,6915.0
2024-03-01 15:52:00,HSIC,76.78500366210938,76.78500366210938,76.78500366210938,76.73249816894531,76.73249816894531,9146.0
2024-03-01 15:52:00,HSTM,27.149999618530273,27.149999618530273,27.149999618530273,27.149999618530273,27.149999618530273,550.0
2024-03-01 15:52:00,HUGE,0.9100000262260437,0.9100000262260437,0.9150000214576721,0.9100000262260437,0.9150000214576721,590.0
2024-03-01 15:52:00,HUMA,3.240000009536743,3.240000009536743,3.25,3.240000009536743,3.2499001026153564,9137.0
2024-03-01 15:52:00,IART,35.95000076293945,35.95000076293945,35.9900016784668,35.93000030517578,35.970001220703125,12647.0
2024-03-01 15:52:00,IBRX,4.719799995422363,4.719799995422363,4.71999979019165,4.710000038146973,4.71999979019165,26054.0
2024-03-01 15:52:00,ICAD,1.8799999952316284,1.8799999952316284,1.8849999904632568,1.8799999952316284,1.8849999904632568,2025.0
2024-03-01 15:52:00,ICCC,5.289899826049805,5.289899826049805,5.289899826049805,5.289899826049805,5.289899826049805,116.0
2024-03-01 15:52:00,ICCM,1.2699999809265137,1.2699999809265137,1.2699999809265137,1.2699999809265137,1.2699999809265137,1591.0
2024-03-01 15:52:00,ICLR,324.8699951171875,324.8699951171875,324.8699951171875,324.6499938964844,324.6499938964844,1471.0
2024-03-01 15:52:00,ICUI,105.26000213623047,105.26000213623047,105.27999877929688,105.2300033569336,105.2699966430664,2320.0
2024-03-01 15:52:00,IDXX,575.9199829101562,575.9199829101562,576.4000244140625,575.9199829101562,576.4000244140625,2215.0
2024-03-01 15:52:00,IDYA,46.36000061035156,46.36000061035156,46.375,46.290000915527344,46.29999923706055,3355.0
2024-03-01 15:52:00,IFRX,1.7549999952316284,1.7549999952316284,1.7549999952316284,1.7100000381469727,1.7200000286102295,11975.0
2024-03-01 15:52:00,IGMS,12.670000076293945,12.670000076293945,12.699999809265137,12.640000343322754,12.699999809265137,1765.0
2024-03-01 15:52:00,IINN,1.6900999546051025,1.6900999546051025,1.7000000476837158,1.690000057220459,1.690000057220459,5385.0
2024-03-01 15:52:00,IKNA,1.4800000190734863,1.4800000190734863,1.4800000190734863,1.4800000190734863,1.4800000190734863,207.0
2024-03-01 15:52:00,ILMN,140.5,140.5,140.5,140.1300048828125,140.1649932861328,16920.0
2024-03-01 15:52:00,IMAB,1.7890000343322754,1.7890000343322754,1.7899999618530273,1.784999966621399,1.784999966621399,2610.0
2024-03-01 15:52:00,IMCR,67.80999755859375,67.80999755859375,67.94499969482422,67.73999786376953,67.77249908447266,2327.0
2024-03-01 15:52:00,IMNM,25.420000076293945,25.420000076293945,25.420000076293945,25.350000381469727,25.350000381469727,2676.0
2024-03-01 15:52:00,IMNN,1.0098999738693237,1.0098999738693237,1.0099999904632568,1.0098999738693237,1.0099999904632568,6443.0
2024-03-01 15:52:00,IMTX,12.875,12.875,12.885000228881836,12.875,12.880000114440918,4840.0
2024-03-01 15:52:00,IMUX,1.440000057220459,1.440000057220459,1.440000057220459,1.440000057220459,1.440000057220459,307.0
2024-03-01 15:52:00,IMVT,35.33000183105469,35.33000183105469,35.36199951171875,35.321998596191406,35.36199951171875,8608.0
2024-03-01 15:52:00,INAB,1.089900016784668,1.089900016784668,1.090000033378601,1.089900016784668,1.090000033378601,1527.0
2024-03-01 15:52:00,INBX,36.505001068115234,36.505001068115234,36.52000045776367,36.5,36.5,2482.0
2024-03-01 15:52:00,INCY,59.0099983215332,59.0099983215332,59.0099983215332,58.939998626708984,58.959999084472656,6885.0
2024-03-01 15:52:00,INGN,6.980000019073486,6.980000019073486,6.980000019073486,6.980000019073486,6.980000019073486,1674.0
2024-03-01 15:52:00,INMD,22.885000228881836,22.885000228881836,22.907499313354492,22.8799991607666,22.899999618530273,8796.0
2024-03-01 15:52:00,INO,9.479999542236328,9.479999542236328,9.479999542236328,9.479999542236328,9.479999542236328,1392.0
2024-03-01 15:52:00,INSM,28.0,28.0,28.010000228881836,27.969999313354492,27.969999313354492,16144.0
2024-03-01 15:52:00,INVA,15.335000038146973,15.335000038146973,15.337499618530273,15.324999809265137,15.324999809265137,8353.0
2024-03-01 15:52:00,INZY,6.539999961853027,6.539999961853027,6.539999961853027,6.539999961853027,6.539999961853027,1044.0
2024-03-01 15:52:00,IONS,45.3650016784668,45.3650016784668,45.38999938964844,45.33000183105469,45.38999938964844,13702.0
2024-03-01 15:52:00,IOVA,16.780000686645508,16.780000686645508,16.795000076293945,16.780000686645508,16.790000915527344,45169.0
2024-03-01 15:52:00,IPA,1.8700000047683716,1.8700000047683716,1.8799999952316284,1.8700000047683716,1.8799999952316284,3460.0
2024-03-01 15:52:00,IPSC,3.950000047683716,3.950000047683716,3.950000047683716,3.940000057220459,3.950000047683716,957.0
2024-03-01 15:52:00,IRMD,41.54999923706055,41.54999923706055,41.61000061035156,41.5,41.5,453.0
2024-03-01 15:52:00,IRTC,120.16500091552734,120.16500091552734,120.36499786376953,120.1500015258789,120.2699966430664,3314.0
2024-03-01 15:52:00,IRWD,8.854999542236328,8.854999542236328,8.869999885559082,8.850000381469727,8.864999771118164,137982.0
2024-03-01 15:52:00,ISRG,399.1600036621094,399.1600036621094,399.4599914550781,398.7699890136719,399.4599914550781,26311.0
2024-03-01 15:52:00,ITCI,71.84500122070312,71.84500122070312,71.87999725341797,71.78500366210938,71.80000305175781,4916.0
2024-03-01 15:52:00,ITOS,11.229999542236328,11.229999542236328,11.229999542236328,11.229999542236328,11.229999542236328,181.0
2024-03-01 15:52:00,IVVD,4.0,4.0,4.0,3.990000009536743,3.994999885559082,767.0
2024-03-01 15:52:00,JAGX,0.08299999684095383,0.08299999684095383,0.08370000123977661,0.08240000158548355,0.08299999684095383,140223.0
2024-03-01 15:52:00,JANX,46.5099983215332,46.5099983215332,46.61000061035156,46.25,46.380001068115234,9009.0
2024-03-01 15:52:00,JAZZ,118.80000305175781,118.80000305175781,118.86000061035156,118.68000030517578,118.86000061035156,5978.0
2024-03-01 15:52:00,KALV,14.069999694824219,14.069999694824219,14.09000015258789,14.069999694824219,14.09000015258789,1013.0
2024-03-01 15:52:00,KIDS,28.030000686645508,28.030000686645508,28.06999969482422,28.030000686645508,28.040000915527344,3481.0
2024-03-01 15:52:00,KNSA,21.719999313354492,21.719999313354492,21.719999313354492,21.719999313354492,21.719999313354492,1487.0
2024-03-01 15:52:00,KNTE,2.5899999141693115,2.5899999141693115,2.5899999141693115,2.5899999141693115,2.5899999141693115,2586.0
2024-03-01 15:52:00,KOD,5.994999885559082,5.994999885559082,5.994999885559082,5.989999771118164,5.989999771118164,967.0
2024-03-01 15:52:00,KPRX,0.6600000262260437,0.6600000262260437,0.6600000262260437,0.6600000262260437,0.6600000262260437,10306.0
2024-03-01 15:52:00,KPTI,1.1825000047683716,1.1825000047683716,1.1899000406265259,1.1799999475479126,1.184999942779541,10175.0
2024-03-01 15:52:00,KRON,1.0799000263214111,1.0799000263214111,1.090000033378601,1.0700000524520874,1.090000033378601,20733.0
2024-03-01 15:52:00,KROS,68.61000061035156,68.61000061035156,68.69000244140625,68.61000061035156,68.61000061035156,1404.0
2024-03-01 15:52:00,KRTX,315.7250061035156,315.7250061035156,315.7250061035156,315.68499755859375,315.68499755859375,657.0
2024-03-01 15:52:00,KRYS,167.33999633789062,167.33999633789062,167.33999633789062,167.21499633789062,167.33999633789062,485.0
2024-03-01 15:52:00,KURA,21.559999465942383,21.559999465942383,21.579999923706055,21.549999237060547,21.579999923706055,3531.0
2024-03-01 15:52:00,KYMR,43.709999084472656,43.709999084472656,43.72999954223633,43.68000030517578,43.724998474121094,3069.0
2024-03-01 15:52:00,KZR,1.0199999809265137,1.0199999809265137,1.034999966621399,1.0199999809265137,1.0299999713897705,2830.0
2024-03-01 15:52:00,LAB,2.4800000190734863,2.4800000190734863,2.4800000190734863,2.4700000286102295,2.4800000190734863,8703.0
2024-03-01 15:52:00,LABP,6.400000095367432,6.400000095367432,6.400000095367432,6.400000095367432,6.400000095367432,2000.0
2024-03-01 15:52:00,LBPH,21.709999084472656,21.709999084472656,21.709999084472656,21.600000381469727,21.600000381469727,3179.0
2024-03-01 15:52:00,LEGN,65.43499755859375,65.43499755859375,65.54000091552734,65.43499755859375,65.54000091552734,2096.0
2024-03-01 15:52:00,LEXX,2.8299999237060547,2.8299999237060547,2.840100049972534,2.8299999237060547,2.840100049972534,5522.0
2024-03-01 15:52:00,LFMD,8.0,8.0,8.0,8.0,8.0,482.0
2024-03-01 15:52:00,LFST,7.732999801635742,7.732999801635742,7.735000133514404,7.730000019073486,7.730000019073486,2992.0
2024-03-01 15:52:00,LGND,78.0999984741211,78.0999984741211,78.13999938964844,77.74500274658203,77.74500274658203,4216.0
2024-03-01 15:52:00,LGVN,0.5400000214576721,0.5400000214576721,0.5400000214576721,0.5400000214576721,0.5400000214576721,211.0
2024-03-01 15:52:00,LIFE,1.909999966621399,1.909999966621399,1.909999966621399,1.909999966621399,1.909999966621399,348.0
2024-03-01 15:52:00,LIVN,55.20000076293945,55.20000076293945,55.22999954223633,55.20000076293945,55.224998474121094,4702.0
2024-03-01 15:52:00,LMAT,67.72010040283203,67.72010040283203,67.7699966430664,67.72000122070312,67.7699966430664,2078.0
2024-03-01 15:52:00,LNSR,4.75,4.75,4.75,4.75,4.75,933.0
2024-03-01 15:52:00,LNTH,64.56999969482422,64.56999969482422,64.56999969482422,64.48999786376953,64.48999786376953,9778.0
2024-03-01 15:52:00,LPTX,2.8399999141693115,2.8399999141693115,2.859999895095825,2.8399999141693115,2.859999895095825,1799.0
2024-03-01 15:52:00,LQDA,14.574999809265137,14.574999809265137,14.574999809265137,14.569999694824219,14.569999694824219,1354.0
2024-03-01 15:52:00,LRMR,11.3149995803833,11.3149995803833,11.3149995803833,11.300000190734863,11.300000190734863,714.0
2024-03-01 15:52:00,LTRN,4.199999809265137,4.199999809265137,4.199999809265137,4.179999828338623,4.179999828338623,4423.0
2024-03-01 15:52:00,LUNG,9.324999809265137,9.324999809265137,9.329999923706055,9.3100004196167,9.319999694824219,3722.0
2024-03-01 15:52:00,LVTX,2.450000047683716,2.450000047683716,2.5004000663757324,2.4100000858306885,2.5,13674.0
2024-03-01 15:52:00,LXRX,2.4800000190734863,2.4800000190734863,2.4800000190734863,2.4600000381469727,2.4600000381469727,17358.0
2024-03-01 15:52:00,LYEL,3.0799999237060547,3.0799999237060547,3.0820000171661377,3.0799999237060547,3.0820000171661377,10734.0
2024-03-01 15:52:00,LYRA,5.650000095367432,5.650000095367432,5.650000095367432,5.650000095367432,5.650000095367432,1116.0
2024-03-01 15:52:00,MACK,14.699999809265137,14.699999809265137,14.704999923706055,14.6899995803833,14.704999923706055,6550.0
2024-03-01 15:52:00,MASI,126.05999755859375,126.05999755859375,126.21499633789062,125.98999786376953,126.21499633789062,5081.0
2024-03-01 15:52:00,MASS,7.264999866485596,7.264999866485596,7.264999866485596,7.264999866485596,7.264999866485596,119.0
2024-03-01 15:52:00,MBRX,0.6267499923706055,0.6267499923706055,0.6267499923706055,0.6267499923706055,0.6267499923706055,103.0
2024-03-01 15:52:00,MCRB,1.2200000286102295,1.2200000286102295,1.2300000190734863,1.2200000286102295,1.2200000286102295,27129.0
2024-03-01 15:52:00,MDGL,251.35000610351562,251.35000610351562,251.79989624023438,251.2100067138672,251.36000061035156,2141.0
2024-03-01 15:52:00,MDRX,6.0,6.0,6.010000228881836,6.0,6.0,212006.0
2024-03-01 15:52:00,MDXG,8.59000015258789,8.59000015258789,8.59000015258789,8.585000038146973,8.59000015258789,1949.0
2024-03-01 15:52:00,ME,0.5466499924659729,0.5466499924659729,0.5468999743461609,0.5465999841690063,0.5468000173568726,22979.0
2024-03-01 15:52:00,MGNX,18.8700008392334,18.8700008392334,18.889999389648438,18.868999481201172,18.868999481201172,8541.0
2024-03-01 15:52:00,MGTX,6.409999847412109,6.409999847412109,6.409999847412109,6.409999847412109,6.409999847412109,1195.0
2024-03-01 15:52:00,MHUA,0.6899999976158142,0.6899999976158142,0.6899999976158142,0.6899999976158142,0.6899999976158142,907.0
2024-03-01 15:52:00,MIRM,29.1200008392334,29.1200008392334,29.139999389648438,29.1200008392334,29.125,2683.0
2024-03-01 15:52:00,MIST,1.7100000381469727,1.7100000381469727,1.7100000381469727,1.7000000476837158,1.7000000476837158,1143.0
2024-03-01 15:52:00,MLTX,50.810001373291016,50.810001373291016,50.88999938964844,50.724998474121094,50.724998474121094,8565.0
2024-03-01 15:52:00,MMSI,76.06999969482422,76.06999969482422,76.12999725341797,76.05999755859375,76.12999725341797,2557.0
2024-03-01 15:52:00,MNKD,4.505000114440918,4.505000114440918,4.510000228881836,4.494999885559082,4.5,130541.0
2024-03-01 15:52:00,MNMD,6.199999809265137,6.199999809265137,6.204999923706055,6.190000057220459,6.199999809265137,5455.0
2024-03-01 15:52:00,MNPR,0.9276999831199646,0.9276999831199646,0.9276999831199646,0.9114999771118164,0.9114999771118164,452.0
2024-03-01 15:52:00,MODD,1.9299999475479126,1.9299999475479126,1.9299999475479126,1.9299999475479126,1.9299999475479126,663.0
2024-03-01 15:52:00,MODV,28.1299991607666,28.1299991607666,28.1299991607666,27.979999542236328,27.979999542236328,6155.0
2024-03-01 15:52:00,MOR,17.670000076293945,17.670000076293945,17.670000076293945,17.670000076293945,17.670000076293945,306.0
2024-03-01 15:52:00,MORF,39.630001068115234,39.630001068115234,39.65999984741211,39.61000061035156,39.630001068115234,2014.0
2024-03-01 15:52:00,MOVE,0.5758500099182129,0.5758500099182129,0.5758500099182129,0.5758500099182129,0.5758500099182129,130.0
2024-03-01 15:52:00,MREO,3.9200000762939453,3.9200000762939453,3.9200000762939453,3.9149999618530273,3.9200000762939453,3738.0
2024-03-01 15:52:00,MRNA,95.18000030517578,95.18000030517578,95.18000030517578,95.08000183105469,95.11000061035156,16775.0
2024-03-01 15:52:00,MRNS,9.920000076293945,9.920000076293945,9.920000076293945,9.920000076293945,9.920000076293945,331.0
2024-03-01 15:52:00,MRSN,5.945000171661377,5.945000171661377,5.960000038146973,5.945000171661377,5.960000038146973,7412.0
2024-03-01 15:52:00,MRUS,51.52000045776367,51.52000045776367,51.52000045776367,51.5,51.5,2097.0
2024-03-01 15:52:00,MRVI,7.590000152587891,7.590000152587891,7.611000061035156,7.590000152587891,7.610000133514404,9697.0
2024-03-01 15:52:00,MXCT,4.724999904632568,4.724999904632568,4.724999904632568,4.71999979019165,4.724999904632568,1187.0
2024-03-01 15:52:00,MYGN,22.030000686645508,22.030000686645508,22.059999465942383,22.030000686645508,22.059999465942383,1310.0
2024-03-01 15:52:00,NARI,45.189998626708984,45.189998626708984,45.189998626708984,45.099998474121094,45.18000030517578,22057.0
2024-03-01 15:52:00,NBIX,131.38499450683594,131.38499450683594,131.4550018310547,131.3300018310547,131.44000244140625,11164.0
2024-03-01 15:52:00,NEO,15.9350004196167,15.9350004196167,15.949999809265137,15.9350004196167,15.9399995803833,7509.0
2024-03-01 15:52:00,NEOG,17.235000610351562,17.235000610351562,17.235000610351562,17.225000381469727,17.225000381469727,3374.0
2024-03-01 15:52:00,NEPT,0.4189999997615814,0.4189999997615814,0.4189999997615814,0.4189999997615814,0.4189999997615814,241.0
2024-03-01 15:52:00,NERV,2.665800094604492,2.665800094604492,2.665800094604492,2.5982000827789307,2.5982000827789307,1502.0
2024-03-01 15:52:00,NEXI,6.315000057220459,6.315000057220459,6.315000057220459,6.315000057220459,6.315000057220459,177.0
2024-03-01 15:52:00,NGM,1.5199999809265137,1.5199999809265137,1.524999976158142,1.5199999809265137,1.5199999809265137,9043.0
2024-03-01 15:52:00,NKTR,0.7461000084877014,0.7461000084877014,0.7461000084877014,0.7436000108718872,0.7436000108718872,9374.0
2024-03-01 15:52:00,NLSP,0.3675000071525574,0.3675000071525574,0.3675000071525574,0.3675000071525574,0.3675000071525574,600.0
2024-03-01 15:52:00,NNOX,11.069999694824219,11.069999694824219,11.069999694824219,11.024999618530273,11.024999618530273,19694.0
2024-03-01 15:52:00,NOTV,7.96999979019165,7.96999979019165,7.989999771118164,7.96999979019165,7.974999904632568,3791.0
2024-03-01 15:52:00,NPCE,16.139999389648438,16.139999389648438,16.18000030517578,16.139999389648438,16.149999618530273,411.0
2024-03-01 15:52:00,NRBO,6.1620001792907715,6.1620001792907715,6.1620001792907715,6.152900218963623,6.152900218963623,401.0
2024-03-01 15:52:00,NRC,40.56999969482422,40.56999969482422,40.60499954223633,40.56999969482422,40.60499954223633,527.0
2024-03-01 15:52:00,NRIX,13.550000190734863,13.550000190734863,13.550000190734863,13.53499984741211,13.539999961853027,2701.0
2024-03-01 15:52:00,NRSN,2.0199999809265137,2.0199999809265137,2.0299999713897705,2.0,2.0299999713897705,1207.0
2024-03-01 15:52:00,NRXP,0.4399999976158142,0.4399999976158142,0.4399999976158142,0.4352000057697296,0.43810001015663147,1193.0
2024-03-01 15:52:00,NTLA,32.66999816894531,32.66999816894531,32.68000030517578,32.61000061035156,32.68000030517578,16293.0
2024-03-01 15:52:00,NTRA,89.4800033569336,89.4800033569336,89.5999984741211,88.91999816894531,89.01499938964844,68916.0
2024-03-01 15:52:00,NUTX,0.11375000327825546,0.11375000327825546,0.11400000005960464,0.11344999819993973,0.11375000327825546,14893.0
2024-03-01 15:52:00,NUVL,87.17500305175781,87.17500305175781,87.21549987792969,87.13999938964844,87.13999938964844,2801.0
2024-03-01 15:52:00,NUWE,0.5902000069618225,0.5902000069618225,0.5902000069618225,0.5839999914169312,0.5899999737739563,2621.0
2024-03-01 15:52:00,NVAX,5.364999771118164,5.364999771118164,5.379899978637695,5.360000133514404,5.369999885559082,61301.0
2024-03-01 15:52:00,NVCR,16.219999313354492,16.219999313354492,16.229999542236328,16.200000762939453,16.209999084472656,7164.0
2024-03-01 15:52:00,NVCT,10.770000457763672,10.770000457763672,10.770000457763672,10.770000457763672,10.770000457763672,194.0
2024-03-01 15:52:00,NVNO,6.40500020980835,6.40500020980835,6.420000076293945,6.40500020980835,6.40500020980835,464.0
2024-03-01 15:52:00,NXTC,1.7899999618530273,1.7899999618530273,1.7899999618530273,1.7799999713897705,1.7799999713897705,3469.0
2024-03-01 15:52:00,OCGN,0.9458000063896179,0.9458000063896179,0.9470000267028809,0.9458000063896179,0.9458000063896179,1711.0
2024-03-01 15:52:00,OCUL,10.729999542236328,10.729999542236328,10.734999656677246,10.699999809265137,10.704999923706055,13135.0
2024-03-01 15:52:00,OGI,2.1649999618530273,2.1649999618530273,2.1649999618530273,2.1603000164031982,2.1649999618530273,3005.0
2024-03-01 15:52:00,OLK,23.0049991607666,23.0049991607666,23.0049991607666,22.989999771118164,23.0,15525.0
2024-03-01 15:52:00,OLMA,14.770000457763672,14.770000457763672,14.770000457763672,14.710000038146973,14.729999542236328,12657.0
2024-03-01 15:52:00,OM,3.0850000381469727,3.0850000381469727,3.0850000381469727,3.0799999237060547,3.0850000381469727,4336.0
2024-03-01 15:52:00,OMCL,26.334999084472656,26.334999084472656,26.34000015258789,26.329999923706055,26.329999923706055,2343.0
2024-03-01 15:52:00,OMER,4.789999961853027,4.789999961853027,4.79010009765625,4.789999961853027,4.79010009765625,685.0
2024-03-01 15:52:00,OMGA,4.329999923706055,4.329999923706055,4.329999923706055,4.329999923706055,4.329999923706055,385.0
2024-03-01 15:52:00,OMIC,0.6044999957084656,0.6044999957084656,0.6044999957084656,0.5989999771118164,0.5989999771118164,400.0
2024-03-01 15:52:00,ONCY,1.1100000143051147,1.1100000143051147,1.1100000143051147,1.1100000143051147,1.1100000143051147,301.0
2024-03-01 15:53:00,AADI,1.9149999618530273,1.9149999618530273,1.9199999570846558,1.9149999618530273,1.9199999570846558,1293.0
2024-03-01 15:53:00,ABCL,5.045000076293945,5.045000076293945,5.050000190734863,5.045000076293945,5.050000190734863,5724.0
2024-03-01 15:53:00,ABEO,7.769999980926514,7.769999980926514,7.789999961853027,7.769999980926514,7.789999961853027,1385.0
2024-03-01 15:53:00,ABOS,4.650000095367432,4.650000095367432,4.659999847412109,4.650000095367432,4.650000095367432,4471.0
2024-03-01 15:53:00,ABSI,5.429999828338623,5.429999828338623,5.480000019073486,5.429999828338623,5.480000019073486,10265.0
2024-03-01 15:53:00,ABUS,2.7899999618530273,2.7899999618530273,2.7899999618530273,2.7850000858306885,2.7850000858306885,1865.0
2024-03-01 15:53:00,ACAD,24.094999313354492,24.094999313354492,24.1200008392334,24.09000015258789,24.09000015258789,10015.0
2024-03-01 15:53:00,ACB,3.1700000762939453,3.1700000762939453,3.180000066757202,3.1700000762939453,3.1700000762939453,8272.0
2024-03-01 15:53:00,ACCD,9.904999732971191,9.904999732971191,9.90999984741211,9.899999618530273,9.904999732971191,4266.0
2024-03-01 15:53:00,ACET,2.369999885559082,2.369999885559082,2.380000114440918,2.369999885559082,2.369999885559082,10674.0
2024-03-01 15:53:00,ACHC,84.01000213623047,84.01000213623047,84.01000213623047,83.9800033569336,83.9800033569336,2098.0
2024-03-01 15:53:00,ACHV,4.440000057220459,4.440000057220459,4.440000057220459,4.440000057220459,4.440000057220459,266.0
2024-03-01 15:53:00,ACIU,3.819999933242798,3.819999933242798,3.819999933242798,3.819999933242798,3.819999933242798,1016.0
2024-03-01 15:53:00,ACLX,66.91999816894531,66.91999816894531,67.03500366210938,66.9000015258789,66.93000030517578,6686.0
2024-03-01 15:53:00,ACON,0.39989998936653137,0.39989998936653137,0.39989998936653137,0.39989998936653137,0.39989998936653137,500.0
2024-03-01 15:53:00,ACRS,1.2400000095367432,1.2400000095367432,1.2400000095367432,1.2300000190734863,1.2300000190734863,19080.0
2024-03-01 15:53:00,ACXP,3.009999990463257,3.009999990463257,3.009999990463257,3.009999990463257,3.009999990463257,100.0
2024-03-01 15:53:00,ADAP,1.590000033378601,1.590000033378601,1.590000033378601,1.590000033378601,1.590000033378601,241.0
2024-03-01 15:53:00,ADIL,3.114000082015991,3.114000082015991,3.130000114440918,3.0799999237060547,3.0799999237060547,35506.0
2024-03-01 15:53:00,ADMA,5.5,5.5,5.510000228881836,5.5,5.505000114440918,30797.0
2024-03-01 15:53:00,ADPT,4.014999866485596,4.014999866485596,4.019999980926514,4.010000228881836,4.014999866485596,2061.0
2024-03-01 15:53:00,ADUS,93.94000244140625,93.94000244140625,93.94000244140625,93.9000015258789,93.9000015258789,1154.0
2024-03-01 15:53:00,ADVM,1.9800000190734863,1.9800000190734863,1.9800000190734863,1.975000023841858,1.975000023841858,4651.0
2024-03-01 15:53:00,AFMD,0.6686999797821045,0.6686999797821045,0.6686999797821045,0.6611999869346619,0.6611999869346619,5162.0
2024-03-01 15:53:00,AGEN,0.6650999784469604,0.6650999784469604,0.6650999784469604,0.6650000214576721,0.6650000214576721,14577.0
2024-03-01 15:53:00,AGIO,32.26499938964844,32.26499938964844,32.26499938964844,32.209999084472656,32.209999084472656,7696.0
2024-03-01 15:53:00,AGRX,0.8399999737739563,0.8399999737739563,0.8399999737739563,0.8389999866485596,0.8389999866485596,7328.0
2024-03-01 15:53:00,AHCO,10.5600004196167,10.5600004196167,10.5600004196167,10.510000228881836,10.510000228881836,24933.0
2024-03-01 15:53:00,AIMD,1.0686999559402466,1.0686999559402466,1.0993000268936157,1.059999942779541,1.089900016784668,13058.0
2024-03-01 15:53:00,AIRS,6.340000152587891,6.340000152587891,6.369999885559082,6.340000152587891,6.369999885559082,1317.0
2024-03-01 15:53:00,AKAN,0.21799999475479126,0.21799999475479126,0.21799999475479126,0.21799999475479126,0.21799999475479126,1939.0
2024-03-01 15:53:00,AKBA,1.6950000524520874,1.6950000524520874,1.7000000476837158,1.6950000524520874,1.7000000476837158,3571.0
2024-03-01 15:53:00,AKLI,0.3402000069618225,0.3402000069618225,0.3402000069618225,0.3402000069618225,0.3402000069618225,301.0
2024-03-01 15:53:00,AKRO,28.260000228881836,28.260000228881836,28.270000457763672,28.229999542236328,28.270000457763672,8704.0
2024-03-01 15:53:00,AKYA,6.070000171661377,6.070000171661377,6.070000171661377,6.070000171661377,6.070000171661377,166.0
2024-03-01 15:53:00,ALDX,4.215000152587891,4.215000152587891,4.25,4.210000038146973,4.244999885559082,22357.0
2024-03-01 15:53:00,ALEC,7.349999904632568,7.349999904632568,7.349999904632568,7.324999809265137,7.324999809265137,6437.0
2024-03-01 15:53:00,ALGN,301.1050109863281,301.1050109863281,301.1050109863281,300.8599853515625,300.9549865722656,2760.0
2024-03-01 15:53:00,ALGS,1.059999942779541,1.059999942779541,1.059999942779541,1.059999942779541,1.059999942779541,283.0
2024-03-01 15:53:00,ALHC,5.619999885559082,5.619999885559082,5.619999885559082,5.619999885559082,5.619999885559082,5281.0
2024-03-01 15:53:00,ALKS,30.21500015258789,30.21500015258789,30.2450008392334,30.209999084472656,30.2450008392334,7815.0
2024-03-01 15:53:00,ALLK,1.6299999952316284,1.6299999952316284,1.6299999952316284,1.6200000047683716,1.6200000047683716,1676.0
2024-03-01 15:53:00,ALLO,4.889999866485596,4.889999866485596,4.894999980926514,4.880000114440918,4.889999866485596,30175.0
2024-03-01 15:53:00,ALNY,153.1300048828125,153.1300048828125,153.1300048828125,152.92999267578125,152.9499969482422,3233.0
2024-03-01 15:53:00,ALPN,35.994998931884766,35.994998931884766,36.15999984741211,35.959999084472656,36.130001068115234,9360.0
2024-03-01 15:53:00,ALRN,5.050000190734863,5.050000190734863,5.050000190734863,4.989999771118164,4.989999771118164,503.0
2024-03-01 15:53:00,ALT,12.074999809265137,12.074999809265137,12.085000038146973,12.045000076293945,12.050000190734863,23975.0
2024-03-01 15:53:00,ALVO,15.725000381469727,15.725000381469727,15.727499961853027,15.725000381469727,15.725000381469727,501.0
2024-03-01 15:53:00,ALVR,0.7493000030517578,0.7493000030517578,0.7493000030517578,0.7475000023841858,0.7475000023841858,844.0
2024-03-01 15:53:00,ALXO,14.984999656677246,14.984999656677246,14.989999771118164,14.960000038146973,14.960000038146973,3718.0
2024-03-01 15:53:00,AMED,93.29000091552734,93.29000091552734,93.30999755859375,93.29000091552734,93.30000305175781,620.0
2024-03-01 15:53:00,AMGN,280.42999267578125,280.42999267578125,280.5224914550781,280.3399963378906,280.5199890136719,20061.0
2024-03-01 15:53:00,AMLX,18.635000228881836,18.635000228881836,18.649999618530273,18.614999771118164,18.649999618530273,8090.0
2024-03-01 15:53:00,AMPH,45.95000076293945,45.95000076293945,46.02000045776367,45.95000076293945,45.959999084472656,6163.0
2024-03-01 15:53:00,AMRN,1.0499999523162842,1.0499999523162842,1.059999942779541,1.0499999523162842,1.0549999475479126,27557.0
2024-03-01 15:53:00,ANGO,5.480000019073486,5.480000019073486,5.480000019073486,5.480000019073486,5.480000019073486,580.0
2024-03-01 15:53:00,ANIK,25.020000457763672,25.020000457763672,25.049999237060547,24.989999771118164,25.0049991607666,2235.0
2024-03-01 15:53:00,ANIP,66.91000366210938,66.91000366210938,66.94000244140625,66.86000061035156,66.91000366210938,3144.0
2024-03-01 15:53:00,ANIX,3.5199999809265137,3.5199999809265137,3.5199999809265137,3.5199999809265137,3.5199999809265137,123.0
2024-03-01 15:53:00,ANNX,6.050000190734863,6.050000190734863,6.070000171661377,6.050000190734863,6.059999942779541,15464.0
2024-03-01 15:53:00,ANTX,3.0007998943328857,3.0007998943328857,3.0007998943328857,3.0007998943328857,3.0007998943328857,651.0
2024-03-01 15:53:00,APDN,0.5699999928474426,0.5699999928474426,0.5699999928474426,0.5699999928474426,0.5699999928474426,100.0
2024-03-01 15:53:00,APLS,64.29000091552734,64.29000091552734,64.33000183105469,64.18000030517578,64.27999877929688,20973.0
2024-03-01 15:53:00,APLT,7.070000171661377,7.070000171661377,7.099999904632568,7.03000020980835,7.03000020980835,39878.0
2024-03-01 15:53:00,AQST,4.239500045776367,4.239500045776367,4.239999771118164,4.215000152587891,4.215000152587891,17040.0
2024-03-01 15:53:00,ARAY,2.609999895095825,2.609999895095825,2.615000009536743,2.609999895095825,2.609999895095825,2620.0
2024-03-01 15:53:00,ARCT,39.42499923706055,39.42499923706055,39.459999084472656,39.41999816894531,39.459999084472656,632.0
2024-03-01 15:53:00,ARDX,9.329899787902832,9.329899787902832,9.329899787902832,9.3100004196167,9.3100004196167,25505.0
2024-03-01 15:53:00,ARGX,393.0,393.0,393.0,392.1099853515625,392.1424865722656,4814.0
2024-03-01 15:53:00,ARQT,11.552499771118164,11.552499771118164,11.5600004196167,11.529999732971191,11.53499984741211,60032.0
2024-03-01 15:53:00,ARVN,47.23500061035156,47.23500061035156,47.23500061035156,47.17499923706055,47.18000030517578,6394.0
2024-03-01 15:53:00,ARWR,36.0,36.0,36.0,35.96500015258789,35.97999954223633,12871.0
2024-03-01 15:53:00,ASND,153.08999633789062,153.08999633789062,153.27999877929688,153.0,153.27999877929688,4790.0
2024-03-01 15:53:00,ASRT,0.8774499893188477,0.8774499893188477,0.8812000155448914,0.8773999810218811,0.8812000155448914,2782.0
2024-03-01 15:53:00,ATAI,2.129300117492676,2.129300117492676,2.130000114440918,2.125,2.130000114440918,10196.0
2024-03-01 15:53:00,ATEC,13.404999732971191,13.404999732971191,13.40999984741211,13.395000457763672,13.395000457763672,15166.0
2024-03-01 15:53:00,ATOS,1.0049999952316284,1.0049999952316284,1.0099999904632568,1.0049999952316284,1.0099999904632568,265.0
2024-03-01 15:53:00,ATRA,0.7700999975204468,0.7700999975204468,0.7702999711036682,0.7699999809265137,0.7701500058174133,16736.0
2024-03-01 15:53:00,ATRC,36.125,36.125,36.13999938964844,36.11000061035156,36.11000061035156,5437.0
2024-03-01 15:53:00,ATXI,0.15686999261379242,0.15686999261379242,0.15686999261379242,0.15686999261379242,0.15686999261379242,230.0
2024-03-01 15:53:00,ATXS,14.884400367736816,14.884400367736816,14.90999984741211,14.884400367736816,14.90999984741211,3382.0
2024-03-01 15:53:00,AUPH,5.755000114440918,5.755000114440918,5.760000228881836,5.75,5.75,3693.0
2024-03-01 15:53:00,AUTL,6.25,6.25,6.25,6.239999771118164,6.244999885559082,2516.0
2024-03-01 15:53:00,AVDL,13.779999732971191,13.779999732971191,13.835000038146973,13.760000228881836,13.829999923706055,22332.0
2024-03-01 15:53:00,AVIR,4.449999809265137,4.449999809265137,4.449999809265137,4.445000171661377,4.445000171661377,672.0
2024-03-01 15:53:00,AVRO,1.3200000524520874,1.3200000524520874,1.3200000524520874,1.3200000524520874,1.3200000524520874,500.0
2024-03-01 15:53:00,AVXL,5.255000114440918,5.255000114440918,5.255000114440918,5.25,5.255000114440918,4652.0
2024-03-01 15:53:00,AWH,4.019999980926514,4.019999980926514,4.019999980926514,4.019999980926514,4.019999980926514,177.0
2024-03-01 15:53:00,AXGN,10.75,10.75,10.760000228881836,10.75,10.75,872.0
2024-03-01 15:53:00,AXNX,67.80999755859375,67.80999755859375,67.81500244140625,67.80999755859375,67.81500244140625,2179.0
2024-03-01 15:53:00,AXSM,82.3499984741211,82.3499984741211,82.37000274658203,82.2699966430664,82.2699966430664,3602.0
2024-03-01 15:53:00,AZN,64.6449966430664,64.6449966430664,64.6500015258789,64.63999938964844,64.6449966430664,15467.0
2024-03-01 15:53:00,AZTA,67.16000366210938,67.16000366210938,67.22000122070312,67.16000366210938,67.22000122070312,2762.0
2024-03-01 15:53:00,BBIO,35.54999923706055,35.54999923706055,35.61000061035156,35.54999923706055,35.61000061035156,130244.0
2024-03-01 15:53:00,BBLG,2.375,2.375,2.390000104904175,2.3499999046325684,2.3499999046325684,860.0
2024-03-01 15:53:00,BCAB,2.8450000286102295,2.8450000286102295,2.8550000190734863,2.825000047683716,2.8299999237060547,51242.0
2024-03-01 15:53:00,BCDA,0.5799530148506165,0.5799530148506165,0.5799999833106995,0.5799530148506165,0.5799999833106995,1040.0
2024-03-01 15:53:00,BCLI,0.34988999366760254,0.34988999366760254,0.34988999366760254,0.34988999366760254,0.34988999366760254,451.0
2024-03-01 15:53:00,BCRX,5.614999771118164,5.614999771118164,5.619999885559082,5.610000133514404,5.614999771118164,13358.0
2024-03-01 15:53:00,BCYC,25.610000610351562,25.610000610351562,25.639999389648438,25.610000610351562,25.639999389648438,797.0
2024-03-01 15:53:00,BDTX,4.75,4.75,4.760000228881836,4.75,4.757500171661377,5718.0
2024-03-01 15:53:00,BEAM,39.67499923706055,39.67499923706055,39.689998626708984,39.61000061035156,39.61000061035156,6164.0
2024-03-01 15:53:00,BFRI,0.8801000118255615,0.8801000118255615,0.8901000022888184,0.8801000118255615,0.8901000022888184,4078.0
2024-03-01 15:53:00,BGNE,164.83999633789062,164.83999633789062,164.91000366210938,164.74000549316406,164.77999877929688,2841.0
2024-03-01 15:53:00,BGXX,0.25859999656677246,0.25859999656677246,0.25859999656677246,0.2583000063896179,0.2583000063896179,1777.0
2024-03-01 15:53:00,BIIB,220.63999938964844,220.63999938964844,220.63999938964844,220.46499633789062,220.46499633789062,5783.0
2024-03-01 15:53:00,BIOL,0.14720000326633453,0.14720000326633453,0.14749999344348907,0.14720000326633453,0.14749999344348907,88045.0
2024-03-01 15:53:00,BIOR,1.1100000143051147,1.1100000143051147,1.1100000143051147,1.1089999675750732,1.1100000143051147,970.0
2024-03-01 15:53:00,BIVI,1.8700000047683716,1.8700000047683716,1.8899999856948853,1.809999942779541,1.8213000297546387,96390.0
2024-03-01 15:53:00,BLFS,17.8700008392334,17.8700008392334,17.8700008392334,17.799999237060547,17.809999465942383,3938.0
2024-03-01 15:53:00,BLRX,1.3300000429153442,1.3300000429153442,1.3300000429153442,1.3300000429153442,1.3300000429153442,701.0
2024-03-01 15:53:00,BLTE,46.5,46.5,46.5,46.400001525878906,46.400001525878906,860.0
2024-03-01 15:53:00,BLUE,1.5715999603271484,1.5715999603271484,1.5759999752044678,1.5700000524520874,1.5750000476837158,70852.0
2024-03-01 15:53:00,BMEA,17.739999771118164,17.739999771118164,17.739999771118164,17.690000534057617,17.712099075317383,6682.0
2024-03-01 15:53:00,BMRA,1.2000000476837158,1.2000000476837158,1.2000000476837158,1.2000000476837158,1.2000000476837158,100.0
2024-03-01 15:53:00,BMRN,87.48999786376953,87.48999786376953,87.48999786376953,87.43000030517578,87.43000030517578,10749.0
2024-03-01 15:53:00,BNGO,1.2400000095367432,1.2400000095367432,1.2450000047683716,1.2400000095367432,1.2450000047683716,4870.0
2024-03-01 15:53:00,BNR,0.8299999833106995,0.8299999833106995,0.8500999808311462,0.8299999833106995,0.8500999808311462,400.0
2024-03-01 15:53:00,BNTC,5.489999771118164,5.489999771118164,5.489999771118164,5.409999847412109,5.409999847412109,784.0
2024-03-01 15:53:00,BNTX,90.6500015258789,90.6500015258789,90.6500015258789,90.56999969482422,90.58999633789062,4827.0
2024-03-01 15:53:00,BPMC,95.04000091552734,95.04000091552734,95.08000183105469,94.93000030517578,95.02999877929688,6473.0
2024-03-01 15:53:00,BRKR,88.41999816894531,88.41999816894531,88.43000030517578,88.3499984741211,88.41000366210938,6027.0
2024-03-01 15:53:00,BTAI,3.200000047683716,3.200000047683716,3.200000047683716,3.194999933242798,3.194999933242798,1289.0
2024-03-01 15:53:00,BTTX,0.17912499606609344,0.17912499606609344,0.18250000476837158,0.17800000309944153,0.18250000476837158,29103.0
2024-03-01 15:53:00,BVS,4.820000171661377,4.820000171661377,4.820000171661377,4.820000171661377,4.820000171661377,146.0
2024-03-01 15:53:00,BWAY,6.605000019073486,6.605000019073486,6.605000019073486,6.599999904632568,6.599999904632568,3260.0
2024-03-01 15:53:00,CABA,23.979999542236328,23.979999542236328,24.020000457763672,23.979999542236328,24.020000457763672,3941.0
2024-03-01 15:53:00,CAPR,4.570000171661377,4.570000171661377,4.570000171661377,4.570000171661377,4.570000171661377,401.0
2024-03-01 15:53:00,CARA,0.9498999714851379,0.9498999714851379,0.9498999714851379,0.9498999714851379,0.9498999714851379,1386.0
2024-03-01 15:53:00,CBAY,32.224998474121094,32.224998474121094,32.224998474121094,32.220001220703125,32.22159957885742,8579.0
2024-03-01 15:53:00,CCCC,10.989999771118164,10.989999771118164,11.010000228881836,10.979999542236328,10.988200187683105,18900.0
2024-03-01 15:53:00,CCRN,18.350000381469727,18.350000381469727,18.350000381469727,18.309999465942383,18.309999465942383,6093.0
2024-03-01 15:53:00,CDMO,8.220000267028809,8.220000267028809,8.239999771118164,8.21500015258789,8.220000267028809,10047.0
2024-03-01 15:53:00,CDNA,11.925000190734863,11.925000190734863,11.9399995803833,11.710000038146973,11.729999542236328,30643.0
2024-03-01 15:53:00,CDXS,4.635000228881836,4.635000228881836,4.635000228881836,4.614999771118164,4.630000114440918,9773.0
2024-03-01 15:53:00,CELC,17.260000228881836,17.260000228881836,17.309999465942383,17.239999771118164,17.309999465942383,2146.0
2024-03-01 15:53:00,CELU,3.5999999046325684,3.5999999046325684,3.5999999046325684,3.5999999046325684,3.5999999046325684,152.0
2024-03-01 15:53:00,CERE,41.060001373291016,41.060001373291016,41.064998626708984,41.060001373291016,41.060001373291016,2600.0
2024-03-01 15:53:00,CERS,2.174999952316284,2.174999952316284,2.180000066757202,2.1700000762939453,2.1700000762939453,37715.0
2024-03-01 15:53:00,CERT,18.290000915527344,18.290000915527344,18.290000915527344,18.239999771118164,18.239999771118164,5828.0
2024-03-01 15:53:00,CGC,3.200000047683716,3.200000047683716,3.200000047683716,3.194499969482422,3.194999933242798,2914.0
2024-03-01 15:53:00,CGEM,18.475000381469727,18.475000381469727,18.475000381469727,18.469999313354492,18.469999313354492,1740.0
2024-03-01 15:53:00,CGEN,2.6600000858306885,2.6600000858306885,2.6700000762939453,2.6600000858306885,2.6600000858306885,7333.0
2024-03-01 15:53:00,CHRS,2.384999990463257,2.384999990463257,2.384999990463257,2.380000114440918,2.384999990463257,3299.0
2024-03-01 15:53:00,CLDX,51.764801025390625,51.764801025390625,51.81999969482422,51.689998626708984,51.70000076293945,5378.0
2024-03-01 15:53:00,CLNN,0.3865000009536743,0.3865000009536743,0.3930000066757202,0.3865000009536743,0.3930000066757202,2401.0
2024-03-01 15:53:00,CLOV,0.8652999997138977,0.8652999997138977,0.8654000163078308,0.8652999997138977,0.8653500080108643,53309.0
2024-03-01 15:53:00,CLPT,6.639999866485596,6.639999866485596,6.639999866485596,6.630000114440918,6.639999866485596,2300.0
2024-03-01 15:53:00,CLRB,4.159999847412109,4.159999847412109,4.159999847412109,4.130000114440918,4.130000114440918,17255.0
2024-03-01 15:53:00,CLSD,1.3601000308990479,1.3601000308990479,1.3601000308990479,1.3601000308990479,1.3601000308990479,118.0
2024-03-01 15:53:00,CMMB,0.6600000262260437,0.6600000262260437,0.6600000262260437,0.6599000096321106,0.6599000096321106,954.0
2024-03-01 15:53:00,CMPS,11.5,11.5,11.510000228881836,11.489999771118164,11.5,2836.0
2024-03-01 15:53:00,CMPX,1.8899999856948853,1.8899999856948853,1.8899999856948853,1.8899999856948853,1.8899999856948853,289.0
2024-03-01 15:53:00,CMRX,1.184999942779541,1.184999942779541,1.190000057220459,1.184999942779541,1.190000057220459,2278.0
2024-03-01 15:53:00,CNSP,0.30570000410079956,0.30570000410079956,0.31610000133514404,0.30570000410079956,0.31610000133514404,23921.0
2024-03-01 15:53:00,COCP,1.5199999809265137,1.5199999809265137,1.5199999809265137,1.5199999809265137,1.5199999809265137,104.0
2024-03-01 15:53:00,CODX,1.159999966621399,1.159999966621399,1.159999966621399,1.159999966621399,1.159999966621399,332.0
2024-03-01 15:53:00,COGT,7.320000171661377,7.320000171661377,7.320000171661377,7.289400100708008,7.289999961853027,6696.0
2024-03-01 15:53:00,COLL,36.959999084472656,36.959999084472656,36.96500015258789,36.91999816894531,36.93000030517578,2251.0
2024-03-01 15:53:00,CORT,24.06999969482422,24.06999969482422,24.084999084472656,24.059999465942383,24.084999084472656,8038.0
2024-03-01 15:53:00,CPIX,2.130000114440918,2.130000114440918,2.130000114440918,2.130000114440918,2.130000114440918,394.0
2024-03-01 15:53:00,CPRX,17.065000534057617,17.065000534057617,17.09000015258789,17.059999465942383,17.09000015258789,8264.0
2024-03-01 15:53:00,CPSI,9.246999740600586,9.246999740600586,9.270000457763672,9.229999542236328,9.270000457763672,5815.0
2024-03-01 15:53:00,CRBP,34.400001525878906,34.400001525878906,34.400001525878906,34.25,34.31999969482422,2865.0
2024-03-01 15:53:00,CRBU,7.775000095367432,7.775000095367432,7.775000095367432,7.760000228881836,7.764999866485596,10852.0
2024-03-01 15:53:00,CRDF,2.950000047683716,2.950000047683716,2.9800000190734863,2.9100000858306885,2.934999942779541,72718.0
2024-03-01 15:53:00,CRDL,1.9299999475479126,1.9299999475479126,1.9299999475479126,1.9299999475479126,1.9299999475479126,567.0
2024-03-01 15:53:00,CRIS,10.149999618530273,10.149999618530273,10.149999618530273,10.149999618530273,10.149999618530273,820.0
2024-03-01 15:53:00,CRMD,3.6549999713897705,3.6549999713897705,3.6600000858306885,3.6549999713897705,3.6600000858306885,981.0
2024-03-01 15:53:00,CRNX,45.900001525878906,45.900001525878906,45.90999984741211,45.869998931884766,45.90999984741211,3144.0
2024-03-01 15:53:00,CRON,2.015000104904175,2.015000104904175,2.0199999809265137,2.015000104904175,2.0188000202178955,9712.0
2024-03-01 15:53:00,CRSP,83.94000244140625,83.94000244140625,84.01000213623047,83.90499877929688,84.0,4776.0
2024-03-01 15:53:00,CRVS,2.199899911880493,2.199899911880493,2.200000047683716,2.180000066757202,2.191699981689453,3325.0
2024-03-01 15:53:00,CSTL,19.975000381469727,19.975000381469727,20.0,19.959999084472656,19.979999542236328,2420.0
2024-03-01 15:53:00,CTKB,9.03499984741211,9.03499984741211,9.039999961853027,9.029999732971191,9.03499984741211,2309.0
2024-03-01 15:53:00,CTMX,2.5899999141693115,2.5899999141693115,2.609999895095825,2.5899999141693115,2.5950000286102295,25627.0
2024-03-01 15:53:00,CTSO,0.9599999785423279,0.9599999785423279,0.9599999785423279,0.949999988079071,0.949999988079071,715.0
2024-03-01 15:53:00,CTXR,0.7770000100135803,0.7770000100135803,0.7770000100135803,0.7770000100135803,0.7770000100135803,421.0
2024-03-01 15:53:00,CUE,2.109999895095825,2.109999895095825,2.119999885559082,2.109999895095825,2.119999885559082,5282.0
2024-03-01 15:53:00,CVAC,3.4549999237060547,3.4549999237060547,3.4549999237060547,3.4549999237060547,3.4549999237060547,2006.0
2024-03-01 15:53:00,CVRX,20.81999969482422,20.81999969482422,20.81999969482422,20.81999969482422,20.81999969482422,631.0
2024-03-01 15:53:00,CYTK,73.97000122070312,73.97000122070312,74.0,73.91999816894531,73.94000244140625,11119.0
2024-03-01 15:53:00,CYTO,2.3968000411987305,2.3968000411987305,2.3968000411987305,2.359999895095825,2.36899995803833,3500.0
2024-03-01 15:53:00,DARE,0.550000011920929,0.550000011920929,0.550000011920929,0.5498999953269958,0.5498999953269958,917.0
2024-03-01 15:53:00,DAWN,17.479999542236328,17.479999542236328,17.489999771118164,17.469999313354492,17.489999771118164,2112.0
2024-03-01 15:53:00,DCGO,4.098999977111816,4.098999977111816,4.098999977111816,4.082499980926514,4.090000152587891,8847.0
2024-03-01 15:53:00,DCPH,17.329999923706055,17.329999923706055,17.3799991607666,17.299999237060547,17.36009979248047,5903.0
2024-03-01 15:53:00,DCTH,4.210000038146973,4.210000038146973,4.210000038146973,4.210000038146973,4.210000038146973,132.0
2024-03-01 15:53:00,DERM,4.119999885559082,4.119999885559082,4.119999885559082,4.110000133514404,4.110000133514404,1150.0
2024-03-01 15:53:00,DH,8.90999984741211,8.90999984741211,8.90999984741211,8.890000343322754,8.899999618530273,1253.0
2024-03-01 15:53:00,DMTK,0.8600000143051147,0.8600000143051147,0.8600000143051147,0.8525000214576721,0.8550000190734863,17363.0
2024-03-01 15:53:00,DNLI,20.639999389648438,20.639999389648438,20.639999389648438,20.6299991607666,20.6299991607666,4128.0
2024-03-01 15:53:00,DRMA,0.45179998874664307,0.45179998874664307,0.45179998874664307,0.45179998874664307,0.45179998874664307,495.0
2024-03-01 15:53:00,DSGN,2.8499999046325684,2.8499999046325684,2.8499999046325684,2.8499999046325684,2.8499999046325684,861.0
2024-03-01 15:53:00,DTIL,12.600000381469727,12.600000381469727,12.699999809265137,12.600000381469727,12.609999656677246,9786.0
2024-03-01 15:53:00,DVAX,12.770000457763672,12.770000457763672,12.770000457763672,12.75,12.760000228881836,14167.0
2024-03-01 15:53:00,DXCM,121.69000244140625,121.69000244140625,121.70999908447266,121.58499908447266,121.61000061035156,28584.0
2024-03-01 15:53:00,DYN,29.049999237060547,29.049999237060547,29.059999465942383,29.03499984741211,29.03499984741211,24718.0
2024-03-01 15:53:00,EDIT,10.484999656677246,10.484999656677246,10.484999656677246,10.460000038146973,10.460000038146973,15360.0
2024-03-01 15:53:00,EFTR,15.720000267028809,15.720000267028809,16.329999923706055,15.720000267028809,16.309099197387695,9178.0
2024-03-01 15:53:00,EGRX,6.449999809265137,6.449999809265137,6.449999809265137,6.449999809265137,6.449999809265137,856.0
2024-03-01 15:53:00,EIGR,7.199999809265137,7.199999809265137,7.21999979019165,7.199999809265137,7.21999979019165,706.0
2024-03-01 15:53:00,ELDN,1.750100016593933,1.750100016593933,1.8200000524520874,1.75,1.8200000524520874,4807.0
2024-03-01 15:53:00,ELEV,5.005000114440918,5.005000114440918,5.014999866485596,5.0,5.005000114440918,5233.0
2024-03-01 15:53:00,EMBC,14.23900032043457,14.23900032043457,14.25,14.229999542236328,14.239999771118164,13490.0
2024-03-01 15:53:00,ENLV,3.200000047683716,3.200000047683716,3.200000047683716,3.200000047683716,3.200000047683716,4491.0
2024-03-01 15:53:00,ENSG,121.5199966430664,121.5199966430664,121.5250015258789,121.45999908447266,121.5250015258789,1302.0
2024-03-01 15:53:00,ENVB,1.5500999689102173,1.5500999689102173,1.600000023841858,1.5500999689102173,1.5750000476837158,7892.0
2024-03-01 15:53:00,EOLS,14.895000457763672,14.895000457763672,14.895000457763672,14.880000114440918,14.880000114440918,5237.0
2024-03-01 15:53:00,EPIX,9.1899995803833,9.1899995803833,9.395000457763672,9.1899995803833,9.395000457763672,8718.0
2024-03-01 15:53:00,ERAS,2.6050000190734863,2.6050000190734863,2.6050000190734863,2.5950000286102295,2.5950000286102295,14095.0
2024-03-01 15:53:00,ESPR,2.559999942779541,2.559999942779541,2.559999942779541,2.555000066757202,2.555000066757202,7686.0
2024-03-01 15:53:00,ESTA,44.092498779296875,44.092498779296875,44.18000030517578,44.02000045776367,44.06999969482422,2150.0
2024-03-01 15:53:00,ETNB,12.6850004196167,12.6850004196167,12.699999809265137,12.680000305175781,12.699999809265137,7661.0
2024-03-01 15:53:00,ETON,4.465000152587891,4.465000152587891,4.480000019073486,4.465000152587891,4.480000019073486,608.0
2024-03-01 15:53:00,EVAX,3.4200000762939453,3.4200000762939453,3.4200000762939453,3.390000104904175,3.390000104904175,1055.0
2024-03-01 15:53:00,EVGN,0.9795010089874268,0.9795010089874268,0.9795010089874268,0.9795010089874268,0.9795010089874268,698.0
2024-03-01 15:53:00,EWTX,16.559999465942383,16.559999465942383,16.607999801635742,16.549999237060547,16.600000381469727,8320.0
2024-03-01 15:53:00,EXAI,6.519999980926514,6.519999980926514,6.53000020980835,6.519999980926514,6.53000020980835,3111.0
2024-03-01 15:53:00,EXAS,59.40999984741211,59.40999984741211,59.40999984741211,59.334999084472656,59.369998931884766,8227.0
2024-03-01 15:53:00,EXEL,22.219999313354492,22.219999313354492,22.235000610351562,22.219999313354492,22.229999542236328,13588.0
2024-03-01 15:53:00,EYEN,2.3949999809265137,2.3949999809265137,2.3949999809265137,2.3949999809265137,2.3949999809265137,5337.0
2024-03-01 15:53:00,EYPT,27.959999084472656,27.959999084472656,27.979999542236328,27.959999084472656,27.979999542236328,1970.0
2024-03-01 15:53:00,FATE,7.704999923706055,7.704999923706055,7.710000038146973,7.699999809265137,7.710000038146973,7723.0
2024-03-01 15:53:00,FBIO,2.410099983215332,2.410099983215332,2.4177000522613525,2.410099983215332,2.4177000522613525,725.0
2024-03-01 15:53:00,FDMT,29.295000076293945,29.295000076293945,29.295000076293945,29.225000381469727,29.239999771118164,8220.0
2024-03-01 15:53:00,FEMY,1.8207999467849731,1.8207999467849731,1.8300000429153442,1.8200000524520874,1.8200000524520874,11658.0
2024-03-01 15:53:00,FGEN,1.8350000381469727,1.8350000381469727,1.840000033378601,1.8300000429153442,1.8350000381469727,9494.0
2024-03-01 15:53:00,FHTX,7.800000190734863,7.800000190734863,7.800000190734863,7.764999866485596,7.764999866485596,350.0
2024-03-01 15:53:00,FLGC,1.149999976158142,1.149999976158142,1.149999976158142,1.149999976158142,1.149999976158142,15330.0
2024-03-01 15:53:00,FLGT,23.18000030517578,23.18000030517578,23.190000534057617,23.15999984741211,23.15999984741211,1766.0
2024-03-01 15:53:00,FOLD,13.279999732971191,13.279999732971191,13.279999732971191,13.239999771118164,13.239999771118164,36945.0
2024-03-01 15:53:00,FULC,10.989999771118164,10.989999771118164,11.0,10.989999771118164,10.989999771118164,947.0
2024-03-01 15:53:00,FUSN,12.020000457763672,12.020000457763672,12.029999732971191,12.010000228881836,12.020000457763672,6456.0
2024-03-01 15:53:00,FWBI,9.0,9.0,9.009300231933594,9.0,9.009300231933594,1516.0
2024-03-01 15:53:00,GALT,1.9199999570846558,1.9199999570846558,1.9199999570846558,1.899999976158142,1.9149999618530273,12144.0
2024-03-01 15:53:00,GBIO,2.630000114440918,2.630000114440918,2.630000114440918,2.6217000484466553,2.630000114440918,825.0
2024-03-01 15:53:00,GDRX,8.354999542236328,8.354999542236328,8.359999656677246,8.34000015258789,8.345000267028809,12114.0
2024-03-01 15:53:00,GERN,2.25,2.25,2.25,2.244999885559082,2.25,83161.0
2024-03-01 15:53:00,GH,19.010000228881836,19.010000228881836,19.010000228881836,18.985000610351562,18.985000610351562,3731.0
2024-03-01 15:53:00,GILD,72.2499008178711,72.2499008178711,72.2699966430664,72.20999908447266,72.26499938964844,44759.0
2024-03-01 15:53:00,GLPG,35.08000183105469,35.08000183105469,35.099998474121094,35.08000183105469,35.084999084472656,2563.0
2024-03-01 15:53:00,GLSI,12.772500038146973,12.772500038146973,12.772500038146973,12.772500038146973,12.772500038146973,654.0
2024-03-01 15:53:00,GLTO,0.8199999928474426,0.8199999928474426,0.8199999928474426,0.8199999928474426,0.8199999928474426,226.0
2024-03-01 15:53:00,GLYC,3.0250000953674316,3.0250000953674316,3.02810001373291,3.0199999809265137,3.02810001373291,1775.0
2024-03-01 15:53:00,GMAB,29.315000534057617,29.315000534057617,29.315000534057617,29.299999237060547,29.299999237060547,3100.0
2024-03-01 15:53:00,GMDA,0.38225001096725464,0.38225001096725464,0.383899986743927,0.38225001096725464,0.383899986743927,1119.0
2024-03-01 15:53:00,GOSS,1.3899999856948853,1.3899999856948853,1.4049999713897705,1.3899999856948853,1.399999976158142,7209.0
2024-03-01 15:53:00,GRFS,6.994999885559082,6.994999885559082,7.0,6.985000133514404,6.985000133514404,11318.0
2024-03-01 15:53:00,GRTS,2.015899896621704,2.015899896621704,2.0199999809265137,2.015000104904175,2.015000104904175,23635.0
2024-03-01 15:53:00,GTHX,3.7100000381469727,3.7100000381469727,3.7100000381469727,3.680000066757202,3.690000057220459,25160.0
2024-03-01 15:53:00,HALO,41.154998779296875,41.154998779296875,41.154998779296875,41.13999938964844,41.150001525878906,6565.0
2024-03-01 15:53:00,HBIO,4.340000152587891,4.340000152587891,4.340000152587891,4.340000152587891,4.340000152587891,262.0
2024-03-01 15:53:00,HCAT,8.055000305175781,8.055000305175781,8.0600004196167,8.039999961853027,8.039999961853027,9339.0
2024-03-01 15:53:00,HCM,15.104999542236328,15.104999542236328,15.114999771118164,15.09000015258789,15.100000381469727,1087.0
2024-03-01 15:53:00,HCSG,12.845000267028809,12.845000267028809,12.850000381469727,12.84000015258789,12.845000267028809,929.0
2024-03-01 15:53:00,HITI,1.7549999952316284,1.7549999952316284,1.7549999952316284,1.7549999952316284,1.7549999952316284,102.0
2024-03-01 15:53:00,HLVX,19.049999237060547,19.049999237060547,19.059999465942383,19.040000915527344,19.059999465942383,1697.0
2024-03-01 15:53:00,HOLX,73.80000305175781,73.80000305175781,73.82499694824219,73.76000213623047,73.80999755859375,20949.0
2024-03-01 15:53:00,HOWL,7.0,7.0,7.0,6.949999809265137,6.949999809265137,1419.0
2024-03-01 15:53:00,HQY,81.12200164794922,81.12200164794922,81.13500213623047,81.0999984741211,81.11000061035156,2840.0
2024-03-01 15:53:00,HRMY,32.099998474121094,32.099998474121094,32.099998474121094,32.0099983215332,32.0099983215332,2777.0
2024-03-01 15:53:00,HRTX,2.5850000381469727,2.5850000381469727,2.5850000381469727,2.5799999237060547,2.5850000381469727,6539.0
2024-03-01 15:53:00,HSCS,0.12110000103712082,0.12110000103712082,0.12110000103712082,0.12110000103712082,0.12110000103712082,2000.0
2024-03-01 15:53:00,HSDT,4.599899768829346,4.599899768829346,4.599899768829346,4.579999923706055,4.579999923706055,202.0
2024-03-01 15:53:00,HSIC,76.83000183105469,76.83000183105469,76.83999633789062,76.7699966430664,76.77999877929688,4970.0
2024-03-01 15:53:00,HSTM,27.149999618530273,27.149999618530273,27.149999618530273,27.149999618530273,27.149999618530273,451.0
2024-03-01 15:53:00,HUGE,0.9010000228881836,0.9010000228881836,0.9020000100135803,0.9010000228881836,0.9020000100135803,610.0
2024-03-01 15:53:00,HUMA,3.265000104904175,3.265000104904175,3.265000104904175,3.2300000190734863,3.244999885559082,50203.0
2024-03-01 15:53:00,HYPR,1.1200000047683716,1.1200000047683716,1.1200000047683716,1.1200000047683716,1.1200000047683716,333.0
2024-03-01 15:53:00,IART,35.97999954223633,35.97999954223633,35.97999954223633,35.93000030517578,35.95000076293945,8271.0
2024-03-01 15:53:00,IBRX,4.715000152587891,4.715000152587891,4.71999979019165,4.710000038146973,4.718200206756592,7127.0
2024-03-01 15:53:00,ICCM,1.2799999713897705,1.2799999713897705,1.2799999713897705,1.2799999713897705,1.2799999713897705,350.0
2024-03-01 15:53:00,ICLR,324.95001220703125,324.95001220703125,325.0,324.8800048828125,324.8800048828125,1555.0
2024-03-01 15:53:00,ICUI,105.31999969482422,105.31999969482422,105.3499984741211,105.31999969482422,105.3499984741211,676.0
2024-03-01 15:53:00,IDXX,575.8499755859375,575.8499755859375,576.1649780273438,575.8499755859375,576.1649780273438,1650.0
2024-03-01 15:53:00,IDYA,46.349998474121094,46.349998474121094,46.369998931884766,46.334999084472656,46.369998931884766,2444.0
2024-03-01 15:53:00,IFRX,1.7549999952316284,1.7549999952316284,1.7549999952316284,1.7549999952316284,1.7549999952316284,900.0
2024-03-01 15:53:00,IGMS,12.630000114440918,12.630000114440918,12.6899995803833,12.619999885559082,12.6899995803833,2299.0
2024-03-01 15:53:00,IKNA,1.4700000286102295,1.4700000286102295,1.4800000190734863,1.4700000286102295,1.4800000190734863,906.0
2024-03-01 15:53:00,IKT,2.1549999713897705,2.1549999713897705,2.1549999713897705,2.1549999713897705,2.1549999713897705,260.0
2024-03-01 15:53:00,ILMN,140.3800048828125,140.3800048828125,140.5399932861328,140.3699951171875,140.4949951171875,18433.0
2024-03-01 15:53:00,IMAB,1.7898000478744507,1.7898000478744507,1.7899999618530273,1.784999966621399,1.7899999618530273,1277.0
2024-03-01 15:53:00,IMCR,67.73999786376953,67.73999786376953,67.80000305175781,67.70999908447266,67.77999877929688,5636.0
2024-03-01 15:53:00,IMMP,2.309999942779541,2.309999942779541,2.309999942779541,2.309999942779541,2.309999942779541,147.0
2024-03-01 15:53:00,IMMX,3.5,3.5,3.5,3.5,3.5,1478.0
2024-03-01 15:53:00,IMNM,25.450000762939453,25.450000762939453,25.469999313354492,25.420000076293945,25.420000076293945,842.0
2024-03-01 15:53:00,IMNN,1.0049999952316284,1.0049999952316284,1.0049999952316284,1.0049999952316284,1.0049999952316284,760.0
2024-03-01 15:53:00,IMUX,1.440000057220459,1.440000057220459,1.4450000524520874,1.440000057220459,1.4450000524520874,567.0
2024-03-01 15:53:00,IMVT,35.380001068115234,35.380001068115234,35.38999938964844,35.33100128173828,35.34000015258789,7817.0
2024-03-01 15:53:00,INBX,36.505001068115234,36.505001068115234,36.505001068115234,36.5,36.5,5184.0
2024-03-01 15:53:00,INCR,1.9900000095367432,1.9900000095367432,1.9900000095367432,1.9900000095367432,1.9900000095367432,241.0
2024-03-01 15:53:00,INCY,59.029998779296875,59.029998779296875,59.029998779296875,59.0099983215332,59.0099983215332,4326.0
2024-03-01 15:53:00,INDP,2.0797998905181885,2.0797998905181885,2.0797998905181885,2.0797998905181885,2.0797998905181885,122.0
2024-03-01 15:53:00,INGN,7.0,7.0,7.005000114440918,6.985000133514404,6.985000133514404,7473.0
2024-03-01 15:53:00,INMB,12.444999694824219,12.444999694824219,12.444999694824219,12.444999694824219,12.444999694824219,1198.0
2024-03-01 15:53:00,INMD,22.905000686645508,22.905000686645508,22.93000030517578,22.889999389648438,22.889999389648438,25783.0
2024-03-01 15:53:00,INO,9.479999542236328,9.479999542236328,9.489999771118164,9.470499992370605,9.479999542236328,2005.0
2024-03-01 15:53:00,INSM,28.0049991607666,28.0049991607666,28.010000228881836,27.989999771118164,27.989999771118164,21132.0
2024-03-01 15:53:00,INVA,15.319999694824219,15.319999694824219,15.337499618530273,15.319999694824219,15.329999923706055,7110.0
2024-03-01 15:53:00,INZY,6.539999961853027,6.539999961853027,6.539999961853027,6.534999847412109,6.539999961853027,3412.0
2024-03-01 15:53:00,IONS,45.349998474121094,45.349998474121094,45.380001068115234,45.33000183105469,45.3650016784668,9026.0
2024-03-01 15:53:00,IOVA,16.81999969482422,16.81999969482422,16.81999969482422,16.780000686645508,16.780000686645508,85404.0
2024-03-01 15:53:00,IPSC,3.9600000381469727,3.9600000381469727,3.9600000381469727,3.9600000381469727,3.9600000381469727,208.0
2024-03-01 15:53:00,IRMD,41.939998626708984,41.939998626708984,41.939998626708984,41.619998931884766,41.619998931884766,1843.0
2024-03-01 15:53:00,IRTC,120.41999816894531,120.41999816894531,120.43000030517578,120.1449966430664,120.23999786376953,3046.0
2024-03-01 15:53:00,IRWD,8.885000228881836,8.885000228881836,8.885000228881836,8.850000381469727,8.850000381469727,252949.0
2024-03-01 15:53:00,ISRG,398.79998779296875,398.79998779296875,399.1300048828125,398.7300109863281,399.1300048828125,14586.0
2024-03-01 15:53:00,ITCI,71.91000366210938,71.91000366210938,71.91000366210938,71.81999969482422,71.88999938964844,2707.0
2024-03-01 15:53:00,ITOS,11.220000267028809,11.220000267028809,11.229999542236328,11.220000267028809,11.229999542236328,886.0
2024-03-01 15:53:00,ITRM,1.2799999713897705,1.2799999713897705,1.2799999713897705,1.2799999713897705,1.2799999713897705,581.0
2024-03-01 15:53:00,IVVD,3.994999885559082,3.994999885559082,3.994999885559082,3.994999885559082,3.994999885559082,479.0
2024-03-01 15:53:00,JAGX,0.08290000259876251,0.08290000259876251,0.08320000022649765,0.0828000009059906,0.08320000022649765,257884.0
2024-03-01 15:53:00,JANX,46.69499969482422,46.69499969482422,46.70000076293945,46.5536003112793,46.61000061035156,4713.0
2024-03-01 15:53:00,JAZZ,118.7699966430664,118.7699966430664,118.81999969482422,118.73999786376953,118.79000091552734,5122.0
2024-03-01 15:53:00,JSPR,21.469999313354492,21.469999313354492,21.469999313354492,21.469999313354492,21.469999313354492,320.0
2024-03-01 15:53:00,JYNT,9.859999656677246,9.859999656677246,9.859999656677246,9.859999656677246,9.859999656677246,421.0
2024-03-01 15:53:00,KALV,14.119999885559082,14.119999885559082,14.128999710083008,14.079999923706055,14.079999923706055,9153.0
2024-03-01 15:53:00,KIDS,28.0,28.0,28.0,27.989999771118164,27.989999771118164,422.0
2024-03-01 15:53:00,KNSA,21.690000534057617,21.690000534057617,21.719999313354492,21.690000534057617,21.719999313354492,4053.0
2024-03-01 15:53:00,KNTE,2.5899999141693115,2.5899999141693115,2.5899999141693115,2.5899999141693115,2.5899999141693115,3050.0
2024-03-01 15:53:00,KOD,5.994999885559082,5.994999885559082,5.994999885559082,5.994999885559082,5.994999885559082,588.0
2024-03-01 15:53:00,KPRX,0.6590999960899353,0.6590999960899353,0.6590999960899353,0.6590999960899353,0.6590999960899353,194.0
2024-03-01 15:53:00,KPTI,1.184999942779541,1.184999942779541,1.184999942779541,1.1799999475479126,1.1799999475479126,1663.0
2024-03-01 15:53:00,KRON,1.0750000476837158,1.0750000476837158,1.0750000476837158,1.0750000476837158,1.0750000476837158,19535.0
2024-03-01 15:53:00,KROS,68.68499755859375,68.68499755859375,68.69999694824219,68.61000061035156,68.69999694824219,897.0
2024-03-01 15:53:00,KRTX,315.79998779296875,315.79998779296875,315.8299865722656,315.760009765625,315.760009765625,1387.0
2024-03-01 15:53:00,KRYS,167.2449951171875,167.2449951171875,167.3350067138672,167.1925048828125,167.3350067138672,2320.0
2024-03-01 15:53:00,KURA,21.56999969482422,21.56999969482422,21.56999969482422,21.56999969482422,21.56999969482422,3740.0
2024-03-01 15:53:00,KYMR,43.64500045776367,43.64500045776367,43.709999084472656,43.599998474121094,43.709999084472656,5947.0
2024-03-01 15:53:00,KZR,1.0299999713897705,1.0299999713897705,1.0399999618530273,1.0199999809265137,1.0199999809265137,11881.0
2024-03-01 15:53:00,LAB,2.4800000190734863,2.4800000190734863,2.4800000190734863,2.4700000286102295,2.4700000286102295,5855.0
2024-03-01 15:53:00,LBPH,21.6299991607666,21.6299991607666,21.709999084472656,21.6299991607666,21.709999084472656,6891.0
2024-03-01 15:53:00,LEGN,65.44999694824219,65.44999694824219,65.47000122070312,65.41000366210938,65.45999908447266,1157.0
2024-03-01 15:53:00,LEXX,2.8499999046325684,2.8499999046325684,2.8499999046325684,2.840100049972534,2.840100049972534,588.0
2024-03-01 15:53:00,LFLY,2.944999933242798,2.944999933242798,2.944999933242798,2.944999933242798,2.944999933242798,128.0
2024-03-01 15:53:00,LFMD,8.0,8.0,8.0,8.0,8.0,249.0
2024-03-01 15:53:00,LFST,7.744999885559082,7.744999885559082,7.75,7.730000019073486,7.730000019073486,22960.0
2024-03-01 15:53:00,LGND,78.28500366210938,78.28500366210938,78.37999725341797,78.26000213623047,78.31999969482422,1724.0
2024-03-01 15:53:00,LGVN,0.5311999917030334,0.5311999917030334,0.5400000214576721,0.5311999917030334,0.5400000214576721,259.0
2024-03-01 15:53:00,LIFE,1.9083000421524048,1.9083000421524048,1.9083000421524048,1.9083000421524048,1.9083000421524048,201.0
2024-03-01 15:53:00,LIVN,55.220001220703125,55.220001220703125,55.2400016784668,55.189998626708984,55.21500015258789,4833.0
2024-03-01 15:53:00,LMAT,67.69999694824219,67.69999694824219,67.73500061035156,67.67030334472656,67.67030334472656,1982.0
2024-03-01 15:53:00,LNSR,4.8632001876831055,4.8632001876831055,4.8632001876831055,4.8632001876831055,4.8632001876831055,500.0
2024-03-01 15:53:00,LNTH,64.61000061035156,64.61000061035156,64.625,64.56999969482422,64.58000183105469,9438.0
2024-03-01 15:53:00,LPTX,2.819999933242798,2.819999933242798,2.8399999141693115,2.819999933242798,2.8399999141693115,616.0
2024-03-01 15:53:00,LQDA,14.569999694824219,14.569999694824219,14.579999923706055,14.5649995803833,14.579999923706055,2703.0
2024-03-01 15:53:00,LRMR,11.319999694824219,11.319999694824219,11.319999694824219,11.300000190734863,11.300000190734863,2016.0
2024-03-01 15:53:00,LTRN,4.199900150299072,4.199900150299072,4.199999809265137,4.190000057220459,4.199999809265137,1802.0
2024-03-01 15:53:00,LUNG,9.329999923706055,9.329999923706055,9.350000381469727,9.329999923706055,9.34000015258789,5112.0
2024-03-01 15:53:00,LVTX,2.369999885559082,2.369999885559082,2.4800000190734863,2.369999885559082,2.4100000858306885,7459.0
2024-03-01 15:53:00,LXRX,2.4800000190734863,2.4800000190734863,2.4800000190734863,2.4700000286102295,2.471100091934204,9011.0
2024-03-01 15:53:00,LYEL,3.0799999237060547,3.0799999237060547,3.0850000381469727,3.0799999237060547,3.0799999237060547,3879.0
2024-03-01 15:53:00,LYRA,5.659999847412109,5.659999847412109,5.659999847412109,5.635000228881836,5.650000095367432,14515.0
2024-03-01 15:53:00,MACK,14.710000038146973,14.710000038146973,14.710000038146973,14.710000038146973,14.710000038146973,272.0
2024-03-01 15:53:00,MASI,126.16999816894531,126.16999816894531,126.23999786376953,126.12000274658203,126.16999816894531,2705.0
2024-03-01 15:53:00,MASS,7.260000228881836,7.260000228881836,7.264999866485596,7.25,7.264999866485596,1549.0
2024-03-01 15:53:00,MBRX,0.6236000061035156,0.6236000061035156,0.6267499923706055,0.6236000061035156,0.6267499923706055,1380.0
2024-03-01 15:53:00,MCRB,1.225000023841858,1.225000023841858,1.2300000190734863,1.2200000286102295,1.2200000286102295,29677.0
2024-03-01 15:53:00,MDGL,252.19000244140625,252.19000244140625,252.19000244140625,251.8155059814453,251.85499572753906,3798.0
2024-03-01 15:53:00,MDRX,6.0,6.0,6.010000228881836,5.900000095367432,6.010000228881836,875661.0
2024-03-01 15:53:00,MDXG,8.604999542236328,8.604999542236328,8.609999656677246,8.585000038146973,8.585000038146973,10019.0
2024-03-01 15:53:00,ME,0.5460500121116638,0.5460500121116638,0.5465999841690063,0.5460500121116638,0.5465999841690063,30628.0
2024-03-01 15:53:00,MEDP,402.8299865722656,402.8299865722656,402.8500061035156,402.7099914550781,402.7099914550781,2440.0
2024-03-01 15:53:00,MGNX,18.887500762939453,18.887500762939453,18.889999389648438,18.860000610351562,18.860000610351562,6364.0
2024-03-01 15:53:00,MGTX,6.409999847412109,6.409999847412109,6.409999847412109,6.409999847412109,6.409999847412109,954.0
2024-03-01 15:53:00,MIRM,29.18000030517578,29.18000030517578,29.18000030517578,29.135000228881836,29.135000228881836,5564.0
2024-03-01 15:53:00,MIST,1.7050000429153442,1.7050000429153442,1.7100000381469727,1.7000000476837158,1.7100000381469727,4213.0
2024-03-01 15:53:00,MLTX,50.834999084472656,50.834999084472656,50.880001068115234,50.834999084472656,50.880001068115234,1281.0
2024-03-01 15:53:00,MMSI,76.08000183105469,76.08000183105469,76.08000183105469,76.05999755859375,76.07499694824219,1477.0
2024-03-01 15:53:00,MNKD,4.506499767303467,4.506499767303467,4.506499767303467,4.5,4.505000114440918,11287.0
2024-03-01 15:53:00,MNMD,6.199999809265137,6.199999809265137,6.199999809265137,6.195000171661377,6.199999809265137,5878.0
2024-03-01 15:53:00,MNPR,0.9003999829292297,0.9003999829292297,0.9207000136375427,0.9003999829292297,0.9207000136375427,4847.0
2024-03-01 15:53:00,MODD,1.9500000476837158,1.9500000476837158,1.9500000476837158,1.940000057220459,1.940000057220459,1110.0
2024-03-01 15:53:00,MODV,28.299999237060547,28.299999237060547,28.299999237060547,28.149999618530273,28.15999984741211,2813.0
2024-03-01 15:53:00,MOR,17.674999237060547,17.674999237060547,17.68000030517578,17.674999237060547,17.68000030517578,1765.0
2024-03-01 15:53:00,MORF,39.6349983215332,39.6349983215332,39.650001525878906,39.630001068115234,39.630001068115234,1972.0
2024-03-01 15:53:00,MOTS,0.6570000052452087,0.6570000052452087,0.6570000052452087,0.6570000052452087,0.6570000052452087,401.0
2024-03-01 15:53:00,MREO,3.944999933242798,3.944999933242798,3.944999933242798,3.9200000762939453,3.924999952316284,7907.0
2024-03-01 15:53:00,MRNA,95.22000122070312,95.22000122070312,95.2300033569336,95.16000366210938,95.19499969482422,12895.0
2024-03-01 15:53:00,MRNS,9.885000228881836,9.885000228881836,9.90999984741211,9.880000114440918,9.90999984741211,5022.0
2024-03-01 15:53:00,MRSN,5.925000190734863,5.925000190734863,5.945000171661377,5.920000076293945,5.945000171661377,33970.0
2024-03-01 15:53:00,MRUS,51.5,51.5,51.52000045776367,51.459999084472656,51.4900016784668,11527.0
2024-03-01 15:53:00,MRVI,7.599999904632568,7.599999904632568,7.599999904632568,7.590000152587891,7.590000152587891,37676.0
2024-03-01 15:53:00,MXCT,4.730000019073486,4.730000019073486,4.730000019073486,4.724999904632568,4.730000019073486,1874.0
2024-03-01 15:53:00,MYGN,22.100000381469727,22.100000381469727,22.100000381469727,22.049999237060547,22.049999237060547,4782.0
2024-03-01 15:53:00,MYMD,3.309999942779541,3.309999942779541,3.309999942779541,3.309999942779541,3.309999942779541,233.0
2024-03-01 15:53:00,NARI,45.2400016784668,45.2400016784668,45.2400016784668,45.18000030517578,45.189998626708984,25319.0
2024-03-01 15:53:00,NAUT,2.680000066757202,2.680000066757202,2.680000066757202,2.680000066757202,2.680000066757202,485.0
2024-03-01 15:53:00,NBIX,131.35000610351562,131.35000610351562,131.3800048828125,131.35000610351562,131.3699951171875,3777.0
2024-03-01 15:53:00,NCNA,0.3199999928474426,0.3199999928474426,0.3199999928474426,0.3199999928474426,0.3199999928474426,300.0
2024-03-01 15:53:00,NEO,15.904999732971191,15.904999732971191,15.9399995803833,15.904999732971191,15.9399995803833,11414.0
2024-03-01 15:53:00,NEOG,17.219999313354492,17.219999313354492,17.237499237060547,17.219999313354492,17.235000610351562,8322.0
2024-03-01 15:53:00,NERV,2.609299898147583,2.609299898147583,2.609299898147583,2.609299898147583,2.609299898147583,400.0
2024-03-01 15:53:00,NEXI,6.440000057220459,6.440000057220459,6.440000057220459,6.380000114440918,6.380000114440918,1205.0
2024-03-01 15:53:00,NGM,1.5199999809265137,1.5199999809265137,1.5199999809265137,1.5199999809265137,1.5199999809265137,5720.0
2024-03-01 15:53:00,NKTR,0.7502009868621826,0.7502009868621826,0.7533000111579895,0.7486000061035156,0.7486000061035156,4713.0
2024-03-01 15:53:00,NKTX,12.770000457763672,12.770000457763672,12.8100004196167,12.770000457763672,12.8100004196167,3143.0
2024-03-01 15:53:00,NNOX,11.079999923706055,11.079999923706055,11.079999923706055,11.0649995803833,11.074999809265137,9416.0
2024-03-01 15:53:00,NOTV,7.96999979019165,7.96999979019165,7.9721999168396,7.945000171661377,7.9721999168396,5453.0
2024-03-01 15:53:00,NPCE,16.079999923706055,16.079999923706055,16.190000534057617,16.079999923706055,16.190000534057617,4272.0
2024-03-01 15:53:00,NRBO,6.150000095367432,6.150000095367432,6.15500020980835,6.144999980926514,6.15500020980835,637.0
2024-03-01 15:53:00,NRIX,13.550000190734863,13.550000190734863,13.550000190734863,13.545000076293945,13.550000190734863,2709.0
2024-03-01 15:53:00,NRSN,2.016900062561035,2.016900062561035,2.016900062561035,2.009999990463257,2.009999990463257,500.0
2024-03-01 15:53:00,NRXP,0.43810001015663147,0.43810001015663147,0.43970000743865967,0.43810001015663147,0.43959999084472656,1352.0
2024-03-01 15:53:00,NTLA,32.720001220703125,32.720001220703125,32.720001220703125,32.68000030517578,32.68000030517578,6862.0
2024-03-01 15:53:00,NTRA,89.33999633789062,89.33999633789062,89.4800033569336,89.0999984741211,89.47000122070312,24190.0
2024-03-01 15:53:00,NUTX,0.11394999921321869,0.11394999921321869,0.11394999921321869,0.1137000024318695,0.11375000327825546,5274.0
2024-03-01 15:53:00,NUVL,87.16999816894531,87.16999816894531,87.18499755859375,87.12000274658203,87.17500305175781,3245.0
2024-03-01 15:53:00,NUWE,0.5891000032424927,0.5891000032424927,0.5989000201225281,0.5889999866485596,0.5989000201225281,12960.0
2024-03-01 15:53:00,NVAX,5.355000019073486,5.355000019073486,5.369999885559082,5.340000152587891,5.369999885559082,140897.0
2024-03-01 15:53:00,NVCR,16.260000228881836,16.260000228881836,16.270000457763672,16.200000762939453,16.229999542236328,13916.0
2024-03-01 15:53:00,NVCT,10.680000305175781,10.680000305175781,10.730899810791016,10.680000305175781,10.730899810791016,320.0
2024-03-01 15:53:00,NVNO,6.460000038146973,6.460000038146973,6.460000038146973,6.409999847412109,6.417399883270264,5143.0
2024-03-01 15:53:00,NVOS,0.6299999952316284,0.6299999952316284,0.6395009756088257,0.6299999952316284,0.6395009756088257,317.0
2024-03-01 15:53:00,OCGN,0.9470000267028809,0.9470000267028809,0.9470000267028809,0.9458000063896179,0.9470000267028809,4109.0
2024-03-01 15:53:00,OCUL,10.734999656677246,10.734999656677246,10.739999771118164,10.723999977111816,10.729999542236328,8508.0
2024-03-01 15:53:00,OCUP,2.509999990463257,2.509999990463257,2.5199999809265137,2.509999990463257,2.5199999809265137,4447.0
2024-03-01 15:53:00,OFIX,12.984999656677246,12.984999656677246,12.984999656677246,12.979999542236328,12.979999542236328,1259.0
2024-03-01 15:53:00,OGI,2.1649999618530273,2.1649999618530273,2.1649999618530273,2.1600000858306885,2.1600000858306885,1601.0
2024-03-01 15:53:00,OLK,23.0049991607666,23.0049991607666,23.0049991607666,23.0049991607666,23.0049991607666,1294.0
2024-03-01 15:53:00,OLMA,14.78499984741211,14.78499984741211,14.800000190734863,14.760000228881836,14.760000228881836,5488.0
2024-03-01 15:53:00,OM,3.0950000286102295,3.0950000286102295,3.0999999046325684,3.0799999237060547,3.0850000381469727,13498.0
2024-03-01 15:53:00,OMCL,26.299999237060547,26.299999237060547,26.334999084472656,26.299999237060547,26.31999969482422,5166.0
2024-03-01 15:53:00,OMER,4.795000076293945,4.795000076293945,4.800000190734863,4.795000076293945,4.800000190734863,443.0
2024-03-01 15:53:00,OMGA,4.329999923706055,4.329999923706055,4.329999923706055,4.326000213623047,4.326000213623047,1551.0
2024-03-01 15:53:00,ONTX,0.8274000287055969,0.8274000287055969,0.8274000287055969,0.8274000287055969,0.8274000287055969,302.0
2024-03-01 15:54:00,AADI,1.9299999475479126,1.9299999475479126,1.9299999475479126,1.9199999570846558,1.9199999570846558,4459.0
2024-03-01 15:54:00,ABCL,5.054999828338623,5.054999828338623,5.059999942779541,5.04010009765625,5.045000076293945,24971.0
2024-03-01 15:54:00,ABEO,7.775000095367432,7.775000095367432,7.775000095367432,7.775000095367432,7.775000095367432,448.0
2024-03-01 15:54:00,ABOS,4.650000095367432,4.650000095367432,4.659999847412109,4.650000095367432,4.650000095367432,5203.0
2024-03-01 15:54:00,ABSI,5.485000133514404,5.485000133514404,5.5,5.429999828338623,5.429999828338623,67800.0
2024-03-01 15:54:00,ABUS,2.7850000858306885,2.7850000858306885,2.7899999618530273,2.7850000858306885,2.7850000858306885,2741.0
2024-03-01 15:54:00,ACAD,24.05500030517578,24.05500030517578,24.1200008392334,24.049999237060547,24.094999313354492,29886.0
2024-03-01 15:54:00,ACB,3.1700000762939453,3.1700000762939453,3.1700000762939453,3.1600000858306885,3.1700000762939453,11847.0
2024-03-01 15:54:00,ACCD,9.9399995803833,9.9399995803833,9.9399995803833,9.90999984741211,9.90999984741211,6340.0
2024-03-01 15:54:00,ACET,2.369999885559082,2.369999885559082,2.375,2.369999885559082,2.369999885559082,3064.0
2024-03-01 15:54:00,ACHC,84.01000213623047,84.01000213623047,84.0199966430664,84.01000213623047,84.0199966430664,1711.0
2024-03-01 15:54:00,ACHV,4.440000057220459,4.440000057220459,4.440000057220459,4.440000057220459,4.440000057220459,124.0
2024-03-01 15:54:00,ACIU,3.819999933242798,3.819999933242798,3.819999933242798,3.809999942779541,3.809999942779541,388.0
2024-03-01 15:54:00,ACLX,67.11000061035156,67.11000061035156,67.16000366210938,66.86000061035156,66.92500305175781,10150.0
2024-03-01 15:54:00,ACON,0.39989998936653137,0.39989998936653137,0.39989998936653137,0.39989998936653137,0.39989998936653137,1299.0
2024-03-01 15:54:00,ACRS,1.2350000143051147,1.2350000143051147,1.2400000095367432,1.2300000190734863,1.2400000095367432,19798.0
2024-03-01 15:54:00,ADAP,1.5800000429153442,1.5800000429153442,1.590000033378601,1.5800000429153442,1.5800000429153442,14432.0
2024-03-01 15:54:00,ADIL,3.1451001167297363,3.1451001167297363,3.1700000762939453,3.119999885559082,3.1201000213623047,39615.0
2024-03-01 15:54:00,ADMA,5.514999866485596,5.514999866485596,5.519999980926514,5.5,5.5,40150.0
2024-03-01 15:54:00,ADPT,4.019999980926514,4.019999980926514,4.025000095367432,4.010000228881836,4.014999866485596,12190.0
2024-03-01 15:54:00,ADUS,94.0,94.0,94.0,94.0,94.0,629.0
2024-03-01 15:54:00,ADVM,1.9800000190734863,1.9800000190734863,1.9800000190734863,1.975000023841858,1.9800000190734863,5206.0
2024-03-01 15:54:00,AEMD,1.7400000095367432,1.7400000095367432,1.7400000095367432,1.7400000095367432,1.7400000095367432,641.0
2024-03-01 15:54:00,AFMD,0.6611999869346619,0.6611999869346619,0.661899983882904,0.6611999869346619,0.6611999869346619,1912.0
2024-03-01 15:54:00,AGEN,0.6632999777793884,0.6632999777793884,0.6650999784469604,0.6632000207901001,0.6650500297546387,101081.0
2024-03-01 15:54:00,AGIO,32.2599983215332,32.2599983215332,32.28900146484375,32.25,32.25,10112.0
2024-03-01 15:54:00,AGRX,0.8499000072479248,0.8499000072479248,0.8499000072479248,0.8399999737739563,0.8399999737739563,9682.0
2024-03-01 15:54:00,AHCO,10.585000038146973,10.585000038146973,10.59000015258789,10.550100326538086,10.5600004196167,20350.0
2024-03-01 15:54:00,AIH,0.5185999870300293,0.5185999870300293,0.5199999809265137,0.5185999870300293,0.5199999809265137,2380.0
2024-03-01 15:54:00,AIMD,1.0199999809265137,1.0199999809265137,1.0454000234603882,1.0199999809265137,1.0454000234603882,600.0
2024-03-01 15:54:00,AIRS,6.335000038146973,6.335000038146973,6.360000133514404,6.335000038146973,6.340000152587891,830.0
2024-03-01 15:54:00,AKBA,1.7000000476837158,1.7000000476837158,1.7000000476837158,1.6950000524520874,1.7000000476837158,12542.0
2024-03-01 15:54:00,AKLI,0.3449999988079071,0.3449999988079071,0.3449999988079071,0.34299999475479126,0.3449999988079071,1603.0
2024-03-01 15:54:00,AKRO,28.200000762939453,28.200000762939453,28.280000686645508,28.190000534057617,28.25,21015.0
2024-03-01 15:54:00,AKYA,6.110000133514404,6.110000133514404,6.130000114440918,6.070000171661377,6.070000171661377,13258.0
2024-03-01 15:54:00,ALDX,4.210000038146973,4.210000038146973,4.21999979019165,4.210000038146973,4.210000038146973,7658.0
2024-03-01 15:54:00,ALEC,7.355000019073486,7.355000019073486,7.360000133514404,7.34499979019165,7.355000019073486,16817.0
2024-03-01 15:54:00,ALGN,301.3299865722656,301.3299865722656,301.3299865722656,300.989990234375,301.05999755859375,10697.0
2024-03-01 15:54:00,ALGS,1.059999942779541,1.059999942779541,1.0800000429153442,1.059999942779541,1.059999942779541,5621.0
2024-03-01 15:54:00,ALHC,5.610000133514404,5.610000133514404,5.630000114440918,5.605000019073486,5.630000114440918,6621.0
2024-03-01 15:54:00,ALKS,30.204999923706055,30.204999923706055,30.212499618530273,30.184999465942383,30.209999084472656,26229.0
2024-03-01 15:54:00,ALLK,1.6349999904632568,1.6349999904632568,1.6349999904632568,1.625,1.625,15002.0
2024-03-01 15:54:00,ALLO,4.889999866485596,4.889999866485596,4.894999980926514,4.880000114440918,4.894999980926514,45771.0
2024-03-01 15:54:00,ALNY,153.16000366210938,153.16000366210938,153.32000732421875,153.16000366210938,153.1999969482422,7359.0
2024-03-01 15:54:00,ALPN,36.0099983215332,36.0099983215332,36.029998779296875,35.994998931884766,36.0,8210.0
2024-03-01 15:54:00,ALT,12.125,12.125,12.130000114440918,12.074999809265137,12.074999809265137,45227.0
2024-03-01 15:54:00,ALVO,15.720000267028809,15.720000267028809,15.729999542236328,15.720000267028809,15.720000267028809,1381.0
2024-03-01 15:54:00,ALVR,0.7491999864578247,0.7491999864578247,0.7491999864578247,0.7483999729156494,0.7483999729156494,419.0
2024-03-01 15:54:00,ALXO,14.947699546813965,14.947699546813965,15.0,14.947699546813965,14.979999542236328,5481.0
2024-03-01 15:54:00,AMED,93.29000091552734,93.29000091552734,93.31999969482422,93.29000091552734,93.31999969482422,445.0
2024-03-01 15:54:00,AMGN,280.2900085449219,280.2900085449219,280.5199890136719,280.1700134277344,280.45001220703125,42058.0
2024-03-01 15:54:00,AMLX,18.639999389648438,18.639999389648438,18.639999389648438,18.6299991607666,18.639999389648438,2453.0
2024-03-01 15:54:00,AMPH,46.11000061035156,46.11000061035156,46.150001525878906,45.89500045776367,45.95000076293945,14773.0
2024-03-01 15:54:00,AMRN,1.0549999475479126,1.0549999475479126,1.0549999475479126,1.0499999523162842,1.0499999523162842,22210.0
2024-03-01 15:54:00,ANAB,25.290000915527344,25.290000915527344,25.309999465942383,25.290000915527344,25.299999237060547,1156.0
2024-03-01 15:54:00,ANGO,5.480000019073486,5.480000019073486,5.480000019073486,5.46999979019165,5.480000019073486,8779.0
2024-03-01 15:54:00,ANIK,25.049999237060547,25.049999237060547,25.049999237060547,25.049999237060547,25.049999237060547,184.0
2024-03-01 15:54:00,ANIP,66.92500305175781,66.92500305175781,66.94999694824219,66.9000015258789,66.91999816894531,2783.0
2024-03-01 15:54:00,ANIX,3.5199999809265137,3.5199999809265137,3.5199999809265137,3.5199999809265137,3.5199999809265137,155.0
2024-03-01 15:54:00,ANNX,6.059999942779541,6.059999942779541,6.070000171661377,6.050000190734863,6.054999828338623,14465.0
2024-03-01 15:54:00,ANTX,3.009999990463257,3.009999990463257,3.015000104904175,3.005000114440918,3.005000114440918,4243.0
2024-03-01 15:54:00,APDN,0.5698990225791931,0.5698990225791931,0.5698990225791931,0.5698990225791931,0.5698990225791931,2001.0
2024-03-01 15:54:00,APLS,64.23999786376953,64.23999786376953,64.33499908447266,64.22000122070312,64.28500366210938,19002.0
2024-03-01 15:54:00,APLT,7.09499979019165,7.09499979019165,7.099999904632568,7.070000171661377,7.074999809265137,9205.0
2024-03-01 15:54:00,AQST,4.21999979019165,4.21999979019165,4.239799976348877,4.21999979019165,4.239799976348877,9268.0
2024-03-01 15:54:00,ARAY,2.609999895095825,2.609999895095825,2.615000009536743,2.609999895095825,2.615000009536743,1332.0
2024-03-01 15:54:00,ARCT,39.529998779296875,39.529998779296875,39.529998779296875,39.459999084472656,39.459999084472656,1748.0
2024-03-01 15:54:00,ARDX,9.345000267028809,9.345000267028809,9.350000381469727,9.319999694824219,9.324999809265137,33149.0
2024-03-01 15:54:00,ARQT,11.635000228881836,11.635000228881836,11.645000457763672,11.550000190734863,11.555000305175781,57920.0
2024-03-01 15:54:00,ARVN,47.29899978637695,47.29899978637695,47.29899978637695,47.22999954223633,47.23500061035156,6263.0
2024-03-01 15:54:00,ARWR,36.154998779296875,36.154998779296875,36.15999984741211,35.97999954223633,35.9900016784668,28434.0
2024-03-01 15:54:00,ASLN,0.710099995136261,0.710099995136261,0.7102000117301941,0.710099995136261,0.7102000117301941,1203.0
2024-03-01 15:54:00,ASND,153.1199951171875,153.1199951171875,153.1199951171875,152.8699951171875,152.94000244140625,4384.0
2024-03-01 15:54:00,ASRT,0.8799999952316284,0.8799999952316284,0.8812000155448914,0.8774499893188477,0.8812000155448914,3100.0
2024-03-01 15:54:00,ATAI,2.125,2.125,2.125,2.125,2.125,666.0
2024-03-01 15:54:00,ATEC,13.420000076293945,13.420000076293945,13.425000190734863,13.399999618530273,13.40999984741211,13795.0
2024-03-01 15:54:00,ATHA,3.930000066757202,3.930000066757202,3.934999942779541,3.930000066757202,3.934999942779541,465.0
2024-03-01 15:54:00,ATHE,1.8200000524520874,1.8200000524520874,1.8300000429153442,1.8049999475479126,1.8240000009536743,1054.0
2024-03-01 15:54:00,ATOS,1.0,1.0,1.0099999904632568,1.0,1.0099999904632568,7100.0
2024-03-01 15:54:00,ATRA,0.7702000141143799,0.7702000141143799,0.7706999778747559,0.7699999809265137,0.7699999809265137,10913.0
2024-03-01 15:54:00,ATRC,36.18000030517578,36.18000030517578,36.20000076293945,36.119998931884766,36.119998931884766,7639.0
2024-03-01 15:54:00,ATXI,0.15360000729560852,0.15360000729560852,0.1574999988079071,0.1534000039100647,0.15539999306201935,88795.0
2024-03-01 15:54:00,ATXS,14.899999618530273,14.899999618530273,14.90999984741211,14.880000114440918,14.885000228881836,2896.0
2024-03-01 15:54:00,AUGX,4.590000152587891,4.590000152587891,4.590000152587891,4.559999942779541,4.559999942779541,673.0
2024-03-01 15:54:00,AUPH,5.760000228881836,5.760000228881836,5.760000228881836,5.75,5.755000114440918,7668.0
2024-03-01 15:54:00,AURA,9.199999809265137,9.199999809265137,9.199999809265137,9.199999809265137,9.199999809265137,559.0
2024-03-01 15:54:00,AUTL,6.244999885559082,6.244999885559082,6.25,6.239999771118164,6.25,19217.0
2024-03-01 15:54:00,AVDL,13.779999732971191,13.779999732971191,13.800000190734863,13.770000457763672,13.779999732971191,22496.0
2024-03-01 15:54:00,AVGR,3.7100000381469727,3.7100000381469727,3.7100000381469727,3.7100000381469727,3.7100000381469727,670.0
2024-03-01 15:54:00,AVIR,4.449999809265137,4.449999809265137,4.449999809265137,4.445000171661377,4.449999809265137,4773.0
2024-03-01 15:54:00,AVRO,1.3200000524520874,1.3200000524520874,1.3250000476837158,1.3200000524520874,1.3200000524520874,1858.0
2024-03-01 15:54:00,AVXL,5.275000095367432,5.275000095367432,5.275000095367432,5.255000114440918,5.255000114440918,9928.0
2024-03-01 15:54:00,AXGN,10.739999771118164,10.739999771118164,10.760000228881836,10.739999771118164,10.75,3365.0
2024-03-01 15:54:00,AXNX,67.77999877929688,67.77999877929688,67.81500244140625,67.77999877929688,67.81500244140625,4549.0
2024-03-01 15:54:00,AXSM,82.56999969482422,82.56999969482422,82.56999969482422,82.3499984741211,82.3550033569336,7880.0
2024-03-01 15:54:00,AZN,64.625,64.625,64.65499877929688,64.625,64.6449966430664,55399.0
2024-03-01 15:54:00,AZTA,67.14749908447266,67.14749908447266,67.1500015258789,67.13999938964844,67.1500015258789,3307.0
2024-03-01 15:54:00,BBIO,35.619998931884766,35.619998931884766,35.619998931884766,35.52000045776367,35.529998779296875,52637.0
2024-03-01 15:54:00,BBLG,2.3949999809265137,2.3949999809265137,2.3949999809265137,2.390000104904175,2.390000104904175,600.0
2024-03-01 15:54:00,BCAB,2.8450000286102295,2.8450000286102295,2.8499999046325684,2.8399999141693115,2.8450000286102295,12885.0
2024-03-01 15:54:00,BCDA,0.5799499750137329,0.5799499750137329,0.5799999833106995,0.5799000263214111,0.5799999833106995,1100.0
2024-03-01 15:54:00,BCRX,5.635000228881836,5.635000228881836,5.639999866485596,5.610000133514404,5.610000133514404,49848.0
2024-03-01 15:54:00,BCTX,3.5299999713897705,3.5299999713897705,3.5299999713897705,3.5299999713897705,3.5299999713897705,277.0
2024-03-01 15:54:00,BCYC,25.639999389648438,25.639999389648438,25.639999389648438,25.6200008392334,25.639999389648438,1298.0
2024-03-01 15:54:00,BDSX,1.5809999704360962,1.5809999704360962,1.5911999940872192,1.5800000429153442,1.5911999940872192,3645.0
2024-03-01 15:54:00,BDTX,4.755000114440918,4.755000114440918,4.760000228881836,4.739999771118164,4.739999771118164,3059.0
2024-03-01 15:54:00,BEAM,39.915000915527344,39.915000915527344,39.915000915527344,39.66999816894531,39.68000030517578,10737.0
2024-03-01 15:54:00,BFRI,0.8690000176429749,0.8690000176429749,0.8730999827384949,0.8690000176429749,0.8730999827384949,260.0
2024-03-01 15:54:00,BGNE,164.8300018310547,164.8300018310547,164.96499633789062,164.8300018310547,164.96499633789062,1628.0
2024-03-01 15:54:00,BGXX,0.2630999982357025,0.2630999982357025,0.2630999982357025,0.2563999891281128,0.2567000091075897,1483.0
2024-03-01 15:54:00,BIIB,220.8699951171875,220.8699951171875,221.2100067138672,220.55999755859375,220.64500427246094,18611.0
2024-03-01 15:54:00,BIOL,0.14720000326633453,0.14720000326633453,0.14720000326633453,0.1468999981880188,0.14720000326633453,65385.0
2024-03-01 15:54:00,BIOR,1.1100000143051147,1.1100000143051147,1.1100000143051147,1.1050000190734863,1.1100000143051147,17565.0
2024-03-01 15:54:00,BIVI,1.875,1.875,1.8799999952316284,1.8550000190734863,1.8698999881744385,35951.0
2024-03-01 15:54:00,BLCM,0.08009999990463257,0.08009999990463257,0.08009999990463257,0.08009999990463257,0.08009999990463257,500.0
2024-03-01 15:54:00,BLFS,17.9950008392334,17.9950008392334,17.9950008392334,17.860000610351562,17.875,12654.0
2024-03-01 15:54:00,BLTE,46.55500030517578,46.55500030517578,46.599998474121094,46.499900817871094,46.5,4111.0
2024-03-01 15:54:00,BLUE,1.5750000476837158,1.5750000476837158,1.5799000263214111,1.5700000524520874,1.5750000476837158,22965.0
2024-03-01 15:54:00,BMEA,17.799999237060547,17.799999237060547,17.80500030517578,17.739999771118164,17.760000228881836,4593.0
2024-03-01 15:54:00,BMRA,1.2300000190734863,1.2300000190734863,1.2300000190734863,1.2000000476837158,1.2000000476837158,219.0
2024-03-01 15:54:00,BMRN,87.37999725341797,87.37999725341797,87.47799682617188,87.36000061035156,87.47000122070312,18733.0
2024-03-01 15:54:00,BNGO,1.25,1.25,1.25,1.2450000047683716,1.2450000047683716,1887.0
2024-03-01 15:54:00,BNOX,1.2100000381469727,1.2100000381469727,1.2100000381469727,1.2100000381469727,1.2100000381469727,102.0
2024-03-01 15:54:00,BNR,0.8400499820709229,0.8400499820709229,0.8500999808311462,0.8299999833106995,0.8500999808311462,300.0
2024-03-01 15:54:00,BNTX,90.75499725341797,90.75499725341797,90.81999969482422,90.63999938964844,90.6500015258789,3709.0
2024-03-01 15:54:00,BOLT,1.2100000381469727,1.2100000381469727,1.2100000381469727,1.2100000381469727,1.2100000381469727,106.0
2024-03-01 15:54:00,BPMC,95.22000122070312,95.22000122070312,95.29000091552734,94.97000122070312,95.05500030517578,10362.0
2024-03-01 15:54:00,BRKR,88.31999969482422,88.31999969482422,88.4000015258789,88.31999969482422,88.4000015258789,5738.0
2024-03-01 15:54:00,BRTX,1.5099999904632568,1.5099999904632568,1.5099999904632568,1.472000002861023,1.4819999933242798,5046.0
2024-03-01 15:54:00,BTAI,3.194999933242798,3.194999933242798,3.200000047683716,3.194999933242798,3.197999954223633,1761.0
2024-03-01 15:54:00,BTTX,0.17800000309944153,0.17800000309944153,0.18245500326156616,0.17800000309944153,0.17910000681877136,18308.0
2024-03-01 15:54:00,BVS,4.829999923706055,4.829999923706055,4.829999923706055,4.820000171661377,4.820000171661377,2220.0
2024-03-01 15:54:00,BWAY,6.605000019073486,6.605000019073486,6.610000133514404,6.579999923706055,6.599999904632568,13085.0
2024-03-01 15:54:00,CABA,23.985000610351562,23.985000610351562,24.0,23.969999313354492,23.969999313354492,9855.0
2024-03-01 15:54:00,CADL,1.7450000047683716,1.7450000047683716,1.7450000047683716,1.7450000047683716,1.7450000047683716,459.0
2024-03-01 15:54:00,CAPR,4.559999942779541,4.559999942779541,4.559999942779541,4.559999942779541,4.559999942779541,493.0
2024-03-01 15:54:00,CARA,0.9318000078201294,0.9318000078201294,0.9599999785423279,0.9318000078201294,0.9441999793052673,32118.0
2024-03-01 15:54:00,CBAY,32.224998474121094,32.224998474121094,32.224998474121094,32.220001220703125,32.224998474121094,9507.0
2024-03-01 15:54:00,CCCC,10.994999885559082,10.994999885559082,11.0,10.980199813842773,10.984999656677246,14029.0
2024-03-01 15:54:00,CCEL,4.959000110626221,4.959000110626221,4.989999771118164,4.959000110626221,4.989999771118164,4052.0
2024-03-01 15:54:00,CCRN,18.360000610351562,18.360000610351562,18.360000610351562,18.350000381469727,18.350000381469727,4380.0
2024-03-01 15:54:00,CDMO,8.239999771118164,8.239999771118164,8.239999771118164,8.21500015258789,8.220000267028809,14223.0
2024-03-01 15:54:00,CDNA,12.005000114440918,12.005000114440918,12.020000457763672,11.920000076293945,11.920000076293945,23814.0
2024-03-01 15:54:00,CDTX,0.7195000052452087,0.7195000052452087,0.7195000052452087,0.7195000052452087,0.7195000052452087,240.0
2024-03-01 15:54:00,CDXS,4.650000095367432,4.650000095367432,4.659999847412109,4.635000228881836,4.635000228881836,6147.0
2024-03-01 15:54:00,CELC,17.290000915527344,17.290000915527344,17.299999237060547,17.25,17.2549991607666,4456.0
2024-03-01 15:54:00,CELZ,4.2845001220703125,4.2845001220703125,4.2845001220703125,4.2845001220703125,4.2845001220703125,225.0
2024-03-01 15:54:00,CERE,41.064998626708984,41.064998626708984,41.06999969482422,41.060001373291016,41.060001373291016,3798.0
2024-03-01 15:54:00,CERS,2.180000066757202,2.180000066757202,2.180000066757202,2.1700000762939453,2.180000066757202,6131.0
2024-03-01 15:54:00,CERT,18.329999923706055,18.329999923706055,18.34000015258789,18.260000228881836,18.290000915527344,15348.0
2024-03-01 15:54:00,CGC,3.2049999237060547,3.2049999237060547,3.2100000381469727,3.190000057220459,3.194999933242798,32603.0
2024-03-01 15:54:00,CGEM,18.459999084472656,18.459999084472656,18.489999771118164,18.459999084472656,18.469999313354492,3119.0
2024-03-01 15:54:00,CGEN,2.6705000400543213,2.6705000400543213,2.680000066757202,2.6600000858306885,2.6600000858306885,10903.0
2024-03-01 15:54:00,CHRS,2.4000000953674316,2.4000000953674316,2.4000000953674316,2.380000114440918,2.380000114440918,25376.0
2024-03-01 15:54:00,CING,1.320099949836731,1.320099949836731,1.3238999843597412,1.3200000524520874,1.3200000524520874,1555.0
2024-03-01 15:54:00,CJJD,2.9100000858306885,2.9100000858306885,2.9100000858306885,2.9100000858306885,2.9100000858306885,341.0
2024-03-01 15:54:00,CLDX,52.2400016784668,52.2400016784668,52.279998779296875,51.779998779296875,51.779998779296875,11194.0
2024-03-01 15:54:00,CLOV,0.8653500080108643,0.8653500080108643,0.8654000163078308,0.8652999997138977,0.8652999997138977,21848.0
2024-03-01 15:54:00,CLPT,6.659999847412109,6.659999847412109,6.659999847412109,6.639999866485596,6.639999866485596,1917.0
2024-03-01 15:54:00,CLRB,4.159999847412109,4.159999847412109,4.170000076293945,4.159999847412109,4.159999847412109,1253.0
2024-03-01 15:54:00,CMPS,11.5,11.5,11.5,11.489999771118164,11.5,4330.0
2024-03-01 15:54:00,CMPX,1.8974000215530396,1.8974000215530396,1.8974000215530396,1.8974000215530396,1.8974000215530396,209.0
2024-03-01 15:54:00,CMRX,1.1799999475479126,1.1799999475479126,1.180999994277954,1.1799999475479126,1.180999994277954,2625.0
2024-03-01 15:54:00,CNSP,0.3000999987125397,0.3000999987125397,0.3199999928474426,0.3000999987125397,0.30570000410079956,18115.0
2024-03-01 15:54:00,COCP,1.4900000095367432,1.4900000095367432,1.4900000095367432,1.4900000095367432,1.4900000095367432,200.0
2024-03-01 15:54:00,COGT,7.295000076293945,7.295000076293945,7.315000057220459,7.295000076293945,7.315000057220459,13499.0
2024-03-01 15:54:00,COLL,37.04999923706055,37.04999923706055,37.04999923706055,36.959999084472656,36.959999084472656,3324.0
2024-03-01 15:54:00,CORT,24.1299991607666,24.1299991607666,24.139999389648438,24.065000534057617,24.06999969482422,12594.0
2024-03-01 15:54:00,COSM,0.7850000262260437,0.7850000262260437,0.7850000262260437,0.7752000093460083,0.7752000093460083,1990.0
2024-03-01 15:54:00,CPRX,16.989999771118164,16.989999771118164,17.065000534057617,16.989999771118164,17.059999465942383,35086.0
2024-03-01 15:54:00,CPSI,9.225000381469727,9.225000381469727,9.239999771118164,9.220000267028809,9.239999771118164,3170.0
2024-03-01 15:54:00,CRBP,34.47999954223633,34.47999954223633,34.56999969482422,34.47999954223633,34.56999969482422,1394.0
2024-03-01 15:54:00,CRBU,7.800000190734863,7.800000190734863,7.800000190734863,7.769999980926514,7.769999980926514,15250.0
2024-03-01 15:54:00,CRDF,2.9502999782562256,2.9502999782562256,2.9600000381469727,2.930000066757202,2.940000057220459,59192.0
2024-03-01 15:54:00,CRDL,1.9500000476837158,1.9500000476837158,1.9500000476837158,1.940000057220459,1.940000057220459,9967.0
2024-03-01 15:54:00,CRIS,10.119999885559082,10.119999885559082,10.119999885559082,10.119999885559082,10.119999885559082,393.0
2024-03-01 15:54:00,CRMD,3.6600000858306885,3.6600000858306885,3.6600000858306885,3.6500000953674316,3.6549999713897705,578.0
2024-03-01 15:54:00,CRNX,46.02000045776367,46.02000045776367,46.040000915527344,45.90999984741211,45.91999816894531,14335.0
2024-03-01 15:54:00,CRON,2.0199999809265137,2.0199999809265137,2.0199999809265137,2.015000104904175,2.0199999809265137,25636.0
2024-03-01 15:54:00,CRSP,83.94999694824219,83.94999694824219,84.02069854736328,83.93000030517578,83.94000244140625,10102.0
2024-03-01 15:54:00,CRVS,2.1875,2.1875,2.2100000381469727,2.1875,2.20989990234375,4670.0
2024-03-01 15:54:00,CSTL,19.969999313354492,19.969999313354492,19.979999542236328,19.950000762939453,19.969999313354492,7076.0
2024-03-01 15:54:00,CTKB,9.109999656677246,9.109999656677246,9.109999656677246,9.03499984741211,9.03499984741211,35637.0
2024-03-01 15:54:00,CTMX,2.5899999141693115,2.5899999141693115,2.5950000286102295,2.5899999141693115,2.5950000286102295,14496.0
2024-03-01 15:54:00,CTXR,0.7759000062942505,0.7759000062942505,0.7781000137329102,0.7759000062942505,0.7766000032424927,1122.0
2024-03-01 15:54:00,CUE,2.109999895095825,2.109999895095825,2.115000009536743,2.109999895095825,2.109999895095825,1616.0
2024-03-01 15:54:00,CUTR,2.390000104904175,2.390000104904175,2.390000104904175,2.384999990463257,2.384999990463257,363.0
2024-03-01 15:54:00,CVAC,3.4700000286102295,3.4700000286102295,3.4700000286102295,3.4549999237060547,3.4549999237060547,8025.0
2024-03-01 15:54:00,CVRX,20.829999923706055,20.829999923706055,20.84000015258789,20.809999465942383,20.809999465942383,1321.0
2024-03-01 15:54:00,CYTH,1.6100000143051147,1.6100000143051147,1.6100000143051147,1.6100000143051147,1.6100000143051147,526.0
2024-03-01 15:54:00,CYTK,73.94000244140625,73.94000244140625,74.0,73.94000244140625,73.97000122070312,16087.0
2024-03-01 15:54:00,CYTO,2.359999895095825,2.359999895095825,2.440000057220459,2.359999895095825,2.440000057220459,1665.0
2024-03-01 15:54:00,DARE,0.5465999841690063,0.5465999841690063,0.5544999837875366,0.5465999841690063,0.5544999837875366,452.0
2024-03-01 15:54:00,DAWN,17.5,17.5,17.5,17.479999542236328,17.489999771118164,5889.0
2024-03-01 15:54:00,DBVT,0.8299999833106995,0.8299999833106995,0.8299999833106995,0.8299999833106995,0.8299999833106995,257.0
2024-03-01 15:54:00,DCGO,4.10699987411499,4.10699987411499,4.114999771118164,4.098999977111816,4.099999904632568,25720.0
2024-03-01 15:54:00,DCPH,17.389999389648438,17.389999389648438,17.389999389648438,17.34000015258789,17.34000015258789,7948.0
2024-03-01 15:54:00,DCTH,4.210000038146973,4.210000038146973,4.210000038146973,4.210000038146973,4.210000038146973,126.0
2024-03-01 15:54:00,DERM,4.119999885559082,4.119999885559082,4.135000228881836,4.119999885559082,4.130000114440918,659.0
2024-03-01 15:54:00,DH,8.9399995803833,8.9399995803833,8.9399995803833,8.899999618530273,8.899999618530273,8549.0
2024-03-01 15:54:00,DMTK,0.8700000047683716,0.8700000047683716,0.8700000047683716,0.8598999977111816,0.8600000143051147,6442.0
2024-03-01 15:54:00,DNLI,20.700000762939453,20.700000762939453,20.709999084472656,20.6299991607666,20.639999389648438,11946.0
2024-03-01 15:54:00,DSGN,2.859999895095825,2.859999895095825,2.859999895095825,2.8499999046325684,2.8499999046325684,1373.0
2024-03-01 15:54:00,DTIL,12.625,12.625,12.739999771118164,12.5,12.604999542236328,9721.0
2024-03-01 15:54:00,DVAX,12.760000228881836,12.760000228881836,12.770000457763672,12.760000228881836,12.765000343322754,7928.0
2024-03-01 15:54:00,DXCM,121.70500183105469,121.70500183105469,121.81999969482422,121.66999816894531,121.69499969482422,32536.0
2024-03-01 15:54:00,DYN,29.040000915527344,29.040000915527344,29.06999969482422,28.979999542236328,29.03499984741211,30634.0
2024-03-01 15:54:00,EDIT,10.505000114440918,10.505000114440918,10.510000228881836,10.484999656677246,10.489999771118164,10404.0
2024-03-01 15:54:00,EGRX,6.449999809265137,6.449999809265137,6.460000038146973,6.449999809265137,6.449999809265137,1689.0
2024-03-01 15:54:00,EKSO,1.9900000095367432,1.9900000095367432,2.0,1.9900000095367432,1.9900000095367432,6144.0
2024-03-01 15:54:00,ELDN,1.8200000524520874,1.8200000524520874,1.8200000524520874,1.7599999904632568,1.7599999904632568,15558.0
2024-03-01 15:54:00,ELEV,5.0,5.0,5.014999866485596,5.0,5.014999866485596,20017.0
2024-03-01 15:54:00,EMBC,14.199999809265137,14.199999809265137,14.220000267028809,14.199999809265137,14.220000267028809,2609.0
2024-03-01 15:54:00,ENLV,3.2899999618530273,3.2899999618530273,3.2899999618530273,3.2850000858306885,3.2850000858306885,427.0
2024-03-01 15:54:00,ENSG,121.58000183105469,121.58000183105469,121.58000183105469,121.43499755859375,121.5199966430664,3216.0
2024-03-01 15:54:00,ENTA,15.399999618530273,15.399999618530273,15.529999732971191,15.369999885559082,15.520000457763672,20183.0
2024-03-01 15:54:00,ENVB,1.6399999856948853,1.6399999856948853,1.649999976158142,1.5499999523162842,1.5700000524520874,35274.0
2024-03-01 15:54:00,EOLS,14.869999885559082,14.869999885559082,14.899999618530273,14.869999885559082,14.899999618530273,7374.0
2024-03-01 15:54:00,EPIX,9.229999542236328,9.229999542236328,9.229999542236328,9.220000267028809,9.220000267028809,500.0
2024-03-01 15:54:00,EQ,2.5,2.5,2.5,2.4800000190734863,2.5,1622.0
2024-03-01 15:54:00,ERAS,2.5850000381469727,2.5850000381469727,2.615000009536743,2.569999933242798,2.6050000190734863,84606.0
2024-03-01 15:54:00,ESPR,2.555000066757202,2.555000066757202,2.559999942779541,2.549999952316284,2.555000066757202,40306.0
2024-03-01 15:54:00,ESTA,44.244998931884766,44.244998931884766,44.244998931884766,44.04999923706055,44.095001220703125,7156.0
2024-03-01 15:54:00,ETNB,12.65999984741211,12.65999984741211,12.6899995803833,12.649999618530273,12.6850004196167,21628.0
2024-03-01 15:54:00,EVAX,3.4198999404907227,3.4198999404907227,3.4198999404907227,3.4198999404907227,3.4198999404907227,300.0
2024-03-01 15:54:00,EWTX,16.6200008392334,16.6200008392334,16.6299991607666,16.559999465942383,16.559999465942383,8005.0
2024-03-01 15:54:00,EXAI,6.53000020980835,6.53000020980835,6.53000020980835,6.519999980926514,6.529699802398682,3615.0
2024-03-01 15:54:00,EXAS,59.525001525878906,59.525001525878906,59.540000915527344,59.3849983215332,59.404998779296875,14229.0
2024-03-01 15:54:00,EXEL,22.2549991607666,22.2549991607666,22.2549991607666,22.209999084472656,22.209999084472656,32750.0
2024-03-01 15:54:00,EYEN,2.3949999809265137,2.3949999809265137,2.4000000953674316,2.3949999809265137,2.3949999809265137,13933.0
2024-03-01 15:54:00,EYPT,28.010000228881836,28.010000228881836,28.040000915527344,27.959999084472656,27.989999771118164,40818.0
2024-03-01 15:54:00,FATE,7.71999979019165,7.71999979019165,7.730000019073486,7.699999809265137,7.710000038146973,25400.0
2024-03-01 15:54:00,FBIO,2.4149999618530273,2.4149999618530273,2.4149999618530273,2.4100000858306885,2.4149999618530273,423.0
2024-03-01 15:54:00,FDMT,29.334999084472656,29.334999084472656,29.334999084472656,29.295000076293945,29.295000076293945,3243.0
2024-03-01 15:54:00,FEMY,1.850000023841858,1.850000023841858,1.850000023841858,1.8250000476837158,1.8300000429153442,14236.0
2024-03-01 15:54:00,FGEN,1.8350000381469727,1.8350000381469727,1.8350000381469727,1.8300000429153442,1.8320000171661377,5010.0
2024-03-01 15:54:00,FHTX,7.815000057220459,7.815000057220459,7.840000152587891,7.784999847412109,7.784999847412109,1996.0
2024-03-01 15:54:00,FLGT,23.225000381469727,23.225000381469727,23.229999542236328,23.18000030517578,23.18000030517578,3041.0
2024-03-01 15:54:00,FOLD,13.274999618530273,13.274999618530273,13.28499984741211,13.270000457763672,13.279999732971191,40998.0
2024-03-01 15:54:00,FONR,22.81999969482422,22.81999969482422,22.81999969482422,22.81999969482422,22.81999969482422,308.0
2024-03-01 15:54:00,FULC,11.010000228881836,11.010000228881836,11.010000228881836,11.0,11.0,2360.0
2024-03-01 15:54:00,FUSN,12.029999732971191,12.029999732971191,12.069999694824219,12.020000457763672,12.020000457763672,19557.0
2024-03-01 15:54:00,GALT,1.9299999475479126,1.9299999475479126,1.9299999475479126,1.9299999475479126,1.9299999475479126,1547.0
2024-03-01 15:54:00,GDRX,8.385000228881836,8.385000228881836,8.385000228881836,8.350000381469727,8.354999542236328,28851.0
2024-03-01 15:54:00,GEG,1.9700000286102295,1.9700000286102295,1.9700000286102295,1.9700000286102295,1.9700000286102295,1037.0
2024-03-01 15:54:00,GENE,2.3499999046325684,2.3499999046325684,2.3499999046325684,2.3499999046325684,2.3499999046325684,166.0
2024-03-01 15:54:00,GERN,2.25,2.25,2.259999990463257,2.24399995803833,2.25,178167.0
2024-03-01 15:54:00,GH,18.969999313354492,18.969999313354492,19.014999389648438,18.969999313354492,19.014999389648438,9183.0
2024-03-01 15:54:00,GHRS,8.4399995803833,8.4399995803833,8.4399995803833,8.40999984741211,8.40999984741211,1795.0
2024-03-01 15:54:00,GILD,72.30500030517578,72.30500030517578,72.31999969482422,72.19000244140625,72.24500274658203,57654.0
2024-03-01 15:54:00,GLPG,35.099998474121094,35.099998474121094,35.099998474121094,35.099998474121094,35.099998474121094,778.0
2024-03-01 15:54:00,GLSI,12.899999618530273,12.899999618530273,12.899999618530273,12.819999694824219,12.890000343322754,801.0
2024-03-01 15:54:00,GLUE,6.289999961853027,6.289999961853027,6.320000171661377,6.289999961853027,6.320000171661377,426.0
2024-03-01 15:54:00,GLYC,3.0199999809265137,3.0199999809265137,3.0199999809265137,3.0199999809265137,3.0199999809265137,520.0
2024-03-01 15:54:00,GMAB,29.295000076293945,29.295000076293945,29.31999969482422,29.290000915527344,29.31999969482422,8187.0
2024-03-01 15:54:00,GMDA,0.3824000060558319,0.3824000060558319,0.38370001316070557,0.3824000060558319,0.38370001316070557,1461.0
2024-03-01 15:54:00,GOSS,1.3949999809265137,1.3949999809265137,1.409999966621399,1.3949999809265137,1.399999976158142,7296.0
2024-03-01 15:54:00,GRFS,7.005000114440918,7.005000114440918,7.005000114440918,6.990099906921387,7.0,26274.0
2024-03-01 15:54:00,GRTS,2.016900062561035,2.016900062561035,2.0199999809265137,2.015000104904175,2.0199999809265137,37087.0
2024-03-01 15:54:00,GTHX,3.7100000381469727,3.7100000381469727,3.7100000381469727,3.702500104904175,3.7100000381469727,4512.0
2024-03-01 15:54:00,HALO,41.12099838256836,41.12099838256836,41.150001525878906,41.099998474121094,41.150001525878906,7767.0
2024-03-01 15:54:00,HARP,22.94499969482422,22.94499969482422,22.950000762939453,22.94499969482422,22.950000762939453,1866.0
2024-03-01 15:54:00,HCAT,8.039999961853027,8.039999961853027,8.0600004196167,8.039999961853027,8.050000190734863,11251.0
2024-03-01 15:54:00,HCM,15.09000015258789,15.09000015258789,15.104999542236328,15.09000015258789,15.104999542236328,394.0
2024-03-01 15:54:00,HCSG,12.845000267028809,12.845000267028809,12.854999542236328,12.84000015258789,12.850000381469727,9204.0
2024-03-01 15:54:00,HCTI,2.0299999713897705,2.0299999713897705,2.0299999713897705,2.0,2.0,3533.0
2024-03-01 15:54:00,HCWB,1.5999000072479248,1.5999000072479248,1.600000023841858,1.5989999771118164,1.5989999771118164,6504.0
2024-03-01 15:54:00,HITI,1.7599999904632568,1.7599999904632568,1.7599999904632568,1.7596999406814575,1.7596999406814575,461.0
2024-03-01 15:54:00,HLVX,19.06999969482422,19.06999969482422,19.09000015258789,19.040000915527344,19.040000915527344,3471.0
2024-03-01 15:54:00,HOLX,73.7699966430664,73.7699966430664,73.80000305175781,73.75,73.79000091552734,28053.0
2024-03-01 15:54:00,HOWL,7.0,7.0,7.0,6.96999979019165,7.0,460.0
2024-03-01 15:54:00,HQY,81.08000183105469,81.08000183105469,81.13999938964844,81.05000305175781,81.12000274658203,7847.0
2024-03-01 15:54:00,HRMY,32.119998931884766,32.119998931884766,32.119998931884766,32.029998779296875,32.08000183105469,3685.0
2024-03-01 15:54:00,HROW,10.899999618530273,10.899999618530273,10.899999618530273,10.899999618530273,10.899999618530273,1147.0
2024-03-01 15:54:00,HRTX,2.5850000381469727,2.5850000381469727,2.5899999141693115,2.5799999237060547,2.5850000381469727,7339.0
2024-03-01 15:54:00,HSCS,0.12200000137090683,0.12200000137090683,0.12200000137090683,0.12200000137090683,0.12200000137090683,1000.0
2024-03-01 15:54:00,HSDT,4.579999923706055,4.579999923706055,4.590000152587891,4.579999923706055,4.585000038146973,1700.0
2024-03-01 15:54:00,HSIC,76.83999633789062,76.83999633789062,76.83999633789062,76.78099822998047,76.8219985961914,10052.0
2024-03-01 15:54:00,HSTM,27.135000228881836,27.135000228881836,27.15999984741211,27.1200008392334,27.149999618530273,8039.0
2024-03-01 15:54:00,HUGE,0.9010000228881836,0.9010000228881836,0.9010000228881836,0.9010000228881836,0.9010000228881836,1500.0
2024-03-01 15:54:00,HUMA,3.265000104904175,3.265000104904175,3.2699999809265137,3.255000114440918,3.265000104904175,24203.0
2024-03-01 15:54:00,HYPR,1.1200000047683716,1.1200000047683716,1.1200000047683716,1.1200000047683716,1.1200000047683716,106.0
2024-03-01 15:54:00,IART,35.9900016784668,35.9900016784668,35.9900016784668,35.95000076293945,35.9900016784668,9214.0
2024-03-01 15:54:00,IBRX,4.710000038146973,4.710000038146973,4.71999979019165,4.710000038146973,4.715000152587891,24246.0
2024-03-01 15:54:00,ICAD,1.8700000047683716,1.8700000047683716,1.8799999952316284,1.8700000047683716,1.8799999952316284,1420.0
2024-03-01 15:54:00,ICCC,5.289899826049805,5.289899826049805,5.289899826049805,5.289899826049805,5.289899826049805,200.0
2024-03-01 15:54:00,ICCM,1.2799999713897705,1.2799999713897705,1.2799999713897705,1.2799999713897705,1.2799999713897705,780.0
2024-03-01 15:54:00,ICLR,325.05499267578125,325.05499267578125,325.05999755859375,324.95001220703125,325.05999755859375,1308.0
2024-03-01 15:54:00,ICUI,105.49500274658203,105.49500274658203,105.49500274658203,105.33000183105469,105.37999725341797,3302.0
2024-03-01 15:54:00,IDXX,575.4000244140625,575.4000244140625,576.0800170898438,575.2899780273438,575.2899780273438,2778.0
2024-03-01 15:54:00,IDYA,46.33000183105469,46.33000183105469,46.369998931884766,46.33000183105469,46.349998474121094,3333.0
2024-03-01 15:54:00,IFRX,1.75,1.75,1.7699999809265137,1.75,1.7549999952316284,1901.0
2024-03-01 15:54:00,IGMS,12.6899995803833,12.6899995803833,12.6899995803833,12.630000114440918,12.630000114440918,1429.0
2024-03-01 15:54:00,IINN,1.6950000524520874,1.6950000524520874,1.6950000524520874,1.6950000524520874,1.6950000524520874,1000.0
2024-03-01 15:54:00,IKNA,1.4700000286102295,1.4700000286102295,1.4700000286102295,1.4700000286102295,1.4700000286102295,365.0
2024-03-01 15:54:00,ILMN,140.58999633789062,140.58999633789062,140.72500610351562,140.35000610351562,140.47999572753906,17907.0
2024-03-01 15:54:00,IMAB,1.7899999618530273,1.7899999618530273,1.7899999618530273,1.7899999618530273,1.7899999618530273,127.0
2024-03-01 15:54:00,IMCR,67.3949966430664,67.3949966430664,67.69999694824219,67.3499984741211,67.69999694824219,11747.0
2024-03-01 15:54:00,IMNM,25.512500762939453,25.512500762939453,25.512500762939453,25.46500015258789,25.46500015258789,1144.0
2024-03-01 15:54:00,IMNN,1.0099999904632568,1.0099999904632568,1.0099999904632568,1.0099999904632568,1.0099999904632568,300.0
2024-03-01 15:54:00,IMTX,12.90999984741211,12.90999984741211,12.90999984741211,12.880000114440918,12.880000114440918,4873.0
2024-03-01 15:54:00,IMUX,1.440000057220459,1.440000057220459,1.4450000524520874,1.440000057220459,1.4407999515533447,1732.0
2024-03-01 15:54:00,IMVT,35.361000061035156,35.361000061035156,35.40999984741211,35.36000061035156,35.38999938964844,7398.0
2024-03-01 15:54:00,INBX,36.505001068115234,36.505001068115234,36.5099983215332,36.5,36.5,4655.0
2024-03-01 15:54:00,INCY,59.09000015258789,59.09000015258789,59.09000015258789,59.03499984741211,59.03499984741211,14652.0
2024-03-01 15:54:00,INGN,7.0,7.0,7.005000114440918,6.994999885559082,7.0,5876.0
2024-03-01 15:54:00,INMB,12.489999771118164,12.489999771118164,12.489999771118164,12.489999771118164,12.489999771118164,312.0
2024-03-01 15:54:00,INMD,22.895000457763672,22.895000457763672,22.899999618530273,22.889999389648438,22.899999618530273,13001.0
2024-03-01 15:54:00,INO,9.494999885559082,9.494999885559082,9.499099731445312,9.481599807739258,9.481599807739258,898.0
2024-03-01 15:54:00,INSM,28.03499984741211,28.03499984741211,28.06999969482422,27.9950008392334,28.0,23693.0
2024-03-01 15:54:00,INVA,15.3149995803833,15.3149995803833,15.324999809265137,15.3100004196167,15.324999809265137,10638.0
2024-03-01 15:54:00,INZY,6.550000190734863,6.550000190734863,6.550000190734863,6.550000190734863,6.550000190734863,1058.0
2024-03-01 15:54:00,IONS,45.47999954223633,45.47999954223633,45.47999954223633,45.31999969482422,45.36000061035156,36720.0
2024-03-01 15:54:00,IOVA,16.829999923706055,16.829999923706055,16.850000381469727,16.799999237060547,16.809999465942383,74487.0
2024-03-01 15:54:00,IPSC,3.984999895095825,3.984999895095825,4.0,3.9600000381469727,3.9600000381469727,4623.0
2024-03-01 15:54:00,IRMD,41.970001220703125,41.970001220703125,42.0,41.970001220703125,41.970001220703125,357.0
2024-03-01 15:54:00,IRTC,120.47000122070312,120.47000122070312,120.47000122070312,120.2300033569336,120.37419891357422,3988.0
2024-03-01 15:54:00,IRWD,9.005000114440918,9.005000114440918,9.010000228881836,8.869999885559082,8.880000114440918,312219.0
2024-03-01 15:54:00,ISRG,397.6499938964844,397.6499938964844,398.8900146484375,397.6499938964844,398.8500061035156,33620.0
2024-03-01 15:54:00,ITCI,71.87999725341797,71.87999725341797,71.91999816894531,71.8499984741211,71.91999816894531,9213.0
2024-03-01 15:54:00,ITOS,11.239999771118164,11.239999771118164,11.239999771118164,11.239999771118164,11.239999771118164,540.0
2024-03-01 15:54:00,IVA,4.050000190734863,4.050000190734863,4.050000190734863,4.050000190734863,4.050000190734863,193.0
2024-03-01 15:54:00,IVVD,4.019999980926514,4.019999980926514,4.019999980926514,3.990999937057495,4.0,7194.0
2024-03-01 15:54:00,JAGX,0.0828000009059906,0.0828000009059906,0.08299999684095383,0.08250000327825546,0.08299999684095383,146255.0
2024-03-01 15:54:00,JANX,46.72999954223633,46.72999954223633,46.79999923706055,46.51459884643555,46.66999816894531,6808.0
2024-03-01 15:54:00,JAZZ,118.84500122070312,118.84500122070312,118.86000061035156,118.66999816894531,118.79499816894531,10227.0
2024-03-01 15:54:00,JSPR,21.46500015258789,21.46500015258789,21.56999969482422,21.46500015258789,21.469999313354492,3752.0
2024-03-01 15:54:00,JYNT,9.850000381469727,9.850000381469727,9.859999656677246,9.850000381469727,9.859999656677246,1200.0
2024-03-01 15:54:00,KALV,14.109999656677246,14.109999656677246,14.109999656677246,14.100000381469727,14.100000381469727,2635.0
2024-03-01 15:54:00,KIDS,28.030000686645508,28.030000686645508,28.030000686645508,28.030000686645508,28.030000686645508,1063.0
2024-03-01 15:54:00,KNSA,21.729999542236328,21.729999542236328,21.75,21.690000534057617,21.690000534057617,7928.0
2024-03-01 15:54:00,KNTE,2.5899999141693115,2.5899999141693115,2.5899999141693115,2.5899999141693115,2.5899999141693115,4743.0
2024-03-01 15:54:00,KOD,6.0,6.0,6.0,6.0,6.0,2083.0
2024-03-01 15:54:00,KPTI,1.184999942779541,1.184999942779541,1.184999942779541,1.1799999475479126,1.1799999475479126,2628.0
2024-03-01 15:54:00,KRMD,2.109999895095825,2.109999895095825,2.109999895095825,2.109999895095825,2.109999895095825,662.0
2024-03-01 15:54:00,KRON,1.0700000524520874,1.0700000524520874,1.0709999799728394,1.0700000524520874,1.0709999799728394,2655.0
2024-03-01 15:54:00,KROS,68.72000122070312,68.72000122070312,68.72000122070312,68.62999725341797,68.62999725341797,874.0
2024-03-01 15:54:00,KRTX,315.9049987792969,315.9049987792969,315.9049987792969,315.7300109863281,315.7300109863281,1316.0
2024-03-01 15:54:00,KRYS,167.2100067138672,167.2100067138672,167.2899932861328,167.1750030517578,167.17999267578125,1167.0
2024-03-01 15:54:00,KTRA,0.10050000250339508,0.10050000250339508,0.10050000250339508,0.10050000250339508,0.10050000250339508,2060.0
2024-03-01 15:54:00,KURA,21.6200008392334,21.6200008392334,21.6299991607666,21.579999923706055,21.579999923706055,6788.0
2024-03-01 15:54:00,KYMR,43.595001220703125,43.595001220703125,43.619998931884766,43.5,43.59000015258789,8223.0
2024-03-01 15:54:00,KZR,1.0399999618530273,1.0399999618530273,1.0399999618530273,1.0199999809265137,1.0299999713897705,3565.0
2024-03-01 15:54:00,LAB,2.490000009536743,2.490000009536743,2.490000009536743,2.4725000858306885,2.4800000190734863,36535.0
2024-03-01 15:54:00,LBPH,21.549999237060547,21.549999237060547,21.610000610351562,21.530000686645508,21.610000610351562,4587.0
2024-03-01 15:54:00,LEGN,65.51000213623047,65.51000213623047,65.51000213623047,65.4229965209961,65.4229965209961,3941.0
2024-03-01 15:54:00,LEXX,2.9100000858306885,2.9100000858306885,2.9100000858306885,2.8499999046325684,2.8499999046325684,5052.0
2024-03-01 15:54:00,LFMD,8.0,8.0,8.0,7.989999771118164,8.0,4079.0
2024-03-01 15:54:00,LFST,7.75,7.75,7.75,7.739999771118164,7.744999885559082,3296.0
2024-03-01 15:54:00,LGND,78.1500015258789,78.1500015258789,78.4000015258789,78.1500015258789,78.27999877929688,4802.0
2024-03-01 15:54:00,LGVN,0.5400000214576721,0.5400000214576721,0.5400000214576721,0.5400000214576721,0.5400000214576721,100.0
2024-03-01 15:54:00,LIAN,4.869999885559082,4.869999885559082,4.869999885559082,4.869999885559082,4.869999885559082,345.0
2024-03-01 15:54:00,LIVN,55.25,55.25,55.2599983215332,55.220001220703125,55.23500061035156,7163.0
2024-03-01 15:54:00,LMAT,67.76000213623047,67.76000213623047,67.78500366210938,67.72000122070312,67.72000122070312,2529.0
2024-03-01 15:54:00,LNTH,64.54219818115234,64.54219818115234,64.62999725341797,64.54219818115234,64.58999633789062,17787.0
2024-03-01 15:54:00,LPTX,2.819999933242798,2.819999933242798,2.8499999046325684,2.819999933242798,2.819999933242798,2327.0
2024-03-01 15:54:00,LQDA,14.579999923706055,14.579999923706055,14.579999923706055,14.569999694824219,14.569999694824219,1559.0
2024-03-01 15:54:00,LRMR,11.300000190734863,11.300000190734863,11.3149995803833,11.295000076293945,11.3149995803833,4229.0
2024-03-01 15:54:00,LTRN,4.199999809265137,4.199999809265137,4.230000019073486,4.199999809265137,4.199999809265137,1889.0
2024-03-01 15:54:00,LUCD,1.2400000095367432,1.2400000095367432,1.2400000095367432,1.2400000095367432,1.2400000095367432,141.0
2024-03-01 15:54:00,LUNG,9.329999923706055,9.329999923706055,9.34000015258789,9.329999923706055,9.34000015258789,4531.0
2024-03-01 15:54:00,LVTX,2.4693000316619873,2.4693000316619873,2.5299999713897705,2.359999895095825,2.369999885559082,26404.0
2024-03-01 15:54:00,LXRX,2.484999895095825,2.484999895095825,2.484999895095825,2.4700000286102295,2.4749999046325684,13216.0
2024-03-01 15:54:00,LYEL,3.075000047683716,3.075000047683716,3.0799999237060547,3.069999933242798,3.0799999237060547,19529.0
2024-03-01 15:54:00,LYRA,5.650000095367432,5.650000095367432,5.670000076293945,5.639999866485596,5.670000076293945,33410.0
2024-03-01 15:54:00,MACK,14.720000267028809,14.720000267028809,14.720000267028809,14.720000267028809,14.720000267028809,513.0
2024-03-01 15:54:00,MASI,126.30500030517578,126.30500030517578,126.3499984741211,126.125,126.13999938964844,7476.0
2024-03-01 15:54:00,MASS,7.300000190734863,7.300000190734863,7.300000190734863,7.28000020980835,7.28000020980835,2740.0
2024-03-01 15:54:00,MBRX,0.6298999786376953,0.6298999786376953,0.6298999786376953,0.6298999786376953,0.6298999786376953,200.0
2024-03-01 15:54:00,MCRB,1.2201000452041626,1.2201000452041626,1.2300000190734863,1.2200000286102295,1.2200000286102295,4738.0
2024-03-01 15:54:00,MDGL,252.13999938964844,252.13999938964844,252.5,251.99000549316406,252.4550018310547,3901.0
2024-03-01 15:54:00,MDRX,5.900000095367432,5.900000095367432,6.0,5.900000095367432,5.949999809265137,277732.0
2024-03-01 15:54:00,MDXG,8.614999771118164,8.614999771118164,8.625,8.604999542236328,8.609999656677246,23648.0
2024-03-01 15:54:00,ME,0.5455999970436096,0.5455999970436096,0.5461000204086304,0.5454000234603882,0.5460500121116638,56110.0
2024-03-01 15:54:00,MEDP,402.7900085449219,402.7900085449219,403.44000244140625,402.6600036621094,403.1199951171875,4918.0
2024-03-01 15:54:00,MEDS,9.030099868774414,9.030099868774414,9.030099868774414,9.030099868774414,9.030099868774414,216.0
2024-03-01 15:54:00,MGNX,18.895000457763672,18.895000457763672,18.895000457763672,18.8799991607666,18.885000228881836,8212.0
2024-03-01 15:54:00,MGTX,6.409999847412109,6.409999847412109,6.420000076293945,6.400000095367432,6.409999847412109,674.0
2024-03-01 15:54:00,MHUA,0.6899999976158142,0.6899999976158142,0.6899999976158142,0.6897000074386597,0.6897000074386597,433.0
2024-03-01 15:54:00,MIRM,29.18000030517578,29.18000030517578,29.18000030517578,29.149999618530273,29.170000076293945,3058.0
2024-03-01 15:54:00,MIST,1.7050000429153442,1.7050000429153442,1.7100000381469727,1.7000000476837158,1.7050000429153442,4123.0
2024-03-01 15:54:00,MLTX,50.834999084472656,50.834999084472656,50.86000061035156,50.79999923706055,50.86000061035156,8542.0
2024-03-01 15:54:00,MMSI,76.12999725341797,76.12999725341797,76.13999938964844,76.0,76.05000305175781,5581.0
2024-03-01 15:54:00,MNKD,4.510000228881836,4.510000228881836,4.534999847412109,4.5,4.505000114440918,190852.0
2024-03-01 15:54:00,MNMD,6.224999904632568,6.224999904632568,6.224999904632568,6.195000171661377,6.199999809265137,7017.0
2024-03-01 15:54:00,MNPR,0.8956999778747559,0.8956999778747559,0.9034500122070312,0.8955000042915344,0.8955000042915344,11296.0
2024-03-01 15:54:00,MODD,1.9500000476837158,1.9500000476837158,1.9500000476837158,1.9500000476837158,1.9500000476837158,1655.0
2024-03-01 15:54:00,MODV,28.1200008392334,28.1200008392334,28.260000228881836,28.1200008392334,28.229999542236328,3597.0
2024-03-01 15:54:00,MOR,17.670000076293945,17.670000076293945,17.68000030517578,17.670000076293945,17.68000030517578,1420.0
2024-03-01 15:54:00,MORF,39.56999969482422,39.56999969482422,39.66999816894531,39.56999969482422,39.63999938964844,5212.0
2024-03-01 15:54:00,MOTS,0.6800000071525574,0.6800000071525574,0.6800000071525574,0.6570000052452087,0.6800000071525574,2750.0
2024-03-01 15:54:00,MREO,3.950000047683716,3.950000047683716,3.950000047683716,3.9402999877929688,3.940999984741211,10163.0
2024-03-01 15:54:00,MRNA,95.27999877929688,95.27999877929688,95.30000305175781,95.12999725341797,95.22000122070312,35990.0
2024-03-01 15:54:00,MRNS,9.885000228881836,9.885000228881836,9.885000228881836,9.869999885559082,9.880000114440918,1574.0
2024-03-01 15:54:00,MRSN,5.909999847412109,5.909999847412109,5.940000057220459,5.909999847412109,5.925000190734863,54180.0
2024-03-01 15:54:00,MRUS,51.5,51.5,51.52000045776367,51.428001403808594,51.4900016784668,19461.0
2024-03-01 15:54:00,MRVI,7.590000152587891,7.590000152587891,7.610000133514404,7.579999923706055,7.590000152587891,46929.0
2024-03-01 15:54:00,MXCT,4.735000133514404,4.735000133514404,4.735000133514404,4.724999904632568,4.730000019073486,3818.0
2024-03-01 15:54:00,MYGN,22.1299991607666,22.1299991607666,22.149999618530273,22.110000610351562,22.110000610351562,4702.0
2024-03-01 15:54:00,MYNZ,0.8861809968948364,0.8861809968948364,0.8861809968948364,0.8861809968948364,0.8861809968948364,130.0
2024-03-01 15:54:00,NARI,45.220001220703125,45.220001220703125,45.2400016784668,45.150001525878906,45.2400016784668,26363.0
2024-03-01 15:54:00,NBIX,131.39999389648438,131.39999389648438,131.60000610351562,131.34500122070312,131.3800048828125,17880.0
2024-03-01 15:54:00,NEO,15.930000305175781,15.930000305175781,15.930000305175781,15.890000343322754,15.899999618530273,12410.0
2024-03-01 15:54:00,NEOG,17.225000381469727,17.225000381469727,17.229999542236328,17.219999313354492,17.229999542236328,1783.0
2024-03-01 15:54:00,NEXI,6.309999942779541,6.309999942779541,6.320000171661377,6.309999942779541,6.320000171661377,352.0
2024-03-01 15:54:00,NGM,1.5199999809265137,1.5199999809265137,1.524999976158142,1.5199999809265137,1.5199999809265137,4166.0
2024-03-01 15:54:00,NKTR,0.7502999901771545,0.7502999901771545,0.751800000667572,0.7502999901771545,0.751800000667572,4407.0
2024-03-01 15:54:00,NKTX,12.819999694824219,12.819999694824219,12.829999923706055,12.770000457763672,12.770000457763672,9503.0
2024-03-01 15:54:00,NMTC,1.2201000452041626,1.2201000452041626,1.2201000452041626,1.2200000286102295,1.2200000286102295,2554.0
2024-03-01 15:54:00,NNOX,11.100000381469727,11.100000381469727,11.104999542236328,11.070300102233887,11.079999923706055,12302.0
2024-03-01 15:54:00,NOTV,7.989999771118164,7.989999771118164,7.989999771118164,7.974999904632568,7.980000019073486,1232.0
2024-03-01 15:54:00,NPCE,16.0,16.0,16.065000534057617,16.0,16.065000534057617,451.0
2024-03-01 15:54:00,NRBO,6.1479997634887695,6.1479997634887695,6.1479997634887695,6.1479997634887695,6.1479997634887695,217.0
2024-03-01 15:54:00,NRC,40.59000015258789,40.59000015258789,40.59000015258789,40.59000015258789,40.59000015258789,611.0
2024-03-01 15:54:00,NRIX,13.569999694824219,13.569999694824219,13.569999694824219,13.555000305175781,13.555000305175781,6531.0
2024-03-01 15:54:00,NRSN,2.037400007247925,2.037400007247925,2.037400007247925,2.01990008354187,2.01990008354187,1500.0
2024-03-01 15:54:00,NRXP,0.4399000108242035,0.4399000108242035,0.4399000108242035,0.43754899501800537,0.43754899501800537,2923.0
2024-03-01 15:54:00,NTLA,32.75,32.75,32.7599983215332,32.70000076293945,32.724998474121094,15602.0
2024-03-01 15:54:00,NTRA,89.20999908447266,89.20999908447266,89.3499984741211,89.12999725341797,89.34249877929688,29786.0
2024-03-01 15:54:00,NUTX,0.11389999836683273,0.11389999836683273,0.11394999921321869,0.11389999836683273,0.11394999921321869,2422.0
2024-03-01 15:54:00,NUVL,87.30999755859375,87.30999755859375,87.36499786376953,87.18000030517578,87.18000030517578,8703.0
2024-03-01 15:54:00,NUWE,0.5842999815940857,0.5842999815940857,0.5843009948730469,0.5840979814529419,0.5841000080108643,4306.0
2024-03-01 15:54:00,NVAX,5.394999980926514,5.394999980926514,5.394999980926514,5.355000019073486,5.355000019073486,130472.0
2024-03-01 15:54:00,NVCR,16.2549991607666,16.2549991607666,16.260000228881836,16.25,16.260000228881836,4922.0
2024-03-01 15:54:00,NVCT,10.699999809265137,10.699999809265137,10.770000457763672,10.699999809265137,10.770000457763672,206.0
2024-03-01 15:54:00,NVNO,6.409999847412109,6.409999847412109,6.474999904632568,6.409999847412109,6.474999904632568,4382.0
2024-03-01 15:54:00,NXGL,2.4149999618530273,2.4149999618530273,2.4149999618530273,2.4149999618530273,2.4149999618530273,1651.0
2024-03-01 15:54:00,NXTC,1.7999999523162842,1.7999999523162842,1.7999999523162842,1.7799999713897705,1.7999999523162842,618.0
2024-03-01 15:54:00,OCGN,0.9458000063896179,0.9458000063896179,0.9458000063896179,0.9458000063896179,0.9458000063896179,4398.0
2024-03-01 15:54:00,OCUL,10.755000114440918,10.755000114440918,10.770000457763672,10.739800453186035,10.739800453186035,26150.0
2024-03-01 15:54:00,OFIX,13.0,13.0,13.0,12.984999656677246,12.984999656677246,2216.0
2024-03-01 15:54:00,OGI,2.1700000762939453,2.1700000762939453,2.1700000762939453,2.1600000858306885,2.1600000858306885,885.0
2024-03-01 15:54:00,OLK,23.0049991607666,23.0049991607666,23.010000228881836,23.0049991607666,23.010000228881836,1916.0
2024-03-01 15:54:00,OLMA,14.819999694824219,14.819999694824219,14.819999694824219,14.779999732971191,14.78499984741211,5866.0
2024-03-01 15:54:00,OM,3.0950000286102295,3.0950000286102295,3.0950000286102295,3.0899999141693115,3.0899999141693115,801.0
2024-03-01 15:54:00,OMCL,26.350000381469727,26.350000381469727,26.350000381469727,26.301000595092773,26.301000595092773,7251.0
2024-03-01 15:54:00,OMER,4.800000190734863,4.800000190734863,4.800000190734863,4.795000076293945,4.795000076293945,2260.0
2024-03-01 15:54:00,OMGA,4.329999923706055,4.329999923706055,4.329999923706055,4.329899787902832,4.329899787902832,307.0
2024-03-01 15:54:00,OMIC,0.6100000143051147,0.6100000143051147,0.6100000143051147,0.5989999771118164,0.6100000143051147,432.0
2024-03-01 15:54:00,ONCY,1.1109000444412231,1.1109000444412231,1.1109000444412231,1.1109000444412231,1.1109000444412231,520.0
2024-03-01 15:55:00,AADI,1.9299999475479126,1.9299999475479126,1.9299999475479126,1.9299999475479126,1.9299999475479126,100.0
2024-03-01 15:55:00,ABCL,5.050000190734863,5.050000190734863,5.059999942779541,5.050000190734863,5.059999942779541,10069.0
2024-03-01 15:55:00,ABEO,7.769999980926514,7.769999980926514,7.789999961853027,7.760000228881836,7.760000228881836,3884.0
2024-03-01 15:55:00,ABOS,4.644999980926514,4.644999980926514,4.659999847412109,4.639999866485596,4.659999847412109,5517.0
2024-03-01 15:55:00,ABSI,5.440000057220459,5.440000057220459,5.485000133514404,5.434999942779541,5.485000133514404,20525.0
2024-03-01 15:55:00,ABUS,2.7850000858306885,2.7850000858306885,2.7899999618530273,2.7850000858306885,2.7899999618530273,4049.0
2024-03-01 15:55:00,ACAD,24.010000228881836,24.010000228881836,24.059999465942383,24.010000228881836,24.049999237060547,10577.0
2024-03-01 15:55:00,ACB,3.1700000762939453,3.1700000762939453,3.174999952316284,3.1600000858306885,3.1700000762939453,17915.0
2024-03-01 15:55:00,ACCD,9.925000190734863,9.925000190734863,9.949999809265137,9.925000190734863,9.930000305175781,5024.0
2024-03-01 15:55:00,ACET,2.369999885559082,2.369999885559082,2.380000114440918,2.369999885559082,2.380000114440918,2837.0
2024-03-01 15:55:00,ACHC,83.93499755859375,83.93499755859375,84.0199966430664,83.93499755859375,84.0,5527.0
2024-03-01 15:55:00,ACHL,1.3700000047683716,1.3700000047683716,1.3700000047683716,1.3700000047683716,1.3700000047683716,3101.0
2024-03-01 15:55:00,ACHV,4.440000057220459,4.440000057220459,4.440000057220459,4.440000057220459,4.440000057220459,461.0
2024-03-01 15:55:00,ACIU,3.8350000381469727,3.8350000381469727,3.8350000381469727,3.8350000381469727,3.8350000381469727,157.0
2024-03-01 15:55:00,ACLX,66.94000244140625,66.94000244140625,67.2300033569336,66.94000244140625,67.18499755859375,8121.0
2024-03-01 15:55:00,ACON,0.39514800906181335,0.39514800906181335,0.39514800906181335,0.39514800906181335,0.39514800906181335,1015.0
2024-03-01 15:55:00,ACRS,1.2350000143051147,1.2350000143051147,1.2400000095367432,1.2300000190734863,1.2400000095367432,8655.0
2024-03-01 15:55:00,ADAP,1.5800000429153442,1.5800000429153442,1.5800000429153442,1.5800000429153442,1.5800000429153442,286.0
2024-03-01 15:55:00,ADIL,3.1703999042510986,3.1703999042510986,3.200000047683716,3.140000104904175,3.1500000953674316,65605.0
2024-03-01 15:55:00,ADMA,5.514999866485596,5.514999866485596,5.519999980926514,5.510000228881836,5.514999866485596,10105.0
2024-03-01 15:55:00,ADPT,4.025000095367432,4.025000095367432,4.034999847412109,4.025000095367432,4.025000095367432,17359.0
2024-03-01 15:55:00,ADVM,1.9800000190734863,1.9800000190734863,1.9800000190734863,1.9800000190734863,1.9800000190734863,7527.0
2024-03-01 15:55:00,AFIB,0.20999999344348907,0.20999999344348907,0.21144999563694,0.20990000665187836,0.20999999344348907,1693.0
2024-03-01 15:55:00,AFMD,0.661300003528595,0.661300003528595,0.6690000295639038,0.661300003528595,0.6690000295639038,5000.0
2024-03-01 15:55:00,AGEN,0.6600000262260437,0.6600000262260437,0.6632999777793884,0.6600000262260437,0.6632000207901001,257427.0
2024-03-01 15:55:00,AGIO,32.27000045776367,32.27000045776367,32.29999923706055,32.27000045776367,32.279998779296875,6895.0
2024-03-01 15:55:00,AGRX,0.8497999906539917,0.8497999906539917,0.8499000072479248,0.8485999703407288,0.8485999703407288,6700.0
2024-03-01 15:55:00,AHCO,10.56089973449707,10.56089973449707,10.59000015258789,10.56089973449707,10.580100059509277,19142.0
2024-03-01 15:55:00,AIMD,1.0499999523162842,1.0499999523162842,1.090000033378601,1.0499999523162842,1.059999942779541,6010.0
2024-03-01 15:55:00,AIRS,6.340000152587891,6.340000152587891,6.34499979019165,6.340000152587891,6.340000152587891,1468.0
2024-03-01 15:55:00,AKBA,1.6950000524520874,1.6950000524520874,1.7000000476837158,1.6950000524520874,1.7000000476837158,14491.0
2024-03-01 15:55:00,AKLI,0.3449999988079071,0.3449999988079071,0.3449999988079071,0.34299999475479126,0.3448350131511688,900.0
2024-03-01 15:55:00,AKRO,28.204999923706055,28.204999923706055,28.290000915527344,28.18000030517578,28.200000762939453,20821.0
2024-03-01 15:55:00,AKYA,6.079999923706055,6.079999923706055,6.079999923706055,6.079999923706055,6.079999923706055,336.0
2024-03-01 15:55:00,ALDX,4.195000171661377,4.195000171661377,4.199999809265137,4.184999942779541,4.199999809265137,22485.0
2024-03-01 15:55:00,ALEC,7.369999885559082,7.369999885559082,7.380000114440918,7.369999885559082,7.369999885559082,7890.0
2024-03-01 15:55:00,ALGN,301.5299987792969,301.5299987792969,301.69000244140625,301.5199890136719,301.57501220703125,5007.0
2024-03-01 15:55:00,ALGS,1.1399999856948853,1.1399999856948853,1.149999976158142,1.0800000429153442,1.0800000429153442,48203.0
2024-03-01 15:55:00,ALHC,5.614999771118164,5.614999771118164,5.619999885559082,5.610000133514404,5.610000133514404,6709.0
2024-03-01 15:55:00,ALKS,30.21500015258789,30.21500015258789,30.21500015258789,30.184999465942383,30.200000762939453,21814.0
2024-03-01 15:55:00,ALLK,1.6449999809265137,1.6449999809265137,1.649999976158142,1.6349999904632568,1.6399999856948853,9657.0
2024-03-01 15:55:00,ALLO,4.894999980926514,4.894999980926514,4.900000095367432,4.885000228881836,4.889999866485596,22277.0
2024-03-01 15:55:00,ALNY,152.85000610351562,152.85000610351562,153.1699981689453,152.85000610351562,153.1300048828125,4845.0
2024-03-01 15:55:00,ALPN,36.0,36.0,36.040000915527344,35.97999954223633,36.02000045776367,17129.0
2024-03-01 15:55:00,ALT,12.100000381469727,12.100000381469727,12.130000114440918,12.085000038146973,12.130000114440918,19469.0
2024-03-01 15:55:00,ALVO,15.755000114440918,15.755000114440918,15.765000343322754,15.725000381469727,15.725000381469727,6248.0
2024-03-01 15:55:00,ALVR,0.7475000023841858,0.7475000023841858,0.7483999729156494,0.7475000023841858,0.7483999729156494,520.0
2024-03-01 15:55:00,ALXO,14.989999771118164,14.989999771118164,14.989999771118164,14.9399995803833,14.949999809265137,6970.0
2024-03-01 15:55:00,AMED,93.33999633789062,93.33999633789062,93.36499786376953,93.33000183105469,93.33000183105469,1456.0
2024-03-01 15:55:00,AMGN,280.3399963378906,280.3399963378906,280.4200134277344,280.239990234375,280.3699951171875,35956.0
2024-03-01 15:55:00,AMLX,18.674999237060547,18.674999237060547,18.690000534057617,18.639999389648438,18.649999618530273,15976.0
2024-03-01 15:55:00,AMPH,46.10499954223633,46.10499954223633,46.119998931884766,46.04999923706055,46.1150016784668,4803.0
2024-03-01 15:55:00,AMRN,1.0499999523162842,1.0499999523162842,1.059999942779541,1.0499999523162842,1.0549999475479126,14598.0
2024-03-01 15:55:00,ANAB,25.479999542236328,25.479999542236328,25.510000228881836,25.299999237060547,25.299999237060547,8952.0
2024-03-01 15:55:00,ANGO,5.494999885559082,5.494999885559082,5.494999885559082,5.480000019073486,5.485000133514404,6429.0
2024-03-01 15:55:00,ANIK,25.1200008392334,25.1200008392334,25.1200008392334,25.100000381469727,25.100000381469727,2116.0
2024-03-01 15:55:00,ANIP,66.9800033569336,66.9800033569336,66.9800033569336,66.93000030517578,66.93000030517578,1705.0
2024-03-01 15:55:00,ANIX,3.509999990463257,3.509999990463257,3.509999990463257,3.509999990463257,3.509999990463257,520.0
2024-03-01 15:55:00,ANNX,6.039999961853027,6.039999961853027,6.079999923706055,6.039999961853027,6.070000171661377,27042.0
2024-03-01 15:55:00,ANTX,3.009999990463257,3.009999990463257,3.009999990463257,3.005000114440918,3.005000114440918,467.0
2024-03-01 15:55:00,APLS,64.125,64.125,64.24500274658203,64.0199966430664,64.2300033569336,17335.0
2024-03-01 15:55:00,APLT,7.050000190734863,7.050000190734863,7.099999904632568,7.050000190734863,7.09499979019165,21418.0
2024-03-01 15:55:00,APRE,8.0,8.0,8.0,8.0,8.0,1078.0
2024-03-01 15:55:00,APVO,0.15770000219345093,0.15770000219345093,0.15770000219345093,0.15770000219345093,0.15770000219345093,521.0
2024-03-01 15:55:00,APYX,2.1161000728607178,2.1161000728607178,2.1161000728607178,2.1161000728607178,2.1161000728607178,315.0
2024-03-01 15:55:00,AQST,4.224999904632568,4.224999904632568,4.225399971008301,4.21999979019165,4.224999904632568,5521.0
2024-03-01 15:55:00,ARAY,2.609999895095825,2.609999895095825,2.615000009536743,2.609999895095825,2.615000009536743,1596.0
2024-03-01 15:55:00,ARCT,39.68000030517578,39.68000030517578,39.720001220703125,39.540000915527344,39.540000915527344,4310.0
2024-03-01 15:55:00,ARDX,9.34000015258789,9.34000015258789,9.350000381469727,9.329999923706055,9.34000015258789,16353.0
2024-03-01 15:55:00,ARGX,392.9150085449219,392.9150085449219,393.1600036621094,392.7099914550781,393.05999755859375,4528.0
2024-03-01 15:55:00,ARQT,11.675000190734863,11.675000190734863,11.680000305175781,11.630000114440918,11.630000114440918,61024.0
2024-03-01 15:55:00,ARVN,47.400001525878906,47.400001525878906,47.5,47.31999969482422,47.31999969482422,11817.0
2024-03-01 15:55:00,ARWR,36.178001403808594,36.178001403808594,36.2400016784668,36.1349983215332,36.154998779296875,44240.0
2024-03-01 15:55:00,ASND,153.25999450683594,153.25999450683594,153.25999450683594,153.09500122070312,153.09500122070312,3626.0
2024-03-01 15:55:00,ASRT,0.8798999786376953,0.8798999786376953,0.8812000155448914,0.8774499893188477,0.8799999952316284,9769.0
2024-03-01 15:55:00,ATAI,2.125,2.125,2.130000114440918,2.1201000213623047,2.130000114440918,9942.0
2024-03-01 15:55:00,ATEC,13.430000305175781,13.430000305175781,13.4399995803833,13.420000076293945,13.425000190734863,32025.0
2024-03-01 15:55:00,ATHA,3.940000057220459,3.940000057220459,3.940000057220459,3.934999942779541,3.940000057220459,563.0
2024-03-01 15:55:00,ATOS,1.0099999904632568,1.0099999904632568,1.0099999904632568,1.0049999952316284,1.0049999952316284,633.0
2024-03-01 15:55:00,ATRA,0.770799994468689,0.770799994468689,0.770799994468689,0.7699999809265137,0.7699999809265137,25370.0
2024-03-01 15:55:00,ATRC,36.22999954223633,36.22999954223633,36.22999954223633,36.189998626708984,36.189998626708984,3510.0
2024-03-01 15:55:00,ATXI,0.1559000015258789,0.1559000015258789,0.1559000015258789,0.1559000015258789,0.1559000015258789,500.0
2024-03-01 15:55:00,ATXS,14.90999984741211,14.90999984741211,14.930000305175781,14.899999618530273,14.920000076293945,6532.0
2024-03-01 15:55:00,AUGX,4.570000171661377,4.570000171661377,4.570000171661377,4.570000171661377,4.570000171661377,2378.0
2024-03-01 15:55:00,AUPH,5.769999980926514,5.769999980926514,5.769999980926514,5.760000228881836,5.760000228881836,33512.0
2024-03-01 15:55:00,AURA,9.21500015258789,9.21500015258789,9.21500015258789,9.210000038146973,9.210000038146973,765.0
2024-03-01 15:55:00,AUTL,6.25,6.25,6.260000228881836,6.239999771118164,6.244999885559082,34762.0
2024-03-01 15:55:00,AVDL,13.765000343322754,13.765000343322754,13.800000190734863,13.765000343322754,13.779999732971191,29109.0
2024-03-01 15:55:00,AVIR,4.445000171661377,4.445000171661377,4.449999809265137,4.445000171661377,4.449999809265137,6904.0
2024-03-01 15:55:00,AVTE,23.635000228881836,23.635000228881836,23.81999969482422,23.635000228881836,23.635000228881836,604.0
2024-03-01 15:55:00,AVXL,5.28000020980835,5.28000020980835,5.28000020980835,5.269999980926514,5.275000095367432,2246.0
2024-03-01 15:55:00,AWH,3.990000009536743,3.990000009536743,4.019999980926514,3.990000009536743,4.019999980926514,1619.0
2024-03-01 15:55:00,AXDX,0.9599999785423279,0.9599999785423279,0.9599999785423279,0.9599999785423279,0.9599999785423279,205.0
2024-03-01 15:55:00,AXGN,10.75,10.75,10.75,10.739999771118164,10.739999771118164,1304.0
2024-03-01 15:55:00,AXNX,67.76000213623047,67.76000213623047,67.77999877929688,67.75,67.77999877929688,7958.0
2024-03-01 15:55:00,AXSM,82.4800033569336,82.4800033569336,82.58000183105469,82.46499633789062,82.47000122070312,5426.0
2024-03-01 15:55:00,AYTU,2.8901000022888184,2.8901000022888184,2.8901000022888184,2.8901000022888184,2.8901000022888184,483.0
2024-03-01 15:55:00,AZN,64.6500015258789,64.6500015258789,64.68000030517578,64.625,64.625,73337.0
2024-03-01 15:55:00,AZTA,67.19499969482422,67.19499969482422,67.20999908447266,67.19000244140625,67.20999908447266,1949.0
2024-03-01 15:55:00,BBIO,35.630001068115234,35.630001068115234,35.630001068115234,35.58000183105469,35.59000015258789,8290.0
2024-03-01 15:55:00,BCAB,2.8399999141693115,2.8399999141693115,2.8499999046325684,2.8399999141693115,2.8399999141693115,20301.0
2024-03-01 15:55:00,BCDA,0.5799000263214111,0.5799000263214111,0.5799999833106995,0.5799000263214111,0.5799000263214111,7138.0
2024-03-01 15:55:00,BCRX,5.625,5.625,5.630000114440918,5.619999885559082,5.630000114440918,25262.0
2024-03-01 15:55:00,BCTX,3.559999942779541,3.559999942779541,3.559999942779541,3.5299999713897705,3.5299999713897705,200.0
2024-03-01 15:55:00,BCYC,25.690000534057617,25.690000534057617,25.690000534057617,25.65999984741211,25.65999984741211,1620.0
2024-03-01 15:55:00,BDSX,1.600000023841858,1.600000023841858,1.600000023841858,1.5950000286102295,1.5950000286102295,324.0
2024-03-01 15:55:00,BDTX,4.784999847412109,4.784999847412109,4.784999847412109,4.760000228881836,4.760000228881836,3244.0
2024-03-01 15:55:00,BEAM,39.89500045776367,39.89500045776367,39.939998626708984,39.88999938964844,39.88999938964844,15418.0
2024-03-01 15:55:00,BEAT,1.600000023841858,1.600000023841858,1.600000023841858,1.600000023841858,1.600000023841858,3402.0
2024-03-01 15:55:00,BGNE,164.7899932861328,164.7899932861328,164.9600067138672,164.7899932861328,164.9149932861328,2744.0
2024-03-01 15:55:00,BIAF,2.180000066757202,2.180000066757202,2.180000066757202,2.180000066757202,2.180000066757202,622.0
2024-03-01 15:55:00,BIIB,220.88999938964844,220.88999938964844,221.08999633789062,220.8699951171875,220.8699951171875,8833.0
2024-03-01 15:55:00,BIOL,0.14704999327659607,0.14704999327659607,0.14730000495910645,0.14685000479221344,0.14720000326633453,18216.0
2024-03-01 15:55:00,BIOR,1.1200000047683716,1.1200000047683716,1.1200000047683716,1.1098999977111816,1.1100000143051147,13768.0
2024-03-01 15:55:00,BIVI,1.8650000095367432,1.8650000095367432,1.899999976158142,1.8600000143051147,1.8799999952316284,67249.0
2024-03-01 15:55:00,BLFS,17.979999542236328,17.979999542236328,17.9950008392334,17.974199295043945,17.979999542236328,8388.0
2024-03-01 15:55:00,BLTE,46.59000015258789,46.59000015258789,46.599998474121094,46.59000015258789,46.59000015258789,679.0
2024-03-01 15:55:00,BLUE,1.5750000476837158,1.5750000476837158,1.5800000429153442,1.5700000524520874,1.5750000476837158,39505.0
2024-03-01 15:55:00,BMEA,17.75,17.75,17.829999923706055,17.75,17.829999923706055,12574.0
2024-03-01 15:55:00,BMRA,1.2100000381469727,1.2100000381469727,1.2100000381469727,1.2100000381469727,1.2100000381469727,102.0
2024-03-01 15:55:00,BMRN,87.3499984741211,87.3499984741211,87.4000015258789,87.3499984741211,87.36000061035156,16466.0
2024-03-01 15:55:00,BNGO,1.2549999952316284,1.2549999952316284,1.2549999952316284,1.2450000047683716,1.2450000047683716,16767.0
2024-03-01 15:55:00,BNR,0.8500999808311462,0.8500999808311462,0.8500999808311462,0.8299999833106995,0.8299999833106995,600.0
2024-03-01 15:55:00,BNTX,90.77999877929688,90.77999877929688,90.8499984741211,90.73999786376953,90.83999633789062,5782.0
2024-03-01 15:55:00,BPMC,95.19999694824219,95.19999694824219,95.3499984741211,95.19999694824219,95.2750015258789,7999.0
2024-03-01 15:55:00,BRKR,88.33999633789062,88.33999633789062,88.38999938964844,88.31999969482422,88.33000183105469,10347.0
2024-03-01 15:55:00,BTAI,3.194999933242798,3.194999933242798,3.200000047683716,3.190000057220459,3.200000047683716,1141.0
2024-03-01 15:55:00,BTTX,0.1784999966621399,0.1784999966621399,0.1784999966621399,0.17800000309944153,0.17800000309944153,1100.0
2024-03-01 15:55:00,BVS,4.849999904632568,4.849999904632568,4.849999904632568,4.840000152587891,4.840000152587891,1003.0
2024-03-01 15:55:00,BWAY,6.605000019073486,6.605000019073486,6.605000019073486,6.599999904632568,6.605000019073486,1646.0
2024-03-01 15:55:00,CABA,23.96500015258789,23.96500015258789,23.979999542236328,23.94499969482422,23.979999542236328,6293.0
2024-03-01 15:55:00,CARA,0.9577000141143799,0.9577000141143799,0.9577000141143799,0.9448500275611877,0.9448500275611877,4185.0
2024-03-01 15:55:00,CBAY,32.224998474121094,32.224998474121094,32.224998474121094,32.220001220703125,32.224998474121094,12295.0
2024-03-01 15:55:00,CCCC,10.994999885559082,10.994999885559082,11.0,10.989999771118164,10.994999885559082,7826.0
2024-03-01 15:55:00,CCRN,18.3700008392334,18.3700008392334,18.3700008392334,18.350000381469727,18.360000610351562,4943.0
2024-03-01 15:55:00,CDMO,8.25,8.25,8.260000228881836,8.239999771118164,8.239999771118164,4950.0
2024-03-01 15:55:00,CDNA,12.029999732971191,12.029999732971191,12.045000076293945,12.0,12.0,26178.0
2024-03-01 15:55:00,CDXC,1.6299999952316284,1.6299999952316284,1.6299999952316284,1.6299999952316284,1.6299999952316284,775.0
2024-03-01 15:55:00,CDXS,4.635000228881836,4.635000228881836,4.650000095367432,4.635000228881836,4.644999980926514,10785.0
2024-03-01 15:55:00,CELC,17.280000686645508,17.280000686645508,17.290000915527344,17.280000686645508,17.290000915527344,998.0
2024-03-01 15:55:00,CELU,3.6600000858306885,3.6600000858306885,3.6600000858306885,3.6600000858306885,3.6600000858306885,426.0
2024-03-01 15:55:00,CERE,41.064998626708984,41.064998626708984,41.06999969482422,41.060001373291016,41.064998626708984,5941.0
2024-03-01 15:55:00,CERS,2.177500009536743,2.177500009536743,2.180000066757202,2.1700000762939453,2.174999952316284,11257.0
2024-03-01 15:55:00,CERT,18.360000610351562,18.360000610351562,18.420000076293945,18.350000381469727,18.350000381469727,21810.0
2024-03-01 15:55:00,CGC,3.2100000381469727,3.2100000381469727,3.2100000381469727,3.200000047683716,3.2100000381469727,30521.0
2024-03-01 15:55:00,CGEM,18.520000457763672,18.520000457763672,18.520000457763672,18.469999313354492,18.469999313354492,3826.0
2024-03-01 15:55:00,CGEN,2.6600000858306885,2.6600000858306885,2.6700000762939453,2.6549999713897705,2.6700000762939453,10509.0
2024-03-01 15:55:00,CHRS,2.4000000953674316,2.4000000953674316,2.4100000858306885,2.390000104904175,2.3949999809265137,76229.0
2024-03-01 15:55:00,CKPT,2.2300000190734863,2.2300000190734863,2.234999895095825,2.2300000190734863,2.234999895095825,457.0
2024-03-01 15:55:00,CLDX,52.0,52.0,52.459999084472656,51.959999084472656,52.2599983215332,29710.0
2024-03-01 15:55:00,CLNN,0.3799999952316284,0.3799999952316284,0.3799999952316284,0.3799999952316284,0.3799999952316284,163.0
2024-03-01 15:55:00,CLOV,0.8653500080108643,0.8653500080108643,0.8654000163078308,0.8652999997138977,0.8654000163078308,28885.0
2024-03-01 15:55:00,CLPT,6.670000076293945,6.670000076293945,6.675000190734863,6.650000095367432,6.650000095367432,5647.0
2024-03-01 15:55:00,CLRB,4.15500020980835,4.15500020980835,4.159999847412109,4.15500020980835,4.159999847412109,1186.0
2024-03-01 15:55:00,CLSD,1.3899999856948853,1.3899999856948853,1.3899999856948853,1.3899999856948853,1.3899999856948853,1010.0
2024-03-01 15:55:00,CMAX,7.809999942779541,7.809999942779541,7.809999942779541,7.809999942779541,7.809999942779541,249.0
2024-03-01 15:55:00,CMPS,11.489999771118164,11.489999771118164,11.5,11.489999771118164,11.5,3971.0
2024-03-01 15:55:00,CMPX,1.8899999856948853,1.8899999856948853,1.8899999856948853,1.8899999856948853,1.8899999856948853,100.0
2024-03-01 15:55:00,CMRX,1.1799999475479126,1.1799999475479126,1.1799999475479126,1.1799999475479126,1.1799999475479126,6917.0
2024-03-01 15:55:00,CNSP,0.30000001192092896,0.30000001192092896,0.3005000054836273,0.30000001192092896,0.3000999987125397,17171.0
2024-03-01 15:55:00,CNTA,10.824999809265137,10.824999809265137,10.850000381469727,10.795000076293945,10.795000076293945,2402.0
2024-03-01 15:55:00,CNTB,1.159999966621399,1.159999966621399,1.1699999570846558,1.159999966621399,1.1699999570846558,205.0
2024-03-01 15:55:00,COGT,7.319300174713135,7.319300174713135,7.320000171661377,7.300000190734863,7.300000190734863,25828.0
2024-03-01 15:55:00,COLL,37.11000061035156,37.11000061035156,37.11000061035156,37.06999969482422,37.06999969482422,6582.0
2024-03-01 15:55:00,CORT,24.110000610351562,24.110000610351562,24.1299991607666,24.08099937438965,24.1299991607666,19918.0
2024-03-01 15:55:00,COSM,0.7800999879837036,0.7800999879837036,0.7800999879837036,0.7800499796867371,0.7800499796867371,242.0
2024-03-01 15:55:00,CPRX,17.030000686645508,17.030000686645508,17.040000915527344,16.9950008392334,16.9950008392334,38788.0
2024-03-01 15:55:00,CPSI,9.229999542236328,9.229999542236328,9.239999771118164,9.229999542236328,9.239999771118164,2046.0
2024-03-01 15:55:00,CRBP,34.7599983215332,34.7599983215332,34.77000045776367,34.43000030517578,34.45000076293945,1360.0
2024-03-01 15:55:00,CRBU,7.775000095367432,7.775000095367432,7.795000076293945,7.769999980926514,7.795000076293945,8194.0
2024-03-01 15:55:00,CRDF,2.886699914932251,2.886699914932251,2.9518001079559326,2.8499999046325684,2.950000047683716,110559.0
2024-03-01 15:55:00,CRDL,1.9499000310897827,1.9499000310897827,1.9499000310897827,1.9499000310897827,1.9499000310897827,1410.0
2024-03-01 15:55:00,CRMD,3.6600000858306885,3.6600000858306885,3.6600000858306885,3.6600000858306885,3.6600000858306885,596.0
2024-03-01 15:55:00,CRNX,46.060001373291016,46.060001373291016,46.099998474121094,46.02000045776367,46.040000915527344,8816.0
2024-03-01 15:55:00,CRON,2.015000104904175,2.015000104904175,2.0199999809265137,2.0120999813079834,2.015000104904175,25133.0
2024-03-01 15:55:00,CRSP,83.8949966430664,83.8949966430664,84.01000213623047,83.87999725341797,83.94999694824219,12344.0
2024-03-01 15:55:00,CRVS,2.190000057220459,2.190000057220459,2.2100000381469727,2.180000066757202,2.2100000381469727,2748.0
2024-03-01 15:55:00,CSTL,19.96500015258789,19.96500015258789,19.96500015258789,19.959999084472656,19.959999084472656,2244.0
2024-03-01 15:55:00,CTKB,9.095000267028809,9.095000267028809,9.104999542236328,9.095000267028809,9.104999542236328,9720.0
2024-03-01 15:55:00,CTMX,2.5950000286102295,2.5950000286102295,2.5999999046325684,2.5899999141693115,2.5899999141693115,13611.0
2024-03-01 15:55:00,CTSO,0.949999988079071,0.949999988079071,0.949999988079071,0.949999988079071,0.949999988079071,1294.0
2024-03-01 15:55:00,CTXR,0.7838000059127808,0.7838000059127808,0.7838000059127808,0.7767999768257141,0.7767999768257141,2318.0
2024-03-01 15:55:00,CUTR,2.4000000953674316,2.4000000953674316,2.4000000953674316,2.3808000087738037,2.3808000087738037,12424.0
2024-03-01 15:55:00,CVAC,3.4649999141693115,3.4649999141693115,3.4649999141693115,3.4600000381469727,3.4649999141693115,3167.0
2024-03-01 15:55:00,CVRX,20.795000076293945,20.795000076293945,20.799999237060547,20.780000686645508,20.790000915527344,2564.0
2024-03-01 15:55:00,CYTK,73.94499969482422,73.94499969482422,74.0,73.91999816894531,73.91999816894531,12647.0
2024-03-01 15:55:00,DARE,0.550000011920929,0.550000011920929,0.550000011920929,0.5465999841690063,0.5465999841690063,3099.0
2024-03-01 15:55:00,DAWN,17.450000762939453,17.450000762939453,17.520000457763672,17.440000534057617,17.510000228881836,9602.0
2024-03-01 15:55:00,DCGO,4.105000019073486,4.105000019073486,4.110000133514404,4.099999904632568,4.105000019073486,11668.0
2024-03-01 15:55:00,DCPH,17.3700008392334,17.3700008392334,17.3799991607666,17.350000381469727,17.3799991607666,8375.0
2024-03-01 15:55:00,DERM,4.119999885559082,4.119999885559082,4.135000228881836,4.119999885559082,4.121500015258789,3253.0
2024-03-01 15:55:00,DH,8.9399995803833,8.9399995803833,8.960000038146973,8.930000305175781,8.930000305175781,10719.0
2024-03-01 15:55:00,DMTK,0.8758990168571472,0.8758990168571472,0.8758990168571472,0.8600000143051147,0.8600000143051147,8730.0
2024-03-01 15:55:00,DNLI,20.780000686645508,20.780000686645508,20.809999465942383,20.700000762939453,20.700000762939453,18901.0
2024-03-01 15:55:00,DRRX,0.9904999732971191,0.9904999732971191,0.9904999732971191,0.9810000061988831,0.9810000061988831,2051.0
2024-03-01 15:55:00,DSGN,2.865000009536743,2.865000009536743,2.865000009536743,2.8499999046325684,2.859999895095825,8157.0
2024-03-01 15:55:00,DTIL,12.614999771118164,12.614999771118164,12.75,12.600000381469727,12.635000228881836,14138.0
2024-03-01 15:55:00,DVAX,12.760000228881836,12.760000228881836,12.774999618530273,12.760000228881836,12.765000343322754,19873.0
2024-03-01 15:55:00,DXCM,121.72000122070312,121.72000122070312,121.9000015258789,121.625,121.72000122070312,45987.0
2024-03-01 15:55:00,DYN,29.06999969482422,29.06999969482422,29.1200008392334,29.020000457763672,29.030000686645508,25798.0
2024-03-01 15:55:00,EDAP,6.885000228881836,6.885000228881836,6.885000228881836,6.885000228881836,6.885000228881836,460.0
2024-03-01 15:55:00,EDIT,10.510000228881836,10.510000228881836,10.539999961853027,10.5,10.5,17053.0
2024-03-01 15:55:00,EFTR,15.875,15.875,15.875,15.767499923706055,15.767499923706055,550.0
2024-03-01 15:55:00,EGRX,6.465000152587891,6.465000152587891,6.465000152587891,6.454999923706055,6.454999923706055,1506.0
2024-03-01 15:55:00,EIGR,7.0,7.0,7.019999980926514,7.0,7.019999980926514,1070.0
2024-03-01 15:55:00,ELDN,1.7599999904632568,1.7599999904632568,1.7599999904632568,1.7599999904632568,1.7599999904632568,577.0
2024-03-01 15:55:00,ELEV,5.019999980926514,5.019999980926514,5.019999980926514,5.0,5.0,19594.0
2024-03-01 15:55:00,EMBC,14.199999809265137,14.199999809265137,14.199999809265137,14.199999809265137,14.199999809265137,2130.0
2024-03-01 15:55:00,ENSG,121.69000244140625,121.69000244140625,121.78500366210938,121.69000244140625,121.72000122070312,2918.0
2024-03-01 15:55:00,ENTA,15.390000343322754,15.390000343322754,15.40999984741211,15.390000343322754,15.40999984741211,865.0
2024-03-01 15:55:00,ENTX,1.409999966621399,1.409999966621399,1.409999966621399,1.409999966621399,1.409999966621399,100.0
2024-03-01 15:55:00,ENVB,1.649999976158142,1.649999976158142,1.659999966621399,1.621899962425232,1.6399999856948853,25275.0
2024-03-01 15:55:00,EOLS,14.895000457763672,14.895000457763672,14.899900436401367,14.869999885559082,14.880000114440918,3736.0
2024-03-01 15:55:00,EQ,2.4600000381469727,2.4600000381469727,2.5,2.4600000381469727,2.5,3342.0
2024-03-01 15:55:00,ERAS,2.565000057220459,2.565000057220459,2.5850000381469727,2.559999942779541,2.5850000381469727,17772.0
2024-03-01 15:55:00,ESPR,2.555000066757202,2.555000066757202,2.559999942779541,2.549999952316284,2.555000066757202,24880.0
2024-03-01 15:55:00,ESTA,44.0099983215332,44.0099983215332,44.16999816894531,44.0099983215332,44.16999816894531,3698.0
2024-03-01 15:55:00,ETNB,12.649999618530273,12.649999618530273,12.680000305175781,12.649999618530273,12.664999961853027,11443.0
2024-03-01 15:55:00,ETON,4.5,4.5,4.5,4.489999771118164,4.489999771118164,2599.0
2024-03-01 15:55:00,EVAX,3.390000104904175,3.390000104904175,3.390000104904175,3.390000104904175,3.390000104904175,493.0
2024-03-01 15:55:00,EVGN,0.9898999929428101,0.9898999929428101,0.9900000095367432,0.9888989925384521,0.9888989925384521,20318.0
2024-03-01 15:55:00,EWTX,16.625,16.625,16.649999618530273,16.61750030517578,16.6299991607666,18829.0
2024-03-01 15:55:00,EXAI,6.514999866485596,6.514999866485596,6.550000190734863,6.5,6.53000020980835,23002.0
2024-03-01 15:55:00,EXAS,59.599998474121094,59.599998474121094,59.65999984741211,59.5099983215332,59.525001525878906,15217.0
2024-03-01 15:55:00,EXEL,22.239999771118164,22.239999771118164,22.260000228881836,22.239999771118164,22.2549991607666,17807.0
2024-03-01 15:55:00,EYEN,2.368799924850464,2.368799924850464,2.4149999618530273,2.3499999046325684,2.4000000953674316,44514.0
2024-03-01 15:55:00,EYPT,28.014999389648438,28.014999389648438,28.049999237060547,27.899999618530273,27.985000610351562,23849.0
2024-03-01 15:55:00,FATE,7.71999979019165,7.71999979019165,7.735000133514404,7.71999979019165,7.71999979019165,19837.0
2024-03-01 15:55:00,FBIO,2.411400079727173,2.411400079727173,2.4149999618530273,2.410099983215332,2.410099983215332,2251.0
2024-03-01 15:55:00,FDMT,29.385000228881836,29.385000228881836,29.420000076293945,29.333999633789062,29.350000381469727,11718.0
2024-03-01 15:55:00,FEMY,1.8799999952316284,1.8799999952316284,1.8899999856948853,1.840000033378601,1.850000023841858,38417.0
2024-03-01 15:55:00,FGEN,1.8250000476837158,1.8250000476837158,1.840000033378601,1.815000057220459,1.8384000062942505,33096.0
2024-03-01 15:55:00,FIXX,0.901199996471405,0.901199996471405,0.901199996471405,0.8999999761581421,0.9010000228881836,996.0
2024-03-01 15:55:00,FLGT,23.264999389648438,23.264999389648438,23.280000686645508,23.239999771118164,23.239999771118164,3654.0
2024-03-01 15:55:00,FOLD,13.289999961853027,13.289999961853027,13.300000190734863,13.260000228881836,13.274999618530273,46132.0
2024-03-01 15:55:00,FULC,10.970000267028809,10.970000267028809,11.005000114440918,10.970000267028809,11.0,5092.0
2024-03-01 15:55:00,FUSN,12.020000457763672,12.020000457763672,12.029999732971191,12.0,12.020000457763672,14880.0
2024-03-01 15:55:00,FWBI,9.140000343322754,9.140000343322754,9.140000343322754,9.100000381469727,9.100000381469727,545.0
2024-03-01 15:55:00,GALT,1.934999942779541,1.934999942779541,1.934999942779541,1.9299999475479126,1.9299999475479126,543.0
2024-03-01 15:55:00,GANX,4.659999847412109,4.659999847412109,4.659999847412109,4.659999847412109,4.659999847412109,547.0
2024-03-01 15:55:00,GBIO,2.640000104904175,2.640000104904175,2.640000104904175,2.640000104904175,2.640000104904175,180.0
2024-03-01 15:55:00,GDRX,8.359999656677246,8.359999656677246,8.390000343322754,8.359999656677246,8.385000228881836,24613.0
2024-03-01 15:55:00,GERN,2.255000114440918,2.255000114440918,2.259999990463257,2.25,2.25,60107.0
2024-03-01 15:55:00,GH,18.96500015258789,18.96500015258789,19.0,18.959999084472656,18.979999542236328,14373.0
2024-03-01 15:55:00,GILD,72.29499816894531,72.29499816894531,72.36000061035156,72.2699966430664,72.30999755859375,56200.0
2024-03-01 15:55:00,GLPG,35.119998931884766,35.119998931884766,35.119998931884766,35.10499954223633,35.10499954223633,751.0
2024-03-01 15:55:00,GLSI,12.850000381469727,12.850000381469727,12.899999618530273,12.850000381469727,12.899999618530273,1094.0
2024-03-01 15:55:00,GLUE,6.289999961853027,6.289999961853027,6.289999961853027,6.289999961853027,6.289999961853027,326.0
2024-03-01 15:55:00,GLYC,3.0299999713897705,3.0299999713897705,3.0299999713897705,3.0199999809265137,3.0199999809265137,1413.0
2024-03-01 15:55:00,GMAB,29.28499984741211,29.28499984741211,29.299999237060547,29.280000686645508,29.295000076293945,8694.0
2024-03-01 15:55:00,GMDA,0.38499999046325684,0.38499999046325684,0.38499999046325684,0.38199999928474426,0.38199999928474426,14789.0
2024-03-01 15:55:00,GNPX,4.591599941253662,4.591599941253662,4.591599941253662,4.591599941253662,4.591599941253662,821.0
2024-03-01 15:55:00,GOSS,1.3949999809265137,1.3949999809265137,1.399999976158142,1.3949999809265137,1.399999976158142,5698.0
2024-03-01 15:55:00,GRFS,7.005000114440918,7.005000114440918,7.009399890899658,7.0,7.005000114440918,6746.0
2024-03-01 15:55:00,GRTS,2.015000104904175,2.015000104904175,2.0199999809265137,2.012500047683716,2.015000104904175,18243.0
2024-03-01 15:55:00,GTHX,3.7149999141693115,3.7149999141693115,3.7300000190734863,3.700000047683716,3.7100000381469727,16128.0
2024-03-01 15:55:00,HALO,41.150001525878906,41.150001525878906,41.15999984741211,41.11000061035156,41.119998931884766,16116.0
2024-03-01 15:55:00,HARP,22.950000762939453,22.950000762939453,22.950000762939453,22.9424991607666,22.9424991607666,402.0
2024-03-01 15:55:00,HCAT,8.050000190734863,8.050000190734863,8.0600004196167,8.039999961853027,8.039999961853027,16447.0
2024-03-01 15:55:00,HCM,15.109999656677246,15.109999656677246,15.109999656677246,15.100000381469727,15.100000381469727,989.0
2024-03-01 15:55:00,HCSG,12.859999656677246,12.859999656677246,12.864999771118164,12.850000381469727,12.850000381469727,4803.0
2024-03-01 15:55:00,HCTI,2.009999990463257,2.009999990463257,2.0129001140594482,2.0,2.0,1266.0
2024-03-01 15:55:00,HCWB,1.600000023841858,1.600000023841858,1.600000023841858,1.600000023841858,1.600000023841858,160.0
2024-03-01 15:55:00,HEPA,3.0899999141693115,3.0899999141693115,3.0899999141693115,3.0899999141693115,3.0899999141693115,104.0
2024-03-01 15:55:00,HITI,1.7599999904632568,1.7599999904632568,1.7599999904632568,1.7599999904632568,1.7599999904632568,195.0
2024-03-01 15:55:00,HLTH,0.265500009059906,0.265500009059906,0.267300009727478,0.26499998569488525,0.2656329870223999,7010.0
2024-03-01 15:55:00,HLVX,19.065000534057617,19.065000534057617,19.079999923706055,19.059999465942383,19.079999923706055,1760.0
2024-03-01 15:55:00,HOLX,73.63999938964844,73.63999938964844,73.7699966430664,73.63999938964844,73.76499938964844,58309.0
2024-03-01 15:55:00,HOOK,0.7718999981880188,0.7718999981880188,0.7718999981880188,0.7718999981880188,0.7718999981880188,604.0
2024-03-01 15:55:00,HOTH,1.3300000429153442,1.3300000429153442,1.3300000429153442,1.3220000267028809,1.3220000267028809,714.0
2024-03-01 15:55:00,HOWL,6.980000019073486,6.980000019073486,6.980000019073486,6.980000019073486,6.980000019073486,121.0
2024-03-01 15:55:00,HQY,81.0999984741211,81.0999984741211,81.16999816894531,81.04000091552734,81.05999755859375,9736.0
2024-03-01 15:55:00,HRMY,32.08000183105469,32.08000183105469,32.150001525878906,32.06999969482422,32.11000061035156,5568.0
2024-03-01 15:55:00,HROW,10.9399995803833,10.9399995803833,10.9399995803833,10.90999984741211,10.90999984741211,2423.0
2024-03-01 15:55:00,HRTX,2.5899999141693115,2.5899999141693115,2.5899999141693115,2.5799999237060547,2.5799999237060547,4544.0
2024-03-01 15:55:00,HSCS,0.12120000272989273,0.12120000272989273,0.12120000272989273,0.12120000272989273,0.12120000272989273,810.0
2024-03-01 15:55:00,HSDT,4.574999809265137,4.574999809265137,4.574999809265137,4.574999809265137,4.574999809265137,201.0
2024-03-01 15:55:00,HSIC,76.83000183105469,76.83000183105469,76.87000274658203,76.7699966430664,76.83000183105469,18804.0
2024-03-01 15:55:00,HSTM,27.219999313354492,27.219999313354492,27.25,27.149999618530273,27.149999618530273,6681.0
2024-03-01 15:55:00,HUMA,3.2701001167297363,3.2701001167297363,3.2701001167297363,3.259999990463257,3.265000104904175,27348.0
2024-03-01 15:55:00,HYPR,1.125,1.125,1.125,1.125,1.125,147.0
2024-03-01 15:55:00,IART,36.0,36.0,36.029998779296875,35.970001220703125,35.97999954223633,17023.0
2024-03-01 15:55:00,IBRX,4.715000152587891,4.715000152587891,4.730000019073486,4.71150016784668,4.71999979019165,36840.0
2024-03-01 15:55:00,ICAD,1.8799999952316284,1.8799999952316284,1.8799999952316284,1.8799999952316284,1.8799999952316284,1185.0
2024-03-01 15:55:00,ICCC,5.2795000076293945,5.2795000076293945,5.2795000076293945,5.2795000076293945,5.2795000076293945,100.0
2024-03-01 15:55:00,ICLR,325.3125,325.3125,325.43499755859375,325.1400146484375,325.1400146484375,6798.0
2024-03-01 15:55:00,ICUI,105.56500244140625,105.56500244140625,105.58999633789062,105.52999877929688,105.58000183105469,3334.0
2024-03-01 15:55:00,IDXX,575.6484985351562,575.6484985351562,576.4400024414062,575.6484985351562,576.2100219726562,4562.0
2024-03-01 15:55:00,IDYA,46.2400016784668,46.2400016784668,46.349998474121094,46.2400016784668,46.349998474121094,6833.0
2024-03-01 15:55:00,IGMS,12.699999809265137,12.699999809265137,12.760000228881836,12.670000076293945,12.670000076293945,2639.0
2024-03-01 15:55:00,IINN,1.6950000524520874,1.6950000524520874,1.6950000524520874,1.6950000524520874,1.6950000524520874,531.0
2024-03-01 15:55:00,IKNA,1.4800000190734863,1.4800000190734863,1.4800000190734863,1.4700000286102295,1.4701000452041626,3242.0
2024-03-01 15:55:00,ILMN,140.41000366210938,140.41000366210938,140.64999389648438,140.41000366210938,140.63999938964844,9129.0
2024-03-01 15:55:00,IMAB,1.7899999618530273,1.7899999618530273,1.7899999618530273,1.7898999452590942,1.7899999618530273,601.0
2024-03-01 15:55:00,IMCR,67.43000030517578,67.43000030517578,67.52999877929688,67.38999938964844,67.38999938964844,7698.0
2024-03-01 15:55:00,IMMX,3.490000009536743,3.490000009536743,3.5,3.490000009536743,3.5,560.0
2024-03-01 15:55:00,IMNM,25.450000762939453,25.450000762939453,25.559999465942383,25.450000762939453,25.520000457763672,8453.0
2024-03-01 15:55:00,IMNN,1.0,1.0,1.0096999406814575,1.0,1.0096999406814575,6582.0
2024-03-01 15:55:00,IMTX,12.930000305175781,12.930000305175781,12.930000305175781,12.90999984741211,12.90999984741211,2990.0
2024-03-01 15:55:00,IMUX,1.440000057220459,1.440000057220459,1.4450000524520874,1.440000057220459,1.4450000524520874,2953.0
2024-03-01 15:55:00,IMVT,35.33000183105469,35.33000183105469,35.38999938964844,35.32500076293945,35.380001068115234,15178.0
2024-03-01 15:55:00,INAB,1.0850000381469727,1.0850000381469727,1.0850000381469727,1.0850000381469727,1.0850000381469727,460.0
2024-03-01 15:55:00,INBX,36.505001068115234,36.505001068115234,36.505001068115234,36.5,36.505001068115234,2957.0
2024-03-01 15:55:00,INCY,59.04999923706055,59.04999923706055,59.09000015258789,59.03499984741211,59.09000015258789,21505.0
2024-03-01 15:55:00,INGN,6.985000133514404,6.985000133514404,7.010000228881836,6.980000019073486,7.0,22831.0
2024-03-01 15:55:00,INMB,12.489999771118164,12.489999771118164,12.489999771118164,12.489999771118164,12.489999771118164,745.0
2024-03-01 15:55:00,INMD,22.895000457763672,22.895000457763672,22.950000762939453,22.889999389648438,22.895000457763672,32267.0
2024-03-01 15:55:00,INO,9.53499984741211,9.53499984741211,9.53499984741211,9.5,9.5,1914.0
2024-03-01 15:55:00,INSM,28.010000228881836,28.010000228881836,28.06999969482422,28.010000228881836,28.040000915527344,25742.0
2024-03-01 15:55:00,INVA,15.305000305175781,15.305000305175781,15.3149995803833,15.300000190734863,15.300000190734863,17124.0
2024-03-01 15:55:00,INZY,6.550000190734863,6.550000190734863,6.550000190734863,6.550000190734863,6.550000190734863,431.0
2024-03-01 15:55:00,IOBT,1.7599999904632568,1.7599999904632568,1.7599999904632568,1.7200000286102295,1.7200000286102295,673.0
2024-03-01 15:55:00,IONS,45.51499938964844,45.51499938964844,45.61000061035156,45.47999954223633,45.47999954223633,37108.0
2024-03-01 15:55:00,IOVA,16.809999465942383,16.809999465942383,16.84000015258789,16.809999465942383,16.834999084472656,58138.0
2024-03-01 15:55:00,IPSC,3.984999895095825,3.984999895095825,3.984999895095825,3.9700000286102295,3.984999895095825,701.0
2024-03-01 15:55:00,IRMD,41.91999816894531,41.91999816894531,41.970001220703125,41.709999084472656,41.970001220703125,770.0
2024-03-01 15:55:00,IRTC,120.62000274658203,120.62000274658203,120.62000274658203,120.41999816894531,120.41999816894531,1612.0
2024-03-01 15:55:00,IRWD,9.000100135803223,9.000100135803223,9.010000228881836,8.979999542236328,9.005000114440918,107958.0
2024-03-01 15:55:00,ISRG,398.4150085449219,398.4150085449219,398.5400085449219,397.7749938964844,397.7749938964844,18311.0
2024-03-01 15:55:00,ITCI,71.74500274658203,71.74500274658203,71.9000015258789,71.73999786376953,71.87999725341797,5660.0
2024-03-01 15:55:00,ITOS,11.260000228881836,11.260000228881836,11.260000228881836,11.260000228881836,11.260000228881836,1096.0
2024-03-01 15:55:00,IVVD,4.03000020980835,4.03000020980835,4.03000020980835,4.013000011444092,4.019999980926514,3744.0
2024-03-01 15:55:00,IXHL,5.505000114440918,5.505000114440918,5.510000228881836,5.505000114440918,5.510000228881836,926.0
2024-03-01 15:55:00,JAGX,0.08240000158548355,0.08240000158548355,0.0828000009059906,0.08240000158548355,0.08250000327825546,153783.0
2024-03-01 15:55:00,JANX,47.438499450683594,47.438499450683594,47.45000076293945,46.77000045776367,46.77000045776367,18661.0
2024-03-01 15:55:00,JAZZ,118.69999694824219,118.69999694824219,118.87999725341797,118.69499969482422,118.87000274658203,9508.0
2024-03-01 15:55:00,JSPR,21.760000228881836,21.760000228881836,21.799999237060547,21.549999237060547,21.56999969482422,4039.0
2024-03-01 15:55:00,JYNT,9.869999885559082,9.869999885559082,9.869999885559082,9.869999885559082,9.869999885559082,719.0
2024-03-01 15:55:00,KALV,14.140000343322754,14.140000343322754,14.140000343322754,14.109999656677246,14.109999656677246,9924.0
2024-03-01 15:55:00,KIDS,28.059999465942383,28.059999465942383,28.139999389648438,28.059999465942383,28.059999465942383,3977.0
2024-03-01 15:55:00,KNSA,21.684999465942383,21.684999465942383,21.729999542236328,21.674999237060547,21.729999542236328,4717.0
2024-03-01 15:55:00,KNTE,2.5899999141693115,2.5899999141693115,2.5999999046325684,2.5899999141693115,2.5950000286102295,4696.0
2024-03-01 15:55:00,KOD,6.010000228881836,6.010000228881836,6.014999866485596,6.0,6.0,12007.0
2024-03-01 15:55:00,KPTI,1.1800999641418457,1.1800999641418457,1.184999942779541,1.1799999475479126,1.1800999641418457,5036.0
2024-03-01 15:55:00,KRMD,2.109999895095825,2.109999895095825,2.130000114440918,2.109999895095825,2.130000114440918,517.0
2024-03-01 15:55:00,KRON,1.0499999523162842,1.0499999523162842,1.059999942779541,1.0499999523162842,1.059999942779541,1558.0
2024-03-01 15:55:00,KROS,68.81999969482422,68.81999969482422,68.83000183105469,68.72000122070312,68.7699966430664,2750.0
2024-03-01 15:55:00,KRTX,315.9800109863281,315.9800109863281,316.0299987792969,315.9800109863281,316.02899169921875,1073.0
2024-03-01 15:55:00,KRYS,167.11000061035156,167.11000061035156,167.14999389648438,167.02999877929688,167.14999389648438,3981.0
2024-03-01 15:55:00,KTRA,0.10050000250339508,0.10050000250339508,0.1005999967455864,0.10000000149011612,0.10050000250339508,51946.0
2024-03-01 15:55:00,KURA,21.614999771118164,21.614999771118164,21.649999618530273,21.610000610351562,21.6200008392334,6611.0
2024-03-01 15:55:00,KYMR,43.529998779296875,43.529998779296875,43.68000030517578,43.5099983215332,43.599998474121094,6787.0
2024-03-01 15:55:00,KZIA,0.25699999928474426,0.25699999928474426,0.25699999928474426,0.25084999203681946,0.25084999203681946,33000.0
2024-03-01 15:55:00,KZR,1.0199999809265137,1.0199999809265137,1.0299999713897705,1.0199999809265137,1.0199999809265137,26314.0
2024-03-01 15:55:00,LAB,2.494999885559082,2.494999885559082,2.5,2.490000009536743,2.490000009536743,53320.0
2024-03-01 15:55:00,LBPH,21.549999237060547,21.549999237060547,21.549999237060547,21.520000457763672,21.545000076293945,2696.0
2024-03-01 15:55:00,LEGN,65.56999969482422,65.56999969482422,65.66000366210938,65.55999755859375,65.56999969482422,6045.0
2024-03-01 15:55:00,LEXX,2.9198999404907227,2.9198999404907227,2.9198999404907227,2.9100000858306885,2.9100000858306885,1100.0
2024-03-01 15:55:00,LFLY,2.944999933242798,2.944999933242798,2.944999933242798,2.944999933242798,2.944999933242798,104.0
2024-03-01 15:55:00,LFMD,8.0,8.0,8.0,7.994999885559082,8.0,7161.0
2024-03-01 15:55:00,LFST,7.75,7.75,7.760000228881836,7.744999885559082,7.75,19813.0
2024-03-01 15:55:00,LGND,78.26499938964844,78.26499938964844,78.26499938964844,78.15499877929688,78.16000366210938,1911.0
2024-03-01 15:55:00,LGVN,0.5400000214576721,0.5400000214576721,0.5400000214576721,0.5400000214576721,0.5400000214576721,100.0
2024-03-01 15:55:00,LIAN,4.875,4.875,4.875,4.875,4.875,6854.0
2024-03-01 15:55:00,LIFE,1.909999966621399,1.909999966621399,1.9149999618530273,1.899999976158142,1.909999966621399,5187.0
2024-03-01 15:55:00,LIVN,55.38999938964844,55.38999938964844,55.400001525878906,55.279998779296875,55.279998779296875,7340.0
2024-03-01 15:55:00,LMAT,67.6500015258789,67.6500015258789,67.70999908447266,67.5999984741211,67.70999908447266,2352.0
2024-03-01 15:55:00,LNTH,64.52999877929688,64.52999877929688,64.56999969482422,64.48500061035156,64.54000091552734,21170.0
2024-03-01 15:55:00,LPTX,2.8499999046325684,2.8499999046325684,2.8499999046325684,2.819999933242798,2.819999933242798,1396.0
2024-03-01 15:55:00,LQDA,14.520000457763672,14.520000457763672,14.574999809265137,14.520000457763672,14.574999809265137,6828.0
2024-03-01 15:55:00,LRMR,11.319999694824219,11.319999694824219,11.319999694824219,11.305000305175781,11.3100004196167,2126.0
2024-03-01 15:55:00,LTRN,4.179999828338623,4.179999828338623,4.221799850463867,4.159999847412109,4.199999809265137,8539.0
2024-03-01 15:55:00,LUNG,9.335000038146973,9.335000038146973,9.350000381469727,9.329999923706055,9.34000015258789,6677.0
2024-03-01 15:55:00,LVTX,2.390000104904175,2.390000104904175,2.4700000286102295,2.380000114440918,2.4700000286102295,5045.0
2024-03-01 15:55:00,LXRX,2.4800000190734863,2.4800000190734863,2.490000009536743,2.4800000190734863,2.48009991645813,5140.0
2024-03-01 15:55:00,LYEL,3.075000047683716,3.075000047683716,3.0799999237060547,3.069999933242798,3.075000047683716,3177.0
2024-03-01 15:55:00,LYRA,5.650000095367432,5.650000095367432,5.650000095367432,5.650000095367432,5.650000095367432,716.0
2024-03-01 15:55:00,MACK,14.729999542236328,14.729999542236328,14.729999542236328,14.729999542236328,14.729999542236328,1174.0
2024-03-01 15:55:00,MASI,126.30999755859375,126.30999755859375,126.41999816894531,126.30999755859375,126.36000061035156,6614.0
2024-03-01 15:55:00,MASS,7.300000190734863,7.300000190734863,7.300000190734863,7.300000190734863,7.300000190734863,830.0
2024-03-01 15:55:00,MBRX,0.6299999952316284,0.6299999952316284,0.6299999952316284,0.6299999952316284,0.6299999952316284,211.0
2024-03-01 15:55:00,MCRB,1.225000023841858,1.225000023841858,1.2300000190734863,1.2200000286102295,1.2200000286102295,5279.0
2024-03-01 15:55:00,MDGL,252.13499450683594,252.13499450683594,252.19000244140625,251.63999938964844,252.05999755859375,5541.0
2024-03-01 15:55:00,MDRX,5.920000076293945,5.920000076293945,6.0,5.900000095367432,6.0,726465.0
2024-03-01 15:55:00,MDXG,8.625,8.625,8.630000114440918,8.614999771118164,8.619999885559082,14792.0
2024-03-01 15:55:00,ME,0.5450999736785889,0.5450999736785889,0.545799970626831,0.5450999736785889,0.5455999970436096,13915.0
2024-03-01 15:55:00,MEDP,403.29998779296875,403.29998779296875,403.7699890136719,403.1000061035156,403.1000061035156,2929.0
2024-03-01 15:55:00,MGNX,18.93000030517578,18.93000030517578,18.93199920654297,18.895000457763672,18.899999618530273,20192.0
2024-03-01 15:55:00,MGTX,6.409999847412109,6.409999847412109,6.409999847412109,6.409999847412109,6.409999847412109,1433.0
2024-03-01 15:55:00,MHUA,0.6897000074386597,0.6897000074386597,0.6897000074386597,0.6897000074386597,0.6897000074386597,212.0
2024-03-01 15:55:00,MIRM,29.200000762939453,29.200000762939453,29.219999313354492,29.184999465942383,29.190000534057617,5419.0
2024-03-01 15:55:00,MIST,1.6950000524520874,1.6950000524520874,1.7000000476837158,1.690000057220459,1.690000057220459,5827.0
2024-03-01 15:55:00,MLTX,50.84000015258789,50.84000015258789,50.869998931884766,50.80009841918945,50.83000183105469,7900.0
2024-03-01 15:55:00,MMSI,76.1500015258789,76.1500015258789,76.19999694824219,76.1500015258789,76.16000366210938,5690.0
2024-03-01 15:55:00,MNKD,4.514999866485596,4.514999866485596,4.519999980926514,4.510000228881836,4.514999866485596,8793.0
2024-03-01 15:55:00,MNMD,6.239999771118164,6.239999771118164,6.244999885559082,6.21999979019165,6.224999904632568,10080.0
2024-03-01 15:55:00,MNPR,0.895700991153717,0.895700991153717,0.895700991153717,0.895700991153717,0.895700991153717,175.0
2024-03-01 15:55:00,MODD,1.9500000476837158,1.9500000476837158,1.9500000476837158,1.9500000476837158,1.9500000476837158,1947.0
2024-03-01 15:55:00,MODV,28.1299991607666,28.1299991607666,28.219999313354492,28.1200008392334,28.1200008392334,4988.0
2024-03-01 15:55:00,MOR,17.684999465942383,17.684999465942383,17.690000534057617,17.684999465942383,17.690000534057617,1228.0
2024-03-01 15:55:00,MORF,39.4900016784668,39.4900016784668,39.58000183105469,39.47999954223633,39.540000915527344,4766.0
2024-03-01 15:55:00,MREO,3.9649999141693115,3.9649999141693115,3.9649999141693115,3.940999984741211,3.940999984741211,8348.0
2024-03-01 15:55:00,MRNA,95.18000030517578,95.18000030517578,95.33000183105469,95.13999938964844,95.30999755859375,24301.0
2024-03-01 15:55:00,MRNS,9.890000343322754,9.890000343322754,9.899999618530273,9.890000343322754,9.890000343322754,4365.0
2024-03-01 15:55:00,MRSN,5.914299964904785,5.914299964904785,5.925000190734863,5.900000095367432,5.90500020980835,25652.0
2024-03-01 15:55:00,MRUS,51.70000076293945,51.70000076293945,51.70000076293945,51.52000045776367,51.52000045776367,9406.0
2024-03-01 15:55:00,MRVI,7.605000019073486,7.605000019073486,7.614999771118164,7.579999923706055,7.590000152587891,31537.0
2024-03-01 15:55:00,MXCT,4.724999904632568,4.724999904632568,4.735000133514404,4.71999979019165,4.735000133514404,8996.0
2024-03-01 15:55:00,MYGN,22.170000076293945,22.170000076293945,22.18000030517578,22.1200008392334,22.139999389648438,2377.0
2024-03-01 15:55:00,MYMD,3.299999952316284,3.299999952316284,3.309999942779541,3.299999952316284,3.309999942779541,492.0
2024-03-01 15:55:00,NARI,45.22999954223633,45.22999954223633,45.40999984741211,45.20000076293945,45.220001220703125,38417.0
2024-03-01 15:55:00,NAUT,2.7200000286102295,2.7200000286102295,2.7200000286102295,2.700000047683716,2.700000047683716,414.0
2024-03-01 15:55:00,NBIX,131.24000549316406,131.24000549316406,131.4499969482422,131.24000549316406,131.35000610351562,19513.0
2024-03-01 15:55:00,NEO,15.930000305175781,15.930000305175781,15.960000038146973,15.930000305175781,15.9399995803833,9666.0
2024-03-01 15:55:00,NEOG,17.21500015258789,17.21500015258789,17.225000381469727,17.21500015258789,17.219999313354492,8720.0
2024-03-01 15:55:00,NEPT,0.4189000129699707,0.4189000129699707,0.4189999997615814,0.4189000129699707,0.4189999997615814,2713.0
2024-03-01 15:55:00,NEXI,6.269999980926514,6.269999980926514,6.394999980926514,6.25,6.315000057220459,3430.0
2024-03-01 15:55:00,NGM,1.5199999809265137,1.5199999809265137,1.524999976158142,1.5199999809265137,1.524999976158142,6919.0
2024-03-01 15:55:00,NKTR,0.7591000199317932,0.7591000199317932,0.7591000199317932,0.75,0.75,2257.0
2024-03-01 15:55:00,NKTX,12.819999694824219,12.819999694824219,12.829999923706055,12.8100004196167,12.829999923706055,4082.0
2024-03-01 15:55:00,NNOX,11.104999542236328,11.104999542236328,11.145000457763672,11.09000015258789,11.109999656677246,40225.0
2024-03-01 15:55:00,NOTV,7.929999828338623,7.929999828338623,7.989999771118164,7.929999828338623,7.980000019073486,8667.0
2024-03-01 15:55:00,NPCE,16.110000610351562,16.110000610351562,16.1200008392334,16.059999465942383,16.1200008392334,1141.0
2024-03-01 15:55:00,NRBO,6.159999847412109,6.159999847412109,6.159999847412109,6.1519999504089355,6.159999847412109,2115.0
2024-03-01 15:55:00,NRC,40.61000061035156,40.61000061035156,40.61000061035156,40.61000061035156,40.61000061035156,285.0
2024-03-01 15:55:00,NRIX,13.569999694824219,13.569999694824219,13.609999656677246,13.569999694824219,13.574999809265137,5820.0
2024-03-01 15:55:00,NRSN,2.0999999046325684,2.0999999046325684,2.0999999046325684,2.009999990463257,2.009999990463257,10910.0
2024-03-01 15:55:00,NRSNW,0.25099998712539673,0.25099998712539673,0.25099998712539673,0.25099998712539673,0.25099998712539673,1896.0
2024-03-01 15:55:00,NRXP,0.43755000829696655,0.43755000829696655,0.4399999976158142,0.4352000057697296,0.43755000829696655,1815.0
2024-03-01 15:55:00,NSPR,2.6600000858306885,2.6600000858306885,2.6600000858306885,2.640000104904175,2.640000104904175,7031.0
2024-03-01 15:55:00,NTLA,32.71500015258789,32.71500015258789,32.790000915527344,32.709999084472656,32.72999954223633,18867.0
2024-03-01 15:55:00,NTRA,89.51000213623047,89.51000213623047,89.51000213623047,89.20999908447266,89.20999908447266,14651.0
2024-03-01 15:55:00,NUTX,0.11334999650716782,0.11334999650716782,0.11400000005960464,0.11270000040531158,0.11389999836683273,7734.0
2024-03-01 15:55:00,NUVL,87.20999908447266,87.20999908447266,87.26000213623047,87.13999938964844,87.25,2760.0
2024-03-01 15:55:00,NVAX,5.389999866485596,5.389999866485596,5.40500020980835,5.389999866485596,5.394999980926514,72292.0
2024-03-01 15:55:00,NVCR,16.280000686645508,16.280000686645508,16.309999465942383,16.270000457763672,16.270000457763672,10302.0
2024-03-01 15:55:00,NVCT,10.75,10.75,10.75,10.6899995803833,10.6899995803833,700.0
2024-03-01 15:55:00,NVNO,6.460000038146973,6.460000038146973,6.460000038146973,6.429999828338623,6.434999942779541,4295.0
2024-03-01 15:55:00,NXTC,1.7799999713897705,1.7799999713897705,1.7799999713897705,1.7799999713897705,1.7799999713897705,200.0
2024-03-01 15:55:00,OCGN,0.9458000063896179,0.9458000063896179,0.9470000267028809,0.9458000063896179,0.9470000267028809,24132.0
2024-03-01 15:55:00,OCUL,10.75,10.75,10.779999732971191,10.739999771118164,10.755000114440918,29040.0
2024-03-01 15:55:00,OFIX,13.0,13.0,13.0,12.989999771118164,13.0,3414.0
2024-03-01 15:55:00,OGI,2.1700000762939453,2.1700000762939453,2.1700000762939453,2.1700000762939453,2.1700000762939453,1126.0
2024-03-01 15:55:00,OKYO,1.4606000185012817,1.4606000185012817,1.4606000185012817,1.4606000185012817,1.4606000185012817,318.0
2024-03-01 15:55:00,OLK,23.010000228881836,23.010000228881836,23.010000228881836,23.0,23.0049991607666,3080.0
2024-03-01 15:55:00,OLMA,14.829999923706055,14.829999923706055,14.869999885559082,14.8100004196167,14.819999694824219,14747.0
2024-03-01 15:55:00,OM,3.0950000286102295,3.0950000286102295,3.0950000286102295,3.0950000286102295,3.0950000286102295,4203.0
2024-03-01 15:55:00,OMCL,26.3799991607666,26.3799991607666,26.40999984741211,26.350000381469727,26.360000610351562,11215.0
2024-03-01 15:55:00,OMER,4.78000020980835,4.78000020980835,4.789999961853027,4.78000020980835,4.789999961853027,5011.0
2024-03-01 15:55:00,OMGA,4.320000171661377,4.320000171661377,4.324999809265137,4.320000171661377,4.321000099182129,4820.0
2024-03-01 15:55:00,ONCY,1.1198999881744385,1.1198999881744385,1.1200000047683716,1.118399977684021,1.118399977684021,4850.0
2024-03-01 15:55:00,ONTX,0.8274000287055969,0.8274000287055969,0.8274000287055969,0.8274000287055969,0.8274000287055969,1103.0
2024-03-01 15:56:00,AADI,1.9299999475479126,1.9299999475479126,1.9299999475479126,1.9199999570846558,1.9199999570846558,528.0
2024-03-01 15:56:00,ABCL,5.045000076293945,5.045000076293945,5.050000190734863,5.044000148773193,5.050000190734863,29069.0
2024-03-01 15:56:00,ABEO,7.776100158691406,7.776100158691406,7.776100158691406,7.769999980926514,7.769999980926514,642.0
2024-03-01 15:56:00,ABOS,4.644999980926514,4.644999980926514,4.650000095367432,4.644999980926514,4.650000095367432,2183.0
2024-03-01 15:56:00,ABSI,5.480000019073486,5.480000019073486,5.5,5.440000057220459,5.440000057220459,60054.0
2024-03-01 15:56:00,ABUS,2.7899999618530273,2.7899999618530273,2.7899999618530273,2.7850000858306885,2.7899999618530273,2730.0
2024-03-01 15:56:00,ABVC,1.1994999647140503,1.1994999647140503,1.1994999647140503,1.1994999647140503,1.1994999647140503,2456.0
2024-03-01 15:56:00,ACAD,24.0049991607666,24.0049991607666,24.024999618530273,24.0,24.014999389648438,22428.0
2024-03-01 15:56:00,ACB,3.1700000762939453,3.1700000762939453,3.1700000762939453,3.1696999073028564,3.1696999073028564,787.0
2024-03-01 15:56:00,ACCD,9.9350004196167,9.9350004196167,9.9399995803833,9.914999961853027,9.920000076293945,8849.0
2024-03-01 15:56:00,ACET,2.369999885559082,2.369999885559082,2.380000114440918,2.369999885559082,2.375,4300.0
2024-03-01 15:56:00,ACHC,83.95649719238281,83.95649719238281,83.95649719238281,83.86499786376953,83.91000366210938,4377.0
2024-03-01 15:56:00,ACHV,4.440000057220459,4.440000057220459,4.440000057220459,4.440000057220459,4.440000057220459,200.0
2024-03-01 15:56:00,ACIU,3.8499999046325684,3.8499999046325684,3.8550000190734863,3.8299999237060547,3.8299999237060547,1294.0
2024-03-01 15:56:00,ACLX,66.83999633789062,66.83999633789062,67.02999877929688,66.80999755859375,67.0,10717.0
2024-03-01 15:56:00,ACON,0.3993000090122223,0.3993000090122223,0.39980000257492065,0.3986999988555908,0.39980000257492065,3081.0
2024-03-01 15:56:00,ACRS,1.2350000143051147,1.2350000143051147,1.2400000095367432,1.2300000190734863,1.2350000143051147,6384.0
2024-03-01 15:56:00,ADAG,3.240000009536743,3.240000009536743,3.240000009536743,3.2200000286102295,3.2300000190734863,1012.0
2024-03-01 15:56:00,ADAP,1.587399959564209,1.587399959564209,1.590000033378601,1.5800000429153442,1.5800000429153442,10744.0
2024-03-01 15:56:00,ADIL,3.1700000762939453,3.1700000762939453,3.200000047683716,3.156399965286255,3.190000057220459,70722.0
2024-03-01 15:56:00,ADMA,5.510000228881836,5.510000228881836,5.519999980926514,5.510000228881836,5.514999866485596,22863.0
2024-03-01 15:56:00,ADPT,4.019999980926514,4.019999980926514,4.03000020980835,4.019999980926514,4.025000095367432,6085.0
2024-03-01 15:56:00,ADUS,93.80999755859375,93.80999755859375,93.9000015258789,93.80999755859375,93.9000015258789,2978.0
2024-03-01 15:56:00,ADVM,1.9800000190734863,1.9800000190734863,1.9800000190734863,1.9700000286102295,1.9700000286102295,11383.0
2024-03-01 15:56:00,AFMD,0.6728000044822693,0.6728000044822693,0.6728000044822693,0.6610000133514404,0.6614000201225281,44553.0
2024-03-01 15:56:00,AGEN,0.6600000262260437,0.6600000262260437,0.660099983215332,0.6600000262260437,0.660099983215332,39818.0
2024-03-01 15:56:00,AGIO,32.25,32.25,32.27000045776367,32.2400016784668,32.2599983215332,9188.0
2024-03-01 15:56:00,AGRX,0.8499000072479248,0.8499000072479248,0.8499000072479248,0.8499000072479248,0.8499000072479248,619.0
2024-03-01 15:56:00,AHCO,10.53499984741211,10.53499984741211,10.5649995803833,10.529999732971191,10.5600004196167,9462.0
2024-03-01 15:56:00,AIMD,1.0299999713897705,1.0299999713897705,1.0700000524520874,1.0299999713897705,1.0700000524520874,2710.0
2024-03-01 15:56:00,AIRS,6.329999923706055,6.329999923706055,6.340000152587891,6.329999923706055,6.329999923706055,695.0
2024-03-01 15:56:00,AKAN,0.21879999339580536,0.21879999339580536,0.2248000055551529,0.21879999339580536,0.2248000055551529,11208.0
2024-03-01 15:56:00,AKBA,1.6950000524520874,1.6950000524520874,1.7000000476837158,1.690000057220459,1.6950000524520874,6340.0
2024-03-01 15:56:00,AKLI,0.34299999475479126,0.34299999475479126,0.34299999475479126,0.34299999475479126,0.34299999475479126,400.0
2024-03-01 15:56:00,AKRO,28.15999984741211,28.15999984741211,28.239999771118164,28.15999984741211,28.204999923706055,22071.0
2024-03-01 15:56:00,AKYA,6.090000152587891,6.090000152587891,6.090000152587891,6.079999923706055,6.090000152587891,972.0
2024-03-01 15:56:00,ALDX,4.204999923706055,4.204999923706055,4.204999923706055,4.190000057220459,4.190000057220459,3373.0
2024-03-01 15:56:00,ALEC,7.385000228881836,7.385000228881836,7.400000095367432,7.380000114440918,7.380000114440918,13592.0
2024-03-01 15:56:00,ALGN,300.6400146484375,300.6400146484375,301.55999755859375,300.6400146484375,301.55999755859375,22142.0
2024-03-01 15:56:00,ALGS,1.1385999917984009,1.1385999917984009,1.149999976158142,1.1100000143051147,1.1100000143051147,5796.0
2024-03-01 15:56:00,ALHC,5.619999885559082,5.619999885559082,5.619999885559082,5.610000133514404,5.614999771118164,8000.0
2024-03-01 15:56:00,ALKS,30.239999771118164,30.239999771118164,30.260000228881836,30.209999084472656,30.21500015258789,22719.0
2024-03-01 15:56:00,ALLK,1.6399999856948853,1.6399999856948853,1.649999976158142,1.6349999904632568,1.649999976158142,25754.0
2024-03-01 15:56:00,ALLO,4.914999961853027,4.914999961853027,4.920000076293945,4.889999866485596,4.894999980926514,57860.0
2024-03-01 15:56:00,ALNY,152.9499969482422,152.9499969482422,152.9499969482422,152.75999450683594,152.85000610351562,8055.0
2024-03-01 15:56:00,ALPN,36.005001068115234,36.005001068115234,36.02000045776367,36.0,36.0,9500.0
2024-03-01 15:56:00,ALT,12.079999923706055,12.079999923706055,12.119999885559082,12.069999694824219,12.100000381469727,44746.0
2024-03-01 15:56:00,ALVO,15.755000114440918,15.755000114440918,15.760000228881836,15.739999771118164,15.744999885559082,642.0
2024-03-01 15:56:00,ALVR,0.7483999729156494,0.7483999729156494,0.7493000030517578,0.7475000023841858,0.7493000030517578,1924.0
2024-03-01 15:56:00,ALXO,14.989999771118164,14.989999771118164,15.010000228881836,14.970000267028809,15.0,16578.0
2024-03-01 15:56:00,AMED,93.3550033569336,93.3550033569336,93.36000061035156,93.31999969482422,93.33999633789062,2386.0
2024-03-01 15:56:00,AMGN,280.29998779296875,280.29998779296875,280.3299865722656,280.260009765625,280.32000732421875,37428.0
2024-03-01 15:56:00,AMLX,18.65999984741211,18.65999984741211,18.670000076293945,18.65999984741211,18.670000076293945,14319.0
2024-03-01 15:56:00,AMPH,46.17499923706055,46.17499923706055,46.209999084472656,46.06999969482422,46.10499954223633,14966.0
2024-03-01 15:56:00,AMRN,1.0549999475479126,1.0549999475479126,1.0599000453948975,1.0499999523162842,1.0549999475479126,30678.0
2024-03-01 15:56:00,ANAB,25.489999771118164,25.489999771118164,25.5,25.469999313354492,25.479999542236328,8043.0
2024-03-01 15:56:00,ANGO,5.489999771118164,5.489999771118164,5.489999771118164,5.485000133514404,5.489999771118164,3784.0
2024-03-01 15:56:00,ANIK,25.2549991607666,25.2549991607666,25.2549991607666,25.170000076293945,25.184999465942383,2791.0
2024-03-01 15:56:00,ANIP,67.12999725341797,67.12999725341797,67.12999725341797,66.97000122070312,66.97000122070312,3669.0
2024-03-01 15:56:00,ANIX,3.5199999809265137,3.5199999809265137,3.5199999809265137,3.5199999809265137,3.5199999809265137,493.0
2024-03-01 15:56:00,ANNX,5.989999771118164,5.989999771118164,6.039999961853027,5.980000019073486,6.039999961853027,35769.0
2024-03-01 15:56:00,APLS,64.16000366210938,64.16000366210938,64.23600006103516,64.08000183105469,64.0999984741211,31306.0
2024-03-01 15:56:00,APLT,7.065000057220459,7.065000057220459,7.070000171661377,7.050000190734863,7.050000190734863,21618.0
2024-03-01 15:56:00,APYX,2.1198999881744385,2.1198999881744385,2.1198999881744385,2.0899999141693115,2.0899999141693115,552.0
2024-03-01 15:56:00,AQST,4.239999771118164,4.239999771118164,4.244999885559082,4.220099925994873,4.220099925994873,12726.0
2024-03-01 15:56:00,ARAY,2.609999895095825,2.609999895095825,2.615000009536743,2.609999895095825,2.615000009536743,1663.0
2024-03-01 15:56:00,ARCT,39.78499984741211,39.78499984741211,39.790000915527344,39.70000076293945,39.70000076293945,3024.0
2024-03-01 15:56:00,ARDX,9.345000267028809,9.345000267028809,9.350000381469727,9.34000015258789,9.34000015258789,16070.0
2024-03-01 15:56:00,ARGX,393.6600036621094,393.6600036621094,393.8900146484375,392.7799987792969,393.135009765625,10749.0
2024-03-01 15:56:00,ARQT,11.6899995803833,11.6899995803833,11.699999809265137,11.675000190734863,11.675000190734863,59887.0
2024-03-01 15:56:00,ARTL,1.5098999738693237,1.5098999738693237,1.5098999738693237,1.5098999738693237,1.5098999738693237,1370.0
2024-03-01 15:56:00,ARVN,47.40999984741211,47.40999984741211,47.439998626708984,47.39500045776367,47.41999816894531,10443.0
2024-03-01 15:56:00,ARWR,36.189998626708984,36.189998626708984,36.22999954223633,36.18000030517578,36.209999084472656,23629.0
2024-03-01 15:56:00,ASLN,0.7361000180244446,0.7361000180244446,0.7620999813079834,0.7361000180244446,0.7455999851226807,420.0
2024-03-01 15:56:00,ASND,153.27000427246094,153.27000427246094,153.27999877929688,153.10000610351562,153.1300048828125,3085.0
2024-03-01 15:56:00,ASRT,0.8834999799728394,0.8834999799728394,0.8834999799728394,0.8787000179290771,0.8823999762535095,1514.0
2024-03-01 15:56:00,ATAI,2.130000114440918,2.130000114440918,2.130000114440918,2.119999885559082,2.130000114440918,3458.0
2024-03-01 15:56:00,ATEC,13.449999809265137,13.449999809265137,13.460000038146973,13.430000305175781,13.4399995803833,30277.0
2024-03-01 15:56:00,ATHA,3.940000057220459,3.940000057220459,3.940000057220459,3.934999942779541,3.934999942779541,770.0
2024-03-01 15:56:00,ATHE,1.7400000095367432,1.7400000095367432,1.7799999713897705,1.7400000095367432,1.7799999713897705,2036.0
2024-03-01 15:56:00,ATOS,1.0099999904632568,1.0099999904632568,1.0099999904632568,1.0099999904632568,1.0099999904632568,281.0
2024-03-01 15:56:00,ATRA,0.7705000042915344,0.7705000042915344,0.7710000276565552,0.7699999809265137,0.7705000042915344,15177.0
2024-03-01 15:56:00,ATRC,36.279998779296875,36.279998779296875,36.29999923706055,36.220001220703125,36.220001220703125,5815.0
2024-03-01 15:56:00,ATXS,14.949999809265137,14.949999809265137,14.949999809265137,14.880000114440918,14.899999618530273,5284.0
2024-03-01 15:56:00,AUGX,4.570000171661377,4.570000171661377,4.574999809265137,4.570000171661377,4.574999809265137,200.0
2024-03-01 15:56:00,AUPH,5.764999866485596,5.764999866485596,5.769999980926514,5.764999866485596,5.769999980926514,1139.0
2024-03-01 15:56:00,AUTL,6.244999885559082,6.244999885559082,6.25,6.239999771118164,6.244999885559082,2850.0
2024-03-01 15:56:00,AVDL,13.760000228881836,13.760000228881836,13.789999961853027,13.74120044708252,13.760000228881836,39150.0
2024-03-01 15:56:00,AVIR,4.449999809265137,4.449999809265137,4.449999809265137,4.449999809265137,4.449999809265137,4201.0
2024-03-01 15:56:00,AVRO,1.3300000429153442,1.3300000429153442,1.3300000429153442,1.3250000476837158,1.3300000429153442,3900.0
2024-03-01 15:56:00,AVTE,23.65999984741211,23.65999984741211,23.65999984741211,23.65999984741211,23.65999984741211,164.0
2024-03-01 15:56:00,AVXL,5.264999866485596,5.264999866485596,5.28000020980835,5.260000228881836,5.28000020980835,7435.0
2024-03-01 15:56:00,AWH,3.990000009536743,3.990000009536743,3.990000009536743,3.990000009536743,3.990000009536743,300.0
2024-03-01 15:56:00,AXGN,10.739999771118164,10.739999771118164,10.739999771118164,10.729999542236328,10.739999771118164,3635.0
2024-03-01 15:56:00,AXNX,67.73999786376953,67.73999786376953,67.74500274658203,67.73999786376953,67.73999786376953,2104.0
2024-03-01 15:56:00,AXSM,82.40499877929688,82.40499877929688,82.44000244140625,82.40499877929688,82.43000030517578,4159.0
2024-03-01 15:56:00,AZN,64.63500213623047,64.63500213623047,64.6500015258789,64.62999725341797,64.6500015258789,17291.0
2024-03-01 15:56:00,AZTA,67.21499633789062,67.21499633789062,67.21499633789062,67.16999816894531,67.19000244140625,3840.0
2024-03-01 15:56:00,BBIO,35.630001068115234,35.630001068115234,35.650001525878906,35.599998474121094,35.619998931884766,8162.0
2024-03-01 15:56:00,BBLG,2.359999895095825,2.359999895095825,2.359999895095825,2.359999895095825,2.359999895095825,759.0
2024-03-01 15:56:00,BCAB,2.8499999046325684,2.8499999046325684,2.8499999046325684,2.8399999141693115,2.8450000286102295,14292.0
2024-03-01 15:56:00,BCDA,0.5799999833106995,0.5799999833106995,0.5799999833106995,0.5799000263214111,0.5799999833106995,1483.0
2024-03-01 15:56:00,BCRX,5.630000114440918,5.630000114440918,5.630000114440918,5.619999885559082,5.628799915313721,17138.0
2024-03-01 15:56:00,BCYC,25.69499969482422,25.69499969482422,25.69499969482422,25.649999618530273,25.690000534057617,1467.0
2024-03-01 15:56:00,BDSX,1.6100000143051147,1.6100000143051147,1.6100000143051147,1.5950000286102295,1.5950000286102295,3041.0
2024-03-01 15:56:00,BDTX,4.784999847412109,4.784999847412109,4.789999961853027,4.784999847412109,4.784999847412109,3699.0
2024-03-01 15:56:00,BEAM,39.79999923706055,39.79999923706055,39.89500045776367,39.79999923706055,39.89500045776367,14561.0
2024-03-01 15:56:00,BGNE,164.6999969482422,164.6999969482422,164.8300018310547,164.64999389648438,164.74000549316406,4259.0
2024-03-01 15:56:00,BIIB,220.94000244140625,220.94000244140625,221.0850067138672,220.8300018310547,220.8300018310547,18640.0
2024-03-01 15:56:00,BIOL,0.1469999998807907,0.1469999998807907,0.14710000157356262,0.1468999981880188,0.14704999327659607,25545.0
2024-03-01 15:56:00,BIOR,1.1399999856948853,1.1399999856948853,1.1399999856948853,1.1150000095367432,1.1200000047683716,16384.0
2024-03-01 15:56:00,BIVI,1.850000023841858,1.850000023841858,1.8600000143051147,1.8300000429153442,1.8600000143051147,59884.0
2024-03-01 15:56:00,BLFS,17.969999313354492,17.969999313354492,18.010000228881836,17.959999084472656,17.989999771118164,9197.0
2024-03-01 15:56:00,BLUE,1.5800000429153442,1.5800000429153442,1.5800000429153442,1.5700000524520874,1.5750000476837158,28396.0
2024-03-01 15:56:00,BMEA,17.760000228881836,17.760000228881836,17.764999389648438,17.75,17.75,5433.0
2024-03-01 15:56:00,BMRA,1.2100000381469727,1.2100000381469727,1.2100000381469727,1.2100000381469727,1.2100000381469727,100.0
2024-03-01 15:56:00,BMRN,87.37000274658203,87.37000274658203,87.41000366210938,87.3499984741211,87.3499984741211,22204.0
2024-03-01 15:56:00,BNGO,1.2599999904632568,1.2599999904632568,1.2599999904632568,1.25,1.2549999952316284,22904.0
2024-03-01 15:56:00,BNR,0.8080999851226807,0.8080999851226807,0.8399999737739563,0.8080999851226807,0.8299999833106995,2026.0
2024-03-01 15:56:00,BNTX,90.83180236816406,90.83180236816406,90.8499984741211,90.77999877929688,90.77999877929688,4852.0
2024-03-01 15:56:00,BOLT,1.190000057220459,1.190000057220459,1.2100000381469727,1.190000057220459,1.2009999752044678,11531.0
2024-03-01 15:56:00,BPMC,94.94999694824219,94.94999694824219,95.19999694824219,94.94300079345703,95.0999984741211,11270.0
2024-03-01 15:56:00,BRKR,88.31999969482422,88.31999969482422,88.36499786376953,88.30000305175781,88.3499984741211,11173.0
2024-03-01 15:56:00,BRTX,1.5,1.5,1.5,1.5,1.5,104.0
2024-03-01 15:56:00,BTAI,3.194999933242798,3.194999933242798,3.200000047683716,3.190000057220459,3.194999933242798,1173.0
2024-03-01 15:56:00,BTTX,0.18019999563694,0.18019999563694,0.18019999563694,0.17900000512599945,0.17900000512599945,905.0
2024-03-01 15:56:00,BVS,4.869999885559082,4.869999885559082,4.869999885559082,4.849999904632568,4.849999904632568,842.0
2024-03-01 15:56:00,BWAY,6.59499979019165,6.59499979019165,6.605000019073486,6.59499979019165,6.599999904632568,2643.0
2024-03-01 15:56:00,BYSI,1.5049999952316284,1.5049999952316284,1.5049999952316284,1.5049999952316284,1.5049999952316284,331.0
2024-03-01 15:56:00,CABA,23.969999313354492,23.969999313354492,23.969999313354492,23.940000534057617,23.969999313354492,6192.0
2024-03-01 15:56:00,CALT,21.450000762939453,21.450000762939453,21.469999313354492,21.450000762939453,21.469999313354492,340.0
2024-03-01 15:56:00,CAPR,4.569900035858154,4.569900035858154,4.570000171661377,4.550000190734863,4.559999942779541,2219.0
2024-03-01 15:56:00,CARA,0.9330000281333923,0.9330000281333923,0.9549000263214111,0.9330000281333923,0.9549000263214111,773.0
2024-03-01 15:56:00,CASI,5.492099761962891,5.492099761962891,5.492099761962891,5.489999771118164,5.489999771118164,481.0
2024-03-01 15:56:00,CBAY,32.224998474121094,32.224998474121094,32.224998474121094,32.220001220703125,32.224998474121094,11175.0
2024-03-01 15:56:00,CCCC,11.0,11.0,11.0,10.979999542236328,10.994999885559082,12499.0
2024-03-01 15:56:00,CCRN,18.399999618530273,18.399999618530273,18.399999618530273,18.3700008392334,18.3700008392334,8274.0
2024-03-01 15:56:00,CDMO,8.270000457763672,8.270000457763672,8.279999732971191,8.25,8.25,17305.0
2024-03-01 15:56:00,CDNA,11.994999885559082,11.994999885559082,12.024999618530273,11.970000267028809,12.024999618530273,28466.0
2024-03-01 15:56:00,CDTX,0.7193999886512756,0.7193999886512756,0.7195000052452087,0.7193999886512756,0.7195000052452087,2501.0
2024-03-01 15:56:00,CDXS,4.619999885559082,4.619999885559082,4.630099773406982,4.619999885559082,4.630000114440918,10953.0
2024-03-01 15:56:00,CELC,17.34000015258789,17.34000015258789,17.350000381469727,17.309999465942383,17.31999969482422,4673.0
2024-03-01 15:56:00,CERE,41.060001373291016,41.060001373291016,41.064998626708984,41.060001373291016,41.064998626708984,3493.0
2024-03-01 15:56:00,CERS,2.1730000972747803,2.1730000972747803,2.180000066757202,2.1700000762939453,2.1700000762939453,5103.0
2024-03-01 15:56:00,CERT,18.34000015258789,18.34000015258789,18.3700008392334,18.329999923706055,18.360000610351562,15158.0
2024-03-01 15:56:00,CGC,3.2049999237060547,3.2049999237060547,3.2100000381469727,3.2000999450683594,3.2000999450683594,4094.0
2024-03-01 15:56:00,CGEM,18.479999542236328,18.479999542236328,18.520000457763672,18.479999542236328,18.520000457763672,4593.0
2024-03-01 15:56:00,CGEN,2.6600000858306885,2.6600000858306885,2.6600000858306885,2.6549999713897705,2.6600000858306885,11500.0
2024-03-01 15:56:00,CGTX,2.0,2.0,2.0,2.0,2.0,1043.0
2024-03-01 15:56:00,CHRS,2.3949999809265137,2.3949999809265137,2.4000000953674316,2.3949999809265137,2.4000000953674316,7669.0
2024-03-01 15:56:00,CKPT,2.234999895095825,2.234999895095825,2.240000009536743,2.234999895095825,2.234999895095825,1192.0
2024-03-01 15:56:00,CLDX,51.900001525878906,51.900001525878906,52.0,51.869998931884766,51.96500015258789,12833.0
2024-03-01 15:56:00,CLOV,0.8653500080108643,0.8653500080108643,0.8654000163078308,0.8652999997138977,0.8652999997138977,12516.0
2024-03-01 15:56:00,CLPT,6.675000190734863,6.675000190734863,6.675000190734863,6.675000190734863,6.675000190734863,227.0
2024-03-01 15:56:00,CLRB,4.159999847412109,4.159999847412109,4.159999847412109,4.150000095367432,4.15500020980835,4938.0
2024-03-01 15:56:00,CLVR,4.271599769592285,4.271599769592285,4.271599769592285,4.271599769592285,4.271599769592285,361.0
2024-03-01 15:56:00,CLVRW,0.02070000022649765,0.02070000022649765,0.02070000022649765,0.02070000022649765,0.02070000022649765,100.0
2024-03-01 15:56:00,CMAX,7.789999961853027,7.789999961853027,7.789999961853027,7.789999961853027,7.789999961853027,110.0
2024-03-01 15:56:00,CMPS,11.5,11.5,11.5,11.489999771118164,11.5,4196.0
2024-03-01 15:56:00,CMRX,1.1749999523162842,1.1749999523162842,1.1749999523162842,1.1749999523162842,1.1749999523162842,1052.0
2024-03-01 15:56:00,CNTA,10.850000381469727,10.850000381469727,10.850000381469727,10.819999694824219,10.819999694824219,550.0
2024-03-01 15:56:00,COGT,7.275000095367432,7.275000095367432,7.309999942779541,7.260000228881836,7.309999942779541,37252.0
2024-03-01 15:56:00,COLL,37.130001068115234,37.130001068115234,37.130001068115234,37.130001068115234,37.130001068115234,1046.0
2024-03-01 15:56:00,CORT,24.114999771118164,24.114999771118164,24.139999389648438,24.110000610351562,24.110000610351562,12671.0
2024-03-01 15:56:00,CPRX,17.040000915527344,17.040000915527344,17.049999237060547,17.030000686645508,17.030000686645508,21482.0
2024-03-01 15:56:00,CPSI,9.260000228881836,9.260000228881836,9.270000457763672,9.229999542236328,9.229999542236328,5561.0
2024-03-01 15:56:00,CRBP,34.79999923706055,34.79999923706055,34.79999923706055,34.720001220703125,34.77000045776367,1673.0
2024-03-01 15:56:00,CRBU,7.784999847412109,7.784999847412109,7.784999847412109,7.769999980926514,7.769999980926514,10980.0
2024-03-01 15:56:00,CRDF,2.9200000762939453,2.9200000762939453,2.949899911880493,2.859999895095825,2.8975000381469727,113557.0
2024-03-01 15:56:00,CRMD,3.6549999713897705,3.6549999713897705,3.6600000858306885,3.6549999713897705,3.6549999713897705,1029.0
2024-03-01 15:56:00,CRNX,46.060001373291016,46.060001373291016,46.060001373291016,46.02000045776367,46.029998779296875,7513.0
2024-03-01 15:56:00,CRON,2.0185999870300293,2.0185999870300293,2.0199999809265137,2.015000104904175,2.0199999809265137,7226.0
2024-03-01 15:56:00,CRSP,83.88999938964844,83.88999938964844,83.97000122070312,83.8499984741211,83.94000244140625,9256.0
2024-03-01 15:56:00,CRVS,2.2200000286102295,2.2200000286102295,2.2200000286102295,2.190000057220459,2.208899974822998,2201.0
2024-03-01 15:56:00,CSTL,19.969999313354492,19.969999313354492,19.979999542236328,19.96500015258789,19.96500015258789,3062.0
2024-03-01 15:56:00,CTKB,9.109999656677246,9.109999656677246,9.109999656677246,9.095000267028809,9.100000381469727,9491.0
2024-03-01 15:56:00,CTMX,2.619999885559082,2.619999885559082,2.619999885559082,2.5899999141693115,2.5899999141693115,29576.0
2024-03-01 15:56:00,CTSO,0.9462000131607056,0.9462000131607056,0.9462000131607056,0.9462000131607056,0.9462000131607056,170.0
2024-03-01 15:56:00,CTXR,0.77920001745224,0.77920001745224,0.7838000059127808,0.7788000106811523,0.7838000059127808,1955.0
2024-03-01 15:56:00,CUE,2.109999895095825,2.109999895095825,2.109999895095825,2.109999895095825,2.109999895095825,1382.0
2024-03-01 15:56:00,CUTR,2.4000000953674316,2.4000000953674316,2.4000000953674316,2.4000000953674316,2.4000000953674316,1314.0
2024-03-01 15:56:00,CVAC,3.4649999141693115,3.4649999141693115,3.4700000286102295,3.4600000381469727,3.4649999141693115,3620.0
2024-03-01 15:56:00,CVRX,20.780000686645508,20.780000686645508,20.81999969482422,20.780000686645508,20.780000686645508,1054.0
2024-03-01 15:56:00,CYCC,2.8299999237060547,2.8299999237060547,2.8299999237060547,2.8299999237060547,2.8299999237060547,100.0
2024-03-01 15:56:00,CYTK,73.93150329589844,73.93150329589844,74.0,73.8949966430664,73.91999816894531,17460.0
2024-03-01 15:56:00,DARE,0.550000011920929,0.550000011920929,0.550000011920929,0.550000011920929,0.550000011920929,206.0
2024-03-01 15:56:00,DAWN,17.459999084472656,17.459999084472656,17.469999313354492,17.440000534057617,17.450000762939453,8052.0
2024-03-01 15:56:00,DCGO,4.117000102996826,4.117000102996826,4.119999885559082,4.099999904632568,4.105000019073486,19429.0
2024-03-01 15:56:00,DCPH,17.3700008392334,17.3700008392334,17.375,17.360000610351562,17.3700008392334,3597.0
2024-03-01 15:56:00,DCTH,4.199999809265137,4.199999809265137,4.200099945068359,4.199999809265137,4.199999809265137,1564.0
2024-03-01 15:56:00,DERM,4.1107001304626465,4.1107001304626465,4.1107001304626465,4.1107001304626465,4.1107001304626465,150.0
2024-03-01 15:56:00,DH,8.949999809265137,8.949999809265137,8.960000038146973,8.930000305175781,8.930000305175781,8697.0
2024-03-01 15:56:00,DMTK,0.8748000264167786,0.8748000264167786,0.8759999871253967,0.8705000281333923,0.8758999705314636,1956.0
2024-03-01 15:56:00,DNLI,20.860000610351562,20.860000610351562,20.8700008392334,20.780000686645508,20.780000686645508,14584.0
2024-03-01 15:56:00,DRRX,0.9810000061988831,0.9810000061988831,0.9810000061988831,0.9810000061988831,0.9810000061988831,129.0
2024-03-01 15:56:00,DRTS,3.0,3.0,3.0,3.0,3.0,322.0
2024-03-01 15:56:00,DSGN,2.8550000190734863,2.8550000190734863,2.859999895095825,2.8499999046325684,2.859999895095825,3107.0
2024-03-01 15:56:00,DTIL,12.510000228881836,12.510000228881836,12.680000305175781,12.5,12.569999694824219,14112.0
2024-03-01 15:56:00,DVAX,12.760000228881836,12.760000228881836,12.770000457763672,12.755000114440918,12.760000228881836,14597.0
2024-03-01 15:56:00,DXCM,121.76499938964844,121.76499938964844,121.76499938964844,121.69999694824219,121.7300033569336,45434.0
2024-03-01 15:56:00,DYN,29.100000381469727,29.100000381469727,29.1200008392334,29.075000762939453,29.075000762939453,12260.0
2024-03-01 15:56:00,EDAP,6.885000228881836,6.885000228881836,6.909999847412109,6.869999885559082,6.909999847412109,788.0
2024-03-01 15:56:00,EDIT,10.505000114440918,10.505000114440918,10.515000343322754,10.503000259399414,10.510000228881836,13818.0
2024-03-01 15:56:00,EFTR,16.0,16.0,16.0,15.998700141906738,15.998700141906738,382.0
2024-03-01 15:56:00,EGRX,6.46999979019165,6.46999979019165,6.46999979019165,6.465000152587891,6.465000152587891,416.0
2024-03-01 15:56:00,EIGR,7.11359977722168,7.11359977722168,7.11359977722168,7.11359977722168,7.11359977722168,304.0
2024-03-01 15:56:00,ELDN,1.7200000286102295,1.7200000286102295,1.809999942779541,1.7199000120162964,1.809999942779541,41180.0
2024-03-01 15:56:00,ELEV,5.019999980926514,5.019999980926514,5.025000095367432,5.014999866485596,5.014999866485596,4532.0
2024-03-01 15:56:00,EMBC,14.199999809265137,14.199999809265137,14.199999809265137,14.199999809265137,14.199999809265137,380.0
2024-03-01 15:56:00,ENLV,3.1600000858306885,3.1600000858306885,3.1600000858306885,3.1600000858306885,3.1600000858306885,400.0
2024-03-01 15:56:00,ENSG,121.8550033569336,121.8550033569336,121.95999908447266,121.7300033569336,121.75,6157.0
2024-03-01 15:56:00,ENTA,15.34000015258789,15.34000015258789,15.34000015258789,15.34000015258789,15.34000015258789,1759.0
2024-03-01 15:56:00,ENVB,1.6649999618530273,1.6649999618530273,1.6699999570846558,1.6399999856948853,1.6409000158309937,25107.0
2024-03-01 15:56:00,EOLS,14.895000457763672,14.895000457763672,14.90999984741211,14.895000457763672,14.899999618530273,6069.0
2024-03-01 15:56:00,EPIX,9.280099868774414,9.280099868774414,9.3100004196167,9.160099983215332,9.160099983215332,1261.0
2024-03-01 15:56:00,EQ,2.4723000526428223,2.4723000526428223,2.4723000526428223,2.4723000526428223,2.4723000526428223,1408.0
2024-03-01 15:56:00,ERAS,2.565000057220459,2.565000057220459,2.565000057220459,2.559999942779541,2.565000057220459,2501.0
2024-03-01 15:56:00,ESPR,2.555000066757202,2.555000066757202,2.559999942779541,2.549999952316284,2.555000066757202,27930.0
2024-03-01 15:56:00,ESTA,44.21500015258789,44.21500015258789,44.41999816894531,44.040000915527344,44.08000183105469,17349.0
2024-03-01 15:56:00,ETNB,12.664999961853027,12.664999961853027,12.680000305175781,12.654999732971191,12.65999984741211,21744.0
2024-03-01 15:56:00,EVGN,0.9895349740982056,0.9895349740982056,0.9900000095367432,0.9895349740982056,0.9898999929428101,9207.0
2024-03-01 15:56:00,EWTX,16.6200008392334,16.6200008392334,16.6299991607666,16.614999771118164,16.6299991607666,13735.0
2024-03-01 15:56:00,EXAI,6.519999980926514,6.519999980926514,6.519999980926514,6.514999866485596,6.514999866485596,2031.0
2024-03-01 15:56:00,EXAS,59.54499816894531,59.54499816894531,59.59000015258789,59.54499816894531,59.59000015258789,16570.0
2024-03-01 15:56:00,EXEL,22.229999542236328,22.229999542236328,22.2450008392334,22.229999542236328,22.239999771118164,14886.0
2024-03-01 15:56:00,EYEN,2.360100030899048,2.360100030899048,2.369999885559082,2.350100040435791,2.359999895095825,16905.0
2024-03-01 15:56:00,EYPT,28.0,28.0,28.030000686645508,27.969999313354492,28.0,8501.0
2024-03-01 15:56:00,FATE,7.710000038146973,7.710000038146973,7.724999904632568,7.710000038146973,7.71999979019165,9608.0
2024-03-01 15:56:00,FBIO,2.4179999828338623,2.4179999828338623,2.4200000762939453,2.4149999618530273,2.4200000762939453,1429.0
2024-03-01 15:56:00,FDMT,29.3700008392334,29.3700008392334,29.389999389648438,29.360000610351562,29.389999389648438,3222.0
2024-03-01 15:56:00,FEMY,1.8573999404907227,1.8573999404907227,1.8573999404907227,1.840000033378601,1.854099988937378,3783.0
2024-03-01 15:56:00,FENC,9.84000015258789,9.84000015258789,9.84000015258789,9.84000015258789,9.84000015258789,831.0
2024-03-01 15:56:00,FGEN,1.8224999904632568,1.8224999904632568,1.8250000476837158,1.8200000524520874,1.8224999904632568,2354.0
2024-03-01 15:56:00,FHTX,7.880000114440918,7.880000114440918,7.880000114440918,7.880000114440918,7.880000114440918,2101.0
2024-03-01 15:56:00,FLGT,23.25,23.25,23.25,23.239999771118164,23.25,3672.0
2024-03-01 15:56:00,FOLD,13.289999961853027,13.289999961853027,13.300000190734863,13.270000457763672,13.289999961853027,36171.0
2024-03-01 15:56:00,FONR,22.75,22.75,22.75,22.75,22.75,168.0
2024-03-01 15:56:00,FULC,10.994999885559082,10.994999885559082,11.0,10.979999542236328,10.979999542236328,7748.0
2024-03-01 15:56:00,FUSN,11.994999885559082,11.994999885559082,12.029999732971191,11.989999771118164,12.020000457763672,14108.0
2024-03-01 15:56:00,FWBI,9.3100004196167,9.3100004196167,9.3100004196167,9.15999984741211,9.170000076293945,4783.0
2024-03-01 15:56:00,GALT,1.934999942779541,1.934999942779541,1.934999942779541,1.9299999475479126,1.9299999475479126,200.0
2024-03-01 15:56:00,GBIO,2.640000104904175,2.640000104904175,2.640000104904175,2.630000114440918,2.630000114440918,1439.0
2024-03-01 15:56:00,GCTK,0.3100000023841858,0.3100000023841858,0.3100000023841858,0.3100000023841858,0.3100000023841858,122.0
2024-03-01 15:56:00,GDRX,8.354999542236328,8.354999542236328,8.359999656677246,8.34000015258789,8.359999656677246,26465.0
2024-03-01 15:56:00,GERN,2.259999990463257,2.259999990463257,2.259999990463257,2.25,2.25,69387.0
2024-03-01 15:56:00,GH,18.90999984741211,18.90999984741211,18.959999084472656,18.90999984741211,18.959999084472656,14692.0
2024-03-01 15:56:00,GILD,72.30999755859375,72.30999755859375,72.31999969482422,72.28500366210938,72.29000091552734,37802.0
2024-03-01 15:56:00,GLPG,35.099998474121094,35.099998474121094,35.12990188598633,35.099998474121094,35.12990188598633,415.0
2024-03-01 15:56:00,GLSI,12.949999809265137,12.949999809265137,12.949999809265137,12.949999809265137,12.949999809265137,466.0
2024-03-01 15:56:00,GLTO,0.8199999928474426,0.8199999928474426,0.8199999928474426,0.8199999928474426,0.8199999928474426,246.0
2024-03-01 15:56:00,GLUE,6.269999980926514,6.269999980926514,6.289999961853027,6.269999980926514,6.289999961853027,1574.0
2024-03-01 15:56:00,GLYC,2.990000009536743,2.990000009536743,3.0250000953674316,2.9549999237060547,3.0250000953674316,23266.0
2024-03-01 15:56:00,GMAB,29.274999618530273,29.274999618530273,29.28499984741211,29.260000228881836,29.28499984741211,11697.0
2024-03-01 15:56:00,GMDA,0.3849000036716461,0.3849000036716461,0.3849000036716461,0.3846000134944916,0.3846000134944916,2053.0
2024-03-01 15:56:00,GNFT,3.619999885559082,3.619999885559082,3.619999885559082,3.619999885559082,3.619999885559082,1127.0
2024-03-01 15:56:00,GOSS,1.399999976158142,1.399999976158142,1.399999976158142,1.3949999809265137,1.399999976158142,4712.0
2024-03-01 15:56:00,GRFS,7.005000114440918,7.005000114440918,7.005000114440918,7.0,7.005000114440918,7354.0
2024-03-01 15:56:00,GRPH,3.4000000953674316,3.4000000953674316,3.4000000953674316,3.4000000953674316,3.4000000953674316,831.0
2024-03-01 15:56:00,GRTS,2.015000104904175,2.015000104904175,2.0199999809265137,2.009999990463257,2.015000104904175,21051.0
2024-03-01 15:56:00,GTHX,3.7300000190734863,3.7300000190734863,3.7300000190734863,3.7100000381469727,3.7200000286102295,8668.0
2024-03-01 15:56:00,HALO,41.130001068115234,41.130001068115234,41.150001525878906,41.10499954223633,41.150001525878906,11100.0
2024-03-01 15:56:00,HARP,22.950000762939453,22.950000762939453,22.950000762939453,22.94499969482422,22.950000762939453,4852.0
2024-03-01 15:56:00,HBIO,4.375,4.375,4.375,4.340000152587891,4.340000152587891,359.0
2024-03-01 15:56:00,HCAT,8.039999961853027,8.039999961853027,8.050000190734863,8.039999961853027,8.039999961853027,10549.0
2024-03-01 15:56:00,HCM,15.109999656677246,15.109999656677246,15.109999656677246,15.09000015258789,15.09000015258789,506.0
2024-03-01 15:56:00,HCSG,12.864999771118164,12.864999771118164,12.869999885559082,12.859999656677246,12.859999656677246,6103.0
2024-03-01 15:56:00,HCTI,2.009999990463257,2.009999990463257,2.0299999713897705,2.009999990463257,2.0299999713897705,1482.0
2024-03-01 15:56:00,HCWB,1.597499966621399,1.597499966621399,1.600000023841858,1.5499999523162842,1.5499999523162842,4780.0
2024-03-01 15:56:00,HITI,1.7599999904632568,1.7599999904632568,1.7599999904632568,1.7599999904632568,1.7599999904632568,119.0
2024-03-01 15:56:00,HLTH,0.26499998569488525,0.26499998569488525,0.265500009059906,0.26499998569488525,0.26524999737739563,811.0
2024-03-01 15:56:00,HLVX,19.079999923706055,19.079999923706055,19.100000381469727,19.065000534057617,19.079999923706055,1746.0
2024-03-01 15:56:00,HOLX,73.6500015258789,73.6500015258789,73.69000244140625,73.58999633789062,73.63999938964844,26341.0
2024-03-01 15:56:00,HOOK,0.7675999999046326,0.7675999999046326,0.7675999999046326,0.7675999999046326,0.7675999999046326,808.0
2024-03-01 15:56:00,HOWL,7.0,7.0,7.0,6.96999979019165,6.989999771118164,1062.0
2024-03-01 15:56:00,HQY,81.11000061035156,81.11000061035156,81.13500213623047,81.08999633789062,81.0999984741211,12639.0
2024-03-01 15:56:00,HRMY,32.11000061035156,32.11000061035156,32.119998931884766,32.06999969482422,32.06999969482422,3149.0
2024-03-01 15:56:00,HRTX,2.5799999237060547,2.5799999237060547,2.5899999141693115,2.5799999237060547,2.5899999141693115,9605.0
2024-03-01 15:56:00,HSCS,0.12120000272989273,0.12120000272989273,0.12120000272989273,0.12120000272989273,0.12120000272989273,484.0
2024-03-01 15:56:00,HSDT,4.579999923706055,4.579999923706055,4.579999923706055,4.579999923706055,4.579999923706055,102.0
2024-03-01 15:56:00,HSIC,76.87999725341797,76.87999725341797,76.9000015258789,76.83000183105469,76.83999633789062,18210.0
2024-03-01 15:56:00,HSTM,27.209999084472656,27.209999084472656,27.239999771118164,27.209999084472656,27.239999771118164,2135.0
2024-03-01 15:56:00,HUGE,0.9010000228881836,0.9010000228881836,0.9010000228881836,0.9010000228881836,0.9010000228881836,517.0
2024-03-01 15:56:00,HUMA,3.2699999809265137,3.2699999809265137,3.2799999713897705,3.259999990463257,3.2699999809265137,46949.0
2024-03-01 15:56:00,IART,35.9900016784668,35.9900016784668,36.0,35.97999954223633,35.994998931884766,9164.0
2024-03-01 15:56:00,IBRX,4.710100173950195,4.710100173950195,4.71999979019165,4.710000038146973,4.71999979019165,15433.0
2024-03-01 15:56:00,ICLR,325.55999755859375,325.55999755859375,325.75,325.2950134277344,325.29998779296875,3583.0
2024-03-01 15:56:00,ICUI,105.55000305175781,105.55000305175781,105.55000305175781,105.47000122070312,105.4800033569336,1877.0
2024-03-01 15:56:00,IDXX,577.0,577.0,577.0599975585938,576.489990234375,576.489990234375,3853.0
2024-03-01 15:56:00,IDYA,46.255001068115234,46.255001068115234,46.279998779296875,46.22999954223633,46.22999954223633,5064.0
2024-03-01 15:56:00,IGMS,12.664999961853027,12.664999961853027,12.720000267028809,12.65999984741211,12.720000267028809,3131.0
2024-03-01 15:56:00,IINN,1.690000057220459,1.690000057220459,1.6950000524520874,1.690000057220459,1.6900999546051025,3452.0
2024-03-01 15:56:00,IKNA,1.4800000190734863,1.4800000190734863,1.4800000190734863,1.4700000286102295,1.4800000190734863,1988.0
2024-03-01 15:56:00,ILMN,140.4149932861328,140.4149932861328,140.47000122070312,140.32000732421875,140.42999267578125,12773.0
2024-03-01 15:56:00,IMAB,1.7999999523162842,1.7999999523162842,1.7999999523162842,1.7899999618530273,1.7899999618530273,2887.0
2024-03-01 15:56:00,IMCR,67.33999633789062,67.33999633789062,67.43000030517578,67.27999877929688,67.43000030517578,2583.0
2024-03-01 15:56:00,IMMP,2.309999942779541,2.309999942779541,2.309999942779541,2.309999942779541,2.309999942779541,435.0
2024-03-01 15:56:00,IMMX,3.509999990463257,3.509999990463257,3.509999990463257,3.490000009536743,3.490000009536743,2806.0
2024-03-01 15:56:00,IMNM,25.514999389648438,25.514999389648438,25.530000686645508,25.450000762939453,25.459999084472656,4460.0
2024-03-01 15:56:00,IMRX,6.150000095367432,6.150000095367432,6.150000095367432,6.150000095367432,6.150000095367432,508.0
2024-03-01 15:56:00,IMTX,12.920000076293945,12.920000076293945,12.930000305175781,12.90999984741211,12.925000190734863,5244.0
2024-03-01 15:56:00,IMUX,1.4450000524520874,1.4450000524520874,1.4450000524520874,1.440000057220459,1.440000057220459,1772.0
2024-03-01 15:56:00,IMVT,35.31999969482422,35.31999969482422,35.349998474121094,35.31999969482422,35.345001220703125,13493.0
2024-03-01 15:56:00,INBX,36.505001068115234,36.505001068115234,36.505001068115234,36.5,36.5,4358.0
2024-03-01 15:56:00,INCY,59.06999969482422,59.06999969482422,59.08000183105469,59.04999923706055,59.04999923706055,12991.0
2024-03-01 15:56:00,INGN,6.989999771118164,6.989999771118164,6.989999771118164,6.985000133514404,6.985000133514404,6628.0
2024-03-01 15:56:00,INMB,12.539999961853027,12.539999961853027,12.539999961853027,12.539999961853027,12.539999961853027,495.0
2024-03-01 15:56:00,INMD,22.920000076293945,22.920000076293945,22.920000076293945,22.895000457763672,22.895000457763672,9712.0
2024-03-01 15:56:00,INO,9.513099670410156,9.513099670410156,9.520000457763672,9.510000228881836,9.510000228881836,2845.0
2024-03-01 15:56:00,INSM,28.0,28.0,28.024999618530273,27.9950008392334,28.014999389648438,20382.0
2024-03-01 15:56:00,INVA,15.289999961853027,15.289999961853027,15.305000305175781,15.289999961853027,15.305000305175781,9019.0
2024-03-01 15:56:00,INZY,6.550000190734863,6.550000190734863,6.550000190734863,6.550000190734863,6.550000190734863,547.0
2024-03-01 15:56:00,IONM,0.3596999943256378,0.3596999943256378,0.3596999943256378,0.3596999943256378,0.3596999943256378,101.0
2024-03-01 15:56:00,IONS,45.474998474121094,45.474998474121094,45.540000915527344,45.459999084472656,45.51499938964844,25532.0
2024-03-01 15:56:00,IOVA,16.780000686645508,16.780000686645508,16.809999465942383,16.780000686645508,16.809999465942383,46650.0
2024-03-01 15:56:00,IPA,1.940000057220459,1.940000057220459,1.940000057220459,1.9299999475479126,1.940000057220459,1198.0
2024-03-01 15:56:00,IPSC,3.9800000190734863,3.9800000190734863,3.990000009536743,3.9800000190734863,3.9800000190734863,1654.0
2024-03-01 15:56:00,IRMD,42.38999938964844,42.38999938964844,42.40399932861328,41.970001220703125,41.98500061035156,11427.0
2024-03-01 15:56:00,IRTC,120.62999725341797,120.62999725341797,120.62999725341797,120.62000274658203,120.62999725341797,1723.0
2024-03-01 15:56:00,IRWD,9.03499984741211,9.03499984741211,9.039999961853027,9.0,9.005000114440918,148500.0
2024-03-01 15:56:00,ISRG,398.44500732421875,398.44500732421875,398.5299987792969,398.32000732421875,398.4599914550781,16233.0
2024-03-01 15:56:00,ITCI,71.69999694824219,71.69999694824219,71.75,71.68000030517578,71.69000244140625,5283.0
2024-03-01 15:56:00,ITOS,11.270000457763672,11.270000457763672,11.270000457763672,11.250300407409668,11.270000457763672,1790.0
2024-03-01 15:56:00,IVA,4.05019998550415,4.05019998550415,4.05019998550415,4.05019998550415,4.05019998550415,150.0
2024-03-01 15:56:00,IVVD,4.039999961853027,4.039999961853027,4.039999961853027,4.019999980926514,4.025000095367432,8024.0
2024-03-01 15:56:00,IXHL,5.505000114440918,5.505000114440918,5.505000114440918,5.505000114440918,5.505000114440918,100.0
2024-03-01 15:56:00,JAGX,0.08240000158548355,0.08240000158548355,0.08250000327825546,0.08239900320768356,0.08250000327825546,246371.0
2024-03-01 15:56:00,JANX,47.869998931884766,47.869998931884766,47.959999084472656,47.369998931884766,47.369998931884766,16251.0
2024-03-01 15:56:00,JAZZ,118.80000305175781,118.80000305175781,118.80000305175781,118.68499755859375,118.69999694824219,12294.0
2024-03-01 15:56:00,JSPR,21.649999618530273,21.649999618530273,21.69499969482422,21.649999618530273,21.69499969482422,806.0
2024-03-01 15:56:00,JYNT,9.859999656677246,9.859999656677246,9.869999885559082,9.859999656677246,9.869999885559082,1980.0
2024-03-01 15:56:00,KALA,7.46999979019165,7.46999979019165,7.46999979019165,7.46999979019165,7.46999979019165,123.0
2024-03-01 15:56:00,KALV,14.100000381469727,14.100000381469727,14.140000343322754,14.09000015258789,14.140000343322754,5200.0
2024-03-01 15:56:00,KIDS,28.06999969482422,28.06999969482422,28.079999923706055,28.06999969482422,28.079999923706055,837.0
2024-03-01 15:56:00,KMDA,6.369999885559082,6.369999885559082,6.369999885559082,6.369999885559082,6.369999885559082,254.0
2024-03-01 15:56:00,KNSA,21.6924991607666,21.6924991607666,21.6924991607666,21.670000076293945,21.684999465942383,2908.0
2024-03-01 15:56:00,KNTE,2.5999999046325684,2.5999999046325684,2.5999999046325684,2.5850000381469727,2.5899999141693115,18045.0
2024-03-01 15:56:00,KOD,6.010000228881836,6.010000228881836,6.010000228881836,6.010000228881836,6.010000228881836,1965.0
2024-03-01 15:56:00,KPRX,0.661899983882904,0.661899983882904,0.6632999777793884,0.661899983882904,0.6632999777793884,506.0
2024-03-01 15:56:00,KPTI,1.184999942779541,1.184999942779541,1.190000057220459,1.1799999475479126,1.184999942779541,9959.0
2024-03-01 15:56:00,KRON,1.059999942779541,1.059999942779541,1.059999942779541,1.0399999618530273,1.0499999523162842,17093.0
2024-03-01 15:56:00,KROS,68.87000274658203,68.87000274658203,68.87000274658203,68.73999786376953,68.7699966430664,3391.0
2024-03-01 15:56:00,KRTX,316.07000732421875,316.07000732421875,316.1300048828125,316.0299987792969,316.0299987792969,1761.0
2024-03-01 15:56:00,KRYS,167.89999389648438,167.89999389648438,167.89999389648438,166.99000549316406,167.0399932861328,8894.0
2024-03-01 15:56:00,KTRA,0.10029999911785126,0.10029999911785126,0.1005999967455864,0.10000000149011612,0.10050000250339508,31158.0
2024-03-01 15:56:00,KURA,21.604999542236328,21.604999542236328,21.614999771118164,21.600000381469727,21.600000381469727,4319.0
2024-03-01 15:56:00,KYMR,43.52000045776367,43.52000045776367,43.61000061035156,43.47999954223633,43.494998931884766,6949.0
2024-03-01 15:56:00,KZR,1.024999976158142,1.024999976158142,1.0299999713897705,1.0199999809265137,1.0199999809265137,9346.0
2024-03-01 15:56:00,LAB,2.484999895095825,2.484999895095825,2.5,2.484999895095825,2.494999885559082,90747.0
2024-03-01 15:56:00,LBPH,21.530000686645508,21.530000686645508,21.549999237060547,21.530000686645508,21.530000686645508,6151.0
2024-03-01 15:56:00,LEGN,65.50499725341797,65.50499725341797,65.58499908447266,65.4800033569336,65.58499908447266,7642.0
2024-03-01 15:56:00,LEXX,2.9200000762939453,2.9200000762939453,2.9200000762939453,2.9200000762939453,2.9200000762939453,100.0
2024-03-01 15:56:00,LFLY,2.944999933242798,2.944999933242798,2.944999933242798,2.944999933242798,2.944999933242798,100.0
2024-03-01 15:56:00,LFMD,8.0,8.0,8.0,7.994999885559082,7.994999885559082,1092.0
2024-03-01 15:56:00,LFST,7.755000114440918,7.755000114440918,7.755000114440918,7.75,7.755000114440918,14710.0
2024-03-01 15:56:00,LGND,78.36000061035156,78.36000061035156,78.36000061035156,78.16000366210938,78.16999816894531,1614.0
2024-03-01 15:56:00,LGVN,0.5400000214576721,0.5400000214576721,0.5400000214576721,0.5400000214576721,0.5400000214576721,100.0
2024-03-01 15:56:00,LIAN,4.875,4.875,4.875,4.875,4.875,300.0
2024-03-01 15:56:00,LIFE,1.9049999713897705,1.9049999713897705,1.9049999713897705,1.9049999713897705,1.9049999713897705,100.0
2024-03-01 15:56:00,LIVN,55.33000183105469,55.33000183105469,55.38999938964844,55.31999969482422,55.38999938964844,7504.0
2024-03-01 15:56:00,LMAT,67.73999786376953,67.73999786376953,67.73999786376953,67.6449966430664,67.6449966430664,3897.0
2024-03-01 15:56:00,LNTH,64.54000091552734,64.54000091552734,64.55999755859375,64.51000213623047,64.52999877929688,12697.0
2024-03-01 15:56:00,LPTX,2.8499999046325684,2.8499999046325684,2.8499999046325684,2.8299999237060547,2.8299999237060547,1030.0
2024-03-01 15:56:00,LQDA,14.479999542236328,14.479999542236328,14.520000457763672,14.479999542236328,14.520000457763672,12464.0
2024-03-01 15:56:00,LRMR,11.319999694824219,11.319999694824219,11.319999694824219,11.319999694824219,11.319999694824219,622.0
2024-03-01 15:56:00,LTRN,4.119999885559082,4.119999885559082,4.184999942779541,4.119999885559082,4.170000076293945,2488.0
2024-03-01 15:56:00,LUCY,0.3804999887943268,0.3804999887943268,0.3806900084018707,0.3804999887943268,0.3804999887943268,1497.0
2024-03-01 15:56:00,LUNG,9.319999694824219,9.319999694824219,9.350000381469727,9.3100004196167,9.34000015258789,5623.0
2024-03-01 15:56:00,LVTX,2.309999942779541,2.309999942779541,2.384999990463257,2.309999942779541,2.369999885559082,11867.0
2024-03-01 15:56:00,LXRX,2.4800000190734863,2.4800000190734863,2.490000009536743,2.4800000190734863,2.4800000190734863,6828.0
2024-03-01 15:56:00,LYEL,3.075000047683716,3.075000047683716,3.0799999237060547,3.069999933242798,3.069999933242798,6214.0
2024-03-01 15:56:00,LYRA,5.650000095367432,5.650000095367432,5.659999847412109,5.639999866485596,5.650000095367432,1458.0
2024-03-01 15:56:00,MASI,126.31999969482422,126.31999969482422,126.4000015258789,126.30999755859375,126.34500122070312,7277.0
2024-03-01 15:56:00,MASS,7.308000087738037,7.308000087738037,7.309999942779541,7.300000190734863,7.309999942779541,1448.0
2024-03-01 15:56:00,MBOT,1.2999999523162842,1.2999999523162842,1.2999999523162842,1.2999999523162842,1.2999999523162842,463.0
2024-03-01 15:56:00,MBRX,0.6299999952316284,0.6299999952316284,0.6299999952316284,0.6299999952316284,0.6299999952316284,100.0
2024-03-01 15:56:00,MCRB,1.2200000286102295,1.2200000286102295,1.2299000024795532,1.2200000286102295,1.2200000286102295,7288.0
2024-03-01 15:56:00,MDGL,252.0,252.0,252.05999755859375,251.58999633789062,251.6199951171875,4375.0
2024-03-01 15:56:00,MDRX,5.96999979019165,5.96999979019165,5.980000019073486,5.920000076293945,5.920000076293945,532312.0
2024-03-01 15:56:00,MDXG,8.625,8.625,8.630000114440918,8.619999885559082,8.619999885559082,15822.0
2024-03-01 15:56:00,ME,0.5450999736785889,0.5450999736785889,0.5453000068664551,0.5440999865531921,0.5450999736785889,108313.0
2024-03-01 15:56:00,MEDP,404.1600036621094,404.1600036621094,404.1675109863281,403.30999755859375,403.5950012207031,3208.0
2024-03-01 15:56:00,MEIP,4.210000038146973,4.210000038146973,4.210000038146973,4.210000038146973,4.210000038146973,110.0
2024-03-01 15:56:00,MGNX,18.959999084472656,18.959999084472656,18.959999084472656,18.920000076293945,18.920000076293945,8744.0
2024-03-01 15:56:00,MGTX,6.409999847412109,6.409999847412109,6.409999847412109,6.409999847412109,6.409999847412109,496.0
2024-03-01 15:56:00,MHUA,0.6898999810218811,0.6898999810218811,0.6898999810218811,0.6898999810218811,0.6898999810218811,187.0
2024-03-01 15:56:00,MIRM,29.200000762939453,29.200000762939453,29.200000762939453,29.190000534057617,29.200000762939453,2581.0
2024-03-01 15:56:00,MIST,1.6950000524520874,1.6950000524520874,1.6950000524520874,1.690000057220459,1.690000057220459,596.0
2024-03-01 15:56:00,MLTX,50.869998931884766,50.869998931884766,50.880001068115234,50.82500076293945,50.84000015258789,7609.0
2024-03-01 15:56:00,MMSI,76.27999877929688,76.27999877929688,76.33999633789062,76.13999938964844,76.13999938964844,8700.0
2024-03-01 15:56:00,MNKD,4.5,4.5,4.514999866485596,4.5,4.514999866485596,73988.0
2024-03-01 15:56:00,MNMD,6.230000019073486,6.230000019073486,6.239999771118164,6.230000019073486,6.239999771118164,2486.0
2024-03-01 15:56:00,MNOV,1.3600000143051147,1.3600000143051147,1.3600000143051147,1.3600000143051147,1.3600000143051147,1781.0
2024-03-01 15:56:00,MNPR,0.8995000123977661,0.8995000123977661,0.9108999967575073,0.8995000123977661,0.9108999967575073,5269.0
2024-03-01 15:56:00,MODD,1.9500000476837158,1.9500000476837158,1.9500000476837158,1.940000057220459,1.9500000476837158,2904.0
2024-03-01 15:56:00,MODV,28.18000030517578,28.18000030517578,28.209999084472656,28.100000381469727,28.149999618530273,5725.0
2024-03-01 15:56:00,MOR,17.684999465942383,17.684999465942383,17.690000534057617,17.68000030517578,17.684999465942383,1406.0
2024-03-01 15:56:00,MORF,39.459999084472656,39.459999084472656,39.47999954223633,39.45000076293945,39.47999954223633,3380.0
2024-03-01 15:56:00,MRAI,1.5700000524520874,1.5700000524520874,1.5800000429153442,1.5700000524520874,1.5800000429153442,3939.0
2024-03-01 15:56:00,MREO,3.990000009536743,3.990000009536743,4.0,3.9649999141693115,3.9649999141693115,30692.0
2024-03-01 15:56:00,MRNA,95.16000366210938,95.16000366210938,95.19999694824219,95.12000274658203,95.1500015258789,30287.0
2024-03-01 15:56:00,MRNS,9.890000343322754,9.890000343322754,9.890000343322754,9.880000114440918,9.890000343322754,6035.0
2024-03-01 15:56:00,MRSN,5.934999942779541,5.934999942779541,5.940000057220459,5.909999847412109,5.914999961853027,22539.0
2024-03-01 15:56:00,MRUS,51.70500183105469,51.70500183105469,51.720001220703125,51.67499923706055,51.67499923706055,4520.0
2024-03-01 15:56:00,MRVI,7.605000019073486,7.605000019073486,7.625,7.605000019073486,7.605000019073486,60656.0
2024-03-01 15:56:00,MXCT,4.724999904632568,4.724999904632568,4.724999904632568,4.724999904632568,4.724999904632568,1804.0
2024-03-01 15:56:00,MYGN,22.18000030517578,22.18000030517578,22.190000534057617,22.15999984741211,22.15999984741211,7054.0
2024-03-01 15:56:00,MYMD,3.299999952316284,3.299999952316284,3.299999952316284,3.299999952316284,3.299999952316284,109.0
2024-03-01 15:56:00,MYNZ,0.9200000166893005,0.9200000166893005,0.9200000166893005,0.8849999904632568,0.8849999904632568,8039.0
2024-03-01 15:56:00,NARI,45.349998474121094,45.349998474121094,45.400001525878906,45.22999954223633,45.23500061035156,43181.0
2024-03-01 15:56:00,NAUT,2.700000047683716,2.700000047683716,2.700000047683716,2.700000047683716,2.700000047683716,277.0
2024-03-01 15:56:00,NBIX,131.27000427246094,131.27000427246094,131.32000732421875,131.22000122070312,131.2449951171875,10332.0
2024-03-01 15:56:00,NBSE,0.8949999809265137,0.8949999809265137,0.8949999809265137,0.8949999809265137,0.8949999809265137,683.0
2024-03-01 15:56:00,NCNA,0.3199999928474426,0.3199999928474426,0.3199999928474426,0.3199999928474426,0.3199999928474426,1145.0
2024-03-01 15:56:00,NDRA,1.1299999952316284,1.1299999952316284,1.1303000450134277,1.1299999952316284,1.1303000450134277,2540.0
2024-03-01 15:56:00,NEO,15.949999809265137,15.949999809265137,15.949999809265137,15.913900375366211,15.930000305175781,14954.0
2024-03-01 15:56:00,NEOG,17.21500015258789,17.21500015258789,17.21500015258789,17.209999084472656,17.209999084472656,2404.0
2024-03-01 15:56:00,NGM,1.5199999809265137,1.5199999809265137,1.5199999809265137,1.5199999809265137,1.5199999809265137,2780.0
2024-03-01 15:56:00,NKTR,0.7591000199317932,0.7591000199317932,0.7591000199317932,0.7591000199317932,0.7591000199317932,1139.0
2024-03-01 15:56:00,NKTX,12.84000015258789,12.84000015258789,12.850000381469727,12.819999694824219,12.824999809265137,5535.0
2024-03-01 15:56:00,NLSP,0.36515000462532043,0.36515000462532043,0.36515000462532043,0.36515000462532043,0.36515000462532043,2000.0
2024-03-01 15:56:00,NMTC,1.225000023841858,1.225000023841858,1.225000023841858,1.225000023841858,1.225000023841858,1002.0
2024-03-01 15:56:00,NNOX,11.114999771118164,11.114999771118164,11.114999771118164,11.088000297546387,11.104999542236328,28154.0
2024-03-01 15:56:00,NOTV,7.949999809265137,7.949999809265137,7.949999809265137,7.940000057220459,7.940000057220459,1305.0
2024-03-01 15:56:00,NPCE,16.020000457763672,16.020000457763672,16.170000076293945,16.020000457763672,16.045000076293945,5321.0
2024-03-01 15:56:00,NRBO,6.157800197601318,6.157800197601318,6.157800197601318,6.157800197601318,6.157800197601318,100.0
2024-03-01 15:56:00,NRC,40.6150016784668,40.6150016784668,40.654998779296875,40.61000061035156,40.61000061035156,1750.0
2024-03-01 15:56:00,NRIX,13.5600004196167,13.5600004196167,13.579999923706055,13.5600004196167,13.579999923706055,9414.0
2024-03-01 15:56:00,NRSN,2.0,2.0,2.069999933242798,2.0,2.049999952316284,20283.0
2024-03-01 15:56:00,NRSNW,0.25099998712539673,0.25099998712539673,0.25099998712539673,0.25099998712539673,0.25099998712539673,400.0
2024-03-01 15:56:00,NRXP,0.4399999976158142,0.4399999976158142,0.4438999891281128,0.43755000829696655,0.43755000829696655,70019.0
2024-03-01 15:56:00,NTLA,32.70000076293945,32.70000076293945,32.71500015258789,32.685001373291016,32.709999084472656,24037.0
2024-03-01 15:56:00,NTRA,89.61000061035156,89.61000061035156,89.62000274658203,89.4800033569336,89.4800033569336,28209.0
2024-03-01 15:56:00,NURO,4.019999980926514,4.019999980926514,4.019999980926514,4.019999980926514,4.019999980926514,300.0
2024-03-01 15:56:00,NUTX,0.11349999904632568,0.11349999904632568,0.11354999989271164,0.11270000040531158,0.1128000020980835,3388.0
2024-03-01 15:56:00,NUVL,87.2699966430664,87.2699966430664,87.2699966430664,87.19000244140625,87.19000244140625,2062.0
2024-03-01 15:56:00,NVAX,5.37939977645874,5.37939977645874,5.394999980926514,5.375,5.394999980926514,138630.0
2024-03-01 15:56:00,NVCR,16.274999618530273,16.274999618530273,16.28499984741211,16.260000228881836,16.28499984741211,5696.0
2024-03-01 15:56:00,NVCT,10.743900299072266,10.743900299072266,10.75,10.699999809265137,10.75,1414.0
2024-03-01 15:56:00,NVNO,6.460000038146973,6.460000038146973,6.480000019073486,6.440000057220459,6.460000038146973,2427.0
2024-03-01 15:56:00,NVOS,0.6460000276565552,0.6460000276565552,0.6460000276565552,0.6299999952316284,0.6299999952316284,566.0
2024-03-01 15:56:00,NXTC,1.7799999713897705,1.7799999713897705,1.7799999713897705,1.7799999713897705,1.7799999713897705,250.0
2024-03-01 15:56:00,OCGN,0.9470000267028809,0.9470000267028809,0.9470000267028809,0.9458000063896179,0.9458000063896179,7991.0
2024-03-01 15:56:00,OCUL,10.770000457763672,10.770000457763672,10.770000457763672,10.741700172424316,10.749899864196777,20047.0
2024-03-01 15:56:00,OFIX,13.0,13.0,13.005000114440918,12.989999771118164,13.005000114440918,2179.0
2024-03-01 15:56:00,OGI,2.1649999618530273,2.1649999618530273,2.1700000762939453,2.1600000858306885,2.1600000858306885,2210.0
2024-03-01 15:56:00,OLK,23.0049991607666,23.0049991607666,23.010000228881836,23.0,23.0049991607666,3918.0
2024-03-01 15:56:00,OLMA,14.859999656677246,14.859999656677246,14.869999885559082,14.850000381469727,14.850000381469727,4356.0
2024-03-01 15:56:00,OM,3.0899999141693115,3.0899999141693115,3.0999999046325684,3.0899999141693115,3.0899999141693115,4511.0
2024-03-01 15:56:00,OMCL,26.43000030517578,26.43000030517578,26.43000030517578,26.3700008392334,26.3700008392334,9283.0
2024-03-01 15:56:00,OMER,4.769999980926514,4.769999980926514,4.78000020980835,4.769999980926514,4.78000020980835,2445.0
2024-03-01 15:56:00,OMIC,0.6044999957084656,0.6044999957084656,0.6044999957084656,0.6044999957084656,0.6044999957084656,100.0
2024-03-01 15:56:00,ONCY,1.1100000143051147,1.1100000143051147,1.1100000143051147,1.1100000143051147,1.1100000143051147,177.0
2024-03-01 15:56:00,ONTX,0.8396000266075134,0.8396000266075134,0.8396000266075134,0.8396000266075134,0.8396000266075134,300.0
2024-03-01 15:56:00,ONVO,1.0300999879837036,1.0300999879837036,1.0300999879837036,1.0300999879837036,1.0300999879837036,991.0
2024-03-01 15:57:00,AADI,1.9249999523162842,1.9249999523162842,1.9249999523162842,1.9249999523162842,1.9249999523162842,296.0
2024-03-01 15:57:00,ABCL,5.045000076293945,5.045000076293945,5.050000190734863,5.045000076293945,5.045000076293945,11431.0
2024-03-01 15:57:00,ABEO,7.789999961853027,7.789999961853027,7.789999961853027,7.78000020980835,7.78000020980835,2745.0
2024-03-01 15:57:00,ABOS,4.650000095367432,4.650000095367432,4.650000095367432,4.640500068664551,4.644999980926514,2471.0
2024-03-01 15:57:00,ABSI,5.429999828338623,5.429999828338623,5.485000133514404,5.429999828338623,5.485000133514404,32816.0
2024-03-01 15:57:00,ABUS,2.7850000858306885,2.7850000858306885,2.7899999618530273,2.7799999713897705,2.7899999618530273,20226.0
2024-03-01 15:57:00,ACAD,24.014999389648438,24.014999389648438,24.020000457763672,23.989999771118164,24.0,23408.0
2024-03-01 15:57:00,ACB,3.1700000762939453,3.1700000762939453,3.1700000762939453,3.1600000858306885,3.1649999618530273,2253.0
2024-03-01 15:57:00,ACCD,9.930000305175781,9.930000305175781,9.9350004196167,9.930000305175781,9.9350004196167,2367.0
2024-03-01 15:57:00,ACET,2.369999885559082,2.369999885559082,2.380000114440918,2.369999885559082,2.375,8886.0
2024-03-01 15:57:00,ACHC,83.87999725341797,83.87999725341797,83.91000366210938,83.87999725341797,83.88999938964844,2556.0
2024-03-01 15:57:00,ACHL,1.3609000444412231,1.3609000444412231,1.3700000047683716,1.3609000444412231,1.3700000047683716,3171.0
2024-03-01 15:57:00,ACHV,4.409999847412109,4.409999847412109,4.440000057220459,4.400000095367432,4.420000076293945,5338.0
2024-03-01 15:57:00,ACIU,3.8299999237060547,3.8299999237060547,3.8299999237060547,3.8299999237060547,3.8299999237060547,179.0
2024-03-01 15:57:00,ACLX,66.9000015258789,66.9000015258789,66.93000030517578,66.83999633789062,66.87999725341797,9989.0
2024-03-01 15:57:00,ACON,0.39629998803138733,0.39629998803138733,0.39989998936653137,0.39629998803138733,0.39989998936653137,5500.0
2024-03-01 15:57:00,ACRS,1.2400000095367432,1.2400000095367432,1.2400000095367432,1.2300000190734863,1.2350000143051147,7590.0
2024-03-01 15:57:00,ACST,3.450000047683716,3.450000047683716,3.450000047683716,3.450000047683716,3.450000047683716,605.0
2024-03-01 15:57:00,ACXP,3.009999990463257,3.009999990463257,3.009999990463257,3.009999990463257,3.009999990463257,113.0
2024-03-01 15:57:00,ADAP,1.5800000429153442,1.5800000429153442,1.5820000171661377,1.5800000429153442,1.5800000429153442,4825.0
2024-03-01 15:57:00,ADIL,3.098400115966797,3.098400115966797,3.1700000762939453,3.0899999141693115,3.1649999618530273,43765.0
2024-03-01 15:57:00,ADMA,5.505000114440918,5.505000114440918,5.519999980926514,5.5,5.519999980926514,54718.0
2024-03-01 15:57:00,ADPT,4.025000095367432,4.025000095367432,4.025000095367432,4.019999980926514,4.025000095367432,5244.0
2024-03-01 15:57:00,ADUS,93.83999633789062,93.83999633789062,93.83999633789062,93.79499816894531,93.83999633789062,540.0
2024-03-01 15:57:00,ADVM,1.9800000190734863,1.9800000190734863,1.9800000190734863,1.975000023841858,1.9800000190734863,7466.0
2024-03-01 15:57:00,AEZS,1.9500000476837158,1.9500000476837158,1.9500000476837158,1.9500000476837158,1.9500000476837158,1001.0
2024-03-01 15:57:00,AFIB,0.21199999749660492,0.21199999749660492,0.21299999952316284,0.21089999377727509,0.21199999749660492,2052.0
2024-03-01 15:57:00,AFMD,0.6610000133514404,0.6610000133514404,0.6654999852180481,0.6610000133514404,0.6654999852180481,27168.0
2024-03-01 15:57:00,AGEN,0.6600000262260437,0.6600000262260437,0.660099983215332,0.6600000262260437,0.660099983215332,119885.0
2024-03-01 15:57:00,AGIO,32.21500015258789,32.21500015258789,32.244998931884766,32.18000030517578,32.244998931884766,8824.0
2024-03-01 15:57:00,AGRX,0.8499000072479248,0.8499000072479248,0.8499000072479248,0.8499000072479248,0.8499000072479248,152.0
2024-03-01 15:57:00,AHCO,10.515000343322754,10.515000343322754,10.53499984741211,10.510000228881836,10.53499984741211,14180.0
2024-03-01 15:57:00,AIMD,1.0299999713897705,1.0299999713897705,1.065000057220459,1.0299999713897705,1.0543999671936035,4633.0
2024-03-01 15:57:00,AIMDW,0.052000001072883606,0.052000001072883606,0.052000001072883606,0.052000001072883606,0.052000001072883606,0.0
2024-03-01 15:57:00,AIRS,6.324999809265137,6.324999809265137,6.340000152587891,6.320000171661377,6.340000152587891,1568.0
2024-03-01 15:57:00,AKAN,0.22499999403953552,0.22499999403953552,0.22499999403953552,0.21699999272823334,0.21709999442100525,22611.0
2024-03-01 15:57:00,AKBA,1.7000000476837158,1.7000000476837158,1.7000000476837158,1.690000057220459,1.6950000524520874,25138.0
2024-03-01 15:57:00,AKLI,0.3409999907016754,0.3409999907016754,0.3452000021934509,0.3409999907016754,0.3452000021934509,4495.0
2024-03-01 15:57:00,AKRO,27.579999923706055,27.579999923706055,28.18000030517578,27.489999771118164,28.170000076293945,148358.0
2024-03-01 15:57:00,AKTX,2.299999952316284,2.299999952316284,2.299999952316284,2.299999952316284,2.299999952316284,233.0
2024-03-01 15:57:00,AKYA,6.070000171661377,6.070000171661377,6.079999923706055,6.070000171661377,6.079999923706055,1346.0
2024-03-01 15:57:00,ALDX,4.210000038146973,4.210000038146973,4.210000038146973,4.199999809265137,4.199999809265137,9199.0
2024-03-01 15:57:00,ALEC,7.400000095367432,7.400000095367432,7.400000095367432,7.385000228881836,7.389999866485596,12147.0
2024-03-01 15:57:00,ALGN,300.3699951171875,300.3699951171875,300.70001220703125,300.3399963378906,300.6099853515625,35157.0
2024-03-01 15:57:00,ALGS,1.1100000143051147,1.1100000143051147,1.1299999952316284,1.100000023841858,1.100000023841858,6530.0
2024-03-01 15:57:00,ALHC,5.639999866485596,5.639999866485596,5.650000095367432,5.614999771118164,5.614999771118164,23653.0
2024-03-01 15:57:00,ALIM,3.7200000286102295,3.7200000286102295,3.7200000286102295,3.7200000286102295,3.7200000286102295,517.0
2024-03-01 15:57:00,ALKS,30.225000381469727,30.225000381469727,30.239999771118164,30.21500015258789,30.239999771118164,29051.0
2024-03-01 15:57:00,ALLK,1.6399999856948853,1.6399999856948853,1.6399999856948853,1.6349999904632568,1.6349999904632568,6755.0
2024-03-01 15:57:00,ALLO,4.929999828338623,4.929999828338623,4.929999828338623,4.912499904632568,4.920000076293945,10615.0
2024-03-01 15:57:00,ALNY,152.72000122070312,152.72000122070312,152.89500427246094,152.72000122070312,152.86000061035156,8936.0
2024-03-01 15:57:00,ALPN,36.005001068115234,36.005001068115234,36.029998779296875,36.0,36.005001068115234,13719.0
2024-03-01 15:57:00,ALT,12.09000015258789,12.09000015258789,12.104999542236328,12.079999923706055,12.079999923706055,18909.0
2024-03-01 15:57:00,ALVO,15.760000228881836,15.760000228881836,15.760000228881836,15.75,15.75,748.0
2024-03-01 15:57:00,ALVOW,4.400000095367432,4.400000095367432,4.400000095367432,4.199999809265137,4.199999809265137,200.0
2024-03-01 15:57:00,ALVR,0.7401000261306763,0.7401000261306763,0.7475000023841858,0.7401000261306763,0.7475000023841858,4827.0
2024-03-01 15:57:00,ALXO,15.0600004196167,15.0600004196167,15.069999694824219,15.0,15.0,5451.0
2024-03-01 15:57:00,AMED,93.37000274658203,93.37000274658203,93.375,93.35099792480469,93.36499786376953,5204.0
2024-03-01 15:57:00,AMGN,280.3349914550781,280.3349914550781,280.3399963378906,280.29998779296875,280.3299865722656,38882.0
2024-03-01 15:57:00,AMLX,18.674999237060547,18.674999237060547,18.674999237060547,18.65999984741211,18.65999984741211,13661.0
2024-03-01 15:57:00,AMPH,46.22999954223633,46.22999954223633,46.29999923706055,46.150001525878906,46.165000915527344,18849.0
2024-03-01 15:57:00,AMRN,1.0500999689102173,1.0500999689102173,1.059999942779541,1.0499999523162842,1.0549999475479126,17785.0
2024-03-01 15:57:00,ANAB,25.5,25.5,25.510000228881836,25.459999084472656,25.459999084472656,11508.0
2024-03-01 15:57:00,ANGO,5.485000133514404,5.485000133514404,5.485000133514404,5.485000133514404,5.485000133514404,1504.0
2024-03-01 15:57:00,ANIK,25.1299991607666,25.1299991607666,25.264999389648438,25.1299991607666,25.2549991607666,2938.0
2024-03-01 15:57:00,ANIP,67.19499969482422,67.19499969482422,67.23999786376953,67.12999725341797,67.12999725341797,3302.0
2024-03-01 15:57:00,ANIX,3.5,3.5,3.5199999809265137,3.5,3.5199999809265137,501.0
2024-03-01 15:57:00,ANNX,5.949999809265137,5.949999809265137,6.0,5.929999828338623,5.980000019073486,96249.0
2024-03-01 15:57:00,ANTX,3.009999990463257,3.009999990463257,3.009999990463257,3.005000114440918,3.005000114440918,1139.0
2024-03-01 15:57:00,APDN,0.5670999884605408,0.5670999884605408,0.5699999928474426,0.5665000081062317,0.5699999928474426,829.0
2024-03-01 15:57:00,APLS,63.970001220703125,63.970001220703125,64.16500091552734,63.95000076293945,64.16000366210938,26348.0
2024-03-01 15:57:00,APLT,7.079999923706055,7.079999923706055,7.090000152587891,7.059999942779541,7.065000057220459,27073.0
2024-03-01 15:57:00,APVO,0.1574999988079071,0.1574999988079071,0.15770000219345093,0.1574999988079071,0.15770000219345093,1563.0
2024-03-01 15:57:00,APYX,2.0899999141693115,2.0899999141693115,2.119999885559082,2.0899999141693115,2.119999885559082,501.0
2024-03-01 15:57:00,AQST,4.235000133514404,4.235000133514404,4.239999771118164,4.230899810791016,4.235000133514404,3388.0
2024-03-01 15:57:00,ARAY,2.615000009536743,2.615000009536743,2.615000009536743,2.609999895095825,2.609999895095825,1099.0
2024-03-01 15:57:00,ARCT,39.68000030517578,39.68000030517578,39.75,39.68000030517578,39.75,3211.0
2024-03-01 15:57:00,ARDX,9.34000015258789,9.34000015258789,9.345000267028809,9.319999694824219,9.345000267028809,59860.0
2024-03-01 15:57:00,ARGX,393.739990234375,393.739990234375,393.9100036621094,393.260009765625,393.45001220703125,7201.0
2024-03-01 15:57:00,ARQT,11.661100387573242,11.661100387573242,11.6899995803833,11.65250015258789,11.6899995803833,86418.0
2024-03-01 15:57:00,ARTL,1.5098999738693237,1.5098999738693237,1.5098999738693237,1.5098999738693237,1.5098999738693237,1000.0
2024-03-01 15:57:00,ARVN,47.314998626708984,47.314998626708984,47.400001525878906,47.310001373291016,47.400001525878906,7118.0
2024-03-01 15:57:00,ARWR,36.099998474121094,36.099998474121094,36.189998626708984,36.09000015258789,36.189998626708984,22237.0
2024-03-01 15:57:00,ASLN,0.7620999813079834,0.7620999813079834,0.7620999813079834,0.7620999813079834,0.7620999813079834,221.0
2024-03-01 15:57:00,ASND,152.74000549316406,152.74000549316406,153.25999450683594,152.67999267578125,153.1750030517578,12366.0
2024-03-01 15:57:00,ASRT,0.883899986743927,0.883899986743927,0.8840000033378601,0.8799999952316284,0.8834999799728394,7371.0
2024-03-01 15:57:00,ATAI,2.130000114440918,2.130000114440918,2.130000114440918,2.1212000846862793,2.125,2179.0
2024-03-01 15:57:00,ATEC,13.4399995803833,13.4399995803833,13.449999809265137,13.430000305175781,13.444999694824219,21262.0
2024-03-01 15:57:00,ATHA,3.934999942779541,3.934999942779541,3.940000057220459,3.934999942779541,3.934999942779541,596.0
2024-03-01 15:57:00,ATOS,1.0099999904632568,1.0099999904632568,1.0099999904632568,1.0,1.0099999904632568,1171.0
2024-03-01 15:57:00,ATRA,0.7699999809265137,0.7699999809265137,0.7710000276565552,0.7699999809265137,0.770799994468689,12889.0
2024-03-01 15:57:00,ATRC,36.209999084472656,36.209999084472656,36.279998779296875,36.20500183105469,36.279998779296875,13373.0
2024-03-01 15:57:00,ATXS,14.949999809265137,14.949999809265137,14.970000267028809,14.9399995803833,14.9399995803833,3543.0
2024-03-01 15:57:00,AUGX,4.579999923706055,4.579999923706055,4.579999923706055,4.570000171661377,4.570000171661377,1027.0
2024-03-01 15:57:00,AUPH,5.764999866485596,5.764999866485596,5.769999980926514,5.762199878692627,5.764999866485596,12512.0
2024-03-01 15:57:00,AURA,9.210000038146973,9.210000038146973,9.21500015258789,9.210000038146973,9.21500015258789,579.0
2024-03-01 15:57:00,AUTL,6.244999885559082,6.244999885559082,6.25,6.239999771118164,6.244999885559082,3225.0
2024-03-01 15:57:00,AVAH,2.369999885559082,2.369999885559082,2.369999885559082,2.369999885559082,2.369999885559082,607.0
2024-03-01 15:57:00,AVDL,13.75,13.75,13.760000228881836,13.729999542236328,13.760000228881836,25019.0
2024-03-01 15:57:00,AVGR,3.7400999069213867,3.7400999069213867,3.759999990463257,3.7400999069213867,3.75,1302.0
2024-03-01 15:57:00,AVIR,4.449999809265137,4.449999809265137,4.449999809265137,4.445000171661377,4.449999809265137,8406.0
2024-03-01 15:57:00,AVTE,23.65999984741211,23.65999984741211,23.65999984741211,23.459999084472656,23.459999084472656,325.0
2024-03-01 15:57:00,AVTX,4.420000076293945,4.420000076293945,4.420000076293945,4.420000076293945,4.420000076293945,110.0
2024-03-01 15:57:00,AVXL,5.260000228881836,5.260000228881836,5.264999866485596,5.260000228881836,5.264999866485596,2913.0
2024-03-01 15:57:00,AXDX,0.989300012588501,0.989300012588501,0.989300012588501,0.989300012588501,0.989300012588501,314.0
2024-03-01 15:57:00,AXGN,10.710000038146973,10.710000038146973,10.734999656677246,10.699999809265137,10.729999542236328,3032.0
2024-03-01 15:57:00,AXNX,67.73999786376953,67.73999786376953,67.73999786376953,67.62999725341797,67.73999786376953,18383.0
2024-03-01 15:57:00,AXSM,82.4000015258789,82.4000015258789,82.44000244140625,82.37999725341797,82.38999938964844,4210.0
2024-03-01 15:57:00,AZN,64.63500213623047,64.63500213623047,64.6449966430664,64.62999725341797,64.63500213623047,30823.0
2024-03-01 15:57:00,AZTA,67.26499938964844,67.26499938964844,67.29000091552734,67.25,67.25,2244.0
2024-03-01 15:57:00,BBIO,35.59000015258789,35.59000015258789,35.630001068115234,35.56999969482422,35.630001068115234,10140.0
2024-03-01 15:57:00,BBLG,2.384999990463257,2.384999990463257,2.390000104904175,2.369999885559082,2.390000104904175,2158.0
2024-03-01 15:57:00,BCAB,2.8450000286102295,2.8450000286102295,2.8499999046325684,2.8450000286102295,2.8499999046325684,13144.0
2024-03-01 15:57:00,BCDA,0.5799499750137329,0.5799499750137329,0.5799999833106995,0.5799499750137329,0.5799999833106995,1400.0
2024-03-01 15:57:00,BCLI,0.3458999991416931,0.3458999991416931,0.3479500114917755,0.3458999991416931,0.3479500114917755,1369.0
2024-03-01 15:57:00,BCRX,5.614999771118164,5.614999771118164,5.630000114440918,5.610000133514404,5.619999885559082,46834.0
2024-03-01 15:57:00,BCTX,3.509999990463257,3.509999990463257,3.5199999809265137,3.5,3.5,609.0
2024-03-01 15:57:00,BCYC,25.729999542236328,25.729999542236328,25.729999542236328,25.670000076293945,25.719999313354492,1042.0
2024-03-01 15:57:00,BDSX,1.600000023841858,1.600000023841858,1.600000023841858,1.600000023841858,1.600000023841858,1952.0
2024-03-01 15:57:00,BDTX,4.784999847412109,4.784999847412109,4.784999847412109,4.78000020980835,4.784999847412109,4835.0
2024-03-01 15:57:00,BEAM,39.790000915527344,39.790000915527344,39.80500030517578,39.75,39.79999923706055,17163.0
2024-03-01 15:57:00,BFRI,0.878600001335144,0.878600001335144,0.878600001335144,0.8648999929428101,0.8700000047683716,686.0
2024-03-01 15:57:00,BGNE,164.91000366210938,164.91000366210938,164.91000366210938,164.69000244140625,164.8249969482422,3525.0
2024-03-01 15:57:00,BGXX,0.25940001010894775,0.25940001010894775,0.2630999982357025,0.25940001010894775,0.2630999982357025,1291.0
2024-03-01 15:57:00,BIIB,220.88499450683594,220.88499450683594,220.9499969482422,220.85499572753906,220.94000244140625,8119.0
2024-03-01 15:57:00,BIOL,0.1581999957561493,0.1581999957561493,0.1673000007867813,0.1468999981880188,0.1469999998807907,2483380.0
2024-03-01 15:57:00,BIOR,1.1399999856948853,1.1399999856948853,1.1399999856948853,1.1201000213623047,1.1399999856948853,4459.0
2024-03-01 15:57:00,BIVI,1.8300000429153442,1.8300000429153442,1.8600000143051147,1.8300000429153442,1.8550000190734863,46977.0
2024-03-01 15:57:00,BJDX,0.7889999747276306,0.7889999747276306,0.7889999747276306,0.7889999747276306,0.7889999747276306,529.0
2024-03-01 15:57:00,BLFS,17.979999542236328,17.979999542236328,17.989999771118164,17.959999084472656,17.975000381469727,5073.0
2024-03-01 15:57:00,BLUE,1.5750000476837158,1.5750000476837158,1.5800000429153442,1.5700000524520874,1.5750000476837158,61152.0
2024-03-01 15:57:00,BMEA,17.78499984741211,17.78499984741211,17.790000915527344,17.770000457763672,17.770000457763672,7596.0
2024-03-01 15:57:00,BMRN,87.2300033569336,87.2300033569336,87.37000274658203,87.19000244140625,87.37000274658203,61949.0
2024-03-01 15:57:00,BNGO,1.2549999952316284,1.2549999952316284,1.2599999904632568,1.2541999816894531,1.2549999952316284,10364.0
2024-03-01 15:57:00,BNOX,1.2000000476837158,1.2000000476837158,1.2000000476837158,1.2000000476837158,1.2000000476837158,385.0
2024-03-01 15:57:00,BNR,0.8299000263214111,0.8299000263214111,0.8299000263214111,0.8080999851226807,0.8098499774932861,1100.0
2024-03-01 15:57:00,BNTX,90.81500244140625,90.81500244140625,90.88500213623047,90.80000305175781,90.83499908447266,6975.0
2024-03-01 15:57:00,BPMC,94.96499633789062,94.96499633789062,95.05000305175781,94.9000015258789,94.93000030517578,8947.0
2024-03-01 15:57:00,BPTH,6.0,6.0,6.035999774932861,6.0,6.019999980926514,2429.0
2024-03-01 15:57:00,BPTS,0.46799999475479126,0.46799999475479126,0.46799999475479126,0.46720001101493835,0.46720001101493835,337.0
2024-03-01 15:57:00,BRKR,88.33000183105469,88.33000183105469,88.34500122070312,88.2699966430664,88.33000183105469,11936.0
2024-03-01 15:57:00,BRTX,1.4900000095367432,1.4900000095367432,1.4900000095367432,1.4900000095367432,1.4900000095367432,439.0
2024-03-01 15:57:00,BSGM,0.7199000120162964,0.7199000120162964,0.7199000120162964,0.7199000120162964,0.7199000120162964,1398.0
2024-03-01 15:57:00,BTAI,3.194999933242798,3.194999933242798,3.200000047683716,3.190000057220459,3.190000057220459,1590.0
2024-03-01 15:57:00,BTCY,0.9549999833106995,0.9549999833106995,0.9549999833106995,0.954800009727478,0.9549999833106995,417.0
2024-03-01 15:57:00,BTTX,0.181099995970726,0.181099995970726,0.18230000138282776,0.18000000715255737,0.18230000138282776,5751.0
2024-03-01 15:57:00,BVS,4.869999885559082,4.869999885559082,4.869999885559082,4.869999885559082,4.869999885559082,236.0
2024-03-01 15:57:00,BWAY,6.605000019073486,6.605000019073486,6.605000019073486,6.579999923706055,6.599999904632568,4712.0
2024-03-01 15:57:00,CABA,23.969999313354492,23.969999313354492,23.989999771118164,23.954999923706055,23.969999313354492,4904.0
2024-03-01 15:57:00,CADL,1.75,1.75,1.75,1.7200000286102295,1.7200000286102295,279.0
2024-03-01 15:57:00,CALT,21.43000030517578,21.43000030517578,21.450000762939453,21.43000030517578,21.450000762939453,453.0
2024-03-01 15:57:00,CAPR,4.570000171661377,4.570000171661377,4.570000171661377,4.570000171661377,4.570000171661377,727.0
2024-03-01 15:57:00,CARA,0.9466999769210815,0.9466999769210815,0.9519000053405762,0.9375,0.9380000233650208,4387.0
2024-03-01 15:57:00,CASI,5.429999828338623,5.429999828338623,5.429999828338623,5.429999828338623,5.429999828338623,100.0
2024-03-01 15:57:00,CBAY,32.22999954223633,32.22999954223633,32.22999954223633,32.220001220703125,32.224998474121094,12413.0
2024-03-01 15:57:00,CCCC,10.994999885559082,10.994999885559082,11.005000114440918,10.984999656677246,11.0,25421.0
2024-03-01 15:57:00,CCRN,18.399999618530273,18.399999618530273,18.40999984741211,18.3799991607666,18.40999984741211,6303.0
2024-03-01 15:57:00,CDMO,8.25,8.25,8.270000457763672,8.244999885559082,8.260000228881836,12282.0
2024-03-01 15:57:00,CDNA,11.984999656677246,11.984999656677246,12.010000228881836,11.979999542236328,11.994999885559082,23773.0
2024-03-01 15:57:00,CDTX,0.7121999859809875,0.7121999859809875,0.7195000052452087,0.7121999859809875,0.7195000052452087,520.0
2024-03-01 15:57:00,CDXC,1.6299999952316284,1.6299999952316284,1.6299999952316284,1.6201000213623047,1.6201000213623047,1508.0
2024-03-01 15:57:00,CDXS,4.599999904632568,4.599999904632568,4.630000114440918,4.590000152587891,4.625,29158.0
2024-03-01 15:57:00,CELC,17.31999969482422,17.31999969482422,17.350000381469727,17.290000915527344,17.34000015258789,3324.0
2024-03-01 15:57:00,CELU,3.6500000953674316,3.6500000953674316,3.6500000953674316,3.630000114440918,3.630000114440918,442.0
2024-03-01 15:57:00,CERE,41.060001373291016,41.060001373291016,41.064998626708984,41.060001373291016,41.060001373291016,6075.0
2024-03-01 15:57:00,CERS,2.1700000762939453,2.1700000762939453,2.180000066757202,2.1700000762939453,2.174999952316284,8461.0
2024-03-01 15:57:00,CERT,18.309999465942383,18.309999465942383,18.360000610351562,18.309999465942383,18.344999313354492,24465.0
2024-03-01 15:57:00,CGC,3.2049999237060547,3.2049999237060547,3.2100000381469727,3.200000047683716,3.2049999237060547,16380.0
2024-03-01 15:57:00,CGEM,18.479999542236328,18.479999542236328,18.510000228881836,18.469999313354492,18.5,6373.0
2024-03-01 15:57:00,CGEN,2.6500000953674316,2.6500000953674316,2.6549999713897705,2.6500000953674316,2.6549999713897705,1522.0
2024-03-01 15:57:00,CGTX,2.0,2.0,2.0199999809265137,2.0,2.0199999809265137,1240.0
2024-03-01 15:57:00,CHRS,2.3949999809265137,2.3949999809265137,2.4000000953674316,2.3949999809265137,2.4000000953674316,7899.0
2024-03-01 15:57:00,CING,1.340000033378601,1.340000033378601,1.340000033378601,1.3300000429153442,1.3300000429153442,812.0
2024-03-01 15:57:00,CJJD,2.9100000858306885,2.9100000858306885,2.9100000858306885,2.9100000858306885,2.9100000858306885,230.0
2024-03-01 15:57:00,CKPT,2.2300000190734863,2.2300000190734863,2.234999895095825,2.2300000190734863,2.234999895095825,1466.0
2024-03-01 15:57:00,CLDX,51.880001068115234,51.880001068115234,51.90999984741211,51.849998474121094,51.880001068115234,15214.0
2024-03-01 15:57:00,CLLS,2.619999885559082,2.619999885559082,2.630000114440918,2.619999885559082,2.630000114440918,363.0
2024-03-01 15:57:00,CLNN,0.38499999046325684,0.38499999046325684,0.38989999890327454,0.38499999046325684,0.38989999890327454,871.0
2024-03-01 15:57:00,CLOV,0.8653500080108643,0.8653500080108643,0.8654000163078308,0.8652999997138977,0.8652999997138977,22758.0
2024-03-01 15:57:00,CLPT,6.679999828338623,6.679999828338623,6.679999828338623,6.670000076293945,6.675000190734863,2089.0
2024-03-01 15:57:00,CLRB,4.179999828338623,4.179999828338623,4.179999828338623,4.164999961853027,4.170000076293945,14027.0
2024-03-01 15:57:00,CLSD,1.3849999904632568,1.3849999904632568,1.3849999904632568,1.3849999904632568,1.3849999904632568,789.0
2024-03-01 15:57:00,CLVRW,0.039900001138448715,0.039900001138448715,0.039900001138448715,0.039900001138448715,0.039900001138448715,100.0
2024-03-01 15:57:00,CMAX,7.809999942779541,7.809999942779541,7.809999942779541,7.809999942779541,7.809999942779541,147.0
2024-03-01 15:57:00,CMMB,0.6549999713897705,0.6549999713897705,0.6600000262260437,0.6549999713897705,0.6588000059127808,717.0
2024-03-01 15:57:00,CMPS,11.430000305175781,11.430000305175781,11.510000228881836,11.420000076293945,11.505000114440918,15698.0
2024-03-01 15:57:00,CMPX,1.888700008392334,1.888700008392334,1.888700008392334,1.888700008392334,1.888700008392334,302.0
2024-03-01 15:57:00,CMRX,1.1699999570846558,1.1699999570846558,1.1799999475479126,1.1699999570846558,1.1799999475479126,1006.0
2024-03-01 15:57:00,CNSP,0.3050000071525574,0.3050000071525574,0.3100000023841858,0.3050000071525574,0.3100000023841858,36354.0
2024-03-01 15:57:00,CNTA,10.850000381469727,10.850000381469727,10.850000381469727,10.84000015258789,10.84000015258789,996.0
2024-03-01 15:57:00,CNTB,1.1749999523162842,1.1749999523162842,1.1799999475479126,1.1699999570846558,1.1699999570846558,690.0
2024-03-01 15:57:00,CODX,1.159999966621399,1.159999966621399,1.159999966621399,1.159999966621399,1.159999966621399,250.0
2024-03-01 15:57:00,COGT,7.264999866485596,7.264999866485596,7.28000020980835,7.260000228881836,7.275000095367432,12850.0
2024-03-01 15:57:00,COLL,37.130001068115234,37.130001068115234,37.13999938964844,37.11000061035156,37.1150016784668,4635.0
2024-03-01 15:57:00,CORT,24.09000015258789,24.09000015258789,24.114999771118164,24.09000015258789,24.114999771118164,7055.0
2024-03-01 15:57:00,CPIX,2.119999885559082,2.119999885559082,2.119999885559082,2.119999885559082,2.119999885559082,176.0
2024-03-01 15:57:00,CPRX,17.030000686645508,17.030000686645508,17.045000076293945,17.010000228881836,17.040000915527344,47927.0
2024-03-01 15:57:00,CPSI,9.25,9.25,9.270000457763672,9.25,9.260000228881836,3159.0
2024-03-01 15:57:00,CRBP,34.65999984741211,34.65999984741211,34.869998931884766,34.65999984741211,34.810001373291016,2432.0
2024-03-01 15:57:00,CRBU,7.784999847412109,7.784999847412109,7.789999961853027,7.769999980926514,7.784999847412109,23103.0
2024-03-01 15:57:00,CRDF,2.9298999309539795,2.9298999309539795,2.950000047683716,2.9000000953674316,2.9149999618530273,81159.0
2024-03-01 15:57:00,CRDL,1.9500000476837158,1.9500000476837158,1.9500000476837158,1.9500000476837158,1.9500000476837158,324.0
2024-03-01 15:57:00,CRMD,3.6549999713897705,3.6549999713897705,3.6600000858306885,3.6500000953674316,3.6500000953674316,2030.0
2024-03-01 15:57:00,CRNX,46.02000045776367,46.02000045776367,46.04999923706055,45.97999954223633,46.03499984741211,14547.0
2024-03-01 15:57:00,CRON,2.015000104904175,2.015000104904175,2.0199999809265137,2.009999990463257,2.0185999870300293,16276.0
2024-03-01 15:57:00,CRSP,83.8499984741211,83.8499984741211,83.91000366210938,83.82039642333984,83.87999725341797,12637.0
2024-03-01 15:57:00,CRVS,2.2200000286102295,2.2200000286102295,2.2200000286102295,2.2100000381469727,2.2100000381469727,1865.0
2024-03-01 15:57:00,CSTL,19.979999542236328,19.979999542236328,19.979999542236328,19.969999313354492,19.969999313354492,4688.0
2024-03-01 15:57:00,CTKB,9.109999656677246,9.109999656677246,9.109999656677246,9.100000381469727,9.109999656677246,12551.0
2024-03-01 15:57:00,CTMX,2.6050000190734863,2.6050000190734863,2.615000009536743,2.5999999046325684,2.609999895095825,13827.0
2024-03-01 15:57:00,CTXR,0.784600019454956,0.784600019454956,0.784600019454956,0.7788000106811523,0.7796000242233276,1458.0
2024-03-01 15:57:00,CUE,2.109999895095825,2.109999895095825,2.109999895095825,2.109999895095825,2.109999895095825,571.0
2024-03-01 15:57:00,CUTR,2.399399995803833,2.399399995803833,2.4000000953674316,2.3989999294281006,2.4000000953674316,3252.0
2024-03-01 15:57:00,CVAC,3.444999933242798,3.444999933242798,3.4700000286102295,3.444999933242798,3.4649999141693115,12038.0
2024-03-01 15:57:00,CVRX,20.729999542236328,20.729999542236328,20.770000457763672,20.729999542236328,20.760000228881836,3098.0
2024-03-01 15:57:00,CYCC,2.890000104904175,2.890000104904175,2.890000104904175,2.8399999141693115,2.890000104904175,735.0
2024-03-01 15:57:00,CYTH,1.600000023841858,1.600000023841858,1.600000023841858,1.600000023841858,1.600000023841858,500.0
2024-03-01 15:57:00,CYTK,73.93000030517578,73.93000030517578,73.97000122070312,73.91999816894531,73.95999908447266,7166.0
2024-03-01 15:57:00,CYTO,2.450000047683716,2.450000047683716,2.450000047683716,2.430000066757202,2.440000057220459,2771.0
2024-03-01 15:57:00,DARE,0.5400999784469604,0.5400999784469604,0.550000011920929,0.5400000214576721,0.5465999841690063,3858.0
2024-03-01 15:57:00,DAWN,17.450000762939453,17.450000762939453,17.469999313354492,17.440000534057617,17.469999313354492,4803.0
2024-03-01 15:57:00,DBVT,0.8252999782562256,0.8252999782562256,0.8252999782562256,0.8252999782562256,0.8252999782562256,237.0
2024-03-01 15:57:00,DCGO,4.119999885559082,4.119999885559082,4.119999885559082,4.112500190734863,4.119999885559082,9550.0
2024-03-01 15:57:00,DCPH,17.3799991607666,17.3799991607666,17.3799991607666,17.360000610351562,17.360000610351562,6243.0
2024-03-01 15:57:00,DCTH,4.199999809265137,4.199999809265137,4.210000038146973,4.199999809265137,4.199999809265137,1570.0
2024-03-01 15:57:00,DERM,4.127200126647949,4.127200126647949,4.127200126647949,4.127200126647949,4.127200126647949,560.0
2024-03-01 15:57:00,DH,8.9399995803833,8.9399995803833,8.960000038146973,8.9399995803833,8.9399995803833,5369.0
2024-03-01 15:57:00,DMAC,3.140000104904175,3.140000104904175,3.140000104904175,3.119999885559082,3.119999885559082,5337.0
2024-03-01 15:57:00,DMTK,0.873199999332428,0.873199999332428,0.8748109936714172,0.8659999966621399,0.8659999966621399,1752.0
2024-03-01 15:57:00,DNLI,20.864999771118164,20.864999771118164,20.8799991607666,20.850000381469727,20.860000610351562,14099.0
2024-03-01 15:57:00,DRIO,1.9901000261306763,1.9901000261306763,1.9901000261306763,1.9900000095367432,1.9900000095367432,881.0
2024-03-01 15:57:00,DRMA,0.45210000872612,0.45210000872612,0.45210000872612,0.45210000872612,0.45210000872612,485.0
2024-03-01 15:57:00,DSGN,2.8499999046325684,2.8499999046325684,2.8550000190734863,2.8499999046325684,2.8499999046325684,1316.0
2024-03-01 15:57:00,DTIL,12.550000190734863,12.550000190734863,12.550000190734863,12.5,12.5,18034.0
2024-03-01 15:57:00,DVAX,12.760000228881836,12.760000228881836,12.765000343322754,12.760000228881836,12.760000228881836,8864.0
2024-03-01 15:57:00,DXCM,121.62999725341797,121.62999725341797,121.7699966430664,121.59500122070312,121.76499938964844,40903.0
2024-03-01 15:57:00,DYAI,1.440000057220459,1.440000057220459,1.440000057220459,1.440000057220459,1.440000057220459,132.0
2024-03-01 15:57:00,DYN,29.094999313354492,29.094999313354492,29.110000610351562,29.079999923706055,29.100000381469727,18527.0
2024-03-01 15:57:00,EDIT,10.502099990844727,10.502099990844727,10.505000114440918,10.5,10.505000114440918,10221.0
2024-03-01 15:57:00,EFTR,16.0,16.0,16.010000228881836,16.0,16.010000228881836,695.0
2024-03-01 15:57:00,EGRX,6.465000152587891,6.465000152587891,6.465000152587891,6.465000152587891,6.465000152587891,698.0
2024-03-01 15:57:00,EIGR,7.0,7.0,7.0,6.912899971008301,6.912899971008301,1380.0
2024-03-01 15:57:00,ELEV,5.079999923706055,5.079999923706055,5.079999923706055,5.019999980926514,5.019999980926514,11507.0
2024-03-01 15:57:00,EMBC,14.204999923706055,14.204999923706055,14.204999923706055,14.1899995803833,14.199999809265137,3549.0
2024-03-01 15:57:00,ENLV,3.2300000190734863,3.2300000190734863,3.2300000190734863,3.2300000190734863,3.2300000190734863,831.0
2024-03-01 15:57:00,ENSC,0.9221000075340271,0.9221000075340271,0.9221000075340271,0.9221000075340271,0.9221000075340271,112.0
2024-03-01 15:57:00,ENSG,121.69000244140625,121.69000244140625,121.80000305175781,121.69000244140625,121.80000305175781,3550.0
2024-03-01 15:57:00,ENTA,15.34000015258789,15.34000015258789,15.36989974975586,15.34000015258789,15.34000015258789,3629.0
2024-03-01 15:57:00,ENTX,1.4149999618530273,1.4149999618530273,1.4299999475479126,1.399999976158142,1.399999976158142,5487.0
2024-03-01 15:57:00,ENVB,1.659999966621399,1.659999966621399,1.6699999570846558,1.659999966621399,1.6611000299453735,19466.0
2024-03-01 15:57:00,EOLS,14.899999618530273,14.899999618530273,14.899999618530273,14.895000457763672,14.899999618530273,858.0
2024-03-01 15:57:00,EPIX,9.350000381469727,9.350000381469727,9.40999984741211,9.300000190734863,9.350000381469727,1100.0
2024-03-01 15:57:00,EQ,2.4800000190734863,2.4800000190734863,2.5,2.4800000190734863,2.5,1249.0
2024-03-01 15:57:00,ERAS,2.5450000762939453,2.5450000762939453,2.565000057220459,2.5399999618530273,2.565000057220459,24092.0
2024-03-01 15:57:00,ESPR,2.555000066757202,2.555000066757202,2.559999942779541,2.549999952316284,2.555000066757202,17865.0
2024-03-01 15:57:00,ESTA,44.16999816894531,44.16999816894531,44.290000915527344,44.13999938964844,44.290000915527344,6101.0
2024-03-01 15:57:00,ETNB,12.640000343322754,12.640000343322754,12.670000076293945,12.640000343322754,12.670000076293945,27109.0
2024-03-01 15:57:00,ETON,4.5,4.5,4.505000114440918,4.5,4.505000114440918,2911.0
2024-03-01 15:57:00,EVGN,0.9901000261306763,0.9901000261306763,0.9901000261306763,0.9901000261306763,0.9901000261306763,240.0
2024-03-01 15:57:00,EWTX,16.600000381469727,16.600000381469727,16.6200008392334,16.600000381469727,16.614999771118164,6583.0
2024-03-01 15:57:00,EXAI,6.519999980926514,6.519999980926514,6.519999980926514,6.5100998878479,6.519999980926514,2235.0
2024-03-01 15:57:00,EXAS,59.560001373291016,59.560001373291016,59.59000015258789,59.529998779296875,59.540000915527344,20020.0
2024-03-01 15:57:00,EXEL,22.229999542236328,22.229999542236328,22.235000610351562,22.229999542236328,22.235000610351562,14281.0
2024-03-01 15:57:00,EYEN,2.365000009536743,2.365000009536743,2.365000009536743,2.359999895095825,2.359999895095825,2152.0
2024-03-01 15:57:00,EYPT,28.0,28.0,28.010000228881836,27.989999771118164,28.0,7889.0
2024-03-01 15:57:00,FATE,7.730000019073486,7.730000019073486,7.739999771118164,7.710000038146973,7.715000152587891,26766.0
2024-03-01 15:57:00,FBIO,2.422300100326538,2.422300100326538,2.430000066757202,2.4200000762939453,2.4200000762939453,4678.0
2024-03-01 15:57:00,FBRX,0.7300000190734863,0.7300000190734863,0.7300000190734863,0.7300000190734863,0.7300000190734863,851.0
2024-03-01 15:57:00,FDMT,29.420000076293945,29.420000076293945,29.420000076293945,29.350000381469727,29.3700008392334,8207.0
2024-03-01 15:57:00,FEMY,1.8700000047683716,1.8700000047683716,1.8799999952316284,1.8502999544143677,1.8700000047683716,17075.0
2024-03-01 15:57:00,FGEN,1.8250000476837158,1.8250000476837158,1.8300000429153442,1.8200000524520874,1.8250000476837158,6497.0
2024-03-01 15:57:00,FHTX,7.835000038146973,7.835000038146973,7.928599834442139,7.829999923706055,7.928599834442139,6551.0
2024-03-01 15:57:00,FIXX,0.901199996471405,0.901199996471405,0.901199996471405,0.8851000070571899,0.8851000070571899,435.0
2024-03-01 15:57:00,FLGT,23.239999771118164,23.239999771118164,23.2450008392334,23.229999542236328,23.2450008392334,4084.0
2024-03-01 15:57:00,FOLD,13.300000190734863,13.300000190734863,13.300000190734863,13.289899826049805,13.289899826049805,21530.0
2024-03-01 15:57:00,FULC,10.994999885559082,10.994999885559082,11.0,10.994999885559082,11.0,1816.0
2024-03-01 15:57:00,FUSN,12.005000114440918,12.005000114440918,12.029999732971191,12.0,12.0,17979.0
2024-03-01 15:57:00,FWBI,9.34000015258789,9.34000015258789,9.34000015258789,9.244999885559082,9.244999885559082,3008.0
2024-03-01 15:57:00,GALT,1.934999942779541,1.934999942779541,1.934999942779541,1.9299999475479126,1.934999942779541,671.0
2024-03-01 15:57:00,GANX,4.630000114440918,4.630000114440918,4.65500020980835,4.630000114440918,4.65500020980835,2769.0
2024-03-01 15:57:00,GBIO,2.640000104904175,2.640000104904175,2.640000104904175,2.630000114440918,2.630000114440918,561.0
2024-03-01 15:57:00,GDRX,8.329999923706055,8.329999923706055,8.359999656677246,8.329999923706055,8.354999542236328,37157.0
2024-03-01 15:57:00,GERN,2.259999990463257,2.259999990463257,2.259999990463257,2.25,2.255000114440918,87197.0
2024-03-01 15:57:00,GH,18.8799991607666,18.8799991607666,18.915000915527344,18.8799991607666,18.915000915527344,15004.0
2024-03-01 15:57:00,GHRS,8.54990005493164,8.54990005493164,8.54990005493164,8.54990005493164,8.54990005493164,685.0
2024-03-01 15:57:00,GHSI,8.149999618530273,8.149999618530273,8.149999618530273,8.149999618530273,8.149999618530273,220.0
2024-03-01 15:57:00,GILD,72.2699966430664,72.2699966430664,72.30999755859375,72.26000213623047,72.30500030517578,40317.0
2024-03-01 15:57:00,GLMD,0.40619999170303345,0.40619999170303345,0.40619999170303345,0.40619999170303345,0.40619999170303345,210.0
2024-03-01 15:57:00,GLPG,35.06999969482422,35.06999969482422,35.11000061035156,35.06999969482422,35.11000061035156,1233.0
2024-03-01 15:57:00,GLSI,13.0,13.0,13.0,12.970000267028809,12.970000267028809,635.0
2024-03-01 15:57:00,GLUE,6.295000076293945,6.295000076293945,6.295000076293945,6.295000076293945,6.295000076293945,121.0
2024-03-01 15:57:00,GLYC,3.009999990463257,3.009999990463257,3.009999990463257,3.009999990463257,3.009999990463257,323.0
2024-03-01 15:57:00,GMAB,29.25,29.25,29.274999618530273,29.25,29.274999618530273,6694.0
2024-03-01 15:57:00,GMDA,0.382999986410141,0.382999986410141,0.3837999999523163,0.382999986410141,0.3837999999523163,502.0
2024-03-01 15:57:00,GOSS,1.3949999809265137,1.3949999809265137,1.409999966621399,1.3899999856948853,1.399999976158142,26160.0
2024-03-01 15:57:00,GOVX,2.5399999618530273,2.5399999618530273,2.5399999618530273,2.5399999618530273,2.5399999618530273,249.0
2024-03-01 15:57:00,GRFS,7.065000057220459,7.065000057220459,7.070000171661377,7.0,7.0,75745.0
2024-03-01 15:57:00,GRPH,3.4000000953674316,3.4000000953674316,3.4000000953674316,3.4000000953674316,3.4000000953674316,189.0
2024-03-01 15:57:00,GRTS,2.0299999713897705,2.0299999713897705,2.0299999713897705,2.009999990463257,2.015000104904175,46195.0
2024-03-01 15:57:00,GTH,3.9200000762939453,3.9200000762939453,3.9200000762939453,3.9200000762939453,3.9200000762939453,512.0
2024-03-01 15:57:00,GTHX,3.7249999046325684,3.7249999046325684,3.7300000190734863,3.7249999046325684,3.7300000190734863,3802.0
2024-03-01 15:57:00,HALO,41.084999084472656,41.084999084472656,41.119998931884766,41.06999969482422,41.119998931884766,12101.0
2024-03-01 15:57:00,HARP,22.9424991607666,22.9424991607666,22.950000762939453,22.940000534057617,22.940000534057617,4455.0
2024-03-01 15:57:00,HBIO,4.340000152587891,4.340000152587891,4.340000152587891,4.340000152587891,4.340000152587891,122.0
2024-03-01 15:57:00,HCAT,8.050000190734863,8.050000190734863,8.050000190734863,8.039999961853027,8.045000076293945,13089.0
2024-03-01 15:57:00,HCM,15.09000015258789,15.09000015258789,15.114999771118164,15.020000457763672,15.100000381469727,7545.0
2024-03-01 15:57:00,HCSG,12.850000381469727,12.850000381469727,12.859999656677246,12.845000267028809,12.859999656677246,5708.0
2024-03-01 15:57:00,HCTI,1.9800000190734863,1.9800000190734863,2.049999952316284,1.9800000190734863,2.0199999809265137,7355.0
2024-03-01 15:57:00,HCWB,1.600000023841858,1.600000023841858,1.600000023841858,1.5999000072479248,1.600000023841858,5002.0
2024-03-01 15:57:00,HEPA,3.0899999141693115,3.0899999141693115,3.1600000858306885,3.0899999141693115,3.1600000858306885,4598.0
2024-03-01 15:57:00,HLTH,0.2689000070095062,0.2689000070095062,0.2689000070095062,0.26499998569488525,0.26499998569488525,5227.0
2024-03-01 15:57:00,HLVX,19.079999923706055,19.079999923706055,19.100000381469727,19.079999923706055,19.100000381469727,637.0
2024-03-01 15:57:00,HOLX,73.69000244140625,73.69000244140625,73.69000244140625,73.63999938964844,73.6500015258789,18272.0
2024-03-01 15:57:00,HOOK,0.7675999999046326,0.7675999999046326,0.7700999975204468,0.7675999999046326,0.7675999999046326,2496.0
2024-03-01 15:57:00,HOTH,1.340000033378601,1.340000033378601,1.340000033378601,1.3300000429153442,1.3300000429153442,1538.0
2024-03-01 15:57:00,HOWL,7.0,7.0,7.0,7.0,7.0,101.0
2024-03-01 15:57:00,HPCO,0.2590000033378601,0.2590000033378601,0.2590000033378601,0.2590000033378601,0.2590000033378601,5179.0
2024-03-01 15:57:00,HQY,81.04000091552734,81.04000091552734,81.11000061035156,81.02999877929688,81.11000061035156,7484.0
2024-03-01 15:57:00,HRMY,32.09000015258789,32.09000015258789,32.119998931884766,32.09000015258789,32.11000061035156,4011.0
2024-03-01 15:57:00,HROW,10.930000305175781,10.930000305175781,10.930000305175781,10.920000076293945,10.930000305175781,1345.0
2024-03-01 15:57:00,HRTX,2.5850000381469727,2.5850000381469727,2.5899999141693115,2.5799999237060547,2.5899999141693115,8835.0
2024-03-01 15:57:00,HSCS,0.12120000272989273,0.12120000272989273,0.12120000272989273,0.12030000239610672,0.12030000239610672,16944.0
2024-03-01 15:57:00,HSIC,76.86000061035156,76.86000061035156,76.8949966430664,76.86000061035156,76.87999725341797,20740.0
2024-03-01 15:57:00,HSTM,27.209800720214844,27.209800720214844,27.219999313354492,27.200000762939453,27.209999084472656,2928.0
2024-03-01 15:57:00,HUMA,3.234999895095825,3.234999895095825,3.2699999809265137,3.234999895095825,3.265000104904175,20362.0
2024-03-01 15:57:00,IART,36.0,36.0,36.02000045776367,35.97999954223633,35.98099899291992,21623.0
2024-03-01 15:57:00,IBRX,4.699999809265137,4.699999809265137,4.71999979019165,4.699999809265137,4.715000152587891,72531.0
2024-03-01 15:57:00,ICAD,1.8899999856948853,1.8899999856948853,1.8899999856948853,1.8899999856948853,1.8899999856948853,1014.0
2024-03-01 15:57:00,ICCC,5.269999980926514,5.269999980926514,5.269999980926514,5.269999980926514,5.269999980926514,109.0
2024-03-01 15:57:00,ICCM,1.2799999713897705,1.2799999713897705,1.2799999713897705,1.274999976158142,1.274999976158142,823.0
2024-03-01 15:57:00,ICLR,325.4100036621094,325.4100036621094,325.6400146484375,325.4100036621094,325.61749267578125,3126.0
2024-03-01 15:57:00,ICUI,105.57499694824219,105.57499694824219,105.61000061035156,105.57499694824219,105.58000183105469,1830.0
2024-03-01 15:57:00,IDXX,576.3200073242188,576.3200073242188,576.6799926757812,576.02001953125,576.6799926757812,3998.0
2024-03-01 15:57:00,IDYA,46.20000076293945,46.20000076293945,46.25,46.1974983215332,46.25,4431.0
2024-03-01 15:57:00,IFRX,1.75,1.75,1.75,1.75,1.75,112.0
2024-03-01 15:57:00,IGMS,12.699999809265137,12.699999809265137,12.710000038146973,12.649999618530273,12.65999984741211,3553.0
2024-03-01 15:57:00,IINN,1.6799999475479126,1.6799999475479126,1.684999942779541,1.6799999475479126,1.684999942779541,2977.0
2024-03-01 15:57:00,IKNA,1.4800000190734863,1.4800000190734863,1.4800000190734863,1.4700000286102295,1.4700000286102295,640.0
2024-03-01 15:57:00,IKT,2.130000114440918,2.130000114440918,2.1500000953674316,2.130000114440918,2.1500000953674316,2768.0
2024-03-01 15:57:00,ILMN,140.4199981689453,140.4199981689453,140.58999633789062,140.30999755859375,140.42999267578125,17569.0
2024-03-01 15:57:00,IMAB,1.7999999523162842,1.7999999523162842,1.7999999523162842,1.7899999618530273,1.7999999523162842,1996.0
2024-03-01 15:57:00,IMCR,67.30999755859375,67.30999755859375,67.38999938964844,67.30999755859375,67.36000061035156,4998.0
2024-03-01 15:57:00,IMMP,2.299999952316284,2.299999952316284,2.299999952316284,2.299999952316284,2.299999952316284,531.0
2024-03-01 15:57:00,IMMX,3.569999933242798,3.569999933242798,3.569999933242798,3.509999990463257,3.509999990463257,12587.0
2024-03-01 15:57:00,IMNM,25.459999084472656,25.459999084472656,25.5,25.450000762939453,25.5,4858.0
2024-03-01 15:57:00,IMNN,0.9879999756813049,0.9879999756813049,1.0068999528884888,0.9879999756813049,1.0068999528884888,7200.0
2024-03-01 15:57:00,IMTX,12.920000076293945,12.920000076293945,12.920000076293945,12.90999984741211,12.920000076293945,2907.0
2024-03-01 15:57:00,IMUX,1.440000057220459,1.440000057220459,1.4500000476837158,1.440000057220459,1.4450000524520874,4341.0
2024-03-01 15:57:00,IMVT,35.29499816894531,35.29499816894531,35.33000183105469,35.279998779296875,35.31999969482422,15423.0
2024-03-01 15:57:00,INAB,1.0850000381469727,1.0850000381469727,1.090000033378601,1.0839999914169312,1.0839999914169312,1208.0
2024-03-01 15:57:00,INBX,36.505001068115234,36.505001068115234,36.5099983215332,36.5,36.505001068115234,6304.0
2024-03-01 15:57:00,INCY,59.040000915527344,59.040000915527344,59.064998626708984,59.040000915527344,59.060001373291016,11410.0
2024-03-01 15:57:00,INDP,2.130000114440918,2.130000114440918,2.130000114440918,2.130000114440918,2.130000114440918,175.0
2024-03-01 15:57:00,INGN,7.014999866485596,7.014999866485596,7.019999980926514,6.989999771118164,6.989999771118164,11504.0
2024-03-01 15:57:00,INKT,0.9368000030517578,0.9368000030517578,0.9368000030517578,0.9368000030517578,0.9368000030517578,432.0
2024-03-01 15:57:00,INM,0.4090000092983246,0.4090000092983246,0.4090000092983246,0.40639999508857727,0.4090000092983246,2754.0
2024-03-01 15:57:00,INMD,22.94499969482422,22.94499969482422,22.950000762939453,22.90999984741211,22.915000915527344,32938.0
2024-03-01 15:57:00,INO,9.520000457763672,9.520000457763672,9.520000457763672,9.5,9.510000228881836,1524.0
2024-03-01 15:57:00,INSM,28.014999389648438,28.014999389648438,28.014999389648438,27.989999771118164,28.0049991607666,14317.0
2024-03-01 15:57:00,INVA,15.260000228881836,15.260000228881836,15.295000076293945,15.25,15.289999961853027,54482.0
2024-03-01 15:57:00,INZY,6.550000190734863,6.550000190734863,6.550000190734863,6.550000190734863,6.550000190734863,1333.0
2024-03-01 15:57:00,IOBT,1.7100000381469727,1.7100000381469727,1.7100000381469727,1.7100000381469727,1.7100000381469727,837.0
2024-03-01 15:57:00,IONM,0.3596999943256378,0.3596999943256378,0.3596999943256378,0.3596999943256378,0.3596999943256378,119.0
2024-03-01 15:57:00,IONS,45.5099983215332,45.5099983215332,45.52000045776367,45.470001220703125,45.470001220703125,45921.0
2024-03-01 15:57:00,IOVA,16.774999618530273,16.774999618530273,16.78499984741211,16.770000457763672,16.780000686645508,93468.0
2024-03-01 15:57:00,IPSC,3.9800000190734863,3.9800000190734863,3.990000009536743,3.9800000190734863,3.990000009536743,513.0
2024-03-01 15:57:00,IRMD,42.20000076293945,42.20000076293945,42.279998779296875,42.11000061035156,42.18000030517578,6115.0
2024-03-01 15:57:00,IRTC,120.4800033569336,120.4800033569336,120.61000061035156,120.44000244140625,120.61000061035156,3035.0
2024-03-01 15:57:00,IRWD,9.085000038146973,9.085000038146973,9.09000015258789,9.038999557495117,9.039999961853027,191887.0
2024-03-01 15:57:00,ISRG,398.1199951171875,398.1199951171875,398.5400085449219,398.1199951171875,398.489990234375,16884.0
2024-03-01 15:57:00,ITCI,71.55999755859375,71.55999755859375,71.69000244140625,71.55000305175781,71.69000244140625,6703.0
2024-03-01 15:57:00,ITOS,11.270000457763672,11.270000457763672,11.270000457763672,11.270000457763672,11.270000457763672,1038.0
2024-03-01 15:57:00,ITRM,1.2899999618530273,1.2899999618530273,1.2899999618530273,1.2899999618530273,1.2899999618530273,126.0
2024-03-01 15:57:00,IVVD,4.025000095367432,4.025000095367432,4.039999961853027,4.019999980926514,4.034999847412109,8656.0
2024-03-01 15:57:00,IXHL,5.510000228881836,5.510000228881836,5.510000228881836,5.494999885559082,5.510000228881836,642.0
2024-03-01 15:57:00,JAGX,0.08299999684095383,0.08299999684095383,0.08320000022649765,0.0820000022649765,0.08229999989271164,514638.0
2024-03-01 15:57:00,JANX,47.65999984741211,47.65999984741211,47.970001220703125,47.5099983215332,47.959999084472656,19586.0
2024-03-01 15:57:00,JAZZ,118.68000030517578,118.68000030517578,118.83499908447266,118.68000030517578,118.81999969482422,11872.0
2024-03-01 15:57:00,JSPR,21.739999771118164,21.739999771118164,21.739999771118164,21.670000076293945,21.670000076293945,1143.0
2024-03-01 15:57:00,KALV,14.109999656677246,14.109999656677246,14.128999710083008,14.104999542236328,14.104999542236328,6015.0
2024-03-01 15:57:00,KIDS,28.06999969482422,28.06999969482422,28.100000381469727,28.059999465942383,28.09000015258789,3088.0
2024-03-01 15:57:00,KNSA,21.700000762939453,21.700000762939453,21.700000762939453,21.68000030517578,21.68000030517578,5947.0
2024-03-01 15:57:00,KNTE,2.5899999141693115,2.5899999141693115,2.5999999046325684,2.5899999141693115,2.5999999046325684,3687.0
2024-03-01 15:57:00,KOD,6.014999866485596,6.014999866485596,6.014999866485596,6.010000228881836,6.010000228881836,384.0
2024-03-01 15:57:00,KPRX,0.6600000262260437,0.6600000262260437,0.6600000262260437,0.6600000262260437,0.6600000262260437,1303.0
2024-03-01 15:57:00,KPTI,1.184999942779541,1.184999942779541,1.184999942779541,1.1799999475479126,1.1799999475479126,10398.0
2024-03-01 15:57:00,KRON,1.0499999523162842,1.0499999523162842,1.0499999523162842,1.0449999570846558,1.0499999523162842,4008.0
2024-03-01 15:57:00,KROS,68.73999786376953,68.73999786376953,68.83999633789062,68.73999786376953,68.83999633789062,3209.0
2024-03-01 15:57:00,KRTX,315.9639892578125,315.9639892578125,316.1099853515625,315.9639892578125,316.0799865722656,3665.0
2024-03-01 15:57:00,KRYS,167.7550048828125,167.7550048828125,167.89999389648438,167.64999389648438,167.89999389648438,4660.0
2024-03-01 15:57:00,KTRA,0.10050000250339508,0.10050000250339508,0.10050000250339508,0.10050000250339508,0.10050000250339508,100.0
2024-03-01 15:57:00,KURA,21.579999923706055,21.579999923706055,21.610000610351562,21.579999923706055,21.610000610351562,7196.0
2024-03-01 15:57:00,KYMR,43.5099983215332,43.5099983215332,43.52000045776367,43.5,43.5,3549.0
2024-03-01 15:57:00,KZIA,0.25380000472068787,0.25380000472068787,0.25380000472068787,0.25,0.25,4482.0
2024-03-01 15:57:00,KZR,1.0199999809265137,1.0199999809265137,1.0299999713897705,1.0199999809265137,1.024999976158142,9048.0
2024-03-01 15:57:00,LAB,2.484999895095825,2.484999895095825,2.484999895095825,2.4800000190734863,2.484999895095825,11812.0
2024-03-01 15:57:00,LABP,6.269999980926514,6.269999980926514,6.269999980926514,6.269999980926514,6.269999980926514,100.0
2024-03-01 15:57:00,LBPH,21.520000457763672,21.520000457763672,21.540000915527344,21.510000228881836,21.520000457763672,6390.0
2024-03-01 15:57:00,LEGN,65.4729995727539,65.4729995727539,65.52999877929688,65.4729995727539,65.52999877929688,4376.0
2024-03-01 15:57:00,LEXX,2.9200000762939453,2.9200000762939453,2.9200000762939453,2.9000000953674316,2.9200000762939453,5426.0
2024-03-01 15:57:00,LFLY,2.944999933242798,2.944999933242798,2.944999933242798,2.944999933242798,2.944999933242798,201.0
2024-03-01 15:57:00,LFMD,8.0,8.0,8.0,7.994999885559082,8.0,1871.0
2024-03-01 15:57:00,LFST,7.760000228881836,7.760000228881836,7.760000228881836,7.75,7.760000228881836,17656.0
2024-03-01 15:57:00,LGND,78.31999969482422,78.31999969482422,78.37000274658203,78.1675033569336,78.26499938964844,2790.0
2024-03-01 15:57:00,LGVN,0.5315999984741211,0.5315999984741211,0.5343999862670898,0.5310999751091003,0.5343999862670898,588.0
2024-03-01 15:57:00,LIAN,4.875,4.875,4.880000114440918,4.869999885559082,4.869999885559082,1732.0
2024-03-01 15:57:00,LIFE,1.9049999713897705,1.9049999713897705,1.9049999713897705,1.9049999713897705,1.9049999713897705,260.0
2024-03-01 15:57:00,LIVN,55.279998779296875,55.279998779296875,55.33000183105469,55.279998779296875,55.33000183105469,6348.0
2024-03-01 15:57:00,LMAT,67.5,67.5,67.67289733886719,67.5,67.6500015258789,5944.0
2024-03-01 15:57:00,LNSR,4.769999980926514,4.769999980926514,4.769999980926514,4.769999980926514,4.769999980926514,260.0
2024-03-01 15:57:00,LNTH,64.5199966430664,64.5199966430664,64.55000305175781,64.5,64.55000305175781,19504.0
2024-03-01 15:57:00,LPTX,2.8499999046325684,2.8499999046325684,2.869999885559082,2.8499999046325684,2.859999895095825,1353.0
2024-03-01 15:57:00,LQDA,14.489999771118164,14.489999771118164,14.494999885559082,14.479999542236328,14.479999542236328,8219.0
2024-03-01 15:57:00,LRMR,11.3100004196167,11.3100004196167,11.319999694824219,11.3100004196167,11.3149995803833,2732.0
2024-03-01 15:57:00,LTRN,4.110000133514404,4.110000133514404,4.150000095367432,4.110000133514404,4.110000133514404,1147.0
2024-03-01 15:57:00,LUCD,1.2400000095367432,1.2400000095367432,1.2400000095367432,1.2400000095367432,1.2400000095367432,599.0
2024-03-01 15:57:00,LUMO,3.0299999713897705,3.0299999713897705,3.0299999713897705,3.0299999713897705,3.0299999713897705,459.0
2024-03-01 15:57:00,LUNG,9.3100004196167,9.3100004196167,9.324999809265137,9.300000190734863,9.3149995803833,7051.0
2024-03-01 15:57:00,LVTX,2.3299999237060547,2.3299999237060547,2.389899969100952,2.301100015640259,2.3852999210357666,38812.0
2024-03-01 15:57:00,LXRX,2.4700000286102295,2.4700000286102295,2.484999895095825,2.4700000286102295,2.484999895095825,28146.0
2024-03-01 15:57:00,LYEL,3.069999933242798,3.069999933242798,3.0799999237060547,3.069999933242798,3.075000047683716,8990.0
2024-03-01 15:57:00,LYRA,5.644999980926514,5.644999980926514,5.670000076293945,5.644999980926514,5.650000095367432,8103.0
2024-03-01 15:57:00,MASI,126.44000244140625,126.44000244140625,126.44000244140625,126.30999755859375,126.3499984741211,7324.0
2024-03-01 15:57:00,MASS,7.320000171661377,7.320000171661377,7.320000171661377,7.301599979400635,7.301599979400635,2188.0
2024-03-01 15:57:00,MBOT,1.2949999570846558,1.2949999570846558,1.2949999570846558,1.2949999570846558,1.2949999570846558,159.0
2024-03-01 15:57:00,MBRX,0.6299999952316284,0.6299999952316284,0.6299999952316284,0.629800021648407,0.629800021648407,459.0
2024-03-01 15:57:00,MCRB,1.2200000286102295,1.2200000286102295,1.2300000190734863,1.2200000286102295,1.2200000286102295,19182.0
2024-03-01 15:57:00,MDGL,251.83999633789062,251.83999633789062,252.25999450683594,251.66000366210938,252.11000061035156,5481.0
2024-03-01 15:57:00,MDGS,2.680000066757202,2.680000066757202,2.680000066757202,2.680000066757202,2.680000066757202,498.0
2024-03-01 15:57:00,MDRX,6.019999980926514,6.019999980926514,6.019999980926514,5.96999979019165,5.96999979019165,2479927.0
2024-03-01 15:57:00,MDWD,14.114999771118164,14.114999771118164,14.114999771118164,14.114999771118164,14.114999771118164,509.0
2024-03-01 15:57:00,MDXG,8.630000114440918,8.630000114440918,8.630000114440918,8.619999885559082,8.630000114440918,13198.0
2024-03-01 15:57:00,ME,0.5447499752044678,0.5447499752044678,0.5450999736785889,0.5444999933242798,0.5447999835014343,25557.0
2024-03-01 15:57:00,MEDP,403.5799865722656,403.5799865722656,404.260009765625,403.3599853515625,403.8800048828125,9307.0
2024-03-01 15:57:00,MGNX,18.969999313354492,18.969999313354492,18.989999771118164,18.969999313354492,18.979999542236328,12404.0
2024-03-01 15:57:00,MGTX,6.409999847412109,6.409999847412109,6.409999847412109,6.400000095367432,6.400000095367432,1249.0
2024-03-01 15:57:00,MHUA,0.6898499727249146,0.6898499727249146,0.6899999976158142,0.6898499727249146,0.6899999976158142,3069.0
2024-03-01 15:57:00,MIRM,29.190000534057617,29.190000534057617,29.219999313354492,29.190000534057617,29.219999313354492,6995.0
2024-03-01 15:57:00,MIST,1.6699999570846558,1.6699999570846558,1.690000057220459,1.6699999570846558,1.690000057220459,2659.0
2024-03-01 15:57:00,MLTX,50.90999984741211,50.90999984741211,50.90999984741211,50.8650016784668,50.869998931884766,7861.0
2024-03-01 15:57:00,MMSI,76.25,76.25,76.30000305175781,76.25,76.30000305175781,4318.0
2024-03-01 15:57:00,MNKD,4.510000228881836,4.510000228881836,4.510000228881836,4.5,4.5,34335.0
2024-03-01 15:57:00,MNMD,6.239999771118164,6.239999771118164,6.244999885559082,6.230000019073486,6.230000019073486,6707.0
2024-03-01 15:57:00,MNOV,1.3509000539779663,1.3509000539779663,1.3509000539779663,1.3509000539779663,1.3509000539779663,224.0
2024-03-01 15:57:00,MNPR,0.9114000201225281,0.9114000201225281,0.9114000201225281,0.9034000039100647,0.9034000039100647,3136.0
2024-03-01 15:57:00,MODD,1.9299999475479126,1.9299999475479126,1.9500000476837158,1.9299999475479126,1.9500000476837158,8861.0
2024-03-01 15:57:00,MODV,28.290000915527344,28.290000915527344,28.290000915527344,28.15999984741211,28.200000762939453,10576.0
2024-03-01 15:57:00,MOR,17.700000762939453,17.700000762939453,17.704999923706055,17.680099487304688,17.680099487304688,9418.0
2024-03-01 15:57:00,MORF,39.52000045776367,39.52000045776367,39.52000045776367,39.41999816894531,39.41999816894531,5490.0
2024-03-01 15:57:00,MRAI,1.590000033378601,1.590000033378601,1.590000033378601,1.5650999546051025,1.5650999546051025,700.0
2024-03-01 15:57:00,MREO,3.9784998893737793,3.9784998893737793,4.0,3.9749999046325684,4.0,11330.0
2024-03-01 15:57:00,MRNA,95.15499877929688,95.15499877929688,95.18000030517578,95.11499786376953,95.16999816894531,35127.0
2024-03-01 15:57:00,MRNS,9.880000114440918,9.880000114440918,9.899999618530273,9.880000114440918,9.890000343322754,3460.0
2024-03-01 15:57:00,MRSN,5.925000190734863,5.925000190734863,5.940000057220459,5.925000190734863,5.929999828338623,22079.0
2024-03-01 15:57:00,MRUS,51.709999084472656,51.709999084472656,51.720001220703125,51.691001892089844,51.70500183105469,6739.0
2024-03-01 15:57:00,MRVI,7.599999904632568,7.599999904632568,7.619999885559082,7.599999904632568,7.610000133514404,22300.0
2024-03-01 15:57:00,MXCT,4.71999979019165,4.71999979019165,4.724999904632568,4.710000038146973,4.71999979019165,7079.0
2024-03-01 15:57:00,MYGN,22.1299991607666,22.1299991607666,22.170000076293945,22.1299991607666,22.170000076293945,10940.0
2024-03-01 15:57:00,MYNZ,0.8999999761581421,0.8999999761581421,0.9089999794960022,0.8999999761581421,0.9089999794960022,6743.0
2024-03-01 15:57:00,NAOV,0.9807000160217285,0.9807000160217285,0.9807000160217285,0.9807000160217285,0.9807000160217285,251.0
2024-03-01 15:57:00,NARI,45.31999969482422,45.31999969482422,45.380001068115234,45.310001373291016,45.369998931884766,35672.0
2024-03-01 15:57:00,NAUT,2.680000066757202,2.680000066757202,2.680000066757202,2.680000066757202,2.680000066757202,507.0
2024-03-01 15:57:00,NBIX,131.31500244140625,131.31500244140625,131.32000732421875,131.22999572753906,131.25,15670.0
2024-03-01 15:57:00,NCNA,0.3199999928474426,0.3199999928474426,0.3199999928474426,0.3199999928474426,0.3199999928474426,700.0
2024-03-01 15:57:00,NDRA,1.1299999952316284,1.1299999952316284,1.1399999856948853,1.1299999952316284,1.1399999856948853,6018.0
2024-03-01 15:57:00,NEO,15.954999923706055,15.954999923706055,15.960000038146973,15.949999809265137,15.954999923706055,7586.0
2024-03-01 15:57:00,NEOG,17.204999923706055,17.204999923706055,17.219999313354492,17.200000762939453,17.21500015258789,13374.0
2024-03-01 15:57:00,NEPH,3.1500000953674316,3.1500000953674316,3.1500000953674316,3.130000114440918,3.130000114440918,300.0
2024-03-01 15:57:00,NEPT,0.4189000129699707,0.4189000129699707,0.41990000009536743,0.4178999960422516,0.41990000009536743,1858.0
2024-03-01 15:57:00,NERV,2.5999999046325684,2.5999999046325684,2.5999999046325684,2.5999999046325684,2.5999999046325684,1428.0
2024-03-01 15:57:00,NEXI,6.269999980926514,6.269999980926514,6.269999980926514,6.269999980926514,6.269999980926514,199.0
2024-03-01 15:57:00,NGM,1.5199999809265137,1.5199999809265137,1.5199999809265137,1.5199999809265137,1.5199999809265137,22788.0
2024-03-01 15:57:00,NKTR,0.7512999773025513,0.7512999773025513,0.7599999904632568,0.7512000203132629,0.7599999904632568,4977.0
2024-03-01 15:57:00,NKTX,12.829999923706055,12.829999923706055,12.84000015258789,12.829999923706055,12.84000015258789,1276.0
2024-03-01 15:57:00,NMTC,1.225000023841858,1.225000023841858,1.225000023841858,1.225000023841858,1.225000023841858,1008.0
2024-03-01 15:57:00,NNOX,11.104999542236328,11.104999542236328,11.114999771118164,11.100000381469727,11.114999771118164,14649.0
2024-03-01 15:57:00,NOTV,7.949999809265137,7.949999809265137,7.96999979019165,7.940000057220459,7.940000057220459,3176.0
2024-03-01 15:57:00,NPCE,16.06999969482422,16.06999969482422,16.06999969482422,16.010000228881836,16.040000915527344,1842.0
2024-03-01 15:57:00,NRBO,6.204999923706055,6.204999923706055,6.21999979019165,6.15500020980835,6.199999809265137,7769.0
2024-03-01 15:57:00,NRC,40.650001525878906,40.650001525878906,40.650001525878906,40.650001525878906,40.650001525878906,263.0
2024-03-01 15:57:00,NRIX,13.569999694824219,13.569999694824219,13.600000381469727,13.550000190734863,13.550999641418457,13709.0
2024-03-01 15:57:00,NRSN,2.053499937057495,2.053499937057495,2.053499937057495,2.009999990463257,2.009999990463257,2482.0
2024-03-01 15:57:00,NRXP,0.4399999976158142,0.4399999976158142,0.4401000142097473,0.4375,0.4399999976158142,39967.0
2024-03-01 15:57:00,NRXPW,0.1599999964237213,0.1599999964237213,0.16009999811649323,0.1599999964237213,0.16009999811649323,936.0
2024-03-01 15:57:00,NTLA,32.68000030517578,32.68000030517578,32.709999084472656,32.6609992980957,32.709999084472656,20274.0
2024-03-01 15:57:00,NTRA,89.63999938964844,89.63999938964844,89.68000030517578,89.57250213623047,89.61000061035156,26767.0
2024-03-01 15:57:00,NUTX,0.11299999803304672,0.11299999803304672,0.11334999650716782,0.11270000040531158,0.11330000311136246,3716.0
2024-03-01 15:57:00,NUVL,87.22000122070312,87.22000122070312,87.26000213623047,87.22000122070312,87.26000213623047,10602.0
2024-03-01 15:57:00,NUWE,0.5954999923706055,0.5954999923706055,0.5954999923706055,0.5946000218391418,0.5946000218391418,540.0
2024-03-01 15:57:00,NVAX,5.380000114440918,5.380000114440918,5.400000095367432,5.375,5.375,141650.0
2024-03-01 15:57:00,NVCR,16.2549991607666,16.2549991607666,16.280000686645508,16.2549991607666,16.270000457763672,10392.0
2024-03-01 15:57:00,NVCT,10.704999923706055,10.704999923706055,10.704999923706055,10.704999923706055,10.704999923706055,144.0
2024-03-01 15:57:00,NVNO,6.46999979019165,6.46999979019165,6.480000019073486,6.460000038146973,6.460000038146973,4497.0
2024-03-01 15:57:00,NVOS,0.6299999952316284,0.6299999952316284,0.6299999952316284,0.6299999952316284,0.6299999952316284,103.0
2024-03-01 15:57:00,NXTC,1.7899999618530273,1.7899999618530273,1.7899999618530273,1.7827999591827393,1.7899999618530273,1091.0
2024-03-01 15:57:00,OCGN,0.9511010050773621,0.9511010050773621,0.9599999785423279,0.9465100169181824,0.9466999769210815,36601.0
2024-03-01 15:57:00,OCUL,10.739999771118164,10.739999771118164,10.770000457763672,10.734999656677246,10.770000457763672,19365.0
2024-03-01 15:57:00,OCUP,2.5199999809265137,2.5199999809265137,2.5199999809265137,2.5199999809265137,2.5199999809265137,753.0
2024-03-01 15:57:00,OFIX,13.0,13.0,13.005000114440918,13.0,13.005000114440918,1700.0
2024-03-01 15:57:00,OGI,2.1649999618530273,2.1649999618530273,2.1700000762939453,2.1600000858306885,2.1649999618530273,4137.0
2024-03-01 15:57:00,OLK,23.010000228881836,23.010000228881836,23.010000228881836,23.0,23.0,9541.0
2024-03-01 15:57:00,OLMA,14.789999961853027,14.789999961853027,14.859999656677246,14.789999961853027,14.850000381469727,14425.0
2024-03-01 15:57:00,OM,3.0899999141693115,3.0899999141693115,3.0950000286102295,3.0899999141693115,3.0899999141693115,6279.0
2024-03-01 15:57:00,OMCL,26.3799991607666,26.3799991607666,26.43000030517578,26.3700008392334,26.43000030517578,14780.0
2024-03-01 15:57:00,OMER,4.760000228881836,4.760000228881836,4.760000228881836,4.760000228881836,4.760000228881836,2197.0
2024-03-01 15:57:00,OMGA,4.320000171661377,4.320000171661377,4.324999809265137,4.320000171661377,4.324999809265137,1503.0
2024-03-01 15:57:00,OMIC,0.6100000143051147,0.6100000143051147,0.6100000143051147,0.6100000143051147,0.6100000143051147,300.0
2024-03-01 15:57:00,ONTX,0.826200008392334,0.826200008392334,0.8390719890594482,0.826200008392334,0.8390719890594482,582.0
2024-03-01 15:57:00,ONVO,1.034999966621399,1.034999966621399,1.034999966621399,1.0199999809265137,1.0199999809265137,307.0
2024-03-01 15:58:00,AADI,1.9199999570846558,1.9199999570846558,1.9249999523162842,1.9199999570846558,1.9249999523162842,472.0
2024-03-01 15:58:00,ABCL,5.054999828338623,5.054999828338623,5.070000171661377,5.045000076293945,5.045000076293945,36071.0
2024-03-01 15:58:00,ABEO,7.820000171661377,7.820000171661377,7.820000171661377,7.804999828338623,7.820000171661377,1481.0
2024-03-01 15:58:00,ABOS,4.644999980926514,4.644999980926514,4.650000095367432,4.639999866485596,4.650000095367432,9842.0
2024-03-01 15:58:00,ABSI,5.445000171661377,5.445000171661377,5.449999809265137,5.429999828338623,5.434999942779541,38351.0
2024-03-01 15:58:00,ABUS,2.7850000858306885,2.7850000858306885,2.7899999618530273,2.7850000858306885,2.7899999618530273,6459.0
2024-03-01 15:58:00,ACAD,24.014999389648438,24.014999389648438,24.030000686645508,24.0,24.010000228881836,30659.0
2024-03-01 15:58:00,ACB,3.1649999618530273,3.1649999618530273,3.1700000762939453,3.1649999618530273,3.1649999618530273,791.0
2024-03-01 15:58:00,ACCD,9.960000038146973,9.960000038146973,9.960000038146973,9.930000305175781,9.930000305175781,8104.0
2024-03-01 15:58:00,ACET,2.380000114440918,2.380000114440918,2.380000114440918,2.369999885559082,2.380000114440918,4093.0
2024-03-01 15:58:00,ACHC,83.94999694824219,83.94999694824219,83.94999694824219,83.87000274658203,83.89550018310547,5387.0
2024-03-01 15:58:00,ACHL,1.3700000047683716,1.3700000047683716,1.3700000047683716,1.3650000095367432,1.3695000410079956,1767.0
2024-03-01 15:58:00,ACIU,3.809999942779541,3.809999942779541,3.809999942779541,3.799999952316284,3.799999952316284,1031.0
2024-03-01 15:58:00,ACLX,66.80000305175781,66.80000305175781,66.8949966430664,66.75,66.8949966430664,13721.0
2024-03-01 15:58:00,ACON,0.397599995136261,0.397599995136261,0.3991999924182892,0.39500001072883606,0.39750000834465027,10071.0
2024-03-01 15:58:00,ACRS,1.2350000143051147,1.2350000143051147,1.2400000095367432,1.2300000190734863,1.2300000190734863,17728.0
2024-03-01 15:58:00,ACST,3.434999942779541,3.434999942779541,3.434999942779541,3.434999942779541,3.434999942779541,563.0
2024-03-01 15:58:00,ADAP,1.5850000381469727,1.5850000381469727,1.590000033378601,1.5800000429153442,1.5850000381469727,8069.0
2024-03-01 15:58:00,ADIL,3.2100000381469727,3.2100000381469727,3.2119998931884766,3.1050000190734863,3.109999895095825,61992.0
2024-03-01 15:58:00,ADMA,5.514999866485596,5.514999866485596,5.519999980926514,5.505000114440918,5.510000228881836,46780.0
2024-03-01 15:58:00,ADPT,4.039999961853027,4.039999961853027,4.039999961853027,4.019999980926514,4.025000095367432,23685.0
2024-03-01 15:58:00,ADUS,93.8499984741211,93.8499984741211,93.88999938964844,93.8499984741211,93.88999938964844,1130.0
2024-03-01 15:58:00,ADVM,1.9800000190734863,1.9800000190734863,1.9800000190734863,1.9700000286102295,1.9800000190734863,8121.0
2024-03-01 15:58:00,AEZS,1.9800000190734863,1.9800000190734863,1.9800000190734863,1.9800000190734863,1.9800000190734863,321.0
2024-03-01 15:58:00,AFIB,0.21089999377727509,0.21089999377727509,0.21299999952316284,0.21089999377727509,0.21299999952316284,458.0
2024-03-01 15:58:00,AFMD,0.6679999828338623,0.6679999828338623,0.6679999828338623,0.6499999761581421,0.6600000262260437,13574.0
2024-03-01 15:58:00,AGEN,0.6600499749183655,0.6600499749183655,0.660099983215332,0.6600000262260437,0.6600000262260437,219613.0
2024-03-01 15:58:00,AGIO,32.224998474121094,32.224998474121094,32.224998474121094,32.16999816894531,32.220001220703125,16906.0
2024-03-01 15:58:00,AHCO,10.53499984741211,10.53499984741211,10.539999961853027,10.510000228881836,10.510000228881836,34123.0
2024-03-01 15:58:00,AIMD,1.0499999523162842,1.0499999523162842,1.0499999523162842,1.0299999713897705,1.0490000247955322,5392.0
2024-03-01 15:58:00,AIRS,6.320000171661377,6.320000171661377,6.329999923706055,6.309999942779541,6.324999809265137,2247.0
2024-03-01 15:58:00,AKAN,0.22100000083446503,0.22100000083446503,0.22110000252723694,0.2199999988079071,0.2199999988079071,8586.0
2024-03-01 15:58:00,AKBA,1.7000000476837158,1.7000000476837158,1.7000000476837158,1.6950000524520874,1.6950000524520874,104690.0
2024-03-01 15:58:00,AKLI,0.34549999237060547,0.34549999237060547,0.34549999237060547,0.3411000072956085,0.3411000072956085,825.0
2024-03-01 15:58:00,AKRO,27.56999969482422,27.56999969482422,27.850000381469727,27.493900299072266,27.6299991607666,140315.0
2024-03-01 15:58:00,AKYA,6.039999961853027,6.039999961853027,6.059999942779541,6.039999961853027,6.059999942779541,829.0
2024-03-01 15:58:00,ALDX,4.210000038146973,4.210000038146973,4.210000038146973,4.210000038146973,4.210000038146973,1241.0
2024-03-01 15:58:00,ALEC,7.40500020980835,7.40500020980835,7.40500020980835,7.394999980926514,7.400000095367432,6768.0
2024-03-01 15:58:00,ALGN,299.9599914550781,299.9599914550781,300.4100036621094,299.9200134277344,300.30999755859375,38590.0
2024-03-01 15:58:00,ALGS,1.1200000047683716,1.1200000047683716,1.1298999786376953,1.1200000047683716,1.1298999786376953,2033.0
2024-03-01 15:58:00,ALHC,5.650000095367432,5.650000095367432,5.650000095367432,5.639999866485596,5.650000095367432,15223.0
2024-03-01 15:58:00,ALIM,3.7200000286102295,3.7200000286102295,3.765000104904175,3.7200000286102295,3.7300000190734863,1139.0
2024-03-01 15:58:00,ALKS,30.204999923706055,30.204999923706055,30.225000381469727,30.200000762939453,30.219999313354492,24713.0
2024-03-01 15:58:00,ALLK,1.6349999904632568,1.6349999904632568,1.6399999856948853,1.6299999952316284,1.6349999904632568,5163.0
2024-03-01 15:58:00,ALLO,4.934999942779541,4.934999942779541,4.940000057220459,4.925000190734863,4.929999828338623,38598.0
2024-03-01 15:58:00,ALLR,0.4002000093460083,0.4002000093460083,0.4027000069618225,0.4002000093460083,0.4027000069618225,596.0
2024-03-01 15:58:00,ALNY,152.69000244140625,152.69000244140625,152.72000122070312,152.6300048828125,152.6999969482422,10105.0
2024-03-01 15:58:00,ALPN,36.0,36.0,36.02000045776367,35.9900016784668,36.0,13581.0
2024-03-01 15:58:00,ALT,12.114999771118164,12.114999771118164,12.125,12.095000267028809,12.095000267028809,57262.0
2024-03-01 15:58:00,ALVO,15.75,15.75,15.760000228881836,15.75,15.755000114440918,2083.0
2024-03-01 15:58:00,ALVR,0.7400000095367432,0.7400000095367432,0.7480000257492065,0.7400000095367432,0.7446500062942505,2681.0
2024-03-01 15:58:00,ALXO,15.079999923706055,15.079999923706055,15.09000015258789,15.039999961853027,15.055000305175781,10222.0
2024-03-01 15:58:00,AMED,93.31999969482422,93.31999969482422,93.37000274658203,93.30999755859375,93.37000274658203,2523.0
2024-03-01 15:58:00,AMGN,280.2749938964844,280.2749938964844,280.3399963378906,280.2699890136719,280.3299865722656,50741.0
2024-03-01 15:58:00,AMLX,18.69499969482422,18.69499969482422,18.700000762939453,18.670000076293945,18.68000030517578,12379.0
2024-03-01 15:58:00,AMPH,46.22999954223633,46.22999954223633,46.25,46.189998626708984,46.22999954223633,20786.0
2024-03-01 15:58:00,AMRN,1.0499999523162842,1.0499999523162842,1.0549999475479126,1.0499999523162842,1.0549999475479126,4495.0
2024-03-01 15:58:00,ANAB,25.469999313354492,25.469999313354492,25.530000686645508,25.440000534057617,25.5,11255.0
2024-03-01 15:58:00,ANGO,5.494999885559082,5.494999885559082,5.494999885559082,5.485000133514404,5.485000133514404,10417.0
2024-03-01 15:58:00,ANIK,25.219999313354492,25.219999313354492,25.219999313354492,25.09749984741211,25.09749984741211,1348.0
2024-03-01 15:58:00,ANIP,67.12000274658203,67.12000274658203,67.16500091552734,67.12000274658203,67.16000366210938,2020.0
2024-03-01 15:58:00,ANIX,3.509999990463257,3.509999990463257,3.5199999809265137,3.509999990463257,3.5199999809265137,944.0
2024-03-01 15:58:00,ANNX,6.0,6.0,6.010000228881836,5.940000057220459,5.960000038146973,54188.0
2024-03-01 15:58:00,ANTX,2.990000009536743,2.990000009536743,3.009999990463257,2.990000009536743,3.005000114440918,8548.0
2024-03-01 15:58:00,APDN,0.5654000043869019,0.5654000043869019,0.5654000043869019,0.5630000233650208,0.5630000233650208,269.0
2024-03-01 15:58:00,APLS,63.91999816894531,63.91999816894531,63.98500061035156,63.88999938964844,63.97999954223633,35781.0
2024-03-01 15:58:00,APLT,7.070000171661377,7.070000171661377,7.090000152587891,7.070000171661377,7.079999923706055,17257.0
2024-03-01 15:58:00,APTO,1.8300000429153442,1.8300000429153442,1.8300000429153442,1.8300000429153442,1.8300000429153442,834.0
2024-03-01 15:58:00,APVO,0.1574999988079071,0.1574999988079071,0.1574999988079071,0.1574999988079071,0.1574999988079071,305.0
2024-03-01 15:58:00,APYX,2.0899999141693115,2.0899999141693115,2.0899999141693115,2.0899999141693115,2.0899999141693115,229.0
2024-03-01 15:58:00,AQST,4.239999771118164,4.239999771118164,4.255000114440918,4.235000133514404,4.239999771118164,17302.0
2024-03-01 15:58:00,ARAY,2.609999895095825,2.609999895095825,2.615000009536743,2.609999895095825,2.609999895095825,2753.0
2024-03-01 15:58:00,ARCT,39.709999084472656,39.709999084472656,39.709999084472656,39.70000076293945,39.70000076293945,1636.0
2024-03-01 15:58:00,ARDX,9.329999923706055,9.329999923706055,9.34000015258789,9.329999923706055,9.329999923706055,26678.0
2024-03-01 15:58:00,ARGX,394.0199890136719,394.0199890136719,394.1000061035156,393.5799865722656,393.5799865722656,8019.0
2024-03-01 15:58:00,ARQT,11.739999771118164,11.739999771118164,11.739999771118164,11.664999961853027,11.664999961853027,71249.0
2024-03-01 15:58:00,ARTL,1.5055999755859375,1.5055999755859375,1.5055999755859375,1.5055999755859375,1.5055999755859375,1339.0
2024-03-01 15:58:00,ARVN,47.334999084472656,47.334999084472656,47.36000061035156,47.28499984741211,47.310001373291016,22542.0
2024-03-01 15:58:00,ARWR,36.08000183105469,36.08000183105469,36.11000061035156,36.064998626708984,36.099998474121094,36040.0
2024-03-01 15:58:00,ASLN,0.710099995136261,0.710099995136261,0.7379999756813049,0.710099995136261,0.7379999756813049,1612.0
2024-03-01 15:58:00,ASMB,13.319999694824219,13.319999694824219,13.319999694824219,13.300000190734863,13.313300132751465,1217.0
2024-03-01 15:58:00,ASND,152.5449981689453,152.5449981689453,152.77999877929688,152.52000427246094,152.72999572753906,9215.0
2024-03-01 15:58:00,ASRT,0.8842999935150146,0.8842999935150146,0.8909000158309937,0.8805000185966492,0.8841999769210815,2936.0
2024-03-01 15:58:00,ATAI,2.125,2.125,2.130000114440918,2.1201000213623047,2.125,3922.0
2024-03-01 15:58:00,ATEC,13.4399995803833,13.4399995803833,13.4399995803833,13.425000190734863,13.4350004196167,30831.0
2024-03-01 15:58:00,ATHA,3.930000066757202,3.930000066757202,3.940000057220459,3.930000066757202,3.940000057220459,225.0
2024-03-01 15:58:00,ATOS,1.0099999904632568,1.0099999904632568,1.0099999904632568,1.0049999952316284,1.0049999952316284,846.0
2024-03-01 15:58:00,ATRA,0.7700999975204468,0.7700999975204468,0.7700999975204468,0.7699999809265137,0.7700999975204468,12395.0
2024-03-01 15:58:00,ATRC,36.21500015258789,36.21500015258789,36.220001220703125,36.20000076293945,36.220001220703125,11485.0
2024-03-01 15:58:00,ATXI,0.1534000039100647,0.1534000039100647,0.1534000039100647,0.1534000039100647,0.1534000039100647,182.0
2024-03-01 15:58:00,ATXS,14.979999542236328,14.979999542236328,14.979999542236328,14.949999809265137,14.960000038146973,4829.0
2024-03-01 15:58:00,AUGX,4.570000171661377,4.570000171661377,4.579999923706055,4.570000171661377,4.579999923706055,2980.0
2024-03-01 15:58:00,AUPH,5.760000228881836,5.760000228881836,5.769999980926514,5.760000228881836,5.764999866485596,12404.0
2024-03-01 15:58:00,AURA,9.229999542236328,9.229999542236328,9.239999771118164,9.210000038146973,9.220000267028809,2081.0
2024-03-01 15:58:00,AUTL,6.25,6.25,6.25,6.239999771118164,6.244999885559082,6594.0
2024-03-01 15:58:00,AVDL,13.744999885559082,13.744999885559082,13.755000114440918,13.739999771118164,13.749199867248535,38980.0
2024-03-01 15:58:00,AVGR,3.7483999729156494,3.7483999729156494,3.75,3.7483999729156494,3.75,2344.0
2024-03-01 15:58:00,AVIR,4.449999809265137,4.449999809265137,4.449999809265137,4.445000171661377,4.449999809265137,9739.0
2024-03-01 15:58:00,AVRO,1.340000033378601,1.340000033378601,1.340000033378601,1.340000033378601,1.340000033378601,929.0
2024-03-01 15:58:00,AVTE,23.469999313354492,23.469999313354492,23.809999465942383,23.469999313354492,23.809999465942383,490.0
2024-03-01 15:58:00,AVXL,5.260000228881836,5.260000228881836,5.264999866485596,5.260000228881836,5.264999866485596,9482.0
2024-03-01 15:58:00,AXGN,10.710000038146973,10.710000038146973,10.710000038146973,10.699999809265137,10.710000038146973,1104.0
2024-03-01 15:58:00,AXNX,67.7300033569336,67.7300033569336,67.73999786376953,67.7300033569336,67.73999786376953,2958.0
2024-03-01 15:58:00,AXSM,82.38500213623047,82.38500213623047,82.43000030517578,82.3550033569336,82.43000030517578,8119.0
2024-03-01 15:58:00,AZN,64.6449966430664,64.6449966430664,64.6500015258789,64.63500213623047,64.63500213623047,35591.0
2024-03-01 15:58:00,AZTA,67.33000183105469,67.33000183105469,67.33000183105469,67.26499938964844,67.29000091552734,7952.0
2024-03-01 15:58:00,BBIO,35.60499954223633,35.60499954223633,35.630001068115234,35.56999969482422,35.59000015258789,19200.0
2024-03-01 15:58:00,BBLG,2.319999933242798,2.319999933242798,2.4600000381469727,2.319999933242798,2.384999990463257,15225.0
2024-03-01 15:58:00,BCAB,2.8399999141693115,2.8399999141693115,2.8499999046325684,2.8399999141693115,2.8450000286102295,23971.0
2024-03-01 15:58:00,BCDA,0.5799999833106995,0.5799999833106995,0.5799999833106995,0.5799000263214111,0.5799999833106995,2915.0
2024-03-01 15:58:00,BCRX,5.614999771118164,5.614999771118164,5.619999885559082,5.610000133514404,5.610000133514404,22464.0
2024-03-01 15:58:00,BCTX,3.509999990463257,3.509999990463257,3.5199999809265137,3.509999990463257,3.5199999809265137,1000.0
2024-03-01 15:58:00,BCYC,25.69499969482422,25.69499969482422,25.729999542236328,25.65999984741211,25.65999984741211,2453.0
2024-03-01 15:58:00,BDSX,1.590000033378601,1.590000033378601,1.600000023841858,1.590000033378601,1.600000023841858,1599.0
2024-03-01 15:58:00,BDTX,4.784999847412109,4.784999847412109,4.789999961853027,4.784999847412109,4.784999847412109,2560.0
2024-03-01 15:58:00,BEAM,39.779998779296875,39.779998779296875,39.79499816894531,39.779998779296875,39.790000915527344,13062.0
2024-03-01 15:58:00,BFRI,0.8833000063896179,0.8833000063896179,0.8920000195503235,0.8833000063896179,0.8833000063896179,1764.0
2024-03-01 15:58:00,BGNE,164.8699951171875,164.8699951171875,165.0800018310547,164.86000061035156,164.88999938964844,4200.0
2024-03-01 15:58:00,BGXX,0.25940001010894775,0.25940001010894775,0.25940001010894775,0.25940001010894775,0.25940001010894775,592.0
2024-03-01 15:58:00,BIAF,2.2139999866485596,2.2139999866485596,2.2139999866485596,2.1600000858306885,2.180000066757202,2518.0
2024-03-01 15:58:00,BIIB,220.88999938964844,220.88999938964844,220.9199981689453,220.82000732421875,220.88999938964844,12355.0
2024-03-01 15:58:00,BIOL,0.16189999878406525,0.16189999878406525,0.16189999878406525,0.1550000011920929,0.1565990000963211,1553735.0
2024-03-01 15:58:00,BIOR,1.149999976158142,1.149999976158142,1.149999976158142,1.1399999856948853,1.1399999856948853,4059.0
2024-03-01 15:58:00,BIVI,1.8200000524520874,1.8200000524520874,1.840000033378601,1.8200000524520874,1.840000033378601,70470.0
2024-03-01 15:58:00,BLFS,17.979999542236328,17.979999542236328,17.989999771118164,17.979999542236328,17.985000610351562,8039.0
2024-03-01 15:58:00,BLRX,1.309999942779541,1.309999942779541,1.3300000429153442,1.309999942779541,1.3300000429153442,1458.0
2024-03-01 15:58:00,BLTE,46.470001220703125,46.470001220703125,46.56999969482422,46.470001220703125,46.56999969482422,1989.0
2024-03-01 15:58:00,BLUE,1.5700000524520874,1.5700000524520874,1.5800000429153442,1.5700000524520874,1.5800000429153442,85730.0
2024-03-01 15:58:00,BMEA,17.774999618530273,17.774999618530273,17.799999237060547,17.774999618530273,17.78499984741211,13165.0
2024-03-01 15:58:00,BMRA,1.2300000190734863,1.2300000190734863,1.2300000190734863,1.2200000286102295,1.2200000286102295,385.0
2024-03-01 15:58:00,BMRN,87.1449966430664,87.1449966430664,87.23999786376953,87.12000274658203,87.23999786376953,63856.0
2024-03-01 15:58:00,BNGO,1.2450000047683716,1.2450000047683716,1.2599999904632568,1.2400000095367432,1.2599999904632568,64955.0
2024-03-01 15:58:00,BNOX,1.2000000476837158,1.2000000476837158,1.2000000476837158,1.190000057220459,1.1950000524520874,1309.0
2024-03-01 15:58:00,BNR,0.8299000263214111,0.8299000263214111,0.8299000263214111,0.8129000067710876,0.8129000067710876,400.0
2024-03-01 15:58:00,BNTX,90.83000183105469,90.83000183105469,90.87999725341797,90.80999755859375,90.81999969482422,6873.0
2024-03-01 15:58:00,BOLT,1.2000000476837158,1.2000000476837158,1.2099000215530396,1.190000057220459,1.2000000476837158,11294.0
2024-03-01 15:58:00,BPMC,95.0,95.0,95.0999984741211,94.9800033569336,94.9800033569336,15694.0
2024-03-01 15:58:00,BPTS,0.46000000834465027,0.46000000834465027,0.460999995470047,0.44999998807907104,0.460999995470047,14132.0
2024-03-01 15:58:00,BRKR,88.30999755859375,88.30999755859375,88.37999725341797,88.30500030517578,88.33000183105469,16347.0
2024-03-01 15:58:00,BRTX,1.4800000190734863,1.4800000190734863,1.4800000190734863,1.4800000190734863,1.4800000190734863,342.0
2024-03-01 15:58:00,BSGM,0.7199000120162964,0.7199000120162964,0.7199000120162964,0.7199000120162964,0.7199000120162964,1357.0
2024-03-01 15:58:00,BTAI,3.190000057220459,3.190000057220459,3.200000047683716,3.190000057220459,3.194999933242798,4943.0
2024-03-01 15:58:00,BTCY,0.9549999833106995,0.9549999833106995,0.9549999833106995,0.9549999833106995,0.9549999833106995,2325.0
2024-03-01 15:58:00,BTTX,0.18000000715255737,0.18000000715255737,0.18119999766349792,0.18000000715255737,0.18119999766349792,735.0
2024-03-01 15:58:00,BVS,4.889999866485596,4.889999866485596,4.889999866485596,4.869999885559082,4.869999885559082,1973.0
2024-03-01 15:58:00,BWAY,6.599999904632568,6.599999904632568,6.610000133514404,6.570000171661377,6.599999904632568,5165.0
2024-03-01 15:58:00,BYSI,1.4989999532699585,1.4989999532699585,1.5,1.4950000047683716,1.5,454.0
2024-03-01 15:58:00,CABA,23.989999771118164,23.989999771118164,23.989999771118164,23.969999313354492,23.975000381469727,9630.0
2024-03-01 15:58:00,CADL,1.7599999904632568,1.7599999904632568,1.7599999904632568,1.7200000286102295,1.7450000047683716,639.0
2024-03-01 15:58:00,CAPR,4.570000171661377,4.570000171661377,4.570000171661377,4.570000171661377,4.570000171661377,548.0
2024-03-01 15:58:00,CARA,0.9599999785423279,0.9599999785423279,0.9599999785423279,0.9549000263214111,0.9549000263214111,6606.0
2024-03-01 15:58:00,CBAY,32.220001220703125,32.220001220703125,32.22999954223633,32.220001220703125,32.220001220703125,43046.0
2024-03-01 15:58:00,CCCC,10.989999771118164,10.989999771118164,11.0,10.989999771118164,10.989999771118164,14048.0
2024-03-01 15:58:00,CCEL,4.989999771118164,4.989999771118164,4.989999771118164,4.989999771118164,4.989999771118164,1812.0
2024-03-01 15:58:00,CCRN,18.43000030517578,18.43000030517578,18.440000534057617,18.389999389648438,18.389999389648438,7965.0
2024-03-01 15:58:00,CDMO,8.244999885559082,8.244999885559082,8.25,8.239999771118164,8.25,10377.0
2024-03-01 15:58:00,CDNA,12.005000114440918,12.005000114440918,12.010000228881836,11.984999656677246,11.989999771118164,21018.0
2024-03-01 15:58:00,CDTX,0.7200000286102295,0.7200000286102295,0.7200000286102295,0.7200000286102295,0.7200000286102295,2249.0
2024-03-01 15:58:00,CDXC,1.6200000047683716,1.6200000047683716,1.6200000047683716,1.6200000047683716,1.6200000047683716,165.0
2024-03-01 15:58:00,CDXS,4.614999771118164,4.614999771118164,4.614999771118164,4.599999904632568,4.608500003814697,9321.0
2024-03-01 15:58:00,CELC,17.329999923706055,17.329999923706055,17.329999923706055,17.299999237060547,17.309999465942383,7297.0
2024-03-01 15:58:00,CELU,3.6500000953674316,3.6500000953674316,3.6500000953674316,3.6500000953674316,3.6500000953674316,146.0
2024-03-01 15:58:00,CERE,41.060001373291016,41.060001373291016,41.064998626708984,41.05500030517578,41.064998626708984,13707.0
2024-03-01 15:58:00,CERS,2.1700000762939453,2.1700000762939453,2.180000066757202,2.1700000762939453,2.174999952316284,6121.0
2024-03-01 15:58:00,CERT,18.290000915527344,18.290000915527344,18.31999969482422,18.280000686645508,18.31999969482422,26043.0
2024-03-01 15:58:00,CGC,3.200000047683716,3.200000047683716,3.2100000381469727,3.200000047683716,3.2049999237060547,15011.0
2024-03-01 15:58:00,CGEM,18.489999771118164,18.489999771118164,18.510000228881836,18.459999084472656,18.469999313354492,8009.0
2024-03-01 15:58:00,CGEN,2.640000104904175,2.640000104904175,2.6549999713897705,2.640000104904175,2.6549999713897705,13843.0
2024-03-01 15:58:00,CGTX,1.999899983406067,1.999899983406067,2.0,1.999899983406067,2.0,982.0
2024-03-01 15:58:00,CHEK,2.0999999046325684,2.0999999046325684,2.0999999046325684,2.0999999046325684,2.0999999046325684,510.0
2024-03-01 15:58:00,CHRS,2.4000000953674316,2.4000000953674316,2.4000000953674316,2.3949999809265137,2.4000000953674316,8627.0
2024-03-01 15:58:00,CKPT,2.2200000286102295,2.2200000286102295,2.234999895095825,2.190000057220459,2.234999895095825,58602.0
2024-03-01 15:58:00,CLDX,51.880001068115234,51.880001068115234,51.88999938964844,51.814998626708984,51.88999938964844,30544.0
2024-03-01 15:58:00,CLNN,0.3889000117778778,0.3889000117778778,0.3889000117778778,0.3873000144958496,0.3873000144958496,1631.0
2024-03-01 15:58:00,CLOV,0.8647500276565552,0.8647500276565552,0.8653500080108643,0.8647000193595886,0.8652999997138977,26915.0
2024-03-01 15:58:00,CLPT,6.679999828338623,6.679999828338623,6.679999828338623,6.675000190734863,6.679999828338623,3521.0
2024-03-01 15:58:00,CLRB,4.180099964141846,4.180099964141846,4.190000057220459,4.170000076293945,4.175000190734863,35305.0
2024-03-01 15:58:00,CLSD,1.3899999856948853,1.3899999856948853,1.3899999856948853,1.3849999904632568,1.3849999904632568,1448.0
2024-03-01 15:58:00,CLVRW,0.03999999910593033,0.03999999910593033,0.03999999910593033,0.03999999910593033,0.03999999910593033,514.0
2024-03-01 15:58:00,CMAX,7.889999866485596,7.889999866485596,7.889999866485596,7.820000171661377,7.820000171661377,544.0
2024-03-01 15:58:00,CMPS,11.470000267028809,11.470000267028809,11.470000267028809,11.420000076293945,11.425000190734863,14499.0
2024-03-01 15:58:00,CMPX,1.8799999952316284,1.8799999952316284,1.899999976158142,1.8799999952316284,1.8899999856948853,544.0
2024-03-01 15:58:00,CMRX,1.1699999570846558,1.1699999570846558,1.1710000038146973,1.1699999570846558,1.1710000038146973,4668.0
2024-03-01 15:58:00,CNSP,0.3086000084877014,0.3086000084877014,0.3086000084877014,0.3068000078201294,0.3086000084877014,1824.0
2024-03-01 15:58:00,CNTA,10.850000381469727,10.850000381469727,10.850000381469727,10.84000015258789,10.850000381469727,1473.0
2024-03-01 15:58:00,CNTB,1.1799999475479126,1.1799999475479126,1.1799999475479126,1.1799999475479126,1.1799999475479126,400.0
2024-03-01 15:58:00,CNTX,1.149999976158142,1.149999976158142,1.149999976158142,1.149999976158142,1.149999976158142,3844.0
2024-03-01 15:58:00,COCP,1.5099999904632568,1.5099999904632568,1.5099999904632568,1.5099999904632568,1.5099999904632568,276.0
2024-03-01 15:58:00,COGT,7.21999979019165,7.21999979019165,7.264999866485596,7.21999979019165,7.264999866485596,42114.0
2024-03-01 15:58:00,COLL,37.150001525878906,37.150001525878906,37.150001525878906,37.099998474121094,37.1150016784668,3543.0
2024-03-01 15:58:00,CORT,24.079999923706055,24.079999923706055,24.100000381469727,24.079999923706055,24.09000015258789,22151.0
2024-03-01 15:58:00,COSM,0.7850000262260437,0.7850000262260437,0.7850000262260437,0.7850000262260437,0.7850000262260437,1168.0
2024-03-01 15:58:00,CPRX,17.030000686645508,17.030000686645508,17.040000915527344,17.020000457763672,17.03499984741211,40856.0
2024-03-01 15:58:00,CPSI,9.260000228881836,9.260000228881836,9.260000228881836,9.25,9.260000228881836,3179.0
2024-03-01 15:58:00,CRBP,34.90999984741211,34.90999984741211,34.915000915527344,34.77289962768555,34.869998931884766,6371.0
2024-03-01 15:58:00,CRBU,7.789999961853027,7.789999961853027,7.789999961853027,7.78000020980835,7.789899826049805,9613.0
2024-03-01 15:58:00,CRDF,2.930000066757202,2.930000066757202,2.9700000286102295,2.9000000953674316,2.9298999309539795,150424.0
2024-03-01 15:58:00,CRDL,1.9500000476837158,1.9500000476837158,1.9500000476837158,1.9450000524520874,1.9500000476837158,3705.0
2024-03-01 15:58:00,CRMD,3.6549999713897705,3.6549999713897705,3.6600000858306885,3.6528000831604004,3.6549999713897705,1602.0
2024-03-01 15:58:00,CRNX,46.0,46.0,46.029998779296875,46.0,46.02000045776367,16270.0
2024-03-01 15:58:00,CRON,2.015000104904175,2.015000104904175,2.0199999809265137,2.0113000869750977,2.0199999809265137,6715.0
2024-03-01 15:58:00,CRSP,83.77999877929688,83.77999877929688,83.87000274658203,83.7699966430664,83.83999633789062,24597.0
2024-03-01 15:58:00,CRVS,2.200000047683716,2.200000047683716,2.2100000381469727,2.190000057220459,2.2100000381469727,1435.0
2024-03-01 15:58:00,CSTL,19.950000762939453,19.950000762939453,19.969999313354492,19.950000762939453,19.969999313354492,6622.0
2024-03-01 15:58:00,CTKB,9.119999885559082,9.119999885559082,9.119999885559082,9.104999542236328,9.109999656677246,25429.0
2024-03-01 15:58:00,CTMX,2.634999990463257,2.634999990463257,2.640000104904175,2.6050000190734863,2.6050000190734863,33800.0
2024-03-01 15:58:00,CTSO,0.9599999785423279,0.9599999785423279,0.9599999785423279,0.9599999785423279,0.9599999785423279,225.0
2024-03-01 15:58:00,CTXR,0.7825000286102295,0.7825000286102295,0.7825000286102295,0.7807000279426575,0.7817000150680542,885.0
2024-03-01 15:58:00,CUE,2.109999895095825,2.109999895095825,2.119999885559082,2.109999895095825,2.109999895095825,1185.0
2024-03-01 15:58:00,CUTR,2.4000000953674316,2.4000000953674316,2.4000000953674316,2.390000104904175,2.3949999809265137,6030.0
2024-03-01 15:58:00,CVAC,3.424999952316284,3.424999952316284,3.444999933242798,3.424999952316284,3.444999933242798,34352.0
2024-03-01 15:58:00,CVRX,20.729999542236328,20.729999542236328,20.739999771118164,20.729999542236328,20.739999771118164,471.0
2024-03-01 15:58:00,CYCC,2.9000000953674316,2.9000000953674316,2.9000000953674316,2.9000000953674316,2.9000000953674316,1082.0
2024-03-01 15:58:00,CYTK,73.96499633789062,73.96499633789062,73.9800033569336,73.93000030517578,73.94999694824219,16149.0
2024-03-01 15:58:00,CYTO,2.430000066757202,2.430000066757202,2.430000066757202,2.369999885559082,2.430000066757202,2343.0
2024-03-01 15:58:00,DARE,0.5400999784469604,0.5400999784469604,0.5400999784469604,0.5400999784469604,0.5400999784469604,155.0
2024-03-01 15:58:00,DAWN,17.440000534057617,17.440000534057617,17.459999084472656,17.440000534057617,17.454999923706055,3381.0
2024-03-01 15:58:00,DBVT,0.8299999833106995,0.8299999833106995,0.8299999833106995,0.8299499750137329,0.8299999833106995,503.0
2024-03-01 15:58:00,DCGO,4.130000114440918,4.130000114440918,4.130000114440918,4.110000133514404,4.119999885559082,31347.0
2024-03-01 15:58:00,DCPH,17.389999389648438,17.389999389648438,17.399999618530273,17.3700008392334,17.3799991607666,11916.0
2024-03-01 15:58:00,DERM,4.110000133514404,4.110000133514404,4.110000133514404,4.110000133514404,4.110000133514404,370.0
2024-03-01 15:58:00,DH,8.949999809265137,8.949999809265137,8.949999809265137,8.9399995803833,8.9399995803833,8385.0
2024-03-01 15:58:00,DMTK,0.8759999871253967,0.8759999871253967,0.8759999871253967,0.8737999796867371,0.8748000264167786,11737.0
2024-03-01 15:58:00,DNLI,20.875,20.875,20.889999389648438,20.860000610351562,20.860000610351562,21959.0
2024-03-01 15:58:00,DRIO,1.9986000061035156,1.9986000061035156,1.9986000061035156,1.9986000061035156,1.9986000061035156,446.0
2024-03-01 15:58:00,DRMA,0.45410001277923584,0.45410001277923584,0.45419999957084656,0.45410001277923584,0.45419999957084656,1887.0
2024-03-01 15:58:00,DRRX,0.9922999739646912,0.9922999739646912,0.9922999739646912,0.9810000061988831,0.9810000061988831,5918.0
2024-03-01 15:58:00,DRTS,3.0,3.0,3.0,3.0,3.0,570.0
2024-03-01 15:58:00,DSGN,2.8550000190734863,2.8550000190734863,2.8550000190734863,2.8499999046325684,2.8550000190734863,1110.0
2024-03-01 15:58:00,DTIL,12.6899995803833,12.6899995803833,12.720000267028809,12.539999961853027,12.539999961853027,15870.0
2024-03-01 15:58:00,DVAX,12.760000228881836,12.760000228881836,12.770000457763672,12.75,12.765000343322754,48254.0
2024-03-01 15:58:00,DXCM,121.63999938964844,121.63999938964844,121.6500015258789,121.62999725341797,121.62999725341797,62179.0
2024-03-01 15:58:00,DYAI,1.4299999475479126,1.4299999475479126,1.4299999475479126,1.4299999475479126,1.4299999475479126,363.0
2024-03-01 15:58:00,DYN,29.09000015258789,29.09000015258789,29.110000610351562,29.079999923706055,29.09000015258789,26957.0
2024-03-01 15:58:00,DYNT,0.4880000054836273,0.4880000054836273,0.4880000054836273,0.4880000054836273,0.4880000054836273,223.0
2024-03-01 15:58:00,EDIT,10.5,10.5,10.510000228881836,10.494999885559082,10.510000228881836,44791.0
2024-03-01 15:58:00,EDSA,4.809999942779541,4.809999942779541,4.820000171661377,4.809999942779541,4.820000171661377,693.0
2024-03-01 15:58:00,EFTR,16.309999465942383,16.309999465942383,16.309999465942383,16.280000686645508,16.280000686645508,374.0
2024-03-01 15:58:00,EGRX,6.460000038146973,6.460000038146973,6.465000152587891,6.460000038146973,6.465000152587891,1589.0
2024-03-01 15:58:00,EKSO,2.0,2.0,2.0,2.0,2.0,2731.0
2024-03-01 15:58:00,ELDN,1.6299999952316284,1.6299999952316284,1.7000999450683594,1.6299999952316284,1.7000000476837158,4182.0
2024-03-01 15:58:00,ELEV,5.039999961853027,5.039999961853027,5.079999923706055,5.039999961853027,5.079999923706055,17577.0
2024-03-01 15:58:00,EMBC,14.180000305175781,14.180000305175781,14.204999923706055,14.180000305175781,14.199999809265137,4048.0
2024-03-01 15:58:00,ENLV,3.1600000858306885,3.1600000858306885,3.200000047683716,3.1600000858306885,3.180000066757202,643.0
2024-03-01 15:58:00,ENSG,121.81999969482422,121.81999969482422,121.81999969482422,121.68000030517578,121.71499633789062,3176.0
2024-03-01 15:58:00,ENTA,15.359999656677246,15.359999656677246,15.359999656677246,15.34000015258789,15.350000381469727,3417.0
2024-03-01 15:58:00,ENTX,1.4277000427246094,1.4277000427246094,1.4299999475479126,1.4149999618530273,1.4299999475479126,1700.0
2024-03-01 15:58:00,ENVB,1.6699999570846558,1.6699999570846558,1.6699999570846558,1.6104999780654907,1.6649999618530273,76029.0
2024-03-01 15:58:00,EOLS,14.899999618530273,14.899999618530273,14.909500122070312,14.890000343322754,14.895000457763672,6152.0
2024-03-01 15:58:00,EPIX,9.354999542236328,9.354999542236328,9.414999961853027,9.319999694824219,9.414999961853027,861.0
2024-03-01 15:58:00,EQ,2.490000009536743,2.490000009536743,2.5,2.490000009536743,2.5,3043.0
2024-03-01 15:58:00,ERAS,2.5450000762939453,2.5450000762939453,2.5450000762939453,2.5399999618530273,2.5450000762939453,5308.0
2024-03-01 15:58:00,ESPR,2.555000066757202,2.555000066757202,2.555000066757202,2.549999952316284,2.555000066757202,22273.0
2024-03-01 15:58:00,ESTA,44.084999084472656,44.084999084472656,44.15999984741211,44.084999084472656,44.15999984741211,6388.0
2024-03-01 15:58:00,ETNB,12.625,12.625,12.65999984741211,12.619999885559082,12.649999618530273,36082.0
2024-03-01 15:58:00,EVAX,3.4200000762939453,3.4200000762939453,3.4200000762939453,3.414299964904785,3.414299964904785,706.0
2024-03-01 15:58:00,EVGN,0.9800000190734863,0.9800000190734863,0.9890999794006348,0.9800000190734863,0.9890999794006348,12000.0
2024-03-01 15:58:00,EWTX,16.649999618530273,16.649999618530273,16.65999984741211,16.600000381469727,16.600000381469727,19864.0
2024-03-01 15:58:00,EXAI,6.514999866485596,6.514999866485596,6.519999980926514,6.514999866485596,6.514999866485596,1031.0
2024-03-01 15:58:00,EXAS,59.529998779296875,59.529998779296875,59.56999969482422,59.47999954223633,59.54999923706055,29598.0
2024-03-01 15:58:00,EXEL,22.229999542236328,22.229999542236328,22.239999771118164,22.229999542236328,22.229999542236328,17962.0
2024-03-01 15:58:00,EYEN,2.369999885559082,2.369999885559082,2.369999885559082,2.359999895095825,2.365000009536743,10419.0
2024-03-01 15:58:00,EYPT,28.0,28.0,28.030000686645508,27.989999771118164,28.0,14178.0
2024-03-01 15:58:00,FATE,7.730000019073486,7.730000019073486,7.739999771118164,7.730000019073486,7.739999771118164,13898.0
2024-03-01 15:58:00,FBIO,2.430000066757202,2.430000066757202,2.430000066757202,2.424999952316284,2.430000066757202,2813.0
2024-03-01 15:58:00,FDMT,29.420000076293945,29.420000076293945,29.434999465942383,29.40999984741211,29.420000076293945,21307.0
2024-03-01 15:58:00,FEMY,1.878999948501587,1.878999948501587,1.8799999952316284,1.8600000143051147,1.8701000213623047,12932.0
2024-03-01 15:58:00,FENC,9.8100004196167,9.8100004196167,9.829999923706055,9.8100004196167,9.829999923706055,768.0
2024-03-01 15:58:00,FGEN,1.8208999633789062,1.8208999633789062,1.8300000429153442,1.8200000524520874,1.8250000476837158,10661.0
2024-03-01 15:58:00,FHTX,7.934999942779541,7.934999942779541,7.960000038146973,7.835000038146973,7.835000038146973,8705.0
2024-03-01 15:58:00,FLGT,23.229999542236328,23.229999542236328,23.239999771118164,23.229999542236328,23.239999771118164,1332.0
2024-03-01 15:58:00,FOLD,13.289999961853027,13.289999961853027,13.300000190734863,13.289999961853027,13.295000076293945,17564.0
2024-03-01 15:58:00,FULC,10.989999771118164,10.989999771118164,11.0,10.984999656677246,10.992500305175781,14349.0
2024-03-01 15:58:00,FUSN,12.005000114440918,12.005000114440918,12.010000228881836,12.0,12.0,15895.0
2024-03-01 15:58:00,FWBI,9.186800003051758,9.186800003051758,9.199999809265137,9.149999618530273,9.199999809265137,7401.0
2024-03-01 15:58:00,GALT,1.9299999475479126,1.9299999475479126,1.9385000467300415,1.9299999475479126,1.934999942779541,1005.0
2024-03-01 15:58:00,GANX,4.675000190734863,4.675000190734863,4.675000190734863,4.630000114440918,4.630000114440918,446.0
2024-03-01 15:58:00,GBIO,2.630000114440918,2.630000114440918,2.640000104904175,2.630000114440918,2.630000114440918,2855.0
2024-03-01 15:58:00,GDRX,8.319999694824219,8.319999694824219,8.34000015258789,8.319999694824219,8.335000038146973,29515.0
2024-03-01 15:58:00,GERN,2.259999990463257,2.259999990463257,2.259999990463257,2.25,2.259999990463257,91415.0
2024-03-01 15:58:00,GH,18.975000381469727,18.975000381469727,18.979999542236328,18.8799991607666,18.885000228881836,37517.0
2024-03-01 15:58:00,GHRS,8.350000381469727,8.350000381469727,8.395000457763672,8.329999923706055,8.329999923706055,422.0
2024-03-01 15:58:00,GHSI,8.15999984741211,8.15999984741211,8.15999984741211,8.154999732971191,8.154999732971191,1070.0
2024-03-01 15:58:00,GILD,72.27999877929688,72.27999877929688,72.30000305175781,72.2699966430664,72.2750015258789,56263.0
2024-03-01 15:58:00,GLMD,0.4052000045776367,0.4052000045776367,0.4052000045776367,0.4052000045776367,0.4052000045776367,706.0
2024-03-01 15:58:00,GLPG,35.099998474121094,35.099998474121094,35.099998474121094,35.06999969482422,35.06999969482422,1703.0
2024-03-01 15:58:00,GLSI,12.960000038146973,12.960000038146973,12.989999771118164,12.960000038146973,12.989999771118164,488.0
2024-03-01 15:58:00,GLTO,0.8101000189781189,0.8101000189781189,0.8199999928474426,0.800000011920929,0.8130000233650208,6638.0
2024-03-01 15:58:00,GLUE,6.320000171661377,6.320000171661377,6.320000171661377,6.295000076293945,6.295000076293945,607.0
2024-03-01 15:58:00,GLYC,3.009999990463257,3.009999990463257,3.009999990463257,3.009999990463257,3.009999990463257,1089.0
2024-03-01 15:58:00,GMAB,29.2549991607666,29.2549991607666,29.270000457763672,29.25,29.2549991607666,10332.0
2024-03-01 15:58:00,GMDA,0.3806999921798706,0.3806999921798706,0.3840000033378601,0.3806999921798706,0.3837999999523163,7066.0
2024-03-01 15:58:00,GOSS,1.3799999952316284,1.3799999952316284,1.399999976158142,1.3799999952316284,1.3949999809265137,20148.0
2024-03-01 15:58:00,GRFS,7.054999828338623,7.054999828338623,7.070000171661377,7.050099849700928,7.065000057220459,32290.0
2024-03-01 15:58:00,GRPH,3.4000000953674316,3.4000000953674316,3.4000000953674316,3.390000104904175,3.4000000953674316,1524.0
2024-03-01 15:58:00,GRTS,2.0199999809265137,2.0199999809265137,2.029900074005127,2.0199999809265137,2.0239999294281006,25377.0
2024-03-01 15:58:00,GTH,3.9200000762939453,3.9200000762939453,3.9200000762939453,3.9200000762939453,3.9200000762939453,425.0
2024-03-01 15:58:00,GTHX,3.7300000190734863,3.7300000190734863,3.7300000190734863,3.7200000286102295,3.7200000286102295,5504.0
2024-03-01 15:58:00,HALO,41.06999969482422,41.06999969482422,41.09000015258789,41.060001373291016,41.09000015258789,16636.0
2024-03-01 15:58:00,HARP,22.9424991607666,22.9424991607666,22.950000762939453,22.940000534057617,22.94499969482422,17400.0
2024-03-01 15:58:00,HBIO,4.375,4.375,4.375,4.375,4.375,142.0
2024-03-01 15:58:00,HCAT,8.045000076293945,8.045000076293945,8.050000190734863,8.039999961853027,8.039999961853027,13795.0
2024-03-01 15:58:00,HCM,15.09000015258789,15.09000015258789,15.100000381469727,15.085000038146973,15.09000015258789,1000.0
2024-03-01 15:58:00,HCSG,12.854999542236328,12.854999542236328,12.859999656677246,12.845000267028809,12.845000267028809,11239.0
2024-03-01 15:58:00,HCTI,1.9800000190734863,1.9800000190734863,2.009999990463257,1.9800000190734863,2.009999990463257,2087.0
2024-03-01 15:58:00,HCWB,1.5999000072479248,1.5999000072479248,1.600000023841858,1.590000033378601,1.5968999862670898,9502.0
2024-03-01 15:58:00,HEPA,3.180000066757202,3.180000066757202,3.180000066757202,3.180000066757202,3.180000066757202,200.0
2024-03-01 15:58:00,HITI,1.7649999856948853,1.7649999856948853,1.7696000337600708,1.7599999904632568,1.7649999856948853,6863.0
2024-03-01 15:58:00,HLTH,0.2687999904155731,0.2687999904155731,0.2687999904155731,0.2687999904155731,0.2687999904155731,292.0
2024-03-01 15:58:00,HLVX,19.059999465942383,19.059999465942383,19.100000381469727,19.059999465942383,19.079999923706055,3277.0
2024-03-01 15:58:00,HOLX,73.67500305175781,73.67500305175781,73.69999694824219,73.65499877929688,73.69499969482422,25971.0
2024-03-01 15:58:00,HOOK,0.7699999809265137,0.7699999809265137,0.7699999809265137,0.7670000195503235,0.7675999999046326,2130.0
2024-03-01 15:58:00,HOWL,7.010000228881836,7.010000228881836,7.010000228881836,6.994999885559082,6.994999885559082,1829.0
2024-03-01 15:58:00,HQY,81.08000183105469,81.08000183105469,81.11000061035156,81.02999877929688,81.05000305175781,14531.0
2024-03-01 15:58:00,HRMY,32.119998931884766,32.119998931884766,32.130001068115234,32.10499954223633,32.11000061035156,6639.0
2024-03-01 15:58:00,HROW,10.9399995803833,10.9399995803833,10.9399995803833,10.930000305175781,10.930000305175781,702.0
2024-03-01 15:58:00,HRTX,2.5850000381469727,2.5850000381469727,2.5899999141693115,2.5799999237060547,2.5899999141693115,16730.0
2024-03-01 15:58:00,HSCS,0.12200000137090683,0.12200000137090683,0.12200000137090683,0.12080000340938568,0.12120000272989273,5078.0
2024-03-01 15:58:00,HSDT,4.590000152587891,4.590000152587891,4.590000152587891,4.589900016784668,4.589900016784668,502.0
2024-03-01 15:58:00,HSIC,76.87999725341797,76.87999725341797,76.87999725341797,76.86000061035156,76.86000061035156,16366.0
2024-03-01 15:58:00,HSTM,27.18000030517578,27.18000030517578,27.200000762939453,27.18000030517578,27.200000762939453,4898.0
2024-03-01 15:58:00,HUMA,3.234999895095825,3.234999895095825,3.240000009536743,3.2300000190734863,3.234999895095825,21878.0
2024-03-01 15:58:00,HYPR,1.1349999904632568,1.1349999904632568,1.1349999904632568,1.1349999904632568,1.1349999904632568,210.0
2024-03-01 15:58:00,IART,35.9900016784668,35.9900016784668,36.005001068115234,35.9900016784668,36.0,17424.0
2024-03-01 15:58:00,IBRX,4.690000057220459,4.690000057220459,4.705599784851074,4.690000057220459,4.699999809265137,65205.0
2024-03-01 15:58:00,ICAD,1.8880000114440918,1.8880000114440918,1.8899999856948853,1.8880000114440918,1.8899999856948853,204.0
2024-03-01 15:58:00,ICCM,1.2705999612808228,1.2705999612808228,1.2705999612808228,1.2705999612808228,1.2705999612808228,1131.0
2024-03-01 15:58:00,ICLR,325.57501220703125,325.57501220703125,325.57501220703125,325.385009765625,325.5150146484375,3601.0
2024-03-01 15:58:00,ICUI,105.50499725341797,105.50499725341797,105.62999725341797,105.45500183105469,105.57499694824219,6586.0
2024-03-01 15:58:00,IDXX,576.4099731445312,576.4099731445312,576.8599853515625,576.260009765625,576.6199951171875,5565.0
2024-03-01 15:58:00,IDYA,46.189998626708984,46.189998626708984,46.209999084472656,46.189998626708984,46.209999084472656,6044.0
2024-03-01 15:58:00,IFRX,1.7599999904632568,1.7599999904632568,1.7599999904632568,1.75,1.75,1061.0
2024-03-01 15:58:00,IGMS,12.619999885559082,12.619999885559082,12.71500015258789,12.614999771118164,12.704999923706055,7907.0
2024-03-01 15:58:00,IKNA,1.4700000286102295,1.4700000286102295,1.4800000190734863,1.4700000286102295,1.4800000190734863,2614.0
2024-03-01 15:58:00,IKT,2.125,2.125,2.125,2.119999885559082,2.119999885559082,528.0
2024-03-01 15:58:00,ILMN,140.43499755859375,140.43499755859375,140.4600067138672,140.36000061035156,140.42999267578125,22796.0
2024-03-01 15:58:00,IMAB,1.7999999523162842,1.7999999523162842,1.7999999523162842,1.7949999570846558,1.7949999570846558,901.0
2024-03-01 15:58:00,IMCR,67.36499786376953,67.36499786376953,67.36499786376953,67.30999755859375,67.36499786376953,509.0
2024-03-01 15:58:00,IMMP,2.309999942779541,2.309999942779541,2.309999942779541,2.309999942779541,2.309999942779541,562.0
2024-03-01 15:58:00,IMMX,3.5,3.5,3.5299999713897705,3.5,3.5299999713897705,2125.0
2024-03-01 15:58:00,IMNM,25.479999542236328,25.479999542236328,25.479999542236328,25.459999084472656,25.459999084472656,5912.0
2024-03-01 15:58:00,IMNN,0.9871000051498413,0.9871000051498413,0.9871000051498413,0.9871000051498413,0.9871000051498413,400.0
2024-03-01 15:58:00,IMTX,12.930000305175781,12.930000305175781,12.930000305175781,12.90999984741211,12.914999961853027,6589.0
2024-03-01 15:58:00,IMUX,1.441499948501587,1.441499948501587,1.4500000476837158,1.440000057220459,1.440000057220459,2210.0
2024-03-01 15:58:00,IMVT,35.270999908447266,35.270999908447266,35.29999923706055,35.27000045776367,35.29999923706055,25147.0
2024-03-01 15:58:00,INAB,1.0850000381469727,1.0850000381469727,1.0850000381469727,1.0850000381469727,1.0850000381469727,168.0
2024-03-01 15:58:00,INBX,36.5,36.5,36.5099983215332,36.5,36.505001068115234,7813.0
2024-03-01 15:58:00,INCY,59.09000015258789,59.09000015258789,59.11000061035156,59.029998779296875,59.04999923706055,38103.0
2024-03-01 15:58:00,INGN,7.010000228881836,7.010000228881836,7.019999980926514,7.002999782562256,7.019999980926514,8986.0
2024-03-01 15:58:00,INM,0.40709999203681946,0.40709999203681946,0.40709999203681946,0.40700000524520874,0.40700000524520874,802.0
2024-03-01 15:58:00,INMB,12.539999961853027,12.539999961853027,12.539999961853027,12.539999961853027,12.539999961853027,652.0
2024-03-01 15:58:00,INMD,22.950000762939453,22.950000762939453,22.950000762939453,22.940000534057617,22.94499969482422,20654.0
2024-03-01 15:58:00,INO,9.529999732971191,9.529999732971191,9.529999732971191,9.510000228881836,9.529999732971191,1914.0
2024-03-01 15:58:00,INSM,28.0049991607666,28.0049991607666,28.027000427246094,28.0,28.010000228881836,28879.0
2024-03-01 15:58:00,INVA,15.260000228881836,15.260000228881836,15.267499923706055,15.25,15.255000114440918,44218.0
2024-03-01 15:58:00,INVO,1.2100000381469727,1.2100000381469727,1.2100000381469727,1.2100000381469727,1.2100000381469727,265.0
2024-03-01 15:58:00,INZY,6.550000190734863,6.550000190734863,6.554999828338623,6.550000190734863,6.550000190734863,1502.0
2024-03-01 15:58:00,IOBT,1.7100000381469727,1.7100000381469727,1.7100000381469727,1.7100000381469727,1.7100000381469727,600.0
2024-03-01 15:58:00,IONM,0.3596999943256378,0.3596999943256378,0.3596999943256378,0.3596999943256378,0.3596999943256378,103.0
2024-03-01 15:58:00,IONS,45.470001220703125,45.470001220703125,45.52000045776367,45.46500015258789,45.5099983215332,47640.0
2024-03-01 15:58:00,IOVA,16.77989959716797,16.77989959716797,16.780000686645508,16.770000457763672,16.774999618530273,97195.0
2024-03-01 15:58:00,IPA,1.8700000047683716,1.8700000047683716,1.8700000047683716,1.8700000047683716,1.8700000047683716,454.0
2024-03-01 15:58:00,IPSC,3.990000009536743,3.990000009536743,3.990000009536743,3.990000009536743,3.990000009536743,175.0
2024-03-01 15:58:00,IRMD,42.165000915527344,42.165000915527344,42.209999084472656,42.119998931884766,42.209999084472656,3564.0
2024-03-01 15:58:00,IRTC,120.62000274658203,120.62000274658203,120.62000274658203,120.4800033569336,120.54299926757812,4453.0
2024-03-01 15:58:00,IRWD,9.079999923706055,9.079999923706055,9.09000015258789,9.079999923706055,9.085000038146973,127971.0
2024-03-01 15:58:00,ISRG,397.8299865722656,397.8299865722656,398.1600036621094,397.79998779296875,398.1000061035156,36090.0
2024-03-01 15:58:00,ITCI,71.58000183105469,71.58000183105469,71.6449966430664,71.55999755859375,71.55999755859375,6923.0
2024-03-01 15:58:00,ITOS,11.279999732971191,11.279999732971191,11.279999732971191,11.279999732971191,11.279999732971191,642.0
2024-03-01 15:58:00,ITRM,1.2899999618530273,1.2899999618530273,1.2899999618530273,1.2899999618530273,1.2899999618530273,237.0
2024-03-01 15:58:00,IVA,4.042399883270264,4.042399883270264,4.050000190734863,4.042399883270264,4.050000190734863,1165.0
2024-03-01 15:58:00,IVVD,4.050000190734863,4.050000190734863,4.050000190734863,4.025000095367432,4.025000095367432,11756.0
2024-03-01 15:58:00,IXHL,5.494999885559082,5.494999885559082,5.510000228881836,5.480899810791016,5.494999885559082,2626.0
2024-03-01 15:58:00,JAGX,0.08709999918937683,0.08709999918937683,0.08720000088214874,0.08290000259876251,0.08290000259876251,518435.0
2024-03-01 15:58:00,JANX,47.59000015258789,47.59000015258789,47.650001525878906,47.5,47.650001525878906,28971.0
2024-03-01 15:58:00,JAZZ,118.69000244140625,118.69000244140625,118.7249984741211,118.68000030517578,118.70999908447266,10694.0
2024-03-01 15:58:00,JSPR,21.860000610351562,21.860000610351562,21.90999984741211,21.739999771118164,21.790000915527344,4619.0
2024-03-01 15:58:00,JYNT,9.869999885559082,9.869999885559082,9.880000114440918,9.869999885559082,9.869999885559082,1272.0
2024-03-01 15:58:00,KALA,7.329999923706055,7.329999923706055,7.329999923706055,7.329999923706055,7.329999923706055,434.0
2024-03-01 15:58:00,KALV,14.140000343322754,14.140000343322754,14.140000343322754,14.109999656677246,14.109999656677246,3605.0
2024-03-01 15:58:00,KIDS,28.059999465942383,28.059999465942383,28.059999465942383,28.049999237060547,28.059999465942383,932.0
2024-03-01 15:58:00,KMDA,6.369999885559082,6.369999885559082,6.369999885559082,6.369999885559082,6.369999885559082,129.0
2024-03-01 15:58:00,KNSA,21.68000030517578,21.68000030517578,21.699499130249023,21.68000030517578,21.690000534057617,7397.0
2024-03-01 15:58:00,KNTE,2.5850000381469727,2.5850000381469727,2.5899999141693115,2.5799999237060547,2.5899999141693115,4384.0
2024-03-01 15:58:00,KOD,6.019999980926514,6.019999980926514,6.019999980926514,6.014999866485596,6.019999980926514,1760.0
2024-03-01 15:58:00,KPRX,0.6596999764442444,0.6596999764442444,0.6596999764442444,0.6553000211715698,0.6553000211715698,1000.0
2024-03-01 15:58:00,KPTI,1.180999994277954,1.180999994277954,1.184999942779541,1.1799999475479126,1.184999942779541,6197.0
2024-03-01 15:58:00,KRMD,2.119999885559082,2.119999885559082,2.130000114440918,2.119999885559082,2.130000114440918,646.0
2024-03-01 15:58:00,KRON,1.0399999618530273,1.0399999618530273,1.059999942779541,1.0399999618530273,1.0499999523162842,3449.0
2024-03-01 15:58:00,KROS,68.78500366210938,68.78500366210938,68.80999755859375,68.76000213623047,68.79000091552734,4456.0
2024-03-01 15:58:00,KRTX,316.07000732421875,316.07000732421875,316.07000732421875,315.8699951171875,315.8999938964844,5933.0
2024-03-01 15:58:00,KRYS,167.66000366210938,167.66000366210938,167.86500549316406,167.5749969482422,167.75,7720.0
2024-03-01 15:58:00,KTRA,0.10029999911785126,0.10029999911785126,0.1005999967455864,0.10029999911785126,0.1005999967455864,3356.0
2024-03-01 15:58:00,KURA,21.610000610351562,21.610000610351562,21.6200008392334,21.579999923706055,21.59000015258789,10357.0
2024-03-01 15:58:00,KYMR,43.4900016784668,43.4900016784668,43.52000045776367,43.4900016784668,43.505001068115234,6668.0
2024-03-01 15:58:00,KZIA,0.25690001249313354,0.25690001249313354,0.25690001249313354,0.25380000472068787,0.25380000472068787,1604.0
2024-03-01 15:58:00,KZR,1.0299999713897705,1.0299999713897705,1.0399999618530273,1.0199999809265137,1.0199999809265137,19155.0
2024-03-01 15:58:00,LAB,2.484999895095825,2.484999895095825,2.490000009536743,2.4800000190734863,2.484999895095825,19063.0
2024-03-01 15:58:00,LBPH,21.520000457763672,21.520000457763672,21.520000457763672,21.510000228881836,21.510000228881836,6227.0
2024-03-01 15:58:00,LEGN,65.48999786376953,65.48999786376953,65.5,65.44000244140625,65.47000122070312,5568.0
2024-03-01 15:58:00,LEXX,2.909899950027466,2.909899950027466,2.930000066757202,2.909899950027466,2.930000066757202,3714.0
2024-03-01 15:58:00,LFLY,2.944999933242798,2.944999933242798,2.944999933242798,2.944999933242798,2.944999933242798,100.0
2024-03-01 15:58:00,LFMD,8.0,8.0,8.0,7.989999771118164,8.0,3434.0
2024-03-01 15:58:00,LFST,7.769999980926514,7.769999980926514,7.769999980926514,7.760000228881836,7.760000228881836,30453.0
2024-03-01 15:58:00,LGND,78.41999816894531,78.41999816894531,78.55000305175781,78.26499938964844,78.26499938964844,4161.0
2024-03-01 15:58:00,LGVN,0.5343000292778015,0.5343000292778015,0.5343000292778015,0.5343000292778015,0.5343000292778015,215.0
2024-03-01 15:58:00,LIAN,4.880000114440918,4.880000114440918,4.880000114440918,4.869999885559082,4.875,3106.0
2024-03-01 15:58:00,LIVN,55.2400016784668,55.2400016784668,55.29499816894531,55.2400016784668,55.290000915527344,6049.0
2024-03-01 15:58:00,LMAT,67.51000213623047,67.51000213623047,67.55000305175781,67.51000213623047,67.5199966430664,3142.0
2024-03-01 15:58:00,LNTH,64.52999877929688,64.52999877929688,64.52999877929688,64.5199966430664,64.52999877929688,18056.0
2024-03-01 15:58:00,LPCN,3.9749999046325684,3.9749999046325684,3.9800000190734863,3.9749999046325684,3.9749999046325684,501.0
2024-03-01 15:58:00,LPTX,2.825000047683716,2.825000047683716,2.859999895095825,2.825000047683716,2.8499999046325684,3726.0
2024-03-01 15:58:00,LQDA,14.5,14.5,14.510000228881836,14.479999542236328,14.489999771118164,11358.0
2024-03-01 15:58:00,LRMR,11.324999809265137,11.324999809265137,11.324999809265137,11.319999694824219,11.319999694824219,1042.0
2024-03-01 15:58:00,LTRN,4.150000095367432,4.150000095367432,4.150000095367432,4.119999885559082,4.130000114440918,1463.0
2024-03-01 15:58:00,LUCD,1.2400000095367432,1.2400000095367432,1.2400000095367432,1.2300000190734863,1.2400000095367432,1433.0
2024-03-01 15:58:00,LUNG,9.300999641418457,9.300999641418457,9.319999694824219,9.289999961853027,9.3125,10678.0
2024-03-01 15:58:00,LVTX,2.3499999046325684,2.3499999046325684,2.389899969100952,2.309999942779541,2.3499999046325684,33078.0
2024-03-01 15:58:00,LXRX,2.4700000286102295,2.4700000286102295,2.4798998832702637,2.4700000286102295,2.4709999561309814,23915.0
2024-03-01 15:58:00,LYEL,3.069999933242798,3.069999933242798,3.075000047683716,3.059999942779541,3.069999933242798,31040.0
2024-03-01 15:58:00,LYRA,5.659999847412109,5.659999847412109,5.659999847412109,5.650000095367432,5.650000095367432,2209.0
2024-03-01 15:58:00,MASI,126.50499725341797,126.50499725341797,126.5199966430664,126.47000122070312,126.48999786376953,7900.0
2024-03-01 15:58:00,MBOT,1.2999999523162842,1.2999999523162842,1.2999999523162842,1.2999999523162842,1.2999999523162842,393.0
2024-03-01 15:58:00,MBRX,0.616100013256073,0.616100013256073,0.6222000122070312,0.6129999756813049,0.6222000122070312,612.0
2024-03-01 15:58:00,MCRB,1.2300000190734863,1.2300000190734863,1.2300000190734863,1.2200000286102295,1.225000023841858,13884.0
2024-03-01 15:58:00,MDGL,251.07000732421875,251.07000732421875,251.6999969482422,251.0500030517578,251.60000610351562,4780.0
2024-03-01 15:58:00,MDRX,6.099999904632568,6.099999904632568,6.110000133514404,6.019999980926514,6.019999980926514,1217007.0
2024-03-01 15:58:00,MDWD,14.100000381469727,14.100000381469727,14.100000381469727,14.100000381469727,14.100000381469727,225.0
2024-03-01 15:58:00,MDXG,8.630000114440918,8.630000114440918,8.640000343322754,8.625,8.630000114440918,17701.0
2024-03-01 15:58:00,MDXH,3.650099992752075,3.650099992752075,3.650099992752075,3.650099992752075,3.650099992752075,5033.0
2024-03-01 15:58:00,ME,0.5447999835014343,0.5447999835014343,0.5450000166893005,0.5443999767303467,0.544700026512146,18345.0
2024-03-01 15:58:00,MEDP,403.1199951171875,403.1199951171875,403.4200134277344,402.8999938964844,403.4200134277344,9295.0
2024-03-01 15:58:00,MEIP,4.210000038146973,4.210000038146973,4.210000038146973,4.210000038146973,4.210000038146973,172.0
2024-03-01 15:58:00,MESO,2.049999952316284,2.049999952316284,2.049999952316284,2.049999952316284,2.049999952316284,540.0
2024-03-01 15:58:00,MGNX,19.0,19.0,19.0,18.969999313354492,18.969999313354492,14564.0
2024-03-01 15:58:00,MGTX,6.409999847412109,6.409999847412109,6.420000076293945,6.400000095367432,6.400000095367432,1761.0
2024-03-01 15:58:00,MIRM,29.209999084472656,29.209999084472656,29.209999084472656,29.170000076293945,29.190000534057617,6401.0
2024-03-01 15:58:00,MIST,1.659999966621399,1.659999966621399,1.6699999570846558,1.659999966621399,1.6699999570846558,8273.0
2024-03-01 15:58:00,MLTX,50.959999084472656,50.959999084472656,50.959999084472656,50.8849983215332,50.88999938964844,5948.0
2024-03-01 15:58:00,MMSI,76.25,76.25,76.2699966430664,76.25,76.2699966430664,5125.0
2024-03-01 15:58:00,MNKD,4.510000228881836,4.510000228881836,4.510000228881836,4.5,4.510000228881836,39319.0
2024-03-01 15:58:00,MNMD,6.224999904632568,6.224999904632568,6.249899864196777,6.21999979019165,6.246099948883057,13317.0
2024-03-01 15:58:00,MNOV,1.3600000143051147,1.3600000143051147,1.3600000143051147,1.3600000143051147,1.3600000143051147,1176.0
2024-03-01 15:58:00,MNPR,0.8953999876976013,0.8953999876976013,0.911300003528595,0.8953999876976013,0.8955100178718567,1101.0
2024-03-01 15:58:00,MODD,1.9500000476837158,1.9500000476837158,1.9500000476837158,1.940000057220459,1.940000057220459,1846.0
2024-03-01 15:58:00,MODV,28.329999923706055,28.329999923706055,28.329999923706055,28.290000915527344,28.290000915527344,3962.0
2024-03-01 15:58:00,MOR,17.700000762939453,17.700000762939453,17.709999084472656,17.690000534057617,17.690000534057617,4827.0
2024-03-01 15:58:00,MORF,39.48500061035156,39.48500061035156,39.529998779296875,39.47999954223633,39.52000045776367,7562.0
2024-03-01 15:58:00,MOTS,0.6751000285148621,0.6751000285148621,0.6751000285148621,0.6751000285148621,0.6751000285148621,333.0
2024-03-01 15:58:00,MREO,3.9600000381469727,3.9600000381469727,3.9800000190734863,3.9600000381469727,3.9800000190734863,18409.0
2024-03-01 15:58:00,MRNA,95.08999633789062,95.08999633789062,95.16000366210938,95.05999755859375,95.1500015258789,45037.0
2024-03-01 15:58:00,MRNS,9.895000457763672,9.895000457763672,9.899999618530273,9.880000114440918,9.880000114440918,5164.0
2024-03-01 15:58:00,MRSN,5.929999828338623,5.929999828338623,5.929999828338623,5.920000076293945,5.925000190734863,23631.0
2024-03-01 15:58:00,MRUS,51.775001525878906,51.775001525878906,51.79999923706055,51.691001892089844,51.70000076293945,12446.0
2024-03-01 15:58:00,MRVI,7.579999923706055,7.579999923706055,7.605000019073486,7.579999923706055,7.605000019073486,44846.0
2024-03-01 15:58:00,MXCT,4.715000152587891,4.715000152587891,4.71999979019165,4.715000152587891,4.715000152587891,1454.0
2024-03-01 15:58:00,MYGN,22.170000076293945,22.170000076293945,22.18000030517578,22.1299991607666,22.1299991607666,10722.0
2024-03-01 15:58:00,NAOV,0.9883999824523926,0.9883999824523926,0.9883999824523926,0.9883999824523926,0.9883999824523926,172.0
2024-03-01 15:58:00,NARI,45.39500045776367,45.39500045776367,45.400001525878906,45.310001373291016,45.31999969482422,38359.0
2024-03-01 15:58:00,NBIX,131.30999755859375,131.30999755859375,131.3699951171875,131.30999755859375,131.30999755859375,14577.0
2024-03-01 15:58:00,NEO,15.975000381469727,15.975000381469727,15.979999542236328,15.949999809265137,15.949999809265137,14807.0
2024-03-01 15:58:00,NEOG,17.200000762939453,17.200000762939453,17.209999084472656,17.200000762939453,17.204999923706055,4024.0
2024-03-01 15:58:00,NEPT,0.41909998655319214,0.41909998655319214,0.41940000653266907,0.41909998655319214,0.41940000653266907,2065.0
2024-03-01 15:58:00,NERV,2.649899959564209,2.649899959564209,2.649899959564209,2.5999999046325684,2.5999999046325684,1202.0
2024-03-01 15:58:00,NEXI,6.253399848937988,6.253399848937988,6.269999980926514,6.220099925994873,6.269999980926514,6595.0
2024-03-01 15:58:00,NGM,1.5199999809265137,1.5199999809265137,1.5299999713897705,1.5199999809265137,1.5199999809265137,14082.0
2024-03-01 15:58:00,NKTR,0.7699999809265137,0.7699999809265137,0.7699999809265137,0.7513999938964844,0.7639999985694885,8631.0
2024-03-01 15:58:00,NKTX,12.819999694824219,12.819999694824219,12.829999923706055,12.800000190734863,12.829999923706055,19457.0
2024-03-01 15:58:00,NLSP,0.3702000081539154,0.3702000081539154,0.3702000081539154,0.36500000953674316,0.36500000953674316,3143.0
2024-03-01 15:58:00,NMTC,1.2273000478744507,1.2273000478744507,1.2273000478744507,1.2273000478744507,1.2273000478744507,1002.0
2024-03-01 15:58:00,NNOX,11.110099792480469,11.110099792480469,11.119999885559082,11.100000381469727,11.109999656677246,12699.0
2024-03-01 15:58:00,NOTV,7.949999809265137,7.949999809265137,7.960000038146973,7.949999809265137,7.960000038146973,1447.0
2024-03-01 15:58:00,NPCE,16.06999969482422,16.06999969482422,16.079999923706055,16.030000686645508,16.06999969482422,2355.0
2024-03-01 15:58:00,NRBO,6.230000019073486,6.230000019073486,6.230000019073486,6.21999979019165,6.21999979019165,1444.0
2024-03-01 15:58:00,NRC,40.654998779296875,40.654998779296875,40.654998779296875,40.619998931884766,40.64500045776367,1095.0
2024-03-01 15:58:00,NRIX,13.539999961853027,13.539999961853027,13.579999923706055,13.539999961853027,13.579999923706055,7383.0
2024-03-01 15:58:00,NRSN,2.069999933242798,2.069999933242798,2.0799999237060547,2.049999952316284,2.059999942779541,3326.0
2024-03-01 15:58:00,NRXP,0.4375,0.4375,0.4399999976158142,0.4352000057697296,0.43810001015663147,1828.0
2024-03-01 15:58:00,NTLA,32.6349983215332,32.6349983215332,32.689998626708984,32.619998931884766,32.680999755859375,28295.0
2024-03-01 15:58:00,NTRA,89.56500244140625,89.56500244140625,89.65499877929688,89.55999755859375,89.63999938964844,25955.0
2024-03-01 15:58:00,NURO,4.019999980926514,4.019999980926514,4.019999980926514,4.019999980926514,4.019999980926514,470.0
2024-03-01 15:58:00,NUTX,0.11270000040531158,0.11270000040531158,0.1136000007390976,0.11270000040531158,0.11334999650716782,4044.0
2024-03-01 15:58:00,NUVL,87.20999908447266,87.20999908447266,87.26000213623047,87.20999908447266,87.26000213623047,4673.0
2024-03-01 15:58:00,NUWE,0.5899999737739563,0.5899999737739563,0.5899999737739563,0.5899999737739563,0.5899999737739563,242.0
2024-03-01 15:58:00,NVAX,5.380000114440918,5.380000114440918,5.400000095367432,5.380000114440918,5.385000228881836,174470.0
2024-03-01 15:58:00,NVCR,16.270000457763672,16.270000457763672,16.274999618530273,16.25,16.2549991607666,15874.0
2024-03-01 15:58:00,NVCT,10.670000076293945,10.670000076293945,10.75,10.670000076293945,10.75,962.0
2024-03-01 15:58:00,NVNO,6.485000133514404,6.485000133514404,6.485000133514404,6.485000133514404,6.485000133514404,325.0
2024-03-01 15:58:00,NVOS,0.636900007724762,0.636900007724762,0.636900007724762,0.6344000101089478,0.636900007724762,2155.0
2024-03-01 15:58:00,NXTC,1.7899999618530273,1.7899999618530273,1.7899999618530273,1.7799999713897705,1.7799999713897705,666.0
2024-03-01 15:58:00,OCGN,0.953000009059906,0.953000009059906,0.9599999785423279,0.953000009059906,0.9599000215530396,30034.0
2024-03-01 15:58:00,OCUL,10.75,10.75,10.75,10.734999656677246,10.739999771118164,17226.0
2024-03-01 15:58:00,OCUP,2.5199999809265137,2.5199999809265137,2.5299999713897705,2.5199999809265137,2.5299999713897705,500.0
2024-03-01 15:58:00,OFIX,13.0,13.0,13.0,12.984999656677246,13.0,4237.0
2024-03-01 15:58:00,OGI,2.1700000762939453,2.1700000762939453,2.1700000762939453,2.1700000762939453,2.1700000762939453,878.0
2024-03-01 15:58:00,OLK,23.010000228881836,23.010000228881836,23.010000228881836,23.0049991607666,23.0049991607666,3585.0
2024-03-01 15:58:00,OLMA,14.789999961853027,14.789999961853027,14.829999923706055,14.789999961853027,14.795000076293945,18294.0
2024-03-01 15:58:00,OM,3.0950000286102295,3.0950000286102295,3.0950000286102295,3.0899999141693115,3.0950000286102295,4153.0
2024-03-01 15:58:00,OMCL,26.354999542236328,26.354999542236328,26.3799991607666,26.34000015258789,26.3799991607666,11502.0
2024-03-01 15:58:00,OMER,4.769999980926514,4.769999980926514,4.769999980926514,4.75,4.760000228881836,5316.0
2024-03-01 15:58:00,OMGA,4.289999961853027,4.289999961853027,4.329999923706055,4.289999961853027,4.329999923706055,11376.0
2024-03-01 15:58:00,OMIC,0.6100000143051147,0.6100000143051147,0.6100000143051147,0.6100000143051147,0.6100000143051147,128.0
2024-03-01 15:58:00,ONCY,1.1101000308990479,1.1101000308990479,1.1200000047683716,1.1100000143051147,1.1100000143051147,2833.0
2024-03-01 15:58:00,ONTX,0.8263000249862671,0.8263000249862671,0.8263000249862671,0.8263000249862671,0.8263000249862671,284.0
2024-03-01 15:58:00,ONVO,1.0399999618530273,1.0399999618530273,1.0399999618530273,1.0399999618530273,1.0399999618530273,139.0
2024-03-01 15:59:00,AADI,1.9199999570846558,1.9199999570846558,1.9299999475479126,1.9199999570846558,1.9249999523162842,2933.0
2024-03-01 15:59:00,ABCL,5.050000190734863,5.050000190734863,5.059999942779541,5.050000190734863,5.054999828338623,30828.0
2024-03-01 15:59:00,ABEO,7.769999980926514,7.769999980926514,7.820000171661377,7.769999980926514,7.809999942779541,9176.0
2024-03-01 15:59:00,ABOS,4.644999980926514,4.644999980926514,4.650000095367432,4.639999866485596,4.644999980926514,7757.0
2024-03-01 15:59:00,ABSI,5.465000152587891,5.465000152587891,5.46999979019165,5.429999828338623,5.445000171661377,66279.0
2024-03-01 15:59:00,ABUS,2.7850000858306885,2.7850000858306885,2.7899999618530273,2.7799999713897705,2.7850000858306885,36155.0
2024-03-01 15:59:00,ABVC,1.2000000476837158,1.2000000476837158,1.2000000476837158,1.190000057220459,1.190000057220459,1916.0
2024-03-01 15:59:00,ACAD,24.010000228881836,24.010000228881836,24.06999969482422,24.0,24.020000457763672,95291.0
2024-03-01 15:59:00,ACB,3.180000066757202,3.180000066757202,3.180000066757202,3.1600000858306885,3.1698999404907227,21479.0
2024-03-01 15:59:00,ACCD,9.970000267028809,9.970000267028809,9.979999542236328,9.949999809265137,9.960000038146973,11904.0
2024-03-01 15:59:00,ACET,2.380000114440918,2.380000114440918,2.390000104904175,2.375,2.380000114440918,55853.0
2024-03-01 15:59:00,ACHC,84.05000305175781,84.05000305175781,84.05000305175781,83.91999816894531,83.94499969482422,5483.0
2024-03-01 15:59:00,ACHL,1.3700000047683716,1.3700000047683716,1.3700000047683716,1.3700000047683716,1.3700000047683716,100.0
2024-03-01 15:59:00,ACHV,4.439000129699707,4.439000129699707,4.440000057220459,4.400000095367432,4.400000095367432,1904.0
2024-03-01 15:59:00,ACIU,3.799999952316284,3.799999952316284,3.799999952316284,3.7899999618530273,3.799999952316284,1322.0
2024-03-01 15:59:00,ACLX,66.79000091552734,66.79000091552734,66.93000030517578,66.7699966430664,66.8499984741211,32945.0
2024-03-01 15:59:00,ACON,0.39980000257492065,0.39980000257492065,0.39989998936653137,0.39980000257492065,0.39989998936653137,389.0
2024-03-01 15:59:00,ACRS,1.2400000095367432,1.2400000095367432,1.2400000095367432,1.2300000190734863,1.2350000143051147,33443.0
2024-03-01 15:59:00,ACXP,3.009999990463257,3.009999990463257,3.009999990463257,3.009999990463257,3.009999990463257,303.0
2024-03-01 15:59:00,ADAG,3.2799999713897705,3.2799999713897705,3.2799999713897705,3.2200000286102295,3.2200000286102295,497.0
2024-03-01 15:59:00,ADAP,1.590000033378601,1.590000033378601,1.6100000143051147,1.5800000429153442,1.5850000381469727,8425.0
2024-03-01 15:59:00,ADIL,3.240000009536743,3.240000009536743,3.259999990463257,3.140000104904175,3.2200000286102295,184617.0
2024-03-01 15:59:00,ADMA,5.514999866485596,5.514999866485596,5.519999980926514,5.5,5.510000228881836,113839.0
2024-03-01 15:59:00,ADPT,4.019999980926514,4.019999980926514,4.039999961853027,4.019999980926514,4.034999847412109,27080.0
2024-03-01 15:59:00,ADTX,3.4100000858306885,3.4100000858306885,3.440000057220459,3.4100000858306885,3.4200000762939453,1762.0
2024-03-01 15:59:00,ADUS,93.8499984741211,93.8499984741211,93.86000061035156,93.81999969482422,93.8499984741211,1814.0
2024-03-01 15:59:00,ADVM,1.9700000286102295,1.9700000286102295,1.9800000190734863,1.9700000286102295,1.9800000190734863,33116.0
2024-03-01 15:59:00,AEZS,1.899999976158142,1.899999976158142,1.899999976158142,1.899999976158142,1.899999976158142,178.0
2024-03-01 15:59:00,AFIB,0.21289999783039093,0.21289999783039093,0.21289999783039093,0.21289999783039093,0.21289999783039093,159.0
2024-03-01 15:59:00,AFMD,0.6583999991416931,0.6583999991416931,0.6798999905586243,0.6499999761581421,0.665120005607605,18344.0
2024-03-01 15:59:00,AGEN,0.6600499749183655,0.6600499749183655,0.660224974155426,0.6600000262260437,0.660099983215332,245723.0
2024-03-01 15:59:00,AGIO,32.2599983215332,32.2599983215332,32.29999923706055,32.220001220703125,32.220001220703125,25300.0
2024-03-01 15:59:00,AGRX,0.8500000238418579,0.8500000238418579,0.8500000238418579,0.8500000238418579,0.8500000238418579,345.0
2024-03-01 15:59:00,AHCO,10.520000457763672,10.520000457763672,10.539999961853027,10.520000457763672,10.539999961853027,34406.0
2024-03-01 15:59:00,AIH,0.5,0.5,0.5099999904632568,0.5,0.5099999904632568,6468.0
2024-03-01 15:59:00,AIMD,1.0699000358581543,1.0699000358581543,1.0700000524520874,1.0299999713897705,1.0299999713897705,8799.0
2024-03-01 15:59:00,AIRS,6.260000228881836,6.260000228881836,6.315000057220459,6.260000228881836,6.315000057220459,3797.0
2024-03-01 15:59:00,AKAN,0.2199999988079071,0.2199999988079071,0.2248000055551529,0.2199999988079071,0.22300000488758087,196264.0
2024-03-01 15:59:00,AKBA,1.7089999914169312,1.7089999914169312,1.7100000381469727,1.7000000476837158,1.7000000476837158,88422.0
2024-03-01 15:59:00,AKLI,0.3411000072956085,0.3411000072956085,0.3499999940395355,0.3411000072956085,0.3490000069141388,3157.0
2024-03-01 15:59:00,AKRO,27.65999984741211,27.65999984741211,27.959999084472656,27.489999771118164,27.530000686645508,151422.0
2024-03-01 15:59:00,AKTX,2.2799999713897705,2.2799999713897705,2.2799999713897705,2.259999990463257,2.259999990463257,339.0
2024-03-01 15:59:00,AKYA,6.019999980926514,6.019999980926514,6.039999961853027,6.019999980926514,6.039999961853027,3210.0
2024-03-01 15:59:00,ALDX,4.215000152587891,4.215000152587891,4.230000019073486,4.210000038146973,4.210000038146973,18072.0
2024-03-01 15:59:00,ALEC,7.400000095367432,7.400000095367432,7.420000076293945,7.394999980926514,7.40500020980835,39004.0
2024-03-01 15:59:00,ALGN,299.8999938964844,299.8999938964844,300.1300048828125,299.760009765625,299.9800109863281,47105.0
2024-03-01 15:59:00,ALGS,1.0700000524520874,1.0700000524520874,1.1299999952316284,1.0700000524520874,1.1200000047683716,19007.0
2024-03-01 15:59:00,ALHC,5.635000228881836,5.635000228881836,5.650000095367432,5.625,5.644999980926514,29105.0
2024-03-01 15:59:00,ALIM,3.75,3.75,3.7699999809265137,3.7200000286102295,3.7699999809265137,1867.0
2024-03-01 15:59:00,ALKS,30.239999771118164,30.239999771118164,30.270000457763672,30.149999618530273,30.204999923706055,83040.0
2024-03-01 15:59:00,ALLK,1.6299999952316284,1.6299999952316284,1.6399999856948853,1.6299999952316284,1.6349999904632568,31764.0
2024-03-01 15:59:00,ALLO,4.940000057220459,4.940000057220459,4.940000057220459,4.934999942779541,4.934999942779541,24342.0
2024-03-01 15:59:00,ALLR,0.4000000059604645,0.4000000059604645,0.4000000059604645,0.4000000059604645,0.4000000059604645,145.0
2024-03-01 15:59:00,ALNY,152.6300048828125,152.6300048828125,152.86000061035156,152.6300048828125,152.63999938964844,17808.0
2024-03-01 15:59:00,ALPN,35.970001220703125,35.970001220703125,36.029998779296875,35.970001220703125,36.0,27785.0
2024-03-01 15:59:00,ALRN,5.0,5.0,5.130000114440918,5.0,5.130000114440918,491.0
2024-03-01 15:59:00,ALT,12.09000015258789,12.09000015258789,12.114999771118164,12.079999923706055,12.114999771118164,35730.0
2024-03-01 15:59:00,ALVO,15.729999542236328,15.729999542236328,15.760000228881836,15.729999542236328,15.75,4965.0
2024-03-01 15:59:00,ALVR,0.7479000091552734,0.7479000091552734,0.7480000257492065,0.7419000267982483,0.7448999881744385,3318.0
2024-03-01 15:59:00,ALXO,15.010000228881836,15.010000228881836,15.069999694824219,15.010000228881836,15.0600004196167,11986.0
2024-03-01 15:59:00,AMED,93.33999633789062,93.33999633789062,93.33999633789062,93.30000305175781,93.32499694824219,5701.0
2024-03-01 15:59:00,AMGN,280.29998779296875,280.29998779296875,280.54998779296875,280.25,280.2799987792969,87227.0
2024-03-01 15:59:00,AMLX,18.709999084472656,18.709999084472656,18.729999542236328,18.690000534057617,18.69499969482422,25764.0
2024-03-01 15:59:00,AMPH,46.15999984741211,46.15999984741211,46.22999954223633,46.150001525878906,46.220001220703125,28910.0
2024-03-01 15:59:00,AMRN,1.059999942779541,1.059999942779541,1.059999942779541,1.0499999523162842,1.0499999523162842,16415.0
2024-03-01 15:59:00,ANAB,25.45599937438965,25.45599937438965,25.510000228881836,25.450000762939453,25.469999313354492,3156.0
2024-03-01 15:59:00,ANEB,2.75,2.75,2.75,2.75,2.75,418.0
2024-03-01 15:59:00,ANGO,5.480000019073486,5.480000019073486,5.5,5.480000019073486,5.494999885559082,15020.0
2024-03-01 15:59:00,ANIK,25.219999313354492,25.219999313354492,25.239999771118164,25.18000030517578,25.239999771118164,3643.0
2024-03-01 15:59:00,ANIP,67.16000366210938,67.16000366210938,67.29000091552734,67.12000274658203,67.21499633789062,5778.0
2024-03-01 15:59:00,ANIX,3.5299999713897705,3.5299999713897705,3.5299999713897705,3.5299999713897705,3.5299999713897705,620.0
2024-03-01 15:59:00,ANNX,5.940000057220459,5.940000057220459,6.019999980926514,5.940000057220459,6.0,176329.0
2024-03-01 15:59:00,ANTX,3.0,3.0,3.0,2.9800000190734863,2.9800000190734863,2296.0
2024-03-01 15:59:00,APDN,0.5699999928474426,0.5699999928474426,0.5699999928474426,0.5609999895095825,0.5699999928474426,619.0
2024-03-01 15:59:00,APLS,63.86000061035156,63.86000061035156,63.93000030517578,63.81999969482422,63.91999816894531,55692.0
2024-03-01 15:59:00,APLT,7.070000171661377,7.070000171661377,7.070099830627441,7.039999961853027,7.070000171661377,46925.0
2024-03-01 15:59:00,APVO,0.1599999964237213,0.1599999964237213,0.1599999964237213,0.1574999988079071,0.1574999988079071,678.0
2024-03-01 15:59:00,APYX,2.069999933242798,2.069999933242798,2.125,2.069999933242798,2.0899999141693115,1335.0
2024-03-01 15:59:00,AQST,4.230000019073486,4.230000019073486,4.25,4.230000019073486,4.244999885559082,19929.0
2024-03-01 15:59:00,ARAY,2.6050000190734863,2.6050000190734863,2.615000009536743,2.5999999046325684,2.609999895095825,5649.0
2024-03-01 15:59:00,ARCT,39.7400016784668,39.7400016784668,39.814998626708984,39.71500015258789,39.72999954223633,12993.0
2024-03-01 15:59:00,ARDX,9.329999923706055,9.329999923706055,9.34000015258789,9.319999694824219,9.335000038146973,91333.0
2024-03-01 15:59:00,ARGX,393.375,393.375,394.1000061035156,392.92498779296875,394.1000061035156,10831.0
2024-03-01 15:59:00,ARQT,11.760000228881836,11.760000228881836,11.779999732971191,11.729999542236328,11.734999656677246,134840.0
2024-03-01 15:59:00,ARVN,47.290000915527344,47.290000915527344,47.345001220703125,47.2599983215332,47.345001220703125,19176.0
2024-03-01 15:59:00,ARWR,36.064998626708984,36.064998626708984,36.09000015258789,36.029998779296875,36.08000183105469,54101.0
2024-03-01 15:59:00,ASLN,0.7142000198364258,0.7142000198364258,0.7142000198364258,0.7142000198364258,0.7142000198364258,1550.0
2024-03-01 15:59:00,ASND,152.36000061035156,152.36000061035156,152.5449981689453,152.30999755859375,152.5449981689453,23100.0
2024-03-01 15:59:00,ASRT,0.8866000175476074,0.8866000175476074,0.8909000158309937,0.8844000101089478,0.8909000158309937,6738.0
2024-03-01 15:59:00,ATAI,2.130000114440918,2.130000114440918,2.130000114440918,2.119999885559082,2.121299982070923,15236.0
2024-03-01 15:59:00,ATEC,13.420000076293945,13.420000076293945,13.4399995803833,13.420000076293945,13.4350004196167,57750.0
2024-03-01 15:59:00,ATHA,3.940000057220459,3.940000057220459,3.950000047683716,3.930000066757202,3.940000057220459,5169.0
2024-03-01 15:59:00,ATHE,1.7300000190734863,1.7300000190734863,1.7300000190734863,1.7300000190734863,1.7300000190734863,443.0
2024-03-01 15:59:00,ATOS,1.0,1.0,1.0099999904632568,1.0,1.0099999904632568,20563.0
2024-03-01 15:59:00,ATRA,0.7706000208854675,0.7706000208854675,0.7706000208854675,0.7660999894142151,0.7699999809265137,18448.0
2024-03-01 15:59:00,ATRC,36.319000244140625,36.319000244140625,36.31999969482422,36.21500015258789,36.220001220703125,19357.0
2024-03-01 15:59:00,ATRI,358.0199890136719,358.0199890136719,359.82000732421875,358.0199890136719,359.82000732421875,1694.0
2024-03-01 15:59:00,ATXI,0.1550000011920929,0.1550000011920929,0.1550000011920929,0.1550000011920929,0.1550000011920929,2662.0
2024-03-01 15:59:00,ATXS,14.989999771118164,14.989999771118164,14.994999885559082,14.960000038146973,14.979999542236328,8401.0
2024-03-01 15:59:00,AUGX,4.590000152587891,4.590000152587891,4.590000152587891,4.570000171661377,4.579999923706055,1579.0
2024-03-01 15:59:00,AUPH,5.769999980926514,5.769999980926514,5.78000020980835,5.760000228881836,5.764999866485596,46609.0
2024-03-01 15:59:00,AURA,9.220000267028809,9.220000267028809,9.220000267028809,9.220000267028809,9.220000267028809,1585.0
2024-03-01 15:59:00,AUTL,6.235000133514404,6.235000133514404,6.25,6.230000019073486,6.25,20906.0
2024-03-01 15:59:00,AVAH,2.369999885559082,2.369999885559082,2.390000104904175,2.369999885559082,2.390000104904175,2747.0
2024-03-01 15:59:00,AVDL,13.739999771118164,13.739999771118164,13.755000114440918,13.720000267028809,13.744999885559082,65798.0
2024-03-01 15:59:00,AVGR,3.7497000694274902,3.7497000694274902,3.7497000694274902,3.7497000694274902,3.7497000694274902,568.0
2024-03-01 15:59:00,AVIR,4.449999809265137,4.449999809265137,4.449999809265137,4.440000057220459,4.449999809265137,6762.0
2024-03-01 15:59:00,AVRO,1.3300000429153442,1.3300000429153442,1.340000033378601,1.3300000429153442,1.3300000429153442,1024.0
2024-03-01 15:59:00,AVTE,23.81999969482422,23.81999969482422,24.06999969482422,23.812999725341797,23.812999725341797,1553.0
2024-03-01 15:59:00,AVTX,4.420000076293945,4.420000076293945,4.5,4.420000076293945,4.420000076293945,1960.0
2024-03-01 15:59:00,AVXL,5.269999980926514,5.269999980926514,5.28000020980835,5.260000228881836,5.260000228881836,18857.0
2024-03-01 15:59:00,AWH,4.0,4.0,4.0,3.990000009536743,3.990000009536743,2187.0
2024-03-01 15:59:00,AXGN,10.6899995803833,10.6899995803833,10.710000038146973,10.680000305175781,10.710000038146973,7856.0
2024-03-01 15:59:00,AXNX,67.7300033569336,67.7300033569336,67.80999755859375,67.69000244140625,67.73999786376953,7156.0
2024-03-01 15:59:00,AXSM,82.3499984741211,82.3499984741211,82.41999816894531,82.31999969482422,82.36000061035156,14803.0
2024-03-01 15:59:00,AYTU,2.9600000381469727,2.9600000381469727,2.9600000381469727,2.9600000381469727,2.9600000381469727,587.0
2024-03-01 15:59:00,AZN,64.58999633789062,64.58999633789062,64.6500015258789,64.56999969482422,64.63999938964844,112033.0
2024-03-01 15:59:00,AZTA,67.33999633789062,67.33999633789062,67.3499984741211,67.2699966430664,67.3499984741211,8121.0
2024-03-01 15:59:00,BACK,1.4500000476837158,1.4500000476837158,1.4600000381469727,1.4500000476837158,1.4500000476837158,393.0
2024-03-01 15:59:00,BBIO,35.65999984741211,35.65999984741211,35.65999984741211,35.59000015258789,35.599998474121094,49503.0
2024-03-01 15:59:00,BBLG,2.375,2.375,2.450000047683716,2.299999952316284,2.450000047683716,12293.0
2024-03-01 15:59:00,BCAB,2.8499999046325684,2.8499999046325684,2.8499999046325684,2.8399999141693115,2.8450000286102295,55976.0
2024-03-01 15:59:00,BCDA,0.5789999961853027,0.5789999961853027,0.5799999833106995,0.5708000063896179,0.5799000263214111,9694.0
2024-03-01 15:59:00,BCEL,0.27000001072883606,0.27000001072883606,0.2709999978542328,0.27000001072883606,0.2705000042915344,3271.0
2024-03-01 15:59:00,BCRX,5.610000133514404,5.610000133514404,5.619999885559082,5.605000019073486,5.614999771118164,129118.0
2024-03-01 15:59:00,BCTX,3.4700000286102295,3.4700000286102295,3.5,3.4700000286102295,3.490000009536743,2076.0
2024-03-01 15:59:00,BCYC,25.709999084472656,25.709999084472656,25.709999084472656,25.65999984741211,25.69499969482422,4176.0
2024-03-01 15:59:00,BDSX,1.5889999866485596,1.5889999866485596,1.590000033378601,1.5299999713897705,1.5850000381469727,21145.0
2024-03-01 15:59:00,BDTX,4.78000020980835,4.78000020980835,4.800000190734863,4.769999980926514,4.789999961853027,16662.0
2024-03-01 15:59:00,BEAM,39.810001373291016,39.810001373291016,39.869998931884766,39.779998779296875,39.790000915527344,38367.0
2024-03-01 15:59:00,BEAT,1.6200000047683716,1.6200000047683716,1.6200000047683716,1.600000023841858,1.600000023841858,970.0
2024-03-01 15:59:00,BGNE,164.72000122070312,164.72000122070312,165.0,164.70799255371094,164.8800048828125,5657.0
2024-03-01 15:59:00,BGXX,0.2630999982357025,0.2630999982357025,0.2630999982357025,0.25600001215934753,0.25940001010894775,8816.0
2024-03-01 15:59:00,BIAF,2.0999999046325684,2.0999999046325684,2.1700000762939453,2.0999999046325684,2.1700000762939453,18767.0
2024-03-01 15:59:00,BIIB,220.94000244140625,220.94000244140625,220.9499969482422,220.77000427246094,220.89999389648438,28333.0
2024-03-01 15:59:00,BIMI,3.6700000762939453,3.6700000762939453,3.6700000762939453,3.6700000762939453,3.6700000762939453,364.0
2024-03-01 15:59:00,BIOL,0.1589999943971634,0.1589999943971634,0.164000004529953,0.15199999511241913,0.16200000047683716,1510441.0
2024-03-01 15:59:00,BIOR,1.149999976158142,1.149999976158142,1.159999966621399,1.1402000188827515,1.149999976158142,14826.0
2024-03-01 15:59:00,BIVI,1.8899999856948853,1.8899999856948853,1.9375,1.8200000524520874,1.8250000476837158,290645.0
2024-03-01 15:59:00,BLFS,17.93000030517578,17.93000030517578,17.989999771118164,17.93000030517578,17.989999771118164,13741.0
2024-03-01 15:59:00,BLRX,1.309999942779541,1.309999942779541,1.3300000429153442,1.309999942779541,1.3250000476837158,3070.0
2024-03-01 15:59:00,BLTE,46.689998626708984,46.689998626708984,46.70000076293945,46.400001525878906,46.599998474121094,8344.0
2024-03-01 15:59:00,BLUE,1.559999942779541,1.559999942779541,1.5774999856948853,1.559999942779541,1.5750000476837158,154585.0
2024-03-01 15:59:00,BMEA,17.790000915527344,17.790000915527344,17.81999969482422,17.774999618530273,17.780000686645508,19242.0
2024-03-01 15:59:00,BMRA,1.215000033378601,1.215000033378601,1.215000033378601,1.2000000476837158,1.2000000476837158,1071.0
2024-03-01 15:59:00,BMRN,87.12000274658203,87.12000274658203,87.19000244140625,87.11000061035156,87.13999938964844,98156.0
2024-03-01 15:59:00,BNGO,1.25,1.25,1.25,1.2400000095367432,1.2400000095367432,10473.0
2024-03-01 15:59:00,BNOX,1.190000057220459,1.190000057220459,1.190000057220459,1.190000057220459,1.190000057220459,1561.0
2024-03-01 15:59:00,BNR,0.8080999851226807,0.8080999851226807,0.8289999961853027,0.8080999851226807,0.8172000050544739,7150.0
2024-03-01 15:59:00,BNTC,5.619999885559082,5.619999885559082,5.65500020980835,5.599999904632568,5.599999904632568,2431.0
2024-03-01 15:59:00,BNTX,90.94000244140625,90.94000244140625,90.97000122070312,90.85250091552734,90.85250091552734,11268.0
2024-03-01 15:59:00,BOLT,1.190000057220459,1.190000057220459,1.190000057220459,1.190000057220459,1.190000057220459,1473.0
2024-03-01 15:59:00,BPMC,95.04000091552734,95.04000091552734,95.18000030517578,95.0,95.05500030517578,22131.0
2024-03-01 15:59:00,BRKR,88.31999969482422,88.31999969482422,88.3499984741211,88.27999877929688,88.33000183105469,15892.0
2024-03-01 15:59:00,BRTX,1.4700000286102295,1.4700000286102295,1.5,1.4700000286102295,1.4979000091552734,875.0
2024-03-01 15:59:00,BSGM,0.7049999833106995,0.7049999833106995,0.7149999737739563,0.7049999833106995,0.7059999704360962,10732.0
2024-03-01 15:59:00,BTAI,3.2100000381469727,3.2100000381469727,3.2100000381469727,3.194999933242798,3.200000047683716,14282.0
2024-03-01 15:59:00,BTMD,5.835000038146973,5.835000038146973,5.875,5.835000038146973,5.875,1660.0
2024-03-01 15:59:00,BTTX,0.1800999939441681,0.1800999939441681,0.18240000307559967,0.17800000309944153,0.18000000715255737,17506.0
2024-03-01 15:59:00,BVS,4.900000095367432,4.900000095367432,4.900000095367432,4.889999866485596,4.889999866485596,2330.0
2024-03-01 15:59:00,BWAY,6.559999942779541,6.559999942779541,6.599999904632568,6.559999942779541,6.599999904632568,9600.0
2024-03-01 15:59:00,BYSI,1.4950000047683716,1.4950000047683716,1.4950000047683716,1.4950000047683716,1.4950000047683716,100.0
2024-03-01 15:59:00,CABA,23.950000762939453,23.950000762939453,24.0,23.950000762939453,24.0,25632.0
2024-03-01 15:59:00,CADL,1.75,1.75,1.75,1.75,1.75,140.0
2024-03-01 15:59:00,CAPR,4.579999923706055,4.579999923706055,4.579999923706055,4.550000190734863,4.579999923706055,16988.0
2024-03-01 15:59:00,CARA,0.9549999833106995,0.9549999833106995,0.9599999785423279,0.949400007724762,0.949400007724762,31010.0
2024-03-01 15:59:00,CASI,5.429999828338623,5.429999828338623,5.429999828338623,5.349999904632568,5.349999904632568,379.0
2024-03-01 15:59:00,CBAY,32.220001220703125,32.220001220703125,32.22999954223633,32.21500015258789,32.22999954223633,68593.0
2024-03-01 15:59:00,CCCC,10.989999771118164,10.989999771118164,11.0,10.970000267028809,10.989999771118164,35069.0
2024-03-01 15:59:00,CCRN,18.420000076293945,18.420000076293945,18.440000534057617,18.420000076293945,18.440000534057617,8304.0
2024-03-01 15:59:00,CDMO,8.25,8.25,8.260000228881836,8.210000038146973,8.239999771118164,55445.0
2024-03-01 15:59:00,CDNA,12.0,12.0,12.010000228881836,11.979999542236328,12.010000228881836,40559.0
2024-03-01 15:59:00,CDXC,1.6100000143051147,1.6100000143051147,1.6100000143051147,1.6100000143051147,1.6100000143051147,273.0
2024-03-01 15:59:00,CDXS,4.619999885559082,4.619999885559082,4.630000114440918,4.610000133514404,4.619999885559082,13114.0
2024-03-01 15:59:00,CELC,17.420000076293945,17.420000076293945,17.450000762939453,17.31999969482422,17.31999969482422,4646.0
2024-03-01 15:59:00,CELU,3.6600000858306885,3.6600000858306885,3.6600000858306885,3.6600000858306885,3.6600000858306885,665.0
2024-03-01 15:59:00,CERE,41.04999923706055,41.04999923706055,41.060001373291016,41.040000915527344,41.04999923706055,32772.0
2024-03-01 15:59:00,CERS,2.1700000762939453,2.1700000762939453,2.180000066757202,2.1700000762939453,2.1700000762939453,27571.0
2024-03-01 15:59:00,CERT,18.280000686645508,18.280000686645508,18.309999465942383,18.280000686645508,18.299999237060547,39330.0
2024-03-01 15:59:00,CGC,3.2049999237060547,3.2049999237060547,3.2100000381469727,3.200000047683716,3.2049999237060547,25979.0
2024-03-01 15:59:00,CGEM,18.479999542236328,18.479999542236328,18.530000686645508,18.479999542236328,18.510000228881836,8176.0
2024-03-01 15:59:00,CGEN,2.630000114440918,2.630000114440918,2.640000104904175,2.625,2.640000104904175,16573.0
2024-03-01 15:59:00,CGTX,1.9900000095367432,1.9900000095367432,1.9950000047683716,1.9900000095367432,1.9950000047683716,337.0
2024-03-01 15:59:00,CHEK,2.059999942779541,2.059999942779541,2.059999942779541,2.059999942779541,2.059999942779541,2402.0
2024-03-01 15:59:00,CHRS,2.409899950027466,2.409899950027466,2.4100000858306885,2.3949999809265137,2.3949999809265137,98117.0
2024-03-01 15:59:00,CING,1.340000033378601,1.340000033378601,1.3499000072479248,1.3300000429153442,1.3499000072479248,24438.0
2024-03-01 15:59:00,CKPT,2.2300000190734863,2.2300000190734863,2.25,2.2200000286102295,2.2300000190734863,20056.0
2024-03-01 15:59:00,CLDX,51.86000061035156,51.86000061035156,51.91999816894531,51.849998474121094,51.875,34284.0
2024-03-01 15:59:00,CLLS,2.630000114440918,2.630000114440918,2.630000114440918,2.630000114440918,2.630000114440918,478.0
2024-03-01 15:59:00,CLNN,0.3898000121116638,0.3898000121116638,0.3898000121116638,0.38920000195503235,0.38920000195503235,1346.0
2024-03-01 15:59:00,CLOV,0.861299991607666,0.861299991607666,0.8647500276565552,0.8600999712944031,0.8647000193595886,115450.0
2024-03-01 15:59:00,CLPT,6.679999828338623,6.679999828338623,6.690000057220459,6.669000148773193,6.679999828338623,5245.0
2024-03-01 15:59:00,CLRB,4.195000171661377,4.195000171661377,4.199999809265137,4.190000057220459,4.190000057220459,15842.0
2024-03-01 15:59:00,CLSD,1.399999976158142,1.399999976158142,1.399999976158142,1.3860000371932983,1.3860000371932983,3720.0
2024-03-01 15:59:00,CMAX,7.889999866485596,7.889999866485596,7.889999866485596,7.880000114440918,7.880000114440918,534.0
2024-03-01 15:59:00,CMMB,0.6599990129470825,0.6599990129470825,0.6599990129470825,0.6599990129470825,0.6599990129470825,2648.0
2024-03-01 15:59:00,CMPS,11.470000267028809,11.470000267028809,11.520000457763672,11.460000038146973,11.479999542236328,12134.0
2024-03-01 15:59:00,CMPX,1.8949999809265137,1.8949999809265137,1.899999976158142,1.8899999856948853,1.899999976158142,12606.0
2024-03-01 15:59:00,CMRX,1.1799999475479126,1.1799999475479126,1.1799999475479126,1.1799999475479126,1.1799999475479126,100.0
2024-03-01 15:59:00,CNSP,0.33899998664855957,0.33899998664855957,0.33899998664855957,0.3012000024318695,0.3244990110397339,19787.0
2024-03-01 15:59:00,CNTA,10.869999885559082,10.869999885559082,10.869999885559082,10.84000015258789,10.845000267028809,3076.0
2024-03-01 15:59:00,CNTB,1.1799999475479126,1.1799999475479126,1.1799999475479126,1.1799999475479126,1.1799999475479126,578.0
2024-03-01 15:59:00,CODX,1.159999966621399,1.159999966621399,1.159999966621399,1.159999966621399,1.159999966621399,453.0
2024-03-01 15:59:00,COGT,7.224999904632568,7.224999904632568,7.239999771118164,7.199999809265137,7.224999904632568,144464.0
2024-03-01 15:59:00,COLL,37.11000061035156,37.11000061035156,37.18000030517578,37.11000061035156,37.15999984741211,10995.0
2024-03-01 15:59:00,CORT,24.049999237060547,24.049999237060547,24.084999084472656,24.030000686645508,24.084999084472656,38432.0
2024-03-01 15:59:00,COSM,0.784500002861023,0.784500002861023,0.7850000262260437,0.784500002861023,0.7850000262260437,7462.0
2024-03-01 15:59:00,CPRX,17.010000228881836,17.010000228881836,17.03499984741211,17.010000228881836,17.030000686645508,79660.0
2024-03-01 15:59:00,CPSI,9.210000038146973,9.210000038146973,9.265000343322754,9.180000305175781,9.265000343322754,17499.0
2024-03-01 15:59:00,CRBP,35.0,35.0,35.0,34.72999954223633,34.90999984741211,9207.0
2024-03-01 15:59:00,CRBU,7.78000020980835,7.78000020980835,7.800000190734863,7.78000020980835,7.784999847412109,43085.0
2024-03-01 15:59:00,CRDF,2.8949999809265137,2.8949999809265137,2.940000057220459,2.869999885559082,2.940000057220459,154468.0
2024-03-01 15:59:00,CRDL,1.9500000476837158,1.9500000476837158,1.9600000381469727,1.948699951171875,1.9600000381469727,1947.0
2024-03-01 15:59:00,CRIS,10.079999923706055,10.079999923706055,10.079999923706055,10.0600004196167,10.0600004196167,542.0
2024-03-01 15:59:00,CRMD,3.6549999713897705,3.6549999713897705,3.6600000858306885,3.6500000953674316,3.659899950027466,6930.0
2024-03-01 15:59:00,CRNX,46.0,46.0,46.04999923706055,45.970001220703125,46.0099983215332,37608.0
2024-03-01 15:59:00,CRON,2.015000104904175,2.015000104904175,2.0199999809265137,2.009999990463257,2.015000104904175,53684.0
2024-03-01 15:59:00,CRSP,83.7300033569336,83.7300033569336,83.80000305175781,83.70999908447266,83.77999877929688,57523.0
2024-03-01 15:59:00,CRVS,2.180000066757202,2.180000066757202,2.200000047683716,2.180000066757202,2.194999933242798,2520.0
2024-03-01 15:59:00,CSBR,5.590000152587891,5.590000152587891,5.590000152587891,5.590000152587891,5.590000152587891,174.0
2024-03-01 15:59:00,CSTL,19.93000030517578,19.93000030517578,19.959999084472656,19.90999984741211,19.954999923706055,21843.0
2024-03-01 15:59:00,CTKB,9.149999618530273,9.149999618530273,9.170000076293945,9.114999771118164,9.114999771118164,35343.0
2024-03-01 15:59:00,CTMX,2.640000104904175,2.640000104904175,2.6500000953674316,2.630000114440918,2.630000114440918,32583.0
2024-03-01 15:59:00,CTXR,0.7788000106811523,0.7788000106811523,0.7807000279426575,0.7788000106811523,0.7807000279426575,1596.0
2024-03-01 15:59:00,CUE,2.119999885559082,2.119999885559082,2.119999885559082,2.0999999046325684,2.109999895095825,2956.0
2024-03-01 15:59:00,CUTR,2.4000000953674316,2.4000000953674316,2.4100000858306885,2.390000104904175,2.3994998931884766,15050.0
2024-03-01 15:59:00,CVAC,3.4200000762939453,3.4200000762939453,3.424999952316284,3.4149999618530273,3.4200000762939453,52133.0
2024-03-01 15:59:00,CVRX,20.790000915527344,20.790000915527344,20.809999465942383,20.719999313354492,20.74850082397461,5350.0
2024-03-01 15:59:00,CYCC,2.9000000953674316,2.9000000953674316,2.9000000953674316,2.9000000953674316,2.9000000953674316,514.0
2024-03-01 15:59:00,CYT,3.0999999046325684,3.0999999046325684,3.130000114440918,3.0999999046325684,3.130000114440918,612.0
2024-03-01 15:59:00,CYTH,1.600000023841858,1.600000023841858,1.600000023841858,1.600000023841858,1.600000023841858,542.0
2024-03-01 15:59:00,CYTK,73.9800033569336,73.9800033569336,74.0,73.83999633789062,73.97000122070312,56282.0
2024-03-01 15:59:00,CYTO,2.430000066757202,2.430000066757202,2.430000066757202,2.369999885559082,2.369999885559082,1002.0
2024-03-01 15:59:00,DARE,0.5498999953269958,0.5498999953269958,0.5498999953269958,0.5489299893379211,0.5489299893379211,1795.0
2024-03-01 15:59:00,DAWN,17.440000534057617,17.440000534057617,17.479999542236328,17.43000030517578,17.440000534057617,21840.0
2024-03-01 15:59:00,DCGO,4.139999866485596,4.139999866485596,4.150000095367432,4.114999771118164,4.119999885559082,46844.0
2024-03-01 15:59:00,DCPH,17.360000610351562,17.360000610351562,17.399999618530273,17.350000381469727,17.399999618530273,18089.0
2024-03-01 15:59:00,DCTH,4.190000057220459,4.190000057220459,4.199999809265137,4.190000057220459,4.199999809265137,553.0
2024-03-01 15:59:00,DERM,4.130000114440918,4.130000114440918,4.130000114440918,4.110000133514404,4.110000133514404,1381.0
2024-03-01 15:59:00,DH,8.960000038146973,8.960000038146973,8.960000038146973,8.9399995803833,8.949999809265137,16352.0
2024-03-01 15:59:00,DMAC,3.1489999294281006,3.1489999294281006,3.1489999294281006,3.1489999294281006,3.1489999294281006,364.0
2024-03-01 15:59:00,DMTK,0.8635990023612976,0.8635990023612976,0.8791999816894531,0.8535000085830688,0.8791999816894531,48369.0
2024-03-01 15:59:00,DNLI,20.860000610351562,20.860000610351562,20.899999618530273,20.84000015258789,20.860000610351562,37705.0
2024-03-01 15:59:00,DRIO,1.9900000095367432,1.9900000095367432,1.9982999563217163,1.9900000095367432,1.9982999563217163,1237.0
2024-03-01 15:59:00,DRRX,0.9922999739646912,0.9922999739646912,0.9922999739646912,0.9922000169754028,0.9922999739646912,545.0
2024-03-01 15:59:00,DRTS,3.0,3.0,3.0,3.0,3.0,260.0
2024-03-01 15:59:00,DRUG,1.7599999904632568,1.7599999904632568,1.7599999904632568,1.7599999904632568,1.7599999904632568,243.0
2024-03-01 15:59:00,DSGN,2.859999895095825,2.859999895095825,2.869999885559082,2.8499999046325684,2.8550000190734863,18554.0
2024-03-01 15:59:00,DTIL,12.5,12.5,12.74590015411377,12.5,12.6899995803833,33235.0
2024-03-01 15:59:00,DVAX,12.770000457763672,12.770000457763672,12.770000457763672,12.75,12.765000343322754,43849.0
2024-03-01 15:59:00,DXCM,121.71900177001953,121.71900177001953,121.83999633789062,121.62999725341797,121.6500015258789,108533.0
2024-03-01 15:59:00,DYN,29.135000228881836,29.135000228881836,29.149999618530273,29.100000381469727,29.104999542236328,44515.0
2024-03-01 15:59:00,DYNT,0.4880000054836273,0.4880000054836273,0.4880000054836273,0.4880000054836273,0.4880000054836273,586.0
2024-03-01 15:59:00,EDIT,10.524999618530273,10.524999618530273,10.539999961853027,10.5,10.5,57369.0
2024-03-01 15:59:00,EFTR,16.030000686645508,16.030000686645508,16.219999313354492,16.030000686645508,16.219999313354492,855.0
2024-03-01 15:59:00,EGRX,6.46999979019165,6.46999979019165,6.480000019073486,6.460000038146973,6.465000152587891,4080.0
2024-03-01 15:59:00,EIGR,7.0,7.0,7.0,7.0,7.0,732.0
2024-03-01 15:59:00,EKSO,1.9800000190734863,1.9800000190734863,1.9900000095367432,1.9800000190734863,1.9900000095367432,387.0
2024-03-01 15:59:00,ELDN,1.649999976158142,1.649999976158142,1.649999976158142,1.5499999523162842,1.5499999523162842,4636.0
2024-03-01 15:59:00,ELEV,5.019999980926514,5.019999980926514,5.050000190734863,5.019999980926514,5.042300224304199,19265.0
2024-03-01 15:59:00,EMBC,14.15999984741211,14.15999984741211,14.1899995803833,14.15999984741211,14.180000305175781,7037.0
2024-03-01 15:59:00,ENLV,3.200000047683716,3.200000047683716,3.2300000190734863,3.200000047683716,3.2300000190734863,970.0
2024-03-01 15:59:00,ENSG,121.88999938964844,121.88999938964844,121.88999938964844,121.75,121.75,4453.0
2024-03-01 15:59:00,ENTA,15.359999656677246,15.359999656677246,15.390000343322754,15.359999656677246,15.359999656677246,6282.0
2024-03-01 15:59:00,ENTX,1.440000057220459,1.440000057220459,1.4500000476837158,1.399999976158142,1.4299999475479126,19279.0
2024-03-01 15:59:00,ENVB,1.649899959564209,1.649899959564209,1.6799999475479126,1.6100000143051147,1.659999966621399,31081.0
2024-03-01 15:59:00,EOLS,14.890000343322754,14.890000343322754,14.90999984741211,14.890000343322754,14.90999984741211,12842.0
2024-03-01 15:59:00,EPIX,9.449999809265137,9.449999809265137,9.505000114440918,9.300000190734863,9.354999542236328,6383.0
2024-03-01 15:59:00,EQ,2.5,2.5,2.5,2.494999885559082,2.5,1672.0
2024-03-01 15:59:00,ERAS,2.5399999618530273,2.5399999618530273,2.549999952316284,2.5399999618530273,2.5450000762939453,25082.0
2024-03-01 15:59:00,ESPR,2.559999942779541,2.559999942779541,2.559999942779541,2.549999952316284,2.555000066757202,55373.0
2024-03-01 15:59:00,ESTA,44.20000076293945,44.20000076293945,44.20000076293945,44.08000183105469,44.119998931884766,12144.0
2024-03-01 15:59:00,ETNB,12.609999656677246,12.609999656677246,12.649999618530273,12.59000015258789,12.627099990844727,73229.0
2024-03-01 15:59:00,ETON,4.46999979019165,4.46999979019165,4.480000019073486,4.46999979019165,4.480000019073486,1126.0
2024-03-01 15:59:00,EVAX,3.4200000762939453,3.4200000762939453,3.4200000762939453,3.4200000762939453,3.4200000762939453,1888.0
2024-03-01 15:59:00,EVGN,1.0,1.0,1.0,0.9850999712944031,0.9850999712944031,12579.0
2024-03-01 15:59:00,EVO,7.510000228881836,7.510000228881836,7.510000228881836,7.489999771118164,7.489999771118164,341.0
2024-03-01 15:59:00,EVOK,0.621999979019165,0.621999979019165,0.621999979019165,0.621999979019165,0.621999979019165,145.0
2024-03-01 15:59:00,EWTX,16.68000030517578,16.68000030517578,16.700000762939453,16.649999618530273,16.655000686645508,20070.0
2024-03-01 15:59:00,EXAI,6.510000228881836,6.510000228881836,6.519999980926514,6.510000228881836,6.511000156402588,8941.0
2024-03-01 15:59:00,EXAS,59.439998626708984,59.439998626708984,59.529998779296875,59.38999938964844,59.529998779296875,63429.0
2024-03-01 15:59:00,EXEL,22.2549991607666,22.2549991607666,22.270000457763672,22.229999542236328,22.229999542236328,82201.0
2024-03-01 15:59:00,EYEN,2.369999885559082,2.369999885559082,2.369999885559082,2.359999895095825,2.369999885559082,25594.0
2024-03-01 15:59:00,EYPT,27.979999542236328,27.979999542236328,28.0,27.979999542236328,27.989999771118164,8298.0
2024-03-01 15:59:00,FATE,7.739999771118164,7.739999771118164,7.75,7.730000019073486,7.735000133514404,48857.0
2024-03-01 15:59:00,FBIO,2.434999942779541,2.434999942779541,2.440000057220459,2.4200000762939453,2.430000066757202,3810.0
2024-03-01 15:59:00,FBIOP,15.449999809265137,15.449999809265137,15.449999809265137,15.449999809265137,15.449999809265137,188.0
2024-03-01 15:59:00,FDMT,29.360000610351562,29.360000610351562,29.43000030517578,29.350000381469727,29.420000076293945,17124.0
2024-03-01 15:59:00,FEMY,1.8600000143051147,1.8600000143051147,1.875,1.850000023841858,1.8702000379562378,8359.0
2024-03-01 15:59:00,FENC,9.789999961853027,9.789999961853027,9.8100004196167,9.779999732971191,9.8100004196167,4620.0
2024-03-01 15:59:00,FGEN,1.8200000524520874,1.8200000524520874,1.8300000429153442,1.8200000524520874,1.8300000429153442,23419.0
2024-03-01 15:59:00,FHTX,7.880000114440918,7.880000114440918,7.980000019073486,7.880000114440918,7.96999979019165,3577.0
2024-03-01 15:59:00,FLGT,23.239999771118164,23.239999771118164,23.25,23.229999542236328,23.235000610351562,9536.0
2024-03-01 15:59:00,FOLD,13.300000190734863,13.300000190734863,13.3100004196167,13.289999961853027,13.300000190734863,88044.0
2024-03-01 15:59:00,FONR,22.600000381469727,22.600000381469727,22.790000915527344,22.600000381469727,22.790000915527344,654.0
2024-03-01 15:59:00,FULC,11.0,11.0,11.010000228881836,10.979999542236328,10.989999771118164,10041.0
2024-03-01 15:59:00,FUSN,11.979999542236328,11.979999542236328,12.020000457763672,11.979999542236328,12.005000114440918,55411.0
2024-03-01 15:59:00,FWBI,9.029999732971191,9.029999732971191,9.170000076293945,9.029999732971191,9.156800270080566,3850.0
2024-03-01 15:59:00,GALT,1.9119999408721924,1.9119999408721924,1.934999942779541,1.9119999408721924,1.9299999475479126,2222.0
2024-03-01 15:59:00,GANX,4.630000114440918,4.630000114440918,4.630000114440918,4.630000114440918,4.630000114440918,448.0
2024-03-01 15:59:00,GBIO,2.634999990463257,2.634999990463257,2.640000104904175,2.630000114440918,2.640000104904175,6053.0
2024-03-01 15:59:00,GCTK,0.3070000112056732,0.3070000112056732,0.31189998984336853,0.3070000112056732,0.3070000112056732,8623.0
2024-03-01 15:59:00,GDRX,8.350000381469727,8.350000381469727,8.350000381469727,8.3149995803833,8.319999694824219,82396.0
2024-03-01 15:59:00,GENE,2.3299999237060547,2.3299999237060547,2.3399999141693115,2.3299999237060547,2.3399999141693115,1178.0
2024-03-01 15:59:00,GERN,2.25,2.25,2.259999990463257,2.25,2.255000114440918,303320.0
2024-03-01 15:59:00,GH,18.969999313354492,18.969999313354492,19.010000228881836,18.959999084472656,18.975000381469727,49724.0
2024-03-01 15:59:00,GHRS,8.510000228881836,8.510000228881836,8.510000228881836,8.510000228881836,8.510000228881836,907.0
2024-03-01 15:59:00,GILD,72.27999877929688,72.27999877929688,72.30000305175781,72.25,72.27999877929688,124211.0
2024-03-01 15:59:00,GLMD,0.4023999869823456,0.4023999869823456,0.4050000011920929,0.4023999869823456,0.4050000011920929,1317.0
2024-03-01 15:59:00,GLPG,35.06999969482422,35.06999969482422,35.11000061035156,35.060001373291016,35.08000183105469,3467.0
2024-03-01 15:59:00,GLSI,12.989999771118164,12.989999771118164,13.0,12.989999771118164,12.989999771118164,865.0
2024-03-01 15:59:00,GLTO,0.8176000118255615,0.8176000118255615,0.8199999928474426,0.8101000189781189,0.8199999928474426,3654.0
2024-03-01 15:59:00,GLUE,6.300000190734863,6.300000190734863,6.300000190734863,6.28000020980835,6.28000020980835,2174.0
2024-03-01 15:59:00,GLYC,3.0,3.0,3.009999990463257,2.9800000190734863,3.009999990463257,8794.0
2024-03-01 15:59:00,GMAB,29.290000915527344,29.290000915527344,29.309999465942383,29.25,29.25,20908.0
2024-03-01 15:59:00,GMDA,0.382999986410141,0.382999986410141,0.382999986410141,0.38199999928474426,0.3824999928474426,3754.0
2024-03-01 15:59:00,GNPX,4.489999771118164,4.489999771118164,4.53000020980835,4.489999771118164,4.519999980926514,3186.0
2024-03-01 15:59:00,GOSS,1.3799999952316284,1.3799999952316284,1.3899999856948853,1.3799999952316284,1.3799999952316284,25967.0
2024-03-01 15:59:00,GOVX,2.4800000190734863,2.4800000190734863,2.5399999618530273,2.4800000190734863,2.5299999713897705,1567.0
2024-03-01 15:59:00,GRFS,7.050000190734863,7.050000190734863,7.070000171661377,7.050000190734863,7.054999828338623,56454.0
2024-03-01 15:59:00,GRPH,3.4000000953674316,3.4000000953674316,3.4100000858306885,3.4000000953674316,3.4000000953674316,6572.0
2024-03-01 15:59:00,GRTS,2.0199999809265137,2.0199999809265137,2.0299999713897705,2.0199999809265137,2.0250000953674316,44205.0
2024-03-01 15:59:00,GRTX,0.22920000553131104,0.22920000553131104,0.23090000450611115,0.22920000553131104,0.23000000417232513,5457.0
2024-03-01 15:59:00,GTHX,3.740000009536743,3.740000009536743,3.740000009536743,3.7149999141693115,3.7300000190734863,30325.0
2024-03-01 15:59:00,HALO,41.130001068115234,41.130001068115234,41.16999816894531,41.06999969482422,41.08000183105469,40669.0
2024-03-01 15:59:00,HARP,22.940000534057617,22.940000534057617,22.950000762939453,22.940000534057617,22.94499969482422,15877.0
2024-03-01 15:59:00,HBIO,4.355000019073486,4.355000019073486,4.380000114440918,4.349999904632568,4.380000114440918,2532.0
2024-03-01 15:59:00,HCAT,8.039999961853027,8.039999961853027,8.050000190734863,8.039999961853027,8.039999961853027,40937.0
2024-03-01 15:59:00,HCM,15.130000114440918,15.130000114440918,15.15999984741211,15.085000038146973,15.085000038146973,4682.0
2024-03-01 15:59:00,HCSG,12.845000267028809,12.845000267028809,12.859999656677246,12.845000267028809,12.850000381469727,24503.0
2024-03-01 15:59:00,HCTI,1.9600000381469727,1.9600000381469727,2.0,1.9299999475479126,2.0,14315.0
2024-03-01 15:59:00,HCWB,1.600000023841858,1.600000023841858,1.600000023841858,1.590000033378601,1.5999000072479248,14788.0
2024-03-01 15:59:00,HEPA,3.0899999141693115,3.0899999141693115,3.0899999141693115,3.0899999141693115,3.0899999141693115,326.0
2024-03-01 15:59:00,HITI,1.7599999904632568,1.7599999904632568,1.7599999904632568,1.7599999904632568,1.7599999904632568,2187.0
2024-03-01 15:59:00,HLTH,0.26499998569488525,0.26499998569488525,0.26499998569488525,0.26499998569488525,0.26499998569488525,1149.0
2024-03-01 15:59:00,HLVX,19.0,19.0,19.059999465942383,19.0,19.049999237060547,8574.0
2024-03-01 15:59:00,HOLX,73.63999938964844,73.63999938964844,73.69000244140625,73.63999938964844,73.68499755859375,52761.0
2024-03-01 15:59:00,HOOK,0.772599995136261,0.772599995136261,0.772599995136261,0.7651000022888184,0.7651000022888184,2698.0
2024-03-01 15:59:00,HOWL,6.960000038146973,6.960000038146973,7.010000228881836,6.960000038146973,7.010000228881836,3515.0
2024-03-01 15:59:00,HPCO,0.24500000476837158,0.24500000476837158,0.24500000476837158,0.24500000476837158,0.24500000476837158,1840.0
2024-03-01 15:59:00,HQY,81.01000213623047,81.01000213623047,81.06999969482422,80.98999786376953,81.06999969482422,19884.0
2024-03-01 15:59:00,HRMY,32.08000183105469,32.08000183105469,32.11000061035156,32.07500076293945,32.11000061035156,6940.0
2024-03-01 15:59:00,HROW,10.9399995803833,10.9399995803833,10.970000267028809,10.930000305175781,10.9399995803833,9500.0
2024-03-01 15:59:00,HRTX,2.5999999046325684,2.5999999046325684,2.609999895095825,2.5799999237060547,2.5850000381469727,83008.0
2024-03-01 15:59:00,HSCS,0.12080000340938568,0.12080000340938568,0.12189999967813492,0.12080000340938568,0.12189999967813492,1148.0
2024-03-01 15:59:00,HSDT,4.559999942779541,4.559999942779541,4.570000171661377,4.559999942779541,4.570000171661377,1728.0
2024-03-01 15:59:00,HSIC,76.88099670410156,76.88099670410156,76.91999816894531,76.83999633789062,76.875,36746.0
2024-03-01 15:59:00,HSTM,27.139999389648438,27.139999389648438,27.184999465942383,27.100000381469727,27.15999984741211,13868.0
2024-03-01 15:59:00,HUGE,0.9002000093460083,0.9002000093460083,0.9002000093460083,0.9002000093460083,0.9002000093460083,230.0
2024-03-01 15:59:00,HUMA,3.240000009536743,3.240000009536743,3.25,3.2300000190734863,3.234999895095825,47945.0
2024-03-01 15:59:00,HYPR,1.1399999856948853,1.1399999856948853,1.1399999856948853,1.1399999856948853,1.1399999856948853,445.0
2024-03-01 15:59:00,IART,36.0099983215332,36.0099983215332,36.02000045776367,35.959999084472656,35.9900016784668,36790.0
2024-03-01 15:59:00,IBRX,4.699999809265137,4.699999809265137,4.710000038146973,4.690000057220459,4.695000171661377,73644.0
2024-03-01 15:59:00,ICAD,1.8799999952316284,1.8799999952316284,1.8899999856948853,1.8700000047683716,1.8700000047683716,3390.0
2024-03-01 15:59:00,ICCC,5.28000020980835,5.28000020980835,5.28000020980835,5.28000020980835,5.28000020980835,602.0
2024-03-01 15:59:00,ICCM,1.2649999856948853,1.2649999856948853,1.274999976158142,1.2599999904632568,1.274999976158142,9423.0
2024-03-01 15:59:00,ICLR,325.510009765625,325.510009765625,325.5950012207031,325.2749938964844,325.55499267578125,8188.0
2024-03-01 15:59:00,ICUI,105.26000213623047,105.26000213623047,105.50499725341797,105.26000213623047,105.44999694824219,9892.0
2024-03-01 15:59:00,IDXX,576.8699951171875,576.8699951171875,577.0999755859375,576.3499755859375,576.8400268554688,10212.0
2024-03-01 15:59:00,IDYA,46.209999084472656,46.209999084472656,46.22999954223633,46.16999816894531,46.19499969482422,16309.0
2024-03-01 15:59:00,IFRX,1.75,1.75,1.7599999904632568,1.75,1.75,8986.0
2024-03-01 15:59:00,IGMS,12.59000015258789,12.59000015258789,12.635000228881836,12.5600004196167,12.600000381469727,3698.0
2024-03-01 15:59:00,IINN,1.7000000476837158,1.7000000476837158,1.7000000476837158,1.6849000453948975,1.6849000453948975,4316.0
2024-03-01 15:59:00,IKNA,1.4800000190734863,1.4800000190734863,1.4800000190734863,1.4700000286102295,1.4700000286102295,2014.0
2024-03-01 15:59:00,IKT,2.1500000953674316,2.1500000953674316,2.1500000953674316,2.1500000953674316,2.1500000953674316,211.0
2024-03-01 15:59:00,ILMN,140.41000366210938,140.41000366210938,140.50999450683594,140.3800048828125,140.42999267578125,24397.0
2024-03-01 15:59:00,IMAB,1.7999999523162842,1.7999999523162842,1.7999999523162842,1.7899999618530273,1.7999999523162842,1853.0
2024-03-01 15:59:00,IMCR,67.4000015258789,67.4000015258789,67.4000015258789,67.29000091552734,67.36499786376953,14170.0
2024-03-01 15:59:00,IMMP,2.305000066757202,2.305000066757202,2.305000066757202,2.305000066757202,2.305000066757202,332.0
2024-03-01 15:59:00,IMMX,3.490000009536743,3.490000009536743,3.5199999809265137,3.490000009536743,3.5,5343.0
2024-03-01 15:59:00,IMNM,25.3799991607666,25.3799991607666,25.479999542236328,25.3700008392334,25.479999542236328,10187.0
2024-03-01 15:59:00,IMNN,0.986299991607666,0.986299991607666,0.986299991607666,0.986299991607666,0.986299991607666,1004.0
2024-03-01 15:59:00,IMRX,6.150000095367432,6.150000095367432,6.150000095367432,6.125,6.150000095367432,1410.0
2024-03-01 15:59:00,IMTX,12.913399696350098,12.913399696350098,12.9399995803833,12.913399696350098,12.925000190734863,7813.0
2024-03-01 15:59:00,IMUX,1.4500000476837158,1.4500000476837158,1.4500000476837158,1.440000057220459,1.4450000524520874,6597.0
2024-03-01 15:59:00,IMVT,35.279998779296875,35.279998779296875,35.31999969482422,35.25,35.27000045776367,46624.0
2024-03-01 15:59:00,INAB,1.0800000429153442,1.0800000429153442,1.090000033378601,1.0800000429153442,1.090000033378601,1607.0
2024-03-01 15:59:00,INBX,36.45000076293945,36.45000076293945,36.5099983215332,36.400001525878906,36.5,47326.0
2024-03-01 15:59:00,INCR,1.9800000190734863,1.9800000190734863,1.9900000095367432,1.9800000190734863,1.9900000095367432,972.0
2024-03-01 15:59:00,INCY,59.040000915527344,59.040000915527344,59.099998474121094,59.040000915527344,59.09000015258789,34583.0
2024-03-01 15:59:00,INDP,2.100100040435791,2.100100040435791,2.119999885559082,2.100100040435791,2.119999885559082,668.0
2024-03-01 15:59:00,INGN,7.03000020980835,7.03000020980835,7.03000020980835,7.0,7.005000114440918,11860.0
2024-03-01 15:59:00,INM,0.4004000127315521,0.4004000127315521,0.4050000011920929,0.4004000127315521,0.4050000011920929,2310.0
2024-03-01 15:59:00,INMB,12.529999732971191,12.529999732971191,12.550000190734863,12.489999771118164,12.489999771118164,1642.0
2024-03-01 15:59:00,INMD,22.950000762939453,22.950000762939453,22.950000762939453,22.940000534057617,22.950000762939453,36557.0
2024-03-01 15:59:00,INNV,4.809999942779541,4.809999942779541,4.869999885559082,4.809999942779541,4.849999904632568,1126.0
2024-03-01 15:59:00,INO,9.539999961853027,9.539999961853027,9.5600004196167,9.520000457763672,9.520000457763672,4691.0
2024-03-01 15:59:00,INSM,28.06999969482422,28.06999969482422,28.09000015258789,28.0,28.0,90228.0
2024-03-01 15:59:00,INVA,15.220000267028809,15.220000267028809,15.265000343322754,15.210000038146973,15.265000343322754,51442.0
2024-03-01 15:59:00,INZY,6.53000020980835,6.53000020980835,6.55049991607666,6.53000020980835,6.550000190734863,6196.0
2024-03-01 15:59:00,IOBT,1.75,1.75,1.7999999523162842,1.7100000381469727,1.7472000122070312,2400.0
2024-03-01 15:59:00,IONM,0.3596999943256378,0.3596999943256378,0.3598000109195709,0.35899999737739563,0.35899999737739563,724.0
2024-03-01 15:59:00,IONS,45.45000076293945,45.45000076293945,45.5,45.41999816894531,45.474998474121094,71234.0
2024-03-01 15:59:00,IOVA,16.780000686645508,16.780000686645508,16.790000915527344,16.760000228881836,16.774999618530273,157805.0
2024-03-01 15:59:00,IPA,1.8799999952316284,1.8799999952316284,1.8799999952316284,1.8799999952316284,1.8799999952316284,1731.0
2024-03-01 15:59:00,IPHA,2.619999885559082,2.619999885559082,2.619999885559082,2.619999885559082,2.619999885559082,270.0
2024-03-01 15:59:00,IPSC,3.9700000286102295,3.9700000286102295,3.990000009536743,3.9600000381469727,3.9800000190734863,10225.0
2024-03-01 15:59:00,IRIX,2.6500000953674316,2.6500000953674316,2.6500000953674316,2.6500000953674316,2.6500000953674316,1056.0
2024-03-01 15:59:00,IRMD,42.20000076293945,42.20000076293945,42.29999923706055,42.095001220703125,42.17499923706055,8253.0
2024-03-01 15:59:00,IRTC,120.52999877929688,120.52999877929688,120.63999938964844,120.48500061035156,120.62000274658203,13217.0
2024-03-01 15:59:00,IRWD,9.0600004196167,9.0600004196167,9.109999656677246,9.0600004196167,9.079999923706055,514078.0
2024-03-01 15:59:00,ISRG,397.9599914550781,397.9599914550781,398.3599853515625,397.7900085449219,397.8299865722656,95779.0
2024-03-01 15:59:00,ITCI,71.4800033569336,71.4800033569336,71.58999633789062,71.4800033569336,71.58999633789062,27580.0
2024-03-01 15:59:00,ITOS,11.279999732971191,11.279999732971191,11.289999961853027,11.270000457763672,11.279999732971191,5158.0
2024-03-01 15:59:00,ITRM,1.2899999618530273,1.2899999618530273,1.2899999618530273,1.284999966621399,1.284999966621399,822.0
2024-03-01 15:59:00,IVVD,4.070000171661377,4.070000171661377,4.070000171661377,4.045000076293945,4.045000076293945,14114.0
2024-03-01 15:59:00,IXHL,5.510000228881836,5.510000228881836,5.510000228881836,5.46999979019165,5.510000228881836,1901.0
2024-03-01 15:59:00,JAGX,0.08815000206232071,0.08815000206232071,0.08820000290870667,0.08699999749660492,0.08699999749660492,1191911.0
2024-03-01 15:59:00,JANX,47.66999816894531,47.66999816894531,47.689998626708984,47.51060104370117,47.59000015258789,50238.0
2024-03-01 15:59:00,JAZZ,118.86000061035156,118.86000061035156,118.86000061035156,118.70999908447266,118.70999908447266,15292.0
2024-03-01 15:59:00,JSPR,22.06999969482422,22.06999969482422,22.06999969482422,21.850000381469727,21.90999984741211,12887.0
2024-03-01 15:59:00,JYNT,9.869999885559082,9.869999885559082,9.90999984741211,9.869999885559082,9.869999885559082,2671.0
2024-03-01 15:59:00,KALV,14.170000076293945,14.170000076293945,14.170000076293945,14.140000343322754,14.140000343322754,7562.0
2024-03-01 15:59:00,KIDS,28.049999237060547,28.049999237060547,28.1200008392334,28.020000457763672,28.06999969482422,8205.0
2024-03-01 15:59:00,KMDA,6.369999885559082,6.369999885559082,6.369999885559082,6.369999885559082,6.369999885559082,240.0
2024-03-01 15:59:00,KNSA,21.739999771118164,21.739999771118164,21.739999771118164,21.68000030517578,21.690000534057617,11735.0
2024-03-01 15:59:00,KNTE,2.5799999237060547,2.5799999237060547,2.5899999141693115,2.5799999237060547,2.5799999237060547,7817.0
2024-03-01 15:59:00,KOD,6.014999866485596,6.014999866485596,6.025000095367432,6.010000228881836,6.019999980926514,7078.0
2024-03-01 15:59:00,KPRX,0.6575000286102295,0.6575000286102295,0.6575009822845459,0.6575000286102295,0.6575009822845459,903.0
2024-03-01 15:59:00,KPTI,1.1799999475479126,1.1799999475479126,1.190000057220459,1.1799999475479126,1.184999942779541,13491.0
2024-03-01 15:59:00,KRMD,2.109999895095825,2.109999895095825,2.140000104904175,2.109999895095825,2.130000114440918,2968.0
2024-03-01 15:59:00,KRON,1.0199999809265137,1.0199999809265137,1.0449999570846558,1.0199999809265137,1.0400999784469604,85024.0
2024-03-01 15:59:00,KROS,68.72000122070312,68.72000122070312,68.83000183105469,68.72000122070312,68.75,8130.0
2024-03-01 15:59:00,KRTX,316.1700134277344,316.1700134277344,316.2900085449219,315.989990234375,316.0799865722656,7455.0
2024-03-01 15:59:00,KRYS,167.99000549316406,167.99000549316406,168.0,167.5500030517578,167.57000732421875,22351.0
2024-03-01 15:59:00,KTRA,0.10029999911785126,0.10029999911785126,0.10029999911785126,0.10029999911785126,0.10029999911785126,363.0
2024-03-01 15:59:00,KURA,21.579999923706055,21.579999923706055,21.6200008392334,21.56999969482422,21.610000610351562,26904.0
2024-03-01 15:59:00,KYMR,43.4900016784668,43.4900016784668,43.53499984741211,43.4900016784668,43.5,18546.0
2024-03-01 15:59:00,KZIA,0.25690001249313354,0.25690001249313354,0.25690001249313354,0.25600001215934753,0.25690001249313354,11932.0
2024-03-01 15:59:00,KZR,1.0299999713897705,1.0299999713897705,1.0399999618530273,1.0199999809265137,1.0399999618530273,13583.0
2024-03-01 15:59:00,LAB,2.5,2.5,2.5,2.4825000762939453,2.490000009536743,116687.0
2024-03-01 15:59:00,LBPH,21.389999389648438,21.389999389648438,21.510000228881836,21.309999465942383,21.510000228881836,11951.0
2024-03-01 15:59:00,LEGN,65.51000213623047,65.51000213623047,65.5199966430664,65.45999908447266,65.4800033569336,14121.0
2024-03-01 15:59:00,LEXX,2.900099992752075,2.900099992752075,2.930000066757202,2.900099992752075,2.9100000858306885,2427.0
2024-03-01 15:59:00,LFLY,2.950000047683716,2.950000047683716,2.950000047683716,2.950000047683716,2.950000047683716,317.0
2024-03-01 15:59:00,LFMD,8.0,8.0,8.0,7.989999771118164,8.0,20038.0
2024-03-01 15:59:00,LFST,7.789999961853027,7.789999961853027,7.789999961853027,7.764999866485596,7.764999866485596,42670.0
2024-03-01 15:59:00,LGND,78.58999633789062,78.58999633789062,78.77999877929688,78.23999786376953,78.44000244140625,8967.0
2024-03-01 15:59:00,LGVN,0.5354999899864197,0.5354999899864197,0.5354999899864197,0.5313000082969666,0.5327500104904175,1597.0
2024-03-01 15:59:00,LIAN,4.880000114440918,4.880000114440918,4.880000114440918,4.869999885559082,4.880000114440918,16654.0
2024-03-01 15:59:00,LIFE,1.909999966621399,1.909999966621399,1.909999966621399,1.899999976158142,1.909999966621399,1590.0
2024-03-01 15:59:00,LIVN,55.20000076293945,55.20000076293945,55.25,55.20000076293945,55.25,13161.0
2024-03-01 15:59:00,LMAT,67.58999633789062,67.58999633789062,67.62999725341797,67.5250015258789,67.58000183105469,7917.0
2024-03-01 15:59:00,LNSR,4.869999885559082,4.869999885559082,4.869999885559082,4.784800052642822,4.784800052642822,667.0
2024-03-01 15:59:00,LNTH,64.63999938964844,64.63999938964844,64.6500015258789,64.5199966430664,64.52999877929688,24333.0
2024-03-01 15:59:00,LPTX,2.8499999046325684,2.8499999046325684,2.859999895095825,2.819999933242798,2.8450000286102295,4626.0
2024-03-01 15:59:00,LQDA,14.520000457763672,14.520000457763672,14.520000457763672,14.489999771118164,14.489999771118164,12926.0
2024-03-01 15:59:00,LRMR,11.329999923706055,11.329999923706055,11.345000267028809,11.319999694824219,11.324999809265137,5457.0
2024-03-01 15:59:00,LTRN,4.119999885559082,4.119999885559082,4.159999847412109,4.119999885559082,4.119999885559082,2709.0
2024-03-01 15:59:00,LUCD,1.2300000190734863,1.2300000190734863,1.2400000095367432,1.2300000190734863,1.2400000095367432,423.0
2024-03-01 15:59:00,LUNG,9.300000190734863,9.300000190734863,9.319999694824219,9.279999732971191,9.300000190734863,13739.0
2024-03-01 15:59:00,LVTX,2.2300000190734863,2.2300000190734863,2.349900007247925,2.1500000953674316,2.3299999237060547,72789.0
2024-03-01 15:59:00,LXRX,2.4649999141693115,2.4649999141693115,2.4800000190734863,2.4600000381469727,2.4749999046325684,98754.0
2024-03-01 15:59:00,LYEL,3.069999933242798,3.069999933242798,3.0799999237060547,3.069999933242798,3.075000047683716,10104.0
2024-03-01 15:59:00,LYRA,5.690000057220459,5.690000057220459,5.690000057220459,5.659999847412109,5.659999847412109,6950.0
2024-03-01 15:59:00,MACK,14.729999542236328,14.729999542236328,14.729999542236328,14.720000267028809,14.720000267028809,1580.0
2024-03-01 15:59:00,MASI,126.5199966430664,126.5199966430664,126.55000305175781,126.47000122070312,126.52999877929688,13378.0
2024-03-01 15:59:00,MASS,7.329999923706055,7.329999923706055,7.360000133514404,7.320000171661377,7.329999923706055,6476.0
2024-03-01 15:59:00,MBOT,1.3069000244140625,1.3069000244140625,1.3069000244140625,1.2999999523162842,1.2999999523162842,483.0
2024-03-01 15:59:00,MBRX,0.6299999952316284,0.6299999952316284,0.6299999952316284,0.6222000122070312,0.6222000122070312,342.0
2024-03-01 15:59:00,MCRB,1.2200000286102295,1.2200000286102295,1.2300000190734863,1.2200000286102295,1.2200000286102295,41589.0
2024-03-01 15:59:00,MDGL,251.33999633789062,251.33999633789062,251.86000061035156,251.07000732421875,251.30499267578125,15488.0
2024-03-01 15:59:00,MDRX,6.139999866485596,6.139999866485596,6.199999809265137,6.099999904632568,6.119999885559082,1461675.0
2024-03-01 15:59:00,MDWD,14.09000015258789,14.09000015258789,14.09000015258789,14.050000190734863,14.050000190734863,345.0
2024-03-01 15:59:00,MDXG,8.628999710083008,8.628999710083008,8.649999618530273,8.619999885559082,8.630000114440918,53485.0
2024-03-01 15:59:00,MDXH,3.7200000286102295,3.7200000286102295,3.7200000286102295,3.69569993019104,3.69569993019104,1336.0
2024-03-01 15:59:00,ME,0.5496000051498413,0.5496000051498413,0.5522000193595886,0.5447999835014343,0.5447999835014343,94550.0
2024-03-01 15:59:00,MEDP,403.95001220703125,403.95001220703125,403.9700012207031,402.8399963378906,403.6000061035156,12155.0
2024-03-01 15:59:00,MEDS,9.130000114440918,9.130000114440918,9.130000114440918,9.109999656677246,9.109999656677246,1013.0
2024-03-01 15:59:00,MEIP,4.25,4.25,4.25,4.25,4.25,196.0
2024-03-01 15:59:00,MESO,2.0299999713897705,2.0299999713897705,2.0299999713897705,2.0299999713897705,2.0299999713897705,201.0
2024-03-01 15:59:00,MGNX,19.05500030517578,19.05500030517578,19.064199447631836,19.0,19.0,36627.0
2024-03-01 15:59:00,MGTX,6.400000095367432,6.400000095367432,6.409999847412109,6.389999866485596,6.400000095367432,7075.0
2024-03-01 15:59:00,MIRM,29.290000915527344,29.290000915527344,29.309999465942383,29.209999084472656,29.209999084472656,15466.0
2024-03-01 15:59:00,MIST,1.649999976158142,1.649999976158142,1.6549999713897705,1.649999976158142,1.649999976158142,10938.0
2024-03-01 15:59:00,MLTX,50.9900016784668,50.9900016784668,51.040000915527344,50.90999984741211,50.93000030517578,23880.0
2024-03-01 15:59:00,MMSI,76.2300033569336,76.2300033569336,76.26000213623047,76.19999694824219,76.2300033569336,4984.0
2024-03-01 15:59:00,MNKD,4.494999885559082,4.494999885559082,4.510000228881836,4.480000019073486,4.5,112947.0
2024-03-01 15:59:00,MNMD,6.222099781036377,6.222099781036377,6.230000019073486,6.21999979019165,6.21999979019165,17446.0
2024-03-01 15:59:00,MNPR,0.899399995803833,0.899399995803833,0.9110999703407288,0.8953999876976013,0.8953999876976013,2070.0
2024-03-01 15:59:00,MODD,1.9500000476837158,1.9500000476837158,1.9500000476837158,1.9486000537872314,1.9486000537872314,6815.0
2024-03-01 15:59:00,MODV,28.420000076293945,28.420000076293945,28.420000076293945,28.290000915527344,28.329999923706055,10630.0
2024-03-01 15:59:00,MOR,17.700000762939453,17.700000762939453,17.700000762939453,17.690000534057617,17.700000762939453,8197.0
2024-03-01 15:59:00,MORF,39.529998779296875,39.529998779296875,39.59000015258789,39.459999084472656,39.47999954223633,19275.0
2024-03-01 15:59:00,MOVE,0.5649999976158142,0.5649999976158142,0.5649999976158142,0.5649999976158142,0.5649999976158142,427.0
2024-03-01 15:59:00,MRAI,1.6100000143051147,1.6100000143051147,1.6100000143051147,1.6100000143051147,1.6100000143051147,368.0
2024-03-01 15:59:00,MREO,3.9700000286102295,3.9700000286102295,3.9700000286102295,3.9649999141693115,3.9649999141693115,10653.0
2024-03-01 15:59:00,MRKR,3.7100000381469727,3.7100000381469727,3.7100000381469727,3.7100000381469727,3.7100000381469727,277.0
2024-03-01 15:59:00,MRNA,95.02999877929688,95.02999877929688,95.13999938964844,95.0199966430664,95.08999633789062,68167.0
2024-03-01 15:59:00,MRNS,9.920000076293945,9.920000076293945,9.920000076293945,9.890000343322754,9.895000457763672,8271.0
2024-03-01 15:59:00,MRSN,5.921199798583984,5.921199798583984,5.929999828338623,5.909999847412109,5.925000190734863,81976.0
2024-03-01 15:59:00,MRUS,51.83000183105469,51.83000183105469,51.834999084472656,51.7599983215332,51.775001525878906,20135.0
2024-03-01 15:59:00,MRVI,7.5904998779296875,7.5904998779296875,7.610000133514404,7.579999923706055,7.585000038146973,67322.0
2024-03-01 15:59:00,MTEM,3.680000066757202,3.680000066757202,3.740000009536743,3.680000066757202,3.740000009536743,537.0
2024-03-01 15:59:00,MXCT,4.710000038146973,4.710000038146973,4.71999979019165,4.710000038146973,4.715000152587891,5841.0
2024-03-01 15:59:00,MYGN,22.18000030517578,22.18000030517578,22.209999084472656,22.15999984741211,22.170000076293945,22206.0
2024-03-01 15:59:00,MYMD,3.3299999237060547,3.3299999237060547,3.3299999237060547,3.2899999618530273,3.2899999618530273,675.0
2024-03-01 15:59:00,NARI,45.38999938964844,45.38999938964844,45.40999984741211,45.33000183105469,45.39500045776367,52325.0
2024-03-01 15:59:00,NAUT,2.7200000286102295,2.7200000286102295,2.7200000286102295,2.7200000286102295,2.7200000286102295,519.0
2024-03-01 15:59:00,NBIX,131.36000061035156,131.36000061035156,131.38999938964844,131.3000030517578,131.3000030517578,26981.0
2024-03-01 15:59:00,NCNA,0.3199999928474426,0.3199999928474426,0.3199999928474426,0.3199000060558319,0.3199000060558319,5674.0
2024-03-01 15:59:00,NEO,15.970000267028809,15.970000267028809,15.989999771118164,15.954999923706055,15.970000267028809,33212.0
2024-03-01 15:59:00,NEOG,17.200000762939453,17.200000762939453,17.219999313354492,17.200000762939453,17.209999084472656,17467.0
2024-03-01 15:59:00,NEPT,0.4189000129699707,0.4189000129699707,0.4189999997615814,0.41510000824928284,0.4189999997615814,2394.0
2024-03-01 15:59:00,NERV,2.5999999046325684,2.5999999046325684,2.5999999046325684,2.5999999046325684,2.5999999046325684,1899.0
2024-03-01 15:59:00,NEXI,6.190000057220459,6.190000057220459,6.21999979019165,6.190000057220459,6.21999979019165,848.0
2024-03-01 15:59:00,NGM,1.5199999809265137,1.5199999809265137,1.524999976158142,1.5199999809265137,1.5199999809265137,22660.0
2024-03-01 15:59:00,NKTR,0.7799999713897705,0.7799999713897705,0.7799999713897705,0.7601000070571899,0.7699999809265137,22165.0
2024-03-01 15:59:00,NKTX,12.850000381469727,12.850000381469727,12.880000114440918,12.829000473022461,12.829999923706055,12185.0
2024-03-01 15:59:00,NLSP,0.37450000643730164,0.37450000643730164,0.37450000643730164,0.35760000348091125,0.35760000348091125,1787.0
2024-03-01 15:59:00,NMTC,1.2400000095367432,1.2400000095367432,1.2400000095367432,1.2280000448226929,1.2280000448226929,1765.0
2024-03-01 15:59:00,NNOX,11.119999885559082,11.119999885559082,11.119999885559082,11.108699798583984,11.119999885559082,26260.0
2024-03-01 15:59:00,NOTV,7.96999979019165,7.96999979019165,7.980000019073486,7.929999828338623,7.960000038146973,6800.0
2024-03-01 15:59:00,NPCE,16.010000228881836,16.010000228881836,16.100000381469727,16.010000228881836,16.06999969482422,5386.0
2024-03-01 15:59:00,NRBO,6.230000019073486,6.230000019073486,6.239999771118164,6.110000133514404,6.230000019073486,11738.0
2024-03-01 15:59:00,NRC,40.51499938964844,40.51499938964844,40.68000030517578,40.5,40.61000061035156,4645.0
2024-03-01 15:59:00,NRIX,13.539999961853027,13.539999961853027,13.65999984741211,13.529999732971191,13.539999961853027,46995.0
2024-03-01 15:59:00,NRSN,2.049999952316284,2.049999952316284,2.051100015640259,2.049999952316284,2.051100015640259,1629.0
2024-03-01 15:59:00,NRXP,0.4375,0.4375,0.43810001015663147,0.4337489902973175,0.4352000057697296,15569.0
2024-03-01 15:59:00,NTLA,32.66999816894531,32.66999816894531,32.72999954223633,32.630001068115234,32.6349983215332,92358.0
2024-03-01 15:59:00,NTRA,89.37100219726562,89.37100219726562,89.56999969482422,89.33999633789062,89.55999755859375,61844.0
2024-03-01 15:59:00,NUTX,0.11299999803304672,0.11299999803304672,0.11299999803304672,0.11270000040531158,0.11270000040531158,16082.0
2024-03-01 15:59:00,NUVL,87.18000030517578,87.18000030517578,87.27999877929688,87.16999816894531,87.20999908447266,17951.0
2024-03-01 15:59:00,NUWE,0.5877000093460083,0.5877000093460083,0.5989999771118164,0.5839999914169312,0.5950000286102295,4970.0
2024-03-01 15:59:00,NVAX,5.380000114440918,5.380000114440918,5.400000095367432,5.380000114440918,5.380000114440918,267641.0
2024-03-01 15:59:00,NVCR,16.25,16.25,16.280000686645508,16.25,16.274999618530273,17700.0
2024-03-01 15:59:00,NVCT,10.75,10.75,10.789999961853027,10.680000305175781,10.680000305175781,6274.0
2024-03-01 15:59:00,NVNO,6.460000038146973,6.460000038146973,6.489999771118164,6.454999923706055,6.46999979019165,2986.0
2024-03-01 15:59:00,NVOS,0.6489999890327454,0.6489999890327454,0.6489999890327454,0.6341000199317932,0.6341000199317932,8146.0
2024-03-01 15:59:00,NXTC,1.7999999523162842,1.7999999523162842,1.7999999523162842,1.7899999618530273,1.7999999523162842,1407.0
2024-03-01 15:59:00,OCGN,0.953000009059906,0.953000009059906,0.9599999785423279,0.953000009059906,0.9564999938011169,26369.0
2024-03-01 15:59:00,OCUL,10.739999771118164,10.739999771118164,10.760000228881836,10.729999542236328,10.75,48892.0
2024-03-01 15:59:00,OCUP,2.5299999713897705,2.5299999713897705,2.5299999713897705,2.528700113296509,2.5299999713897705,1574.0
2024-03-01 15:59:00,OCX,3.0250000953674316,3.0250000953674316,3.0250000953674316,2.9800000190734863,2.9800000190734863,2011.0
2024-03-01 15:59:00,OFIX,13.0,13.0,13.020000457763672,12.984999656677246,12.994999885559082,6367.0
2024-03-01 15:59:00,OGI,2.1700000762939453,2.1700000762939453,2.1700000762939453,2.1600000858306885,2.1700000762939453,23454.0
2024-03-01 15:59:00,OKYO,1.4600000381469727,1.4600000381469727,1.4600000381469727,1.4600000381469727,1.4600000381469727,510.0
2024-03-01 15:59:00,OLK,23.0049991607666,23.0049991607666,23.010000228881836,23.0,23.0049991607666,14037.0
2024-03-01 15:59:00,OLMA,14.800000190734863,14.800000190734863,14.824999809265137,14.789999961853027,14.789999961853027,28509.0
2024-03-01 15:59:00,OM,3.0899999141693115,3.0899999141693115,3.0999999046325684,3.0799999237060547,3.0950000286102295,16574.0
2024-03-01 15:59:00,OMCL,26.34000015258789,26.34000015258789,26.3799991607666,26.309999465942383,26.354999542236328,20215.0
2024-03-01 15:59:00,OMER,4.775000095367432,4.775000095367432,4.78000020980835,4.769999980926514,4.769999980926514,5074.0
2024-03-01 15:59:00,OMGA,4.28000020980835,4.28000020980835,4.289999961853027,4.28000020980835,4.289999961853027,11585.0
2024-03-01 15:59:00,OMIC,0.6148999929428101,0.6148999929428101,0.6148999929428101,0.6100000143051147,0.6100000143051147,902.0
2024-03-01 15:59:00,ONCY,1.1200000047683716,1.1200000047683716,1.1200000047683716,1.1100000143051147,1.1200000047683716,10343.0
